TradDt,BizDt,Sgmt,Src,FinInstrmTp,FinInstrmId,ISIN,TckrSymb,SctySrs,XpryDt,FininstrmActlXpryDt,StrkPric,OptnTp,FinInstrmNm,OpnPric,HghPric,LwPric,ClsPric,LastPric,PrvsClsgPric,UndrlygPric,SttlmPric,OpnIntrst,ChngInOpnIntrst,TtlTradgVol,TtlTrfVal,TtlNbOfTxsExctd,SsnId,NewBrdLotQty,Rmks,Rsvd1,Rsvd2,Rsvd3,Rsvd4
2026-02-18,2026-02-18,FO,NSE,STO,76102,,ABCAPITAL,,2026-04-28,2026-04-28,360.0,PE,ABCAPITAL26APR360PE,0.0,0.0,0.0,29.0,0.0,29.0,349.55,22.55,0,0,0,0.0,0,F1,3100,,,,,
2026-02-18,2026-02-18,FO,NSE,STO,57415,,ABCAPITAL,,2026-02-24,2026-02-24,385.0,CE,ABCAPITAL26FEB385CE,0.25,0.25,0.2,0.2,0.2,0.35,349.55,0.2,523900,-12400,19,22689520.0,16,F1,3100,,,,,
2026-02-18,2026-02-18,FO,NSE,STO,57381,,ABCAPITAL,,2026-02-24,2026-02-24,295.0,CE,ABCAPITAL26FEB295CE,0.0,0.0,0.0,59.75,0.0,59.75,349.55,54.8,0,0,0,0.0,0,F1,3100,,,,,
2026-02-18,2026-02-18,FO,NSE,STO,76094,,ABCAPITAL,,2026-04-28,2026-04-28,320.0,PE,ABCAPITAL26APR320PE,0.0,0.0,0.0,11.35,0.0,11.35,349.55,6.05,0,0,0,0.0,0,F1,3100,,,,,
2026-02-18,2026-02-18,FO,NSE,STO,75789,,ABCAPITAL,,2026-03-30,2026-03-30,335.0,PE,ABCAPITAL26MAR335PE,6.4,6.65,5.7,5.7,5.7,9.0,349.55,5.7,31000,21700,14,14808390.0,13,F1,3100,,,,,
2026-02-18,2026-02-18,FO,NSE,STO,57414,,ABCAPITAL,,2026-02-24,2026-02-24,375.0,PE,ABCAPITAL26FEB375PE,0.0,0.0,0.0,34.4,0.0,34.4,349.55,25.35,0,0,0,0.0,0,F1,3100,,,,,
2026-02-18,2026-02-18,FO,NSE,STO,69411,,ABCAPITAL,,2026-02-24,2026-02-24,350.0,PE,ABCAPITAL26FEB350PE,7.95,8.0,4.95,5.3,5.4,7.05,349.55,5.3,1023000,-58900,460,507709010.0,434,F1,3100,,,,,
2026-02-18,2026-02-18,FO,NSE,STO,69389,,ABCAPITAL,,2026-02-24,2026-02-24,340.0,PE,ABCAPITAL26FEB340PE,3.1,3.2,1.55,1.7,1.7,2.85,349.55,1.7,1212100,49600,807,855865825.0,526,F1,3100,,,,,
2026-02-18,2026-02-18,FO,NSE,STO,69323,,ABCAPITAL,,2026-02-24,2026-02-24,300.0,PE,ABCAPITAL26FEB300PE,0.15,0.15,0.1,0.15,0.15,0.2,349.55,0.15,486700,-68200,43,40005500.0,24,F1,3100,,,,,
2026-02-18,2026-02-18,FO,NSE,STO,76109,,ABCAPITAL,,2026-04-28,2026-04-28,400.0,CE,ABCAPITAL26APR400CE,0.0,0.0,0.0,10.75,0.0,10.75,349.55,4.85,0,0,0,0.0,0,F1,3100,,,,,
2026-02-18,2026-02-18,FO,NSE,STO,76099,,ABCAPITAL,,2026-04-28,2026-04-28,350.0,CE,ABCAPITAL26APR350CE,17.25,17.25,17.25,17.25,17.25,15.1,349.55,20.35,12400,-3100,1,1138475.0,1,F1,3100,,,,,
2026-02-18,2026-02-18,FO,NSE,STO,76081,,ABCAPITAL,,2026-04-28,2026-04-28,260.0,CE,ABCAPITAL26APR260CE,0.0,0.0,0.0,94.0,0.0,94.0,349.55,92.4,0,0,0,0.0,0,F1,3100,,,,,
2026-02-18,2026-02-18,FO,NSE,STO,76096,,ABCAPITAL,,2026-04-28,2026-04-28,330.0,PE,ABCAPITAL26APR330PE,0.0,0.0,0.0,14.85,0.0,14.85,349.55,8.95,0,0,0,0.0,0,F1,3100,,,,,
2026-02-18,2026-02-18,FO,NSE,STO,75820,,ABCAPITAL,,2026-03-30,2026-03-30,385.0,CE,ABCAPITAL26MAR385CE,0.0,0.0,0.0,3.0,3.0,3.0,349.55,3.9,89900,0,0,0.0,0,F1,3100,,,,,
2026-02-18,2026-02-18,FO,NSE,STO,57614,,ABCAPITAL,,2026-03-30,2026-03-30,390.0,CE,ABCAPITAL26MAR390CE,0.0,0.0,0.0,2.7,2.7,2.7,349.55,3.1,18600,0,0,0.0,0,F1,3100,,,,,
2026-02-18,2026-02-18,FO,NSE,STO,76091,,ABCAPITAL,,2026-04-28,2026-04-28,310.0,CE,ABCAPITAL26APR310CE,0.0,0.0,0.0,52.1,0.0,52.1,349.55,46.65,0,0,0,0.0,0,F1,3100,,,,,
2026-02-18,2026-02-18,FO,NSE,STO,76107,,ABCAPITAL,,2026-04-28,2026-04-28,390.0,CE,ABCAPITAL26APR390CE,0.0,0.0,0.0,13.15,0.0,13.15,349.55,6.65,0,0,0,0.0,0,F1,3100,,,,,
2026-02-18,2026-02-18,FO,NSE,STO,57406,,ABCAPITAL,,2026-02-24,2026-02-24,345.0,PE,ABCAPITAL26FEB345PE,5.55,5.55,2.85,3.1,3.05,4.7,349.55,3.1,722300,71300,691,746924230.0,649,F1,3100,,,,,
2026-02-18,2026-02-18,FO,NSE,STO,57416,,ABCAPITAL,,2026-02-24,2026-02-24,385.0,PE,ABCAPITAL26FEB385PE,0.0,0.0,0.0,39.7,39.7,39.7,349.55,35.15,27900,0,0,0.0,0,F1,3100,,,,,
2026-02-18,2026-02-18,FO,NSE,STO,75777,,ABCAPITAL,,2026-03-30,2026-03-30,315.0,PE,ABCAPITAL26MAR315PE,2.0,2.0,2.0,2.0,2.0,6.55,349.55,2.45,6200,3100,1,982700.0,1,F1,3100,,,,,
2026-02-18,2026-02-18,FO,NSE,STO,76106,,ABCAPITAL,,2026-04-28,2026-04-28,380.0,PE,ABCAPITAL26APR380PE,0.0,0.0,0.0,41.35,0.0,41.35,349.55,35.55,0,0,0,0.0,0,F1,3100,,,,,
2026-02-18,2026-02-18,FO,NSE,STO,69421,,ABCAPITAL,,2026-02-24,2026-02-24,360.0,CE,ABCAPITAL26FEB360CE,2.5,2.65,1.45,1.7,1.6,2.55,349.55,1.7,2563700,-198400,1192,1337370070.0,756,F1,3100,,,,,
2026-02-18,2026-02-18,FO,NSE,STO,57602,,ABCAPITAL,,2026-03-30,2026-03-30,340.0,CE,ABCAPITAL26MAR340CE,18.7,19.75,17.65,18.5,18.35,18.4,349.55,18.5,111600,37200,20,22225915.0,20,F1,3100,,,,,
2026-02-18,2026-02-18,FO,NSE,STO,57407,,ABCAPITAL,,2026-02-24,2026-02-24,355.0,CE,ABCAPITAL26FEB355CE,3.0,4.15,2.45,2.9,2.8,3.95,349.55,2.9,1388800,-406100,1145,1271642785.0,938,F1,3100,,,,,
2026-02-18,2026-02-18,FO,NSE,STO,69443,,ABCAPITAL,,2026-02-24,2026-02-24,410.0,CE,ABCAPITAL26FEB410CE,0.1,0.1,0.1,0.1,0.1,0.1,349.55,0.05,452600,-3100,4,5085240.0,4,F1,3100,,,,,
2026-02-18,2026-02-18,FO,NSE,STO,75816,,ABCAPITAL,,2026-03-30,2026-03-30,375.0,CE,ABCAPITAL26MAR375CE,5.3,5.3,3.55,3.55,3.55,5.2,349.55,6.0,18600,0,4,4706730.0,4,F1,3100,,,,,
2026-02-18,2026-02-18,FO,NSE,STO,75766,,ABCAPITAL,,2026-03-30,2026-03-30,305.0,CE,ABCAPITAL26MAR305CE,0.0,0.0,0.0,51.75,0.0,51.75,349.55,47.65,0,0,0,0.0,0,F1,3100,,,,,
2026-02-18,2026-02-18,FO,NSE,STO,75764,,ABCAPITAL,,2026-03-30,2026-03-30,295.0,CE,ABCAPITAL26MAR295CE,0.0,0.0,0.0,60.0,0.0,60.0,349.55,56.9,0,0,0,0.0,0,F1,3100,,,,,
2026-02-18,2026-02-18,FO,NSE,STO,57413,,ABCAPITAL,,2026-02-24,2026-02-24,375.0,CE,ABCAPITAL26FEB375CE,0.55,0.7,0.35,0.4,0.4,0.75,349.55,0.4,486700,-186000,240,279347975.0,151,F1,3100,,,,,
2026-02-18,2026-02-18,FO,NSE,STO,69410,,ABCAPITAL,,2026-02-24,2026-02-24,350.0,CE,ABCAPITAL26FEB350CE,5.05,6.3,3.9,4.8,4.7,5.85,349.55,4.8,1708100,-263500,1312,1443909630.0,1164,F1,3100,,,,,
2026-02-18,2026-02-18,FO,NSE,STO,57383,,ABCAPITAL,,2026-02-24,2026-02-24,305.0,CE,ABCAPITAL26FEB305CE,0.0,0.0,0.0,29.9,33.55,29.9,349.55,44.85,27900,0,0,0.0,0,F1,3100,,,,,
2026-02-18,2026-02-18,FO,NSE,STF,66695,,ABCAPITAL,,2026-04-28,2026-04-28,,,ABCAPITAL26APRFUT,353.5,353.75,351.95,352.9,352.9,351.95,349.55,352.9,151900,-3100,13,14217685.0,11,F1,3100,,,,,
2026-02-18,2026-02-18,FO,NSE,STO,57390,,ABCAPITAL,,2026-02-24,2026-02-24,315.0,PE,ABCAPITAL26FEB315PE,0.3,0.3,0.2,0.2,0.2,0.45,349.55,0.2,275900,-62000,64,62546065.0,39,F1,3100,,,,,
2026-02-18,2026-02-18,FO,NSE,STO,76114,,ABCAPITAL,,2026-04-28,2026-04-28,420.0,PE,ABCAPITAL26APR420PE,0.0,0.0,0.0,71.65,0.0,71.65,349.55,68.5,0,0,0,0.0,0,F1,3100,,,,,
2026-02-18,2026-02-18,FO,NSE,STO,76100,,ABCAPITAL,,2026-04-28,2026-04-28,350.0,PE,ABCAPITAL26APR350PE,0.0,0.0,0.0,23.7,0.0,23.7,349.55,17.15,0,0,0,0.0,0,F1,3100,,,,,
2026-02-18,2026-02-18,FO,NSE,STO,57569,,ABCAPITAL,,2026-03-30,2026-03-30,280.0,PE,ABCAPITAL26MAR280PE,0.0,0.0,0.0,3.0,0.0,3.0,349.55,0.15,0,0,0,0.0,0,F1,3100,,,,,
2026-02-18,2026-02-18,FO,NSE,STO,76089,,ABCAPITAL,,2026-04-28,2026-04-28,300.0,CE,ABCAPITAL26APR300CE,0.0,0.0,0.0,59.6,0.0,59.6,349.55,55.05,0,0,0,0.0,0,F1,3100,,,,,
2026-02-18,2026-02-18,FO,NSE,STO,57412,,ABCAPITAL,,2026-02-24,2026-02-24,365.0,PE,ABCAPITAL26FEB365PE,17.3,17.3,15.95,16.65,16.65,22.2,349.55,16.65,127100,-6200,17,20110785.0,16,F1,3100,,,,,
2026-02-18,2026-02-18,FO,NSE,STO,76103,,ABCAPITAL,,2026-04-28,2026-04-28,370.0,CE,ABCAPITAL26APR370CE,0.0,0.0,0.0,19.5,0.0,19.5,349.55,12.05,0,0,0,0.0,0,F1,3100,,,,,
2026-02-18,2026-02-18,FO,NSE,STO,57576,,ABCAPITAL,,2026-03-30,2026-03-30,320.0,CE,ABCAPITAL26MAR320CE,33.0,33.0,33.0,33.0,33.0,31.4,349.55,34.8,43400,3100,1,1094300.0,1,F1,3100,,,,,
2026-02-18,2026-02-18,FO,NSE,STO,69441,,ABCAPITAL,,2026-02-24,2026-02-24,400.0,CE,ABCAPITAL26FEB400CE,0.2,0.2,0.05,0.15,0.15,0.2,349.55,0.15,849400,-170500,138,171163090.0,56,F1,3100,,,,,
2026-02-18,2026-02-18,FO,NSE,STO,69327,,ABCAPITAL,,2026-02-24,2026-02-24,310.0,CE,ABCAPITAL26FEB310CE,0.0,0.0,0.0,38.8,38.8,38.8,349.55,39.85,89900,0,0,0.0,0,F1,3100,,,,,
2026-02-18,2026-02-18,FO,NSE,STO,69312,,ABCAPITAL,,2026-02-24,2026-02-24,280.0,CE,ABCAPITAL26FEB280CE,0.0,0.0,0.0,67.25,67.25,67.25,349.55,69.8,6200,0,0,0.0,0,F1,3100,,,,,
2026-02-18,2026-02-18,FO,NSE,STO,76098,,ABCAPITAL,,2026-04-28,2026-04-28,340.0,PE,ABCAPITAL26APR340PE,0.0,0.0,0.0,18.95,0.0,18.95,349.55,12.65,0,0,0,0.0,0,F1,3100,,,,,
2026-02-18,2026-02-18,FO,NSE,STO,57619,,ABCAPITAL,,2026-03-30,2026-03-30,400.0,PE,ABCAPITAL26MAR400PE,0.0,0.0,0.0,48.9,48.9,48.9,349.55,49.95,15500,0,0,0.0,0,F1,3100,,,,,
2026-02-18,2026-02-18,FO,NSE,STO,57617,,ABCAPITAL,,2026-03-30,2026-03-30,390.0,PE,ABCAPITAL26MAR390PE,40.0,40.0,40.0,40.0,40.0,40.55,349.55,41.2,6200,0,1,1333000.0,1,F1,3100,,,,,
2026-02-18,2026-02-18,FO,NSE,STO,75791,,ABCAPITAL,,2026-03-30,2026-03-30,345.0,PE,ABCAPITAL26MAR345PE,10.35,11.05,9.1,9.65,9.65,10.7,349.55,11.1,62000,-15500,62,68264790.0,55,F1,3100,,,,,
2026-02-18,2026-02-18,FO,NSE,STO,76104,,ABCAPITAL,,2026-04-28,2026-04-28,370.0,PE,ABCAPITAL26APR370PE,0.0,0.0,0.0,34.9,0.0,34.9,349.55,28.7,0,0,0,0.0,0,F1,3100,,,,,
2026-02-18,2026-02-18,FO,NSE,STO,75787,,ABCAPITAL,,2026-03-30,2026-03-30,325.0,PE,ABCAPITAL26MAR325PE,3.55,3.55,3.25,3.3,3.25,6.7,349.55,3.3,43400,37200,13,13234210.0,13,F1,3100,,,,,
2026-02-18,2026-02-18,FO,NSE,STO,57409,,ABCAPITAL,,2026-02-24,2026-02-24,365.0,CE,ABCAPITAL26FEB365CE,1.2,1.7,0.8,1.0,0.9,1.65,349.55,1.0,1410500,-241800,496,562854755.0,340,F1,3100,,,,,
2026-02-18,2026-02-18,FO,NSE,STO,57568,,ABCAPITAL,,2026-03-30,2026-03-30,280.0,CE,ABCAPITAL26MAR280CE,0.0,0.0,0.0,76.45,0.0,76.45,349.55,71.4,0,0,0,0.0,0,F1,3100,,,,,
2026-02-18,2026-02-18,FO,NSE,STO,75807,,ABCAPITAL,,2026-03-30,2026-03-30,365.0,CE,ABCAPITAL26MAR365CE,0.0,0.0,0.0,7.2,7.2,7.2,349.55,8.9,15500,0,0,0.0,0,F1,3100,,,,,
2026-02-18,2026-02-18,FO,NSE,STO,75827,,ABCAPITAL,,2026-03-30,2026-03-30,395.0,CE,ABCAPITAL26MAR395CE,0.0,0.0,0.0,7.65,0.0,7.65,349.55,2.45,0,0,0,0.0,0,F1,3100,,,,,
2026-02-18,2026-02-18,FO,NSE,STO,75837,,ABCAPITAL,,2026-03-30,2026-03-30,405.0,CE,ABCAPITAL26MAR405CE,0.0,0.0,0.0,5.8,0.0,5.8,349.55,1.5,0,0,0,0.0,0,F1,3100,,,,,
2026-02-18,2026-02-18,FO,NSE,STO,75817,,ABCAPITAL,,2026-03-30,2026-03-30,375.0,PE,ABCAPITAL26MAR375PE,0.0,0.0,0.0,28.4,28.4,28.4,349.55,29.2,9300,0,0,0.0,0,F1,3100,,,,,
2026-02-18,2026-02-18,FO,NSE,STO,57611,,ABCAPITAL,,2026-03-30,2026-03-30,370.0,PE,ABCAPITAL26MAR370PE,0.0,0.0,0.0,28.65,28.65,28.65,349.55,25.55,313100,0,0,0.0,0,F1,3100,,,,,
2026-02-18,2026-02-18,FO,NSE,STO,57575,,ABCAPITAL,,2026-03-30,2026-03-30,310.0,PE,ABCAPITAL26MAR310PE,2.0,2.0,1.45,1.45,1.45,2.05,349.55,1.8,96100,3100,49,47342270.0,37,F1,3100,,,,,
2026-02-18,2026-02-18,FO,NSE,STO,69437,,ABCAPITAL,,2026-02-24,2026-02-24,390.0,PE,ABCAPITAL26FEB390PE,42.0,42.6,42.0,42.6,42.6,46.2,349.55,40.1,74400,-3100,3,4021010.0,3,F1,3100,,,,,
2026-02-18,2026-02-18,FO,NSE,STO,76101,,ABCAPITAL,,2026-04-28,2026-04-28,360.0,CE,ABCAPITAL26APR360CE,0.0,0.0,0.0,23.4,0.0,23.4,349.55,15.8,0,0,0,0.0,0,F1,3100,,,,,
2026-02-18,2026-02-18,FO,NSE,STO,76087,,ABCAPITAL,,2026-04-28,2026-04-28,290.0,CE,ABCAPITAL26APR290CE,0.0,0.0,0.0,67.6,0.0,67.6,349.55,63.9,0,0,0,0.0,0,F1,3100,,,,,
2026-02-18,2026-02-18,FO,NSE,STO,57604,,ABCAPITAL,,2026-03-30,2026-03-30,350.0,CE,ABCAPITAL26MAR350CE,13.0,14.5,11.8,12.9,13.0,13.7,349.55,12.9,502200,34100,124,139550530.0,104,F1,3100,,,,,
2026-02-18,2026-02-18,FO,NSE,STO,75788,,ABCAPITAL,,2026-03-30,2026-03-30,335.0,CE,ABCAPITAL26MAR335CE,0.0,0.0,0.0,30.7,0.0,30.7,349.55,23.8,0,0,0,0.0,0,F1,3100,,,,,
2026-02-18,2026-02-18,FO,NSE,STO,57403,,ABCAPITAL,,2026-02-24,2026-02-24,335.0,CE,ABCAPITAL26FEB335CE,15.25,16.1,13.45,15.25,15.15,15.5,349.55,15.25,282100,-43400,69,74834465.0,68,F1,3100,,,,,
2026-02-18,2026-02-18,FO,NSE,STO,57570,,ABCAPITAL,,2026-03-30,2026-03-30,290.0,CE,ABCAPITAL26MAR290CE,0.0,0.0,0.0,68.05,0.0,68.05,349.55,61.65,0,0,0,0.0,0,F1,3100,,,,,
2026-02-18,2026-02-18,FO,NSE,STO,57574,,ABCAPITAL,,2026-03-30,2026-03-30,310.0,CE,ABCAPITAL26MAR310CE,0.0,0.0,0.0,39.25,39.25,39.25,349.55,43.2,6200,0,0,0.0,0,F1,3100,,,,,
2026-02-18,2026-02-18,FO,NSE,STO,75776,,ABCAPITAL,,2026-03-30,2026-03-30,315.0,CE,ABCAPITAL26MAR315CE,0.0,0.0,0.0,29.5,29.5,29.5,349.55,38.9,3100,0,0,0.0,0,F1,3100,,,,,
2026-02-18,2026-02-18,FO,NSE,STO,57613,,ABCAPITAL,,2026-03-30,2026-03-30,380.0,PE,ABCAPITAL26MAR380PE,0.0,0.0,0.0,41.65,0.0,41.65,349.55,33.0,0,0,0,0.0,0,F1,3100,,,,,
2026-02-18,2026-02-18,FO,NSE,STO,57428,,ABCAPITAL,,2026-02-24,2026-02-24,395.0,PE,ABCAPITAL26FEB395PE,0.0,0.0,0.0,49.15,0.0,49.15,349.55,45.1,0,0,0,0.0,0,F1,3100,,,,,
2026-02-18,2026-02-18,FO,NSE,STO,57601,,ABCAPITAL,,2026-03-30,2026-03-30,330.0,PE,ABCAPITAL26MAR330PE,4.9,5.25,4.2,4.35,4.2,5.45,349.55,4.35,232500,124000,95,98546520.0,77,F1,3100,,,,,
2026-02-18,2026-02-18,FO,NSE,STO,76097,,ABCAPITAL,,2026-04-28,2026-04-28,340.0,CE,ABCAPITAL26APR340CE,0.0,0.0,0.0,33.05,0.0,33.05,349.55,25.7,0,0,0,0.0,0,F1,3100,,,,,
2026-02-18,2026-02-18,FO,NSE,STO,76108,,ABCAPITAL,,2026-04-28,2026-04-28,390.0,PE,ABCAPITAL26APR390PE,0.0,0.0,0.0,48.3,0.0,48.3,349.55,43.1,0,0,0,0.0,0,F1,3100,,,,,
2026-02-18,2026-02-18,FO,NSE,STO,75790,,ABCAPITAL,,2026-03-30,2026-03-30,345.0,CE,ABCAPITAL26MAR345CE,16.25,17.7,14.4,15.3,15.3,16.2,349.55,17.75,77500,-9300,23,25713260.0,21,F1,3100,,,,,
2026-02-18,2026-02-18,FO,NSE,STO,57572,,ABCAPITAL,,2026-03-30,2026-03-30,300.0,CE,ABCAPITAL26MAR300CE,51.8,51.8,48.95,50.55,50.55,44.5,349.55,52.2,660300,620000,243,263665850.0,119,F1,3100,,,,,
2026-02-18,2026-02-18,FO,NSE,STO,69431,,ABCAPITAL,,2026-02-24,2026-02-24,380.0,CE,ABCAPITAL26FEB380CE,0.35,0.45,0.2,0.25,0.25,0.5,349.55,0.25,759500,-285200,274,323045265.0,184,F1,3100,,,,,
2026-02-18,2026-02-18,FO,NSE,STO,69422,,ABCAPITAL,,2026-02-24,2026-02-24,360.0,PE,ABCAPITAL26FEB360PE,12.7,14.05,11.7,12.35,12.4,14.0,349.55,12.35,412300,-49600,98,113342355.0,98,F1,3100,,,,,
2026-02-18,2026-02-18,FO,NSE,STO,69329,,ABCAPITAL,,2026-02-24,2026-02-24,320.0,CE,ABCAPITAL26FEB320CE,29.5,29.95,29.15,29.15,29.15,29.4,349.55,29.9,207700,0,5,5417560.0,5,F1,3100,,,,,
2026-02-18,2026-02-18,FO,NSE,STO,69444,,ABCAPITAL,,2026-02-24,2026-02-24,410.0,PE,ABCAPITAL26FEB410PE,0.0,0.0,0.0,64.5,64.5,64.5,349.55,60.1,21700,0,0,0.0,0,F1,3100,,,,,
2026-02-18,2026-02-18,FO,NSE,STO,69426,,ABCAPITAL,,2026-02-24,2026-02-24,370.0,PE,ABCAPITAL26FEB370PE,22.3,22.6,20.6,21.25,21.25,26.55,349.55,21.25,387500,-24800,17,20626470.0,17,F1,3100,,,,,
2026-02-18,2026-02-18,FO,NSE,STO,57408,,ABCAPITAL,,2026-02-24,2026-02-24,355.0,PE,ABCAPITAL26FEB355PE,9.1,10.35,8.0,8.45,8.4,10.3,349.55,8.45,235600,-232500,232,261788800.0,165,F1,3100,,,,,
2026-02-18,2026-02-18,FO,NSE,STO,76095,,ABCAPITAL,,2026-04-28,2026-04-28,330.0,CE,ABCAPITAL26APR330CE,0.0,0.0,0.0,38.8,0.0,38.8,349.55,31.9,0,0,0,0.0,0,F1,3100,,,,,
2026-02-18,2026-02-18,FO,NSE,STO,76085,,ABCAPITAL,,2026-04-28,2026-04-28,280.0,CE,ABCAPITAL26APR280CE,0.0,0.0,0.0,76.05,0.0,76.05,349.55,73.15,0,0,0,0.0,0,F1,3100,,,,,
2026-02-18,2026-02-18,FO,NSE,STO,57618,,ABCAPITAL,,2026-03-30,2026-03-30,400.0,CE,ABCAPITAL26MAR400CE,1.7,1.7,1.25,1.35,1.3,1.8,349.55,1.35,186000,83700,62,77167060.0,46,F1,3100,,,,,
2026-02-18,2026-02-18,FO,NSE,STO,57610,,ABCAPITAL,,2026-03-30,2026-03-30,370.0,CE,ABCAPITAL26MAR370CE,6.6,6.6,5.1,5.6,5.6,6.1,349.55,5.6,204600,55800,65,75708355.0,51,F1,3100,,,,,
2026-02-18,2026-02-18,FO,NSE,STO,69320,,ABCAPITAL,,2026-02-24,2026-02-24,290.0,CE,ABCAPITAL26FEB290CE,0.0,0.0,0.0,65.35,0.0,65.35,349.55,59.8,0,0,0,0.0,0,F1,3100,,,,,
2026-02-18,2026-02-18,FO,NSE,STO,75792,,ABCAPITAL,,2026-03-30,2026-03-30,355.0,CE,ABCAPITAL26MAR355CE,10.7,10.9,9.8,10.9,10.9,11.2,349.55,10.9,127100,0,6,6792410.0,6,F1,3100,,,,,
2026-02-18,2026-02-18,FO,NSE,STO,57391,,ABCAPITAL,,2026-02-24,2026-02-24,325.0,CE,ABCAPITAL26FEB325CE,0.0,0.0,0.0,24.4,24.4,24.4,349.55,25.0,151900,0,0,0.0,0,F1,3100,,,,,
2026-02-18,2026-02-18,FO,NSE,STO,75808,,ABCAPITAL,,2026-03-30,2026-03-30,365.0,PE,ABCAPITAL26MAR365PE,0.0,0.0,0.0,25.0,25.0,25.0,349.55,22.15,6200,0,0,0.0,0,F1,3100,,,,,
2026-02-18,2026-02-18,FO,NSE,STO,76082,,ABCAPITAL,,2026-04-28,2026-04-28,260.0,PE,ABCAPITAL26APR260PE,0.0,0.0,0.0,1.15,0.0,1.15,349.55,0.15,0,0,0,0.0,0,F1,3100,,,,,
2026-02-18,2026-02-18,FO,NSE,STO,76110,,ABCAPITAL,,2026-04-28,2026-04-28,400.0,PE,ABCAPITAL26APR400PE,0.0,0.0,0.0,55.7,0.0,55.7,349.55,51.15,0,0,0,0.0,0,F1,3100,,,,,
2026-02-18,2026-02-18,FO,NSE,STO,57402,,ABCAPITAL,,2026-02-24,2026-02-24,325.0,PE,ABCAPITAL26FEB325PE,0.7,0.7,0.3,0.35,0.35,0.7,349.55,0.35,827700,-12400,432,435871160.0,235,F1,3100,,,,,
2026-02-18,2026-02-18,FO,NSE,STO,76113,,ABCAPITAL,,2026-04-28,2026-04-28,420.0,CE,ABCAPITAL26APR420CE,0.0,0.0,0.0,6.95,0.0,6.95,349.55,2.4,0,0,0,0.0,0,F1,3100,,,,,
2026-02-18,2026-02-18,FO,NSE,STO,76093,,ABCAPITAL,,2026-04-28,2026-04-28,320.0,CE,ABCAPITAL26APR320CE,0.0,0.0,0.0,45.15,0.0,45.15,349.55,38.95,0,0,0,0.0,0,F1,3100,,,,,
2026-02-18,2026-02-18,FO,NSE,STO,69331,,ABCAPITAL,,2026-02-24,2026-02-24,330.0,CE,ABCAPITAL26FEB330CE,20.0,20.5,18.35,19.95,19.8,20.1,349.55,19.95,437100,-55800,24,26025740.0,23,F1,3100,,,,,
2026-02-18,2026-02-18,FO,NSE,STO,76090,,ABCAPITAL,,2026-04-28,2026-04-28,300.0,PE,ABCAPITAL26APR300PE,0.0,0.0,0.0,6.1,0.0,6.1,349.55,2.4,0,0,0,0.0,0,F1,3100,,,,,
2026-02-18,2026-02-18,FO,NSE,STO,75836,,ABCAPITAL,,2026-03-30,2026-03-30,395.0,PE,ABCAPITAL26MAR395PE,0.0,0.0,0.0,49.6,0.0,49.6,349.55,45.55,0,0,0,0.0,0,F1,3100,,,,,
2026-02-18,2026-02-18,FO,NSE,STO,57609,,ABCAPITAL,,2026-03-30,2026-03-30,360.0,PE,ABCAPITAL26MAR360PE,18.5,18.5,17.0,18.5,18.5,19.0,349.55,19.0,179800,6200,12,14045015.0,10,F1,3100,,,,,
2026-02-18,2026-02-18,FO,NSE,STO,57603,,ABCAPITAL,,2026-03-30,2026-03-30,340.0,PE,ABCAPITAL26MAR340PE,9.0,9.0,7.3,7.35,7.3,9.05,349.55,7.35,226300,34100,45,48547860.0,41,F1,3100,,,,,
2026-02-18,2026-02-18,FO,NSE,STO,75765,,ABCAPITAL,,2026-03-30,2026-03-30,295.0,PE,ABCAPITAL26MAR295PE,0.0,0.0,0.0,3.0,0.0,3.0,349.55,0.6,0,0,0,0.0,0,F1,3100,,,,,
2026-02-18,2026-02-18,FO,NSE,STO,69434,,ABCAPITAL,,2026-02-24,2026-02-24,380.0,PE,ABCAPITAL26FEB380PE,0.0,0.0,0.0,33.3,33.3,33.3,349.55,30.2,27900,0,0,0.0,0,F1,3100,,,,,
2026-02-18,2026-02-18,FO,NSE,STO,57599,,ABCAPITAL,,2026-03-30,2026-03-30,320.0,PE,ABCAPITAL26MAR320PE,3.05,3.3,2.5,2.6,2.55,3.45,349.55,2.6,833900,561100,288,288200800.0,162,F1,3100,,,,,
2026-02-18,2026-02-18,FO,NSE,STO,76086,,ABCAPITAL,,2026-04-28,2026-04-28,280.0,PE,ABCAPITAL26APR280PE,0.0,0.0,0.0,2.85,0.0,2.85,349.55,0.75,0,0,0,0.0,0,F1,3100,,,,,
2026-02-18,2026-02-18,FO,NSE,STO,57612,,ABCAPITAL,,2026-03-30,2026-03-30,380.0,CE,ABCAPITAL26MAR380CE,4.0,4.35,3.25,3.5,3.45,4.05,349.55,3.5,396800,-34100,88,104670260.0,72,F1,3100,,,,,
2026-02-18,2026-02-18,FO,NSE,STO,69313,,ABCAPITAL,,2026-02-24,2026-02-24,280.0,PE,ABCAPITAL26FEB280PE,0.1,0.1,0.05,0.1,0.1,0.1,349.55,0.05,207700,-27900,10,8682170.0,7,F1,3100,,,,,
2026-02-18,2026-02-18,FO,NSE,STO,57388,,ABCAPITAL,,2026-02-24,2026-02-24,305.0,PE,ABCAPITAL26FEB305PE,0.15,0.2,0.1,0.15,0.15,0.3,349.55,0.15,241800,-15500,13,12297700.0,11,F1,3100,,,,,
2026-02-18,2026-02-18,FO,NSE,STO,69332,,ABCAPITAL,,2026-02-24,2026-02-24,330.0,PE,ABCAPITAL26FEB330PE,1.2,1.25,0.5,0.55,0.5,1.05,349.55,0.55,1587200,-40300,777,796564685.0,369,F1,3100,,,,,
2026-02-18,2026-02-18,FO,NSE,STO,57430,,ABCAPITAL,,2026-02-24,2026-02-24,405.0,PE,ABCAPITAL26FEB405PE,0.0,0.0,0.0,57.3,0.0,57.3,349.55,55.1,0,0,0,0.0,0,F1,3100,,,,,
2026-02-18,2026-02-18,FO,NSE,STO,57405,,ABCAPITAL,,2026-02-24,2026-02-24,345.0,CE,ABCAPITAL26FEB345CE,7.05,8.85,6.25,7.5,7.3,8.5,349.55,7.5,616900,-151900,469,512556790.0,426,F1,3100,,,,,
2026-02-18,2026-02-18,FO,NSE,STO,76092,,ABCAPITAL,,2026-04-28,2026-04-28,310.0,PE,ABCAPITAL26APR310PE,0.0,0.0,0.0,8.45,0.0,8.45,349.55,3.9,0,0,0,0.0,0,F1,3100,,,,,
2026-02-18,2026-02-18,FO,NSE,STO,76088,,ABCAPITAL,,2026-04-28,2026-04-28,290.0,PE,ABCAPITAL26APR290PE,0.0,0.0,0.0,4.25,0.0,4.25,349.55,1.35,0,0,0,0.0,0,F1,3100,,,,,
2026-02-18,2026-02-18,FO,NSE,STF,51724,,ABCAPITAL,,2026-03-30,2026-03-30,,,ABCAPITAL26MARFUT,348.0,352.05,347.35,351.1,350.65,350.05,349.55,351.1,5731900,2954300,1679,1825268220.0,1372,F1,3100,,,,,
2026-02-18,2026-02-18,FO,NSE,STO,76105,,ABCAPITAL,,2026-04-28,2026-04-28,380.0,CE,ABCAPITAL26APR380CE,0.0,0.0,0.0,16.05,0.0,16.05,349.55,9.05,0,0,0,0.0,0,F1,3100,,,,,
2026-02-18,2026-02-18,FO,NSE,STO,57417,,ABCAPITAL,,2026-02-24,2026-02-24,395.0,CE,ABCAPITAL26FEB395CE,0.15,0.15,0.1,0.15,0.15,0.25,349.55,0.05,158100,3100,25,30623040.0,19,F1,3100,,,,,
2026-02-18,2026-02-18,FO,NSE,STO,57389,,ABCAPITAL,,2026-02-24,2026-02-24,315.0,CE,ABCAPITAL26FEB315CE,0.0,0.0,0.0,30.75,30.75,30.75,349.55,34.85,62000,0,0,0.0,0,F1,3100,,,,,
2026-02-18,2026-02-18,FO,NSE,STO,75806,,ABCAPITAL,,2026-03-30,2026-03-30,355.0,PE,ABCAPITAL26MAR355PE,15.4,15.4,14.75,14.75,14.75,15.9,349.55,16.1,18600,12400,4,4590945.0,4,F1,3100,,,,,
2026-02-18,2026-02-18,FO,NSE,STO,57573,,ABCAPITAL,,2026-03-30,2026-03-30,300.0,PE,ABCAPITAL26MAR300PE,1.2,1.2,0.8,0.8,0.8,1.15,349.55,0.8,148800,-31000,35,32650750.0,14,F1,3100,,,,,
2026-02-18,2026-02-18,FO,NSE,STO,69442,,ABCAPITAL,,2026-02-24,2026-02-24,400.0,PE,ABCAPITAL26FEB400PE,0.0,0.0,0.0,59.5,0.0,59.5,349.55,50.1,0,0,0,0.0,0,F1,3100,,,,,
2026-02-18,2026-02-18,FO,NSE,STO,69330,,ABCAPITAL,,2026-02-24,2026-02-24,320.0,PE,ABCAPITAL26FEB320PE,0.45,0.45,0.25,0.3,0.25,0.55,349.55,0.3,1302000,-49600,231,229441850.0,128,F1,3100,,,,,
2026-02-18,2026-02-18,FO,NSE,STO,69321,,ABCAPITAL,,2026-02-24,2026-02-24,290.0,PE,ABCAPITAL26FEB290PE,0.1,1.25,0.1,1.25,1.25,0.15,349.55,0.05,52700,6200,7,6303850.0,7,F1,3100,,,,,
2026-02-18,2026-02-18,FO,NSE,STO,69322,,ABCAPITAL,,2026-02-24,2026-02-24,300.0,CE,ABCAPITAL26FEB300CE,49.0,49.8,47.8,49.8,49.8,38.1,349.55,49.8,378200,-415400,229,247363880.0,74,F1,3100,,,,,
2026-02-18,2026-02-18,FO,NSE,STO,69388,,ABCAPITAL,,2026-02-24,2026-02-24,340.0,CE,ABCAPITAL26FEB340CE,10.0,12.5,9.45,11.05,10.9,11.5,349.55,11.05,641700,-127100,257,279633175.0,252,F1,3100,,,,,
2026-02-18,2026-02-18,FO,NSE,STO,75826,,ABCAPITAL,,2026-03-30,2026-03-30,385.0,PE,ABCAPITAL26MAR385PE,37.0,37.0,37.0,37.0,37.0,41.95,349.55,37.05,3100,3100,1,1308200.0,1,F1,3100,,,,,
2026-02-18,2026-02-18,FO,NSE,STO,57571,,ABCAPITAL,,2026-03-30,2026-03-30,290.0,PE,ABCAPITAL26MAR290PE,0.0,0.0,0.0,4.45,0.0,4.45,349.55,0.4,0,0,0,0.0,0,F1,3100,,,,,
2026-02-18,2026-02-18,FO,NSE,STO,69328,,ABCAPITAL,,2026-02-24,2026-02-24,310.0,PE,ABCAPITAL26FEB310PE,0.3,0.3,0.15,0.15,0.15,0.3,349.55,0.15,886600,-49600,66,63463820.0,49,F1,3100,,,,,
2026-02-18,2026-02-18,FO,NSE,STO,57382,,ABCAPITAL,,2026-02-24,2026-02-24,295.0,PE,ABCAPITAL26FEB295PE,0.1,0.15,0.1,0.15,0.15,0.2,349.55,0.05,93000,-15500,26,23786610.0,11,F1,3100,,,,,
2026-02-18,2026-02-18,FO,NSE,STO,57606,,ABCAPITAL,,2026-03-30,2026-03-30,360.0,CE,ABCAPITAL26MAR360CE,9.8,10.0,7.9,8.6,8.6,9.05,349.55,8.6,356500,12400,37,42308800.0,35,F1,3100,,,,,
2026-02-18,2026-02-18,FO,NSE,STO,57600,,ABCAPITAL,,2026-03-30,2026-03-30,330.0,CE,ABCAPITAL26MAR330CE,25.35,25.85,25.35,25.85,25.85,26.3,349.55,25.85,37200,0,2,2204720.0,2,F1,3100,,,,,
2026-02-18,2026-02-18,FO,NSE,STO,75775,,ABCAPITAL,,2026-03-30,2026-03-30,305.0,PE,ABCAPITAL26MAR305PE,0.0,0.0,0.0,1.5,1.5,1.5,349.55,1.25,3100,0,0,0.0,0,F1,3100,,,,,
2026-02-18,2026-02-18,FO,NSE,STO,57404,,ABCAPITAL,,2026-02-24,2026-02-24,335.0,PE,ABCAPITAL26FEB335PE,1.8,1.85,0.8,0.9,0.85,1.75,349.55,0.9,1364000,49600,569,592924600.0,315,F1,3100,,,,,
2026-02-18,2026-02-18,FO,NSE,STO,75780,,ABCAPITAL,,2026-03-30,2026-03-30,325.0,CE,ABCAPITAL26MAR325CE,0.0,0.0,0.0,37.05,0.0,37.05,349.55,30.9,0,0,0,0.0,0,F1,3100,,,,,
2026-02-18,2026-02-18,FO,NSE,STO,57429,,ABCAPITAL,,2026-02-24,2026-02-24,405.0,CE,ABCAPITAL26FEB405CE,0.0,0.0,0.0,5.35,0.0,5.35,349.55,0.05,0,0,0,0.0,0,F1,3100,,,,,
2026-02-18,2026-02-18,FO,NSE,STO,69436,,ABCAPITAL,,2026-02-24,2026-02-24,390.0,CE,ABCAPITAL26FEB390CE,0.2,0.25,0.15,0.2,0.2,0.25,349.55,0.2,626200,-31000,66,79832285.0,31,F1,3100,,,,,
2026-02-18,2026-02-18,FO,NSE,STO,69425,,ABCAPITAL,,2026-02-24,2026-02-24,370.0,CE,ABCAPITAL26FEB370CE,0.75,1.05,0.5,0.65,0.55,1.1,349.55,0.65,1655400,-406100,771,885960625.0,446,F1,3100,,,,,
2026-02-18,2026-02-18,FO,NSE,STF,59190,,ABCAPITAL,,2026-02-24,2026-02-24,,,ABCAPITAL26FEBFUT,346.55,350.5,346.2,349.4,349.5,348.55,349.55,349.4,76954400,-1698800,2472,2673777745.0,2125,F1,3100,,,,,
2026-02-18,2026-02-18,FO,NSE,STO,75846,,ABCAPITAL,,2026-03-30,2026-03-30,405.0,PE,ABCAPITAL26MAR405PE,0.0,0.0,0.0,57.65,0.0,57.65,349.55,54.5,0,0,0,0.0,0,F1,3100,,,,,
2026-02-18,2026-02-18,FO,NSE,STO,57605,,ABCAPITAL,,2026-03-30,2026-03-30,350.0,PE,ABCAPITAL26MAR350PE,12.0,13.0,11.45,11.5,11.5,12.75,349.55,11.5,272800,24800,50,56168590.0,44,F1,3100,,,,,
2026-02-18,2026-02-18,FO,NSE,STO,76496,,ADANIENSOL,,2026-04-28,2026-04-28,740.0,PE,ADANIENSOL26APR740PE,0.0,0.0,0.0,36.5,0.0,36.5,1035.7,2.8,0,0,0,0.0,0,F1,675,,,,,
2026-02-18,2026-02-18,FO,NSE,STO,76540,,ADANIENSOL,,2026-04-28,2026-04-28,1000.0,PE,ADANIENSOL26APR1000PE,0.0,0.0,0.0,179.25,0.0,179.25,1035.7,59.05,0,0,0,0.0,0,F1,675,,,,,
2026-02-18,2026-02-18,FO,NSE,STO,57739,,ADANIENSOL,,2026-02-24,2026-02-24,730.0,CE,ADANIENSOL26FEB730CE,0.0,0.0,0.0,247.45,247.45,247.45,1035.7,306.35,2025,0,0,0.0,0,F1,675,,,,,
2026-02-18,2026-02-18,FO,NSE,STO,69585,,ADANIENSOL,,2026-02-24,2026-02-24,820.0,CE,ADANIENSOL26FEB820CE,0.0,0.0,0.0,213.4,213.4,213.4,1035.7,216.45,116775,0,0,0.0,0,F1,675,,,,,
2026-02-18,2026-02-18,FO,NSE,STO,76203,,ADANIENSOL,,2026-03-30,2026-03-30,770.0,PE,ADANIENSOL26MAR770PE,0.0,0.0,0.0,35.1,0.0,35.1,1035.7,1.15,0,0,0,0.0,0,F1,675,,,,,
2026-02-18,2026-02-18,FO,NSE,STO,69616,,ADANIENSOL,,2026-02-24,2026-02-24,1120.0,PE,ADANIENSOL26FEB1120PE,0.0,0.0,0.0,93.4,93.4,93.4,1035.7,86.0,675,0,0,0.0,0,F1,675,,,,,
2026-02-18,2026-02-18,FO,NSE,STO,69592,,ADANIENSOL,,2026-02-24,2026-02-24,880.0,PE,ADANIENSOL26FEB880PE,1.45,1.45,0.8,0.9,0.9,1.1,1035.7,0.05,104625,22275,47,27946687.5,35,F1,675,,,,,
2026-02-18,2026-02-18,FO,NSE,STO,57776,,ADANIENSOL,,2026-02-24,2026-02-24,810.0,PE,ADANIENSOL26FEB810PE,0.0,0.0,0.0,1.25,1.25,1.25,1035.7,0.05,41175,0,0,0.0,0,F1,675,,,,,
2026-02-18,2026-02-18,FO,NSE,STO,76588,,ADANIENSOL,,2026-04-28,2026-04-28,1160.0,CE,ADANIENSOL26APR1160CE,0.0,0.0,0.0,17.3,0.0,17.3,1035.7,41.4,0,0,0,0.0,0,F1,675,,,,,
2026-02-18,2026-02-18,FO,NSE,STO,76554,,ADANIENSOL,,2026-04-28,2026-04-28,1120.0,CE,ADANIENSOL26APR1120CE,0.0,0.0,0.0,22.0,0.0,22.0,1035.7,53.2,0,0,0,0.0,0,F1,675,,,,,
2026-02-18,2026-02-18,FO,NSE,STO,76539,,ADANIENSOL,,2026-04-28,2026-04-28,1000.0,CE,ADANIENSOL26APR1000CE,0.0,0.0,0.0,43.7,0.0,43.7,1035.7,105.1,0,0,0,0.0,0,F1,675,,,,,
2026-02-18,2026-02-18,FO,NSE,STO,76497,,ADANIENSOL,,2026-04-28,2026-04-28,760.0,CE,ADANIENSOL26APR760CE,0.0,0.0,0.0,144.05,0.0,144.05,1035.7,287.5,0,0,0,0.0,0,F1,675,,,,,
2026-02-18,2026-02-18,FO,NSE,STO,76520,,ADANIENSOL,,2026-04-28,2026-04-28,820.0,CE,ADANIENSOL26APR820CE,0.0,0.0,0.0,109.9,0.0,109.9,1035.7,233.75,0,0,0,0.0,0,F1,675,,,,,
2026-02-18,2026-02-18,FO,NSE,STO,76204,,ADANIENSOL,,2026-03-30,2026-03-30,790.0,CE,ADANIENSOL26MAR790CE,0.0,0.0,0.0,109.85,0.0,109.85,1035.7,252.25,0,0,0,0.0,0,F1,675,,,,,
2026-02-18,2026-02-18,FO,NSE,STO,69621,,ADANIENSOL,,2026-02-24,2026-02-24,1180.0,CE,ADANIENSOL26FEB1180CE,0.0,0.0,0.0,0.7,0.7,0.7,1035.7,0.3,31050,0,0,0.0,0,F1,675,,,,,
2026-02-18,2026-02-18,FO,NSE,STO,69611,,ADANIENSOL,,2026-02-24,2026-02-24,1080.0,CE,ADANIENSOL26FEB1080CE,5.65,5.65,3.15,4.75,4.45,5.65,1035.7,4.75,130950,-9450,144,105369525.0,123,F1,675,,,,,
2026-02-18,2026-02-18,FO,NSE,STO,69591,,ADANIENSOL,,2026-02-24,2026-02-24,880.0,CE,ADANIENSOL26FEB880CE,0.0,0.0,0.0,122.85,123.3,122.85,1035.7,156.55,105975,0,0,0.0,0,F1,675,,,,,
2026-02-18,2026-02-18,FO,NSE,STF,66696,,ADANIENSOL,,2026-04-28,2026-04-28,,,ADANIENSOL26APRFUT,1038.25,1049.0,1034.4,1049.0,1049.0,1042.55,1035.7,1046.5,60750,6075,18,12679301.25,14,F1,675,,,,,
2026-02-18,2026-02-18,FO,NSE,STO,76550,,ADANIENSOL,,2026-04-28,2026-04-28,1080.0,PE,ADANIENSOL26APR1080PE,0.0,0.0,0.0,242.15,0.0,242.15,1035.7,100.7,0,0,0,0.0,0,F1,675,,,,,
2026-02-18,2026-02-18,FO,NSE,STO,57838,,ADANIENSOL,,2026-02-24,2026-02-24,1010.0,PE,ADANIENSOL26FEB1010PE,11.55,14.45,6.85,7.45,7.55,11.95,1035.7,7.45,88425,6075,103,70941285.0,92,F1,675,,,,,
2026-02-18,2026-02-18,FO,NSE,STO,57840,,ADANIENSOL,,2026-02-24,2026-02-24,1030.0,PE,ADANIENSOL26FEB1030PE,20.7,24.1,13.75,15.15,16.0,20.75,1035.7,15.15,113400,4725,144,101969280.0,115,F1,675,,,,,
2026-02-18,2026-02-18,FO,NSE,STO,69612,,ADANIENSOL,,2026-02-24,2026-02-24,1080.0,PE,ADANIENSOL26FEB1080PE,60.85,60.85,52.35,52.35,52.35,56.55,1035.7,52.15,5400,2025,4,3065343.75,4,F1,675,,,,,
2026-02-18,2026-02-18,FO,NSE,STO,57945,,ADANIENSOL,,2026-03-30,2026-03-30,780.0,PE,ADANIENSOL26MAR780PE,0.0,0.0,0.0,14.5,0.0,14.5,1035.7,1.4,0,0,0,0.0,0,F1,675,,,,,
2026-02-18,2026-02-18,FO,NSE,STO,57977,,ADANIENSOL,,2026-03-30,2026-03-30,960.0,PE,ADANIENSOL26MAR960PE,0.0,0.0,0.0,65.15,0.0,65.15,1035.7,27.7,0,0,0,0.0,0,F1,675,,,,,
2026-02-18,2026-02-18,FO,NSE,STO,76350,,ADANIENSOL,,2026-03-30,2026-03-30,1090.0,PE,ADANIENSOL26MAR1090PE,0.0,0.0,0.0,244.15,0.0,244.15,1035.7,90.45,0,0,0,0.0,0,F1,675,,,,,
2026-02-18,2026-02-18,FO,NSE,STO,58023,,ADANIENSOL,,2026-03-30,2026-03-30,1200.0,PE,ADANIENSOL26MAR1200PE,0.0,0.0,0.0,207.8,0.0,207.8,1035.7,172.85,0,0,0,0.0,0,F1,675,,,,,
2026-02-18,2026-02-18,FO,NSE,STO,76519,,ADANIENSOL,,2026-04-28,2026-04-28,800.0,PE,ADANIENSOL26APR800PE,0.0,0.0,0.0,59.2,0.0,59.2,1035.7,7.25,0,0,0,0.0,0,F1,675,,,,,
2026-02-18,2026-02-18,FO,NSE,STO,57987,,ADANIENSOL,,2026-03-30,2026-03-30,1020.0,PE,ADANIENSOL26MAR1020PE,44.55,44.55,37.0,37.35,38.0,45.35,1035.7,37.35,16200,14850,27,19332573.75,25,F1,675,,,,,
2026-02-18,2026-02-18,FO,NSE,STO,57849,,ADANIENSOL,,2026-02-24,2026-02-24,1110.0,CE,ADANIENSOL26FEB1110CE,2.6,2.6,1.35,1.8,1.85,2.6,1035.7,1.8,78975,-8100,115,86296083.75,99,F1,675,,,,,
2026-02-18,2026-02-18,FO,NSE,STO,76201,,ADANIENSOL,,2026-03-30,2026-03-30,770.0,CE,ADANIENSOL26MAR770CE,0.0,0.0,0.0,122.25,0.0,122.25,1035.7,271.45,0,0,0,0.0,0,F1,675,,,,,
2026-02-18,2026-02-18,FO,NSE,STO,57986,,ADANIENSOL,,2026-03-30,2026-03-30,1020.0,CE,ADANIENSOL26MAR1020CE,55.2,63.2,55.1,62.6,62.0,61.2,1035.7,62.6,38475,4725,37,26966756.25,36,F1,675,,,,,
2026-02-18,2026-02-18,FO,NSE,STO,76341,,ADANIENSOL,,2026-03-30,2026-03-30,1050.0,CE,ADANIENSOL26MAR1050CE,0.0,0.0,0.0,19.9,0.0,19.9,1035.7,58.65,0,0,0,0.0,0,F1,675,,,,,
2026-02-18,2026-02-18,FO,NSE,STO,76464,,ADANIENSOL,,2026-04-28,2026-04-28,720.0,CE,ADANIENSOL26APR720CE,0.0,0.0,0.0,170.55,0.0,170.55,1035.7,325.1,0,0,0,0.0,0,F1,675,,,,,
2026-02-18,2026-02-18,FO,NSE,STO,76516,,ADANIENSOL,,2026-04-28,2026-04-28,780.0,CE,ADANIENSOL26APR780CE,0.0,0.0,0.0,131.95,0.0,131.95,1035.7,269.15,0,0,0,0.0,0,F1,675,,,,,
2026-02-18,2026-02-18,FO,NSE,STO,76522,,ADANIENSOL,,2026-04-28,2026-04-28,840.0,CE,ADANIENSOL26APR840CE,0.0,0.0,0.0,99.95,0.0,99.95,1035.7,216.75,0,0,0,0.0,0,F1,675,,,,,
2026-02-18,2026-02-18,FO,NSE,STO,69582,,ADANIENSOL,,2026-02-24,2026-02-24,780.0,PE,ADANIENSOL26FEB780PE,0.1,0.15,0.1,0.15,0.15,0.1,1035.7,0.15,25650,-675,4,2106371.25,4,F1,675,,,,,
2026-02-18,2026-02-18,FO,NSE,STO,57771,,ADANIENSOL,,2026-02-24,2026-02-24,790.0,PE,ADANIENSOL26FEB790PE,0.35,0.35,0.35,0.35,0.35,0.95,1035.7,0.05,10800,0,1,533486.25,1,F1,675,,,,,
2026-02-18,2026-02-18,FO,NSE,STO,57780,,ADANIENSOL,,2026-02-24,2026-02-24,830.0,PE,ADANIENSOL26FEB830PE,0.0,0.0,0.0,0.75,0.75,0.75,1035.7,0.05,56025,0,0,0.0,0,F1,675,,,,,
2026-02-18,2026-02-18,FO,NSE,STO,57830,,ADANIENSOL,,2026-02-24,2026-02-24,970.0,PE,ADANIENSOL26FEB970PE,2.35,3.55,1.85,1.95,1.95,3.3,1035.7,3.75,168075,4725,50,32843981.25,40,F1,675,,,,,
2026-02-18,2026-02-18,FO,NSE,STO,58021,,ADANIENSOL,,2026-03-30,2026-03-30,1180.0,PE,ADANIENSOL26MAR1180PE,0.0,0.0,0.0,193.05,0.0,193.05,1035.7,156.35,0,0,0,0.0,0,F1,675,,,,,
2026-02-18,2026-02-18,FO,NSE,STO,69581,,ADANIENSOL,,2026-02-24,2026-02-24,780.0,CE,ADANIENSOL26FEB780CE,0.0,0.0,0.0,227.15,0.0,227.15,1035.7,256.4,0,0,0,0.0,0,F1,675,,,,,
2026-02-18,2026-02-18,FO,NSE,STO,69605,,ADANIENSOL,,2026-02-24,2026-02-24,1020.0,CE,ADANIENSOL26FEB1020CE,25.5,28.5,18.1,26.9,26.0,25.65,1035.7,26.9,228825,-6075,333,234375795.0,305,F1,675,,,,,
2026-02-18,2026-02-18,FO,NSE,STF,59193,,ADANIENSOL,,2026-02-24,2026-02-24,,,ADANIENSOL26FEBFUT,1031.2,1039.45,1019.25,1037.5,1035.0,1030.55,1035.7,1037.5,17322525,-2047950,4276,2965690698.75,2347,F1,675,,,,,
2026-02-18,2026-02-18,FO,NSE,STO,57741,,ADANIENSOL,,2026-02-24,2026-02-24,750.0,CE,ADANIENSOL26FEB750CE,0.0,0.0,0.0,96.0,96.0,96.0,1035.7,286.4,675,0,0,0.0,0,F1,675,,,,,
2026-02-18,2026-02-18,FO,NSE,STO,44512,,ADANIENSOL,,2026-03-30,2026-03-30,700.0,CE,ADANIENSOL26MAR700CE,0.0,0.0,0.0,309.05,0.0,309.05,1035.7,340.05,0,0,0,0.0,0,F1,675,,,,,
2026-02-18,2026-02-18,FO,NSE,STO,76339,,ADANIENSOL,,2026-03-30,2026-03-30,1030.0,CE,ADANIENSOL26MAR1030CE,0.0,0.0,0.0,23.1,0.0,23.1,1035.7,68.1,0,0,0,0.0,0,F1,675,,,,,
2026-02-18,2026-02-18,FO,NSE,STO,76353,,ADANIENSOL,,2026-03-30,2026-03-30,1130.0,CE,ADANIENSOL26MAR1130CE,0.0,0.0,0.0,10.7,0.0,10.7,1035.7,30.35,0,0,0,0.0,0,F1,675,,,,,
2026-02-18,2026-02-18,FO,NSE,STO,44504,,ADANIENSOL,,2026-02-24,2026-02-24,710.0,PE,ADANIENSOL26FEB710PE,0.0,0.0,0.0,0.4,0.4,0.4,1035.7,0.05,0,0,0,0.0,0,F1,675,,,,,
2026-02-18,2026-02-18,FO,NSE,STO,69598,,ADANIENSOL,,2026-02-24,2026-02-24,940.0,PE,ADANIENSOL26FEB940PE,1.6,1.7,0.85,0.85,0.85,1.7,1035.7,0.85,87750,-24975,78,49553370.0,70,F1,675,,,,,
2026-02-18,2026-02-18,FO,NSE,STO,69606,,ADANIENSOL,,2026-02-24,2026-02-24,1020.0,PE,ADANIENSOL26FEB1020PE,15.35,19.15,9.95,10.55,11.0,15.6,1035.7,10.55,170775,8775,307,214538085.0,236,F1,675,,,,,
2026-02-18,2026-02-18,FO,NSE,STO,57967,,ADANIENSOL,,2026-03-30,2026-03-30,900.0,PE,ADANIENSOL26MAR900PE,13.2,13.55,11.6,11.6,11.6,12.35,1035.7,12.8,79650,1350,10,6160455.0,10,F1,675,,,,,
2026-02-18,2026-02-18,FO,NSE,STO,76340,,ADANIENSOL,,2026-03-30,2026-03-30,1030.0,PE,ADANIENSOL26MAR1030PE,47.1,47.1,42.55,42.75,42.55,47.2,1035.7,42.75,8100,6075,12,8699602.5,12,F1,675,,,,,
2026-02-18,2026-02-18,FO,NSE,STO,76536,,ADANIENSOL,,2026-04-28,2026-04-28,960.0,PE,ADANIENSOL26APR960PE,0.0,0.0,0.0,150.45,0.0,150.45,1035.7,42.9,0,0,0,0.0,0,F1,675,,,,,
2026-02-18,2026-02-18,FO,NSE,STO,76544,,ADANIENSOL,,2026-04-28,2026-04-28,1040.0,PE,ADANIENSOL26APR1040PE,0.0,0.0,0.0,209.95,0.0,209.95,1035.7,78.35,0,0,0,0.0,0,F1,675,,,,,
2026-02-18,2026-02-18,FO,NSE,STO,57737,,ADANIENSOL,,2026-02-24,2026-02-24,700.0,CE,ADANIENSOL26FEB700CE,0.0,0.0,0.0,332.3,0.0,332.3,1035.7,336.35,0,0,0,0.0,0,F1,675,,,,,
2026-02-18,2026-02-18,FO,NSE,STO,69597,,ADANIENSOL,,2026-02-24,2026-02-24,940.0,CE,ADANIENSOL26FEB940CE,99.0,99.0,96.25,97.25,96.25,89.65,1035.7,97.25,46575,-3375,5,3500718.75,5,F1,675,,,,,
2026-02-18,2026-02-18,FO,NSE,STO,57811,,ADANIENSOL,,2026-02-24,2026-02-24,950.0,CE,ADANIENSOL26FEB950CE,76.65,85.2,74.0,85.2,85.2,81.1,1035.7,85.2,174825,-2025,9,6238721.25,7,F1,675,,,,,
2026-02-18,2026-02-18,FO,NSE,STO,57829,,ADANIENSOL,,2026-02-24,2026-02-24,970.0,CE,ADANIENSOL26FEB970CE,58.65,68.3,56.9,66.6,66.6,63.1,1035.7,66.6,58725,-2025,20,13953397.5,20,F1,675,,,,,
2026-02-18,2026-02-18,FO,NSE,STO,69609,,ADANIENSOL,,2026-02-24,2026-02-24,1060.0,CE,ADANIENSOL26FEB1060CE,9.7,9.75,5.35,8.9,8.55,9.85,1035.7,8.9,81675,-17550,328,236244363.75,246,F1,675,,,,,
2026-02-18,2026-02-18,FO,NSE,STO,57940,,ADANIENSOL,,2026-03-30,2026-03-30,760.0,CE,ADANIENSOL26MAR760CE,0.0,0.0,0.0,287.05,0.0,287.05,1035.7,281.15,0,0,0,0.0,0,F1,675,,,,,
2026-02-18,2026-02-18,FO,NSE,STO,57950,,ADANIENSOL,,2026-03-30,2026-03-30,840.0,CE,ADANIENSOL26MAR840CE,0.0,0.0,0.0,222.75,0.0,222.75,1035.7,205.6,0,0,0,0.0,0,F1,675,,,,,
2026-02-18,2026-02-18,FO,NSE,STO,76533,,ADANIENSOL,,2026-04-28,2026-04-28,940.0,CE,ADANIENSOL26APR940CE,0.0,0.0,0.0,60.35,0.0,60.35,1035.7,141.4,0,0,0,0.0,0,F1,675,,,,,
2026-02-18,2026-02-18,FO,NSE,STO,76537,,ADANIENSOL,,2026-04-28,2026-04-28,980.0,CE,ADANIENSOL26APR980CE,0.0,0.0,0.0,48.7,0.0,48.7,1035.7,116.4,0,0,0,0.0,0,F1,675,,,,,
2026-02-18,2026-02-18,FO,NSE,STO,69586,,ADANIENSOL,,2026-02-24,2026-02-24,820.0,PE,ADANIENSOL26FEB820PE,0.2,0.5,0.15,0.15,0.15,2.5,1035.7,0.05,45900,-3375,12,6643822.5,6,F1,675,,,,,
2026-02-18,2026-02-18,FO,NSE,STO,57803,,ADANIENSOL,,2026-02-24,2026-02-24,890.0,PE,ADANIENSOL26FEB890PE,0.95,1.15,0.85,0.9,0.9,1.1,1035.7,0.9,83700,27000,112,67355921.25,68,F1,675,,,,,
2026-02-18,2026-02-18,FO,NSE,STO,57810,,ADANIENSOL,,2026-02-24,2026-02-24,930.0,PE,ADANIENSOL26FEB930PE,1.35,1.35,0.85,0.9,0.9,1.4,1035.7,0.9,39150,-6075,26,16338273.75,23,F1,675,,,,,
2026-02-18,2026-02-18,FO,NSE,STO,76200,,ADANIENSOL,,2026-03-30,2026-03-30,750.0,PE,ADANIENSOL26MAR750PE,0.0,0.0,0.0,28.65,0.0,28.65,1035.7,0.7,0,0,0,0.0,0,F1,675,,,,,
2026-02-18,2026-02-18,FO,NSE,STO,57949,,ADANIENSOL,,2026-03-30,2026-03-30,820.0,PE,ADANIENSOL26MAR820PE,0.0,0.0,0.0,21.75,0.0,21.75,1035.7,3.3,0,0,0,0.0,0,F1,675,,,,,
2026-02-18,2026-02-18,FO,NSE,STO,76336,,ADANIENSOL,,2026-03-30,2026-03-30,990.0,PE,ADANIENSOL26MAR990PE,0.0,0.0,0.0,161.45,0.0,161.45,1035.7,38.4,0,0,0,0.0,0,F1,675,,,,,
2026-02-18,2026-02-18,FO,NSE,STO,76354,,ADANIENSOL,,2026-03-30,2026-03-30,1130.0,PE,ADANIENSOL26MAR1130PE,0.0,0.0,0.0,279.75,0.0,279.75,1035.7,117.85,0,0,0,0.0,0,F1,675,,,,,
2026-02-18,2026-02-18,FO,NSE,STO,76527,,ADANIENSOL,,2026-04-28,2026-04-28,880.0,PE,ADANIENSOL26APR880PE,0.0,0.0,0.0,99.6,0.0,99.6,1035.7,19.8,0,0,0,0.0,0,F1,675,,,,,
2026-02-18,2026-02-18,FO,NSE,STO,76594,,ADANIENSOL,,2026-04-28,2026-04-28,1160.0,PE,ADANIENSOL26APR1160PE,0.0,0.0,0.0,310.45,0.0,310.45,1035.7,153.7,0,0,0,0.0,0,F1,675,,,,,
2026-02-18,2026-02-18,FO,NSE,STO,69589,,ADANIENSOL,,2026-02-24,2026-02-24,860.0,CE,ADANIENSOL26FEB860CE,0.0,0.0,0.0,127.05,127.05,127.05,1035.7,176.5,107325,0,0,0.0,0,F1,675,,,,,
2026-02-18,2026-02-18,FO,NSE,STO,57809,,ADANIENSOL,,2026-02-24,2026-02-24,930.0,CE,ADANIENSOL26FEB930CE,0.0,0.0,0.0,66.15,66.15,66.15,1035.7,107.25,60075,0,0,0.0,0,F1,675,,,,,
2026-02-18,2026-02-18,FO,NSE,STO,69603,,ADANIENSOL,,2026-02-24,2026-02-24,1000.0,CE,ADANIENSOL26FEB1000CE,38.55,43.0,29.6,40.7,41.1,38.8,1035.7,40.7,476550,-28350,212,148349441.25,171,F1,675,,,,,
2026-02-18,2026-02-18,FO,NSE,STO,57835,,ADANIENSOL,,2026-02-24,2026-02-24,1010.0,CE,ADANIENSOL26FEB1010CE,31.6,35.6,23.45,34.2,32.7,32.0,1035.7,34.2,74250,-14850,117,82020060.0,105,F1,675,,,,,
2026-02-18,2026-02-18,FO,NSE,STO,57841,,ADANIENSOL,,2026-02-24,2026-02-24,1050.0,CE,ADANIENSOL26FEB1050CE,13.2,13.2,7.8,12.4,11.65,12.9,1035.7,12.4,168075,-14175,304,217544501.25,255,F1,675,,,,,
2026-02-18,2026-02-18,FO,NSE,STO,69623,,ADANIENSOL,,2026-02-24,2026-02-24,1200.0,CE,ADANIENSOL26FEB1200CE,0.6,0.6,0.25,0.3,0.3,0.6,1035.7,0.15,97875,-6075,21,17014725.0,12,F1,675,,,,,
2026-02-18,2026-02-18,FO,NSE,STO,57954,,ADANIENSOL,,2026-03-30,2026-03-30,880.0,CE,ADANIENSOL26MAR880CE,0.0,0.0,0.0,173.05,173.05,173.05,1035.7,170.45,3375,0,0,0.0,0,F1,675,,,,,
2026-02-18,2026-02-18,FO,NSE,STO,76337,,ADANIENSOL,,2026-03-30,2026-03-30,1010.0,CE,ADANIENSOL26MAR1010CE,0.0,0.0,0.0,26.75,0.0,26.75,1035.7,78.55,0,0,0,0.0,0,F1,675,,,,,
2026-02-18,2026-02-18,FO,NSE,STO,57996,,ADANIENSOL,,2026-03-30,2026-03-30,1100.0,CE,ADANIENSOL26MAR1100CE,0.0,0.0,0.0,79.3,0.0,79.3,1035.7,39.3,0,0,0,0.0,0,F1,675,,,,,
2026-02-18,2026-02-18,FO,NSE,STO,58018,,ADANIENSOL,,2026-03-30,2026-03-30,1160.0,CE,ADANIENSOL26MAR1160CE,14.5,14.5,14.5,14.5,14.5,9.7,1035.7,23.1,1350,675,1,792787.5,1,F1,675,,,,,
2026-02-18,2026-02-18,FO,NSE,STO,58020,,ADANIENSOL,,2026-03-30,2026-03-30,1180.0,CE,ADANIENSOL26MAR1180CE,0.0,0.0,0.0,7.45,7.45,7.45,1035.7,19.15,4725,0,0,0.0,0,F1,675,,,,,
2026-02-18,2026-02-18,FO,NSE,STO,69588,,ADANIENSOL,,2026-02-24,2026-02-24,840.0,PE,ADANIENSOL26FEB840PE,0.45,0.5,0.45,0.5,0.5,2.25,1035.7,0.05,71550,-1350,3,1701978.75,3,F1,675,,,,,
2026-02-18,2026-02-18,FO,NSE,STO,57828,,ADANIENSOL,,2026-02-24,2026-02-24,950.0,PE,ADANIENSOL26FEB950PE,1.9,1.95,0.85,0.95,0.9,1.95,1035.7,0.95,294975,-9450,101,64856396.25,86,F1,675,,,,,
2026-02-18,2026-02-18,FO,NSE,STO,69624,,ADANIENSOL,,2026-02-24,2026-02-24,1200.0,PE,ADANIENSOL26FEB1200PE,0.0,0.0,0.0,172.25,172.25,172.25,1035.7,163.35,675,0,0,0.0,0,F1,675,,,,,
2026-02-18,2026-02-18,FO,NSE,STO,57941,,ADANIENSOL,,2026-03-30,2026-03-30,760.0,PE,ADANIENSOL26MAR760PE,0.0,0.0,0.0,11.65,0.0,11.65,1035.7,0.9,0,0,0,0.0,0,F1,675,,,,,
2026-02-18,2026-02-18,FO,NSE,STO,57947,,ADANIENSOL,,2026-03-30,2026-03-30,800.0,PE,ADANIENSOL26MAR800PE,0.0,0.0,0.0,17.85,0.0,17.85,1035.7,2.2,0,0,0,0.0,0,F1,675,,,,,
2026-02-18,2026-02-18,FO,NSE,STO,76207,,ADANIENSOL,,2026-03-30,2026-03-30,810.0,PE,ADANIENSOL26MAR810PE,0.0,0.0,0.0,50.7,0.0,50.7,1035.7,2.7,0,0,0,0.0,0,F1,675,,,,,
2026-02-18,2026-02-18,FO,NSE,STO,76211,,ADANIENSOL,,2026-03-30,2026-03-30,850.0,PE,ADANIENSOL26MAR850PE,5.7,6.85,5.7,6.85,6.85,7.2,1035.7,5.8,3375,2025,4,2311166.25,2,F1,675,,,,,
2026-02-18,2026-02-18,FO,NSE,STO,76254,,ADANIENSOL,,2026-03-30,2026-03-30,910.0,PE,ADANIENSOL26MAR910PE,0.0,0.0,0.0,104.75,0.0,104.75,1035.7,14.75,0,0,0,0.0,0,F1,675,,,,,
2026-02-18,2026-02-18,FO,NSE,STO,57989,,ADANIENSOL,,2026-03-30,2026-03-30,1040.0,PE,ADANIENSOL26MAR1040PE,53.4,55.7,53.4,55.7,55.7,53.5,1035.7,61.3,10800,4725,9,6649020.0,9,F1,675,,,,,
2026-02-18,2026-02-18,FO,NSE,STO,76465,,ADANIENSOL,,2026-04-28,2026-04-28,720.0,PE,ADANIENSOL26APR720PE,0.0,0.0,0.0,30.4,0.0,30.4,1035.7,1.95,0,0,0,0.0,0,F1,675,,,,,
2026-02-18,2026-02-18,FO,NSE,STO,76521,,ADANIENSOL,,2026-04-28,2026-04-28,820.0,PE,ADANIENSOL26APR820PE,0.0,0.0,0.0,68.25,0.0,68.25,1035.7,9.55,0,0,0,0.0,0,F1,675,,,,,
2026-02-18,2026-02-18,FO,NSE,STO,76542,,ADANIENSOL,,2026-04-28,2026-04-28,1020.0,PE,ADANIENSOL26APR1020PE,0.0,0.0,0.0,194.4,0.0,194.4,1035.7,68.3,0,0,0,0.0,0,F1,675,,,,,
2026-02-18,2026-02-18,FO,NSE,STO,76316,,ADANIENSOL,,2026-03-30,2026-03-30,970.0,CE,ADANIENSOL26MAR970CE,0.0,0.0,0.0,35.6,0.0,35.6,1035.7,102.55,0,0,0,0.0,0,F1,675,,,,,
2026-02-18,2026-02-18,FO,NSE,STO,57772,,ADANIENSOL,,2026-02-24,2026-02-24,810.0,CE,ADANIENSOL26FEB810CE,0.0,0.0,0.0,171.35,171.35,171.35,1035.7,226.45,17550,0,0,0.0,0,F1,675,,,,,
2026-02-18,2026-02-18,FO,NSE,STO,76545,,ADANIENSOL,,2026-04-28,2026-04-28,1060.0,CE,ADANIENSOL26APR1060CE,0.0,0.0,0.0,31.2,0.0,31.2,1035.7,75.85,0,0,0,0.0,0,F1,675,,,,,
2026-02-18,2026-02-18,FO,NSE,STO,57738,,ADANIENSOL,,2026-02-24,2026-02-24,700.0,PE,ADANIENSOL26FEB700PE,0.0,0.0,0.0,0.1,0.1,0.1,1035.7,0.05,28350,0,0,0.0,0,F1,675,,,,,
2026-02-18,2026-02-18,FO,NSE,STO,57765,,ADANIENSOL,,2026-02-24,2026-02-24,770.0,PE,ADANIENSOL26FEB770PE,0.0,0.0,0.0,0.5,0.5,0.5,1035.7,0.05,10800,0,0,0.0,0,F1,675,,,,,
2026-02-18,2026-02-18,FO,NSE,STO,69584,,ADANIENSOL,,2026-02-24,2026-02-24,800.0,PE,ADANIENSOL26FEB800PE,0.35,0.7,0.25,0.5,0.5,0.35,1035.7,0.5,80325,-20250,43,23231508.75,31,F1,675,,,,,
2026-02-18,2026-02-18,FO,NSE,STO,69602,,ADANIENSOL,,2026-02-24,2026-02-24,980.0,PE,ADANIENSOL26FEB980PE,4.4,5.05,2.2,2.35,2.55,4.55,1035.7,2.35,257850,-6750,142,94327368.75,131,F1,675,,,,,
2026-02-18,2026-02-18,FO,NSE,STO,57852,,ADANIENSOL,,2026-02-24,2026-02-24,1130.0,PE,ADANIENSOL26FEB1130PE,0.0,0.0,0.0,141.5,0.0,141.5,1035.7,95.25,0,0,0,0.0,0,F1,675,,,,,
2026-02-18,2026-02-18,FO,NSE,STO,44513,,ADANIENSOL,,2026-03-30,2026-03-30,700.0,PE,ADANIENSOL26MAR700PE,0.0,0.0,0.0,5.45,0.0,5.45,1035.7,0.15,0,0,0,0.0,0,F1,675,,,,,
2026-02-18,2026-02-18,FO,NSE,STO,76213,,ADANIENSOL,,2026-03-30,2026-03-30,870.0,PE,ADANIENSOL26MAR870PE,0.0,0.0,0.0,80.7,0.0,80.7,1035.7,8.1,0,0,0,0.0,0,F1,675,,,,,
2026-02-18,2026-02-18,FO,NSE,STO,57963,,ADANIENSOL,,2026-03-30,2026-03-30,880.0,PE,ADANIENSOL26MAR880PE,0.0,0.0,0.0,36.7,0.0,36.7,1035.7,9.5,0,0,0,0.0,0,F1,675,,,,,
2026-02-18,2026-02-18,FO,NSE,STO,57971,,ADANIENSOL,,2026-03-30,2026-03-30,920.0,PE,ADANIENSOL26MAR920PE,0.0,0.0,0.0,49.65,0.0,49.65,1035.7,16.9,0,0,0,0.0,0,F1,675,,,,,
2026-02-18,2026-02-18,FO,NSE,STO,57993,,ADANIENSOL,,2026-03-30,2026-03-30,1060.0,PE,ADANIENSOL26MAR1060PE,0.0,0.0,0.0,59.3,59.45,59.3,1035.7,72.25,4050,0,0,0.0,0,F1,675,,,,,
2026-02-18,2026-02-18,FO,NSE,STO,76515,,ADANIENSOL,,2026-04-28,2026-04-28,760.0,PE,ADANIENSOL26APR760PE,0.0,0.0,0.0,43.3,0.0,43.3,1035.7,3.95,0,0,0,0.0,0,F1,675,,,,,
2026-02-18,2026-02-18,FO,NSE,STO,76587,,ADANIENSOL,,2026-04-28,2026-04-28,1140.0,PE,ADANIENSOL26APR1140PE,0.0,0.0,0.0,292.95,0.0,292.95,1035.7,139.5,0,0,0,0.0,0,F1,675,,,,,
2026-02-18,2026-02-18,FO,NSE,STO,35547,,ADANIENSOL,,2026-02-24,2026-02-24,740.0,CE,ADANIENSOL26FEB740CE,0.0,0.0,0.0,269.25,0.0,269.25,1035.7,296.35,0,0,0,0.0,0,F1,675,,,,,
2026-02-18,2026-02-18,FO,NSE,STO,57766,,ADANIENSOL,,2026-02-24,2026-02-24,790.0,CE,ADANIENSOL26FEB790CE,0.0,0.0,0.0,248.95,0.0,248.95,1035.7,246.4,0,0,0,0.0,0,F1,675,,,,,
2026-02-18,2026-02-18,FO,NSE,STO,69587,,ADANIENSOL,,2026-02-24,2026-02-24,840.0,CE,ADANIENSOL26FEB840CE,184.0,189.9,184.0,189.9,189.9,182.0,1035.7,196.45,93150,-1350,2,1386382.5,2,F1,675,,,,,
2026-02-18,2026-02-18,FO,NSE,STO,57784,,ADANIENSOL,,2026-02-24,2026-02-24,870.0,CE,ADANIENSOL26FEB870CE,0.0,0.0,0.0,156.0,156.0,156.0,1035.7,166.5,62775,0,0,0.0,0,F1,675,,,,,
2026-02-18,2026-02-18,FO,NSE,STO,57851,,ADANIENSOL,,2026-02-24,2026-02-24,1130.0,CE,ADANIENSOL26FEB1130CE,0.0,0.0,0.0,1.6,1.6,1.6,1035.7,1.95,28350,0,0,0.0,0,F1,675,,,,,
2026-02-18,2026-02-18,FO,NSE,STO,57853,,ADANIENSOL,,2026-02-24,2026-02-24,1150.0,CE,ADANIENSOL26FEB1150CE,1.1,1.1,0.55,0.7,0.7,1.1,1035.7,0.7,32400,12150,25,19417691.25,12,F1,675,,,,,
2026-02-18,2026-02-18,FO,NSE,STO,57968,,ADANIENSOL,,2026-03-30,2026-03-30,920.0,CE,ADANIENSOL26MAR920CE,0.0,0.0,0.0,167.4,0.0,167.4,1035.7,138.1,0,0,0,0.0,0,F1,675,,,,,
2026-02-18,2026-02-18,FO,NSE,STO,57990,,ADANIENSOL,,2026-03-30,2026-03-30,1060.0,CE,ADANIENSOL26MAR1060CE,42.0,42.0,41.6,41.85,42.0,42.95,1035.7,41.85,14175,0,11,8181000.0,7,F1,675,,,,,
2026-02-18,2026-02-18,FO,NSE,STO,76343,,ADANIENSOL,,2026-03-30,2026-03-30,1070.0,CE,ADANIENSOL26MAR1070CE,0.0,0.0,0.0,36.15,36.15,36.15,1035.7,50.2,2025,0,0,0.0,0,F1,675,,,,,
2026-02-18,2026-02-18,FO,NSE,STO,76351,,ADANIENSOL,,2026-03-30,2026-03-30,1110.0,CE,ADANIENSOL26MAR1110CE,0.0,0.0,0.0,12.5,0.0,12.5,1035.7,36.1,0,0,0,0.0,0,F1,675,,,,,
2026-02-18,2026-02-18,FO,NSE,STO,76437,,ADANIENSOL,,2026-04-28,2026-04-28,680.0,CE,ADANIENSOL26APR680CE,0.0,0.0,0.0,199.8,0.0,199.8,1035.7,363.6,0,0,0,0.0,0,F1,675,,,,,
2026-02-18,2026-02-18,FO,NSE,STO,76524,,ADANIENSOL,,2026-04-28,2026-04-28,860.0,CE,ADANIENSOL26APR860CE,0.0,0.0,0.0,90.7,0.0,90.7,1035.7,200.35,0,0,0,0.0,0,F1,675,,,,,
2026-02-18,2026-02-18,FO,NSE,STO,76526,,ADANIENSOL,,2026-04-28,2026-04-28,880.0,CE,ADANIENSOL26APR880CE,0.0,0.0,0.0,82.15,0.0,82.15,1035.7,184.6,0,0,0,0.0,0,F1,675,,,,,
2026-02-18,2026-02-18,FO,NSE,STO,76344,,ADANIENSOL,,2026-03-30,2026-03-30,1070.0,PE,ADANIENSOL26MAR1070PE,0.0,0.0,0.0,226.8,0.0,226.8,1035.7,78.05,0,0,0,0.0,0,F1,675,,,,,
2026-02-18,2026-02-18,FO,NSE,STO,57985,,ADANIENSOL,,2026-03-30,2026-03-30,1000.0,PE,ADANIENSOL26MAR1000PE,36.0,36.0,29.55,30.2,30.6,35.45,1035.7,30.2,77625,43200,113,78781308.75,76,F1,675,,,,,
2026-02-18,2026-02-18,FO,NSE,STF,51725,,ADANIENSOL,,2026-03-30,2026-03-30,,,ADANIENSOL26MARFUT,1038.0,1046.6,1026.0,1044.3,1040.95,1036.65,1035.7,1044.3,2895075,2284200,3809,2658562020.0,1864,F1,675,,,,,
2026-02-18,2026-02-18,FO,NSE,STO,69575,,ADANIENSOL,,2026-02-24,2026-02-24,720.0,CE,ADANIENSOL26FEB720CE,0.0,0.0,0.0,300.9,300.9,300.9,1035.7,316.35,3375,0,0,0.0,0,F1,675,,,,,
2026-02-18,2026-02-18,FO,NSE,STO,69583,,ADANIENSOL,,2026-02-24,2026-02-24,800.0,CE,ADANIENSOL26FEB800CE,0.0,0.0,0.0,215.0,215.0,215.0,1035.7,236.4,8775,0,0,0.0,0,F1,675,,,,,
2026-02-18,2026-02-18,FO,NSE,STO,69615,,ADANIENSOL,,2026-02-24,2026-02-24,1120.0,CE,ADANIENSOL26FEB1120CE,1.7,1.7,1.1,1.45,1.5,2.05,1035.7,1.45,45225,0,32,24221666.25,30,F1,675,,,,,
2026-02-18,2026-02-18,FO,NSE,STO,57938,,ADANIENSOL,,2026-03-30,2026-03-30,740.0,CE,ADANIENSOL26MAR740CE,0.0,0.0,0.0,304.3,0.0,304.3,1035.7,300.7,0,0,0,0.0,0,F1,675,,,,,
2026-02-18,2026-02-18,FO,NSE,STO,57942,,ADANIENSOL,,2026-03-30,2026-03-30,780.0,CE,ADANIENSOL26MAR780CE,0.0,0.0,0.0,270.2,0.0,270.2,1035.7,261.8,0,0,0,0.0,0,F1,675,,,,,
2026-02-18,2026-02-18,FO,NSE,STO,76212,,ADANIENSOL,,2026-03-30,2026-03-30,870.0,CE,ADANIENSOL26MAR870CE,0.0,0.0,0.0,68.9,0.0,68.9,1035.7,179.0,0,0,0,0.0,0,F1,675,,,,,
2026-02-18,2026-02-18,FO,NSE,STO,57978,,ADANIENSOL,,2026-03-30,2026-03-30,980.0,CE,ADANIENSOL26MAR980CE,0.0,0.0,0.0,132.55,0.0,132.55,1035.7,96.2,0,0,0,0.0,0,F1,675,,,,,
2026-02-18,2026-02-18,FO,NSE,STO,58012,,ADANIENSOL,,2026-03-30,2026-03-30,1120.0,CE,ADANIENSOL26MAR1120CE,0.0,0.0,0.0,72.4,0.0,72.4,1035.7,33.1,0,0,0,0.0,0,F1,675,,,,,
2026-02-18,2026-02-18,FO,NSE,STO,76494,,ADANIENSOL,,2026-04-28,2026-04-28,740.0,CE,ADANIENSOL26APR740CE,0.0,0.0,0.0,156.95,0.0,156.95,1035.7,306.15,0,0,0,0.0,0,F1,675,,,,,
2026-02-18,2026-02-18,FO,NSE,STO,76535,,ADANIENSOL,,2026-04-28,2026-04-28,960.0,CE,ADANIENSOL26APR960CE,0.0,0.0,0.0,54.25,0.0,54.25,1035.7,128.5,0,0,0,0.0,0,F1,675,,,,,
2026-02-18,2026-02-18,FO,NSE,STO,76543,,ADANIENSOL,,2026-04-28,2026-04-28,1040.0,CE,ADANIENSOL26APR1040CE,0.0,0.0,0.0,34.95,0.0,34.95,1035.7,84.8,0,0,0,0.0,0,F1,675,,,,,
2026-02-18,2026-02-18,FO,NSE,STO,57736,,ADANIENSOL,,2026-02-24,2026-02-24,660.0,PE,ADANIENSOL26FEB660PE,0.1,0.1,0.1,0.1,0.1,0.05,1035.7,0.05,2025,-675,1,445567.5,1,F1,675,,,,,
2026-02-18,2026-02-18,FO,NSE,STO,69574,,ADANIENSOL,,2026-02-24,2026-02-24,680.0,PE,ADANIENSOL26FEB680PE,0.0,0.0,0.0,0.45,0.45,0.45,1035.7,0.05,0,0,0,0.0,0,F1,675,,,,,
2026-02-18,2026-02-18,FO,NSE,STO,69576,,ADANIENSOL,,2026-02-24,2026-02-24,720.0,PE,ADANIENSOL26FEB720PE,0.15,0.25,0.15,0.25,0.25,0.4,1035.7,0.05,35100,0,7,3403113.75,2,F1,675,,,,,
2026-02-18,2026-02-18,FO,NSE,STO,57740,,ADANIENSOL,,2026-02-24,2026-02-24,730.0,PE,ADANIENSOL26FEB730PE,0.0,0.0,0.0,0.4,0.4,0.4,1035.7,0.05,0,0,0,0.0,0,F1,675,,,,,
2026-02-18,2026-02-18,FO,NSE,STO,76296,,ADANIENSOL,,2026-03-30,2026-03-30,930.0,PE,ADANIENSOL26MAR930PE,0.0,0.0,0.0,117.95,0.0,117.95,1035.7,19.25,0,0,0,0.0,0,F1,675,,,,,
2026-02-18,2026-02-18,FO,NSE,STO,57844,,ADANIENSOL,,2026-02-24,2026-02-24,1070.0,PE,ADANIENSOL26FEB1070PE,50.9,52.25,43.0,44.55,44.55,66.4,1035.7,44.75,4050,2700,7,5276373.75,7,F1,675,,,,,
2026-02-18,2026-02-18,FO,NSE,STO,69596,,ADANIENSOL,,2026-02-24,2026-02-24,920.0,PE,ADANIENSOL26FEB920PE,0.95,0.95,0.8,0.8,0.8,1.3,1035.7,0.45,58050,-5400,15,9323538.75,15,F1,675,,,,,
2026-02-18,2026-02-18,FO,NSE,STO,57783,,ADANIENSOL,,2026-02-24,2026-02-24,850.0,PE,ADANIENSOL26FEB850PE,0.75,1.0,0.75,1.0,1.0,1.3,1035.7,1.0,135675,10125,18,10338637.5,15,F1,675,,,,,
2026-02-18,2026-02-18,FO,NSE,STO,69580,,ADANIENSOL,,2026-02-24,2026-02-24,760.0,PE,ADANIENSOL26FEB760PE,0.25,0.25,0.2,0.2,0.2,0.1,1035.7,0.05,28350,-1350,14,7183991.25,13,F1,675,,,,,
2026-02-18,2026-02-18,FO,NSE,STO,76596,,ADANIENSOL,,2026-04-28,2026-04-28,1200.0,PE,ADANIENSOL26APR1200PE,0.0,0.0,0.0,346.1,0.0,346.1,1035.7,183.75,0,0,0,0.0,0,F1,675,,,,,
2026-02-18,2026-02-18,FO,NSE,STO,76523,,ADANIENSOL,,2026-04-28,2026-04-28,840.0,PE,ADANIENSOL26APR840PE,0.0,0.0,0.0,78.0,0.0,78.0,1035.7,12.4,0,0,0,0.0,0,F1,675,,,,,
2026-02-18,2026-02-18,FO,NSE,STO,58019,,ADANIENSOL,,2026-03-30,2026-03-30,1160.0,PE,ADANIENSOL26MAR1160PE,0.0,0.0,0.0,178.8,0.0,178.8,1035.7,140.45,0,0,0,0.0,0,F1,675,,,,,
2026-02-18,2026-02-18,FO,NSE,STO,76352,,ADANIENSOL,,2026-03-30,2026-03-30,1110.0,PE,ADANIENSOL26MAR1110PE,0.0,0.0,0.0,261.8,0.0,261.8,1035.7,103.75,0,0,0,0.0,0,F1,675,,,,,
2026-02-18,2026-02-18,FO,NSE,STO,58011,,ADANIENSOL,,2026-03-30,2026-03-30,1100.0,PE,ADANIENSOL26MAR1100PE,92.75,94.4,80.8,81.85,82.25,89.0,1035.7,81.85,58725,37800,57,45626928.75,21,F1,675,,,,,
2026-02-18,2026-02-18,FO,NSE,STO,57983,,ADANIENSOL,,2026-03-30,2026-03-30,980.0,PE,ADANIENSOL26MAR980PE,0.0,0.0,0.0,73.85,0.0,73.85,1035.7,34.6,0,0,0,0.0,0,F1,675,,,,,
2026-02-18,2026-02-18,FO,NSE,STO,76538,,ADANIENSOL,,2026-04-28,2026-04-28,980.0,PE,ADANIENSOL26APR980PE,0.0,0.0,0.0,164.6,0.0,164.6,1035.7,50.6,0,0,0,0.0,0,F1,675,,,,,
2026-02-18,2026-02-18,FO,NSE,STO,57936,,ADANIENSOL,,2026-03-30,2026-03-30,720.0,CE,ADANIENSOL26MAR720CE,0.0,0.0,0.0,322.0,0.0,322.0,1035.7,320.35,0,0,0,0.0,0,F1,675,,,,,
2026-02-18,2026-02-18,FO,NSE,STO,76199,,ADANIENSOL,,2026-03-30,2026-03-30,750.0,CE,ADANIENSOL26MAR750CE,0.0,0.0,0.0,135.6,0.0,135.6,1035.7,290.9,0,0,0,0.0,0,F1,675,,,,,
2026-02-18,2026-02-18,FO,NSE,STO,57964,,ADANIENSOL,,2026-03-30,2026-03-30,900.0,CE,ADANIENSOL26MAR900CE,140.0,151.45,140.0,151.45,151.4,145.05,1035.7,151.45,33750,4050,21,14838052.5,10,F1,675,,,,,
2026-02-18,2026-02-18,FO,NSE,STO,57972,,ADANIENSOL,,2026-03-30,2026-03-30,940.0,CE,ADANIENSOL26MAR940CE,120.0,120.0,118.5,119.0,118.5,155.15,1035.7,119.0,3375,3375,5,3574125.0,5,F1,675,,,,,
2026-02-18,2026-02-18,FO,NSE,STO,76314,,ADANIENSOL,,2026-03-30,2026-03-30,950.0,CE,ADANIENSOL26MAR950CE,0.0,0.0,0.0,85.4,85.4,85.4,1035.7,116.05,0,0,0,0.0,0,F1,675,,,,,
2026-02-18,2026-02-18,FO,NSE,STO,57988,,ADANIENSOL,,2026-03-30,2026-03-30,1040.0,CE,ADANIENSOL26MAR1040CE,46.0,52.4,45.75,51.3,51.0,103.25,1035.7,51.3,14850,14850,38,27945675.0,28,F1,675,,,,,
2026-02-18,2026-02-18,FO,NSE,STO,76345,,ADANIENSOL,,2026-03-30,2026-03-30,1090.0,CE,ADANIENSOL26MAR1090CE,0.0,0.0,0.0,14.65,0.0,14.65,1035.7,42.7,0,0,0,0.0,0,F1,675,,,,,
2026-02-18,2026-02-18,FO,NSE,STO,76529,,ADANIENSOL,,2026-04-28,2026-04-28,900.0,PE,ADANIENSOL26APR900PE,0.0,0.0,0.0,111.4,0.0,111.4,1035.7,24.45,0,0,0,0.0,0,F1,675,,,,,
2026-02-18,2026-02-18,FO,NSE,STO,57804,,ADANIENSOL,,2026-02-24,2026-02-24,910.0,CE,ADANIENSOL26FEB910CE,0.0,0.0,0.0,127.85,127.85,127.85,1035.7,126.8,83025,0,0,0.0,0,F1,675,,,,,
2026-02-18,2026-02-18,FO,NSE,STO,57973,,ADANIENSOL,,2026-03-30,2026-03-30,940.0,PE,ADANIENSOL26MAR940PE,0.0,0.0,0.0,57.1,0.0,57.1,1035.7,21.85,0,0,0,0.0,0,F1,675,,,,,
2026-02-18,2026-02-18,FO,NSE,STO,76573,,ADANIENSOL,,2026-04-28,2026-04-28,1120.0,PE,ADANIENSOL26APR1120PE,0.0,0.0,0.0,275.75,0.0,275.75,1035.7,125.95,0,0,0,0.0,0,F1,675,,,,,
2026-02-18,2026-02-18,FO,NSE,STO,57946,,ADANIENSOL,,2026-03-30,2026-03-30,800.0,CE,ADANIENSOL26MAR800CE,0.0,0.0,0.0,253.85,0.0,253.85,1035.7,242.7,0,0,0,0.0,0,F1,675,,,,,
2026-02-18,2026-02-18,FO,NSE,STO,69613,,ADANIENSOL,,2026-02-24,2026-02-24,1100.0,CE,ADANIENSOL26FEB1100CE,3.05,3.05,1.7,2.6,2.6,3.35,1035.7,2.6,238950,-13500,453,337045083.75,367,F1,675,,,,,
2026-02-18,2026-02-18,FO,NSE,STO,57845,,ADANIENSOL,,2026-02-24,2026-02-24,1090.0,CE,ADANIENSOL26FEB1090CE,4.15,4.15,2.4,3.45,3.45,4.55,1035.7,3.45,79650,-9450,62,45748935.0,54,F1,675,,,,,
2026-02-18,2026-02-18,FO,NSE,STO,57831,,ADANIENSOL,,2026-02-24,2026-02-24,990.0,CE,ADANIENSOL26FEB990CE,40.25,49.55,38.3,48.65,48.85,46.4,1035.7,48.65,76950,-4725,25,17464916.25,24,F1,675,,,,,
2026-02-18,2026-02-18,FO,NSE,STO,69593,,ADANIENSOL,,2026-02-24,2026-02-24,900.0,CE,ADANIENSOL26FEB900CE,123.0,136.35,122.95,136.35,136.3,131.0,1035.7,136.35,141075,-1350,9,6248475.0,8,F1,675,,,,,
2026-02-18,2026-02-18,FO,NSE,STO,57762,,ADANIENSOL,,2026-02-24,2026-02-24,770.0,CE,ADANIENSOL26FEB770CE,0.0,0.0,0.0,260.45,260.45,260.45,1035.7,266.4,2025,0,0,0.0,0,F1,675,,,,,
2026-02-18,2026-02-18,FO,NSE,STO,69579,,ADANIENSOL,,2026-02-24,2026-02-24,760.0,CE,ADANIENSOL26FEB760CE,0.0,0.0,0.0,242.65,0.0,242.65,1035.7,276.4,0,0,0,0.0,0,F1,675,,,,,
2026-02-18,2026-02-18,FO,NSE,STO,76534,,ADANIENSOL,,2026-04-28,2026-04-28,940.0,PE,ADANIENSOL26APR940PE,0.0,0.0,0.0,136.85,0.0,136.85,1035.7,36.0,0,0,0,0.0,0,F1,675,,,,,
2026-02-18,2026-02-18,FO,NSE,STO,58014,,ADANIENSOL,,2026-03-30,2026-03-30,1140.0,CE,ADANIENSOL26MAR1140CE,0.0,0.0,0.0,66.05,0.0,66.05,1035.7,27.75,0,0,0,0.0,0,F1,675,,,,,
2026-02-18,2026-02-18,FO,NSE,STO,76549,,ADANIENSOL,,2026-04-28,2026-04-28,1080.0,CE,ADANIENSOL26APR1080CE,0.0,0.0,0.0,27.8,0.0,27.8,1035.7,67.6,0,0,0,0.0,0,F1,675,,,,,
2026-02-18,2026-02-18,FO,NSE,STO,69608,,ADANIENSOL,,2026-02-24,2026-02-24,1040.0,PE,ADANIENSOL26FEB1040PE,27.0,30.5,18.7,20.1,20.0,26.5,1035.7,20.1,90450,7425,44,31583283.75,39,F1,675,,,,,
2026-02-18,2026-02-18,FO,NSE,STO,69622,,ADANIENSOL,,2026-02-24,2026-02-24,1180.0,PE,ADANIENSOL26FEB1180PE,0.0,0.0,0.0,233.0,0.0,233.0,1035.7,143.55,0,0,0,0.0,0,F1,675,,,,,
2026-02-18,2026-02-18,FO,NSE,STO,69626,,ADANIENSOL,,2026-02-24,2026-02-24,1220.0,PE,ADANIENSOL26FEB1220PE,0.0,0.0,0.0,241.05,241.05,241.05,1035.7,183.25,8100,0,0,0.0,0,F1,675,,,,,
2026-02-18,2026-02-18,FO,NSE,STO,76209,,ADANIENSOL,,2026-03-30,2026-03-30,830.0,PE,ADANIENSOL26MAR830PE,0.0,0.0,0.0,59.85,0.0,59.85,1035.7,4.0,0,0,0,0.0,0,F1,675,,,,,
2026-02-18,2026-02-18,FO,NSE,STO,57842,,ADANIENSOL,,2026-02-24,2026-02-24,1050.0,PE,ADANIENSOL26FEB1050PE,35.25,38.0,25.05,26.15,26.25,33.15,1035.7,26.15,29025,-4050,20,14599710.0,20,F1,675,,,,,
2026-02-18,2026-02-18,FO,NSE,STO,69614,,ADANIENSOL,,2026-02-24,2026-02-24,1100.0,PE,ADANIENSOL26FEB1100PE,77.2,79.2,67.05,67.1,67.1,73.7,1035.7,68.35,16875,4050,13,10296821.25,13,F1,675,,,,,
2026-02-18,2026-02-18,FO,NSE,STO,76205,,ADANIENSOL,,2026-03-30,2026-03-30,790.0,PE,ADANIENSOL26MAR790PE,0.0,0.0,0.0,42.45,0.0,42.45,1035.7,1.8,0,0,0,0.0,0,F1,675,,,,,
2026-02-18,2026-02-18,FO,NSE,STO,57951,,ADANIENSOL,,2026-03-30,2026-03-30,840.0,PE,ADANIENSOL26MAR840PE,0.0,0.0,0.0,26.15,0.0,26.15,1035.7,4.85,0,0,0,0.0,0,F1,675,,,,,
2026-02-18,2026-02-18,FO,NSE,STO,58013,,ADANIENSOL,,2026-03-30,2026-03-30,1120.0,PE,ADANIENSOL26MAR1120PE,0.0,0.0,0.0,151.7,0.0,151.7,1035.7,110.7,0,0,0,0.0,0,F1,675,,,,,
2026-02-18,2026-02-18,FO,NSE,STO,76438,,ADANIENSOL,,2026-04-28,2026-04-28,680.0,PE,ADANIENSOL26APR680PE,0.0,0.0,0.0,20.25,0.0,20.25,1035.7,0.85,0,0,0,0.0,0,F1,675,,,,,
2026-02-18,2026-02-18,FO,NSE,STO,57777,,ADANIENSOL,,2026-02-24,2026-02-24,830.0,CE,ADANIENSOL26FEB830CE,200.0,200.0,200.0,200.0,200.0,190.0,1035.7,206.45,49950,-675,1,695250.0,1,F1,675,,,,,
2026-02-18,2026-02-18,FO,NSE,STO,57786,,ADANIENSOL,,2026-02-24,2026-02-24,890.0,CE,ADANIENSOL26FEB890CE,0.0,0.0,0.0,139.5,139.5,139.5,1035.7,146.6,67500,0,0,0.0,0,F1,675,,,,,
2026-02-18,2026-02-18,FO,NSE,STO,69607,,ADANIENSOL,,2026-02-24,2026-02-24,1040.0,CE,ADANIENSOL26FEB1040CE,16.55,17.4,10.6,16.6,15.65,16.55,1035.7,16.6,179550,38475,384,273289140.0,312,F1,675,,,,,
2026-02-18,2026-02-18,FO,NSE,STO,57934,,ADANIENSOL,,2026-03-30,2026-03-30,680.0,CE,ADANIENSOL26MAR680CE,0.0,0.0,0.0,358.35,0.0,358.35,1035.7,359.85,0,0,0,0.0,0,F1,675,,,,,
2026-02-18,2026-02-18,FO,NSE,STO,76206,,ADANIENSOL,,2026-03-30,2026-03-30,810.0,CE,ADANIENSOL26MAR810CE,0.0,0.0,0.0,98.3,0.0,98.3,1035.7,233.3,0,0,0,0.0,0,F1,675,,,,,
2026-02-18,2026-02-18,FO,NSE,STO,76216,,ADANIENSOL,,2026-03-30,2026-03-30,910.0,CE,ADANIENSOL26MAR910CE,0.0,0.0,0.0,53.4,0.0,53.4,1035.7,145.9,0,0,0,0.0,0,F1,675,,,,,
2026-02-18,2026-02-18,FO,NSE,STO,57974,,ADANIENSOL,,2026-03-30,2026-03-30,960.0,CE,ADANIENSOL26MAR960CE,97.0,99.0,97.0,98.0,98.0,80.0,1035.7,109.2,3375,2700,4,2856802.5,4,F1,675,,,,,
2026-02-18,2026-02-18,FO,NSE,STO,76551,,ADANIENSOL,,2026-04-28,2026-04-28,1100.0,CE,ADANIENSOL26APR1100CE,0.0,0.0,0.0,24.75,0.0,24.75,1035.7,60.05,0,0,0,0.0,0,F1,675,,,,,
2026-02-18,2026-02-18,FO,NSE,STO,76595,,ADANIENSOL,,2026-04-28,2026-04-28,1200.0,CE,ADANIENSOL26APR1200CE,0.0,0.0,0.0,13.6,0.0,13.6,1035.7,31.85,0,0,0,0.0,0,F1,675,,,,,
2026-02-18,2026-02-18,FO,NSE,STO,57759,,ADANIENSOL,,2026-02-24,2026-02-24,750.0,PE,ADANIENSOL26FEB750PE,0.0,0.0,0.0,0.15,0.15,0.15,1035.7,0.05,18225,0,0,0.0,0,F1,675,,,,,
2026-02-18,2026-02-18,FO,NSE,STO,69590,,ADANIENSOL,,2026-02-24,2026-02-24,860.0,PE,ADANIENSOL26FEB860PE,0.55,1.3,0.55,0.9,0.9,0.9,1035.7,0.05,103275,1350,31,18014197.5,22,F1,675,,,,,
2026-02-18,2026-02-18,FO,NSE,STO,76210,,ADANIENSOL,,2026-03-30,2026-03-30,850.0,CE,ADANIENSOL26MAR850CE,0.0,0.0,0.0,77.85,0.0,77.85,1035.7,196.6,0,0,0,0.0,0,F1,675,,,,,
2026-02-18,2026-02-18,FO,NSE,STO,76197,,ADANIENSOL,,2026-03-30,2026-03-30,730.0,CE,ADANIENSOL26MAR730CE,0.0,0.0,0.0,149.75,0.0,149.75,1035.7,310.5,0,0,0,0.0,0,F1,675,,,,,
2026-02-18,2026-02-18,FO,NSE,STO,69625,,ADANIENSOL,,2026-02-24,2026-02-24,1220.0,CE,ADANIENSOL26FEB1220CE,0.0,0.0,0.0,0.6,0.6,0.6,1035.7,0.05,8775,0,0,0.0,0,F1,675,,,,,
2026-02-18,2026-02-18,FO,NSE,STO,69601,,ADANIENSOL,,2026-02-24,2026-02-24,980.0,CE,ADANIENSOL26FEB980CE,49.8,57.75,47.0,57.2,57.75,54.35,1035.7,57.2,130275,-2700,11,7668337.5,10,F1,675,,,,,
2026-02-18,2026-02-18,FO,NSE,STO,69595,,ADANIENSOL,,2026-02-24,2026-02-24,920.0,CE,ADANIENSOL26FEB920CE,116.0,118.0,116.0,118.0,118.0,109.8,1035.7,118.0,49950,0,4,2799900.0,2,F1,675,,,,,
2026-02-18,2026-02-18,FO,NSE,STO,57781,,ADANIENSOL,,2026-02-24,2026-02-24,850.0,CE,ADANIENSOL26FEB850CE,0.0,0.0,0.0,176.75,176.75,176.75,1035.7,186.45,70875,0,0,0.0,0,F1,675,,,,,
2026-02-18,2026-02-18,FO,NSE,STO,69573,,ADANIENSOL,,2026-02-24,2026-02-24,680.0,CE,ADANIENSOL26FEB680CE,0.0,0.0,0.0,309.7,0.0,309.7,1035.7,356.3,0,0,0,0.0,0,F1,675,,,,,
2026-02-18,2026-02-18,FO,NSE,STO,76342,,ADANIENSOL,,2026-03-30,2026-03-30,1050.0,PE,ADANIENSOL26MAR1050PE,0.0,0.0,0.0,56.75,56.75,56.75,1035.7,66.65,3375,0,0,0.0,0,F1,675,,,,,
2026-02-18,2026-02-18,FO,NSE,STO,76531,,ADANIENSOL,,2026-04-28,2026-04-28,920.0,PE,ADANIENSOL26APR920PE,0.0,0.0,0.0,123.85,0.0,123.85,1035.7,29.85,0,0,0,0.0,0,F1,675,,,,,
2026-02-18,2026-02-18,FO,NSE,STO,69600,,ADANIENSOL,,2026-02-24,2026-02-24,960.0,PE,ADANIENSOL26FEB960PE,1.5,2.7,1.3,1.3,1.3,2.5,1035.7,2.6,236925,0,101,65584012.5,76,F1,675,,,,,
2026-02-18,2026-02-18,FO,NSE,STO,57834,,ADANIENSOL,,2026-02-24,2026-02-24,990.0,PE,ADANIENSOL26FEB990PE,5.9,7.15,3.45,3.6,3.65,6.25,1035.7,3.6,153225,-2025,116,77940022.5,112,F1,675,,,,,
2026-02-18,2026-02-18,FO,NSE,STO,69610,,ADANIENSOL,,2026-02-24,2026-02-24,1060.0,PE,ADANIENSOL26FEB1060PE,41.0,41.0,30.65,32.75,33.3,39.5,1035.7,32.75,22950,-22950,56,41449185.0,28,F1,675,,,,,
2026-02-18,2026-02-18,FO,NSE,STO,57935,,ADANIENSOL,,2026-03-30,2026-03-30,680.0,PE,ADANIENSOL26MAR680PE,0.0,0.0,0.0,4.15,0.0,4.15,1035.7,0.1,0,0,0,0.0,0,F1,675,,,,,
2026-02-18,2026-02-18,FO,NSE,STO,76317,,ADANIENSOL,,2026-03-30,2026-03-30,970.0,PE,ADANIENSOL26MAR970PE,0.0,0.0,0.0,40.75,40.75,40.75,1035.7,31.05,1350,0,0,0.0,0,F1,675,,,,,
2026-02-18,2026-02-18,FO,NSE,STO,76215,,ADANIENSOL,,2026-03-30,2026-03-30,890.0,PE,ADANIENSOL26MAR890PE,0.0,0.0,0.0,12.05,12.05,12.05,1035.7,11.05,3375,0,0,0.0,0,F1,675,,,,,
2026-02-18,2026-02-18,FO,NSE,STO,57952,,ADANIENSOL,,2026-03-30,2026-03-30,860.0,CE,ADANIENSOL26MAR860CE,0.0,0.0,0.0,208.05,0.0,208.05,1035.7,187.75,0,0,0,0.0,0,F1,675,,,,,
2026-02-18,2026-02-18,FO,NSE,STO,76214,,ADANIENSOL,,2026-03-30,2026-03-30,890.0,CE,ADANIENSOL26MAR890CE,0.0,0.0,0.0,60.75,0.0,60.75,1035.7,162.1,0,0,0,0.0,0,F1,675,,,,,
2026-02-18,2026-02-18,FO,NSE,STO,76255,,ADANIENSOL,,2026-03-30,2026-03-30,930.0,CE,ADANIENSOL26MAR930CE,0.0,0.0,0.0,46.75,0.0,46.75,1035.7,130.55,0,0,0,0.0,0,F1,675,,,,,
2026-02-18,2026-02-18,FO,NSE,STO,76518,,ADANIENSOL,,2026-04-28,2026-04-28,800.0,CE,ADANIENSOL26APR800CE,0.0,0.0,0.0,120.55,0.0,120.55,1035.7,251.2,0,0,0,0.0,0,F1,675,,,,,
2026-02-18,2026-02-18,FO,NSE,STO,76574,,ADANIENSOL,,2026-04-28,2026-04-28,1140.0,CE,ADANIENSOL26APR1140CE,0.0,0.0,0.0,19.55,0.0,19.55,1035.7,47.0,0,0,0,0.0,0,F1,675,,,,,
2026-02-18,2026-02-18,FO,NSE,STO,35548,,ADANIENSOL,,2026-02-24,2026-02-24,740.0,PE,ADANIENSOL26FEB740PE,0.05,4.1,0.05,0.35,0.15,0.1,1035.7,0.35,35775,26325,97,48563145.0,31,F1,675,,,,,
2026-02-18,2026-02-18,FO,NSE,STO,69619,,ADANIENSOL,,2026-02-24,2026-02-24,1160.0,CE,ADANIENSOL26FEB1160CE,0.45,0.45,0.45,0.45,0.45,0.95,1035.7,0.65,16875,-675,1,783303.75,1,F1,675,,,,,
2026-02-18,2026-02-18,FO,NSE,STO,57843,,ADANIENSOL,,2026-02-24,2026-02-24,1070.0,CE,ADANIENSOL26FEB1070CE,7.7,7.7,4.15,6.55,6.25,7.6,1035.7,6.55,87075,-2025,102,74023976.25,99,F1,675,,,,,
2026-02-18,2026-02-18,FO,NSE,STO,69599,,ADANIENSOL,,2026-02-24,2026-02-24,960.0,CE,ADANIENSOL26FEB960CE,67.7,76.25,65.9,76.1,76.2,71.95,1035.7,76.1,78300,0,12,8354137.5,12,F1,675,,,,,
2026-02-18,2026-02-18,FO,NSE,STO,76553,,ADANIENSOL,,2026-04-28,2026-04-28,1100.0,PE,ADANIENSOL26APR1100PE,0.0,0.0,0.0,258.8,0.0,258.8,1035.7,113.0,0,0,0,0.0,0,F1,675,,,,,
2026-02-18,2026-02-18,FO,NSE,STO,76548,,ADANIENSOL,,2026-04-28,2026-04-28,1060.0,PE,ADANIENSOL26APR1060PE,0.0,0.0,0.0,225.85,0.0,225.85,1035.7,89.15,0,0,0,0.0,0,F1,675,,,,,
2026-02-18,2026-02-18,FO,NSE,STO,76525,,ADANIENSOL,,2026-04-28,2026-04-28,860.0,PE,ADANIENSOL26APR860PE,0.0,0.0,0.0,88.45,0.0,88.45,1035.7,15.75,0,0,0,0.0,0,F1,675,,,,,
2026-02-18,2026-02-18,FO,NSE,STO,76517,,ADANIENSOL,,2026-04-28,2026-04-28,780.0,PE,ADANIENSOL26APR780PE,0.0,0.0,0.0,50.9,0.0,50.9,1035.7,5.4,0,0,0,0.0,0,F1,675,,,,,
2026-02-18,2026-02-18,FO,NSE,STO,76315,,ADANIENSOL,,2026-03-30,2026-03-30,950.0,PE,ADANIENSOL26MAR950PE,0.0,0.0,0.0,131.8,0.0,131.8,1035.7,24.65,0,0,0,0.0,0,F1,675,,,,,
2026-02-18,2026-02-18,FO,NSE,STO,57953,,ADANIENSOL,,2026-03-30,2026-03-30,860.0,PE,ADANIENSOL26MAR860PE,0.0,0.0,0.0,7.9,7.9,7.9,1035.7,6.85,675,0,0,0.0,0,F1,675,,,,,
2026-02-18,2026-02-18,FO,NSE,STO,57939,,ADANIENSOL,,2026-03-30,2026-03-30,740.0,PE,ADANIENSOL26MAR740PE,0.0,0.0,0.0,9.2,0.0,9.2,1035.7,0.55,0,0,0,0.0,0,F1,675,,,,,
2026-02-18,2026-02-18,FO,NSE,STO,69618,,ADANIENSOL,,2026-02-24,2026-02-24,1140.0,PE,ADANIENSOL26FEB1140PE,0.0,0.0,0.0,202.6,0.0,202.6,1035.7,104.65,0,0,0,0.0,0,F1,675,,,,,
2026-02-18,2026-02-18,FO,NSE,STO,57848,,ADANIENSOL,,2026-02-24,2026-02-24,1090.0,PE,ADANIENSOL26FEB1090PE,68.05,69.9,61.2,61.2,61.2,69.5,1035.7,60.05,6075,2025,9,7017367.5,9,F1,675,,,,,
2026-02-18,2026-02-18,FO,NSE,STO,69594,,ADANIENSOL,,2026-02-24,2026-02-24,900.0,PE,ADANIENSOL26FEB900PE,1.0,1.1,0.7,0.85,0.85,1.15,1035.7,0.85,204525,-25650,84,51077553.75,57,F1,675,,,,,
2026-02-18,2026-02-18,FO,NSE,STO,57785,,ADANIENSOL,,2026-02-24,2026-02-24,870.0,PE,ADANIENSOL26FEB870PE,1.4,1.4,0.8,0.9,0.9,1.15,1035.7,0.05,63450,3375,30,17635860.0,21,F1,675,,,,,
2026-02-18,2026-02-18,FO,NSE,STO,76541,,ADANIENSOL,,2026-04-28,2026-04-28,1020.0,CE,ADANIENSOL26APR1020CE,0.0,0.0,0.0,39.1,0.0,39.1,1035.7,94.55,0,0,0,0.0,0,F1,675,,,,,
2026-02-18,2026-02-18,FO,NSE,STO,76530,,ADANIENSOL,,2026-04-28,2026-04-28,920.0,CE,ADANIENSOL26APR920CE,0.0,0.0,0.0,67.0,0.0,67.0,1035.7,155.05,0,0,0,0.0,0,F1,675,,,,,
2026-02-18,2026-02-18,FO,NSE,STO,58022,,ADANIENSOL,,2026-03-30,2026-03-30,1200.0,CE,ADANIENSOL26MAR1200CE,11.0,11.0,7.5,9.15,9.15,9.65,1035.7,15.75,27000,6750,21,17132073.75,20,F1,675,,,,,
2026-02-18,2026-02-18,FO,NSE,STO,57839,,ADANIENSOL,,2026-02-24,2026-02-24,1030.0,CE,ADANIENSOL26FEB1030CE,21.5,24.25,14.3,21.1,19.75,20.75,1035.7,21.1,149175,16200,346,244818922.5,331,F1,675,,,,,
2026-02-18,2026-02-18,FO,NSE,STO,69617,,ADANIENSOL,,2026-02-24,2026-02-24,1140.0,CE,ADANIENSOL26FEB1140CE,1.3,1.3,0.65,0.65,0.65,1.3,1035.7,0.65,28350,4725,26,20020938.75,22,F1,675,,,,,
2026-02-18,2026-02-18,FO,NSE,STO,57948,,ADANIENSOL,,2026-03-30,2026-03-30,820.0,CE,ADANIENSOL26MAR820CE,0.0,0.0,0.0,238.0,0.0,238.0,1035.7,223.95,0,0,0,0.0,0,F1,675,,,,,
2026-02-18,2026-02-18,FO,NSE,STO,76208,,ADANIENSOL,,2026-03-30,2026-03-30,830.0,CE,ADANIENSOL26MAR830CE,0.0,0.0,0.0,87.65,0.0,87.65,1035.7,214.7,0,0,0,0.0,0,F1,675,,,,,
2026-02-18,2026-02-18,FO,NSE,STO,76318,,ADANIENSOL,,2026-03-30,2026-03-30,990.0,CE,ADANIENSOL26MAR990CE,0.0,0.0,0.0,30.9,0.0,30.9,1035.7,90.05,0,0,0,0.0,0,F1,675,,,,,
2026-02-18,2026-02-18,FO,NSE,STO,57984,,ADANIENSOL,,2026-03-30,2026-03-30,1000.0,CE,ADANIENSOL26MAR1000CE,68.9,76.3,65.8,75.15,73.05,72.2,1035.7,75.15,54675,14175,50,36113040.0,46,F1,675,,,,,
2026-02-18,2026-02-18,FO,NSE,STO,57994,,ADANIENSOL,,2026-03-30,2026-03-30,1080.0,CE,ADANIENSOL26MAR1080CE,0.0,0.0,0.0,86.75,0.0,86.75,1035.7,46.35,0,0,0,0.0,0,F1,675,,,,,
2026-02-18,2026-02-18,FO,NSE,STO,76528,,ADANIENSOL,,2026-04-28,2026-04-28,900.0,CE,ADANIENSOL26APR900CE,0.0,0.0,0.0,74.3,0.0,74.3,1035.7,169.45,0,0,0,0.0,0,F1,675,,,,,
2026-02-18,2026-02-18,FO,NSE,STO,57808,,ADANIENSOL,,2026-02-24,2026-02-24,910.0,PE,ADANIENSOL26FEB910PE,1.0,1.0,0.75,0.8,0.8,1.3,1035.7,0.25,27675,-4725,17,10451801.25,14,F1,675,,,,,
2026-02-18,2026-02-18,FO,NSE,STO,69604,,ADANIENSOL,,2026-02-24,2026-02-24,1000.0,PE,ADANIENSOL26FEB1000PE,8.25,10.55,4.9,5.15,5.15,8.65,1035.7,5.15,326025,-20250,452,307416127.5,310,F1,675,,,,,
2026-02-18,2026-02-18,FO,NSE,STO,57850,,ADANIENSOL,,2026-02-24,2026-02-24,1110.0,PE,ADANIENSOL26FEB1110PE,0.0,0.0,0.0,84.7,84.7,84.7,1035.7,77.05,675,0,0,0.0,0,F1,675,,,,,
2026-02-18,2026-02-18,FO,NSE,STO,69620,,ADANIENSOL,,2026-02-24,2026-02-24,1160.0,PE,ADANIENSOL26FEB1160PE,0.0,0.0,0.0,217.6,0.0,217.6,1035.7,123.9,0,0,0,0.0,0,F1,675,,,,,
2026-02-18,2026-02-18,FO,NSE,STO,57937,,ADANIENSOL,,2026-03-30,2026-03-30,720.0,PE,ADANIENSOL26MAR720PE,0.0,0.0,0.0,7.15,0.0,7.15,1035.7,0.3,0,0,0,0.0,0,F1,675,,,,,
2026-02-18,2026-02-18,FO,NSE,STO,76198,,ADANIENSOL,,2026-03-30,2026-03-30,730.0,PE,ADANIENSOL26MAR730PE,0.0,0.0,0.0,23.0,0.0,23.0,1035.7,0.4,0,0,0,0.0,0,F1,675,,,,,
2026-02-18,2026-02-18,FO,NSE,STO,76338,,ADANIENSOL,,2026-03-30,2026-03-30,1010.0,PE,ADANIENSOL26MAR1010PE,0.0,0.0,0.0,177.1,0.0,177.1,1035.7,46.8,0,0,0,0.0,0,F1,675,,,,,
2026-02-18,2026-02-18,FO,NSE,STO,57995,,ADANIENSOL,,2026-03-30,2026-03-30,1080.0,PE,ADANIENSOL26MAR1080PE,0.0,0.0,0.0,126.6,0.0,126.6,1035.7,84.15,0,0,0,0.0,0,F1,675,,,,,
2026-02-18,2026-02-18,FO,NSE,STO,58017,,ADANIENSOL,,2026-03-30,2026-03-30,1140.0,PE,ADANIENSOL26MAR1140PE,0.0,0.0,0.0,165.0,0.0,165.0,1035.7,125.2,0,0,0,0.0,0,F1,675,,,,,
2026-02-18,2026-02-18,FO,NSE,STO,112897,,INDHOTEL,,2026-02-24,2026-02-24,565.0,CE,INDHOTEL26FEB565CE,0.0,0.0,0.0,170.5,0.0,170.5,695.1,130.6,0,0,0,0.0,0,F1,1000,,,,,
2026-02-18,2026-02-18,FO,NSE,STF,51919,,INDHOTEL,,2026-03-30,2026-03-30,,,INDHOTEL26MARFUT,690.0,700.2,687.4,699.1,696.9,692.1,695.1,699.1,2715000,752000,2993,2074618950.0,2429,F1,1000,,,,,
2026-02-18,2026-02-18,FO,NSE,STO,124359,,INDHOTEL,,2026-04-28,2026-04-28,760.0,CE,INDHOTEL26APR760CE,0.0,0.0,0.0,13.2,0.0,13.2,695.1,13.05,0,0,0,0.0,0,F1,1000,,,,,
2026-02-18,2026-02-18,FO,NSE,STO,43477,,INDHOTEL,,2026-02-24,2026-02-24,545.0,PE,INDHOTEL26FEB545PE,0.0,0.0,0.0,0.2,0.0,0.2,695.1,0.05,0,0,0,0.0,0,F1,1000,,,,,
2026-02-18,2026-02-18,FO,NSE,STO,113057,,INDHOTEL,,2026-02-24,2026-02-24,735.0,PE,INDHOTEL26FEB735PE,0.0,0.0,0.0,37.6,0.0,37.6,695.1,39.85,0,0,0,0.0,0,F1,1000,,,,,
2026-02-18,2026-02-18,FO,NSE,STO,113079,,INDHOTEL,,2026-02-24,2026-02-24,810.0,PE,INDHOTEL26FEB810PE,0.0,0.0,0.0,113.25,113.25,113.25,695.1,114.15,3000,0,0,0.0,0,F1,1000,,,,,
2026-02-18,2026-02-18,FO,NSE,STO,113333,,INDHOTEL,,2026-03-30,2026-03-30,720.0,PE,INDHOTEL26MAR720PE,36.5,39.5,31.85,31.85,31.85,37.5,695.1,31.85,32000,21000,24,18139500.0,22,F1,1000,,,,,
2026-02-18,2026-02-18,FO,NSE,STO,113343,,INDHOTEL,,2026-03-30,2026-03-30,740.0,PE,INDHOTEL26MAR740PE,55.0,55.0,55.0,55.0,55.0,48.75,695.1,50.95,8000,1000,1,795000.0,1,F1,1000,,,,,
2026-02-18,2026-02-18,FO,NSE,STO,113377,,INDHOTEL,,2026-03-30,2026-03-30,840.0,PE,INDHOTEL26MAR840PE,136.9,136.9,128.0,132.45,136.85,170.0,695.1,132.45,4000,3000,4,3889750.0,3,F1,1000,,,,,
2026-02-18,2026-02-18,FO,NSE,STO,124321,,INDHOTEL,,2026-04-28,2026-04-28,640.0,PE,INDHOTEL26APR640PE,0.0,0.0,0.0,32.85,0.0,32.85,695.1,9.8,0,0,0,0.0,0,F1,1000,,,,,
2026-02-18,2026-02-18,FO,NSE,STO,124346,,INDHOTEL,,2026-04-28,2026-04-28,710.0,CE,INDHOTEL26APR710CE,0.0,0.0,0.0,24.95,0.0,24.95,695.1,29.5,0,0,0,0.0,0,F1,1000,,,,,
2026-02-18,2026-02-18,FO,NSE,STO,124327,,INDHOTEL,,2026-04-28,2026-04-28,670.0,CE,INDHOTEL26APR670CE,0.0,0.0,0.0,39.5,0.0,39.5,695.1,50.7,0,0,0,0.0,0,F1,1000,,,,,
2026-02-18,2026-02-18,FO,NSE,STO,124217,,INDHOTEL,,2026-04-28,2026-04-28,560.0,CE,INDHOTEL26APR560CE,0.0,0.0,0.0,108.3,0.0,108.3,695.1,141.7,0,0,0,0.0,0,F1,1000,,,,,
2026-02-18,2026-02-18,FO,NSE,STO,124087,,INDHOTEL,,2026-03-30,2026-03-30,725.0,CE,INDHOTEL26MAR725CE,7.8,9.9,7.45,9.65,9.4,12.3,695.1,9.65,16000,4000,7,5133300.0,7,F1,1000,,,,,
2026-02-18,2026-02-18,FO,NSE,STO,103456,,INDHOTEL,,2026-02-24,2026-02-24,620.0,PE,INDHOTEL26FEB620PE,0.35,0.35,0.25,0.3,0.3,0.45,695.1,0.3,112000,-15000,23,14266700.0,19,F1,1000,,,,,
2026-02-18,2026-02-18,FO,NSE,STO,103464,,INDHOTEL,,2026-02-24,2026-02-24,700.0,PE,INDHOTEL26FEB700PE,20.15,20.2,9.75,10.7,11.55,17.05,695.1,10.7,787000,-80000,948,678742050.0,690,F1,1000,,,,,
2026-02-18,2026-02-18,FO,NSE,STO,113018,,INDHOTEL,,2026-02-24,2026-02-24,710.0,PE,INDHOTEL26FEB710PE,28.0,28.0,17.35,18.55,19.65,24.65,695.1,18.55,192000,-55000,570,419019400.0,442,F1,1000,,,,,
2026-02-18,2026-02-18,FO,NSE,STO,113067,,INDHOTEL,,2026-02-24,2026-02-24,770.0,PE,INDHOTEL26FEB770PE,79.0,79.95,79.0,79.95,79.95,61.75,695.1,74.2,94000,-1000,2,1698950.0,2,F1,1000,,,,,
2026-02-18,2026-02-18,FO,NSE,STO,103637,,INDHOTEL,,2026-02-24,2026-02-24,880.0,PE,INDHOTEL26FEB880PE,185.0,185.0,185.0,185.0,185.0,177.5,695.1,185.0,68000,-2000,2,2130000.0,1,F1,1000,,,,,
2026-02-18,2026-02-18,FO,NSE,STO,123748,,INDHOTEL,,2026-03-30,2026-03-30,545.0,PE,INDHOTEL26MAR545PE,0.0,0.0,0.0,3.2,0.0,3.2,695.1,0.05,0,0,0,0.0,0,F1,1000,,,,,
2026-02-18,2026-02-18,FO,NSE,STO,113357,,INDHOTEL,,2026-03-30,2026-03-30,760.0,PE,INDHOTEL26MAR760PE,64.75,64.75,64.75,64.75,64.75,67.3,695.1,66.7,24000,1000,1,824750.0,1,F1,1000,,,,,
2026-02-18,2026-02-18,FO,NSE,STO,124358,,INDHOTEL,,2026-04-28,2026-04-28,750.0,PE,INDHOTEL26APR750PE,0.0,0.0,0.0,102.25,0.0,102.25,695.1,62.7,0,0,0,0.0,0,F1,1000,,,,,
2026-02-18,2026-02-18,FO,NSE,STO,112924,,INDHOTEL,,2026-02-24,2026-02-24,625.0,CE,INDHOTEL26FEB625CE,0.0,0.0,0.0,114.85,0.0,114.85,695.1,70.65,0,0,0,0.0,0,F1,1000,,,,,
2026-02-18,2026-02-18,FO,NSE,STO,113061,,INDHOTEL,,2026-02-24,2026-02-24,750.0,PE,INDHOTEL26FEB750PE,63.0,63.0,54.5,55.35,55.15,56.35,695.1,55.35,236000,-9000,16,12934250.0,15,F1,1000,,,,,
2026-02-18,2026-02-18,FO,NSE,STO,123756,,INDHOTEL,,2026-03-30,2026-03-30,565.0,PE,INDHOTEL26MAR565PE,0.0,0.0,0.0,5.6,0.0,5.6,695.1,0.2,0,0,0,0.0,0,F1,1000,,,,,
2026-02-18,2026-02-18,FO,NSE,STO,124328,,INDHOTEL,,2026-04-28,2026-04-28,670.0,PE,INDHOTEL26APR670PE,0.0,0.0,0.0,47.9,0.0,47.9,695.1,18.7,0,0,0,0.0,0,F1,1000,,,,,
2026-02-18,2026-02-18,FO,NSE,STO,124349,,INDHOTEL,,2026-04-28,2026-04-28,720.0,PE,INDHOTEL26APR720PE,0.0,0.0,0.0,79.7,0.0,79.7,695.1,42.85,0,0,0,0.0,0,F1,1000,,,,,
2026-02-18,2026-02-18,FO,NSE,STO,113334,,INDHOTEL,,2026-03-30,2026-03-30,730.0,CE,INDHOTEL26MAR730CE,7.75,9.1,6.45,8.7,8.5,8.05,695.1,8.7,45000,20000,29,21393900.0,29,F1,1000,,,,,
2026-02-18,2026-02-18,FO,NSE,STO,124310,,INDHOTEL,,2026-04-28,2026-04-28,590.0,CE,INDHOTEL26APR590CE,0.0,0.0,0.0,85.4,0.0,85.4,695.1,113.6,0,0,0,0.0,0,F1,1000,,,,,
2026-02-18,2026-02-18,FO,NSE,STO,124333,,INDHOTEL,,2026-04-28,2026-04-28,700.0,CE,INDHOTEL26APR700CE,0.0,0.0,0.0,40.0,40.0,40.0,695.1,34.1,1000,0,0,0.0,0,F1,1000,,,,,
2026-02-18,2026-02-18,FO,NSE,STO,123956,,INDHOTEL,,2026-03-30,2026-03-30,585.0,CE,INDHOTEL26MAR585CE,0.0,0.0,0.0,81.65,0.0,81.65,695.1,114.15,0,0,0,0.0,0,F1,1000,,,,,
2026-02-18,2026-02-18,FO,NSE,STO,123972,,INDHOTEL,,2026-03-30,2026-03-30,645.0,CE,INDHOTEL26MAR645CE,0.0,0.0,0.0,42.35,0.0,42.35,695.1,60.15,0,0,0,0.0,0,F1,1000,,,,,
2026-02-18,2026-02-18,FO,NSE,STO,124074,,INDHOTEL,,2026-03-30,2026-03-30,675.0,CE,INDHOTEL26MAR675CE,0.0,0.0,0.0,28.5,0.0,28.5,695.1,38.6,0,0,0,0.0,0,F1,1000,,,,,
2026-02-18,2026-02-18,FO,NSE,STO,113338,,INDHOTEL,,2026-03-30,2026-03-30,740.0,CE,INDHOTEL26MAR740CE,5.65,6.25,4.9,6.15,6.2,5.85,695.1,6.15,186000,147000,196,146058450.0,101,F1,1000,,,,,
2026-02-18,2026-02-18,FO,NSE,STO,124314,,INDHOTEL,,2026-04-28,2026-04-28,610.0,CE,INDHOTEL26APR610CE,0.0,0.0,0.0,71.75,0.0,71.75,695.1,95.85,0,0,0,0.0,0,F1,1000,,,,,
2026-02-18,2026-02-18,FO,NSE,STO,124331,,INDHOTEL,,2026-04-28,2026-04-28,690.0,CE,INDHOTEL26APR690CE,0.0,0.0,0.0,31.6,0.0,31.6,695.1,39.15,0,0,0,0.0,0,F1,1000,,,,,
2026-02-18,2026-02-18,FO,NSE,STO,124350,,INDHOTEL,,2026-04-28,2026-04-28,730.0,CE,INDHOTEL26APR730CE,0.0,0.0,0.0,19.55,0.0,19.55,695.1,21.7,0,0,0,0.0,0,F1,1000,,,,,
2026-02-18,2026-02-18,FO,NSE,STO,112904,,INDHOTEL,,2026-02-24,2026-02-24,585.0,PE,INDHOTEL26FEB585PE,0.0,0.0,0.0,1.4,0.0,1.4,695.1,0.05,0,0,0,0.0,0,F1,1000,,,,,
2026-02-18,2026-02-18,FO,NSE,STO,103462,,INDHOTEL,,2026-02-24,2026-02-24,680.0,PE,INDHOTEL26FEB680PE,7.25,7.4,2.1,2.5,2.7,6.25,695.1,2.5,774000,52000,2304,1579053300.0,1649,F1,1000,,,,,
2026-02-18,2026-02-18,FO,NSE,STO,112995,,INDHOTEL,,2026-02-24,2026-02-24,690.0,PE,INDHOTEL26FEB690PE,12.25,13.0,4.6,5.4,6.15,10.4,695.1,5.4,526000,17000,2836,1985482450.0,1875,F1,1000,,,,,
2026-02-18,2026-02-18,FO,NSE,STO,113190,,INDHOTEL,,2026-03-30,2026-03-30,570.0,CE,INDHOTEL26MAR570CE,0.0,0.0,0.0,170.7,0.0,170.7,695.1,128.75,0,0,0,0.0,0,F1,1000,,,,,
2026-02-18,2026-02-18,FO,NSE,STO,123717,,INDHOTEL,,2026-03-30,2026-03-30,545.0,CE,INDHOTEL26MAR545CE,0.0,0.0,0.0,115.25,0.0,115.25,695.1,153.4,0,0,0,0.0,0,F1,1000,,,,,
2026-02-18,2026-02-18,FO,NSE,STO,113058,,INDHOTEL,,2026-02-24,2026-02-24,745.0,CE,INDHOTEL26FEB745CE,0.5,0.5,0.35,0.35,0.35,0.65,695.1,0.25,241000,-20000,41,30562800.0,30,F1,1000,,,,,
2026-02-18,2026-02-18,FO,NSE,STO,103455,,INDHOTEL,,2026-02-24,2026-02-24,620.0,CE,INDHOTEL26FEB620CE,67.5,67.5,64.8,64.8,64.8,70.0,695.1,75.65,6000,0,2,1372300.0,2,F1,1000,,,,,
2026-02-18,2026-02-18,FO,NSE,STO,112907,,INDHOTEL,,2026-02-24,2026-02-24,595.0,CE,INDHOTEL26FEB595CE,0.0,0.0,0.0,142.0,0.0,142.0,695.1,100.65,0,0,0,0.0,0,F1,1000,,,,,
2026-02-18,2026-02-18,FO,NSE,STO,112905,,INDHOTEL,,2026-02-24,2026-02-24,590.0,CE,INDHOTEL26FEB590CE,0.0,0.0,0.0,146.65,0.0,146.65,695.1,105.65,0,0,0,0.0,0,F1,1000,,,,,
2026-02-18,2026-02-18,FO,NSE,STF,66860,,INDHOTEL,,2026-04-28,2026-04-28,,,INDHOTEL26APRFUT,692.0,705.0,692.0,703.95,705.0,696.0,695.1,703.95,155000,42000,49,34348800.0,46,F1,1000,,,,,
2026-02-18,2026-02-18,FO,NSE,STO,113065,,INDHOTEL,,2026-02-24,2026-02-24,765.0,PE,INDHOTEL26FEB765PE,0.0,0.0,0.0,54.85,0.0,54.85,695.1,69.25,0,0,0,0.0,0,F1,1000,,,,,
2026-02-18,2026-02-18,FO,NSE,STO,103615,,INDHOTEL,,2026-02-24,2026-02-24,820.0,PE,INDHOTEL26FEB820PE,0.0,0.0,0.0,103.5,0.0,103.5,695.1,124.15,0,0,0,0.0,0,F1,1000,,,,,
2026-02-18,2026-02-18,FO,NSE,STO,123969,,INDHOTEL,,2026-03-30,2026-03-30,625.0,PE,INDHOTEL26MAR625PE,0.0,0.0,0.0,20.85,0.0,20.85,695.1,3.05,0,0,0,0.0,0,F1,1000,,,,,
2026-02-18,2026-02-18,FO,NSE,STO,123971,,INDHOTEL,,2026-03-30,2026-03-30,635.0,PE,INDHOTEL26MAR635PE,4.05,4.05,2.5,2.6,2.5,3.45,695.1,2.6,6000,4000,6,3827650.0,6,F1,1000,,,,,
2026-02-18,2026-02-18,FO,NSE,STO,123977,,INDHOTEL,,2026-03-30,2026-03-30,655.0,PE,INDHOTEL26MAR655PE,0.0,0.0,0.0,34.1,0.0,34.1,695.1,8.35,0,0,0,0.0,0,F1,1000,,,,,
2026-02-18,2026-02-18,FO,NSE,STO,124075,,INDHOTEL,,2026-03-30,2026-03-30,675.0,PE,INDHOTEL26MAR675PE,0.0,0.0,0.0,11.05,11.05,11.05,695.1,14.45,6000,0,0,0.0,0,F1,1000,,,,,
2026-02-18,2026-02-18,FO,NSE,STO,113315,,INDHOTEL,,2026-03-30,2026-03-30,710.0,PE,INDHOTEL26MAR710PE,24.75,24.75,24.6,24.7,24.6,29.75,695.1,24.7,19000,2000,2,1469350.0,2,F1,1000,,,,,
2026-02-18,2026-02-18,FO,NSE,STO,113337,,INDHOTEL,,2026-03-30,2026-03-30,730.0,PE,INDHOTEL26MAR730PE,40.5,40.5,37.05,37.45,37.8,31.6,695.1,37.45,10000,1000,3,2305350.0,3,F1,1000,,,,,
2026-02-18,2026-02-18,FO,NSE,STO,124092,,INDHOTEL,,2026-03-30,2026-03-30,745.0,PE,INDHOTEL26MAR745PE,0.0,0.0,0.0,66.0,66.0,66.0,695.1,54.7,8000,0,0,0.0,0,F1,1000,,,,,
2026-02-18,2026-02-18,FO,NSE,STO,124094,,INDHOTEL,,2026-03-30,2026-03-30,755.0,PE,INDHOTEL26MAR755PE,0.0,0.0,0.0,103.85,0.0,103.85,695.1,62.6,0,0,0,0.0,0,F1,1000,,,,,
2026-02-18,2026-02-18,FO,NSE,STO,113371,,INDHOTEL,,2026-03-30,2026-03-30,810.0,PE,INDHOTEL26MAR810PE,0.0,0.0,0.0,92.2,0.0,92.2,695.1,111.5,0,0,0,0.0,0,F1,1000,,,,,
2026-02-18,2026-02-18,FO,NSE,STO,124354,,INDHOTEL,,2026-04-28,2026-04-28,730.0,PE,INDHOTEL26APR730PE,0.0,0.0,0.0,87.0,0.0,87.0,695.1,49.05,0,0,0,0.0,0,F1,1000,,,,,
2026-02-18,2026-02-18,FO,NSE,STO,124362,,INDHOTEL,,2026-04-28,2026-04-28,770.0,PE,INDHOTEL26APR770PE,0.0,0.0,0.0,118.4,0.0,118.4,695.1,77.85,0,0,0,0.0,0,F1,1000,,,,,
2026-02-18,2026-02-18,FO,NSE,STO,123850,,INDHOTEL,,2026-03-30,2026-03-30,575.0,CE,INDHOTEL26MAR575CE,0.0,0.0,0.0,89.6,0.0,89.6,695.1,123.85,0,0,0,0.0,0,F1,1000,,,,,
2026-02-18,2026-02-18,FO,NSE,STO,124086,,INDHOTEL,,2026-03-30,2026-03-30,715.0,PE,INDHOTEL26MAR715PE,0.0,0.0,0.0,71.95,0.0,71.95,695.1,33.95,0,0,0,0.0,0,F1,1000,,,,,
2026-02-18,2026-02-18,FO,NSE,STO,113182,,INDHOTEL,,2026-03-30,2026-03-30,540.0,CE,INDHOTEL26MAR540CE,0.0,0.0,0.0,198.75,0.0,198.75,695.1,158.4,0,0,0,0.0,0,F1,1000,,,,,
2026-02-18,2026-02-18,FO,NSE,STO,113062,,INDHOTEL,,2026-02-24,2026-02-24,755.0,CE,INDHOTEL26FEB755CE,0.4,0.4,0.3,0.35,0.35,0.45,695.1,0.35,158000,2000,13,9819750.0,13,F1,1000,,,,,
2026-02-18,2026-02-18,FO,NSE,STO,124318,,INDHOTEL,,2026-04-28,2026-04-28,630.0,CE,INDHOTEL26APR630CE,0.0,0.0,0.0,59.55,0.0,59.55,695.1,79.25,0,0,0,0.0,0,F1,1000,,,,,
2026-02-18,2026-02-18,FO,NSE,STO,124323,,INDHOTEL,,2026-04-28,2026-04-28,650.0,CE,INDHOTEL26APR650CE,0.0,0.0,0.0,48.8,0.0,48.8,695.1,64.15,0,0,0,0.0,0,F1,1000,,,,,
2026-02-18,2026-02-18,FO,NSE,STO,43481,,INDHOTEL,,2026-02-24,2026-02-24,555.0,PE,INDHOTEL26FEB555PE,0.0,0.0,0.0,0.35,0.0,0.35,695.1,0.05,0,0,0,0.0,0,F1,1000,,,,,
2026-02-18,2026-02-18,FO,NSE,STO,112935,,INDHOTEL,,2026-02-24,2026-02-24,655.0,PE,INDHOTEL26FEB655PE,1.7,1.7,0.5,0.55,0.55,1.25,695.1,0.55,179000,-15000,65,42634950.0,61,F1,1000,,,,,
2026-02-18,2026-02-18,FO,NSE,STO,124368,,INDHOTEL,,2026-04-28,2026-04-28,800.0,PE,INDHOTEL26APR800PE,0.0,0.0,0.0,144.0,0.0,144.0,695.1,102.75,0,0,0,0.0,0,F1,1000,,,,,
2026-02-18,2026-02-18,FO,NSE,STO,124093,,INDHOTEL,,2026-03-30,2026-03-30,755.0,CE,INDHOTEL26MAR755CE,3.4,4.15,3.4,4.15,4.15,8.1,695.1,4.15,3000,3000,3,2276300.0,3,F1,1000,,,,,
2026-02-18,2026-02-18,FO,NSE,STO,113316,,INDHOTEL,,2026-03-30,2026-03-30,720.0,CE,INDHOTEL26MAR720CE,10.3,11.65,8.6,11.2,11.0,10.45,695.1,11.2,90000,48000,76,55489000.0,59,F1,1000,,,,,
2026-02-18,2026-02-18,FO,NSE,STO,113369,,INDHOTEL,,2026-03-30,2026-03-30,800.0,PE,INDHOTEL26MAR800PE,0.0,0.0,0.0,92.0,92.0,92.0,695.1,102.15,3000,0,0,0.0,0,F1,1000,,,,,
2026-02-18,2026-02-18,FO,NSE,STO,112899,,INDHOTEL,,2026-02-24,2026-02-24,570.0,CE,INDHOTEL26FEB570CE,0.0,0.0,0.0,165.65,0.0,165.65,695.1,125.6,0,0,0,0.0,0,F1,1000,,,,,
2026-02-18,2026-02-18,FO,NSE,STO,123960,,INDHOTEL,,2026-03-30,2026-03-30,595.0,CE,INDHOTEL26MAR595CE,0.0,0.0,0.0,74.1,0.0,74.1,695.1,104.55,0,0,0,0.0,0,F1,1000,,,,,
2026-02-18,2026-02-18,FO,NSE,STO,113046,,INDHOTEL,,2026-02-24,2026-02-24,735.0,CE,INDHOTEL26FEB735CE,0.65,0.75,0.5,0.65,0.6,0.9,695.1,0.65,285000,-6000,41,30160250.0,38,F1,1000,,,,,
2026-02-18,2026-02-18,FO,NSE,STO,112903,,INDHOTEL,,2026-02-24,2026-02-24,585.0,CE,INDHOTEL26FEB585CE,0.0,0.0,0.0,151.35,0.0,151.35,695.1,110.65,0,0,0,0.0,0,F1,1000,,,,,
2026-02-18,2026-02-18,FO,NSE,STO,113313,,INDHOTEL,,2026-03-30,2026-03-30,700.0,PE,INDHOTEL26MAR700PE,24.45,26.4,19.0,19.3,19.45,24.45,695.1,19.3,184000,18000,83,59951800.0,66,F1,1000,,,,,
2026-02-18,2026-02-18,FO,NSE,STO,113192,,INDHOTEL,,2026-03-30,2026-03-30,570.0,PE,INDHOTEL26MAR570PE,0.0,0.0,0.0,2.7,0.0,2.7,695.1,0.25,0,0,0,0.0,0,F1,1000,,,,,
2026-02-18,2026-02-18,FO,NSE,STO,123961,,INDHOTEL,,2026-03-30,2026-03-30,595.0,PE,INDHOTEL26MAR595PE,0.0,0.0,0.0,5.8,5.8,5.8,695.1,0.85,2000,0,0,0.0,0,F1,1000,,,,,
2026-02-18,2026-02-18,FO,NSE,STO,113274,,INDHOTEL,,2026-03-30,2026-03-30,590.0,PE,INDHOTEL26MAR590PE,0.0,0.0,0.0,4.35,0.0,4.35,695.1,0.7,0,0,0,0.0,0,F1,1000,,,,,
2026-02-18,2026-02-18,FO,NSE,STO,123851,,INDHOTEL,,2026-03-30,2026-03-30,575.0,PE,INDHOTEL26MAR575PE,0.0,0.0,0.0,7.25,0.0,7.25,695.1,0.3,0,0,0,0.0,0,F1,1000,,,,,
2026-02-18,2026-02-18,FO,NSE,STO,103501,,INDHOTEL,,2026-02-24,2026-02-24,760.0,PE,INDHOTEL26FEB760PE,0.0,0.0,0.0,67.65,67.5,67.65,695.1,64.25,103000,0,0,0.0,0,F1,1000,,,,,
2026-02-18,2026-02-18,FO,NSE,STO,113063,,INDHOTEL,,2026-02-24,2026-02-24,755.0,PE,INDHOTEL26FEB755PE,0.0,0.0,0.0,48.7,0.0,48.7,695.1,59.3,0,0,0,0.0,0,F1,1000,,,,,
2026-02-18,2026-02-18,FO,NSE,STO,113037,,INDHOTEL,,2026-02-24,2026-02-24,730.0,PE,INDHOTEL26FEB730PE,41.55,46.4,35.5,36.7,35.7,38.2,695.1,36.7,56000,-4000,47,36322400.0,44,F1,1000,,,,,
2026-02-18,2026-02-18,FO,NSE,STO,113020,,INDHOTEL,,2026-02-24,2026-02-24,715.0,PE,INDHOTEL26FEB715PE,27.85,32.4,21.6,21.6,21.6,29.5,695.1,21.6,148000,-1000,49,36465450.0,46,F1,1000,,,,,
2026-02-18,2026-02-18,FO,NSE,STO,113070,,INDHOTEL,,2026-02-24,2026-02-24,785.0,CE,INDHOTEL26FEB785CE,0.0,0.0,0.0,1.0,1.0,1.0,695.1,0.05,1000,0,0,0.0,0,F1,1000,,,,,
2026-02-18,2026-02-18,FO,NSE,STO,113084,,INDHOTEL,,2026-02-24,2026-02-24,830.0,CE,INDHOTEL26FEB830CE,0.0,0.0,0.0,0.4,0.4,0.4,695.1,0.05,4000,0,0,0.0,0,F1,1000,,,,,
2026-02-18,2026-02-18,FO,NSE,STO,113277,,INDHOTEL,,2026-03-30,2026-03-30,610.0,CE,INDHOTEL26MAR610CE,0.0,0.0,0.0,135.3,0.0,135.3,695.1,90.45,0,0,0,0.0,0,F1,1000,,,,,
2026-02-18,2026-02-18,FO,NSE,STO,113288,,INDHOTEL,,2026-03-30,2026-03-30,630.0,CE,INDHOTEL26MAR630CE,0.0,0.0,0.0,118.85,0.0,118.85,695.1,72.6,0,0,0,0.0,0,F1,1000,,,,,
2026-02-18,2026-02-18,FO,NSE,STO,113300,,INDHOTEL,,2026-03-30,2026-03-30,640.0,CE,INDHOTEL26MAR640CE,0.0,0.0,0.0,110.95,0.0,110.95,695.1,64.15,0,0,0,0.0,0,F1,1000,,,,,
2026-02-18,2026-02-18,FO,NSE,STO,113310,,INDHOTEL,,2026-03-30,2026-03-30,690.0,CE,INDHOTEL26MAR690CE,22.45,25.0,19.55,24.6,24.0,21.95,695.1,24.6,38000,19000,62,44137800.0,57,F1,1000,,,,,
2026-02-18,2026-02-18,FO,NSE,STO,113372,,INDHOTEL,,2026-03-30,2026-03-30,820.0,CE,INDHOTEL26MAR820CE,0.0,0.0,0.0,21.25,0.0,21.25,695.1,1.1,0,0,0,0.0,0,F1,1000,,,,,
2026-02-18,2026-02-18,FO,NSE,STO,124312,,INDHOTEL,,2026-04-28,2026-04-28,600.0,CE,INDHOTEL26APR600CE,0.0,0.0,0.0,78.45,0.0,78.45,695.1,104.6,0,0,0,0.0,0,F1,1000,,,,,
2026-02-18,2026-02-18,FO,NSE,STO,124357,,INDHOTEL,,2026-04-28,2026-04-28,750.0,CE,INDHOTEL26APR750CE,0.0,0.0,0.0,15.1,0.0,15.1,695.1,15.55,0,0,0,0.0,0,F1,1000,,,,,
2026-02-18,2026-02-18,FO,NSE,STO,112898,,INDHOTEL,,2026-02-24,2026-02-24,565.0,PE,INDHOTEL26FEB565PE,0.0,0.0,0.0,0.7,0.0,0.7,695.1,0.05,0,0,0,0.0,0,F1,1000,,,,,
2026-02-18,2026-02-18,FO,NSE,STO,112900,,INDHOTEL,,2026-02-24,2026-02-24,570.0,PE,INDHOTEL26FEB570PE,0.0,0.0,0.0,0.15,0.15,0.15,695.1,0.05,25000,0,0,0.0,0,F1,1000,,,,,
2026-02-18,2026-02-18,FO,NSE,STO,113287,,INDHOTEL,,2026-03-30,2026-03-30,620.0,PE,INDHOTEL26MAR620PE,0.0,0.0,0.0,2.4,2.4,2.4,695.1,2.55,11000,0,0,0.0,0,F1,1000,,,,,
2026-02-18,2026-02-18,FO,NSE,STO,123752,,INDHOTEL,,2026-03-30,2026-03-30,555.0,PE,INDHOTEL26MAR555PE,0.0,0.0,0.0,4.3,0.0,4.3,695.1,0.1,0,0,0,0.0,0,F1,1000,,,,,
2026-02-18,2026-02-18,FO,NSE,STO,43485,,INDHOTEL,,2026-03-30,2026-03-30,550.0,PE,INDHOTEL26MAR550PE,0.0,0.0,0.0,1.35,0.0,1.35,695.1,0.05,0,0,0,0.0,0,F1,1000,,,,,
2026-02-18,2026-02-18,FO,NSE,STO,103580,,INDHOTEL,,2026-02-24,2026-02-24,780.0,PE,INDHOTEL26FEB780PE,92.5,92.5,92.5,92.5,92.5,80.65,695.1,84.2,118000,-1000,1,872500.0,1,F1,1000,,,,,
2026-02-18,2026-02-18,FO,NSE,STO,113035,,INDHOTEL,,2026-02-24,2026-02-24,725.0,PE,INDHOTEL26FEB725PE,0.0,0.0,0.0,32.65,0.0,32.65,695.1,30.7,0,0,0,0.0,0,F1,1000,,,,,
2026-02-18,2026-02-18,FO,NSE,STO,112941,,INDHOTEL,,2026-02-24,2026-02-24,675.0,PE,INDHOTEL26FEB675PE,5.5,6.1,1.4,1.65,1.85,4.45,695.1,1.65,195000,5000,438,297306850.0,378,F1,1000,,,,,
2026-02-18,2026-02-18,FO,NSE,STO,103460,,INDHOTEL,,2026-02-24,2026-02-24,660.0,PE,INDHOTEL26FEB660PE,2.1,2.15,0.55,0.6,0.7,1.8,695.1,0.6,527000,-25000,376,248667450.0,336,F1,1000,,,,,
2026-02-18,2026-02-18,FO,NSE,STO,112931,,INDHOTEL,,2026-02-24,2026-02-24,645.0,PE,INDHOTEL26FEB645PE,0.7,0.7,0.5,0.5,0.5,0.8,695.1,0.15,87000,-4000,6,3873200.0,6,F1,1000,,,,,
2026-02-18,2026-02-18,FO,NSE,STO,112908,,INDHOTEL,,2026-02-24,2026-02-24,595.0,PE,INDHOTEL26FEB595PE,0.0,0.0,0.0,1.5,1.5,1.5,695.1,0.05,14000,0,0,0.0,0,F1,1000,,,,,
2026-02-18,2026-02-18,FO,NSE,STO,103443,,INDHOTEL,,2026-02-24,2026-02-24,540.0,PE,INDHOTEL26FEB540PE,0.0,0.0,0.0,0.25,0.25,0.25,695.1,0.05,25000,0,0,0.0,0,F1,1000,,,,,
2026-02-18,2026-02-18,FO,NSE,STO,124367,,INDHOTEL,,2026-04-28,2026-04-28,800.0,CE,INDHOTEL26APR800CE,0.0,0.0,0.0,7.6,0.0,7.6,695.1,6.1,0,0,0,0.0,0,F1,1000,,,,,
2026-02-18,2026-02-18,FO,NSE,STO,124361,,INDHOTEL,,2026-04-28,2026-04-28,770.0,CE,INDHOTEL26APR770CE,0.0,0.0,0.0,11.55,0.0,11.55,695.1,10.9,0,0,0,0.0,0,F1,1000,,,,,
2026-02-18,2026-02-18,FO,NSE,STO,124303,,INDHOTEL,,2026-04-28,2026-04-28,580.0,CE,INDHOTEL26APR580CE,0.0,0.0,0.0,92.7,0.0,92.7,695.1,122.8,0,0,0,0.0,0,F1,1000,,,,,
2026-02-18,2026-02-18,FO,NSE,STO,113370,,INDHOTEL,,2026-03-30,2026-03-30,810.0,CE,INDHOTEL26MAR810CE,0.0,0.0,0.0,23.75,0.0,23.75,695.1,1.5,0,0,0,0.0,0,F1,1000,,,,,
2026-02-18,2026-02-18,FO,NSE,STO,113304,,INDHOTEL,,2026-03-30,2026-03-30,660.0,CE,INDHOTEL26MAR660CE,0.0,0.0,0.0,96.05,0.0,96.05,695.1,48.75,0,0,0,0.0,0,F1,1000,,,,,
2026-02-18,2026-02-18,FO,NSE,STO,113015,,INDHOTEL,,2026-02-24,2026-02-24,705.0,CE,INDHOTEL26FEB705CE,3.0,3.95,2.35,3.7,3.35,3.9,695.1,3.7,204000,-29000,622,440467950.0,580,F1,1000,,,,,
2026-02-18,2026-02-18,FO,NSE,STO,112894,,INDHOTEL,,2026-02-24,2026-02-24,550.0,PE,INDHOTEL26FEB550PE,0.0,0.0,0.0,0.1,0.1,0.1,695.1,0.05,1000,0,0,0.0,0,F1,1000,,,,,
2026-02-18,2026-02-18,FO,NSE,STO,124348,,INDHOTEL,,2026-04-28,2026-04-28,720.0,CE,INDHOTEL26APR720CE,0.0,0.0,0.0,22.1,0.0,22.1,695.1,25.4,0,0,0,0.0,0,F1,1000,,,,,
2026-02-18,2026-02-18,FO,NSE,STO,124320,,INDHOTEL,,2026-04-28,2026-04-28,640.0,CE,INDHOTEL26APR640CE,0.0,0.0,0.0,54.0,0.0,54.0,695.1,71.5,0,0,0,0.0,0,F1,1000,,,,,
2026-02-18,2026-02-18,FO,NSE,STO,124299,,INDHOTEL,,2026-04-28,2026-04-28,570.0,CE,INDHOTEL26APR570CE,0.0,0.0,0.0,100.35,0.0,100.35,695.1,132.2,0,0,0,0.0,0,F1,1000,,,,,
2026-02-18,2026-02-18,FO,NSE,STO,113360,,INDHOTEL,,2026-03-30,2026-03-30,780.0,CE,INDHOTEL26MAR780CE,0.0,0.0,0.0,4.3,4.3,4.3,695.1,3.7,2000,0,0,0.0,0,F1,1000,,,,,
2026-02-18,2026-02-18,FO,NSE,STO,123968,,INDHOTEL,,2026-03-30,2026-03-30,625.0,CE,INDHOTEL26MAR625CE,0.0,0.0,0.0,53.75,0.0,53.75,695.1,76.95,0,0,0,0.0,0,F1,1000,,,,,
2026-02-18,2026-02-18,FO,NSE,STO,112938,,INDHOTEL,,2026-02-24,2026-02-24,670.0,CE,INDHOTEL26FEB670CE,19.25,26.5,17.3,25.9,24.4,20.9,695.1,25.9,173000,-10000,176,121469600.0,174,F1,1000,,,,,
2026-02-18,2026-02-18,FO,NSE,STO,124091,,INDHOTEL,,2026-03-30,2026-03-30,745.0,CE,INDHOTEL26MAR745CE,4.5,4.5,4.5,4.5,4.5,9.6,695.1,9.3,1000,1000,1,749500.0,1,F1,1000,,,,,
2026-02-18,2026-02-18,FO,NSE,STO,124089,,INDHOTEL,,2026-03-30,2026-03-30,735.0,CE,INDHOTEL26MAR735CE,5.75,7.4,5.75,7.35,7.4,18.6,695.1,7.35,5000,2000,5,3708100.0,5,F1,1000,,,,,
2026-02-18,2026-02-18,FO,NSE,STO,124076,,INDHOTEL,,2026-03-30,2026-03-30,685.0,CE,INDHOTEL26MAR685CE,0.0,0.0,0.0,24.75,0.0,24.75,695.1,32.6,0,0,0,0.0,0,F1,1000,,,,,
2026-02-18,2026-02-18,FO,NSE,STO,113275,,INDHOTEL,,2026-03-30,2026-03-30,600.0,CE,INDHOTEL26MAR600CE,0.0,0.0,0.0,143.9,0.0,143.9,695.1,99.8,0,0,0,0.0,0,F1,1000,,,,,
2026-02-18,2026-02-18,FO,NSE,STO,123755,,INDHOTEL,,2026-03-30,2026-03-30,565.0,CE,INDHOTEL26MAR565CE,0.0,0.0,0.0,97.9,0.0,97.9,695.1,133.65,0,0,0,0.0,0,F1,1000,,,,,
2026-02-18,2026-02-18,FO,NSE,STO,123751,,INDHOTEL,,2026-03-30,2026-03-30,555.0,CE,INDHOTEL26MAR555CE,0.0,0.0,0.0,106.45,0.0,106.45,695.1,143.55,0,0,0,0.0,0,F1,1000,,,,,
2026-02-18,2026-02-18,FO,NSE,STO,103614,,INDHOTEL,,2026-02-24,2026-02-24,820.0,CE,INDHOTEL26FEB820CE,0.0,0.0,0.0,0.2,0.2,0.2,695.1,0.05,6000,0,0,0.0,0,F1,1000,,,,,
2026-02-18,2026-02-18,FO,NSE,STO,103583,,INDHOTEL,,2026-02-24,2026-02-24,800.0,CE,INDHOTEL26FEB800CE,0.1,0.15,0.1,0.1,0.1,0.15,695.1,0.1,228000,-14000,34,27203650.0,24,F1,1000,,,,,
2026-02-18,2026-02-18,FO,NSE,STO,103465,,INDHOTEL,,2026-02-24,2026-02-24,720.0,CE,INDHOTEL26FEB720CE,1.9,1.9,0.95,1.45,1.25,1.8,695.1,1.45,2018000,-101000,1091,787069200.0,842,F1,1000,,,,,
2026-02-18,2026-02-18,FO,NSE,STO,113019,,INDHOTEL,,2026-02-24,2026-02-24,715.0,CE,INDHOTEL26FEB715CE,2.5,2.5,1.35,1.95,1.8,2.3,695.1,1.95,263000,-31000,237,169874250.0,217,F1,1000,,,,,
2026-02-18,2026-02-18,FO,NSE,STO,112926,,INDHOTEL,,2026-02-24,2026-02-24,630.0,CE,INDHOTEL26FEB630CE,0.0,0.0,0.0,71.85,71.85,71.85,695.1,65.7,32000,0,0,0.0,0,F1,1000,,,,,
2026-02-18,2026-02-18,FO,NSE,STO,103457,,INDHOTEL,,2026-02-24,2026-02-24,640.0,CE,INDHOTEL26FEB640CE,0.0,0.0,0.0,54.65,54.65,54.65,695.1,55.75,78000,0,0,0.0,0,F1,1000,,,,,
2026-02-18,2026-02-18,FO,NSE,STO,124085,,INDHOTEL,,2026-03-30,2026-03-30,715.0,CE,INDHOTEL26MAR715CE,0.0,0.0,0.0,15.75,0.0,15.75,695.1,18.35,0,0,0,0.0,0,F1,1000,,,,,
2026-02-18,2026-02-18,FO,NSE,STO,124209,,INDHOTEL,,2026-04-28,2026-04-28,540.0,CE,INDHOTEL26APR540CE,0.0,0.0,0.0,124.95,0.0,124.95,695.1,161.05,0,0,0,0.0,0,F1,1000,,,,,
2026-02-18,2026-02-18,FO,NSE,STO,112902,,INDHOTEL,,2026-02-24,2026-02-24,575.0,PE,INDHOTEL26FEB575PE,0.0,0.0,0.0,1.0,0.0,1.0,695.1,0.05,0,0,0,0.0,0,F1,1000,,,,,
2026-02-18,2026-02-18,FO,NSE,STO,112919,,INDHOTEL,,2026-02-24,2026-02-24,605.0,PE,INDHOTEL26FEB605PE,0.0,0.0,0.0,0.2,0.2,0.2,695.1,0.05,10000,0,0,0.0,0,F1,1000,,,,,
2026-02-18,2026-02-18,FO,NSE,STO,113073,,INDHOTEL,,2026-02-24,2026-02-24,790.0,PE,INDHOTEL26FEB790PE,0.0,0.0,0.0,142.0,142.0,142.0,695.1,94.2,1000,0,0,0.0,0,F1,1000,,,,,
2026-02-18,2026-02-18,FO,NSE,STO,124102,,INDHOTEL,,2026-03-30,2026-03-30,765.0,PE,INDHOTEL26MAR765PE,0.0,0.0,0.0,112.4,0.0,112.4,695.1,70.9,0,0,0,0.0,0,F1,1000,,,,,
2026-02-18,2026-02-18,FO,NSE,STO,124210,,INDHOTEL,,2026-04-28,2026-04-28,540.0,PE,INDHOTEL26APR540PE,0.0,0.0,0.0,5.35,0.0,5.35,695.1,0.35,0,0,0,0.0,0,F1,1000,,,,,
2026-02-18,2026-02-18,FO,NSE,STO,112901,,INDHOTEL,,2026-02-24,2026-02-24,575.0,CE,INDHOTEL26FEB575CE,0.0,0.0,0.0,160.9,0.0,160.9,695.1,120.6,0,0,0,0.0,0,F1,1000,,,,,
2026-02-18,2026-02-18,FO,NSE,STO,103451,,INDHOTEL,,2026-02-24,2026-02-24,580.0,CE,INDHOTEL26FEB580CE,0.0,0.0,0.0,159.6,0.0,159.6,695.1,115.6,0,0,0,0.0,0,F1,1000,,,,,
2026-02-18,2026-02-18,FO,NSE,STO,113314,,INDHOTEL,,2026-03-30,2026-03-30,710.0,CE,INDHOTEL26MAR710CE,12.2,15.45,11.7,15.3,15.3,13.75,695.1,15.3,58000,45000,56,40588750.0,30,F1,1000,,,,,
2026-02-18,2026-02-18,FO,NSE,STO,113312,,INDHOTEL,,2026-03-30,2026-03-30,700.0,CE,INDHOTEL26MAR700CE,16.05,19.75,14.8,19.15,18.5,17.6,695.1,19.15,326000,57000,391,280434050.0,306,F1,1000,,,,,
2026-02-18,2026-02-18,FO,NSE,STO,113302,,INDHOTEL,,2026-03-30,2026-03-30,650.0,CE,INDHOTEL26MAR650CE,0.0,0.0,0.0,49.0,49.0,49.0,695.1,56.2,2000,0,0,0.0,0,F1,1000,,,,,
2026-02-18,2026-02-18,FO,NSE,STO,113188,,INDHOTEL,,2026-03-30,2026-03-30,560.0,CE,INDHOTEL26MAR560CE,0.0,0.0,0.0,179.95,0.0,179.95,695.1,138.6,0,0,0,0.0,0,F1,1000,,,,,
2026-02-18,2026-02-18,FO,NSE,STO,103500,,INDHOTEL,,2026-02-24,2026-02-24,760.0,CE,INDHOTEL26FEB760CE,1.05,1.05,0.25,0.35,0.4,0.5,695.1,0.35,441000,-84000,170,129255100.0,114,F1,1000,,,,,
2026-02-18,2026-02-18,FO,NSE,STO,103463,,INDHOTEL,,2026-02-24,2026-02-24,700.0,CE,INDHOTEL26FEB700CE,4.35,5.55,3.15,5.25,4.75,5.1,695.1,5.25,1272000,-60000,3213,2263086450.0,2763,F1,1000,,,,,
2026-02-18,2026-02-18,FO,NSE,STO,112942,,INDHOTEL,,2026-02-24,2026-02-24,685.0,CE,INDHOTEL26FEB685CE,9.0,13.75,7.75,13.2,12.15,11.1,695.1,13.2,222000,35000,721,500961750.0,657,F1,1000,,,,,
2026-02-18,2026-02-18,FO,NSE,STO,103461,,INDHOTEL,,2026-02-24,2026-02-24,680.0,CE,INDHOTEL26FEB680CE,12.5,17.45,10.25,16.75,15.75,14.15,695.1,16.75,324000,21000,3553,2459739700.0,2025,F1,1000,,,,,
2026-02-18,2026-02-18,FO,NSE,STO,112928,,INDHOTEL,,2026-02-24,2026-02-24,635.0,CE,INDHOTEL26FEB635CE,0.0,0.0,0.0,106.25,0.0,106.25,695.1,60.7,0,0,0,0.0,0,F1,1000,,,,,
2026-02-18,2026-02-18,FO,NSE,STO,112932,,INDHOTEL,,2026-02-24,2026-02-24,650.0,CE,INDHOTEL26FEB650CE,36.0,45.45,34.7,45.45,45.45,39.1,695.1,45.45,480000,-38000,641,440771850.0,332,F1,1000,,,,,
2026-02-18,2026-02-18,FO,NSE,STO,112936,,INDHOTEL,,2026-02-24,2026-02-24,665.0,CE,INDHOTEL26FEB665CE,0.0,0.0,0.0,24.55,24.55,24.55,695.1,31.8,44000,0,0,0.0,0,F1,1000,,,,,
2026-02-18,2026-02-18,FO,NSE,STO,113060,,INDHOTEL,,2026-02-24,2026-02-24,750.0,CE,INDHOTEL26FEB750CE,0.5,0.5,0.25,0.35,0.35,0.6,695.1,0.35,514000,-197000,396,297142250.0,234,F1,1000,,,,,
2026-02-18,2026-02-18,FO,NSE,STO,113064,,INDHOTEL,,2026-02-24,2026-02-24,765.0,CE,INDHOTEL26FEB765CE,0.35,0.35,0.25,0.3,0.3,0.35,695.1,0.3,47000,3000,7,5357300.0,4,F1,1000,,,,,
2026-02-18,2026-02-18,FO,NSE,STO,113066,,INDHOTEL,,2026-02-24,2026-02-24,770.0,CE,INDHOTEL26FEB770CE,0.3,0.3,0.2,0.3,0.3,0.35,695.1,0.3,152000,-11000,33,25418750.0,27,F1,1000,,,,,
2026-02-18,2026-02-18,FO,NSE,STO,113072,,INDHOTEL,,2026-02-24,2026-02-24,790.0,CE,INDHOTEL26FEB790CE,0.1,0.15,0.1,0.15,0.15,0.25,695.1,0.05,92000,-1000,2,1580250.0,2,F1,1000,,,,,
2026-02-18,2026-02-18,FO,NSE,STO,103618,,INDHOTEL,,2026-02-24,2026-02-24,840.0,CE,INDHOTEL26FEB840CE,0.0,0.0,0.0,0.3,0.3,0.3,695.1,0.05,51000,0,0,0.0,0,F1,1000,,,,,
2026-02-18,2026-02-18,FO,NSE,STO,113356,,INDHOTEL,,2026-03-30,2026-03-30,760.0,CE,INDHOTEL26MAR760CE,3.2,3.6,3.2,3.55,3.55,3.0,695.1,3.55,17000,9000,11,8398000.0,8,F1,1000,,,,,
2026-02-18,2026-02-18,FO,NSE,STO,124316,,INDHOTEL,,2026-04-28,2026-04-28,620.0,CE,INDHOTEL26APR620CE,0.0,0.0,0.0,65.45,0.0,65.45,695.1,87.4,0,0,0,0.0,0,F1,1000,,,,,
2026-02-18,2026-02-18,FO,NSE,STO,124329,,INDHOTEL,,2026-04-28,2026-04-28,680.0,CE,INDHOTEL26APR680CE,0.0,0.0,0.0,35.4,0.0,35.4,695.1,44.7,0,0,0,0.0,0,F1,1000,,,,,
2026-02-18,2026-02-18,FO,NSE,STO,124371,,INDHOTEL,,2026-04-28,2026-04-28,820.0,CE,INDHOTEL26APR820CE,0.0,0.0,0.0,5.65,0.0,5.65,695.1,4.05,0,0,0,0.0,0,F1,1000,,,,,
2026-02-18,2026-02-18,FO,NSE,STO,112921,,INDHOTEL,,2026-02-24,2026-02-24,610.0,PE,INDHOTEL26FEB610PE,0.45,0.45,0.15,0.15,0.15,0.35,695.1,0.15,41000,-1000,2,1220600.0,2,F1,1000,,,,,
2026-02-18,2026-02-18,FO,NSE,STO,103458,,INDHOTEL,,2026-02-24,2026-02-24,640.0,PE,INDHOTEL26FEB640PE,0.75,0.75,0.35,0.35,0.35,0.75,695.1,0.35,207000,-14000,29,18576050.0,24,F1,1000,,,,,
2026-02-18,2026-02-18,FO,NSE,STO,112945,,INDHOTEL,,2026-02-24,2026-02-24,685.0,PE,INDHOTEL26FEB685PE,9.7,10.25,3.15,3.65,4.1,8.15,695.1,3.65,240000,37000,946,654697400.0,893,F1,1000,,,,,
2026-02-18,2026-02-18,FO,NSE,STO,113183,,INDHOTEL,,2026-03-30,2026-03-30,540.0,PE,INDHOTEL26MAR540PE,0.75,0.75,0.75,0.75,0.75,1.2,695.1,0.05,1000,1000,1,540750.0,1,F1,1000,,,,,
2026-02-18,2026-02-18,FO,NSE,STO,113278,,INDHOTEL,,2026-03-30,2026-03-30,610.0,PE,INDHOTEL26MAR610PE,0.0,0.0,0.0,1.85,1.85,1.85,695.1,1.7,1000,0,0,0.0,0,F1,1000,,,,,
2026-02-18,2026-02-18,FO,NSE,STO,113305,,INDHOTEL,,2026-03-30,2026-03-30,660.0,PE,INDHOTEL26MAR660PE,8.15,8.55,5.7,5.8,5.7,8.35,695.1,5.8,62000,5000,16,10675500.0,14,F1,1000,,,,,
2026-02-18,2026-02-18,FO,NSE,STO,113309,,INDHOTEL,,2026-03-30,2026-03-30,680.0,PE,INDHOTEL26MAR680PE,16.0,16.0,10.75,11.05,11.5,14.9,695.1,11.05,100000,9000,61,42340950.0,58,F1,1000,,,,,
2026-02-18,2026-02-18,FO,NSE,STO,113361,,INDHOTEL,,2026-03-30,2026-03-30,780.0,PE,INDHOTEL26MAR780PE,0.0,0.0,0.0,115.0,115.0,115.0,695.1,83.9,3000,0,0,0.0,0,F1,1000,,,,,
2026-02-18,2026-02-18,FO,NSE,STO,113367,,INDHOTEL,,2026-03-30,2026-03-30,790.0,PE,INDHOTEL26MAR790PE,0.0,0.0,0.0,78.25,0.0,78.25,695.1,92.9,0,0,0,0.0,0,F1,1000,,,,,
2026-02-18,2026-02-18,FO,NSE,STO,124309,,INDHOTEL,,2026-04-28,2026-04-28,580.0,PE,INDHOTEL26APR580PE,0.0,0.0,0.0,12.5,0.0,12.5,695.1,1.7,0,0,0,0.0,0,F1,1000,,,,,
2026-02-18,2026-02-18,FO,NSE,STO,124315,,INDHOTEL,,2026-04-28,2026-04-28,610.0,PE,INDHOTEL26APR610PE,0.0,0.0,0.0,21.05,0.0,21.05,695.1,4.45,0,0,0,0.0,0,F1,1000,,,,,
2026-02-18,2026-02-18,FO,NSE,STO,124319,,INDHOTEL,,2026-04-28,2026-04-28,630.0,PE,INDHOTEL26APR630PE,0.0,0.0,0.0,28.55,0.0,28.55,695.1,7.65,0,0,0,0.0,0,F1,1000,,,,,
2026-02-18,2026-02-18,FO,NSE,STO,124326,,INDHOTEL,,2026-04-28,2026-04-28,660.0,PE,INDHOTEL26APR660PE,0.0,0.0,0.0,42.5,0.0,42.5,695.1,15.3,0,0,0,0.0,0,F1,1000,,,,,
2026-02-18,2026-02-18,FO,NSE,STO,103442,,INDHOTEL,,2026-02-24,2026-02-24,540.0,CE,INDHOTEL26FEB540CE,0.0,0.0,0.0,196.25,0.0,196.25,695.1,155.6,0,0,0,0.0,0,F1,1000,,,,,
2026-02-18,2026-02-18,FO,NSE,STO,112929,,INDHOTEL,,2026-02-24,2026-02-24,635.0,PE,INDHOTEL26FEB635PE,0.55,0.55,0.55,0.55,0.55,0.65,695.1,0.05,345000,-1000,2,1271100.0,2,F1,1000,,,,,
2026-02-18,2026-02-18,FO,NSE,STO,124363,,INDHOTEL,,2026-04-28,2026-04-28,780.0,CE,INDHOTEL26APR780CE,0.0,0.0,0.0,10.05,0.0,10.05,695.1,9.05,0,0,0,0.0,0,F1,1000,,,,,
2026-02-18,2026-02-18,FO,NSE,STO,124325,,INDHOTEL,,2026-04-28,2026-04-28,660.0,CE,INDHOTEL26APR660CE,0.0,0.0,0.0,44.0,0.0,44.0,695.1,57.2,0,0,0,0.0,0,F1,1000,,,,,
2026-02-18,2026-02-18,FO,NSE,STO,124213,,INDHOTEL,,2026-04-28,2026-04-28,550.0,CE,INDHOTEL26APR550CE,0.0,0.0,0.0,116.5,0.0,116.5,695.1,151.3,0,0,0,0.0,0,F1,1000,,,,,
2026-02-18,2026-02-18,FO,NSE,STO,113362,,INDHOTEL,,2026-03-30,2026-03-30,790.0,CE,INDHOTEL26MAR790CE,0.0,0.0,0.0,3.7,3.7,3.7,695.1,2.75,3000,0,0,0.0,0,F1,1000,,,,,
2026-02-18,2026-02-18,FO,NSE,STO,124101,,INDHOTEL,,2026-03-30,2026-03-30,765.0,CE,INDHOTEL26MAR765CE,0.0,0.0,0.0,6.0,6.0,6.0,695.1,5.55,2000,0,0,0.0,0,F1,1000,,,,,
2026-02-18,2026-02-18,FO,NSE,STO,103453,,INDHOTEL,,2026-02-24,2026-02-24,600.0,CE,INDHOTEL26FEB600CE,85.4,93.7,84.2,93.15,92.6,88.2,695.1,93.15,21000,16000,312,214371950.0,223,F1,1000,,,,,
2026-02-18,2026-02-18,FO,NSE,STO,112934,,INDHOTEL,,2026-02-24,2026-02-24,655.0,CE,INDHOTEL26FEB655CE,0.0,0.0,0.0,39.5,39.05,39.5,695.1,41.1,122000,0,0,0.0,0,F1,1000,,,,,
2026-02-18,2026-02-18,FO,NSE,STO,113368,,INDHOTEL,,2026-03-30,2026-03-30,800.0,CE,INDHOTEL26MAR800CE,1.3,1.4,1.25,1.3,1.35,1.55,695.1,1.3,44000,35000,69,55292250.0,39,F1,1000,,,,,
2026-02-18,2026-02-18,FO,NSE,STO,103447,,INDHOTEL,,2026-02-24,2026-02-24,560.0,PE,INDHOTEL26FEB560PE,0.0,0.0,0.0,2.75,0.0,2.75,695.1,0.05,0,0,0,0.0,0,F1,1000,,,,,
2026-02-18,2026-02-18,FO,NSE,STO,103452,,INDHOTEL,,2026-02-24,2026-02-24,580.0,PE,INDHOTEL26FEB580PE,0.25,2.6,0.05,0.25,0.25,0.15,695.1,0.05,140000,-3000,207,120124450.0,88,F1,1000,,,,,
2026-02-18,2026-02-18,FO,NSE,STO,103454,,INDHOTEL,,2026-02-24,2026-02-24,600.0,PE,INDHOTEL26FEB600PE,0.2,0.25,0.15,0.15,0.15,0.25,695.1,0.15,180000,-2000,40,24007400.0,35,F1,1000,,,,,
2026-02-18,2026-02-18,FO,NSE,STO,112939,,INDHOTEL,,2026-02-24,2026-02-24,670.0,PE,INDHOTEL26FEB670PE,4.0,4.4,1.0,1.15,1.25,3.3,695.1,1.15,374000,-25000,679,456682450.0,581,F1,1000,,,,,
2026-02-18,2026-02-18,FO,NSE,STO,103468,,INDHOTEL,,2026-02-24,2026-02-24,740.0,PE,INDHOTEL26FEB740PE,51.0,51.3,46.05,46.05,46.05,51.6,695.1,46.05,81000,-5000,5,3948000.0,5,F1,1000,,,,,
2026-02-18,2026-02-18,FO,NSE,STO,123965,,INDHOTEL,,2026-03-30,2026-03-30,605.0,PE,INDHOTEL26MAR605PE,0.0,0.0,0.0,1.95,1.95,1.95,695.1,1.35,0,0,0,0.0,0,F1,1000,,,,,
2026-02-18,2026-02-18,FO,NSE,STO,123967,,INDHOTEL,,2026-03-30,2026-03-30,615.0,PE,INDHOTEL26MAR615PE,0.0,0.0,0.0,17.3,0.0,17.3,695.1,2.1,0,0,0,0.0,0,F1,1000,,,,,
2026-02-18,2026-02-18,FO,NSE,STO,113301,,INDHOTEL,,2026-03-30,2026-03-30,640.0,PE,INDHOTEL26MAR640PE,4.9,4.9,3.0,3.05,3.0,5.55,695.1,3.05,9000,1000,8,5148350.0,8,F1,1000,,,,,
2026-02-18,2026-02-18,FO,NSE,STO,123973,,INDHOTEL,,2026-03-30,2026-03-30,645.0,PE,INDHOTEL26MAR645PE,5.25,5.25,3.65,3.65,3.65,4.0,695.1,3.65,3000,2000,2,1298900.0,2,F1,1000,,,,,
2026-02-18,2026-02-18,FO,NSE,STO,124090,,INDHOTEL,,2026-03-30,2026-03-30,735.0,PE,INDHOTEL26MAR735PE,0.0,0.0,0.0,87.35,0.0,87.35,695.1,47.3,0,0,0,0.0,0,F1,1000,,,,,
2026-02-18,2026-02-18,FO,NSE,STO,124324,,INDHOTEL,,2026-04-28,2026-04-28,650.0,PE,INDHOTEL26APR650PE,0.0,0.0,0.0,37.0,37.0,37.0,695.1,12.3,30000,0,0,0.0,0,F1,1000,,,,,
2026-02-18,2026-02-18,FO,NSE,STO,124364,,INDHOTEL,,2026-04-28,2026-04-28,780.0,PE,INDHOTEL26APR780PE,0.0,0.0,0.0,126.75,0.0,126.75,695.1,85.9,0,0,0,0.0,0,F1,1000,,,,,
2026-02-18,2026-02-18,FO,NSE,STO,43478,,INDHOTEL,,2026-02-24,2026-02-24,555.0,CE,INDHOTEL26FEB555CE,0.0,0.0,0.0,176.2,0.0,176.2,695.1,140.6,0,0,0,0.0,0,F1,1000,,,,,
2026-02-18,2026-02-18,FO,NSE,STO,112918,,INDHOTEL,,2026-02-24,2026-02-24,605.0,CE,INDHOTEL26FEB605CE,0.0,0.0,0.0,132.75,0.0,132.75,695.1,90.65,0,0,0,0.0,0,F1,1000,,,,,
2026-02-18,2026-02-18,FO,NSE,STO,124332,,INDHOTEL,,2026-04-28,2026-04-28,690.0,PE,INDHOTEL26APR690PE,0.0,0.0,0.0,59.65,0.0,59.65,695.1,26.9,0,0,0,0.0,0,F1,1000,,,,,
2026-02-18,2026-02-18,FO,NSE,STO,124317,,INDHOTEL,,2026-04-28,2026-04-28,620.0,PE,INDHOTEL26APR620PE,0.0,0.0,0.0,24.65,0.0,24.65,695.1,5.9,0,0,0,0.0,0,F1,1000,,,,,
2026-02-18,2026-02-18,FO,NSE,STO,124225,,INDHOTEL,,2026-04-28,2026-04-28,560.0,PE,INDHOTEL26APR560PE,0.0,0.0,0.0,8.35,0.0,8.35,695.1,0.8,0,0,0,0.0,0,F1,1000,,,,,
2026-02-18,2026-02-18,FO,NSE,STO,113359,,INDHOTEL,,2026-03-30,2026-03-30,770.0,PE,INDHOTEL26MAR770PE,0.0,0.0,0.0,65.35,0.0,65.35,695.1,75.15,0,0,0,0.0,0,F1,1000,,,,,
2026-02-18,2026-02-18,FO,NSE,STO,123957,,INDHOTEL,,2026-03-30,2026-03-30,585.0,PE,INDHOTEL26MAR585PE,0.0,0.0,0.0,0.65,0.65,0.65,695.1,0.55,2000,0,0,0.0,0,F1,1000,,,,,
2026-02-18,2026-02-18,FO,NSE,STO,103584,,INDHOTEL,,2026-02-24,2026-02-24,800.0,PE,INDHOTEL26FEB800PE,110.0,110.0,108.5,108.5,108.5,113.1,695.1,104.2,150000,-2000,2,1818500.0,2,F1,1000,,,,,
2026-02-18,2026-02-18,FO,NSE,STO,103466,,INDHOTEL,,2026-02-24,2026-02-24,720.0,PE,INDHOTEL26FEB720PE,37.0,37.45,25.8,26.3,26.05,34.0,695.1,26.3,320000,-47000,490,369474900.0,294,F1,1000,,,,,
2026-02-18,2026-02-18,FO,NSE,STO,112927,,INDHOTEL,,2026-02-24,2026-02-24,630.0,PE,INDHOTEL26FEB630PE,0.55,0.55,0.3,0.3,0.3,0.55,695.1,0.3,139000,-7000,20,12608150.0,17,F1,1000,,,,,
2026-02-18,2026-02-18,FO,NSE,STO,124355,,INDHOTEL,,2026-04-28,2026-04-28,740.0,CE,INDHOTEL26APR740CE,0.0,0.0,0.0,17.2,0.0,17.2,695.1,18.45,0,0,0,0.0,0,F1,1000,,,,,
2026-02-18,2026-02-18,FO,NSE,STO,103636,,INDHOTEL,,2026-02-24,2026-02-24,880.0,CE,INDHOTEL26FEB880CE,0.0,0.0,0.0,0.1,0.05,0.1,695.1,0.05,23000,0,0,0.0,0,F1,1000,,,,,
2026-02-18,2026-02-18,FO,NSE,STO,112920,,INDHOTEL,,2026-02-24,2026-02-24,610.0,CE,INDHOTEL26FEB610CE,0.0,0.0,0.0,128.2,0.0,128.2,695.1,85.65,0,0,0,0.0,0,F1,1000,,,,,
2026-02-18,2026-02-18,FO,NSE,STO,124052,,INDHOTEL,,2026-03-30,2026-03-30,665.0,CE,INDHOTEL26MAR665CE,0.0,0.0,0.0,32.7,0.0,32.7,695.1,45.2,0,0,0,0.0,0,F1,1000,,,,,
2026-02-18,2026-02-18,FO,NSE,STO,113306,,INDHOTEL,,2026-03-30,2026-03-30,670.0,CE,INDHOTEL26MAR670CE,0.0,0.0,0.0,89.05,0.0,89.05,695.1,41.85,0,0,0,0.0,0,F1,1000,,,,,
2026-02-18,2026-02-18,FO,NSE,STO,112922,,INDHOTEL,,2026-02-24,2026-02-24,615.0,CE,INDHOTEL26FEB615CE,0.0,0.0,0.0,123.7,0.0,123.7,695.1,80.65,0,0,0,0.0,0,F1,1000,,,,,
2026-02-18,2026-02-18,FO,NSE,STO,112930,,INDHOTEL,,2026-02-24,2026-02-24,645.0,CE,INDHOTEL26FEB645CE,0.0,0.0,0.0,47.2,47.2,47.2,695.1,50.8,67000,0,0,0.0,0,F1,1000,,,,,
2026-02-18,2026-02-18,FO,NSE,STO,113017,,INDHOTEL,,2026-02-24,2026-02-24,710.0,CE,INDHOTEL26FEB710CE,2.75,2.9,1.7,2.7,2.4,3.0,695.1,2.7,564000,-50000,1136,809257700.0,943,F1,1000,,,,,
2026-02-18,2026-02-18,FO,NSE,STO,113078,,INDHOTEL,,2026-02-24,2026-02-24,810.0,CE,INDHOTEL26FEB810CE,0.0,0.0,0.0,0.8,0.8,0.8,695.1,0.05,2000,0,0,0.0,0,F1,1000,,,,,
2026-02-18,2026-02-18,FO,NSE,STO,112996,,INDHOTEL,,2026-02-24,2026-02-24,695.0,CE,INDHOTEL26FEB695CE,5.5,7.6,4.3,7.3,6.5,6.6,695.1,7.3,232000,-47000,778,545214150.0,729,F1,1000,,,,,
2026-02-18,2026-02-18,FO,NSE,STO,43484,,INDHOTEL,,2026-03-30,2026-03-30,550.0,CE,INDHOTEL26MAR550CE,0.0,0.0,0.0,185.2,0.0,185.2,695.1,148.45,0,0,0,0.0,0,F1,1000,,,,,
2026-02-18,2026-02-18,FO,NSE,STO,112893,,INDHOTEL,,2026-02-24,2026-02-24,550.0,CE,INDHOTEL26FEB550CE,0.0,0.0,0.0,185.05,0.0,185.05,695.1,145.6,0,0,0,0.0,0,F1,1000,,,,,
2026-02-18,2026-02-18,FO,NSE,STO,43476,,INDHOTEL,,2026-02-24,2026-02-24,545.0,CE,INDHOTEL26FEB545CE,0.0,0.0,0.0,186.0,0.0,186.0,695.1,150.6,0,0,0,0.0,0,F1,1000,,,,,
2026-02-18,2026-02-18,FO,NSE,STO,113036,,INDHOTEL,,2026-02-24,2026-02-24,730.0,CE,INDHOTEL26FEB730CE,1.1,1.1,0.6,0.75,0.75,1.15,695.1,0.75,274000,-80000,412,301085550.0,314,F1,1000,,,,,
2026-02-18,2026-02-18,FO,NSE,STO,124372,,INDHOTEL,,2026-04-28,2026-04-28,820.0,PE,INDHOTEL26APR820PE,0.0,0.0,0.0,161.75,0.0,161.75,695.1,120.45,0,0,0,0.0,0,F1,1000,,,,,
2026-02-18,2026-02-18,FO,NSE,STO,113355,,INDHOTEL,,2026-03-30,2026-03-30,750.0,PE,INDHOTEL26MAR750PE,62.05,63.4,57.5,57.5,57.5,55.65,695.1,58.6,44000,25000,34,27565400.0,29,F1,1000,,,,,
2026-02-18,2026-02-18,FO,NSE,STO,124081,,INDHOTEL,,2026-03-30,2026-03-30,705.0,PE,INDHOTEL26MAR705PE,0.0,0.0,0.0,64.65,0.0,64.65,695.1,28.15,0,0,0,0.0,0,F1,1000,,,,,
2026-02-18,2026-02-18,FO,NSE,STO,124079,,INDHOTEL,,2026-03-30,2026-03-30,695.0,PE,INDHOTEL26MAR695PE,21.35,21.35,17.15,17.2,17.15,20.75,695.1,17.2,1000,1000,4,2852950.0,4,F1,1000,,,,,
2026-02-18,2026-02-18,FO,NSE,STO,124360,,INDHOTEL,,2026-04-28,2026-04-28,760.0,PE,INDHOTEL26APR760PE,0.0,0.0,0.0,110.25,0.0,110.25,695.1,70.1,0,0,0,0.0,0,F1,1000,,,,,
2026-02-18,2026-02-18,FO,NSE,STO,124347,,INDHOTEL,,2026-04-28,2026-04-28,710.0,PE,INDHOTEL26APR710PE,0.0,0.0,0.0,72.75,0.0,72.75,695.1,37.05,0,0,0,0.0,0,F1,1000,,,,,
2026-02-18,2026-02-18,FO,NSE,STO,124345,,INDHOTEL,,2026-04-28,2026-04-28,700.0,PE,INDHOTEL26APR700PE,0.0,0.0,0.0,66.05,0.0,66.05,695.1,31.75,0,0,0,0.0,0,F1,1000,,,,,
2026-02-18,2026-02-18,FO,NSE,STO,124216,,INDHOTEL,,2026-04-28,2026-04-28,550.0,PE,INDHOTEL26APR550PE,0.0,0.0,0.0,6.75,0.0,6.75,695.1,0.55,0,0,0,0.0,0,F1,1000,,,,,
2026-02-18,2026-02-18,FO,NSE,STO,113373,,INDHOTEL,,2026-03-30,2026-03-30,820.0,PE,INDHOTEL26MAR820PE,0.0,0.0,0.0,99.55,0.0,99.55,695.1,121.05,0,0,0,0.0,0,F1,1000,,,,,
2026-02-18,2026-02-18,FO,NSE,STO,124088,,INDHOTEL,,2026-03-30,2026-03-30,725.0,PE,INDHOTEL26MAR725PE,0.0,0.0,0.0,79.5,0.0,79.5,695.1,40.35,0,0,0,0.0,0,F1,1000,,,,,
2026-02-18,2026-02-18,FO,NSE,STO,113311,,INDHOTEL,,2026-03-30,2026-03-30,690.0,PE,INDHOTEL26MAR690PE,20.0,20.75,14.35,14.8,15.2,19.4,695.1,14.8,29000,12000,33,23353300.0,29,F1,1000,,,,,
2026-02-18,2026-02-18,FO,NSE,STO,124077,,INDHOTEL,,2026-03-30,2026-03-30,685.0,PE,INDHOTEL26MAR685PE,16.45,16.45,13.0,13.0,13.0,17.15,695.1,13.0,8000,2000,3,2099750.0,3,F1,1000,,,,,
2026-02-18,2026-02-18,FO,NSE,STO,113307,,INDHOTEL,,2026-03-30,2026-03-30,670.0,PE,INDHOTEL26MAR670PE,11.7,12.0,7.9,8.15,8.5,11.5,695.1,8.15,26000,8000,54,36730300.0,44,F1,1000,,,,,
2026-02-18,2026-02-18,FO,NSE,STO,113293,,INDHOTEL,,2026-03-30,2026-03-30,630.0,PE,INDHOTEL26MAR630PE,3.3,3.55,2.05,2.15,2.1,3.45,695.1,2.15,64000,45000,76,48108750.0,69,F1,1000,,,,,
2026-02-18,2026-02-18,FO,NSE,STO,113276,,INDHOTEL,,2026-03-30,2026-03-30,600.0,PE,INDHOTEL26MAR600PE,1.0,1.0,1.0,1.0,1.0,1.7,695.1,1.1,22000,0,3,1803000.0,2,F1,1000,,,,,
2026-02-18,2026-02-18,FO,NSE,STO,113272,,INDHOTEL,,2026-03-30,2026-03-30,580.0,PE,INDHOTEL26MAR580PE,0.0,0.0,0.0,3.45,0.0,3.45,695.1,0.4,0,0,0,0.0,0,F1,1000,,,,,
2026-02-18,2026-02-18,FO,NSE,STO,113189,,INDHOTEL,,2026-03-30,2026-03-30,560.0,PE,INDHOTEL26MAR560PE,0.0,0.0,0.0,2.1,0.0,2.1,695.1,0.15,0,0,0,0.0,0,F1,1000,,,,,
2026-02-18,2026-02-18,FO,NSE,STO,113085,,INDHOTEL,,2026-02-24,2026-02-24,830.0,PE,INDHOTEL26FEB830PE,0.0,0.0,0.0,178.75,178.75,178.75,695.1,134.15,12000,0,0,0.0,0,F1,1000,,,,,
2026-02-18,2026-02-18,FO,NSE,STO,123964,,INDHOTEL,,2026-03-30,2026-03-30,605.0,CE,INDHOTEL26MAR605CE,0.0,0.0,0.0,66.9,0.0,66.9,695.1,95.1,0,0,0,0.0,0,F1,1000,,,,,
2026-02-18,2026-02-18,FO,NSE,STO,113271,,INDHOTEL,,2026-03-30,2026-03-30,580.0,CE,INDHOTEL26MAR580CE,0.0,0.0,0.0,161.6,0.0,161.6,695.1,119.0,0,0,0,0.0,0,F1,1000,,,,,
2026-02-18,2026-02-18,FO,NSE,STO,113354,,INDHOTEL,,2026-03-30,2026-03-30,750.0,CE,INDHOTEL26MAR750CE,4.35,4.9,3.7,4.75,4.65,4.6,695.1,4.75,232000,-33000,284,214176600.0,178,F1,1000,,,,,
2026-02-18,2026-02-18,FO,NSE,STO,124080,,INDHOTEL,,2026-03-30,2026-03-30,705.0,CE,INDHOTEL26MAR705CE,13.45,16.75,13.45,16.75,16.75,30.5,695.1,16.75,4000,2000,3,2161950.0,3,F1,1000,,,,,
2026-02-18,2026-02-18,FO,NSE,STO,113308,,INDHOTEL,,2026-03-30,2026-03-30,680.0,CE,INDHOTEL26MAR680CE,28.9,31.0,25.0,30.5,30.0,27.55,695.1,30.5,46000,10000,32,22649250.0,30,F1,1000,,,,,
2026-02-18,2026-02-18,FO,NSE,STO,123974,,INDHOTEL,,2026-03-30,2026-03-30,655.0,CE,INDHOTEL26MAR655CE,0.0,0.0,0.0,37.3,0.0,37.3,695.1,52.4,0,0,0,0.0,0,F1,1000,,,,,
2026-02-18,2026-02-18,FO,NSE,STO,123966,,INDHOTEL,,2026-03-30,2026-03-30,615.0,CE,INDHOTEL26MAR615CE,0.0,0.0,0.0,60.1,0.0,60.1,695.1,85.85,0,0,0,0.0,0,F1,1000,,,,,
2026-02-18,2026-02-18,FO,NSE,STO,113059,,INDHOTEL,,2026-02-24,2026-02-24,745.0,PE,INDHOTEL26FEB745PE,0.0,0.0,0.0,36.8,36.8,36.8,695.1,49.45,6000,0,0,0.0,0,F1,1000,,,,,
2026-02-18,2026-02-18,FO,NSE,STO,113303,,INDHOTEL,,2026-03-30,2026-03-30,650.0,PE,INDHOTEL26MAR650PE,6.0,7.0,4.15,4.25,4.45,6.1,695.1,4.25,144000,34000,88,57696400.0,61,F1,1000,,,,,
2026-02-18,2026-02-18,FO,NSE,STO,124063,,INDHOTEL,,2026-03-30,2026-03-30,665.0,PE,INDHOTEL26MAR665PE,10.5,10.5,7.0,7.0,7.0,7.5,695.1,7.0,10000,3000,5,3371550.0,4,F1,1000,,,,,
2026-02-18,2026-02-18,FO,NSE,STO,124300,,INDHOTEL,,2026-04-28,2026-04-28,570.0,PE,INDHOTEL26APR570PE,0.0,0.0,0.0,10.3,0.0,10.3,695.1,1.2,0,0,0,0.0,0,F1,1000,,,,,
2026-02-18,2026-02-18,FO,NSE,STO,124311,,INDHOTEL,,2026-04-28,2026-04-28,590.0,PE,INDHOTEL26APR590PE,0.0,0.0,0.0,15.05,0.0,15.05,695.1,2.4,0,0,0,0.0,0,F1,1000,,,,,
2026-02-18,2026-02-18,FO,NSE,STO,124313,,INDHOTEL,,2026-04-28,2026-04-28,600.0,PE,INDHOTEL26APR600PE,0.0,0.0,0.0,17.9,0.0,17.9,695.1,3.3,0,0,0,0.0,0,F1,1000,,,,,
2026-02-18,2026-02-18,FO,NSE,STO,124330,,INDHOTEL,,2026-04-28,2026-04-28,680.0,PE,INDHOTEL26APR680PE,0.0,0.0,0.0,53.6,0.0,53.6,695.1,22.55,0,0,0,0.0,0,F1,1000,,,,,
2026-02-18,2026-02-18,FO,NSE,STO,113016,,INDHOTEL,,2026-02-24,2026-02-24,705.0,PE,INDHOTEL26FEB705PE,23.7,23.7,15.35,15.35,15.35,21.6,695.1,15.35,107000,-17000,107,77675650.0,107,F1,1000,,,,,
2026-02-18,2026-02-18,FO,NSE,STO,113014,,INDHOTEL,,2026-02-24,2026-02-24,695.0,PE,INDHOTEL26FEB695PE,16.0,16.0,7.0,7.6,8.4,13.45,695.1,7.6,198000,21000,279,197178450.0,264,F1,1000,,,,,
2026-02-18,2026-02-18,FO,NSE,STO,112906,,INDHOTEL,,2026-02-24,2026-02-24,590.0,PE,INDHOTEL26FEB590PE,0.0,0.0,0.0,0.2,0.2,0.2,695.1,0.05,106000,0,0,0.0,0,F1,1000,,,,,
2026-02-18,2026-02-18,FO,NSE,STO,113358,,INDHOTEL,,2026-03-30,2026-03-30,770.0,CE,INDHOTEL26MAR770CE,2.65,2.7,2.2,2.7,2.7,2.8,695.1,2.7,47000,5000,12,9270050.0,11,F1,1000,,,,,
2026-02-18,2026-02-18,FO,NSE,STO,123970,,INDHOTEL,,2026-03-30,2026-03-30,635.0,CE,INDHOTEL26MAR635CE,0.0,0.0,0.0,47.8,0.0,47.8,695.1,68.3,0,0,0,0.0,0,F1,1000,,,,,
2026-02-18,2026-02-18,FO,NSE,STO,112937,,INDHOTEL,,2026-02-24,2026-02-24,665.0,PE,INDHOTEL26FEB665PE,2.6,2.6,0.7,0.85,0.9,2.3,695.1,0.85,334000,3000,231,153995650.0,214,F1,1000,,,,,
2026-02-18,2026-02-18,FO,NSE,STO,112933,,INDHOTEL,,2026-02-24,2026-02-24,650.0,PE,INDHOTEL26FEB650PE,1.3,1.3,0.35,0.45,0.5,1.1,695.1,0.45,1043000,-96000,276,179575850.0,221,F1,1000,,,,,
2026-02-18,2026-02-18,FO,NSE,STO,112925,,INDHOTEL,,2026-02-24,2026-02-24,625.0,PE,INDHOTEL26FEB625PE,0.0,0.0,0.0,0.5,0.5,0.5,695.1,0.05,26000,0,0,0.0,0,F1,1000,,,,,
2026-02-18,2026-02-18,FO,NSE,STO,112923,,INDHOTEL,,2026-02-24,2026-02-24,615.0,PE,INDHOTEL26FEB615PE,0.0,0.0,0.0,1.0,1.0,1.0,695.1,0.05,20000,0,0,0.0,0,F1,1000,,,,,
2026-02-18,2026-02-18,FO,NSE,STO,113279,,INDHOTEL,,2026-03-30,2026-03-30,620.0,CE,INDHOTEL26MAR620CE,0.0,0.0,0.0,126.95,0.0,126.95,695.1,81.35,0,0,0,0.0,0,F1,1000,,,,,
2026-02-18,2026-02-18,FO,NSE,STO,113273,,INDHOTEL,,2026-03-30,2026-03-30,590.0,CE,INDHOTEL26MAR590CE,0.0,0.0,0.0,152.65,0.0,152.65,695.1,109.3,0,0,0,0.0,0,F1,1000,,,,,
2026-02-18,2026-02-18,FO,NSE,STO,103467,,INDHOTEL,,2026-02-24,2026-02-24,740.0,CE,INDHOTEL26FEB740CE,0.65,0.7,0.35,0.5,0.45,0.8,695.1,0.5,392000,-134000,505,373943850.0,288,F1,1000,,,,,
2026-02-18,2026-02-18,FO,NSE,STO,113034,,INDHOTEL,,2026-02-24,2026-02-24,725.0,CE,INDHOTEL26FEB725CE,1.1,1.25,0.8,1.0,1.0,1.45,695.1,1.0,260000,-4000,99,71875050.0,95,F1,1000,,,,,
2026-02-18,2026-02-18,FO,NSE,STO,112940,,INDHOTEL,,2026-02-24,2026-02-24,675.0,CE,INDHOTEL26FEB675CE,0.0,0.0,0.0,16.85,16.85,16.85,695.1,23.3,82000,0,0,0.0,0,F1,1000,,,,,
2026-02-18,2026-02-18,FO,NSE,STO,103446,,INDHOTEL,,2026-02-24,2026-02-24,560.0,CE,INDHOTEL26FEB560CE,0.0,0.0,0.0,177.65,0.0,177.65,695.1,135.6,0,0,0,0.0,0,F1,1000,,,,,
2026-02-18,2026-02-18,FO,NSE,STF,59359,,INDHOTEL,,2026-02-24,2026-02-24,,,INDHOTEL26FEBFUT,682.55,696.0,682.2,694.6,692.4,687.7,695.1,694.6,23438000,-1739000,6608,4548988450.0,5591,F1,1000,,,,,
2026-02-18,2026-02-18,FO,NSE,STO,124356,,INDHOTEL,,2026-04-28,2026-04-28,740.0,PE,INDHOTEL26APR740PE,0.0,0.0,0.0,94.5,0.0,94.5,695.1,55.7,0,0,0,0.0,0,F1,1000,,,,,
2026-02-18,2026-02-18,FO,NSE,STO,124078,,INDHOTEL,,2026-03-30,2026-03-30,695.0,CE,INDHOTEL26MAR695CE,20.6,20.6,19.35,19.35,19.35,24.9,695.1,27.25,3000,0,2,1429950.0,2,F1,1000,,,,,
2026-02-18,2026-02-18,FO,NSE,STO,103579,,INDHOTEL,,2026-02-24,2026-02-24,780.0,CE,INDHOTEL26FEB780CE,0.35,0.35,0.2,0.25,0.2,0.4,695.1,0.25,534000,-18000,47,36671400.0,36,F1,1000,,,,,
2026-02-18,2026-02-18,FO,NSE,STO,112952,,INDHOTEL,,2026-02-24,2026-02-24,690.0,CE,INDHOTEL26FEB690CE,8.7,10.5,5.75,9.7,8.95,8.55,695.1,9.7,545000,30000,4328,3018829800.0,3362,F1,1000,,,,,
2026-02-18,2026-02-18,FO,NSE,STO,103459,,INDHOTEL,,2026-02-24,2026-02-24,660.0,CE,INDHOTEL26FEB660CE,26.5,35.8,25.5,35.05,33.5,29.15,695.1,35.05,265000,-5000,530,364931600.0,406,F1,1000,,,,,
2026-02-18,2026-02-18,FO,NSE,STO,113619,,INDIANB,,2026-03-30,2026-03-30,760.0,CE,INDIANB26MAR760CE,0.0,0.0,0.0,92.45,0.0,92.45,938.15,183.5,0,0,0,0.0,0,F1,1000,,,,,
2026-02-18,2026-02-18,FO,NSE,STO,113474,,INDIANB,,2026-02-24,2026-02-24,930.0,CE,INDIANB26FEB930CE,14.5,23.35,12.7,18.75,17.95,13.8,938.15,18.75,388000,-413000,6696,6341551500.0,5514,F1,1000,,,,,
2026-02-18,2026-02-18,FO,NSE,STO,103837,,INDIANB,,2026-02-24,2026-02-24,900.0,CE,INDIANB26FEB900CE,33.0,47.0,29.9,41.65,41.1,30.85,938.15,41.65,361000,-144000,638,598511950.0,526,F1,1000,,,,,
2026-02-18,2026-02-18,FO,NSE,STO,124672,,INDIANB,,2026-04-28,2026-04-28,800.0,PE,INDIANB26APR800PE,0.0,0.0,0.0,27.9,0.0,27.9,938.15,7.1,0,0,0,0.0,0,F1,1000,,,,,
2026-02-18,2026-02-18,FO,NSE,STO,113630,,INDIANB,,2026-03-30,2026-03-30,860.0,PE,INDIANB26MAR860PE,9.55,9.55,9.55,9.55,9.55,14.0,938.15,9.55,7000,0,1,869550.0,1,F1,1000,,,,,
2026-02-18,2026-02-18,FO,NSE,STO,113626,,INDIANB,,2026-03-30,2026-03-30,820.0,PE,INDIANB26MAR820PE,0.0,0.0,0.0,6.1,5.35,6.1,938.15,4.4,2000,0,0,0.0,0,F1,1000,,,,,
2026-02-18,2026-02-18,FO,NSE,STO,113463,,INDIANB,,2026-02-24,2026-02-24,810.0,PE,INDIANB26FEB810PE,0.5,0.5,0.3,0.3,0.3,0.6,938.15,0.05,120000,-5000,32,25933650.0,27,F1,1000,,,,,
2026-02-18,2026-02-18,FO,NSE,STO,113461,,INDIANB,,2026-02-24,2026-02-24,790.0,PE,INDIANB26FEB790PE,0.1,0.35,0.1,0.25,0.25,0.8,938.15,0.05,59000,-3000,5,3951100.0,4,F1,1000,,,,,
2026-02-18,2026-02-18,FO,NSE,STO,124678,,INDIANB,,2026-04-28,2026-04-28,860.0,PE,INDIANB26APR860PE,0.0,0.0,0.0,51.0,0.0,51.0,938.15,18.85,0,0,0,0.0,0,F1,1000,,,,,
2026-02-18,2026-02-18,FO,NSE,STO,124670,,INDIANB,,2026-04-28,2026-04-28,780.0,PE,INDIANB26APR780PE,0.0,0.0,0.0,22.15,0.0,22.15,938.15,4.85,0,0,0,0.0,0,F1,1000,,,,,
2026-02-18,2026-02-18,FO,NSE,STO,124664,,INDIANB,,2026-04-28,2026-04-28,720.0,PE,INDIANB26APR720PE,0.0,0.0,0.0,9.75,0.0,9.75,938.15,1.2,0,0,0,0.0,0,F1,1000,,,,,
2026-02-18,2026-02-18,FO,NSE,STO,113475,,INDIANB,,2026-02-24,2026-02-24,930.0,PE,INDIANB26FEB930PE,19.6,20.0,8.6,9.0,8.9,20.3,938.15,9.0,248000,180000,1196,1126431400.0,1002,F1,1000,,,,,
2026-02-18,2026-02-18,FO,NSE,STO,124497,,INDIANB,,2026-03-30,2026-03-30,990.0,PE,INDIANB26MAR990PE,0.0,0.0,0.0,90.65,90.65,90.65,938.15,68.65,3000,0,0,0.0,0,F1,1000,,,,,
2026-02-18,2026-02-18,FO,NSE,STO,113485,,INDIANB,,2026-02-24,2026-02-24,990.0,PE,INDIANB26FEB990PE,0.0,0.0,0.0,177.55,0.0,177.55,938.15,53.0,0,0,0,0.0,0,F1,1000,,,,,
2026-02-18,2026-02-18,FO,NSE,STO,103840,,INDIANB,,2026-02-24,2026-02-24,920.0,PE,INDIANB26FEB920PE,15.45,15.45,5.6,5.95,5.75,15.1,938.15,5.95,356000,94000,1476,1371454400.0,1176,F1,1000,,,,,
2026-02-18,2026-02-18,FO,NSE,STO,113473,,INDIANB,,2026-02-24,2026-02-24,910.0,PE,INDIANB26FEB910PE,10.6,10.75,3.6,3.85,3.7,10.9,938.15,3.85,388000,69000,1071,981084400.0,746,F1,1000,,,,,
2026-02-18,2026-02-18,FO,NSE,STO,124486,,INDIANB,,2026-03-30,2026-03-30,910.0,CE,INDIANB26MAR910CE,46.0,54.5,44.0,54.25,54.5,45.95,938.15,54.25,21000,-3000,33,31561650.0,22,F1,1000,,,,,
2026-02-18,2026-02-18,FO,NSE,STO,124444,,INDIANB,,2026-03-30,2026-03-30,830.0,CE,INDIANB26MAR830CE,0.0,0.0,0.0,85.0,0.0,85.0,938.15,118.75,0,0,0,0.0,0,F1,1000,,,,,
2026-02-18,2026-02-18,FO,NSE,STO,124434,,INDIANB,,2026-03-30,2026-03-30,770.0,CE,INDIANB26MAR770CE,0.0,0.0,0.0,127.55,0.0,127.55,938.15,173.9,0,0,0,0.0,0,F1,1000,,,,,
2026-02-18,2026-02-18,FO,NSE,STO,103839,,INDIANB,,2026-02-24,2026-02-24,920.0,CE,INDIANB26FEB920CE,19.6,30.5,17.5,26.2,24.65,18.6,938.15,26.2,371000,-513000,3626,3417327800.0,3211,F1,1000,,,,,
2026-02-18,2026-02-18,FO,NSE,STO,113466,,INDIANB,,2026-02-24,2026-02-24,850.0,CE,INDIANB26FEB850CE,78.0,92.5,74.3,90.7,90.7,72.75,938.15,89.05,145000,-49000,110,102356750.0,74,F1,1000,,,,,
2026-02-18,2026-02-18,FO,NSE,STO,103769,,INDIANB,,2026-02-24,2026-02-24,740.0,CE,INDIANB26FEB740CE,0.0,0.0,0.0,140.0,140.0,140.0,938.15,198.8,9000,0,0,0.0,0,F1,1000,,,,,
2026-02-18,2026-02-18,FO,NSE,STO,113617,,INDIANB,,2026-03-30,2026-03-30,740.0,CE,INDIANB26MAR740CE,0.0,0.0,0.0,105.35,0.0,105.35,938.15,203.0,0,0,0,0.0,0,F1,1000,,,,,
2026-02-18,2026-02-18,FO,NSE,STO,113489,,INDIANB,,2026-02-24,2026-02-24,1010.0,CE,INDIANB26FEB1010CE,1.25,1.25,0.8,0.9,0.9,1.0,938.15,0.7,121000,58000,191,193119400.0,154,F1,1000,,,,,
2026-02-18,2026-02-18,FO,NSE,STO,113472,,INDIANB,,2026-02-24,2026-02-24,910.0,CE,INDIANB26FEB910CE,26.0,38.1,23.15,33.7,32.5,24.25,938.15,33.7,134000,-168000,535,503063050.0,438,F1,1000,,,,,
2026-02-18,2026-02-18,FO,NSE,STO,113624,,INDIANB,,2026-03-30,2026-03-30,800.0,PE,INDIANB26MAR800PE,3.8,3.85,2.4,2.4,2.4,3.95,938.15,2.4,34000,1000,43,34525650.0,35,F1,1000,,,,,
2026-02-18,2026-02-18,FO,NSE,STO,113647,,INDIANB,,2026-03-30,2026-03-30,940.0,PE,INDIANB26MAR940PE,0.0,0.0,0.0,73.0,73.0,73.0,938.15,38.8,1000,0,0,0.0,0,F1,1000,,,,,
2026-02-18,2026-02-18,FO,NSE,STO,124491,,INDIANB,,2026-03-30,2026-03-30,950.0,PE,INDIANB26MAR950PE,45.8,46.4,37.4,37.4,37.4,48.75,938.15,37.4,25000,13000,31,30726600.0,28,F1,1000,,,,,
2026-02-18,2026-02-18,FO,NSE,STO,124713,,INDIANB,,2026-04-28,2026-04-28,960.0,PE,INDIANB26APR960PE,0.0,0.0,0.0,108.2,0.0,108.2,938.15,60.0,0,0,0,0.0,0,F1,1000,,,,,
2026-02-18,2026-02-18,FO,NSE,STO,124717,,INDIANB,,2026-04-28,2026-04-28,1000.0,PE,INDIANB26APR1000PE,0.0,0.0,0.0,136.85,0.0,136.85,938.15,84.5,0,0,0,0.0,0,F1,1000,,,,,
2026-02-18,2026-02-18,FO,NSE,STO,124431,,INDIANB,,2026-03-30,2026-03-30,730.0,PE,INDIANB26MAR730PE,0.0,0.0,0.0,1.5,1.5,1.5,938.15,0.3,0,0,0,0.0,0,F1,1000,,,,,
2026-02-18,2026-02-18,FO,NSE,STO,124716,,INDIANB,,2026-04-28,2026-04-28,1000.0,CE,INDIANB26APR1000CE,0.0,0.0,0.0,28.85,0.0,28.85,938.15,33.0,0,0,0,0.0,0,F1,1000,,,,,
2026-02-18,2026-02-18,FO,NSE,STO,113623,,INDIANB,,2026-03-30,2026-03-30,800.0,CE,INDIANB26MAR800CE,142.2,142.2,142.2,142.2,142.2,127.0,938.15,142.2,2000,1000,1,942200.0,1,F1,1000,,,,,
2026-02-18,2026-02-18,FO,NSE,STO,103832,,INDIANB,,2026-02-24,2026-02-24,840.0,PE,INDIANB26FEB840PE,0.8,0.9,0.45,0.5,0.5,1.05,938.15,0.05,227000,-47000,175,147109900.0,139,F1,1000,,,,,
2026-02-18,2026-02-18,FO,NSE,STO,103846,,INDIANB,,2026-02-24,2026-02-24,980.0,PE,INDIANB26FEB980PE,0.0,0.0,0.0,123.9,0.0,123.9,938.15,44.25,0,0,0,0.0,0,F1,1000,,,,,
2026-02-18,2026-02-18,FO,NSE,STO,124676,,INDIANB,,2026-04-28,2026-04-28,840.0,PE,INDIANB26APR840PE,0.0,0.0,0.0,42.35,0.0,42.35,938.15,14.0,0,0,0,0.0,0,F1,1000,,,,,
2026-02-18,2026-02-18,FO,NSE,STO,124666,,INDIANB,,2026-04-28,2026-04-28,740.0,PE,INDIANB26APR740PE,0.0,0.0,0.0,13.1,0.0,13.1,938.15,2.0,0,0,0,0.0,0,F1,1000,,,,,
2026-02-18,2026-02-18,FO,NSE,STO,113636,,INDIANB,,2026-03-30,2026-03-30,920.0,PE,INDIANB26MAR920PE,31.0,31.4,23.45,23.6,23.6,32.6,938.15,23.6,41000,28000,48,45387550.0,35,F1,1000,,,,,
2026-02-18,2026-02-18,FO,NSE,STO,103848,,INDIANB,,2026-02-24,2026-02-24,1000.0,PE,INDIANB26FEB1000PE,0.0,0.0,0.0,115.75,116.5,115.75,938.15,62.15,3000,0,0,0.0,0,F1,1000,,,,,
2026-02-18,2026-02-18,FO,NSE,STO,103751,,INDIANB,,2026-02-24,2026-02-24,680.0,CE,INDIANB26FEB680CE,0.0,0.0,0.0,218.55,218.55,218.55,938.15,258.75,3000,0,0,0.0,0,F1,1000,,,,,
2026-02-18,2026-02-18,FO,NSE,STO,103766,,INDIANB,,2026-02-24,2026-02-24,720.0,CE,INDIANB26FEB720CE,0.0,0.0,0.0,169.95,169.95,169.95,938.15,218.8,5000,0,0,0.0,0,F1,1000,,,,,
2026-02-18,2026-02-18,FO,NSE,STO,103806,,INDIANB,,2026-02-24,2026-02-24,780.0,CE,INDIANB26FEB780CE,0.0,0.0,0.0,102.3,102.3,102.3,938.15,158.85,6000,0,0,0.0,0,F1,1000,,,,,
2026-02-18,2026-02-18,FO,NSE,STO,103814,,INDIANB,,2026-02-24,2026-02-24,820.0,CE,INDIANB26FEB820CE,104.9,121.85,104.9,121.85,121.85,102.75,938.15,118.9,40000,-1000,14,13026600.0,11,F1,1000,,,,,
2026-02-18,2026-02-18,FO,NSE,STO,103849,,INDIANB,,2026-02-24,2026-02-24,1020.0,CE,INDIANB26FEB1020CE,0.8,0.95,0.45,0.65,0.65,0.8,938.15,0.65,293000,59000,176,179648650.0,147,F1,1000,,,,,
2026-02-18,2026-02-18,FO,NSE,STO,124430,,INDIANB,,2026-03-30,2026-03-30,730.0,CE,INDIANB26MAR730CE,0.0,0.0,0.0,156.0,156.0,156.0,938.15,212.8,1000,0,0,0.0,0,F1,1000,,,,,
2026-02-18,2026-02-18,FO,NSE,STO,113621,,INDIANB,,2026-03-30,2026-03-30,780.0,CE,INDIANB26MAR780CE,0.0,0.0,0.0,80.6,0.0,80.6,938.15,164.35,0,0,0,0.0,0,F1,1000,,,,,
2026-02-18,2026-02-18,FO,NSE,STO,124488,,INDIANB,,2026-03-30,2026-03-30,930.0,CE,INDIANB26MAR930CE,36.9,46.75,36.0,43.35,43.3,33.45,938.15,43.35,89000,86000,239,232324000.0,181,F1,1000,,,,,
2026-02-18,2026-02-18,FO,NSE,STO,113648,,INDIANB,,2026-03-30,2026-03-30,960.0,CE,INDIANB26MAR960CE,17.2,31.3,17.2,29.7,29.7,16.65,938.15,29.7,14000,12000,20,19784250.0,19,F1,1000,,,,,
2026-02-18,2026-02-18,FO,NSE,STO,124673,,INDIANB,,2026-04-28,2026-04-28,820.0,CE,INDIANB26APR820CE,0.0,0.0,0.0,103.9,0.0,103.9,938.15,136.75,0,0,0,0.0,0,F1,1000,,,,,
2026-02-18,2026-02-18,FO,NSE,STO,103763,,INDIANB,,2026-02-24,2026-02-24,700.0,PE,INDIANB26FEB700PE,0.0,0.0,0.0,0.05,0.05,0.05,938.15,0.05,32000,0,0,0.0,0,F1,1000,,,,,
2026-02-18,2026-02-18,FO,NSE,STO,113635,,INDIANB,,2026-03-30,2026-03-30,920.0,CE,INDIANB26MAR920CE,41.6,50.95,40.45,48.3,48.65,40.95,938.15,48.3,72000,32000,213,205617550.0,176,F1,1000,,,,,
2026-02-18,2026-02-18,FO,NSE,STO,124432,,INDIANB,,2026-03-30,2026-03-30,750.0,CE,INDIANB26MAR750CE,0.0,0.0,0.0,143.75,0.0,143.75,938.15,193.25,0,0,0,0.0,0,F1,1000,,,,,
2026-02-18,2026-02-18,FO,NSE,STO,113470,,INDIANB,,2026-02-24,2026-02-24,890.0,CE,INDIANB26FEB890CE,40.35,55.1,39.85,51.3,50.55,38.7,938.15,51.3,147000,-33000,99,92905050.0,80,F1,1000,,,,,
2026-02-18,2026-02-18,FO,NSE,STO,113468,,INDIANB,,2026-02-24,2026-02-24,870.0,CE,INDIANB26FEB870CE,58.65,72.65,58.65,69.3,69.3,55.85,938.15,69.3,169000,-9000,22,20579300.0,22,F1,1000,,,,,
2026-02-18,2026-02-18,FO,NSE,STO,103833,,INDIANB,,2026-02-24,2026-02-24,860.0,CE,INDIANB26FEB860CE,70.5,82.0,70.5,81.8,81.8,63.55,938.15,79.2,78000,-15000,26,24350650.0,19,F1,1000,,,,,
2026-02-18,2026-02-18,FO,NSE,STO,113464,,INDIANB,,2026-02-24,2026-02-24,830.0,CE,INDIANB26FEB830CE,104.2,109.25,103.0,109.25,109.25,93.45,938.15,109.25,57000,0,5,4679950.0,5,F1,1000,,,,,
2026-02-18,2026-02-18,FO,NSE,STF,51920,,INDIANB,,2026-03-30,2026-03-30,,,INDIANB26MARFUT,935.35,948.9,927.0,945.0,943.5,927.0,938.15,945.0,1292000,684000,1642,1544469950.0,1564,F1,1000,,,,,
2026-02-18,2026-02-18,FO,NSE,STO,113627,,INDIANB,,2026-03-30,2026-03-30,840.0,CE,INDIANB26MAR840CE,117.0,117.0,117.0,117.0,117.0,33.6,938.15,110.2,2000,2000,2,1914000.0,1,F1,1000,,,,,
2026-02-18,2026-02-18,FO,NSE,STO,124680,,INDIANB,,2026-04-28,2026-04-28,880.0,PE,INDIANB26APR880PE,0.0,0.0,0.0,60.6,0.0,60.6,938.15,24.75,0,0,0,0.0,0,F1,1000,,,,,
2026-02-18,2026-02-18,FO,NSE,STO,124487,,INDIANB,,2026-03-30,2026-03-30,910.0,PE,INDIANB26MAR910PE,27.35,27.35,19.35,21.6,21.3,28.05,938.15,21.6,23000,2000,9,8391950.0,9,F1,1000,,,,,
2026-02-18,2026-02-18,FO,NSE,STO,124485,,INDIANB,,2026-03-30,2026-03-30,890.0,PE,INDIANB26MAR890PE,19.0,19.0,12.45,17.25,17.25,22.45,938.15,17.25,26000,2000,4,3623350.0,4,F1,1000,,,,,
2026-02-18,2026-02-18,FO,NSE,STO,124479,,INDIANB,,2026-03-30,2026-03-30,850.0,PE,INDIANB26MAR850PE,9.1,9.6,6.2,6.4,6.5,9.65,938.15,6.4,336000,15000,152,130365250.0,114,F1,1000,,,,,
2026-02-18,2026-02-18,FO,NSE,STO,113616,,INDIANB,,2026-03-30,2026-03-30,720.0,PE,INDIANB26MAR720PE,0.0,0.0,0.0,19.65,0.0,19.65,938.15,0.2,0,0,0,0.0,0,F1,1000,,,,,
2026-02-18,2026-02-18,FO,NSE,STO,113465,,INDIANB,,2026-02-24,2026-02-24,830.0,PE,INDIANB26FEB830PE,0.75,0.75,0.4,0.5,0.55,0.8,938.15,0.5,102000,0,43,35714600.0,38,F1,1000,,,,,
2026-02-18,2026-02-18,FO,NSE,STO,124720,,INDIANB,,2026-04-28,2026-04-28,1040.0,CE,INDIANB26APR1040CE,0.0,0.0,0.0,20.65,0.0,20.65,938.15,21.9,0,0,0,0.0,0,F1,1000,,,,,
2026-02-18,2026-02-18,FO,NSE,STO,124675,,INDIANB,,2026-04-28,2026-04-28,840.0,CE,INDIANB26APR840CE,0.0,0.0,0.0,91.9,0.0,91.9,938.15,120.85,0,0,0,0.0,0,F1,1000,,,,,
2026-02-18,2026-02-18,FO,NSE,STO,113654,,INDIANB,,2026-03-30,2026-03-30,1020.0,CE,INDIANB26MAR1020CE,8.15,13.0,8.15,11.45,11.05,6.0,938.15,11.45,63000,61000,81,83544950.0,77,F1,1000,,,,,
2026-02-18,2026-02-18,FO,NSE,STO,103847,,INDIANB,,2026-02-24,2026-02-24,1000.0,CE,INDIANB26FEB1000CE,1.45,1.85,1.05,1.2,1.15,1.35,938.15,1.2,688000,-17000,871,872205500.0,743,F1,1000,,,,,
2026-02-18,2026-02-18,FO,NSE,STO,124436,,INDIANB,,2026-03-30,2026-03-30,790.0,CE,INDIANB26MAR790CE,0.0,0.0,0.0,98.25,98.25,98.25,938.15,154.9,9000,0,0,0.0,0,F1,1000,,,,,
2026-02-18,2026-02-18,FO,NSE,STO,113629,,INDIANB,,2026-03-30,2026-03-30,860.0,CE,INDIANB26MAR860CE,83.0,83.0,83.0,83.0,83.0,62.0,938.15,93.95,4000,0,1,943000.0,1,F1,1000,,,,,
2026-02-18,2026-02-18,FO,NSE,STO,124496,,INDIANB,,2026-03-30,2026-03-30,990.0,CE,INDIANB26MAR990CE,16.75,20.2,15.5,19.1,19.1,15.2,938.15,22.75,65000,-23000,68,68584650.0,47,F1,1000,,,,,
2026-02-18,2026-02-18,FO,NSE,STO,113652,,INDIANB,,2026-03-30,2026-03-30,1000.0,CE,INDIANB26MAR1000CE,13.15,18.3,13.0,15.9,15.5,13.3,938.15,15.9,195000,60000,503,510869450.0,392,F1,1000,,,,,
2026-02-18,2026-02-18,FO,NSE,STO,124445,,INDIANB,,2026-03-30,2026-03-30,830.0,PE,INDIANB26MAR830PE,0.0,0.0,0.0,20.85,20.85,20.85,938.15,5.6,3000,0,0,0.0,0,F1,1000,,,,,
2026-02-18,2026-02-18,FO,NSE,STO,124721,,INDIANB,,2026-04-28,2026-04-28,1040.0,PE,INDIANB26APR1040PE,0.0,0.0,0.0,168.05,0.0,168.05,938.15,113.0,0,0,0,0.0,0,F1,1000,,,,,
2026-02-18,2026-02-18,FO,NSE,STO,124712,,INDIANB,,2026-04-28,2026-04-28,960.0,CE,INDIANB26APR960CE,0.0,0.0,0.0,39.6,0.0,39.6,938.15,48.1,0,0,0,0.0,0,F1,1000,,,,,
2026-02-18,2026-02-18,FO,NSE,STO,103792,,INDIANB,,2026-02-24,2026-02-24,760.0,PE,INDIANB26FEB760PE,0.25,0.25,0.15,0.15,0.15,0.2,938.15,0.05,56000,-2000,4,3040800.0,3,F1,1000,,,,,
2026-02-18,2026-02-18,FO,NSE,STO,103836,,INDIANB,,2026-02-24,2026-02-24,880.0,PE,INDIANB26FEB880PE,3.5,3.55,1.0,1.2,1.1,3.55,938.15,1.2,668000,152000,947,835444900.0,657,F1,1000,,,,,
2026-02-18,2026-02-18,FO,NSE,STO,124441,,INDIANB,,2026-03-30,2026-03-30,810.0,PE,INDIANB26MAR810PE,0.0,0.0,0.0,17.35,17.35,17.35,938.15,3.45,2000,0,0,0.0,0,F1,1000,,,,,
2026-02-18,2026-02-18,FO,NSE,STO,113649,,INDIANB,,2026-03-30,2026-03-30,960.0,PE,INDIANB26MAR960PE,40.0,40.0,40.0,40.0,40.0,88.0,938.15,49.65,4000,1000,1,1000000.0,1,F1,1000,,,,,
2026-02-18,2026-02-18,FO,NSE,STO,113471,,INDIANB,,2026-02-24,2026-02-24,890.0,PE,INDIANB26FEB890PE,4.55,5.15,1.45,1.6,1.5,5.25,938.15,1.6,296000,91000,715,638256300.0,652,F1,1000,,,,,
2026-02-18,2026-02-18,FO,NSE,STO,113455,,INDIANB,,2026-02-24,2026-02-24,730.0,PE,INDIANB26FEB730PE,0.0,0.0,0.0,14.2,0.0,14.2,938.15,0.05,0,0,0,0.0,0,F1,1000,,,,,
2026-02-18,2026-02-18,FO,NSE,STO,124677,,INDIANB,,2026-04-28,2026-04-28,860.0,CE,INDIANB26APR860CE,0.0,0.0,0.0,80.85,0.0,80.85,938.15,105.9,0,0,0,0.0,0,F1,1000,,,,,
2026-02-18,2026-02-18,FO,NSE,STO,103767,,INDIANB,,2026-02-24,2026-02-24,720.0,PE,INDIANB26FEB720PE,0.0,0.0,0.0,0.2,0.2,0.2,938.15,0.05,24000,0,0,0.0,0,F1,1000,,,,,
2026-02-18,2026-02-18,FO,NSE,STO,113724,,INDIANB,,2026-03-30,2026-03-30,1040.0,PE,INDIANB26MAR1040PE,0.0,0.0,0.0,223.65,0.0,223.65,938.15,106.55,0,0,0,0.0,0,F1,1000,,,,,
2026-02-18,2026-02-18,FO,NSE,STO,113653,,INDIANB,,2026-03-30,2026-03-30,1000.0,PE,INDIANB26MAR1000PE,79.0,79.0,79.0,79.0,79.0,115.5,938.15,75.65,3000,1000,1,1079000.0,1,F1,1000,,,,,
2026-02-18,2026-02-18,FO,NSE,STO,113454,,INDIANB,,2026-02-24,2026-02-24,730.0,CE,INDIANB26FEB730CE,0.0,0.0,0.0,154.0,154.0,154.0,938.15,208.8,5000,0,0,0.0,0,F1,1000,,,,,
2026-02-18,2026-02-18,FO,NSE,STO,113478,,INDIANB,,2026-02-24,2026-02-24,950.0,CE,INDIANB26FEB950CE,8.0,12.45,6.05,9.15,8.25,7.0,938.15,9.15,606000,-34000,4867,4669277900.0,4142,F1,1000,,,,,
2026-02-18,2026-02-18,FO,NSE,STO,124669,,INDIANB,,2026-04-28,2026-04-28,780.0,CE,INDIANB26APR780CE,0.0,0.0,0.0,130.8,0.0,130.8,938.15,171.05,0,0,0,0.0,0,F1,1000,,,,,
2026-02-18,2026-02-18,FO,NSE,STO,113628,,INDIANB,,2026-03-30,2026-03-30,840.0,PE,INDIANB26MAR840PE,7.6,7.6,5.4,5.8,5.8,8.1,938.15,7.0,39000,7000,10,8463300.0,9,F1,1000,,,,,
2026-02-18,2026-02-18,FO,NSE,STO,103844,,INDIANB,,2026-02-24,2026-02-24,960.0,PE,INDIANB26FEB960PE,36.5,37.4,24.15,25.65,26.4,86.95,938.15,25.65,23000,17000,58,57396450.0,57,F1,1000,,,,,
2026-02-18,2026-02-18,FO,NSE,STO,113479,,INDIANB,,2026-02-24,2026-02-24,950.0,PE,INDIANB26FEB950PE,30.0,30.0,18.0,18.7,19.2,33.6,938.15,18.7,48000,26000,131,127279750.0,128,F1,1000,,,,,
2026-02-18,2026-02-18,FO,NSE,STO,124668,,INDIANB,,2026-04-28,2026-04-28,760.0,PE,INDIANB26APR760PE,0.0,0.0,0.0,17.2,0.0,17.2,938.15,3.15,0,0,0,0.0,0,F1,1000,,,,,
2026-02-18,2026-02-18,FO,NSE,STO,124483,,INDIANB,,2026-03-30,2026-03-30,870.0,PE,INDIANB26MAR870PE,0.0,0.0,0.0,18.25,18.25,18.25,938.15,12.9,2000,0,0,0.0,0,F1,1000,,,,,
2026-02-18,2026-02-18,FO,NSE,STO,124437,,INDIANB,,2026-03-30,2026-03-30,790.0,PE,INDIANB26MAR790PE,2.4,2.4,2.4,2.4,2.4,4.35,938.15,2.0,6000,1000,2,1584800.0,2,F1,1000,,,,,
2026-02-18,2026-02-18,FO,NSE,STO,113622,,INDIANB,,2026-03-30,2026-03-30,780.0,PE,INDIANB26MAR780PE,0.0,0.0,0.0,2.75,2.75,2.75,938.15,1.5,6000,0,0,0.0,0,F1,1000,,,,,
2026-02-18,2026-02-18,FO,NSE,STO,124435,,INDIANB,,2026-03-30,2026-03-30,770.0,PE,INDIANB26MAR770PE,0.0,0.0,0.0,18.35,18.35,18.35,938.15,1.1,2000,0,0,0.0,0,F1,1000,,,,,
2026-02-18,2026-02-18,FO,NSE,STO,113618,,INDIANB,,2026-03-30,2026-03-30,740.0,PE,INDIANB26MAR740PE,0.0,0.0,0.0,25.4,0.0,25.4,938.15,0.4,0,0,0,0.0,0,F1,1000,,,,,
2026-02-18,2026-02-18,FO,NSE,STO,103964,,INDIANB,,2026-02-24,2026-02-24,1040.0,PE,INDIANB26FEB1040PE,113.95,113.95,113.95,113.95,113.95,131.9,938.15,101.0,5000,0,2,2307900.0,1,F1,1000,,,,,
2026-02-18,2026-02-18,FO,NSE,STO,113481,,INDIANB,,2026-02-24,2026-02-24,970.0,PE,INDIANB26FEB970PE,0.0,0.0,0.0,50.05,49.9,50.05,938.15,36.05,9000,0,0,0.0,0,F1,1000,,,,,
2026-02-18,2026-02-18,FO,NSE,STO,103842,,INDIANB,,2026-02-24,2026-02-24,940.0,PE,INDIANB26FEB940PE,26.55,26.55,12.5,13.2,12.5,26.55,938.15,13.2,191000,173000,563,537368150.0,453,F1,1000,,,,,
2026-02-18,2026-02-18,FO,NSE,STO,103788,,INDIANB,,2026-02-24,2026-02-24,740.0,PE,INDIANB26FEB740PE,0.05,0.05,0.05,0.05,0.05,0.05,938.15,0.05,58000,0,14,10360700.0,12,F1,1000,,,,,
2026-02-18,2026-02-18,FO,NSE,STO,124679,,INDIANB,,2026-04-28,2026-04-28,880.0,CE,INDIANB26APR880CE,0.0,0.0,0.0,70.8,0.0,70.8,938.15,92.0,0,0,0,0.0,0,F1,1000,,,,,
2026-02-18,2026-02-18,FO,NSE,STO,124484,,INDIANB,,2026-03-30,2026-03-30,890.0,CE,INDIANB26MAR890CE,0.0,0.0,0.0,52.65,0.0,52.65,938.15,71.95,0,0,0,0.0,0,F1,1000,,,,,
2026-02-18,2026-02-18,FO,NSE,STO,113615,,INDIANB,,2026-03-30,2026-03-30,720.0,CE,INDIANB26MAR720CE,0.0,0.0,0.0,119.3,0.0,119.3,938.15,222.65,0,0,0,0.0,0,F1,1000,,,,,
2026-02-18,2026-02-18,FO,NSE,STO,103820,,INDIANB,,2026-02-24,2026-02-24,840.0,CE,INDIANB26FEB840CE,0.0,0.0,0.0,78.9,78.9,78.9,938.15,98.95,60000,0,0,0.0,0,F1,1000,,,,,
2026-02-18,2026-02-18,FO,NSE,STO,113462,,INDIANB,,2026-02-24,2026-02-24,810.0,CE,INDIANB26FEB810CE,128.0,128.0,128.0,128.0,128.0,80.1,938.15,128.9,22000,-2000,2,1876000.0,1,F1,1000,,,,,
2026-02-18,2026-02-18,FO,NSE,STO,103791,,INDIANB,,2026-02-24,2026-02-24,760.0,CE,INDIANB26FEB760CE,0.0,0.0,0.0,125.0,125.0,125.0,938.15,178.85,1000,0,0,0.0,0,F1,1000,,,,,
2026-02-18,2026-02-18,FO,NSE,STF,59360,,INDIANB,,2026-02-24,2026-02-24,,,INDIANB26FEBFUT,929.0,944.95,922.55,940.5,939.5,923.15,938.15,940.5,9655000,78000,3822,3575397350.0,3426,F1,1000,,,,,
2026-02-18,2026-02-18,FO,NSE,STO,124493,,INDIANB,,2026-03-30,2026-03-30,970.0,PE,INDIANB26MAR970PE,0.0,0.0,0.0,108.0,0.0,108.0,938.15,55.6,0,0,0,0.0,0,F1,1000,,,,,
2026-02-18,2026-02-18,FO,NSE,STO,113459,,INDIANB,,2026-02-24,2026-02-24,770.0,PE,INDIANB26FEB770PE,0.2,0.2,0.2,0.2,0.2,0.25,938.15,0.05,26000,-1000,1,770200.0,1,F1,1000,,,,,
2026-02-18,2026-02-18,FO,NSE,STO,124710,,INDIANB,,2026-04-28,2026-04-28,940.0,CE,INDIANB26APR940CE,0.0,0.0,0.0,46.15,0.0,46.15,938.15,57.3,0,0,0,0.0,0,F1,1000,,,,,
2026-02-18,2026-02-18,FO,NSE,STO,124714,,INDIANB,,2026-04-28,2026-04-28,980.0,CE,INDIANB26APR980CE,0.0,0.0,0.0,33.85,0.0,33.85,938.15,40.0,0,0,0,0.0,0,F1,1000,,,,,
2026-02-18,2026-02-18,FO,NSE,STO,113469,,INDIANB,,2026-02-24,2026-02-24,870.0,PE,INDIANB26FEB870PE,2.2,2.35,0.7,0.85,0.8,2.4,938.15,0.85,411000,-111000,416,362407650.0,350,F1,1000,,,,,
2026-02-18,2026-02-18,FO,NSE,STO,124433,,INDIANB,,2026-03-30,2026-03-30,750.0,PE,INDIANB26MAR750PE,0.0,0.0,0.0,9.2,0.0,9.2,938.15,0.55,0,0,0,0.0,0,F1,1000,,,,,
2026-02-18,2026-02-18,FO,NSE,STO,124489,,INDIANB,,2026-03-30,2026-03-30,930.0,PE,INDIANB26MAR930PE,35.0,35.0,26.95,28.05,28.5,62.0,938.15,28.05,26000,25000,40,38358050.0,24,F1,1000,,,,,
2026-02-18,2026-02-18,FO,NSE,STO,124711,,INDIANB,,2026-04-28,2026-04-28,940.0,PE,INDIANB26APR940PE,0.0,0.0,0.0,95.05,0.0,95.05,938.15,49.4,0,0,0,0.0,0,F1,1000,,,,,
2026-02-18,2026-02-18,FO,NSE,STO,124715,,INDIANB,,2026-04-28,2026-04-28,980.0,PE,INDIANB26APR980PE,0.0,0.0,0.0,122.15,0.0,122.15,938.15,71.7,0,0,0,0.0,0,F1,1000,,,,,
2026-02-18,2026-02-18,FO,NSE,STF,66861,,INDIANB,,2026-04-28,2026-04-28,,,INDIANB26APRFUT,938.2,951.0,930.0,948.25,947.95,930.85,938.15,948.25,43000,7000,54,50958950.0,53,F1,1000,,,,,
2026-02-18,2026-02-18,FO,NSE,STO,113458,,INDIANB,,2026-02-24,2026-02-24,770.0,CE,INDIANB26FEB770CE,0.0,0.0,0.0,118.0,118.0,118.0,938.15,168.85,1000,0,0,0.0,0,F1,1000,,,,,
2026-02-18,2026-02-18,FO,NSE,STO,103812,,INDIANB,,2026-02-24,2026-02-24,800.0,CE,INDIANB26FEB800CE,139.05,141.6,139.05,139.7,139.7,124.15,938.15,139.7,55000,-8000,8,7528350.0,4,F1,1000,,,,,
2026-02-18,2026-02-18,FO,NSE,STO,103835,,INDIANB,,2026-02-24,2026-02-24,880.0,CE,INDIANB26FEB880CE,48.95,65.45,47.3,61.1,60.0,47.05,938.15,61.1,123000,-42000,132,123583400.0,105,F1,1000,,,,,
2026-02-18,2026-02-18,FO,NSE,STO,103841,,INDIANB,,2026-02-24,2026-02-24,940.0,CE,INDIANB26FEB940CE,10.5,17.4,8.9,13.55,12.7,10.0,938.15,13.55,405000,102000,5239,4994852600.0,4588,F1,1000,,,,,
2026-02-18,2026-02-18,FO,NSE,STO,113484,,INDIANB,,2026-02-24,2026-02-24,990.0,CE,INDIANB26FEB990CE,1.95,2.65,1.4,1.6,1.55,1.7,938.15,1.6,190000,112000,437,433473850.0,399,F1,1000,,,,,
2026-02-18,2026-02-18,FO,NSE,STO,113625,,INDIANB,,2026-03-30,2026-03-30,820.0,CE,INDIANB26MAR820CE,0.0,0.0,0.0,80.4,80.4,80.4,938.15,127.5,5000,0,0,0.0,0,F1,1000,,,,,
2026-02-18,2026-02-18,FO,NSE,STO,113646,,INDIANB,,2026-03-30,2026-03-30,940.0,CE,INDIANB26MAR940CE,35.8,41.6,35.35,38.55,37.7,21.7,938.15,38.55,49000,49000,87,85180550.0,83,F1,1000,,,,,
2026-02-18,2026-02-18,FO,NSE,STO,113656,,INDIANB,,2026-03-30,2026-03-30,1040.0,CE,INDIANB26MAR1040CE,7.3,9.75,6.8,8.3,8.2,7.25,938.15,8.3,159000,50000,124,129996300.0,97,F1,1000,,,,,
2026-02-18,2026-02-18,FO,NSE,STO,124682,,INDIANB,,2026-04-28,2026-04-28,900.0,PE,INDIANB26APR900PE,0.0,0.0,0.0,71.2,0.0,71.2,938.15,31.8,0,0,0,0.0,0,F1,1000,,,,,
2026-02-18,2026-02-18,FO,NSE,STO,124684,,INDIANB,,2026-04-28,2026-04-28,920.0,PE,INDIANB26APR920PE,0.0,0.0,0.0,82.7,0.0,82.7,938.15,40.0,0,0,0,0.0,0,F1,1000,,,,,
2026-02-18,2026-02-18,FO,NSE,STO,113655,,INDIANB,,2026-03-30,2026-03-30,1020.0,PE,INDIANB26MAR1020PE,0.0,0.0,0.0,205.8,0.0,205.8,938.15,90.55,0,0,0,0.0,0,F1,1000,,,,,
2026-02-18,2026-02-18,FO,NSE,STO,113634,,INDIANB,,2026-03-30,2026-03-30,900.0,PE,INDIANB26MAR900PE,24.75,24.75,16.6,17.0,17.35,24.0,938.15,17.0,93000,-3000,164,150745600.0,136,F1,1000,,,,,
2026-02-18,2026-02-18,FO,NSE,STO,113620,,INDIANB,,2026-03-30,2026-03-30,760.0,PE,INDIANB26MAR760PE,0.0,0.0,0.0,2.4,2.4,2.4,938.15,0.8,1000,0,0,0.0,0,F1,1000,,,,,
2026-02-18,2026-02-18,FO,NSE,STO,113467,,INDIANB,,2026-02-24,2026-02-24,850.0,PE,INDIANB26FEB850PE,1.05,1.15,0.55,0.6,0.65,1.3,938.15,0.6,314000,-98000,497,422822450.0,315,F1,1000,,,,,
2026-02-18,2026-02-18,FO,NSE,STO,103819,,INDIANB,,2026-02-24,2026-02-24,820.0,PE,INDIANB26FEB820PE,0.4,0.5,0.35,0.35,0.35,0.7,938.15,0.35,121000,-2000,51,41840450.0,46,F1,1000,,,,,
2026-02-18,2026-02-18,FO,NSE,STO,124683,,INDIANB,,2026-04-28,2026-04-28,920.0,CE,INDIANB26APR920CE,0.0,0.0,0.0,53.45,0.0,53.45,938.15,67.7,0,0,0,0.0,0,F1,1000,,,,,
2026-02-18,2026-02-18,FO,NSE,STO,124665,,INDIANB,,2026-04-28,2026-04-28,740.0,CE,INDIANB26APR740CE,0.0,0.0,0.0,161.15,0.0,161.15,938.15,207.8,0,0,0,0.0,0,F1,1000,,,,,
2026-02-18,2026-02-18,FO,NSE,STO,124440,,INDIANB,,2026-03-30,2026-03-30,810.0,CE,INDIANB26MAR810CE,0.0,0.0,0.0,98.1,0.0,98.1,938.15,136.45,0,0,0,0.0,0,F1,1000,,,,,
2026-02-18,2026-02-18,FO,NSE,STO,103960,,INDIANB,,2026-02-24,2026-02-24,1040.0,CE,INDIANB26FEB1040CE,0.5,0.55,0.35,0.35,0.35,0.45,938.15,0.35,71000,2000,17,17688000.0,16,F1,1000,,,,,
2026-02-18,2026-02-18,FO,NSE,STO,103845,,INDIANB,,2026-02-24,2026-02-24,980.0,CE,INDIANB26FEB980CE,2.45,3.9,1.95,2.4,2.2,2.3,938.15,2.4,416000,135000,965,948283950.0,895,F1,1000,,,,,
2026-02-18,2026-02-18,FO,NSE,STO,113480,,INDIANB,,2026-02-24,2026-02-24,970.0,CE,INDIANB26FEB970CE,3.35,5.7,2.8,3.6,3.45,3.35,938.15,3.6,516000,118000,1183,1152322300.0,903,F1,1000,,,,,
2026-02-18,2026-02-18,FO,NSE,STO,113633,,INDIANB,,2026-03-30,2026-03-30,900.0,CE,INDIANB26MAR900CE,55.0,64.55,52.75,62.3,62.0,51.35,938.15,62.3,52000,-4000,73,69984550.0,72,F1,1000,,,,,
2026-02-18,2026-02-18,FO,NSE,STO,124597,,INDIANB,,2026-04-28,2026-04-28,720.0,CE,INDIANB26APR720CE,0.0,0.0,0.0,177.5,0.0,177.5,938.15,226.8,0,0,0,0.0,0,F1,1000,,,,,
2026-02-18,2026-02-18,FO,NSE,STO,124667,,INDIANB,,2026-04-28,2026-04-28,760.0,CE,INDIANB26APR760CE,0.0,0.0,0.0,145.55,0.0,145.55,938.15,189.2,0,0,0,0.0,0,F1,1000,,,,,
2026-02-18,2026-02-18,FO,NSE,STO,124674,,INDIANB,,2026-04-28,2026-04-28,820.0,PE,INDIANB26APR820PE,0.0,0.0,0.0,34.65,0.0,34.65,938.15,10.1,0,0,0,0.0,0,F1,1000,,,,,
2026-02-18,2026-02-18,FO,NSE,STO,113457,,INDIANB,,2026-02-24,2026-02-24,750.0,PE,INDIANB26FEB750PE,0.0,0.0,0.0,0.15,0.15,0.15,938.15,0.05,28000,0,0,0.0,0,F1,1000,,,,,
2026-02-18,2026-02-18,FO,NSE,STO,103813,,INDIANB,,2026-02-24,2026-02-24,800.0,PE,INDIANB26FEB800PE,0.4,0.45,0.25,0.25,0.25,0.45,938.15,0.25,238000,-51000,118,94441950.0,104,F1,1000,,,,,
2026-02-18,2026-02-18,FO,NSE,STO,103834,,INDIANB,,2026-02-24,2026-02-24,860.0,PE,INDIANB26FEB860PE,1.4,1.55,0.6,0.7,0.65,1.7,938.15,0.7,154000,-186000,370,318510000.0,260,F1,1000,,,,,
2026-02-18,2026-02-18,FO,NSE,STO,103838,,INDIANB,,2026-02-24,2026-02-24,900.0,PE,INDIANB26FEB900PE,6.3,7.6,2.3,2.55,2.4,7.65,938.15,2.55,482000,85000,1559,1409059550.0,1189,F1,1000,,,,,
2026-02-18,2026-02-18,FO,NSE,STO,103854,,INDIANB,,2026-02-24,2026-02-24,1020.0,PE,INDIANB26FEB1020PE,93.0,93.0,93.0,93.0,93.0,137.0,938.15,81.3,5000,0,2,2226000.0,1,F1,1000,,,,,
2026-02-18,2026-02-18,FO,NSE,STO,113632,,INDIANB,,2026-03-30,2026-03-30,880.0,PE,INDIANB26MAR880PE,16.1,16.3,10.75,11.3,11.55,16.95,938.15,11.3,122000,55000,127,113341300.0,91,F1,1000,,,,,
2026-02-18,2026-02-18,FO,NSE,STO,113651,,INDIANB,,2026-03-30,2026-03-30,980.0,PE,INDIANB26MAR980PE,0.0,0.0,0.0,171.3,0.0,171.3,938.15,61.95,0,0,0,0.0,0,F1,1000,,,,,
2026-02-18,2026-02-18,FO,NSE,STO,113456,,INDIANB,,2026-02-24,2026-02-24,750.0,CE,INDIANB26FEB750CE,0.0,0.0,0.0,149.5,149.5,149.5,938.15,188.85,10000,0,0,0.0,0,F1,1000,,,,,
2026-02-18,2026-02-18,FO,NSE,STO,113460,,INDIANB,,2026-02-24,2026-02-24,790.0,CE,INDIANB26FEB790CE,0.0,0.0,0.0,49.25,49.25,49.25,938.15,148.85,6000,0,0,0.0,0,F1,1000,,,,,
2026-02-18,2026-02-18,FO,NSE,STO,103843,,INDIANB,,2026-02-24,2026-02-24,960.0,CE,INDIANB26FEB960CE,5.05,8.45,4.1,5.9,5.15,4.85,938.15,5.9,621000,222000,2214,2139114000.0,1976,F1,1000,,,,,
2026-02-18,2026-02-18,FO,NSE,STO,124478,,INDIANB,,2026-03-30,2026-03-30,850.0,CE,INDIANB26MAR850CE,87.7,104.25,86.8,98.0,98.0,88.2,938.15,101.95,143000,129000,145,136824200.0,91,F1,1000,,,,,
2026-02-18,2026-02-18,FO,NSE,STO,103809,,INDIANB,,2026-02-24,2026-02-24,780.0,PE,INDIANB26FEB780PE,0.3,0.35,0.15,0.15,0.15,0.35,938.15,0.05,68000,-11000,18,14044700.0,16,F1,1000,,,,,
2026-02-18,2026-02-18,FO,NSE,STO,124681,,INDIANB,,2026-04-28,2026-04-28,900.0,CE,INDIANB26APR900CE,0.0,0.0,0.0,61.7,0.0,61.7,938.15,79.25,0,0,0,0.0,0,F1,1000,,,,,
2026-02-18,2026-02-18,FO,NSE,STO,124671,,INDIANB,,2026-04-28,2026-04-28,800.0,CE,INDIANB26APR800CE,0.0,0.0,0.0,116.85,0.0,116.85,938.15,153.55,0,0,0,0.0,0,F1,1000,,,,,
2026-02-18,2026-02-18,FO,NSE,STO,113650,,INDIANB,,2026-03-30,2026-03-30,980.0,CE,INDIANB26MAR980CE,0.0,0.0,0.0,12.5,12.5,12.5,938.15,26.0,2000,0,0,0.0,0,F1,1000,,,,,
2026-02-18,2026-02-18,FO,NSE,STO,124492,,INDIANB,,2026-03-30,2026-03-30,970.0,CE,INDIANB26MAR970CE,21.65,26.9,21.65,24.55,24.55,18.5,938.15,24.55,15000,7000,16,15924600.0,16,F1,1000,,,,,
2026-02-18,2026-02-18,FO,NSE,STO,124490,,INDIANB,,2026-03-30,2026-03-30,950.0,CE,INDIANB26MAR950CE,28.0,36.45,26.7,33.6,32.5,27.45,938.15,33.6,210000,68000,325,319258700.0,283,F1,1000,,,,,
2026-02-18,2026-02-18,FO,NSE,STO,113631,,INDIANB,,2026-03-30,2026-03-30,880.0,CE,INDIANB26MAR880CE,73.0,77.0,73.0,77.0,77.0,63.8,938.15,78.95,13000,-2000,2,1910000.0,2,F1,1000,,,,,
2026-02-18,2026-02-18,FO,NSE,STO,124482,,INDIANB,,2026-03-30,2026-03-30,870.0,CE,INDIANB26MAR870CE,0.0,0.0,0.0,62.25,0.0,62.25,938.15,86.3,0,0,0,0.0,0,F1,1000,,,,,
2026-02-18,2026-02-18,FO,NSE,STO,130170,,JINDALSTEL,,2026-04-28,2026-04-28,1160.0,PE,JINDALSTEL26APR1160PE,0.0,0.0,0.0,111.35,0.0,111.35,1221.8,29.95,0,0,0,0.0,0,F1,625,,,,,
2026-02-18,2026-02-18,FO,NSE,STO,35992,,JINDALSTEL,,2026-03-30,2026-03-30,1340.0,CE,JINDALSTEL26MAR1340CE,12.05,13.0,10.9,10.95,10.95,12.0,1221.8,12.4,8750,7500,18,15211343.75,18,F1,625,,,,,
2026-02-18,2026-02-18,FO,NSE,STO,129987,,JINDALSTEL,,2026-03-30,2026-03-30,1150.0,CE,JINDALSTEL26MAR1150CE,0.0,0.0,0.0,38.65,0.0,38.65,1221.8,95.2,0,0,0,0.0,0,F1,625,,,,,
2026-02-18,2026-02-18,FO,NSE,STO,120287,,JINDALSTEL,,2026-03-30,2026-03-30,1080.0,CE,JINDALSTEL26MAR1080CE,0.0,0.0,0.0,51.2,0.0,51.2,1221.8,152.85,0,0,0,0.0,0,F1,625,,,,,
2026-02-18,2026-02-18,FO,NSE,STO,120026,,JINDALSTEL,,2026-02-24,2026-02-24,1210.0,CE,JINDALSTEL26FEB1210CE,19.05,27.75,18.25,19.6,18.25,18.4,1221.8,19.6,136875,-58750,524,403988968.75,442,F1,625,,,,,
2026-02-18,2026-02-18,FO,NSE,STO,120020,,JINDALSTEL,,2026-02-24,2026-02-24,1190.0,CE,JINDALSTEL26FEB1190CE,32.6,42.25,30.15,33.4,32.8,29.65,1221.8,33.4,105625,-40000,220,168738625.0,150,F1,625,,,,,
2026-02-18,2026-02-18,FO,NSE,STO,130180,,JINDALSTEL,,2026-04-28,2026-04-28,1260.0,PE,JINDALSTEL26APR1260PE,0.0,0.0,0.0,184.25,0.0,184.25,1221.8,75.6,0,0,0,0.0,0,F1,625,,,,,
2026-02-18,2026-02-18,FO,NSE,STO,108583,,JINDALSTEL,,2026-02-24,2026-02-24,980.0,PE,JINDALSTEL26FEB980PE,0.15,0.25,0.15,0.15,0.15,0.3,1221.8,0.05,178750,-33750,67,41045687.5,17,F1,625,,,,,
2026-02-18,2026-02-18,FO,NSE,STO,130183,,JINDALSTEL,,2026-04-28,2026-04-28,1300.0,CE,JINDALSTEL26APR1300CE,0.0,0.0,0.0,17.7,0.0,17.7,1221.8,36.05,0,0,0,0.0,0,F1,625,,,,,
2026-02-18,2026-02-18,FO,NSE,STO,120346,,JINDALSTEL,,2026-03-30,2026-03-30,1200.0,PE,JINDALSTEL26MAR1200PE,34.95,35.0,28.4,29.95,30.0,37.65,1221.8,29.95,117500,69375,201,154632000.0,145,F1,625,,,,,
2026-02-18,2026-02-18,FO,NSE,STO,120348,,JINDALSTEL,,2026-03-30,2026-03-30,1220.0,PE,JINDALSTEL26MAR1220PE,41.25,41.7,37.85,39.35,39.35,41.05,1221.8,42.3,14375,9375,29,22818812.5,28,F1,625,,,,,
2026-02-18,2026-02-18,FO,NSE,STO,120338,,JINDALSTEL,,2026-03-30,2026-03-30,1140.0,PE,JINDALSTEL26MAR1140PE,0.0,0.0,0.0,16.0,16.0,16.0,1221.8,14.05,6250,0,0,0.0,0,F1,625,,,,,
2026-02-18,2026-02-18,FO,NSE,STO,129981,,JINDALSTEL,,2026-03-30,2026-03-30,1090.0,PE,JINDALSTEL26MAR1090PE,7.55,7.55,6.1,6.25,6.25,14.75,1221.8,5.6,5000,-3750,8,5481906.25,8,F1,625,,,,,
2026-02-18,2026-02-18,FO,NSE,STO,120044,,JINDALSTEL,,2026-02-24,2026-02-24,1230.0,PE,JINDALSTEL26FEB1230PE,25.0,25.0,18.35,21.15,20.9,31.95,1221.8,21.15,45000,40000,203,158788937.5,194,F1,625,,,,,
2026-02-18,2026-02-18,FO,NSE,STO,108607,,JINDALSTEL,,2026-02-24,2026-02-24,1100.0,PE,JINDALSTEL26FEB1100PE,1.3,1.3,0.8,0.8,0.8,1.55,1221.8,0.8,309375,-16250,166,114220625.0,110,F1,625,,,,,
2026-02-18,2026-02-18,FO,NSE,STO,119951,,JINDALSTEL,,2026-02-24,2026-02-24,1050.0,PE,JINDALSTEL26FEB1050PE,0.6,0.6,0.4,0.4,0.4,0.8,1221.8,0.4,143125,-23750,70,45957156.25,44,F1,625,,,,,
2026-02-18,2026-02-18,FO,NSE,STO,108601,,JINDALSTEL,,2026-02-24,2026-02-24,1040.0,PE,JINDALSTEL26FEB1040PE,0.5,0.5,0.45,0.45,0.45,0.7,1221.8,0.05,66250,-1250,9,5852656.25,9,F1,625,,,,,
2026-02-18,2026-02-18,FO,NSE,STO,120297,,JINDALSTEL,,2026-03-30,2026-03-30,1120.0,CE,JINDALSTEL26MAR1120CE,0.0,0.0,0.0,103.0,103.0,103.0,1221.8,118.5,1875,0,0,0.0,0,F1,625,,,,,
2026-02-18,2026-02-18,FO,NSE,STO,129974,,JINDALSTEL,,2026-03-30,2026-03-30,1030.0,CE,JINDALSTEL26MAR1030CE,0.0,0.0,0.0,95.5,0.0,95.5,1221.8,199.4,0,0,0,0.0,0,F1,625,,,,,
2026-02-18,2026-02-18,FO,NSE,STO,120277,,JINDALSTEL,,2026-03-30,2026-03-30,980.0,CE,JINDALSTEL26MAR980CE,0.0,0.0,0.0,98.75,0.0,98.75,1221.8,248.0,0,0,0,0.0,0,F1,625,,,,,
2026-02-18,2026-02-18,FO,NSE,STO,120016,,JINDALSTEL,,2026-02-24,2026-02-24,1150.0,CE,JINDALSTEL26FEB1150CE,69.3,77.1,69.0,69.65,69.0,62.15,1221.8,69.65,186875,-3125,28,21418156.25,26,F1,625,,,,,
2026-02-18,2026-02-18,FO,NSE,STO,108713,,JINDALSTEL,,2026-02-24,2026-02-24,1220.0,CE,JINDALSTEL26FEB1220CE,15.0,22.4,13.1,14.35,14.0,13.95,1221.8,14.35,288750,-151875,3923,3037136062.5,3334,F1,625,,,,,
2026-02-18,2026-02-18,FO,NSE,STO,108733,,JINDALSTEL,,2026-02-24,2026-02-24,1240.0,CE,JINDALSTEL26FEB1240CE,8.35,13.3,6.4,7.05,6.6,7.6,1221.8,7.05,280625,63125,2367,1850276312.5,1777,F1,625,,,,,
2026-02-18,2026-02-18,FO,NSE,STO,130147,,JINDALSTEL,,2026-04-28,2026-04-28,1000.0,CE,JINDALSTEL26APR1000CE,0.0,0.0,0.0,129.3,0.0,129.3,1221.8,234.9,0,0,0,0.0,0,F1,625,,,,,
2026-02-18,2026-02-18,FO,NSE,STO,130032,,JINDALSTEL,,2026-03-30,2026-03-30,1250.0,PE,JINDALSTEL26MAR1250PE,55.0,56.3,53.0,56.3,56.3,64.5,1221.8,58.35,9375,8125,22,17949906.25,22,F1,625,,,,,
2026-02-18,2026-02-18,FO,NSE,STO,120340,,JINDALSTEL,,2026-03-30,2026-03-30,1160.0,PE,JINDALSTEL26MAR1160PE,20.0,20.0,20.0,20.0,20.0,24.1,1221.8,19.2,8125,0,1,737500.0,1,F1,625,,,,,
2026-02-18,2026-02-18,FO,NSE,STO,108738,,JINDALSTEL,,2026-02-24,2026-02-24,1280.0,PE,JINDALSTEL26FEB1280PE,0.0,0.0,0.0,88.2,88.2,88.2,1221.8,59.55,1875,0,0,0.0,0,F1,625,,,,,
2026-02-18,2026-02-18,FO,NSE,STO,120019,,JINDALSTEL,,2026-02-24,2026-02-24,1170.0,PE,JINDALSTEL26FEB1170PE,6.95,6.95,2.45,2.75,2.75,6.15,1221.8,2.75,146875,-81250,489,358703156.25,351,F1,625,,,,,
2026-02-18,2026-02-18,FO,NSE,STO,120017,,JINDALSTEL,,2026-02-24,2026-02-24,1150.0,PE,JINDALSTEL26FEB1150PE,3.8,3.8,1.55,1.65,1.7,3.8,1221.8,1.65,293750,30625,512,368692312.5,316,F1,625,,,,,
2026-02-18,2026-02-18,FO,NSE,STO,120015,,JINDALSTEL,,2026-02-24,2026-02-24,1130.0,PE,JINDALSTEL26FEB1130PE,1.6,1.6,1.05,1.1,1.1,2.55,1221.8,1.1,80625,-17500,123,86974468.75,77,F1,625,,,,,
2026-02-18,2026-02-18,FO,NSE,STO,108603,,JINDALSTEL,,2026-02-24,2026-02-24,1060.0,PE,JINDALSTEL26FEB1060PE,0.6,0.6,0.4,0.45,0.4,0.9,1221.8,0.45,99375,-4375,30,19884656.25,16,F1,625,,,,,
2026-02-18,2026-02-18,FO,NSE,STO,119922,,JINDALSTEL,,2026-02-24,2026-02-24,890.0,PE,JINDALSTEL26FEB890PE,0.0,0.0,0.0,0.75,0.75,0.75,1221.8,0.05,10625,0,0,0.0,0,F1,625,,,,,
2026-02-18,2026-02-18,FO,NSE,STO,120347,,JINDALSTEL,,2026-03-30,2026-03-30,1220.0,CE,JINDALSTEL26MAR1220CE,52.55,52.65,45.95,46.0,45.95,43.15,1221.8,46.0,22500,13750,52,41271875.0,43,F1,625,,,,,
2026-02-18,2026-02-18,FO,NSE,STO,130144,,JINDALSTEL,,2026-04-28,2026-04-28,960.0,PE,JINDALSTEL26APR960PE,0.0,0.0,0.0,22.05,0.0,22.05,1221.8,1.2,0,0,0,0.0,0,F1,625,,,,,
2026-02-18,2026-02-18,FO,NSE,STO,130148,,JINDALSTEL,,2026-04-28,2026-04-28,1000.0,PE,JINDALSTEL26APR1000PE,0.0,0.0,0.0,33.3,0.0,33.3,1221.8,2.75,0,0,0,0.0,0,F1,625,,,,,
2026-02-18,2026-02-18,FO,NSE,STO,130154,,JINDALSTEL,,2026-04-28,2026-04-28,1060.0,PE,JINDALSTEL26APR1060PE,0.0,0.0,0.0,56.3,0.0,56.3,1221.8,7.95,0,0,0,0.0,0,F1,625,,,,,
2026-02-18,2026-02-18,FO,NSE,STO,130174,,JINDALSTEL,,2026-04-28,2026-04-28,1200.0,PE,JINDALSTEL26APR1200PE,0.0,0.0,0.0,138.65,0.0,138.65,1221.8,45.15,0,0,0,0.0,0,F1,625,,,,,
2026-02-18,2026-02-18,FO,NSE,STO,130176,,JINDALSTEL,,2026-04-28,2026-04-28,1220.0,PE,JINDALSTEL26APR1220PE,0.0,0.0,0.0,153.3,0.0,153.3,1221.8,54.3,0,0,0,0.0,0,F1,625,,,,,
2026-02-18,2026-02-18,FO,NSE,STO,108735,,JINDALSTEL,,2026-02-24,2026-02-24,1260.0,CE,JINDALSTEL26FEB1260CE,4.05,7.0,2.75,3.0,2.75,4.05,1221.8,3.0,158750,625,535,423141593.75,477,F1,625,,,,,
2026-02-18,2026-02-18,FO,NSE,STO,120045,,JINDALSTEL,,2026-02-24,2026-02-24,1250.0,CE,JINDALSTEL26FEB1250CE,6.3,9.75,4.3,4.6,4.5,5.55,1221.8,4.6,151250,-32500,1456,1144233875.0,1261,F1,625,,,,,
2026-02-18,2026-02-18,FO,NSE,STO,120014,,JINDALSTEL,,2026-02-24,2026-02-24,1130.0,CE,JINDALSTEL26FEB1130CE,92.5,92.5,88.85,88.85,88.85,82.05,1221.8,88.85,107500,-1250,2,1525843.75,2,F1,625,,,,,
2026-02-18,2026-02-18,FO,NSE,STO,120058,,JINDALSTEL,,2026-02-24,2026-02-24,1380.0,CE,JINDALSTEL26FEB1380CE,0.0,0.0,0.0,0.85,0.0,0.85,1221.8,0.05,0,0,0,0.0,0,F1,625,,,,,
2026-02-18,2026-02-18,FO,NSE,STO,129976,,JINDALSTEL,,2026-03-30,2026-03-30,1050.0,CE,JINDALSTEL26MAR1050CE,0.0,0.0,0.0,83.5,0.0,83.5,1221.8,180.4,0,0,0,0.0,0,F1,625,,,,,
2026-02-18,2026-02-18,FO,NSE,STO,129980,,JINDALSTEL,,2026-03-30,2026-03-30,1090.0,CE,JINDALSTEL26MAR1090CE,0.0,0.0,0.0,62.6,0.0,62.6,1221.8,143.95,0,0,0,0.0,0,F1,625,,,,,
2026-02-18,2026-02-18,FO,NSE,STO,130017,,JINDALSTEL,,2026-03-30,2026-03-30,1210.0,CE,JINDALSTEL26MAR1210CE,0.0,0.0,0.0,22.6,0.0,22.6,1221.8,56.7,0,0,0,0.0,0,F1,625,,,,,
2026-02-18,2026-02-18,FO,NSE,STO,130029,,JINDALSTEL,,2026-03-30,2026-03-30,1230.0,CE,JINDALSTEL26MAR1230CE,44.0,44.0,43.0,43.0,43.0,18.65,1221.8,46.5,1250,1250,2,1591875.0,2,F1,625,,,,,
2026-02-18,2026-02-18,FO,NSE,STO,130031,,JINDALSTEL,,2026-03-30,2026-03-30,1250.0,CE,JINDALSTEL26MAR1250CE,37.1,38.0,32.0,32.35,32.0,30.9,1221.8,32.35,24375,16875,54,43395031.25,49,F1,625,,,,,
2026-02-18,2026-02-18,FO,NSE,STO,130143,,JINDALSTEL,,2026-04-28,2026-04-28,960.0,CE,JINDALSTEL26APR960CE,0.0,0.0,0.0,157.45,0.0,157.45,1221.8,272.9,0,0,0,0.0,0,F1,625,,,,,
2026-02-18,2026-02-18,FO,NSE,STO,130179,,JINDALSTEL,,2026-04-28,2026-04-28,1260.0,CE,JINDALSTEL26APR1260CE,0.0,0.0,0.0,24.2,0.0,24.2,1221.8,50.45,0,0,0,0.0,0,F1,625,,,,,
2026-02-18,2026-02-18,FO,NSE,STO,119924,,JINDALSTEL,,2026-02-24,2026-02-24,910.0,PE,JINDALSTEL26FEB910PE,0.0,0.0,0.0,1.6,1.6,1.6,1221.8,0.05,54375,0,0,0.0,0,F1,625,,,,,
2026-02-18,2026-02-18,FO,NSE,STO,108579,,JINDALSTEL,,2026-02-24,2026-02-24,940.0,PE,JINDALSTEL26FEB940PE,0.05,0.05,0.05,0.05,0.05,0.5,1221.8,0.05,30625,2500,4,2350125.0,2,F1,625,,,,,
2026-02-18,2026-02-18,FO,NSE,STO,108706,,JINDALSTEL,,2026-02-24,2026-02-24,1140.0,PE,JINDALSTEL26FEB1140PE,2.0,2.1,1.3,1.35,1.3,3.0,1221.8,1.35,124375,-32500,207,147701718.75,133,F1,625,,,,,
2026-02-18,2026-02-18,FO,NSE,STO,120354,,JINDALSTEL,,2026-03-30,2026-03-30,1280.0,PE,JINDALSTEL26MAR1280PE,0.0,0.0,0.0,249.7,0.0,249.7,1221.8,77.3,0,0,0,0.0,0,F1,625,,,,,
2026-02-18,2026-02-18,FO,NSE,STO,120360,,JINDALSTEL,,2026-03-30,2026-03-30,1320.0,PE,JINDALSTEL26MAR1320PE,0.0,0.0,0.0,286.0,0.0,286.0,1221.8,106.5,0,0,0,0.0,0,F1,625,,,,,
2026-02-18,2026-02-18,FO,NSE,STO,120353,,JINDALSTEL,,2026-03-30,2026-03-30,1280.0,CE,JINDALSTEL26MAR1280CE,27.95,27.95,27.95,27.95,27.95,20.15,1221.8,26.8,1250,0,1,817468.75,1,F1,625,,,,,
2026-02-18,2026-02-18,FO,NSE,STO,120355,,JINDALSTEL,,2026-03-30,2026-03-30,1300.0,CE,JINDALSTEL26MAR1300CE,17.9,21.75,16.65,17.0,16.65,17.4,1221.8,17.0,120625,-625,253,208708468.75,222,F1,625,,,,,
2026-02-18,2026-02-18,FO,NSE,STO,130155,,JINDALSTEL,,2026-04-28,2026-04-28,1080.0,CE,JINDALSTEL26APR1080CE,0.0,0.0,0.0,82.95,0.0,82.95,1221.8,163.75,0,0,0,0.0,0,F1,625,,,,,
2026-02-18,2026-02-18,FO,NSE,STO,129984,,JINDALSTEL,,2026-03-30,2026-03-30,1130.0,CE,JINDALSTEL26MAR1130CE,0.0,0.0,0.0,45.25,45.25,45.25,1221.8,110.45,625,0,0,0.0,0,F1,625,,,,,
2026-02-18,2026-02-18,FO,NSE,STO,120280,,JINDALSTEL,,2026-03-30,2026-03-30,1000.0,PE,JINDALSTEL26MAR1000PE,0.0,0.0,0.0,3.55,3.55,3.55,1221.8,0.6,6250,0,0,0.0,0,F1,625,,,,,
2026-02-18,2026-02-18,FO,NSE,STO,36978,,JINDALSTEL,,2026-02-24,2026-02-24,1340.0,PE,JINDALSTEL26FEB1340PE,0.0,0.0,0.0,132.75,132.75,132.75,1221.8,117.1,1875,0,0,0.0,0,F1,625,,,,,
2026-02-18,2026-02-18,FO,NSE,STO,108742,,JINDALSTEL,,2026-02-24,2026-02-24,1320.0,PE,JINDALSTEL26FEB1320PE,0.0,0.0,0.0,285.6,0.0,285.6,1221.8,97.35,0,0,0,0.0,0,F1,625,,,,,
2026-02-18,2026-02-18,FO,NSE,STO,108743,,JINDALSTEL,,2026-02-24,2026-02-24,1360.0,CE,JINDALSTEL26FEB1360CE,0.0,0.0,0.0,5.6,0.0,5.6,1221.8,0.05,0,0,0,0.0,0,F1,625,,,,,
2026-02-18,2026-02-18,FO,NSE,STO,120054,,JINDALSTEL,,2026-02-24,2026-02-24,1290.0,CE,JINDALSTEL26FEB1290CE,1.8,2.4,0.7,0.85,0.7,1.25,1221.8,0.85,33750,9375,144,116250125.0,115,F1,625,,,,,
2026-02-18,2026-02-18,FO,NSE,STO,120050,,JINDALSTEL,,2026-02-24,2026-02-24,1270.0,CE,JINDALSTEL26FEB1270CE,3.5,5.0,1.85,1.95,1.85,2.75,1221.8,1.95,66875,23750,256,203804062.5,221,F1,625,,,,,
2026-02-18,2026-02-18,FO,NSE,STO,108580,,JINDALSTEL,,2026-02-24,2026-02-24,960.0,CE,JINDALSTEL26FEB960CE,0.0,0.0,0.0,225.25,225.25,225.25,1221.8,262.65,625,0,0,0.0,0,F1,625,,,,,
2026-02-18,2026-02-18,FO,NSE,STO,108740,,JINDALSTEL,,2026-02-24,2026-02-24,1300.0,PE,JINDALSTEL26FEB1300PE,76.0,76.05,76.0,76.0,76.0,267.45,1221.8,78.0,1250,1250,3,2580031.25,3,F1,625,,,,,
2026-02-18,2026-02-18,FO,NSE,STO,120055,,JINDALSTEL,,2026-02-24,2026-02-24,1290.0,PE,JINDALSTEL26FEB1290PE,74.65,74.65,66.8,66.8,66.8,79.7,1221.8,68.65,5625,2500,7,5950625.0,7,F1,625,,,,,
2026-02-18,2026-02-18,FO,NSE,STO,120049,,JINDALSTEL,,2026-02-24,2026-02-24,1250.0,PE,JINDALSTEL26FEB1250PE,33.5,36.75,32.0,36.1,36.4,47.5,1221.8,36.1,9375,1250,32,25686437.5,32,F1,625,,,,,
2026-02-18,2026-02-18,FO,NSE,STO,119940,,JINDALSTEL,,2026-02-24,2026-02-24,1010.0,PE,JINDALSTEL26FEB1010PE,0.0,0.0,0.0,0.35,0.35,0.35,1221.8,0.05,4375,0,0,0.0,0,F1,625,,,,,
2026-02-18,2026-02-18,FO,NSE,STO,108581,,JINDALSTEL,,2026-02-24,2026-02-24,960.0,PE,JINDALSTEL26FEB960PE,0.1,0.1,0.1,0.1,0.1,0.75,1221.8,0.05,17500,2500,4,2400250.0,3,F1,625,,,,,
2026-02-18,2026-02-18,FO,NSE,STO,119920,,JINDALSTEL,,2026-02-24,2026-02-24,870.0,PE,JINDALSTEL26FEB870PE,0.0,0.0,0.0,1.65,1.65,1.65,1221.8,0.05,625,0,0,0.0,0,F1,625,,,,,
2026-02-18,2026-02-18,FO,NSE,STO,120295,,JINDALSTEL,,2026-03-30,2026-03-30,1100.0,CE,JINDALSTEL26MAR1100CE,138.9,140.75,133.75,134.75,134.75,111.0,1221.8,135.25,6875,4375,12,9284968.75,6,F1,625,,,,,
2026-02-18,2026-02-18,FO,NSE,STO,120299,,JINDALSTEL,,2026-03-30,2026-03-30,1140.0,CE,JINDALSTEL26MAR1140CE,0.0,0.0,0.0,90.0,90.0,90.0,1221.8,102.7,625,0,0,0.0,0,F1,625,,,,,
2026-02-18,2026-02-18,FO,NSE,STO,130173,,JINDALSTEL,,2026-04-28,2026-04-28,1200.0,CE,JINDALSTEL26APR1200CE,0.0,0.0,0.0,37.7,0.0,37.7,1221.8,79.35,0,0,0,0.0,0,F1,625,,,,,
2026-02-18,2026-02-18,FO,NSE,STO,108732,,JINDALSTEL,,2026-02-24,2026-02-24,1220.0,PE,JINDALSTEL26FEB1220PE,23.8,23.8,13.15,15.25,16.1,25.0,1221.8,15.25,208750,126250,1161,897193937.5,861,F1,625,,,,,
2026-02-18,2026-02-18,FO,NSE,STO,120053,,JINDALSTEL,,2026-02-24,2026-02-24,1270.0,PE,JINDALSTEL26FEB1270PE,58.1,58.1,48.3,48.5,48.5,61.9,1221.8,50.8,5625,3125,14,11562812.5,14,F1,625,,,,,
2026-02-18,2026-02-18,FO,NSE,STO,108744,,JINDALSTEL,,2026-02-24,2026-02-24,1360.0,PE,JINDALSTEL26FEB1360PE,136.0,136.0,136.0,136.0,136.0,163.0,1221.8,137.0,5000,0,8,7480000.0,2,F1,625,,,,,
2026-02-18,2026-02-18,FO,NSE,STO,120284,,JINDALSTEL,,2026-03-30,2026-03-30,1040.0,PE,JINDALSTEL26MAR1040PE,0.0,0.0,0.0,8.0,8.0,8.0,1221.8,1.8,8125,0,0,0.0,0,F1,625,,,,,
2026-02-18,2026-02-18,FO,NSE,STO,129979,,JINDALSTEL,,2026-03-30,2026-03-30,1070.0,PE,JINDALSTEL26MAR1070PE,0.0,0.0,0.0,50.65,0.0,50.65,1221.8,3.65,0,0,0,0.0,0,F1,625,,,,,
2026-02-18,2026-02-18,FO,NSE,STO,120294,,JINDALSTEL,,2026-03-30,2026-03-30,1080.0,PE,JINDALSTEL26MAR1080PE,0.0,0.0,0.0,93.95,0.0,93.95,1221.8,4.55,0,0,0,0.0,0,F1,625,,,,,
2026-02-18,2026-02-18,FO,NSE,STO,120298,,JINDALSTEL,,2026-03-30,2026-03-30,1120.0,PE,JINDALSTEL26MAR1120PE,0.0,0.0,0.0,13.0,13.0,13.0,1221.8,9.95,6250,0,0,0.0,0,F1,625,,,,,
2026-02-18,2026-02-18,FO,NSE,STO,129985,,JINDALSTEL,,2026-03-30,2026-03-30,1130.0,PE,JINDALSTEL26MAR1130PE,0.0,0.0,0.0,83.15,0.0,83.15,1221.8,11.85,0,0,0,0.0,0,F1,625,,,,,
2026-02-18,2026-02-18,FO,NSE,STO,130152,,JINDALSTEL,,2026-04-28,2026-04-28,1040.0,PE,JINDALSTEL26APR1040PE,0.0,0.0,0.0,47.8,0.0,47.8,1221.8,5.7,0,0,0,0.0,0,F1,625,,,,,
2026-02-18,2026-02-18,FO,NSE,STO,108578,,JINDALSTEL,,2026-02-24,2026-02-24,940.0,CE,JINDALSTEL26FEB940CE,0.0,0.0,0.0,255.45,255.45,255.45,1221.8,282.65,1875,0,0,0.0,0,F1,625,,,,,
2026-02-18,2026-02-18,FO,NSE,STO,108608,,JINDALSTEL,,2026-02-24,2026-02-24,1120.0,CE,JINDALSTEL26FEB1120CE,105.0,106.8,99.8,99.85,99.8,89.6,1221.8,99.85,175625,-8750,31,23718750.0,25,F1,625,,,,,
2026-02-18,2026-02-18,FO,NSE,STO,108707,,JINDALSTEL,,2026-02-24,2026-02-24,1160.0,CE,JINDALSTEL26FEB1160CE,56.1,67.75,56.05,60.45,60.0,53.25,1221.8,60.45,221250,-4375,69,52782187.5,32,F1,625,,,,,
2026-02-18,2026-02-18,FO,NSE,STO,108739,,JINDALSTEL,,2026-02-24,2026-02-24,1300.0,CE,JINDALSTEL26FEB1300CE,1.15,1.75,0.5,0.55,0.5,1.05,1221.8,0.55,226875,-24375,404,328553156.25,292,F1,625,,,,,
2026-02-18,2026-02-18,FO,NSE,STO,120285,,JINDALSTEL,,2026-03-30,2026-03-30,1060.0,CE,JINDALSTEL26MAR1060CE,0.0,0.0,0.0,58.95,0.0,58.95,1221.8,171.1,0,0,0,0.0,0,F1,625,,,,,
2026-02-18,2026-02-18,FO,NSE,STO,129991,,JINDALSTEL,,2026-03-30,2026-03-30,1190.0,CE,JINDALSTEL26MAR1190CE,63.0,63.0,62.0,62.0,62.0,27.2,1221.8,62.0,1250,1250,2,1565625.0,2,F1,625,,,,,
2026-02-18,2026-02-18,FO,NSE,STO,130033,,JINDALSTEL,,2026-03-30,2026-03-30,1270.0,CE,JINDALSTEL26MAR1270CE,0.0,0.0,0.0,16.85,16.85,16.85,1221.8,30.1,1250,0,0,0.0,0,F1,625,,,,,
2026-02-18,2026-02-18,FO,NSE,STO,120357,,JINDALSTEL,,2026-03-30,2026-03-30,1320.0,CE,JINDALSTEL26MAR1320CE,17.0,17.0,15.45,15.45,15.45,9.75,1221.8,16.25,11250,1875,4,3339812.5,3,F1,625,,,,,
2026-02-18,2026-02-18,FO,NSE,STO,120275,,JINDALSTEL,,2026-03-30,2026-03-30,960.0,CE,JINDALSTEL26MAR960CE,0.0,0.0,0.0,110.95,0.0,110.95,1221.8,267.75,0,0,0,0.0,0,F1,625,,,,,
2026-02-18,2026-02-18,FO,NSE,STO,108741,,JINDALSTEL,,2026-02-24,2026-02-24,1320.0,CE,JINDALSTEL26FEB1320CE,0.65,0.8,0.2,0.25,0.2,0.5,1221.8,0.25,210625,-8750,195,160922968.75,99,F1,625,,,,,
2026-02-18,2026-02-18,FO,NSE,STO,120056,,JINDALSTEL,,2026-02-24,2026-02-24,1310.0,CE,JINDALSTEL26FEB1310CE,1.05,1.05,1.05,1.05,1.05,2.3,1221.8,0.6,625,625,1,819406.25,1,F1,625,,,,,
2026-02-18,2026-02-18,FO,NSE,STO,120040,,JINDALSTEL,,2026-02-24,2026-02-24,1230.0,CE,JINDALSTEL26FEB1230CE,10.8,17.55,9.25,10.15,9.9,10.3,1221.8,10.15,247500,123125,4319,3360341187.5,3250,F1,625,,,,,
2026-02-18,2026-02-18,FO,NSE,STO,108602,,JINDALSTEL,,2026-02-24,2026-02-24,1060.0,CE,JINDALSTEL26FEB1060CE,158.0,159.15,158.0,159.15,159.15,133.5,1221.8,159.15,83750,-625,2,1523218.75,2,F1,625,,,,,
2026-02-18,2026-02-18,FO,NSE,STF,51940,,JINDALSTEL,,2026-03-30,2026-03-30,,,JINDALSTEL26MARFUT,1221.2,1234.3,1217.3,1227.0,1227.9,1215.9,1221.8,1227.0,1331875,685625,1595,1225507937.5,1399,F1,625,,,,,
2026-02-18,2026-02-18,FO,NSE,STF,59388,,JINDALSTEL,,2026-02-24,2026-02-24,,,JINDALSTEL26FEBFUT,1213.9,1226.7,1209.4,1219.4,1219.6,1208.9,1221.8,1219.4,9778125,-573125,3360,2565390562.5,2892,F1,625,,,,,
2026-02-18,2026-02-18,FO,NSE,STO,130034,,JINDALSTEL,,2026-03-30,2026-03-30,1270.0,PE,JINDALSTEL26MAR1270PE,0.0,0.0,0.0,188.5,0.0,188.5,1221.8,70.7,0,0,0,0.0,0,F1,625,,,,,
2026-02-18,2026-02-18,FO,NSE,STO,130018,,JINDALSTEL,,2026-03-30,2026-03-30,1210.0,PE,JINDALSTEL26MAR1210PE,40.0,40.0,34.0,34.0,34.0,139.25,1221.8,37.65,2500,2500,9,7012375.0,5,F1,625,,,,,
2026-02-18,2026-02-18,FO,NSE,STO,120021,,JINDALSTEL,,2026-02-24,2026-02-24,1190.0,PE,JINDALSTEL26FEB1190PE,9.15,10.55,4.55,5.2,5.45,11.4,1221.8,5.2,115625,-1250,286,213883406.25,241,F1,625,,,,,
2026-02-18,2026-02-18,FO,NSE,STO,120007,,JINDALSTEL,,2026-02-24,2026-02-24,1110.0,PE,JINDALSTEL26FEB1110PE,1.5,1.65,0.75,0.85,0.85,1.75,1221.8,0.05,33125,-6250,43,29862156.25,40,F1,625,,,,,
2026-02-18,2026-02-18,FO,NSE,STO,108512,,JINDALSTEL,,2026-02-24,2026-02-24,860.0,PE,JINDALSTEL26FEB860PE,0.0,0.0,0.0,4.2,4.2,4.2,1221.8,0.05,15000,0,0,0.0,0,F1,625,,,,,
2026-02-18,2026-02-18,FO,NSE,STO,130175,,JINDALSTEL,,2026-04-28,2026-04-28,1220.0,CE,JINDALSTEL26APR1220CE,0.0,0.0,0.0,32.7,0.0,32.7,1221.8,68.7,0,0,0,0.0,0,F1,625,,,,,
2026-02-18,2026-02-18,FO,NSE,STO,35993,,JINDALSTEL,,2026-03-30,2026-03-30,1340.0,PE,JINDALSTEL26MAR1340PE,0.0,0.0,0.0,275.1,0.0,275.1,1221.8,122.55,0,0,0,0.0,0,F1,625,,,,,
2026-02-18,2026-02-18,FO,NSE,STO,39720,,JINDALSTEL,,2026-03-30,2026-03-30,1380.0,PE,JINDALSTEL26MAR1380PE,153.5,153.5,152.7,152.7,152.7,287.95,1221.8,156.85,9375,9375,15,14372687.5,8,F1,625,,,,,
2026-02-18,2026-02-18,FO,NSE,STO,130168,,JINDALSTEL,,2026-04-28,2026-04-28,1140.0,PE,JINDALSTEL26APR1140PE,0.0,0.0,0.0,98.75,0.0,98.75,1221.8,23.8,0,0,0,0.0,0,F1,625,,,,,
2026-02-18,2026-02-18,FO,NSE,STO,130157,,JINDALSTEL,,2026-04-28,2026-04-28,1100.0,CE,JINDALSTEL26APR1100CE,0.0,0.0,0.0,73.45,0.0,73.45,1221.8,147.45,0,0,0,0.0,0,F1,625,,,,,
2026-02-18,2026-02-18,FO,NSE,STO,120361,,JINDALSTEL,,2026-03-30,2026-03-30,1360.0,CE,JINDALSTEL26MAR1360CE,0.0,0.0,0.0,4.65,0.0,4.65,1221.8,9.35,0,0,0,0.0,0,F1,625,,,,,
2026-02-18,2026-02-18,FO,NSE,STO,108610,,JINDALSTEL,,2026-02-24,2026-02-24,1140.0,CE,JINDALSTEL26FEB1140CE,84.9,86.4,78.6,78.6,78.6,70.65,1221.8,78.6,116875,-625,6,4584093.75,6,F1,625,,,,,
2026-02-18,2026-02-18,FO,NSE,STO,119989,,JINDALSTEL,,2026-02-24,2026-02-24,1090.0,CE,JINDALSTEL26FEB1090CE,131.0,131.0,131.0,131.0,131.0,120.5,1221.8,132.8,41875,-10000,16,12210000.0,2,F1,625,,,,,
2026-02-18,2026-02-18,FO,NSE,STO,108600,,JINDALSTEL,,2026-02-24,2026-02-24,1040.0,CE,JINDALSTEL26FEB1040CE,0.0,0.0,0.0,162.0,162.0,162.0,1221.8,182.75,8750,0,0,0.0,0,F1,625,,,,,
2026-02-18,2026-02-18,FO,NSE,STO,119939,,JINDALSTEL,,2026-02-24,2026-02-24,1010.0,CE,JINDALSTEL26FEB1010CE,0.0,0.0,0.0,96.8,96.8,96.8,1221.8,212.7,1875,0,0,0.0,0,F1,625,,,,,
2026-02-18,2026-02-18,FO,NSE,STO,130181,,JINDALSTEL,,2026-04-28,2026-04-28,1280.0,CE,JINDALSTEL26APR1280CE,0.0,0.0,0.0,20.75,0.0,20.75,1221.8,42.8,0,0,0,0.0,0,F1,625,,,,,
2026-02-18,2026-02-18,FO,NSE,STO,130189,,JINDALSTEL,,2026-04-28,2026-04-28,1360.0,CE,JINDALSTEL26APR1360CE,0.0,0.0,0.0,10.85,0.0,10.85,1221.8,20.7,0,0,0,0.0,0,F1,625,,,,,
2026-02-18,2026-02-18,FO,NSE,STO,108577,,JINDALSTEL,,2026-02-24,2026-02-24,920.0,PE,JINDALSTEL26FEB920PE,0.05,0.05,0.05,0.05,0.05,0.4,1221.8,0.05,70000,3750,12,6900375.0,2,F1,625,,,,,
2026-02-18,2026-02-18,FO,NSE,STO,119936,,JINDALSTEL,,2026-02-24,2026-02-24,990.0,PE,JINDALSTEL26FEB990PE,0.0,0.0,0.0,0.55,0.55,0.55,1221.8,0.05,6250,0,0,0.0,0,F1,625,,,,,
2026-02-18,2026-02-18,FO,NSE,STO,108605,,JINDALSTEL,,2026-02-24,2026-02-24,1080.0,PE,JINDALSTEL26FEB1080PE,0.8,0.85,0.6,0.6,0.6,1.05,1221.8,0.6,115000,-25000,59,39851812.5,31,F1,625,,,,,
2026-02-18,2026-02-18,FO,NSE,STO,108712,,JINDALSTEL,,2026-02-24,2026-02-24,1200.0,PE,JINDALSTEL26FEB1200PE,16.0,16.0,6.6,7.6,7.25,15.2,1221.8,7.6,527500,76250,948,716258156.25,807,F1,625,,,,,
2026-02-18,2026-02-18,FO,NSE,STO,108734,,JINDALSTEL,,2026-02-24,2026-02-24,1240.0,PE,JINDALSTEL26FEB1240PE,31.7,31.8,24.45,27.55,27.5,38.9,1221.8,27.55,11250,6875,36,28530218.75,35,F1,625,,,,,
2026-02-18,2026-02-18,FO,NSE,STO,120272,,JINDALSTEL,,2026-03-30,2026-03-30,920.0,PE,JINDALSTEL26MAR920PE,0.0,0.0,0.0,1.5,1.5,1.5,1221.8,0.05,20000,0,0,0.0,0,F1,625,,,,,
2026-02-18,2026-02-18,FO,NSE,STO,129975,,JINDALSTEL,,2026-03-30,2026-03-30,1030.0,PE,JINDALSTEL26MAR1030PE,0.0,0.0,0.0,7.7,7.7,7.7,1221.8,1.4,625,0,0,0.0,0,F1,625,,,,,
2026-02-18,2026-02-18,FO,NSE,STO,130030,,JINDALSTEL,,2026-03-30,2026-03-30,1230.0,PE,JINDALSTEL26MAR1230PE,46.0,46.0,42.6,43.9,43.9,53.0,1221.8,47.35,5625,3750,23,18298625.0,13,F1,625,,,,,
2026-02-18,2026-02-18,FO,NSE,STO,130172,,JINDALSTEL,,2026-04-28,2026-04-28,1180.0,PE,JINDALSTEL26APR1180PE,0.0,0.0,0.0,124.65,0.0,124.65,1221.8,37.05,0,0,0,0.0,0,F1,625,,,,,
2026-02-18,2026-02-18,FO,NSE,STO,130186,,JINDALSTEL,,2026-04-28,2026-04-28,1320.0,PE,JINDALSTEL26APR1320PE,0.0,0.0,0.0,234.15,0.0,234.15,1221.8,114.7,0,0,0,0.0,0,F1,625,,,,,
2026-02-18,2026-02-18,FO,NSE,STO,120343,,JINDALSTEL,,2026-03-30,2026-03-30,1200.0,CE,JINDALSTEL26MAR1200CE,58.0,64.0,57.0,57.2,57.05,54.35,1221.8,57.2,101250,37500,147,115859406.25,86,F1,625,,,,,
2026-02-18,2026-02-18,FO,NSE,STO,120341,,JINDALSTEL,,2026-03-30,2026-03-30,1180.0,CE,JINDALSTEL26MAR1180CE,77.0,77.0,75.55,76.5,76.5,58.0,1221.8,74.5,9375,-1250,12,9425343.75,4,F1,625,,,,,
2026-02-18,2026-02-18,FO,NSE,STO,129989,,JINDALSTEL,,2026-03-30,2026-03-30,1170.0,CE,JINDALSTEL26MAR1170CE,0.0,0.0,0.0,60.0,60.0,60.0,1221.8,81.05,625,0,0,0.0,0,F1,625,,,,,
2026-02-18,2026-02-18,FO,NSE,STO,108711,,JINDALSTEL,,2026-02-24,2026-02-24,1200.0,CE,JINDALSTEL26FEB1200CE,24.95,34.9,23.75,26.65,25.3,23.7,1221.8,26.65,438125,-107500,1162,893617156.25,909,F1,625,,,,,
2026-02-18,2026-02-18,FO,NSE,STO,120018,,JINDALSTEL,,2026-02-24,2026-02-24,1170.0,CE,JINDALSTEL26FEB1170CE,54.0,58.65,50.9,51.4,50.9,44.5,1221.8,51.4,53750,-9375,37,28339906.25,32,F1,625,,,,,
2026-02-18,2026-02-18,FO,NSE,STO,120296,,JINDALSTEL,,2026-03-30,2026-03-30,1100.0,PE,JINDALSTEL26MAR1100PE,9.1,9.1,6.7,7.2,7.2,10.0,1221.8,6.85,118750,5625,80,55378875.0,62,F1,625,,,,,
2026-02-18,2026-02-18,FO,NSE,STO,120342,,JINDALSTEL,,2026-03-30,2026-03-30,1180.0,PE,JINDALSTEL26MAR1180PE,25.0,25.15,22.55,23.05,23.05,29.55,1221.8,25.6,13750,6875,22,16546375.0,18,F1,625,,,,,
2026-02-18,2026-02-18,FO,NSE,STO,120282,,JINDALSTEL,,2026-03-30,2026-03-30,1020.0,PE,JINDALSTEL26MAR1020PE,0.0,0.0,0.0,60.65,0.0,60.65,1221.8,1.05,0,0,0,0.0,0,F1,625,,,,,
2026-02-18,2026-02-18,FO,NSE,STO,120278,,JINDALSTEL,,2026-03-30,2026-03-30,980.0,PE,JINDALSTEL26MAR980PE,0.0,0.0,0.0,4.8,4.8,4.8,1221.8,0.35,2500,0,0,0.0,0,F1,625,,,,,
2026-02-18,2026-02-18,FO,NSE,STO,120036,,JINDALSTEL,,2026-02-24,2026-02-24,1210.0,PE,JINDALSTEL26FEB1210PE,19.8,19.8,9.4,10.85,11.35,19.7,1221.8,10.85,136875,69375,575,439233406.25,472,F1,625,,,,,
2026-02-18,2026-02-18,FO,NSE,STO,108710,,JINDALSTEL,,2026-02-24,2026-02-24,1180.0,PE,JINDALSTEL26FEB1180PE,7.0,7.55,3.2,3.75,3.75,8.55,1221.8,3.75,219375,-46875,715,529443281.25,562,F1,625,,,,,
2026-02-18,2026-02-18,FO,NSE,STO,108575,,JINDALSTEL,,2026-02-24,2026-02-24,900.0,PE,JINDALSTEL26FEB900PE,0.05,0.05,0.05,0.05,0.05,0.1,1221.8,0.05,65625,0,8,4500250.0,8,F1,625,,,,,
2026-02-18,2026-02-18,FO,NSE,STO,130185,,JINDALSTEL,,2026-04-28,2026-04-28,1320.0,CE,JINDALSTEL26APR1320CE,0.0,0.0,0.0,15.1,0.0,15.1,1221.8,30.15,0,0,0,0.0,0,F1,625,,,,,
2026-02-18,2026-02-18,FO,NSE,STO,120273,,JINDALSTEL,,2026-03-30,2026-03-30,940.0,CE,JINDALSTEL26MAR940CE,0.0,0.0,0.0,124.1,0.0,124.1,1221.8,287.55,0,0,0,0.0,0,F1,625,,,,,
2026-02-18,2026-02-18,FO,NSE,STO,120279,,JINDALSTEL,,2026-03-30,2026-03-30,1000.0,CE,JINDALSTEL26MAR1000CE,0.0,0.0,0.0,87.45,0.0,87.45,1221.8,228.4,0,0,0,0.0,0,F1,625,,,,,
2026-02-18,2026-02-18,FO,NSE,STO,108598,,JINDALSTEL,,2026-02-24,2026-02-24,1020.0,CE,JINDALSTEL26FEB1020CE,0.0,0.0,0.0,129.0,129.0,129.0,1221.8,202.7,9375,0,0,0.0,0,F1,625,,,,,
2026-02-18,2026-02-18,FO,NSE,STO,119945,,JINDALSTEL,,2026-02-24,2026-02-24,1030.0,CE,JINDALSTEL26FEB1030CE,0.0,0.0,0.0,78.85,79.85,78.85,1221.8,192.75,625,0,0,0.0,0,F1,625,,,,,
2026-02-18,2026-02-18,FO,NSE,STO,108604,,JINDALSTEL,,2026-02-24,2026-02-24,1080.0,CE,JINDALSTEL26FEB1080CE,0.0,0.0,0.0,122.0,122.0,122.0,1221.8,142.8,92500,0,0,0.0,0,F1,625,,,,,
2026-02-18,2026-02-18,FO,NSE,STO,36977,,JINDALSTEL,,2026-02-24,2026-02-24,1340.0,CE,JINDALSTEL26FEB1340CE,0.4,0.45,0.1,0.15,0.15,0.25,1221.8,0.15,26250,3750,24,20103500.0,16,F1,625,,,,,
2026-02-18,2026-02-18,FO,NSE,STO,130165,,JINDALSTEL,,2026-04-28,2026-04-28,1120.0,CE,JINDALSTEL26APR1120CE,0.0,0.0,0.0,64.8,0.0,64.8,1221.8,132.0,0,0,0,0.0,0,F1,625,,,,,
2026-02-18,2026-02-18,FO,NSE,STO,39719,,JINDALSTEL,,2026-03-30,2026-03-30,1380.0,CE,JINDALSTEL26MAR1380CE,6.0,6.2,5.5,5.55,5.55,7.45,1221.8,5.55,8750,8125,19,16455375.0,16,F1,625,,,,,
2026-02-18,2026-02-18,FO,NSE,STO,120349,,JINDALSTEL,,2026-03-30,2026-03-30,1240.0,CE,JINDALSTEL26MAR1240CE,39.4,42.2,36.0,36.3,36.2,37.15,1221.8,36.3,9375,6875,22,17593312.5,22,F1,625,,,,,
2026-02-18,2026-02-18,FO,NSE,STO,130184,,JINDALSTEL,,2026-04-28,2026-04-28,1300.0,PE,JINDALSTEL26APR1300PE,0.0,0.0,0.0,217.1,0.0,217.1,1221.8,100.8,0,0,0,0.0,0,F1,625,,,,,
2026-02-18,2026-02-18,FO,NSE,STO,120356,,JINDALSTEL,,2026-03-30,2026-03-30,1300.0,PE,JINDALSTEL26MAR1300PE,0.0,0.0,0.0,267.7,0.0,267.7,1221.8,91.4,0,0,0,0.0,0,F1,625,,,,,
2026-02-18,2026-02-18,FO,NSE,STO,120274,,JINDALSTEL,,2026-03-30,2026-03-30,940.0,PE,JINDALSTEL26MAR940PE,0.0,0.0,0.0,28.9,0.0,28.9,1221.8,0.1,0,0,0,0.0,0,F1,625,,,,,
2026-02-18,2026-02-18,FO,NSE,STO,130150,,JINDALSTEL,,2026-04-28,2026-04-28,1020.0,PE,JINDALSTEL26APR1020PE,0.0,0.0,0.0,40.1,0.0,40.1,1221.8,4.0,0,0,0,0.0,0,F1,625,,,,,
2026-02-18,2026-02-18,FO,NSE,STO,130156,,JINDALSTEL,,2026-04-28,2026-04-28,1080.0,PE,JINDALSTEL26APR1080PE,0.0,0.0,0.0,65.7,0.0,65.7,1221.8,10.75,0,0,0,0.0,0,F1,625,,,,,
2026-02-18,2026-02-18,FO,NSE,STO,130158,,JINDALSTEL,,2026-04-28,2026-04-28,1100.0,PE,JINDALSTEL26APR1100PE,0.0,0.0,0.0,75.9,0.0,75.9,1221.8,14.3,0,0,0,0.0,0,F1,625,,,,,
2026-02-18,2026-02-18,FO,NSE,STO,130182,,JINDALSTEL,,2026-04-28,2026-04-28,1280.0,PE,JINDALSTEL26APR1280PE,0.0,0.0,0.0,200.45,0.0,200.45,1221.8,87.75,0,0,0,0.0,0,F1,625,,,,,
2026-02-18,2026-02-18,FO,NSE,STO,129970,,JINDALSTEL,,2026-03-30,2026-03-30,1010.0,PE,JINDALSTEL26MAR1010PE,0.0,0.0,0.0,27.25,0.0,27.25,1221.8,0.8,0,0,0,0.0,0,F1,625,,,,,
2026-02-18,2026-02-18,FO,NSE,STO,129983,,JINDALSTEL,,2026-03-30,2026-03-30,1110.0,PE,JINDALSTEL26MAR1110PE,0.0,0.0,0.0,71.35,0.0,71.35,1221.8,8.3,0,0,0,0.0,0,F1,625,,,,,
2026-02-18,2026-02-18,FO,NSE,STO,129992,,JINDALSTEL,,2026-03-30,2026-03-30,1190.0,PE,JINDALSTEL26MAR1190PE,0.0,0.0,0.0,124.05,0.0,124.05,1221.8,29.25,0,0,0,0.0,0,F1,625,,,,,
2026-02-18,2026-02-18,FO,NSE,STO,130036,,JINDALSTEL,,2026-03-30,2026-03-30,1290.0,PE,JINDALSTEL26MAR1290PE,0.0,0.0,0.0,205.95,0.0,205.95,1221.8,84.2,0,0,0,0.0,0,F1,625,,,,,
2026-02-18,2026-02-18,FO,NSE,STO,108596,,JINDALSTEL,,2026-02-24,2026-02-24,1000.0,CE,JINDALSTEL26FEB1000CE,219.1,219.1,219.1,219.1,219.1,170.0,1221.8,219.1,12500,0,1,761937.5,1,F1,625,,,,,
2026-02-18,2026-02-18,FO,NSE,STO,108606,,JINDALSTEL,,2026-02-24,2026-02-24,1100.0,CE,JINDALSTEL26FEB1100CE,121.0,126.25,118.0,120.7,120.7,109.0,1221.8,120.7,98750,-14375,37,28288437.5,9,F1,625,,,,,
2026-02-18,2026-02-18,FO,NSE,STO,120283,,JINDALSTEL,,2026-03-30,2026-03-30,1040.0,CE,JINDALSTEL26MAR1040CE,0.0,0.0,0.0,67.55,0.0,67.55,1221.8,189.85,0,0,0,0.0,0,F1,625,,,,,
2026-02-18,2026-02-18,FO,NSE,STO,130167,,JINDALSTEL,,2026-04-28,2026-04-28,1140.0,CE,JINDALSTEL26APR1140CE,0.0,0.0,0.0,56.9,0.0,56.9,1221.8,117.4,0,0,0,0.0,0,F1,625,,,,,
2026-02-18,2026-02-18,FO,NSE,STO,130169,,JINDALSTEL,,2026-04-28,2026-04-28,1160.0,CE,JINDALSTEL26APR1160CE,0.0,0.0,0.0,49.8,0.0,49.8,1221.8,103.75,0,0,0,0.0,0,F1,625,,,,,
2026-02-18,2026-02-18,FO,NSE,STO,119930,,JINDALSTEL,,2026-02-24,2026-02-24,970.0,PE,JINDALSTEL26FEB970PE,0.0,0.0,0.0,0.6,0.6,0.6,1221.8,0.05,11875,0,0,0.0,0,F1,625,,,,,
2026-02-18,2026-02-18,FO,NSE,STO,108708,,JINDALSTEL,,2026-02-24,2026-02-24,1160.0,PE,JINDALSTEL26FEB1160PE,3.9,4.5,2.0,2.1,2.1,4.9,1221.8,2.1,310625,-17500,341,247799562.5,248,F1,625,,,,,
2026-02-18,2026-02-18,FO,NSE,STO,120057,,JINDALSTEL,,2026-02-24,2026-02-24,1310.0,PE,JINDALSTEL26FEB1310PE,0.0,0.0,0.0,278.9,0.0,278.9,1221.8,87.6,0,0,0,0.0,0,F1,625,,,,,
2026-02-18,2026-02-18,FO,NSE,STO,120059,,JINDALSTEL,,2026-02-24,2026-02-24,1380.0,PE,JINDALSTEL26FEB1380PE,0.0,0.0,0.0,346.8,0.0,346.8,1221.8,156.95,0,0,0,0.0,0,F1,625,,,,,
2026-02-18,2026-02-18,FO,NSE,STO,108709,,JINDALSTEL,,2026-02-24,2026-02-24,1180.0,CE,JINDALSTEL26FEB1180CE,36.55,50.5,36.55,41.7,40.95,36.8,1221.8,41.7,192500,-35625,126,96538218.75,92,F1,625,,,,,
2026-02-18,2026-02-18,FO,NSE,STO,129982,,JINDALSTEL,,2026-03-30,2026-03-30,1110.0,CE,JINDALSTEL26MAR1110CE,0.0,0.0,0.0,108.8,108.8,108.8,1221.8,126.75,625,0,0,0.0,0,F1,625,,,,,
2026-02-18,2026-02-18,FO,NSE,STO,120339,,JINDALSTEL,,2026-03-30,2026-03-30,1160.0,CE,JINDALSTEL26MAR1160CE,0.0,0.0,0.0,27.95,0.0,27.95,1221.8,88.0,0,0,0,0.0,0,F1,625,,,,,
2026-02-18,2026-02-18,FO,NSE,STO,130151,,JINDALSTEL,,2026-04-28,2026-04-28,1040.0,CE,JINDALSTEL26APR1040CE,0.0,0.0,0.0,104.4,0.0,104.4,1221.8,198.25,0,0,0,0.0,0,F1,625,,,,,
2026-02-18,2026-02-18,FO,NSE,STO,130171,,JINDALSTEL,,2026-04-28,2026-04-28,1180.0,CE,JINDALSTEL26APR1180CE,0.0,0.0,0.0,43.45,0.0,43.45,1221.8,91.05,0,0,0,0.0,0,F1,625,,,,,
2026-02-18,2026-02-18,FO,NSE,STO,108597,,JINDALSTEL,,2026-02-24,2026-02-24,1000.0,PE,JINDALSTEL26FEB1000PE,0.3,0.4,0.25,0.3,0.3,0.35,1221.8,0.3,241250,-13750,34,21257000.0,22,F1,625,,,,,
2026-02-18,2026-02-18,FO,NSE,STO,120276,,JINDALSTEL,,2026-03-30,2026-03-30,960.0,PE,JINDALSTEL26MAR960PE,0.0,0.0,0.0,35.45,0.0,35.45,1221.8,0.15,0,0,0,0.0,0,F1,625,,,,,
2026-02-18,2026-02-18,FO,NSE,STO,129977,,JINDALSTEL,,2026-03-30,2026-03-30,1050.0,PE,JINDALSTEL26MAR1050PE,3.5,4.0,3.5,4.0,4.0,41.85,1221.8,2.3,9375,9375,15,9879593.75,7,F1,625,,,,,
2026-02-18,2026-02-18,FO,NSE,STO,120286,,JINDALSTEL,,2026-03-30,2026-03-30,1060.0,PE,JINDALSTEL26MAR1060PE,0.0,0.0,0.0,29.7,29.7,29.7,1221.8,2.95,1250,0,0,0.0,0,F1,625,,,,,
2026-02-18,2026-02-18,FO,NSE,STO,129988,,JINDALSTEL,,2026-03-30,2026-03-30,1150.0,PE,JINDALSTEL26MAR1150PE,20.0,20.0,14.65,14.65,14.65,43.0,1221.8,16.5,13125,12500,37,26962906.25,25,F1,625,,,,,
2026-02-18,2026-02-18,FO,NSE,STO,120352,,JINDALSTEL,,2026-03-30,2026-03-30,1260.0,PE,JINDALSTEL26MAR1260PE,0.0,0.0,0.0,231.95,0.0,231.95,1221.8,64.35,0,0,0,0.0,0,F1,625,,,,,
2026-02-18,2026-02-18,FO,NSE,STO,130038,,JINDALSTEL,,2026-03-30,2026-03-30,1310.0,PE,JINDALSTEL26MAR1310PE,0.0,0.0,0.0,223.8,0.0,223.8,1221.8,98.85,0,0,0,0.0,0,F1,625,,,,,
2026-02-18,2026-02-18,FO,NSE,STO,130190,,JINDALSTEL,,2026-04-28,2026-04-28,1360.0,PE,JINDALSTEL26APR1360PE,0.0,0.0,0.0,269.3,0.0,269.3,1221.8,144.8,0,0,0,0.0,0,F1,625,,,,,
2026-02-18,2026-02-18,FO,NSE,STO,108574,,JINDALSTEL,,2026-02-24,2026-02-24,900.0,CE,JINDALSTEL26FEB900CE,0.0,0.0,0.0,281.5,281.5,281.5,1221.8,322.6,5625,0,0,0.0,0,F1,625,,,,,
2026-02-18,2026-02-18,FO,NSE,STO,120006,,JINDALSTEL,,2026-02-24,2026-02-24,1110.0,CE,JINDALSTEL26FEB1110CE,100.0,116.5,100.0,113.05,113.05,99.05,1221.8,112.85,42500,-1875,5,3816406.25,5,F1,625,,,,,
2026-02-18,2026-02-18,FO,NSE,STO,130178,,JINDALSTEL,,2026-04-28,2026-04-28,1240.0,PE,JINDALSTEL26APR1240PE,0.0,0.0,0.0,168.55,0.0,168.55,1221.8,64.45,0,0,0,0.0,0,F1,625,,,,,
2026-02-18,2026-02-18,FO,NSE,STO,130166,,JINDALSTEL,,2026-04-28,2026-04-28,1120.0,PE,JINDALSTEL26APR1120PE,0.0,0.0,0.0,86.95,0.0,86.95,1221.8,18.6,0,0,0,0.0,0,F1,625,,,,,
2026-02-18,2026-02-18,FO,NSE,STO,120350,,JINDALSTEL,,2026-03-30,2026-03-30,1240.0,PE,JINDALSTEL26MAR1240PE,46.0,47.95,46.0,47.95,47.95,214.55,1221.8,52.7,1875,1875,4,3217718.75,4,F1,625,,,,,
2026-02-18,2026-02-18,FO,NSE,STO,108609,,JINDALSTEL,,2026-02-24,2026-02-24,1120.0,PE,JINDALSTEL26FEB1120PE,1.45,1.45,0.95,1.0,1.0,2.05,1221.8,1.0,111250,-62500,221,154864437.5,135,F1,625,,,,,
2026-02-18,2026-02-18,FO,NSE,STO,119986,,JINDALSTEL,,2026-02-24,2026-02-24,1070.0,PE,JINDALSTEL26FEB1070PE,0.65,0.75,0.5,0.5,0.5,1.15,1221.8,0.05,37500,-19375,54,36133156.25,29,F1,625,,,,,
2026-02-18,2026-02-18,FO,NSE,STO,119946,,JINDALSTEL,,2026-02-24,2026-02-24,1030.0,PE,JINDALSTEL26FEB1030PE,0.5,0.5,0.4,0.4,0.4,0.65,1221.8,0.05,23750,-1250,4,2576062.5,4,F1,625,,,,,
2026-02-18,2026-02-18,FO,NSE,STO,119928,,JINDALSTEL,,2026-02-24,2026-02-24,950.0,PE,JINDALSTEL26FEB950PE,0.1,0.2,0.1,0.1,0.1,0.3,1221.8,0.05,105000,-8750,32,19002562.5,9,F1,625,,,,,
2026-02-18,2026-02-18,FO,NSE,STO,130177,,JINDALSTEL,,2026-04-28,2026-04-28,1240.0,CE,JINDALSTEL26APR1240CE,0.0,0.0,0.0,28.2,0.0,28.2,1221.8,59.1,0,0,0,0.0,0,F1,625,,,,,
2026-02-18,2026-02-18,FO,NSE,STO,130037,,JINDALSTEL,,2026-03-30,2026-03-30,1310.0,CE,JINDALSTEL26MAR1310CE,0.0,0.0,0.0,8.2,0.0,8.2,1221.8,18.5,0,0,0,0.0,0,F1,625,,,,,
2026-02-18,2026-02-18,FO,NSE,STO,119950,,JINDALSTEL,,2026-02-24,2026-02-24,1050.0,CE,JINDALSTEL26FEB1050CE,171.0,171.0,171.0,171.0,171.0,151.0,1221.8,172.75,19375,0,4,3052500.0,2,F1,625,,,,,
2026-02-18,2026-02-18,FO,NSE,STO,108737,,JINDALSTEL,,2026-02-24,2026-02-24,1280.0,CE,JINDALSTEL26FEB1280CE,1.95,3.55,1.1,1.15,1.2,2.0,1221.8,1.15,207500,-25000,508,407160531.25,413,F1,625,,,,,
2026-02-18,2026-02-18,FO,NSE,STO,120351,,JINDALSTEL,,2026-03-30,2026-03-30,1260.0,CE,JINDALSTEL26MAR1260CE,37.3,37.3,29.75,29.75,29.75,28.0,1221.8,33.75,6250,3125,6,4847031.25,6,F1,625,,,,,
2026-02-18,2026-02-18,FO,NSE,STO,120281,,JINDALSTEL,,2026-03-30,2026-03-30,1020.0,CE,JINDALSTEL26MAR1020CE,0.0,0.0,0.0,77.05,0.0,77.05,1221.8,209.0,0,0,0,0.0,0,F1,625,,,,,
2026-02-18,2026-02-18,FO,NSE,STO,129969,,JINDALSTEL,,2026-03-30,2026-03-30,1010.0,CE,JINDALSTEL26MAR1010CE,0.0,0.0,0.0,108.55,0.0,108.55,1221.8,218.7,0,0,0,0.0,0,F1,625,,,,,
2026-02-18,2026-02-18,FO,NSE,STO,119985,,JINDALSTEL,,2026-02-24,2026-02-24,1070.0,CE,JINDALSTEL26FEB1070CE,0.0,0.0,0.0,130.0,130.0,130.0,1221.8,152.75,28750,0,0,0.0,0,F1,625,,,,,
2026-02-18,2026-02-18,FO,NSE,STO,108582,,JINDALSTEL,,2026-02-24,2026-02-24,980.0,CE,JINDALSTEL26FEB980CE,0.0,0.0,0.0,116.0,116.0,116.0,1221.8,242.7,0,0,0,0.0,0,F1,625,,,,,
2026-02-18,2026-02-18,FO,NSE,STF,66871,,JINDALSTEL,,2026-04-28,2026-04-28,,,JINDALSTEL26APRFUT,1230.5,1240.0,1230.5,1232.7,1231.0,1221.2,1221.8,1232.7,48125,6250,39,30119937.5,38,F1,625,,,,,
2026-02-18,2026-02-18,FO,NSE,STO,129990,,JINDALSTEL,,2026-03-30,2026-03-30,1170.0,PE,JINDALSTEL26MAR1170PE,0.0,0.0,0.0,25.95,25.95,25.95,1221.8,22.25,3125,0,0,0.0,0,F1,625,,,,,
2026-02-18,2026-02-18,FO,NSE,STO,108736,,JINDALSTEL,,2026-02-24,2026-02-24,1260.0,PE,JINDALSTEL26FEB1260PE,49.65,49.65,39.95,44.15,44.9,232.05,1221.8,44.15,4375,4375,17,13854718.75,17,F1,625,,,,,
2026-02-18,2026-02-18,FO,NSE,STO,119990,,JINDALSTEL,,2026-02-24,2026-02-24,1090.0,PE,JINDALSTEL26FEB1090PE,0.6,0.6,0.6,0.6,0.6,1.8,1221.8,0.6,41250,-625,1,681625.0,1,F1,625,,,,,
2026-02-18,2026-02-18,FO,NSE,STO,130153,,JINDALSTEL,,2026-04-28,2026-04-28,1060.0,CE,JINDALSTEL26APR1060CE,0.0,0.0,0.0,93.25,0.0,93.25,1221.8,180.7,0,0,0,0.0,0,F1,625,,,,,
2026-02-18,2026-02-18,FO,NSE,STO,130149,,JINDALSTEL,,2026-04-28,2026-04-28,1020.0,CE,JINDALSTEL26APR1020CE,0.0,0.0,0.0,116.45,0.0,116.45,1221.8,216.35,0,0,0,0.0,0,F1,625,,,,,
2026-02-18,2026-02-18,FO,NSE,STO,130035,,JINDALSTEL,,2026-03-30,2026-03-30,1290.0,CE,JINDALSTEL26MAR1290CE,0.0,0.0,0.0,10.15,0.0,10.15,1221.8,23.75,0,0,0,0.0,0,F1,625,,,,,
2026-02-18,2026-02-18,FO,NSE,STO,129978,,JINDALSTEL,,2026-03-30,2026-03-30,1070.0,CE,JINDALSTEL26MAR1070CE,0.0,0.0,0.0,151.0,151.0,151.0,1221.8,161.9,625,0,0,0.0,0,F1,625,,,,,
2026-02-18,2026-02-18,FO,NSE,STO,108599,,JINDALSTEL,,2026-02-24,2026-02-24,1020.0,PE,JINDALSTEL26FEB1020PE,0.4,0.4,0.3,0.3,0.3,0.7,1221.8,0.3,61250,-8750,30,19131062.5,17,F1,625,,,,,
2026-02-18,2026-02-18,FO,NSE,STO,120364,,JINDALSTEL,,2026-03-30,2026-03-30,1360.0,PE,JINDALSTEL26MAR1360PE,0.0,0.0,0.0,323.2,0.0,323.2,1221.8,139.4,0,0,0,0.0,0,F1,625,,,,,
2026-02-18,2026-02-18,FO,NSE,STO,140567,,MPHASIS,,2026-02-24,2026-02-24,2550.0,CE,MPHASIS26FEB2550CE,21.55,22.05,8.15,11.75,11.2,24.9,2435.8,11.75,135025,4950,759,534594706.25,680,F1,275,,,,,
2026-02-18,2026-02-18,FO,NSE,STO,140630,,MPHASIS,,2026-02-24,2026-02-24,2750.0,PE,MPHASIS26FEB2750PE,0.0,0.0,0.0,272.0,272.0,272.0,2435.8,311.75,40975,0,0,0.0,0,F1,275,,,,,
2026-02-18,2026-02-18,FO,NSE,STO,143098,,MPHASIS,,2026-03-30,2026-03-30,2850.0,PE,MPHASIS26MAR2850PE,0.0,0.0,0.0,170.2,0.0,170.2,2435.8,404.0,0,0,0,0.0,0,F1,275,,,,,
2026-02-18,2026-02-18,FO,NSE,STO,143128,,MPHASIS,,2026-04-28,2026-04-28,2100.0,PE,MPHASIS26APR2100PE,0.0,0.0,0.0,7.2,0.0,7.2,2435.8,15.3,0,0,0,0.0,0,F1,275,,,,,
2026-02-18,2026-02-18,FO,NSE,STO,119002,,MPHASIS,,2026-02-24,2026-02-24,2500.0,CE,MPHASIS26FEB2500CE,42.15,42.15,15.65,22.15,21.45,42.1,2435.8,22.15,227700,46750,1500,1040397407.5,1317,F1,275,,,,,
2026-02-18,2026-02-18,FO,NSE,STO,140683,,MPHASIS,,2026-02-24,2026-02-24,3050.0,CE,MPHASIS26FEB3050CE,0.0,0.0,0.0,0.9,0.9,0.9,2435.8,0.05,15400,0,0,0.0,0,F1,275,,,,,
2026-02-18,2026-02-18,FO,NSE,STO,140685,,MPHASIS,,2026-02-24,2026-02-24,3150.0,CE,MPHASIS26FEB3150CE,0.0,0.0,0.0,1.2,1.2,1.2,2435.8,0.05,3575,0,0,0.0,0,F1,275,,,,,
2026-02-18,2026-02-18,FO,NSE,STO,119096,,MPHASIS,,2026-02-24,2026-02-24,3300.0,CE,MPHASIS26FEB3300CE,0.15,0.15,0.05,0.05,0.05,0.1,2435.8,0.05,2200,0,3,2722568.75,3,F1,275,,,,,
2026-02-18,2026-02-18,FO,NSE,STO,140689,,MPHASIS,,2026-02-24,2026-02-24,3350.0,CE,MPHASIS26FEB3350CE,0.0,0.0,0.0,22.35,0.0,22.35,2435.8,0.05,0,0,0,0.0,0,F1,275,,,,,
2026-02-18,2026-02-18,FO,NSE,STO,140717,,MPHASIS,,2026-03-30,2026-03-30,2700.0,CE,MPHASIS26MAR2700CE,39.6,40.0,29.55,34.55,34.75,47.15,2435.8,34.55,22550,3300,48,36071653.75,45,F1,275,,,,,
2026-02-18,2026-02-18,FO,NSE,STO,143135,,MPHASIS,,2026-04-28,2026-04-28,2500.0,CE,MPHASIS26APR2500CE,0.0,0.0,0.0,405.9,0.0,405.9,2435.8,108.05,0,0,0,0.0,0,F1,275,,,,,
2026-02-18,2026-02-18,FO,NSE,STO,140716,,MPHASIS,,2026-03-30,2026-03-30,2600.0,PE,MPHASIS26MAR2600PE,208.0,224.0,203.8,205.0,205.0,183.0,2435.8,189.95,9075,1925,12,9265712.5,11,F1,275,,,,,
2026-02-18,2026-02-18,FO,NSE,STF,66903,,MPHASIS,,2026-04-28,2026-04-28,,,MPHASIS26APRFUT,2466.5,2467.1,2430.7,2467.0,2467.1,2489.0,2435.8,2467.0,34650,0,19,12809830.0,19,F1,275,,,,,
2026-02-18,2026-02-18,FO,NSE,STO,143087,,MPHASIS,,2026-03-30,2026-03-30,2350.0,CE,MPHASIS26MAR2350CE,0.0,0.0,0.0,497.95,0.0,497.95,2435.8,151.8,0,0,0,0.0,0,F1,275,,,,,
2026-02-18,2026-02-18,FO,NSE,STO,143107,,MPHASIS,,2026-03-30,2026-03-30,3350.0,CE,MPHASIS26MAR3350CE,0.0,0.0,0.0,27.8,0.0,27.8,2435.8,0.05,0,0,0,0.0,0,F1,275,,,,,
2026-02-18,2026-02-18,FO,NSE,STO,143202,,MPHASIS,,2026-04-28,2026-04-28,2900.0,CE,MPHASIS26APR2900CE,0.0,0.0,0.0,174.95,0.0,174.95,2435.8,16.5,0,0,0,0.0,0,F1,275,,,,,
2026-02-18,2026-02-18,FO,NSE,STO,119086,,MPHASIS,,2026-02-24,2026-02-24,2900.0,PE,MPHASIS26FEB2900PE,0.0,0.0,0.0,384.35,384.35,384.35,2435.8,461.6,20900,0,0,0.0,0,F1,275,,,,,
2026-02-18,2026-02-18,FO,NSE,STO,140720,,MPHASIS,,2026-03-30,2026-03-30,2800.0,PE,MPHASIS26MAR2800PE,375.0,378.0,375.0,375.0,375.0,298.9,2435.8,357.65,12925,0,3,2620200.0,3,F1,275,,,,,
2026-02-18,2026-02-18,FO,NSE,STO,143211,,MPHASIS,,2026-04-28,2026-04-28,3300.0,PE,MPHASIS26APR3300PE,0.0,0.0,0.0,503.7,0.0,503.7,2435.8,831.5,0,0,0,0.0,0,F1,275,,,,,
2026-02-18,2026-02-18,FO,NSE,STO,140562,,MPHASIS,,2026-02-24,2026-02-24,2250.0,PE,MPHASIS26FEB2250PE,6.1,11.1,4.65,5.0,5.25,6.45,2435.8,5.0,39600,3575,308,191204117.5,251,F1,275,,,,,
2026-02-18,2026-02-18,FO,NSE,STO,143210,,MPHASIS,,2026-04-28,2026-04-28,3300.0,CE,MPHASIS26APR3300CE,0.0,0.0,0.0,60.3,0.0,60.3,2435.8,1.45,0,0,0,0.0,0,F1,275,,,,,
2026-02-18,2026-02-18,FO,NSE,STO,143137,,MPHASIS,,2026-04-28,2026-04-28,2600.0,CE,MPHASIS26APR2600CE,0.0,0.0,0.0,336.2,0.0,336.2,2435.8,71.65,0,0,0,0.0,0,F1,275,,,,,
2026-02-18,2026-02-18,FO,NSE,STO,143133,,MPHASIS,,2026-04-28,2026-04-28,2400.0,CE,MPHASIS26APR2400CE,0.0,0.0,0.0,482.5,0.0,482.5,2435.8,156.4,0,0,0,0.0,0,F1,275,,,,,
2026-02-18,2026-02-18,FO,NSE,STO,143131,,MPHASIS,,2026-04-28,2026-04-28,2300.0,CE,MPHASIS26APR2300CE,0.0,0.0,0.0,565.45,0.0,565.45,2435.8,217.3,0,0,0,0.0,0,F1,275,,,,,
2026-02-18,2026-02-18,FO,NSE,STO,140727,,MPHASIS,,2026-03-30,2026-03-30,3200.0,CE,MPHASIS26MAR3200CE,2.0,3.1,2.0,3.1,3.1,5.0,2435.8,0.25,3575,-550,4,3522805.0,3,F1,275,,,,,
2026-02-18,2026-02-18,FO,NSE,STO,140729,,MPHASIS,,2026-03-30,2026-03-30,3300.0,CE,MPHASIS26MAR3300CE,0.0,0.0,0.0,58.05,0.0,58.05,2435.8,0.1,0,0,0,0.0,0,F1,275,,,,,
2026-02-18,2026-02-18,FO,NSE,STO,140560,,MPHASIS,,2026-02-24,2026-02-24,2150.0,PE,MPHASIS26FEB2150PE,4.25,4.25,2.5,2.55,2.6,3.4,2435.8,2.55,4675,-1650,19,11248393.75,19,F1,275,,,,,
2026-02-18,2026-02-18,FO,NSE,STO,118986,,MPHASIS,,2026-02-24,2026-02-24,2200.0,PE,MPHASIS26FEB2200PE,4.15,7.25,3.15,3.4,3.55,4.55,2435.8,3.4,66825,2200,536,325007980.0,422,F1,275,,,,,
2026-02-18,2026-02-18,FO,NSE,STO,119082,,MPHASIS,,2026-02-24,2026-02-24,2800.0,PE,MPHASIS26FEB2800PE,385.0,385.0,358.0,358.0,358.0,340.2,2435.8,358.0,43175,-275,5,4368925.0,5,F1,275,,,,,
2026-02-18,2026-02-18,FO,NSE,STO,119095,,MPHASIS,,2026-02-24,2026-02-24,3200.0,PE,MPHASIS26FEB3200PE,0.0,0.0,0.0,601.35,601.35,601.35,2435.8,761.3,275,0,0,0.0,0,F1,275,,,,,
2026-02-18,2026-02-18,FO,NSE,STO,119097,,MPHASIS,,2026-02-24,2026-02-24,3300.0,PE,MPHASIS26FEB3300PE,0.0,0.0,0.0,509.0,509.0,509.0,2435.8,861.2,1650,0,0,0.0,0,F1,275,,,,,
2026-02-18,2026-02-18,FO,NSE,STO,143136,,MPHASIS,,2026-04-28,2026-04-28,2500.0,PE,MPHASIS26APR2500PE,0.0,0.0,0.0,61.5,0.0,61.5,2435.8,146.4,0,0,0,0.0,0,F1,275,,,,,
2026-02-18,2026-02-18,FO,NSE,STO,143201,,MPHASIS,,2026-04-28,2026-04-28,2800.0,PE,MPHASIS26APR2800PE,0.0,0.0,0.0,171.75,0.0,171.75,2435.8,363.2,0,0,0,0.0,0,F1,275,,,,,
2026-02-18,2026-02-18,FO,NSE,STO,119098,,MPHASIS,,2026-02-24,2026-02-24,3400.0,CE,MPHASIS26FEB3400CE,0.0,0.0,0.0,0.2,0.2,0.2,2435.8,0.05,7150,0,0,0.0,0,F1,275,,,,,
2026-02-18,2026-02-18,FO,NSE,STO,143097,,MPHASIS,,2026-03-30,2026-03-30,2850.0,CE,MPHASIS26MAR2850CE,0.0,0.0,0.0,51.7,51.7,51.7,2435.8,6.95,550,0,0,0.0,0,F1,275,,,,,
2026-02-18,2026-02-18,FO,NSE,STO,140723,,MPHASIS,,2026-03-30,2026-03-30,3000.0,CE,MPHASIS26MAR3000CE,7.0,7.0,6.95,7.0,7.0,12.0,2435.8,1.9,3300,1650,6,4961536.25,4,F1,275,,,,,
2026-02-18,2026-02-18,FO,NSE,STO,118988,,MPHASIS,,2026-02-24,2026-02-24,2300.0,PE,MPHASIS26FEB2300PE,9.4,18.15,7.95,8.6,9.2,9.85,2435.8,8.6,124850,12650,1121,712992857.5,822,F1,275,,,,,
2026-02-18,2026-02-18,FO,NSE,STO,140678,,MPHASIS,,2026-02-24,2026-02-24,2950.0,PE,MPHASIS26FEB2950PE,0.0,0.0,0.0,135.85,135.85,135.85,2435.8,511.55,9075,0,0,0.0,0,F1,275,,,,,
2026-02-18,2026-02-18,FO,NSE,STO,143096,,MPHASIS,,2026-03-30,2026-03-30,2750.0,PE,MPHASIS26MAR2750PE,0.0,0.0,0.0,106.75,106.75,106.75,2435.8,312.7,550,0,0,0.0,0,F1,275,,,,,
2026-02-18,2026-02-18,FO,NSE,STO,140724,,MPHASIS,,2026-03-30,2026-03-30,3000.0,PE,MPHASIS26MAR3000PE,0.0,0.0,0.0,292.2,0.0,292.2,2435.8,548.1,0,0,0,0.0,0,F1,275,,,,,
2026-02-18,2026-02-18,FO,NSE,STO,143134,,MPHASIS,,2026-04-28,2026-04-28,2400.0,PE,MPHASIS26APR2400PE,0.0,0.0,0.0,39.65,0.0,39.65,2435.8,95.8,0,0,0,0.0,0,F1,275,,,,,
2026-02-18,2026-02-18,FO,NSE,STO,143209,,MPHASIS,,2026-04-28,2026-04-28,3200.0,PE,MPHASIS26APR3200PE,0.0,0.0,0.0,425.2,0.0,425.2,2435.8,733.85,0,0,0,0.0,0,F1,275,,,,,
2026-02-18,2026-02-18,FO,NSE,STO,119094,,MPHASIS,,2026-02-24,2026-02-24,3200.0,CE,MPHASIS26FEB3200CE,0.25,0.25,0.25,0.25,0.25,0.45,2435.8,0.05,27225,-550,2,1760137.5,1,F1,275,,,,,
2026-02-18,2026-02-18,FO,NSE,STO,143099,,MPHASIS,,2026-03-30,2026-03-30,2950.0,CE,MPHASIS26MAR2950CE,10.0,10.0,10.0,10.0,10.0,28.6,2435.8,10.0,2750,0,1,814000.0,1,F1,275,,,,,
2026-02-18,2026-02-18,FO,NSE,STO,140632,,MPHASIS,,2026-02-24,2026-02-24,2850.0,PE,MPHASIS26FEB2850PE,0.0,0.0,0.0,259.85,259.85,259.85,2435.8,411.6,9625,0,0,0.0,0,F1,275,,,,,
2026-02-18,2026-02-18,FO,NSE,STO,140568,,MPHASIS,,2026-02-24,2026-02-24,2550.0,PE,MPHASIS26FEB2550PE,113.05,152.8,111.85,119.3,120.0,99.2,2435.8,119.3,43450,-5775,152,111867470.0,110,F1,275,,,,,
2026-02-18,2026-02-18,FO,NSE,STO,143204,,MPHASIS,,2026-04-28,2026-04-28,3000.0,CE,MPHASIS26APR3000CE,0.0,0.0,0.0,136.7,0.0,136.7,2435.8,9.4,0,0,0,0.0,0,F1,275,,,,,
2026-02-18,2026-02-18,FO,NSE,STO,140719,,MPHASIS,,2026-03-30,2026-03-30,2800.0,CE,MPHASIS26MAR2800CE,26.4,26.85,17.05,20.4,20.55,27.6,2435.8,20.4,26400,4125,66,51172096.25,61,F1,275,,,,,
2026-02-18,2026-02-18,FO,NSE,STO,143089,,MPHASIS,,2026-03-30,2026-03-30,2450.0,CE,MPHASIS26MAR2450CE,109.2,113.8,101.7,112.9,113.8,413.05,2435.8,112.9,1375,1375,9,6328657.5,9,F1,275,,,,,
2026-02-18,2026-02-18,FO,NSE,STO,143085,,MPHASIS,,2026-03-30,2026-03-30,2250.0,CE,MPHASIS26MAR2250CE,0.0,0.0,0.0,588.3,0.0,588.3,2435.8,223.7,0,0,0,0.0,0,F1,275,,,,,
2026-02-18,2026-02-18,FO,NSE,STO,140631,,MPHASIS,,2026-02-24,2026-02-24,2850.0,CE,MPHASIS26FEB2850CE,1.25,1.25,0.85,1.05,1.1,1.85,2435.8,1.05,67925,-5225,576,451605591.25,428,F1,275,,,,,
2026-02-18,2026-02-18,FO,NSE,STO,140561,,MPHASIS,,2026-02-24,2026-02-24,2250.0,CE,MPHASIS26FEB2250CE,0.0,0.0,0.0,574.15,0.0,574.15,2435.8,188.4,0,0,0,0.0,0,F1,275,,,,,
2026-02-18,2026-02-18,FO,NSE,STO,143203,,MPHASIS,,2026-04-28,2026-04-28,2900.0,PE,MPHASIS26APR2900PE,0.0,0.0,0.0,224.4,0.0,224.4,2435.8,450.7,0,0,0,0.0,0,F1,275,,,,,
2026-02-18,2026-02-18,FO,NSE,STO,140718,,MPHASIS,,2026-03-30,2026-03-30,2700.0,PE,MPHASIS26MAR2700PE,293.0,293.85,290.0,290.0,290.0,261.7,2435.8,269.4,10175,0,4,3291887.5,4,F1,275,,,,,
2026-02-18,2026-02-18,FO,NSE,STO,143090,,MPHASIS,,2026-03-30,2026-03-30,2450.0,PE,MPHASIS26MAR2450PE,0.0,0.0,0.0,40.7,40.7,40.7,2435.8,95.15,550,0,0,0.0,0,F1,275,,,,,
2026-02-18,2026-02-18,FO,NSE,STO,118912,,MPHASIS,,2026-02-24,2026-02-24,2100.0,PE,MPHASIS26FEB2100PE,3.0,3.75,1.65,1.8,1.9,2.45,2435.8,1.8,13200,275,42,24281262.5,42,F1,275,,,,,
2026-02-18,2026-02-18,FO,NSE,STO,119093,,MPHASIS,,2026-02-24,2026-02-24,3100.0,PE,MPHASIS26FEB3100PE,0.0,0.0,0.0,588.0,588.0,588.0,2435.8,661.4,1375,0,0,0.0,0,F1,275,,,,,
2026-02-18,2026-02-18,FO,NSE,STO,143088,,MPHASIS,,2026-03-30,2026-03-30,2350.0,PE,MPHASIS26MAR2350PE,0.0,0.0,0.0,54.0,54.0,54.0,2435.8,51.9,275,0,0,0.0,0,F1,275,,,,,
2026-02-18,2026-02-18,FO,NSE,STO,143092,,MPHASIS,,2026-03-30,2026-03-30,2550.0,PE,MPHASIS26MAR2550PE,0.0,0.0,0.0,157.95,157.95,157.95,2435.8,154.7,8525,0,0,0.0,0,F1,275,,,,,
2026-02-18,2026-02-18,FO,NSE,STO,143132,,MPHASIS,,2026-04-28,2026-04-28,2300.0,PE,MPHASIS26APR2300PE,0.0,0.0,0.0,24.1,0.0,24.1,2435.8,57.7,0,0,0,0.0,0,F1,275,,,,,
2026-02-18,2026-02-18,FO,NSE,STO,140559,,MPHASIS,,2026-02-24,2026-02-24,2150.0,CE,MPHASIS26FEB2150CE,0.0,0.0,0.0,668.85,0.0,668.85,2435.8,287.75,0,0,0,0.0,0,F1,275,,,,,
2026-02-18,2026-02-18,FO,NSE,STO,118911,,MPHASIS,,2026-02-24,2026-02-24,2100.0,CE,MPHASIS26FEB2100CE,0.0,0.0,0.0,738.5,0.0,738.5,2435.8,337.7,0,0,0,0.0,0,F1,275,,,,,
2026-02-18,2026-02-18,FO,NSE,STO,118989,,MPHASIS,,2026-02-24,2026-02-24,2400.0,CE,MPHASIS26FEB2400CE,85.5,85.5,52.2,69.25,68.0,100.6,2435.8,69.25,98725,27775,496,335578787.5,365,F1,275,,,,,
2026-02-18,2026-02-18,FO,NSE,STO,119079,,MPHASIS,,2026-02-24,2026-02-24,2800.0,CE,MPHASIS26FEB2800CE,1.7,1.85,1.15,1.35,1.25,2.45,2435.8,1.35,175725,-12375,1386,1067722370.0,814,F1,275,,,,,
2026-02-18,2026-02-18,FO,NSE,STO,143093,,MPHASIS,,2026-03-30,2026-03-30,2650.0,CE,MPHASIS26MAR2650CE,37.0,42.95,37.0,42.95,42.95,70.0,2435.8,42.95,4125,275,9,6659413.75,8,F1,275,,,,,
2026-02-18,2026-02-18,FO,NSE,STO,143103,,MPHASIS,,2026-03-30,2026-03-30,3150.0,CE,MPHASIS26MAR3150CE,0.0,0.0,0.0,59.25,0.0,59.25,2435.8,0.45,0,0,0,0.0,0,F1,275,,,,,
2026-02-18,2026-02-18,FO,NSE,STO,143105,,MPHASIS,,2026-03-30,2026-03-30,3250.0,CE,MPHASIS26MAR3250CE,0.0,0.0,0.0,40.95,0.0,40.95,2435.8,0.15,0,0,0,0.0,0,F1,275,,,,,
2026-02-18,2026-02-18,FO,NSE,STO,143127,,MPHASIS,,2026-04-28,2026-04-28,2100.0,CE,MPHASIS26APR2100CE,0.0,0.0,0.0,745.45,0.0,745.45,2435.8,372.8,0,0,0,0.0,0,F1,275,,,,,
2026-02-18,2026-02-18,FO,NSE,STO,140563,,MPHASIS,,2026-02-24,2026-02-24,2350.0,CE,MPHASIS26FEB2350CE,100.0,107.6,100.0,105.55,103.0,143.6,2435.8,105.55,20625,275,7,4724898.75,7,F1,275,,,,,
2026-02-18,2026-02-18,FO,NSE,STO,140705,,MPHASIS,,2026-03-30,2026-03-30,2100.0,CE,MPHASIS26MAR2100CE,0.0,0.0,0.0,734.5,0.0,734.5,2435.8,353.95,0,0,0,0.0,0,F1,275,,,,,
2026-02-18,2026-02-18,FO,NSE,STO,143125,,MPHASIS,,2026-04-28,2026-04-28,2000.0,CE,MPHASIS26APR2000CE,0.0,0.0,0.0,840.2,0.0,840.2,2435.8,462.95,0,0,0,0.0,0,F1,275,,,,,
2026-02-18,2026-02-18,FO,NSE,STO,119005,,MPHASIS,,2026-02-24,2026-02-24,2600.0,PE,MPHASIS26FEB2600PE,171.25,193.85,163.65,163.65,163.65,137.35,2435.8,163.65,45375,-1375,32,24475165.0,31,F1,275,,,,,
2026-02-18,2026-02-18,FO,NSE,STO,143086,,MPHASIS,,2026-03-30,2026-03-30,2250.0,PE,MPHASIS26MAR2250PE,0.0,0.0,0.0,8.65,0.0,8.65,2435.8,24.35,0,0,0,0.0,0,F1,275,,,,,
2026-02-18,2026-02-18,FO,NSE,STO,140686,,MPHASIS,,2026-02-24,2026-02-24,3150.0,PE,MPHASIS26FEB3150PE,0.0,0.0,0.0,656.4,656.4,656.4,2435.8,711.35,0,0,0,0.0,0,F1,275,,,,,
2026-02-18,2026-02-18,FO,NSE,STO,140714,,MPHASIS,,2026-03-30,2026-03-30,2500.0,PE,MPHASIS26MAR2500PE,142.75,148.95,139.55,148.95,148.95,125.4,2435.8,123.0,22000,3025,23,16721320.0,23,F1,275,,,,,
2026-02-18,2026-02-18,FO,NSE,STO,143205,,MPHASIS,,2026-04-28,2026-04-28,3000.0,PE,MPHASIS26APR3000PE,0.0,0.0,0.0,284.65,0.0,284.65,2435.8,542.55,0,0,0,0.0,0,F1,275,,,,,
2026-02-18,2026-02-18,FO,NSE,STO,119078,,MPHASIS,,2026-02-24,2026-02-24,2700.0,PE,MPHASIS26FEB2700PE,262.35,291.55,260.25,265.45,265.45,230.15,2435.8,261.85,81400,-4950,21,17181422.5,21,F1,275,,,,,
2026-02-18,2026-02-18,FO,NSE,STO,119089,,MPHASIS,,2026-02-24,2026-02-24,3000.0,PE,MPHASIS26FEB3000PE,0.0,0.0,0.0,486.0,486.0,486.0,2435.8,561.5,9075,0,0,0.0,0,F1,275,,,,,
2026-02-18,2026-02-18,FO,NSE,STO,140566,,MPHASIS,,2026-02-24,2026-02-24,2450.0,PE,MPHASIS26FEB2450PE,45.9,76.85,45.9,49.0,50.15,43.3,2435.8,49.0,66825,-38225,599,413350478.75,494,F1,275,,,,,
2026-02-18,2026-02-18,FO,NSE,STO,140725,,MPHASIS,,2026-03-30,2026-03-30,3100.0,CE,MPHASIS26MAR3100CE,4.0,4.1,4.0,4.1,4.1,18.8,2435.8,0.75,7975,-825,5,4268027.5,4,F1,275,,,,,
2026-02-18,2026-02-18,FO,NSE,STO,143129,,MPHASIS,,2026-04-28,2026-04-28,2200.0,CE,MPHASIS26APR2200CE,0.0,0.0,0.0,653.5,0.0,653.5,2435.8,290.05,0,0,0,0.0,0,F1,275,,,,,
2026-02-18,2026-02-18,FO,NSE,STO,118995,,MPHASIS,,2026-02-24,2026-02-24,2400.0,PE,MPHASIS26FEB2400PE,25.45,49.8,25.0,27.7,30.0,26.4,2435.8,27.7,170775,34375,3522,2362227972.5,2734,F1,275,,,,,
2026-02-18,2026-02-18,FO,NSE,STO,140688,,MPHASIS,,2026-02-24,2026-02-24,3250.0,PE,MPHASIS26FEB3250PE,0.0,0.0,0.0,785.35,785.35,785.35,2435.8,811.25,825,0,0,0.0,0,F1,275,,,,,
2026-02-18,2026-02-18,FO,NSE,STO,140708,,MPHASIS,,2026-03-30,2026-03-30,2200.0,PE,MPHASIS26MAR2200PE,32.45,39.0,29.0,29.0,29.0,30.5,2435.8,29.0,11275,1375,111,68183775.0,69,F1,275,,,,,
2026-02-18,2026-02-18,FO,NSE,STO,140722,,MPHASIS,,2026-03-30,2026-03-30,2900.0,PE,MPHASIS26MAR2900PE,0.0,0.0,0.0,231.05,0.0,231.05,2435.8,451.35,0,0,0,0.0,0,F1,275,,,,,
2026-02-18,2026-02-18,FO,NSE,STO,143104,,MPHASIS,,2026-03-30,2026-03-30,3150.0,PE,MPHASIS26MAR3150PE,0.0,0.0,0.0,370.2,0.0,370.2,2435.8,695.75,0,0,0,0.0,0,F1,275,,,,,
2026-02-18,2026-02-18,FO,NSE,STO,140730,,MPHASIS,,2026-03-30,2026-03-30,3300.0,PE,MPHASIS26MAR3300PE,0.0,0.0,0.0,513.5,0.0,513.5,2435.8,844.45,0,0,0,0.0,0,F1,275,,,,,
2026-02-18,2026-02-18,FO,NSE,STO,143083,,MPHASIS,,2026-03-30,2026-03-30,2150.0,CE,MPHASIS26MAR2150CE,0.0,0.0,0.0,682.5,0.0,682.5,2435.8,308.25,0,0,0,0.0,0,F1,275,,,,,
2026-02-18,2026-02-18,FO,NSE,STO,140677,,MPHASIS,,2026-02-24,2026-02-24,2950.0,CE,MPHASIS26FEB2950CE,0.7,0.7,0.55,0.55,0.55,1.25,2435.8,0.05,38225,-550,9,7302886.25,9,F1,275,,,,,
2026-02-18,2026-02-18,FO,NSE,STF,51981,,MPHASIS,,2026-03-30,2026-03-30,,,MPHASIS26MARFUT,2475.3,2476.8,2417.9,2452.5,2445.1,2483.8,2435.8,2452.5,721600,435600,2170,1455691297.5,1124,F1,275,,,,,
2026-02-18,2026-02-18,FO,NSE,STO,140707,,MPHASIS,,2026-03-30,2026-03-30,2200.0,CE,MPHASIS26MAR2200CE,0.0,0.0,0.0,642.85,0.0,642.85,2435.8,264.65,0,0,0,0.0,0,F1,275,,,,,
2026-02-18,2026-02-18,FO,NSE,STO,143095,,MPHASIS,,2026-03-30,2026-03-30,2750.0,CE,MPHASIS26MAR2750CE,0.0,0.0,0.0,40.6,40.6,40.6,2435.8,15.0,1650,0,0,0.0,0,F1,275,,,,,
2026-02-18,2026-02-18,FO,NSE,STO,140726,,MPHASIS,,2026-03-30,2026-03-30,3100.0,PE,MPHASIS26MAR3100PE,0.0,0.0,0.0,360.15,0.0,360.15,2435.8,646.3,0,0,0,0.0,0,F1,275,,,,,
2026-02-18,2026-02-18,FO,NSE,STO,143106,,MPHASIS,,2026-03-30,2026-03-30,3250.0,PE,MPHASIS26MAR3250PE,0.0,0.0,0.0,450.85,0.0,450.85,2435.8,794.85,0,0,0,0.0,0,F1,275,,,,,
2026-02-18,2026-02-18,FO,NSE,STO,143207,,MPHASIS,,2026-04-28,2026-04-28,3100.0,PE,MPHASIS26APR3100PE,0.0,0.0,0.0,351.8,0.0,351.8,2435.8,637.3,0,0,0,0.0,0,F1,275,,,,,
2026-02-18,2026-02-18,FO,NSE,STF,59425,,MPHASIS,,2026-02-24,2026-02-24,,,MPHASIS26FEBFUT,2469.1,2469.1,2404.1,2441.3,2434.3,2472.9,2435.8,2441.3,5233250,-39875,3518,2349318812.5,2365,F1,275,,,,,
2026-02-18,2026-02-18,FO,NSE,STO,119004,,MPHASIS,,2026-02-24,2026-02-24,2600.0,CE,MPHASIS26FEB2600CE,15.0,15.0,4.45,6.35,6.35,14.15,2435.8,6.35,190850,5500,974,698044242.5,799,F1,275,,,,,
2026-02-18,2026-02-18,FO,NSE,STO,119088,,MPHASIS,,2026-02-24,2026-02-24,3000.0,CE,MPHASIS26FEB3000CE,0.65,0.7,0.5,0.6,0.6,1.0,2435.8,0.05,88825,-16500,176,145230415.0,141,F1,275,,,,,
2026-02-18,2026-02-18,FO,NSE,STO,140709,,MPHASIS,,2026-03-30,2026-03-30,2300.0,CE,MPHASIS26MAR2300CE,0.0,0.0,0.0,555.25,0.0,555.25,2435.8,185.9,0,0,0,0.0,0,F1,275,,,,,
2026-02-18,2026-02-18,FO,NSE,STO,143101,,MPHASIS,,2026-03-30,2026-03-30,3050.0,CE,MPHASIS26MAR3050CE,0.0,0.0,0.0,12.0,12.0,12.0,2435.8,1.2,275,0,0,0.0,0,F1,275,,,,,
2026-02-18,2026-02-18,FO,NSE,STO,143186,,MPHASIS,,2026-04-28,2026-04-28,2700.0,CE,MPHASIS26APR2700CE,0.0,0.0,0.0,274.45,0.0,274.45,2435.8,45.6,0,0,0,0.0,0,F1,275,,,,,
2026-02-18,2026-02-18,FO,NSE,STO,143208,,MPHASIS,,2026-04-28,2026-04-28,3200.0,CE,MPHASIS26APR3200CE,0.0,0.0,0.0,80.3,0.0,80.3,2435.8,2.75,0,0,0,0.0,0,F1,275,,,,,
2026-02-18,2026-02-18,FO,NSE,STO,119003,,MPHASIS,,2026-02-24,2026-02-24,2500.0,PE,MPHASIS26FEB2500PE,79.75,111.05,73.45,80.85,83.5,69.45,2435.8,80.85,113575,-24750,336,239713952.5,314,F1,275,,,,,
2026-02-18,2026-02-18,FO,NSE,STO,140710,,MPHASIS,,2026-03-30,2026-03-30,2300.0,PE,MPHASIS26MAR2300PE,55.0,65.7,51.0,51.3,51.6,50.0,2435.8,51.3,3300,2750,22,14260592.5,19,F1,275,,,,,
2026-02-18,2026-02-18,FO,NSE,STO,140564,,MPHASIS,,2026-02-24,2026-02-24,2350.0,PE,MPHASIS26FEB2350PE,17.0,31.05,14.15,14.9,15.65,15.95,2435.8,14.9,88000,6600,748,488141101.25,661,F1,275,,,,,
2026-02-18,2026-02-18,FO,NSE,STO,119085,,MPHASIS,,2026-02-24,2026-02-24,2900.0,CE,MPHASIS26FEB2900CE,1.0,1.1,0.75,0.9,0.8,1.6,2435.8,0.9,129800,-8800,522,416423273.75,447,F1,275,,,,,
2026-02-18,2026-02-18,FO,NSE,STO,118987,,MPHASIS,,2026-02-24,2026-02-24,2300.0,CE,MPHASIS26FEB2300CE,150.0,152.0,125.25,149.25,143.3,184.2,2435.8,149.25,10725,1375,18,12084751.25,18,F1,275,,,,,
2026-02-18,2026-02-18,FO,NSE,STO,143185,,MPHASIS,,2026-04-28,2026-04-28,2600.0,PE,MPHASIS26APR2600PE,0.0,0.0,0.0,90.25,0.0,90.25,2435.8,208.95,0,0,0,0.0,0,F1,275,,,,,
2026-02-18,2026-02-18,FO,NSE,STO,143130,,MPHASIS,,2026-04-28,2026-04-28,2200.0,PE,MPHASIS26APR2200PE,0.0,0.0,0.0,13.7,0.0,13.7,2435.8,31.5,0,0,0,0.0,0,F1,275,,,,,
2026-02-18,2026-02-18,FO,NSE,STO,143100,,MPHASIS,,2026-03-30,2026-03-30,2950.0,PE,MPHASIS26MAR2950PE,0.0,0.0,0.0,228.5,0.0,228.5,2435.8,499.45,0,0,0,0.0,0,F1,275,,,,,
2026-02-18,2026-02-18,FO,NSE,STO,140690,,MPHASIS,,2026-02-24,2026-02-24,3350.0,PE,MPHASIS26FEB3350PE,0.0,0.0,0.0,879.2,879.2,879.2,2435.8,911.15,1375,0,0,0.0,0,F1,275,,,,,
2026-02-18,2026-02-18,FO,NSE,STO,119006,,MPHASIS,,2026-02-24,2026-02-24,2700.0,CE,MPHASIS26FEB2700CE,4.05,4.3,2.0,2.55,2.45,5.0,2435.8,2.55,302500,31625,606,450371212.5,432,F1,275,,,,,
2026-02-18,2026-02-18,FO,NSE,STO,140721,,MPHASIS,,2026-03-30,2026-03-30,2900.0,CE,MPHASIS26MAR2900CE,11.0,11.05,10.5,10.5,10.5,16.0,2435.8,4.6,3025,825,6,4802723.75,6,F1,275,,,,,
2026-02-18,2026-02-18,FO,NSE,STO,118913,,MPHASIS,,2026-02-24,2026-02-24,2200.0,CE,MPHASIS26FEB2200CE,0.0,0.0,0.0,219.1,219.1,219.1,2435.8,237.9,1375,0,0,0.0,0,F1,275,,,,,
2026-02-18,2026-02-18,FO,NSE,STO,140569,,MPHASIS,,2026-02-24,2026-02-24,2650.0,CE,MPHASIS26FEB2650CE,6.55,7.45,2.8,3.75,4.0,8.25,2435.8,3.75,122375,-15125,473,345148691.25,407,F1,275,,,,,
2026-02-18,2026-02-18,FO,NSE,STO,140565,,MPHASIS,,2026-02-24,2026-02-24,2450.0,CE,MPHASIS26FEB2450CE,60.7,60.85,29.5,40.7,40.0,66.85,2435.8,40.7,130075,32175,1372,938309790.0,986,F1,275,,,,,
2026-02-18,2026-02-18,FO,NSE,STO,143187,,MPHASIS,,2026-04-28,2026-04-28,2700.0,PE,MPHASIS26APR2700PE,0.0,0.0,0.0,127.0,0.0,127.0,2435.8,281.9,0,0,0,0.0,0,F1,275,,,,,
2026-02-18,2026-02-18,FO,NSE,STO,143126,,MPHASIS,,2026-04-28,2026-04-28,2000.0,PE,MPHASIS26APR2000PE,0.0,0.0,0.0,3.45,0.0,3.45,2435.8,6.45,0,0,0,0.0,0,F1,275,,,,,
2026-02-18,2026-02-18,FO,NSE,STO,143102,,MPHASIS,,2026-03-30,2026-03-30,3050.0,PE,MPHASIS26MAR3050PE,0.0,0.0,0.0,295.5,0.0,295.5,2435.8,597.1,0,0,0,0.0,0,F1,275,,,,,
2026-02-18,2026-02-18,FO,NSE,STO,143094,,MPHASIS,,2026-03-30,2026-03-30,2650.0,PE,MPHASIS26MAR2650PE,0.0,0.0,0.0,205.0,205.0,205.0,2435.8,228.35,825,0,0,0.0,0,F1,275,,,,,
2026-02-18,2026-02-18,FO,NSE,STO,140712,,MPHASIS,,2026-03-30,2026-03-30,2400.0,PE,MPHASIS26MAR2400PE,99.0,100.25,86.0,87.55,89.45,84.0,2435.8,87.55,13200,4400,40,27451283.75,27,F1,275,,,,,
2026-02-18,2026-02-18,FO,NSE,STO,140706,,MPHASIS,,2026-03-30,2026-03-30,2100.0,PE,MPHASIS26MAR2100PE,20.0,22.75,17.05,17.35,17.7,18.0,2435.8,17.35,13475,8250,59,34372098.75,53,F1,275,,,,,
2026-02-18,2026-02-18,FO,NSE,STO,143206,,MPHASIS,,2026-04-28,2026-04-28,3100.0,CE,MPHASIS26APR3100CE,0.0,0.0,0.0,105.35,0.0,105.35,2435.8,5.2,0,0,0,0.0,0,F1,275,,,,,
2026-02-18,2026-02-18,FO,NSE,STO,143188,,MPHASIS,,2026-04-28,2026-04-28,2800.0,CE,MPHASIS26APR2800CE,0.0,0.0,0.0,220.7,0.0,220.7,2435.8,27.95,0,0,0,0.0,0,F1,275,,,,,
2026-02-18,2026-02-18,FO,NSE,STO,140715,,MPHASIS,,2026-03-30,2026-03-30,2600.0,CE,MPHASIS26MAR2600CE,65.0,65.8,50.0,56.7,54.45,73.75,2435.8,56.7,62425,5775,149,108787690.0,118,F1,275,,,,,
2026-02-18,2026-02-18,FO,NSE,STO,140711,,MPHASIS,,2026-03-30,2026-03-30,2400.0,CE,MPHASIS26MAR2400CE,125.0,142.5,125.0,141.8,139.75,190.0,2435.8,141.8,4950,1100,18,12534307.5,16,F1,275,,,,,
2026-02-18,2026-02-18,FO,NSE,STO,140687,,MPHASIS,,2026-02-24,2026-02-24,3250.0,CE,MPHASIS26FEB3250CE,0.1,0.1,0.05,0.05,0.05,0.2,2435.8,0.05,17050,0,19,16981552.5,10,F1,275,,,,,
2026-02-18,2026-02-18,FO,NSE,STO,119092,,MPHASIS,,2026-02-24,2026-02-24,3100.0,CE,MPHASIS26FEB3100CE,0.45,0.45,0.25,0.45,0.45,0.6,2435.8,0.05,38225,-7425,30,25577956.25,21,F1,275,,,,,
2026-02-18,2026-02-18,FO,NSE,STO,140629,,MPHASIS,,2026-02-24,2026-02-24,2750.0,CE,MPHASIS26FEB2750CE,2.35,2.4,1.45,1.7,1.75,3.25,2435.8,1.7,88275,-33825,920,696166075.0,666,F1,275,,,,,
2026-02-18,2026-02-18,FO,NSE,STO,143084,,MPHASIS,,2026-03-30,2026-03-30,2150.0,PE,MPHASIS26MAR2150PE,0.0,0.0,0.0,18.55,18.55,18.55,2435.8,9.55,3300,0,0,0.0,0,F1,275,,,,,
2026-02-18,2026-02-18,FO,NSE,STO,140728,,MPHASIS,,2026-03-30,2026-03-30,3200.0,PE,MPHASIS26MAR3200PE,0.0,0.0,0.0,434.35,0.0,434.35,2435.8,745.25,0,0,0,0.0,0,F1,275,,,,,
2026-02-18,2026-02-18,FO,NSE,STO,140570,,MPHASIS,,2026-02-24,2026-02-24,2650.0,PE,MPHASIS26FEB2650PE,230.35,238.5,222.85,228.0,228.0,177.85,2435.8,212.3,20900,0,11,8717390.0,11,F1,275,,,,,
2026-02-18,2026-02-18,FO,NSE,STO,143108,,MPHASIS,,2026-03-30,2026-03-30,3350.0,PE,MPHASIS26MAR3350PE,0.0,0.0,0.0,536.65,0.0,536.65,2435.8,894.1,0,0,0,0.0,0,F1,275,,,,,
2026-02-18,2026-02-18,FO,NSE,STO,140684,,MPHASIS,,2026-02-24,2026-02-24,3050.0,PE,MPHASIS26FEB3050PE,0.0,0.0,0.0,603.95,603.95,603.95,2435.8,611.45,0,0,0,0.0,0,F1,275,,,,,
2026-02-18,2026-02-18,FO,NSE,STO,143091,,MPHASIS,,2026-03-30,2026-03-30,2550.0,CE,MPHASIS26MAR2550CE,65.55,67.3,64.0,64.2,64.2,91.7,2435.8,55.8,3300,550,8,5754223.75,7,F1,275,,,,,
2026-02-18,2026-02-18,FO,NSE,STO,140713,,MPHASIS,,2026-03-30,2026-03-30,2500.0,CE,MPHASIS26MAR2500CE,102.75,105.05,81.0,91.3,91.0,114.8,2435.8,91.3,43175,13750,192,136686715.0,174,F1,275,,,,,
2026-02-18,2026-02-18,FO,NSE,STO,143163,,NESTLEIND,,2026-03-30,2026-03-30,1340.0,PE,NESTLEIND26MAR1340PE,0.0,0.0,0.0,57.35,57.35,57.35,1300.85,51.95,6500,0,0,0.0,0,F1,500,,,,,
2026-02-18,2026-02-18,FO,NSE,STO,144785,,NESTLEIND,,2026-03-30,2026-03-30,1430.0,PE,NESTLEIND26MAR1430PE,0.0,0.0,0.0,124.7,0.0,124.7,1300.85,124.1,0,0,0,0.0,0,F1,500,,,,,
2026-02-18,2026-02-18,FO,NSE,STO,143058,,NESTLEIND,,2026-03-30,2026-03-30,1080.0,CE,NESTLEIND26MAR1080CE,0.0,0.0,0.0,213.1,0.0,213.1,1300.85,227.4,0,0,0,0.0,0,F1,500,,,,,
2026-02-18,2026-02-18,FO,NSE,STO,142957,,NESTLEIND,,2026-02-24,2026-02-24,1390.0,PE,NESTLEIND26FEB1390PE,0.0,0.0,0.0,88.45,88.45,88.45,1300.85,87.95,3500,0,0,0.0,0,F1,500,,,,,
2026-02-18,2026-02-18,FO,NSE,STO,120916,,NESTLEIND,,2026-02-24,2026-02-24,1340.0,PE,NESTLEIND26FEB1340PE,0.0,0.0,0.0,53.9,53.9,53.9,1300.85,40.05,53500,0,0,0.0,0,F1,500,,,,,
2026-02-18,2026-02-18,FO,NSE,STO,142943,,NESTLEIND,,2026-02-24,2026-02-24,1310.0,PE,NESTLEIND26FEB1310PE,28.2,32.65,17.5,17.95,17.5,30.85,1300.85,17.95,61500,-10500,47,31293475.0,44,F1,500,,,,,
2026-02-18,2026-02-18,FO,NSE,STO,120864,,NESTLEIND,,2026-02-24,2026-02-24,1260.0,PE,NESTLEIND26FEB1260PE,9.85,9.85,1.95,2.05,2.0,5.85,1300.85,2.05,144500,-10500,189,119493275.0,116,F1,500,,,,,
2026-02-18,2026-02-18,FO,NSE,STO,120858,,NESTLEIND,,2026-02-24,2026-02-24,1220.0,PE,NESTLEIND26FEB1220PE,1.4,1.4,0.6,0.65,0.65,1.45,1300.85,0.65,110500,-500,173,105615725.0,136,F1,500,,,,,
2026-02-18,2026-02-18,FO,NSE,STO,142830,,NESTLEIND,,2026-02-24,2026-02-24,1210.0,PE,NESTLEIND26FEB1210PE,1.65,1.65,0.6,0.6,0.6,1.2,1300.85,0.6,39500,-1000,15,9082675.0,10,F1,500,,,,,
2026-02-18,2026-02-18,FO,NSE,STO,142828,,NESTLEIND,,2026-02-24,2026-02-24,1190.0,PE,NESTLEIND26FEB1190PE,0.4,0.4,0.4,0.4,0.4,0.6,1300.85,0.4,24000,0,1,595200.0,1,F1,500,,,,,
2026-02-18,2026-02-18,FO,NSE,STO,142814,,NESTLEIND,,2026-02-24,2026-02-24,1090.0,PE,NESTLEIND26FEB1090PE,0.0,0.0,0.0,1.25,0.0,1.25,1300.85,0.05,0,0,0,0.0,0,F1,500,,,,,
2026-02-18,2026-02-18,FO,NSE,STO,144902,,NESTLEIND,,2026-04-28,2026-04-28,1320.0,CE,NESTLEIND26APR1320CE,0.0,0.0,0.0,60.0,0.0,60.0,1300.85,41.75,0,0,0,0.0,0,F1,500,,,,,
2026-02-18,2026-02-18,FO,NSE,STO,144758,,NESTLEIND,,2026-03-30,2026-03-30,1170.0,CE,NESTLEIND26MAR1170CE,0.0,0.0,0.0,148.8,148.8,148.8,1300.85,139.25,2000,0,0,0.0,0,F1,500,,,,,
2026-02-18,2026-02-18,FO,NSE,STO,142838,,NESTLEIND,,2026-02-24,2026-02-24,1290.0,CE,NESTLEIND26FEB1290CE,12.5,19.0,9.5,18.5,18.75,12.7,1300.85,18.5,131000,-78000,1460,950660025.0,991,F1,500,,,,,
2026-02-18,2026-02-18,FO,NSE,STO,144770,,NESTLEIND,,2026-03-30,2026-03-30,1290.0,CE,NESTLEIND26MAR1290CE,39.05,42.15,33.65,42.15,42.15,42.5,1300.85,42.15,6500,3500,34,22545525.0,27,F1,500,,,,,
2026-02-18,2026-02-18,FO,NSE,STO,143190,,NESTLEIND,,2026-03-30,2026-03-30,1520.0,CE,NESTLEIND26MAR1520CE,0.0,0.0,0.0,5.25,0.0,5.25,1300.85,0.35,0,0,0,0.0,0,F1,500,,,,,
2026-02-18,2026-02-18,FO,NSE,STO,120853,,NESTLEIND,,2026-02-24,2026-02-24,1180.0,CE,NESTLEIND26FEB1180CE,0.0,0.0,0.0,120.55,0.0,120.55,1300.85,121.9,0,0,0,0.0,0,F1,500,,,,,
2026-02-18,2026-02-18,FO,NSE,STO,120968,,NESTLEIND,,2026-02-24,2026-02-24,1480.0,CE,NESTLEIND26FEB1480CE,0.1,0.15,0.1,0.1,0.1,0.3,1300.85,0.05,57000,-1000,6,4440325.0,5,F1,500,,,,,
2026-02-18,2026-02-18,FO,NSE,STO,142962,,NESTLEIND,,2026-02-24,2026-02-24,1450.0,CE,NESTLEIND26FEB1450CE,0.0,0.0,0.0,0.5,0.5,0.5,1300.85,0.05,77000,0,0,0.0,0,F1,500,,,,,
2026-02-18,2026-02-18,FO,NSE,STO,142948,,NESTLEIND,,2026-02-24,2026-02-24,1350.0,CE,NESTLEIND26FEB1350CE,1.6,2.15,1.35,2.0,2.0,2.0,1300.85,2.0,497000,-42000,343,231808300.0,209,F1,500,,,,,
2026-02-18,2026-02-18,FO,NSE,STO,144885,,NESTLEIND,,2026-04-28,2026-04-28,1160.0,CE,NESTLEIND26APR1160CE,0.0,0.0,0.0,169.15,0.0,169.15,1300.85,156.2,0,0,0,0.0,0,F1,500,,,,,
2026-02-18,2026-02-18,FO,NSE,STO,144889,,NESTLEIND,,2026-04-28,2026-04-28,1200.0,CE,NESTLEIND26APR1200CE,0.0,0.0,0.0,136.4,0.0,136.4,1300.85,121.05,0,0,0,0.0,0,F1,500,,,,,
2026-02-18,2026-02-18,FO,NSE,STO,144966,,NESTLEIND,,2026-04-28,2026-04-28,1400.0,PE,NESTLEIND26APR1400PE,0.0,0.0,0.0,105.0,0.0,105.0,1300.85,100.05,0,0,0,0.0,0,F1,500,,,,,
2026-02-18,2026-02-18,FO,NSE,STO,144899,,NESTLEIND,,2026-04-28,2026-04-28,1280.0,PE,NESTLEIND26APR1280PE,0.0,0.0,0.0,38.45,0.0,38.45,1300.85,28.85,0,0,0,0.0,0,F1,500,,,,,
2026-02-18,2026-02-18,FO,NSE,STO,143195,,NESTLEIND,,2026-03-30,2026-03-30,1520.0,PE,NESTLEIND26MAR1520PE,0.0,0.0,0.0,228.65,0.0,228.65,1300.85,210.35,0,0,0,0.0,0,F1,500,,,,,
2026-02-18,2026-02-18,FO,NSE,STO,143143,,NESTLEIND,,2026-03-30,2026-03-30,1140.0,PE,NESTLEIND26MAR1140PE,0.0,0.0,0.0,8.8,0.0,8.8,1300.85,0.5,0,0,0,0.0,0,F1,500,,,,,
2026-02-18,2026-02-18,FO,NSE,STO,144901,,NESTLEIND,,2026-04-28,2026-04-28,1300.0,PE,NESTLEIND26APR1300PE,0.0,0.0,0.0,46.95,0.0,46.95,1300.85,37.35,0,0,0,0.0,0,F1,500,,,,,
2026-02-18,2026-02-18,FO,NSE,STO,143157,,NESTLEIND,,2026-03-30,2026-03-30,1280.0,PE,NESTLEIND26MAR1280PE,31.8,32.0,28.5,28.5,28.5,27.0,1300.85,21.05,9500,500,4,2620400.0,3,F1,500,,,,,
2026-02-18,2026-02-18,FO,NSE,STF,66908,,NESTLEIND,,2026-04-28,2026-04-28,,,NESTLEIND26APRFUT,1299.0,1316.5,1299.0,1316.5,1316.5,1300.1,1300.85,1316.5,52500,-1000,19,12396800.0,19,F1,500,,,,,
2026-02-18,2026-02-18,FO,NSE,STO,120847,,NESTLEIND,,2026-02-24,2026-02-24,1120.0,CE,NESTLEIND26FEB1120CE,0.0,0.0,0.0,168.35,0.0,168.35,1300.85,181.85,0,0,0,0.0,0,F1,500,,,,,
2026-02-18,2026-02-18,FO,NSE,STO,142960,,NESTLEIND,,2026-02-24,2026-02-24,1430.0,CE,NESTLEIND26FEB1430CE,0.4,0.5,0.3,0.45,0.45,0.6,1300.85,0.45,47000,-4500,13,9297700.0,10,F1,500,,,,,
2026-02-18,2026-02-18,FO,NSE,STO,143152,,NESTLEIND,,2026-03-30,2026-03-30,1240.0,CE,NESTLEIND26MAR1240CE,0.0,0.0,0.0,85.95,0.0,85.95,1300.85,77.7,0,0,0,0.0,0,F1,500,,,,,
2026-02-18,2026-02-18,FO,NSE,STO,144782,,NESTLEIND,,2026-03-30,2026-03-30,1410.0,CE,NESTLEIND26MAR1410CE,0.0,0.0,0.0,5.65,5.65,5.65,1300.85,5.5,1000,0,0,0.0,0,F1,500,,,,,
2026-02-18,2026-02-18,FO,NSE,STO,144879,,NESTLEIND,,2026-04-28,2026-04-28,1100.0,CE,NESTLEIND26APR1100CE,0.0,0.0,0.0,222.95,0.0,222.95,1300.85,212.9,0,0,0,0.0,0,F1,500,,,,,
2026-02-18,2026-02-18,FO,NSE,STO,144900,,NESTLEIND,,2026-04-28,2026-04-28,1300.0,CE,NESTLEIND26APR1300CE,0.0,0.0,0.0,70.15,0.0,70.15,1300.85,51.65,0,0,0,0.0,0,F1,500,,,,,
2026-02-18,2026-02-18,FO,NSE,STO,120854,,NESTLEIND,,2026-02-24,2026-02-24,1180.0,PE,NESTLEIND26FEB1180PE,0.55,0.55,0.3,0.35,0.35,0.6,1300.85,0.05,51500,-13000,48,28329625.0,34,F1,500,,,,,
2026-02-18,2026-02-18,FO,NSE,STO,143148,,NESTLEIND,,2026-03-30,2026-03-30,1200.0,CE,NESTLEIND26MAR1200CE,0.0,0.0,0.0,96.0,96.0,96.0,1300.85,111.5,1500,0,0,0.0,0,F1,500,,,,,
2026-02-18,2026-02-18,FO,NSE,STF,59430,,NESTLEIND,,2026-02-24,2026-02-24,,,NESTLEIND26FEBFUT,1280.2,1301.8,1279.0,1300.8,1301.6,1284.4,1300.85,1300.8,13871500,-1361500,4451,2864322250.0,3786,F1,500,,,,,
2026-02-18,2026-02-18,FO,NSE,STO,142819,,NESTLEIND,,2026-02-24,2026-02-24,1150.0,CE,NESTLEIND26FEB1150CE,0.0,0.0,0.0,140.0,0.0,140.0,1300.85,151.9,0,0,0,0.0,0,F1,500,,,,,
2026-02-18,2026-02-18,FO,NSE,STO,120857,,NESTLEIND,,2026-02-24,2026-02-24,1220.0,CE,NESTLEIND26FEB1220CE,0.0,0.0,0.0,83.5,83.5,83.5,1300.85,82.0,1000,0,0,0.0,0,F1,500,,,,,
2026-02-18,2026-02-18,FO,NSE,STO,120949,,NESTLEIND,,2026-02-24,2026-02-24,1400.0,CE,NESTLEIND26FEB1400CE,0.55,0.8,0.55,0.8,0.8,0.85,1300.85,0.8,355000,-18000,197,137965200.0,141,F1,500,,,,,
2026-02-18,2026-02-18,FO,NSE,STO,144754,,NESTLEIND,,2026-03-30,2026-03-30,1130.0,CE,NESTLEIND26MAR1130CE,0.0,0.0,0.0,187.45,0.0,187.45,1300.85,177.95,0,0,0,0.0,0,F1,500,,,,,
2026-02-18,2026-02-18,FO,NSE,STO,143164,,NESTLEIND,,2026-03-30,2026-03-30,1360.0,CE,NESTLEIND26MAR1360CE,0.0,0.0,0.0,13.1,13.1,13.1,1300.85,14.8,6500,0,0,0.0,0,F1,500,,,,,
2026-02-18,2026-02-18,FO,NSE,STO,143176,,NESTLEIND,,2026-03-30,2026-03-30,1480.0,CE,NESTLEIND26MAR1480CE,0.0,0.0,0.0,8.6,0.0,8.6,1300.85,1.0,0,0,0,0.0,0,F1,500,,,,,
2026-02-18,2026-02-18,FO,NSE,STO,144877,,NESTLEIND,,2026-04-28,2026-04-28,1080.0,CE,NESTLEIND26APR1080CE,0.0,0.0,0.0,241.7,0.0,241.7,1300.85,232.4,0,0,0,0.0,0,F1,500,,,,,
2026-02-18,2026-02-18,FO,NSE,STO,144883,,NESTLEIND,,2026-04-28,2026-04-28,1140.0,CE,NESTLEIND26APR1140CE,0.0,0.0,0.0,186.6,0.0,186.6,1300.85,174.7,0,0,0,0.0,0,F1,500,,,,,
2026-02-18,2026-02-18,FO,NSE,STO,144895,,NESTLEIND,,2026-04-28,2026-04-28,1260.0,CE,NESTLEIND26APR1260CE,0.0,0.0,0.0,93.6,0.0,93.6,1300.85,75.6,0,0,0,0.0,0,F1,500,,,,,
2026-02-18,2026-02-18,FO,NSE,STO,142834,,NESTLEIND,,2026-02-24,2026-02-24,1250.0,PE,NESTLEIND26FEB1250PE,4.35,4.35,1.3,1.4,1.3,3.9,1300.85,1.4,123000,-10500,152,95195975.0,141,F1,500,,,,,
2026-02-18,2026-02-18,FO,NSE,STO,142955,,NESTLEIND,,2026-02-24,2026-02-24,1370.0,PE,NESTLEIND26FEB1370PE,89.3,89.4,82.3,82.3,82.3,70.9,1300.85,68.2,1500,500,3,2185500.0,3,F1,500,,,,,
2026-02-18,2026-02-18,FO,NSE,STO,120950,,NESTLEIND,,2026-02-24,2026-02-24,1400.0,PE,NESTLEIND26FEB1400PE,0.0,0.0,0.0,111.8,111.8,111.8,1300.85,97.9,16000,0,0,0.0,0,F1,500,,,,,
2026-02-18,2026-02-18,FO,NSE,STO,120955,,NESTLEIND,,2026-02-24,2026-02-24,1420.0,PE,NESTLEIND26FEB1420PE,0.0,0.0,0.0,151.6,0.0,151.6,1300.85,117.85,0,0,0,0.0,0,F1,500,,,,,
2026-02-18,2026-02-18,FO,NSE,STO,120971,,NESTLEIND,,2026-02-24,2026-02-24,1500.0,PE,NESTLEIND26FEB1500PE,0.0,0.0,0.0,180.0,180.0,180.0,1300.85,197.8,5500,0,0,0.0,0,F1,500,,,,,
2026-02-18,2026-02-18,FO,NSE,STO,144753,,NESTLEIND,,2026-03-30,2026-03-30,1110.0,PE,NESTLEIND26MAR1110PE,0.0,0.0,0.0,1.45,0.0,1.45,1300.85,0.15,0,0,0,0.0,0,F1,500,,,,,
2026-02-18,2026-02-18,FO,NSE,STO,144755,,NESTLEIND,,2026-03-30,2026-03-30,1130.0,PE,NESTLEIND26MAR1130PE,0.0,0.0,0.0,2.3,0.0,2.3,1300.85,0.35,0,0,0,0.0,0,F1,500,,,,,
2026-02-18,2026-02-18,FO,NSE,STO,143147,,NESTLEIND,,2026-03-30,2026-03-30,1180.0,PE,NESTLEIND26MAR1180PE,0.0,0.0,0.0,16.0,0.0,16.0,1300.85,1.9,0,0,0,0.0,0,F1,500,,,,,
2026-02-18,2026-02-18,FO,NSE,STO,144777,,NESTLEIND,,2026-03-30,2026-03-30,1350.0,PE,NESTLEIND26MAR1350PE,58.6,58.6,58.6,58.6,58.6,65.0,1300.85,58.65,6000,0,5,3521500.0,1,F1,500,,,,,
2026-02-18,2026-02-18,FO,NSE,STO,144897,,NESTLEIND,,2026-04-28,2026-04-28,1260.0,PE,NESTLEIND26APR1260PE,0.0,0.0,0.0,31.0,0.0,31.0,1300.85,21.7,0,0,0,0.0,0,F1,500,,,,,
2026-02-18,2026-02-18,FO,NSE,STO,143145,,NESTLEIND,,2026-03-30,2026-03-30,1160.0,PE,NESTLEIND26MAR1160PE,0.0,0.0,0.0,6.9,6.9,6.9,1300.85,1.0,8500,0,0,0.0,0,F1,500,,,,,
2026-02-18,2026-02-18,FO,NSE,STO,144958,,NESTLEIND,,2026-04-28,2026-04-28,1360.0,CE,NESTLEIND26APR1360CE,0.0,0.0,0.0,42.9,0.0,42.9,1300.85,26.15,0,0,0,0.0,0,F1,500,,,,,
2026-02-18,2026-02-18,FO,NSE,STO,120861,,NESTLEIND,,2026-02-24,2026-02-24,1240.0,PE,NESTLEIND26FEB1240PE,2.8,2.8,0.9,1.0,1.0,2.65,1300.85,1.0,142000,-17500,150,93140275.0,140,F1,500,,,,,
2026-02-18,2026-02-18,FO,NSE,STO,142941,,NESTLEIND,,2026-02-24,2026-02-24,1290.0,PE,NESTLEIND26FEB1290PE,19.75,20.1,7.55,7.9,7.55,17.55,1300.85,7.9,134000,10000,255,166153300.0,236,F1,500,,,,,
2026-02-18,2026-02-18,FO,NSE,STO,120961,,NESTLEIND,,2026-02-24,2026-02-24,1460.0,PE,NESTLEIND26FEB1460PE,0.0,0.0,0.0,185.25,0.0,185.25,1300.85,157.85,0,0,0,0.0,0,F1,500,,,,,
2026-02-18,2026-02-18,FO,NSE,STO,144751,,NESTLEIND,,2026-03-30,2026-03-30,1090.0,PE,NESTLEIND26MAR1090PE,0.0,0.0,0.0,0.85,0.0,0.85,1300.85,0.05,0,0,0,0.0,0,F1,500,,,,,
2026-02-18,2026-02-18,FO,NSE,STO,144764,,NESTLEIND,,2026-03-30,2026-03-30,1230.0,CE,NESTLEIND26MAR1230CE,0.0,0.0,0.0,101.8,0.0,101.8,1300.85,85.7,0,0,0,0.0,0,F1,500,,,,,
2026-02-18,2026-02-18,FO,NSE,STO,144784,,NESTLEIND,,2026-03-30,2026-03-30,1430.0,CE,NESTLEIND26MAR1430CE,0.0,0.0,0.0,7.8,7.8,7.8,1300.85,3.55,7000,0,0,0.0,0,F1,500,,,,,
2026-02-18,2026-02-18,FO,NSE,STO,144967,,NESTLEIND,,2026-04-28,2026-04-28,1420.0,CE,NESTLEIND26APR1420CE,0.0,0.0,0.0,24.5,0.0,24.5,1300.85,11.55,0,0,0,0.0,0,F1,500,,,,,
2026-02-18,2026-02-18,FO,NSE,STO,144973,,NESTLEIND,,2026-04-28,2026-04-28,1480.0,CE,NESTLEIND26APR1480CE,0.0,0.0,0.0,13.05,0.0,13.05,1300.85,4.45,0,0,0,0.0,0,F1,500,,,,,
2026-02-18,2026-02-18,FO,NSE,STO,120852,,NESTLEIND,,2026-02-24,2026-02-24,1160.0,PE,NESTLEIND26FEB1160PE,0.25,0.3,0.15,0.2,0.15,0.45,1300.85,0.2,86000,-4500,21,12182400.0,18,F1,500,,,,,
2026-02-18,2026-02-18,FO,NSE,STO,142959,,NESTLEIND,,2026-02-24,2026-02-24,1410.0,PE,NESTLEIND26FEB1410PE,0.0,0.0,0.0,132.0,0.0,132.0,1300.85,107.9,0,0,0,0.0,0,F1,500,,,,,
2026-02-18,2026-02-18,FO,NSE,STO,120957,,NESTLEIND,,2026-02-24,2026-02-24,1440.0,PE,NESTLEIND26FEB1440PE,0.0,0.0,0.0,125.65,125.65,125.65,1300.85,137.85,0,0,0,0.0,0,F1,500,,,,,
2026-02-18,2026-02-18,FO,NSE,STO,144757,,NESTLEIND,,2026-03-30,2026-03-30,1150.0,PE,NESTLEIND26MAR1150PE,3.2,3.2,1.9,2.0,1.9,5.75,1300.85,2.0,3000,1000,6,3457150.0,6,F1,500,,,,,
2026-02-18,2026-02-18,FO,NSE,STO,143149,,NESTLEIND,,2026-03-30,2026-03-30,1200.0,PE,NESTLEIND26MAR1200PE,6.65,7.15,4.5,4.8,4.5,6.65,1300.85,4.8,40000,3000,55,33164375.0,44,F1,500,,,,,
2026-02-18,2026-02-18,FO,NSE,STO,143165,,NESTLEIND,,2026-03-30,2026-03-30,1360.0,PE,NESTLEIND26MAR1360PE,0.0,0.0,0.0,97.15,0.0,97.15,1300.85,65.75,0,0,0,0.0,0,F1,500,,,,,
2026-02-18,2026-02-18,FO,NSE,STO,143167,,NESTLEIND,,2026-03-30,2026-03-30,1380.0,PE,NESTLEIND26MAR1380PE,0.0,0.0,0.0,111.25,0.0,111.25,1300.85,81.05,0,0,0,0.0,0,F1,500,,,,,
2026-02-18,2026-02-18,FO,NSE,STO,144886,,NESTLEIND,,2026-04-28,2026-04-28,1160.0,PE,NESTLEIND26APR1160PE,0.0,0.0,0.0,8.1,0.0,8.1,1300.85,3.35,0,0,0,0.0,0,F1,500,,,,,
2026-02-18,2026-02-18,FO,NSE,STO,144892,,NESTLEIND,,2026-04-28,2026-04-28,1220.0,PE,NESTLEIND26APR1220PE,0.0,0.0,0.0,19.2,0.0,19.2,1300.85,11.3,0,0,0,0.0,0,F1,500,,,,,
2026-02-18,2026-02-18,FO,NSE,STO,144964,,NESTLEIND,,2026-04-28,2026-04-28,1380.0,PE,NESTLEIND26APR1380PE,0.0,0.0,0.0,91.4,0.0,91.4,1300.85,85.1,0,0,0,0.0,0,F1,500,,,,,
2026-02-18,2026-02-18,FO,NSE,STO,120970,,NESTLEIND,,2026-02-24,2026-02-24,1500.0,CE,NESTLEIND26FEB1500CE,0.1,0.1,0.05,0.1,0.1,0.1,1300.85,0.05,230500,-7500,27,20251000.0,13,F1,500,,,,,
2026-02-18,2026-02-18,FO,NSE,STO,144974,,NESTLEIND,,2026-04-28,2026-04-28,1480.0,PE,NESTLEIND26APR1480PE,0.0,0.0,0.0,167.05,0.0,167.05,1300.85,168.3,0,0,0,0.0,0,F1,500,,,,,
2026-02-18,2026-02-18,FO,NSE,STO,120844,,NESTLEIND,,2026-02-24,2026-02-24,1100.0,CE,NESTLEIND26FEB1100CE,0.0,0.0,0.0,193.5,193.5,193.5,1300.85,201.85,1000,0,0,0.0,0,F1,500,,,,,
2026-02-18,2026-02-18,FO,NSE,STO,120849,,NESTLEIND,,2026-02-24,2026-02-24,1140.0,CE,NESTLEIND26FEB1140CE,0.0,0.0,0.0,151.6,0.0,151.6,1300.85,161.9,0,0,0,0.0,0,F1,500,,,,,
2026-02-18,2026-02-18,FO,NSE,STO,142829,,NESTLEIND,,2026-02-24,2026-02-24,1210.0,CE,NESTLEIND26FEB1210CE,0.0,0.0,0.0,83.05,83.05,83.05,1300.85,91.95,1500,0,0,0.0,0,F1,500,,,,,
2026-02-18,2026-02-18,FO,NSE,STO,142835,,NESTLEIND,,2026-02-24,2026-02-24,1270.0,CE,NESTLEIND26FEB1270CE,21.0,33.9,19.55,33.9,33.9,23.25,1300.85,33.9,52000,1000,56,36204675.0,56,F1,500,,,,,
2026-02-18,2026-02-18,FO,NSE,STO,120865,,NESTLEIND,,2026-02-24,2026-02-24,1280.0,CE,NESTLEIND26FEB1280CE,14.95,26.1,13.85,25.4,25.15,17.45,1300.85,25.4,122000,-14000,586,380470900.0,497,F1,500,,,,,
2026-02-18,2026-02-18,FO,NSE,STO,142954,,NESTLEIND,,2026-02-24,2026-02-24,1370.0,CE,NESTLEIND26FEB1370CE,1.05,1.3,0.9,1.25,1.3,1.45,1300.85,1.25,248500,-62500,295,202235500.0,151,F1,500,,,,,
2026-02-18,2026-02-18,FO,NSE,STO,144968,,NESTLEIND,,2026-04-28,2026-04-28,1420.0,PE,NESTLEIND26APR1420PE,0.0,0.0,0.0,119.45,0.0,119.45,1300.85,116.0,0,0,0,0.0,0,F1,500,,,,,
2026-02-18,2026-02-18,FO,NSE,STO,144962,,NESTLEIND,,2026-04-28,2026-04-28,1360.0,PE,NESTLEIND26APR1360PE,0.0,0.0,0.0,78.8,0.0,78.8,1300.85,71.2,0,0,0,0.0,0,F1,500,,,,,
2026-02-18,2026-02-18,FO,NSE,STO,144903,,NESTLEIND,,2026-04-28,2026-04-28,1320.0,PE,NESTLEIND26APR1320PE,0.0,0.0,0.0,56.5,0.0,56.5,1300.85,47.25,0,0,0,0.0,0,F1,500,,,,,
2026-02-18,2026-02-18,FO,NSE,STO,120915,,NESTLEIND,,2026-02-24,2026-02-24,1340.0,CE,NESTLEIND26FEB1340CE,2.2,2.8,1.55,2.65,2.65,2.5,1300.85,2.65,442500,-5000,347,232861625.0,264,F1,500,,,,,
2026-02-18,2026-02-18,FO,NSE,STO,120921,,NESTLEIND,,2026-02-24,2026-02-24,1380.0,CE,NESTLEIND26FEB1380CE,1.2,1.2,0.75,1.05,1.05,1.2,1300.85,1.05,95000,-23500,204,140854025.0,172,F1,500,,,,,
2026-02-18,2026-02-18,FO,NSE,STO,143160,,NESTLEIND,,2026-03-30,2026-03-30,1320.0,CE,NESTLEIND26MAR1320CE,23.95,28.0,23.95,27.5,27.5,21.55,1300.85,27.5,12000,-1500,18,12121800.0,16,F1,500,,,,,
2026-02-18,2026-02-18,FO,NSE,STO,143162,,NESTLEIND,,2026-03-30,2026-03-30,1340.0,CE,NESTLEIND26MAR1340CE,15.65,19.75,15.65,19.75,19.75,18.95,1300.85,19.75,5500,1000,5,3393700.0,4,F1,500,,,,,
2026-02-18,2026-02-18,FO,NSE,STO,144765,,NESTLEIND,,2026-03-30,2026-03-30,1230.0,PE,NESTLEIND26MAR1230PE,0.0,0.0,0.0,14.0,14.0,14.0,1300.85,7.5,2500,0,0,0.0,0,F1,500,,,,,
2026-02-18,2026-02-18,FO,NSE,STO,143159,,NESTLEIND,,2026-03-30,2026-03-30,1300.0,PE,NESTLEIND26MAR1300PE,33.7,40.1,27.6,28.1,27.95,37.4,1300.85,28.1,60500,12500,57,38038800.0,57,F1,500,,,,,
2026-02-18,2026-02-18,FO,NSE,STO,144773,,NESTLEIND,,2026-03-30,2026-03-30,1310.0,PE,NESTLEIND26MAR1310PE,0.0,0.0,0.0,44.6,0.0,44.6,1300.85,34.45,0,0,0,0.0,0,F1,500,,,,,
2026-02-18,2026-02-18,FO,NSE,STO,144783,,NESTLEIND,,2026-03-30,2026-03-30,1410.0,PE,NESTLEIND26MAR1410PE,0.0,0.0,0.0,108.75,0.0,108.75,1300.85,106.2,0,0,0,0.0,0,F1,500,,,,,
2026-02-18,2026-02-18,FO,NSE,STO,143171,,NESTLEIND,,2026-03-30,2026-03-30,1420.0,PE,NESTLEIND26MAR1420PE,0.0,0.0,0.0,141.9,0.0,141.9,1300.85,115.05,0,0,0,0.0,0,F1,500,,,,,
2026-02-18,2026-02-18,FO,NSE,STO,144787,,NESTLEIND,,2026-03-30,2026-03-30,1450.0,PE,NESTLEIND26MAR1450PE,0.0,0.0,0.0,125.3,125.3,125.3,1300.85,142.65,2000,0,0,0.0,0,F1,500,,,,,
2026-02-18,2026-02-18,FO,NSE,STO,144878,,NESTLEIND,,2026-04-28,2026-04-28,1080.0,PE,NESTLEIND26APR1080PE,0.0,0.0,0.0,1.85,0.0,1.85,1300.85,0.35,0,0,0,0.0,0,F1,500,,,,,
2026-02-18,2026-02-18,FO,NSE,STF,51986,,NESTLEIND,,2026-03-30,2026-03-30,,,NESTLEIND26MARFUT,1289.5,1310.4,1287.8,1309.1,1307.8,1292.8,1300.85,1309.1,2494000,1393000,3164,2047589600.0,2484,F1,500,,,,,
2026-02-18,2026-02-18,FO,NSE,STO,144972,,NESTLEIND,,2026-04-28,2026-04-28,1460.0,PE,NESTLEIND26APR1460PE,0.0,0.0,0.0,150.55,0.0,150.55,1300.85,150.25,0,0,0,0.0,0,F1,500,,,,,
2026-02-18,2026-02-18,FO,NSE,STO,142825,,NESTLEIND,,2026-02-24,2026-02-24,1170.0,CE,NESTLEIND26FEB1170CE,0.0,0.0,0.0,126.5,126.5,126.5,1300.85,131.9,5000,0,0,0.0,0,F1,500,,,,,
2026-02-18,2026-02-18,FO,NSE,STO,120851,,NESTLEIND,,2026-02-24,2026-02-24,1160.0,CE,NESTLEIND26FEB1160CE,0.0,0.0,0.0,143.35,143.35,143.35,1300.85,141.9,1500,0,0,0.0,0,F1,500,,,,,
2026-02-18,2026-02-18,FO,NSE,STO,144769,,NESTLEIND,,2026-03-30,2026-03-30,1270.0,PE,NESTLEIND26MAR1270PE,0.0,0.0,0.0,23.75,23.75,23.75,1300.85,17.5,4000,0,0,0.0,0,F1,500,,,,,
2026-02-18,2026-02-18,FO,NSE,STO,144779,,NESTLEIND,,2026-03-30,2026-03-30,1370.0,PE,NESTLEIND26MAR1370PE,0.0,0.0,0.0,79.7,0.0,79.7,1300.85,73.25,0,0,0,0.0,0,F1,500,,,,,
2026-02-18,2026-02-18,FO,NSE,STO,144894,,NESTLEIND,,2026-04-28,2026-04-28,1240.0,PE,NESTLEIND26APR1240PE,0.0,0.0,0.0,24.6,0.0,24.6,1300.85,15.9,0,0,0,0.0,0,F1,500,,,,,
2026-02-18,2026-02-18,FO,NSE,STO,142953,,NESTLEIND,,2026-02-24,2026-02-24,1350.0,PE,NESTLEIND26FEB1350PE,70.0,70.75,50.8,50.8,50.8,50.65,1300.85,50.8,43500,9500,55,38804950.0,53,F1,500,,,,,
2026-02-18,2026-02-18,FO,NSE,STO,143121,,NESTLEIND,,2026-03-30,2026-03-30,1100.0,PE,NESTLEIND26MAR1100PE,0.0,0.0,0.0,4.45,0.0,4.45,1300.85,0.1,0,0,0,0.0,0,F1,500,,,,,
2026-02-18,2026-02-18,FO,NSE,STO,144778,,NESTLEIND,,2026-03-30,2026-03-30,1370.0,CE,NESTLEIND26MAR1370CE,0.0,0.0,0.0,18.2,18.1,18.2,1300.85,12.3,16500,0,0,0.0,0,F1,500,,,,,
2026-02-18,2026-02-18,FO,NSE,STO,143158,,NESTLEIND,,2026-03-30,2026-03-30,1300.0,CE,NESTLEIND26MAR1300CE,31.95,37.9,29.0,37.3,36.2,31.95,1300.85,37.3,63000,7000,136,90653625.0,121,F1,500,,,,,
2026-02-18,2026-02-18,FO,NSE,STO,120960,,NESTLEIND,,2026-02-24,2026-02-24,1460.0,CE,NESTLEIND26FEB1460CE,0.0,0.0,0.0,0.3,0.3,0.3,1300.85,0.05,44000,0,0,0.0,0,F1,500,,,,,
2026-02-18,2026-02-18,FO,NSE,STO,142832,,NESTLEIND,,2026-02-24,2026-02-24,1230.0,PE,NESTLEIND26FEB1230PE,1.45,1.6,0.75,0.8,0.75,1.9,1300.85,0.8,105500,-19500,72,44313050.0,67,F1,500,,,,,
2026-02-18,2026-02-18,FO,NSE,STO,142816,,NESTLEIND,,2026-02-24,2026-02-24,1110.0,PE,NESTLEIND26FEB1110PE,0.0,0.0,0.0,2.15,0.0,2.15,1300.85,0.05,0,0,0,0.0,0,F1,500,,,,,
2026-02-18,2026-02-18,FO,NSE,STO,120845,,NESTLEIND,,2026-02-24,2026-02-24,1100.0,PE,NESTLEIND26FEB1100PE,0.05,0.05,0.05,0.05,0.05,0.1,1300.85,0.05,167000,0,4,2200100.0,2,F1,500,,,,,
2026-02-18,2026-02-18,FO,NSE,STO,144965,,NESTLEIND,,2026-04-28,2026-04-28,1400.0,CE,NESTLEIND26APR1400CE,0.0,0.0,0.0,29.7,0.0,29.7,1300.85,15.4,0,0,0,0.0,0,F1,500,,,,,
2026-02-18,2026-02-18,FO,NSE,STO,120879,,NESTLEIND,,2026-02-24,2026-02-24,1300.0,CE,NESTLEIND26FEB1300CE,10.15,13.25,6.6,12.6,12.2,9.1,1300.85,12.6,354500,-152000,2338,1530765625.0,1606,F1,500,,,,,
2026-02-18,2026-02-18,FO,NSE,STO,120862,,NESTLEIND,,2026-02-24,2026-02-24,1260.0,CE,NESTLEIND26FEB1260CE,31.0,43.0,26.65,43.0,43.0,30.9,1300.85,43.0,28500,-500,30,19360075.0,30,F1,500,,,,,
2026-02-18,2026-02-18,FO,NSE,STO,120855,,NESTLEIND,,2026-02-24,2026-02-24,1200.0,CE,NESTLEIND26FEB1200CE,86.6,101.45,83.2,101.45,101.45,86.6,1300.85,101.45,72000,-5500,20,12900825.0,17,F1,500,,,,,
2026-02-18,2026-02-18,FO,NSE,STO,120969,,NESTLEIND,,2026-02-24,2026-02-24,1480.0,PE,NESTLEIND26FEB1480PE,0.0,0.0,0.0,202.8,0.0,202.8,1300.85,177.8,0,0,0,0.0,0,F1,500,,,,,
2026-02-18,2026-02-18,FO,NSE,STO,142947,,NESTLEIND,,2026-02-24,2026-02-24,1330.0,PE,NESTLEIND26FEB1330PE,47.95,49.65,32.55,32.75,32.65,47.95,1300.85,32.75,53500,7500,30,20531800.0,29,F1,500,,,,,
2026-02-18,2026-02-18,FO,NSE,STO,120880,,NESTLEIND,,2026-02-24,2026-02-24,1300.0,PE,NESTLEIND26FEB1300PE,26.0,26.35,11.55,12.05,11.55,24.35,1300.85,12.05,146000,-3500,229,150701625.0,182,F1,500,,,,,
2026-02-18,2026-02-18,FO,NSE,STO,144761,,NESTLEIND,,2026-03-30,2026-03-30,1190.0,PE,NESTLEIND26MAR1190PE,0.0,0.0,0.0,7.0,7.0,7.0,1300.85,2.6,6000,0,0,0.0,0,F1,500,,,,,
2026-02-18,2026-02-18,FO,NSE,STO,120859,,NESTLEIND,,2026-02-24,2026-02-24,1240.0,CE,NESTLEIND26FEB1240CE,44.55,57.8,43.0,56.5,56.5,50.45,1300.85,62.3,14500,500,21,13532375.0,21,F1,500,,,,,
2026-02-18,2026-02-18,FO,NSE,STO,120972,,NESTLEIND,,2026-02-24,2026-02-24,1520.0,CE,NESTLEIND26FEB1520CE,0.0,0.0,0.0,5.1,0.0,5.1,1300.85,0.05,0,0,0,0.0,0,F1,500,,,,,
2026-02-18,2026-02-18,FO,NSE,STO,144748,,NESTLEIND,,2026-03-30,2026-03-30,1070.0,CE,NESTLEIND26MAR1070CE,0.0,0.0,0.0,220.0,220.0,220.0,1300.85,237.3,500,0,0,0.0,0,F1,500,,,,,
2026-02-18,2026-02-18,FO,NSE,STO,143146,,NESTLEIND,,2026-03-30,2026-03-30,1180.0,CE,NESTLEIND26MAR1180CE,0.0,0.0,0.0,148.45,148.45,148.45,1300.85,129.85,3000,0,0,0.0,0,F1,500,,,,,
2026-02-18,2026-02-18,FO,NSE,STO,144766,,NESTLEIND,,2026-03-30,2026-03-30,1250.0,CE,NESTLEIND26MAR1250CE,66.75,66.75,62.8,65.0,65.0,60.0,1300.85,70.1,2500,1500,3,1972275.0,3,F1,500,,,,,
2026-02-18,2026-02-18,FO,NSE,STO,144776,,NESTLEIND,,2026-03-30,2026-03-30,1350.0,CE,NESTLEIND26MAR1350CE,13.6,16.95,13.15,16.7,16.95,14.25,1300.85,16.7,17500,5500,29,19783250.0,27,F1,500,,,,,
2026-02-18,2026-02-18,FO,NSE,STO,144881,,NESTLEIND,,2026-04-28,2026-04-28,1120.0,CE,NESTLEIND26APR1120CE,0.0,0.0,0.0,204.55,0.0,204.55,1300.85,193.65,0,0,0,0.0,0,F1,500,,,,,
2026-02-18,2026-02-18,FO,NSE,STO,144888,,NESTLEIND,,2026-04-28,2026-04-28,1180.0,PE,NESTLEIND26APR1180PE,0.0,0.0,0.0,11.05,0.0,11.05,1300.85,5.2,0,0,0,0.0,0,F1,500,,,,,
2026-02-18,2026-02-18,FO,NSE,STO,144880,,NESTLEIND,,2026-04-28,2026-04-28,1100.0,PE,NESTLEIND26APR1100PE,0.0,0.0,0.0,2.8,0.0,2.8,1300.85,0.7,0,0,0,0.0,0,F1,500,,,,,
2026-02-18,2026-02-18,FO,NSE,STO,143177,,NESTLEIND,,2026-03-30,2026-03-30,1480.0,PE,NESTLEIND26MAR1480PE,0.0,0.0,0.0,192.55,0.0,192.55,1300.85,171.3,0,0,0,0.0,0,F1,500,,,,,
2026-02-18,2026-02-18,FO,NSE,STO,143175,,NESTLEIND,,2026-03-30,2026-03-30,1460.0,PE,NESTLEIND26MAR1460PE,0.0,0.0,0.0,175.15,0.0,175.15,1300.85,152.1,0,0,0,0.0,0,F1,500,,,,,
2026-02-18,2026-02-18,FO,NSE,STO,144763,,NESTLEIND,,2026-03-30,2026-03-30,1210.0,PE,NESTLEIND26MAR1210PE,0.0,0.0,0.0,14.6,14.6,14.6,1300.85,4.55,1500,0,0,0.0,0,F1,500,,,,,
2026-02-18,2026-02-18,FO,NSE,STO,143059,,NESTLEIND,,2026-03-30,2026-03-30,1080.0,PE,NESTLEIND26MAR1080PE,0.0,0.0,0.0,3.05,0.0,3.05,1300.85,0.05,0,0,0,0.0,0,F1,500,,,,,
2026-02-18,2026-02-18,FO,NSE,STO,120856,,NESTLEIND,,2026-02-24,2026-02-24,1200.0,PE,NESTLEIND26FEB1200PE,0.55,0.8,0.4,0.45,0.45,0.85,1300.85,0.45,177500,-17500,88,52826950.0,69,F1,500,,,,,
2026-02-18,2026-02-18,FO,NSE,STO,144759,,NESTLEIND,,2026-03-30,2026-03-30,1170.0,PE,NESTLEIND26MAR1170PE,0.0,0.0,0.0,5.45,0.0,5.45,1300.85,1.4,0,0,0,0.0,0,F1,500,,,,,
2026-02-18,2026-02-18,FO,NSE,STO,143151,,NESTLEIND,,2026-03-30,2026-03-30,1220.0,PE,NESTLEIND26MAR1220PE,0.0,0.0,0.0,8.0,8.0,8.0,1300.85,5.85,2500,0,0,0.0,0,F1,500,,,,,
2026-02-18,2026-02-18,FO,NSE,STO,144775,,NESTLEIND,,2026-03-30,2026-03-30,1330.0,PE,NESTLEIND26MAR1330PE,0.0,0.0,0.0,55.05,0.0,55.05,1300.85,45.7,0,0,0,0.0,0,F1,500,,,,,
2026-02-18,2026-02-18,FO,NSE,STO,144904,,NESTLEIND,,2026-04-28,2026-04-28,1340.0,CE,NESTLEIND26APR1340CE,0.0,0.0,0.0,50.95,0.0,50.95,1300.85,33.3,0,0,0,0.0,0,F1,500,,,,,
2026-02-18,2026-02-18,FO,NSE,STO,143144,,NESTLEIND,,2026-03-30,2026-03-30,1160.0,CE,NESTLEIND26MAR1160CE,0.0,0.0,0.0,143.3,0.0,143.3,1300.85,148.8,0,0,0,0.0,0,F1,500,,,,,
2026-02-18,2026-02-18,FO,NSE,STO,120892,,NESTLEIND,,2026-02-24,2026-02-24,1320.0,CE,NESTLEIND26FEB1320CE,3.95,6.05,3.1,5.65,5.5,4.55,1300.85,5.65,335500,-42000,562,372133700.0,445,F1,500,,,,,
2026-02-18,2026-02-18,FO,NSE,STO,144977,,NESTLEIND,,2026-04-28,2026-04-28,1520.0,CE,NESTLEIND26APR1520CE,0.0,0.0,0.0,8.25,0.0,8.25,1300.85,2.2,0,0,0,0.0,0,F1,500,,,,,
2026-02-18,2026-02-18,FO,NSE,STO,143173,,NESTLEIND,,2026-03-30,2026-03-30,1440.0,PE,NESTLEIND26MAR1440PE,0.0,0.0,0.0,158.25,0.0,158.25,1300.85,133.3,0,0,0,0.0,0,F1,500,,,,,
2026-02-18,2026-02-18,FO,NSE,STO,144890,,NESTLEIND,,2026-04-28,2026-04-28,1200.0,PE,NESTLEIND26APR1200PE,0.0,0.0,0.0,14.7,0.0,14.7,1300.85,7.8,0,0,0,0.0,0,F1,500,,,,,
2026-02-18,2026-02-18,FO,NSE,STO,142810,,NESTLEIND,,2026-02-24,2026-02-24,1070.0,PE,NESTLEIND26FEB1070PE,0.0,0.0,0.0,0.75,0.0,0.75,1300.85,0.05,0,0,0,0.0,0,F1,500,,,,,
2026-02-18,2026-02-18,FO,NSE,STO,144774,,NESTLEIND,,2026-03-30,2026-03-30,1330.0,CE,NESTLEIND26MAR1330CE,0.0,0.0,0.0,28.55,28.55,28.55,1300.85,24.5,5000,0,0,0.0,0,F1,500,,,,,
2026-02-18,2026-02-18,FO,NSE,STO,143178,,NESTLEIND,,2026-03-30,2026-03-30,1500.0,CE,NESTLEIND26MAR1500CE,0.0,0.0,0.0,6.75,0.0,6.75,1300.85,0.6,0,0,0,0.0,0,F1,500,,,,,
2026-02-18,2026-02-18,FO,NSE,STO,120843,,NESTLEIND,,2026-02-24,2026-02-24,1080.0,PE,NESTLEIND26FEB1080PE,0.0,0.0,0.0,4.15,0.0,4.15,1300.85,0.05,0,0,0,0.0,0,F1,500,,,,,
2026-02-18,2026-02-18,FO,NSE,STO,142836,,NESTLEIND,,2026-02-24,2026-02-24,1270.0,PE,NESTLEIND26FEB1270PE,10.0,10.0,2.95,3.1,2.95,8.9,1300.85,3.1,114500,4000,280,178649850.0,214,F1,500,,,,,
2026-02-18,2026-02-18,FO,NSE,STO,120913,,NESTLEIND,,2026-02-24,2026-02-24,1320.0,PE,NESTLEIND26FEB1320PE,31.8,31.8,24.4,24.85,24.6,38.4,1300.85,24.85,77000,3500,28,18862675.0,28,F1,500,,,,,
2026-02-18,2026-02-18,FO,NSE,STO,120920,,NESTLEIND,,2026-02-24,2026-02-24,1360.0,PE,NESTLEIND26FEB1360PE,0.0,0.0,0.0,59.9,59.9,59.9,1300.85,58.5,17000,0,0,0.0,0,F1,500,,,,,
2026-02-18,2026-02-18,FO,NSE,STO,142961,,NESTLEIND,,2026-02-24,2026-02-24,1430.0,PE,NESTLEIND26FEB1430PE,0.0,0.0,0.0,149.4,0.0,149.4,1300.85,127.85,0,0,0,0.0,0,F1,500,,,,,
2026-02-18,2026-02-18,FO,NSE,STO,144749,,NESTLEIND,,2026-03-30,2026-03-30,1070.0,PE,NESTLEIND26MAR1070PE,0.0,0.0,0.0,1.2,1.2,1.2,1300.85,0.05,500,0,0,0.0,0,F1,500,,,,,
2026-02-18,2026-02-18,FO,NSE,STO,143153,,NESTLEIND,,2026-03-30,2026-03-30,1240.0,PE,NESTLEIND26MAR1240PE,14.9,14.9,9.8,9.8,9.8,15.1,1300.85,9.8,17500,-2500,26,16288700.0,26,F1,500,,,,,
2026-02-18,2026-02-18,FO,NSE,STO,144781,,NESTLEIND,,2026-03-30,2026-03-30,1390.0,PE,NESTLEIND26MAR1390PE,0.0,0.0,0.0,93.7,0.0,93.7,1300.85,89.15,0,0,0,0.0,0,F1,500,,,,,
2026-02-18,2026-02-18,FO,NSE,STO,143169,,NESTLEIND,,2026-03-30,2026-03-30,1400.0,PE,NESTLEIND26MAR1400PE,0.0,0.0,0.0,126.25,0.0,126.25,1300.85,97.55,0,0,0,0.0,0,F1,500,,,,,
2026-02-18,2026-02-18,FO,NSE,STO,143189,,NESTLEIND,,2026-03-30,2026-03-30,1500.0,PE,NESTLEIND26MAR1500PE,0.0,0.0,0.0,210.4,0.0,210.4,1300.85,190.75,0,0,0,0.0,0,F1,500,,,,,
2026-02-18,2026-02-18,FO,NSE,STO,144884,,NESTLEIND,,2026-04-28,2026-04-28,1140.0,PE,NESTLEIND26APR1140PE,0.0,0.0,0.0,5.8,0.0,5.8,1300.85,2.05,0,0,0,0.0,0,F1,500,,,,,
2026-02-18,2026-02-18,FO,NSE,STO,142809,,NESTLEIND,,2026-02-24,2026-02-24,1070.0,CE,NESTLEIND26FEB1070CE,0.0,0.0,0.0,214.7,0.0,214.7,1300.85,231.8,0,0,0,0.0,0,F1,500,,,,,
2026-02-18,2026-02-18,FO,NSE,STO,142817,,NESTLEIND,,2026-02-24,2026-02-24,1130.0,CE,NESTLEIND26FEB1130CE,0.0,0.0,0.0,157.95,0.0,157.95,1300.85,171.85,0,0,0,0.0,0,F1,500,,,,,
2026-02-18,2026-02-18,FO,NSE,STO,142958,,NESTLEIND,,2026-02-24,2026-02-24,1410.0,CE,NESTLEIND26FEB1410CE,0.5,0.65,0.45,0.65,0.65,0.7,1300.85,0.65,50500,-3500,18,12694900.0,18,F1,500,,,,,
2026-02-18,2026-02-18,FO,NSE,STO,144752,,NESTLEIND,,2026-03-30,2026-03-30,1110.0,CE,NESTLEIND26MAR1110CE,0.0,0.0,0.0,206.35,0.0,206.35,1300.85,197.65,0,0,0,0.0,0,F1,500,,,,,
2026-02-18,2026-02-18,FO,NSE,STO,144760,,NESTLEIND,,2026-03-30,2026-03-30,1190.0,CE,NESTLEIND26MAR1190CE,0.0,0.0,0.0,133.75,0.0,133.75,1300.85,120.6,0,0,0,0.0,0,F1,500,,,,,
2026-02-18,2026-02-18,FO,NSE,STO,143154,,NESTLEIND,,2026-03-30,2026-03-30,1260.0,CE,NESTLEIND26MAR1260CE,0.0,0.0,0.0,56.5,56.5,56.5,1300.85,62.85,500,0,0,0.0,0,F1,500,,,,,
2026-02-18,2026-02-18,FO,NSE,STO,144768,,NESTLEIND,,2026-03-30,2026-03-30,1270.0,CE,NESTLEIND26MAR1270CE,0.0,0.0,0.0,74.2,0.0,74.2,1300.85,56.0,0,0,0,0.0,0,F1,500,,,,,
2026-02-18,2026-02-18,FO,NSE,STO,143156,,NESTLEIND,,2026-03-30,2026-03-30,1280.0,CE,NESTLEIND26MAR1280CE,42.0,46.5,39.8,46.5,46.5,42.0,1300.85,49.6,8000,1000,25,16525050.0,19,F1,500,,,,,
2026-02-18,2026-02-18,FO,NSE,STO,144780,,NESTLEIND,,2026-03-30,2026-03-30,1390.0,CE,NESTLEIND26MAR1390CE,0.0,0.0,0.0,12.75,12.75,12.75,1300.85,8.35,4000,0,0,0.0,0,F1,500,,,,,
2026-02-18,2026-02-18,FO,NSE,STO,143170,,NESTLEIND,,2026-03-30,2026-03-30,1420.0,CE,NESTLEIND26MAR1420CE,0.0,0.0,0.0,6.2,6.2,6.2,1300.85,4.45,2000,0,0,0.0,0,F1,500,,,,,
2026-02-18,2026-02-18,FO,NSE,STO,144887,,NESTLEIND,,2026-04-28,2026-04-28,1180.0,CE,NESTLEIND26APR1180CE,0.0,0.0,0.0,152.4,0.0,152.4,1300.85,138.25,0,0,0,0.0,0,F1,500,,,,,
2026-02-18,2026-02-18,FO,NSE,STO,144963,,NESTLEIND,,2026-04-28,2026-04-28,1380.0,CE,NESTLEIND26APR1380CE,0.0,0.0,0.0,35.85,0.0,35.85,1300.85,20.2,0,0,0,0.0,0,F1,500,,,,,
2026-02-18,2026-02-18,FO,NSE,STO,120878,,NESTLEIND,,2026-02-24,2026-02-24,1280.0,PE,NESTLEIND26FEB1280PE,14.5,14.75,4.75,5.05,4.75,12.6,1300.85,5.05,150500,-16000,637,410795875.0,483,F1,500,,,,,
2026-02-18,2026-02-18,FO,NSE,STO,142813,,NESTLEIND,,2026-02-24,2026-02-24,1090.0,CE,NESTLEIND26FEB1090CE,0.0,0.0,0.0,195.45,0.0,195.45,1300.85,211.85,0,0,0,0.0,0,F1,500,,,,,
2026-02-18,2026-02-18,FO,NSE,STO,142815,,NESTLEIND,,2026-02-24,2026-02-24,1110.0,CE,NESTLEIND26FEB1110CE,0.0,0.0,0.0,176.5,0.0,176.5,1300.85,191.85,0,0,0,0.0,0,F1,500,,,,,
2026-02-18,2026-02-18,FO,NSE,STO,120954,,NESTLEIND,,2026-02-24,2026-02-24,1420.0,CE,NESTLEIND26FEB1420CE,0.4,0.55,0.4,0.55,0.55,0.6,1300.85,0.55,73000,-3000,21,14914575.0,20,F1,500,,,,,
2026-02-18,2026-02-18,FO,NSE,STO,144750,,NESTLEIND,,2026-03-30,2026-03-30,1090.0,CE,NESTLEIND26MAR1090CE,0.0,0.0,0.0,225.55,0.0,225.55,1300.85,217.45,0,0,0,0.0,0,F1,500,,,,,
2026-02-18,2026-02-18,FO,NSE,STO,144756,,NESTLEIND,,2026-03-30,2026-03-30,1150.0,CE,NESTLEIND26MAR1150CE,0.0,0.0,0.0,168.95,0.0,168.95,1300.85,158.45,0,0,0,0.0,0,F1,500,,,,,
2026-02-18,2026-02-18,FO,NSE,STO,144762,,NESTLEIND,,2026-03-30,2026-03-30,1210.0,CE,NESTLEIND26MAR1210CE,0.0,0.0,0.0,117.3,0.0,117.3,1300.85,102.65,0,0,0,0.0,0,F1,500,,,,,
2026-02-18,2026-02-18,FO,NSE,STO,142942,,NESTLEIND,,2026-02-24,2026-02-24,1310.0,CE,NESTLEIND26FEB1310CE,5.45,9.2,4.6,8.6,8.3,6.25,1300.85,8.6,295000,-10500,542,356824425.0,491,F1,500,,,,,
2026-02-18,2026-02-18,FO,NSE,STO,120917,,NESTLEIND,,2026-02-24,2026-02-24,1360.0,CE,NESTLEIND26FEB1360CE,1.05,1.6,1.05,1.6,1.6,1.7,1300.85,1.6,464000,-125500,630,428840075.0,342,F1,500,,,,,
2026-02-18,2026-02-18,FO,NSE,STO,144978,,NESTLEIND,,2026-04-28,2026-04-28,1520.0,PE,NESTLEIND26APR1520PE,0.0,0.0,0.0,201.65,0.0,201.65,1300.85,205.6,0,0,0,0.0,0,F1,500,,,,,
2026-02-18,2026-02-18,FO,NSE,STO,144957,,NESTLEIND,,2026-04-28,2026-04-28,1340.0,PE,NESTLEIND26APR1340PE,0.0,0.0,0.0,67.15,0.0,67.15,1300.85,58.55,0,0,0,0.0,0,F1,500,,,,,
2026-02-18,2026-02-18,FO,NSE,STO,120922,,NESTLEIND,,2026-02-24,2026-02-24,1380.0,PE,NESTLEIND26FEB1380PE,0.0,0.0,0.0,87.2,87.2,87.2,1300.85,78.0,6000,0,0,0.0,0,F1,500,,,,,
2026-02-18,2026-02-18,FO,NSE,STO,143150,,NESTLEIND,,2026-03-30,2026-03-30,1220.0,CE,NESTLEIND26MAR1220CE,0.0,0.0,0.0,98.8,0.0,98.8,1300.85,94.05,0,0,0,0.0,0,F1,500,,,,,
2026-02-18,2026-02-18,FO,NSE,STO,144786,,NESTLEIND,,2026-03-30,2026-03-30,1450.0,CE,NESTLEIND26MAR1450CE,2.9,2.9,2.45,2.45,2.45,2.7,1300.85,2.2,14000,6000,14,10168025.0,14,F1,500,,,,,
2026-02-18,2026-02-18,FO,NSE,STO,144891,,NESTLEIND,,2026-04-28,2026-04-28,1220.0,CE,NESTLEIND26APR1220CE,0.0,0.0,0.0,121.2,0.0,121.2,1300.85,104.8,0,0,0,0.0,0,F1,500,,,,,
2026-02-18,2026-02-18,FO,NSE,STO,144898,,NESTLEIND,,2026-04-28,2026-04-28,1280.0,CE,NESTLEIND26APR1280CE,0.0,0.0,0.0,81.35,0.0,81.35,1300.85,62.9,0,0,0,0.0,0,F1,500,,,,,
2026-02-18,2026-02-18,FO,NSE,STO,144969,,NESTLEIND,,2026-04-28,2026-04-28,1440.0,CE,NESTLEIND26APR1440CE,0.0,0.0,0.0,20.0,0.0,20.0,1300.85,8.5,0,0,0,0.0,0,F1,500,,,,,
2026-02-18,2026-02-18,FO,NSE,STO,144971,,NESTLEIND,,2026-04-28,2026-04-28,1460.0,CE,NESTLEIND26APR1460CE,0.0,0.0,0.0,16.2,0.0,16.2,1300.85,6.2,0,0,0,0.0,0,F1,500,,,,,
2026-02-18,2026-02-18,FO,NSE,STO,120848,,NESTLEIND,,2026-02-24,2026-02-24,1120.0,PE,NESTLEIND26FEB1120PE,0.0,0.0,0.0,0.6,0.6,0.6,1300.85,0.05,5500,0,0,0.0,0,F1,500,,,,,
2026-02-18,2026-02-18,FO,NSE,STO,142818,,NESTLEIND,,2026-02-24,2026-02-24,1130.0,PE,NESTLEIND26FEB1130PE,0.0,0.0,0.0,3.4,0.0,3.4,1300.85,0.05,0,0,0,0.0,0,F1,500,,,,,
2026-02-18,2026-02-18,FO,NSE,STO,120850,,NESTLEIND,,2026-02-24,2026-02-24,1140.0,PE,NESTLEIND26FEB1140PE,0.2,0.2,0.1,0.2,0.2,0.3,1300.85,0.05,146500,-6500,23,13111875.0,14,F1,500,,,,,
2026-02-18,2026-02-18,FO,NSE,STO,142820,,NESTLEIND,,2026-02-24,2026-02-24,1150.0,PE,NESTLEIND26FEB1150PE,0.4,0.4,0.4,0.4,0.4,0.4,1300.85,0.05,1000,-500,1,575200.0,1,F1,500,,,,,
2026-02-18,2026-02-18,FO,NSE,STO,142826,,NESTLEIND,,2026-02-24,2026-02-24,1170.0,PE,NESTLEIND26FEB1170PE,0.0,0.0,0.0,0.4,0.35,0.4,1300.85,0.05,2000,0,0,0.0,0,F1,500,,,,,
2026-02-18,2026-02-18,FO,NSE,STO,142963,,NESTLEIND,,2026-02-24,2026-02-24,1450.0,PE,NESTLEIND26FEB1450PE,0.0,0.0,0.0,167.35,0.0,167.35,1300.85,147.85,0,0,0,0.0,0,F1,500,,,,,
2026-02-18,2026-02-18,FO,NSE,STO,120973,,NESTLEIND,,2026-02-24,2026-02-24,1520.0,PE,NESTLEIND26FEB1520PE,0.0,0.0,0.0,239.0,0.0,239.0,1300.85,217.8,0,0,0,0.0,0,F1,500,,,,,
2026-02-18,2026-02-18,FO,NSE,STO,144767,,NESTLEIND,,2026-03-30,2026-03-30,1250.0,PE,NESTLEIND26MAR1250PE,11.85,11.85,11.8,11.8,11.8,18.0,1300.85,11.8,5500,3000,10,6309025.0,6,F1,500,,,,,
2026-02-18,2026-02-18,FO,NSE,STO,143155,,NESTLEIND,,2026-03-30,2026-03-30,1260.0,PE,NESTLEIND26MAR1260PE,20.5,21.0,13.85,14.0,13.85,20.5,1300.85,14.0,29500,1000,22,14056575.0,21,F1,500,,,,,
2026-02-18,2026-02-18,FO,NSE,STO,144771,,NESTLEIND,,2026-03-30,2026-03-30,1290.0,PE,NESTLEIND26MAR1290PE,0.0,0.0,0.0,21.8,21.8,21.8,1300.85,25.05,5000,0,0,0.0,0,F1,500,,,,,
2026-02-18,2026-02-18,FO,NSE,STO,143161,,NESTLEIND,,2026-03-30,2026-03-30,1320.0,PE,NESTLEIND26MAR1320PE,0.0,0.0,0.0,46.05,46.05,46.05,1300.85,39.85,3500,0,0,0.0,0,F1,500,,,,,
2026-02-18,2026-02-18,FO,NSE,STO,144882,,NESTLEIND,,2026-04-28,2026-04-28,1120.0,PE,NESTLEIND26APR1120PE,0.0,0.0,0.0,4.1,0.0,4.1,1300.85,1.2,0,0,0,0.0,0,F1,500,,,,,
2026-02-18,2026-02-18,FO,NSE,STO,144970,,NESTLEIND,,2026-04-28,2026-04-28,1440.0,PE,NESTLEIND26APR1440PE,0.0,0.0,0.0,134.65,0.0,134.65,1300.85,132.8,0,0,0,0.0,0,F1,500,,,,,
2026-02-18,2026-02-18,FO,NSE,STO,143060,,NESTLEIND,,2026-03-30,2026-03-30,1100.0,CE,NESTLEIND26MAR1100CE,0.0,0.0,0.0,195.0,195.0,195.0,1300.85,207.55,0,0,0,0.0,0,F1,500,,,,,
2026-02-18,2026-02-18,FO,NSE,STO,142827,,NESTLEIND,,2026-02-24,2026-02-24,1190.0,CE,NESTLEIND26FEB1190CE,0.0,0.0,0.0,106.5,0.0,106.5,1300.85,111.95,0,0,0,0.0,0,F1,500,,,,,
2026-02-18,2026-02-18,FO,NSE,STO,142833,,NESTLEIND,,2026-02-24,2026-02-24,1250.0,CE,NESTLEIND26FEB1250CE,38.15,47.85,33.7,47.85,47.85,39.65,1300.85,52.7,32500,-1000,28,18038300.0,28,F1,500,,,,,
2026-02-18,2026-02-18,FO,NSE,STO,142944,,NESTLEIND,,2026-02-24,2026-02-24,1330.0,CE,NESTLEIND26FEB1330CE,2.75,3.95,2.3,3.8,3.75,3.2,1300.85,3.8,186000,-8500,240,159945950.0,181,F1,500,,,,,
2026-02-18,2026-02-18,FO,NSE,STO,142956,,NESTLEIND,,2026-02-24,2026-02-24,1390.0,CE,NESTLEIND26FEB1390CE,0.85,0.95,0.55,0.85,0.85,0.95,1300.85,0.85,101500,-7500,68,47285275.0,59,F1,500,,,,,
2026-02-18,2026-02-18,FO,NSE,STO,120956,,NESTLEIND,,2026-02-24,2026-02-24,1440.0,CE,NESTLEIND26FEB1440CE,0.35,0.35,0.2,0.3,0.3,0.5,1300.85,0.3,128500,-500,14,10081950.0,10,F1,500,,,,,
2026-02-18,2026-02-18,FO,NSE,STO,144772,,NESTLEIND,,2026-03-30,2026-03-30,1310.0,CE,NESTLEIND26MAR1310CE,29.2,30.0,29.2,30.0,30.0,30.0,1300.85,33.15,1500,500,2,1339600.0,2,F1,500,,,,,
2026-02-18,2026-02-18,FO,NSE,STO,144893,,NESTLEIND,,2026-04-28,2026-04-28,1240.0,CE,NESTLEIND26APR1240CE,0.0,0.0,0.0,106.9,0.0,106.9,1300.85,89.6,0,0,0,0.0,0,F1,500,,,,,
2026-02-18,2026-02-18,FO,NSE,STO,143174,,NESTLEIND,,2026-03-30,2026-03-30,1460.0,CE,NESTLEIND26MAR1460CE,0.0,0.0,0.0,10.85,0.0,10.85,1300.85,1.7,0,0,0,0.0,0,F1,500,,,,,
2026-02-18,2026-02-18,FO,NSE,STO,143172,,NESTLEIND,,2026-03-30,2026-03-30,1440.0,CE,NESTLEIND26MAR1440CE,3.1,3.6,3.1,3.5,3.6,3.15,1300.85,3.5,29500,0,8,5773225.0,7,F1,500,,,,,
2026-02-18,2026-02-18,FO,NSE,STO,143168,,NESTLEIND,,2026-03-30,2026-03-30,1400.0,CE,NESTLEIND26MAR1400CE,6.5,7.15,5.5,7.0,6.7,6.4,1300.85,7.0,67000,12500,63,44292200.0,53,F1,500,,,,,
2026-02-18,2026-02-18,FO,NSE,STO,143166,,NESTLEIND,,2026-03-30,2026-03-30,1380.0,CE,NESTLEIND26MAR1380CE,0.0,0.0,0.0,26.7,26.7,26.7,1300.85,10.2,1000,0,0,0.0,0,F1,500,,,,,
2026-02-18,2026-02-18,FO,NSE,STO,143142,,NESTLEIND,,2026-03-30,2026-03-30,1140.0,CE,NESTLEIND26MAR1140CE,0.0,0.0,0.0,159.8,0.0,159.8,1300.85,168.2,0,0,0,0.0,0,F1,500,,,,,
2026-02-18,2026-02-18,FO,NSE,STO,143122,,NESTLEIND,,2026-03-30,2026-03-30,1120.0,CE,NESTLEIND26MAR1120CE,0.0,0.0,0.0,177.0,0.0,177.0,1300.85,187.8,0,0,0,0.0,0,F1,500,,,,,
2026-02-18,2026-02-18,FO,NSE,STO,142831,,NESTLEIND,,2026-02-24,2026-02-24,1230.0,CE,NESTLEIND26FEB1230CE,56.25,67.15,52.55,67.15,67.15,64.05,1300.85,72.1,7000,2500,8,5143325.0,8,F1,500,,,,,
2026-02-18,2026-02-18,FO,NSE,STO,120842,,NESTLEIND,,2026-02-24,2026-02-24,1080.0,CE,NESTLEIND26FEB1080CE,0.0,0.0,0.0,203.65,0.0,203.65,1300.85,221.85,0,0,0,0.0,0,F1,500,,,,,
2026-02-18,2026-02-18,FO,NSE,STO,143141,,NESTLEIND,,2026-03-30,2026-03-30,1120.0,PE,NESTLEIND26MAR1120PE,0.0,0.0,0.0,6.35,0.0,6.35,1300.85,0.2,0,0,0,0.0,0,F1,500,,,,,
2026-02-18,2026-02-18,FO,NSE,STO,156822,,RBLBANK,,2026-03-30,2026-03-30,370.0,CE,RBLBANK26MAR370CE,1.0,1.25,1.0,1.1,1.2,9.65,325.8,1.1,241300,241300,94,110743682.5,44,F1,3175,,,,,
2026-02-18,2026-02-18,FO,NSE,STO,153909,,RBLBANK,,2026-03-30,2026-03-30,315.0,PE,RBLBANK26MAR315PE,6.35,6.35,6.35,6.35,6.35,31.2,325.8,6.35,3175,3175,1,1020286.25,1,F1,3175,,,,,
2026-02-18,2026-02-18,FO,NSE,STO,156811,,RBLBANK,,2026-03-30,2026-03-30,310.0,PE,RBLBANK26MAR310PE,5.0,5.1,4.5,4.85,4.5,5.3,325.8,4.85,130175,6350,32,31981775.0,26,F1,3175,,,,,
2026-02-18,2026-02-18,FO,NSE,STO,153905,,RBLBANK,,2026-03-30,2026-03-30,295.0,PE,RBLBANK26MAR295PE,0.0,0.0,0.0,19.7,0.0,19.7,325.8,3.85,0,0,0,0.0,0,F1,3175,,,,,
2026-02-18,2026-02-18,FO,NSE,STO,156797,,RBLBANK,,2026-03-30,2026-03-30,240.0,PE,RBLBANK26MAR240PE,0.0,0.0,0.0,3.1,0.0,3.1,325.8,0.05,0,0,0,0.0,0,F1,3175,,,,,
2026-02-18,2026-02-18,FO,NSE,STO,130491,,RBLBANK,,2026-02-24,2026-02-24,260.0,PE,RBLBANK26FEB260PE,0.1,0.1,0.1,0.1,0.1,0.15,325.8,0.05,361950,-31750,11,9083992.5,3,F1,3175,,,,,
2026-02-18,2026-02-18,FO,NSE,STO,153961,,RBLBANK,,2026-04-28,2026-04-28,340.0,PE,RBLBANK26APR340PE,0.0,0.0,0.0,51.8,0.0,51.8,325.8,26.55,0,0,0,0.0,0,F1,3175,,,,,
2026-02-18,2026-02-18,FO,NSE,STO,153955,,RBLBANK,,2026-04-28,2026-04-28,320.0,PE,RBLBANK26APR320PE,0.0,0.0,0.0,37.9,0.0,37.9,325.8,15.95,0,0,0,0.0,0,F1,3175,,,,,
2026-02-18,2026-02-18,FO,NSE,STO,153911,,RBLBANK,,2026-03-30,2026-03-30,325.0,PE,RBLBANK26MAR325PE,9.6,11.3,9.6,11.15,11.3,11.4,325.8,11.15,6350,3175,3,3196907.5,3,F1,3175,,,,,
2026-02-18,2026-02-18,FO,NSE,STO,153904,,RBLBANK,,2026-03-30,2026-03-30,295.0,CE,RBLBANK26MAR295CE,0.0,0.0,0.0,23.1,0.0,23.1,325.8,36.45,0,0,0,0.0,0,F1,3175,,,,,
2026-02-18,2026-02-18,FO,NSE,STO,156802,,RBLBANK,,2026-03-30,2026-03-30,270.0,CE,RBLBANK26MAR270CE,0.0,0.0,0.0,52.7,0.0,52.7,325.8,58.2,0,0,0,0.0,0,F1,3175,,,,,
2026-02-18,2026-02-18,FO,NSE,STO,156758,,RBLBANK,,2026-02-24,2026-02-24,285.0,CE,RBLBANK26FEB285CE,0.0,0.0,0.0,31.6,31.6,31.6,325.8,41.05,92075,0,0,0.0,0,F1,3175,,,,,
2026-02-18,2026-02-18,FO,NSE,STO,153953,,RBLBANK,,2026-04-28,2026-04-28,310.0,PE,RBLBANK26APR310PE,0.0,0.0,0.0,31.7,0.0,31.7,325.8,11.75,0,0,0,0.0,0,F1,3175,,,,,
2026-02-18,2026-02-18,FO,NSE,STO,130499,,RBLBANK,,2026-02-24,2026-02-24,300.0,PE,RBLBANK26FEB300PE,0.55,0.6,0.35,0.55,0.45,0.6,325.8,0.55,2451100,-666750,696,663952983.75,621,F1,3175,,,,,
2026-02-18,2026-02-18,FO,NSE,STO,130495,,RBLBANK,,2026-02-24,2026-02-24,280.0,PE,RBLBANK26FEB280PE,0.05,0.1,0.05,0.05,0.05,0.15,325.8,0.05,4305300,3175,14,12449651.25,7,F1,3175,,,,,
2026-02-18,2026-02-18,FO,NSE,STO,156796,,RBLBANK,,2026-03-30,2026-03-30,240.0,CE,RBLBANK26MAR240CE,0.0,0.0,0.0,76.35,0.0,76.35,325.8,87.3,0,0,0,0.0,0,F1,3175,,,,,
2026-02-18,2026-02-18,FO,NSE,STO,130496,,RBLBANK,,2026-02-24,2026-02-24,290.0,CE,RBLBANK26FEB290CE,34.35,35.95,33.0,35.75,35.75,31.35,325.8,36.1,730250,-203200,91,93720285.0,54,F1,3175,,,,,
2026-02-18,2026-02-18,FO,NSE,STF,52020,,RBLBANK,,2026-03-30,2026-03-30,,,RBLBANK26MARFUT,325.0,329.0,323.45,327.7,328.45,324.0,325.8,327.7,13176250,6207125,3884,4021307838.75,1949,F1,3175,,,,,
2026-02-18,2026-02-18,FO,NSE,STO,156821,,RBLBANK,,2026-03-30,2026-03-30,360.0,PE,RBLBANK26MAR360PE,0.0,0.0,0.0,56.75,0.0,56.75,325.8,37.1,0,0,0,0.0,0,F1,3175,,,,,
2026-02-18,2026-02-18,FO,NSE,STO,156815,,RBLBANK,,2026-03-30,2026-03-30,330.0,PE,RBLBANK26MAR330PE,14.35,14.35,12.0,12.0,12.0,14.45,325.8,16.75,53975,19050,6,6528276.25,4,F1,3175,,,,,
2026-02-18,2026-02-18,FO,NSE,STO,156763,,RBLBANK,,2026-02-24,2026-02-24,305.0,PE,RBLBANK26FEB305PE,0.9,0.9,0.55,0.7,0.6,1.0,325.8,0.7,2222500,339725,370,359134727.5,286,F1,3175,,,,,
2026-02-18,2026-02-18,FO,NSE,STO,156755,,RBLBANK,,2026-02-24,2026-02-24,265.0,PE,RBLBANK26FEB265PE,0.0,0.0,0.0,0.1,0.1,0.1,325.8,0.05,3175,0,0,0.0,0,F1,3175,,,,,
2026-02-18,2026-02-18,FO,NSE,STO,156810,,RBLBANK,,2026-03-30,2026-03-30,310.0,CE,RBLBANK26MAR310CE,20.35,22.9,19.95,22.3,22.35,18.7,325.8,22.3,142875,6350,24,25216961.25,14,F1,3175,,,,,
2026-02-18,2026-02-18,FO,NSE,STO,153900,,RBLBANK,,2026-03-30,2026-03-30,275.0,CE,RBLBANK26MAR275CE,0.0,0.0,0.0,34.3,0.0,34.3,325.8,53.6,0,0,0,0.0,0,F1,3175,,,,,
2026-02-18,2026-02-18,FO,NSE,STO,156798,,RBLBANK,,2026-03-30,2026-03-30,250.0,CE,RBLBANK26MAR250CE,0.0,0.0,0.0,67.95,0.0,67.95,325.8,77.45,0,0,0,0.0,0,F1,3175,,,,,
2026-02-18,2026-02-18,FO,NSE,STO,156799,,RBLBANK,,2026-03-30,2026-03-30,250.0,PE,RBLBANK26MAR250PE,0.0,0.0,0.0,4.55,0.0,4.55,325.8,0.15,0,0,0,0.0,0,F1,3175,,,,,
2026-02-18,2026-02-18,FO,NSE,STO,156805,,RBLBANK,,2026-03-30,2026-03-30,280.0,PE,RBLBANK26MAR280PE,0.0,0.0,0.0,1.5,1.5,1.5,325.8,1.6,3175,0,0,0.0,0,F1,3175,,,,,
2026-02-18,2026-02-18,FO,NSE,STO,156803,,RBLBANK,,2026-03-30,2026-03-30,270.0,PE,RBLBANK26MAR270PE,0.0,0.0,0.0,9.0,0.0,9.0,325.8,0.8,0,0,0,0.0,0,F1,3175,,,,,
2026-02-18,2026-02-18,FO,NSE,STF,67001,,RBLBANK,,2026-04-28,2026-04-28,,,RBLBANK26APRFUT,327.4,330.9,326.6,329.45,329.65,327.5,325.8,329.45,212725,15875,20,20850860.0,19,F1,3175,,,,,
2026-02-18,2026-02-18,FO,NSE,STO,130506,,RBLBANK,,2026-02-24,2026-02-24,340.0,CE,RBLBANK26FEB340CE,1.2,1.45,0.8,0.95,1.15,1.0,325.8,0.95,549275,-25400,243,263176226.25,206,F1,3175,,,,,
2026-02-18,2026-02-18,FO,NSE,STO,156820,,RBLBANK,,2026-03-30,2026-03-30,360.0,CE,RBLBANK26MAR360CE,2.35,2.45,1.8,2.1,2.2,1.85,325.8,2.1,117475,31750,52,59790330.0,48,F1,3175,,,,,
2026-02-18,2026-02-18,FO,NSE,STO,130514,,RBLBANK,,2026-02-24,2026-02-24,340.0,PE,RBLBANK26FEB340PE,0.0,0.0,0.0,44.3,0.0,44.3,325.8,15.45,0,0,0,0.0,0,F1,3175,,,,,
2026-02-18,2026-02-18,FO,NSE,STO,156769,,RBLBANK,,2026-02-24,2026-02-24,335.0,PE,RBLBANK26FEB335PE,0.0,0.0,0.0,14.7,14.7,14.7,325.8,11.55,50800,0,0,0.0,0,F1,3175,,,,,
2026-02-18,2026-02-18,FO,NSE,STO,156817,,RBLBANK,,2026-03-30,2026-03-30,340.0,PE,RBLBANK26MAR340PE,0.0,0.0,0.0,21.0,21.0,21.0,325.8,22.65,3175,0,0,0.0,0,F1,3175,,,,,
2026-02-18,2026-02-18,FO,NSE,STO,156768,,RBLBANK,,2026-02-24,2026-02-24,335.0,CE,RBLBANK26FEB335CE,2.75,2.75,1.4,1.65,1.9,1.55,325.8,1.65,466725,177800,367,392418411.25,335,F1,3175,,,,,
2026-02-18,2026-02-18,FO,NSE,STF,59458,,RBLBANK,,2026-02-24,2026-02-24,,,RBLBANK26FEBFUT,322.35,327.0,321.5,325.8,326.35,321.85,325.8,325.8,54641750,-12293600,7652,7879310663.75,5076,F1,3175,,,,,
2026-02-18,2026-02-18,FO,NSE,STO,153942,,RBLBANK,,2026-04-28,2026-04-28,260.0,CE,RBLBANK26APR260CE,0.0,0.0,0.0,48.85,0.0,48.85,325.8,69.8,0,0,0,0.0,0,F1,3175,,,,,
2026-02-18,2026-02-18,FO,NSE,STO,156804,,RBLBANK,,2026-03-30,2026-03-30,280.0,CE,RBLBANK26MAR280CE,0.0,0.0,0.0,45.85,0.0,45.85,325.8,49.05,0,0,0,0.0,0,F1,3175,,,,,
2026-02-18,2026-02-18,FO,NSE,STO,153952,,RBLBANK,,2026-04-28,2026-04-28,310.0,CE,RBLBANK26APR310CE,0.0,0.0,0.0,21.8,0.0,21.8,325.8,30.75,0,0,0,0.0,0,F1,3175,,,,,
2026-02-18,2026-02-18,FO,NSE,STO,154038,,RBLBANK,,2026-04-28,2026-04-28,350.0,CE,RBLBANK26APR350CE,0.0,0.0,0.0,10.1,0.0,10.1,325.8,12.35,0,0,0,0.0,0,F1,3175,,,,,
2026-02-18,2026-02-18,FO,NSE,STO,156754,,RBLBANK,,2026-02-24,2026-02-24,265.0,CE,RBLBANK26FEB265CE,0.0,0.0,0.0,51.55,0.0,51.55,325.8,61.05,0,0,0,0.0,0,F1,3175,,,,,
2026-02-18,2026-02-18,FO,NSE,STO,130502,,RBLBANK,,2026-02-24,2026-02-24,320.0,CE,RBLBANK26FEB320CE,6.95,9.0,6.15,7.8,8.45,6.35,325.8,7.8,1622425,-1289050,1317,1370778786.25,1089,F1,3175,,,,,
2026-02-18,2026-02-18,FO,NSE,STO,153907,,RBLBANK,,2026-03-30,2026-03-30,305.0,PE,RBLBANK26MAR305PE,0.0,0.0,0.0,25.1,0.0,25.1,325.8,6.35,0,0,0,0.0,0,F1,3175,,,,,
2026-02-18,2026-02-18,FO,NSE,STO,156767,,RBLBANK,,2026-02-24,2026-02-24,325.0,PE,RBLBANK26FEB325PE,6.8,7.15,3.8,4.4,4.25,7.45,325.8,4.4,482600,390525,439,460104331.25,387,F1,3175,,,,,
2026-02-18,2026-02-18,FO,NSE,STO,156766,,RBLBANK,,2026-02-24,2026-02-24,325.0,CE,RBLBANK26FEB325CE,4.4,5.95,3.8,4.9,4.9,4.05,325.8,4.9,1457325,196850,2016,2111990156.25,1846,F1,3175,,,,,
2026-02-18,2026-02-18,FO,NSE,STO,156770,,RBLBANK,,2026-02-24,2026-02-24,345.0,CE,RBLBANK26FEB345CE,0.7,0.85,0.55,0.6,0.6,0.6,325.8,0.6,241300,15875,45,49385378.75,44,F1,3175,,,,,
2026-02-18,2026-02-18,FO,NSE,STO,153898,,RBLBANK,,2026-03-30,2026-03-30,265.0,CE,RBLBANK26MAR265CE,0.0,0.0,0.0,41.0,0.0,41.0,325.8,62.95,0,0,0,0.0,0,F1,3175,,,,,
2026-02-18,2026-02-18,FO,NSE,STO,156808,,RBLBANK,,2026-03-30,2026-03-30,300.0,CE,RBLBANK26MAR300CE,27.3,27.3,27.3,27.3,27.3,26.0,325.8,32.6,12700,0,1,1039177.5,1,F1,3175,,,,,
2026-02-18,2026-02-18,FO,NSE,STO,153944,,RBLBANK,,2026-04-28,2026-04-28,270.0,CE,RBLBANK26APR270CE,0.0,0.0,0.0,42.2,0.0,42.2,325.8,60.9,0,0,0,0.0,0,F1,3175,,,,,
2026-02-18,2026-02-18,FO,NSE,STO,130497,,RBLBANK,,2026-02-24,2026-02-24,290.0,PE,RBLBANK26FEB290PE,0.2,0.4,0.2,0.3,0.25,0.35,325.8,0.3,1857375,-130175,220,202772168.75,136,F1,3175,,,,,
2026-02-18,2026-02-18,FO,NSE,STO,153950,,RBLBANK,,2026-04-28,2026-04-28,300.0,CE,RBLBANK26APR300CE,0.0,0.0,0.0,26.0,0.0,26.0,325.8,37.3,0,0,0,0.0,0,F1,3175,,,,,
2026-02-18,2026-02-18,FO,NSE,STO,156816,,RBLBANK,,2026-03-30,2026-03-30,340.0,CE,RBLBANK26MAR340CE,5.95,6.75,5.25,6.4,6.6,5.0,325.8,6.4,606425,130175,212,232947527.5,163,F1,3175,,,,,
2026-02-18,2026-02-18,FO,NSE,STO,156812,,RBLBANK,,2026-03-30,2026-03-30,320.0,CE,RBLBANK26MAR320CE,14.15,16.1,13.0,15.65,16.0,12.8,325.8,15.65,292100,-6350,135,143384587.5,67,F1,3175,,,,,
2026-02-18,2026-02-18,FO,NSE,STO,153959,,RBLBANK,,2026-04-28,2026-04-28,330.0,PE,RBLBANK26APR330PE,0.0,0.0,0.0,44.6,0.0,44.6,325.8,20.85,0,0,0,0.0,0,F1,3175,,,,,
2026-02-18,2026-02-18,FO,NSE,STO,153901,,RBLBANK,,2026-03-30,2026-03-30,275.0,PE,RBLBANK26MAR275PE,0.0,0.0,0.0,11.05,0.0,11.05,325.8,1.15,0,0,0,0.0,0,F1,3175,,,,,
2026-02-18,2026-02-18,FO,NSE,STO,153908,,RBLBANK,,2026-03-30,2026-03-30,315.0,CE,RBLBANK26MAR315CE,19.75,19.75,16.55,17.8,18.15,16.85,325.8,17.8,130175,-9525,7,7402830.0,7,F1,3175,,,,,
2026-02-18,2026-02-18,FO,NSE,STO,153906,,RBLBANK,,2026-03-30,2026-03-30,305.0,CE,RBLBANK26MAR305CE,0.0,0.0,0.0,17.0,17.0,17.0,325.8,28.95,3175,0,0,0.0,0,F1,3175,,,,,
2026-02-18,2026-02-18,FO,NSE,STO,130492,,RBLBANK,,2026-02-24,2026-02-24,270.0,CE,RBLBANK26FEB270CE,0.0,0.0,0.0,29.35,29.35,29.35,325.8,56.05,15875,0,0,0.0,0,F1,3175,,,,,
2026-02-18,2026-02-18,FO,NSE,STO,130503,,RBLBANK,,2026-02-24,2026-02-24,320.0,PE,RBLBANK26FEB320PE,4.2,4.6,1.9,2.45,2.1,4.75,325.8,2.45,1038225,457200,1024,1050325718.75,854,F1,3175,,,,,
2026-02-18,2026-02-18,FO,NSE,STO,153943,,RBLBANK,,2026-04-28,2026-04-28,260.0,PE,RBLBANK26APR260PE,0.0,0.0,0.0,9.5,0.0,9.5,325.8,1.35,0,0,0,0.0,0,F1,3175,,,,,
2026-02-18,2026-02-18,FO,NSE,STO,130516,,RBLBANK,,2026-02-24,2026-02-24,350.0,PE,RBLBANK26FEB350PE,0.0,0.0,0.0,54.0,54.0,54.0,325.8,24.3,28575,0,0,0.0,0,F1,3175,,,,,
2026-02-18,2026-02-18,FO,NSE,STO,130505,,RBLBANK,,2026-02-24,2026-02-24,330.0,PE,RBLBANK26FEB330PE,8.1,10.05,6.8,7.35,6.8,10.75,325.8,7.35,168275,69850,50,53636703.75,47,F1,3175,,,,,
2026-02-18,2026-02-18,FO,NSE,STO,156819,,RBLBANK,,2026-03-30,2026-03-30,350.0,PE,RBLBANK26MAR350PE,0.0,0.0,0.0,49.35,0.0,49.35,325.8,29.5,0,0,0,0.0,0,F1,3175,,,,,
2026-02-18,2026-02-18,FO,NSE,STO,130501,,RBLBANK,,2026-02-24,2026-02-24,310.0,PE,RBLBANK26FEB310PE,1.2,1.5,0.65,0.8,0.65,1.65,325.8,0.8,1562100,-79375,505,498665023.75,364,F1,3175,,,,,
2026-02-18,2026-02-18,FO,NSE,STO,156757,,RBLBANK,,2026-02-24,2026-02-24,275.0,PE,RBLBANK26FEB275PE,0.1,0.1,0.1,0.1,0.1,0.1,325.8,0.1,142875,-6350,2,1746885.0,2,F1,3175,,,,,
2026-02-18,2026-02-18,FO,NSE,STO,130493,,RBLBANK,,2026-02-24,2026-02-24,270.0,PE,RBLBANK26FEB270PE,0.05,0.05,0.05,0.05,0.05,0.05,325.8,0.05,165100,-12700,4,3429635.0,3,F1,3175,,,,,
2026-02-18,2026-02-18,FO,NSE,STO,153958,,RBLBANK,,2026-04-28,2026-04-28,330.0,CE,RBLBANK26APR330CE,0.0,0.0,0.0,15.0,0.0,15.0,325.8,20.05,0,0,0,0.0,0,F1,3175,,,,,
2026-02-18,2026-02-18,FO,NSE,STO,153914,,RBLBANK,,2026-03-30,2026-03-30,345.0,CE,RBLBANK26MAR345CE,0.0,0.0,0.0,7.05,0.0,7.05,325.8,8.85,0,0,0,0.0,0,F1,3175,,,,,
2026-02-18,2026-02-18,FO,NSE,STO,130517,,RBLBANK,,2026-02-24,2026-02-24,360.0,CE,RBLBANK26FEB360CE,0.4,0.4,0.25,0.3,0.3,0.35,325.8,0.3,50800,25400,19,21734462.5,19,F1,3175,,,,,
2026-02-18,2026-02-18,FO,NSE,STO,156772,,RBLBANK,,2026-02-24,2026-02-24,355.0,CE,RBLBANK26FEB355CE,0.4,0.4,0.3,0.35,0.3,0.4,325.8,0.35,63500,3175,6,6768941.25,5,F1,3175,,,,,
2026-02-18,2026-02-18,FO,NSE,STO,130515,,RBLBANK,,2026-02-24,2026-02-24,350.0,CE,RBLBANK26FEB350CE,0.55,0.65,0.35,0.45,0.5,0.55,325.8,0.45,1685925,-60325,141,156899610.0,96,F1,3175,,,,,
2026-02-18,2026-02-18,FO,NSE,STO,130504,,RBLBANK,,2026-02-24,2026-02-24,330.0,CE,RBLBANK26FEB330CE,2.6,3.85,2.3,2.95,3.1,2.55,325.8,2.95,1673225,-422275,2576,2724292875.0,2015,F1,3175,,,,,
2026-02-18,2026-02-18,FO,NSE,STO,130490,,RBLBANK,,2026-02-24,2026-02-24,260.0,CE,RBLBANK26FEB260CE,0.0,0.0,0.0,59.6,0.0,59.6,325.8,66.05,0,0,0,0.0,0,F1,3175,,,,,
2026-02-18,2026-02-18,FO,NSE,STO,153951,,RBLBANK,,2026-04-28,2026-04-28,300.0,PE,RBLBANK26APR300PE,0.0,0.0,0.0,26.05,0.0,26.05,325.8,8.4,0,0,0,0.0,0,F1,3175,,,,,
2026-02-18,2026-02-18,FO,NSE,STO,130520,,RBLBANK,,2026-02-24,2026-02-24,370.0,PE,RBLBANK26FEB370PE,0.0,0.0,0.0,66.4,0.0,66.4,325.8,43.9,0,0,0,0.0,0,F1,3175,,,,,
2026-02-18,2026-02-18,FO,NSE,STO,130494,,RBLBANK,,2026-02-24,2026-02-24,280.0,CE,RBLBANK26FEB280CE,42.8,45.9,42.8,45.9,45.9,37.15,325.8,46.05,69850,0,2,2059622.5,2,F1,3175,,,,,
2026-02-18,2026-02-18,FO,NSE,STO,153910,,RBLBANK,,2026-03-30,2026-03-30,325.0,CE,RBLBANK26MAR325CE,12.0,13.1,11.05,12.55,13.1,10.25,325.8,12.55,107950,53975,61,65290382.5,54,F1,3175,,,,,
2026-02-18,2026-02-18,FO,NSE,STO,156814,,RBLBANK,,2026-03-30,2026-03-30,330.0,CE,RBLBANK26MAR330CE,9.45,10.8,8.15,10.3,10.55,8.25,325.8,10.3,609600,177800,215,231916128.75,136,F1,3175,,,,,
2026-02-18,2026-02-18,FO,NSE,STO,153954,,RBLBANK,,2026-04-28,2026-04-28,320.0,CE,RBLBANK26APR320CE,0.0,0.0,0.0,18.15,0.0,18.15,325.8,25.05,0,0,0,0.0,0,F1,3175,,,,,
2026-02-18,2026-02-18,FO,NSE,STO,130518,,RBLBANK,,2026-02-24,2026-02-24,360.0,PE,RBLBANK26FEB360PE,0.0,0.0,0.0,58.65,0.0,58.65,325.8,33.95,0,0,0,0.0,0,F1,3175,,,,,
2026-02-18,2026-02-18,FO,NSE,STO,156801,,RBLBANK,,2026-03-30,2026-03-30,260.0,PE,RBLBANK26MAR260PE,0.0,0.0,0.0,0.7,0.7,0.7,325.8,0.35,31750,0,0,0.0,0,F1,3175,,,,,
2026-02-18,2026-02-18,FO,NSE,STO,153903,,RBLBANK,,2026-03-30,2026-03-30,285.0,PE,RBLBANK26MAR285PE,0.0,0.0,0.0,15.0,0.0,15.0,325.8,2.2,0,0,0,0.0,0,F1,3175,,,,,
2026-02-18,2026-02-18,FO,NSE,STO,156823,,RBLBANK,,2026-03-30,2026-03-30,370.0,PE,RBLBANK26MAR370PE,0.0,0.0,0.0,64.5,0.0,64.5,325.8,45.35,0,0,0,0.0,0,F1,3175,,,,,
2026-02-18,2026-02-18,FO,NSE,STO,153947,,RBLBANK,,2026-04-28,2026-04-28,280.0,PE,RBLBANK26APR280PE,0.0,0.0,0.0,16.55,0.0,16.55,325.8,3.75,0,0,0,0.0,0,F1,3175,,,,,
2026-02-18,2026-02-18,FO,NSE,STO,156809,,RBLBANK,,2026-03-30,2026-03-30,300.0,PE,RBLBANK26MAR300PE,2.7,3.1,2.5,2.85,3.0,2.75,325.8,2.85,1238250,488950,368,353816443.75,141,F1,3175,,,,,
2026-02-18,2026-02-18,FO,NSE,STO,156813,,RBLBANK,,2026-03-30,2026-03-30,320.0,PE,RBLBANK26MAR320PE,7.45,8.9,7.35,8.15,7.45,9.0,325.8,8.15,434975,53975,170,177004027.5,85,F1,3175,,,,,
2026-02-18,2026-02-18,FO,NSE,STO,154040,,RBLBANK,,2026-04-28,2026-04-28,360.0,CE,RBLBANK26APR360CE,0.0,0.0,0.0,8.2,0.0,8.2,325.8,9.5,0,0,0,0.0,0,F1,3175,,,,,
2026-02-18,2026-02-18,FO,NSE,STO,153960,,RBLBANK,,2026-04-28,2026-04-28,340.0,CE,RBLBANK26APR340CE,0.0,0.0,0.0,12.35,0.0,12.35,325.8,15.85,0,0,0,0.0,0,F1,3175,,,,,
2026-02-18,2026-02-18,FO,NSE,STO,156806,,RBLBANK,,2026-03-30,2026-03-30,290.0,CE,RBLBANK26MAR290CE,0.0,0.0,0.0,39.6,0.0,39.6,325.8,40.5,0,0,0,0.0,0,F1,3175,,,,,
2026-02-18,2026-02-18,FO,NSE,STO,156800,,RBLBANK,,2026-03-30,2026-03-30,260.0,CE,RBLBANK26MAR260CE,0.0,0.0,0.0,60.05,0.0,60.05,325.8,67.7,0,0,0,0.0,0,F1,3175,,,,,
2026-02-18,2026-02-18,FO,NSE,STO,156764,,RBLBANK,,2026-02-24,2026-02-24,315.0,CE,RBLBANK26FEB315CE,11.15,12.7,9.2,11.8,12.7,9.4,325.8,11.8,1584325,-155575,156,161493993.75,144,F1,3175,,,,,
2026-02-18,2026-02-18,FO,NSE,STO,156762,,RBLBANK,,2026-02-24,2026-02-24,305.0,CE,RBLBANK26FEB305CE,19.0,22.0,17.95,22.0,22.0,17.4,325.8,22.0,1082675,-279400,170,174792957.5,104,F1,3175,,,,,
2026-02-18,2026-02-18,FO,NSE,STO,156756,,RBLBANK,,2026-02-24,2026-02-24,275.0,CE,RBLBANK26FEB275CE,0.0,0.0,0.0,18.45,18.45,18.45,325.8,51.05,28575,0,0,0.0,0,F1,3175,,,,,
2026-02-18,2026-02-18,FO,NSE,STO,156759,,RBLBANK,,2026-02-24,2026-02-24,285.0,PE,RBLBANK26FEB285PE,0.2,0.2,0.15,0.15,0.15,0.2,325.8,0.05,657225,-6350,4,3621881.25,4,F1,3175,,,,,
2026-02-18,2026-02-18,FO,NSE,STO,153899,,RBLBANK,,2026-03-30,2026-03-30,265.0,PE,RBLBANK26MAR265PE,0.0,0.0,0.0,7.9,0.0,7.9,325.8,0.55,0,0,0,0.0,0,F1,3175,,,,,
2026-02-18,2026-02-18,FO,NSE,STO,154041,,RBLBANK,,2026-04-28,2026-04-28,360.0,PE,RBLBANK26APR360PE,0.0,0.0,0.0,67.35,0.0,67.35,325.8,40.0,0,0,0,0.0,0,F1,3175,,,,,
2026-02-18,2026-02-18,FO,NSE,STO,130498,,RBLBANK,,2026-02-24,2026-02-24,300.0,CE,RBLBANK26FEB300CE,25.1,27.25,22.05,25.95,27.2,22.3,325.8,25.95,2901950,-933450,548,566698606.25,395,F1,3175,,,,,
2026-02-18,2026-02-18,FO,NSE,STO,153902,,RBLBANK,,2026-03-30,2026-03-30,285.0,CE,RBLBANK26MAR285CE,0.0,0.0,0.0,28.35,0.0,28.35,325.8,44.7,0,0,0,0.0,0,F1,3175,,,,,
2026-02-18,2026-02-18,FO,NSE,STO,156807,,RBLBANK,,2026-03-30,2026-03-30,290.0,PE,RBLBANK26MAR290PE,0.0,0.0,0.0,2.0,2.0,2.0,325.8,2.95,3175,0,0,0.0,0,F1,3175,,,,,
2026-02-18,2026-02-18,FO,NSE,STO,153913,,RBLBANK,,2026-03-30,2026-03-30,335.0,PE,RBLBANK26MAR335PE,0.0,0.0,0.0,45.3,0.0,45.3,325.8,19.6,0,0,0,0.0,0,F1,3175,,,,,
2026-02-18,2026-02-18,FO,NSE,STO,156761,,RBLBANK,,2026-02-24,2026-02-24,295.0,PE,RBLBANK26FEB295PE,0.25,0.55,0.25,0.4,0.35,0.35,325.8,0.4,1165225,-279400,233,218527947.5,220,F1,3175,,,,,
2026-02-18,2026-02-18,FO,NSE,STO,130519,,RBLBANK,,2026-02-24,2026-02-24,370.0,CE,RBLBANK26FEB370CE,0.3,0.3,0.15,0.25,0.25,0.3,325.8,0.25,47625,-3175,3,3526472.5,3,F1,3175,,,,,
2026-02-18,2026-02-18,FO,NSE,STO,130500,,RBLBANK,,2026-02-24,2026-02-24,310.0,CE,RBLBANK26FEB310CE,14.5,17.35,13.2,15.9,17.0,13.0,325.8,15.9,2447925,-114300,109,112543590.0,104,F1,3175,,,,,
2026-02-18,2026-02-18,FO,NSE,STO,130488,,RBLBANK,,2026-02-24,2026-02-24,250.0,CE,RBLBANK26FEB250CE,0.0,0.0,0.0,67.35,0.0,67.35,325.8,76.05,0,0,0,0.0,0,F1,3175,,,,,
2026-02-18,2026-02-18,FO,NSE,STO,130486,,RBLBANK,,2026-02-24,2026-02-24,240.0,CE,RBLBANK26FEB240CE,0.0,0.0,0.0,75.55,0.0,75.55,325.8,86.0,0,0,0,0.0,0,F1,3175,,,,,
2026-02-18,2026-02-18,FO,NSE,STO,156765,,RBLBANK,,2026-02-24,2026-02-24,315.0,PE,RBLBANK26FEB315PE,2.75,2.75,0.8,1.25,1.1,2.85,325.8,1.25,1216025,336550,414,416397122.5,348,F1,3175,,,,,
2026-02-18,2026-02-18,FO,NSE,STO,156771,,RBLBANK,,2026-02-24,2026-02-24,345.0,PE,RBLBANK26FEB345PE,0.0,0.0,0.0,41.95,0.0,41.95,325.8,19.75,0,0,0,0.0,0,F1,3175,,,,,
2026-02-18,2026-02-18,FO,NSE,STO,153915,,RBLBANK,,2026-03-30,2026-03-30,345.0,PE,RBLBANK26MAR345PE,0.0,0.0,0.0,53.1,0.0,53.1,325.8,26.0,0,0,0,0.0,0,F1,3175,,,,,
2026-02-18,2026-02-18,FO,NSE,STO,153945,,RBLBANK,,2026-04-28,2026-04-28,270.0,PE,RBLBANK26APR270PE,0.0,0.0,0.0,12.7,0.0,12.7,325.8,2.3,0,0,0,0.0,0,F1,3175,,,,,
2026-02-18,2026-02-18,FO,NSE,STO,153949,,RBLBANK,,2026-04-28,2026-04-28,290.0,PE,RBLBANK26APR290PE,0.0,0.0,0.0,21.0,0.0,21.0,325.8,5.7,0,0,0,0.0,0,F1,3175,,,,,
2026-02-18,2026-02-18,FO,NSE,STO,154039,,RBLBANK,,2026-04-28,2026-04-28,350.0,PE,RBLBANK26APR350PE,0.0,0.0,0.0,59.4,0.0,59.4,325.8,32.95,0,0,0,0.0,0,F1,3175,,,,,
2026-02-18,2026-02-18,FO,NSE,STO,153946,,RBLBANK,,2026-04-28,2026-04-28,280.0,CE,RBLBANK26APR280CE,0.0,0.0,0.0,36.15,0.0,36.15,325.8,52.4,0,0,0,0.0,0,F1,3175,,,,,
2026-02-18,2026-02-18,FO,NSE,STO,153948,,RBLBANK,,2026-04-28,2026-04-28,290.0,CE,RBLBANK26APR290CE,0.0,0.0,0.0,30.75,0.0,30.75,325.8,44.5,0,0,0,0.0,0,F1,3175,,,,,
2026-02-18,2026-02-18,FO,NSE,STO,130487,,RBLBANK,,2026-02-24,2026-02-24,240.0,PE,RBLBANK26FEB240PE,0.0,0.0,0.0,3.7,0.0,3.7,325.8,0.05,0,0,0,0.0,0,F1,3175,,,,,
2026-02-18,2026-02-18,FO,NSE,STO,156760,,RBLBANK,,2026-02-24,2026-02-24,295.0,CE,RBLBANK26FEB295CE,28.9,32.2,27.05,31.45,31.6,27.6,325.8,31.45,2343150,-1225550,400,411728761.25,176,F1,3175,,,,,
2026-02-18,2026-02-18,FO,NSE,STO,130489,,RBLBANK,,2026-02-24,2026-02-24,250.0,PE,RBLBANK26FEB250PE,0.0,0.0,0.0,0.15,0.15,0.15,325.8,0.05,117475,0,0,0.0,0,F1,3175,,,,,
2026-02-18,2026-02-18,FO,NSE,STO,156818,,RBLBANK,,2026-03-30,2026-03-30,350.0,CE,RBLBANK26MAR350CE,3.65,4.1,3.0,3.95,4.0,3.1,325.8,3.95,390525,209550,206,231307163.75,165,F1,3175,,,,,
2026-02-18,2026-02-18,FO,NSE,STO,153912,,RBLBANK,,2026-03-30,2026-03-30,335.0,CE,RBLBANK26MAR335CE,0.0,0.0,0.0,9.15,0.0,9.15,325.8,12.4,0,0,0,0.0,0,F1,3175,,,,,
2026-02-18,2026-02-18,FO,NSE,STO,158340,,SHREECEM,,2026-02-24,2026-02-24,27750.0,CE,SHREECEM26FEB27750CE,68.3,81.0,37.5,41.2,41.2,41.5,26634.85,17.7,2850,-450,41,28491156.25,33,F1,25,,,,,
2026-02-18,2026-02-18,FO,NSE,STO,135292,,SHREECEM,,2026-02-24,2026-02-24,29500.0,CE,SHREECEM26FEB29500CE,13.2,17.8,8.1,8.1,8.1,11.0,26634.85,0.05,1900,25,11,8116367.5,9,F1,25,,,,,
2026-02-18,2026-02-18,FO,NSE,STO,158404,,SHREECEM,,2026-03-30,2026-03-30,24000.0,CE,SHREECEM26MAR24000CE,0.0,0.0,0.0,2997.8,0.0,2997.8,26634.85,2812.5,0,0,0,0.0,0,F1,25,,,,,
2026-02-18,2026-02-18,FO,NSE,STO,158416,,SHREECEM,,2026-03-30,2026-03-30,27000.0,CE,SHREECEM26MAR27000CE,575.0,575.0,450.0,489.0,489.0,442.0,26634.85,609.95,1025,200,21,14434650.0,18,F1,25,,,,,
2026-02-18,2026-02-18,FO,NSE,STO,167504,,SHREECEM,,2026-04-28,2026-04-28,23500.0,CE,SHREECEM26APR23500CE,0.0,0.0,0.0,4200.5,0.0,4200.5,26634.85,3433.45,0,0,0,0.0,0,F1,25,,,,,
2026-02-18,2026-02-18,FO,NSE,STO,167518,,SHREECEM,,2026-04-28,2026-04-28,27000.0,CE,SHREECEM26APR27000CE,0.0,0.0,0.0,1623.25,0.0,1623.25,26634.85,883.8,0,0,0,0.0,0,F1,25,,,,,
2026-02-18,2026-02-18,FO,NSE,STO,135248,,SHREECEM,,2026-02-24,2026-02-24,22000.0,PE,SHREECEM26FEB22000PE,0.0,0.0,0.0,19.45,19.45,19.45,26634.85,0.05,100,0,0,0.0,0,F1,25,,,,,
2026-02-18,2026-02-18,FO,NSE,STO,135283,,SHREECEM,,2026-02-24,2026-02-24,27500.0,PE,SHREECEM26FEB27500PE,950.0,950.05,950.0,950.0,950.0,1710.0,26634.85,878.45,4250,-50,3,2133751.25,3,F1,25,,,,,
2026-02-18,2026-02-18,FO,NSE,STO,135287,,SHREECEM,,2026-02-24,2026-02-24,28500.0,PE,SHREECEM26FEB28500PE,2100.05,2100.05,2100.0,2100.0,2100.0,1585.3,26634.85,1840.4,0,-50,2,1530001.25,2,F1,25,,,,,
2026-02-18,2026-02-18,FO,NSE,STO,135295,,SHREECEM,,2026-02-24,2026-02-24,30000.0,PE,SHREECEM26FEB30000PE,0.0,0.0,0.0,4000.0,4000.0,4000.0,26634.85,3338.05,225,0,0,0.0,0,F1,25,,,,,
2026-02-18,2026-02-18,FO,NSE,STO,167517,,SHREECEM,,2026-04-28,2026-04-28,26500.0,PE,SHREECEM26APR26500PE,0.0,0.0,0.0,785.5,0.0,785.5,26634.85,727.5,0,0,0,0.0,0,F1,25,,,,,
2026-02-18,2026-02-18,FO,NSE,STO,158431,,SHREECEM,,2026-03-30,2026-03-30,30500.0,PE,SHREECEM26MAR30500PE,0.0,0.0,0.0,3942.55,0.0,3942.55,26634.85,3699.95,0,0,0,0.0,0,F1,25,,,,,
2026-02-18,2026-02-18,FO,NSE,STO,158397,,SHREECEM,,2026-03-30,2026-03-30,22000.0,PE,SHREECEM26MAR22000PE,0.0,0.0,0.0,63.5,0.0,63.5,26634.85,0.65,0,0,0,0.0,0,F1,25,,,,,
2026-02-18,2026-02-18,FO,NSE,STO,135264,,SHREECEM,,2026-02-24,2026-02-24,23000.0,CE,SHREECEM26FEB23000CE,0.0,0.0,0.0,3637.55,3637.55,3637.55,26634.85,3655.65,75,0,0,0.0,0,F1,25,,,,,
2026-02-18,2026-02-18,FO,NSE,STO,135274,,SHREECEM,,2026-02-24,2026-02-24,25500.0,CE,SHREECEM26FEB25500CE,0.0,0.0,0.0,842.45,842.45,842.45,26634.85,1169.2,125,0,0,0.0,0,F1,25,,,,,
2026-02-18,2026-02-18,FO,NSE,STO,135276,,SHREECEM,,2026-02-24,2026-02-24,26000.0,CE,SHREECEM26FEB26000CE,589.95,769.75,566.2,640.0,640.0,506.95,26634.85,640.0,4750,-50,35,23327682.5,27,F1,25,,,,,
2026-02-18,2026-02-18,FO,NSE,STO,158348,,SHREECEM,,2026-02-24,2026-02-24,29750.0,CE,SHREECEM26FEB29750CE,0.0,0.0,0.0,20.1,20.1,20.1,26634.85,0.05,250,0,0,0.0,0,F1,25,,,,,
2026-02-18,2026-02-18,FO,NSE,STO,158402,,SHREECEM,,2026-03-30,2026-03-30,23500.0,CE,SHREECEM26MAR23500CE,0.0,0.0,0.0,3402.85,0.0,3402.85,26634.85,3290.85,0,0,0,0.0,0,F1,25,,,,,
2026-02-18,2026-02-18,FO,NSE,STO,158406,,SHREECEM,,2026-03-30,2026-03-30,24500.0,CE,SHREECEM26MAR24500CE,0.0,0.0,0.0,2616.6,0.0,2616.6,26634.85,2350.85,0,0,0,0.0,0,F1,25,,,,,
2026-02-18,2026-02-18,FO,NSE,STO,167442,,SHREECEM,,2026-03-30,2026-03-30,28250.0,CE,SHREECEM26MAR28250CE,0.0,0.0,0.0,630.05,630.05,630.05,26634.85,218.8,700,0,0,0.0,0,F1,25,,,,,
2026-02-18,2026-02-18,FO,NSE,STO,167448,,SHREECEM,,2026-03-30,2026-03-30,29750.0,CE,SHREECEM26MAR29750CE,0.0,0.0,0.0,79.0,79.0,79.0,26634.85,45.5,25,0,0,0.0,0,F1,25,,,,,
2026-02-18,2026-02-18,FO,NSE,STO,167450,,SHREECEM,,2026-03-30,2026-03-30,30250.0,CE,SHREECEM26MAR30250CE,0.0,0.0,0.0,98.3,98.3,98.3,26634.85,24.85,125,0,0,0.0,0,F1,25,,,,,
2026-02-18,2026-02-18,FO,NSE,STO,167502,,SHREECEM,,2026-04-28,2026-04-28,23000.0,CE,SHREECEM26APR23000CE,0.0,0.0,0.0,4652.0,0.0,4652.0,26634.85,3902.95,0,0,0,0.0,0,F1,25,,,,,
2026-02-18,2026-02-18,FO,NSE,STO,167451,,SHREECEM,,2026-03-30,2026-03-30,30250.0,PE,SHREECEM26MAR30250PE,0.0,0.0,0.0,2965.3,0.0,2965.3,26634.85,3458.2,0,0,0,0.0,0,F1,25,,,,,
2026-02-18,2026-02-18,FO,NSE,STO,158411,,SHREECEM,,2026-03-30,2026-03-30,25500.0,PE,SHREECEM26MAR25500PE,0.0,0.0,0.0,513.2,513.2,513.2,26634.85,226.6,100,0,0,0.0,0,F1,25,,,,,
2026-02-18,2026-02-18,FO,NSE,STO,158343,,SHREECEM,,2026-02-24,2026-02-24,28250.0,PE,SHREECEM26FEB28250PE,0.0,0.0,0.0,2056.2,0.0,2056.2,26634.85,1592.55,0,0,0,0.0,0,F1,25,,,,,
2026-02-18,2026-02-18,FO,NSE,STO,167498,,SHREECEM,,2026-04-28,2026-04-28,22000.0,CE,SHREECEM26APR22000CE,0.0,0.0,0.0,5588.2,0.0,5588.2,26634.85,4869.75,0,0,0,0.0,0,F1,25,,,,,
2026-02-18,2026-02-18,FO,NSE,STO,135284,,SHREECEM,,2026-02-24,2026-02-24,28000.0,CE,SHREECEM26FEB28000CE,32.25,59.1,27.5,30.3,31.1,30.7,26634.85,30.3,22225,1650,3312,2321892445.0,1994,F1,25,,,,,
2026-02-18,2026-02-18,FO,NSE,STO,167511,,SHREECEM,,2026-04-28,2026-04-28,25000.0,PE,SHREECEM26APR25000PE,0.0,0.0,0.0,345.9,0.0,345.9,26634.85,246.85,0,0,0,0.0,0,F1,25,,,,,
2026-02-18,2026-02-18,FO,NSE,STO,167503,,SHREECEM,,2026-04-28,2026-04-28,23000.0,PE,SHREECEM26APR23000PE,0.0,0.0,0.0,79.8,0.0,79.8,26634.85,30.2,0,0,0,0.0,0,F1,25,,,,,
2026-02-18,2026-02-18,FO,NSE,STO,167519,,SHREECEM,,2026-04-28,2026-04-28,27000.0,PE,SHREECEM26APR27000PE,0.0,0.0,0.0,989.75,0.0,989.75,26634.85,969.7,0,0,0,0.0,0,F1,25,,,,,
2026-02-18,2026-02-18,FO,NSE,STO,135233,,SHREECEM,,2026-02-24,2026-02-24,22000.0,CE,SHREECEM26FEB22000CE,0.0,0.0,0.0,4853.65,0.0,4853.65,26634.85,4654.75,0,0,0,0.0,0,F1,25,,,,,
2026-02-18,2026-02-18,FO,NSE,STO,158336,,SHREECEM,,2026-02-24,2026-02-24,26750.0,CE,SHREECEM26FEB26750CE,162.0,307.95,161.5,196.6,190.05,157.7,26634.85,196.6,6700,250,640,431547490.0,519,F1,25,,,,,
2026-02-18,2026-02-18,FO,NSE,STO,135280,,SHREECEM,,2026-02-24,2026-02-24,27000.0,CE,SHREECEM26FEB27000CE,98.85,215.45,95.0,123.45,124.0,108.65,26634.85,123.45,24875,-3625,2361,1602578667.5,1609,F1,25,,,,,
2026-02-18,2026-02-18,FO,NSE,STO,158338,,SHREECEM,,2026-02-24,2026-02-24,27250.0,CE,SHREECEM26FEB27250CE,75.45,139.15,73.5,85.25,80.0,75.1,26634.85,85.25,14850,-3725,649,443825863.75,457,F1,25,,,,,
2026-02-18,2026-02-18,FO,NSE,STO,167430,,SHREECEM,,2026-03-30,2026-03-30,25250.0,CE,SHREECEM26MAR25250CE,0.0,0.0,0.0,2508.15,0.0,2508.15,26634.85,1709.7,0,0,0,0.0,0,F1,25,,,,,
2026-02-18,2026-02-18,FO,NSE,STO,158412,,SHREECEM,,2026-03-30,2026-03-30,26000.0,CE,SHREECEM26MAR26000CE,996.0,1000.15,900.0,900.0,900.0,973.75,26634.85,1159.7,125,25,4,2697303.75,4,F1,25,,,,,
2026-02-18,2026-02-18,FO,NSE,STO,158420,,SHREECEM,,2026-03-30,2026-03-30,28000.0,CE,SHREECEM26MAR28000CE,269.95,270.0,202.05,202.05,202.05,200.05,26634.85,274.15,4400,-50,5,3532047.5,5,F1,25,,,,,
2026-02-18,2026-02-18,FO,NSE,STO,167446,,SHREECEM,,2026-03-30,2026-03-30,29250.0,CE,SHREECEM26MAR29250CE,0.0,0.0,0.0,450.85,0.0,450.85,26634.85,80.05,0,0,0,0.0,0,F1,25,,,,,
2026-02-18,2026-02-18,FO,NSE,STO,167514,,SHREECEM,,2026-04-28,2026-04-28,26000.0,CE,SHREECEM26APR26000CE,0.0,0.0,0.0,2229.05,0.0,2229.05,26634.85,1431.35,0,0,0,0.0,0,F1,25,,,,,
2026-02-18,2026-02-18,FO,NSE,STO,167522,,SHREECEM,,2026-04-28,2026-04-28,28000.0,CE,SHREECEM26APR28000CE,0.0,0.0,0.0,1136.95,0.0,1136.95,26634.85,501.35,0,0,0,0.0,0,F1,25,,,,,
2026-02-18,2026-02-18,FO,NSE,STO,167526,,SHREECEM,,2026-04-28,2026-04-28,29000.0,CE,SHREECEM26APR29000CE,0.0,0.0,0.0,765.85,0.0,765.85,26634.85,260.75,0,0,0,0.0,0,F1,25,,,,,
2026-02-18,2026-02-18,FO,NSE,STO,167530,,SHREECEM,,2026-04-28,2026-04-28,30000.0,CE,SHREECEM26APR30000CE,0.0,0.0,0.0,250.2,250.2,250.2,26634.85,124.4,50,0,0,0.0,0,F1,25,,,,,
2026-02-18,2026-02-18,FO,NSE,STO,135269,,SHREECEM,,2026-02-24,2026-02-24,24000.0,PE,SHREECEM26FEB24000PE,0.0,0.0,0.0,25.45,25.45,25.45,26634.85,0.05,25,0,0,0.0,0,F1,25,,,,,
2026-02-18,2026-02-18,FO,NSE,STO,135275,,SHREECEM,,2026-02-24,2026-02-24,25500.0,PE,SHREECEM26FEB25500PE,85.0,85.0,36.9,42.85,41.8,99.9,26634.85,42.85,1700,-2075,555,354601047.5,428,F1,25,,,,,
2026-02-18,2026-02-18,FO,NSE,STO,158335,,SHREECEM,,2026-02-24,2026-02-24,26250.0,PE,SHREECEM26FEB26250PE,330.0,330.0,150.0,165.0,165.0,330.35,26634.85,165.0,1875,600,93,61546690.0,59,F1,25,,,,,
2026-02-18,2026-02-18,FO,NSE,STO,158339,,SHREECEM,,2026-02-24,2026-02-24,27250.0,PE,SHREECEM26FEB27250PE,0.0,0.0,0.0,1437.0,1478.0,1437.0,26634.85,665.95,1875,0,0,0.0,0,F1,25,,,,,
2026-02-18,2026-02-18,FO,NSE,STO,158345,,SHREECEM,,2026-02-24,2026-02-24,28750.0,PE,SHREECEM26FEB28750PE,0.0,0.0,0.0,2063.4,2063.4,2063.4,26634.85,2089.5,150,0,0,0.0,0,F1,25,,,,,
2026-02-18,2026-02-18,FO,NSE,STO,158421,,SHREECEM,,2026-03-30,2026-03-30,28000.0,PE,SHREECEM26MAR28000PE,1800.0,1800.0,1800.0,1800.0,1800.0,2000.0,26634.85,1471.05,1075,25,1,745000.0,1,F1,25,,,,,
2026-02-18,2026-02-18,FO,NSE,STO,135270,,SHREECEM,,2026-02-24,2026-02-24,24500.0,CE,SHREECEM26FEB24500CE,0.0,0.0,0.0,2739.7,0.0,2739.7,26634.85,2157.1,0,0,0,0.0,0,F1,25,,,,,
2026-02-18,2026-02-18,FO,NSE,STO,158422,,SHREECEM,,2026-03-30,2026-03-30,28500.0,CE,SHREECEM26MAR28500CE,0.0,0.0,0.0,570.05,570.05,570.05,26634.85,172.85,175,0,0,0.0,0,F1,25,,,,,
2026-02-18,2026-02-18,FO,NSE,STO,158424,,SHREECEM,,2026-03-30,2026-03-30,29000.0,CE,SHREECEM26MAR29000CE,0.0,0.0,0.0,239.45,239.45,239.45,26634.85,104.55,450,0,0,0.0,0,F1,25,,,,,
2026-02-18,2026-02-18,FO,NSE,STO,158428,,SHREECEM,,2026-03-30,2026-03-30,30000.0,CE,SHREECEM26MAR30000CE,0.0,0.0,0.0,302.4,0.0,302.4,26634.85,33.8,0,0,0,0.0,0,F1,25,,,,,
2026-02-18,2026-02-18,FO,NSE,STO,158337,,SHREECEM,,2026-02-24,2026-02-24,26750.0,PE,SHREECEM26FEB26750PE,422.65,449.35,376.25,406.95,419.65,636.5,26634.85,406.95,3100,1025,55,37343031.25,34,F1,25,,,,,
2026-02-18,2026-02-18,FO,NSE,STO,158341,,SHREECEM,,2026-02-24,2026-02-24,27750.0,PE,SHREECEM26FEB27750PE,1402.8,1402.8,1092.15,1092.15,1092.15,1547.0,26634.85,1107.75,500,-25,10,7265466.25,6,F1,25,,,,,
2026-02-18,2026-02-18,FO,NSE,STO,135293,,SHREECEM,,2026-02-24,2026-02-24,29500.0,PE,SHREECEM26FEB29500PE,0.0,0.0,0.0,3045.0,0.0,3045.0,26634.85,2838.5,0,0,0,0.0,0,F1,25,,,,,
2026-02-18,2026-02-18,FO,NSE,STO,158349,,SHREECEM,,2026-02-24,2026-02-24,29750.0,PE,SHREECEM26FEB29750PE,0.0,0.0,0.0,3287.9,0.0,3287.9,26634.85,3088.25,0,0,0,0.0,0,F1,25,,,,,
2026-02-18,2026-02-18,FO,NSE,STO,135301,,SHREECEM,,2026-02-24,2026-02-24,31000.0,PE,SHREECEM26FEB31000PE,0.0,0.0,0.0,3475.0,3475.0,3475.0,26634.85,4337.15,25,0,0,0.0,0,F1,25,,,,,
2026-02-18,2026-02-18,FO,NSE,STO,158403,,SHREECEM,,2026-03-30,2026-03-30,23500.0,PE,SHREECEM26MAR23500PE,0.0,0.0,0.0,214.9,0.0,214.9,26634.85,14.8,0,0,0,0.0,0,F1,25,,,,,
2026-02-18,2026-02-18,FO,NSE,STO,167427,,SHREECEM,,2026-03-30,2026-03-30,24250.0,PE,SHREECEM26MAR24250PE,0.0,0.0,0.0,120.6,0.0,120.6,26634.85,48.5,0,0,0,0.0,0,F1,25,,,,,
2026-02-18,2026-02-18,FO,NSE,STO,158417,,SHREECEM,,2026-03-30,2026-03-30,27000.0,PE,SHREECEM26MAR27000PE,1169.95,1310.0,1130.0,1300.0,1280.05,1199.95,26634.85,1300.0,1600,75,12,8471245.0,11,F1,25,,,,,
2026-02-18,2026-02-18,FO,NSE,STO,167507,,SHREECEM,,2026-04-28,2026-04-28,24000.0,PE,SHREECEM26APR24000PE,0.0,0.0,0.0,176.5,0.0,176.5,26634.85,96.25,0,0,0,0.0,0,F1,25,,,,,
2026-02-18,2026-02-18,FO,NSE,STO,167509,,SHREECEM,,2026-04-28,2026-04-28,24500.0,PE,SHREECEM26APR24500PE,0.0,0.0,0.0,250.55,0.0,250.55,26634.85,158.0,0,0,0,0.0,0,F1,25,,,,,
2026-02-18,2026-02-18,FO,NSE,STO,167515,,SHREECEM,,2026-04-28,2026-04-28,26000.0,PE,SHREECEM26APR26000PE,0.0,0.0,0.0,630.0,630.0,630.0,26634.85,527.55,25,0,0,0.0,0,F1,25,,,,,
2026-02-18,2026-02-18,FO,NSE,STO,167426,,SHREECEM,,2026-03-30,2026-03-30,24250.0,CE,SHREECEM26MAR24250CE,0.0,0.0,0.0,3344.25,0.0,3344.25,26634.85,2579.05,0,0,0,0.0,0,F1,25,,,,,
2026-02-18,2026-02-18,FO,NSE,STO,167510,,SHREECEM,,2026-04-28,2026-04-28,25000.0,CE,SHREECEM26APR25000CE,0.0,0.0,0.0,2948.75,0.0,2948.75,26634.85,2140.3,0,0,0,0.0,0,F1,25,,,,,
2026-02-18,2026-02-18,FO,NSE,STO,167528,,SHREECEM,,2026-04-28,2026-04-28,29500.0,CE,SHREECEM26APR29500CE,0.0,0.0,0.0,619.45,0.0,619.45,26634.85,182.05,0,0,0,0.0,0,F1,25,,,,,
2026-02-18,2026-02-18,FO,NSE,STO,158331,,SHREECEM,,2026-02-24,2026-02-24,25250.0,PE,SHREECEM26FEB25250PE,0.0,0.0,0.0,114.05,114.05,114.05,26634.85,4.1,100,0,0,0.0,0,F1,25,,,,,
2026-02-18,2026-02-18,FO,NSE,STO,135279,,SHREECEM,,2026-02-24,2026-02-24,26500.0,PE,SHREECEM26FEB26500PE,350.05,397.7,220.0,263.85,291.7,458.45,26634.85,263.85,5100,775,244,163450417.5,206,F1,25,,,,,
2026-02-18,2026-02-18,FO,NSE,STO,158413,,SHREECEM,,2026-03-30,2026-03-30,26000.0,PE,SHREECEM26MAR26000PE,620.0,680.0,600.0,600.0,600.0,780.75,26634.85,368.65,875,125,8,5332220.0,8,F1,25,,,,,
2026-02-18,2026-02-18,FO,NSE,STO,167435,,SHREECEM,,2026-03-30,2026-03-30,26250.0,PE,SHREECEM26MAR26250PE,0.0,0.0,0.0,539.35,0.0,539.35,26634.85,458.95,0,0,0,0.0,0,F1,25,,,,,
2026-02-18,2026-02-18,FO,NSE,STO,158415,,SHREECEM,,2026-03-30,2026-03-30,26500.0,PE,SHREECEM26MAR26500PE,809.25,809.25,809.25,809.25,809.25,901.0,26634.85,562.95,100,25,1,682731.25,1,F1,25,,,,,
2026-02-18,2026-02-18,FO,NSE,STO,167437,,SHREECEM,,2026-03-30,2026-03-30,26750.0,PE,SHREECEM26MAR26750PE,0.0,0.0,0.0,723.0,0.0,723.0,26634.85,680.95,0,0,0,0.0,0,F1,25,,,,,
2026-02-18,2026-02-18,FO,NSE,STO,158427,,SHREECEM,,2026-03-30,2026-03-30,29500.0,PE,SHREECEM26MAR29500PE,0.0,0.0,0.0,3110.05,0.0,3110.05,26634.85,2748.55,0,0,0,0.0,0,F1,25,,,,,
2026-02-18,2026-02-18,FO,NSE,STO,167523,,SHREECEM,,2026-04-28,2026-04-28,28000.0,PE,SHREECEM26APR28000PE,0.0,0.0,0.0,1488.15,0.0,1488.15,26634.85,1576.9,0,0,0,0.0,0,F1,25,,,,,
2026-02-18,2026-02-18,FO,NSE,STO,167527,,SHREECEM,,2026-04-28,2026-04-28,29000.0,PE,SHREECEM26APR29000PE,0.0,0.0,0.0,2101.7,0.0,2101.7,26634.85,2325.95,0,0,0,0.0,0,F1,25,,,,,
2026-02-18,2026-02-18,FO,NSE,STO,158332,,SHREECEM,,2026-02-24,2026-02-24,25750.0,CE,SHREECEM26FEB25750CE,829.85,907.5,829.85,907.5,907.5,604.95,26634.85,935.5,225,0,3,1997370.0,3,F1,25,,,,,
2026-02-18,2026-02-18,FO,NSE,STO,158344,,SHREECEM,,2026-02-24,2026-02-24,28750.0,CE,SHREECEM26FEB28750CE,21.45,21.45,15.0,15.95,16.65,42.75,26634.85,15.95,1050,-400,20,14384591.25,8,F1,25,,,,,
2026-02-18,2026-02-18,FO,NSE,STO,158346,,SHREECEM,,2026-02-24,2026-02-24,29250.0,CE,SHREECEM26FEB29250CE,0.0,0.0,0.0,215.5,0.0,215.5,26634.85,0.05,0,0,0,0.0,0,F1,25,,,,,
2026-02-18,2026-02-18,FO,NSE,STO,158432,,SHREECEM,,2026-03-30,2026-03-30,31000.0,CE,SHREECEM26MAR31000CE,0.0,0.0,0.0,179.6,0.0,179.6,26634.85,9.3,0,0,0,0.0,0,F1,25,,,,,
2026-02-18,2026-02-18,FO,NSE,STO,135277,,SHREECEM,,2026-02-24,2026-02-24,26000.0,PE,SHREECEM26FEB26000PE,109.5,189.05,80.0,100.75,111.6,221.55,26634.85,100.75,7575,-925,728,475507318.75,543,F1,25,,,,,
2026-02-18,2026-02-18,FO,NSE,STO,135267,,SHREECEM,,2026-02-24,2026-02-24,23500.0,PE,SHREECEM26FEB23500PE,1.65,1.65,1.65,1.65,1.65,22.0,26634.85,1.65,875,-100,4,2350165.0,2,F1,25,,,,,
2026-02-18,2026-02-18,FO,NSE,STO,167524,,SHREECEM,,2026-04-28,2026-04-28,28500.0,CE,SHREECEM26APR28500CE,0.0,0.0,0.0,937.7,0.0,937.7,26634.85,365.55,0,0,0,0.0,0,F1,25,,,,,
2026-02-18,2026-02-18,FO,NSE,STO,167506,,SHREECEM,,2026-04-28,2026-04-28,24000.0,CE,SHREECEM26APR24000CE,0.0,0.0,0.0,3764.05,0.0,3764.05,26634.85,2979.35,0,0,0,0.0,0,F1,25,,,,,
2026-02-18,2026-02-18,FO,NSE,STO,158434,,SHREECEM,,2026-03-30,2026-03-30,31500.0,CE,SHREECEM26MAR31500CE,0.0,0.0,0.0,136.45,0.0,136.45,26634.85,4.6,0,0,0,0.0,0,F1,25,,,,,
2026-02-18,2026-02-18,FO,NSE,STO,167438,,SHREECEM,,2026-03-30,2026-03-30,27250.0,CE,SHREECEM26MAR27250CE,0.0,0.0,0.0,350.0,350.0,350.0,26634.85,507.05,25,0,0,0.0,0,F1,25,,,,,
2026-02-18,2026-02-18,FO,NSE,STO,158414,,SHREECEM,,2026-03-30,2026-03-30,26500.0,CE,SHREECEM26MAR26500CE,678.0,700.05,678.0,689.1,700.05,673.45,26634.85,689.1,125,0,3,2038903.75,3,F1,25,,,,,
2026-02-18,2026-02-18,FO,NSE,STO,167432,,SHREECEM,,2026-03-30,2026-03-30,25750.0,CE,SHREECEM26MAR25750CE,0.0,0.0,0.0,1970.85,1970.85,1970.85,26634.85,1331.05,125,0,0,0.0,0,F1,25,,,,,
2026-02-18,2026-02-18,FO,NSE,STO,167443,,SHREECEM,,2026-03-30,2026-03-30,28250.0,PE,SHREECEM26MAR28250PE,0.0,0.0,0.0,1535.5,1535.5,1535.5,26634.85,1664.2,550,0,0,0.0,0,F1,25,,,,,
2026-02-18,2026-02-18,FO,NSE,STO,135307,,SHREECEM,,2026-02-24,2026-02-24,31500.0,PE,SHREECEM26FEB31500PE,0.0,0.0,0.0,4736.55,0.0,4736.55,26634.85,4836.7,0,0,0,0.0,0,F1,25,,,,,
2026-02-18,2026-02-18,FO,NSE,STO,135285,,SHREECEM,,2026-02-24,2026-02-24,28000.0,PE,SHREECEM26FEB28000PE,1400.0,1400.0,1400.0,1400.0,1400.0,1825.0,26634.85,1347.35,1600,-25,1,735000.0,1,F1,25,,,,,
2026-02-18,2026-02-18,FO,NSE,STO,158400,,SHREECEM,,2026-03-30,2026-03-30,23000.0,CE,SHREECEM26MAR23000CE,0.0,0.0,0.0,3828.65,0.0,3828.65,26634.85,3778.95,0,0,0,0.0,0,F1,25,,,,,
2026-02-18,2026-02-18,FO,NSE,STO,158423,,SHREECEM,,2026-03-30,2026-03-30,28500.0,PE,SHREECEM26MAR28500PE,0.0,0.0,0.0,1765.15,1765.15,1765.15,26634.85,1866.75,175,0,0,0.0,0,F1,25,,,,,
2026-02-18,2026-02-18,FO,NSE,STO,167449,,SHREECEM,,2026-03-30,2026-03-30,29750.0,PE,SHREECEM26MAR29750PE,0.0,0.0,0.0,2557.95,0.0,2557.95,26634.85,2981.9,0,0,0,0.0,0,F1,25,,,,,
2026-02-18,2026-02-18,FO,NSE,STO,158342,,SHREECEM,,2026-02-24,2026-02-24,28250.0,CE,SHREECEM26FEB28250CE,0.0,0.0,0.0,124.7,124.7,124.7,26634.85,2.9,75,0,0,0.0,0,F1,25,,,,,
2026-02-18,2026-02-18,FO,NSE,STO,135300,,SHREECEM,,2026-02-24,2026-02-24,31000.0,CE,SHREECEM26FEB31000CE,4.0,4.95,4.0,4.95,4.95,4.0,26634.85,0.05,1075,-25,4,3100447.5,4,F1,25,,,,,
2026-02-18,2026-02-18,FO,NSE,STO,158396,,SHREECEM,,2026-03-30,2026-03-30,22000.0,CE,SHREECEM26MAR22000CE,0.0,0.0,0.0,4729.25,0.0,4729.25,26634.85,4767.7,0,0,0,0.0,0,F1,25,,,,,
2026-02-18,2026-02-18,FO,NSE,STO,158329,,SHREECEM,,2026-02-24,2026-02-24,24750.0,PE,SHREECEM26FEB24750PE,0.0,0.0,0.0,36.5,39.9,36.5,26634.85,0.35,325,0,0,0.0,0,F1,25,,,,,
2026-02-18,2026-02-18,FO,NSE,STO,167534,,SHREECEM,,2026-04-28,2026-04-28,31000.0,CE,SHREECEM26APR31000CE,0.0,0.0,0.0,310.35,0.0,310.35,26634.85,54.6,0,0,0,0.0,0,F1,25,,,,,
2026-02-18,2026-02-18,FO,NSE,STO,158350,,SHREECEM,,2026-02-24,2026-02-24,30250.0,CE,SHREECEM26FEB30250CE,0.0,0.0,0.0,14.0,14.0,14.0,26634.85,0.05,300,0,0,0.0,0,F1,25,,,,,
2026-02-18,2026-02-18,FO,NSE,STO,135294,,SHREECEM,,2026-02-24,2026-02-24,30000.0,CE,SHREECEM26FEB30000CE,7.95,12.0,6.65,9.0,9.85,9.35,26634.85,9.0,4650,-1575,1052,789238083.75,952,F1,25,,,,,
2026-02-18,2026-02-18,FO,NSE,STF,59467,,SHREECEM,,2026-02-24,2026-02-24,,,SHREECEM26FEBFUT,24400.0,26695.0,24400.0,26525.0,26515.0,26260.0,26634.85,26525.0,278300,-56550,4672,3097324500.0,3833,F1,25,,,,,
2026-02-18,2026-02-18,FO,NSE,STO,135272,,SHREECEM,,2026-02-24,2026-02-24,25000.0,CE,SHREECEM26FEB25000CE,0.0,0.0,0.0,1327.75,1341.55,1327.75,26634.85,1658.75,475,0,0,0.0,0,F1,25,,,,,
2026-02-18,2026-02-18,FO,NSE,STO,135249,,SHREECEM,,2026-02-24,2026-02-24,22500.0,CE,SHREECEM26FEB22500CE,0.0,0.0,0.0,4397.0,0.0,4397.0,26634.85,4155.2,0,0,0,0.0,0,F1,25,,,,,
2026-02-18,2026-02-18,FO,NSE,STO,135278,,SHREECEM,,2026-02-24,2026-02-24,26500.0,CE,SHREECEM26FEB26500CE,230.15,425.4,230.1,305.4,290.3,236.5,26634.85,305.4,7525,-3400,1187,796377025.0,893,F1,25,,,,,
2026-02-18,2026-02-18,FO,NSE,STO,158401,,SHREECEM,,2026-03-30,2026-03-30,23000.0,PE,SHREECEM26MAR23000PE,0.0,0.0,0.0,148.1,0.0,148.1,26634.85,5.9,0,0,0,0.0,0,F1,25,,,,,
2026-02-18,2026-02-18,FO,NSE,STO,167425,,SHREECEM,,2026-03-30,2026-03-30,23750.0,PE,SHREECEM26MAR23750PE,0.0,0.0,0.0,75.2,0.0,75.2,26634.85,22.5,0,0,0,0.0,0,F1,25,,,,,
2026-02-18,2026-02-18,FO,NSE,STO,167429,,SHREECEM,,2026-03-30,2026-03-30,24750.0,PE,SHREECEM26MAR24750PE,0.0,0.0,0.0,185.35,0.0,185.35,26634.85,95.45,0,0,0,0.0,0,F1,25,,,,,
2026-02-18,2026-02-18,FO,NSE,STO,167431,,SHREECEM,,2026-03-30,2026-03-30,25250.0,PE,SHREECEM26MAR25250PE,0.0,0.0,0.0,453.9,453.9,453.9,26634.85,173.1,100,0,0,0.0,0,F1,25,,,,,
2026-02-18,2026-02-18,FO,NSE,STO,167445,,SHREECEM,,2026-03-30,2026-03-30,28750.0,PE,SHREECEM26MAR28750PE,0.0,0.0,0.0,1817.25,0.0,1817.25,26634.85,2077.5,0,0,0,0.0,0,F1,25,,,,,
2026-02-18,2026-02-18,FO,NSE,STO,167535,,SHREECEM,,2026-04-28,2026-04-28,31000.0,PE,SHREECEM26APR31000PE,0.0,0.0,0.0,3615.6,0.0,3615.6,26634.85,4099.1,0,0,0,0.0,0,F1,25,,,,,
2026-02-18,2026-02-18,FO,NSE,STO,158405,,SHREECEM,,2026-03-30,2026-03-30,24000.0,PE,SHREECEM26MAR24000PE,0.0,0.0,0.0,302.45,0.0,302.45,26634.85,33.45,0,0,0,0.0,0,F1,25,,,,,
2026-02-18,2026-02-18,FO,NSE,STO,167447,,SHREECEM,,2026-03-30,2026-03-30,29250.0,PE,SHREECEM26MAR29250PE,0.0,0.0,0.0,2174.9,0.0,2174.9,26634.85,2519.4,0,0,0,0.0,0,F1,25,,,,,
2026-02-18,2026-02-18,FO,NSE,STO,167525,,SHREECEM,,2026-04-28,2026-04-28,28500.0,PE,SHREECEM26APR28500PE,0.0,0.0,0.0,1781.25,0.0,1781.25,26634.85,1935.9,0,0,0,0.0,0,F1,25,,,,,
2026-02-18,2026-02-18,FO,NSE,STO,158435,,SHREECEM,,2026-03-30,2026-03-30,31500.0,PE,SHREECEM26MAR31500PE,0.0,0.0,0.0,4830.05,0.0,4830.05,26634.85,4680.45,0,0,0,0.0,0,F1,25,,,,,
2026-02-18,2026-02-18,FO,NSE,STO,135268,,SHREECEM,,2026-02-24,2026-02-24,24000.0,CE,SHREECEM26FEB24000CE,0.0,0.0,0.0,3122.55,0.0,3122.55,26634.85,2656.55,0,0,0,0.0,0,F1,25,,,,,
2026-02-18,2026-02-18,FO,NSE,STO,158330,,SHREECEM,,2026-02-24,2026-02-24,25250.0,CE,SHREECEM26FEB25250CE,0.0,0.0,0.0,1772.35,0.0,1772.35,26634.85,1411.8,0,0,0,0.0,0,F1,25,,,,,
2026-02-18,2026-02-18,FO,NSE,STO,158437,,SHREECEM,,2026-03-30,2026-03-30,32000.0,PE,SHREECEM26MAR32000PE,0.0,0.0,0.0,4700.0,4700.0,4700.0,26634.85,5175.05,25,0,0,0.0,0,F1,25,,,,,
2026-02-18,2026-02-18,FO,NSE,STO,135298,,SHREECEM,,2026-02-24,2026-02-24,30500.0,CE,SHREECEM26FEB30500CE,0.0,0.0,0.0,276.6,0.0,276.6,26634.85,0.05,0,0,0,0.0,0,F1,25,,,,,
2026-02-18,2026-02-18,FO,NSE,STO,158426,,SHREECEM,,2026-03-30,2026-03-30,29500.0,CE,SHREECEM26MAR29500CE,0.0,0.0,0.0,45.5,45.5,45.5,26634.85,60.65,175,0,0,0.0,0,F1,25,,,,,
2026-02-18,2026-02-18,FO,NSE,STO,167513,,SHREECEM,,2026-04-28,2026-04-28,25500.0,PE,SHREECEM26APR25500PE,0.0,0.0,0.0,466.2,0.0,466.2,26634.85,368.45,0,0,0,0.0,0,F1,25,,,,,
2026-02-18,2026-02-18,FO,NSE,STO,167444,,SHREECEM,,2026-03-30,2026-03-30,28750.0,CE,SHREECEM26MAR28750CE,0.0,0.0,0.0,479.7,479.7,479.7,26634.85,135.1,25,0,0,0.0,0,F1,25,,,,,
2026-02-18,2026-02-18,FO,NSE,STO,167440,,SHREECEM,,2026-03-30,2026-03-30,27750.0,CE,SHREECEM26MAR27750CE,0.0,0.0,0.0,805.3,805.3,805.3,26634.85,340.0,25,0,0,0.0,0,F1,25,,,,,
2026-02-18,2026-02-18,FO,NSE,STO,158408,,SHREECEM,,2026-03-30,2026-03-30,25000.0,CE,SHREECEM26MAR25000CE,0.0,0.0,0.0,2261.55,0.0,2261.55,26634.85,1914.9,0,0,0,0.0,0,F1,25,,,,,
2026-02-18,2026-02-18,FO,NSE,STO,167428,,SHREECEM,,2026-03-30,2026-03-30,24750.0,CE,SHREECEM26MAR24750CE,0.0,0.0,0.0,2914.25,0.0,2914.25,26634.85,2129.05,0,0,0,0.0,0,F1,25,,,,,
2026-02-18,2026-02-18,FO,NSE,STO,135273,,SHREECEM,,2026-02-24,2026-02-24,25000.0,PE,SHREECEM26FEB25000PE,30.05,39.05,21.35,23.5,22.5,48.4,26634.85,23.5,7775,250,707,442377740.0,599,F1,25,,,,,
2026-02-18,2026-02-18,FO,NSE,STO,135289,,SHREECEM,,2026-02-24,2026-02-24,29000.0,PE,SHREECEM26FEB29000PE,2222.0,2480.0,2222.0,2444.0,2444.0,2332.0,26634.85,2339.05,200,0,3,2353650.0,3,F1,25,,,,,
2026-02-18,2026-02-18,FO,NSE,STO,158398,,SHREECEM,,2026-03-30,2026-03-30,22500.0,CE,SHREECEM26MAR22500CE,0.0,0.0,0.0,4271.9,0.0,4271.9,26634.85,4272.15,0,0,0,0.0,0,F1,25,,,,,
2026-02-18,2026-02-18,FO,NSE,STO,158429,,SHREECEM,,2026-03-30,2026-03-30,30000.0,PE,SHREECEM26MAR30000PE,0.0,0.0,0.0,3518.2,0.0,3518.2,26634.85,3218.65,0,0,0,0.0,0,F1,25,,,,,
2026-02-18,2026-02-18,FO,NSE,STO,167441,,SHREECEM,,2026-03-30,2026-03-30,27750.0,PE,SHREECEM26MAR27750PE,0.0,0.0,0.0,1199.35,0.0,1199.35,26634.85,1288.4,0,0,0,0.0,0,F1,25,,,,,
2026-02-18,2026-02-18,FO,NSE,STO,167439,,SHREECEM,,2026-03-30,2026-03-30,27250.0,PE,SHREECEM26MAR27250PE,0.0,0.0,0.0,942.95,0.0,942.95,26634.85,958.45,0,0,0,0.0,0,F1,25,,,,,
2026-02-18,2026-02-18,FO,NSE,STO,158409,,SHREECEM,,2026-03-30,2026-03-30,25000.0,PE,SHREECEM26MAR25000PE,0.0,0.0,0.0,425.05,425.0,425.05,26634.85,129.8,550,0,0,0.0,0,F1,25,,,,,
2026-02-18,2026-02-18,FO,NSE,STO,158399,,SHREECEM,,2026-03-30,2026-03-30,22500.0,PE,SHREECEM26MAR22500PE,0.0,0.0,0.0,98.75,0.0,98.75,26634.85,2.1,0,0,0,0.0,0,F1,25,,,,,
2026-02-18,2026-02-18,FO,NSE,STO,135299,,SHREECEM,,2026-02-24,2026-02-24,30500.0,PE,SHREECEM26FEB30500PE,0.0,0.0,0.0,3030.85,3030.85,3030.85,26634.85,3837.6,0,0,0,0.0,0,F1,25,,,,,
2026-02-18,2026-02-18,FO,NSE,STO,158351,,SHREECEM,,2026-02-24,2026-02-24,30250.0,PE,SHREECEM26FEB30250PE,0.0,0.0,0.0,3736.95,0.0,3736.95,26634.85,3587.8,0,0,0,0.0,0,F1,25,,,,,
2026-02-18,2026-02-18,FO,NSE,STO,158333,,SHREECEM,,2026-02-24,2026-02-24,25750.0,PE,SHREECEM26FEB25750PE,67.55,112.9,50.0,58.55,63.05,209.55,26634.85,58.55,1500,-100,34,21955808.75,26,F1,25,,,,,
2026-02-18,2026-02-18,FO,NSE,STO,167520,,SHREECEM,,2026-04-28,2026-04-28,27500.0,CE,SHREECEM26APR27500CE,0.0,0.0,0.0,1365.15,0.0,1365.15,26634.85,672.9,0,0,0,0.0,0,F1,25,,,,,
2026-02-18,2026-02-18,FO,NSE,STO,167512,,SHREECEM,,2026-04-28,2026-04-28,25500.0,CE,SHREECEM26APR25500CE,0.0,0.0,0.0,2576.7,0.0,2576.7,26634.85,1767.05,0,0,0,0.0,0,F1,25,,,,,
2026-02-18,2026-02-18,FO,NSE,STO,158430,,SHREECEM,,2026-03-30,2026-03-30,30500.0,CE,SHREECEM26MAR30500CE,0.0,0.0,0.0,234.15,0.0,234.15,26634.85,18.1,0,0,0,0.0,0,F1,25,,,,,
2026-02-18,2026-02-18,FO,NSE,STO,158418,,SHREECEM,,2026-03-30,2026-03-30,27500.0,CE,SHREECEM26MAR27500CE,0.0,0.0,0.0,394.85,394.85,394.85,26634.85,417.3,25,0,0,0.0,0,F1,25,,,,,
2026-02-18,2026-02-18,FO,NSE,STO,135286,,SHREECEM,,2026-02-24,2026-02-24,28500.0,CE,SHREECEM26FEB28500CE,30.0,33.05,17.25,17.3,17.3,21.9,26634.85,17.3,1375,-550,60,42782410.0,39,F1,25,,,,,
2026-02-18,2026-02-18,FO,NSE,STO,158326,,SHREECEM,,2026-02-24,2026-02-24,24250.0,CE,SHREECEM26FEB24250CE,0.0,0.0,0.0,2524.75,0.0,2524.75,26634.85,2406.8,0,0,0,0.0,0,F1,25,,,,,
2026-02-18,2026-02-18,FO,NSE,STO,158433,,SHREECEM,,2026-03-30,2026-03-30,31000.0,PE,SHREECEM26MAR31000PE,0.0,0.0,0.0,4380.55,0.0,4380.55,26634.85,4188.15,0,0,0,0.0,0,F1,25,,,,,
2026-02-18,2026-02-18,FO,NSE,STO,135265,,SHREECEM,,2026-02-24,2026-02-24,23000.0,PE,SHREECEM26FEB23000PE,0.0,0.0,0.0,152.65,0.0,152.65,26634.85,0.05,0,0,0,0.0,0,F1,25,,,,,
2026-02-18,2026-02-18,FO,NSE,STO,158347,,SHREECEM,,2026-02-24,2026-02-24,29250.0,PE,SHREECEM26FEB29250PE,0.0,0.0,0.0,2855.25,0.0,2855.25,26634.85,2588.75,0,0,0,0.0,0,F1,25,,,,,
2026-02-18,2026-02-18,FO,NSE,STO,158407,,SHREECEM,,2026-03-30,2026-03-30,24500.0,PE,SHREECEM26MAR24500PE,0.0,0.0,0.0,413.85,0.0,413.85,26634.85,68.75,0,0,0,0.0,0,F1,25,,,,,
2026-02-18,2026-02-18,FO,NSE,STO,167433,,SHREECEM,,2026-03-30,2026-03-30,25750.0,PE,SHREECEM26MAR25750PE,0.0,0.0,0.0,566.5,566.5,566.5,26634.85,291.45,50,0,0,0.0,0,F1,25,,,,,
2026-02-18,2026-02-18,FO,NSE,STO,158419,,SHREECEM,,2026-03-30,2026-03-30,27500.0,PE,SHREECEM26MAR27500PE,0.0,0.0,0.0,1691.35,0.0,1691.35,26634.85,1117.2,0,0,0,0.0,0,F1,25,,,,,
2026-02-18,2026-02-18,FO,NSE,STO,167521,,SHREECEM,,2026-04-28,2026-04-28,27500.0,PE,SHREECEM26APR27500PE,0.0,0.0,0.0,1224.0,0.0,1224.0,26634.85,1253.6,0,0,0,0.0,0,F1,25,,,,,
2026-02-18,2026-02-18,FO,NSE,STF,67010,,SHREECEM,,2026-04-28,2026-04-28,,,SHREECEM26APRFUT,26350.0,26435.0,25950.0,25975.0,26035.0,26090.0,26634.85,25975.0,4875,2525,141,92025375.0,82,F1,25,,,,,
2026-02-18,2026-02-18,FO,NSE,STO,135266,,SHREECEM,,2026-02-24,2026-02-24,23500.0,CE,SHREECEM26FEB23500CE,0.0,0.0,0.0,3528.35,0.0,3528.35,26634.85,3156.1,0,0,0,0.0,0,F1,25,,,,,
2026-02-18,2026-02-18,FO,NSE,STO,158324,,SHREECEM,,2026-02-24,2026-02-24,23750.0,CE,SHREECEM26FEB23750CE,0.0,0.0,0.0,2945.0,0.0,2945.0,26634.85,2906.3,0,0,0,0.0,0,F1,25,,,,,
2026-02-18,2026-02-18,FO,NSE,STO,158334,,SHREECEM,,2026-02-24,2026-02-24,26250.0,CE,SHREECEM26FEB26250CE,349.85,598.9,349.85,458.05,445.2,352.95,26634.85,458.05,2400,-275,517,345939228.75,458,F1,25,,,,,
2026-02-18,2026-02-18,FO,NSE,STO,135282,,SHREECEM,,2026-02-24,2026-02-24,27500.0,CE,SHREECEM26FEB27500CE,50.0,97.8,48.35,52.65,55.65,50.0,26634.85,52.65,15475,-1750,1360,937292711.25,780,F1,25,,,,,
2026-02-18,2026-02-18,FO,NSE,STO,135288,,SHREECEM,,2026-02-24,2026-02-24,29000.0,CE,SHREECEM26FEB29000CE,13.0,16.05,12.2,12.6,12.2,16.2,26634.85,12.6,7525,-700,69,50049382.5,43,F1,25,,,,,
2026-02-18,2026-02-18,FO,NSE,STO,135306,,SHREECEM,,2026-02-24,2026-02-24,31500.0,CE,SHREECEM26FEB31500CE,2.5,2.5,2.5,2.5,2.5,2.5,26634.85,2.5,700,-25,2,1575125.0,2,F1,25,,,,,
2026-02-18,2026-02-18,FO,NSE,STO,158410,,SHREECEM,,2026-03-30,2026-03-30,25500.0,CE,SHREECEM26MAR25500CE,0.0,0.0,0.0,1935.9,0.0,1935.9,26634.85,1514.7,0,0,0,0.0,0,F1,25,,,,,
2026-02-18,2026-02-18,FO,NSE,STO,167434,,SHREECEM,,2026-03-30,2026-03-30,26250.0,CE,SHREECEM26MAR26250CE,814.5,814.5,795.05,795.05,795.05,770.0,26634.85,795.05,150,0,2,1352738.75,2,F1,25,,,,,
2026-02-18,2026-02-18,FO,NSE,STO,167436,,SHREECEM,,2026-03-30,2026-03-30,26750.0,CE,SHREECEM26MAR26750CE,607.0,607.0,607.0,607.0,607.0,550.0,26634.85,726.55,25,0,1,683925.0,1,F1,25,,,,,
2026-02-18,2026-02-18,FO,NSE,STO,167516,,SHREECEM,,2026-04-28,2026-04-28,26500.0,CE,SHREECEM26APR26500CE,0.0,0.0,0.0,1911.35,0.0,1911.35,26634.85,1136.45,0,0,0,0.0,0,F1,25,,,,,
2026-02-18,2026-02-18,FO,NSE,STO,167505,,SHREECEM,,2026-04-28,2026-04-28,23500.0,PE,SHREECEM26APR23500PE,0.0,0.0,0.0,120.6,0.0,120.6,26634.85,55.5,0,0,0,0.0,0,F1,25,,,,,
2026-02-18,2026-02-18,FO,NSE,STO,167499,,SHREECEM,,2026-04-28,2026-04-28,22000.0,PE,SHREECEM26APR22000PE,0.0,0.0,0.0,31.3,0.0,31.3,26634.85,7.3,0,0,0,0.0,0,F1,25,,,,,
2026-02-18,2026-02-18,FO,NSE,STO,135263,,SHREECEM,,2026-02-24,2026-02-24,22500.0,PE,SHREECEM26FEB22500PE,0.0,0.0,0.0,12.05,12.0,12.05,26634.85,0.05,1575,0,0,0.0,0,F1,25,,,,,
2026-02-18,2026-02-18,FO,NSE,STO,167508,,SHREECEM,,2026-04-28,2026-04-28,24500.0,CE,SHREECEM26APR24500CE,0.0,0.0,0.0,3345.75,0.0,3345.75,26634.85,2546.3,0,0,0,0.0,0,F1,25,,,,,
2026-02-18,2026-02-18,FO,NSE,STO,167424,,SHREECEM,,2026-03-30,2026-03-30,23750.0,CE,SHREECEM26MAR23750CE,0.0,0.0,0.0,3793.6,0.0,3793.6,26634.85,3050.1,0,0,0,0.0,0,F1,25,,,,,
2026-02-18,2026-02-18,FO,NSE,STO,158328,,SHREECEM,,2026-02-24,2026-02-24,24750.0,CE,SHREECEM26FEB24750CE,0.0,0.0,0.0,2132.4,0.0,2132.4,26634.85,1907.6,0,0,0,0.0,0,F1,25,,,,,
2026-02-18,2026-02-18,FO,NSE,STO,167531,,SHREECEM,,2026-04-28,2026-04-28,30000.0,PE,SHREECEM26APR30000PE,0.0,0.0,0.0,2818.4,0.0,2818.4,26634.85,3179.25,0,0,0,0.0,0,F1,25,,,,,
2026-02-18,2026-02-18,FO,NSE,STO,167529,,SHREECEM,,2026-04-28,2026-04-28,29500.0,PE,SHREECEM26APR29500PE,0.0,0.0,0.0,2447.65,0.0,2447.65,26634.85,2742.1,0,0,0,0.0,0,F1,25,,,,,
2026-02-18,2026-02-18,FO,NSE,STO,158325,,SHREECEM,,2026-02-24,2026-02-24,23750.0,PE,SHREECEM26FEB23750PE,0.0,0.0,0.0,135.6,0.0,135.6,26634.85,0.05,0,0,0,0.0,0,F1,25,,,,,
2026-02-18,2026-02-18,FO,NSE,STO,158327,,SHREECEM,,2026-02-24,2026-02-24,24250.0,PE,SHREECEM26FEB24250PE,0.0,0.0,0.0,210.7,0.0,210.7,26634.85,0.05,0,0,0,0.0,0,F1,25,,,,,
2026-02-18,2026-02-18,FO,NSE,STO,135271,,SHREECEM,,2026-02-24,2026-02-24,24500.0,PE,SHREECEM26FEB24500PE,0.0,0.0,0.0,415.55,0.0,415.55,26634.85,0.1,0,0,0,0.0,0,F1,25,,,,,
2026-02-18,2026-02-18,FO,NSE,STO,135281,,SHREECEM,,2026-02-24,2026-02-24,27000.0,PE,SHREECEM26FEB27000PE,610.05,728.95,490.0,595.4,600.0,847.3,26634.85,595.4,4825,-50,119,82125301.25,84,F1,25,,,,,
2026-02-18,2026-02-18,FO,NSE,STO,158425,,SHREECEM,,2026-03-30,2026-03-30,29000.0,PE,SHREECEM26MAR29000PE,0.0,0.0,0.0,2721.6,0.0,2721.6,26634.85,2295.4,0,0,0,0.0,0,F1,25,,,,,
2026-02-18,2026-02-18,FO,NSE,STF,52031,,SHREECEM,,2026-03-30,2026-03-30,,,SHREECEM26MARFUT,26055.0,26550.0,26055.0,26160.0,26170.0,26125.0,26634.85,26160.0,114800,32900,4027,2640708500.0,3264,F1,25,,,,,
2026-02-18,2026-02-18,FO,NSE,STO,140157,,TATAELXSI,,2026-02-24,2026-02-24,6400.0,CE,TATAELXSI26FEB6400CE,1.0,1.0,1.0,1.0,1.0,2.0,4885.2,1.0,26000,-100,1,640100.0,1,F1,100,,,,,
2026-02-18,2026-02-18,FO,NSE,STO,160970,,TATAELXSI,,2026-02-24,2026-02-24,6650.0,CE,TATAELXSI26FEB6650CE,0.0,0.0,0.0,4.45,4.45,4.45,4885.2,0.05,1300,0,0,0.0,0,F1,100,,,,,
2026-02-18,2026-02-18,FO,NSE,STO,161022,,TATAELXSI,,2026-03-30,2026-03-30,5100.0,CE,TATAELXSI26MAR5100CE,167.2,167.2,128.0,144.75,142.95,177.2,4885.2,144.75,14300,6000,119,62376215.0,105,F1,100,,,,,
2026-02-18,2026-02-18,FO,NSE,STO,161026,,TATAELXSI,,2026-03-30,2026-03-30,5300.0,CE,TATAELXSI26MAR5300CE,105.0,105.0,78.0,91.05,89.0,111.5,4885.2,91.05,16400,6500,142,76479910.0,97,F1,100,,,,,
2026-02-18,2026-02-18,FO,NSE,STO,161043,,TATAELXSI,,2026-03-30,2026-03-30,6100.0,PE,TATAELXSI26MAR6100PE,0.0,0.0,0.0,924.45,0.0,924.45,4885.2,1181.95,0,0,0,0.0,0,F1,100,,,,,
2026-02-18,2026-02-18,FO,NSE,STO,169101,,TATAELXSI,,2026-03-30,2026-03-30,5650.0,PE,TATAELXSI26MAR5650PE,0.0,0.0,0.0,429.0,0.0,429.0,4885.2,753.35,0,0,0,0.0,0,F1,100,,,,,
2026-02-18,2026-02-18,FO,NSE,STO,161033,,TATAELXSI,,2026-03-30,2026-03-30,5600.0,PE,TATAELXSI26MAR5600PE,0.0,0.0,0.0,554.0,0.0,554.0,4885.2,708.05,0,0,0,0.0,0,F1,100,,,,,
2026-02-18,2026-02-18,FO,NSE,STO,169091,,TATAELXSI,,2026-03-30,2026-03-30,5150.0,PE,TATAELXSI26MAR5150PE,0.0,0.0,0.0,152.6,152.6,152.6,4885.2,344.5,100,0,0,0.0,0,F1,100,,,,,
2026-02-18,2026-02-18,FO,NSE,STO,161005,,TATAELXSI,,2026-03-30,2026-03-30,4200.0,PE,TATAELXSI26MAR4200PE,48.0,48.0,37.35,38.2,38.15,35.8,4885.2,38.2,4500,4500,48,20373390.0,21,F1,100,,,,,
2026-02-18,2026-02-18,FO,NSE,STO,169100,,TATAELXSI,,2026-03-30,2026-03-30,5650.0,CE,TATAELXSI26MAR5650CE,0.0,0.0,0.0,50.0,50.0,50.0,4885.2,22.5,200,0,0,0.0,0,F1,100,,,,,
2026-02-18,2026-02-18,FO,NSE,STO,169150,,TATAELXSI,,2026-04-28,2026-04-28,4400.0,CE,TATAELXSI26APR4400CE,0.0,0.0,0.0,1131.55,0.0,1131.55,4885.2,600.5,0,0,0,0.0,0,F1,100,,,,,
2026-02-18,2026-02-18,FO,NSE,STO,161015,,TATAELXSI,,2026-03-30,2026-03-30,4700.0,PE,TATAELXSI26MAR4700PE,125.8,142.0,125.8,142.0,142.0,129.45,4885.2,109.0,300,300,3,1449360.0,2,F1,100,,,,,
2026-02-18,2026-02-18,FO,NSE,STO,161027,,TATAELXSI,,2026-03-30,2026-03-30,5300.0,PE,TATAELXSI26MAR5300PE,531.0,531.0,520.0,520.0,520.0,615.0,4885.2,454.65,1400,200,2,1165100.0,2,F1,100,,,,,
2026-02-18,2026-02-18,FO,NSE,STO,161035,,TATAELXSI,,2026-03-30,2026-03-30,5700.0,PE,TATAELXSI26MAR5700PE,888.0,888.0,860.0,860.0,860.0,830.0,4885.2,799.3,3500,300,3,1973600.0,2,F1,100,,,,,
2026-02-18,2026-02-18,FO,NSE,STO,169161,,TATAELXSI,,2026-04-28,2026-04-28,4900.0,PE,TATAELXSI26APR4900PE,0.0,0.0,0.0,152.3,0.0,152.3,4885.2,246.85,0,0,0,0.0,0,F1,100,,,,,
2026-02-18,2026-02-18,FO,NSE,STO,169079,,TATAELXSI,,2026-03-30,2026-03-30,4550.0,PE,TATAELXSI26MAR4550PE,102.95,103.25,102.95,103.25,103.25,96.8,4885.2,64.65,7700,1200,12,5583570.0,3,F1,100,,,,,
2026-02-18,2026-02-18,FO,NSE,STO,160953,,TATAELXSI,,2026-02-24,2026-02-24,6050.0,PE,TATAELXSI26FEB6050PE,0.0,0.0,0.0,1101.8,1101.8,1101.8,4885.2,1159.35,500,0,0,0.0,0,F1,100,,,,,
2026-02-18,2026-02-18,FO,NSE,STO,169077,,TATAELXSI,,2026-03-30,2026-03-30,4450.0,PE,TATAELXSI26MAR4450PE,89.65,98.4,89.65,98.4,98.4,29.9,4885.2,43.5,1200,1200,12,5453680.0,8,F1,100,,,,,
2026-02-18,2026-02-18,FO,NSE,STO,160949,,TATAELXSI,,2026-02-24,2026-02-24,5900.0,PE,TATAELXSI26FEB5900PE,1035.3,1040.75,1035.3,1040.75,1040.75,953.05,4885.2,1009.45,500,-200,3,2081680.0,2,F1,100,,,,,
2026-02-18,2026-02-18,FO,NSE,STO,160921,,TATAELXSI,,2026-02-24,2026-02-24,4950.0,PE,TATAELXSI26FEB4950PE,141.25,179.7,115.05,125.85,132.65,122.65,4885.2,125.85,13900,-1300,110,56046835.0,98,F1,100,,,,,
2026-02-18,2026-02-18,FO,NSE,STO,160919,,TATAELXSI,,2026-02-24,2026-02-24,4900.0,PE,TATAELXSI26FEB4900PE,110.25,150.65,87.0,93.15,100.05,99.05,4885.2,93.15,22100,-3500,817,409816180.0,656,F1,100,,,,,
2026-02-18,2026-02-18,FO,NSE,STO,140137,,TATAELXSI,,2026-02-24,2026-02-24,4800.0,PE,TATAELXSI26FEB4800PE,73.15,97.9,48.2,51.65,59.05,58.6,4885.2,51.65,53700,800,1721,838831530.0,1338,F1,100,,,,,
2026-02-18,2026-02-18,FO,NSE,STO,169160,,TATAELXSI,,2026-04-28,2026-04-28,4900.0,CE,TATAELXSI26APR4900CE,0.0,0.0,0.0,742.35,0.0,742.35,4885.2,282.7,0,0,0,0.0,0,F1,100,,,,,
2026-02-18,2026-02-18,FO,NSE,STO,160904,,TATAELXSI,,2026-02-24,2026-02-24,4450.0,CE,TATAELXSI26FEB4450CE,0.0,0.0,0.0,821.05,0.0,821.05,4885.2,439.8,0,0,0,0.0,0,F1,100,,,,,
2026-02-18,2026-02-18,FO,NSE,STO,140159,,TATAELXSI,,2026-02-24,2026-02-24,6600.0,CE,TATAELXSI26FEB6600CE,0.0,0.0,0.0,0.95,0.95,0.95,4885.2,0.05,1900,0,0,0.0,0,F1,100,,,,,
2026-02-18,2026-02-18,FO,NSE,STO,169074,,TATAELXSI,,2026-03-30,2026-03-30,4350.0,CE,TATAELXSI26MAR4350CE,0.0,0.0,0.0,1131.7,0.0,1131.7,4885.2,589.4,0,0,0,0.0,0,F1,100,,,,,
2026-02-18,2026-02-18,FO,NSE,STO,161020,,TATAELXSI,,2026-03-30,2026-03-30,5000.0,CE,TATAELXSI26MAR5000CE,201.1,201.1,161.25,180.05,175.0,207.1,4885.2,180.05,65600,23300,619,320259930.0,476,F1,100,,,,,
2026-02-18,2026-02-18,FO,NSE,STO,169092,,TATAELXSI,,2026-03-30,2026-03-30,5250.0,CE,TATAELXSI26MAR5250CE,100.55,100.55,100.55,100.55,100.55,151.0,4885.2,83.25,300,0,1,535055.0,1,F1,100,,,,,
2026-02-18,2026-02-18,FO,NSE,STO,169093,,TATAELXSI,,2026-03-30,2026-03-30,5250.0,PE,TATAELXSI26MAR5250PE,0.0,0.0,0.0,296.65,296.65,296.65,4885.2,416.5,300,0,0,0.0,0,F1,100,,,,,
2026-02-18,2026-02-18,FO,NSE,STO,169153,,TATAELXSI,,2026-04-28,2026-04-28,4500.0,PE,TATAELXSI26APR4500PE,0.0,0.0,0.0,63.5,0.0,63.5,4885.2,93.95,0,0,0,0.0,0,F1,100,,,,,
2026-02-18,2026-02-18,FO,NSE,STO,169167,,TATAELXSI,,2026-04-28,2026-04-28,5200.0,PE,TATAELXSI26APR5200PE,0.0,0.0,0.0,257.2,0.0,257.2,4885.2,422.55,0,0,0,0.0,0,F1,100,,,,,
2026-02-18,2026-02-18,FO,NSE,STO,161044,,TATAELXSI,,2026-03-30,2026-03-30,6200.0,CE,TATAELXSI26MAR6200CE,10.05,10.05,10.05,10.05,10.05,20.0,4885.2,2.5,1200,0,3,1863015.0,2,F1,100,,,,,
2026-02-18,2026-02-18,FO,NSE,STO,161008,,TATAELXSI,,2026-03-30,2026-03-30,4400.0,CE,TATAELXSI26MAR4400CE,0.0,0.0,0.0,921.3,0.0,921.3,4885.2,546.75,0,0,0,0.0,0,F1,100,,,,,
2026-02-18,2026-02-18,FO,NSE,STO,169183,,TATAELXSI,,2026-04-28,2026-04-28,6000.0,PE,TATAELXSI26APR6000PE,0.0,0.0,0.0,707.8,0.0,707.8,4885.2,1077.75,0,0,0,0.0,0,F1,100,,,,,
2026-02-18,2026-02-18,FO,NSE,STO,169170,,TATAELXSI,,2026-04-28,2026-04-28,5400.0,CE,TATAELXSI26APR5400CE,0.0,0.0,0.0,444.9,0.0,444.9,4885.2,106.45,0,0,0,0.0,0,F1,100,,,,,
2026-02-18,2026-02-18,FO,NSE,STO,161004,,TATAELXSI,,2026-03-30,2026-03-30,4200.0,CE,TATAELXSI26MAR4200CE,0.0,0.0,0.0,1090.95,0.0,1090.95,4885.2,723.7,0,0,0,0.0,0,F1,100,,,,,
2026-02-18,2026-02-18,FO,NSE,STO,160906,,TATAELXSI,,2026-02-24,2026-02-24,4500.0,CE,TATAELXSI26FEB4500CE,394.05,404.45,342.0,389.15,383.8,421.55,4885.2,389.15,1600,900,25,12209390.0,20,F1,100,,,,,
2026-02-18,2026-02-18,FO,NSE,STO,140130,,TATAELXSI,,2026-02-24,2026-02-24,4200.0,CE,TATAELXSI26FEB4200CE,0.0,0.0,0.0,1063.3,0.0,1063.3,4885.2,689.0,0,0,0,0.0,0,F1,100,,,,,
2026-02-18,2026-02-18,FO,NSE,STO,140128,,TATAELXSI,,2026-02-24,2026-02-24,4000.0,CE,TATAELXSI26FEB4000CE,0.0,0.0,0.0,1242.85,0.0,1242.85,4885.2,888.8,0,0,0,0.0,0,F1,100,,,,,
2026-02-18,2026-02-18,FO,NSE,STO,169190,,TATAELXSI,,2026-04-28,2026-04-28,6400.0,CE,TATAELXSI26APR6400CE,0.0,0.0,0.0,124.25,0.0,124.25,4885.2,8.25,0,0,0,0.0,0,F1,100,,,,,
2026-02-18,2026-02-18,FO,NSE,STO,160923,,TATAELXSI,,2026-02-24,2026-02-24,5050.0,PE,TATAELXSI26FEB5050PE,234.0,234.0,198.2,199.15,201.05,195.05,4885.2,199.15,13200,-500,19,10003470.0,15,F1,100,,,,,
2026-02-18,2026-02-18,FO,NSE,STO,160937,,TATAELXSI,,2026-02-24,2026-02-24,5500.0,PE,TATAELXSI26FEB5500PE,660.0,660.0,617.35,621.0,621.0,597.55,4885.2,621.0,21600,-1100,14,8592665.0,7,F1,100,,,,,
2026-02-18,2026-02-18,FO,NSE,STO,160955,,TATAELXSI,,2026-02-24,2026-02-24,6100.0,PE,TATAELXSI26FEB6100PE,0.0,0.0,0.0,705.0,705.0,705.0,4885.2,1209.3,2100,0,0,0.0,0,F1,100,,,,,
2026-02-18,2026-02-18,FO,NSE,STO,161019,,TATAELXSI,,2026-03-30,2026-03-30,4900.0,PE,TATAELXSI26MAR4900PE,0.0,0.0,0.0,300.25,300.25,300.25,4885.2,194.55,700,0,0,0.0,0,F1,100,,,,,
2026-02-18,2026-02-18,FO,NSE,STO,161001,,TATAELXSI,,2026-03-30,2026-03-30,4000.0,PE,TATAELXSI26MAR4000PE,26.05,26.05,15.0,18.6,18.6,25.0,4885.2,18.6,400,200,4,1607825.0,3,F1,100,,,,,
2026-02-18,2026-02-18,FO,NSE,STO,140160,,TATAELXSI,,2026-02-24,2026-02-24,6600.0,PE,TATAELXSI26FEB6600PE,0.0,0.0,0.0,1130.0,1130.0,1130.0,4885.2,1708.85,200,0,0,0.0,0,F1,100,,,,,
2026-02-18,2026-02-18,FO,NSE,STO,140150,,TATAELXSI,,2026-02-24,2026-02-24,5600.0,PE,TATAELXSI26FEB5600PE,748.8,750.0,736.5,736.5,736.5,698.7,4885.2,709.75,9800,-600,8,5078030.0,5,F1,100,,,,,
2026-02-18,2026-02-18,FO,NSE,STO,160939,,TATAELXSI,,2026-02-24,2026-02-24,5550.0,PE,TATAELXSI26FEB5550PE,679.75,714.2,654.0,675.0,675.0,609.05,4885.2,659.85,10600,-500,15,9352735.0,15,F1,100,,,,,
2026-02-18,2026-02-18,FO,NSE,STO,160933,,TATAELXSI,,2026-02-24,2026-02-24,5350.0,PE,TATAELXSI26FEB5350PE,0.0,0.0,0.0,449.95,458.25,449.95,4885.2,460.85,12200,0,0,0.0,0,F1,100,,,,,
2026-02-18,2026-02-18,FO,NSE,STO,160929,,TATAELXSI,,2026-02-24,2026-02-24,5250.0,PE,TATAELXSI26FEB5250PE,411.5,414.45,361.9,371.8,385.45,346.1,4885.2,371.8,10600,-1200,40,22567960.0,33,F1,100,,,,,
2026-02-18,2026-02-18,FO,NSE,STO,140135,,TATAELXSI,,2026-02-24,2026-02-24,4600.0,PE,TATAELXSI26FEB4600PE,19.0,32.35,13.0,14.2,15.65,21.55,4885.2,14.2,22700,-3700,760,351374295.0,598,F1,100,,,,,
2026-02-18,2026-02-18,FO,NSE,STO,160895,,TATAELXSI,,2026-02-24,2026-02-24,4100.0,PE,TATAELXSI26FEB4100PE,2.0,2.0,2.0,2.0,2.0,9.05,4885.2,0.05,100,100,1,410200.0,1,F1,100,,,,,
2026-02-18,2026-02-18,FO,NSE,STO,169169,,TATAELXSI,,2026-04-28,2026-04-28,5300.0,PE,TATAELXSI26APR5300PE,0.0,0.0,0.0,300.2,0.0,300.2,4885.2,491.7,0,0,0,0.0,0,F1,100,,,,,
2026-02-18,2026-02-18,FO,NSE,STO,169164,,TATAELXSI,,2026-04-28,2026-04-28,5100.0,CE,TATAELXSI26APR5100CE,0.0,0.0,0.0,611.3,0.0,611.3,4885.2,196.4,0,0,0,0.0,0,F1,100,,,,,
2026-02-18,2026-02-18,FO,NSE,STO,169148,,TATAELXSI,,2026-04-28,2026-04-28,4300.0,CE,TATAELXSI26APR4300CE,0.0,0.0,0.0,1218.25,0.0,1218.25,4885.2,680.15,0,0,0,0.0,0,F1,100,,,,,
2026-02-18,2026-02-18,FO,NSE,STO,169094,,TATAELXSI,,2026-03-30,2026-03-30,5350.0,CE,TATAELXSI26MAR5350CE,0.0,0.0,0.0,81.65,81.65,81.65,4885.2,61.55,700,0,0,0.0,0,F1,100,,,,,
2026-02-18,2026-02-18,FO,NSE,STO,161000,,TATAELXSI,,2026-03-30,2026-03-30,4000.0,CE,TATAELXSI26MAR4000CE,0.0,0.0,0.0,1270.8,0.0,1270.8,4885.2,913.25,0,0,0,0.0,0,F1,100,,,,,
2026-02-18,2026-02-18,FO,NSE,STO,160972,,TATAELXSI,,2026-02-24,2026-02-24,6700.0,CE,TATAELXSI26FEB6700CE,0.0,0.0,0.0,1.35,1.35,1.35,4885.2,0.05,8300,0,0,0.0,0,F1,100,,,,,
2026-02-18,2026-02-18,FO,NSE,STO,160902,,TATAELXSI,,2026-02-24,2026-02-24,4350.0,CE,TATAELXSI26FEB4350CE,0.0,0.0,0.0,908.9,0.0,908.9,4885.2,539.25,0,0,0,0.0,0,F1,100,,,,,
2026-02-18,2026-02-18,FO,NSE,STO,160944,,TATAELXSI,,2026-02-24,2026-02-24,5750.0,CE,TATAELXSI26FEB5750CE,4.15,4.15,2.45,2.45,2.45,5.2,4885.2,0.05,7200,-100,14,8054275.0,10,F1,100,,,,,
2026-02-18,2026-02-18,FO,NSE,STO,160954,,TATAELXSI,,2026-02-24,2026-02-24,6100.0,CE,TATAELXSI26FEB6100CE,2.25,2.25,1.5,1.75,1.55,2.55,4885.2,1.75,30600,3100,82,50034355.0,69,F1,100,,,,,
2026-02-18,2026-02-18,FO,NSE,STO,140155,,TATAELXSI,,2026-02-24,2026-02-24,6200.0,CE,TATAELXSI26FEB6200CE,1.5,1.95,1.3,1.3,1.3,1.7,4885.2,1.3,29900,-1800,40,24806135.0,28,F1,100,,,,,
2026-02-18,2026-02-18,FO,NSE,STF,52050,,TATAELXSI,,2026-03-30,2026-03-30,,,TATAELXSI26MARFUT,4914.5,4914.5,4806.0,4881.5,4858.0,4914.0,4885.2,4881.5,632300,94400,2123,1030747400.0,1849,F1,100,,,,,
2026-02-18,2026-02-18,FO,NSE,STF,59482,,TATAELXSI,,2026-02-24,2026-02-24,,,TATAELXSI26FEBFUT,4928.0,4928.0,4812.5,4891.0,4871.0,4926.0,4885.2,4891.0,1334500,-77400,3522,1713086550.0,2976,F1,100,,,,,
2026-02-18,2026-02-18,FO,NSE,STO,169151,,TATAELXSI,,2026-04-28,2026-04-28,4400.0,PE,TATAELXSI26APR4400PE,0.0,0.0,0.0,49.15,0.0,49.15,4885.2,69.75,0,0,0,0.0,0,F1,100,,,,,
2026-02-18,2026-02-18,FO,NSE,STO,161037,,TATAELXSI,,2026-03-30,2026-03-30,5800.0,PE,TATAELXSI26MAR5800PE,0.0,0.0,0.0,967.55,967.55,967.55,4885.2,892.85,6000,0,0,0.0,0,F1,100,,,,,
2026-02-18,2026-02-18,FO,NSE,STO,160903,,TATAELXSI,,2026-02-24,2026-02-24,4350.0,PE,TATAELXSI26FEB4350PE,5.0,7.35,2.95,3.3,3.25,25.75,4885.2,3.3,1500,1500,220,95785445.0,64,F1,100,,,,,
2026-02-18,2026-02-18,FO,NSE,STO,169180,,TATAELXSI,,2026-04-28,2026-04-28,5900.0,CE,TATAELXSI26APR5900CE,0.0,0.0,0.0,244.4,0.0,244.4,4885.2,32.45,0,0,0,0.0,0,F1,100,,,,,
2026-02-18,2026-02-18,FO,NSE,STO,161025,,TATAELXSI,,2026-03-30,2026-03-30,5200.0,PE,TATAELXSI26MAR5200PE,480.0,485.0,420.0,422.0,420.0,406.15,4885.2,422.0,4100,800,12,6772670.0,12,F1,100,,,,,
2026-02-18,2026-02-18,FO,NSE,STO,169168,,TATAELXSI,,2026-04-28,2026-04-28,5300.0,CE,TATAELXSI26APR5300CE,0.0,0.0,0.0,496.35,0.0,496.35,4885.2,131.7,0,0,0,0.0,0,F1,100,,,,,
2026-02-18,2026-02-18,FO,NSE,STO,169156,,TATAELXSI,,2026-04-28,2026-04-28,4700.0,CE,TATAELXSI26APR4700CE,0.0,0.0,0.0,888.1,0.0,888.1,4885.2,392.5,0,0,0,0.0,0,F1,100,,,,,
2026-02-18,2026-02-18,FO,NSE,STO,140140,,TATAELXSI,,2026-02-24,2026-02-24,5200.0,CE,TATAELXSI26FEB5200CE,33.9,33.9,12.3,15.6,15.6,33.9,4885.2,15.6,110200,8600,1826,952670775.0,1367,F1,100,,,,,
2026-02-18,2026-02-18,FO,NSE,STO,160942,,TATAELXSI,,2026-02-24,2026-02-24,5700.0,CE,TATAELXSI26FEB5700CE,4.35,5.0,2.25,2.55,2.6,5.65,4885.2,2.55,62100,-5200,609,347329925.0,446,F1,100,,,,,
2026-02-18,2026-02-18,FO,NSE,STO,140151,,TATAELXSI,,2026-02-24,2026-02-24,5800.0,CE,TATAELXSI26FEB5800CE,3.3,5.05,2.25,2.4,2.5,4.5,4885.2,2.4,247900,2300,704,408520185.0,434,F1,100,,,,,
2026-02-18,2026-02-18,FO,NSE,STO,169072,,TATAELXSI,,2026-03-30,2026-03-30,4250.0,CE,TATAELXSI26MAR4250CE,0.0,0.0,0.0,1224.1,0.0,1224.1,4885.2,678.0,0,0,0,0.0,0,F1,100,,,,,
2026-02-18,2026-02-18,FO,NSE,STO,161018,,TATAELXSI,,2026-03-30,2026-03-30,4900.0,CE,TATAELXSI26MAR4900CE,228.65,228.65,224.85,224.95,224.95,558.85,4885.2,224.95,400,400,4,2050710.0,3,F1,100,,,,,
2026-02-18,2026-02-18,FO,NSE,STO,161024,,TATAELXSI,,2026-03-30,2026-03-30,5200.0,CE,TATAELXSI26MAR5200CE,135.05,135.05,99.65,114.95,110.0,137.05,4885.2,114.95,21200,7100,219,116277185.0,183,F1,100,,,,,
2026-02-18,2026-02-18,FO,NSE,STO,161046,,TATAELXSI,,2026-03-30,2026-03-30,6300.0,CE,TATAELXSI26MAR6300CE,0.0,0.0,0.0,13.0,13.0,13.0,4885.2,1.6,2800,0,0,0.0,0,F1,100,,,,,
2026-02-18,2026-02-18,FO,NSE,STO,169105,,TATAELXSI,,2026-03-30,2026-03-30,5850.0,PE,TATAELXSI26MAR5850PE,0.0,0.0,0.0,558.75,0.0,558.75,4885.2,940.25,0,0,0,0.0,0,F1,100,,,,,
2026-02-18,2026-02-18,FO,NSE,STO,169173,,TATAELXSI,,2026-04-28,2026-04-28,5500.0,PE,TATAELXSI26APR5500PE,0.0,0.0,0.0,398.1,0.0,398.1,4885.2,643.2,0,0,0,0.0,0,F1,100,,,,,
2026-02-18,2026-02-18,FO,NSE,STO,169179,,TATAELXSI,,2026-04-28,2026-04-28,5800.0,PE,TATAELXSI26APR5800PE,0.0,0.0,0.0,573.5,0.0,573.5,4885.2,896.65,0,0,0,0.0,0,F1,100,,,,,
2026-02-18,2026-02-18,FO,NSE,STO,161036,,TATAELXSI,,2026-03-30,2026-03-30,5800.0,CE,TATAELXSI26MAR5800CE,25.05,26.45,25.0,26.05,26.05,38.2,4885.2,12.9,2800,-300,9,5242800.0,7,F1,100,,,,,
2026-02-18,2026-02-18,FO,NSE,STO,169098,,TATAELXSI,,2026-03-30,2026-03-30,5550.0,CE,TATAELXSI26MAR5550CE,50.0,50.0,50.0,50.0,50.0,70.0,4885.2,32.0,700,0,1,560000.0,1,F1,100,,,,,
2026-02-18,2026-02-18,FO,NSE,STO,160900,,TATAELXSI,,2026-02-24,2026-02-24,4300.0,CE,TATAELXSI26FEB4300CE,0.0,0.0,0.0,953.95,0.0,953.95,4885.2,589.1,0,0,0,0.0,0,F1,100,,,,,
2026-02-18,2026-02-18,FO,NSE,STO,160951,,TATAELXSI,,2026-02-24,2026-02-24,5950.0,PE,TATAELXSI26FEB5950PE,1090.15,1090.15,1090.15,1090.15,1090.15,1136.95,4885.2,1059.4,0,-300,3,2112045.0,1,F1,100,,,,,
2026-02-18,2026-02-18,FO,NSE,STO,140152,,TATAELXSI,,2026-02-24,2026-02-24,5800.0,PE,TATAELXSI26FEB5800PE,0.0,0.0,0.0,855.7,855.7,855.7,4885.2,909.55,5500,0,0,0.0,0,F1,100,,,,,
2026-02-18,2026-02-18,FO,NSE,STO,160943,,TATAELXSI,,2026-02-24,2026-02-24,5700.0,PE,TATAELXSI26FEB5700PE,860.0,860.0,824.0,824.0,824.0,775.0,4885.2,809.65,2900,-200,3,1964400.0,3,F1,100,,,,,
2026-02-18,2026-02-18,FO,NSE,STO,169099,,TATAELXSI,,2026-03-30,2026-03-30,5550.0,PE,TATAELXSI26MAR5550PE,0.0,0.0,0.0,370.65,0.0,370.65,4885.2,663.45,0,0,0,0.0,0,F1,100,,,,,
2026-02-18,2026-02-18,FO,NSE,STO,161041,,TATAELXSI,,2026-03-30,2026-03-30,6000.0,PE,TATAELXSI26MAR6000PE,1156.0,1156.0,1137.0,1142.0,1142.0,1090.0,4885.2,1084.55,1000,500,5,3572200.0,4,F1,100,,,,,
2026-02-18,2026-02-18,FO,NSE,STO,169147,,TATAELXSI,,2026-04-28,2026-04-28,4200.0,PE,TATAELXSI26APR4200PE,0.0,0.0,0.0,27.9,0.0,27.9,4885.2,35.45,0,0,0,0.0,0,F1,100,,,,,
2026-02-18,2026-02-18,FO,NSE,STO,169171,,TATAELXSI,,2026-04-28,2026-04-28,5400.0,PE,TATAELXSI26APR5400PE,0.0,0.0,0.0,300.0,300.0,300.0,4885.2,565.4,200,0,0,0.0,0,F1,100,,,,,
2026-02-18,2026-02-18,FO,NSE,STO,169085,,TATAELXSI,,2026-03-30,2026-03-30,4850.0,PE,TATAELXSI26MAR4850PE,205.45,249.6,205.45,245.85,245.85,205.45,4885.2,170.25,10200,300,7,3561485.0,7,F1,100,,,,,
2026-02-18,2026-02-18,FO,NSE,STO,160894,,TATAELXSI,,2026-02-24,2026-02-24,4100.0,CE,TATAELXSI26FEB4100CE,0.0,0.0,0.0,1139.95,0.0,1139.95,4885.2,788.9,0,0,0,0.0,0,F1,100,,,,,
2026-02-18,2026-02-18,FO,NSE,STO,160914,,TATAELXSI,,2026-02-24,2026-02-24,4750.0,CE,TATAELXSI26FEB4750CE,150.0,175.25,150.0,172.75,172.7,219.3,4885.2,172.75,7600,-100,11,5402835.0,11,F1,100,,,,,
2026-02-18,2026-02-18,FO,NSE,STO,160924,,TATAELXSI,,2026-02-24,2026-02-24,5100.0,CE,TATAELXSI26FEB5100CE,52.25,52.25,20.6,25.7,25.4,52.25,4885.2,25.7,74900,9100,1443,739971645.0,1172,F1,100,,,,,
2026-02-18,2026-02-18,FO,NSE,STO,140142,,TATAELXSI,,2026-02-24,2026-02-24,5400.0,CE,TATAELXSI26FEB5400CE,10.85,13.25,5.3,6.4,6.6,15.55,4885.2,6.4,98300,-2500,1159,626746770.0,834,F1,100,,,,,
2026-02-18,2026-02-18,FO,NSE,STO,160948,,TATAELXSI,,2026-02-24,2026-02-24,5900.0,CE,TATAELXSI26FEB5900CE,3.4,3.4,1.7,2.25,2.15,3.8,4885.2,2.25,36900,-2000,79,46629230.0,53,F1,100,,,,,
2026-02-18,2026-02-18,FO,NSE,STO,161010,,TATAELXSI,,2026-03-30,2026-03-30,4500.0,CE,TATAELXSI26MAR4500CE,450.0,450.0,450.0,450.0,450.0,500.0,4885.2,465.55,200,100,1,495000.0,1,F1,100,,,,,
2026-02-18,2026-02-18,FO,NSE,STO,169078,,TATAELXSI,,2026-03-30,2026-03-30,4550.0,CE,TATAELXSI26MAR4550CE,0.0,0.0,0.0,737.55,737.55,737.55,4885.2,427.2,300,0,0,0.0,0,F1,100,,,,,
2026-02-18,2026-02-18,FO,NSE,STO,169082,,TATAELXSI,,2026-03-30,2026-03-30,4750.0,CE,TATAELXSI26MAR4750CE,318.95,318.95,318.95,318.95,318.95,394.0,4885.2,291.2,500,0,1,506895.0,1,F1,100,,,,,
2026-02-18,2026-02-18,FO,NSE,STO,161028,,TATAELXSI,,2026-03-30,2026-03-30,5400.0,CE,TATAELXSI26MAR5400CE,80.0,80.0,60.5,70.75,69.65,96.0,4885.2,70.75,14100,5500,98,53578785.0,92,F1,100,,,,,
2026-02-18,2026-02-18,FO,NSE,STO,169106,,TATAELXSI,,2026-03-30,2026-03-30,5950.0,CE,TATAELXSI26MAR5950CE,0.0,0.0,0.0,109.25,109.25,109.25,4885.2,7.15,200,0,0,0.0,0,F1,100,,,,,
2026-02-18,2026-02-18,FO,NSE,STO,161040,,TATAELXSI,,2026-03-30,2026-03-30,6000.0,CE,TATAELXSI26MAR6000CE,20.0,20.0,15.0,18.4,18.4,25.0,4885.2,18.4,15900,0,28,16849060.0,26,F1,100,,,,,
2026-02-18,2026-02-18,FO,NSE,STO,169152,,TATAELXSI,,2026-04-28,2026-04-28,4500.0,CE,TATAELXSI26APR4500CE,0.0,0.0,0.0,1047.4,0.0,1047.4,4885.2,525.7,0,0,0,0.0,0,F1,100,,,,,
2026-02-18,2026-02-18,FO,NSE,STO,169158,,TATAELXSI,,2026-04-28,2026-04-28,4800.0,CE,TATAELXSI26APR4800CE,0.0,0.0,0.0,813.55,0.0,813.55,4885.2,334.6,0,0,0,0.0,0,F1,100,,,,,
2026-02-18,2026-02-18,FO,NSE,STO,140154,,TATAELXSI,,2026-02-24,2026-02-24,6000.0,PE,TATAELXSI26FEB6000PE,1153.0,1153.0,1116.7,1116.95,1117.3,1078.0,4885.2,1116.95,10800,-300,13,9269675.0,12,F1,100,,,,,
2026-02-18,2026-02-18,FO,NSE,STO,160973,,TATAELXSI,,2026-02-24,2026-02-24,6700.0,PE,TATAELXSI26FEB6700PE,0.0,0.0,0.0,1508.0,1508.0,1508.0,4885.2,1808.75,700,0,0,0.0,0,F1,100,,,,,
2026-02-18,2026-02-18,FO,NSE,STO,161009,,TATAELXSI,,2026-03-30,2026-03-30,4400.0,PE,TATAELXSI26MAR4400PE,80.7,80.7,70.45,70.5,70.5,62.0,4885.2,70.5,2300,0,5,2237140.0,5,F1,100,,,,,
2026-02-18,2026-02-18,FO,NSE,STO,161031,,TATAELXSI,,2026-03-30,2026-03-30,5500.0,PE,TATAELXSI26MAR5500PE,0.0,0.0,0.0,650.0,650.0,650.0,4885.2,619.65,2700,0,0,0.0,0,F1,100,,,,,
2026-02-18,2026-02-18,FO,NSE,STO,169176,,TATAELXSI,,2026-04-28,2026-04-28,5700.0,CE,TATAELXSI26APR5700CE,0.0,0.0,0.0,313.7,0.0,313.7,4885.2,53.45,0,0,0,0.0,0,F1,100,,,,,
2026-02-18,2026-02-18,FO,NSE,STO,161029,,TATAELXSI,,2026-03-30,2026-03-30,5400.0,PE,TATAELXSI26MAR5400PE,0.0,0.0,0.0,555.0,555.0,555.0,4885.2,534.9,400,0,0,0.0,0,F1,100,,,,,
2026-02-18,2026-02-18,FO,NSE,STO,161023,,TATAELXSI,,2026-03-30,2026-03-30,5100.0,PE,TATAELXSI26MAR5100PE,0.0,0.0,0.0,315.0,315.0,315.0,4885.2,310.95,600,0,0,0.0,0,F1,100,,,,,
2026-02-18,2026-02-18,FO,NSE,STO,160960,,TATAELXSI,,2026-02-24,2026-02-24,6300.0,CE,TATAELXSI26FEB6300CE,1.55,1.55,1.2,1.35,1.35,2.05,4885.2,0.05,11500,5500,73,46000445.0,64,F1,100,,,,,
2026-02-18,2026-02-18,FO,NSE,STO,160968,,TATAELXSI,,2026-02-24,2026-02-24,6550.0,CE,TATAELXSI26FEB6550CE,0.5,1.05,0.5,1.05,1.05,3.15,4885.2,0.05,3800,0,3,1965205.0,2,F1,100,,,,,
2026-02-18,2026-02-18,FO,NSE,STO,160962,,TATAELXSI,,2026-02-24,2026-02-24,6350.0,CE,TATAELXSI26FEB6350CE,0.0,0.0,0.0,5.5,5.5,5.5,4885.2,0.05,100,0,0,0.0,0,F1,100,,,,,
2026-02-18,2026-02-18,FO,NSE,STO,160946,,TATAELXSI,,2026-02-24,2026-02-24,5850.0,CE,TATAELXSI26FEB5850CE,2.6,2.6,2.6,2.6,2.6,4.3,4885.2,0.05,7100,0,2,1170520.0,1,F1,100,,,,,
2026-02-18,2026-02-18,FO,NSE,STO,160926,,TATAELXSI,,2026-02-24,2026-02-24,5150.0,CE,TATAELXSI26FEB5150CE,33.45,33.45,16.55,20.1,19.45,42.5,4885.2,20.1,22600,1600,484,250262860.0,423,F1,100,,,,,
2026-02-18,2026-02-18,FO,NSE,STO,160912,,TATAELXSI,,2026-02-24,2026-02-24,4700.0,CE,TATAELXSI26FEB4700CE,0.0,0.0,0.0,267.2,267.2,267.2,4885.2,205.95,5000,0,0,0.0,0,F1,100,,,,,
2026-02-18,2026-02-18,FO,NSE,STF,67021,,TATAELXSI,,2026-04-28,2026-04-28,,,TATAELXSI26APRFUT,4895.5,4895.5,4823.0,4885.5,4881.5,4914.0,4885.2,4885.5,32700,4400,99,48247000.0,82,F1,100,,,,,
2026-02-18,2026-02-18,FO,NSE,STO,160941,,TATAELXSI,,2026-02-24,2026-02-24,5650.0,PE,TATAELXSI26FEB5650PE,0.0,0.0,0.0,555.45,555.45,555.45,4885.2,759.7,1200,0,0,0.0,0,F1,100,,,,,
2026-02-18,2026-02-18,FO,NSE,STO,160947,,TATAELXSI,,2026-02-24,2026-02-24,5850.0,PE,TATAELXSI26FEB5850PE,0.0,0.0,0.0,692.5,0.0,692.5,4885.2,959.5,0,0,0,0.0,0,F1,100,,,,,
2026-02-18,2026-02-18,FO,NSE,STO,160961,,TATAELXSI,,2026-02-24,2026-02-24,6300.0,PE,TATAELXSI26FEB6300PE,0.0,0.0,0.0,1080.95,0.0,1080.95,4885.2,1409.1,0,0,0,0.0,0,F1,100,,,,,
2026-02-18,2026-02-18,FO,NSE,STO,161003,,TATAELXSI,,2026-03-30,2026-03-30,4100.0,PE,TATAELXSI26MAR4100PE,0.0,0.0,0.0,26.1,0.0,26.1,4885.2,7.55,0,0,0,0.0,0,F1,100,,,,,
2026-02-18,2026-02-18,FO,NSE,STO,169081,,TATAELXSI,,2026-03-30,2026-03-30,4650.0,PE,TATAELXSI26MAR4650PE,140.0,140.0,140.0,140.0,140.0,120.5,4885.2,92.4,100,0,1,479000.0,1,F1,100,,,,,
2026-02-18,2026-02-18,FO,NSE,STO,169157,,TATAELXSI,,2026-04-28,2026-04-28,4700.0,PE,TATAELXSI26APR4700PE,0.0,0.0,0.0,101.1,0.0,101.1,4885.2,158.65,0,0,0,0.0,0,F1,100,,,,,
2026-02-18,2026-02-18,FO,NSE,STO,169174,,TATAELXSI,,2026-04-28,2026-04-28,5600.0,CE,TATAELXSI26APR5600CE,0.0,0.0,0.0,353.65,0.0,353.65,4885.2,67.8,0,0,0,0.0,0,F1,100,,,,,
2026-02-18,2026-02-18,FO,NSE,STO,160911,,TATAELXSI,,2026-02-24,2026-02-24,4650.0,PE,TATAELXSI26FEB4650PE,28.6,42.9,18.95,20.7,23.5,28.25,4885.2,20.7,12600,-900,252,117899135.0,226,F1,100,,,,,
2026-02-18,2026-02-18,FO,NSE,STO,140129,,TATAELXSI,,2026-02-24,2026-02-24,4000.0,PE,TATAELXSI26FEB4000PE,1.6,1.6,1.0,1.0,1.0,1.55,4885.2,1.0,1500,600,31,12403880.0,13,F1,100,,,,,
2026-02-18,2026-02-18,FO,NSE,STO,169104,,TATAELXSI,,2026-03-30,2026-03-30,5850.0,CE,TATAELXSI26MAR5850CE,20.0,20.0,20.0,20.0,20.0,35.0,4885.2,10.65,300,-100,1,587000.0,1,F1,100,,,,,
2026-02-18,2026-02-18,FO,NSE,STO,169162,,TATAELXSI,,2026-04-28,2026-04-28,5000.0,CE,TATAELXSI26APR5000CE,0.0,0.0,0.0,674.75,0.0,674.75,4885.2,236.7,0,0,0,0.0,0,F1,100,,,,,
2026-02-18,2026-02-18,FO,NSE,STO,140133,,TATAELXSI,,2026-02-24,2026-02-24,4400.0,PE,TATAELXSI26FEB4400PE,7.4,9.55,3.7,4.1,4.5,6.85,4885.2,4.1,33700,900,249,109716700.0,184,F1,100,,,,,
2026-02-18,2026-02-18,FO,NSE,STO,160917,,TATAELXSI,,2026-02-24,2026-02-24,4850.0,PE,TATAELXSI26FEB4850PE,92.05,123.7,65.65,70.55,78.0,79.1,4885.2,70.55,19900,-6200,1355,670270140.0,1192,F1,100,,,,,
2026-02-18,2026-02-18,FO,NSE,STO,161013,,TATAELXSI,,2026-03-30,2026-03-30,4600.0,PE,TATAELXSI26MAR4600PE,139.95,139.95,110.0,110.0,110.0,118.2,4885.2,110.0,9900,-100,4,1889270.0,4,F1,100,,,,,
2026-02-18,2026-02-18,FO,NSE,STO,161017,,TATAELXSI,,2026-03-30,2026-03-30,4800.0,PE,TATAELXSI26MAR4800PE,195.0,226.75,175.0,185.45,186.7,185.15,4885.2,185.45,8000,3600,73,36474355.0,65,F1,100,,,,,
2026-02-18,2026-02-18,FO,NSE,STO,169177,,TATAELXSI,,2026-04-28,2026-04-28,5700.0,PE,TATAELXSI26APR5700PE,0.0,0.0,0.0,511.4,0.0,511.4,4885.2,809.3,0,0,0,0.0,0,F1,100,,,,,
2026-02-18,2026-02-18,FO,NSE,STO,161047,,TATAELXSI,,2026-03-30,2026-03-30,6300.0,PE,TATAELXSI26MAR6300PE,0.0,0.0,0.0,1350.0,1350.0,1350.0,4885.2,1378.55,200,0,0,0.0,0,F1,100,,,,,
2026-02-18,2026-02-18,FO,NSE,STO,160908,,TATAELXSI,,2026-02-24,2026-02-24,4550.0,CE,TATAELXSI26FEB4550CE,0.0,0.0,0.0,736.65,0.0,736.65,4885.2,342.05,0,0,0,0.0,0,F1,100,,,,,
2026-02-18,2026-02-18,FO,NSE,STO,160916,,TATAELXSI,,2026-02-24,2026-02-24,4850.0,CE,TATAELXSI26FEB4850CE,132.85,135.85,85.5,110.6,102.95,157.9,4885.2,110.6,22900,-3000,894,442731565.0,721,F1,100,,,,,
2026-02-18,2026-02-18,FO,NSE,STO,160918,,TATAELXSI,,2026-02-24,2026-02-24,4900.0,CE,TATAELXSI26FEB4900CE,101.25,109.2,65.9,85.3,80.85,128.7,4885.2,85.3,45400,6400,1772,882902715.0,1441,F1,100,,,,,
2026-02-18,2026-02-18,FO,NSE,STO,160928,,TATAELXSI,,2026-02-24,2026-02-24,5250.0,CE,TATAELXSI26FEB5250CE,23.05,25.5,10.0,12.15,12.35,27.9,4885.2,12.15,28100,900,470,247445635.0,395,F1,100,,,,,
2026-02-18,2026-02-18,FO,NSE,STO,160934,,TATAELXSI,,2026-02-24,2026-02-24,5450.0,CE,TATAELXSI26FEB5450CE,13.15,13.15,4.35,5.4,5.45,13.15,4885.2,5.4,28000,3700,220,120042525.0,177,F1,100,,,,,
2026-02-18,2026-02-18,FO,NSE,STO,140149,,TATAELXSI,,2026-02-24,2026-02-24,5600.0,CE,TATAELXSI26FEB5600CE,6.45,7.05,3.1,3.45,3.45,8.1,4885.2,3.45,218700,-6900,2528,1416740405.0,1455,F1,100,,,,,
2026-02-18,2026-02-18,FO,NSE,STO,161006,,TATAELXSI,,2026-03-30,2026-03-30,4300.0,CE,TATAELXSI26MAR4300CE,0.0,0.0,0.0,1004.7,0.0,1004.7,4885.2,633.15,0,0,0,0.0,0,F1,100,,,,,
2026-02-18,2026-02-18,FO,NSE,STO,161016,,TATAELXSI,,2026-03-30,2026-03-30,4800.0,CE,TATAELXSI26MAR4800CE,282.55,282.55,246.75,269.05,272.0,623.2,4885.2,269.05,1200,1200,20,10128260.0,20,F1,100,,,,,
2026-02-18,2026-02-18,FO,NSE,STO,169096,,TATAELXSI,,2026-03-30,2026-03-30,5450.0,CE,TATAELXSI26MAR5450CE,0.0,0.0,0.0,78.85,78.85,78.85,4885.2,44.75,1200,0,0,0.0,0,F1,100,,,,,
2026-02-18,2026-02-18,FO,NSE,STO,169088,,TATAELXSI,,2026-03-30,2026-03-30,5050.0,CE,TATAELXSI26MAR5050CE,150.0,155.0,150.0,153.0,153.0,209.8,4885.2,144.65,3300,200,5,2601800.0,5,F1,100,,,,,
2026-02-18,2026-02-18,FO,NSE,STO,169102,,TATAELXSI,,2026-03-30,2026-03-30,5750.0,CE,TATAELXSI26MAR5750CE,0.0,0.0,0.0,42.1,42.1,42.1,4885.2,15.6,200,0,0,0.0,0,F1,100,,,,,
2026-02-18,2026-02-18,FO,NSE,STO,161042,,TATAELXSI,,2026-03-30,2026-03-30,6100.0,CE,TATAELXSI26MAR6100CE,0.0,0.0,0.0,22.0,22.0,22.0,4885.2,3.85,400,0,0,0.0,0,F1,100,,,,,
2026-02-18,2026-02-18,FO,NSE,STO,169154,,TATAELXSI,,2026-04-28,2026-04-28,4600.0,CE,TATAELXSI26APR4600CE,0.0,0.0,0.0,966.2,0.0,966.2,4885.2,456.25,0,0,0,0.0,0,F1,100,,,,,
2026-02-18,2026-02-18,FO,NSE,STO,169166,,TATAELXSI,,2026-04-28,2026-04-28,5200.0,CE,TATAELXSI26APR5200CE,0.0,0.0,0.0,551.8,0.0,551.8,4885.2,161.55,0,0,0,0.0,0,F1,100,,,,,
2026-02-18,2026-02-18,FO,NSE,STO,160964,,TATAELXSI,,2026-02-24,2026-02-24,6450.0,CE,TATAELXSI26FEB6450CE,0.0,0.0,0.0,4.9,4.85,4.9,4885.2,0.05,2000,0,0,0.0,0,F1,100,,,,,
2026-02-18,2026-02-18,FO,NSE,STO,140153,,TATAELXSI,,2026-02-24,2026-02-24,6000.0,CE,TATAELXSI26FEB6000CE,3.0,3.0,1.65,2.0,1.7,3.4,4885.2,2.0,444300,-30700,1500,900322305.0,816,F1,100,,,,,
2026-02-18,2026-02-18,FO,NSE,STO,160950,,TATAELXSI,,2026-02-24,2026-02-24,5950.0,CE,TATAELXSI26FEB5950CE,2.05,2.75,1.8,1.8,1.8,3.35,4885.2,0.05,8100,-1100,32,19046870.0,28,F1,100,,,,,
2026-02-18,2026-02-18,FO,NSE,STO,160940,,TATAELXSI,,2026-02-24,2026-02-24,5650.0,CE,TATAELXSI26FEB5650CE,7.3,7.3,2.55,3.05,2.75,7.3,4885.2,3.05,25500,8700,198,111935715.0,101,F1,100,,,,,
2026-02-18,2026-02-18,FO,NSE,STO,160938,,TATAELXSI,,2026-02-24,2026-02-24,5550.0,CE,TATAELXSI26FEB5550CE,7.7,8.0,3.5,4.1,4.35,9.5,4885.2,4.1,28600,-4200,459,254972505.0,314,F1,100,,,,,
2026-02-18,2026-02-18,FO,NSE,STO,160922,,TATAELXSI,,2026-02-24,2026-02-24,5050.0,CE,TATAELXSI26FEB5050CE,63.0,63.0,27.7,35.35,33.45,64.75,4885.2,35.35,31200,-1500,416,211573160.0,362,F1,100,,,,,
2026-02-18,2026-02-18,FO,NSE,STO,140132,,TATAELXSI,,2026-02-24,2026-02-24,4400.0,CE,TATAELXSI26FEB4400CE,0.0,0.0,0.0,894.2,0.0,894.2,4885.2,489.45,0,0,0,0.0,0,F1,100,,,,,
2026-02-18,2026-02-18,FO,NSE,STO,161045,,TATAELXSI,,2026-03-30,2026-03-30,6200.0,PE,TATAELXSI26MAR6200PE,1350.0,1350.0,1350.0,1350.0,1350.0,1006.75,4885.2,1280.05,100,100,1,755000.0,1,F1,100,,,,,
2026-02-18,2026-02-18,FO,NSE,STO,161007,,TATAELXSI,,2026-03-30,2026-03-30,4300.0,PE,TATAELXSI26MAR4300PE,0.0,0.0,0.0,60.0,60.0,60.0,4885.2,22.1,600,0,0,0.0,0,F1,100,,,,,
2026-02-18,2026-02-18,FO,NSE,STO,140156,,TATAELXSI,,2026-02-24,2026-02-24,6200.0,PE,TATAELXSI26FEB6200PE,1350.0,1350.0,1350.0,1350.0,1350.0,1355.0,4885.2,1309.2,0,-100,1,755000.0,1,F1,100,,,,,
2026-02-18,2026-02-18,FO,NSE,STO,140139,,TATAELXSI,,2026-02-24,2026-02-24,5000.0,PE,TATAELXSI26FEB5000PE,168.25,220.0,148.75,159.2,171.9,148.7,4885.2,159.2,31100,-8800,345,178708910.0,196,F1,100,,,,,
2026-02-18,2026-02-18,FO,NSE,STO,160901,,TATAELXSI,,2026-02-24,2026-02-24,4300.0,PE,TATAELXSI26FEB4300PE,3.0,3.0,3.0,3.0,3.0,3.5,4885.2,0.05,300,100,1,430300.0,1,F1,100,,,,,
2026-02-18,2026-02-18,FO,NSE,STO,169178,,TATAELXSI,,2026-04-28,2026-04-28,5800.0,CE,TATAELXSI26APR5800CE,0.0,0.0,0.0,277.35,0.0,277.35,4885.2,41.8,0,0,0,0.0,0,F1,100,,,,,
2026-02-18,2026-02-18,FO,NSE,STO,160966,,TATAELXSI,,2026-02-24,2026-02-24,6500.0,CE,TATAELXSI26FEB6500CE,1.35,1.35,1.0,1.2,1.0,1.35,4885.2,1.2,18600,-100,17,11052170.0,11,F1,100,,,,,
2026-02-18,2026-02-18,FO,NSE,STO,169080,,TATAELXSI,,2026-03-30,2026-03-30,4650.0,CE,TATAELXSI26MAR4650CE,0.0,0.0,0.0,869.0,0.0,869.0,4885.2,355.55,0,0,0,0.0,0,F1,100,,,,,
2026-02-18,2026-02-18,FO,NSE,STO,169089,,TATAELXSI,,2026-03-30,2026-03-30,5050.0,PE,TATAELXSI26MAR5050PE,0.0,0.0,0.0,140.2,140.2,140.2,4885.2,279.1,600,0,0,0.0,0,F1,100,,,,,
2026-02-18,2026-02-18,FO,NSE,STO,169103,,TATAELXSI,,2026-03-30,2026-03-30,5750.0,PE,TATAELXSI26MAR5750PE,0.0,0.0,0.0,491.8,0.0,491.8,4885.2,845.85,0,0,0,0.0,0,F1,100,,,,,
2026-02-18,2026-02-18,FO,NSE,STO,169143,,TATAELXSI,,2026-04-28,2026-04-28,4000.0,PE,TATAELXSI26APR4000PE,0.0,0.0,0.0,14.65,0.0,14.65,4885.2,15.85,0,0,0,0.0,0,F1,100,,,,,
2026-02-18,2026-02-18,FO,NSE,STO,160932,,TATAELXSI,,2026-02-24,2026-02-24,5350.0,CE,TATAELXSI26FEB5350CE,14.0,14.6,6.8,7.95,8.4,18.95,4885.2,7.95,39700,-600,206,110386690.0,154,F1,100,,,,,
2026-02-18,2026-02-18,FO,NSE,STO,161052,,TATAELXSI,,2026-03-30,2026-03-30,6600.0,CE,TATAELXSI26MAR6600CE,0.0,0.0,0.0,5.2,5.2,5.2,4885.2,0.4,300,0,0,0.0,0,F1,100,,,,,
2026-02-18,2026-02-18,FO,NSE,STO,169146,,TATAELXSI,,2026-04-28,2026-04-28,4200.0,CE,TATAELXSI26APR4200CE,0.0,0.0,0.0,1307.25,0.0,1307.25,4885.2,764.1,0,0,0,0.0,0,F1,100,,,,,
2026-02-18,2026-02-18,FO,NSE,STO,169172,,TATAELXSI,,2026-04-28,2026-04-28,5500.0,CE,TATAELXSI26APR5500CE,0.0,0.0,0.0,397.3,0.0,397.3,4885.2,85.3,0,0,0,0.0,0,F1,100,,,,,
2026-02-18,2026-02-18,FO,NSE,STO,169075,,TATAELXSI,,2026-03-30,2026-03-30,4350.0,PE,TATAELXSI26MAR4350PE,0.0,0.0,0.0,21.2,0.0,21.2,4885.2,28.05,0,0,0,0.0,0,F1,100,,,,,
2026-02-18,2026-02-18,FO,NSE,STO,161011,,TATAELXSI,,2026-03-30,2026-03-30,4500.0,PE,TATAELXSI26MAR4500PE,110.0,110.0,80.0,84.8,87.35,89.0,4885.2,84.8,9500,8000,109,50133180.0,50,F1,100,,,,,
2026-02-18,2026-02-18,FO,NSE,STO,169182,,TATAELXSI,,2026-04-28,2026-04-28,6000.0,CE,TATAELXSI26APR6000CE,0.0,0.0,0.0,214.7,0.0,214.7,4885.2,25.0,0,0,0,0.0,0,F1,100,,,,,
2026-02-18,2026-02-18,FO,NSE,STO,169076,,TATAELXSI,,2026-03-30,2026-03-30,4450.0,CE,TATAELXSI26MAR4450CE,0.0,0.0,0.0,815.8,815.8,815.8,4885.2,505.45,300,0,0,0.0,0,F1,100,,,,,
2026-02-18,2026-02-18,FO,NSE,STO,140131,,TATAELXSI,,2026-02-24,2026-02-24,4200.0,PE,TATAELXSI26FEB4200PE,2.5,4.0,2.0,2.2,2.2,3.35,4885.2,2.2,15500,1500,170,71447275.0,118,F1,100,,,,,
2026-02-18,2026-02-18,FO,NSE,STO,160909,,TATAELXSI,,2026-02-24,2026-02-24,4550.0,PE,TATAELXSI26FEB4550PE,16.75,24.15,10.0,10.3,11.5,16.75,4885.2,10.3,13900,0,91,41540790.0,62,F1,100,,,,,
2026-02-18,2026-02-18,FO,NSE,STO,160935,,TATAELXSI,,2026-02-24,2026-02-24,5450.0,PE,TATAELXSI26FEB5450PE,0.0,0.0,0.0,525.85,548.05,525.85,4885.2,560.1,9800,0,0,0.0,0,F1,100,,,,,
2026-02-18,2026-02-18,FO,NSE,STO,169097,,TATAELXSI,,2026-03-30,2026-03-30,5450.0,PE,TATAELXSI26MAR5450PE,0.0,0.0,0.0,316.85,0.0,316.85,4885.2,576.8,0,0,0,0.0,0,F1,100,,,,,
2026-02-18,2026-02-18,FO,NSE,STO,169149,,TATAELXSI,,2026-04-28,2026-04-28,4300.0,PE,TATAELXSI26APR4300PE,0.0,0.0,0.0,37.4,0.0,37.4,4885.2,50.45,0,0,0,0.0,0,F1,100,,,,,
2026-02-18,2026-02-18,FO,NSE,STO,169181,,TATAELXSI,,2026-04-28,2026-04-28,5900.0,PE,TATAELXSI26APR5900PE,0.0,0.0,0.0,639.05,0.0,639.05,4885.2,986.25,0,0,0,0.0,0,F1,100,,,,,
2026-02-18,2026-02-18,FO,NSE,STO,169187,,TATAELXSI,,2026-04-28,2026-04-28,6200.0,PE,TATAELXSI26APR6200PE,0.0,0.0,0.0,854.5,0.0,854.5,4885.2,1265.2,0,0,0,0.0,0,F1,100,,,,,
2026-02-18,2026-02-18,FO,NSE,STO,169090,,TATAELXSI,,2026-03-30,2026-03-30,5150.0,CE,TATAELXSI26MAR5150CE,0.0,0.0,0.0,171.0,171.0,171.0,4885.2,110.65,100,0,0,0.0,0,F1,100,,,,,
2026-02-18,2026-02-18,FO,NSE,STO,169086,,TATAELXSI,,2026-03-30,2026-03-30,4950.0,CE,TATAELXSI26MAR4950CE,213.2,213.2,213.2,213.2,213.2,636.8,4885.2,185.8,100,100,1,516320.0,1,F1,100,,,,,
2026-02-18,2026-02-18,FO,NSE,STO,169084,,TATAELXSI,,2026-03-30,2026-03-30,4850.0,CE,TATAELXSI26MAR4850CE,276.7,276.7,226.45,245.65,240.0,283.6,4885.2,245.65,2000,100,26,13231275.0,26,F1,100,,,,,
2026-02-18,2026-02-18,FO,NSE,STO,161014,,TATAELXSI,,2026-03-30,2026-03-30,4700.0,CE,TATAELXSI26MAR4700CE,0.0,0.0,0.0,768.1,768.1,768.1,4885.2,322.45,0,0,0,0.0,0,F1,100,,,,,
2026-02-18,2026-02-18,FO,NSE,STO,140138,,TATAELXSI,,2026-02-24,2026-02-24,5000.0,CE,TATAELXSI26FEB5000CE,84.05,84.05,35.1,48.0,44.0,84.05,4885.2,48.0,113200,-10200,3409,1720699215.0,2267,F1,100,,,,,
2026-02-18,2026-02-18,FO,NSE,STO,140136,,TATAELXSI,,2026-02-24,2026-02-24,4800.0,CE,TATAELXSI26FEB4800CE,180.6,180.6,109.0,140.75,132.05,191.7,4885.2,140.75,22500,-12100,602,296904325.0,541,F1,100,,,,,
2026-02-18,2026-02-18,FO,NSE,STO,160910,,TATAELXSI,,2026-02-24,2026-02-24,4650.0,CE,TATAELXSI26FEB4650CE,0.0,0.0,0.0,321.75,321.75,321.75,4885.2,249.05,1800,0,0,0.0,0,F1,100,,,,,
2026-02-18,2026-02-18,FO,NSE,STO,161038,,TATAELXSI,,2026-03-30,2026-03-30,5900.0,CE,TATAELXSI26MAR5900CE,24.7,24.7,24.7,24.7,24.7,35.65,4885.2,8.75,600,0,1,592470.0,1,F1,100,,,,,
2026-02-18,2026-02-18,FO,NSE,STO,160913,,TATAELXSI,,2026-02-24,2026-02-24,4700.0,PE,TATAELXSI26FEB4700PE,41.95,57.7,25.2,27.6,30.65,36.9,4885.2,27.6,42700,-400,872,413273020.0,749,F1,100,,,,,
2026-02-18,2026-02-18,FO,NSE,STO,160915,,TATAELXSI,,2026-02-24,2026-02-24,4750.0,PE,TATAELXSI26FEB4750PE,52.75,74.2,35.15,37.65,39.4,46.95,4885.2,37.65,11900,-300,332,159486275.0,287,F1,100,,,,,
2026-02-18,2026-02-18,FO,NSE,STO,160927,,TATAELXSI,,2026-02-24,2026-02-24,5150.0,PE,TATAELXSI26FEB5150PE,318.75,321.5,282.4,282.4,282.4,244.8,4885.2,282.4,7000,200,21,11467970.0,13,F1,100,,,,,
2026-02-18,2026-02-18,FO,NSE,STO,140145,,TATAELXSI,,2026-02-24,2026-02-24,5400.0,PE,TATAELXSI26FEB5400PE,0.0,0.0,0.0,496.45,496.45,496.45,4885.2,510.35,27600,0,0,0.0,0,F1,100,,,,,
2026-02-18,2026-02-18,FO,NSE,STO,160945,,TATAELXSI,,2026-02-24,2026-02-24,5750.0,PE,TATAELXSI26FEB5750PE,0.0,0.0,0.0,977.5,977.5,977.5,4885.2,859.6,500,0,0,0.0,0,F1,100,,,,,
2026-02-18,2026-02-18,FO,NSE,STO,169087,,TATAELXSI,,2026-03-30,2026-03-30,4950.0,PE,TATAELXSI26MAR4950PE,0.0,0.0,0.0,101.0,101.0,101.0,4885.2,220.85,400,0,0,0.0,0,F1,100,,,,,
2026-02-18,2026-02-18,FO,NSE,STO,169083,,TATAELXSI,,2026-03-30,2026-03-30,4750.0,PE,TATAELXSI26MAR4750PE,0.0,0.0,0.0,180.0,180.0,180.0,4885.2,127.45,300,0,0,0.0,0,F1,100,,,,,
2026-02-18,2026-02-18,FO,NSE,STO,169191,,TATAELXSI,,2026-04-28,2026-04-28,6400.0,PE,TATAELXSI26APR6400PE,0.0,0.0,0.0,1011.2,0.0,1011.2,4885.2,1456.85,0,0,0,0.0,0,F1,100,,,,,
2026-02-18,2026-02-18,FO,NSE,STO,169159,,TATAELXSI,,2026-04-28,2026-04-28,4800.0,PE,TATAELXSI26APR4800PE,0.0,0.0,0.0,125.05,0.0,125.05,4885.2,199.75,0,0,0,0.0,0,F1,100,,,,,
2026-02-18,2026-02-18,FO,NSE,STO,169155,,TATAELXSI,,2026-04-28,2026-04-28,4600.0,PE,TATAELXSI26APR4600PE,0.0,0.0,0.0,80.75,0.0,80.75,4885.2,123.45,0,0,0,0.0,0,F1,100,,,,,
2026-02-18,2026-02-18,FO,NSE,STO,169107,,TATAELXSI,,2026-03-30,2026-03-30,5950.0,PE,TATAELXSI26MAR5950PE,0.0,0.0,0.0,1178.3,1178.3,1178.3,4885.2,1036.2,100,0,0,0.0,0,F1,100,,,,,
2026-02-18,2026-02-18,FO,NSE,STO,161039,,TATAELXSI,,2026-03-30,2026-03-30,5900.0,PE,TATAELXSI26MAR5900PE,1045.0,1045.0,1045.0,1045.0,1045.0,484.55,4885.2,988.05,100,100,1,694500.0,1,F1,100,,,,,
2026-02-18,2026-02-18,FO,NSE,STO,169095,,TATAELXSI,,2026-03-30,2026-03-30,5350.0,PE,TATAELXSI26MAR5350PE,0.0,0.0,0.0,648.0,648.0,648.0,4885.2,494.2,100,0,0,0.0,0,F1,100,,,,,
2026-02-18,2026-02-18,FO,NSE,STO,169163,,TATAELXSI,,2026-04-28,2026-04-28,5000.0,PE,TATAELXSI26APR5000PE,0.0,0.0,0.0,300.0,300.0,300.0,4885.2,299.8,100,0,0,0.0,0,F1,100,,,,,
2026-02-18,2026-02-18,FO,NSE,STO,169073,,TATAELXSI,,2026-03-30,2026-03-30,4250.0,PE,TATAELXSI26MAR4250PE,0.0,0.0,0.0,14.65,0.0,14.65,4885.2,17.25,0,0,0,0.0,0,F1,100,,,,,
2026-02-18,2026-02-18,FO,NSE,STO,161021,,TATAELXSI,,2026-03-30,2026-03-30,5000.0,PE,TATAELXSI26MAR5000PE,299.95,336.85,286.0,291.6,299.9,286.7,4885.2,291.6,18300,1300,85,45143020.0,80,F1,100,,,,,
2026-02-18,2026-02-18,FO,NSE,STO,161032,,TATAELXSI,,2026-03-30,2026-03-30,5600.0,CE,TATAELXSI26MAR5600CE,0.0,0.0,0.0,60.0,60.0,60.0,4885.2,26.9,2800,0,0,0.0,0,F1,100,,,,,
2026-02-18,2026-02-18,FO,NSE,STO,160898,,TATAELXSI,,2026-02-24,2026-02-24,4250.0,CE,TATAELXSI26FEB4250CE,0.0,0.0,0.0,999.65,0.0,999.65,4885.2,639.05,0,0,0,0.0,0,F1,100,,,,,
2026-02-18,2026-02-18,FO,NSE,STO,160920,,TATAELXSI,,2026-02-24,2026-02-24,4950.0,CE,TATAELXSI26FEB4950CE,104.9,104.9,49.9,64.2,60.0,104.9,4885.2,64.2,32700,-600,841,421721970.0,711,F1,100,,,,,
2026-02-18,2026-02-18,FO,NSE,STO,161002,,TATAELXSI,,2026-03-30,2026-03-30,4100.0,CE,TATAELXSI26MAR4100CE,0.0,0.0,0.0,1179.8,0.0,1179.8,4885.2,817.35,0,0,0,0.0,0,F1,100,,,,,
2026-02-18,2026-02-18,FO,NSE,STO,161012,,TATAELXSI,,2026-03-30,2026-03-30,4600.0,CE,TATAELXSI26MAR4600CE,370.0,400.0,370.0,400.0,400.0,350.0,4885.2,400.0,1000,100,2,997000.0,2,F1,100,,,,,
2026-02-18,2026-02-18,FO,NSE,STO,161030,,TATAELXSI,,2026-03-30,2026-03-30,5500.0,CE,TATAELXSI26MAR5500CE,65.05,67.75,47.3,56.5,55.5,73.05,4885.2,56.5,29300,1700,254,141089970.0,175,F1,100,,,,,
2026-02-18,2026-02-18,FO,NSE,STO,169165,,TATAELXSI,,2026-04-28,2026-04-28,5100.0,PE,TATAELXSI26APR5100PE,0.0,0.0,0.0,218.2,0.0,218.2,4885.2,358.45,0,0,0,0.0,0,F1,100,,,,,
2026-02-18,2026-02-18,FO,NSE,STO,169142,,TATAELXSI,,2026-04-28,2026-04-28,4000.0,CE,TATAELXSI26APR4000CE,0.0,0.0,0.0,1490.9,0.0,1490.9,4885.2,942.45,0,0,0,0.0,0,F1,100,,,,,
2026-02-18,2026-02-18,FO,NSE,STO,160905,,TATAELXSI,,2026-02-24,2026-02-24,4450.0,PE,TATAELXSI26FEB4450PE,6.75,11.25,5.0,5.45,5.6,8.95,4885.2,5.45,6900,800,102,45474315.0,55,F1,100,,,,,
2026-02-18,2026-02-18,FO,NSE,STO,161034,,TATAELXSI,,2026-03-30,2026-03-30,5700.0,CE,TATAELXSI26MAR5700CE,34.0,34.0,29.75,29.75,29.75,45.0,4885.2,18.75,2600,400,8,4585590.0,8,F1,100,,,,,
2026-02-18,2026-02-18,FO,NSE,STO,160967,,TATAELXSI,,2026-02-24,2026-02-24,6500.0,PE,TATAELXSI26FEB6500PE,0.0,0.0,0.0,1105.0,1105.0,1105.0,4885.2,1608.95,3900,0,0,0.0,0,F1,100,,,,,
2026-02-18,2026-02-18,FO,NSE,STO,160931,,TATAELXSI,,2026-02-24,2026-02-24,5300.0,PE,TATAELXSI26FEB5300PE,460.0,493.55,417.0,426.65,432.95,382.85,4885.2,426.65,30200,-500,35,20124910.0,34,F1,100,,,,,
2026-02-18,2026-02-18,FO,NSE,STO,140141,,TATAELXSI,,2026-02-24,2026-02-24,5200.0,PE,TATAELXSI26FEB5200PE,372.15,398.7,320.2,329.65,339.0,308.7,4885.2,329.65,21900,-1200,70,38839710.0,62,F1,100,,,,,
2026-02-18,2026-02-18,FO,NSE,STO,160925,,TATAELXSI,,2026-02-24,2026-02-24,5100.0,PE,TATAELXSI26FEB5100PE,238.8,307.7,231.45,239.95,248.5,224.5,4885.2,239.95,29100,1000,187,100200080.0,80,F1,100,,,,,
2026-02-18,2026-02-18,FO,NSE,STO,169175,,TATAELXSI,,2026-04-28,2026-04-28,5600.0,PE,TATAELXSI26APR5600PE,0.0,0.0,0.0,452.9,0.0,452.9,4885.2,724.7,0,0,0,0.0,0,F1,100,,,,,
2026-02-18,2026-02-18,FO,NSE,STO,160907,,TATAELXSI,,2026-02-24,2026-02-24,4500.0,PE,TATAELXSI26FEB4500PE,13.3,18.1,7.05,8.15,9.25,12.35,4885.2,8.15,24200,4200,355,160231345.0,296,F1,100,,,,,
2026-02-18,2026-02-18,FO,NSE,STO,160899,,TATAELXSI,,2026-02-24,2026-02-24,4250.0,PE,TATAELXSI26FEB4250PE,0.0,0.0,0.0,13.0,13.0,13.0,4885.2,0.05,300,0,0,0.0,0,F1,100,,,,,
2026-02-18,2026-02-18,FO,NSE,STO,169186,,TATAELXSI,,2026-04-28,2026-04-28,6200.0,CE,TATAELXSI26APR6200CE,0.0,0.0,0.0,164.45,0.0,164.45,4885.2,14.55,0,0,0,0.0,0,F1,100,,,,,
2026-02-18,2026-02-18,FO,NSE,STO,140134,,TATAELXSI,,2026-02-24,2026-02-24,4600.0,CE,TATAELXSI26FEB4600CE,0.0,0.0,0.0,257.45,256.95,257.45,4885.2,294.7,600,0,0,0.0,0,F1,100,,,,,
2026-02-18,2026-02-18,FO,NSE,STO,160930,,TATAELXSI,,2026-02-24,2026-02-24,5300.0,CE,TATAELXSI26FEB5300CE,22.75,22.75,8.1,9.95,10.0,22.95,4885.2,9.95,149100,14000,2108,1119609085.0,1499,F1,100,,,,,
2026-02-18,2026-02-18,FO,NSE,STO,160936,,TATAELXSI,,2026-02-24,2026-02-24,5500.0,CE,TATAELXSI26FEB5500CE,10.4,10.45,3.8,4.55,4.7,11.2,4885.2,4.55,179800,-19000,3547,1952877315.0,1959,F1,100,,,,,
2026-02-18,2026-02-18,FO,NSE,STO,160952,,TATAELXSI,,2026-02-24,2026-02-24,6050.0,CE,TATAELXSI26FEB6050CE,2.5,2.5,1.6,1.75,1.75,2.95,4885.2,0.05,5600,-1900,27,16340480.0,24,F1,100,,,,,
2026-02-18,2026-02-18,FO,NSE,STO,169603,,TATASTEEL,,2026-04-28,2026-04-28,218.0,PE,TATASTEEL26APR218PE,0.0,0.0,0.0,27.26,0.0,27.26,209.05,14.07,0,0,0,0.0,0,F1,5500,,,,,
2026-02-18,2026-02-18,FO,NSE,STO,169613,,TATASTEEL,,2026-04-28,2026-04-28,228.0,PE,TATASTEEL26APR228PE,0.0,0.0,0.0,35.28,0.0,35.28,209.05,20.91,0,0,0,0.0,0,F1,5500,,,,,
2026-02-18,2026-02-18,FO,NSE,STO,161668,,TATASTEEL,,2026-02-24,2026-02-24,174.0,CE,TATASTEEL26FEB174CE,0.0,0.0,0.0,10.6,0.0,10.6,209.05,35.21,0,0,0,0.0,0,F1,5500,,,,,
2026-02-18,2026-02-18,FO,NSE,STO,161678,,TATASTEEL,,2026-02-24,2026-02-24,181.0,CE,TATASTEEL26FEB181CE,0.0,0.0,0.0,28.99,28.99,28.99,209.05,28.21,143000,0,0,0.0,0,F1,5500,,,,,
2026-02-18,2026-02-18,FO,NSE,STO,161676,,TATASTEEL,,2026-02-24,2026-02-24,179.0,CE,TATASTEEL26FEB179CE,0.0,0.0,0.0,30.95,30.95,30.95,209.05,30.21,0,0,0,0.0,0,F1,5500,,,,,
2026-02-18,2026-02-18,FO,NSE,STO,161662,,TATASTEEL,,2026-02-24,2026-02-24,171.0,CE,TATASTEEL26FEB171CE,0.0,0.0,0.0,12.27,0.0,12.27,209.05,38.2,0,0,0,0.0,0,F1,5500,,,,,
2026-02-18,2026-02-18,FO,NSE,STO,161636,,TATASTEEL,,2026-02-24,2026-02-24,154.0,CE,TATASTEEL26FEB154CE,52.25,53.11,52.0,52.25,52.25,49.45,209.05,55.19,572000,0,18,20477160.0,18,F1,5500,,,,,
2026-02-18,2026-02-18,FO,NSE,STO,169483,,TATASTEEL,,2026-03-30,2026-03-30,209.0,PE,TATASTEEL26MAR209PE,6.82,6.96,6.38,6.58,6.57,19.45,209.05,6.58,121000,121000,51,60484380.0,46,F1,5500,,,,,
2026-02-18,2026-02-18,FO,NSE,STO,169481,,TATASTEEL,,2026-03-30,2026-03-30,207.0,PE,TATASTEEL26MAR207PE,7.01,7.01,5.63,5.71,5.7,6.9,209.05,5.71,209000,192500,54,63295265.0,48,F1,5500,,,,,
2026-02-18,2026-02-18,FO,NSE,STO,169601,,TATASTEEL,,2026-04-28,2026-04-28,216.0,PE,TATASTEEL26APR216PE,0.0,0.0,0.0,25.74,0.0,25.74,209.05,12.86,0,0,0,0.0,0,F1,5500,,,,,
2026-02-18,2026-02-18,FO,NSE,STO,169581,,TATASTEEL,,2026-04-28,2026-04-28,196.0,PE,TATASTEEL26APR196PE,0.0,0.0,0.0,12.81,0.0,12.81,209.05,4.09,0,0,0,0.0,0,F1,5500,,,,,
2026-02-18,2026-02-18,FO,NSE,STO,169545,,TATASTEEL,,2026-04-28,2026-04-28,160.0,PE,TATASTEEL26APR160PE,0.0,0.0,0.0,1.49,0.0,1.49,209.05,0.09,0,0,0,0.0,0,F1,5500,,,,,
2026-02-18,2026-02-18,FO,NSE,STO,161861,,TATASTEEL,,2026-03-30,2026-03-30,232.0,PE,TATASTEEL26MAR232PE,0.0,0.0,0.0,23.6,23.6,23.6,209.05,23.1,5500,0,0,0.0,0,F1,5500,,,,,
2026-02-18,2026-02-18,FO,NSE,STO,161839,,TATASTEEL,,2026-03-30,2026-03-30,200.0,PE,TATASTEEL26MAR200PE,4.6,4.6,3.17,3.25,3.24,4.84,209.05,3.25,2728000,577500,648,725332630.0,506,F1,5500,,,,,
2026-02-18,2026-02-18,FO,NSE,STO,161811,,TATASTEEL,,2026-03-30,2026-03-30,172.0,PE,TATASTEEL26MAR172PE,0.0,0.0,0.0,8.16,0.0,8.16,209.05,0.1,0,0,0,0.0,0,F1,5500,,,,,
2026-02-18,2026-02-18,FO,NSE,STO,161745,,TATASTEEL,,2026-02-24,2026-02-24,232.0,PE,TATASTEEL26FEB232PE,0.0,0.0,0.0,54.21,0.0,54.21,209.05,22.75,0,0,0,0.0,0,F1,5500,,,,,
2026-02-18,2026-02-18,FO,NSE,STO,161743,,TATASTEEL,,2026-02-24,2026-02-24,228.0,PE,TATASTEEL26FEB228PE,0.0,0.0,0.0,21.13,21.13,21.13,209.05,18.77,0,0,0,0.0,0,F1,5500,,,,,
2026-02-18,2026-02-18,FO,NSE,STO,161731,,TATASTEEL,,2026-02-24,2026-02-24,214.0,PE,TATASTEEL26FEB214PE,9.25,9.25,5.9,6.21,6.2,11.04,209.05,6.21,748000,16500,52,63212600.0,47,F1,5500,,,,,
2026-02-18,2026-02-18,FO,NSE,STO,161723,,TATASTEEL,,2026-02-24,2026-02-24,208.0,PE,TATASTEEL26FEB208PE,4.59,4.61,2.26,2.43,2.44,5.95,209.05,2.43,3063500,1413500,3077,3564923615.0,2641,F1,5500,,,,,
2026-02-18,2026-02-18,FO,NSE,STO,161721,,TATASTEEL,,2026-02-24,2026-02-24,207.0,PE,TATASTEEL26FEB207PE,3.84,3.9,1.9,2.03,2.06,5.25,209.05,2.03,2332000,1584000,2323,2675518725.0,1939,F1,5500,,,,,
2026-02-18,2026-02-18,FO,NSE,STO,161847,,TATASTEEL,,2026-03-30,2026-03-30,208.0,PE,TATASTEEL26MAR208PE,6.63,6.64,6.0,6.14,6.15,8.5,209.05,6.14,275000,269500,67,78985720.0,52,F1,5500,,,,,
2026-02-18,2026-02-18,FO,NSE,STO,161701,,TATASTEEL,,2026-02-24,2026-02-24,194.0,PE,TATASTEEL26FEB194PE,0.59,0.59,0.22,0.23,0.23,0.68,209.05,0.23,1595000,66000,248,265009195.0,219,F1,5500,,,,,
2026-02-18,2026-02-18,FO,NSE,STO,140675,,TATASTEEL,,2026-02-24,2026-02-24,185.0,PE,TATASTEEL26FEB185PE,0.14,0.14,0.08,0.08,0.09,0.14,209.05,0.08,5021500,-165000,381,387863905.0,320,F1,5500,,,,,
2026-02-18,2026-02-18,FO,NSE,STO,140669,,TATASTEEL,,2026-02-24,2026-02-24,175.0,PE,TATASTEEL26FEB175PE,0.03,0.05,0.02,0.03,0.03,0.03,209.05,0.03,3404500,-165000,45,43320805.0,41,F1,5500,,,,,
2026-02-18,2026-02-18,FO,NSE,STO,161669,,TATASTEEL,,2026-02-24,2026-02-24,174.0,PE,TATASTEEL26FEB174PE,0.04,0.04,0.03,0.03,0.03,0.03,209.05,0.01,390500,0,3,2871605.0,3,F1,5500,,,,,
2026-02-18,2026-02-18,FO,NSE,STO,161657,,TATASTEEL,,2026-02-24,2026-02-24,167.0,PE,TATASTEEL26FEB167PE,0.03,0.06,0.02,0.03,0.06,0.05,209.05,0.03,165000,-16500,5,4593325.0,4,F1,5500,,,,,
2026-02-18,2026-02-18,FO,NSE,STO,42146,,TATASTEEL,,2026-03-30,2026-03-30,222.0,CE,TATASTEEL26MAR222CE,2.5,3.46,2.5,3.02,3.08,2.42,209.05,3.02,148500,104500,35,43354520.0,33,F1,5500,,,,,
2026-02-18,2026-02-18,FO,NSE,STO,161808,,TATASTEEL,,2026-03-30,2026-03-30,170.0,CE,TATASTEEL26MAR170CE,38.0,40.5,38.0,40.02,39.74,35.35,209.05,40.02,258500,104500,19,21923055.0,19,F1,5500,,,,,
2026-02-18,2026-02-18,FO,NSE,STO,140734,,TATASTEEL,,2026-02-24,2026-02-24,205.0,CE,TATASTEEL26FEB205CE,2.8,5.87,2.45,5.11,5.09,2.48,209.05,5.11,5560500,-4477000,7990,9201769335.0,6739,F1,5500,,,,,
2026-02-18,2026-02-18,FO,NSE,STO,161698,,TATASTEEL,,2026-02-24,2026-02-24,193.0,CE,TATASTEEL26FEB193CE,13.75,16.18,13.75,16.18,16.18,10.5,209.05,16.26,786500,-16500,3,3424740.0,2,F1,5500,,,,,
2026-02-18,2026-02-18,FO,NSE,STO,169562,,TATASTEEL,,2026-04-28,2026-04-28,178.0,CE,TATASTEEL26APR178CE,0.0,0.0,0.0,22.26,0.0,22.26,209.05,33.76,0,0,0,0.0,0,F1,5500,,,,,
2026-02-18,2026-02-18,FO,NSE,STO,169544,,TATASTEEL,,2026-04-28,2026-04-28,160.0,CE,TATASTEEL26APR160CE,0.0,0.0,0.0,36.22,0.0,36.22,209.05,50.8,0,0,0,0.0,0,F1,5500,,,,,
2026-02-18,2026-02-18,FO,NSE,STO,161854,,TATASTEEL,,2026-03-30,2026-03-30,220.0,CE,TATASTEEL26MAR220CE,2.42,4.1,2.32,3.54,3.54,2.17,209.05,3.54,3129500,132000,1183,1454786960.0,1012,F1,5500,,,,,
2026-02-18,2026-02-18,FO,NSE,STO,161852,,TATASTEEL,,2026-03-30,2026-03-30,216.0,CE,TATASTEEL26MAR216CE,4.15,5.37,4.07,4.74,4.7,3.07,209.05,4.74,462000,297000,92,111741300.0,63,F1,5500,,,,,
2026-02-18,2026-02-18,FO,NSE,STO,169476,,TATASTEEL,,2026-03-30,2026-03-30,203.0,CE,TATASTEEL26MAR203CE,9.5,11.85,9.5,11.85,11.85,8.0,209.05,11.83,22000,-5500,3,3528855.0,3,F1,5500,,,,,
2026-02-18,2026-02-18,FO,NSE,STO,161838,,TATASTEEL,,2026-03-30,2026-03-30,200.0,CE,TATASTEEL26MAR200CE,10.5,14.25,10.45,13.34,13.35,9.59,209.05,13.34,1281500,49500,306,357835940.0,208,F1,5500,,,,,
2026-02-18,2026-02-18,FO,NSE,STO,169491,,TATASTEEL,,2026-03-30,2026-03-30,217.0,PE,TATASTEEL26MAR217PE,0.0,0.0,0.0,25.58,0.0,25.58,209.05,11.67,0,0,0,0.0,0,F1,5500,,,,,
2026-02-18,2026-02-18,FO,NSE,STO,169551,,TATASTEEL,,2026-04-28,2026-04-28,166.0,PE,TATASTEEL26APR166PE,0.0,0.0,0.0,2.39,0.0,2.39,209.05,0.21,0,0,0,0.0,0,F1,5500,,,,,
2026-02-18,2026-02-18,FO,NSE,STO,169553,,TATASTEEL,,2026-04-28,2026-04-28,168.0,PE,TATASTEEL26APR168PE,0.0,0.0,0.0,2.76,0.0,2.76,209.05,0.27,0,0,0,0.0,0,F1,5500,,,,,
2026-02-18,2026-02-18,FO,NSE,STO,169565,,TATASTEEL,,2026-04-28,2026-04-28,180.0,PE,TATASTEEL26APR180PE,1.8,1.8,1.64,1.7,1.7,2.0,209.05,1.06,148500,27500,7,6996220.0,7,F1,5500,,,,,
2026-02-18,2026-02-18,FO,NSE,STO,169567,,TATASTEEL,,2026-04-28,2026-04-28,182.0,PE,TATASTEEL26APR182PE,0.0,0.0,0.0,6.58,0.0,6.58,209.05,1.29,0,0,0,0.0,0,F1,5500,,,,,
2026-02-18,2026-02-18,FO,NSE,STO,161800,,TATASTEEL,,2026-03-30,2026-03-30,162.0,CE,TATASTEEL26MAR162CE,0.0,0.0,0.0,20.72,0.0,20.72,209.05,48.04,0,0,0,0.0,0,F1,5500,,,,,
2026-02-18,2026-02-18,FO,NSE,STO,38425,,TATASTEEL,,2026-02-24,2026-02-24,217.0,CE,TATASTEEL26FEB217CE,0.36,0.84,0.36,0.56,0.59,0.31,209.05,0.56,638000,302500,567,678691530.0,495,F1,5500,,,,,
2026-02-18,2026-02-18,FO,NSE,STO,161666,,TATASTEEL,,2026-02-24,2026-02-24,173.0,CE,TATASTEEL26FEB173CE,0.0,0.0,0.0,19.0,19.0,19.0,209.05,36.21,5500,0,0,0.0,0,F1,5500,,,,,
2026-02-18,2026-02-18,FO,NSE,STO,169470,,TATASTEEL,,2026-03-30,2026-03-30,197.0,CE,TATASTEEL26MAR197CE,0.0,0.0,0.0,9.05,0.0,9.05,209.05,15.93,0,0,0,0.0,0,F1,5500,,,,,
2026-02-18,2026-02-18,FO,NSE,STO,169464,,TATASTEEL,,2026-03-30,2026-03-30,191.0,CE,TATASTEEL26MAR191CE,0.0,0.0,0.0,11.89,0.0,11.89,209.05,20.65,0,0,0,0.0,0,F1,5500,,,,,
2026-02-18,2026-02-18,FO,NSE,STO,161828,,TATASTEEL,,2026-03-30,2026-03-30,190.0,CE,TATASTEEL26MAR190CE,18.0,22.0,18.0,21.6,21.6,16.1,209.05,21.6,495000,66000,24,27865475.0,24,F1,5500,,,,,
2026-02-18,2026-02-18,FO,NSE,STO,169456,,TATASTEEL,,2026-03-30,2026-03-30,183.0,CE,TATASTEEL26MAR183CE,0.0,0.0,0.0,28.5,28.5,28.5,209.05,27.69,11000,0,0,0.0,0,F1,5500,,,,,
2026-02-18,2026-02-18,FO,NSE,STO,161812,,TATASTEEL,,2026-03-30,2026-03-30,174.0,CE,TATASTEEL26MAR174CE,0.0,0.0,0.0,13.43,0.0,13.43,209.05,36.23,0,0,0,0.0,0,F1,5500,,,,,
2026-02-18,2026-02-18,FO,NSE,STO,169440,,TATASTEEL,,2026-03-30,2026-03-30,167.0,CE,TATASTEEL26MAR167CE,0.0,0.0,0.0,28.57,0.0,28.57,209.05,43.09,0,0,0,0.0,0,F1,5500,,,,,
2026-02-18,2026-02-18,FO,NSE,STO,169487,,TATASTEEL,,2026-03-30,2026-03-30,213.0,PE,TATASTEEL26MAR213PE,0.0,0.0,0.0,22.44,0.0,22.44,209.05,9.24,0,0,0,0.0,0,F1,5500,,,,,
2026-02-18,2026-02-18,FO,NSE,STO,161827,,TATASTEEL,,2026-03-30,2026-03-30,188.0,PE,TATASTEEL26MAR188PE,1.36,1.36,1.16,1.18,1.18,1.63,209.05,1.03,198000,27500,8,8324965.0,8,F1,5500,,,,,
2026-02-18,2026-02-18,FO,NSE,STO,169455,,TATASTEEL,,2026-03-30,2026-03-30,181.0,PE,TATASTEEL26MAR181PE,0.0,0.0,0.0,4.68,0.0,4.68,209.05,0.41,0,0,0,0.0,0,F1,5500,,,,,
2026-02-18,2026-02-18,FO,NSE,STO,40943,,TATASTEEL,,2026-02-24,2026-02-24,219.0,PE,TATASTEEL26FEB219PE,0.0,0.0,0.0,12.11,12.1,12.11,209.05,10.13,22000,0,0,0.0,0,F1,5500,,,,,
2026-02-18,2026-02-18,FO,NSE,STO,161711,,TATASTEEL,,2026-02-24,2026-02-24,201.0,PE,TATASTEEL26FEB201PE,1.34,1.34,0.63,0.66,0.65,2.21,209.05,0.66,2475000,819500,1096,1216871865.0,929,F1,5500,,,,,
2026-02-18,2026-02-18,FO,NSE,STO,161709,,TATASTEEL,,2026-02-24,2026-02-24,199.0,PE,TATASTEEL26FEB199PE,0.93,0.95,0.46,0.49,0.48,1.6,209.05,0.49,4312000,2073500,1167,1281195080.0,752,F1,5500,,,,,
2026-02-18,2026-02-18,FO,NSE,STO,140667,,TATASTEEL,,2026-02-24,2026-02-24,170.0,PE,TATASTEEL26FEB170PE,0.03,0.04,0.01,0.02,0.02,0.03,209.05,0.02,2667500,-198000,158,147751780.0,87,F1,5500,,,,,
2026-02-18,2026-02-18,FO,NSE,STO,140663,,TATASTEEL,,2026-02-24,2026-02-24,160.0,PE,TATASTEEL26FEB160PE,0.03,0.04,0.01,0.01,0.01,0.02,209.05,0.01,2310000,-27500,63,55446270.0,41,F1,5500,,,,,
2026-02-18,2026-02-18,FO,NSE,STO,140657,,TATASTEEL,,2026-02-24,2026-02-24,145.0,PE,TATASTEEL26FEB145PE,0.0,0.0,0.0,0.02,0.02,0.02,209.05,0.01,170500,0,0,0.0,0,F1,5500,,,,,
2026-02-18,2026-02-18,FO,NSE,STO,169614,,TATASTEEL,,2026-04-28,2026-04-28,232.0,CE,TATASTEEL26APR232CE,0.0,0.0,0.0,2.51,0.0,2.51,209.05,3.43,0,0,0,0.0,0,F1,5500,,,,,
2026-02-18,2026-02-18,FO,NSE,STO,169574,,TATASTEEL,,2026-04-28,2026-04-28,190.0,CE,TATASTEEL26APR190CE,0.0,0.0,0.0,15.02,0.0,15.02,209.05,23.62,0,0,0,0.0,0,F1,5500,,,,,
2026-02-18,2026-02-18,FO,NSE,STO,169564,,TATASTEEL,,2026-04-28,2026-04-28,180.0,CE,TATASTEEL26APR180CE,0.0,0.0,0.0,20.93,0.0,20.93,209.05,31.98,0,0,0,0.0,0,F1,5500,,,,,
2026-02-18,2026-02-18,FO,NSE,STO,169609,,TATASTEEL,,2026-04-28,2026-04-28,224.0,PE,TATASTEEL26APR224PE,0.0,0.0,0.0,31.98,0.0,31.98,209.05,18.03,0,0,0,0.0,0,F1,5500,,,,,
2026-02-18,2026-02-18,FO,NSE,STO,161842,,TATASTEEL,,2026-03-30,2026-03-30,204.0,CE,TATASTEEL26MAR204CE,8.75,11.0,8.46,10.8,10.8,7.55,209.05,11.21,44000,0,17,19965440.0,17,F1,5500,,,,,
2026-02-18,2026-02-18,FO,NSE,STO,161830,,TATASTEEL,,2026-03-30,2026-03-30,192.0,CE,TATASTEEL26MAR192CE,0.0,0.0,0.0,6.18,0.0,6.18,209.05,19.83,0,0,0,0.0,0,F1,5500,,,,,
2026-02-18,2026-02-18,FO,NSE,STO,169462,,TATASTEEL,,2026-03-30,2026-03-30,189.0,CE,TATASTEEL26MAR189CE,0.0,0.0,0.0,12.96,0.0,12.96,209.05,22.35,0,0,0,0.0,0,F1,5500,,,,,
2026-02-18,2026-02-18,FO,NSE,STO,161826,,TATASTEEL,,2026-03-30,2026-03-30,188.0,CE,TATASTEEL26MAR188CE,23.3,23.3,23.3,23.3,23.3,18.0,209.05,23.21,33000,5500,1,1162150.0,1,F1,5500,,,,,
2026-02-18,2026-02-18,FO,NSE,STO,169454,,TATASTEEL,,2026-03-30,2026-03-30,181.0,CE,TATASTEEL26MAR181CE,0.0,0.0,0.0,17.85,0.0,17.85,209.05,29.55,0,0,0,0.0,0,F1,5500,,,,,
2026-02-18,2026-02-18,FO,NSE,STO,161814,,TATASTEEL,,2026-03-30,2026-03-30,176.0,CE,TATASTEEL26MAR176CE,0.0,0.0,0.0,12.41,0.0,12.41,209.05,34.3,0,0,0,0.0,0,F1,5500,,,,,
2026-02-18,2026-02-18,FO,NSE,STO,140780,,TATASTEEL,,2026-02-24,2026-02-24,230.0,CE,TATASTEEL26FEB230CE,0.09,0.13,0.07,0.07,0.07,0.08,209.05,0.07,1853500,-27500,582,736558790.0,494,F1,5500,,,,,
2026-02-18,2026-02-18,FO,NSE,STO,161728,,TATASTEEL,,2026-02-24,2026-02-24,212.0,CE,TATASTEEL26FEB212CE,0.78,2.08,0.77,1.53,1.54,0.67,209.05,1.53,5280000,93500,5185,6093668955.0,4652,F1,5500,,,,,
2026-02-18,2026-02-18,FO,NSE,STO,161686,,TATASTEEL,,2026-02-24,2026-02-24,186.0,CE,TATASTEEL26FEB186CE,20.48,23.08,20.48,23.08,23.08,18.35,209.05,23.22,352000,-5500,6,6863065.0,6,F1,5500,,,,,
2026-02-18,2026-02-18,FO,NSE,STO,161654,,TATASTEEL,,2026-02-24,2026-02-24,166.0,CE,TATASTEEL26FEB166CE,0.0,0.0,0.0,15.41,0.0,15.41,209.05,43.2,0,0,0,0.0,0,F1,5500,,,,,
2026-02-18,2026-02-18,FO,NSE,STO,161650,,TATASTEEL,,2026-02-24,2026-02-24,163.0,CE,TATASTEEL26FEB163CE,0.0,0.0,0.0,17.51,0.0,17.51,209.05,46.2,0,0,0,0.0,0,F1,5500,,,,,
2026-02-18,2026-02-18,FO,NSE,STO,169493,,TATASTEEL,,2026-03-30,2026-03-30,219.0,PE,TATASTEEL26MAR219PE,0.0,0.0,0.0,27.21,0.0,27.21,209.05,13.0,0,0,0,0.0,0,F1,5500,,,,,
2026-02-18,2026-02-18,FO,NSE,STO,161849,,TATASTEEL,,2026-03-30,2026-03-30,210.0,PE,TATASTEEL26MAR210PE,9.0,9.0,6.88,7.11,7.15,9.99,209.05,7.11,2117500,830500,486,581397630.0,447,F1,5500,,,,,
2026-02-18,2026-02-18,FO,NSE,STO,169461,,TATASTEEL,,2026-03-30,2026-03-30,187.0,PE,TATASTEEL26MAR187PE,0.0,0.0,0.0,1.41,1.41,1.41,209.05,0.91,137500,0,0,0.0,0,F1,5500,,,,,
2026-02-18,2026-02-18,FO,NSE,STO,161817,,TATASTEEL,,2026-03-30,2026-03-30,178.0,PE,TATASTEEL26MAR178PE,0.0,0.0,0.0,4.67,4.67,4.67,209.05,0.26,11000,0,0,0.0,0,F1,5500,,,,,
2026-02-18,2026-02-18,FO,NSE,STO,169449,,TATASTEEL,,2026-03-30,2026-03-30,175.0,PE,TATASTEEL26MAR175PE,0.41,0.44,0.39,0.41,0.41,0.54,209.05,0.41,49500,-55000,26,25082200.0,17,F1,5500,,,,,
2026-02-18,2026-02-18,FO,NSE,STO,161735,,TATASTEEL,,2026-02-24,2026-02-24,218.0,PE,TATASTEEL26FEB218PE,0.0,0.0,0.0,14.56,14.56,14.56,209.05,9.25,159500,0,0,0.0,0,F1,5500,,,,,
2026-02-18,2026-02-18,FO,NSE,STO,161719,,TATASTEEL,,2026-02-24,2026-02-24,206.0,PE,TATASTEEL26FEB206PE,3.94,3.94,1.57,1.67,1.67,4.61,209.05,1.67,2178000,539000,2407,2756410635.0,2192,F1,5500,,,,,
2026-02-18,2026-02-18,FO,NSE,STO,161715,,TATASTEEL,,2026-02-24,2026-02-24,203.0,PE,TATASTEEL26FEB203PE,2.2,2.49,0.91,0.95,0.95,2.99,209.05,0.95,1914000,11000,1713,1925255805.0,1548,F1,5500,,,,,
2026-02-18,2026-02-18,FO,NSE,STO,161705,,TATASTEEL,,2026-02-24,2026-02-24,197.0,PE,TATASTEEL26FEB197PE,1.0,1.0,0.34,0.34,0.35,1.13,209.05,0.34,1034000,-313500,422,458389030.0,357,F1,5500,,,,,
2026-02-18,2026-02-18,FO,NSE,STO,161681,,TATASTEEL,,2026-02-24,2026-02-24,182.0,PE,TATASTEEL26FEB182PE,0.09,0.09,0.03,0.06,0.06,0.09,209.05,0.06,709500,-434500,177,177240195.0,117,F1,5500,,,,,
2026-02-18,2026-02-18,FO,NSE,STO,169608,,TATASTEEL,,2026-04-28,2026-04-28,224.0,CE,TATASTEEL26APR224CE,0.0,0.0,0.0,3.69,0.0,3.69,209.05,5.39,0,0,0,0.0,0,F1,5500,,,,,
2026-02-18,2026-02-18,FO,NSE,STO,169580,,TATASTEEL,,2026-04-28,2026-04-28,196.0,CE,TATASTEEL26APR196CE,0.0,0.0,0.0,12.09,0.0,12.09,209.05,19.17,0,0,0,0.0,0,F1,5500,,,,,
2026-02-18,2026-02-18,FO,NSE,STO,169568,,TATASTEEL,,2026-04-28,2026-04-28,184.0,CE,TATASTEEL26APR184CE,0.0,0.0,0.0,18.41,0.0,18.41,209.05,28.51,0,0,0,0.0,0,F1,5500,,,,,
2026-02-18,2026-02-18,FO,NSE,STO,169556,,TATASTEEL,,2026-04-28,2026-04-28,172.0,CE,TATASTEEL26APR172CE,0.0,0.0,0.0,26.54,0.0,26.54,209.05,39.28,0,0,0,0.0,0,F1,5500,,,,,
2026-02-18,2026-02-18,FO,NSE,STO,169452,,TATASTEEL,,2026-03-30,2026-03-30,179.0,CE,TATASTEEL26MAR179CE,0.0,0.0,0.0,19.23,0.0,19.23,209.05,31.43,0,0,0,0.0,0,F1,5500,,,,,
2026-02-18,2026-02-18,FO,NSE,STO,161804,,TATASTEEL,,2026-03-30,2026-03-30,166.0,CE,TATASTEEL26MAR166CE,0.0,0.0,0.0,18.06,0.0,18.06,209.05,44.08,0,0,0,0.0,0,F1,5500,,,,,
2026-02-18,2026-02-18,FO,NSE,STO,161730,,TATASTEEL,,2026-02-24,2026-02-24,214.0,CE,TATASTEEL26FEB214CE,0.49,1.45,0.49,1.02,1.04,0.48,209.05,1.02,3531000,-247500,2262,2675833160.0,1992,F1,5500,,,,,
2026-02-18,2026-02-18,FO,NSE,STO,37025,,TATASTEEL,,2026-02-24,2026-02-24,213.0,CE,TATASTEEL26FEB213CE,0.61,1.72,0.55,1.24,1.25,0.56,209.05,1.24,1699500,522500,2682,3162388240.0,2469,F1,5500,,,,,
2026-02-18,2026-02-18,FO,NSE,STO,140736,,TATASTEEL,,2026-02-24,2026-02-24,210.0,CE,TATASTEEL26FEB210CE,1.04,2.93,0.98,2.27,2.27,0.98,209.05,2.27,23501500,704000,28519,33303639380.0,23821,F1,5500,,,,,
2026-02-18,2026-02-18,FO,NSE,STF,52052,,TATASTEEL,,2026-03-30,2026-03-30,,,TATASTEEL26MARFUT,205.5,211.0,205.3,210.18,210.2,204.68,209.05,210.18,43351000,7942000,4161,4794195615.0,3449,F1,5500,,,,,
2026-02-18,2026-02-18,FO,NSE,STO,169583,,TATASTEEL,,2026-04-28,2026-04-28,198.0,PE,TATASTEEL26APR198PE,0.0,0.0,0.0,13.9,0.0,13.9,209.05,4.7,0,0,0,0.0,0,F1,5500,,,,,
2026-02-18,2026-02-18,FO,NSE,STO,169571,,TATASTEEL,,2026-04-28,2026-04-28,186.0,PE,TATASTEEL26APR186PE,0.0,0.0,0.0,8.1,0.0,8.1,209.05,1.86,0,0,0,0.0,0,F1,5500,,,,,
2026-02-18,2026-02-18,FO,NSE,STO,161859,,TATASTEEL,,2026-03-30,2026-03-30,228.0,PE,TATASTEEL26MAR228PE,0.0,0.0,0.0,49.7,0.0,49.7,209.05,19.75,0,0,0,0.0,0,F1,5500,,,,,
2026-02-18,2026-02-18,FO,NSE,STO,161831,,TATASTEEL,,2026-03-30,2026-03-30,192.0,PE,TATASTEEL26MAR192PE,1.92,1.92,1.67,1.67,1.67,2.69,209.05,1.63,220000,44000,13,13850870.0,12,F1,5500,,,,,
2026-02-18,2026-02-18,FO,NSE,STO,161825,,TATASTEEL,,2026-03-30,2026-03-30,186.0,PE,TATASTEEL26MAR186PE,1.06,1.09,0.89,0.95,0.95,1.32,209.05,0.95,192500,33000,22,22629365.0,22,F1,5500,,,,,
2026-02-18,2026-02-18,FO,NSE,STO,161823,,TATASTEEL,,2026-03-30,2026-03-30,184.0,PE,TATASTEEL26MAR184PE,0.0,0.0,0.0,1.27,1.27,1.27,209.05,0.62,49500,0,0,0.0,0,F1,5500,,,,,
2026-02-18,2026-02-18,FO,NSE,STO,169441,,TATASTEEL,,2026-03-30,2026-03-30,167.0,PE,TATASTEEL26MAR167PE,0.0,0.0,0.0,1.54,0.0,1.54,209.05,0.04,0,0,0,0.0,0,F1,5500,,,,,
2026-02-18,2026-02-18,FO,NSE,STO,161739,,TATASTEEL,,2026-02-24,2026-02-24,224.0,PE,TATASTEEL26FEB224PE,0.0,0.0,0.0,46.45,0.0,46.45,209.05,14.84,0,0,0,0.0,0,F1,5500,,,,,
2026-02-18,2026-02-18,FO,NSE,STO,161713,,TATASTEEL,,2026-02-24,2026-02-24,202.0,PE,TATASTEEL26FEB202PE,2.0,2.02,0.76,0.78,0.79,2.57,209.05,0.78,1655500,-5500,1762,1968280160.0,1597,F1,5500,,,,,
2026-02-18,2026-02-18,FO,NSE,STO,140733,,TATASTEEL,,2026-02-24,2026-02-24,200.0,PE,TATASTEEL26FEB200PE,1.65,1.8,0.54,0.56,0.55,1.87,209.05,0.56,9927500,2475000,4966,5484352610.0,3648,F1,5500,,,,,
2026-02-18,2026-02-18,FO,NSE,STO,140681,,TATASTEEL,,2026-02-24,2026-02-24,195.0,PE,TATASTEEL26FEB195PE,0.79,0.79,0.25,0.26,0.26,0.79,209.05,0.26,6237000,-1639000,1649,1771653950.0,1075,F1,5500,,,,,
2026-02-18,2026-02-18,FO,NSE,STO,161673,,TATASTEEL,,2026-02-24,2026-02-24,177.0,PE,TATASTEEL26FEB177PE,0.06,0.06,0.04,0.06,0.06,0.05,209.05,0.01,170500,-33000,8,7790255.0,8,F1,5500,,,,,
2026-02-18,2026-02-18,FO,NSE,STO,161671,,TATASTEEL,,2026-02-24,2026-02-24,176.0,PE,TATASTEEL26FEB176PE,0.06,0.06,0.06,0.06,0.06,0.06,209.05,0.01,319000,0,1,968330.0,1,F1,5500,,,,,
2026-02-18,2026-02-18,FO,NSE,STO,161663,,TATASTEEL,,2026-02-24,2026-02-24,171.0,PE,TATASTEEL26FEB171PE,0.04,0.04,0.04,0.04,0.04,0.05,209.05,0.01,99000,-5500,1,940720.0,1,F1,5500,,,,,
2026-02-18,2026-02-18,FO,NSE,STO,161659,,TATASTEEL,,2026-02-24,2026-02-24,168.0,PE,TATASTEEL26FEB168PE,0.0,0.0,0.0,0.07,0.07,0.07,209.05,0.01,225500,0,0,0.0,0,F1,5500,,,,,
2026-02-18,2026-02-18,FO,NSE,STO,161649,,TATASTEEL,,2026-02-24,2026-02-24,162.0,PE,TATASTEEL26FEB162PE,0.03,0.03,0.02,0.03,0.03,0.03,209.05,0.03,192500,16500,25,22279070.0,23,F1,5500,,,,,
2026-02-18,2026-02-18,FO,NSE,STO,169548,,TATASTEEL,,2026-04-28,2026-04-28,164.0,CE,TATASTEEL26APR164CE,0.0,0.0,0.0,32.85,0.0,32.85,209.05,46.91,0,0,0,0.0,0,F1,5500,,,,,
2026-02-18,2026-02-18,FO,NSE,STO,161860,,TATASTEEL,,2026-03-30,2026-03-30,232.0,CE,TATASTEEL26MAR232CE,0.9,1.64,0.88,1.31,1.34,0.77,209.05,1.31,979000,445500,370,474947055.0,321,F1,5500,,,,,
2026-02-18,2026-02-18,FO,NSE,STO,161858,,TATASTEEL,,2026-03-30,2026-03-30,228.0,CE,TATASTEEL26MAR228CE,1.46,2.2,1.46,1.89,1.89,1.09,209.05,2.17,88000,22000,44,55618860.0,43,F1,5500,,,,,
2026-02-18,2026-02-18,FO,NSE,STO,38429,,TATASTEEL,,2026-03-30,2026-03-30,218.0,CE,TATASTEEL26MAR218CE,3.54,4.64,3.52,4.06,4.06,2.45,209.05,4.68,192500,60500,31,37855455.0,27,F1,5500,,,,,
2026-02-18,2026-02-18,FO,NSE,STO,169460,,TATASTEEL,,2026-03-30,2026-03-30,187.0,CE,TATASTEEL26MAR187CE,0.0,0.0,0.0,25.1,25.1,25.1,209.05,24.09,5500,0,0,0.0,0,F1,5500,,,,,
2026-02-18,2026-02-18,FO,NSE,STO,161822,,TATASTEEL,,2026-03-30,2026-03-30,184.0,CE,TATASTEEL26MAR184CE,0.0,0.0,0.0,18.5,18.5,18.5,209.05,26.78,11000,0,0,0.0,0,F1,5500,,,,,
2026-02-18,2026-02-18,FO,NSE,STO,169589,,TATASTEEL,,2026-04-28,2026-04-28,204.0,PE,TATASTEEL26APR204PE,0.0,0.0,0.0,17.46,0.0,17.46,209.05,6.87,0,0,0,0.0,0,F1,5500,,,,,
2026-02-18,2026-02-18,FO,NSE,STO,169579,,TATASTEEL,,2026-04-28,2026-04-28,194.0,PE,TATASTEEL26APR194PE,0.0,0.0,0.0,11.77,0.0,11.77,209.05,3.54,0,0,0,0.0,0,F1,5500,,,,,
2026-02-18,2026-02-18,FO,NSE,STO,169575,,TATASTEEL,,2026-04-28,2026-04-28,190.0,PE,TATASTEEL26APR190PE,0.0,0.0,0.0,4.1,4.1,4.1,209.05,2.6,16500,0,0,0.0,0,F1,5500,,,,,
2026-02-18,2026-02-18,FO,NSE,STO,161845,,TATASTEEL,,2026-03-30,2026-03-30,206.0,PE,TATASTEEL26MAR206PE,6.26,6.54,5.23,5.26,5.25,7.67,209.05,5.26,110000,99000,70,81474800.0,54,F1,5500,,,,,
2026-02-18,2026-02-18,FO,NSE,STO,161843,,TATASTEEL,,2026-03-30,2026-03-30,204.0,PE,TATASTEEL26MAR204PE,0.0,0.0,0.0,6.56,6.56,6.56,209.05,4.93,71500,0,0,0.0,0,F1,5500,,,,,
2026-02-18,2026-02-18,FO,NSE,STO,161841,,TATASTEEL,,2026-03-30,2026-03-30,202.0,PE,TATASTEEL26MAR202PE,4.66,4.82,3.73,3.84,3.82,5.66,209.05,3.84,264000,236500,51,57828595.0,35,F1,5500,,,,,
2026-02-18,2026-02-18,FO,NSE,STO,169471,,TATASTEEL,,2026-03-30,2026-03-30,197.0,PE,TATASTEEL26MAR197PE,0.0,0.0,0.0,11.71,0.0,11.71,209.05,2.69,0,0,0,0.0,0,F1,5500,,,,,
2026-02-18,2026-02-18,FO,NSE,STO,169469,,TATASTEEL,,2026-03-30,2026-03-30,195.0,PE,TATASTEEL26MAR195PE,2.59,2.6,1.98,2.08,2.09,3.15,209.05,2.08,3052500,1512500,638,691897800.0,495,F1,5500,,,,,
2026-02-18,2026-02-18,FO,NSE,STO,169447,,TATASTEEL,,2026-03-30,2026-03-30,173.0,PE,TATASTEEL26MAR173PE,0.0,0.0,0.0,2.59,0.0,2.59,209.05,0.12,0,0,0,0.0,0,F1,5500,,,,,
2026-02-18,2026-02-18,FO,NSE,STO,161801,,TATASTEEL,,2026-03-30,2026-03-30,162.0,PE,TATASTEEL26MAR162PE,0.0,0.0,0.0,0.28,0.28,0.28,209.05,0.01,11000,0,0,0.0,0,F1,5500,,,,,
2026-02-18,2026-02-18,FO,NSE,STO,140783,,TATASTEEL,,2026-02-24,2026-02-24,230.0,PE,TATASTEEL26FEB230PE,0.0,0.0,0.0,60.58,0.0,60.58,209.05,20.75,0,0,0,0.0,0,F1,5500,,,,,
2026-02-18,2026-02-18,FO,NSE,STO,161733,,TATASTEEL,,2026-02-24,2026-02-24,216.0,PE,TATASTEEL26FEB216PE,8.15,8.15,7.56,7.94,7.94,13.24,209.05,7.94,121000,0,7,8618335.0,7,F1,5500,,,,,
2026-02-18,2026-02-18,FO,NSE,STO,161683,,TATASTEEL,,2026-02-24,2026-02-24,183.0,PE,TATASTEEL26FEB183PE,0.07,0.1,0.05,0.09,0.09,0.11,209.05,0.09,1001000,-27500,13,13089615.0,13,F1,5500,,,,,
2026-02-18,2026-02-18,FO,NSE,STO,161679,,TATASTEEL,,2026-02-24,2026-02-24,181.0,PE,TATASTEEL26FEB181PE,0.0,0.0,0.0,0.08,0.08,0.08,209.05,0.01,374000,0,0,0.0,0,F1,5500,,,,,
2026-02-18,2026-02-18,FO,NSE,STO,169572,,TATASTEEL,,2026-04-28,2026-04-28,188.0,CE,TATASTEEL26APR188CE,0.0,0.0,0.0,16.1,0.0,16.1,209.05,25.2,0,0,0,0.0,0,F1,5500,,,,,
2026-02-18,2026-02-18,FO,NSE,STO,169570,,TATASTEEL,,2026-04-28,2026-04-28,186.0,CE,TATASTEEL26APR186CE,0.0,0.0,0.0,17.23,0.0,17.23,209.05,26.84,0,0,0,0.0,0,F1,5500,,,,,
2026-02-18,2026-02-18,FO,NSE,STO,169550,,TATASTEEL,,2026-04-28,2026-04-28,166.0,CE,TATASTEEL26APR166CE,0.0,0.0,0.0,31.21,0.0,31.21,209.05,44.98,0,0,0,0.0,0,F1,5500,,,,,
2026-02-18,2026-02-18,FO,NSE,STO,169482,,TATASTEEL,,2026-03-30,2026-03-30,209.0,CE,TATASTEEL26MAR209CE,6.65,8.57,6.36,7.86,7.85,5.24,209.05,7.86,313500,214500,130,155181125.0,116,F1,5500,,,,,
2026-02-18,2026-02-18,FO,NSE,STO,161832,,TATASTEEL,,2026-03-30,2026-03-30,194.0,CE,TATASTEEL26MAR194CE,0.0,0.0,0.0,5.62,0.0,5.62,209.05,18.22,0,0,0,0.0,0,F1,5500,,,,,
2026-02-18,2026-02-18,FO,NSE,STO,169448,,TATASTEEL,,2026-03-30,2026-03-30,175.0,CE,TATASTEEL26MAR175CE,34.4,34.83,34.4,34.83,34.83,29.86,209.05,35.27,77000,11000,2,2305765.0,2,F1,5500,,,,,
2026-02-18,2026-02-18,FO,NSE,STO,161806,,TATASTEEL,,2026-03-30,2026-03-30,168.0,CE,TATASTEEL26MAR168CE,0.0,0.0,0.0,16.82,0.0,16.82,209.05,42.11,0,0,0,0.0,0,F1,5500,,,,,
2026-02-18,2026-02-18,FO,NSE,STO,161740,,TATASTEEL,,2026-02-24,2026-02-24,226.0,CE,TATASTEEL26FEB226CE,0.12,0.21,0.11,0.12,0.12,0.12,209.05,0.12,6655000,132000,1065,1324706570.0,835,F1,5500,,,,,
2026-02-18,2026-02-18,FO,NSE,STO,161722,,TATASTEEL,,2026-02-24,2026-02-24,208.0,CE,TATASTEEL26FEB208CE,1.71,3.9,1.43,3.18,3.16,1.37,209.05,3.18,17006000,-242000,8435,9789964800.0,7904,F1,5500,,,,,
2026-02-18,2026-02-18,FO,NSE,STO,161720,,TATASTEEL,,2026-02-24,2026-02-24,207.0,CE,TATASTEEL26FEB207CE,1.8,4.51,1.79,3.78,3.77,1.7,209.05,3.78,1930500,-880000,7076,8188046570.0,6374,F1,5500,,,,,
2026-02-18,2026-02-18,FO,NSE,STO,161716,,TATASTEEL,,2026-02-24,2026-02-24,204.0,CE,TATASTEEL26FEB204CE,3.23,6.61,3.08,5.85,5.8,2.92,209.05,5.85,2051500,-1584000,1741,2000225205.0,1598,F1,5500,,,,,
2026-02-18,2026-02-18,FO,NSE,STO,161704,,TATASTEEL,,2026-02-24,2026-02-24,197.0,CE,TATASTEEL26FEB197CE,8.9,12.58,8.9,12.22,12.22,7.54,209.05,12.37,1078000,-49500,40,45972465.0,38,F1,5500,,,,,
2026-02-18,2026-02-18,FO,NSE,STO,161700,,TATASTEEL,,2026-02-24,2026-02-24,194.0,CE,TATASTEEL26FEB194CE,14.57,15.6,14.57,14.8,14.8,10.03,209.05,14.8,1848000,5500,9,10355235.0,6,F1,5500,,,,,
2026-02-18,2026-02-18,FO,NSE,STO,140668,,TATASTEEL,,2026-02-24,2026-02-24,175.0,CE,TATASTEEL26FEB175CE,34.3,34.3,33.82,33.82,33.82,28.0,209.05,34.21,1221000,-5500,3,3450260.0,3,F1,5500,,,,,
2026-02-18,2026-02-18,FO,NSE,STO,140650,,TATASTEEL,,2026-02-24,2026-02-24,130.0,CE,TATASTEEL26FEB130CE,0.0,0.0,0.0,65.0,65.0,65.0,209.05,79.17,126500,0,0,0.0,0,F1,5500,,,,,
2026-02-18,2026-02-18,FO,NSE,STO,169503,,TATASTEEL,,2026-03-30,2026-03-30,230.0,PE,TATASTEEL26MAR230PE,22.1,22.26,20.58,20.81,20.81,25.04,209.05,21.41,88000,49500,14,19350320.0,14,F1,5500,,,,,
2026-02-18,2026-02-18,FO,NSE,STO,161688,,TATASTEEL,,2026-02-24,2026-02-24,187.0,CE,TATASTEEL26FEB187CE,22.0,22.01,22.0,22.01,22.01,16.17,209.05,22.22,401500,-5500,4,4598110.0,4,F1,5500,,,,,
2026-02-18,2026-02-18,FO,NSE,STO,169573,,TATASTEEL,,2026-04-28,2026-04-28,188.0,PE,TATASTEEL26APR188PE,0.0,0.0,0.0,8.94,0.0,8.94,209.05,2.21,0,0,0,0.0,0,F1,5500,,,,,
2026-02-18,2026-02-18,FO,NSE,STO,42147,,TATASTEEL,,2026-03-30,2026-03-30,222.0,PE,TATASTEEL26MAR222PE,0.0,0.0,0.0,35.53,0.0,35.53,209.05,15.11,0,0,0,0.0,0,F1,5500,,,,,
2026-02-18,2026-02-18,FO,NSE,STO,161855,,TATASTEEL,,2026-03-30,2026-03-30,220.0,PE,TATASTEEL26MAR220PE,14.5,14.85,12.78,13.15,13.15,17.25,209.05,13.15,555500,170500,73,93736390.0,65,F1,5500,,,,,
2026-02-18,2026-02-18,FO,NSE,STO,169489,,TATASTEEL,,2026-03-30,2026-03-30,215.0,PE,TATASTEEL26MAR215PE,11.96,11.96,9.65,9.99,9.99,12.95,209.05,9.99,192500,93500,39,48276525.0,32,F1,5500,,,,,
2026-02-18,2026-02-18,FO,NSE,STO,37036,,TATASTEEL,,2026-03-30,2026-03-30,214.0,PE,TATASTEEL26MAR214PE,9.14,9.14,9.14,9.14,9.14,33.44,209.05,9.82,5500,5500,1,1227270.0,1,F1,5500,,,,,
2026-02-18,2026-02-18,FO,NSE,STO,169465,,TATASTEEL,,2026-03-30,2026-03-30,191.0,PE,TATASTEEL26MAR191PE,1.73,1.79,1.46,1.46,1.46,2.13,209.05,1.46,110000,93500,21,22242935.0,20,F1,5500,,,,,
2026-02-18,2026-02-18,FO,NSE,STO,169459,,TATASTEEL,,2026-03-30,2026-03-30,185.0,PE,TATASTEEL26MAR185PE,0.99,1.0,0.81,0.86,0.87,1.18,209.05,0.86,1683000,-286000,161,164614890.0,126,F1,5500,,,,,
2026-02-18,2026-02-18,FO,NSE,STO,161699,,TATASTEEL,,2026-02-24,2026-02-24,193.0,PE,TATASTEEL26FEB193PE,0.45,0.45,0.2,0.21,0.21,0.56,209.05,0.21,1743500,286000,254,269974375.0,207,F1,5500,,,,,
2026-02-18,2026-02-18,FO,NSE,STO,161689,,TATASTEEL,,2026-02-24,2026-02-24,187.0,PE,TATASTEEL26FEB187PE,0.11,0.13,0.1,0.1,0.1,0.19,209.05,0.1,1012000,-44000,131,134817650.0,111,F1,5500,,,,,
2026-02-18,2026-02-18,FO,NSE,STO,169594,,TATASTEEL,,2026-04-28,2026-04-28,210.0,CE,TATASTEEL26APR210CE,0.0,0.0,0.0,6.91,0.0,6.91,209.05,10.81,0,0,0,0.0,0,F1,5500,,,,,
2026-02-18,2026-02-18,FO,NSE,STO,169584,,TATASTEEL,,2026-04-28,2026-04-28,200.0,CE,TATASTEEL26APR200CE,16.0,16.0,16.0,16.0,16.0,12.55,209.05,16.48,22000,0,1,1188000.0,1,F1,5500,,,,,
2026-02-18,2026-02-18,FO,NSE,STO,169552,,TATASTEEL,,2026-04-28,2026-04-28,168.0,CE,TATASTEEL26APR168CE,0.0,0.0,0.0,29.61,0.0,29.61,209.05,43.06,0,0,0,0.0,0,F1,5500,,,,,
2026-02-18,2026-02-18,FO,NSE,STO,169486,,TATASTEEL,,2026-03-30,2026-03-30,213.0,CE,TATASTEEL26MAR213CE,4.6,6.53,4.6,6.15,6.15,3.93,209.05,6.15,60500,33000,14,16859755.0,14,F1,5500,,,,,
2026-02-18,2026-02-18,FO,NSE,STO,161846,,TATASTEEL,,2026-03-30,2026-03-30,208.0,CE,TATASTEEL26MAR208CE,7.33,9.09,7.33,8.4,8.4,5.56,209.05,8.4,209000,104500,77,91661515.0,76,F1,5500,,,,,
2026-02-18,2026-02-18,FO,NSE,STO,169478,,TATASTEEL,,2026-03-30,2026-03-30,205.0,CE,TATASTEEL26MAR205CE,7.25,10.85,7.24,10.09,10.06,7.01,209.05,10.09,797500,-412500,475,559771575.0,367,F1,5500,,,,,
2026-02-18,2026-02-18,FO,NSE,STO,161836,,TATASTEEL,,2026-03-30,2026-03-30,198.0,CE,TATASTEEL26MAR198CE,0.0,0.0,0.0,4.63,0.0,4.63,209.05,15.2,0,0,0,0.0,0,F1,5500,,,,,
2026-02-18,2026-02-18,FO,NSE,STO,169444,,TATASTEEL,,2026-03-30,2026-03-30,171.0,CE,TATASTEEL26MAR171CE,0.0,0.0,0.0,25.26,0.0,25.26,209.05,39.16,0,0,0,0.0,0,F1,5500,,,,,
2026-02-18,2026-02-18,FO,NSE,STO,169438,,TATASTEEL,,2026-03-30,2026-03-30,165.0,CE,TATASTEEL26MAR165CE,45.65,45.65,44.63,45.3,45.3,40.0,209.05,45.07,71500,49500,13,15007465.0,13,F1,5500,,,,,
2026-02-18,2026-02-18,FO,NSE,STO,161732,,TATASTEEL,,2026-02-24,2026-02-24,216.0,CE,TATASTEEL26FEB216CE,0.36,1.0,0.36,0.68,0.7,0.35,209.05,0.68,3910500,852500,1645,1961031490.0,1371,F1,5500,,,,,
2026-02-18,2026-02-18,FO,NSE,STO,37677,,TATASTEEL,,2026-02-24,2026-02-24,215.0,CE,TATASTEEL26FEB215CE,0.4,1.22,0.4,0.83,0.86,0.41,209.05,0.83,3729000,1237500,4547,5400320255.0,3803,F1,5500,,,,,
2026-02-18,2026-02-18,FO,NSE,STO,161710,,TATASTEEL,,2026-02-24,2026-02-24,201.0,CE,TATASTEEL26FEB201CE,5.14,9.0,5.1,8.33,8.45,4.63,209.05,8.33,902000,-38500,136,155924890.0,123,F1,5500,,,,,
2026-02-18,2026-02-18,FO,NSE,STO,161696,,TATASTEEL,,2026-02-24,2026-02-24,192.0,CE,TATASTEEL26FEB192CE,15.0,17.15,15.0,17.15,17.15,12.27,209.05,17.24,803000,-27500,6,6857290.0,5,F1,5500,,,,,
2026-02-18,2026-02-18,FO,NSE,STO,140662,,TATASTEEL,,2026-02-24,2026-02-24,160.0,CE,TATASTEEL26FEB160CE,47.35,49.1,47.35,48.87,48.74,44.0,209.05,48.87,715000,-22000,22,25245440.0,22,F1,5500,,,,,
2026-02-18,2026-02-18,FO,NSE,STO,161726,,TATASTEEL,,2026-02-24,2026-02-24,211.0,CE,TATASTEEL26FEB211CE,0.82,2.47,0.82,1.86,1.87,0.81,209.05,1.86,3344000,583000,5293,6200649455.0,4854,F1,5500,,,,,
2026-02-18,2026-02-18,FO,NSE,STO,161738,,TATASTEEL,,2026-02-24,2026-02-24,224.0,CE,TATASTEEL26FEB224CE,0.14,0.28,0.14,0.17,0.18,0.15,209.05,0.17,1611500,-77000,638,786742990.0,551,F1,5500,,,,,
2026-02-18,2026-02-18,FO,NSE,STO,161802,,TATASTEEL,,2026-03-30,2026-03-30,164.0,CE,TATASTEEL26MAR164CE,0.0,0.0,0.0,19.36,0.0,19.36,209.05,46.06,0,0,0,0.0,0,F1,5500,,,,,
2026-02-18,2026-02-18,FO,NSE,STO,169442,,TATASTEEL,,2026-03-30,2026-03-30,169.0,CE,TATASTEEL26MAR169CE,0.0,0.0,0.0,26.89,0.0,26.89,209.05,41.12,0,0,0,0.0,0,F1,5500,,,,,
2026-02-18,2026-02-18,FO,NSE,STO,161820,,TATASTEEL,,2026-03-30,2026-03-30,182.0,CE,TATASTEEL26MAR182CE,0.0,0.0,0.0,25.65,25.65,25.65,209.05,28.62,5500,0,0,0.0,0,F1,5500,,,,,
2026-02-18,2026-02-18,FO,NSE,STO,169474,,TATASTEEL,,2026-03-30,2026-03-30,201.0,CE,TATASTEEL26MAR201CE,0.0,0.0,0.0,7.46,0.0,7.46,209.05,13.12,0,0,0,0.0,0,F1,5500,,,,,
2026-02-18,2026-02-18,FO,NSE,STO,169480,,TATASTEEL,,2026-03-30,2026-03-30,207.0,CE,TATASTEEL26MAR207CE,8.29,9.51,7.5,9.0,9.0,5.75,209.05,9.0,148500,132000,60,71175720.0,38,F1,5500,,,,,
2026-02-18,2026-02-18,FO,NSE,STO,161850,,TATASTEEL,,2026-03-30,2026-03-30,212.0,CE,TATASTEEL26MAR212CE,5.64,7.11,5.5,6.41,6.43,4.38,209.05,6.41,269500,209000,86,103275535.0,55,F1,5500,,,,,
2026-02-18,2026-02-18,FO,NSE,STO,169502,,TATASTEEL,,2026-03-30,2026-03-30,230.0,CE,TATASTEEL26MAR230CE,0.95,1.91,0.95,1.58,1.59,0.9,209.05,1.58,1666500,781000,838,1067479545.0,692,F1,5500,,,,,
2026-02-18,2026-02-18,FO,NSE,STO,169546,,TATASTEEL,,2026-04-28,2026-04-28,162.0,CE,TATASTEEL26APR162CE,0.0,0.0,0.0,34.52,0.0,34.52,209.05,48.85,0,0,0,0.0,0,F1,5500,,,,,
2026-02-18,2026-02-18,FO,NSE,STO,161697,,TATASTEEL,,2026-02-24,2026-02-24,192.0,PE,TATASTEEL26FEB192PE,0.38,0.38,0.18,0.18,0.18,0.47,209.05,0.18,1639000,66000,359,379558300.0,293,F1,5500,,,,,
2026-02-18,2026-02-18,FO,NSE,STO,161727,,TATASTEEL,,2026-02-24,2026-02-24,211.0,PE,TATASTEEL26FEB211PE,4.5,4.61,3.82,4.08,4.17,8.38,209.05,4.08,1215500,693000,315,372742810.0,247,F1,5500,,,,,
2026-02-18,2026-02-18,FO,NSE,STO,161737,,TATASTEEL,,2026-02-24,2026-02-24,222.0,PE,TATASTEEL26FEB222PE,0.0,0.0,0.0,44.53,0.0,44.53,209.05,12.91,0,0,0,0.0,0,F1,5500,,,,,
2026-02-18,2026-02-18,FO,NSE,STO,169443,,TATASTEEL,,2026-03-30,2026-03-30,169.0,PE,TATASTEEL26MAR169PE,0.0,0.0,0.0,1.81,1.81,1.81,209.05,0.06,27500,0,0,0.0,0,F1,5500,,,,,
2026-02-18,2026-02-18,FO,NSE,STO,169561,,TATASTEEL,,2026-04-28,2026-04-28,176.0,PE,TATASTEEL26APR176PE,0.0,0.0,0.0,3.43,3.43,3.43,209.05,0.7,5500,0,0,0.0,0,F1,5500,,,,,
2026-02-18,2026-02-18,FO,NSE,STO,169563,,TATASTEEL,,2026-04-28,2026-04-28,178.0,PE,TATASTEEL26APR178PE,0.0,0.0,0.0,5.25,0.0,5.25,209.05,0.87,0,0,0,0.0,0,F1,5500,,,,,
2026-02-18,2026-02-18,FO,NSE,STO,169569,,TATASTEEL,,2026-04-28,2026-04-28,184.0,PE,TATASTEEL26APR184PE,0.0,0.0,0.0,7.32,0.0,7.32,209.05,1.56,0,0,0,0.0,0,F1,5500,,,,,
2026-02-18,2026-02-18,FO,NSE,STO,169591,,TATASTEEL,,2026-04-28,2026-04-28,206.0,PE,TATASTEEL26APR206PE,0.0,0.0,0.0,18.73,0.0,18.73,209.05,7.71,0,0,0,0.0,0,F1,5500,,,,,
2026-02-18,2026-02-18,FO,NSE,STO,161670,,TATASTEEL,,2026-02-24,2026-02-24,176.0,CE,TATASTEEL26FEB176CE,0.0,0.0,0.0,13.91,13.91,13.91,209.05,33.21,22000,0,0,0.0,0,F1,5500,,,,,
2026-02-18,2026-02-18,FO,NSE,STO,140680,,TATASTEEL,,2026-02-24,2026-02-24,195.0,CE,TATASTEEL26FEB195CE,9.9,14.64,9.9,13.99,14.09,9.19,209.05,13.99,3085500,-418000,151,173479680.0,108,F1,5500,,,,,
2026-02-18,2026-02-18,FO,NSE,STO,161702,,TATASTEEL,,2026-02-24,2026-02-24,196.0,CE,TATASTEEL26FEB196CE,11.38,13.46,11.38,13.04,13.0,8.34,209.05,13.04,907500,-11000,13,14928485.0,13,F1,5500,,,,,
2026-02-18,2026-02-18,FO,NSE,STO,161718,,TATASTEEL,,2026-02-24,2026-02-24,206.0,CE,TATASTEEL26FEB206CE,2.19,5.16,2.15,4.42,4.34,2.05,209.05,4.42,3949000,-66000,4906,5659092120.0,4565,F1,5500,,,,,
2026-02-18,2026-02-18,FO,NSE,STO,161677,,TATASTEEL,,2026-02-24,2026-02-24,179.0,PE,TATASTEEL26FEB179PE,0.0,0.0,0.0,0.24,0.24,0.24,209.05,0.01,236500,0,0,0.0,0,F1,5500,,,,,
2026-02-18,2026-02-18,FO,NSE,STO,161661,,TATASTEEL,,2026-02-24,2026-02-24,169.0,PE,TATASTEEL26FEB169PE,0.04,0.05,0.03,0.04,0.04,0.77,209.05,0.01,104500,0,8,7437925.0,4,F1,5500,,,,,
2026-02-18,2026-02-18,FO,NSE,STO,140665,,TATASTEEL,,2026-02-24,2026-02-24,165.0,PE,TATASTEEL26FEB165PE,0.02,0.03,0.02,0.02,0.02,0.02,209.05,0.01,731500,-22000,21,19059975.0,18,F1,5500,,,,,
2026-02-18,2026-02-18,FO,NSE,STO,169600,,TATASTEEL,,2026-04-28,2026-04-28,216.0,CE,TATASTEEL26APR216CE,0.0,0.0,0.0,5.33,0.0,5.33,209.05,8.15,0,0,0,0.0,0,F1,5500,,,,,
2026-02-18,2026-02-18,FO,NSE,STO,169596,,TATASTEEL,,2026-04-28,2026-04-28,212.0,CE,TATASTEEL26APR212CE,0.0,0.0,0.0,6.34,0.0,6.34,209.05,9.86,0,0,0,0.0,0,F1,5500,,,,,
2026-02-18,2026-02-18,FO,NSE,STO,37031,,TATASTEEL,,2026-03-30,2026-03-30,214.0,CE,TATASTEEL26MAR214CE,4.88,6.2,4.88,5.32,5.32,3.52,209.05,6.15,544500,38500,36,43504285.0,27,F1,5500,,,,,
2026-02-18,2026-02-18,FO,NSE,STO,169484,,TATASTEEL,,2026-03-30,2026-03-30,211.0,CE,TATASTEEL26MAR211CE,5.92,7.45,5.92,6.92,6.92,4.42,209.05,6.92,93500,44000,44,52781685.0,39,F1,5500,,,,,
2026-02-18,2026-02-18,FO,NSE,STO,161810,,TATASTEEL,,2026-03-30,2026-03-30,172.0,CE,TATASTEEL26MAR172CE,0.0,0.0,0.0,14.5,0.0,14.5,209.05,38.18,0,0,0,0.0,0,F1,5500,,,,,
2026-02-18,2026-02-18,FO,NSE,STO,161724,,TATASTEEL,,2026-02-24,2026-02-24,209.0,CE,TATASTEEL26FEB209CE,1.63,3.38,1.24,2.68,2.7,1.17,209.05,2.68,3690500,-297000,8233,9589929470.0,7722,F1,5500,,,,,
2026-02-18,2026-02-18,FO,NSE,STO,161692,,TATASTEEL,,2026-02-24,2026-02-24,189.0,CE,TATASTEEL26FEB189CE,0.0,0.0,0.0,14.75,14.75,14.75,209.05,20.23,506000,0,0,0.0,0,F1,5500,,,,,
2026-02-18,2026-02-18,FO,NSE,STO,140674,,TATASTEEL,,2026-02-24,2026-02-24,185.0,CE,TATASTEEL26FEB185CE,22.0,24.5,22.0,23.83,23.88,17.85,209.05,23.83,1347500,-38500,18,20688965.0,13,F1,5500,,,,,
2026-02-18,2026-02-18,FO,NSE,STO,140670,,TATASTEEL,,2026-02-24,2026-02-24,180.0,CE,TATASTEEL26FEB180CE,26.5,29.2,26.5,29.02,29.02,23.4,209.05,29.21,770000,-44000,24,27539490.0,23,F1,5500,,,,,
2026-02-18,2026-02-18,FO,NSE,STO,161664,,TATASTEEL,,2026-02-24,2026-02-24,172.0,CE,TATASTEEL26FEB172CE,0.0,0.0,0.0,11.69,0.0,11.69,209.05,37.21,0,0,0,0.0,0,F1,5500,,,,,
2026-02-18,2026-02-18,FO,NSE,STO,161660,,TATASTEEL,,2026-02-24,2026-02-24,169.0,CE,TATASTEEL26FEB169CE,0.0,0.0,0.0,13.48,0.0,13.48,209.05,40.2,0,0,0,0.0,0,F1,5500,,,,,
2026-02-18,2026-02-18,FO,NSE,STO,161656,,TATASTEEL,,2026-02-24,2026-02-24,167.0,CE,TATASTEEL26FEB167CE,0.0,0.0,0.0,14.75,0.0,14.75,209.05,42.2,0,0,0,0.0,0,F1,5500,,,,,
2026-02-18,2026-02-18,FO,NSE,STF,59484,,TATASTEEL,,2026-02-24,2026-02-24,,,TATASTEEL26FEBFUT,204.4,209.58,203.9,208.83,208.8,203.4,209.05,208.83,176236500,-3212000,9750,11160208510.0,7758,F1,5500,,,,,
2026-02-18,2026-02-18,FO,NSE,STO,140777,,TATASTEEL,,2026-02-24,2026-02-24,210.0,PE,TATASTEEL26FEB210PE,6.05,6.05,3.25,3.48,3.45,7.45,209.05,3.48,3828000,467500,2167,2547964430.0,1870,F1,5500,,,,,
2026-02-18,2026-02-18,FO,NSE,STO,161805,,TATASTEEL,,2026-03-30,2026-03-30,166.0,PE,TATASTEEL26MAR166PE,0.0,0.0,0.0,1.25,1.25,1.25,209.05,0.03,93500,0,0,0.0,0,F1,5500,,,,,
2026-02-18,2026-02-18,FO,NSE,STO,161815,,TATASTEEL,,2026-03-30,2026-03-30,176.0,PE,TATASTEEL26MAR176PE,0.0,0.0,0.0,10.0,0.0,10.0,209.05,0.19,0,0,0,0.0,0,F1,5500,,,,,
2026-02-18,2026-02-18,FO,NSE,STO,161821,,TATASTEEL,,2026-03-30,2026-03-30,182.0,PE,TATASTEEL26MAR182PE,0.0,0.0,0.0,13.19,0.0,13.19,209.05,0.48,0,0,0,0.0,0,F1,5500,,,,,
2026-02-18,2026-02-18,FO,NSE,STO,140735,,TATASTEEL,,2026-02-24,2026-02-24,205.0,PE,TATASTEEL26FEB205PE,3.55,3.55,1.3,1.38,1.4,4.0,209.05,1.38,5544000,1897500,5553,6316454100.0,4684,F1,5500,,,,,
2026-02-18,2026-02-18,FO,NSE,STO,169467,,TATASTEEL,,2026-03-30,2026-03-30,193.0,PE,TATASTEEL26MAR193PE,1.76,1.77,1.72,1.76,1.76,2.92,209.05,1.76,44000,27500,6,6426805.0,6,F1,5500,,,,,
2026-02-18,2026-02-18,FO,NSE,STO,161835,,TATASTEEL,,2026-03-30,2026-03-30,196.0,PE,TATASTEEL26MAR196PE,0.0,0.0,0.0,22.41,0.0,22.41,209.05,2.45,0,0,0,0.0,0,F1,5500,,,,,
2026-02-18,2026-02-18,FO,NSE,STO,169479,,TATASTEEL,,2026-03-30,2026-03-30,205.0,PE,TATASTEEL26MAR205PE,6.31,6.51,4.72,4.9,4.94,7.21,209.05,4.9,1386000,616000,420,485610785.0,364,F1,5500,,,,,
2026-02-18,2026-02-18,FO,NSE,STO,161851,,TATASTEEL,,2026-03-30,2026-03-30,212.0,PE,TATASTEEL26MAR212PE,9.07,9.39,7.9,8.12,8.12,11.45,209.05,8.68,605000,60500,28,33943250.0,24,F1,5500,,,,,
2026-02-18,2026-02-18,FO,NSE,STO,161857,,TATASTEEL,,2026-03-30,2026-03-30,224.0,PE,TATASTEEL26MAR224PE,0.0,0.0,0.0,46.0,0.0,46.0,209.05,16.6,0,0,0,0.0,0,F1,5500,,,,,
2026-02-18,2026-02-18,FO,NSE,STO,169599,,TATASTEEL,,2026-04-28,2026-04-28,214.0,PE,TATASTEEL26APR214PE,0.0,0.0,0.0,24.26,0.0,24.26,209.05,11.71,0,0,0,0.0,0,F1,5500,,,,,
2026-02-18,2026-02-18,FO,NSE,STO,169605,,TATASTEEL,,2026-04-28,2026-04-28,220.0,PE,TATASTEEL26APR220PE,0.0,0.0,0.0,28.81,0.0,28.81,209.05,15.34,0,0,0,0.0,0,F1,5500,,,,,
2026-02-18,2026-02-18,FO,NSE,STO,140679,,TATASTEEL,,2026-02-24,2026-02-24,190.0,PE,TATASTEEL26FEB190PE,0.27,0.29,0.13,0.14,0.13,0.33,209.05,0.14,8052000,-467500,1447,1513490110.0,997,F1,5500,,,,,
2026-02-18,2026-02-18,FO,NSE,STO,161818,,TATASTEEL,,2026-03-30,2026-03-30,180.0,CE,TATASTEEL26MAR180CE,29.25,30.48,28.3,30.48,30.48,24.8,209.05,30.49,165000,49500,9,10357545.0,9,F1,5500,,,,,
2026-02-18,2026-02-18,FO,NSE,STO,169446,,TATASTEEL,,2026-03-30,2026-03-30,173.0,CE,TATASTEEL26MAR173CE,0.0,0.0,0.0,23.68,0.0,23.68,209.05,37.21,0,0,0,0.0,0,F1,5500,,,,,
2026-02-18,2026-02-18,FO,NSE,STO,169436,,TATASTEEL,,2026-03-30,2026-03-30,163.0,CE,TATASTEEL26MAR163CE,0.0,0.0,0.0,32.03,0.0,32.03,209.05,47.05,0,0,0,0.0,0,F1,5500,,,,,
2026-02-18,2026-02-18,FO,NSE,STO,140682,,TATASTEEL,,2026-02-24,2026-02-24,200.0,CE,TATASTEEL26FEB200CE,6.04,10.0,5.52,9.2,9.28,5.31,209.05,9.2,6088500,-2475000,2072,2376474925.0,1607,F1,5500,,,,,
2026-02-18,2026-02-18,FO,NSE,STO,140666,,TATASTEEL,,2026-02-24,2026-02-24,170.0,CE,TATASTEEL26FEB170CE,39.0,39.2,38.79,38.79,38.79,33.23,209.05,38.79,1012000,-11000,41,47089240.0,10,F1,5500,,,,,
2026-02-18,2026-02-18,FO,NSE,STO,161658,,TATASTEEL,,2026-02-24,2026-02-24,168.0,CE,TATASTEEL26FEB168CE,0.0,0.0,0.0,14.1,0.0,14.1,209.05,41.2,0,0,0,0.0,0,F1,5500,,,,,
2026-02-18,2026-02-18,FO,NSE,STO,161652,,TATASTEEL,,2026-02-24,2026-02-24,164.0,CE,TATASTEEL26FEB164CE,0.0,0.0,0.0,16.8,0.0,16.8,209.05,45.2,0,0,0,0.0,0,F1,5500,,,,,
2026-02-18,2026-02-18,FO,NSE,STO,169595,,TATASTEEL,,2026-04-28,2026-04-28,210.0,PE,TATASTEEL26APR210PE,0.0,0.0,0.0,21.42,0.0,21.42,209.05,9.59,0,0,0,0.0,0,F1,5500,,,,,
2026-02-18,2026-02-18,FO,NSE,STO,169585,,TATASTEEL,,2026-04-28,2026-04-28,200.0,PE,TATASTEEL26APR200PE,0.0,0.0,0.0,6.0,6.0,6.0,209.05,5.36,38500,0,0,0.0,0,F1,5500,,,,,
2026-02-18,2026-02-18,FO,NSE,STO,169577,,TATASTEEL,,2026-04-28,2026-04-28,192.0,PE,TATASTEEL26APR192PE,0.0,0.0,0.0,10.78,0.0,10.78,209.05,3.05,0,0,0,0.0,0,F1,5500,,,,,
2026-02-18,2026-02-18,FO,NSE,STO,169555,,TATASTEEL,,2026-04-28,2026-04-28,170.0,PE,TATASTEEL26APR170PE,0.0,0.0,0.0,3.17,0.0,3.17,209.05,0.35,0,0,0,0.0,0,F1,5500,,,,,
2026-02-18,2026-02-18,FO,NSE,STO,169547,,TATASTEEL,,2026-04-28,2026-04-28,162.0,PE,TATASTEEL26APR162PE,0.0,0.0,0.0,1.76,0.0,1.76,209.05,0.12,0,0,0,0.0,0,F1,5500,,,,,
2026-02-18,2026-02-18,FO,NSE,STO,169477,,TATASTEEL,,2026-03-30,2026-03-30,203.0,PE,TATASTEEL26MAR203PE,6.0,6.0,4.12,4.15,4.19,6.04,209.05,4.15,242000,137500,45,51359440.0,35,F1,5500,,,,,
2026-02-18,2026-02-18,FO,NSE,STO,161829,,TATASTEEL,,2026-03-30,2026-03-30,190.0,PE,TATASTEEL26MAR190PE,1.72,1.72,1.28,1.35,1.36,1.96,209.05,1.35,4163500,1072500,653,687510615.0,441,F1,5500,,,,,
2026-02-18,2026-02-18,FO,NSE,STO,169457,,TATASTEEL,,2026-03-30,2026-03-30,183.0,PE,TATASTEEL26MAR183PE,0.75,0.77,0.75,0.77,0.77,1.0,209.05,0.55,77000,-11000,6,6064080.0,6,F1,5500,,,,,
2026-02-18,2026-02-18,FO,NSE,STO,169453,,TATASTEEL,,2026-03-30,2026-03-30,179.0,PE,TATASTEEL26MAR179PE,0.0,0.0,0.0,4.08,0.0,4.08,209.05,0.31,0,0,0,0.0,0,F1,5500,,,,,
2026-02-18,2026-02-18,FO,NSE,STO,169451,,TATASTEEL,,2026-03-30,2026-03-30,177.0,PE,TATASTEEL26MAR177PE,0.0,0.0,0.0,3.53,0.0,3.53,209.05,0.23,0,0,0,0.0,0,F1,5500,,,,,
2026-02-18,2026-02-18,FO,NSE,STO,161813,,TATASTEEL,,2026-03-30,2026-03-30,174.0,PE,TATASTEEL26MAR174PE,0.0,0.0,0.0,9.05,0.0,9.05,209.05,0.14,0,0,0,0.0,0,F1,5500,,,,,
2026-02-18,2026-02-18,FO,NSE,STO,37027,,TATASTEEL,,2026-02-24,2026-02-24,213.0,PE,TATASTEEL26FEB213PE,8.0,8.0,5.19,5.46,5.46,10.85,209.05,5.28,302500,60500,50,60140245.0,50,F1,5500,,,,,
2026-02-18,2026-02-18,FO,NSE,STO,140661,,TATASTEEL,,2026-02-24,2026-02-24,155.0,PE,TATASTEEL26FEB155PE,0.02,0.03,0.01,0.01,0.01,0.02,209.05,0.01,341000,0,6,5115825.0,5,F1,5500,,,,,
2026-02-18,2026-02-18,FO,NSE,STO,161637,,TATASTEEL,,2026-02-24,2026-02-24,154.0,PE,TATASTEEL26FEB154PE,0.01,0.03,0.01,0.01,0.02,0.01,209.05,0.01,165000,49500,44,37272400.0,26,F1,5500,,,,,
2026-02-18,2026-02-18,FO,NSE,STO,169598,,TATASTEEL,,2026-04-28,2026-04-28,214.0,CE,TATASTEEL26APR214CE,0.0,0.0,0.0,5.81,0.0,5.81,209.05,8.98,0,0,0,0.0,0,F1,5500,,,,,
2026-02-18,2026-02-18,FO,NSE,STO,169590,,TATASTEEL,,2026-04-28,2026-04-28,206.0,CE,TATASTEEL26APR206CE,0.0,0.0,0.0,8.17,0.0,8.17,209.05,12.89,0,0,0,0.0,0,F1,5500,,,,,
2026-02-18,2026-02-18,FO,NSE,STO,169578,,TATASTEEL,,2026-04-28,2026-04-28,194.0,CE,TATASTEEL26APR194CE,0.0,0.0,0.0,13.02,0.0,13.02,209.05,20.6,0,0,0,0.0,0,F1,5500,,,,,
2026-02-18,2026-02-18,FO,NSE,STO,161844,,TATASTEEL,,2026-03-30,2026-03-30,206.0,CE,TATASTEEL26MAR206CE,7.75,10.08,7.75,9.47,9.47,6.43,209.05,9.47,82500,60500,67,79231350.0,59,F1,5500,,,,,
2026-02-18,2026-02-18,FO,NSE,STO,161840,,TATASTEEL,,2026-03-30,2026-03-30,202.0,CE,TATASTEEL26MAR202CE,10.6,12.32,10.6,11.9,11.9,8.2,209.05,12.46,60500,-16500,12,14093255.0,12,F1,5500,,,,,
2026-02-18,2026-02-18,FO,NSE,STO,169458,,TATASTEEL,,2026-03-30,2026-03-30,185.0,CE,TATASTEEL26MAR185CE,26.0,26.0,26.0,26.0,26.0,20.5,209.05,25.87,110000,5500,1,1160500.0,1,F1,5500,,,,,
2026-02-18,2026-02-18,FO,NSE,STO,169615,,TATASTEEL,,2026-04-28,2026-04-28,232.0,PE,TATASTEEL26APR232PE,0.0,0.0,0.0,38.68,0.0,38.68,209.05,23.98,0,0,0,0.0,0,F1,5500,,,,,
2026-02-18,2026-02-18,FO,NSE,STO,169593,,TATASTEEL,,2026-04-28,2026-04-28,208.0,PE,TATASTEEL26APR208PE,0.0,0.0,0.0,20.05,0.0,20.05,209.05,8.62,0,0,0,0.0,0,F1,5500,,,,,
2026-02-18,2026-02-18,FO,NSE,STO,169559,,TATASTEEL,,2026-04-28,2026-04-28,174.0,PE,TATASTEEL26APR174PE,0.0,0.0,0.0,4.13,0.0,4.13,209.05,0.56,0,0,0,0.0,0,F1,5500,,,,,
2026-02-18,2026-02-18,FO,NSE,STO,169557,,TATASTEEL,,2026-04-28,2026-04-28,172.0,PE,TATASTEEL26APR172PE,0.0,0.0,0.0,3.62,0.0,3.62,209.05,0.45,0,0,0,0.0,0,F1,5500,,,,,
2026-02-18,2026-02-18,FO,NSE,STO,50172,,TATASTEEL,,2026-03-30,2026-03-30,226.0,PE,TATASTEEL26MAR226PE,0.0,0.0,0.0,17.65,17.65,17.65,209.05,18.15,5500,0,0,0.0,0,F1,5500,,,,,
2026-02-18,2026-02-18,FO,NSE,STO,38430,,TATASTEEL,,2026-03-30,2026-03-30,218.0,PE,TATASTEEL26MAR218PE,0.0,0.0,0.0,35.35,0.0,35.35,209.05,12.32,0,0,0,0.0,0,F1,5500,,,,,
2026-02-18,2026-02-18,FO,NSE,STO,169485,,TATASTEEL,,2026-03-30,2026-03-30,211.0,PE,TATASTEEL26MAR211PE,0.0,0.0,0.0,9.7,9.7,9.7,209.05,8.14,16500,0,0,0.0,0,F1,5500,,,,,
2026-02-18,2026-02-18,FO,NSE,STO,169475,,TATASTEEL,,2026-03-30,2026-03-30,201.0,PE,TATASTEEL26MAR201PE,3.6,3.6,3.53,3.53,3.53,14.07,209.05,3.53,16500,16500,3,3375515.0,2,F1,5500,,,,,
2026-02-18,2026-02-18,FO,NSE,STO,169439,,TATASTEEL,,2026-03-30,2026-03-30,165.0,PE,TATASTEEL26MAR165PE,0.0,0.0,0.0,0.35,0.35,0.35,209.05,0.03,11000,0,0,0.0,0,F1,5500,,,,,
2026-02-18,2026-02-18,FO,NSE,STO,169437,,TATASTEEL,,2026-03-30,2026-03-30,163.0,PE,TATASTEEL26MAR163PE,0.0,0.0,0.0,1.05,0.0,1.05,209.05,0.02,0,0,0,0.0,0,F1,5500,,,,,
2026-02-18,2026-02-18,FO,NSE,STO,161741,,TATASTEEL,,2026-02-24,2026-02-24,226.0,PE,TATASTEEL26FEB226PE,20.52,20.52,16.98,17.55,17.55,23.1,209.05,16.79,176000,-148500,44,58947130.0,26,F1,5500,,,,,
2026-02-18,2026-02-18,FO,NSE,STO,38426,,TATASTEEL,,2026-02-24,2026-02-24,217.0,PE,TATASTEEL26FEB217PE,0.0,0.0,0.0,10.26,10.5,10.26,209.05,8.39,93500,0,0,0.0,0,F1,5500,,,,,
2026-02-18,2026-02-18,FO,NSE,STO,161703,,TATASTEEL,,2026-02-24,2026-02-24,196.0,PE,TATASTEEL26FEB196PE,0.61,0.61,0.29,0.31,0.31,0.95,209.05,0.31,764500,-225500,282,304616675.0,248,F1,5500,,,,,
2026-02-18,2026-02-18,FO,NSE,STO,161691,,TATASTEEL,,2026-02-24,2026-02-24,188.0,PE,TATASTEEL26FEB188PE,0.18,0.22,0.11,0.11,0.11,0.23,209.05,0.11,1171500,242000,314,324901885.0,269,F1,5500,,,,,
2026-02-18,2026-02-18,FO,NSE,STO,161687,,TATASTEEL,,2026-02-24,2026-02-24,186.0,PE,TATASTEEL26FEB186PE,0.17,0.17,0.09,0.11,0.11,0.16,209.05,0.01,841500,77000,109,111568490.0,95,F1,5500,,,,,
2026-02-18,2026-02-18,FO,NSE,STO,161685,,TATASTEEL,,2026-02-24,2026-02-24,184.0,PE,TATASTEEL26FEB184PE,0.11,0.11,0.07,0.07,0.08,0.12,209.05,0.07,792000,-66000,58,58724820.0,51,F1,5500,,,,,
2026-02-18,2026-02-18,FO,NSE,STO,140673,,TATASTEEL,,2026-02-24,2026-02-24,180.0,PE,TATASTEEL26FEB180PE,0.08,0.08,0.04,0.04,0.04,0.07,209.05,0.04,5764000,-814000,392,388206665.0,261,F1,5500,,,,,
2026-02-18,2026-02-18,FO,NSE,STO,161651,,TATASTEEL,,2026-02-24,2026-02-24,163.0,PE,TATASTEEL26FEB163PE,0.0,0.0,0.0,3.21,0.0,3.21,209.05,0.01,0,0,0,0.0,0,F1,5500,,,,,
2026-02-18,2026-02-18,FO,NSE,STO,169604,,TATASTEEL,,2026-04-28,2026-04-28,220.0,CE,TATASTEEL26APR220CE,0.0,0.0,0.0,4.46,0.0,4.46,209.05,6.66,0,0,0,0.0,0,F1,5500,,,,,
2026-02-18,2026-02-18,FO,NSE,STO,169588,,TATASTEEL,,2026-04-28,2026-04-28,204.0,CE,TATASTEEL26APR204CE,0.0,0.0,0.0,8.86,0.0,8.86,209.05,14.03,0,0,0,0.0,0,F1,5500,,,,,
2026-02-18,2026-02-18,FO,NSE,STO,169582,,TATASTEEL,,2026-04-28,2026-04-28,198.0,CE,TATASTEEL26APR198CE,0.0,0.0,0.0,14.0,14.0,14.0,209.05,17.79,0,0,0,0.0,0,F1,5500,,,,,
2026-02-18,2026-02-18,FO,NSE,STO,169576,,TATASTEEL,,2026-04-28,2026-04-28,192.0,CE,TATASTEEL26APR192CE,0.0,0.0,0.0,14.0,0.0,14.0,209.05,22.08,0,0,0,0.0,0,F1,5500,,,,,
2026-02-18,2026-02-18,FO,NSE,STO,169566,,TATASTEEL,,2026-04-28,2026-04-28,182.0,CE,TATASTEEL26APR182CE,0.0,0.0,0.0,19.64,0.0,19.64,209.05,30.23,0,0,0,0.0,0,F1,5500,,,,,
2026-02-18,2026-02-18,FO,NSE,STO,169492,,TATASTEEL,,2026-03-30,2026-03-30,219.0,CE,TATASTEEL26MAR219CE,4.27,4.27,4.27,4.27,4.27,2.78,209.05,4.36,5500,5500,1,1227985.0,1,F1,5500,,,,,
2026-02-18,2026-02-18,FO,NSE,STO,169490,,TATASTEEL,,2026-03-30,2026-03-30,217.0,CE,TATASTEEL26MAR217CE,0.0,0.0,0.0,3.13,0.0,3.13,209.05,5.02,0,0,0,0.0,0,F1,5500,,,,,
2026-02-18,2026-02-18,FO,NSE,STO,169488,,TATASTEEL,,2026-03-30,2026-03-30,215.0,CE,TATASTEEL26MAR215CE,3.87,5.82,3.87,5.19,5.18,3.32,209.05,5.19,1309000,1050500,686,830794855.0,502,F1,5500,,,,,
2026-02-18,2026-02-18,FO,NSE,STO,161834,,TATASTEEL,,2026-03-30,2026-03-30,196.0,CE,TATASTEEL26MAR196CE,0.0,0.0,0.0,5.11,0.0,5.11,209.05,16.68,0,0,0,0.0,0,F1,5500,,,,,
2026-02-18,2026-02-18,FO,NSE,STO,169450,,TATASTEEL,,2026-03-30,2026-03-30,177.0,CE,TATASTEEL26MAR177CE,0.0,0.0,0.0,20.66,0.0,20.66,209.05,33.34,0,0,0,0.0,0,F1,5500,,,,,
2026-02-18,2026-02-18,FO,NSE,STO,161742,,TATASTEEL,,2026-02-24,2026-02-24,228.0,CE,TATASTEEL26FEB228CE,0.15,0.16,0.09,0.09,0.1,0.11,209.05,0.09,577500,187000,276,346291770.0,226,F1,5500,,,,,
2026-02-18,2026-02-18,FO,NSE,STO,161736,,TATASTEEL,,2026-02-24,2026-02-24,222.0,CE,TATASTEEL26FEB222CE,0.16,0.37,0.16,0.22,0.22,0.18,209.05,0.22,2046000,170500,739,903433630.0,617,F1,5500,,,,,
2026-02-18,2026-02-18,FO,NSE,STO,40942,,TATASTEEL,,2026-02-24,2026-02-24,219.0,CE,TATASTEEL26FEB219CE,0.29,0.6,0.29,0.38,0.39,0.26,209.05,0.38,583000,22000,330,398314785.0,275,F1,5500,,,,,
2026-02-18,2026-02-18,FO,NSE,STO,161714,,TATASTEEL,,2026-02-24,2026-02-24,203.0,CE,TATASTEEL26FEB203CE,3.55,7.37,3.55,6.69,6.69,3.43,209.05,6.69,1380500,-825000,686,786024415.0,657,F1,5500,,,,,
2026-02-18,2026-02-18,FO,NSE,STO,161684,,TATASTEEL,,2026-02-24,2026-02-24,184.0,CE,TATASTEEL26FEB184CE,22.7,24.46,22.7,24.46,24.46,21.35,209.05,25.22,357500,0,13,14885530.0,3,F1,5500,,,,,
2026-02-18,2026-02-18,FO,NSE,STO,161680,,TATASTEEL,,2026-02-24,2026-02-24,182.0,CE,TATASTEEL26FEB182CE,0.0,0.0,0.0,20.33,20.33,20.33,209.05,27.21,110000,0,0,0.0,0,F1,5500,,,,,
2026-02-18,2026-02-18,FO,NSE,STO,140664,,TATASTEEL,,2026-02-24,2026-02-24,165.0,CE,TATASTEEL26FEB165CE,43.94,44.37,43.63,44.37,44.37,38.75,209.05,44.2,423500,-71500,25,28731615.0,19,F1,5500,,,,,
2026-02-18,2026-02-18,FO,NSE,STO,161648,,TATASTEEL,,2026-02-24,2026-02-24,162.0,CE,TATASTEEL26FEB162CE,0.0,0.0,0.0,18.25,0.0,18.25,209.05,47.2,0,0,0,0.0,0,F1,5500,,,,,
2026-02-18,2026-02-18,FO,NSE,STO,161694,,TATASTEEL,,2026-02-24,2026-02-24,191.0,CE,TATASTEEL26FEB191CE,13.58,17.62,13.58,17.62,17.62,15.37,209.05,18.24,770000,5500,2,2272600.0,2,F1,5500,,,,,
2026-02-18,2026-02-18,FO,NSE,STO,161712,,TATASTEEL,,2026-02-24,2026-02-24,202.0,CE,TATASTEEL26FEB202CE,4.4,8.18,4.3,7.5,7.43,4.0,209.05,7.5,902000,-385000,329,376608705.0,297,F1,5500,,,,,
2026-02-18,2026-02-18,FO,NSE,STO,169466,,TATASTEEL,,2026-03-30,2026-03-30,193.0,CE,TATASTEEL26MAR193CE,19.0,19.0,19.0,19.0,19.0,10.89,209.05,19.02,5500,5500,1,1166000.0,1,F1,5500,,,,,
2026-02-18,2026-02-18,FO,NSE,STO,169472,,TATASTEEL,,2026-03-30,2026-03-30,199.0,CE,TATASTEEL26MAR199CE,0.0,0.0,0.0,8.23,0.0,8.23,209.05,14.49,0,0,0,0.0,0,F1,5500,,,,,
2026-02-18,2026-02-18,FO,NSE,STO,50171,,TATASTEEL,,2026-03-30,2026-03-30,226.0,CE,TATASTEEL26MAR226CE,1.65,2.54,1.62,2.18,2.19,1.29,209.05,2.18,748000,110000,103,129239770.0,100,F1,5500,,,,,
2026-02-18,2026-02-18,FO,NSE,STO,169586,,TATASTEEL,,2026-04-28,2026-04-28,202.0,CE,TATASTEEL26APR202CE,0.0,0.0,0.0,9.6,0.0,9.6,209.05,15.22,0,0,0,0.0,0,F1,5500,,,,,
2026-02-18,2026-02-18,FO,NSE,STO,169592,,TATASTEEL,,2026-04-28,2026-04-28,208.0,CE,TATASTEEL26APR208CE,0.0,0.0,0.0,7.52,0.0,7.52,209.05,11.82,0,0,0,0.0,0,F1,5500,,,,,
2026-02-18,2026-02-18,FO,NSE,STO,169602,,TATASTEEL,,2026-04-28,2026-04-28,218.0,CE,TATASTEEL26APR218CE,0.0,0.0,0.0,4.88,0.0,4.88,209.05,7.38,0,0,0,0.0,0,F1,5500,,,,,
2026-02-18,2026-02-18,FO,NSE,STO,169612,,TATASTEEL,,2026-04-28,2026-04-28,228.0,CE,TATASTEEL26APR228CE,0.0,0.0,0.0,3.05,0.0,3.05,209.05,4.32,0,0,0,0.0,0,F1,5500,,,,,
2026-02-18,2026-02-18,FO,NSE,STO,140659,,TATASTEEL,,2026-02-24,2026-02-24,150.0,PE,TATASTEEL26FEB150PE,0.01,0.01,0.01,0.01,0.01,0.01,209.05,0.01,555500,-214500,39,32177145.0,13,F1,5500,,,,,
2026-02-18,2026-02-18,FO,NSE,STO,161665,,TATASTEEL,,2026-02-24,2026-02-24,172.0,PE,TATASTEEL26FEB172PE,0.0,0.0,0.0,0.09,0.09,0.09,209.05,0.01,473000,0,0,0.0,0,F1,5500,,,,,
2026-02-18,2026-02-18,FO,NSE,STO,161667,,TATASTEEL,,2026-02-24,2026-02-24,173.0,PE,TATASTEEL26FEB173PE,0.02,0.05,0.02,0.05,0.05,0.06,209.05,0.05,154000,-11000,5,4758545.0,4,F1,5500,,,,,
2026-02-18,2026-02-18,FO,NSE,STO,161675,,TATASTEEL,,2026-02-24,2026-02-24,178.0,PE,TATASTEEL26FEB178PE,0.05,0.06,0.03,0.03,0.03,0.07,209.05,0.01,154000,-66000,19,18605510.0,14,F1,5500,,,,,
2026-02-18,2026-02-18,FO,NSE,STO,161693,,TATASTEEL,,2026-02-24,2026-02-24,189.0,PE,TATASTEEL26FEB189PE,0.19,0.2,0.12,0.13,0.12,0.27,209.05,0.13,748000,88000,205,213261950.0,161,F1,5500,,,,,
2026-02-18,2026-02-18,FO,NSE,STO,161695,,TATASTEEL,,2026-02-24,2026-02-24,191.0,PE,TATASTEEL26FEB191PE,0.33,0.33,0.15,0.16,0.16,0.39,209.05,0.16,1738000,5500,185,194541930.0,146,F1,5500,,,,,
2026-02-18,2026-02-18,FO,NSE,STO,161725,,TATASTEEL,,2026-02-24,2026-02-24,209.0,PE,TATASTEEL26FEB209PE,4.16,4.88,2.72,2.93,2.93,7.07,209.05,2.93,2585000,1171500,2879,3358705130.0,2507,F1,5500,,,,,
2026-02-18,2026-02-18,FO,NSE,STO,161729,,TATASTEEL,,2026-02-24,2026-02-24,212.0,PE,TATASTEEL26FEB212PE,6.5,6.54,4.43,4.81,4.82,9.83,209.05,4.81,572000,236500,139,165887315.0,121,F1,5500,,,,,
2026-02-18,2026-02-18,FO,NSE,STO,37678,,TATASTEEL,,2026-02-24,2026-02-24,215.0,PE,TATASTEEL26FEB215PE,8.0,8.0,6.7,7.1,7.15,11.92,209.05,7.1,176000,-49500,89,108750235.0,88,F1,5500,,,,,
2026-02-18,2026-02-18,FO,NSE,STO,140779,,TATASTEEL,,2026-02-24,2026-02-24,220.0,PE,TATASTEEL26FEB220PE,13.6,13.6,11.34,11.45,11.45,17.17,209.05,11.04,247500,44000,20,25592600.0,13,F1,5500,,,,,
2026-02-18,2026-02-18,FO,NSE,STO,161795,,TATASTEEL,,2026-03-30,2026-03-30,156.0,PE,TATASTEEL26MAR156PE,0.16,0.18,0.16,0.17,0.18,0.19,209.05,0.17,60500,49500,11,9448010.0,10,F1,5500,,,,,
2026-02-18,2026-02-18,FO,NSE,STO,161803,,TATASTEEL,,2026-03-30,2026-03-30,164.0,PE,TATASTEEL26MAR164PE,0.0,0.0,0.0,5.13,0.0,5.13,209.05,0.02,0,0,0,0.0,0,F1,5500,,,,,
2026-02-18,2026-02-18,FO,NSE,STO,161819,,TATASTEEL,,2026-03-30,2026-03-30,180.0,PE,TATASTEEL26MAR180PE,0.68,0.68,0.56,0.58,0.58,0.79,209.05,0.58,1765500,82500,177,175828400.0,162,F1,5500,,,,,
2026-02-18,2026-02-18,FO,NSE,STO,161853,,TATASTEEL,,2026-03-30,2026-03-30,216.0,PE,TATASTEEL26MAR216PE,0.0,0.0,0.0,38.78,0.0,38.78,209.05,11.03,0,0,0,0.0,0,F1,5500,,,,,
2026-02-18,2026-02-18,FO,NSE,STO,169549,,TATASTEEL,,2026-04-28,2026-04-28,164.0,PE,TATASTEEL26APR164PE,0.0,0.0,0.0,2.06,0.0,2.06,209.05,0.16,0,0,0,0.0,0,F1,5500,,,,,
2026-02-18,2026-02-18,FO,NSE,STF,67023,,TATASTEEL,,2026-04-28,2026-04-28,,,TATASTEEL26APRFUT,207.0,212.11,207.0,211.44,211.3,206.07,209.05,211.44,4592500,11000,294,340512645.0,287,F1,5500,,,,,
2026-02-18,2026-02-18,FO,NSE,STO,161674,,TATASTEEL,,2026-02-24,2026-02-24,178.0,CE,TATASTEEL26FEB178CE,0.0,0.0,0.0,30.45,30.48,30.45,209.05,31.21,71500,0,0,0.0,0,F1,5500,,,,,
2026-02-18,2026-02-18,FO,NSE,STO,161682,,TATASTEEL,,2026-02-24,2026-02-24,183.0,CE,TATASTEEL26FEB183CE,0.0,0.0,0.0,26.0,26.0,26.0,209.05,26.22,66000,0,0,0.0,0,F1,5500,,,,,
2026-02-18,2026-02-18,FO,NSE,STO,161690,,TATASTEEL,,2026-02-24,2026-02-24,188.0,CE,TATASTEEL26FEB188CE,21.82,21.82,19.19,21.0,21.0,15.49,209.05,21.22,638000,-11000,8,9168225.0,8,F1,5500,,,,,
2026-02-18,2026-02-18,FO,NSE,STO,161708,,TATASTEEL,,2026-02-24,2026-02-24,199.0,CE,TATASTEEL26FEB199CE,10.74,10.82,10.12,10.37,10.37,6.02,209.05,10.37,1034000,-55000,20,23040545.0,20,F1,5500,,,,,
2026-02-18,2026-02-18,FO,NSE,STO,161672,,TATASTEEL,,2026-02-24,2026-02-24,177.0,CE,TATASTEEL26FEB177CE,0.0,0.0,0.0,13.93,13.93,13.93,209.05,32.21,71500,0,0,0.0,0,F1,5500,,,,,
2026-02-18,2026-02-18,FO,NSE,STO,140676,,TATASTEEL,,2026-02-24,2026-02-24,190.0,CE,TATASTEEL26FEB190CE,16.0,19.52,16.0,18.86,19.0,13.75,209.05,18.86,4031500,-506000,169,193913225.0,141,F1,5500,,,,,
2026-02-18,2026-02-18,FO,NSE,STO,161706,,TATASTEEL,,2026-02-24,2026-02-24,198.0,CE,TATASTEEL26FEB198CE,9.05,11.6,8.71,11.08,11.08,6.74,209.05,11.08,1056000,-11000,38,43547845.0,38,F1,5500,,,,,
2026-02-18,2026-02-18,FO,NSE,STO,161734,,TATASTEEL,,2026-02-24,2026-02-24,218.0,CE,TATASTEEL26FEB218CE,0.28,0.71,0.27,0.46,0.48,0.28,209.05,0.46,2007500,-247500,1180,1418332410.0,938,F1,5500,,,,,
2026-02-18,2026-02-18,FO,NSE,STO,140778,,TATASTEEL,,2026-02-24,2026-02-24,220.0,CE,TATASTEEL26FEB220CE,0.24,0.52,0.22,0.33,0.35,0.23,209.05,0.33,11473000,-1061500,3309,4010915095.0,2278,F1,5500,,,,,
2026-02-18,2026-02-18,FO,NSE,STO,161744,,TATASTEEL,,2026-02-24,2026-02-24,232.0,CE,TATASTEEL26FEB232CE,0.1,0.12,0.06,0.06,0.07,0.08,209.05,0.06,2029500,440000,650,829717845.0,453,F1,5500,,,,,
2026-02-18,2026-02-18,FO,NSE,STO,161816,,TATASTEEL,,2026-03-30,2026-03-30,178.0,CE,TATASTEEL26MAR178CE,0.0,0.0,0.0,11.45,0.0,11.45,209.05,32.38,0,0,0,0.0,0,F1,5500,,,,,
2026-02-18,2026-02-18,FO,NSE,STO,161824,,TATASTEEL,,2026-03-30,2026-03-30,186.0,CE,TATASTEEL26MAR186CE,0.0,0.0,0.0,8.14,0.0,8.14,209.05,24.97,0,0,0,0.0,0,F1,5500,,,,,
2026-02-18,2026-02-18,FO,NSE,STO,169468,,TATASTEEL,,2026-03-30,2026-03-30,195.0,CE,TATASTEEL26MAR195CE,14.37,17.81,14.37,17.81,17.81,12.89,209.05,17.44,335500,-33000,12,13931500.0,8,F1,5500,,,,,
2026-02-18,2026-02-18,FO,NSE,STO,161848,,TATASTEEL,,2026-03-30,2026-03-30,210.0,CE,TATASTEEL26MAR210CE,5.2,8.14,5.2,7.37,7.35,4.87,209.05,7.37,5676000,1391500,1891,2259295170.0,1493,F1,5500,,,,,
2026-02-18,2026-02-18,FO,NSE,STO,161856,,TATASTEEL,,2026-03-30,2026-03-30,224.0,CE,TATASTEEL26MAR224CE,1.67,3.06,1.67,2.58,2.58,1.49,209.05,2.58,357500,121000,80,99749650.0,73,F1,5500,,,,,
2026-02-18,2026-02-18,FO,NSE,STO,169554,,TATASTEEL,,2026-04-28,2026-04-28,170.0,CE,TATASTEEL26APR170CE,0.0,0.0,0.0,28.05,0.0,28.05,209.05,41.16,0,0,0,0.0,0,F1,5500,,,,,
2026-02-18,2026-02-18,FO,NSE,STO,169558,,TATASTEEL,,2026-04-28,2026-04-28,174.0,CE,TATASTEEL26APR174CE,0.0,0.0,0.0,25.07,0.0,25.07,209.05,37.41,0,0,0,0.0,0,F1,5500,,,,,
2026-02-18,2026-02-18,FO,NSE,STO,169560,,TATASTEEL,,2026-04-28,2026-04-28,176.0,CE,TATASTEEL26APR176CE,0.0,0.0,0.0,23.65,0.0,23.65,209.05,35.57,0,0,0,0.0,0,F1,5500,,,,,
2026-02-18,2026-02-18,FO,NSE,STO,161643,,TATASTEEL,,2026-02-24,2026-02-24,158.0,PE,TATASTEEL26FEB158PE,0.1,0.1,0.02,0.02,0.02,0.05,209.05,0.02,280500,16500,27,23467180.0,18,F1,5500,,,,,
2026-02-18,2026-02-18,FO,NSE,STO,161653,,TATASTEEL,,2026-02-24,2026-02-24,164.0,PE,TATASTEEL26FEB164PE,0.02,0.02,0.02,0.02,0.02,0.02,209.05,0.01,22000,0,1,902110.0,1,F1,5500,,,,,
2026-02-18,2026-02-18,FO,NSE,STO,161655,,TATASTEEL,,2026-02-24,2026-02-24,166.0,PE,TATASTEEL26FEB166PE,0.08,0.08,0.08,0.08,0.08,0.08,209.05,0.01,66000,5500,1,913440.0,1,F1,5500,,,,,
2026-02-18,2026-02-18,FO,NSE,STO,161707,,TATASTEEL,,2026-02-24,2026-02-24,198.0,PE,TATASTEEL26FEB198PE,1.1,1.1,0.39,0.4,0.41,1.34,209.05,0.4,1644500,-187000,535,584379400.0,445,F1,5500,,,,,
2026-02-18,2026-02-18,FO,NSE,STO,161717,,TATASTEEL,,2026-02-24,2026-02-24,204.0,PE,TATASTEEL26FEB204PE,3.44,3.44,1.08,1.14,1.15,3.44,209.05,1.14,1666500,324500,1683,1903005115.0,1477,F1,5500,,,,,
2026-02-18,2026-02-18,FO,NSE,STO,161807,,TATASTEEL,,2026-03-30,2026-03-30,168.0,PE,TATASTEEL26MAR168PE,0.0,0.0,0.0,1.57,1.57,1.57,209.05,0.05,5500,0,0,0.0,0,F1,5500,,,,,
2026-02-18,2026-02-18,FO,NSE,STO,161809,,TATASTEEL,,2026-03-30,2026-03-30,170.0,PE,TATASTEEL26MAR170PE,0.1,0.34,0.1,0.28,0.28,0.4,209.05,0.28,907500,-159500,88,82417170.0,71,F1,5500,,,,,
2026-02-18,2026-02-18,FO,NSE,STO,169445,,TATASTEEL,,2026-03-30,2026-03-30,171.0,PE,TATASTEEL26MAR171PE,0.0,0.0,0.0,2.19,0.0,2.19,209.05,0.08,0,0,0,0.0,0,F1,5500,,,,,
2026-02-18,2026-02-18,FO,NSE,STO,169463,,TATASTEEL,,2026-03-30,2026-03-30,189.0,PE,TATASTEEL26MAR189PE,1.46,1.5,1.17,1.23,1.23,1.79,209.05,1.16,132000,99000,26,27218400.0,23,F1,5500,,,,,
2026-02-18,2026-02-18,FO,NSE,STO,161833,,TATASTEEL,,2026-03-30,2026-03-30,194.0,PE,TATASTEEL26MAR194PE,2.06,2.11,1.86,1.93,1.93,20.95,209.05,2.01,121000,121000,36,38810805.0,35,F1,5500,,,,,
2026-02-18,2026-02-18,FO,NSE,STO,161837,,TATASTEEL,,2026-03-30,2026-03-30,198.0,PE,TATASTEEL26MAR198PE,2.74,2.74,2.72,2.72,2.72,4.1,209.05,2.72,33000,16500,8,8832065.0,8,F1,5500,,,,,
2026-02-18,2026-02-18,FO,NSE,STO,169473,,TATASTEEL,,2026-03-30,2026-03-30,199.0,PE,TATASTEEL26MAR199PE,3.5,4.27,2.86,2.97,2.97,4.41,209.05,2.97,165000,148500,43,47869855.0,28,F1,5500,,,,,
2026-02-18,2026-02-18,FO,NSE,STO,169587,,TATASTEEL,,2026-04-28,2026-04-28,202.0,PE,TATASTEEL26APR202PE,0.0,0.0,0.0,16.22,0.0,16.22,209.05,6.08,0,0,0,0.0,0,F1,5500,,,,,
2026-02-18,2026-02-18,FO,NSE,STO,169597,,TATASTEEL,,2026-04-28,2026-04-28,212.0,PE,TATASTEEL26APR212PE,0.0,0.0,0.0,22.82,0.0,22.82,209.05,10.62,0,0,0,0.0,0,F1,5500,,,,,
2026-02-18,2026-02-18,FO,NSE,STO,162212,,TCS,,2026-02-24,2026-02-24,2660.0,CE,TCS26FEB2660CE,79.3,85.35,48.95,61.05,61.35,88.1,2694.9,61.05,129850,46725,4141,1969735985.0,3731,F1,175,,,,,
2026-02-18,2026-02-18,FO,NSE,STO,142169,,TCS,,2026-02-24,2026-02-24,3040.0,PE,TCS26FEB3040PE,324.45,380.85,324.2,346.1,346.1,326.35,2694.9,346.1,214375,-20825,164,97602452.5,158,F1,175,,,,,
2026-02-18,2026-02-18,FO,NSE,STO,162243,,TCS,,2026-02-24,2026-02-24,3260.0,PE,TCS26FEB3260PE,570.0,570.0,567.55,567.55,567.55,503.0,2694.9,567.55,105875,-350,2,1340071.25,2,F1,175,,,,,
2026-02-18,2026-02-18,FO,NSE,STO,162247,,TCS,,2026-02-24,2026-02-24,3340.0,PE,TCS26FEB3340PE,688.0,688.0,688.0,688.0,688.0,636.0,2694.9,688.0,18900,0,1,704900.0,1,F1,175,,,,,
2026-02-18,2026-02-18,FO,NSE,STO,170005,,TCS,,2026-04-28,2026-04-28,3480.0,PE,TCS26APR3480PE,0.0,0.0,0.0,323.65,0.0,323.65,2694.9,749.6,0,0,0,0.0,0,F1,175,,,,,
2026-02-18,2026-02-18,FO,NSE,STO,170019,,TCS,,2026-04-28,2026-04-28,3760.0,PE,TCS26APR3760PE,0.0,0.0,0.0,560.3,0.0,560.3,2694.9,1026.25,0,0,0,0.0,0,F1,175,,,,,
2026-02-18,2026-02-18,FO,NSE,STO,51033,,TCS,,2026-02-24,2026-02-24,2300.0,CE,TCS26FEB2300CE,0.0,0.0,0.0,706.6,0.0,706.6,2694.9,397.0,0,0,0,0.0,0,F1,175,,,,,
2026-02-18,2026-02-18,FO,NSE,STO,142158,,TCS,,2026-02-24,2026-02-24,2840.0,CE,TCS26FEB2840CE,10.0,14.65,5.4,6.8,7.1,15.15,2694.9,6.8,417550,-19950,5312,2646973420.0,3324,F1,175,,,,,
2026-02-18,2026-02-18,FO,NSE,STO,142180,,TCS,,2026-02-24,2026-02-24,3280.0,CE,TCS26FEB3280CE,0.4,0.45,0.25,0.35,0.3,0.7,2694.9,0.35,218925,-4550,202,115960337.5,105,F1,175,,,,,
2026-02-18,2026-02-18,FO,NSE,STO,162248,,TCS,,2026-02-24,2026-02-24,3380.0,CE,TCS26FEB3380CE,0.55,0.55,0.35,0.4,0.4,0.8,2694.9,0.4,51800,3850,131,77496728.75,91,F1,175,,,,,
2026-02-18,2026-02-18,FO,NSE,STO,51047,,TCS,,2026-03-30,2026-03-30,2300.0,CE,TCS26MAR2300CE,0.0,0.0,0.0,720.9,0.0,720.9,2694.9,409.5,0,0,0,0.0,0,F1,175,,,,,
2026-02-18,2026-02-18,FO,NSE,STO,162312,,TCS,,2026-03-30,2026-03-30,2520.0,CE,TCS26MAR2520CE,0.0,0.0,0.0,765.25,0.0,765.25,2694.9,206.1,0,0,0,0.0,0,F1,175,,,,,
2026-02-18,2026-02-18,FO,NSE,STO,169862,,TCS,,2026-03-30,2026-03-30,2820.0,CE,TCS26MAR2820CE,79.2,79.2,53.3,57.7,57.35,79.2,2694.9,57.7,33600,1050,51,25672027.5,37,F1,175,,,,,
2026-02-18,2026-02-18,FO,NSE,STO,162328,,TCS,,2026-03-30,2026-03-30,2840.0,CE,TCS26MAR2840CE,71.95,72.0,46.9,50.45,50.85,72.45,2694.9,50.45,37275,6825,148,74953926.25,119,F1,175,,,,,
2026-02-18,2026-02-18,FO,NSE,STO,169874,,TCS,,2026-03-30,2026-03-30,3060.0,CE,TCS26MAR3060CE,20.8,22.25,13.55,15.3,15.25,23.75,2694.9,15.3,33075,-3675,182,98015347.5,110,F1,175,,,,,
2026-02-18,2026-02-18,FO,NSE,STO,162344,,TCS,,2026-03-30,2026-03-30,3160.0,CE,TCS26MAR3160CE,11.75,11.75,8.45,9.35,9.15,14.0,2694.9,9.35,26075,-1925,81,44924950.0,67,F1,175,,,,,
2026-02-18,2026-02-18,FO,NSE,STO,169888,,TCS,,2026-03-30,2026-03-30,3340.0,CE,TCS26MAR3340CE,0.0,0.0,0.0,6.1,6.1,6.1,2694.9,0.15,5250,0,0,0.0,0,F1,175,,,,,
2026-02-18,2026-02-18,FO,NSE,STO,169896,,TCS,,2026-03-30,2026-03-30,3500.0,CE,TCS26MAR3500CE,3.5,3.5,2.4,2.45,2.4,3.9,2694.9,2.45,49875,7350,91,55782090.0,75,F1,175,,,,,
2026-02-18,2026-02-18,FO,NSE,STO,162376,,TCS,,2026-03-30,2026-03-30,3800.0,CE,TCS26MAR3800CE,0.0,0.0,0.0,21.25,0.0,21.25,2694.9,0.05,0,0,0,0.0,0,F1,175,,,,,
2026-02-18,2026-02-18,FO,NSE,STO,142101,,TCS,,2026-02-24,2026-02-24,2320.0,PE,TCS26FEB2320PE,1.1,1.85,0.8,1.1,1.15,1.35,2694.9,1.1,92400,-2800,445,180763931.25,325,F1,175,,,,,
2026-02-18,2026-02-18,FO,NSE,STO,142157,,TCS,,2026-02-24,2026-02-24,2800.0,PE,TCS26FEB2800PE,113.65,154.45,103.15,117.55,118.0,105.2,2694.9,117.55,655900,-28350,991,507823268.75,811,F1,175,,,,,
2026-02-18,2026-02-18,FO,NSE,STO,142161,,TCS,,2026-02-24,2026-02-24,2880.0,PE,TCS26FEB2880PE,171.1,227.55,170.25,191.45,192.0,177.0,2694.9,191.45,131250,-6300,137,73931550.0,105,F1,175,,,,,
2026-02-18,2026-02-18,FO,NSE,STO,162245,,TCS,,2026-02-24,2026-02-24,3300.0,PE,TCS26FEB3300PE,615.0,642.0,604.0,606.8,608.25,579.0,2694.9,606.8,286300,-10675,70,48089553.75,53,F1,175,,,,,
2026-02-18,2026-02-18,FO,NSE,STO,142195,,TCS,,2026-02-24,2026-02-24,3560.0,PE,TCS26FEB3560PE,0.0,0.0,0.0,873.0,873.0,873.0,2694.9,861.9,10325,0,0,0.0,0,F1,175,,,,,
2026-02-18,2026-02-18,FO,NSE,STO,162311,,TCS,,2026-03-30,2026-03-30,2480.0,PE,TCS26MAR2480PE,32.6,42.65,22.65,27.2,27.95,33.1,2694.9,27.2,22400,0,164,72049635.0,125,F1,175,,,,,
2026-02-18,2026-02-18,FO,NSE,STO,169853,,TCS,,2026-03-30,2026-03-30,2620.0,PE,TCS26MAR2620PE,69.2,90.0,61.75,63.25,63.15,67.6,2694.9,63.25,28700,11200,106,49958466.25,89,F1,175,,,,,
2026-02-18,2026-02-18,FO,NSE,STO,169861,,TCS,,2026-03-30,2026-03-30,2780.0,PE,TCS26MAR2780PE,167.0,167.0,142.7,142.7,142.7,135.3,2694.9,118.8,9275,175,6,3074365.0,5,F1,175,,,,,
2026-02-18,2026-02-18,FO,NSE,STO,162329,,TCS,,2026-03-30,2026-03-30,2840.0,PE,TCS26MAR2840PE,184.95,214.85,179.85,182.1,179.85,177.3,2694.9,182.1,76650,875,85,45117353.75,68,F1,175,,,,,
2026-02-18,2026-02-18,FO,NSE,STO,169873,,TCS,,2026-03-30,2026-03-30,3020.0,PE,TCS26MAR3020PE,0.0,0.0,0.0,296.3,296.3,296.3,2694.9,313.55,9625,0,0,0.0,0,F1,175,,,,,
2026-02-18,2026-02-18,FO,NSE,STO,162347,,TCS,,2026-03-30,2026-03-30,3200.0,PE,TCS26MAR3200PE,482.0,519.0,482.0,494.3,492.5,471.45,2694.9,494.3,97300,350,61,39525158.75,45,F1,175,,,,,
2026-02-18,2026-02-18,FO,NSE,STO,169893,,TCS,,2026-03-30,2026-03-30,3420.0,PE,TCS26MAR3420PE,0.0,0.0,0.0,269.85,0.0,269.85,2694.9,704.6,0,0,0,0.0,0,F1,175,,,,,
2026-02-18,2026-02-18,FO,NSE,STO,169895,,TCS,,2026-03-30,2026-03-30,3460.0,PE,TCS26MAR3460PE,0.0,0.0,0.0,301.35,0.0,301.35,2694.9,744.35,0,0,0,0.0,0,F1,175,,,,,
2026-02-18,2026-02-18,FO,NSE,STO,169949,,TCS,,2026-04-28,2026-04-28,2320.0,PE,TCS26APR2320PE,0.0,0.0,0.0,0.3,0.0,0.3,2694.9,4.85,0,0,0,0.0,0,F1,175,,,,,
2026-02-18,2026-02-18,FO,NSE,STO,39599,,TCS,,2026-04-28,2026-04-28,2440.0,PE,TCS26APR2440PE,0.0,0.0,0.0,1.1,0.0,1.1,2694.9,15.65,0,0,0,0.0,0,F1,175,,,,,
2026-02-18,2026-02-18,FO,NSE,STO,169999,,TCS,,2026-04-28,2026-04-28,3360.0,PE,TCS26APR3360PE,0.0,0.0,0.0,237.45,0.0,237.45,2694.9,631.85,0,0,0,0.0,0,F1,175,,,,,
2026-02-18,2026-02-18,FO,NSE,STO,142164,,TCS,,2026-02-24,2026-02-24,2960.0,CE,TCS26FEB2960CE,4.9,4.9,2.1,2.5,2.65,5.15,2694.9,2.5,387800,-48650,3044,1578258972.5,2021,F1,175,,,,,
2026-02-18,2026-02-18,FO,NSE,STO,162208,,TCS,,2026-02-24,2026-02-24,2580.0,CE,TCS26FEB2580CE,114.9,122.0,103.1,122.0,122.0,150.0,2694.9,122.0,32200,-700,34,15997870.0,30,F1,175,,,,,
2026-02-18,2026-02-18,FO,NSE,STO,37059,,TCS,,2026-02-24,2026-02-24,2500.0,CE,TCS26FEB2500CE,195.0,199.0,165.0,197.95,197.9,218.0,2694.9,197.95,55300,-51450,405,190645350.0,89,F1,175,,,,,
2026-02-18,2026-02-18,FO,NSE,STO,39586,,TCS,,2026-02-24,2026-02-24,2420.0,CE,TCS26FEB2420CE,0.0,0.0,0.0,734.7,0.0,734.7,2694.9,277.1,0,0,0,0.0,0,F1,175,,,,,
2026-02-18,2026-02-18,FO,NSE,STO,142100,,TCS,,2026-02-24,2026-02-24,2320.0,CE,TCS26FEB2320CE,0.0,0.0,0.0,834.65,0.0,834.65,2694.9,377.0,0,0,0,0.0,0,F1,175,,,,,
2026-02-18,2026-02-18,FO,NSE,STO,162214,,TCS,,2026-02-24,2026-02-24,2700.0,CE,TCS26FEB2700CE,65.05,65.05,31.55,38.9,39.0,63.55,2694.9,38.9,852075,220325,28094,13465995173.75,21382,F1,175,,,,,
2026-02-18,2026-02-18,FO,NSE,STO,54130,,TCS,,2026-02-24,2026-02-24,2260.0,CE,TCS26FEB2260CE,0.0,0.0,0.0,687.5,0.0,687.5,2694.9,436.95,0,0,0,0.0,0,F1,175,,,,,
2026-02-18,2026-02-18,FO,NSE,STO,162375,,TCS,,2026-03-30,2026-03-30,3760.0,PE,TCS26MAR3760PE,0.0,0.0,0.0,740.0,740.0,740.0,2694.9,1042.5,175,0,0,0.0,0,F1,175,,,,,
2026-02-18,2026-02-18,FO,NSE,STO,169903,,TCS,,2026-03-30,2026-03-30,3620.0,PE,TCS26MAR3620PE,0.0,0.0,0.0,438.65,0.0,438.65,2694.9,903.35,0,0,0,0.0,0,F1,175,,,,,
2026-02-18,2026-02-18,FO,NSE,STO,162367,,TCS,,2026-03-30,2026-03-30,3600.0,PE,TCS26MAR3600PE,0.0,0.0,0.0,862.0,862.0,862.0,2694.9,883.45,8750,0,0,0.0,0,F1,175,,,,,
2026-02-18,2026-02-18,FO,NSE,STO,169901,,TCS,,2026-03-30,2026-03-30,3580.0,PE,TCS26MAR3580PE,0.0,0.0,0.0,402.9,0.0,402.9,2694.9,863.6,0,0,0,0.0,0,F1,175,,,,,
2026-02-18,2026-02-18,FO,NSE,STO,162357,,TCS,,2026-03-30,2026-03-30,3400.0,PE,TCS26MAR3400PE,700.0,715.0,684.95,712.9,712.9,661.8,2694.9,712.9,37625,19600,114,81641953.75,29,F1,175,,,,,
2026-02-18,2026-02-18,FO,NSE,STO,169891,,TCS,,2026-03-30,2026-03-30,3380.0,PE,TCS26MAR3380PE,0.0,0.0,0.0,239.7,0.0,239.7,2694.9,664.85,0,0,0,0.0,0,F1,175,,,,,
2026-02-18,2026-02-18,FO,NSE,STO,162353,,TCS,,2026-03-30,2026-03-30,3320.0,PE,TCS26MAR3320PE,0.0,0.0,0.0,189.45,189.45,189.45,2694.9,605.35,350,0,0,0.0,0,F1,175,,,,,
2026-02-18,2026-02-18,FO,NSE,STO,39595,,TCS,,2026-03-30,2026-03-30,2460.0,PE,TCS26MAR2460PE,28.75,40.2,23.15,23.7,23.85,28.3,2694.9,23.7,45850,2275,220,95944563.75,162,F1,175,,,,,
2026-02-18,2026-02-18,FO,NSE,STO,54169,,TCS,,2026-03-30,2026-03-30,2260.0,PE,TCS26MAR2260PE,8.15,8.4,5.1,7.25,5.75,0.15,2694.9,7.25,2275,2275,35,13885165.0,21,F1,175,,,,,
2026-02-18,2026-02-18,FO,NSE,STO,162305,,TCS,,2026-03-30,2026-03-30,2240.0,PE,TCS26MAR2240PE,7.75,9.7,4.45,5.4,5.75,6.45,2694.9,5.4,91700,33600,284,111715948.75,191,F1,175,,,,,
2026-02-18,2026-02-18,FO,NSE,STO,54165,,TCS,,2026-03-30,2026-03-30,2220.0,PE,TCS26MAR2220PE,0.0,0.0,0.0,5.0,5.0,5.0,2694.9,0.2,0,0,0,0.0,0,F1,175,,,,,
2026-02-18,2026-02-18,FO,NSE,STO,169839,,TCS,,2026-03-30,2026-03-30,2200.0,PE,TCS26MAR2200PE,5.55,7.75,3.45,4.2,4.2,6.45,2694.9,4.2,37800,3850,254,98005355.0,193,F1,175,,,,,
2026-02-18,2026-02-18,FO,NSE,STO,142207,,TCS,,2026-02-24,2026-02-24,3800.0,PE,TCS26FEB3800PE,0.0,0.0,0.0,1140.0,1140.0,1140.0,2694.9,1101.65,175,0,0,0.0,0,F1,175,,,,,
2026-02-18,2026-02-18,FO,NSE,STO,162263,,TCS,,2026-02-24,2026-02-24,3660.0,PE,TCS26FEB3660PE,0.0,0.0,0.0,396.6,0.0,396.6,2694.9,961.8,0,0,0,0.0,0,F1,175,,,,,
2026-02-18,2026-02-18,FO,NSE,STO,142199,,TCS,,2026-02-24,2026-02-24,3640.0,PE,TCS26FEB3640PE,960.0,964.0,957.0,957.0,957.0,1010.0,2694.9,941.8,8050,0,10,8046500.0,3,F1,175,,,,,
2026-02-18,2026-02-18,FO,NSE,STO,162257,,TCS,,2026-02-24,2026-02-24,3540.0,PE,TCS26FEB3540PE,879.0,879.0,879.0,879.0,879.0,391.0,2694.9,841.9,3675,-175,1,773325.0,1,F1,175,,,,,
2026-02-18,2026-02-18,FO,NSE,STO,162239,,TCS,,2026-02-24,2026-02-24,3180.0,PE,TCS26FEB3180PE,513.25,514.55,487.25,487.25,487.25,465.0,2694.9,487.25,174650,-5250,33,21250748.75,30,F1,175,,,,,
2026-02-18,2026-02-18,FO,NSE,STO,162237,,TCS,,2026-02-24,2026-02-24,3140.0,PE,TCS26FEB3140PE,449.0,483.05,447.1,447.1,447.1,420.45,2694.9,447.1,338450,-5600,75,47285656.25,38,F1,175,,,,,
2026-02-18,2026-02-18,FO,NSE,STO,142167,,TCS,,2026-02-24,2026-02-24,3000.0,PE,TCS26FEB3000PE,282.2,345.0,282.2,308.0,310.2,285.05,2694.9,308.0,523600,-45150,425,246965906.25,374,F1,175,,,,,
2026-02-18,2026-02-18,FO,NSE,STO,162221,,TCS,,2026-02-24,2026-02-24,2820.0,PE,TCS26FEB2820PE,132.65,168.0,129.2,135.6,135.45,113.55,2694.9,135.6,88375,-1050,38,19686432.5,32,F1,175,,,,,
2026-02-18,2026-02-18,FO,NSE,STO,142136,,TCS,,2026-02-24,2026-02-24,2440.0,PE,TCS26FEB2440PE,2.9,4.9,1.7,2.35,2.7,3.05,2694.9,2.35,191450,-26600,1579,675010682.5,1133,F1,175,,,,,
2026-02-18,2026-02-18,FO,NSE,STO,170010,,TCS,,2026-04-28,2026-04-28,3600.0,CE,TCS26APR3600CE,0.0,0.0,0.0,33.15,0.0,33.15,2694.9,0.15,0,0,0,0.0,0,F1,175,,,,,
2026-02-18,2026-02-18,FO,NSE,STO,162203,,TCS,,2026-02-24,2026-02-24,2280.0,PE,TCS26FEB2280PE,1.15,1.55,0.55,0.85,0.85,1.1,2694.9,0.85,52325,5250,328,130928297.5,251,F1,175,,,,,
2026-02-18,2026-02-18,FO,NSE,STO,162261,,TCS,,2026-02-24,2026-02-24,3620.0,PE,TCS26FEB3620PE,0.0,0.0,0.0,361.55,0.0,361.55,2694.9,921.85,0,0,0,0.0,0,F1,175,,,,,
2026-02-18,2026-02-18,FO,NSE,STO,162229,,TCS,,2026-02-24,2026-02-24,2980.0,PE,TCS26FEB2980PE,318.35,318.35,288.5,288.5,288.5,238.15,2694.9,282.4,128275,-2450,22,12639033.75,18,F1,175,,,,,
2026-02-18,2026-02-18,FO,NSE,STO,142163,,TCS,,2026-02-24,2026-02-24,2920.0,PE,TCS26FEB2920PE,238.2,265.15,228.05,229.0,229.0,211.15,2694.9,229.0,121975,-4900,50,27618071.25,30,F1,175,,,,,
2026-02-18,2026-02-18,FO,NSE,STO,169982,,TCS,,2026-04-28,2026-04-28,3040.0,CE,TCS26APR3040CE,0.0,0.0,0.0,240.1,0.0,240.1,2694.9,17.35,0,0,0,0.0,0,F1,175,,,,,
2026-02-18,2026-02-18,FO,NSE,STO,169906,,TCS,,2026-03-30,2026-03-30,3700.0,CE,TCS26MAR3700CE,0.0,0.0,0.0,8.9,0.0,8.9,2694.9,0.05,0,0,0,0.0,0,F1,175,,,,,
2026-02-18,2026-02-18,FO,NSE,STO,169898,,TCS,,2026-03-30,2026-03-30,3540.0,CE,TCS26MAR3540CE,0.0,0.0,0.0,23.05,0.0,23.05,2694.9,0.05,0,0,0,0.0,0,F1,175,,,,,
2026-02-18,2026-02-18,FO,NSE,STO,162352,,TCS,,2026-03-30,2026-03-30,3320.0,CE,TCS26MAR3320CE,5.3,5.3,5.3,5.3,5.3,7.0,2694.9,5.3,21875,175,1,581927.5,1,F1,175,,,,,
2026-02-18,2026-02-18,FO,NSE,STO,162350,,TCS,,2026-03-30,2026-03-30,3280.0,CE,TCS26MAR3280CE,5.85,5.85,5.8,5.8,5.8,8.2,2694.9,0.35,15400,-350,4,2300077.5,3,F1,175,,,,,
2026-02-18,2026-02-18,FO,NSE,STO,162348,,TCS,,2026-03-30,2026-03-30,3240.0,CE,TCS26MAR3240CE,7.25,7.25,6.5,6.5,6.5,9.9,2694.9,0.55,30275,-175,26,14773587.5,17,F1,175,,,,,
2026-02-18,2026-02-18,FO,NSE,STO,169866,,TCS,,2026-03-30,2026-03-30,2900.0,CE,TCS26MAR2900CE,50.65,53.25,32.75,36.3,37.0,53.75,2694.9,36.3,604100,140700,3974,2044608930.0,2712,F1,175,,,,,
2026-02-18,2026-02-18,FO,NSE,STO,169856,,TCS,,2026-03-30,2026-03-30,2700.0,CE,TCS26MAR2700CE,138.65,138.65,98.3,105.2,105.3,134.3,2694.9,105.2,552125,112000,5093,2502235373.75,3620,F1,175,,,,,
2026-02-18,2026-02-18,FO,NSE,STO,162320,,TCS,,2026-03-30,2026-03-30,2680.0,CE,TCS26MAR2680CE,130.0,140.0,108.25,115.75,116.35,144.8,2694.9,115.75,58625,30450,368,180076365.0,287,F1,175,,,,,
2026-02-18,2026-02-18,FO,NSE,STO,169850,,TCS,,2026-03-30,2026-03-30,2580.0,CE,TCS26MAR2580CE,0.0,0.0,0.0,606.3,0.0,606.3,2694.9,159.2,0,0,0,0.0,0,F1,175,,,,,
2026-02-18,2026-02-18,FO,NSE,STO,142109,,TCS,,2026-02-24,2026-02-24,2440.0,CE,TCS26FEB2440CE,0.0,0.0,0.0,717.75,0.0,717.75,2694.9,257.1,0,0,0,0.0,0,F1,175,,,,,
2026-02-18,2026-02-18,FO,NSE,STO,169954,,TCS,,2026-04-28,2026-04-28,2480.0,CE,TCS26APR2480CE,0.0,0.0,0.0,717.55,0.0,717.55,2694.9,262.45,0,0,0,0.0,0,F1,175,,,,,
2026-02-18,2026-02-18,FO,NSE,STO,169908,,TCS,,2026-03-30,2026-03-30,3740.0,CE,TCS26MAR3740CE,0.0,0.0,0.0,6.85,0.0,6.85,2694.9,0.05,0,0,0,0.0,0,F1,175,,,,,
2026-02-18,2026-02-18,FO,NSE,STO,162360,,TCS,,2026-03-30,2026-03-30,3480.0,CE,TCS26MAR3480CE,0.0,0.0,0.0,3.6,3.6,3.6,2694.9,0.05,12600,0,0,0.0,0,F1,175,,,,,
2026-02-18,2026-02-18,FO,NSE,STO,162346,,TCS,,2026-03-30,2026-03-30,3200.0,CE,TCS26MAR3200CE,11.7,11.7,6.9,7.65,7.7,11.65,2694.9,7.65,576625,26250,1371,769716832.5,961,F1,175,,,,,
2026-02-18,2026-02-18,FO,NSE,STO,169858,,TCS,,2026-03-30,2026-03-30,2740.0,CE,TCS26MAR2740CE,120.0,120.0,80.1,86.2,86.4,113.85,2694.9,86.2,87150,20300,621,307637400.0,417,F1,175,,,,,
2026-02-18,2026-02-18,FO,NSE,STO,54166,,TCS,,2026-03-30,2026-03-30,2260.0,CE,TCS26MAR2260CE,0.0,0.0,0.0,701.55,0.0,701.55,2694.9,448.85,0,0,0,0.0,0,F1,175,,,,,
2026-02-18,2026-02-18,FO,NSE,STO,162266,,TCS,,2026-02-24,2026-02-24,3740.0,CE,TCS26FEB3740CE,0.0,0.0,0.0,10.45,0.0,10.45,2694.9,0.05,0,0,0,0.0,0,F1,175,,,,,
2026-02-18,2026-02-18,FO,NSE,STO,142200,,TCS,,2026-02-24,2026-02-24,3680.0,CE,TCS26FEB3680CE,0.45,0.45,0.2,0.2,0.2,0.45,2694.9,0.05,14175,350,11,7084717.5,6,F1,175,,,,,
2026-02-18,2026-02-18,FO,NSE,STO,162258,,TCS,,2026-02-24,2026-02-24,3580.0,CE,TCS26FEB3580CE,0.0,0.0,0.0,1.15,1.15,1.15,2694.9,0.05,5250,0,0,0.0,0,F1,175,,,,,
2026-02-18,2026-02-18,FO,NSE,STO,142178,,TCS,,2026-02-24,2026-02-24,3240.0,CE,TCS26FEB3240CE,0.5,0.55,0.2,0.3,0.35,0.8,2694.9,0.3,516950,-14350,597,338533623.75,361,F1,175,,,,,
2026-02-18,2026-02-18,FO,NSE,STO,162373,,TCS,,2026-03-30,2026-03-30,3720.0,PE,TCS26MAR3720PE,0.0,0.0,0.0,448.5,0.0,448.5,2694.9,1002.75,0,0,0,0.0,0,F1,175,,,,,
2026-02-18,2026-02-18,FO,NSE,STO,162339,,TCS,,2026-03-30,2026-03-30,3040.0,PE,TCS26MAR3040PE,0.0,0.0,0.0,332.0,332.0,332.0,2694.9,332.2,20300,0,0,0.0,0,F1,175,,,,,
2026-02-18,2026-02-18,FO,NSE,STO,162335,,TCS,,2026-03-30,2026-03-30,2960.0,PE,TCS26MAR2960PE,267.0,300.0,267.0,273.5,273.5,264.55,2694.9,273.5,81550,875,17,9654828.75,12,F1,175,,,,,
2026-02-18,2026-02-18,FO,NSE,STO,169863,,TCS,,2026-03-30,2026-03-30,2820.0,PE,TCS26MAR2820PE,0.0,0.0,0.0,143.8,143.8,143.8,2694.9,145.9,8400,0,0,0.0,0,F1,175,,,,,
2026-02-18,2026-02-18,FO,NSE,STO,169859,,TCS,,2026-03-30,2026-03-30,2740.0,PE,TCS26MAR2740PE,117.05,152.75,113.75,116.5,117.0,119.1,2694.9,116.5,66675,-3325,330,165530338.75,260,F1,175,,,,,
2026-02-18,2026-02-18,FO,NSE,STO,162319,,TCS,,2026-03-30,2026-03-30,2640.0,PE,TCS26MAR2640PE,75.2,100.6,68.5,70.2,70.0,75.05,2694.9,70.2,61775,12950,284,135375030.0,248,F1,175,,,,,
2026-02-18,2026-02-18,FO,NSE,STO,162315,,TCS,,2026-03-30,2026-03-30,2560.0,PE,TCS26MAR2560PE,51.0,69.15,42.8,44.75,44.0,49.65,2694.9,44.75,50575,3675,168,76706936.25,111,F1,175,,,,,
2026-02-18,2026-02-18,FO,NSE,STO,142191,,TCS,,2026-02-24,2026-02-24,3480.0,PE,TCS26FEB3480PE,0.0,0.0,0.0,688.0,688.0,688.0,2694.9,781.95,2275,0,0,0.0,0,F1,175,,,,,
2026-02-18,2026-02-18,FO,NSE,STO,142177,,TCS,,2026-02-24,2026-02-24,3200.0,PE,TCS26FEB3200PE,492.0,541.4,489.9,505.55,507.75,483.35,2694.9,505.55,348775,-19950,129,83921967.5,126,F1,175,,,,,
2026-02-18,2026-02-18,FO,NSE,STO,39587,,TCS,,2026-02-24,2026-02-24,2420.0,PE,TCS26FEB2420PE,5.05,5.05,1.65,1.95,2.45,0.05,2694.9,1.95,17500,17500,289,122510832.5,214,F1,175,,,,,
2026-02-18,2026-02-18,FO,NSE,STO,51040,,TCS,,2026-02-24,2026-02-24,2380.0,PE,TCS26FEB2380PE,1.9,2.8,1.1,1.55,1.75,1.85,2694.9,1.55,44100,-1400,486,202567636.25,372,F1,175,,,,,
2026-02-18,2026-02-18,FO,NSE,STO,162201,,TCS,,2026-02-24,2026-02-24,2200.0,PE,TCS26FEB2200PE,0.7,1.0,0.55,0.6,0.6,0.85,2694.9,0.6,49000,2975,200,77024815.0,117,F1,175,,,,,
2026-02-18,2026-02-18,FO,NSE,STO,170014,,TCS,,2026-04-28,2026-04-28,3680.0,CE,TCS26APR3680CE,0.0,0.0,0.0,23.15,0.0,23.15,2694.9,0.05,0,0,0,0.0,0,F1,175,,,,,
2026-02-18,2026-02-18,FO,NSE,STO,170012,,TCS,,2026-04-28,2026-04-28,3640.0,CE,TCS26APR3640CE,0.0,0.0,0.0,27.75,0.0,27.75,2694.9,0.1,0,0,0,0.0,0,F1,175,,,,,
2026-02-18,2026-02-18,FO,NSE,STO,170008,,TCS,,2026-04-28,2026-04-28,3560.0,CE,TCS26APR3560CE,0.0,0.0,0.0,39.4,0.0,39.4,2694.9,0.25,0,0,0,0.0,0,F1,175,,,,,
2026-02-18,2026-02-18,FO,NSE,STO,169998,,TCS,,2026-04-28,2026-04-28,3360.0,CE,TCS26APR3360CE,0.0,0.0,0.0,86.9,0.0,86.9,2694.9,1.5,0,0,0,0.0,0,F1,175,,,,,
2026-02-18,2026-02-18,FO,NSE,STO,169990,,TCS,,2026-04-28,2026-04-28,3200.0,CE,TCS26APR3200CE,0.0,0.0,0.0,150.25,0.0,150.25,2694.9,5.5,0,0,0,0.0,0,F1,175,,,,,
2026-02-18,2026-02-18,FO,NSE,STO,39598,,TCS,,2026-04-28,2026-04-28,2440.0,CE,TCS26APR2440CE,0.0,0.0,0.0,742.25,0.0,742.25,2694.9,295.8,0,0,0,0.0,0,F1,175,,,,,
2026-02-18,2026-02-18,FO,NSE,STO,169946,,TCS,,2026-04-28,2026-04-28,2240.0,CE,TCS26APR2240CE,0.0,0.0,0.0,952.4,0.0,952.4,2694.9,479.95,0,0,0,0.0,0,F1,175,,,,,
2026-02-18,2026-02-18,FO,NSE,STO,162374,,TCS,,2026-03-30,2026-03-30,3760.0,CE,TCS26MAR3760CE,0.0,0.0,0.0,25.5,0.0,25.5,2694.9,0.05,0,0,0,0.0,0,F1,175,,,,,
2026-02-18,2026-02-18,FO,NSE,STO,169904,,TCS,,2026-03-30,2026-03-30,3660.0,CE,TCS26MAR3660CE,0.0,0.0,0.0,11.4,0.0,11.4,2694.9,0.05,0,0,0,0.0,0,F1,175,,,,,
2026-02-18,2026-02-18,FO,NSE,STO,162368,,TCS,,2026-03-30,2026-03-30,3640.0,CE,TCS26MAR3640CE,0.0,0.0,0.0,42.7,0.0,42.7,2694.9,0.05,0,0,0,0.0,0,F1,175,,,,,
2026-02-18,2026-02-18,FO,NSE,STO,169902,,TCS,,2026-03-30,2026-03-30,3620.0,CE,TCS26MAR3620CE,0.0,0.0,0.0,14.5,0.0,14.5,2694.9,0.05,0,0,0,0.0,0,F1,175,,,,,
2026-02-18,2026-02-18,FO,NSE,STO,162362,,TCS,,2026-03-30,2026-03-30,3520.0,CE,TCS26MAR3520CE,3.2,3.4,2.15,2.55,2.55,3.9,2694.9,0.05,42175,3675,94,57944512.5,38,F1,175,,,,,
2026-02-18,2026-02-18,FO,NSE,STO,162334,,TCS,,2026-03-30,2026-03-30,2960.0,CE,TCS26MAR2960CE,34.8,34.8,23.4,26.3,26.2,39.5,2694.9,26.3,57050,9800,310,162126606.25,255,F1,175,,,,,
2026-02-18,2026-02-18,FO,NSE,STO,162326,,TCS,,2026-03-30,2026-03-30,2800.0,CE,TCS26MAR2800CE,85.05,87.3,58.0,63.35,63.6,87.25,2694.9,63.35,662200,114100,3364,1687318823.75,2557,F1,175,,,,,
2026-02-18,2026-02-18,FO,NSE,STO,169852,,TCS,,2026-03-30,2026-03-30,2620.0,CE,TCS26MAR2620CE,153.45,153.45,153.45,153.45,153.45,190.1,2694.9,153.45,2800,175,1,485353.75,1,F1,175,,,,,
2026-02-18,2026-02-18,FO,NSE,STO,162314,,TCS,,2026-03-30,2026-03-30,2560.0,CE,TCS26MAR2560CE,0.0,0.0,0.0,726.4,0.0,726.4,2694.9,174.2,0,0,0,0.0,0,F1,175,,,,,
2026-02-18,2026-02-18,FO,NSE,STO,169840,,TCS,,2026-03-30,2026-03-30,2280.0,CE,TCS26MAR2280CE,450.0,455.0,402.0,423.0,423.0,460.0,2694.9,429.15,8400,5075,36,17035436.25,23,F1,175,,,,,
2026-02-18,2026-02-18,FO,NSE,STO,142172,,TCS,,2026-02-24,2026-02-24,3120.0,CE,TCS26FEB3120CE,1.55,1.55,0.7,0.9,0.9,1.75,2694.9,0.9,204925,-26425,582,317871610.0,457,F1,175,,,,,
2026-02-18,2026-02-18,FO,NSE,STO,142170,,TCS,,2026-02-24,2026-02-24,3080.0,CE,TCS26FEB3080CE,2.0,2.0,1.0,1.2,1.15,2.3,2694.9,1.2,242375,-130900,1982,1068757270.0,1083,F1,175,,,,,
2026-02-18,2026-02-18,FO,NSE,STO,162216,,TCS,,2026-02-24,2026-02-24,2740.0,CE,TCS26FEB2740CE,45.9,45.9,19.4,23.9,24.05,43.9,2694.9,23.9,1041950,397600,15970,7727428590.0,11382,F1,175,,,,,
2026-02-18,2026-02-18,FO,NSE,STO,39588,,TCS,,2026-02-24,2026-02-24,2460.0,CE,TCS26FEB2460CE,0.0,0.0,0.0,245.9,245.9,245.9,2694.9,237.15,1225,0,0,0.0,0,F1,175,,,,,
2026-02-18,2026-02-18,FO,NSE,STO,162204,,TCS,,2026-02-24,2026-02-24,2360.0,CE,TCS26FEB2360CE,0.0,0.0,0.0,908.65,0.0,908.65,2694.9,337.05,0,0,0,0.0,0,F1,175,,,,,
2026-02-18,2026-02-18,FO,NSE,STF,59489,,TCS,,2026-02-24,2026-02-24,,,TCS26FEBFUT,2732.0,2732.0,2655.1,2693.4,2692.3,2718.7,2694.9,2693.4,21358050,-2316650,42829,20117530895.0,29591,F1,175,,,,,
2026-02-18,2026-02-18,FO,NSE,STO,169987,,TCS,,2026-04-28,2026-04-28,3120.0,PE,TCS26APR3120PE,0.0,0.0,0.0,142.0,142.0,142.0,2694.9,402.8,700,0,0,0.0,0,F1,175,,,,,
2026-02-18,2026-02-18,FO,NSE,STO,169985,,TCS,,2026-04-28,2026-04-28,3080.0,PE,TCS26APR3080PE,0.0,0.0,0.0,89.95,0.0,89.95,2694.9,366.45,0,0,0,0.0,0,F1,175,,,,,
2026-02-18,2026-02-18,FO,NSE,STO,142173,,TCS,,2026-02-24,2026-02-24,3120.0,PE,TCS26FEB3120PE,454.7,454.7,431.15,431.15,431.15,405.0,2694.9,422.3,219800,-1925,12,7487751.25,12,F1,175,,,,,
2026-02-18,2026-02-18,FO,NSE,STO,142175,,TCS,,2026-02-24,2026-02-24,3160.0,PE,TCS26FEB3160PE,500.0,501.8,466.0,471.0,471.0,444.0,2694.9,462.25,267575,-11725,76,48580262.5,74,F1,175,,,,,
2026-02-18,2026-02-18,FO,NSE,STO,51070,,TCS,,2026-03-30,2026-03-30,2380.0,PE,TCS26MAR2380PE,19.7,21.7,14.0,14.1,14.0,15.75,2694.9,14.1,2975,2450,20,8386516.25,11,F1,175,,,,,
2026-02-18,2026-02-18,FO,NSE,STO,169885,,TCS,,2026-03-30,2026-03-30,3260.0,PE,TCS26MAR3260PE,0.0,0.0,0.0,159.5,0.0,159.5,2694.9,545.95,0,0,0,0.0,0,F1,175,,,,,
2026-02-18,2026-02-18,FO,NSE,STO,169907,,TCS,,2026-03-30,2026-03-30,3700.0,PE,TCS26MAR3700PE,1016.0,1016.0,1002.0,1008.0,1008.0,512.2,2694.9,982.85,12950,12950,74,60954775.0,30,F1,175,,,,,
2026-02-18,2026-02-18,FO,NSE,STO,170004,,TCS,,2026-04-28,2026-04-28,3480.0,CE,TCS26APR3480CE,0.0,0.0,0.0,54.95,0.0,54.95,2694.9,0.5,0,0,0,0.0,0,F1,175,,,,,
2026-02-18,2026-02-18,FO,NSE,STO,51039,,TCS,,2026-02-24,2026-02-24,2380.0,CE,TCS26FEB2380CE,0.0,0.0,0.0,626.9,0.0,626.9,2694.9,317.05,0,0,0,0.0,0,F1,175,,,,,
2026-02-18,2026-02-18,FO,NSE,STO,142152,,TCS,,2026-02-24,2026-02-24,2720.0,CE,TCS26FEB2720CE,53.25,53.5,24.8,30.5,30.25,53.2,2694.9,30.5,218050,-152950,13688,6591999233.75,10876,F1,175,,,,,
2026-02-18,2026-02-18,FO,NSE,STO,142168,,TCS,,2026-02-24,2026-02-24,3040.0,CE,TCS26FEB3040CE,3.25,3.25,1.3,1.45,1.5,2.6,2694.9,1.45,568750,-156975,3302,1757571803.75,1894,F1,175,,,,,
2026-02-18,2026-02-18,FO,NSE,STO,162234,,TCS,,2026-02-24,2026-02-24,3100.0,CE,TCS26FEB3100CE,2.05,2.05,0.95,1.15,1.3,2.05,2694.9,1.15,1684375,-222775,7450,4043231946.25,2908,F1,175,,,,,
2026-02-18,2026-02-18,FO,NSE,STO,162316,,TCS,,2026-03-30,2026-03-30,2600.0,CE,TCS26MAR2600CE,181.2,191.35,155.0,164.4,164.7,194.1,2694.9,164.4,105875,40775,941,455098656.25,631,F1,175,,,,,
2026-02-18,2026-02-18,FO,NSE,STO,169872,,TCS,,2026-03-30,2026-03-30,3020.0,CE,TCS26MAR3020CE,29.0,29.0,17.2,18.55,18.85,29.55,2694.9,18.55,34825,525,259,137798150.0,184,F1,175,,,,,
2026-02-18,2026-02-18,FO,NSE,STO,169886,,TCS,,2026-03-30,2026-03-30,3300.0,CE,TCS26MAR3300CE,6.55,6.55,4.5,4.85,4.85,7.4,2694.9,4.85,236075,13300,501,289771326.25,379,F1,175,,,,,
2026-02-18,2026-02-18,FO,NSE,STO,162364,,TCS,,2026-03-30,2026-03-30,3560.0,CE,TCS26MAR3560CE,0.0,0.0,0.0,59.05,0.0,59.05,2694.9,0.05,0,0,0,0.0,0,F1,175,,,,,
2026-02-18,2026-02-18,FO,NSE,STO,162370,,TCS,,2026-03-30,2026-03-30,3680.0,CE,TCS26MAR3680CE,0.25,0.45,0.25,0.45,0.45,3.15,2694.9,0.05,5250,0,3,1932201.25,2,F1,175,,,,,
2026-02-18,2026-02-18,FO,NSE,STO,59091,,TCS,,2026-04-28,2026-04-28,2200.0,CE,TCS26APR2200CE,0.0,0.0,0.0,739.95,0.0,739.95,2694.9,518.75,0,0,0,0.0,0,F1,175,,,,,
2026-02-18,2026-02-18,FO,NSE,STO,169981,,TCS,,2026-04-28,2026-04-28,3000.0,PE,TCS26APR3000PE,320.9,330.0,320.9,325.0,325.0,314.0,2694.9,296.65,6475,875,5,2909532.5,5,F1,175,,,,,
2026-02-18,2026-02-18,FO,NSE,STO,169977,,TCS,,2026-04-28,2026-04-28,2920.0,PE,TCS26APR2920PE,0.0,0.0,0.0,42.0,0.0,42.0,2694.9,231.85,0,0,0,0.0,0,F1,175,,,,,
2026-02-18,2026-02-18,FO,NSE,STO,162331,,TCS,,2026-03-30,2026-03-30,2880.0,PE,TCS26MAR2880PE,0.0,0.0,0.0,188.5,188.5,188.5,2694.9,191.4,8925,0,0,0.0,0,F1,175,,,,,
2026-02-18,2026-02-18,FO,NSE,STO,51076,,TCS,,2026-04-28,2026-04-28,2280.0,PE,TCS26APR2280PE,0.0,0.0,0.0,0.95,0.0,0.95,2694.9,3.05,0,0,0,0.0,0,F1,175,,,,,
2026-02-18,2026-02-18,FO,NSE,STO,59084,,TCS,,2026-02-24,2026-02-24,2180.0,PE,TCS26FEB2180PE,0.8,0.9,0.4,0.55,0.4,0.85,2694.9,0.55,14875,3150,75,28620996.25,70,F1,175,,,,,
2026-02-18,2026-02-18,FO,NSE,STO,162217,,TCS,,2026-02-24,2026-02-24,2740.0,PE,TCS26FEB2740PE,65.05,105.0,62.05,70.25,71.8,65.1,2694.9,70.25,222425,-76475,2526,1246810398.75,2031,F1,175,,,,,
2026-02-18,2026-02-18,FO,NSE,STO,142202,,TCS,,2026-02-24,2026-02-24,3720.0,CE,TCS26FEB3720CE,0.6,0.6,0.3,0.3,0.3,0.5,2694.9,0.3,30800,-525,22,14324126.25,11,F1,175,,,,,
2026-02-18,2026-02-18,FO,NSE,STO,59087,,TCS,,2026-03-30,2026-03-30,2180.0,CE,TCS26MAR2180CE,0.0,0.0,0.0,748.05,0.0,748.05,2694.9,528.1,0,0,0,0.0,0,F1,175,,,,,
2026-02-18,2026-02-18,FO,NSE,STO,162304,,TCS,,2026-03-30,2026-03-30,2240.0,CE,TCS26MAR2240CE,0.0,0.0,0.0,1040.0,0.0,1040.0,2694.9,468.65,0,0,0,0.0,0,F1,175,,,,,
2026-02-18,2026-02-18,FO,NSE,STO,169842,,TCS,,2026-03-30,2026-03-30,2360.0,CE,TCS26MAR2360CE,0.0,0.0,0.0,822.75,0.0,822.75,2694.9,351.2,0,0,0,0.0,0,F1,175,,,,,
2026-02-18,2026-02-18,FO,NSE,STO,169860,,TCS,,2026-03-30,2026-03-30,2780.0,CE,TCS26MAR2780CE,89.95,93.0,64.6,70.95,71.0,95.85,2694.9,70.95,52675,7700,205,102400585.0,176,F1,175,,,,,
2026-02-18,2026-02-18,FO,NSE,STO,169960,,TCS,,2026-04-28,2026-04-28,2600.0,CE,TCS26APR2600CE,200.0,209.0,200.0,208.7,207.7,230.15,2694.9,208.7,5250,700,16,7854813.75,16,F1,175,,,,,
2026-02-18,2026-02-18,FO,NSE,STO,169972,,TCS,,2026-04-28,2026-04-28,2840.0,CE,TCS26APR2840CE,0.0,0.0,0.0,388.2,0.0,388.2,2694.9,57.95,0,0,0,0.0,0,F1,175,,,,,
2026-02-18,2026-02-18,FO,NSE,STO,54131,,TCS,,2026-02-24,2026-02-24,2260.0,PE,TCS26FEB2260PE,1.45,1.45,1.45,1.45,1.45,0.05,2694.9,1.45,175,175,1,395753.75,1,F1,175,,,,,
2026-02-18,2026-02-18,FO,NSE,STO,37061,,TCS,,2026-02-24,2026-02-24,2500.0,PE,TCS26FEB2500PE,5.45,9.75,3.2,4.05,4.6,5.8,2694.9,4.05,456925,-20825,6437,2822164485.0,4075,F1,175,,,,,
2026-02-18,2026-02-18,FO,NSE,STO,142143,,TCS,,2026-02-24,2026-02-24,2520.0,PE,TCS26FEB2520PE,6.45,12.0,3.9,4.95,5.4,6.85,2694.9,4.95,144200,-5950,2088,923180125.0,1405,F1,175,,,,,
2026-02-18,2026-02-18,FO,NSE,STO,162215,,TCS,,2026-02-24,2026-02-24,2700.0,PE,TCS26FEB2700PE,45.05,77.8,41.25,45.3,46.55,45.1,2694.9,45.3,603050,-29750,16839,8118587636.25,13500,F1,175,,,,,
2026-02-18,2026-02-18,FO,NSE,STO,162259,,TCS,,2026-02-24,2026-02-24,3580.0,PE,TCS26FEB3580PE,0.0,0.0,0.0,327.55,0.0,327.55,2694.9,881.85,0,0,0,0.0,0,F1,175,,,,,
2026-02-18,2026-02-18,FO,NSE,STO,142209,,TCS,,2026-02-24,2026-02-24,3840.0,PE,TCS26FEB3840PE,1170.0,1182.0,1146.0,1146.2,1146.0,825.95,2694.9,1146.2,19600,-26775,188,164536548.75,27,F1,175,,,,,
2026-02-18,2026-02-18,FO,NSE,STO,51056,,TCS,,2026-03-30,2026-03-30,2300.0,PE,TCS26MAR2300PE,11.0,15.45,7.8,8.4,8.9,12.35,2694.9,8.4,62650,53900,718,290318385.0,541,F1,175,,,,,
2026-02-18,2026-02-18,FO,NSE,STO,162307,,TCS,,2026-03-30,2026-03-30,2320.0,PE,TCS26MAR2320PE,14.05,17.0,9.1,9.75,10.15,13.15,2694.9,9.75,77525,-4200,178,72674490.0,135,F1,175,,,,,
2026-02-18,2026-02-18,FO,NSE,STO,169843,,TCS,,2026-03-30,2026-03-30,2360.0,PE,TCS26MAR2360PE,15.4,22.3,11.8,13.05,13.35,16.2,2694.9,13.05,42875,24850,1003,417229513.75,508,F1,175,,,,,
2026-02-18,2026-02-18,FO,NSE,STO,162333,,TCS,,2026-03-30,2026-03-30,2920.0,PE,TCS26MAR2920PE,230.0,230.0,230.0,230.0,230.0,230.0,2694.9,224.35,2975,175,1,551250.0,1,F1,175,,,,,
2026-02-18,2026-02-18,FO,NSE,STO,169877,,TCS,,2026-03-30,2026-03-30,3100.0,PE,TCS26MAR3100PE,416.0,430.0,399.0,400.9,402.0,379.1,2694.9,400.9,103250,-525,25,15380015.0,20,F1,175,,,,,
2026-02-18,2026-02-18,FO,NSE,STO,169881,,TCS,,2026-03-30,2026-03-30,3180.0,PE,TCS26MAR3180PE,0.0,0.0,0.0,480.05,480.05,480.05,2694.9,467.15,350,0,0,0.0,0,F1,175,,,,,
2026-02-18,2026-02-18,FO,NSE,STO,162369,,TCS,,2026-03-30,2026-03-30,3640.0,PE,TCS26MAR3640PE,940.0,941.0,933.0,933.0,933.0,382.0,2694.9,923.25,1750,1750,10,8005375.0,5,F1,175,,,,,
2026-02-18,2026-02-18,FO,NSE,STO,169961,,TCS,,2026-04-28,2026-04-28,2600.0,PE,TCS26APR2600PE,0.0,0.0,0.0,4.8,0.0,4.8,2694.9,51.9,0,0,0,0.0,0,F1,175,,,,,
2026-02-18,2026-02-18,FO,NSE,STO,142160,,TCS,,2026-02-24,2026-02-24,2880.0,CE,TCS26FEB2880CE,10.0,10.05,3.6,4.6,4.85,10.0,2694.9,4.6,378875,-88200,3188,1609582765.0,2042,F1,175,,,,,
2026-02-18,2026-02-18,FO,NSE,STO,162218,,TCS,,2026-02-24,2026-02-24,2780.0,CE,TCS26FEB2780CE,25.0,31.0,11.7,14.2,14.85,29.1,2694.9,14.2,299950,-34475,7798,3814557915.0,5764,F1,175,,,,,
2026-02-18,2026-02-18,FO,NSE,STO,162224,,TCS,,2026-02-24,2026-02-24,2900.0,CE,TCS26FEB2900CE,8.75,8.8,3.15,3.9,4.1,8.4,2694.9,3.9,1336650,12250,11331,5759093471.25,6717,F1,175,,,,,
2026-02-18,2026-02-18,FO,NSE,STO,162226,,TCS,,2026-02-24,2026-02-24,2940.0,CE,TCS26FEB2940CE,5.95,6.0,2.4,2.9,3.05,6.05,2694.9,2.9,526225,138950,4740,2441253185.0,2937,F1,175,,,,,
2026-02-18,2026-02-18,FO,NSE,STO,142182,,TCS,,2026-02-24,2026-02-24,3320.0,CE,TCS26FEB3320CE,0.45,0.55,0.25,0.35,0.3,0.75,2694.9,0.35,114800,3325,146,84837016.25,96,F1,175,,,,,
2026-02-18,2026-02-18,FO,NSE,STO,162246,,TCS,,2026-02-24,2026-02-24,3340.0,CE,TCS26FEB3340CE,0.6,0.6,0.25,0.5,0.45,0.75,2694.9,0.5,59325,-2275,82,47935720.0,70,F1,175,,,,,
2026-02-18,2026-02-18,FO,NSE,STO,142196,,TCS,,2026-02-24,2026-02-24,3600.0,CE,TCS26FEB3600CE,0.3,0.4,0.25,0.35,0.35,0.35,2694.9,0.35,181475,-15400,146,91988417.5,51,F1,175,,,,,
2026-02-18,2026-02-18,FO,NSE,STO,162264,,TCS,,2026-02-24,2026-02-24,3700.0,CE,TCS26FEB3700CE,1.1,1.1,0.35,0.4,0.35,0.75,2694.9,0.4,9625,4375,30,19428552.5,21,F1,175,,,,,
2026-02-18,2026-02-18,FO,NSE,STO,169955,,TCS,,2026-04-28,2026-04-28,2480.0,PE,TCS26APR2480PE,0.0,0.0,0.0,1.6,0.0,1.6,2694.9,21.9,0,0,0,0.0,0,F1,175,,,,,
2026-02-18,2026-02-18,FO,NSE,STO,162209,,TCS,,2026-02-24,2026-02-24,2580.0,PE,TCS26FEB2580PE,12.25,23.5,8.2,9.55,10.55,12.25,2694.9,9.55,233975,17150,4349,1973685700.0,3073,F1,175,,,,,
2026-02-18,2026-02-18,FO,NSE,STO,51034,,TCS,,2026-02-24,2026-02-24,2300.0,PE,TCS26FEB2300PE,1.15,1.65,0.7,0.95,0.95,1.15,2694.9,0.95,141400,19775,1229,494929995.0,798,F1,175,,,,,
2026-02-18,2026-02-18,FO,NSE,STO,142099,,TCS,,2026-02-24,2026-02-24,2240.0,PE,TCS26FEB2240PE,0.0,0.0,0.0,0.2,0.0,0.2,2694.9,0.05,0,0,0,0.0,0,F1,175,,,,,
2026-02-18,2026-02-18,FO,NSE,STO,54129,,TCS,,2026-02-24,2026-02-24,2220.0,PE,TCS26FEB2220PE,0.0,0.0,0.0,0.05,0.0,0.05,2694.9,0.05,0,0,0,0.0,0,F1,175,,,,,
2026-02-18,2026-02-18,FO,NSE,STO,170006,,TCS,,2026-04-28,2026-04-28,3520.0,CE,TCS26APR3520CE,0.0,0.0,0.0,46.6,0.0,46.6,2694.9,0.35,0,0,0,0.0,0,F1,175,,,,,
2026-02-18,2026-02-18,FO,NSE,STO,170003,,TCS,,2026-04-28,2026-04-28,3440.0,PE,TCS26APR3440PE,0.0,0.0,0.0,293.5,0.0,293.5,2694.9,710.25,0,0,0,0.0,0,F1,175,,,,,
2026-02-18,2026-02-18,FO,NSE,STO,169994,,TCS,,2026-04-28,2026-04-28,3280.0,CE,TCS26APR3280CE,0.0,0.0,0.0,115.4,0.0,115.4,2694.9,2.95,0,0,0,0.0,0,F1,175,,,,,
2026-02-18,2026-02-18,FO,NSE,STO,142102,,TCS,,2026-02-24,2026-02-24,2400.0,CE,TCS26FEB2400CE,0.0,0.0,0.0,341.0,341.0,341.0,2694.9,297.05,700,0,0,0.0,0,F1,175,,,,,
2026-02-18,2026-02-18,FO,NSE,STO,169996,,TCS,,2026-04-28,2026-04-28,3320.0,CE,TCS26APR3320CE,0.0,0.0,0.0,100.4,0.0,100.4,2694.9,2.1,0,0,0,0.0,0,F1,175,,,,,
2026-02-18,2026-02-18,FO,NSE,STO,169986,,TCS,,2026-04-28,2026-04-28,3120.0,CE,TCS26APR3120CE,0.0,0.0,0.0,191.8,0.0,191.8,2694.9,10.0,0,0,0,0.0,0,F1,175,,,,,
2026-02-18,2026-02-18,FO,NSE,STO,169980,,TCS,,2026-04-28,2026-04-28,3000.0,CE,TCS26APR3000CE,57.05,57.05,44.45,49.4,49.5,63.35,2694.9,49.4,47775,7700,141,75246710.0,124,F1,175,,,,,
2026-02-18,2026-02-18,FO,NSE,STO,169974,,TCS,,2026-04-28,2026-04-28,2880.0,CE,TCS26APR2880CE,0.0,0.0,0.0,355.8,0.0,355.8,2694.9,46.55,0,0,0,0.0,0,F1,175,,,,,
2026-02-18,2026-02-18,FO,NSE,STO,169968,,TCS,,2026-04-28,2026-04-28,2760.0,CE,TCS26APR2760CE,0.0,0.0,0.0,456.3,0.0,456.3,2694.9,87.15,0,0,0,0.0,0,F1,175,,,,,
2026-02-18,2026-02-18,FO,NSE,STO,51077,,TCS,,2026-04-28,2026-04-28,2360.0,CE,TCS26APR2360CE,0.0,0.0,0.0,675.15,0.0,675.15,2694.9,366.7,0,0,0,0.0,0,F1,175,,,,,
2026-02-18,2026-02-18,FO,NSE,STO,162366,,TCS,,2026-03-30,2026-03-30,3600.0,CE,TCS26MAR3600CE,0.0,0.0,0.0,50.3,0.0,50.3,2694.9,0.05,0,0,0,0.0,0,F1,175,,,,,
2026-02-18,2026-02-18,FO,NSE,STO,169894,,TCS,,2026-03-30,2026-03-30,3460.0,CE,TCS26MAR3460CE,0.0,0.0,0.0,35.55,0.0,35.55,2694.9,0.05,0,0,0,0.0,0,F1,175,,,,,
2026-02-18,2026-02-18,FO,NSE,STO,169884,,TCS,,2026-03-30,2026-03-30,3260.0,CE,TCS26MAR3260CE,6.4,6.4,4.7,5.95,5.85,9.15,2694.9,5.95,12075,2450,40,22860206.25,35,F1,175,,,,,
2026-02-18,2026-02-18,FO,NSE,STO,169880,,TCS,,2026-03-30,2026-03-30,3180.0,CE,TCS26MAR3180CE,12.25,12.25,7.7,8.3,8.3,12.25,2694.9,1.15,16100,3150,35,19533158.75,27,F1,175,,,,,
2026-02-18,2026-02-18,FO,NSE,STO,169878,,TCS,,2026-03-30,2026-03-30,3140.0,CE,TCS26MAR3140CE,13.85,13.85,9.05,9.2,9.2,15.7,2694.9,9.2,21000,2275,43,23712998.75,38,F1,175,,,,,
2026-02-18,2026-02-18,FO,NSE,STO,169870,,TCS,,2026-03-30,2026-03-30,2980.0,CE,TCS26MAR2980CE,34.0,35.0,21.0,23.6,23.55,36.0,2694.9,23.6,28000,-1050,210,110473816.25,189,F1,175,,,,,
2026-02-18,2026-02-18,FO,NSE,STO,142198,,TCS,,2026-02-24,2026-02-24,3640.0,CE,TCS26FEB3640CE,0.25,0.45,0.15,0.2,0.15,0.4,2694.9,0.2,6125,0,15,9555525.0,14,F1,175,,,,,
2026-02-18,2026-02-18,FO,NSE,STO,162260,,TCS,,2026-02-24,2026-02-24,3620.0,CE,TCS26FEB3620CE,0.0,0.0,0.0,21.8,0.0,21.8,2694.9,0.05,0,0,0,0.0,0,F1,175,,,,,
2026-02-18,2026-02-18,FO,NSE,STO,162222,,TCS,,2026-02-24,2026-02-24,2860.0,CE,TCS26FEB2860CE,11.5,12.2,4.35,5.45,5.8,12.2,2694.9,5.45,600075,-96600,4189,2101047165.0,2618,F1,175,,,,,
2026-02-18,2026-02-18,FO,NSE,STO,142154,,TCS,,2026-02-24,2026-02-24,2760.0,CE,TCS26FEB2760CE,41.05,41.05,15.2,18.45,18.55,35.75,2694.9,18.45,388150,-54425,11337,5515489052.5,8807,F1,175,,,,,
2026-02-18,2026-02-18,FO,NSE,STO,142148,,TCS,,2026-02-24,2026-02-24,2640.0,CE,TCS26FEB2640CE,95.05,99.35,58.9,74.4,74.45,102.05,2694.9,74.4,92050,18725,1762,835975140.0,1557,F1,175,,,,,
2026-02-18,2026-02-18,FO,NSE,STO,51035,,TCS,,2026-02-24,2026-02-24,2340.0,CE,TCS26FEB2340CE,0.0,0.0,0.0,666.75,0.0,666.75,2694.9,357.0,0,0,0,0.0,0,F1,175,,,,,
2026-02-18,2026-02-18,FO,NSE,STO,162359,,TCS,,2026-03-30,2026-03-30,3440.0,PE,TCS26MAR3440PE,0.0,0.0,0.0,200.0,200.0,200.0,2694.9,724.45,5250,0,0,0.0,0,F1,175,,,,,
2026-02-18,2026-02-18,FO,NSE,STO,162233,,TCS,,2026-02-24,2026-02-24,3060.0,PE,TCS26FEB3060PE,400.75,404.3,368.0,373.8,373.8,340.4,2694.9,362.35,248150,-2450,27,16300453.75,21,F1,175,,,,,
2026-02-18,2026-02-18,FO,NSE,STO,142181,,TCS,,2026-02-24,2026-02-24,3280.0,PE,TCS26FEB3280PE,591.0,591.0,591.0,591.0,591.0,566.0,2694.9,582.15,121625,-175,2,1354850.0,2,F1,175,,,,,
2026-02-18,2026-02-18,FO,NSE,STO,142185,,TCS,,2026-02-24,2026-02-24,3360.0,PE,TCS26FEB3360PE,681.0,681.0,665.0,665.0,665.0,672.0,2694.9,665.0,17850,-525,8,5641580.0,8,F1,175,,,,,
2026-02-18,2026-02-18,FO,NSE,STO,162249,,TCS,,2026-02-24,2026-02-24,3380.0,PE,TCS26FEB3380PE,0.0,0.0,0.0,258.0,258.0,258.0,2694.9,682.05,175,0,0,0.0,0,F1,175,,,,,
2026-02-18,2026-02-18,FO,NSE,STO,142193,,TCS,,2026-02-24,2026-02-24,3520.0,PE,TCS26FEB3520PE,830.0,831.25,830.0,831.25,831.25,795.0,2694.9,821.9,13825,-350,2,1522718.75,2,F1,175,,,,,
2026-02-18,2026-02-18,FO,NSE,STO,162265,,TCS,,2026-02-24,2026-02-24,3700.0,PE,TCS26FEB3700PE,0.0,0.0,0.0,432.5,0.0,432.5,2694.9,1001.75,0,0,0,0.0,0,F1,175,,,,,
2026-02-18,2026-02-18,FO,NSE,STO,162309,,TCS,,2026-03-30,2026-03-30,2400.0,PE,TCS26MAR2400PE,23.2,29.1,15.85,16.7,17.35,20.6,2694.9,16.7,160650,66500,1282,543149810.0,940,F1,175,,,,,
2026-02-18,2026-02-18,FO,NSE,STO,169847,,TCS,,2026-03-30,2026-03-30,2500.0,PE,TCS26MAR2500PE,36.7,51.0,29.5,31.2,31.95,36.05,2694.9,31.2,255150,61775,2024,899336558.75,1412,F1,175,,,,,
2026-02-18,2026-02-18,FO,NSE,STO,169865,,TCS,,2026-03-30,2026-03-30,2860.0,PE,TCS26MAR2860PE,197.0,200.0,197.0,200.0,200.0,188.55,2694.9,175.65,19425,0,3,1605625.0,3,F1,175,,,,,
2026-02-18,2026-02-18,FO,NSE,STO,169869,,TCS,,2026-03-30,2026-03-30,2940.0,PE,TCS26MAR2940PE,260.85,260.85,255.65,255.65,255.65,218.0,2694.9,255.65,5950,175,2,1119387.5,2,F1,175,,,,,
2026-02-18,2026-02-18,FO,NSE,STO,169887,,TCS,,2026-03-30,2026-03-30,3300.0,PE,TCS26MAR3300PE,600.0,620.0,587.65,588.1,588.5,566.0,2694.9,588.1,71225,34125,238,162437590.0,95,F1,175,,,,,
2026-02-18,2026-02-18,FO,NSE,STO,169905,,TCS,,2026-03-30,2026-03-30,3660.0,PE,TCS26MAR3660PE,0.0,0.0,0.0,475.1,0.0,475.1,2694.9,943.1,0,0,0,0.0,0,F1,175,,,,,
2026-02-18,2026-02-18,FO,NSE,STO,170011,,TCS,,2026-04-28,2026-04-28,3600.0,PE,TCS26APR3600PE,0.0,0.0,0.0,420.0,0.0,420.0,2694.9,868.05,0,0,0,0.0,0,F1,175,,,,,
2026-02-18,2026-02-18,FO,NSE,STO,170001,,TCS,,2026-04-28,2026-04-28,3400.0,PE,TCS26APR3400PE,0.0,0.0,0.0,264.8,0.0,264.8,2694.9,671.0,0,0,0,0.0,0,F1,175,,,,,
2026-02-18,2026-02-18,FO,NSE,STO,169995,,TCS,,2026-04-28,2026-04-28,3280.0,PE,TCS26APR3280PE,0.0,0.0,0.0,187.15,0.0,187.15,2694.9,554.1,0,0,0,0.0,0,F1,175,,,,,
2026-02-18,2026-02-18,FO,NSE,STO,169983,,TCS,,2026-04-28,2026-04-28,3040.0,PE,TCS26APR3040PE,0.0,0.0,0.0,75.55,0.0,75.55,2694.9,331.05,0,0,0,0.0,0,F1,175,,,,,
2026-02-18,2026-02-18,FO,NSE,STO,169973,,TCS,,2026-04-28,2026-04-28,2840.0,PE,TCS26APR2840PE,0.0,0.0,0.0,26.7,0.0,26.7,2694.9,173.7,0,0,0,0.0,0,F1,175,,,,,
2026-02-18,2026-02-18,FO,NSE,STO,169911,,TCS,,2026-03-30,2026-03-30,3780.0,PE,TCS26MAR3780PE,0.0,0.0,0.0,587.75,0.0,587.75,2694.9,1062.4,0,0,0,0.0,0,F1,175,,,,,
2026-02-18,2026-02-18,FO,NSE,STO,169909,,TCS,,2026-03-30,2026-03-30,3740.0,PE,TCS26MAR3740PE,0.0,0.0,0.0,549.75,0.0,549.75,2694.9,1022.65,0,0,0,0.0,0,F1,175,,,,,
2026-02-18,2026-02-18,FO,NSE,STO,162363,,TCS,,2026-03-30,2026-03-30,3520.0,PE,TCS26MAR3520PE,0.0,0.0,0.0,289.8,0.0,289.8,2694.9,803.95,0,0,0,0.0,0,F1,175,,,,,
2026-02-18,2026-02-18,FO,NSE,STO,162351,,TCS,,2026-03-30,2026-03-30,3280.0,PE,TCS26MAR3280PE,0.0,0.0,0.0,169.35,169.35,169.35,2694.9,565.7,175,0,0,0.0,0,F1,175,,,,,
2026-02-18,2026-02-18,FO,NSE,STO,169867,,TCS,,2026-03-30,2026-03-30,2900.0,PE,TCS26MAR2900PE,229.0,265.0,220.0,224.9,228.1,216.7,2694.9,224.9,271075,85575,736,403671196.25,335,F1,175,,,,,
2026-02-18,2026-02-18,FO,NSE,STO,162323,,TCS,,2026-03-30,2026-03-30,2720.0,PE,TCS26MAR2720PE,108.0,141.15,103.75,105.2,106.0,109.35,2694.9,105.2,68775,28525,319,158242385.0,300,F1,175,,,,,
2026-02-18,2026-02-18,FO,NSE,STO,162321,,TCS,,2026-03-30,2026-03-30,2680.0,PE,TCS26MAR2680PE,91.9,117.95,84.0,86.65,87.65,90.8,2694.9,86.65,59500,23450,309,150137251.25,278,F1,175,,,,,
2026-02-18,2026-02-18,FO,NSE,STO,169841,,TCS,,2026-03-30,2026-03-30,2280.0,PE,TCS26MAR2280PE,9.55,13.3,6.5,7.6,7.9,10.7,2694.9,7.6,81550,-700,255,102178230.0,195,F1,175,,,,,
2026-02-18,2026-02-18,FO,NSE,STO,59088,,TCS,,2026-03-30,2026-03-30,2180.0,PE,TCS26MAR2180PE,0.0,0.0,0.0,0.05,0.0,0.05,2694.9,0.1,0,0,0,0.0,0,F1,175,,,,,
2026-02-18,2026-02-18,FO,NSE,STO,162271,,TCS,,2026-02-24,2026-02-24,3820.0,PE,TCS26FEB3820PE,0.0,0.0,0.0,544.1,0.0,544.1,2694.9,1121.65,0,0,0,0.0,0,F1,175,,,,,
2026-02-18,2026-02-18,FO,NSE,STO,162269,,TCS,,2026-02-24,2026-02-24,3780.0,PE,TCS26FEB3780PE,0.0,0.0,0.0,506.35,0.0,506.35,2694.9,1081.7,0,0,0,0.0,0,F1,175,,,,,
2026-02-18,2026-02-18,FO,NSE,STO,162267,,TCS,,2026-02-24,2026-02-24,3740.0,PE,TCS26FEB3740PE,0.0,0.0,0.0,469.1,0.0,469.1,2694.9,1041.7,0,0,0,0.0,0,F1,175,,,,,
2026-02-18,2026-02-18,FO,NSE,STO,142201,,TCS,,2026-02-24,2026-02-24,3680.0,PE,TCS26FEB3680PE,0.0,0.0,0.0,947.0,947.0,947.0,2694.9,981.75,3500,0,0,0.0,0,F1,175,,,,,
2026-02-18,2026-02-18,FO,NSE,STO,162253,,TCS,,2026-02-24,2026-02-24,3460.0,PE,TCS26FEB3460PE,800.0,800.0,771.1,771.2,771.2,472.2,2694.9,761.95,2100,-175,4,2967142.5,4,F1,175,,,,,
2026-02-18,2026-02-18,FO,NSE,STO,142187,,TCS,,2026-02-24,2026-02-24,3400.0,PE,TCS26FEB3400PE,697.05,735.2,690.6,706.25,707.45,681.5,2694.9,706.25,265650,-10675,128,92147798.75,52,F1,175,,,,,
2026-02-18,2026-02-18,FO,NSE,STO,162227,,TCS,,2026-02-24,2026-02-24,2940.0,PE,TCS26FEB2940PE,228.6,286.0,226.1,248.75,248.4,228.6,2694.9,248.75,141225,-14875,138,77224332.5,89,F1,175,,,,,
2026-02-18,2026-02-18,FO,NSE,STO,142159,,TCS,,2026-02-24,2026-02-24,2840.0,PE,TCS26FEB2840PE,144.9,190.5,136.6,154.95,154.5,136.5,2694.9,154.95,189875,-3325,317,166722193.75,202,F1,175,,,,,
2026-02-18,2026-02-18,FO,NSE,STO,142153,,TCS,,2026-02-24,2026-02-24,2720.0,PE,TCS26FEB2720PE,53.1,90.6,51.55,56.75,58.7,54.8,2694.9,56.75,141750,-66850,4417,2153127900.0,3518,F1,175,,,,,
2026-02-18,2026-02-18,FO,NSE,STO,142194,,TCS,,2026-02-24,2026-02-24,3560.0,CE,TCS26FEB3560CE,0.3,0.3,0.3,0.3,0.3,0.6,2694.9,0.05,14525,-1400,10,6230525.0,4,F1,175,,,,,
2026-02-18,2026-02-18,FO,NSE,STO,170002,,TCS,,2026-04-28,2026-04-28,3440.0,CE,TCS26APR3440CE,0.0,0.0,0.0,64.2,0.0,64.2,2694.9,0.75,0,0,0,0.0,0,F1,175,,,,,
2026-02-18,2026-02-18,FO,NSE,STO,169992,,TCS,,2026-04-28,2026-04-28,3240.0,CE,TCS26APR3240CE,0.0,0.0,0.0,132.0,0.0,132.0,2694.9,4.05,0,0,0,0.0,0,F1,175,,,,,
2026-02-18,2026-02-18,FO,NSE,STO,142166,,TCS,,2026-02-24,2026-02-24,3000.0,CE,TCS26FEB3000CE,3.9,3.9,1.7,1.95,2.05,3.9,2694.9,1.95,3012450,-152250,14707,7726686266.25,6016,F1,175,,,,,
2026-02-18,2026-02-18,FO,NSE,STO,142137,,TCS,,2026-02-24,2026-02-24,2480.0,CE,TCS26FEB2480CE,0.0,0.0,0.0,250.45,250.45,250.45,2694.9,217.15,1575,0,0,0.0,0,F1,175,,,,,
2026-02-18,2026-02-18,FO,NSE,STO,162200,,TCS,,2026-02-24,2026-02-24,2200.0,CE,TCS26FEB2200CE,0.0,0.0,0.0,1067.15,0.0,1067.15,2694.9,496.9,0,0,0,0.0,0,F1,175,,,,,
2026-02-18,2026-02-18,FO,NSE,STF,52054,,TCS,,2026-03-30,2026-03-30,,,TCS26MARFUT,2745.0,2745.0,2668.8,2705.6,2706.0,2732.2,2694.9,2705.6,9393125,3371200,26261,12402572017.5,15873,F1,175,,,,,
2026-02-18,2026-02-18,FO,NSE,STO,170015,,TCS,,2026-04-28,2026-04-28,3680.0,PE,TCS26APR3680PE,0.0,0.0,0.0,488.8,0.0,488.8,2694.9,947.1,0,0,0,0.0,0,F1,175,,,,,
2026-02-18,2026-02-18,FO,NSE,STO,169997,,TCS,,2026-04-28,2026-04-28,3320.0,PE,TCS26APR3320PE,0.0,0.0,0.0,211.55,0.0,211.55,2694.9,592.85,0,0,0,0.0,0,F1,175,,,,,
2026-02-18,2026-02-18,FO,NSE,STO,169991,,TCS,,2026-04-28,2026-04-28,3200.0,PE,TCS26APR3200PE,0.0,0.0,0.0,180.0,180.0,180.0,2694.9,477.5,525,0,0,0.0,0,F1,175,,,,,
2026-02-18,2026-02-18,FO,NSE,STO,169969,,TCS,,2026-04-28,2026-04-28,2760.0,PE,TCS26APR2760PE,0.0,0.0,0.0,16.05,0.0,16.05,2694.9,123.7,0,0,0,0.0,0,F1,175,,,,,
2026-02-18,2026-02-18,FO,NSE,STO,162371,,TCS,,2026-03-30,2026-03-30,3680.0,PE,TCS26MAR3680PE,0.0,0.0,0.0,414.85,0.0,414.85,2694.9,963.0,0,0,0,0.0,0,F1,175,,,,,
2026-02-18,2026-02-18,FO,NSE,STO,162349,,TCS,,2026-03-30,2026-03-30,3240.0,PE,TCS26MAR3240PE,548.55,548.55,540.9,541.45,541.45,430.0,2694.9,526.2,5775,175,3,1986407.5,3,F1,175,,,,,
2026-02-18,2026-02-18,FO,NSE,STO,162343,,TCS,,2026-03-30,2026-03-30,3120.0,PE,TCS26MAR3120PE,399.0,451.0,399.0,416.2,416.2,399.0,2694.9,408.65,169400,350,44,27313798.75,39,F1,175,,,,,
2026-02-18,2026-02-18,FO,NSE,STO,169875,,TCS,,2026-03-30,2026-03-30,3060.0,PE,TCS26MAR3060PE,360.0,360.0,360.0,360.0,360.0,350.0,2694.9,360.0,4375,525,3,1795500.0,1,F1,175,,,,,
2026-02-18,2026-02-18,FO,NSE,STO,162327,,TCS,,2026-03-30,2026-03-30,2800.0,PE,TCS26MAR2800PE,153.0,190.0,150.4,153.25,154.55,152.5,2694.9,153.25,359625,7525,306,158757410.0,240,F1,175,,,,,
2026-02-18,2026-02-18,FO,NSE,STO,169857,,TCS,,2026-03-30,2026-03-30,2700.0,PE,TCS26MAR2700PE,95.0,131.2,93.3,96.0,97.0,99.9,2694.9,96.0,422625,107800,2178,1070641153.75,1823,F1,175,,,,,
2026-02-18,2026-02-18,FO,NSE,STO,52206,,TCS,,2026-03-30,2026-03-30,2440.0,PE,TCS26MAR2440PE,25.25,34.0,19.95,21.3,22.3,25.6,2694.9,21.3,140525,14000,220,94919273.75,182,F1,175,,,,,
2026-02-18,2026-02-18,FO,NSE,STO,39593,,TCS,,2026-03-30,2026-03-30,2420.0,PE,TCS26MAR2420PE,21.95,31.85,18.65,19.3,19.3,22.45,2694.9,19.3,12425,9975,88,37627537.5,73,F1,175,,,,,
2026-02-18,2026-02-18,FO,NSE,STO,142205,,TCS,,2026-02-24,2026-02-24,3760.0,PE,TCS26FEB3760PE,1060.0,1060.0,1060.0,1060.0,1060.0,1110.0,2694.9,1061.7,4200,-175,1,843500.0,1,F1,175,,,,,
2026-02-18,2026-02-18,FO,NSE,STO,162255,,TCS,,2026-02-24,2026-02-24,3500.0,PE,TCS26FEB3500PE,787.0,835.0,787.0,809.25,809.25,755.05,2694.9,809.25,36575,-4025,26,19672275.0,23,F1,175,,,,,
2026-02-18,2026-02-18,FO,NSE,STO,162235,,TCS,,2026-02-24,2026-02-24,3100.0,PE,TCS26FEB3100PE,397.1,440.0,382.85,408.2,410.75,383.7,2694.9,408.2,249550,-32900,271,166512421.25,254,F1,175,,,,,
2026-02-18,2026-02-18,FO,NSE,STO,162225,,TCS,,2026-02-24,2026-02-24,2900.0,PE,TCS26FEB2900PE,189.5,248.35,188.0,210.05,211.4,189.5,2694.9,210.05,595700,-23275,702,383072200.0,268,F1,175,,,,,
2026-02-18,2026-02-18,FO,NSE,STO,170020,,TCS,,2026-04-28,2026-04-28,3800.0,CE,TCS26APR3800CE,0.0,0.0,0.0,13.1,0.0,13.1,2694.9,0.05,0,0,0,0.0,0,F1,175,,,,,
2026-02-18,2026-02-18,FO,NSE,STO,169966,,TCS,,2026-04-28,2026-04-28,2720.0,CE,TCS26APR2720CE,0.0,0.0,0.0,491.8,0.0,491.8,2694.9,105.2,0,0,0,0.0,0,F1,175,,,,,
2026-02-18,2026-02-18,FO,NSE,STO,169958,,TCS,,2026-04-28,2026-04-28,2560.0,CE,TCS26APR2560CE,0.0,0.0,0.0,640.6,0.0,640.6,2694.9,201.2,0,0,0,0.0,0,F1,175,,,,,
2026-02-18,2026-02-18,FO,NSE,STO,162356,,TCS,,2026-03-30,2026-03-30,3400.0,CE,TCS26MAR3400CE,4.7,4.7,3.05,3.2,3.35,4.85,2694.9,3.2,161525,9275,431,256711376.25,303,F1,175,,,,,
2026-02-18,2026-02-18,FO,NSE,STO,162340,,TCS,,2026-03-30,2026-03-30,3080.0,CE,TCS26MAR3080CE,17.1,17.15,12.35,13.55,13.25,21.5,2694.9,13.55,44450,24850,348,188498170.0,243,F1,175,,,,,
2026-02-18,2026-02-18,FO,NSE,STO,169868,,TCS,,2026-03-30,2026-03-30,2940.0,CE,TCS26MAR2940CE,41.15,41.15,26.35,29.05,29.65,44.0,2694.9,29.05,55825,-4550,339,176297616.25,210,F1,175,,,,,
2026-02-18,2026-02-18,FO,NSE,STO,162332,,TCS,,2026-03-30,2026-03-30,2920.0,CE,TCS26MAR2920CE,42.0,42.0,29.1,32.5,32.8,48.25,2694.9,32.5,42875,30800,272,140479351.25,169,F1,175,,,,,
2026-02-18,2026-02-18,FO,NSE,STO,169864,,TCS,,2026-03-30,2026-03-30,2860.0,CE,TCS26MAR2860CE,59.95,63.0,42.0,45.45,46.3,65.25,2694.9,45.45,41125,10850,327,166489321.25,233,F1,175,,,,,
2026-02-18,2026-02-18,FO,NSE,STO,39594,,TCS,,2026-03-30,2026-03-30,2460.0,CE,TCS26MAR2460CE,0.0,0.0,0.0,709.75,0.0,709.75,2694.9,257.85,0,0,0,0.0,0,F1,175,,,,,
2026-02-18,2026-02-18,FO,NSE,STO,52205,,TCS,,2026-03-30,2026-03-30,2440.0,CE,TCS26MAR2440CE,0.0,0.0,0.0,752.3,0.0,752.3,2694.9,275.95,0,0,0,0.0,0,F1,175,,,,,
2026-02-18,2026-02-18,FO,NSE,STO,51063,,TCS,,2026-03-30,2026-03-30,2380.0,CE,TCS26MAR2380CE,0.0,0.0,0.0,642.05,0.0,642.05,2694.9,332.05,0,0,0,0.0,0,F1,175,,,,,
2026-02-18,2026-02-18,FO,NSE,STO,142206,,TCS,,2026-02-24,2026-02-24,3800.0,CE,TCS26FEB3800CE,0.0,0.0,0.0,11.6,0.0,11.6,2694.9,0.05,0,0,0,0.0,0,F1,175,,,,,
2026-02-18,2026-02-18,FO,NSE,STO,162268,,TCS,,2026-02-24,2026-02-24,3780.0,CE,TCS26FEB3780CE,0.0,0.0,0.0,8.05,0.0,8.05,2694.9,0.05,0,0,0,0.0,0,F1,175,,,,,
2026-02-18,2026-02-18,FO,NSE,STO,162250,,TCS,,2026-02-24,2026-02-24,3420.0,CE,TCS26FEB3420CE,0.55,0.55,0.2,0.3,0.3,0.55,2694.9,0.05,88375,-5425,104,62251682.5,86,F1,175,,,,,
2026-02-18,2026-02-18,FO,NSE,STO,162240,,TCS,,2026-02-24,2026-02-24,3220.0,CE,TCS26FEB3220CE,0.55,0.75,0.25,0.3,0.4,1.05,2694.9,0.3,445550,12250,768,432828261.25,364,F1,175,,,,,
2026-02-18,2026-02-18,FO,NSE,STO,162236,,TCS,,2026-02-24,2026-02-24,3140.0,CE,TCS26FEB3140CE,1.3,1.35,0.4,0.7,0.65,1.45,2694.9,0.7,585550,350,1177,646908762.5,750,F1,175,,,,,
2026-02-18,2026-02-18,FO,NSE,STO,162220,,TCS,,2026-02-24,2026-02-24,2820.0,CE,TCS26FEB2820CE,18.75,18.75,6.95,8.7,9.1,18.75,2694.9,8.7,456050,4550,5162,2555891712.5,3259,F1,175,,,,,
2026-02-18,2026-02-18,FO,NSE,STO,142156,,TCS,,2026-02-24,2026-02-24,2800.0,CE,TCS26FEB2800CE,22.6,23.1,9.0,11.2,11.6,23.45,2694.9,11.2,1523025,92050,23946,11785573843.75,14638,F1,175,,,,,
2026-02-18,2026-02-18,FO,NSE,STO,142146,,TCS,,2026-02-24,2026-02-24,2600.0,CE,TCS26FEB2600CE,130.0,130.1,83.3,105.0,105.45,133.55,2694.9,105.0,108500,-25900,2382,1126001371.25,1671,F1,175,,,,,
2026-02-18,2026-02-18,FO,NSE,STO,142142,,TCS,,2026-02-24,2026-02-24,2520.0,CE,TCS26FEB2520CE,180.0,180.0,177.0,178.5,177.0,206.0,2694.9,178.5,3850,0,2,944475.0,2,F1,175,,,,,
2026-02-18,2026-02-18,FO,NSE,STO,142098,,TCS,,2026-02-24,2026-02-24,2240.0,CE,TCS26FEB2240CE,0.0,0.0,0.0,913.15,0.0,913.15,2694.9,456.9,0,0,0,0.0,0,F1,175,,,,,
2026-02-18,2026-02-18,FO,NSE,STO,170013,,TCS,,2026-04-28,2026-04-28,3640.0,PE,TCS26APR3640PE,0.0,0.0,0.0,454.05,0.0,454.05,2694.9,907.55,0,0,0,0.0,0,F1,175,,,,,
2026-02-18,2026-02-18,FO,NSE,STO,162232,,TCS,,2026-02-24,2026-02-24,3060.0,CE,TCS26FEB3060CE,2.2,2.2,0.05,1.35,1.35,2.7,2694.9,1.35,946575,-163625,4882,2615408346.25,1876,F1,175,,,,,
2026-02-18,2026-02-18,FO,NSE,STO,162238,,TCS,,2026-02-24,2026-02-24,3180.0,CE,TCS26FEB3180CE,0.9,0.9,0.3,0.45,0.45,1.15,2694.9,0.45,797125,6125,852,474209636.25,551,F1,175,,,,,
2026-02-18,2026-02-18,FO,NSE,STO,162252,,TCS,,2026-02-24,2026-02-24,3460.0,CE,TCS26FEB3460CE,0.45,0.55,0.35,0.4,0.4,0.6,2694.9,0.05,67375,1925,54,32701261.25,34,F1,175,,,,,
2026-02-18,2026-02-18,FO,NSE,STO,162256,,TCS,,2026-02-24,2026-02-24,3540.0,CE,TCS26FEB3540CE,0.45,0.45,0.2,0.2,0.2,0.45,2694.9,0.05,18375,0,2,1239113.75,2,F1,175,,,,,
2026-02-18,2026-02-18,FO,NSE,STO,169838,,TCS,,2026-03-30,2026-03-30,2200.0,CE,TCS26MAR2200CE,0.0,0.0,0.0,981.05,0.0,981.05,2694.9,508.25,0,0,0,0.0,0,F1,175,,,,,
2026-02-18,2026-02-18,FO,NSE,STO,162306,,TCS,,2026-03-30,2026-03-30,2320.0,CE,TCS26MAR2320CE,0.0,0.0,0.0,961.3,0.0,961.3,2694.9,389.95,0,0,0,0.0,0,F1,175,,,,,
2026-02-18,2026-02-18,FO,NSE,STO,169848,,TCS,,2026-03-30,2026-03-30,2540.0,CE,TCS26MAR2540CE,0.0,0.0,0.0,645.4,0.0,645.4,2694.9,189.85,0,0,0,0.0,0,F1,175,,,,,
2026-02-18,2026-02-18,FO,NSE,STO,162338,,TCS,,2026-03-30,2026-03-30,3040.0,CE,TCS26MAR3040CE,23.55,23.55,15.2,16.6,16.9,26.5,2694.9,16.6,41650,-6650,258,138101871.25,204,F1,175,,,,,
2026-02-18,2026-02-18,FO,NSE,STO,169910,,TCS,,2026-03-30,2026-03-30,3780.0,CE,TCS26MAR3780CE,0.0,0.0,0.0,5.3,0.0,5.3,2694.9,0.05,0,0,0,0.0,0,F1,175,,,,,
2026-02-18,2026-02-18,FO,NSE,STO,169912,,TCS,,2026-03-30,2026-03-30,3820.0,CE,TCS26MAR3820CE,0.0,0.0,0.0,4.05,0.0,4.05,2694.9,0.05,0,0,0,0.0,0,F1,175,,,,,
2026-02-18,2026-02-18,FO,NSE,STO,169970,,TCS,,2026-04-28,2026-04-28,2800.0,CE,TCS26APR2800CE,121.05,125.85,101.05,107.0,107.95,129.4,2694.9,107.0,27300,5950,135,68701570.0,127,F1,175,,,,,
2026-02-18,2026-02-18,FO,NSE,STO,170000,,TCS,,2026-04-28,2026-04-28,3400.0,CE,TCS26APR3400CE,12.8,12.8,10.2,11.75,11.7,13.0,2694.9,11.75,15925,3850,33,19700336.25,33,F1,175,,,,,
2026-02-18,2026-02-18,FO,NSE,STO,142174,,TCS,,2026-02-24,2026-02-24,3160.0,CE,TCS26FEB3160CE,0.85,0.95,0.2,0.6,0.55,1.3,2694.9,0.6,592375,-5775,1954,1080764938.75,918,F1,175,,,,,
2026-02-18,2026-02-18,FO,NSE,STO,162210,,TCS,,2026-02-24,2026-02-24,2620.0,CE,TCS26FEB2620CE,100.05,113.8,70.6,89.1,89.1,116.65,2694.9,89.1,51450,2800,687,325109128.75,566,F1,175,,,,,
2026-02-18,2026-02-18,FO,NSE,STO,162206,,TCS,,2026-02-24,2026-02-24,2540.0,CE,TCS26FEB2540CE,160.05,160.05,150.5,150.5,150.5,185.4,2694.9,157.65,3675,0,5,2359393.75,4,F1,175,,,,,
2026-02-18,2026-02-18,FO,NSE,STO,162317,,TCS,,2026-03-30,2026-03-30,2600.0,PE,TCS26MAR2600PE,62.7,84.2,54.0,55.8,56.65,61.6,2694.9,55.8,355600,79625,1902,887313621.25,1473,F1,175,,,,,
2026-02-18,2026-02-18,FO,NSE,STO,170017,,TCS,,2026-04-28,2026-04-28,3720.0,PE,TCS26APR3720PE,0.0,0.0,0.0,524.25,0.0,524.25,2694.9,986.65,0,0,0,0.0,0,F1,175,,,,,
2026-02-18,2026-02-18,FO,NSE,STO,169975,,TCS,,2026-04-28,2026-04-28,2880.0,PE,TCS26APR2880PE,0.0,0.0,0.0,33.7,0.0,33.7,2694.9,201.85,0,0,0,0.0,0,F1,175,,,,,
2026-02-18,2026-02-18,FO,NSE,STO,169965,,TCS,,2026-04-28,2026-04-28,2680.0,PE,TCS26APR2680PE,0.0,0.0,0.0,9.05,0.0,9.05,2694.9,83.0,0,0,0,0.0,0,F1,175,,,,,
2026-02-18,2026-02-18,FO,NSE,STO,169963,,TCS,,2026-04-28,2026-04-28,2640.0,PE,TCS26APR2640PE,105.0,121.1,90.5,91.6,92.65,98.5,2694.9,91.6,16100,175,19,9133687.5,19,F1,175,,,,,
2026-02-18,2026-02-18,FO,NSE,STO,59092,,TCS,,2026-04-28,2026-04-28,2200.0,PE,TCS26APR2200PE,0.0,0.0,0.0,0.55,0.0,0.55,2694.9,1.1,0,0,0,0.0,0,F1,175,,,,,
2026-02-18,2026-02-18,FO,NSE,STO,169913,,TCS,,2026-03-30,2026-03-30,3820.0,PE,TCS26MAR3820PE,0.0,0.0,0.0,626.1,0.0,626.1,2694.9,1102.15,0,0,0,0.0,0,F1,175,,,,,
2026-02-18,2026-02-18,FO,NSE,STO,162365,,TCS,,2026-03-30,2026-03-30,3560.0,PE,TCS26MAR3560PE,0.0,0.0,0.0,800.0,800.0,800.0,2694.9,843.7,350,0,0,0.0,0,F1,175,,,,,
2026-02-18,2026-02-18,FO,NSE,STO,162355,,TCS,,2026-03-30,2026-03-30,3360.0,PE,TCS26MAR3360PE,0.0,0.0,0.0,637.15,637.15,637.15,2694.9,645.0,2450,0,0,0.0,0,F1,175,,,,,
2026-02-18,2026-02-18,FO,NSE,STO,162337,,TCS,,2026-03-30,2026-03-30,3000.0,PE,TCS26MAR3000PE,305.0,347.95,297.0,307.5,306.75,296.0,2694.9,307.5,302400,2450,322,186722523.75,206,F1,175,,,,,
2026-02-18,2026-02-18,FO,NSE,STO,162354,,TCS,,2026-03-30,2026-03-30,3360.0,CE,TCS26MAR3360CE,3.6,3.6,3.6,3.6,3.6,6.0,2694.9,0.1,4725,-175,1,588630.0,1,F1,175,,,,,
2026-02-18,2026-02-18,FO,NSE,STO,169989,,TCS,,2026-04-28,2026-04-28,3160.0,PE,TCS26APR3160PE,0.0,0.0,0.0,123.8,0.0,123.8,2694.9,439.85,0,0,0,0.0,0,F1,175,,,,,
2026-02-18,2026-02-18,FO,NSE,STO,169971,,TCS,,2026-04-28,2026-04-28,2800.0,PE,TCS26APR2800PE,175.0,199.0,175.0,175.0,175.0,175.45,2694.9,175.0,24500,-525,32,16725196.25,24,F1,175,,,,,
2026-02-18,2026-02-18,FO,NSE,STO,169951,,TCS,,2026-04-28,2026-04-28,2400.0,PE,TCS26APR2400PE,36.1,36.1,30.0,30.25,30.25,36.95,2694.9,30.25,4725,350,3,1276861.25,3,F1,175,,,,,
2026-02-18,2026-02-18,FO,NSE,STO,51078,,TCS,,2026-04-28,2026-04-28,2360.0,PE,TCS26APR2360PE,30.1,30.45,30.1,30.45,30.45,24.0,2694.9,7.35,700,350,2,836596.25,2,F1,175,,,,,
2026-02-18,2026-02-18,FO,NSE,STO,162377,,TCS,,2026-03-30,2026-03-30,3800.0,PE,TCS26MAR3800PE,0.0,0.0,0.0,800.0,800.0,800.0,2694.9,1082.25,350,0,0,0.0,0,F1,175,,,,,
2026-02-18,2026-02-18,FO,NSE,STO,162341,,TCS,,2026-03-30,2026-03-30,3080.0,PE,TCS26MAR3080PE,0.0,0.0,0.0,330.0,330.0,330.0,2694.9,370.15,175,0,0,0.0,0,F1,175,,,,,
2026-02-18,2026-02-18,FO,NSE,STO,169871,,TCS,,2026-03-30,2026-03-30,2980.0,PE,TCS26MAR2980PE,297.0,297.0,297.0,297.0,297.0,300.0,2694.9,276.9,6825,525,3,1720425.0,3,F1,175,,,,,
2026-02-18,2026-02-18,FO,NSE,STO,169855,,TCS,,2026-03-30,2026-03-30,2660.0,PE,TCS26MAR2660PE,78.0,109.8,76.0,77.85,78.25,82.75,2694.9,77.85,95550,40600,486,234136061.25,439,F1,175,,,,,
2026-02-18,2026-02-18,FO,NSE,STO,169849,,TCS,,2026-03-30,2026-03-30,2540.0,PE,TCS26MAR2540PE,44.35,60.3,37.95,38.4,39.5,44.45,2694.9,38.4,11900,3150,58,26245721.25,53,F1,175,,,,,
2026-02-18,2026-02-18,FO,NSE,STO,162251,,TCS,,2026-02-24,2026-02-24,3420.0,PE,TCS26FEB3420PE,0.0,0.0,0.0,246.65,246.65,246.65,2694.9,722.0,3850,0,0,0.0,0,F1,175,,,,,
2026-02-18,2026-02-18,FO,NSE,STO,142179,,TCS,,2026-02-24,2026-02-24,3240.0,PE,TCS26FEB3240PE,570.0,578.3,549.25,549.25,549.25,487.05,2694.9,542.15,132125,-9275,67,44648651.25,42,F1,175,,,,,
2026-02-18,2026-02-18,FO,NSE,STO,142171,,TCS,,2026-02-24,2026-02-24,3080.0,PE,TCS26FEB3080PE,364.25,421.7,364.25,388.9,388.9,352.4,2694.9,388.9,144550,-5075,40,24372783.75,35,F1,175,,,,,
2026-02-18,2026-02-18,FO,NSE,STO,162219,,TCS,,2026-02-24,2026-02-24,2780.0,PE,TCS26FEB2780PE,104.35,138.05,88.2,99.0,99.9,90.15,2694.9,99.0,97475,-14875,392,198159316.25,315,F1,175,,,,,
2026-02-18,2026-02-18,FO,NSE,STO,142145,,TCS,,2026-02-24,2026-02-24,2560.0,PE,TCS26FEB2560PE,10.85,18.85,6.2,7.55,8.1,10.05,2694.9,7.55,378700,186200,3788,1705405870.0,2249,F1,175,,,,,
2026-02-18,2026-02-18,FO,NSE,STO,39589,,TCS,,2026-02-24,2026-02-24,2460.0,PE,TCS26FEB2460PE,3.75,6.2,2.2,2.75,3.05,3.95,2694.9,2.75,43575,-525,930,400957646.25,744,F1,175,,,,,
2026-02-18,2026-02-18,FO,NSE,STO,142108,,TCS,,2026-02-24,2026-02-24,2400.0,PE,TCS26FEB2400PE,2.0,3.4,1.3,1.85,2.15,2.15,2694.9,1.85,377650,-34300,2457,1032854305.0,1292,F1,175,,,,,
2026-02-18,2026-02-18,FO,NSE,STO,170018,,TCS,,2026-04-28,2026-04-28,3760.0,CE,TCS26APR3760CE,0.0,0.0,0.0,15.9,0.0,15.9,2694.9,0.05,0,0,0,0.0,0,F1,175,,,,,
2026-02-18,2026-02-18,FO,NSE,STO,169978,,TCS,,2026-04-28,2026-04-28,2960.0,CE,TCS26APR2960CE,0.0,0.0,0.0,50.0,50.0,50.0,2694.9,29.05,350,0,0,0.0,0,F1,175,,,,,
2026-02-18,2026-02-18,FO,NSE,STO,169976,,TCS,,2026-04-28,2026-04-28,2920.0,CE,TCS26APR2920CE,0.0,0.0,0.0,324.7,0.0,324.7,2694.9,36.95,0,0,0,0.0,0,F1,175,,,,,
2026-02-18,2026-02-18,FO,NSE,STO,169964,,TCS,,2026-04-28,2026-04-28,2680.0,CE,TCS26APR2680CE,0.0,0.0,0.0,528.1,0.0,528.1,2694.9,125.6,0,0,0,0.0,0,F1,175,,,,,
2026-02-18,2026-02-18,FO,NSE,STO,169950,,TCS,,2026-04-28,2026-04-28,2400.0,CE,TCS26APR2400CE,0.0,0.0,0.0,795.45,0.0,795.45,2694.9,330.65,0,0,0,0.0,0,F1,175,,,,,
2026-02-18,2026-02-18,FO,NSE,STO,169892,,TCS,,2026-03-30,2026-03-30,3420.0,CE,TCS26MAR3420CE,0.0,0.0,0.0,14.5,14.5,14.5,2694.9,0.05,175,0,0,0.0,0,F1,175,,,,,
2026-02-18,2026-02-18,FO,NSE,STO,169890,,TCS,,2026-03-30,2026-03-30,3380.0,CE,TCS26MAR3380CE,0.0,0.0,0.0,53.05,0.0,53.05,2694.9,0.1,0,0,0,0.0,0,F1,175,,,,,
2026-02-18,2026-02-18,FO,NSE,STO,169882,,TCS,,2026-03-30,2026-03-30,3220.0,CE,TCS26MAR3220CE,8.45,8.45,6.35,6.35,6.35,10.85,2694.9,0.7,20475,6475,64,36144727.5,35,F1,175,,,,,
2026-02-18,2026-02-18,FO,NSE,STO,162336,,TCS,,2026-03-30,2026-03-30,3000.0,CE,TCS26MAR3000CE,32.05,32.05,18.8,20.95,21.2,32.8,2694.9,20.95,1151500,124775,5741,3037187361.25,3603,F1,175,,,,,
2026-02-18,2026-02-18,FO,NSE,STO,169846,,TCS,,2026-03-30,2026-03-30,2500.0,CE,TCS26MAR2500CE,260.1,260.1,225.0,238.1,240.0,280.05,2694.9,238.1,23275,6475,65,31128903.75,53,F1,175,,,,,
2026-02-18,2026-02-18,FO,NSE,STO,162310,,TCS,,2026-03-30,2026-03-30,2480.0,CE,TCS26MAR2480CE,0.0,0.0,0.0,804.3,0.0,804.3,2694.9,240.15,0,0,0,0.0,0,F1,175,,,,,
2026-02-18,2026-02-18,FO,NSE,STO,54164,,TCS,,2026-03-30,2026-03-30,2220.0,CE,TCS26MAR2220CE,0.0,0.0,0.0,741.15,0.0,741.15,2694.9,488.4,0,0,0,0.0,0,F1,175,,,,,
2026-02-18,2026-02-18,FO,NSE,STO,142204,,TCS,,2026-02-24,2026-02-24,3760.0,CE,TCS26FEB3760CE,0.5,0.5,0.4,0.4,0.4,0.65,2694.9,0.4,18375,175,14,9213137.5,12,F1,175,,,,,
2026-02-18,2026-02-18,FO,NSE,STO,162262,,TCS,,2026-02-24,2026-02-24,3660.0,CE,TCS26FEB3660CE,0.0,0.0,0.0,17.2,0.0,17.2,2694.9,0.05,0,0,0,0.0,0,F1,175,,,,,
2026-02-18,2026-02-18,FO,NSE,STO,142192,,TCS,,2026-02-24,2026-02-24,3520.0,CE,TCS26FEB3520CE,0.45,0.55,0.3,0.35,0.35,0.65,2694.9,0.35,107975,0,39,24026852.5,20,F1,175,,,,,
2026-02-18,2026-02-18,FO,NSE,STO,142190,,TCS,,2026-02-24,2026-02-24,3480.0,CE,TCS26FEB3480CE,0.7,0.8,0.25,0.25,0.25,0.75,2694.9,0.05,24675,-350,22,13400520.0,9,F1,175,,,,,
2026-02-18,2026-02-18,FO,NSE,STO,162242,,TCS,,2026-02-24,2026-02-24,3260.0,CE,TCS26FEB3260CE,0.4,0.55,0.2,0.25,0.3,0.8,2694.9,0.25,264600,-23275,485,276720806.25,259,F1,175,,,,,
2026-02-18,2026-02-18,FO,NSE,STO,142176,,TCS,,2026-02-24,2026-02-24,3200.0,CE,TCS26FEB3200CE,1.0,1.0,0.35,0.45,0.4,1.2,2694.9,0.45,1661625,-272300,4206,2355782878.75,1614,F1,175,,,,,
2026-02-18,2026-02-18,FO,NSE,STO,142162,,TCS,,2026-02-24,2026-02-24,2920.0,CE,TCS26FEB2920CE,6.05,6.6,2.75,3.25,3.5,7.15,2694.9,3.25,294175,-30625,3306,1691470865.0,2132,F1,175,,,,,
2026-02-18,2026-02-18,FO,NSE,STO,59083,,TCS,,2026-02-24,2026-02-24,2180.0,CE,TCS26FEB2180CE,0.0,0.0,0.0,734.45,0.0,734.45,2694.9,516.85,0,0,0,0.0,0,F1,175,,,,,
2026-02-18,2026-02-18,FO,NSE,STO,51057,,TCS,,2026-03-30,2026-03-30,2340.0,CE,TCS26MAR2340CE,0.0,0.0,0.0,681.4,0.0,681.4,2694.9,370.5,0,0,0,0.0,0,F1,175,,,,,
2026-02-18,2026-02-18,FO,NSE,STO,162308,,TCS,,2026-03-30,2026-03-30,2400.0,CE,TCS26MAR2400CE,328.75,328.75,310.0,310.0,310.0,882.65,2694.9,313.1,700,700,4,1903562.5,2,F1,175,,,,,
2026-02-18,2026-02-18,FO,NSE,STO,39592,,TCS,,2026-03-30,2026-03-30,2420.0,CE,TCS26MAR2420CE,0.0,0.0,0.0,749.2,0.0,749.2,2694.9,294.35,0,0,0,0.0,0,F1,175,,,,,
2026-02-18,2026-02-18,FO,NSE,STO,162318,,TCS,,2026-03-30,2026-03-30,2640.0,CE,TCS26MAR2640CE,158.6,158.6,131.2,139.0,139.0,169.0,2694.9,139.0,16450,1225,37,17986377.5,32,F1,175,,,,,
2026-02-18,2026-02-18,FO,NSE,STO,162324,,TCS,,2026-03-30,2026-03-30,2760.0,CE,TCS26MAR2760CE,102.4,102.4,72.0,78.1,77.95,104.1,2694.9,78.1,87325,17325,313,155625163.75,291,F1,175,,,,,
2026-02-18,2026-02-18,FO,NSE,STO,169876,,TCS,,2026-03-30,2026-03-30,3100.0,CE,TCS26MAR3100CE,16.95,18.9,11.0,12.25,12.6,19.6,2694.9,12.25,504525,30800,2421,1319214225.0,1538,F1,175,,,,,
2026-02-18,2026-02-18,FO,NSE,STO,162358,,TCS,,2026-03-30,2026-03-30,3440.0,CE,TCS26MAR3440CE,0.0,0.0,0.0,4.0,4.0,4.0,2694.9,0.05,28000,0,0,0.0,0,F1,175,,,,,
2026-02-18,2026-02-18,FO,NSE,STO,162372,,TCS,,2026-03-30,2026-03-30,3720.0,CE,TCS26MAR3720CE,0.0,0.0,0.0,30.4,0.0,30.4,2694.9,0.05,0,0,0,0.0,0,F1,175,,,,,
2026-02-18,2026-02-18,FO,NSE,STO,169956,,TCS,,2026-04-28,2026-04-28,2520.0,CE,TCS26APR2520CE,0.0,0.0,0.0,678.95,0.0,678.95,2694.9,230.85,0,0,0,0.0,0,F1,175,,,,,
2026-02-18,2026-02-18,FO,NSE,STO,169962,,TCS,,2026-04-28,2026-04-28,2640.0,CE,TCS26APR2640CE,0.0,0.0,0.0,565.05,0.0,565.05,2694.9,148.45,0,0,0,0.0,0,F1,175,,,,,
2026-02-18,2026-02-18,FO,NSE,STO,169984,,TCS,,2026-04-28,2026-04-28,3080.0,CE,TCS26APR3080CE,0.0,0.0,0.0,215.1,0.0,215.1,2694.9,13.25,0,0,0,0.0,0,F1,175,,,,,
2026-02-18,2026-02-18,FO,NSE,STO,170016,,TCS,,2026-04-28,2026-04-28,3720.0,CE,TCS26APR3720CE,0.0,0.0,0.0,19.25,0.0,19.25,2694.9,0.05,0,0,0,0.0,0,F1,175,,,,,
2026-02-18,2026-02-18,FO,NSE,STO,51038,,TCS,,2026-02-24,2026-02-24,2340.0,PE,TCS26FEB2340PE,0.9,1.95,0.7,1.2,1.3,1.3,2694.9,1.2,182700,-2800,258,105707936.25,199,F1,175,,,,,
2026-02-18,2026-02-18,FO,NSE,STO,142141,,TCS,,2026-02-24,2026-02-24,2480.0,PE,TCS26FEB2480PE,4.95,7.5,2.6,3.35,3.75,4.75,2694.9,3.35,93975,4025,1045,454298040.0,836,F1,175,,,,,
2026-02-18,2026-02-18,FO,NSE,STO,142147,,TCS,,2026-02-24,2026-02-24,2600.0,PE,TCS26FEB2600PE,13.75,29.65,11.0,12.6,13.5,15.35,2694.9,12.6,907900,-168350,22023,10090354312.5,15359,F1,175,,,,,
2026-02-18,2026-02-18,FO,NSE,STO,142149,,TCS,,2026-02-24,2026-02-24,2640.0,PE,TCS26FEB2640PE,26.5,45.2,19.45,21.15,22.7,23.85,2694.9,21.15,303800,56000,10677,4987453143.75,8746,F1,175,,,,,
2026-02-18,2026-02-18,FO,NSE,STO,162213,,TCS,,2026-02-24,2026-02-24,2660.0,PE,TCS26FEB2660PE,34.5,55.0,25.7,27.85,28.9,29.8,2694.9,27.85,433825,210700,13082,6179863891.25,10187,F1,175,,,,,
2026-02-18,2026-02-18,FO,NSE,STO,162231,,TCS,,2026-02-24,2026-02-24,3020.0,PE,TCS26FEB3020PE,305.0,356.4,305.0,327.75,330.05,303.65,2694.9,327.75,198625,-8400,54,31770095.0,53,F1,175,,,,,
2026-02-18,2026-02-18,FO,NSE,STO,162241,,TCS,,2026-02-24,2026-02-24,3220.0,PE,TCS26FEB3220PE,535.0,559.75,529.05,529.05,529.05,500.0,2694.9,522.2,126175,-3150,20,13157270.0,14,F1,175,,,,,
2026-02-18,2026-02-18,FO,NSE,STO,142183,,TCS,,2026-02-24,2026-02-24,3320.0,PE,TCS26FEB3320PE,641.4,641.4,641.4,641.4,641.4,606.6,2694.9,622.1,26950,0,1,693245.0,1,F1,175,,,,,
2026-02-18,2026-02-18,FO,NSE,STO,142189,,TCS,,2026-02-24,2026-02-24,3440.0,PE,TCS26FEB3440PE,758.0,758.0,758.0,758.0,758.0,628.0,2694.9,742.0,13650,0,1,734650.0,1,F1,175,,,,,
2026-02-18,2026-02-18,FO,NSE,STO,142197,,TCS,,2026-02-24,2026-02-24,3600.0,PE,TCS26FEB3600PE,900.0,915.0,896.0,911.0,911.0,878.5,2694.9,901.85,128450,-350,6,4731125.0,6,F1,175,,,,,
2026-02-18,2026-02-18,FO,NSE,STO,51062,,TCS,,2026-03-30,2026-03-30,2340.0,PE,TCS26MAR2340PE,14.2,14.25,10.75,11.45,11.45,0.35,2694.9,1.55,2800,2800,25,10289125.0,23,F1,175,,,,,
2026-02-18,2026-02-18,FO,NSE,STO,162313,,TCS,,2026-03-30,2026-03-30,2520.0,PE,TCS26MAR2520PE,40.4,52.65,33.0,35.05,34.75,40.4,2694.9,35.05,102025,-5950,169,75691183.75,109,F1,175,,,,,
2026-02-18,2026-02-18,FO,NSE,STO,162325,,TCS,,2026-03-30,2026-03-30,2760.0,PE,TCS26MAR2760PE,127.35,160.9,126.0,128.4,128.4,128.9,2694.9,128.4,69475,7700,125,63418801.25,82,F1,175,,,,,
2026-02-18,2026-02-18,FO,NSE,STO,162345,,TCS,,2026-03-30,2026-03-30,3160.0,PE,TCS26MAR3160PE,393.85,393.85,393.85,393.85,393.85,415.0,2694.9,447.55,22050,0,1,621923.75,1,F1,175,,,,,
2026-02-18,2026-02-18,FO,NSE,STO,162361,,TCS,,2026-03-30,2026-03-30,3480.0,PE,TCS26MAR3480PE,0.0,0.0,0.0,261.45,0.0,261.45,2694.9,764.2,0,0,0,0.0,0,F1,175,,,,,
2026-02-18,2026-02-18,FO,NSE,STO,169899,,TCS,,2026-03-30,2026-03-30,3540.0,PE,TCS26MAR3540PE,0.0,0.0,0.0,368.05,0.0,368.05,2694.9,823.85,0,0,0,0.0,0,F1,175,,,,,
2026-02-18,2026-02-18,FO,NSE,STO,169947,,TCS,,2026-04-28,2026-04-28,2240.0,PE,TCS26APR2240PE,0.0,0.0,0.0,0.1,0.0,0.1,2694.9,1.9,0,0,0,0.0,0,F1,175,,,,,
2026-02-18,2026-02-18,FO,NSE,STO,169957,,TCS,,2026-04-28,2026-04-28,2520.0,PE,TCS26APR2520PE,0.0,0.0,0.0,2.35,0.0,2.35,2694.9,29.9,0,0,0,0.0,0,F1,175,,,,,
2026-02-18,2026-02-18,FO,NSE,STO,169959,,TCS,,2026-04-28,2026-04-28,2560.0,PE,TCS26APR2560PE,0.0,0.0,0.0,3.4,0.0,3.4,2694.9,39.8,0,0,0,0.0,0,F1,175,,,,,
2026-02-18,2026-02-18,FO,NSE,STO,169967,,TCS,,2026-04-28,2026-04-28,2720.0,PE,TCS26APR2720PE,0.0,0.0,0.0,12.15,0.0,12.15,2694.9,102.15,0,0,0,0.0,0,F1,175,,,,,
2026-02-18,2026-02-18,FO,NSE,STO,169979,,TCS,,2026-04-28,2026-04-28,2960.0,PE,TCS26APR2960PE,0.0,0.0,0.0,51.8,0.0,51.8,2694.9,263.5,0,0,0,0.0,0,F1,175,,,,,
2026-02-18,2026-02-18,FO,NSE,STO,169993,,TCS,,2026-04-28,2026-04-28,3240.0,PE,TCS26APR3240PE,0.0,0.0,0.0,164.4,0.0,164.4,2694.9,515.6,0,0,0,0.0,0,F1,175,,,,,
2026-02-18,2026-02-18,FO,NSE,STO,170021,,TCS,,2026-04-28,2026-04-28,3800.0,PE,TCS26APR3800PE,0.0,0.0,0.0,596.9,0.0,596.9,2694.9,1065.8,0,0,0,0.0,0,F1,175,,,,,
2026-02-18,2026-02-18,FO,NSE,STF,67025,,TCS,,2026-04-28,2026-04-28,,,TCS26APRFUT,2750.5,2750.9,2690.0,2725.8,2724.5,2751.2,2694.9,2725.8,877625,79625,820,389454870.0,731,F1,175,,,,,
2026-02-18,2026-02-18,FO,NSE,STO,54128,,TCS,,2026-02-24,2026-02-24,2220.0,CE,TCS26FEB2220CE,0.0,0.0,0.0,727.4,0.0,727.4,2694.9,476.9,0,0,0,0.0,0,F1,175,,,,,
2026-02-18,2026-02-18,FO,NSE,STO,162202,,TCS,,2026-02-24,2026-02-24,2280.0,CE,TCS26FEB2280CE,0.0,0.0,0.0,987.9,0.0,987.9,2694.9,416.95,0,0,0,0.0,0,F1,175,,,,,
2026-02-18,2026-02-18,FO,NSE,STO,142144,,TCS,,2026-02-24,2026-02-24,2560.0,CE,TCS26FEB2560CE,157.0,157.0,114.5,137.95,137.95,157.4,2694.9,138.2,8050,2625,47,22195906.25,39,F1,175,,,,,
2026-02-18,2026-02-18,FO,NSE,STO,142150,,TCS,,2026-02-24,2026-02-24,2680.0,CE,TCS26FEB2680CE,65.95,72.35,39.55,49.1,48.45,75.05,2694.9,49.1,198450,71050,9566,4566066041.25,7759,F1,175,,,,,
2026-02-18,2026-02-18,FO,NSE,STO,162244,,TCS,,2026-02-24,2026-02-24,3300.0,CE,TCS26FEB3300CE,0.8,0.8,0.25,0.4,0.35,0.8,2694.9,0.4,874825,-124775,2088,1205976205.0,646,F1,175,,,,,
2026-02-18,2026-02-18,FO,NSE,STO,162270,,TCS,,2026-02-24,2026-02-24,3820.0,CE,TCS26FEB3820CE,0.0,0.0,0.0,6.15,0.0,6.15,2694.9,0.05,0,0,0,0.0,0,F1,175,,,,,
2026-02-18,2026-02-18,FO,NSE,STO,142203,,TCS,,2026-02-24,2026-02-24,3720.0,PE,TCS26FEB3720PE,0.0,0.0,0.0,1000.0,1000.0,1000.0,2694.9,1021.75,9625,0,0,0.0,0,F1,175,,,,,
2026-02-18,2026-02-18,FO,NSE,STO,169851,,TCS,,2026-03-30,2026-03-30,2580.0,PE,TCS26MAR2580PE,56.55,73.05,49.0,49.3,49.3,57.0,2694.9,49.3,34475,1050,75,34630820.0,65,F1,175,,,,,
2026-02-18,2026-02-18,FO,NSE,STO,169879,,TCS,,2026-03-30,2026-03-30,3140.0,PE,TCS26MAR3140PE,0.0,0.0,0.0,360.0,360.0,360.0,2694.9,428.05,1050,0,0,0.0,0,F1,175,,,,,
2026-02-18,2026-02-18,FO,NSE,STO,169883,,TCS,,2026-03-30,2026-03-30,3220.0,PE,TCS26MAR3220PE,0.0,0.0,0.0,106.0,106.0,106.0,2694.9,506.45,175,0,0,0.0,0,F1,175,,,,,
2026-02-18,2026-02-18,FO,NSE,STO,169889,,TCS,,2026-03-30,2026-03-30,3340.0,PE,TCS26MAR3340PE,0.0,0.0,0.0,211.2,0.0,211.2,2694.9,625.2,0,0,0,0.0,0,F1,175,,,,,
2026-02-18,2026-02-18,FO,NSE,STO,169897,,TCS,,2026-03-30,2026-03-30,3500.0,PE,TCS26MAR3500PE,760.0,818.85,760.0,787.4,787.4,760.0,2694.9,784.1,4375,3500,20,15022323.75,9,F1,175,,,,,
2026-02-18,2026-02-18,FO,NSE,STO,170007,,TCS,,2026-04-28,2026-04-28,3520.0,PE,TCS26APR3520PE,0.0,0.0,0.0,354.7,0.0,354.7,2694.9,789.05,0,0,0,0.0,0,F1,175,,,,,
2026-02-18,2026-02-18,FO,NSE,STO,170009,,TCS,,2026-04-28,2026-04-28,3560.0,PE,TCS26APR3560PE,0.0,0.0,0.0,386.85,0.0,386.85,2694.9,828.5,0,0,0,0.0,0,F1,175,,,,,
2026-02-18,2026-02-18,FO,NSE,STO,142165,,TCS,,2026-02-24,2026-02-24,2960.0,PE,TCS26FEB2960PE,264.0,296.05,264.0,268.1,268.0,245.6,2694.9,268.1,174475,-9100,77,43674137.5,41,F1,175,,,,,
2026-02-18,2026-02-18,FO,NSE,STO,162223,,TCS,,2026-02-24,2026-02-24,2860.0,PE,TCS26FEB2860PE,168.0,207.05,168.0,172.4,174.25,152.4,2694.9,172.4,124075,-7350,120,63938770.0,101,F1,175,,,,,
2026-02-18,2026-02-18,FO,NSE,STO,142155,,TCS,,2026-02-24,2026-02-24,2760.0,PE,TCS26FEB2760PE,42.5,121.05,42.5,84.45,86.55,76.75,2694.9,84.45,158200,-48475,1607,803563503.75,908,F1,175,,,,,
2026-02-18,2026-02-18,FO,NSE,STO,142151,,TCS,,2026-02-24,2026-02-24,2680.0,PE,TCS26FEB2680PE,37.95,65.5,33.05,35.85,37.35,36.6,2694.9,35.85,272475,78750,11887,5669508206.25,9644,F1,175,,,,,
2026-02-18,2026-02-18,FO,NSE,STO,162211,,TCS,,2026-02-24,2026-02-24,2620.0,PE,TCS26FEB2620PE,20.1,36.75,14.75,16.3,17.35,18.95,2694.9,16.3,131950,29575,8067,3731052736.25,6718,F1,175,,,,,
2026-02-18,2026-02-18,FO,NSE,STO,162207,,TCS,,2026-02-24,2026-02-24,2540.0,PE,TCS26FEB2540PE,8.3,14.5,4.9,6.15,6.55,8.2,2694.9,6.15,98700,24325,1985,885250380.0,1498,F1,175,,,,,
2026-02-18,2026-02-18,FO,NSE,STO,162205,,TCS,,2026-02-24,2026-02-24,2360.0,PE,TCS26FEB2360PE,1.0,2.3,1.0,1.35,1.55,1.55,2694.9,1.35,46550,-3150,513,211995035.0,344,F1,175,,,,,
2026-02-18,2026-02-18,FO,NSE,STO,169988,,TCS,,2026-04-28,2026-04-28,3160.0,CE,TCS26APR3160CE,0.0,0.0,0.0,170.15,0.0,170.15,2694.9,7.45,0,0,0,0.0,0,F1,175,,,,,
2026-02-18,2026-02-18,FO,NSE,STO,169948,,TCS,,2026-04-28,2026-04-28,2320.0,CE,TCS26APR2320CE,0.0,0.0,0.0,873.8,0.0,873.8,2694.9,403.75,0,0,0,0.0,0,F1,175,,,,,
2026-02-18,2026-02-18,FO,NSE,STO,51075,,TCS,,2026-04-28,2026-04-28,2280.0,CE,TCS26APR2280CE,0.0,0.0,0.0,752.8,0.0,752.8,2694.9,441.55,0,0,0,0.0,0,F1,175,,,,,
2026-02-18,2026-02-18,FO,NSE,STO,169900,,TCS,,2026-03-30,2026-03-30,3580.0,CE,TCS26MAR3580CE,0.0,0.0,0.0,18.35,0.0,18.35,2694.9,0.05,0,0,0,0.0,0,F1,175,,,,,
2026-02-18,2026-02-18,FO,NSE,STO,162342,,TCS,,2026-03-30,2026-03-30,3120.0,CE,TCS26MAR3120CE,15.5,15.5,10.0,10.75,11.25,17.5,2694.9,10.75,117425,350,234,128260938.75,157,F1,175,,,,,
2026-02-18,2026-02-18,FO,NSE,STO,162330,,TCS,,2026-03-30,2026-03-30,2880.0,CE,TCS26MAR2880CE,56.75,56.75,37.85,41.4,41.5,58.25,2694.9,41.4,22750,13300,141,72130485.0,84,F1,175,,,,,
2026-02-18,2026-02-18,FO,NSE,STO,162322,,TCS,,2026-03-30,2026-03-30,2720.0,CE,TCS26MAR2720CE,115.0,120.9,88.8,95.75,96.0,123.5,2694.9,95.75,69825,29050,442,218089471.25,389,F1,175,,,,,
2026-02-18,2026-02-18,FO,NSE,STO,169854,,TCS,,2026-03-30,2026-03-30,2660.0,CE,TCS26MAR2660CE,150.25,150.35,119.5,126.45,125.65,155.8,2694.9,126.45,44450,35000,344,167847076.25,239,F1,175,,,,,
2026-02-18,2026-02-18,FO,NSE,STO,162254,,TCS,,2026-02-24,2026-02-24,3500.0,CE,TCS26FEB3500CE,0.4,0.45,0.3,0.35,0.35,0.45,2694.9,0.35,228200,350,267,163553433.75,132,F1,175,,,,,
2026-02-18,2026-02-18,FO,NSE,STO,142188,,TCS,,2026-02-24,2026-02-24,3440.0,CE,TCS26FEB3440CE,0.75,0.75,0.2,0.3,0.3,0.75,2694.9,0.3,77175,-1225,15,9031067.5,15,F1,175,,,,,
2026-02-18,2026-02-18,FO,NSE,STO,142186,,TCS,,2026-02-24,2026-02-24,3400.0,CE,TCS26FEB3400CE,0.5,0.5,0.25,0.3,0.3,0.55,2694.9,0.3,481250,-27475,794,472481178.75,288,F1,175,,,,,
2026-02-18,2026-02-18,FO,NSE,STO,142184,,TCS,,2026-02-24,2026-02-24,3360.0,CE,TCS26FEB3360CE,0.55,0.7,0.3,0.4,0.4,0.7,2694.9,0.4,49525,-2100,184,108206778.75,155,F1,175,,,,,
2026-02-18,2026-02-18,FO,NSE,STO,162230,,TCS,,2026-02-24,2026-02-24,3020.0,CE,TCS26FEB3020CE,3.4,3.4,1.5,1.7,1.75,3.35,2694.9,1.7,660275,9800,2249,1189337590.0,1481,F1,175,,,,,
2026-02-18,2026-02-18,FO,NSE,STO,162228,,TCS,,2026-02-24,2026-02-24,2980.0,CE,TCS26FEB2980CE,3.55,4.1,1.85,2.15,2.3,4.4,2694.9,2.15,480550,-9450,2794,1458218545.0,1863,F1,175,,,,,
2026-02-18,2026-02-18,FO,NSE,STO,105679,,INOXWIND,,2026-02-24,2026-02-24,95.0,PE,INOXWIND26FEB95PE,0.55,1.16,0.41,0.76,0.84,0.94,98.85,0.76,1658800,-264550,1053,360428461.25,995,F1,3575,,,,,
2026-02-18,2026-02-18,FO,NSE,STO,115683,,INOXWIND,,2026-02-24,2026-02-24,127.5,PE,INOXWIND26FEB127.5PE,0.0,0.0,0.0,21.84,21.93,21.84,98.85,28.53,35750,0,0,0.0,0,F1,3575,,,,,
2026-02-18,2026-02-18,FO,NSE,STO,126832,,INOXWIND,,2026-03-30,2026-03-30,122.5,PE,INOXWIND26MAR122.5PE,0.0,0.0,0.0,19.98,0.0,19.98,98.85,23.45,0,0,0,0.0,0,F1,3575,,,,,
2026-02-18,2026-02-18,FO,NSE,STO,105780,,INOXWIND,,2026-02-24,2026-02-24,150.0,PE,INOXWIND26FEB150PE,50.79,50.85,50.55,50.55,50.55,49.84,98.85,51.01,1061775,-7150,17,12200009.25,10,F1,3575,,,,,
2026-02-18,2026-02-18,FO,NSE,STO,42485,,INOXWIND,,2026-02-24,2026-02-24,85.0,CE,INOXWIND26FEB85CE,16.69,17.04,14.48,14.48,14.48,16.69,98.85,13.93,21450,0,3,1083975.75,3,F1,3575,,,,,
2026-02-18,2026-02-18,FO,NSE,STO,115668,,INOXWIND,,2026-02-24,2026-02-24,92.5,CE,INOXWIND26FEB92.5CE,0.0,0.0,0.0,30.91,0.0,30.91,98.85,6.74,0,0,0,0.0,0,F1,3575,,,,,
2026-02-18,2026-02-18,FO,NSE,STO,127187,,INOXWIND,,2026-04-28,2026-04-28,130.0,PE,INOXWIND26APR130PE,0.0,0.0,0.0,26.99,0.0,26.99,98.85,30.62,0,0,0,0.0,0,F1,3575,,,,,
2026-02-18,2026-02-18,FO,NSE,STO,127175,,INOXWIND,,2026-04-28,2026-04-28,100.0,PE,INOXWIND26APR100PE,0.0,0.0,0.0,7.57,0.0,7.57,98.85,7.57,0,0,0,0.0,0,F1,3575,,,,,
2026-02-18,2026-02-18,FO,NSE,STO,127184,,INOXWIND,,2026-04-28,2026-04-28,125.0,CE,INOXWIND26APR125CE,0.0,0.0,0.0,4.69,0.0,4.69,98.85,1.23,0,0,0,0.0,0,F1,3575,,,,,
2026-02-18,2026-02-18,FO,NSE,STO,127182,,INOXWIND,,2026-04-28,2026-04-28,120.0,CE,INOXWIND26APR120CE,0.0,0.0,0.0,5.91,0.0,5.91,98.85,1.84,0,0,0,0.0,0,F1,3575,,,,,
2026-02-18,2026-02-18,FO,NSE,STO,115827,,INOXWIND,,2026-03-30,2026-03-30,105.0,CE,INOXWIND26MAR105CE,4.79,5.38,3.49,3.56,3.56,4.41,98.85,3.56,1054625,103675,476,185717710.75,404,F1,3575,,,,,
2026-02-18,2026-02-18,FO,NSE,STO,126812,,INOXWIND,,2026-03-30,2026-03-30,92.5,CE,INOXWIND26MAR92.5CE,0.0,0.0,0.0,16.5,0.0,16.5,98.85,9.64,0,0,0,0.0,0,F1,3575,,,,,
2026-02-18,2026-02-18,FO,NSE,STO,126804,,INOXWIND,,2026-03-30,2026-03-30,87.5,CE,INOXWIND26MAR87.5CE,0.0,0.0,0.0,20.18,0.0,20.18,98.85,13.27,0,0,0,0.0,0,F1,3575,,,,,
2026-02-18,2026-02-18,FO,NSE,STO,105682,,INOXWIND,,2026-02-24,2026-02-24,105.0,CE,INOXWIND26FEB105CE,1.15,1.68,0.58,0.6,0.58,1.12,98.85,0.6,5369650,1118975,4371,1656994589.25,3418,F1,3575,,,,,
2026-02-18,2026-02-18,FO,NSE,STO,105678,,INOXWIND,,2026-02-24,2026-02-24,95.0,CE,INOXWIND26FEB95CE,7.26,7.74,4.57,4.84,4.57,5.92,98.85,4.84,328900,-96525,178,64477305.75,148,F1,3575,,,,,
2026-02-18,2026-02-18,FO,NSE,STO,115734,,INOXWIND,,2026-03-30,2026-03-30,85.0,PE,INOXWIND26MAR85PE,1.38,1.48,1.03,1.1,1.16,1.43,98.85,1.1,260975,53625,81,24976201.25,66,F1,3575,,,,,
2026-02-18,2026-02-18,FO,NSE,STO,115732,,INOXWIND,,2026-03-30,2026-03-30,80.0,PE,INOXWIND26MAR80PE,0.76,0.76,0.63,0.64,0.65,0.48,98.85,0.64,50050,50050,20,5767511.75,16,F1,3575,,,,,
2026-02-18,2026-02-18,FO,NSE,STO,105674,,INOXWIND,,2026-02-24,2026-02-24,80.0,CE,INOXWIND26FEB80CE,0.0,0.0,0.0,20.44,20.44,20.44,98.85,18.92,14300,0,0,0.0,0,F1,3575,,,,,
2026-02-18,2026-02-18,FO,NSE,STO,127186,,INOXWIND,,2026-04-28,2026-04-28,130.0,CE,INOXWIND26APR130CE,0.0,0.0,0.0,3.7,0.0,3.7,98.85,0.82,0,0,0,0.0,0,F1,3575,,,,,
2026-02-18,2026-02-18,FO,NSE,STO,115833,,INOXWIND,,2026-03-30,2026-03-30,120.0,CE,INOXWIND26MAR120CE,1.27,1.27,0.78,0.82,0.85,1.24,98.85,0.82,908050,50050,284,122793635.25,221,F1,3575,,,,,
2026-02-18,2026-02-18,FO,NSE,STO,126823,,INOXWIND,,2026-03-30,2026-03-30,117.5,PE,INOXWIND26MAR117.5PE,0.0,0.0,0.0,9.6,9.6,9.6,98.85,18.91,3575,0,0,0.0,0,F1,3575,,,,,
2026-02-18,2026-02-18,FO,NSE,STO,105695,,INOXWIND,,2026-02-24,2026-02-24,130.0,CE,INOXWIND26FEB130CE,0.07,0.07,0.04,0.04,0.04,0.06,98.85,0.04,1573000,-96525,95,44168731.75,69,F1,3575,,,,,
2026-02-18,2026-02-18,FO,NSE,STO,115832,,INOXWIND,,2026-03-30,2026-03-30,115.0,PE,INOXWIND26MAR115PE,14.4,14.4,14.4,14.4,14.4,15.0,98.85,16.74,60775,3575,1,462605.0,1,F1,3575,,,,,
2026-02-18,2026-02-18,FO,NSE,STO,115739,,INOXWIND,,2026-03-30,2026-03-30,95.0,PE,INOXWIND26MAR95PE,3.35,4.13,3.14,3.57,3.73,3.87,98.85,3.57,429000,218075,156,54954900.0,128,F1,3575,,,,,
2026-02-18,2026-02-18,FO,NSE,STO,105774,,INOXWIND,,2026-02-24,2026-02-24,135.0,PE,INOXWIND26FEB135PE,35.3,36.3,35.3,35.9,36.3,34.81,98.85,35.9,228800,-178750,90,54948786.75,67,F1,3575,,,,,
2026-02-18,2026-02-18,FO,NSE,STO,115675,,INOXWIND,,2026-02-24,2026-02-24,107.5,PE,INOXWIND26FEB107.5PE,6.23,8.97,6.12,8.79,8.79,8.23,98.85,8.79,504075,-28600,32,13182598.0,32,F1,3575,,,,,
2026-02-18,2026-02-18,FO,NSE,STO,105675,,INOXWIND,,2026-02-24,2026-02-24,80.0,PE,INOXWIND26FEB80PE,0.05,0.08,0.05,0.05,0.05,0.09,98.85,0.01,214500,10725,15,4293253.25,11,F1,3575,,,,,
2026-02-18,2026-02-18,FO,NSE,STF,59378,,INOXWIND,,2026-02-24,2026-02-24,,,INOXWIND26FEBFUT,100.14,102.42,98.56,98.99,98.81,99.96,98.85,98.99,94201250,-3807375,4094,1461728840.0,3305,F1,3575,,,,,
2026-02-18,2026-02-18,FO,NSE,STO,115678,,INOXWIND,,2026-02-24,2026-02-24,117.5,CE,INOXWIND26FEB117.5CE,0.28,0.28,0.09,0.09,0.09,0.21,98.85,0.09,904475,-71500,197,82886124.75,180,F1,3575,,,,,
2026-02-18,2026-02-18,FO,NSE,STO,115731,,INOXWIND,,2026-03-30,2026-03-30,80.0,CE,INOXWIND26MAR80CE,0.0,0.0,0.0,43.42,0.0,43.42,98.85,19.71,0,0,0,0.0,0,F1,3575,,,,,
2026-02-18,2026-02-18,FO,NSE,STO,115735,,INOXWIND,,2026-03-30,2026-03-30,90.0,CE,INOXWIND26MAR90CE,12.35,12.6,11.47,11.67,11.47,12.98,98.85,11.67,64350,39325,14,5103813.0,13,F1,3575,,,,,
2026-02-18,2026-02-18,FO,NSE,STO,126827,,INOXWIND,,2026-03-30,2026-03-30,122.5,CE,INOXWIND26MAR122.5CE,0.0,0.0,0.0,3.48,0.0,3.48,98.85,0.54,0,0,0,0.0,0,F1,3575,,,,,
2026-02-18,2026-02-18,FO,NSE,STO,126822,,INOXWIND,,2026-03-30,2026-03-30,117.5,CE,INOXWIND26MAR117.5CE,0.0,0.0,0.0,4.67,0.0,4.67,98.85,0.97,0,0,0,0.0,0,F1,3575,,,,,
2026-02-18,2026-02-18,FO,NSE,STO,127172,,INOXWIND,,2026-04-28,2026-04-28,95.0,CE,INOXWIND26APR95CE,0.0,0.0,0.0,16.69,0.0,16.69,98.85,9.99,0,0,0,0.0,0,F1,3575,,,,,
2026-02-18,2026-02-18,FO,NSE,STO,127180,,INOXWIND,,2026-04-28,2026-04-28,115.0,CE,INOXWIND26APR115CE,0.0,0.0,0.0,7.4,0.0,7.4,98.85,2.69,0,0,0,0.0,0,F1,3575,,,,,
2026-02-18,2026-02-18,FO,NSE,STO,127174,,INOXWIND,,2026-04-28,2026-04-28,100.0,CE,INOXWIND26APR100CE,0.0,0.0,0.0,13.82,0.0,13.82,98.85,7.45,0,0,0,0.0,0,F1,3575,,,,,
2026-02-18,2026-02-18,FO,NSE,STO,115834,,INOXWIND,,2026-03-30,2026-03-30,120.0,PE,INOXWIND26MAR120PE,20.34,20.9,20.34,20.9,20.9,20.23,98.85,20.9,103675,28600,12,6032347.75,12,F1,3575,,,,,
2026-02-18,2026-02-18,FO,NSE,STO,115674,,INOXWIND,,2026-02-24,2026-02-24,107.5,CE,INOXWIND26FEB107.5CE,0.94,1.08,0.33,0.35,0.33,0.74,98.85,0.35,2824250,-67925,1513,584910469.0,1265,F1,3575,,,,,
2026-02-18,2026-02-18,FO,NSE,STO,115680,,INOXWIND,,2026-02-24,2026-02-24,122.5,CE,INOXWIND26FEB122.5CE,0.16,0.17,0.05,0.05,0.05,0.14,98.85,0.05,446875,75075,76,33307095.25,70,F1,3575,,,,,
2026-02-18,2026-02-18,FO,NSE,STO,115829,,INOXWIND,,2026-03-30,2026-03-30,110.0,CE,INOXWIND26MAR110CE,3.45,3.58,2.14,2.19,2.21,2.89,98.85,2.19,1540825,346775,474,190873826.0,393,F1,3575,,,,,
2026-02-18,2026-02-18,FO,NSE,STO,127176,,INOXWIND,,2026-04-28,2026-04-28,105.0,CE,INOXWIND26APR105CE,0.0,0.0,0.0,11.33,0.0,11.33,98.85,5.43,0,0,0,0.0,0,F1,3575,,,,,
2026-02-18,2026-02-18,FO,NSE,STO,115673,,INOXWIND,,2026-02-24,2026-02-24,102.5,PE,INOXWIND26FEB102.5PE,2.94,4.79,2.6,4.46,4.71,4.19,98.85,4.46,997425,-64350,217,82330534.0,206,F1,3575,,,,,
2026-02-18,2026-02-18,FO,NSE,STO,105778,,INOXWIND,,2026-02-24,2026-02-24,145.0,PE,INOXWIND26FEB145PE,45.6,45.7,45.6,45.66,45.63,36.96,98.85,45.66,78650,-10725,3,2044649.75,3,F1,3575,,,,,
2026-02-18,2026-02-18,FO,NSE,STO,115830,,INOXWIND,,2026-03-30,2026-03-30,110.0,PE,INOXWIND26MAR110PE,12.01,12.52,11.99,12.15,12.52,12.75,98.85,12.15,371800,7150,21,9171054.75,16,F1,3575,,,,,
2026-02-18,2026-02-18,FO,NSE,STO,115676,,INOXWIND,,2026-02-24,2026-02-24,112.5,CE,INOXWIND26FEB112.5CE,0.48,0.51,0.15,0.17,0.15,0.37,98.85,0.17,1394250,135850,514,207234885.0,440,F1,3575,,,,,
2026-02-18,2026-02-18,FO,NSE,STO,115682,,INOXWIND,,2026-02-24,2026-02-24,127.5,CE,INOXWIND26FEB127.5CE,0.03,0.05,0.03,0.05,0.05,0.15,98.85,0.05,60775,25025,13,5927779.0,13,F1,3575,,,,,
2026-02-18,2026-02-18,FO,NSE,STO,105776,,INOXWIND,,2026-02-24,2026-02-24,140.0,PE,INOXWIND26FEB140PE,40.5,40.61,40.48,40.6,40.6,40.27,98.85,41.02,1329900,-7150,8,5162907.75,7,F1,3575,,,,,
2026-02-18,2026-02-18,FO,NSE,STO,126817,,INOXWIND,,2026-03-30,2026-03-30,102.5,PE,INOXWIND26MAR102.5PE,0.0,0.0,0.0,5.25,5.25,5.25,98.85,7.45,3575,0,0,0.0,0,F1,3575,,,,,
2026-02-18,2026-02-18,FO,NSE,STO,126843,,INOXWIND,,2026-03-30,2026-03-30,127.5,PE,INOXWIND26MAR127.5PE,27.9,27.9,27.9,27.9,27.9,24.0,98.85,27.9,3575,3575,1,555555.0,1,F1,3575,,,,,
2026-02-18,2026-02-18,FO,NSE,STO,115838,,INOXWIND,,2026-03-30,2026-03-30,130.0,PE,INOXWIND26MAR130PE,30.0,30.06,29.54,29.75,29.92,29.64,98.85,29.75,454025,368225,109,62269814.75,78,F1,3575,,,,,
2026-02-18,2026-02-18,FO,NSE,STO,127074,,INOXWIND,,2026-04-28,2026-04-28,85.0,PE,INOXWIND26APR85PE,0.0,0.0,0.0,2.54,0.0,2.54,98.85,1.92,0,0,0,0.0,0,F1,3575,,,,,
2026-02-18,2026-02-18,FO,NSE,STO,105777,,INOXWIND,,2026-02-24,2026-02-24,145.0,CE,INOXWIND26FEB145CE,0.02,0.02,0.01,0.01,0.01,0.02,98.85,0.01,110825,-10725,3,1555268.0,3,F1,3575,,,,,
2026-02-18,2026-02-18,FO,NSE,STO,105775,,INOXWIND,,2026-02-24,2026-02-24,140.0,CE,INOXWIND26FEB140CE,0.01,0.02,0.01,0.01,0.01,0.01,98.85,0.01,875875,3575,62,31033466.75,18,F1,3575,,,,,
2026-02-18,2026-02-18,FO,NSE,STO,115666,,INOXWIND,,2026-02-24,2026-02-24,87.5,CE,INOXWIND26FEB87.5CE,0.0,0.0,0.0,35.48,0.0,35.48,98.85,11.46,0,0,0,0.0,0,F1,3575,,,,,
2026-02-18,2026-02-18,FO,NSE,STO,115681,,INOXWIND,,2026-02-24,2026-02-24,122.5,PE,INOXWIND26FEB122.5PE,21.89,21.9,21.89,21.9,21.9,21.0,98.85,23.54,103675,-7150,2,1032424.25,2,F1,3575,,,,,
2026-02-18,2026-02-18,FO,NSE,STO,126819,,INOXWIND,,2026-03-30,2026-03-30,107.5,PE,INOXWIND26MAR107.5PE,0.0,0.0,0.0,10.4,10.4,10.4,98.85,10.78,10725,0,0,0.0,0,F1,3575,,,,,
2026-02-18,2026-02-18,FO,NSE,STO,115840,,INOXWIND,,2026-03-30,2026-03-30,135.0,PE,INOXWIND26MAR135PE,35.1,35.2,34.5,34.75,34.75,25.2,98.85,35.44,146575,117975,37,22472450.0,20,F1,3575,,,,,
2026-02-18,2026-02-18,FO,NSE,STO,127181,,INOXWIND,,2026-04-28,2026-04-28,115.0,PE,INOXWIND26APR115PE,0.0,0.0,0.0,15.92,0.0,15.92,98.85,17.65,0,0,0,0.0,0,F1,3575,,,,,
2026-02-18,2026-02-18,FO,NSE,STO,105689,,INOXWIND,,2026-02-24,2026-02-24,120.0,PE,INOXWIND26FEB120PE,20.73,20.73,20.58,20.58,20.58,20.07,98.85,20.58,972400,-3575,3,1508435.5,3,F1,3575,,,,,
2026-02-18,2026-02-18,FO,NSE,STF,51933,,INOXWIND,,2026-03-30,2026-03-30,,,INOXWIND26MARFUT,100.92,103.09,99.2,99.57,99.49,100.56,98.85,99.57,18114525,5001425,2485,891431040.5,1877,F1,3575,,,,,
2026-02-18,2026-02-18,FO,NSE,STO,105779,,INOXWIND,,2026-02-24,2026-02-24,150.0,CE,INOXWIND26FEB150CE,0.01,0.01,0.01,0.01,0.01,0.01,98.85,0.01,804375,-3575,3,1608857.25,3,F1,3575,,,,,
2026-02-18,2026-02-18,FO,NSE,STO,126818,,INOXWIND,,2026-03-30,2026-03-30,107.5,CE,INOXWIND26MAR107.5CE,3.2,3.2,2.78,2.78,2.78,3.61,98.85,2.78,14300,7150,3,1184540.5,3,F1,3575,,,,,
2026-02-18,2026-02-18,FO,NSE,STO,115837,,INOXWIND,,2026-03-30,2026-03-30,130.0,CE,INOXWIND26MAR130CE,0.56,0.56,0.32,0.32,0.33,0.51,98.85,0.32,382525,82225,90,41953375.75,78,F1,3575,,,,,
2026-02-18,2026-02-18,FO,NSE,STO,105683,,INOXWIND,,2026-02-24,2026-02-24,105.0,PE,INOXWIND26FEB105PE,4.5,6.85,4.11,6.55,6.83,6.09,98.85,6.55,1547975,39325,274,108387350.5,234,F1,3575,,,,,
2026-02-18,2026-02-18,FO,NSE,STO,105685,,INOXWIND,,2026-02-24,2026-02-24,110.0,PE,INOXWIND26FEB110PE,9.01,11.38,8.27,11.15,11.38,10.49,98.85,11.15,1794650,-53625,79,33967576.5,74,F1,3575,,,,,
2026-02-18,2026-02-18,FO,NSE,STO,126815,,INOXWIND,,2026-03-30,2026-03-30,97.5,PE,INOXWIND26MAR97.5PE,4.46,5.14,4.34,4.54,4.74,4.7,98.85,4.54,550550,418275,175,63851216.0,149,F1,3575,,,,,
2026-02-18,2026-02-18,FO,NSE,STO,127178,,INOXWIND,,2026-04-28,2026-04-28,110.0,CE,INOXWIND26APR110CE,0.0,0.0,0.0,9.2,0.0,9.2,98.85,3.86,0,0,0,0.0,0,F1,3575,,,,,
2026-02-18,2026-02-18,FO,NSE,STO,105687,,INOXWIND,,2026-02-24,2026-02-24,115.0,PE,INOXWIND26FEB115PE,13.26,16.13,13.25,15.84,16.13,15.15,98.85,15.84,865150,-3575,35,16349511.75,24,F1,3575,,,,,
2026-02-18,2026-02-18,FO,NSE,STO,115685,,INOXWIND,,2026-02-24,2026-02-24,132.5,PE,INOXWIND26FEB132.5PE,0.0,0.0,0.0,30.41,30.41,30.41,98.85,33.53,10725,0,0,0.0,0,F1,3575,,,,,
2026-02-18,2026-02-18,FO,NSE,STO,115736,,INOXWIND,,2026-03-30,2026-03-30,90.0,PE,INOXWIND26MAR90PE,2.1,2.53,1.89,2.11,2.17,2.29,98.85,2.11,432575,139425,120,39554229.0,98,F1,3575,,,,,
2026-02-18,2026-02-18,FO,NSE,STO,115828,,INOXWIND,,2026-03-30,2026-03-30,105.0,PE,INOXWIND26MAR105PE,7.7,9.05,7.61,8.7,9.05,8.96,98.85,8.7,78650,25025,18,7309016.0,18,F1,3575,,,,,
2026-02-18,2026-02-18,FO,NSE,STO,127177,,INOXWIND,,2026-04-28,2026-04-28,105.0,PE,INOXWIND26APR105PE,0.0,0.0,0.0,10.0,0.0,10.0,98.85,10.49,0,0,0,0.0,0,F1,3575,,,,,
2026-02-18,2026-02-18,FO,NSE,STO,127183,,INOXWIND,,2026-04-28,2026-04-28,120.0,PE,INOXWIND26APR120PE,0.0,0.0,0.0,19.35,0.0,19.35,98.85,21.75,0,0,0,0.0,0,F1,3575,,,,,
2026-02-18,2026-02-18,FO,NSE,STF,66866,,INOXWIND,,2026-04-28,2026-04-28,,,INOXWIND26APRFUT,101.5,103.57,99.96,100.16,100.1,101.21,98.85,100.16,1544400,264550,121,43646674.5,117,F1,3575,,,,,
2026-02-18,2026-02-18,FO,NSE,STO,126814,,INOXWIND,,2026-03-30,2026-03-30,97.5,CE,INOXWIND26MAR97.5CE,7.53,7.84,6.8,6.88,6.8,7.8,98.85,6.88,32175,14300,9,3368901.25,9,F1,3575,,,,,
2026-02-18,2026-02-18,FO,NSE,STO,126820,,INOXWIND,,2026-03-30,2026-03-30,112.5,CE,INOXWIND26MAR112.5CE,2.1,2.1,1.51,1.64,1.73,2.46,98.85,1.64,75075,35750,26,10635839.5,17,F1,3575,,,,,
2026-02-18,2026-02-18,FO,NSE,STO,115835,,INOXWIND,,2026-03-30,2026-03-30,125.0,CE,INOXWIND26MAR125CE,0.0,0.0,0.0,1.35,1.35,1.35,98.85,0.39,82225,0,0,0.0,0,F1,3575,,,,,
2026-02-18,2026-02-18,FO,NSE,STO,126816,,INOXWIND,,2026-03-30,2026-03-30,102.5,CE,INOXWIND26MAR102.5CE,6.27,6.45,4.32,4.49,4.32,5.36,98.85,4.49,203775,171600,72,27684728.5,59,F1,3575,,,,,
2026-02-18,2026-02-18,FO,NSE,STO,105690,,INOXWIND,,2026-02-24,2026-02-24,125.0,CE,INOXWIND26FEB125CE,0.1,0.13,0.04,0.05,0.05,0.11,98.85,0.05,1129700,-357500,400,178854461.5,233,F1,3575,,,,,
2026-02-18,2026-02-18,FO,NSE,STO,126992,,INOXWIND,,2026-04-28,2026-04-28,80.0,CE,INOXWIND26APR80CE,0.0,0.0,0.0,27.52,0.0,27.52,98.85,20.69,0,0,0,0.0,0,F1,3575,,,,,
2026-02-18,2026-02-18,FO,NSE,STO,105691,,INOXWIND,,2026-02-24,2026-02-24,125.0,PE,INOXWIND26FEB125PE,0.0,0.0,0.0,25.25,25.25,25.25,98.85,26.04,193050,0,0,0.0,0,F1,3575,,,,,
2026-02-18,2026-02-18,FO,NSE,STO,127185,,INOXWIND,,2026-04-28,2026-04-28,125.0,PE,INOXWIND26APR125PE,0.0,0.0,0.0,23.06,0.0,23.06,98.85,26.09,0,0,0,0.0,0,F1,3575,,,,,
2026-02-18,2026-02-18,FO,NSE,STO,105721,,INOXWIND,,2026-02-24,2026-02-24,130.0,PE,INOXWIND26FEB130PE,29.27,30.89,29.27,30.71,30.84,30.5,98.85,30.71,446875,-82225,39,22394765.25,31,F1,3575,,,,,
2026-02-18,2026-02-18,FO,NSE,STO,127164,,INOXWIND,,2026-04-28,2026-04-28,90.0,PE,INOXWIND26APR90PE,0.0,0.0,0.0,3.85,0.0,3.85,98.85,3.28,0,0,0,0.0,0,F1,3575,,,,,
2026-02-18,2026-02-18,FO,NSE,STO,115688,,INOXWIND,,2026-02-24,2026-02-24,137.5,CE,INOXWIND26FEB137.5CE,0.01,0.02,0.01,0.02,0.02,0.04,98.85,0.02,42900,3575,13,6390991.75,5,F1,3575,,,,,
2026-02-18,2026-02-18,FO,NSE,STO,115667,,INOXWIND,,2026-02-24,2026-02-24,87.5,PE,INOXWIND26FEB87.5PE,0.1,0.25,0.1,0.12,0.12,0.21,98.85,0.12,14300,-21450,18,5640706.5,18,F1,3575,,,,,
2026-02-18,2026-02-18,FO,NSE,STO,127072,,INOXWIND,,2026-04-28,2026-04-28,80.0,PE,INOXWIND26APR80PE,0.0,0.0,0.0,1.58,0.0,1.58,98.85,1.01,0,0,0,0.0,0,F1,3575,,,,,
2026-02-18,2026-02-18,FO,NSE,STO,105680,,INOXWIND,,2026-02-24,2026-02-24,100.0,CE,INOXWIND26FEB100CE,2.95,3.87,1.5,1.79,1.69,2.69,98.85,1.79,4189900,700700,4107,1503729691.75,3247,F1,3575,,,,,
2026-02-18,2026-02-18,FO,NSE,STO,105684,,INOXWIND,,2026-02-24,2026-02-24,110.0,CE,INOXWIND26FEB110CE,0.55,0.74,0.21,0.23,0.21,0.51,98.85,0.23,6835400,-196625,2346,926075150.0,1775,F1,3575,,,,,
2026-02-18,2026-02-18,FO,NSE,STO,115679,,INOXWIND,,2026-02-24,2026-02-24,117.5,PE,INOXWIND26FEB117.5PE,15.72,15.72,15.71,15.71,15.71,18.26,98.85,18.55,110825,3575,2,952487.25,2,F1,3575,,,,,
2026-02-18,2026-02-18,FO,NSE,STO,105722,,INOXWIND,,2026-02-24,2026-02-24,135.0,CE,INOXWIND26FEB135CE,0.02,0.05,0.02,0.03,0.04,0.02,98.85,0.03,153725,-3575,22,10619787.75,20,F1,3575,,,,,
2026-02-18,2026-02-18,FO,NSE,STO,115689,,INOXWIND,,2026-02-24,2026-02-24,137.5,PE,INOXWIND26FEB137.5PE,0.0,0.0,0.0,38.31,38.31,38.31,98.85,38.53,28600,0,0,0.0,0,F1,3575,,,,,
2026-02-18,2026-02-18,FO,NSE,STO,115669,,INOXWIND,,2026-02-24,2026-02-24,92.5,PE,INOXWIND26FEB92.5PE,0.36,0.65,0.23,0.36,0.41,0.53,98.85,0.36,343200,-339625,416,138137642.5,377,F1,3575,,,,,
2026-02-18,2026-02-18,FO,NSE,STO,105677,,INOXWIND,,2026-02-24,2026-02-24,90.0,PE,INOXWIND26FEB90PE,0.21,0.4,0.13,0.19,0.21,0.34,98.85,0.19,1287000,-121550,394,127118169.75,343,F1,3575,,,,,
2026-02-18,2026-02-18,FO,NSE,STO,115733,,INOXWIND,,2026-03-30,2026-03-30,85.0,CE,INOXWIND26MAR85CE,0.0,0.0,0.0,38.87,0.0,38.87,98.85,15.3,0,0,0,0.0,0,F1,3575,,,,,
2026-02-18,2026-02-18,FO,NSE,STO,115677,,INOXWIND,,2026-02-24,2026-02-24,112.5,PE,INOXWIND26FEB112.5PE,10.86,13.73,10.59,13.09,13.17,12.79,98.85,13.09,579150,-139425,100,44880121.0,82,F1,3575,,,,,
2026-02-18,2026-02-18,FO,NSE,STO,127179,,INOXWIND,,2026-04-28,2026-04-28,110.0,PE,INOXWIND26APR110PE,0.0,0.0,0.0,12.79,0.0,12.79,98.85,13.87,0,0,0,0.0,0,F1,3575,,,,,
2026-02-18,2026-02-18,FO,NSE,STO,126821,,INOXWIND,,2026-03-30,2026-03-30,112.5,PE,INOXWIND26MAR112.5PE,0.0,0.0,0.0,9.6,9.6,9.6,98.85,14.65,3575,0,0,0.0,0,F1,3575,,,,,
2026-02-18,2026-02-18,FO,NSE,STO,126813,,INOXWIND,,2026-03-30,2026-03-30,92.5,PE,INOXWIND26MAR92.5PE,2.6,3.15,2.6,3.15,3.15,3.31,98.85,2.74,7150,7150,3,1022771.75,3,F1,3575,,,,,
2026-02-18,2026-02-18,FO,NSE,STO,105676,,INOXWIND,,2026-02-24,2026-02-24,90.0,CE,INOXWIND26FEB90CE,10.38,10.38,9.15,9.4,9.4,10.24,98.85,9.03,175175,-7150,10,3557625.5,10,F1,3575,,,,,
2026-02-18,2026-02-18,FO,NSE,STO,105681,,INOXWIND,,2026-02-24,2026-02-24,100.0,PE,INOXWIND26FEB100PE,2.31,3.2,1.42,2.73,2.94,2.69,98.85,2.73,2491775,-153725,1560,570665559.75,1388,F1,3575,,,,,
2026-02-18,2026-02-18,FO,NSE,STO,115671,,INOXWIND,,2026-02-24,2026-02-24,97.5,PE,INOXWIND26FEB97.5PE,1.0,1.94,0.76,1.52,1.64,1.63,98.85,1.52,1269125,250250,1306,461782321.0,1219,F1,3575,,,,,
2026-02-18,2026-02-18,FO,NSE,STO,42486,,INOXWIND,,2026-02-24,2026-02-24,85.0,PE,INOXWIND26FEB85PE,0.11,0.16,0.05,0.05,0.05,0.14,98.85,0.05,1068925,42900,269,81851269.5,220,F1,3575,,,,,
2026-02-18,2026-02-18,FO,NSE,STO,126839,,INOXWIND,,2026-03-30,2026-03-30,127.5,CE,INOXWIND26MAR127.5CE,0.5,0.51,0.48,0.48,0.48,0.95,98.85,0.29,7150,-3575,5,2287892.75,4,F1,3575,,,,,
2026-02-18,2026-02-18,FO,NSE,STO,115831,,INOXWIND,,2026-03-30,2026-03-30,115.0,CE,INOXWIND26MAR115CE,1.66,2.3,1.31,1.33,1.32,1.68,98.85,1.33,153725,3575,25,10426094.25,25,F1,3575,,,,,
2026-02-18,2026-02-18,FO,NSE,STO,115771,,INOXWIND,,2026-03-30,2026-03-30,100.0,PE,INOXWIND26MAR100PE,4.61,6.36,4.61,5.88,6.05,5.87,98.85,5.88,1512225,239525,294,111166305.25,218,F1,3575,,,,,
2026-02-18,2026-02-18,FO,NSE,STO,115836,,INOXWIND,,2026-03-30,2026-03-30,125.0,PE,INOXWIND26MAR125PE,0.0,0.0,0.0,24.5,24.5,24.5,98.85,25.79,7150,0,0,0.0,0,F1,3575,,,,,
2026-02-18,2026-02-18,FO,NSE,STO,127173,,INOXWIND,,2026-04-28,2026-04-28,95.0,PE,INOXWIND26APR95PE,0.0,0.0,0.0,5.51,0.0,5.51,98.85,5.15,0,0,0,0.0,0,F1,3575,,,,,
2026-02-18,2026-02-18,FO,NSE,STO,126805,,INOXWIND,,2026-03-30,2026-03-30,87.5,PE,INOXWIND26MAR87.5PE,0.0,0.0,0.0,2.05,0.0,2.05,98.85,1.39,0,0,0,0.0,0,F1,3575,,,,,
2026-02-18,2026-02-18,FO,NSE,STO,115670,,INOXWIND,,2026-02-24,2026-02-24,97.5,CE,INOXWIND26FEB97.5CE,4.77,5.63,2.89,3.09,2.93,4.13,98.85,3.09,1147575,46475,1121,405080139.75,817,F1,3575,,,,,
2026-02-18,2026-02-18,FO,NSE,STO,105686,,INOXWIND,,2026-02-24,2026-02-24,115.0,CE,INOXWIND26FEB115CE,0.27,0.37,0.1,0.11,0.1,0.27,98.85,0.11,3106675,-682825,971,399942972.0,692,F1,3575,,,,,
2026-02-18,2026-02-18,FO,NSE,STO,115737,,INOXWIND,,2026-03-30,2026-03-30,95.0,CE,INOXWIND26MAR95CE,0.0,0.0,0.0,9.67,9.67,9.67,98.85,8.07,7150,0,0,0.0,0,F1,3575,,,,,
2026-02-18,2026-02-18,FO,NSE,STO,115672,,INOXWIND,,2026-02-24,2026-02-24,102.5,CE,INOXWIND26FEB102.5CE,2.0,2.57,0.95,1.03,0.95,1.72,98.85,1.03,2706275,278850,3351,1247569609.0,2901,F1,3575,,,,,
2026-02-18,2026-02-18,FO,NSE,STO,105688,,INOXWIND,,2026-02-24,2026-02-24,120.0,CE,INOXWIND26FEB120CE,0.19,0.22,0.07,0.08,0.08,0.18,98.85,0.08,6327750,-321750,774,332355237.5,383,F1,3575,,,,,
2026-02-18,2026-02-18,FO,NSE,STO,115770,,INOXWIND,,2026-03-30,2026-03-30,100.0,CE,INOXWIND26MAR100CE,7.29,7.78,5.43,5.56,5.55,6.51,98.85,5.56,1551550,400400,418,158929771.0,358,F1,3575,,,,,
2026-02-18,2026-02-18,FO,NSE,STO,127073,,INOXWIND,,2026-04-28,2026-04-28,85.0,CE,INOXWIND26APR85CE,0.0,0.0,0.0,23.57,0.0,23.57,98.85,16.65,0,0,0,0.0,0,F1,3575,,,,,
2026-02-18,2026-02-18,FO,NSE,STO,127163,,INOXWIND,,2026-04-28,2026-04-28,90.0,CE,INOXWIND26APR90CE,15.08,15.08,15.08,15.08,15.08,19.95,98.85,13.06,3575,3575,1,375661.0,1,F1,3575,,,,,
2026-02-18,2026-02-18,FO,NSE,STO,145660,,NTPC,,2026-03-30,2026-03-30,347.5,PE,NTPC26MAR347.5PE,2.4,2.7,2.35,2.35,2.35,14.9,368.4,2.35,16500,16500,23,12076125.0,22,F1,1500,,,,,
2026-02-18,2026-02-18,FO,NSE,STO,121998,,NTPC,,2026-02-24,2026-02-24,360.0,PE,NTPC26FEB360PE,0.7,0.75,0.35,0.4,0.35,0.75,368.4,0.4,3763500,372000,2256,1219802700.0,813,F1,1500,,,,,
2026-02-18,2026-02-18,FO,NSE,STO,144598,,NTPC,,2026-02-24,2026-02-24,352.5,PE,NTPC26FEB352.5PE,0.25,0.3,0.2,0.2,0.2,0.35,368.4,0.3,628500,-42000,43,22751025.0,32,F1,1500,,,,,
2026-02-18,2026-02-18,FO,NSE,STO,144586,,NTPC,,2026-02-24,2026-02-24,322.5,PE,NTPC26FEB322.5PE,0.0,0.0,0.0,0.2,0.2,0.2,368.4,0.05,220500,0,0,0.0,0,F1,1500,,,,,
2026-02-18,2026-02-18,FO,NSE,STO,145895,,NTPC,,2026-04-28,2026-04-28,410.0,CE,NTPC26APR410CE,0.0,0.0,0.0,3.05,0.0,3.05,368.4,3.35,0,0,0,0.0,0,F1,1500,,,,,
2026-02-18,2026-02-18,FO,NSE,STO,121905,,NTPC,,2026-02-24,2026-02-24,290.0,PE,NTPC26FEB290PE,0.0,0.0,0.0,0.1,0.1,0.1,368.4,0.05,267000,0,0,0.0,0,F1,1500,,,,,
2026-02-18,2026-02-18,FO,NSE,STO,144572,,NTPC,,2026-02-24,2026-02-24,302.5,PE,NTPC26FEB302.5PE,0.0,0.0,0.0,4.0,0.0,4.0,368.4,0.05,0,0,0,0.0,0,F1,1500,,,,,
2026-02-18,2026-02-18,FO,NSE,STO,144585,,NTPC,,2026-02-24,2026-02-24,322.5,CE,NTPC26FEB322.5CE,0.0,0.0,0.0,22.9,22.9,22.9,368.4,46.2,15000,0,0,0.0,0,F1,1500,,,,,
2026-02-18,2026-02-18,FO,NSE,STO,145664,,NTPC,,2026-03-30,2026-03-30,357.5,PE,NTPC26MAR357.5PE,0.0,0.0,0.0,20.5,0.0,20.5,368.4,5.6,0,0,0,0.0,0,F1,1500,,,,,
2026-02-18,2026-02-18,FO,NSE,STO,145674,,NTPC,,2026-03-30,2026-03-30,382.5,PE,NTPC26MAR382.5PE,0.0,0.0,0.0,38.35,0.0,38.35,368.4,18.15,0,0,0,0.0,0,F1,1500,,,,,
2026-02-18,2026-02-18,FO,NSE,STO,144826,,NTPC,,2026-03-30,2026-03-30,395.0,PE,NTPC26MAR395PE,0.0,0.0,0.0,66.05,0.0,66.05,368.4,27.45,0,0,0,0.0,0,F1,1500,,,,,
2026-02-18,2026-02-18,FO,NSE,STO,144830,,NTPC,,2026-03-30,2026-03-30,405.0,PE,NTPC26MAR405PE,0.0,0.0,0.0,75.3,0.0,75.3,368.4,35.9,0,0,0,0.0,0,F1,1500,,,,,
2026-02-18,2026-02-18,FO,NSE,STO,144688,,NTPC,,2026-03-30,2026-03-30,330.0,PE,NTPC26MAR330PE,0.95,1.1,0.85,0.85,0.85,1.05,368.4,0.85,265500,6000,28,13903575.0,21,F1,1500,,,,,
2026-02-18,2026-02-18,FO,NSE,STO,145797,,NTPC,,2026-04-28,2026-04-28,300.0,CE,NTPC26APR300CE,0.0,0.0,0.0,52.05,0.0,52.05,368.4,71.7,0,0,0,0.0,0,F1,1500,,,,,
2026-02-18,2026-02-18,FO,NSE,STO,145671,,NTPC,,2026-03-30,2026-03-30,377.5,CE,NTPC26MAR377.5CE,7.3,7.3,6.95,6.95,6.95,7.3,368.4,8.15,9000,-1500,6,3461475.0,4,F1,1500,,,,,
2026-02-18,2026-02-18,FO,NSE,STO,144695,,NTPC,,2026-03-30,2026-03-30,350.0,CE,NTPC26MAR350CE,25.25,25.85,23.5,23.8,23.8,23.9,368.4,24.0,124500,12000,11,6186450.0,11,F1,1500,,,,,
2026-02-18,2026-02-18,FO,NSE,STO,145649,,NTPC,,2026-03-30,2026-03-30,322.5,CE,NTPC26MAR322.5CE,0.0,0.0,0.0,30.95,0.0,30.95,368.4,48.15,0,0,0,0.0,0,F1,1500,,,,,
2026-02-18,2026-02-18,FO,NSE,STO,122017,,NTPC,,2026-02-24,2026-02-24,410.0,CE,NTPC26FEB410CE,0.1,0.1,0.1,0.1,0.1,0.1,368.4,0.05,1032000,-21000,15,9227250.0,6,F1,1500,,,,,
2026-02-18,2026-02-18,FO,NSE,STO,144671,,NTPC,,2026-03-30,2026-03-30,290.0,CE,NTPC26MAR290CE,0.0,0.0,0.0,42.6,0.0,42.6,368.4,80.15,0,0,0,0.0,0,F1,1500,,,,,
2026-02-18,2026-02-18,FO,NSE,STO,144673,,NTPC,,2026-03-30,2026-03-30,295.0,CE,NTPC26MAR295CE,0.0,0.0,0.0,38.65,0.0,38.65,368.4,75.2,0,0,0,0.0,0,F1,1500,,,,,
2026-02-18,2026-02-18,FO,NSE,STO,144675,,NTPC,,2026-03-30,2026-03-30,300.0,CE,NTPC26MAR300CE,0.0,0.0,0.0,34.9,0.0,34.9,368.4,70.2,0,0,0,0.0,0,F1,1500,,,,,
2026-02-18,2026-02-18,FO,NSE,STO,144681,,NTPC,,2026-03-30,2026-03-30,315.0,CE,NTPC26MAR315CE,0.0,0.0,0.0,24.8,0.0,24.8,368.4,55.45,0,0,0,0.0,0,F1,1500,,,,,
2026-02-18,2026-02-18,FO,NSE,STO,145647,,NTPC,,2026-03-30,2026-03-30,317.5,CE,NTPC26MAR317.5CE,0.0,0.0,0.0,34.7,0.0,34.7,368.4,53.0,0,0,0,0.0,0,F1,1500,,,,,
2026-02-18,2026-02-18,FO,NSE,STO,144599,,NTPC,,2026-02-24,2026-02-24,357.5,CE,NTPC26FEB357.5CE,11.15,13.2,11.15,11.65,11.4,11.45,368.4,11.65,514500,10500,34,18844875.0,33,F1,1500,,,,,
2026-02-18,2026-02-18,FO,NSE,STO,145857,,NTPC,,2026-04-28,2026-04-28,315.0,CE,NTPC26APR315CE,0.0,0.0,0.0,40.05,0.0,40.05,368.4,57.3,0,0,0,0.0,0,F1,1500,,,,,
2026-02-18,2026-02-18,FO,NSE,STO,145885,,NTPC,,2026-04-28,2026-04-28,385.0,CE,NTPC26APR385CE,0.0,0.0,0.0,6.95,0.0,6.95,368.4,9.4,0,0,0,0.0,0,F1,1500,,,,,
2026-02-18,2026-02-18,FO,NSE,STO,145639,,NTPC,,2026-03-30,2026-03-30,297.5,CE,NTPC26MAR297.5CE,0.0,0.0,0.0,51.6,0.0,51.6,368.4,72.7,0,0,0,0.0,0,F1,1500,,,,,
2026-02-18,2026-02-18,FO,NSE,STO,144615,,NTPC,,2026-02-24,2026-02-24,397.5,CE,NTPC26FEB397.5CE,0.0,0.0,0.0,0.25,0.25,0.25,368.4,0.05,25500,0,0,0.0,0,F1,1500,,,,,
2026-02-18,2026-02-18,FO,NSE,STO,122011,,NTPC,,2026-02-24,2026-02-24,395.0,CE,NTPC26FEB395CE,0.2,0.25,0.15,0.2,0.2,0.25,368.4,0.2,480000,-58500,80,47421900.0,21,F1,1500,,,,,
2026-02-18,2026-02-18,FO,NSE,STO,144609,,NTPC,,2026-02-24,2026-02-24,382.5,CE,NTPC26FEB382.5CE,0.4,0.5,0.3,0.35,0.35,0.45,368.4,0.35,189000,27000,135,77544150.0,101,F1,1500,,,,,
2026-02-18,2026-02-18,FO,NSE,STO,121955,,NTPC,,2026-02-24,2026-02-24,350.0,CE,NTPC26FEB350CE,18.15,20.45,17.85,18.9,18.8,18.55,368.4,18.9,11314500,-97500,95,52592850.0,93,F1,1500,,,,,
2026-02-18,2026-02-18,FO,NSE,STO,121953,,NTPC,,2026-02-24,2026-02-24,345.0,CE,NTPC26FEB345CE,23.4,25.3,23.4,23.75,23.9,23.4,368.4,23.75,1215000,-12000,19,10528200.0,19,F1,1500,,,,,
2026-02-18,2026-02-18,FO,NSE,STO,121930,,NTPC,,2026-02-24,2026-02-24,315.0,CE,NTPC26FEB315CE,0.0,0.0,0.0,26.9,26.9,26.9,368.4,53.7,0,0,0,0.0,0,F1,1500,,,,,
2026-02-18,2026-02-18,FO,NSE,STO,121904,,NTPC,,2026-02-24,2026-02-24,290.0,CE,NTPC26FEB290CE,0.0,0.0,0.0,56.85,56.85,56.85,368.4,78.65,3000,0,0,0.0,0,F1,1500,,,,,
2026-02-18,2026-02-18,FO,NSE,STO,145854,,NTPC,,2026-04-28,2026-04-28,305.0,PE,NTPC26APR305PE,0.0,0.0,0.0,3.5,0.0,3.5,368.4,0.3,0,0,0,0.0,0,F1,1500,,,,,
2026-02-18,2026-02-18,FO,NSE,STO,144708,,NTPC,,2026-03-30,2026-03-30,380.0,PE,NTPC26MAR380PE,15.05,15.05,14.05,14.5,14.5,15.15,368.4,16.5,154500,16500,25,14793900.0,19,F1,1500,,,,,
2026-02-18,2026-02-18,FO,NSE,STO,145670,,NTPC,,2026-03-30,2026-03-30,372.5,PE,NTPC26MAR372.5PE,0.0,0.0,0.0,30.6,0.0,30.6,368.4,12.1,0,0,0,0.0,0,F1,1500,,,,,
2026-02-18,2026-02-18,FO,NSE,STO,145668,,NTPC,,2026-03-30,2026-03-30,367.5,PE,NTPC26MAR367.5PE,0.0,0.0,0.0,27.0,0.0,27.0,368.4,9.6,0,0,0,0.0,0,F1,1500,,,,,
2026-02-18,2026-02-18,FO,NSE,STO,145654,,NTPC,,2026-03-30,2026-03-30,332.5,PE,NTPC26MAR332.5PE,0.0,0.0,0.0,8.45,0.0,8.45,368.4,0.9,0,0,0,0.0,0,F1,1500,,,,,
2026-02-18,2026-02-18,FO,NSE,STO,145650,,NTPC,,2026-03-30,2026-03-30,322.5,PE,NTPC26MAR322.5PE,0.0,0.0,0.0,3.75,3.75,3.75,368.4,0.35,7500,0,0,0.0,0,F1,1500,,,,,
2026-02-18,2026-02-18,FO,NSE,STO,122020,,NTPC,,2026-02-24,2026-02-24,415.0,PE,NTPC26FEB415PE,0.0,0.0,0.0,86.0,0.0,86.0,368.4,46.25,0,0,0,0.0,0,F1,1500,,,,,
2026-02-18,2026-02-18,FO,NSE,STO,122010,,NTPC,,2026-02-24,2026-02-24,390.0,PE,NTPC26FEB390PE,0.0,0.0,0.0,24.9,24.9,24.9,368.4,21.35,4500,0,0,0.0,0,F1,1500,,,,,
2026-02-18,2026-02-18,FO,NSE,STO,122006,,NTPC,,2026-02-24,2026-02-24,380.0,PE,NTPC26FEB380PE,12.05,12.45,10.25,11.35,11.35,12.0,368.4,11.35,2290500,-3000,70,41094825.0,70,F1,1500,,,,,
2026-02-18,2026-02-18,FO,NSE,STO,122002,,NTPC,,2026-02-24,2026-02-24,370.0,PE,NTPC26FEB370PE,3.45,4.1,2.4,3.1,3.2,3.85,368.4,3.1,4275000,255000,3343,1871040675.0,2695,F1,1500,,,,,
2026-02-18,2026-02-18,FO,NSE,STO,144600,,NTPC,,2026-02-24,2026-02-24,357.5,PE,NTPC26FEB357.5PE,0.45,0.45,0.2,0.25,0.25,0.5,368.4,0.25,588000,55500,519,278567400.0,300,F1,1500,,,,,
2026-02-18,2026-02-18,FO,NSE,STO,144596,,NTPC,,2026-02-24,2026-02-24,347.5,PE,NTPC26FEB347.5PE,0.15,0.2,0.05,0.15,0.15,0.25,368.4,0.15,474000,-19500,169,88127625.0,88,F1,1500,,,,,
2026-02-18,2026-02-18,FO,NSE,STO,144594,,NTPC,,2026-02-24,2026-02-24,342.5,PE,NTPC26FEB342.5PE,0.2,0.2,0.15,0.15,0.15,0.2,368.4,0.15,349500,-9000,11,5654100.0,10,F1,1500,,,,,
2026-02-18,2026-02-18,FO,NSE,STO,121935,,NTPC,,2026-02-24,2026-02-24,325.0,PE,NTPC26FEB325PE,0.15,0.15,0.1,0.1,0.1,0.1,368.4,0.05,259500,-58500,43,20969325.0,5,F1,1500,,,,,
2026-02-18,2026-02-18,FO,NSE,STO,145943,,NTPC,,2026-04-28,2026-04-28,420.0,CE,NTPC26APR420CE,0.0,0.0,0.0,2.1,0.0,2.1,368.4,2.1,0,0,0,0.0,0,F1,1500,,,,,
2026-02-18,2026-02-18,FO,NSE,STO,145869,,NTPC,,2026-04-28,2026-04-28,345.0,CE,NTPC26APR345CE,0.0,0.0,0.0,21.05,0.0,21.05,368.4,31.45,0,0,0,0.0,0,F1,1500,,,,,
2026-02-18,2026-02-18,FO,NSE,STO,145855,,NTPC,,2026-04-28,2026-04-28,310.0,CE,NTPC26APR310CE,0.0,0.0,0.0,43.85,0.0,43.85,368.4,62.05,0,0,0,0.0,0,F1,1500,,,,,
2026-02-18,2026-02-18,FO,NSE,STO,144827,,NTPC,,2026-03-30,2026-03-30,400.0,CE,NTPC26MAR400CE,2.8,3.0,2.45,2.55,2.55,2.8,368.4,2.55,3850500,165000,841,508067775.0,611,F1,1500,,,,,
2026-02-18,2026-02-18,FO,NSE,STO,144709,,NTPC,,2026-03-30,2026-03-30,385.0,CE,NTPC26MAR385CE,5.05,5.65,4.6,4.7,4.65,5.55,368.4,4.7,84000,75000,64,37415775.0,42,F1,1500,,,,,
2026-02-18,2026-02-18,FO,NSE,STO,145673,,NTPC,,2026-03-30,2026-03-30,382.5,CE,NTPC26MAR382.5CE,0.0,0.0,0.0,4.55,0.0,4.55,368.4,6.35,0,0,0,0.0,0,F1,1500,,,,,
2026-02-18,2026-02-18,FO,NSE,STO,145669,,NTPC,,2026-03-30,2026-03-30,372.5,CE,NTPC26MAR372.5CE,0.0,0.0,0.0,10.3,10.3,10.3,368.4,10.25,33000,0,0,0.0,0,F1,1500,,,,,
2026-02-18,2026-02-18,FO,NSE,STO,144701,,NTPC,,2026-03-30,2026-03-30,365.0,CE,NTPC26MAR365CE,14.25,14.3,12.75,12.9,12.9,13.0,368.4,12.9,169500,3000,10,5679525.0,9,F1,1500,,,,,
2026-02-18,2026-02-18,FO,NSE,STO,144697,,NTPC,,2026-03-30,2026-03-30,355.0,CE,NTPC26MAR355CE,0.0,0.0,0.0,19.9,19.9,19.9,368.4,20.35,18000,0,0,0.0,0,F1,1500,,,,,
2026-02-18,2026-02-18,FO,NSE,STO,145659,,NTPC,,2026-03-30,2026-03-30,347.5,CE,NTPC26MAR347.5CE,0.0,0.0,0.0,15.65,15.65,15.65,368.4,25.95,19500,0,0,0.0,0,F1,1500,,,,,
2026-02-18,2026-02-18,FO,NSE,STO,144677,,NTPC,,2026-03-30,2026-03-30,305.0,CE,NTPC26MAR305CE,0.0,0.0,0.0,31.3,0.0,31.3,368.4,65.25,0,0,0,0.0,0,F1,1500,,,,,
2026-02-18,2026-02-18,FO,NSE,STO,144686,,NTPC,,2026-03-30,2026-03-30,325.0,PE,NTPC26MAR325PE,0.0,0.0,0.0,14.55,0.0,14.55,368.4,0.45,0,0,0,0.0,0,F1,1500,,,,,
2026-02-18,2026-02-18,FO,NSE,STO,144571,,NTPC,,2026-02-24,2026-02-24,302.5,CE,NTPC26FEB302.5CE,0.0,0.0,0.0,29.2,0.0,29.2,368.4,66.15,0,0,0,0.0,0,F1,1500,,,,,
2026-02-18,2026-02-18,FO,NSE,STO,144595,,NTPC,,2026-02-24,2026-02-24,347.5,CE,NTPC26FEB347.5CE,22.25,22.25,20.5,21.4,21.35,18.9,368.4,21.4,835500,-15000,19,10518900.0,14,F1,1500,,,,,
2026-02-18,2026-02-18,FO,NSE,STO,144601,,NTPC,,2026-02-24,2026-02-24,362.5,CE,NTPC26FEB362.5CE,7.0,8.5,6.35,7.05,6.45,7.05,368.4,7.05,1504500,-34500,411,228033150.0,403,F1,1500,,,,,
2026-02-18,2026-02-18,FO,NSE,STO,144679,,NTPC,,2026-03-30,2026-03-30,310.0,CE,NTPC26MAR310CE,0.0,0.0,0.0,57.75,57.75,57.75,368.4,60.35,1500,0,0,0.0,0,F1,1500,,,,,
2026-02-18,2026-02-18,FO,NSE,STO,145653,,NTPC,,2026-03-30,2026-03-30,332.5,CE,NTPC26MAR332.5CE,0.0,0.0,0.0,24.1,0.0,24.1,368.4,38.8,0,0,0,0.0,0,F1,1500,,,,,
2026-02-18,2026-02-18,FO,NSE,STO,144691,,NTPC,,2026-03-30,2026-03-30,340.0,CE,NTPC26MAR340CE,0.0,0.0,0.0,12.6,0.0,12.6,368.4,32.15,0,0,0,0.0,0,F1,1500,,,,,
2026-02-18,2026-02-18,FO,NSE,STO,145663,,NTPC,,2026-03-30,2026-03-30,357.5,CE,NTPC26MAR357.5CE,0.0,0.0,0.0,11.45,0.0,11.45,368.4,18.65,0,0,0,0.0,0,F1,1500,,,,,
2026-02-18,2026-02-18,FO,NSE,STO,121901,,NTPC,,2026-02-24,2026-02-24,280.0,PE,NTPC26FEB280PE,0.0,0.0,0.0,0.05,0.05,0.05,368.4,0.05,244500,0,0,0.0,0,F1,1500,,,,,
2026-02-18,2026-02-18,FO,NSE,STO,144694,,NTPC,,2026-03-30,2026-03-30,345.0,PE,NTPC26MAR345PE,2.2,2.3,2.0,2.05,2.05,2.45,368.4,2.05,39000,6000,14,7290375.0,14,F1,1500,,,,,
2026-02-18,2026-02-18,FO,NSE,STO,121927,,NTPC,,2026-02-24,2026-02-24,305.0,PE,NTPC26FEB305PE,0.0,0.0,0.0,1.2,1.2,1.2,368.4,0.05,3000,0,0,0.0,0,F1,1500,,,,,
2026-02-18,2026-02-18,FO,NSE,STO,145658,,NTPC,,2026-03-30,2026-03-30,342.5,PE,NTPC26MAR342.5PE,0.0,0.0,0.0,2.0,2.0,2.0,368.4,2.05,1500,0,0,0.0,0,F1,1500,,,,,
2026-02-18,2026-02-18,FO,NSE,STO,145656,,NTPC,,2026-03-30,2026-03-30,337.5,PE,NTPC26MAR337.5PE,0.0,0.0,0.0,10.35,0.0,10.35,368.4,1.4,0,0,0,0.0,0,F1,1500,,,,,
2026-02-18,2026-02-18,FO,NSE,STO,145636,,NTPC,,2026-03-30,2026-03-30,287.5,PE,NTPC26MAR287.5PE,0.0,0.0,0.0,0.65,0.0,0.65,368.4,0.05,0,0,0,0.0,0,F1,1500,,,,,
2026-02-18,2026-02-18,FO,NSE,STO,145896,,NTPC,,2026-04-28,2026-04-28,410.0,PE,NTPC26APR410PE,0.0,0.0,0.0,62.05,0.0,62.05,368.4,40.75,0,0,0,0.0,0,F1,1500,,,,,
2026-02-18,2026-02-18,FO,NSE,STO,145892,,NTPC,,2026-04-28,2026-04-28,400.0,PE,NTPC26APR400PE,0.0,0.0,0.0,53.45,0.0,53.45,368.4,32.65,0,0,0,0.0,0,F1,1500,,,,,
2026-02-18,2026-02-18,FO,NSE,STO,145868,,NTPC,,2026-04-28,2026-04-28,340.0,PE,NTPC26APR340PE,0.0,0.0,0.0,13.8,0.0,13.8,368.4,3.45,0,0,0,0.0,0,F1,1500,,,,,
2026-02-18,2026-02-18,FO,NSE,STO,144602,,NTPC,,2026-02-24,2026-02-24,362.5,PE,NTPC26FEB362.5PE,0.95,1.15,0.55,0.6,0.6,1.05,368.4,0.6,1759500,265500,1301,708881850.0,527,F1,1500,,,,,
2026-02-18,2026-02-18,FO,NSE,STO,122000,,NTPC,,2026-02-24,2026-02-24,365.0,PE,NTPC26FEB365PE,1.5,1.7,0.9,1.0,1.05,1.65,368.4,1.0,3537000,180000,5039,2767730400.0,2222,F1,1500,,,,,
2026-02-18,2026-02-18,FO,NSE,STO,145858,,NTPC,,2026-04-28,2026-04-28,315.0,PE,NTPC26APR315PE,0.0,0.0,0.0,5.5,0.0,5.5,368.4,0.65,0,0,0,0.0,0,F1,1500,,,,,
2026-02-18,2026-02-18,FO,NSE,STO,144824,,NTPC,,2026-03-30,2026-03-30,390.0,PE,NTPC26MAR390PE,0.0,0.0,0.0,61.5,0.0,61.5,368.4,23.5,0,0,0,0.0,0,F1,1500,,,,,
2026-02-18,2026-02-18,FO,NSE,STO,144704,,NTPC,,2026-03-30,2026-03-30,370.0,PE,NTPC26MAR370PE,8.25,9.5,8.0,8.8,8.95,9.35,368.4,8.8,729000,186000,244,138704775.0,238,F1,1500,,,,,
2026-02-18,2026-02-18,FO,NSE,STO,145679,,NTPC,,2026-03-30,2026-03-30,397.5,CE,NTPC26MAR397.5CE,2.95,3.25,2.7,2.7,2.7,3.0,368.4,2.75,189000,12000,12,7208250.0,10,F1,1500,,,,,
2026-02-18,2026-02-18,FO,NSE,STO,145637,,NTPC,,2026-03-30,2026-03-30,292.5,CE,NTPC26MAR292.5CE,0.0,0.0,0.0,56.15,0.0,56.15,368.4,77.65,0,0,0,0.0,0,F1,1500,,,,,
2026-02-18,2026-02-18,FO,NSE,STO,145635,,NTPC,,2026-03-30,2026-03-30,287.5,CE,NTPC26MAR287.5CE,0.0,0.0,0.0,60.85,0.0,60.85,368.4,82.65,0,0,0,0.0,0,F1,1500,,,,,
2026-02-18,2026-02-18,FO,NSE,STO,122021,,NTPC,,2026-02-24,2026-02-24,420.0,CE,NTPC26FEB420CE,0.0,0.0,0.0,0.75,0.0,0.75,368.4,0.05,0,0,0,0.0,0,F1,1500,,,,,
2026-02-18,2026-02-18,FO,NSE,STO,144591,,NTPC,,2026-02-24,2026-02-24,337.5,CE,NTPC26FEB337.5CE,32.25,32.7,31.95,32.55,32.55,32.55,368.4,31.2,175500,-1500,4,2219175.0,4,F1,1500,,,,,
2026-02-18,2026-02-18,FO,NSE,STO,121936,,NTPC,,2026-02-24,2026-02-24,330.0,CE,NTPC26FEB330CE,38.6,38.6,38.2,38.5,38.5,39.15,368.4,38.7,270000,-1500,3,1657950.0,3,F1,1500,,,,,
2026-02-18,2026-02-18,FO,NSE,STO,144593,,NTPC,,2026-02-24,2026-02-24,342.5,CE,NTPC26FEB342.5CE,25.65,27.7,25.65,25.85,25.85,24.65,368.4,26.25,189000,-9000,8,4425675.0,8,F1,1500,,,,,
2026-02-18,2026-02-18,FO,NSE,STO,145661,,NTPC,,2026-03-30,2026-03-30,352.5,CE,NTPC26MAR352.5CE,0.0,0.0,0.0,14.5,14.5,14.5,368.4,22.15,1500,0,0,0.0,0,F1,1500,,,,,
2026-02-18,2026-02-18,FO,NSE,STO,121926,,NTPC,,2026-02-24,2026-02-24,305.0,CE,NTPC26FEB305CE,0.0,0.0,0.0,31.25,0.0,31.25,368.4,63.7,0,0,0,0.0,0,F1,1500,,,,,
2026-02-18,2026-02-18,FO,NSE,STO,145882,,NTPC,,2026-04-28,2026-04-28,375.0,PE,NTPC26APR375PE,0.0,0.0,0.0,33.95,0.0,33.95,368.4,16.05,0,0,0,0.0,0,F1,1500,,,,,
2026-02-18,2026-02-18,FO,NSE,STO,144828,,NTPC,,2026-03-30,2026-03-30,400.0,PE,NTPC26MAR400PE,0.0,0.0,0.0,32.0,32.0,32.0,368.4,31.55,1500,0,0,0.0,0,F1,1500,,,,,
2026-02-18,2026-02-18,FO,NSE,STO,144702,,NTPC,,2026-03-30,2026-03-30,365.0,PE,NTPC26MAR365PE,7.0,7.0,6.5,6.5,6.5,40.3,368.4,6.5,33000,33000,27,15063300.0,21,F1,1500,,,,,
2026-02-18,2026-02-18,FO,NSE,STO,145662,,NTPC,,2026-03-30,2026-03-30,352.5,PE,NTPC26MAR352.5PE,0.0,0.0,0.0,3.6,3.6,3.6,368.4,4.15,45000,0,0,0.0,0,F1,1500,,,,,
2026-02-18,2026-02-18,FO,NSE,STO,144696,,NTPC,,2026-03-30,2026-03-30,350.0,PE,NTPC26MAR350PE,3.0,3.1,2.65,2.7,2.7,3.0,368.4,2.7,324000,57000,197,104273775.0,113,F1,1500,,,,,
2026-02-18,2026-02-18,FO,NSE,STO,144674,,NTPC,,2026-03-30,2026-03-30,295.0,PE,NTPC26MAR295PE,0.0,0.0,0.0,4.4,0.0,4.4,368.4,0.05,0,0,0,0.0,0,F1,1500,,,,,
2026-02-18,2026-02-18,FO,NSE,STO,122016,,NTPC,,2026-02-24,2026-02-24,405.0,PE,NTPC26FEB405PE,0.0,0.0,0.0,76.6,0.0,76.6,368.4,36.25,0,0,0,0.0,0,F1,1500,,,,,
2026-02-18,2026-02-18,FO,NSE,STO,121956,,NTPC,,2026-02-24,2026-02-24,350.0,PE,NTPC26FEB350PE,0.25,0.25,0.15,0.2,0.2,0.25,368.4,0.2,4411500,-25500,1285,675014775.0,285,F1,1500,,,,,
2026-02-18,2026-02-18,FO,NSE,STO,121946,,NTPC,,2026-02-24,2026-02-24,335.0,PE,NTPC26FEB335PE,0.15,0.15,0.1,0.15,0.1,0.2,368.4,0.15,654000,-15000,30,15081450.0,17,F1,1500,,,,,
2026-02-18,2026-02-18,FO,NSE,STO,121937,,NTPC,,2026-02-24,2026-02-24,330.0,PE,NTPC26FEB330PE,0.15,0.15,0.1,0.1,0.1,0.15,368.4,0.1,897000,-289500,300,148552950.0,54,F1,1500,,,,,
2026-02-18,2026-02-18,FO,NSE,STO,144588,,NTPC,,2026-02-24,2026-02-24,327.5,PE,NTPC26FEB327.5PE,0.1,0.1,0.1,0.1,0.1,0.15,368.4,0.05,145500,-1500,1,491400.0,1,F1,1500,,,,,
2026-02-18,2026-02-18,FO,NSE,STO,144568,,NTPC,,2026-02-24,2026-02-24,292.5,PE,NTPC26FEB292.5PE,0.0,0.0,0.0,2.15,0.0,2.15,368.4,0.05,0,0,0,0.0,0,F1,1500,,,,,
2026-02-18,2026-02-18,FO,NSE,STO,145877,,NTPC,,2026-04-28,2026-04-28,365.0,CE,NTPC26APR365CE,0.0,0.0,0.0,12.5,0.0,12.5,368.4,18.3,0,0,0,0.0,0,F1,1500,,,,,
2026-02-18,2026-02-18,FO,NSE,STO,145867,,NTPC,,2026-04-28,2026-04-28,340.0,CE,NTPC26APR340CE,0.0,0.0,0.0,23.7,0.0,23.7,368.4,35.35,0,0,0,0.0,0,F1,1500,,,,,
2026-02-18,2026-02-18,FO,NSE,STO,145793,,NTPC,,2026-04-28,2026-04-28,290.0,CE,NTPC26APR290CE,0.0,0.0,0.0,60.75,0.0,60.75,368.4,81.45,0,0,0,0.0,0,F1,1500,,,,,
2026-02-18,2026-02-18,FO,NSE,STO,145652,,NTPC,,2026-03-30,2026-03-30,327.5,PE,NTPC26MAR327.5PE,0.0,0.0,0.0,0.7,0.7,0.7,368.4,0.55,0,0,0,0.0,0,F1,1500,,,,,
2026-02-18,2026-02-18,FO,NSE,STO,144604,,NTPC,,2026-02-24,2026-02-24,367.5,PE,NTPC26FEB367.5PE,2.4,2.7,1.5,1.85,2.0,2.55,368.4,1.85,2512500,534000,2768,1533972375.0,1693,F1,1500,,,,,
2026-02-18,2026-02-18,FO,NSE,STO,121996,,NTPC,,2026-02-24,2026-02-24,355.0,PE,NTPC26FEB355PE,0.35,0.35,0.15,0.2,0.2,0.4,368.4,0.2,2214000,-52500,534,284537625.0,198,F1,1500,,,,,
2026-02-18,2026-02-18,FO,NSE,STO,121929,,NTPC,,2026-02-24,2026-02-24,310.0,PE,NTPC26FEB310PE,0.1,0.1,0.05,0.1,0.1,0.1,368.4,0.1,351000,-28500,71,33020550.0,8,F1,1500,,,,,
2026-02-18,2026-02-18,FO,NSE,STO,144570,,NTPC,,2026-02-24,2026-02-24,297.5,PE,NTPC26FEB297.5PE,0.0,0.0,0.0,2.95,0.0,2.95,368.4,0.05,0,0,0,0.0,0,F1,1500,,,,,
2026-02-18,2026-02-18,FO,NSE,STO,145881,,NTPC,,2026-04-28,2026-04-28,375.0,CE,NTPC26APR375CE,0.0,0.0,0.0,9.4,0.0,9.4,368.4,13.3,0,0,0,0.0,0,F1,1500,,,,,
2026-02-18,2026-02-18,FO,NSE,STO,145861,,NTPC,,2026-04-28,2026-04-28,325.0,CE,NTPC26APR325CE,0.0,0.0,0.0,32.9,0.0,32.9,368.4,48.1,0,0,0,0.0,0,F1,1500,,,,,
2026-02-18,2026-02-18,FO,NSE,STO,145677,,NTPC,,2026-03-30,2026-03-30,392.5,CE,NTPC26MAR392.5CE,3.8,3.8,3.4,3.4,3.4,3.6,368.4,3.7,64500,6000,4,2376375.0,4,F1,1500,,,,,
2026-02-18,2026-02-18,FO,NSE,STO,145657,,NTPC,,2026-03-30,2026-03-30,342.5,CE,NTPC26MAR342.5CE,0.0,0.0,0.0,18.3,0.0,18.3,368.4,30.0,0,0,0,0.0,0,F1,1500,,,,,
2026-02-18,2026-02-18,FO,NSE,STO,144687,,NTPC,,2026-03-30,2026-03-30,330.0,CE,NTPC26MAR330CE,42.0,42.0,42.0,42.0,42.0,16.8,368.4,41.1,1500,1500,1,558000.0,1,F1,1500,,,,,
2026-02-18,2026-02-18,FO,NSE,STO,144669,,NTPC,,2026-03-30,2026-03-30,285.0,CE,NTPC26MAR285CE,0.0,0.0,0.0,46.75,0.0,46.75,368.4,85.1,0,0,0,0.0,0,F1,1500,,,,,
2026-02-18,2026-02-18,FO,NSE,STO,144613,,NTPC,,2026-02-24,2026-02-24,392.5,CE,NTPC26FEB392.5CE,0.3,0.3,0.2,0.25,0.2,0.25,368.4,0.25,127500,-25500,30,17673600.0,15,F1,1500,,,,,
2026-02-18,2026-02-18,FO,NSE,STO,122009,,NTPC,,2026-02-24,2026-02-24,390.0,CE,NTPC26FEB390CE,0.25,0.3,0.15,0.15,0.2,0.3,368.4,0.15,2091000,19500,649,379872375.0,216,F1,1500,,,,,
2026-02-18,2026-02-18,FO,NSE,STO,122003,,NTPC,,2026-02-24,2026-02-24,375.0,CE,NTPC26FEB375CE,1.1,1.4,0.75,0.8,0.75,1.05,368.4,0.8,3877500,346500,4445,2507295750.0,1853,F1,1500,,,,,
2026-02-18,2026-02-18,FO,NSE,STO,122001,,NTPC,,2026-02-24,2026-02-24,370.0,CE,NTPC26FEB370CE,2.55,2.95,1.65,1.85,1.7,2.3,368.4,1.85,31569000,-70500,14070,7855783200.0,7765,F1,1500,,,,,
2026-02-18,2026-02-18,FO,NSE,STO,144603,,NTPC,,2026-02-24,2026-02-24,367.5,CE,NTPC26FEB367.5CE,3.55,4.55,2.75,3.1,2.95,3.5,368.4,3.1,4095000,-274500,2712,1509531975.0,2412,F1,1500,,,,,
2026-02-18,2026-02-18,FO,NSE,STF,59433,,NTPC,,2026-02-24,2026-02-24,,,NTPC26FEBFUT,367.8,370.75,367.8,368.95,368.6,368.65,368.4,368.95,79576500,-552000,4568,2530111800.0,4204,F1,1500,,,,,
2026-02-18,2026-02-18,FO,NSE,STO,144672,,NTPC,,2026-03-30,2026-03-30,290.0,PE,NTPC26MAR290PE,0.0,0.0,0.0,3.4,0.0,3.4,368.4,0.05,0,0,0,0.0,0,F1,1500,,,,,
2026-02-18,2026-02-18,FO,NSE,STO,145888,,NTPC,,2026-04-28,2026-04-28,390.0,PE,NTPC26APR390PE,0.0,0.0,0.0,45.25,0.0,45.25,368.4,25.35,0,0,0,0.0,0,F1,1500,,,,,
2026-02-18,2026-02-18,FO,NSE,STO,145878,,NTPC,,2026-04-28,2026-04-28,365.0,PE,NTPC26APR365PE,0.0,0.0,0.0,27.2,0.0,27.2,368.4,11.15,0,0,0,0.0,0,F1,1500,,,,,
2026-02-18,2026-02-18,FO,NSE,STO,145872,,NTPC,,2026-04-28,2026-04-28,350.0,PE,NTPC26APR350PE,3.5,3.8,3.5,3.65,3.8,18.55,368.4,3.65,3000,3000,2,1060950.0,2,F1,1500,,,,,
2026-02-18,2026-02-18,FO,NSE,STO,145680,,NTPC,,2026-03-30,2026-03-30,397.5,PE,NTPC26MAR397.5PE,0.0,0.0,0.0,51.05,0.0,51.05,368.4,29.45,0,0,0,0.0,0,F1,1500,,,,,
2026-02-18,2026-02-18,FO,NSE,STO,145672,,NTPC,,2026-03-30,2026-03-30,377.5,PE,NTPC26MAR377.5PE,0.0,0.0,0.0,34.4,0.0,34.4,368.4,14.95,0,0,0,0.0,0,F1,1500,,,,,
2026-02-18,2026-02-18,FO,NSE,STO,144835,,NTPC,,2026-03-30,2026-03-30,420.0,CE,NTPC26MAR420CE,1.3,1.35,1.1,1.1,1.1,1.2,368.4,1.1,127500,7500,23,14532525.0,19,F1,1500,,,,,
2026-02-18,2026-02-18,FO,NSE,STO,145667,,NTPC,,2026-03-30,2026-03-30,367.5,CE,NTPC26MAR367.5CE,12.75,12.75,10.75,11.3,11.3,11.45,368.4,12.7,12000,1500,6,3411150.0,6,F1,1500,,,,,
2026-02-18,2026-02-18,FO,NSE,STO,145651,,NTPC,,2026-03-30,2026-03-30,327.5,CE,NTPC26MAR327.5CE,0.0,0.0,0.0,27.4,0.0,27.4,368.4,43.45,0,0,0,0.0,0,F1,1500,,,,,
2026-02-18,2026-02-18,FO,NSE,STO,145675,,NTPC,,2026-03-30,2026-03-30,387.5,CE,NTPC26MAR387.5CE,4.85,4.9,4.1,4.15,4.15,4.45,368.4,4.9,61500,6000,8,4703700.0,8,F1,1500,,,,,
2026-02-18,2026-02-18,FO,NSE,STF,51989,,NTPC,,2026-03-30,2026-03-30,,,NTPC26MARFUT,371.15,373.1,369.9,371.25,371.2,370.9,368.4,371.25,9823500,3837000,3562,1984328250.0,3397,F1,1500,,,,,
2026-02-18,2026-02-18,FO,NSE,STO,121906,,NTPC,,2026-02-24,2026-02-24,295.0,CE,NTPC26FEB295CE,0.0,0.0,0.0,38.35,0.0,38.35,368.4,73.65,0,0,0,0.0,0,F1,1500,,,,,
2026-02-18,2026-02-18,FO,NSE,STO,144589,,NTPC,,2026-02-24,2026-02-24,332.5,CE,NTPC26FEB332.5CE,0.0,0.0,0.0,17.35,17.35,17.35,368.4,36.2,42000,0,0,0.0,0,F1,1500,,,,,
2026-02-18,2026-02-18,FO,NSE,STO,121945,,NTPC,,2026-02-24,2026-02-24,335.0,CE,NTPC26FEB335CE,35.0,35.0,33.25,33.9,33.9,33.25,368.4,33.9,213000,-9000,6,3320700.0,6,F1,1500,,,,,
2026-02-18,2026-02-18,FO,NSE,STO,122007,,NTPC,,2026-02-24,2026-02-24,385.0,CE,NTPC26FEB385CE,0.35,0.4,0.25,0.3,0.25,0.35,368.4,0.3,1339500,-58500,1231,711462675.0,416,F1,1500,,,,,
2026-02-18,2026-02-18,FO,NSE,STO,122013,,NTPC,,2026-02-24,2026-02-24,400.0,CE,NTPC26FEB400CE,0.2,0.2,0.1,0.15,0.15,0.2,368.4,0.15,3222000,-276000,680,408152850.0,148,F1,1500,,,,,
2026-02-18,2026-02-18,FO,NSE,STO,144683,,NTPC,,2026-03-30,2026-03-30,320.0,CE,NTPC26MAR320CE,0.0,0.0,0.0,36.0,36.0,36.0,368.4,50.6,1500,0,0,0.0,0,F1,1500,,,,,
2026-02-18,2026-02-18,FO,NSE,STO,145944,,NTPC,,2026-04-28,2026-04-28,420.0,PE,NTPC26APR420PE,0.0,0.0,0.0,71.0,0.0,71.0,368.4,49.35,0,0,0,0.0,0,F1,1500,,,,,
2026-02-18,2026-02-18,FO,NSE,STO,145880,,NTPC,,2026-04-28,2026-04-28,370.0,PE,NTPC26APR370PE,0.0,0.0,0.0,30.5,0.0,30.5,368.4,13.45,0,0,0,0.0,0,F1,1500,,,,,
2026-02-18,2026-02-18,FO,NSE,STO,144814,,NTPC,,2026-03-30,2026-03-30,385.0,PE,NTPC26MAR385PE,0.0,0.0,0.0,57.05,0.0,57.05,368.4,19.85,0,0,0,0.0,0,F1,1500,,,,,
2026-02-18,2026-02-18,FO,NSE,STO,145666,,NTPC,,2026-03-30,2026-03-30,362.5,PE,NTPC26MAR362.5PE,6.05,6.05,5.95,5.95,5.95,5.35,368.4,7.4,22500,7500,9,4974975.0,7,F1,1500,,,,,
2026-02-18,2026-02-18,FO,NSE,STO,144610,,NTPC,,2026-02-24,2026-02-24,382.5,PE,NTPC26FEB382.5PE,14.7,14.7,12.7,14.1,14.1,14.4,368.4,14.3,69000,6000,33,19626600.0,33,F1,1500,,,,,
2026-02-18,2026-02-18,FO,NSE,STO,144590,,NTPC,,2026-02-24,2026-02-24,332.5,PE,NTPC26FEB332.5PE,0.1,0.1,0.1,0.1,0.1,0.35,368.4,0.05,376500,-9000,6,2993400.0,4,F1,1500,,,,,
2026-02-18,2026-02-18,FO,NSE,STO,144574,,NTPC,,2026-02-24,2026-02-24,307.5,PE,NTPC26FEB307.5PE,0.05,0.05,0.05,0.05,0.05,0.05,368.4,0.05,192000,-9000,6,2767950.0,2,F1,1500,,,,,
2026-02-18,2026-02-18,FO,NSE,STO,121907,,NTPC,,2026-02-24,2026-02-24,295.0,PE,NTPC26FEB295PE,0.0,0.0,0.0,5.2,0.0,5.2,368.4,0.05,0,0,0,0.0,0,F1,1500,,,,,
2026-02-18,2026-02-18,FO,NSE,STO,145795,,NTPC,,2026-04-28,2026-04-28,295.0,CE,NTPC26APR295CE,0.0,0.0,0.0,56.35,0.0,56.35,368.4,76.55,0,0,0,0.0,0,F1,1500,,,,,
2026-02-18,2026-02-18,FO,NSE,STO,145791,,NTPC,,2026-04-28,2026-04-28,285.0,CE,NTPC26APR285CE,0.0,0.0,0.0,65.25,0.0,65.25,368.4,86.4,0,0,0,0.0,0,F1,1500,,,,,
2026-02-18,2026-02-18,FO,NSE,STO,144607,,NTPC,,2026-02-24,2026-02-24,377.5,CE,NTPC26FEB377.5CE,0.75,0.95,0.55,0.6,0.55,0.75,368.4,0.6,744000,19500,714,405063450.0,358,F1,1500,,,,,
2026-02-18,2026-02-18,FO,NSE,STO,121999,,NTPC,,2026-02-24,2026-02-24,365.0,CE,NTPC26FEB365CE,5.15,6.4,4.2,4.7,4.5,5.1,368.4,4.7,7912500,-79500,1935,1074429150.0,1812,F1,1500,,,,,
2026-02-18,2026-02-18,FO,NSE,STO,144597,,NTPC,,2026-02-24,2026-02-24,352.5,CE,NTPC26FEB352.5CE,15.95,17.55,15.95,17.55,17.55,17.15,368.4,16.5,633000,0,2,1107750.0,2,F1,1500,,,,,
2026-02-18,2026-02-18,FO,NSE,STO,144567,,NTPC,,2026-02-24,2026-02-24,292.5,CE,NTPC26FEB292.5CE,0.0,0.0,0.0,37.25,0.0,37.25,368.4,76.15,0,0,0,0.0,0,F1,1500,,,,,
2026-02-18,2026-02-18,FO,NSE,STO,144678,,NTPC,,2026-03-30,2026-03-30,305.0,PE,NTPC26MAR305PE,0.0,0.0,0.0,6.9,0.0,6.9,368.4,0.05,0,0,0,0.0,0,F1,1500,,,,,
2026-02-18,2026-02-18,FO,NSE,STO,145862,,NTPC,,2026-04-28,2026-04-28,325.0,PE,NTPC26APR325PE,0.0,0.0,0.0,8.2,0.0,8.2,368.4,1.35,0,0,0,0.0,0,F1,1500,,,,,
2026-02-18,2026-02-18,FO,NSE,STO,144706,,NTPC,,2026-03-30,2026-03-30,375.0,PE,NTPC26MAR375PE,0.0,0.0,0.0,48.45,0.0,48.45,368.4,13.5,0,0,0,0.0,0,F1,1500,,,,,
2026-02-18,2026-02-18,FO,NSE,STO,144700,,NTPC,,2026-03-30,2026-03-30,360.0,PE,NTPC26MAR360PE,5.4,5.7,4.75,4.9,4.95,5.4,368.4,4.9,606000,189000,449,245900700.0,276,F1,1500,,,,,
2026-02-18,2026-02-18,FO,NSE,STO,144676,,NTPC,,2026-03-30,2026-03-30,300.0,PE,NTPC26MAR300PE,0.3,0.3,0.3,0.3,0.3,0.3,368.4,0.05,30000,3000,2,900900.0,2,F1,1500,,,,,
2026-02-18,2026-02-18,FO,NSE,STO,145638,,NTPC,,2026-03-30,2026-03-30,292.5,PE,NTPC26MAR292.5PE,0.0,0.0,0.0,0.9,0.0,0.9,368.4,0.05,0,0,0,0.0,0,F1,1500,,,,,
2026-02-18,2026-02-18,FO,NSE,STO,122022,,NTPC,,2026-02-24,2026-02-24,420.0,PE,NTPC26FEB420PE,0.0,0.0,0.0,90.75,0.0,90.75,368.4,51.2,0,0,0,0.0,0,F1,1500,,,,,
2026-02-18,2026-02-18,FO,NSE,STO,144616,,NTPC,,2026-02-24,2026-02-24,397.5,PE,NTPC26FEB397.5PE,0.0,0.0,0.0,69.4,0.0,69.4,368.4,28.75,0,0,0,0.0,0,F1,1500,,,,,
2026-02-18,2026-02-18,FO,NSE,STO,121931,,NTPC,,2026-02-24,2026-02-24,315.0,PE,NTPC26FEB315PE,0.05,0.05,0.05,0.05,0.05,0.05,368.4,0.05,136500,-1500,1,472575.0,1,F1,1500,,,,,
2026-02-18,2026-02-18,FO,NSE,STO,145887,,NTPC,,2026-04-28,2026-04-28,390.0,CE,NTPC26APR390CE,0.0,0.0,0.0,5.9,0.0,5.9,368.4,7.75,0,0,0,0.0,0,F1,1500,,,,,
2026-02-18,2026-02-18,FO,NSE,STO,145875,,NTPC,,2026-04-28,2026-04-28,360.0,CE,NTPC26APR360CE,0.0,0.0,0.0,14.35,0.0,14.35,368.4,21.2,0,0,0,0.0,0,F1,1500,,,,,
2026-02-18,2026-02-18,FO,NSE,STO,145871,,NTPC,,2026-04-28,2026-04-28,350.0,CE,NTPC26APR350CE,0.0,0.0,0.0,18.6,0.0,18.6,368.4,27.8,0,0,0,0.0,0,F1,1500,,,,,
2026-02-18,2026-02-18,FO,NSE,STO,145865,,NTPC,,2026-04-28,2026-04-28,335.0,CE,NTPC26APR335CE,0.0,0.0,0.0,26.55,0.0,26.55,368.4,39.45,0,0,0,0.0,0,F1,1500,,,,,
2026-02-18,2026-02-18,FO,NSE,STO,144815,,NTPC,,2026-03-30,2026-03-30,390.0,CE,NTPC26MAR390CE,4.0,4.5,3.6,3.75,3.7,4.05,368.4,3.75,1099500,711000,915,540760800.0,439,F1,1500,,,,,
2026-02-18,2026-02-18,FO,NSE,STO,144573,,NTPC,,2026-02-24,2026-02-24,307.5,CE,NTPC26FEB307.5CE,0.0,0.0,0.0,57.7,57.7,57.7,368.4,61.2,4500,0,0,0.0,0,F1,1500,,,,,
2026-02-18,2026-02-18,FO,NSE,STO,144569,,NTPC,,2026-02-24,2026-02-24,297.5,CE,NTPC26FEB297.5CE,0.0,0.0,0.0,33.1,0.0,33.1,368.4,71.15,0,0,0,0.0,0,F1,1500,,,,,
2026-02-18,2026-02-18,FO,NSE,STO,144565,,NTPC,,2026-02-24,2026-02-24,287.5,CE,NTPC26FEB287.5CE,0.0,0.0,0.0,41.55,0.0,41.55,368.4,81.15,0,0,0,0.0,0,F1,1500,,,,,
2026-02-18,2026-02-18,FO,NSE,STO,145886,,NTPC,,2026-04-28,2026-04-28,385.0,PE,NTPC26APR385PE,0.0,0.0,0.0,41.35,0.0,41.35,368.4,22.0,0,0,0,0.0,0,F1,1500,,,,,
2026-02-18,2026-02-18,FO,NSE,STO,145884,,NTPC,,2026-04-28,2026-04-28,380.0,PE,NTPC26APR380PE,0.0,0.0,0.0,37.6,0.0,37.6,368.4,18.9,0,0,0,0.0,0,F1,1500,,,,,
2026-02-18,2026-02-18,FO,NSE,STO,145874,,NTPC,,2026-04-28,2026-04-28,355.0,PE,NTPC26APR355PE,0.0,0.0,0.0,21.25,0.0,21.25,368.4,7.3,0,0,0,0.0,0,F1,1500,,,,,
2026-02-18,2026-02-18,FO,NSE,STO,145866,,NTPC,,2026-04-28,2026-04-28,335.0,PE,NTPC26APR335PE,0.0,0.0,0.0,11.7,0.0,11.7,368.4,2.55,0,0,0,0.0,0,F1,1500,,,,,
2026-02-18,2026-02-18,FO,NSE,STO,121903,,NTPC,,2026-02-24,2026-02-24,285.0,PE,NTPC26FEB285PE,0.0,0.0,0.0,0.05,0.05,0.05,368.4,0.05,169500,0,0,0.0,0,F1,1500,,,,,
2026-02-18,2026-02-18,FO,NSE,STO,145889,,NTPC,,2026-04-28,2026-04-28,395.0,CE,NTPC26APR395CE,0.0,0.0,0.0,5.05,0.0,5.05,368.4,6.4,0,0,0,0.0,0,F1,1500,,,,,
2026-02-18,2026-02-18,FO,NSE,STO,144699,,NTPC,,2026-03-30,2026-03-30,360.0,CE,NTPC26MAR360CE,16.55,18.0,15.9,16.3,16.2,16.4,368.4,16.3,157500,4500,105,59366475.0,73,F1,1500,,,,,
2026-02-18,2026-02-18,FO,NSE,STO,144575,,NTPC,,2026-02-24,2026-02-24,312.5,CE,NTPC26FEB312.5CE,0.0,0.0,0.0,22.05,0.0,22.05,368.4,56.2,0,0,0,0.0,0,F1,1500,,,,,
2026-02-18,2026-02-18,FO,NSE,STO,144581,,NTPC,,2026-02-24,2026-02-24,317.5,CE,NTPC26FEB317.5CE,0.0,0.0,0.0,18.95,0.0,18.95,368.4,51.2,0,0,0,0.0,0,F1,1500,,,,,
2026-02-18,2026-02-18,FO,NSE,STO,121932,,NTPC,,2026-02-24,2026-02-24,320.0,CE,NTPC26FEB320CE,0.0,0.0,0.0,47.5,47.5,47.5,368.4,48.7,67500,0,0,0.0,0,F1,1500,,,,,
2026-02-18,2026-02-18,FO,NSE,STO,122005,,NTPC,,2026-02-24,2026-02-24,380.0,CE,NTPC26FEB380CE,0.75,0.75,0.4,0.45,0.45,0.6,368.4,0.45,6055500,-3000,3877,2212993050.0,1177,F1,1500,,,,,
2026-02-18,2026-02-18,FO,NSE,STO,145641,,NTPC,,2026-03-30,2026-03-30,302.5,CE,NTPC26MAR302.5CE,0.0,0.0,0.0,47.15,0.0,47.15,368.4,67.75,0,0,0,0.0,0,F1,1500,,,,,
2026-02-18,2026-02-18,FO,NSE,STO,145643,,NTPC,,2026-03-30,2026-03-30,307.5,CE,NTPC26MAR307.5CE,0.0,0.0,0.0,42.85,0.0,42.85,368.4,62.8,0,0,0,0.0,0,F1,1500,,,,,
2026-02-18,2026-02-18,FO,NSE,STO,144689,,NTPC,,2026-03-30,2026-03-30,335.0,CE,NTPC26MAR335CE,0.0,0.0,0.0,14.6,0.0,14.6,368.4,36.55,0,0,0,0.0,0,F1,1500,,,,,
2026-02-18,2026-02-18,FO,NSE,STO,145655,,NTPC,,2026-03-30,2026-03-30,337.5,CE,NTPC26MAR337.5CE,0.0,0.0,0.0,21.05,0.0,21.05,368.4,34.3,0,0,0,0.0,0,F1,1500,,,,,
2026-02-18,2026-02-18,FO,NSE,STO,145890,,NTPC,,2026-04-28,2026-04-28,395.0,PE,NTPC26APR395PE,0.0,0.0,0.0,49.3,0.0,49.3,368.4,28.9,0,0,0,0.0,0,F1,1500,,,,,
2026-02-18,2026-02-18,FO,NSE,STO,145864,,NTPC,,2026-04-28,2026-04-28,330.0,PE,NTPC26APR330PE,0.0,0.0,0.0,9.85,0.0,9.85,368.4,1.9,0,0,0,0.0,0,F1,1500,,,,,
2026-02-18,2026-02-18,FO,NSE,STO,145678,,NTPC,,2026-03-30,2026-03-30,392.5,PE,NTPC26MAR392.5PE,0.0,0.0,0.0,46.7,0.0,46.7,368.4,25.45,0,0,0,0.0,0,F1,1500,,,,,
2026-02-18,2026-02-18,FO,NSE,STO,144614,,NTPC,,2026-02-24,2026-02-24,392.5,PE,NTPC26FEB392.5PE,0.0,0.0,0.0,64.6,0.0,64.6,368.4,23.8,0,0,0,0.0,0,F1,1500,,,,,
2026-02-18,2026-02-18,FO,NSE,STO,121954,,NTPC,,2026-02-24,2026-02-24,345.0,PE,NTPC26FEB345PE,0.2,0.2,0.1,0.15,0.1,0.2,368.4,0.15,828000,45000,336,173948550.0,100,F1,1500,,,,,
2026-02-18,2026-02-18,FO,NSE,STO,121948,,NTPC,,2026-02-24,2026-02-24,340.0,PE,NTPC26FEB340PE,0.2,0.2,0.1,0.15,0.15,0.2,368.4,0.15,2400000,-921000,1265,645432300.0,236,F1,1500,,,,,
2026-02-18,2026-02-18,FO,NSE,STO,122019,,NTPC,,2026-02-24,2026-02-24,415.0,CE,NTPC26FEB415CE,0.1,0.1,0.1,0.1,0.1,0.15,368.4,0.1,150000,-36000,24,14943600.0,6,F1,1500,,,,,
2026-02-18,2026-02-18,FO,NSE,STO,144685,,NTPC,,2026-03-30,2026-03-30,325.0,CE,NTPC26MAR325CE,0.0,0.0,0.0,19.25,0.0,19.25,368.4,45.8,0,0,0,0.0,0,F1,1500,,,,,
2026-02-18,2026-02-18,FO,NSE,STO,145665,,NTPC,,2026-03-30,2026-03-30,362.5,CE,NTPC26MAR362.5CE,0.0,0.0,0.0,13.15,13.15,13.15,368.4,15.5,6000,0,0,0.0,0,F1,1500,,,,,
2026-02-18,2026-02-18,FO,NSE,STO,144825,,NTPC,,2026-03-30,2026-03-30,395.0,CE,NTPC26MAR395CE,3.05,3.6,2.95,3.0,3.0,3.25,368.4,3.0,276000,111000,110,65719050.0,75,F1,1500,,,,,
2026-02-18,2026-02-18,FO,NSE,STO,144831,,NTPC,,2026-03-30,2026-03-30,410.0,CE,NTPC26MAR410CE,1.95,1.95,1.6,1.65,1.65,1.8,368.4,1.65,178500,4500,53,32736675.0,43,F1,1500,,,,,
2026-02-18,2026-02-18,FO,NSE,STO,145879,,NTPC,,2026-04-28,2026-04-28,370.0,CE,NTPC26APR370CE,0.0,0.0,0.0,10.85,0.0,10.85,368.4,15.7,0,0,0,0.0,0,F1,1500,,,,,
2026-02-18,2026-02-18,FO,NSE,STO,121933,,NTPC,,2026-02-24,2026-02-24,320.0,PE,NTPC26FEB320PE,0.15,0.15,0.1,0.1,0.1,0.15,368.4,0.1,2517000,-4500,70,33611700.0,24,F1,1500,,,,,
2026-02-18,2026-02-18,FO,NSE,STO,122004,,NTPC,,2026-02-24,2026-02-24,375.0,PE,NTPC26FEB375PE,7.75,7.75,5.9,7.05,7.3,7.65,368.4,7.05,271500,58500,164,93910500.0,161,F1,1500,,,,,
2026-02-18,2026-02-18,FO,NSE,STO,122008,,NTPC,,2026-02-24,2026-02-24,385.0,PE,NTPC26FEB385PE,17.1,17.1,15.05,16.55,16.55,16.8,368.4,16.55,117000,1500,13,7825800.0,13,F1,1500,,,,,
2026-02-18,2026-02-18,FO,NSE,STO,122012,,NTPC,,2026-02-24,2026-02-24,395.0,PE,NTPC26FEB395PE,0.0,0.0,0.0,67.4,0.0,67.4,368.4,26.3,0,0,0,0.0,0,F1,1500,,,,,
2026-02-18,2026-02-18,FO,NSE,STO,145640,,NTPC,,2026-03-30,2026-03-30,297.5,PE,NTPC26MAR297.5PE,0.0,0.0,0.0,1.3,0.0,1.3,368.4,0.05,0,0,0,0.0,0,F1,1500,,,,,
2026-02-18,2026-02-18,FO,NSE,STO,145796,,NTPC,,2026-04-28,2026-04-28,295.0,PE,NTPC26APR295PE,0.0,0.0,0.0,2.1,0.0,2.1,368.4,0.1,0,0,0,0.0,0,F1,1500,,,,,
2026-02-18,2026-02-18,FO,NSE,STO,145876,,NTPC,,2026-04-28,2026-04-28,360.0,PE,NTPC26APR360PE,0.0,0.0,0.0,26.55,26.55,26.55,368.4,9.1,1500,0,0,0.0,0,F1,1500,,,,,
2026-02-18,2026-02-18,FO,NSE,STO,144692,,NTPC,,2026-03-30,2026-03-30,340.0,PE,NTPC26MAR340PE,1.65,1.75,1.55,1.55,1.55,1.8,368.4,1.55,246000,49500,68,34846500.0,58,F1,1500,,,,,
2026-02-18,2026-02-18,FO,NSE,STO,122018,,NTPC,,2026-02-24,2026-02-24,410.0,PE,NTPC26FEB410PE,0.0,0.0,0.0,41.65,41.65,41.65,368.4,41.25,1500,0,0,0.0,0,F1,1500,,,,,
2026-02-18,2026-02-18,FO,NSE,STO,145642,,NTPC,,2026-03-30,2026-03-30,302.5,PE,NTPC26MAR302.5PE,0.0,0.0,0.0,1.8,0.0,1.8,368.4,0.05,0,0,0,0.0,0,F1,1500,,,,,
2026-02-18,2026-02-18,FO,NSE,STO,145644,,NTPC,,2026-03-30,2026-03-30,307.5,PE,NTPC26MAR307.5PE,0.0,0.0,0.0,2.4,0.0,2.4,368.4,0.05,0,0,0,0.0,0,F1,1500,,,,,
2026-02-18,2026-02-18,FO,NSE,STO,144680,,NTPC,,2026-03-30,2026-03-30,310.0,PE,NTPC26MAR310PE,0.0,0.0,0.0,8.45,0.0,8.45,368.4,0.1,0,0,0,0.0,0,F1,1500,,,,,
2026-02-18,2026-02-18,FO,NSE,STO,144682,,NTPC,,2026-03-30,2026-03-30,315.0,PE,NTPC26MAR315PE,0.0,0.0,0.0,10.25,0.0,10.25,368.4,0.15,0,0,0,0.0,0,F1,1500,,,,,
2026-02-18,2026-02-18,FO,NSE,STO,144684,,NTPC,,2026-03-30,2026-03-30,320.0,PE,NTPC26MAR320PE,0.0,0.0,0.0,12.3,0.0,12.3,368.4,0.25,0,0,0,0.0,0,F1,1500,,,,,
2026-02-18,2026-02-18,FO,NSE,STO,144690,,NTPC,,2026-03-30,2026-03-30,335.0,PE,NTPC26MAR335PE,0.0,0.0,0.0,19.75,0.0,19.75,368.4,1.1,0,0,0,0.0,0,F1,1500,,,,,
2026-02-18,2026-02-18,FO,NSE,STO,145676,,NTPC,,2026-03-30,2026-03-30,387.5,PE,NTPC26MAR387.5PE,0.0,0.0,0.0,42.45,0.0,42.45,368.4,21.65,0,0,0,0.0,0,F1,1500,,,,,
2026-02-18,2026-02-18,FO,NSE,STO,144834,,NTPC,,2026-03-30,2026-03-30,415.0,PE,NTPC26MAR415PE,0.0,0.0,0.0,84.7,0.0,84.7,368.4,45.0,0,0,0,0.0,0,F1,1500,,,,,
2026-02-18,2026-02-18,FO,NSE,STO,145798,,NTPC,,2026-04-28,2026-04-28,300.0,PE,NTPC26APR300PE,0.0,0.0,0.0,2.75,0.0,2.75,368.4,0.15,0,0,0,0.0,0,F1,1500,,,,,
2026-02-18,2026-02-18,FO,NSE,STO,145856,,NTPC,,2026-04-28,2026-04-28,310.0,PE,NTPC26APR310PE,0.0,0.0,0.0,4.4,0.0,4.4,368.4,0.45,0,0,0,0.0,0,F1,1500,,,,,
2026-02-18,2026-02-18,FO,NSE,STO,144608,,NTPC,,2026-02-24,2026-02-24,377.5,PE,NTPC26FEB377.5PE,9.85,9.85,8.15,9.7,9.7,9.9,368.4,10.05,105000,0,14,8117625.0,14,F1,1500,,,,,
2026-02-18,2026-02-18,FO,NSE,STO,144592,,NTPC,,2026-02-24,2026-02-24,337.5,PE,NTPC26FEB337.5PE,0.0,0.0,0.0,0.15,0.15,0.15,368.4,0.05,313500,0,0,0.0,0,F1,1500,,,,,
2026-02-18,2026-02-18,FO,NSE,STO,121909,,NTPC,,2026-02-24,2026-02-24,300.0,PE,NTPC26FEB300PE,0.05,0.05,0.05,0.05,0.05,0.05,368.4,0.05,609000,-16500,21,9451575.0,13,F1,1500,,,,,
2026-02-18,2026-02-18,FO,NSE,STO,145873,,NTPC,,2026-04-28,2026-04-28,355.0,CE,NTPC26APR355CE,0.0,0.0,0.0,16.35,0.0,16.35,368.4,24.4,0,0,0,0.0,0,F1,1500,,,,,
2026-02-18,2026-02-18,FO,NSE,STO,145863,,NTPC,,2026-04-28,2026-04-28,330.0,CE,NTPC26APR330CE,0.0,0.0,0.0,29.6,0.0,29.6,368.4,43.7,0,0,0,0.0,0,F1,1500,,,,,
2026-02-18,2026-02-18,FO,NSE,STO,145859,,NTPC,,2026-04-28,2026-04-28,320.0,CE,NTPC26APR320CE,0.0,0.0,0.0,36.35,0.0,36.35,368.4,52.65,0,0,0,0.0,0,F1,1500,,,,,
2026-02-18,2026-02-18,FO,NSE,STO,144833,,NTPC,,2026-03-30,2026-03-30,415.0,CE,NTPC26MAR415CE,1.6,1.6,1.5,1.5,1.5,1.5,368.4,0.85,78000,1500,3,1874550.0,3,F1,1500,,,,,
2026-02-18,2026-02-18,FO,NSE,STO,144707,,NTPC,,2026-03-30,2026-03-30,380.0,CE,NTPC26MAR380CE,6.3,7.25,5.95,6.15,6.15,6.5,368.4,6.15,910500,358500,934,541227150.0,624,F1,1500,,,,,
2026-02-18,2026-02-18,FO,NSE,STO,144705,,NTPC,,2026-03-30,2026-03-30,375.0,CE,NTPC26MAR375CE,8.2,9.2,7.65,7.9,7.9,8.2,368.4,7.9,405000,247500,367,210996675.0,224,F1,1500,,,,,
2026-02-18,2026-02-18,FO,NSE,STO,144703,,NTPC,,2026-03-30,2026-03-30,370.0,CE,NTPC26MAR370CE,10.55,11.8,9.9,10.2,10.1,10.5,368.4,10.2,1015500,210000,692,395304075.0,555,F1,1500,,,,,
2026-02-18,2026-02-18,FO,NSE,STO,145645,,NTPC,,2026-03-30,2026-03-30,312.5,CE,NTPC26MAR312.5CE,0.0,0.0,0.0,38.7,0.0,38.7,368.4,57.9,0,0,0,0.0,0,F1,1500,,,,,
2026-02-18,2026-02-18,FO,NSE,STO,122015,,NTPC,,2026-02-24,2026-02-24,405.0,CE,NTPC26FEB405CE,0.15,0.15,0.1,0.1,0.1,0.2,368.4,0.05,366000,7500,50,30386025.0,22,F1,1500,,,,,
2026-02-18,2026-02-18,FO,NSE,STO,121947,,NTPC,,2026-02-24,2026-02-24,340.0,CE,NTPC26FEB340CE,28.4,30.25,28.2,28.95,29.0,28.05,368.4,28.95,495000,-21000,21,11619150.0,18,F1,1500,,,,,
2026-02-18,2026-02-18,FO,NSE,STO,121908,,NTPC,,2026-02-24,2026-02-24,300.0,CE,NTPC26FEB300CE,0.0,0.0,0.0,68.5,68.5,68.5,368.4,68.65,7500,0,0,0.0,0,F1,1500,,,,,
2026-02-18,2026-02-18,FO,NSE,STO,121902,,NTPC,,2026-02-24,2026-02-24,285.0,CE,NTPC26FEB285CE,0.0,0.0,0.0,46.25,0.0,46.25,368.4,83.65,0,0,0,0.0,0,F1,1500,,,,,
2026-02-18,2026-02-18,FO,NSE,STF,66949,,NTPC,,2026-04-28,2026-04-28,,,NTPC26APRFUT,375.15,375.25,372.85,373.55,373.7,373.55,368.4,373.55,675000,19500,53,29716125.0,47,F1,1500,,,,,
2026-02-18,2026-02-18,FO,NSE,STO,144829,,NTPC,,2026-03-30,2026-03-30,405.0,CE,NTPC26MAR405CE,2.25,2.4,1.95,1.95,1.95,2.1,368.4,1.95,46500,45000,37,22598775.0,32,F1,1500,,,,,
2026-02-18,2026-02-18,FO,NSE,STO,145648,,NTPC,,2026-03-30,2026-03-30,317.5,PE,NTPC26MAR317.5PE,0.0,0.0,0.0,4.2,0.0,4.2,368.4,0.2,0,0,0,0.0,0,F1,1500,,,,,
2026-02-18,2026-02-18,FO,NSE,STO,145646,,NTPC,,2026-03-30,2026-03-30,312.5,PE,NTPC26MAR312.5PE,0.0,0.0,0.0,3.2,0.0,3.2,368.4,0.1,0,0,0,0.0,0,F1,1500,,,,,
2026-02-18,2026-02-18,FO,NSE,STO,144670,,NTPC,,2026-03-30,2026-03-30,285.0,PE,NTPC26MAR285PE,0.0,0.0,0.0,2.6,0.0,2.6,368.4,0.05,0,0,0,0.0,0,F1,1500,,,,,
2026-02-18,2026-02-18,FO,NSE,STO,122014,,NTPC,,2026-02-24,2026-02-24,400.0,PE,NTPC26FEB400PE,31.75,31.75,31.75,31.75,31.75,36.5,368.4,31.25,33000,0,1,647625.0,1,F1,1500,,,,,
2026-02-18,2026-02-18,FO,NSE,STO,144612,,NTPC,,2026-02-24,2026-02-24,387.5,PE,NTPC26FEB387.5PE,0.0,0.0,0.0,18.0,18.0,18.0,368.4,18.95,43500,0,0,0.0,0,F1,1500,,,,,
2026-02-18,2026-02-18,FO,NSE,STO,144606,,NTPC,,2026-02-24,2026-02-24,372.5,PE,NTPC26FEB372.5PE,5.85,5.85,4.0,4.9,5.2,5.6,368.4,4.9,753000,-49500,681,385511325.0,654,F1,1500,,,,,
2026-02-18,2026-02-18,FO,NSE,STO,144580,,NTPC,,2026-02-24,2026-02-24,312.5,PE,NTPC26FEB312.5PE,0.0,0.0,0.0,0.15,0.15,0.15,368.4,0.05,199500,0,0,0.0,0,F1,1500,,,,,
2026-02-18,2026-02-18,FO,NSE,STO,144566,,NTPC,,2026-02-24,2026-02-24,287.5,PE,NTPC26FEB287.5PE,0.0,0.0,0.0,1.5,0.0,1.5,368.4,0.05,0,0,0,0.0,0,F1,1500,,,,,
2026-02-18,2026-02-18,FO,NSE,STO,121934,,NTPC,,2026-02-24,2026-02-24,325.0,CE,NTPC26FEB325CE,44.5,44.5,44.5,44.5,44.5,43.2,368.4,43.7,42000,-1500,1,554250.0,1,F1,1500,,,,,
2026-02-18,2026-02-18,FO,NSE,STO,121988,,NTPC,,2026-02-24,2026-02-24,355.0,CE,NTPC26FEB355CE,13.55,15.65,13.05,13.7,13.55,13.9,368.4,13.7,1572000,-150000,219,121133850.0,61,F1,1500,,,,,
2026-02-18,2026-02-18,FO,NSE,STO,144605,,NTPC,,2026-02-24,2026-02-24,372.5,CE,NTPC26FEB372.5CE,1.35,2.05,1.1,1.2,1.15,1.6,368.4,1.2,2371500,427500,2721,1526713275.0,1814,F1,1500,,,,,
2026-02-18,2026-02-18,FO,NSE,STO,145891,,NTPC,,2026-04-28,2026-04-28,400.0,CE,NTPC26APR400CE,0.0,0.0,0.0,4.25,0.0,4.25,368.4,5.2,0,0,0,0.0,0,F1,1500,,,,,
2026-02-18,2026-02-18,FO,NSE,STO,145794,,NTPC,,2026-04-28,2026-04-28,290.0,PE,NTPC26APR290PE,0.0,0.0,0.0,1.6,0.0,1.6,368.4,0.05,0,0,0,0.0,0,F1,1500,,,,,
2026-02-18,2026-02-18,FO,NSE,STO,144836,,NTPC,,2026-03-30,2026-03-30,420.0,PE,NTPC26MAR420PE,0.0,0.0,0.0,89.5,0.0,89.5,368.4,49.7,0,0,0,0.0,0,F1,1500,,,,,
2026-02-18,2026-02-18,FO,NSE,STO,144832,,NTPC,,2026-03-30,2026-03-30,410.0,PE,NTPC26MAR410PE,0.0,0.0,0.0,80.0,0.0,80.0,368.4,40.35,0,0,0,0.0,0,F1,1500,,,,,
2026-02-18,2026-02-18,FO,NSE,STO,144584,,NTPC,,2026-02-24,2026-02-24,317.5,PE,NTPC26FEB317.5PE,0.0,0.0,0.0,0.2,0.2,0.2,368.4,0.05,142500,0,0,0.0,0,F1,1500,,,,,
2026-02-18,2026-02-18,FO,NSE,STO,145883,,NTPC,,2026-04-28,2026-04-28,380.0,CE,NTPC26APR380CE,0.0,0.0,0.0,8.1,0.0,8.1,368.4,11.2,0,0,0,0.0,0,F1,1500,,,,,
2026-02-18,2026-02-18,FO,NSE,STO,145799,,NTPC,,2026-04-28,2026-04-28,305.0,CE,NTPC26APR305CE,0.0,0.0,0.0,47.85,0.0,47.85,368.4,66.85,0,0,0,0.0,0,F1,1500,,,,,
2026-02-18,2026-02-18,FO,NSE,STO,144693,,NTPC,,2026-03-30,2026-03-30,345.0,CE,NTPC26MAR345CE,0.0,0.0,0.0,10.8,0.0,10.8,368.4,27.95,0,0,0,0.0,0,F1,1500,,,,,
2026-02-18,2026-02-18,FO,NSE,STO,144611,,NTPC,,2026-02-24,2026-02-24,387.5,CE,NTPC26FEB387.5CE,0.3,0.3,0.2,0.2,0.2,0.3,368.4,0.2,246000,10500,31,18032475.0,22,F1,1500,,,,,
2026-02-18,2026-02-18,FO,NSE,STO,121997,,NTPC,,2026-02-24,2026-02-24,360.0,CE,NTPC26FEB360CE,9.05,10.9,8.3,9.05,8.9,9.1,368.4,9.05,3589500,-322500,836,462958200.0,691,F1,1500,,,,,
2026-02-18,2026-02-18,FO,NSE,STO,144587,,NTPC,,2026-02-24,2026-02-24,327.5,CE,NTPC26FEB327.5CE,0.0,0.0,0.0,39.5,39.5,39.5,368.4,41.2,42000,0,0,0.0,0,F1,1500,,,,,
2026-02-18,2026-02-18,FO,NSE,STO,121928,,NTPC,,2026-02-24,2026-02-24,310.0,CE,NTPC26FEB310CE,0.0,0.0,0.0,28.0,0.0,28.0,368.4,58.7,0,0,0,0.0,0,F1,1500,,,,,
2026-02-18,2026-02-18,FO,NSE,STO,145870,,NTPC,,2026-04-28,2026-04-28,345.0,PE,NTPC26APR345PE,0.0,0.0,0.0,16.05,0.0,16.05,368.4,4.5,0,0,0,0.0,0,F1,1500,,,,,
2026-02-18,2026-02-18,FO,NSE,STO,145860,,NTPC,,2026-04-28,2026-04-28,320.0,PE,NTPC26APR320PE,0.0,0.0,0.0,6.75,0.0,6.75,368.4,0.95,0,0,0,0.0,0,F1,1500,,,,,
2026-02-18,2026-02-18,FO,NSE,STO,145792,,NTPC,,2026-04-28,2026-04-28,285.0,PE,NTPC26APR285PE,0.0,0.0,0.0,1.2,0.0,1.2,368.4,0.05,0,0,0,0.0,0,F1,1500,,,,,
2026-02-18,2026-02-18,FO,NSE,STO,144698,,NTPC,,2026-03-30,2026-03-30,355.0,PE,NTPC26MAR355PE,3.75,3.9,3.6,3.65,3.65,3.25,368.4,3.65,58500,42000,44,23678175.0,24,F1,1500,,,,,
2026-02-18,2026-02-18,FO,NSE,STO,153801,,PRESTIGE,,2026-04-28,2026-04-28,1840.0,CE,PRESTIGE26APR1840CE,0.0,0.0,0.0,18.85,0.0,18.85,1529.05,17.15,0,0,0,0.0,0,F1,450,,,,,
2026-02-18,2026-02-18,FO,NSE,STO,130275,,PRESTIGE,,2026-02-24,2026-02-24,1920.0,CE,PRESTIGE26FEB1920CE,0.1,0.1,0.1,0.1,0.1,0.2,1529.05,0.05,25650,0,4,3456180.0,1,F1,450,,,,,
2026-02-18,2026-02-18,FO,NSE,STO,156646,,PRESTIGE,,2026-02-24,2026-02-24,1700.0,CE,PRESTIGE26FEB1700CE,0.7,1.0,0.65,0.95,0.95,1.25,1529.05,0.95,124200,-4500,94,71942737.5,81,F1,450,,,,,
2026-02-18,2026-02-18,FO,NSE,STO,156622,,PRESTIGE,,2026-02-24,2026-02-24,1220.0,CE,PRESTIGE26FEB1220CE,0.0,0.0,0.0,330.95,330.95,330.95,1529.05,310.15,1350,0,0,0.0,0,F1,450,,,,,
2026-02-18,2026-02-18,FO,NSE,STO,153668,,PRESTIGE,,2026-03-30,2026-03-30,1660.0,PE,PRESTIGE26MAR1660PE,0.0,0.0,0.0,276.75,0.0,276.75,1529.05,150.75,0,0,0,0.0,0,F1,450,,,,,
2026-02-18,2026-02-18,FO,NSE,STO,153666,,PRESTIGE,,2026-03-30,2026-03-30,1620.0,PE,PRESTIGE26MAR1620PE,0.0,0.0,0.0,92.8,92.8,92.8,1529.05,121.9,4950,0,0,0.0,0,F1,450,,,,,
2026-02-18,2026-02-18,FO,NSE,STO,156693,,PRESTIGE,,2026-03-30,2026-03-30,1440.0,PE,PRESTIGE26MAR1440PE,25.7,36.0,25.7,27.45,27.45,25.7,1529.05,27.45,3150,900,5,3311617.5,5,F1,450,,,,,
2026-02-18,2026-02-18,FO,NSE,STO,153777,,PRESTIGE,,2026-04-28,2026-04-28,1360.0,CE,PRESTIGE26APR1360CE,0.0,0.0,0.0,146.45,0.0,146.45,1529.05,209.15,0,0,0,0.0,0,F1,450,,,,,
2026-02-18,2026-02-18,FO,NSE,STO,130276,,PRESTIGE,,2026-02-24,2026-02-24,1920.0,PE,PRESTIGE26FEB1920PE,0.0,0.0,0.0,408.0,408.0,408.0,1529.05,389.2,13500,0,0,0.0,0,F1,450,,,,,
2026-02-18,2026-02-18,FO,NSE,STO,130274,,PRESTIGE,,2026-02-24,2026-02-24,1880.0,PE,PRESTIGE26FEB1880PE,364.4,364.4,364.4,364.4,364.4,348.9,1529.05,349.25,26100,-450,1,1009980.0,1,F1,450,,,,,
2026-02-18,2026-02-18,FO,NSE,STO,156629,,PRESTIGE,,2026-02-24,2026-02-24,1340.0,PE,PRESTIGE26FEB1340PE,1.3,1.4,1.05,1.25,1.4,2.55,1529.05,1.25,57150,0,9,5431972.5,9,F1,450,,,,,
2026-02-18,2026-02-18,FO,NSE,STO,153661,,PRESTIGE,,2026-03-30,2026-03-30,1540.0,CE,PRESTIGE26MAR1540CE,74.2,74.2,56.0,58.35,58.35,70.7,1529.05,71.65,6750,6750,22,15859507.5,20,F1,450,,,,,
2026-02-18,2026-02-18,FO,NSE,STO,156708,,PRESTIGE,,2026-03-30,2026-03-30,1760.0,CE,PRESTIGE26MAR1760CE,9.95,9.95,7.9,8.25,8.25,14.6,1529.05,12.45,5850,4950,12,9552960.0,8,F1,450,,,,,
2026-02-18,2026-02-18,FO,NSE,STO,153781,,PRESTIGE,,2026-04-28,2026-04-28,1440.0,CE,PRESTIGE26APR1440CE,0.0,0.0,0.0,109.05,0.0,109.05,1529.05,153.0,0,0,0,0.0,0,F1,450,,,,,
2026-02-18,2026-02-18,FO,NSE,STO,156635,,PRESTIGE,,2026-02-24,2026-02-24,1460.0,PE,PRESTIGE26FEB1460PE,7.65,8.55,3.35,3.65,4.35,7.1,1529.05,3.65,346950,-23400,357,235594575.0,252,F1,450,,,,,
2026-02-18,2026-02-18,FO,NSE,STO,130260,,PRESTIGE,,2026-02-24,2026-02-24,1600.0,PE,PRESTIGE26FEB1600PE,0.0,0.0,0.0,80.4,80.4,80.4,1529.05,75.9,13050,0,0,0.0,0,F1,450,,,,,
2026-02-18,2026-02-18,FO,NSE,STO,153652,,PRESTIGE,,2026-03-30,2026-03-30,1340.0,PE,PRESTIGE26MAR1340PE,0.0,0.0,0.0,9.0,9.0,9.0,1529.05,10.3,1350,0,0,0.0,0,F1,450,,,,,
2026-02-18,2026-02-18,FO,NSE,STO,156701,,PRESTIGE,,2026-03-30,2026-03-30,1600.0,PE,PRESTIGE26MAR1600PE,110.0,110.0,105.5,105.5,105.5,111.0,1529.05,108.55,4500,450,5,3843450.0,4,F1,450,,,,,
2026-02-18,2026-02-18,FO,NSE,STO,156703,,PRESTIGE,,2026-03-30,2026-03-30,1640.0,PE,PRESTIGE26MAR1640PE,0.0,0.0,0.0,162.0,0.0,162.0,1529.05,136.0,0,0,0,0.0,0,F1,450,,,,,
2026-02-18,2026-02-18,FO,NSE,STO,153782,,PRESTIGE,,2026-04-28,2026-04-28,1440.0,PE,PRESTIGE26APR1440PE,0.0,0.0,0.0,135.0,0.0,135.0,1529.05,49.05,0,0,0,0.0,0,F1,450,,,,,
2026-02-18,2026-02-18,FO,NSE,STO,153790,,PRESTIGE,,2026-04-28,2026-04-28,1600.0,PE,PRESTIGE26APR1600PE,0.0,0.0,0.0,240.4,0.0,240.4,1529.05,126.4,0,0,0,0.0,0,F1,450,,,,,
2026-02-18,2026-02-18,FO,NSE,STO,130269,,PRESTIGE,,2026-02-24,2026-02-24,1800.0,CE,PRESTIGE26FEB1800CE,0.45,0.6,0.4,0.45,0.45,0.65,1529.05,0.45,17550,-3150,20,16204027.5,17,F1,450,,,,,
2026-02-18,2026-02-18,FO,NSE,STO,153665,,PRESTIGE,,2026-03-30,2026-03-30,1620.0,CE,PRESTIGE26MAR1620CE,0.0,0.0,0.0,32.95,0.0,32.95,1529.05,40.7,0,0,0,0.0,0,F1,450,,,,,
2026-02-18,2026-02-18,FO,NSE,STO,130235,,PRESTIGE,,2026-02-24,2026-02-24,1480.0,CE,PRESTIGE26FEB1480CE,61.0,62.0,41.0,59.2,57.9,61.2,1529.05,59.2,47700,-6750,69,47452725.0,64,F1,450,,,,,
2026-02-18,2026-02-18,FO,NSE,STO,156680,,PRESTIGE,,2026-03-30,2026-03-30,1200.0,CE,PRESTIGE26MAR1200CE,0.0,0.0,0.0,400.7,0.0,400.7,1529.05,337.35,0,0,0,0.0,0,F1,450,,,,,
2026-02-18,2026-02-18,FO,NSE,STF,52019,,PRESTIGE,,2026-03-30,2026-03-30,,,PRESTIGE26MARFUT,1536.5,1550.1,1516.1,1542.7,1538.7,1538.5,1529.05,1542.7,796500,328050,1675,1150889445.0,1392,F1,450,,,,,
2026-02-18,2026-02-18,FO,NSE,STO,153674,,PRESTIGE,,2026-03-30,2026-03-30,1780.0,PE,PRESTIGE26MAR1780PE,0.0,0.0,0.0,381.85,0.0,381.85,1529.05,250.6,0,0,0,0.0,0,F1,450,,,,,
2026-02-18,2026-02-18,FO,NSE,STO,156709,,PRESTIGE,,2026-03-30,2026-03-30,1760.0,PE,PRESTIGE26MAR1760PE,246.0,246.0,246.0,246.0,246.0,239.7,1529.05,232.85,450,450,1,902700.0,1,F1,450,,,,,
2026-02-18,2026-02-18,FO,NSE,STO,156707,,PRESTIGE,,2026-03-30,2026-03-30,1720.0,PE,PRESTIGE26MAR1720PE,0.0,0.0,0.0,212.25,0.0,212.25,1529.05,198.55,0,0,0,0.0,0,F1,450,,,,,
2026-02-18,2026-02-18,FO,NSE,STO,156697,,PRESTIGE,,2026-03-30,2026-03-30,1520.0,PE,PRESTIGE26MAR1520PE,62.9,62.95,50.3,50.4,50.3,62.9,1529.05,50.4,3150,450,7,4974862.5,7,F1,450,,,,,
2026-02-18,2026-02-18,FO,NSE,STO,130236,,PRESTIGE,,2026-02-24,2026-02-24,1480.0,PE,PRESTIGE26FEB1480PE,9.65,14.05,5.0,5.8,5.75,10.1,1529.05,5.8,79650,-40050,432,289980652.5,379,F1,450,,,,,
2026-02-18,2026-02-18,FO,NSE,STO,156627,,PRESTIGE,,2026-02-24,2026-02-24,1300.0,PE,PRESTIGE26FEB1300PE,1.55,1.55,0.75,0.85,0.85,1.45,1529.05,0.85,98100,-18900,60,35127585.0,48,F1,450,,,,,
2026-02-18,2026-02-18,FO,NSE,STO,156625,,PRESTIGE,,2026-02-24,2026-02-24,1260.0,PE,PRESTIGE26FEB1260PE,0.0,0.0,0.0,10.1,0.0,10.1,1529.05,0.05,0,0,0,0.0,0,F1,450,,,,,
2026-02-18,2026-02-18,FO,NSE,STO,153795,,PRESTIGE,,2026-04-28,2026-04-28,1720.0,CE,PRESTIGE26APR1720CE,0.0,0.0,0.0,33.3,0.0,33.3,1529.05,36.7,0,0,0,0.0,0,F1,450,,,,,
2026-02-18,2026-02-18,FO,NSE,STO,153785,,PRESTIGE,,2026-04-28,2026-04-28,1520.0,CE,PRESTIGE26APR1520CE,0.0,0.0,0.0,79.5,0.0,79.5,1529.05,107.25,0,0,0,0.0,0,F1,450,,,,,
2026-02-18,2026-02-18,FO,NSE,STO,153667,,PRESTIGE,,2026-03-30,2026-03-30,1660.0,CE,PRESTIGE26MAR1660CE,0.0,0.0,0.0,29.35,29.35,29.35,1529.05,29.75,3150,0,0,0.0,0,F1,450,,,,,
2026-02-18,2026-02-18,FO,NSE,STO,156700,,PRESTIGE,,2026-03-30,2026-03-30,1600.0,CE,PRESTIGE26MAR1600CE,40.05,41.95,31.6,39.9,41.95,40.6,1529.05,39.9,156150,-3600,58,42690870.0,57,F1,450,,,,,
2026-02-18,2026-02-18,FO,NSE,STO,156690,,PRESTIGE,,2026-03-30,2026-03-30,1400.0,CE,PRESTIGE26MAR1400CE,140.0,150.0,140.0,150.0,150.0,244.55,1529.05,158.55,450,450,2,1390500.0,2,F1,450,,,,,
2026-02-18,2026-02-18,FO,NSE,STO,130194,,PRESTIGE,,2026-02-24,2026-02-24,1200.0,CE,PRESTIGE26FEB1200CE,0.0,0.0,0.0,483.55,0.0,483.55,1529.05,330.15,0,0,0,0.0,0,F1,450,,,,,
2026-02-18,2026-02-18,FO,NSE,STO,156699,,PRESTIGE,,2026-03-30,2026-03-30,1560.0,PE,PRESTIGE26MAR1560PE,0.0,0.0,0.0,85.2,88.0,85.2,1529.05,84.25,9000,0,0,0.0,0,F1,450,,,,,
2026-02-18,2026-02-18,FO,NSE,STO,153796,,PRESTIGE,,2026-04-28,2026-04-28,1720.0,PE,PRESTIGE26APR1720PE,0.0,0.0,0.0,334.95,0.0,334.95,1529.05,209.85,0,0,0,0.0,0,F1,450,,,,,
2026-02-18,2026-02-18,FO,NSE,STO,130273,,PRESTIGE,,2026-02-24,2026-02-24,1880.0,CE,PRESTIGE26FEB1880CE,1.7,1.7,0.2,0.2,0.2,0.85,1529.05,0.05,7650,-450,2,1692855.0,2,F1,450,,,,,
2026-02-18,2026-02-18,FO,NSE,STO,156624,,PRESTIGE,,2026-02-24,2026-02-24,1260.0,CE,PRESTIGE26FEB1260CE,0.0,0.0,0.0,331.35,0.0,331.35,1529.05,270.2,0,0,0,0.0,0,F1,450,,,,,
2026-02-18,2026-02-18,FO,NSE,STO,153788,,PRESTIGE,,2026-04-28,2026-04-28,1560.0,PE,PRESTIGE26APR1560PE,0.0,0.0,0.0,211.5,0.0,211.5,1529.05,103.15,0,0,0,0.0,0,F1,450,,,,,
2026-02-18,2026-02-18,FO,NSE,STO,153669,,PRESTIGE,,2026-03-30,2026-03-30,1700.0,CE,PRESTIGE26MAR1700CE,0.0,0.0,0.0,20.55,0.0,20.55,1529.05,21.3,0,0,0,0.0,0,F1,450,,,,,
2026-02-18,2026-02-18,FO,NSE,STO,153703,,PRESTIGE,,2026-04-28,2026-04-28,1200.0,CE,PRESTIGE26APR1200CE,0.0,0.0,0.0,246.7,0.0,246.7,1529.05,346.1,0,0,0,0.0,0,F1,450,,,,,
2026-02-18,2026-02-18,FO,NSE,STO,153779,,PRESTIGE,,2026-04-28,2026-04-28,1400.0,CE,PRESTIGE26APR1400CE,0.0,0.0,0.0,126.7,0.0,126.7,1529.05,179.85,0,0,0,0.0,0,F1,450,,,,,
2026-02-18,2026-02-18,FO,NSE,STO,153793,,PRESTIGE,,2026-04-28,2026-04-28,1680.0,CE,PRESTIGE26APR1680CE,0.0,0.0,0.0,40.0,0.0,40.0,1529.05,46.4,0,0,0,0.0,0,F1,450,,,,,
2026-02-18,2026-02-18,FO,NSE,STO,156689,,PRESTIGE,,2026-03-30,2026-03-30,1360.0,PE,PRESTIGE26MAR1360PE,16.0,18.6,15.2,16.2,16.2,16.0,1529.05,13.25,2250,-450,8,4956030.0,6,F1,450,,,,,
2026-02-18,2026-02-18,FO,NSE,STO,156686,,PRESTIGE,,2026-03-30,2026-03-30,1320.0,CE,PRESTIGE26MAR1320CE,0.0,0.0,0.0,302.25,0.0,302.25,1529.05,224.85,0,0,0,0.0,0,F1,450,,,,,
2026-02-18,2026-02-18,FO,NSE,STO,153657,,PRESTIGE,,2026-03-30,2026-03-30,1460.0,CE,PRESTIGE26MAR1460CE,0.0,0.0,0.0,77.15,0.0,77.15,1529.05,116.2,0,0,0,0.0,0,F1,450,,,,,
2026-02-18,2026-02-18,FO,NSE,STO,130268,,PRESTIGE,,2026-02-24,2026-02-24,1760.0,PE,PRESTIGE26FEB1760PE,0.0,0.0,0.0,223.3,223.3,223.3,1529.05,229.4,900,0,0,0.0,0,F1,450,,,,,
2026-02-18,2026-02-18,FO,NSE,STO,156712,,PRESTIGE,,2026-03-30,2026-03-30,1840.0,CE,PRESTIGE26MAR1840CE,0.0,0.0,0.0,8.4,8.4,8.4,1529.05,5.7,4950,0,0,0.0,0,F1,450,,,,,
2026-02-18,2026-02-18,FO,NSE,STO,156631,,PRESTIGE,,2026-02-24,2026-02-24,1380.0,PE,PRESTIGE26FEB1380PE,2.5,2.5,1.2,1.4,1.6,2.5,1529.05,1.4,57150,1350,62,38558835.0,57,F1,450,,,,,
2026-02-18,2026-02-18,FO,NSE,STO,130223,,PRESTIGE,,2026-02-24,2026-02-24,1360.0,CE,PRESTIGE26FEB1360CE,0.0,0.0,0.0,170.1,170.1,170.1,1529.05,170.4,8100,0,0,0.0,0,F1,450,,,,,
2026-02-18,2026-02-18,FO,NSE,STO,130225,,PRESTIGE,,2026-02-24,2026-02-24,1400.0,CE,PRESTIGE26FEB1400CE,121.25,123.6,111.35,120.9,120.9,128.75,1529.05,131.0,19350,-900,24,16378605.0,24,F1,450,,,,,
2026-02-18,2026-02-18,FO,NSE,STO,156636,,PRESTIGE,,2026-02-24,2026-02-24,1500.0,CE,PRESTIGE26FEB1500CE,39.0,49.0,27.75,41.1,42.55,43.4,1529.05,41.1,97200,-13950,382,263515927.5,276,F1,450,,,,,
2026-02-18,2026-02-18,FO,NSE,STO,153794,,PRESTIGE,,2026-04-28,2026-04-28,1680.0,PE,PRESTIGE26APR1680PE,0.0,0.0,0.0,302.25,0.0,302.25,1529.05,179.95,0,0,0,0.0,0,F1,450,,,,,
2026-02-18,2026-02-18,FO,NSE,STO,153792,,PRESTIGE,,2026-04-28,2026-04-28,1640.0,PE,PRESTIGE26APR1640PE,0.0,0.0,0.0,270.7,0.0,270.7,1529.05,152.1,0,0,0,0.0,0,F1,450,,,,,
2026-02-18,2026-02-18,FO,NSE,STO,153660,,PRESTIGE,,2026-03-30,2026-03-30,1500.0,PE,PRESTIGE26MAR1500PE,51.8,60.1,45.0,47.5,46.0,50.95,1529.05,47.5,29250,15300,55,38518650.0,37,F1,450,,,,,
2026-02-18,2026-02-18,FO,NSE,STF,67000,,PRESTIGE,,2026-04-28,2026-04-28,,,PRESTIGE26APRFUT,1545.0,1550.0,1524.1,1547.5,1550.0,1544.0,1529.05,1547.5,7200,900,10,6926715.0,9,F1,450,,,,,
2026-02-18,2026-02-18,FO,NSE,STO,130202,,PRESTIGE,,2026-02-24,2026-02-24,1320.0,CE,PRESTIGE26FEB1320CE,0.0,0.0,0.0,205.0,205.0,205.0,1529.05,210.25,1800,0,0,0.0,0,F1,450,,,,,
2026-02-18,2026-02-18,FO,NSE,STO,156628,,PRESTIGE,,2026-02-24,2026-02-24,1340.0,CE,PRESTIGE26FEB1340CE,0.0,0.0,0.0,136.9,136.9,136.9,1529.05,190.3,2700,0,0,0.0,0,F1,450,,,,,
2026-02-18,2026-02-18,FO,NSE,STO,156644,,PRESTIGE,,2026-02-24,2026-02-24,1660.0,CE,PRESTIGE26FEB1660CE,2.15,2.15,0.95,1.35,1.2,2.05,1529.05,1.35,28800,-9450,147,109887367.5,125,F1,450,,,,,
2026-02-18,2026-02-18,FO,NSE,STO,156648,,PRESTIGE,,2026-02-24,2026-02-24,1740.0,CE,PRESTIGE26FEB1740CE,0.4,0.65,0.4,0.65,0.65,1.0,1529.05,0.65,11250,-3150,9,7049205.0,9,F1,450,,,,,
2026-02-18,2026-02-18,FO,NSE,STO,156695,,PRESTIGE,,2026-03-30,2026-03-30,1480.0,PE,PRESTIGE26MAR1480PE,46.1,50.0,41.2,41.2,41.2,87.2,1529.05,41.2,2250,900,4,2748285.0,4,F1,450,,,,,
2026-02-18,2026-02-18,FO,NSE,STO,156650,,PRESTIGE,,2026-02-24,2026-02-24,1780.0,CE,PRESTIGE26FEB1780CE,0.35,0.5,0.25,0.45,0.4,0.8,1529.05,0.45,4050,-7650,29,23233792.5,19,F1,450,,,,,
2026-02-18,2026-02-18,FO,NSE,STO,156705,,PRESTIGE,,2026-03-30,2026-03-30,1680.0,PE,PRESTIGE26MAR1680PE,0.0,0.0,0.0,186.3,0.0,186.3,1529.05,166.1,0,0,0,0.0,0,F1,450,,,,,
2026-02-18,2026-02-18,FO,NSE,STO,153656,,PRESTIGE,,2026-03-30,2026-03-30,1420.0,PE,PRESTIGE26MAR1420PE,25.7,25.7,25.7,25.7,25.7,32.2,1529.05,26.05,3600,-900,2,1301130.0,1,F1,450,,,,,
2026-02-18,2026-02-18,FO,NSE,STO,130272,,PRESTIGE,,2026-02-24,2026-02-24,1840.0,PE,PRESTIGE26FEB1840PE,0.0,0.0,0.0,246.85,0.0,246.85,1529.05,309.3,0,0,0,0.0,0,F1,450,,,,,
2026-02-18,2026-02-18,FO,NSE,STO,130238,,PRESTIGE,,2026-02-24,2026-02-24,1520.0,PE,PRESTIGE26FEB1520PE,26.95,30.1,13.55,16.4,17.45,23.2,1529.05,16.4,58050,-3600,259,179886307.5,224,F1,450,,,,,
2026-02-18,2026-02-18,FO,NSE,STO,156633,,PRESTIGE,,2026-02-24,2026-02-24,1420.0,PE,PRESTIGE26FEB1420PE,3.75,4.15,1.95,2.2,2.15,3.65,1529.05,2.2,71100,11700,156,99906120.0,155,F1,450,,,,,
2026-02-18,2026-02-18,FO,NSE,STO,156623,,PRESTIGE,,2026-02-24,2026-02-24,1220.0,PE,PRESTIGE26FEB1220PE,0.0,0.0,0.0,6.55,0.0,6.55,1529.05,0.05,0,0,0,0.0,0,F1,450,,,,,
2026-02-18,2026-02-18,FO,NSE,STO,156692,,PRESTIGE,,2026-03-30,2026-03-30,1440.0,CE,PRESTIGE26MAR1440CE,114.6,114.6,114.6,114.6,114.6,91.0,1529.05,129.5,1800,0,1,699570.0,1,F1,450,,,,,
2026-02-18,2026-02-18,FO,NSE,STO,153655,,PRESTIGE,,2026-03-30,2026-03-30,1420.0,CE,PRESTIGE26MAR1420CE,0.0,0.0,0.0,96.45,96.45,96.45,1529.05,143.65,450,0,0,0.0,0,F1,450,,,,,
2026-02-18,2026-02-18,FO,NSE,STO,130258,,PRESTIGE,,2026-02-24,2026-02-24,1600.0,CE,PRESTIGE26FEB1600CE,5.5,6.1,2.25,4.55,3.9,6.15,1529.05,4.55,460800,-67500,1232,889230375.0,921,F1,450,,,,,
2026-02-18,2026-02-18,FO,NSE,STO,156632,,PRESTIGE,,2026-02-24,2026-02-24,1420.0,CE,PRESTIGE26FEB1420CE,101.1,104.6,92.55,92.55,92.55,112.5,1529.05,111.8,22050,1350,34,23241285.0,34,F1,450,,,,,
2026-02-18,2026-02-18,FO,NSE,STO,156626,,PRESTIGE,,2026-02-24,2026-02-24,1300.0,CE,PRESTIGE26FEB1300CE,0.0,0.0,0.0,219.35,219.35,219.35,1529.05,230.25,4500,0,0,0.0,0,F1,450,,,,,
2026-02-18,2026-02-18,FO,NSE,STO,153786,,PRESTIGE,,2026-04-28,2026-04-28,1520.0,PE,PRESTIGE26APR1520PE,0.0,0.0,0.0,184.2,0.0,184.2,1529.05,82.45,0,0,0,0.0,0,F1,450,,,,,
2026-02-18,2026-02-18,FO,NSE,STO,153776,,PRESTIGE,,2026-04-28,2026-04-28,1320.0,PE,PRESTIGE26APR1320PE,0.0,0.0,0.0,76.1,0.0,76.1,1529.05,18.05,0,0,0,0.0,0,F1,450,,,,,
2026-02-18,2026-02-18,FO,NSE,STO,153648,,PRESTIGE,,2026-03-30,2026-03-30,1260.0,PE,PRESTIGE26MAR1260PE,0.0,0.0,0.0,38.95,0.0,38.95,1529.05,3.15,0,0,0,0.0,0,F1,450,,,,,
2026-02-18,2026-02-18,FO,NSE,STO,153650,,PRESTIGE,,2026-03-30,2026-03-30,1300.0,PE,PRESTIGE26MAR1300PE,9.8,9.8,9.3,9.3,9.3,10.1,1529.05,5.9,2250,1350,3,1768005.0,2,F1,450,,,,,
2026-02-18,2026-02-18,FO,NSE,STO,153772,,PRESTIGE,,2026-04-28,2026-04-28,1240.0,PE,PRESTIGE26APR1240PE,0.0,0.0,0.0,47.5,0.0,47.5,1529.05,7.65,0,0,0,0.0,0,F1,450,,,,,
2026-02-18,2026-02-18,FO,NSE,STO,153780,,PRESTIGE,,2026-04-28,2026-04-28,1400.0,PE,PRESTIGE26APR1400PE,0.0,0.0,0.0,113.25,0.0,113.25,1529.05,36.35,0,0,0,0.0,0,F1,450,,,,,
2026-02-18,2026-02-18,FO,NSE,STO,156634,,PRESTIGE,,2026-02-24,2026-02-24,1460.0,CE,PRESTIGE26FEB1460CE,0.0,0.0,0.0,79.15,79.15,79.15,1529.05,75.85,18450,0,0,0.0,0,F1,450,,,,,
2026-02-18,2026-02-18,FO,NSE,STO,130237,,PRESTIGE,,2026-02-24,2026-02-24,1520.0,CE,PRESTIGE26FEB1520CE,34.3,36.0,17.7,30.6,29.9,31.7,1529.05,30.6,80100,-450,520,361340077.5,463,F1,450,,,,,
2026-02-18,2026-02-18,FO,NSE,STO,156638,,PRESTIGE,,2026-02-24,2026-02-24,1540.0,CE,PRESTIGE26FEB1540CE,20.25,24.6,11.0,20.5,18.45,21.75,1529.05,20.5,96300,18450,786,551004705.0,635,F1,450,,,,,
2026-02-18,2026-02-18,FO,NSE,STO,130196,,PRESTIGE,,2026-02-24,2026-02-24,1240.0,CE,PRESTIGE26FEB1240CE,0.0,0.0,0.0,447.95,0.0,447.95,1529.05,290.15,0,0,0,0.0,0,F1,450,,,,,
2026-02-18,2026-02-18,FO,NSE,STO,156642,,PRESTIGE,,2026-02-24,2026-02-24,1620.0,CE,PRESTIGE26FEB1620CE,3.0,3.6,1.7,2.8,2.55,4.25,1529.05,2.8,102150,-97200,400,292033305.0,251,F1,450,,,,,
2026-02-18,2026-02-18,FO,NSE,STO,130263,,PRESTIGE,,2026-02-24,2026-02-24,1680.0,CE,PRESTIGE26FEB1680CE,0.85,1.2,0.7,1.05,0.95,1.6,1529.05,1.05,50400,900,69,52192665.0,54,F1,450,,,,,
2026-02-18,2026-02-18,FO,NSE,STO,130265,,PRESTIGE,,2026-02-24,2026-02-24,1720.0,CE,PRESTIGE26FEB1720CE,0.5,0.7,0.2,0.7,0.7,1.45,1529.05,0.7,23850,-2700,16,12388005.0,16,F1,450,,,,,
2026-02-18,2026-02-18,FO,NSE,STO,153643,,PRESTIGE,,2026-03-30,2026-03-30,1180.0,CE,PRESTIGE26MAR1180CE,0.0,0.0,0.0,244.15,0.0,244.15,1529.05,356.85,0,0,0,0.0,0,F1,450,,,,,
2026-02-18,2026-02-18,FO,NSE,STO,153651,,PRESTIGE,,2026-03-30,2026-03-30,1340.0,CE,PRESTIGE26MAR1340CE,0.0,0.0,0.0,133.7,0.0,133.7,1529.05,207.4,0,0,0,0.0,0,F1,450,,,,,
2026-02-18,2026-02-18,FO,NSE,STO,156704,,PRESTIGE,,2026-03-30,2026-03-30,1680.0,CE,PRESTIGE26MAR1680CE,15.35,16.15,15.05,16.15,16.15,100.8,1529.05,25.25,4950,4950,13,9921262.5,5,F1,450,,,,,
2026-02-18,2026-02-18,FO,NSE,STO,156706,,PRESTIGE,,2026-03-30,2026-03-30,1720.0,CE,PRESTIGE26MAR1720CE,0.0,0.0,0.0,87.3,0.0,87.3,1529.05,17.9,0,0,0,0.0,0,F1,450,,,,,
2026-02-18,2026-02-18,FO,NSE,STO,40020,,PRESTIGE,,2026-02-24,2026-02-24,1160.0,PE,PRESTIGE26FEB1160PE,0.5,0.65,0.5,0.65,0.65,0.55,1529.05,0.05,4950,-2250,5,2611327.5,5,F1,450,,,,,
2026-02-18,2026-02-18,FO,NSE,STO,156621,,PRESTIGE,,2026-02-24,2026-02-24,1180.0,PE,PRESTIGE26FEB1180PE,0.0,0.0,0.0,4.05,0.0,4.05,1529.05,0.05,0,0,0,0.0,0,F1,450,,,,,
2026-02-18,2026-02-18,FO,NSE,STO,130226,,PRESTIGE,,2026-02-24,2026-02-24,1400.0,PE,PRESTIGE26FEB1400PE,2.3,3.25,1.6,1.8,1.95,2.9,1529.05,1.8,92700,-35100,305,192471322.5,251,F1,450,,,,,
2026-02-18,2026-02-18,FO,NSE,STO,156647,,PRESTIGE,,2026-02-24,2026-02-24,1700.0,PE,PRESTIGE26FEB1700PE,189.0,189.0,189.0,189.0,189.0,130.45,1529.05,169.7,9450,-900,2,1700100.0,2,F1,450,,,,,
2026-02-18,2026-02-18,FO,NSE,STO,153647,,PRESTIGE,,2026-03-30,2026-03-30,1260.0,CE,PRESTIGE26MAR1260CE,0.0,0.0,0.0,184.15,0.0,184.15,1529.05,279.8,0,0,0,0.0,0,F1,450,,,,,
2026-02-18,2026-02-18,FO,NSE,STO,153649,,PRESTIGE,,2026-03-30,2026-03-30,1300.0,CE,PRESTIGE26MAR1300CE,0.0,0.0,0.0,157.6,0.0,157.6,1529.05,242.75,0,0,0,0.0,0,F1,450,,,,,
2026-02-18,2026-02-18,FO,NSE,STO,153659,,PRESTIGE,,2026-03-30,2026-03-30,1500.0,CE,PRESTIGE26MAR1500CE,79.45,94.9,75.0,94.9,94.9,87.0,1529.05,94.9,17100,2700,10,7104735.0,9,F1,450,,,,,
2026-02-18,2026-02-18,FO,NSE,STO,153663,,PRESTIGE,,2026-03-30,2026-03-30,1580.0,CE,PRESTIGE26MAR1580CE,0.0,0.0,0.0,47.7,47.7,47.7,1529.05,54.55,1800,0,0,0.0,0,F1,450,,,,,
2026-02-18,2026-02-18,FO,NSE,STO,156702,,PRESTIGE,,2026-03-30,2026-03-30,1640.0,CE,PRESTIGE26MAR1640CE,0.0,0.0,0.0,40.25,40.25,40.25,1529.05,34.9,900,0,0,0.0,0,F1,450,,,,,
2026-02-18,2026-02-18,FO,NSE,STO,153673,,PRESTIGE,,2026-03-30,2026-03-30,1780.0,CE,PRESTIGE26MAR1780CE,10.0,10.0,10.0,10.0,10.0,15.6,1529.05,10.35,4050,0,1,805500.0,1,F1,450,,,,,
2026-02-18,2026-02-18,FO,NSE,STO,130203,,PRESTIGE,,2026-02-24,2026-02-24,1320.0,PE,PRESTIGE26FEB1320PE,1.4,1.4,0.85,0.95,0.95,1.65,1529.05,0.95,13500,-450,23,13673115.0,23,F1,450,,,,,
2026-02-18,2026-02-18,FO,NSE,STO,130224,,PRESTIGE,,2026-02-24,2026-02-24,1360.0,PE,PRESTIGE26FEB1360PE,1.9,2.05,1.15,1.25,1.25,2.05,1529.05,1.25,52650,450,70,42895597.5,67,F1,450,,,,,
2026-02-18,2026-02-18,FO,NSE,STO,156637,,PRESTIGE,,2026-02-24,2026-02-24,1500.0,PE,PRESTIGE26FEB1500PE,15.05,21.4,8.0,9.55,9.75,15.4,1529.05,9.55,113400,-4950,598,408095032.5,511,F1,450,,,,,
2026-02-18,2026-02-18,FO,NSE,STO,130266,,PRESTIGE,,2026-02-24,2026-02-24,1720.0,PE,PRESTIGE26FEB1720PE,0.0,0.0,0.0,141.4,141.4,141.4,1529.05,189.55,900,0,0,0.0,0,F1,450,,,,,
2026-02-18,2026-02-18,FO,NSE,STO,153644,,PRESTIGE,,2026-03-30,2026-03-30,1180.0,PE,PRESTIGE26MAR1180PE,0.0,0.0,0.0,19.8,0.0,19.8,1529.05,0.7,0,0,0,0.0,0,F1,450,,,,,
2026-02-18,2026-02-18,FO,NSE,STO,156685,,PRESTIGE,,2026-03-30,2026-03-30,1280.0,PE,PRESTIGE26MAR1280PE,9.05,9.4,9.05,9.4,9.4,25.05,1529.05,4.35,1350,1350,3,1740375.0,2,F1,450,,,,,
2026-02-18,2026-02-18,FO,NSE,STO,156691,,PRESTIGE,,2026-03-30,2026-03-30,1400.0,PE,PRESTIGE26MAR1400PE,23.25,27.1,22.85,22.85,22.85,22.9,1529.05,21.1,82350,45450,143,91788862.5,70,F1,450,,,,,
2026-02-18,2026-02-18,FO,NSE,STO,153778,,PRESTIGE,,2026-04-28,2026-04-28,1360.0,PE,PRESTIGE26APR1360PE,0.0,0.0,0.0,93.6,0.0,93.6,1529.05,26.05,0,0,0,0.0,0,F1,450,,,,,
2026-02-18,2026-02-18,FO,NSE,STO,153802,,PRESTIGE,,2026-04-28,2026-04-28,1840.0,PE,PRESTIGE26APR1840PE,0.0,0.0,0.0,438.7,0.0,438.7,1529.05,309.1,0,0,0,0.0,0,F1,450,,,,,
2026-02-18,2026-02-18,FO,NSE,STO,156684,,PRESTIGE,,2026-03-30,2026-03-30,1280.0,CE,PRESTIGE26MAR1280CE,0.0,0.0,0.0,333.6,0.0,333.6,1529.05,261.1,0,0,0,0.0,0,F1,450,,,,,
2026-02-18,2026-02-18,FO,NSE,STO,130227,,PRESTIGE,,2026-02-24,2026-02-24,1440.0,CE,PRESTIGE26FEB1440CE,82.1,97.3,75.25,96.1,94.35,92.8,1529.05,96.1,58500,1800,25,17123760.0,25,F1,450,,,,,
2026-02-18,2026-02-18,FO,NSE,STO,130267,,PRESTIGE,,2026-02-24,2026-02-24,1760.0,CE,PRESTIGE26FEB1760CE,0.45,0.65,0.35,0.5,0.4,0.75,1529.05,0.5,36450,-450,39,30896775.0,31,F1,450,,,,,
2026-02-18,2026-02-18,FO,NSE,STO,156683,,PRESTIGE,,2026-03-30,2026-03-30,1240.0,PE,PRESTIGE26MAR1240PE,7.95,7.95,7.95,7.95,7.95,3.6,1529.05,2.25,1350,450,1,561577.5,1,F1,450,,,,,
2026-02-18,2026-02-18,FO,NSE,STO,153664,,PRESTIGE,,2026-03-30,2026-03-30,1580.0,PE,PRESTIGE26MAR1580PE,0.0,0.0,0.0,212.75,0.0,212.75,1529.05,96.0,0,0,0,0.0,0,F1,450,,,,,
2026-02-18,2026-02-18,FO,NSE,STO,153670,,PRESTIGE,,2026-03-30,2026-03-30,1700.0,PE,PRESTIGE26MAR1700PE,192.0,192.0,192.0,192.0,192.0,310.8,1529.05,182.05,900,900,2,1702800.0,1,F1,450,,,,,
2026-02-18,2026-02-18,FO,NSE,STO,153784,,PRESTIGE,,2026-04-28,2026-04-28,1480.0,PE,PRESTIGE26APR1480PE,0.0,0.0,0.0,158.65,0.0,158.65,1529.05,64.45,0,0,0,0.0,0,F1,450,,,,,
2026-02-18,2026-02-18,FO,NSE,STO,153798,,PRESTIGE,,2026-04-28,2026-04-28,1760.0,PE,PRESTIGE26APR1760PE,0.0,0.0,0.0,368.7,0.0,368.7,1529.05,241.5,0,0,0,0.0,0,F1,450,,,,,
2026-02-18,2026-02-18,FO,NSE,STF,59457,,PRESTIGE,,2026-02-24,2026-02-24,,,PRESTIGE26FEBFUT,1530.9,1543.2,1506.8,1534.3,1529.8,1528.9,1529.05,1534.3,3339900,-238050,2416,1652670360.0,2256,F1,450,,,,,
2026-02-18,2026-02-18,FO,NSE,STO,130261,,PRESTIGE,,2026-02-24,2026-02-24,1640.0,CE,PRESTIGE26FEB1640CE,2.45,2.45,1.2,1.8,1.7,2.85,1529.05,1.8,57150,-27000,138,101941650.0,118,F1,450,,,,,
2026-02-18,2026-02-18,FO,NSE,STO,130271,,PRESTIGE,,2026-02-24,2026-02-24,1840.0,CE,PRESTIGE26FEB1840CE,0.0,0.0,0.0,5.55,5.55,5.55,1529.05,0.05,900,0,0,0.0,0,F1,450,,,,,
2026-02-18,2026-02-18,FO,NSE,STO,153645,,PRESTIGE,,2026-03-30,2026-03-30,1220.0,CE,PRESTIGE26MAR1220CE,0.0,0.0,0.0,213.0,0.0,213.0,1529.05,317.95,0,0,0,0.0,0,F1,450,,,,,
2026-02-18,2026-02-18,FO,NSE,STO,156682,,PRESTIGE,,2026-03-30,2026-03-30,1240.0,CE,PRESTIGE26MAR1240CE,0.0,0.0,0.0,366.5,0.0,366.5,1529.05,298.75,0,0,0,0.0,0,F1,450,,,,,
2026-02-18,2026-02-18,FO,NSE,STO,156688,,PRESTIGE,,2026-03-30,2026-03-30,1360.0,CE,PRESTIGE26MAR1360CE,0.0,0.0,0.0,272.55,0.0,272.55,1529.05,190.5,0,0,0,0.0,0,F1,450,,,,,
2026-02-18,2026-02-18,FO,NSE,STO,156698,,PRESTIGE,,2026-03-30,2026-03-30,1560.0,CE,PRESTIGE26MAR1560CE,42.0,48.45,42.0,48.45,48.45,59.25,1529.05,62.7,900,0,2,1444702.5,2,F1,450,,,,,
2026-02-18,2026-02-18,FO,NSE,STO,153671,,PRESTIGE,,2026-03-30,2026-03-30,1740.0,CE,PRESTIGE26MAR1740CE,12.85,12.85,9.6,12.1,12.25,16.1,1529.05,12.1,4500,4500,31,24432480.0,14,F1,450,,,,,
2026-02-18,2026-02-18,FO,NSE,STO,153787,,PRESTIGE,,2026-04-28,2026-04-28,1560.0,CE,PRESTIGE26APR1560CE,0.0,0.0,0.0,67.35,0.0,67.35,1529.05,88.35,0,0,0,0.0,0,F1,450,,,,,
2026-02-18,2026-02-18,FO,NSE,STO,153797,,PRESTIGE,,2026-04-28,2026-04-28,1760.0,CE,PRESTIGE26APR1760CE,0.0,0.0,0.0,27.65,0.0,27.65,1529.05,28.75,0,0,0,0.0,0,F1,450,,,,,
2026-02-18,2026-02-18,FO,NSE,STO,156643,,PRESTIGE,,2026-02-24,2026-02-24,1620.0,PE,PRESTIGE26FEB1620PE,0.0,0.0,0.0,104.2,104.2,104.2,1529.05,93.25,4500,0,0,0.0,0,F1,450,,,,,
2026-02-18,2026-02-18,FO,NSE,STO,156681,,PRESTIGE,,2026-03-30,2026-03-30,1200.0,PE,PRESTIGE26MAR1200PE,0.0,0.0,0.0,13.35,0.0,13.35,1529.05,1.05,0,0,0,0.0,0,F1,450,,,,,
2026-02-18,2026-02-18,FO,NSE,STO,156651,,PRESTIGE,,2026-02-24,2026-02-24,1780.0,PE,PRESTIGE26FEB1780PE,0.0,0.0,0.0,236.1,0.0,236.1,1529.05,249.35,0,0,0,0.0,0,F1,450,,,,,
2026-02-18,2026-02-18,FO,NSE,STO,153771,,PRESTIGE,,2026-04-28,2026-04-28,1240.0,CE,PRESTIGE26APR1240CE,0.0,0.0,0.0,218.45,0.0,218.45,1529.05,309.55,0,0,0,0.0,0,F1,450,,,,,
2026-02-18,2026-02-18,FO,NSE,STO,156652,,PRESTIGE,,2026-02-24,2026-02-24,1820.0,CE,PRESTIGE26FEB1820CE,0.0,0.0,0.0,0.4,0.4,0.4,1529.05,0.05,3150,0,0,0.0,0,F1,450,,,,,
2026-02-18,2026-02-18,FO,NSE,STO,156620,,PRESTIGE,,2026-02-24,2026-02-24,1180.0,CE,PRESTIGE26FEB1180CE,0.0,0.0,0.0,404.55,0.0,404.55,1529.05,350.1,0,0,0,0.0,0,F1,450,,,,,
2026-02-18,2026-02-18,FO,NSE,STO,130270,,PRESTIGE,,2026-02-24,2026-02-24,1800.0,PE,PRESTIGE26FEB1800PE,0.0,0.0,0.0,254.25,254.25,254.25,1529.05,269.35,0,0,0,0.0,0,F1,450,,,,,
2026-02-18,2026-02-18,FO,NSE,STO,156696,,PRESTIGE,,2026-03-30,2026-03-30,1520.0,CE,PRESTIGE26MAR1520CE,0.0,0.0,0.0,54.2,54.2,54.2,1529.05,81.45,900,0,0,0.0,0,F1,450,,,,,
2026-02-18,2026-02-18,FO,NSE,STO,130199,,PRESTIGE,,2026-02-24,2026-02-24,1280.0,PE,PRESTIGE26FEB1280PE,1.25,1.25,0.65,0.75,0.75,1.25,1529.05,0.75,16200,-3600,29,16715970.0,28,F1,450,,,,,
2026-02-18,2026-02-18,FO,NSE,STO,130195,,PRESTIGE,,2026-02-24,2026-02-24,1200.0,PE,PRESTIGE26FEB1200PE,0.9,1.15,0.8,1.15,1.15,0.8,1529.05,0.05,49050,0,8,4323195.0,7,F1,450,,,,,
2026-02-18,2026-02-18,FO,NSE,STO,153799,,PRESTIGE,,2026-04-28,2026-04-28,1800.0,CE,PRESTIGE26APR1800CE,0.0,0.0,0.0,22.9,0.0,22.9,1529.05,22.3,0,0,0,0.0,0,F1,450,,,,,
2026-02-18,2026-02-18,FO,NSE,STO,153791,,PRESTIGE,,2026-04-28,2026-04-28,1640.0,CE,PRESTIGE26APR1640CE,0.0,0.0,0.0,47.85,0.0,47.85,1529.05,58.1,0,0,0,0.0,0,F1,450,,,,,
2026-02-18,2026-02-18,FO,NSE,STO,153775,,PRESTIGE,,2026-04-28,2026-04-28,1320.0,CE,PRESTIGE26APR1320CE,0.0,0.0,0.0,168.3,0.0,168.3,1529.05,240.75,0,0,0,0.0,0,F1,450,,,,,
2026-02-18,2026-02-18,FO,NSE,STO,153773,,PRESTIGE,,2026-04-28,2026-04-28,1280.0,CE,PRESTIGE26APR1280CE,0.0,0.0,0.0,192.3,0.0,192.3,1529.05,274.3,0,0,0,0.0,0,F1,450,,,,,
2026-02-18,2026-02-18,FO,NSE,STO,130262,,PRESTIGE,,2026-02-24,2026-02-24,1640.0,PE,PRESTIGE26FEB1640PE,0.0,0.0,0.0,118.55,118.55,118.55,1529.05,111.6,6750,0,0,0.0,0,F1,450,,,,,
2026-02-18,2026-02-18,FO,NSE,STO,156649,,PRESTIGE,,2026-02-24,2026-02-24,1740.0,PE,PRESTIGE26FEB1740PE,0.0,0.0,0.0,178.4,178.4,178.4,1529.05,209.45,0,0,0,0.0,0,F1,450,,,,,
2026-02-18,2026-02-18,FO,NSE,STO,156687,,PRESTIGE,,2026-03-30,2026-03-30,1320.0,PE,PRESTIGE26MAR1320PE,10.8,10.8,9.75,9.75,9.75,17.85,1529.05,9.75,1800,900,6,3591945.0,3,F1,450,,,,,
2026-02-18,2026-02-18,FO,NSE,STO,156694,,PRESTIGE,,2026-03-30,2026-03-30,1480.0,CE,PRESTIGE26MAR1480CE,0.0,0.0,0.0,194.1,0.0,194.1,1529.05,103.75,0,0,0,0.0,0,F1,450,,,,,
2026-02-18,2026-02-18,FO,NSE,STO,130228,,PRESTIGE,,2026-02-24,2026-02-24,1440.0,PE,PRESTIGE26FEB1440PE,4.65,5.95,2.25,2.6,2.75,4.75,1529.05,2.6,231750,47700,572,371748037.5,508,F1,450,,,,,
2026-02-18,2026-02-18,FO,NSE,STO,156639,,PRESTIGE,,2026-02-24,2026-02-24,1540.0,PE,PRESTIGE26FEB1540PE,37.8,42.1,21.9,24.55,27.15,32.75,1529.05,24.55,68850,-2700,65,46037655.0,62,F1,450,,,,,
2026-02-18,2026-02-18,FO,NSE,STO,130256,,PRESTIGE,,2026-02-24,2026-02-24,1560.0,PE,PRESTIGE26FEB1560PE,48.0,57.55,36.5,40.5,39.4,45.0,1529.05,40.5,22050,450,48,34830877.5,44,F1,450,,,,,
2026-02-18,2026-02-18,FO,NSE,STO,156641,,PRESTIGE,,2026-02-24,2026-02-24,1580.0,PE,PRESTIGE26FEB1580PE,59.05,76.0,50.0,50.9,52.2,59.1,1529.05,50.9,13050,-3150,26,19278180.0,25,F1,450,,,,,
2026-02-18,2026-02-18,FO,NSE,STO,156645,,PRESTIGE,,2026-02-24,2026-02-24,1660.0,PE,PRESTIGE26FEB1660PE,0.0,0.0,0.0,127.55,127.55,127.55,1529.05,130.6,8100,0,0,0.0,0,F1,450,,,,,
2026-02-18,2026-02-18,FO,NSE,STO,130264,,PRESTIGE,,2026-02-24,2026-02-24,1680.0,PE,PRESTIGE26FEB1680PE,150.25,167.35,150.25,167.35,167.35,117.75,1529.05,150.0,2250,-900,3,2481862.5,3,F1,450,,,,,
2026-02-18,2026-02-18,FO,NSE,STO,153646,,PRESTIGE,,2026-03-30,2026-03-30,1220.0,PE,PRESTIGE26MAR1220PE,0.0,0.0,0.0,28.25,0.0,28.25,1529.05,1.55,0,0,0,0.0,0,F1,450,,,,,
2026-02-18,2026-02-18,FO,NSE,STO,153662,,PRESTIGE,,2026-03-30,2026-03-30,1540.0,PE,PRESTIGE26MAR1540PE,73.0,73.0,61.8,61.8,61.8,45.7,1529.05,61.8,900,0,3,2170665.0,3,F1,450,,,,,
2026-02-18,2026-02-18,FO,NSE,STO,153672,,PRESTIGE,,2026-03-30,2026-03-30,1740.0,PE,PRESTIGE26MAR1740PE,227.0,227.0,227.0,227.0,227.0,345.9,1529.05,215.5,900,900,2,1770300.0,1,F1,450,,,,,
2026-02-18,2026-02-18,FO,NSE,STO,156711,,PRESTIGE,,2026-03-30,2026-03-30,1800.0,PE,PRESTIGE26MAR1800PE,0.0,0.0,0.0,268.6,0.0,268.6,1529.05,268.65,0,0,0,0.0,0,F1,450,,,,,
2026-02-18,2026-02-18,FO,NSE,STO,156713,,PRESTIGE,,2026-03-30,2026-03-30,1840.0,PE,PRESTIGE26MAR1840PE,0.0,0.0,0.0,298.75,0.0,298.75,1529.05,305.6,0,0,0,0.0,0,F1,450,,,,,
2026-02-18,2026-02-18,FO,NSE,STO,153774,,PRESTIGE,,2026-04-28,2026-04-28,1280.0,PE,PRESTIGE26APR1280PE,0.0,0.0,0.0,60.7,0.0,60.7,1529.05,12.0,0,0,0,0.0,0,F1,450,,,,,
2026-02-18,2026-02-18,FO,NSE,STO,153800,,PRESTIGE,,2026-04-28,2026-04-28,1800.0,PE,PRESTIGE26APR1800PE,0.0,0.0,0.0,403.3,0.0,403.3,1529.05,274.65,0,0,0,0.0,0,F1,450,,,,,
2026-02-18,2026-02-18,FO,NSE,STO,156640,,PRESTIGE,,2026-02-24,2026-02-24,1580.0,CE,PRESTIGE26FEB1580CE,9.1,9.75,4.0,7.1,5.9,9.8,1529.05,7.1,225000,65250,451,321949575.0,309,F1,450,,,,,
2026-02-18,2026-02-18,FO,NSE,STO,130198,,PRESTIGE,,2026-02-24,2026-02-24,1280.0,CE,PRESTIGE26FEB1280CE,0.0,0.0,0.0,413.45,0.0,413.45,1529.05,250.2,0,0,0,0.0,0,F1,450,,,,,
2026-02-18,2026-02-18,FO,NSE,STO,156630,,PRESTIGE,,2026-02-24,2026-02-24,1380.0,CE,PRESTIGE26FEB1380CE,140.55,152.85,131.05,152.85,152.85,147.85,1529.05,152.85,9450,450,12,8213557.5,12,F1,450,,,,,
2026-02-18,2026-02-18,FO,NSE,STO,130255,,PRESTIGE,,2026-02-24,2026-02-24,1560.0,CE,PRESTIGE26FEB1560CE,13.4,15.7,6.6,12.6,11.1,14.65,1529.05,12.6,98100,37350,672,474853320.0,450,F1,450,,,,,
2026-02-18,2026-02-18,FO,NSE,STO,153653,,PRESTIGE,,2026-03-30,2026-03-30,1380.0,CE,PRESTIGE26MAR1380CE,0.0,0.0,0.0,112.35,0.0,112.35,1529.05,174.2,0,0,0,0.0,0,F1,450,,,,,
2026-02-18,2026-02-18,FO,NSE,STO,153770,,PRESTIGE,,2026-04-28,2026-04-28,1200.0,PE,PRESTIGE26APR1200PE,0.0,0.0,0.0,36.3,0.0,36.3,1529.05,4.65,0,0,0,0.0,0,F1,450,,,,,
2026-02-18,2026-02-18,FO,NSE,STO,153658,,PRESTIGE,,2026-03-30,2026-03-30,1460.0,PE,PRESTIGE26MAR1460PE,42.7,42.7,39.8,39.8,39.8,77.2,1529.05,38.4,1350,0,2,1351125.0,2,F1,450,,,,,
2026-02-18,2026-02-18,FO,NSE,STO,153654,,PRESTIGE,,2026-03-30,2026-03-30,1380.0,PE,PRESTIGE26MAR1380PE,18.2,18.2,18.2,18.2,18.2,20.2,1529.05,16.85,8100,-900,2,1258380.0,1,F1,450,,,,,
2026-02-18,2026-02-18,FO,NSE,STO,130197,,PRESTIGE,,2026-02-24,2026-02-24,1240.0,PE,PRESTIGE26FEB1240PE,0.8,1.1,0.6,0.65,0.65,0.9,1529.05,0.65,8100,0,22,12283087.5,22,F1,450,,,,,
2026-02-18,2026-02-18,FO,NSE,STO,153789,,PRESTIGE,,2026-04-28,2026-04-28,1600.0,CE,PRESTIGE26APR1600CE,0.0,0.0,0.0,56.9,0.0,56.9,1529.05,72.0,0,0,0,0.0,0,F1,450,,,,,
2026-02-18,2026-02-18,FO,NSE,STO,153783,,PRESTIGE,,2026-04-28,2026-04-28,1480.0,CE,PRESTIGE26APR1480CE,0.0,0.0,0.0,93.35,0.0,93.35,1529.05,128.8,0,0,0,0.0,0,F1,450,,,,,
2026-02-18,2026-02-18,FO,NSE,STO,156710,,PRESTIGE,,2026-03-30,2026-03-30,1800.0,CE,PRESTIGE26MAR1800CE,6.0,6.0,6.0,6.0,6.0,9.0,1529.05,8.55,5850,0,1,812700.0,1,F1,450,,,,,
2026-02-18,2026-02-18,FO,NSE,STO,79982,,AMBUJACEM,,2026-03-30,2026-03-30,545.0,PE,AMBUJACEM26MAR545PE,0.0,0.0,0.0,27.0,27.0,27.0,523.0,29.75,1050,0,0,0.0,0,F1,1050,,,,,
2026-02-18,2026-02-18,FO,NSE,STO,80456,,AMBUJACEM,,2026-04-28,2026-04-28,600.0,CE,AMBUJACEM26APR600CE,0.0,0.0,0.0,13.45,0.0,13.45,523.0,4.65,0,0,0,0.0,0,F1,1050,,,,,
2026-02-18,2026-02-18,FO,NSE,STO,80355,,AMBUJACEM,,2026-04-28,2026-04-28,420.0,CE,AMBUJACEM26APR420CE,0.0,0.0,0.0,120.4,0.0,120.4,523.0,107.85,0,0,0,0.0,0,F1,1050,,,,,
2026-02-18,2026-02-18,FO,NSE,STO,79995,,AMBUJACEM,,2026-03-30,2026-03-30,615.0,CE,AMBUJACEM26MAR615CE,0.0,0.0,0.0,2.1,2.1,2.1,523.0,0.8,35700,0,0,0.0,0,F1,1050,,,,,
2026-02-18,2026-02-18,FO,NSE,STO,79985,,AMBUJACEM,,2026-03-30,2026-03-30,565.0,CE,AMBUJACEM26MAR565CE,5.45,5.45,4.65,4.65,4.65,6.5,523.0,4.65,27300,2100,6,3590317.5,5,F1,1050,,,,,
2026-02-18,2026-02-18,FO,NSE,STO,64597,,AMBUJACEM,,2026-03-30,2026-03-30,520.0,CE,AMBUJACEM26MAR520CE,21.55,21.55,18.5,19.85,20.05,20.65,523.0,19.85,51450,22050,45,25523085.0,41,F1,1050,,,,,
2026-02-18,2026-02-18,FO,NSE,STO,80367,,AMBUJACEM,,2026-04-28,2026-04-28,480.0,CE,AMBUJACEM26APR480CE,0.0,0.0,0.0,69.9,0.0,69.9,523.0,54.75,0,0,0,0.0,0,F1,1050,,,,,
2026-02-18,2026-02-18,FO,NSE,STO,72433,,AMBUJACEM,,2026-02-24,2026-02-24,450.0,CE,AMBUJACEM26FEB450CE,0.0,0.0,0.0,73.4,73.4,73.4,523.0,73.4,21000,0,0,0.0,0,F1,1050,,,,,
2026-02-18,2026-02-18,FO,NSE,STO,72460,,AMBUJACEM,,2026-02-24,2026-02-24,470.0,CE,AMBUJACEM26FEB470CE,0.0,0.0,0.0,89.4,0.0,89.4,523.0,53.45,0,0,0,0.0,0,F1,1050,,,,,
2026-02-18,2026-02-18,FO,NSE,STO,72464,,AMBUJACEM,,2026-02-24,2026-02-24,490.0,CE,AMBUJACEM26FEB490CE,0.0,0.0,0.0,33.45,33.45,33.45,523.0,33.65,37800,0,0,0.0,0,F1,1050,,,,,
2026-02-18,2026-02-18,FO,NSE,STO,63914,,AMBUJACEM,,2026-02-24,2026-02-24,545.0,CE,AMBUJACEM26FEB545CE,1.45,1.6,0.8,0.9,0.95,1.5,523.0,0.9,688800,-48300,638,365807925.0,509,F1,1050,,,,,
2026-02-18,2026-02-18,FO,NSE,STO,63916,,AMBUJACEM,,2026-02-24,2026-02-24,555.0,CE,AMBUJACEM26FEB555CE,0.75,0.8,0.45,0.5,0.5,0.8,523.0,0.5,464100,-30450,107,62419980.0,96,F1,1050,,,,,
2026-02-18,2026-02-18,FO,NSE,STO,72523,,AMBUJACEM,,2026-02-24,2026-02-24,570.0,CE,AMBUJACEM26FEB570CE,0.35,0.45,0.25,0.3,0.25,0.45,523.0,0.3,663600,5250,109,65273985.0,45,F1,1050,,,,,
2026-02-18,2026-02-18,FO,NSE,STO,63920,,AMBUJACEM,,2026-02-24,2026-02-24,575.0,CE,AMBUJACEM26FEB575CE,0.5,0.55,0.2,0.2,0.2,0.45,523.0,0.05,111300,-15750,31,18725017.5,26,F1,1050,,,,,
2026-02-18,2026-02-18,FO,NSE,STO,64583,,AMBUJACEM,,2026-03-30,2026-03-30,450.0,CE,AMBUJACEM26MAR450CE,0.0,0.0,0.0,109.45,0.0,109.45,523.0,76.4,0,0,0,0.0,0,F1,1050,,,,,
2026-02-18,2026-02-18,FO,NSE,STO,64585,,AMBUJACEM,,2026-03-30,2026-03-30,460.0,CE,AMBUJACEM26MAR460CE,0.0,0.0,0.0,50.0,50.0,50.0,523.0,67.05,1050,0,0,0.0,0,F1,1050,,,,,
2026-02-18,2026-02-18,FO,NSE,STO,64587,,AMBUJACEM,,2026-03-30,2026-03-30,470.0,CE,AMBUJACEM26MAR470CE,0.0,0.0,0.0,92.1,0.0,92.1,523.0,58.0,0,0,0,0.0,0,F1,1050,,,,,
2026-02-18,2026-02-18,FO,NSE,STO,80372,,AMBUJACEM,,2026-04-28,2026-04-28,500.0,PE,AMBUJACEM26APR500PE,0.0,0.0,0.0,16.05,0.0,16.05,523.0,12.3,0,0,0,0.0,0,F1,1050,,,,,
2026-02-18,2026-02-18,FO,NSE,STO,72541,,AMBUJACEM,,2026-02-24,2026-02-24,630.0,PE,AMBUJACEM26FEB630PE,107.0,107.0,107.0,107.0,107.0,95.5,523.0,106.45,54600,-1050,1,773850.0,1,F1,1050,,,,,
2026-02-18,2026-02-18,FO,NSE,STO,63959,,AMBUJACEM,,2026-02-24,2026-02-24,615.0,PE,AMBUJACEM26FEB615PE,0.0,0.0,0.0,67.1,0.0,67.1,523.0,91.45,0,0,0,0.0,0,F1,1050,,,,,
2026-02-18,2026-02-18,FO,NSE,STO,63951,,AMBUJACEM,,2026-02-24,2026-02-24,585.0,PE,AMBUJACEM26FEB585PE,0.0,0.0,0.0,47.45,47.45,47.45,523.0,61.45,14700,0,0,0.0,0,F1,1050,,,,,
2026-02-18,2026-02-18,FO,NSE,STO,63749,,AMBUJACEM,,2026-02-24,2026-02-24,455.0,PE,AMBUJACEM26FEB455PE,0.0,0.0,0.0,0.35,0.35,0.35,523.0,0.05,18900,0,0,0.0,0,F1,1050,,,,,
2026-02-18,2026-02-18,FO,NSE,STO,63750,,AMBUJACEM,,2026-02-24,2026-02-24,465.0,CE,AMBUJACEM26FEB465CE,0.0,0.0,0.0,91.25,0.0,91.25,523.0,58.4,0,0,0,0.0,0,F1,1050,,,,,
2026-02-18,2026-02-18,FO,NSE,STO,79989,,AMBUJACEM,,2026-03-30,2026-03-30,585.0,CE,AMBUJACEM26MAR585CE,0.0,0.0,0.0,4.3,4.3,4.3,523.0,2.85,4200,0,0,0.0,0,F1,1050,,,,,
2026-02-18,2026-02-18,FO,NSE,STO,64615,,AMBUJACEM,,2026-03-30,2026-03-30,590.0,CE,AMBUJACEM26MAR590CE,2.9,2.95,2.45,2.5,2.5,3.05,523.0,2.35,67200,10500,16,9957045.0,10,F1,1050,,,,,
2026-02-18,2026-02-18,FO,NSE,STO,64623,,AMBUJACEM,,2026-03-30,2026-03-30,610.0,CE,AMBUJACEM26MAR610CE,1.65,1.65,1.6,1.6,1.6,1.85,523.0,1.0,42000,3150,3,1926645.0,3,F1,1050,,,,,
2026-02-18,2026-02-18,FO,NSE,STO,80375,,AMBUJACEM,,2026-04-28,2026-04-28,520.0,CE,AMBUJACEM26APR520CE,0.0,0.0,0.0,43.85,0.0,43.85,523.0,28.7,0,0,0,0.0,0,F1,1050,,,,,
2026-02-18,2026-02-18,FO,NSE,STO,80442,,AMBUJACEM,,2026-04-28,2026-04-28,550.0,CE,AMBUJACEM26APR550CE,0.0,0.0,0.0,29.25,0.0,29.25,523.0,15.75,0,0,0,0.0,0,F1,1050,,,,,
2026-02-18,2026-02-18,FO,NSE,STO,80454,,AMBUJACEM,,2026-04-28,2026-04-28,590.0,CE,AMBUJACEM26APR590CE,0.0,0.0,0.0,15.85,0.0,15.85,523.0,6.05,0,0,0,0.0,0,F1,1050,,,,,
2026-02-18,2026-02-18,FO,NSE,STO,63751,,AMBUJACEM,,2026-02-24,2026-02-24,465.0,PE,AMBUJACEM26FEB465PE,0.0,0.0,0.0,0.4,0.4,0.4,523.0,0.05,11550,0,0,0.0,0,F1,1050,,,,,
2026-02-18,2026-02-18,FO,NSE,STO,72463,,AMBUJACEM,,2026-02-24,2026-02-24,480.0,PE,AMBUJACEM26FEB480PE,0.3,0.3,0.2,0.25,0.25,0.45,523.0,0.25,274050,-5250,48,24204232.5,33,F1,1050,,,,,
2026-02-18,2026-02-18,FO,NSE,STO,80365,,AMBUJACEM,,2026-04-28,2026-04-28,470.0,CE,AMBUJACEM26APR470CE,0.0,0.0,0.0,77.5,0.0,77.5,523.0,62.7,0,0,0,0.0,0,F1,1050,,,,,
2026-02-18,2026-02-18,FO,NSE,STO,64643,,AMBUJACEM,,2026-03-30,2026-03-30,620.0,CE,AMBUJACEM26MAR620CE,1.45,1.5,1.15,1.2,1.2,1.55,523.0,1.2,302400,2100,24,15660172.5,22,F1,1050,,,,,
2026-02-18,2026-02-18,FO,NSE,STO,64617,,AMBUJACEM,,2026-03-30,2026-03-30,600.0,CE,AMBUJACEM26MAR600CE,2.7,2.7,1.9,2.0,1.95,2.45,523.0,2.0,1971900,89250,198,125180842.5,155,F1,1050,,,,,
2026-02-18,2026-02-18,FO,NSE,STO,79987,,AMBUJACEM,,2026-03-30,2026-03-30,575.0,CE,AMBUJACEM26MAR575CE,4.0,4.0,3.25,3.25,3.25,4.35,523.0,4.1,30450,-3150,23,13979332.5,13,F1,1050,,,,,
2026-02-18,2026-02-18,FO,NSE,STO,79944,,AMBUJACEM,,2026-03-30,2026-03-30,455.0,CE,AMBUJACEM26MAR455CE,0.0,0.0,0.0,85.0,0.0,85.0,523.0,71.7,0,0,0,0.0,0,F1,1050,,,,,
2026-02-18,2026-02-18,FO,NSE,STO,63956,,AMBUJACEM,,2026-02-24,2026-02-24,615.0,CE,AMBUJACEM26FEB615CE,0.05,0.05,0.05,0.05,0.05,0.15,523.0,0.05,18900,0,4,2583210.0,3,F1,1050,,,,,
2026-02-18,2026-02-18,FO,NSE,STO,63918,,AMBUJACEM,,2026-02-24,2026-02-24,565.0,CE,AMBUJACEM26FEB565CE,0.45,0.5,0.3,0.35,0.35,0.55,523.0,0.35,184800,-96600,157,93200730.0,81,F1,1050,,,,,
2026-02-18,2026-02-18,FO,NSE,STO,72519,,AMBUJACEM,,2026-02-24,2026-02-24,550.0,CE,AMBUJACEM26FEB550CE,1.1,1.1,0.6,0.65,0.65,1.1,523.0,0.65,2265900,-151200,1016,587599740.0,523,F1,1050,,,,,
2026-02-18,2026-02-18,FO,NSE,STO,63910,,AMBUJACEM,,2026-02-24,2026-02-24,525.0,CE,AMBUJACEM26FEB525CE,6.6,7.4,4.15,5.3,5.2,6.35,523.0,5.3,481950,55650,1530,852165982.5,1238,F1,1050,,,,,
2026-02-18,2026-02-18,FO,NSE,STO,80445,,AMBUJACEM,,2026-04-28,2026-04-28,560.0,PE,AMBUJACEM26APR560PE,0.0,0.0,0.0,44.45,0.0,44.45,523.0,43.8,0,0,0,0.0,0,F1,1050,,,,,
2026-02-18,2026-02-18,FO,NSE,STO,80447,,AMBUJACEM,,2026-04-28,2026-04-28,570.0,PE,AMBUJACEM26APR570PE,0.0,0.0,0.0,50.75,0.0,50.75,523.0,51.1,0,0,0,0.0,0,F1,1050,,,,,
2026-02-18,2026-02-18,FO,NSE,STO,80465,,AMBUJACEM,,2026-04-28,2026-04-28,610.0,PE,AMBUJACEM26APR610PE,0.0,0.0,0.0,79.75,0.0,79.75,523.0,84.2,0,0,0,0.0,0,F1,1050,,,,,
2026-02-18,2026-02-18,FO,NSE,STO,80443,,AMBUJACEM,,2026-04-28,2026-04-28,550.0,PE,AMBUJACEM26APR550PE,0.0,0.0,0.0,38.55,0.0,38.55,523.0,37.05,0,0,0,0.0,0,F1,1050,,,,,
2026-02-18,2026-02-18,FO,NSE,STO,80439,,AMBUJACEM,,2026-04-28,2026-04-28,530.0,PE,AMBUJACEM26APR530PE,0.0,0.0,0.0,28.15,0.0,28.15,523.0,25.25,0,0,0,0.0,0,F1,1050,,,,,
2026-02-18,2026-02-18,FO,NSE,STO,79988,,AMBUJACEM,,2026-03-30,2026-03-30,575.0,PE,AMBUJACEM26MAR575PE,0.0,0.0,0.0,50.6,0.0,50.6,523.0,52.65,0,0,0,0.0,0,F1,1050,,,,,
2026-02-18,2026-02-18,FO,NSE,STO,80453,,AMBUJACEM,,2026-04-28,2026-04-28,580.0,PE,AMBUJACEM26APR580PE,0.0,0.0,0.0,57.45,0.0,57.45,523.0,58.8,0,0,0,0.0,0,F1,1050,,,,,
2026-02-18,2026-02-18,FO,NSE,STO,72468,,AMBUJACEM,,2026-02-24,2026-02-24,500.0,CE,AMBUJACEM26FEB500CE,24.5,26.8,22.25,24.6,24.8,24.0,523.0,24.6,384300,-39900,79,43443225.0,54,F1,1050,,,,,
2026-02-18,2026-02-18,FO,NSE,STO,72529,,AMBUJACEM,,2026-02-24,2026-02-24,600.0,CE,AMBUJACEM26FEB600CE,0.1,0.15,0.05,0.05,0.1,0.2,523.0,0.05,669900,-9450,157,98926222.5,43,F1,1050,,,,,
2026-02-18,2026-02-18,FO,NSE,STO,79938,,AMBUJACEM,,2026-03-30,2026-03-30,435.0,CE,AMBUJACEM26MAR435CE,0.0,0.0,0.0,103.15,0.0,103.15,523.0,90.85,0,0,0,0.0,0,F1,1050,,,,,
2026-02-18,2026-02-18,FO,NSE,STO,79940,,AMBUJACEM,,2026-03-30,2026-03-30,445.0,CE,AMBUJACEM26MAR445CE,0.0,0.0,0.0,93.95,0.0,93.95,523.0,81.2,0,0,0,0.0,0,F1,1050,,,,,
2026-02-18,2026-02-18,FO,NSE,STO,64595,,AMBUJACEM,,2026-03-30,2026-03-30,510.0,CE,AMBUJACEM26MAR510CE,0.0,0.0,0.0,61.4,0.0,61.4,523.0,27.5,0,0,0,0.0,0,F1,1050,,,,,
2026-02-18,2026-02-18,FO,NSE,STO,79974,,AMBUJACEM,,2026-03-30,2026-03-30,525.0,CE,AMBUJACEM26MAR525CE,18.15,18.3,16.3,17.2,17.35,17.95,523.0,17.2,33600,11550,19,10825290.0,17,F1,1050,,,,,
2026-02-18,2026-02-18,FO,NSE,STO,79983,,AMBUJACEM,,2026-03-30,2026-03-30,555.0,CE,AMBUJACEM26MAR555CE,6.9,7.15,6.9,6.95,6.95,7.75,523.0,8.1,25200,17850,21,12391575.0,14,F1,1050,,,,,
2026-02-18,2026-02-18,FO,NSE,STO,64610,,AMBUJACEM,,2026-03-30,2026-03-30,580.0,CE,AMBUJACEM26MAR580CE,3.85,3.9,2.8,3.05,2.95,3.7,523.0,3.05,108150,7350,28,17150437.5,23,F1,1050,,,,,
2026-02-18,2026-02-18,FO,NSE,STO,79993,,AMBUJACEM,,2026-03-30,2026-03-30,605.0,CE,AMBUJACEM26MAR605CE,0.0,0.0,0.0,4.45,4.45,4.45,523.0,1.25,15750,0,0,0.0,0,F1,1050,,,,,
2026-02-18,2026-02-18,FO,NSE,STO,80369,,AMBUJACEM,,2026-04-28,2026-04-28,490.0,CE,AMBUJACEM26APR490CE,0.0,0.0,0.0,62.75,0.0,62.75,523.0,47.3,0,0,0,0.0,0,F1,1050,,,,,
2026-02-18,2026-02-18,FO,NSE,STO,80373,,AMBUJACEM,,2026-04-28,2026-04-28,510.0,CE,AMBUJACEM26APR510CE,0.0,0.0,0.0,49.7,0.0,49.7,523.0,34.25,0,0,0,0.0,0,F1,1050,,,,,
2026-02-18,2026-02-18,FO,NSE,STO,72418,,AMBUJACEM,,2026-02-24,2026-02-24,430.0,PE,AMBUJACEM26FEB430PE,0.0,0.0,0.0,1.9,0.0,1.9,523.0,0.05,0,0,0,0.0,0,F1,1050,,,,,
2026-02-18,2026-02-18,FO,NSE,STO,72461,,AMBUJACEM,,2026-02-24,2026-02-24,470.0,PE,AMBUJACEM26FEB470PE,0.2,0.2,0.15,0.2,0.2,0.5,523.0,0.05,70350,-5250,8,3949417.5,7,F1,1050,,,,,
2026-02-18,2026-02-18,FO,NSE,STO,72522,,AMBUJACEM,,2026-02-24,2026-02-24,560.0,PE,AMBUJACEM26FEB560PE,34.35,39.05,34.35,36.45,36.45,37.55,523.0,36.45,321300,-14700,30,18824977.5,29,F1,1050,,,,,
2026-02-18,2026-02-18,FO,NSE,STO,64594,,AMBUJACEM,,2026-03-30,2026-03-30,500.0,PE,AMBUJACEM26MAR500PE,6.9,7.5,6.15,6.25,6.3,7.4,523.0,6.25,151200,22050,60,31944832.5,41,F1,1050,,,,,
2026-02-18,2026-02-18,FO,NSE,STO,64596,,AMBUJACEM,,2026-03-30,2026-03-30,510.0,PE,AMBUJACEM26MAR510PE,9.2,10.6,8.75,8.9,8.75,10.45,523.0,8.9,91350,22050,50,27272017.5,32,F1,1050,,,,,
2026-02-18,2026-02-18,FO,NSE,STO,64604,,AMBUJACEM,,2026-03-30,2026-03-30,550.0,PE,AMBUJACEM26MAR550PE,29.4,32.6,29.4,32.6,32.6,31.55,523.0,33.2,56700,5250,17,10377045.0,14,F1,1050,,,,,
2026-02-18,2026-02-18,FO,NSE,STO,80370,,AMBUJACEM,,2026-04-28,2026-04-28,490.0,PE,AMBUJACEM26APR490PE,0.0,0.0,0.0,13.0,0.0,13.0,523.0,9.25,0,0,0,0.0,0,F1,1050,,,,,
2026-02-18,2026-02-18,FO,NSE,STO,80441,,AMBUJACEM,,2026-04-28,2026-04-28,540.0,PE,AMBUJACEM26APR540PE,0.0,0.0,0.0,33.15,0.0,33.15,523.0,30.85,0,0,0,0.0,0,F1,1050,,,,,
2026-02-18,2026-02-18,FO,NSE,STO,79951,,AMBUJACEM,,2026-03-30,2026-03-30,485.0,CE,AMBUJACEM26MAR485CE,0.0,0.0,0.0,60.3,0.0,60.3,523.0,45.3,0,0,0,0.0,0,F1,1050,,,,,
2026-02-18,2026-02-18,FO,NSE,STO,72544,,AMBUJACEM,,2026-02-24,2026-02-24,650.0,CE,AMBUJACEM26FEB650CE,0.0,0.0,0.0,0.05,0.05,0.05,523.0,0.05,21000,0,0,0.0,0,F1,1050,,,,,
2026-02-18,2026-02-18,FO,NSE,STO,72540,,AMBUJACEM,,2026-02-24,2026-02-24,630.0,CE,AMBUJACEM26FEB630CE,0.0,0.0,0.0,0.05,0.05,0.05,523.0,0.05,39900,0,0,0.0,0,F1,1050,,,,,
2026-02-18,2026-02-18,FO,NSE,STO,63912,,AMBUJACEM,,2026-02-24,2026-02-24,535.0,CE,AMBUJACEM26FEB535CE,3.1,3.45,1.65,2.15,2.05,3.0,523.0,2.15,616350,17850,775,437302530.0,640,F1,1050,,,,,
2026-02-18,2026-02-18,FO,NSE,STO,63753,,AMBUJACEM,,2026-02-24,2026-02-24,475.0,CE,AMBUJACEM26FEB475CE,0.0,0.0,0.0,82.3,0.0,82.3,523.0,48.45,0,0,0,0.0,0,F1,1050,,,,,
2026-02-18,2026-02-18,FO,NSE,STO,64591,,AMBUJACEM,,2026-03-30,2026-03-30,490.0,CE,AMBUJACEM26MAR490CE,0.0,0.0,0.0,76.0,0.0,76.0,523.0,41.4,0,0,0,0.0,0,F1,1050,,,,,
2026-02-18,2026-02-18,FO,NSE,STO,80440,,AMBUJACEM,,2026-04-28,2026-04-28,540.0,CE,AMBUJACEM26APR540CE,0.0,0.0,0.0,33.65,0.0,33.65,523.0,19.45,0,0,0,0.0,0,F1,1050,,,,,
2026-02-18,2026-02-18,FO,NSE,STO,63747,,AMBUJACEM,,2026-02-24,2026-02-24,445.0,PE,AMBUJACEM26FEB445PE,0.0,0.0,0.0,0.8,0.0,0.8,523.0,0.05,0,0,0,0.0,0,F1,1050,,,,,
2026-02-18,2026-02-18,FO,NSE,STO,63754,,AMBUJACEM,,2026-02-24,2026-02-24,475.0,PE,AMBUJACEM26FEB475PE,0.25,0.25,0.25,0.25,0.25,0.35,523.0,0.05,75600,1050,1,499012.5,1,F1,1050,,,,,
2026-02-18,2026-02-18,FO,NSE,STO,63885,,AMBUJACEM,,2026-02-24,2026-02-24,505.0,PE,AMBUJACEM26FEB505PE,1.6,1.6,0.85,0.95,0.9,1.75,523.0,0.95,423150,-2100,225,119587650.0,198,F1,1050,,,,,
2026-02-18,2026-02-18,FO,NSE,STO,63905,,AMBUJACEM,,2026-02-24,2026-02-24,515.0,PE,AMBUJACEM26FEB515PE,3.15,3.8,2.25,2.5,2.55,3.95,523.0,2.5,315000,91350,564,306799185.0,445,F1,1050,,,,,
2026-02-18,2026-02-18,FO,NSE,STO,72520,,AMBUJACEM,,2026-02-24,2026-02-24,550.0,PE,AMBUJACEM26FEB550PE,26.0,29.1,25.0,27.0,27.0,28.0,523.0,27.0,756000,-21000,59,35745570.0,56,F1,1050,,,,,
2026-02-18,2026-02-18,FO,NSE,STO,79941,,AMBUJACEM,,2026-03-30,2026-03-30,445.0,PE,AMBUJACEM26MAR445PE,0.0,0.0,0.0,2.05,0.0,2.05,523.0,0.5,0,0,0,0.0,0,F1,1050,,,,,
2026-02-18,2026-02-18,FO,NSE,STO,64602,,AMBUJACEM,,2026-03-30,2026-03-30,540.0,PE,AMBUJACEM26MAR540PE,0.0,0.0,0.0,24.8,24.8,24.8,523.0,26.55,51450,0,0,0.0,0,F1,1050,,,,,
2026-02-18,2026-02-18,FO,NSE,STO,64618,,AMBUJACEM,,2026-03-30,2026-03-30,600.0,PE,AMBUJACEM26MAR600PE,75.0,75.35,72.95,73.4,73.4,74.6,523.0,73.4,166950,11550,15,10623007.5,8,F1,1050,,,,,
2026-02-18,2026-02-18,FO,NSE,STO,80358,,AMBUJACEM,,2026-04-28,2026-04-28,430.0,PE,AMBUJACEM26APR430PE,0.0,0.0,0.0,2.45,0.0,2.45,523.0,0.9,0,0,0,0.0,0,F1,1050,,,,,
2026-02-18,2026-02-18,FO,NSE,STO,80363,,AMBUJACEM,,2026-04-28,2026-04-28,460.0,CE,AMBUJACEM26APR460CE,0.0,0.0,0.0,85.45,0.0,85.45,523.0,71.1,0,0,0,0.0,0,F1,1050,,,,,
2026-02-18,2026-02-18,FO,NSE,STO,80459,,AMBUJACEM,,2026-04-28,2026-04-28,610.0,CE,AMBUJACEM26APR610CE,0.0,0.0,0.0,11.35,0.0,11.35,523.0,3.5,0,0,0,0.0,0,F1,1050,,,,,
2026-02-18,2026-02-18,FO,NSE,STO,72515,,AMBUJACEM,,2026-02-24,2026-02-24,530.0,CE,AMBUJACEM26FEB530CE,4.65,5.1,2.6,3.35,3.25,4.35,523.0,3.35,1253700,0,2549,1428287647.5,1902,F1,1050,,,,,
2026-02-18,2026-02-18,FO,NSE,STO,72524,,AMBUJACEM,,2026-02-24,2026-02-24,570.0,PE,AMBUJACEM26FEB570PE,47.5,47.5,45.0,46.25,45.9,47.35,523.0,46.25,301350,-10500,13,8409240.0,9,F1,1050,,,,,
2026-02-18,2026-02-18,FO,NSE,STO,64590,,AMBUJACEM,,2026-03-30,2026-03-30,480.0,PE,AMBUJACEM26MAR480PE,3.75,3.8,3.05,3.05,3.05,3.75,523.0,3.05,48300,7350,19,9644040.0,18,F1,1050,,,,,
2026-02-18,2026-02-18,FO,NSE,STO,79994,,AMBUJACEM,,2026-03-30,2026-03-30,605.0,PE,AMBUJACEM26MAR605PE,0.0,0.0,0.0,73.75,0.0,73.75,523.0,79.65,0,0,0,0.0,0,F1,1050,,,,,
2026-02-18,2026-02-18,FO,NSE,STO,80356,,AMBUJACEM,,2026-04-28,2026-04-28,420.0,PE,AMBUJACEM26APR420PE,0.0,0.0,0.0,1.75,0.0,1.75,523.0,0.5,0,0,0,0.0,0,F1,1050,,,,,
2026-02-18,2026-02-18,FO,NSE,STO,80360,,AMBUJACEM,,2026-04-28,2026-04-28,440.0,PE,AMBUJACEM26APR440PE,0.0,0.0,0.0,3.4,0.0,3.4,523.0,1.4,0,0,0,0.0,0,F1,1050,,,,,
2026-02-18,2026-02-18,FO,NSE,STO,72415,,AMBUJACEM,,2026-02-24,2026-02-24,420.0,CE,AMBUJACEM26FEB420CE,0.0,0.0,0.0,133.5,0.0,133.5,523.0,103.4,0,0,0,0.0,0,F1,1050,,,,,
2026-02-18,2026-02-18,FO,NSE,STO,63745,,AMBUJACEM,,2026-02-24,2026-02-24,445.0,CE,AMBUJACEM26FEB445CE,0.0,0.0,0.0,109.95,0.0,109.95,523.0,78.4,0,0,0,0.0,0,F1,1050,,,,,
2026-02-18,2026-02-18,FO,NSE,STO,72521,,AMBUJACEM,,2026-02-24,2026-02-24,560.0,CE,AMBUJACEM26FEB560CE,0.5,0.65,0.3,0.4,0.4,0.65,523.0,0.4,628950,-24150,212,124746772.5,125,F1,1050,,,,,
2026-02-18,2026-02-18,FO,NSE,STO,63950,,AMBUJACEM,,2026-02-24,2026-02-24,585.0,CE,AMBUJACEM26FEB585CE,0.0,0.0,0.0,0.25,0.25,0.25,523.0,0.05,42000,0,0,0.0,0,F1,1050,,,,,
2026-02-18,2026-02-18,FO,NSE,STO,72542,,AMBUJACEM,,2026-02-24,2026-02-24,640.0,CE,AMBUJACEM26FEB640CE,0.05,0.6,0.05,0.05,0.05,0.05,523.0,0.05,454650,-1050,55,36973597.5,22,F1,1050,,,,,
2026-02-18,2026-02-18,FO,NSE,STO,79972,,AMBUJACEM,,2026-03-30,2026-03-30,515.0,CE,AMBUJACEM26MAR515CE,0.0,0.0,0.0,39.8,0.0,39.8,523.0,24.5,0,0,0,0.0,0,F1,1050,,,,,
2026-02-18,2026-02-18,FO,NSE,STO,79979,,AMBUJACEM,,2026-03-30,2026-03-30,535.0,CE,AMBUJACEM26MAR535CE,13.0,13.0,11.55,12.5,12.3,14.0,523.0,12.5,27300,14700,26,14940765.0,26,F1,1050,,,,,
2026-02-18,2026-02-18,FO,NSE,STO,79984,,AMBUJACEM,,2026-03-30,2026-03-30,555.0,PE,AMBUJACEM26MAR555PE,0.0,0.0,0.0,37.3,0.0,37.3,523.0,36.8,0,0,0,0.0,0,F1,1050,,,,,
2026-02-18,2026-02-18,FO,NSE,STO,79990,,AMBUJACEM,,2026-03-30,2026-03-30,585.0,PE,AMBUJACEM26MAR585PE,0.0,0.0,0.0,57.95,0.0,57.95,523.0,61.3,0,0,0,0.0,0,F1,1050,,,,,
2026-02-18,2026-02-18,FO,NSE,STO,80455,,AMBUJACEM,,2026-04-28,2026-04-28,590.0,PE,AMBUJACEM26APR590PE,0.0,0.0,0.0,64.55,0.0,64.55,523.0,66.95,0,0,0,0.0,0,F1,1050,,,,,
2026-02-18,2026-02-18,FO,NSE,STO,63743,,AMBUJACEM,,2026-02-24,2026-02-24,435.0,CE,AMBUJACEM26FEB435CE,0.0,0.0,0.0,119.5,0.0,119.5,523.0,88.4,0,0,0,0.0,0,F1,1050,,,,,
2026-02-18,2026-02-18,FO,NSE,STO,72442,,AMBUJACEM,,2026-02-24,2026-02-24,460.0,CE,AMBUJACEM26FEB460CE,0.0,0.0,0.0,97.7,0.0,97.7,523.0,63.4,0,0,0,0.0,0,F1,1050,,,,,
2026-02-18,2026-02-18,FO,NSE,STO,63773,,AMBUJACEM,,2026-02-24,2026-02-24,495.0,CE,AMBUJACEM26FEB495CE,28.65,30.65,27.45,29.4,29.2,30.3,523.0,29.4,38850,-25200,35,19251435.0,35,F1,1050,,,,,
2026-02-18,2026-02-18,FO,NSE,STO,72503,,AMBUJACEM,,2026-02-24,2026-02-24,520.0,CE,AMBUJACEM26FEB520CE,9.7,10.4,6.35,7.9,7.8,8.85,523.0,7.9,802200,-121800,906,502291860.0,684,F1,1050,,,,,
2026-02-18,2026-02-18,FO,NSE,STO,72518,,AMBUJACEM,,2026-02-24,2026-02-24,540.0,PE,AMBUJACEM26FEB540PE,17.3,20.2,16.2,17.3,17.3,18.9,523.0,17.3,557550,-26250,104,60966517.5,73,F1,1050,,,,,
2026-02-18,2026-02-18,FO,NSE,STO,79939,,AMBUJACEM,,2026-03-30,2026-03-30,435.0,PE,AMBUJACEM26MAR435PE,0.0,0.0,0.0,1.35,0.0,1.35,523.0,0.25,0,0,0,0.0,0,F1,1050,,,,,
2026-02-18,2026-02-18,FO,NSE,STO,79950,,AMBUJACEM,,2026-03-30,2026-03-30,475.0,PE,AMBUJACEM26MAR475PE,2.85,2.85,2.85,2.85,2.85,3.1,523.0,2.8,24150,0,1,501742.5,1,F1,1050,,,,,
2026-02-18,2026-02-18,FO,NSE,STO,79954,,AMBUJACEM,,2026-03-30,2026-03-30,485.0,PE,AMBUJACEM26MAR485PE,4.5,4.5,3.85,3.9,3.9,10.5,523.0,4.4,16800,12600,15,7704795.0,5,F1,1050,,,,,
2026-02-18,2026-02-18,FO,NSE,STO,64592,,AMBUJACEM,,2026-03-30,2026-03-30,490.0,PE,AMBUJACEM26MAR490PE,4.85,5.5,4.7,4.7,4.7,5.45,523.0,5.45,39900,8400,19,9875775.0,9,F1,1050,,,,,
2026-02-18,2026-02-18,FO,NSE,STO,64611,,AMBUJACEM,,2026-03-30,2026-03-30,580.0,PE,AMBUJACEM26MAR580PE,56.5,56.5,55.0,55.0,55.0,55.6,523.0,55.0,16800,3150,3,2001825.0,3,F1,1050,,,,,
2026-02-18,2026-02-18,FO,NSE,STO,80366,,AMBUJACEM,,2026-04-28,2026-04-28,470.0,PE,AMBUJACEM26APR470PE,0.0,0.0,0.0,8.05,0.0,8.05,523.0,4.8,0,0,0,0.0,0,F1,1050,,,,,
2026-02-18,2026-02-18,FO,NSE,STO,72531,,AMBUJACEM,,2026-02-24,2026-02-24,610.0,CE,AMBUJACEM26FEB610CE,0.0,0.0,0.0,0.15,0.15,0.15,523.0,0.05,64050,0,0,0.0,0,F1,1050,,,,,
2026-02-18,2026-02-18,FO,NSE,STO,72530,,AMBUJACEM,,2026-02-24,2026-02-24,600.0,PE,AMBUJACEM26FEB600PE,77.0,77.0,75.0,75.55,75.55,76.5,523.0,76.45,696150,-6300,8,5675985.0,6,F1,1050,,,,,
2026-02-18,2026-02-18,FO,NSE,STO,63913,,AMBUJACEM,,2026-02-24,2026-02-24,535.0,PE,AMBUJACEM26FEB535PE,12.45,15.8,12.05,13.05,13.45,14.9,523.0,13.05,262500,10500,61,35166232.5,60,F1,1050,,,,,
2026-02-18,2026-02-18,FO,NSE,STO,80357,,AMBUJACEM,,2026-04-28,2026-04-28,430.0,CE,AMBUJACEM26APR430CE,0.0,0.0,0.0,111.3,0.0,111.3,523.0,98.3,0,0,0,0.0,0,F1,1050,,,,,
2026-02-18,2026-02-18,FO,NSE,STO,64589,,AMBUJACEM,,2026-03-30,2026-03-30,480.0,CE,AMBUJACEM26MAR480CE,0.0,0.0,0.0,54.0,54.0,54.0,523.0,49.4,1050,0,0,0.0,0,F1,1050,,,,,
2026-02-18,2026-02-18,FO,NSE,STO,63954,,AMBUJACEM,,2026-02-24,2026-02-24,605.0,CE,AMBUJACEM26FEB605CE,0.0,0.0,0.0,0.15,0.15,0.15,523.0,0.05,17850,0,0,0.0,0,F1,1050,,,,,
2026-02-18,2026-02-18,FO,NSE,STO,63952,,AMBUJACEM,,2026-02-24,2026-02-24,595.0,CE,AMBUJACEM26FEB595CE,0.15,0.15,0.1,0.1,0.1,0.15,523.0,0.05,63000,-5250,5,3124485.0,2,F1,1050,,,,,
2026-02-18,2026-02-18,FO,NSE,STO,72472,,AMBUJACEM,,2026-02-24,2026-02-24,510.0,CE,AMBUJACEM26FEB510CE,16.5,17.65,13.7,15.55,15.65,15.8,523.0,15.55,161700,-25200,121,66712327.5,93,F1,1050,,,,,
2026-02-18,2026-02-18,FO,NSE,STO,63757,,AMBUJACEM,,2026-02-24,2026-02-24,485.0,CE,AMBUJACEM26FEB485CE,0.0,0.0,0.0,41.65,41.4,41.65,523.0,38.5,47250,0,0,0.0,0,F1,1050,,,,,
2026-02-18,2026-02-18,FO,NSE,STO,72462,,AMBUJACEM,,2026-02-24,2026-02-24,480.0,CE,AMBUJACEM26FEB480CE,45.0,45.0,45.0,45.0,45.0,51.55,523.0,43.45,30450,0,1,551250.0,1,F1,1050,,,,,
2026-02-18,2026-02-18,FO,NSE,STO,63917,,AMBUJACEM,,2026-02-24,2026-02-24,555.0,PE,AMBUJACEM26FEB555PE,31.2,34.1,29.75,30.85,30.85,32.75,523.0,30.85,32550,7350,32,19728397.5,31,F1,1050,,,,,
2026-02-18,2026-02-18,FO,NSE,STO,80491,,AMBUJACEM,,2026-04-28,2026-04-28,620.0,PE,AMBUJACEM26APR620PE,0.0,0.0,0.0,87.75,0.0,87.75,523.0,93.25,0,0,0,0.0,0,F1,1050,,,,,
2026-02-18,2026-02-18,FO,NSE,STO,80374,,AMBUJACEM,,2026-04-28,2026-04-28,510.0,PE,AMBUJACEM26APR510PE,0.0,0.0,0.0,19.65,0.0,19.65,523.0,16.0,0,0,0,0.0,0,F1,1050,,,,,
2026-02-18,2026-02-18,FO,NSE,STO,64644,,AMBUJACEM,,2026-03-30,2026-03-30,620.0,PE,AMBUJACEM26MAR620PE,93.5,93.5,92.85,93.35,93.4,91.5,523.0,93.35,35700,34650,35,26213617.5,20,F1,1050,,,,,
2026-02-18,2026-02-18,FO,NSE,STO,79980,,AMBUJACEM,,2026-03-30,2026-03-30,535.0,PE,AMBUJACEM26MAR535PE,0.0,0.0,0.0,21.5,21.5,21.5,523.0,23.5,1050,0,0,0.0,0,F1,1050,,,,,
2026-02-18,2026-02-18,FO,NSE,STO,64600,,AMBUJACEM,,2026-03-30,2026-03-30,530.0,PE,AMBUJACEM26MAR530PE,17.9,19.25,17.0,17.25,17.35,19.2,523.0,17.25,99750,22050,33,18992610.0,31,F1,1050,,,,,
2026-02-18,2026-02-18,FO,NSE,STO,79973,,AMBUJACEM,,2026-03-30,2026-03-30,515.0,PE,AMBUJACEM26MAR515PE,0.0,0.0,0.0,11.0,11.0,11.0,523.0,13.4,31500,0,0,0.0,0,F1,1050,,,,,
2026-02-18,2026-02-18,FO,NSE,STO,64586,,AMBUJACEM,,2026-03-30,2026-03-30,460.0,PE,AMBUJACEM26MAR460PE,1.85,1.85,1.6,1.6,1.6,1.95,523.0,1.6,74550,31500,53,25696335.0,28,F1,1050,,,,,
2026-02-18,2026-02-18,FO,NSE,STO,72543,,AMBUJACEM,,2026-02-24,2026-02-24,640.0,PE,AMBUJACEM26FEB640PE,111.55,111.55,111.55,111.55,111.55,105.6,523.0,111.55,677250,1050,1,789127.5,1,F1,1050,,,,,
2026-02-18,2026-02-18,FO,NSE,STO,80368,,AMBUJACEM,,2026-04-28,2026-04-28,480.0,PE,AMBUJACEM26APR480PE,0.0,0.0,0.0,10.3,0.0,10.3,523.0,6.8,0,0,0,0.0,0,F1,1050,,,,,
2026-02-18,2026-02-18,FO,NSE,STO,72526,,AMBUJACEM,,2026-02-24,2026-02-24,580.0,PE,AMBUJACEM26FEB580PE,58.0,58.0,58.0,58.0,58.0,56.95,523.0,56.5,137550,-1050,1,669900.0,1,F1,1050,,,,,
2026-02-18,2026-02-18,FO,NSE,STO,63922,,AMBUJACEM,,2026-02-24,2026-02-24,575.0,PE,AMBUJACEM26FEB575PE,0.0,0.0,0.0,42.25,42.25,42.25,523.0,51.5,8400,0,0,0.0,0,F1,1050,,,,,
2026-02-18,2026-02-18,FO,NSE,STO,80466,,AMBUJACEM,,2026-04-28,2026-04-28,620.0,CE,AMBUJACEM26APR620CE,0.0,0.0,0.0,9.5,0.0,9.5,523.0,2.65,0,0,0,0.0,0,F1,1050,,,,,
2026-02-18,2026-02-18,FO,NSE,STO,80438,,AMBUJACEM,,2026-04-28,2026-04-28,530.0,CE,AMBUJACEM26APR530CE,0.0,0.0,0.0,38.55,0.0,38.55,523.0,23.75,0,0,0,0.0,0,F1,1050,,,,,
2026-02-18,2026-02-18,FO,NSE,STO,80446,,AMBUJACEM,,2026-04-28,2026-04-28,570.0,CE,AMBUJACEM26APR570CE,0.0,0.0,0.0,21.75,0.0,21.75,523.0,9.95,0,0,0,0.0,0,F1,1050,,,,,
2026-02-18,2026-02-18,FO,NSE,STO,63744,,AMBUJACEM,,2026-02-24,2026-02-24,435.0,PE,AMBUJACEM26FEB435PE,0.0,0.0,0.0,0.5,0.0,0.5,523.0,0.05,0,0,0,0.0,0,F1,1050,,,,,
2026-02-18,2026-02-18,FO,NSE,STO,72426,,AMBUJACEM,,2026-02-24,2026-02-24,440.0,PE,AMBUJACEM26FEB440PE,0.15,0.2,0.15,0.2,0.2,0.2,523.0,0.05,108150,-2100,21,9706147.5,8,F1,1050,,,,,
2026-02-18,2026-02-18,FO,NSE,STO,72436,,AMBUJACEM,,2026-02-24,2026-02-24,450.0,PE,AMBUJACEM26FEB450PE,0.0,0.0,0.0,0.25,0.25,0.25,523.0,0.05,80850,0,0,0.0,0,F1,1050,,,,,
2026-02-18,2026-02-18,FO,NSE,STO,72443,,AMBUJACEM,,2026-02-24,2026-02-24,460.0,PE,AMBUJACEM26FEB460PE,0.25,0.25,0.1,0.1,0.1,0.25,523.0,0.1,148050,-31500,60,28989397.5,37,F1,1050,,,,,
2026-02-18,2026-02-18,FO,NSE,STO,63911,,AMBUJACEM,,2026-02-24,2026-02-24,525.0,PE,AMBUJACEM26FEB525PE,6.95,8.65,5.6,6.35,6.15,8.2,523.0,6.35,324450,54600,489,273221497.5,425,F1,1050,,,,,
2026-02-18,2026-02-18,FO,NSE,STO,63955,,AMBUJACEM,,2026-02-24,2026-02-24,605.0,PE,AMBUJACEM26FEB605PE,0.0,0.0,0.0,67.1,67.1,67.1,523.0,81.45,2100,0,0,0.0,0,F1,1050,,,,,
2026-02-18,2026-02-18,FO,NSE,STO,72545,,AMBUJACEM,,2026-02-24,2026-02-24,650.0,PE,AMBUJACEM26FEB650PE,127.8,127.8,127.0,127.0,127.0,110.0,523.0,126.4,11550,-13650,21,17142247.5,7,F1,1050,,,,,
2026-02-18,2026-02-18,FO,NSE,STO,64578,,AMBUJACEM,,2026-03-30,2026-03-30,420.0,PE,AMBUJACEM26MAR420PE,0.65,0.65,0.65,0.65,0.65,0.95,523.0,0.1,1050,1050,1,441682.5,1,F1,1050,,,,,
2026-02-18,2026-02-18,FO,NSE,STO,64580,,AMBUJACEM,,2026-03-30,2026-03-30,430.0,PE,AMBUJACEM26MAR430PE,0.85,0.9,0.8,0.8,0.8,1.0,523.0,0.15,34650,-3150,10,4523715.0,8,F1,1050,,,,,
2026-02-18,2026-02-18,FO,NSE,STO,64588,,AMBUJACEM,,2026-03-30,2026-03-30,470.0,PE,AMBUJACEM26MAR470PE,2.6,2.6,2.15,2.15,2.15,2.65,523.0,2.15,12600,2100,5,2480257.5,5,F1,1050,,,,,
2026-02-18,2026-02-18,FO,NSE,STO,64606,,AMBUJACEM,,2026-03-30,2026-03-30,560.0,PE,AMBUJACEM26MAR560PE,37.0,37.0,37.0,37.0,37.0,38.5,523.0,40.55,6300,1050,1,626850.0,1,F1,1050,,,,,
2026-02-18,2026-02-18,FO,NSE,STO,64642,,AMBUJACEM,,2026-03-30,2026-03-30,610.0,PE,AMBUJACEM26MAR610PE,0.0,0.0,0.0,66.4,0.0,66.4,523.0,84.35,0,0,0,0.0,0,F1,1050,,,,,
2026-02-18,2026-02-18,FO,NSE,STO,72421,,AMBUJACEM,,2026-02-24,2026-02-24,440.0,CE,AMBUJACEM26FEB440CE,0.0,0.0,0.0,94.35,94.35,94.35,523.0,83.4,4200,0,0,0.0,0,F1,1050,,,,,
2026-02-18,2026-02-18,FO,NSE,STO,63748,,AMBUJACEM,,2026-02-24,2026-02-24,455.0,CE,AMBUJACEM26FEB455CE,0.0,0.0,0.0,100.5,0.0,100.5,523.0,68.4,0,0,0,0.0,0,F1,1050,,,,,
2026-02-18,2026-02-18,FO,NSE,STO,72527,,AMBUJACEM,,2026-02-24,2026-02-24,590.0,CE,AMBUJACEM26FEB590CE,0.2,0.2,0.1,0.1,0.1,0.2,523.0,0.1,128100,2100,50,30981562.5,14,F1,1050,,,,,
2026-02-18,2026-02-18,FO,NSE,STO,79946,,AMBUJACEM,,2026-03-30,2026-03-30,465.0,CE,AMBUJACEM26MAR465CE,0.0,0.0,0.0,76.4,0.0,76.4,523.0,62.45,0,0,0,0.0,0,F1,1050,,,,,
2026-02-18,2026-02-18,FO,NSE,STO,79981,,AMBUJACEM,,2026-03-30,2026-03-30,545.0,CE,AMBUJACEM26MAR545CE,8.5,8.95,8.5,8.95,8.95,11.3,523.0,8.95,16800,2100,3,1744417.5,3,F1,1050,,,,,
2026-02-18,2026-02-18,FO,NSE,STO,64603,,AMBUJACEM,,2026-03-30,2026-03-30,550.0,CE,AMBUJACEM26MAR550CE,8.9,9.15,7.2,7.8,8.0,8.55,523.0,7.8,129150,16800,77,45123645.0,66,F1,1050,,,,,
2026-02-18,2026-02-18,FO,NSE,STO,72514,,AMBUJACEM,,2026-02-24,2026-02-24,520.0,PE,AMBUJACEM26FEB520PE,4.8,5.9,3.6,4.0,4.05,5.75,523.0,4.0,763350,-69300,1616,890537235.0,1257,F1,1050,,,,,
2026-02-18,2026-02-18,FO,NSE,STO,72516,,AMBUJACEM,,2026-02-24,2026-02-24,530.0,PE,AMBUJACEM26FEB530PE,10.8,11.9,8.85,9.3,9.65,11.3,523.0,9.3,516600,-15750,146,82872982.5,122,F1,1050,,,,,
2026-02-18,2026-02-18,FO,NSE,STO,79945,,AMBUJACEM,,2026-03-30,2026-03-30,455.0,PE,AMBUJACEM26MAR455PE,1.85,1.85,1.85,1.85,1.85,4.1,523.0,0.95,3150,1050,1,479692.5,1,F1,1050,,,,,
2026-02-18,2026-02-18,FO,NSE,STO,79969,,AMBUJACEM,,2026-03-30,2026-03-30,495.0,PE,AMBUJACEM26MAR495PE,5.95,5.95,5.3,5.3,5.3,8.15,523.0,5.3,6300,0,3,1576837.5,3,F1,1050,,,,,
2026-02-18,2026-02-18,FO,NSE,STO,79971,,AMBUJACEM,,2026-03-30,2026-03-30,505.0,PE,AMBUJACEM26MAR505PE,8.0,8.0,7.5,7.5,7.5,8.95,523.0,7.5,31500,0,2,1076775.0,2,F1,1050,,,,,
2026-02-18,2026-02-18,FO,NSE,STO,80458,,AMBUJACEM,,2026-04-28,2026-04-28,600.0,PE,AMBUJACEM26APR600PE,0.0,0.0,0.0,72.0,0.0,72.0,523.0,75.45,0,0,0,0.0,0,F1,1050,,,,,
2026-02-18,2026-02-18,FO,NSE,STF,59205,,AMBUJACEM,,2026-02-24,2026-02-24,,,AMBUJACEM26FEBFUT,523.1,526.4,520.6,523.8,523.9,522.95,523.0,523.8,43157100,-3609900,5554,3050083785.0,3856,F1,1050,,,,,
2026-02-18,2026-02-18,FO,NSE,STO,72517,,AMBUJACEM,,2026-02-24,2026-02-24,540.0,CE,AMBUJACEM26FEB540CE,2.0,2.35,1.1,1.35,1.35,2.1,523.0,1.35,1409100,-50400,1443,820508850.0,965,F1,1050,,,,,
2026-02-18,2026-02-18,FO,NSE,STO,72525,,AMBUJACEM,,2026-02-24,2026-02-24,580.0,CE,AMBUJACEM26FEB580CE,0.25,0.25,0.2,0.2,0.2,0.3,523.0,0.05,195300,-3150,13,7919782.5,10,F1,1050,,,,,
2026-02-18,2026-02-18,FO,NSE,STO,64599,,AMBUJACEM,,2026-03-30,2026-03-30,530.0,CE,AMBUJACEM26MAR530CE,16.45,16.45,13.6,14.85,15.2,15.55,523.0,14.85,143850,50400,93,53200402.5,73,F1,1050,,,,,
2026-02-18,2026-02-18,FO,NSE,STO,80359,,AMBUJACEM,,2026-04-28,2026-04-28,440.0,CE,AMBUJACEM26APR440CE,0.0,0.0,0.0,102.4,0.0,102.4,523.0,88.95,0,0,0,0.0,0,F1,1050,,,,,
2026-02-18,2026-02-18,FO,NSE,STO,80448,,AMBUJACEM,,2026-04-28,2026-04-28,580.0,CE,AMBUJACEM26APR580CE,0.0,0.0,0.0,18.6,0.0,18.6,523.0,7.8,0,0,0,0.0,0,F1,1050,,,,,
2026-02-18,2026-02-18,FO,NSE,STO,72533,,AMBUJACEM,,2026-02-24,2026-02-24,620.0,CE,AMBUJACEM26FEB620CE,0.1,0.1,0.05,0.05,0.05,0.25,523.0,0.05,50400,-8400,10,6510840.0,9,F1,1050,,,,,
2026-02-18,2026-02-18,FO,NSE,STO,64581,,AMBUJACEM,,2026-03-30,2026-03-30,440.0,CE,AMBUJACEM26MAR440CE,0.0,0.0,0.0,118.5,0.0,118.5,523.0,86.0,0,0,0,0.0,0,F1,1050,,,,,
2026-02-18,2026-02-18,FO,NSE,STO,79968,,AMBUJACEM,,2026-03-30,2026-03-30,495.0,CE,AMBUJACEM26MAR495CE,0.0,0.0,0.0,52.95,0.0,52.95,523.0,37.65,0,0,0,0.0,0,F1,1050,,,,,
2026-02-18,2026-02-18,FO,NSE,STO,79970,,AMBUJACEM,,2026-03-30,2026-03-30,505.0,CE,AMBUJACEM26MAR505CE,0.0,0.0,0.0,33.0,33.0,33.0,523.0,30.65,4200,0,0,0.0,0,F1,1050,,,,,
2026-02-18,2026-02-18,FO,NSE,STO,64601,,AMBUJACEM,,2026-03-30,2026-03-30,540.0,CE,AMBUJACEM26MAR540CE,12.0,12.7,10.0,10.95,11.1,11.8,523.0,10.95,393750,149100,239,138266730.0,100,F1,1050,,,,,
2026-02-18,2026-02-18,FO,NSE,STO,79991,,AMBUJACEM,,2026-03-30,2026-03-30,595.0,CE,AMBUJACEM26MAR595CE,2.7,2.7,2.3,2.3,2.3,2.75,523.0,1.9,53550,3150,22,13798470.0,7,F1,1050,,,,,
2026-02-18,2026-02-18,FO,NSE,STO,80444,,AMBUJACEM,,2026-04-28,2026-04-28,560.0,CE,AMBUJACEM26APR560CE,0.0,0.0,0.0,25.3,0.0,25.3,523.0,12.6,0,0,0,0.0,0,F1,1050,,,,,
2026-02-18,2026-02-18,FO,NSE,STO,63818,,AMBUJACEM,,2026-02-24,2026-02-24,495.0,PE,AMBUJACEM26FEB495PE,0.55,0.6,0.45,0.45,0.45,0.85,523.0,0.45,332850,-9450,81,42145687.5,57,F1,1050,,,,,
2026-02-18,2026-02-18,FO,NSE,STO,72473,,AMBUJACEM,,2026-02-24,2026-02-24,510.0,PE,AMBUJACEM26FEB510PE,2.05,2.45,1.4,1.5,1.5,2.65,523.0,1.5,369600,-3150,551,296187780.0,503,F1,1050,,,,,
2026-02-18,2026-02-18,FO,NSE,STO,72532,,AMBUJACEM,,2026-02-24,2026-02-24,610.0,PE,AMBUJACEM26FEB610PE,88.0,88.0,86.4,86.85,86.85,59.6,523.0,86.45,6300,-3150,9,6584812.5,9,F1,1050,,,,,
2026-02-18,2026-02-18,FO,NSE,STO,72534,,AMBUJACEM,,2026-02-24,2026-02-24,620.0,PE,AMBUJACEM26FEB620PE,0.0,0.0,0.0,95.0,95.0,95.0,523.0,96.45,1050,0,0,0.0,0,F1,1050,,,,,
2026-02-18,2026-02-18,FO,NSE,STO,79947,,AMBUJACEM,,2026-03-30,2026-03-30,465.0,PE,AMBUJACEM26MAR465PE,0.0,0.0,0.0,2.55,2.55,2.55,523.0,1.65,8400,0,0,0.0,0,F1,1050,,,,,
2026-02-18,2026-02-18,FO,NSE,STO,79978,,AMBUJACEM,,2026-03-30,2026-03-30,525.0,PE,AMBUJACEM26MAR525PE,14.9,16.0,14.65,14.8,14.95,14.6,523.0,14.8,27300,25200,27,15313252.5,27,F1,1050,,,,,
2026-02-18,2026-02-18,FO,NSE,STO,63960,,AMBUJACEM,,2026-02-24,2026-02-24,625.0,CE,AMBUJACEM26FEB625CE,0.0,0.0,0.0,0.15,0.15,0.15,523.0,0.05,8400,0,0,0.0,0,F1,1050,,,,,
2026-02-18,2026-02-18,FO,NSE,STO,64579,,AMBUJACEM,,2026-03-30,2026-03-30,430.0,CE,AMBUJACEM26MAR430CE,0.0,0.0,0.0,127.75,0.0,127.75,523.0,95.75,0,0,0,0.0,0,F1,1050,,,,,
2026-02-18,2026-02-18,FO,NSE,STO,79948,,AMBUJACEM,,2026-03-30,2026-03-30,475.0,CE,AMBUJACEM26MAR475CE,0.0,0.0,0.0,68.1,0.0,68.1,523.0,53.65,0,0,0,0.0,0,F1,1050,,,,,
2026-02-18,2026-02-18,FO,NSE,STO,64607,,AMBUJACEM,,2026-03-30,2026-03-30,570.0,CE,AMBUJACEM26MAR570CE,4.55,4.55,3.9,4.2,4.2,4.85,523.0,4.2,78750,-3150,20,12058777.5,16,F1,1050,,,,,
2026-02-18,2026-02-18,FO,NSE,STO,80371,,AMBUJACEM,,2026-04-28,2026-04-28,500.0,CE,AMBUJACEM26APR500CE,0.0,0.0,0.0,55.95,0.0,55.95,523.0,40.5,0,0,0,0.0,0,F1,1050,,,,,
2026-02-18,2026-02-18,FO,NSE,STO,72416,,AMBUJACEM,,2026-02-24,2026-02-24,420.0,PE,AMBUJACEM26FEB420PE,0.0,0.0,0.0,1.35,0.0,1.35,523.0,0.05,0,0,0,0.0,0,F1,1050,,,,,
2026-02-18,2026-02-18,FO,NSE,STO,63772,,AMBUJACEM,,2026-02-24,2026-02-24,485.0,PE,AMBUJACEM26FEB485PE,0.0,0.0,0.0,0.5,0.5,0.5,523.0,0.1,54600,0,0,0.0,0,F1,1050,,,,,
2026-02-18,2026-02-18,FO,NSE,STO,63915,,AMBUJACEM,,2026-02-24,2026-02-24,545.0,PE,AMBUJACEM26FEB545PE,21.85,24.6,20.55,21.8,21.8,23.35,523.0,21.8,119700,-2100,44,26230680.0,43,F1,1050,,,,,
2026-02-18,2026-02-18,FO,NSE,STO,63884,,AMBUJACEM,,2026-02-24,2026-02-24,505.0,CE,AMBUJACEM26FEB505CE,20.75,22.1,17.8,19.85,19.9,19.6,523.0,19.85,84000,-3150,50,27553627.5,48,F1,1050,,,,,
2026-02-18,2026-02-18,FO,NSE,STF,66708,,AMBUJACEM,,2026-04-28,2026-04-28,,,AMBUJACEM26APRFUT,528.35,530.45,526.55,528.1,528.4,526.35,523.0,528.1,553350,31500,66,36570240.0,59,F1,1050,,,,,
2026-02-18,2026-02-18,FO,NSE,STO,72417,,AMBUJACEM,,2026-02-24,2026-02-24,430.0,CE,AMBUJACEM26FEB430CE,0.0,0.0,0.0,124.25,0.0,124.25,523.0,93.4,0,0,0,0.0,0,F1,1050,,,,,
2026-02-18,2026-02-18,FO,NSE,STO,80437,,AMBUJACEM,,2026-04-28,2026-04-28,520.0,PE,AMBUJACEM26APR520PE,0.0,0.0,0.0,23.65,0.0,23.65,523.0,20.3,0,0,0,0.0,0,F1,1050,,,,,
2026-02-18,2026-02-18,FO,NSE,STO,79996,,AMBUJACEM,,2026-03-30,2026-03-30,615.0,PE,AMBUJACEM26MAR615PE,0.0,0.0,0.0,82.15,0.0,82.15,523.0,89.15,0,0,0,0.0,0,F1,1050,,,,,
2026-02-18,2026-02-18,FO,NSE,STO,79992,,AMBUJACEM,,2026-03-30,2026-03-30,595.0,PE,AMBUJACEM26MAR595PE,0.0,0.0,0.0,65.65,0.0,65.65,523.0,70.35,0,0,0,0.0,0,F1,1050,,,,,
2026-02-18,2026-02-18,FO,NSE,STO,64616,,AMBUJACEM,,2026-03-30,2026-03-30,590.0,PE,AMBUJACEM26MAR590PE,0.0,0.0,0.0,64.85,64.85,64.85,523.0,65.8,161700,0,0,0.0,0,F1,1050,,,,,
2026-02-18,2026-02-18,FO,NSE,STO,64598,,AMBUJACEM,,2026-03-30,2026-03-30,520.0,PE,AMBUJACEM26MAR520PE,13.7,14.5,12.35,12.45,12.55,14.1,523.0,12.45,122850,74550,132,73925565.0,113,F1,1050,,,,,
2026-02-18,2026-02-18,FO,NSE,STO,64584,,AMBUJACEM,,2026-03-30,2026-03-30,450.0,PE,AMBUJACEM26MAR450PE,1.35,1.35,1.35,1.35,1.35,3.0,523.0,0.7,4200,1050,1,473917.5,1,F1,1050,,,,,
2026-02-18,2026-02-18,FO,NSE,STO,64582,,AMBUJACEM,,2026-03-30,2026-03-30,440.0,PE,AMBUJACEM26MAR440PE,0.0,0.0,0.0,2.4,2.4,2.4,523.0,0.35,5250,0,0,0.0,0,F1,1050,,,,,
2026-02-18,2026-02-18,FO,NSE,STO,63953,,AMBUJACEM,,2026-02-24,2026-02-24,595.0,PE,AMBUJACEM26FEB595PE,0.0,0.0,0.0,51.65,0.0,51.65,523.0,71.45,0,0,0,0.0,0,F1,1050,,,,,
2026-02-18,2026-02-18,FO,NSE,STO,72528,,AMBUJACEM,,2026-02-24,2026-02-24,590.0,PE,AMBUJACEM26FEB590PE,0.0,0.0,0.0,65.55,65.55,65.55,523.0,66.45,105000,0,0,0.0,0,F1,1050,,,,,
2026-02-18,2026-02-18,FO,NSE,STO,63919,,AMBUJACEM,,2026-02-24,2026-02-24,565.0,PE,AMBUJACEM26FEB565PE,40.9,43.85,39.45,41.5,41.5,29.85,523.0,41.5,3150,0,10,6374287.5,10,F1,1050,,,,,
2026-02-18,2026-02-18,FO,NSE,STO,72469,,AMBUJACEM,,2026-02-24,2026-02-24,500.0,PE,AMBUJACEM26FEB500PE,1.0,1.0,0.55,0.55,0.55,1.25,523.0,0.55,821100,-67200,415,218206695.0,219,F1,1050,,,,,
2026-02-18,2026-02-18,FO,NSE,STO,72465,,AMBUJACEM,,2026-02-24,2026-02-24,490.0,PE,AMBUJACEM26FEB490PE,0.45,0.55,0.35,0.35,0.35,0.7,523.0,0.35,284550,-22050,91,46864072.5,77,F1,1050,,,,,
2026-02-18,2026-02-18,FO,NSE,STO,80361,,AMBUJACEM,,2026-04-28,2026-04-28,450.0,CE,AMBUJACEM26APR450CE,0.0,0.0,0.0,93.8,0.0,93.8,523.0,79.85,0,0,0,0.0,0,F1,1050,,,,,
2026-02-18,2026-02-18,FO,NSE,STO,64605,,AMBUJACEM,,2026-03-30,2026-03-30,560.0,CE,AMBUJACEM26MAR560CE,6.6,6.9,5.5,5.55,5.5,6.35,523.0,5.55,110250,7350,27,16045207.5,24,F1,1050,,,,,
2026-02-18,2026-02-18,FO,NSE,STO,64593,,AMBUJACEM,,2026-03-30,2026-03-30,500.0,CE,AMBUJACEM26MAR500CE,33.35,34.35,32.5,32.9,32.9,36.75,523.0,34.05,53550,49350,63,35277690.0,30,F1,1050,,,,,
2026-02-18,2026-02-18,FO,NSE,STO,64577,,AMBUJACEM,,2026-03-30,2026-03-30,420.0,CE,AMBUJACEM26MAR420CE,0.0,0.0,0.0,137.15,0.0,137.15,523.0,105.6,0,0,0,0.0,0,F1,1050,,,,,
2026-02-18,2026-02-18,FO,NSE,STO,63904,,AMBUJACEM,,2026-02-24,2026-02-24,515.0,CE,AMBUJACEM26FEB515CE,12.0,14.05,10.1,11.3,11.05,11.8,523.0,11.3,234150,-6300,132,72943027.5,122,F1,1050,,,,,
2026-02-18,2026-02-18,FO,NSE,STF,51737,,AMBUJACEM,,2026-03-30,2026-03-30,,,AMBUJACEM26MARFUT,527.3,529.95,524.0,526.95,527.35,526.15,523.0,526.95,8372700,4716600,5407,2987882100.0,3572,F1,1050,,,,,
2026-02-18,2026-02-18,FO,NSE,STO,80364,,AMBUJACEM,,2026-04-28,2026-04-28,460.0,PE,AMBUJACEM26APR460PE,0.0,0.0,0.0,6.15,0.0,6.15,523.0,3.3,0,0,0,0.0,0,F1,1050,,,,,
2026-02-18,2026-02-18,FO,NSE,STO,80362,,AMBUJACEM,,2026-04-28,2026-04-28,450.0,PE,AMBUJACEM26APR450PE,0.0,0.0,0.0,4.65,0.0,4.65,523.0,2.2,0,0,0,0.0,0,F1,1050,,,,,
2026-02-18,2026-02-18,FO,NSE,STO,64609,,AMBUJACEM,,2026-03-30,2026-03-30,570.0,PE,AMBUJACEM26MAR570PE,47.5,47.5,45.7,46.0,46.0,46.5,523.0,46.0,17850,4200,4,2590035.0,4,F1,1050,,,,,
2026-02-18,2026-02-18,FO,NSE,STO,79986,,AMBUJACEM,,2026-03-30,2026-03-30,565.0,PE,AMBUJACEM26MAR565PE,0.0,0.0,0.0,43.7,0.0,43.7,523.0,44.45,0,0,0,0.0,0,F1,1050,,,,,
2026-02-18,2026-02-18,FO,NSE,STO,65911,,APLAPOLLO,,2026-02-24,2026-02-24,2420.0,PE,APLAPOLLO26FEB2420PE,0.0,0.0,0.0,517.2,0.0,517.2,2243.85,174.4,0,0,0,0.0,0,F1,350,,,,,
2026-02-18,2026-02-18,FO,NSE,STO,35211,,APLAPOLLO,,2026-02-24,2026-02-24,2460.0,PE,APLAPOLLO26FEB2460PE,0.0,0.0,0.0,526.2,0.0,526.2,2243.85,214.0,0,0,0,0.0,0,F1,350,,,,,
2026-02-18,2026-02-18,FO,NSE,STO,81107,,APLAPOLLO,,2026-03-30,2026-03-30,2520.0,PE,APLAPOLLO26MAR2520PE,0.0,0.0,0.0,443.5,0.0,443.5,2243.85,271.75,0,0,0,0.0,0,F1,350,,,,,
2026-02-18,2026-02-18,FO,NSE,STO,81205,,APLAPOLLO,,2026-04-28,2026-04-28,2000.0,PE,APLAPOLLO26APR2000PE,0.0,0.0,0.0,89.3,0.0,89.3,2243.85,17.45,0,0,0,0.0,0,F1,350,,,,,
2026-02-18,2026-02-18,FO,NSE,STO,72879,,APLAPOLLO,,2026-02-24,2026-02-24,1720.0,CE,APLAPOLLO26FEB1720CE,0.0,0.0,0.0,459.65,459.65,459.65,2243.85,525.4,9450,0,0,0.0,0,F1,350,,,,,
2026-02-18,2026-02-18,FO,NSE,STO,35324,,APLAPOLLO,,2026-02-24,2026-02-24,2480.0,CE,APLAPOLLO26FEB2480CE,0.15,0.65,0.15,0.5,0.5,1.0,2243.85,0.05,7000,0,3,2604455.0,3,F1,350,,,,,
2026-02-18,2026-02-18,FO,NSE,STO,66345,,APLAPOLLO,,2026-03-30,2026-03-30,2320.0,CE,APLAPOLLO26MAR2320CE,0.0,0.0,0.0,15.1,15.5,15.1,2243.85,52.95,2800,0,0,0.0,0,F1,350,,,,,
2026-02-18,2026-02-18,FO,NSE,STO,81175,,APLAPOLLO,,2026-04-28,2026-04-28,1840.0,CE,APLAPOLLO26APR1840CE,0.0,0.0,0.0,286.65,0.0,286.65,2243.85,426.25,0,0,0,0.0,0,F1,350,,,,,
2026-02-18,2026-02-18,FO,NSE,STO,81188,,APLAPOLLO,,2026-04-28,2026-04-28,1920.0,CE,APLAPOLLO26APR1920CE,0.0,0.0,0.0,229.95,0.0,229.95,2243.85,351.9,0,0,0,0.0,0,F1,350,,,,,
2026-02-18,2026-02-18,FO,NSE,STO,81249,,APLAPOLLO,,2026-04-28,2026-04-28,2120.0,CE,APLAPOLLO26APR2120CE,0.0,0.0,0.0,120.65,0.0,120.65,2243.85,189.8,0,0,0,0.0,0,F1,350,,,,,
2026-02-18,2026-02-18,FO,NSE,STO,81259,,APLAPOLLO,,2026-04-28,2026-04-28,2280.0,CE,APLAPOLLO26APR2280CE,0.0,0.0,0.0,65.5,0.0,65.5,2243.85,98.05,0,0,0,0.0,0,F1,350,,,,,
2026-02-18,2026-02-18,FO,NSE,STO,81271,,APLAPOLLO,,2026-04-28,2026-04-28,2400.0,CE,APLAPOLLO26APR2400CE,0.0,0.0,0.0,50.0,50.0,50.0,2243.85,53.85,700,0,0,0.0,0,F1,350,,,,,
2026-02-18,2026-02-18,FO,NSE,STO,81275,,APLAPOLLO,,2026-04-28,2026-04-28,2480.0,CE,APLAPOLLO26APR2480CE,0.0,0.0,0.0,27.5,0.0,27.5,2243.85,34.4,0,0,0,0.0,0,F1,350,,,,,
2026-02-18,2026-02-18,FO,NSE,STO,65794,,APLAPOLLO,,2026-02-24,2026-02-24,1860.0,PE,APLAPOLLO26FEB1860PE,1.0,1.0,0.4,0.4,0.4,2.35,2243.85,0.05,17850,8400,50,32565137.5,46,F1,350,,,,,
2026-02-18,2026-02-18,FO,NSE,STO,72922,,APLAPOLLO,,2026-02-24,2026-02-24,2080.0,PE,APLAPOLLO26FEB2080PE,4.4,4.4,2.5,2.65,2.7,4.55,2243.85,2.65,64050,-24500,363,264650802.5,253,F1,350,,,,,
2026-02-18,2026-02-18,FO,NSE,STO,72929,,APLAPOLLO,,2026-02-24,2026-02-24,2240.0,PE,APLAPOLLO26FEB2240PE,23.15,28.1,18.15,22.35,24.65,34.75,2243.85,22.35,75250,11550,1126,892165715.0,925,F1,350,,,,,
2026-02-18,2026-02-18,FO,NSE,STO,65824,,APLAPOLLO,,2026-02-24,2026-02-24,2260.0,PE,APLAPOLLO26FEB2260PE,32.0,39.6,26.0,34.55,37.05,47.2,2243.85,34.55,85750,-25200,443,355393097.5,422,F1,350,,,,,
2026-02-18,2026-02-18,FO,NSE,STO,35325,,APLAPOLLO,,2026-02-24,2026-02-24,2480.0,PE,APLAPOLLO26FEB2480PE,0.0,0.0,0.0,712.5,0.0,712.5,2243.85,233.95,0,0,0,0.0,0,F1,350,,,,,
2026-02-18,2026-02-18,FO,NSE,STO,73063,,APLAPOLLO,,2026-02-24,2026-02-24,2320.0,CE,APLAPOLLO26FEB2320CE,6.1,11.05,3.5,3.95,3.6,5.85,2243.85,3.95,38850,-28350,325,264700642.5,294,F1,350,,,,,
2026-02-18,2026-02-18,FO,NSE,STO,81031,,APLAPOLLO,,2026-03-30,2026-03-30,2020.0,PE,APLAPOLLO26MAR2020PE,0.0,0.0,0.0,16.2,16.2,16.2,2243.85,9.35,700,0,0,0.0,0,F1,350,,,,,
2026-02-18,2026-02-18,FO,NSE,STO,81097,,APLAPOLLO,,2026-03-30,2026-03-30,2420.0,PE,APLAPOLLO26MAR2420PE,0.0,0.0,0.0,353.5,0.0,353.5,2243.85,186.9,0,0,0,0.0,0,F1,350,,,,,
2026-02-18,2026-02-18,FO,NSE,STO,81099,,APLAPOLLO,,2026-03-30,2026-03-30,2460.0,PE,APLAPOLLO26MAR2460PE,0.0,0.0,0.0,388.9,0.0,388.9,2243.85,219.55,0,0,0,0.0,0,F1,350,,,,,
2026-02-18,2026-02-18,FO,NSE,STO,65823,,APLAPOLLO,,2026-02-24,2026-02-24,2260.0,CE,APLAPOLLO26FEB2260CE,18.0,33.95,14.7,16.9,15.7,15.8,2243.85,16.9,413350,198450,6179,4939930747.5,5045,F1,350,,,,,
2026-02-18,2026-02-18,FO,NSE,STO,66326,,APLAPOLLO,,2026-03-30,2026-03-30,2280.0,PE,APLAPOLLO26MAR2280PE,0.0,0.0,0.0,384.95,0.0,384.95,2243.85,91.3,0,0,0,0.0,0,F1,350,,,,,
2026-02-18,2026-02-18,FO,NSE,STO,35714,,APLAPOLLO,,2026-03-30,2026-03-30,2440.0,PE,APLAPOLLO26MAR2440PE,0.0,0.0,0.0,451.6,0.0,451.6,2243.85,203.0,0,0,0,0.0,0,F1,350,,,,,
2026-02-18,2026-02-18,FO,NSE,STO,66374,,APLAPOLLO,,2026-03-30,2026-03-30,2560.0,PE,APLAPOLLO26MAR2560PE,0.0,0.0,0.0,643.35,0.0,643.35,2243.85,308.15,0,0,0,0.0,0,F1,350,,,,,
2026-02-18,2026-02-18,FO,NSE,STO,81236,,APLAPOLLO,,2026-04-28,2026-04-28,2040.0,PE,APLAPOLLO26APR2040PE,0.0,0.0,0.0,106.85,0.0,106.85,2243.85,24.4,0,0,0,0.0,0,F1,350,,,,,
2026-02-18,2026-02-18,FO,NSE,STO,81248,,APLAPOLLO,,2026-04-28,2026-04-28,2080.0,PE,APLAPOLLO26APR2080PE,0.0,0.0,0.0,126.3,0.0,126.3,2243.85,33.15,0,0,0,0.0,0,F1,350,,,,,
2026-02-18,2026-02-18,FO,NSE,STO,66285,,APLAPOLLO,,2026-03-30,2026-03-30,2160.0,PE,APLAPOLLO26MAR2160PE,30.2,30.2,30.2,30.2,30.2,47.35,2243.85,38.45,700,0,1,766570.0,1,F1,350,,,,,
2026-02-18,2026-02-18,FO,NSE,STO,66283,,APLAPOLLO,,2026-03-30,2026-03-30,2120.0,PE,APLAPOLLO26MAR2120PE,21.7,21.7,21.7,21.7,21.7,27.05,2243.85,27.0,2100,0,1,749595.0,1,F1,350,,,,,
2026-02-18,2026-02-18,FO,NSE,STO,66213,,APLAPOLLO,,2026-03-30,2026-03-30,1800.0,PE,APLAPOLLO26MAR1800PE,0.0,0.0,0.0,18.0,18.0,18.0,2243.85,0.3,350,0,0,0.0,0,F1,350,,,,,
2026-02-18,2026-02-18,FO,NSE,STO,65816,,APLAPOLLO,,2026-02-24,2026-02-24,2180.0,PE,APLAPOLLO26FEB2180PE,9.45,9.85,5.9,7.05,7.5,12.55,2243.85,7.05,88550,28350,652,499279585.0,503,F1,350,,,,,
2026-02-18,2026-02-18,FO,NSE,STO,65804,,APLAPOLLO,,2026-02-24,2026-02-24,2060.0,PE,APLAPOLLO26FEB2060PE,2.8,3.15,2.15,2.35,2.4,3.75,2243.85,2.35,87850,-44100,375,270706905.0,311,F1,350,,,,,
2026-02-18,2026-02-18,FO,NSE,STO,72878,,APLAPOLLO,,2026-02-24,2026-02-24,1680.0,PE,APLAPOLLO26FEB1680PE,0.0,0.0,0.0,1.0,1.0,1.0,2243.85,0.05,3500,0,0,0.0,0,F1,350,,,,,
2026-02-18,2026-02-18,FO,NSE,STO,81273,,APLAPOLLO,,2026-04-28,2026-04-28,2440.0,CE,APLAPOLLO26APR2440CE,0.0,0.0,0.0,33.0,0.0,33.0,2243.85,43.25,0,0,0,0.0,0,F1,350,,,,,
2026-02-18,2026-02-18,FO,NSE,STO,81263,,APLAPOLLO,,2026-04-28,2026-04-28,2320.0,CE,APLAPOLLO26APR2320CE,0.0,0.0,0.0,55.0,55.0,55.0,2243.85,81.1,350,0,0,0.0,0,F1,350,,,,,
2026-02-18,2026-02-18,FO,NSE,STO,81038,,APLAPOLLO,,2026-03-30,2026-03-30,2100.0,CE,APLAPOLLO26MAR2100CE,170.0,178.5,170.0,178.5,178.5,155.35,2243.85,178.5,8050,350,2,1591975.0,2,F1,350,,,,,
2026-02-18,2026-02-18,FO,NSE,STO,66225,,APLAPOLLO,,2026-03-30,2026-03-30,2000.0,CE,APLAPOLLO26MAR2000CE,0.0,0.0,0.0,83.1,0.0,83.1,2243.85,263.2,0,0,0,0.0,0,F1,350,,,,,
2026-02-18,2026-02-18,FO,NSE,STO,66219,,APLAPOLLO,,2026-03-30,2026-03-30,1880.0,CE,APLAPOLLO26MAR1880CE,0.0,0.0,0.0,134.2,0.0,134.2,2243.85,376.4,0,0,0,0.0,0,F1,350,,,,,
2026-02-18,2026-02-18,FO,NSE,STO,81002,,APLAPOLLO,,2026-03-30,2026-03-30,1860.0,CE,APLAPOLLO26MAR1860CE,0.0,0.0,0.0,248.9,0.0,248.9,2243.85,395.95,0,0,0,0.0,0,F1,350,,,,,
2026-02-18,2026-02-18,FO,NSE,STO,81039,,APLAPOLLO,,2026-03-30,2026-03-30,2100.0,PE,APLAPOLLO26MAR2100PE,19.85,19.85,19.85,19.85,19.85,27.15,2243.85,22.3,28700,0,1,741947.5,1,F1,350,,,,,
2026-02-18,2026-02-18,FO,NSE,STO,81017,,APLAPOLLO,,2026-03-30,2026-03-30,1900.0,CE,APLAPOLLO26MAR1900CE,361.0,361.0,361.0,361.0,361.0,218.95,2243.85,357.05,350,350,1,791350.0,1,F1,350,,,,,
2026-02-18,2026-02-18,FO,NSE,STO,72923,,APLAPOLLO,,2026-02-24,2026-02-24,2120.0,CE,APLAPOLLO26FEB2120CE,130.5,133.4,123.65,126.85,123.65,113.35,2243.85,126.85,15400,-2450,21,16527892.5,21,F1,350,,,,,
2026-02-18,2026-02-18,FO,NSE,STO,81064,,APLAPOLLO,,2026-03-30,2026-03-30,2220.0,PE,APLAPOLLO26MAR2220PE,60.0,60.0,51.0,51.0,51.0,60.0,2243.85,61.3,2100,350,2,1592850.0,2,F1,350,,,,,
2026-02-18,2026-02-18,FO,NSE,STO,81068,,APLAPOLLO,,2026-03-30,2026-03-30,2300.0,PE,APLAPOLLO26MAR2300PE,0.0,0.0,0.0,253.65,0.0,253.65,2243.85,102.85,0,0,0,0.0,0,F1,350,,,,,
2026-02-18,2026-02-18,FO,NSE,STO,81190,,APLAPOLLO,,2026-04-28,2026-04-28,1920.0,PE,APLAPOLLO26APR1920PE,0.0,0.0,0.0,59.95,0.0,59.95,2243.85,8.2,0,0,0,0.0,0,F1,350,,,,,
2026-02-18,2026-02-18,FO,NSE,STO,65795,,APLAPOLLO,,2026-02-24,2026-02-24,1900.0,CE,APLAPOLLO26FEB1900CE,345.0,345.0,345.0,345.0,345.0,330.0,2243.85,345.55,3850,-350,1,785750.0,1,F1,350,,,,,
2026-02-18,2026-02-18,FO,NSE,STO,65802,,APLAPOLLO,,2026-02-24,2026-02-24,2020.0,PE,APLAPOLLO26FEB2020PE,1.85,2.0,1.45,1.8,1.8,3.05,2243.85,1.8,27650,-700,19,13445075.0,17,F1,350,,,,,
2026-02-18,2026-02-18,FO,NSE,STO,66242,,APLAPOLLO,,2026-03-30,2026-03-30,2040.0,CE,APLAPOLLO26MAR2040CE,0.0,0.0,0.0,245.0,245.0,245.0,2243.85,227.95,700,0,0,0.0,0,F1,350,,,,,
2026-02-18,2026-02-18,FO,NSE,STO,66325,,APLAPOLLO,,2026-03-30,2026-03-30,2280.0,CE,APLAPOLLO26MAR2280CE,0.0,0.0,0.0,23.55,23.55,23.55,2243.85,68.85,350,0,0,0.0,0,F1,350,,,,,
2026-02-18,2026-02-18,FO,NSE,STO,81279,,APLAPOLLO,,2026-04-28,2026-04-28,2560.0,CE,APLAPOLLO26APR2560CE,0.0,0.0,0.0,18.85,0.0,18.85,2243.85,21.15,0,0,0,0.0,0,F1,350,,,,,
2026-02-18,2026-02-18,FO,NSE,STO,72883,,APLAPOLLO,,2026-02-24,2026-02-24,1800.0,CE,APLAPOLLO26FEB1800CE,0.0,0.0,0.0,270.0,270.0,270.0,2243.85,445.5,350,0,0,0.0,0,F1,350,,,,,
2026-02-18,2026-02-18,FO,NSE,STO,49036,,APLAPOLLO,,2026-02-24,2026-02-24,2360.0,PE,APLAPOLLO26FEB2360PE,112.2,119.7,112.2,114.05,114.05,104.85,2243.85,116.6,1400,0,3,2599082.5,3,F1,350,,,,,
2026-02-18,2026-02-18,FO,NSE,STO,72924,,APLAPOLLO,,2026-02-24,2026-02-24,2120.0,PE,APLAPOLLO26FEB2120PE,5.0,5.0,3.2,3.45,3.75,6.5,2243.85,3.45,98700,-33600,238,176932315.0,232,F1,350,,,,,
2026-02-18,2026-02-18,FO,NSE,STO,65800,,APLAPOLLO,,2026-02-24,2026-02-24,1980.0,PE,APLAPOLLO26FEB1980PE,1.55,1.55,1.4,1.4,1.4,2.45,2243.85,0.05,35350,-8050,23,15951057.5,12,F1,350,,,,,
2026-02-18,2026-02-18,FO,NSE,STO,72894,,APLAPOLLO,,2026-02-24,2026-02-24,1960.0,PE,APLAPOLLO26FEB1960PE,2.2,2.2,0.7,1.3,1.3,2.15,2243.85,1.3,19950,-700,19,13042785.0,17,F1,350,,,,,
2026-02-18,2026-02-18,FO,NSE,STO,81265,,APLAPOLLO,,2026-04-28,2026-04-28,2360.0,CE,APLAPOLLO26APR2360CE,0.0,0.0,0.0,47.05,0.0,47.05,2243.85,66.45,0,0,0,0.0,0,F1,350,,,,,
2026-02-18,2026-02-18,FO,NSE,STO,81191,,APLAPOLLO,,2026-04-28,2026-04-28,1960.0,CE,APLAPOLLO26APR1960CE,0.0,0.0,0.0,204.3,0.0,204.3,2243.85,316.3,0,0,0,0.0,0,F1,350,,,,,
2026-02-18,2026-02-18,FO,NSE,STO,81180,,APLAPOLLO,,2026-04-28,2026-04-28,1880.0,CE,APLAPOLLO26APR1880CE,0.0,0.0,0.0,257.5,0.0,257.5,2243.85,388.65,0,0,0,0.0,0,F1,350,,,,,
2026-02-18,2026-02-18,FO,NSE,STO,66280,,APLAPOLLO,,2026-03-30,2026-03-30,2080.0,CE,APLAPOLLO26MAR2080CE,0.0,0.0,0.0,78.35,78.35,78.35,2243.85,194.6,350,0,0,0.0,0,F1,350,,,,,
2026-02-18,2026-02-18,FO,NSE,STO,66212,,APLAPOLLO,,2026-03-30,2026-03-30,1800.0,CE,APLAPOLLO26MAR1800CE,0.0,0.0,0.0,178.65,0.0,178.65,2243.85,454.95,0,0,0,0.0,0,F1,350,,,,,
2026-02-18,2026-02-18,FO,NSE,STO,66224,,APLAPOLLO,,2026-03-30,2026-03-30,1960.0,PE,APLAPOLLO26MAR1960PE,0.0,0.0,0.0,34.55,34.55,34.55,2243.85,4.3,2100,0,0,0.0,0,F1,350,,,,,
2026-02-18,2026-02-18,FO,NSE,STO,73066,,APLAPOLLO,,2026-02-24,2026-02-24,2400.0,PE,APLAPOLLO26FEB2400PE,0.0,0.0,0.0,215.0,215.0,215.0,2243.85,154.8,350,0,0,0.0,0,F1,350,,,,,
2026-02-18,2026-02-18,FO,NSE,STO,65869,,APLAPOLLO,,2026-02-24,2026-02-24,2300.0,PE,APLAPOLLO26FEB2300PE,56.0,67.85,55.0,65.05,65.0,80.1,2243.85,65.05,26600,1750,30,24785635.0,21,F1,350,,,,,
2026-02-18,2026-02-18,FO,NSE,STO,72927,,APLAPOLLO,,2026-02-24,2026-02-24,2160.0,PE,APLAPOLLO26FEB2160PE,7.2,7.6,4.9,5.3,5.5,9.75,2243.85,5.3,99400,-31500,397,300981450.0,347,F1,350,,,,,
2026-02-18,2026-02-18,FO,NSE,STO,72882,,APLAPOLLO,,2026-02-24,2026-02-24,1760.0,PE,APLAPOLLO26FEB1760PE,0.0,0.0,0.0,131.2,0.0,131.2,2243.85,0.05,0,0,0,0.0,0,F1,350,,,,,
2026-02-18,2026-02-18,FO,NSE,STO,65644,,APLAPOLLO,,2026-02-24,2026-02-24,1740.0,PE,APLAPOLLO26FEB1740PE,0.0,0.0,0.0,3.15,3.15,3.15,2243.85,0.05,1400,0,0,0.0,0,F1,350,,,,,
2026-02-18,2026-02-18,FO,NSE,STO,81251,,APLAPOLLO,,2026-04-28,2026-04-28,2160.0,CE,APLAPOLLO26APR2160CE,0.0,0.0,0.0,104.35,0.0,104.35,2243.85,163.25,0,0,0,0.0,0,F1,350,,,,,
2026-02-18,2026-02-18,FO,NSE,STO,66347,,APLAPOLLO,,2026-03-30,2026-03-30,2360.0,CE,APLAPOLLO26MAR2360CE,35.15,35.15,35.15,35.15,35.15,11.4,2243.85,39.95,1750,350,1,838302.5,1,F1,350,,,,,
2026-02-18,2026-02-18,FO,NSE,STO,81030,,APLAPOLLO,,2026-03-30,2026-03-30,2020.0,CE,APLAPOLLO26MAR2020CE,0.0,0.0,0.0,141.7,0.0,141.7,2243.85,245.35,0,0,0,0.0,0,F1,350,,,,,
2026-02-18,2026-02-18,FO,NSE,STO,81028,,APLAPOLLO,,2026-03-30,2026-03-30,1980.0,CE,APLAPOLLO26MAR1980CE,0.0,0.0,0.0,165.15,0.0,165.15,2243.85,281.4,0,0,0,0.0,0,F1,350,,,,,
2026-02-18,2026-02-18,FO,NSE,STO,66221,,APLAPOLLO,,2026-03-30,2026-03-30,1920.0,CE,APLAPOLLO26MAR1920CE,0.0,0.0,0.0,115.15,0.0,115.15,2243.85,337.8,0,0,0,0.0,0,F1,350,,,,,
2026-02-18,2026-02-18,FO,NSE,STO,65908,,APLAPOLLO,,2026-02-24,2026-02-24,2380.0,CE,APLAPOLLO26FEB2380CE,2.6,3.45,1.3,1.45,1.45,2.15,2243.85,1.45,16100,1050,106,88397855.0,98,F1,350,,,,,
2026-02-18,2026-02-18,FO,NSE,STO,72921,,APLAPOLLO,,2026-02-24,2026-02-24,2080.0,CE,APLAPOLLO26FEB2080CE,0.0,0.0,0.0,204.0,206.0,204.0,2243.85,166.05,25550,0,0,0.0,0,F1,350,,,,,
2026-02-18,2026-02-18,FO,NSE,STO,66211,,APLAPOLLO,,2026-03-30,2026-03-30,1760.0,PE,APLAPOLLO26MAR1760PE,0.0,0.0,0.0,54.8,0.0,54.8,2243.85,0.15,0,0,0,0.0,0,F1,350,,,,,
2026-02-18,2026-02-18,FO,NSE,STO,81264,,APLAPOLLO,,2026-04-28,2026-04-28,2320.0,PE,APLAPOLLO26APR2320PE,0.0,0.0,0.0,279.55,0.0,279.55,2243.85,133.25,0,0,0,0.0,0,F1,350,,,,,
2026-02-18,2026-02-18,FO,NSE,STO,81250,,APLAPOLLO,,2026-04-28,2026-04-28,2120.0,PE,APLAPOLLO26APR2120PE,0.0,0.0,0.0,147.6,0.0,147.6,2243.85,44.0,0,0,0,0.0,0,F1,350,,,,,
2026-02-18,2026-02-18,FO,NSE,STO,66279,,APLAPOLLO,,2026-03-30,2026-03-30,2040.0,PE,APLAPOLLO26MAR2040PE,11.45,11.45,11.45,11.45,11.45,15.25,2243.85,11.85,1750,700,2,1436015.0,1,F1,350,,,,,
2026-02-18,2026-02-18,FO,NSE,STO,81098,,APLAPOLLO,,2026-03-30,2026-03-30,2460.0,CE,APLAPOLLO26MAR2460CE,14.0,14.0,14.0,14.0,14.0,12.0,2243.85,18.2,700,0,1,865900.0,1,F1,350,,,,,
2026-02-18,2026-02-18,FO,NSE,STO,81257,,APLAPOLLO,,2026-04-28,2026-04-28,2240.0,CE,APLAPOLLO26APR2240CE,0.0,0.0,0.0,76.9,0.0,76.9,2243.85,117.4,0,0,0,0.0,0,F1,350,,,,,
2026-02-18,2026-02-18,FO,NSE,STO,65798,,APLAPOLLO,,2026-02-24,2026-02-24,1940.0,PE,APLAPOLLO26FEB1940PE,0.8,0.8,0.8,0.8,0.8,2.8,2243.85,0.05,14350,-350,1,679280.0,1,F1,350,,,,,
2026-02-18,2026-02-18,FO,NSE,STO,72920,,APLAPOLLO,,2026-02-24,2026-02-24,2040.0,PE,APLAPOLLO26FEB2040PE,2.85,2.85,1.75,2.0,2.15,3.35,2243.85,2.0,75600,14000,274,195844827.5,222,F1,350,,,,,
2026-02-18,2026-02-18,FO,NSE,STO,35317,,APLAPOLLO,,2026-02-24,2026-02-24,2200.0,PE,APLAPOLLO26FEB2200PE,12.2,13.7,8.65,10.1,10.45,17.1,2243.85,10.1,288050,9450,925,715729997.5,780,F1,350,,,,,
2026-02-18,2026-02-18,FO,NSE,STO,66215,,APLAPOLLO,,2026-03-30,2026-03-30,1840.0,PE,APLAPOLLO26MAR1840PE,0.0,0.0,0.0,84.9,0.0,84.9,2243.85,0.65,0,0,0,0.0,0,F1,350,,,,,
2026-02-18,2026-02-18,FO,NSE,STO,81029,,APLAPOLLO,,2026-03-30,2026-03-30,1980.0,PE,APLAPOLLO26MAR1980PE,0.0,0.0,0.0,63.85,0.0,63.85,2243.85,5.65,0,0,0,0.0,0,F1,350,,,,,
2026-02-18,2026-02-18,FO,NSE,STO,66241,,APLAPOLLO,,2026-03-30,2026-03-30,2000.0,PE,APLAPOLLO26MAR2000PE,0.0,0.0,0.0,13.7,13.7,13.7,2243.85,7.35,350,0,0,0.0,0,F1,350,,,,,
2026-02-18,2026-02-18,FO,NSE,STO,81105,,APLAPOLLO,,2026-03-30,2026-03-30,2500.0,PE,APLAPOLLO26MAR2500PE,0.0,0.0,0.0,425.1,0.0,425.1,2243.85,254.0,0,0,0,0.0,0,F1,350,,,,,
2026-02-18,2026-02-18,FO,NSE,STO,81176,,APLAPOLLO,,2026-04-28,2026-04-28,1840.0,PE,APLAPOLLO26APR1840PE,0.0,0.0,0.0,37.85,0.0,37.85,2243.85,3.35,0,0,0,0.0,0,F1,350,,,,,
2026-02-18,2026-02-18,FO,NSE,STO,81187,,APLAPOLLO,,2026-04-28,2026-04-28,1880.0,PE,APLAPOLLO26APR1880PE,0.0,0.0,0.0,48.1,0.0,48.1,2243.85,5.35,0,0,0,0.0,0,F1,350,,,,,
2026-02-18,2026-02-18,FO,NSE,STO,81256,,APLAPOLLO,,2026-04-28,2026-04-28,2200.0,PE,APLAPOLLO26APR2200PE,0.0,0.0,0.0,195.55,0.0,195.55,2243.85,72.5,0,0,0,0.0,0,F1,350,,,,,
2026-02-18,2026-02-18,FO,NSE,STO,66371,,APLAPOLLO,,2026-03-30,2026-03-30,2560.0,CE,APLAPOLLO26MAR2560CE,6.25,9.05,6.25,7.0,7.0,5.9,2243.85,7.4,3150,2450,11,9886555.0,11,F1,350,,,,,
2026-02-18,2026-02-18,FO,NSE,STO,65641,,APLAPOLLO,,2026-02-24,2026-02-24,1700.0,CE,APLAPOLLO26FEB1700CE,545.0,545.0,545.0,545.0,545.0,324.0,2243.85,545.4,3850,0,1,785750.0,1,F1,350,,,,,
2026-02-18,2026-02-18,FO,NSE,STO,65819,,APLAPOLLO,,2026-02-24,2026-02-24,2220.0,CE,APLAPOLLO26FEB2220CE,39.6,58.2,34.55,38.4,34.9,33.95,2243.85,38.4,38850,-17500,127,100779997.5,120,F1,350,,,,,
2026-02-18,2026-02-18,FO,NSE,STO,65910,,APLAPOLLO,,2026-02-24,2026-02-24,2420.0,CE,APLAPOLLO26FEB2420CE,1.8,2.15,1.0,1.05,1.05,1.45,2243.85,0.4,13650,-350,15,12713015.0,11,F1,350,,,,,
2026-02-18,2026-02-18,FO,NSE,STO,35708,,APLAPOLLO,,2026-02-24,2026-02-24,2500.0,CE,APLAPOLLO26FEB2500CE,0.9,0.9,0.6,0.6,0.6,0.8,2243.85,0.05,12250,-4200,22,19255250.0,15,F1,350,,,,,
2026-02-18,2026-02-18,FO,NSE,STO,81019,,APLAPOLLO,,2026-03-30,2026-03-30,1940.0,CE,APLAPOLLO26MAR1940CE,0.0,0.0,0.0,190.9,0.0,190.9,2243.85,318.75,0,0,0,0.0,0,F1,350,,,,,
2026-02-18,2026-02-18,FO,NSE,STO,81032,,APLAPOLLO,,2026-03-30,2026-03-30,2060.0,CE,APLAPOLLO26MAR2060CE,0.0,0.0,0.0,97.4,97.4,97.4,2243.85,211.0,350,0,0,0.0,0,F1,350,,,,,
2026-02-18,2026-02-18,FO,NSE,STO,81065,,APLAPOLLO,,2026-03-30,2026-03-30,2260.0,CE,APLAPOLLO26MAR2260CE,79.45,80.3,62.0,62.85,62.0,69.25,2243.85,62.85,3150,2450,14,11423527.5,14,F1,350,,,,,
2026-02-18,2026-02-18,FO,NSE,STO,66210,,APLAPOLLO,,2026-03-30,2026-03-30,1760.0,CE,APLAPOLLO26MAR1760CE,0.0,0.0,0.0,204.05,0.0,204.05,2243.85,494.55,0,0,0,0.0,0,F1,350,,,,,
2026-02-18,2026-02-18,FO,NSE,STO,72928,,APLAPOLLO,,2026-02-24,2026-02-24,2240.0,CE,APLAPOLLO26FEB2240CE,29.95,45.25,22.85,24.8,24.0,24.0,2243.85,24.8,99400,-29050,861,684522615.0,671,F1,350,,,,,
2026-02-18,2026-02-18,FO,NSE,STO,48868,,APLAPOLLO,,2026-02-24,2026-02-24,2560.0,CE,APLAPOLLO26FEB2560CE,0.0,0.0,0.0,0.75,0.0,0.75,2243.85,0.05,0,0,0,0.0,0,F1,350,,,,,
2026-02-18,2026-02-18,FO,NSE,STO,81274,,APLAPOLLO,,2026-04-28,2026-04-28,2440.0,PE,APLAPOLLO26APR2440PE,0.0,0.0,0.0,375.05,0.0,375.05,2243.85,214.15,0,0,0,0.0,0,F1,350,,,,,
2026-02-18,2026-02-18,FO,NSE,STO,66370,,APLAPOLLO,,2026-03-30,2026-03-30,2480.0,PE,APLAPOLLO26MAR2480PE,0.0,0.0,0.0,226.25,226.25,226.25,2243.85,236.6,1750,0,0,0.0,0,F1,350,,,,,
2026-02-18,2026-02-18,FO,NSE,STO,65912,,APLAPOLLO,,2026-02-24,2026-02-24,2440.0,CE,APLAPOLLO26FEB2440CE,1.15,1.65,0.85,0.85,0.85,1.25,2243.85,0.2,23800,-3150,56,47847817.5,45,F1,350,,,,,
2026-02-18,2026-02-18,FO,NSE,STO,66368,,APLAPOLLO,,2026-03-30,2026-03-30,2400.0,PE,APLAPOLLO26MAR2400PE,0.0,0.0,0.0,492.65,0.0,492.65,2243.85,171.35,0,0,0,0.0,0,F1,350,,,,,
2026-02-18,2026-02-18,FO,NSE,STO,66350,,APLAPOLLO,,2026-03-30,2026-03-30,2360.0,PE,APLAPOLLO26MAR2360PE,0.0,0.0,0.0,456.1,0.0,456.1,2243.85,141.95,0,0,0,0.0,0,F1,350,,,,,
2026-02-18,2026-02-18,FO,NSE,STO,81033,,APLAPOLLO,,2026-03-30,2026-03-30,2060.0,PE,APLAPOLLO26MAR2060PE,0.0,0.0,0.0,18.95,18.95,18.95,2243.85,14.75,1400,0,0,0.0,0,F1,350,,,,,
2026-02-18,2026-02-18,FO,NSE,STO,65909,,APLAPOLLO,,2026-02-24,2026-02-24,2380.0,PE,APLAPOLLO26FEB2380PE,0.0,0.0,0.0,115.75,115.75,115.75,2243.85,135.45,350,0,0,0.0,0,F1,350,,,,,
2026-02-18,2026-02-18,FO,NSE,STO,48185,,APLAPOLLO,,2026-02-24,2026-02-24,2280.0,PE,APLAPOLLO26FEB2280PE,48.0,48.85,46.3,46.8,47.65,61.55,2243.85,46.8,19950,-700,16,13035172.5,7,F1,350,,,,,
2026-02-18,2026-02-18,FO,NSE,STO,65820,,APLAPOLLO,,2026-02-24,2026-02-24,2220.0,PE,APLAPOLLO26FEB2220PE,19.0,21.15,12.6,14.45,16.7,24.5,2243.85,14.45,72100,4900,453,354520180.0,317,F1,350,,,,,
2026-02-18,2026-02-18,FO,NSE,STO,72896,,APLAPOLLO,,2026-02-24,2026-02-24,2000.0,PE,APLAPOLLO26FEB2000PE,2.0,2.15,1.5,1.55,1.6,2.6,2243.85,1.55,190050,-32900,367,257113657.5,213,F1,350,,,,,
2026-02-18,2026-02-18,FO,NSE,STO,65796,,APLAPOLLO,,2026-02-24,2026-02-24,1900.0,PE,APLAPOLLO26FEB1900PE,1.15,1.15,0.7,0.75,0.7,1.55,2243.85,0.75,110950,-38500,165,109776642.5,97,F1,350,,,,,
2026-02-18,2026-02-18,FO,NSE,STO,66369,,APLAPOLLO,,2026-03-30,2026-03-30,2480.0,CE,APLAPOLLO26MAR2480CE,0.0,0.0,0.0,10.7,10.7,10.7,2243.85,15.35,1050,0,0,0.0,0,F1,350,,,,,
2026-02-18,2026-02-18,FO,NSE,STO,35713,,APLAPOLLO,,2026-03-30,2026-03-30,2440.0,CE,APLAPOLLO26MAR2440CE,19.8,19.8,19.8,19.8,19.8,13.35,2243.85,21.5,1050,350,2,1721860.0,1,F1,350,,,,,
2026-02-18,2026-02-18,FO,NSE,STO,81072,,APLAPOLLO,,2026-03-30,2026-03-30,2340.0,CE,APLAPOLLO26MAR2340CE,38.65,39.4,35.75,36.35,36.35,30.75,2243.85,46.1,3150,3150,15,12484605.0,13,F1,350,,,,,
2026-02-18,2026-02-18,FO,NSE,STO,72889,,APLAPOLLO,,2026-02-24,2026-02-24,1880.0,CE,APLAPOLLO26FEB1880CE,0.0,0.0,0.0,280.0,280.0,280.0,2243.85,365.55,7350,0,0,0.0,0,F1,350,,,,,
2026-02-18,2026-02-18,FO,NSE,STO,65815,,APLAPOLLO,,2026-02-24,2026-02-24,2180.0,CE,APLAPOLLO26FEB2180CE,73.0,76.1,66.65,69.3,69.3,61.45,2243.85,69.3,26250,-1050,22,17348957.5,20,F1,350,,,,,
2026-02-18,2026-02-18,FO,NSE,STO,81067,,APLAPOLLO,,2026-03-30,2026-03-30,2300.0,CE,APLAPOLLO26MAR2300CE,46.35,62.5,45.4,49.0,45.4,45.3,2243.85,49.0,57750,40250,239,196738657.5,141,F1,350,,,,,
2026-02-18,2026-02-18,FO,NSE,STO,66223,,APLAPOLLO,,2026-03-30,2026-03-30,1960.0,CE,APLAPOLLO26MAR1960CE,0.0,0.0,0.0,98.15,0.0,98.15,2243.85,299.95,0,0,0,0.0,0,F1,350,,,,,
2026-02-18,2026-02-18,FO,NSE,STO,81027,,APLAPOLLO,,2026-03-30,2026-03-30,1940.0,PE,APLAPOLLO26MAR1940PE,0.0,0.0,0.0,50.0,0.0,50.0,2243.85,3.25,0,0,0,0.0,0,F1,350,,,,,
2026-02-18,2026-02-18,FO,NSE,STO,81018,,APLAPOLLO,,2026-03-30,2026-03-30,1900.0,PE,APLAPOLLO26MAR1900PE,0.0,0.0,0.0,38.5,0.0,38.5,2243.85,1.75,0,0,0,0.0,0,F1,350,,,,,
2026-02-18,2026-02-18,FO,NSE,STO,65654,,APLAPOLLO,,2026-02-24,2026-02-24,1820.0,PE,APLAPOLLO26FEB1820PE,0.0,0.0,0.0,1.5,1.5,1.5,2243.85,0.05,18900,0,0,0.0,0,F1,350,,,,,
2026-02-18,2026-02-18,FO,NSE,STO,66288,,APLAPOLLO,,2026-03-30,2026-03-30,2240.0,CE,APLAPOLLO26MAR2240CE,78.45,78.45,78.45,78.45,78.45,60.5,2243.85,87.8,5250,0,1,811457.5,1,F1,350,,,,,
2026-02-18,2026-02-18,FO,NSE,STO,81059,,APLAPOLLO,,2026-03-30,2026-03-30,2180.0,CE,APLAPOLLO26MAR2180CE,0.0,0.0,0.0,70.5,0.0,70.5,2243.85,122.25,0,0,0,0.0,0,F1,350,,,,,
2026-02-18,2026-02-18,FO,NSE,STO,66284,,APLAPOLLO,,2026-03-30,2026-03-30,2160.0,CE,APLAPOLLO26MAR2160CE,0.0,0.0,0.0,40.15,0.0,40.15,2243.85,135.3,0,0,0,0.0,0,F1,350,,,,,
2026-02-18,2026-02-18,FO,NSE,STO,65866,,APLAPOLLO,,2026-02-24,2026-02-24,2300.0,CE,APLAPOLLO26FEB2300CE,9.95,16.4,5.35,6.5,6.05,8.3,2243.85,6.5,261100,-212800,3275,2648860410.0,2281,F1,350,,,,,
2026-02-18,2026-02-18,FO,NSE,STO,35316,,APLAPOLLO,,2026-02-24,2026-02-24,2200.0,CE,APLAPOLLO26FEB2200CE,56.45,75.0,48.05,51.1,48.05,46.45,2243.85,51.1,221550,-350,304,240613397.5,288,F1,350,,,,,
2026-02-18,2026-02-18,FO,NSE,STO,72926,,APLAPOLLO,,2026-02-24,2026-02-24,2160.0,CE,APLAPOLLO26FEB2160CE,97.85,104.25,84.35,87.6,87.6,78.8,2243.85,87.6,17850,-2800,22,17334222.5,21,F1,350,,,,,
2026-02-18,2026-02-18,FO,NSE,STO,72897,,APLAPOLLO,,2026-02-24,2026-02-24,2040.0,CE,APLAPOLLO26FEB2040CE,204.0,204.0,200.55,201.2,201.2,188.6,2243.85,201.2,23450,0,3,2354012.5,3,F1,350,,,,,
2026-02-18,2026-02-18,FO,NSE,STO,72881,,APLAPOLLO,,2026-02-24,2026-02-24,1760.0,CE,APLAPOLLO26FEB1760CE,0.0,0.0,0.0,96.1,0.0,96.1,2243.85,485.45,0,0,0,0.0,0,F1,350,,,,,
2026-02-18,2026-02-18,FO,NSE,STO,72873,,APLAPOLLO,,2026-02-24,2026-02-24,1640.0,PE,APLAPOLLO26FEB1640PE,0.0,0.0,0.0,0.7,0.7,0.7,2243.85,0.05,11550,0,0,0.0,0,F1,350,,,,,
2026-02-18,2026-02-18,FO,NSE,STO,81253,,APLAPOLLO,,2026-04-28,2026-04-28,2200.0,CE,APLAPOLLO26APR2200CE,0.0,0.0,0.0,89.8,0.0,89.8,2243.85,139.1,0,0,0,0.0,0,F1,350,,,,,
2026-02-18,2026-02-18,FO,NSE,STO,81237,,APLAPOLLO,,2026-04-28,2026-04-28,2080.0,CE,APLAPOLLO26APR2080CE,0.0,0.0,0.0,138.75,0.0,138.75,2243.85,218.55,0,0,0,0.0,0,F1,350,,,,,
2026-02-18,2026-02-18,FO,NSE,STO,48870,,APLAPOLLO,,2026-02-24,2026-02-24,2560.0,PE,APLAPOLLO26FEB2560PE,0.0,0.0,0.0,713.4,0.0,713.4,2243.85,313.85,0,0,0,0.0,0,F1,350,,,,,
2026-02-18,2026-02-18,FO,NSE,STO,72892,,APLAPOLLO,,2026-02-24,2026-02-24,1920.0,PE,APLAPOLLO26FEB1920PE,0.7,0.95,0.7,0.9,0.95,1.9,2243.85,0.9,34300,-4200,22,14790667.5,19,F1,350,,,,,
2026-02-18,2026-02-18,FO,NSE,STO,81252,,APLAPOLLO,,2026-04-28,2026-04-28,2160.0,PE,APLAPOLLO26APR2160PE,0.0,0.0,0.0,170.7,0.0,170.7,2243.85,57.1,0,0,0,0.0,0,F1,350,,,,,
2026-02-18,2026-02-18,FO,NSE,STO,65801,,APLAPOLLO,,2026-02-24,2026-02-24,2020.0,CE,APLAPOLLO26FEB2020CE,227.55,228.35,218.9,219.0,219.05,208.85,2243.85,219.0,11900,-1750,6,4708130.0,6,F1,350,,,,,
2026-02-18,2026-02-18,FO,NSE,STO,65803,,APLAPOLLO,,2026-02-24,2026-02-24,2060.0,CE,APLAPOLLO26FEB2060CE,191.9,191.9,185.8,188.05,188.05,204.6,2243.85,188.05,59500,-1750,7,5513007.5,7,F1,350,,,,,
2026-02-18,2026-02-18,FO,NSE,STO,35210,,APLAPOLLO,,2026-02-24,2026-02-24,2460.0,CE,APLAPOLLO26FEB2460CE,1.1,1.3,0.8,0.85,0.85,1.0,2243.85,0.85,9800,-2450,19,16366805.0,14,F1,350,,,,,
2026-02-18,2026-02-18,FO,NSE,STO,65914,,APLAPOLLO,,2026-02-24,2026-02-24,2520.0,CE,APLAPOLLO26FEB2520CE,0.0,0.0,0.0,1.15,0.0,1.15,2243.85,0.05,0,0,0,0.0,0,F1,350,,,,,
2026-02-18,2026-02-18,FO,NSE,STO,66214,,APLAPOLLO,,2026-03-30,2026-03-30,1840.0,CE,APLAPOLLO26MAR1840CE,0.0,0.0,0.0,155.35,0.0,155.35,2243.85,415.55,0,0,0,0.0,0,F1,350,,,,,
2026-02-18,2026-02-18,FO,NSE,STO,65808,,APLAPOLLO,,2026-02-24,2026-02-24,2100.0,PE,APLAPOLLO26FEB2100PE,4.7,4.7,2.85,3.2,3.35,5.65,2243.85,3.2,869400,-16100,1317,969623270.0,813,F1,350,,,,,
2026-02-18,2026-02-18,FO,NSE,STO,65913,,APLAPOLLO,,2026-02-24,2026-02-24,2440.0,PE,APLAPOLLO26FEB2440PE,0.0,0.0,0.0,536.55,0.0,536.55,2243.85,194.15,0,0,0,0.0,0,F1,350,,,,,
2026-02-18,2026-02-18,FO,NSE,STO,81003,,APLAPOLLO,,2026-03-30,2026-03-30,1860.0,PE,APLAPOLLO26MAR1860PE,0.0,0.0,0.0,28.85,0.0,28.85,2243.85,0.9,0,0,0,0.0,0,F1,350,,,,,
2026-02-18,2026-02-18,FO,NSE,STO,66281,,APLAPOLLO,,2026-03-30,2026-03-30,2080.0,PE,APLAPOLLO26MAR2080PE,16.5,17.1,16.0,17.1,17.1,28.3,2243.85,18.25,2100,1750,8,5870970.0,8,F1,350,,,,,
2026-02-18,2026-02-18,FO,NSE,STO,81082,,APLAPOLLO,,2026-03-30,2026-03-30,2340.0,PE,APLAPOLLO26MAR2340PE,0.0,0.0,0.0,285.7,0.0,285.7,2243.85,128.2,0,0,0,0.0,0,F1,350,,,,,
2026-02-18,2026-02-18,FO,NSE,STO,81270,,APLAPOLLO,,2026-04-28,2026-04-28,2360.0,PE,APLAPOLLO26APR2360PE,0.0,0.0,0.0,310.3,0.0,310.3,2243.85,158.15,0,0,0,0.0,0,F1,350,,,,,
2026-02-18,2026-02-18,FO,NSE,STO,65645,,APLAPOLLO,,2026-02-24,2026-02-24,1780.0,CE,APLAPOLLO26FEB1780CE,0.0,0.0,0.0,430.1,430.1,430.1,2243.85,465.45,2100,0,0,0.0,0,F1,350,,,,,
2026-02-18,2026-02-18,FO,NSE,STO,65799,,APLAPOLLO,,2026-02-24,2026-02-24,1980.0,CE,APLAPOLLO26FEB1980CE,0.0,0.0,0.0,229.65,229.65,229.65,2243.85,265.65,9450,0,0,0.0,0,F1,350,,,,,
2026-02-18,2026-02-18,FO,NSE,STO,72895,,APLAPOLLO,,2026-02-24,2026-02-24,2000.0,CE,APLAPOLLO26FEB2000CE,214.0,214.0,214.0,214.0,214.0,232.8,2243.85,245.65,48300,0,2,1549800.0,1,F1,350,,,,,
2026-02-18,2026-02-18,FO,NSE,STO,72886,,APLAPOLLO,,2026-02-24,2026-02-24,1800.0,PE,APLAPOLLO26FEB1800PE,0.75,0.85,0.75,0.75,0.75,1.0,2243.85,0.75,27300,8050,47,29622372.5,13,F1,350,,,,,
2026-02-18,2026-02-18,FO,NSE,STO,72888,,APLAPOLLO,,2026-02-24,2026-02-24,1840.0,PE,APLAPOLLO26FEB1840PE,0.9,0.9,0.75,0.75,0.75,1.0,2243.85,0.05,9450,6300,28,18039787.5,21,F1,350,,,,,
2026-02-18,2026-02-18,FO,NSE,STO,65812,,APLAPOLLO,,2026-02-24,2026-02-24,2140.0,PE,APLAPOLLO26FEB2140PE,5.85,5.9,3.9,4.45,4.4,7.8,2243.85,4.45,81200,-8050,222,166655265.0,211,F1,350,,,,,
2026-02-18,2026-02-18,FO,NSE,STO,66346,,APLAPOLLO,,2026-03-30,2026-03-30,2320.0,PE,APLAPOLLO26MAR2320PE,0.0,0.0,0.0,420.15,0.0,420.15,2243.85,115.15,0,0,0,0.0,0,F1,350,,,,,
2026-02-18,2026-02-18,FO,NSE,STO,81060,,APLAPOLLO,,2026-03-30,2026-03-30,2180.0,PE,APLAPOLLO26MAR2180PE,0.0,0.0,0.0,54.0,54.0,54.0,2243.85,45.3,700,0,0,0.0,0,F1,350,,,,,
2026-02-18,2026-02-18,FO,NSE,STO,72887,,APLAPOLLO,,2026-02-24,2026-02-24,1840.0,CE,APLAPOLLO26FEB1840CE,0.0,0.0,0.0,122.5,122.5,122.5,2243.85,405.5,1050,0,0,0.0,0,F1,350,,,,,
2026-02-18,2026-02-18,FO,NSE,STO,72891,,APLAPOLLO,,2026-02-24,2026-02-24,1920.0,CE,APLAPOLLO26FEB1920CE,0.0,0.0,0.0,131.25,131.25,131.25,2243.85,325.6,5950,0,0,0.0,0,F1,350,,,,,
2026-02-18,2026-02-18,FO,NSE,STO,65805,,APLAPOLLO,,2026-02-24,2026-02-24,2100.0,CE,APLAPOLLO26FEB2100CE,154.8,161.5,144.0,149.15,145.15,126.1,2243.85,149.15,105350,0,18,14188422.5,18,F1,350,,,,,
2026-02-18,2026-02-18,FO,NSE,STO,65811,,APLAPOLLO,,2026-02-24,2026-02-24,2140.0,CE,APLAPOLLO26FEB2140CE,109.5,110.75,103.0,106.35,106.35,98.1,2243.85,106.35,12950,-4900,19,14951317.5,19,F1,350,,,,,
2026-02-18,2026-02-18,FO,NSE,STO,81057,,APLAPOLLO,,2026-03-30,2026-03-30,2140.0,CE,APLAPOLLO26MAR2140CE,0.0,0.0,0.0,85.0,0.0,85.0,2243.85,149.1,0,0,0,0.0,0,F1,350,,,,,
2026-02-18,2026-02-18,FO,NSE,STO,81100,,APLAPOLLO,,2026-03-30,2026-03-30,2500.0,CE,APLAPOLLO26MAR2500CE,13.0,13.0,13.0,13.0,13.0,14.0,2243.85,13.0,700,0,1,879550.0,1,F1,350,,,,,
2026-02-18,2026-02-18,FO,NSE,STO,81106,,APLAPOLLO,,2026-03-30,2026-03-30,2520.0,CE,APLAPOLLO26MAR2520CE,0.0,0.0,0.0,14.65,14.65,14.65,2243.85,10.75,700,0,0,0.0,0,F1,350,,,,,
2026-02-18,2026-02-18,FO,NSE,STO,81206,,APLAPOLLO,,2026-04-28,2026-04-28,2040.0,CE,APLAPOLLO26APR2040CE,0.0,0.0,0.0,158.7,0.0,158.7,2243.85,249.35,0,0,0,0.0,0,F1,350,,,,,
2026-02-18,2026-02-18,FO,NSE,STO,73064,,APLAPOLLO,,2026-02-24,2026-02-24,2320.0,PE,APLAPOLLO26FEB2320PE,0.0,0.0,0.0,94.25,94.65,94.25,2243.85,81.25,2450,0,0,0.0,0,F1,350,,,,,
2026-02-18,2026-02-18,FO,NSE,STO,66287,,APLAPOLLO,,2026-03-30,2026-03-30,2200.0,PE,APLAPOLLO26MAR2200PE,42.45,45.0,38.85,42.8,43.0,49.6,2243.85,42.8,56350,1750,45,35338397.5,44,F1,350,,,,,
2026-02-18,2026-02-18,FO,NSE,STO,66289,,APLAPOLLO,,2026-03-30,2026-03-30,2240.0,PE,APLAPOLLO26MAR2240PE,0.0,0.0,0.0,350.6,0.0,350.6,2243.85,70.5,0,0,0,0.0,0,F1,350,,,,,
2026-02-18,2026-02-18,FO,NSE,STO,81066,,APLAPOLLO,,2026-03-30,2026-03-30,2260.0,PE,APLAPOLLO26MAR2260PE,72.2,74.15,70.45,70.45,70.45,70.7,2243.85,70.45,2100,350,7,5712805.0,4,F1,350,,,,,
2026-02-18,2026-02-18,FO,NSE,STO,81095,,APLAPOLLO,,2026-03-30,2026-03-30,2380.0,PE,APLAPOLLO26MAR2380PE,0.0,0.0,0.0,319.0,0.0,319.0,2243.85,156.35,0,0,0,0.0,0,F1,350,,,,,
2026-02-18,2026-02-18,FO,NSE,STO,81203,,APLAPOLLO,,2026-04-28,2026-04-28,1960.0,PE,APLAPOLLO26APR1960PE,0.0,0.0,0.0,73.7,0.0,73.7,2243.85,12.15,0,0,0,0.0,0,F1,350,,,,,
2026-02-18,2026-02-18,FO,NSE,STO,81260,,APLAPOLLO,,2026-04-28,2026-04-28,2280.0,PE,APLAPOLLO26APR2280PE,0.0,0.0,0.0,250.0,0.0,250.0,2243.85,110.65,0,0,0,0.0,0,F1,350,,,,,
2026-02-18,2026-02-18,FO,NSE,STO,81276,,APLAPOLLO,,2026-04-28,2026-04-28,2480.0,PE,APLAPOLLO26APR2480PE,0.0,0.0,0.0,408.9,0.0,408.9,2243.85,244.9,0,0,0,0.0,0,F1,350,,,,,
2026-02-18,2026-02-18,FO,NSE,STO,66220,,APLAPOLLO,,2026-03-30,2026-03-30,1880.0,PE,APLAPOLLO26MAR1880PE,0.0,0.0,0.0,103.15,0.0,103.15,2243.85,1.3,0,0,0,0.0,0,F1,350,,,,,
2026-02-18,2026-02-18,FO,NSE,STO,65797,,APLAPOLLO,,2026-02-24,2026-02-24,1940.0,CE,APLAPOLLO26FEB1940CE,0.0,0.0,0.0,240.0,240.0,240.0,2243.85,305.6,5600,0,0,0.0,0,F1,350,,,,,
2026-02-18,2026-02-18,FO,NSE,STO,48184,,APLAPOLLO,,2026-02-24,2026-02-24,2280.0,CE,APLAPOLLO26FEB2280CE,14.0,23.5,9.1,10.3,10.05,11.3,2243.85,10.3,121800,-21700,995,799748722.5,890,F1,350,,,,,
2026-02-18,2026-02-18,FO,NSE,STO,49035,,APLAPOLLO,,2026-02-24,2026-02-24,2360.0,CE,APLAPOLLO26FEB2360CE,2.6,5.05,1.6,1.8,1.7,2.85,2243.85,1.8,101850,37450,330,272999020.0,308,F1,350,,,,,
2026-02-18,2026-02-18,FO,NSE,STO,73065,,APLAPOLLO,,2026-02-24,2026-02-24,2400.0,CE,APLAPOLLO26FEB2400CE,1.2,2.75,1.1,1.1,1.1,1.9,2243.85,1.1,44800,-7000,119,100038820.0,102,F1,350,,,,,
2026-02-18,2026-02-18,FO,NSE,STO,81063,,APLAPOLLO,,2026-03-30,2026-03-30,2220.0,CE,APLAPOLLO26MAR2220CE,90.6,90.8,90.6,90.7,90.8,108.0,2243.85,90.7,1050,-350,2,1617490.0,2,F1,350,,,,,
2026-02-18,2026-02-18,FO,NSE,STO,66366,,APLAPOLLO,,2026-03-30,2026-03-30,2400.0,CE,APLAPOLLO26MAR2400CE,34.0,34.0,19.3,21.2,19.3,11.4,2243.85,21.2,1750,1750,6,5088930.0,4,F1,350,,,,,
2026-02-18,2026-02-18,FO,NSE,STO,81204,,APLAPOLLO,,2026-04-28,2026-04-28,2000.0,CE,APLAPOLLO26APR2000CE,0.0,0.0,0.0,180.55,0.0,180.55,2243.85,282.0,0,0,0,0.0,0,F1,350,,,,,
2026-02-18,2026-02-18,FO,NSE,STO,72880,,APLAPOLLO,,2026-02-24,2026-02-24,1720.0,PE,APLAPOLLO26FEB1720PE,0.0,0.0,0.0,1.0,1.0,1.0,2243.85,0.05,7350,0,0,0.0,0,F1,350,,,,,
2026-02-18,2026-02-18,FO,NSE,STO,72890,,APLAPOLLO,,2026-02-24,2026-02-24,1880.0,PE,APLAPOLLO26FEB1880PE,1.2,1.2,0.85,0.85,0.85,1.75,2243.85,0.05,11200,4200,16,10533390.0,14,F1,350,,,,,
2026-02-18,2026-02-18,FO,NSE,STO,35709,,APLAPOLLO,,2026-02-24,2026-02-24,2500.0,PE,APLAPOLLO26FEB2500PE,0.0,0.0,0.0,511.2,0.0,511.2,2243.85,253.9,0,0,0,0.0,0,F1,350,,,,,
2026-02-18,2026-02-18,FO,NSE,STO,65915,,APLAPOLLO,,2026-02-24,2026-02-24,2520.0,PE,APLAPOLLO26FEB2520PE,264.05,264.05,264.05,264.05,264.05,298.2,2243.85,273.9,1050,0,3,2923252.5,1,F1,350,,,,,
2026-02-18,2026-02-18,FO,NSE,STO,66222,,APLAPOLLO,,2026-03-30,2026-03-30,1920.0,PE,APLAPOLLO26MAR1920PE,0.0,0.0,0.0,123.5,0.0,123.5,2243.85,2.4,0,0,0,0.0,0,F1,350,,,,,
2026-02-18,2026-02-18,FO,NSE,STO,81058,,APLAPOLLO,,2026-03-30,2026-03-30,2140.0,PE,APLAPOLLO26MAR2140PE,0.0,0.0,0.0,32.3,32.3,32.3,2243.85,32.35,1050,0,0,0.0,0,F1,350,,,,,
2026-02-18,2026-02-18,FO,NSE,STO,81258,,APLAPOLLO,,2026-04-28,2026-04-28,2240.0,PE,APLAPOLLO26APR2240PE,0.0,0.0,0.0,222.0,0.0,222.0,2243.85,90.35,0,0,0,0.0,0,F1,350,,,,,
2026-02-18,2026-02-18,FO,NSE,STO,81272,,APLAPOLLO,,2026-04-28,2026-04-28,2400.0,PE,APLAPOLLO26APR2400PE,0.0,0.0,0.0,342.1,0.0,342.1,2243.85,185.2,0,0,0,0.0,0,F1,350,,,,,
2026-02-18,2026-02-18,FO,NSE,STO,81280,,APLAPOLLO,,2026-04-28,2026-04-28,2560.0,PE,APLAPOLLO26APR2560PE,0.0,0.0,0.0,479.0,0.0,479.0,2243.85,310.8,0,0,0,0.0,0,F1,350,,,,,
2026-02-18,2026-02-18,FO,NSE,STF,59207,,APLAPOLLO,,2026-02-24,2026-02-24,,,APLAPOLLO26FEBFUT,2245.0,2267.9,2235.1,2242.8,2239.9,2228.9,2243.85,2242.8,5145700,-132650,1931,1518998705.0,1660,F1,350,,,,,
2026-02-18,2026-02-18,FO,NSE,STF,51748,,APLAPOLLO,,2026-03-30,2026-03-30,,,APLAPOLLO26MARFUT,2257.8,2281.3,2251.3,2257.2,2253.1,2241.3,2243.85,2257.2,1353100,137200,701,554680000.0,582,F1,350,,,,,
2026-02-18,2026-02-18,FO,NSE,STF,66710,,APLAPOLLO,,2026-04-28,2026-04-28,,,APLAPOLLO26APRFUT,2271.6,2287.0,2266.4,2267.6,2266.5,2256.0,2243.85,2267.6,29050,1050,23,18304650.0,20,F1,350,,,,,
2026-02-18,2026-02-18,FO,NSE,STO,65655,,APLAPOLLO,,2026-02-24,2026-02-24,1860.0,CE,APLAPOLLO26FEB1860CE,0.0,0.0,0.0,114.5,0.0,114.5,2243.85,385.55,0,0,0,0.0,0,F1,350,,,,,
2026-02-18,2026-02-18,FO,NSE,STO,72893,,APLAPOLLO,,2026-02-24,2026-02-24,1960.0,CE,APLAPOLLO26FEB1960CE,0.0,0.0,0.0,272.0,272.0,272.0,2243.85,285.6,18900,0,0,0.0,0,F1,350,,,,,
2026-02-18,2026-02-18,FO,NSE,STO,65870,,APLAPOLLO,,2026-02-24,2026-02-24,2340.0,CE,APLAPOLLO26FEB2340CE,5.4,7.0,2.45,2.85,2.6,3.9,2243.85,2.85,24150,-2800,171,140332150.0,147,F1,350,,,,,
2026-02-18,2026-02-18,FO,NSE,STO,66282,,APLAPOLLO,,2026-03-30,2026-03-30,2120.0,CE,APLAPOLLO26MAR2120CE,0.0,0.0,0.0,48.65,0.0,48.65,2243.85,163.6,0,0,0,0.0,0,F1,350,,,,,
2026-02-18,2026-02-18,FO,NSE,STO,66286,,APLAPOLLO,,2026-03-30,2026-03-30,2200.0,CE,APLAPOLLO26MAR2200CE,110.3,115.4,100.0,103.3,103.3,93.0,2243.85,103.3,29050,0,8,6456730.0,8,F1,350,,,,,
2026-02-18,2026-02-18,FO,NSE,STO,81094,,APLAPOLLO,,2026-03-30,2026-03-30,2380.0,CE,APLAPOLLO26MAR2380CE,0.0,0.0,0.0,24.5,0.0,24.5,2243.85,34.5,0,0,0,0.0,0,F1,350,,,,,
2026-02-18,2026-02-18,FO,NSE,STO,81096,,APLAPOLLO,,2026-03-30,2026-03-30,2420.0,CE,APLAPOLLO26MAR2420CE,0.0,0.0,0.0,25.2,25.2,25.2,2243.85,25.3,700,0,0,0.0,0,F1,350,,,,,
2026-02-18,2026-02-18,FO,NSE,STO,65646,,APLAPOLLO,,2026-02-24,2026-02-24,1780.0,PE,APLAPOLLO26FEB1780PE,0.5,0.5,0.5,0.5,0.5,1.2,2243.85,0.05,8400,0,1,623175.0,1,F1,350,,,,,
2026-02-18,2026-02-18,FO,NSE,STO,65895,,APLAPOLLO,,2026-02-24,2026-02-24,2340.0,PE,APLAPOLLO26FEB2340PE,0.0,0.0,0.0,440.45,0.0,440.45,2243.85,98.45,0,0,0,0.0,0,F1,350,,,,,
2026-02-18,2026-02-18,FO,NSE,STO,71612,,AUROPHARMA,,2026-03-30,2026-03-30,1100.0,CE,AUROPHARMA26MAR1100CE,77.0,88.95,74.15,86.45,86.45,126.1,1159.6,86.45,5500,1650,9,5844602.5,7,F1,550,,,,,
2026-02-18,2026-02-18,FO,NSE,STO,71684,,AUROPHARMA,,2026-03-30,2026-03-30,1320.0,CE,AUROPHARMA26MAR1320CE,7.5,9.2,7.0,8.1,8.6,10.65,1159.6,8.1,30800,13750,82,59900170.0,80,F1,550,,,,,
2026-02-18,2026-02-18,FO,NSE,STO,84600,,AUROPHARMA,,2026-04-28,2026-04-28,1060.0,CE,AUROPHARMA26APR1060CE,0.0,0.0,0.0,120.2,0.0,120.2,1159.6,126.9,0,0,0,0.0,0,F1,550,,,,,
2026-02-18,2026-02-18,FO,NSE,STO,71136,,AUROPHARMA,,2026-02-24,2026-02-24,1010.0,PE,AUROPHARMA26FEB1010PE,2.75,2.9,1.9,2.05,2.1,2.75,1159.6,2.05,67100,0,16,8907057.5,15,F1,550,,,,,
2026-02-18,2026-02-18,FO,NSE,STO,71142,,AUROPHARMA,,2026-02-24,2026-02-24,1050.0,PE,AUROPHARMA26FEB1050PE,1.45,7.95,1.2,3.5,3.25,1.8,1159.6,3.5,150700,95700,2056,1192869177.5,1446,F1,550,,,,,
2026-02-18,2026-02-18,FO,NSE,STO,71144,,AUROPHARMA,,2026-02-24,2026-02-24,1060.0,PE,AUROPHARMA26FEB1060PE,1.6,9.2,1.35,4.1,3.5,2.0,1159.6,4.1,256300,131450,1325,776075602.5,1073,F1,550,,,,,
2026-02-18,2026-02-18,FO,NSE,STO,75814,,AUROPHARMA,,2026-02-24,2026-02-24,1120.0,PE,AUROPHARMA26FEB1120PE,4.75,23.55,3.1,10.45,8.3,5.35,1159.6,10.45,278850,55000,5342,3334201310.0,4457,F1,550,,,,,
2026-02-18,2026-02-18,FO,NSE,STO,71166,,AUROPHARMA,,2026-02-24,2026-02-24,1180.0,PE,AUROPHARMA26FEB1180PE,22.0,58.4,14.6,34.9,27.4,20.8,1159.6,34.9,532400,298100,4681,3117962182.5,2871,F1,550,,,,,
2026-02-18,2026-02-18,FO,NSE,STO,71168,,AUROPHARMA,,2026-02-24,2026-02-24,1190.0,PE,AUROPHARMA26FEB1190PE,24.15,66.65,18.9,42.0,36.1,26.8,1159.6,42.0,78650,-9900,1009,682811635.0,955,F1,550,,,,,
2026-02-18,2026-02-18,FO,NSE,STO,71140,,AUROPHARMA,,2026-02-24,2026-02-24,1030.0,PE,AUROPHARMA26FEB1030PE,1.15,6.0,1.0,2.75,2.45,1.4,1159.6,2.75,32450,9900,155,88050435.0,130,F1,550,,,,,
2026-02-18,2026-02-18,FO,NSE,STO,84715,,AUROPHARMA,,2026-04-28,2026-04-28,1280.0,CE,AUROPHARMA26APR1280CE,0.0,0.0,0.0,27.7,0.0,27.7,1159.6,21.15,0,0,0,0.0,0,F1,550,,,,,
2026-02-18,2026-02-18,FO,NSE,STO,84709,,AUROPHARMA,,2026-04-28,2026-04-28,1220.0,CE,AUROPHARMA26APR1220CE,0.0,0.0,0.0,43.55,0.0,43.55,1159.6,37.9,0,0,0,0.0,0,F1,550,,,,,
2026-02-18,2026-02-18,FO,NSE,STO,84293,,AUROPHARMA,,2026-03-30,2026-03-30,1170.0,CE,AUROPHARMA26MAR1170CE,40.8,50.0,37.0,48.05,50.0,81.45,1159.6,48.05,4950,4400,24,16005770.0,23,F1,550,,,,,
2026-02-18,2026-02-18,FO,NSE,STO,71626,,AUROPHARMA,,2026-03-30,2026-03-30,1140.0,CE,AUROPHARMA26MAR1140CE,56.3,65.0,53.4,60.35,62.9,75.85,1159.6,60.35,20900,12650,151,99614240.0,94,F1,550,,,,,
2026-02-18,2026-02-18,FO,NSE,STO,71143,,AUROPHARMA,,2026-02-24,2026-02-24,1060.0,CE,AUROPHARMA26FEB1060CE,0.0,0.0,0.0,119.95,119.95,119.95,1159.6,100.65,9350,0,0,0.0,0,F1,550,,,,,
2026-02-18,2026-02-18,FO,NSE,STO,71149,,AUROPHARMA,,2026-02-24,2026-02-24,1100.0,CE,AUROPHARMA26FEB1100CE,82.0,93.65,44.0,66.4,76.6,85.9,1159.6,66.4,69850,-123750,739,469027955.0,509,F1,550,,,,,
2026-02-18,2026-02-18,FO,NSE,STO,71228,,AUROPHARMA,,2026-02-24,2026-02-24,1300.0,CE,AUROPHARMA26FEB1300CE,1.2,1.7,0.6,1.35,1.65,1.2,1159.6,1.35,388850,-44550,1026,734191177.5,814,F1,550,,,,,
2026-02-18,2026-02-18,FO,NSE,STO,84283,,AUROPHARMA,,2026-03-30,2026-03-30,1110.0,CE,AUROPHARMA26MAR1110CE,0.0,0.0,0.0,75.3,0.0,75.3,1159.6,76.65,0,0,0,0.0,0,F1,550,,,,,
2026-02-18,2026-02-18,FO,NSE,STO,84603,,AUROPHARMA,,2026-04-28,2026-04-28,1080.0,PE,AUROPHARMA26APR1080PE,0.0,0.0,0.0,41.35,0.0,41.35,1159.6,21.3,0,0,0,0.0,0,F1,550,,,,,
2026-02-18,2026-02-18,FO,NSE,STO,84597,,AUROPHARMA,,2026-04-28,2026-04-28,1020.0,PE,AUROPHARMA26APR1020PE,0.0,0.0,0.0,22.7,0.0,22.7,1159.6,8.95,0,0,0,0.0,0,F1,550,,,,,
2026-02-18,2026-02-18,FO,NSE,STO,71609,,AUROPHARMA,,2026-03-30,2026-03-30,1060.0,PE,AUROPHARMA26MAR1060PE,10.7,22.5,10.55,14.25,14.25,10.1,1159.6,8.55,28050,23100,99,58635775.0,81,F1,550,,,,,
2026-02-18,2026-02-18,FO,NSE,STO,71599,,AUROPHARMA,,2026-03-30,2026-03-30,980.0,PE,AUROPHARMA26MAR980PE,0.0,0.0,0.0,8.1,0.0,8.1,1159.6,1.3,0,0,0,0.0,0,F1,550,,,,,
2026-02-18,2026-02-18,FO,NSE,STO,71241,,AUROPHARMA,,2026-02-24,2026-02-24,1380.0,PE,AUROPHARMA26FEB1380PE,0.0,0.0,0.0,191.6,0.0,191.6,1159.6,219.15,0,0,0,0.0,0,F1,550,,,,,
2026-02-18,2026-02-18,FO,NSE,STO,71231,,AUROPHARMA,,2026-02-24,2026-02-24,1310.0,PE,AUROPHARMA26FEB1310PE,0.0,0.0,0.0,133.7,0.0,133.7,1159.6,149.2,0,0,0,0.0,0,F1,550,,,,,
2026-02-18,2026-02-18,FO,NSE,STO,71220,,AUROPHARMA,,2026-02-24,2026-02-24,1270.0,PE,AUROPHARMA26FEB1270PE,87.3,125.0,81.85,123.25,123.25,121.45,1159.6,109.35,8250,3300,25,18779585.0,25,F1,550,,,,,
2026-02-18,2026-02-18,FO,NSE,STO,84700,,AUROPHARMA,,2026-04-28,2026-04-28,1160.0,PE,AUROPHARMA26APR1160PE,0.0,0.0,0.0,78.5,0.0,78.5,1159.6,51.6,0,0,0,0.0,0,F1,550,,,,,
2026-02-18,2026-02-18,FO,NSE,STO,84601,,AUROPHARMA,,2026-04-28,2026-04-28,1060.0,PE,AUROPHARMA26APR1060PE,0.0,0.0,0.0,34.3,0.0,34.3,1159.6,16.3,0,0,0,0.0,0,F1,550,,,,,
2026-02-18,2026-02-18,FO,NSE,STO,71689,,AUROPHARMA,,2026-03-30,2026-03-30,1360.0,PE,AUROPHARMA26MAR1360PE,0.0,0.0,0.0,179.7,0.0,179.7,1159.6,194.85,0,0,0,0.0,0,F1,550,,,,,
2026-02-18,2026-02-18,FO,NSE,STO,84278,,AUROPHARMA,,2026-03-30,2026-03-30,1050.0,PE,AUROPHARMA26MAR1050PE,10.0,21.05,9.45,13.1,13.05,8.55,1159.6,13.1,74800,25850,435,255129270.0,310,F1,550,,,,,
2026-02-18,2026-02-18,FO,NSE,STO,71607,,AUROPHARMA,,2026-03-30,2026-03-30,1040.0,PE,AUROPHARMA26MAR1040PE,8.7,16.9,8.3,12.0,12.0,20.25,1159.6,12.0,13750,13200,41,23743912.5,36,F1,550,,,,,
2026-02-18,2026-02-18,FO,NSE,STO,75831,,AUROPHARMA,,2026-02-24,2026-02-24,1360.0,PE,AUROPHARMA26FEB1360PE,0.0,0.0,0.0,210.5,210.5,210.5,1159.6,199.15,1650,0,0,0.0,0,F1,550,,,,,
2026-02-18,2026-02-18,FO,NSE,STO,71229,,AUROPHARMA,,2026-02-24,2026-02-24,1300.0,PE,AUROPHARMA26FEB1300PE,0.0,0.0,0.0,126.6,126.6,126.6,1159.6,139.25,37950,0,0,0.0,0,F1,550,,,,,
2026-02-18,2026-02-18,FO,NSE,STO,71172,,AUROPHARMA,,2026-02-24,2026-02-24,1220.0,PE,AUROPHARMA26FEB1220PE,44.9,89.95,37.45,61.4,57.6,46.4,1159.6,61.4,97900,-12100,175,123236630.0,161,F1,550,,,,,
2026-02-18,2026-02-18,FO,NSE,STO,75805,,AUROPHARMA,,2026-02-24,2026-02-24,1000.0,PE,AUROPHARMA26FEB1000PE,1.2,4.8,0.9,1.75,2.0,1.2,1159.6,1.75,253550,-4950,2387,1316346240.0,1486,F1,550,,,,,
2026-02-18,2026-02-18,FO,NSE,STO,75803,,AUROPHARMA,,2026-02-24,2026-02-24,960.0,PE,AUROPHARMA26FEB960PE,0.6,2.85,0.55,1.0,1.0,0.75,1159.6,1.0,37950,5500,247,130613752.5,188,F1,550,,,,,
2026-02-18,2026-02-18,FO,NSE,STO,71120,,AUROPHARMA,,2026-02-24,2026-02-24,940.0,PE,AUROPHARMA26FEB940PE,0.55,2.5,0.55,0.8,0.8,0.7,1159.6,0.05,47850,0,397,205551527.5,301,F1,550,,,,,
2026-02-18,2026-02-18,FO,NSE,STO,84719,,AUROPHARMA,,2026-04-28,2026-04-28,1320.0,CE,AUROPHARMA26APR1320CE,0.0,0.0,0.0,20.05,0.0,20.05,1159.6,13.8,0,0,0,0.0,0,F1,550,,,,,
2026-02-18,2026-02-18,FO,NSE,STF,59214,,AUROPHARMA,,2026-02-24,2026-02-24,,,AUROPHARMA26FEBFUT,1189.9,1193.6,1127.8,1165.7,1170.6,1182.1,1159.6,1165.7,11177100,225500,20768,13171184840.0,15425,F1,550,,,,,
2026-02-18,2026-02-18,FO,NSE,STO,71119,,AUROPHARMA,,2026-02-24,2026-02-24,940.0,CE,AUROPHARMA26FEB940CE,0.0,0.0,0.0,256.45,0.0,256.45,1159.6,220.45,0,0,0,0.0,0,F1,550,,,,,
2026-02-18,2026-02-18,FO,NSE,STO,71133,,AUROPHARMA,,2026-02-24,2026-02-24,990.0,CE,AUROPHARMA26FEB990CE,0.0,0.0,0.0,209.45,0.0,209.45,1159.6,170.5,0,0,0,0.0,0,F1,550,,,,,
2026-02-18,2026-02-18,FO,NSE,STO,71234,,AUROPHARMA,,2026-02-24,2026-02-24,1340.0,CE,AUROPHARMA26FEB1340CE,0.55,0.9,0.45,0.75,0.7,0.85,1159.6,0.75,180400,-3300,60,44242275.0,48,F1,550,,,,,
2026-02-18,2026-02-18,FO,NSE,STO,71236,,AUROPHARMA,,2026-02-24,2026-02-24,1350.0,CE,AUROPHARMA26FEB1350CE,0.7,0.7,0.7,0.7,0.7,0.7,1159.6,0.05,40150,-1100,2,1485770.0,1,F1,550,,,,,
2026-02-18,2026-02-18,FO,NSE,STO,71240,,AUROPHARMA,,2026-02-24,2026-02-24,1380.0,CE,AUROPHARMA26FEB1380CE,0.3,0.55,0.3,0.35,0.35,0.55,1159.6,0.05,19800,-1650,25,18980830.0,13,F1,550,,,,,
2026-02-18,2026-02-18,FO,NSE,STO,84167,,AUROPHARMA,,2026-03-30,2026-03-30,970.0,CE,AUROPHARMA26MAR970CE,0.0,0.0,0.0,176.95,0.0,176.95,1159.6,196.4,0,0,0,0.0,0,F1,550,,,,,
2026-02-18,2026-02-18,FO,NSE,STO,71610,,AUROPHARMA,,2026-03-30,2026-03-30,1080.0,CE,AUROPHARMA26MAR1080CE,0.0,0.0,0.0,149.05,0.0,149.05,1159.6,98.45,0,0,0,0.0,0,F1,550,,,,,
2026-02-18,2026-02-18,FO,NSE,STO,71624,,AUROPHARMA,,2026-03-30,2026-03-30,1120.0,CE,AUROPHARMA26MAR1120CE,0.0,0.0,0.0,72.3,72.3,72.3,1159.6,70.0,0,0,0,0.0,0,F1,550,,,,,
2026-02-18,2026-02-18,FO,NSE,STO,71676,,AUROPHARMA,,2026-03-30,2026-03-30,1240.0,CE,AUROPHARMA26MAR1240CE,20.0,22.8,18.0,20.05,20.6,28.45,1159.6,20.05,21450,13750,73,50599120.0,58,F1,550,,,,,
2026-02-18,2026-02-18,FO,NSE,STO,84314,,AUROPHARMA,,2026-03-30,2026-03-30,1270.0,CE,AUROPHARMA26MAR1270CE,19.9,19.9,12.8,14.25,14.25,20.35,1159.6,11.6,3300,2200,33,23310072.5,30,F1,550,,,,,
2026-02-18,2026-02-18,FO,NSE,STO,71680,,AUROPHARMA,,2026-03-30,2026-03-30,1280.0,CE,AUROPHARMA26MAR1280CE,12.7,13.6,11.55,12.4,12.4,18.05,1159.6,12.4,14850,3300,34,24171840.0,23,F1,550,,,,,
2026-02-18,2026-02-18,FO,NSE,STO,71690,,AUROPHARMA,,2026-03-30,2026-03-30,1380.0,CE,AUROPHARMA26MAR1380CE,0.0,0.0,0.0,22.45,0.0,22.45,1159.6,1.8,0,0,0,0.0,0,F1,550,,,,,
2026-02-18,2026-02-18,FO,NSE,STO,84596,,AUROPHARMA,,2026-04-28,2026-04-28,1020.0,CE,AUROPHARMA26APR1020CE,0.0,0.0,0.0,148.0,0.0,148.0,1159.6,159.1,0,0,0,0.0,0,F1,550,,,,,
2026-02-18,2026-02-18,FO,NSE,STO,84695,,AUROPHARMA,,2026-04-28,2026-04-28,1120.0,CE,AUROPHARMA26APR1120CE,0.0,0.0,0.0,85.0,0.0,85.0,1159.6,85.5,0,0,0,0.0,0,F1,550,,,,,
2026-02-18,2026-02-18,FO,NSE,STO,84711,,AUROPHARMA,,2026-04-28,2026-04-28,1240.0,CE,AUROPHARMA26APR1240CE,0.0,0.0,0.0,37.6,0.0,37.6,1159.6,31.45,0,0,0,0.0,0,F1,550,,,,,
2026-02-18,2026-02-18,FO,NSE,STO,84717,,AUROPHARMA,,2026-04-28,2026-04-28,1300.0,CE,AUROPHARMA26APR1300CE,0.0,0.0,0.0,23.6,0.0,23.6,1159.6,17.15,0,0,0,0.0,0,F1,550,,,,,
2026-02-18,2026-02-18,FO,NSE,STO,84727,,AUROPHARMA,,2026-04-28,2026-04-28,1400.0,CE,AUROPHARMA26APR1400CE,0.0,0.0,0.0,10.05,0.0,10.05,1159.6,5.4,0,0,0,0.0,0,F1,550,,,,,
2026-02-18,2026-02-18,FO,NSE,STO,84728,,AUROPHARMA,,2026-04-28,2026-04-28,1400.0,PE,AUROPHARMA26APR1400PE,0.0,0.0,0.0,258.9,0.0,258.9,1159.6,231.3,0,0,0,0.0,0,F1,550,,,,,
2026-02-18,2026-02-18,FO,NSE,STO,71677,,AUROPHARMA,,2026-03-30,2026-03-30,1240.0,PE,AUROPHARMA26MAR1240PE,0.0,0.0,0.0,95.95,0.0,95.95,1159.6,90.7,0,0,0,0.0,0,F1,550,,,,,
2026-02-18,2026-02-18,FO,NSE,STO,84286,,AUROPHARMA,,2026-03-30,2026-03-30,1130.0,PE,AUROPHARMA26MAR1130PE,47.4,48.15,32.55,33.05,33.05,18.25,1159.6,33.05,13750,9350,36,23144467.5,35,F1,550,,,,,
2026-02-18,2026-02-18,FO,NSE,STO,71613,,AUROPHARMA,,2026-03-30,2026-03-30,1100.0,PE,AUROPHARMA26MAR1100PE,14.3,36.4,14.05,21.7,20.0,16.35,1159.6,21.7,222200,153450,1008,625640730.0,717,F1,550,,,,,
2026-02-18,2026-02-18,FO,NSE,STO,71249,,AUROPHARMA,,2026-02-24,2026-02-24,1420.0,PE,AUROPHARMA26FEB1420PE,0.0,0.0,0.0,278.9,278.9,278.9,1159.6,259.1,1100,0,0,0.0,0,F1,550,,,,,
2026-02-18,2026-02-18,FO,NSE,STO,71233,,AUROPHARMA,,2026-02-24,2026-02-24,1330.0,PE,AUROPHARMA26FEB1330PE,145.9,145.9,145.9,145.9,145.9,183.5,1159.6,169.2,2750,550,1,811745.0,1,F1,550,,,,,
2026-02-18,2026-02-18,FO,NSE,STO,71170,,AUROPHARMA,,2026-02-24,2026-02-24,1210.0,PE,AUROPHARMA26FEB1210PE,40.2,84.65,30.25,54.15,51.1,38.5,1159.6,54.15,68750,-5500,332,230676737.5,315,F1,550,,,,,
2026-02-18,2026-02-18,FO,NSE,STO,71160,,AUROPHARMA,,2026-02-24,2026-02-24,1140.0,PE,AUROPHARMA26FEB1140PE,7.9,32.9,5.05,15.5,12.45,8.8,1159.6,15.5,454850,179850,8366,5342812997.5,6863,F1,550,,,,,
2026-02-18,2026-02-18,FO,NSE,STO,71148,,AUROPHARMA,,2026-02-24,2026-02-24,1090.0,PE,AUROPHARMA26FEB1090PE,2.65,14.1,1.8,6.3,5.05,3.1,1159.6,6.3,216150,174350,2742,1656845960.0,2263,F1,550,,,,,
2026-02-18,2026-02-18,FO,NSE,STO,75812,,AUROPHARMA,,2026-02-24,2026-02-24,1080.0,PE,AUROPHARMA26FEB1080PE,1.95,12.2,1.6,5.15,4.35,2.5,1159.6,5.15,280500,131450,2562,1532016255.0,1828,F1,550,,,,,
2026-02-18,2026-02-18,FO,NSE,STO,84725,,AUROPHARMA,,2026-04-28,2026-04-28,1380.0,CE,AUROPHARMA26APR1380CE,0.0,0.0,0.0,12.0,0.0,12.0,1159.6,6.9,0,0,0,0.0,0,F1,550,,,,,
2026-02-18,2026-02-18,FO,NSE,STO,71686,,AUROPHARMA,,2026-03-30,2026-03-30,1340.0,CE,AUROPHARMA26MAR1340CE,0.0,0.0,0.0,9.95,9.95,9.95,1159.6,3.75,4400,0,0,0.0,0,F1,550,,,,,
2026-02-18,2026-02-18,FO,NSE,STO,84364,,AUROPHARMA,,2026-03-30,2026-03-30,1330.0,CE,AUROPHARMA26MAR1330CE,0.0,0.0,0.0,9.7,0.0,9.7,1159.6,4.45,0,0,0,0.0,0,F1,550,,,,,
2026-02-18,2026-02-18,FO,NSE,STO,71242,,AUROPHARMA,,2026-02-24,2026-02-24,1390.0,CE,AUROPHARMA26FEB1390CE,0.0,0.0,0.0,9.5,0.0,9.5,1159.6,0.05,0,0,0,0.0,0,F1,550,,,,,
2026-02-18,2026-02-18,FO,NSE,STO,71219,,AUROPHARMA,,2026-02-24,2026-02-24,1270.0,CE,AUROPHARMA26FEB1270CE,2.4,3.05,0.85,2.3,2.65,2.4,1159.6,2.3,93500,31350,611,427341777.5,483,F1,550,,,,,
2026-02-18,2026-02-18,FO,NSE,STO,71217,,AUROPHARMA,,2026-02-24,2026-02-24,1260.0,CE,AUROPHARMA26FEB1260CE,3.3,3.8,1.1,2.9,3.5,3.15,1159.6,2.9,141350,-123200,1267,879442712.5,841,F1,550,,,,,
2026-02-18,2026-02-18,FO,NSE,STO,71675,,AUROPHARMA,,2026-03-30,2026-03-30,1220.0,PE,AUROPHARMA26MAR1220PE,82.3,82.3,82.3,82.3,82.3,66.6,1159.6,76.25,1100,0,1,716265.0,1,F1,550,,,,,
2026-02-18,2026-02-18,FO,NSE,STO,75822,,AUROPHARMA,,2026-02-24,2026-02-24,1240.0,CE,AUROPHARMA26FEB1240CE,5.2,5.95,1.65,4.5,5.25,5.25,1159.6,4.5,334950,-103950,1857,1269590740.0,1150,F1,550,,,,,
2026-02-18,2026-02-18,FO,NSE,STO,84605,,AUROPHARMA,,2026-04-28,2026-04-28,1100.0,PE,AUROPHARMA26APR1100PE,0.0,0.0,0.0,49.35,0.0,49.35,1159.6,27.3,0,0,0,0.0,0,F1,550,,,,,
2026-02-18,2026-02-18,FO,NSE,STO,84595,,AUROPHARMA,,2026-04-28,2026-04-28,1000.0,PE,AUROPHARMA26APR1000PE,0.0,0.0,0.0,18.05,0.0,18.05,1159.6,6.4,0,0,0,0.0,0,F1,550,,,,,
2026-02-18,2026-02-18,FO,NSE,STO,71681,,AUROPHARMA,,2026-03-30,2026-03-30,1280.0,PE,AUROPHARMA26MAR1280PE,0.0,0.0,0.0,101.5,101.5,101.5,1159.6,122.7,52250,0,0,0.0,0,F1,550,,,,,
2026-02-18,2026-02-18,FO,NSE,STO,84315,,AUROPHARMA,,2026-03-30,2026-03-30,1270.0,PE,AUROPHARMA26MAR1270PE,0.0,0.0,0.0,145.45,0.0,145.45,1159.6,114.35,0,0,0,0.0,0,F1,550,,,,,
2026-02-18,2026-02-18,FO,NSE,STO,71243,,AUROPHARMA,,2026-02-24,2026-02-24,1390.0,PE,AUROPHARMA26FEB1390PE,234.2,234.2,234.2,234.2,234.2,200.35,1159.6,229.15,1650,1650,3,2679930.0,2,F1,550,,,,,
2026-02-18,2026-02-18,FO,NSE,STO,84602,,AUROPHARMA,,2026-04-28,2026-04-28,1080.0,CE,AUROPHARMA26APR1080CE,0.0,0.0,0.0,107.6,0.0,107.6,1159.6,112.1,0,0,0,0.0,0,F1,550,,,,,
2026-02-18,2026-02-18,FO,NSE,STO,84330,,AUROPHARMA,,2026-03-30,2026-03-30,1310.0,CE,AUROPHARMA26MAR1310CE,9.45,9.45,8.0,9.0,9.2,12.55,1159.6,9.0,19800,18150,40,29017835.0,23,F1,550,,,,,
2026-02-18,2026-02-18,FO,NSE,STO,71678,,AUROPHARMA,,2026-03-30,2026-03-30,1260.0,CE,AUROPHARMA26MAR1260CE,24.5,24.5,13.5,16.6,18.7,22.65,1159.6,16.6,25850,15400,94,66080795.0,75,F1,550,,,,,
2026-02-18,2026-02-18,FO,NSE,STO,71668,,AUROPHARMA,,2026-03-30,2026-03-30,1160.0,CE,AUROPHARMA26MAR1160CE,59.8,59.8,40.75,51.95,57.9,62.3,1159.6,51.95,67650,31900,207,137572765.0,151,F1,550,,,,,
2026-02-18,2026-02-18,FO,NSE,STO,71600,,AUROPHARMA,,2026-03-30,2026-03-30,1000.0,CE,AUROPHARMA26MAR1000CE,0.0,0.0,0.0,211.75,0.0,211.75,1159.6,167.85,0,0,0,0.0,0,F1,550,,,,,
2026-02-18,2026-02-18,FO,NSE,STO,71598,,AUROPHARMA,,2026-03-30,2026-03-30,980.0,CE,AUROPHARMA26MAR980CE,0.0,0.0,0.0,228.95,0.0,228.95,1159.6,186.8,0,0,0,0.0,0,F1,550,,,,,
2026-02-18,2026-02-18,FO,NSE,STO,75832,,AUROPHARMA,,2026-02-24,2026-02-24,1400.0,CE,AUROPHARMA26FEB1400CE,0.4,0.5,0.35,0.4,0.4,0.5,1159.6,0.05,73700,-1100,14,10783355.0,11,F1,550,,,,,
2026-02-18,2026-02-18,FO,NSE,STO,84385,,AUROPHARMA,,2026-03-30,2026-03-30,1390.0,PE,AUROPHARMA26MAR1390PE,0.0,0.0,0.0,250.6,0.0,250.6,1159.6,223.55,0,0,0,0.0,0,F1,550,,,,,
2026-02-18,2026-02-18,FO,NSE,STO,71625,,AUROPHARMA,,2026-03-30,2026-03-30,1120.0,PE,AUROPHARMA26MAR1120PE,22.0,42.35,22.0,29.1,25.0,19.5,1159.6,29.1,25850,3850,86,54432207.5,72,F1,550,,,,,
2026-02-18,2026-02-18,FO,NSE,STO,71605,,AUROPHARMA,,2026-03-30,2026-03-30,1020.0,PE,AUROPHARMA26MAR1020PE,14.0,14.0,7.8,8.35,8.35,8.3,1159.6,3.6,10450,7150,25,14151940.0,24,F1,550,,,,,
2026-02-18,2026-02-18,FO,NSE,STO,71603,,AUROPHARMA,,2026-03-30,2026-03-30,1000.0,PE,AUROPHARMA26MAR1000PE,3.95,13.0,3.4,7.25,6.1,4.75,1159.6,7.25,91300,36850,1098,609750900.0,768,F1,550,,,,,
2026-02-18,2026-02-18,FO,NSE,STO,84168,,AUROPHARMA,,2026-03-30,2026-03-30,970.0,PE,AUROPHARMA26MAR970PE,7.1,7.1,6.65,6.65,6.65,3.0,1159.6,1.0,2750,2200,5,2686337.5,5,F1,550,,,,,
2026-02-18,2026-02-18,FO,NSE,STO,75830,,AUROPHARMA,,2026-02-24,2026-02-24,1360.0,CE,AUROPHARMA26FEB1360CE,0.6,0.7,0.35,0.55,0.55,0.65,1159.6,0.55,91300,-2750,21,15714572.5,17,F1,550,,,,,
2026-02-18,2026-02-18,FO,NSE,STO,71134,,AUROPHARMA,,2026-02-24,2026-02-24,990.0,PE,AUROPHARMA26FEB990PE,0.0,0.0,0.0,4.0,0.0,4.0,1159.6,0.05,0,0,0,0.0,0,F1,550,,,,,
2026-02-18,2026-02-18,FO,NSE,STO,71132,,AUROPHARMA,,2026-02-24,2026-02-24,980.0,PE,AUROPHARMA26FEB980PE,0.7,3.75,0.7,1.25,1.2,1.1,1159.6,1.25,69300,-4400,108,58312842.5,86,F1,550,,,,,
2026-02-18,2026-02-18,FO,NSE,STO,71171,,AUROPHARMA,,2026-02-24,2026-02-24,1220.0,CE,AUROPHARMA26FEB1220CE,9.0,10.5,2.65,5.95,7.45,9.15,1159.6,5.95,860750,-25300,3181,2143783565.0,2449,F1,550,,,,,
2026-02-18,2026-02-18,FO,NSE,STF,66716,,AUROPHARMA,,2026-04-28,2026-04-28,,,AUROPHARMA26APRFUT,1204.0,1204.0,1145.0,1171.0,1179.8,1191.8,1159.6,1171.0,33550,8250,50,32138425.0,47,F1,550,,,,,
2026-02-18,2026-02-18,FO,NSE,STO,71130,,AUROPHARMA,,2026-02-24,2026-02-24,970.0,PE,AUROPHARMA26FEB970PE,1.0,1.75,1.0,1.05,1.05,2.75,1159.6,0.05,550,550,3,1602590.0,3,F1,550,,,,,
2026-02-18,2026-02-18,FO,NSE,STO,84703,,AUROPHARMA,,2026-04-28,2026-04-28,1200.0,CE,AUROPHARMA26APR1200CE,0.0,0.0,0.0,50.2,0.0,50.2,1159.6,45.3,0,0,0,0.0,0,F1,550,,,,,
2026-02-18,2026-02-18,FO,NSE,STO,75825,,AUROPHARMA,,2026-02-24,2026-02-24,1280.0,PE,AUROPHARMA26FEB1280PE,116.85,116.85,116.85,116.85,116.85,103.7,1159.6,116.85,32450,-550,1,768267.5,1,F1,550,,,,,
2026-02-18,2026-02-18,FO,NSE,STO,71164,,AUROPHARMA,,2026-02-24,2026-02-24,1170.0,PE,AUROPHARMA26FEB1170PE,15.95,52.05,11.45,27.55,23.75,17.4,1159.6,27.55,1176450,282700,3910,2586199275.0,2910,F1,550,,,,,
2026-02-18,2026-02-18,FO,NSE,STO,71162,,AUROPHARMA,,2026-02-24,2026-02-24,1150.0,PE,AUROPHARMA26FEB1150PE,9.95,38.4,6.45,19.5,15.25,10.55,1159.6,19.5,663850,74800,9622,6208951182.5,7377,F1,550,,,,,
2026-02-18,2026-02-18,FO,NSE,STO,71150,,AUROPHARMA,,2026-02-24,2026-02-24,1100.0,PE,AUROPHARMA26FEB1100PE,3.5,16.95,2.25,7.5,6.1,3.75,1159.6,7.5,1030150,45100,11598,7082211482.5,7858,F1,550,,,,,
2026-02-18,2026-02-18,FO,NSE,STO,71138,,AUROPHARMA,,2026-02-24,2026-02-24,1020.0,PE,AUROPHARMA26FEB1020PE,1.0,5.7,0.95,2.25,2.1,1.15,1159.6,2.25,137500,-3300,598,336432360.0,509,F1,550,,,,,
2026-02-18,2026-02-18,FO,NSE,STO,84713,,AUROPHARMA,,2026-04-28,2026-04-28,1260.0,CE,AUROPHARMA26APR1260CE,0.0,0.0,0.0,32.35,0.0,32.35,1159.6,25.9,0,0,0,0.0,0,F1,550,,,,,
2026-02-18,2026-02-18,FO,NSE,STO,84697,,AUROPHARMA,,2026-04-28,2026-04-28,1140.0,CE,AUROPHARMA26APR1140CE,0.0,0.0,0.0,75.05,0.0,75.05,1159.6,73.8,0,0,0,0.0,0,F1,550,,,,,
2026-02-18,2026-02-18,FO,NSE,STO,84604,,AUROPHARMA,,2026-04-28,2026-04-28,1100.0,CE,AUROPHARMA26APR1100CE,0.0,0.0,0.0,95.85,0.0,95.85,1159.6,98.3,0,0,0,0.0,0,F1,550,,,,,
2026-02-18,2026-02-18,FO,NSE,STO,84382,,AUROPHARMA,,2026-03-30,2026-03-30,1370.0,CE,AUROPHARMA26MAR1370CE,5.2,5.2,4.15,4.75,4.75,5.95,1159.6,2.2,23650,1650,6,4537087.5,5,F1,550,,,,,
2026-02-18,2026-02-18,FO,NSE,STO,84287,,AUROPHARMA,,2026-03-30,2026-03-30,1150.0,CE,AUROPHARMA26MAR1150CE,65.6,65.6,44.75,57.1,63.0,52.3,1159.6,57.1,12100,10450,62,41022630.0,57,F1,550,,,,,
2026-02-18,2026-02-18,FO,NSE,STO,84275,,AUROPHARMA,,2026-03-30,2026-03-30,1030.0,CE,AUROPHARMA26MAR1030CE,0.0,0.0,0.0,127.95,0.0,127.95,1159.6,140.35,0,0,0,0.0,0,F1,550,,,,,
2026-02-18,2026-02-18,FO,NSE,STO,71594,,AUROPHARMA,,2026-03-30,2026-03-30,940.0,CE,AUROPHARMA26MAR940CE,0.0,0.0,0.0,264.7,0.0,264.7,1159.6,225.65,0,0,0,0.0,0,F1,550,,,,,
2026-02-18,2026-02-18,FO,NSE,STO,71230,,AUROPHARMA,,2026-02-24,2026-02-24,1310.0,CE,AUROPHARMA26FEB1310CE,1.15,1.2,0.6,1.1,1.15,1.15,1159.6,1.1,81400,-1650,82,59124835.0,64,F1,550,,,,,
2026-02-18,2026-02-18,FO,NSE,STO,75829,,AUROPHARMA,,2026-02-24,2026-02-24,1320.0,PE,AUROPHARMA26FEB1320PE,0.0,0.0,0.0,132.45,132.45,132.45,1159.6,159.2,2200,0,0,0.0,0,F1,550,,,,,
2026-02-18,2026-02-18,FO,NSE,STO,71237,,AUROPHARMA,,2026-02-24,2026-02-24,1350.0,PE,AUROPHARMA26FEB1350PE,0.0,0.0,0.0,158.1,158.1,158.1,1159.6,189.2,1100,0,0,0.0,0,F1,550,,,,,
2026-02-18,2026-02-18,FO,NSE,STO,71595,,AUROPHARMA,,2026-03-30,2026-03-30,940.0,PE,AUROPHARMA26MAR940PE,4.5,5.55,3.55,3.8,3.95,4.5,1159.6,3.8,13750,13750,25,12981952.5,24,F1,550,,,,,
2026-02-18,2026-02-18,FO,NSE,STO,71671,,AUROPHARMA,,2026-03-30,2026-03-30,1180.0,PE,AUROPHARMA26MAR1180PE,40.15,72.8,40.15,57.5,57.5,40.7,1159.6,57.5,32450,6600,41,27816277.5,36,F1,550,,,,,
2026-02-18,2026-02-18,FO,NSE,STO,84365,,AUROPHARMA,,2026-03-30,2026-03-30,1330.0,PE,AUROPHARMA26MAR1330PE,0.0,0.0,0.0,196.1,0.0,196.1,1159.6,166.85,0,0,0,0.0,0,F1,550,,,,,
2026-02-18,2026-02-18,FO,NSE,STO,84383,,AUROPHARMA,,2026-03-30,2026-03-30,1370.0,PE,AUROPHARMA26MAR1370PE,0.0,0.0,0.0,232.1,0.0,232.1,1159.6,204.35,0,0,0,0.0,0,F1,550,,,,,
2026-02-18,2026-02-18,FO,NSE,STO,71691,,AUROPHARMA,,2026-03-30,2026-03-30,1380.0,PE,AUROPHARMA26MAR1380PE,0.0,0.0,0.0,195.7,0.0,195.7,1159.6,213.95,0,0,0,0.0,0,F1,550,,,,,
2026-02-18,2026-02-18,FO,NSE,STO,84718,,AUROPHARMA,,2026-04-28,2026-04-28,1300.0,PE,AUROPHARMA26APR1300PE,0.0,0.0,0.0,174.0,0.0,174.0,1159.6,144.1,0,0,0,0.0,0,F1,550,,,,,
2026-02-18,2026-02-18,FO,NSE,STO,71203,,AUROPHARMA,,2026-02-24,2026-02-24,1250.0,CE,AUROPHARMA26FEB1250CE,4.1,4.6,1.35,3.45,4.5,4.1,1159.6,3.45,976250,62700,3195,2201233320.0,2080,F1,550,,,,,
2026-02-18,2026-02-18,FO,NSE,STO,75823,,AUROPHARMA,,2026-02-24,2026-02-24,1240.0,PE,AUROPHARMA26FEB1240PE,61.0,109.65,53.3,79.2,73.9,60.85,1159.6,79.2,67100,-2750,72,52438072.5,71,F1,550,,,,,
2026-02-18,2026-02-18,FO,NSE,STO,75819,,AUROPHARMA,,2026-02-24,2026-02-24,1200.0,CE,AUROPHARMA26FEB1200CE,15.25,17.15,4.0,8.95,11.3,15.1,1159.6,8.95,1334850,343200,10494,6972408135.0,7694,F1,550,,,,,
2026-02-18,2026-02-18,FO,NSE,STO,71199,,AUROPHARMA,,2026-02-24,2026-02-24,1230.0,CE,AUROPHARMA26FEB1230CE,6.75,7.8,2.05,5.05,6.15,6.75,1159.6,5.05,226050,23650,1814,1231175440.0,1308,F1,550,,,,,
2026-02-18,2026-02-18,FO,NSE,STO,71604,,AUROPHARMA,,2026-03-30,2026-03-30,1020.0,CE,AUROPHARMA26MAR1020CE,0.0,0.0,0.0,195.1,0.0,195.1,1159.6,149.35,0,0,0,0.0,0,F1,550,,,,,
2026-02-18,2026-02-18,FO,NSE,STO,71674,,AUROPHARMA,,2026-03-30,2026-03-30,1220.0,CE,AUROPHARMA26MAR1220CE,32.0,32.0,22.0,25.4,25.45,29.5,1159.6,25.4,33000,26400,131,89745810.0,108,F1,550,,,,,
2026-02-18,2026-02-18,FO,NSE,STO,84309,,AUROPHARMA,,2026-03-30,2026-03-30,1230.0,CE,AUROPHARMA26MAR1230CE,20.5,23.9,19.85,22.7,23.15,27.35,1159.6,22.7,3850,3850,17,11704220.0,17,F1,550,,,,,
2026-02-18,2026-02-18,FO,NSE,STO,84320,,AUROPHARMA,,2026-03-30,2026-03-30,1290.0,CE,AUROPHARMA26MAR1290CE,15.5,15.5,9.35,11.3,12.3,15.7,1159.6,11.3,40700,20900,78,55823102.5,68,F1,550,,,,,
2026-02-18,2026-02-18,FO,NSE,STO,84598,,AUROPHARMA,,2026-04-28,2026-04-28,1040.0,CE,AUROPHARMA26APR1040CE,0.0,0.0,0.0,133.7,0.0,133.7,1159.6,142.6,0,0,0,0.0,0,F1,550,,,,,
2026-02-18,2026-02-18,FO,NSE,STO,71204,,AUROPHARMA,,2026-02-24,2026-02-24,1250.0,PE,AUROPHARMA26FEB1250PE,69.7,108.4,63.05,108.05,108.05,87.05,1159.6,89.6,23100,0,30,21984242.5,29,F1,550,,,,,
2026-02-18,2026-02-18,FO,NSE,STO,71218,,AUROPHARMA,,2026-02-24,2026-02-24,1260.0,PE,AUROPHARMA26FEB1260PE,78.85,118.7,72.5,98.6,97.75,79.6,1159.6,98.6,19800,2200,60,44765655.0,49,F1,550,,,,,
2026-02-18,2026-02-18,FO,NSE,STO,84276,,AUROPHARMA,,2026-03-30,2026-03-30,1030.0,PE,AUROPHARMA26MAR1030PE,12.1,12.1,12.1,12.1,12.1,19.7,1159.6,4.55,3850,0,1,573155.0,1,F1,550,,,,,
2026-02-18,2026-02-18,FO,NSE,STO,71673,,AUROPHARMA,,2026-03-30,2026-03-30,1200.0,PE,AUROPHARMA26MAR1200PE,50.25,88.6,48.6,67.85,66.0,51.85,1159.6,67.85,56650,0,117,81766465.0,89,F1,550,,,,,
2026-02-18,2026-02-18,FO,NSE,STO,84593,,AUROPHARMA,,2026-04-28,2026-04-28,980.0,PE,AUROPHARMA26APR980PE,0.0,0.0,0.0,14.1,0.0,14.1,1159.6,4.45,0,0,0,0.0,0,F1,550,,,,,
2026-02-18,2026-02-18,FO,NSE,STO,71165,,AUROPHARMA,,2026-02-24,2026-02-24,1180.0,CE,AUROPHARMA26FEB1180CE,23.8,27.5,6.9,14.6,18.45,23.75,1159.6,14.6,438900,150700,9050,5935777237.5,7255,F1,550,,,,,
2026-02-18,2026-02-18,FO,NSE,STO,71153,,AUROPHARMA,,2026-02-24,2026-02-24,1130.0,CE,AUROPHARMA26FEB1130CE,48.7,51.3,25.85,40.95,49.75,59.4,1159.6,40.95,54450,-26400,1340,857513085.0,1279,F1,550,,,,,
2026-02-18,2026-02-18,FO,NSE,STO,71135,,AUROPHARMA,,2026-02-24,2026-02-24,1010.0,CE,AUROPHARMA26FEB1010CE,0.0,0.0,0.0,191.35,0.0,191.35,1159.6,150.5,0,0,0,0.0,0,F1,550,,,,,
2026-02-18,2026-02-18,FO,NSE,STO,84295,,AUROPHARMA,,2026-03-30,2026-03-30,1190.0,CE,AUROPHARMA26MAR1190CE,47.95,50.3,30.0,36.1,41.8,47.95,1159.6,36.1,14300,1650,59,39809715.0,49,F1,550,,,,,
2026-02-18,2026-02-18,FO,NSE,STO,71688,,AUROPHARMA,,2026-03-30,2026-03-30,1360.0,CE,AUROPHARMA26MAR1360CE,0.0,0.0,0.0,26.15,0.0,26.15,1159.6,2.65,0,0,0,0.0,0,F1,550,,,,,
2026-02-18,2026-02-18,FO,NSE,STO,84380,,AUROPHARMA,,2026-03-30,2026-03-30,1350.0,CE,AUROPHARMA26MAR1350CE,6.05,6.4,5.0,5.85,6.0,8.45,1159.6,5.85,12650,7150,49,36537462.5,48,F1,550,,,,,
2026-02-18,2026-02-18,FO,NSE,STO,84312,,AUROPHARMA,,2026-03-30,2026-03-30,1250.0,CE,AUROPHARMA26MAR1250CE,21.0,21.95,15.0,19.4,20.5,25.65,1159.6,19.4,30250,22000,202,140902190.0,158,F1,550,,,,,
2026-02-18,2026-02-18,FO,NSE,STO,71692,,AUROPHARMA,,2026-03-30,2026-03-30,1400.0,CE,AUROPHARMA26MAR1400CE,5.25,5.25,2.05,3.5,3.5,3.75,1159.6,3.5,40700,23650,70,54035877.5,52,F1,550,,,,,
2026-02-18,2026-02-18,FO,NSE,STO,84590,,AUROPHARMA,,2026-04-28,2026-04-28,960.0,CE,AUROPHARMA26APR960CE,0.0,0.0,0.0,195.25,0.0,195.25,1159.6,212.55,0,0,0,0.0,0,F1,550,,,,,
2026-02-18,2026-02-18,FO,NSE,STO,75810,,AUROPHARMA,,2026-02-24,2026-02-24,1040.0,PE,AUROPHARMA26FEB1040PE,1.25,7.0,1.1,3.15,2.65,1.5,1159.6,3.15,190300,107800,1213,696674440.0,914,F1,550,,,,,
2026-02-18,2026-02-18,FO,NSE,STO,84313,,AUROPHARMA,,2026-03-30,2026-03-30,1250.0,PE,AUROPHARMA26MAR1250PE,0.0,0.0,0.0,129.8,0.0,129.8,1159.6,98.35,0,0,0,0.0,0,F1,550,,,,,
2026-02-18,2026-02-18,FO,NSE,STO,84708,,AUROPHARMA,,2026-04-28,2026-04-28,1200.0,PE,AUROPHARMA26APR1200PE,0.0,0.0,0.0,102.15,0.0,102.15,1159.6,73.3,0,0,0,0.0,0,F1,550,,,,,
2026-02-18,2026-02-18,FO,NSE,STO,84712,,AUROPHARMA,,2026-04-28,2026-04-28,1240.0,PE,AUROPHARMA26APR1240PE,0.0,0.0,0.0,128.9,0.0,128.9,1159.6,99.0,0,0,0,0.0,0,F1,550,,,,,
2026-02-18,2026-02-18,FO,NSE,STO,71670,,AUROPHARMA,,2026-03-30,2026-03-30,1180.0,CE,AUROPHARMA26MAR1180CE,56.85,56.85,33.3,41.1,46.0,51.7,1159.6,41.1,91850,82500,293,196714980.0,209,F1,550,,,,,
2026-02-18,2026-02-18,FO,NSE,STO,84279,,AUROPHARMA,,2026-03-30,2026-03-30,1070.0,CE,AUROPHARMA26MAR1070CE,0.0,0.0,0.0,99.55,0.0,99.55,1159.6,106.35,0,0,0,0.0,0,F1,550,,,,,
2026-02-18,2026-02-18,FO,NSE,STO,84277,,AUROPHARMA,,2026-03-30,2026-03-30,1050.0,CE,AUROPHARMA26MAR1050CE,0.0,0.0,0.0,113.3,0.0,113.3,1159.6,122.9,0,0,0,0.0,0,F1,550,,,,,
2026-02-18,2026-02-18,FO,NSE,STO,71596,,AUROPHARMA,,2026-03-30,2026-03-30,960.0,CE,AUROPHARMA26MAR960CE,0.0,0.0,0.0,246.6,0.0,246.6,1159.6,206.1,0,0,0,0.0,0,F1,550,,,,,
2026-02-18,2026-02-18,FO,NSE,STO,71238,,AUROPHARMA,,2026-02-24,2026-02-24,1370.0,CE,AUROPHARMA26FEB1370CE,0.0,0.0,0.0,11.85,0.0,11.85,1159.6,0.05,0,0,0,0.0,0,F1,550,,,,,
2026-02-18,2026-02-18,FO,NSE,STO,71224,,AUROPHARMA,,2026-02-24,2026-02-24,1290.0,CE,AUROPHARMA26FEB1290CE,1.35,1.95,0.65,1.5,1.95,1.5,1159.6,1.5,116600,-3850,256,181794140.0,195,F1,550,,,,,
2026-02-18,2026-02-18,FO,NSE,STO,71169,,AUROPHARMA,,2026-02-24,2026-02-24,1210.0,CE,AUROPHARMA26FEB1210CE,10.35,13.3,3.25,7.15,9.15,11.85,1159.6,7.15,381150,91300,4406,2947810937.5,3715,F1,550,,,,,
2026-02-18,2026-02-18,FO,NSE,STO,71167,,AUROPHARMA,,2026-02-24,2026-02-24,1190.0,CE,AUROPHARMA26FEB1190CE,18.8,22.0,5.35,11.55,14.5,18.8,1159.6,11.55,237600,77000,4986,3291123192.5,4260,F1,550,,,,,
2026-02-18,2026-02-18,FO,NSE,STO,71163,,AUROPHARMA,,2026-02-24,2026-02-24,1170.0,CE,AUROPHARMA26FEB1170CE,30.35,34.25,9.45,18.15,23.05,27.9,1159.6,18.15,472450,222750,6027,3931468722.5,5033,F1,550,,,,,
2026-02-18,2026-02-18,FO,NSE,STO,75813,,AUROPHARMA,,2026-02-24,2026-02-24,1120.0,CE,AUROPHARMA26FEB1120CE,69.45,74.2,31.3,54.55,60.15,69.5,1159.6,54.55,62150,-17050,919,586213787.5,878,F1,550,,,,,
2026-02-18,2026-02-18,FO,NSE,STO,75809,,AUROPHARMA,,2026-02-24,2026-02-24,1040.0,CE,AUROPHARMA26FEB1040CE,0.0,0.0,0.0,112.55,112.55,112.55,1159.6,120.55,2200,0,0,0.0,0,F1,550,,,,,
2026-02-18,2026-02-18,FO,NSE,STO,84321,,AUROPHARMA,,2026-03-30,2026-03-30,1290.0,PE,AUROPHARMA26MAR1290PE,0.0,0.0,0.0,161.8,0.0,161.8,1159.6,131.2,0,0,0,0.0,0,F1,550,,,,,
2026-02-18,2026-02-18,FO,NSE,STO,84331,,AUROPHARMA,,2026-03-30,2026-03-30,1310.0,PE,AUROPHARMA26MAR1310PE,0.0,0.0,0.0,178.7,0.0,178.7,1159.6,148.75,0,0,0,0.0,0,F1,550,,,,,
2026-02-18,2026-02-18,FO,NSE,STO,71685,,AUROPHARMA,,2026-03-30,2026-03-30,1320.0,PE,AUROPHARMA26MAR1320PE,0.0,0.0,0.0,149.25,0.0,149.25,1159.6,157.75,0,0,0,0.0,0,F1,550,,,,,
2026-02-18,2026-02-18,FO,NSE,STO,84720,,AUROPHARMA,,2026-04-28,2026-04-28,1320.0,PE,AUROPHARMA26APR1320PE,0.0,0.0,0.0,190.15,0.0,190.15,1159.6,160.55,0,0,0,0.0,0,F1,550,,,,,
2026-02-18,2026-02-18,FO,NSE,STO,71145,,AUROPHARMA,,2026-02-24,2026-02-24,1070.0,CE,AUROPHARMA26FEB1070CE,0.0,0.0,0.0,67.5,67.5,67.5,1159.6,90.75,550,0,0,0.0,0,F1,550,,,,,
2026-02-18,2026-02-18,FO,NSE,STO,71147,,AUROPHARMA,,2026-02-24,2026-02-24,1090.0,CE,AUROPHARMA26FEB1090CE,0.0,0.0,0.0,73.55,73.55,73.55,1159.6,71.3,0,0,0,0.0,0,F1,550,,,,,
2026-02-18,2026-02-18,FO,NSE,STO,71151,,AUROPHARMA,,2026-02-24,2026-02-24,1110.0,CE,AUROPHARMA26FEB1110CE,78.45,82.8,37.65,60.95,67.9,76.5,1159.6,60.95,74250,34650,537,342771632.5,402,F1,550,,,,,
2026-02-18,2026-02-18,FO,NSE,STO,84274,,AUROPHARMA,,2026-03-30,2026-03-30,1010.0,PE,AUROPHARMA26MAR1010PE,0.0,0.0,0.0,13.2,0.0,13.2,1159.6,2.85,0,0,0,0.0,0,F1,550,,,,,
2026-02-18,2026-02-18,FO,NSE,STO,71687,,AUROPHARMA,,2026-03-30,2026-03-30,1340.0,PE,AUROPHARMA26MAR1340PE,0.0,0.0,0.0,164.25,0.0,164.25,1159.6,176.1,0,0,0,0.0,0,F1,550,,,,,
2026-02-18,2026-02-18,FO,NSE,STO,71683,,AUROPHARMA,,2026-03-30,2026-03-30,1300.0,PE,AUROPHARMA26MAR1300PE,0.0,0.0,0.0,134.9,0.0,134.9,1159.6,139.9,0,0,0,0.0,0,F1,550,,,,,
2026-02-18,2026-02-18,FO,NSE,STO,84599,,AUROPHARMA,,2026-04-28,2026-04-28,1040.0,PE,AUROPHARMA26APR1040PE,0.0,0.0,0.0,28.1,0.0,28.1,1159.6,12.25,0,0,0,0.0,0,F1,550,,,,,
2026-02-18,2026-02-18,FO,NSE,STO,84308,,AUROPHARMA,,2026-03-30,2026-03-30,1210.0,PE,AUROPHARMA26MAR1210PE,0.0,0.0,0.0,100.6,0.0,100.6,1159.6,69.45,0,0,0,0.0,0,F1,550,,,,,
2026-02-18,2026-02-18,FO,NSE,STO,84306,,AUROPHARMA,,2026-03-30,2026-03-30,1190.0,PE,AUROPHARMA26MAR1190PE,67.95,67.95,62.95,62.95,62.95,42.75,1159.6,56.85,1650,-550,2,1380995.0,2,F1,550,,,,,
2026-02-18,2026-02-18,FO,NSE,STO,71200,,AUROPHARMA,,2026-02-24,2026-02-24,1230.0,PE,AUROPHARMA26FEB1230PE,52.95,93.25,45.2,71.2,70.55,85.05,1159.6,71.2,25850,-10450,119,84855925.0,117,F1,550,,,,,
2026-02-18,2026-02-18,FO,NSE,STO,75818,,AUROPHARMA,,2026-02-24,2026-02-24,1160.0,PE,AUROPHARMA26FEB1160PE,15.0,44.55,8.55,23.2,18.75,13.2,1159.6,23.2,412500,133100,4814,3140109692.5,4113,F1,550,,,,,
2026-02-18,2026-02-18,FO,NSE,STO,71152,,AUROPHARMA,,2026-02-24,2026-02-24,1110.0,PE,AUROPHARMA26FEB1110PE,3.85,19.45,2.6,8.5,7.05,4.45,1159.6,8.5,131450,17050,3005,1853709027.5,2555,F1,550,,,,,
2026-02-18,2026-02-18,FO,NSE,STO,84699,,AUROPHARMA,,2026-04-28,2026-04-28,1160.0,CE,AUROPHARMA26APR1160CE,0.0,0.0,0.0,65.95,0.0,65.95,1159.6,63.2,0,0,0,0.0,0,F1,550,,,,,
2026-02-18,2026-02-18,FO,NSE,STO,75824,,AUROPHARMA,,2026-02-24,2026-02-24,1280.0,CE,AUROPHARMA26FEB1280CE,1.85,2.3,0.75,1.75,2.3,1.85,1159.6,1.75,236500,15950,683,481361595.0,524,F1,550,,,,,
2026-02-18,2026-02-18,FO,NSE,STO,71155,,AUROPHARMA,,2026-02-24,2026-02-24,1140.0,CE,AUROPHARMA26FEB1140CE,40.95,44.65,20.0,34.1,44.0,51.05,1159.6,34.1,187000,59950,4198,2696331027.5,3679,F1,550,,,,,
2026-02-18,2026-02-18,FO,NSE,STO,71139,,AUROPHARMA,,2026-02-24,2026-02-24,1030.0,CE,AUROPHARMA26FEB1030CE,0.0,0.0,0.0,173.85,0.0,173.85,1159.6,130.55,0,0,0,0.0,0,F1,550,,,,,
2026-02-18,2026-02-18,FO,NSE,STO,75804,,AUROPHARMA,,2026-02-24,2026-02-24,1000.0,CE,AUROPHARMA26FEB1000CE,0.0,0.0,0.0,152.0,152.0,152.0,1159.6,160.5,550,0,0,0.0,0,F1,550,,,,,
2026-02-18,2026-02-18,FO,NSE,STO,84722,,AUROPHARMA,,2026-04-28,2026-04-28,1340.0,PE,AUROPHARMA26APR1340PE,0.0,0.0,0.0,206.75,0.0,206.75,1159.6,177.55,0,0,0,0.0,0,F1,550,,,,,
2026-02-18,2026-02-18,FO,NSE,STO,84726,,AUROPHARMA,,2026-04-28,2026-04-28,1380.0,PE,AUROPHARMA26APR1380PE,0.0,0.0,0.0,241.15,0.0,241.15,1159.6,213.0,0,0,0,0.0,0,F1,550,,,,,
2026-02-18,2026-02-18,FO,NSE,STO,84292,,AUROPHARMA,,2026-03-30,2026-03-30,1150.0,PE,AUROPHARMA26MAR1150PE,31.15,57.65,28.95,37.65,35.0,28.35,1159.6,37.65,27500,23650,124,81604297.5,90,F1,550,,,,,
2026-02-18,2026-02-18,FO,NSE,STO,84284,,AUROPHARMA,,2026-03-30,2026-03-30,1110.0,PE,AUROPHARMA26MAR1110PE,36.85,38.0,23.55,23.55,23.55,22.15,1159.6,20.35,13750,13200,36,22639045.0,26,F1,550,,,,,
2026-02-18,2026-02-18,FO,NSE,STO,71597,,AUROPHARMA,,2026-03-30,2026-03-30,960.0,PE,AUROPHARMA26MAR960PE,6.0,6.95,6.0,6.4,6.4,6.1,1159.6,0.7,6050,6050,14,7442545.0,14,F1,550,,,,,
2026-02-18,2026-02-18,FO,NSE,STO,75815,,AUROPHARMA,,2026-02-24,2026-02-24,1160.0,CE,AUROPHARMA26FEB1160CE,36.6,41.45,12.35,23.25,25.15,35.55,1159.6,23.25,641850,330550,11353,7362793047.5,9105,F1,550,,,,,
2026-02-18,2026-02-18,FO,NSE,STO,71161,,AUROPHARMA,,2026-02-24,2026-02-24,1150.0,CE,AUROPHARMA26FEB1150CE,38.5,48.4,15.85,29.3,35.25,43.0,1159.6,29.3,378950,125400,5640,3639175842.5,4850,F1,550,,,,,
2026-02-18,2026-02-18,FO,NSE,STO,71129,,AUROPHARMA,,2026-02-24,2026-02-24,970.0,CE,AUROPHARMA26FEB970CE,0.0,0.0,0.0,228.0,0.0,228.0,1159.6,190.5,0,0,0,0.0,0,F1,550,,,,,
2026-02-18,2026-02-18,FO,NSE,STO,75833,,AUROPHARMA,,2026-02-24,2026-02-24,1400.0,PE,AUROPHARMA26FEB1400PE,253.65,253.65,253.65,253.65,253.65,200.5,1159.6,239.15,1650,0,3,2728522.5,2,F1,550,,,,,
2026-02-18,2026-02-18,FO,NSE,STO,75821,,AUROPHARMA,,2026-02-24,2026-02-24,1200.0,PE,AUROPHARMA26FEB1200PE,29.0,75.2,24.05,49.1,40.15,32.3,1159.6,49.1,603350,7700,1866,1283994442.5,1498,F1,550,,,,,
2026-02-18,2026-02-18,FO,NSE,STO,71154,,AUROPHARMA,,2026-02-24,2026-02-24,1130.0,PE,AUROPHARMA26FEB1130PE,5.75,28.45,3.8,12.5,10.2,6.45,1159.6,12.5,222200,-195250,7960,5027895675.0,6029,F1,550,,,,,
2026-02-18,2026-02-18,FO,NSE,STO,84702,,AUROPHARMA,,2026-04-28,2026-04-28,1180.0,PE,AUROPHARMA26APR1180PE,0.0,0.0,0.0,89.9,0.0,89.9,1159.6,61.9,0,0,0,0.0,0,F1,550,,,,,
2026-02-18,2026-02-18,FO,NSE,STF,51796,,AUROPHARMA,,2026-03-30,2026-03-30,,,AUROPHARMA26MARFUT,1192.3,1201.0,1135.0,1173.8,1180.0,1190.7,1159.6,1173.8,12977800,2488750,8818,5637382465.0,6945,F1,550,,,,,
2026-02-18,2026-02-18,FO,NSE,STO,84723,,AUROPHARMA,,2026-04-28,2026-04-28,1360.0,CE,AUROPHARMA26APR1360CE,0.0,0.0,0.0,14.3,0.0,14.3,1159.6,8.75,0,0,0,0.0,0,F1,550,,,,,
2026-02-18,2026-02-18,FO,NSE,STO,84594,,AUROPHARMA,,2026-04-28,2026-04-28,1000.0,CE,AUROPHARMA26APR1000CE,0.0,0.0,0.0,163.05,0.0,163.05,1159.6,176.35,0,0,0,0.0,0,F1,550,,,,,
2026-02-18,2026-02-18,FO,NSE,STO,84169,,AUROPHARMA,,2026-03-30,2026-03-30,990.0,CE,AUROPHARMA26MAR990CE,0.0,0.0,0.0,159.85,0.0,159.85,1159.6,177.25,0,0,0,0.0,0,F1,550,,,,,
2026-02-18,2026-02-18,FO,NSE,STO,71611,,AUROPHARMA,,2026-03-30,2026-03-30,1080.0,PE,AUROPHARMA26MAR1080PE,10.85,26.0,10.8,18.5,18.5,13.15,1159.6,18.5,21450,4950,44,26627782.5,32,F1,550,,,,,
2026-02-18,2026-02-18,FO,NSE,STO,71669,,AUROPHARMA,,2026-03-30,2026-03-30,1160.0,PE,AUROPHARMA26MAR1160PE,36.7,61.95,36.7,40.2,38.15,34.35,1159.6,40.2,80850,56650,185,122676895.0,132,F1,550,,,,,
2026-02-18,2026-02-18,FO,NSE,STO,71227,,AUROPHARMA,,2026-02-24,2026-02-24,1290.0,PE,AUROPHARMA26FEB1290PE,0.0,0.0,0.0,118.55,0.0,118.55,1159.6,129.25,0,0,0,0.0,0,F1,550,,,,,
2026-02-18,2026-02-18,FO,NSE,STO,71239,,AUROPHARMA,,2026-02-24,2026-02-24,1370.0,PE,AUROPHARMA26FEB1370PE,0.0,0.0,0.0,182.9,0.0,182.9,1159.6,209.15,0,0,0,0.0,0,F1,550,,,,,
2026-02-18,2026-02-18,FO,NSE,STO,84272,,AUROPHARMA,,2026-03-30,2026-03-30,990.0,PE,AUROPHARMA26MAR990PE,8.5,8.5,6.25,6.5,6.5,9.8,1159.6,1.7,2750,2750,7,3838477.5,6,F1,550,,,,,
2026-02-18,2026-02-18,FO,NSE,STO,75802,,AUROPHARMA,,2026-02-24,2026-02-24,960.0,CE,AUROPHARMA26FEB960CE,0.0,0.0,0.0,268.1,0.0,268.1,1159.6,200.45,0,0,0,0.0,0,F1,550,,,,,
2026-02-18,2026-02-18,FO,NSE,STO,71146,,AUROPHARMA,,2026-02-24,2026-02-24,1070.0,PE,AUROPHARMA26FEB1070PE,1.75,10.25,1.4,4.65,3.95,2.3,1159.6,4.65,167200,106700,1321,781486172.5,1026,F1,550,,,,,
2026-02-18,2026-02-18,FO,NSE,STO,84701,,AUROPHARMA,,2026-04-28,2026-04-28,1180.0,CE,AUROPHARMA26APR1180CE,0.0,0.0,0.0,57.7,0.0,57.7,1159.6,53.7,0,0,0,0.0,0,F1,550,,,,,
2026-02-18,2026-02-18,FO,NSE,STO,84592,,AUROPHARMA,,2026-04-28,2026-04-28,980.0,CE,AUROPHARMA26APR980CE,0.0,0.0,0.0,178.8,0.0,178.8,1159.6,194.2,0,0,0,0.0,0,F1,550,,,,,
2026-02-18,2026-02-18,FO,NSE,STO,71682,,AUROPHARMA,,2026-03-30,2026-03-30,1300.0,CE,AUROPHARMA26MAR1300CE,13.45,15.55,8.45,11.3,12.1,13.7,1159.6,11.3,162250,96800,500,360399270.0,368,F1,550,,,,,
2026-02-18,2026-02-18,FO,NSE,STO,84307,,AUROPHARMA,,2026-03-30,2026-03-30,1210.0,CE,AUROPHARMA26MAR1210CE,35.7,35.7,26.7,29.05,29.05,38.6,1159.6,29.05,5500,550,13,8855522.5,13,F1,550,,,,,
2026-02-18,2026-02-18,FO,NSE,STO,71672,,AUROPHARMA,,2026-03-30,2026-03-30,1200.0,CE,AUROPHARMA26MAR1200CE,43.45,47.75,26.7,35.55,38.0,44.75,1159.6,35.55,196900,69300,1458,988228835.0,1008,F1,550,,,,,
2026-02-18,2026-02-18,FO,NSE,STO,71608,,AUROPHARMA,,2026-03-30,2026-03-30,1060.0,CE,AUROPHARMA26MAR1060CE,0.0,0.0,0.0,163.7,0.0,163.7,1159.6,114.5,0,0,0,0.0,0,F1,550,,,,,
2026-02-18,2026-02-18,FO,NSE,STO,84716,,AUROPHARMA,,2026-04-28,2026-04-28,1280.0,PE,AUROPHARMA26APR1280PE,0.0,0.0,0.0,158.4,0.0,158.4,1159.6,128.3,0,0,0,0.0,0,F1,550,,,,,
2026-02-18,2026-02-18,FO,NSE,STO,84710,,AUROPHARMA,,2026-04-28,2026-04-28,1220.0,PE,AUROPHARMA26APR1220PE,0.0,0.0,0.0,115.15,0.0,115.15,1159.6,85.65,0,0,0,0.0,0,F1,550,,,,,
2026-02-18,2026-02-18,FO,NSE,STO,84698,,AUROPHARMA,,2026-04-28,2026-04-28,1140.0,PE,AUROPHARMA26APR1140PE,0.0,0.0,0.0,67.9,0.0,67.9,1159.6,42.4,0,0,0,0.0,0,F1,550,,,,,
2026-02-18,2026-02-18,FO,NSE,STO,84696,,AUROPHARMA,,2026-04-28,2026-04-28,1120.0,PE,AUROPHARMA26APR1120PE,0.0,0.0,0.0,58.15,0.0,58.15,1159.6,34.3,0,0,0,0.0,0,F1,550,,,,,
2026-02-18,2026-02-18,FO,NSE,STO,84381,,AUROPHARMA,,2026-03-30,2026-03-30,1350.0,PE,AUROPHARMA26MAR1350PE,0.0,0.0,0.0,213.95,0.0,213.95,1159.6,185.45,0,0,0,0.0,0,F1,550,,,,,
2026-02-18,2026-02-18,FO,NSE,STO,71679,,AUROPHARMA,,2026-03-30,2026-03-30,1260.0,PE,AUROPHARMA26MAR1260PE,0.0,0.0,0.0,88.6,89.9,88.6,1159.6,106.25,1100,0,0,0.0,0,F1,550,,,,,
2026-02-18,2026-02-18,FO,NSE,STO,84311,,AUROPHARMA,,2026-03-30,2026-03-30,1230.0,PE,AUROPHARMA26MAR1230PE,0.0,0.0,0.0,114.8,0.0,114.8,1159.6,83.35,0,0,0,0.0,0,F1,550,,,,,
2026-02-18,2026-02-18,FO,NSE,STO,84714,,AUROPHARMA,,2026-04-28,2026-04-28,1260.0,PE,AUROPHARMA26APR1260PE,0.0,0.0,0.0,143.35,0.0,143.35,1159.6,113.25,0,0,0,0.0,0,F1,550,,,,,
2026-02-18,2026-02-18,FO,NSE,STO,84384,,AUROPHARMA,,2026-03-30,2026-03-30,1390.0,CE,AUROPHARMA26MAR1390CE,0.0,0.0,0.0,4.85,0.0,4.85,1159.6,1.5,0,0,0,0.0,0,F1,550,,,,,
2026-02-18,2026-02-18,FO,NSE,STO,84285,,AUROPHARMA,,2026-03-30,2026-03-30,1130.0,CE,AUROPHARMA26MAR1130CE,0.0,0.0,0.0,60.1,60.1,60.1,1159.6,63.75,1100,0,0,0.0,0,F1,550,,,,,
2026-02-18,2026-02-18,FO,NSE,STO,84281,,AUROPHARMA,,2026-03-30,2026-03-30,1090.0,CE,AUROPHARMA26MAR1090CE,0.0,0.0,0.0,86.9,0.0,86.9,1159.6,90.9,0,0,0,0.0,0,F1,550,,,,,
2026-02-18,2026-02-18,FO,NSE,STO,71606,,AUROPHARMA,,2026-03-30,2026-03-30,1040.0,CE,AUROPHARMA26MAR1040CE,0.0,0.0,0.0,179.05,0.0,179.05,1159.6,131.5,0,0,0,0.0,0,F1,550,,,,,
2026-02-18,2026-02-18,FO,NSE,STO,84273,,AUROPHARMA,,2026-03-30,2026-03-30,1010.0,CE,AUROPHARMA26MAR1010CE,0.0,0.0,0.0,143.5,0.0,143.5,1159.6,158.5,0,0,0,0.0,0,F1,550,,,,,
2026-02-18,2026-02-18,FO,NSE,STO,71141,,AUROPHARMA,,2026-02-24,2026-02-24,1050.0,CE,AUROPHARMA26FEB1050CE,0.0,0.0,0.0,93.0,93.0,93.0,1159.6,110.6,550,0,0,0.0,0,F1,550,,,,,
2026-02-18,2026-02-18,FO,NSE,STO,84294,,AUROPHARMA,,2026-03-30,2026-03-30,1170.0,PE,AUROPHARMA26MAR1170PE,41.45,64.2,41.45,44.55,44.5,36.1,1159.6,44.55,13200,-550,45,30206660.0,31,F1,550,,,,,
2026-02-18,2026-02-18,FO,NSE,STO,71627,,AUROPHARMA,,2026-03-30,2026-03-30,1140.0,PE,AUROPHARMA26MAR1140PE,23.0,53.35,23.0,36.45,34.15,25.65,1159.6,36.45,46200,19800,260,168992230.0,206,F1,550,,,,,
2026-02-18,2026-02-18,FO,NSE,STO,71235,,AUROPHARMA,,2026-02-24,2026-02-24,1340.0,PE,AUROPHARMA26FEB1340PE,0.0,0.0,0.0,210.0,210.0,210.0,1159.6,179.2,1100,0,0,0.0,0,F1,550,,,,,
2026-02-18,2026-02-18,FO,NSE,STO,84721,,AUROPHARMA,,2026-04-28,2026-04-28,1340.0,CE,AUROPHARMA26APR1340CE,0.0,0.0,0.0,16.95,0.0,16.95,1159.6,11.05,0,0,0,0.0,0,F1,550,,,,,
2026-02-18,2026-02-18,FO,NSE,STO,84280,,AUROPHARMA,,2026-03-30,2026-03-30,1070.0,PE,AUROPHARMA26MAR1070PE,15.0,20.0,14.35,14.35,14.35,11.5,1159.6,10.3,4950,550,13,7772105.0,12,F1,550,,,,,
2026-02-18,2026-02-18,FO,NSE,STO,71693,,AUROPHARMA,,2026-03-30,2026-03-30,1400.0,PE,AUROPHARMA26MAR1400PE,0.0,0.0,0.0,212.15,0.0,212.15,1159.6,233.25,0,0,0,0.0,0,F1,550,,,,,
2026-02-18,2026-02-18,FO,NSE,STO,84591,,AUROPHARMA,,2026-04-28,2026-04-28,960.0,PE,AUROPHARMA26APR960PE,0.0,0.0,0.0,10.85,0.0,10.85,1159.6,3.0,0,0,0,0.0,0,F1,550,,,,,
2026-02-18,2026-02-18,FO,NSE,STO,84724,,AUROPHARMA,,2026-04-28,2026-04-28,1360.0,PE,AUROPHARMA26APR1360PE,0.0,0.0,0.0,223.75,0.0,223.75,1159.6,195.1,0,0,0,0.0,0,F1,550,,,,,
2026-02-18,2026-02-18,FO,NSE,STO,84282,,AUROPHARMA,,2026-03-30,2026-03-30,1090.0,PE,AUROPHARMA26MAR1090PE,25.0,27.5,18.0,21.15,21.45,23.5,1159.6,21.15,15950,8250,37,22619575.0,27,F1,550,,,,,
2026-02-18,2026-02-18,FO,NSE,STO,71131,,AUROPHARMA,,2026-02-24,2026-02-24,980.0,CE,AUROPHARMA26FEB980CE,0.0,0.0,0.0,218.65,0.0,218.65,1159.6,180.5,0,0,0,0.0,0,F1,550,,,,,
2026-02-18,2026-02-18,FO,NSE,STO,71137,,AUROPHARMA,,2026-02-24,2026-02-24,1020.0,CE,AUROPHARMA26FEB1020CE,0.0,0.0,0.0,182.55,0.0,182.55,1159.6,140.5,0,0,0,0.0,0,F1,550,,,,,
2026-02-18,2026-02-18,FO,NSE,STO,75811,,AUROPHARMA,,2026-02-24,2026-02-24,1080.0,CE,AUROPHARMA26FEB1080CE,81.45,81.45,76.8,79.5,79.5,105.8,1159.6,80.95,11000,-2200,12,7655147.5,10,F1,550,,,,,
2026-02-18,2026-02-18,FO,NSE,STO,75828,,AUROPHARMA,,2026-02-24,2026-02-24,1320.0,CE,AUROPHARMA26FEB1320CE,0.95,1.1,0.45,0.9,0.55,0.95,1159.6,0.9,110000,-32450,243,176516175.0,184,F1,550,,,,,
2026-02-18,2026-02-18,FO,NSE,STO,71232,,AUROPHARMA,,2026-02-24,2026-02-24,1330.0,CE,AUROPHARMA26FEB1330CE,0.9,1.0,0.55,0.7,0.7,0.85,1159.6,0.05,40150,0,27,19761802.5,21,F1,550,,,,,
2026-02-18,2026-02-18,FO,NSE,STO,74687,,BAJAJHLDNG,,2026-03-30,2026-03-30,12200.0,PE,BAJAJHLDNG26MAR12200PE,0.0,0.0,0.0,1508.25,0.0,1508.25,11412.9,923.55,0,0,0,0.0,0,F1,50,,,,,
2026-02-18,2026-02-18,FO,NSE,STO,74691,,BAJAJHLDNG,,2026-03-30,2026-03-30,12400.0,PE,BAJAJHLDNG26MAR12400PE,0.0,0.0,0.0,1651.3,0.0,1651.3,11412.9,1075.25,0,0,0,0.0,0,F1,50,,,,,
2026-02-18,2026-02-18,FO,NSE,STO,74239,,BAJAJHLDNG,,2026-02-24,2026-02-24,12600.0,PE,BAJAJHLDNG26FEB12600PE,0.0,0.0,0.0,1707.4,0.0,1707.4,11412.9,1176.85,0,0,0,0.0,0,F1,50,,,,,
2026-02-18,2026-02-18,FO,NSE,STO,74166,,BAJAJHLDNG,,2026-02-24,2026-02-24,10800.0,CE,BAJAJHLDNG26FEB10800CE,610.0,610.0,591.1,599.55,591.1,447.8,11412.9,599.55,1250,50,6,3421655.0,5,F1,50,,,,,
2026-02-18,2026-02-18,FO,NSE,STO,74682,,BAJAJHLDNG,,2026-03-30,2026-03-30,12000.0,CE,BAJAJHLDNG26MAR12000CE,0.0,0.0,0.0,175.0,175.0,175.0,11412.9,267.1,0,0,0,0.0,0,F1,50,,,,,
2026-02-18,2026-02-18,FO,NSE,STO,74692,,BAJAJHLDNG,,2026-03-30,2026-03-30,12600.0,CE,BAJAJHLDNG26MAR12600CE,0.0,0.0,0.0,368.8,0.0,368.8,11412.9,124.55,0,0,0,0.0,0,F1,50,,,,,
2026-02-18,2026-02-18,FO,NSE,STO,74694,,BAJAJHLDNG,,2026-03-30,2026-03-30,12800.0,CE,BAJAJHLDNG26MAR12800CE,0.0,0.0,0.0,325.15,0.0,325.15,11412.9,94.2,0,0,0,0.0,0,F1,50,,,,,
2026-02-18,2026-02-18,FO,NSE,STO,87029,,BAJAJHLDNG,,2026-04-28,2026-04-28,9600.0,CE,BAJAJHLDNG26APR9600CE,0.0,0.0,0.0,1475.9,0.0,1475.9,11412.9,1970.05,0,0,0,0.0,0,F1,50,,,,,
2026-02-18,2026-02-18,FO,NSE,STO,74123,,BAJAJHLDNG,,2026-02-24,2026-02-24,9900.0,PE,BAJAJHLDNG26FEB9900PE,0.0,0.0,0.0,36.95,36.95,36.95,11412.9,0.05,100,0,0,0.0,0,F1,50,,,,,
2026-02-18,2026-02-18,FO,NSE,STO,74453,,BAJAJHLDNG,,2026-03-30,2026-03-30,9000.0,PE,BAJAJHLDNG26MAR9000PE,0.0,0.0,0.0,134.15,0.0,134.15,11412.9,3.25,0,0,0,0.0,0,F1,50,,,,,
2026-02-18,2026-02-18,FO,NSE,STO,87052,,BAJAJHLDNG,,2026-04-28,2026-04-28,10800.0,CE,BAJAJHLDNG26APR10800CE,0.0,0.0,0.0,794.9,0.0,794.9,11412.9,1029.2,0,0,0,0.0,0,F1,50,,,,,
2026-02-18,2026-02-18,FO,NSE,STO,87056,,BAJAJHLDNG,,2026-04-28,2026-04-28,11200.0,CE,BAJAJHLDNG26APR11200CE,0.0,0.0,0.0,629.75,0.0,629.75,11412.9,787.75,0,0,0,0.0,0,F1,50,,,,,
2026-02-18,2026-02-18,FO,NSE,STO,74103,,BAJAJHLDNG,,2026-02-24,2026-02-24,9400.0,PE,BAJAJHLDNG26FEB9400PE,0.0,0.0,0.0,83.1,83.1,83.1,11412.9,0.05,100,0,0,0.0,0,F1,50,,,,,
2026-02-18,2026-02-18,FO,NSE,STO,74109,,BAJAJHLDNG,,2026-02-24,2026-02-24,9700.0,PE,BAJAJHLDNG26FEB9700PE,0.0,0.0,0.0,169.9,0.0,169.9,11412.9,0.05,0,0,0,0.0,0,F1,50,,,,,
2026-02-18,2026-02-18,FO,NSE,STO,74157,,BAJAJHLDNG,,2026-02-24,2026-02-24,10600.0,PE,BAJAJHLDNG26FEB10600PE,18.0,18.45,8.4,8.6,8.4,28.5,11412.9,8.6,200,-400,43,22822890.0,39,F1,50,,,,,
2026-02-18,2026-02-18,FO,NSE,STO,74169,,BAJAJHLDNG,,2026-02-24,2026-02-24,10900.0,PE,BAJAJHLDNG26FEB10900PE,31.2,40.2,19.3,20.75,21.0,55.7,11412.9,20.75,4000,350,39,21314365.0,38,F1,50,,,,,
2026-02-18,2026-02-18,FO,NSE,STO,74173,,BAJAJHLDNG,,2026-02-24,2026-02-24,11100.0,PE,BAJAJHLDNG26FEB11100PE,106.4,106.4,57.55,57.55,57.55,115.15,11412.9,62.65,1850,-50,4,2235272.5,4,F1,50,,,,,
2026-02-18,2026-02-18,FO,NSE,STO,74179,,BAJAJHLDNG,,2026-02-24,2026-02-24,11300.0,PE,BAJAJHLDNG26FEB11300PE,148.75,178.45,91.45,98.2,102.0,250.55,11412.9,98.2,1900,1250,54,30887295.0,53,F1,50,,,,,
2026-02-18,2026-02-18,FO,NSE,STO,86640,,BAJAJHLDNG,,2026-03-30,2026-03-30,10300.0,PE,BAJAJHLDNG26MAR10300PE,0.0,0.0,0.0,465.75,0.0,465.75,11412.9,84.6,0,0,0,0.0,0,F1,50,,,,,
2026-02-18,2026-02-18,FO,NSE,STO,87030,,BAJAJHLDNG,,2026-04-28,2026-04-28,9600.0,PE,BAJAJHLDNG26APR9600PE,0.0,0.0,0.0,319.85,0.0,319.85,11412.9,57.85,0,0,0,0.0,0,F1,50,,,,,
2026-02-18,2026-02-18,FO,NSE,STO,87027,,BAJAJHLDNG,,2026-04-28,2026-04-28,9400.0,CE,BAJAJHLDNG26APR9400CE,0.0,0.0,0.0,1616.6,0.0,1616.6,11412.9,2150.7,0,0,0,0.0,0,F1,50,,,,,
2026-02-18,2026-02-18,FO,NSE,STO,74128,,BAJAJHLDNG,,2026-02-24,2026-02-24,10000.0,CE,BAJAJHLDNG26FEB10000CE,0.0,0.0,0.0,1171.75,1171.75,1171.75,11412.9,1422.0,100,0,0,0.0,0,F1,50,,,,,
2026-02-18,2026-02-18,FO,NSE,STO,74134,,BAJAJHLDNG,,2026-02-24,2026-02-24,10300.0,CE,BAJAJHLDNG26FEB10300CE,0.0,0.0,0.0,577.6,577.6,577.6,11412.9,1122.9,50,0,0,0.0,0,F1,50,,,,,
2026-02-18,2026-02-18,FO,NSE,STO,74156,,BAJAJHLDNG,,2026-02-24,2026-02-24,10600.0,CE,BAJAJHLDNG26FEB10600CE,0.0,0.0,0.0,634.15,634.15,634.15,11412.9,827.8,950,0,0,0.0,0,F1,50,,,,,
2026-02-18,2026-02-18,FO,NSE,STO,74217,,BAJAJHLDNG,,2026-02-24,2026-02-24,11900.0,CE,BAJAJHLDNG26FEB11900CE,27.35,38.1,23.8,28.05,23.8,30.0,11412.9,28.05,900,800,23,13721552.5,21,F1,50,,,,,
2026-02-18,2026-02-18,FO,NSE,STO,74219,,BAJAJHLDNG,,2026-02-24,2026-02-24,12000.0,CE,BAJAJHLDNG26FEB12000CE,19.9,34.35,16.55,21.25,17.8,25.2,11412.9,21.25,25900,-10300,818,491788615.0,611,F1,50,,,,,
2026-02-18,2026-02-18,FO,NSE,STO,74456,,BAJAJHLDNG,,2026-03-30,2026-03-30,9400.0,CE,BAJAJHLDNG26MAR9400CE,0.0,0.0,0.0,1929.8,0.0,1929.8,11412.9,2080.2,0,0,0,0.0,0,F1,50,,,,,
2026-02-18,2026-02-18,FO,NSE,STO,86488,,BAJAJHLDNG,,2026-03-30,2026-03-30,9500.0,CE,BAJAJHLDNG26MAR9500CE,0.0,0.0,0.0,1408.6,0.0,1408.6,11412.9,1984.15,0,0,0,0.0,0,F1,50,,,,,
2026-02-18,2026-02-18,FO,NSE,STO,74658,,BAJAJHLDNG,,2026-03-30,2026-03-30,11000.0,CE,BAJAJHLDNG26MAR11000CE,500.9,500.9,500.9,500.9,500.9,515.45,11412.9,739.5,50,50,1,575045.0,1,F1,50,,,,,
2026-02-18,2026-02-18,FO,NSE,STO,87050,,BAJAJHLDNG,,2026-04-28,2026-04-28,10600.0,CE,BAJAJHLDNG26APR10600CE,0.0,0.0,0.0,888.7,0.0,888.7,11412.9,1164.85,0,0,0,0.0,0,F1,50,,,,,
2026-02-18,2026-02-18,FO,NSE,STO,87063,,BAJAJHLDNG,,2026-04-28,2026-04-28,11800.0,PE,BAJAJHLDNG26APR11800PE,0.0,0.0,0.0,1444.05,0.0,1444.05,11412.9,766.85,0,0,0,0.0,0,F1,50,,,,,
2026-02-18,2026-02-18,FO,NSE,STO,74454,,BAJAJHLDNG,,2026-03-30,2026-03-30,9200.0,CE,BAJAJHLDNG26MAR9200CE,0.0,0.0,0.0,2086.7,0.0,2086.7,11412.9,2274.25,0,0,0,0.0,0,F1,50,,,,,
2026-02-18,2026-02-18,FO,NSE,STO,86641,,BAJAJHLDNG,,2026-03-30,2026-03-30,10500.0,CE,BAJAJHLDNG26MAR10500CE,0.0,0.0,0.0,774.5,0.0,774.5,11412.9,1097.0,0,0,0,0.0,0,F1,50,,,,,
2026-02-18,2026-02-18,FO,NSE,STO,74662,,BAJAJHLDNG,,2026-03-30,2026-03-30,11200.0,CE,BAJAJHLDNG26MAR11200CE,0.0,0.0,0.0,832.0,0.0,832.0,11412.9,618.55,0,0,0,0.0,0,F1,50,,,,,
2026-02-18,2026-02-18,FO,NSE,STO,87068,,BAJAJHLDNG,,2026-04-28,2026-04-28,12200.0,CE,BAJAJHLDNG26APR12200CE,0.0,0.0,0.0,334.0,0.0,334.0,11412.9,359.4,0,0,0,0.0,0,F1,50,,,,,
2026-02-18,2026-02-18,FO,NSE,STO,74105,,BAJAJHLDNG,,2026-02-24,2026-02-24,9500.0,PE,BAJAJHLDNG26FEB9500PE,0.0,0.0,0.0,130.95,0.0,130.95,11412.9,0.05,0,0,0,0.0,0,F1,50,,,,,
2026-02-18,2026-02-18,FO,NSE,STO,74133,,BAJAJHLDNG,,2026-02-24,2026-02-24,10200.0,PE,BAJAJHLDNG26FEB10200PE,10.0,10.7,4.45,5.7,4.6,10.0,11412.9,5.7,2350,400,699,356798822.5,579,F1,50,,,,,
2026-02-18,2026-02-18,FO,NSE,STO,74209,,BAJAJHLDNG,,2026-02-24,2026-02-24,11700.0,PE,BAJAJHLDNG26FEB11700PE,0.0,0.0,0.0,672.5,672.5,672.5,11412.9,354.9,200,0,0,0.0,0,F1,50,,,,,
2026-02-18,2026-02-18,FO,NSE,STO,74225,,BAJAJHLDNG,,2026-02-24,2026-02-24,12100.0,PE,BAJAJHLDNG26FEB12100PE,0.0,0.0,0.0,1320.2,0.0,1320.2,11412.9,692.1,0,0,0,0.0,0,F1,50,,,,,
2026-02-18,2026-02-18,FO,NSE,STO,74228,,BAJAJHLDNG,,2026-02-24,2026-02-24,12200.0,PE,BAJAJHLDNG26FEB12200PE,0.0,0.0,0.0,1395.0,0.0,1395.0,11412.9,786.0,0,0,0,0.0,0,F1,50,,,,,
2026-02-18,2026-02-18,FO,NSE,STO,74232,,BAJAJHLDNG,,2026-02-24,2026-02-24,12400.0,PE,BAJAJHLDNG26FEB12400PE,0.0,0.0,0.0,1548.5,0.0,1548.5,11412.9,979.45,0,0,0,0.0,0,F1,50,,,,,
2026-02-18,2026-02-18,FO,NSE,STO,74146,,BAJAJHLDNG,,2026-02-24,2026-02-24,10400.0,CE,BAJAJHLDNG26FEB10400CE,0.0,0.0,0.0,1048.6,0.0,1048.6,11412.9,1023.7,0,0,0,0.0,0,F1,50,,,,,
2026-02-18,2026-02-18,FO,NSE,STO,74168,,BAJAJHLDNG,,2026-02-24,2026-02-24,10900.0,CE,BAJAJHLDNG26FEB10900CE,0.0,0.0,0.0,322.35,329.0,322.35,11412.9,549.4,1700,0,0,0.0,0,F1,50,,,,,
2026-02-18,2026-02-18,FO,NSE,STO,86713,,BAJAJHLDNG,,2026-03-30,2026-03-30,10900.0,PE,BAJAJHLDNG26MAR10900PE,0.0,0.0,0.0,763.95,0.0,763.95,11412.9,226.45,0,0,0,0.0,0,F1,50,,,,,
2026-02-18,2026-02-18,FO,NSE,STO,87059,,BAJAJHLDNG,,2026-04-28,2026-04-28,11400.0,PE,BAJAJHLDNG26APR11400PE,0.0,0.0,0.0,1174.25,0.0,1174.25,11412.9,551.5,0,0,0,0.0,0,F1,50,,,,,
2026-02-18,2026-02-18,FO,NSE,STO,74659,,BAJAJHLDNG,,2026-03-30,2026-03-30,11000.0,PE,BAJAJHLDNG26MAR11000PE,200.0,230.0,180.0,180.0,180.0,271.1,11412.9,180.0,600,150,3,1680500.0,3,F1,50,,,,,
2026-02-18,2026-02-18,FO,NSE,STO,74147,,BAJAJHLDNG,,2026-02-24,2026-02-24,10400.0,PE,BAJAJHLDNG26FEB10400PE,13.15,13.15,4.7,5.8,5.05,12.2,11412.9,5.8,10400,8750,2060,1072160807.5,1771,F1,50,,,,,
2026-02-18,2026-02-18,FO,NSE,STO,74244,,BAJAJHLDNG,,2026-02-24,2026-02-24,12800.0,PE,BAJAJHLDNG26FEB12800PE,0.0,0.0,0.0,1872.1,0.0,1872.1,11412.9,1375.85,0,0,0,0.0,0,F1,50,,,,,
2026-02-18,2026-02-18,FO,NSE,STO,86491,,BAJAJHLDNG,,2026-03-30,2026-03-30,9700.0,PE,BAJAJHLDNG26MAR9700PE,0.0,0.0,0.0,253.3,0.0,253.3,11412.9,23.45,0,0,0,0.0,0,F1,50,,,,,
2026-02-18,2026-02-18,FO,NSE,STO,87051,,BAJAJHLDNG,,2026-04-28,2026-04-28,10600.0,PE,BAJAJHLDNG26APR10600PE,0.0,0.0,0.0,717.4,0.0,717.4,11412.9,242.35,0,0,0,0.0,0,F1,50,,,,,
2026-02-18,2026-02-18,FO,NSE,STO,86749,,BAJAJHLDNG,,2026-03-30,2026-03-30,12300.0,PE,BAJAJHLDNG26MAR12300PE,0.0,0.0,0.0,1751.65,0.0,1751.65,11412.9,998.2,0,0,0,0.0,0,F1,50,,,,,
2026-02-18,2026-02-18,FO,NSE,STO,87064,,BAJAJHLDNG,,2026-04-28,2026-04-28,12000.0,CE,BAJAJHLDNG26APR12000CE,0.0,0.0,0.0,380.8,0.0,380.8,11412.9,426.05,0,0,0,0.0,0,F1,50,,,,,
2026-02-18,2026-02-18,FO,NSE,STO,74095,,BAJAJHLDNG,,2026-02-24,2026-02-24,9000.0,PE,BAJAJHLDNG26FEB9000PE,2.0,2.0,1.0,1.55,1.55,5.0,11412.9,0.05,2000,-200,39,17552885.0,24,F1,50,,,,,
2026-02-18,2026-02-18,FO,NSE,STO,74111,,BAJAJHLDNG,,2026-02-24,2026-02-24,9800.0,PE,BAJAJHLDNG26FEB9800PE,0.0,0.0,0.0,14.7,14.7,14.7,11412.9,0.05,650,0,0,0.0,0,F1,50,,,,,
2026-02-18,2026-02-18,FO,NSE,STO,74154,,BAJAJHLDNG,,2026-02-24,2026-02-24,10500.0,CE,BAJAJHLDNG26FEB10500CE,0.0,0.0,0.0,718.55,718.55,718.55,11412.9,925.2,2600,0,0,0.0,0,F1,50,,,,,
2026-02-18,2026-02-18,FO,NSE,STO,74174,,BAJAJHLDNG,,2026-02-24,2026-02-24,11200.0,CE,BAJAJHLDNG26FEB11200CE,189.9,282.45,151.9,250.05,229.9,165.55,11412.9,250.05,6150,-7600,377,215241472.5,265,F1,50,,,,,
2026-02-18,2026-02-18,FO,NSE,STO,74226,,BAJAJHLDNG,,2026-02-24,2026-02-24,12200.0,CE,BAJAJHLDNG26FEB12200CE,13.0,18.0,10.75,11.55,11.35,50.0,11412.9,11.55,3250,3100,76,46415107.5,61,F1,50,,,,,
2026-02-18,2026-02-18,FO,NSE,STO,74462,,BAJAJHLDNG,,2026-03-30,2026-03-30,10000.0,CE,BAJAJHLDNG26MAR10000CE,0.0,0.0,0.0,1498.2,0.0,1498.2,11412.9,1519.45,0,0,0,0.0,0,F1,50,,,,,
2026-02-18,2026-02-18,FO,NSE,STO,86635,,BAJAJHLDNG,,2026-03-30,2026-03-30,10300.0,CE,BAJAJHLDNG26MAR10300CE,0.0,0.0,0.0,882.45,0.0,882.45,11412.9,1259.4,0,0,0,0.0,0,F1,50,,,,,
2026-02-18,2026-02-18,FO,NSE,STO,74596,,BAJAJHLDNG,,2026-03-30,2026-03-30,10600.0,CE,BAJAJHLDNG26MAR10600CE,0.0,0.0,0.0,1131.7,0.0,1131.7,11412.9,1019.65,0,0,0,0.0,0,F1,50,,,,,
2026-02-18,2026-02-18,FO,NSE,STO,86729,,BAJAJHLDNG,,2026-03-30,2026-03-30,11300.0,PE,BAJAJHLDNG26MAR11300PE,309.55,350.95,309.55,350.95,350.95,1008.25,11412.9,382.3,100,100,3,1743527.5,3,F1,50,,,,,
2026-02-18,2026-02-18,FO,NSE,STO,86728,,BAJAJHLDNG,,2026-03-30,2026-03-30,11300.0,CE,BAJAJHLDNG26MAR11300CE,380.0,429.05,380.0,429.05,429.05,339.8,11412.9,429.05,400,350,8,4688152.5,6,F1,50,,,,,
2026-02-18,2026-02-18,FO,NSE,STO,87009,,BAJAJHLDNG,,2026-04-28,2026-04-28,9200.0,CE,BAJAJHLDNG26APR9200CE,0.0,0.0,0.0,1764.05,0.0,1764.05,11412.9,2335.75,0,0,0,0.0,0,F1,50,,,,,
2026-02-18,2026-02-18,FO,NSE,STO,87075,,BAJAJHLDNG,,2026-04-28,2026-04-28,12400.0,CE,BAJAJHLDNG26APR12400CE,0.0,0.0,0.0,291.8,0.0,291.8,11412.9,301.25,0,0,0,0.0,0,F1,50,,,,,
2026-02-18,2026-02-18,FO,NSE,STO,86976,,BAJAJHLDNG,,2026-04-28,2026-04-28,8800.0,PE,BAJAJHLDNG26APR8800PE,0.0,0.0,0.0,135.8,0.0,135.8,11412.9,11.8,0,0,0,0.0,0,F1,50,,,,,
2026-02-18,2026-02-18,FO,NSE,STO,74104,,BAJAJHLDNG,,2026-02-24,2026-02-24,9500.0,CE,BAJAJHLDNG26FEB9500CE,0.0,0.0,0.0,1700.75,0.0,1700.75,11412.9,1921.5,0,0,0,0.0,0,F1,50,,,,,
2026-02-18,2026-02-18,FO,NSE,STO,87032,,BAJAJHLDNG,,2026-04-28,2026-04-28,9800.0,PE,BAJAJHLDNG26APR9800PE,0.0,0.0,0.0,383.35,0.0,383.35,11412.9,80.45,0,0,0,0.0,0,F1,50,,,,,
2026-02-18,2026-02-18,FO,NSE,STO,86663,,BAJAJHLDNG,,2026-03-30,2026-03-30,10700.0,CE,BAJAJHLDNG26MAR10700CE,0.0,0.0,0.0,676.05,0.0,676.05,11412.9,945.05,0,0,0,0.0,0,F1,50,,,,,
2026-02-18,2026-02-18,FO,NSE,STO,74674,,BAJAJHLDNG,,2026-03-30,2026-03-30,11600.0,CE,BAJAJHLDNG26MAR11600CE,0.0,0.0,0.0,668.05,0.0,668.05,11412.9,416.9,0,0,0,0.0,0,F1,50,,,,,
2026-02-18,2026-02-18,FO,NSE,STO,74167,,BAJAJHLDNG,,2026-02-24,2026-02-24,10800.0,PE,BAJAJHLDNG26FEB10800PE,30.0,34.8,12.7,14.2,12.7,34.55,11412.9,14.2,2050,-950,135,73060907.5,119,F1,50,,,,,
2026-02-18,2026-02-18,FO,NSE,STO,74469,,BAJAJHLDNG,,2026-03-30,2026-03-30,10000.0,PE,BAJAJHLDNG26MAR10000PE,0.0,0.0,0.0,368.15,0.0,368.15,11412.9,46.45,0,0,0,0.0,0,F1,50,,,,,
2026-02-18,2026-02-18,FO,NSE,STO,74094,,BAJAJHLDNG,,2026-02-24,2026-02-24,9000.0,CE,BAJAJHLDNG26FEB9000CE,0.0,0.0,0.0,1917.6,1917.6,1917.6,11412.9,2421.05,250,0,0,0.0,0,F1,50,,,,,
2026-02-18,2026-02-18,FO,NSE,STO,74695,,BAJAJHLDNG,,2026-03-30,2026-03-30,12800.0,PE,BAJAJHLDNG26MAR12800PE,0.0,0.0,0.0,1953.6,0.0,1953.6,11412.9,1404.4,0,0,0,0.0,0,F1,50,,,,,
2026-02-18,2026-02-18,FO,NSE,STO,87085,,BAJAJHLDNG,,2026-04-28,2026-04-28,12800.0,CE,BAJAJHLDNG26APR12800CE,0.0,0.0,0.0,220.45,0.0,220.45,11412.9,207.6,0,0,0,0.0,0,F1,50,,,,,
2026-02-18,2026-02-18,FO,NSE,STO,87058,,BAJAJHLDNG,,2026-04-28,2026-04-28,11400.0,CE,BAJAJHLDNG26APR11400CE,0.0,0.0,0.0,557.85,0.0,557.85,11412.9,682.3,0,0,0,0.0,0,F1,50,,,,,
2026-02-18,2026-02-18,FO,NSE,STO,87033,,BAJAJHLDNG,,2026-04-28,2026-04-28,10000.0,CE,BAJAJHLDNG26APR10000CE,0.0,0.0,0.0,1217.15,0.0,1217.15,11412.9,1625.65,0,0,0,0.0,0,F1,50,,,,,
2026-02-18,2026-02-18,FO,NSE,STO,86732,,BAJAJHLDNG,,2026-03-30,2026-03-30,11700.0,CE,BAJAJHLDNG26MAR11700CE,0.0,0.0,0.0,316.4,0.0,316.4,11412.9,374.8,0,0,0,0.0,0,F1,50,,,,,
2026-02-18,2026-02-18,FO,NSE,STO,74670,,BAJAJHLDNG,,2026-03-30,2026-03-30,11400.0,CE,BAJAJHLDNG26MAR11400CE,0.0,0.0,0.0,746.55,0.0,746.55,11412.9,511.0,0,0,0,0.0,0,F1,50,,,,,
2026-02-18,2026-02-18,FO,NSE,STO,74231,,BAJAJHLDNG,,2026-02-24,2026-02-24,12400.0,CE,BAJAJHLDNG26FEB12400CE,10.5,10.5,8.45,8.45,8.45,10.8,11412.9,8.45,4300,-450,10,6205147.5,4,F1,50,,,,,
2026-02-18,2026-02-18,FO,NSE,STO,74178,,BAJAJHLDNG,,2026-02-24,2026-02-24,11300.0,CE,BAJAJHLDNG26FEB11300CE,139.95,219.0,111.35,183.85,180.0,127.85,11412.9,183.85,5450,-2650,544,311699175.0,423,F1,50,,,,,
2026-02-18,2026-02-18,FO,NSE,STO,87082,,BAJAJHLDNG,,2026-04-28,2026-04-28,12400.0,PE,BAJAJHLDNG26APR12400PE,0.0,0.0,0.0,1892.9,0.0,1892.9,11412.9,1160.05,0,0,0,0.0,0,F1,50,,,,,
2026-02-18,2026-02-18,FO,NSE,STO,87049,,BAJAJHLDNG,,2026-04-28,2026-04-28,10400.0,PE,BAJAJHLDNG26APR10400PE,0.0,0.0,0.0,622.05,0.0,622.05,11412.9,189.45,0,0,0,0.0,0,F1,50,,,,,
2026-02-18,2026-02-18,FO,NSE,STO,86747,,BAJAJHLDNG,,2026-03-30,2026-03-30,12100.0,PE,BAJAJHLDNG26MAR12100PE,0.0,0.0,0.0,1590.2,0.0,1590.2,11412.9,851.45,0,0,0,0.0,0,F1,50,,,,,
2026-02-18,2026-02-18,FO,NSE,STO,74671,,BAJAJHLDNG,,2026-03-30,2026-03-30,11400.0,PE,BAJAJHLDNG26MAR11400PE,0.0,0.0,0.0,995.75,0.0,995.75,11412.9,429.6,0,0,0,0.0,0,F1,50,,,,,
2026-02-18,2026-02-18,FO,NSE,STO,74663,,BAJAJHLDNG,,2026-03-30,2026-03-30,11200.0,PE,BAJAJHLDNG26MAR11200PE,0.0,0.0,0.0,884.15,0.0,884.15,11412.9,338.35,0,0,0,0.0,0,F1,50,,,,,
2026-02-18,2026-02-18,FO,NSE,STO,74455,,BAJAJHLDNG,,2026-03-30,2026-03-30,9200.0,PE,BAJAJHLDNG26MAR9200PE,0.0,0.0,0.0,168.45,0.0,168.45,11412.9,6.1,0,0,0,0.0,0,F1,50,,,,,
2026-02-18,2026-02-18,FO,NSE,STO,74131,,BAJAJHLDNG,,2026-02-24,2026-02-24,10100.0,PE,BAJAJHLDNG26FEB10100PE,6.15,12.5,4.7,5.5,5.35,9.8,11412.9,5.5,3600,2350,1704,861251045.0,1370,F1,50,,,,,
2026-02-18,2026-02-18,FO,NSE,STO,74107,,BAJAJHLDNG,,2026-02-24,2026-02-24,9600.0,PE,BAJAJHLDNG26FEB9600PE,0.0,0.0,0.0,149.5,0.0,149.5,11412.9,0.05,0,0,0,0.0,0,F1,50,,,,,
2026-02-18,2026-02-18,FO,NSE,STO,74184,,BAJAJHLDNG,,2026-02-24,2026-02-24,11500.0,CE,BAJAJHLDNG26FEB11500CE,79.05,127.65,60.0,103.8,92.35,77.85,11412.9,103.8,12200,50,1272,737761187.5,878,F1,50,,,,,
2026-02-18,2026-02-18,FO,NSE,STO,86734,,BAJAJHLDNG,,2026-03-30,2026-03-30,11900.0,CE,BAJAJHLDNG26MAR11900CE,0.0,0.0,0.0,170.0,170.0,170.0,11412.9,300.0,300,0,0,0.0,0,F1,50,,,,,
2026-02-18,2026-02-18,FO,NSE,STO,87060,,BAJAJHLDNG,,2026-04-28,2026-04-28,11600.0,CE,BAJAJHLDNG26APR11600CE,0.0,0.0,0.0,492.65,0.0,492.65,11412.9,587.1,0,0,0,0.0,0,F1,50,,,,,
2026-02-18,2026-02-18,FO,NSE,STO,86975,,BAJAJHLDNG,,2026-04-28,2026-04-28,8800.0,CE,BAJAJHLDNG26APR8800CE,0.0,0.0,0.0,2079.55,0.0,2079.55,11412.9,2715.7,0,0,0,0.0,0,F1,50,,,,,
2026-02-18,2026-02-18,FO,NSE,STO,74690,,BAJAJHLDNG,,2026-03-30,2026-03-30,12400.0,CE,BAJAJHLDNG26MAR12400CE,0.0,0.0,0.0,416.9,0.0,416.9,11412.9,162.65,0,0,0,0.0,0,F1,50,,,,,
2026-02-18,2026-02-18,FO,NSE,STO,74686,,BAJAJHLDNG,,2026-03-30,2026-03-30,12200.0,CE,BAJAJHLDNG26MAR12200CE,0.0,0.0,0.0,470.9,0.0,470.9,11412.9,209.75,0,0,0,0.0,0,F1,50,,,,,
2026-02-18,2026-02-18,FO,NSE,STO,74132,,BAJAJHLDNG,,2026-02-24,2026-02-24,10200.0,CE,BAJAJHLDNG26FEB10200CE,0.0,0.0,0.0,892.35,892.35,892.35,11412.9,1222.4,300,0,0,0.0,0,F1,50,,,,,
2026-02-18,2026-02-18,FO,NSE,STO,74678,,BAJAJHLDNG,,2026-03-30,2026-03-30,11800.0,CE,BAJAJHLDNG26MAR11800CE,0.0,0.0,0.0,596.1,0.0,596.1,11412.9,335.85,0,0,0,0.0,0,F1,50,,,,,
2026-02-18,2026-02-18,FO,NSE,STO,86714,,BAJAJHLDNG,,2026-03-30,2026-03-30,11100.0,CE,BAJAJHLDNG26MAR11100CE,0.0,0.0,0.0,506.85,0.0,506.85,11412.9,677.35,0,0,0,0.0,0,F1,50,,,,,
2026-02-18,2026-02-18,FO,NSE,STO,74135,,BAJAJHLDNG,,2026-02-24,2026-02-24,10300.0,PE,BAJAJHLDNG26FEB10300PE,10.4,11.6,4.85,5.8,5.05,11.05,11412.9,5.8,3200,450,117,60308902.5,108,F1,50,,,,,
2026-02-18,2026-02-18,FO,NSE,STO,74165,,BAJAJHLDNG,,2026-02-24,2026-02-24,10700.0,PE,BAJAJHLDNG26FEB10700PE,12.0,17.1,9.55,11.4,10.55,36.75,11412.9,11.4,2150,-1500,38,20352070.0,38,F1,50,,,,,
2026-02-18,2026-02-18,FO,NSE,STO,74230,,BAJAJHLDNG,,2026-02-24,2026-02-24,12300.0,PE,BAJAJHLDNG26FEB12300PE,0.0,0.0,0.0,1470.95,0.0,1470.95,11412.9,882.0,0,0,0,0.0,0,F1,50,,,,,
2026-02-18,2026-02-18,FO,NSE,STO,74601,,BAJAJHLDNG,,2026-03-30,2026-03-30,10800.0,CE,BAJAJHLDNG26MAR10800CE,0.0,0.0,0.0,1024.4,0.0,1024.4,11412.9,873.45,0,0,0,0.0,0,F1,50,,,,,
2026-02-18,2026-02-18,FO,NSE,STO,74693,,BAJAJHLDNG,,2026-03-30,2026-03-30,12600.0,PE,BAJAJHLDNG26MAR12600PE,0.0,0.0,0.0,1800.2,0.0,1800.2,11412.9,1235.95,0,0,0,0.0,0,F1,50,,,,,
2026-02-18,2026-02-18,FO,NSE,STO,87055,,BAJAJHLDNG,,2026-04-28,2026-04-28,11000.0,PE,BAJAJHLDNG26APR11000PE,0.0,0.0,0.0,931.2,0.0,931.2,11412.9,376.7,0,0,0,0.0,0,F1,50,,,,,
2026-02-18,2026-02-18,FO,NSE,STO,87057,,BAJAJHLDNG,,2026-04-28,2026-04-28,11200.0,PE,BAJAJHLDNG26APR11200PE,0.0,0.0,0.0,1049.2,0.0,1049.2,11412.9,459.0,0,0,0,0.0,0,F1,50,,,,,
2026-02-18,2026-02-18,FO,NSE,STO,86665,,BAJAJHLDNG,,2026-03-30,2026-03-30,10900.0,CE,BAJAJHLDNG26MAR10900CE,0.0,0.0,0.0,586.95,0.0,586.95,11412.9,804.85,0,0,0,0.0,0,F1,50,,,,,
2026-02-18,2026-02-18,FO,NSE,STO,86631,,BAJAJHLDNG,,2026-03-30,2026-03-30,10100.0,CE,BAJAJHLDNG26MAR10100CE,0.0,0.0,0.0,1000.0,0.0,1000.0,11412.9,1430.8,0,0,0,0.0,0,F1,50,,,,,
2026-02-18,2026-02-18,FO,NSE,STO,74458,,BAJAJHLDNG,,2026-03-30,2026-03-30,9600.0,CE,BAJAJHLDNG26MAR9600CE,0.0,0.0,0.0,1779.25,0.0,1779.25,11412.9,1888.9,0,0,0,0.0,0,F1,50,,,,,
2026-02-18,2026-02-18,FO,NSE,STO,74212,,BAJAJHLDNG,,2026-02-24,2026-02-24,11800.0,CE,BAJAJHLDNG26FEB11800CE,0.0,0.0,0.0,46.9,46.9,46.9,11412.9,54.9,150,0,0,0.0,0,F1,50,,,,,
2026-02-18,2026-02-18,FO,NSE,STO,74170,,BAJAJHLDNG,,2026-02-24,2026-02-24,11000.0,CE,BAJAJHLDNG26FEB11000CE,299.95,445.0,284.45,420.05,394.6,281.6,11412.9,420.05,16850,-13100,458,259893687.5,389,F1,50,,,,,
2026-02-18,2026-02-18,FO,NSE,STO,74164,,BAJAJHLDNG,,2026-02-24,2026-02-24,10700.0,CE,BAJAJHLDNG26FEB10700CE,0.0,0.0,0.0,435.15,435.15,435.15,11412.9,732.1,1100,0,0,0.0,0,F1,50,,,,,
2026-02-18,2026-02-18,FO,NSE,STO,87054,,BAJAJHLDNG,,2026-04-28,2026-04-28,11000.0,CE,BAJAJHLDNG26APR11000CE,0.0,0.0,0.0,708.65,0.0,708.65,11412.9,903.4,0,0,0,0.0,0,F1,50,,,,,
2026-02-18,2026-02-18,FO,NSE,STO,74122,,BAJAJHLDNG,,2026-02-24,2026-02-24,9900.0,CE,BAJAJHLDNG26FEB9900CE,0.0,0.0,0.0,1160.4,1160.4,1160.4,11412.9,1521.85,150,0,0,0.0,0,F1,50,,,,,
2026-02-18,2026-02-18,FO,NSE,STO,87069,,BAJAJHLDNG,,2026-04-28,2026-04-28,12200.0,PE,BAJAJHLDNG26APR12200PE,0.0,0.0,0.0,1738.15,0.0,1738.15,11412.9,1020.3,0,0,0,0.0,0,F1,50,,,,,
2026-02-18,2026-02-18,FO,NSE,STO,74679,,BAJAJHLDNG,,2026-03-30,2026-03-30,11800.0,PE,BAJAJHLDNG26MAR11800PE,0.0,0.0,0.0,1239.4,0.0,1239.4,11412.9,652.05,0,0,0,0.0,0,F1,50,,,,,
2026-02-18,2026-02-18,FO,NSE,STO,74461,,BAJAJHLDNG,,2026-03-30,2026-03-30,9800.0,PE,BAJAJHLDNG26MAR9800PE,0.0,0.0,0.0,308.55,0.0,308.55,11412.9,29.75,0,0,0,0.0,0,F1,50,,,,,
2026-02-18,2026-02-18,FO,NSE,STO,74181,,BAJAJHLDNG,,2026-02-24,2026-02-24,11400.0,PE,BAJAJHLDNG26FEB11400PE,205.0,205.0,150.0,152.4,155.0,404.4,11412.9,152.4,1350,1100,31,17911650.0,14,F1,50,,,,,
2026-02-18,2026-02-18,FO,NSE,STO,74129,,BAJAJHLDNG,,2026-02-24,2026-02-24,10000.0,PE,BAJAJHLDNG26FEB10000PE,8.55,11.0,3.0,4.35,3.45,8.15,11412.9,4.35,6500,-1750,2308,1154800770.0,2069,F1,50,,,,,
2026-02-18,2026-02-18,FO,NSE,STO,86730,,BAJAJHLDNG,,2026-03-30,2026-03-30,11500.0,CE,BAJAJHLDNG26MAR11500CE,0.0,0.0,0.0,372.15,0.0,372.15,11412.9,462.3,0,0,0,0.0,0,F1,50,,,,,
2026-02-18,2026-02-18,FO,NSE,STO,74218,,BAJAJHLDNG,,2026-02-24,2026-02-24,11900.0,PE,BAJAJHLDNG26FEB11900PE,0.0,0.0,0.0,1177.0,0.0,1177.0,11412.9,513.75,0,0,0,0.0,0,F1,50,,,,,
2026-02-18,2026-02-18,FO,NSE,STO,74220,,BAJAJHLDNG,,2026-02-24,2026-02-24,12000.0,PE,BAJAJHLDNG26FEB12000PE,0.0,0.0,0.0,1095.0,1095.0,1095.0,11412.9,601.0,150,0,0,0.0,0,F1,50,,,,,
2026-02-18,2026-02-18,FO,NSE,STO,74457,,BAJAJHLDNG,,2026-03-30,2026-03-30,9400.0,PE,BAJAJHLDNG26MAR9400PE,0.0,0.0,0.0,208.65,0.0,208.65,11412.9,10.8,0,0,0,0.0,0,F1,50,,,,,
2026-02-18,2026-02-18,FO,NSE,STO,74459,,BAJAJHLDNG,,2026-03-30,2026-03-30,9600.0,PE,BAJAJHLDNG26MAR9600PE,0.0,0.0,0.0,255.1,0.0,255.1,11412.9,18.3,0,0,0,0.0,0,F1,50,,,,,
2026-02-18,2026-02-18,FO,NSE,STO,86662,,BAJAJHLDNG,,2026-03-30,2026-03-30,10500.0,PE,BAJAJHLDNG26MAR10500PE,0.0,0.0,0.0,555.7,0.0,555.7,11412.9,121.0,0,0,0,0.0,0,F1,50,,,,,
2026-02-18,2026-02-18,FO,NSE,STO,87053,,BAJAJHLDNG,,2026-04-28,2026-04-28,10800.0,PE,BAJAJHLDNG26APR10800PE,0.0,0.0,0.0,820.5,0.0,820.5,11412.9,304.6,0,0,0,0.0,0,F1,50,,,,,
2026-02-18,2026-02-18,FO,NSE,STO,87061,,BAJAJHLDNG,,2026-04-28,2026-04-28,11600.0,PE,BAJAJHLDNG26APR11600PE,0.0,0.0,0.0,1306.0,0.0,1306.0,11412.9,654.2,0,0,0,0.0,0,F1,50,,,,,
2026-02-18,2026-02-18,FO,NSE,STF,51818,,BAJAJHLDNG,,2026-03-30,2026-03-30,,,BAJAJHLDNG26MARFUT,11289.0,11499.0,11288.0,11469.0,11467.0,11288.0,11412.9,11469.0,34900,14850,426,242556350.0,410,F1,50,,,,,
2026-02-18,2026-02-18,FO,NSE,STO,87045,,BAJAJHLDNG,,2026-04-28,2026-04-28,10400.0,CE,BAJAJHLDNG26APR10400CE,0.0,0.0,0.0,990.35,0.0,990.35,11412.9,1309.95,0,0,0,0.0,0,F1,50,,,,,
2026-02-18,2026-02-18,FO,NSE,STO,86490,,BAJAJHLDNG,,2026-03-30,2026-03-30,9700.0,CE,BAJAJHLDNG26MAR9700CE,0.0,0.0,0.0,1263.75,0.0,1263.75,11412.9,1794.65,0,0,0,0.0,0,F1,50,,,,,
2026-02-18,2026-02-18,FO,NSE,STO,74221,,BAJAJHLDNG,,2026-02-24,2026-02-24,12100.0,CE,BAJAJHLDNG26FEB12100CE,0.0,0.0,0.0,314.0,0.0,314.0,11412.9,15.9,0,0,0,0.0,0,F1,50,,,,,
2026-02-18,2026-02-18,FO,NSE,STO,74200,,BAJAJHLDNG,,2026-02-24,2026-02-24,11700.0,CE,BAJAJHLDNG26FEB11700CE,51.85,72.0,35.0,51.5,46.9,47.15,11412.9,51.5,4700,150,224,131629460.0,148,F1,50,,,,,
2026-02-18,2026-02-18,FO,NSE,STO,74180,,BAJAJHLDNG,,2026-02-24,2026-02-24,11400.0,CE,BAJAJHLDNG26FEB11400CE,79.8,173.75,79.8,135.9,132.1,80.0,11412.9,135.9,3450,350,313,180467732.5,240,F1,50,,,,,
2026-02-18,2026-02-18,FO,NSE,STO,74110,,BAJAJHLDNG,,2026-02-24,2026-02-24,9800.0,CE,BAJAJHLDNG26FEB9800CE,0.0,0.0,0.0,1391.95,1391.95,1391.95,11412.9,1621.75,150,0,0,0.0,0,F1,50,,,,,
2026-02-18,2026-02-18,FO,NSE,STO,74098,,BAJAJHLDNG,,2026-02-24,2026-02-24,9200.0,CE,BAJAJHLDNG26FEB9200CE,0.0,0.0,0.0,1981.15,1981.15,1981.15,11412.9,2221.2,150,0,0,0.0,0,F1,50,,,,,
2026-02-18,2026-02-18,FO,NSE,STO,74108,,BAJAJHLDNG,,2026-02-24,2026-02-24,9700.0,CE,BAJAJHLDNG26FEB9700CE,0.0,0.0,0.0,1541.55,0.0,1541.55,11412.9,1721.65,0,0,0,0.0,0,F1,50,,,,,
2026-02-18,2026-02-18,FO,NSE,STO,74102,,BAJAJHLDNG,,2026-02-24,2026-02-24,9400.0,CE,BAJAJHLDNG26FEB9400CE,0.0,0.0,0.0,1783.0,0.0,1783.0,11412.9,2021.4,0,0,0,0.0,0,F1,50,,,,,
2026-02-18,2026-02-18,FO,NSE,STO,87062,,BAJAJHLDNG,,2026-04-28,2026-04-28,11800.0,CE,BAJAJHLDNG26APR11800CE,0.0,0.0,0.0,433.75,0.0,433.75,11412.9,501.8,0,0,0,0.0,0,F1,50,,,,,
2026-02-18,2026-02-18,FO,NSE,STO,74099,,BAJAJHLDNG,,2026-02-24,2026-02-24,9200.0,PE,BAJAJHLDNG26FEB9200PE,0.0,0.0,0.0,30.0,30.0,30.0,11412.9,0.05,100,0,0,0.0,0,F1,50,,,,,
2026-02-18,2026-02-18,FO,NSE,STO,74185,,BAJAJHLDNG,,2026-02-24,2026-02-24,11500.0,PE,BAJAJHLDNG26FEB11500PE,215.0,215.0,199.7,199.7,199.7,479.85,11412.9,199.7,650,50,2,1170735.0,2,F1,50,,,,,
2026-02-18,2026-02-18,FO,NSE,STO,74474,,BAJAJHLDNG,,2026-03-30,2026-03-30,10400.0,CE,BAJAJHLDNG26MAR10400CE,0.0,0.0,0.0,1246.4,0.0,1246.4,11412.9,1176.95,0,0,0,0.0,0,F1,50,,,,,
2026-02-18,2026-02-18,FO,NSE,STO,86627,,BAJAJHLDNG,,2026-03-30,2026-03-30,9900.0,CE,BAJAJHLDNG26MAR9900CE,0.0,0.0,0.0,1127.0,0.0,1127.0,11412.9,1609.75,0,0,0,0.0,0,F1,50,,,,,
2026-02-18,2026-02-18,FO,NSE,STO,74460,,BAJAJHLDNG,,2026-03-30,2026-03-30,9800.0,CE,BAJAJHLDNG26MAR9800CE,0.0,0.0,0.0,1635.65,0.0,1635.65,11412.9,1701.55,0,0,0,0.0,0,F1,50,,,,,
2026-02-18,2026-02-18,FO,NSE,STO,86664,,BAJAJHLDNG,,2026-03-30,2026-03-30,10700.0,PE,BAJAJHLDNG26MAR10700PE,0.0,0.0,0.0,655.1,0.0,655.1,11412.9,167.85,0,0,0,0.0,0,F1,50,,,,,
2026-02-18,2026-02-18,FO,NSE,STO,87044,,BAJAJHLDNG,,2026-04-28,2026-04-28,10200.0,PE,BAJAJHLDNG26APR10200PE,0.0,0.0,0.0,534.6,0.0,534.6,11412.9,145.4,0,0,0,0.0,0,F1,50,,,,,
2026-02-18,2026-02-18,FO,NSE,STO,74683,,BAJAJHLDNG,,2026-03-30,2026-03-30,12000.0,PE,BAJAJHLDNG26MAR12000PE,0.0,0.0,0.0,1370.8,0.0,1370.8,11412.9,782.1,0,0,0,0.0,0,F1,50,,,,,
2026-02-18,2026-02-18,FO,NSE,STF,66720,,BAJAJHLDNG,,2026-04-28,2026-04-28,,,BAJAJHLDNG26APRFUT,11400.0,11540.0,11400.0,11540.0,11540.0,11330.0,11412.9,11532.0,850,50,2,1147000.0,2,F1,50,,,,,
2026-02-18,2026-02-18,FO,NSE,STO,74229,,BAJAJHLDNG,,2026-02-24,2026-02-24,12300.0,CE,BAJAJHLDNG26FEB12300CE,13.0,13.3,12.3,12.3,12.3,266.6,11412.9,6.05,450,450,9,5540792.5,6,F1,50,,,,,
2026-02-18,2026-02-18,FO,NSE,STO,74198,,BAJAJHLDNG,,2026-02-24,2026-02-24,11600.0,CE,BAJAJHLDNG26FEB11600CE,64.2,97.35,44.75,72.05,62.35,60.85,11412.9,72.05,2150,300,53,30917285.0,44,F1,50,,,,,
2026-02-18,2026-02-18,FO,NSE,STO,74172,,BAJAJHLDNG,,2026-02-24,2026-02-24,11100.0,CE,BAJAJHLDNG26FEB11100CE,240.0,356.8,213.6,325.2,319.0,213.7,11412.9,325.2,4950,-2650,147,83832930.0,100,F1,50,,,,,
2026-02-18,2026-02-18,FO,NSE,STO,86736,,BAJAJHLDNG,,2026-03-30,2026-03-30,12100.0,CE,BAJAJHLDNG26MAR12100CE,0.0,0.0,0.0,225.8,0.0,225.8,11412.9,237.1,0,0,0,0.0,0,F1,50,,,,,
2026-02-18,2026-02-18,FO,NSE,STO,74155,,BAJAJHLDNG,,2026-02-24,2026-02-24,10500.0,PE,BAJAJHLDNG26FEB10500PE,14.0,14.0,7.0,7.35,7.0,14.15,11412.9,7.35,6650,-1400,69,36264700.0,57,F1,50,,,,,
2026-02-18,2026-02-18,FO,NSE,STO,74171,,BAJAJHLDNG,,2026-02-24,2026-02-24,11000.0,PE,BAJAJHLDNG26FEB11000PE,60.0,62.75,28.1,30.3,28.1,74.15,11412.9,30.3,11000,1350,152,83932907.5,133,F1,50,,,,,
2026-02-18,2026-02-18,FO,NSE,STO,74199,,BAJAJHLDNG,,2026-02-24,2026-02-24,11600.0,PE,BAJAJHLDNG26FEB11600PE,0.0,0.0,0.0,773.7,774.85,773.7,11412.9,285.5,50,0,0,0.0,0,F1,50,,,,,
2026-02-18,2026-02-18,FO,NSE,STO,74175,,BAJAJHLDNG,,2026-02-24,2026-02-24,11200.0,PE,BAJAJHLDNG26FEB11200PE,130.3,147.0,64.2,68.05,64.65,167.1,11412.9,68.05,8100,-1350,228,128844372.5,193,F1,50,,,,,
2026-02-18,2026-02-18,FO,NSE,STO,74216,,BAJAJHLDNG,,2026-02-24,2026-02-24,11800.0,PE,BAJAJHLDNG26FEB11800PE,0.0,0.0,0.0,1108.15,0.0,1108.15,11412.9,431.35,0,0,0,0.0,0,F1,50,,,,,
2026-02-18,2026-02-18,FO,NSE,STO,74106,,BAJAJHLDNG,,2026-02-24,2026-02-24,9600.0,CE,BAJAJHLDNG26FEB9600CE,0.0,0.0,0.0,1620.2,0.0,1620.2,11412.9,1821.6,0,0,0,0.0,0,F1,50,,,,,
2026-02-18,2026-02-18,FO,NSE,STO,74452,,BAJAJHLDNG,,2026-03-30,2026-03-30,9000.0,CE,BAJAJHLDNG26MAR9000CE,0.0,0.0,0.0,2249.45,0.0,2249.45,11412.9,2470.25,0,0,0,0.0,0,F1,50,,,,,
2026-02-18,2026-02-18,FO,NSE,STO,86630,,BAJAJHLDNG,,2026-03-30,2026-03-30,9900.0,PE,BAJAJHLDNG26MAR9900PE,0.0,0.0,0.0,314.45,0.0,314.45,11412.9,37.35,0,0,0,0.0,0,F1,50,,,,,
2026-02-18,2026-02-18,FO,NSE,STO,74599,,BAJAJHLDNG,,2026-03-30,2026-03-30,10600.0,PE,BAJAJHLDNG26MAR10600PE,0.0,0.0,0.0,592.7,0.0,592.7,11412.9,143.05,0,0,0,0.0,0,F1,50,,,,,
2026-02-18,2026-02-18,FO,NSE,STO,74640,,BAJAJHLDNG,,2026-03-30,2026-03-30,10800.0,PE,BAJAJHLDNG26MAR10800PE,0.0,0.0,0.0,682.5,0.0,682.5,11412.9,195.65,0,0,0,0.0,0,F1,50,,,,,
2026-02-18,2026-02-18,FO,NSE,STO,86731,,BAJAJHLDNG,,2026-03-30,2026-03-30,11500.0,PE,BAJAJHLDNG26MAR11500PE,0.0,0.0,0.0,1142.85,0.0,1142.85,11412.9,480.3,0,0,0,0.0,0,F1,50,,,,,
2026-02-18,2026-02-18,FO,NSE,STO,86735,,BAJAJHLDNG,,2026-03-30,2026-03-30,11900.0,PE,BAJAJHLDNG26MAR11900PE,0.0,0.0,0.0,1434.9,0.0,1434.9,11412.9,715.6,0,0,0,0.0,0,F1,50,,,,,
2026-02-18,2026-02-18,FO,NSE,STO,87034,,BAJAJHLDNG,,2026-04-28,2026-04-28,10000.0,PE,BAJAJHLDNG26APR10000PE,0.0,0.0,0.0,455.0,0.0,455.0,11412.9,109.35,0,0,0,0.0,0,F1,50,,,,,
2026-02-18,2026-02-18,FO,NSE,STO,87065,,BAJAJHLDNG,,2026-04-28,2026-04-28,12000.0,PE,BAJAJHLDNG26APR12000PE,0.0,0.0,0.0,1588.0,0.0,1588.0,11412.9,889.05,0,0,0,0.0,0,F1,50,,,,,
2026-02-18,2026-02-18,FO,NSE,STO,86634,,BAJAJHLDNG,,2026-03-30,2026-03-30,10100.0,PE,BAJAJHLDNG26MAR10100PE,0.0,0.0,0.0,385.35,0.0,385.35,11412.9,57.2,0,0,0,0.0,0,F1,50,,,,,
2026-02-18,2026-02-18,FO,NSE,STO,87013,,BAJAJHLDNG,,2026-04-28,2026-04-28,9200.0,PE,BAJAJHLDNG26APR9200PE,0.0,0.0,0.0,214.15,0.0,214.15,11412.9,27.7,0,0,0,0.0,0,F1,50,,,,,
2026-02-18,2026-02-18,FO,NSE,STO,87028,,BAJAJHLDNG,,2026-04-28,2026-04-28,9400.0,PE,BAJAJHLDNG26APR9400PE,0.0,0.0,0.0,263.65,0.0,263.65,11412.9,40.55,0,0,0,0.0,0,F1,50,,,,,
2026-02-18,2026-02-18,FO,NSE,STO,87086,,BAJAJHLDNG,,2026-04-28,2026-04-28,12800.0,PE,BAJAJHLDNG26APR12800PE,0.0,0.0,0.0,2215.45,0.0,2215.45,11412.9,1462.3,0,0,0,0.0,0,F1,50,,,,,
2026-02-18,2026-02-18,FO,NSE,STF,51817,,BAJAJHLDNG,,2026-02-24,2026-02-24,,,BAJAJHLDNG26FEBFUT,11202.0,11422.0,11202.0,11395.0,11387.0,11211.0,11412.9,11395.0,173400,-21150,901,509522150.0,877,F1,50,,,,,
2026-02-18,2026-02-18,FO,NSE,STO,74130,,BAJAJHLDNG,,2026-02-24,2026-02-24,10100.0,CE,BAJAJHLDNG26FEB10100CE,0.0,0.0,0.0,712.85,712.85,712.85,11412.9,1322.15,50,0,0,0.0,0,F1,50,,,,,
2026-02-18,2026-02-18,FO,NSE,STO,74238,,BAJAJHLDNG,,2026-02-24,2026-02-24,12600.0,CE,BAJAJHLDNG26FEB12600CE,5.75,8.75,3.5,5.55,5.0,9.35,11412.9,5.55,5900,-800,246,155057040.0,201,F1,50,,,,,
2026-02-18,2026-02-18,FO,NSE,STO,87031,,BAJAJHLDNG,,2026-04-28,2026-04-28,9800.0,CE,BAJAJHLDNG26APR9800CE,0.0,0.0,0.0,1342.4,0.0,1342.4,11412.9,1794.7,0,0,0,0.0,0,F1,50,,,,,
2026-02-18,2026-02-18,FO,NSE,STO,74243,,BAJAJHLDNG,,2026-02-24,2026-02-24,12800.0,CE,BAJAJHLDNG26FEB12800CE,0.0,0.0,0.0,8.05,8.0,8.05,11412.9,0.3,250,0,0,0.0,0,F1,50,,,,,
2026-02-18,2026-02-18,FO,NSE,STO,74470,,BAJAJHLDNG,,2026-03-30,2026-03-30,10200.0,CE,BAJAJHLDNG26MAR10200CE,0.0,0.0,0.0,1368.6,0.0,1368.6,11412.9,1344.05,0,0,0,0.0,0,F1,50,,,,,
2026-02-18,2026-02-18,FO,NSE,STO,86748,,BAJAJHLDNG,,2026-03-30,2026-03-30,12300.0,CE,BAJAJHLDNG26MAR12300CE,0.0,0.0,0.0,189.3,0.0,189.3,11412.9,185.0,0,0,0,0.0,0,F1,50,,,,,
2026-02-18,2026-02-18,FO,NSE,STO,87036,,BAJAJHLDNG,,2026-04-28,2026-04-28,10200.0,CE,BAJAJHLDNG26APR10200CE,0.0,0.0,0.0,1099.8,0.0,1099.8,11412.9,1463.8,0,0,0,0.0,0,F1,50,,,,,
2026-02-18,2026-02-18,FO,NSE,STO,86489,,BAJAJHLDNG,,2026-03-30,2026-03-30,9500.0,PE,BAJAJHLDNG26MAR9500PE,0.0,0.0,0.0,200.25,0.0,200.25,11412.9,14.15,0,0,0,0.0,0,F1,50,,,,,
2026-02-18,2026-02-18,FO,NSE,STO,74473,,BAJAJHLDNG,,2026-03-30,2026-03-30,10200.0,PE,BAJAJHLDNG26MAR10200PE,0.0,0.0,0.0,435.6,0.0,435.6,11412.9,69.85,0,0,0,0.0,0,F1,50,,,,,
2026-02-18,2026-02-18,FO,NSE,STO,74595,,BAJAJHLDNG,,2026-03-30,2026-03-30,10400.0,PE,BAJAJHLDNG26MAR10400PE,0.0,0.0,0.0,510.4,0.0,510.4,11412.9,101.55,0,0,0,0.0,0,F1,50,,,,,
2026-02-18,2026-02-18,FO,NSE,STO,86727,,BAJAJHLDNG,,2026-03-30,2026-03-30,11100.0,PE,BAJAJHLDNG26MAR11100PE,0.0,0.0,0.0,881.75,0.0,881.75,11412.9,297.75,0,0,0,0.0,0,F1,50,,,,,
2026-02-18,2026-02-18,FO,NSE,STO,74675,,BAJAJHLDNG,,2026-03-30,2026-03-30,11600.0,PE,BAJAJHLDNG26MAR11600PE,0.0,0.0,0.0,1114.25,0.0,1114.25,11412.9,534.3,0,0,0,0.0,0,F1,50,,,,,
2026-02-18,2026-02-18,FO,NSE,STO,86733,,BAJAJHLDNG,,2026-03-30,2026-03-30,11700.0,PE,BAJAJHLDNG26MAR11700PE,0.0,0.0,0.0,1285.05,0.0,1285.05,11412.9,591.55,0,0,0,0.0,0,F1,50,,,,,
2026-02-18,2026-02-18,FO,NSE,IDO,59983,,BANKNIFTY,,2026-02-24,2026-02-24,55700.0,CE,BANKNIFTY26FEB55700CE,0.0,0.0,0.0,3705.45,3705.45,3705.45,61550.8,5901.15,60,0,0,0.0,0,F1,30,,,,,
2026-02-18,2026-02-18,FO,NSE,IDO,60029,,BANKNIFTY,,2026-02-24,2026-02-24,56800.0,CE,BANKNIFTY26FEB56800CE,0.0,0.0,0.0,3760.9,3760.9,3760.9,61550.8,4802.15,2370,0,0,0.0,0,F1,30,,,,,
2026-02-18,2026-02-18,FO,NSE,IDO,67864,,BANKNIFTY,,2026-04-28,2026-04-28,63300.0,PE,BANKNIFTY26APR63300PE,0.0,0.0,0.0,2097.55,2097.55,2097.55,61550.8,2032.15,150,0,0,0.0,0,F1,30,,,,,
2026-02-18,2026-02-18,FO,NSE,IDO,67834,,BANKNIFTY,,2026-04-28,2026-04-28,62700.0,PE,BANKNIFTY26APR62700PE,0.0,0.0,0.0,3401.9,0.0,3401.9,61550.8,1675.9,0,0,0,0.0,0,F1,30,,,,,
2026-02-18,2026-02-18,FO,NSE,IDO,67727,,BANKNIFTY,,2026-04-28,2026-04-28,60600.0,PE,BANKNIFTY26APR60600PE,695.85,751.25,666.4,671.45,671.0,855.0,61550.8,671.45,1380,270,42,77265100.5,30,F1,30,,,,,
2026-02-18,2026-02-18,FO,NSE,IDO,67705,,BANKNIFTY,,2026-04-28,2026-04-28,59500.0,PE,BANKNIFTY26APR59500PE,460.35,478.35,435.1,439.45,437.0,490.65,61550.8,439.45,8730,990,139,250028901.0,76,F1,30,,,,,
2026-02-18,2026-02-18,FO,NSE,IDO,67523,,BANKNIFTY,,2026-04-28,2026-04-28,55700.0,PE,BANKNIFTY26APR55700PE,0.0,0.0,0.0,377.45,0.0,377.45,61550.8,34.45,0,0,0,0.0,0,F1,30,,,,,
2026-02-18,2026-02-18,FO,NSE,IDO,67479,,BANKNIFTY,,2026-04-28,2026-04-28,54200.0,PE,BANKNIFTY26APR54200PE,0.0,0.0,0.0,182.65,0.0,182.65,61550.8,8.85,0,0,0,0.0,0,F1,30,,,,,
2026-02-18,2026-02-18,FO,NSE,IDO,67455,,BANKNIFTY,,2026-04-28,2026-04-28,53000.0,PE,BANKNIFTY26APR53000PE,0.0,0.0,0.0,97.75,112.9,97.75,61550.8,2.55,60,0,0,0.0,0,F1,30,,,,,
2026-02-18,2026-02-18,FO,NSE,IDO,52715,,BANKNIFTY,,2026-03-30,2026-03-30,65300.0,PE,BANKNIFTY26MAR65300PE,0.0,0.0,0.0,5513.5,0.0,5513.5,61550.8,3505.7,0,0,0,0.0,0,F1,30,,,,,
2026-02-18,2026-02-18,FO,NSE,IDO,52657,,BANKNIFTY,,2026-03-30,2026-03-30,63100.0,PE,BANKNIFTY26MAR63100PE,0.0,0.0,0.0,2275.4,2275.4,2275.4,61550.8,1764.8,240,0,0,0.0,0,F1,30,,,,,
2026-02-18,2026-02-18,FO,NSE,IDO,52623,,BANKNIFTY,,2026-03-30,2026-03-30,61700.0,PE,BANKNIFTY26MAR61700PE,970.05,1003.0,828.7,845.7,854.0,1015.95,61550.8,845.7,8880,5670,666,1250462911.5,390,F1,30,,,,,
2026-02-18,2026-02-18,FO,NSE,IDO,52585,,BANKNIFTY,,2026-03-30,2026-03-30,60200.0,PE,BANKNIFTY26MAR60200PE,450.05,469.0,395.0,404.6,400.6,466.0,61550.8,404.6,24480,2910,583,1060324911.0,268,F1,30,,,,,
2026-02-18,2026-02-18,FO,NSE,IDO,52537,,BANKNIFTY,,2026-03-30,2026-03-30,58400.0,PE,BANKNIFTY26MAR58400PE,181.95,183.6,164.15,166.7,166.75,185.95,61550.8,166.7,7050,-2250,235,412914847.5,50,F1,30,,,,,
2026-02-18,2026-02-18,FO,NSE,IDO,52479,,BANKNIFTY,,2026-03-30,2026-03-30,56100.0,PE,BANKNIFTY26MAR56100PE,67.35,76.8,67.35,70.95,70.95,96.1,61550.8,10.35,1290,360,34,57293637.0,13,F1,30,,,,,
2026-02-18,2026-02-18,FO,NSE,IDO,52471,,BANKNIFTY,,2026-03-30,2026-03-30,55800.0,PE,BANKNIFTY26MAR55800PE,0.0,0.0,0.0,86.8,86.8,86.8,61550.8,7.2,990,0,0,0.0,0,F1,30,,,,,
2026-02-18,2026-02-18,FO,NSE,IDO,52463,,BANKNIFTY,,2026-03-30,2026-03-30,55300.0,PE,BANKNIFTY26MAR55300PE,0.0,0.0,0.0,68.65,68.65,68.65,61550.8,3.75,2040,0,0,0.0,0,F1,30,,,,,
2026-02-18,2026-02-18,FO,NSE,IDO,52419,,BANKNIFTY,,2026-03-30,2026-03-30,53700.0,PE,BANKNIFTY26MAR53700PE,0.0,0.0,0.0,149.85,0.0,149.85,61550.8,0.35,0,0,0,0.0,0,F1,30,,,,,
2026-02-18,2026-02-18,FO,NSE,IDO,58515,,BANKNIFTY,,2026-03-30,2026-03-30,48000.0,PE,BANKNIFTY26MAR48000PE,0.0,0.0,0.0,1227.7,0.0,1227.7,61550.8,0.05,0,0,0,0.0,0,F1,30,,,,,
2026-02-18,2026-02-18,FO,NSE,IDO,60368,,BANKNIFTY,,2026-02-24,2026-02-24,62100.0,PE,BANKNIFTY26FEB62100PE,1045.75,1087.4,686.0,723.35,727.6,1075.4,61550.8,723.35,4620,2250,583,1100680143.0,447,F1,30,,,,,
2026-02-18,2026-02-18,FO,NSE,IDO,60354,,BANKNIFTY,,2026-02-24,2026-02-24,61700.0,PE,BANKNIFTY26FEB61700PE,733.7,766.65,423.0,452.85,453.1,757.95,61550.8,452.85,53100,43020,12328,23020626484.5,9414,F1,30,,,,,
2026-02-18,2026-02-18,FO,NSE,IDO,60284,,BANKNIFTY,,2026-02-24,2026-02-24,61200.0,PE,BANKNIFTY26FEB61200PE,442.05,449.9,220.0,236.25,235.0,445.9,61550.8,236.25,438090,267780,221391,408660281970.0,144697,F1,30,,,,,
2026-02-18,2026-02-18,FO,NSE,IDO,60242,,BANKNIFTY,,2026-02-24,2026-02-24,59900.0,PE,BANKNIFTY26FEB59900PE,94.9,94.9,55.1,59.15,59.9,96.4,61550.8,59.15,184920,-27750,24196,43526611420.5,16824,F1,30,,,,,
2026-02-18,2026-02-18,FO,NSE,IDO,52520,,BANKNIFTY,,2026-03-30,2026-03-30,57800.0,CE,BANKNIFTY26MAR57800CE,0.0,0.0,0.0,3100.0,3100.0,3100.0,61550.8,4161.2,630,0,0,0.0,0,F1,30,,,,,
2026-02-18,2026-02-18,FO,NSE,IDO,52514,,BANKNIFTY,,2026-03-30,2026-03-30,57500.0,CE,BANKNIFTY26MAR57500CE,4080.0,4412.2,4080.0,4387.75,4386.6,3979.85,61550.8,4387.75,4590,120,30,55597369.5,22,F1,30,,,,,
2026-02-18,2026-02-18,FO,NSE,IDO,52462,,BANKNIFTY,,2026-03-30,2026-03-30,55300.0,CE,BANKNIFTY26MAR55300CE,0.0,0.0,0.0,4200.6,4217.35,4200.6,61550.8,6586.9,60,0,0,0.0,0,F1,30,,,,,
2026-02-18,2026-02-18,FO,NSE,IDO,60228,,BANKNIFTY,,2026-02-24,2026-02-24,59400.0,PE,BANKNIFTY26FEB59400PE,59.6,59.6,38.95,43.4,43.45,60.8,61550.8,43.4,159030,42720,13058,23286376999.5,6893,F1,30,,,,,
2026-02-18,2026-02-18,FO,NSE,IDO,60251,,BANKNIFTY,,2026-02-24,2026-02-24,60400.0,CE,BANKNIFTY26FEB60400CE,861.8,1247.85,800.0,1177.15,1162.85,868.7,61550.8,1177.15,157260,-12030,2475,4555528825.5,1704,F1,30,,,,,
2026-02-18,2026-02-18,FO,NSE,IDO,52297,,BANKNIFTY,,2026-09-29,2026-09-29,55500.0,CE,BANKNIFTY26SEP55500CE,0.0,0.0,0.0,5045.05,0.0,5045.05,61550.8,8136.2,0,0,0,0.0,0,F1,30,,,,,
2026-02-18,2026-02-18,FO,NSE,IDO,52358,,BANKNIFTY,,2026-09-29,2026-09-29,58500.0,CE,BANKNIFTY26SEP58500CE,0.0,0.0,0.0,3610.45,0.0,3610.45,61550.8,5687.65,0,0,0,0.0,0,F1,30,,,,,
2026-02-18,2026-02-18,FO,NSE,IDO,53244,,BANKNIFTY,,2026-12-29,2026-12-29,61500.0,CE,BANKNIFTY26DEC61500CE,0.0,0.0,0.0,4337.95,0.0,4337.95,61550.8,4597.5,0,0,0,0.0,0,F1,30,,,,,
2026-02-18,2026-02-18,FO,NSE,IDO,59917,,BANKNIFTY,,2026-02-24,2026-02-24,53000.0,PE,BANKNIFTY26FEB53000PE,4.75,7.55,4.7,6.95,6.3,6.55,61550.8,6.95,103080,-3420,4452,7079479464.0,2130,F1,30,,,,,
2026-02-18,2026-02-18,FO,NSE,IDO,59958,,BANKNIFTY,,2026-02-24,2026-02-24,54800.0,PE,BANKNIFTY26FEB54800PE,8.2,11.05,6.35,9.55,8.75,10.2,61550.8,9.55,7950,-270,402,661002466.5,348,F1,30,,,,,
2026-02-18,2026-02-18,FO,NSE,IDO,60021,,BANKNIFTY,,2026-02-24,2026-02-24,56400.0,PE,BANKNIFTY26FEB56400PE,17.05,17.05,10.6,15.15,15.8,17.65,61550.8,15.15,38250,8340,2595,4391808822.0,1782,F1,30,,,,,
2026-02-18,2026-02-18,FO,NSE,IDO,60032,,BANKNIFTY,,2026-02-24,2026-02-24,56900.0,PE,BANKNIFTY26FEB56900PE,16.85,19.05,13.35,17.4,17.65,20.65,61550.8,17.4,49260,24300,4196,7164580945.5,2597,F1,30,,,,,
2026-02-18,2026-02-18,FO,NSE,IDO,60080,,BANKNIFTY,,2026-02-24,2026-02-24,58300.0,PE,BANKNIFTY26FEB58300PE,28.7,38.25,22.85,27.65,27.35,35.0,61550.8,27.65,69030,1920,5194,9088434816.0,3298,F1,30,,,,,
2026-02-18,2026-02-18,FO,NSE,IDO,60244,,BANKNIFTY,,2026-02-24,2026-02-24,60000.0,PE,BANKNIFTY26FEB60000PE,89.2,109.95,59.7,62.8,63.85,104.95,61550.8,62.8,2270760,-277740,147897,266521620340.5,82475,F1,30,,,,,
2026-02-18,2026-02-18,FO,NSE,IDO,60507,,BANKNIFTY,,2026-02-24,2026-02-24,65800.0,PE,BANKNIFTY26FEB65800PE,0.0,0.0,0.0,6282.65,0.0,6282.65,61550.8,4189.75,0,0,0,0.0,0,F1,30,,,,,
2026-02-18,2026-02-18,FO,NSE,IDO,52357,,BANKNIFTY,,2026-03-30,2026-03-30,51500.0,PE,BANKNIFTY26MAR51500PE,0.0,0.0,0.0,21.55,21.55,21.55,61550.8,0.05,90,0,0,0.0,0,F1,30,,,,,
2026-02-18,2026-02-18,FO,NSE,IDO,52451,,BANKNIFTY,,2026-03-30,2026-03-30,54700.0,PE,BANKNIFTY26MAR54700PE,0.0,0.0,0.0,197.65,197.65,197.65,61550.8,1.65,570,0,0,0.0,0,F1,30,,,,,
2026-02-18,2026-02-18,FO,NSE,IDO,52531,,BANKNIFTY,,2026-03-30,2026-03-30,58100.0,PE,BANKNIFTY26MAR58100PE,148.45,159.4,145.75,151.05,153.05,161.65,61550.8,151.05,2460,150,39,68157207.0,29,F1,30,,,,,
2026-02-18,2026-02-18,FO,NSE,IDO,58653,,BANKNIFTY,,2026-03-30,2026-03-30,58500.0,PE,BANKNIFTY26MAR58500PE,199.25,199.25,172.1,176.7,176.95,196.2,61550.8,176.7,212095,31290,6588,11597857617.0,4524,F1,30,,,,,
2026-02-18,2026-02-18,FO,NSE,IDO,53221,,BANKNIFTY,,2026-12-29,2026-12-29,51000.0,PE,BANKNIFTY26DEC51000PE,0.0,0.0,0.0,358.95,0.0,358.95,61550.8,68.8,0,0,0,0.0,0,F1,30,,,,,
2026-02-18,2026-02-18,FO,NSE,IDO,52287,,BANKNIFTY,,2026-09-29,2026-09-29,54000.0,PE,BANKNIFTY26SEP54000PE,0.0,0.0,0.0,2057.45,0.0,2057.45,61550.8,136.15,0,0,0,0.0,0,F1,30,,,,,
2026-02-18,2026-02-18,FO,NSE,IDO,57779,,BANKNIFTY,,2026-06-30,2026-06-30,66000.0,PE,BANKNIFTY26JUN66000PE,0.0,0.0,0.0,7444.7,0.0,7444.7,61550.8,3951.5,0,0,0,0.0,0,F1,30,,,,,
2026-02-18,2026-02-18,FO,NSE,IDO,57718,,BANKNIFTY,,2026-06-30,2026-06-30,52500.0,PE,BANKNIFTY26JUN52500PE,0.0,0.0,0.0,1348.15,0.0,1348.15,61550.8,18.35,0,0,0,0.0,0,F1,30,,,,,
2026-02-18,2026-02-18,FO,NSE,IDO,68297,,BANKNIFTY,,2026-04-28,2026-04-28,68000.0,PE,BANKNIFTY26APR68000PE,0.0,0.0,0.0,7869.95,0.0,7869.95,61550.8,5840.15,0,0,0,0.0,0,F1,30,,,,,
2026-02-18,2026-02-18,FO,NSE,IDO,68256,,BANKNIFTY,,2026-04-28,2026-04-28,67500.0,PE,BANKNIFTY26APR67500PE,0.0,0.0,0.0,7405.8,0.0,7405.8,61550.8,5377.0,0,0,0,0.0,0,F1,30,,,,,
2026-02-18,2026-02-18,FO,NSE,IDO,67984,,BANKNIFTY,,2026-04-28,2026-04-28,65300.0,PE,BANKNIFTY26APR65300PE,0.0,0.0,0.0,5445.95,0.0,5445.95,61550.8,3470.0,0,0,0,0.0,0,F1,30,,,,,
2026-02-18,2026-02-18,FO,NSE,IDO,67922,,BANKNIFTY,,2026-04-28,2026-04-28,64700.0,PE,BANKNIFTY26APR64700PE,0.0,0.0,0.0,4942.65,0.0,4942.65,61550.8,3002.3,0,0,0,0.0,0,F1,30,,,,,
2026-02-18,2026-02-18,FO,NSE,IDO,67829,,BANKNIFTY,,2026-04-28,2026-04-28,62500.0,PE,BANKNIFTY26APR62500PE,1610.45,1610.45,1364.8,1388.8,1389.95,1610.45,61550.8,1388.8,2490,30,44,84424435.5,41,F1,30,,,,,
2026-02-18,2026-02-18,FO,NSE,IDO,67707,,BANKNIFTY,,2026-04-28,2026-04-28,59600.0,PE,BANKNIFTY26APR59600PE,0.0,0.0,0.0,509.45,509.45,509.45,61550.8,457.05,1260,0,0,0.0,0,F1,30,,,,,
2026-02-18,2026-02-18,FO,NSE,IDO,67697,,BANKNIFTY,,2026-04-28,2026-04-28,59100.0,PE,BANKNIFTY26APR59100PE,0.0,0.0,0.0,413.95,413.95,413.95,61550.8,350.5,300,0,0,0.0,0,F1,30,,,,,
2026-02-18,2026-02-18,FO,NSE,IDO,52694,,BANKNIFTY,,2026-03-30,2026-03-30,64200.0,CE,BANKNIFTY26MAR64200CE,0.0,0.0,0.0,523.85,0.0,523.85,61550.8,312.25,0,0,0,0.0,0,F1,30,,,,,
2026-02-18,2026-02-18,FO,NSE,IDO,67472,,BANKNIFTY,,2026-04-28,2026-04-28,53900.0,CE,BANKNIFTY26APR53900CE,0.0,0.0,0.0,6286.7,0.0,6286.7,61550.8,8214.9,0,0,0,0.0,0,F1,30,,,,,
2026-02-18,2026-02-18,FO,NSE,IDO,67486,,BANKNIFTY,,2026-04-28,2026-04-28,54500.0,CE,BANKNIFTY26APR54500CE,0.0,0.0,0.0,5753.2,0.0,5753.2,61550.8,7626.35,0,0,0,0.0,0,F1,30,,,,,
2026-02-18,2026-02-18,FO,NSE,IDO,67488,,BANKNIFTY,,2026-04-28,2026-04-28,54600.0,CE,BANKNIFTY26APR54600CE,0.0,0.0,0.0,5665.75,0.0,5665.75,61550.8,7528.55,0,0,0,0.0,0,F1,30,,,,,
2026-02-18,2026-02-18,FO,NSE,IDO,67496,,BANKNIFTY,,2026-04-28,2026-04-28,55000.0,CE,BANKNIFTY26APR55000CE,6750.0,6750.0,6750.0,6750.0,6750.0,6600.0,61550.8,7138.5,540,30,1,1852500.0,1,F1,30,,,,,
2026-02-18,2026-02-18,FO,NSE,IDO,67538,,BANKNIFTY,,2026-04-28,2026-04-28,56500.0,CE,BANKNIFTY26APR56500CE,0.0,0.0,0.0,4940.0,4940.0,4940.0,61550.8,5700.15,180,0,0,0.0,0,F1,30,,,,,
2026-02-18,2026-02-18,FO,NSE,IDO,67600,,BANKNIFTY,,2026-04-28,2026-04-28,57800.0,CE,BANKNIFTY26APR57800CE,4185.3,4185.3,4185.3,4185.3,4185.3,3166.5,61550.8,4510.1,60,60,2,3719118.0,1,F1,30,,,,,
2026-02-18,2026-02-18,FO,NSE,IDO,67604,,BANKNIFTY,,2026-04-28,2026-04-28,57900.0,CE,BANKNIFTY26APR57900CE,4094.9,4094.9,4094.9,4094.9,4094.9,3099.85,61550.8,4421.85,60,60,2,3719694.0,1,F1,30,,,,,
2026-02-18,2026-02-18,FO,NSE,IDO,67635,,BANKNIFTY,,2026-04-28,2026-04-28,58600.0,CE,BANKNIFTY26APR58600CE,0.0,0.0,0.0,2655.65,0.0,2655.65,61550.8,3821.0,0,0,0,0.0,0,F1,30,,,,,
2026-02-18,2026-02-18,FO,NSE,IDO,67700,,BANKNIFTY,,2026-04-28,2026-04-28,59300.0,CE,BANKNIFTY26APR59300CE,0.0,0.0,0.0,2274.95,2274.95,2274.95,61550.8,3254.75,30,0,0,0.0,0,F1,30,,,,,
2026-02-18,2026-02-18,FO,NSE,IDO,67702,,BANKNIFTY,,2026-04-28,2026-04-28,59400.0,CE,BANKNIFTY26APR59400CE,0.0,0.0,0.0,2584.85,2584.85,2584.85,61550.8,3177.05,30,0,0,0.0,0,F1,30,,,,,
2026-02-18,2026-02-18,FO,NSE,IDO,67720,,BANKNIFTY,,2026-04-28,2026-04-28,60300.0,CE,BANKNIFTY26APR60300CE,0.0,0.0,0.0,1747.0,0.0,1747.0,61550.8,2518.75,0,0,0,0.0,0,F1,30,,,,,
2026-02-18,2026-02-18,FO,NSE,IDO,67778,,BANKNIFTY,,2026-04-28,2026-04-28,61500.0,CE,BANKNIFTY26APR61500CE,1358.55,1621.05,1358.55,1587.6,1574.75,1393.35,61550.8,1587.6,5730,2850,207,391489182.0,158,F1,30,,,,,
2026-02-18,2026-02-18,FO,NSE,IDO,67866,,BANKNIFTY,,2026-04-28,2026-04-28,63400.0,CE,BANKNIFTY26APR63400CE,0.0,0.0,0.0,693.25,0.0,693.25,61550.8,901.75,0,0,0,0.0,0,F1,30,,,,,
2026-02-18,2026-02-18,FO,NSE,IDO,67919,,BANKNIFTY,,2026-04-28,2026-04-28,64600.0,CE,BANKNIFTY26APR64600CE,0.0,0.0,0.0,455.15,0.0,455.15,61550.8,546.1,0,0,0,0.0,0,F1,30,,,,,
2026-02-18,2026-02-18,FO,NSE,IDO,67929,,BANKNIFTY,,2026-04-28,2026-04-28,65100.0,CE,BANKNIFTY26APR65100CE,0.0,0.0,0.0,378.8,0.0,378.8,61550.8,435.2,0,0,0,0.0,0,F1,30,,,,,
2026-02-18,2026-02-18,FO,NSE,IDO,68156,,BANKNIFTY,,2026-04-28,2026-04-28,65500.0,CE,BANKNIFTY26APR65500CE,0.0,0.0,0.0,325.7,0.0,325.7,61550.8,360.15,0,0,0,0.0,0,F1,30,,,,,
2026-02-18,2026-02-18,FO,NSE,IDO,68296,,BANKNIFTY,,2026-04-28,2026-04-28,68000.0,CE,BANKNIFTY26APR68000CE,0.0,0.0,0.0,116.75,0.0,116.75,61550.8,94.3,0,0,0,0.0,0,F1,30,,,,,
2026-02-18,2026-02-18,FO,NSE,IDO,68306,,BANKNIFTY,,2026-04-28,2026-04-28,68500.0,CE,BANKNIFTY26APR68500CE,0.0,0.0,0.0,93.5,0.0,93.5,61550.8,69.85,0,0,0,0.0,0,F1,30,,,,,
2026-02-18,2026-02-18,FO,NSE,IDO,57750,,BANKNIFTY,,2026-06-30,2026-06-30,58500.0,CE,BANKNIFTY26JUN58500CE,4281.45,4550.0,4281.45,4515.25,4523.1,4240.0,61550.8,4515.25,1860,600,22,41527194.0,22,F1,30,,,,,
2026-02-18,2026-02-18,FO,NSE,IDO,57782,,BANKNIFTY,,2026-06-30,2026-06-30,67500.0,CE,BANKNIFTY26JUN67500CE,0.0,0.0,0.0,2222.25,0.0,2222.25,61550.8,494.55,0,0,0,0.0,0,F1,30,,,,,
2026-02-18,2026-02-18,FO,NSE,IDO,52404,,BANKNIFTY,,2026-09-29,2026-09-29,63000.0,CE,BANKNIFTY26SEP63000CE,0.0,0.0,0.0,2059.8,0.0,2059.8,61550.8,2842.4,0,0,0,0.0,0,F1,30,,,,,
2026-02-18,2026-02-18,FO,NSE,IDO,59984,,BANKNIFTY,,2026-02-24,2026-02-24,55700.0,PE,BANKNIFTY26FEB55700PE,10.05,19.25,8.35,12.75,13.4,14.15,61550.8,12.75,29850,2130,2364,3951003852.0,1135,F1,30,,,,,
2026-02-18,2026-02-18,FO,NSE,IDO,59986,,BANKNIFTY,,2026-02-24,2026-02-24,55800.0,PE,BANKNIFTY26FEB55800PE,15.0,15.0,8.15,12.7,12.6,13.35,61550.8,12.7,15420,240,665,1113422265.0,323,F1,30,,,,,
2026-02-18,2026-02-18,FO,NSE,IDO,60034,,BANKNIFTY,,2026-02-24,2026-02-24,57000.0,PE,BANKNIFTY26FEB57000PE,16.8,19.15,13.65,17.1,17.5,21.05,61550.8,17.1,749190,80520,70615,120786048010.5,32906,F1,30,,,,,
2026-02-18,2026-02-18,FO,NSE,IDO,60040,,BANKNIFTY,,2026-02-24,2026-02-24,57100.0,PE,BANKNIFTY26FEB57100PE,17.0,22.0,14.75,18.45,18.9,22.9,61550.8,18.45,46920,16680,2518,4314673563.0,1902,F1,30,,,,,
2026-02-18,2026-02-18,FO,NSE,IDO,60343,,BANKNIFTY,,2026-02-24,2026-02-24,61500.0,PE,BANKNIFTY26FEB61500PE,583.85,621.15,326.6,350.2,350.2,620.75,61550.8,350.2,593760,408210,136264,253165913223.0,93754,F1,30,,,,,
2026-02-18,2026-02-18,FO,NSE,IDO,60386,,BANKNIFTY,,2026-02-24,2026-02-24,62600.0,PE,BANKNIFTY26FEB62600PE,1200.0,1200.0,1174.25,1174.25,1174.25,1990.6,61550.8,1174.25,360,150,15,28702888.5,4,F1,30,,,,,
2026-02-18,2026-02-18,FO,NSE,IDO,60404,,BANKNIFTY,,2026-02-24,2026-02-24,63200.0,PE,BANKNIFTY26FEB63200PE,0.0,0.0,0.0,2269.0,2269.0,2269.0,61550.8,1622.05,60,0,0,0.0,0,F1,30,,,,,
2026-02-18,2026-02-18,FO,NSE,IDO,60430,,BANKNIFTY,,2026-02-24,2026-02-24,64400.0,PE,BANKNIFTY26FEB64400PE,0.0,0.0,0.0,3226.85,3226.85,3226.85,61550.8,2792.45,360,0,0,0.0,0,F1,30,,,,,
2026-02-18,2026-02-18,FO,NSE,IDO,60458,,BANKNIFTY,,2026-02-24,2026-02-24,65200.0,PE,BANKNIFTY26FEB65200PE,0.0,0.0,0.0,5455.8,5495.2,5455.8,61550.8,3590.4,60,0,0,0.0,0,F1,30,,,,,
2026-02-18,2026-02-18,FO,NSE,IDO,60477,,BANKNIFTY,,2026-02-24,2026-02-24,65600.0,PE,BANKNIFTY26FEB65600PE,0.0,0.0,0.0,6108.15,0.0,6108.15,61550.8,3989.95,0,0,0,0.0,0,F1,30,,,,,
2026-02-18,2026-02-18,FO,NSE,IDO,52417,,BANKNIFTY,,2026-03-30,2026-03-30,53600.0,PE,BANKNIFTY26MAR53600PE,0.0,0.0,0.0,141.95,0.0,141.95,61550.8,0.3,0,0,0,0.0,0,F1,30,,,,,
2026-02-18,2026-02-18,FO,NSE,IDO,52436,,BANKNIFTY,,2026-03-30,2026-03-30,54200.0,PE,BANKNIFTY26MAR54200PE,0.0,0.0,0.0,163.45,163.45,163.45,61550.8,0.8,450,0,0,0.0,0,F1,30,,,,,
2026-02-18,2026-02-18,FO,NSE,IDO,52459,,BANKNIFTY,,2026-03-30,2026-03-30,55100.0,PE,BANKNIFTY26MAR55100PE,0.0,0.0,0.0,80.2,80.2,80.2,61550.8,2.9,2340,0,0,0.0,0,F1,30,,,,,
2026-02-18,2026-02-18,FO,NSE,IDO,58602,,BANKNIFTY,,2026-03-30,2026-03-30,55500.0,PE,BANKNIFTY26MAR55500PE,56.2,64.0,55.2,58.95,55.2,63.0,61550.8,58.95,34305,3720,1264,2106882600.0,675,F1,30,,,,,
2026-02-18,2026-02-18,FO,NSE,IDO,52469,,BANKNIFTY,,2026-03-30,2026-03-30,55700.0,PE,BANKNIFTY26MAR55700PE,0.0,0.0,0.0,104.9,104.9,104.9,61550.8,6.35,750,0,0,0.0,0,F1,30,,,,,
2026-02-18,2026-02-18,FO,NSE,IDO,52489,,BANKNIFTY,,2026-03-30,2026-03-30,56300.0,PE,BANKNIFTY26MAR56300PE,84.35,84.35,74.2,76.05,76.05,80.35,61550.8,13.1,1680,-60,19,32135571.0,4,F1,30,,,,,
2026-02-18,2026-02-18,FO,NSE,IDO,52517,,BANKNIFTY,,2026-03-30,2026-03-30,57600.0,PE,BANKNIFTY26MAR57600PE,124.4,124.4,114.7,116.8,114.7,128.95,61550.8,116.8,4140,270,93,161038974.0,54,F1,30,,,,,
2026-02-18,2026-02-18,FO,NSE,IDO,52521,,BANKNIFTY,,2026-03-30,2026-03-30,57800.0,PE,BANKNIFTY26MAR57800PE,132.25,141.1,123.7,129.55,130.0,144.7,61550.8,129.55,5100,210,43,74731230.0,25,F1,30,,,,,
2026-02-18,2026-02-18,FO,NSE,IDO,52529,,BANKNIFTY,,2026-03-30,2026-03-30,58000.0,PE,BANKNIFTY26MAR58000PE,157.45,157.5,136.85,140.8,138.9,158.35,61550.8,140.8,292230,-390,10060,17548568686.5,5946,F1,30,,,,,
2026-02-18,2026-02-18,FO,NSE,IDO,52561,,BANKNIFTY,,2026-03-30,2026-03-30,59100.0,PE,BANKNIFTY26MAR59100PE,245.0,259.25,229.3,232.65,230.9,266.35,61550.8,232.65,7140,720,158,281278072.5,68,F1,30,,,,,
2026-02-18,2026-02-18,FO,NSE,IDO,58655,,BANKNIFTY,,2026-03-30,2026-03-30,60000.0,PE,BANKNIFTY26MAR60000PE,419.95,425.0,358.0,366.95,362.0,425.45,61550.8,366.95,547885,218940,18174,32925325902.0,11979,F1,30,,,,,
2026-02-18,2026-02-18,FO,NSE,IDO,52597,,BANKNIFTY,,2026-03-30,2026-03-30,60600.0,PE,BANKNIFTY26MAR60600PE,593.0,593.0,481.6,489.8,489.15,580.4,61550.8,489.8,37350,11760,1124,2060867134.5,537,F1,30,,,,,
2026-02-18,2026-02-18,FO,NSE,IDO,52627,,BANKNIFTY,,2026-03-30,2026-03-30,61800.0,PE,BANKNIFTY26MAR61800PE,1035.05,1076.3,870.0,888.8,888.75,1067.75,61550.8,888.8,6180,3180,443,833735166.0,310,F1,30,,,,,
2026-02-18,2026-02-18,FO,NSE,IDO,52639,,BANKNIFTY,,2026-03-30,2026-03-30,62400.0,PE,BANKNIFTY26MAR62400PE,1350.0,1350.0,1177.15,1177.15,1177.15,1400.0,61550.8,1177.15,810,180,7,13357887.0,3,F1,30,,,,,
2026-02-18,2026-02-18,FO,NSE,IDO,52691,,BANKNIFTY,,2026-03-30,2026-03-30,64000.0,PE,BANKNIFTY26MAR64000PE,2636.5,2636.5,2300.0,2318.5,2315.65,2644.1,61550.8,2318.5,8250,990,77,153521428.5,64,F1,30,,,,,
2026-02-18,2026-02-18,FO,NSE,IDO,67511,,BANKNIFTY,,2026-04-28,2026-04-28,55200.0,PE,BANKNIFTY26APR55200PE,0.0,0.0,0.0,300.05,0.0,300.05,61550.8,22.45,0,0,0,0.0,0,F1,30,,,,,
2026-02-18,2026-02-18,FO,NSE,IDO,67521,,BANKNIFTY,,2026-04-28,2026-04-28,55600.0,PE,BANKNIFTY26APR55600PE,0.0,0.0,0.0,360.85,0.0,360.85,61550.8,31.7,0,0,0,0.0,0,F1,30,,,,,
2026-02-18,2026-02-18,FO,NSE,IDO,67527,,BANKNIFTY,,2026-04-28,2026-04-28,55900.0,PE,BANKNIFTY26APR55900PE,0.0,0.0,0.0,412.4,0.0,412.4,61550.8,40.6,0,0,0,0.0,0,F1,30,,,,,
2026-02-18,2026-02-18,FO,NSE,IDO,67543,,BANKNIFTY,,2026-04-28,2026-04-28,56700.0,PE,BANKNIFTY26APR56700PE,0.0,0.0,0.0,577.15,0.0,577.15,61550.8,75.4,0,0,0,0.0,0,F1,30,,,,,
2026-02-18,2026-02-18,FO,NSE,IDO,67547,,BANKNIFTY,,2026-04-28,2026-04-28,56900.0,PE,BANKNIFTY26APR56900PE,0.0,0.0,0.0,625.0,0.0,625.0,61550.8,87.25,0,0,0,0.0,0,F1,30,,,,,
2026-02-18,2026-02-18,FO,NSE,IDO,67632,,BANKNIFTY,,2026-04-28,2026-04-28,58400.0,PE,BANKNIFTY26APR58400PE,296.05,303.1,275.15,275.2,275.25,310.95,61550.8,275.2,480,270,20,35216802.0,20,F1,30,,,,,
2026-02-18,2026-02-18,FO,NSE,IDO,67725,,BANKNIFTY,,2026-04-28,2026-04-28,60500.0,PE,BANKNIFTY26APR60500PE,720.0,720.0,633.9,642.4,641.6,725.15,61550.8,642.4,11490,1380,205,376204080.0,104,F1,30,,,,,
2026-02-18,2026-02-18,FO,NSE,IDO,67772,,BANKNIFTY,,2026-04-28,2026-04-28,61300.0,PE,BANKNIFTY26APR61300PE,1005.75,1012.75,869.35,895.3,881.7,1000.55,61550.8,895.3,1320,870,86,160566753.0,73,F1,30,,,,,
2026-02-18,2026-02-18,FO,NSE,IDO,67786,,BANKNIFTY,,2026-04-28,2026-04-28,61600.0,PE,BANKNIFTY26APR61600PE,1003.8,1007.45,980.0,988.0,990.85,2666.4,61550.8,988.0,360,360,12,22535001.0,12,F1,30,,,,,
2026-02-18,2026-02-18,FO,NSE,IDO,67818,,BANKNIFTY,,2026-04-28,2026-04-28,62100.0,PE,BANKNIFTY26APR62100PE,0.0,0.0,0.0,2989.7,0.0,2989.7,61550.8,1358.65,0,0,0,0.0,0,F1,30,,,,,
2026-02-18,2026-02-18,FO,NSE,IDO,67894,,BANKNIFTY,,2026-04-28,2026-04-28,64300.0,PE,BANKNIFTY26APR64300PE,0.0,0.0,0.0,4616.65,0.0,4616.65,61550.8,2706.7,0,0,0,0.0,0,F1,30,,,,,
2026-02-18,2026-02-18,FO,NSE,IDO,68197,,BANKNIFTY,,2026-04-28,2026-04-28,66500.0,PE,BANKNIFTY26APR66500PE,0.0,0.0,0.0,6495.9,0.0,6495.9,61550.8,4479.05,0,0,0,0.0,0,F1,30,,,,,
2026-02-18,2026-02-18,FO,NSE,IDO,68228,,BANKNIFTY,,2026-04-28,2026-04-28,67000.0,PE,BANKNIFTY26APR67000PE,0.0,0.0,0.0,6947.45,0.0,6947.45,61550.8,4922.7,0,0,0,0.0,0,F1,30,,,,,
2026-02-18,2026-02-18,FO,NSE,IDO,57720,,BANKNIFTY,,2026-06-30,2026-06-30,54000.0,PE,BANKNIFTY26JUN54000PE,0.0,0.0,0.0,1740.25,0.0,1740.25,61550.8,49.45,0,0,0,0.0,0,F1,30,,,,,
2026-02-18,2026-02-18,FO,NSE,IDO,52716,,BANKNIFTY,,2026-03-30,2026-03-30,65400.0,CE,BANKNIFTY26MAR65400CE,0.0,0.0,0.0,338.7,0.0,338.7,61550.8,138.55,0,0,0,0.0,0,F1,30,,,,,
2026-02-18,2026-02-18,FO,NSE,IDO,52594,,BANKNIFTY,,2026-03-30,2026-03-30,60500.0,CE,BANKNIFTY26MAR60500CE,1500.95,1835.25,1452.95,1785.75,1763.85,1499.75,61550.8,1785.75,117480,-10920,2604,4855066884.0,1770,F1,30,,,,,
2026-02-18,2026-02-18,FO,NSE,IDO,52578,,BANKNIFTY,,2026-03-30,2026-03-30,59800.0,CE,BANKNIFTY26MAR59800CE,2055.0,2290.0,2055.0,2290.0,2290.0,2025.9,61550.8,2426.95,8070,120,6,11152615.5,6,F1,30,,,,,
2026-02-18,2026-02-18,FO,NSE,IDO,52564,,BANKNIFTY,,2026-03-30,2026-03-30,59300.0,CE,BANKNIFTY26MAR59300CE,2507.25,2608.1,2507.25,2606.85,2606.85,2405.15,61550.8,2828.9,1890,120,4,7424088.0,4,F1,30,,,,,
2026-02-18,2026-02-18,FO,NSE,IDO,52546,,BANKNIFTY,,2026-03-30,2026-03-30,58700.0,CE,BANKNIFTY26MAR58700CE,2956.3,2956.3,2956.3,2956.3,2956.3,2926.9,61550.8,3342.4,1560,-30,1,1849689.0,1,F1,30,,,,,
2026-02-18,2026-02-18,FO,NSE,IDO,52510,,BANKNIFTY,,2026-03-30,2026-03-30,57300.0,CE,BANKNIFTY26MAR57300CE,4489.6,4519.7,4489.6,4516.9,4516.9,4186.75,61550.8,4633.9,150,0,3,5562786.0,3,F1,30,,,,,
2026-02-18,2026-02-18,FO,NSE,IDO,52502,,BANKNIFTY,,2026-03-30,2026-03-30,56900.0,CE,BANKNIFTY26MAR56900CE,0.0,0.0,0.0,2866.1,2866.1,2866.1,61550.8,5018.3,30,0,0,0.0,0,F1,30,,,,,
2026-02-18,2026-02-18,FO,NSE,IDO,52490,,BANKNIFTY,,2026-03-30,2026-03-30,56400.0,CE,BANKNIFTY26MAR56400CE,0.0,0.0,0.0,4312.95,4312.95,4312.95,61550.8,5504.4,60,0,0,0.0,0,F1,30,,,,,
2026-02-18,2026-02-18,FO,NSE,IDO,52454,,BANKNIFTY,,2026-03-30,2026-03-30,54900.0,CE,BANKNIFTY26MAR54900CE,0.0,0.0,0.0,4451.85,4451.85,4451.85,61550.8,6982.9,30,0,0,0.0,0,F1,30,,,,,
2026-02-18,2026-02-18,FO,NSE,IDO,52437,,BANKNIFTY,,2026-03-30,2026-03-30,54300.0,CE,BANKNIFTY26MAR54300CE,0.0,0.0,0.0,5418.9,5418.9,5418.9,61550.8,7578.0,30,0,0,0.0,0,F1,30,,,,,
2026-02-18,2026-02-18,FO,NSE,IDO,52400,,BANKNIFTY,,2026-03-30,2026-03-30,53000.0,CE,BANKNIFTY26MAR53000CE,8500.0,8600.0,8420.75,8600.0,8600.0,8439.0,61550.8,8869.4,6360,2160,72,132739257.0,72,F1,30,,,,,
2026-02-18,2026-02-18,FO,NSE,IDO,52356,,BANKNIFTY,,2026-03-30,2026-03-30,51500.0,CE,BANKNIFTY26MAR51500CE,9950.0,9950.0,9900.0,9900.0,9900.0,9475.0,61550.8,10360.3,1020,60,2,3685500.0,2,F1,30,,,,,
2026-02-18,2026-02-18,FO,NSE,IDO,60478,,BANKNIFTY,,2026-02-24,2026-02-24,65700.0,CE,BANKNIFTY26FEB65700CE,4.5,5.8,3.5,4.3,4.4,5.3,61550.8,4.3,4800,720,239,471100710.0,88,F1,30,,,,,
2026-02-18,2026-02-18,FO,NSE,IDO,60463,,BANKNIFTY,,2026-02-24,2026-02-24,65400.0,CE,BANKNIFTY26FEB65400CE,4.55,5.9,3.85,4.4,5.2,5.8,61550.8,4.4,1920,270,146,286474041.0,76,F1,30,,,,,
2026-02-18,2026-02-18,FO,NSE,IDO,60445,,BANKNIFTY,,2026-02-24,2026-02-24,65000.0,CE,BANKNIFTY26FEB65000CE,5.75,6.3,4.0,4.6,4.05,5.8,61550.8,4.6,580470,-22110,36588,71352352032.0,18565,F1,30,,,,,
2026-02-18,2026-02-18,FO,NSE,IDO,60376,,BANKNIFTY,,2026-02-24,2026-02-24,62400.0,CE,BANKNIFTY26FEB62400CE,45.0,84.5,35.3,68.2,61.4,49.15,61550.8,68.2,115590,34620,34980,65540432686.5,21951,F1,30,,,,,
2026-02-18,2026-02-18,FO,NSE,IDO,60273,,BANKNIFTY,,2026-02-24,2026-02-24,61200.0,CE,BANKNIFTY26FEB61200CE,340.25,583.75,280.1,522.5,512.35,347.05,61550.8,522.5,245610,-109590,326216,602539237216.5,218558,F1,30,,,,,
2026-02-18,2026-02-18,FO,NSE,IDO,59872,,BANKNIFTY,,2026-02-24,2026-02-24,51500.0,CE,BANKNIFTY26FEB51500CE,9750.0,10000.0,9680.0,10000.0,10000.0,9480.35,61550.8,10000.0,12630,-240,10,18398667.0,9,F1,30,,,,,
2026-02-18,2026-02-18,FO,NSE,IDO,59966,,BANKNIFTY,,2026-02-24,2026-02-24,54900.0,CE,BANKNIFTY26FEB54900CE,0.0,0.0,0.0,3985.4,3993.15,3985.4,61550.8,6700.4,60,0,0,0.0,0,F1,30,,,,,
2026-02-18,2026-02-18,FO,NSE,IDO,60000,,BANKNIFTY,,2026-02-24,2026-02-24,56100.0,CE,BANKNIFTY26FEB56100CE,0.0,0.0,0.0,4700.1,4700.1,4700.1,61550.8,5501.5,30,0,0,0.0,0,F1,30,,,,,
2026-02-18,2026-02-18,FO,NSE,IDO,60210,,BANKNIFTY,,2026-02-24,2026-02-24,59100.0,CE,BANKNIFTY26FEB59100CE,2250.0,2457.0,2250.0,2409.1,2405.3,2034.35,61550.8,2409.1,44190,-270,17,31346764.5,16,F1,30,,,,,
2026-02-18,2026-02-18,FO,NSE,IDO,60212,,BANKNIFTY,,2026-02-24,2026-02-24,59200.0,CE,BANKNIFTY26FEB59200CE,1999.3,2332.1,1997.75,2311.25,2320.0,1951.4,61550.8,2311.25,36540,-300,32,58873905.0,26,F1,30,,,,,
2026-02-18,2026-02-18,FO,NSE,IDO,60225,,BANKNIFTY,,2026-02-24,2026-02-24,59400.0,CE,BANKNIFTY26FEB59400CE,1820.0,2199.0,1743.6,2169.6,2130.0,1759.6,61550.8,2169.6,48150,-1170,132,242948794.5,90,F1,30,,,,,
2026-02-18,2026-02-18,FO,NSE,IDO,60247,,BANKNIFTY,,2026-02-24,2026-02-24,60200.0,CE,BANKNIFTY26FEB60200CE,1020.05,1435.9,971.85,1363.9,1349.0,1033.0,61550.8,1363.9,72300,-17190,2048,3769206814.5,1478,F1,30,,,,,
2026-02-18,2026-02-18,FO,NSE,IDO,60268,,BANKNIFTY,,2026-02-24,2026-02-24,61000.0,CE,BANKNIFTY26FEB61000CE,480.35,733.15,381.2,670.25,655.2,451.25,61550.8,670.25,601050,-269280,222265,410059552096.5,144082,F1,30,,,,,
2026-02-18,2026-02-18,FO,NSE,IDO,52642,,BANKNIFTY,,2026-03-30,2026-03-30,62600.0,CE,BANKNIFTY26MAR62600CE,410.95,573.3,403.25,544.7,522.2,407.35,61550.8,544.7,1890,540,154,291522790.5,113,F1,30,,,,,
2026-02-18,2026-02-18,FO,NSE,IDO,52666,,BANKNIFTY,,2026-03-30,2026-03-30,63300.0,CE,BANKNIFTY26MAR63300CE,0.0,0.0,0.0,713.55,0.0,713.55,61550.8,532.75,0,0,0,0.0,0,F1,30,,,,,
2026-02-18,2026-02-18,FO,NSE,IDO,68255,,BANKNIFTY,,2026-04-28,2026-04-28,67500.0,CE,BANKNIFTY26APR67500CE,63.95,72.0,63.95,66.15,66.15,63.7,61550.8,66.15,2730,90,30,60812464.5,13,F1,30,,,,,
2026-02-18,2026-02-18,FO,NSE,IDO,67986,,BANKNIFTY,,2026-04-28,2026-04-28,65400.0,CE,BANKNIFTY26APR65400CE,0.0,0.0,0.0,338.35,0.0,338.35,61550.8,377.85,0,0,0,0.0,0,F1,30,,,,,
2026-02-18,2026-02-18,FO,NSE,IDO,67925,,BANKNIFTY,,2026-04-28,2026-04-28,64900.0,CE,BANKNIFTY26APR64900CE,0.0,0.0,0.0,407.95,0.0,407.95,61550.8,477.2,0,0,0,0.0,0,F1,30,,,,,
2026-02-18,2026-02-18,FO,NSE,IDO,67893,,BANKNIFTY,,2026-04-28,2026-04-28,64300.0,CE,BANKNIFTY26APR64300CE,0.0,0.0,0.0,506.8,0.0,506.8,61550.8,622.6,0,0,0,0.0,0,F1,30,,,,,
2026-02-18,2026-02-18,FO,NSE,IDO,67858,,BANKNIFTY,,2026-04-28,2026-04-28,63100.0,CE,BANKNIFTY26APR63100CE,0.0,0.0,0.0,762.25,0.0,762.25,61550.8,1012.65,0,0,0,0.0,0,F1,30,,,,,
2026-02-18,2026-02-18,FO,NSE,IDO,67799,,BANKNIFTY,,2026-04-28,2026-04-28,62000.0,CE,BANKNIFTY26APR62000CE,1109.95,1324.0,1060.0,1291.6,1286.7,1099.6,61550.8,1291.6,27060,8190,860,1630366585.5,529,F1,30,,,,,
2026-02-18,2026-02-18,FO,NSE,IDO,67793,,BANKNIFTY,,2026-04-28,2026-04-28,61800.0,CE,BANKNIFTY26APR61800CE,1220.0,1220.0,1217.45,1217.45,1217.45,1217.15,61550.8,1604.95,870,0,2,3781123.5,2,F1,30,,,,,
2026-02-18,2026-02-18,FO,NSE,IDO,67769,,BANKNIFTY,,2026-04-28,2026-04-28,61300.0,CE,BANKNIFTY26APR61300CE,0.0,0.0,0.0,1325.85,0.0,1325.85,61550.8,1882.45,0,0,0,0.0,0,F1,30,,,,,
2026-02-18,2026-02-18,FO,NSE,IDO,67763,,BANKNIFTY,,2026-04-28,2026-04-28,61100.0,CE,BANKNIFTY26APR61100CE,0.0,0.0,0.0,1403.55,0.0,1403.55,61550.8,2001.2,0,0,0,0.0,0,F1,30,,,,,
2026-02-18,2026-02-18,FO,NSE,IDO,67718,,BANKNIFTY,,2026-04-28,2026-04-28,60200.0,CE,BANKNIFTY26APR60200CE,0.0,0.0,0.0,1793.7,0.0,1793.7,61550.8,2588.05,0,0,0,0.0,0,F1,30,,,,,
2026-02-18,2026-02-18,FO,NSE,IDO,67633,,BANKNIFTY,,2026-04-28,2026-04-28,58500.0,CE,BANKNIFTY26APR58500CE,3600.0,3825.1,3600.0,3808.8,3825.1,3500.0,61550.8,3808.8,420,90,4,7470789.0,4,F1,30,,,,,
2026-02-18,2026-02-18,FO,NSE,IDO,67542,,BANKNIFTY,,2026-04-28,2026-04-28,56700.0,CE,BANKNIFTY26APR56700CE,0.0,0.0,0.0,3950.9,0.0,3950.9,61550.8,5512.7,0,0,0,0.0,0,F1,30,,,,,
2026-02-18,2026-02-18,FO,NSE,IDO,67478,,BANKNIFTY,,2026-04-28,2026-04-28,54200.0,CE,BANKNIFTY26APR54200CE,0.0,0.0,0.0,6018.15,0.0,6018.15,61550.8,7920.3,0,0,0,0.0,0,F1,30,,,,,
2026-02-18,2026-02-18,FO,NSE,IDO,52728,,BANKNIFTY,,2026-03-30,2026-03-30,66100.0,CE,BANKNIFTY26MAR66100CE,0.0,0.0,0.0,258.7,0.0,258.7,61550.8,81.7,0,0,0,0.0,0,F1,30,,,,,
2026-02-18,2026-02-18,FO,NSE,IDO,52724,,BANKNIFTY,,2026-03-30,2026-03-30,65800.0,CE,BANKNIFTY26MAR65800CE,0.0,0.0,0.0,290.75,0.0,290.75,61550.8,102.95,0,0,0,0.0,0,F1,30,,,,,
2026-02-18,2026-02-18,FO,NSE,IDO,58660,,BANKNIFTY,,2026-03-30,2026-03-30,64500.0,CE,BANKNIFTY26MAR64500CE,90.3,125.25,79.8,116.85,115.2,89.5,61550.8,116.85,43800,22770,2295,4448331829.5,1236,F1,30,,,,,
2026-02-18,2026-02-18,FO,NSE,IDO,52644,,BANKNIFTY,,2026-03-30,2026-03-30,62700.0,CE,BANKNIFTY26MAR62700CE,398.95,527.1,393.2,506.2,503.9,386.3,61550.8,506.2,1830,-150,164,310730239.5,106,F1,30,,,,,
2026-02-18,2026-02-18,FO,NSE,IDO,52636,,BANKNIFTY,,2026-03-30,2026-03-30,62300.0,CE,BANKNIFTY26MAR62300CE,522.9,698.0,518.0,668.4,665.0,522.4,61550.8,668.4,7020,1860,269,507586117.5,153,F1,30,,,,,
2026-02-18,2026-02-18,FO,NSE,IDO,52632,,BANKNIFTY,,2026-03-30,2026-03-30,62100.0,CE,BANKNIFTY26MAR62100CE,600.15,791.4,592.5,759.3,755.15,597.0,61550.8,759.3,7350,3930,460,866715276.0,269,F1,30,,,,,
2026-02-18,2026-02-18,FO,NSE,IDO,52618,,BANKNIFTY,,2026-03-30,2026-03-30,61600.0,CE,BANKNIFTY26MAR61600CE,830.0,1071.95,813.7,1034.6,1035.0,825.75,61550.8,1034.6,10170,900,757,1420776753.0,560,F1,30,,,,,
2026-02-18,2026-02-18,FO,NSE,IDO,52614,,BANKNIFTY,,2026-03-30,2026-03-30,61300.0,CE,BANKNIFTY26MAR61300CE,990.8,1264.8,967.35,1220.55,1210.0,990.75,61550.8,1220.55,22650,10890,5317,9945789663.0,2394,F1,30,,,,,
2026-02-18,2026-02-18,FO,NSE,IDO,52582,,BANKNIFTY,,2026-03-30,2026-03-30,60100.0,CE,BANKNIFTY26MAR60100CE,1845.15,2098.95,1800.0,2098.5,2097.75,1808.3,61550.8,2098.5,6150,570,48,89313040.5,31,F1,30,,,,,
2026-02-18,2026-02-18,FO,NSE,IDO,52540,,BANKNIFTY,,2026-03-30,2026-03-30,58600.0,CE,BANKNIFTY26MAR58600CE,3100.0,3100.0,3100.0,3100.0,3100.0,2970.55,61550.8,3430.85,3210,30,1,1851000.0,1,F1,30,,,,,
2026-02-18,2026-02-18,FO,NSE,IDO,52536,,BANKNIFTY,,2026-03-30,2026-03-30,58400.0,CE,BANKNIFTY26MAR58400CE,3271.05,3271.05,3271.05,3271.05,3271.05,2941.8,61550.8,3609.8,750,30,1,1850131.5,1,F1,30,,,,,
2026-02-18,2026-02-18,FO,NSE,IDO,58608,,BANKNIFTY,,2026-03-30,2026-03-30,57000.0,CE,BANKNIFTY26MAR57000CE,4506.35,4927.5,4465.0,4881.7,4898.1,4490.5,61550.8,4881.7,35750,4960,333,616002478.5,298,F1,30,,,,,
2026-02-18,2026-02-18,FO,NSE,IDO,52494,,BANKNIFTY,,2026-03-30,2026-03-30,56600.0,CE,BANKNIFTY26MAR56600CE,0.0,0.0,0.0,4600.15,4600.15,4600.15,61550.8,5309.35,60,0,0,0.0,0,F1,30,,,,,
2026-02-18,2026-02-18,FO,NSE,IDO,67551,,BANKNIFTY,,2026-04-28,2026-04-28,57100.0,PE,BANKNIFTY26APR57100PE,0.0,0.0,0.0,677.7,0.0,677.7,61550.8,100.65,0,0,0,0.0,0,F1,30,,,,,
2026-02-18,2026-02-18,FO,NSE,IDO,52470,,BANKNIFTY,,2026-03-30,2026-03-30,55800.0,CE,BANKNIFTY26MAR55800CE,0.0,0.0,0.0,3865.25,3865.25,3865.25,61550.8,6093.3,60,0,0,0.0,0,F1,30,,,,,
2026-02-18,2026-02-18,FO,NSE,IDO,52460,,BANKNIFTY,,2026-03-30,2026-03-30,55200.0,CE,BANKNIFTY26MAR55200CE,0.0,0.0,0.0,4301.35,4330.75,4301.35,61550.8,6685.8,60,0,0,0.0,0,F1,30,,,,,
2026-02-18,2026-02-18,FO,NSE,IDO,52422,,BANKNIFTY,,2026-03-30,2026-03-30,53800.0,CE,BANKNIFTY26MAR53800CE,0.0,0.0,0.0,5687.7,5687.7,5687.7,61550.8,8074.5,30,0,0,0.0,0,F1,30,,,,,
2026-02-18,2026-02-18,FO,NSE,IDO,52418,,BANKNIFTY,,2026-03-30,2026-03-30,53700.0,CE,BANKNIFTY26MAR53700CE,0.0,0.0,0.0,5786.3,5786.3,5786.3,61550.8,8173.85,30,0,0,0.0,0,F1,30,,,,,
2026-02-18,2026-02-18,FO,NSE,IDO,60437,,BANKNIFTY,,2026-02-24,2026-02-24,64800.0,CE,BANKNIFTY26FEB64800CE,5.95,7.05,4.3,5.3,6.0,6.05,61550.8,5.3,17160,-2340,713,1386192594.0,385,F1,30,,,,,
2026-02-18,2026-02-18,FO,NSE,IDO,60418,,BANKNIFTY,,2026-02-24,2026-02-24,63900.0,CE,BANKNIFTY26FEB63900CE,7.45,11.8,7.2,9.9,7.95,10.4,61550.8,9.9,28500,2760,3020,5790183538.5,1542,F1,30,,,,,
2026-02-18,2026-02-18,FO,NSE,IDO,60416,,BANKNIFTY,,2026-02-24,2026-02-24,63800.0,CE,BANKNIFTY26FEB63800CE,11.1,12.2,6.8,10.4,9.05,10.75,61550.8,10.4,28290,-240,2731,5227933929.0,1419,F1,30,,,,,
2026-02-18,2026-02-18,FO,NSE,IDO,60399,,BANKNIFTY,,2026-02-24,2026-02-24,63100.0,CE,BANKNIFTY26FEB63100CE,20.0,26.9,13.85,21.85,19.55,19.7,61550.8,21.85,39180,-12150,12413,23504461140.0,7355,F1,30,,,,,
2026-02-18,2026-02-18,FO,NSE,IDO,60371,,BANKNIFTY,,2026-02-24,2026-02-24,62300.0,CE,BANKNIFTY26FEB62300CE,51.85,101.0,40.9,79.95,73.8,57.95,61550.8,79.95,172650,23430,47112,88141614756.0,31674,F1,30,,,,,
2026-02-18,2026-02-18,FO,NSE,IDO,60289,,BANKNIFTY,,2026-02-24,2026-02-24,61400.0,CE,BANKNIFTY26FEB61400CE,255.65,450.0,200.05,398.6,386.3,257.1,61550.8,398.6,196650,70440,164358,304209034656.0,118857,F1,30,,,,,
2026-02-18,2026-02-18,FO,NSE,IDO,60265,,BANKNIFTY,,2026-02-24,2026-02-24,60900.0,CE,BANKNIFTY26FEB60900CE,519.05,815.3,440.0,755.35,737.9,510.75,61550.8,755.35,155580,-33870,40294,74287253518.5,29446,F1,30,,,,,
2026-02-18,2026-02-18,FO,NSE,IDO,60233,,BANKNIFTY,,2026-02-24,2026-02-24,59600.0,CE,BANKNIFTY26FEB59600CE,1585.85,1950.0,1575.0,1915.65,1926.0,1564.85,61550.8,1915.65,40860,-2040,158,290687581.5,106,F1,30,,,,,
2026-02-18,2026-02-18,FO,NSE,IDO,60094,,BANKNIFTY,,2026-02-24,2026-02-24,58800.0,CE,BANKNIFTY26FEB58800CE,2300.0,2792.25,2300.0,2776.6,2729.4,2337.2,61550.8,2776.6,26370,-1020,123,226641181.5,67,F1,30,,,,,
2026-02-18,2026-02-18,FO,NSE,IDO,60083,,BANKNIFTY,,2026-02-24,2026-02-24,58500.0,CE,BANKNIFTY26FEB58500CE,2618.45,3050.05,2618.45,3017.9,3034.55,2635.2,61550.8,3017.9,139830,-2190,270,496355436.0,169,F1,30,,,,,
2026-02-18,2026-02-18,FO,NSE,IDO,60065,,BANKNIFTY,,2026-02-24,2026-02-24,58000.0,CE,BANKNIFTY26FEB58000CE,3198.0,3570.0,3126.7,3522.95,3494.95,3127.45,61550.8,3522.95,134850,-6180,249,458246677.5,209,F1,30,,,,,
2026-02-18,2026-02-18,FO,NSE,IDO,60063,,BANKNIFTY,,2026-02-24,2026-02-24,57900.0,CE,BANKNIFTY26FEB57900CE,0.0,0.0,0.0,3231.0,3231.0,3231.0,61550.8,3703.15,10860,0,0,0.0,0,F1,30,,,,,
2026-02-18,2026-02-18,FO,NSE,IDO,60053,,BANKNIFTY,,2026-02-24,2026-02-24,57500.0,CE,BANKNIFTY26FEB57500CE,3663.8,4013.3,3663.8,4002.75,4013.3,3627.6,61550.8,4002.75,24240,-720,68,125045326.5,54,F1,30,,,,,
2026-02-18,2026-02-18,FO,NSE,IDO,60033,,BANKNIFTY,,2026-02-24,2026-02-24,57000.0,CE,BANKNIFTY26FEB57000CE,4117.35,4515.0,4117.3,4510.4,4490.65,4117.3,61550.8,4510.4,74910,-4590,190,349083921.0,118,F1,30,,,,,
2026-02-18,2026-02-18,FO,NSE,IDO,59938,,BANKNIFTY,,2026-02-24,2026-02-24,54000.0,CE,BANKNIFTY26FEB54000CE,7150.0,7470.0,7150.0,7468.45,7468.05,7060.0,61550.8,7468.45,12450,-840,40,73547104.5,35,F1,30,,,,,
2026-02-18,2026-02-18,FO,NSE,IDO,59924,,BANKNIFTY,,2026-02-24,2026-02-24,53400.0,CE,BANKNIFTY26FEB53400CE,0.0,0.0,0.0,6405.95,0.0,6405.95,61550.8,8199.05,0,0,0,0.0,0,F1,30,,,,,
2026-02-18,2026-02-18,FO,NSE,IDO,59860,,BANKNIFTY,,2026-02-24,2026-02-24,51000.0,CE,BANKNIFTY26FEB51000CE,10180.0,10491.75,10170.45,10486.0,10486.0,9992.1,61550.8,10486.0,26760,-630,31,57037269.0,20,F1,30,,,,,
2026-02-18,2026-02-18,FO,NSE,IDO,52581,,BANKNIFTY,,2026-03-30,2026-03-30,59900.0,PE,BANKNIFTY26MAR59900PE,402.9,402.9,340.6,345.9,345.05,403.25,61550.8,345.9,17580,5220,606,1095656017.5,221,F1,30,,,,,
2026-02-18,2026-02-18,FO,NSE,IDO,52593,,BANKNIFTY,,2026-03-30,2026-03-30,60400.0,PE,BANKNIFTY26MAR60400PE,552.4,552.4,435.0,443.1,442.4,533.45,61550.8,443.1,17040,4230,423,772416216.0,219,F1,30,,,,,
2026-02-18,2026-02-18,FO,NSE,IDO,52615,,BANKNIFTY,,2026-03-30,2026-03-30,61300.0,PE,BANKNIFTY26MAR61300PE,840.4,840.4,684.3,699.3,697.0,834.35,61550.8,699.3,29670,20820,2473,4604426517.0,1572,F1,30,,,,,
2026-02-18,2026-02-18,FO,NSE,IDO,58668,,BANKNIFTY,,2026-03-30,2026-03-30,64500.0,PE,BANKNIFTY26MAR64500PE,2979.95,3038.2,2979.95,2987.05,2987.05,3106.3,61550.8,2819.25,630,120,5,10124379.0,5,F1,30,,,,,
2026-02-18,2026-02-18,FO,NSE,IDO,52705,,BANKNIFTY,,2026-03-30,2026-03-30,64800.0,PE,BANKNIFTY26MAR64800PE,0.0,0.0,0.0,5399.45,5399.45,5399.45,61550.8,3070.85,0,0,0,0.0,0,F1,30,,,,,
2026-02-18,2026-02-18,FO,NSE,IDO,52709,,BANKNIFTY,,2026-03-30,2026-03-30,65000.0,PE,BANKNIFTY26MAR65000PE,3485.0,3533.95,3192.9,3212.6,3199.35,3564.1,61550.8,3212.6,6270,2370,100,204924516.0,84,F1,30,,,,,
2026-02-18,2026-02-18,FO,NSE,IDO,52775,,BANKNIFTY,,2026-03-30,2026-03-30,68500.0,PE,BANKNIFTY26MAR68500PE,6853.6,6853.6,6459.9,6459.9,6459.9,8409.15,61550.8,6459.9,30,30,2,4509405.0,2,F1,30,,,,,
2026-02-18,2026-02-18,FO,NSE,IDO,67471,,BANKNIFTY,,2026-04-28,2026-04-28,53800.0,PE,BANKNIFTY26APR53800PE,0.0,0.0,0.0,147.6,0.0,147.6,61550.8,5.95,0,0,0,0.0,0,F1,30,,,,,
2026-02-18,2026-02-18,FO,NSE,IDO,67475,,BANKNIFTY,,2026-04-28,2026-04-28,54000.0,PE,BANKNIFTY26APR54000PE,85.0,85.0,85.0,85.0,85.0,92.9,61550.8,85.0,2040,30,8,12980400.0,2,F1,30,,,,,
2026-02-18,2026-02-18,FO,NSE,IDO,67515,,BANKNIFTY,,2026-04-28,2026-04-28,55400.0,PE,BANKNIFTY26APR55400PE,0.0,0.0,0.0,329.35,0.0,329.35,61550.8,26.75,0,0,0,0.0,0,F1,30,,,,,
2026-02-18,2026-02-18,FO,NSE,IDO,67525,,BANKNIFTY,,2026-04-28,2026-04-28,55800.0,PE,BANKNIFTY26APR55800PE,0.0,0.0,0.0,394.65,0.0,394.65,61550.8,37.4,0,0,0,0.0,0,F1,30,,,,,
2026-02-18,2026-02-18,FO,NSE,IDO,67612,,BANKNIFTY,,2026-04-28,2026-04-28,58000.0,PE,BANKNIFTY26APR58000PE,235.8,269.35,235.25,241.9,244.75,261.7,61550.8,241.9,54000,4770,706,1233678714.0,433,F1,30,,,,,
2026-02-18,2026-02-18,FO,NSE,IDO,60385,,BANKNIFTY,,2026-02-24,2026-02-24,62600.0,CE,BANKNIFTY26FEB62600CE,60.0,60.0,26.4,48.0,43.2,36.45,61550.8,48.0,100110,43530,26858,50469522541.5,16540,F1,30,,,,,
2026-02-18,2026-02-18,FO,NSE,IDO,52496,,BANKNIFTY,,2026-03-30,2026-03-30,56700.0,CE,BANKNIFTY26MAR56700CE,0.0,0.0,0.0,3121.05,3121.05,3121.05,61550.8,5212.1,30,0,0,0.0,0,F1,30,,,,,
2026-02-18,2026-02-18,FO,NSE,IDO,52488,,BANKNIFTY,,2026-03-30,2026-03-30,56300.0,CE,BANKNIFTY26MAR56300CE,0.0,0.0,0.0,3434.95,3434.95,3434.95,61550.8,5602.2,30,0,0,0.0,0,F1,30,,,,,
2026-02-18,2026-02-18,FO,NSE,IDO,52468,,BANKNIFTY,,2026-03-30,2026-03-30,55700.0,CE,BANKNIFTY26MAR55700CE,0.0,0.0,0.0,3953.05,3953.05,3953.05,61550.8,6191.85,60,0,0,0.0,0,F1,30,,,,,
2026-02-18,2026-02-18,FO,NSE,IDO,52466,,BANKNIFTY,,2026-03-30,2026-03-30,55600.0,CE,BANKNIFTY26MAR55600CE,0.0,0.0,0.0,4040.9,4040.9,4040.9,61550.8,6290.5,60,0,0,0.0,0,F1,30,,,,,
2026-02-18,2026-02-18,FO,NSE,IDO,52464,,BANKNIFTY,,2026-03-30,2026-03-30,55400.0,CE,BANKNIFTY26MAR55400CE,0.0,0.0,0.0,4045.75,4054.45,4045.75,61550.8,6488.0,60,0,0,0.0,0,F1,30,,,,,
2026-02-18,2026-02-18,FO,NSE,IDO,58534,,BANKNIFTY,,2026-03-30,2026-03-30,54000.0,CE,BANKNIFTY26MAR54000CE,7421.65,7750.0,7421.65,7746.8,7750.0,7350.0,61550.8,7746.8,7320,510,35,64619856.0,29,F1,30,,,,,
2026-02-18,2026-02-18,FO,NSE,IDO,52428,,BANKNIFTY,,2026-03-30,2026-03-30,53900.0,CE,BANKNIFTY26MAR53900CE,0.0,0.0,0.0,5594.55,5594.55,5594.55,61550.8,7975.2,30,0,0,0.0,0,F1,30,,,,,
2026-02-18,2026-02-18,FO,NSE,IDO,60476,,BANKNIFTY,,2026-02-24,2026-02-24,65600.0,CE,BANKNIFTY26FEB65600CE,4.4,5.65,3.35,4.2,3.35,4.4,61550.8,4.2,2520,1650,509,1001783944.5,293,F1,30,,,,,
2026-02-18,2026-02-18,FO,NSE,IDO,60420,,BANKNIFTY,,2026-02-24,2026-02-24,64000.0,CE,BANKNIFTY26FEB64000CE,9.15,9.95,5.85,8.55,7.35,9.35,61550.8,8.55,732300,-26430,54516,104684203341.0,22670,F1,30,,,,,
2026-02-18,2026-02-18,FO,NSE,IDO,60240,,BANKNIFTY,,2026-02-24,2026-02-24,59800.0,PE,BANKNIFTY26FEB59800PE,94.7,94.7,50.7,54.2,55.25,86.45,61550.8,54.2,185400,4020,19928,35785891821.0,13326,F1,30,,,,,
2026-02-18,2026-02-18,FO,NSE,IDO,60213,,BANKNIFTY,,2026-02-24,2026-02-24,59200.0,PE,BANKNIFTY26FEB59200PE,50.0,50.0,34.8,38.35,38.05,52.95,61550.8,38.35,130740,-23790,14161,25166174187.0,7904,F1,30,,,,,
2026-02-18,2026-02-18,FO,NSE,IDO,60062,,BANKNIFTY,,2026-02-24,2026-02-24,57800.0,PE,BANKNIFTY26FEB57800PE,29.5,29.5,18.95,23.05,22.7,29.5,61550.8,23.05,88050,15150,6363,11037679882.5,3688,F1,30,,,,,
2026-02-18,2026-02-18,FO,NSE,IDO,52405,,BANKNIFTY,,2026-09-29,2026-09-29,63000.0,PE,BANKNIFTY26SEP63000PE,0.0,0.0,0.0,6693.9,0.0,6693.9,61550.8,2209.8,0,0,0,0.0,0,F1,30,,,,,
2026-02-18,2026-02-18,FO,NSE,IDO,52361,,BANKNIFTY,,2026-09-29,2026-09-29,60000.0,PE,BANKNIFTY26SEP60000PE,0.0,0.0,0.0,4829.45,0.0,4829.45,61550.8,1080.7,0,0,0,0.0,0,F1,30,,,,,
2026-02-18,2026-02-18,FO,NSE,IDO,67982,,BANKNIFTY,,2026-04-28,2026-04-28,65200.0,PE,BANKNIFTY26APR65200PE,0.0,0.0,0.0,5360.95,0.0,5360.95,61550.8,3390.15,0,0,0,0.0,0,F1,30,,,,,
2026-02-18,2026-02-18,FO,NSE,IDO,60030,,BANKNIFTY,,2026-02-24,2026-02-24,56800.0,PE,BANKNIFTY26FEB56800PE,14.05,18.4,12.45,16.65,17.3,20.5,61550.8,16.65,48900,20880,4460,7601959327.5,2534,F1,30,,,,,
2026-02-18,2026-02-18,FO,NSE,IDO,59933,,BANKNIFTY,,2026-02-24,2026-02-24,53700.0,PE,BANKNIFTY26FEB53700PE,7.05,9.0,5.05,8.6,8.2,8.5,61550.8,8.6,3270,-180,154,248124043.5,55,F1,30,,,,,
2026-02-18,2026-02-18,FO,NSE,IDO,59927,,BANKNIFTY,,2026-02-24,2026-02-24,53500.0,PE,BANKNIFTY26FEB53500PE,14.2,14.2,5.25,7.8,8.4,7.55,61550.8,7.8,60300,-2640,1877,3012988119.0,896,F1,30,,,,,
2026-02-18,2026-02-18,FO,NSE,IDO,53240,,BANKNIFTY,,2026-12-29,2026-12-29,60000.0,CE,BANKNIFTY26DEC60000CE,0.0,0.0,0.0,5121.4,0.0,5121.4,61550.8,5552.45,0,0,0,0.0,0,F1,30,,,,,
2026-02-18,2026-02-18,FO,NSE,IDO,52388,,BANKNIFTY,,2026-09-29,2026-09-29,61500.0,CE,BANKNIFTY26SEP61500CE,0.0,0.0,0.0,2502.65,0.0,2502.65,61550.8,3662.7,0,0,0,0.0,0,F1,30,,,,,
2026-02-18,2026-02-18,FO,NSE,IDO,57770,,BANKNIFTY,,2026-06-30,2026-06-30,64500.0,CE,BANKNIFTY26JUN64500CE,0.0,0.0,0.0,3082.35,0.0,3082.35,61550.8,1243.8,0,0,0,0.0,0,F1,30,,,,,
2026-02-18,2026-02-18,FO,NSE,IDO,68177,,BANKNIFTY,,2026-04-28,2026-04-28,65800.0,CE,BANKNIFTY26APR65800CE,0.0,0.0,0.0,290.1,0.0,290.1,61550.8,311.05,0,0,0,0.0,0,F1,30,,,,,
2026-02-18,2026-02-18,FO,NSE,IDO,67915,,BANKNIFTY,,2026-04-28,2026-04-28,64400.0,CE,BANKNIFTY26APR64400CE,0.0,0.0,0.0,489.05,0.0,489.05,61550.8,596.25,0,0,0,0.0,0,F1,30,,,,,
2026-02-18,2026-02-18,FO,NSE,IDO,67891,,BANKNIFTY,,2026-04-28,2026-04-28,64200.0,CE,BANKNIFTY26APR64200CE,0.0,0.0,0.0,525.0,0.0,525.0,61550.8,649.85,0,0,0,0.0,0,F1,30,,,,,
2026-02-18,2026-02-18,FO,NSE,IDO,67887,,BANKNIFTY,,2026-04-28,2026-04-28,64000.0,CE,BANKNIFTY26APR64000CE,390.95,502.7,370.3,484.55,477.0,391.15,61550.8,484.55,39120,930,588,1136898655.5,340,F1,30,,,,,
2026-02-18,2026-02-18,FO,NSE,IDO,67883,,BANKNIFTY,,2026-04-28,2026-04-28,63800.0,CE,BANKNIFTY26APR63800CE,0.0,0.0,0.0,603.4,0.0,603.4,61550.8,768.1,0,0,0,0.0,0,F1,30,,,,,
2026-02-18,2026-02-18,FO,NSE,IDO,67860,,BANKNIFTY,,2026-04-28,2026-04-28,63200.0,CE,BANKNIFTY26APR63200CE,0.0,0.0,0.0,740.3,0.0,740.3,61550.8,974.65,0,0,0,0.0,0,F1,30,,,,,
2026-02-18,2026-02-18,FO,NSE,IDO,67730,,BANKNIFTY,,2026-04-28,2026-04-28,60800.0,CE,BANKNIFTY26APR60800CE,0.0,0.0,0.0,1526.2,0.0,1526.2,61550.8,2187.35,0,0,0,0.0,0,F1,30,,,,,
2026-02-18,2026-02-18,FO,NSE,IDO,67710,,BANKNIFTY,,2026-04-28,2026-04-28,59800.0,CE,BANKNIFTY26APR59800CE,0.0,0.0,0.0,2173.0,2173.0,2173.0,61550.8,2875.15,270,0,0,0.0,0,F1,30,,,,,
2026-02-18,2026-02-18,FO,NSE,IDO,67696,,BANKNIFTY,,2026-04-28,2026-04-28,59100.0,CE,BANKNIFTY26APR59100CE,0.0,0.0,0.0,2761.1,2761.0,2761.1,61550.8,3412.6,2190,0,0,0.0,0,F1,30,,,,,
2026-02-18,2026-02-18,FO,NSE,IDO,67928,,BANKNIFTY,,2026-04-28,2026-04-28,65000.0,PE,BANKNIFTY26APR65000PE,3300.25,3319.35,3075.0,3075.0,3075.0,3348.25,61550.8,3232.7,1350,960,44,90038382.0,16,F1,30,,,,,
2026-02-18,2026-02-18,FO,NSE,IDO,67926,,BANKNIFTY,,2026-04-28,2026-04-28,64900.0,PE,BANKNIFTY26APR64900PE,0.0,0.0,0.0,5108.6,0.0,5108.6,61550.8,3155.1,0,0,0,0.0,0,F1,30,,,,,
2026-02-18,2026-02-18,FO,NSE,IDO,67861,,BANKNIFTY,,2026-04-28,2026-04-28,63200.0,PE,BANKNIFTY26APR63200PE,0.0,0.0,0.0,2064.2,2064.2,2064.2,61550.8,1970.15,150,0,0,0.0,0,F1,30,,,,,
2026-02-18,2026-02-18,FO,NSE,IDO,67842,,BANKNIFTY,,2026-04-28,2026-04-28,62900.0,PE,BANKNIFTY26APR62900PE,0.0,0.0,0.0,1840.0,1840.0,1840.0,61550.8,1790.4,180,0,0,0.0,0,F1,30,,,,,
2026-02-18,2026-02-18,FO,NSE,IDO,67825,,BANKNIFTY,,2026-04-28,2026-04-28,62400.0,PE,BANKNIFTY26APR62400PE,0.0,0.0,0.0,1572.5,1572.5,1572.5,61550.8,1512.35,120,0,0,0.0,0,F1,30,,,,,
2026-02-18,2026-02-18,FO,NSE,IDO,60414,,BANKNIFTY,,2026-02-24,2026-02-24,63700.0,CE,BANKNIFTY26FEB63700CE,11.25,13.3,8.05,11.05,9.1,11.6,61550.8,11.05,36360,-9390,4253,8128793716.5,2313,F1,30,,,,,
2026-02-18,2026-02-18,FO,NSE,IDO,67490,,BANKNIFTY,,2026-04-28,2026-04-28,54700.0,CE,BANKNIFTY26APR54700CE,0.0,0.0,0.0,5578.75,0.0,5578.75,61550.8,7430.9,0,0,0,0.0,0,F1,30,,,,,
2026-02-18,2026-02-18,FO,NSE,IDO,67474,,BANKNIFTY,,2026-04-28,2026-04-28,54000.0,CE,BANKNIFTY26APR54000CE,7644.15,7995.0,7644.0,7975.0,7975.0,7629.0,61550.8,8116.6,990,480,16,29670292.5,8,F1,30,,,,,
2026-02-18,2026-02-18,FO,NSE,IDO,67462,,BANKNIFTY,,2026-04-28,2026-04-28,53400.0,CE,BANKNIFTY26APR53400CE,0.0,0.0,0.0,6741.45,0.0,6741.45,61550.8,8707.05,0,0,0,0.0,0,F1,30,,,,,
2026-02-18,2026-02-18,FO,NSE,IDO,67444,,BANKNIFTY,,2026-04-28,2026-04-28,52500.0,CE,BANKNIFTY26APR52500CE,0.0,0.0,0.0,7578.85,0.0,7578.85,61550.8,9595.25,0,0,0,0.0,0,F1,30,,,,,
2026-02-18,2026-02-18,FO,NSE,IDO,58671,,BANKNIFTY,,2026-03-30,2026-03-30,67500.0,CE,BANKNIFTY26MAR67500CE,22.45,27.0,21.75,26.65,27.0,23.9,61550.8,26.65,21990,270,114,230931727.5,86,F1,30,,,,,
2026-02-18,2026-02-18,FO,NSE,IDO,52712,,BANKNIFTY,,2026-03-30,2026-03-30,65200.0,CE,BANKNIFTY26MAR65200CE,0.0,0.0,0.0,365.05,0.0,365.05,61550.8,159.95,0,0,0,0.0,0,F1,30,,,,,
2026-02-18,2026-02-18,FO,NSE,IDO,52710,,BANKNIFTY,,2026-03-30,2026-03-30,65100.0,CE,BANKNIFTY26MAR65100CE,59.05,84.35,49.65,76.1,76.25,55.35,61550.8,76.1,1710,1050,71,138813996.0,44,F1,30,,,,,
2026-02-18,2026-02-18,FO,NSE,IDO,52704,,BANKNIFTY,,2026-03-30,2026-03-30,64800.0,CE,BANKNIFTY26MAR64800CE,68.0,97.65,68.0,95.55,94.0,72.7,61550.8,95.55,2970,780,113,219944889.0,51,F1,30,,,,,
2026-02-18,2026-02-18,FO,NSE,IDO,52688,,BANKNIFTY,,2026-03-30,2026-03-30,63900.0,CE,BANKNIFTY26MAR63900CE,138.25,200.15,135.9,191.45,191.6,143.55,61550.8,191.45,4500,630,216,415236403.5,100,F1,30,,,,,
2026-02-18,2026-02-18,FO,NSE,IDO,52664,,BANKNIFTY,,2026-03-30,2026-03-30,63200.0,CE,BANKNIFTY26MAR63200CE,262.0,365.0,240.85,342.25,343.0,258.25,61550.8,342.25,7980,1290,530,1009600480.5,239,F1,30,,,,,
2026-02-18,2026-02-18,FO,NSE,IDO,52656,,BANKNIFTY,,2026-03-30,2026-03-30,63100.0,CE,BANKNIFTY26MAR63100CE,283.0,379.7,278.25,369.4,368.95,280.8,61550.8,369.4,5370,1200,211,401476453.5,96,F1,30,,,,,
2026-02-18,2026-02-18,FO,NSE,IDO,52616,,BANKNIFTY,,2026-03-30,2026-03-30,61400.0,CE,BANKNIFTY26MAR61400CE,935.3,1200.0,921.85,1156.15,1172.65,935.3,61550.8,1156.15,13110,210,1300,2435472280.5,843,F1,30,,,,,
2026-02-18,2026-02-18,FO,NSE,IDO,52598,,BANKNIFTY,,2026-03-30,2026-03-30,60700.0,CE,BANKNIFTY26MAR60700CE,1380.4,1654.7,1305.05,1627.9,1622.4,1359.9,61550.8,1627.9,22620,-3000,375,699237553.5,237,F1,30,,,,,
2026-02-18,2026-02-18,FO,NSE,IDO,52584,,BANKNIFTY,,2026-03-30,2026-03-30,60200.0,CE,BANKNIFTY26MAR60200CE,1732.15,2036.75,1699.8,2005.2,1996.8,1732.25,61550.8,2005.2,10830,-1020,50,93043018.5,33,F1,30,,,,,
2026-02-18,2026-02-18,FO,NSE,IDO,52568,,BANKNIFTY,,2026-03-30,2026-03-30,59500.0,CE,BANKNIFTY26MAR59500CE,2299.85,2586.0,2274.3,2575.55,2565.15,2256.95,61550.8,2575.55,25920,2160,164,304806210.0,142,F1,30,,,,,
2026-02-18,2026-02-18,FO,NSE,IDO,52534,,BANKNIFTY,,2026-03-30,2026-03-30,58300.0,CE,BANKNIFTY26MAR58300CE,0.0,0.0,0.0,3201.95,3201.95,3201.95,61550.8,3700.25,780,0,0,0.0,0,F1,30,,,,,
2026-02-18,2026-02-18,FO,NSE,IDO,60252,,BANKNIFTY,,2026-02-24,2026-02-24,60400.0,PE,BANKNIFTY26FEB60400PE,170.0,170.0,85.75,90.75,91.45,170.6,61550.8,90.75,330570,13740,38637,70139498431.5,26811,F1,30,,,,,
2026-02-18,2026-02-18,FO,NSE,IDO,60288,,BANKNIFTY,,2026-02-24,2026-02-24,61300.0,PE,BANKNIFTY26FEB61300PE,498.6,498.6,250.05,268.25,266.3,498.6,61550.8,268.25,353520,262080,167033,308986686886.5,117513,F1,30,,,,,
2026-02-18,2026-02-18,FO,NSE,IDO,60364,,BANKNIFTY,,2026-02-24,2026-02-24,61900.0,PE,BANKNIFTY26FEB61900PE,869.95,920.0,542.05,583.15,583.5,909.3,61550.8,583.15,19410,14100,2767,5193326649.0,1934,F1,30,,,,,
2026-02-18,2026-02-18,FO,NSE,IDO,60370,,BANKNIFTY,,2026-02-24,2026-02-24,62200.0,PE,BANKNIFTY26FEB62200PE,1140.0,1145.55,757.6,807.85,810.2,1164.65,61550.8,807.85,8520,6150,1111,2104205055.0,610,F1,30,,,,,
2026-02-18,2026-02-18,FO,NSE,IDO,60393,,BANKNIFTY,,2026-02-24,2026-02-24,62800.0,PE,BANKNIFTY26FEB62800PE,1663.7,1718.4,1336.8,1352.2,1336.8,1816.6,61550.8,1352.2,360,300,21,40459549.5,13,F1,30,,,,,
2026-02-18,2026-02-18,FO,NSE,IDO,60409,,BANKNIFTY,,2026-02-24,2026-02-24,63400.0,PE,BANKNIFTY26FEB63400PE,2198.35,2220.5,1938.05,1938.05,1938.05,2412.75,61550.8,1811.2,120,-30,3,5896707.0,3,F1,30,,,,,
2026-02-18,2026-02-18,FO,NSE,IDO,60419,,BANKNIFTY,,2026-02-24,2026-02-24,63900.0,PE,BANKNIFTY26FEB63900PE,0.0,0.0,0.0,4441.3,4456.0,4441.3,61550.8,2297.15,30,0,0,0.0,0,F1,30,,,,,
2026-02-18,2026-02-18,FO,NSE,IDO,60425,,BANKNIFTY,,2026-02-24,2026-02-24,64200.0,PE,BANKNIFTY26FEB64200PE,0.0,0.0,0.0,3650.0,3650.0,3650.0,61550.8,2593.7,330,0,0,0.0,0,F1,30,,,,,
2026-02-18,2026-02-18,FO,NSE,IDO,60471,,BANKNIFTY,,2026-02-24,2026-02-24,65400.0,PE,BANKNIFTY26FEB65400PE,0.0,0.0,0.0,5935.1,0.0,5935.1,61550.8,3790.15,0,0,0,0.0,0,F1,30,,,,,
2026-02-18,2026-02-18,FO,NSE,IDO,52515,,BANKNIFTY,,2026-03-30,2026-03-30,57500.0,PE,BANKNIFTY26MAR57500PE,124.5,124.9,112.6,116.55,115.1,125.3,61550.8,116.55,159390,48150,4095,7078342840.5,2686,F1,30,,,,,
2026-02-18,2026-02-18,FO,NSE,IDO,52567,,BANKNIFTY,,2026-03-30,2026-03-30,59400.0,PE,BANKNIFTY26MAR59400PE,306.5,307.55,268.0,269.55,268.85,309.45,61550.8,269.55,10470,3090,327,585558154.5,103,F1,30,,,,,
2026-02-18,2026-02-18,FO,NSE,IDO,52601,,BANKNIFTY,,2026-03-30,2026-03-30,60800.0,PE,BANKNIFTY26MAR60800PE,640.0,645.75,530.0,542.05,541.6,642.05,61550.8,542.05,32250,3270,912,1679490028.5,503,F1,30,,,,,
2026-02-18,2026-02-18,FO,NSE,IDO,52619,,BANKNIFTY,,2026-03-30,2026-03-30,61600.0,PE,BANKNIFTY26MAR61600PE,950.05,963.6,790.0,814.2,800.05,967.65,61550.8,814.2,12570,7800,913,1710200419.5,531,F1,30,,,,,
2026-02-18,2026-02-18,FO,NSE,IDO,52647,,BANKNIFTY,,2026-03-30,2026-03-30,62800.0,PE,BANKNIFTY26MAR62800PE,1593.3,1593.3,1477.9,1477.9,1477.9,2049.9,61550.8,1569.5,270,0,2,3860136.0,2,F1,30,,,,,
2026-02-18,2026-02-18,FO,NSE,IDO,52695,,BANKNIFTY,,2026-03-30,2026-03-30,64200.0,PE,BANKNIFTY26MAR64200PE,0.0,0.0,0.0,4748.05,4748.05,4748.05,61550.8,2575.7,0,0,0,0.0,0,F1,30,,,,,
2026-02-18,2026-02-18,FO,NSE,IDO,52699,,BANKNIFTY,,2026-03-30,2026-03-30,64400.0,PE,BANKNIFTY26MAR64400PE,0.0,0.0,0.0,4319.05,4379.1,4319.05,61550.8,2737.1,30,0,0,0.0,0,F1,30,,,,,
2026-02-18,2026-02-18,FO,NSE,IDO,52703,,BANKNIFTY,,2026-03-30,2026-03-30,64700.0,PE,BANKNIFTY26MAR64700PE,0.0,0.0,0.0,5292.0,5292.0,5292.0,61550.8,2986.15,0,0,0,0.0,0,F1,30,,,,,
2026-02-18,2026-02-18,FO,NSE,IDO,52721,,BANKNIFTY,,2026-03-30,2026-03-30,65600.0,PE,BANKNIFTY26MAR65600PE,0.0,0.0,0.0,5771.35,0.0,5771.35,61550.8,3774.65,0,0,0,0.0,0,F1,30,,,,,
2026-02-18,2026-02-18,FO,NSE,IDO,52725,,BANKNIFTY,,2026-03-30,2026-03-30,65800.0,PE,BANKNIFTY26MAR65800PE,0.0,0.0,0.0,5945.2,0.0,5945.2,61550.8,3956.75,0,0,0,0.0,0,F1,30,,,,,
2026-02-18,2026-02-18,FO,NSE,IDO,52737,,BANKNIFTY,,2026-03-30,2026-03-30,66500.0,PE,BANKNIFTY26MAR66500PE,0.0,0.0,0.0,5308.8,5308.8,5308.8,61550.8,4608.95,90,0,0,0.0,0,F1,30,,,,,
2026-02-18,2026-02-18,FO,NSE,IDO,52747,,BANKNIFTY,,2026-03-30,2026-03-30,67000.0,PE,BANKNIFTY26MAR67000PE,5500.0,5500.0,5099.85,5099.85,5099.85,5550.0,61550.8,5099.85,1770,360,14,30402778.5,10,F1,30,,,,,
2026-02-18,2026-02-18,FO,NSE,IDO,67495,,BANKNIFTY,,2026-04-28,2026-04-28,54900.0,PE,BANKNIFTY26APR54900PE,0.0,0.0,0.0,259.9,0.0,259.9,61550.8,17.2,0,0,0,0.0,0,F1,30,,,,,
2026-02-18,2026-02-18,FO,NSE,IDO,67513,,BANKNIFTY,,2026-04-28,2026-04-28,55300.0,PE,BANKNIFTY26APR55300PE,0.0,0.0,0.0,314.45,0.0,314.45,61550.8,24.5,0,0,0,0.0,0,F1,30,,,,,
2026-02-18,2026-02-18,FO,NSE,IDO,67537,,BANKNIFTY,,2026-04-28,2026-04-28,56400.0,PE,BANKNIFTY26APR56400PE,0.0,0.0,0.0,510.5,0.0,510.5,61550.8,60.2,0,0,0,0.0,0,F1,30,,,,,
2026-02-18,2026-02-18,FO,NSE,IDO,67634,,BANKNIFTY,,2026-04-28,2026-04-28,58500.0,PE,BANKNIFTY26APR58500PE,310.8,318.0,283.85,290.4,292.85,349.9,61550.8,290.4,20220,1140,345,608550300.0,273,F1,30,,,,,
2026-02-18,2026-02-18,FO,NSE,IDO,67756,,BANKNIFTY,,2026-04-28,2026-04-28,60900.0,PE,BANKNIFTY26APR60900PE,828.45,848.65,750.0,756.35,750.0,1129.0,61550.8,756.35,1230,150,69,127710555.0,32,F1,30,,,,,
2026-02-18,2026-02-18,FO,NSE,IDO,67820,,BANKNIFTY,,2026-04-28,2026-04-28,62200.0,PE,BANKNIFTY26APR62200PE,0.0,0.0,0.0,3056.65,0.0,3056.65,61550.8,1408.75,0,0,0,0.0,0,F1,30,,,,,
2026-02-18,2026-02-18,FO,NSE,IDF,66688,,BANKNIFTY,,2026-04-28,2026-04-28,,,BANKNIFTY26APRFUT,61780.0,62200.0,61750.0,62146.6,62149.6,61778.8,61550.8,62146.6,75240,7290,941,1750204062.0,829,F1,30,,,,,
2026-02-18,2026-02-18,FO,NSE,IDO,59955,,BANKNIFTY,,2026-02-24,2026-02-24,54700.0,CE,BANKNIFTY26FEB54700CE,0.0,0.0,0.0,4608.35,4608.35,4608.35,61550.8,6900.25,90,0,0,0.0,0,F1,30,,,,,
2026-02-18,2026-02-18,FO,NSE,IDO,59994,,BANKNIFTY,,2026-02-24,2026-02-24,56000.0,CE,BANKNIFTY26FEB56000CE,5112.0,5520.15,5112.0,5474.9,5498.35,5124.45,61550.8,5474.9,28830,-3510,131,240771291.0,123,F1,30,,,,,
2026-02-18,2026-02-18,FO,NSE,IDO,60045,,BANKNIFTY,,2026-02-24,2026-02-24,57300.0,CE,BANKNIFTY26FEB57300CE,0.0,0.0,0.0,3033.8,3033.8,3033.8,61550.8,4302.6,2400,0,0,0.0,0,F1,30,,,,,
2026-02-18,2026-02-18,FO,NSE,IDO,60071,,BANKNIFTY,,2026-02-24,2026-02-24,58100.0,CE,BANKNIFTY26FEB58100CE,3175.0,3243.2,3105.0,3243.2,3243.2,2827.7,61550.8,3503.35,16680,-300,23,42268477.5,6,F1,30,,,,,
2026-02-18,2026-02-18,FO,NSE,IDO,60285,,BANKNIFTY,,2026-02-24,2026-02-24,61300.0,CE,BANKNIFTY26FEB61300CE,300.0,519.75,236.25,465.95,446.85,299.35,61550.8,465.95,246720,-155100,292534,540873231993.0,198747,F1,30,,,,,
2026-02-18,2026-02-18,FO,NSE,IDO,60412,,BANKNIFTY,,2026-02-24,2026-02-24,63600.0,CE,BANKNIFTY26FEB63600CE,11.75,14.8,8.05,12.45,10.15,12.6,61550.8,12.45,29100,-2850,2323,4433069025.0,1478,F1,30,,,,,
2026-02-18,2026-02-18,FO,NSE,IDO,67835,,BANKNIFTY,,2026-04-28,2026-04-28,62800.0,CE,BANKNIFTY26APR62800CE,0.0,0.0,0.0,761.15,761.15,761.15,61550.8,1133.0,1290,0,0,0.0,0,F1,30,,,,,
2026-02-18,2026-02-18,FO,NSE,IDO,67833,,BANKNIFTY,,2026-04-28,2026-04-28,62700.0,CE,BANKNIFTY26APR62700CE,904.5,965.1,893.25,941.4,941.0,867.55,61550.8,941.4,840,840,35,66801522.0,27,F1,30,,,,,
2026-02-18,2026-02-18,FO,NSE,IDO,67831,,BANKNIFTY,,2026-04-28,2026-04-28,62600.0,CE,BANKNIFTY26APR62600CE,0.0,0.0,0.0,839.3,839.3,839.3,61550.8,1218.6,570,0,0,0.0,0,F1,30,,,,,
2026-02-18,2026-02-18,FO,NSE,IDO,67821,,BANKNIFTY,,2026-04-28,2026-04-28,62300.0,CE,BANKNIFTY26APR62300CE,0.0,0.0,0.0,930.75,932.15,930.75,61550.8,1355.2,540,0,0,0.0,0,F1,30,,,,,
2026-02-18,2026-02-18,FO,NSE,IDO,67819,,BANKNIFTY,,2026-04-28,2026-04-28,62200.0,CE,BANKNIFTY26APR62200CE,0.0,0.0,0.0,848.15,848.15,848.15,61550.8,1402.9,510,0,0,0.0,0,F1,30,,,,,
2026-02-18,2026-02-18,FO,NSE,IDO,67797,,BANKNIFTY,,2026-04-28,2026-04-28,61900.0,CE,BANKNIFTY26APR61900CE,0.0,0.0,0.0,987.75,987.75,987.75,61550.8,1552.75,750,0,0,0.0,0,F1,30,,,,,
2026-02-18,2026-02-18,FO,NSE,IDO,52444,,BANKNIFTY,,2026-03-30,2026-03-30,54400.0,CE,BANKNIFTY26MAR54400CE,0.0,0.0,0.0,4952.2,4962.3,4952.2,61550.8,7478.75,30,0,0,0.0,0,F1,30,,,,,
2026-02-18,2026-02-18,FO,NSE,IDO,52410,,BANKNIFTY,,2026-03-30,2026-03-30,53400.0,CE,BANKNIFTY26MAR53400CE,0.0,0.0,0.0,6689.1,0.0,6689.1,61550.8,8471.9,0,0,0,0.0,0,F1,30,,,,,
2026-02-18,2026-02-18,FO,NSE,IDO,58518,,BANKNIFTY,,2026-03-30,2026-03-30,51000.0,CE,BANKNIFTY26MAR51000CE,10330.0,10480.0,10330.0,10480.0,10480.0,10300.0,61550.8,10857.25,26400,330,15,27643638.0,15,F1,30,,,,,
2026-02-18,2026-02-18,FO,NSE,IDO,58512,,BANKNIFTY,,2026-03-30,2026-03-30,46500.0,CE,BANKNIFTY26MAR46500CE,0.0,0.0,0.0,9237.95,0.0,9237.95,61550.8,15330.25,0,0,0,0.0,0,F1,30,,,,,
2026-02-18,2026-02-18,FO,NSE,IDO,67716,,BANKNIFTY,,2026-04-28,2026-04-28,60100.0,CE,BANKNIFTY26APR60100CE,2358.35,2358.35,2358.35,2358.35,2358.35,1938.6,61550.8,2658.4,300,0,1,1873750.5,1,F1,30,,,,,
2026-02-18,2026-02-18,FO,NSE,IDO,67714,,BANKNIFTY,,2026-04-28,2026-04-28,60000.0,CE,BANKNIFTY26APR60000CE,2348.0,2660.0,2310.1,2638.25,2629.2,2355.95,61550.8,2638.25,17040,900,83,155602489.5,62,F1,30,,,,,
2026-02-18,2026-02-18,FO,NSE,IDO,67624,,BANKNIFTY,,2026-04-28,2026-04-28,58100.0,CE,BANKNIFTY26APR58100CE,4258.75,4258.75,4258.75,4258.75,4258.75,2968.9,61550.8,4258.75,60,60,2,3741525.0,1,F1,30,,,,,
2026-02-18,2026-02-18,FO,NSE,IDO,67546,,BANKNIFTY,,2026-04-28,2026-04-28,56900.0,CE,BANKNIFTY26APR56900CE,0.0,0.0,0.0,3801.85,0.0,3801.85,61550.8,5326.6,0,0,0,0.0,0,F1,30,,,,,
2026-02-18,2026-02-18,FO,NSE,IDO,67524,,BANKNIFTY,,2026-04-28,2026-04-28,55800.0,CE,BANKNIFTY26APR55800CE,0.0,0.0,0.0,4654.65,0.0,4654.65,61550.8,6365.35,0,0,0,0.0,0,F1,30,,,,,
2026-02-18,2026-02-18,FO,NSE,IDO,67434,,BANKNIFTY,,2026-04-28,2026-04-28,52000.0,CE,BANKNIFTY26APR52000CE,9932.0,9969.0,9889.0,9969.0,9969.0,9557.0,61550.8,9969.0,540,120,4,7431060.0,4,F1,30,,,,,
2026-02-18,2026-02-18,FO,NSE,IDO,52774,,BANKNIFTY,,2026-03-30,2026-03-30,68500.0,CE,BANKNIFTY26MAR68500CE,19.95,23.75,18.05,22.4,23.75,21.5,61550.8,22.4,990,570,30,61667419.5,12,F1,30,,,,,
2026-02-18,2026-02-18,FO,NSE,IDO,52746,,BANKNIFTY,,2026-03-30,2026-03-30,67000.0,CE,BANKNIFTY26MAR67000CE,25.05,32.05,22.0,28.75,27.0,25.35,61550.8,28.75,20160,4500,512,1029529974.0,285,F1,30,,,,,
2026-02-18,2026-02-18,FO,NSE,IDO,52700,,BANKNIFTY,,2026-03-30,2026-03-30,64600.0,CE,BANKNIFTY26MAR64600CE,0.0,0.0,0.0,454.6,0.0,454.6,61550.8,241.25,0,0,0,0.0,0,F1,30,,,,,
2026-02-18,2026-02-18,FO,NSE,IDO,52626,,BANKNIFTY,,2026-03-30,2026-03-30,61800.0,CE,BANKNIFTY26MAR61800CE,737.25,957.0,709.0,916.05,911.35,730.2,61550.8,916.05,12210,390,832,1563082533.0,620,F1,30,,,,,
2026-02-18,2026-02-18,FO,NSE,IDO,52550,,BANKNIFTY,,2026-03-30,2026-03-30,58800.0,CE,BANKNIFTY26MAR58800CE,0.0,0.0,0.0,2256.35,2256.35,2256.35,61550.8,3254.75,570,0,0,0.0,0,F1,30,,,,,
2026-02-18,2026-02-18,FO,NSE,IDO,52421,,BANKNIFTY,,2026-09-29,2026-09-29,66000.0,PE,BANKNIFTY26SEP66000PE,0.0,0.0,0.0,8825.75,0.0,8825.75,61550.8,3864.35,0,0,0,0.0,0,F1,30,,,,,
2026-02-18,2026-02-18,FO,NSE,IDO,60408,,BANKNIFTY,,2026-02-24,2026-02-24,63400.0,CE,BANKNIFTY26FEB63400CE,14.95,18.2,10.45,15.65,13.85,14.95,61550.8,15.65,30120,2160,5650,10748684583.0,3260,F1,30,,,,,
2026-02-18,2026-02-18,FO,NSE,IDO,60389,,BANKNIFTY,,2026-02-24,2026-02-24,62800.0,CE,BANKNIFTY26FEB62800CE,23.05,42.7,19.7,34.7,30.45,27.55,61550.8,34.7,83850,19860,19163,36119530768.5,10652,F1,30,,,,,
2026-02-18,2026-02-18,FO,NSE,IDO,60379,,BANKNIFTY,,2026-02-24,2026-02-24,62500.0,CE,BANKNIFTY26FEB62500CE,37.5,70.95,30.65,56.55,50.65,42.45,61550.8,56.55,815910,78390,103102,193457511984.0,58790,F1,30,,,,,
2026-02-18,2026-02-18,FO,NSE,IDO,60262,,BANKNIFTY,,2026-02-24,2026-02-24,60800.0,CE,BANKNIFTY26FEB60800CE,570.0,895.5,502.6,822.4,814.55,575.4,61550.8,822.4,137400,-93450,26803,49400566728.0,19678,F1,30,,,,,
2026-02-18,2026-02-18,FO,NSE,IDO,60473,,BANKNIFTY,,2026-02-24,2026-02-24,65500.0,PE,BANKNIFTY26FEB65500PE,0.0,0.0,0.0,5751.95,5793.65,5751.95,61550.8,3890.05,60,0,0,0.0,0,F1,30,,,,,
2026-02-18,2026-02-18,FO,NSE,IDO,60254,,BANKNIFTY,,2026-02-24,2026-02-24,60500.0,PE,BANKNIFTY26FEB60500PE,188.85,188.95,94.0,99.95,100.5,191.9,61550.8,99.95,1091520,148290,119772,217815991392.0,76891,F1,30,,,,,
2026-02-18,2026-02-18,FO,NSE,IDO,60250,,BANKNIFTY,,2026-02-24,2026-02-24,60300.0,PE,BANKNIFTY26FEB60300PE,151.6,151.6,77.75,82.65,82.55,151.6,61550.8,82.65,318870,-22710,35126,63644527462.5,23255,F1,30,,,,,
2026-02-18,2026-02-18,FO,NSE,IDO,60238,,BANKNIFTY,,2026-02-24,2026-02-24,59700.0,PE,BANKNIFTY26FEB59700PE,78.2,78.2,47.45,51.15,51.4,78.8,61550.8,51.15,202770,28950,20671,37054856643.0,12776,F1,30,,,,,
2026-02-18,2026-02-18,FO,NSE,IDO,59982,,BANKNIFTY,,2026-02-24,2026-02-24,55600.0,PE,BANKNIFTY26FEB55600PE,9.0,13.25,9.0,12.45,12.7,13.05,61550.8,12.45,17070,-930,318,530536110.0,271,F1,30,,,,,
2026-02-18,2026-02-18,FO,NSE,IDO,59978,,BANKNIFTY,,2026-02-24,2026-02-24,55400.0,PE,BANKNIFTY26FEB55400PE,9.2,12.7,7.65,11.95,9.5,11.9,61550.8,11.95,12030,360,997,1657328011.5,723,F1,30,,,,,
2026-02-18,2026-02-18,FO,NSE,IDO,59947,,BANKNIFTY,,2026-02-24,2026-02-24,54400.0,PE,BANKNIFTY26FEB54400PE,7.35,11.2,6.3,10.8,11.2,9.4,61550.8,10.8,3150,-150,146,238309078.5,130,F1,30,,,,,
2026-02-18,2026-02-18,FO,NSE,IDO,59929,,BANKNIFTY,,2026-02-24,2026-02-24,53600.0,PE,BANKNIFTY26FEB53600PE,6.65,9.0,5.5,8.35,8.5,6.6,61550.8,8.35,1860,150,76,122223501.0,31,F1,30,,,,,
2026-02-18,2026-02-18,FO,NSE,IDO,52412,,BANKNIFTY,,2026-09-29,2026-09-29,64500.0,CE,BANKNIFTY26SEP64500CE,0.0,0.0,0.0,1685.65,0.0,1685.65,61550.8,2155.15,0,0,0,0.0,0,F1,30,,,,,
2026-02-18,2026-02-18,FO,NSE,IDO,57758,,BANKNIFTY,,2026-06-30,2026-06-30,61500.0,CE,BANKNIFTY26JUN61500CE,0.0,0.0,0.0,4189.3,0.0,4189.3,61550.8,2620.6,0,0,0,0.0,0,F1,30,,,,,
2026-02-18,2026-02-18,FO,NSE,IDO,68227,,BANKNIFTY,,2026-04-28,2026-04-28,67000.0,CE,BANKNIFTY26APR67000CE,0.0,0.0,0.0,178.95,0.0,178.95,61550.8,166.5,0,0,0,0.0,0,F1,30,,,,,
2026-02-18,2026-02-18,FO,NSE,IDO,52730,,BANKNIFTY,,2026-03-30,2026-03-30,66200.0,CE,BANKNIFTY26MAR66200CE,0.0,0.0,0.0,248.75,0.0,248.75,61550.8,75.55,0,0,0,0.0,0,F1,30,,,,,
2026-02-18,2026-02-18,FO,NSE,IDO,58669,,BANKNIFTY,,2026-03-30,2026-03-30,66000.0,CE,BANKNIFTY26MAR66000CE,41.8,46.0,32.55,45.05,45.0,37.5,61550.8,45.05,46350,6210,1190,2357634246.0,534,F1,30,,,,,
2026-02-18,2026-02-18,FO,NSE,IDO,52702,,BANKNIFTY,,2026-03-30,2026-03-30,64700.0,CE,BANKNIFTY26MAR64700CE,79.25,102.6,79.25,102.0,102.6,79.25,61550.8,102.0,1380,0,4,7774875.0,3,F1,30,,,,,
2026-02-18,2026-02-18,FO,NSE,IDO,52692,,BANKNIFTY,,2026-03-30,2026-03-30,64100.0,CE,BANKNIFTY26MAR64100CE,116.75,168.0,115.65,162.8,161.8,124.7,61550.8,162.8,14340,2880,287,553184442.0,173,F1,30,,,,,
2026-02-18,2026-02-18,FO,NSE,IDO,52610,,BANKNIFTY,,2026-03-30,2026-03-30,61200.0,CE,BANKNIFTY26MAR61200CE,1047.75,1319.3,1001.1,1282.55,1274.75,1047.7,61550.8,1282.55,30570,6840,2581,4825626792.0,1773,F1,30,,,,,
2026-02-18,2026-02-18,FO,NSE,IDO,52600,,BANKNIFTY,,2026-03-30,2026-03-30,60800.0,CE,BANKNIFTY26MAR60800CE,1299.0,1599.05,1237.3,1572.4,1560.5,1291.55,61550.8,1572.4,16020,-1020,145,270627786.0,129,F1,30,,,,,
2026-02-18,2026-02-18,FO,NSE,IDO,52574,,BANKNIFTY,,2026-03-30,2026-03-30,59700.0,CE,BANKNIFTY26MAR59700CE,2091.2,2092.75,2091.2,2092.75,2092.75,2078.9,61550.8,2505.25,2070,30,2,3707518.5,2,F1,30,,,,,
2026-02-18,2026-02-18,FO,NSE,IDO,52516,,BANKNIFTY,,2026-03-30,2026-03-30,57600.0,CE,BANKNIFTY26MAR57600CE,0.0,0.0,0.0,3622.15,3622.15,3622.15,61550.8,4349.05,420,0,0,0.0,0,F1,30,,,,,
2026-02-18,2026-02-18,FO,NSE,IDO,52506,,BANKNIFTY,,2026-03-30,2026-03-30,57100.0,CE,BANKNIFTY26MAR57100CE,4453.7,4453.7,4453.7,4453.7,4453.7,4111.0,61550.8,4825.5,120,-30,1,1846611.0,1,F1,30,,,,,
2026-02-18,2026-02-18,FO,NSE,IDO,52472,,BANKNIFTY,,2026-03-30,2026-03-30,55900.0,CE,BANKNIFTY26MAR55900CE,0.0,0.0,0.0,3778.1,3778.1,3778.1,61550.8,5994.85,30,0,0,0.0,0,F1,30,,,,,
2026-02-18,2026-02-18,FO,NSE,IDO,52450,,BANKNIFTY,,2026-03-30,2026-03-30,54700.0,CE,BANKNIFTY26MAR54700CE,0.0,0.0,0.0,6700.0,6700.0,6700.0,61550.8,7181.15,60,0,0,0.0,0,F1,30,,,,,
2026-02-18,2026-02-18,FO,NSE,IDO,52414,,BANKNIFTY,,2026-03-30,2026-03-30,53500.0,CE,BANKNIFTY26MAR53500CE,0.0,0.0,0.0,7140.0,7140.0,7140.0,61550.8,8372.55,180,0,0,0.0,0,F1,30,,,,,
2026-02-18,2026-02-18,FO,NSE,IDO,52556,,BANKNIFTY,,2026-03-30,2026-03-30,58900.0,PE,BANKNIFTY26MAR58900PE,236.3,236.35,207.9,209.45,210.5,238.6,61550.8,209.45,9030,1470,274,485958516.0,139,F1,30,,,,,
2026-02-18,2026-02-18,FO,NSE,IDO,52635,,BANKNIFTY,,2026-03-30,2026-03-30,62200.0,PE,BANKNIFTY26MAR62200PE,1174.85,1191.55,1065.9,1082.3,1080.85,1332.95,61550.8,1082.3,1530,1230,158,300099547.5,103,F1,30,,,,,
2026-02-18,2026-02-18,FO,NSE,IDO,52667,,BANKNIFTY,,2026-03-30,2026-03-30,63300.0,PE,BANKNIFTY26MAR63300PE,2034.7,2034.7,2034.7,2034.7,2034.7,1999.2,61550.8,1901.6,240,0,1,1960041.0,1,F1,30,,,,,
2026-02-18,2026-02-18,FO,NSE,IDO,52677,,BANKNIFTY,,2026-03-30,2026-03-30,63500.0,PE,BANKNIFTY26MAR63500PE,2166.0,2210.0,1890.0,1890.0,1890.0,2239.0,61550.8,1890.0,1170,360,19,37405993.5,16,F1,30,,,,,
2026-02-18,2026-02-18,FO,NSE,IDO,58672,,BANKNIFTY,,2026-03-30,2026-03-30,67500.0,PE,BANKNIFTY26MAR67500PE,5800.0,5800.0,5800.0,5800.0,5800.0,6000.0,61550.8,5568.8,1830,30,1,2199000.0,1,F1,30,,,,,
2026-02-18,2026-02-18,FO,NSE,IDO,67481,,BANKNIFTY,,2026-04-28,2026-04-28,54300.0,PE,BANKNIFTY26APR54300PE,0.0,0.0,0.0,192.4,0.0,192.4,61550.8,9.8,0,0,0,0.0,0,F1,30,,,,,
2026-02-18,2026-02-18,FO,NSE,IDO,67557,,BANKNIFTY,,2026-04-28,2026-04-28,57400.0,PE,BANKNIFTY26APR57400PE,0.0,0.0,0.0,238.35,238.35,238.35,61550.8,123.85,210,0,0,0.0,0,F1,30,,,,,
2026-02-18,2026-02-18,FO,NSE,IDO,67601,,BANKNIFTY,,2026-04-28,2026-04-28,57800.0,PE,BANKNIFTY26APR57800PE,0.0,0.0,0.0,247.75,247.75,247.75,61550.8,161.45,300,0,0,0.0,0,F1,30,,,,,
2026-02-18,2026-02-18,FO,NSE,IDO,67628,,BANKNIFTY,,2026-04-28,2026-04-28,58200.0,PE,BANKNIFTY26APR58200PE,287.0,287.0,250.6,250.6,250.6,289.65,61550.8,250.6,330,180,7,12279489.0,7,F1,30,,,,,
2026-02-18,2026-02-18,FO,NSE,IDO,67715,,BANKNIFTY,,2026-04-28,2026-04-28,60000.0,PE,BANKNIFTY26APR60000PE,580.0,598.65,525.0,534.0,533.0,595.6,61550.8,534.0,34050,5730,798,1449716584.5,392,F1,30,,,,,
2026-02-18,2026-02-18,FO,NSE,IDO,67815,,BANKNIFTY,,2026-04-28,2026-04-28,62000.0,PE,BANKNIFTY26APR62000PE,1299.85,1329.45,1142.35,1161.9,1158.35,1317.25,61550.8,1161.9,19710,12180,886,1679860707.0,516,F1,30,,,,,
2026-02-18,2026-02-18,FO,NSE,IDO,52285,,BANKNIFTY,,2026-09-29,2026-09-29,52500.0,PE,BANKNIFTY26SEP52500PE,0.0,0.0,0.0,1578.8,0.0,1578.8,61550.8,68.4,0,0,0,0.0,0,F1,30,,,,,
2026-02-18,2026-02-18,FO,NSE,IDO,60361,,BANKNIFTY,,2026-02-24,2026-02-24,61900.0,CE,BANKNIFTY26FEB61900CE,113.55,205.2,80.95,171.1,161.4,113.55,61550.8,171.1,129840,33510,60802,113141965062.0,41590,F1,30,,,,,
2026-02-18,2026-02-18,FO,NSE,IDO,60344,,BANKNIFTY,,2026-02-24,2026-02-24,61600.0,CE,BANKNIFTY26FEB61600CE,187.0,337.1,139.55,291.05,276.6,187.35,61550.8,291.05,190890,45720,106961,198404262862.5,75588,F1,30,,,,,
2026-02-18,2026-02-18,FO,NSE,IDO,60090,,BANKNIFTY,,2026-02-24,2026-02-24,58600.0,CE,BANKNIFTY26FEB58600CE,2620.3,2880.0,2620.3,2880.0,2880.0,2540.05,61550.8,3004.2,29640,-480,31,57048060.0,14,F1,30,,,,,
2026-02-18,2026-02-18,FO,NSE,IDO,60025,,BANKNIFTY,,2026-02-24,2026-02-24,56600.0,CE,BANKNIFTY26FEB56600CE,0.0,0.0,0.0,3735.45,3735.45,3735.45,61550.8,5001.95,1800,0,0,0.0,0,F1,30,,,,,
2026-02-18,2026-02-18,FO,NSE,IDO,60023,,BANKNIFTY,,2026-02-24,2026-02-24,56500.0,CE,BANKNIFTY26FEB56500CE,4688.15,5030.0,4686.15,5009.6,4988.45,4614.75,61550.8,5009.6,12720,-1080,60,110679604.5,37,F1,30,,,,,
2026-02-18,2026-02-18,FO,NSE,IDO,59985,,BANKNIFTY,,2026-02-24,2026-02-24,55800.0,CE,BANKNIFTY26FEB55800CE,0.0,0.0,0.0,4460.3,4460.3,4460.3,61550.8,5801.25,210,0,0,0.0,0,F1,30,,,,,
2026-02-18,2026-02-18,FO,NSE,IDO,59979,,BANKNIFTY,,2026-02-24,2026-02-24,55500.0,CE,BANKNIFTY26FEB55500CE,5581.0,5971.0,5581.0,5971.0,5971.0,5600.0,61550.8,6100.95,6660,-240,10,18396582.0,10,F1,30,,,,,
2026-02-18,2026-02-18,FO,NSE,IDO,60438,,BANKNIFTY,,2026-02-24,2026-02-24,64800.0,PE,BANKNIFTY26FEB64800PE,0.0,0.0,0.0,5518.3,5518.3,5518.3,61550.8,3191.05,30,0,0,0.0,0,F1,30,,,,,
2026-02-18,2026-02-18,FO,NSE,IDO,52509,,BANKNIFTY,,2026-03-30,2026-03-30,57200.0,PE,BANKNIFTY26MAR57200PE,109.45,113.9,99.1,100.4,99.4,108.55,61550.8,100.4,5460,3480,189,324903445.5,83,F1,30,,,,,
2026-02-18,2026-02-18,FO,NSE,IDO,52507,,BANKNIFTY,,2026-03-30,2026-03-30,57100.0,PE,BANKNIFTY26MAR57100PE,103.65,103.65,94.85,95.8,94.85,104.55,61550.8,95.8,3030,-360,30,51478185.0,17,F1,30,,,,,
2026-02-18,2026-02-18,FO,NSE,IDO,52503,,BANKNIFTY,,2026-03-30,2026-03-30,56900.0,PE,BANKNIFTY26MAR56900PE,92.15,95.35,88.1,88.7,88.1,106.05,61550.8,88.7,2430,270,47,80359729.5,35,F1,30,,,,,
2026-02-18,2026-02-18,FO,NSE,IDO,52497,,BANKNIFTY,,2026-03-30,2026-03-30,56700.0,PE,BANKNIFTY26MAR56700PE,86.8,86.8,81.35,81.35,81.35,98.5,61550.8,81.35,1950,-30,10,17035543.5,5,F1,30,,,,,
2026-02-18,2026-02-18,FO,NSE,IDO,52465,,BANKNIFTY,,2026-03-30,2026-03-30,55400.0,PE,BANKNIFTY26MAR55400PE,0.0,0.0,0.0,66.5,66.5,66.5,61550.8,4.3,840,0,0,0.0,0,F1,30,,,,,
2026-02-18,2026-02-18,FO,NSE,IDO,52379,,BANKNIFTY,,2026-03-30,2026-03-30,52000.0,PE,BANKNIFTY26MAR52000PE,24.95,24.95,21.1,22.1,22.0,25.6,61550.8,22.1,38760,510,433,675778674.0,273,F1,30,,,,,
2026-02-18,2026-02-18,FO,NSE,IDO,58517,,BANKNIFTY,,2026-03-30,2026-03-30,49500.0,PE,BANKNIFTY26MAR49500PE,0.0,0.0,0.0,1623.6,0.0,1623.6,61550.8,0.05,0,0,0,0.0,0,F1,30,,,,,
2026-02-18,2026-02-18,FO,NSE,IDO,58513,,BANKNIFTY,,2026-03-30,2026-03-30,46500.0,PE,BANKNIFTY26MAR46500PE,0.0,0.0,0.0,901.5,0.0,901.5,61550.8,0.05,0,0,0,0.0,0,F1,30,,,,,
2026-02-18,2026-02-18,FO,NSE,IDO,67559,,BANKNIFTY,,2026-04-28,2026-04-28,57500.0,PE,BANKNIFTY26APR57500PE,205.0,211.9,197.1,198.4,197.1,213.6,61550.8,198.4,21930,2430,127,219848554.5,113,F1,30,,,,,
2026-02-18,2026-02-18,FO,NSE,IDO,67545,,BANKNIFTY,,2026-04-28,2026-04-28,56800.0,PE,BANKNIFTY26APR56800PE,0.0,0.0,0.0,600.7,0.0,600.7,61550.8,81.15,0,0,0,0.0,0,F1,30,,,,,
2026-02-18,2026-02-18,FO,NSE,IDO,67533,,BANKNIFTY,,2026-04-28,2026-04-28,56200.0,PE,BANKNIFTY26APR56200PE,0.0,0.0,0.0,469.35,0.0,469.35,61550.8,51.55,0,0,0,0.0,0,F1,30,,,,,
2026-02-18,2026-02-18,FO,NSE,IDO,52719,,BANKNIFTY,,2026-03-30,2026-03-30,65500.0,PE,BANKNIFTY26MAR65500PE,0.0,0.0,0.0,4530.0,4530.0,4530.0,61550.8,3684.4,180,0,0,0.0,0,F1,30,,,,,
2026-02-18,2026-02-18,FO,NSE,IDO,52713,,BANKNIFTY,,2026-03-30,2026-03-30,65200.0,PE,BANKNIFTY26MAR65200PE,0.0,0.0,0.0,5041.55,5082.85,5041.55,61550.8,3417.35,30,0,0,0.0,0,F1,30,,,,,
2026-02-18,2026-02-18,FO,NSE,IDO,58659,,BANKNIFTY,,2026-03-30,2026-03-30,63000.0,PE,BANKNIFTY26MAR63000PE,1847.3,1849.5,1532.3,1559.75,1572.05,1831.7,61550.8,1559.75,43410,27690,1698,3292135654.5,1379,F1,30,,,,,
2026-02-18,2026-02-18,FO,NSE,IDO,52595,,BANKNIFTY,,2026-03-30,2026-03-30,60500.0,PE,BANKNIFTY26MAR60500PE,557.6,557.6,455.0,466.35,463.3,552.1,61550.8,466.35,211860,42330,7899,14454465415.5,4412,F1,30,,,,,
2026-02-18,2026-02-18,FO,NSE,IDO,52541,,BANKNIFTY,,2026-03-30,2026-03-30,58600.0,PE,BANKNIFTY26MAR58600PE,196.2,203.1,179.35,184.25,183.25,205.85,61550.8,184.25,6750,-450,242,426821527.5,102,F1,30,,,,,
2026-02-18,2026-02-18,FO,NSE,IDO,52547,,BANKNIFTY,,2026-03-30,2026-03-30,58700.0,PE,BANKNIFTY26MAR58700PE,214.4,215.0,187.95,192.55,191.7,216.3,61550.8,192.55,11070,3030,434,766838959.5,191,F1,30,,,,,
2026-02-18,2026-02-18,FO,NSE,IDO,67880,,BANKNIFTY,,2026-04-28,2026-04-28,63600.0,PE,BANKNIFTY26APR63600PE,0.0,0.0,0.0,2295.85,2295.85,2295.85,61550.8,2224.3,150,0,0,0.0,0,F1,30,,,,,
2026-02-18,2026-02-18,FO,NSE,IDO,57760,,BANKNIFTY,,2026-06-30,2026-06-30,61500.0,PE,BANKNIFTY26JUN61500PE,0.0,0.0,0.0,4781.2,0.0,4781.2,61550.8,1358.6,0,0,0,0.0,0,F1,30,,,,,
2026-02-18,2026-02-18,FO,NSE,IDO,57815,,BANKNIFTY,,2026-06-30,2026-06-30,69000.0,PE,BANKNIFTY26JUN69000PE,0.0,0.0,0.0,9517.3,0.0,9517.3,61550.8,6381.95,0,0,0,0.0,0,F1,30,,,,,
2026-02-18,2026-02-18,FO,NSE,IDO,67553,,BANKNIFTY,,2026-04-28,2026-04-28,57200.0,PE,BANKNIFTY26APR57200PE,0.0,0.0,0.0,703.95,0.0,703.95,61550.8,107.95,0,0,0,0.0,0,F1,30,,,,,
2026-02-18,2026-02-18,FO,NSE,IDO,59887,,BANKNIFTY,,2026-02-24,2026-02-24,52000.0,CE,BANKNIFTY26FEB52000CE,9161.0,9550.0,9161.0,9495.65,9480.0,9107.2,61550.8,9495.65,113040,-2250,83,152491218.0,48,F1,30,,,,,
2026-02-18,2026-02-18,FO,NSE,IDO,59940,,BANKNIFTY,,2026-02-24,2026-02-24,54100.0,CE,BANKNIFTY26FEB54100CE,0.0,0.0,0.0,4700.0,4700.0,4700.0,61550.8,7499.7,60,0,0,0.0,0,F1,30,,,,,
2026-02-18,2026-02-18,FO,NSE,IDO,59972,,BANKNIFTY,,2026-02-24,2026-02-24,55200.0,CE,BANKNIFTY26FEB55200CE,0.0,0.0,0.0,3633.5,3633.5,3633.5,61550.8,6400.7,60,0,0,0.0,0,F1,30,,,,,
2026-02-18,2026-02-18,FO,NSE,IDO,60243,,BANKNIFTY,,2026-02-24,2026-02-24,60000.0,CE,BANKNIFTY26FEB60000CE,1220.0,1624.95,1138.75,1548.5,1537.0,1201.45,61550.8,1548.5,1275510,-135120,17379,32005321623.0,12912,F1,30,,,,,
2026-02-18,2026-02-18,FO,NSE,IDO,60367,,BANKNIFTY,,2026-02-24,2026-02-24,62100.0,CE,BANKNIFTY26FEB62100CE,101.95,144.9,57.2,119.45,110.0,80.5,61550.8,119.45,130230,39330,44779,83543641540.5,29476,F1,30,,,,,
2026-02-18,2026-02-18,FO,NSE,IDO,67516,,BANKNIFTY,,2026-04-28,2026-04-28,55500.0,CE,BANKNIFTY26APR55500CE,0.0,0.0,0.0,5900.0,5900.0,5900.0,61550.8,6653.95,420,0,0,0.0,0,F1,30,,,,,
2026-02-18,2026-02-18,FO,NSE,IDO,67526,,BANKNIFTY,,2026-04-28,2026-04-28,55900.0,CE,BANKNIFTY26APR55900CE,0.0,0.0,0.0,4573.9,0.0,4573.9,61550.8,6269.55,0,0,0,0.0,0,F1,30,,,,,
2026-02-18,2026-02-18,FO,NSE,IDO,67532,,BANKNIFTY,,2026-04-28,2026-04-28,56200.0,CE,BANKNIFTY26APR56200CE,0.0,0.0,0.0,4335.45,0.0,4335.45,61550.8,5983.65,0,0,0,0.0,0,F1,30,,,,,
2026-02-18,2026-02-18,FO,NSE,IDO,67704,,BANKNIFTY,,2026-04-28,2026-04-28,59500.0,CE,BANKNIFTY26APR59500CE,2805.2,2985.0,2769.15,2985.0,2985.0,2728.9,61550.8,3100.25,690,0,17,31831021.5,13,F1,30,,,,,
2026-02-18,2026-02-18,FO,NSE,IDO,67767,,BANKNIFTY,,2026-04-28,2026-04-28,61200.0,CE,BANKNIFTY26APR61200CE,0.0,0.0,0.0,1364.3,0.0,1364.3,61550.8,1941.3,0,0,0,0.0,0,F1,30,,,,,
2026-02-18,2026-02-18,FO,NSE,IDO,67773,,BANKNIFTY,,2026-04-28,2026-04-28,61400.0,CE,BANKNIFTY26APR61400CE,0.0,0.0,0.0,1288.15,0.0,1288.15,61550.8,1824.75,0,0,0,0.0,0,F1,30,,,,,
2026-02-18,2026-02-18,FO,NSE,IDO,67824,,BANKNIFTY,,2026-04-28,2026-04-28,62400.0,CE,BANKNIFTY26APR62400CE,928.9,950.0,896.05,933.8,933.8,770.85,61550.8,1308.55,1110,150,11,20897121.0,11,F1,30,,,,,
2026-02-18,2026-02-18,FO,NSE,IDO,68165,,BANKNIFTY,,2026-04-28,2026-04-28,65700.0,CE,BANKNIFTY26APR65700CE,0.0,0.0,0.0,301.6,0.0,301.6,61550.8,326.75,0,0,0,0.0,0,F1,30,,,,,
2026-02-18,2026-02-18,FO,NSE,IDO,68182,,BANKNIFTY,,2026-04-28,2026-04-28,66000.0,CE,BANKNIFTY26APR66000CE,0.0,0.0,0.0,268.3,0.0,268.3,61550.8,281.5,0,0,0,0.0,0,F1,30,,,,,
2026-02-18,2026-02-18,FO,NSE,IDO,53252,,BANKNIFTY,,2026-12-29,2026-12-29,67500.0,CE,BANKNIFTY26DEC67500CE,0.0,0.0,0.0,2043.8,0.0,2043.8,61550.8,1856.4,0,0,0,0.0,0,F1,30,,,,,
2026-02-18,2026-02-18,FO,NSE,IDO,59935,,BANKNIFTY,,2026-02-24,2026-02-24,53800.0,PE,BANKNIFTY26FEB53800PE,7.95,9.8,5.75,7.8,7.65,7.65,61550.8,7.8,5970,270,82,132365074.5,40,F1,30,,,,,
2026-02-18,2026-02-18,FO,NSE,IDO,59941,,BANKNIFTY,,2026-02-24,2026-02-24,54100.0,PE,BANKNIFTY26FEB54100PE,9.15,9.15,6.1,7.7,7.75,9.25,61550.8,7.7,4110,-1380,261,423659322.0,85,F1,30,,,,,
2026-02-18,2026-02-18,FO,NSE,IDO,59945,,BANKNIFTY,,2026-02-24,2026-02-24,54300.0,PE,BANKNIFTY26FEB54300PE,7.9,12.45,6.3,10.6,12.45,9.4,61550.8,10.6,4740,-750,271,441528600.0,230,F1,30,,,,,
2026-02-18,2026-02-18,FO,NSE,IDO,59956,,BANKNIFTY,,2026-02-24,2026-02-24,54700.0,PE,BANKNIFTY26FEB54700PE,8.15,12.7,6.3,11.6,12.7,11.15,61550.8,11.6,5130,-1500,359,589210765.5,207,F1,30,,,,,
2026-02-18,2026-02-18,FO,NSE,IDO,60207,,BANKNIFTY,,2026-02-24,2026-02-24,58900.0,PE,BANKNIFTY26FEB58900PE,35.2,37.3,29.9,33.95,35.8,44.55,61550.8,33.95,60240,-35880,8196,14490398707.5,4574,F1,30,,,,,
2026-02-18,2026-02-18,FO,NSE,IDO,60369,,BANKNIFTY,,2026-02-24,2026-02-24,62200.0,CE,BANKNIFTY26FEB62200CE,65.95,120.6,48.5,98.05,90.4,67.65,61550.8,98.05,164040,71520,50307,93989735962.5,31743,F1,30,,,,,
2026-02-18,2026-02-18,FO,NSE,IDO,60431,,BANKNIFTY,,2026-02-24,2026-02-24,64500.0,CE,BANKNIFTY26FEB64500CE,6.05,7.0,4.95,5.8,5.0,7.0,61550.8,5.8,174600,-21660,19489,37714742580.0,10013,F1,30,,,,,
2026-02-18,2026-02-18,FO,NSE,IDO,60439,,BANKNIFTY,,2026-02-24,2026-02-24,64900.0,CE,BANKNIFTY26FEB64900CE,5.05,7.55,4.45,4.8,4.6,6.35,61550.8,4.8,9390,-540,838,1631723868.0,483,F1,30,,,,,
2026-02-18,2026-02-18,FO,NSE,IDO,60519,,BANKNIFTY,,2026-02-24,2026-02-24,65900.0,CE,BANKNIFTY26FEB65900CE,3.0,9.4,2.65,4.5,4.4,283.75,61550.8,4.5,6720,6720,1005,1987023928.5,187,F1,30,,,,,
2026-02-18,2026-02-18,FO,NSE,IDO,58514,,BANKNIFTY,,2026-03-30,2026-03-30,48000.0,CE,BANKNIFTY26MAR48000CE,0.0,0.0,0.0,11289.5,11289.5,11289.5,61550.8,13839.25,4145,0,0,0.0,0,F1,30,,,,,
2026-02-18,2026-02-18,FO,NSE,IDO,58516,,BANKNIFTY,,2026-03-30,2026-03-30,49500.0,CE,BANKNIFTY26MAR49500CE,0.0,0.0,0.0,9800.0,9800.0,9800.0,61550.8,12348.25,2640,0,0,0.0,0,F1,30,,,,,
2026-02-18,2026-02-18,FO,NSE,IDO,52377,,BANKNIFTY,,2026-03-30,2026-03-30,52000.0,CE,BANKNIFTY26MAR52000CE,9490.0,9720.2,9380.0,9711.0,9711.9,9344.85,61550.8,9711.0,11070,1020,34,62802582.0,31,F1,30,,,,,
2026-02-18,2026-02-18,FO,NSE,IDO,52446,,BANKNIFTY,,2026-03-30,2026-03-30,54500.0,CE,BANKNIFTY26MAR54500CE,6995.0,7354.05,6995.0,7354.05,7354.05,6290.0,61550.8,7354.05,690,90,5,9243570.0,5,F1,30,,,,,
2026-02-18,2026-02-18,FO,NSE,IDO,58610,,BANKNIFTY,,2026-03-30,2026-03-30,58500.0,CE,BANKNIFTY26MAR58500CE,3138.35,3524.3,3138.35,3488.8,3477.25,3105.05,61550.8,3488.8,33495,1365,205,380206606.5,165,F1,30,,,,,
2026-02-18,2026-02-18,FO,NSE,IDO,52562,,BANKNIFTY,,2026-03-30,2026-03-30,59200.0,CE,BANKNIFTY26MAR59200CE,0.0,0.0,0.0,2520.0,2520.0,2520.0,61550.8,2912.3,1110,0,0,0.0,0,F1,30,,,,,
2026-02-18,2026-02-18,FO,NSE,IDO,58656,,BANKNIFTY,,2026-03-30,2026-03-30,61500.0,CE,BANKNIFTY26MAR61500CE,900.0,1146.9,839.2,1100.95,1100.0,881.25,61550.8,1100.95,200045,75780,10729,20112309931.5,6806,F1,30,,,,,
2026-02-18,2026-02-18,FO,NSE,IDO,52678,,BANKNIFTY,,2026-03-30,2026-03-30,63600.0,CE,BANKNIFTY26MAR63600CE,0.0,0.0,0.0,643.7,0.0,643.7,61550.8,449.0,0,0,0,0.0,0,F1,30,,,,,
2026-02-18,2026-02-18,FO,NSE,IDO,67424,,BANKNIFTY,,2026-04-28,2026-04-28,51500.0,CE,BANKNIFTY26APR51500CE,0.0,0.0,0.0,8530.4,0.0,8530.4,61550.8,10583.9,0,0,0,0.0,0,F1,30,,,,,
2026-02-18,2026-02-18,FO,NSE,IDO,67867,,BANKNIFTY,,2026-04-28,2026-04-28,63400.0,PE,BANKNIFTY26APR63400PE,0.0,0.0,0.0,2153.5,2153.5,2153.5,61550.8,2095.2,180,0,0,0.0,0,F1,30,,,,,
2026-02-18,2026-02-18,FO,NSE,IDO,67798,,BANKNIFTY,,2026-04-28,2026-04-28,61900.0,PE,BANKNIFTY26APR61900PE,1155.55,1155.55,1116.75,1121.1,1117.9,2858.15,61550.8,1121.1,240,240,8,15126378.0,8,F1,30,,,,,
2026-02-18,2026-02-18,FO,NSE,IDO,67796,,BANKNIFTY,,2026-04-28,2026-04-28,61800.0,PE,BANKNIFTY26APR61800PE,1089.3,1095.7,1075.3,1076.15,1077.0,2793.45,61550.8,1076.15,240,240,8,15092578.5,8,F1,30,,,,,
2026-02-18,2026-02-18,FO,NSE,IDO,60224,,BANKNIFTY,,2026-02-24,2026-02-24,59300.0,PE,BANKNIFTY26FEB59300PE,52.0,56.15,36.8,40.4,40.6,56.35,61550.8,40.4,85740,-44370,11186,19913427850.5,7199,F1,30,,,,,
2026-02-18,2026-02-18,FO,NSE,IDO,60263,,BANKNIFTY,,2026-02-24,2026-02-24,60800.0,PE,BANKNIFTY26FEB60800PE,275.45,275.45,132.05,141.45,141.05,277.05,61550.8,141.45,384870,-12030,70416,128830321239.0,50402,F1,30,,,,,
2026-02-18,2026-02-18,FO,NSE,IDO,60366,,BANKNIFTY,,2026-02-24,2026-02-24,62000.0,PE,BANKNIFTY26FEB62000PE,994.7,1015.05,608.85,649.75,651.6,994.7,61550.8,649.75,125430,51090,16932,31882337455.5,11854,F1,30,,,,,
2026-02-18,2026-02-18,FO,NSE,IDO,60378,,BANKNIFTY,,2026-02-24,2026-02-24,62400.0,PE,BANKNIFTY26FEB62400PE,1378.75,1378.75,911.35,994.3,985.9,1349.0,61550.8,994.3,12450,12150,506,964450308.0,288,F1,30,,,,,
2026-02-18,2026-02-18,FO,NSE,IDO,52429,,BANKNIFTY,,2026-03-30,2026-03-30,53900.0,PE,BANKNIFTY26MAR53900PE,0.0,0.0,0.0,166.75,0.0,166.75,61550.8,0.5,0,0,0,0.0,0,F1,30,,,,,
2026-02-18,2026-02-18,FO,NSE,IDO,52491,,BANKNIFTY,,2026-03-30,2026-03-30,56400.0,PE,BANKNIFTY26MAR56400PE,80.25,80.25,78.2,78.2,78.2,85.85,61550.8,14.7,2220,0,11,18638175.0,3,F1,30,,,,,
2026-02-18,2026-02-18,FO,NSE,IDO,52493,,BANKNIFTY,,2026-03-30,2026-03-30,56500.0,PE,BANKNIFTY26MAR56500PE,80.9,83.85,76.15,78.9,78.4,86.75,61550.8,78.9,65580,-720,679,1152538591.5,511,F1,30,,,,,
2026-02-18,2026-02-18,FO,NSE,IDO,67731,,BANKNIFTY,,2026-04-28,2026-04-28,60800.0,PE,BANKNIFTY26APR60800PE,819.8,819.8,724.9,726.95,724.9,880.0,61550.8,726.95,840,60,13,24014157.0,11,F1,30,,,,,
2026-02-18,2026-02-18,FO,NSE,IDO,67729,,BANKNIFTY,,2026-04-28,2026-04-28,60700.0,PE,BANKNIFTY26APR60700PE,761.2,779.65,690.0,693.0,697.65,844.25,61550.8,693.0,4170,3900,142,261639453.0,42,F1,30,,,,,
2026-02-18,2026-02-18,FO,NSE,IDO,67721,,BANKNIFTY,,2026-04-28,2026-04-28,60300.0,PE,BANKNIFTY26APR60300PE,0.0,0.0,0.0,742.85,747.5,742.85,61550.8,644.2,840,0,0,0.0,0,F1,30,,,,,
2026-02-18,2026-02-18,FO,NSE,IDO,67709,,BANKNIFTY,,2026-04-28,2026-04-28,59700.0,PE,BANKNIFTY26APR59700PE,0.0,0.0,0.0,560.05,560.0,560.05,61550.8,480.95,300,0,0,0.0,0,F1,30,,,,,
2026-02-18,2026-02-18,FO,NSE,IDO,67563,,BANKNIFTY,,2026-04-28,2026-04-28,57700.0,PE,BANKNIFTY26APR57700PE,229.65,229.65,229.65,229.65,229.65,263.7,61550.8,151.25,120,30,1,1737889.5,1,F1,30,,,,,
2026-02-18,2026-02-18,FO,NSE,IDO,67539,,BANKNIFTY,,2026-04-28,2026-04-28,56500.0,PE,BANKNIFTY26APR56500PE,0.0,0.0,0.0,203.75,207.0,203.75,61550.8,64.95,2370,0,0,0.0,0,F1,30,,,,,
2026-02-18,2026-02-18,FO,NSE,IDO,67535,,BANKNIFTY,,2026-04-28,2026-04-28,56300.0,PE,BANKNIFTY26APR56300PE,0.0,0.0,0.0,489.6,0.0,489.6,61550.8,55.7,0,0,0,0.0,0,F1,30,,,,,
2026-02-18,2026-02-18,FO,NSE,IDO,67531,,BANKNIFTY,,2026-04-28,2026-04-28,56100.0,PE,BANKNIFTY26APR56100PE,0.0,0.0,0.0,449.75,0.0,449.75,61550.8,47.65,0,0,0,0.0,0,F1,30,,,,,
2026-02-18,2026-02-18,FO,NSE,IDO,58654,,BANKNIFTY,,2026-03-30,2026-03-30,60000.0,CE,BANKNIFTY26MAR60000CE,1865.0,2231.55,1825.85,2168.3,2155.3,1860.6,61550.8,2168.3,161010,14855,1484,2759960340.0,1258,F1,30,,,,,
2026-02-18,2026-02-18,FO,NSE,IDO,52708,,BANKNIFTY,,2026-03-30,2026-03-30,65000.0,CE,BANKNIFTY26MAR65000CE,61.35,84.35,54.5,79.6,75.45,61.3,61550.8,79.6,126870,45480,5527,10789183513.5,3026,F1,30,,,,,
2026-02-18,2026-02-18,FO,NSE,IDO,67468,,BANKNIFTY,,2026-04-28,2026-04-28,53700.0,CE,BANKNIFTY26APR53700CE,0.0,0.0,0.0,6467.55,0.0,6467.55,61550.8,8411.6,0,0,0,0.0,0,F1,30,,,,,
2026-02-18,2026-02-18,FO,NSE,IDO,67494,,BANKNIFTY,,2026-04-28,2026-04-28,54900.0,CE,BANKNIFTY26APR54900CE,0.0,0.0,0.0,5406.1,0.0,5406.1,61550.8,7235.85,0,0,0,0.0,0,F1,30,,,,,
2026-02-18,2026-02-18,FO,NSE,IDO,67536,,BANKNIFTY,,2026-04-28,2026-04-28,56400.0,CE,BANKNIFTY26APR56400CE,0.0,0.0,0.0,4179.65,0.0,4179.65,61550.8,5794.35,0,0,0,0.0,0,F1,30,,,,,
2026-02-18,2026-02-18,FO,NSE,IDO,68184,,BANKNIFTY,,2026-04-28,2026-04-28,66100.0,CE,BANKNIFTY26APR66100CE,0.0,0.0,0.0,257.9,0.0,257.9,61550.8,267.6,0,0,0,0.0,0,F1,30,,,,,
2026-02-18,2026-02-18,FO,NSE,IDO,68163,,BANKNIFTY,,2026-04-28,2026-04-28,65600.0,CE,BANKNIFTY26APR65600CE,0.0,0.0,0.0,313.45,0.0,313.45,61550.8,343.1,0,0,0,0.0,0,F1,30,,,,,
2026-02-18,2026-02-18,FO,NSE,IDO,67816,,BANKNIFTY,,2026-04-28,2026-04-28,62100.0,CE,BANKNIFTY26APR62100CE,0.0,0.0,0.0,1087.25,1087.25,1087.25,61550.8,1451.75,510,0,0,0.0,0,F1,30,,,,,
2026-02-18,2026-02-18,FO,NSE,IDO,67761,,BANKNIFTY,,2026-04-28,2026-04-28,61000.0,CE,BANKNIFTY26APR61000CE,1697.5,1935.0,1631.55,1895.55,1887.85,1661.65,61550.8,1895.55,24090,4020,376,707957017.5,292,F1,30,,,,,
2026-02-18,2026-02-18,FO,NSE,IDO,67724,,BANKNIFTY,,2026-04-28,2026-04-28,60500.0,CE,BANKNIFTY26APR60500CE,2040.0,2289.85,2029.0,2257.8,2246.85,2000.8,61550.8,2257.8,5730,30,28,52629580.5,25,F1,30,,,,,
2026-02-18,2026-02-18,FO,NSE,IDO,67698,,BANKNIFTY,,2026-04-28,2026-04-28,59200.0,CE,BANKNIFTY26APR59200CE,0.0,0.0,0.0,2307.15,0.0,2307.15,61550.8,3333.25,0,0,0,0.0,0,F1,30,,,,,
2026-02-18,2026-02-18,FO,NSE,IDO,67687,,BANKNIFTY,,2026-04-28,2026-04-28,58900.0,CE,BANKNIFTY26APR58900CE,0.0,0.0,0.0,2932.3,2932.3,2932.3,61550.8,3573.7,30,0,0,0.0,0,F1,30,,,,,
2026-02-18,2026-02-18,FO,NSE,IDO,67637,,BANKNIFTY,,2026-04-28,2026-04-28,58700.0,CE,BANKNIFTY26APR58700CE,0.0,0.0,0.0,2595.5,0.0,2595.5,61550.8,3737.85,0,0,0,0.0,0,F1,30,,,,,
2026-02-18,2026-02-18,FO,NSE,IDO,67562,,BANKNIFTY,,2026-04-28,2026-04-28,57700.0,CE,BANKNIFTY26APR57700CE,4276.2,4276.2,4276.2,4276.2,4276.2,3233.95,61550.8,4598.9,60,60,2,3718572.0,1,F1,30,,,,,
2026-02-18,2026-02-18,FO,NSE,IDO,67550,,BANKNIFTY,,2026-04-28,2026-04-28,57100.0,CE,BANKNIFTY26APR57100CE,0.0,0.0,0.0,4098.2,4098.2,4098.2,61550.8,5142.05,0,0,0,0.0,0,F1,30,,,,,
2026-02-18,2026-02-18,FO,NSE,IDO,53235,,BANKNIFTY,,2026-12-29,2026-12-29,58500.0,CE,BANKNIFTY26DEC58500CE,0.0,0.0,0.0,5992.15,0.0,5992.15,61550.8,6608.35,0,0,0,0.0,0,F1,30,,,,,
2026-02-18,2026-02-18,FO,NSE,IDO,52420,,BANKNIFTY,,2026-09-29,2026-09-29,66000.0,CE,BANKNIFTY26SEP66000CE,0.0,0.0,0.0,1369.25,0.0,1369.25,61550.8,1596.1,0,0,0,0.0,0,F1,30,,,,,
2026-02-18,2026-02-18,FO,NSE,IDO,57754,,BANKNIFTY,,2026-06-30,2026-06-30,60000.0,CE,BANKNIFTY26JUN60000CE,0.0,0.0,0.0,4845.05,0.0,4845.05,61550.8,3571.15,0,0,0,0.0,0,F1,30,,,,,
2026-02-18,2026-02-18,FO,NSE,IDO,60249,,BANKNIFTY,,2026-02-24,2026-02-24,60300.0,CE,BANKNIFTY26FEB60300CE,954.5,1330.05,885.55,1268.5,1257.2,948.25,61550.8,1268.5,142980,-12510,3720,6846745533.0,2304,F1,30,,,,,
2026-02-18,2026-02-18,FO,NSE,IDO,60237,,BANKNIFTY,,2026-02-24,2026-02-24,59700.0,CE,BANKNIFTY26FEB59700CE,1473.0,1900.0,1409.45,1838.55,1826.0,1473.0,61550.8,1838.55,43380,-4080,385,708158644.5,212,F1,30,,,,,
2026-02-18,2026-02-18,FO,NSE,IDO,60092,,BANKNIFTY,,2026-02-24,2026-02-24,58700.0,CE,BANKNIFTY26FEB58700CE,2476.85,2815.95,2476.85,2807.95,2812.5,2431.45,61550.8,2807.95,36060,-510,42,77273470.5,39,F1,30,,,,,
2026-02-18,2026-02-18,FO,NSE,IDO,60079,,BANKNIFTY,,2026-02-24,2026-02-24,58300.0,CE,BANKNIFTY26FEB58300CE,3079.2,3109.0,3078.8,3104.05,3104.05,2815.6,61550.8,3303.65,14640,-960,36,66314289.0,16,F1,30,,,,,
2026-02-18,2026-02-18,FO,NSE,IDO,60018,,BANKNIFTY,,2026-02-24,2026-02-24,56300.0,CE,BANKNIFTY26FEB56300CE,0.0,0.0,0.0,2700.0,2700.0,2700.0,61550.8,5301.7,330,0,0,0.0,0,F1,30,,,,,
2026-02-18,2026-02-18,FO,NSE,IDO,59989,,BANKNIFTY,,2026-02-24,2026-02-24,55900.0,CE,BANKNIFTY26FEB55900CE,0.0,0.0,0.0,4363.15,4363.15,4363.15,61550.8,5701.3,60,0,0,0.0,0,F1,30,,,,,
2026-02-18,2026-02-18,FO,NSE,IDO,60558,,BANKNIFTY,,2026-02-24,2026-02-24,67500.0,PE,BANKNIFTY26FEB67500PE,6203.6,6234.0,6024.0,6041.75,6041.75,6394.0,61550.8,5888.2,4710,150,14,30895125.0,13,F1,30,,,,,
2026-02-18,2026-02-18,FO,NSE,IDO,60462,,BANKNIFTY,,2026-02-24,2026-02-24,65300.0,PE,BANKNIFTY26FEB65300PE,0.0,0.0,0.0,5849.1,0.0,5849.1,61550.8,3690.25,0,0,0,0.0,0,F1,30,,,,,
2026-02-18,2026-02-18,FO,NSE,IDO,60234,,BANKNIFTY,,2026-02-24,2026-02-24,59600.0,PE,BANKNIFTY26FEB59600PE,72.1,72.1,44.1,48.35,48.75,71.7,61550.8,48.35,189330,75840,18237,32634748672.5,11794,F1,30,,,,,
2026-02-18,2026-02-18,FO,NSE,IDO,60230,,BANKNIFTY,,2026-02-24,2026-02-24,59500.0,PE,BANKNIFTY26FEB59500PE,66.45,66.45,41.3,45.15,45.3,65.95,61550.8,45.15,670920,76920,78660,140517661170.0,38415,F1,30,,,,,
2026-02-18,2026-02-18,FO,NSE,IDO,60211,,BANKNIFTY,,2026-02-24,2026-02-24,59100.0,PE,BANKNIFTY26FEB59100PE,45.0,45.0,32.85,36.4,36.9,50.05,61550.8,36.4,83430,-43590,8881,15755636004.0,4839,F1,30,,,,,
2026-02-18,2026-02-18,FO,NSE,IDO,60093,,BANKNIFTY,,2026-02-24,2026-02-24,58700.0,PE,BANKNIFTY26FEB58700PE,32.05,42.15,27.15,31.1,31.95,41.15,61550.8,31.1,146730,20700,9905,17451738934.5,5191,F1,30,,,,,
2026-02-18,2026-02-18,FO,NSE,IDO,60387,,BANKNIFTY,,2026-02-24,2026-02-24,62700.0,CE,BANKNIFTY26FEB62700CE,29.85,50.0,22.7,39.1,36.35,31.4,61550.8,39.1,111450,26250,22368,42096551833.5,13073,F1,30,,,,,
2026-02-18,2026-02-18,FO,NSE,IDO,60435,,BANKNIFTY,,2026-02-24,2026-02-24,64700.0,CE,BANKNIFTY26FEB64700CE,6.0,6.8,4.5,5.8,4.7,6.8,61550.8,5.8,14280,240,634,1230705477.0,437,F1,30,,,,,
2026-02-18,2026-02-18,FO,NSE,IDO,60525,,BANKNIFTY,,2026-02-24,2026-02-24,66200.0,CE,BANKNIFTY26FEB66200CE,0.0,0.0,0.0,253.55,0.0,253.55,61550.8,0.05,0,0,0,0.0,0,F1,30,,,,,
2026-02-18,2026-02-18,FO,NSE,IDO,52474,,BANKNIFTY,,2026-03-30,2026-03-30,56000.0,CE,BANKNIFTY26MAR56000CE,5455.65,5865.2,5455.65,5838.4,5825.0,5455.65,61550.8,5838.4,17010,930,45,83238561.0,42,F1,30,,,,,
2026-02-18,2026-02-18,FO,NSE,IDO,52492,,BANKNIFTY,,2026-03-30,2026-03-30,56500.0,CE,BANKNIFTY26MAR56500CE,5060.0,5138.2,5060.0,5138.2,5138.2,4915.0,61550.8,5406.8,600,90,4,7390146.0,4,F1,30,,,,,
2026-02-18,2026-02-18,FO,NSE,IDO,52528,,BANKNIFTY,,2026-03-30,2026-03-30,58000.0,CE,BANKNIFTY26MAR58000CE,3575.0,3975.85,3558.85,3923.65,3916.8,3559.05,61550.8,3923.65,31770,4350,340,629467101.0,287,F1,30,,,,,
2026-02-18,2026-02-18,FO,NSE,IDO,52440,,BANKNIFTY,,2026-09-29,2026-09-29,69000.0,PE,BANKNIFTY26SEP69000PE,0.0,0.0,0.0,11161.45,0.0,11161.45,61550.8,5984.85,0,0,0,0.0,0,F1,30,,,,,
2026-02-18,2026-02-18,FO,NSE,IDO,59946,,BANKNIFTY,,2026-02-24,2026-02-24,54400.0,CE,BANKNIFTY26FEB54400CE,0.0,0.0,0.0,4451.2,4458.9,4451.2,61550.8,7199.95,60,0,0,0.0,0,F1,30,,,,,
2026-02-18,2026-02-18,FO,NSE,IDO,67890,,BANKNIFTY,,2026-04-28,2026-04-28,64100.0,PE,BANKNIFTY26APR64100PE,0.0,0.0,0.0,4456.7,0.0,4456.7,61550.8,2564.2,0,0,0,0.0,0,F1,30,,,,,
2026-02-18,2026-02-18,FO,NSE,IDO,52560,,BANKNIFTY,,2026-03-30,2026-03-30,59100.0,CE,BANKNIFTY26MAR59100CE,0.0,0.0,0.0,2573.75,2573.75,2573.75,61550.8,2996.6,1860,0,0,0.0,0,F1,30,,,,,
2026-02-18,2026-02-18,FO,NSE,IDO,60074,,BANKNIFTY,,2026-02-24,2026-02-24,58200.0,PE,BANKNIFTY26FEB58200PE,25.45,28.7,18.65,25.55,27.4,34.5,61550.8,25.55,86790,-30510,9297,16239458325.0,4736,F1,30,,,,,
2026-02-18,2026-02-18,FO,NSE,IDO,60046,,BANKNIFTY,,2026-02-24,2026-02-24,57300.0,PE,BANKNIFTY26FEB57300PE,18.8,21.85,15.75,19.5,20.0,24.55,61550.8,19.5,53040,18870,4040,6947047276.5,2604,F1,30,,,,,
2026-02-18,2026-02-18,FO,NSE,IDO,53251,,BANKNIFTY,,2026-12-29,2026-12-29,66000.0,PE,BANKNIFTY26DEC66000PE,0.0,0.0,0.0,5463.5,0.0,5463.5,61550.8,3782.15,0,0,0,0.0,0,F1,30,,,,,
2026-02-18,2026-02-18,FO,NSE,IDO,57746,,BANKNIFTY,,2026-06-30,2026-06-30,57000.0,CE,BANKNIFTY26JUN57000CE,0.0,0.0,0.0,6373.5,0.0,6373.5,61550.8,5922.7,0,0,0,0.0,0,F1,30,,,,,
2026-02-18,2026-02-18,FO,NSE,IDO,53249,,BANKNIFTY,,2026-12-29,2026-12-29,64500.0,PE,BANKNIFTY26DEC64500PE,0.0,0.0,0.0,4582.05,0.0,4582.05,61550.8,2980.9,0,0,0,0.0,0,F1,30,,,,,
2026-02-18,2026-02-18,FO,NSE,IDO,53241,,BANKNIFTY,,2026-12-29,2026-12-29,60000.0,PE,BANKNIFTY26DEC60000PE,0.0,0.0,0.0,2437.1,0.0,2437.1,61550.8,1228.9,0,0,0,0.0,0,F1,30,,,,,
2026-02-18,2026-02-18,FO,NSE,IDO,60024,,BANKNIFTY,,2026-02-24,2026-02-24,56500.0,PE,BANKNIFTY26FEB56500PE,12.4,16.4,11.15,15.05,15.4,17.5,61550.8,15.05,345600,-123570,34139,57879439599.0,15094,F1,30,,,,,
2026-02-18,2026-02-18,FO,NSE,IDO,59973,,BANKNIFTY,,2026-02-24,2026-02-24,55200.0,PE,BANKNIFTY26FEB55200PE,8.75,12.95,7.7,11.65,11.95,11.75,61550.8,11.65,9210,600,683,1131270217.5,393,F1,30,,,,,
2026-02-18,2026-02-18,FO,NSE,IDO,59925,,BANKNIFTY,,2026-02-24,2026-02-24,53400.0,PE,BANKNIFTY26FEB53400PE,6.5,8.75,4.6,8.2,7.0,6.75,61550.8,8.2,15810,390,443,709788679.5,252,F1,30,,,,,
2026-02-18,2026-02-18,FO,NSE,IDO,59861,,BANKNIFTY,,2026-02-24,2026-02-24,51000.0,PE,BANKNIFTY26FEB51000PE,3.85,3.9,2.55,3.55,3.5,3.6,61550.8,3.55,260610,14850,9157,14011126767.0,3361,F1,30,,,,,
2026-02-18,2026-02-18,FO,NSE,IDO,53250,,BANKNIFTY,,2026-12-29,2026-12-29,66000.0,CE,BANKNIFTY26DEC66000CE,0.0,0.0,0.0,2499.1,0.0,2499.1,61550.8,2383.0,0,0,0,0.0,0,F1,30,,,,,
2026-02-18,2026-02-18,FO,NSE,IDO,53225,,BANKNIFTY,,2026-12-29,2026-12-29,54000.0,PE,BANKNIFTY26DEC54000PE,0.0,0.0,0.0,766.95,0.0,766.95,61550.8,220.9,0,0,0,0.0,0,F1,30,,,,,
2026-02-18,2026-02-18,FO,NSE,IDO,52401,,BANKNIFTY,,2026-03-30,2026-03-30,53000.0,PE,BANKNIFTY26MAR53000PE,39.2,39.2,30.0,31.45,31.0,36.25,61550.8,31.45,30300,4500,698,1110507619.5,460,F1,30,,,,,
2026-02-18,2026-02-18,FO,NSE,IDO,58535,,BANKNIFTY,,2026-03-30,2026-03-30,54000.0,PE,BANKNIFTY26MAR54000PE,40.3,44.75,37.55,39.0,37.55,44.75,61550.8,39.0,68025,4945,1064,1724975394.0,637,F1,30,,,,,
2026-02-18,2026-02-18,FO,NSE,IDO,52438,,BANKNIFTY,,2026-03-30,2026-03-30,54300.0,PE,BANKNIFTY26MAR54300PE,0.0,0.0,0.0,200.05,200.05,200.05,61550.8,0.9,660,0,0,0.0,0,F1,30,,,,,
2026-02-18,2026-02-18,FO,NSE,IDO,52453,,BANKNIFTY,,2026-03-30,2026-03-30,54800.0,PE,BANKNIFTY26MAR54800PE,0.0,0.0,0.0,98.4,98.4,98.4,61550.8,1.9,960,0,0,0.0,0,F1,30,,,,,
2026-02-18,2026-02-18,FO,NSE,IDO,52579,,BANKNIFTY,,2026-03-30,2026-03-30,59800.0,PE,BANKNIFTY26MAR59800PE,387.75,387.8,321.7,328.55,331.5,382.3,61550.8,328.55,15780,2430,427,770526046.5,242,F1,30,,,,,
2026-02-18,2026-02-18,FO,NSE,IDO,58657,,BANKNIFTY,,2026-03-30,2026-03-30,61500.0,PE,BANKNIFTY26MAR61500PE,921.0,930.0,755.0,776.45,775.0,921.35,61550.8,776.45,199705,95135,10614,19845673927.5,6714,F1,30,,,,,
2026-02-18,2026-02-18,FO,NSE,IDO,52633,,BANKNIFTY,,2026-03-30,2026-03-30,62100.0,PE,BANKNIFTY26MAR62100PE,1214.05,1217.4,1009.5,1035.6,1038.95,1232.0,61550.8,1035.6,3240,1410,232,439910698.5,155,F1,30,,,,,
2026-02-18,2026-02-18,FO,NSE,IDO,52651,,BANKNIFTY,,2026-03-30,2026-03-30,62900.0,PE,BANKNIFTY26MAR62900PE,0.0,0.0,0.0,1884.05,1884.05,1884.05,61550.8,1633.25,1410,0,0,0.0,0,F1,30,,,,,
2026-02-18,2026-02-18,FO,NSE,IDO,52675,,BANKNIFTY,,2026-03-30,2026-03-30,63400.0,PE,BANKNIFTY26MAR63400PE,0.0,0.0,0.0,2419.2,2419.2,2419.2,61550.8,1971.85,420,0,0,0.0,0,F1,30,,,,,
2026-02-18,2026-02-18,FO,NSE,IDO,52701,,BANKNIFTY,,2026-03-30,2026-03-30,64600.0,PE,BANKNIFTY26MAR64600PE,0.0,0.0,0.0,5197.55,5197.55,5197.55,61550.8,2902.25,0,0,0,0.0,0,F1,30,,,,,
2026-02-18,2026-02-18,FO,NSE,IDO,58670,,BANKNIFTY,,2026-03-30,2026-03-30,66000.0,PE,BANKNIFTY26MAR66000PE,4375.95,4412.0,4130.0,4145.65,4147.65,4500.0,61550.8,4145.65,5370,540,20,42141303.0,17,F1,30,,,,,
2026-02-18,2026-02-18,FO,NSE,IDO,67435,,BANKNIFTY,,2026-04-28,2026-04-28,52000.0,PE,BANKNIFTY26APR52000PE,0.0,0.0,0.0,50.55,0.0,50.55,61550.8,0.8,0,0,0,0.0,0,F1,30,,,,,
2026-02-18,2026-02-18,FO,NSE,IDO,67463,,BANKNIFTY,,2026-04-28,2026-04-28,53400.0,PE,BANKNIFTY26APR53400PE,0.0,0.0,0.0,118.2,0.0,118.2,61550.8,3.9,0,0,0,0.0,0,F1,30,,,,,
2026-02-18,2026-02-18,FO,NSE,IDO,67467,,BANKNIFTY,,2026-04-28,2026-04-28,53600.0,PE,BANKNIFTY26APR53600PE,0.0,0.0,0.0,132.25,0.0,132.25,61550.8,4.85,0,0,0,0.0,0,F1,30,,,,,
2026-02-18,2026-02-18,FO,NSE,IDO,67489,,BANKNIFTY,,2026-04-28,2026-04-28,54600.0,PE,BANKNIFTY26APR54600PE,0.0,0.0,0.0,224.15,0.0,224.15,61550.8,13.0,0,0,0,0.0,0,F1,30,,,,,
2026-02-18,2026-02-18,FO,NSE,IDO,67768,,BANKNIFTY,,2026-04-28,2026-04-28,61200.0,PE,BANKNIFTY26APR61200PE,964.0,964.0,845.0,853.5,848.3,965.65,61550.8,853.5,1920,690,61,113589094.5,42,F1,30,,,,,
2026-02-18,2026-02-18,FO,NSE,IDO,67717,,BANKNIFTY,,2026-04-28,2026-04-28,60100.0,PE,BANKNIFTY26APR60100PE,601.65,615.35,561.7,561.7,561.7,698.35,61550.8,561.7,780,60,8,14567869.5,8,F1,30,,,,,
2026-02-18,2026-02-18,FO,NSE,IDO,67703,,BANKNIFTY,,2026-04-28,2026-04-28,59400.0,PE,BANKNIFTY26APR59400PE,0.0,0.0,0.0,460.6,460.6,460.6,61550.8,411.85,1050,0,0,0.0,0,F1,30,,,,,
2026-02-18,2026-02-18,FO,NSE,IDO,67636,,BANKNIFTY,,2026-04-28,2026-04-28,58600.0,PE,BANKNIFTY26APR58600PE,0.0,0.0,0.0,339.45,339.1,339.45,61550.8,264.1,210,0,0,0.0,0,F1,30,,,,,
2026-02-18,2026-02-18,FO,NSE,IDO,60054,,BANKNIFTY,,2026-02-24,2026-02-24,57500.0,PE,BANKNIFTY26FEB57500PE,19.85,22.65,16.9,20.45,19.9,26.05,61550.8,20.45,371100,-213330,72191,124571740836.0,28803,F1,30,,,,,
2026-02-18,2026-02-18,FO,NSE,IDO,60072,,BANKNIFTY,,2026-02-24,2026-02-24,58100.0,PE,BANKNIFTY26FEB58100PE,24.85,28.35,20.05,25.35,23.45,32.65,61550.8,25.35,92010,-20520,7145,12458908369.5,3701,F1,30,,,,,
2026-02-18,2026-02-18,FO,NSE,IDO,60267,,BANKNIFTY,,2026-02-24,2026-02-24,60900.0,PE,BANKNIFTY26FEB60900PE,301.05,306.95,150.7,159.95,160.4,312.6,61550.8,159.95,346050,45180,64494,118243349424.0,46447,F1,30,,,,,
2026-02-18,2026-02-18,FO,NSE,IDO,60329,,BANKNIFTY,,2026-02-24,2026-02-24,61400.0,PE,BANKNIFTY26FEB61400PE,555.0,560.0,286.1,307.2,305.0,557.65,61550.8,307.2,255330,219180,85102,157737701979.0,58867,F1,30,,,,,
2026-02-18,2026-02-18,FO,NSE,IDO,60411,,BANKNIFTY,,2026-02-24,2026-02-24,63500.0,PE,BANKNIFTY26FEB63500PE,2383.0,2383.0,2000.0,2032.5,2050.0,2387.8,61550.8,2032.5,450,210,30,59106652.5,19,F1,30,,,,,
2026-02-18,2026-02-18,FO,NSE,IDO,60407,,BANKNIFTY,,2026-02-24,2026-02-24,63300.0,PE,BANKNIFTY26FEB63300PE,0.0,0.0,0.0,2883.3,2883.3,2883.3,61550.8,1716.15,270,0,0,0.0,0,F1,30,,,,,
2026-02-18,2026-02-18,FO,NSE,IDO,60388,,BANKNIFTY,,2026-02-24,2026-02-24,62700.0,PE,BANKNIFTY26FEB62700PE,1525.6,1539.55,1180.0,1190.9,1180.0,1735.9,61550.8,1190.9,630,510,46,88377292.5,24,F1,30,,,,,
2026-02-18,2026-02-18,FO,NSE,IDO,67791,,BANKNIFTY,,2026-04-28,2026-04-28,61700.0,CE,BANKNIFTY26APR61700CE,0.0,0.0,0.0,1179.85,0.0,1179.85,61550.8,1658.25,0,0,0,0.0,0,F1,30,,,,,
2026-02-18,2026-02-18,FO,NSE,IDO,59977,,BANKNIFTY,,2026-02-24,2026-02-24,55400.0,CE,BANKNIFTY26FEB55400CE,0.0,0.0,0.0,3948.95,3948.95,3948.95,61550.8,6200.85,60,0,0,0.0,0,F1,30,,,,,
2026-02-18,2026-02-18,FO,NSE,IDO,59957,,BANKNIFTY,,2026-02-24,2026-02-24,54800.0,CE,BANKNIFTY26FEB54800CE,0.0,0.0,0.0,4076.8,4084.7,4076.8,61550.8,6800.3,60,0,0,0.0,0,F1,30,,,,,
2026-02-18,2026-02-18,FO,NSE,IDO,52580,,BANKNIFTY,,2026-03-30,2026-03-30,59900.0,CE,BANKNIFTY26MAR59900CE,1922.0,2231.3,1922.0,2231.3,2231.3,1922.2,61550.8,2231.3,6570,-60,8,14858466.0,8,F1,30,,,,,
2026-02-18,2026-02-18,FO,NSE,IDO,52566,,BANKNIFTY,,2026-03-30,2026-03-30,59400.0,CE,BANKNIFTY26MAR59400CE,2650.0,2650.0,2650.0,2650.0,2650.0,2377.0,61550.8,2746.45,1620,-60,2,3723000.0,1,F1,30,,,,,
2026-02-18,2026-02-18,FO,NSE,IDO,52530,,BANKNIFTY,,2026-03-30,2026-03-30,58100.0,CE,BANKNIFTY26MAR58100CE,0.0,0.0,0.0,2763.1,2763.1,2763.1,61550.8,3883.0,480,0,0,0.0,0,F1,30,,,,,
2026-02-18,2026-02-18,FO,NSE,IDO,52508,,BANKNIFTY,,2026-03-30,2026-03-30,57200.0,CE,BANKNIFTY26MAR57200CE,4588.8,4588.8,4588.8,4588.8,4588.8,4285.7,61550.8,4729.55,90,0,1,1853664.0,1,F1,30,,,,,
2026-02-18,2026-02-18,FO,NSE,IDO,60020,,BANKNIFTY,,2026-02-24,2026-02-24,56400.0,CE,BANKNIFTY26FEB56400CE,0.0,0.0,0.0,3070.3,3070.3,3070.3,61550.8,5201.75,210,0,0,0.0,0,F1,30,,,,,
2026-02-18,2026-02-18,FO,NSE,IDO,53236,,BANKNIFTY,,2026-12-29,2026-12-29,58500.0,PE,BANKNIFTY26DEC58500PE,0.0,0.0,0.0,1895.7,0.0,1895.7,61550.8,854.1,0,0,0,0.0,0,F1,30,,,,,
2026-02-18,2026-02-18,FO,NSE,IDO,52335,,BANKNIFTY,,2026-09-29,2026-09-29,57000.0,PE,BANKNIFTY26SEP57000PE,0.0,0.0,0.0,3274.8,0.0,3274.8,61550.8,433.75,0,0,0,0.0,0,F1,30,,,,,
2026-02-18,2026-02-18,FO,NSE,IDO,52298,,BANKNIFTY,,2026-09-29,2026-09-29,55500.0,PE,BANKNIFTY26SEP55500PE,0.0,0.0,0.0,2623.2,0.0,2623.2,61550.8,251.45,0,0,0,0.0,0,F1,30,,,,,
2026-02-18,2026-02-18,FO,NSE,IDO,52458,,BANKNIFTY,,2026-03-30,2026-03-30,55100.0,CE,BANKNIFTY26MAR55100CE,0.0,0.0,0.0,4395.7,4416.8,4395.7,61550.8,6784.8,60,0,0,0.0,0,F1,30,,,,,
2026-02-18,2026-02-18,FO,NSE,IDO,52448,,BANKNIFTY,,2026-03-30,2026-03-30,54600.0,CE,BANKNIFTY26MAR54600CE,6851.05,6851.05,6851.05,6851.05,6851.05,4802.3,61550.8,7280.35,30,-30,1,1843531.5,1,F1,30,,,,,
2026-02-18,2026-02-18,FO,NSE,IDO,60426,,BANKNIFTY,,2026-02-24,2026-02-24,64300.0,CE,BANKNIFTY26FEB64300CE,7.95,8.0,5.55,7.05,6.1,8.2,61550.8,7.05,17280,690,1018,1963931755.5,558,F1,30,,,,,
2026-02-18,2026-02-18,FO,NSE,IDO,68183,,BANKNIFTY,,2026-04-28,2026-04-28,66000.0,PE,BANKNIFTY26APR66000PE,4000.05,4000.05,3960.45,3960.45,3960.45,6052.1,61550.8,4048.05,60,60,2,4198815.0,2,F1,30,,,,,
2026-02-18,2026-02-18,FO,NSE,IDO,68161,,BANKNIFTY,,2026-04-28,2026-04-28,65500.0,PE,BANKNIFTY26APR65500PE,0.0,0.0,0.0,5617.15,0.0,5617.15,61550.8,3631.85,0,0,0,0.0,0,F1,30,,,,,
2026-02-18,2026-02-18,FO,NSE,IDO,67940,,BANKNIFTY,,2026-04-28,2026-04-28,65100.0,PE,BANKNIFTY26APR65100PE,3327.25,3425.8,3327.25,3425.8,3425.8,5276.4,61550.8,3311.05,30,30,2,4108591.5,2,F1,30,,,,,
2026-02-18,2026-02-18,FO,NSE,IDO,67886,,BANKNIFTY,,2026-04-28,2026-04-28,63900.0,PE,BANKNIFTY26APR63900PE,0.0,0.0,0.0,4298.95,0.0,4298.95,61550.8,2425.35,0,0,0,0.0,0,F1,30,,,,,
2026-02-18,2026-02-18,FO,NSE,IDO,67882,,BANKNIFTY,,2026-04-28,2026-04-28,63700.0,PE,BANKNIFTY26APR63700PE,2120.0,2120.0,2120.0,2120.0,2120.0,2350.0,61550.8,2290.35,240,30,1,1974600.0,1,F1,30,,,,,
2026-02-18,2026-02-18,FO,NSE,IDO,67859,,BANKNIFTY,,2026-04-28,2026-04-28,63100.0,PE,BANKNIFTY26APR63100PE,0.0,0.0,0.0,1999.5,1999.5,1999.5,61550.8,1909.2,150,0,0,0.0,0,F1,30,,,,,
2026-02-18,2026-02-18,FO,NSE,IDO,67688,,BANKNIFTY,,2026-04-28,2026-04-28,58900.0,PE,BANKNIFTY26APR58900PE,372.0,378.35,354.75,373.6,373.6,430.9,61550.8,313.65,750,450,20,35560245.0,17,F1,30,,,,,
2026-02-18,2026-02-18,FO,NSE,IDO,67638,,BANKNIFTY,,2026-04-28,2026-04-28,58700.0,PE,BANKNIFTY26APR58700PE,0.0,0.0,0.0,354.8,354.1,354.8,61550.8,279.9,240,0,0,0.0,0,F1,30,,,,,
2026-02-18,2026-02-18,FO,NSE,IDO,52478,,BANKNIFTY,,2026-03-30,2026-03-30,56100.0,CE,BANKNIFTY26MAR56100CE,0.0,0.0,0.0,3605.2,3605.2,3605.2,61550.8,5798.25,30,0,0,0.0,0,F1,30,,,,,
2026-02-18,2026-02-18,FO,NSE,IDO,67881,,BANKNIFTY,,2026-04-28,2026-04-28,63700.0,CE,BANKNIFTY26APR63700CE,0.0,0.0,0.0,624.4,0.0,624.4,61550.8,800.0,0,0,0,0.0,0,F1,30,,,,,
2026-02-18,2026-02-18,FO,NSE,IDO,67712,,BANKNIFTY,,2026-04-28,2026-04-28,59900.0,CE,BANKNIFTY26APR59900CE,0.0,0.0,0.0,1856.2,1856.2,1856.2,61550.8,2801.95,90,0,0,0.0,0,F1,30,,,,,
2026-02-18,2026-02-18,FO,NSE,IDO,67828,,BANKNIFTY,,2026-04-28,2026-04-28,62500.0,CE,BANKNIFTY26APR62500CE,870.0,1059.85,860.45,1045.75,1028.0,869.2,61550.8,1045.75,14250,-810,270,514014096.0,182,F1,30,,,,,
2026-02-18,2026-02-18,FO,NSE,IDO,60005,,BANKNIFTY,,2026-02-24,2026-02-24,56200.0,CE,BANKNIFTY26FEB56200CE,0.0,0.0,0.0,3250.6,3250.6,3250.6,61550.8,5401.6,60,0,0,0.0,0,F1,30,,,,,
2026-02-18,2026-02-18,FO,NSE,IDO,60413,,BANKNIFTY,,2026-02-24,2026-02-24,63600.0,PE,BANKNIFTY26FEB63600PE,0.0,0.0,0.0,2975.05,2975.05,2975.05,61550.8,2003.8,570,0,0,0.0,0,F1,30,,,,,
2026-02-18,2026-02-18,FO,NSE,IDO,60479,,BANKNIFTY,,2026-02-24,2026-02-24,65700.0,PE,BANKNIFTY26FEB65700PE,0.0,0.0,0.0,6195.2,0.0,6195.2,61550.8,4089.85,0,0,0,0.0,0,F1,30,,,,,
2026-02-18,2026-02-18,FO,NSE,IDO,60526,,BANKNIFTY,,2026-02-24,2026-02-24,66200.0,PE,BANKNIFTY26FEB66200PE,0.0,0.0,0.0,6635.7,0.0,6635.7,61550.8,4589.4,0,0,0,0.0,0,F1,30,,,,,
2026-02-18,2026-02-18,FO,NSE,IDO,60542,,BANKNIFTY,,2026-02-24,2026-02-24,67000.0,PE,BANKNIFTY26FEB67000PE,5856.0,5856.0,5510.2,5548.1,5566.7,5915.1,61550.8,5548.1,34080,-570,25,54505783.5,23,F1,30,,,,,
2026-02-18,2026-02-18,FO,NSE,IDO,67708,,BANKNIFTY,,2026-04-28,2026-04-28,59700.0,CE,BANKNIFTY26APR59700CE,0.0,0.0,0.0,2039.95,0.0,2039.95,61550.8,2949.25,0,0,0,0.0,0,F1,30,,,,,
2026-02-18,2026-02-18,FO,NSE,IDO,67694,,BANKNIFTY,,2026-04-28,2026-04-28,59000.0,CE,BANKNIFTY26APR59000CE,3130.0,3435.5,3130.0,3435.5,3435.45,3127.0,61550.8,3435.5,4380,-150,40,74675209.5,30,F1,30,,,,,
2026-02-18,2026-02-18,FO,NSE,IDO,67556,,BANKNIFTY,,2026-04-28,2026-04-28,57400.0,CE,BANKNIFTY26APR57400CE,0.0,0.0,0.0,3441.0,0.0,3441.0,61550.8,4868.35,0,0,0,0.0,0,F1,30,,,,,
2026-02-18,2026-02-18,FO,NSE,IDO,67552,,BANKNIFTY,,2026-04-28,2026-04-28,57200.0,CE,BANKNIFTY26APR57200CE,0.0,0.0,0.0,4018.9,4018.9,4018.9,61550.8,5050.4,60,0,0,0.0,0,F1,30,,,,,
2026-02-18,2026-02-18,FO,NSE,IDO,60253,,BANKNIFTY,,2026-02-24,2026-02-24,60500.0,CE,BANKNIFTY26FEB60500CE,791.55,1156.55,720.1,1082.1,1080.0,792.2,61550.8,1082.1,480630,-85710,27175,50054676247.5,17296,F1,30,,,,,
2026-02-18,2026-02-18,FO,NSE,IDO,67530,,BANKNIFTY,,2026-04-28,2026-04-28,56100.0,CE,BANKNIFTY26APR56100CE,0.0,0.0,0.0,4414.35,0.0,4414.35,61550.8,6078.7,0,0,0,0.0,0,F1,30,,,,,
2026-02-18,2026-02-18,FO,NSE,IDO,67484,,BANKNIFTY,,2026-04-28,2026-04-28,54400.0,CE,BANKNIFTY26APR54400CE,0.0,0.0,0.0,5841.1,0.0,5841.1,61550.8,7724.25,0,0,0,0.0,0,F1,30,,,,,
2026-02-18,2026-02-18,FO,NSE,IDO,52764,,BANKNIFTY,,2026-03-30,2026-03-30,68000.0,CE,BANKNIFTY26MAR68000CE,24.85,24.9,19.25,24.65,24.0,21.8,61550.8,24.65,15180,5790,291,593835252.0,146,F1,30,,,,,
2026-02-18,2026-02-18,FO,NSE,IDO,52698,,BANKNIFTY,,2026-03-30,2026-03-30,64400.0,CE,BANKNIFTY26MAR64400CE,0.0,0.0,0.0,488.25,0.0,488.25,61550.8,274.9,0,0,0,0.0,0,F1,30,,,,,
2026-02-18,2026-02-18,FO,NSE,IDO,52608,,BANKNIFTY,,2026-03-30,2026-03-30,61100.0,CE,BANKNIFTY26MAR61100CE,1107.5,1400.0,1063.35,1353.05,1340.0,1107.5,61550.8,1353.05,13350,-2430,1439,2688038437.5,858,F1,30,,,,,
2026-02-18,2026-02-18,FO,NSE,IDO,52473,,BANKNIFTY,,2026-03-30,2026-03-30,55900.0,PE,BANKNIFTY26MAR55900PE,0.0,0.0,0.0,87.85,87.85,87.85,61550.8,8.1,1020,0,0,0.0,0,F1,30,,,,,
2026-02-18,2026-02-18,FO,NSE,IDO,52477,,BANKNIFTY,,2026-03-30,2026-03-30,56000.0,PE,BANKNIFTY26MAR56000PE,70.5,73.25,64.05,67.75,68.2,74.15,61550.8,67.75,97380,3660,1716,2886433165.5,1054,F1,30,,,,,
2026-02-18,2026-02-18,FO,NSE,IDO,52495,,BANKNIFTY,,2026-03-30,2026-03-30,56600.0,PE,BANKNIFTY26MAR56600PE,84.0,84.0,80.4,80.4,80.4,88.75,61550.8,18.45,3660,0,7,11903424.0,2,F1,30,,,,,
2026-02-18,2026-02-18,FO,NSE,IDO,52551,,BANKNIFTY,,2026-03-30,2026-03-30,58800.0,PE,BANKNIFTY26MAR58800PE,228.25,228.25,198.1,201.15,200.85,229.2,61550.8,201.15,13470,5730,504,892189419.0,208,F1,30,,,,,
2026-02-18,2026-02-18,FO,NSE,IDO,52583,,BANKNIFTY,,2026-03-30,2026-03-30,60100.0,PE,BANKNIFTY26MAR60100PE,468.1,468.1,374.05,381.7,377.95,445.85,61550.8,381.7,11790,540,276,500978296.5,144,F1,30,,,,,
2026-02-18,2026-02-18,FO,NSE,IDO,52637,,BANKNIFTY,,2026-03-30,2026-03-30,62300.0,PE,BANKNIFTY26MAR62300PE,1246.15,1272.55,1114.0,1125.25,1136.5,1860.0,61550.8,1125.25,1740,990,120,228600739.5,86,F1,30,,,,,
2026-02-18,2026-02-18,FO,NSE,IDO,52643,,BANKNIFTY,,2026-03-30,2026-03-30,62600.0,PE,BANKNIFTY26MAR62600PE,0.0,0.0,0.0,1628.0,1628.0,1628.0,61550.8,1446.05,750,0,0,0.0,0,F1,30,,,,,
2026-02-18,2026-02-18,FO,NSE,IDO,52645,,BANKNIFTY,,2026-03-30,2026-03-30,62700.0,PE,BANKNIFTY26MAR62700PE,1498.4,1498.4,1498.4,1498.4,1498.4,2136.3,61550.8,1507.1,570,120,4,7703808.0,1,F1,30,,,,,
2026-02-18,2026-02-18,FO,NSE,IDO,52679,,BANKNIFTY,,2026-03-30,2026-03-30,63600.0,PE,BANKNIFTY26MAR63600PE,0.0,0.0,0.0,2239.75,2239.75,2239.75,61550.8,2116.05,150,0,0,0.0,0,F1,30,,,,,
2026-02-18,2026-02-18,FO,NSE,IDO,52693,,BANKNIFTY,,2026-03-30,2026-03-30,64100.0,PE,BANKNIFTY26MAR64100PE,0.0,0.0,0.0,4642.8,4642.8,4642.8,61550.8,2496.4,0,0,0,0.0,0,F1,30,,,,,
2026-02-18,2026-02-18,FO,NSE,IDO,52707,,BANKNIFTY,,2026-03-30,2026-03-30,64900.0,PE,BANKNIFTY26MAR64900PE,0.0,0.0,0.0,5495.3,5495.3,5495.3,61550.8,3156.35,0,0,0,0.0,0,F1,30,,,,,
2026-02-18,2026-02-18,FO,NSE,IDO,52711,,BANKNIFTY,,2026-03-30,2026-03-30,65100.0,PE,BANKNIFTY26MAR65100PE,0.0,0.0,0.0,4951.1,4992.35,4951.1,61550.8,3329.6,30,0,0,0.0,0,F1,30,,,,,
2026-02-18,2026-02-18,FO,NSE,IDO,52765,,BANKNIFTY,,2026-03-30,2026-03-30,68000.0,PE,BANKNIFTY26MAR68000PE,6100.0,6150.0,6100.0,6130.0,6130.0,7939.8,61550.8,6056.5,90,90,3,6671400.0,3,F1,30,,,,,
2026-02-18,2026-02-18,FO,NSE,IDO,60060,,BANKNIFTY,,2026-02-24,2026-02-24,57800.0,CE,BANKNIFTY26FEB57800CE,3516.9,3701.7,3516.9,3695.85,3690.0,3285.55,61550.8,3695.85,5760,30,3,5529258.0,3,F1,30,,,,,
2026-02-18,2026-02-18,FO,NSE,IDO,67485,,BANKNIFTY,,2026-04-28,2026-04-28,54400.0,PE,BANKNIFTY26APR54400PE,0.0,0.0,0.0,202.55,0.0,202.55,61550.8,10.75,0,0,0,0.0,0,F1,30,,,,,
2026-02-18,2026-02-18,FO,NSE,IDO,67529,,BANKNIFTY,,2026-04-28,2026-04-28,56000.0,PE,BANKNIFTY26APR56000PE,131.65,141.75,131.0,133.0,131.0,141.75,61550.8,133.0,4530,-330,41,69046048.5,32,F1,30,,,,,
2026-02-18,2026-02-18,FO,NSE,IDO,67555,,BANKNIFTY,,2026-04-28,2026-04-28,57300.0,PE,BANKNIFTY26APR57300PE,0.0,0.0,0.0,728.55,0.0,728.55,61550.8,115.65,0,0,0,0.0,0,F1,30,,,,,
2026-02-18,2026-02-18,FO,NSE,IDO,67889,,BANKNIFTY,,2026-04-28,2026-04-28,64100.0,CE,BANKNIFTY26APR64100CE,0.0,0.0,0.0,543.8,0.0,543.8,61550.8,678.0,0,0,0,0.0,0,F1,30,,,,,
2026-02-18,2026-02-18,FO,NSE,IDO,67927,,BANKNIFTY,,2026-04-28,2026-04-28,65000.0,CE,BANKNIFTY26APR65000CE,0.0,0.0,0.0,393.15,0.0,393.15,61550.8,455.8,0,0,0,0.0,0,F1,30,,,,,
2026-02-18,2026-02-18,FO,NSE,IDO,68196,,BANKNIFTY,,2026-04-28,2026-04-28,66500.0,CE,BANKNIFTY26APR66500CE,0.0,0.0,0.0,219.75,0.0,219.75,61550.8,217.65,0,0,0,0.0,0,F1,30,,,,,
2026-02-18,2026-02-18,FO,NSE,IDO,57761,,BANKNIFTY,,2026-06-30,2026-06-30,63000.0,CE,BANKNIFTY26JUN63000CE,0.0,0.0,0.0,3602.85,0.0,3602.85,61550.8,1844.95,0,0,0,0.0,0,F1,30,,,,,
2026-02-18,2026-02-18,FO,NSE,IDO,60239,,BANKNIFTY,,2026-02-24,2026-02-24,59800.0,CE,BANKNIFTY26FEB59800CE,1401.6,1750.0,1350.0,1727.3,1739.4,1382.3,61550.8,1727.3,42360,-3870,361,664740727.5,213,F1,30,,,,,
2026-02-18,2026-02-18,FO,NSE,IDO,60330,,BANKNIFTY,,2026-02-24,2026-02-24,61500.0,CE,BANKNIFTY26FEB61500CE,221.55,390.0,167.65,341.2,327.75,220.05,61550.8,341.2,794760,187590,311784,577739928580.5,203484,F1,30,,,,,
2026-02-18,2026-02-18,FO,NSE,IDO,60396,,BANKNIFTY,,2026-02-24,2026-02-24,63000.0,CE,BANKNIFTY26FEB63000CE,27.95,31.2,15.4,24.9,22.95,21.85,61550.8,24.9,776310,45060,78338,148107880278.0,37132,F1,30,,,,,
2026-02-18,2026-02-18,FO,NSE,IDO,60410,,BANKNIFTY,,2026-02-24,2026-02-24,63500.0,CE,BANKNIFTY26FEB63500CE,11.7,16.15,9.05,13.6,12.3,13.8,61550.8,13.6,415890,-16260,39502,75265746567.0,19180,F1,30,,,,,
2026-02-18,2026-02-18,FO,NSE,IDO,60424,,BANKNIFTY,,2026-02-24,2026-02-24,64200.0,CE,BANKNIFTY26FEB64200CE,4.75,8.95,4.7,7.3,6.0,8.45,61550.8,7.3,10560,-3450,1485,2860431796.5,750,F1,30,,,,,
2026-02-18,2026-02-18,FO,NSE,IDO,52592,,BANKNIFTY,,2026-03-30,2026-03-30,60400.0,CE,BANKNIFTY26MAR60400CE,1576.2,1850.0,1555.0,1850.0,1850.0,1576.2,61550.8,1850.0,7350,-60,12,22358710.5,12,F1,30,,,,,
2026-02-18,2026-02-18,FO,NSE,IDO,67822,,BANKNIFTY,,2026-04-28,2026-04-28,62300.0,PE,BANKNIFTY26APR62300PE,1355.6,1355.6,1300.15,1301.65,1301.75,1513.8,61550.8,1301.65,300,90,4,7633815.0,4,F1,30,,,,,
2026-02-18,2026-02-18,FO,NSE,IDO,57812,,BANKNIFTY,,2026-06-30,2026-06-30,69000.0,CE,BANKNIFTY26JUN69000CE,0.0,0.0,0.0,1876.8,0.0,1876.8,61550.8,291.6,0,0,0,0.0,0,F1,30,,,,,
2026-02-18,2026-02-18,FO,NSE,IDO,52439,,BANKNIFTY,,2026-09-29,2026-09-29,69000.0,CE,BANKNIFTY26SEP69000CE,0.0,0.0,0.0,882.6,0.0,882.6,61550.8,815.7,0,0,0,0.0,0,F1,30,,,,,
2026-02-18,2026-02-18,FO,NSE,IDO,59999,,BANKNIFTY,,2026-02-24,2026-02-24,56000.0,PE,BANKNIFTY26FEB56000PE,10.95,13.9,9.25,12.7,12.35,14.35,61550.8,12.7,768480,25590,48493,81484699089.0,19992,F1,30,,,,,
2026-02-18,2026-02-18,FO,NSE,IDO,60026,,BANKNIFTY,,2026-02-24,2026-02-24,56600.0,PE,BANKNIFTY26FEB56600PE,14.45,18.7,11.8,16.05,18.4,18.7,61550.8,16.05,39990,17100,2435,4135718641.5,1794,F1,30,,,,,
2026-02-18,2026-02-18,FO,NSE,IDO,60028,,BANKNIFTY,,2026-02-24,2026-02-24,56700.0,PE,BANKNIFTY26FEB56700PE,14.95,18.1,11.4,16.3,16.8,19.75,61550.8,16.3,44550,9600,2819,4796400394.5,1878,F1,30,,,,,
2026-02-18,2026-02-18,FO,NSE,IDF,51701,,BANKNIFTY,,2026-03-30,2026-03-30,,,BANKNIFTY26MARFUT,61460.8,61914.2,61419.6,61853.8,61826.4,61471.6,61550.8,61853.8,408990,141090,7767,14371807062.0,6315,F1,30,,,,,
2026-02-18,2026-02-18,FO,NSE,IDO,59948,,BANKNIFTY,,2026-02-24,2026-02-24,54500.0,CE,BANKNIFTY26FEB54500CE,6690.0,6740.0,6665.0,6740.0,6740.0,6613.05,61550.8,7100.05,11820,-150,5,9180150.0,5,F1,30,,,,,
2026-02-18,2026-02-18,FO,NSE,IDO,59974,,BANKNIFTY,,2026-02-24,2026-02-24,55300.0,CE,BANKNIFTY26FEB55300CE,0.0,0.0,0.0,3651.4,3651.4,3651.4,61550.8,6300.75,60,0,0,0.0,0,F1,30,,,,,
2026-02-18,2026-02-18,FO,NSE,IDO,60241,,BANKNIFTY,,2026-02-24,2026-02-24,59900.0,CE,BANKNIFTY26FEB59900CE,1324.75,1690.9,1258.3,1645.55,1637.55,1295.25,61550.8,1645.55,48810,-2790,489,899808873.0,292,F1,30,,,,,
2026-02-18,2026-02-18,FO,NSE,IDO,60352,,BANKNIFTY,,2026-02-24,2026-02-24,61700.0,CE,BANKNIFTY26FEB61700CE,160.0,287.85,116.6,242.05,231.0,158.85,61550.8,242.05,436890,302640,95471,177269451696.0,64538,F1,30,,,,,
2026-02-18,2026-02-18,FO,NSE,IDO,60403,,BANKNIFTY,,2026-02-24,2026-02-24,63200.0,CE,BANKNIFTY26FEB63200CE,16.0,23.1,12.0,18.7,16.75,18.05,61550.8,18.7,58170,22800,10396,19715850753.0,6208,F1,30,,,,,
2026-02-18,2026-02-18,FO,NSE,IDO,60569,,BANKNIFTY,,2026-02-24,2026-02-24,68000.0,CE,BANKNIFTY26FEB68000CE,2.8,3.2,2.4,2.75,2.45,2.8,61550.8,2.75,47790,-6930,1957,3992441080.5,627,F1,30,,,,,
2026-02-18,2026-02-18,FO,NSE,IDO,52435,,BANKNIFTY,,2026-03-30,2026-03-30,54200.0,CE,BANKNIFTY26MAR54200CE,0.0,0.0,0.0,7200.0,7200.0,7200.0,61550.8,7677.3,60,0,0,0.0,0,F1,30,,,,,
2026-02-18,2026-02-18,FO,NSE,IDO,52526,,BANKNIFTY,,2026-03-30,2026-03-30,57900.0,CE,BANKNIFTY26MAR57900CE,0.0,0.0,0.0,3206.0,3206.0,3206.0,61550.8,4067.95,150,0,0,0.0,0,F1,30,,,,,
2026-02-18,2026-02-18,FO,NSE,IDO,52558,,BANKNIFTY,,2026-03-30,2026-03-30,59000.0,CE,BANKNIFTY26MAR59000CE,2700.05,3083.5,2696.15,3030.5,3016.0,2700.95,61550.8,3030.5,50610,6780,583,1082066997.0,332,F1,30,,,,,
2026-02-18,2026-02-18,FO,NSE,IDO,52588,,BANKNIFTY,,2026-03-30,2026-03-30,60300.0,CE,BANKNIFTY26MAR60300CE,1639.0,1980.0,1639.0,1920.85,1937.2,1628.0,61550.8,1920.85,10560,-120,68,126710961.0,46,F1,30,,,,,
2026-02-18,2026-02-18,FO,NSE,IDO,52596,,BANKNIFTY,,2026-03-30,2026-03-30,60600.0,CE,BANKNIFTY26MAR60600CE,1465.5,1726.0,1411.15,1703.7,1700.0,1426.85,61550.8,1703.7,16530,-330,157,292864216.5,125,F1,30,,,,,
2026-02-18,2026-02-18,FO,NSE,IDO,52602,,BANKNIFTY,,2026-03-30,2026-03-30,60900.0,CE,BANKNIFTY26MAR60900CE,1208.45,1537.9,1187.0,1497.15,1471.0,1225.5,61550.8,1497.15,12360,1140,392,731988508.5,342,F1,30,,,,,
2026-02-18,2026-02-18,FO,NSE,IDO,52622,,BANKNIFTY,,2026-03-30,2026-03-30,61700.0,CE,BANKNIFTY26MAR61700CE,785.25,1018.55,765.95,978.85,976.55,781.3,61550.8,978.85,9390,1470,580,1089625326.0,409,F1,30,,,,,
2026-02-18,2026-02-18,FO,NSE,IDO,52628,,BANKNIFTY,,2026-03-30,2026-03-30,61900.0,CE,BANKNIFTY26MAR61900CE,690.35,903.25,669.95,866.4,864.0,684.15,61550.8,866.4,9060,3180,571,1074349752.0,286,F1,30,,,,,
2026-02-18,2026-02-18,FO,NSE,IDO,52630,,BANKNIFTY,,2026-03-30,2026-03-30,62000.0,CE,BANKNIFTY26MAR62000CE,638.7,851.6,602.25,809.4,810.5,638.65,61550.8,809.4,212850,17460,10109,19020430774.5,5504,F1,30,,,,,
2026-02-18,2026-02-18,FO,NSE,IDO,58658,,BANKNIFTY,,2026-03-30,2026-03-30,63000.0,CE,BANKNIFTY26MAR63000CE,305.1,429.25,284.0,402.35,402.25,305.05,61550.8,402.35,205075,60670,12024,22851920395.5,5701,F1,30,,,,,
2026-02-18,2026-02-18,FO,NSE,IDO,52676,,BANKNIFTY,,2026-03-30,2026-03-30,63500.0,CE,BANKNIFTY26MAR63500CE,195.1,289.3,186.6,271.5,272.0,202.1,61550.8,271.5,97530,11340,4115,7868215429.5,2199,F1,30,,,,,
2026-02-18,2026-02-18,FO,NSE,IDO,52718,,BANKNIFTY,,2026-03-30,2026-03-30,65500.0,CE,BANKNIFTY26MAR65500CE,44.0,61.2,43.05,58.5,58.4,45.0,61550.8,58.5,8340,3750,339,666681702.0,228,F1,30,,,,,
2026-02-18,2026-02-18,FO,NSE,IDO,52736,,BANKNIFTY,,2026-03-30,2026-03-30,66500.0,CE,BANKNIFTY26MAR66500CE,29.0,35.75,27.95,34.7,35.75,27.85,61550.8,34.7,9810,1740,212,423140808.0,166,F1,30,,,,,
2026-02-18,2026-02-18,FO,NSE,IDO,67476,,BANKNIFTY,,2026-04-28,2026-04-28,54100.0,CE,BANKNIFTY26APR54100CE,0.0,0.0,0.0,6107.25,0.0,6107.25,61550.8,8018.4,0,0,0,0.0,0,F1,30,,,,,
2026-02-18,2026-02-18,FO,NSE,IDO,67512,,BANKNIFTY,,2026-04-28,2026-04-28,55300.0,CE,BANKNIFTY26APR55300CE,0.0,0.0,0.0,5066.75,0.0,5066.75,61550.8,6847.3,0,0,0,0.0,0,F1,30,,,,,
2026-02-18,2026-02-18,FO,NSE,IDO,67534,,BANKNIFTY,,2026-04-28,2026-04-28,56300.0,CE,BANKNIFTY26APR56300CE,0.0,0.0,0.0,4257.25,0.0,4257.25,61550.8,5888.85,0,0,0,0.0,0,F1,30,,,,,
2026-02-18,2026-02-18,FO,NSE,IDO,67544,,BANKNIFTY,,2026-04-28,2026-04-28,56800.0,CE,BANKNIFTY26APR56800CE,0.0,0.0,0.0,3876.0,0.0,3876.0,61550.8,5419.45,0,0,0,0.0,0,F1,30,,,,,
2026-02-18,2026-02-18,FO,NSE,IDO,67554,,BANKNIFTY,,2026-04-28,2026-04-28,57300.0,CE,BANKNIFTY26APR57300CE,0.0,0.0,0.0,3892.75,3892.75,3892.75,61550.8,4959.15,30,0,0,0.0,0,F1,30,,,,,
2026-02-18,2026-02-18,FO,NSE,IDO,67629,,BANKNIFTY,,2026-04-28,2026-04-28,58300.0,CE,BANKNIFTY26APR58300CE,4078.7,4078.7,4078.7,4078.7,4078.7,2841.15,61550.8,4078.7,60,60,2,3742722.0,1,F1,30,,,,,
2026-02-18,2026-02-18,FO,NSE,IDO,67784,,BANKNIFTY,,2026-04-28,2026-04-28,61600.0,CE,BANKNIFTY26APR61600CE,0.0,0.0,0.0,1123.75,1123.75,1123.75,61550.8,1712.65,30,0,0,0.0,0,F1,30,,,,,
2026-02-18,2026-02-18,FO,NSE,IDO,67921,,BANKNIFTY,,2026-04-28,2026-04-28,64700.0,CE,BANKNIFTY26APR64700CE,0.0,0.0,0.0,438.95,0.0,438.95,61550.8,522.3,0,0,0,0.0,0,F1,30,,,,,
2026-02-18,2026-02-18,FO,NSE,IDO,67923,,BANKNIFTY,,2026-04-28,2026-04-28,64800.0,CE,BANKNIFTY26APR64800CE,0.0,0.0,0.0,423.2,0.0,423.2,61550.8,499.35,0,0,0,0.0,0,F1,30,,,,,
2026-02-18,2026-02-18,FO,NSE,IDO,67981,,BANKNIFTY,,2026-04-28,2026-04-28,65200.0,CE,BANKNIFTY26APR65200CE,0.0,0.0,0.0,364.9,0.0,364.9,61550.8,415.35,0,0,0,0.0,0,F1,30,,,,,
2026-02-18,2026-02-18,FO,NSE,IDO,67983,,BANKNIFTY,,2026-04-28,2026-04-28,65300.0,CE,BANKNIFTY26APR65300CE,0.0,0.0,0.0,351.4,0.0,351.4,61550.8,396.25,0,0,0,0.0,0,F1,30,,,,,
2026-02-18,2026-02-18,FO,NSE,IDO,57713,,BANKNIFTY,,2026-06-30,2026-06-30,51000.0,CE,BANKNIFTY26JUN51000CE,0.0,0.0,0.0,10295.15,0.0,10295.15,61550.8,11561.1,0,0,0,0.0,0,F1,30,,,,,
2026-02-18,2026-02-18,FO,NSE,IDO,57717,,BANKNIFTY,,2026-06-30,2026-06-30,52500.0,CE,BANKNIFTY26JUN52500CE,0.0,0.0,0.0,9214.6,0.0,9214.6,61550.8,10103.1,0,0,0,0.0,0,F1,30,,,,,
2026-02-18,2026-02-18,FO,NSE,IDO,57778,,BANKNIFTY,,2026-06-30,2026-06-30,66000.0,CE,BANKNIFTY26JUN66000CE,0.0,0.0,0.0,2623.65,0.0,2623.65,61550.8,802.1,0,0,0,0.0,0,F1,30,,,,,
2026-02-18,2026-02-18,FO,NSE,IDO,52284,,BANKNIFTY,,2026-09-29,2026-09-29,52500.0,CE,BANKNIFTY26SEP52500CE,0.0,0.0,0.0,6823.0,0.0,6823.0,61550.8,10854.0,0,0,0,0.0,0,F1,30,,,,,
2026-02-18,2026-02-18,FO,NSE,IDO,53222,,BANKNIFTY,,2026-12-29,2026-12-29,52500.0,CE,BANKNIFTY26DEC52500CE,0.0,0.0,0.0,10279.15,0.0,10279.15,61550.8,11604.0,0,0,0,0.0,0,F1,30,,,,,
2026-02-18,2026-02-18,FO,NSE,IDO,59939,,BANKNIFTY,,2026-02-24,2026-02-24,54000.0,PE,BANKNIFTY26FEB54000PE,8.45,9.75,6.15,9.0,9.3,8.9,61550.8,9.0,270990,19680,11695,18948676338.0,5679,F1,30,,,,,
2026-02-18,2026-02-18,FO,NSE,IDO,59980,,BANKNIFTY,,2026-02-24,2026-02-24,55500.0,PE,BANKNIFTY26FEB55500PE,10.5,13.2,8.05,12.05,12.6,12.35,61550.8,12.05,232350,870,14320,23847182967.0,7160,F1,30,,,,,
2026-02-18,2026-02-18,FO,NSE,IDO,60056,,BANKNIFTY,,2026-02-24,2026-02-24,57600.0,PE,BANKNIFTY26FEB57600PE,22.1,23.85,16.85,21.25,22.2,27.35,61550.8,21.25,52350,26430,5079,8779675695.0,3240,F1,30,,,,,
2026-02-18,2026-02-18,FO,NSE,IDO,60246,,BANKNIFTY,,2026-02-24,2026-02-24,60100.0,PE,BANKNIFTY26FEB60100PE,118.0,118.0,64.95,68.45,68.9,119.8,61550.8,68.45,266520,870,30485,55036391148.0,20616,F1,30,,,,,
2026-02-18,2026-02-18,FO,NSE,IDO,60395,,BANKNIFTY,,2026-02-24,2026-02-24,62900.0,PE,BANKNIFTY26FEB62900PE,0.0,0.0,0.0,3684.1,3684.1,3684.1,61550.8,1347.65,60,0,0,0.0,0,F1,30,,,,,
2026-02-18,2026-02-18,FO,NSE,IDO,60415,,BANKNIFTY,,2026-02-24,2026-02-24,63700.0,PE,BANKNIFTY26FEB63700PE,2637.15,2637.15,2354.95,2534.35,2534.35,2916.95,61550.8,2101.1,30,0,3,5958793.5,3,F1,30,,,,,
2026-02-18,2026-02-18,FO,NSE,IDO,60421,,BANKNIFTY,,2026-02-24,2026-02-24,64000.0,PE,BANKNIFTY26FEB64000PE,2850.0,2879.4,2461.4,2490.15,2519.2,2919.75,61550.8,2490.15,30990,-600,76,152013997.5,55,F1,30,,,,,
2026-02-18,2026-02-18,FO,NSE,IDO,60522,,BANKNIFTY,,2026-02-24,2026-02-24,66000.0,PE,BANKNIFTY26FEB66000PE,4830.0,4856.35,4550.0,4565.0,4565.0,4913.15,61550.8,4389.55,3780,-210,13,27567279.0,11,F1,30,,,,,
2026-02-18,2026-02-18,FO,NSE,IDO,58527,,BANKNIFTY,,2026-03-30,2026-03-30,51000.0,PE,BANKNIFTY26MAR51000PE,19.95,21.0,17.5,17.7,18.0,20.6,61550.8,17.7,67590,1350,344,526516539.0,174,F1,30,,,,,
2026-02-18,2026-02-18,FO,NSE,IDO,58533,,BANKNIFTY,,2026-03-30,2026-03-30,52500.0,PE,BANKNIFTY26MAR52500PE,33.0,33.0,28.05,29.95,29.95,31.85,61550.8,29.95,8255,210,46,72491200.5,33,F1,30,,,,,
2026-02-18,2026-02-18,FO,NSE,IDO,52423,,BANKNIFTY,,2026-03-30,2026-03-30,53800.0,PE,BANKNIFTY26MAR53800PE,0.0,0.0,0.0,119.0,119.0,119.0,61550.8,0.4,150,0,0,0.0,0,F1,30,,,,,
2026-02-18,2026-02-18,FO,NSE,IDO,52445,,BANKNIFTY,,2026-03-30,2026-03-30,54400.0,PE,BANKNIFTY26MAR54400PE,0.0,0.0,0.0,92.15,92.15,92.15,61550.8,1.05,510,0,0,0.0,0,F1,30,,,,,
2026-02-18,2026-02-18,FO,NSE,IDO,52447,,BANKNIFTY,,2026-03-30,2026-03-30,54500.0,PE,BANKNIFTY26MAR54500PE,46.25,51.0,40.7,44.6,40.7,50.05,61550.8,44.6,9570,330,116,189820170.0,53,F1,30,,,,,
2026-02-18,2026-02-18,FO,NSE,IDO,52455,,BANKNIFTY,,2026-03-30,2026-03-30,54900.0,PE,BANKNIFTY26MAR54900PE,0.0,0.0,0.0,180.7,180.7,180.7,61550.8,2.2,1080,0,0,0.0,0,F1,30,,,,,
2026-02-18,2026-02-18,FO,NSE,IDO,52467,,BANKNIFTY,,2026-03-30,2026-03-30,55600.0,PE,BANKNIFTY26MAR55600PE,0.0,0.0,0.0,64.9,64.9,64.9,61550.8,5.6,870,0,0,0.0,0,F1,30,,,,,
2026-02-18,2026-02-18,FO,NSE,IDO,52617,,BANKNIFTY,,2026-03-30,2026-03-30,61400.0,PE,BANKNIFTY26MAR61400PE,869.75,869.75,723.15,737.55,733.0,876.75,61550.8,737.55,14490,6750,1304,2432920180.5,722,F1,30,,,,,
2026-02-18,2026-02-18,FO,NSE,IDO,52641,,BANKNIFTY,,2026-03-30,2026-03-30,62500.0,PE,BANKNIFTY26MAR62500PE,1450.05,1475.0,1217.75,1246.15,1250.0,1482.65,61550.8,1246.15,23880,9540,780,1493461567.5,494,F1,30,,,,,
2026-02-18,2026-02-18,FO,NSE,IDO,52697,,BANKNIFTY,,2026-03-30,2026-03-30,64300.0,PE,BANKNIFTY26MAR64300PE,0.0,0.0,0.0,4841.25,4841.25,4841.25,61550.8,2655.9,0,0,0,0.0,0,F1,30,,,,,
2026-02-18,2026-02-18,FO,NSE,IDO,67415,,BANKNIFTY,,2026-04-28,2026-04-28,51000.0,PE,BANKNIFTY26APR51000PE,0.0,0.0,0.0,25.6,0.0,25.6,61550.8,0.2,0,0,0,0.0,0,F1,30,,,,,
2026-02-18,2026-02-18,FO,NSE,IDO,67465,,BANKNIFTY,,2026-04-28,2026-04-28,53500.0,PE,BANKNIFTY26APR53500PE,0.0,0.0,0.0,70.0,70.0,70.0,61550.8,4.35,90,0,0,0.0,0,F1,30,,,,,
2026-02-18,2026-02-18,FO,NSE,IDO,67469,,BANKNIFTY,,2026-04-28,2026-04-28,53700.0,PE,BANKNIFTY26APR53700PE,0.0,0.0,0.0,139.75,0.0,139.75,61550.8,5.35,0,0,0,0.0,0,F1,30,,,,,
2026-02-18,2026-02-18,FO,NSE,IDO,67686,,BANKNIFTY,,2026-04-28,2026-04-28,58800.0,PE,BANKNIFTY26APR58800PE,350.0,350.0,350.0,350.0,350.0,419.1,61550.8,296.4,1050,-30,1,1774500.0,1,F1,30,,,,,
2026-02-18,2026-02-18,FO,NSE,IDO,67711,,BANKNIFTY,,2026-04-28,2026-04-28,59800.0,PE,BANKNIFTY26APR59800PE,534.65,537.35,481.9,485.95,490.0,622.75,61550.8,485.95,870,60,9,16286175.0,9,F1,30,,,,,
2026-02-18,2026-02-18,FO,NSE,IDO,67719,,BANKNIFTY,,2026-04-28,2026-04-28,60200.0,PE,BANKNIFTY26APR60200PE,0.0,0.0,0.0,633.0,633.0,633.0,61550.8,614.6,870,0,0,0.0,0,F1,30,,,,,
2026-02-18,2026-02-18,FO,NSE,IDO,67774,,BANKNIFTY,,2026-04-28,2026-04-28,61400.0,PE,BANKNIFTY26APR61400PE,981.5,993.2,913.05,919.0,919.0,1036.65,61550.8,919.0,1410,0,54,100982229.0,31,F1,30,,,,,
2026-02-18,2026-02-18,FO,NSE,IDO,67780,,BANKNIFTY,,2026-04-28,2026-04-28,61500.0,PE,BANKNIFTY26APR61500PE,1045.05,1086.15,940.05,955.3,952.55,1081.65,61550.8,955.3,6990,5610,389,729300750.0,233,F1,30,,,,,
2026-02-18,2026-02-18,FO,NSE,IDO,67792,,BANKNIFTY,,2026-04-28,2026-04-28,61700.0,PE,BANKNIFTY26APR61700PE,1045.15,1048.05,1015.25,1027.85,1032.5,2729.55,61550.8,1027.85,390,390,13,24467080.5,13,F1,30,,,,,
2026-02-18,2026-02-18,FO,NSE,IDO,67924,,BANKNIFTY,,2026-04-28,2026-04-28,64800.0,PE,BANKNIFTY26APR64800PE,0.0,0.0,0.0,5025.4,0.0,5025.4,61550.8,3078.3,0,0,0,0.0,0,F1,30,,,,,
2026-02-18,2026-02-18,FO,NSE,IDO,68164,,BANKNIFTY,,2026-04-28,2026-04-28,65600.0,PE,BANKNIFTY26APR65600PE,0.0,0.0,0.0,5703.4,0.0,5703.4,61550.8,3713.8,0,0,0,0.0,0,F1,30,,,,,
2026-02-18,2026-02-18,FO,NSE,IDO,68181,,BANKNIFTY,,2026-04-28,2026-04-28,65900.0,PE,BANKNIFTY26APR65900PE,0.0,0.0,0.0,5964.35,0.0,5964.35,61550.8,3963.55,0,0,0,0.0,0,F1,30,,,,,
2026-02-18,2026-02-18,FO,NSE,IDO,57714,,BANKNIFTY,,2026-06-30,2026-06-30,51000.0,PE,BANKNIFTY26JUN51000PE,0.0,0.0,0.0,1019.0,0.0,1019.0,61550.8,5.9,0,0,0,0.0,0,F1,30,,,,,
2026-02-18,2026-02-18,FO,NSE,IDO,57751,,BANKNIFTY,,2026-06-30,2026-06-30,58500.0,PE,BANKNIFTY26JUN58500PE,555.0,560.9,527.0,529.95,538.0,575.65,61550.8,529.95,9690,810,61,108047061.0,51,F1,30,,,,,
2026-02-18,2026-02-18,FO,NSE,IDO,53245,,BANKNIFTY,,2026-12-29,2026-12-29,61500.0,PE,BANKNIFTY26DEC61500PE,0.0,0.0,0.0,3065.85,0.0,3065.85,61550.8,1704.6,0,0,0,0.0,0,F1,30,,,,,
2026-02-18,2026-02-18,FO,NSE,IDO,53247,,BANKNIFTY,,2026-12-29,2026-12-29,63000.0,PE,BANKNIFTY26DEC63000PE,0.0,0.0,0.0,3781.45,0.0,3781.45,61550.8,2287.8,0,0,0,0.0,0,F1,30,,,,,
2026-02-18,2026-02-18,FO,NSE,IDO,53253,,BANKNIFTY,,2026-12-29,2026-12-29,67500.0,PE,BANKNIFTY26DEC67500PE,0.0,0.0,0.0,6420.4,0.0,6420.4,61550.8,4686.2,0,0,0,0.0,0,F1,30,,,,,
2026-02-18,2026-02-18,FO,NSE,IDO,67722,,BANKNIFTY,,2026-04-28,2026-04-28,60400.0,CE,BANKNIFTY26APR60400CE,0.0,0.0,0.0,1600.0,1600.0,1600.0,61550.8,2450.4,150,0,0,0.0,0,F1,30,,,,,
2026-02-18,2026-02-18,FO,NSE,IDO,67728,,BANKNIFTY,,2026-04-28,2026-04-28,60700.0,CE,BANKNIFTY26APR60700CE,1925.0,2099.05,1924.15,2085.8,2095.95,1650.0,61550.8,2085.8,390,210,14,26343874.5,13,F1,30,,,,,
2026-02-18,2026-02-18,FO,NSE,IDO,67732,,BANKNIFTY,,2026-04-28,2026-04-28,60900.0,CE,BANKNIFTY26APR60900CE,0.0,0.0,0.0,1484.5,0.0,1484.5,61550.8,2124.25,0,0,0,0.0,0,F1,30,,,,,
2026-02-18,2026-02-18,FO,NSE,IDO,67885,,BANKNIFTY,,2026-04-28,2026-04-28,63900.0,CE,BANKNIFTY26APR63900CE,0.0,0.0,0.0,582.95,0.0,582.95,61550.8,737.1,0,0,0,0.0,0,F1,30,,,,,
2026-02-18,2026-02-18,FO,NSE,IDO,68186,,BANKNIFTY,,2026-04-28,2026-04-28,66200.0,CE,BANKNIFTY26APR66200CE,0.0,0.0,0.0,247.85,0.0,247.85,61550.8,254.3,0,0,0,0.0,0,F1,30,,,,,
2026-02-18,2026-02-18,FO,NSE,IDO,57721,,BANKNIFTY,,2026-06-30,2026-06-30,55500.0,CE,BANKNIFTY26JUN55500CE,0.0,0.0,0.0,7247.65,0.0,7247.65,61550.8,7261.3,0,0,0,0.0,0,F1,30,,,,,
2026-02-18,2026-02-18,FO,NSE,IDO,60084,,BANKNIFTY,,2026-02-24,2026-02-24,58500.0,PE,BANKNIFTY26FEB58500PE,31.95,32.0,24.75,28.25,28.8,37.7,61550.8,28.25,581190,-21780,58245,102268817863.5,31725,F1,30,,,,,
2026-02-18,2026-02-18,FO,NSE,IDO,60066,,BANKNIFTY,,2026-02-24,2026-02-24,58000.0,PE,BANKNIFTY26FEB58000PE,26.1,27.05,20.0,24.4,24.55,31.5,61550.8,24.4,1204410,-2220,105416,183498039967.5,42397,F1,30,,,,,
2026-02-18,2026-02-18,FO,NSE,IDO,60058,,BANKNIFTY,,2026-02-24,2026-02-24,57700.0,PE,BANKNIFTY26FEB57700PE,26.85,26.85,18.05,22.3,21.8,28.35,61550.8,22.3,61590,20550,4971,8607982303.5,2734,F1,30,,,,,
2026-02-18,2026-02-18,FO,NSE,IDO,59967,,BANKNIFTY,,2026-02-24,2026-02-24,54900.0,PE,BANKNIFTY26FEB54900PE,8.3,12.3,6.6,10.6,12.3,10.45,61550.8,10.6,5070,-690,492,810462592.5,307,F1,30,,,,,
2026-02-18,2026-02-18,FO,NSE,IDO,59873,,BANKNIFTY,,2026-02-24,2026-02-24,51500.0,PE,BANKNIFTY26FEB51500PE,5.9,5.9,3.1,3.8,3.6,4.0,61550.8,3.8,80370,11640,1884,2910984219.0,877,F1,30,,,,,
2026-02-18,2026-02-18,FO,NSE,IDO,52360,,BANKNIFTY,,2026-09-29,2026-09-29,60000.0,CE,BANKNIFTY26SEP60000CE,0.0,0.0,0.0,3017.7,0.0,3017.7,61550.8,4614.15,0,0,0,0.0,0,F1,30,,,,,
2026-02-18,2026-02-18,FO,NSE,IDO,53220,,BANKNIFTY,,2026-12-29,2026-12-29,51000.0,CE,BANKNIFTY26DEC51000CE,0.0,0.0,0.0,11516.25,0.0,11516.25,61550.8,12976.45,0,0,0,0.0,0,F1,30,,,,,
2026-02-18,2026-02-18,FO,NSE,IDO,53226,,BANKNIFTY,,2026-12-29,2026-12-29,55500.0,CE,BANKNIFTY26DEC55500CE,0.0,0.0,0.0,7987.45,0.0,7987.45,61550.8,8979.35,0,0,0,0.0,0,F1,30,,,,,
2026-02-18,2026-02-18,FO,NSE,IDO,53246,,BANKNIFTY,,2026-12-29,2026-12-29,63000.0,CE,BANKNIFTY26DEC63000CE,0.0,0.0,0.0,3641.35,0.0,3641.35,61550.8,3750.0,0,0,0,0.0,0,F1,30,,,,,
2026-02-18,2026-02-18,FO,NSE,IDO,53254,,BANKNIFTY,,2026-12-29,2026-12-29,69000.0,CE,BANKNIFTY26DEC69000CE,0.0,0.0,0.0,1660.3,0.0,1660.3,61550.8,1424.35,0,0,0,0.0,0,F1,30,,,,,
2026-02-18,2026-02-18,FO,NSE,IDO,53227,,BANKNIFTY,,2026-12-29,2026-12-29,55500.0,PE,BANKNIFTY26DEC55500PE,0.0,0.0,0.0,1066.65,0.0,1066.65,61550.8,363.75,0,0,0,0.0,0,F1,30,,,,,
2026-02-18,2026-02-18,FO,NSE,IDO,52389,,BANKNIFTY,,2026-09-29,2026-09-29,61500.0,PE,BANKNIFTY26SEP61500PE,0.0,0.0,0.0,5725.6,0.0,5725.6,61550.8,1579.7,0,0,0,0.0,0,F1,30,,,,,
2026-02-18,2026-02-18,FO,NSE,IDO,57767,,BANKNIFTY,,2026-06-30,2026-06-30,63000.0,PE,BANKNIFTY26JUN63000PE,1800.0,1820.0,1800.0,1805.0,1800.0,5604.5,61550.8,1805.0,360,360,12,23330550.0,10,F1,30,,,,,
2026-02-18,2026-02-18,FO,NSE,IDO,67884,,BANKNIFTY,,2026-04-28,2026-04-28,63800.0,PE,BANKNIFTY26APR63800PE,0.0,0.0,0.0,2474.6,2474.6,2474.6,61550.8,2357.35,120,0,0,0.0,0,F1,30,,,,,
2026-02-18,2026-02-18,FO,NSE,IDO,67857,,BANKNIFTY,,2026-04-28,2026-04-28,63000.0,PE,BANKNIFTY26APR63000PE,1887.35,1887.35,1634.15,1673.45,1668.35,1840.3,61550.8,1673.45,5280,2280,137,266203222.5,96,F1,30,,,,,
2026-02-18,2026-02-18,FO,NSE,IDO,67766,,BANKNIFTY,,2026-04-28,2026-04-28,61100.0,PE,BANKNIFTY26APR61100PE,906.45,906.45,819.2,819.2,819.2,1040.6,61550.8,819.2,1530,810,40,74366625.0,38,F1,30,,,,,
2026-02-18,2026-02-18,FO,NSE,IDO,67762,,BANKNIFTY,,2026-04-28,2026-04-28,61000.0,PE,BANKNIFTY26APR61000PE,866.65,885.05,768.9,783.1,780.0,887.55,61550.8,783.1,51330,5190,767,1422513319.5,495,F1,30,,,,,
2026-02-18,2026-02-18,FO,NSE,IDO,67605,,BANKNIFTY,,2026-04-28,2026-04-28,57900.0,PE,BANKNIFTY26APR57900PE,255.05,255.05,243.0,243.25,243.25,283.45,61550.8,172.15,330,240,11,19188349.5,9,F1,30,,,,,
2026-02-18,2026-02-18,FO,NSE,IDO,58532,,BANKNIFTY,,2026-03-30,2026-03-30,52500.0,CE,BANKNIFTY26MAR52500CE,0.0,0.0,0.0,8718.45,8718.45,8718.45,61550.8,9366.35,155,0,0,0.0,0,F1,30,,,,,
2026-02-18,2026-02-18,FO,NSE,IDO,60617,,BANKNIFTY,,2026-02-24,2026-02-24,68500.0,CE,BANKNIFTY26FEB68500CE,2.1,3.8,2.1,3.15,3.2,100.9,61550.8,3.15,1650,1650,506,1039874505.0,154,F1,30,,,,,
2026-02-18,2026-02-18,FO,NSE,IDO,60541,,BANKNIFTY,,2026-02-24,2026-02-24,67000.0,CE,BANKNIFTY26FEB67000CE,3.7,3.7,2.55,3.05,2.9,3.25,61550.8,3.05,207900,-3660,3326,6685560970.5,1452,F1,30,,,,,
2026-02-18,2026-02-18,FO,NSE,IDO,60531,,BANKNIFTY,,2026-02-24,2026-02-24,66500.0,CE,BANKNIFTY26FEB66500CE,4.05,4.05,2.65,2.8,2.65,3.5,61550.8,2.8,118440,6720,2692,5370787329.0,1407,F1,30,,,,,
2026-02-18,2026-02-18,FO,NSE,IDO,60523,,BANKNIFTY,,2026-02-24,2026-02-24,66100.0,CE,BANKNIFTY26FEB66100CE,0.0,0.0,0.0,263.3,0.0,263.3,61550.8,0.05,0,0,0,0.0,0,F1,30,,,,,
2026-02-18,2026-02-18,FO,NSE,IDO,60472,,BANKNIFTY,,2026-02-24,2026-02-24,65500.0,CE,BANKNIFTY26FEB65500CE,5.2,5.4,3.35,4.2,3.35,5.2,61550.8,4.2,61080,3990,5297,10409343471.0,3314,F1,30,,,,,
2026-02-18,2026-02-18,FO,NSE,IDO,60447,,BANKNIFTY,,2026-02-24,2026-02-24,65100.0,CE,BANKNIFTY26FEB65100CE,4.55,7.0,4.05,4.9,4.05,5.45,61550.8,4.9,11220,1950,2016,3937572751.5,1504,F1,30,,,,,
2026-02-18,2026-02-18,FO,NSE,IDO,60433,,BANKNIFTY,,2026-02-24,2026-02-24,64600.0,CE,BANKNIFTY26FEB64600CE,6.5,8.0,4.95,6.0,5.3,6.85,61550.8,6.0,6330,1110,770,1492399521.0,416,F1,30,,,,,
2026-02-18,2026-02-18,FO,NSE,IDO,60201,,BANKNIFTY,,2026-02-24,2026-02-24,58900.0,CE,BANKNIFTY26FEB58900CE,2379.95,2615.8,2270.0,2615.8,2615.8,2242.7,61550.8,2615.8,22200,-660,42,77340103.5,30,F1,30,,,,,
2026-02-18,2026-02-18,FO,NSE,IDO,60041,,BANKNIFTY,,2026-02-24,2026-02-24,57200.0,CE,BANKNIFTY26FEB57200CE,0.0,0.0,0.0,3629.3,3629.3,3629.3,61550.8,4402.5,3030,0,0,0.0,0,F1,30,,,,,
2026-02-18,2026-02-18,FO,NSE,IDO,60039,,BANKNIFTY,,2026-02-24,2026-02-24,57100.0,CE,BANKNIFTY26FEB57100CE,0.0,0.0,0.0,3317.15,3317.15,3317.15,61550.8,4502.4,2670,0,0,0.0,0,F1,30,,,,,
2026-02-18,2026-02-18,FO,NSE,IDO,60027,,BANKNIFTY,,2026-02-24,2026-02-24,56700.0,CE,BANKNIFTY26FEB56700CE,0.0,0.0,0.0,2782.35,2782.35,2782.35,61550.8,4902.05,150,0,0,0.0,0,F1,30,,,,,
2026-02-18,2026-02-18,FO,NSE,IDO,59934,,BANKNIFTY,,2026-02-24,2026-02-24,53800.0,CE,BANKNIFTY26FEB53800CE,0.0,0.0,0.0,5021.05,5030.05,5021.05,61550.8,7799.4,60,0,0,0.0,0,F1,30,,,,,
2026-02-18,2026-02-18,FO,NSE,IDO,59930,,BANKNIFTY,,2026-02-24,2026-02-24,53700.0,CE,BANKNIFTY26FEB53700CE,0.0,0.0,0.0,5577.75,5577.75,5577.75,61550.8,7899.35,30,0,0,0.0,0,F1,30,,,,,
2026-02-18,2026-02-18,FO,NSE,IDF,59175,,BANKNIFTY,,2026-02-24,2026-02-24,,,BANKNIFTY26FEBFUT,61110.0,61568.2,61053.2,61500.4,61497.2,61112.8,61550.8,61500.4,1435200,3540,21428,39409617486.0,15061,F1,30,,,,,
2026-02-18,2026-02-18,FO,NSE,IDO,67561,,BANKNIFTY,,2026-04-28,2026-04-28,57600.0,PE,BANKNIFTY26APR57600PE,0.0,0.0,0.0,252.4,252.4,252.4,61550.8,141.65,120,0,0,0.0,0,F1,30,,,,,
2026-02-18,2026-02-18,FO,NSE,IDO,67519,,BANKNIFTY,,2026-04-28,2026-04-28,55500.0,PE,BANKNIFTY26APR55500PE,0.0,0.0,0.0,152.1,152.1,152.1,61550.8,29.1,90,0,0,0.0,0,F1,30,,,,,
2026-02-18,2026-02-18,FO,NSE,IDO,67499,,BANKNIFTY,,2026-04-28,2026-04-28,55100.0,PE,BANKNIFTY26APR55100PE,0.0,0.0,0.0,286.15,0.0,286.15,61550.8,20.55,0,0,0,0.0,0,F1,30,,,,,
2026-02-18,2026-02-18,FO,NSE,IDO,67497,,BANKNIFTY,,2026-04-28,2026-04-28,55000.0,PE,BANKNIFTY26APR55000PE,111.25,112.5,104.65,108.3,108.95,111.6,61550.8,108.3,7230,-30,63,104154358.5,46,F1,30,,,,,
2026-02-18,2026-02-18,FO,NSE,IDO,67491,,BANKNIFTY,,2026-04-28,2026-04-28,54700.0,PE,BANKNIFTY26APR54700PE,0.0,0.0,0.0,235.6,0.0,235.6,61550.8,14.3,0,0,0,0.0,0,F1,30,,,,,
2026-02-18,2026-02-18,FO,NSE,IDO,67425,,BANKNIFTY,,2026-04-28,2026-04-28,51500.0,PE,BANKNIFTY26APR51500PE,0.0,0.0,0.0,36.25,0.0,36.25,61550.8,0.4,0,0,0,0.0,0,F1,30,,,,,
2026-02-18,2026-02-18,FO,NSE,IDO,52432,,BANKNIFTY,,2026-03-30,2026-03-30,54100.0,CE,BANKNIFTY26MAR54100CE,0.0,0.0,0.0,6064.75,6064.75,6064.75,61550.8,7776.6,30,0,0,0.0,0,F1,30,,,,,
2026-02-18,2026-02-18,FO,NSE,IDO,52456,,BANKNIFTY,,2026-03-30,2026-03-30,55000.0,CE,BANKNIFTY26MAR55000CE,6430.0,6769.8,6430.0,6769.8,6769.8,6432.8,61550.8,6883.8,13200,1200,64,118195527.0,60,F1,30,,,,,
2026-02-18,2026-02-18,FO,NSE,IDO,52480,,BANKNIFTY,,2026-03-30,2026-03-30,56200.0,CE,BANKNIFTY26MAR56200CE,0.0,0.0,0.0,3519.7,3519.7,3519.7,61550.8,5700.15,30,0,0,0.0,0,F1,30,,,,,
2026-02-18,2026-02-18,FO,NSE,IDO,52532,,BANKNIFTY,,2026-03-30,2026-03-30,58200.0,CE,BANKNIFTY26MAR58200CE,3365.3,3459.75,3365.3,3459.75,3459.75,3306.75,61550.8,3791.3,1560,0,3,5546544.0,3,F1,30,,,,,
2026-02-18,2026-02-18,FO,NSE,IDO,52555,,BANKNIFTY,,2026-03-30,2026-03-30,58900.0,CE,BANKNIFTY26MAR58900CE,2847.95,2848.0,2827.95,2827.95,2827.95,2748.95,61550.8,3167.9,1140,30,3,5556717.0,3,F1,30,,,,,
2026-02-18,2026-02-18,FO,NSE,IDO,52638,,BANKNIFTY,,2026-03-30,2026-03-30,62400.0,CE,BANKNIFTY26MAR62400CE,456.7,639.35,455.0,621.4,623.9,484.55,61550.8,621.4,4110,750,172,324756609.0,104,F1,30,,,,,
2026-02-18,2026-02-18,FO,NSE,IDO,52696,,BANKNIFTY,,2026-03-30,2026-03-30,64300.0,CE,BANKNIFTY26MAR64300CE,0.0,0.0,0.0,505.8,0.0,505.8,61550.8,293.1,0,0,0,0.0,0,F1,30,,,,,
2026-02-18,2026-02-18,FO,NSE,IDO,52722,,BANKNIFTY,,2026-03-30,2026-03-30,65700.0,CE,BANKNIFTY26MAR65700CE,0.0,0.0,0.0,302.15,0.0,302.15,61550.8,111.05,0,0,0,0.0,0,F1,30,,,,,
2026-02-18,2026-02-18,FO,NSE,IDO,67470,,BANKNIFTY,,2026-04-28,2026-04-28,53800.0,CE,BANKNIFTY26APR53800CE,0.0,0.0,0.0,6376.95,0.0,6376.95,61550.8,8313.2,0,0,0,0.0,0,F1,30,,,,,
2026-02-18,2026-02-18,FO,NSE,IDO,67492,,BANKNIFTY,,2026-04-28,2026-04-28,54800.0,CE,BANKNIFTY26APR54800CE,0.0,0.0,0.0,5492.2,0.0,5492.2,61550.8,7333.3,0,0,0,0.0,0,F1,30,,,,,
2026-02-18,2026-02-18,FO,NSE,IDO,67514,,BANKNIFTY,,2026-04-28,2026-04-28,55400.0,CE,BANKNIFTY26APR55400CE,0.0,0.0,0.0,4983.2,0.0,4983.2,61550.8,6750.55,0,0,0,0.0,0,F1,30,,,,,
2026-02-18,2026-02-18,FO,NSE,IDO,67520,,BANKNIFTY,,2026-04-28,2026-04-28,55600.0,CE,BANKNIFTY26APR55600CE,0.0,0.0,0.0,4817.8,0.0,4817.8,61550.8,6557.55,0,0,0,0.0,0,F1,30,,,,,
2026-02-18,2026-02-18,FO,NSE,IDO,67522,,BANKNIFTY,,2026-04-28,2026-04-28,55700.0,CE,BANKNIFTY26APR55700CE,0.0,0.0,0.0,4735.9,0.0,4735.9,61550.8,6461.35,0,0,0,0.0,0,F1,30,,,,,
2026-02-18,2026-02-18,FO,NSE,IDO,67560,,BANKNIFTY,,2026-04-28,2026-04-28,57600.0,CE,BANKNIFTY26APR57600CE,4367.65,4367.65,4367.65,4367.65,4367.65,3302.2,61550.8,4688.2,60,60,2,3718059.0,1,F1,30,,,,,
2026-02-18,2026-02-18,FO,NSE,IDO,67639,,BANKNIFTY,,2026-04-28,2026-04-28,58800.0,CE,BANKNIFTY26APR58800CE,0.0,0.0,0.0,2994.0,2994.0,2994.0,61550.8,3655.4,210,0,0,0.0,0,F1,30,,,,,
2026-02-18,2026-02-18,FO,NSE,IDO,52717,,BANKNIFTY,,2026-03-30,2026-03-30,65400.0,PE,BANKNIFTY26MAR65400PE,0.0,0.0,0.0,5599.05,0.0,5599.05,61550.8,3594.75,0,0,0,0.0,0,F1,30,,,,,
2026-02-18,2026-02-18,FO,NSE,IDO,52687,,BANKNIFTY,,2026-03-30,2026-03-30,63800.0,PE,BANKNIFTY26MAR63800PE,0.0,0.0,0.0,2553.55,2553.55,2553.55,61550.8,2264.9,150,0,0,0.0,0,F1,30,,,,,
2026-02-18,2026-02-18,FO,NSE,IDO,52665,,BANKNIFTY,,2026-03-30,2026-03-30,63200.0,PE,BANKNIFTY26MAR63200PE,1712.75,1712.75,1712.75,1712.75,1712.75,2149.5,61550.8,1712.75,330,30,1,1947382.5,1,F1,30,,,,,
2026-02-18,2026-02-18,FO,NSE,IDO,52631,,BANKNIFTY,,2026-03-30,2026-03-30,62000.0,PE,BANKNIFTY26MAR62000PE,1175.2,1194.0,957.4,982.5,980.0,1176.8,61550.8,982.5,113670,41280,6004,11355388863.0,3787,F1,30,,,,,
2026-02-18,2026-02-18,FO,NSE,IDO,52613,,BANKNIFTY,,2026-03-30,2026-03-30,61200.0,PE,BANKNIFTY26MAR61200PE,791.8,831.35,651.0,666.55,670.0,791.8,61550.8,666.55,52740,32130,3619,6723909765.0,2026,F1,30,,,,,
2026-02-18,2026-02-18,FO,NSE,IDO,52605,,BANKNIFTY,,2026-03-30,2026-03-30,61000.0,PE,BANKNIFTY26MAR61000PE,730.0,730.0,584.9,601.85,600.1,719.85,61550.8,601.85,360060,81420,14596,26995135041.0,8228,F1,30,,,,,
2026-02-18,2026-02-18,FO,NSE,IDO,52599,,BANKNIFTY,,2026-03-30,2026-03-30,60700.0,PE,BANKNIFTY26MAR60700PE,580.05,605.0,510.1,516.15,515.0,612.1,61550.8,516.15,38730,2910,411,755244150.0,286,F1,30,,,,,
2026-02-18,2026-02-18,FO,NSE,IDO,52559,,BANKNIFTY,,2026-03-30,2026-03-30,59000.0,PE,BANKNIFTY26MAR59000PE,252.35,255.0,217.9,223.85,222.95,253.8,61550.8,223.85,375900,85950,11186,19878572836.5,6024,F1,30,,,,,
2026-02-18,2026-02-18,FO,NSE,IDO,52433,,BANKNIFTY,,2026-03-30,2026-03-30,54100.0,PE,BANKNIFTY26MAR54100PE,0.0,0.0,0.0,134.4,134.4,134.4,61550.8,0.65,330,0,0,0.0,0,F1,30,,,,,
2026-02-18,2026-02-18,FO,NSE,IDO,52415,,BANKNIFTY,,2026-03-30,2026-03-30,53500.0,PE,BANKNIFTY26MAR53500PE,0.0,0.0,0.0,101.75,100.0,101.75,61550.8,0.25,1080,0,0,0.0,0,F1,30,,,,,
2026-02-18,2026-02-18,FO,NSE,IDO,60570,,BANKNIFTY,,2026-02-24,2026-02-24,68000.0,PE,BANKNIFTY26FEB68000PE,0.0,0.0,0.0,8279.4,0.0,8279.4,61550.8,6387.75,0,0,0,0.0,0,F1,30,,,,,
2026-02-18,2026-02-18,FO,NSE,IDO,60524,,BANKNIFTY,,2026-02-24,2026-02-24,66100.0,PE,BANKNIFTY26FEB66100PE,0.0,0.0,0.0,6546.95,0.0,6546.95,61550.8,4489.45,0,0,0,0.0,0,F1,30,,,,,
2026-02-18,2026-02-18,FO,NSE,IDO,60520,,BANKNIFTY,,2026-02-24,2026-02-24,65900.0,PE,BANKNIFTY26FEB65900PE,0.0,0.0,0.0,6370.4,0.0,6370.4,61550.8,4289.65,0,0,0,0.0,0,F1,30,,,,,
2026-02-18,2026-02-18,FO,NSE,IDO,60432,,BANKNIFTY,,2026-02-24,2026-02-24,64500.0,PE,BANKNIFTY26FEB64500PE,0.0,0.0,0.0,4024.8,4024.8,4024.8,61550.8,2891.95,660,0,0,0.0,0,F1,30,,,,,
2026-02-18,2026-02-18,FO,NSE,IDO,60400,,BANKNIFTY,,2026-02-24,2026-02-24,63100.0,PE,BANKNIFTY26FEB63100PE,1656.0,1656.0,1656.0,1656.0,1656.0,2015.35,61550.8,1656.0,60,0,1,1942680.0,1,F1,30,,,,,
2026-02-18,2026-02-18,FO,NSE,IDO,60380,,BANKNIFTY,,2026-02-24,2026-02-24,62500.0,PE,BANKNIFTY26FEB62500PE,1400.05,1479.2,1008.0,1058.75,1071.8,1442.55,61550.8,1058.75,12390,3330,1426,2724518161.5,729,F1,30,,,,,
2026-02-18,2026-02-18,FO,NSE,IDO,60360,,BANKNIFTY,,2026-02-24,2026-02-24,61800.0,PE,BANKNIFTY26FEB61800PE,800.05,842.0,478.4,514.4,518.7,830.85,61550.8,514.4,44910,29670,8221,15397002114.0,6103,F1,30,,,,,
2026-02-18,2026-02-18,FO,NSE,IDO,60349,,BANKNIFTY,,2026-02-24,2026-02-24,61600.0,PE,BANKNIFTY26FEB61600PE,720.0,720.0,371.75,398.9,400.05,685.8,61550.8,398.9,119340,93900,27747,51663105339.0,19727,F1,30,,,,,
2026-02-18,2026-02-18,FO,NSE,IDO,60272,,BANKNIFTY,,2026-02-24,2026-02-24,61100.0,PE,BANKNIFTY26FEB61100PE,398.0,398.0,194.0,206.85,206.95,397.15,61550.8,206.85,404820,134640,111230,204843777682.5,78019,F1,30,,,,,
2026-02-18,2026-02-18,FO,NSE,IDO,60091,,BANKNIFTY,,2026-02-24,2026-02-24,58600.0,PE,BANKNIFTY26FEB58600PE,30.25,35.0,26.1,29.5,28.2,39.4,61550.8,29.5,105540,8940,7572,13318226877.0,4430,F1,30,,,,,
2026-02-18,2026-02-18,FO,NSE,IDO,60557,,BANKNIFTY,,2026-02-24,2026-02-24,67500.0,CE,BANKNIFTY26FEB67500CE,3.05,3.3,2.4,2.95,2.6,2.6,61550.8,2.95,259590,-3510,6710,13588323813.0,2741,F1,30,,,,,
2026-02-18,2026-02-18,FO,NSE,IDO,52452,,BANKNIFTY,,2026-03-30,2026-03-30,54800.0,CE,BANKNIFTY26MAR54800CE,0.0,0.0,0.0,4613.45,4613.45,4613.45,61550.8,7082.0,30,0,0,0.0,0,F1,30,,,,,
2026-02-18,2026-02-18,FO,NSE,IDO,58548,,BANKNIFTY,,2026-03-30,2026-03-30,55500.0,CE,BANKNIFTY26MAR55500CE,0.0,0.0,0.0,5320.0,5320.0,5320.0,61550.8,6389.2,815,0,0,0.0,0,F1,30,,,,,
2026-02-18,2026-02-18,FO,NSE,IDO,52498,,BANKNIFTY,,2026-03-30,2026-03-30,56800.0,CE,BANKNIFTY26MAR56800CE,0.0,0.0,0.0,3021.8,3021.8,3021.8,61550.8,5115.1,30,0,0,0.0,0,F1,30,,,,,
2026-02-18,2026-02-18,FO,NSE,IDO,52512,,BANKNIFTY,,2026-03-30,2026-03-30,57400.0,CE,BANKNIFTY26MAR57400CE,0.0,0.0,0.0,3602.1,3602.1,3602.1,61550.8,4538.6,270,0,0,0.0,0,F1,30,,,,,
2026-02-18,2026-02-18,FO,NSE,IDO,52518,,BANKNIFTY,,2026-03-30,2026-03-30,57700.0,CE,BANKNIFTY26MAR57700CE,0.0,0.0,0.0,2328.85,2328.85,2328.85,61550.8,4254.9,180,0,0,0.0,0,F1,30,,,,,
2026-02-18,2026-02-18,FO,NSE,IDO,52604,,BANKNIFTY,,2026-03-30,2026-03-30,61000.0,CE,BANKNIFTY26MAR61000CE,1199.95,1475.0,1129.7,1423.65,1412.9,1169.95,61550.8,1423.65,343530,56190,8964,16743294378.0,5453,F1,30,,,,,
2026-02-18,2026-02-18,FO,NSE,IDO,52634,,BANKNIFTY,,2026-03-30,2026-03-30,62200.0,CE,BANKNIFTY26MAR62200CE,544.4,745.15,537.0,715.5,730.5,558.35,61550.8,715.5,7560,2070,397,748632115.5,251,F1,30,,,,,
2026-02-18,2026-02-18,FO,NSE,IDO,52646,,BANKNIFTY,,2026-03-30,2026-03-30,62800.0,CE,BANKNIFTY26MAR62800CE,364.35,490.35,334.7,468.75,464.85,361.0,61550.8,468.75,6060,1590,432,819376386.0,183,F1,30,,,,,
2026-02-18,2026-02-18,FO,NSE,IDO,52650,,BANKNIFTY,,2026-03-30,2026-03-30,62900.0,CE,BANKNIFTY26MAR62900CE,0.0,0.0,0.0,210.6,210.6,210.6,61550.8,662.05,90,0,0,0.0,0,F1,30,,,,,
2026-02-18,2026-02-18,FO,NSE,IDO,52674,,BANKNIFTY,,2026-03-30,2026-03-30,63400.0,CE,BANKNIFTY26MAR63400CE,0.0,0.0,0.0,690.55,0.0,690.55,61550.8,503.65,0,0,0,0.0,0,F1,30,,,,,
2026-02-18,2026-02-18,FO,NSE,IDO,52686,,BANKNIFTY,,2026-03-30,2026-03-30,63800.0,CE,BANKNIFTY26MAR63800CE,0.0,0.0,0.0,601.5,0.0,601.5,61550.8,399.1,0,0,0,0.0,0,F1,30,,,,,
2026-02-18,2026-02-18,FO,NSE,IDO,52720,,BANKNIFTY,,2026-03-30,2026-03-30,65600.0,CE,BANKNIFTY26MAR65600CE,0.0,0.0,0.0,313.95,0.0,313.95,61550.8,119.65,0,0,0,0.0,0,F1,30,,,,,
2026-02-18,2026-02-18,FO,NSE,IDO,67464,,BANKNIFTY,,2026-04-28,2026-04-28,53500.0,CE,BANKNIFTY26APR53500CE,0.0,0.0,0.0,6649.85,0.0,6649.85,61550.8,8608.5,0,0,0,0.0,0,F1,30,,,,,
2026-02-18,2026-02-18,FO,NSE,IDO,67528,,BANKNIFTY,,2026-04-28,2026-04-28,56000.0,CE,BANKNIFTY26APR56000CE,5800.0,5850.0,5800.0,5850.0,5850.0,5780.0,61550.8,6174.0,330,120,4,7417500.0,4,F1,30,,,,,
2026-02-18,2026-02-18,FO,NSE,IDO,67540,,BANKNIFTY,,2026-04-28,2026-04-28,56600.0,CE,BANKNIFTY26APR56600CE,0.0,0.0,0.0,4026.5,0.0,4026.5,61550.8,5606.25,0,0,0,0.0,0,F1,30,,,,,
2026-02-18,2026-02-18,FO,NSE,IDO,67558,,BANKNIFTY,,2026-04-28,2026-04-28,57500.0,CE,BANKNIFTY26APR57500CE,4459.75,4546.15,4442.55,4541.8,4541.8,3371.2,61550.8,4778.05,120,120,6,11159883.0,5,F1,30,,,,,
2026-02-18,2026-02-18,FO,NSE,IDO,67631,,BANKNIFTY,,2026-04-28,2026-04-28,58400.0,CE,BANKNIFTY26APR58400CE,3989.55,3989.55,3989.55,3989.55,3989.55,2778.5,61550.8,3989.45,60,60,2,3743373.0,1,F1,30,,,,,
2026-02-18,2026-02-18,FO,NSE,IDO,67726,,BANKNIFTY,,2026-04-28,2026-04-28,60600.0,CE,BANKNIFTY26APR60600CE,2041.7,2226.0,2041.7,2226.0,2226.0,1960.5,61550.8,2226.0,540,270,21,39505252.5,14,F1,30,,,,,
2026-02-18,2026-02-18,FO,NSE,IDO,67838,,BANKNIFTY,,2026-04-28,2026-04-28,62900.0,CE,BANKNIFTY26APR62900CE,0.0,0.0,0.0,813.6,0.0,813.6,61550.8,1091.8,0,0,0,0.0,0,F1,30,,,,,
2026-02-18,2026-02-18,FO,NSE,IDO,67856,,BANKNIFTY,,2026-04-28,2026-04-28,63000.0,CE,BANKNIFTY26APR63000CE,675.9,820.9,665.0,807.9,800.9,675.9,61550.8,807.9,14880,4740,316,604092444.0,188,F1,30,,,,,
2026-02-18,2026-02-18,FO,NSE,IDO,57719,,BANKNIFTY,,2026-06-30,2026-06-30,54000.0,CE,BANKNIFTY26JUN54000CE,0.0,0.0,0.0,8196.95,0.0,8196.95,61550.8,8663.7,0,0,0,0.0,0,F1,30,,,,,
2026-02-18,2026-02-18,FO,NSE,IDO,52282,,BANKNIFTY,,2026-09-29,2026-09-29,51000.0,CE,BANKNIFTY26SEP51000CE,0.0,0.0,0.0,7836.25,0.0,7836.25,61550.8,12267.65,0,0,0,0.0,0,F1,30,,,,,
2026-02-18,2026-02-18,FO,NSE,IDO,52286,,BANKNIFTY,,2026-09-29,2026-09-29,54000.0,CE,BANKNIFTY26SEP54000CE,0.0,0.0,0.0,5890.5,0.0,5890.5,61550.8,9471.35,0,0,0,0.0,0,F1,30,,,,,
2026-02-18,2026-02-18,FO,NSE,IDO,53228,,BANKNIFTY,,2026-12-29,2026-12-29,57000.0,CE,BANKNIFTY26DEC57000CE,0.0,0.0,0.0,6951.1,0.0,6951.1,61550.8,7754.95,0,0,0,0.0,0,F1,30,,,,,
2026-02-18,2026-02-18,FO,NSE,IDO,59907,,BANKNIFTY,,2026-02-24,2026-02-24,52500.0,PE,BANKNIFTY26FEB52500PE,6.45,6.7,4.45,6.0,5.25,6.1,61550.8,6.0,43500,540,767,1208149740.0,319,F1,30,,,,,
2026-02-18,2026-02-18,FO,NSE,IDO,59937,,BANKNIFTY,,2026-02-24,2026-02-24,53900.0,PE,BANKNIFTY26FEB53900PE,7.25,8.9,5.4,7.75,7.25,8.45,61550.8,7.75,6600,-390,84,135844765.5,37,F1,30,,,,,
2026-02-18,2026-02-18,FO,NSE,IDO,59943,,BANKNIFTY,,2026-02-24,2026-02-24,54200.0,PE,BANKNIFTY26FEB54200PE,7.9,11.8,5.65,9.3,10.65,9.3,61550.8,9.3,3090,-990,453,736684486.5,376,F1,30,,,,,
2026-02-18,2026-02-18,FO,NSE,IDO,59969,,BANKNIFTY,,2026-02-24,2026-02-24,55000.0,PE,BANKNIFTY26FEB55000PE,9.05,12.4,6.75,11.15,11.5,10.75,61550.8,11.15,561810,98100,34695,57257192652.0,15671,F1,30,,,,,
2026-02-18,2026-02-18,FO,NSE,IDO,59975,,BANKNIFTY,,2026-02-24,2026-02-24,55300.0,PE,BANKNIFTY26FEB55300PE,9.15,13.35,7.75,11.8,13.35,11.95,61550.8,11.8,7590,-690,761,1262734587.0,537,F1,30,,,,,
2026-02-18,2026-02-18,FO,NSE,IDO,60007,,BANKNIFTY,,2026-02-24,2026-02-24,56200.0,PE,BANKNIFTY26FEB56200PE,11.1,15.6,9.6,14.0,14.3,16.15,61550.8,14.0,51090,9360,2526,4259775310.5,1623,F1,30,,,,,
2026-02-18,2026-02-18,FO,NSE,IDO,60064,,BANKNIFTY,,2026-02-24,2026-02-24,57900.0,PE,BANKNIFTY26FEB57900PE,29.5,29.5,19.65,24.05,23.15,30.65,61550.8,24.05,64050,13380,4751,8255750382.0,2922,F1,30,,,,,
2026-02-18,2026-02-18,FO,NSE,IDO,60082,,BANKNIFTY,,2026-02-24,2026-02-24,58400.0,PE,BANKNIFTY26FEB58400PE,30.0,30.8,23.7,27.25,28.2,37.0,61550.8,27.25,75660,-9030,9443,16551729105.0,5392,F1,30,,,,,
2026-02-18,2026-02-18,FO,NSE,IDO,60188,,BANKNIFTY,,2026-02-24,2026-02-24,58800.0,PE,BANKNIFTY26FEB58800PE,21.45,36.25,21.45,32.2,33.75,42.9,61550.8,32.2,99330,-23670,10421,18392423067.0,5353,F1,30,,,,,
2026-02-18,2026-02-18,FO,NSE,IDO,60256,,BANKNIFTY,,2026-02-24,2026-02-24,60600.0,PE,BANKNIFTY26FEB60600PE,200.0,208.6,106.1,112.6,112.6,217.8,61550.8,112.6,318660,6180,38484,70128230791.5,28220,F1,30,,,,,
2026-02-18,2026-02-18,FO,NSE,IDO,60258,,BANKNIFTY,,2026-02-24,2026-02-24,60700.0,PE,BANKNIFTY26FEB60700PE,230.3,233.15,119.1,125.7,125.95,245.5,61550.8,125.7,521010,540,53378,97461953838.0,39471,F1,30,,,,,
2026-02-18,2026-02-18,FO,NSE,IDO,60375,,BANKNIFTY,,2026-02-24,2026-02-24,62300.0,PE,BANKNIFTY26FEB62300PE,1180.0,1206.85,841.45,886.95,895.15,1254.75,61550.8,886.95,2880,1500,230,436760469.0,183,F1,30,,,,,
2026-02-18,2026-02-18,FO,NSE,IDO,60428,,BANKNIFTY,,2026-02-24,2026-02-24,64300.0,PE,BANKNIFTY26FEB64300PE,0.0,0.0,0.0,4594.75,4659.0,4594.75,61550.8,2693.0,90,0,0,0.0,0,F1,30,,,,,
2026-02-18,2026-02-18,FO,NSE,IDO,60434,,BANKNIFTY,,2026-02-24,2026-02-24,64600.0,PE,BANKNIFTY26FEB64600PE,0.0,0.0,0.0,4887.65,4950.85,4887.65,61550.8,2991.6,90,0,0,0.0,0,F1,30,,,,,
2026-02-18,2026-02-18,FO,NSE,IDO,60532,,BANKNIFTY,,2026-02-24,2026-02-24,66500.0,PE,BANKNIFTY26FEB66500PE,0.0,0.0,0.0,5990.95,5990.95,5990.95,61550.8,4889.1,480,0,0,0.0,0,F1,30,,,,,
2026-02-18,2026-02-18,FO,NSE,IDO,60662,,BANKNIFTY,,2026-02-24,2026-02-24,68500.0,PE,BANKNIFTY26FEB68500PE,0.0,0.0,0.0,8748.4,0.0,8748.4,61550.8,6887.3,0,0,0,0.0,0,F1,30,,,,,
2026-02-18,2026-02-18,FO,NSE,IDO,52411,,BANKNIFTY,,2026-03-30,2026-03-30,53400.0,PE,BANKNIFTY26MAR53400PE,0.0,0.0,0.0,127.15,0.0,127.15,61550.8,0.2,0,0,0,0.0,0,F1,30,,,,,
2026-02-18,2026-02-18,FO,NSE,IDO,52449,,BANKNIFTY,,2026-03-30,2026-03-30,54600.0,PE,BANKNIFTY26MAR54600PE,0.0,0.0,0.0,161.6,161.6,161.6,61550.8,1.45,450,0,0,0.0,0,F1,30,,,,,
2026-02-18,2026-02-18,FO,NSE,IDO,52461,,BANKNIFTY,,2026-03-30,2026-03-30,55200.0,PE,BANKNIFTY26MAR55200PE,0.0,0.0,0.0,81.05,81.05,81.05,61550.8,3.3,1440,0,0,0.0,0,F1,30,,,,,
2026-02-18,2026-02-18,FO,NSE,IDO,52499,,BANKNIFTY,,2026-03-30,2026-03-30,56800.0,PE,BANKNIFTY26MAR56800PE,90.0,90.0,85.0,85.0,85.0,95.2,61550.8,85.0,2070,30,7,11946750.0,2,F1,30,,,,,
2026-02-18,2026-02-18,FO,NSE,IDO,58609,,BANKNIFTY,,2026-03-30,2026-03-30,57000.0,PE,BANKNIFTY26MAR57000PE,104.05,107.35,90.0,94.05,94.0,104.6,61550.8,94.05,265605,7295,6436,11024261704.5,2905,F1,30,,,,,
2026-02-18,2026-02-18,FO,NSE,IDO,52511,,BANKNIFTY,,2026-03-30,2026-03-30,57300.0,PE,BANKNIFTY26MAR57300PE,111.0,115.35,102.55,103.75,102.55,110.0,61550.8,103.75,2400,1020,112,192890868.0,77,F1,30,,,,,
2026-02-18,2026-02-18,FO,NSE,IDO,52527,,BANKNIFTY,,2026-03-30,2026-03-30,57900.0,PE,BANKNIFTY26MAR57900PE,141.95,141.95,133.15,134.5,133.15,149.55,61550.8,134.5,3510,270,19,33081052.5,15,F1,30,,,,,
2026-02-18,2026-02-18,FO,NSE,IDO,52535,,BANKNIFTY,,2026-03-30,2026-03-30,58300.0,PE,BANKNIFTY26MAR58300PE,175.0,175.0,158.2,160.6,159.05,179.6,61550.8,160.6,4890,90,143,250802337.0,67,F1,30,,,,,
2026-02-18,2026-02-18,FO,NSE,IDO,52569,,BANKNIFTY,,2026-03-30,2026-03-30,59500.0,PE,BANKNIFTY26MAR59500PE,329.05,330.7,278.05,285.1,279.0,326.55,61550.8,285.1,212850,83430,10284,18449405685.0,7231,F1,30,,,,,
2026-02-18,2026-02-18,FO,NSE,IDO,52571,,BANKNIFTY,,2026-03-30,2026-03-30,59600.0,PE,BANKNIFTY26MAR59600PE,335.95,340.0,292.95,297.8,300.15,343.75,61550.8,297.8,11130,2010,224,402596524.5,127,F1,30,,,,,
2026-02-18,2026-02-18,FO,NSE,IDO,52685,,BANKNIFTY,,2026-03-30,2026-03-30,63700.0,PE,BANKNIFTY26MAR63700PE,0.0,0.0,0.0,2423.5,2423.5,2423.5,61550.8,2189.9,240,0,0,0.0,0,F1,30,,,,,
2026-02-18,2026-02-18,FO,NSE,IDO,52689,,BANKNIFTY,,2026-03-30,2026-03-30,63900.0,PE,BANKNIFTY26MAR63900PE,0.0,0.0,0.0,4556.35,4556.35,4556.35,61550.8,2341.0,30,0,0,0.0,0,F1,30,,,,,
2026-02-18,2026-02-18,FO,NSE,IDO,52727,,BANKNIFTY,,2026-03-30,2026-03-30,65900.0,PE,BANKNIFTY26MAR65900PE,0.0,0.0,0.0,6032.7,0.0,6032.7,61550.8,4048.6,0,0,0,0.0,0,F1,30,,,,,
2026-02-18,2026-02-18,FO,NSE,IDO,52729,,BANKNIFTY,,2026-03-30,2026-03-30,66100.0,PE,BANKNIFTY26MAR66100PE,0.0,0.0,0.0,6208.7,0.0,6208.7,61550.8,4233.7,0,0,0,0.0,0,F1,30,,,,,
2026-02-18,2026-02-18,FO,NSE,IDO,52731,,BANKNIFTY,,2026-03-30,2026-03-30,66200.0,PE,BANKNIFTY26MAR66200PE,0.0,0.0,0.0,6297.25,0.0,6297.25,61550.8,4326.9,0,0,0,0.0,0,F1,30,,,,,
2026-02-18,2026-02-18,FO,NSE,IDO,67473,,BANKNIFTY,,2026-04-28,2026-04-28,53900.0,PE,BANKNIFTY26APR53900PE,0.0,0.0,0.0,155.8,0.0,155.8,61550.8,6.6,0,0,0,0.0,0,F1,30,,,,,
2026-02-18,2026-02-18,FO,NSE,IDO,67549,,BANKNIFTY,,2026-04-28,2026-04-28,57000.0,PE,BANKNIFTY26APR57000PE,179.25,179.25,164.5,174.0,171.0,179.25,61550.8,174.0,38820,2910,468,802704207.0,374,F1,30,,,,,
2026-02-18,2026-02-18,FO,NSE,IDO,67626,,BANKNIFTY,,2026-04-28,2026-04-28,58100.0,PE,BANKNIFTY26APR58100PE,276.2,276.2,262.0,263.4,263.4,288.3,61550.8,195.3,450,270,9,15758668.5,7,F1,30,,,,,
2026-02-18,2026-02-18,FO,NSE,IDO,67630,,BANKNIFTY,,2026-04-28,2026-04-28,58300.0,PE,BANKNIFTY26APR58300PE,293.2,293.2,260.25,260.25,260.25,1042.9,61550.8,260.25,330,330,12,21090141.0,11,F1,30,,,,,
2026-02-18,2026-02-18,FO,NSE,IDO,67695,,BANKNIFTY,,2026-04-28,2026-04-28,59000.0,PE,BANKNIFTY26APR59000PE,399.45,399.45,351.0,357.0,354.55,399.45,61550.8,357.0,25590,-930,599,1066863304.5,363,F1,30,,,,,
2026-02-18,2026-02-18,FO,NSE,IDO,67699,,BANKNIFTY,,2026-04-28,2026-04-28,59200.0,PE,BANKNIFTY26APR59200PE,0.0,0.0,0.0,430.15,430.15,430.15,61550.8,370.15,870,0,0,0.0,0,F1,30,,,,,
2026-02-18,2026-02-18,FO,NSE,IDO,67701,,BANKNIFTY,,2026-04-28,2026-04-28,59300.0,PE,BANKNIFTY26APR59300PE,0.0,0.0,0.0,459.8,459.8,459.8,61550.8,390.6,1080,0,0,0.0,0,F1,30,,,,,
2026-02-18,2026-02-18,FO,NSE,IDO,67713,,BANKNIFTY,,2026-04-28,2026-04-28,59900.0,PE,BANKNIFTY26APR59900PE,0.0,0.0,0.0,561.65,561.65,561.65,61550.8,531.55,870,0,0,0.0,0,F1,30,,,,,
2026-02-18,2026-02-18,FO,NSE,IDO,59906,,BANKNIFTY,,2026-02-24,2026-02-24,52500.0,CE,BANKNIFTY26FEB52500CE,0.0,0.0,0.0,6680.0,6680.0,6680.0,61550.8,9098.25,60,0,0,0.0,0,F1,30,,,,,
2026-02-18,2026-02-18,FO,NSE,IDO,59926,,BANKNIFTY,,2026-02-24,2026-02-24,53500.0,CE,BANKNIFTY26FEB53500CE,7680.0,7992.0,7680.0,7992.0,7992.0,6680.0,61550.8,7992.0,750,-120,4,7353958.5,4,F1,30,,,,,
2026-02-18,2026-02-18,FO,NSE,IDO,59968,,BANKNIFTY,,2026-02-24,2026-02-24,55000.0,CE,BANKNIFTY26FEB55000CE,6200.0,6550.0,6170.0,6495.45,6493.35,6088.45,61550.8,6495.45,94710,-1290,54,99299812.5,44,F1,30,,,,,
2026-02-18,2026-02-18,FO,NSE,IDO,59970,,BANKNIFTY,,2026-02-24,2026-02-24,55100.0,CE,BANKNIFTY26FEB55100CE,0.0,0.0,0.0,4232.3,4232.3,4232.3,61550.8,6500.6,30,0,0,0.0,0,F1,30,,,,,
2026-02-18,2026-02-18,FO,NSE,IDO,59981,,BANKNIFTY,,2026-02-24,2026-02-24,55600.0,CE,BANKNIFTY26FEB55600CE,0.0,0.0,0.0,3763.25,3763.25,3763.25,61550.8,6001.05,150,0,0,0.0,0,F1,30,,,,,
2026-02-18,2026-02-18,FO,NSE,IDO,60031,,BANKNIFTY,,2026-02-24,2026-02-24,56900.0,CE,BANKNIFTY26FEB56900CE,4365.0,4365.0,4365.0,4365.0,4365.0,3167.75,61550.8,4702.2,1050,0,3,5513850.0,1,F1,30,,,,,
2026-02-18,2026-02-18,FO,NSE,IDO,60055,,BANKNIFTY,,2026-02-24,2026-02-24,57600.0,CE,BANKNIFTY26FEB57600CE,0.0,0.0,0.0,3402.65,3402.65,3402.65,61550.8,4002.85,1860,0,0,0.0,0,F1,30,,,,,
2026-02-18,2026-02-18,FO,NSE,IDO,60229,,BANKNIFTY,,2026-02-24,2026-02-24,59500.0,CE,BANKNIFTY26FEB59500CE,1676.4,2116.65,1591.15,2033.65,2022.45,1666.5,61550.8,2033.65,141810,-9630,1094,2012531233.5,694,F1,30,,,,,
2026-02-18,2026-02-18,FO,NSE,IDO,60257,,BANKNIFTY,,2026-02-24,2026-02-24,60700.0,CE,BANKNIFTY26FEB60700CE,642.0,979.55,573.9,911.6,900.1,643.95,61550.8,911.6,255900,-34830,12470,22974759129.0,9055,F1,30,,,,,
2026-02-18,2026-02-18,FO,NSE,IDO,60394,,BANKNIFTY,,2026-02-24,2026-02-24,62900.0,CE,BANKNIFTY26FEB62900CE,25.0,36.4,17.4,29.55,25.8,24.2,61550.8,29.55,68040,33150,13196,24910749009.0,8689,F1,30,,,,,
2026-02-18,2026-02-18,FO,NSE,IDO,60405,,BANKNIFTY,,2026-02-24,2026-02-24,63300.0,CE,BANKNIFTY26FEB63300CE,16.05,20.3,10.8,16.65,15.5,15.6,61550.8,16.65,47940,12120,8849,16808283775.5,4764,F1,30,,,,,
2026-02-18,2026-02-18,FO,NSE,IDO,67837,,BANKNIFTY,,2026-04-28,2026-04-28,62800.0,PE,BANKNIFTY26APR62800PE,0.0,0.0,0.0,1779.7,1779.7,1779.7,61550.8,1732.65,180,0,0,0.0,0,F1,30,,,,,
2026-02-18,2026-02-18,FO,NSE,IDO,67918,,BANKNIFTY,,2026-04-28,2026-04-28,64500.0,PE,BANKNIFTY26APR64500PE,0.0,0.0,0.0,4778.65,0.0,4778.65,61550.8,2852.8,0,0,0,0.0,0,F1,30,,,,,
2026-02-18,2026-02-18,FO,NSE,IDO,68155,,BANKNIFTY,,2026-04-28,2026-04-28,65400.0,PE,BANKNIFTY26APR65400PE,0.0,0.0,0.0,5531.35,0.0,5531.35,61550.8,3550.6,0,0,0,0.0,0,F1,30,,,,,
2026-02-18,2026-02-18,FO,NSE,IDO,57722,,BANKNIFTY,,2026-06-30,2026-06-30,55500.0,PE,BANKNIFTY26JUN55500PE,0.0,0.0,0.0,2200.65,0.0,2200.65,61550.8,117.5,0,0,0,0.0,0,F1,30,,,,,
2026-02-18,2026-02-18,FO,NSE,IDO,57755,,BANKNIFTY,,2026-06-30,2026-06-30,60000.0,PE,BANKNIFTY26JUN60000PE,909.9,947.2,818.0,834.5,864.0,897.25,61550.8,834.5,10890,1530,109,199002793.5,96,F1,30,,,,,
2026-02-18,2026-02-18,FO,NSE,IDO,57807,,BANKNIFTY,,2026-06-30,2026-06-30,67500.0,PE,BANKNIFTY26JUN67500PE,0.0,0.0,0.0,8453.05,0.0,8453.05,61550.8,5114.4,0,0,0,0.0,0,F1,30,,,,,
2026-02-18,2026-02-18,FO,NSE,IDO,52283,,BANKNIFTY,,2026-09-29,2026-09-29,51000.0,PE,BANKNIFTY26SEP51000PE,0.0,0.0,0.0,1180.85,0.0,1180.85,61550.8,31.6,0,0,0,0.0,0,F1,30,,,,,
2026-02-18,2026-02-18,FO,NSE,IDO,53223,,BANKNIFTY,,2026-12-29,2026-12-29,52500.0,PE,BANKNIFTY26DEC52500PE,0.0,0.0,0.0,534.05,0.0,534.05,61550.8,127.05,0,0,0,0.0,0,F1,30,,,,,
2026-02-18,2026-02-18,FO,NSE,IDO,60422,,BANKNIFTY,,2026-02-24,2026-02-24,64100.0,CE,BANKNIFTY26FEB64100CE,6.9,9.35,6.3,7.75,8.45,8.6,61550.8,7.75,22230,-3150,999,1921306827.0,644,F1,30,,,,,
2026-02-18,2026-02-18,FO,NSE,IDO,60429,,BANKNIFTY,,2026-02-24,2026-02-24,64400.0,CE,BANKNIFTY26FEB64400CE,7.25,9.0,4.75,6.2,5.8,7.85,61550.8,6.2,15420,-1080,1612,3114695895.0,828,F1,30,,,,,
2026-02-18,2026-02-18,FO,NSE,IDO,60480,,BANKNIFTY,,2026-02-24,2026-02-24,65800.0,CE,BANKNIFTY26FEB65800CE,9.05,9.05,3.1,4.25,4.25,294.45,61550.8,4.25,510,510,85,167801215.5,21,F1,30,,,,,
2026-02-18,2026-02-18,FO,NSE,IDO,52726,,BANKNIFTY,,2026-03-30,2026-03-30,65900.0,CE,BANKNIFTY26MAR65900CE,0.0,0.0,0.0,279.7,0.0,279.7,61550.8,95.4,0,0,0,0.0,0,F1,30,,,,,
2026-02-18,2026-02-18,FO,NSE,IDO,60365,,BANKNIFTY,,2026-02-24,2026-02-24,62000.0,CE,BANKNIFTY26FEB62000CE,93.0,172.2,67.75,140.5,134.4,95.45,61550.8,140.5,833550,49500,194257,361946935320.0,119978,F1,30,,,,,
2026-02-18,2026-02-18,FO,NSE,IDO,60449,,BANKNIFTY,,2026-02-24,2026-02-24,65200.0,CE,BANKNIFTY26FEB65200CE,5.4,6.45,3.3,4.6,3.3,5.0,61550.8,4.6,11550,4080,2635,5154473910.0,1595,F1,30,,,,,
2026-02-18,2026-02-18,FO,NSE,IDO,60459,,BANKNIFTY,,2026-02-24,2026-02-24,65300.0,CE,BANKNIFTY26FEB65300CE,5.65,6.5,3.45,4.5,4.55,5.65,61550.8,4.5,4560,-840,438,858108844.5,233,F1,30,,,,,
2026-02-18,2026-02-18,FO,NSE,IDO,60521,,BANKNIFTY,,2026-02-24,2026-02-24,66000.0,CE,BANKNIFTY26FEB66000CE,4.7,4.7,3.5,3.85,3.65,4.25,61550.8,3.85,132690,-90,3931,7783846959.0,2055,F1,30,,,,,
2026-02-18,2026-02-18,FO,NSE,IDO,52416,,BANKNIFTY,,2026-03-30,2026-03-30,53600.0,CE,BANKNIFTY26MAR53600CE,0.0,0.0,0.0,5778.1,5778.1,5778.1,61550.8,8273.2,30,0,0,0.0,0,F1,30,,,,,
2026-02-18,2026-02-18,FO,NSE,IDO,52570,,BANKNIFTY,,2026-03-30,2026-03-30,59600.0,CE,BANKNIFTY26MAR59600CE,2251.0,2335.0,2250.95,2320.0,2320.0,2166.15,61550.8,2584.6,2400,180,7,12999957.0,7,F1,30,,,,,
2026-02-18,2026-02-18,FO,NSE,IDO,52640,,BANKNIFTY,,2026-03-30,2026-03-30,62500.0,CE,BANKNIFTY26MAR62500CE,458.55,617.4,420.05,582.15,583.5,449.55,61550.8,582.15,91080,18600,4314,8155681207.5,2489,F1,30,,,,,
2026-02-18,2026-02-18,FO,NSE,IDO,52680,,BANKNIFTY,,2026-03-30,2026-03-30,63700.0,CE,BANKNIFTY26MAR63700CE,0.0,0.0,0.0,622.3,0.0,622.3,61550.8,423.5,0,0,0,0.0,0,F1,30,,,,,
2026-02-18,2026-02-18,FO,NSE,IDO,52690,,BANKNIFTY,,2026-03-30,2026-03-30,64000.0,CE,BANKNIFTY26MAR64000CE,140.0,190.25,124.25,177.6,178.65,134.7,61550.8,177.6,150930,44370,5946,11444624085.0,3518,F1,30,,,,,
2026-02-18,2026-02-18,FO,NSE,IDO,52706,,BANKNIFTY,,2026-03-30,2026-03-30,64900.0,CE,BANKNIFTY26MAR64900CE,0.0,0.0,0.0,64.8,64.8,64.8,61550.8,197.15,810,0,0,0.0,0,F1,30,,,,,
2026-02-18,2026-02-18,FO,NSE,IDO,52714,,BANKNIFTY,,2026-03-30,2026-03-30,65300.0,CE,BANKNIFTY26MAR65300CE,0.0,0.0,0.0,351.65,0.0,351.65,61550.8,148.9,0,0,0,0.0,0,F1,30,,,,,
2026-02-18,2026-02-18,FO,NSE,IDO,67414,,BANKNIFTY,,2026-04-28,2026-04-28,51000.0,CE,BANKNIFTY26APR51000CE,0.0,0.0,0.0,9012.05,0.0,9012.05,61550.8,11078.55,0,0,0,0.0,0,F1,30,,,,,
2026-02-18,2026-02-18,FO,NSE,IDO,67454,,BANKNIFTY,,2026-04-28,2026-04-28,53000.0,CE,BANKNIFTY26APR53000CE,0.0,0.0,0.0,7110.95,0.0,7110.95,61550.8,9101.55,0,0,0,0.0,0,F1,30,,,,,
2026-02-18,2026-02-18,FO,NSE,IDO,67466,,BANKNIFTY,,2026-04-28,2026-04-28,53600.0,CE,BANKNIFTY26APR53600CE,0.0,0.0,0.0,6558.55,0.0,6558.55,61550.8,8510.05,0,0,0,0.0,0,F1,30,,,,,
2026-02-18,2026-02-18,FO,NSE,IDO,60255,,BANKNIFTY,,2026-02-24,2026-02-24,60600.0,CE,BANKNIFTY26FEB60600CE,729.4,1067.15,644.9,1002.5,986.9,715.3,61550.8,1002.5,124440,-27060,9678,17826087279.0,6654,F1,30,,,,,
2026-02-18,2026-02-18,FO,NSE,IDO,60245,,BANKNIFTY,,2026-02-24,2026-02-24,60100.0,CE,BANKNIFTY26FEB60100CE,1124.3,1520.0,1068.1,1466.95,1441.5,1114.9,61550.8,1466.95,51120,-12000,959,1764489528.0,599,F1,30,,,,,
2026-02-18,2026-02-18,FO,NSE,IDO,60217,,BANKNIFTY,,2026-02-24,2026-02-24,59300.0,CE,BANKNIFTY26FEB59300CE,1898.85,2183.2,1863.0,2183.2,2183.2,1855.1,61550.8,2308.6,24030,-600,55,101178933.0,29,F1,30,,,,,
2026-02-18,2026-02-18,FO,NSE,IDO,60208,,BANKNIFTY,,2026-02-24,2026-02-24,59000.0,CE,BANKNIFTY26FEB59000CE,2135.7,2580.45,2090.55,2516.1,2505.85,2145.65,61550.8,2516.1,180300,-11250,1084,1994328625.5,780,F1,30,,,,,
2026-02-18,2026-02-18,FO,NSE,IDO,60081,,BANKNIFTY,,2026-02-24,2026-02-24,58400.0,CE,BANKNIFTY26FEB58400CE,2789.6,3115.35,2789.6,3088.9,3111.9,2744.45,61550.8,3088.9,18180,-600,24,44180148.0,16,F1,30,,,,,
2026-02-18,2026-02-18,FO,NSE,IDO,59952,,BANKNIFTY,,2026-02-24,2026-02-24,54600.0,CE,BANKNIFTY26FEB54600CE,0.0,0.0,0.0,4264.6,4275.7,4264.6,61550.8,7000.15,60,0,0,0.0,0,F1,30,,,,,
2026-02-18,2026-02-18,FO,NSE,IDO,59936,,BANKNIFTY,,2026-02-24,2026-02-24,53900.0,CE,BANKNIFTY26FEB53900CE,0.0,0.0,0.0,4926.8,4937.9,4926.8,61550.8,7699.5,60,0,0,0.0,0,F1,30,,,,,
2026-02-18,2026-02-18,FO,NSE,IDO,59916,,BANKNIFTY,,2026-02-24,2026-02-24,53000.0,CE,BANKNIFTY26FEB53000CE,8180.0,8472.65,8150.8,8472.65,8472.65,8079.95,61550.8,8472.65,11760,-1980,78,143204238.0,53,F1,30,,,,,
2026-02-18,2026-02-18,FO,NSE,IDO,67480,,BANKNIFTY,,2026-04-28,2026-04-28,54300.0,CE,BANKNIFTY26APR54300CE,0.0,0.0,0.0,5929.4,0.0,5929.4,61550.8,7822.25,0,0,0,0.0,0,F1,30,,,,,
2026-02-18,2026-02-18,FO,NSE,IDO,67498,,BANKNIFTY,,2026-04-28,2026-04-28,55100.0,CE,BANKNIFTY26APR55100CE,0.0,0.0,0.0,5235.4,0.0,5235.4,61550.8,7041.3,0,0,0,0.0,0,F1,30,,,,,
2026-02-18,2026-02-18,FO,NSE,IDO,67510,,BANKNIFTY,,2026-04-28,2026-04-28,55200.0,CE,BANKNIFTY26APR55200CE,0.0,0.0,0.0,5150.85,0.0,5150.85,61550.8,6944.2,0,0,0,0.0,0,F1,30,,,,,
2026-02-18,2026-02-18,FO,NSE,IDO,67548,,BANKNIFTY,,2026-04-28,2026-04-28,57000.0,CE,BANKNIFTY26APR57000CE,4898.1,5146.9,4880.0,5146.8,5146.75,4850.0,61550.8,5146.8,1560,630,26,48318013.5,20,F1,30,,,,,
2026-02-18,2026-02-18,FO,NSE,IDO,67611,,BANKNIFTY,,2026-04-28,2026-04-28,58000.0,CE,BANKNIFTY26APR58000CE,3949.3,4305.5,3949.3,4264.1,4305.5,3625.0,61550.8,4264.1,1860,780,39,72745110.0,37,F1,30,,,,,
2026-02-18,2026-02-18,FO,NSE,IDO,67627,,BANKNIFTY,,2026-04-28,2026-04-28,58200.0,CE,BANKNIFTY26APR58200CE,4167.9,4167.9,4167.9,4167.9,4167.9,2904.6,61550.8,4167.9,60,60,2,3742074.0,1,F1,30,,,,,
2026-02-18,2026-02-18,FO,NSE,IDO,67706,,BANKNIFTY,,2026-04-28,2026-04-28,59600.0,CE,BANKNIFTY26APR59600CE,0.0,0.0,0.0,2091.7,0.0,2091.7,61550.8,3024.3,0,0,0,0.0,0,F1,30,,,,,
2026-02-18,2026-02-18,FO,NSE,IDO,67879,,BANKNIFTY,,2026-04-28,2026-04-28,63600.0,CE,BANKNIFTY26APR63600CE,0.0,0.0,0.0,646.0,0.0,646.0,61550.8,832.95,0,0,0,0.0,0,F1,30,,,,,
2026-02-18,2026-02-18,FO,NSE,IDO,67917,,BANKNIFTY,,2026-04-28,2026-04-28,64500.0,CE,BANKNIFTY26APR64500CE,0.0,0.0,0.0,471.85,0.0,471.85,61550.8,570.75,0,0,0,0.0,0,F1,30,,,,,
2026-02-18,2026-02-18,FO,NSE,IDO,53224,,BANKNIFTY,,2026-12-29,2026-12-29,54000.0,CE,BANKNIFTY26DEC54000CE,0.0,0.0,0.0,9099.9,0.0,9099.9,61550.8,10267.2,0,0,0,0.0,0,F1,30,,,,,
2026-02-18,2026-02-18,FO,NSE,IDO,59971,,BANKNIFTY,,2026-02-24,2026-02-24,55100.0,PE,BANKNIFTY26FEB55100PE,8.3,11.8,7.3,11.15,11.45,11.5,61550.8,11.15,2820,-240,377,623295810.0,226,F1,30,,,,,
2026-02-18,2026-02-18,FO,NSE,IDO,59990,,BANKNIFTY,,2026-02-24,2026-02-24,55900.0,PE,BANKNIFTY26FEB55900PE,11.5,14.2,8.9,13.3,13.15,14.65,61550.8,13.3,23040,450,1942,3257392242.0,1384,F1,30,,,,,
2026-02-18,2026-02-18,FO,NSE,IDO,60048,,BANKNIFTY,,2026-02-24,2026-02-24,57400.0,PE,BANKNIFTY26FEB57400PE,27.65,27.65,16.4,20.15,20.5,25.7,61550.8,20.15,37830,8220,4188,7214164102.5,3086,F1,30,,,,,
2026-02-18,2026-02-18,FO,NSE,IDO,60248,,BANKNIFTY,,2026-02-24,2026-02-24,60200.0,PE,BANKNIFTY26FEB60200PE,121.55,121.9,70.7,74.85,75.5,134.65,61550.8,74.85,292740,-21900,38079,68870782453.5,27857,F1,30,,,,,
2026-02-18,2026-02-18,FO,NSE,IDO,60269,,BANKNIFTY,,2026-02-24,2026-02-24,61000.0,PE,BANKNIFTY26FEB61000PE,339.85,349.9,171.45,181.1,180.5,351.8,61550.8,181.1,1186860,320130,222984,409681500484.5,144232,F1,30,,,,,
2026-02-18,2026-02-18,FO,NSE,IDO,60397,,BANKNIFTY,,2026-02-24,2026-02-24,63000.0,PE,BANKNIFTY26FEB63000PE,1866.4,1950.0,1474.1,1530.0,1543.3,1914.25,61550.8,1530.0,77520,2220,830,1610969608.5,487,F1,30,,,,,
2026-02-18,2026-02-18,FO,NSE,IDO,60417,,BANKNIFTY,,2026-02-24,2026-02-24,63800.0,PE,BANKNIFTY26FEB63800PE,0.0,0.0,0.0,4374.3,4374.3,4374.3,61550.8,2198.95,30,0,0,0.0,0,F1,30,,,,,
2026-02-18,2026-02-18,FO,NSE,IDO,60423,,BANKNIFTY,,2026-02-24,2026-02-24,64100.0,PE,BANKNIFTY26FEB64100PE,0.0,0.0,0.0,3713.0,3713.0,3713.0,61550.8,2494.6,150,0,0,0.0,0,F1,30,,,,,
2026-02-18,2026-02-18,FO,NSE,IDO,60436,,BANKNIFTY,,2026-02-24,2026-02-24,64700.0,PE,BANKNIFTY26FEB64700PE,0.0,0.0,0.0,5420.2,5420.2,5420.2,61550.8,3091.3,30,0,0,0.0,0,F1,30,,,,,
2026-02-18,2026-02-18,FO,NSE,IDO,60444,,BANKNIFTY,,2026-02-24,2026-02-24,64900.0,PE,BANKNIFTY26FEB64900PE,0.0,0.0,0.0,5161.75,5204.55,5161.75,61550.8,3290.85,60,0,0,0.0,0,F1,30,,,,,
2026-02-18,2026-02-18,FO,NSE,IDO,60446,,BANKNIFTY,,2026-02-24,2026-02-24,65000.0,PE,BANKNIFTY26FEB65000PE,3850.0,3939.0,3461.0,3512.55,3487.15,3879.15,61550.8,3512.55,68070,-3960,311,639963121.5,279,F1,30,,,,,
2026-02-18,2026-02-18,FO,NSE,IDO,60448,,BANKNIFTY,,2026-02-24,2026-02-24,65100.0,PE,BANKNIFTY26FEB65100PE,0.0,0.0,0.0,5360.35,5401.4,5360.35,61550.8,3490.5,60,0,0,0.0,0,F1,30,,,,,
2026-02-18,2026-02-18,FO,NSE,IDO,52457,,BANKNIFTY,,2026-03-30,2026-03-30,55000.0,PE,BANKNIFTY26MAR55000PE,55.05,58.4,40.05,48.85,51.2,58.55,61550.8,48.85,196080,-8910,2342,3868045140.0,1191,F1,30,,,,,
2026-02-18,2026-02-18,FO,NSE,IDO,52481,,BANKNIFTY,,2026-03-30,2026-03-30,56200.0,PE,BANKNIFTY26MAR56200PE,72.2,72.6,72.2,72.6,72.6,76.0,61550.8,11.65,1200,60,11,18569886.0,3,F1,30,,,,,
2026-02-18,2026-02-18,FO,NSE,IDO,52513,,BANKNIFTY,,2026-03-30,2026-03-30,57400.0,PE,BANKNIFTY26MAR57400PE,110.25,110.5,108.65,109.9,108.65,118.3,61550.8,109.9,2190,-300,25,43132590.0,12,F1,30,,,,,
2026-02-18,2026-02-18,FO,NSE,IDO,52519,,BANKNIFTY,,2026-03-30,2026-03-30,57700.0,PE,BANKNIFTY26MAR57700PE,130.0,132.45,111.0,123.15,121.0,133.2,61550.8,123.15,3000,900,125,216827731.5,48,F1,30,,,,,
2026-02-18,2026-02-18,FO,NSE,IDO,52533,,BANKNIFTY,,2026-03-30,2026-03-30,58200.0,PE,BANKNIFTY26MAR58200PE,169.6,169.6,147.9,153.15,147.9,173.3,61550.8,153.15,2760,-540,49,85793394.0,20,F1,30,,,,,
2026-02-18,2026-02-18,FO,NSE,IDO,52563,,BANKNIFTY,,2026-03-30,2026-03-30,59200.0,PE,BANKNIFTY26MAR59200PE,275.0,277.6,242.35,245.65,242.4,277.75,61550.8,245.65,10770,390,186,331746364.5,113,F1,30,,,,,
2026-02-18,2026-02-18,FO,NSE,IDO,52565,,BANKNIFTY,,2026-03-30,2026-03-30,59300.0,PE,BANKNIFTY26MAR59300PE,279.55,290.0,249.8,255.9,256.35,293.8,61550.8,255.9,7860,1830,247,441411333.0,132,F1,30,,,,,
2026-02-18,2026-02-18,FO,NSE,IDO,52575,,BANKNIFTY,,2026-03-30,2026-03-30,59700.0,PE,BANKNIFTY26MAR59700PE,346.05,360.65,304.5,311.6,310.1,351.3,61550.8,311.6,35940,24630,1101,1982523507.0,464,F1,30,,,,,
2026-02-18,2026-02-18,FO,NSE,IDO,52589,,BANKNIFTY,,2026-03-30,2026-03-30,60300.0,PE,BANKNIFTY26MAR60300PE,485.0,493.0,417.5,422.3,419.9,498.95,61550.8,422.3,31050,8280,1538,2803501293.0,503,F1,30,,,,,
2026-02-18,2026-02-18,FO,NSE,IDO,52603,,BANKNIFTY,,2026-03-30,2026-03-30,60900.0,PE,BANKNIFTY26MAR60900PE,666.05,676.75,555.2,569.7,568.15,679.4,61550.8,569.7,21180,1770,605,1116451959.0,414,F1,30,,,,,
2026-02-18,2026-02-18,FO,NSE,IDO,52609,,BANKNIFTY,,2026-03-30,2026-03-30,61100.0,PE,BANKNIFTY26MAR61100PE,745.6,756.0,617.9,630.6,633.45,752.6,61550.8,630.6,26670,11820,2399,4447285369.5,1232,F1,30,,,,,
2026-02-18,2026-02-18,FO,NSE,IDO,52629,,BANKNIFTY,,2026-03-30,2026-03-30,61900.0,PE,BANKNIFTY26MAR61900PE,1084.0,1102.0,916.95,937.7,931.1,1117.35,61550.8,937.7,12630,8760,586,1105229782.5,296,F1,30,,,,,
2026-02-18,2026-02-18,FO,NSE,IDO,52723,,BANKNIFTY,,2026-03-30,2026-03-30,65700.0,PE,BANKNIFTY26MAR65700PE,0.0,0.0,0.0,5858.1,0.0,5858.1,61550.8,3865.45,0,0,0,0.0,0,F1,30,,,,,
2026-02-18,2026-02-18,FO,NSE,IDO,67445,,BANKNIFTY,,2026-04-28,2026-04-28,52500.0,PE,BANKNIFTY26APR52500PE,0.0,0.0,0.0,69.4,0.0,69.4,61550.8,1.45,0,0,0,0.0,0,F1,30,,,,,
2026-02-18,2026-02-18,FO,NSE,IDO,67477,,BANKNIFTY,,2026-04-28,2026-04-28,54100.0,PE,BANKNIFTY26APR54100PE,0.0,0.0,0.0,173.3,0.0,173.3,61550.8,8.05,0,0,0,0.0,0,F1,30,,,,,
2026-02-18,2026-02-18,FO,NSE,IDO,67487,,BANKNIFTY,,2026-04-28,2026-04-28,54500.0,PE,BANKNIFTY26APR54500PE,0.0,0.0,0.0,213.1,0.0,213.1,61550.8,11.85,0,0,0,0.0,0,F1,30,,,,,
2026-02-18,2026-02-18,FO,NSE,IDO,67493,,BANKNIFTY,,2026-04-28,2026-04-28,54800.0,PE,BANKNIFTY26APR54800PE,0.0,0.0,0.0,247.5,0.0,247.5,61550.8,15.7,0,0,0,0.0,0,F1,30,,,,,
2026-02-18,2026-02-18,FO,NSE,IDO,67541,,BANKNIFTY,,2026-04-28,2026-04-28,56600.0,PE,BANKNIFTY26APR56600PE,0.0,0.0,0.0,554.25,0.0,554.25,61550.8,70.0,0,0,0,0.0,0,F1,30,,,,,
2026-02-18,2026-02-18,FO,NSE,IDO,67723,,BANKNIFTY,,2026-04-28,2026-04-28,60400.0,PE,BANKNIFTY26APR60400PE,0.0,0.0,0.0,761.4,758.05,761.4,61550.8,674.85,150,0,0,0.0,0,F1,30,,,,,
2026-02-18,2026-02-18,FO,NSE,IDO,67832,,BANKNIFTY,,2026-04-28,2026-04-28,62600.0,PE,BANKNIFTY26APR62600PE,0.0,0.0,0.0,1651.2,1651.2,1651.2,61550.8,1620.3,210,0,0,0.0,0,F1,30,,,,,
2026-02-18,2026-02-18,FO,NSE,IDO,67878,,BANKNIFTY,,2026-04-28,2026-04-28,63500.0,PE,BANKNIFTY26APR63500PE,1943.45,1971.8,1940.0,1948.8,1971.65,2184.75,61550.8,1948.8,540,360,20,39269280.0,14,F1,30,,,,,
2026-02-18,2026-02-18,FO,NSE,IDO,67888,,BANKNIFTY,,2026-04-28,2026-04-28,64000.0,PE,BANKNIFTY26APR64000PE,2500.0,2546.5,2315.8,2315.85,2315.85,2751.0,61550.8,2315.85,720,-300,34,67689522.0,20,F1,30,,,,,
2026-02-18,2026-02-18,FO,NSE,IDO,67892,,BANKNIFTY,,2026-04-28,2026-04-28,64200.0,PE,BANKNIFTY26APR64200PE,0.0,0.0,0.0,4536.4,0.0,4536.4,61550.8,2635.0,0,0,0,0.0,0,F1,30,,,,,
2026-02-18,2026-02-18,FO,NSE,IDO,67916,,BANKNIFTY,,2026-04-28,2026-04-28,64400.0,PE,BANKNIFTY26APR64400PE,0.0,0.0,0.0,4697.4,0.0,4697.4,61550.8,2779.3,0,0,0,0.0,0,F1,30,,,,,
2026-02-18,2026-02-18,FO,NSE,IDO,67920,,BANKNIFTY,,2026-04-28,2026-04-28,64600.0,PE,BANKNIFTY26APR64600PE,0.0,0.0,0.0,4860.4,0.0,4860.4,61550.8,2927.1,0,0,0,0.0,0,F1,30,,,,,
2026-02-18,2026-02-18,FO,NSE,IDO,68178,,BANKNIFTY,,2026-04-28,2026-04-28,65800.0,PE,BANKNIFTY26APR65800PE,0.0,0.0,0.0,5877.0,0.0,5877.0,61550.8,3879.65,0,0,0,0.0,0,F1,30,,,,,
2026-02-18,2026-02-18,FO,NSE,IDO,52427,,BANKNIFTY,,2026-09-29,2026-09-29,67500.0,PE,BANKNIFTY26SEP67500PE,0.0,0.0,0.0,9969.75,0.0,9969.75,61550.8,4873.2,0,0,0,0.0,0,F1,30,,,,,
2026-02-18,2026-02-18,FO,NSE,IDO,53229,,BANKNIFTY,,2026-12-29,2026-12-29,57000.0,PE,BANKNIFTY26DEC57000PE,0.0,0.0,0.0,1442.5,0.0,1442.5,61550.8,570.0,0,0,0,0.0,0,F1,30,,,,,
2026-02-18,2026-02-18,FO,NSE,IDO,53255,,BANKNIFTY,,2026-12-29,2026-12-29,69000.0,PE,BANKNIFTY26DEC69000PE,0.0,0.0,0.0,7449.1,0.0,7449.1,61550.8,5684.85,0,0,0,0.0,0,F1,30,,,,,
2026-02-18,2026-02-18,FO,NSE,IDO,60270,,BANKNIFTY,,2026-02-24,2026-02-24,61100.0,CE,BANKNIFTY26FEB61100CE,398.35,658.25,328.1,595.0,583.5,398.35,61550.8,595.0,175560,-181920,125900,232373890639.5,88941,F1,30,,,,,
2026-02-18,2026-02-18,FO,NSE,IDO,60355,,BANKNIFTY,,2026-02-24,2026-02-24,61800.0,CE,BANKNIFTY26FEB61800CE,134.3,244.65,97.4,206.0,195.5,134.3,61550.8,206.0,181140,58260,71712,133300263529.5,50621,F1,30,,,,,
2026-02-18,2026-02-18,FO,NSE,IDO,67863,,BANKNIFTY,,2026-04-28,2026-04-28,63300.0,CE,BANKNIFTY26APR63300CE,0.0,0.0,0.0,716.45,0.0,716.45,61550.8,937.7,0,0,0,0.0,0,F1,30,,,,,
2026-02-18,2026-02-18,FO,NSE,IDO,67877,,BANKNIFTY,,2026-04-28,2026-04-28,63500.0,CE,BANKNIFTY26APR63500CE,0.0,0.0,0.0,668.15,0.0,668.15,61550.8,866.85,0,0,0,0.0,0,F1,30,,,,,
2026-02-18,2026-02-18,FO,NSE,IDO,68180,,BANKNIFTY,,2026-04-28,2026-04-28,65900.0,CE,BANKNIFTY26APR65900CE,0.0,0.0,0.0,279.0,0.0,279.0,61550.8,295.95,0,0,0,0.0,0,F1,30,,,,,
2026-02-18,2026-02-18,FO,NSE,IDO,52334,,BANKNIFTY,,2026-09-29,2026-09-29,57000.0,CE,BANKNIFTY26SEP57000CE,0.0,0.0,0.0,4285.45,0.0,4285.45,61550.8,6868.05,0,0,0,0.0,0,F1,30,,,,,
2026-02-18,2026-02-18,FO,NSE,IDO,52426,,BANKNIFTY,,2026-09-29,2026-09-29,67500.0,CE,BANKNIFTY26SEP67500CE,0.0,0.0,0.0,1102.1,0.0,1102.1,61550.8,1154.5,0,0,0,0.0,0,F1,30,,,,,
2026-02-18,2026-02-18,FO,NSE,IDO,53248,,BANKNIFTY,,2026-12-29,2026-12-29,64500.0,CE,BANKNIFTY26DEC64500CE,0.0,0.0,0.0,3029.8,0.0,3029.8,61550.8,3012.45,0,0,0,0.0,0,F1,30,,,,,
2026-02-18,2026-02-18,FO,NSE,IDO,59888,,BANKNIFTY,,2026-02-24,2026-02-24,52000.0,PE,BANKNIFTY26FEB52000PE,4.0,5.1,3.5,4.9,4.75,4.9,61550.8,4.9,190830,-6390,6809,10622883136.5,2954,F1,30,,,,,
2026-02-18,2026-02-18,FO,NSE,IDO,59951,,BANKNIFTY,,2026-02-24,2026-02-24,54500.0,PE,BANKNIFTY26FEB54500PE,8.15,11.5,6.3,9.65,9.4,9.4,61550.8,9.65,138840,29820,7280,11904613534.5,3779,F1,30,,,,,
2026-02-18,2026-02-18,FO,NSE,IDO,59953,,BANKNIFTY,,2026-02-24,2026-02-24,54600.0,PE,BANKNIFTY26FEB54600PE,7.6,12.0,6.4,10.35,9.75,10.35,61550.8,10.35,3330,-270,182,298165306.5,148,F1,30,,,,,
2026-02-18,2026-02-18,FO,NSE,IDO,60003,,BANKNIFTY,,2026-02-24,2026-02-24,56100.0,PE,BANKNIFTY26FEB56100PE,10.8,15.05,8.7,14.1,13.75,15.6,61550.8,14.1,14220,-5790,1544,2599091275.5,977,F1,30,,,,,
2026-02-18,2026-02-18,FO,NSE,IDO,60019,,BANKNIFTY,,2026-02-24,2026-02-24,56300.0,PE,BANKNIFTY26FEB56300PE,13.0,16.0,10.5,15.0,14.45,17.35,61550.8,15.0,29760,6930,2175,3674439876.0,1513,F1,30,,,,,
2026-02-18,2026-02-18,FO,NSE,IDO,60042,,BANKNIFTY,,2026-02-24,2026-02-24,57200.0,PE,BANKNIFTY26FEB57200PE,19.15,20.8,15.25,18.65,17.65,23.85,61550.8,18.65,64470,30810,6628,11377274316.0,3643,F1,30,,,,,
2026-02-18,2026-02-18,FO,NSE,IDO,60209,,BANKNIFTY,,2026-02-24,2026-02-24,59000.0,PE,BANKNIFTY26FEB59000PE,40.0,40.95,31.15,35.5,36.35,47.65,61550.8,35.5,982950,77100,90789,160791331809.0,38882,F1,30,,,,,
2026-02-18,2026-02-18,FO,NSE,IDO,60073,,BANKNIFTY,,2026-02-24,2026-02-24,58200.0,CE,BANKNIFTY26FEB58200CE,3051.0,3284.85,2879.95,3284.85,3284.85,2932.25,61550.8,3284.85,11010,-330,36,66136449.0,15,F1,30,,,,,
2026-02-18,2026-02-18,FO,NSE,IDO,60057,,BANKNIFTY,,2026-02-24,2026-02-24,57700.0,CE,BANKNIFTY26FEB57700CE,0.0,0.0,0.0,3587.5,3587.5,3587.5,61550.8,3902.95,5070,0,0,0.0,0,F1,30,,,,,
2026-02-18,2026-02-18,FO,NSE,IDO,60047,,BANKNIFTY,,2026-02-24,2026-02-24,57400.0,CE,BANKNIFTY26FEB57400CE,0.0,0.0,0.0,3600.2,3600.1,3600.2,61550.8,4202.65,2910,0,0,0.0,0,F1,30,,,,,
2026-02-18,2026-02-18,FO,NSE,IDO,52413,,BANKNIFTY,,2026-09-29,2026-09-29,64500.0,PE,BANKNIFTY26SEP64500PE,0.0,0.0,0.0,7730.9,0.0,7730.9,61550.8,2973.0,0,0,0,0.0,0,F1,30,,,,,
2026-02-18,2026-02-18,FO,NSE,IDO,52359,,BANKNIFTY,,2026-09-29,2026-09-29,58500.0,PE,BANKNIFTY26SEP58500PE,0.0,0.0,0.0,4011.0,0.0,4011.0,61550.8,703.75,0,0,0,0.0,0,F1,30,,,,,
2026-02-18,2026-02-18,FO,NSE,IDO,57775,,BANKNIFTY,,2026-06-30,2026-06-30,64500.0,PE,BANKNIFTY26JUN64500PE,0.0,0.0,0.0,6493.65,0.0,6493.65,61550.8,2922.75,0,0,0,0.0,0,F1,30,,,,,
2026-02-18,2026-02-18,FO,NSE,IDO,57747,,BANKNIFTY,,2026-06-30,2026-06-30,57000.0,PE,BANKNIFTY26JUN57000PE,0.0,0.0,0.0,2736.2,0.0,2736.2,61550.8,249.35,0,0,0,0.0,0,F1,30,,,,,
2026-02-18,2026-02-18,FO,NSE,IDO,68307,,BANKNIFTY,,2026-04-28,2026-04-28,68500.0,PE,BANKNIFTY26APR68500PE,0.0,0.0,0.0,8339.05,0.0,8339.05,61550.8,6310.5,0,0,0,0.0,0,F1,30,,,,,
2026-02-18,2026-02-18,FO,NSE,IDO,68187,,BANKNIFTY,,2026-04-28,2026-04-28,66200.0,PE,BANKNIFTY26APR66200PE,0.0,0.0,0.0,6228.6,0.0,6228.6,61550.8,4218.8,0,0,0,0.0,0,F1,30,,,,,
2026-02-18,2026-02-18,FO,NSE,IDO,68185,,BANKNIFTY,,2026-04-28,2026-04-28,66100.0,PE,BANKNIFTY26APR66100PE,0.0,0.0,0.0,6140.2,0.0,6140.2,61550.8,4133.1,0,0,0,0.0,0,F1,30,,,,,
2026-02-18,2026-02-18,FO,NSE,IDO,68168,,BANKNIFTY,,2026-04-28,2026-04-28,65700.0,PE,BANKNIFTY26APR65700PE,0.0,0.0,0.0,5790.0,0.0,5790.0,61550.8,3796.4,0,0,0,0.0,0,F1,30,,,,,
2026-02-18,2026-02-18,FO,NSE,IDO,59928,,BANKNIFTY,,2026-02-24,2026-02-24,53600.0,CE,BANKNIFTY26FEB53600CE,0.0,0.0,0.0,5674.9,5674.9,5674.9,61550.8,7999.25,30,0,0,0.0,0,F1,30,,,,,
2026-02-18,2026-02-18,FO,NSE,IDO,59942,,BANKNIFTY,,2026-02-24,2026-02-24,54200.0,CE,BANKNIFTY26FEB54200CE,0.0,0.0,0.0,4641.2,4652.3,4641.2,61550.8,7399.8,60,0,0,0.0,0,F1,30,,,,,
2026-02-18,2026-02-18,FO,NSE,IDO,59944,,BANKNIFTY,,2026-02-24,2026-02-24,54300.0,CE,BANKNIFTY26FEB54300CE,0.0,0.0,0.0,4547.0,4557.5,4547.0,61550.8,7299.85,30,0,0,0.0,0,F1,30,,,,,
2026-02-18,2026-02-18,FO,NSE,STO,47119,,BSE,,2026-02-24,2026-02-24,3550.0,PE,BSE26FEB3550PE,0.0,0.0,0.0,773.4,0.0,773.4,2824.0,722.8,0,0,0,0.0,0,F1,375,,,,,
2026-02-18,2026-02-18,FO,NSE,STO,94902,,BSE,,2026-03-30,2026-03-30,3450.0,PE,BSE26MAR3450PE,0.0,0.0,0.0,728.75,0.0,728.75,2824.0,638.1,0,0,0,0.0,0,F1,375,,,,,
2026-02-18,2026-02-18,FO,NSE,STO,95049,,BSE,,2026-04-28,2026-04-28,3500.0,PE,BSE26APR3500PE,0.0,0.0,0.0,800.0,0.0,800.0,2824.0,707.05,0,0,0,0.0,0,F1,375,,,,,
2026-02-18,2026-02-18,FO,NSE,STO,82310,,BSE,,2026-02-24,2026-02-24,2050.0,CE,BSE26FEB2050CE,0.0,0.0,0.0,592.6,0.0,592.6,2824.0,775.85,0,0,0,0.0,0,F1,375,,,,,
2026-02-18,2026-02-18,FO,NSE,STO,82314,,BSE,,2026-02-24,2026-02-24,2250.0,CE,BSE26FEB2250CE,0.0,0.0,0.0,597.95,597.95,597.95,2824.0,576.05,1125,0,0,0.0,0,F1,375,,,,,
2026-02-18,2026-02-18,FO,NSE,STO,82554,,BSE,,2026-03-30,2026-03-30,3500.0,CE,BSE26MAR3500CE,13.75,15.25,11.3,11.95,12.0,13.6,2824.0,11.95,272250,7875,255,335910243.75,195,F1,375,,,,,
2026-02-18,2026-02-18,FO,NSE,STO,94981,,BSE,,2026-04-28,2026-04-28,2700.0,CE,BSE26APR2700CE,0.0,0.0,0.0,367.2,0.0,367.2,2824.0,326.7,0,0,0,0.0,0,F1,375,,,,,
2026-02-18,2026-02-18,FO,NSE,STO,82273,,BSE,,2026-02-24,2026-02-24,2100.0,PE,BSE26FEB2100PE,0.55,0.75,0.3,0.5,0.45,1.1,2824.0,0.5,44625,-9000,74,58290787.5,47,F1,375,,,,,
2026-02-18,2026-02-18,FO,NSE,STO,82357,,BSE,,2026-02-24,2026-02-24,2900.0,PE,BSE26FEB2900PE,151.0,157.2,101.0,103.95,103.85,173.9,2824.0,103.95,489000,-62250,1455,1648383656.25,1260,F1,375,,,,,
2026-02-18,2026-02-18,FO,NSE,STO,82355,,BSE,,2026-02-24,2026-02-24,3250.0,PE,BSE26FEB3250PE,454.15,454.8,427.95,427.95,427.95,504.8,2824.0,424.25,44250,-10125,38,52585818.75,38,F1,375,,,,,
2026-02-18,2026-02-18,FO,NSE,STO,82365,,BSE,,2026-02-24,2026-02-24,3300.0,PE,BSE26FEB3300PE,506.85,506.85,489.05,500.0,500.0,562.0,2824.0,473.65,61875,-1500,12,17075418.75,7,F1,375,,,,,
2026-02-18,2026-02-18,FO,NSE,STO,94809,,BSE,,2026-03-30,2026-03-30,2050.0,PE,BSE26MAR2050PE,9.5,9.5,9.5,9.5,9.5,9.5,2824.0,4.15,750,0,1,772312.5,1,F1,375,,,,,
2026-02-18,2026-02-18,FO,NSE,STO,94815,,BSE,,2026-03-30,2026-03-30,2350.0,PE,BSE26MAR2350PE,24.95,25.9,16.2,16.2,16.2,33.9,2824.0,16.2,11250,-1875,20,17783212.5,19,F1,375,,,,,
2026-02-18,2026-02-18,FO,NSE,STO,82446,,BSE,,2026-03-30,2026-03-30,2500.0,PE,BSE26MAR2500PE,56.05,56.1,36.4,38.0,38.45,64.05,2824.0,38.0,208125,15000,676,644676712.5,517,F1,375,,,,,
2026-02-18,2026-02-18,FO,NSE,STO,94823,,BSE,,2026-03-30,2026-03-30,2750.0,PE,BSE26MAR2750PE,142.0,142.0,105.0,106.0,107.95,153.15,2824.0,106.0,66000,-24750,240,258380962.5,170,F1,375,,,,,
2026-02-18,2026-02-18,FO,NSE,STO,95034,,BSE,,2026-04-28,2026-04-28,3300.0,PE,BSE26APR3300PE,0.0,0.0,0.0,644.3,0.0,644.3,2824.0,545.8,0,0,0,0.0,0,F1,375,,,,,
2026-02-18,2026-02-18,FO,NSE,STO,82328,,BSE,,2026-02-24,2026-02-24,2750.0,CE,BSE26FEB2750CE,79.95,104.95,77.0,94.55,94.0,71.15,2824.0,94.55,303750,-299250,5854,6236983050.0,5067,F1,375,,,,,
2026-02-18,2026-02-18,FO,NSE,STO,82343,,BSE,,2026-02-24,2026-02-24,2600.0,CE,BSE26FEB2600CE,190.2,226.8,188.8,226.25,225.95,174.9,2824.0,226.25,236250,-26625,213,224292881.25,178,F1,375,,,,,
2026-02-18,2026-02-18,FO,NSE,STO,82332,,BSE,,2026-02-24,2026-02-24,2950.0,CE,BSE26FEB2950CE,17.5,23.2,11.75,15.45,15.6,15.25,2824.0,15.45,472875,-53625,8446,9394516293.75,7280,F1,375,,,,,
2026-02-18,2026-02-18,FO,NSE,STO,82339,,BSE,,2026-02-24,2026-02-24,3150.0,PE,BSE26FEB3150PE,346.85,369.6,328.2,332.05,334.9,406.45,2824.0,332.05,175125,-9375,46,60309918.75,42,F1,375,,,,,
2026-02-18,2026-02-18,FO,NSE,STO,94817,,BSE,,2026-03-30,2026-03-30,2450.0,PE,BSE26MAR2450PE,0.0,0.0,0.0,114.6,0.0,114.6,2824.0,46.6,0,0,0,0.0,0,F1,375,,,,,
2026-02-18,2026-02-18,FO,NSE,STO,94830,,BSE,,2026-03-30,2026-03-30,3050.0,PE,BSE26MAR3050PE,0.0,0.0,0.0,290.0,290.0,290.0,2824.0,318.4,3750,0,0,0.0,0,F1,375,,,,,
2026-02-18,2026-02-18,FO,NSE,STO,94900,,BSE,,2026-03-30,2026-03-30,3350.0,PE,BSE26MAR3350PE,0.0,0.0,0.0,647.0,0.0,647.0,2824.0,551.25,0,0,0,0.0,0,F1,375,,,,,
2026-02-18,2026-02-18,FO,NSE,STO,94922,,BSE,,2026-04-28,2026-04-28,2300.0,PE,BSE26APR2300PE,0.0,0.0,0.0,54.0,54.0,54.0,2824.0,49.55,0,0,0,0.0,0,F1,375,,,,,
2026-02-18,2026-02-18,FO,NSE,STO,94939,,BSE,,2026-04-28,2026-04-28,2400.0,PE,BSE26APR2400PE,0.0,0.0,0.0,138.4,0.0,138.4,2824.0,71.65,0,0,0,0.0,0,F1,375,,,,,
2026-02-18,2026-02-18,FO,NSE,STO,82320,,BSE,,2026-02-24,2026-02-24,2400.0,PE,BSE26FEB2400PE,4.5,4.5,1.45,1.7,1.65,5.0,2824.0,1.7,235500,-16125,784,706303237.5,527,F1,375,,,,,
2026-02-18,2026-02-18,FO,NSE,STO,82319,,BSE,,2026-02-24,2026-02-24,2400.0,CE,BSE26FEB2400CE,380.0,380.0,380.0,380.0,380.0,360.0,2824.0,426.5,13875,0,2,2085000.0,2,F1,375,,,,,
2026-02-18,2026-02-18,FO,NSE,STO,82347,,BSE,,2026-02-24,2026-02-24,2700.0,CE,BSE26FEB2700CE,110.0,141.0,107.95,133.65,132.4,98.9,2824.0,133.65,311625,-76500,2519,2669451262.5,2190,F1,375,,,,,
2026-02-18,2026-02-18,FO,NSE,STO,47112,,BSE,,2026-02-24,2026-02-24,3550.0,CE,BSE26FEB3550CE,1.2,1.5,0.7,0.75,0.75,1.25,2824.0,0.75,98625,-11625,149,198406875.0,124,F1,375,,,,,
2026-02-18,2026-02-18,FO,NSE,STO,82445,,BSE,,2026-03-30,2026-03-30,2500.0,CE,BSE26MAR2500CE,350.0,375.0,347.0,365.0,365.0,320.0,2824.0,397.2,21000,5250,41,44033887.5,29,F1,375,,,,,
2026-02-18,2026-02-18,FO,NSE,STO,82449,,BSE,,2026-03-30,2026-03-30,2700.0,CE,BSE26MAR2700CE,209.95,235.0,209.95,226.5,229.15,198.95,2824.0,226.5,99000,15000,296,324489693.75,225,F1,375,,,,,
2026-02-18,2026-02-18,FO,NSE,STO,94827,,BSE,,2026-03-30,2026-03-30,2950.0,CE,BSE26MAR2950CE,103.95,111.4,95.0,101.5,100.5,90.75,2824.0,101.5,19875,9750,65,74388562.5,65,F1,375,,,,,
2026-02-18,2026-02-18,FO,NSE,STO,94979,,BSE,,2026-04-28,2026-04-28,2600.0,CE,BSE26APR2600CE,0.0,0.0,0.0,418.4,0.0,418.4,2824.0,384.85,0,0,0,0.0,0,F1,375,,,,,
2026-02-18,2026-02-18,FO,NSE,STO,95046,,BSE,,2026-04-28,2026-04-28,3400.0,CE,BSE26APR3400CE,0.0,0.0,0.0,134.0,0.0,134.0,2824.0,83.85,0,0,0,0.0,0,F1,375,,,,,
2026-02-18,2026-02-18,FO,NSE,STO,82331,,BSE,,2026-02-24,2026-02-24,2850.0,PE,BSE26FEB2850PE,110.0,110.0,67.8,70.05,69.45,133.7,2824.0,70.05,292125,7875,1722,1895149087.5,1417,F1,375,,,,,
2026-02-18,2026-02-18,FO,NSE,STO,82272,,BSE,,2026-02-24,2026-02-24,2100.0,CE,BSE26FEB2100CE,0.0,0.0,0.0,830.5,0.0,830.5,2824.0,725.9,0,0,0,0.0,0,F1,375,,,,,
2026-02-18,2026-02-18,FO,NSE,STF,51835,,BSE,,2026-03-30,2026-03-30,,,BSE26MARFUT,2780.0,2843.1,2780.0,2838.4,2838.0,2764.5,2824.0,2838.4,3316875,1009125,6524,6902271750.0,4973,F1,375,,,,,
2026-02-18,2026-02-18,FO,NSE,STF,59277,,BSE,,2026-02-24,2026-02-24,,,BSE26FEBFUT,2769.0,2826.5,2763.2,2821.0,2819.8,2748.8,2824.0,2821.0,8457375,-921000,14299,15035144925.0,11599,F1,375,,,,,
2026-02-18,2026-02-18,FO,NSE,STO,82451,,BSE,,2026-03-30,2026-03-30,2800.0,CE,BSE26MAR2800CE,157.9,179.0,156.0,167.65,166.9,148.45,2824.0,167.65,337500,17250,1302,1448605143.75,1136,F1,375,,,,,
2026-02-18,2026-02-18,FO,NSE,STO,94980,,BSE,,2026-04-28,2026-04-28,2600.0,PE,BSE26APR2600PE,0.0,0.0,0.0,217.35,0.0,217.35,2824.0,133.95,0,0,0,0.0,0,F1,375,,,,,
2026-02-18,2026-02-18,FO,NSE,STO,94920,,BSE,,2026-04-28,2026-04-28,2200.0,PE,BSE26APR2200PE,0.0,0.0,0.0,80.1,0.0,80.1,2824.0,32.75,0,0,0,0.0,0,F1,375,,,,,
2026-02-18,2026-02-18,FO,NSE,STO,82462,,BSE,,2026-03-30,2026-03-30,3000.0,PE,BSE26MAR3000PE,278.95,278.95,243.0,243.0,243.0,307.8,2824.0,243.0,134625,35250,167,204153656.25,130,F1,375,,,,,
2026-02-18,2026-02-18,FO,NSE,STO,82474,,BSE,,2026-03-30,2026-03-30,3200.0,PE,BSE26MAR3200PE,405.0,420.4,395.0,396.0,396.0,464.65,2824.0,396.0,199125,6375,64,86678887.5,47,F1,375,,,,,
2026-02-18,2026-02-18,FO,NSE,STO,94828,,BSE,,2026-03-30,2026-03-30,2950.0,PE,BSE26MAR2950PE,0.0,0.0,0.0,279.8,279.8,279.8,2824.0,253.05,750,0,0,0.0,0,F1,375,,,,,
2026-02-18,2026-02-18,FO,NSE,STO,82440,,BSE,,2026-03-30,2026-03-30,2200.0,PE,BSE26MAR2200PE,14.7,14.7,8.7,9.1,9.25,16.6,2824.0,9.1,44625,375,122,101135737.5,116,F1,375,,,,,
2026-02-18,2026-02-18,FO,NSE,STO,82359,,BSE,,2026-02-24,2026-02-24,3000.0,PE,BSE26FEB3000PE,231.0,234.85,184.2,189.6,189.15,259.45,2824.0,189.6,477750,-49500,583,700409437.5,521,F1,375,,,,,
2026-02-18,2026-02-18,FO,NSE,STO,95001,,BSE,,2026-04-28,2026-04-28,2900.0,CE,BSE26APR2900CE,0.0,0.0,0.0,279.65,0.0,279.65,2824.0,229.7,0,0,0,0.0,0,F1,375,,,,,
2026-02-18,2026-02-18,FO,NSE,STO,82529,,BSE,,2026-03-30,2026-03-30,3300.0,CE,BSE26MAR3300CE,27.8,32.0,24.0,26.15,26.35,26.85,2824.0,26.15,208875,26250,479,597582693.75,397,F1,375,,,,,
2026-02-18,2026-02-18,FO,NSE,STO,82447,,BSE,,2026-03-30,2026-03-30,2600.0,CE,BSE26MAR2600CE,274.25,303.95,274.25,289.95,289.95,245.05,2824.0,326.6,15750,1500,19,20617837.5,15,F1,375,,,,,
2026-02-18,2026-02-18,FO,NSE,STO,94826,,BSE,,2026-03-30,2026-03-30,2850.0,PE,BSE26MAR2850PE,171.8,175.8,151.2,151.2,151.2,210.95,2824.0,151.2,39000,6000,19,21454668.75,18,F1,375,,,,,
2026-02-18,2026-02-18,FO,NSE,STO,82464,,BSE,,2026-03-30,2026-03-30,3100.0,PE,BSE26MAR3100PE,331.0,350.0,311.35,313.35,313.95,388.85,2824.0,313.35,27750,-5250,44,56563312.5,28,F1,375,,,,,
2026-02-18,2026-02-18,FO,NSE,STO,94982,,BSE,,2026-04-28,2026-04-28,2700.0,PE,BSE26APR2700PE,0.0,0.0,0.0,264.65,0.0,264.65,2824.0,174.75,0,0,0,0.0,0,F1,375,,,,,
2026-02-18,2026-02-18,FO,NSE,STO,82370,,BSE,,2026-02-24,2026-02-24,3600.0,CE,BSE26FEB3600CE,1.1,1.25,0.6,0.7,0.65,1.2,2824.0,0.7,121500,-35250,216,291667256.25,111,F1,375,,,,,
2026-02-18,2026-02-18,FO,NSE,STO,82443,,BSE,,2026-03-30,2026-03-30,2400.0,CE,BSE26MAR2400CE,445.0,445.0,445.0,445.0,445.0,398.0,2824.0,475.2,4125,750,2,2133750.0,1,F1,375,,,,,
2026-02-18,2026-02-18,FO,NSE,STO,94921,,BSE,,2026-04-28,2026-04-28,2300.0,CE,BSE26APR2300CE,0.0,0.0,0.0,603.2,0.0,603.2,2824.0,597.35,0,0,0,0.0,0,F1,375,,,,,
2026-02-18,2026-02-18,FO,NSE,STO,82318,,BSE,,2026-02-24,2026-02-24,2300.0,PE,BSE26FEB2300PE,2.0,2.65,1.15,1.2,1.2,2.65,2824.0,1.2,166500,-1875,324,279616725.0,210,F1,375,,,,,
2026-02-18,2026-02-18,FO,NSE,STO,82382,,BSE,,2026-02-24,2026-02-24,3350.0,PE,BSE26FEB3350PE,550.0,550.0,550.0,550.0,550.0,315.75,2824.0,523.3,5250,-750,2,2925000.0,1,F1,375,,,,,
2026-02-18,2026-02-18,FO,NSE,STO,82369,,BSE,,2026-02-24,2026-02-24,3500.0,PE,BSE26FEB3500PE,703.35,703.35,703.35,703.35,703.35,754.5,2824.0,672.85,1875,-375,1,1576256.25,1,F1,375,,,,,
2026-02-18,2026-02-18,FO,NSE,STO,82442,,BSE,,2026-03-30,2026-03-30,2300.0,PE,BSE26MAR2300PE,22.75,22.75,13.55,14.5,14.85,27.05,2824.0,14.5,42000,-4875,157,136448118.75,137,F1,375,,,,,
2026-02-18,2026-02-18,FO,NSE,STO,94821,,BSE,,2026-03-30,2026-03-30,2650.0,PE,BSE26MAR2650PE,82.95,92.0,70.5,71.1,72.0,113.0,2824.0,71.1,18375,3375,55,56344087.5,49,F1,375,,,,,
2026-02-18,2026-02-18,FO,NSE,STO,95047,,BSE,,2026-04-28,2026-04-28,3400.0,PE,BSE26APR3400PE,0.0,0.0,0.0,720.7,0.0,720.7,2824.0,624.65,0,0,0,0.0,0,F1,375,,,,,
2026-02-18,2026-02-18,FO,NSE,STO,94890,,BSE,,2026-03-30,2026-03-30,3150.0,PE,BSE26MAR3150PE,0.0,0.0,0.0,435.0,435.0,435.0,2824.0,390.5,14250,0,0,0.0,0,F1,375,,,,,
2026-02-18,2026-02-18,FO,NSE,STO,42928,,BSE,,2026-02-24,2026-02-24,3450.0,CE,BSE26FEB3450CE,1.7,2.0,0.95,1.1,1.15,1.8,2824.0,1.1,69375,-1875,223,288615768.75,191,F1,375,,,,,
2026-02-18,2026-02-18,FO,NSE,STO,82368,,BSE,,2026-02-24,2026-02-24,3500.0,CE,BSE26FEB3500CE,1.35,1.7,0.7,0.85,0.9,1.45,2824.0,0.85,228375,-50625,634,832386056.25,507,F1,375,,,,,
2026-02-18,2026-02-18,FO,NSE,STO,94829,,BSE,,2026-03-30,2026-03-30,3050.0,CE,BSE26MAR3050CE,74.65,80.0,66.6,70.5,68.9,65.35,2824.0,70.5,27375,-2625,84,98299537.5,80,F1,375,,,,,
2026-02-18,2026-02-18,FO,NSE,STO,82556,,BSE,,2026-03-30,2026-03-30,3600.0,CE,BSE26MAR3600CE,0.0,0.0,0.0,65.0,0.0,65.0,2824.0,19.75,0,0,0,0.0,0,F1,375,,,,,
2026-02-18,2026-02-18,FO,NSE,STO,95023,,BSE,,2026-04-28,2026-04-28,3200.0,CE,BSE26APR3200CE,0.0,0.0,0.0,181.2,0.0,181.2,2824.0,128.0,0,0,0,0.0,0,F1,375,,,,,
2026-02-18,2026-02-18,FO,NSE,STO,95026,,BSE,,2026-04-28,2026-04-28,3300.0,CE,BSE26APR3300CE,0.0,0.0,0.0,156.05,0.0,156.05,2824.0,103.9,0,0,0,0.0,0,F1,375,,,,,
2026-02-18,2026-02-18,FO,NSE,STO,82329,,BSE,,2026-02-24,2026-02-24,2750.0,PE,BSE26FEB2750PE,70.4,70.4,23.45,24.5,24.5,70.4,2824.0,24.5,388500,47250,5553,5805503231.25,4818,F1,375,,,,,
2026-02-18,2026-02-18,FO,NSE,STO,82363,,BSE,,2026-02-24,2026-02-24,3200.0,PE,BSE26FEB3200PE,417.65,420.0,380.1,382.0,383.4,459.55,2824.0,382.0,189375,-9750,126,169965843.75,111,F1,375,,,,,
2026-02-18,2026-02-18,FO,NSE,STO,82367,,BSE,,2026-02-24,2026-02-24,3400.0,PE,BSE26FEB3400PE,601.45,601.75,589.3,589.3,589.3,660.0,2824.0,573.05,27750,-375,3,4497187.5,3,F1,375,,,,,
2026-02-18,2026-02-18,FO,NSE,STO,94811,,BSE,,2026-03-30,2026-03-30,2150.0,PE,BSE26MAR2150PE,0.0,0.0,0.0,14.0,14.0,14.0,2824.0,8.65,1125,0,0,0.0,0,F1,375,,,,,
2026-02-18,2026-02-18,FO,NSE,STO,82448,,BSE,,2026-03-30,2026-03-30,2600.0,PE,BSE26MAR2600PE,82.05,82.85,57.0,58.0,58.75,93.8,2824.0,58.0,271500,56250,476,475787325.0,409,F1,375,,,,,
2026-02-18,2026-02-18,FO,NSE,STO,95018,,BSE,,2026-04-28,2026-04-28,3000.0,PE,BSE26APR3000PE,0.0,0.0,0.0,435.6,0.0,435.6,2824.0,335.35,0,0,0,0.0,0,F1,375,,,,,
2026-02-18,2026-02-18,FO,NSE,STO,82540,,BSE,,2026-03-30,2026-03-30,3400.0,CE,BSE26MAR3400CE,20.85,21.85,15.75,17.35,17.3,18.9,2824.0,17.35,129750,3375,181,232001606.25,168,F1,375,,,,,
2026-02-18,2026-02-18,FO,NSE,STO,82400,,BSE,,2026-03-30,2026-03-30,2200.0,CE,BSE26MAR2200CE,624.0,624.0,624.0,624.0,624.0,565.0,2824.0,649.25,6000,375,1,1059000.0,1,F1,375,,,,,
2026-02-18,2026-02-18,FO,NSE,STO,95020,,BSE,,2026-04-28,2026-04-28,3100.0,PE,BSE26APR3100PE,0.0,0.0,0.0,501.35,0.0,501.35,2824.0,400.55,0,0,0,0.0,0,F1,375,,,,,
2026-02-18,2026-02-18,FO,NSE,STO,82364,,BSE,,2026-02-24,2026-02-24,3300.0,CE,BSE26FEB3300CE,3.0,3.5,1.65,2.15,2.25,2.9,2824.0,2.15,835875,-89625,2847,3525623400.0,1755,F1,375,,,,,
2026-02-18,2026-02-18,FO,NSE,STO,82362,,BSE,,2026-02-24,2026-02-24,3200.0,CE,BSE26FEB3200CE,4.15,5.0,2.15,2.8,2.9,3.95,2824.0,2.8,1872750,-133875,4731,5683018968.75,3055,F1,375,,,,,
2026-02-18,2026-02-18,FO,NSE,STO,82326,,BSE,,2026-02-24,2026-02-24,2650.0,CE,BSE26FEB2650CE,147.15,179.5,147.15,176.75,175.0,132.9,2824.0,176.75,58875,-12750,313,330556706.25,267,F1,375,,,,,
2026-02-18,2026-02-18,FO,NSE,STO,82348,,BSE,,2026-02-24,2026-02-24,2700.0,PE,BSE26FEB2700PE,45.0,49.2,12.9,13.8,14.05,49.2,2824.0,13.8,782250,-13125,8094,8267379262.5,6641,F1,375,,,,,
2026-02-18,2026-02-18,FO,NSE,STO,82361,,BSE,,2026-02-24,2026-02-24,3100.0,PE,BSE26FEB3100PE,320.0,320.0,277.95,281.75,283.4,352.6,2824.0,281.75,470250,-13500,158,201355706.25,153,F1,375,,,,,
2026-02-18,2026-02-18,FO,NSE,STO,82371,,BSE,,2026-02-24,2026-02-24,3600.0,PE,BSE26FEB3600PE,0.0,0.0,0.0,839.2,0.0,839.2,2824.0,772.75,0,0,0,0.0,0,F1,375,,,,,
2026-02-18,2026-02-18,FO,NSE,STO,82452,,BSE,,2026-03-30,2026-03-30,2800.0,PE,BSE26MAR2800PE,164.0,164.0,126.6,127.5,127.55,181.05,2824.0,127.5,414000,72750,832,917605706.25,649,F1,375,,,,,
2026-02-18,2026-02-18,FO,NSE,STO,82530,,BSE,,2026-03-30,2026-03-30,3300.0,PE,BSE26MAR3300PE,0.0,0.0,0.0,560.0,560.0,560.0,2824.0,509.3,7500,0,0,0.0,0,F1,375,,,,,
2026-02-18,2026-02-18,FO,NSE,STO,82557,,BSE,,2026-03-30,2026-03-30,3600.0,PE,BSE26MAR3600PE,0.0,0.0,0.0,1030.7,0.0,1030.7,2824.0,774.1,0,0,0,0.0,0,F1,375,,,,,
2026-02-18,2026-02-18,FO,NSE,STO,95054,,BSE,,2026-04-28,2026-04-28,3600.0,CE,BSE26APR3600CE,0.0,0.0,0.0,98.0,0.0,98.0,2824.0,53.65,0,0,0,0.0,0,F1,375,,,,,
2026-02-18,2026-02-18,FO,NSE,STO,94917,,BSE,,2026-04-28,2026-04-28,2100.0,CE,BSE26APR2100CE,0.0,0.0,0.0,751.65,0.0,751.65,2824.0,766.3,0,0,0,0.0,0,F1,375,,,,,
2026-02-18,2026-02-18,FO,NSE,STO,35786,,BSE,,2026-03-30,2026-03-30,3550.0,CE,BSE26MAR3550CE,11.0,11.0,9.5,10.1,10.1,11.0,2824.0,23.45,3375,2250,12,16020487.5,12,F1,375,,,,,
2026-02-18,2026-02-18,FO,NSE,STO,94889,,BSE,,2026-03-30,2026-03-30,3150.0,CE,BSE26MAR3150CE,51.0,54.9,44.85,45.15,45.1,47.05,2824.0,45.15,31875,5250,76,91165518.75,62,F1,375,,,,,
2026-02-18,2026-02-18,FO,NSE,STO,94822,,BSE,,2026-03-30,2026-03-30,2750.0,CE,BSE26MAR2750CE,181.0,205.3,181.0,194.65,195.0,171.25,2824.0,194.65,36375,-4875,177,195307387.5,155,F1,375,,,,,
2026-02-18,2026-02-18,FO,NSE,STO,94816,,BSE,,2026-03-30,2026-03-30,2450.0,CE,BSE26MAR2450CE,0.0,0.0,0.0,451.4,0.0,451.4,2824.0,435.3,0,0,0,0.0,0,F1,375,,,,,
2026-02-18,2026-02-18,FO,NSE,STO,94810,,BSE,,2026-03-30,2026-03-30,2150.0,CE,BSE26MAR2150CE,0.0,0.0,0.0,674.65,0.0,674.65,2824.0,695.55,0,0,0,0.0,0,F1,375,,,,,
2026-02-18,2026-02-18,FO,NSE,STO,82330,,BSE,,2026-02-24,2026-02-24,2850.0,CE,BSE26FEB2850CE,37.0,52.2,33.05,40.7,40.5,33.1,2824.0,40.7,783750,106125,17984,19503206662.5,15252,F1,375,,,,,
2026-02-18,2026-02-18,FO,NSE,STO,82274,,BSE,,2026-02-24,2026-02-24,2200.0,CE,BSE26FEB2200CE,595.5,618.0,595.5,618.0,618.0,540.0,2824.0,618.0,2625,-1125,6,6319706.25,6,F1,375,,,,,
2026-02-18,2026-02-18,FO,NSE,STO,82334,,BSE,,2026-02-24,2026-02-24,2500.0,PE,BSE26FEB2500PE,8.5,9.05,2.2,2.55,2.55,10.1,2824.0,2.55,551625,-108750,3538,3322601231.25,2231,F1,375,,,,,
2026-02-18,2026-02-18,FO,NSE,STO,82555,,BSE,,2026-03-30,2026-03-30,3500.0,PE,BSE26MAR3500PE,675.0,703.85,663.0,665.1,666.0,349.65,2824.0,665.1,10875,10500,28,43814193.75,16,F1,375,,,,,
2026-02-18,2026-02-18,FO,NSE,STO,95002,,BSE,,2026-04-28,2026-04-28,2900.0,PE,BSE26APR2900PE,0.0,0.0,0.0,374.05,0.0,374.05,2824.0,275.7,0,0,0,0.0,0,F1,375,,,,,
2026-02-18,2026-02-18,FO,NSE,STO,82545,,BSE,,2026-03-30,2026-03-30,3400.0,PE,BSE26MAR3400PE,0.0,0.0,0.0,859.45,0.0,859.45,2824.0,594.25,0,0,0,0.0,0,F1,375,,,,,
2026-02-18,2026-02-18,FO,NSE,STO,82450,,BSE,,2026-03-30,2026-03-30,2700.0,PE,BSE26MAR2700PE,120.0,122.55,85.55,86.55,86.7,131.55,2824.0,86.55,213375,28500,430,451394737.5,377,F1,375,,,,,
2026-02-18,2026-02-18,FO,NSE,STO,82444,,BSE,,2026-03-30,2026-03-30,2400.0,PE,BSE26MAR2400PE,35.0,35.0,22.5,23.55,24.2,42.65,2824.0,23.55,89625,3000,319,290216418.75,258,F1,375,,,,,
2026-02-18,2026-02-18,FO,NSE,STO,94813,,BSE,,2026-03-30,2026-03-30,2250.0,PE,BSE26MAR2250PE,10.0,10.0,10.0,10.0,10.0,21.15,2824.0,16.35,3750,0,1,847500.0,1,F1,375,,,,,
2026-02-18,2026-02-18,FO,NSE,STO,82335,,BSE,,2026-02-24,2026-02-24,2950.0,PE,BSE26FEB2950PE,180.3,184.5,141.55,143.8,146.8,213.9,2824.0,143.8,156000,-19125,274,319777987.5,271,F1,375,,,,,
2026-02-18,2026-02-18,FO,NSE,STO,82315,,BSE,,2026-02-24,2026-02-24,2250.0,PE,BSE26FEB2250PE,1.7,1.7,0.85,1.0,1.0,2.15,2824.0,0.05,21000,-20625,99,83569162.5,79,F1,375,,,,,
2026-02-18,2026-02-18,FO,NSE,STO,82456,,BSE,,2026-03-30,2026-03-30,2900.0,PE,BSE26MAR2900PE,212.0,213.7,177.7,178.6,179.0,244.5,2824.0,178.6,101250,11625,107,124230881.25,78,F1,375,,,,,
2026-02-18,2026-02-18,FO,NSE,STO,94892,,BSE,,2026-03-30,2026-03-30,3250.0,PE,BSE26MAR3250PE,0.0,0.0,0.0,568.45,0.0,568.45,2824.0,468.45,0,0,0,0.0,0,F1,375,,,,,
2026-02-18,2026-02-18,FO,NSE,STO,95055,,BSE,,2026-04-28,2026-04-28,3600.0,PE,BSE26APR3600PE,0.0,0.0,0.0,881.65,0.0,881.65,2824.0,792.45,0,0,0,0.0,0,F1,375,,,,,
2026-02-18,2026-02-18,FO,NSE,STO,82312,,BSE,,2026-02-24,2026-02-24,2150.0,CE,BSE26FEB2150CE,0.0,0.0,0.0,513.0,513.0,513.0,2824.0,675.95,1500,0,0,0.0,0,F1,375,,,,,
2026-02-18,2026-02-18,FO,NSE,STO,82336,,BSE,,2026-02-24,2026-02-24,3050.0,CE,BSE26FEB3050CE,8.1,10.9,4.3,6.35,6.7,7.8,2824.0,6.35,617625,750,6371,7303393050.0,4621,F1,375,,,,,
2026-02-18,2026-02-18,FO,NSE,STO,82338,,BSE,,2026-02-24,2026-02-24,3150.0,CE,BSE26FEB3150CE,5.25,6.15,2.4,3.35,3.5,4.8,2824.0,3.35,557250,-79125,2531,2993476350.0,1780,F1,375,,,,,
2026-02-18,2026-02-18,FO,NSE,STO,82379,,BSE,,2026-02-24,2026-02-24,3350.0,CE,BSE26FEB3350CE,2.5,3.0,1.35,1.8,1.85,2.45,2824.0,1.8,99000,-26625,330,414790706.25,188,F1,375,,,,,
2026-02-18,2026-02-18,FO,NSE,STO,82366,,BSE,,2026-02-24,2026-02-24,3400.0,CE,BSE26FEB3400CE,2.05,2.45,1.15,1.35,1.4,2.0,2824.0,1.35,490125,-59250,1475,1881520537.5,1008,F1,375,,,,,
2026-02-18,2026-02-18,FO,NSE,STO,82397,,BSE,,2026-03-30,2026-03-30,2100.0,CE,BSE26MAR2100CE,0.0,0.0,0.0,602.5,0.0,602.5,2824.0,742.7,0,0,0,0.0,0,F1,375,,,,,
2026-02-18,2026-02-18,FO,NSE,STO,94812,,BSE,,2026-03-30,2026-03-30,2250.0,CE,BSE26MAR2250CE,0.0,0.0,0.0,594.75,0.0,594.75,2824.0,603.85,0,0,0,0.0,0,F1,375,,,,,
2026-02-18,2026-02-18,FO,NSE,STF,66735,,BSE,,2026-04-28,2026-04-28,,,BSE26APRFUT,2812.0,2859.0,2811.1,2855.8,2853.0,2784.1,2824.0,2855.8,261000,3375,170,181013850.0,158,F1,375,,,,,
2026-02-18,2026-02-18,FO,NSE,STO,82441,,BSE,,2026-03-30,2026-03-30,2300.0,CE,BSE26MAR2300CE,548.0,548.0,548.0,548.0,548.0,495.0,2824.0,559.6,1500,375,1,1068000.0,1,F1,375,,,,,
2026-02-18,2026-02-18,FO,NSE,STO,82313,,BSE,,2026-02-24,2026-02-24,2150.0,PE,BSE26FEB2150PE,0.65,0.75,0.45,0.45,0.45,1.05,2824.0,0.05,7125,-750,15,12097031.25,14,F1,375,,,,,
2026-02-18,2026-02-18,FO,NSE,STO,82344,,BSE,,2026-02-24,2026-02-24,2600.0,PE,BSE26FEB2600PE,20.0,20.05,4.05,4.55,4.7,21.65,2824.0,4.55,596625,-136125,6804,6655203525.0,4765,F1,375,,,,,
2026-02-18,2026-02-18,FO,NSE,STO,82327,,BSE,,2026-02-24,2026-02-24,2650.0,PE,BSE26FEB2650PE,27.65,28.45,6.85,7.4,7.6,32.85,2824.0,7.4,325500,103500,4898,4892231850.0,3623,F1,375,,,,,
2026-02-18,2026-02-18,FO,NSE,STO,42929,,BSE,,2026-02-24,2026-02-24,3450.0,PE,BSE26FEB3450PE,0.0,0.0,0.0,628.1,628.1,628.1,2824.0,622.95,750,0,0,0.0,0,F1,375,,,,,
2026-02-18,2026-02-18,FO,NSE,STO,95019,,BSE,,2026-04-28,2026-04-28,3100.0,CE,BSE26APR3100CE,0.0,0.0,0.0,210.05,0.0,210.05,2824.0,156.65,0,0,0,0.0,0,F1,375,,,,,
2026-02-18,2026-02-18,FO,NSE,STO,94937,,BSE,,2026-04-28,2026-04-28,2400.0,CE,BSE26APR2400CE,0.0,0.0,0.0,536.35,0.0,536.35,2824.0,520.45,0,0,0,0.0,0,F1,375,,,,,
2026-02-18,2026-02-18,FO,NSE,STO,82360,,BSE,,2026-02-24,2026-02-24,3100.0,CE,BSE26FEB3100CE,7.75,7.85,2.85,4.3,4.4,5.85,2824.0,4.3,1309500,-128250,7261,8454000918.75,5285,F1,375,,,,,
2026-02-18,2026-02-18,FO,NSE,STO,82358,,BSE,,2026-02-24,2026-02-24,3000.0,CE,BSE26FEB3000CE,14.0,15.75,6.9,9.9,10.15,10.55,2824.0,9.9,1867500,-46875,17631,19904160750.0,13491,F1,375,,,,,
2026-02-18,2026-02-18,FO,NSE,STO,82323,,BSE,,2026-02-24,2026-02-24,2450.0,PE,BSE26FEB2450PE,5.45,5.45,1.75,2.05,2.05,7.05,2824.0,2.05,47625,-43875,833,766271306.25,677,F1,375,,,,,
2026-02-18,2026-02-18,FO,NSE,STO,94918,,BSE,,2026-04-28,2026-04-28,2100.0,PE,BSE26APR2100PE,0.0,0.0,0.0,58.3,0.0,58.3,2824.0,20.6,0,0,0,0.0,0,F1,375,,,,,
2026-02-18,2026-02-18,FO,NSE,STO,82324,,BSE,,2026-02-24,2026-02-24,2550.0,CE,BSE26FEB2550CE,260.0,273.8,260.0,273.65,273.8,217.05,2824.0,273.65,50250,-1500,15,15833737.5,15,F1,375,,,,,
2026-02-18,2026-02-18,FO,NSE,STO,82333,,BSE,,2026-02-24,2026-02-24,2500.0,CE,BSE26FEB2500CE,286.0,323.0,281.8,321.15,321.25,259.6,2824.0,321.15,133500,-7125,127,133470693.75,110,F1,375,,,,,
2026-02-18,2026-02-18,FO,NSE,STO,82316,,BSE,,2026-02-24,2026-02-24,2350.0,CE,BSE26FEB2350CE,0.0,0.0,0.0,376.85,0.0,376.85,2824.0,476.25,0,0,0,0.0,0,F1,375,,,,,
2026-02-18,2026-02-18,FO,NSE,STO,82282,,BSE,,2026-02-24,2026-02-24,2200.0,PE,BSE26FEB2200PE,1.0,1.0,0.45,0.55,0.5,0.95,2824.0,0.55,386250,-18000,286,236025337.5,182,F1,375,,,,,
2026-02-18,2026-02-18,FO,NSE,STO,82311,,BSE,,2026-02-24,2026-02-24,2050.0,PE,BSE26FEB2050PE,0.5,0.65,0.4,0.5,0.5,1.0,2824.0,0.05,41625,-1875,33,25374843.75,29,F1,375,,,,,
2026-02-18,2026-02-18,FO,NSE,STO,82453,,BSE,,2026-03-30,2026-03-30,2900.0,CE,BSE26MAR2900CE,115.25,131.0,111.9,120.35,121.0,108.75,2824.0,120.35,187500,36000,878,995011387.5,685,F1,375,,,,,
2026-02-18,2026-02-18,FO,NSE,STO,35787,,BSE,,2026-03-30,2026-03-30,3550.0,PE,BSE26MAR3550PE,0.0,0.0,0.0,764.0,0.0,764.0,2824.0,728.15,0,0,0,0.0,0,F1,375,,,,,
2026-02-18,2026-02-18,FO,NSE,STO,94941,,BSE,,2026-04-28,2026-04-28,2500.0,PE,BSE26APR2500PE,0.0,0.0,0.0,175.2,0.0,175.2,2824.0,99.65,0,0,0,0.0,0,F1,375,,,,,
2026-02-18,2026-02-18,FO,NSE,STO,94988,,BSE,,2026-04-28,2026-04-28,2800.0,PE,BSE26APR2800PE,0.0,0.0,0.0,316.95,0.0,316.95,2824.0,222.05,0,0,0,0.0,0,F1,375,,,,,
2026-02-18,2026-02-18,FO,NSE,STO,82317,,BSE,,2026-02-24,2026-02-24,2300.0,CE,BSE26FEB2300CE,0.0,0.0,0.0,444.15,444.15,444.15,2824.0,526.1,2625,0,0,0.0,0,F1,375,,,,,
2026-02-18,2026-02-18,FO,NSE,STO,82356,,BSE,,2026-02-24,2026-02-24,2900.0,CE,BSE26FEB2900CE,25.3,35.0,19.65,25.15,25.2,21.9,2824.0,25.15,1387125,35250,18659,20474351287.5,15977,F1,375,,,,,
2026-02-18,2026-02-18,FO,NSE,STO,82340,,BSE,,2026-02-24,2026-02-24,3250.0,CE,BSE26FEB3250CE,3.3,4.35,1.9,2.5,2.55,3.4,2824.0,2.5,382875,44625,1364,1663824900.0,797,F1,375,,,,,
2026-02-18,2026-02-18,FO,NSE,STO,94814,,BSE,,2026-03-30,2026-03-30,2350.0,CE,BSE26MAR2350CE,0.0,0.0,0.0,520.3,0.0,520.3,2824.0,516.7,0,0,0,0.0,0,F1,375,,,,,
2026-02-18,2026-02-18,FO,NSE,STO,94818,,BSE,,2026-03-30,2026-03-30,2550.0,CE,BSE26MAR2550CE,0.0,0.0,0.0,550.0,550.0,550.0,2824.0,360.9,1500,0,0,0.0,0,F1,375,,,,,
2026-02-18,2026-02-18,FO,NSE,STO,82321,,BSE,,2026-02-24,2026-02-24,2350.0,PE,BSE26FEB2350PE,2.25,2.25,1.25,1.35,1.45,3.75,2824.0,1.35,35250,-18000,171,150798731.25,155,F1,375,,,,,
2026-02-18,2026-02-18,FO,NSE,STO,82325,,BSE,,2026-02-24,2026-02-24,2550.0,PE,BSE26FEB2550PE,13.05,13.05,2.8,3.25,3.35,14.65,2824.0,3.25,127125,12750,2758,2643346706.25,2110,F1,375,,,,,
2026-02-18,2026-02-18,FO,NSE,STO,82337,,BSE,,2026-02-24,2026-02-24,3050.0,PE,BSE26FEB3050PE,270.05,270.05,230.0,232.3,237.95,309.6,2824.0,232.3,196125,-15750,106,131230481.25,98,F1,375,,,,,
2026-02-18,2026-02-18,FO,NSE,STO,82398,,BSE,,2026-03-30,2026-03-30,2100.0,PE,BSE26MAR2100PE,9.45,9.45,5.5,6.0,6.0,11.25,2824.0,6.05,28500,2250,37,29231587.5,30,F1,375,,,,,
2026-02-18,2026-02-18,FO,NSE,STO,94819,,BSE,,2026-03-30,2026-03-30,2550.0,PE,BSE26MAR2550PE,0.0,0.0,0.0,25.0,25.0,25.0,2824.0,71.6,1500,0,0,0.0,0,F1,375,,,,,
2026-02-18,2026-02-18,FO,NSE,STO,95025,,BSE,,2026-04-28,2026-04-28,3200.0,PE,BSE26APR3200PE,0.0,0.0,0.0,571.0,0.0,571.0,2824.0,470.9,0,0,0,0.0,0,F1,375,,,,,
2026-02-18,2026-02-18,FO,NSE,STO,94901,,BSE,,2026-03-30,2026-03-30,3450.0,CE,BSE26MAR3450CE,0.0,0.0,0.0,76.05,0.0,76.05,2824.0,32.85,0,0,0,0.0,0,F1,375,,,,,
2026-02-18,2026-02-18,FO,NSE,STO,82473,,BSE,,2026-03-30,2026-03-30,3200.0,CE,BSE26MAR3200CE,41.8,45.75,36.05,38.4,38.5,38.55,2824.0,38.4,408375,46500,680,826139381.25,619,F1,375,,,,,
2026-02-18,2026-02-18,FO,NSE,STO,94825,,BSE,,2026-03-30,2026-03-30,2850.0,CE,BSE26MAR2850CE,115.0,153.0,110.2,142.4,142.0,127.9,2824.0,142.4,55500,4500,240,269459100.0,211,F1,375,,,,,
2026-02-18,2026-02-18,FO,NSE,STO,94820,,BSE,,2026-03-30,2026-03-30,2650.0,CE,BSE26MAR2650CE,255.0,255.0,255.0,255.0,255.0,227.6,2824.0,294.35,4500,-375,1,1089375.0,1,F1,375,,,,,
2026-02-18,2026-02-18,FO,NSE,STO,94808,,BSE,,2026-03-30,2026-03-30,2050.0,CE,BSE26MAR2050CE,0.0,0.0,0.0,759.35,0.0,759.35,2824.0,790.5,0,0,0,0.0,0,F1,375,,,,,
2026-02-18,2026-02-18,FO,NSE,STO,82353,,BSE,,2026-02-24,2026-02-24,2800.0,CE,BSE26FEB2800CE,55.0,75.35,52.6,62.85,62.5,48.9,2824.0,62.85,1274250,-313500,26866,28846746093.75,22126,F1,375,,,,,
2026-02-18,2026-02-18,FO,NSE,STO,94940,,BSE,,2026-04-28,2026-04-28,2500.0,CE,BSE26APR2500CE,0.0,0.0,0.0,474.7,0.0,474.7,2824.0,449.5,0,0,0,0.0,0,F1,375,,,,,
2026-02-18,2026-02-18,FO,NSE,STO,95017,,BSE,,2026-04-28,2026-04-28,3000.0,CE,BSE26APR3000CE,0.0,0.0,0.0,242.75,0.0,242.75,2824.0,190.35,0,0,0,0.0,0,F1,375,,,,,
2026-02-18,2026-02-18,FO,NSE,STO,82322,,BSE,,2026-02-24,2026-02-24,2450.0,CE,BSE26FEB2450CE,0.0,0.0,0.0,288.05,288.05,288.05,2824.0,377.1,12375,0,0,0.0,0,F1,375,,,,,
2026-02-18,2026-02-18,FO,NSE,STO,82459,,BSE,,2026-03-30,2026-03-30,3000.0,CE,BSE26MAR3000CE,85.1,95.45,79.5,85.15,85.0,77.8,2824.0,85.15,403500,45375,1462,1691940825.0,1180,F1,375,,,,,
2026-02-18,2026-02-18,FO,NSE,STO,82463,,BSE,,2026-03-30,2026-03-30,3100.0,CE,BSE26MAR3100CE,58.95,66.9,54.5,58.2,57.6,55.1,2824.0,58.2,186750,36750,539,638461875.0,447,F1,375,,,,,
2026-02-18,2026-02-18,FO,NSE,STO,94891,,BSE,,2026-03-30,2026-03-30,3250.0,CE,BSE26MAR3250CE,36.0,36.0,29.55,31.6,31.75,32.15,2824.0,31.6,27000,14250,92,113242743.75,80,F1,375,,,,,
2026-02-18,2026-02-18,FO,NSE,STO,94895,,BSE,,2026-03-30,2026-03-30,3350.0,CE,BSE26MAR3350CE,0.0,0.0,0.0,93.25,0.0,93.25,2824.0,45.4,0,0,0,0.0,0,F1,375,,,,,
2026-02-18,2026-02-18,FO,NSE,STO,94919,,BSE,,2026-04-28,2026-04-28,2200.0,CE,BSE26APR2200CE,0.0,0.0,0.0,675.0,0.0,675.0,2824.0,679.5,0,0,0,0.0,0,F1,375,,,,,
2026-02-18,2026-02-18,FO,NSE,STO,94987,,BSE,,2026-04-28,2026-04-28,2800.0,CE,BSE26APR2800CE,0.0,0.0,0.0,321.05,0.0,321.05,2824.0,275.0,0,0,0,0.0,0,F1,375,,,,,
2026-02-18,2026-02-18,FO,NSE,STO,95048,,BSE,,2026-04-28,2026-04-28,3500.0,CE,BSE26APR3500CE,0.0,0.0,0.0,114.8,0.0,114.8,2824.0,67.25,0,0,0,0.0,0,F1,375,,,,,
2026-02-18,2026-02-18,FO,NSE,STO,82354,,BSE,,2026-02-24,2026-02-24,2800.0,PE,BSE26FEB2800PE,83.55,88.45,41.2,42.65,41.75,98.9,2824.0,42.65,854625,-1125,8672,9292721493.75,7371,F1,375,,,,,
2026-02-18,2026-02-18,FO,NSE,STO,41607,,CDSL,,2026-02-24,2026-02-24,1000.0,CE,CDSL26FEB1000CE,0.0,0.0,0.0,493.65,0.0,493.65,1355.7,356.6,0,0,0,0.0,0,F1,475,,,,,
2026-02-18,2026-02-18,FO,NSE,STO,83962,,CDSL,,2026-02-24,2026-02-24,1100.0,CE,CDSL26FEB1100CE,0.0,0.0,0.0,140.05,140.05,140.05,1355.7,256.7,950,0,0,0.0,0,F1,475,,,,,
2026-02-18,2026-02-18,FO,NSE,STO,84174,,CDSL,,2026-02-24,2026-02-24,1500.0,CE,CDSL26FEB1500CE,1.65,1.8,0.95,1.1,1.1,1.7,1355.7,1.1,635550,27075,684,487722851.25,451,F1,475,,,,,
2026-02-18,2026-02-18,FO,NSE,STO,96733,,CDSL,,2026-04-28,2026-04-28,1520.0,CE,CDSL26APR1520CE,0.0,0.0,0.0,51.2,0.0,51.2,1355.7,35.35,0,0,0,0.0,0,F1,475,,,,,
2026-02-18,2026-02-18,FO,NSE,STO,96727,,CDSL,,2026-04-28,2026-04-28,1400.0,CE,CDSL26APR1400CE,0.0,0.0,0.0,87.7,0.0,87.7,1355.7,73.2,0,0,0,0.0,0,F1,475,,,,,
2026-02-18,2026-02-18,FO,NSE,STO,42184,,CDSL,,2026-02-24,2026-02-24,1080.0,PE,CDSL26FEB1080PE,0.4,0.7,0.4,0.55,0.5,1.0,1355.7,0.55,42750,-4275,33,16938167.5,21,F1,475,,,,,
2026-02-18,2026-02-18,FO,NSE,STO,83454,,CDSL,,2026-02-24,2026-02-24,1680.0,CE,CDSL26FEB1680CE,0.95,0.95,0.2,0.2,0.2,0.5,1355.7,0.2,28025,-950,7,5587662.5,7,F1,475,,,,,
2026-02-18,2026-02-18,FO,NSE,STO,96699,,CDSL,,2026-04-28,2026-04-28,1040.0,CE,CDSL26APR1040CE,0.0,0.0,0.0,311.6,0.0,311.6,1355.7,329.7,0,0,0,0.0,0,F1,475,,,,,
2026-02-18,2026-02-18,FO,NSE,STO,96713,,CDSL,,2026-04-28,2026-04-28,1240.0,CE,CDSL26APR1240CE,0.0,0.0,0.0,165.1,0.0,165.1,1355.7,161.95,0,0,0,0.0,0,F1,475,,,,,
2026-02-18,2026-02-18,FO,NSE,STO,83423,,CDSL,,2026-02-24,2026-02-24,1160.0,PE,CDSL26FEB1160PE,0.0,0.0,0.0,1.1,1.1,1.1,1355.7,0.05,109250,0,0,0.0,0,F1,475,,,,,
2026-02-18,2026-02-18,FO,NSE,STO,96580,,CDSL,,2026-03-30,2026-03-30,1100.0,PE,CDSL26MAR1100PE,0.0,0.0,0.0,6.85,6.85,6.85,1355.7,2.3,950,0,0,0.0,0,F1,475,,,,,
2026-02-18,2026-02-18,FO,NSE,STO,96737,,CDSL,,2026-04-28,2026-04-28,1600.0,CE,CDSL26APR1600CE,0.0,0.0,0.0,34.8,0.0,34.8,1355.7,20.55,0,0,0,0.0,0,F1,475,,,,,
2026-02-18,2026-02-18,FO,NSE,STO,84317,,CDSL,,2026-03-30,2026-03-30,1280.0,PE,CDSL26MAR1280PE,23.75,27.5,19.95,20.2,20.2,27.45,1355.7,20.2,38000,11400,54,33416535.0,49,F1,475,,,,,
2026-02-18,2026-02-18,FO,NSE,STO,96692,,CDSL,,2026-04-28,2026-04-28,960.0,PE,CDSL26APR960PE,0.0,0.0,0.0,5.7,0.0,5.7,1355.7,0.8,0,0,0,0.0,0,F1,475,,,,,
2026-02-18,2026-02-18,FO,NSE,STO,96700,,CDSL,,2026-04-28,2026-04-28,1040.0,PE,CDSL26APR1040PE,0.0,0.0,0.0,13.6,0.0,13.6,1355.7,3.25,0,0,0,0.0,0,F1,475,,,,,
2026-02-18,2026-02-18,FO,NSE,STO,96588,,CDSL,,2026-03-30,2026-03-30,1220.0,CE,CDSL26MAR1220CE,0.0,0.0,0.0,157.05,0.0,157.05,1355.7,158.2,0,0,0,0.0,0,F1,475,,,,,
2026-02-18,2026-02-18,FO,NSE,STO,84316,,CDSL,,2026-03-30,2026-03-30,1280.0,CE,CDSL26MAR1280CE,0.0,0.0,0.0,221.2,0.0,221.2,1355.7,113.9,0,0,0,0.0,0,F1,475,,,,,
2026-02-18,2026-02-18,FO,NSE,STO,84290,,CDSL,,2026-03-30,2026-03-30,1040.0,PE,CDSL26MAR1040PE,0.0,0.0,0.0,6.45,0.0,6.45,1355.7,0.65,0,0,0,0.0,0,F1,475,,,,,
2026-02-18,2026-02-18,FO,NSE,STO,83468,,CDSL,,2026-02-24,2026-02-24,1800.0,PE,CDSL26FEB1800PE,452.0,452.0,451.0,451.0,451.0,458.0,1355.7,442.65,19475,-1425,3,3208625.0,2,F1,475,,,,,
2026-02-18,2026-02-18,FO,NSE,STO,83437,,CDSL,,2026-02-24,2026-02-24,1400.0,PE,CDSL26FEB1400PE,52.85,67.8,44.75,46.6,46.65,64.4,1355.7,46.6,402325,-50350,368,254612540.0,327,F1,475,,,,,
2026-02-18,2026-02-18,FO,NSE,STO,83967,,CDSL,,2026-02-24,2026-02-24,1180.0,PE,CDSL26FEB1180PE,0.9,0.9,0.7,0.75,0.75,1.35,1355.7,0.75,73150,-2375,9,5047872.5,8,F1,475,,,,,
2026-02-18,2026-02-18,FO,NSE,STO,96729,,CDSL,,2026-04-28,2026-04-28,1440.0,CE,CDSL26APR1440CE,0.0,0.0,0.0,73.7,0.0,73.7,1355.7,58.15,0,0,0,0.0,0,F1,475,,,,,
2026-02-18,2026-02-18,FO,NSE,STO,84326,,CDSL,,2026-03-30,2026-03-30,1440.0,CE,CDSL26MAR1440CE,25.05,25.05,19.65,22.0,22.35,21.65,1355.7,22.0,27075,13775,54,37470256.25,36,F1,475,,,,,
2026-02-18,2026-02-18,FO,NSE,STO,96590,,CDSL,,2026-03-30,2026-03-30,1260.0,CE,CDSL26MAR1260CE,102.5,102.5,102.1,102.1,102.1,131.95,1355.7,127.85,950,950,2,1294185.0,2,F1,475,,,,,
2026-02-18,2026-02-18,FO,NSE,STO,83452,,CDSL,,2026-02-24,2026-02-24,1640.0,CE,CDSL26FEB1640CE,0.0,0.0,0.0,121.8,0.0,121.8,1355.7,0.05,0,0,0,0.0,0,F1,475,,,,,
2026-02-18,2026-02-18,FO,NSE,STO,83954,,CDSL,,2026-02-24,2026-02-24,1060.0,CE,CDSL26FEB1060CE,0.0,0.0,0.0,386.35,0.0,386.35,1355.7,296.65,0,0,0,0.0,0,F1,475,,,,,
2026-02-18,2026-02-18,FO,NSE,STO,96703,,CDSL,,2026-04-28,2026-04-28,1080.0,PE,CDSL26APR1080PE,0.0,0.0,0.0,19.75,0.0,19.75,1355.7,5.8,0,0,0,0.0,0,F1,475,,,,,
2026-02-18,2026-02-18,FO,NSE,STO,96584,,CDSL,,2026-03-30,2026-03-30,1140.0,PE,CDSL26MAR1140PE,0.0,0.0,0.0,21.05,0.0,21.05,1355.7,4.7,0,0,0,0.0,0,F1,475,,,,,
2026-02-18,2026-02-18,FO,NSE,STO,84208,,CDSL,,2026-02-24,2026-02-24,1540.0,CE,CDSL26FEB1540CE,1.15,1.15,0.6,0.6,0.6,1.15,1355.7,0.6,93100,-7125,46,33665506.25,38,F1,475,,,,,
2026-02-18,2026-02-18,FO,NSE,STO,96705,,CDSL,,2026-04-28,2026-04-28,1120.0,PE,CDSL26APR1120PE,0.0,0.0,0.0,27.7,0.0,27.7,1355.7,9.7,0,0,0,0.0,0,F1,475,,,,,
2026-02-18,2026-02-18,FO,NSE,STO,96626,,CDSL,,2026-03-30,2026-03-30,1500.0,PE,CDSL26MAR1500PE,158.0,170.0,147.45,148.7,149.5,168.7,1355.7,148.7,73625,33725,84,66041696.25,48,F1,475,,,,,
2026-02-18,2026-02-18,FO,NSE,STO,84300,,CDSL,,2026-03-30,2026-03-30,1160.0,PE,CDSL26MAR1160PE,0.0,0.0,0.0,9.8,9.8,9.8,1355.7,6.5,7600,0,0,0.0,0,F1,475,,,,,
2026-02-18,2026-02-18,FO,NSE,STO,83443,,CDSL,,2026-02-24,2026-02-24,1480.0,PE,CDSL26FEB1480PE,127.55,127.55,121.95,122.0,122.0,142.0,1355.7,122.0,35150,0,16,12195173.75,6,F1,475,,,,,
2026-02-18,2026-02-18,FO,NSE,STO,83425,,CDSL,,2026-02-24,2026-02-24,1200.0,PE,CDSL26FEB1200PE,1.05,1.15,0.8,0.85,0.85,1.5,1355.7,0.85,354350,-19950,198,112950772.5,141,F1,475,,,,,
2026-02-18,2026-02-18,FO,NSE,STO,96577,,CDSL,,2026-03-30,2026-03-30,1100.0,CE,CDSL26MAR1100CE,0.0,0.0,0.0,247.6,0.0,247.6,1355.7,264.6,0,0,0,0.0,0,F1,475,,,,,
2026-02-18,2026-02-18,FO,NSE,STO,96702,,CDSL,,2026-04-28,2026-04-28,1080.0,CE,CDSL26APR1080CE,0.0,0.0,0.0,278.4,0.0,278.4,1355.7,292.65,0,0,0,0.0,0,F1,475,,,,,
2026-02-18,2026-02-18,FO,NSE,STO,83961,,CDSL,,2026-02-24,2026-02-24,1060.0,PE,CDSL26FEB1060PE,0.2,0.2,0.2,0.2,0.2,0.6,1355.7,0.05,35625,-475,2,1007190.0,2,F1,475,,,,,
2026-02-18,2026-02-18,FO,NSE,STO,83400,,CDSL,,2026-02-24,2026-02-24,1040.0,CE,CDSL26FEB1040CE,0.0,0.0,0.0,552.7,0.0,552.7,1355.7,316.65,0,0,0,0.0,0,F1,475,,,,,
2026-02-18,2026-02-18,FO,NSE,STO,84291,,CDSL,,2026-03-30,2026-03-30,1080.0,CE,CDSL26MAR1080CE,0.0,0.0,0.0,379.7,0.0,379.7,1355.7,283.75,0,0,0,0.0,0,F1,475,,,,,
2026-02-18,2026-02-18,FO,NSE,STO,83966,,CDSL,,2026-02-24,2026-02-24,1180.0,CE,CDSL26FEB1180CE,0.0,0.0,0.0,157.8,156.65,157.8,1355.7,176.8,12350,0,0,0.0,0,F1,475,,,,,
2026-02-18,2026-02-18,FO,NSE,STO,84004,,CDSL,,2026-02-24,2026-02-24,1340.0,CE,CDSL26FEB1340CE,25.95,34.55,20.0,30.9,30.8,25.6,1355.7,30.9,332025,-13300,4051,2627781747.5,3158,F1,475,,,,,
2026-02-18,2026-02-18,FO,NSE,STO,83450,,CDSL,,2026-02-24,2026-02-24,1600.0,CE,CDSL26FEB1600CE,0.6,0.6,0.2,0.25,0.25,0.65,1355.7,0.25,158175,-15675,112,85140401.25,85,F1,475,,,,,
2026-02-18,2026-02-18,FO,NSE,STO,83444,,CDSL,,2026-02-24,2026-02-24,1520.0,CE,CDSL26FEB1520CE,1.2,1.35,0.75,0.85,0.85,1.55,1355.7,0.85,525350,-4275,299,216013968.75,184,F1,475,,,,,
2026-02-18,2026-02-18,FO,NSE,STO,83965,,CDSL,,2026-02-24,2026-02-24,1140.0,PE,CDSL26FEB1140PE,0.7,0.95,0.6,0.75,0.75,1.0,1355.7,0.75,59375,-2850,29,15712477.5,22,F1,475,,,,,
2026-02-18,2026-02-18,FO,NSE,STO,83995,,CDSL,,2026-02-24,2026-02-24,1300.0,PE,CDSL26FEB1300PE,6.8,8.25,3.2,3.45,3.45,8.65,1355.7,3.45,452675,-59850,2628,1629899016.25,2138,F1,475,,,,,
2026-02-18,2026-02-18,FO,NSE,STO,83433,,CDSL,,2026-02-24,2026-02-24,1360.0,PE,CDSL26FEB1360PE,30.0,35.55,18.0,19.35,19.0,33.8,1355.7,19.35,544350,55100,1993,1310948367.5,1415,F1,475,,,,,
2026-02-18,2026-02-18,FO,NSE,STO,96613,,CDSL,,2026-03-30,2026-03-30,1340.0,PE,CDSL26MAR1340PE,45.0,53.1,40.1,40.75,41.05,52.15,1355.7,40.75,92625,45125,134,88262457.5,126,F1,475,,,,,
2026-02-18,2026-02-18,FO,NSE,STO,96624,,CDSL,,2026-03-30,2026-03-30,1460.0,PE,CDSL26MAR1460PE,122.0,122.0,122.0,122.0,122.0,133.45,1355.7,126.25,22325,10450,22,16531900.0,1,F1,475,,,,,
2026-02-18,2026-02-18,FO,NSE,STO,84339,,CDSL,,2026-03-30,2026-03-30,1640.0,PE,CDSL26MAR1640PE,0.0,0.0,0.0,282.5,282.5,282.5,1355.7,279.55,950,0,0,0.0,0,F1,475,,,,,
2026-02-18,2026-02-18,FO,NSE,STO,96708,,CDSL,,2026-04-28,2026-04-28,1160.0,PE,CDSL26APR1160PE,0.0,0.0,0.0,37.65,0.0,37.65,1355.7,15.35,0,0,0,0.0,0,F1,475,,,,,
2026-02-18,2026-02-18,FO,NSE,STO,96712,,CDSL,,2026-04-28,2026-04-28,1200.0,PE,CDSL26APR1200PE,0.0,0.0,0.0,49.65,0.0,49.65,1355.7,23.15,0,0,0,0.0,0,F1,475,,,,,
2026-02-18,2026-02-18,FO,NSE,STO,96717,,CDSL,,2026-04-28,2026-04-28,1280.0,PE,CDSL26APR1280PE,0.0,0.0,0.0,80.65,0.0,80.65,1355.7,46.45,0,0,0,0.0,0,F1,475,,,,,
2026-02-18,2026-02-18,FO,NSE,STO,84338,,CDSL,,2026-03-30,2026-03-30,1640.0,CE,CDSL26MAR1640CE,0.0,0.0,0.0,58.6,0.0,58.6,1355.7,5.1,0,0,0,0.0,0,F1,475,,,,,
2026-02-18,2026-02-18,FO,NSE,STO,96606,,CDSL,,2026-03-30,2026-03-30,1340.0,CE,CDSL26MAR1340CE,60.0,64.8,52.0,60.7,60.4,55.5,1355.7,60.7,71250,34200,315,209015627.5,266,F1,475,,,,,
2026-02-18,2026-02-18,FO,NSE,STF,66751,,CDSL,,2026-04-28,2026-04-28,,,CDSL26APRFUT,1353.5,1363.0,1340.0,1362.2,1362.6,1346.5,1355.7,1362.2,329650,39425,188,120807747.5,144,F1,475,,,,,
2026-02-18,2026-02-18,FO,NSE,STF,51838,,CDSL,,2026-03-30,2026-03-30,,,CDSL26MARFUT,1349.3,1360.5,1336.0,1358.7,1359.0,1342.4,1355.7,1358.7,3381525,592325,3159,2022171472.5,2745,F1,475,,,,,
2026-02-18,2026-02-18,FO,NSE,STF,59284,,CDSL,,2026-02-24,2026-02-24,,,CDSL26FEBFUT,1349.9,1362.0,1336.5,1360.0,1360.0,1342.9,1355.7,1360.0,8859225,-655500,4793,3072431005.0,4212,F1,475,,,,,
2026-02-18,2026-02-18,FO,NSE,STO,96706,,CDSL,,2026-04-28,2026-04-28,1160.0,CE,CDSL26APR1160CE,0.0,0.0,0.0,217.5,0.0,217.5,1355.7,223.05,0,0,0,0.0,0,F1,475,,,,,
2026-02-18,2026-02-18,FO,NSE,STO,84267,,CDSL,,2026-03-30,2026-03-30,1000.0,CE,CDSL26MAR1000CE,0.0,0.0,0.0,452.8,0.0,452.8,1355.7,361.95,0,0,0,0.0,0,F1,475,,,,,
2026-02-18,2026-02-18,FO,NSE,STO,83442,,CDSL,,2026-02-24,2026-02-24,1480.0,CE,CDSL26FEB1480CE,1.95,2.25,1.2,1.35,1.35,2.15,1355.7,1.35,246525,71250,697,490463078.75,533,F1,475,,,,,
2026-02-18,2026-02-18,FO,NSE,STO,83440,,CDSL,,2026-02-24,2026-02-24,1440.0,CE,CDSL26FEB1440CE,3.65,4.25,2.35,2.65,2.75,3.6,1355.7,2.65,822225,-51775,1596,1093760887.5,902,F1,475,,,,,
2026-02-18,2026-02-18,FO,NSE,STO,83994,,CDSL,,2026-02-24,2026-02-24,1300.0,CE,CDSL26FEB1300CE,63.0,65.2,44.85,63.25,63.5,51.55,1355.7,63.25,197600,-19950,829,532840868.75,651,F1,475,,,,,
2026-02-18,2026-02-18,FO,NSE,STO,83968,,CDSL,,2026-02-24,2026-02-24,1220.0,CE,CDSL26FEB1220CE,136.5,139.7,128.1,139.7,139.7,121.8,1355.7,139.7,74100,-1900,6,3856548.75,6,F1,475,,,,,
2026-02-18,2026-02-18,FO,NSE,STO,96620,,CDSL,,2026-03-30,2026-03-30,1420.0,CE,CDSL26MAR1420CE,30.0,30.0,25.0,27.6,27.6,26.6,1355.7,27.6,16625,1900,24,16490076.25,22,F1,475,,,,,
2026-02-18,2026-02-18,FO,NSE,STO,83421,,CDSL,,2026-02-24,2026-02-24,1120.0,PE,CDSL26FEB1120PE,0.9,0.9,0.55,0.85,0.85,1.05,1355.7,0.85,100225,-3800,11,5855372.5,8,F1,475,,,,,
2026-02-18,2026-02-18,FO,NSE,STO,83973,,CDSL,,2026-02-24,2026-02-24,1260.0,PE,CDSL26FEB1260PE,2.65,3.25,1.25,1.35,1.4,3.25,1355.7,1.35,363850,-18050,406,243372448.75,249,F1,475,,,,,
2026-02-18,2026-02-18,FO,NSE,STO,84298,,CDSL,,2026-03-30,2026-03-30,1120.0,PE,CDSL26MAR1120PE,0.0,0.0,0.0,14.35,0.0,14.35,1355.7,3.3,0,0,0,0.0,0,F1,475,,,,,
2026-02-18,2026-02-18,FO,NSE,STO,84303,,CDSL,,2026-03-30,2026-03-30,1200.0,PE,CDSL26MAR1200PE,10.95,10.95,7.5,7.65,7.85,10.95,1355.7,7.65,101175,4750,139,79824343.75,100,F1,475,,,,,
2026-02-18,2026-02-18,FO,NSE,STO,84323,,CDSL,,2026-03-30,2026-03-30,1360.0,PE,CDSL26MAR1360PE,54.45,62.85,49.95,50.6,51.5,61.85,1355.7,50.6,30875,9025,41,27593723.75,41,F1,475,,,,,
2026-02-18,2026-02-18,FO,NSE,STO,96728,,CDSL,,2026-04-28,2026-04-28,1400.0,PE,CDSL26APR1400PE,0.0,0.0,0.0,144.15,0.0,144.15,1355.7,103.0,0,0,0,0.0,0,F1,475,,,,,
2026-02-18,2026-02-18,FO,NSE,STO,84304,,CDSL,,2026-03-30,2026-03-30,1240.0,CE,CDSL26MAR1240CE,0.0,0.0,0.0,249.4,0.0,249.4,1355.7,142.6,0,0,0,0.0,0,F1,475,,,,,
2026-02-18,2026-02-18,FO,NSE,STO,84301,,CDSL,,2026-03-30,2026-03-30,1200.0,CE,CDSL26MAR1200CE,157.0,157.0,150.0,150.0,150.0,151.0,1355.7,174.55,9025,3800,9,5789181.25,9,F1,475,,,,,
2026-02-18,2026-02-18,FO,NSE,STO,96735,,CDSL,,2026-04-28,2026-04-28,1560.0,CE,CDSL26APR1560CE,0.0,0.0,0.0,42.35,0.0,42.35,1355.7,27.1,0,0,0,0.0,0,F1,475,,,,,
2026-02-18,2026-02-18,FO,NSE,STO,96725,,CDSL,,2026-04-28,2026-04-28,1360.0,CE,CDSL26APR1360CE,0.0,0.0,0.0,103.75,0.0,103.75,1355.7,91.0,0,0,0,0.0,0,F1,475,,,,,
2026-02-18,2026-02-18,FO,NSE,STO,96718,,CDSL,,2026-04-28,2026-04-28,1320.0,CE,CDSL26APR1320CE,0.0,0.0,0.0,121.9,0.0,121.9,1355.7,111.7,0,0,0,0.0,0,F1,475,,,,,
2026-02-18,2026-02-18,FO,NSE,STO,96716,,CDSL,,2026-04-28,2026-04-28,1280.0,CE,CDSL26APR1280CE,0.0,0.0,0.0,142.35,0.0,142.35,1355.7,135.4,0,0,0,0.0,0,F1,475,,,,,
2026-02-18,2026-02-18,FO,NSE,STO,84328,,CDSL,,2026-03-30,2026-03-30,1480.0,CE,CDSL26MAR1480CE,16.5,16.5,12.95,14.05,14.1,15.0,1355.7,14.05,58425,38000,117,83017816.25,63,F1,475,,,,,
2026-02-18,2026-02-18,FO,NSE,STO,84322,,CDSL,,2026-03-30,2026-03-30,1360.0,CE,CDSL26MAR1360CE,51.0,53.8,43.55,50.6,50.1,46.35,1355.7,50.6,61275,21850,83,55524293.75,75,F1,475,,,,,
2026-02-18,2026-02-18,FO,NSE,STO,84160,,CDSL,,2026-02-24,2026-02-24,1420.0,CE,CDSL26FEB1420CE,5.4,6.05,3.15,3.9,3.9,4.9,1355.7,3.9,625575,28500,1699,1149142396.25,1211,F1,475,,,,,
2026-02-18,2026-02-18,FO,NSE,STO,83964,,CDSL,,2026-02-24,2026-02-24,1140.0,CE,CDSL26FEB1140CE,0.0,0.0,0.0,219.6,219.6,219.6,1355.7,216.75,13300,0,0,0.0,0,F1,475,,,,,
2026-02-18,2026-02-18,FO,NSE,STO,83420,,CDSL,,2026-02-24,2026-02-24,1120.0,CE,CDSL26FEB1120CE,0.0,0.0,0.0,245.0,245.0,245.0,1355.7,236.7,6175,0,0,0.0,0,F1,475,,,,,
2026-02-18,2026-02-18,FO,NSE,STO,42183,,CDSL,,2026-02-24,2026-02-24,1080.0,CE,CDSL26FEB1080CE,0.0,0.0,0.0,489.45,0.0,489.45,1355.7,276.7,0,0,0,0.0,0,F1,475,,,,,
2026-02-18,2026-02-18,FO,NSE,STO,96628,,CDSL,,2026-03-30,2026-03-30,1540.0,PE,CDSL26MAR1540PE,0.0,0.0,0.0,199.4,199.4,199.4,1355.7,189.7,2375,0,0,0.0,0,F1,475,,,,,
2026-02-18,2026-02-18,FO,NSE,STO,96576,,CDSL,,2026-03-30,2026-03-30,1060.0,PE,CDSL26MAR1060PE,0.0,0.0,0.0,8.9,0.0,8.9,1355.7,1.0,0,0,0,0.0,0,F1,475,,,,,
2026-02-18,2026-02-18,FO,NSE,STO,84213,,CDSL,,2026-02-24,2026-02-24,1580.0,PE,CDSL26FEB1580PE,0.0,0.0,0.0,202.7,201.5,202.7,1355.7,222.9,18050,0,0,0.0,0,F1,475,,,,,
2026-02-18,2026-02-18,FO,NSE,STO,84171,,CDSL,,2026-02-24,2026-02-24,1460.0,PE,CDSL26FEB1460PE,112.75,122.75,108.6,108.6,108.6,119.2,1355.7,104.7,50350,-17100,47,35103901.25,29,F1,475,,,,,
2026-02-18,2026-02-18,FO,NSE,STO,83969,,CDSL,,2026-02-24,2026-02-24,1220.0,PE,CDSL26FEB1220PE,6.1,6.1,0.9,0.95,1.0,1.8,1355.7,0.95,99750,-13300,65,37706070.0,64,F1,475,,,,,
2026-02-18,2026-02-18,FO,NSE,STO,83401,,CDSL,,2026-02-24,2026-02-24,1040.0,PE,CDSL26FEB1040PE,0.0,0.0,0.0,1.0,1.0,1.0,1355.7,0.05,19950,0,0,0.0,0,F1,475,,,,,
2026-02-18,2026-02-18,FO,NSE,STO,96575,,CDSL,,2026-03-30,2026-03-30,1060.0,CE,CDSL26MAR1060CE,0.0,0.0,0.0,282.05,0.0,282.05,1355.7,303.1,0,0,0,0.0,0,F1,475,,,,,
2026-02-18,2026-02-18,FO,NSE,STO,96585,,CDSL,,2026-03-30,2026-03-30,1180.0,CE,CDSL26MAR1180CE,0.0,0.0,0.0,184.85,0.0,184.85,1355.7,191.55,0,0,0,0.0,0,F1,475,,,,,
2026-02-18,2026-02-18,FO,NSE,STO,96734,,CDSL,,2026-04-28,2026-04-28,1520.0,PE,CDSL26APR1520PE,0.0,0.0,0.0,225.8,0.0,225.8,1355.7,183.95,0,0,0,0.0,0,F1,475,,,,,
2026-02-18,2026-02-18,FO,NSE,STO,96732,,CDSL,,2026-04-28,2026-04-28,1480.0,PE,CDSL26APR1480PE,0.0,0.0,0.0,196.8,0.0,196.8,1355.7,154.6,0,0,0,0.0,0,F1,475,,,,,
2026-02-18,2026-02-18,FO,NSE,STO,96724,,CDSL,,2026-04-28,2026-04-28,1320.0,PE,CDSL26APR1320PE,0.0,0.0,0.0,99.6,0.0,99.6,1355.7,62.35,0,0,0,0.0,0,F1,475,,,,,
2026-02-18,2026-02-18,FO,NSE,STO,84329,,CDSL,,2026-03-30,2026-03-30,1480.0,PE,CDSL26MAR1480PE,136.0,137.0,132.0,132.3,132.9,149.0,1355.7,132.3,17575,6175,14,10726402.5,11,F1,475,,,,,
2026-02-18,2026-02-18,FO,NSE,STO,84325,,CDSL,,2026-03-30,2026-03-30,1400.0,PE,CDSL26MAR1400PE,75.0,89.5,72.65,73.3,74.0,87.5,1355.7,73.3,212325,40375,158,111421058.75,104,F1,475,,,,,
2026-02-18,2026-02-18,FO,NSE,STO,83464,,CDSL,,2026-02-24,2026-02-24,1720.0,PE,CDSL26FEB1720PE,370.0,370.0,370.0,370.0,370.0,376.0,1355.7,362.75,30875,-475,1,992750.0,1,F1,475,,,,,
2026-02-18,2026-02-18,FO,NSE,STO,83449,,CDSL,,2026-02-24,2026-02-24,1560.0,PE,CDSL26FEB1560PE,0.0,0.0,0.0,213.5,213.5,213.5,1355.7,202.9,13300,0,0,0.0,0,F1,475,,,,,
2026-02-18,2026-02-18,FO,NSE,STO,84161,,CDSL,,2026-02-24,2026-02-24,1420.0,PE,CDSL26FEB1420PE,78.35,83.8,63.1,63.95,64.55,82.5,1355.7,63.95,76475,-4750,39,27690315.0,39,F1,475,,,,,
2026-02-18,2026-02-18,FO,NSE,STO,83427,,CDSL,,2026-02-24,2026-02-24,1240.0,PE,CDSL26FEB1240PE,7.4,7.4,1.05,1.1,1.1,2.35,1355.7,1.1,104025,-40375,340,200505765.0,167,F1,475,,,,,
2026-02-18,2026-02-18,FO,NSE,STO,83963,,CDSL,,2026-02-24,2026-02-24,1100.0,PE,CDSL26FEB1100PE,0.7,0.75,0.4,0.55,0.4,0.75,1355.7,0.55,53200,-8550,37,19343140.0,32,F1,475,,,,,
2026-02-18,2026-02-18,FO,NSE,STO,96623,,CDSL,,2026-03-30,2026-03-30,1460.0,CE,CDSL26MAR1460CE,18.85,18.85,16.0,17.4,17.7,17.75,1355.7,17.4,31825,4275,50,35073548.75,30,F1,475,,,,,
2026-02-18,2026-02-18,FO,NSE,STO,96581,,CDSL,,2026-03-30,2026-03-30,1140.0,CE,CDSL26MAR1140CE,0.0,0.0,0.0,215.1,0.0,215.1,1355.7,227.25,0,0,0,0.0,0,F1,475,,,,,
2026-02-18,2026-02-18,FO,NSE,STO,84318,,CDSL,,2026-03-30,2026-03-30,1320.0,CE,CDSL26MAR1320CE,73.0,73.2,73.0,73.1,73.2,66.85,1355.7,73.1,8550,-950,2,1323445.0,2,F1,475,,,,,
2026-02-18,2026-02-18,FO,NSE,STO,96741,,CDSL,,2026-04-28,2026-04-28,1680.0,CE,CDSL26APR1680CE,0.0,0.0,0.0,23.2,0.0,23.2,1355.7,11.45,0,0,0,0.0,0,F1,475,,,,,
2026-02-18,2026-02-18,FO,NSE,STO,96593,,CDSL,,2026-03-30,2026-03-30,1300.0,CE,CDSL26MAR1300CE,78.0,86.0,73.45,85.05,85.5,77.2,1355.7,85.05,86925,17575,55,36012006.25,43,F1,475,,,,,
2026-02-18,2026-02-18,FO,NSE,STO,96748,,CDSL,,2026-04-28,2026-04-28,1680.0,PE,CDSL26APR1680PE,0.0,0.0,0.0,355.4,0.0,355.4,1355.7,318.35,0,0,0,0.0,0,F1,475,,,,,
2026-02-18,2026-02-18,FO,NSE,STO,96715,,CDSL,,2026-04-28,2026-04-28,1240.0,PE,CDSL26APR1240PE,0.0,0.0,0.0,64.0,0.0,64.0,1355.7,33.4,0,0,0,0.0,0,F1,475,,,,,
2026-02-18,2026-02-18,FO,NSE,STO,84327,,CDSL,,2026-03-30,2026-03-30,1440.0,PE,CDSL26MAR1440PE,116.5,119.0,116.5,119.0,119.0,116.5,1355.7,112.05,13300,1900,4,2959962.5,4,F1,475,,,,,
2026-02-18,2026-02-18,FO,NSE,STO,96614,,CDSL,,2026-03-30,2026-03-30,1380.0,CE,CDSL26MAR1380CE,38.15,42.65,36.3,42.45,42.4,38.15,1355.7,42.45,17575,5700,21,14162932.5,20,F1,475,,,,,
2026-02-18,2026-02-18,FO,NSE,STO,96592,,CDSL,,2026-03-30,2026-03-30,1260.0,PE,CDSL26MAR1260PE,18.0,21.75,15.8,16.05,15.8,21.75,1355.7,16.05,57475,9975,38,23077780.0,20,F1,475,,,,,
2026-02-18,2026-02-18,FO,NSE,STO,83453,,CDSL,,2026-02-24,2026-02-24,1640.0,PE,CDSL26FEB1640PE,291.35,291.35,284.0,284.0,284.0,281.0,1355.7,282.8,17575,-475,4,3666073.75,2,F1,475,,,,,
2026-02-18,2026-02-18,FO,NSE,STO,83441,,CDSL,,2026-02-24,2026-02-24,1440.0,PE,CDSL26FEB1440PE,85.8,102.65,81.0,81.75,81.0,101.15,1355.7,81.75,117325,-8550,55,40088575.0,52,F1,475,,,,,
2026-02-18,2026-02-18,FO,NSE,STO,83429,,CDSL,,2026-02-24,2026-02-24,1280.0,PE,CDSL26FEB1280PE,4.0,4.75,1.85,2.0,2.1,5.25,1355.7,2.0,351975,26125,834,508356898.75,598,F1,475,,,,,
2026-02-18,2026-02-18,FO,NSE,STO,41608,,CDSL,,2026-02-24,2026-02-24,1000.0,PE,CDSL26FEB1000PE,0.25,0.25,0.15,0.15,0.15,0.35,1355.7,0.15,28500,-2375,9,4275902.5,9,F1,475,,,,,
2026-02-18,2026-02-18,FO,NSE,STO,96704,,CDSL,,2026-04-28,2026-04-28,1120.0,CE,CDSL26APR1120CE,0.0,0.0,0.0,246.95,0.0,246.95,1355.7,256.95,0,0,0,0.0,0,F1,475,,,,,
2026-02-18,2026-02-18,FO,NSE,STO,84299,,CDSL,,2026-03-30,2026-03-30,1160.0,CE,CDSL26MAR1160CE,0.0,0.0,0.0,203.9,203.9,203.9,1355.7,209.15,5700,0,0,0.0,0,F1,475,,,,,
2026-02-18,2026-02-18,FO,NSE,STO,84297,,CDSL,,2026-03-30,2026-03-30,1120.0,CE,CDSL26MAR1120CE,0.0,0.0,0.0,344.8,0.0,344.8,1355.7,245.75,0,0,0,0.0,0,F1,475,,,,,
2026-02-18,2026-02-18,FO,NSE,STO,83446,,CDSL,,2026-02-24,2026-02-24,1560.0,CE,CDSL26FEB1560CE,0.75,0.75,0.5,0.55,0.5,0.95,1355.7,0.55,95000,-6175,24,17790460.0,24,F1,475,,,,,
2026-02-18,2026-02-18,FO,NSE,STO,84335,,CDSL,,2026-03-30,2026-03-30,1560.0,PE,CDSL26MAR1560PE,200.0,200.0,200.0,200.0,200.0,215.0,1355.7,200.0,2850,475,1,836000.0,1,F1,475,,,,,
2026-02-18,2026-02-18,FO,NSE,STO,83422,,CDSL,,2026-02-24,2026-02-24,1160.0,CE,CDSL26FEB1160CE,0.0,0.0,0.0,206.55,206.55,206.55,1355.7,196.75,12825,0,0,0.0,0,F1,475,,,,,
2026-02-18,2026-02-18,FO,NSE,STO,83424,,CDSL,,2026-02-24,2026-02-24,1200.0,CE,CDSL26FEB1200CE,156.0,156.0,149.1,152.55,152.55,145.0,1355.7,156.85,85975,-1425,3,1927383.75,3,F1,475,,,,,
2026-02-18,2026-02-18,FO,NSE,STO,84170,,CDSL,,2026-02-24,2026-02-24,1460.0,CE,CDSL26FEB1460CE,2.7,3.2,1.6,1.85,1.85,2.7,1355.7,1.85,282150,-22800,682,473611670.0,483,F1,475,,,,,
2026-02-18,2026-02-18,FO,NSE,STO,96736,,CDSL,,2026-04-28,2026-04-28,1560.0,PE,CDSL26APR1560PE,0.0,0.0,0.0,256.35,0.0,256.35,1355.7,215.25,0,0,0,0.0,0,F1,475,,,,,
2026-02-18,2026-02-18,FO,NSE,STO,96730,,CDSL,,2026-04-28,2026-04-28,1440.0,PE,CDSL26APR1440PE,0.0,0.0,0.0,169.55,0.0,169.55,1355.7,127.55,0,0,0,0.0,0,F1,475,,,,,
2026-02-18,2026-02-18,FO,NSE,STO,84319,,CDSL,,2026-03-30,2026-03-30,1320.0,PE,CDSL26MAR1320PE,43.5,43.5,32.6,32.8,33.0,41.65,1355.7,32.8,16150,475,11,7089612.5,11,F1,475,,,,,
2026-02-18,2026-02-18,FO,NSE,STO,84296,,CDSL,,2026-03-30,2026-03-30,1080.0,PE,CDSL26MAR1080PE,0.0,0.0,0.0,9.8,0.0,9.8,1355.7,1.55,0,0,0,0.0,0,F1,475,,,,,
2026-02-18,2026-02-18,FO,NSE,STO,96605,,CDSL,,2026-03-30,2026-03-30,1300.0,PE,CDSL26MAR1300PE,28.5,35.85,25.5,25.9,26.25,34.45,1355.7,25.9,149150,-28025,233,147219600.0,153,F1,475,,,,,
2026-02-18,2026-02-18,FO,NSE,STO,96619,,CDSL,,2026-03-30,2026-03-30,1380.0,PE,CDSL26MAR1380PE,73.25,73.25,72.8,72.85,72.85,71.8,1355.7,74.45,9025,950,3,2070477.5,3,F1,475,,,,,
2026-02-18,2026-02-18,FO,NSE,STO,84337,,CDSL,,2026-03-30,2026-03-30,1600.0,PE,CDSL26MAR1600PE,252.0,260.4,245.0,245.0,245.0,257.0,1355.7,242.6,122550,9500,20,17614686.25,17,F1,475,,,,,
2026-02-18,2026-02-18,FO,NSE,STO,96726,,CDSL,,2026-04-28,2026-04-28,1360.0,PE,CDSL26APR1360PE,0.0,0.0,0.0,120.8,0.0,120.8,1355.7,81.25,0,0,0,0.0,0,F1,475,,,,,
2026-02-18,2026-02-18,FO,NSE,STO,83431,,CDSL,,2026-02-24,2026-02-24,1320.0,PE,CDSL26FEB1320PE,13.15,14.25,5.5,6.05,6.15,14.25,1355.7,6.05,259350,11875,1499,946969713.75,1316,F1,475,,,,,
2026-02-18,2026-02-18,FO,NSE,STO,84209,,CDSL,,2026-02-24,2026-02-24,1540.0,PE,CDSL26FEB1540PE,0.0,0.0,0.0,199.55,199.55,199.55,1355.7,183.0,14250,0,0,0.0,0,F1,475,,,,,
2026-02-18,2026-02-18,FO,NSE,STO,83430,,CDSL,,2026-02-24,2026-02-24,1320.0,CE,CDSL26FEB1320CE,44.45,48.8,30.85,45.95,46.05,37.15,1355.7,45.95,211850,-10450,581,374790437.5,560,F1,475,,,,,
2026-02-18,2026-02-18,FO,NSE,STO,84289,,CDSL,,2026-03-30,2026-03-30,1040.0,CE,CDSL26MAR1040CE,0.0,0.0,0.0,415.75,0.0,415.75,1355.7,322.6,0,0,0,0.0,0,F1,475,,,,,
2026-02-18,2026-02-18,FO,NSE,STO,84324,,CDSL,,2026-03-30,2026-03-30,1400.0,CE,CDSL26MAR1400CE,32.75,37.0,29.4,34.05,33.3,32.05,1355.7,34.05,291650,21850,364,247710742.5,306,F1,475,,,,,
2026-02-18,2026-02-18,FO,NSE,STO,84334,,CDSL,,2026-03-30,2026-03-30,1560.0,CE,CDSL26MAR1560CE,0.0,0.0,0.0,81.55,0.0,81.55,1355.7,12.0,0,0,0,0.0,0,F1,475,,,,,
2026-02-18,2026-02-18,FO,NSE,STO,83445,,CDSL,,2026-02-24,2026-02-24,1520.0,PE,CDSL26FEB1520PE,170.0,170.0,164.5,164.5,164.5,168.0,1355.7,163.1,21375,-950,2,1602887.5,2,F1,475,,,,,
2026-02-18,2026-02-18,FO,NSE,STO,96627,,CDSL,,2026-03-30,2026-03-30,1540.0,CE,CDSL26MAR1540CE,0.0,0.0,0.0,29.05,0.0,29.05,1355.7,14.65,0,0,0,0.0,0,F1,475,,,,,
2026-02-18,2026-02-18,FO,NSE,STO,84332,,CDSL,,2026-03-30,2026-03-30,1520.0,CE,CDSL26MAR1520CE,9.45,9.45,8.2,9.2,9.1,10.15,1355.7,9.2,34200,25175,81,58823097.5,56,F1,475,,,,,
2026-02-18,2026-02-18,FO,NSE,STO,96625,,CDSL,,2026-03-30,2026-03-30,1500.0,CE,CDSL26MAR1500CE,13.35,13.9,10.35,11.4,11.35,12.3,1355.7,11.4,402325,69825,773,555021658.75,506,F1,475,,,,,
2026-02-18,2026-02-18,FO,NSE,STO,83436,,CDSL,,2026-02-24,2026-02-24,1400.0,CE,CDSL26FEB1400CE,7.95,9.45,4.8,6.5,6.55,7.3,1355.7,6.5,1407900,-35150,4447,2970912912.5,3228,F1,475,,,,,
2026-02-18,2026-02-18,FO,NSE,STO,84078,,CDSL,,2026-02-24,2026-02-24,1380.0,CE,CDSL26FEB1380CE,11.0,15.0,7.8,11.5,11.3,11.15,1355.7,11.5,793725,-30400,3051,2015426377.5,2702,F1,475,,,,,
2026-02-18,2026-02-18,FO,NSE,STO,83432,,CDSL,,2026-02-24,2026-02-24,1360.0,CE,CDSL26FEB1360CE,19.7,23.15,12.4,19.4,19.25,17.05,1355.7,19.4,729600,-32300,4785,3131134806.25,4023,F1,475,,,,,
2026-02-18,2026-02-18,FO,NSE,STO,83428,,CDSL,,2026-02-24,2026-02-24,1280.0,CE,CDSL26FEB1280CE,69.1,82.5,67.0,82.05,82.5,67.7,1355.7,82.05,81225,-950,18,11570715.0,18,F1,475,,,,,
2026-02-18,2026-02-18,FO,NSE,STO,96731,,CDSL,,2026-04-28,2026-04-28,1480.0,CE,CDSL26APR1480CE,0.0,0.0,0.0,61.55,0.0,61.55,1355.7,45.6,0,0,0,0.0,0,F1,475,,,,,
2026-02-18,2026-02-18,FO,NSE,STO,83426,,CDSL,,2026-02-24,2026-02-24,1240.0,CE,CDSL26FEB1240CE,99.55,121.2,99.55,121.2,121.2,105.1,1355.7,121.2,79800,-3800,12,7694548.75,12,F1,475,,,,,
2026-02-18,2026-02-18,FO,NSE,STO,83972,,CDSL,,2026-02-24,2026-02-24,1260.0,CE,CDSL26FEB1260CE,90.0,102.05,89.75,101.0,100.0,101.05,1355.7,101.0,70775,-3325,12,7724046.25,12,F1,475,,,,,
2026-02-18,2026-02-18,FO,NSE,STO,96738,,CDSL,,2026-04-28,2026-04-28,1600.0,PE,CDSL26APR1600PE,0.0,0.0,0.0,288.2,0.0,288.2,1355.7,248.3,0,0,0,0.0,0,F1,475,,,,,
2026-02-18,2026-02-18,FO,NSE,STO,84333,,CDSL,,2026-03-30,2026-03-30,1520.0,PE,CDSL26MAR1520PE,174.0,174.0,174.0,174.0,174.0,172.0,1355.7,172.95,5700,475,1,804650.0,1,F1,475,,,,,
2026-02-18,2026-02-18,FO,NSE,STO,96621,,CDSL,,2026-03-30,2026-03-30,1420.0,PE,CDSL26MAR1420PE,95.0,95.4,95.0,95.4,95.4,96.0,1355.7,98.65,3800,950,2,1439440.0,2,F1,475,,,,,
2026-02-18,2026-02-18,FO,NSE,STO,84310,,CDSL,,2026-03-30,2026-03-30,1240.0,PE,CDSL26MAR1240PE,15.4,17.0,12.5,12.55,12.5,17.45,1355.7,12.55,22325,-1900,18,10734477.5,16,F1,475,,,,,
2026-02-18,2026-02-18,FO,NSE,STO,96589,,CDSL,,2026-03-30,2026-03-30,1220.0,PE,CDSL26MAR1220PE,13.5,13.5,12.65,12.7,12.7,18.0,1355.7,15.2,7125,5225,14,8197740.0,6,F1,475,,,,,
2026-02-18,2026-02-18,FO,NSE,STO,84288,,CDSL,,2026-03-30,2026-03-30,1000.0,PE,CDSL26MAR1000PE,0.0,0.0,0.0,4.05,0.0,4.05,1355.7,0.25,0,0,0,0.0,0,F1,475,,,,,
2026-02-18,2026-02-18,FO,NSE,STO,83457,,CDSL,,2026-02-24,2026-02-24,1680.0,PE,CDSL26FEB1680PE,0.0,0.0,0.0,319.95,319.95,319.95,1355.7,322.8,79325,0,0,0.0,0,F1,475,,,,,
2026-02-18,2026-02-18,FO,NSE,STO,84079,,CDSL,,2026-02-24,2026-02-24,1380.0,PE,CDSL26FEB1380PE,44.1,51.0,30.1,31.4,31.2,47.95,1355.7,31.4,273600,-20900,341,230027466.25,325,F1,475,,,,,
2026-02-18,2026-02-18,FO,NSE,STO,84005,,CDSL,,2026-02-24,2026-02-24,1340.0,PE,CDSL26FEB1340PE,20.05,23.2,10.1,11.05,10.9,22.65,1355.7,11.05,346275,-42750,2628,1694026890.0,2118,F1,475,,,,,
2026-02-18,2026-02-18,FO,NSE,STO,96691,,CDSL,,2026-04-28,2026-04-28,960.0,CE,CDSL26APR960CE,0.0,0.0,0.0,382.5,0.0,382.5,1355.7,406.45,0,0,0,0.0,0,F1,475,,,,,
2026-02-18,2026-02-18,FO,NSE,STO,96709,,CDSL,,2026-04-28,2026-04-28,1200.0,CE,CDSL26APR1200CE,0.0,0.0,0.0,190.15,0.0,190.15,1355.7,191.25,0,0,0,0.0,0,F1,475,,,,,
2026-02-18,2026-02-18,FO,NSE,STO,84336,,CDSL,,2026-03-30,2026-03-30,1600.0,CE,CDSL26MAR1600CE,5.3,5.5,3.6,4.2,4.25,5.15,1355.7,4.2,107350,23275,107,81530733.75,84,F1,475,,,,,
2026-02-18,2026-02-18,FO,NSE,STO,96587,,CDSL,,2026-03-30,2026-03-30,1180.0,PE,CDSL26MAR1180PE,0.0,0.0,0.0,30.4,0.0,30.4,1355.7,8.75,0,0,0,0.0,0,F1,475,,,,,
2026-02-18,2026-02-18,FO,NSE,STO,84214,,CDSL,,2026-02-24,2026-02-24,1620.0,CE,CDSL26FEB1620CE,0.3,0.3,0.3,0.3,0.3,0.5,1355.7,0.05,11400,-950,2,1539285.0,1,F1,475,,,,,
2026-02-18,2026-02-18,FO,NSE,STO,84212,,CDSL,,2026-02-24,2026-02-24,1580.0,CE,CDSL26FEB1580CE,0.5,0.5,0.5,0.5,0.5,0.5,1355.7,0.05,25650,0,3,2252212.5,1,F1,475,,,,,
2026-02-18,2026-02-18,FO,NSE,STO,83451,,CDSL,,2026-02-24,2026-02-24,1600.0,PE,CDSL26FEB1600PE,260.0,260.0,242.0,242.0,242.0,260.0,1355.7,242.0,201875,-5700,15,13183126.25,14,F1,475,,,,,
2026-02-18,2026-02-18,FO,NSE,STO,84175,,CDSL,,2026-02-24,2026-02-24,1500.0,PE,CDSL26FEB1500PE,146.05,162.45,140.0,140.8,141.5,160.8,1355.7,140.8,232275,-45600,192,150632546.25,89,F1,475,,,,,
2026-02-18,2026-02-18,FO,NSE,STO,94464,,EICHERMOT,,2026-02-24,2026-02-24,7950.0,PE,EICHERMOT26FEB7950PE,82.65,105.0,63.4,66.05,64.0,80.4,8009.55,66.05,60900,500,1780,1430174120.0,1514,F1,100,,,,,
2026-02-18,2026-02-18,FO,NSE,STO,91459,,EICHERMOT,,2026-02-24,2026-02-24,8500.0,PE,EICHERMOT26FEB8500PE,557.0,557.0,503.0,503.0,503.0,540.0,8009.55,485.1,1800,-300,3,2710800.0,3,F1,100,,,,,
2026-02-18,2026-02-18,FO,NSE,STO,91463,,EICHERMOT,,2026-02-24,2026-02-24,8700.0,PE,EICHERMOT26FEB8700PE,0.0,0.0,0.0,1406.05,0.0,1406.05,8009.55,682.8,0,0,0,0.0,0,F1,100,,,,,
2026-02-18,2026-02-18,FO,NSE,STO,94571,,EICHERMOT,,2026-03-30,2026-03-30,6200.0,PE,EICHERMOT26MAR6200PE,0.0,0.0,0.0,6.15,6.15,6.15,8009.55,0.05,200,0,0,0.0,0,F1,100,,,,,
2026-02-18,2026-02-18,FO,NSE,STO,94662,,EICHERMOT,,2026-03-30,2026-03-30,7100.0,PE,EICHERMOT26MAR7100PE,0.0,0.0,0.0,32.05,32.05,32.05,8009.55,12.25,800,0,0,0.0,0,F1,100,,,,,
2026-02-18,2026-02-18,FO,NSE,STO,94684,,EICHERMOT,,2026-03-30,2026-03-30,7600.0,PE,EICHERMOT26MAR7600PE,87.0,94.9,79.05,79.65,79.25,87.0,8009.55,79.65,8200,1000,16,12296570.0,15,F1,100,,,,,
2026-02-18,2026-02-18,FO,NSE,STO,107112,,EICHERMOT,,2026-04-28,2026-04-28,6000.0,PE,EICHERMOT26APR6000PE,0.0,0.0,0.0,27.65,0.0,27.65,8009.55,0.3,0,0,0,0.0,0,F1,100,,,,,
2026-02-18,2026-02-18,FO,NSE,STO,107133,,EICHERMOT,,2026-04-28,2026-04-28,6700.0,CE,EICHERMOT26APR6700CE,0.0,0.0,0.0,714.45,0.0,714.45,8009.55,1387.8,0,0,0,0.0,0,F1,100,,,,,
2026-02-18,2026-02-18,FO,NSE,STO,91414,,EICHERMOT,,2026-02-24,2026-02-24,7000.0,CE,EICHERMOT26FEB7000CE,980.0,1012.0,954.65,995.0,995.0,1014.05,8009.55,1015.9,72900,-5300,60,47960505.0,23,F1,100,,,,,
2026-02-18,2026-02-18,FO,NSE,STO,107002,,EICHERMOT,,2026-03-30,2026-03-30,8050.0,CE,EICHERMOT26MAR8050CE,0.0,0.0,0.0,72.4,0.0,72.4,8009.55,250.4,0,0,0,0.0,0,F1,100,,,,,
2026-02-18,2026-02-18,FO,NSE,STO,94705,,EICHERMOT,,2026-03-30,2026-03-30,8600.0,CE,EICHERMOT26MAR8600CE,63.0,63.0,58.0,58.0,58.0,70.0,8009.55,58.0,900,400,5,4329700.0,5,F1,100,,,,,
2026-02-18,2026-02-18,FO,NSE,STO,94434,,EICHERMOT,,2026-02-24,2026-02-24,6450.0,PE,EICHERMOT26FEB6450PE,2.2,2.2,1.3,1.6,1.6,2.15,8009.55,1.6,77800,700,81,52257560.0,62,F1,100,,,,,
2026-02-18,2026-02-18,FO,NSE,STO,107142,,EICHERMOT,,2026-04-28,2026-04-28,7000.0,PE,EICHERMOT26APR7000PE,0.0,0.0,0.0,249.95,0.0,249.95,8009.55,25.8,0,0,0,0.0,0,F1,100,,,,,
2026-02-18,2026-02-18,FO,NSE,STO,107146,,EICHERMOT,,2026-04-28,2026-04-28,7100.0,PE,EICHERMOT26APR7100PE,0.0,0.0,0.0,292.45,0.0,292.45,8009.55,35.2,0,0,0,0.0,0,F1,100,,,,,
2026-02-18,2026-02-18,FO,NSE,STO,94689,,EICHERMOT,,2026-03-30,2026-03-30,7800.0,CE,EICHERMOT26MAR7800CE,380.0,380.0,350.0,374.75,374.5,407.0,8009.55,374.75,12800,700,49,40005200.0,38,F1,100,,,,,
2026-02-18,2026-02-18,FO,NSE,STO,106809,,EICHERMOT,,2026-03-30,2026-03-30,6450.0,CE,EICHERMOT26MAR6450CE,0.0,0.0,0.0,836.8,0.0,836.8,8009.55,1598.65,0,0,0,0.0,0,F1,100,,,,,
2026-02-18,2026-02-18,FO,NSE,STO,94469,,EICHERMOT,,2026-02-24,2026-02-24,8250.0,CE,EICHERMOT26FEB8250CE,36.95,36.95,16.9,21.6,22.2,38.75,8009.55,21.6,46600,7500,1383,1144078900.0,1334,F1,100,,,,,
2026-02-18,2026-02-18,FO,NSE,STO,91436,,EICHERMOT,,2026-02-24,2026-02-24,8000.0,CE,EICHERMOT26FEB8000CE,120.65,120.65,75.7,96.95,97.0,126.15,8009.55,96.95,143500,10500,7015,5676099790.0,5316,F1,100,,,,,
2026-02-18,2026-02-18,FO,NSE,STO,94455,,EICHERMOT,,2026-02-24,2026-02-24,7550.0,CE,EICHERMOT26FEB7550CE,436.85,459.3,405.6,427.3,427.3,499.0,8009.55,468.3,17700,-2200,47,37499720.0,47,F1,100,,,,,
2026-02-18,2026-02-18,FO,NSE,STO,94451,,EICHERMOT,,2026-02-24,2026-02-24,7350.0,CE,EICHERMOT26FEB7350CE,0.0,0.0,0.0,620.35,620.35,620.35,8009.55,666.3,19500,0,0,0.0,0,F1,100,,,,,
2026-02-18,2026-02-18,FO,NSE,STO,91420,,EICHERMOT,,2026-02-24,2026-02-24,7300.0,CE,EICHERMOT26FEB7300CE,655.0,715.4,655.0,712.15,713.65,742.0,8009.55,712.15,71600,-600,15,12000000.0,15,F1,100,,,,,
2026-02-18,2026-02-18,FO,NSE,STO,91400,,EICHERMOT,,2026-02-24,2026-02-24,6300.0,CE,EICHERMOT26FEB6300CE,0.0,0.0,0.0,1700.0,1700.0,1700.0,8009.55,1715.25,0,0,0,0.0,0,F1,100,,,,,
2026-02-18,2026-02-18,FO,NSE,STO,91394,,EICHERMOT,,2026-02-24,2026-02-24,6000.0,CE,EICHERMOT26FEB6000CE,0.0,0.0,0.0,1800.0,1800.0,1800.0,8009.55,2014.95,1100,0,0,0.0,0,F1,100,,,,,
2026-02-18,2026-02-18,FO,NSE,STO,107156,,EICHERMOT,,2026-04-28,2026-04-28,7300.0,PE,EICHERMOT26APR7300PE,0.0,0.0,0.0,389.8,0.0,389.8,8009.55,62.05,0,0,0,0.0,0,F1,100,,,,,
2026-02-18,2026-02-18,FO,NSE,STO,107124,,EICHERMOT,,2026-04-28,2026-04-28,6500.0,PE,EICHERMOT26APR6500PE,0.0,0.0,0.0,97.75,0.0,97.75,8009.55,3.95,0,0,0,0.0,0,F1,100,,,,,
2026-02-18,2026-02-18,FO,NSE,STO,107031,,EICHERMOT,,2026-03-30,2026-03-30,8550.0,PE,EICHERMOT26MAR8550PE,0.0,0.0,0.0,1319.65,0.0,1319.65,8009.55,570.0,0,0,0,0.0,0,F1,100,,,,,
2026-02-18,2026-02-18,FO,NSE,STO,106982,,EICHERMOT,,2026-03-30,2026-03-30,7550.0,PE,EICHERMOT26MAR7550PE,0.0,0.0,0.0,80.5,80.5,80.5,8009.55,66.5,800,0,0,0.0,0,F1,100,,,,,
2026-02-18,2026-02-18,FO,NSE,STO,106962,,EICHERMOT,,2026-03-30,2026-03-30,7150.0,PE,EICHERMOT26MAR7150PE,0.0,0.0,0.0,266.95,0.0,266.95,8009.55,15.25,0,0,0,0.0,0,F1,100,,,,,
2026-02-18,2026-02-18,FO,NSE,STO,94607,,EICHERMOT,,2026-03-30,2026-03-30,6700.0,PE,EICHERMOT26MAR6700PE,0.0,0.0,0.0,13.6,13.6,13.6,8009.55,1.55,600,0,0,0.0,0,F1,100,,,,,
2026-02-18,2026-02-18,FO,NSE,STO,106821,,EICHERMOT,,2026-03-30,2026-03-30,6650.0,PE,EICHERMOT26MAR6650PE,0.0,0.0,0.0,24.05,24.05,24.05,8009.55,1.15,4700,0,0,0.0,0,F1,100,,,,,
2026-02-18,2026-02-18,FO,NSE,STO,91447,,EICHERMOT,,2026-02-24,2026-02-24,8100.0,CE,EICHERMOT26FEB8100CE,73.85,74.35,41.45,54.65,55.85,79.75,8009.55,54.65,91000,-18600,3398,2770288270.0,2880,F1,100,,,,,
2026-02-18,2026-02-18,FO,NSE,STO,106819,,EICHERMOT,,2026-03-30,2026-03-30,6550.0,PE,EICHERMOT26MAR6550PE,0.0,0.0,0.0,100.5,100.5,100.5,8009.55,0.6,100,0,0,0.0,0,F1,100,,,,,
2026-02-18,2026-02-18,FO,NSE,STO,94577,,EICHERMOT,,2026-03-30,2026-03-30,6500.0,PE,EICHERMOT26MAR6500PE,6.65,6.65,6.65,6.65,6.65,10.0,8009.55,6.65,1600,0,1,650665.0,1,F1,100,,,,,
2026-02-18,2026-02-18,FO,NSE,STO,106808,,EICHERMOT,,2026-03-30,2026-03-30,6350.0,PE,EICHERMOT26MAR6350PE,0.0,0.0,0.0,40.85,0.0,40.85,8009.55,0.15,0,0,0,0.0,0,F1,100,,,,,
2026-02-18,2026-02-18,FO,NSE,STO,94470,,EICHERMOT,,2026-02-24,2026-02-24,8250.0,PE,EICHERMOT26FEB8250PE,0.0,0.0,0.0,261.95,261.95,261.95,8009.55,254.85,100,0,0,0.0,0,F1,100,,,,,
2026-02-18,2026-02-18,FO,NSE,STO,91427,,EICHERMOT,,2026-02-24,2026-02-24,7600.0,PE,EICHERMOT26FEB7600PE,16.65,16.95,9.0,9.85,9.35,15.65,8009.55,9.85,183800,700,804,612068495.0,504,F1,100,,,,,
2026-02-18,2026-02-18,FO,NSE,STO,94454,,EICHERMOT,,2026-02-24,2026-02-24,7450.0,PE,EICHERMOT26FEB7450PE,6.2,8.05,3.85,4.2,4.2,7.9,8009.55,4.2,31200,-2200,127,94688465.0,108,F1,100,,,,,
2026-02-18,2026-02-18,FO,NSE,STO,94444,,EICHERMOT,,2026-02-24,2026-02-24,6950.0,PE,EICHERMOT26FEB6950PE,1.5,1.95,1.1,1.95,1.95,4.15,8009.55,1.95,7100,0,4,2780650.0,4,F1,100,,,,,
2026-02-18,2026-02-18,FO,NSE,STO,107141,,EICHERMOT,,2026-04-28,2026-04-28,7000.0,CE,EICHERMOT26APR7000CE,0.0,0.0,0.0,521.65,0.0,521.65,8009.55,1107.75,0,0,0,0.0,0,F1,100,,,,,
2026-02-18,2026-02-18,FO,NSE,STO,107121,,EICHERMOT,,2026-04-28,2026-04-28,6400.0,CE,EICHERMOT26APR6400CE,0.0,0.0,0.0,940.7,0.0,940.7,8009.55,1678.25,0,0,0,0.0,0,F1,100,,,,,
2026-02-18,2026-02-18,FO,NSE,STO,107028,,EICHERMOT,,2026-03-30,2026-03-30,8450.0,CE,EICHERMOT26MAR8450CE,0.0,0.0,0.0,29.9,0.0,29.9,8009.55,104.05,0,0,0,0.0,0,F1,100,,,,,
2026-02-18,2026-02-18,FO,NSE,STO,107026,,EICHERMOT,,2026-03-30,2026-03-30,8350.0,CE,EICHERMOT26MAR8350CE,98.0,110.0,98.0,109.35,110.0,130.0,8009.55,109.35,5400,-100,16,13529915.0,13,F1,100,,,,,
2026-02-18,2026-02-18,FO,NSE,STO,107024,,EICHERMOT,,2026-03-30,2026-03-30,8250.0,CE,EICHERMOT26MAR8250CE,0.0,0.0,0.0,47.1,0.0,47.1,8009.55,165.55,0,0,0,0.0,0,F1,100,,,,,
2026-02-18,2026-02-18,FO,NSE,STO,106979,,EICHERMOT,,2026-03-30,2026-03-30,7450.0,CE,EICHERMOT26MAR7450CE,0.0,0.0,0.0,667.9,667.9,667.9,8009.55,652.3,500,0,0,0.0,0,F1,100,,,,,
2026-02-18,2026-02-18,FO,NSE,STO,94580,,EICHERMOT,,2026-03-30,2026-03-30,6700.0,CE,EICHERMOT26MAR6700CE,0.0,0.0,0.0,735.4,0.0,735.4,8009.55,1351.4,0,0,0,0.0,0,F1,100,,,,,
2026-02-18,2026-02-18,FO,NSE,STO,107123,,EICHERMOT,,2026-04-28,2026-04-28,6500.0,CE,EICHERMOT26APR6500CE,0.0,0.0,0.0,861.8,0.0,861.8,8009.55,1580.75,0,0,0,0.0,0,F1,100,,,,,
2026-02-18,2026-02-18,FO,NSE,STO,107103,,EICHERMOT,,2026-04-28,2026-04-28,5800.0,CE,EICHERMOT26APR5800CE,0.0,0.0,0.0,1468.2,0.0,1468.2,8009.55,2269.65,0,0,0,0.0,0,F1,100,,,,,
2026-02-18,2026-02-18,FO,NSE,STO,106990,,EICHERMOT,,2026-03-30,2026-03-30,7650.0,CE,EICHERMOT26MAR7650CE,0.0,0.0,0.0,91.9,91.9,91.9,8009.55,495.5,500,0,0,0.0,0,F1,100,,,,,
2026-02-18,2026-02-18,FO,NSE,STO,107167,,EICHERMOT,,2026-04-28,2026-04-28,7600.0,PE,EICHERMOT26APR7600PE,0.0,0.0,0.0,565.95,0.0,565.95,8009.55,128.25,0,0,0,0.0,0,F1,100,,,,,
2026-02-18,2026-02-18,FO,NSE,STO,107151,,EICHERMOT,,2026-04-28,2026-04-28,7200.0,PE,EICHERMOT26APR7200PE,0.0,0.0,0.0,339.05,0.0,339.05,8009.55,47.15,0,0,0,0.0,0,F1,100,,,,,
2026-02-18,2026-02-18,FO,NSE,STO,94461,,EICHERMOT,,2026-02-24,2026-02-24,7850.0,CE,EICHERMOT26FEB7850CE,185.65,201.75,157.35,192.95,196.3,220.8,8009.55,192.95,44500,-800,132,105939275.0,131,F1,100,,,,,
2026-02-18,2026-02-18,FO,NSE,STO,107140,,EICHERMOT,,2026-04-28,2026-04-28,6900.0,PE,EICHERMOT26APR6900PE,0.0,0.0,0.0,211.6,0.0,211.6,8009.55,18.5,0,0,0,0.0,0,F1,100,,,,,
2026-02-18,2026-02-18,FO,NSE,STO,94698,,EICHERMOT,,2026-03-30,2026-03-30,8200.0,PE,EICHERMOT26MAR8200PE,315.0,347.0,303.15,304.5,303.15,317.3,8009.55,304.5,22700,200,11,9380295.0,11,F1,100,,,,,
2026-02-18,2026-02-18,FO,NSE,STO,106993,,EICHERMOT,,2026-03-30,2026-03-30,7750.0,PE,EICHERMOT26MAR7750PE,117.85,131.5,117.85,131.5,131.5,124.05,8009.55,118.95,2800,-300,4,3149870.0,4,F1,100,,,,,
2026-02-18,2026-02-18,FO,NSE,STO,106976,,EICHERMOT,,2026-03-30,2026-03-30,7350.0,PE,EICHERMOT26MAR7350PE,0.0,0.0,0.0,55.75,55.75,55.75,8009.55,33.7,100,0,0,0.0,0,F1,100,,,,,
2026-02-18,2026-02-18,FO,NSE,STO,94609,,EICHERMOT,,2026-03-30,2026-03-30,6800.0,PE,EICHERMOT26MAR6800PE,0.0,0.0,0.0,20.0,20.0,20.0,8009.55,2.8,2800,0,0,0.0,0,F1,100,,,,,
2026-02-18,2026-02-18,FO,NSE,STO,94474,,EICHERMOT,,2026-02-24,2026-02-24,8450.0,PE,EICHERMOT26FEB8450PE,0.0,0.0,0.0,427.65,427.65,427.65,8009.55,436.7,500,0,0,0.0,0,F1,100,,,,,
2026-02-18,2026-02-18,FO,NSE,STO,94441,,EICHERMOT,,2026-02-24,2026-02-24,6850.0,CE,EICHERMOT26FEB6850CE,0.0,0.0,0.0,490.75,490.75,490.75,8009.55,1165.75,5100,0,0,0.0,0,F1,100,,,,,
2026-02-18,2026-02-18,FO,NSE,STO,91402,,EICHERMOT,,2026-02-24,2026-02-24,6400.0,CE,EICHERMOT26FEB6400CE,0.0,0.0,0.0,741.9,741.9,741.9,8009.55,1615.35,100,0,0,0.0,0,F1,100,,,,,
2026-02-18,2026-02-18,FO,NSE,STO,106981,,EICHERMOT,,2026-03-30,2026-03-30,7550.0,CE,EICHERMOT26MAR7550CE,0.0,0.0,0.0,126.2,126.2,126.2,8009.55,571.45,500,0,0,0.0,0,F1,100,,,,,
2026-02-18,2026-02-18,FO,NSE,STO,106818,,EICHERMOT,,2026-03-30,2026-03-30,6550.0,CE,EICHERMOT26MAR6550CE,0.0,0.0,0.0,755.15,0.0,755.15,8009.55,1499.55,0,0,0,0.0,0,F1,100,,,,,
2026-02-18,2026-02-18,FO,NSE,STO,94473,,EICHERMOT,,2026-02-24,2026-02-24,8450.0,CE,EICHERMOT26FEB8450CE,10.0,10.85,5.0,6.2,6.3,13.9,8009.55,6.2,8800,-4900,175,147989840.0,134,F1,100,,,,,
2026-02-18,2026-02-18,FO,NSE,STO,94467,,EICHERMOT,,2026-02-24,2026-02-24,8150.0,CE,EICHERMOT26FEB8150CE,58.0,58.0,30.8,39.95,41.1,63.45,8009.55,39.95,38400,2000,2059,1686150070.0,1870,F1,100,,,,,
2026-02-18,2026-02-18,FO,NSE,STO,91450,,EICHERMOT,,2026-02-24,2026-02-24,8200.0,PE,EICHERMOT26FEB8200PE,250.0,270.9,215.3,218.65,215.45,223.0,8009.55,218.65,85700,-11000,291,245740265.0,228,F1,100,,,,,
2026-02-18,2026-02-18,FO,NSE,STO,94458,,EICHERMOT,,2026-02-24,2026-02-24,7650.0,PE,EICHERMOT26FEB7650PE,18.15,21.75,10.6,11.85,11.4,18.8,8009.55,11.85,56500,6200,990,759031190.0,690,F1,100,,,,,
2026-02-18,2026-02-18,FO,NSE,STO,91409,,EICHERMOT,,2026-02-24,2026-02-24,6700.0,PE,EICHERMOT26FEB6700PE,0.8,1.5,0.8,1.5,1.5,1.45,8009.55,0.05,36400,-100,8,5361015.0,6,F1,100,,,,,
2026-02-18,2026-02-18,FO,NSE,STO,107250,,EICHERMOT,,2026-04-28,2026-04-28,8600.0,CE,EICHERMOT26APR8600CE,0.0,0.0,0.0,50.45,0.0,50.45,8009.55,141.25,0,0,0,0.0,0,F1,100,,,,,
2026-02-18,2026-02-18,FO,NSE,STO,107220,,EICHERMOT,,2026-04-28,2026-04-28,8100.0,PE,EICHERMOT26APR8100PE,0.0,0.0,0.0,928.9,0.0,928.9,8009.55,327.2,0,0,0,0.0,0,F1,100,,,,,
2026-02-18,2026-02-18,FO,NSE,STO,107153,,EICHERMOT,,2026-04-28,2026-04-28,7300.0,CE,EICHERMOT26APR7300CE,0.0,0.0,0.0,366.1,0.0,366.1,8009.55,847.1,0,0,0,0.0,0,F1,100,,,,,
2026-02-18,2026-02-18,FO,NSE,STO,91457,,EICHERMOT,,2026-02-24,2026-02-24,8400.0,PE,EICHERMOT26FEB8400PE,428.55,428.55,428.55,428.55,428.55,391.0,8009.55,389.1,1400,100,1,882855.0,1,F1,100,,,,,
2026-02-18,2026-02-18,FO,NSE,STO,91419,,EICHERMOT,,2026-02-24,2026-02-24,7200.0,PE,EICHERMOT26FEB7200PE,3.55,3.65,1.3,1.7,1.95,3.65,8009.55,1.7,91500,-17100,643,463094020.0,393,F1,100,,,,,
2026-02-18,2026-02-18,FO,NSE,STO,94447,,EICHERMOT,,2026-02-24,2026-02-24,7150.0,CE,EICHERMOT26FEB7150CE,0.0,0.0,0.0,861.15,861.15,861.15,8009.55,866.0,9400,0,0,0.0,0,F1,100,,,,,
2026-02-18,2026-02-18,FO,NSE,STO,94443,,EICHERMOT,,2026-02-24,2026-02-24,6950.0,CE,EICHERMOT26FEB6950CE,0.0,0.0,0.0,853.75,856.0,853.75,8009.55,1065.85,6700,0,0,0.0,0,F1,100,,,,,
2026-02-18,2026-02-18,FO,NSE,STO,91408,,EICHERMOT,,2026-02-24,2026-02-24,6700.0,CE,EICHERMOT26FEB6700CE,0.0,0.0,0.0,372.0,372.0,372.0,8009.55,1315.6,4600,0,0,0.0,0,F1,100,,,,,
2026-02-18,2026-02-18,FO,NSE,STF,59310,,EICHERMOT,,2026-02-24,2026-02-24,,,EICHERMOT26FEBFUT,8020.0,8021.0,7943.5,8008.5,8012.0,8025.5,8009.55,8008.5,2722900,-114500,3620,2890373700.0,3304,F1,100,,,,,
2026-02-18,2026-02-18,FO,NSE,STO,91425,,EICHERMOT,,2026-02-24,2026-02-24,7500.0,PE,EICHERMOT26FEB7500PE,9.55,10.25,5.1,5.5,5.4,9.9,8009.55,5.5,187300,-51200,1499,1125357395.0,949,F1,100,,,,,
2026-02-18,2026-02-18,FO,NSE,STO,107200,,EICHERMOT,,2026-04-28,2026-04-28,7900.0,CE,EICHERMOT26APR7900CE,0.0,0.0,0.0,160.3,0.0,160.3,8009.55,424.55,0,0,0,0.0,0,F1,100,,,,,
2026-02-18,2026-02-18,FO,NSE,STO,107147,,EICHERMOT,,2026-04-28,2026-04-28,7200.0,CE,EICHERMOT26APR7200CE,0.0,0.0,0.0,413.85,0.0,413.85,8009.55,931.15,0,0,0,0.0,0,F1,100,,,,,
2026-02-18,2026-02-18,FO,NSE,STO,107117,,EICHERMOT,,2026-04-28,2026-04-28,6200.0,CE,EICHERMOT26APR6200CE,0.0,0.0,0.0,1107.4,0.0,1107.4,8009.55,1874.65,0,0,0,0.0,0,F1,100,,,,,
2026-02-18,2026-02-18,FO,NSE,STO,107034,,EICHERMOT,,2026-03-30,2026-03-30,8750.0,CE,EICHERMOT26MAR8750CE,43.85,45.5,37.1,39.5,39.5,48.0,8009.55,47.1,700,100,7,6153985.0,7,F1,100,,,,,
2026-02-18,2026-02-18,FO,NSE,STO,94697,,EICHERMOT,,2026-03-30,2026-03-30,8200.0,CE,EICHERMOT26MAR8200CE,158.5,160.95,144.5,158.0,158.0,186.65,8009.55,158.0,20200,1000,61,50965225.0,49,F1,100,,,,,
2026-02-18,2026-02-18,FO,NSE,STO,94661,,EICHERMOT,,2026-03-30,2026-03-30,7100.0,CE,EICHERMOT26MAR7100CE,0.0,0.0,0.0,980.0,980.0,980.0,8009.55,964.45,4000,0,0,0.0,0,F1,100,,,,,
2026-02-18,2026-02-18,FO,NSE,STO,94614,,EICHERMOT,,2026-03-30,2026-03-30,6900.0,CE,EICHERMOT26MAR6900CE,0.0,0.0,0.0,601.15,0.0,601.15,8009.55,1155.75,0,0,0,0.0,0,F1,100,,,,,
2026-02-18,2026-02-18,FO,NSE,STO,94608,,EICHERMOT,,2026-03-30,2026-03-30,6800.0,CE,EICHERMOT26MAR6800CE,0.0,0.0,0.0,1250.0,1250.0,1250.0,8009.55,1253.2,100,0,0,0.0,0,F1,100,,,,,
2026-02-18,2026-02-18,FO,NSE,STO,94572,,EICHERMOT,,2026-03-30,2026-03-30,6300.0,CE,EICHERMOT26MAR6300CE,0.0,0.0,0.0,1750.0,1750.0,1750.0,8009.55,1747.5,100,0,0,0.0,0,F1,100,,,,,
2026-02-18,2026-02-18,FO,NSE,STO,94568,,EICHERMOT,,2026-03-30,2026-03-30,6100.0,CE,EICHERMOT26MAR6100CE,0.0,0.0,0.0,1218.65,0.0,1218.65,8009.55,1946.25,0,0,0,0.0,0,F1,100,,,,,
2026-02-18,2026-02-18,FO,NSE,STO,94479,,EICHERMOT,,2026-02-24,2026-02-24,8750.0,CE,EICHERMOT26FEB8750CE,4.3,4.3,2.25,2.3,2.45,4.3,8009.55,2.3,21200,-4600,68,59519885.0,33,F1,100,,,,,
2026-02-18,2026-02-18,FO,NSE,STO,91426,,EICHERMOT,,2026-02-24,2026-02-24,7600.0,CE,EICHERMOT26FEB7600CE,396.4,417.25,368.95,412.25,413.0,433.7,8009.55,412.25,54700,-400,37,29559800.0,29,F1,100,,,,,
2026-02-18,2026-02-18,FO,NSE,STO,94899,,EICHERMOT,,2026-03-30,2026-03-30,9000.0,PE,EICHERMOT26MAR9000PE,0.0,0.0,0.0,1700.6,0.0,1700.6,8009.55,958.65,0,0,0,0.0,0,F1,100,,,,,
2026-02-18,2026-02-18,FO,NSE,STO,107247,,EICHERMOT,,2026-04-28,2026-04-28,8400.0,PE,EICHERMOT26APR8400PE,0.0,0.0,0.0,1178.45,0.0,1178.45,8009.55,503.6,0,0,0,0.0,0,F1,100,,,,,
2026-02-18,2026-02-18,FO,NSE,STO,107251,,EICHERMOT,,2026-04-28,2026-04-28,8600.0,PE,EICHERMOT26APR8600PE,0.0,0.0,0.0,1354.25,0.0,1354.25,8009.55,642.75,0,0,0,0.0,0,F1,100,,,,,
2026-02-18,2026-02-18,FO,NSE,STO,107025,,EICHERMOT,,2026-03-30,2026-03-30,8250.0,PE,EICHERMOT26MAR8250PE,0.0,0.0,0.0,1046.35,0.0,1046.35,8009.55,356.45,0,0,0,0.0,0,F1,100,,,,,
2026-02-18,2026-02-18,FO,NSE,STO,94692,,EICHERMOT,,2026-03-30,2026-03-30,7900.0,PE,EICHERMOT26MAR7900PE,183.0,190.0,155.05,159.0,158.0,170.3,8009.55,159.0,13100,-800,69,55745680.0,60,F1,100,,,,,
2026-02-18,2026-02-18,FO,NSE,STO,106980,,EICHERMOT,,2026-03-30,2026-03-30,7450.0,PE,EICHERMOT26MAR7450PE,0.0,0.0,0.0,430.5,0.0,430.5,8009.55,47.95,0,0,0,0.0,0,F1,100,,,,,
2026-02-18,2026-02-18,FO,NSE,STO,94573,,EICHERMOT,,2026-03-30,2026-03-30,6300.0,PE,EICHERMOT26MAR6300PE,0.0,0.0,0.0,60.15,0.0,60.15,8009.55,0.1,0,0,0,0.0,0,F1,100,,,,,
2026-02-18,2026-02-18,FO,NSE,STO,91537,,EICHERMOT,,2026-02-24,2026-02-24,8800.0,PE,EICHERMOT26FEB8800PE,0.0,0.0,0.0,1495.9,0.0,1495.9,8009.55,782.55,0,0,0,0.0,0,F1,100,,,,,
2026-02-18,2026-02-18,FO,NSE,STO,94563,,EICHERMOT,,2026-03-30,2026-03-30,5800.0,PE,EICHERMOT26MAR5800PE,8.0,8.0,4.1,4.1,4.1,8.0,8009.55,4.1,300,200,2,1161210.0,2,F1,100,,,,,
2026-02-18,2026-02-18,FO,NSE,STO,91461,,EICHERMOT,,2026-02-24,2026-02-24,8600.0,PE,EICHERMOT26FEB8600PE,0.0,0.0,0.0,566.5,563.0,566.5,8009.55,583.45,100,0,0,0.0,0,F1,100,,,,,
2026-02-18,2026-02-18,FO,NSE,STO,94468,,EICHERMOT,,2026-02-24,2026-02-24,8150.0,PE,EICHERMOT26FEB8150PE,188.8,230.0,178.5,181.35,180.0,188.8,8009.55,181.35,11300,-2300,63,52583610.0,62,F1,100,,,,,
2026-02-18,2026-02-18,FO,NSE,STO,94457,,EICHERMOT,,2026-02-24,2026-02-24,7650.0,CE,EICHERMOT26FEB7650CE,360.0,370.75,360.0,369.65,368.4,382.3,8009.55,369.65,14600,-800,9,7216875.0,9,F1,100,,,,,
2026-02-18,2026-02-18,FO,NSE,STO,91428,,EICHERMOT,,2026-02-24,2026-02-24,7700.0,CE,EICHERMOT26FEB7700CE,301.2,326.0,270.35,323.05,323.0,343.85,8009.55,323.05,66000,-3500,82,65604070.0,78,F1,100,,,,,
2026-02-18,2026-02-18,FO,NSE,STO,91557,,EICHERMOT,,2026-02-24,2026-02-24,9000.0,CE,EICHERMOT26FEB9000CE,2.45,2.45,1.5,2.0,1.55,2.8,8009.55,2.0,53600,2100,175,157535390.0,129,F1,100,,,,,
2026-02-18,2026-02-18,FO,NSE,STO,106822,,EICHERMOT,,2026-03-30,2026-03-30,6750.0,CE,EICHERMOT26MAR6750CE,0.0,0.0,0.0,603.9,0.0,603.9,8009.55,1302.2,0,0,0,0.0,0,F1,100,,,,,
2026-02-18,2026-02-18,FO,NSE,STO,107346,,EICHERMOT,,2026-04-28,2026-04-28,9000.0,PE,EICHERMOT26APR9000PE,0.0,0.0,0.0,1721.65,0.0,1721.65,8009.55,962.4,0,0,0,0.0,0,F1,100,,,,,
2026-02-18,2026-02-18,FO,NSE,STO,94456,,EICHERMOT,,2026-02-24,2026-02-24,7550.0,PE,EICHERMOT26FEB7550PE,11.85,12.6,6.4,7.1,7.0,11.9,8009.55,7.1,28900,-2700,330,249477205.0,289,F1,100,,,,,
2026-02-18,2026-02-18,FO,NSE,STO,94432,,EICHERMOT,,2026-02-24,2026-02-24,6350.0,PE,EICHERMOT26FEB6350PE,0.0,0.0,0.0,1.9,1.9,1.9,8009.55,0.05,2700,0,0,0.0,0,F1,100,,,,,
2026-02-18,2026-02-18,FO,NSE,STO,107248,,EICHERMOT,,2026-04-28,2026-04-28,8500.0,CE,EICHERMOT26APR8500CE,0.0,0.0,0.0,60.2,0.0,60.2,8009.55,168.65,0,0,0,0.0,0,F1,100,,,,,
2026-02-18,2026-02-18,FO,NSE,STO,107219,,EICHERMOT,,2026-04-28,2026-04-28,8100.0,CE,EICHERMOT26APR8100CE,0.0,0.0,0.0,117.45,0.0,117.45,8009.55,320.55,0,0,0,0.0,0,F1,100,,,,,
2026-02-18,2026-02-18,FO,NSE,STO,107180,,EICHERMOT,,2026-04-28,2026-04-28,7800.0,CE,EICHERMOT26APR7800CE,0.0,0.0,0.0,185.65,0.0,185.65,8009.55,483.8,0,0,0,0.0,0,F1,100,,,,,
2026-02-18,2026-02-18,FO,NSE,STO,107135,,EICHERMOT,,2026-04-28,2026-04-28,6800.0,CE,EICHERMOT26APR6800CE,0.0,0.0,0.0,645.95,0.0,645.95,8009.55,1292.9,0,0,0,0.0,0,F1,100,,,,,
2026-02-18,2026-02-18,FO,NSE,STO,107125,,EICHERMOT,,2026-04-28,2026-04-28,6600.0,CE,EICHERMOT26APR6600CE,0.0,0.0,0.0,786.25,0.0,786.25,8009.55,1483.85,0,0,0,0.0,0,F1,100,,,,,
2026-02-18,2026-02-18,FO,NSE,STO,107119,,EICHERMOT,,2026-04-28,2026-04-28,6300.0,CE,EICHERMOT26APR6300CE,0.0,0.0,0.0,1022.65,0.0,1022.65,8009.55,1776.3,0,0,0,0.0,0,F1,100,,,,,
2026-02-18,2026-02-18,FO,NSE,STO,107030,,EICHERMOT,,2026-03-30,2026-03-30,8550.0,CE,EICHERMOT26MAR8550CE,0.0,0.0,0.0,81.5,81.5,81.5,8009.55,80.9,800,0,0,0.0,0,F1,100,,,,,
2026-02-18,2026-02-18,FO,NSE,STO,94431,,EICHERMOT,,2026-02-24,2026-02-24,6350.0,CE,EICHERMOT26FEB6350CE,0.0,0.0,0.0,850.0,850.0,850.0,8009.55,1665.3,100,0,0,0.0,0,F1,100,,,,,
2026-02-18,2026-02-18,FO,NSE,STO,94435,,EICHERMOT,,2026-02-24,2026-02-24,6550.0,CE,EICHERMOT26FEB6550CE,0.0,0.0,0.0,765.15,0.0,765.15,8009.55,1465.45,0,0,0,0.0,0,F1,100,,,,,
2026-02-18,2026-02-18,FO,NSE,STO,91418,,EICHERMOT,,2026-02-24,2026-02-24,7200.0,CE,EICHERMOT26FEB7200CE,799.0,811.35,757.6,807.55,811.35,811.0,8009.55,807.55,23100,-1400,25,19958125.0,23,F1,100,,,,,
2026-02-18,2026-02-18,FO,NSE,STO,94453,,EICHERMOT,,2026-02-24,2026-02-24,7450.0,CE,EICHERMOT26FEB7450CE,531.9,566.5,508.3,566.5,566.5,581.2,8009.55,566.5,10600,-1100,12,9572075.0,12,F1,100,,,,,
2026-02-18,2026-02-18,FO,NSE,STO,107126,,EICHERMOT,,2026-04-28,2026-04-28,6600.0,PE,EICHERMOT26APR6600PE,0.0,0.0,0.0,120.65,0.0,120.65,8009.55,6.0,0,0,0,0.0,0,F1,100,,,,,
2026-02-18,2026-02-18,FO,NSE,STO,94663,,EICHERMOT,,2026-03-30,2026-03-30,7200.0,CE,EICHERMOT26MAR7200CE,845.0,882.0,844.0,874.3,874.25,866.3,8009.55,874.3,6600,3500,43,34617555.0,22,F1,100,,,,,
2026-02-18,2026-02-18,FO,NSE,STO,94703,,EICHERMOT,,2026-03-30,2026-03-30,8500.0,CE,EICHERMOT26MAR8500CE,88.0,88.0,68.15,73.15,70.15,90.9,8009.55,73.15,41200,-5000,368,315504090.0,307,F1,100,,,,,
2026-02-18,2026-02-18,FO,NSE,STO,107106,,EICHERMOT,,2026-04-28,2026-04-28,5800.0,PE,EICHERMOT26APR5800PE,0.0,0.0,0.0,14.9,0.0,14.9,8009.55,0.1,0,0,0,0.0,0,F1,100,,,,,
2026-02-18,2026-02-18,FO,NSE,STO,94897,,EICHERMOT,,2026-03-30,2026-03-30,8900.0,PE,EICHERMOT26MAR8900PE,0.0,0.0,0.0,1607.55,0.0,1607.55,8009.55,867.3,0,0,0,0.0,0,F1,100,,,,,
2026-02-18,2026-02-18,FO,NSE,STO,94682,,EICHERMOT,,2026-03-30,2026-03-30,7500.0,PE,EICHERMOT26MAR7500PE,72.05,77.65,62.0,64.05,63.0,72.95,8009.55,64.05,138200,17500,495,374659420.0,287,F1,100,,,,,
2026-02-18,2026-02-18,FO,NSE,STO,106950,,EICHERMOT,,2026-03-30,2026-03-30,6950.0,PE,EICHERMOT26MAR6950PE,0.0,0.0,0.0,132.4,132.4,132.4,8009.55,6.05,200,0,0,0.0,0,F1,100,,,,,
2026-02-18,2026-02-18,FO,NSE,STO,94569,,EICHERMOT,,2026-03-30,2026-03-30,6100.0,PE,EICHERMOT26MAR6100PE,0.0,0.0,0.0,18.65,18.65,18.65,8009.55,0.05,0,0,0,0.0,0,F1,100,,,,,
2026-02-18,2026-02-18,FO,NSE,STO,91460,,EICHERMOT,,2026-02-24,2026-02-24,8600.0,CE,EICHERMOT26FEB8600CE,5.15,5.4,2.9,3.3,3.95,8.05,8009.55,3.3,34700,-8200,560,481815335.0,415,F1,100,,,,,
2026-02-18,2026-02-18,FO,NSE,STO,43991,,EICHERMOT,,2026-02-24,2026-02-24,9100.0,CE,EICHERMOT26FEB9100CE,1.95,1.95,1.4,1.6,1.6,2.4,8009.55,0.05,2900,0,17,15472610.0,16,F1,100,,,,,
2026-02-18,2026-02-18,FO,NSE,STO,94570,,EICHERMOT,,2026-03-30,2026-03-30,6200.0,CE,EICHERMOT26MAR6200CE,0.0,0.0,0.0,1131.05,0.0,1131.05,8009.55,1846.85,0,0,0,0.0,0,F1,100,,,,,
2026-02-18,2026-02-18,FO,NSE,STO,106947,,EICHERMOT,,2026-03-30,2026-03-30,6950.0,CE,EICHERMOT26MAR6950CE,0.0,0.0,0.0,379.0,379.0,379.0,8009.55,1107.4,100,0,0,0.0,0,F1,100,,,,,
2026-02-18,2026-02-18,FO,NSE,STO,106820,,EICHERMOT,,2026-03-30,2026-03-30,6650.0,CE,EICHERMOT26MAR6650CE,0.0,0.0,0.0,677.35,0.0,677.35,8009.55,1400.7,0,0,0,0.0,0,F1,100,,,,,
2026-02-18,2026-02-18,FO,NSE,STO,94578,,EICHERMOT,,2026-03-30,2026-03-30,6600.0,CE,EICHERMOT26MAR6600CE,0.0,0.0,0.0,1515.0,1515.0,1515.0,8009.55,1450.05,100,0,0,0.0,0,F1,100,,,,,
2026-02-18,2026-02-18,FO,NSE,STO,107221,,EICHERMOT,,2026-04-28,2026-04-28,8200.0,CE,EICHERMOT26APR8200CE,0.0,0.0,0.0,100.0,0.0,100.0,8009.55,275.75,0,0,0,0.0,0,F1,100,,,,,
2026-02-18,2026-02-18,FO,NSE,STO,94699,,EICHERMOT,,2026-03-30,2026-03-30,8300.0,CE,EICHERMOT26MAR8300CE,0.0,0.0,0.0,91.0,0.0,91.0,8009.55,148.1,0,0,0,0.0,0,F1,100,,,,,
2026-02-18,2026-02-18,FO,NSE,STO,107000,,EICHERMOT,,2026-03-30,2026-03-30,7950.0,CE,EICHERMOT26MAR7950CE,0.0,0.0,0.0,88.85,0.0,88.85,8009.55,302.3,0,0,0,0.0,0,F1,100,,,,,
2026-02-18,2026-02-18,FO,NSE,STO,94691,,EICHERMOT,,2026-03-30,2026-03-30,7900.0,CE,EICHERMOT26MAR7900CE,300.0,310.0,292.0,310.0,310.0,336.0,8009.55,330.6,7000,600,16,13115665.0,12,F1,100,,,,,
2026-02-18,2026-02-18,FO,NSE,STO,94683,,EICHERMOT,,2026-03-30,2026-03-30,7600.0,CE,EICHERMOT26MAR7600CE,520.0,525.0,519.95,525.0,525.0,485.4,8009.55,525.0,3800,200,8,6498995.0,8,F1,100,,,,,
2026-02-18,2026-02-18,FO,NSE,STO,106974,,EICHERMOT,,2026-03-30,2026-03-30,7350.0,CE,EICHERMOT26MAR7350CE,0.0,0.0,0.0,262.45,0.0,262.45,8009.55,737.4,0,0,0,0.0,0,F1,100,,,,,
2026-02-18,2026-02-18,FO,NSE,STO,107253,,EICHERMOT,,2026-04-28,2026-04-28,8700.0,PE,EICHERMOT26APR8700PE,0.0,0.0,0.0,1444.35,0.0,1444.35,8009.55,717.95,0,0,0,0.0,0,F1,100,,,,,
2026-02-18,2026-02-18,FO,NSE,STO,107035,,EICHERMOT,,2026-03-30,2026-03-30,8750.0,PE,EICHERMOT26MAR8750PE,0.0,0.0,0.0,1508.4,0.0,1508.4,8009.55,734.95,0,0,0,0.0,0,F1,100,,,,,
2026-02-18,2026-02-18,FO,NSE,STO,94706,,EICHERMOT,,2026-03-30,2026-03-30,8600.0,PE,EICHERMOT26MAR8600PE,0.0,0.0,0.0,1334.9,0.0,1334.9,8009.55,609.8,0,0,0,0.0,0,F1,100,,,,,
2026-02-18,2026-02-18,FO,NSE,STO,94700,,EICHERMOT,,2026-03-30,2026-03-30,8300.0,PE,EICHERMOT26MAR8300PE,0.0,0.0,0.0,1075.6,0.0,1075.6,8009.55,388.7,0,0,0,0.0,0,F1,100,,,,,
2026-02-18,2026-02-18,FO,NSE,STO,94680,,EICHERMOT,,2026-03-30,2026-03-30,7400.0,PE,EICHERMOT26MAR7400PE,64.5,64.5,49.0,49.5,49.3,58.15,8009.55,49.5,7400,600,22,16397800.0,18,F1,100,,,,,
2026-02-18,2026-02-18,FO,NSE,STO,106967,,EICHERMOT,,2026-03-30,2026-03-30,7250.0,PE,EICHERMOT26MAR7250PE,0.0,0.0,0.0,316.5,0.0,316.5,8009.55,23.0,0,0,0,0.0,0,F1,100,,,,,
2026-02-18,2026-02-18,FO,NSE,STO,106810,,EICHERMOT,,2026-03-30,2026-03-30,6450.0,PE,EICHERMOT26MAR6450PE,5.5,5.6,5.5,5.55,5.6,11.3,8009.55,5.55,4200,-200,4,2582220.0,2,F1,100,,,,,
2026-02-18,2026-02-18,FO,NSE,STO,94565,,EICHERMOT,,2026-03-30,2026-03-30,5900.0,PE,EICHERMOT26MAR5900PE,0.0,0.0,0.0,20.0,0.0,20.0,8009.55,0.05,0,0,0,0.0,0,F1,100,,,,,
2026-02-18,2026-02-18,FO,NSE,STO,94466,,EICHERMOT,,2026-02-24,2026-02-24,8050.0,PE,EICHERMOT26FEB8050PE,127.2,160.5,111.05,113.85,113.85,126.35,8009.55,113.85,18400,-5600,494,404475900.0,472,F1,100,,,,,
2026-02-18,2026-02-18,FO,NSE,STO,91446,,EICHERMOT,,2026-02-24,2026-02-24,8000.0,PE,EICHERMOT26FEB8000PE,100.65,132.0,84.3,87.75,85.0,101.2,8009.55,87.75,116700,-14500,2615,2119967285.0,2286,F1,100,,,,,
2026-02-18,2026-02-18,FO,NSE,STO,94460,,EICHERMOT,,2026-02-24,2026-02-24,7750.0,PE,EICHERMOT26FEB7750PE,29.25,36.9,19.7,20.35,20.4,29.65,8009.55,20.35,63600,-1600,980,762218180.0,848,F1,100,,,,,
2026-02-18,2026-02-18,FO,NSE,STO,91429,,EICHERMOT,,2026-02-24,2026-02-24,7700.0,PE,EICHERMOT26FEB7700PE,23.65,28.3,14.6,15.55,15.0,23.95,8009.55,15.55,201200,-11600,1972,1522576715.0,1317,F1,100,,,,,
2026-02-18,2026-02-18,FO,NSE,STO,94450,,EICHERMOT,,2026-02-24,2026-02-24,7250.0,PE,EICHERMOT26FEB7250PE,3.9,3.9,1.55,1.85,1.95,4.1,8009.55,1.85,20300,-1400,90,65271570.0,76,F1,100,,,,,
2026-02-18,2026-02-18,FO,NSE,STO,91417,,EICHERMOT,,2026-02-24,2026-02-24,7100.0,PE,EICHERMOT26FEB7100PE,2.85,2.85,1.2,1.7,1.7,3.1,8009.55,1.7,71500,-42900,795,564592075.0,459,F1,100,,,,,
2026-02-18,2026-02-18,FO,NSE,STO,94440,,EICHERMOT,,2026-02-24,2026-02-24,6750.0,PE,EICHERMOT26FEB6750PE,0.0,0.0,0.0,2.25,3.25,2.25,8009.55,0.05,10900,0,0,0.0,0,F1,100,,,,,
2026-02-18,2026-02-18,FO,NSE,STO,91390,,EICHERMOT,,2026-02-24,2026-02-24,5800.0,CE,EICHERMOT26FEB5800CE,0.0,0.0,0.0,1522.25,0.0,1522.25,8009.55,2214.8,0,0,0,0.0,0,F1,100,,,,,
2026-02-18,2026-02-18,FO,NSE,STO,91404,,EICHERMOT,,2026-02-24,2026-02-24,6500.0,CE,EICHERMOT26FEB6500CE,1485.35,1485.35,1485.35,1485.35,1485.35,1565.0,8009.55,1515.4,5400,0,1,798535.0,1,F1,100,,,,,
2026-02-18,2026-02-18,FO,NSE,STO,91412,,EICHERMOT,,2026-02-24,2026-02-24,6900.0,CE,EICHERMOT26FEB6900CE,0.0,0.0,0.0,1040.0,1040.0,1040.0,8009.55,1115.8,18800,0,0,0.0,0,F1,100,,,,,
2026-02-18,2026-02-18,FO,NSE,STO,91416,,EICHERMOT,,2026-02-24,2026-02-24,7100.0,CE,EICHERMOT26FEB7100CE,875.0,903.2,875.0,903.2,903.2,935.0,8009.55,915.95,17900,-1100,33,26343065.0,10,F1,100,,,,,
2026-02-18,2026-02-18,FO,NSE,STO,91430,,EICHERMOT,,2026-02-24,2026-02-24,7800.0,CE,EICHERMOT26FEB7800CE,246.85,246.85,194.75,234.2,236.7,259.85,8009.55,234.2,101000,-17300,389,311953555.0,329,F1,100,,,,,
2026-02-18,2026-02-18,FO,NSE,STO,94463,,EICHERMOT,,2026-02-24,2026-02-24,7950.0,CE,EICHERMOT26FEB7950CE,145.45,146.8,97.35,124.1,124.0,156.05,8009.55,124.1,63100,-2300,1270,1024369695.0,1107,F1,100,,,,,
2026-02-18,2026-02-18,FO,NSE,STO,107223,,EICHERMOT,,2026-04-28,2026-04-28,8300.0,CE,EICHERMOT26APR8300CE,0.0,0.0,0.0,84.75,0.0,84.75,8009.55,235.65,0,0,0,0.0,0,F1,100,,,,,
2026-02-18,2026-02-18,FO,NSE,STO,94678,,EICHERMOT,,2026-03-30,2026-03-30,7300.0,PE,EICHERMOT26MAR7300PE,44.6,49.5,39.3,39.3,39.3,47.8,8009.55,39.3,13300,1100,46,33785315.0,37,F1,100,,,,,
2026-02-18,2026-02-18,FO,NSE,STO,107120,,EICHERMOT,,2026-04-28,2026-04-28,6300.0,PE,EICHERMOT26APR6300PE,0.0,0.0,0.0,61.65,0.0,61.65,8009.55,1.55,0,0,0,0.0,0,F1,100,,,,,
2026-02-18,2026-02-18,FO,NSE,STO,107159,,EICHERMOT,,2026-04-28,2026-04-28,7400.0,PE,EICHERMOT26APR7400PE,0.0,0.0,0.0,444.6,0.0,444.6,8009.55,80.3,0,0,0,0.0,0,F1,100,,,,,
2026-02-18,2026-02-18,FO,NSE,STO,107175,,EICHERMOT,,2026-04-28,2026-04-28,7700.0,PE,EICHERMOT26APR7700PE,0.0,0.0,0.0,632.1,0.0,632.1,8009.55,158.65,0,0,0,0.0,0,F1,100,,,,,
2026-02-18,2026-02-18,FO,NSE,STO,107181,,EICHERMOT,,2026-04-28,2026-04-28,7800.0,PE,EICHERMOT26APR7800PE,0.0,0.0,0.0,701.7,0.0,701.7,8009.55,193.6,0,0,0,0.0,0,F1,100,,,,,
2026-02-18,2026-02-18,FO,NSE,STO,107003,,EICHERMOT,,2026-03-30,2026-03-30,8050.0,PE,EICHERMOT26MAR8050PE,0.0,0.0,0.0,228.0,228.0,228.0,8009.55,242.45,200,0,0,0.0,0,F1,100,,,,,
2026-02-18,2026-02-18,FO,NSE,STO,91406,,EICHERMOT,,2026-02-24,2026-02-24,6600.0,CE,EICHERMOT26FEB6600CE,0.0,0.0,0.0,560.0,560.0,560.0,8009.55,1415.5,400,0,0,0.0,0,F1,100,,,,,
2026-02-18,2026-02-18,FO,NSE,STO,91451,,EICHERMOT,,2026-02-24,2026-02-24,8300.0,CE,EICHERMOT26FEB8300CE,27.3,27.3,12.5,15.4,16.15,30.3,8009.55,15.4,113300,-8600,3588,2983905180.0,3150,F1,100,,,,,
2026-02-18,2026-02-18,FO,NSE,STO,91538,,EICHERMOT,,2026-02-24,2026-02-24,8900.0,CE,EICHERMOT26FEB8900CE,2.4,2.7,1.7,2.05,1.7,3.65,8009.55,2.05,41900,6000,303,269739365.0,229,F1,100,,,,,
2026-02-18,2026-02-18,FO,NSE,STO,106959,,EICHERMOT,,2026-03-30,2026-03-30,7150.0,CE,EICHERMOT26MAR7150CE,0.0,0.0,0.0,356.2,0.0,356.2,8009.55,917.75,0,0,0,0.0,0,F1,100,,,,,
2026-02-18,2026-02-18,FO,NSE,STO,106992,,EICHERMOT,,2026-03-30,2026-03-30,7750.0,CE,EICHERMOT26MAR7750CE,380.95,380.95,365.5,365.5,365.5,377.1,8009.55,425.05,3300,0,2,1624645.0,2,F1,100,,,,,
2026-02-18,2026-02-18,FO,NSE,STO,107032,,EICHERMOT,,2026-03-30,2026-03-30,8650.0,CE,EICHERMOT26MAR8650CE,0.0,0.0,0.0,18.45,0.0,18.45,8009.55,62.1,0,0,0,0.0,0,F1,100,,,,,
2026-02-18,2026-02-18,FO,NSE,STO,94442,,EICHERMOT,,2026-02-24,2026-02-24,6850.0,PE,EICHERMOT26FEB6850PE,1.7,1.7,1.5,1.5,1.5,2.3,8009.55,0.05,15200,-200,5,3425770.0,5,F1,100,,,,,
2026-02-18,2026-02-18,FO,NSE,STO,91448,,EICHERMOT,,2026-02-24,2026-02-24,8100.0,PE,EICHERMOT26FEB8100PE,161.15,197.8,140.0,144.7,142.35,155.1,8009.55,144.7,20500,-7000,401,331524610.0,382,F1,100,,,,,
2026-02-18,2026-02-18,FO,NSE,STO,94567,,EICHERMOT,,2026-03-30,2026-03-30,6000.0,PE,EICHERMOT26MAR6000PE,0.0,0.0,0.0,2.0,2.0,2.0,8009.55,0.05,600,0,0,0.0,0,F1,100,,,,,
2026-02-18,2026-02-18,FO,NSE,STO,94702,,EICHERMOT,,2026-03-30,2026-03-30,8400.0,PE,EICHERMOT26MAR8400PE,0.0,0.0,0.0,1160.25,0.0,1160.25,8009.55,457.4,0,0,0,0.0,0,F1,100,,,,,
2026-02-18,2026-02-18,FO,NSE,STO,91462,,EICHERMOT,,2026-02-24,2026-02-24,8700.0,CE,EICHERMOT26FEB8700CE,5.25,5.25,2.25,2.7,3.0,5.6,8009.55,2.7,107100,-16000,1043,907738910.0,741,F1,100,,,,,
2026-02-18,2026-02-18,FO,NSE,STO,91449,,EICHERMOT,,2026-02-24,2026-02-24,8200.0,CE,EICHERMOT26FEB8200CE,44.35,46.2,22.7,28.75,29.25,48.85,8009.55,28.75,137900,-8800,4308,3545459615.0,3529,F1,100,,,,,
2026-02-18,2026-02-18,FO,NSE,STO,94564,,EICHERMOT,,2026-03-30,2026-03-30,5900.0,CE,EICHERMOT26MAR5900CE,0.0,0.0,0.0,1399.9,0.0,1399.9,8009.55,2145.0,0,0,0,0.0,0,F1,100,,,,,
2026-02-18,2026-02-18,FO,NSE,STO,94681,,EICHERMOT,,2026-03-30,2026-03-30,7500.0,CE,EICHERMOT26MAR7500CE,620.55,620.55,594.9,600.0,600.0,620.0,8009.55,611.3,30400,3500,47,38082730.0,33,F1,100,,,,,
2026-02-18,2026-02-18,FO,NSE,STO,94880,,EICHERMOT,,2026-03-30,2026-03-30,8800.0,CE,EICHERMOT26MAR8800CE,40.0,40.1,33.5,33.55,33.55,44.4,8009.55,40.8,7500,300,46,40646910.0,30,F1,100,,,,,
2026-02-18,2026-02-18,FO,NSE,STO,94701,,EICHERMOT,,2026-03-30,2026-03-30,8400.0,CE,EICHERMOT26MAR8400CE,91.95,96.0,86.15,96.0,96.0,113.0,8009.55,96.0,5500,3800,62,52643000.0,51,F1,100,,,,,
2026-02-18,2026-02-18,FO,NSE,STO,94695,,EICHERMOT,,2026-03-30,2026-03-30,8100.0,CE,EICHERMOT26MAR8100CE,210.05,210.15,182.9,203.35,204.3,224.5,8009.55,203.35,14400,0,94,77981040.0,72,F1,100,,,,,
2026-02-18,2026-02-18,FO,NSE,STO,107004,,EICHERMOT,,2026-03-30,2026-03-30,8150.0,CE,EICHERMOT26MAR8150CE,191.9,191.9,191.9,191.9,191.9,58.6,8009.55,204.9,100,100,1,834190.0,1,F1,100,,,,,
2026-02-18,2026-02-18,FO,NSE,STO,107255,,EICHERMOT,,2026-04-28,2026-04-28,8800.0,PE,EICHERMOT26APR8800PE,0.0,0.0,0.0,1535.75,0.0,1535.75,8009.55,796.55,0,0,0,0.0,0,F1,100,,,,,
2026-02-18,2026-02-18,FO,NSE,STO,107122,,EICHERMOT,,2026-04-28,2026-04-28,6400.0,PE,EICHERMOT26APR6400PE,0.0,0.0,0.0,78.2,0.0,78.2,8009.55,2.5,0,0,0,0.0,0,F1,100,,,,,
2026-02-18,2026-02-18,FO,NSE,STO,94881,,EICHERMOT,,2026-03-30,2026-03-30,8800.0,PE,EICHERMOT26MAR8800PE,0.0,0.0,0.0,1515.45,0.0,1515.45,8009.55,778.35,0,0,0,0.0,0,F1,100,,,,,
2026-02-18,2026-02-18,FO,NSE,STO,94879,,EICHERMOT,,2026-03-30,2026-03-30,8700.0,PE,EICHERMOT26MAR8700PE,0.0,0.0,0.0,1424.55,0.0,1424.55,8009.55,692.35,0,0,0,0.0,0,F1,100,,,,,
2026-02-18,2026-02-18,FO,NSE,STO,107029,,EICHERMOT,,2026-03-30,2026-03-30,8450.0,PE,EICHERMOT26MAR8450PE,0.0,0.0,0.0,1227.0,0.0,1227.0,8009.55,493.7,0,0,0,0.0,0,F1,100,,,,,
2026-02-18,2026-02-18,FO,NSE,STO,94694,,EICHERMOT,,2026-03-30,2026-03-30,8000.0,PE,EICHERMOT26MAR8000PE,215.05,234.0,196.0,198.35,196.0,208.75,8009.55,198.35,55000,7300,424,348293915.0,299,F1,100,,,,,
2026-02-18,2026-02-18,FO,NSE,STO,106991,,EICHERMOT,,2026-03-30,2026-03-30,7650.0,PE,EICHERMOT26MAR7650PE,0.0,0.0,0.0,96.6,97.15,96.6,8009.55,90.0,1300,0,0,0.0,0,F1,100,,,,,
2026-02-18,2026-02-18,FO,NSE,STO,94579,,EICHERMOT,,2026-03-30,2026-03-30,6600.0,PE,EICHERMOT26MAR6600PE,0.0,0.0,0.0,11.5,11.5,11.5,8009.55,0.85,9100,0,0,0.0,0,F1,100,,,,,
2026-02-18,2026-02-18,FO,NSE,STO,91638,,EICHERMOT,,2026-02-24,2026-02-24,9200.0,PE,EICHERMOT26FEB9200PE,0.0,0.0,0.0,1866.0,0.0,1866.0,8009.55,1182.15,0,0,0,0.0,0,F1,100,,,,,
2026-02-18,2026-02-18,FO,NSE,STO,91403,,EICHERMOT,,2026-02-24,2026-02-24,6400.0,PE,EICHERMOT26FEB6400PE,2.5,2.5,0.9,1.0,1.0,2.2,8009.55,1.0,11900,-200,4,2560565.0,4,F1,100,,,,,
2026-02-18,2026-02-18,FO,NSE,STO,91401,,EICHERMOT,,2026-02-24,2026-02-24,6300.0,PE,EICHERMOT26FEB6300PE,0.0,0.0,0.0,1.35,1.35,1.35,8009.55,0.05,10100,0,0,0.0,0,F1,100,,,,,
2026-02-18,2026-02-18,FO,NSE,STO,91397,,EICHERMOT,,2026-02-24,2026-02-24,6100.0,PE,EICHERMOT26FEB6100PE,1.5,1.5,0.6,0.65,0.6,1.5,8009.55,0.65,3700,-100,26,15862510.0,9,F1,100,,,,,
2026-02-18,2026-02-18,FO,NSE,STO,91393,,EICHERMOT,,2026-02-24,2026-02-24,5900.0,PE,EICHERMOT26FEB5900PE,1.4,1.4,1.0,1.4,1.4,1.3,8009.55,1.4,61600,-3700,61,35997750.0,30,F1,100,,,,,
2026-02-18,2026-02-18,FO,NSE,STO,107252,,EICHERMOT,,2026-04-28,2026-04-28,8700.0,CE,EICHERMOT26APR8700CE,0.0,0.0,0.0,42.1,0.0,42.1,8009.55,117.5,0,0,0,0.0,0,F1,100,,,,,
2026-02-18,2026-02-18,FO,NSE,STO,107166,,EICHERMOT,,2026-04-28,2026-04-28,7600.0,CE,EICHERMOT26APR7600CE,0.0,0.0,0.0,246.8,0.0,246.8,8009.55,616.4,0,0,0,0.0,0,F1,100,,,,,
2026-02-18,2026-02-18,FO,NSE,STO,94449,,EICHERMOT,,2026-02-24,2026-02-24,7250.0,CE,EICHERMOT26FEB7250CE,684.7,760.75,684.7,760.35,760.15,770.35,8009.55,760.35,25600,0,9,7186895.0,9,F1,100,,,,,
2026-02-18,2026-02-18,FO,NSE,STO,91539,,EICHERMOT,,2026-02-24,2026-02-24,8900.0,PE,EICHERMOT26FEB8900PE,0.0,0.0,0.0,1586.95,0.0,1586.95,8009.55,882.4,0,0,0,0.0,0,F1,100,,,,,
2026-02-18,2026-02-18,FO,NSE,STO,94478,,EICHERMOT,,2026-02-24,2026-02-24,8650.0,PE,EICHERMOT26FEB8650PE,0.0,0.0,0.0,1393.85,0.0,1393.85,8009.55,633.05,0,0,0,0.0,0,F1,100,,,,,
2026-02-18,2026-02-18,FO,NSE,STO,94476,,EICHERMOT,,2026-02-24,2026-02-24,8550.0,PE,EICHERMOT26FEB8550PE,0.0,0.0,0.0,1299.55,0.0,1299.55,8009.55,534.1,0,0,0,0.0,0,F1,100,,,,,
2026-02-18,2026-02-18,FO,NSE,STO,94439,,EICHERMOT,,2026-02-24,2026-02-24,6750.0,CE,EICHERMOT26FEB6750CE,0.0,0.0,0.0,1025.2,1025.2,1025.2,8009.55,1265.65,100,0,0,0.0,0,F1,100,,,,,
2026-02-18,2026-02-18,FO,NSE,STO,91455,,EICHERMOT,,2026-02-24,2026-02-24,8400.0,CE,EICHERMOT26FEB8400CE,14.95,17.05,6.6,8.35,9.05,18.5,8009.55,8.35,50600,-1200,1276,1073023615.0,1131,F1,100,,,,,
2026-02-18,2026-02-18,FO,NSE,STO,91635,,EICHERMOT,,2026-02-24,2026-02-24,9200.0,CE,EICHERMOT26FEB9200CE,0.0,0.0,0.0,23.15,0.0,23.15,8009.55,0.05,0,0,0,0.0,0,F1,100,,,,,
2026-02-18,2026-02-18,FO,NSE,STO,94576,,EICHERMOT,,2026-03-30,2026-03-30,6500.0,CE,EICHERMOT26MAR6500CE,0.0,0.0,0.0,1480.0,1480.0,1480.0,8009.55,1549.05,100,0,0,0.0,0,F1,100,,,,,
2026-02-18,2026-02-18,FO,NSE,STO,106945,,EICHERMOT,,2026-03-30,2026-03-30,6850.0,CE,EICHERMOT26MAR6850CE,0.0,0.0,0.0,534.4,0.0,534.4,8009.55,1204.35,0,0,0,0.0,0,F1,100,,,,,
2026-02-18,2026-02-18,FO,NSE,STO,106963,,EICHERMOT,,2026-03-30,2026-03-30,7250.0,CE,EICHERMOT26MAR7250CE,0.0,0.0,0.0,306.85,0.0,306.85,8009.55,826.1,0,0,0,0.0,0,F1,100,,,,,
2026-02-18,2026-02-18,FO,NSE,STO,94677,,EICHERMOT,,2026-03-30,2026-03-30,7300.0,CE,EICHERMOT26MAR7300CE,0.0,0.0,0.0,855.0,855.0,855.0,8009.55,781.35,14300,0,0,0.0,0,F1,100,,,,,
2026-02-18,2026-02-18,FO,NSE,STO,94679,,EICHERMOT,,2026-03-30,2026-03-30,7400.0,CE,EICHERMOT26MAR7400CE,0.0,0.0,0.0,730.0,730.0,730.0,8009.55,694.35,100,0,0,0.0,0,F1,100,,,,,
2026-02-18,2026-02-18,FO,NSE,STO,94685,,EICHERMOT,,2026-03-30,2026-03-30,7700.0,CE,EICHERMOT26MAR7700CE,425.0,448.0,418.65,448.0,448.0,478.95,8009.55,448.0,8400,-100,10,8132005.0,7,F1,100,,,,,
2026-02-18,2026-02-18,FO,NSE,STO,106996,,EICHERMOT,,2026-03-30,2026-03-30,7850.0,CE,EICHERMOT26MAR7850CE,0.0,0.0,0.0,108.3,0.0,108.3,8009.55,360.55,0,0,0,0.0,0,F1,100,,,,,
2026-02-18,2026-02-18,FO,NSE,STO,94693,,EICHERMOT,,2026-03-30,2026-03-30,8000.0,CE,EICHERMOT26MAR8000CE,257.05,265.0,227.0,253.1,255.0,280.55,8009.55,253.1,59000,5700,436,359478785.0,367,F1,100,,,,,
2026-02-18,2026-02-18,FO,NSE,STO,107143,,EICHERMOT,,2026-04-28,2026-04-28,7100.0,CE,EICHERMOT26APR7100CE,0.0,0.0,0.0,465.65,0.0,465.65,8009.55,1018.2,0,0,0,0.0,0,F1,100,,,,,
2026-02-18,2026-02-18,FO,NSE,STO,107246,,EICHERMOT,,2026-04-28,2026-04-28,8400.0,CE,EICHERMOT26APR8400CE,0.0,0.0,0.0,71.6,0.0,71.6,8009.55,200.05,0,0,0,0.0,0,F1,100,,,,,
2026-02-18,2026-02-18,FO,NSE,STO,91413,,EICHERMOT,,2026-02-24,2026-02-24,6900.0,PE,EICHERMOT26FEB6900PE,2.2,2.2,1.35,1.45,1.4,2.9,8009.55,1.45,57700,-5200,113,77990275.0,48,F1,100,,,,,
2026-02-18,2026-02-18,FO,NSE,STO,94446,,EICHERMOT,,2026-02-24,2026-02-24,7050.0,PE,EICHERMOT26FEB7050PE,2.85,2.85,1.15,1.75,1.85,2.85,8009.55,1.75,18100,-3600,90,63462850.0,78,F1,100,,,,,
2026-02-18,2026-02-18,FO,NSE,STO,91435,,EICHERMOT,,2026-02-24,2026-02-24,7900.0,PE,EICHERMOT26FEB7900PE,62.95,82.0,47.2,49.45,48.0,62.95,8009.55,49.45,117700,2200,2213,1762219990.0,1739,F1,100,,,,,
2026-02-18,2026-02-18,FO,NSE,STO,107249,,EICHERMOT,,2026-04-28,2026-04-28,8500.0,PE,EICHERMOT26APR8500PE,0.0,0.0,0.0,1265.55,0.0,1265.55,8009.55,571.2,0,0,0,0.0,0,F1,100,,,,,
2026-02-18,2026-02-18,FO,NSE,STO,107222,,EICHERMOT,,2026-04-28,2026-04-28,8200.0,PE,EICHERMOT26APR8200PE,0.0,0.0,0.0,1009.9,0.0,1009.9,8009.55,381.4,0,0,0,0.0,0,F1,100,,,,,
2026-02-18,2026-02-18,FO,NSE,STO,107214,,EICHERMOT,,2026-04-28,2026-04-28,8000.0,PE,EICHERMOT26APR8000PE,0.0,0.0,0.0,850.7,0.0,850.7,8009.55,277.85,0,0,0,0.0,0,F1,100,,,,,
2026-02-18,2026-02-18,FO,NSE,STO,107163,,EICHERMOT,,2026-04-28,2026-04-28,7500.0,PE,EICHERMOT26APR7500PE,0.0,0.0,0.0,503.4,0.0,503.4,8009.55,102.25,0,0,0,0.0,0,F1,100,,,,,
2026-02-18,2026-02-18,FO,NSE,STO,94916,,EICHERMOT,,2026-03-30,2026-03-30,9200.0,PE,EICHERMOT26MAR9200PE,0.0,0.0,0.0,1889.2,0.0,1889.2,8009.55,1146.75,0,0,0,0.0,0,F1,100,,,,,
2026-02-18,2026-02-18,FO,NSE,STO,35612,,EICHERMOT,,2026-03-30,2026-03-30,9100.0,PE,EICHERMOT26MAR9100PE,0.0,0.0,0.0,1682.6,0.0,1682.6,8009.55,1051.9,0,0,0,0.0,0,F1,100,,,,,
2026-02-18,2026-02-18,FO,NSE,STO,107001,,EICHERMOT,,2026-03-30,2026-03-30,7950.0,PE,EICHERMOT26MAR7950PE,194.7,205.0,191.05,191.05,191.05,194.2,8009.55,194.95,2200,100,9,7333995.0,9,F1,100,,,,,
2026-02-18,2026-02-18,FO,NSE,STO,94436,,EICHERMOT,,2026-02-24,2026-02-24,6550.0,PE,EICHERMOT26FEB6550PE,0.0,0.0,0.0,2.7,2.7,2.7,8009.55,0.05,1200,0,0,0.0,0,F1,100,,,,,
2026-02-18,2026-02-18,FO,NSE,STO,91391,,EICHERMOT,,2026-02-24,2026-02-24,5800.0,PE,EICHERMOT26FEB5800PE,1.0,1.0,1.0,1.0,1.0,1.55,8009.55,0.05,200,0,1,580100.0,1,F1,100,,,,,
2026-02-18,2026-02-18,FO,NSE,STO,107162,,EICHERMOT,,2026-04-28,2026-04-28,7500.0,CE,EICHERMOT26APR7500CE,0.0,0.0,0.0,282.75,0.0,282.75,8009.55,689.35,0,0,0,0.0,0,F1,100,,,,,
2026-02-18,2026-02-18,FO,NSE,STO,35610,,EICHERMOT,,2026-03-30,2026-03-30,9100.0,CE,EICHERMOT26MAR9100CE,0.0,0.0,0.0,28.8,0.0,28.8,8009.55,16.15,0,0,0,0.0,0,F1,100,,,,,
2026-02-18,2026-02-18,FO,NSE,STO,94475,,EICHERMOT,,2026-02-24,2026-02-24,8550.0,CE,EICHERMOT26FEB8550CE,0.0,0.0,0.0,21.05,0.0,21.05,8009.55,1.35,0,0,0,0.0,0,F1,100,,,,,
2026-02-18,2026-02-18,FO,NSE,STO,91458,,EICHERMOT,,2026-02-24,2026-02-24,8500.0,CE,EICHERMOT26FEB8500CE,9.0,10.0,3.65,4.4,4.9,11.45,8009.55,4.4,212700,19600,1889,1606644005.0,1352,F1,100,,,,,
2026-02-18,2026-02-18,FO,NSE,STO,91424,,EICHERMOT,,2026-02-24,2026-02-24,7500.0,CE,EICHERMOT26FEB7500CE,504.05,520.0,460.25,515.35,510.65,524.8,8009.55,515.35,141500,-1200,55,43944090.0,41,F1,100,,,,,
2026-02-18,2026-02-18,FO,NSE,STO,91410,,EICHERMOT,,2026-02-24,2026-02-24,6800.0,CE,EICHERMOT26FEB6800CE,0.0,0.0,0.0,1170.0,1170.0,1170.0,8009.55,1215.7,14700,0,0,0.0,0,F1,100,,,,,
2026-02-18,2026-02-18,FO,NSE,STO,91392,,EICHERMOT,,2026-02-24,2026-02-24,5900.0,CE,EICHERMOT26FEB5900CE,0.0,0.0,0.0,1429.6,0.0,1429.6,8009.55,2114.9,0,0,0,0.0,0,F1,100,,,,,
2026-02-18,2026-02-18,FO,NSE,STO,94696,,EICHERMOT,,2026-03-30,2026-03-30,8100.0,PE,EICHERMOT26MAR8100PE,265.0,285.0,245.05,247.45,245.2,263.3,8009.55,247.45,8200,1100,26,21726195.0,19,F1,100,,,,,
2026-02-18,2026-02-18,FO,NSE,STO,107138,,EICHERMOT,,2026-04-28,2026-04-28,6800.0,PE,EICHERMOT26APR6800PE,0.0,0.0,0.0,177.35,0.0,177.35,8009.55,13.0,0,0,0,0.0,0,F1,100,,,,,
2026-02-18,2026-02-18,FO,NSE,STO,107205,,EICHERMOT,,2026-04-28,2026-04-28,7900.0,PE,EICHERMOT26APR7900PE,0.0,0.0,0.0,774.8,0.0,774.8,8009.55,233.3,0,0,0,0.0,0,F1,100,,,,,
2026-02-18,2026-02-18,FO,NSE,STO,106946,,EICHERMOT,,2026-03-30,2026-03-30,6850.0,PE,EICHERMOT26MAR6850PE,18.65,18.65,18.65,18.65,18.65,104.9,8009.55,3.65,200,0,2,1373730.0,1,F1,100,,,,,
2026-02-18,2026-02-18,FO,NSE,STO,91634,,EICHERMOT,,2026-02-24,2026-02-24,9000.0,PE,EICHERMOT26FEB9000PE,0.0,0.0,0.0,1679.05,0.0,1679.05,8009.55,982.3,0,0,0,0.0,0,F1,100,,,,,
2026-02-18,2026-02-18,FO,NSE,STO,107345,,EICHERMOT,,2026-04-28,2026-04-28,9000.0,CE,EICHERMOT26APR9000CE,0.0,0.0,0.0,23.95,0.0,23.95,8009.55,65.05,0,0,0,0.0,0,F1,100,,,,,
2026-02-18,2026-02-18,FO,NSE,STO,94686,,EICHERMOT,,2026-03-30,2026-03-30,7700.0,PE,EICHERMOT26MAR7700PE,119.0,120.0,97.65,98.7,98.0,107.6,8009.55,98.7,13600,-800,74,57782235.0,58,F1,100,,,,,
2026-02-18,2026-02-18,FO,NSE,STO,94664,,EICHERMOT,,2026-03-30,2026-03-30,7200.0,PE,EICHERMOT26MAR7200PE,35.0,35.0,35.0,35.0,35.0,41.45,8009.55,18.8,200,100,1,723500.0,1,F1,100,,,,,
2026-02-18,2026-02-18,FO,NSE,STO,94648,,EICHERMOT,,2026-03-30,2026-03-30,7000.0,PE,EICHERMOT26MAR7000PE,29.75,29.75,20.3,21.2,20.3,27.05,8009.55,21.2,32400,2700,142,99728085.0,54,F1,100,,,,,
2026-02-18,2026-02-18,FO,NSE,STO,94615,,EICHERMOT,,2026-03-30,2026-03-30,6900.0,PE,EICHERMOT26MAR6900PE,0.0,0.0,0.0,20.0,20.0,20.0,8009.55,4.7,300,0,0,0.0,0,F1,100,,,,,
2026-02-18,2026-02-18,FO,NSE,STO,94575,,EICHERMOT,,2026-03-30,2026-03-30,6400.0,PE,EICHERMOT26MAR6400PE,10.0,10.0,5.05,5.05,5.05,8.0,8009.55,5.05,2300,-200,4,2562810.0,4,F1,100,,,,,
2026-02-18,2026-02-18,FO,NSE,STO,94472,,EICHERMOT,,2026-02-24,2026-02-24,8350.0,PE,EICHERMOT26FEB8350PE,0.0,0.0,0.0,339.3,339.3,339.3,8009.55,342.65,600,0,0,0.0,0,F1,100,,,,,
2026-02-18,2026-02-18,FO,NSE,STO,94704,,EICHERMOT,,2026-03-30,2026-03-30,8500.0,PE,EICHERMOT26MAR8500PE,530.0,550.0,508.0,510.25,508.0,512.55,8009.55,510.25,33000,13500,146,131870150.0,83,F1,100,,,,,
2026-02-18,2026-02-18,FO,NSE,STO,91396,,EICHERMOT,,2026-02-24,2026-02-24,6100.0,CE,EICHERMOT26FEB6100CE,0.0,0.0,0.0,1800.0,1800.0,1800.0,8009.55,1915.05,2700,0,0,0.0,0,F1,100,,,,,
2026-02-18,2026-02-18,FO,NSE,STO,91398,,EICHERMOT,,2026-02-24,2026-02-24,6200.0,CE,EICHERMOT26FEB6200CE,0.0,0.0,0.0,1738.0,1738.0,1738.0,8009.55,1815.15,1500,0,0,0.0,0,F1,100,,,,,
2026-02-18,2026-02-18,FO,NSE,STO,94437,,EICHERMOT,,2026-02-24,2026-02-24,6650.0,CE,EICHERMOT26FEB6650CE,0.0,0.0,0.0,458.8,458.8,458.8,8009.55,1365.55,100,0,0,0.0,0,F1,100,,,,,
2026-02-18,2026-02-18,FO,NSE,STO,94445,,EICHERMOT,,2026-02-24,2026-02-24,7050.0,CE,EICHERMOT26FEB7050CE,977.1,977.1,957.75,959.5,958.65,849.95,8009.55,959.5,9900,-100,6,4807340.0,6,F1,100,,,,,
2026-02-18,2026-02-18,FO,NSE,STO,94459,,EICHERMOT,,2026-02-24,2026-02-24,7750.0,CE,EICHERMOT26FEB7750CE,275.0,281.25,235.15,278.0,279.55,297.15,8009.55,278.0,28700,-2300,80,64076810.0,80,F1,100,,,,,
2026-02-18,2026-02-18,FO,NSE,STO,94465,,EICHERMOT,,2026-02-24,2026-02-24,8050.0,CE,EICHERMOT26FEB8050CE,101.0,101.0,56.85,73.35,73.3,101.0,8009.55,73.35,64000,-5800,2599,2110735205.0,2208,F1,100,,,,,
2026-02-18,2026-02-18,FO,NSE,STO,94471,,EICHERMOT,,2026-02-24,2026-02-24,8350.0,CE,EICHERMOT26FEB8350CE,20.0,20.05,8.95,11.15,11.75,23.4,8009.55,11.15,26800,-2900,737,616286670.0,686,F1,100,,,,,
2026-02-18,2026-02-18,FO,NSE,STO,91395,,EICHERMOT,,2026-02-24,2026-02-24,6000.0,PE,EICHERMOT26FEB6000PE,1.0,1.05,1.0,1.05,1.05,1.3,8009.55,0.05,15600,-200,3,1800310.0,3,F1,100,,,,,
2026-02-18,2026-02-18,FO,NSE,STO,91399,,EICHERMOT,,2026-02-24,2026-02-24,6200.0,PE,EICHERMOT26FEB6200PE,1.05,1.55,1.05,1.25,1.25,1.35,8009.55,1.25,17500,400,60,37207485.0,28,F1,100,,,,,
2026-02-18,2026-02-18,FO,NSE,STO,91405,,EICHERMOT,,2026-02-24,2026-02-24,6500.0,PE,EICHERMOT26FEB6500PE,1.45,1.75,1.15,1.2,1.2,2.1,8009.55,0.05,36700,-1200,80,52011210.0,53,F1,100,,,,,
2026-02-18,2026-02-18,FO,NSE,STO,107134,,EICHERMOT,,2026-04-28,2026-04-28,6700.0,PE,EICHERMOT26APR6700PE,0.0,0.0,0.0,147.35,0.0,147.35,8009.55,8.95,0,0,0,0.0,0,F1,100,,,,,
2026-02-18,2026-02-18,FO,NSE,STO,94438,,EICHERMOT,,2026-02-24,2026-02-24,6650.0,PE,EICHERMOT26FEB6650PE,1.2,1.5,1.2,1.5,1.5,1.45,8009.55,0.05,2700,-100,5,3325630.0,5,F1,100,,,,,
2026-02-18,2026-02-18,FO,NSE,STO,94477,,EICHERMOT,,2026-02-24,2026-02-24,8650.0,CE,EICHERMOT26FEB8650CE,3.7,3.9,2.5,2.75,2.65,6.65,8009.55,2.75,5800,-1300,69,59705530.0,50,F1,100,,,,,
2026-02-18,2026-02-18,FO,NSE,STO,94562,,EICHERMOT,,2026-03-30,2026-03-30,5800.0,CE,EICHERMOT26MAR5800CE,0.0,0.0,0.0,1492.95,0.0,1492.95,8009.55,2244.4,0,0,0,0.0,0,F1,100,,,,,
2026-02-18,2026-02-18,FO,NSE,STO,106807,,EICHERMOT,,2026-03-30,2026-03-30,6350.0,CE,EICHERMOT26MAR6350CE,0.0,0.0,0.0,921.8,0.0,921.8,8009.55,1697.85,0,0,0,0.0,0,F1,100,,,,,
2026-02-18,2026-02-18,FO,NSE,STO,94896,,EICHERMOT,,2026-03-30,2026-03-30,8900.0,CE,EICHERMOT26MAR8900CE,0.0,0.0,0.0,34.55,34.55,34.55,8009.55,30.35,1400,0,0,0.0,0,F1,100,,,,,
2026-02-18,2026-02-18,FO,NSE,STO,94898,,EICHERMOT,,2026-03-30,2026-03-30,9000.0,CE,EICHERMOT26MAR9000CE,25.0,25.45,21.85,23.2,23.9,30.15,8009.55,23.2,88000,23300,607,547740150.0,443,F1,100,,,,,
2026-02-18,2026-02-18,FO,NSE,STO,94915,,EICHERMOT,,2026-03-30,2026-03-30,9200.0,CE,EICHERMOT26MAR9200CE,17.1,17.15,13.2,16.25,16.3,21.85,8009.55,16.25,5000,2000,49,45157115.0,40,F1,100,,,,,
2026-02-18,2026-02-18,FO,NSE,STO,107174,,EICHERMOT,,2026-04-28,2026-04-28,7700.0,CE,EICHERMOT26APR7700CE,0.0,0.0,0.0,214.5,0.0,214.5,8009.55,547.8,0,0,0,0.0,0,F1,100,,,,,
2026-02-18,2026-02-18,FO,NSE,STO,107110,,EICHERMOT,,2026-04-28,2026-04-28,6000.0,CE,EICHERMOT26APR6000CE,0.0,0.0,0.0,1284.05,0.0,1284.05,8009.55,2071.95,0,0,0,0.0,0,F1,100,,,,,
2026-02-18,2026-02-18,FO,NSE,STO,94872,,EICHERMOT,,2026-03-30,2026-03-30,8700.0,CE,EICHERMOT26MAR8700CE,50.0,51.05,41.75,44.25,44.25,56.3,8009.55,44.25,3400,1200,24,20989165.0,24,F1,100,,,,,
2026-02-18,2026-02-18,FO,NSE,STO,106951,,EICHERMOT,,2026-03-30,2026-03-30,7050.0,CE,EICHERMOT26MAR7050CE,0.0,0.0,0.0,450.0,450.0,450.0,8009.55,1011.7,600,0,0,0.0,0,F1,100,,,,,
2026-02-18,2026-02-18,FO,NSE,STO,94637,,EICHERMOT,,2026-03-30,2026-03-30,7000.0,CE,EICHERMOT26MAR7000CE,1040.0,1040.0,1040.0,1040.0,1040.0,1064.1,8009.55,1059.35,900,500,5,4020000.0,1,F1,100,,,,,
2026-02-18,2026-02-18,FO,NSE,STO,94574,,EICHERMOT,,2026-03-30,2026-03-30,6400.0,CE,EICHERMOT26MAR6400CE,0.0,0.0,0.0,963.5,0.0,963.5,8009.55,1648.25,0,0,0,0.0,0,F1,100,,,,,
2026-02-18,2026-02-18,FO,NSE,STO,94566,,EICHERMOT,,2026-03-30,2026-03-30,6000.0,CE,EICHERMOT26MAR6000CE,0.0,0.0,0.0,1308.35,0.0,1308.35,8009.55,2045.6,0,0,0,0.0,0,F1,100,,,,,
2026-02-18,2026-02-18,FO,NSE,STO,91422,,EICHERMOT,,2026-02-24,2026-02-24,7400.0,CE,EICHERMOT26FEB7400CE,580.9,610.0,551.1,610.0,610.0,628.8,8009.55,610.0,21000,-900,17,13567560.0,12,F1,100,,,,,
2026-02-18,2026-02-18,FO,NSE,STO,94433,,EICHERMOT,,2026-02-24,2026-02-24,6450.0,CE,EICHERMOT26FEB6450CE,0.0,0.0,0.0,848.5,0.0,848.5,8009.55,1565.4,0,0,0,0.0,0,F1,100,,,,,
2026-02-18,2026-02-18,FO,NSE,STF,66823,,EICHERMOT,,2026-04-28,2026-04-28,,,EICHERMOT26APRFUT,8085.0,8116.0,8046.5,8116.0,8115.5,8120.0,8009.55,8116.0,34700,200,29,23436450.0,23,F1,100,,,,,
2026-02-18,2026-02-18,FO,NSE,STF,51874,,EICHERMOT,,2026-03-30,2026-03-30,,,EICHERMOT26MARFUT,8070.5,8070.5,8000.0,8060.5,8066.0,8076.5,8009.55,8060.5,410600,91500,1500,1205118150.0,1367,F1,100,,,,,
2026-02-18,2026-02-18,FO,NSE,STO,94480,,EICHERMOT,,2026-02-24,2026-02-24,8750.0,PE,EICHERMOT26FEB8750PE,0.0,0.0,0.0,1489.15,0.0,1489.15,8009.55,732.65,0,0,0,0.0,0,F1,100,,,,,
2026-02-18,2026-02-18,FO,NSE,STO,43994,,EICHERMOT,,2026-02-24,2026-02-24,9100.0,PE,EICHERMOT26FEB9100PE,0.0,0.0,0.0,1750.35,0.0,1750.35,8009.55,1082.25,0,0,0,0.0,0,F1,100,,,,,
2026-02-18,2026-02-18,FO,NSE,STO,106823,,EICHERMOT,,2026-03-30,2026-03-30,6750.0,PE,EICHERMOT26MAR6750PE,0.0,0.0,0.0,159.4,159.4,159.4,8009.55,2.1,200,0,0,0.0,0,F1,100,,,,,
2026-02-18,2026-02-18,FO,NSE,STO,106958,,EICHERMOT,,2026-03-30,2026-03-30,7050.0,PE,EICHERMOT26MAR7050PE,0.0,0.0,0.0,222.35,0.0,222.35,8009.55,9.8,0,0,0,0.0,0,F1,100,,,,,
2026-02-18,2026-02-18,FO,NSE,STO,94690,,EICHERMOT,,2026-03-30,2026-03-30,7800.0,PE,EICHERMOT26MAR7800PE,148.95,151.2,122.85,125.2,124.3,136.1,8009.55,125.2,20600,800,210,166712975.0,189,F1,100,,,,,
2026-02-18,2026-02-18,FO,NSE,STO,106999,,EICHERMOT,,2026-03-30,2026-03-30,7850.0,PE,EICHERMOT26MAR7850PE,0.0,0.0,0.0,711.65,0.0,711.65,8009.55,153.8,0,0,0,0.0,0,F1,100,,,,,
2026-02-18,2026-02-18,FO,NSE,STO,107005,,EICHERMOT,,2026-03-30,2026-03-30,8150.0,PE,EICHERMOT26MAR8150PE,0.0,0.0,0.0,958.85,0.0,958.85,8009.55,296.35,0,0,0,0.0,0,F1,100,,,,,
2026-02-18,2026-02-18,FO,NSE,STO,91452,,EICHERMOT,,2026-02-24,2026-02-24,8300.0,PE,EICHERMOT26FEB8300PE,321.0,363.0,301.25,301.55,301.6,305.0,8009.55,301.55,17900,-2900,71,61372000.0,48,F1,100,,,,,
2026-02-18,2026-02-18,FO,NSE,STO,107254,,EICHERMOT,,2026-04-28,2026-04-28,8800.0,CE,EICHERMOT26APR8800CE,0.0,0.0,0.0,35.0,0.0,35.0,8009.55,97.1,0,0,0,0.0,0,F1,100,,,,,
2026-02-18,2026-02-18,FO,NSE,STO,107213,,EICHERMOT,,2026-04-28,2026-04-28,8000.0,CE,EICHERMOT26APR8000CE,0.0,0.0,0.0,137.7,0.0,137.7,8009.55,370.1,0,0,0,0.0,0,F1,100,,,,,
2026-02-18,2026-02-18,FO,NSE,STO,107118,,EICHERMOT,,2026-04-28,2026-04-28,6200.0,PE,EICHERMOT26APR6200PE,0.0,0.0,0.0,47.95,0.0,47.95,8009.55,0.95,0,0,0,0.0,0,F1,100,,,,,
2026-02-18,2026-02-18,FO,NSE,STO,107158,,EICHERMOT,,2026-04-28,2026-04-28,7400.0,CE,EICHERMOT26APR7400CE,0.0,0.0,0.0,322.45,0.0,322.45,8009.55,766.4,0,0,0,0.0,0,F1,100,,,,,
2026-02-18,2026-02-18,FO,NSE,STO,107139,,EICHERMOT,,2026-04-28,2026-04-28,6900.0,CE,EICHERMOT26APR6900CE,0.0,0.0,0.0,581.75,0.0,581.75,8009.55,1199.45,0,0,0,0.0,0,F1,100,,,,,
2026-02-18,2026-02-18,FO,NSE,STO,107033,,EICHERMOT,,2026-03-30,2026-03-30,8650.0,PE,EICHERMOT26MAR8650PE,0.0,0.0,0.0,1413.5,0.0,1413.5,8009.55,650.6,0,0,0,0.0,0,F1,100,,,,,
2026-02-18,2026-02-18,FO,NSE,STO,107027,,EICHERMOT,,2026-03-30,2026-03-30,8350.0,PE,EICHERMOT26MAR8350PE,0.0,0.0,0.0,1135.8,0.0,1135.8,8009.55,422.35,0,0,0,0.0,0,F1,100,,,,,
2026-02-18,2026-02-18,FO,NSE,STO,91432,,EICHERMOT,,2026-02-24,2026-02-24,7900.0,CE,EICHERMOT26FEB7900CE,174.3,175.4,125.65,152.95,160.35,188.2,8009.55,152.95,87900,-11300,1451,1167592715.0,1264,F1,100,,,,,
2026-02-18,2026-02-18,FO,NSE,STO,107224,,EICHERMOT,,2026-04-28,2026-04-28,8300.0,PE,EICHERMOT26APR8300PE,0.0,0.0,0.0,1093.15,0.0,1093.15,8009.55,440.25,0,0,0,0.0,0,F1,100,,,,,
2026-02-18,2026-02-18,FO,NSE,STO,91536,,EICHERMOT,,2026-02-24,2026-02-24,8800.0,CE,EICHERMOT26FEB8800CE,3.35,3.55,1.5,1.75,1.9,4.25,8009.55,1.75,55200,-2100,438,385547365.0,341,F1,100,,,,,
2026-02-18,2026-02-18,FO,NSE,STO,91407,,EICHERMOT,,2026-02-24,2026-02-24,6600.0,PE,EICHERMOT26FEB6600PE,2.0,2.0,1.1,1.35,1.35,2.0,8009.55,0.05,9200,-2400,31,20464070.0,29,F1,100,,,,,
2026-02-18,2026-02-18,FO,NSE,STO,91411,,EICHERMOT,,2026-02-24,2026-02-24,6800.0,PE,EICHERMOT26FEB6800PE,1.7,1.8,1.0,1.25,1.15,2.1,8009.55,1.25,84600,-12000,283,192476435.0,139,F1,100,,,,,
2026-02-18,2026-02-18,FO,NSE,STO,91415,,EICHERMOT,,2026-02-24,2026-02-24,7000.0,PE,EICHERMOT26FEB7000PE,2.4,2.75,1.4,1.85,1.7,2.85,8009.55,1.85,116600,-13000,441,308785665.0,292,F1,100,,,,,
2026-02-18,2026-02-18,FO,NSE,STO,94448,,EICHERMOT,,2026-02-24,2026-02-24,7150.0,PE,EICHERMOT26FEB7150PE,3.2,3.2,1.25,1.55,1.55,3.45,8009.55,1.55,17200,-4500,175,125153605.0,139,F1,100,,,,,
2026-02-18,2026-02-18,FO,NSE,STO,91421,,EICHERMOT,,2026-02-24,2026-02-24,7300.0,PE,EICHERMOT26FEB7300PE,4.1,4.6,1.4,2.0,2.2,4.75,8009.55,2.0,152100,-17600,571,416979935.0,346,F1,100,,,,,
2026-02-18,2026-02-18,FO,NSE,STO,94452,,EICHERMOT,,2026-02-24,2026-02-24,7350.0,PE,EICHERMOT26FEB7350PE,5.4,5.4,2.45,2.65,2.75,5.45,8009.55,2.65,23100,-200,72,52950330.0,55,F1,100,,,,,
2026-02-18,2026-02-18,FO,NSE,STO,91423,,EICHERMOT,,2026-02-24,2026-02-24,7400.0,PE,EICHERMOT26FEB7400PE,5.95,6.1,2.85,3.15,3.25,6.4,8009.55,3.15,118000,-6400,580,429448140.0,359,F1,100,,,,,
2026-02-18,2026-02-18,FO,NSE,STO,91431,,EICHERMOT,,2026-02-24,2026-02-24,7800.0,PE,EICHERMOT26FEB7800PE,37.0,48.0,25.9,27.25,26.85,37.95,8009.55,27.25,169600,-39100,3616,2833616120.0,2720,F1,100,,,,,
2026-02-18,2026-02-18,FO,NSE,STO,94462,,EICHERMOT,,2026-02-24,2026-02-24,7850.0,PE,EICHERMOT26FEB7850PE,46.7,62.9,34.85,36.35,36.2,49.3,8009.55,36.35,57400,-1200,1176,928904595.0,994,F1,100,,,,,
2026-02-18,2026-02-18,FO,NSE,STO,106588,,IRCTC,,2026-02-24,2026-02-24,510.0,PE,IRCTC26FEB510PE,0.2,0.2,0.1,0.15,0.15,0.15,623.45,0.05,175000,20125,30,13392356.25,11,F1,875,,,,,
2026-02-18,2026-02-18,FO,NSE,STO,106612,,IRCTC,,2026-02-24,2026-02-24,530.0,PE,IRCTC26FEB530PE,0.15,0.15,0.05,0.05,0.05,0.15,623.45,0.05,26250,-1750,12,5565612.5,6,F1,875,,,,,
2026-02-18,2026-02-18,FO,NSE,STO,117057,,IRCTC,,2026-02-24,2026-02-24,635.0,CE,IRCTC26FEB635CE,3.7,4.7,2.8,3.25,2.95,3.9,623.45,3.25,511000,18375,2724,1521973818.75,1335,F1,875,,,,,
2026-02-18,2026-02-18,FO,NSE,STO,117047,,IRCTC,,2026-02-24,2026-02-24,585.0,CE,IRCTC26FEB585CE,0.0,0.0,0.0,27.5,27.5,27.5,623.45,39.1,9625,0,0,0.0,0,F1,875,,,,,
2026-02-18,2026-02-18,FO,NSE,STO,117045,,IRCTC,,2026-02-24,2026-02-24,575.0,CE,IRCTC26FEB575CE,0.0,0.0,0.0,36.15,36.15,36.15,623.45,49.0,10500,0,0,0.0,0,F1,875,,,,,
2026-02-18,2026-02-18,FO,NSE,STO,117043,,IRCTC,,2026-02-24,2026-02-24,565.0,CE,IRCTC26FEB565CE,0.0,0.0,0.0,42.35,42.35,42.35,623.45,58.95,1750,0,0,0.0,0,F1,875,,,,,
2026-02-18,2026-02-18,FO,NSE,STO,117039,,IRCTC,,2026-02-24,2026-02-24,545.0,CE,IRCTC26FEB545CE,0.0,0.0,0.0,142.95,0.0,142.95,623.45,78.95,0,0,0,0.0,0,F1,875,,,,,
2026-02-18,2026-02-18,FO,NSE,STO,106654,,IRCTC,,2026-02-24,2026-02-24,740.0,PE,IRCTC26FEB740PE,119.3,119.3,119.3,119.3,119.3,120.4,623.45,115.9,18375,-875,1,751887.5,1,F1,875,,,,,
2026-02-18,2026-02-18,FO,NSE,STO,117062,,IRCTC,,2026-02-24,2026-02-24,655.0,PE,IRCTC26FEB655PE,35.05,35.05,35.0,35.0,35.0,39.0,623.45,31.45,12250,875,2,1207543.75,2,F1,875,,,,,
2026-02-18,2026-02-18,FO,NSE,STO,106660,,IRCTC,,2026-02-24,2026-02-24,770.0,PE,IRCTC26FEB770PE,0.0,0.0,0.0,165.0,165.0,165.0,623.45,145.85,4375,0,0,0.0,0,F1,875,,,,,
2026-02-18,2026-02-18,FO,NSE,STO,117061,,IRCTC,,2026-02-24,2026-02-24,655.0,CE,IRCTC26FEB655CE,1.4,1.65,1.0,1.1,1.0,1.75,623.45,1.1,248500,31500,158,90739381.25,120,F1,875,,,,,
2026-02-18,2026-02-18,FO,NSE,STO,106621,,IRCTC,,2026-02-24,2026-02-24,580.0,CE,IRCTC26FEB580CE,39.5,44.8,38.8,41.5,41.5,37.5,623.45,41.5,114625,-6125,13,7050093.75,13,F1,875,,,,,
2026-02-18,2026-02-18,FO,NSE,STO,106623,,IRCTC,,2026-02-24,2026-02-24,590.0,CE,IRCTC26FEB590CE,30.95,35.0,30.75,35.0,35.0,28.25,623.45,34.25,73500,-5250,12,6530168.75,9,F1,875,,,,,
2026-02-18,2026-02-18,FO,NSE,STO,117055,,IRCTC,,2026-02-24,2026-02-24,625.0,CE,IRCTC26FEB625CE,5.8,8.1,4.9,5.75,5.15,6.2,623.45,5.75,646625,92750,2817,1555635243.75,2498,F1,875,,,,,
2026-02-18,2026-02-18,FO,NSE,STO,106661,,IRCTC,,2026-02-24,2026-02-24,780.0,CE,IRCTC26FEB780CE,0.0,0.0,0.0,0.5,0.15,0.5,623.45,0.05,22750,0,0,0.0,0,F1,875,,,,,
2026-02-18,2026-02-18,FO,NSE,STO,106658,,IRCTC,,2026-02-24,2026-02-24,760.0,PE,IRCTC26FEB760PE,0.0,0.0,0.0,139.25,139.25,139.25,623.45,135.85,14875,0,0,0.0,0,F1,875,,,,,
2026-02-18,2026-02-18,FO,NSE,STF,59380,,IRCTC,,2026-02-24,2026-02-24,,,IRCTC26FEBFUT,617.25,624.5,613.55,620.7,619.6,615.8,623.45,620.7,13418125,-1008875,2865,1555098168.75,2578,F1,875,,,,,
2026-02-18,2026-02-18,FO,NSE,STO,106619,,IRCTC,,2026-02-24,2026-02-24,570.0,CE,IRCTC26FEB570CE,0.0,0.0,0.0,47.2,47.2,47.2,623.45,53.95,7875,0,0,0.0,0,F1,875,,,,,
2026-02-18,2026-02-18,FO,NSE,STO,106627,,IRCTC,,2026-02-24,2026-02-24,610.0,CE,IRCTC26FEB610CE,12.35,17.2,11.85,13.85,12.75,12.7,623.45,13.85,315875,-11375,1071,585010825.0,747,F1,875,,,,,
2026-02-18,2026-02-18,FO,NSE,STO,106639,,IRCTC,,2026-02-24,2026-02-24,670.0,CE,IRCTC26FEB670CE,0.8,0.9,0.45,0.55,0.45,1.0,623.45,0.55,332500,-93625,412,241788225.0,243,F1,875,,,,,
2026-02-18,2026-02-18,FO,NSE,STO,106643,,IRCTC,,2026-02-24,2026-02-24,690.0,CE,IRCTC26FEB690CE,0.4,0.45,0.2,0.25,0.2,0.55,623.45,0.25,234500,-9625,47,28389812.5,38,F1,875,,,,,
2026-02-18,2026-02-18,FO,NSE,STO,117040,,IRCTC,,2026-02-24,2026-02-24,545.0,PE,IRCTC26FEB545PE,0.0,0.0,0.0,0.5,0.0,0.5,623.45,0.05,0,0,0,0.0,0,F1,875,,,,,
2026-02-18,2026-02-18,FO,NSE,STO,117042,,IRCTC,,2026-02-24,2026-02-24,555.0,PE,IRCTC26FEB555PE,0.0,0.0,0.0,1.0,1.0,1.0,623.45,0.05,15750,0,0,0.0,0,F1,875,,,,,
2026-02-18,2026-02-18,FO,NSE,STO,117054,,IRCTC,,2026-02-24,2026-02-24,615.0,PE,IRCTC26FEB615PE,9.1,9.15,4.15,4.75,5.25,9.1,623.45,4.75,321125,-4375,811,440555412.5,781,F1,875,,,,,
2026-02-18,2026-02-18,FO,NSE,STO,117070,,IRCTC,,2026-02-24,2026-02-24,695.0,PE,IRCTC26FEB695PE,0.0,0.0,0.0,33.9,0.0,33.9,623.45,70.9,0,0,0,0.0,0,F1,875,,,,,
2026-02-18,2026-02-18,FO,NSE,STO,106666,,IRCTC,,2026-02-24,2026-02-24,800.0,PE,IRCTC26FEB800PE,180.15,181.05,177.3,180.5,180.5,182.7,623.45,175.85,153125,-21000,24,20579825.0,10,F1,875,,,,,
2026-02-18,2026-02-18,FO,NSE,STO,106664,,IRCTC,,2026-02-24,2026-02-24,790.0,PE,IRCTC26FEB790PE,0.0,0.0,0.0,187.5,187.5,187.5,623.45,165.85,3500,0,0,0.0,0,F1,875,,,,,
2026-02-18,2026-02-18,FO,NSE,STO,106648,,IRCTC,,2026-02-24,2026-02-24,710.0,PE,IRCTC26FEB710PE,0.0,0.0,0.0,102.0,102.0,102.0,623.45,85.9,22750,0,0,0.0,0,F1,875,,,,,
2026-02-18,2026-02-18,FO,NSE,STO,106595,,IRCTC,,2026-02-24,2026-02-24,520.0,CE,IRCTC26FEB520CE,0.0,0.0,0.0,166.3,0.0,166.3,623.45,103.9,0,0,0,0.0,0,F1,875,,,,,
2026-02-18,2026-02-18,FO,NSE,STO,117049,,IRCTC,,2026-02-24,2026-02-24,595.0,CE,IRCTC26FEB595CE,23.45,27.7,23.45,27.7,27.7,23.85,623.45,29.5,78750,875,6,3262787.5,6,F1,875,,,,,
2026-02-18,2026-02-18,FO,NSE,STO,117051,,IRCTC,,2026-02-24,2026-02-24,605.0,CE,IRCTC26FEB605CE,15.6,20.0,15.5,17.1,17.1,15.65,623.45,17.1,163625,-5250,76,41405000.0,72,F1,875,,,,,
2026-02-18,2026-02-18,FO,NSE,STO,106655,,IRCTC,,2026-02-24,2026-02-24,750.0,CE,IRCTC26FEB750CE,0.1,0.15,0.05,0.1,0.1,0.1,623.45,0.1,352625,-78750,141,92543062.5,42,F1,875,,,,,
2026-02-18,2026-02-18,FO,NSE,STO,106657,,IRCTC,,2026-02-24,2026-02-24,760.0,CE,IRCTC26FEB760CE,0.0,0.0,0.0,0.15,0.15,0.15,623.45,0.05,14875,0,0,0.0,0,F1,875,,,,,
2026-02-18,2026-02-18,FO,NSE,STO,117044,,IRCTC,,2026-02-24,2026-02-24,565.0,PE,IRCTC26FEB565PE,0.3,0.5,0.25,0.25,0.25,0.5,623.45,0.05,6125,-1750,6,2968262.5,6,F1,875,,,,,
2026-02-18,2026-02-18,FO,NSE,STO,106628,,IRCTC,,2026-02-24,2026-02-24,610.0,PE,IRCTC26FEB610PE,6.8,7.05,2.85,3.15,3.45,6.8,623.45,3.15,713125,-6125,1553,834598537.5,1258,F1,875,,,,,
2026-02-18,2026-02-18,FO,NSE,STO,106640,,IRCTC,,2026-02-24,2026-02-24,670.0,PE,IRCTC26FEB670PE,49.3,49.3,49.3,49.3,49.3,54.25,623.45,46.0,55125,-875,1,629387.5,1,F1,875,,,,,
2026-02-18,2026-02-18,FO,NSE,STO,117068,,IRCTC,,2026-02-24,2026-02-24,685.0,PE,IRCTC26FEB685PE,0.0,0.0,0.0,28.7,0.0,28.7,623.45,60.95,0,0,0,0.0,0,F1,875,,,,,
2026-02-18,2026-02-18,FO,NSE,STO,106646,,IRCTC,,2026-02-24,2026-02-24,700.0,PE,IRCTC26FEB700PE,83.0,84.4,76.7,78.9,78.9,84.0,623.45,78.9,369250,-36750,63,43074368.75,39,F1,875,,,,,
2026-02-18,2026-02-18,FO,NSE,STO,117059,,IRCTC,,2026-02-24,2026-02-24,645.0,CE,IRCTC26FEB645CE,2.45,2.8,1.6,1.85,1.7,2.6,623.45,1.85,328125,11375,639,361831093.75,418,F1,875,,,,,
2026-02-18,2026-02-18,FO,NSE,STO,117076,,IRCTC,,2026-02-24,2026-02-24,725.0,PE,IRCTC26FEB725PE,0.0,0.0,0.0,120.35,120.35,120.35,623.45,100.9,3500,0,0,0.0,0,F1,875,,,,,
2026-02-18,2026-02-18,FO,NSE,STO,117078,,IRCTC,,2026-02-24,2026-02-24,735.0,PE,IRCTC26FEB735PE,0.0,0.0,0.0,124.0,124.0,124.0,623.45,110.9,875,0,0,0.0,0,F1,875,,,,,
2026-02-18,2026-02-18,FO,NSE,STO,106613,,IRCTC,,2026-02-24,2026-02-24,540.0,CE,IRCTC26FEB540CE,0.0,0.0,0.0,81.0,81.0,81.0,623.45,83.95,1750,0,0,0.0,0,F1,875,,,,,
2026-02-18,2026-02-18,FO,NSE,STO,106641,,IRCTC,,2026-02-24,2026-02-24,680.0,CE,IRCTC26FEB680CE,0.55,0.6,0.3,0.4,0.35,0.75,623.45,0.4,570500,-50750,212,126229775.0,150,F1,875,,,,,
2026-02-18,2026-02-18,FO,NSE,STO,106647,,IRCTC,,2026-02-24,2026-02-24,710.0,CE,IRCTC26FEB710CE,0.2,0.2,0.1,0.15,0.15,0.25,623.45,0.15,199500,-12250,18,11184993.75,17,F1,875,,,,,
2026-02-18,2026-02-18,FO,NSE,STO,117075,,IRCTC,,2026-02-24,2026-02-24,725.0,CE,IRCTC26FEB725CE,0.0,0.0,0.0,0.85,0.85,0.85,623.45,0.05,14000,0,0,0.0,0,F1,875,,,,,
2026-02-18,2026-02-18,FO,NSE,STO,106651,,IRCTC,,2026-02-24,2026-02-24,730.0,CE,IRCTC26FEB730CE,0.1,0.15,0.05,0.15,0.1,0.2,623.45,0.15,78750,-14875,30,19165212.5,20,F1,875,,,,,
2026-02-18,2026-02-18,FO,NSE,STO,117058,,IRCTC,,2026-02-24,2026-02-24,635.0,PE,IRCTC26FEB635PE,20.9,20.9,15.2,18.8,18.8,22.55,623.45,18.8,167125,4375,53,30240437.5,51,F1,875,,,,,
2026-02-18,2026-02-18,FO,NSE,STO,106634,,IRCTC,,2026-02-24,2026-02-24,640.0,PE,IRCTC26FEB640PE,26.05,26.05,19.5,23.0,23.0,26.75,623.45,23.0,259000,0,65,37665775.0,57,F1,875,,,,,
2026-02-18,2026-02-18,FO,NSE,STO,106644,,IRCTC,,2026-02-24,2026-02-24,690.0,PE,IRCTC26FEB690PE,75.0,75.0,75.0,75.0,75.0,84.0,623.45,65.95,16625,-875,1,669375.0,1,F1,875,,,,,
2026-02-18,2026-02-18,FO,NSE,STO,106633,,IRCTC,,2026-02-24,2026-02-24,640.0,CE,IRCTC26FEB640CE,3.35,3.6,2.15,2.45,2.2,3.2,623.45,2.45,1391250,-46375,1994,1121424456.25,1118,F1,875,,,,,
2026-02-18,2026-02-18,FO,NSE,STO,106617,,IRCTC,,2026-02-24,2026-02-24,560.0,CE,IRCTC26FEB560CE,0.0,0.0,0.0,60.5,60.5,60.5,623.45,63.95,5250,0,0,0.0,0,F1,875,,,,,
2026-02-18,2026-02-18,FO,NSE,STO,117041,,IRCTC,,2026-02-24,2026-02-24,555.0,CE,IRCTC26FEB555CE,0.0,0.0,0.0,53.3,53.3,53.3,623.45,68.95,875,0,0,0.0,0,F1,875,,,,,
2026-02-18,2026-02-18,FO,NSE,STO,117050,,IRCTC,,2026-02-24,2026-02-24,595.0,PE,IRCTC26FEB595PE,2.2,2.3,0.85,1.0,0.95,2.6,623.45,1.0,120750,-116375,629,328137818.75,338,F1,875,,,,,
2026-02-18,2026-02-18,FO,NSE,STO,106637,,IRCTC,,2026-02-24,2026-02-24,660.0,CE,IRCTC26FEB660CE,1.25,1.4,0.8,0.95,0.8,1.45,623.45,0.95,562625,-76125,394,227909718.75,268,F1,875,,,,,
2026-02-18,2026-02-18,FO,NSE,STO,106629,,IRCTC,,2026-02-24,2026-02-24,620.0,CE,IRCTC26FEB620CE,8.05,10.65,6.4,7.55,7.05,7.9,623.45,7.55,1203125,-77000,4521,2484798356.25,3681,F1,875,,,,,
2026-02-18,2026-02-18,FO,NSE,STO,106631,,IRCTC,,2026-02-24,2026-02-24,630.0,CE,IRCTC26FEB630CE,5.05,6.2,3.7,4.25,3.9,4.9,623.45,4.25,1966125,85750,5869,3259082706.25,3391,F1,875,,,,,
2026-02-18,2026-02-18,FO,NSE,STO,106635,,IRCTC,,2026-02-24,2026-02-24,650.0,CE,IRCTC26FEB650CE,2.0,2.2,1.4,1.55,1.4,2.2,623.45,1.55,2397500,87500,1480,843968256.25,811,F1,875,,,,,
2026-02-18,2026-02-18,FO,NSE,STO,106632,,IRCTC,,2026-02-24,2026-02-24,630.0,PE,IRCTC26FEB630PE,18.3,20.0,11.5,13.5,14.4,18.8,623.45,13.5,493500,-68250,671,378245350.0,454,F1,875,,,,,
2026-02-18,2026-02-18,FO,NSE,STO,117066,,IRCTC,,2026-02-24,2026-02-24,675.0,PE,IRCTC26FEB675PE,0.0,0.0,0.0,23.95,0.0,23.95,623.45,50.95,0,0,0,0.0,0,F1,875,,,,,
2026-02-18,2026-02-18,FO,NSE,STO,106638,,IRCTC,,2026-02-24,2026-02-24,660.0,PE,IRCTC26FEB660PE,44.0,44.0,38.25,39.45,39.45,45.0,623.45,36.2,196000,-2625,21,12875143.75,18,F1,875,,,,,
2026-02-18,2026-02-18,FO,NSE,STO,106636,,IRCTC,,2026-02-24,2026-02-24,650.0,PE,IRCTC26FEB650PE,35.5,35.5,27.55,30.9,30.9,35.75,623.45,26.8,375375,-35000,57,33950831.25,43,F1,875,,,,,
2026-02-18,2026-02-18,FO,NSE,STO,106614,,IRCTC,,2026-02-24,2026-02-24,540.0,PE,IRCTC26FEB540PE,0.2,0.25,0.2,0.2,0.2,0.3,623.45,0.2,105000,0,10,4726881.25,10,F1,875,,,,,
2026-02-18,2026-02-18,FO,NSE,STO,106630,,IRCTC,,2026-02-24,2026-02-24,620.0,PE,IRCTC26FEB620PE,12.4,12.45,5.95,7.2,7.7,12.0,623.45,7.2,1026375,-184625,2750,1511347775.0,2198,F1,875,,,,,
2026-02-18,2026-02-18,FO,NSE,STO,117048,,IRCTC,,2026-02-24,2026-02-24,585.0,PE,IRCTC26FEB585PE,1.0,1.1,0.5,0.55,0.5,1.5,623.45,0.55,117250,-13125,82,42022093.75,45,F1,875,,,,,
2026-02-18,2026-02-18,FO,NSE,STO,117046,,IRCTC,,2026-02-24,2026-02-24,575.0,PE,IRCTC26FEB575PE,0.6,0.7,0.35,0.35,0.35,0.95,623.45,0.35,49875,-9625,32,16115487.5,25,F1,875,,,,,
2026-02-18,2026-02-18,FO,NSE,STO,106622,,IRCTC,,2026-02-24,2026-02-24,580.0,PE,IRCTC26FEB580PE,1.0,1.0,0.45,0.45,0.45,1.1,623.45,0.45,242375,-23625,101,51325225.0,66,F1,875,,,,,
2026-02-18,2026-02-18,FO,NSE,STO,106587,,IRCTC,,2026-02-24,2026-02-24,510.0,CE,IRCTC26FEB510CE,0.0,0.0,0.0,106.7,106.7,106.7,623.45,113.9,2625,0,0,0.0,0,F1,875,,,,,
2026-02-18,2026-02-18,FO,NSE,STO,106611,,IRCTC,,2026-02-24,2026-02-24,530.0,CE,IRCTC26FEB530CE,0.0,0.0,0.0,156.8,0.0,156.8,623.45,93.95,0,0,0,0.0,0,F1,875,,,,,
2026-02-18,2026-02-18,FO,NSE,STO,106615,,IRCTC,,2026-02-24,2026-02-24,550.0,CE,IRCTC26FEB550CE,0.0,0.0,0.0,60.0,60.0,60.0,623.45,73.95,14000,0,0,0.0,0,F1,875,,,,,
2026-02-18,2026-02-18,FO,NSE,STO,117067,,IRCTC,,2026-02-24,2026-02-24,685.0,CE,IRCTC26FEB685CE,0.35,0.35,0.35,0.35,0.35,0.5,623.45,0.35,98875,-875,1,599681.25,1,F1,875,,,,,
2026-02-18,2026-02-18,FO,NSE,STO,117069,,IRCTC,,2026-02-24,2026-02-24,695.0,CE,IRCTC26FEB695CE,0.25,0.25,0.2,0.25,0.2,0.5,623.45,0.25,106750,-3500,11,6691693.75,6,F1,875,,,,,
2026-02-18,2026-02-18,FO,NSE,STO,106620,,IRCTC,,2026-02-24,2026-02-24,570.0,PE,IRCTC26FEB570PE,0.5,0.6,0.3,0.35,0.35,0.75,623.45,0.35,147000,-1750,62,30945075.0,48,F1,875,,,,,
2026-02-18,2026-02-18,FO,NSE,STO,106662,,IRCTC,,2026-02-24,2026-02-24,780.0,PE,IRCTC26FEB780PE,0.0,0.0,0.0,166.0,166.0,166.0,623.45,155.85,6125,0,0,0.0,0,F1,875,,,,,
2026-02-18,2026-02-18,FO,NSE,STO,106652,,IRCTC,,2026-02-24,2026-02-24,730.0,PE,IRCTC26FEB730PE,110.65,110.65,110.65,110.65,110.65,107.05,623.45,105.9,23625,0,2,1471137.5,1,F1,875,,,,,
2026-02-18,2026-02-18,FO,NSE,STO,117056,,IRCTC,,2026-02-24,2026-02-24,625.0,PE,IRCTC26FEB625PE,14.6,14.6,8.6,9.55,10.7,15.05,623.45,9.55,266875,55125,441,245161612.5,392,F1,875,,,,,
2026-02-18,2026-02-18,FO,NSE,STO,106616,,IRCTC,,2026-02-24,2026-02-24,550.0,PE,IRCTC26FEB550PE,0.4,0.4,0.2,0.25,0.25,0.35,623.45,0.25,154875,-33250,73,35149975.0,42,F1,875,,,,,
2026-02-18,2026-02-18,FO,NSE,STO,117052,,IRCTC,,2026-02-24,2026-02-24,605.0,PE,IRCTC26FEB605PE,4.55,4.55,1.9,2.1,2.4,4.8,623.45,2.1,270375,-7000,482,256320268.75,380,F1,875,,,,,
2026-02-18,2026-02-18,FO,NSE,STO,106656,,IRCTC,,2026-02-24,2026-02-24,750.0,PE,IRCTC26FEB750PE,0.0,0.0,0.0,131.5,131.5,131.5,623.45,125.85,35000,0,0,0.0,0,F1,875,,,,,
2026-02-18,2026-02-18,FO,NSE,STO,106653,,IRCTC,,2026-02-24,2026-02-24,740.0,CE,IRCTC26FEB740CE,0.15,0.15,0.05,0.15,0.15,0.1,623.45,0.15,43750,-10500,17,11009512.5,10,F1,875,,,,,
2026-02-18,2026-02-18,FO,NSE,STO,117063,,IRCTC,,2026-02-24,2026-02-24,665.0,CE,IRCTC26FEB665CE,0.95,1.05,0.75,0.8,0.8,1.2,623.45,0.8,153125,-12250,69,40203100.0,55,F1,875,,,,,
2026-02-18,2026-02-18,FO,NSE,STO,106649,,IRCTC,,2026-02-24,2026-02-24,720.0,CE,IRCTC26FEB720CE,0.15,0.15,0.05,0.1,0.05,0.15,623.45,0.1,459375,-11375,29,18272756.25,17,F1,875,,,,,
2026-02-18,2026-02-18,FO,NSE,STO,106610,,IRCTC,,2026-02-24,2026-02-24,520.0,PE,IRCTC26FEB520PE,0.05,0.1,0.05,0.1,0.1,0.15,623.45,0.1,29750,-6125,15,6825962.5,10,F1,875,,,,,
2026-02-18,2026-02-18,FO,NSE,STO,106663,,IRCTC,,2026-02-24,2026-02-24,790.0,CE,IRCTC26FEB790CE,0.0,0.0,0.0,0.5,0.5,0.5,623.45,0.05,1750,0,0,0.0,0,F1,875,,,,,
2026-02-18,2026-02-18,FO,NSE,STO,106645,,IRCTC,,2026-02-24,2026-02-24,700.0,CE,IRCTC26FEB700CE,0.35,0.35,0.2,0.25,0.25,0.4,623.45,0.25,1358875,-83125,407,249378150.0,210,F1,875,,,,,
2026-02-18,2026-02-18,FO,NSE,STO,106642,,IRCTC,,2026-02-24,2026-02-24,680.0,PE,IRCTC26FEB680PE,62.0,62.0,55.95,59.2,59.2,63.9,623.45,59.2,112000,0,19,12260937.5,12,F1,875,,,,,
2026-02-18,2026-02-18,FO,NSE,STO,106650,,IRCTC,,2026-02-24,2026-02-24,720.0,PE,IRCTC26FEB720PE,98.0,100.0,98.0,100.0,100.0,111.2,623.45,95.9,24500,-2625,3,2150750.0,2,F1,875,,,,,
2026-02-18,2026-02-18,FO,NSE,STO,106624,,IRCTC,,2026-02-24,2026-02-24,590.0,PE,IRCTC26FEB590PE,1.95,2.0,0.6,0.7,0.65,1.85,623.45,0.7,316750,-109375,319,164964887.5,184,F1,875,,,,,
2026-02-18,2026-02-18,FO,NSE,STO,117053,,IRCTC,,2026-02-24,2026-02-24,615.0,CE,IRCTC26FEB615CE,9.35,13.6,8.75,10.4,9.3,10.0,623.45,10.4,294875,-12250,935,511838818.75,874,F1,875,,,,,
2026-02-18,2026-02-18,FO,NSE,STO,117060,,IRCTC,,2026-02-24,2026-02-24,645.0,PE,IRCTC26FEB645PE,0.0,0.0,0.0,31.05,31.05,31.05,623.45,22.4,28875,0,0,0.0,0,F1,875,,,,,
2026-02-18,2026-02-18,FO,NSE,STO,106626,,IRCTC,,2026-02-24,2026-02-24,600.0,PE,IRCTC26FEB600PE,3.45,3.65,1.3,1.45,1.55,3.55,623.45,1.45,1429750,-60375,1057,556579362.5,673,F1,875,,,,,
2026-02-18,2026-02-18,FO,NSE,STO,106665,,IRCTC,,2026-02-24,2026-02-24,800.0,CE,IRCTC26FEB800CE,0.1,0.1,0.1,0.1,0.1,0.1,623.45,0.05,285250,28875,133,93111637.5,21,F1,875,,,,,
2026-02-18,2026-02-18,FO,NSE,STO,117071,,IRCTC,,2026-02-24,2026-02-24,705.0,CE,IRCTC26FEB705CE,0.05,0.1,0.05,0.1,0.1,0.35,623.45,0.05,70000,-1750,2,1233881.25,2,F1,875,,,,,
2026-02-18,2026-02-18,FO,NSE,STO,106618,,IRCTC,,2026-02-24,2026-02-24,560.0,PE,IRCTC26FEB560PE,0.4,0.45,0.2,0.25,0.2,0.55,623.45,0.25,76125,-36750,97,47558218.75,58,F1,875,,,,,
2026-02-18,2026-02-18,FO,NSE,STO,117064,,IRCTC,,2026-02-24,2026-02-24,665.0,PE,IRCTC26FEB665PE,0.0,0.0,0.0,39.75,39.85,39.75,623.45,41.1,23625,0,0,0.0,0,F1,875,,,,,
2026-02-18,2026-02-18,FO,NSE,STO,106625,,IRCTC,,2026-02-24,2026-02-24,600.0,CE,IRCTC26FEB600CE,18.65,25.45,18.25,21.15,20.95,19.75,623.45,21.15,444500,-75250,339,184539250.0,207,F1,875,,,,,
2026-02-18,2026-02-18,FO,NSE,STO,117065,,IRCTC,,2026-02-24,2026-02-24,675.0,CE,IRCTC26FEB675CE,0.7,0.75,0.45,0.5,0.45,0.85,623.45,0.5,173250,-7000,107,63255018.75,77,F1,875,,,,,
2026-02-18,2026-02-18,FO,NSE,STO,121138,,JIOFIN,,2026-02-24,2026-02-24,297.5,PE,JIOFIN26FEB297.5PE,0.0,0.0,0.0,36.0,36.0,36.0,264.1,33.15,7050,0,0,0.0,0,F1,2350,,,,,
2026-02-18,2026-02-18,FO,NSE,STO,121342,,JIOFIN,,2026-03-30,2026-03-30,235.0,PE,JIOFIN26MAR235PE,1.35,1.35,1.1,1.1,1.1,1.45,264.1,1.1,47000,2350,15,8325697.5,13,F1,2350,,,,,
2026-02-18,2026-02-18,FO,NSE,STO,121436,,JIOFIN,,2026-03-30,2026-03-30,275.0,PE,JIOFIN26MAR275PE,14.0,15.3,13.35,13.55,13.5,15.3,264.1,13.55,133950,82250,47,31946135.0,41,F1,2350,,,,,
2026-02-18,2026-02-18,FO,NSE,STO,120942,,JIOFIN,,2026-02-24,2026-02-24,255.0,CE,JIOFIN26FEB255CE,9.0,10.2,7.9,9.85,9.8,8.7,264.1,9.85,2037450,-42300,90,55908145.0,77,F1,2350,,,,,
2026-02-18,2026-02-18,FO,NSE,STO,121153,,JIOFIN,,2026-02-24,2026-02-24,312.5,CE,JIOFIN26FEB312.5CE,0.05,0.05,0.05,0.05,0.05,0.1,264.1,0.05,176250,-7050,6,4406955.0,6,F1,2350,,,,,
2026-02-18,2026-02-18,FO,NSE,STO,121165,,JIOFIN,,2026-02-24,2026-02-24,317.5,CE,JIOFIN26FEB317.5CE,0.0,0.0,0.0,0.5,0.5,0.5,264.1,0.05,2350,0,0,0.0,0,F1,2350,,,,,
2026-02-18,2026-02-18,FO,NSE,STO,108894,,JIOFIN,,2026-02-24,2026-02-24,330.0,CE,JIOFIN26FEB330CE,0.05,0.05,0.05,0.05,0.05,0.05,264.1,0.05,1675550,-352500,150,116342625.0,87,F1,2350,,,,,
2026-02-18,2026-02-18,FO,NSE,STO,130338,,JIOFIN,,2026-03-30,2026-03-30,207.5,CE,JIOFIN26MAR207.5CE,0.0,0.0,0.0,51.45,0.0,51.45,264.1,57.9,0,0,0,0.0,0,F1,2350,,,,,
2026-02-18,2026-02-18,FO,NSE,STO,130346,,JIOFIN,,2026-03-30,2026-03-30,227.5,CE,JIOFIN26MAR227.5CE,0.0,0.0,0.0,34.05,0.0,34.05,264.1,38.5,0,0,0,0.0,0,F1,2350,,,,,
2026-02-18,2026-02-18,FO,NSE,STO,121341,,JIOFIN,,2026-03-30,2026-03-30,235.0,CE,JIOFIN26MAR235CE,0.0,0.0,0.0,62.45,0.0,62.45,264.1,31.6,0,0,0,0.0,0,F1,2350,,,,,
2026-02-18,2026-02-18,FO,NSE,STO,130364,,JIOFIN,,2026-03-30,2026-03-30,272.5,CE,JIOFIN26MAR272.5CE,6.0,6.0,6.0,6.0,6.0,9.5,264.1,7.15,2350,2350,1,654475.0,1,F1,2350,,,,,
2026-02-18,2026-02-18,FO,NSE,STO,121443,,JIOFIN,,2026-03-30,2026-03-30,290.0,CE,JIOFIN26MAR290CE,2.2,2.4,1.9,1.95,2.0,2.25,264.1,1.95,935300,197400,191,131091460.0,168,F1,2350,,,,,
2026-02-18,2026-02-18,FO,NSE,STO,120958,,JIOFIN,,2026-02-24,2026-02-24,267.5,PE,JIOFIN26FEB267.5PE,5.5,7.0,4.45,4.55,4.55,6.7,264.1,4.55,994050,-63450,92,59012612.5,74,F1,2350,,,,,
2026-02-18,2026-02-18,FO,NSE,STO,121130,,JIOFIN,,2026-02-24,2026-02-24,285.0,PE,JIOFIN26FEB285PE,21.3,22.0,21.0,21.3,21.3,22.5,264.1,20.7,740250,-91650,41,29547960.0,32,F1,2350,,,,,
2026-02-18,2026-02-18,FO,NSE,STO,121132,,JIOFIN,,2026-02-24,2026-02-24,287.5,PE,JIOFIN26FEB287.5PE,23.0,23.0,23.0,23.0,23.0,17.95,264.1,23.0,18800,0,1,729675.0,1,F1,2350,,,,,
2026-02-18,2026-02-18,FO,NSE,STO,121134,,JIOFIN,,2026-02-24,2026-02-24,292.5,PE,JIOFIN26FEB292.5PE,29.05,29.05,28.0,28.0,28.0,23.25,264.1,28.0,23500,0,3,2263050.0,3,F1,2350,,,,,
2026-02-18,2026-02-18,FO,NSE,STO,108891,,JIOFIN,,2026-02-24,2026-02-24,310.0,PE,JIOFIN26FEB310PE,46.0,47.4,45.6,45.6,45.6,47.1,264.1,45.6,594550,-42300,18,15069140.0,18,F1,2350,,,,,
2026-02-18,2026-02-18,FO,NSE,STO,108912,,JIOFIN,,2026-02-24,2026-02-24,340.0,PE,JIOFIN26FEB340PE,77.4,77.5,75.45,75.45,75.45,69.0,264.1,75.6,752000,-79900,34,33257905.0,17,F1,2350,,,,,
2026-02-18,2026-02-18,FO,NSE,STO,121322,,JIOFIN,,2026-03-30,2026-03-30,200.0,PE,JIOFIN26MAR200PE,0.0,0.0,0.0,0.1,0.0,0.1,264.1,0.05,0,0,0,0.0,0,F1,2350,,,,,
2026-02-18,2026-02-18,FO,NSE,STO,130353,,JIOFIN,,2026-03-30,2026-03-30,242.5,PE,JIOFIN26MAR242.5PE,0.0,0.0,0.0,7.05,0.0,7.05,264.1,2.15,0,0,0,0.0,0,F1,2350,,,,,
2026-02-18,2026-02-18,FO,NSE,STO,130729,,JIOFIN,,2026-04-28,2026-04-28,255.0,CE,JIOFIN26APR255CE,0.0,0.0,0.0,19.45,0.0,19.45,264.1,19.6,0,0,0,0.0,0,F1,2350,,,,,
2026-02-18,2026-02-18,FO,NSE,STO,121346,,JIOFIN,,2026-03-30,2026-03-30,245.0,PE,JIOFIN26MAR245PE,2.4,2.4,2.0,2.0,2.0,2.8,264.1,2.0,131600,35250,37,21496155.0,24,F1,2350,,,,,
2026-02-18,2026-02-18,FO,NSE,STO,130355,,JIOFIN,,2026-03-30,2026-03-30,247.5,PE,JIOFIN26MAR247.5PE,0.0,0.0,0.0,8.9,0.0,8.9,264.1,3.2,0,0,0,0.0,0,F1,2350,,,,,
2026-02-18,2026-02-18,FO,NSE,STO,130681,,JIOFIN,,2026-04-28,2026-04-28,215.0,PE,JIOFIN26APR215PE,0.0,0.0,0.0,2.45,0.0,2.45,264.1,0.5,0,0,0,0.0,0,F1,2350,,,,,
2026-02-18,2026-02-18,FO,NSE,STO,130689,,JIOFIN,,2026-04-28,2026-04-28,225.0,PE,JIOFIN26APR225PE,0.0,0.0,0.0,4.25,0.0,4.25,264.1,1.2,0,0,0,0.0,0,F1,2350,,,,,
2026-02-18,2026-02-18,FO,NSE,STO,130732,,JIOFIN,,2026-04-28,2026-04-28,260.0,PE,JIOFIN26APR260PE,8.85,9.1,8.0,8.0,8.0,8.85,264.1,8.0,79900,4700,5,3156050.0,5,F1,2350,,,,,
2026-02-18,2026-02-18,FO,NSE,STF,51947,,JIOFIN,,2026-03-30,2026-03-30,,,JIOFIN26MARFUT,264.5,266.5,263.5,266.15,266.3,264.3,264.1,266.15,40471700,14887250,7163,4468880320.0,3904,F1,2350,,,,,
2026-02-18,2026-02-18,FO,NSE,STF,66872,,JIOFIN,,2026-04-28,2026-04-28,,,JIOFIN26APRFUT,267.0,268.0,265.35,267.85,267.9,265.9,264.1,267.85,3012700,138650,144,90470887.5,138,F1,2350,,,,,
2026-02-18,2026-02-18,FO,NSE,STO,120936,,JIOFIN,,2026-02-24,2026-02-24,245.0,CE,JIOFIN26FEB245CE,19.2,19.35,17.95,19.0,19.0,18.0,264.1,19.4,930600,-16450,7,4339745.0,7,F1,2350,,,,,
2026-02-18,2026-02-18,FO,NSE,STO,120940,,JIOFIN,,2026-02-24,2026-02-24,252.5,CE,JIOFIN26FEB252.5CE,10.55,12.35,10.45,12.3,12.25,11.4,264.1,12.3,714400,-4700,10,6198360.0,10,F1,2350,,,,,
2026-02-18,2026-02-18,FO,NSE,STO,121175,,JIOFIN,,2026-02-24,2026-02-24,325.0,PE,JIOFIN26FEB325PE,0.0,0.0,0.0,62.7,62.7,62.7,264.1,60.6,7050,0,0,0.0,0,F1,2350,,,,,
2026-02-18,2026-02-18,FO,NSE,STF,59389,,JIOFIN,,2026-02-24,2026-02-24,,,JIOFIN26FEBFUT,263.05,264.9,261.8,264.55,264.45,262.65,264.1,264.55,134079250,-13474900,9029,5597191460.0,5330,F1,2350,,,,,
2026-02-18,2026-02-18,FO,NSE,STO,108872,,JIOFIN,,2026-02-24,2026-02-24,220.0,CE,JIOFIN26FEB220CE,0.0,0.0,0.0,54.4,54.4,54.4,264.1,44.3,14100,0,0,0.0,0,F1,2350,,,,,
2026-02-18,2026-02-18,FO,NSE,STO,120928,,JIOFIN,,2026-02-24,2026-02-24,235.0,CE,JIOFIN26FEB235CE,29.7,29.7,29.7,29.7,29.7,28.5,264.1,29.7,180950,-2350,1,622045.0,1,F1,2350,,,,,
2026-02-18,2026-02-18,FO,NSE,STO,121137,,JIOFIN,,2026-02-24,2026-02-24,297.5,CE,JIOFIN26FEB297.5CE,0.1,0.1,0.1,0.1,0.1,0.15,264.1,0.1,244400,-7050,7,4895520.0,6,F1,2350,,,,,
2026-02-18,2026-02-18,FO,NSE,STO,108890,,JIOFIN,,2026-02-24,2026-02-24,310.0,CE,JIOFIN26FEB310CE,0.05,0.1,0.05,0.05,0.05,0.1,264.1,0.05,1407650,-108100,181,131880355.0,26,F1,2350,,,,,
2026-02-18,2026-02-18,FO,NSE,STO,121336,,JIOFIN,,2026-03-30,2026-03-30,225.0,CE,JIOFIN26MAR225CE,0.0,0.0,0.0,71.65,0.0,71.65,264.1,40.85,0,0,0,0.0,0,F1,2350,,,,,
2026-02-18,2026-02-18,FO,NSE,STO,130358,,JIOFIN,,2026-03-30,2026-03-30,257.5,CE,JIOFIN26MAR257.5CE,0.0,0.0,0.0,13.0,13.0,13.0,264.1,14.5,0,0,0,0.0,0,F1,2350,,,,,
2026-02-18,2026-02-18,FO,NSE,STO,130360,,JIOFIN,,2026-03-30,2026-03-30,262.5,CE,JIOFIN26MAR262.5CE,11.2,11.25,9.9,10.8,10.8,10.3,264.1,10.8,77550,30550,19,12196970.0,18,F1,2350,,,,,
2026-02-18,2026-02-18,FO,NSE,STO,121384,,JIOFIN,,2026-03-30,2026-03-30,275.0,CE,JIOFIN26MAR275CE,5.55,5.7,4.85,5.05,5.05,5.15,264.1,5.05,460600,112800,113,74396182.5,94,F1,2350,,,,,
2026-02-18,2026-02-18,FO,NSE,STO,130370,,JIOFIN,,2026-03-30,2026-03-30,287.5,CE,JIOFIN26MAR287.5CE,0.0,0.0,0.0,4.75,0.0,4.75,264.1,3.0,0,0,0,0.0,0,F1,2350,,,,,
2026-02-18,2026-02-18,FO,NSE,STO,121540,,JIOFIN,,2026-03-30,2026-03-30,300.0,CE,JIOFIN26MAR300CE,1.35,1.45,1.1,1.15,1.15,1.35,264.1,1.15,2632000,293750,449,317835385.0,300,F1,2350,,,,,
2026-02-18,2026-02-18,FO,NSE,STO,130670,,JIOFIN,,2026-04-28,2026-04-28,190.0,CE,JIOFIN26APR190CE,0.0,0.0,0.0,69.4,0.0,69.4,264.1,76.1,0,0,0,0.0,0,F1,2350,,,,,
2026-02-18,2026-02-18,FO,NSE,STO,130688,,JIOFIN,,2026-04-28,2026-04-28,225.0,CE,JIOFIN26APR225CE,0.0,0.0,0.0,38.75,0.0,38.75,264.1,42.65,0,0,0,0.0,0,F1,2350,,,,,
2026-02-18,2026-02-18,FO,NSE,STO,130745,,JIOFIN,,2026-04-28,2026-04-28,295.0,CE,JIOFIN26APR295CE,0.0,0.0,0.0,5.9,0.0,5.9,264.1,4.2,0,0,0,0.0,0,F1,2350,,,,,
2026-02-18,2026-02-18,FO,NSE,STO,120933,,JIOFIN,,2026-02-24,2026-02-24,237.5,PE,JIOFIN26FEB237.5PE,0.1,0.1,0.1,0.1,0.1,0.25,264.1,0.1,192700,-2350,1,558360.0,1,F1,2350,,,,,
2026-02-18,2026-02-18,FO,NSE,STO,120945,,JIOFIN,,2026-02-24,2026-02-24,257.5,PE,JIOFIN26FEB257.5PE,1.55,1.6,0.6,0.65,0.65,1.65,264.1,0.65,834250,-249100,435,264278062.5,330,F1,2350,,,,,
2026-02-18,2026-02-18,FO,NSE,STO,121324,,JIOFIN,,2026-03-30,2026-03-30,205.0,PE,JIOFIN26MAR205PE,0.0,0.0,0.0,0.2,0.0,0.2,264.1,0.05,0,0,0,0.0,0,F1,2350,,,,,
2026-02-18,2026-02-18,FO,NSE,STO,130357,,JIOFIN,,2026-03-30,2026-03-30,252.5,PE,JIOFIN26MAR252.5PE,0.0,0.0,0.0,11.0,0.0,11.0,264.1,4.6,0,0,0,0.0,0,F1,2350,,,,,
2026-02-18,2026-02-18,FO,NSE,STO,121350,,JIOFIN,,2026-03-30,2026-03-30,255.0,PE,JIOFIN26MAR255PE,4.95,5.35,4.15,4.15,4.15,5.4,264.1,4.15,209150,25850,23,14035375.0,20,F1,2350,,,,,
2026-02-18,2026-02-18,FO,NSE,STO,130369,,JIOFIN,,2026-03-30,2026-03-30,282.5,PE,JIOFIN26MAR282.5PE,0.0,0.0,0.0,29.35,0.0,29.35,264.1,20.8,0,0,0,0.0,0,F1,2350,,,,,
2026-02-18,2026-02-18,FO,NSE,STO,121442,,JIOFIN,,2026-03-30,2026-03-30,285.0,PE,JIOFIN26MAR285PE,21.5,22.4,21.2,21.9,21.9,23.0,264.1,22.7,178600,105750,49,35338242.5,40,F1,2350,,,,,
2026-02-18,2026-02-18,FO,NSE,STO,121541,,JIOFIN,,2026-03-30,2026-03-30,300.0,PE,JIOFIN26MAR300PE,35.0,36.5,33.9,34.25,34.15,36.35,264.1,34.25,646250,326650,140,110176342.5,82,F1,2350,,,,,
2026-02-18,2026-02-18,FO,NSE,STO,130675,,JIOFIN,,2026-04-28,2026-04-28,200.0,PE,JIOFIN26APR200PE,0.0,0.0,0.0,0.95,0.0,0.95,264.1,0.1,0,0,0,0.0,0,F1,2350,,,,,
2026-02-18,2026-02-18,FO,NSE,STO,130734,,JIOFIN,,2026-04-28,2026-04-28,265.0,PE,JIOFIN26APR265PE,0.0,0.0,0.0,19.75,0.0,19.75,264.1,12.25,0,0,0,0.0,0,F1,2350,,,,,
2026-02-18,2026-02-18,FO,NSE,STO,130738,,JIOFIN,,2026-04-28,2026-04-28,275.0,PE,JIOFIN26APR275PE,0.0,0.0,0.0,25.85,0.0,25.85,264.1,17.8,0,0,0,0.0,0,F1,2350,,,,,
2026-02-18,2026-02-18,FO,NSE,STO,130348,,JIOFIN,,2026-03-30,2026-03-30,232.5,CE,JIOFIN26MAR232.5CE,0.0,0.0,0.0,30.15,0.0,30.15,264.1,33.85,0,0,0,0.0,0,F1,2350,,,,,
2026-02-18,2026-02-18,FO,NSE,STO,121208,,JIOFIN,,2026-02-24,2026-02-24,345.0,CE,JIOFIN26FEB345CE,0.0,0.0,0.0,0.1,0.1,0.1,264.1,0.05,18800,0,0,0.0,0,F1,2350,,,,,
2026-02-18,2026-02-18,FO,NSE,STO,120975,,JIOFIN,,2026-02-24,2026-02-24,277.5,CE,JIOFIN26FEB277.5CE,0.55,0.6,0.3,0.4,0.4,0.55,264.1,0.4,545200,-37600,90,58788775.0,78,F1,2350,,,,,
2026-02-18,2026-02-18,FO,NSE,STO,130744,,JIOFIN,,2026-04-28,2026-04-28,290.0,PE,JIOFIN26APR290PE,0.0,0.0,0.0,36.45,0.0,36.45,264.1,28.15,0,0,0,0.0,0,F1,2350,,,,,
2026-02-18,2026-02-18,FO,NSE,STO,130742,,JIOFIN,,2026-04-28,2026-04-28,285.0,PE,JIOFIN26APR285PE,0.0,0.0,0.0,32.75,0.0,32.75,264.1,24.45,0,0,0,0.0,0,F1,2350,,,,,
2026-02-18,2026-02-18,FO,NSE,STO,130677,,JIOFIN,,2026-04-28,2026-04-28,205.0,PE,JIOFIN26APR205PE,0.0,0.0,0.0,1.35,0.0,1.35,264.1,0.2,0,0,0,0.0,0,F1,2350,,,,,
2026-02-18,2026-02-18,FO,NSE,STO,130371,,JIOFIN,,2026-03-30,2026-03-30,287.5,PE,JIOFIN26MAR287.5PE,23.0,23.0,23.0,23.0,23.0,21.5,264.1,23.0,4700,2350,1,729675.0,1,F1,2350,,,,,
2026-02-18,2026-02-18,FO,NSE,STO,120874,,JIOFIN,,2026-02-24,2026-02-24,217.5,CE,JIOFIN26FEB217.5CE,0.0,0.0,0.0,77.15,0.0,77.15,264.1,46.8,0,0,0,0.0,0,F1,2350,,,,,
2026-02-18,2026-02-18,FO,NSE,STO,121439,,JIOFIN,,2026-03-30,2026-03-30,280.0,PE,JIOFIN26MAR280PE,18.0,18.8,17.0,17.1,17.0,19.0,264.1,17.1,251450,23500,17,11894995.0,15,F1,2350,,,,,
2026-02-18,2026-02-18,FO,NSE,STO,121379,,JIOFIN,,2026-03-30,2026-03-30,260.0,PE,JIOFIN26MAR260PE,7.15,7.4,5.65,5.8,5.85,7.25,264.1,5.8,1292500,246750,187,117086987.5,171,F1,2350,,,,,
2026-02-18,2026-02-18,FO,NSE,STO,121330,,JIOFIN,,2026-03-30,2026-03-30,220.0,PE,JIOFIN26MAR220PE,0.8,0.8,0.55,0.55,0.55,0.8,264.1,0.2,7050,4700,2,1037172.5,2,F1,2350,,,,,
2026-02-18,2026-02-18,FO,NSE,STO,108917,,JIOFIN,,2026-02-24,2026-02-24,350.0,PE,JIOFIN26FEB350PE,87.0,87.0,87.0,87.0,87.0,76.0,264.1,85.6,397150,0,1,1026950.0,1,F1,2350,,,,,
2026-02-18,2026-02-18,FO,NSE,STO,120947,,JIOFIN,,2026-02-24,2026-02-24,262.5,PE,JIOFIN26FEB262.5PE,3.5,3.65,1.75,1.9,1.8,3.55,264.1,1.9,1757800,-9400,878,547053562.5,737,F1,2350,,,,,
2026-02-18,2026-02-18,FO,NSE,STO,108873,,JIOFIN,,2026-02-24,2026-02-24,220.0,PE,JIOFIN26FEB220PE,0.1,0.1,0.05,0.1,0.05,0.1,264.1,0.1,987000,-37600,155,80170955.0,29,F1,2350,,,,,
2026-02-18,2026-02-18,FO,NSE,STO,120871,,JIOFIN,,2026-02-24,2026-02-24,212.5,PE,JIOFIN26FEB212.5PE,0.0,0.0,0.0,0.1,0.0,0.1,264.1,0.05,0,0,0,0.0,0,F1,2350,,,,,
2026-02-18,2026-02-18,FO,NSE,STO,130725,,JIOFIN,,2026-04-28,2026-04-28,245.0,CE,JIOFIN26APR245CE,0.0,0.0,0.0,24.95,0.0,24.95,264.1,26.3,0,0,0,0.0,0,F1,2350,,,,,
2026-02-18,2026-02-18,FO,NSE,STO,121441,,JIOFIN,,2026-03-30,2026-03-30,285.0,CE,JIOFIN26MAR285CE,3.15,3.15,2.55,2.65,2.7,2.85,264.1,2.65,394800,98700,96,64907470.0,83,F1,2350,,,,,
2026-02-18,2026-02-18,FO,NSE,STO,121438,,JIOFIN,,2026-03-30,2026-03-30,280.0,CE,JIOFIN26MAR280CE,4.0,4.3,3.5,3.65,3.7,3.8,264.1,3.65,1186750,192700,289,192749232.5,208,F1,2350,,,,,
2026-02-18,2026-02-18,FO,NSE,STO,130366,,JIOFIN,,2026-03-30,2026-03-30,277.5,CE,JIOFIN26MAR277.5CE,0.0,0.0,0.0,5.15,5.15,5.15,264.1,5.45,7050,0,0,0.0,0,F1,2350,,,,,
2026-02-18,2026-02-18,FO,NSE,STO,121345,,JIOFIN,,2026-03-30,2026-03-30,245.0,CE,JIOFIN26MAR245CE,0.0,0.0,0.0,53.75,0.0,53.75,264.1,23.25,0,0,0,0.0,0,F1,2350,,,,,
2026-02-18,2026-02-18,FO,NSE,STO,130709,,JIOFIN,,2026-04-28,2026-04-28,235.0,CE,JIOFIN26APR235CE,0.0,0.0,0.0,31.4,0.0,31.4,264.1,34.05,0,0,0,0.0,0,F1,2350,,,,,
2026-02-18,2026-02-18,FO,NSE,STO,130721,,JIOFIN,,2026-04-28,2026-04-28,240.0,CE,JIOFIN26APR240CE,0.0,0.0,0.0,28.1,0.0,28.1,264.1,30.05,0,0,0,0.0,0,F1,2350,,,,,
2026-02-18,2026-02-18,FO,NSE,STO,108869,,JIOFIN,,2026-02-24,2026-02-24,200.0,PE,JIOFIN26FEB200PE,0.05,0.05,0.05,0.05,0.05,0.05,264.1,0.05,101050,-37600,17,7991997.5,15,F1,2350,,,,,
2026-02-18,2026-02-18,FO,NSE,STO,120867,,JIOFIN,,2026-02-24,2026-02-24,205.0,PE,JIOFIN26FEB205PE,0.0,0.0,0.0,0.1,0.1,0.1,264.1,0.05,4700,0,0,0.0,0,F1,2350,,,,,
2026-02-18,2026-02-18,FO,NSE,STO,120869,,JIOFIN,,2026-02-24,2026-02-24,207.5,PE,JIOFIN26FEB207.5PE,0.0,0.0,0.0,0.05,0.0,0.05,264.1,0.05,0,0,0,0.0,0,F1,2350,,,,,
2026-02-18,2026-02-18,FO,NSE,STO,108875,,JIOFIN,,2026-02-24,2026-02-24,230.0,PE,JIOFIN26FEB230PE,0.15,0.15,0.05,0.1,0.1,0.2,264.1,0.1,1511050,-2350,194,104907877.5,46,F1,2350,,,,,
2026-02-18,2026-02-18,FO,NSE,STO,120929,,JIOFIN,,2026-02-24,2026-02-24,235.0,PE,JIOFIN26FEB235PE,0.15,0.15,0.1,0.1,0.1,0.2,264.1,0.1,615700,56400,185,102228290.0,44,F1,2350,,,,,
2026-02-18,2026-02-18,FO,NSE,STO,120952,,JIOFIN,,2026-02-24,2026-02-24,265.0,PE,JIOFIN26FEB265PE,4.75,5.2,2.85,3.05,3.0,4.9,264.1,3.05,2138500,-185650,1257,794144430.0,1160,F1,2350,,,,,
2026-02-18,2026-02-18,FO,NSE,STO,120974,,JIOFIN,,2026-02-24,2026-02-24,275.0,PE,JIOFIN26FEB275PE,12.25,13.1,10.8,11.0,10.95,13.05,264.1,11.0,1088050,-65800,77,51858860.0,60,F1,2350,,,,,
2026-02-18,2026-02-18,FO,NSE,STO,120976,,JIOFIN,,2026-02-24,2026-02-24,277.5,PE,JIOFIN26FEB277.5PE,14.6,15.3,13.5,13.7,13.7,9.7,264.1,13.7,105750,-28200,21,14401505.0,21,F1,2350,,,,,
2026-02-18,2026-02-18,FO,NSE,STO,121326,,JIOFIN,,2026-03-30,2026-03-30,210.0,PE,JIOFIN26MAR210PE,0.0,0.0,0.0,0.25,0.0,0.25,264.1,0.05,0,0,0,0.0,0,F1,2350,,,,,
2026-02-18,2026-02-18,FO,NSE,STO,121381,,JIOFIN,,2026-03-30,2026-03-30,265.0,PE,JIOFIN26MAR265PE,9.15,9.75,7.8,7.95,7.8,9.55,264.1,7.95,834250,220900,130,83596785.0,125,F1,2350,,,,,
2026-02-18,2026-02-18,FO,NSE,STO,130365,,JIOFIN,,2026-03-30,2026-03-30,272.5,PE,JIOFIN26MAR272.5PE,10.85,12.25,10.35,12.0,12.0,13.15,264.1,12.0,58750,49350,21,14006352.5,8,F1,2350,,,,,
2026-02-18,2026-02-18,FO,NSE,STO,130367,,JIOFIN,,2026-03-30,2026-03-30,277.5,PE,JIOFIN26MAR277.5PE,0.0,0.0,0.0,25.65,0.0,25.65,264.1,17.2,0,0,0,0.0,0,F1,2350,,,,,
2026-02-18,2026-02-18,FO,NSE,STO,130679,,JIOFIN,,2026-04-28,2026-04-28,210.0,PE,JIOFIN26APR210PE,0.0,0.0,0.0,1.85,0.0,1.85,264.1,0.3,0,0,0,0.0,0,F1,2350,,,,,
2026-02-18,2026-02-18,FO,NSE,STO,130726,,JIOFIN,,2026-04-28,2026-04-28,245.0,PE,JIOFIN26APR245PE,0.0,0.0,0.0,10.15,0.0,10.15,264.1,4.65,0,0,0,0.0,0,F1,2350,,,,,
2026-02-18,2026-02-18,FO,NSE,STO,130730,,JIOFIN,,2026-04-28,2026-04-28,255.0,PE,JIOFIN26APR255PE,0.0,0.0,0.0,14.5,0.0,14.5,264.1,7.85,0,0,0,0.0,0,F1,2350,,,,,
2026-02-18,2026-02-18,FO,NSE,STO,130746,,JIOFIN,,2026-04-28,2026-04-28,295.0,PE,JIOFIN26APR295PE,0.0,0.0,0.0,40.35,0.0,40.35,264.1,32.05,0,0,0,0.0,0,F1,2350,,,,,
2026-02-18,2026-02-18,FO,NSE,STO,130773,,JIOFIN,,2026-04-28,2026-04-28,320.0,PE,JIOFIN26APR320PE,0.0,0.0,0.0,61.5,0.0,61.5,264.1,53.8,0,0,0,0.0,0,F1,2350,,,,,
2026-02-18,2026-02-18,FO,NSE,STO,130362,,JIOFIN,,2026-03-30,2026-03-30,267.5,CE,JIOFIN26MAR267.5CE,7.4,8.3,7.35,8.3,8.3,14.3,264.1,8.3,9400,7050,5,3232425.0,5,F1,2350,,,,,
2026-02-18,2026-02-18,FO,NSE,STO,121172,,JIOFIN,,2026-02-24,2026-02-24,322.5,CE,JIOFIN26FEB322.5CE,0.0,0.0,0.0,0.25,0.25,0.25,264.1,0.05,7050,0,0,0.0,0,F1,2350,,,,,
2026-02-18,2026-02-18,FO,NSE,STO,121143,,JIOFIN,,2026-02-24,2026-02-24,307.5,CE,JIOFIN26FEB307.5CE,0.0,0.0,0.0,0.3,0.3,0.3,264.1,0.05,30550,0,0,0.0,0,F1,2350,,,,,
2026-02-18,2026-02-18,FO,NSE,STO,121139,,JIOFIN,,2026-02-24,2026-02-24,302.5,CE,JIOFIN26FEB302.5CE,0.1,0.1,0.05,0.05,0.05,0.1,264.1,0.05,105750,-58750,31,22044175.0,25,F1,2350,,,,,
2026-02-18,2026-02-18,FO,NSE,STO,121127,,JIOFIN,,2026-02-24,2026-02-24,282.5,CE,JIOFIN26FEB282.5CE,0.45,0.45,0.2,0.25,0.25,0.35,264.1,0.25,354850,-39950,53,35218392.5,43,F1,2350,,,,,
2026-02-18,2026-02-18,FO,NSE,STO,108880,,JIOFIN,,2026-02-24,2026-02-24,260.0,CE,JIOFIN26FEB260CE,4.8,6.3,4.3,5.6,5.65,5.1,264.1,5.6,2521550,-455900,1425,888358632.5,1175,F1,2350,,,,,
2026-02-18,2026-02-18,FO,NSE,STO,108876,,JIOFIN,,2026-02-24,2026-02-24,240.0,CE,JIOFIN26FEB240CE,23.55,24.85,23.0,24.85,24.85,23.55,264.1,24.85,824850,-18800,11,6826045.0,9,F1,2350,,,,,
2026-02-18,2026-02-18,FO,NSE,STO,120930,,JIOFIN,,2026-02-24,2026-02-24,237.5,CE,JIOFIN26FEB237.5CE,0.0,0.0,0.0,26.0,26.0,26.0,264.1,26.8,244400,0,0,0.0,0,F1,2350,,,,,
2026-02-18,2026-02-18,FO,NSE,STO,121445,,JIOFIN,,2026-03-30,2026-03-30,295.0,CE,JIOFIN26MAR295CE,1.85,1.85,1.45,1.45,1.45,1.7,264.1,1.45,235000,32900,25,17424192.5,19,F1,2350,,,,,
2026-02-18,2026-02-18,FO,NSE,STO,121677,,JIOFIN,,2026-03-30,2026-03-30,310.0,CE,JIOFIN26MAR310CE,0.75,0.8,0.65,0.7,0.7,0.9,264.1,0.7,514650,77550,62,45269812.5,40,F1,2350,,,,,
2026-02-18,2026-02-18,FO,NSE,STO,121715,,JIOFIN,,2026-03-30,2026-03-30,340.0,CE,JIOFIN26MAR340CE,0.35,0.35,0.2,0.2,0.2,0.3,264.1,0.2,117500,4700,14,11194225.0,12,F1,2350,,,,,
2026-02-18,2026-02-18,FO,NSE,STO,130676,,JIOFIN,,2026-04-28,2026-04-28,205.0,CE,JIOFIN26APR205CE,0.0,0.0,0.0,55.5,0.0,55.5,264.1,61.4,0,0,0,0.0,0,F1,2350,,,,,
2026-02-18,2026-02-18,FO,NSE,STO,130680,,JIOFIN,,2026-04-28,2026-04-28,215.0,CE,JIOFIN26APR215CE,0.0,0.0,0.0,46.8,0.0,46.8,264.1,51.85,0,0,0,0.0,0,F1,2350,,,,,
2026-02-18,2026-02-18,FO,NSE,STO,120925,,JIOFIN,,2026-02-24,2026-02-24,227.5,PE,JIOFIN26FEB227.5PE,0.0,0.0,0.0,0.15,0.15,0.15,264.1,0.05,82250,0,0,0.0,0,F1,2350,,,,,
2026-02-18,2026-02-18,FO,NSE,STO,108885,,JIOFIN,,2026-02-24,2026-02-24,280.0,PE,JIOFIN26FEB280PE,17.3,17.85,15.4,15.7,15.7,17.6,264.1,15.7,1428800,-96350,140,97508550.0,136,F1,2350,,,,,
2026-02-18,2026-02-18,FO,NSE,STO,108887,,JIOFIN,,2026-02-24,2026-02-24,290.0,PE,JIOFIN26FEB290PE,26.6,28.0,25.4,25.55,25.4,27.3,264.1,25.55,1398250,-112800,51,37884232.5,48,F1,2350,,,,,
2026-02-18,2026-02-18,FO,NSE,STO,121171,,JIOFIN,,2026-02-24,2026-02-24,317.5,PE,JIOFIN26FEB317.5PE,0.0,0.0,0.0,50.0,50.0,50.0,264.1,53.1,2350,0,0,0.0,0,F1,2350,,,,,
2026-02-18,2026-02-18,FO,NSE,STO,130351,,JIOFIN,,2026-03-30,2026-03-30,237.5,PE,JIOFIN26MAR237.5PE,0.0,0.0,0.0,5.5,0.0,5.5,264.1,1.4,0,0,0,0.0,0,F1,2350,,,,,
2026-02-18,2026-02-18,FO,NSE,STO,121635,,JIOFIN,,2026-03-30,2026-03-30,305.0,PE,JIOFIN26MAR305PE,0.0,0.0,0.0,33.25,33.25,33.25,264.1,39.95,16450,0,0,0.0,0,F1,2350,,,,,
2026-02-18,2026-02-18,FO,NSE,STO,130708,,JIOFIN,,2026-04-28,2026-04-28,230.0,PE,JIOFIN26APR230PE,0.0,0.0,0.0,5.4,0.0,5.4,264.1,1.75,0,0,0,0.0,0,F1,2350,,,,,
2026-02-18,2026-02-18,FO,NSE,STO,130728,,JIOFIN,,2026-04-28,2026-04-28,250.0,PE,JIOFIN26APR250PE,4.7,4.7,4.7,4.7,4.7,5.05,264.1,6.15,18800,2350,1,598545.0,1,F1,2350,,,,,
2026-02-18,2026-02-18,FO,NSE,STO,120934,,JIOFIN,,2026-02-24,2026-02-24,242.5,CE,JIOFIN26FEB242.5CE,0.0,0.0,0.0,21.5,21.5,21.5,264.1,21.85,434750,0,0,0.0,0,F1,2350,,,,,
2026-02-18,2026-02-18,FO,NSE,STO,120926,,JIOFIN,,2026-02-24,2026-02-24,232.5,CE,JIOFIN26FEB232.5CE,0.0,0.0,0.0,28.25,28.25,28.25,264.1,31.8,86950,0,0,0.0,0,F1,2350,,,,,
2026-02-18,2026-02-18,FO,NSE,STO,120872,,JIOFIN,,2026-02-24,2026-02-24,215.0,CE,JIOFIN26FEB215CE,0.0,0.0,0.0,79.6,0.0,79.6,264.1,49.3,0,0,0,0.0,0,F1,2350,,,,,
2026-02-18,2026-02-18,FO,NSE,STO,120870,,JIOFIN,,2026-02-24,2026-02-24,212.5,CE,JIOFIN26FEB212.5CE,0.0,0.0,0.0,82.05,0.0,82.05,264.1,51.8,0,0,0,0.0,0,F1,2350,,,,,
2026-02-18,2026-02-18,FO,NSE,STO,108881,,JIOFIN,,2026-02-24,2026-02-24,260.0,PE,JIOFIN26FEB260PE,2.5,2.5,1.0,1.1,1.05,2.45,264.1,1.1,5202900,-307850,1442,886670157.5,1143,F1,2350,,,,,
2026-02-18,2026-02-18,FO,NSE,STO,130374,,JIOFIN,,2026-03-30,2026-03-30,297.5,CE,JIOFIN26MAR297.5CE,0.0,0.0,0.0,1.85,1.85,1.85,264.1,1.55,220900,0,0,0.0,0,F1,2350,,,,,
2026-02-18,2026-02-18,FO,NSE,STO,130344,,JIOFIN,,2026-03-30,2026-03-30,222.5,CE,JIOFIN26MAR222.5CE,0.0,0.0,0.0,38.15,0.0,38.15,264.1,43.2,0,0,0,0.0,0,F1,2350,,,,,
2026-02-18,2026-02-18,FO,NSE,STO,130340,,JIOFIN,,2026-03-30,2026-03-30,212.5,CE,JIOFIN26MAR212.5CE,0.0,0.0,0.0,46.9,0.0,46.9,264.1,52.95,0,0,0,0.0,0,F1,2350,,,,,
2026-02-18,2026-02-18,FO,NSE,STO,121325,,JIOFIN,,2026-03-30,2026-03-30,210.0,CE,JIOFIN26MAR210CE,0.0,0.0,0.0,85.9,0.0,85.9,264.1,55.4,0,0,0,0.0,0,F1,2350,,,,,
2026-02-18,2026-02-18,FO,NSE,STO,121174,,JIOFIN,,2026-02-24,2026-02-24,325.0,CE,JIOFIN26FEB325CE,0.05,0.05,0.05,0.05,0.05,0.05,264.1,0.05,136300,-2350,1,763867.5,1,F1,2350,,,,,
2026-02-18,2026-02-18,FO,NSE,STO,120953,,JIOFIN,,2026-02-24,2026-02-24,267.5,CE,JIOFIN26FEB267.5CE,1.85,2.3,1.4,1.65,1.6,1.85,264.1,1.65,881250,-39950,782,494819407.5,653,F1,2350,,,,,
2026-02-18,2026-02-18,FO,NSE,STO,130705,,JIOFIN,,2026-04-28,2026-04-28,230.0,CE,JIOFIN26APR230CE,0.0,0.0,0.0,35.0,0.0,35.0,264.1,38.25,0,0,0,0.0,0,F1,2350,,,,,
2026-02-18,2026-02-18,FO,NSE,STO,130731,,JIOFIN,,2026-04-28,2026-04-28,260.0,CE,JIOFIN26APR260CE,0.0,0.0,0.0,17.05,0.0,17.05,264.1,16.7,0,0,0,0.0,0,F1,2350,,,,,
2026-02-18,2026-02-18,FO,NSE,STO,130739,,JIOFIN,,2026-04-28,2026-04-28,280.0,CE,JIOFIN26APR280CE,0.0,0.0,0.0,9.55,0.0,9.55,264.1,8.0,0,0,0,0.0,0,F1,2350,,,,,
2026-02-18,2026-02-18,FO,NSE,STO,130741,,JIOFIN,,2026-04-28,2026-04-28,285.0,CE,JIOFIN26APR285CE,0.0,0.0,0.0,8.15,0.0,8.15,264.1,6.5,0,0,0,0.0,0,F1,2350,,,,,
2026-02-18,2026-02-18,FO,NSE,STO,120935,,JIOFIN,,2026-02-24,2026-02-24,242.5,PE,JIOFIN26FEB242.5PE,0.15,0.15,0.1,0.15,0.15,0.25,264.1,0.15,340750,2350,25,14254512.5,10,F1,2350,,,,,
2026-02-18,2026-02-18,FO,NSE,STO,108879,,JIOFIN,,2026-02-24,2026-02-24,250.0,PE,JIOFIN26FEB250PE,0.5,0.5,0.15,0.25,0.15,0.55,264.1,0.25,4291100,-148050,1434,843564812.5,703,F1,2350,,,,,
2026-02-18,2026-02-18,FO,NSE,STO,120943,,JIOFIN,,2026-02-24,2026-02-24,255.0,PE,JIOFIN26FEB255PE,1.05,1.05,0.35,0.4,0.35,1.05,264.1,0.4,3334650,-70500,704,422998237.5,444,F1,2350,,,,,
2026-02-18,2026-02-18,FO,NSE,STO,130740,,JIOFIN,,2026-04-28,2026-04-28,280.0,PE,JIOFIN26APR280PE,0.0,0.0,0.0,29.2,0.0,29.2,264.1,21.0,0,0,0,0.0,0,F1,2350,,,,,
2026-02-18,2026-02-18,FO,NSE,STO,130375,,JIOFIN,,2026-03-30,2026-03-30,297.5,PE,JIOFIN26MAR297.5PE,0.0,0.0,0.0,27.0,27.0,27.0,264.1,33.15,4700,0,0,0.0,0,F1,2350,,,,,
2026-02-18,2026-02-18,FO,NSE,STO,130361,,JIOFIN,,2026-03-30,2026-03-30,262.5,PE,JIOFIN26MAR262.5PE,8.05,8.5,6.0,6.6,6.8,8.25,264.1,6.6,54050,37600,37,23457817.5,29,F1,2350,,,,,
2026-02-18,2026-02-18,FO,NSE,STO,130359,,JIOFIN,,2026-03-30,2026-03-30,257.5,PE,JIOFIN26MAR257.5PE,5.8,5.8,5.4,5.4,5.4,5.95,264.1,6.35,11750,2350,4,2472670.0,4,F1,2350,,,,,
2026-02-18,2026-02-18,FO,NSE,STO,130345,,JIOFIN,,2026-03-30,2026-03-30,222.5,PE,JIOFIN26MAR222.5PE,0.0,0.0,0.0,2.25,0.0,2.25,264.1,0.3,0,0,0,0.0,0,F1,2350,,,,,
2026-02-18,2026-02-18,FO,NSE,STO,121328,,JIOFIN,,2026-03-30,2026-03-30,215.0,PE,JIOFIN26MAR215PE,0.0,0.0,0.0,0.4,0.0,0.4,264.1,0.1,0,0,0,0.0,0,F1,2350,,,,,
2026-02-18,2026-02-18,FO,NSE,STO,121329,,JIOFIN,,2026-03-30,2026-03-30,220.0,CE,JIOFIN26MAR220CE,0.0,0.0,0.0,25.0,25.0,25.0,264.1,45.65,2350,0,0,0.0,0,F1,2350,,,,,
2026-02-18,2026-02-18,FO,NSE,STO,130342,,JIOFIN,,2026-03-30,2026-03-30,217.5,CE,JIOFIN26MAR217.5CE,0.0,0.0,0.0,42.45,0.0,42.45,264.1,48.05,0,0,0,0.0,0,F1,2350,,,,,
2026-02-18,2026-02-18,FO,NSE,STO,121135,,JIOFIN,,2026-02-24,2026-02-24,295.0,CE,JIOFIN26FEB295CE,0.15,0.2,0.1,0.1,0.1,0.2,264.1,0.1,1149150,-56400,562,389747265.0,117,F1,2350,,,,,
2026-02-18,2026-02-18,FO,NSE,STO,120959,,JIOFIN,,2026-02-24,2026-02-24,272.5,CE,JIOFIN26FEB272.5CE,0.9,1.15,0.6,0.75,0.75,0.95,264.1,0.75,1536900,-112800,637,409117845.0,420,F1,2350,,,,,
2026-02-18,2026-02-18,FO,NSE,STO,121128,,JIOFIN,,2026-02-24,2026-02-24,282.5,PE,JIOFIN26FEB282.5PE,0.0,0.0,0.0,19.8,19.8,19.8,264.1,18.3,37600,0,0,0.0,0,F1,2350,,,,,
2026-02-18,2026-02-18,FO,NSE,STO,108874,,JIOFIN,,2026-02-24,2026-02-24,230.0,CE,JIOFIN26FEB230CE,0.0,0.0,0.0,33.1,33.1,33.1,264.1,34.3,164500,0,0,0.0,0,F1,2350,,,,,
2026-02-18,2026-02-18,FO,NSE,STO,108868,,JIOFIN,,2026-02-24,2026-02-24,200.0,CE,JIOFIN26FEB200CE,0.0,0.0,0.0,68.0,68.0,68.0,264.1,64.3,14100,0,0,0.0,0,F1,2350,,,,,
2026-02-18,2026-02-18,FO,NSE,STO,121142,,JIOFIN,,2026-02-24,2026-02-24,305.0,PE,JIOFIN26FEB305PE,41.0,41.0,41.0,41.0,41.0,34.6,264.1,41.0,89300,-7050,3,2439300.0,3,F1,2350,,,,,
2026-02-18,2026-02-18,FO,NSE,STO,130354,,JIOFIN,,2026-03-30,2026-03-30,247.5,CE,JIOFIN26MAR247.5CE,0.0,0.0,0.0,20.05,0.0,20.05,264.1,21.3,0,0,0,0.0,0,F1,2350,,,,,
2026-02-18,2026-02-18,FO,NSE,STO,121347,,JIOFIN,,2026-03-30,2026-03-30,250.0,CE,JIOFIN26MAR250CE,19.5,19.5,18.1,19.15,19.5,18.5,264.1,19.15,270250,35250,28,17690565.0,27,F1,2350,,,,,
2026-02-18,2026-02-18,FO,NSE,STO,108878,,JIOFIN,,2026-02-24,2026-02-24,250.0,CE,JIOFIN26FEB250CE,13.4,14.9,12.45,14.6,14.9,13.0,264.1,14.6,2060950,-112800,130,80651412.5,81,F1,2350,,,,,
2026-02-18,2026-02-18,FO,NSE,STO,121343,,JIOFIN,,2026-03-30,2026-03-30,240.0,CE,JIOFIN26MAR240CE,27.9,27.9,27.9,27.9,27.9,28.05,264.1,27.9,25850,0,1,629565.0,1,F1,2350,,,,,
2026-02-18,2026-02-18,FO,NSE,STO,121131,,JIOFIN,,2026-02-24,2026-02-24,287.5,CE,JIOFIN26FEB287.5CE,0.2,0.2,0.15,0.2,0.2,0.25,264.1,0.2,291400,-7050,33,22309372.5,18,F1,2350,,,,,
2026-02-18,2026-02-18,FO,NSE,STO,120963,,JIOFIN,,2026-02-24,2026-02-24,275.0,CE,JIOFIN26FEB275CE,0.7,0.8,0.4,0.5,0.5,0.7,264.1,0.5,4112500,-627450,1470,951961970.0,767,F1,2350,,,,,
2026-02-18,2026-02-18,FO,NSE,STO,120875,,JIOFIN,,2026-02-24,2026-02-24,217.5,PE,JIOFIN26FEB217.5PE,0.05,0.05,0.05,0.05,0.05,0.2,264.1,0.05,56400,0,2,1022485.0,2,F1,2350,,,,,
2026-02-18,2026-02-18,FO,NSE,STO,120941,,JIOFIN,,2026-02-24,2026-02-24,252.5,PE,JIOFIN26FEB252.5PE,0.65,0.7,0.25,0.25,0.25,0.75,264.1,0.25,676800,-4700,57,33886295.0,40,F1,2350,,,,,
2026-02-18,2026-02-18,FO,NSE,STO,108883,,JIOFIN,,2026-02-24,2026-02-24,270.0,PE,JIOFIN26FEB270PE,8.1,9.0,6.35,6.55,6.55,8.5,264.1,6.55,2996250,-195050,273,177837072.5,225,F1,2350,,,,,
2026-02-18,2026-02-18,FO,NSE,STO,108895,,JIOFIN,,2026-02-24,2026-02-24,330.0,PE,JIOFIN26FEB330PE,65.7,67.2,65.4,65.45,65.45,67.15,264.1,65.45,1569800,-481750,301,280686585.0,137,F1,2350,,,,,
2026-02-18,2026-02-18,FO,NSE,STO,121348,,JIOFIN,,2026-03-30,2026-03-30,250.0,PE,JIOFIN26MAR250PE,4.0,4.0,2.85,3.0,2.85,3.8,264.1,3.0,742600,47000,113,67263697.5,102,F1,2350,,,,,
2026-02-18,2026-02-18,FO,NSE,STO,121680,,JIOFIN,,2026-03-30,2026-03-30,315.0,PE,JIOFIN26MAR315PE,50.0,50.05,48.5,49.2,49.2,51.6,264.1,49.4,63450,39950,17,14544385.0,9,F1,2350,,,,,
2026-02-18,2026-02-18,FO,NSE,STO,108882,,JIOFIN,,2026-02-24,2026-02-24,270.0,CE,JIOFIN26FEB270CE,1.75,1.75,0.9,1.05,1.05,1.3,264.1,1.05,7064100,14100,3167,2018233227.5,2139,F1,2350,,,,,
2026-02-18,2026-02-18,FO,NSE,STO,121383,,JIOFIN,,2026-03-30,2026-03-30,270.0,PE,JIOFIN26MAR270PE,12.15,12.55,10.25,10.55,10.4,12.3,264.1,10.55,1153850,371300,199,131472512.5,191,F1,2350,,,,,
2026-02-18,2026-02-18,FO,NSE,STO,130372,,JIOFIN,,2026-03-30,2026-03-30,292.5,CE,JIOFIN26MAR292.5CE,0.0,0.0,0.0,2.45,2.45,2.45,264.1,2.15,14100,0,0,0.0,0,F1,2350,,,,,
2026-02-18,2026-02-18,FO,NSE,STO,108877,,JIOFIN,,2026-02-24,2026-02-24,240.0,PE,JIOFIN26FEB240PE,0.2,0.2,0.05,0.1,0.1,0.2,264.1,0.1,2643750,-14100,563,317701670.0,122,F1,2350,,,,,
2026-02-18,2026-02-18,FO,NSE,STO,130752,,JIOFIN,,2026-04-28,2026-04-28,310.0,PE,JIOFIN26APR310PE,0.0,0.0,0.0,52.7,0.0,52.7,264.1,44.7,0,0,0,0.0,0,F1,2350,,,,,
2026-02-18,2026-02-18,FO,NSE,STO,130736,,JIOFIN,,2026-04-28,2026-04-28,270.0,PE,JIOFIN26APR270PE,13.05,13.05,12.3,12.4,12.3,13.5,264.1,12.4,94000,2350,7,4649005.0,7,F1,2350,,,,,
2026-02-18,2026-02-18,FO,NSE,STO,130349,,JIOFIN,,2026-03-30,2026-03-30,232.5,PE,JIOFIN26MAR232.5PE,0.0,0.0,0.0,1.2,1.2,1.2,264.1,0.85,2350,0,0,0.0,0,F1,2350,,,,,
2026-02-18,2026-02-18,FO,NSE,STO,130339,,JIOFIN,,2026-03-30,2026-03-30,207.5,PE,JIOFIN26MAR207.5PE,0.0,0.0,0.0,0.75,0.0,0.75,264.1,0.05,0,0,0,0.0,0,F1,2350,,,,,
2026-02-18,2026-02-18,FO,NSE,STO,108889,,JIOFIN,,2026-02-24,2026-02-24,300.0,PE,JIOFIN26FEB300PE,36.5,38.25,35.25,35.35,35.3,37.3,264.1,35.35,2399350,-319600,176,139063717.5,84,F1,2350,,,,,
2026-02-18,2026-02-18,FO,NSE,STO,121136,,JIOFIN,,2026-02-24,2026-02-24,295.0,PE,JIOFIN26FEB295PE,0.0,0.0,0.0,31.5,31.5,31.5,264.1,30.65,347800,0,0,0.0,0,F1,2350,,,,,
2026-02-18,2026-02-18,FO,NSE,STO,120809,,JIOFIN,,2026-02-24,2026-02-24,195.0,CE,JIOFIN26FEB195CE,0.0,0.0,0.0,99.35,0.0,99.35,264.1,69.3,0,0,0,0.0,0,F1,2350,,,,,
2026-02-18,2026-02-18,FO,NSE,STO,120938,,JIOFIN,,2026-02-24,2026-02-24,247.5,CE,JIOFIN26FEB247.5CE,16.75,16.75,15.4,16.25,16.25,16.4,264.1,16.95,390100,-2350,9,5582307.5,9,F1,2350,,,,,
2026-02-18,2026-02-18,FO,NSE,STO,120946,,JIOFIN,,2026-02-24,2026-02-24,262.5,CE,JIOFIN26FEB262.5CE,3.05,4.6,2.95,3.8,3.9,3.75,264.1,3.8,665050,-333700,1184,740648677.5,992,F1,2350,,,,,
2026-02-18,2026-02-18,FO,NSE,STO,120951,,JIOFIN,,2026-02-24,2026-02-24,265.0,CE,JIOFIN26FEB265CE,2.5,3.35,2.05,2.55,2.5,2.6,264.1,2.55,3254750,606300,4443,2794034262.5,3501,F1,2350,,,,,
2026-02-18,2026-02-18,FO,NSE,STO,108888,,JIOFIN,,2026-02-24,2026-02-24,300.0,CE,JIOFIN26FEB300CE,0.15,0.15,0.05,0.1,0.05,0.1,264.1,0.1,5588300,-592200,991,698910915.0,254,F1,2350,,,,,
2026-02-18,2026-02-18,FO,NSE,STO,121321,,JIOFIN,,2026-03-30,2026-03-30,200.0,CE,JIOFIN26MAR200CE,0.0,0.0,0.0,95.6,0.0,95.6,264.1,65.3,0,0,0,0.0,0,F1,2350,,,,,
2026-02-18,2026-02-18,FO,NSE,STO,121323,,JIOFIN,,2026-03-30,2026-03-30,205.0,CE,JIOFIN26MAR205CE,0.0,0.0,0.0,90.7,0.0,90.7,264.1,60.35,0,0,0,0.0,0,F1,2350,,,,,
2026-02-18,2026-02-18,FO,NSE,STO,121338,,JIOFIN,,2026-03-30,2026-03-30,230.0,CE,JIOFIN26MAR230CE,0.0,0.0,0.0,67.0,0.0,67.0,264.1,36.15,0,0,0,0.0,0,F1,2350,,,,,
2026-02-18,2026-02-18,FO,NSE,STO,121705,,JIOFIN,,2026-03-30,2026-03-30,320.0,CE,JIOFIN26MAR320CE,0.65,0.65,0.4,0.4,0.4,0.55,264.1,0.25,397150,-30550,38,28618652.5,22,F1,2350,,,,,
2026-02-18,2026-02-18,FO,NSE,STO,130678,,JIOFIN,,2026-04-28,2026-04-28,210.0,CE,JIOFIN26APR210CE,0.0,0.0,0.0,51.1,0.0,51.1,264.1,56.6,0,0,0,0.0,0,F1,2350,,,,,
2026-02-18,2026-02-18,FO,NSE,STO,130747,,JIOFIN,,2026-04-28,2026-04-28,300.0,CE,JIOFIN26APR300CE,3.7,3.75,3.25,3.4,3.35,3.6,264.1,3.4,178600,2350,20,14266027.5,20,F1,2350,,,,,
2026-02-18,2026-02-18,FO,NSE,STO,130772,,JIOFIN,,2026-04-28,2026-04-28,320.0,CE,JIOFIN26APR320CE,0.0,0.0,0.0,2.45,0.0,2.45,264.1,1.2,0,0,0,0.0,0,F1,2350,,,,,
2026-02-18,2026-02-18,FO,NSE,STO,120877,,JIOFIN,,2026-02-24,2026-02-24,222.5,PE,JIOFIN26FEB222.5PE,0.1,0.1,0.1,0.1,0.1,0.3,264.1,0.05,84600,-2350,1,523110.0,1,F1,2350,,,,,
2026-02-18,2026-02-18,FO,NSE,STO,120962,,JIOFIN,,2026-02-24,2026-02-24,272.5,PE,JIOFIN26FEB272.5PE,9.5,11.25,8.5,8.5,8.5,10.35,264.1,8.5,505250,-25850,28,18565705.0,28,F1,2350,,,,,
2026-02-18,2026-02-18,FO,NSE,STO,120923,,JIOFIN,,2026-02-24,2026-02-24,225.0,PE,JIOFIN26FEB225PE,0.1,0.1,0.1,0.1,0.1,0.15,264.1,0.05,274950,-11750,9,4760865.0,3,F1,2350,,,,,
2026-02-18,2026-02-18,FO,NSE,STO,120881,,JIOFIN,,2026-02-24,2026-02-24,225.0,CE,JIOFIN26FEB225CE,0.0,0.0,0.0,46.0,46.0,46.0,264.1,39.3,39950,0,0,0.0,0,F1,2350,,,,,
2026-02-18,2026-02-18,FO,NSE,STO,39725,,JIOFIN,,2026-02-24,2026-02-24,210.0,CE,JIOFIN26FEB210CE,0.0,0.0,0.0,59.3,59.3,59.3,264.1,54.3,25850,0,0,0.0,0,F1,2350,,,,,
2026-02-18,2026-02-18,FO,NSE,STO,130724,,JIOFIN,,2026-04-28,2026-04-28,240.0,PE,JIOFIN26APR240PE,0.0,0.0,0.0,8.35,0.0,8.35,264.1,3.45,0,0,0,0.0,0,F1,2350,,,,,
2026-02-18,2026-02-18,FO,NSE,STO,130683,,JIOFIN,,2026-04-28,2026-04-28,220.0,PE,JIOFIN26APR220PE,0.0,0.0,0.0,3.25,0.0,3.25,264.1,0.8,0,0,0,0.0,0,F1,2350,,,,,
2026-02-18,2026-02-18,FO,NSE,STO,130363,,JIOFIN,,2026-03-30,2026-03-30,267.5,PE,JIOFIN26MAR267.5PE,10.1,11.4,9.85,11.0,11.0,19.05,264.1,11.0,9400,9400,8,5227340.0,8,F1,2350,,,,,
2026-02-18,2026-02-18,FO,NSE,STO,121340,,JIOFIN,,2026-03-30,2026-03-30,230.0,PE,JIOFIN26MAR230PE,1.0,1.1,0.75,0.8,0.75,1.05,264.1,0.8,232650,11750,42,22793355.0,34,F1,2350,,,,,
2026-02-18,2026-02-18,FO,NSE,STO,130347,,JIOFIN,,2026-03-30,2026-03-30,227.5,PE,JIOFIN26MAR227.5PE,1.0,1.0,1.0,1.0,1.0,0.8,264.1,0.5,4700,2350,2,1073950.0,2,F1,2350,,,,,
2026-02-18,2026-02-18,FO,NSE,STO,130341,,JIOFIN,,2026-03-30,2026-03-30,212.5,PE,JIOFIN26MAR212.5PE,0.0,0.0,0.0,1.1,0.0,1.1,264.1,0.05,0,0,0,0.0,0,F1,2350,,,,,
2026-02-18,2026-02-18,FO,NSE,STO,46404,,JIOFIN,,2026-03-30,2026-03-30,195.0,PE,JIOFIN26MAR195PE,0.0,0.0,0.0,0.05,0.0,0.05,264.1,0.05,0,0,0,0.0,0,F1,2350,,,,,
2026-02-18,2026-02-18,FO,NSE,STO,121164,,JIOFIN,,2026-02-24,2026-02-24,315.0,PE,JIOFIN26FEB315PE,0.0,0.0,0.0,51.35,51.35,51.35,264.1,50.6,133950,0,0,0.0,0,F1,2350,,,,,
2026-02-18,2026-02-18,FO,NSE,STO,120939,,JIOFIN,,2026-02-24,2026-02-24,247.5,PE,JIOFIN26FEB247.5PE,0.35,0.35,0.15,0.2,0.2,0.35,264.1,0.15,397150,-21150,13,7568292.5,11,F1,2350,,,,,
2026-02-18,2026-02-18,FO,NSE,STO,39726,,JIOFIN,,2026-02-24,2026-02-24,210.0,PE,JIOFIN26FEB210PE,0.05,0.1,0.05,0.05,0.05,0.05,264.1,0.05,885950,-21150,22,10860877.5,9,F1,2350,,,,,
2026-02-18,2026-02-18,FO,NSE,STO,130737,,JIOFIN,,2026-04-28,2026-04-28,275.0,CE,JIOFIN26APR275CE,0.0,0.0,0.0,11.1,0.0,11.1,264.1,9.75,0,0,0,0.0,0,F1,2350,,,,,
2026-02-18,2026-02-18,FO,NSE,STO,130727,,JIOFIN,,2026-04-28,2026-04-28,250.0,CE,JIOFIN26APR250CE,0.0,0.0,0.0,22.1,0.0,22.1,264.1,22.8,0,0,0,0.0,0,F1,2350,,,,,
2026-02-18,2026-02-18,FO,NSE,STO,130350,,JIOFIN,,2026-03-30,2026-03-30,237.5,CE,JIOFIN26MAR237.5CE,0.0,0.0,0.0,26.55,0.0,26.55,264.1,29.45,0,0,0,0.0,0,F1,2350,,,,,
2026-02-18,2026-02-18,FO,NSE,STO,121163,,JIOFIN,,2026-02-24,2026-02-24,315.0,CE,JIOFIN26FEB315CE,0.05,0.05,0.05,0.05,0.05,0.1,264.1,0.05,474700,0,48,35537640.0,5,F1,2350,,,,,
2026-02-18,2026-02-18,FO,NSE,STO,121141,,JIOFIN,,2026-02-24,2026-02-24,305.0,CE,JIOFIN26FEB305CE,0.05,0.1,0.05,0.1,0.1,0.05,264.1,0.05,810750,-4700,10,7168910.0,7,F1,2350,,,,,
2026-02-18,2026-02-18,FO,NSE,STO,130751,,JIOFIN,,2026-04-28,2026-04-28,310.0,CE,JIOFIN26APR310CE,2.25,2.35,1.9,1.9,1.9,2.4,264.1,1.9,61100,2350,4,2934797.5,4,F1,2350,,,,,
2026-02-18,2026-02-18,FO,NSE,STO,130743,,JIOFIN,,2026-04-28,2026-04-28,290.0,CE,JIOFIN26APR290CE,4.05,5.85,4.05,5.0,4.95,5.2,264.1,5.0,32900,18800,15,10399807.5,11,F1,2350,,,,,
2026-02-18,2026-02-18,FO,NSE,STO,130733,,JIOFIN,,2026-04-28,2026-04-28,265.0,CE,JIOFIN26APR265CE,0.0,0.0,0.0,14.85,0.0,14.85,264.1,14.1,0,0,0,0.0,0,F1,2350,,,,,
2026-02-18,2026-02-18,FO,NSE,STO,130682,,JIOFIN,,2026-04-28,2026-04-28,220.0,CE,JIOFIN26APR220CE,0.0,0.0,0.0,42.7,0.0,42.7,264.1,47.2,0,0,0,0.0,0,F1,2350,,,,,
2026-02-18,2026-02-18,FO,NSE,STO,121634,,JIOFIN,,2026-03-30,2026-03-30,305.0,CE,JIOFIN26MAR305CE,1.25,1.25,1.25,1.25,1.25,1.4,264.1,0.9,4700,0,1,719687.5,1,F1,2350,,,,,
2026-02-18,2026-02-18,FO,NSE,STO,121380,,JIOFIN,,2026-03-30,2026-03-30,265.0,CE,JIOFIN26MAR265CE,9.5,10.05,8.55,9.35,9.4,9.1,264.1,9.35,695600,237350,180,116035950.0,168,F1,2350,,,,,
2026-02-18,2026-02-18,FO,NSE,STO,121351,,JIOFIN,,2026-03-30,2026-03-30,260.0,CE,JIOFIN26MAR260CE,11.8,12.85,11.15,12.1,12.1,11.75,264.1,12.1,869500,96350,174,111229612.5,162,F1,2350,,,,,
2026-02-18,2026-02-18,FO,NSE,STO,130356,,JIOFIN,,2026-03-30,2026-03-30,252.5,CE,JIOFIN26MAR252.5CE,17.05,17.05,17.05,17.05,17.05,16.0,264.1,17.05,2350,0,1,633442.5,1,F1,2350,,,,,
2026-02-18,2026-02-18,FO,NSE,STO,130352,,JIOFIN,,2026-03-30,2026-03-30,242.5,CE,JIOFIN26MAR242.5CE,0.0,0.0,0.0,30.55,30.55,30.55,264.1,25.25,23500,0,0,0.0,0,F1,2350,,,,,
2026-02-18,2026-02-18,FO,NSE,STO,46403,,JIOFIN,,2026-03-30,2026-03-30,195.0,CE,JIOFIN26MAR195CE,0.0,0.0,0.0,94.8,0.0,94.8,264.1,70.3,0,0,0,0.0,0,F1,2350,,,,,
2026-02-18,2026-02-18,FO,NSE,STO,108916,,JIOFIN,,2026-02-24,2026-02-24,350.0,CE,JIOFIN26FEB350CE,0.05,0.05,0.05,0.05,0.05,0.05,264.1,0.05,413600,4700,2,1645235.0,2,F1,2350,,,,,
2026-02-18,2026-02-18,FO,NSE,STO,108896,,JIOFIN,,2026-02-24,2026-02-24,340.0,CE,JIOFIN26FEB340CE,0.05,0.05,0.05,0.05,0.05,0.05,264.1,0.05,491150,-2350,1,799117.5,1,F1,2350,,,,,
2026-02-18,2026-02-18,FO,NSE,STO,121180,,JIOFIN,,2026-02-24,2026-02-24,335.0,CE,JIOFIN26FEB335CE,0.0,0.0,0.0,0.05,0.05,0.05,264.1,0.05,47000,0,0,0.0,0,F1,2350,,,,,
2026-02-18,2026-02-18,FO,NSE,STO,121176,,JIOFIN,,2026-02-24,2026-02-24,327.5,CE,JIOFIN26FEB327.5CE,0.0,0.0,0.0,0.3,0.3,0.3,264.1,0.05,14100,0,0,0.0,0,F1,2350,,,,,
2026-02-18,2026-02-18,FO,NSE,STO,108886,,JIOFIN,,2026-02-24,2026-02-24,290.0,CE,JIOFIN26FEB290CE,0.25,0.25,0.15,0.15,0.15,0.25,264.1,0.15,5689350,-216200,865,589838955.0,224,F1,2350,,,,,
2026-02-18,2026-02-18,FO,NSE,STO,120944,,JIOFIN,,2026-02-24,2026-02-24,257.5,CE,JIOFIN26FEB257.5CE,7.15,8.05,6.0,7.75,7.65,6.5,264.1,7.75,622750,-21150,65,40425992.5,63,F1,2350,,,,,
2026-02-18,2026-02-18,FO,NSE,STO,120924,,JIOFIN,,2026-02-24,2026-02-24,227.5,CE,JIOFIN26FEB227.5CE,0.0,0.0,0.0,33.0,33.0,33.0,264.1,36.8,35250,0,0,0.0,0,F1,2350,,,,,
2026-02-18,2026-02-18,FO,NSE,STO,120876,,JIOFIN,,2026-02-24,2026-02-24,222.5,CE,JIOFIN26FEB222.5CE,0.0,0.0,0.0,72.25,0.0,72.25,264.1,41.8,0,0,0,0.0,0,F1,2350,,,,,
2026-02-18,2026-02-18,FO,NSE,STO,120868,,JIOFIN,,2026-02-24,2026-02-24,207.5,CE,JIOFIN26FEB207.5CE,0.0,0.0,0.0,86.95,0.0,86.95,264.1,56.8,0,0,0,0.0,0,F1,2350,,,,,
2026-02-18,2026-02-18,FO,NSE,STO,130748,,JIOFIN,,2026-04-28,2026-04-28,300.0,PE,JIOFIN26APR300PE,0.0,0.0,0.0,44.35,0.0,44.35,264.1,36.1,0,0,0,0.0,0,F1,2350,,,,,
2026-02-18,2026-02-18,FO,NSE,STO,130373,,JIOFIN,,2026-03-30,2026-03-30,292.5,PE,JIOFIN26MAR292.5PE,0.0,0.0,0.0,37.25,0.0,37.25,264.1,28.8,0,0,0,0.0,0,F1,2350,,,,,
2026-02-18,2026-02-18,FO,NSE,STO,120937,,JIOFIN,,2026-02-24,2026-02-24,245.0,PE,JIOFIN26FEB245PE,0.3,0.3,0.1,0.15,0.1,0.3,264.1,0.15,987000,-150400,391,225294030.0,160,F1,2350,,,,,
2026-02-18,2026-02-18,FO,NSE,STO,120830,,JIOFIN,,2026-02-24,2026-02-24,195.0,PE,JIOFIN26FEB195PE,0.0,0.0,0.0,0.05,0.0,0.05,264.1,0.05,0,0,0,0.0,0,F1,2350,,,,,
2026-02-18,2026-02-18,FO,NSE,STO,130674,,JIOFIN,,2026-04-28,2026-04-28,200.0,CE,JIOFIN26APR200CE,0.0,0.0,0.0,60.05,0.0,60.05,264.1,66.25,0,0,0,0.0,0,F1,2350,,,,,
2026-02-18,2026-02-18,FO,NSE,STO,121721,,JIOFIN,,2026-03-30,2026-03-30,350.0,CE,JIOFIN26MAR350CE,0.25,0.4,0.2,0.2,0.2,0.3,264.1,0.05,119850,9400,12,9876345.0,6,F1,2350,,,,,
2026-02-18,2026-02-18,FO,NSE,STO,121679,,JIOFIN,,2026-03-30,2026-03-30,315.0,CE,JIOFIN26MAR315CE,0.0,0.0,0.0,12.05,0.0,12.05,264.1,0.4,0,0,0,0.0,0,F1,2350,,,,,
2026-02-18,2026-02-18,FO,NSE,STO,130368,,JIOFIN,,2026-03-30,2026-03-30,282.5,CE,JIOFIN26MAR282.5CE,0.0,0.0,0.0,5.85,0.0,5.85,264.1,4.1,0,0,0,0.0,0,F1,2350,,,,,
2026-02-18,2026-02-18,FO,NSE,STO,121173,,JIOFIN,,2026-02-24,2026-02-24,322.5,PE,JIOFIN26FEB322.5PE,0.0,0.0,0.0,67.8,67.8,67.8,264.1,58.1,4700,0,0,0.0,0,F1,2350,,,,,
2026-02-18,2026-02-18,FO,NSE,STO,108892,,JIOFIN,,2026-02-24,2026-02-24,320.0,CE,JIOFIN26FEB320CE,0.1,0.1,0.05,0.05,0.05,0.1,264.1,0.05,1722550,-32900,52,39111402.5,16,F1,2350,,,,,
2026-02-18,2026-02-18,FO,NSE,STO,121129,,JIOFIN,,2026-02-24,2026-02-24,285.0,CE,JIOFIN26FEB285CE,0.3,0.3,0.15,0.2,0.2,0.3,264.1,0.2,3374600,-319600,507,339823982.5,198,F1,2350,,,,,
2026-02-18,2026-02-18,FO,NSE,STO,108884,,JIOFIN,,2026-02-24,2026-02-24,280.0,CE,JIOFIN26FEB280CE,0.4,0.5,0.25,0.3,0.3,0.4,264.1,0.3,5799800,-420650,1978,1303152902.5,781,F1,2350,,,,,
2026-02-18,2026-02-18,FO,NSE,STO,120866,,JIOFIN,,2026-02-24,2026-02-24,205.0,CE,JIOFIN26FEB205CE,0.0,0.0,0.0,89.45,0.0,89.45,264.1,59.3,0,0,0,0.0,0,F1,2350,,,,,
2026-02-18,2026-02-18,FO,NSE,STO,130720,,JIOFIN,,2026-04-28,2026-04-28,235.0,PE,JIOFIN26APR235PE,0.0,0.0,0.0,6.75,0.0,6.75,264.1,2.5,0,0,0,0.0,0,F1,2350,,,,,
2026-02-18,2026-02-18,FO,NSE,STO,121678,,JIOFIN,,2026-03-30,2026-03-30,310.0,PE,JIOFIN26MAR310PE,43.25,46.35,43.0,43.9,43.3,45.3,264.1,43.9,277300,56400,32,26649117.5,21,F1,2350,,,,,
2026-02-18,2026-02-18,FO,NSE,STO,121344,,JIOFIN,,2026-03-30,2026-03-30,240.0,PE,JIOFIN26MAR240PE,1.85,2.0,1.4,1.45,1.4,2.05,264.1,1.45,387750,28200,76,43165035.0,54,F1,2350,,,,,
2026-02-18,2026-02-18,FO,NSE,STO,130343,,JIOFIN,,2026-03-30,2026-03-30,217.5,PE,JIOFIN26MAR217.5PE,0.0,0.0,0.0,1.6,0.0,1.6,264.1,0.15,0,0,0,0.0,0,F1,2350,,,,,
2026-02-18,2026-02-18,FO,NSE,STO,108893,,JIOFIN,,2026-02-24,2026-02-24,320.0,PE,JIOFIN26FEB320PE,55.5,57.3,55.0,55.0,55.0,57.1,264.1,55.0,719100,-91650,42,37142807.5,32,F1,2350,,,,,
2026-02-18,2026-02-18,FO,NSE,STO,121711,,JIOFIN,,2026-03-30,2026-03-30,330.0,CE,JIOFIN26MAR330CE,0.3,0.35,0.2,0.2,0.2,0.35,264.1,0.2,279650,94000,49,38027817.5,32,F1,2350,,,,,
2026-02-18,2026-02-18,FO,NSE,STO,121382,,JIOFIN,,2026-03-30,2026-03-30,270.0,CE,JIOFIN26MAR270CE,7.25,7.7,6.5,6.9,6.95,7.0,264.1,6.9,1640300,242050,300,195309440.0,290,F1,2350,,,,,
2026-02-18,2026-02-18,FO,NSE,STO,121349,,JIOFIN,,2026-03-30,2026-03-30,255.0,CE,JIOFIN26MAR255CE,16.3,16.3,14.8,15.8,15.8,15.05,264.1,15.8,115150,21150,23,14609832.5,15,F1,2350,,,,,
2026-02-18,2026-02-18,FO,NSE,STO,121712,,JIOFIN,,2026-03-30,2026-03-30,330.0,PE,JIOFIN26MAR330PE,64.0,65.5,62.65,62.95,62.65,64.95,264.1,62.95,1534550,733200,337,312012907.5,97,F1,2350,,,,,
2026-02-18,2026-02-18,FO,NSE,STO,121337,,JIOFIN,,2026-03-30,2026-03-30,225.0,PE,JIOFIN26MAR225PE,0.6,0.6,0.6,0.6,0.6,0.9,264.1,0.6,37600,0,1,530160.0,1,F1,2350,,,,,
2026-02-18,2026-02-18,FO,NSE,STO,121446,,JIOFIN,,2026-03-30,2026-03-30,295.0,PE,JIOFIN26MAR295PE,0.0,0.0,0.0,31.0,31.0,31.0,264.1,30.95,25850,0,0,0.0,0,F1,2350,,,,,
2026-02-18,2026-02-18,FO,NSE,STO,121444,,JIOFIN,,2026-03-30,2026-03-30,290.0,PE,JIOFIN26MAR290PE,25.75,27.0,25.0,25.2,25.1,26.8,264.1,25.2,272600,94000,52,38597810.0,46,F1,2350,,,,,
2026-02-18,2026-02-18,FO,NSE,STO,130671,,JIOFIN,,2026-04-28,2026-04-28,190.0,PE,JIOFIN26APR190PE,0.0,0.0,0.0,0.45,0.0,0.45,264.1,0.05,0,0,0,0.0,0,F1,2350,,,,,
2026-02-18,2026-02-18,FO,NSE,STO,121327,,JIOFIN,,2026-03-30,2026-03-30,215.0,CE,JIOFIN26MAR215CE,0.0,0.0,0.0,81.1,0.0,81.1,264.1,50.5,0,0,0,0.0,0,F1,2350,,,,,
2026-02-18,2026-02-18,FO,NSE,STO,121133,,JIOFIN,,2026-02-24,2026-02-24,292.5,CE,JIOFIN26FEB292.5CE,0.15,0.15,0.15,0.15,0.15,0.2,264.1,0.15,136300,-2350,5,3438637.5,5,F1,2350,,,,,
2026-02-18,2026-02-18,FO,NSE,STO,130735,,JIOFIN,,2026-04-28,2026-04-28,270.0,CE,JIOFIN26APR270CE,0.0,0.0,0.0,12.85,0.0,12.85,264.1,11.8,0,0,0,0.0,0,F1,2350,,,,,
2026-02-18,2026-02-18,FO,NSE,STO,120873,,JIOFIN,,2026-02-24,2026-02-24,215.0,PE,JIOFIN26FEB215PE,0.0,0.0,0.0,0.1,0.1,0.1,264.1,0.05,68150,0,0,0.0,0,F1,2350,,,,,
2026-02-18,2026-02-18,FO,NSE,STO,120927,,JIOFIN,,2026-02-24,2026-02-24,232.5,PE,JIOFIN26FEB232.5PE,0.1,0.1,0.1,0.1,0.1,0.3,264.1,0.05,79900,-9400,4,2186440.0,2,F1,2350,,,,,
2026-02-18,2026-02-18,FO,NSE,STO,125539,,KAYNES,,2026-02-24,2026-02-24,4650.0,CE,KAYNES26FEB4650CE,3.3,3.3,2.1,2.8,2.8,4.3,4057.6,2.05,1300,-200,9,4187570.0,9,F1,100,,,,,
2026-02-18,2026-02-18,FO,NSE,STO,125489,,KAYNES,,2026-02-24,2026-02-24,4300.0,CE,KAYNES26FEB4300CE,21.7,32.0,10.0,27.25,23.35,20.85,4057.6,27.25,116100,-21700,6294,2718849680.0,4343,F1,100,,,,,
2026-02-18,2026-02-18,FO,NSE,STO,125451,,KAYNES,,2026-02-24,2026-02-24,3750.0,CE,KAYNES26FEB3750CE,279.1,335.2,199.5,323.6,307.65,240.3,4057.6,323.6,34700,-1300,80,32172730.0,78,F1,100,,,,,
2026-02-18,2026-02-18,FO,NSE,STO,110297,,KAYNES,,2026-02-24,2026-02-24,3200.0,CE,KAYNES26FEB3200CE,780.0,780.0,776.05,776.05,776.05,838.0,4057.6,860.5,1200,-100,2,795605.0,2,F1,100,,,,,
2026-02-18,2026-02-18,FO,NSE,STO,36479,,KAYNES,,2026-03-30,2026-03-30,4650.0,PE,KAYNES26MAR4650PE,0.0,0.0,0.0,1178.1,0.0,1178.1,4057.6,657.6,0,0,0,0.0,0,F1,100,,,,,
2026-02-18,2026-02-18,FO,NSE,STO,125736,,KAYNES,,2026-03-30,2026-03-30,3300.0,PE,KAYNES26MAR3300PE,40.0,50.0,35.0,35.0,35.0,58.05,4057.6,35.0,2800,200,4,1336200.0,4,F1,100,,,,,
2026-02-18,2026-02-18,FO,NSE,STO,110365,,KAYNES,,2026-02-24,2026-02-24,4000.0,PE,KAYNES26FEB4000PE,115.15,158.0,57.8,62.25,70.65,137.6,4057.6,62.25,84400,-8500,3694,1513056295.0,3061,F1,100,,,,,
2026-02-18,2026-02-18,FO,NSE,STO,125454,,KAYNES,,2026-02-24,2026-02-24,3750.0,PE,KAYNES26FEB3750PE,25.0,41.8,9.7,10.95,13.55,38.0,4057.6,10.95,19000,-2200,2118,799022290.0,1949,F1,100,,,,,
2026-02-18,2026-02-18,FO,NSE,STO,125429,,KAYNES,,2026-02-24,2026-02-24,3150.0,PE,KAYNES26FEB3150PE,0.0,0.0,0.0,3.8,3.8,3.8,4057.6,0.05,10500,0,0,0.0,0,F1,100,,,,,
2026-02-18,2026-02-18,FO,NSE,STO,125427,,KAYNES,,2026-02-24,2026-02-24,3100.0,PE,KAYNES26FEB3100PE,1.0,1.95,1.0,1.5,1.95,2.05,4057.6,1.5,13000,-1100,78,24191235.0,73,F1,100,,,,,
2026-02-18,2026-02-18,FO,NSE,STO,133003,,KAYNES,,2026-03-30,2026-03-30,3450.0,CE,KAYNES26MAR3450CE,0.0,0.0,0.0,296.45,0.0,296.45,4057.6,681.7,0,0,0,0.0,0,F1,100,,,,,
2026-02-18,2026-02-18,FO,NSE,STO,110405,,KAYNES,,2026-02-24,2026-02-24,6200.0,CE,KAYNES26FEB6200CE,0.55,0.55,0.55,0.55,0.55,0.55,4057.6,0.05,11300,-1600,16,9920880.0,8,F1,100,,,,,
2026-02-18,2026-02-18,FO,NSE,STO,125426,,KAYNES,,2026-02-24,2026-02-24,3100.0,CE,KAYNES26FEB3100CE,0.0,0.0,0.0,907.05,907.05,907.05,4057.6,960.4,700,0,0,0.0,0,F1,100,,,,,
2026-02-18,2026-02-18,FO,NSE,STO,125396,,KAYNES,,2026-02-24,2026-02-24,2950.0,PE,KAYNES26FEB2950PE,0.0,0.0,0.0,5.0,5.0,5.0,4057.6,0.05,500,0,0,0.0,0,F1,100,,,,,
2026-02-18,2026-02-18,FO,NSE,STO,125542,,KAYNES,,2026-02-24,2026-02-24,4700.0,PE,KAYNES26FEB4700PE,0.0,0.0,0.0,873.45,0.0,873.45,4057.6,639.45,0,0,0,0.0,0,F1,100,,,,,
2026-02-18,2026-02-18,FO,NSE,STO,133235,,KAYNES,,2026-04-28,2026-04-28,3900.0,PE,KAYNES26APR3900PE,0.0,0.0,0.0,731.05,0.0,731.05,4057.6,260.75,0,0,0,0.0,0,F1,100,,,,,
2026-02-18,2026-02-18,FO,NSE,STO,125772,,KAYNES,,2026-03-30,2026-03-30,4500.0,PE,KAYNES26MAR4500PE,612.0,619.0,501.0,502.9,501.0,601.8,4057.6,502.9,5000,2800,38,19323685.0,36,F1,100,,,,,
2026-02-18,2026-02-18,FO,NSE,STO,125752,,KAYNES,,2026-03-30,2026-03-30,3800.0,PE,KAYNES26MAR3800PE,175.0,186.75,122.0,125.7,135.0,184.0,4057.6,125.7,12700,1600,71,28006940.0,67,F1,100,,,,,
2026-02-18,2026-02-18,FO,NSE,STO,125493,,KAYNES,,2026-02-24,2026-02-24,4350.0,PE,KAYNES26FEB4350PE,0.0,0.0,0.0,365.95,365.95,365.95,4057.6,309.5,1400,0,0,0.0,0,F1,100,,,,,
2026-02-18,2026-02-18,FO,NSE,STO,125463,,KAYNES,,2026-02-24,2026-02-24,3900.0,PE,KAYNES26FEB3900PE,65.0,101.0,29.15,32.05,37.8,86.45,4057.6,32.05,59200,-17100,5539,2195510790.0,4553,F1,100,,,,,
2026-02-18,2026-02-18,FO,NSE,STO,110331,,KAYNES,,2026-02-24,2026-02-24,3800.0,PE,KAYNES26FEB3800PE,40.0,57.15,14.0,15.4,18.7,50.75,4057.6,15.4,65300,-8700,5374,2058773320.0,4163,F1,100,,,,,
2026-02-18,2026-02-18,FO,NSE,STO,133018,,KAYNES,,2026-03-30,2026-03-30,3950.0,CE,KAYNES26MAR3950CE,240.0,311.0,223.65,304.75,300.0,255.5,4057.6,304.75,2000,200,31,13041720.0,30,F1,100,,,,,
2026-02-18,2026-02-18,FO,NSE,STO,133032,,KAYNES,,2026-03-30,2026-03-30,4150.0,CE,KAYNES26MAR4150CE,172.15,172.15,149.9,150.7,150.7,164.85,4057.6,244.0,500,200,6,2584550.0,5,F1,100,,,,,
2026-02-18,2026-02-18,FO,NSE,STO,125785,,KAYNES,,2026-03-30,2026-03-30,4600.0,CE,KAYNES26MAR4600CE,56.75,76.0,42.55,69.8,67.95,57.7,4057.6,69.8,13700,5800,137,63841165.0,103,F1,100,,,,,
2026-02-18,2026-02-18,FO,NSE,STO,133238,,KAYNES,,2026-04-28,2026-04-28,4100.0,CE,KAYNES26APR4100CE,0.0,0.0,0.0,176.5,0.0,176.5,4057.6,359.75,0,0,0,0.0,0,F1,100,,,,,
2026-02-18,2026-02-18,FO,NSE,STO,125751,,KAYNES,,2026-03-30,2026-03-30,3800.0,CE,KAYNES26MAR3800CE,358.0,402.7,314.0,401.15,402.7,346.25,4057.6,401.15,23300,18700,232,96449455.0,79,F1,100,,,,,
2026-02-18,2026-02-18,FO,NSE,STO,125739,,KAYNES,,2026-03-30,2026-03-30,3500.0,CE,KAYNES26MAR3500CE,579.8,579.8,579.8,579.8,579.8,600.0,4057.6,641.6,19700,-200,2,815960.0,2,F1,100,,,,,
2026-02-18,2026-02-18,FO,NSE,STO,125714,,KAYNES,,2026-03-30,2026-03-30,2800.0,CE,KAYNES26MAR2800CE,0.0,0.0,0.0,1237.25,0.0,1237.25,4057.6,1277.0,0,0,0,0.0,0,F1,100,,,,,
2026-02-18,2026-02-18,FO,NSE,STO,110372,,KAYNES,,2026-02-24,2026-02-24,4800.0,CE,KAYNES26FEB4800CE,3.95,6.15,2.35,4.3,3.9,3.8,4057.6,4.3,77100,14100,1055,506777915.0,605,F1,100,,,,,
2026-02-18,2026-02-18,FO,NSE,STO,125466,,KAYNES,,2026-02-24,2026-02-24,4050.0,CE,KAYNES26FEB4050CE,74.5,117.3,46.0,105.6,90.0,74.05,4057.6,105.6,52600,7100,4708,1944179785.0,3972,F1,100,,,,,
2026-02-18,2026-02-18,FO,NSE,STO,133016,,KAYNES,,2026-03-30,2026-03-30,3850.0,CE,KAYNES26MAR3850CE,276.5,374.9,276.5,374.9,374.9,321.45,4057.6,374.9,2100,200,11,4566920.0,10,F1,100,,,,,
2026-02-18,2026-02-18,FO,NSE,STO,125443,,KAYNES,,2026-02-24,2026-02-24,3500.0,CE,KAYNES26FEB3500CE,499.0,578.5,414.5,570.35,561.95,468.6,4057.6,570.35,74000,-4300,86,34271745.0,65,F1,100,,,,,
2026-02-18,2026-02-18,FO,NSE,STO,125478,,KAYNES,,2026-02-24,2026-02-24,4250.0,CE,KAYNES26FEB4250CE,30.0,42.0,13.8,36.4,31.45,28.5,4057.6,36.4,21500,-9800,2622,1121322330.0,2277,F1,100,,,,,
2026-02-18,2026-02-18,FO,NSE,STO,125515,,KAYNES,,2026-02-24,2026-02-24,4450.0,CE,KAYNES26FEB4450CE,12.15,13.15,5.4,11.4,10.6,11.25,4057.6,11.4,8000,1700,127,56634165.0,113,F1,100,,,,,
2026-02-18,2026-02-18,FO,NSE,STO,43179,,KAYNES,,2026-02-24,2026-02-24,4750.0,CE,KAYNES26FEB4750CE,2.5,2.5,2.5,2.5,2.5,4.2,4057.6,0.8,800,0,1,475250.0,1,F1,100,,,,,
2026-02-18,2026-02-18,FO,NSE,STO,110379,,KAYNES,,2026-02-24,2026-02-24,5400.0,CE,KAYNES26FEB5400CE,0.55,1.45,0.55,1.15,1.2,1.15,4057.6,1.15,4000,-1600,32,17282975.0,17,F1,100,,,,,
2026-02-18,2026-02-18,FO,NSE,STO,133233,,KAYNES,,2026-04-28,2026-04-28,3800.0,PE,KAYNES26APR3800PE,0.0,0.0,0.0,660.4,0.0,660.4,4057.6,218.0,0,0,0,0.0,0,F1,100,,,,,
2026-02-18,2026-02-18,FO,NSE,STO,133248,,KAYNES,,2026-04-28,2026-04-28,4500.0,PE,KAYNES26APR4500PE,0.0,0.0,0.0,1205.9,0.0,1205.9,4057.6,607.55,0,0,0,0.0,0,F1,100,,,,,
2026-02-18,2026-02-18,FO,NSE,STO,133243,,KAYNES,,2026-04-28,2026-04-28,4300.0,PE,KAYNES26APR4300PE,0.0,0.0,0.0,1039.55,0.0,1039.55,4057.6,475.8,0,0,0,0.0,0,F1,100,,,,,
2026-02-18,2026-02-18,FO,NSE,STO,125230,,KAYNES,,2026-02-24,2026-02-24,2850.0,CE,KAYNES26FEB2850CE,0.0,0.0,0.0,1141.6,0.0,1141.6,4057.6,1210.2,0,0,0,0.0,0,F1,100,,,,,
2026-02-18,2026-02-18,FO,NSE,STO,125470,,KAYNES,,2026-02-24,2026-02-24,4100.0,CE,KAYNES26FEB4100CE,60.0,93.5,34.4,83.45,70.5,58.55,4057.6,83.45,205000,-50100,11623,4841187480.0,8409,F1,100,,,,,
2026-02-18,2026-02-18,FO,NSE,STO,125529,,KAYNES,,2026-02-24,2026-02-24,4550.0,CE,KAYNES26FEB4550CE,4.85,8.75,4.85,8.05,7.1,7.7,4057.6,8.05,4000,400,96,43743590.0,74,F1,100,,,,,
2026-02-18,2026-02-18,FO,NSE,STO,110382,,KAYNES,,2026-02-24,2026-02-24,5600.0,CE,KAYNES26FEB5600CE,0.0,0.0,0.0,2.0,2.0,2.0,4057.6,0.05,1800,0,0,0.0,0,F1,100,,,,,
2026-02-18,2026-02-18,FO,NSE,STO,132970,,KAYNES,,2026-03-30,2026-03-30,3150.0,CE,KAYNES26MAR3150CE,0.0,0.0,0.0,440.0,0.0,440.0,4057.6,943.05,0,0,0,0.0,0,F1,100,,,,,
2026-02-18,2026-02-18,FO,NSE,STO,125755,,KAYNES,,2026-03-30,2026-03-30,4000.0,CE,KAYNES26MAR4000CE,242.6,288.55,198.0,276.6,265.0,228.4,4057.6,276.6,100000,39800,1460,619603585.0,1200,F1,100,,,,,
2026-02-18,2026-02-18,FO,NSE,STO,133070,,KAYNES,,2026-04-28,2026-04-28,3000.0,CE,KAYNES26APR3000CE,0.0,0.0,0.0,597.05,0.0,597.05,4057.6,1116.65,0,0,0,0.0,0,F1,100,,,,,
2026-02-18,2026-02-18,FO,NSE,STO,133078,,KAYNES,,2026-04-28,2026-04-28,3400.0,CE,KAYNES26APR3400CE,0.0,0.0,0.0,394.45,0.0,394.45,4057.6,784.45,0,0,0,0.0,0,F1,100,,,,,
2026-02-18,2026-02-18,FO,NSE,STO,133228,,KAYNES,,2026-04-28,2026-04-28,3600.0,CE,KAYNES26APR3600CE,0.0,0.0,0.0,316.25,0.0,316.25,4057.6,640.9,0,0,0,0.0,0,F1,100,,,,,
2026-02-18,2026-02-18,FO,NSE,STO,133246,,KAYNES,,2026-04-28,2026-04-28,4500.0,CE,KAYNES26APR4500CE,0.0,0.0,0.0,107.85,0.0,107.85,4057.6,211.65,0,0,0,0.0,0,F1,100,,,,,
2026-02-18,2026-02-18,FO,NSE,STO,110296,,KAYNES,,2026-02-24,2026-02-24,2800.0,PE,KAYNES26FEB2800PE,1.7,1.7,1.0,1.25,1.25,2.3,4057.6,1.25,32200,-3000,49,13725670.0,31,F1,100,,,,,
2026-02-18,2026-02-18,FO,NSE,STO,125491,,KAYNES,,2026-02-24,2026-02-24,4300.0,PE,KAYNES26FEB4300PE,287.0,294.5,250.3,260.4,278.6,358.0,4057.6,260.4,6400,-3100,45,20619320.0,26,F1,100,,,,,
2026-02-18,2026-02-18,FO,NSE,STO,110374,,KAYNES,,2026-02-24,2026-02-24,4800.0,PE,KAYNES26FEB4800PE,0.0,0.0,0.0,790.05,790.05,790.05,4057.6,738.55,7200,0,0,0.0,0,F1,100,,,,,
2026-02-18,2026-02-18,FO,NSE,STO,110376,,KAYNES,,2026-02-24,2026-02-24,5000.0,PE,KAYNES26FEB5000PE,1089.0,1089.0,960.0,960.0,960.0,1047.2,4057.6,937.95,36800,-1500,24,14457155.0,19,F1,100,,,,,
2026-02-18,2026-02-18,FO,NSE,STO,125722,,KAYNES,,2026-03-30,2026-03-30,2900.0,PE,KAYNES26MAR2900PE,0.0,0.0,0.0,79.95,0.0,79.95,4057.6,4.7,0,0,0,0.0,0,F1,100,,,,,
2026-02-18,2026-02-18,FO,NSE,STO,132967,,KAYNES,,2026-03-30,2026-03-30,2950.0,PE,KAYNES26MAR2950PE,0.0,0.0,0.0,146.35,0.0,146.35,4057.6,6.2,0,0,0,0.0,0,F1,100,,,,,
2026-02-18,2026-02-18,FO,NSE,STO,125750,,KAYNES,,2026-03-30,2026-03-30,3700.0,PE,KAYNES26MAR3700PE,122.0,147.2,95.0,98.35,110.0,136.5,4057.6,98.35,17100,1200,40,15271645.0,37,F1,100,,,,,
2026-02-18,2026-02-18,FO,NSE,STO,133025,,KAYNES,,2026-03-30,2026-03-30,4050.0,PE,KAYNES26MAR4050PE,0.0,0.0,0.0,796.7,0.0,796.7,4057.6,257.4,0,0,0,0.0,0,F1,100,,,,,
2026-02-18,2026-02-18,FO,NSE,STO,133071,,KAYNES,,2026-04-28,2026-04-28,3000.0,PE,KAYNES26APR3000PE,0.0,0.0,0.0,218.1,0.0,218.1,4057.6,28.05,0,0,0,0.0,0,F1,100,,,,,
2026-02-18,2026-02-18,FO,NSE,STO,125749,,KAYNES,,2026-03-30,2026-03-30,3700.0,CE,KAYNES26MAR3700CE,395.0,404.0,373.3,404.0,404.0,440.0,4057.6,493.8,400,200,5,2048030.0,3,F1,100,,,,,
2026-02-18,2026-02-18,FO,NSE,STO,133034,,KAYNES,,2026-03-30,2026-03-30,4250.0,CE,KAYNES26MAR4250CE,0.0,0.0,0.0,88.55,0.0,88.55,4057.6,204.2,0,0,0,0.0,0,F1,100,,,,,
2026-02-18,2026-02-18,FO,NSE,STO,36478,,KAYNES,,2026-03-30,2026-03-30,4650.0,CE,KAYNES26MAR4650CE,0.0,0.0,0.0,66.55,0.0,66.55,4057.6,93.1,0,0,0,0.0,0,F1,100,,,,,
2026-02-18,2026-02-18,FO,NSE,STO,133217,,KAYNES,,2026-04-28,2026-04-28,3500.0,CE,KAYNES26APR3500CE,0.0,0.0,0.0,353.55,0.0,353.55,4057.6,710.55,0,0,0,0.0,0,F1,100,,,,,
2026-02-18,2026-02-18,FO,NSE,STO,125381,,KAYNES,,2026-02-24,2026-02-24,2900.0,PE,KAYNES26FEB2900PE,0.75,1.2,0.75,1.2,1.2,3.8,4057.6,0.05,8400,-2400,25,7252905.0,11,F1,100,,,,,
2026-02-18,2026-02-18,FO,NSE,STO,125431,,KAYNES,,2026-02-24,2026-02-24,3250.0,PE,KAYNES26FEB3250PE,3.6,3.6,1.55,2.0,2.0,3.7,4057.6,0.05,12600,-500,17,5528720.0,16,F1,100,,,,,
2026-02-18,2026-02-18,FO,NSE,STO,125442,,KAYNES,,2026-02-24,2026-02-24,3450.0,PE,KAYNES26FEB3450PE,4.05,5.0,2.55,3.0,3.8,6.6,4057.6,3.0,19300,-8800,421,145383400.0,266,F1,100,,,,,
2026-02-18,2026-02-18,FO,NSE,STO,110369,,KAYNES,,2026-02-24,2026-02-24,4400.0,PE,KAYNES26FEB4400PE,451.1,451.1,342.55,345.05,370.4,470.0,4057.6,345.05,4700,1300,37,17688155.0,29,F1,100,,,,,
2026-02-18,2026-02-18,FO,NSE,STO,125738,,KAYNES,,2026-03-30,2026-03-30,3400.0,PE,KAYNES26MAR3400PE,65.5,73.85,45.1,46.15,48.7,65.5,4057.6,46.15,9700,1400,31,10723295.0,30,F1,100,,,,,
2026-02-18,2026-02-18,FO,NSE,STO,133017,,KAYNES,,2026-03-30,2026-03-30,3850.0,PE,KAYNES26MAR3850PE,0.0,0.0,0.0,642.75,0.0,642.75,4057.6,166.65,0,0,0,0.0,0,F1,100,,,,,
2026-02-18,2026-02-18,FO,NSE,STO,133019,,KAYNES,,2026-03-30,2026-03-30,3950.0,PE,KAYNES26MAR3950PE,238.1,244.9,183.9,183.9,183.9,229.35,4057.6,209.05,1400,500,15,6251985.0,14,F1,100,,,,,
2026-02-18,2026-02-18,FO,NSE,STO,125786,,KAYNES,,2026-03-30,2026-03-30,4600.0,PE,KAYNES26MAR4600PE,695.0,695.0,580.0,580.0,580.0,871.4,4057.6,580.0,200,200,2,1047500.0,2,F1,100,,,,,
2026-02-18,2026-02-18,FO,NSE,STO,125379,,KAYNES,,2026-02-24,2026-02-24,2900.0,CE,KAYNES26FEB2900CE,0.0,0.0,0.0,825.2,825.2,825.2,4057.6,1160.2,600,0,0,0.0,0,F1,100,,,,,
2026-02-18,2026-02-18,FO,NSE,STO,110375,,KAYNES,,2026-02-24,2026-02-24,5000.0,CE,KAYNES26FEB5000CE,2.25,2.65,0.8,1.5,1.65,2.3,4057.6,1.5,61700,-8300,372,186053860.0,261,F1,100,,,,,
2026-02-18,2026-02-18,FO,NSE,STO,110324,,KAYNES,,2026-02-24,2026-02-24,3400.0,CE,KAYNES26FEB3400CE,562.65,685.9,514.2,672.3,644.5,551.5,4057.6,672.3,31900,-7900,174,69451660.0,70,F1,100,,,,,
2026-02-18,2026-02-18,FO,NSE,STO,125459,,KAYNES,,2026-02-24,2026-02-24,3900.0,CE,KAYNES26FEB3900CE,151.25,217.4,102.75,201.15,181.05,143.05,4057.6,201.15,91500,-16300,2090,844997985.0,1745,F1,100,,,,,
2026-02-18,2026-02-18,FO,NSE,STO,110332,,KAYNES,,2026-02-24,2026-02-24,4000.0,CE,KAYNES26FEB4000CE,102.5,145.35,60.35,131.9,114.0,93.6,4057.6,131.9,141600,-65200,14989,6138106465.0,11930,F1,100,,,,,
2026-02-18,2026-02-18,FO,NSE,STO,125492,,KAYNES,,2026-02-24,2026-02-24,4350.0,CE,KAYNES26FEB4350CE,17.75,23.85,8.0,20.0,17.15,17.1,4057.6,20.0,32800,400,1661,724990150.0,1226,F1,100,,,,,
2026-02-18,2026-02-18,FO,NSE,STO,125731,,KAYNES,,2026-03-30,2026-03-30,3100.0,CE,KAYNES26MAR3100CE,0.0,0.0,0.0,880.0,880.0,880.0,4057.6,989.4,300,0,0,0.0,0,F1,100,,,,,
2026-02-18,2026-02-18,FO,NSE,STO,133007,,KAYNES,,2026-03-30,2026-03-30,3650.0,CE,KAYNES26MAR3650CE,0.0,0.0,0.0,323.25,323.25,323.25,4057.6,528.75,100,0,0,0.0,0,F1,100,,,,,
2026-02-18,2026-02-18,FO,NSE,STO,125439,,KAYNES,,2026-02-24,2026-02-24,3450.0,CE,KAYNES26FEB3450CE,560.25,577.6,464.15,572.2,572.2,583.1,4057.6,611.25,12500,-2600,43,17237770.0,25,F1,100,,,,,
2026-02-18,2026-02-18,FO,NSE,STO,125433,,KAYNES,,2026-02-24,2026-02-24,3300.0,CE,KAYNES26FEB3300CE,0.0,0.0,0.0,642.3,642.3,642.3,4057.6,760.65,17400,0,0,0.0,0,F1,100,,,,,
2026-02-18,2026-02-18,FO,NSE,STO,125741,,KAYNES,,2026-03-30,2026-03-30,3600.0,CE,KAYNES26MAR3600CE,425.3,563.0,425.3,551.4,550.0,531.0,4057.6,551.4,5200,3800,70,28513370.0,57,F1,100,,,,,
2026-02-18,2026-02-18,FO,NSE,STO,125538,,KAYNES,,2026-02-24,2026-02-24,4550.0,PE,KAYNES26FEB4550PE,0.0,0.0,0.0,758.45,0.0,758.45,4057.6,493.05,0,0,0,0.0,0,F1,100,,,,,
2026-02-18,2026-02-18,FO,NSE,STO,125732,,KAYNES,,2026-03-30,2026-03-30,3100.0,PE,KAYNES26MAR3100PE,30.0,32.0,21.35,21.35,21.35,34.95,4057.6,21.35,800,500,10,3127385.0,7,F1,100,,,,,
2026-02-18,2026-02-18,FO,NSE,STO,133006,,KAYNES,,2026-03-30,2026-03-30,3550.0,PE,KAYNES26MAR3550PE,0.0,0.0,0.0,101.0,101.0,101.0,4057.6,73.8,600,0,0,0.0,0,F1,100,,,,,
2026-02-18,2026-02-18,FO,NSE,STO,133069,,KAYNES,,2026-04-28,2026-04-28,2900.0,PE,KAYNES26APR2900PE,0.0,0.0,0.0,180.6,0.0,180.6,4057.6,19.55,0,0,0,0.0,0,F1,100,,,,,
2026-02-18,2026-02-18,FO,NSE,STO,125465,,KAYNES,,2026-02-24,2026-02-24,3950.0,PE,KAYNES26FEB3950PE,89.0,126.35,41.2,45.2,52.0,109.2,4057.6,45.2,25300,-2700,3056,1230849030.0,2515,F1,100,,,,,
2026-02-18,2026-02-18,FO,NSE,STO,125438,,KAYNES,,2026-02-24,2026-02-24,3350.0,PE,KAYNES26FEB3350PE,2.5,3.4,1.7,2.85,3.4,4.5,4057.6,2.85,15800,-1700,227,76100115.0,210,F1,100,,,,,
2026-02-18,2026-02-18,FO,NSE,STO,36482,,KAYNES,,2026-04-28,2026-04-28,4700.0,CE,KAYNES26APR4700CE,0.0,0.0,0.0,113.7,0.0,113.7,4057.6,159.15,0,0,0,0.0,0,F1,100,,,,,
2026-02-18,2026-02-18,FO,NSE,STO,133244,,KAYNES,,2026-04-28,2026-04-28,4400.0,CE,KAYNES26APR4400CE,0.0,0.0,0.0,122.15,0.0,122.15,4057.6,242.95,0,0,0,0.0,0,F1,100,,,,,
2026-02-18,2026-02-18,FO,NSE,STO,133236,,KAYNES,,2026-04-28,2026-04-28,4000.0,CE,KAYNES26APR4000CE,0.0,0.0,0.0,400.0,400.0,400.0,4057.6,407.0,100,0,0,0.0,0,F1,100,,,,,
2026-02-18,2026-02-18,FO,NSE,STO,133076,,KAYNES,,2026-04-28,2026-04-28,3300.0,CE,KAYNES26APR3300CE,0.0,0.0,0.0,439.1,0.0,439.1,4057.6,862.3,0,0,0,0.0,0,F1,100,,,,,
2026-02-18,2026-02-18,FO,NSE,STO,133074,,KAYNES,,2026-04-28,2026-04-28,3200.0,CE,KAYNES26APR3200CE,0.0,0.0,0.0,487.65,0.0,487.65,4057.6,943.85,0,0,0,0.0,0,F1,100,,,,,
2026-02-18,2026-02-18,FO,NSE,STO,133001,,KAYNES,,2026-03-30,2026-03-30,3350.0,CE,KAYNES26MAR3350CE,0.0,0.0,0.0,462.25,462.25,462.25,4057.6,765.15,200,0,0,0.0,0,F1,100,,,,,
2026-02-18,2026-02-18,FO,NSE,STO,125763,,KAYNES,,2026-03-30,2026-03-30,4100.0,CE,KAYNES26MAR4100CE,210.0,235.0,157.0,223.65,220.8,187.0,4057.6,223.65,32900,13400,330,142044085.0,261,F1,100,,,,,
2026-02-18,2026-02-18,FO,NSE,STO,132966,,KAYNES,,2026-03-30,2026-03-30,2950.0,CE,KAYNES26MAR2950CE,0.0,0.0,0.0,560.2,0.0,560.2,4057.6,1131.5,0,0,0,0.0,0,F1,100,,,,,
2026-02-18,2026-02-18,FO,NSE,STO,110368,,KAYNES,,2026-02-24,2026-02-24,4400.0,CE,KAYNES26FEB4400CE,14.1,18.4,6.45,15.5,13.25,12.9,4057.6,15.5,123200,10500,3128,1379911945.0,2156,F1,100,,,,,
2026-02-18,2026-02-18,FO,NSE,STO,125435,,KAYNES,,2026-02-24,2026-02-24,3350.0,CE,KAYNES26FEB3350CE,586.8,664.8,561.65,664.8,664.8,658.9,4057.6,710.75,13200,-200,7,2757685.0,7,F1,100,,,,,
2026-02-18,2026-02-18,FO,NSE,STO,125383,,KAYNES,,2026-02-24,2026-02-24,2950.0,CE,KAYNES26FEB2950CE,0.0,0.0,0.0,1054.55,0.0,1054.55,4057.6,1110.25,0,0,0,0.0,0,F1,100,,,,,
2026-02-18,2026-02-18,FO,NSE,STO,133250,,KAYNES,,2026-04-28,2026-04-28,4600.0,PE,KAYNES26APR4600PE,0.0,0.0,0.0,1291.6,0.0,1291.6,4057.6,678.65,0,0,0,0.0,0,F1,100,,,,,
2026-02-18,2026-02-18,FO,NSE,STO,133245,,KAYNES,,2026-04-28,2026-04-28,4400.0,PE,KAYNES26APR4400PE,0.0,0.0,0.0,1121.8,0.0,1121.8,4057.6,539.85,0,0,0,0.0,0,F1,100,,,,,
2026-02-18,2026-02-18,FO,NSE,STO,133241,,KAYNES,,2026-04-28,2026-04-28,4200.0,PE,KAYNES26APR4200PE,0.0,0.0,0.0,959.05,0.0,959.05,4057.6,415.7,0,0,0,0.0,0,F1,100,,,,,
2026-02-18,2026-02-18,FO,NSE,STO,133239,,KAYNES,,2026-04-28,2026-04-28,4100.0,PE,KAYNES26APR4100PE,0.0,0.0,0.0,880.7,0.0,880.7,4057.6,359.7,0,0,0,0.0,0,F1,100,,,,,
2026-02-18,2026-02-18,FO,NSE,STO,133227,,KAYNES,,2026-04-28,2026-04-28,3500.0,PE,KAYNES26APR3500PE,0.0,0.0,0.0,466.95,0.0,466.95,4057.6,116.75,0,0,0,0.0,0,F1,100,,,,,
2026-02-18,2026-02-18,FO,NSE,STO,125788,,KAYNES,,2026-03-30,2026-03-30,4700.0,PE,KAYNES26MAR4700PE,0.0,0.0,0.0,720.0,720.0,720.0,4057.6,697.9,100,0,0,0.0,0,F1,100,,,,,
2026-02-18,2026-02-18,FO,NSE,STO,125748,,KAYNES,,2026-03-30,2026-03-30,3600.0,PE,KAYNES26MAR3600PE,100.0,116.0,77.0,79.8,85.0,111.5,4057.6,79.8,11200,2500,62,22915525.0,57,F1,100,,,,,
2026-02-18,2026-02-18,FO,NSE,STO,132965,,KAYNES,,2026-03-30,2026-03-30,2850.0,PE,KAYNES26MAR2850PE,0.0,0.0,0.0,115.1,0.0,115.1,4057.6,3.5,0,0,0,0.0,0,F1,100,,,,,
2026-02-18,2026-02-18,FO,NSE,STO,125231,,KAYNES,,2026-02-24,2026-02-24,2850.0,PE,KAYNES26FEB2850PE,0.0,0.0,0.0,17.0,17.0,17.0,4057.6,0.05,0,0,0,0.0,0,F1,100,,,,,
2026-02-18,2026-02-18,FO,NSE,STO,133232,,KAYNES,,2026-04-28,2026-04-28,3800.0,CE,KAYNES26APR3800CE,0.0,0.0,0.0,251.6,0.0,251.6,4057.6,514.9,0,0,0,0.0,0,F1,100,,,,,
2026-02-18,2026-02-18,FO,NSE,STO,43184,,KAYNES,,2026-03-30,2026-03-30,4750.0,CE,KAYNES26MAR4750CE,0.0,0.0,0.0,59.2,0.0,59.2,4057.6,75.25,0,0,0,0.0,0,F1,100,,,,,
2026-02-18,2026-02-18,FO,NSE,STO,133040,,KAYNES,,2026-03-30,2026-03-30,4550.0,CE,KAYNES26MAR4550CE,0.0,0.0,0.0,53.8,0.0,53.8,4057.6,114.5,0,0,0,0.0,0,F1,100,,,,,
2026-02-18,2026-02-18,FO,NSE,STO,133038,,KAYNES,,2026-03-30,2026-03-30,4450.0,CE,KAYNES26MAR4450CE,0.0,0.0,0.0,63.65,0.0,63.65,4057.6,139.85,0,0,0,0.0,0,F1,100,,,,,
2026-02-18,2026-02-18,FO,NSE,STO,125769,,KAYNES,,2026-03-30,2026-03-30,4400.0,CE,KAYNES26MAR4400CE,93.95,118.5,71.0,109.55,105.85,93.8,4057.6,109.55,32700,21500,488,219572450.0,307,F1,100,,,,,
2026-02-18,2026-02-18,FO,NSE,STO,133036,,KAYNES,,2026-03-30,2026-03-30,4350.0,CE,KAYNES26MAR4350CE,0.0,0.0,0.0,75.2,0.0,75.2,4057.6,169.6,0,0,0,0.0,0,F1,100,,,,,
2026-02-18,2026-02-18,FO,NSE,STO,125740,,KAYNES,,2026-03-30,2026-03-30,3500.0,PE,KAYNES26MAR3500PE,80.05,95.2,60.05,62.3,65.0,91.75,4057.6,62.3,61900,800,98,34996350.0,71,F1,100,,,,,
2026-02-18,2026-02-18,FO,NSE,STO,133035,,KAYNES,,2026-03-30,2026-03-30,4250.0,PE,KAYNES26MAR4250PE,0.0,0.0,0.0,961.1,0.0,961.1,4057.6,371.05,0,0,0,0.0,0,F1,100,,,,,
2026-02-18,2026-02-18,FO,NSE,STO,133073,,KAYNES,,2026-04-28,2026-04-28,3100.0,PE,KAYNES26APR3100PE,0.0,0.0,0.0,259.8,0.0,259.8,4057.6,39.1,0,0,0,0.0,0,F1,100,,,,,
2026-02-18,2026-02-18,FO,NSE,STO,133234,,KAYNES,,2026-04-28,2026-04-28,3900.0,CE,KAYNES26APR3900CE,0.0,0.0,0.0,223.8,0.0,223.8,4057.6,458.7,0,0,0,0.0,0,F1,100,,,,,
2026-02-18,2026-02-18,FO,NSE,STO,110328,,KAYNES,,2026-02-24,2026-02-24,3600.0,CE,KAYNES26FEB3600CE,355.0,484.6,318.95,467.7,466.0,369.25,4057.6,467.7,65300,-3600,95,37705150.0,71,F1,100,,,,,
2026-02-18,2026-02-18,FO,NSE,STO,132964,,KAYNES,,2026-03-30,2026-03-30,2850.0,CE,KAYNES26MAR2850CE,0.0,0.0,0.0,627.9,0.0,627.9,4057.6,1228.25,0,0,0,0.0,0,F1,100,,,,,
2026-02-18,2026-02-18,FO,NSE,STO,133005,,KAYNES,,2026-03-30,2026-03-30,3550.0,CE,KAYNES26MAR3550CE,0.0,0.0,0.0,539.0,539.0,539.0,4057.6,602.7,1100,0,0,0.0,0,F1,100,,,,,
2026-02-18,2026-02-18,FO,NSE,STO,133068,,KAYNES,,2026-04-28,2026-04-28,2900.0,CE,KAYNES26APR2900CE,0.0,0.0,0.0,658.0,0.0,658.0,4057.6,1207.15,0,0,0,0.0,0,F1,100,,,,,
2026-02-18,2026-02-18,FO,NSE,STF,66877,,KAYNES,,2026-04-28,2026-04-28,,,KAYNES26APRFUT,4020.0,4099.9,3925.0,4078.3,4060.0,3980.0,4057.6,4078.3,65000,2700,177,70971360.0,170,F1,100,,,,,
2026-02-18,2026-02-18,FO,NSE,STO,125403,,KAYNES,,2026-02-24,2026-02-24,3050.0,CE,KAYNES26FEB3050CE,0.0,0.0,0.0,398.0,398.0,398.0,4057.6,1010.35,200,0,0,0.0,0,F1,100,,,,,
2026-02-18,2026-02-18,FO,NSE,STO,125430,,KAYNES,,2026-02-24,2026-02-24,3250.0,CE,KAYNES26FEB3250CE,0.0,0.0,0.0,904.8,904.8,904.8,4057.6,810.55,3400,0,0,0.0,0,F1,100,,,,,
2026-02-18,2026-02-18,FO,NSE,STO,133033,,KAYNES,,2026-03-30,2026-03-30,4150.0,PE,KAYNES26MAR4150PE,0.0,0.0,0.0,297.25,297.25,297.25,4057.6,311.45,100,0,0,0.0,0,F1,100,,,,,
2026-02-18,2026-02-18,FO,NSE,STO,110325,,KAYNES,,2026-02-24,2026-02-24,3400.0,PE,KAYNES26FEB3400PE,4.35,4.35,1.6,2.7,3.25,4.5,4057.6,2.7,125000,-63600,1517,516164375.0,1080,F1,100,,,,,
2026-02-18,2026-02-18,FO,NSE,STO,110304,,KAYNES,,2026-02-24,2026-02-24,3200.0,PE,KAYNES26FEB3200PE,3.45,3.45,1.55,2.05,2.2,3.6,4057.6,2.05,48000,-6000,298,95426040.0,172,F1,100,,,,,
2026-02-18,2026-02-18,FO,NSE,STO,132972,,KAYNES,,2026-03-30,2026-03-30,3250.0,CE,KAYNES26MAR3250CE,0.0,0.0,0.0,387.35,0.0,387.35,4057.6,852.45,0,0,0,0.0,0,F1,100,,,,,
2026-02-18,2026-02-18,FO,NSE,STO,125526,,KAYNES,,2026-02-24,2026-02-24,4500.0,CE,KAYNES26FEB4500CE,10.15,11.95,4.7,10.25,9.45,9.65,4057.6,10.25,186700,14900,3493,1574679615.0,2242,F1,100,,,,,
2026-02-18,2026-02-18,FO,NSE,STO,110366,,KAYNES,,2026-02-24,2026-02-24,4200.0,CE,KAYNES26FEB4200CE,39.05,55.8,18.3,48.65,41.15,34.55,4057.6,48.65,180800,-33900,8733,3698474135.0,6720,F1,100,,,,,
2026-02-18,2026-02-18,FO,NSE,STO,125455,,KAYNES,,2026-02-24,2026-02-24,3850.0,CE,KAYNES26FEB3850CE,199.0,250.25,130.35,230.7,221.4,169.6,4057.6,230.7,23300,-5600,216,87229805.0,179,F1,100,,,,,
2026-02-18,2026-02-18,FO,NSE,STO,125447,,KAYNES,,2026-02-24,2026-02-24,3650.0,CE,KAYNES26FEB3650CE,360.0,425.0,277.95,417.35,401.95,323.35,4057.6,417.35,16600,-3700,73,29098505.0,46,F1,100,,,,,
2026-02-18,2026-02-18,FO,NSE,STO,125428,,KAYNES,,2026-02-24,2026-02-24,3150.0,CE,KAYNES26FEB3150CE,0.0,0.0,0.0,826.95,826.95,826.95,4057.6,910.45,700,0,0,0.0,0,F1,100,,,,,
2026-02-18,2026-02-18,FO,NSE,STF,59394,,KAYNES,,2026-02-24,2026-02-24,,,KAYNES26FEBFUT,3985.1,4089.0,3903.4,4067.4,4046.7,3957.1,4057.6,4067.4,3664200,-93100,11668,4669775060.0,8967,F1,100,,,,,
2026-02-18,2026-02-18,FO,NSE,STO,36483,,KAYNES,,2026-04-28,2026-04-28,4700.0,PE,KAYNES26APR4700PE,0.0,0.0,0.0,1251.95,0.0,1251.95,4057.6,752.95,0,0,0,0.0,0,F1,100,,,,,
2026-02-18,2026-02-18,FO,NSE,STO,125770,,KAYNES,,2026-03-30,2026-03-30,4400.0,PE,KAYNES26MAR4400PE,475.1,475.1,419.4,425.85,421.6,550.0,4057.6,425.85,5200,1500,39,18867450.0,34,F1,100,,,,,
2026-02-18,2026-02-18,FO,NSE,STO,110371,,KAYNES,,2026-02-24,2026-02-24,4600.0,PE,KAYNES26FEB4600PE,0.0,0.0,0.0,655.1,655.1,655.1,4057.6,541.4,1300,0,0,0.0,0,F1,100,,,,,
2026-02-18,2026-02-18,FO,NSE,STO,133008,,KAYNES,,2026-03-30,2026-03-30,3650.0,PE,KAYNES26MAR3650PE,0.0,0.0,0.0,502.25,0.0,502.25,4057.6,99.2,0,0,0,0.0,0,F1,100,,,,,
2026-02-18,2026-02-18,FO,NSE,STO,43185,,KAYNES,,2026-03-30,2026-03-30,4750.0,PE,KAYNES26MAR4750PE,0.0,0.0,0.0,1202.65,0.0,1202.65,4057.6,739.1,0,0,0,0.0,0,F1,100,,,,,
2026-02-18,2026-02-18,FO,NSE,STO,133075,,KAYNES,,2026-04-28,2026-04-28,3200.0,PE,KAYNES26APR3200PE,0.0,0.0,0.0,305.65,0.0,305.65,4057.6,53.15,0,0,0,0.0,0,F1,100,,,,,
2026-02-18,2026-02-18,FO,NSE,STO,133214,,KAYNES,,2026-04-28,2026-04-28,3400.0,PE,KAYNES26APR3400PE,0.0,0.0,0.0,409.35,0.0,409.35,4057.6,91.65,0,0,0,0.0,0,F1,100,,,,,
2026-02-18,2026-02-18,FO,NSE,STO,133231,,KAYNES,,2026-04-28,2026-04-28,3700.0,PE,KAYNES26APR3700PE,0.0,0.0,0.0,592.65,0.0,592.65,4057.6,179.8,0,0,0,0.0,0,F1,100,,,,,
2026-02-18,2026-02-18,FO,NSE,STO,133072,,KAYNES,,2026-04-28,2026-04-28,3100.0,CE,KAYNES26APR3100CE,0.0,0.0,0.0,540.3,0.0,540.3,4057.6,1028.8,0,0,0,0.0,0,F1,100,,,,,
2026-02-18,2026-02-18,FO,NSE,STO,125767,,KAYNES,,2026-03-30,2026-03-30,4300.0,CE,KAYNES26MAR4300CE,133.0,146.0,91.75,139.15,132.2,116.8,4057.6,139.15,84600,5100,273,120744535.0,225,F1,100,,,,,
2026-02-18,2026-02-18,FO,NSE,STO,125737,,KAYNES,,2026-03-30,2026-03-30,3400.0,CE,KAYNES26MAR3400CE,0.0,0.0,0.0,656.05,663.65,656.05,4057.6,722.9,800,0,0,0.0,0,F1,100,,,,,
2026-02-18,2026-02-18,FO,NSE,STO,125735,,KAYNES,,2026-03-30,2026-03-30,3300.0,CE,KAYNES26MAR3300CE,0.0,0.0,0.0,861.7,0.0,861.7,4057.6,808.35,0,0,0,0.0,0,F1,100,,,,,
2026-02-18,2026-02-18,FO,NSE,STO,125721,,KAYNES,,2026-03-30,2026-03-30,2900.0,CE,KAYNES26MAR2900CE,0.0,0.0,0.0,1155.85,0.0,1155.85,4057.6,1179.7,0,0,0,0.0,0,F1,100,,,,,
2026-02-18,2026-02-18,FO,NSE,STO,110370,,KAYNES,,2026-02-24,2026-02-24,4600.0,CE,KAYNES26FEB4600CE,5.15,8.05,3.4,6.45,5.95,6.25,4057.6,6.45,89100,11700,1465,674682220.0,1153,F1,100,,,,,
2026-02-18,2026-02-18,FO,NSE,STO,125445,,KAYNES,,2026-02-24,2026-02-24,3550.0,CE,KAYNES26FEB3550CE,365.15,480.0,365.15,480.0,480.0,405.9,4057.6,512.65,24400,-700,13,5168665.0,12,F1,100,,,,,
2026-02-18,2026-02-18,FO,NSE,STO,39011,,KAYNES,,2026-02-24,2026-02-24,3000.0,CE,KAYNES26FEB3000CE,1070.0,1070.0,1070.0,1070.0,1070.0,1020.0,4057.6,1070.0,8200,100,1,407000.0,1,F1,100,,,,,
2026-02-18,2026-02-18,FO,NSE,STF,51952,,KAYNES,,2026-03-30,2026-03-30,,,KAYNES26MARFUT,3985.5,4094.8,3910.0,4071.6,4051.0,3965.5,4057.6,4071.6,726900,307400,5492,2201801420.0,3741,F1,100,,,,,
2026-02-18,2026-02-18,FO,NSE,STO,133242,,KAYNES,,2026-04-28,2026-04-28,4300.0,CE,KAYNES26APR4300CE,0.0,0.0,0.0,138.4,0.0,138.4,4057.6,277.9,0,0,0,0.0,0,F1,100,,,,,
2026-02-18,2026-02-18,FO,NSE,STO,125448,,KAYNES,,2026-02-24,2026-02-24,3650.0,PE,KAYNES26FEB3650PE,13.5,20.65,5.45,5.9,8.55,21.05,4057.6,5.9,29300,1100,690,252689385.0,585,F1,100,,,,,
2026-02-18,2026-02-18,FO,NSE,STO,125471,,KAYNES,,2026-02-24,2026-02-24,4100.0,PE,KAYNES26FEB4100PE,173.4,227.5,104.9,111.0,126.25,208.6,4057.6,111.0,50200,-2300,564,239640170.0,472,F1,100,,,,,
2026-02-18,2026-02-18,FO,NSE,STO,125425,,KAYNES,,2026-02-24,2026-02-24,3050.0,PE,KAYNES26FEB3050PE,1.55,1.55,1.35,1.4,1.4,2.45,4057.6,0.05,2900,-700,9,2746295.0,8,F1,100,,,,,
2026-02-18,2026-02-18,FO,NSE,STO,125458,,KAYNES,,2026-02-24,2026-02-24,3850.0,PE,KAYNES26FEB3850PE,45.0,76.3,20.2,22.0,27.5,67.8,4057.6,22.0,30200,2500,2453,954449245.0,2122,F1,100,,,,,
2026-02-18,2026-02-18,FO,NSE,STO,125467,,KAYNES,,2026-02-24,2026-02-24,4050.0,PE,KAYNES26FEB4050PE,148.6,188.9,76.85,85.65,95.6,171.0,4057.6,85.65,18800,3300,667,277083655.0,551,F1,100,,,,,
2026-02-18,2026-02-18,FO,NSE,STO,125475,,KAYNES,,2026-02-24,2026-02-24,4150.0,PE,KAYNES26FEB4150PE,196.7,265.4,136.0,144.1,160.45,239.45,4057.6,144.1,15400,-3100,123,53040255.0,115,F1,100,,,,,
2026-02-18,2026-02-18,FO,NSE,STO,110367,,KAYNES,,2026-02-24,2026-02-24,4200.0,PE,KAYNES26FEB4200PE,230.0,308.7,166.15,178.95,195.5,280.95,4057.6,178.95,39000,200,179,78945610.0,135,F1,100,,,,,
2026-02-18,2026-02-18,FO,NSE,STO,125540,,KAYNES,,2026-02-24,2026-02-24,4650.0,PE,KAYNES26FEB4650PE,0.0,0.0,0.0,834.45,0.0,834.45,4057.6,590.25,0,0,0,0.0,0,F1,100,,,,,
2026-02-18,2026-02-18,FO,NSE,STO,43182,,KAYNES,,2026-02-24,2026-02-24,4750.0,PE,KAYNES26FEB4750PE,0.0,0.0,0.0,1179.5,0.0,1179.5,4057.6,688.95,0,0,0,0.0,0,F1,100,,,,,
2026-02-18,2026-02-18,FO,NSE,STO,125730,,KAYNES,,2026-03-30,2026-03-30,3000.0,PE,KAYNES26MAR3000PE,22.0,22.1,15.0,15.0,15.0,25.0,4057.6,15.0,2200,100,6,1810540.0,6,F1,100,,,,,
2026-02-18,2026-02-18,FO,NSE,STO,132973,,KAYNES,,2026-03-30,2026-03-30,3250.0,PE,KAYNES26MAR3250PE,0.0,0.0,0.0,34.15,34.15,34.15,4057.6,25.35,100,0,0,0.0,0,F1,100,,,,,
2026-02-18,2026-02-18,FO,NSE,STO,133010,,KAYNES,,2026-03-30,2026-03-30,3750.0,PE,KAYNES26MAR3750PE,0.0,0.0,0.0,135.4,135.4,135.4,4057.6,130.1,100,0,0,0.0,0,F1,100,,,,,
2026-02-18,2026-02-18,FO,NSE,STO,133037,,KAYNES,,2026-03-30,2026-03-30,4350.0,PE,KAYNES26MAR4350PE,0.0,0.0,0.0,1046.7,0.0,1046.7,4057.6,435.85,0,0,0,0.0,0,F1,100,,,,,
2026-02-18,2026-02-18,FO,NSE,STO,39012,,KAYNES,,2026-02-24,2026-02-24,3000.0,PE,KAYNES26FEB3000PE,1.8,2.15,1.0,1.2,1.0,2.4,4057.6,1.2,56900,-6800,135,40517690.0,95,F1,100,,,,,
2026-02-18,2026-02-18,FO,NSE,STO,125789,,KAYNES,,2026-03-30,2026-03-30,4800.0,CE,KAYNES26MAR4800CE,0.0,0.0,0.0,224.0,0.0,224.0,4057.6,67.45,0,0,0,0.0,0,F1,100,,,,,
2026-02-18,2026-02-18,FO,NSE,STO,125733,,KAYNES,,2026-03-30,2026-03-30,3200.0,CE,KAYNES26MAR3200CE,0.0,0.0,0.0,930.35,0.0,930.35,4057.6,897.4,0,0,0,0.0,0,F1,100,,,,,
2026-02-18,2026-02-18,FO,NSE,STO,110330,,KAYNES,,2026-02-24,2026-02-24,3800.0,CE,KAYNES26FEB3800CE,247.0,299.0,158.6,283.3,262.7,207.0,4057.6,283.3,41000,-8200,505,203047525.0,397,F1,100,,,,,
2026-02-18,2026-02-18,FO,NSE,STO,125518,,KAYNES,,2026-02-24,2026-02-24,4450.0,PE,KAYNES26FEB4450PE,0.0,0.0,0.0,685.15,0.0,685.15,4057.6,398.8,0,0,0,0.0,0,F1,100,,,,,
2026-02-18,2026-02-18,FO,NSE,STO,125479,,KAYNES,,2026-02-24,2026-02-24,4250.0,PE,KAYNES26FEB4250PE,272.0,272.0,209.7,221.6,238.0,326.85,4057.6,221.6,4500,-700,27,12109315.0,27,F1,100,,,,,
2026-02-18,2026-02-18,FO,NSE,STO,110329,,KAYNES,,2026-02-24,2026-02-24,3600.0,PE,KAYNES26FEB3600PE,14.0,14.55,4.15,4.9,6.95,16.05,4057.6,4.9,150200,-15700,2318,836605410.0,1755,F1,100,,,,,
2026-02-18,2026-02-18,FO,NSE,STO,125446,,KAYNES,,2026-02-24,2026-02-24,3550.0,PE,KAYNES26FEB3550PE,7.0,8.7,3.15,3.85,4.8,10.25,4057.6,3.85,76100,-2100,375,133315000.0,319,F1,100,,,,,
2026-02-18,2026-02-18,FO,NSE,STO,133066,,KAYNES,,2026-04-28,2026-04-28,2800.0,CE,KAYNES26APR2800CE,0.0,0.0,0.0,723.35,0.0,723.35,4057.6,1299.75,0,0,0,0.0,0,F1,100,,,,,
2026-02-18,2026-02-18,FO,NSE,STO,110377,,KAYNES,,2026-02-24,2026-02-24,5200.0,CE,KAYNES26FEB5200CE,1.95,2.0,0.65,1.35,2.0,2.0,4057.6,1.35,2200,-1800,29,15084345.0,16,F1,100,,,,,
2026-02-18,2026-02-18,FO,NSE,STO,125541,,KAYNES,,2026-02-24,2026-02-24,4700.0,CE,KAYNES26FEB4700CE,4.8,5.05,2.85,4.5,4.35,4.7,4057.6,4.5,12200,1500,268,126063670.0,210,F1,100,,,,,
2026-02-18,2026-02-18,FO,NSE,STO,125771,,KAYNES,,2026-03-30,2026-03-30,4500.0,CE,KAYNES26MAR4500CE,83.0,95.6,55.0,89.8,87.55,75.65,4057.6,89.8,88000,11700,1267,579568495.0,885,F1,100,,,,,
2026-02-18,2026-02-18,FO,NSE,STO,125765,,KAYNES,,2026-03-30,2026-03-30,4200.0,CE,KAYNES26MAR4200CE,177.0,186.8,121.0,179.1,178.35,151.95,4057.6,179.1,30100,5200,297,129343070.0,250,F1,100,,,,,
2026-02-18,2026-02-18,FO,NSE,STO,125753,,KAYNES,,2026-03-30,2026-03-30,3900.0,CE,KAYNES26MAR3900CE,270.0,339.0,244.4,331.7,306.95,281.6,4057.6,331.7,9400,3100,112,46725740.0,101,F1,100,,,,,
2026-02-18,2026-02-18,FO,NSE,STO,125723,,KAYNES,,2026-03-30,2026-03-30,3000.0,CE,KAYNES26MAR3000CE,0.0,0.0,0.0,758.0,758.0,758.0,4057.6,1083.7,0,0,0,0.0,0,F1,100,,,,,
2026-02-18,2026-02-18,FO,NSE,STO,133252,,KAYNES,,2026-04-28,2026-04-28,4800.0,PE,KAYNES26APR4800PE,0.0,0.0,0.0,1467.2,0.0,1467.2,4057.6,830.1,0,0,0,0.0,0,F1,100,,,,,
2026-02-18,2026-02-18,FO,NSE,STO,125790,,KAYNES,,2026-03-30,2026-03-30,4800.0,PE,KAYNES26MAR4800PE,820.0,832.05,820.0,832.05,832.05,840.55,4057.6,781.0,8600,800,8,4501405.0,4,F1,100,,,,,
2026-02-18,2026-02-18,FO,NSE,STO,133041,,KAYNES,,2026-03-30,2026-03-30,4550.0,PE,KAYNES26MAR4550PE,0.0,0.0,0.0,1223.2,0.0,1223.2,4057.6,579.55,0,0,0,0.0,0,F1,100,,,,,
2026-02-18,2026-02-18,FO,NSE,STO,125766,,KAYNES,,2026-03-30,2026-03-30,4200.0,PE,KAYNES26MAR4200PE,300.0,300.0,300.0,300.0,300.0,380.7,4057.6,300.0,2400,100,1,450000.0,1,F1,100,,,,,
2026-02-18,2026-02-18,FO,NSE,STO,125764,,KAYNES,,2026-03-30,2026-03-30,4100.0,PE,KAYNES26MAR4100PE,263.0,263.0,234.0,240.7,252.35,319.3,4057.6,240.7,15400,3800,66,28659540.0,56,F1,100,,,,,
2026-02-18,2026-02-18,FO,NSE,STO,125715,,KAYNES,,2026-03-30,2026-03-30,2800.0,PE,KAYNES26MAR2800PE,12.0,12.0,12.0,12.0,12.0,15.0,4057.6,2.6,300,100,1,281200.0,1,F1,100,,,,,
2026-02-18,2026-02-18,FO,NSE,STO,125474,,KAYNES,,2026-02-24,2026-02-24,4150.0,CE,KAYNES26FEB4150CE,47.0,72.45,25.35,64.2,54.0,46.95,4057.6,64.2,69400,-10200,2932,1230169940.0,2654,F1,100,,,,,
2026-02-18,2026-02-18,FO,NSE,STO,125464,,KAYNES,,2026-02-24,2026-02-24,3950.0,CE,KAYNES26FEB3950CE,126.8,178.25,79.8,164.35,142.4,117.0,4057.6,164.35,24200,-14600,3032,1231983770.0,2559,F1,100,,,,,
2026-02-18,2026-02-18,FO,NSE,STO,125449,,KAYNES,,2026-02-24,2026-02-24,3700.0,CE,KAYNES26FEB3700CE,330.0,388.0,236.6,372.15,354.2,284.85,4057.6,372.15,65700,-2100,293,117290425.0,158,F1,100,,,,,
2026-02-18,2026-02-18,FO,NSE,STO,110295,,KAYNES,,2026-02-24,2026-02-24,2800.0,CE,KAYNES26FEB2800CE,0.0,0.0,0.0,1138.15,1138.15,1138.15,4057.6,1260.15,500,0,0,0.0,0,F1,100,,,,,
2026-02-18,2026-02-18,FO,NSE,STO,132968,,KAYNES,,2026-03-30,2026-03-30,3050.0,CE,KAYNES26MAR3050CE,0.0,0.0,0.0,497.6,0.0,497.6,4057.6,1036.3,0,0,0,0.0,0,F1,100,,,,,
2026-02-18,2026-02-18,FO,NSE,STO,133009,,KAYNES,,2026-03-30,2026-03-30,3750.0,CE,KAYNES26MAR3750CE,0.0,0.0,0.0,449.7,449.7,449.7,4057.6,460.2,100,0,0,0.0,0,F1,100,,,,,
2026-02-18,2026-02-18,FO,NSE,STO,133024,,KAYNES,,2026-03-30,2026-03-30,4050.0,CE,KAYNES26MAR4050CE,249.1,249.1,249.1,249.1,249.1,242.3,4057.6,249.1,200,200,2,859820.0,2,F1,100,,,,,
2026-02-18,2026-02-18,FO,NSE,STO,125787,,KAYNES,,2026-03-30,2026-03-30,4700.0,CE,KAYNES26MAR4700CE,0.0,0.0,0.0,247.25,0.0,247.25,4057.6,83.75,0,0,0,0.0,0,F1,100,,,,,
2026-02-18,2026-02-18,FO,NSE,STO,133230,,KAYNES,,2026-04-28,2026-04-28,3700.0,CE,KAYNES26APR3700CE,0.0,0.0,0.0,282.3,0.0,282.3,4057.6,575.65,0,0,0,0.0,0,F1,100,,,,,
2026-02-18,2026-02-18,FO,NSE,STO,133240,,KAYNES,,2026-04-28,2026-04-28,4200.0,CE,KAYNES26APR4200CE,0.0,0.0,0.0,156.4,0.0,156.4,4057.6,316.75,0,0,0,0.0,0,F1,100,,,,,
2026-02-18,2026-02-18,FO,NSE,STO,133249,,KAYNES,,2026-04-28,2026-04-28,4600.0,CE,KAYNES26APR4600CE,0.0,0.0,0.0,95.05,0.0,95.05,4057.6,183.8,0,0,0,0.0,0,F1,100,,,,,
2026-02-18,2026-02-18,FO,NSE,STO,133251,,KAYNES,,2026-04-28,2026-04-28,4800.0,CE,KAYNES26APR4800CE,0.0,0.0,0.0,73.7,0.0,73.7,4057.6,137.35,0,0,0,0.0,0,F1,100,,,,,
2026-02-18,2026-02-18,FO,NSE,STO,125434,,KAYNES,,2026-02-24,2026-02-24,3300.0,PE,KAYNES26FEB3300PE,4.05,4.05,1.75,2.45,3.0,4.25,4057.6,2.45,87400,-7900,438,144649290.0,353,F1,100,,,,,
2026-02-18,2026-02-18,FO,NSE,STO,125444,,KAYNES,,2026-02-24,2026-02-24,3500.0,PE,KAYNES26FEB3500PE,8.0,8.0,3.1,3.6,4.45,8.85,4057.6,3.6,296100,-34200,2068,724787010.0,1176,F1,100,,,,,
2026-02-18,2026-02-18,FO,NSE,STO,125450,,KAYNES,,2026-02-24,2026-02-24,3700.0,PE,KAYNES26FEB3700PE,23.0,29.6,7.0,8.25,11.1,28.6,4057.6,8.25,81700,10300,2673,993258545.0,1900,F1,100,,,,,
2026-02-18,2026-02-18,FO,NSE,STO,125528,,KAYNES,,2026-02-24,2026-02-24,4500.0,PE,KAYNES26FEB4500PE,555.0,574.0,436.95,443.3,462.3,539.9,4057.6,443.3,5800,-1100,19,9528375.0,14,F1,100,,,,,
2026-02-18,2026-02-18,FO,NSE,STO,132969,,KAYNES,,2026-03-30,2026-03-30,3050.0,PE,KAYNES26MAR3050PE,0.0,0.0,0.0,182.7,0.0,182.7,4057.6,10.35,0,0,0,0.0,0,F1,100,,,,,
2026-02-18,2026-02-18,FO,NSE,STO,132971,,KAYNES,,2026-03-30,2026-03-30,3150.0,PE,KAYNES26MAR3150PE,0.0,0.0,0.0,43.4,43.4,43.4,4057.6,16.55,1200,0,0,0.0,0,F1,100,,,,,
2026-02-18,2026-02-18,FO,NSE,STO,125734,,KAYNES,,2026-03-30,2026-03-30,3200.0,PE,KAYNES26MAR3200PE,38.0,45.0,25.95,26.0,26.0,50.0,4057.6,26.0,4500,2000,36,11626945.0,27,F1,100,,,,,
2026-02-18,2026-02-18,FO,NSE,STO,133002,,KAYNES,,2026-03-30,2026-03-30,3350.0,PE,KAYNES26MAR3350PE,0.0,0.0,0.0,52.55,52.55,52.55,4057.6,37.4,300,0,0,0.0,0,F1,100,,,,,
2026-02-18,2026-02-18,FO,NSE,STO,133004,,KAYNES,,2026-03-30,2026-03-30,3450.0,PE,KAYNES26MAR3450PE,0.0,0.0,0.0,377.4,0.0,377.4,4057.6,53.35,0,0,0,0.0,0,F1,100,,,,,
2026-02-18,2026-02-18,FO,NSE,STO,125754,,KAYNES,,2026-03-30,2026-03-30,3900.0,PE,KAYNES26MAR3900PE,199.65,227.85,151.0,155.25,161.85,221.5,4057.6,155.25,17200,5500,163,66788285.0,116,F1,100,,,,,
2026-02-18,2026-02-18,FO,NSE,STO,125762,,KAYNES,,2026-03-30,2026-03-30,4000.0,PE,KAYNES26MAR4000PE,238.0,280.9,188.55,197.2,214.9,263.2,4057.6,197.2,50100,12600,314,132754170.0,278,F1,100,,,,,
2026-02-18,2026-02-18,FO,NSE,STO,125768,,KAYNES,,2026-03-30,2026-03-30,4300.0,PE,KAYNES26MAR4300PE,410.0,450.0,349.85,355.8,364.65,450.0,4057.6,355.8,61800,400,57,26580060.0,48,F1,100,,,,,
2026-02-18,2026-02-18,FO,NSE,STO,133039,,KAYNES,,2026-03-30,2026-03-30,4450.0,PE,KAYNES26MAR4450PE,0.0,0.0,0.0,1134.1,0.0,1134.1,4057.6,505.5,0,0,0,0.0,0,F1,100,,,,,
2026-02-18,2026-02-18,FO,NSE,STO,133067,,KAYNES,,2026-04-28,2026-04-28,2800.0,PE,KAYNES26APR2800PE,0.0,0.0,0.0,147.45,0.0,147.45,4057.6,13.2,0,0,0,0.0,0,F1,100,,,,,
2026-02-18,2026-02-18,FO,NSE,STO,133077,,KAYNES,,2026-04-28,2026-04-28,3300.0,PE,KAYNES26APR3300PE,0.0,0.0,0.0,355.55,0.0,355.55,4057.6,70.55,0,0,0,0.0,0,F1,100,,,,,
2026-02-18,2026-02-18,FO,NSE,STO,133229,,KAYNES,,2026-04-28,2026-04-28,3600.0,PE,KAYNES26APR3600PE,0.0,0.0,0.0,528.1,0.0,528.1,4057.6,146.05,0,0,0,0.0,0,F1,100,,,,,
2026-02-18,2026-02-18,FO,NSE,STO,133237,,KAYNES,,2026-04-28,2026-04-28,4000.0,PE,KAYNES26APR4000PE,0.0,0.0,0.0,804.7,0.0,804.7,4057.6,308.0,0,0,0,0.0,0,F1,100,,,,,
2026-02-18,2026-02-18,FO,NSE,STO,133664,,KEI,,2026-04-28,2026-04-28,4000.0,CE,KEI26APR4000CE,0.0,0.0,0.0,279.2,0.0,279.2,4607.0,712.75,0,0,0,0.0,0,F1,175,,,,,
2026-02-18,2026-02-18,FO,NSE,STO,133670,,KEI,,2026-04-28,2026-04-28,4300.0,CE,KEI26APR4300CE,0.0,0.0,0.0,180.6,0.0,180.6,4607.0,494.7,0,0,0,0.0,0,F1,175,,,,,
2026-02-18,2026-02-18,FO,NSE,STO,133674,,KEI,,2026-04-28,2026-04-28,4500.0,CE,KEI26APR4500CE,0.0,0.0,0.0,132.9,0.0,132.9,4607.0,374.85,0,0,0,0.0,0,F1,175,,,,,
2026-02-18,2026-02-18,FO,NSE,STO,110703,,KEI,,2026-02-24,2026-02-24,3600.0,PE,KEI26FEB3600PE,1.9,1.9,1.9,1.9,1.9,6.5,4607.0,1.9,9100,0,3,1890997.5,3,F1,175,,,,,
2026-02-18,2026-02-18,FO,NSE,STO,125954,,KEI,,2026-03-30,2026-03-30,5100.0,CE,KEI26MAR5100CE,0.0,0.0,0.0,162.4,0.0,162.4,4607.0,74.3,0,0,0,0.0,0,F1,175,,,,,
2026-02-18,2026-02-18,FO,NSE,STO,125952,,KEI,,2026-03-30,2026-03-30,5000.0,CE,KEI26MAR5000CE,0.0,0.0,0.0,185.8,0.0,185.8,4607.0,96.55,0,0,0,0.0,0,F1,175,,,,,
2026-02-18,2026-02-18,FO,NSE,STO,110698,,KEI,,2026-02-24,2026-02-24,3400.0,CE,KEI26FEB3400CE,0.0,0.0,0.0,1179.15,1179.15,1179.15,4607.0,1210.05,525,0,0,0.0,0,F1,175,,,,,
2026-02-18,2026-02-18,FO,NSE,STO,110702,,KEI,,2026-02-24,2026-02-24,3600.0,CE,KEI26FEB3600CE,0.0,0.0,0.0,380.0,380.0,380.0,4607.0,1010.25,700,0,0,0.0,0,F1,175,,,,,
2026-02-18,2026-02-18,FO,NSE,STO,110754,,KEI,,2026-02-24,2026-02-24,4100.0,PE,KEI26FEB4100PE,3.5,3.75,3.15,3.7,3.75,4.35,4607.0,3.7,23100,0,11,7899228.75,10,F1,175,,,,,
2026-02-18,2026-02-18,FO,NSE,STO,125920,,KEI,,2026-03-30,2026-03-30,3600.0,PE,KEI26MAR3600PE,7.7,7.7,7.6,7.6,7.6,8.05,4607.0,3.65,4550,-175,4,2525346.25,3,F1,175,,,,,
2026-02-18,2026-02-18,FO,NSE,STO,125938,,KEI,,2026-03-30,2026-03-30,4300.0,CE,KEI26MAR4300CE,342.55,342.55,342.55,342.55,342.55,441.0,4607.0,423.4,175,175,1,812446.25,1,F1,175,,,,,
2026-02-18,2026-02-18,FO,NSE,STO,133285,,KEI,,2026-03-30,2026-03-30,3750.0,CE,KEI26MAR3750CE,809.05,809.05,809.05,809.05,809.05,293.0,4607.0,888.35,1925,0,2,1595667.5,1,F1,175,,,,,
2026-02-18,2026-02-18,FO,NSE,STO,133283,,KEI,,2026-03-30,2026-03-30,3650.0,CE,KEI26MAR3650CE,0.0,0.0,0.0,362.6,362.6,362.6,4607.0,983.9,350,0,0,0.0,0,F1,175,,,,,
2026-02-18,2026-02-18,FO,NSE,STO,125919,,KEI,,2026-03-30,2026-03-30,3600.0,CE,KEI26MAR3600CE,973.5,973.5,973.45,973.45,973.45,915.4,4607.0,1032.3,5075,-350,4,3201432.5,2,F1,175,,,,,
2026-02-18,2026-02-18,FO,NSE,STO,125914,,KEI,,2026-03-30,2026-03-30,3500.0,CE,KEI26MAR3500CE,0.0,0.0,0.0,969.75,0.0,969.75,4607.0,1129.95,0,0,0,0.0,0,F1,175,,,,,
2026-02-18,2026-02-18,FO,NSE,STO,110842,,KEI,,2026-02-24,2026-02-24,5000.0,CE,KEI26FEB5000CE,6.25,7.2,2.85,3.25,2.85,5.25,4607.0,3.25,42700,0,249,218067141.25,200,F1,175,,,,,
2026-02-18,2026-02-18,FO,NSE,STO,36487,,KEI,,2026-03-30,2026-03-30,5050.0,PE,KEI26MAR5050PE,0.0,0.0,0.0,1148.45,0.0,1148.45,4607.0,497.5,0,0,0,0.0,0,F1,175,,,,,
2026-02-18,2026-02-18,FO,NSE,STO,125957,,KEI,,2026-03-30,2026-03-30,5200.0,PE,KEI26MAR5200PE,0.0,0.0,0.0,612.45,612.45,612.45,4607.0,618.2,175,0,0,0.0,0,F1,175,,,,,
2026-02-18,2026-02-18,FO,NSE,STO,133659,,KEI,,2026-04-28,2026-04-28,3700.0,PE,KEI26APR3700PE,0.0,0.0,0.0,254.15,0.0,254.15,4607.0,23.15,0,0,0,0.0,0,F1,175,,,,,
2026-02-18,2026-02-18,FO,NSE,STO,125819,,KEI,,2026-02-24,2026-02-24,3650.0,CE,KEI26FEB3650CE,0.0,0.0,0.0,980.3,980.3,980.3,4607.0,960.3,875,0,0,0.0,0,F1,175,,,,,
2026-02-18,2026-02-18,FO,NSE,STO,125824,,KEI,,2026-02-24,2026-02-24,3750.0,PE,KEI26FEB3750PE,1.6,1.6,1.6,1.6,1.6,4.0,4607.0,0.05,5775,0,1,656530.0,1,F1,175,,,,,
2026-02-18,2026-02-18,FO,NSE,STO,110697,,KEI,,2026-02-24,2026-02-24,3300.0,PE,KEI26FEB3300PE,0.0,0.0,0.0,1.25,1.2,1.25,4607.0,0.05,4200,0,0,0.0,0,F1,175,,,,,
2026-02-18,2026-02-18,FO,NSE,STO,36488,,KEI,,2026-04-28,2026-04-28,5100.0,CE,KEI26APR5100CE,0.0,0.0,0.0,57.65,0.0,57.65,4607.0,138.85,0,0,0,0.0,0,F1,175,,,,,
2026-02-18,2026-02-18,FO,NSE,STO,110801,,KEI,,2026-02-24,2026-02-24,4700.0,CE,KEI26FEB4700CE,33.6,54.45,24.2,32.25,29.0,33.6,4607.0,32.25,59325,6125,971,804727901.25,816,F1,175,,,,,
2026-02-18,2026-02-18,FO,NSE,STO,110732,,KEI,,2026-02-24,2026-02-24,3900.0,CE,KEI26FEB3900CE,0.0,0.0,0.0,656.4,656.4,656.4,4607.0,710.55,8225,0,0,0.0,0,F1,175,,,,,
2026-02-18,2026-02-18,FO,NSE,STO,36489,,KEI,,2026-04-28,2026-04-28,5100.0,PE,KEI26APR5100PE,0.0,0.0,0.0,1201.3,0.0,1201.3,4607.0,579.1,0,0,0,0.0,0,F1,175,,,,,
2026-02-18,2026-02-18,FO,NSE,STO,125928,,KEI,,2026-03-30,2026-03-30,4000.0,PE,KEI26MAR4000PE,0.0,0.0,0.0,197.05,0.0,197.05,4607.0,29.65,0,0,0,0.0,0,F1,175,,,,,
2026-02-18,2026-02-18,FO,NSE,STO,133320,,KEI,,2026-03-30,2026-03-30,3950.0,PE,KEI26MAR3950PE,0.0,0.0,0.0,336.0,0.0,336.0,4607.0,23.8,0,0,0,0.0,0,F1,175,,,,,
2026-02-18,2026-02-18,FO,NSE,STO,125847,,KEI,,2026-02-24,2026-02-24,4750.0,PE,KEI26FEB4750PE,0.0,0.0,0.0,524.05,0.0,524.05,4607.0,174.9,0,0,0,0.0,0,F1,175,,,,,
2026-02-18,2026-02-18,FO,NSE,STO,125843,,KEI,,2026-02-24,2026-02-24,4550.0,PE,KEI26FEB4550PE,63.15,63.15,29.65,31.45,31.6,60.15,4607.0,31.45,8050,-3500,258,207387241.25,191,F1,175,,,,,
2026-02-18,2026-02-18,FO,NSE,STO,125833,,KEI,,2026-02-24,2026-02-24,4050.0,PE,KEI26FEB4050PE,0.0,0.0,0.0,5.1,5.1,5.1,4607.0,0.2,17325,0,0,0.0,0,F1,175,,,,,
2026-02-18,2026-02-18,FO,NSE,STO,125943,,KEI,,2026-03-30,2026-03-30,4500.0,PE,KEI26MAR4500PE,160.8,168.0,141.3,145.7,150.0,165.7,4607.0,145.7,7875,1575,33,26903047.5,27,F1,175,,,,,
2026-02-18,2026-02-18,FO,NSE,STO,125905,,KEI,,2026-03-30,2026-03-30,3300.0,PE,KEI26MAR3300PE,0.0,0.0,0.0,37.1,0.0,37.1,4607.0,0.4,0,0,0,0.0,0,F1,175,,,,,
2026-02-18,2026-02-18,FO,NSE,STO,110841,,KEI,,2026-02-24,2026-02-24,4900.0,PE,KEI26FEB4900PE,0.0,0.0,0.0,270.6,270.6,270.6,4607.0,299.45,1050,0,0,0.0,0,F1,175,,,,,
2026-02-18,2026-02-18,FO,NSE,STO,110800,,KEI,,2026-02-24,2026-02-24,4600.0,PE,KEI26FEB4600PE,87.35,87.35,47.0,50.2,52.8,83.2,4607.0,50.2,19950,5950,410,334530971.25,332,F1,175,,,,,
2026-02-18,2026-02-18,FO,NSE,STO,133688,,KEI,,2026-04-28,2026-04-28,5200.0,CE,KEI26APR5200CE,0.0,0.0,0.0,41.0,0.0,41.0,4607.0,115.1,0,0,0,0.0,0,F1,175,,,,,
2026-02-18,2026-02-18,FO,NSE,STO,133406,,KEI,,2026-03-30,2026-03-30,4650.0,CE,KEI26MAR4650CE,0.0,0.0,0.0,59.35,0.0,59.35,4607.0,218.9,0,0,0,0.0,0,F1,175,,,,,
2026-02-18,2026-02-18,FO,NSE,STO,125940,,KEI,,2026-03-30,2026-03-30,4400.0,CE,KEI26MAR4400CE,0.0,0.0,0.0,393.35,0.0,393.35,4607.0,356.3,0,0,0,0.0,0,F1,175,,,,,
2026-02-18,2026-02-18,FO,NSE,STO,125934,,KEI,,2026-03-30,2026-03-30,4100.0,CE,KEI26MAR4100CE,0.0,0.0,0.0,548.65,0.0,548.65,4607.0,576.3,0,0,0,0.0,0,F1,175,,,,,
2026-02-18,2026-02-18,FO,NSE,STO,125927,,KEI,,2026-03-30,2026-03-30,4000.0,CE,KEI26MAR4000CE,0.0,0.0,0.0,608.8,0.0,608.8,4607.0,660.7,0,0,0,0.0,0,F1,175,,,,,
2026-02-18,2026-02-18,FO,NSE,STO,125921,,KEI,,2026-03-30,2026-03-30,3700.0,CE,KEI26MAR3700CE,845.95,845.95,845.95,845.95,845.95,858.05,4607.0,935.9,1750,-175,1,795541.25,1,F1,175,,,,,
2026-02-18,2026-02-18,FO,NSE,STO,125844,,KEI,,2026-02-24,2026-02-24,4650.0,CE,KEI26FEB4650CE,54.0,75.95,38.55,47.8,45.0,49.65,4607.0,47.8,32725,4200,552,454504251.25,500,F1,175,,,,,
2026-02-18,2026-02-18,FO,NSE,STO,110728,,KEI,,2026-02-24,2026-02-24,3700.0,CE,KEI26FEB3700CE,0.0,0.0,0.0,357.1,357.1,357.1,4607.0,910.35,2975,0,0,0.0,0,F1,175,,,,,
2026-02-18,2026-02-18,FO,NSE,STO,110647,,KEI,,2026-02-24,2026-02-24,3200.0,CE,KEI26FEB3200CE,0.0,0.0,0.0,559.1,559.1,559.1,4607.0,1409.9,175,0,0,0.0,0,F1,175,,,,,
2026-02-18,2026-02-18,FO,NSE,STO,133288,,KEI,,2026-03-30,2026-03-30,3850.0,PE,KEI26MAR3850PE,0.0,0.0,0.0,279.9,0.0,279.9,4607.0,14.85,0,0,0,0.0,0,F1,175,,,,,
2026-02-18,2026-02-18,FO,NSE,STO,133673,,KEI,,2026-04-28,2026-04-28,4400.0,PE,KEI26APR4400PE,0.0,0.0,0.0,682.65,0.0,682.65,4607.0,179.6,0,0,0,0.0,0,F1,175,,,,,
2026-02-18,2026-02-18,FO,NSE,STO,133669,,KEI,,2026-04-28,2026-04-28,4200.0,PE,KEI26APR4200PE,0.0,0.0,0.0,540.1,0.0,540.1,4607.0,112.1,0,0,0,0.0,0,F1,175,,,,,
2026-02-18,2026-02-18,FO,NSE,STO,133464,,KEI,,2026-04-28,2026-04-28,3200.0,PE,KEI26APR3200PE,0.0,0.0,0.0,84.2,0.0,84.2,4607.0,2.15,0,0,0,0.0,0,F1,175,,,,,
2026-02-18,2026-02-18,FO,NSE,STO,125955,,KEI,,2026-03-30,2026-03-30,5100.0,PE,KEI26MAR5100PE,0.0,0.0,0.0,834.4,0.0,834.4,4607.0,536.65,0,0,0,0.0,0,F1,175,,,,,
2026-02-18,2026-02-18,FO,NSE,STO,133413,,KEI,,2026-03-30,2026-03-30,4850.0,PE,KEI26MAR4850PE,0.0,0.0,0.0,1032.2,0.0,1032.2,4607.0,353.65,0,0,0,0.0,0,F1,175,,,,,
2026-02-18,2026-02-18,FO,NSE,STO,125947,,KEI,,2026-03-30,2026-03-30,4700.0,PE,KEI26MAR4700PE,0.0,0.0,0.0,551.75,0.0,551.75,4607.0,261.4,0,0,0,0.0,0,F1,175,,,,,
2026-02-18,2026-02-18,FO,NSE,STO,133409,,KEI,,2026-03-30,2026-03-30,4750.0,PE,KEI26MAR4750PE,0.0,0.0,0.0,942.8,0.0,942.8,4607.0,290.55,0,0,0,0.0,0,F1,175,,,,,
2026-02-18,2026-02-18,FO,NSE,STO,133661,,KEI,,2026-04-28,2026-04-28,3800.0,PE,KEI26APR3800PE,0.0,0.0,0.0,302.4,0.0,302.4,4607.0,33.5,0,0,0,0.0,0,F1,175,,,,,
2026-02-18,2026-02-18,FO,NSE,STO,133663,,KEI,,2026-04-28,2026-04-28,3900.0,PE,KEI26APR3900PE,0.0,0.0,0.0,355.3,0.0,355.3,4607.0,47.1,0,0,0,0.0,0,F1,175,,,,,
2026-02-18,2026-02-18,FO,NSE,STO,125838,,KEI,,2026-02-24,2026-02-24,4350.0,CE,KEI26FEB4350CE,0.0,0.0,0.0,247.9,247.9,247.9,4607.0,272.3,6825,0,0,0.0,0,F1,175,,,,,
2026-02-18,2026-02-18,FO,NSE,STO,125852,,KEI,,2026-02-24,2026-02-24,5050.0,CE,KEI26FEB5050CE,0.0,0.0,0.0,99.25,0.0,99.25,4607.0,2.5,0,0,0,0.0,0,F1,175,,,,,
2026-02-18,2026-02-18,FO,NSE,STO,125942,,KEI,,2026-03-30,2026-03-30,4500.0,CE,KEI26MAR4500CE,224.0,228.55,223.6,225.3,225.3,230.0,4607.0,296.1,1750,1400,10,8269345.0,10,F1,175,,,,,
2026-02-18,2026-02-18,FO,NSE,STO,133402,,KEI,,2026-03-30,2026-03-30,4550.0,CE,KEI26MAR4550CE,0.0,0.0,0.0,73.45,0.0,73.45,4607.0,268.6,0,0,0,0.0,0,F1,175,,,,,
2026-02-18,2026-02-18,FO,NSE,STO,125946,,KEI,,2026-03-30,2026-03-30,4700.0,CE,KEI26MAR4700CE,0.0,0.0,0.0,273.85,0.0,273.85,4607.0,196.65,0,0,0,0.0,0,F1,175,,,,,
2026-02-18,2026-02-18,FO,NSE,STO,133466,,KEI,,2026-04-28,2026-04-28,3300.0,PE,KEI26APR3300PE,0.0,0.0,0.0,109.05,0.0,109.05,4607.0,3.75,0,0,0,0.0,0,F1,175,,,,,
2026-02-18,2026-02-18,FO,NSE,STO,133412,,KEI,,2026-03-30,2026-03-30,4850.0,CE,KEI26MAR4850CE,0.0,0.0,0.0,38.15,0.0,38.15,4607.0,139.8,0,0,0,0.0,0,F1,175,,,,,
2026-02-18,2026-02-18,FO,NSE,STO,133467,,KEI,,2026-04-28,2026-04-28,3400.0,CE,KEI26APR3400CE,0.0,0.0,0.0,595.5,0.0,595.5,4607.0,1248.4,0,0,0,0.0,0,F1,175,,,,,
2026-02-18,2026-02-18,FO,NSE,STO,133658,,KEI,,2026-04-28,2026-04-28,3700.0,CE,KEI26APR3700CE,0.0,0.0,0.0,416.0,0.0,416.0,4607.0,968.45,0,0,0,0.0,0,F1,175,,,,,
2026-02-18,2026-02-18,FO,NSE,STO,133660,,KEI,,2026-04-28,2026-04-28,3800.0,CE,KEI26APR3800CE,0.0,0.0,0.0,365.8,0.0,365.8,4607.0,879.8,0,0,0,0.0,0,F1,175,,,,,
2026-02-18,2026-02-18,FO,NSE,STO,110699,,KEI,,2026-02-24,2026-02-24,3400.0,PE,KEI26FEB3400PE,0.0,0.0,0.0,3.4,3.4,3.4,4607.0,0.05,3850,0,0,0.0,0,F1,175,,,,,
2026-02-18,2026-02-18,FO,NSE,STO,110729,,KEI,,2026-02-24,2026-02-24,3700.0,PE,KEI26FEB3700PE,0.2,4.95,0.2,1.6,1.6,3.35,4607.0,0.05,14175,-350,20,12957017.5,6,F1,175,,,,,
2026-02-18,2026-02-18,FO,NSE,STO,110796,,KEI,,2026-02-24,2026-02-24,4400.0,PE,KEI26FEB4400PE,15.0,16.5,8.45,9.1,9.25,18.75,4607.0,9.1,67900,8050,704,543621793.75,469,F1,175,,,,,
2026-02-18,2026-02-18,FO,NSE,STO,125845,,KEI,,2026-02-24,2026-02-24,4650.0,PE,KEI26FEB4650PE,120.0,120.0,71.55,73.05,78.65,120.0,4607.0,73.05,6475,4900,71,58803045.0,59,F1,175,,,,,
2026-02-18,2026-02-18,FO,NSE,STO,110843,,KEI,,2026-02-24,2026-02-24,5000.0,PE,KEI26FEB5000PE,0.0,0.0,0.0,970.45,0.0,970.45,4607.0,392.65,0,0,0,0.0,0,F1,175,,,,,
2026-02-18,2026-02-18,FO,NSE,STO,133286,,KEI,,2026-03-30,2026-03-30,3750.0,PE,KEI26MAR3750PE,12.85,13.4,5.6,9.5,5.6,108.0,4607.0,9.5,1925,0,4,2632822.5,3,F1,175,,,,,
2026-02-18,2026-02-18,FO,NSE,STO,133407,,KEI,,2026-03-30,2026-03-30,4650.0,PE,KEI26MAR4650PE,0.0,0.0,0.0,303.65,303.65,303.65,4607.0,233.95,350,0,0,0.0,0,F1,175,,,,,
2026-02-18,2026-02-18,FO,NSE,STO,110846,,KEI,,2026-02-24,2026-02-24,5200.0,CE,KEI26FEB5200CE,0.0,0.0,0.0,3.95,3.95,3.95,4607.0,0.45,1050,0,0,0.0,0,F1,175,,,,,
2026-02-18,2026-02-18,FO,NSE,STO,110795,,KEI,,2026-02-24,2026-02-24,4400.0,CE,KEI26FEB4400CE,241.0,241.0,193.7,217.8,217.8,204.1,4607.0,229.4,6650,-1225,18,14556438.75,18,F1,175,,,,,
2026-02-18,2026-02-18,FO,NSE,STO,110753,,KEI,,2026-02-24,2026-02-24,4100.0,CE,KEI26FEB4100CE,0.0,0.0,0.0,398.9,398.9,398.9,4607.0,511.15,16275,0,0,0.0,0,F1,175,,,,,
2026-02-18,2026-02-18,FO,NSE,STO,125810,,KEI,,2026-02-24,2026-02-24,3350.0,CE,KEI26FEB3350CE,0.0,0.0,0.0,684.2,684.15,684.2,4607.0,1260.05,1225,0,0,0.0,0,F1,175,,,,,
2026-02-18,2026-02-18,FO,NSE,STF,66878,,KEI,,2026-04-28,2026-04-28,,,KEI26APRFUT,4559.1,4576.6,4517.0,4537.4,4537.4,4515.7,4607.0,4655.1,6825,1050,17,13539155.0,17,F1,175,,,,,
2026-02-18,2026-02-18,FO,NSE,STO,133667,,KEI,,2026-04-28,2026-04-28,4100.0,PE,KEI26APR4100PE,0.0,0.0,0.0,474.4,0.0,474.4,4607.0,85.9,0,0,0,0.0,0,F1,175,,,,,
2026-02-18,2026-02-18,FO,NSE,STO,133646,,KEI,,2026-04-28,2026-04-28,3500.0,PE,KEI26APR3500PE,0.0,0.0,0.0,171.95,0.0,171.95,4607.0,10.05,0,0,0,0.0,0,F1,175,,,,,
2026-02-18,2026-02-18,FO,NSE,STO,125941,,KEI,,2026-03-30,2026-03-30,4400.0,PE,KEI26MAR4400PE,114.95,116.55,99.45,99.45,99.45,131.85,4607.0,99.45,525,350,5,3945445.0,5,F1,175,,,,,
2026-02-18,2026-02-18,FO,NSE,STO,110847,,KEI,,2026-02-24,2026-02-24,5200.0,PE,KEI26FEB5200PE,589.55,589.55,584.95,584.95,584.95,1137.5,4607.0,588.75,0,0,4,4051075.0,2,F1,175,,,,,
2026-02-18,2026-02-18,FO,NSE,STO,110802,,KEI,,2026-02-24,2026-02-24,4700.0,PE,KEI26FEB4700PE,120.0,123.3,104.1,108.1,111.45,142.95,4607.0,108.1,3675,875,28,23585415.0,28,F1,175,,,,,
2026-02-18,2026-02-18,FO,NSE,STO,110733,,KEI,,2026-02-24,2026-02-24,3900.0,PE,KEI26FEB3900PE,1.5,2.1,1.5,2.05,2.05,3.2,4607.0,0.05,16450,-1225,8,5462782.5,8,F1,175,,,,,
2026-02-18,2026-02-18,FO,NSE,STO,125815,,KEI,,2026-02-24,2026-02-24,3450.0,PE,KEI26FEB3450PE,0.0,0.0,0.0,2.4,2.4,2.4,4607.0,0.05,10500,0,0,0.0,0,F1,175,,,,,
2026-02-18,2026-02-18,FO,NSE,STO,125923,,KEI,,2026-03-30,2026-03-30,3800.0,CE,KEI26MAR3800CE,0.0,0.0,0.0,741.75,0.0,741.75,4607.0,841.35,0,0,0,0.0,0,F1,175,,,,,
2026-02-18,2026-02-18,FO,NSE,STO,133275,,KEI,,2026-03-30,2026-03-30,3250.0,CE,KEI26MAR3250CE,0.0,0.0,0.0,651.3,0.0,651.3,4607.0,1376.8,0,0,0,0.0,0,F1,175,,,,,
2026-02-18,2026-02-18,FO,NSE,STO,125902,,KEI,,2026-03-30,2026-03-30,3200.0,CE,KEI26MAR3200CE,1346.6,1346.6,1346.6,1346.6,1346.6,1228.95,4607.0,1426.4,175,175,1,795655.0,1,F1,175,,,,,
2026-02-18,2026-02-18,FO,NSE,STO,110701,,KEI,,2026-02-24,2026-02-24,3500.0,PE,KEI26FEB3500PE,0.0,0.0,0.0,1.15,0.85,1.15,4607.0,0.05,9800,0,0,0.0,0,F1,175,,,,,
2026-02-18,2026-02-18,FO,NSE,STO,125849,,KEI,,2026-02-24,2026-02-24,4850.0,PE,KEI26FEB4850PE,0.0,0.0,0.0,365.35,365.35,365.35,4607.0,255.35,350,0,0,0.0,0,F1,175,,,,,
2026-02-18,2026-02-18,FO,NSE,STO,125853,,KEI,,2026-02-24,2026-02-24,5050.0,PE,KEI26FEB5050PE,0.0,0.0,0.0,504.0,504.0,504.0,4607.0,440.9,1575,0,0,0.0,0,F1,175,,,,,
2026-02-18,2026-02-18,FO,NSE,STO,110845,,KEI,,2026-02-24,2026-02-24,5100.0,PE,KEI26FEB5100PE,0.0,0.0,0.0,1053.0,0.0,1053.0,4607.0,489.8,0,0,0,0.0,0,F1,175,,,,,
2026-02-18,2026-02-18,FO,NSE,STO,133278,,KEI,,2026-03-30,2026-03-30,3350.0,PE,KEI26MAR3350PE,0.0,0.0,0.0,84.85,0.0,84.85,4607.0,0.6,0,0,0,0.0,0,F1,175,,,,,
2026-02-18,2026-02-18,FO,NSE,STO,125907,,KEI,,2026-03-30,2026-03-30,3400.0,PE,KEI26MAR3400PE,0.0,0.0,0.0,49.8,0.0,49.8,4607.0,0.9,0,0,0,0.0,0,F1,175,,,,,
2026-02-18,2026-02-18,FO,NSE,STO,133280,,KEI,,2026-03-30,2026-03-30,3450.0,PE,KEI26MAR3450PE,0.0,0.0,0.0,112.5,0.0,112.5,4607.0,1.35,0,0,0,0.0,0,F1,175,,,,,
2026-02-18,2026-02-18,FO,NSE,STO,133384,,KEI,,2026-03-30,2026-03-30,4150.0,PE,KEI26MAR4150PE,0.0,0.0,0.0,463.75,0.0,463.75,4607.0,54.0,0,0,0,0.0,0,F1,175,,,,,
2026-02-18,2026-02-18,FO,NSE,STO,133399,,KEI,,2026-03-30,2026-03-30,4350.0,PE,KEI26MAR4350PE,0.0,0.0,0.0,609.95,0.0,609.95,4607.0,105.9,0,0,0,0.0,0,F1,175,,,,,
2026-02-18,2026-02-18,FO,NSE,STF,59395,,KEI,,2026-02-24,2026-02-24,,,KEI26FEBFUT,4569.8,4648.0,4569.8,4622.3,4615.1,4583.8,4607.0,4622.3,1575875,-61075,2292,1846968550.0,1749,F1,175,,,,,
2026-02-18,2026-02-18,FO,NSE,STO,125808,,KEI,,2026-02-24,2026-02-24,3250.0,CE,KEI26FEB3250CE,0.0,0.0,0.0,1144.05,0.0,1144.05,4607.0,1359.95,0,0,0,0.0,0,F1,175,,,,,
2026-02-18,2026-02-18,FO,NSE,STO,125814,,KEI,,2026-02-24,2026-02-24,3450.0,CE,KEI26FEB3450CE,0.0,0.0,0.0,1140.15,1140.15,1140.15,4607.0,1160.1,525,0,0,0.0,0,F1,175,,,,,
2026-02-18,2026-02-18,FO,NSE,STO,133685,,KEI,,2026-04-28,2026-04-28,4900.0,PE,KEI26APR4900PE,0.0,0.0,0.0,1088.75,0.0,1088.75,4607.0,440.75,0,0,0,0.0,0,F1,175,,,,,
2026-02-18,2026-02-18,FO,NSE,STO,133671,,KEI,,2026-04-28,2026-04-28,4300.0,PE,KEI26APR4300PE,0.0,0.0,0.0,609.55,0.0,609.55,4607.0,143.25,0,0,0,0.0,0,F1,175,,,,,
2026-02-18,2026-02-18,FO,NSE,STO,110758,,KEI,,2026-02-24,2026-02-24,4300.0,CE,KEI26FEB4300CE,315.0,315.0,315.0,315.0,315.0,294.5,4607.0,317.6,16450,-525,3,2422875.0,1,F1,175,,,,,
2026-02-18,2026-02-18,FO,NSE,STO,110803,,KEI,,2026-02-24,2026-02-24,4800.0,CE,KEI26FEB4800CE,16.0,25.2,10.0,11.65,10.5,16.0,4607.0,11.65,62475,11550,478,402814702.5,432,F1,175,,,,,
2026-02-18,2026-02-18,FO,NSE,STO,125848,,KEI,,2026-02-24,2026-02-24,4850.0,CE,KEI26FEB4850CE,13.9,13.9,6.45,6.65,6.5,11.1,4607.0,6.65,11375,2625,60,51019386.25,53,F1,175,,,,,
2026-02-18,2026-02-18,FO,NSE,STO,110844,,KEI,,2026-02-24,2026-02-24,5100.0,CE,KEI26FEB5100CE,3.35,3.55,2.15,2.15,2.15,3.9,4607.0,2.15,9625,350,16,14287332.5,16,F1,175,,,,,
2026-02-18,2026-02-18,FO,NSE,STO,125904,,KEI,,2026-03-30,2026-03-30,3300.0,CE,KEI26MAR3300CE,0.0,0.0,0.0,1217.85,1216.85,1217.85,4607.0,1327.25,0,0,0,0.0,0,F1,175,,,,,
2026-02-18,2026-02-18,FO,NSE,STO,133279,,KEI,,2026-03-30,2026-03-30,3450.0,CE,KEI26MAR3450CE,0.0,0.0,0.0,503.8,0.0,503.8,4607.0,1179.05,0,0,0,0.0,0,F1,175,,,,,
2026-02-18,2026-02-18,FO,NSE,STO,125950,,KEI,,2026-03-30,2026-03-30,4900.0,CE,KEI26MAR4900CE,0.0,0.0,0.0,211.85,0.0,211.85,4607.0,124.0,0,0,0,0.0,0,F1,175,,,,,
2026-02-18,2026-02-18,FO,NSE,STO,133676,,KEI,,2026-04-28,2026-04-28,4600.0,CE,KEI26APR4600CE,0.0,0.0,0.0,113.25,0.0,113.25,4607.0,323.0,0,0,0,0.0,0,F1,175,,,,,
2026-02-18,2026-02-18,FO,NSE,STO,125813,,KEI,,2026-02-24,2026-02-24,3350.0,PE,KEI26FEB3350PE,0.0,0.0,0.0,1.9,1.9,1.9,4607.0,0.05,350,0,0,0.0,0,F1,175,,,,,
2026-02-18,2026-02-18,FO,NSE,STO,133668,,KEI,,2026-04-28,2026-04-28,4200.0,CE,KEI26APR4200CE,0.0,0.0,0.0,209.6,0.0,209.6,4607.0,562.55,0,0,0,0.0,0,F1,175,,,,,
2026-02-18,2026-02-18,FO,NSE,STO,133666,,KEI,,2026-04-28,2026-04-28,4100.0,CE,KEI26APR4100CE,0.0,0.0,0.0,242.4,0.0,242.4,4607.0,635.35,0,0,0,0.0,0,F1,175,,,,,
2026-02-18,2026-02-18,FO,NSE,STO,125936,,KEI,,2026-03-30,2026-03-30,4200.0,CE,KEI26MAR4200CE,0.0,0.0,0.0,492.75,0.0,492.75,4607.0,496.95,0,0,0,0.0,0,F1,175,,,,,
2026-02-18,2026-02-18,FO,NSE,STO,125925,,KEI,,2026-03-30,2026-03-30,3900.0,CE,KEI26MAR3900CE,675.7,675.7,674.35,674.35,674.35,673.25,4607.0,749.35,875,875,5,4003265.0,2,F1,175,,,,,
2026-02-18,2026-02-18,FO,NSE,STO,125906,,KEI,,2026-03-30,2026-03-30,3400.0,CE,KEI26MAR3400CE,0.0,0.0,0.0,1111.7,1111.7,1111.7,4607.0,1228.35,0,0,0,0.0,0,F1,175,,,,,
2026-02-18,2026-02-18,FO,NSE,STO,110730,,KEI,,2026-02-24,2026-02-24,3800.0,CE,KEI26FEB3800CE,0.0,0.0,0.0,824.2,824.2,824.2,4607.0,810.45,14175,0,0,0.0,0,F1,175,,,,,
2026-02-18,2026-02-18,FO,NSE,STO,110700,,KEI,,2026-02-24,2026-02-24,3500.0,CE,KEI26FEB3500CE,0.0,0.0,0.0,314.95,314.95,314.95,4607.0,1110.15,350,0,0,0.0,0,F1,175,,,,,
2026-02-18,2026-02-18,FO,NSE,STO,133682,,KEI,,2026-04-28,2026-04-28,4900.0,CE,KEI26APR4900CE,0.0,0.0,0.0,69.0,0.0,69.0,4607.0,198.45,0,0,0,0.0,0,F1,175,,,,,
2026-02-18,2026-02-18,FO,NSE,STO,133677,,KEI,,2026-04-28,2026-04-28,4600.0,PE,KEI26APR4600PE,0.0,0.0,0.0,837.6,0.0,837.6,4607.0,268.4,0,0,0,0.0,0,F1,175,,,,,
2026-02-18,2026-02-18,FO,NSE,STO,133675,,KEI,,2026-04-28,2026-04-28,4500.0,PE,KEI26APR4500PE,0.0,0.0,0.0,758.75,0.0,758.75,4607.0,221.3,0,0,0,0.0,0,F1,175,,,,,
2026-02-18,2026-02-18,FO,NSE,STO,110759,,KEI,,2026-02-24,2026-02-24,4300.0,PE,KEI26FEB4300PE,7.95,8.1,5.05,5.4,5.2,9.9,4607.0,5.4,123725,-1925,448,337636696.25,435,F1,175,,,,,
2026-02-18,2026-02-18,FO,NSE,STO,110752,,KEI,,2026-02-24,2026-02-24,4000.0,PE,KEI26FEB4000PE,2.95,3.35,2.6,2.6,2.6,4.4,4607.0,2.6,19600,-700,19,13309843.75,19,F1,175,,,,,
2026-02-18,2026-02-18,FO,NSE,STO,110731,,KEI,,2026-02-24,2026-02-24,3800.0,PE,KEI26FEB3800PE,0.0,0.0,0.0,2.35,2.35,2.35,4607.0,0.05,64750,0,0,0.0,0,F1,175,,,,,
2026-02-18,2026-02-18,FO,NSE,STO,125944,,KEI,,2026-03-30,2026-03-30,4600.0,CE,KEI26MAR4600CE,165.0,198.0,155.0,181.8,166.15,162.7,4607.0,181.8,4725,-175,14,11704245.0,10,F1,175,,,,,
2026-02-18,2026-02-18,FO,NSE,STO,125821,,KEI,,2026-02-24,2026-02-24,3750.0,CE,KEI26FEB3750CE,0.0,0.0,0.0,625.0,625.0,625.0,4607.0,860.4,2100,0,0,0.0,0,F1,175,,,,,
2026-02-18,2026-02-18,FO,NSE,STO,125832,,KEI,,2026-02-24,2026-02-24,4050.0,CE,KEI26FEB4050CE,0.0,0.0,0.0,575.2,575.2,575.2,4607.0,560.85,15225,0,0,0.0,0,F1,175,,,,,
2026-02-18,2026-02-18,FO,NSE,STO,110755,,KEI,,2026-02-24,2026-02-24,4200.0,CE,KEI26FEB4200CE,0.0,0.0,0.0,445.0,445.0,445.0,4607.0,412.75,3325,0,0,0.0,0,F1,175,,,,,
2026-02-18,2026-02-18,FO,NSE,STO,125836,,KEI,,2026-02-24,2026-02-24,4250.0,CE,KEI26FEB4250CE,0.0,0.0,0.0,201.25,201.25,201.25,4607.0,364.6,4200,0,0,0.0,0,F1,175,,,,,
2026-02-18,2026-02-18,FO,NSE,STO,125842,,KEI,,2026-02-24,2026-02-24,4550.0,CE,KEI26FEB4550CE,100.0,132.45,88.0,104.35,101.75,94.1,4607.0,104.35,7350,-2450,44,35849030.0,42,F1,175,,,,,
2026-02-18,2026-02-18,FO,NSE,STO,110805,,KEI,,2026-02-24,2026-02-24,4900.0,CE,KEI26FEB4900CE,8.3,11.55,4.45,5.0,4.45,8.3,4607.0,5.0,35525,0,100,85874897.5,93,F1,175,,,,,
2026-02-18,2026-02-18,FO,NSE,STO,133277,,KEI,,2026-03-30,2026-03-30,3350.0,CE,KEI26MAR3350CE,0.0,0.0,0.0,575.05,0.0,575.05,4607.0,1277.75,0,0,0,0.0,0,F1,175,,,,,
2026-02-18,2026-02-18,FO,NSE,STO,133383,,KEI,,2026-03-30,2026-03-30,4150.0,CE,KEI26MAR4150CE,0.0,0.0,0.0,162.35,0.0,162.35,4607.0,535.9,0,0,0,0.0,0,F1,175,,,,,
2026-02-18,2026-02-18,FO,NSE,STO,125956,,KEI,,2026-03-30,2026-03-30,5200.0,CE,KEI26MAR5200CE,0.0,0.0,0.0,141.6,0.0,141.6,4607.0,56.45,0,0,0,0.0,0,F1,175,,,,,
2026-02-18,2026-02-18,FO,NSE,STO,133680,,KEI,,2026-04-28,2026-04-28,4800.0,CE,KEI26APR4800CE,0.0,0.0,0.0,81.6,0.0,81.6,4607.0,235.0,0,0,0,0.0,0,F1,175,,,,,
2026-02-18,2026-02-18,FO,NSE,STO,133387,,KEI,,2026-03-30,2026-03-30,4250.0,CE,KEI26MAR4250CE,0.0,0.0,0.0,134.3,0.0,134.3,4607.0,459.4,0,0,0,0.0,0,F1,175,,,,,
2026-02-18,2026-02-18,FO,NSE,STO,133398,,KEI,,2026-03-30,2026-03-30,4350.0,CE,KEI26MAR4350CE,308.2,308.2,308.2,308.2,308.2,110.65,4607.0,389.05,525,525,3,2445555.0,2,F1,175,,,,,
2026-02-18,2026-02-18,FO,NSE,STO,125948,,KEI,,2026-03-30,2026-03-30,4800.0,CE,KEI26MAR4800CE,0.0,0.0,0.0,241.2,0.0,241.2,4607.0,157.15,0,0,0,0.0,0,F1,175,,,,,
2026-02-18,2026-02-18,FO,NSE,STO,133465,,KEI,,2026-04-28,2026-04-28,3300.0,CE,KEI26APR3300CE,0.0,0.0,0.0,664.8,0.0,664.8,4607.0,1344.85,0,0,0,0.0,0,F1,175,,,,,
2026-02-18,2026-02-18,FO,NSE,STO,133647,,KEI,,2026-04-28,2026-04-28,3600.0,CE,KEI26APR3600CE,0.0,0.0,0.0,471.0,0.0,471.0,4607.0,1059.75,0,0,0,0.0,0,F1,175,,,,,
2026-02-18,2026-02-18,FO,NSE,STO,125817,,KEI,,2026-02-24,2026-02-24,3550.0,PE,KEI26FEB3550PE,0.15,2.0,0.15,2.0,2.0,5.0,4607.0,0.05,2275,0,12,7457257.5,2,F1,175,,,,,
2026-02-18,2026-02-18,FO,NSE,STO,125827,,KEI,,2026-02-24,2026-02-24,3850.0,PE,KEI26FEB3850PE,0.0,0.0,0.0,4.95,4.95,4.95,4607.0,0.05,13300,0,0,0.0,0,F1,175,,,,,
2026-02-18,2026-02-18,FO,NSE,STO,133388,,KEI,,2026-03-30,2026-03-30,4250.0,PE,KEI26MAR4250PE,0.0,0.0,0.0,534.65,0.0,534.65,4607.0,76.85,0,0,0,0.0,0,F1,175,,,,,
2026-02-18,2026-02-18,FO,NSE,STO,125945,,KEI,,2026-03-30,2026-03-30,4600.0,PE,KEI26MAR4600PE,200.65,206.6,200.0,200.0,200.0,234.1,4607.0,208.2,4725,700,8,6721706.25,8,F1,175,,,,,
2026-02-18,2026-02-18,FO,NSE,STO,125951,,KEI,,2026-03-30,2026-03-30,4900.0,PE,KEI26MAR4900PE,0.0,0.0,0.0,686.8,0.0,686.8,4607.0,387.55,0,0,0,0.0,0,F1,175,,,,,
2026-02-18,2026-02-18,FO,NSE,STO,133429,,KEI,,2026-03-30,2026-03-30,4950.0,PE,KEI26MAR4950PE,0.0,0.0,0.0,1123.4,0.0,1123.4,4607.0,422.85,0,0,0,0.0,0,F1,175,,,,,
2026-02-18,2026-02-18,FO,NSE,STO,133657,,KEI,,2026-04-28,2026-04-28,3600.0,PE,KEI26APR3600PE,0.0,0.0,0.0,210.65,0.0,210.65,4607.0,15.5,0,0,0,0.0,0,F1,175,,,,,
2026-02-18,2026-02-18,FO,NSE,STO,125816,,KEI,,2026-02-24,2026-02-24,3550.0,CE,KEI26FEB3550CE,0.0,0.0,0.0,288.1,288.1,288.1,4607.0,1060.2,350,0,0,0.0,0,F1,175,,,,,
2026-02-18,2026-02-18,FO,NSE,STO,110734,,KEI,,2026-02-24,2026-02-24,4000.0,CE,KEI26FEB4000CE,589.6,630.25,582.7,614.0,614.0,502.0,4607.0,610.7,25900,-1050,8,6451270.0,8,F1,175,,,,,
2026-02-18,2026-02-18,FO,NSE,STO,125834,,KEI,,2026-02-24,2026-02-24,4150.0,CE,KEI26FEB4150CE,449.0,449.0,449.0,449.0,449.0,435.0,4607.0,461.75,2625,-175,1,804825.0,1,F1,175,,,,,
2026-02-18,2026-02-18,FO,NSE,STO,110799,,KEI,,2026-02-24,2026-02-24,4600.0,CE,KEI26FEB4600CE,66.5,103.0,56.5,74.55,65.55,69.1,4607.0,74.55,42525,-17850,1574,1287994032.5,1264,F1,175,,,,,
2026-02-18,2026-02-18,FO,NSE,STO,110696,,KEI,,2026-02-24,2026-02-24,3300.0,CE,KEI26FEB3300CE,0.0,0.0,0.0,1287.25,1287.25,1287.25,4607.0,1310.0,1925,0,0,0.0,0,F1,175,,,,,
2026-02-18,2026-02-18,FO,NSE,STO,133475,,KEI,,2026-04-28,2026-04-28,3500.0,CE,KEI26APR3500CE,0.0,0.0,0.0,530.75,0.0,530.75,4607.0,1153.25,0,0,0,0.0,0,F1,175,,,,,
2026-02-18,2026-02-18,FO,NSE,STO,133689,,KEI,,2026-04-28,2026-04-28,5200.0,PE,KEI26APR5200PE,0.0,0.0,0.0,1356.2,0.0,1356.2,4607.0,654.3,0,0,0,0.0,0,F1,175,,,,,
2026-02-18,2026-02-18,FO,NSE,STO,133382,,KEI,,2026-03-30,2026-03-30,4050.0,PE,KEI26MAR4050PE,0.0,0.0,0.0,397.4,0.0,397.4,4607.0,36.55,0,0,0,0.0,0,F1,175,,,,,
2026-02-18,2026-02-18,FO,NSE,STO,133282,,KEI,,2026-03-30,2026-03-30,3550.0,PE,KEI26MAR3550PE,0.0,0.0,0.0,145.65,0.0,145.65,4607.0,2.65,0,0,0,0.0,0,F1,175,,,,,
2026-02-18,2026-02-18,FO,NSE,STO,133276,,KEI,,2026-03-30,2026-03-30,3250.0,PE,KEI26MAR3250PE,0.0,0.0,0.0,62.1,0.0,62.1,4607.0,0.25,0,0,0,0.0,0,F1,175,,,,,
2026-02-18,2026-02-18,FO,NSE,STO,110804,,KEI,,2026-02-24,2026-02-24,4800.0,PE,KEI26FEB4800PE,0.0,0.0,0.0,309.55,309.55,309.55,4607.0,213.65,2100,0,0,0.0,0,F1,175,,,,,
2026-02-18,2026-02-18,FO,NSE,STO,125841,,KEI,,2026-02-24,2026-02-24,4450.0,PE,KEI26FEB4450PE,16.9,23.75,11.75,12.8,13.0,27.95,4607.0,12.8,19075,4375,97,75854808.75,88,F1,175,,,,,
2026-02-18,2026-02-18,FO,NSE,STO,125850,,KEI,,2026-02-24,2026-02-24,4950.0,CE,KEI26FEB4950CE,0.0,0.0,0.0,5.35,5.35,5.35,4607.0,6.85,3500,0,0,0.0,0,F1,175,,,,,
2026-02-18,2026-02-18,FO,NSE,STO,133319,,KEI,,2026-03-30,2026-03-30,3950.0,CE,KEI26MAR3950CE,0.0,0.0,0.0,232.5,0.0,232.5,4607.0,704.55,0,0,0,0.0,0,F1,175,,,,,
2026-02-18,2026-02-18,FO,NSE,STO,133408,,KEI,,2026-03-30,2026-03-30,4750.0,CE,KEI26MAR4750CE,0.0,0.0,0.0,47.7,0.0,47.7,4607.0,176.1,0,0,0,0.0,0,F1,175,,,,,
2026-02-18,2026-02-18,FO,NSE,STO,133679,,KEI,,2026-04-28,2026-04-28,4700.0,PE,KEI26APR4700PE,0.0,0.0,0.0,919.1,0.0,919.1,4607.0,320.8,0,0,0,0.0,0,F1,175,,,,,
2026-02-18,2026-02-18,FO,NSE,STO,133665,,KEI,,2026-04-28,2026-04-28,4000.0,PE,KEI26APR4000PE,0.0,0.0,0.0,412.7,0.0,412.7,4607.0,64.4,0,0,0,0.0,0,F1,175,,,,,
2026-02-18,2026-02-18,FO,NSE,STO,133474,,KEI,,2026-04-28,2026-04-28,3400.0,PE,KEI26APR3400PE,0.0,0.0,0.0,138.25,0.0,138.25,4607.0,6.25,0,0,0,0.0,0,F1,175,,,,,
2026-02-18,2026-02-18,FO,NSE,STO,125953,,KEI,,2026-03-30,2026-03-30,5000.0,PE,KEI26MAR5000PE,0.0,0.0,0.0,759.25,0.0,759.25,4607.0,459.55,0,0,0,0.0,0,F1,175,,,,,
2026-02-18,2026-02-18,FO,NSE,STO,125935,,KEI,,2026-03-30,2026-03-30,4100.0,PE,KEI26MAR4100PE,0.0,0.0,0.0,235.45,0.0,235.45,4607.0,44.65,0,0,0,0.0,0,F1,175,,,,,
2026-02-18,2026-02-18,FO,NSE,STO,125922,,KEI,,2026-03-30,2026-03-30,3700.0,PE,KEI26MAR3700PE,0.0,0.0,0.0,10.55,10.55,10.55,4607.0,6.65,1925,0,0,0.0,0,F1,175,,,,,
2026-02-18,2026-02-18,FO,NSE,STO,125851,,KEI,,2026-02-24,2026-02-24,4950.0,PE,KEI26FEB4950PE,341.85,341.85,326.95,326.95,326.95,671.4,4607.0,345.35,0,0,4,3699080.0,2,F1,175,,,,,
2026-02-18,2026-02-18,FO,NSE,STO,125837,,KEI,,2026-02-24,2026-02-24,4250.0,PE,KEI26FEB4250PE,7.7,7.7,4.95,5.4,5.4,8.95,4607.0,5.4,133875,28350,372,277098158.75,257,F1,175,,,,,
2026-02-18,2026-02-18,FO,NSE,STO,125831,,KEI,,2026-02-24,2026-02-24,3950.0,PE,KEI26FEB3950PE,2.55,2.65,2.05,2.25,2.25,3.7,4607.0,0.05,5250,-2450,17,11758101.25,17,F1,175,,,,,
2026-02-18,2026-02-18,FO,NSE,STO,133672,,KEI,,2026-04-28,2026-04-28,4400.0,CE,KEI26APR4400CE,0.0,0.0,0.0,155.2,0.0,155.2,4607.0,432.1,0,0,0,0.0,0,F1,175,,,,,
2026-02-18,2026-02-18,FO,NSE,STO,133463,,KEI,,2026-04-28,2026-04-28,3200.0,CE,KEI26APR3200CE,0.0,0.0,0.0,738.4,0.0,738.4,4607.0,1442.25,0,0,0,0.0,0,F1,175,,,,,
2026-02-18,2026-02-18,FO,NSE,STO,133428,,KEI,,2026-03-30,2026-03-30,4950.0,CE,KEI26MAR4950CE,0.0,0.0,0.0,30.35,0.0,30.35,4607.0,109.6,0,0,0,0.0,0,F1,175,,,,,
2026-02-18,2026-02-18,FO,NSE,STO,133287,,KEI,,2026-03-30,2026-03-30,3850.0,CE,KEI26MAR3850CE,0.0,0.0,0.0,275.4,0.0,275.4,4607.0,795.0,0,0,0,0.0,0,F1,175,,,,,
2026-02-18,2026-02-18,FO,NSE,STO,125840,,KEI,,2026-02-24,2026-02-24,4450.0,CE,KEI26FEB4450CE,200.0,200.0,151.25,178.0,178.0,159.1,4607.0,178.0,7000,-175,13,10534098.75,13,F1,175,,,,,
2026-02-18,2026-02-18,FO,NSE,STO,110797,,KEI,,2026-02-24,2026-02-24,4500.0,CE,KEI26FEB4500CE,126.05,172.6,112.5,136.0,137.65,127.45,4607.0,136.0,21700,-3150,296,240273696.25,225,F1,175,,,,,
2026-02-18,2026-02-18,FO,NSE,STO,125846,,KEI,,2026-02-24,2026-02-24,4750.0,CE,KEI26FEB4750CE,27.75,36.55,15.9,18.05,16.5,22.7,4607.0,18.05,43050,3150,229,191271885.0,196,F1,175,,,,,
2026-02-18,2026-02-18,FO,NSE,STO,125924,,KEI,,2026-03-30,2026-03-30,3800.0,PE,KEI26MAR3800PE,0.0,0.0,0.0,132.95,0.0,132.95,4607.0,11.5,0,0,0,0.0,0,F1,175,,,,,
2026-02-18,2026-02-18,FO,NSE,STO,125939,,KEI,,2026-03-30,2026-03-30,4300.0,PE,KEI26MAR4300PE,0.0,0.0,0.0,324.85,0.0,324.85,4607.0,90.55,0,0,0,0.0,0,F1,175,,,,,
2026-02-18,2026-02-18,FO,NSE,STO,133401,,KEI,,2026-03-30,2026-03-30,4450.0,PE,KEI26MAR4450PE,0.0,0.0,0.0,688.6,0.0,688.6,4607.0,141.6,0,0,0,0.0,0,F1,175,,,,,
2026-02-18,2026-02-18,FO,NSE,STO,125949,,KEI,,2026-03-30,2026-03-30,4800.0,PE,KEI26MAR4800PE,0.0,0.0,0.0,617.65,0.0,617.65,4607.0,321.3,0,0,0,0.0,0,F1,175,,,,,
2026-02-18,2026-02-18,FO,NSE,STO,133681,,KEI,,2026-04-28,2026-04-28,4800.0,PE,KEI26APR4800PE,0.0,0.0,0.0,1002.9,0.0,1002.9,4607.0,378.35,0,0,0,0.0,0,F1,175,,,,,
2026-02-18,2026-02-18,FO,NSE,STO,125915,,KEI,,2026-03-30,2026-03-30,3500.0,PE,KEI26MAR3500PE,0.0,0.0,0.0,65.4,0.0,65.4,4607.0,1.9,0,0,0,0.0,0,F1,175,,,,,
2026-02-18,2026-02-18,FO,NSE,STO,110798,,KEI,,2026-02-24,2026-02-24,4500.0,PE,KEI26FEB4500PE,24.35,38.0,18.9,19.75,19.2,41.1,4607.0,19.75,22575,-12425,596,472298557.5,476,F1,175,,,,,
2026-02-18,2026-02-18,FO,NSE,STO,110757,,KEI,,2026-02-24,2026-02-24,4200.0,PE,KEI26FEB4200PE,5.0,5.6,4.2,4.8,4.95,6.9,4607.0,4.8,30100,3500,81,59602803.75,76,F1,175,,,,,
2026-02-18,2026-02-18,FO,NSE,STO,125835,,KEI,,2026-02-24,2026-02-24,4150.0,PE,KEI26FEB4150PE,3.65,4.85,3.5,4.5,4.45,6.05,4607.0,4.5,5075,-2975,61,44348596.25,53,F1,175,,,,,
2026-02-18,2026-02-18,FO,NSE,STO,125820,,KEI,,2026-02-24,2026-02-24,3650.0,PE,KEI26FEB3650PE,0.1,1.45,0.1,0.15,0.15,3.0,4607.0,0.05,2450,-700,7,4472090.0,3,F1,175,,,,,
2026-02-18,2026-02-18,FO,NSE,STO,125809,,KEI,,2026-02-24,2026-02-24,3250.0,PE,KEI26FEB3250PE,0.0,0.0,0.0,11.5,0.0,11.5,4607.0,0.05,0,0,0,0.0,0,F1,175,,,,,
2026-02-18,2026-02-18,FO,NSE,STO,133662,,KEI,,2026-04-28,2026-04-28,3900.0,CE,KEI26APR3900CE,0.0,0.0,0.0,320.25,0.0,320.25,4607.0,794.4,0,0,0,0.0,0,F1,175,,,,,
2026-02-18,2026-02-18,FO,NSE,STO,133678,,KEI,,2026-04-28,2026-04-28,4700.0,CE,KEI26APR4700CE,0.0,0.0,0.0,96.3,0.0,96.3,4607.0,276.4,0,0,0,0.0,0,F1,175,,,,,
2026-02-18,2026-02-18,FO,NSE,STO,125839,,KEI,,2026-02-24,2026-02-24,4350.0,PE,KEI26FEB4350PE,9.85,11.25,6.5,6.7,6.75,13.5,4607.0,6.7,41300,-8050,296,225771595.0,287,F1,175,,,,,
2026-02-18,2026-02-18,FO,NSE,STO,133284,,KEI,,2026-03-30,2026-03-30,3650.0,PE,KEI26MAR3650PE,0.0,0.0,0.0,86.85,86.85,86.85,4607.0,5.0,525,0,0,0.0,0,F1,175,,,,,
2026-02-18,2026-02-18,FO,NSE,STO,125926,,KEI,,2026-03-30,2026-03-30,3900.0,PE,KEI26MAR3900PE,0.0,0.0,0.0,163.0,0.0,163.0,4607.0,18.9,0,0,0,0.0,0,F1,175,,,,,
2026-02-18,2026-02-18,FO,NSE,STO,133400,,KEI,,2026-03-30,2026-03-30,4450.0,CE,KEI26MAR4450CE,0.0,0.0,0.0,90.35,0.0,90.35,4607.0,325.35,0,0,0,0.0,0,F1,175,,,,,
2026-02-18,2026-02-18,FO,NSE,STO,133379,,KEI,,2026-03-30,2026-03-30,4050.0,CE,KEI26MAR4050CE,0.0,0.0,0.0,194.95,0.0,194.95,4607.0,617.9,0,0,0,0.0,0,F1,175,,,,,
2026-02-18,2026-02-18,FO,NSE,STO,133281,,KEI,,2026-03-30,2026-03-30,3550.0,CE,KEI26MAR3550CE,0.0,0.0,0.0,437.95,0.0,437.95,4607.0,1081.0,0,0,0,0.0,0,F1,175,,,,,
2026-02-18,2026-02-18,FO,NSE,STO,125828,,KEI,,2026-02-24,2026-02-24,3950.0,CE,KEI26FEB3950CE,666.95,666.95,666.95,666.95,666.95,641.9,4607.0,660.6,32550,-175,1,807966.25,1,F1,175,,,,,
2026-02-18,2026-02-18,FO,NSE,STO,125826,,KEI,,2026-02-24,2026-02-24,3850.0,CE,KEI26FEB3850CE,745.75,780.0,743.3,780.0,780.0,745.75,4607.0,760.5,3500,-350,4,3222161.25,4,F1,175,,,,,
2026-02-18,2026-02-18,FO,NSE,STF,51953,,KEI,,2026-03-30,2026-03-30,,,KEI26MARFUT,4517.7,4616.2,4517.7,4582.5,4578.6,4547.9,4607.0,4582.5,507500,172200,1401,1119005877.5,899,F1,175,,,,,
2026-02-18,2026-02-18,FO,NSE,STO,133686,,KEI,,2026-04-28,2026-04-28,5000.0,CE,KEI26APR5000CE,0.0,0.0,0.0,58.15,0.0,58.15,4607.0,166.55,0,0,0,0.0,0,F1,175,,,,,
2026-02-18,2026-02-18,FO,NSE,STO,133403,,KEI,,2026-03-30,2026-03-30,4550.0,PE,KEI26MAR4550PE,185.0,185.0,185.0,185.0,185.0,770.65,4607.0,184.25,175,175,1,828625.0,1,F1,175,,,,,
2026-02-18,2026-02-18,FO,NSE,STO,133687,,KEI,,2026-04-28,2026-04-28,5000.0,PE,KEI26APR5000PE,0.0,0.0,0.0,1176.4,0.0,1176.4,4607.0,507.8,0,0,0,0.0,0,F1,175,,,,,
2026-02-18,2026-02-18,FO,NSE,STO,36486,,KEI,,2026-03-30,2026-03-30,5050.0,CE,KEI26MAR5050CE,0.0,0.0,0.0,29.5,0.0,29.5,4607.0,84.85,0,0,0,0.0,0,F1,175,,,,,
2026-02-18,2026-02-18,FO,NSE,STO,125937,,KEI,,2026-03-30,2026-03-30,4200.0,PE,KEI26MAR4200PE,0.0,0.0,0.0,278.05,0.0,278.05,4607.0,64.7,0,0,0,0.0,0,F1,175,,,,,
2026-02-18,2026-02-18,FO,NSE,STO,146373,,NYKAA,,2026-03-30,2026-03-30,242.5,CE,NYKAA26MAR242.5CE,0.0,0.0,0.0,12.1,0.0,12.1,272.4,32.73,0,0,0,0.0,0,F1,3125,,,,,
2026-02-18,2026-02-18,FO,NSE,STO,145403,,NYKAA,,2026-03-30,2026-03-30,270.0,CE,NYKAA26MAR270CE,14.0,14.0,12.55,13.6,13.6,13.78,272.4,12.92,43750,18750,8,7084968.75,8,F1,3125,,,,,
2026-02-18,2026-02-18,FO,NSE,STO,145409,,NYKAA,,2026-03-30,2026-03-30,285.0,CE,NYKAA26MAR285CE,7.0,7.32,6.52,7.14,7.05,7.0,272.4,7.14,46875,37500,53,48351093.75,47,F1,3125,,,,,
2026-02-18,2026-02-18,FO,NSE,STO,146605,,NYKAA,,2026-04-28,2026-04-28,320.0,CE,NYKAA26APR320CE,0.0,0.0,0.0,1.05,0.0,1.05,272.4,2.41,0,0,0,0.0,0,F1,3125,,,,,
2026-02-18,2026-02-18,FO,NSE,STO,145392,,NYKAA,,2026-03-30,2026-03-30,240.0,PE,NYKAA26MAR240PE,0.0,0.0,0.0,7.3,0.0,7.3,272.4,1.1,0,0,0,0.0,0,F1,3125,,,,,
2026-02-18,2026-02-18,FO,NSE,STO,146482,,NYKAA,,2026-04-28,2026-04-28,225.0,PE,NYKAA26APR225PE,0.0,0.0,0.0,9.6,0.0,9.6,272.4,0.88,0,0,0,0.0,0,F1,3125,,,,,
2026-02-18,2026-02-18,FO,NSE,STO,146574,,NYKAA,,2026-04-28,2026-04-28,255.0,PE,NYKAA26APR255PE,0.0,0.0,0.0,25.3,0.0,25.3,272.4,5.99,0,0,0,0.0,0,F1,3125,,,,,
2026-02-18,2026-02-18,FO,NSE,STO,145397,,NYKAA,,2026-03-30,2026-03-30,255.0,CE,NYKAA26MAR255CE,0.0,0.0,0.0,25.0,0.0,25.0,272.4,22.56,0,0,0,0.0,0,F1,3125,,,,,
2026-02-18,2026-02-18,FO,NSE,STO,145305,,NYKAA,,2026-02-24,2026-02-24,232.5,CE,NYKAA26FEB232.5CE,0.0,0.0,0.0,38.69,38.69,38.69,272.4,40.11,31250,0,0,0.0,0,F1,3125,,,,,
2026-02-18,2026-02-18,FO,NSE,STO,122618,,NYKAA,,2026-02-24,2026-02-24,265.0,CE,NYKAA26FEB265CE,8.65,9.8,8.65,9.63,9.63,9.62,272.4,9.63,493750,0,5,4287593.75,5,F1,3125,,,,,
2026-02-18,2026-02-18,FO,NSE,STO,145375,,NYKAA,,2026-03-30,2026-03-30,200.0,CE,NYKAA26MAR200CE,0.0,0.0,0.0,67.4,0.0,67.4,272.4,73.61,0,0,0,0.0,0,F1,3125,,,,,
2026-02-18,2026-02-18,FO,NSE,STO,145389,,NYKAA,,2026-03-30,2026-03-30,235.0,CE,NYKAA26MAR235CE,0.0,0.0,0.0,37.95,0.0,37.95,272.4,39.49,0,0,0,0.0,0,F1,3125,,,,,
2026-02-18,2026-02-18,FO,NSE,STO,145388,,NYKAA,,2026-03-30,2026-03-30,230.0,PE,NYKAA26MAR230PE,0.0,0.0,0.0,4.75,0.0,4.75,272.4,0.4,0,0,0,0.0,0,F1,3125,,,,,
2026-02-18,2026-02-18,FO,NSE,STO,122635,,NYKAA,,2026-02-24,2026-02-24,305.0,PE,NYKAA26FEB305PE,33.26,33.26,33.26,33.26,33.26,30.9,272.4,32.33,3125,-3125,1,1057062.5,1,F1,3125,,,,,
2026-02-18,2026-02-18,FO,NSE,STO,145314,,NYKAA,,2026-02-24,2026-02-24,247.5,PE,NYKAA26FEB247.5PE,0.0,0.0,0.0,0.8,0.81,0.8,272.4,0.02,165625,0,0,0.0,0,F1,3125,,,,,
2026-02-18,2026-02-18,FO,NSE,STO,122605,,NYKAA,,2026-02-24,2026-02-24,230.0,PE,NYKAA26FEB230PE,0.15,0.17,0.09,0.11,0.13,0.24,272.4,0.11,700000,-100000,50,35957906.25,41,F1,3125,,,,,
2026-02-18,2026-02-18,FO,NSE,STO,145289,,NYKAA,,2026-02-24,2026-02-24,212.5,PE,NYKAA26FEB212.5PE,0.0,0.0,0.0,2.2,2.2,2.2,272.4,0.01,3125,0,0,0.0,0,F1,3125,,,,,
2026-02-18,2026-02-18,FO,NSE,STO,146589,,NYKAA,,2026-04-28,2026-04-28,275.0,CE,NYKAA26APR275CE,0.0,0.0,0.0,5.6,0.0,5.6,272.4,14.39,0,0,0,0.0,0,F1,3125,,,,,
2026-02-18,2026-02-18,FO,NSE,STO,146569,,NYKAA,,2026-04-28,2026-04-28,250.0,CE,NYKAA26APR250CE,0.0,0.0,0.0,12.45,0.0,12.45,272.4,29.6,0,0,0,0.0,0,F1,3125,,,,,
2026-02-18,2026-02-18,FO,NSE,STO,145401,,NYKAA,,2026-03-30,2026-03-30,265.0,CE,NYKAA26MAR265CE,0.0,0.0,0.0,19.8,0.0,19.8,272.4,15.78,0,0,0,0.0,0,F1,3125,,,,,
2026-02-18,2026-02-18,FO,NSE,STO,145391,,NYKAA,,2026-03-30,2026-03-30,240.0,CE,NYKAA26MAR240CE,0.0,0.0,0.0,34.4,0.0,34.4,272.4,34.94,0,0,0,0.0,0,F1,3125,,,,,
2026-02-18,2026-02-18,FO,NSE,STO,146367,,NYKAA,,2026-03-30,2026-03-30,227.5,CE,NYKAA26MAR227.5CE,0.0,0.0,0.0,19.75,0.0,19.75,272.4,46.57,0,0,0,0.0,0,F1,3125,,,,,
2026-02-18,2026-02-18,FO,NSE,STO,145321,,NYKAA,,2026-02-24,2026-02-24,267.5,CE,NYKAA26FEB267.5CE,8.1,8.1,6.25,7.79,7.51,7.7,272.4,7.79,275000,-9375,32,27483093.75,32,F1,3125,,,,,
2026-02-18,2026-02-18,FO,NSE,STO,122610,,NYKAA,,2026-02-24,2026-02-24,245.0,CE,NYKAA26FEB245CE,28.78,28.78,28.49,28.5,28.49,34.36,272.4,28.5,243750,-3125,4,3419625.0,4,F1,3125,,,,,
2026-02-18,2026-02-18,FO,NSE,STO,146590,,NYKAA,,2026-04-28,2026-04-28,275.0,PE,NYKAA26APR275PE,0.0,0.0,0.0,39.9,0.0,39.9,272.4,14.15,0,0,0,0.0,0,F1,3125,,,,,
2026-02-18,2026-02-18,FO,NSE,STO,145426,,NYKAA,,2026-03-30,2026-03-30,305.0,PE,NYKAA26MAR305PE,0.0,0.0,0.0,43.6,0.0,43.6,272.4,32.86,0,0,0,0.0,0,F1,3125,,,,,
2026-02-18,2026-02-18,FO,NSE,STO,145412,,NYKAA,,2026-03-30,2026-03-30,290.0,PE,NYKAA26MAR290PE,0.0,0.0,0.0,32.45,0.0,32.45,272.4,20.86,0,0,0,0.0,0,F1,3125,,,,,
2026-02-18,2026-02-18,FO,NSE,STO,145398,,NYKAA,,2026-03-30,2026-03-30,255.0,PE,NYKAA26MAR255PE,0.0,0.0,0.0,12.65,0.0,12.65,272.4,3.63,0,0,0,0.0,0,F1,3125,,,,,
2026-02-18,2026-02-18,FO,NSE,STO,145390,,NYKAA,,2026-03-30,2026-03-30,235.0,PE,NYKAA26MAR235PE,1.6,1.6,1.6,1.6,1.6,1.6,272.4,0.68,6250,3125,1,739375.0,1,F1,3125,,,,,
2026-02-18,2026-02-18,FO,NSE,STO,146587,,NYKAA,,2026-04-28,2026-04-28,270.0,CE,NYKAA26APR270CE,0.0,0.0,0.0,6.65,0.0,6.65,272.4,16.89,0,0,0,0.0,0,F1,3125,,,,,
2026-02-18,2026-02-18,FO,NSE,STO,146395,,NYKAA,,2026-03-30,2026-03-30,297.5,CE,NYKAA26MAR297.5CE,0.0,0.0,0.0,1.1,0.0,1.1,272.4,3.29,0,0,0,0.0,0,F1,3125,,,,,
2026-02-18,2026-02-18,FO,NSE,STO,145393,,NYKAA,,2026-03-30,2026-03-30,245.0,CE,NYKAA26MAR245CE,0.0,0.0,0.0,31.05,0.0,31.05,272.4,30.57,0,0,0,0.0,0,F1,3125,,,,,
2026-02-18,2026-02-18,FO,NSE,STO,146371,,NYKAA,,2026-03-30,2026-03-30,237.5,CE,NYKAA26MAR237.5CE,0.0,0.0,0.0,14.35,0.0,14.35,272.4,37.2,0,0,0,0.0,0,F1,3125,,,,,
2026-02-18,2026-02-18,FO,NSE,STO,122624,,NYKAA,,2026-02-24,2026-02-24,280.0,CE,NYKAA26FEB280CE,2.0,2.13,1.26,1.54,1.52,2.01,272.4,1.54,1950000,-237500,890,783084156.25,782,F1,3125,,,,,
2026-02-18,2026-02-18,FO,NSE,STO,146397,,NYKAA,,2026-03-30,2026-03-30,302.5,CE,NYKAA26MAR302.5CE,0.0,0.0,0.0,0.85,0.0,0.85,272.4,2.44,0,0,0,0.0,0,F1,3125,,,,,
2026-02-18,2026-02-18,FO,NSE,STO,146480,,NYKAA,,2026-04-28,2026-04-28,220.0,PE,NYKAA26APR220PE,0.0,0.0,0.0,7.85,0.0,7.85,272.4,0.58,0,0,0,0.0,0,F1,3125,,,,,
2026-02-18,2026-02-18,FO,NSE,STO,145396,,NYKAA,,2026-03-30,2026-03-30,250.0,PE,NYKAA26MAR250PE,4.0,4.15,3.06,3.1,3.06,4.0,272.4,3.1,606250,200000,152,120423562.5,112,F1,3125,,,,,
2026-02-18,2026-02-18,FO,NSE,STO,146376,,NYKAA,,2026-03-30,2026-03-30,247.5,PE,NYKAA26MAR247.5PE,0.0,0.0,0.0,18.5,0.0,18.5,272.4,2.08,0,0,0,0.0,0,F1,3125,,,,,
2026-02-18,2026-02-18,FO,NSE,STO,122617,,NYKAA,,2026-02-24,2026-02-24,260.0,PE,NYKAA26FEB260PE,1.24,1.24,0.54,0.58,0.59,1.12,272.4,0.58,2500000,-59375,367,299100750.0,303,F1,3125,,,,,
2026-02-18,2026-02-18,FO,NSE,STO,122587,,NYKAA,,2026-02-24,2026-02-24,205.0,PE,NYKAA26FEB205PE,0.0,0.0,0.0,1.04,0.0,1.04,272.4,0.01,0,0,0,0.0,0,F1,3125,,,,,
2026-02-18,2026-02-18,FO,NSE,STO,146597,,NYKAA,,2026-04-28,2026-04-28,295.0,CE,NYKAA26APR295CE,0.0,0.0,0.0,2.75,0.0,2.75,272.4,7.02,0,0,0,0.0,0,F1,3125,,,,,
2026-02-18,2026-02-18,FO,NSE,STO,146479,,NYKAA,,2026-04-28,2026-04-28,220.0,CE,NYKAA26APR220CE,0.0,0.0,0.0,27.7,0.0,27.7,272.4,55.25,0,0,0,0.0,0,F1,3125,,,,,
2026-02-18,2026-02-18,FO,NSE,STO,146477,,NYKAA,,2026-04-28,2026-04-28,215.0,CE,NYKAA26APR215CE,0.0,0.0,0.0,31.1,0.0,31.1,272.4,59.99,0,0,0,0.0,0,F1,3125,,,,,
2026-02-18,2026-02-18,FO,NSE,STO,146475,,NYKAA,,2026-04-28,2026-04-28,210.0,CE,NYKAA26APR210CE,0.0,0.0,0.0,34.65,0.0,34.65,272.4,64.8,0,0,0,0.0,0,F1,3125,,,,,
2026-02-18,2026-02-18,FO,NSE,STO,146375,,NYKAA,,2026-03-30,2026-03-30,247.5,CE,NYKAA26MAR247.5CE,0.0,0.0,0.0,10.1,0.0,10.1,272.4,28.47,0,0,0,0.0,0,F1,3125,,,,,
2026-02-18,2026-02-18,FO,NSE,STO,145385,,NYKAA,,2026-03-30,2026-03-30,225.0,CE,NYKAA26MAR225CE,0.0,0.0,0.0,45.6,0.0,45.6,272.4,48.98,0,0,0,0.0,0,F1,3125,,,,,
2026-02-18,2026-02-18,FO,NSE,STO,145373,,NYKAA,,2026-03-30,2026-03-30,195.0,CE,NYKAA26MAR195CE,0.0,0.0,0.0,72.05,0.0,72.05,272.4,78.57,0,0,0,0.0,0,F1,3125,,,,,
2026-02-18,2026-02-18,FO,NSE,STO,145329,,NYKAA,,2026-02-24,2026-02-24,287.5,CE,NYKAA26FEB287.5CE,0.73,0.73,0.44,0.5,0.51,0.76,272.4,0.5,534375,0,16,14401906.25,16,F1,3125,,,,,
2026-02-18,2026-02-18,FO,NSE,STO,122622,,NYKAA,,2026-02-24,2026-02-24,275.0,CE,NYKAA26FEB275CE,3.74,3.97,2.59,3.26,3.22,3.71,272.4,3.26,2940625,-43750,1186,1030959000.0,1068,F1,3125,,,,,
2026-02-18,2026-02-18,FO,NSE,STO,122606,,NYKAA,,2026-02-24,2026-02-24,235.0,CE,NYKAA26FEB235CE,0.0,0.0,0.0,37.0,37.0,37.0,272.4,37.61,556250,0,0,0.0,0,F1,3125,,,,,
2026-02-18,2026-02-18,FO,NSE,STO,122586,,NYKAA,,2026-02-24,2026-02-24,205.0,CE,NYKAA26FEB205CE,0.0,0.0,0.0,69.58,0.0,69.58,272.4,67.59,0,0,0,0.0,0,F1,3125,,,,,
2026-02-18,2026-02-18,FO,NSE,STO,122595,,NYKAA,,2026-02-24,2026-02-24,215.0,PE,NYKAA26FEB215PE,0.0,0.0,0.0,0.25,0.25,0.25,272.4,0.01,287500,0,0,0.0,0,F1,3125,,,,,
2026-02-18,2026-02-18,FO,NSE,STO,146602,,NYKAA,,2026-04-28,2026-04-28,305.0,PE,NYKAA26APR305PE,0.0,0.0,0.0,65.7,0.0,65.7,272.4,34.12,0,0,0,0.0,0,F1,3125,,,,,
2026-02-18,2026-02-18,FO,NSE,STO,146598,,NYKAA,,2026-04-28,2026-04-28,295.0,PE,NYKAA26APR295PE,0.0,0.0,0.0,56.7,0.0,56.7,272.4,26.57,0,0,0,0.0,0,F1,3125,,,,,
2026-02-18,2026-02-18,FO,NSE,STO,146584,,NYKAA,,2026-04-28,2026-04-28,265.0,PE,NYKAA26APR265PE,0.0,0.0,0.0,32.25,0.0,32.25,272.4,9.52,0,0,0,0.0,0,F1,3125,,,,,
2026-02-18,2026-02-18,FO,NSE,STO,146503,,NYKAA,,2026-04-28,2026-04-28,235.0,PE,NYKAA26APR235PE,0.0,0.0,0.0,13.9,0.0,13.9,272.4,1.84,0,0,0,0.0,0,F1,3125,,,,,
2026-02-18,2026-02-18,FO,NSE,STO,146484,,NYKAA,,2026-04-28,2026-04-28,230.0,PE,NYKAA26APR230PE,0.0,0.0,0.0,11.65,0.0,11.65,272.4,1.29,0,0,0,0.0,0,F1,3125,,,,,
2026-02-18,2026-02-18,FO,NSE,STO,145414,,NYKAA,,2026-03-30,2026-03-30,295.0,PE,NYKAA26MAR295PE,0.0,0.0,0.0,36.0,0.0,36.0,272.4,24.62,0,0,0,0.0,0,F1,3125,,,,,
2026-02-18,2026-02-18,FO,NSE,STO,146390,,NYKAA,,2026-03-30,2026-03-30,282.5,PE,NYKAA26MAR282.5PE,0.0,0.0,0.0,45.35,0.0,45.35,272.4,15.74,0,0,0,0.0,0,F1,3125,,,,,
2026-02-18,2026-02-18,FO,NSE,STO,146380,,NYKAA,,2026-03-30,2026-03-30,257.5,PE,NYKAA26MAR257.5PE,0.0,0.0,0.0,25.15,0.0,25.15,272.4,4.3,0,0,0,0.0,0,F1,3125,,,,,
2026-02-18,2026-02-18,FO,NSE,STO,146393,,NYKAA,,2026-03-30,2026-03-30,292.5,CE,NYKAA26MAR292.5CE,0.0,0.0,0.0,1.4,0.0,1.4,272.4,4.36,0,0,0,0.0,0,F1,3125,,,,,
2026-02-18,2026-02-18,FO,NSE,STO,145411,,NYKAA,,2026-03-30,2026-03-30,290.0,CE,NYKAA26MAR290CE,5.6,5.98,5.4,5.42,5.42,5.6,272.4,5.42,106250,100000,46,42499750.0,33,F1,3125,,,,,
2026-02-18,2026-02-18,FO,NSE,STO,146381,,NYKAA,,2026-03-30,2026-03-30,262.5,CE,NYKAA26MAR262.5CE,0.0,0.0,0.0,5.6,0.0,5.6,272.4,17.35,0,0,0,0.0,0,F1,3125,,,,,
2026-02-18,2026-02-18,FO,NSE,STO,122582,,NYKAA,,2026-02-24,2026-02-24,195.0,CE,NYKAA26FEB195CE,0.0,0.0,0.0,78.91,0.0,78.91,272.4,77.58,0,0,0,0.0,0,F1,3125,,,,,
2026-02-18,2026-02-18,FO,NSE,STO,122631,,NYKAA,,2026-02-24,2026-02-24,295.0,PE,NYKAA26FEB295PE,0.0,0.0,0.0,18.34,18.34,18.34,272.4,22.42,6250,0,0,0.0,0,F1,3125,,,,,
2026-02-18,2026-02-18,FO,NSE,STO,146396,,NYKAA,,2026-03-30,2026-03-30,297.5,PE,NYKAA26MAR297.5PE,0.0,0.0,0.0,59.0,0.0,59.0,272.4,26.6,0,0,0,0.0,0,F1,3125,,,,,
2026-02-18,2026-02-18,FO,NSE,STO,146606,,NYKAA,,2026-04-28,2026-04-28,320.0,PE,NYKAA26APR320PE,0.0,0.0,0.0,79.65,0.0,79.65,272.4,46.7,0,0,0,0.0,0,F1,3125,,,,,
2026-02-18,2026-02-18,FO,NSE,STO,145312,,NYKAA,,2026-02-24,2026-02-24,242.5,PE,NYKAA26FEB242.5PE,0.08,0.3,0.08,0.18,0.3,0.54,272.4,0.18,134375,-3125,3,2275125.0,3,F1,3125,,,,,
2026-02-18,2026-02-18,FO,NSE,STO,145384,,NYKAA,,2026-03-30,2026-03-30,220.0,PE,NYKAA26MAR220PE,0.0,0.0,0.0,2.9,0.0,2.9,272.4,0.12,0,0,0,0.0,0,F1,3125,,,,,
2026-02-18,2026-02-18,FO,NSE,STO,146374,,NYKAA,,2026-03-30,2026-03-30,242.5,PE,NYKAA26MAR242.5PE,0.0,0.0,0.0,15.55,0.0,15.55,272.4,1.37,0,0,0,0.0,0,F1,3125,,,,,
2026-02-18,2026-02-18,FO,NSE,STO,145400,,NYKAA,,2026-03-30,2026-03-30,260.0,PE,NYKAA26MAR260PE,6.79,6.91,5.33,5.48,6.34,6.8,272.4,5.48,296875,218750,140,116309500.0,106,F1,3125,,,,,
2026-02-18,2026-02-18,FO,NSE,STO,146382,,NYKAA,,2026-03-30,2026-03-30,262.5,PE,NYKAA26MAR262.5PE,0.0,0.0,0.0,28.85,0.0,28.85,272.4,5.87,0,0,0,0.0,0,F1,3125,,,,,
2026-02-18,2026-02-18,FO,NSE,STO,145406,,NYKAA,,2026-03-30,2026-03-30,275.0,PE,NYKAA26MAR275PE,0.0,0.0,0.0,12.98,12.98,12.98,272.4,11.37,3125,0,0,0.0,0,F1,3125,,,,,
2026-02-18,2026-02-18,FO,NSE,STO,145428,,NYKAA,,2026-03-30,2026-03-30,310.0,PE,NYKAA26MAR310PE,0.0,0.0,0.0,47.55,0.0,47.55,272.4,37.26,0,0,0,0.0,0,F1,3125,,,,,
2026-02-18,2026-02-18,FO,NSE,STO,146596,,NYKAA,,2026-04-28,2026-04-28,290.0,PE,NYKAA26APR290PE,0.0,0.0,0.0,52.35,0.0,52.35,272.4,23.1,0,0,0,0.0,0,F1,3125,,,,,
2026-02-18,2026-02-18,FO,NSE,STO,146600,,NYKAA,,2026-04-28,2026-04-28,300.0,PE,NYKAA26APR300PE,0.0,0.0,0.0,61.15,0.0,61.15,272.4,30.25,0,0,0,0.0,0,F1,3125,,,,,
2026-02-18,2026-02-18,FO,NSE,STF,51993,,NYKAA,,2026-03-30,2026-03-30,,,NYKAA26MARFUT,272.08,275.13,271.54,274.51,274.25,273.34,272.4,274.51,4693750,968750,630,538500812.5,591,F1,3125,,,,,
2026-02-18,2026-02-18,FO,NSE,STO,122588,,NYKAA,,2026-02-24,2026-02-24,210.0,CE,NYKAA26FEB210CE,0.0,0.0,0.0,66.03,66.03,66.03,272.4,62.59,9375,0,0,0.0,0,F1,3125,,,,,
2026-02-18,2026-02-18,FO,NSE,STO,145287,,NYKAA,,2026-02-24,2026-02-24,212.5,CE,NYKAA26FEB212.5CE,0.0,0.0,0.0,23.45,23.45,23.45,272.4,60.09,3125,0,0,0.0,0,F1,3125,,,,,
2026-02-18,2026-02-18,FO,NSE,STO,122604,,NYKAA,,2026-02-24,2026-02-24,230.0,CE,NYKAA26FEB230CE,0.0,0.0,0.0,42.82,42.82,42.82,272.4,42.61,78125,0,0,0.0,0,F1,3125,,,,,
2026-02-18,2026-02-18,FO,NSE,STO,145311,,NYKAA,,2026-02-24,2026-02-24,242.5,CE,NYKAA26FEB242.5CE,0.0,0.0,0.0,37.44,37.44,37.44,272.4,30.12,159375,0,0,0.0,0,F1,3125,,,,,
2026-02-18,2026-02-18,FO,NSE,STO,145313,,NYKAA,,2026-02-24,2026-02-24,247.5,CE,NYKAA26FEB247.5CE,0.0,0.0,0.0,35.0,35.0,35.0,272.4,25.14,96875,0,0,0.0,0,F1,3125,,,,,
2026-02-18,2026-02-18,FO,NSE,STO,122612,,NYKAA,,2026-02-24,2026-02-24,250.0,CE,NYKAA26FEB250CE,0.0,0.0,0.0,22.91,22.8,22.91,272.4,22.67,337500,0,0,0.0,0,F1,3125,,,,,
2026-02-18,2026-02-18,FO,NSE,STO,145317,,NYKAA,,2026-02-24,2026-02-24,257.5,CE,NYKAA26FEB257.5CE,0.0,0.0,0.0,19.6,19.6,19.6,272.4,15.45,175000,0,0,0.0,0,F1,3125,,,,,
2026-02-18,2026-02-18,FO,NSE,STO,145335,,NYKAA,,2026-02-24,2026-02-24,302.5,CE,NYKAA26FEB302.5CE,0.05,0.14,0.05,0.13,0.13,0.37,272.4,0.01,103125,-12500,7,6619718.75,7,F1,3125,,,,,
2026-02-18,2026-02-18,FO,NSE,STO,122638,,NYKAA,,2026-02-24,2026-02-24,315.0,CE,NYKAA26FEB315CE,0.04,0.06,0.03,0.06,0.06,0.11,272.4,0.01,59375,-3125,4,3938031.25,4,F1,3125,,,,,
2026-02-18,2026-02-18,FO,NSE,STO,146379,,NYKAA,,2026-03-30,2026-03-30,257.5,CE,NYKAA26MAR257.5CE,0.0,0.0,0.0,6.85,0.0,6.85,272.4,20.74,0,0,0,0.0,0,F1,3125,,,,,
2026-02-18,2026-02-18,FO,NSE,STO,145407,,NYKAA,,2026-03-30,2026-03-30,280.0,CE,NYKAA26MAR280CE,9.0,9.9,8.35,8.74,8.78,9.27,272.4,8.74,462500,128125,152,137262625.0,131,F1,3125,,,,,
2026-02-18,2026-02-18,FO,NSE,STO,145415,,NYKAA,,2026-03-30,2026-03-30,300.0,CE,NYKAA26MAR300CE,4.09,4.09,3.15,3.33,3.34,3.89,272.4,3.33,431250,171875,169,160232625.0,143,F1,3125,,,,,
2026-02-18,2026-02-18,FO,NSE,STO,145417,,NYKAA,,2026-03-30,2026-03-30,305.0,CE,NYKAA26MAR305CE,0.0,0.0,0.0,6.65,0.0,6.65,272.4,2.09,0,0,0,0.0,0,F1,3125,,,,,
2026-02-18,2026-02-18,FO,NSE,STO,146399,,NYKAA,,2026-03-30,2026-03-30,307.5,CE,NYKAA26MAR307.5CE,0.0,0.0,0.0,0.65,0.0,0.65,272.4,1.79,0,0,0,0.0,0,F1,3125,,,,,
2026-02-18,2026-02-18,FO,NSE,STO,146575,,NYKAA,,2026-04-28,2026-04-28,260.0,CE,NYKAA26APR260CE,0.0,0.0,0.0,9.15,0.0,9.15,272.4,22.71,0,0,0,0.0,0,F1,3125,,,,,
2026-02-18,2026-02-18,FO,NSE,STO,146591,,NYKAA,,2026-04-28,2026-04-28,280.0,CE,NYKAA26APR280CE,0.0,0.0,0.0,4.7,0.0,4.7,272.4,12.17,0,0,0,0.0,0,F1,3125,,,,,
2026-02-18,2026-02-18,FO,NSE,STO,146593,,NYKAA,,2026-04-28,2026-04-28,285.0,CE,NYKAA26APR285CE,0.0,0.0,0.0,3.95,0.0,3.95,272.4,10.21,0,0,0,0.0,0,F1,3125,,,,,
2026-02-18,2026-02-18,FO,NSE,STO,146595,,NYKAA,,2026-04-28,2026-04-28,290.0,CE,NYKAA26APR290CE,0.0,0.0,0.0,3.3,0.0,3.3,272.4,8.5,0,0,0,0.0,0,F1,3125,,,,,
2026-02-18,2026-02-18,FO,NSE,STO,122583,,NYKAA,,2026-02-24,2026-02-24,195.0,PE,NYKAA26FEB195PE,0.0,0.0,0.0,0.52,0.0,0.52,272.4,0.01,0,0,0,0.0,0,F1,3125,,,,,
2026-02-18,2026-02-18,FO,NSE,STO,122597,,NYKAA,,2026-02-24,2026-02-24,220.0,PE,NYKAA26FEB220PE,0.11,0.11,0.08,0.08,0.09,0.13,272.4,0.08,275000,-25000,16,11004812.5,15,F1,3125,,,,,
2026-02-18,2026-02-18,FO,NSE,STO,145310,,NYKAA,,2026-02-24,2026-02-24,237.5,PE,NYKAA26FEB237.5PE,0.0,0.0,0.0,0.29,0.29,0.29,272.4,0.01,218750,0,0,0.0,0,F1,3125,,,,,
2026-02-18,2026-02-18,FO,NSE,STO,145316,,NYKAA,,2026-02-24,2026-02-24,252.5,PE,NYKAA26FEB252.5PE,0.3,0.3,0.27,0.28,0.29,0.6,272.4,0.28,59375,-68750,61,48186562.5,61,F1,3125,,,,,
2026-02-18,2026-02-18,FO,NSE,STO,145320,,NYKAA,,2026-02-24,2026-02-24,262.5,PE,NYKAA26FEB262.5PE,1.58,1.59,0.76,0.78,0.81,1.54,272.4,0.78,300000,-75000,42,34586062.5,41,F1,3125,,,,,
2026-02-18,2026-02-18,FO,NSE,STO,145326,,NYKAA,,2026-02-24,2026-02-24,277.5,PE,NYKAA26FEB277.5PE,8.0,8.66,6.28,6.28,6.28,7.58,272.4,7.11,337500,-18750,8,7120250.0,8,F1,3125,,,,,
2026-02-18,2026-02-18,FO,NSE,STO,122639,,NYKAA,,2026-02-24,2026-02-24,315.0,PE,NYKAA26FEB315PE,0.0,0.0,0.0,43.81,43.81,43.81,272.4,42.32,9375,0,0,0.0,0,F1,3125,,,,,
2026-02-18,2026-02-18,FO,NSE,STO,145376,,NYKAA,,2026-03-30,2026-03-30,200.0,PE,NYKAA26MAR200PE,0.0,0.0,0.0,0.5,0.5,0.5,272.4,0.01,15625,0,0,0.0,0,F1,3125,,,,,
2026-02-18,2026-02-18,FO,NSE,STO,145290,,NYKAA,,2026-02-24,2026-02-24,217.5,CE,NYKAA26FEB217.5CE,0.0,0.0,0.0,49.2,0.0,49.2,272.4,55.1,0,0,0,0.0,0,F1,3125,,,,,
2026-02-18,2026-02-18,FO,NSE,STO,122584,,NYKAA,,2026-02-24,2026-02-24,200.0,CE,NYKAA26FEB200CE,0.0,0.0,0.0,74.21,0.0,74.21,272.4,72.58,0,0,0,0.0,0,F1,3125,,,,,
2026-02-18,2026-02-18,FO,NSE,STF,59435,,NYKAA,,2026-02-24,2026-02-24,,,NYKAA26FEBFUT,271.2,274.13,270.46,273.38,273.12,272.33,272.4,273.38,44728125,203125,1066,907427218.75,1015,F1,3125,,,,,
2026-02-18,2026-02-18,FO,NSE,STO,145328,,NYKAA,,2026-02-24,2026-02-24,282.5,PE,NYKAA26FEB282.5PE,0.0,0.0,0.0,11.91,11.91,11.91,272.4,10.89,125000,0,0,0.0,0,F1,3125,,,,,
2026-02-18,2026-02-18,FO,NSE,STO,146388,,NYKAA,,2026-03-30,2026-03-30,277.5,PE,NYKAA26MAR277.5PE,0.0,0.0,0.0,13.85,13.85,13.85,272.4,12.74,3125,0,0,0.0,0,F1,3125,,,,,
2026-02-18,2026-02-18,FO,NSE,STO,145408,,NYKAA,,2026-03-30,2026-03-30,280.0,PE,NYKAA26MAR280PE,0.0,0.0,0.0,15.82,15.82,15.82,272.4,14.2,25000,0,0,0.0,0,F1,3125,,,,,
2026-02-18,2026-02-18,FO,NSE,STO,145410,,NYKAA,,2026-03-30,2026-03-30,285.0,PE,NYKAA26MAR285PE,0.0,0.0,0.0,29.05,0.0,29.05,272.4,17.37,0,0,0,0.0,0,F1,3125,,,,,
2026-02-18,2026-02-18,FO,NSE,STO,146392,,NYKAA,,2026-03-30,2026-03-30,287.5,PE,NYKAA26MAR287.5PE,0.0,0.0,0.0,49.8,0.0,49.8,272.4,19.08,0,0,0,0.0,0,F1,3125,,,,,
2026-02-18,2026-02-18,FO,NSE,STO,146478,,NYKAA,,2026-04-28,2026-04-28,215.0,PE,NYKAA26APR215PE,0.0,0.0,0.0,6.3,0.0,6.3,272.4,0.37,0,0,0,0.0,0,F1,3125,,,,,
2026-02-18,2026-02-18,FO,NSE,STO,122623,,NYKAA,,2026-02-24,2026-02-24,275.0,PE,NYKAA26FEB275PE,6.5,7.07,4.41,4.79,4.81,6.26,272.4,4.79,800000,18750,104,91227437.5,100,F1,3125,,,,,
2026-02-18,2026-02-18,FO,NSE,STO,145322,,NYKAA,,2026-02-24,2026-02-24,267.5,PE,NYKAA26FEB267.5PE,2.14,3.14,1.63,1.66,1.68,2.8,272.4,1.66,753125,3125,71,59893781.25,68,F1,3125,,,,,
2026-02-18,2026-02-18,FO,NSE,STO,122607,,NYKAA,,2026-02-24,2026-02-24,235.0,PE,NYKAA26FEB235PE,0.19,0.21,0.1,0.13,0.15,0.24,272.4,0.13,2265625,-703125,384,282166375.0,215,F1,3125,,,,,
2026-02-18,2026-02-18,FO,NSE,STO,145304,,NYKAA,,2026-02-24,2026-02-24,227.5,PE,NYKAA26FEB227.5PE,0.09,0.12,0.09,0.12,0.12,0.32,272.4,0.01,43750,-81250,29,20627781.25,23,F1,3125,,,,,
2026-02-18,2026-02-18,FO,NSE,STO,145298,,NYKAA,,2026-02-24,2026-02-24,222.5,PE,NYKAA26FEB222.5PE,0.0,0.0,0.0,1.6,0.0,1.6,272.4,0.01,0,0,0,0.0,0,F1,3125,,,,,
2026-02-18,2026-02-18,FO,NSE,STO,145292,,NYKAA,,2026-02-24,2026-02-24,217.5,PE,NYKAA26FEB217.5PE,0.0,0.0,0.0,0.14,0.14,0.14,272.4,0.01,43750,0,0,0.0,0,F1,3125,,,,,
2026-02-18,2026-02-18,FO,NSE,STO,146508,,NYKAA,,2026-04-28,2026-04-28,245.0,CE,NYKAA26APR245CE,0.0,0.0,0.0,14.4,0.0,14.4,272.4,33.41,0,0,0,0.0,0,F1,3125,,,,,
2026-02-18,2026-02-18,FO,NSE,STO,146504,,NYKAA,,2026-04-28,2026-04-28,240.0,CE,NYKAA26APR240CE,0.0,0.0,0.0,16.6,0.0,16.6,272.4,37.45,0,0,0,0.0,0,F1,3125,,,,,
2026-02-18,2026-02-18,FO,NSE,STO,146454,,NYKAA,,2026-04-28,2026-04-28,200.0,CE,NYKAA26APR200CE,0.0,0.0,0.0,42.45,0.0,42.45,272.4,74.54,0,0,0,0.0,0,F1,3125,,,,,
2026-02-18,2026-02-18,FO,NSE,STO,146389,,NYKAA,,2026-03-30,2026-03-30,282.5,CE,NYKAA26MAR282.5CE,0.0,0.0,0.0,2.3,0.0,2.3,272.4,7.34,0,0,0,0.0,0,F1,3125,,,,,
2026-02-18,2026-02-18,FO,NSE,STO,146387,,NYKAA,,2026-03-30,2026-03-30,277.5,CE,NYKAA26MAR277.5CE,0.0,0.0,0.0,2.9,0.0,2.9,272.4,9.31,0,0,0,0.0,0,F1,3125,,,,,
2026-02-18,2026-02-18,FO,NSE,STO,145387,,NYKAA,,2026-03-30,2026-03-30,230.0,CE,NYKAA26MAR230CE,0.0,0.0,0.0,41.7,0.0,41.7,272.4,44.18,0,0,0,0.0,0,F1,3125,,,,,
2026-02-18,2026-02-18,FO,NSE,STO,145379,,NYKAA,,2026-03-30,2026-03-30,210.0,CE,NYKAA26MAR210CE,0.0,0.0,0.0,58.3,0.0,58.3,272.4,63.69,0,0,0,0.0,0,F1,3125,,,,,
2026-02-18,2026-02-18,FO,NSE,STO,145337,,NYKAA,,2026-02-24,2026-02-24,307.5,CE,NYKAA26FEB307.5CE,0.0,0.0,0.0,0.39,0.39,0.39,272.4,0.01,18750,0,0,0.0,0,F1,3125,,,,,
2026-02-18,2026-02-18,FO,NSE,STO,122620,,NYKAA,,2026-02-24,2026-02-24,270.0,CE,NYKAA26FEB270CE,5.71,6.48,4.7,5.96,5.63,6.14,272.4,5.96,984375,-21875,449,386714468.75,365,F1,3125,,,,,
2026-02-18,2026-02-18,FO,NSE,STO,145309,,NYKAA,,2026-02-24,2026-02-24,237.5,CE,NYKAA26FEB237.5CE,0.0,0.0,0.0,42.0,42.0,42.0,272.4,35.12,184375,0,0,0.0,0,F1,3125,,,,,
2026-02-18,2026-02-18,FO,NSE,STO,145382,,NYKAA,,2026-03-30,2026-03-30,215.0,PE,NYKAA26MAR215PE,0.0,0.0,0.0,2.2,0.0,2.2,272.4,0.06,0,0,0,0.0,0,F1,3125,,,,,
2026-02-18,2026-02-18,FO,NSE,STO,145386,,NYKAA,,2026-03-30,2026-03-30,225.0,PE,NYKAA26MAR225PE,0.0,0.0,0.0,3.75,0.0,3.75,272.4,0.23,0,0,0,0.0,0,F1,3125,,,,,
2026-02-18,2026-02-18,FO,NSE,STO,146386,,NYKAA,,2026-03-30,2026-03-30,272.5,PE,NYKAA26MAR272.5PE,12.0,12.0,11.0,11.4,11.4,11.04,272.4,10.09,28125,21875,10,8871125.0,10,F1,3125,,,,,
2026-02-18,2026-02-18,FO,NSE,STO,146572,,NYKAA,,2026-04-28,2026-04-28,250.0,PE,NYKAA26APR250PE,0.0,0.0,0.0,22.15,0.0,22.15,272.4,4.61,0,0,0,0.0,0,F1,3125,,,,,
2026-02-18,2026-02-18,FO,NSE,STO,146594,,NYKAA,,2026-04-28,2026-04-28,285.0,PE,NYKAA26APR285PE,0.0,0.0,0.0,48.1,0.0,48.1,272.4,19.86,0,0,0,0.0,0,F1,3125,,,,,
2026-02-18,2026-02-18,FO,NSE,STO,146604,,NYKAA,,2026-04-28,2026-04-28,310.0,PE,NYKAA26APR310PE,0.0,0.0,0.0,70.3,0.0,70.3,272.4,38.17,0,0,0,0.0,0,F1,3125,,,,,
2026-02-18,2026-02-18,FO,NSE,STO,145293,,NYKAA,,2026-02-24,2026-02-24,222.5,CE,NYKAA26FEB222.5CE,0.0,0.0,0.0,44.75,0.0,44.75,272.4,50.1,0,0,0,0.0,0,F1,3125,,,,,
2026-02-18,2026-02-18,FO,NSE,STO,145315,,NYKAA,,2026-02-24,2026-02-24,252.5,CE,NYKAA26FEB252.5CE,0.0,0.0,0.0,24.68,24.68,24.68,272.4,20.22,112500,0,0,0.0,0,F1,3125,,,,,
2026-02-18,2026-02-18,FO,NSE,STO,122614,,NYKAA,,2026-02-24,2026-02-24,255.0,CE,NYKAA26FEB255CE,17.51,18.47,16.11,18.47,18.47,18.24,272.4,17.81,287500,-18750,11,9370500.0,11,F1,3125,,,,,
2026-02-18,2026-02-18,FO,NSE,STO,122632,,NYKAA,,2026-02-24,2026-02-24,300.0,CE,NYKAA26FEB300CE,0.26,0.27,0.12,0.13,0.13,0.26,272.4,0.13,1884375,-203125,456,427720875.0,348,F1,3125,,,,,
2026-02-18,2026-02-18,FO,NSE,STO,122634,,NYKAA,,2026-02-24,2026-02-24,305.0,CE,NYKAA26FEB305CE,0.19,0.19,0.08,0.09,0.08,0.18,272.4,0.09,328125,-9375,41,39093000.0,34,F1,3125,,,,,
2026-02-18,2026-02-18,FO,NSE,STO,145377,,NYKAA,,2026-03-30,2026-03-30,205.0,CE,NYKAA26MAR205CE,0.0,0.0,0.0,62.8,0.0,62.8,272.4,68.64,0,0,0,0.0,0,F1,3125,,,,,
2026-02-18,2026-02-18,FO,NSE,STO,145383,,NYKAA,,2026-03-30,2026-03-30,220.0,CE,NYKAA26MAR220CE,0.0,0.0,0.0,49.7,0.0,49.7,272.4,53.84,0,0,0,0.0,0,F1,3125,,,,,
2026-02-18,2026-02-18,FO,NSE,STO,146369,,NYKAA,,2026-03-30,2026-03-30,232.5,CE,NYKAA26MAR232.5CE,0.0,0.0,0.0,16.9,0.0,16.9,272.4,41.82,0,0,0,0.0,0,F1,3125,,,,,
2026-02-18,2026-02-18,FO,NSE,STO,146383,,NYKAA,,2026-03-30,2026-03-30,267.5,CE,NYKAA26MAR267.5CE,0.0,0.0,0.0,4.5,0.0,4.5,272.4,14.31,0,0,0,0.0,0,F1,3125,,,,,
2026-02-18,2026-02-18,FO,NSE,STO,145429,,NYKAA,,2026-03-30,2026-03-30,315.0,CE,NYKAA26MAR315CE,0.0,0.0,0.0,4.9,0.0,4.9,272.4,1.09,0,0,0,0.0,0,F1,3125,,,,,
2026-02-18,2026-02-18,FO,NSE,STO,146483,,NYKAA,,2026-04-28,2026-04-28,230.0,CE,NYKAA26APR230CE,0.0,0.0,0.0,21.65,0.0,21.65,272.4,46.07,0,0,0,0.0,0,F1,3125,,,,,
2026-02-18,2026-02-18,FO,NSE,STO,146599,,NYKAA,,2026-04-28,2026-04-28,300.0,CE,NYKAA26APR300CE,0.0,0.0,0.0,2.25,0.0,2.25,272.4,5.75,0,0,0,0.0,0,F1,3125,,,,,
2026-02-18,2026-02-18,FO,NSE,STO,146601,,NYKAA,,2026-04-28,2026-04-28,305.0,CE,NYKAA26APR305CE,0.0,0.0,0.0,1.85,0.0,1.85,272.4,4.68,0,0,0,0.0,0,F1,3125,,,,,
2026-02-18,2026-02-18,FO,NSE,STO,146603,,NYKAA,,2026-04-28,2026-04-28,310.0,CE,NYKAA26APR310CE,0.0,0.0,0.0,1.55,0.0,1.55,272.4,3.78,0,0,0,0.0,0,F1,3125,,,,,
2026-02-18,2026-02-18,FO,NSE,STO,145308,,NYKAA,,2026-02-24,2026-02-24,232.5,PE,NYKAA26FEB232.5PE,0.11,0.11,0.11,0.11,0.11,0.35,272.4,0.01,175000,0,4,2907625.0,1,F1,3125,,,,,
2026-02-18,2026-02-18,FO,NSE,STO,122615,,NYKAA,,2026-02-24,2026-02-24,255.0,PE,NYKAA26FEB255PE,0.67,0.7,0.32,0.33,0.34,0.72,272.4,0.33,868750,0,202,161245562.5,171,F1,3125,,,,,
2026-02-18,2026-02-18,FO,NSE,STO,145318,,NYKAA,,2026-02-24,2026-02-24,257.5,PE,NYKAA26FEB257.5PE,0.91,0.91,0.42,0.42,0.45,0.83,272.4,0.42,387500,-146875,74,59696156.25,74,F1,3125,,,,,
2026-02-18,2026-02-18,FO,NSE,STO,145332,,NYKAA,,2026-02-24,2026-02-24,292.5,PE,NYKAA26FEB292.5PE,0.0,0.0,0.0,16.33,16.39,16.33,272.4,19.99,6250,0,0,0.0,0,F1,3125,,,,,
2026-02-18,2026-02-18,FO,NSE,STO,122633,,NYKAA,,2026-02-24,2026-02-24,300.0,PE,NYKAA26FEB300PE,28.25,28.25,26.68,26.81,26.68,28.11,272.4,26.81,150000,-28125,9,9197906.25,4,F1,3125,,,,,
2026-02-18,2026-02-18,FO,NSE,STF,66953,,NYKAA,,2026-04-28,2026-04-28,,,NYKAA26APRFUT,273.07,273.07,273.07,273.07,273.07,273.07,272.4,275.25,178125,0,1,853343.75,1,F1,3125,,,,,
2026-02-18,2026-02-18,FO,NSE,STO,122596,,NYKAA,,2026-02-24,2026-02-24,220.0,CE,NYKAA26FEB220CE,0.0,0.0,0.0,21.7,21.25,21.7,272.4,52.6,9375,0,0,0.0,0,F1,3125,,,,,
2026-02-18,2026-02-18,FO,NSE,STO,122608,,NYKAA,,2026-02-24,2026-02-24,240.0,CE,NYKAA26FEB240CE,0.0,0.0,0.0,35.5,35.5,35.5,272.4,32.62,496875,0,0,0.0,0,F1,3125,,,,,
2026-02-18,2026-02-18,FO,NSE,STO,145333,,NYKAA,,2026-02-24,2026-02-24,297.5,CE,NYKAA26FEB297.5CE,0.2,0.2,0.13,0.14,0.15,0.28,272.4,0.14,78125,-96875,40,37210187.5,32,F1,3125,,,,,
2026-02-18,2026-02-18,FO,NSE,STO,146365,,NYKAA,,2026-03-30,2026-03-30,222.5,CE,NYKAA26MAR222.5CE,0.0,0.0,0.0,22.9,0.0,22.9,272.4,51.4,0,0,0,0.0,0,F1,3125,,,,,
2026-02-18,2026-02-18,FO,NSE,STO,122619,,NYKAA,,2026-02-24,2026-02-24,265.0,PE,NYKAA26FEB265PE,2.39,2.39,1.11,1.15,1.19,2.03,272.4,1.15,1059375,-6250,148,123332875.0,138,F1,3125,,,,,
2026-02-18,2026-02-18,FO,NSE,STO,122621,,NYKAA,,2026-02-24,2026-02-24,270.0,PE,NYKAA26FEB270PE,5.0,5.0,2.24,2.4,2.47,3.89,272.4,2.4,1553125,-15625,592,505450906.25,554,F1,3125,,,,,
2026-02-18,2026-02-18,FO,NSE,STO,145330,,NYKAA,,2026-02-24,2026-02-24,287.5,PE,NYKAA26FEB287.5PE,0.0,0.0,0.0,14.11,14.11,14.11,272.4,15.27,59375,0,0,0.0,0,F1,3125,,,,,
2026-02-18,2026-02-18,FO,NSE,STO,145336,,NYKAA,,2026-02-24,2026-02-24,302.5,PE,NYKAA26FEB302.5PE,0.0,0.0,0.0,39.95,0.0,39.95,272.4,29.84,0,0,0,0.0,0,F1,3125,,,,,
2026-02-18,2026-02-18,FO,NSE,STO,145380,,NYKAA,,2026-03-30,2026-03-30,210.0,PE,NYKAA26MAR210PE,0.0,0.0,0.0,1.65,0.0,1.65,272.4,0.03,0,0,0,0.0,0,F1,3125,,,,,
2026-02-18,2026-02-18,FO,NSE,STO,145404,,NYKAA,,2026-03-30,2026-03-30,270.0,PE,NYKAA26MAR270PE,10.0,10.1,9.0,9.0,9.0,10.92,272.4,9.0,190625,0,11,9607500.0,8,F1,3125,,,,,
2026-02-18,2026-02-18,FO,NSE,STO,146592,,NYKAA,,2026-04-28,2026-04-28,280.0,PE,NYKAA26APR280PE,0.0,0.0,0.0,43.9,0.0,43.9,272.4,16.87,0,0,0,0.0,0,F1,3125,,,,,
2026-02-18,2026-02-18,FO,NSE,STO,122640,,NYKAA,,2026-02-24,2026-02-24,320.0,CE,NYKAA26FEB320CE,0.03,0.03,0.03,0.03,0.03,0.04,272.4,0.01,184375,-37500,15,15001406.25,9,F1,3125,,,,,
2026-02-18,2026-02-18,FO,NSE,STO,122616,,NYKAA,,2026-02-24,2026-02-24,260.0,CE,NYKAA26FEB260CE,13.1,14.06,11.82,14.05,14.06,13.84,272.4,14.05,600000,-6250,13,11104250.0,13,F1,3125,,,,,
2026-02-18,2026-02-18,FO,NSE,STO,145299,,NYKAA,,2026-02-24,2026-02-24,227.5,CE,NYKAA26FEB227.5CE,0.0,0.0,0.0,40.4,0.0,40.4,272.4,45.11,0,0,0,0.0,0,F1,3125,,,,,
2026-02-18,2026-02-18,FO,NSE,STO,122594,,NYKAA,,2026-02-24,2026-02-24,215.0,CE,NYKAA26FEB215CE,0.0,0.0,0.0,60.59,0.0,60.59,272.4,57.59,0,0,0,0.0,0,F1,3125,,,,,
2026-02-18,2026-02-18,FO,NSE,STO,145327,,NYKAA,,2026-02-24,2026-02-24,282.5,CE,NYKAA26FEB282.5CE,1.08,1.17,0.88,0.99,1.0,1.43,272.4,0.99,478125,-15625,77,68223968.75,56,F1,3125,,,,,
2026-02-18,2026-02-18,FO,NSE,STO,146505,,NYKAA,,2026-04-28,2026-04-28,240.0,PE,NYKAA26APR240PE,0.0,0.0,0.0,16.4,0.0,16.4,272.4,2.56,0,0,0,0.0,0,F1,3125,,,,,
2026-02-18,2026-02-18,FO,NSE,STO,146476,,NYKAA,,2026-04-28,2026-04-28,210.0,PE,NYKAA26APR210PE,0.0,0.0,0.0,4.95,0.0,4.95,272.4,0.23,0,0,0,0.0,0,F1,3125,,,,,
2026-02-18,2026-02-18,FO,NSE,STO,145532,,NYKAA,,2026-03-30,2026-03-30,315.0,PE,NYKAA26MAR315PE,0.0,0.0,0.0,51.65,0.0,51.65,272.4,41.8,0,0,0,0.0,0,F1,3125,,,,,
2026-02-18,2026-02-18,FO,NSE,STO,146398,,NYKAA,,2026-03-30,2026-03-30,302.5,PE,NYKAA26MAR302.5PE,0.0,0.0,0.0,63.7,0.0,63.7,272.4,30.73,0,0,0,0.0,0,F1,3125,,,,,
2026-02-18,2026-02-18,FO,NSE,STO,145416,,NYKAA,,2026-03-30,2026-03-30,300.0,PE,NYKAA26MAR300PE,31.0,31.0,29.27,29.27,29.27,31.4,272.4,29.27,228125,21875,8,8264906.25,8,F1,3125,,,,,
2026-02-18,2026-02-18,FO,NSE,STO,146384,,NYKAA,,2026-03-30,2026-03-30,267.5,PE,NYKAA26MAR267.5PE,0.0,0.0,0.0,32.75,0.0,32.75,272.4,7.8,0,0,0,0.0,0,F1,3125,,,,,
2026-02-18,2026-02-18,FO,NSE,STO,146378,,NYKAA,,2026-03-30,2026-03-30,252.5,PE,NYKAA26MAR252.5PE,0.0,0.0,0.0,5.24,5.24,5.24,272.4,3.04,6250,0,0,0.0,0,F1,3125,,,,,
2026-02-18,2026-02-18,FO,NSE,STO,145394,,NYKAA,,2026-03-30,2026-03-30,245.0,PE,NYKAA26MAR245PE,0.0,0.0,0.0,8.9,0.0,8.9,272.4,1.7,0,0,0,0.0,0,F1,3125,,,,,
2026-02-18,2026-02-18,FO,NSE,STO,146372,,NYKAA,,2026-03-30,2026-03-30,237.5,PE,NYKAA26MAR237.5PE,0.0,0.0,0.0,12.85,0.0,12.85,272.4,0.87,0,0,0,0.0,0,F1,3125,,,,,
2026-02-18,2026-02-18,FO,NSE,STO,146368,,NYKAA,,2026-03-30,2026-03-30,227.5,PE,NYKAA26MAR227.5PE,0.0,0.0,0.0,8.4,0.0,8.4,272.4,0.3,0,0,0,0.0,0,F1,3125,,,,,
2026-02-18,2026-02-18,FO,NSE,STO,146362,,NYKAA,,2026-03-30,2026-03-30,212.5,PE,NYKAA26MAR212.5PE,0.0,0.0,0.0,3.8,0.0,3.8,272.4,0.04,0,0,0,0.0,0,F1,3125,,,,,
2026-02-18,2026-02-18,FO,NSE,STO,145374,,NYKAA,,2026-03-30,2026-03-30,195.0,PE,NYKAA26MAR195PE,0.0,0.0,0.0,0.6,0.0,0.6,272.4,0.01,0,0,0,0.0,0,F1,3125,,,,,
2026-02-18,2026-02-18,FO,NSE,STO,122641,,NYKAA,,2026-02-24,2026-02-24,320.0,PE,NYKAA26FEB320PE,0.0,0.0,0.0,50.86,0.0,50.86,272.4,47.31,0,0,0,0.0,0,F1,3125,,,,,
2026-02-18,2026-02-18,FO,NSE,STO,145338,,NYKAA,,2026-02-24,2026-02-24,307.5,PE,NYKAA26FEB307.5PE,0.0,0.0,0.0,44.2,0.0,44.2,272.4,34.83,0,0,0,0.0,0,F1,3125,,,,,
2026-02-18,2026-02-18,FO,NSE,STO,145324,,NYKAA,,2026-02-24,2026-02-24,272.5,PE,NYKAA26FEB272.5PE,4.29,4.92,3.32,3.45,3.5,4.92,272.4,3.45,315625,-3125,56,48387593.75,53,F1,3125,,,,,
2026-02-18,2026-02-18,FO,NSE,STO,146573,,NYKAA,,2026-04-28,2026-04-28,255.0,CE,NYKAA26APR255CE,0.0,0.0,0.0,10.7,0.0,10.7,272.4,26.02,0,0,0,0.0,0,F1,3125,,,,,
2026-02-18,2026-02-18,FO,NSE,STO,145405,,NYKAA,,2026-03-30,2026-03-30,275.0,CE,NYKAA26MAR275CE,11.2,11.5,10.3,11.09,11.0,11.38,272.4,11.09,143750,71875,56,50030937.5,43,F1,3125,,,,,
2026-02-18,2026-02-18,FO,NSE,STO,146363,,NYKAA,,2026-03-30,2026-03-30,217.5,CE,NYKAA26MAR217.5CE,0.0,0.0,0.0,26.35,0.0,26.35,272.4,56.29,0,0,0,0.0,0,F1,3125,,,,,
2026-02-18,2026-02-18,FO,NSE,STO,145381,,NYKAA,,2026-03-30,2026-03-30,215.0,CE,NYKAA26MAR215CE,0.0,0.0,0.0,53.95,0.0,53.95,272.4,58.75,0,0,0,0.0,0,F1,3125,,,,,
2026-02-18,2026-02-18,FO,NSE,STO,146361,,NYKAA,,2026-03-30,2026-03-30,212.5,CE,NYKAA26MAR212.5CE,0.0,0.0,0.0,30.05,0.0,30.05,272.4,61.22,0,0,0,0.0,0,F1,3125,,,,,
2026-02-18,2026-02-18,FO,NSE,STO,145427,,NYKAA,,2026-03-30,2026-03-30,310.0,CE,NYKAA26MAR310CE,2.69,2.69,1.97,1.97,1.97,4.5,272.4,1.52,18750,15625,5,4879031.25,4,F1,3125,,,,,
2026-02-18,2026-02-18,FO,NSE,STO,146502,,NYKAA,,2026-04-28,2026-04-28,235.0,CE,NYKAA26APR235CE,0.0,0.0,0.0,19.0,0.0,19.0,272.4,41.67,0,0,0,0.0,0,F1,3125,,,,,
2026-02-18,2026-02-18,FO,NSE,STO,146579,,NYKAA,,2026-04-28,2026-04-28,265.0,CE,NYKAA26APR265CE,0.0,0.0,0.0,7.8,0.0,7.8,272.4,19.66,0,0,0,0.0,0,F1,3125,,,,,
2026-02-18,2026-02-18,FO,NSE,STO,122585,,NYKAA,,2026-02-24,2026-02-24,200.0,PE,NYKAA26FEB200PE,0.09,0.09,0.07,0.07,0.07,0.09,272.4,0.01,228125,0,27,16881593.75,9,F1,3125,,,,,
2026-02-18,2026-02-18,FO,NSE,STO,122611,,NYKAA,,2026-02-24,2026-02-24,245.0,PE,NYKAA26FEB245PE,0.25,0.27,0.2,0.22,0.2,0.47,272.4,0.22,312500,-31250,41,31420687.5,41,F1,3125,,,,,
2026-02-18,2026-02-18,FO,NSE,STO,122625,,NYKAA,,2026-02-24,2026-02-24,280.0,PE,NYKAA26FEB280PE,9.72,10.55,7.59,7.59,7.59,9.72,272.4,7.59,606250,-12500,15,13566062.5,12,F1,3125,,,,,
2026-02-18,2026-02-18,FO,NSE,STO,122627,,NYKAA,,2026-02-24,2026-02-24,285.0,PE,NYKAA26FEB285PE,0.0,0.0,0.0,13.43,13.43,13.43,272.4,13.02,187500,0,0,0.0,0,F1,3125,,,,,
2026-02-18,2026-02-18,FO,NSE,STO,145334,,NYKAA,,2026-02-24,2026-02-24,297.5,PE,NYKAA26FEB297.5PE,0.0,0.0,0.0,18.67,18.67,18.67,272.4,24.88,6250,0,0,0.0,0,F1,3125,,,,,
2026-02-18,2026-02-18,FO,NSE,STO,146394,,NYKAA,,2026-03-30,2026-03-30,292.5,PE,NYKAA26MAR292.5PE,0.0,0.0,0.0,54.35,0.0,54.35,272.4,22.71,0,0,0,0.0,0,F1,3125,,,,,
2026-02-18,2026-02-18,FO,NSE,STO,146400,,NYKAA,,2026-03-30,2026-03-30,307.5,PE,NYKAA26MAR307.5PE,0.0,0.0,0.0,68.45,0.0,68.45,272.4,35.04,0,0,0,0.0,0,F1,3125,,,,,
2026-02-18,2026-02-18,FO,NSE,STO,146459,,NYKAA,,2026-04-28,2026-04-28,200.0,PE,NYKAA26APR200PE,0.0,0.0,0.0,2.9,0.0,2.9,272.4,0.08,0,0,0,0.0,0,F1,3125,,,,,
2026-02-18,2026-02-18,FO,NSE,STO,146509,,NYKAA,,2026-04-28,2026-04-28,245.0,PE,NYKAA26APR245PE,0.0,0.0,0.0,19.15,0.0,19.15,272.4,3.48,0,0,0,0.0,0,F1,3125,,,,,
2026-02-18,2026-02-18,FO,NSE,STO,146588,,NYKAA,,2026-04-28,2026-04-28,270.0,PE,NYKAA26APR270PE,0.0,0.0,0.0,36.0,0.0,36.0,272.4,11.69,0,0,0,0.0,0,F1,3125,,,,,
2026-02-18,2026-02-18,FO,NSE,STO,122598,,NYKAA,,2026-02-24,2026-02-24,225.0,CE,NYKAA26FEB225CE,0.0,0.0,0.0,28.19,28.19,28.19,272.4,47.6,34375,0,0,0.0,0,F1,3125,,,,,
2026-02-18,2026-02-18,FO,NSE,STO,145323,,NYKAA,,2026-02-24,2026-02-24,272.5,CE,NYKAA26FEB272.5CE,5.17,5.17,3.5,4.46,4.4,4.82,272.4,4.46,275000,-193750,489,422790000.0,468,F1,3125,,,,,
2026-02-18,2026-02-18,FO,NSE,STO,145325,,NYKAA,,2026-02-24,2026-02-24,277.5,CE,NYKAA26FEB277.5CE,2.76,2.91,1.86,2.24,2.25,2.76,272.4,2.24,456250,-18750,110,96114250.0,108,F1,3125,,,,,
2026-02-18,2026-02-18,FO,NSE,STO,122628,,NYKAA,,2026-02-24,2026-02-24,290.0,CE,NYKAA26FEB290CE,0.5,0.6,0.28,0.36,0.34,0.56,272.4,0.36,1487500,-312500,319,289469531.25,254,F1,3125,,,,,
2026-02-18,2026-02-18,FO,NSE,STO,145395,,NYKAA,,2026-03-30,2026-03-30,250.0,CE,NYKAA26MAR250CE,0.0,0.0,0.0,27.9,0.0,27.9,272.4,26.43,0,0,0,0.0,0,F1,3125,,,,,
2026-02-18,2026-02-18,FO,NSE,STO,145399,,NYKAA,,2026-03-30,2026-03-30,260.0,CE,NYKAA26MAR260CE,0.0,0.0,0.0,18.91,18.91,18.91,272.4,19.0,168750,0,0,0.0,0,F1,3125,,,,,
2026-02-18,2026-02-18,FO,NSE,STO,146385,,NYKAA,,2026-03-30,2026-03-30,272.5,CE,NYKAA26MAR272.5CE,11.5,11.63,11.5,11.61,11.61,3.65,272.4,11.63,15625,15625,5,4438843.75,5,F1,3125,,,,,
2026-02-18,2026-02-18,FO,NSE,STO,146391,,NYKAA,,2026-03-30,2026-03-30,287.5,CE,NYKAA26MAR287.5CE,0.0,0.0,0.0,1.8,0.0,1.8,272.4,5.7,0,0,0,0.0,0,F1,3125,,,,,
2026-02-18,2026-02-18,FO,NSE,STO,145413,,NYKAA,,2026-03-30,2026-03-30,295.0,CE,NYKAA26MAR295CE,0.0,0.0,0.0,8.9,0.0,8.9,272.4,3.8,0,0,0,0.0,0,F1,3125,,,,,
2026-02-18,2026-02-18,FO,NSE,STO,146481,,NYKAA,,2026-04-28,2026-04-28,225.0,CE,NYKAA26APR225CE,0.0,0.0,0.0,24.55,0.0,24.55,272.4,50.6,0,0,0,0.0,0,F1,3125,,,,,
2026-02-18,2026-02-18,FO,NSE,STO,122590,,NYKAA,,2026-02-24,2026-02-24,210.0,PE,NYKAA26FEB210PE,0.06,0.07,0.06,0.07,0.07,0.1,272.4,0.01,228125,6250,4,2625843.75,4,F1,3125,,,,,
2026-02-18,2026-02-18,FO,NSE,STO,122603,,NYKAA,,2026-02-24,2026-02-24,225.0,PE,NYKAA26FEB225PE,0.26,0.26,0.07,0.1,0.11,0.2,272.4,0.1,100000,-12500,10,7035031.25,8,F1,3125,,,,,
2026-02-18,2026-02-18,FO,NSE,STO,122609,,NYKAA,,2026-02-24,2026-02-24,240.0,PE,NYKAA26FEB240PE,0.21,0.25,0.15,0.15,0.15,0.3,272.4,0.15,840625,-62500,100,75059468.75,87,F1,3125,,,,,
2026-02-18,2026-02-18,FO,NSE,STO,122613,,NYKAA,,2026-02-24,2026-02-24,250.0,PE,NYKAA26FEB250PE,0.5,0.5,0.25,0.26,0.27,0.5,272.4,0.26,1221875,-206250,185,144740812.5,170,F1,3125,,,,,
2026-02-18,2026-02-18,FO,NSE,STO,122629,,NYKAA,,2026-02-24,2026-02-24,290.0,PE,NYKAA26FEB290PE,18.99,18.99,18.27,18.52,18.52,16.27,272.4,17.6,34375,3125,3,2893062.5,3,F1,3125,,,,,
2026-02-18,2026-02-18,FO,NSE,STO,122637,,NYKAA,,2026-02-24,2026-02-24,310.0,PE,NYKAA26FEB310PE,0.0,0.0,0.0,35.53,35.53,35.53,272.4,37.32,9375,0,0,0.0,0,F1,3125,,,,,
2026-02-18,2026-02-18,FO,NSE,STO,145378,,NYKAA,,2026-03-30,2026-03-30,205.0,PE,NYKAA26MAR205PE,0.0,0.0,0.0,1.2,0.0,1.2,272.4,0.01,0,0,0,0.0,0,F1,3125,,,,,
2026-02-18,2026-02-18,FO,NSE,STO,146364,,NYKAA,,2026-03-30,2026-03-30,217.5,PE,NYKAA26MAR217.5PE,0.0,0.0,0.0,5.05,0.0,5.05,272.4,0.09,0,0,0,0.0,0,F1,3125,,,,,
2026-02-18,2026-02-18,FO,NSE,STO,146366,,NYKAA,,2026-03-30,2026-03-30,222.5,PE,NYKAA26MAR222.5PE,0.0,0.0,0.0,6.6,0.0,6.6,272.4,0.17,0,0,0,0.0,0,F1,3125,,,,,
2026-02-18,2026-02-18,FO,NSE,STO,146370,,NYKAA,,2026-03-30,2026-03-30,232.5,PE,NYKAA26MAR232.5PE,0.0,0.0,0.0,10.5,0.0,10.5,272.4,0.53,0,0,0,0.0,0,F1,3125,,,,,
2026-02-18,2026-02-18,FO,NSE,STO,145402,,NYKAA,,2026-03-30,2026-03-30,265.0,PE,NYKAA26MAR265PE,7.61,8.0,7.61,8.0,8.0,17.3,272.4,6.79,6250,6250,2,1705031.25,2,F1,3125,,,,,
2026-02-18,2026-02-18,FO,NSE,STO,145534,,NYKAA,,2026-03-30,2026-03-30,320.0,PE,NYKAA26MAR320PE,0.0,0.0,0.0,55.9,0.0,55.9,272.4,46.45,0,0,0,0.0,0,F1,3125,,,,,
2026-02-18,2026-02-18,FO,NSE,STO,146578,,NYKAA,,2026-04-28,2026-04-28,260.0,PE,NYKAA26APR260PE,0.0,0.0,0.0,28.7,0.0,28.7,272.4,7.62,0,0,0,0.0,0,F1,3125,,,,,
2026-02-18,2026-02-18,FO,NSE,STO,145319,,NYKAA,,2026-02-24,2026-02-24,262.5,CE,NYKAA26FEB262.5CE,0.0,0.0,0.0,12.02,11.96,12.02,272.4,11.04,118750,0,0,0.0,0,F1,3125,,,,,
2026-02-18,2026-02-18,FO,NSE,STO,122626,,NYKAA,,2026-02-24,2026-02-24,285.0,CE,NYKAA26FEB285CE,0.9,1.11,0.58,0.69,0.71,1.02,272.4,0.69,1943750,-75000,345,308080593.75,269,F1,3125,,,,,
2026-02-18,2026-02-18,FO,NSE,STO,145331,,NYKAA,,2026-02-24,2026-02-24,292.5,CE,NYKAA26FEB292.5CE,0.41,0.42,0.23,0.26,0.24,0.44,272.4,0.26,225000,-190625,88,80521875.0,56,F1,3125,,,,,
2026-02-18,2026-02-18,FO,NSE,STO,122630,,NYKAA,,2026-02-24,2026-02-24,295.0,CE,NYKAA26FEB295CE,0.36,0.36,0.17,0.18,0.17,0.36,272.4,0.18,425000,-78125,65,59966375.0,55,F1,3125,,,,,
2026-02-18,2026-02-18,FO,NSE,STO,122636,,NYKAA,,2026-02-24,2026-02-24,310.0,CE,NYKAA26FEB310CE,0.12,0.12,0.03,0.05,0.04,0.12,272.4,0.05,734375,-118750,107,103672968.75,73,F1,3125,,,,,
2026-02-18,2026-02-18,FO,NSE,STO,146377,,NYKAA,,2026-03-30,2026-03-30,252.5,CE,NYKAA26MAR252.5CE,0.0,0.0,0.0,8.35,0.0,8.35,272.4,24.46,0,0,0,0.0,0,F1,3125,,,,,
2026-02-18,2026-02-18,FO,NSE,STO,145533,,NYKAA,,2026-03-30,2026-03-30,320.0,CE,NYKAA26MAR320CE,1.16,1.16,1.16,1.16,1.16,1.55,272.4,0.77,106250,0,1,1003625.0,1,F1,3125,,,,,
2026-02-18,2026-02-18,FO,NSE,STO,124182,,PAGEIND,,2026-02-24,2026-02-24,30000.0,CE,PAGEIND26FEB30000CE,0.0,0.0,0.0,9046.4,0.0,9046.4,33440.7,3467.85,0,0,0,0.0,0,F1,15,,,,,
2026-02-18,2026-02-18,FO,NSE,STO,147951,,PAGEIND,,2026-04-28,2026-04-28,39000.0,PE,PAGEIND26APR39000PE,0.0,0.0,0.0,6150.45,0.0,6150.45,33440.7,5278.45,0,0,0,0.0,0,F1,15,,,,,
2026-02-18,2026-02-18,FO,NSE,STO,147879,,PAGEIND,,2026-04-28,2026-04-28,33000.0,PE,PAGEIND26APR33000PE,0.0,0.0,0.0,1768.6,0.0,1768.6,33440.7,964.75,0,0,0,0.0,0,F1,15,,,,,
2026-02-18,2026-02-18,FO,NSE,STO,147873,,PAGEIND,,2026-04-28,2026-04-28,30000.0,PE,PAGEIND26APR30000PE,0.0,0.0,0.0,610.9,0.0,610.9,33440.7,180.9,0,0,0,0.0,0,F1,15,,,,,
2026-02-18,2026-02-18,FO,NSE,STO,147869,,PAGEIND,,2026-04-28,2026-04-28,28000.0,PE,PAGEIND26APR28000PE,0.0,0.0,0.0,230.95,0.0,230.95,33440.7,35.6,0,0,0,0.0,0,F1,15,,,,,
2026-02-18,2026-02-18,FO,NSE,STO,147841,,PAGEIND,,2026-03-30,2026-03-30,40500.0,PE,PAGEIND26MAR40500PE,7391.25,7391.25,7270.55,7270.55,7270.55,7609.25,33440.7,6822.8,0,0,6,4304781.0,2,F1,15,,,,,
2026-02-18,2026-02-18,FO,NSE,STO,147594,,PAGEIND,,2026-02-24,2026-02-24,40500.0,PE,PAGEIND26FEB40500PE,0.0,0.0,0.0,4841.4,0.0,4841.4,33440.7,7022.7,0,0,0,0.0,0,F1,15,,,,,
2026-02-18,2026-02-18,FO,NSE,STO,147876,,PAGEIND,,2026-04-28,2026-04-28,32000.0,CE,PAGEIND26APR32000CE,0.0,0.0,0.0,2305.4,0.0,2305.4,33440.7,2372.55,0,0,0,0.0,0,F1,15,,,,,
2026-02-18,2026-02-18,FO,NSE,STO,147627,,PAGEIND,,2026-03-30,2026-03-30,32000.0,CE,PAGEIND26MAR32000CE,1726.1,1739.25,1686.6,1686.6,1686.6,1849.65,33440.7,2014.55,15,-30,8,4046441.25,5,F1,15,,,,,
2026-02-18,2026-02-18,FO,NSE,STO,147587,,PAGEIND,,2026-02-24,2026-02-24,37500.0,CE,PAGEIND26FEB37500CE,21.15,21.15,10.05,12.65,10.05,21.15,33440.7,12.65,2280,15,50,28135326.75,31,F1,15,,,,,
2026-02-18,2026-02-18,FO,NSE,STO,147881,,PAGEIND,,2026-04-28,2026-04-28,34000.0,PE,PAGEIND26APR34000PE,0.0,0.0,0.0,2328.15,0.0,2328.15,33440.7,1445.2,0,0,0,0.0,0,F1,15,,,,,
2026-02-18,2026-02-18,FO,NSE,STO,147871,,PAGEIND,,2026-04-28,2026-04-28,29000.0,PE,PAGEIND26APR29000PE,0.0,0.0,0.0,387.05,0.0,387.05,33440.7,85.25,0,0,0,0.0,0,F1,15,,,,,
2026-02-18,2026-02-18,FO,NSE,STO,147632,,PAGEIND,,2026-03-30,2026-03-30,34000.0,PE,PAGEIND26MAR34000PE,1600.0,1654.5,1449.05,1500.0,1500.0,1599.0,33440.7,1500.0,2205,-30,13,6936900.0,13,F1,15,,,,,
2026-02-18,2026-02-18,FO,NSE,STO,124292,,PAGEIND,,2026-02-24,2026-02-24,41000.0,PE,PAGEIND26FEB41000PE,7520.0,7540.0,7520.0,7540.0,7540.0,6250.0,33440.7,7522.25,645,-15,3,2183700.0,2,F1,15,,,,,
2026-02-18,2026-02-18,FO,NSE,STO,124284,,PAGEIND,,2026-02-24,2026-02-24,38000.0,PE,PAGEIND26FEB38000PE,4500.0,4608.2,4470.0,4477.5,4480.0,2725.85,33440.7,4477.5,420,-150,11,7014798.0,10,F1,15,,,,,
2026-02-18,2026-02-18,FO,NSE,STO,147950,,PAGEIND,,2026-04-28,2026-04-28,39000.0,CE,PAGEIND26APR39000CE,0.0,0.0,0.0,267.7,0.0,267.7,33440.7,122.55,0,0,0,0.0,0,F1,15,,,,,
2026-02-18,2026-02-18,FO,NSE,STO,124257,,PAGEIND,,2026-02-24,2026-02-24,34000.0,CE,PAGEIND26FEB34000CE,361.8,389.0,181.0,195.85,190.0,383.2,33440.7,195.85,13260,1320,1086,557631368.25,845,F1,15,,,,,
2026-02-18,2026-02-18,FO,NSE,STO,147764,,PAGEIND,,2026-03-30,2026-03-30,31500.0,CE,PAGEIND26MAR31500CE,0.0,0.0,0.0,2214.8,0.0,2214.8,33440.7,2394.45,0,0,0,0.0,0,F1,15,,,,,
2026-02-18,2026-02-18,FO,NSE,STO,147826,,PAGEIND,,2026-03-30,2026-03-30,33500.0,CE,PAGEIND26MAR33500CE,910.05,1002.2,822.45,980.0,980.0,1006.45,33440.7,1086.85,180,120,18,9291595.5,16,F1,15,,,,,
2026-02-18,2026-02-18,FO,NSE,STO,147584,,PAGEIND,,2026-02-24,2026-02-24,35500.0,PE,PAGEIND26FEB35500PE,2100.0,2240.0,2066.45,2066.45,2066.45,1762.95,33440.7,2036.0,990,-60,10,5648270.25,9,F1,15,,,,,
2026-02-18,2026-02-18,FO,NSE,STO,124256,,PAGEIND,,2026-02-24,2026-02-24,33000.0,PE,PAGEIND26FEB33000PE,163.0,295.0,141.75,170.3,174.95,176.7,33440.7,170.3,3240,-1110,598,297986865.0,470,F1,15,,,,,
2026-02-18,2026-02-18,FO,NSE,STO,147872,,PAGEIND,,2026-04-28,2026-04-28,30000.0,CE,PAGEIND26APR30000CE,0.0,0.0,0.0,3590.3,0.0,3590.3,33440.7,3931.9,0,0,0,0.0,0,F1,15,,,,,
2026-02-18,2026-02-18,FO,NSE,STO,147631,,PAGEIND,,2026-03-30,2026-03-30,34000.0,CE,PAGEIND26MAR34000CE,750.0,762.15,656.2,726.0,727.0,864.75,33440.7,726.0,1770,90,82,42708444.0,50,F1,15,,,,,
2026-02-18,2026-02-18,FO,NSE,STO,124176,,PAGEIND,,2026-02-24,2026-02-24,28000.0,CE,PAGEIND26FEB28000CE,0.0,0.0,0.0,7500.0,7500.0,7500.0,33440.7,5466.0,450,0,0,0.0,0,F1,15,,,,,
2026-02-18,2026-02-18,FO,NSE,STO,147571,,PAGEIND,,2026-02-24,2026-02-24,32500.0,CE,PAGEIND26FEB32500CE,1050.0,1117.9,950.0,1117.9,1117.9,1209.55,33440.7,1117.9,1260,-210,44,22126402.5,44,F1,15,,,,,
2026-02-18,2026-02-18,FO,NSE,STO,147573,,PAGEIND,,2026-02-24,2026-02-24,33500.0,CE,PAGEIND26FEB33500CE,580.55,642.4,337.1,388.95,380.65,624.0,33440.7,388.95,5085,1305,950,483188515.5,735,F1,15,,,,,
2026-02-18,2026-02-18,FO,NSE,STO,147569,,PAGEIND,,2026-02-24,2026-02-24,31500.0,CE,PAGEIND26FEB31500CE,0.0,0.0,0.0,3940.7,3940.7,3940.7,33440.7,1976.15,105,0,0,0.0,0,F1,15,,,,,
2026-02-18,2026-02-18,FO,NSE,STF,66961,,PAGEIND,,2026-04-28,2026-04-28,,,PAGEIND26APRFUT,33250.0,33285.0,32945.0,33115.0,33130.0,33250.0,33440.7,33115.0,3990,120,42,20855850.0,41,F1,15,,,,,
2026-02-18,2026-02-18,FO,NSE,STF,51998,,PAGEIND,,2026-03-30,2026-03-30,,,PAGEIND26MARFUT,33295.0,33490.0,33040.0,33205.0,33180.0,33390.0,33440.7,33205.0,51750,12285,1536,764431800.0,1069,F1,15,,,,,
2026-02-18,2026-02-18,FO,NSE,STO,147877,,PAGEIND,,2026-04-28,2026-04-28,32000.0,PE,PAGEIND26APR32000PE,0.0,0.0,0.0,1295.35,0.0,1295.35,33440.7,600.85,0,0,0,0.0,0,F1,15,,,,,
2026-02-18,2026-02-18,FO,NSE,STO,147827,,PAGEIND,,2026-03-30,2026-03-30,33500.0,PE,PAGEIND26MAR33500PE,1270.0,1270.0,1270.0,1270.0,1270.0,1821.4,33440.7,944.8,15,15,1,521550.0,1,F1,15,,,,,
2026-02-18,2026-02-18,FO,NSE,STO,147626,,PAGEIND,,2026-03-30,2026-03-30,31000.0,PE,PAGEIND26MAR31000PE,306.0,306.0,250.0,250.0,250.0,319.95,33440.7,250.0,105,30,3,1407930.0,3,F1,15,,,,,
2026-02-18,2026-02-18,FO,NSE,STO,147624,,PAGEIND,,2026-03-30,2026-03-30,30000.0,PE,PAGEIND26MAR30000PE,193.9,195.0,170.0,170.0,170.0,189.05,33440.7,69.85,150,150,11,4981767.0,3,F1,15,,,,,
2026-02-18,2026-02-18,FO,NSE,STO,147622,,PAGEIND,,2026-03-30,2026-03-30,29000.0,PE,PAGEIND26MAR29000PE,0.0,0.0,0.0,107.2,0.0,107.2,33440.7,23.0,0,0,0,0.0,0,F1,15,,,,,
2026-02-18,2026-02-18,FO,NSE,STO,147592,,PAGEIND,,2026-02-24,2026-02-24,39500.0,PE,PAGEIND26FEB39500PE,0.0,0.0,0.0,3997.6,0.0,3997.6,33440.7,6023.6,0,0,0,0.0,0,F1,15,,,,,
2026-02-18,2026-02-18,FO,NSE,STO,147576,,PAGEIND,,2026-02-24,2026-02-24,34500.0,PE,PAGEIND26FEB34500PE,867.9,1283.8,864.1,1057.25,1092.5,946.6,33440.7,1057.25,3825,0,26,13889497.5,26,F1,15,,,,,
2026-02-18,2026-02-18,FO,NSE,STO,147572,,PAGEIND,,2026-02-24,2026-02-24,32500.0,PE,PAGEIND26FEB32500PE,169.95,169.95,77.7,79.45,77.7,170.0,33440.7,79.45,3135,435,139,67989057.75,121,F1,15,,,,,
2026-02-18,2026-02-18,FO,NSE,STO,147566,,PAGEIND,,2026-02-24,2026-02-24,29500.0,PE,PAGEIND26FEB29500PE,1.65,13.75,1.65,4.9,4.5,50.75,33440.7,4.9,315,315,1900,840995846.25,1782,F1,15,,,,,
2026-02-18,2026-02-18,FO,NSE,STO,147952,,PAGEIND,,2026-04-28,2026-04-28,40000.0,CE,PAGEIND26APR40000CE,0.0,0.0,0.0,183.3,0.0,183.3,33440.7,68.9,0,0,0,0.0,0,F1,15,,,,,
2026-02-18,2026-02-18,FO,NSE,STO,147884,,PAGEIND,,2026-04-28,2026-04-28,36000.0,CE,PAGEIND26APR36000CE,0.0,0.0,0.0,753.5,0.0,753.5,33440.7,551.75,0,0,0,0.0,0,F1,15,,,,,
2026-02-18,2026-02-18,FO,NSE,STO,147641,,PAGEIND,,2026-03-30,2026-03-30,39000.0,CE,PAGEIND26MAR39000CE,0.0,0.0,0.0,60.0,60.0,60.0,33440.7,27.4,15,0,0,0.0,0,F1,15,,,,,
2026-02-18,2026-02-18,FO,NSE,STO,147832,,PAGEIND,,2026-03-30,2026-03-30,36500.0,CE,PAGEIND26MAR36500CE,209.9,209.9,201.0,201.0,201.0,227.6,33440.7,193.25,330,90,14,7707826.5,5,F1,15,,,,,
2026-02-18,2026-02-18,FO,NSE,STO,147828,,PAGEIND,,2026-03-30,2026-03-30,34500.0,CE,PAGEIND26MAR34500CE,637.8,637.8,500.0,583.35,583.35,836.2,33440.7,658.9,60,-15,11,5787750.75,8,F1,15,,,,,
2026-02-18,2026-02-18,FO,NSE,STO,147585,,PAGEIND,,2026-02-24,2026-02-24,36500.0,CE,PAGEIND26FEB36500CE,16.05,26.1,14.5,19.05,18.2,41.3,33440.7,19.05,2655,-630,134,73406990.25,113,F1,15,,,,,
2026-02-18,2026-02-18,FO,NSE,STO,124269,,PAGEIND,,2026-02-24,2026-02-24,36000.0,CE,PAGEIND26FEB36000CE,46.05,55.0,25.0,27.0,26.3,53.55,33440.7,27.0,19770,-3660,1382,746950788.0,840,F1,15,,,,,
2026-02-18,2026-02-18,FO,NSE,STO,147833,,PAGEIND,,2026-03-30,2026-03-30,36500.0,PE,PAGEIND26MAR36500PE,0.0,0.0,0.0,3496.3,3496.3,3496.3,33440.7,3033.2,15,0,0,0.0,0,F1,15,,,,,
2026-02-18,2026-02-18,FO,NSE,STO,124266,,PAGEIND,,2026-02-24,2026-02-24,35000.0,CE,PAGEIND26FEB35000CE,161.35,161.35,49.8,53.4,53.95,132.2,33440.7,53.4,18255,-2835,1959,1030620630.75,1388,F1,15,,,,,
2026-02-18,2026-02-18,FO,NSE,STO,147619,,PAGEIND,,2026-03-30,2026-03-30,28000.0,CE,PAGEIND26MAR28000CE,0.0,0.0,0.0,8036.3,0.0,8036.3,33440.7,5615.1,0,0,0,0.0,0,F1,15,,,,,
2026-02-18,2026-02-18,FO,NSE,STO,147760,,PAGEIND,,2026-03-30,2026-03-30,29500.0,CE,PAGEIND26MAR29500CE,0.0,0.0,0.0,3648.1,0.0,3648.1,33440.7,4159.05,0,0,0,0.0,0,F1,15,,,,,
2026-02-18,2026-02-18,FO,NSE,STO,147623,,PAGEIND,,2026-03-30,2026-03-30,30000.0,CE,PAGEIND26MAR30000CE,3332.1,3332.1,3255.55,3255.55,3255.55,3449.25,33440.7,3690.85,15,-30,4,1998777.75,4,F1,15,,,,,
2026-02-18,2026-02-18,FO,NSE,STO,147830,,PAGEIND,,2026-03-30,2026-03-30,35500.0,CE,PAGEIND26MAR35500CE,0.0,0.0,0.0,568.0,0.0,568.0,33440.7,370.65,0,0,0,0.0,0,F1,15,,,,,
2026-02-18,2026-02-18,FO,NSE,STO,147639,,PAGEIND,,2026-03-30,2026-03-30,38000.0,CE,PAGEIND26MAR38000CE,0.0,0.0,0.0,137.05,137.05,137.05,33440.7,63.2,705,0,0,0.0,0,F1,15,,,,,
2026-02-18,2026-02-18,FO,NSE,STO,147840,,PAGEIND,,2026-03-30,2026-03-30,40500.0,CE,PAGEIND26MAR40500CE,0.0,0.0,0.0,52.85,0.0,52.85,33440.7,6.85,0,0,0,0.0,0,F1,15,,,,,
2026-02-18,2026-02-18,FO,NSE,STO,147882,,PAGEIND,,2026-04-28,2026-04-28,35000.0,CE,PAGEIND26APR35000CE,0.0,0.0,0.0,1024.25,0.0,1024.25,33440.7,842.95,0,0,0,0.0,0,F1,15,,,,,
2026-02-18,2026-02-18,FO,NSE,STO,147886,,PAGEIND,,2026-04-28,2026-04-28,37000.0,CE,PAGEIND26APR37000CE,0.0,0.0,0.0,542.8,0.0,542.8,33440.7,347.2,0,0,0,0.0,0,F1,15,,,,,
2026-02-18,2026-02-18,FO,NSE,STO,124181,,PAGEIND,,2026-02-24,2026-02-24,29000.0,PE,PAGEIND26FEB29000PE,11.6,13.5,3.35,3.7,3.5,10.4,33440.7,3.7,2595,300,2275,989975622.0,1857,F1,15,,,,,
2026-02-18,2026-02-18,FO,NSE,STO,147568,,PAGEIND,,2026-02-24,2026-02-24,30500.0,PE,PAGEIND26FEB30500PE,10.8,11.0,6.0,7.6,6.0,107.1,33440.7,7.6,90,90,14,6406595.25,7,F1,15,,,,,
2026-02-18,2026-02-18,FO,NSE,STO,147765,,PAGEIND,,2026-03-30,2026-03-30,31500.0,PE,PAGEIND26MAR31500PE,365.35,365.35,365.35,365.35,365.35,482.7,33440.7,264.45,30,0,1,477980.25,1,F1,15,,,,,
2026-02-18,2026-02-18,FO,NSE,STO,147831,,PAGEIND,,2026-03-30,2026-03-30,35500.0,PE,PAGEIND26MAR35500PE,0.0,0.0,0.0,2650.0,2650.0,2650.0,33440.7,2216.6,30,0,0,0.0,0,F1,15,,,,,
2026-02-18,2026-02-18,FO,NSE,STO,147636,,PAGEIND,,2026-03-30,2026-03-30,36000.0,PE,PAGEIND26MAR36000PE,3041.35,3150.0,2973.55,3000.0,3000.0,2900.0,33440.7,2613.15,105,45,5,2928093.75,5,F1,15,,,,,
2026-02-18,2026-02-18,FO,NSE,STO,147955,,PAGEIND,,2026-04-28,2026-04-28,41000.0,PE,PAGEIND26APR41000PE,0.0,0.0,0.0,7975.7,0.0,7975.7,33440.7,7172.65,0,0,0,0.0,0,F1,15,,,,,
2026-02-18,2026-02-18,FO,NSE,STO,147634,,PAGEIND,,2026-03-30,2026-03-30,35000.0,PE,PAGEIND26MAR35000PE,2400.0,2400.0,2146.6,2146.6,2146.6,2250.0,33440.7,1847.85,285,120,18,10046396.25,18,F1,15,,,,,
2026-02-18,2026-02-18,FO,NSE,STO,147763,,PAGEIND,,2026-03-30,2026-03-30,30500.0,PE,PAGEIND26MAR30500PE,0.0,0.0,0.0,546.3,0.0,546.3,33440.7,113.5,0,0,0,0.0,0,F1,15,,,,,
2026-02-18,2026-02-18,FO,NSE,STO,147589,,PAGEIND,,2026-02-24,2026-02-24,38500.0,CE,PAGEIND26FEB38500CE,10.0,10.6,5.55,6.45,5.55,12.05,33440.7,6.45,1290,-75,53,30614724.75,47,F1,15,,,,,
2026-02-18,2026-02-18,FO,NSE,STO,124291,,PAGEIND,,2026-02-24,2026-02-24,41000.0,CE,PAGEIND26FEB41000CE,6.2,6.95,3.55,6.2,6.2,5.3,33440.7,6.2,4725,600,669,411489897.75,599,F1,15,,,,,
2026-02-18,2026-02-18,FO,NSE,STO,147635,,PAGEIND,,2026-03-30,2026-03-30,36000.0,CE,PAGEIND26MAR36000CE,250.05,290.95,222.3,222.3,222.3,250.0,33440.7,270.2,555,60,22,11967367.5,19,F1,15,,,,,
2026-02-18,2026-02-18,FO,NSE,STO,147570,,PAGEIND,,2026-02-24,2026-02-24,31500.0,PE,PAGEIND26FEB31500PE,35.0,35.0,19.5,22.0,24.3,30.45,33440.7,22.0,1065,-405,136,64311214.5,95,F1,15,,,,,
2026-02-18,2026-02-18,FO,NSE,STO,147588,,PAGEIND,,2026-02-24,2026-02-24,37500.0,PE,PAGEIND26FEB37500PE,0.0,0.0,0.0,3030.0,3030.0,3030.0,33440.7,4025.45,75,0,0,0.0,0,F1,15,,,,,
2026-02-18,2026-02-18,FO,NSE,STO,147643,,PAGEIND,,2026-03-30,2026-03-30,40000.0,CE,PAGEIND26MAR40000CE,50.0,50.0,41.9,44.3,44.3,50.0,33440.7,11.05,870,45,19,11412570.0,13,F1,15,,,,,
2026-02-18,2026-02-18,FO,NSE,STO,147645,,PAGEIND,,2026-03-30,2026-03-30,41000.0,CE,PAGEIND26MAR41000CE,1.1,1.1,1.1,1.1,1.1,508.3,33440.7,4.2,15,15,1,615016.5,1,F1,15,,,,,
2026-02-18,2026-02-18,FO,NSE,STO,147868,,PAGEIND,,2026-04-28,2026-04-28,28000.0,CE,PAGEIND26APR28000CE,0.0,0.0,0.0,5179.75,0.0,5179.75,33440.7,5765.95,0,0,0,0.0,0,F1,15,,,,,
2026-02-18,2026-02-18,FO,NSE,STO,147878,,PAGEIND,,2026-04-28,2026-04-28,33000.0,CE,PAGEIND26APR33000CE,0.0,0.0,0.0,1794.0,0.0,1794.0,33440.7,1746.75,0,0,0,0.0,0,F1,15,,,,,
2026-02-18,2026-02-18,FO,NSE,STO,147948,,PAGEIND,,2026-04-28,2026-04-28,38000.0,CE,PAGEIND26APR38000CE,0.0,0.0,0.0,384.5,0.0,384.5,33440.7,210.2,0,0,0,0.0,0,F1,15,,,,,
2026-02-18,2026-02-18,FO,NSE,STO,124237,,PAGEIND,,2026-02-24,2026-02-24,31000.0,CE,PAGEIND26FEB31000CE,0.0,0.0,0.0,2377.1,2377.1,2377.1,33440.7,2470.1,240,0,0,0.0,0,F1,15,,,,,
2026-02-18,2026-02-18,FO,NSE,STO,147575,,PAGEIND,,2026-02-24,2026-02-24,34500.0,CE,PAGEIND26FEB34500CE,215.25,249.95,94.85,102.35,100.0,226.8,33440.7,102.35,18120,1920,1641,852897294.0,1172,F1,15,,,,,
2026-02-18,2026-02-18,FO,NSE,STO,147836,,PAGEIND,,2026-03-30,2026-03-30,38500.0,CE,PAGEIND26MAR38500CE,0.0,0.0,0.0,148.45,0.0,148.45,33440.7,41.95,0,0,0,0.0,0,F1,15,,,,,
2026-02-18,2026-02-18,FO,NSE,STO,147593,,PAGEIND,,2026-02-24,2026-02-24,40500.0,CE,PAGEIND26FEB40500CE,0.0,0.0,0.0,7.5,7.5,7.5,33440.7,0.05,90,0,0,0.0,0,F1,15,,,,,
2026-02-18,2026-02-18,FO,NSE,STO,124274,,PAGEIND,,2026-02-24,2026-02-24,37000.0,CE,PAGEIND26FEB37000CE,26.55,27.5,13.5,16.1,15.0,26.55,33440.7,16.1,7710,-60,250,138816485.25,174,F1,15,,,,,
2026-02-18,2026-02-18,FO,NSE,STO,124178,,PAGEIND,,2026-02-24,2026-02-24,29000.0,CE,PAGEIND26FEB29000CE,0.0,0.0,0.0,3063.9,3063.9,3063.9,33440.7,4466.9,30,0,0,0.0,0,F1,15,,,,,
2026-02-18,2026-02-18,FO,NSE,STO,147953,,PAGEIND,,2026-04-28,2026-04-28,40000.0,PE,PAGEIND26APR40000PE,0.0,0.0,0.0,7050.75,0.0,7050.75,33440.7,6214.45,0,0,0,0.0,0,F1,15,,,,,
2026-02-18,2026-02-18,FO,NSE,STO,147885,,PAGEIND,,2026-04-28,2026-04-28,36000.0,PE,PAGEIND26APR36000PE,0.0,0.0,0.0,3682.2,0.0,3682.2,33440.7,2738.7,0,0,0,0.0,0,F1,15,,,,,
2026-02-18,2026-02-18,FO,NSE,STO,147839,,PAGEIND,,2026-03-30,2026-03-30,39500.0,PE,PAGEIND26MAR39500PE,0.0,0.0,0.0,6500.15,6500.15,6500.15,33440.7,5839.5,0,0,0,0.0,0,F1,15,,,,,
2026-02-18,2026-02-18,FO,NSE,STO,147829,,PAGEIND,,2026-03-30,2026-03-30,34500.0,PE,PAGEIND26MAR34500PE,0.0,0.0,0.0,2453.45,0.0,2453.45,33440.7,1510.9,0,0,0,0.0,0,F1,15,,,,,
2026-02-18,2026-02-18,FO,NSE,STO,124290,,PAGEIND,,2026-02-24,2026-02-24,40000.0,PE,PAGEIND26FEB40000PE,0.0,0.0,0.0,6340.0,6340.0,6340.0,33440.7,6523.15,390,0,0,0.0,0,F1,15,,,,,
2026-02-18,2026-02-18,FO,NSE,STO,124251,,PAGEIND,,2026-02-24,2026-02-24,32000.0,PE,PAGEIND26FEB32000PE,36.0,79.0,35.0,41.5,44.2,50.95,33440.7,41.5,6555,-2040,749,360213369.0,502,F1,15,,,,,
2026-02-18,2026-02-18,FO,NSE,STO,124183,,PAGEIND,,2026-02-24,2026-02-24,30000.0,PE,PAGEIND26FEB30000PE,16.9,16.9,4.4,4.75,5.1,14.1,33440.7,4.75,3465,315,3213,1446400184.25,2591,F1,15,,,,,
2026-02-18,2026-02-18,FO,NSE,STO,147956,,PAGEIND,,2026-04-28,2026-04-28,42000.0,CE,PAGEIND26APR42000CE,0.0,0.0,0.0,82.05,0.0,82.05,33440.7,19.65,0,0,0,0.0,0,F1,15,,,,,
2026-02-18,2026-02-18,FO,NSE,STO,147880,,PAGEIND,,2026-04-28,2026-04-28,34000.0,CE,PAGEIND26APR34000CE,0.0,0.0,0.0,1368.8,0.0,1368.8,33440.7,1237.6,0,0,0,0.0,0,F1,15,,,,,
2026-02-18,2026-02-18,FO,NSE,STO,147874,,PAGEIND,,2026-04-28,2026-04-28,31000.0,CE,PAGEIND26APR31000CE,0.0,0.0,0.0,2904.4,0.0,2904.4,33440.7,3106.65,0,0,0,0.0,0,F1,15,,,,,
2026-02-18,2026-02-18,FO,NSE,STO,147864,,PAGEIND,,2026-04-28,2026-04-28,26000.0,CE,PAGEIND26APR26000CE,0.0,0.0,0.0,6984.15,0.0,6984.15,33440.7,7713.65,0,0,0,0.0,0,F1,15,,,,,
2026-02-18,2026-02-18,FO,NSE,STO,147625,,PAGEIND,,2026-03-30,2026-03-30,31000.0,CE,PAGEIND26MAR31000CE,2450.15,2450.15,2450.15,2450.15,2450.15,5337.25,33440.7,2803.7,15,15,1,501752.25,1,F1,15,,,,,
2026-02-18,2026-02-18,FO,NSE,STO,147574,,PAGEIND,,2026-02-24,2026-02-24,33500.0,PE,PAGEIND26FEB33500PE,330.0,510.5,296.95,349.9,350.0,340.05,33440.7,349.9,2775,795,240,121999665.75,186,F1,15,,,,,
2026-02-18,2026-02-18,FO,NSE,STO,124262,,PAGEIND,,2026-02-24,2026-02-24,34000.0,PE,PAGEIND26FEB34000PE,577.25,860.0,524.15,664.85,659.65,574.4,33440.7,664.85,3330,-585,208,108446485.5,167,F1,15,,,,,
2026-02-18,2026-02-18,FO,NSE,STO,124273,,PAGEIND,,2026-02-24,2026-02-24,36000.0,PE,PAGEIND26FEB36000PE,2600.0,2600.0,2600.0,2600.0,2600.0,2300.0,33440.7,2529.05,5535,-15,1,579000.0,1,F1,15,,,,,
2026-02-18,2026-02-18,FO,NSE,STO,147586,,PAGEIND,,2026-02-24,2026-02-24,36500.0,PE,PAGEIND26FEB36500PE,0.0,0.0,0.0,2923.55,2923.55,2923.55,33440.7,3026.8,990,0,0,0.0,0,F1,15,,,,,
2026-02-18,2026-02-18,FO,NSE,STO,147620,,PAGEIND,,2026-03-30,2026-03-30,28000.0,PE,PAGEIND26MAR28000PE,0.0,0.0,0.0,56.7,0.0,56.7,33440.7,6.15,0,0,0,0.0,0,F1,15,,,,,
2026-02-18,2026-02-18,FO,NSE,STO,147628,,PAGEIND,,2026-03-30,2026-03-30,32000.0,PE,PAGEIND26MAR32000PE,550.0,650.0,500.0,534.55,550.0,550.0,33440.7,534.55,555,0,61,29811915.75,49,F1,15,,,,,
2026-02-18,2026-02-18,FO,NSE,STO,147646,,PAGEIND,,2026-03-30,2026-03-30,41000.0,PE,PAGEIND26MAR41000PE,7780.0,7780.0,7770.0,7770.0,7770.0,6900.0,33440.7,7317.1,150,45,3,2194950.0,2,F1,15,,,,,
2026-02-18,2026-02-18,FO,NSE,STF,59440,,PAGEIND,,2026-02-24,2026-02-24,,,PAGEIND26FEBFUT,33835.0,33860.0,33290.0,33545.0,33575.0,33780.0,33440.7,33545.0,243375,-3885,2378,1195016475.0,1820,F1,15,,,,,
2026-02-18,2026-02-18,FO,NSE,STO,124283,,PAGEIND,,2026-02-24,2026-02-24,38000.0,CE,PAGEIND26FEB38000CE,19.25,19.3,10.05,10.8,10.75,18.7,33440.7,10.8,8835,-1755,435,248026075.5,286,F1,15,,,,,
2026-02-18,2026-02-18,FO,NSE,STO,147621,,PAGEIND,,2026-03-30,2026-03-30,29000.0,CE,PAGEIND26MAR29000CE,0.0,0.0,0.0,7101.6,0.0,7101.6,33440.7,4638.0,0,0,0,0.0,0,F1,15,,,,,
2026-02-18,2026-02-18,FO,NSE,STO,147762,,PAGEIND,,2026-03-30,2026-03-30,30500.0,CE,PAGEIND26MAR30500CE,0.0,0.0,0.0,2885.35,0.0,2885.35,33440.7,3237.5,0,0,0,0.0,0,F1,15,,,,,
2026-02-18,2026-02-18,FO,NSE,STO,124288,,PAGEIND,,2026-02-24,2026-02-24,39000.0,PE,PAGEIND26FEB39000PE,0.0,0.0,0.0,5425.0,5425.0,5425.0,33440.7,5524.05,930,0,0,0.0,0,F1,15,,,,,
2026-02-18,2026-02-18,FO,NSE,STO,147835,,PAGEIND,,2026-03-30,2026-03-30,37500.0,PE,PAGEIND26MAR37500PE,4500.0,4500.0,4405.0,4405.0,4405.0,4826.65,33440.7,3927.4,45,45,3,1888200.0,3,F1,15,,,,,
2026-02-18,2026-02-18,FO,NSE,STO,147837,,PAGEIND,,2026-03-30,2026-03-30,38500.0,PE,PAGEIND26MAR38500PE,0.0,0.0,0.0,5725.8,0.0,5725.8,33440.7,4869.9,0,0,0,0.0,0,F1,15,,,,,
2026-02-18,2026-02-18,FO,NSE,STO,124253,,PAGEIND,,2026-02-24,2026-02-24,33000.0,CE,PAGEIND26FEB33000CE,980.0,1009.35,600.0,707.0,698.65,979.7,33440.7,707.0,3480,615,345,174321980.25,231,F1,15,,,,,
2026-02-18,2026-02-18,FO,NSE,STO,147577,,PAGEIND,,2026-02-24,2026-02-24,35500.0,CE,PAGEIND26FEB35500CE,87.05,87.05,27.6,33.75,32.55,82.9,33440.7,33.75,6855,120,585,311923701.0,472,F1,15,,,,,
2026-02-18,2026-02-18,FO,NSE,STO,124287,,PAGEIND,,2026-02-24,2026-02-24,39000.0,CE,PAGEIND26FEB39000CE,11.0,12.2,5.0,8.65,8.65,10.75,33440.7,8.65,7920,-1185,614,359269045.5,548,F1,15,,,,,
2026-02-18,2026-02-18,FO,NSE,STO,147834,,PAGEIND,,2026-03-30,2026-03-30,37500.0,CE,PAGEIND26MAR37500CE,121.45,121.45,92.2,92.2,92.2,238.9,33440.7,93.45,30,30,3,1692459.75,3,F1,15,,,,,
2026-02-18,2026-02-18,FO,NSE,STO,147590,,PAGEIND,,2026-02-24,2026-02-24,38500.0,PE,PAGEIND26FEB38500PE,0.0,0.0,0.0,3700.0,3700.0,3700.0,33440.7,5024.5,135,0,0,0.0,0,F1,15,,,,,
2026-02-18,2026-02-18,FO,NSE,STO,147637,,PAGEIND,,2026-03-30,2026-03-30,37000.0,CE,PAGEIND26MAR37000CE,0.0,0.0,0.0,195.0,195.0,195.0,33440.7,135.65,15,0,0,0.0,0,F1,15,,,,,
2026-02-18,2026-02-18,FO,NSE,STO,147838,,PAGEIND,,2026-03-30,2026-03-30,39500.0,CE,PAGEIND26MAR39500CE,0.0,0.0,0.0,133.5,133.5,133.5,33440.7,17.55,660,0,0,0.0,0,F1,15,,,,,
2026-02-18,2026-02-18,FO,NSE,STO,147870,,PAGEIND,,2026-04-28,2026-04-28,29000.0,CE,PAGEIND26APR29000CE,0.0,0.0,0.0,4351.15,0.0,4351.15,33440.7,4825.9,0,0,0,0.0,0,F1,15,,,,,
2026-02-18,2026-02-18,FO,NSE,STO,147883,,PAGEIND,,2026-04-28,2026-04-28,35000.0,PE,PAGEIND26APR35000PE,0.0,0.0,0.0,2968.25,0.0,2968.25,33440.7,2040.2,0,0,0,0.0,0,F1,15,,,,,
2026-02-18,2026-02-18,FO,NSE,STO,147875,,PAGEIND,,2026-04-28,2026-04-28,31000.0,PE,PAGEIND26APR31000PE,0.0,0.0,0.0,909.7,0.0,909.7,33440.7,345.3,0,0,0,0.0,0,F1,15,,,,,
2026-02-18,2026-02-18,FO,NSE,STO,147865,,PAGEIND,,2026-04-28,2026-04-28,26000.0,PE,PAGEIND26APR26000PE,0.0,0.0,0.0,66.0,0.0,66.0,33440.7,4.05,0,0,0,0.0,0,F1,15,,,,,
2026-02-18,2026-02-18,FO,NSE,STO,147644,,PAGEIND,,2026-03-30,2026-03-30,40000.0,PE,PAGEIND26MAR40000PE,0.0,0.0,0.0,6700.0,6700.0,6700.0,33440.7,6330.0,75,0,0,0.0,0,F1,15,,,,,
2026-02-18,2026-02-18,FO,NSE,STO,147567,,PAGEIND,,2026-02-24,2026-02-24,30500.0,CE,PAGEIND26FEB30500CE,0.0,0.0,0.0,5453.9,0.0,5453.9,33440.7,2968.45,0,0,0,0.0,0,F1,15,,,,,
2026-02-18,2026-02-18,FO,NSE,STO,147767,,PAGEIND,,2026-03-30,2026-03-30,32500.0,PE,PAGEIND26MAR32500PE,0.0,0.0,0.0,819.2,819.2,819.2,33440.7,532.1,150,0,0,0.0,0,F1,15,,,,,
2026-02-18,2026-02-18,FO,NSE,STO,124241,,PAGEIND,,2026-02-24,2026-02-24,32000.0,CE,PAGEIND26FEB32000CE,1475.0,1606.25,1386.55,1567.65,1567.65,1820.0,33440.7,1567.65,2055,-135,17,8538048.75,17,F1,15,,,,,
2026-02-18,2026-02-18,FO,NSE,STO,147629,,PAGEIND,,2026-03-30,2026-03-30,33000.0,CE,PAGEIND26MAR33000CE,0.0,0.0,0.0,1034.0,1034.0,1034.0,33440.7,1358.25,120,0,0,0.0,0,F1,15,,,,,
2026-02-18,2026-02-18,FO,NSE,STO,147633,,PAGEIND,,2026-03-30,2026-03-30,35000.0,CE,PAGEIND26MAR35000CE,535.0,657.3,416.5,425.45,421.25,530.0,33440.7,425.45,2310,1590,255,135597567.75,181,F1,15,,,,,
2026-02-18,2026-02-18,FO,NSE,STO,124238,,PAGEIND,,2026-02-24,2026-02-24,31000.0,PE,PAGEIND26FEB31000PE,20.45,22.0,7.05,8.15,9.15,19.5,33440.7,8.15,6000,135,1021,474994204.5,750,F1,15,,,,,
2026-02-18,2026-02-18,FO,NSE,STO,124282,,PAGEIND,,2026-02-24,2026-02-24,37000.0,PE,PAGEIND26FEB37000PE,0.0,0.0,0.0,3450.05,3450.05,3450.05,33440.7,3525.95,300,0,0,0.0,0,F1,15,,,,,
2026-02-18,2026-02-18,FO,NSE,STO,147949,,PAGEIND,,2026-04-28,2026-04-28,38000.0,PE,PAGEIND26APR38000PE,0.0,0.0,0.0,5282.55,0.0,5282.55,33440.7,4376.45,0,0,0,0.0,0,F1,15,,,,,
2026-02-18,2026-02-18,FO,NSE,STO,147957,,PAGEIND,,2026-04-28,2026-04-28,42000.0,PE,PAGEIND26APR42000PE,0.0,0.0,0.0,8918.85,0.0,8918.85,33440.7,8144.55,0,0,0,0.0,0,F1,15,,,,,
2026-02-18,2026-02-18,FO,NSE,STO,147887,,PAGEIND,,2026-04-28,2026-04-28,37000.0,PE,PAGEIND26APR37000PE,0.0,0.0,0.0,4456.15,0.0,4456.15,33440.7,3523.8,0,0,0,0.0,0,F1,15,,,,,
2026-02-18,2026-02-18,FO,NSE,STO,147642,,PAGEIND,,2026-03-30,2026-03-30,39000.0,PE,PAGEIND26MAR39000PE,0.0,0.0,0.0,5791.05,5791.05,5791.05,33440.7,5352.3,840,0,0,0.0,0,F1,15,,,,,
2026-02-18,2026-02-18,FO,NSE,STO,147640,,PAGEIND,,2026-03-30,2026-03-30,38000.0,PE,PAGEIND26MAR38000PE,4700.0,4700.0,4700.0,4700.0,4700.0,5044.85,33440.7,4700.0,75,60,4,2562000.0,1,F1,15,,,,,
2026-02-18,2026-02-18,FO,NSE,STO,147638,,PAGEIND,,2026-03-30,2026-03-30,37000.0,PE,PAGEIND26MAR37000PE,0.0,0.0,0.0,2461.35,0.0,2461.35,33440.7,3472.6,0,0,0,0.0,0,F1,15,,,,,
2026-02-18,2026-02-18,FO,NSE,STO,147630,,PAGEIND,,2026-03-30,2026-03-30,33000.0,PE,PAGEIND26MAR33000PE,960.0,1112.0,897.2,897.2,897.2,999.95,33440.7,719.25,165,45,12,6116237.25,9,F1,15,,,,,
2026-02-18,2026-02-18,FO,NSE,STO,147761,,PAGEIND,,2026-03-30,2026-03-30,29500.0,PE,PAGEIND26MAR29500PE,0.0,0.0,0.0,319.55,0.0,319.55,33440.7,41.1,0,0,0,0.0,0,F1,15,,,,,
2026-02-18,2026-02-18,FO,NSE,STO,147565,,PAGEIND,,2026-02-24,2026-02-24,29500.0,CE,PAGEIND26FEB29500CE,0.0,0.0,0.0,6388.3,0.0,6388.3,33440.7,3967.35,0,0,0,0.0,0,F1,15,,,,,
2026-02-18,2026-02-18,FO,NSE,STO,124268,,PAGEIND,,2026-02-24,2026-02-24,35000.0,PE,PAGEIND26FEB35000PE,1323.0,1736.1,1323.0,1541.7,1541.7,1366.0,33440.7,1541.7,6510,-315,33,18132806.25,27,F1,15,,,,,
2026-02-18,2026-02-18,FO,NSE,STO,124177,,PAGEIND,,2026-02-24,2026-02-24,28000.0,PE,PAGEIND26FEB28000PE,10.0,11.85,3.2,3.8,3.65,10.0,33440.7,3.8,705,-255,116,48732241.5,105,F1,15,,,,,
2026-02-18,2026-02-18,FO,NSE,STO,147954,,PAGEIND,,2026-04-28,2026-04-28,41000.0,CE,PAGEIND26APR41000CE,0.0,0.0,0.0,123.55,0.0,123.55,33440.7,37.4,0,0,0,0.0,0,F1,15,,,,,
2026-02-18,2026-02-18,FO,NSE,STO,147647,,PAGEIND,,2026-03-30,2026-03-30,42000.0,CE,PAGEIND26MAR42000CE,0.0,0.0,0.0,27.1,27.1,27.1,33440.7,1.5,225,0,0,0.0,0,F1,15,,,,,
2026-02-18,2026-02-18,FO,NSE,STO,147766,,PAGEIND,,2026-03-30,2026-03-30,32500.0,CE,PAGEIND26MAR32500CE,0.0,0.0,0.0,1521.55,1521.55,1521.55,33440.7,1668.1,75,0,0,0.0,0,F1,15,,,,,
2026-02-18,2026-02-18,FO,NSE,STO,124289,,PAGEIND,,2026-02-24,2026-02-24,40000.0,CE,PAGEIND26FEB40000CE,12.05,12.05,6.85,7.75,8.1,8.7,33440.7,7.75,13530,2040,681,408681486.75,523,F1,15,,,,,
2026-02-18,2026-02-18,FO,NSE,STO,147591,,PAGEIND,,2026-02-24,2026-02-24,39500.0,CE,PAGEIND26FEB39500CE,7.0,10.55,7.0,8.0,8.0,9.65,33440.7,8.0,945,45,320,189641080.5,302,F1,15,,,,,
2026-02-18,2026-02-18,FO,NSE,STO,148547,,PERSISTENT,,2026-02-24,2026-02-24,7100.0,CE,PERSISTENT26FEB7100CE,0.7,0.7,0.7,0.7,0.7,1.65,5520.95,0.05,5200,-200,2,1420140.0,2,F1,100,,,,,
2026-02-18,2026-02-18,FO,NSE,STO,148897,,PERSISTENT,,2026-04-28,2026-04-28,7000.0,PE,PERSISTENT26APR7000PE,0.0,0.0,0.0,916.8,0.0,916.8,5520.95,1427.2,0,0,0,0.0,0,F1,100,,,,,
2026-02-18,2026-02-18,FO,NSE,STO,148444,,PERSISTENT,,2026-02-24,2026-02-24,6300.0,PE,PERSISTENT26FEB6300PE,760.85,851.55,760.85,815.0,815.0,689.3,5520.95,773.4,41700,-700,39,27767765.0,35,F1,100,,,,,
2026-02-18,2026-02-18,FO,NSE,STO,125268,,PERSISTENT,,2026-02-24,2026-02-24,5200.0,PE,PERSISTENT26FEB5200PE,25.25,54.2,24.5,27.25,30.6,28.25,5520.95,27.25,83800,2300,5102,2672601615.0,4212,F1,100,,,,,
2026-02-18,2026-02-18,FO,NSE,STO,148822,,PERSISTENT,,2026-04-28,2026-04-28,5600.0,CE,PERSISTENT26APR5600CE,0.0,0.0,0.0,889.5,0.0,889.5,5520.95,302.95,0,0,0,0.0,0,F1,100,,,,,
2026-02-18,2026-02-18,FO,NSE,STO,148792,,PERSISTENT,,2026-03-30,2026-03-30,7100.0,CE,PERSISTENT26MAR7100CE,0.0,0.0,0.0,136.7,0.0,136.7,5520.95,2.7,0,0,0,0.0,0,F1,100,,,,,
2026-02-18,2026-02-18,FO,NSE,STO,148591,,PERSISTENT,,2026-03-30,2026-03-30,6800.0,CE,PERSISTENT26MAR6800CE,0.0,0.0,0.0,289.2,0.0,289.2,5520.95,7.9,0,0,0,0.0,0,F1,100,,,,,
2026-02-18,2026-02-18,FO,NSE,STO,148587,,PERSISTENT,,2026-03-30,2026-03-30,6400.0,CE,PERSISTENT26MAR6400CE,36.65,41.15,33.0,39.95,41.0,66.9,5520.95,39.95,4000,2300,169,108771015.0,163,F1,100,,,,,
2026-02-18,2026-02-18,FO,NSE,STO,148573,,PERSISTENT,,2026-03-30,2026-03-30,5000.0,CE,PERSISTENT26MAR5000CE,0.0,0.0,0.0,1324.45,0.0,1324.45,5520.95,600.8,0,0,0,0.0,0,F1,100,,,,,
2026-02-18,2026-02-18,FO,NSE,STO,125275,,PERSISTENT,,2026-02-24,2026-02-24,6000.0,CE,PERSISTENT26FEB6000CE,20.0,21.4,8.15,9.6,9.5,28.0,5520.95,9.6,246000,500,3917,2354764400.0,2623,F1,100,,,,,
2026-02-18,2026-02-18,FO,NSE,STO,148829,,PERSISTENT,,2026-04-28,2026-04-28,6200.0,PE,PERSISTENT26APR6200PE,0.0,0.0,0.0,424.8,0.0,424.8,5520.95,724.6,0,0,0,0.0,0,F1,100,,,,,
2026-02-18,2026-02-18,FO,NSE,STO,125261,,PERSISTENT,,2026-02-24,2026-02-24,4600.0,CE,PERSISTENT26FEB4600CE,0.0,0.0,0.0,1860.75,0.0,1860.75,5520.95,925.1,0,0,0,0.0,0,F1,100,,,,,
2026-02-18,2026-02-18,FO,NSE,STO,125292,,PERSISTENT,,2026-02-24,2026-02-24,6200.0,CE,PERSISTENT26FEB6200CE,8.55,9.4,4.35,4.9,4.35,12.8,5520.95,4.9,136100,700,1641,1018377245.0,1121,F1,100,,,,,
2026-02-18,2026-02-18,FO,NSE,STO,148445,,PERSISTENT,,2026-02-24,2026-02-24,6500.0,CE,PERSISTENT26FEB6500CE,5.1,5.1,2.15,2.4,2.6,5.8,5520.95,2.4,126700,-25900,999,649638125.0,605,F1,100,,,,,
2026-02-18,2026-02-18,FO,NSE,STO,125300,,PERSISTENT,,2026-02-24,2026-02-24,6600.0,CE,PERSISTENT26FEB6600CE,2.65,3.6,1.7,1.85,2.1,4.4,5520.95,1.85,43400,-8600,444,293141910.0,260,F1,100,,,,,
2026-02-18,2026-02-18,FO,NSE,STO,125308,,PERSISTENT,,2026-02-24,2026-02-24,7200.0,CE,PERSISTENT26FEB7200CE,0.4,0.4,0.35,0.4,0.4,0.9,5520.95,0.4,32000,-2600,48,34561765.0,39,F1,100,,,,,
2026-02-18,2026-02-18,FO,NSE,STO,148549,,PERSISTENT,,2026-02-24,2026-02-24,7300.0,CE,PERSISTENT26FEB7300CE,0.0,0.0,0.0,85.6,0.0,85.6,5520.95,0.05,0,0,0,0.0,0,F1,100,,,,,
2026-02-18,2026-02-18,FO,NSE,STO,125310,,PERSISTENT,,2026-02-24,2026-02-24,7400.0,CE,PERSISTENT26FEB7400CE,0.4,0.5,0.1,0.4,0.4,1.05,5520.95,0.05,22400,-1000,93,68823080.0,40,F1,100,,,,,
2026-02-18,2026-02-18,FO,NSE,STO,148569,,PERSISTENT,,2026-03-30,2026-03-30,4600.0,CE,PERSISTENT26MAR4600CE,0.0,0.0,0.0,1676.95,0.0,1676.95,5520.95,957.55,0,0,0,0.0,0,F1,100,,,,,
2026-02-18,2026-02-18,FO,NSE,STO,148736,,PERSISTENT,,2026-03-30,2026-03-30,4700.0,CE,PERSISTENT26MAR4700CE,0.0,0.0,0.0,1577.45,0.0,1577.45,5520.95,863.75,0,0,0,0.0,0,F1,100,,,,,
2026-02-18,2026-02-18,FO,NSE,STO,148738,,PERSISTENT,,2026-03-30,2026-03-30,4900.0,CE,PERSISTENT26MAR4900CE,0.0,0.0,0.0,1390.7,0.0,1390.7,5520.95,684.65,0,0,0,0.0,0,F1,100,,,,,
2026-02-18,2026-02-18,FO,NSE,STO,148742,,PERSISTENT,,2026-03-30,2026-03-30,5300.0,CE,PERSISTENT26MAR5300CE,0.0,0.0,0.0,1040.15,0.0,1040.15,5520.95,380.65,0,0,0,0.0,0,F1,100,,,,,
2026-02-18,2026-02-18,FO,NSE,STO,148752,,PERSISTENT,,2026-03-30,2026-03-30,6300.0,CE,PERSISTENT26MAR6300CE,54.0,55.25,41.3,48.7,49.1,83.1,5520.95,48.7,7200,5500,285,180873165.0,242,F1,100,,,,,
2026-02-18,2026-02-18,FO,NSE,STO,148589,,PERSISTENT,,2026-03-30,2026-03-30,6600.0,CE,PERSISTENT26MAR6600CE,30.55,30.55,23.0,24.0,24.0,41.0,5520.95,15.35,3600,-1100,29,19220215.0,19,F1,100,,,,,
2026-02-18,2026-02-18,FO,NSE,STO,148790,,PERSISTENT,,2026-03-30,2026-03-30,6900.0,CE,PERSISTENT26MAR6900CE,0.0,0.0,0.0,181.5,0.0,181.5,5520.95,5.6,0,0,0,0.0,0,F1,100,,,,,
2026-02-18,2026-02-18,FO,NSE,STO,148424,,PERSISTENT,,2026-02-24,2026-02-24,5300.0,PE,PERSISTENT26FEB5300PE,60.0,80.3,38.35,41.95,46.5,40.95,5520.95,41.95,72400,5400,5737,3074847685.0,5004,F1,100,,,,,
2026-02-18,2026-02-18,FO,NSE,STO,148739,,PERSISTENT,,2026-03-30,2026-03-30,4900.0,PE,PERSISTENT26MAR4900PE,95.0,105.0,78.1,81.75,84.25,77.1,5520.95,81.75,13000,3400,137,68415460.0,121,F1,100,,,,,
2026-02-18,2026-02-18,FO,NSE,STO,148584,,PERSISTENT,,2026-03-30,2026-03-30,6000.0,PE,PERSISTENT26MAR6000PE,630.0,640.0,600.0,610.0,610.0,495.0,5520.95,529.7,1600,700,9,5953520.0,9,F1,100,,,,,
2026-02-18,2026-02-18,FO,NSE,STO,148755,,PERSISTENT,,2026-03-30,2026-03-30,6500.0,PE,PERSISTENT26MAR6500PE,1085.0,1085.0,1085.0,1085.0,1085.0,930.9,5520.95,961.05,700,100,1,758500.0,1,F1,100,,,,,
2026-02-18,2026-02-18,FO,NSE,STO,148427,,PERSISTENT,,2026-02-24,2026-02-24,5700.0,CE,PERSISTENT26FEB5700CE,92.0,93.2,36.35,45.4,43.15,101.05,5520.95,45.4,208200,-25500,8390,4822416770.0,6352,F1,100,,,,,
2026-02-18,2026-02-18,FO,NSE,STO,148740,,PERSISTENT,,2026-03-30,2026-03-30,5100.0,CE,PERSISTENT26MAR5100CE,500.0,500.0,500.0,500.0,500.0,527.15,5520.95,521.75,500,400,5,2800000.0,2,F1,100,,,,,
2026-02-18,2026-02-18,FO,NSE,STO,148421,,PERSISTENT,,2026-02-24,2026-02-24,5100.0,CE,PERSISTENT26FEB5100CE,0.0,0.0,0.0,536.0,536.0,536.0,5520.95,427.95,8200,0,0,0.0,0,F1,100,,,,,
2026-02-18,2026-02-18,FO,NSE,STO,148743,,PERSISTENT,,2026-03-30,2026-03-30,5300.0,PE,PERSISTENT26MAR5300PE,220.95,227.95,175.0,180.05,185.7,165.85,5520.95,180.05,4300,1400,63,34630515.0,60,F1,100,,,,,
2026-02-18,2026-02-18,FO,NSE,STO,148432,,PERSISTENT,,2026-02-24,2026-02-24,6100.0,PE,PERSISTENT26FEB6100PE,655.0,667.6,601.0,601.45,601.45,499.85,5520.95,601.45,22400,-600,19,12787585.0,15,F1,100,,,,,
2026-02-18,2026-02-18,FO,NSE,STO,148824,,PERSISTENT,,2026-04-28,2026-04-28,5800.0,CE,PERSISTENT26APR5800CE,0.0,0.0,0.0,758.25,0.0,758.25,5520.95,221.3,0,0,0,0.0,0,F1,100,,,,,
2026-02-18,2026-02-18,FO,NSE,STO,148816,,PERSISTENT,,2026-04-28,2026-04-28,5000.0,CE,PERSISTENT26APR5000CE,0.0,0.0,0.0,1353.55,0.0,1353.55,5520.95,666.55,0,0,0,0.0,0,F1,100,,,,,
2026-02-18,2026-02-18,FO,NSE,STO,148750,,PERSISTENT,,2026-03-30,2026-03-30,6100.0,CE,PERSISTENT26MAR6100CE,72.2,77.25,65.6,75.85,75.3,119.75,5520.95,75.85,4000,4000,78,48135595.0,72,F1,100,,,,,
2026-02-18,2026-02-18,FO,NSE,STO,125307,,PERSISTENT,,2026-02-24,2026-02-24,7000.0,PE,PERSISTENT26FEB7000PE,0.0,0.0,0.0,1130.65,1130.65,1130.65,5520.95,1472.7,500,0,0,0.0,0,F1,100,,,,,
2026-02-18,2026-02-18,FO,NSE,STO,148819,,PERSISTENT,,2026-04-28,2026-04-28,5200.0,PE,PERSISTENT26APR5200PE,0.0,0.0,0.0,92.45,0.0,92.45,5520.95,150.95,0,0,0,0.0,0,F1,100,,,,,
2026-02-18,2026-02-18,FO,NSE,STO,148590,,PERSISTENT,,2026-03-30,2026-03-30,6600.0,PE,PERSISTENT26MAR6600PE,1072.85,1108.75,1072.85,1108.75,1108.75,862.4,5520.95,1054.75,1500,600,7,5374585.0,2,F1,100,,,,,
2026-02-18,2026-02-18,FO,NSE,STO,125304,,PERSISTENT,,2026-02-24,2026-02-24,6800.0,CE,PERSISTENT26FEB6800CE,2.25,2.25,1.15,1.35,1.45,3.15,5520.95,1.35,63200,-4300,121,82297790.0,47,F1,100,,,,,
2026-02-18,2026-02-18,FO,NSE,STO,148827,,PERSISTENT,,2026-04-28,2026-04-28,6000.0,PE,PERSISTENT26APR6000PE,0.0,0.0,0.0,332.5,0.0,332.5,5520.95,574.7,0,0,0,0.0,0,F1,100,,,,,
2026-02-18,2026-02-18,FO,NSE,STO,148825,,PERSISTENT,,2026-04-28,2026-04-28,5800.0,PE,PERSISTENT26APR5800PE,0.0,0.0,0.0,253.4,0.0,253.4,5520.95,440.4,0,0,0,0.0,0,F1,100,,,,,
2026-02-18,2026-02-18,FO,NSE,STF,66964,,PERSISTENT,,2026-04-28,2026-04-28,,,PERSISTENT26APRFUT,5614.0,5614.0,5430.5,5504.5,5490.0,5613.0,5520.95,5504.5,34800,4800,252,138091300.0,203,F1,100,,,,,
2026-02-18,2026-02-18,FO,NSE,STO,148423,,PERSISTENT,,2026-02-24,2026-02-24,5300.0,CE,PERSISTENT26FEB5300CE,252.85,285.15,209.05,253.4,246.25,354.45,5520.95,253.4,37400,-1100,401,221945560.0,392,F1,100,,,,,
2026-02-18,2026-02-18,FO,NSE,STO,148431,,PERSISTENT,,2026-02-24,2026-02-24,6100.0,CE,PERSISTENT26FEB6100CE,10.95,14.6,5.9,6.55,6.2,18.65,5520.95,6.55,98900,-33500,1790,1093322935.0,1302,F1,100,,,,,
2026-02-18,2026-02-18,FO,NSE,STO,148567,,PERSISTENT,,2026-03-30,2026-03-30,4400.0,CE,PERSISTENT26MAR4400CE,0.0,0.0,0.0,1862.8,0.0,1862.8,5520.95,1150.35,0,0,0,0.0,0,F1,100,,,,,
2026-02-18,2026-02-18,FO,NSE,STO,148834,,PERSISTENT,,2026-04-28,2026-04-28,6400.0,CE,PERSISTENT26APR6400CE,0.0,0.0,0.0,444.05,0.0,444.05,5520.95,74.5,0,0,0,0.0,0,F1,100,,,,,
2026-02-18,2026-02-18,FO,NSE,STO,148426,,PERSISTENT,,2026-02-24,2026-02-24,5500.0,PE,PERSISTENT26FEB5500PE,110.0,169.65,99.1,106.0,112.05,90.15,5520.95,106.0,81400,-36400,10052,5666384245.0,7550,F1,100,,,,,
2026-02-18,2026-02-18,FO,NSE,STO,148546,,PERSISTENT,,2026-02-24,2026-02-24,6900.0,PE,PERSISTENT26FEB6900PE,0.0,0.0,0.0,811.8,0.0,811.8,5520.95,1372.8,0,0,0,0.0,0,F1,100,,,,,
2026-02-18,2026-02-18,FO,NSE,STO,148741,,PERSISTENT,,2026-03-30,2026-03-30,5100.0,PE,PERSISTENT26MAR5100PE,135.0,157.6,117.3,121.8,127.6,116.15,5520.95,121.8,11700,9300,206,107927360.0,183,F1,100,,,,,
2026-02-18,2026-02-18,FO,NSE,STO,148598,,PERSISTENT,,2026-03-30,2026-03-30,7200.0,PE,PERSISTENT26MAR7200PE,0.0,0.0,0.0,1098.3,0.0,1098.3,5520.95,1637.65,0,0,0,0.0,0,F1,100,,,,,
2026-02-18,2026-02-18,FO,NSE,STO,148817,,PERSISTENT,,2026-04-28,2026-04-28,5000.0,PE,PERSISTENT26APR5000PE,0.0,0.0,0.0,61.0,0.0,61.0,5520.95,93.9,0,0,0,0.0,0,F1,100,,,,,
2026-02-18,2026-02-18,FO,NSE,STO,125270,,PERSISTENT,,2026-02-24,2026-02-24,5400.0,PE,PERSISTENT26FEB5400PE,55.0,122.75,55.0,67.0,73.65,60.7,5520.95,67.0,140500,38700,14547,7991431400.0,10899,F1,100,,,,,
2026-02-18,2026-02-18,FO,NSE,STO,125264,,PERSISTENT,,2026-02-24,2026-02-24,4800.0,PE,PERSISTENT26FEB4800PE,12.0,12.1,5.65,6.05,7.05,8.45,5520.95,6.05,63000,3800,1037,498709990.0,760,F1,100,,,,,
2026-02-18,2026-02-18,FO,NSE,STO,125262,,PERSISTENT,,2026-02-24,2026-02-24,4600.0,PE,PERSISTENT26FEB4600PE,4.25,6.95,3.65,3.85,3.75,5.8,5520.95,3.85,25100,400,354,163013045.0,304,F1,100,,,,,
2026-02-18,2026-02-18,FO,NSE,STO,148859,,PERSISTENT,,2026-04-28,2026-04-28,6800.0,CE,PERSISTENT26APR6800CE,0.0,0.0,0.0,297.15,0.0,297.15,5520.95,32.2,0,0,0,0.0,0,F1,100,,,,,
2026-02-18,2026-02-18,FO,NSE,STO,148744,,PERSISTENT,,2026-03-30,2026-03-30,5500.0,CE,PERSISTENT26MAR5500CE,270.35,313.0,241.75,268.1,265.0,359.3,5520.95,268.1,90500,72900,2065,1188364385.0,1059,F1,100,,,,,
2026-02-18,2026-02-18,FO,NSE,STO,125312,,PERSISTENT,,2026-02-24,2026-02-24,7600.0,CE,PERSISTENT26FEB7600CE,0.6,0.6,0.5,0.5,0.5,2.95,5520.95,0.05,11200,0,5,3800270.0,5,F1,100,,,,,
2026-02-18,2026-02-18,FO,NSE,STF,59443,,PERSISTENT,,2026-02-24,2026-02-24,,,PERSISTENT26FEBFUT,5621.0,5638.0,5430.0,5514.0,5500.5,5614.0,5520.95,5514.0,3040800,-32000,12663,6942915050.0,9680,F1,100,,,,,
2026-02-18,2026-02-18,FO,NSE,STO,148751,,PERSISTENT,,2026-03-30,2026-03-30,6100.0,PE,PERSISTENT26MAR6100PE,0.0,0.0,0.0,309.35,0.0,309.35,5520.95,609.25,0,0,0,0.0,0,F1,100,,,,,
2026-02-18,2026-02-18,FO,NSE,STO,148568,,PERSISTENT,,2026-03-30,2026-03-30,4400.0,PE,PERSISTENT26MAR4400PE,25.95,38.05,25.95,31.0,31.0,25.95,5520.95,31.0,13400,12900,216,95717860.0,133,F1,100,,,,,
2026-02-18,2026-02-18,FO,NSE,STO,125309,,PERSISTENT,,2026-02-24,2026-02-24,7200.0,PE,PERSISTENT26FEB7200PE,0.0,0.0,0.0,978.0,0.0,978.0,5520.95,1672.55,0,0,0,0.0,0,F1,100,,,,,
2026-02-18,2026-02-18,FO,NSE,STO,125297,,PERSISTENT,,2026-02-24,2026-02-24,6400.0,PE,PERSISTENT26FEB6400PE,863.3,951.85,860.8,946.8,946.8,797.05,5520.95,873.3,15500,-600,38,27749975.0,33,F1,100,,,,,
2026-02-18,2026-02-18,FO,NSE,STO,125259,,PERSISTENT,,2026-02-24,2026-02-24,4400.0,CE,PERSISTENT26FEB4400CE,0.0,0.0,0.0,2048.6,0.0,2048.6,5520.95,1124.95,0,0,0,0.0,0,F1,100,,,,,
2026-02-18,2026-02-18,FO,NSE,STO,148417,,PERSISTENT,,2026-02-24,2026-02-24,4700.0,CE,PERSISTENT26FEB4700CE,0.0,0.0,0.0,768.3,768.3,768.3,5520.95,825.2,100,0,0,0.0,0,F1,100,,,,,
2026-02-18,2026-02-18,FO,NSE,STO,148593,,PERSISTENT,,2026-03-30,2026-03-30,7000.0,CE,PERSISTENT26MAR7000CE,17.95,17.95,12.5,12.5,12.5,19.0,5520.95,3.9,1100,0,2,1403045.0,2,F1,100,,,,,
2026-02-18,2026-02-18,FO,NSE,STO,148898,,PERSISTENT,,2026-04-28,2026-04-28,7200.0,CE,PERSISTENT26APR7200CE,0.0,0.0,0.0,192.75,0.0,192.75,5520.95,12.85,0,0,0,0.0,0,F1,100,,,,,
2026-02-18,2026-02-18,FO,NSE,STO,125274,,PERSISTENT,,2026-02-24,2026-02-24,5800.0,PE,PERSISTENT26FEB5800PE,320.0,388.9,309.5,313.35,318.8,248.75,5520.95,313.35,44700,-1900,174,106831030.0,161,F1,100,,,,,
2026-02-18,2026-02-18,FO,NSE,STO,148574,,PERSISTENT,,2026-03-30,2026-03-30,5000.0,PE,PERSISTENT26MAR5000PE,118.35,131.45,95.55,100.55,105.3,96.85,5520.95,100.55,162600,89700,1944,994466965.0,975,F1,100,,,,,
2026-02-18,2026-02-18,FO,NSE,STO,148576,,PERSISTENT,,2026-03-30,2026-03-30,5200.0,PE,PERSISTENT26MAR5200PE,167.95,192.0,142.0,146.15,146.8,138.95,5520.95,146.15,17900,8500,271,145254590.0,204,F1,100,,,,,
2026-02-18,2026-02-18,FO,NSE,STO,125293,,PERSISTENT,,2026-02-24,2026-02-24,6200.0,PE,PERSISTENT26FEB6200PE,715.85,718.0,684.75,684.75,684.75,642.25,5520.95,684.75,17600,-600,18,12437920.0,14,F1,100,,,,,
2026-02-18,2026-02-18,FO,NSE,STO,148550,,PERSISTENT,,2026-02-24,2026-02-24,7300.0,PE,PERSISTENT26FEB7300PE,0.0,0.0,0.0,2036.25,2036.25,2036.25,5520.95,1772.45,300,0,0,0.0,0,F1,100,,,,,
2026-02-18,2026-02-18,FO,NSE,STO,148572,,PERSISTENT,,2026-03-30,2026-03-30,4800.0,PE,PERSISTENT26MAR4800PE,56.9,88.0,56.9,67.15,67.75,56.9,5520.95,67.15,16000,13300,417,203233305.0,369,F1,100,,,,,
2026-02-18,2026-02-18,FO,NSE,STO,148586,,PERSISTENT,,2026-03-30,2026-03-30,6200.0,PE,PERSISTENT26MAR6200PE,800.0,800.0,800.0,800.0,800.0,780.0,5520.95,692.75,900,0,1,700000.0,1,F1,100,,,,,
2026-02-18,2026-02-18,FO,NSE,STO,148823,,PERSISTENT,,2026-04-28,2026-04-28,5600.0,PE,PERSISTENT26APR5600PE,0.0,0.0,0.0,187.75,0.0,187.75,5520.95,324.05,0,0,0,0.0,0,F1,100,,,,,
2026-02-18,2026-02-18,FO,NSE,STO,125296,,PERSISTENT,,2026-02-24,2026-02-24,6400.0,CE,PERSISTENT26FEB6400CE,4.0,5.45,2.7,2.95,3.0,6.65,5520.95,2.95,102700,-8500,944,604478555.0,672,F1,100,,,,,
2026-02-18,2026-02-18,FO,NSE,STO,125267,,PERSISTENT,,2026-02-24,2026-02-24,5200.0,CE,PERSISTENT26FEB5200CE,305.0,344.9,285.5,336.1,330.25,445.1,5520.95,336.1,5400,300,108,59470685.0,98,F1,100,,,,,
2026-02-18,2026-02-18,FO,NSE,STO,125265,,PERSISTENT,,2026-02-24,2026-02-24,5000.0,CE,PERSISTENT26FEB5000CE,455.8,530.5,455.8,530.5,530.5,643.2,5520.95,530.5,3600,1300,48,26291130.0,41,F1,100,,,,,
2026-02-18,2026-02-18,FO,NSE,STO,125263,,PERSISTENT,,2026-02-24,2026-02-24,4800.0,CE,PERSISTENT26FEB4800CE,0.0,0.0,0.0,785.0,785.0,785.0,5520.95,725.3,300,0,0,0.0,0,F1,100,,,,,
2026-02-18,2026-02-18,FO,NSE,STO,125260,,PERSISTENT,,2026-02-24,2026-02-24,4400.0,PE,PERSISTENT26FEB4400PE,4.1,4.15,2.05,2.2,2.2,4.05,5520.95,2.2,12900,100,103,45353120.0,99,F1,100,,,,,
2026-02-18,2026-02-18,FO,NSE,STO,148430,,PERSISTENT,,2026-02-24,2026-02-24,5900.0,PE,PERSISTENT26FEB5900PE,453.9,481.25,394.35,400.0,403.65,325.45,5520.95,400.0,51700,-1900,97,61555165.0,91,F1,100,,,,,
2026-02-18,2026-02-18,FO,NSE,STO,148577,,PERSISTENT,,2026-03-30,2026-03-30,5400.0,CE,PERSISTENT26MAR5400CE,328.4,328.4,294.8,327.1,327.0,405.0,5520.95,327.1,4900,800,33,18835855.0,31,F1,100,,,,,
2026-02-18,2026-02-18,FO,NSE,STO,148571,,PERSISTENT,,2026-03-30,2026-03-30,4800.0,CE,PERSISTENT26MAR4800CE,0.0,0.0,0.0,1496.95,0.0,1496.95,5520.95,772.55,0,0,0,0.0,0,F1,100,,,,,
2026-02-18,2026-02-18,FO,NSE,STO,148545,,PERSISTENT,,2026-02-24,2026-02-24,6900.0,CE,PERSISTENT26FEB6900CE,1.0,1.1,1.0,1.1,1.1,2.3,5520.95,0.05,11400,-100,5,3450510.0,3,F1,100,,,,,
2026-02-18,2026-02-18,FO,NSE,STO,148433,,PERSISTENT,,2026-02-24,2026-02-24,6300.0,CE,PERSISTENT26FEB6300CE,6.2,6.85,3.5,3.8,3.65,8.6,5520.95,3.8,141100,-7300,2193,1382554895.0,1179,F1,100,,,,,
2026-02-18,2026-02-18,FO,NSE,STO,125269,,PERSISTENT,,2026-02-24,2026-02-24,5400.0,CE,PERSISTENT26FEB5400CE,240.0,240.0,146.25,181.55,175.8,274.65,5520.95,181.55,50500,8300,1963,1092659745.0,1750,F1,100,,,,,
2026-02-18,2026-02-18,FO,NSE,STF,52001,,PERSISTENT,,2026-03-30,2026-03-30,,,PERSISTENT26MARFUT,5573.5,5605.0,5429.5,5508.0,5496.5,5613.0,5520.95,5508.0,807300,425000,7752,4246840500.0,5901,F1,100,,,,,
2026-02-18,2026-02-18,FO,NSE,STO,148820,,PERSISTENT,,2026-04-28,2026-04-28,5400.0,CE,PERSISTENT26APR5400CE,0.0,0.0,0.0,1032.95,0.0,1032.95,5520.95,404.2,0,0,0,0.0,0,F1,100,,,,,
2026-02-18,2026-02-18,FO,NSE,STO,148428,,PERSISTENT,,2026-02-24,2026-02-24,5700.0,PE,PERSISTENT26FEB5700PE,259.8,307.1,222.7,232.15,243.85,185.8,5520.95,232.15,59100,-10800,650,387737185.0,604,F1,100,,,,,
2026-02-18,2026-02-18,FO,NSE,STO,148745,,PERSISTENT,,2026-03-30,2026-03-30,5500.0,PE,PERSISTENT26MAR5500PE,270.0,324.1,255.05,260.95,269.0,246.05,5520.95,260.95,90400,76000,1654,958293970.0,804,F1,100,,,,,
2026-02-18,2026-02-18,FO,NSE,STO,148747,,PERSISTENT,,2026-03-30,2026-03-30,5700.0,PE,PERSISTENT26MAR5700PE,400.0,439.35,376.95,376.95,376.95,337.0,5520.95,320.6,3400,900,24,14639580.0,19,F1,100,,,,,
2026-02-18,2026-02-18,FO,NSE,STO,148582,,PERSISTENT,,2026-03-30,2026-03-30,5800.0,PE,PERSISTENT26MAR5800PE,425.0,510.0,425.0,483.15,483.15,392.5,5520.95,384.8,2900,-100,14,8793725.0,11,F1,100,,,,,
2026-02-18,2026-02-18,FO,NSE,STO,148791,,PERSISTENT,,2026-03-30,2026-03-30,6900.0,PE,PERSISTENT26MAR6900PE,0.0,0.0,0.0,793.3,0.0,793.3,5520.95,1343.15,0,0,0,0.0,0,F1,100,,,,,
2026-02-18,2026-02-18,FO,NSE,STO,125272,,PERSISTENT,,2026-02-24,2026-02-24,5600.0,PE,PERSISTENT26FEB5600PE,160.0,236.6,154.4,161.15,168.6,130.9,5520.95,161.15,134200,44800,2504,1451134905.0,1964,F1,100,,,,,
2026-02-18,2026-02-18,FO,NSE,STO,125266,,PERSISTENT,,2026-02-24,2026-02-24,5000.0,PE,PERSISTENT26FEB5000PE,21.2,25.75,10.65,12.3,13.65,14.2,5520.95,12.3,81700,21600,2205,1106242435.0,1778,F1,100,,,,,
2026-02-18,2026-02-18,FO,NSE,STO,148814,,PERSISTENT,,2026-04-28,2026-04-28,4800.0,CE,PERSISTENT26APR4800CE,0.0,0.0,0.0,1527.8,0.0,1527.8,5520.95,824.8,0,0,0,0.0,0,F1,100,,,,,
2026-02-18,2026-02-18,FO,NSE,STO,148794,,PERSISTENT,,2026-03-30,2026-03-30,7300.0,CE,PERSISTENT26MAR7300CE,0.0,0.0,0.0,101.7,0.0,101.7,5520.95,1.25,0,0,0,0.0,0,F1,100,,,,,
2026-02-18,2026-02-18,FO,NSE,STO,125301,,PERSISTENT,,2026-02-24,2026-02-24,6600.0,PE,PERSISTENT26FEB6600PE,1100.0,1105.0,1100.0,1105.0,1105.0,880.5,5520.95,1073.1,1800,-100,3,2310500.0,2,F1,100,,,,,
2026-02-18,2026-02-18,FO,NSE,STO,148578,,PERSISTENT,,2026-03-30,2026-03-30,5400.0,PE,PERSISTENT26MAR5400PE,277.25,277.25,213.1,220.7,228.5,199.5,5520.95,220.7,13700,3100,136,76765775.0,102,F1,100,,,,,
2026-02-18,2026-02-18,FO,NSE,STO,148592,,PERSISTENT,,2026-03-30,2026-03-30,6800.0,PE,PERSISTENT26MAR6800PE,0.0,0.0,0.0,805.5,0.0,805.5,5520.95,1246.1,0,0,0,0.0,0,F1,100,,,,,
2026-02-18,2026-02-18,FO,NSE,STO,148793,,PERSISTENT,,2026-03-30,2026-03-30,7100.0,PE,PERSISTENT26MAR7100PE,0.0,0.0,0.0,946.45,0.0,946.45,5520.95,1539.1,0,0,0,0.0,0,F1,100,,,,,
2026-02-18,2026-02-18,FO,NSE,STO,148795,,PERSISTENT,,2026-03-30,2026-03-30,7300.0,PE,PERSISTENT26MAR7300PE,0.0,0.0,0.0,1109.35,0.0,1109.35,5520.95,1736.45,0,0,0,0.0,0,F1,100,,,,,
2026-02-18,2026-02-18,FO,NSE,STO,148835,,PERSISTENT,,2026-04-28,2026-04-28,6400.0,PE,PERSISTENT26APR6400PE,0.0,0.0,0.0,530.05,0.0,530.05,5520.95,887.35,0,0,0,0.0,0,F1,100,,,,,
2026-02-18,2026-02-18,FO,NSE,STO,148841,,PERSISTENT,,2026-04-28,2026-04-28,6600.0,PE,PERSISTENT26APR6600PE,0.0,0.0,0.0,647.75,0.0,647.75,5520.95,1060.3,0,0,0,0.0,0,F1,100,,,,,
2026-02-18,2026-02-18,FO,NSE,STO,148860,,PERSISTENT,,2026-04-28,2026-04-28,6800.0,PE,PERSISTENT26APR6800PE,0.0,0.0,0.0,777.0,0.0,777.0,5520.95,1240.9,0,0,0,0.0,0,F1,100,,,,,
2026-02-18,2026-02-18,FO,NSE,STO,148581,,PERSISTENT,,2026-03-30,2026-03-30,5800.0,CE,PERSISTENT26MAR5800CE,190.0,190.0,129.65,147.25,148.45,212.75,5520.95,147.25,23900,8400,521,309694105.0,465,F1,100,,,,,
2026-02-18,2026-02-18,FO,NSE,STO,148840,,PERSISTENT,,2026-04-28,2026-04-28,6600.0,CE,PERSISTENT26APR6600CE,0.0,0.0,0.0,364.8,0.0,364.8,5520.95,49.5,0,0,0,0.0,0,F1,100,,,,,
2026-02-18,2026-02-18,FO,NSE,STO,148753,,PERSISTENT,,2026-03-30,2026-03-30,6300.0,PE,PERSISTENT26MAR6300PE,835.1,850.0,835.1,850.0,850.0,408.15,5520.95,779.55,200,200,2,1428510.0,2,F1,100,,,,,
2026-02-18,2026-02-18,FO,NSE,STO,148418,,PERSISTENT,,2026-02-24,2026-02-24,4700.0,PE,PERSISTENT26FEB4700PE,7.95,8.9,4.3,4.9,5.3,6.85,5520.95,4.9,11600,1500,200,94122390.0,175,F1,100,,,,,
2026-02-18,2026-02-18,FO,NSE,STO,148597,,PERSISTENT,,2026-03-30,2026-03-30,7200.0,CE,PERSISTENT26MAR7200CE,0.0,0.0,0.0,187.9,0.0,187.9,5520.95,1.85,0,0,0,0.0,0,F1,100,,,,,
2026-02-18,2026-02-18,FO,NSE,STO,148583,,PERSISTENT,,2026-03-30,2026-03-30,6000.0,CE,PERSISTENT26MAR6000CE,135.0,135.0,81.75,95.5,95.75,146.4,5520.95,95.5,46900,10800,1314,800883530.0,1122,F1,100,,,,,
2026-02-18,2026-02-18,FO,NSE,STO,148746,,PERSISTENT,,2026-03-30,2026-03-30,5700.0,CE,PERSISTENT26MAR5700CE,220.0,221.95,161.3,181.45,181.0,259.35,5520.95,181.45,22800,8500,330,194103045.0,284,F1,100,,,,,
2026-02-18,2026-02-18,FO,NSE,STO,148579,,PERSISTENT,,2026-03-30,2026-03-30,5600.0,CE,PERSISTENT26MAR5600CE,272.2,272.2,199.0,223.7,222.75,304.65,5520.95,223.7,14400,10400,218,126858595.0,158,F1,100,,,,,
2026-02-18,2026-02-18,FO,NSE,STO,148429,,PERSISTENT,,2026-02-24,2026-02-24,5900.0,CE,PERSISTENT26FEB5900CE,39.0,39.0,13.75,15.6,15.3,42.55,5520.95,15.6,185900,28000,3271,1936132500.0,2227,F1,100,,,,,
2026-02-18,2026-02-18,FO,NSE,STO,125271,,PERSISTENT,,2026-02-24,2026-02-24,5600.0,CE,PERSISTENT26FEB5600CE,125.0,125.0,60.25,76.25,73.5,145.6,5520.95,76.25,180300,46700,7460,4234496530.0,6107,F1,100,,,,,
2026-02-18,2026-02-18,FO,NSE,STO,148425,,PERSISTENT,,2026-02-24,2026-02-24,5500.0,CE,PERSISTENT26FEB5500CE,188.2,188.2,96.65,120.65,115.1,204.15,5520.95,120.65,94500,9500,10127,5685326420.0,7624,F1,100,,,,,
2026-02-18,2026-02-18,FO,NSE,STO,148588,,PERSISTENT,,2026-03-30,2026-03-30,6400.0,PE,PERSISTENT26MAR6400PE,0.0,0.0,0.0,554.3,0.0,554.3,5520.95,869.15,0,0,0,0.0,0,F1,100,,,,,
2026-02-18,2026-02-18,FO,NSE,STO,148422,,PERSISTENT,,2026-02-24,2026-02-24,5100.0,PE,PERSISTENT26FEB5100PE,27.9,36.95,16.0,18.2,20.0,20.4,5520.95,18.2,49900,6400,2129,1091354710.0,1796,F1,100,,,,,
2026-02-18,2026-02-18,FO,NSE,STO,148749,,PERSISTENT,,2026-03-30,2026-03-30,5900.0,PE,PERSISTENT26MAR5900PE,550.0,556.1,513.7,515.0,515.0,470.0,5520.95,454.65,3100,-200,7,4505580.0,6,F1,100,,,,,
2026-02-18,2026-02-18,FO,NSE,STO,148544,,PERSISTENT,,2026-02-24,2026-02-24,6700.0,PE,PERSISTENT26FEB6700PE,0.0,0.0,0.0,816.75,816.75,816.75,5520.95,1173.0,3600,0,0,0.0,0,F1,100,,,,,
2026-02-18,2026-02-18,FO,NSE,STO,148446,,PERSISTENT,,2026-02-24,2026-02-24,6500.0,PE,PERSISTENT26FEB6500PE,1085.2,1085.2,1001.25,1001.25,1001.25,867.35,5520.95,973.2,10600,300,28,21134360.0,27,F1,100,,,,,
2026-02-18,2026-02-18,FO,NSE,STO,148826,,PERSISTENT,,2026-04-28,2026-04-28,6000.0,CE,PERSISTENT26APR6000CE,0.0,0.0,0.0,640.4,0.0,640.4,5520.95,157.7,0,0,0,0.0,0,F1,100,,,,,
2026-02-18,2026-02-18,FO,NSE,STO,148818,,PERSISTENT,,2026-04-28,2026-04-28,5200.0,CE,PERSISTENT26APR5200CE,0.0,0.0,0.0,1188.1,0.0,1188.1,5520.95,525.65,0,0,0,0.0,0,F1,100,,,,,
2026-02-18,2026-02-18,FO,NSE,STO,148754,,PERSISTENT,,2026-03-30,2026-03-30,6500.0,CE,PERSISTENT26MAR6500CE,41.5,41.5,26.95,32.25,32.5,54.1,5520.95,32.25,27400,4300,598,390565765.0,451,F1,100,,,,,
2026-02-18,2026-02-18,FO,NSE,STO,148748,,PERSISTENT,,2026-03-30,2026-03-30,5900.0,CE,PERSISTENT26MAR5900CE,120.0,120.85,103.85,118.15,117.65,220.0,5520.95,118.15,5500,5300,105,63111575.0,91,F1,100,,,,,
2026-02-18,2026-02-18,FO,NSE,STO,148575,,PERSISTENT,,2026-03-30,2026-03-30,5200.0,CE,PERSISTENT26MAR5200CE,435.0,435.0,435.0,435.0,435.0,416.15,5520.95,448.2,1000,100,1,563500.0,1,F1,100,,,,,
2026-02-18,2026-02-18,FO,NSE,STO,125306,,PERSISTENT,,2026-02-24,2026-02-24,7000.0,CE,PERSISTENT26FEB7000CE,1.3,1.4,0.75,0.75,0.75,1.7,5520.95,0.75,61300,-10800,144,100815575.0,74,F1,100,,,,,
2026-02-18,2026-02-18,FO,NSE,STO,125273,,PERSISTENT,,2026-02-24,2026-02-24,5800.0,CE,PERSISTENT26FEB5800CE,63.85,63.85,21.7,26.3,25.05,66.25,5520.95,26.3,170900,-1000,5512,3213254275.0,4066,F1,100,,,,,
2026-02-18,2026-02-18,FO,NSE,STO,148596,,PERSISTENT,,2026-03-30,2026-03-30,7000.0,PE,PERSISTENT26MAR7000PE,0.0,0.0,0.0,950.0,950.0,950.0,5520.95,1440.9,100,0,0,0.0,0,F1,100,,,,,
2026-02-18,2026-02-18,FO,NSE,STO,148580,,PERSISTENT,,2026-03-30,2026-03-30,5600.0,PE,PERSISTENT26MAR5600PE,380.0,380.0,323.95,323.95,323.95,275.0,5520.95,262.6,1800,500,12,7145790.0,12,F1,100,,,,,
2026-02-18,2026-02-18,FO,NSE,STO,148815,,PERSISTENT,,2026-04-28,2026-04-28,4800.0,PE,PERSISTENT26APR4800PE,0.0,0.0,0.0,38.3,0.0,38.3,5520.95,54.2,0,0,0,0.0,0,F1,100,,,,,
2026-02-18,2026-02-18,FO,NSE,STO,148757,,PERSISTENT,,2026-03-30,2026-03-30,6700.0,PE,PERSISTENT26MAR6700PE,0.0,0.0,0.0,651.25,0.0,651.25,5520.95,1149.85,0,0,0,0.0,0,F1,100,,,,,
2026-02-18,2026-02-18,FO,NSE,STO,148812,,PERSISTENT,,2026-04-28,2026-04-28,4600.0,CE,PERSISTENT26APR4600CE,0.0,0.0,0.0,1709.2,0.0,1709.2,5520.95,997.15,0,0,0,0.0,0,F1,100,,,,,
2026-02-18,2026-02-18,FO,NSE,STO,148828,,PERSISTENT,,2026-04-28,2026-04-28,6200.0,CE,PERSISTENT26APR6200CE,0.0,0.0,0.0,535.75,0.0,535.75,5520.95,109.65,0,0,0,0.0,0,F1,100,,,,,
2026-02-18,2026-02-18,FO,NSE,STO,148896,,PERSISTENT,,2026-04-28,2026-04-28,7000.0,CE,PERSISTENT26APR7000CE,0.0,0.0,0.0,240.0,0.0,240.0,5520.95,20.55,0,0,0,0.0,0,F1,100,,,,,
2026-02-18,2026-02-18,FO,NSE,STO,148420,,PERSISTENT,,2026-02-24,2026-02-24,4900.0,PE,PERSISTENT26FEB4900PE,14.6,18.15,7.3,8.7,9.15,11.05,5520.95,8.7,35300,10600,1717,843413975.0,1083,F1,100,,,,,
2026-02-18,2026-02-18,FO,NSE,STO,125276,,PERSISTENT,,2026-02-24,2026-02-24,6000.0,PE,PERSISTENT26FEB6000PE,500.0,575.55,480.0,496.95,504.4,413.4,5520.95,496.95,59400,-3300,102,66528645.0,88,F1,100,,,,,
2026-02-18,2026-02-18,FO,NSE,STO,125305,,PERSISTENT,,2026-02-24,2026-02-24,6800.0,PE,PERSISTENT26FEB6800PE,0.0,0.0,0.0,707.15,0.0,707.15,5520.95,1272.9,0,0,0,0.0,0,F1,100,,,,,
2026-02-18,2026-02-18,FO,NSE,STO,148548,,PERSISTENT,,2026-02-24,2026-02-24,7100.0,PE,PERSISTENT26FEB7100PE,0.0,0.0,0.0,1393.35,1393.35,1393.35,5520.95,1572.65,300,0,0,0.0,0,F1,100,,,,,
2026-02-18,2026-02-18,FO,NSE,STO,148570,,PERSISTENT,,2026-03-30,2026-03-30,4600.0,PE,PERSISTENT26MAR4600PE,51.0,56.7,42.35,46.2,47.0,43.6,5520.95,46.2,20500,12900,275,127809440.0,254,F1,100,,,,,
2026-02-18,2026-02-18,FO,NSE,STO,148737,,PERSISTENT,,2026-03-30,2026-03-30,4700.0,PE,PERSISTENT26MAR4700PE,0.0,0.0,0.0,12.3,0.0,12.3,5520.95,14.55,0,0,0,0.0,0,F1,100,,,,,
2026-02-18,2026-02-18,FO,NSE,STO,148813,,PERSISTENT,,2026-04-28,2026-04-28,4600.0,PE,PERSISTENT26APR4600PE,0.0,0.0,0.0,22.75,0.0,22.75,5520.95,28.65,0,0,0,0.0,0,F1,100,,,,,
2026-02-18,2026-02-18,FO,NSE,STO,148821,,PERSISTENT,,2026-04-28,2026-04-28,5400.0,PE,PERSISTENT26APR5400PE,0.0,0.0,0.0,134.25,0.0,134.25,5520.95,227.4,0,0,0,0.0,0,F1,100,,,,,
2026-02-18,2026-02-18,FO,NSE,STO,148899,,PERSISTENT,,2026-04-28,2026-04-28,7200.0,PE,PERSISTENT26APR7200PE,0.0,0.0,0.0,1066.5,0.0,1066.5,5520.95,1617.45,0,0,0,0.0,0,F1,100,,,,,
2026-02-18,2026-02-18,FO,NSE,STO,148419,,PERSISTENT,,2026-02-24,2026-02-24,4900.0,CE,PERSISTENT26FEB4900CE,0.0,0.0,0.0,440.0,440.0,440.0,5520.95,625.5,100,0,0,0.0,0,F1,100,,,,,
2026-02-18,2026-02-18,FO,NSE,STO,148447,,PERSISTENT,,2026-02-24,2026-02-24,6700.0,CE,PERSISTENT26FEB6700CE,2.05,2.05,1.0,1.0,1.0,3.55,5520.95,0.05,22500,-6800,171,114594300.0,58,F1,100,,,,,
2026-02-18,2026-02-18,FO,NSE,STO,148585,,PERSISTENT,,2026-03-30,2026-03-30,6200.0,CE,PERSISTENT26MAR6200CE,80.0,80.0,51.95,61.15,62.55,98.1,5520.95,61.15,11800,2200,666,416722550.0,638,F1,100,,,,,
2026-02-18,2026-02-18,FO,NSE,STO,148756,,PERSISTENT,,2026-03-30,2026-03-30,6700.0,CE,PERSISTENT26MAR6700CE,23.0,24.35,19.0,20.3,20.3,35.6,5520.95,11.05,3000,-500,26,17477725.0,20,F1,100,,,,,
2026-02-18,2026-02-18,FO,NSE,STO,127826,,PNBHOUSING,,2026-02-24,2026-02-24,880.0,PE,PNBHOUSING26FEB880PE,0.0,0.0,0.0,25.15,25.1,25.15,865.2,25.05,49400,0,0,0.0,0,F1,650,,,,,
2026-02-18,2026-02-18,FO,NSE,STO,155531,,PNBHOUSING,,2026-02-24,2026-02-24,930.0,PE,PNBHOUSING26FEB930PE,0.0,0.0,0.0,70.7,70.7,70.7,865.2,65.4,11050,0,0,0.0,0,F1,650,,,,,
2026-02-18,2026-02-18,FO,NSE,STO,127834,,PNBHOUSING,,2026-02-24,2026-02-24,960.0,PE,PNBHOUSING26FEB960PE,0.0,0.0,0.0,96.9,96.9,96.9,865.2,94.25,23400,0,0,0.0,0,F1,650,,,,,
2026-02-18,2026-02-18,FO,NSE,STO,155539,,PNBHOUSING,,2026-02-24,2026-02-24,1010.0,PE,PNBHOUSING26FEB1010PE,0.0,0.0,0.0,149.85,149.85,149.85,865.2,143.9,1950,0,0,0.0,0,F1,650,,,,,
2026-02-18,2026-02-18,FO,NSE,STO,127783,,PNBHOUSING,,2026-02-24,2026-02-24,740.0,CE,PNBHOUSING26FEB740CE,0.0,0.0,0.0,124.0,124.0,124.0,865.2,125.9,0,0,0,0.0,0,F1,650,,,,,
2026-02-18,2026-02-18,FO,NSE,STO,155607,,PNBHOUSING,,2026-03-30,2026-03-30,980.0,PE,PNBHOUSING26MAR980PE,0.0,0.0,0.0,98.05,0.0,98.05,865.2,119.95,0,0,0,0.0,0,F1,650,,,,,
2026-02-18,2026-02-18,FO,NSE,STO,127776,,PNBHOUSING,,2026-02-24,2026-02-24,680.0,CE,PNBHOUSING26FEB680CE,0.0,0.0,0.0,222.45,0.0,222.45,865.2,185.8,0,0,0,0.0,0,F1,650,,,,,
2026-02-18,2026-02-18,FO,NSE,STF,66984,,PNBHOUSING,,2026-04-28,2026-04-28,,,PNBHOUSING26APRFUT,876.5,876.5,874.6,874.9,874.75,873.1,865.2,874.9,32500,-5200,8,4551690.0,7,F1,650,,,,,
2026-02-18,2026-02-18,FO,NSE,STO,151871,,PNBHOUSING,,2026-04-28,2026-04-28,940.0,CE,PNBHOUSING26APR940CE,0.0,0.0,0.0,40.8,0.0,40.8,865.2,32.7,0,0,0,0.0,0,F1,650,,,,,
2026-02-18,2026-02-18,FO,NSE,STO,151878,,PNBHOUSING,,2026-04-28,2026-04-28,1000.0,PE,PNBHOUSING26APR1000PE,0.0,0.0,0.0,186.55,0.0,186.55,865.2,142.8,0,0,0,0.0,0,F1,650,,,,,
2026-02-18,2026-02-18,FO,NSE,STO,155583,,PNBHOUSING,,2026-03-30,2026-03-30,740.0,PE,PNBHOUSING26MAR740PE,0.0,0.0,0.0,12.35,0.0,12.35,865.2,4.85,0,0,0,0.0,0,F1,650,,,,,
2026-02-18,2026-02-18,FO,NSE,STO,127788,,PNBHOUSING,,2026-02-24,2026-02-24,780.0,PE,PNBHOUSING26FEB780PE,1.0,1.4,1.0,1.2,1.2,1.45,865.2,1.2,61750,-7800,36,18279170.0,28,F1,650,,,,,
2026-02-18,2026-02-18,FO,NSE,STO,155511,,PNBHOUSING,,2026-02-24,2026-02-24,730.0,PE,PNBHOUSING26FEB730PE,0.0,0.0,0.0,4.65,0.0,4.65,865.2,0.05,0,0,0,0.0,0,F1,650,,,,,
2026-02-18,2026-02-18,FO,NSE,STO,151730,,PNBHOUSING,,2026-04-28,2026-04-28,680.0,CE,PNBHOUSING26APR680CE,0.0,0.0,0.0,173.35,0.0,173.35,865.2,195.9,0,0,0,0.0,0,F1,650,,,,,
2026-02-18,2026-02-18,FO,NSE,STO,151696,,PNBHOUSING,,2026-03-30,2026-03-30,950.0,CE,PNBHOUSING26MAR950CE,7.4,9.75,7.4,9.5,9.5,25.25,865.2,9.5,3900,3900,8,4987872.5,8,F1,650,,,,,
2026-02-18,2026-02-18,FO,NSE,STO,151688,,PNBHOUSING,,2026-03-30,2026-03-30,870.0,CE,PNBHOUSING26MAR870CE,32.0,35.35,32.0,35.2,35.35,32.8,865.2,35.2,3250,1300,4,2349977.5,4,F1,650,,,,,
2026-02-18,2026-02-18,FO,NSE,STO,151676,,PNBHOUSING,,2026-03-30,2026-03-30,750.0,CE,PNBHOUSING26MAR750CE,0.0,0.0,0.0,110.65,0.0,110.65,865.2,125.75,0,0,0,0.0,0,F1,650,,,,,
2026-02-18,2026-02-18,FO,NSE,STO,155580,,PNBHOUSING,,2026-03-30,2026-03-30,720.0,CE,PNBHOUSING26MAR720CE,0.0,0.0,0.0,245.1,0.0,245.1,865.2,152.5,0,0,0,0.0,0,F1,650,,,,,
2026-02-18,2026-02-18,FO,NSE,STO,127837,,PNBHOUSING,,2026-02-24,2026-02-24,1000.0,CE,PNBHOUSING26FEB1000CE,0.4,0.45,0.2,0.3,0.2,0.5,865.2,0.3,152100,-3250,65,42262967.5,38,F1,650,,,,,
2026-02-18,2026-02-18,FO,NSE,STO,155522,,PNBHOUSING,,2026-02-24,2026-02-24,850.0,CE,PNBHOUSING26FEB850CE,21.95,24.45,18.0,20.95,20.05,21.9,865.2,20.95,171600,-6500,59,33423520.0,54,F1,650,,,,,
2026-02-18,2026-02-18,FO,NSE,STO,127780,,PNBHOUSING,,2026-02-24,2026-02-24,720.0,CE,PNBHOUSING26FEB720CE,0.0,0.0,0.0,190.05,0.0,190.05,865.2,145.85,0,0,0,0.0,0,F1,650,,,,,
2026-02-18,2026-02-18,FO,NSE,STO,155508,,PNBHOUSING,,2026-02-24,2026-02-24,710.0,CE,PNBHOUSING26FEB710CE,0.0,0.0,0.0,244.7,0.0,244.7,865.2,155.85,0,0,0,0.0,0,F1,650,,,,,
2026-02-18,2026-02-18,FO,NSE,STO,127831,,PNBHOUSING,,2026-02-24,2026-02-24,940.0,CE,PNBHOUSING26FEB940CE,1.0,1.0,0.65,0.65,0.65,1.5,865.2,0.65,92950,0,15,9173710.0,11,F1,650,,,,,
2026-02-18,2026-02-18,FO,NSE,STO,151863,,PNBHOUSING,,2026-04-28,2026-04-28,860.0,CE,PNBHOUSING26APR860CE,0.0,0.0,0.0,67.4,0.0,67.4,865.2,64.4,0,0,0,0.0,0,F1,650,,,,,
2026-02-18,2026-02-18,FO,NSE,STO,155604,,PNBHOUSING,,2026-03-30,2026-03-30,960.0,CE,PNBHOUSING26MAR960CE,5.0,8.0,5.0,8.0,8.0,15.95,865.2,14.6,650,-650,2,1256450.0,2,F1,650,,,,,
2026-02-18,2026-02-18,FO,NSE,STO,155590,,PNBHOUSING,,2026-03-30,2026-03-30,820.0,CE,PNBHOUSING26MAR820CE,0.0,0.0,0.0,166.55,0.0,166.55,865.2,72.25,0,0,0,0.0,0,F1,650,,,,,
2026-02-18,2026-02-18,FO,NSE,STO,151678,,PNBHOUSING,,2026-03-30,2026-03-30,770.0,CE,PNBHOUSING26MAR770CE,0.0,0.0,0.0,97.8,0.0,97.8,865.2,109.05,0,0,0,0.0,0,F1,650,,,,,
2026-02-18,2026-02-18,FO,NSE,STO,151674,,PNBHOUSING,,2026-03-30,2026-03-30,730.0,CE,PNBHOUSING26MAR730CE,0.0,0.0,0.0,124.6,0.0,124.6,865.2,143.4,0,0,0,0.0,0,F1,650,,,,,
2026-02-18,2026-02-18,FO,NSE,STO,127868,,PNBHOUSING,,2026-02-24,2026-02-24,1060.0,CE,PNBHOUSING26FEB1060CE,0.0,0.0,0.0,1.0,1.0,1.0,865.2,0.05,3250,0,0,0.0,0,F1,650,,,,,
2026-02-18,2026-02-18,FO,NSE,STO,127795,,PNBHOUSING,,2026-02-24,2026-02-24,860.0,CE,PNBHOUSING26FEB860CE,14.65,17.7,12.5,14.3,13.85,16.4,865.2,14.3,212550,-32500,304,173018560.0,264,F1,650,,,,,
2026-02-18,2026-02-18,FO,NSE,STO,155514,,PNBHOUSING,,2026-02-24,2026-02-24,770.0,CE,PNBHOUSING26FEB770CE,0.0,0.0,0.0,75.4,75.4,75.4,865.2,96.0,3250,0,0,0.0,0,F1,650,,,,,
2026-02-18,2026-02-18,FO,NSE,STF,59451,,PNBHOUSING,,2026-02-24,2026-02-24,,,PNBHOUSING26FEBFUT,864.0,869.05,858.7,865.3,863.7,863.4,865.2,865.3,11722100,-490750,1560,877050492.5,1376,F1,650,,,,,
2026-02-18,2026-02-18,FO,NSE,STO,127778,,PNBHOUSING,,2026-02-24,2026-02-24,700.0,CE,PNBHOUSING26FEB700CE,0.0,0.0,0.0,205.95,0.0,205.95,865.2,165.85,0,0,0,0.0,0,F1,650,,,,,
2026-02-18,2026-02-18,FO,NSE,STO,151850,,PNBHOUSING,,2026-04-28,2026-04-28,720.0,PE,PNBHOUSING26APR720PE,0.0,0.0,0.0,27.6,0.0,27.6,865.2,7.9,0,0,0,0.0,0,F1,650,,,,,
2026-02-18,2026-02-18,FO,NSE,STO,155589,,PNBHOUSING,,2026-03-30,2026-03-30,800.0,PE,PNBHOUSING26MAR800PE,9.7,9.9,9.7,9.9,9.9,17.0,865.2,9.9,6500,0,2,1052740.0,2,F1,650,,,,,
2026-02-18,2026-02-18,FO,NSE,STO,127828,,PNBHOUSING,,2026-02-24,2026-02-24,900.0,PE,PNBHOUSING26FEB900PE,40.0,40.0,36.55,36.55,36.55,41.2,865.2,39.35,37700,0,6,3659175.0,5,F1,650,,,,,
2026-02-18,2026-02-18,FO,NSE,STO,127786,,PNBHOUSING,,2026-02-24,2026-02-24,760.0,PE,PNBHOUSING26FEB760PE,0.0,0.0,0.0,2.2,2.2,2.2,865.2,0.05,29250,0,0,0.0,0,F1,650,,,,,
2026-02-18,2026-02-18,FO,NSE,STO,155578,,PNBHOUSING,,2026-03-30,2026-03-30,700.0,CE,PNBHOUSING26MAR700CE,0.0,0.0,0.0,262.55,0.0,262.55,865.2,171.15,0,0,0,0.0,0,F1,650,,,,,
2026-02-18,2026-02-18,FO,NSE,STO,151682,,PNBHOUSING,,2026-03-30,2026-03-30,810.0,CE,PNBHOUSING26MAR810CE,0.0,0.0,0.0,75.1,0.0,75.1,865.2,78.95,0,0,0,0.0,0,F1,650,,,,,
2026-02-18,2026-02-18,FO,NSE,STO,155594,,PNBHOUSING,,2026-03-30,2026-03-30,860.0,CE,PNBHOUSING26MAR860CE,0.0,0.0,0.0,42.2,42.2,42.2,865.2,48.95,1300,0,0,0.0,0,F1,650,,,,,
2026-02-18,2026-02-18,FO,NSE,STO,151856,,PNBHOUSING,,2026-04-28,2026-04-28,780.0,PE,PNBHOUSING26APR780PE,0.0,0.0,0.0,48.8,0.0,48.8,865.2,20.0,0,0,0,0.0,0,F1,650,,,,,
2026-02-18,2026-02-18,FO,NSE,STO,151673,,PNBHOUSING,,2026-03-30,2026-03-30,710.0,PE,PNBHOUSING26MAR710PE,0.0,0.0,0.0,16.55,0.0,16.55,865.2,2.3,0,0,0,0.0,0,F1,650,,,,,
2026-02-18,2026-02-18,FO,NSE,STO,155577,,PNBHOUSING,,2026-03-30,2026-03-30,680.0,PE,PNBHOUSING26MAR680PE,0.0,0.0,0.0,5.4,0.0,5.4,865.2,0.95,0,0,0,0.0,0,F1,650,,,,,
2026-02-18,2026-02-18,FO,NSE,STO,155513,,PNBHOUSING,,2026-02-24,2026-02-24,750.0,PE,PNBHOUSING26FEB750PE,0.0,0.0,0.0,1.35,1.35,1.35,865.2,0.05,72800,0,0,0.0,0,F1,650,,,,,
2026-02-18,2026-02-18,FO,NSE,STO,151875,,PNBHOUSING,,2026-04-28,2026-04-28,980.0,CE,PNBHOUSING26APR980CE,0.0,0.0,0.0,31.25,0.0,31.25,865.2,22.4,0,0,0,0.0,0,F1,650,,,,,
2026-02-18,2026-02-18,FO,NSE,STO,155600,,PNBHOUSING,,2026-03-30,2026-03-30,920.0,CE,PNBHOUSING26MAR920CE,15.0,15.0,15.0,15.0,15.0,13.0,865.2,24.65,3900,650,1,607750.0,1,F1,650,,,,,
2026-02-18,2026-02-18,FO,NSE,STO,127785,,PNBHOUSING,,2026-02-24,2026-02-24,760.0,CE,PNBHOUSING26FEB760CE,105.2,105.2,105.2,105.2,105.2,102.0,865.2,105.95,2600,0,3,1687140.0,2,F1,650,,,,,
2026-02-18,2026-02-18,FO,NSE,STO,151877,,PNBHOUSING,,2026-04-28,2026-04-28,1000.0,CE,PNBHOUSING26APR1000CE,0.0,0.0,0.0,27.3,0.0,27.3,865.2,18.35,0,0,0,0.0,0,F1,650,,,,,
2026-02-18,2026-02-18,FO,NSE,STO,151869,,PNBHOUSING,,2026-04-28,2026-04-28,920.0,CE,PNBHOUSING26APR920CE,0.0,0.0,0.0,46.45,0.0,46.45,865.2,39.15,0,0,0,0.0,0,F1,650,,,,,
2026-02-18,2026-02-18,FO,NSE,STO,151861,,PNBHOUSING,,2026-04-28,2026-04-28,840.0,CE,PNBHOUSING26APR840CE,0.0,0.0,0.0,75.9,0.0,75.9,865.2,74.95,0,0,0,0.0,0,F1,650,,,,,
2026-02-18,2026-02-18,FO,NSE,STO,151853,,PNBHOUSING,,2026-04-28,2026-04-28,760.0,CE,PNBHOUSING26APR760CE,0.0,0.0,0.0,117.95,0.0,117.95,865.2,128.15,0,0,0,0.0,0,F1,650,,,,,
2026-02-18,2026-02-18,FO,NSE,STO,151698,,PNBHOUSING,,2026-03-30,2026-03-30,970.0,CE,PNBHOUSING26MAR970CE,0.0,0.0,0.0,21.2,0.0,21.2,865.2,12.7,0,0,0,0.0,0,F1,650,,,,,
2026-02-18,2026-02-18,FO,NSE,STO,155598,,PNBHOUSING,,2026-03-30,2026-03-30,900.0,CE,PNBHOUSING26MAR900CE,23.0,23.4,20.0,21.25,20.75,18.8,865.2,21.25,35750,11700,43,25767852.5,42,F1,650,,,,,
2026-02-18,2026-02-18,FO,NSE,STO,151680,,PNBHOUSING,,2026-03-30,2026-03-30,790.0,CE,PNBHOUSING26MAR790CE,0.0,0.0,0.0,85.95,0.0,85.95,865.2,93.35,0,0,0,0.0,0,F1,650,,,,,
2026-02-18,2026-02-18,FO,NSE,STO,155582,,PNBHOUSING,,2026-03-30,2026-03-30,740.0,CE,PNBHOUSING26MAR740CE,0.0,0.0,0.0,228.2,0.0,228.2,865.2,134.5,0,0,0,0.0,0,F1,650,,,,,
2026-02-18,2026-02-18,FO,NSE,STO,155540,,PNBHOUSING,,2026-02-24,2026-02-24,1030.0,CE,PNBHOUSING26FEB1030CE,0.0,0.0,0.0,3.95,3.95,3.95,865.2,0.05,1950,0,0,0.0,0,F1,650,,,,,
2026-02-18,2026-02-18,FO,NSE,STO,155575,,PNBHOUSING,,2026-03-30,2026-03-30,660.0,PE,PNBHOUSING26MAR660PE,0.0,0.0,0.0,3.95,0.0,3.95,865.2,0.5,0,0,0,0.0,0,F1,650,,,,,
2026-02-18,2026-02-18,FO,NSE,STO,151675,,PNBHOUSING,,2026-03-30,2026-03-30,730.0,PE,PNBHOUSING26MAR730PE,0.0,0.0,0.0,21.55,0.0,21.55,865.2,3.8,0,0,0,0.0,0,F1,650,,,,,
2026-02-18,2026-02-18,FO,NSE,STO,155595,,PNBHOUSING,,2026-03-30,2026-03-30,860.0,PE,PNBHOUSING26MAR860PE,0.0,0.0,0.0,42.15,0.0,42.15,865.2,38.6,0,0,0,0.0,0,F1,650,,,,,
2026-02-18,2026-02-18,FO,NSE,STO,151693,,PNBHOUSING,,2026-03-30,2026-03-30,910.0,PE,PNBHOUSING26MAR910PE,0.0,0.0,0.0,110.4,0.0,110.4,865.2,67.2,0,0,0,0.0,0,F1,650,,,,,
2026-02-18,2026-02-18,FO,NSE,STO,151845,,PNBHOUSING,,2026-04-28,2026-04-28,700.0,PE,PNBHOUSING26APR700PE,0.0,0.0,0.0,22.2,0.0,22.2,865.2,5.5,0,0,0,0.0,0,F1,650,,,,,
2026-02-18,2026-02-18,FO,NSE,STO,127827,,PNBHOUSING,,2026-02-24,2026-02-24,900.0,CE,PNBHOUSING26FEB900CE,4.1,4.2,2.5,2.55,2.5,4.25,865.2,2.55,331500,-39000,343,201384527.5,265,F1,650,,,,,
2026-02-18,2026-02-18,FO,NSE,STO,155576,,PNBHOUSING,,2026-03-30,2026-03-30,680.0,CE,PNBHOUSING26MAR680CE,0.0,0.0,0.0,280.4,0.0,280.4,865.2,190.25,0,0,0,0.0,0,F1,650,,,,,
2026-02-18,2026-02-18,FO,NSE,STO,155602,,PNBHOUSING,,2026-03-30,2026-03-30,940.0,CE,PNBHOUSING26MAR940CE,11.0,11.0,11.0,11.0,11.0,95.3,865.2,19.1,650,650,1,618150.0,1,F1,650,,,,,
2026-02-18,2026-02-18,FO,NSE,STO,151844,,PNBHOUSING,,2026-04-28,2026-04-28,700.0,CE,PNBHOUSING26APR700CE,0.0,0.0,0.0,158.3,0.0,158.3,865.2,177.95,0,0,0,0.0,0,F1,650,,,,,
2026-02-18,2026-02-18,FO,NSE,STO,155574,,PNBHOUSING,,2026-03-30,2026-03-30,660.0,CE,PNBHOUSING26MAR660CE,0.0,0.0,0.0,298.6,0.0,298.6,865.2,209.65,0,0,0,0.0,0,F1,650,,,,,
2026-02-18,2026-02-18,FO,NSE,STO,151694,,PNBHOUSING,,2026-03-30,2026-03-30,930.0,CE,PNBHOUSING26MAR930CE,0.0,0.0,0.0,29.9,0.0,29.9,865.2,21.75,0,0,0,0.0,0,F1,650,,,,,
2026-02-18,2026-02-18,FO,NSE,STO,155606,,PNBHOUSING,,2026-03-30,2026-03-30,980.0,CE,PNBHOUSING26MAR980CE,0.0,0.0,0.0,77.45,0.0,77.45,865.2,11.0,0,0,0,0.0,0,F1,650,,,,,
2026-02-18,2026-02-18,FO,NSE,STO,155510,,PNBHOUSING,,2026-02-24,2026-02-24,730.0,CE,PNBHOUSING26FEB730CE,0.0,0.0,0.0,135.4,135.4,135.4,865.2,135.85,1950,0,0,0.0,0,F1,650,,,,,
2026-02-18,2026-02-18,FO,NSE,STO,155515,,PNBHOUSING,,2026-02-24,2026-02-24,770.0,PE,PNBHOUSING26FEB770PE,1.1,1.35,1.0,1.1,1.1,1.3,865.2,1.1,24700,-5850,19,9523800.0,16,F1,650,,,,,
2026-02-18,2026-02-18,FO,NSE,STO,127836,,PNBHOUSING,,2026-02-24,2026-02-24,980.0,PE,PNBHOUSING26FEB980PE,0.0,0.0,0.0,148.6,148.6,148.6,865.2,114.0,3900,0,0,0.0,0,F1,650,,,,,
2026-02-18,2026-02-18,FO,NSE,STO,155543,,PNBHOUSING,,2026-02-24,2026-02-24,1050.0,PE,PNBHOUSING26FEB1050PE,0.0,0.0,0.0,240.0,240.0,240.0,865.2,183.85,650,0,0,0.0,0,F1,650,,,,,
2026-02-18,2026-02-18,FO,NSE,STO,151681,,PNBHOUSING,,2026-03-30,2026-03-30,790.0,PE,PNBHOUSING26MAR790PE,0.0,0.0,0.0,42.25,0.0,42.25,865.2,13.4,0,0,0,0.0,0,F1,650,,,,,
2026-02-18,2026-02-18,FO,NSE,STO,155524,,PNBHOUSING,,2026-02-24,2026-02-24,870.0,CE,PNBHOUSING26FEB870CE,9.3,12.55,8.25,9.3,9.35,11.7,865.2,9.3,328250,-27950,482,275887852.5,412,F1,650,,,,,
2026-02-18,2026-02-18,FO,NSE,STO,155512,,PNBHOUSING,,2026-02-24,2026-02-24,750.0,CE,PNBHOUSING26FEB750CE,0.0,0.0,0.0,113.0,113.0,113.0,865.2,115.9,1300,0,0,0.0,0,F1,650,,,,,
2026-02-18,2026-02-18,FO,NSE,STO,155599,,PNBHOUSING,,2026-03-30,2026-03-30,900.0,PE,PNBHOUSING26MAR900PE,48.55,50.35,48.1,49.0,49.0,58.0,865.2,60.8,7150,3250,12,7403695.0,11,F1,650,,,,,
2026-02-18,2026-02-18,FO,NSE,STO,151870,,PNBHOUSING,,2026-04-28,2026-04-28,920.0,PE,PNBHOUSING26APR920PE,0.0,0.0,0.0,126.95,0.0,126.95,865.2,84.45,0,0,0,0.0,0,F1,650,,,,,
2026-02-18,2026-02-18,FO,NSE,STO,151868,,PNBHOUSING,,2026-04-28,2026-04-28,900.0,PE,PNBHOUSING26APR900PE,0.0,0.0,0.0,113.55,0.0,113.55,865.2,72.0,0,0,0,0.0,0,F1,650,,,,,
2026-02-18,2026-02-18,FO,NSE,STO,155609,,PNBHOUSING,,2026-03-30,2026-03-30,1000.0,PE,PNBHOUSING26MAR1000PE,0.0,0.0,0.0,109.85,0.0,109.85,865.2,137.0,0,0,0,0.0,0,F1,650,,,,,
2026-02-18,2026-02-18,FO,NSE,STO,151866,,PNBHOUSING,,2026-04-28,2026-04-28,880.0,PE,PNBHOUSING26APR880PE,0.0,0.0,0.0,100.85,0.0,100.85,865.2,60.65,0,0,0,0.0,0,F1,650,,,,,
2026-02-18,2026-02-18,FO,NSE,STO,155603,,PNBHOUSING,,2026-03-30,2026-03-30,940.0,PE,PNBHOUSING26MAR940PE,0.0,0.0,0.0,76.5,0.0,76.5,865.2,88.25,0,0,0,0.0,0,F1,650,,,,,
2026-02-18,2026-02-18,FO,NSE,STO,155593,,PNBHOUSING,,2026-03-30,2026-03-30,840.0,PE,PNBHOUSING26MAR840PE,0.0,0.0,0.0,35.5,0.0,35.5,865.2,29.65,0,0,0,0.0,0,F1,650,,,,,
2026-02-18,2026-02-18,FO,NSE,STO,151697,,PNBHOUSING,,2026-03-30,2026-03-30,950.0,PE,PNBHOUSING26MAR950PE,90.2,90.2,85.0,85.0,85.0,139.95,865.2,85.0,1950,1950,3,2023255.0,3,F1,650,,,,,
2026-02-18,2026-02-18,FO,NSE,STO,155509,,PNBHOUSING,,2026-02-24,2026-02-24,710.0,PE,PNBHOUSING26FEB710PE,0.0,0.0,0.0,3.25,0.0,3.25,865.2,0.05,0,0,0,0.0,0,F1,650,,,,,
2026-02-18,2026-02-18,FO,NSE,STO,127832,,PNBHOUSING,,2026-02-24,2026-02-24,940.0,PE,PNBHOUSING26FEB940PE,0.0,0.0,0.0,87.6,87.6,87.6,865.2,74.85,5200,0,0,0.0,0,F1,650,,,,,
2026-02-18,2026-02-18,FO,NSE,STO,155517,,PNBHOUSING,,2026-02-24,2026-02-24,790.0,PE,PNBHOUSING26FEB790PE,1.35,1.55,1.2,1.35,1.3,1.6,865.2,1.35,49400,-1300,52,26748020.0,51,F1,650,,,,,
2026-02-18,2026-02-18,FO,NSE,STO,155521,,PNBHOUSING,,2026-02-24,2026-02-24,830.0,PE,PNBHOUSING26FEB830PE,3.9,3.9,2.7,2.9,3.0,4.3,865.2,2.9,96850,-24050,111,60105825.0,67,F1,650,,,,,
2026-02-18,2026-02-18,FO,NSE,STO,155527,,PNBHOUSING,,2026-02-24,2026-02-24,890.0,PE,PNBHOUSING26FEB890PE,30.0,34.6,28.55,29.3,30.15,32.75,865.2,29.3,56550,0,13,7781410.0,13,F1,650,,,,,
2026-02-18,2026-02-18,FO,NSE,STO,127830,,PNBHOUSING,,2026-02-24,2026-02-24,920.0,PE,PNBHOUSING26FEB920PE,57.0,57.0,57.0,57.0,57.0,69.55,865.2,56.3,6500,0,1,635050.0,1,F1,650,,,,,
2026-02-18,2026-02-18,FO,NSE,STO,155535,,PNBHOUSING,,2026-02-24,2026-02-24,970.0,PE,PNBHOUSING26FEB970PE,104.0,104.0,104.0,104.0,104.0,129.75,865.2,104.1,2600,-650,1,698100.0,1,F1,650,,,,,
2026-02-18,2026-02-18,FO,NSE,STO,155601,,PNBHOUSING,,2026-03-30,2026-03-30,920.0,PE,PNBHOUSING26MAR920PE,0.0,0.0,0.0,66.8,0.0,66.8,865.2,73.95,0,0,0,0.0,0,F1,650,,,,,
2026-02-18,2026-02-18,FO,NSE,STO,151860,,PNBHOUSING,,2026-04-28,2026-04-28,820.0,PE,PNBHOUSING26APR820PE,0.0,0.0,0.0,67.2,0.0,67.2,865.2,32.95,0,0,0,0.0,0,F1,650,,,,,
2026-02-18,2026-02-18,FO,NSE,STO,151862,,PNBHOUSING,,2026-04-28,2026-04-28,840.0,PE,PNBHOUSING26APR840PE,0.0,0.0,0.0,77.65,0.0,77.65,865.2,41.1,0,0,0,0.0,0,F1,650,,,,,
2026-02-18,2026-02-18,FO,NSE,STO,151876,,PNBHOUSING,,2026-04-28,2026-04-28,980.0,PE,PNBHOUSING26APR980PE,0.0,0.0,0.0,170.85,0.0,170.85,865.2,127.05,0,0,0,0.0,0,F1,650,,,,,
2026-02-18,2026-02-18,FO,NSE,STO,151859,,PNBHOUSING,,2026-04-28,2026-04-28,820.0,CE,PNBHOUSING26APR820CE,0.0,0.0,0.0,85.15,0.0,85.15,865.2,86.65,0,0,0,0.0,0,F1,650,,,,,
2026-02-18,2026-02-18,FO,NSE,STO,155520,,PNBHOUSING,,2026-02-24,2026-02-24,830.0,CE,PNBHOUSING26FEB830CE,36.1,36.35,36.1,36.35,36.35,37.65,865.2,40.45,85800,0,2,1126092.5,2,F1,650,,,,,
2026-02-18,2026-02-18,FO,NSE,STO,155526,,PNBHOUSING,,2026-02-24,2026-02-24,890.0,CE,PNBHOUSING26FEB890CE,5.3,5.85,3.75,3.9,3.75,5.9,865.2,3.9,53950,3900,50,29075215.0,47,F1,650,,,,,
2026-02-18,2026-02-18,FO,NSE,STO,127872,,PNBHOUSING,,2026-02-24,2026-02-24,1100.0,CE,PNBHOUSING26FEB1100CE,0.0,0.0,0.0,0.6,0.6,0.6,865.2,0.05,650,0,0,0.0,0,F1,650,,,,,
2026-02-18,2026-02-18,FO,NSE,STO,37461,,PNBHOUSING,,2026-02-24,2026-02-24,1140.0,CE,PNBHOUSING26FEB1140CE,0.0,0.0,0.0,0.6,0.6,0.6,865.2,0.05,1300,0,0,0.0,0,F1,650,,,,,
2026-02-18,2026-02-18,FO,NSE,STO,155588,,PNBHOUSING,,2026-03-30,2026-03-30,800.0,CE,PNBHOUSING26MAR800CE,0.0,0.0,0.0,72.0,72.0,72.0,865.2,86.0,650,0,0,0.0,0,F1,650,,,,,
2026-02-18,2026-02-18,FO,NSE,STO,151684,,PNBHOUSING,,2026-03-30,2026-03-30,830.0,CE,PNBHOUSING26MAR830CE,0.0,0.0,0.0,65.25,0.0,65.25,865.2,65.9,0,0,0,0.0,0,F1,650,,,,,
2026-02-18,2026-02-18,FO,NSE,STO,155596,,PNBHOUSING,,2026-03-30,2026-03-30,880.0,CE,PNBHOUSING26MAR880CE,0.0,0.0,0.0,30.0,30.0,30.0,865.2,39.5,1950,0,0,0.0,0,F1,650,,,,,
2026-02-18,2026-02-18,FO,NSE,STO,155608,,PNBHOUSING,,2026-03-30,2026-03-30,1000.0,CE,PNBHOUSING26MAR1000CE,0.0,0.0,0.0,69.55,0.0,69.55,865.2,8.2,0,0,0,0.0,0,F1,650,,,,,
2026-02-18,2026-02-18,FO,NSE,STO,151855,,PNBHOUSING,,2026-04-28,2026-04-28,780.0,CE,PNBHOUSING26APR780CE,0.0,0.0,0.0,106.15,0.0,106.15,865.2,113.3,0,0,0,0.0,0,F1,650,,,,,
2026-02-18,2026-02-18,FO,NSE,STO,127784,,PNBHOUSING,,2026-02-24,2026-02-24,740.0,PE,PNBHOUSING26FEB740PE,1.0,1.0,1.0,1.0,1.0,1.0,865.2,0.05,37050,-650,1,481650.0,1,F1,650,,,,,
2026-02-18,2026-02-18,FO,NSE,STO,127777,,PNBHOUSING,,2026-02-24,2026-02-24,680.0,PE,PNBHOUSING26FEB680PE,0.0,0.0,0.0,10.8,0.0,10.8,865.2,0.05,0,0,0,0.0,0,F1,650,,,,,
2026-02-18,2026-02-18,FO,NSE,STO,151865,,PNBHOUSING,,2026-04-28,2026-04-28,880.0,CE,PNBHOUSING26APR880CE,0.0,0.0,0.0,59.7,0.0,59.7,865.2,54.95,0,0,0,0.0,0,F1,650,,,,,
2026-02-18,2026-02-18,FO,NSE,STO,151857,,PNBHOUSING,,2026-04-28,2026-04-28,800.0,CE,PNBHOUSING26APR800CE,0.0,0.0,0.0,95.25,0.0,95.25,865.2,99.45,0,0,0,0.0,0,F1,650,,,,,
2026-02-18,2026-02-18,FO,NSE,STO,151851,,PNBHOUSING,,2026-04-28,2026-04-28,740.0,CE,PNBHOUSING26APR740CE,0.0,0.0,0.0,130.55,0.0,130.55,865.2,143.95,0,0,0,0.0,0,F1,650,,,,,
2026-02-18,2026-02-18,FO,NSE,STO,155592,,PNBHOUSING,,2026-03-30,2026-03-30,840.0,CE,PNBHOUSING26MAR840CE,0.0,0.0,0.0,152.85,0.0,152.85,865.2,59.85,0,0,0,0.0,0,F1,650,,,,,
2026-02-18,2026-02-18,FO,NSE,STO,127839,,PNBHOUSING,,2026-02-24,2026-02-24,1020.0,CE,PNBHOUSING26FEB1020CE,0.0,0.0,0.0,0.55,0.55,0.55,865.2,0.05,3250,0,0,0.0,0,F1,650,,,,,
2026-02-18,2026-02-18,FO,NSE,STO,155530,,PNBHOUSING,,2026-02-24,2026-02-24,930.0,CE,PNBHOUSING26FEB930CE,1.4,1.4,0.8,0.8,0.8,1.5,865.2,0.8,45500,0,5,3026205.0,5,F1,650,,,,,
2026-02-18,2026-02-18,FO,NSE,STO,127791,,PNBHOUSING,,2026-02-24,2026-02-24,820.0,CE,PNBHOUSING26FEB820CE,47.8,47.8,47.8,47.8,47.8,44.0,865.2,48.75,60450,0,1,564070.0,1,F1,650,,,,,
2026-02-18,2026-02-18,FO,NSE,STO,151874,,PNBHOUSING,,2026-04-28,2026-04-28,960.0,PE,PNBHOUSING26APR960PE,0.0,0.0,0.0,155.65,0.0,155.65,865.2,112.0,0,0,0,0.0,0,F1,650,,,,,
2026-02-18,2026-02-18,FO,NSE,STO,155518,,PNBHOUSING,,2026-02-24,2026-02-24,810.0,CE,PNBHOUSING26FEB810CE,0.0,0.0,0.0,55.65,55.65,55.65,865.2,57.6,56550,0,0,0.0,0,F1,650,,,,,
2026-02-18,2026-02-18,FO,NSE,STF,52010,,PNBHOUSING,,2026-03-30,2026-03-30,,,PNBHOUSING26MARFUT,869.0,874.55,864.0,871.05,869.25,868.6,865.2,871.05,872950,429000,837,473630527.5,673,F1,650,,,,,
2026-02-18,2026-02-18,FO,NSE,STO,151731,,PNBHOUSING,,2026-04-28,2026-04-28,680.0,PE,PNBHOUSING26APR680PE,0.0,0.0,0.0,17.5,0.0,17.5,865.2,3.7,0,0,0,0.0,0,F1,650,,,,,
2026-02-18,2026-02-18,FO,NSE,STO,151691,,PNBHOUSING,,2026-03-30,2026-03-30,890.0,PE,PNBHOUSING26MAR890PE,0.0,0.0,0.0,96.75,0.0,96.75,865.2,54.75,0,0,0,0.0,0,F1,650,,,,,
2026-02-18,2026-02-18,FO,NSE,STO,155591,,PNBHOUSING,,2026-03-30,2026-03-30,820.0,PE,PNBHOUSING26MAR820PE,14.45,14.5,13.8,13.8,13.8,14.55,865.2,13.8,5200,1950,10,5422007.5,8,F1,650,,,,,
2026-02-18,2026-02-18,FO,NSE,STO,151677,,PNBHOUSING,,2026-03-30,2026-03-30,750.0,PE,PNBHOUSING26MAR750PE,0.0,0.0,0.0,27.4,0.0,27.4,865.2,6.05,0,0,0,0.0,0,F1,650,,,,,
2026-02-18,2026-02-18,FO,NSE,STO,155525,,PNBHOUSING,,2026-02-24,2026-02-24,870.0,PE,PNBHOUSING26FEB870PE,18.8,18.8,14.0,14.45,14.8,18.8,865.2,14.45,139100,8450,39,22458377.5,37,F1,650,,,,,
2026-02-18,2026-02-18,FO,NSE,STO,155523,,PNBHOUSING,,2026-02-24,2026-02-24,850.0,PE,PNBHOUSING26FEB850PE,7.0,8.75,5.35,6.15,6.2,8.9,865.2,6.15,121550,-1950,59,32851097.5,57,F1,650,,,,,
2026-02-18,2026-02-18,FO,NSE,STO,151672,,PNBHOUSING,,2026-03-30,2026-03-30,710.0,CE,PNBHOUSING26MAR710CE,0.0,0.0,0.0,139.35,0.0,139.35,865.2,161.75,0,0,0,0.0,0,F1,650,,,,,
2026-02-18,2026-02-18,FO,NSE,STO,155538,,PNBHOUSING,,2026-02-24,2026-02-24,1010.0,CE,PNBHOUSING26FEB1010CE,0.0,0.0,0.0,1.75,1.75,1.75,865.2,0.05,6500,0,0,0.0,0,F1,650,,,,,
2026-02-18,2026-02-18,FO,NSE,STO,155534,,PNBHOUSING,,2026-02-24,2026-02-24,970.0,CE,PNBHOUSING26FEB970CE,0.4,0.4,0.4,0.4,0.4,0.65,865.2,0.15,98150,-1300,2,1261520.0,2,F1,650,,,,,
2026-02-18,2026-02-18,FO,NSE,STO,127825,,PNBHOUSING,,2026-02-24,2026-02-24,880.0,CE,PNBHOUSING26FEB880CE,8.5,8.65,5.65,5.95,6.05,8.15,865.2,5.95,107250,-7800,96,55346232.5,79,F1,650,,,,,
2026-02-18,2026-02-18,FO,NSE,STO,127789,,PNBHOUSING,,2026-02-24,2026-02-24,800.0,CE,PNBHOUSING26FEB800CE,66.9,70.8,61.8,70.8,70.8,62.0,865.2,66.85,27300,-124150,206,115881967.5,159,F1,650,,,,,
2026-02-18,2026-02-18,FO,NSE,STO,155516,,PNBHOUSING,,2026-02-24,2026-02-24,790.0,CE,PNBHOUSING26FEB790CE,72.0,77.35,72.0,76.85,76.85,59.7,865.2,76.4,25350,3250,13,7313735.0,13,F1,650,,,,,
2026-02-18,2026-02-18,FO,NSE,STO,39223,,PNBHOUSING,,2026-02-24,2026-02-24,660.0,CE,PNBHOUSING26FEB660CE,0.0,0.0,0.0,260.5,0.0,260.5,865.2,205.8,0,0,0,0.0,0,F1,650,,,,,
2026-02-18,2026-02-18,FO,NSE,STO,151873,,PNBHOUSING,,2026-04-28,2026-04-28,960.0,CE,PNBHOUSING26APR960CE,0.0,0.0,0.0,35.75,0.0,35.75,865.2,27.15,0,0,0,0.0,0,F1,650,,,,,
2026-02-18,2026-02-18,FO,NSE,STO,151699,,PNBHOUSING,,2026-03-30,2026-03-30,970.0,PE,PNBHOUSING26MAR970PE,0.0,0.0,0.0,155.65,0.0,155.65,865.2,111.65,0,0,0,0.0,0,F1,650,,,,,
2026-02-18,2026-02-18,FO,NSE,STO,155597,,PNBHOUSING,,2026-03-30,2026-03-30,880.0,PE,PNBHOUSING26MAR880PE,0.0,0.0,0.0,49.6,0.0,49.6,865.2,49.0,0,0,0,0.0,0,F1,650,,,,,
2026-02-18,2026-02-18,FO,NSE,STO,151679,,PNBHOUSING,,2026-03-30,2026-03-30,770.0,PE,PNBHOUSING26MAR770PE,0.0,0.0,0.0,34.35,0.0,34.35,865.2,9.2,0,0,0,0.0,0,F1,650,,,,,
2026-02-18,2026-02-18,FO,NSE,STO,155579,,PNBHOUSING,,2026-03-30,2026-03-30,700.0,PE,PNBHOUSING26MAR700PE,1.35,1.35,1.35,1.35,1.35,5.55,865.2,1.75,650,0,1,455877.5,1,F1,650,,,,,
2026-02-18,2026-02-18,FO,NSE,STO,127838,,PNBHOUSING,,2026-02-24,2026-02-24,1000.0,PE,PNBHOUSING26FEB1000PE,0.0,0.0,0.0,135.0,135.0,135.0,865.2,133.9,21450,0,0,0.0,0,F1,650,,,,,
2026-02-18,2026-02-18,FO,NSE,STO,155529,,PNBHOUSING,,2026-02-24,2026-02-24,910.0,PE,PNBHOUSING26FEB910PE,0.0,0.0,0.0,47.25,0.0,47.25,865.2,47.55,0,0,0,0.0,0,F1,650,,,,,
2026-02-18,2026-02-18,FO,NSE,STO,151686,,PNBHOUSING,,2026-03-30,2026-03-30,850.0,CE,PNBHOUSING26MAR850CE,44.0,44.0,44.0,44.0,44.0,45.4,865.2,54.25,3900,-650,1,581100.0,1,F1,650,,,,,
2026-02-18,2026-02-18,FO,NSE,STO,151867,,PNBHOUSING,,2026-04-28,2026-04-28,900.0,CE,PNBHOUSING26APR900CE,0.0,0.0,0.0,52.75,0.0,52.75,865.2,46.55,0,0,0,0.0,0,F1,650,,,,,
2026-02-18,2026-02-18,FO,NSE,STO,155605,,PNBHOUSING,,2026-03-30,2026-03-30,960.0,PE,PNBHOUSING26MAR960PE,0.0,0.0,0.0,86.9,0.0,86.9,865.2,103.65,0,0,0,0.0,0,F1,650,,,,,
2026-02-18,2026-02-18,FO,NSE,STO,155584,,PNBHOUSING,,2026-03-30,2026-03-30,760.0,CE,PNBHOUSING26MAR760CE,0.0,0.0,0.0,211.85,0.0,211.85,865.2,117.25,0,0,0,0.0,0,F1,650,,,,,
2026-02-18,2026-02-18,FO,NSE,STO,127790,,PNBHOUSING,,2026-02-24,2026-02-24,800.0,PE,PNBHOUSING26FEB800PE,2.05,2.05,1.5,1.5,1.5,2.15,865.2,1.5,1111500,-7150,376,195917605.0,260,F1,650,,,,,
2026-02-18,2026-02-18,FO,NSE,STO,155519,,PNBHOUSING,,2026-02-24,2026-02-24,810.0,PE,PNBHOUSING26FEB810PE,2.0,2.05,1.7,1.75,1.75,2.7,865.2,1.75,68250,-650,37,19526877.5,27,F1,650,,,,,
2026-02-18,2026-02-18,FO,NSE,STO,155533,,PNBHOUSING,,2026-02-24,2026-02-24,950.0,PE,PNBHOUSING26FEB950PE,85.05,86.5,84.95,85.35,85.35,88.0,865.2,85.35,17550,-1300,8,5385022.5,8,F1,650,,,,,
2026-02-18,2026-02-18,FO,NSE,STO,151689,,PNBHOUSING,,2026-03-30,2026-03-30,870.0,PE,PNBHOUSING26MAR870PE,0.0,0.0,0.0,84.0,0.0,84.0,865.2,43.6,0,0,0,0.0,0,F1,650,,,,,
2026-02-18,2026-02-18,FO,NSE,STO,155528,,PNBHOUSING,,2026-02-24,2026-02-24,910.0,CE,PNBHOUSING26FEB910CE,2.3,2.6,1.6,1.7,1.6,2.95,865.2,1.7,26000,-1950,43,25492967.5,39,F1,650,,,,,
2026-02-18,2026-02-18,FO,NSE,STO,127787,,PNBHOUSING,,2026-02-24,2026-02-24,780.0,CE,PNBHOUSING26FEB780CE,0.0,0.0,0.0,40.55,40.7,40.55,865.2,86.15,3250,0,0,0.0,0,F1,650,,,,,
2026-02-18,2026-02-18,FO,NSE,STO,127870,,PNBHOUSING,,2026-02-24,2026-02-24,1080.0,CE,PNBHOUSING26FEB1080CE,0.0,0.0,0.0,0.5,0.5,0.5,865.2,0.05,22750,0,0,0.0,0,F1,650,,,,,
2026-02-18,2026-02-18,FO,NSE,STO,151692,,PNBHOUSING,,2026-03-30,2026-03-30,910.0,CE,PNBHOUSING26MAR910CE,0.0,0.0,0.0,35.3,0.0,35.3,865.2,27.9,0,0,0,0.0,0,F1,650,,,,,
2026-02-18,2026-02-18,FO,NSE,STO,151872,,PNBHOUSING,,2026-04-28,2026-04-28,940.0,PE,PNBHOUSING26APR940PE,0.0,0.0,0.0,141.0,0.0,141.0,865.2,97.8,0,0,0,0.0,0,F1,650,,,,,
2026-02-18,2026-02-18,FO,NSE,STO,151864,,PNBHOUSING,,2026-04-28,2026-04-28,860.0,PE,PNBHOUSING26APR860PE,0.0,0.0,0.0,88.85,0.0,88.85,865.2,50.3,0,0,0,0.0,0,F1,650,,,,,
2026-02-18,2026-02-18,FO,NSE,STO,151852,,PNBHOUSING,,2026-04-28,2026-04-28,740.0,PE,PNBHOUSING26APR740PE,0.0,0.0,0.0,33.8,0.0,33.8,865.2,11.05,0,0,0,0.0,0,F1,650,,,,,
2026-02-18,2026-02-18,FO,NSE,STO,151695,,PNBHOUSING,,2026-03-30,2026-03-30,930.0,PE,PNBHOUSING26MAR930PE,0.0,0.0,0.0,124.8,0.0,124.8,865.2,80.95,0,0,0,0.0,0,F1,650,,,,,
2026-02-18,2026-02-18,FO,NSE,STO,151687,,PNBHOUSING,,2026-03-30,2026-03-30,850.0,PE,PNBHOUSING26MAR850PE,0.0,0.0,0.0,72.1,0.0,72.1,865.2,33.95,0,0,0,0.0,0,F1,650,,,,,
2026-02-18,2026-02-18,FO,NSE,STO,127792,,PNBHOUSING,,2026-02-24,2026-02-24,820.0,PE,PNBHOUSING26FEB820PE,2.3,2.75,2.15,2.2,2.15,3.3,865.2,2.2,118300,-5850,68,36350925.0,52,F1,650,,,,,
2026-02-18,2026-02-18,FO,NSE,STO,127779,,PNBHOUSING,,2026-02-24,2026-02-24,700.0,PE,PNBHOUSING26FEB700PE,0.75,0.75,0.6,0.65,0.65,0.8,865.2,0.05,44200,-2600,7,3188055.0,7,F1,650,,,,,
2026-02-18,2026-02-18,FO,NSE,STO,151690,,PNBHOUSING,,2026-03-30,2026-03-30,890.0,CE,PNBHOUSING26MAR890CE,0.0,0.0,0.0,41.5,0.0,41.5,865.2,35.3,0,0,0,0.0,0,F1,650,,,,,
2026-02-18,2026-02-18,FO,NSE,STO,155586,,PNBHOUSING,,2026-03-30,2026-03-30,780.0,CE,PNBHOUSING26MAR780CE,0.0,0.0,0.0,196.1,0.0,196.1,865.2,101.05,0,0,0,0.0,0,F1,650,,,,,
2026-02-18,2026-02-18,FO,NSE,STO,127866,,PNBHOUSING,,2026-02-24,2026-02-24,1040.0,CE,PNBHOUSING26FEB1040CE,0.0,0.0,0.0,11.0,11.0,11.0,865.2,0.05,650,0,0,0.0,0,F1,650,,,,,
2026-02-18,2026-02-18,FO,NSE,STO,127833,,PNBHOUSING,,2026-02-24,2026-02-24,960.0,CE,PNBHOUSING26FEB960CE,0.4,0.45,0.4,0.45,0.45,1.1,865.2,0.45,38350,-650,10,6242730.0,9,F1,650,,,,,
2026-02-18,2026-02-18,FO,NSE,STO,155532,,PNBHOUSING,,2026-02-24,2026-02-24,950.0,CE,PNBHOUSING26FEB950CE,0.55,1.0,0.55,0.55,0.55,1.05,865.2,0.55,112450,-5850,101,62421417.5,59,F1,650,,,,,
2026-02-18,2026-02-18,FO,NSE,STO,127793,,PNBHOUSING,,2026-02-24,2026-02-24,840.0,CE,PNBHOUSING26FEB840CE,27.75,32.15,24.8,32.15,32.15,29.25,865.2,32.8,61750,-3250,29,16365342.5,27,F1,650,,,,,
2026-02-18,2026-02-18,FO,NSE,STO,155536,,PNBHOUSING,,2026-02-24,2026-02-24,990.0,CE,PNBHOUSING26FEB990CE,0.0,0.0,0.0,2.0,2.0,2.0,865.2,0.05,7150,0,0,0.0,0,F1,650,,,,,
2026-02-18,2026-02-18,FO,NSE,STO,127835,,PNBHOUSING,,2026-02-24,2026-02-24,980.0,CE,PNBHOUSING26FEB980CE,0.0,0.0,0.0,0.6,0.6,0.6,865.2,0.1,26000,0,0,0.0,0,F1,650,,,,,
2026-02-18,2026-02-18,FO,NSE,STO,127829,,PNBHOUSING,,2026-02-24,2026-02-24,920.0,CE,PNBHOUSING26FEB920CE,2.0,2.2,1.05,1.2,1.2,2.15,865.2,1.2,100100,10400,38,22759912.5,34,F1,650,,,,,
2026-02-18,2026-02-18,FO,NSE,STO,155585,,PNBHOUSING,,2026-03-30,2026-03-30,760.0,PE,PNBHOUSING26MAR760PE,0.0,0.0,0.0,15.7,0.0,15.7,865.2,7.5,0,0,0,0.0,0,F1,650,,,,,
2026-02-18,2026-02-18,FO,NSE,STO,151858,,PNBHOUSING,,2026-04-28,2026-04-28,800.0,PE,PNBHOUSING26APR800PE,0.0,0.0,0.0,57.6,0.0,57.6,865.2,25.95,0,0,0,0.0,0,F1,650,,,,,
2026-02-18,2026-02-18,FO,NSE,STO,151854,,PNBHOUSING,,2026-04-28,2026-04-28,760.0,PE,PNBHOUSING26APR760PE,0.0,0.0,0.0,40.9,0.0,40.9,865.2,15.05,0,0,0,0.0,0,F1,650,,,,,
2026-02-18,2026-02-18,FO,NSE,STO,151685,,PNBHOUSING,,2026-03-30,2026-03-30,830.0,PE,PNBHOUSING26MAR830PE,0.0,0.0,0.0,61.15,0.0,61.15,865.2,25.7,0,0,0,0.0,0,F1,650,,,,,
2026-02-18,2026-02-18,FO,NSE,STO,151683,,PNBHOUSING,,2026-03-30,2026-03-30,810.0,PE,PNBHOUSING26MAR810PE,0.0,0.0,0.0,40.4,40.4,40.4,865.2,18.9,650,0,0,0.0,0,F1,650,,,,,
2026-02-18,2026-02-18,FO,NSE,STO,155587,,PNBHOUSING,,2026-03-30,2026-03-30,780.0,PE,PNBHOUSING26MAR780PE,6.85,6.85,6.85,6.85,6.85,11.5,865.2,6.85,1950,0,1,511452.5,1,F1,650,,,,,
2026-02-18,2026-02-18,FO,NSE,STO,155581,,PNBHOUSING,,2026-03-30,2026-03-30,720.0,PE,PNBHOUSING26MAR720PE,0.0,0.0,0.0,9.55,0.0,9.55,865.2,2.95,0,0,0,0.0,0,F1,650,,,,,
2026-02-18,2026-02-18,FO,NSE,STO,151849,,PNBHOUSING,,2026-04-28,2026-04-28,720.0,CE,PNBHOUSING26APR720CE,0.0,0.0,0.0,144.05,0.0,144.05,865.2,160.55,0,0,0,0.0,0,F1,650,,,,,
2026-02-18,2026-02-18,FO,NSE,STO,39224,,PNBHOUSING,,2026-02-24,2026-02-24,660.0,PE,PNBHOUSING26FEB660PE,0.0,0.0,0.0,5.8,0.0,5.8,865.2,0.05,0,0,0,0.0,0,F1,650,,,,,
2026-02-18,2026-02-18,FO,NSE,STO,127781,,PNBHOUSING,,2026-02-24,2026-02-24,720.0,PE,PNBHOUSING26FEB720PE,0.55,0.55,0.55,0.55,0.55,0.7,865.2,0.05,47450,0,1,468357.5,1,F1,650,,,,,
2026-02-18,2026-02-18,FO,NSE,STO,127794,,PNBHOUSING,,2026-02-24,2026-02-24,840.0,PE,PNBHOUSING26FEB840PE,5.25,5.85,3.6,4.05,4.1,6.4,865.2,4.05,117650,20150,165,90594790.0,159,F1,650,,,,,
2026-02-18,2026-02-18,FO,NSE,STO,127812,,PNBHOUSING,,2026-02-24,2026-02-24,860.0,PE,PNBHOUSING26FEB860PE,14.0,14.0,9.0,9.5,9.9,13.15,865.2,9.5,119600,-1950,42,23779600.0,40,F1,650,,,,,
2026-02-18,2026-02-18,FO,NSE,STO,167072,,SBILIFE,,2026-03-30,2026-03-30,2260.0,CE,SBILIFE26MAR2260CE,0.0,0.0,0.0,19.1,0.0,19.1,2059.5,5.95,0,0,0,0.0,0,F1,375,,,,,
2026-02-18,2026-02-18,FO,NSE,STO,158050,,SBILIFE,,2026-03-30,2026-03-30,2280.0,CE,SBILIFE26MAR2280CE,0.0,0.0,0.0,21.3,0.0,21.3,2059.5,4.4,0,0,0,0.0,0,F1,375,,,,,
2026-02-18,2026-02-18,FO,NSE,STO,167130,,SBILIFE,,2026-04-28,2026-04-28,1840.0,CE,SBILIFE26APR1840CE,0.0,0.0,0.0,245.55,0.0,245.55,2059.5,244.1,0,0,0,0.0,0,F1,375,,,,,
2026-02-18,2026-02-18,FO,NSE,STO,167132,,SBILIFE,,2026-04-28,2026-04-28,1880.0,CE,SBILIFE26APR1880CE,0.0,0.0,0.0,214.0,0.0,214.0,2059.5,208.55,0,0,0,0.0,0,F1,375,,,,,
2026-02-18,2026-02-18,FO,NSE,STO,133391,,SBILIFE,,2026-02-24,2026-02-24,1880.0,PE,SBILIFE26FEB1880PE,1.0,1.0,0.5,0.5,0.5,1.05,2059.5,0.5,35250,7500,27,19040456.25,26,F1,375,,,,,
2026-02-18,2026-02-18,FO,NSE,STO,158041,,SBILIFE,,2026-03-30,2026-03-30,2080.0,PE,SBILIFE26MAR2080PE,0.0,0.0,0.0,125.25,0.0,125.25,2059.5,57.7,0,0,0,0.0,0,F1,375,,,,,
2026-02-18,2026-02-18,FO,NSE,STO,167067,,SBILIFE,,2026-03-30,2026-03-30,2140.0,PE,SBILIFE26MAR2140PE,0.0,0.0,0.0,126.75,0.0,126.75,2059.5,94.75,0,0,0,0.0,0,F1,375,,,,,
2026-02-18,2026-02-18,FO,NSE,STO,167131,,SBILIFE,,2026-04-28,2026-04-28,1840.0,PE,SBILIFE26APR1840PE,0.0,0.0,0.0,19.15,0.0,19.15,2059.5,5.55,0,0,0,0.0,0,F1,375,,,,,
2026-02-18,2026-02-18,FO,NSE,STO,167135,,SBILIFE,,2026-04-28,2026-04-28,1920.0,PE,SBILIFE26APR1920PE,0.0,0.0,0.0,37.05,0.0,37.05,2059.5,15.75,0,0,0,0.0,0,F1,375,,,,,
2026-02-18,2026-02-18,FO,NSE,STO,133378,,SBILIFE,,2026-02-24,2026-02-24,1760.0,CE,SBILIFE26FEB1760CE,0.0,0.0,0.0,308.8,0.0,308.8,2059.5,301.1,0,0,0,0.0,0,F1,375,,,,,
2026-02-18,2026-02-18,FO,NSE,STO,133410,,SBILIFE,,2026-02-24,2026-02-24,2080.0,CE,SBILIFE26FEB2080CE,5.65,7.45,4.95,6.7,6.5,5.7,2059.5,6.7,280125,56625,1862,1456818318.75,1424,F1,375,,,,,
2026-02-18,2026-02-18,FO,NSE,STO,167137,,SBILIFE,,2026-04-28,2026-04-28,1960.0,PE,SBILIFE26APR1960PE,0.0,0.0,0.0,49.25,0.0,49.25,2059.5,24.4,0,0,0,0.0,0,F1,375,,,,,
2026-02-18,2026-02-18,FO,NSE,STO,167051,,SBILIFE,,2026-03-30,2026-03-30,1820.0,PE,SBILIFE26MAR1820PE,0.0,0.0,0.0,10.9,10.9,10.9,2059.5,1.1,375,0,0,0.0,0,F1,375,,,,,
2026-02-18,2026-02-18,FO,NSE,STO,157959,,SBILIFE,,2026-02-24,2026-02-24,2140.0,PE,SBILIFE26FEB2140PE,97.15,100.2,89.75,89.75,89.75,96.45,2059.5,80.15,8625,1875,14,11735887.5,14,F1,375,,,,,
2026-02-18,2026-02-18,FO,NSE,STO,133411,,SBILIFE,,2026-02-24,2026-02-24,2080.0,PE,SBILIFE26FEB2080PE,30.8,32.0,26.85,28.0,28.2,49.05,2059.5,28.0,54000,7125,33,26089387.5,33,F1,375,,,,,
2026-02-18,2026-02-18,FO,NSE,STO,157945,,SBILIFE,,2026-02-24,2026-02-24,1860.0,PE,SBILIFE26FEB1860PE,0.55,0.55,0.55,0.55,0.55,0.9,2059.5,0.05,31125,-1125,4,2790825.0,2,F1,375,,,,,
2026-02-18,2026-02-18,FO,NSE,STO,133377,,SBILIFE,,2026-02-24,2026-02-24,1720.0,PE,SBILIFE26FEB1720PE,0.0,0.0,0.0,0.35,0.35,0.35,2059.5,0.05,10125,0,0,0.0,0,F1,375,,,,,
2026-02-18,2026-02-18,FO,NSE,STO,167146,,SBILIFE,,2026-04-28,2026-04-28,2160.0,CE,SBILIFE26APR2160CE,0.0,0.0,0.0,60.15,0.0,60.15,2059.5,39.2,0,0,0,0.0,0,F1,375,,,,,
2026-02-18,2026-02-18,FO,NSE,STO,167140,,SBILIFE,,2026-04-28,2026-04-28,2040.0,CE,SBILIFE26APR2040CE,0.0,0.0,0.0,110.9,110.9,110.9,2059.5,91.75,375,0,0,0.0,0,F1,375,,,,,
2026-02-18,2026-02-18,FO,NSE,STO,158040,,SBILIFE,,2026-03-30,2026-03-30,2080.0,CE,SBILIFE26MAR2080CE,43.4,43.4,39.6,42.15,42.15,39.0,2059.5,49.7,3750,3000,13,10346718.75,10,F1,375,,,,,
2026-02-18,2026-02-18,FO,NSE,STO,158038,,SBILIFE,,2026-03-30,2026-03-30,2040.0,CE,SBILIFE26MAR2040CE,63.0,65.0,60.5,65.0,65.0,55.65,2059.5,70.45,15000,375,34,26811712.5,26,F1,375,,,,,
2026-02-18,2026-02-18,FO,NSE,STO,158030,,SBILIFE,,2026-03-30,2026-03-30,1880.0,CE,SBILIFE26MAR1880CE,0.0,0.0,0.0,180.4,0.0,180.4,2059.5,194.6,0,0,0,0.0,0,F1,375,,,,,
2026-02-18,2026-02-18,FO,NSE,STO,157954,,SBILIFE,,2026-02-24,2026-02-24,2060.0,CE,SBILIFE26FEB2060CE,9.95,13.85,8.35,12.65,12.5,9.75,2059.5,12.65,723750,-3375,5620,4365039150.0,4727,F1,375,,,,,
2026-02-18,2026-02-18,FO,NSE,STO,157948,,SBILIFE,,2026-02-24,2026-02-24,1940.0,CE,SBILIFE26FEB1940CE,0.0,0.0,0.0,99.6,99.6,99.6,2059.5,121.4,17625,0,0,0.0,0,F1,375,,,,,
2026-02-18,2026-02-18,FO,NSE,STO,157940,,SBILIFE,,2026-02-24,2026-02-24,1780.0,CE,SBILIFE26FEB1780CE,0.0,0.0,0.0,239.75,0.0,239.75,2059.5,281.1,0,0,0,0.0,0,F1,375,,,,,
2026-02-18,2026-02-18,FO,NSE,STO,133376,,SBILIFE,,2026-02-24,2026-02-24,1720.0,CE,SBILIFE26FEB1720CE,0.0,0.0,0.0,308.15,308.15,308.15,2059.5,341.05,750,0,0,0.0,0,F1,375,,,,,
2026-02-18,2026-02-18,FO,NSE,STO,167139,,SBILIFE,,2026-04-28,2026-04-28,2000.0,PE,SBILIFE26APR2000PE,0.0,0.0,0.0,64.05,0.0,64.05,2059.5,36.1,0,0,0,0.0,0,F1,375,,,,,
2026-02-18,2026-02-18,FO,NSE,STO,158021,,SBILIFE,,2026-03-30,2026-03-30,1680.0,PE,SBILIFE26MAR1680PE,0.0,0.0,0.0,5.45,0.0,5.45,2059.5,0.05,0,0,0,0.0,0,F1,375,,,,,
2026-02-18,2026-02-18,FO,NSE,STO,158029,,SBILIFE,,2026-03-30,2026-03-30,1840.0,PE,SBILIFE26MAR1840PE,0.0,0.0,0.0,5.5,5.5,5.5,2059.5,1.7,1875,0,0,0.0,0,F1,375,,,,,
2026-02-18,2026-02-18,FO,NSE,STO,158043,,SBILIFE,,2026-03-30,2026-03-30,2120.0,PE,SBILIFE26MAR2120PE,0.0,0.0,0.0,150.55,0.0,150.55,2059.5,81.3,0,0,0,0.0,0,F1,375,,,,,
2026-02-18,2026-02-18,FO,NSE,STO,167069,,SBILIFE,,2026-03-30,2026-03-30,2180.0,PE,SBILIFE26MAR2180PE,0.0,0.0,0.0,154.6,0.0,154.6,2059.5,124.5,0,0,0,0.0,0,F1,375,,,,,
2026-02-18,2026-02-18,FO,NSE,STO,158047,,SBILIFE,,2026-03-30,2026-03-30,2200.0,PE,SBILIFE26MAR2200PE,0.0,0.0,0.0,207.75,0.0,207.75,2059.5,140.65,0,0,0,0.0,0,F1,375,,,,,
2026-02-18,2026-02-18,FO,NSE,STO,167159,,SBILIFE,,2026-04-28,2026-04-28,2400.0,PE,SBILIFE26APR2400PE,0.0,0.0,0.0,338.2,0.0,338.2,2059.5,319.4,0,0,0,0.0,0,F1,375,,,,,
2026-02-18,2026-02-18,FO,NSE,STO,133373,,SBILIFE,,2026-02-24,2026-02-24,1640.0,PE,SBILIFE26FEB1640PE,0.0,0.0,0.0,2.95,0.0,2.95,2059.5,0.05,0,0,0,0.0,0,F1,375,,,,,
2026-02-18,2026-02-18,FO,NSE,STO,167154,,SBILIFE,,2026-04-28,2026-04-28,2320.0,CE,SBILIFE26APR2320CE,0.0,0.0,0.0,22.8,0.0,22.8,2059.5,9.0,0,0,0,0.0,0,F1,375,,,,,
2026-02-18,2026-02-18,FO,NSE,STO,158049,,SBILIFE,,2026-03-30,2026-03-30,2240.0,PE,SBILIFE26MAR2240PE,0.0,0.0,0.0,239.1,0.0,239.1,2059.5,174.9,0,0,0,0.0,0,F1,375,,,,,
2026-02-18,2026-02-18,FO,NSE,STO,158051,,SBILIFE,,2026-03-30,2026-03-30,2280.0,PE,SBILIFE26MAR2280PE,0.0,0.0,0.0,272.05,0.0,272.05,2059.5,211.2,0,0,0,0.0,0,F1,375,,,,,
2026-02-18,2026-02-18,FO,NSE,STO,167151,,SBILIFE,,2026-04-28,2026-04-28,2240.0,PE,SBILIFE26APR2240PE,0.0,0.0,0.0,205.4,0.0,205.4,2059.5,177.05,0,0,0,0.0,0,F1,375,,,,,
2026-02-18,2026-02-18,FO,NSE,STO,133416,,SBILIFE,,2026-02-24,2026-02-24,2160.0,CE,SBILIFE26FEB2160CE,1.55,1.7,1.1,1.2,1.15,1.65,2059.5,1.2,73125,7500,214,173454131.25,160,F1,375,,,,,
2026-02-18,2026-02-18,FO,NSE,STO,157964,,SBILIFE,,2026-02-24,2026-02-24,2260.0,CE,SBILIFE26FEB2260CE,0.45,0.45,0.45,0.45,0.45,0.55,2059.5,0.05,84375,-1125,3,2543006.25,3,F1,375,,,,,
2026-02-18,2026-02-18,FO,NSE,STO,158034,,SBILIFE,,2026-03-30,2026-03-30,1960.0,CE,SBILIFE26MAR1960CE,0.0,0.0,0.0,129.0,0.0,129.0,2059.5,125.55,0,0,0,0.0,0,F1,375,,,,,
2026-02-18,2026-02-18,FO,NSE,STO,157943,,SBILIFE,,2026-02-24,2026-02-24,1820.0,PE,SBILIFE26FEB1820PE,0.5,0.5,0.5,0.5,0.5,0.5,2059.5,0.05,23625,-750,2,1365375.0,1,F1,375,,,,,
2026-02-18,2026-02-18,FO,NSE,STO,157958,,SBILIFE,,2026-02-24,2026-02-24,2140.0,CE,SBILIFE26FEB2140CE,1.9,2.1,1.4,1.6,1.5,1.95,2059.5,1.6,213750,-2250,383,307617862.5,321,F1,375,,,,,
2026-02-18,2026-02-18,FO,NSE,STF,67008,,SBILIFE,,2026-04-28,2026-04-28,,,SBILIFE26APRFUT,2068.0,2078.8,2068.0,2078.8,2078.8,2065.6,2059.5,2078.8,25875,0,11,8548650.0,11,F1,375,,,,,
2026-02-18,2026-02-18,FO,NSE,STO,167155,,SBILIFE,,2026-04-28,2026-04-28,2320.0,PE,SBILIFE26APR2320PE,0.0,0.0,0.0,269.05,0.0,269.05,2059.5,245.5,0,0,0,0.0,0,F1,375,,,,,
2026-02-18,2026-02-18,FO,NSE,STO,167149,,SBILIFE,,2026-04-28,2026-04-28,2200.0,PE,SBILIFE26APR2200PE,0.0,0.0,0.0,176.1,0.0,176.1,2059.5,145.85,0,0,0,0.0,0,F1,375,,,,,
2026-02-18,2026-02-18,FO,NSE,STO,157953,,SBILIFE,,2026-02-24,2026-02-24,2020.0,PE,SBILIFE26FEB2020PE,8.85,10.05,2.65,2.85,2.7,9.8,2059.5,2.85,430875,100125,837,635584012.5,760,F1,375,,,,,
2026-02-18,2026-02-18,FO,NSE,STO,167150,,SBILIFE,,2026-04-28,2026-04-28,2240.0,CE,SBILIFE26APR2240CE,0.0,0.0,0.0,37.95,0.0,37.95,2059.5,19.7,0,0,0,0.0,0,F1,375,,,,,
2026-02-18,2026-02-18,FO,NSE,STO,167144,,SBILIFE,,2026-04-28,2026-04-28,2120.0,CE,SBILIFE26APR2120CE,0.0,0.0,0.0,74.6,0.0,74.6,2059.5,53.3,0,0,0,0.0,0,F1,375,,,,,
2026-02-18,2026-02-18,FO,NSE,STO,158048,,SBILIFE,,2026-03-30,2026-03-30,2240.0,CE,SBILIFE26MAR2240CE,0.0,0.0,0.0,5.25,5.25,5.25,2059.5,7.85,375,0,0,0.0,0,F1,375,,,,,
2026-02-18,2026-02-18,FO,NSE,STO,167062,,SBILIFE,,2026-03-30,2026-03-30,2060.0,CE,SBILIFE26MAR2060CE,53.1,54.75,47.95,54.2,54.0,48.3,2059.5,54.2,15750,12375,93,73661025.0,73,F1,375,,,,,
2026-02-18,2026-02-18,FO,NSE,STO,167058,,SBILIFE,,2026-03-30,2026-03-30,1980.0,CE,SBILIFE26MAR1980CE,0.0,0.0,0.0,75.25,75.25,75.25,2059.5,110.2,375,0,0,0.0,0,F1,375,,,,,
2026-02-18,2026-02-18,FO,NSE,STO,158020,,SBILIFE,,2026-03-30,2026-03-30,1680.0,CE,SBILIFE26MAR1680CE,0.0,0.0,0.0,345.8,0.0,345.8,2059.5,389.6,0,0,0,0.0,0,F1,375,,,,,
2026-02-18,2026-02-18,FO,NSE,STO,157947,,SBILIFE,,2026-02-24,2026-02-24,1900.0,PE,SBILIFE26FEB1900PE,0.8,0.85,0.35,0.45,0.45,0.95,2059.5,0.45,61875,0,63,44900231.25,54,F1,375,,,,,
2026-02-18,2026-02-18,FO,NSE,STO,133393,,SBILIFE,,2026-02-24,2026-02-24,1920.0,PE,SBILIFE26FEB1920PE,0.9,0.9,0.55,0.6,0.6,1.15,2059.5,0.6,57375,-9375,40,28810706.25,35,F1,375,,,,,
2026-02-18,2026-02-18,FO,NSE,STO,133395,,SBILIFE,,2026-02-24,2026-02-24,1960.0,PE,SBILIFE26FEB1960PE,2.0,2.05,0.8,0.95,0.85,2.15,2059.5,0.95,124125,-51000,310,227982281.25,275,F1,375,,,,,
2026-02-18,2026-02-18,FO,NSE,STO,157963,,SBILIFE,,2026-02-24,2026-02-24,2220.0,PE,SBILIFE26FEB2220PE,0.0,0.0,0.0,219.35,0.0,219.35,2059.5,158.5,0,0,0,0.0,0,F1,375,,,,,
2026-02-18,2026-02-18,FO,NSE,STO,158023,,SBILIFE,,2026-03-30,2026-03-30,1720.0,PE,SBILIFE26MAR1720PE,0.0,0.0,0.0,8.55,0.0,8.55,2059.5,0.1,0,0,0,0.0,0,F1,375,,,,,
2026-02-18,2026-02-18,FO,NSE,STO,158035,,SBILIFE,,2026-03-30,2026-03-30,1960.0,PE,SBILIFE26MAR1960PE,0.0,0.0,0.0,37.0,37.0,37.0,2059.5,14.25,2625,0,0,0.0,0,F1,375,,,,,
2026-02-18,2026-02-18,FO,NSE,STF,59465,,SBILIFE,,2026-02-24,2026-02-24,,,SBILIFE26FEBFUT,2050.8,2061.7,2036.2,2059.4,2059.5,2040.3,2059.5,2059.4,9346125,-196875,2779,2138853112.5,2608,F1,375,,,,,
2026-02-18,2026-02-18,FO,NSE,STO,133372,,SBILIFE,,2026-02-24,2026-02-24,1640.0,CE,SBILIFE26FEB1640CE,0.0,0.0,0.0,418.65,0.0,418.65,2059.5,421.0,0,0,0,0.0,0,F1,375,,,,,
2026-02-18,2026-02-18,FO,NSE,STO,157946,,SBILIFE,,2026-02-24,2026-02-24,1900.0,CE,SBILIFE26FEB1900CE,0.0,0.0,0.0,126.95,126.75,126.95,2059.5,161.25,11250,0,0,0.0,0,F1,375,,,,,
2026-02-18,2026-02-18,FO,NSE,STO,167065,,SBILIFE,,2026-03-30,2026-03-30,2100.0,PE,SBILIFE26MAR2100PE,71.6,76.8,63.5,64.2,64.75,79.75,2059.5,64.2,23250,7875,46,37425187.5,44,F1,375,,,,,
2026-02-18,2026-02-18,FO,NSE,STO,133392,,SBILIFE,,2026-02-24,2026-02-24,1920.0,CE,SBILIFE26FEB1920CE,0.0,0.0,0.0,128.25,128.25,128.25,2059.5,141.25,9750,0,0,0.0,0,F1,375,,,,,
2026-02-18,2026-02-18,FO,NSE,STO,133394,,SBILIFE,,2026-02-24,2026-02-24,1960.0,CE,SBILIFE26FEB1960CE,79.05,100.85,79.05,100.2,100.8,82.4,2059.5,100.2,34875,-21000,143,109598868.75,139,F1,375,,,,,
2026-02-18,2026-02-18,FO,NSE,STO,167050,,SBILIFE,,2026-03-30,2026-03-30,1820.0,CE,SBILIFE26MAR1820CE,0.0,0.0,0.0,246.4,0.0,246.4,2059.5,251.55,0,0,0,0.0,0,F1,375,,,,,
2026-02-18,2026-02-18,FO,NSE,STO,167134,,SBILIFE,,2026-04-28,2026-04-28,1920.0,CE,SBILIFE26APR1920CE,0.0,0.0,0.0,184.65,0.0,184.65,2059.5,175.1,0,0,0,0.0,0,F1,375,,,,,
2026-02-18,2026-02-18,FO,NSE,STO,167141,,SBILIFE,,2026-04-28,2026-04-28,2040.0,PE,SBILIFE26APR2040PE,0.0,0.0,0.0,81.45,0.0,81.45,2059.5,51.15,0,0,0,0.0,0,F1,375,,,,,
2026-02-18,2026-02-18,FO,NSE,STO,167143,,SBILIFE,,2026-04-28,2026-04-28,2080.0,PE,SBILIFE26APR2080PE,0.0,0.0,0.0,101.45,0.0,101.45,2059.5,69.75,0,0,0,0.0,0,F1,375,,,,,
2026-02-18,2026-02-18,FO,NSE,STO,167147,,SBILIFE,,2026-04-28,2026-04-28,2160.0,PE,SBILIFE26APR2160PE,0.0,0.0,0.0,148.9,0.0,148.9,2059.5,117.35,0,0,0,0.0,0,F1,375,,,,,
2026-02-18,2026-02-18,FO,NSE,STO,157957,,SBILIFE,,2026-02-24,2026-02-24,2100.0,PE,SBILIFE26FEB2100PE,53.05,53.05,44.65,46.15,47.35,63.25,2059.5,46.15,17625,1500,6,4834387.5,6,F1,375,,,,,
2026-02-18,2026-02-18,FO,NSE,STO,157965,,SBILIFE,,2026-02-24,2026-02-24,2260.0,PE,SBILIFE26FEB2260PE,0.0,0.0,0.0,254.2,0.0,254.2,2059.5,198.45,0,0,0,0.0,0,F1,375,,,,,
2026-02-18,2026-02-18,FO,NSE,STO,133425,,SBILIFE,,2026-02-24,2026-02-24,2320.0,PE,SBILIFE26FEB2320PE,0.0,0.0,0.0,262.3,262.3,262.3,2059.5,258.4,2625,0,0,0.0,0,F1,375,,,,,
2026-02-18,2026-02-18,FO,NSE,STF,52029,,SBILIFE,,2026-03-30,2026-03-30,,,SBILIFE26MARFUT,2048.5,2073.6,2047.2,2070.9,2071.6,2050.6,2059.5,2070.9,628875,336375,1436,1110894187.5,1344,F1,375,,,,,
2026-02-18,2026-02-18,FO,NSE,STO,157950,,SBILIFE,,2026-02-24,2026-02-24,1980.0,CE,SBILIFE26FEB1980CE,59.5,78.2,59.5,78.2,78.2,64.4,2059.5,82.5,96000,-7875,72,55423931.25,51,F1,375,,,,,
2026-02-18,2026-02-18,FO,NSE,STO,133418,,SBILIFE,,2026-02-24,2026-02-24,2200.0,CE,SBILIFE26FEB2200CE,1.15,1.2,0.65,0.75,0.7,1.2,2059.5,0.75,207375,9750,337,278154918.75,261,F1,375,,,,,
2026-02-18,2026-02-18,FO,NSE,STO,167060,,SBILIFE,,2026-03-30,2026-03-30,2020.0,CE,SBILIFE26MAR2020CE,77.3,77.3,77.3,77.3,77.3,68.4,2059.5,77.3,4875,-375,1,786487.5,1,F1,375,,,,,
2026-02-18,2026-02-18,FO,NSE,STO,167122,,SBILIFE,,2026-04-28,2026-04-28,1680.0,CE,SBILIFE26APR1680CE,0.0,0.0,0.0,387.35,0.0,387.35,2059.5,397.2,0,0,0,0.0,0,F1,375,,,,,
2026-02-18,2026-02-18,FO,NSE,STO,167138,,SBILIFE,,2026-04-28,2026-04-28,2000.0,CE,SBILIFE26APR2000CE,0.0,0.0,0.0,132.9,0.0,132.9,2059.5,116.25,0,0,0,0.0,0,F1,375,,,,,
2026-02-18,2026-02-18,FO,NSE,STO,133375,,SBILIFE,,2026-02-24,2026-02-24,1680.0,PE,SBILIFE26FEB1680PE,0.0,0.0,0.0,4.8,0.0,4.8,2059.5,0.05,0,0,0,0.0,0,F1,375,,,,,
2026-02-18,2026-02-18,FO,NSE,STO,133385,,SBILIFE,,2026-02-24,2026-02-24,1800.0,PE,SBILIFE26FEB1800PE,0.15,0.3,0.15,0.3,0.3,0.35,2059.5,0.05,198375,-4125,17,11476293.75,8,F1,375,,,,,
2026-02-18,2026-02-18,FO,NSE,STO,158039,,SBILIFE,,2026-03-30,2026-03-30,2040.0,PE,SBILIFE26MAR2040PE,44.75,44.75,34.4,36.45,35.0,54.75,2059.5,36.45,2625,1875,10,7791393.75,10,F1,375,,,,,
2026-02-18,2026-02-18,FO,NSE,STO,167053,,SBILIFE,,2026-03-30,2026-03-30,1860.0,PE,SBILIFE26MAR1860PE,0.0,0.0,0.0,11.35,11.35,11.35,2059.5,2.6,750,0,0,0.0,0,F1,375,,,,,
2026-02-18,2026-02-18,FO,NSE,STO,167055,,SBILIFE,,2026-03-30,2026-03-30,1900.0,PE,SBILIFE26MAR1900PE,11.95,11.95,6.9,7.1,6.9,11.95,2059.5,7.1,6000,-1875,44,31476675.0,37,F1,375,,,,,
2026-02-18,2026-02-18,FO,NSE,STO,167061,,SBILIFE,,2026-03-30,2026-03-30,2020.0,PE,SBILIFE26MAR2020PE,33.0,33.2,27.0,27.1,27.0,33.25,2059.5,27.1,5250,4125,26,19982831.25,26,F1,375,,,,,
2026-02-18,2026-02-18,FO,NSE,STO,158053,,SBILIFE,,2026-03-30,2026-03-30,2320.0,PE,SBILIFE26MAR2320PE,0.0,0.0,0.0,306.3,0.0,306.3,2059.5,248.95,0,0,0,0.0,0,F1,375,,,,,
2026-02-18,2026-02-18,FO,NSE,STO,167145,,SBILIFE,,2026-04-28,2026-04-28,2120.0,PE,SBILIFE26APR2120PE,0.0,0.0,0.0,123.95,0.0,123.95,2059.5,91.85,0,0,0,0.0,0,F1,375,,,,,
2026-02-18,2026-02-18,FO,NSE,STO,133422,,SBILIFE,,2026-02-24,2026-02-24,2280.0,CE,SBILIFE26FEB2280CE,0.55,0.55,0.35,0.35,0.35,0.7,2059.5,0.35,19500,-8250,29,24799443.75,25,F1,375,,,,,
2026-02-18,2026-02-18,FO,NSE,STO,157966,,SBILIFE,,2026-02-24,2026-02-24,2300.0,CE,SBILIFE26FEB2300CE,0.45,0.65,0.35,0.35,0.35,0.75,2059.5,0.35,165000,-3000,19,16390762.5,19,F1,375,,,,,
2026-02-18,2026-02-18,FO,NSE,STO,133430,,SBILIFE,,2026-02-24,2026-02-24,2400.0,CE,SBILIFE26FEB2400CE,0.1,0.1,0.1,0.1,0.1,0.1,2059.5,0.05,136125,0,6,5400225.0,3,F1,375,,,,,
2026-02-18,2026-02-18,FO,NSE,STO,167158,,SBILIFE,,2026-04-28,2026-04-28,2400.0,CE,SBILIFE26APR2400CE,0.0,0.0,0.0,13.15,0.0,13.15,2059.5,3.75,0,0,0,0.0,0,F1,375,,,,,
2026-02-18,2026-02-18,FO,NSE,STO,157941,,SBILIFE,,2026-02-24,2026-02-24,1780.0,PE,SBILIFE26FEB1780PE,0.0,0.0,0.0,7.8,0.0,7.8,2059.5,0.05,0,0,0,0.0,0,F1,375,,,,,
2026-02-18,2026-02-18,FO,NSE,STO,133405,,SBILIFE,,2026-02-24,2026-02-24,2040.0,PE,SBILIFE26FEB2040PE,17.05,19.5,5.8,6.25,6.0,17.45,2059.5,6.25,585000,243375,1616,1242426693.75,1455,F1,375,,,,,
2026-02-18,2026-02-18,FO,NSE,STO,133419,,SBILIFE,,2026-02-24,2026-02-24,2200.0,PE,SBILIFE26FEB2200PE,0.0,0.0,0.0,185.8,0.0,185.8,2059.5,138.6,0,0,0,0.0,0,F1,375,,,,,
2026-02-18,2026-02-18,FO,NSE,STO,133427,,SBILIFE,,2026-02-24,2026-02-24,2360.0,PE,SBILIFE26FEB2360PE,0.0,0.0,0.0,312.6,0.0,312.6,2059.5,298.35,0,0,0,0.0,0,F1,375,,,,,
2026-02-18,2026-02-18,FO,NSE,STO,167049,,SBILIFE,,2026-03-30,2026-03-30,1780.0,PE,SBILIFE26MAR1780PE,0.0,0.0,0.0,5.5,0.0,5.5,2059.5,0.4,0,0,0,0.0,0,F1,375,,,,,
2026-02-18,2026-02-18,FO,NSE,STO,167054,,SBILIFE,,2026-03-30,2026-03-30,1900.0,CE,SBILIFE26MAR1900CE,0.0,0.0,0.0,124.45,124.45,124.45,2059.5,176.4,14250,0,0,0.0,0,F1,375,,,,,
2026-02-18,2026-02-18,FO,NSE,STO,167068,,SBILIFE,,2026-03-30,2026-03-30,2180.0,CE,SBILIFE26MAR2180CE,14.5,14.5,10.35,13.8,13.8,13.2,2059.5,17.1,1500,1125,4,3289631.25,4,F1,375,,,,,
2026-02-18,2026-02-18,FO,NSE,STO,167126,,SBILIFE,,2026-04-28,2026-04-28,1760.0,CE,SBILIFE26APR1760CE,0.0,0.0,0.0,313.9,0.0,313.9,2059.5,319.25,0,0,0,0.0,0,F1,375,,,,,
2026-02-18,2026-02-18,FO,NSE,STO,167127,,SBILIFE,,2026-04-28,2026-04-28,1760.0,PE,SBILIFE26APR1760PE,0.0,0.0,0.0,8.75,0.0,8.75,2059.5,1.55,0,0,0,0.0,0,F1,375,,,,,
2026-02-18,2026-02-18,FO,NSE,STO,157944,,SBILIFE,,2026-02-24,2026-02-24,1860.0,CE,SBILIFE26FEB1860CE,0.0,0.0,0.0,169.4,169.4,169.4,2059.5,201.2,2625,0,0,0.0,0,F1,375,,,,,
2026-02-18,2026-02-18,FO,NSE,STO,133380,,SBILIFE,,2026-02-24,2026-02-24,1760.0,PE,SBILIFE26FEB1760PE,0.15,0.15,0.15,0.15,0.15,0.25,2059.5,0.05,8625,0,1,660056.25,1,F1,375,,,,,
2026-02-18,2026-02-18,FO,NSE,STO,133417,,SBILIFE,,2026-02-24,2026-02-24,2160.0,PE,SBILIFE26FEB2160PE,0.0,0.0,0.0,166.85,166.85,166.85,2059.5,99.2,3375,0,0,0.0,0,F1,375,,,,,
2026-02-18,2026-02-18,FO,NSE,STO,133423,,SBILIFE,,2026-02-24,2026-02-24,2280.0,PE,SBILIFE26FEB2280PE,0.0,0.0,0.0,189.1,189.1,189.1,2059.5,218.45,0,0,0,0.0,0,F1,375,,,,,
2026-02-18,2026-02-18,FO,NSE,STO,158031,,SBILIFE,,2026-03-30,2026-03-30,1880.0,PE,SBILIFE26MAR1880PE,0.0,0.0,0.0,25.45,25.45,25.45,2059.5,3.8,375,0,0,0.0,0,F1,375,,,,,
2026-02-18,2026-02-18,FO,NSE,STO,133414,,SBILIFE,,2026-02-24,2026-02-24,2120.0,CE,SBILIFE26FEB2120CE,2.0,2.75,1.9,2.3,2.15,2.6,2059.5,2.3,239250,-14625,251,199770656.25,234,F1,375,,,,,
2026-02-18,2026-02-18,FO,NSE,STO,133426,,SBILIFE,,2026-02-24,2026-02-24,2360.0,CE,SBILIFE26FEB2360CE,0.5,0.5,0.5,0.5,0.5,0.45,2059.5,0.05,12750,375,1,885187.5,1,F1,375,,,,,
2026-02-18,2026-02-18,FO,NSE,STO,158042,,SBILIFE,,2026-03-30,2026-03-30,2120.0,CE,SBILIFE26MAR2120CE,0.0,0.0,0.0,29.95,29.95,29.95,2059.5,33.55,3000,0,0,0.0,0,F1,375,,,,,
2026-02-18,2026-02-18,FO,NSE,STO,167148,,SBILIFE,,2026-04-28,2026-04-28,2200.0,CE,SBILIFE26APR2200CE,0.0,0.0,0.0,47.95,0.0,47.95,2059.5,28.15,0,0,0,0.0,0,F1,375,,,,,
2026-02-18,2026-02-18,FO,NSE,STO,167128,,SBILIFE,,2026-04-28,2026-04-28,1800.0,CE,SBILIFE26APR1800CE,0.0,0.0,0.0,278.9,0.0,278.9,2059.5,281.15,0,0,0,0.0,0,F1,375,,,,,
2026-02-18,2026-02-18,FO,NSE,STO,167070,,SBILIFE,,2026-03-30,2026-03-30,2220.0,CE,SBILIFE26MAR2220CE,0.0,0.0,0.0,26.35,0.0,26.35,2059.5,10.3,0,0,0,0.0,0,F1,375,,,,,
2026-02-18,2026-02-18,FO,NSE,STO,158044,,SBILIFE,,2026-03-30,2026-03-30,2160.0,CE,SBILIFE26MAR2160CE,0.0,0.0,0.0,19.0,19.0,19.0,2059.5,21.65,6750,0,0,0.0,0,F1,375,,,,,
2026-02-18,2026-02-18,FO,NSE,STO,167066,,SBILIFE,,2026-03-30,2026-03-30,2140.0,CE,SBILIFE26MAR2140CE,0.0,0.0,0.0,24.8,24.8,24.8,2059.5,27.1,3000,0,0,0.0,0,F1,375,,,,,
2026-02-18,2026-02-18,FO,NSE,STO,167064,,SBILIFE,,2026-03-30,2026-03-30,2100.0,CE,SBILIFE26MAR2100CE,31.05,36.05,30.15,35.45,35.25,29.9,2059.5,35.45,39375,4500,179,143191912.5,130,F1,375,,,,,
2026-02-18,2026-02-18,FO,NSE,STO,158032,,SBILIFE,,2026-03-30,2026-03-30,1920.0,CE,SBILIFE26MAR1920CE,0.0,0.0,0.0,153.4,0.0,153.4,2059.5,158.75,0,0,0,0.0,0,F1,375,,,,,
2026-02-18,2026-02-18,FO,NSE,STO,158028,,SBILIFE,,2026-03-30,2026-03-30,1840.0,CE,SBILIFE26MAR1840CE,0.0,0.0,0.0,209.7,0.0,209.7,2059.5,232.25,0,0,0,0.0,0,F1,375,,,,,
2026-02-18,2026-02-18,FO,NSE,STO,167048,,SBILIFE,,2026-03-30,2026-03-30,1780.0,CE,SBILIFE26MAR1780CE,0.0,0.0,0.0,264.3,264.3,264.3,2059.5,290.6,1500,0,0,0.0,0,F1,375,,,,,
2026-02-18,2026-02-18,FO,NSE,STO,133424,,SBILIFE,,2026-02-24,2026-02-24,2320.0,CE,SBILIFE26FEB2320CE,0.0,0.0,0.0,0.7,0.7,0.7,2059.5,0.05,7125,0,0,0.0,0,F1,375,,,,,
2026-02-18,2026-02-18,FO,NSE,STO,157952,,SBILIFE,,2026-02-24,2026-02-24,2020.0,CE,SBILIFE26FEB2020CE,28.9,42.9,26.5,40.45,40.5,28.9,2059.5,40.45,885750,-3000,1066,821916337.5,953,F1,375,,,,,
2026-02-18,2026-02-18,FO,NSE,STO,133386,,SBILIFE,,2026-02-24,2026-02-24,1840.0,CE,SBILIFE26FEB1840CE,0.0,0.0,0.0,169.0,169.0,169.0,2059.5,221.15,375,0,0,0.0,0,F1,375,,,,,
2026-02-18,2026-02-18,FO,NSE,STO,133404,,SBILIFE,,2026-02-24,2026-02-24,2040.0,CE,SBILIFE26FEB2040CE,17.35,26.0,14.8,24.2,23.25,17.35,2059.5,24.2,1263375,3375,2637,2037672506.25,2144,F1,375,,,,,
2026-02-18,2026-02-18,FO,NSE,STO,133390,,SBILIFE,,2026-02-24,2026-02-24,1880.0,CE,SBILIFE26FEB1880CE,0.0,0.0,0.0,112.75,112.75,112.75,2059.5,181.2,750,0,0,0.0,0,F1,375,,,,,
2026-02-18,2026-02-18,FO,NSE,STO,167123,,SBILIFE,,2026-04-28,2026-04-28,1680.0,PE,SBILIFE26APR1680PE,0.0,0.0,0.0,3.4,0.0,3.4,2059.5,0.3,0,0,0,0.0,0,F1,375,,,,,
2026-02-18,2026-02-18,FO,NSE,STO,158055,,SBILIFE,,2026-03-30,2026-03-30,2360.0,PE,SBILIFE26MAR2360PE,0.0,0.0,0.0,341.7,0.0,341.7,2059.5,287.55,0,0,0,0.0,0,F1,375,,,,,
2026-02-18,2026-02-18,FO,NSE,STO,158025,,SBILIFE,,2026-03-30,2026-03-30,1760.0,PE,SBILIFE26MAR1760PE,0.0,0.0,0.0,13.0,0.0,13.0,2059.5,0.25,0,0,0,0.0,0,F1,375,,,,,
2026-02-18,2026-02-18,FO,NSE,STO,157961,,SBILIFE,,2026-02-24,2026-02-24,2180.0,PE,SBILIFE26FEB2180PE,0.0,0.0,0.0,132.15,132.15,132.15,2059.5,118.8,1875,0,0,0.0,0,F1,375,,,,,
2026-02-18,2026-02-18,FO,NSE,STO,133397,,SBILIFE,,2026-02-24,2026-02-24,2000.0,PE,SBILIFE26FEB2000PE,5.7,5.8,1.5,1.7,1.6,5.6,2059.5,1.7,336375,-1125,352,264402037.5,302,F1,375,,,,,
2026-02-18,2026-02-18,FO,NSE,STO,157949,,SBILIFE,,2026-02-24,2026-02-24,1940.0,PE,SBILIFE26FEB1940PE,0.8,1.15,0.7,0.85,0.75,1.45,2059.5,0.85,43500,-30750,161,117180618.75,147,F1,375,,,,,
2026-02-18,2026-02-18,FO,NSE,STO,158018,,SBILIFE,,2026-03-30,2026-03-30,1640.0,CE,SBILIFE26MAR1640CE,0.0,0.0,0.0,383.1,0.0,383.1,2059.5,429.35,0,0,0,0.0,0,F1,375,,,,,
2026-02-18,2026-02-18,FO,NSE,STO,157960,,SBILIFE,,2026-02-24,2026-02-24,2180.0,CE,SBILIFE26FEB2180CE,1.35,1.35,0.95,0.95,0.95,1.4,2059.5,0.95,65625,7125,51,41715600.0,41,F1,375,,,,,
2026-02-18,2026-02-18,FO,NSE,STO,157942,,SBILIFE,,2026-02-24,2026-02-24,1820.0,CE,SBILIFE26FEB1820CE,0.0,0.0,0.0,209.1,209.1,209.1,2059.5,241.15,1125,0,0,0.0,0,F1,375,,,,,
2026-02-18,2026-02-18,FO,NSE,STO,157962,,SBILIFE,,2026-02-24,2026-02-24,2220.0,CE,SBILIFE26FEB2220CE,0.55,0.95,0.55,0.7,0.7,1.0,2059.5,0.7,72000,-3750,23,19154062.5,19,F1,375,,,,,
2026-02-18,2026-02-18,FO,NSE,STO,158022,,SBILIFE,,2026-03-30,2026-03-30,1720.0,CE,SBILIFE26MAR1720CE,0.0,0.0,0.0,309.55,0.0,309.55,2059.5,349.9,0,0,0,0.0,0,F1,375,,,,,
2026-02-18,2026-02-18,FO,NSE,STO,158024,,SBILIFE,,2026-03-30,2026-03-30,1760.0,CE,SBILIFE26MAR1760CE,0.0,0.0,0.0,274.55,0.0,274.55,2059.5,310.3,0,0,0,0.0,0,F1,375,,,,,
2026-02-18,2026-02-18,FO,NSE,STO,167052,,SBILIFE,,2026-03-30,2026-03-30,1860.0,CE,SBILIFE26MAR1860CE,0.0,0.0,0.0,212.15,0.0,212.15,2059.5,213.25,0,0,0,0.0,0,F1,375,,,,,
2026-02-18,2026-02-18,FO,NSE,STO,158036,,SBILIFE,,2026-03-30,2026-03-30,2000.0,CE,SBILIFE26MAR2000CE,82.0,94.55,82.0,92.85,94.55,83.75,2059.5,92.85,14250,-375,12,9408037.5,12,F1,375,,,,,
2026-02-18,2026-02-18,FO,NSE,STO,157951,,SBILIFE,,2026-02-24,2026-02-24,1980.0,PE,SBILIFE26FEB1980PE,3.0,3.35,1.0,1.1,1.15,3.5,2059.5,1.1,160500,-9750,229,170181731.25,186,F1,375,,,,,
2026-02-18,2026-02-18,FO,NSE,STO,157955,,SBILIFE,,2026-02-24,2026-02-24,2060.0,PE,SBILIFE26FEB2060PE,26.4,26.8,13.45,14.55,14.65,30.65,2059.5,14.55,235875,99000,549,427769475.0,504,F1,375,,,,,
2026-02-18,2026-02-18,FO,NSE,STO,158019,,SBILIFE,,2026-03-30,2026-03-30,1640.0,PE,SBILIFE26MAR1640PE,0.0,0.0,0.0,3.3,0.0,3.3,2059.5,0.05,0,0,0,0.0,0,F1,375,,,,,
2026-02-18,2026-02-18,FO,NSE,STO,158045,,SBILIFE,,2026-03-30,2026-03-30,2160.0,PE,SBILIFE26MAR2160PE,0.0,0.0,0.0,178.05,0.0,178.05,2059.5,109.2,0,0,0,0.0,0,F1,375,,,,,
2026-02-18,2026-02-18,FO,NSE,STO,158054,,SBILIFE,,2026-03-30,2026-03-30,2360.0,CE,SBILIFE26MAR2360CE,0.0,0.0,0.0,12.15,0.0,12.15,2059.5,1.2,0,0,0,0.0,0,F1,375,,,,,
2026-02-18,2026-02-18,FO,NSE,STO,167136,,SBILIFE,,2026-04-28,2026-04-28,1960.0,CE,SBILIFE26APR1960CE,0.0,0.0,0.0,157.45,0.0,157.45,2059.5,144.15,0,0,0,0.0,0,F1,375,,,,,
2026-02-18,2026-02-18,FO,NSE,STO,133389,,SBILIFE,,2026-02-24,2026-02-24,1840.0,PE,SBILIFE26FEB1840PE,0.5,0.5,0.45,0.45,0.45,0.9,2059.5,0.05,33375,-375,3,2070543.75,2,F1,375,,,,,
2026-02-18,2026-02-18,FO,NSE,STO,158027,,SBILIFE,,2026-03-30,2026-03-30,1800.0,PE,SBILIFE26MAR1800PE,2.95,3.75,2.35,2.35,2.35,4.0,2059.5,2.35,6375,3000,18,12169331.25,18,F1,375,,,,,
2026-02-18,2026-02-18,FO,NSE,STO,167057,,SBILIFE,,2026-03-30,2026-03-30,1940.0,PE,SBILIFE26MAR1940PE,0.0,0.0,0.0,34.05,34.05,34.05,2059.5,10.6,750,0,0,0.0,0,F1,375,,,,,
2026-02-18,2026-02-18,FO,NSE,STO,158037,,SBILIFE,,2026-03-30,2026-03-30,2000.0,PE,SBILIFE26MAR2000PE,26.5,29.5,21.85,22.4,21.85,29.5,2059.5,22.4,25125,3750,46,34956206.25,40,F1,375,,,,,
2026-02-18,2026-02-18,FO,NSE,STO,167073,,SBILIFE,,2026-03-30,2026-03-30,2260.0,PE,SBILIFE26MAR2260PE,0.0,0.0,0.0,261.4,261.4,261.4,2059.5,192.85,2625,0,0,0.0,0,F1,375,,,,,
2026-02-18,2026-02-18,FO,NSE,STO,158046,,SBILIFE,,2026-03-30,2026-03-30,2200.0,CE,SBILIFE26MAR2200CE,11.3,12.05,10.3,11.8,11.7,10.5,2059.5,11.8,29250,1500,34,28194956.25,31,F1,375,,,,,
2026-02-18,2026-02-18,FO,NSE,STO,158026,,SBILIFE,,2026-03-30,2026-03-30,1800.0,CE,SBILIFE26MAR1800CE,0.0,0.0,0.0,241.2,0.0,241.2,2059.5,271.0,0,0,0,0.0,0,F1,375,,,,,
2026-02-18,2026-02-18,FO,NSE,STO,167056,,SBILIFE,,2026-03-30,2026-03-30,1940.0,CE,SBILIFE26MAR1940CE,0.0,0.0,0.0,150.35,0.0,150.35,2059.5,141.75,0,0,0,0.0,0,F1,375,,,,,
2026-02-18,2026-02-18,FO,NSE,STO,158052,,SBILIFE,,2026-03-30,2026-03-30,2320.0,CE,SBILIFE26MAR2320CE,0.0,0.0,0.0,16.15,0.0,16.15,2059.5,2.35,0,0,0,0.0,0,F1,375,,,,,
2026-02-18,2026-02-18,FO,NSE,STO,167063,,SBILIFE,,2026-03-30,2026-03-30,2060.0,PE,SBILIFE26MAR2060PE,0.0,0.0,0.0,79.5,0.0,79.5,2059.5,47.6,0,0,0,0.0,0,F1,375,,,,,
2026-02-18,2026-02-18,FO,NSE,STO,167059,,SBILIFE,,2026-03-30,2026-03-30,1980.0,PE,SBILIFE26MAR1980PE,31.85,32.75,18.2,18.2,18.2,44.25,2059.5,18.2,4500,1875,32,24055481.25,25,F1,375,,,,,
2026-02-18,2026-02-18,FO,NSE,STO,158033,,SBILIFE,,2026-03-30,2026-03-30,1920.0,PE,SBILIFE26MAR1920PE,10.85,11.0,8.4,8.4,8.4,12.8,2059.5,8.4,7500,-3000,19,13750968.75,10,F1,375,,,,,
2026-02-18,2026-02-18,FO,NSE,STO,133421,,SBILIFE,,2026-02-24,2026-02-24,2240.0,PE,SBILIFE26FEB2240PE,0.0,0.0,0.0,215.25,0.0,215.25,2059.5,178.5,0,0,0,0.0,0,F1,375,,,,,
2026-02-18,2026-02-18,FO,NSE,STO,133415,,SBILIFE,,2026-02-24,2026-02-24,2120.0,PE,SBILIFE26FEB2120PE,0.0,0.0,0.0,77.6,78.0,77.6,2059.5,62.1,5625,0,0,0.0,0,F1,375,,,,,
2026-02-18,2026-02-18,FO,NSE,STO,133374,,SBILIFE,,2026-02-24,2026-02-24,1680.0,CE,SBILIFE26FEB1680CE,0.0,0.0,0.0,381.1,0.0,381.1,2059.5,381.0,0,0,0,0.0,0,F1,375,,,,,
2026-02-18,2026-02-18,FO,NSE,STO,133381,,SBILIFE,,2026-02-24,2026-02-24,1800.0,CE,SBILIFE26FEB1800CE,0.0,0.0,0.0,228.8,228.8,228.8,2059.5,261.15,3000,0,0,0.0,0,F1,375,,,,,
2026-02-18,2026-02-18,FO,NSE,STO,133396,,SBILIFE,,2026-02-24,2026-02-24,2000.0,CE,SBILIFE26FEB2000CE,43.5,61.4,41.25,59.7,58.5,44.8,2059.5,59.7,115875,-9750,189,145525331.25,175,F1,375,,,,,
2026-02-18,2026-02-18,FO,NSE,STO,167071,,SBILIFE,,2026-03-30,2026-03-30,2220.0,PE,SBILIFE26MAR2220PE,0.0,0.0,0.0,184.9,0.0,184.9,2059.5,157.45,0,0,0,0.0,0,F1,375,,,,,
2026-02-18,2026-02-18,FO,NSE,STO,167133,,SBILIFE,,2026-04-28,2026-04-28,1880.0,PE,SBILIFE26APR1880PE,0.0,0.0,0.0,27.0,0.0,27.0,2059.5,9.65,0,0,0,0.0,0,F1,375,,,,,
2026-02-18,2026-02-18,FO,NSE,STO,167142,,SBILIFE,,2026-04-28,2026-04-28,2080.0,CE,SBILIFE26APR2080CE,0.0,0.0,0.0,91.5,0.0,91.5,2059.5,70.75,0,0,0,0.0,0,F1,375,,,,,
2026-02-18,2026-02-18,FO,NSE,STO,167129,,SBILIFE,,2026-04-28,2026-04-28,1800.0,PE,SBILIFE26APR1800PE,0.0,0.0,0.0,13.15,0.0,13.15,2059.5,3.0,0,0,0,0.0,0,F1,375,,,,,
2026-02-18,2026-02-18,FO,NSE,STO,157956,,SBILIFE,,2026-02-24,2026-02-24,2100.0,CE,SBILIFE26FEB2100CE,3.95,4.55,3.25,3.95,3.75,3.9,2059.5,3.95,718125,-7125,1290,1017753000.0,954,F1,375,,,,,
2026-02-18,2026-02-18,FO,NSE,STO,133420,,SBILIFE,,2026-02-24,2026-02-24,2240.0,CE,SBILIFE26FEB2240CE,0.75,0.75,0.4,0.45,0.4,0.8,2059.5,0.45,228750,0,11,9242643.75,11,F1,375,,,,,
2026-02-18,2026-02-18,FO,NSE,STO,170303,,TIINDIA,,2026-04-28,2026-04-28,2080.0,PE,TIINDIA26APR2080PE,0.0,0.0,0.0,104.05,0.0,104.05,2471.2,21.0,0,0,0,0.0,0,F1,200,,,,,
2026-02-18,2026-02-18,FO,NSE,STO,170305,,TIINDIA,,2026-04-28,2026-04-28,2120.0,PE,TIINDIA26APR2120PE,0.0,0.0,0.0,120.7,0.0,120.7,2471.2,27.05,0,0,0,0.0,0,F1,200,,,,,
2026-02-18,2026-02-18,FO,NSE,STO,170313,,TIINDIA,,2026-04-28,2026-04-28,2280.0,PE,TIINDIA26APR2280PE,0.0,0.0,0.0,202.15,0.0,202.15,2471.2,64.0,0,0,0,0.0,0,F1,200,,,,,
2026-02-18,2026-02-18,FO,NSE,STO,162702,,TIINDIA,,2026-02-24,2026-02-24,1880.0,CE,TIINDIA26FEB1880CE,0.0,0.0,0.0,597.1,597.1,597.1,2471.2,592.9,2000,0,0,0.0,0,F1,200,,,,,
2026-02-18,2026-02-18,FO,NSE,STO,162718,,TIINDIA,,2026-02-24,2026-02-24,2080.0,CE,TIINDIA26FEB2080CE,0.0,0.0,0.0,396.5,396.5,396.5,2471.2,393.1,800,0,0,0.0,0,F1,200,,,,,
2026-02-18,2026-02-18,FO,NSE,STO,162724,,TIINDIA,,2026-02-24,2026-02-24,2160.0,CE,TIINDIA26FEB2160CE,0.0,0.0,0.0,447.3,0.0,447.3,2471.2,313.2,0,0,0,0.0,0,F1,200,,,,,
2026-02-18,2026-02-18,FO,NSE,STO,162777,,TIINDIA,,2026-02-24,2026-02-24,2820.0,PE,TIINDIA26FEB2820PE,0.0,0.0,0.0,350.0,350.0,350.0,2471.2,346.35,1000,0,0,0.0,0,F1,200,,,,,
2026-02-18,2026-02-18,FO,NSE,STO,143325,,TIINDIA,,2026-02-24,2026-02-24,2500.0,PE,TIINDIA26FEB2500PE,68.35,97.5,50.3,55.8,53.65,68.3,2471.2,55.8,85200,-12200,223,114917180.0,212,F1,200,,,,,
2026-02-18,2026-02-18,FO,NSE,STO,170330,,TIINDIA,,2026-04-28,2026-04-28,2640.0,CE,TIINDIA26APR2640CE,0.0,0.0,0.0,48.8,0.0,48.8,2471.2,97.5,0,0,0,0.0,0,F1,200,,,,,
2026-02-18,2026-02-18,FO,NSE,STO,162902,,TIINDIA,,2026-03-30,2026-03-30,2920.0,CE,TIINDIA26MAR2920CE,0.0,0.0,0.0,20.9,20.9,20.9,2471.2,12.95,1200,0,0,0.0,0,F1,200,,,,,
2026-02-18,2026-02-18,FO,NSE,STO,170228,,TIINDIA,,2026-03-30,2026-03-30,2380.0,CE,TIINDIA26MAR2380CE,0.0,0.0,0.0,78.0,0.0,78.0,2471.2,175.1,0,0,0,0.0,0,F1,200,,,,,
2026-02-18,2026-02-18,FO,NSE,STO,162868,,TIINDIA,,2026-03-30,2026-03-30,2240.0,CE,TIINDIA26MAR2240CE,0.0,0.0,0.0,418.6,0.0,418.6,2471.2,273.9,0,0,0,0.0,0,F1,200,,,,,
2026-02-18,2026-02-18,FO,NSE,STO,143332,,TIINDIA,,2026-02-24,2026-02-24,2900.0,CE,TIINDIA26FEB2900CE,0.0,0.0,0.0,1.4,1.4,1.4,2471.2,0.05,1200,0,0,0.0,0,F1,200,,,,,
2026-02-18,2026-02-18,FO,NSE,STO,162778,,TIINDIA,,2026-02-24,2026-02-24,2840.0,CE,TIINDIA26FEB2840CE,0.0,0.0,0.0,2.75,2.75,2.75,2471.2,0.05,200,0,0,0.0,0,F1,200,,,,,
2026-02-18,2026-02-18,FO,NSE,STO,162780,,TIINDIA,,2026-02-24,2026-02-24,2860.0,CE,TIINDIA26FEB2860CE,0.0,0.0,0.0,66.35,0.0,66.35,2471.2,0.05,0,0,0,0.0,0,F1,200,,,,,
2026-02-18,2026-02-18,FO,NSE,STO,162870,,TIINDIA,,2026-03-30,2026-03-30,2280.0,CE,TIINDIA26MAR2280CE,0.0,0.0,0.0,389.8,0.0,389.8,2471.2,243.25,0,0,0,0.0,0,F1,200,,,,,
2026-02-18,2026-02-18,FO,NSE,STO,170226,,TIINDIA,,2026-03-30,2026-03-30,2340.0,CE,TIINDIA26MAR2340CE,0.0,0.0,0.0,126.6,126.6,126.6,2471.2,200.85,200,0,0,0.0,0,F1,200,,,,,
2026-02-18,2026-02-18,FO,NSE,STO,170230,,TIINDIA,,2026-03-30,2026-03-30,2420.0,CE,TIINDIA26MAR2420CE,0.0,0.0,0.0,66.95,0.0,66.95,2471.2,151.5,0,0,0,0.0,0,F1,200,,,,,
2026-02-18,2026-02-18,FO,NSE,STO,170300,,TIINDIA,,2026-04-28,2026-04-28,2040.0,CE,TIINDIA26APR2040CE,0.0,0.0,0.0,269.4,0.0,269.4,2471.2,468.4,0,0,0,0.0,0,F1,200,,,,,
2026-02-18,2026-02-18,FO,NSE,STO,162731,,TIINDIA,,2026-02-24,2026-02-24,2240.0,PE,TIINDIA26FEB2240PE,0.0,0.0,0.0,6.2,6.2,6.2,2471.2,0.6,9400,0,0,0.0,0,F1,200,,,,,
2026-02-18,2026-02-18,FO,NSE,STO,162761,,TIINDIA,,2026-02-24,2026-02-24,2620.0,PE,TIINDIA26FEB2620PE,195.85,205.55,151.85,151.85,151.85,169.1,2471.2,151.85,5800,200,23,12901570.0,23,F1,200,,,,,
2026-02-18,2026-02-18,FO,NSE,STO,170337,,TIINDIA,,2026-04-28,2026-04-28,2760.0,PE,TIINDIA26APR2760PE,0.0,0.0,0.0,560.9,0.0,560.9,2471.2,324.25,0,0,0,0.0,0,F1,200,,,,,
2026-02-18,2026-02-18,FO,NSE,STO,162756,,TIINDIA,,2026-02-24,2026-02-24,2560.0,CE,TIINDIA26FEB2560CE,9.0,13.9,7.0,12.85,13.35,14.6,2471.2,12.85,26600,1600,245,125911470.0,226,F1,200,,,,,
2026-02-18,2026-02-18,FO,NSE,STO,162762,,TIINDIA,,2026-02-24,2026-02-24,2640.0,CE,TIINDIA26FEB2640CE,5.3,5.45,3.4,5.0,5.05,6.3,2471.2,5.0,30600,-4600,213,112641130.0,200,F1,200,,,,,
2026-02-18,2026-02-18,FO,NSE,STO,170232,,TIINDIA,,2026-03-30,2026-03-30,2460.0,CE,TIINDIA26MAR2460CE,125.25,125.3,125.25,125.3,125.3,113.75,2471.2,125.3,400,400,2,1034110.0,2,F1,200,,,,,
2026-02-18,2026-02-18,FO,NSE,STO,162767,,TIINDIA,,2026-02-24,2026-02-24,2680.0,PE,TIINDIA26FEB2680PE,0.0,0.0,0.0,210.65,0.0,210.65,2471.2,208.35,0,0,0,0.0,0,F1,200,,,,,
2026-02-18,2026-02-18,FO,NSE,STO,162779,,TIINDIA,,2026-02-24,2026-02-24,2840.0,PE,TIINDIA26FEB2840PE,411.35,411.35,411.35,411.35,411.35,354.45,2471.2,366.3,600,0,1,650270.0,1,F1,200,,,,,
2026-02-18,2026-02-18,FO,NSE,STO,162857,,TIINDIA,,2026-03-30,2026-03-30,2000.0,PE,TIINDIA26MAR2000PE,0.0,0.0,0.0,18.6,0.0,18.6,2471.2,3.5,0,0,0,0.0,0,F1,200,,,,,
2026-02-18,2026-02-18,FO,NSE,STO,162869,,TIINDIA,,2026-03-30,2026-03-30,2240.0,PE,TIINDIA26MAR2240PE,0.0,0.0,0.0,58.95,58.95,58.95,2471.2,29.25,1800,0,0,0.0,0,F1,200,,,,,
2026-02-18,2026-02-18,FO,NSE,STO,170236,,TIINDIA,,2026-03-30,2026-03-30,2540.0,CE,TIINDIA26MAR2540CE,0.0,0.0,0.0,53.85,53.85,53.85,2471.2,93.65,400,0,0,0.0,0,F1,200,,,,,
2026-02-18,2026-02-18,FO,NSE,STO,170310,,TIINDIA,,2026-04-28,2026-04-28,2240.0,CE,TIINDIA26APR2240CE,0.0,0.0,0.0,163.2,0.0,163.2,2471.2,307.0,0,0,0,0.0,0,F1,200,,,,,
2026-02-18,2026-02-18,FO,NSE,STO,170312,,TIINDIA,,2026-04-28,2026-04-28,2280.0,CE,TIINDIA26APR2280CE,0.0,0.0,0.0,146.35,0.0,146.35,2471.2,278.8,0,0,0,0.0,0,F1,200,,,,,
2026-02-18,2026-02-18,FO,NSE,STO,143183,,TIINDIA,,2026-02-24,2026-02-24,2000.0,PE,TIINDIA26FEB2000PE,1.0,1.0,0.6,0.65,0.6,1.7,2471.2,0.65,25200,-1000,17,6802500.0,12,F1,200,,,,,
2026-02-18,2026-02-18,FO,NSE,STO,162747,,TIINDIA,,2026-02-24,2026-02-24,2440.0,PE,TIINDIA26FEB2440PE,40.0,57.0,22.8,28.25,23.45,37.05,2471.2,28.25,26200,9800,430,213014250.0,249,F1,200,,,,,
2026-02-18,2026-02-18,FO,NSE,STO,170235,,TIINDIA,,2026-03-30,2026-03-30,2500.0,PE,TIINDIA26MAR2500PE,108.5,108.5,108.5,108.5,108.5,125.0,2471.2,108.5,1600,0,1,521700.0,1,F1,200,,,,,
2026-02-18,2026-02-18,FO,NSE,STO,162897,,TIINDIA,,2026-03-30,2026-03-30,2800.0,PE,TIINDIA26MAR2800PE,0.0,0.0,0.0,319.55,0.0,319.55,2471.2,338.0,0,0,0,0.0,0,F1,200,,,,,
2026-02-18,2026-02-18,FO,NSE,STO,170299,,TIINDIA,,2026-04-28,2026-04-28,2000.0,PE,TIINDIA26APR2000PE,0.0,0.0,0.0,75.2,0.0,75.2,2471.2,12.1,0,0,0,0.0,0,F1,200,,,,,
2026-02-18,2026-02-18,FO,NSE,STO,170331,,TIINDIA,,2026-04-28,2026-04-28,2640.0,PE,TIINDIA26APR2640PE,0.0,0.0,0.0,459.05,0.0,459.05,2471.2,239.0,0,0,0,0.0,0,F1,200,,,,,
2026-02-18,2026-02-18,FO,NSE,STO,162883,,TIINDIA,,2026-03-30,2026-03-30,2520.0,PE,TIINDIA26MAR2520PE,0.0,0.0,0.0,159.55,0.0,159.55,2471.2,135.65,0,0,0,0.0,0,F1,200,,,,,
2026-02-18,2026-02-18,FO,NSE,STO,170239,,TIINDIA,,2026-03-30,2026-03-30,2580.0,PE,TIINDIA26MAR2580PE,0.0,0.0,0.0,398.6,0.0,398.6,2471.2,171.85,0,0,0,0.0,0,F1,200,,,,,
2026-02-18,2026-02-18,FO,NSE,STO,170345,,TIINDIA,,2026-04-28,2026-04-28,2920.0,PE,TIINDIA26APR2920PE,0.0,0.0,0.0,704.3,0.0,704.3,2471.2,453.25,0,0,0,0.0,0,F1,200,,,,,
2026-02-18,2026-02-18,FO,NSE,STO,170341,,TIINDIA,,2026-04-28,2026-04-28,2840.0,PE,TIINDIA26APR2840PE,0.0,0.0,0.0,631.7,0.0,631.7,2471.2,386.85,0,0,0,0.0,0,F1,200,,,,,
2026-02-18,2026-02-18,FO,NSE,STO,170333,,TIINDIA,,2026-04-28,2026-04-28,2680.0,PE,TIINDIA26APR2680PE,0.0,0.0,0.0,492.35,0.0,492.35,2471.2,266.15,0,0,0,0.0,0,F1,200,,,,,
2026-02-18,2026-02-18,FO,NSE,STO,170319,,TIINDIA,,2026-04-28,2026-04-28,2400.0,PE,TIINDIA26APR2400PE,0.0,0.0,0.0,277.75,0.0,277.75,2471.2,107.75,0,0,0,0.0,0,F1,200,,,,,
2026-02-18,2026-02-18,FO,NSE,STO,170253,,TIINDIA,,2026-03-30,2026-03-30,2860.0,PE,TIINDIA26MAR2860PE,0.0,0.0,0.0,650.4,0.0,650.4,2471.2,390.15,0,0,0,0.0,0,F1,200,,,,,
2026-02-18,2026-02-18,FO,NSE,STO,170251,,TIINDIA,,2026-03-30,2026-03-30,2820.0,PE,TIINDIA26MAR2820PE,0.0,0.0,0.0,612.9,0.0,612.9,2471.2,355.15,0,0,0,0.0,0,F1,200,,,,,
2026-02-18,2026-02-18,FO,NSE,STO,162712,,TIINDIA,,2026-02-24,2026-02-24,2020.0,CE,TIINDIA26FEB2020CE,0.0,0.0,0.0,422.75,422.75,422.75,2471.2,453.05,1400,0,0,0.0,0,F1,200,,,,,
2026-02-18,2026-02-18,FO,NSE,STO,162738,,TIINDIA,,2026-02-24,2026-02-24,2340.0,CE,TIINDIA26FEB2340CE,122.0,137.0,121.3,136.75,136.5,136.55,2471.2,136.75,34400,0,4,1975360.0,4,F1,200,,,,,
2026-02-18,2026-02-18,FO,NSE,STO,162740,,TIINDIA,,2026-02-24,2026-02-24,2360.0,CE,TIINDIA26FEB2360CE,106.1,120.95,79.05,119.75,120.95,116.1,2471.2,119.75,21800,-200,56,27472910.0,51,F1,200,,,,,
2026-02-18,2026-02-18,FO,NSE,STO,143286,,TIINDIA,,2026-02-24,2026-02-24,2400.0,CE,TIINDIA26FEB2400CE,77.5,94.8,52.5,88.7,94.8,86.6,2471.2,88.7,45400,-5000,117,57682240.0,99,F1,200,,,,,
2026-02-18,2026-02-18,FO,NSE,STO,162758,,TIINDIA,,2026-02-24,2026-02-24,2580.0,CE,TIINDIA26FEB2580CE,8.0,10.6,5.65,9.85,10.2,11.75,2471.2,9.85,14800,800,143,74010280.0,133,F1,200,,,,,
2026-02-18,2026-02-18,FO,NSE,STO,162770,,TIINDIA,,2026-02-24,2026-02-24,2740.0,CE,TIINDIA26FEB2740CE,3.05,3.05,3.05,3.05,3.05,3.05,2471.2,3.05,12800,-200,1,548610.0,1,F1,200,,,,,
2026-02-18,2026-02-18,FO,NSE,STO,162858,,TIINDIA,,2026-03-30,2026-03-30,2040.0,CE,TIINDIA26MAR2040CE,0.0,0.0,0.0,578.85,0.0,578.85,2471.2,448.8,0,0,0,0.0,0,F1,200,,,,,
2026-02-18,2026-02-18,FO,NSE,STO,162890,,TIINDIA,,2026-03-30,2026-03-30,2680.0,CE,TIINDIA26MAR2680CE,0.0,0.0,0.0,48.75,48.75,48.75,2471.2,48.9,2000,0,0,0.0,0,F1,200,,,,,
2026-02-18,2026-02-18,FO,NSE,STO,170246,,TIINDIA,,2026-03-30,2026-03-30,2740.0,CE,TIINDIA26MAR2740CE,0.0,0.0,0.0,15.75,15.75,15.75,2471.2,36.0,0,0,0,0.0,0,F1,200,,,,,
2026-02-18,2026-02-18,FO,NSE,STO,37964,,TIINDIA,,2026-03-30,2026-03-30,2940.0,CE,TIINDIA26MAR2940CE,0.0,0.0,0.0,11.95,0.0,11.95,2471.2,11.5,0,0,0,0.0,0,F1,200,,,,,
2026-02-18,2026-02-18,FO,NSE,STO,170348,,TIINDIA,,2026-04-28,2026-04-28,3040.0,CE,TIINDIA26APR3040CE,0.0,0.0,0.0,11.7,0.0,11.7,2471.2,21.1,0,0,0,0.0,0,F1,200,,,,,
2026-02-18,2026-02-18,FO,NSE,STO,143191,,TIINDIA,,2026-02-24,2026-02-24,2100.0,PE,TIINDIA26FEB2100PE,2.4,2.5,1.2,1.6,1.35,2.4,2471.2,1.6,63200,-400,108,45397210.0,62,F1,200,,,,,
2026-02-18,2026-02-18,FO,NSE,STO,162739,,TIINDIA,,2026-02-24,2026-02-24,2340.0,PE,TIINDIA26FEB2340PE,12.65,16.85,7.85,8.2,8.3,12.95,2471.2,8.2,12200,-2600,66,31040440.0,62,F1,200,,,,,
2026-02-18,2026-02-18,FO,NSE,STO,162769,,TIINDIA,,2026-02-24,2026-02-24,2720.0,PE,TIINDIA26FEB2720PE,0.0,0.0,0.0,231.25,231.25,231.25,2471.2,247.2,0,0,0,0.0,0,F1,200,,,,,
2026-02-18,2026-02-18,FO,NSE,STO,162773,,TIINDIA,,2026-02-24,2026-02-24,2760.0,PE,TIINDIA26FEB2760PE,0.0,0.0,0.0,262.4,0.0,262.4,2471.2,286.65,0,0,0,0.0,0,F1,200,,,,,
2026-02-18,2026-02-18,FO,NSE,STO,170223,,TIINDIA,,2026-03-30,2026-03-30,2260.0,PE,TIINDIA26MAR2260PE,35.4,35.4,30.0,30.0,30.0,51.25,2471.2,33.6,1400,0,4,1834870.0,3,F1,200,,,,,
2026-02-18,2026-02-18,FO,NSE,STO,162881,,TIINDIA,,2026-03-30,2026-03-30,2480.0,PE,TIINDIA26MAR2480PE,0.0,0.0,0.0,141.55,0.0,141.55,2471.2,114.1,0,0,0,0.0,0,F1,200,,,,,
2026-02-18,2026-02-18,FO,NSE,STO,170237,,TIINDIA,,2026-03-30,2026-03-30,2540.0,PE,TIINDIA26MAR2540PE,0.0,0.0,0.0,365.45,0.0,365.45,2471.2,147.2,0,0,0,0.0,0,F1,200,,,,,
2026-02-18,2026-02-18,FO,NSE,STF,59491,,TIINDIA,,2026-02-24,2026-02-24,,,TIINDIA26FEBFUT,2463.3,2483.5,2412.4,2472.4,2476.0,2461.4,2471.2,2472.4,3199000,-150000,2813,1374354620.0,2360,F1,200,,,,,
2026-02-18,2026-02-18,FO,NSE,STO,162730,,TIINDIA,,2026-02-24,2026-02-24,2240.0,CE,TIINDIA26FEB2240CE,217.6,217.6,205.1,215.2,215.2,226.5,2471.2,233.85,18400,0,3,1471580.0,3,F1,200,,,,,
2026-02-18,2026-02-18,FO,NSE,STO,162734,,TIINDIA,,2026-02-24,2026-02-24,2280.0,CE,TIINDIA26FEB2280CE,0.0,0.0,0.0,205.0,205.0,205.0,2471.2,194.95,8600,0,0,0.0,0,F1,200,,,,,
2026-02-18,2026-02-18,FO,NSE,STO,162872,,TIINDIA,,2026-03-30,2026-03-30,2320.0,CE,TIINDIA26MAR2320CE,0.0,0.0,0.0,362.1,0.0,362.1,2471.2,214.5,0,0,0,0.0,0,F1,200,,,,,
2026-02-18,2026-02-18,FO,NSE,STO,162878,,TIINDIA,,2026-03-30,2026-03-30,2440.0,CE,TIINDIA26MAR2440CE,0.0,0.0,0.0,76.15,76.15,76.15,2471.2,140.55,400,0,0,0.0,0,F1,200,,,,,
2026-02-18,2026-02-18,FO,NSE,STO,162886,,TIINDIA,,2026-03-30,2026-03-30,2600.0,CE,TIINDIA26MAR2600CE,58.65,62.3,47.1,62.3,62.3,58.65,2471.2,62.3,5800,-1200,64,33917200.0,55,F1,200,,,,,
2026-02-18,2026-02-18,FO,NSE,STO,162908,,TIINDIA,,2026-03-30,2026-03-30,3040.0,CE,TIINDIA26MAR3040CE,6.85,6.85,6.85,6.85,6.85,67.35,2471.2,6.1,400,400,2,1218740.0,1,F1,200,,,,,
2026-02-18,2026-02-18,FO,NSE,STO,170308,,TIINDIA,,2026-04-28,2026-04-28,2200.0,CE,TIINDIA26APR2200CE,0.0,0.0,0.0,181.5,0.0,181.5,2471.2,336.7,0,0,0,0.0,0,F1,200,,,,,
2026-02-18,2026-02-18,FO,NSE,STO,170322,,TIINDIA,,2026-04-28,2026-04-28,2480.0,CE,TIINDIA26APR2480CE,0.0,0.0,0.0,81.45,0.0,81.45,2471.2,162.0,0,0,0,0.0,0,F1,200,,,,,
2026-02-18,2026-02-18,FO,NSE,STO,170332,,TIINDIA,,2026-04-28,2026-04-28,2680.0,CE,TIINDIA26APR2680CE,0.0,0.0,0.0,42.7,0.0,42.7,2471.2,85.05,0,0,0,0.0,0,F1,200,,,,,
2026-02-18,2026-02-18,FO,NSE,STO,170340,,TIINDIA,,2026-04-28,2026-04-28,2840.0,CE,TIINDIA26APR2840CE,0.0,0.0,0.0,24.45,0.0,24.45,2471.2,47.4,0,0,0,0.0,0,F1,200,,,,,
2026-02-18,2026-02-18,FO,NSE,STO,37970,,TIINDIA,,2026-04-28,2026-04-28,3000.0,CE,TIINDIA26APR3000CE,0.0,0.0,0.0,22.2,0.0,22.2,2471.2,25.0,0,0,0,0.0,0,F1,200,,,,,
2026-02-18,2026-02-18,FO,NSE,STO,162703,,TIINDIA,,2026-02-24,2026-02-24,1880.0,PE,TIINDIA26FEB1880PE,0.0,0.0,0.0,2.75,2.75,2.75,2471.2,0.05,2000,0,0,0.0,0,F1,200,,,,,
2026-02-18,2026-02-18,FO,NSE,STO,162725,,TIINDIA,,2026-02-24,2026-02-24,2160.0,PE,TIINDIA26FEB2160PE,2.05,3.3,1.6,1.65,1.7,4.25,2471.2,1.65,7800,-2200,56,24216040.0,52,F1,200,,,,,
2026-02-18,2026-02-18,FO,NSE,STO,162735,,TIINDIA,,2026-02-24,2026-02-24,2280.0,PE,TIINDIA26FEB2280PE,6.5,8.3,4.15,4.15,4.15,7.35,2471.2,1.7,11000,4400,95,43446620.0,95,F1,200,,,,,
2026-02-18,2026-02-18,FO,NSE,STO,162749,,TIINDIA,,2026-02-24,2026-02-24,2460.0,PE,TIINDIA26FEB2460PE,48.95,70.0,31.5,34.5,31.5,46.7,2471.2,34.5,11400,800,98,49153320.0,98,F1,200,,,,,
2026-02-18,2026-02-18,FO,NSE,STO,143331,,TIINDIA,,2026-02-24,2026-02-24,2800.0,PE,TIINDIA26FEB2800PE,0.0,0.0,0.0,440.0,440.0,440.0,2471.2,326.4,2400,0,0,0.0,0,F1,200,,,,,
2026-02-18,2026-02-18,FO,NSE,STO,162853,,TIINDIA,,2026-03-30,2026-03-30,1920.0,PE,TIINDIA26MAR1920PE,0.0,0.0,0.0,11.5,0.0,11.5,2471.2,1.35,0,0,0,0.0,0,F1,200,,,,,
2026-02-18,2026-02-18,FO,NSE,STO,170211,,TIINDIA,,2026-03-30,2026-03-30,2020.0,PE,TIINDIA26MAR2020PE,0.0,0.0,0.0,16.5,16.5,16.5,2471.2,4.35,1800,0,0,0.0,0,F1,200,,,,,
2026-02-18,2026-02-18,FO,NSE,STO,170213,,TIINDIA,,2026-03-30,2026-03-30,2060.0,PE,TIINDIA26MAR2060PE,0.0,0.0,0.0,30.0,30.0,30.0,2471.2,6.5,2200,0,0,0.0,0,F1,200,,,,,
2026-02-18,2026-02-18,FO,NSE,STO,162865,,TIINDIA,,2026-03-30,2026-03-30,2160.0,PE,TIINDIA26MAR2160PE,20.0,22.15,20.0,22.15,22.15,25.25,2471.2,15.95,600,0,4,1744860.0,2,F1,200,,,,,
2026-02-18,2026-02-18,FO,NSE,STO,170219,,TIINDIA,,2026-03-30,2026-03-30,2180.0,PE,TIINDIA26MAR2180PE,0.0,0.0,0.0,20.75,20.75,20.75,2471.2,18.7,2000,0,0,0.0,0,F1,200,,,,,
2026-02-18,2026-02-18,FO,NSE,STO,170227,,TIINDIA,,2026-03-30,2026-03-30,2340.0,PE,TIINDIA26MAR2340PE,53.65,53.65,53.65,53.65,53.65,49.45,2471.2,55.6,1200,-400,2,957460.0,1,F1,200,,,,,
2026-02-18,2026-02-18,FO,NSE,STO,162873,,TIINDIA,,2026-03-30,2026-03-30,2320.0,PE,TIINDIA26MAR2320PE,0.0,0.0,0.0,44.4,44.4,44.4,2471.2,49.35,800,0,0,0.0,0,F1,200,,,,,
2026-02-18,2026-02-18,FO,NSE,STO,162726,,TIINDIA,,2026-02-24,2026-02-24,2180.0,CE,TIINDIA26FEB2180CE,0.0,0.0,0.0,248.85,248.85,248.85,2471.2,293.25,4400,0,0,0.0,0,F1,200,,,,,
2026-02-18,2026-02-18,FO,NSE,STO,162732,,TIINDIA,,2026-02-24,2026-02-24,2260.0,CE,TIINDIA26FEB2260CE,0.0,0.0,0.0,138.6,138.6,138.6,2471.2,214.3,9200,0,0,0.0,0,F1,200,,,,,
2026-02-18,2026-02-18,FO,NSE,STO,143328,,TIINDIA,,2026-02-24,2026-02-24,2700.0,CE,TIINDIA26FEB2700CE,3.3,3.5,2.3,3.15,3.2,4.05,2471.2,3.15,94600,-3200,401,216768160.0,299,F1,200,,,,,
2026-02-18,2026-02-18,FO,NSE,STO,162788,,TIINDIA,,2026-02-24,2026-02-24,2960.0,CE,TIINDIA26FEB2960CE,0.0,0.0,0.0,3.1,3.1,3.1,2471.2,0.05,400,0,0,0.0,0,F1,200,,,,,
2026-02-18,2026-02-18,FO,NSE,STO,162852,,TIINDIA,,2026-03-30,2026-03-30,1920.0,CE,TIINDIA26MAR1920CE,0.0,0.0,0.0,685.3,0.0,685.3,2471.2,564.1,0,0,0,0.0,0,F1,200,,,,,
2026-02-18,2026-02-18,FO,NSE,STO,170208,,TIINDIA,,2026-03-30,2026-03-30,1980.0,CE,TIINDIA26MAR1980CE,0.0,0.0,0.0,278.9,0.0,278.9,2471.2,505.9,0,0,0,0.0,0,F1,200,,,,,
2026-02-18,2026-02-18,FO,NSE,STO,170210,,TIINDIA,,2026-03-30,2026-03-30,2020.0,CE,TIINDIA26MAR2020CE,0.0,0.0,0.0,250.8,0.0,250.8,2471.2,467.7,0,0,0,0.0,0,F1,200,,,,,
2026-02-18,2026-02-18,FO,NSE,STO,170214,,TIINDIA,,2026-03-30,2026-03-30,2100.0,CE,TIINDIA26MAR2100CE,0.0,0.0,0.0,200.05,0.0,200.05,2471.2,393.3,0,0,0,0.0,0,F1,200,,,,,
2026-02-18,2026-02-18,FO,NSE,STO,170222,,TIINDIA,,2026-03-30,2026-03-30,2260.0,CE,TIINDIA26MAR2260CE,0.0,0.0,0.0,120.15,0.0,120.15,2471.2,258.35,0,0,0,0.0,0,F1,200,,,,,
2026-02-18,2026-02-18,FO,NSE,STO,162880,,TIINDIA,,2026-03-30,2026-03-30,2480.0,CE,TIINDIA26MAR2480CE,0.0,0.0,0.0,73.65,73.65,73.65,2471.2,120.2,200,0,0,0.0,0,F1,200,,,,,
2026-02-18,2026-02-18,FO,NSE,STO,162898,,TIINDIA,,2026-03-30,2026-03-30,2840.0,CE,TIINDIA26MAR2840CE,0.0,0.0,0.0,21.75,21.75,21.75,2471.2,20.8,400,0,0,0.0,0,F1,200,,,,,
2026-02-18,2026-02-18,FO,NSE,STO,162906,,TIINDIA,,2026-03-30,2026-03-30,3000.0,CE,TIINDIA26MAR3000CE,7.9,7.9,7.9,7.9,7.9,75.2,2471.2,7.9,400,400,2,1203160.0,1,F1,200,,,,,
2026-02-18,2026-02-18,FO,NSE,STO,170346,,TIINDIA,,2026-04-28,2026-04-28,2960.0,CE,TIINDIA26APR2960CE,0.0,0.0,0.0,15.8,0.0,15.8,2471.2,29.5,0,0,0,0.0,0,F1,200,,,,,
2026-02-18,2026-02-18,FO,NSE,STO,162861,,TIINDIA,,2026-03-30,2026-03-30,2080.0,PE,TIINDIA26MAR2080PE,0.0,0.0,0.0,12.0,12.0,12.0,2471.2,7.9,800,0,0,0.0,0,F1,200,,,,,
2026-02-18,2026-02-18,FO,NSE,STO,170317,,TIINDIA,,2026-04-28,2026-04-28,2360.0,PE,TIINDIA26APR2360PE,0.0,0.0,0.0,251.25,0.0,251.25,2471.2,91.55,0,0,0,0.0,0,F1,200,,,,,
2026-02-18,2026-02-18,FO,NSE,STO,170321,,TIINDIA,,2026-04-28,2026-04-28,2440.0,PE,TIINDIA26APR2440PE,0.0,0.0,0.0,305.4,0.0,305.4,2471.2,125.6,0,0,0,0.0,0,F1,200,,,,,
2026-02-18,2026-02-18,FO,NSE,STO,170343,,TIINDIA,,2026-04-28,2026-04-28,2880.0,PE,TIINDIA26APR2880PE,0.0,0.0,0.0,667.8,0.0,667.8,2471.2,419.6,0,0,0,0.0,0,F1,200,,,,,
2026-02-18,2026-02-18,FO,NSE,STO,162774,,TIINDIA,,2026-02-24,2026-02-24,2780.0,CE,TIINDIA26FEB2780CE,0.6,2.5,0.6,2.0,1.95,5.8,2471.2,2.0,2200,0,27,15020650.0,10,F1,200,,,,,
2026-02-18,2026-02-18,FO,NSE,STO,162746,,TIINDIA,,2026-02-24,2026-02-24,2440.0,CE,TIINDIA26FEB2440CE,61.0,65.8,32.3,60.3,65.8,59.7,2471.2,60.3,25400,-2600,215,106797750.0,189,F1,200,,,,,
2026-02-18,2026-02-18,FO,NSE,STO,162887,,TIINDIA,,2026-03-30,2026-03-30,2600.0,PE,TIINDIA26MAR2600PE,0.0,0.0,0.0,199.35,0.0,199.35,2471.2,184.9,0,0,0,0.0,0,F1,200,,,,,
2026-02-18,2026-02-18,FO,NSE,STO,170347,,TIINDIA,,2026-04-28,2026-04-28,2960.0,PE,TIINDIA26APR2960PE,0.0,0.0,0.0,741.15,0.0,741.15,2471.2,487.65,0,0,0,0.0,0,F1,200,,,,,
2026-02-18,2026-02-18,FO,NSE,STO,143184,,TIINDIA,,2026-02-24,2026-02-24,2100.0,CE,TIINDIA26FEB2100CE,0.0,0.0,0.0,323.15,323.15,323.15,2471.2,373.1,600,0,0,0.0,0,F1,200,,,,,
2026-02-18,2026-02-18,FO,NSE,STO,162716,,TIINDIA,,2026-02-24,2026-02-24,2060.0,CE,TIINDIA26FEB2060CE,0.0,0.0,0.0,416.65,416.65,416.65,2471.2,413.05,600,0,0,0.0,0,F1,200,,,,,
2026-02-18,2026-02-18,FO,NSE,STO,162714,,TIINDIA,,2026-02-24,2026-02-24,2040.0,CE,TIINDIA26FEB2040CE,0.0,0.0,0.0,411.5,411.5,411.5,2471.2,433.05,800,0,0,0.0,0,F1,200,,,,,
2026-02-18,2026-02-18,FO,NSE,STF,52056,,TIINDIA,,2026-03-30,2026-03-30,,,TIINDIA26MARFUT,2453.4,2498.0,2428.3,2486.0,2494.0,2476.8,2471.2,2486.0,305000,94400,1057,519958940.0,978,F1,200,,,,,
2026-02-18,2026-02-18,FO,NSE,STO,162729,,TIINDIA,,2026-02-24,2026-02-24,2220.0,PE,TIINDIA26FEB2220PE,0.0,0.0,0.0,4.75,4.75,4.75,2471.2,0.35,7000,0,0,0.0,0,F1,200,,,,,
2026-02-18,2026-02-18,FO,NSE,STO,170309,,TIINDIA,,2026-04-28,2026-04-28,2200.0,PE,TIINDIA26APR2200PE,0.0,0.0,0.0,158.5,0.0,158.5,2471.2,42.7,0,0,0,0.0,0,F1,200,,,,,
2026-02-18,2026-02-18,FO,NSE,STO,170295,,TIINDIA,,2026-04-28,2026-04-28,1920.0,PE,TIINDIA26APR1920PE,0.0,0.0,0.0,52.3,0.0,52.3,2471.2,6.45,0,0,0,0.0,0,F1,200,,,,,
2026-02-18,2026-02-18,FO,NSE,STO,37967,,TIINDIA,,2026-03-30,2026-03-30,2980.0,PE,TIINDIA26MAR2980PE,0.0,0.0,0.0,678.55,0.0,678.55,2471.2,499.85,0,0,0,0.0,0,F1,200,,,,,
2026-02-18,2026-02-18,FO,NSE,STO,170229,,TIINDIA,,2026-03-30,2026-03-30,2380.0,PE,TIINDIA26MAR2380PE,0.0,0.0,0.0,59.75,59.75,59.75,2471.2,69.6,1000,0,0,0.0,0,F1,200,,,,,
2026-02-18,2026-02-18,FO,NSE,STO,170215,,TIINDIA,,2026-03-30,2026-03-30,2100.0,PE,TIINDIA26MAR2100PE,12.0,12.0,12.0,12.0,12.0,16.65,2471.2,12.0,3800,-1800,9,3801600.0,9,F1,200,,,,,
2026-02-18,2026-02-18,FO,NSE,STO,162785,,TIINDIA,,2026-02-24,2026-02-24,2920.0,PE,TIINDIA26FEB2920PE,0.0,0.0,0.0,381.05,0.0,381.05,2471.2,446.15,0,0,0,0.0,0,F1,200,,,,,
2026-02-18,2026-02-18,FO,NSE,STO,162755,,TIINDIA,,2026-02-24,2026-02-24,2540.0,PE,TIINDIA26FEB2540PE,118.7,130.75,82.45,86.95,82.45,125.85,2471.2,86.95,7400,-4000,79,41920840.0,79,F1,200,,,,,
2026-02-18,2026-02-18,FO,NSE,STO,162743,,TIINDIA,,2026-02-24,2026-02-24,2380.0,PE,TIINDIA26FEB2380PE,19.35,27.75,11.0,12.65,11.0,19.35,2471.2,12.65,26400,2600,103,49430570.0,97,F1,200,,,,,
2026-02-18,2026-02-18,FO,NSE,STO,162705,,TIINDIA,,2026-02-24,2026-02-24,1920.0,PE,TIINDIA26FEB1920PE,0.5,0.55,0.5,0.55,0.55,2.0,2471.2,0.05,9800,-600,33,12675310.0,3,F1,200,,,,,
2026-02-18,2026-02-18,FO,NSE,STO,170234,,TIINDIA,,2026-03-30,2026-03-30,2500.0,CE,TIINDIA26MAR2500CE,102.9,102.9,78.0,95.0,95.0,90.0,2471.2,95.0,4200,800,16,8277090.0,16,F1,200,,,,,
2026-02-18,2026-02-18,FO,NSE,STO,162874,,TIINDIA,,2026-03-30,2026-03-30,2360.0,CE,TIINDIA26MAR2360CE,0.0,0.0,0.0,335.5,0.0,335.5,2471.2,187.7,0,0,0,0.0,0,F1,200,,,,,
2026-02-18,2026-02-18,FO,NSE,STO,170220,,TIINDIA,,2026-03-30,2026-03-30,2220.0,CE,TIINDIA26MAR2220CE,0.0,0.0,0.0,137.45,0.0,137.45,2471.2,289.9,0,0,0,0.0,0,F1,200,,,,,
2026-02-18,2026-02-18,FO,NSE,STO,162794,,TIINDIA,,2026-02-24,2026-02-24,3040.0,CE,TIINDIA26FEB3040CE,0.0,0.0,0.0,1.95,1.95,1.95,2471.2,0.05,2800,0,0,0.0,0,F1,200,,,,,
2026-02-18,2026-02-18,FO,NSE,STO,162784,,TIINDIA,,2026-02-24,2026-02-24,2920.0,CE,TIINDIA26FEB2920CE,0.0,0.0,0.0,1.9,1.9,1.9,2471.2,0.05,1800,0,0,0.0,0,F1,200,,,,,
2026-02-18,2026-02-18,FO,NSE,STO,143330,,TIINDIA,,2026-02-24,2026-02-24,2800.0,CE,TIINDIA26FEB2800CE,1.9,2.0,1.3,1.65,1.55,2.25,2471.2,1.65,77600,5600,200,112065840.0,151,F1,200,,,,,
2026-02-18,2026-02-18,FO,NSE,STO,162744,,TIINDIA,,2026-02-24,2026-02-24,2420.0,CE,TIINDIA26FEB2420CE,47.1,79.85,41.3,73.75,79.85,72.4,2471.2,73.75,14600,-1600,81,40080000.0,81,F1,200,,,,,
2026-02-18,2026-02-18,FO,NSE,STO,143192,,TIINDIA,,2026-02-24,2026-02-24,2200.0,CE,TIINDIA26FEB2200CE,0.0,0.0,0.0,301.15,301.15,301.15,2471.2,273.4,49800,0,0,0.0,0,F1,200,,,,,
2026-02-18,2026-02-18,FO,NSE,STO,162720,,TIINDIA,,2026-02-24,2026-02-24,2120.0,CE,TIINDIA26FEB2120CE,0.0,0.0,0.0,332.5,332.5,332.5,2471.2,353.15,3800,0,0,0.0,0,F1,200,,,,,
2026-02-18,2026-02-18,FO,NSE,STO,162763,,TIINDIA,,2026-02-24,2026-02-24,2640.0,PE,TIINDIA26FEB2640PE,215.1,224.25,199.15,199.15,199.15,212.35,2471.2,170.6,11800,-400,8,4564010.0,8,F1,200,,,,,
2026-02-18,2026-02-18,FO,NSE,STO,162771,,TIINDIA,,2026-02-24,2026-02-24,2740.0,PE,TIINDIA26FEB2740PE,0.0,0.0,0.0,248.95,0.0,248.95,2471.2,266.9,0,0,0,0.0,0,F1,200,,,,,
2026-02-18,2026-02-18,FO,NSE,STO,162795,,TIINDIA,,2026-02-24,2026-02-24,3040.0,PE,TIINDIA26FEB3040PE,0.0,0.0,0.0,562.0,562.0,562.0,2471.2,566.05,0,0,0,0.0,0,F1,200,,,,,
2026-02-18,2026-02-18,FO,NSE,STO,170217,,TIINDIA,,2026-03-30,2026-03-30,2140.0,PE,TIINDIA26MAR2140PE,18.6,18.6,18.35,18.35,18.35,23.05,2471.2,13.5,2600,-1000,5,2158500.0,3,F1,200,,,,,
2026-02-18,2026-02-18,FO,NSE,STO,162871,,TIINDIA,,2026-03-30,2026-03-30,2280.0,PE,TIINDIA26MAR2280PE,0.0,0.0,0.0,37.4,37.4,37.4,2471.2,38.35,3600,0,0,0.0,0,F1,200,,,,,
2026-02-18,2026-02-18,FO,NSE,STO,170245,,TIINDIA,,2026-03-30,2026-03-30,2700.0,PE,TIINDIA26MAR2700PE,0.0,0.0,0.0,502.95,0.0,502.95,2471.2,256.8,0,0,0,0.0,0,F1,200,,,,,
2026-02-18,2026-02-18,FO,NSE,STO,37965,,TIINDIA,,2026-03-30,2026-03-30,2940.0,PE,TIINDIA26MAR2940PE,0.0,0.0,0.0,641.0,0.0,641.0,2471.2,462.6,0,0,0,0.0,0,F1,200,,,,,
2026-02-18,2026-02-18,FO,NSE,STO,162907,,TIINDIA,,2026-03-30,2026-03-30,3000.0,PE,TIINDIA26MAR3000PE,0.0,0.0,0.0,465.4,0.0,465.4,2471.2,518.65,0,0,0,0.0,0,F1,200,,,,,
2026-02-18,2026-02-18,FO,NSE,STO,143285,,TIINDIA,,2026-02-24,2026-02-24,2300.0,PE,TIINDIA26FEB2300PE,8.35,11.0,4.5,4.7,4.5,8.5,2471.2,4.7,87000,-1400,262,120942970.0,220,F1,200,,,,,
2026-02-18,2026-02-18,FO,NSE,STO,162721,,TIINDIA,,2026-02-24,2026-02-24,2120.0,PE,TIINDIA26FEB2120PE,0.0,0.0,0.0,3.0,3.0,3.0,2471.2,0.05,5800,0,0,0.0,0,F1,200,,,,,
2026-02-18,2026-02-18,FO,NSE,STO,162715,,TIINDIA,,2026-02-24,2026-02-24,2040.0,PE,TIINDIA26FEB2040PE,0.0,0.0,0.0,9.65,0.0,9.65,2471.2,0.05,0,0,0,0.0,0,F1,200,,,,,
2026-02-18,2026-02-18,FO,NSE,STO,162709,,TIINDIA,,2026-02-24,2026-02-24,1960.0,PE,TIINDIA26FEB1960PE,0.0,0.0,0.0,2.2,2.2,2.2,2471.2,0.05,0,0,0,0.0,0,F1,200,,,,,
2026-02-18,2026-02-18,FO,NSE,STO,170344,,TIINDIA,,2026-04-28,2026-04-28,2920.0,CE,TIINDIA26APR2920CE,0.0,0.0,0.0,18.3,0.0,18.3,2471.2,34.65,0,0,0,0.0,0,F1,200,,,,,
2026-02-18,2026-02-18,FO,NSE,STO,170338,,TIINDIA,,2026-04-28,2026-04-28,2800.0,CE,TIINDIA26APR2800CE,0.0,0.0,0.0,28.2,0.0,28.2,2471.2,55.2,0,0,0,0.0,0,F1,200,,,,,
2026-02-18,2026-02-18,FO,NSE,STO,170328,,TIINDIA,,2026-04-28,2026-04-28,2600.0,CE,TIINDIA26APR2600CE,0.0,0.0,0.0,55.65,0.0,55.65,2471.2,111.35,0,0,0,0.0,0,F1,200,,,,,
2026-02-18,2026-02-18,FO,NSE,STO,170304,,TIINDIA,,2026-04-28,2026-04-28,2120.0,CE,TIINDIA26APR2120CE,0.0,0.0,0.0,222.45,0.0,222.45,2471.2,400.15,0,0,0,0.0,0,F1,200,,,,,
2026-02-18,2026-02-18,FO,NSE,STO,170302,,TIINDIA,,2026-04-28,2026-04-28,2080.0,CE,TIINDIA26APR2080CE,0.0,0.0,0.0,245.2,0.0,245.2,2471.2,433.75,0,0,0,0.0,0,F1,200,,,,,
2026-02-18,2026-02-18,FO,NSE,STO,170244,,TIINDIA,,2026-03-30,2026-03-30,2700.0,CE,TIINDIA26MAR2700CE,0.0,0.0,0.0,45.0,45.0,45.0,2471.2,44.25,3000,0,0,0.0,0,F1,200,,,,,
2026-02-18,2026-02-18,FO,NSE,STO,170294,,TIINDIA,,2026-04-28,2026-04-28,1920.0,CE,TIINDIA26APR1920CE,0.0,0.0,0.0,351.0,0.0,351.0,2471.2,577.55,0,0,0,0.0,0,F1,200,,,,,
2026-02-18,2026-02-18,FO,NSE,STO,162723,,TIINDIA,,2026-02-24,2026-02-24,2140.0,PE,TIINDIA26FEB2140PE,0.0,0.0,0.0,37.4,37.65,37.4,2471.2,0.05,800,0,0,0.0,0,F1,200,,,,,
2026-02-18,2026-02-18,FO,NSE,STO,143323,,TIINDIA,,2026-02-24,2026-02-24,2400.0,PE,TIINDIA26FEB2400PE,28.0,35.55,14.25,16.05,14.25,24.75,2471.2,16.05,80200,-3600,493,239237410.0,387,F1,200,,,,,
2026-02-18,2026-02-18,FO,NSE,STO,143335,,TIINDIA,,2026-02-24,2026-02-24,3000.0,PE,TIINDIA26FEB3000PE,0.0,0.0,0.0,276.75,0.0,276.75,2471.2,526.1,0,0,0,0.0,0,F1,200,,,,,
2026-02-18,2026-02-18,FO,NSE,STO,162895,,TIINDIA,,2026-03-30,2026-03-30,2760.0,PE,TIINDIA26MAR2760PE,0.0,0.0,0.0,293.3,0.0,293.3,2471.2,304.55,0,0,0,0.0,0,F1,200,,,,,
2026-02-18,2026-02-18,FO,NSE,STO,162905,,TIINDIA,,2026-03-30,2026-03-30,2960.0,PE,TIINDIA26MAR2960PE,0.0,0.0,0.0,434.5,0.0,434.5,2471.2,481.15,0,0,0,0.0,0,F1,200,,,,,
2026-02-18,2026-02-18,FO,NSE,STO,170307,,TIINDIA,,2026-04-28,2026-04-28,2160.0,PE,TIINDIA26APR2160PE,0.0,0.0,0.0,138.85,0.0,138.85,2471.2,34.2,0,0,0,0.0,0,F1,200,,,,,
2026-02-18,2026-02-18,FO,NSE,STO,170327,,TIINDIA,,2026-04-28,2026-04-28,2560.0,PE,TIINDIA26APR2560PE,0.0,0.0,0.0,394.95,0.0,394.95,2471.2,189.0,0,0,0,0.0,0,F1,200,,,,,
2026-02-18,2026-02-18,FO,NSE,STO,162896,,TIINDIA,,2026-03-30,2026-03-30,2800.0,CE,TIINDIA26MAR2800CE,20.15,20.15,19.35,19.4,19.4,28.0,2471.2,26.0,1600,600,4,2255810.0,3,F1,200,,,,,
2026-02-18,2026-02-18,FO,NSE,STF,67027,,TIINDIA,,2026-04-28,2026-04-28,,,TIINDIA26APRFUT,2477.6,2505.0,2463.6,2502.2,2502.9,2484.0,2471.2,2502.2,20200,1400,11,5455700.0,11,F1,200,,,,,
2026-02-18,2026-02-18,FO,NSE,STO,162708,,TIINDIA,,2026-02-24,2026-02-24,1960.0,CE,TIINDIA26FEB1960CE,0.0,0.0,0.0,490.65,490.65,490.65,2471.2,512.95,2200,0,0,0.0,0,F1,200,,,,,
2026-02-18,2026-02-18,FO,NSE,STO,162786,,TIINDIA,,2026-02-24,2026-02-24,2940.0,CE,TIINDIA26FEB2940CE,0.0,0.0,0.0,49.6,0.0,49.6,2471.2,0.05,0,0,0,0.0,0,F1,200,,,,,
2026-02-18,2026-02-18,FO,NSE,STO,170212,,TIINDIA,,2026-03-30,2026-03-30,2060.0,CE,TIINDIA26MAR2060CE,0.0,0.0,0.0,224.55,0.0,224.55,2471.2,430.1,0,0,0,0.0,0,F1,200,,,,,
2026-02-18,2026-02-18,FO,NSE,STO,170216,,TIINDIA,,2026-03-30,2026-03-30,2140.0,CE,TIINDIA26MAR2140CE,0.0,0.0,0.0,177.4,0.0,177.4,2471.2,357.55,0,0,0,0.0,0,F1,200,,,,,
2026-02-18,2026-02-18,FO,NSE,STO,162876,,TIINDIA,,2026-03-30,2026-03-30,2400.0,CE,TIINDIA26MAR2400CE,136.7,136.7,136.7,136.7,136.7,161.7,2471.2,163.05,1000,200,2,1014680.0,2,F1,200,,,,,
2026-02-18,2026-02-18,FO,NSE,STO,162888,,TIINDIA,,2026-03-30,2026-03-30,2640.0,CE,TIINDIA26MAR2640CE,52.3,52.3,52.3,52.3,52.3,49.85,2471.2,59.45,1200,200,1,538460.0,1,F1,200,,,,,
2026-02-18,2026-02-18,FO,NSE,STO,170242,,TIINDIA,,2026-03-30,2026-03-30,2660.0,CE,TIINDIA26MAR2660CE,0.0,0.0,0.0,65.0,65.0,65.0,2471.2,54.0,200,0,0,0.0,0,F1,200,,,,,
2026-02-18,2026-02-18,FO,NSE,STO,170250,,TIINDIA,,2026-03-30,2026-03-30,2820.0,CE,TIINDIA26MAR2820CE,0.0,0.0,0.0,19.65,19.65,19.65,2471.2,23.3,800,0,0,0.0,0,F1,200,,,,,
2026-02-18,2026-02-18,FO,NSE,STO,143329,,TIINDIA,,2026-02-24,2026-02-24,2700.0,PE,TIINDIA26FEB2700PE,274.65,274.65,257.25,257.25,257.25,255.75,2471.2,227.65,4800,-200,2,1186380.0,2,F1,200,,,,,
2026-02-18,2026-02-18,FO,NSE,STO,162851,,TIINDIA,,2026-03-30,2026-03-30,1880.0,PE,TIINDIA26MAR1880PE,0.0,0.0,0.0,8.85,0.0,8.85,2471.2,0.8,0,0,0,0.0,0,F1,200,,,,,
2026-02-18,2026-02-18,FO,NSE,STO,162863,,TIINDIA,,2026-03-30,2026-03-30,2120.0,PE,TIINDIA26MAR2120PE,0.0,0.0,0.0,16.65,16.65,16.65,2471.2,11.35,800,0,0,0.0,0,F1,200,,,,,
2026-02-18,2026-02-18,FO,NSE,STO,170221,,TIINDIA,,2026-03-30,2026-03-30,2220.0,PE,TIINDIA26MAR2220PE,0.0,0.0,0.0,22.0,22.0,22.0,2471.2,25.35,400,0,0,0.0,0,F1,200,,,,,
2026-02-18,2026-02-18,FO,NSE,STO,162899,,TIINDIA,,2026-03-30,2026-03-30,2840.0,PE,TIINDIA26MAR2840PE,0.0,0.0,0.0,346.85,0.0,346.85,2471.2,372.5,0,0,0,0.0,0,F1,200,,,,,
2026-02-18,2026-02-18,FO,NSE,STO,162901,,TIINDIA,,2026-03-30,2026-03-30,2880.0,PE,TIINDIA26MAR2880PE,0.0,0.0,0.0,375.1,0.0,375.1,2471.2,407.95,0,0,0,0.0,0,F1,200,,,,,
2026-02-18,2026-02-18,FO,NSE,STO,170255,,TIINDIA,,2026-03-30,2026-03-30,2900.0,PE,TIINDIA26MAR2900PE,0.0,0.0,0.0,688.25,0.0,688.25,2471.2,426.0,0,0,0,0.0,0,F1,200,,,,,
2026-02-18,2026-02-18,FO,NSE,STO,170301,,TIINDIA,,2026-04-28,2026-04-28,2040.0,PE,TIINDIA26APR2040PE,0.0,0.0,0.0,88.85,0.0,88.85,2471.2,16.1,0,0,0,0.0,0,F1,200,,,,,
2026-02-18,2026-02-18,FO,NSE,STO,170323,,TIINDIA,,2026-04-28,2026-04-28,2480.0,PE,TIINDIA26APR2480PE,0.0,0.0,0.0,334.15,0.0,334.15,2471.2,145.15,0,0,0,0.0,0,F1,200,,,,,
2026-02-18,2026-02-18,FO,NSE,STO,170329,,TIINDIA,,2026-04-28,2026-04-28,2600.0,PE,TIINDIA26APR2600PE,0.0,0.0,0.0,426.55,0.0,426.55,2471.2,213.3,0,0,0,0.0,0,F1,200,,,,,
2026-02-18,2026-02-18,FO,NSE,STO,170335,,TIINDIA,,2026-04-28,2026-04-28,2720.0,PE,TIINDIA26APR2720PE,0.0,0.0,0.0,526.3,0.0,526.3,2471.2,294.55,0,0,0,0.0,0,F1,200,,,,,
2026-02-18,2026-02-18,FO,NSE,STO,170339,,TIINDIA,,2026-04-28,2026-04-28,2800.0,PE,TIINDIA26APR2800PE,0.0,0.0,0.0,596.05,0.0,596.05,2471.2,355.0,0,0,0,0.0,0,F1,200,,,,,
2026-02-18,2026-02-18,FO,NSE,STO,37971,,TIINDIA,,2026-04-28,2026-04-28,3000.0,PE,TIINDIA26APR3000PE,0.0,0.0,0.0,696.05,0.0,696.05,2471.2,522.75,0,0,0,0.0,0,F1,200,,,,,
2026-02-18,2026-02-18,FO,NSE,STO,162704,,TIINDIA,,2026-02-24,2026-02-24,1920.0,CE,TIINDIA26FEB1920CE,540.1,540.1,540.1,540.1,540.1,521.3,2471.2,552.95,1800,-600,3,1476060.0,2,F1,200,,,,,
2026-02-18,2026-02-18,FO,NSE,STO,143182,,TIINDIA,,2026-02-24,2026-02-24,2000.0,CE,TIINDIA26FEB2000CE,0.0,0.0,0.0,502.2,502.2,502.2,2471.2,473.0,800,0,0,0.0,0,F1,200,,,,,
2026-02-18,2026-02-18,FO,NSE,STO,162742,,TIINDIA,,2026-02-24,2026-02-24,2380.0,CE,TIINDIA26FEB2380CE,97.6,107.35,90.2,105.15,105.3,103.5,2471.2,105.15,10000,-2000,17,8443520.0,11,F1,200,,,,,
2026-02-18,2026-02-18,FO,NSE,STO,162782,,TIINDIA,,2026-02-24,2026-02-24,2880.0,CE,TIINDIA26FEB2880CE,0.0,0.0,0.0,1.8,1.8,1.8,2471.2,0.05,10600,0,0,0.0,0,F1,200,,,,,
2026-02-18,2026-02-18,FO,NSE,STO,162854,,TIINDIA,,2026-03-30,2026-03-30,1960.0,CE,TIINDIA26MAR1960CE,0.0,0.0,0.0,649.15,0.0,649.15,2471.2,525.2,0,0,0,0.0,0,F1,200,,,,,
2026-02-18,2026-02-18,FO,NSE,STO,162856,,TIINDIA,,2026-03-30,2026-03-30,2000.0,CE,TIINDIA26MAR2000CE,0.0,0.0,0.0,613.6,0.0,613.6,2471.2,486.7,0,0,0,0.0,0,F1,200,,,,,
2026-02-18,2026-02-18,FO,NSE,STO,170218,,TIINDIA,,2026-03-30,2026-03-30,2180.0,CE,TIINDIA26MAR2180CE,0.0,0.0,0.0,156.55,0.0,156.55,2471.2,323.0,0,0,0,0.0,0,F1,200,,,,,
2026-02-18,2026-02-18,FO,NSE,STO,170238,,TIINDIA,,2026-03-30,2026-03-30,2580.0,CE,TIINDIA26MAR2580CE,0.0,0.0,0.0,34.9,0.0,34.9,2471.2,78.55,0,0,0,0.0,0,F1,200,,,,,
2026-02-18,2026-02-18,FO,NSE,STO,170240,,TIINDIA,,2026-03-30,2026-03-30,2620.0,CE,TIINDIA26MAR2620CE,0.0,0.0,0.0,40.2,40.2,40.2,2471.2,65.35,1200,0,0,0.0,0,F1,200,,,,,
2026-02-18,2026-02-18,FO,NSE,STO,162892,,TIINDIA,,2026-03-30,2026-03-30,2720.0,CE,TIINDIA26MAR2720CE,0.0,0.0,0.0,63.6,63.6,63.6,2471.2,39.95,1600,0,0,0.0,0,F1,200,,,,,
2026-02-18,2026-02-18,FO,NSE,STO,170298,,TIINDIA,,2026-04-28,2026-04-28,2000.0,CE,TIINDIA26APR2000CE,0.0,0.0,0.0,295.1,0.0,295.1,2471.2,504.0,0,0,0,0.0,0,F1,200,,,,,
2026-02-18,2026-02-18,FO,NSE,STO,162719,,TIINDIA,,2026-02-24,2026-02-24,2080.0,PE,TIINDIA26FEB2080PE,0.0,0.0,0.0,7.8,7.8,7.8,2471.2,0.05,4800,0,0,0.0,0,F1,200,,,,,
2026-02-18,2026-02-18,FO,NSE,STO,162752,,TIINDIA,,2026-02-24,2026-02-24,2520.0,CE,TIINDIA26FEB2520CE,21.15,25.0,11.5,22.15,25.0,24.25,2471.2,22.15,35800,-6600,276,140000110.0,261,F1,200,,,,,
2026-02-18,2026-02-18,FO,NSE,STO,162776,,TIINDIA,,2026-02-24,2026-02-24,2820.0,CE,TIINDIA26FEB2820CE,0.0,0.0,0.0,2.05,2.05,2.05,2471.2,0.1,3600,0,0,0.0,0,F1,200,,,,,
2026-02-18,2026-02-18,FO,NSE,STO,162850,,TIINDIA,,2026-03-30,2026-03-30,1880.0,CE,TIINDIA26MAR1880CE,0.0,0.0,0.0,722.1,0.0,722.1,2471.2,603.3,0,0,0,0.0,0,F1,200,,,,,
2026-02-18,2026-02-18,FO,NSE,STO,162860,,TIINDIA,,2026-03-30,2026-03-30,2080.0,CE,TIINDIA26MAR2080CE,0.0,0.0,0.0,544.9,0.0,544.9,2471.2,411.6,0,0,0,0.0,0,F1,200,,,,,
2026-02-18,2026-02-18,FO,NSE,STO,162862,,TIINDIA,,2026-03-30,2026-03-30,2120.0,CE,TIINDIA26MAR2120CE,0.0,0.0,0.0,511.8,0.0,511.8,2471.2,375.3,0,0,0,0.0,0,F1,200,,,,,
2026-02-18,2026-02-18,FO,NSE,STO,170224,,TIINDIA,,2026-03-30,2026-03-30,2300.0,CE,TIINDIA26MAR2300CE,0.0,0.0,0.0,196.0,196.0,196.0,2471.2,228.65,400,0,0,0.0,0,F1,200,,,,,
2026-02-18,2026-02-18,FO,NSE,STO,162884,,TIINDIA,,2026-03-30,2026-03-30,2560.0,CE,TIINDIA26MAR2560CE,0.0,0.0,0.0,222.15,0.0,222.15,2471.2,85.85,0,0,0,0.0,0,F1,200,,,,,
2026-02-18,2026-02-18,FO,NSE,STO,162894,,TIINDIA,,2026-03-30,2026-03-30,2760.0,CE,TIINDIA26MAR2760CE,0.0,0.0,0.0,13.9,13.9,13.9,2471.2,32.35,400,0,0,0.0,0,F1,200,,,,,
2026-02-18,2026-02-18,FO,NSE,STO,170314,,TIINDIA,,2026-04-28,2026-04-28,2320.0,CE,TIINDIA26APR2320CE,0.0,0.0,0.0,130.85,0.0,130.85,2471.2,252.15,0,0,0,0.0,0,F1,200,,,,,
2026-02-18,2026-02-18,FO,NSE,STO,170320,,TIINDIA,,2026-04-28,2026-04-28,2440.0,CE,TIINDIA26APR2440CE,0.0,0.0,0.0,92.05,0.0,92.05,2471.2,182.05,0,0,0,0.0,0,F1,200,,,,,
2026-02-18,2026-02-18,FO,NSE,STO,170324,,TIINDIA,,2026-04-28,2026-04-28,2520.0,CE,TIINDIA26APR2520CE,0.0,0.0,0.0,72.0,0.0,72.0,2471.2,143.55,0,0,0,0.0,0,F1,200,,,,,
2026-02-18,2026-02-18,FO,NSE,STO,170326,,TIINDIA,,2026-04-28,2026-04-28,2560.0,CE,TIINDIA26APR2560CE,0.0,0.0,0.0,63.45,0.0,63.45,2471.2,126.7,0,0,0,0.0,0,F1,200,,,,,
2026-02-18,2026-02-18,FO,NSE,STO,162711,,TIINDIA,,2026-02-24,2026-02-24,1980.0,PE,TIINDIA26FEB1980PE,0.0,0.0,0.0,6.05,0.0,6.05,2471.2,0.05,0,0,0,0.0,0,F1,200,,,,,
2026-02-18,2026-02-18,FO,NSE,STO,162717,,TIINDIA,,2026-02-24,2026-02-24,2060.0,PE,TIINDIA26FEB2060PE,0.75,0.75,0.75,0.75,0.75,7.45,2471.2,0.05,800,0,2,824300.0,1,F1,200,,,,,
2026-02-18,2026-02-18,FO,NSE,STO,162745,,TIINDIA,,2026-02-24,2026-02-24,2420.0,PE,TIINDIA26FEB2420PE,32.6,46.0,18.3,21.15,18.35,30.1,2471.2,21.15,13400,400,171,83865430.0,160,F1,200,,,,,
2026-02-18,2026-02-18,FO,NSE,STO,162751,,TIINDIA,,2026-02-24,2026-02-24,2480.0,PE,TIINDIA26FEB2480PE,60.0,81.2,40.45,43.55,41.0,57.45,2471.2,43.55,14200,-1800,81,41185220.0,79,F1,200,,,,,
2026-02-18,2026-02-18,FO,NSE,STO,162775,,TIINDIA,,2026-02-24,2026-02-24,2780.0,PE,TIINDIA26FEB2780PE,0.0,0.0,0.0,280.0,280.0,280.0,2471.2,306.5,800,0,0,0.0,0,F1,200,,,,,
2026-02-18,2026-02-18,FO,NSE,STO,162783,,TIINDIA,,2026-02-24,2026-02-24,2880.0,PE,TIINDIA26FEB2880PE,0.0,0.0,0.0,349.8,0.0,349.8,2471.2,406.2,0,0,0,0.0,0,F1,200,,,,,
2026-02-18,2026-02-18,FO,NSE,STO,162789,,TIINDIA,,2026-02-24,2026-02-24,2960.0,PE,TIINDIA26FEB2960PE,513.6,513.6,513.6,513.6,513.6,484.5,2471.2,486.15,1200,600,3,2084160.0,1,F1,200,,,,,
2026-02-18,2026-02-18,FO,NSE,STO,162855,,TIINDIA,,2026-03-30,2026-03-30,1960.0,PE,TIINDIA26MAR1960PE,0.0,0.0,0.0,14.7,0.0,14.7,2471.2,2.25,0,0,0,0.0,0,F1,200,,,,,
2026-02-18,2026-02-18,FO,NSE,STO,162875,,TIINDIA,,2026-03-30,2026-03-30,2360.0,PE,TIINDIA26MAR2360PE,66.85,66.85,65.3,65.75,65.75,54.3,2471.2,62.35,1000,1000,7,3396280.0,6,F1,200,,,,,
2026-02-18,2026-02-18,FO,NSE,STO,162879,,TIINDIA,,2026-03-30,2026-03-30,2440.0,PE,TIINDIA26MAR2440PE,0.0,0.0,0.0,173.15,173.15,173.15,2471.2,94.65,400,0,0,0.0,0,F1,200,,,,,
2026-02-18,2026-02-18,FO,NSE,STO,170241,,TIINDIA,,2026-03-30,2026-03-30,2620.0,PE,TIINDIA26MAR2620PE,0.0,0.0,0.0,432.65,0.0,432.65,2471.2,198.45,0,0,0,0.0,0,F1,200,,,,,
2026-02-18,2026-02-18,FO,NSE,STO,162889,,TIINDIA,,2026-03-30,2026-03-30,2640.0,PE,TIINDIA26MAR2640PE,0.0,0.0,0.0,180.6,180.6,180.6,2471.2,212.4,1200,0,0,0.0,0,F1,200,,,,,
2026-02-18,2026-02-18,FO,NSE,STO,162893,,TIINDIA,,2026-03-30,2026-03-30,2720.0,PE,TIINDIA26MAR2720PE,0.0,0.0,0.0,268.1,0.0,268.1,2471.2,272.4,0,0,0,0.0,0,F1,200,,,,,
2026-02-18,2026-02-18,FO,NSE,STO,170249,,TIINDIA,,2026-03-30,2026-03-30,2780.0,PE,TIINDIA26MAR2780PE,0.0,0.0,0.0,575.75,0.0,575.75,2471.2,321.15,0,0,0,0.0,0,F1,200,,,,,
2026-02-18,2026-02-18,FO,NSE,STO,162903,,TIINDIA,,2026-03-30,2026-03-30,2920.0,PE,TIINDIA26MAR2920PE,0.0,0.0,0.0,404.4,0.0,404.4,2471.2,444.25,0,0,0,0.0,0,F1,200,,,,,
2026-02-18,2026-02-18,FO,NSE,STO,162736,,TIINDIA,,2026-02-24,2026-02-24,2320.0,CE,TIINDIA26FEB2320CE,0.0,0.0,0.0,134.9,134.9,134.9,2471.2,157.45,26000,0,0,0.0,0,F1,200,,,,,
2026-02-18,2026-02-18,FO,NSE,STO,162787,,TIINDIA,,2026-02-24,2026-02-24,2940.0,PE,TIINDIA26FEB2940PE,0.0,0.0,0.0,464.5,464.5,464.5,2471.2,466.15,600,0,0,0.0,0,F1,200,,,,,
2026-02-18,2026-02-18,FO,NSE,STO,162757,,TIINDIA,,2026-02-24,2026-02-24,2560.0,PE,TIINDIA26FEB2560PE,125.0,125.0,125.0,125.0,125.0,140.9,2471.2,101.8,12400,0,1,537000.0,1,F1,200,,,,,
2026-02-18,2026-02-18,FO,NSE,STO,162741,,TIINDIA,,2026-02-24,2026-02-24,2360.0,PE,TIINDIA26FEB2360PE,16.15,21.5,8.35,9.45,8.5,16.15,2471.2,9.45,22800,3600,108,51326800.0,93,F1,200,,,,,
2026-02-18,2026-02-18,FO,NSE,STO,162737,,TIINDIA,,2026-02-24,2026-02-24,2320.0,PE,TIINDIA26FEB2320PE,9.6,9.6,5.6,6.1,5.6,10.6,2471.2,6.1,15600,-4800,46,21408120.0,46,F1,200,,,,,
2026-02-18,2026-02-18,FO,NSE,STO,143193,,TIINDIA,,2026-02-24,2026-02-24,2200.0,PE,TIINDIA26FEB2200PE,3.8,4.0,2.15,2.2,2.2,4.15,2471.2,2.2,51600,-3400,69,30398990.0,58,F1,200,,,,,
2026-02-18,2026-02-18,FO,NSE,STO,162727,,TIINDIA,,2026-02-24,2026-02-24,2180.0,PE,TIINDIA26FEB2180PE,0.0,0.0,0.0,5.95,5.95,5.95,2471.2,0.1,200,0,0,0.0,0,F1,200,,,,,
2026-02-18,2026-02-18,FO,NSE,STO,162713,,TIINDIA,,2026-02-24,2026-02-24,2020.0,PE,TIINDIA26FEB2020PE,0.0,0.0,0.0,4.5,4.5,4.5,2471.2,0.05,200,0,0,0.0,0,F1,200,,,,,
2026-02-18,2026-02-18,FO,NSE,STO,170342,,TIINDIA,,2026-04-28,2026-04-28,2880.0,CE,TIINDIA26APR2880CE,0.0,0.0,0.0,21.2,0.0,21.2,2471.2,40.6,0,0,0,0.0,0,F1,200,,,,,
2026-02-18,2026-02-18,FO,NSE,STO,170336,,TIINDIA,,2026-04-28,2026-04-28,2760.0,CE,TIINDIA26APR2760CE,0.0,0.0,0.0,32.45,0.0,32.45,2471.2,64.0,0,0,0,0.0,0,F1,200,,,,,
2026-02-18,2026-02-18,FO,NSE,STO,170318,,TIINDIA,,2026-04-28,2026-04-28,2400.0,CE,TIINDIA26APR2400CE,0.0,0.0,0.0,103.8,0.0,103.8,2471.2,203.75,0,0,0,0.0,0,F1,200,,,,,
2026-02-18,2026-02-18,FO,NSE,STO,170306,,TIINDIA,,2026-04-28,2026-04-28,2160.0,CE,TIINDIA26APR2160CE,0.0,0.0,0.0,201.25,0.0,201.25,2471.2,367.75,0,0,0,0.0,0,F1,200,,,,,
2026-02-18,2026-02-18,FO,NSE,STO,162900,,TIINDIA,,2026-03-30,2026-03-30,2880.0,CE,TIINDIA26MAR2880CE,0.0,0.0,0.0,22.5,22.5,22.5,2471.2,16.5,800,0,0,0.0,0,F1,200,,,,,
2026-02-18,2026-02-18,FO,NSE,STO,162866,,TIINDIA,,2026-03-30,2026-03-30,2200.0,CE,TIINDIA26MAR2200CE,0.0,0.0,0.0,448.6,0.0,448.6,2471.2,306.25,0,0,0,0.0,0,F1,200,,,,,
2026-02-18,2026-02-18,FO,NSE,STO,143334,,TIINDIA,,2026-02-24,2026-02-24,3000.0,CE,TIINDIA26FEB3000CE,0.85,0.85,0.6,0.6,0.6,1.1,2471.2,0.6,27000,-4200,31,18604320.0,25,F1,200,,,,,
2026-02-18,2026-02-18,FO,NSE,STO,162768,,TIINDIA,,2026-02-24,2026-02-24,2720.0,CE,TIINDIA26FEB2720CE,2.2,2.7,2.2,2.65,2.7,3.25,2471.2,2.65,12000,-800,30,16334210.0,29,F1,200,,,,,
2026-02-18,2026-02-18,FO,NSE,STO,162766,,TIINDIA,,2026-02-24,2026-02-24,2680.0,CE,TIINDIA26FEB2680CE,2.8,3.55,2.6,2.9,2.9,4.6,2471.2,1.95,10400,6400,75,40245300.0,45,F1,200,,,,,
2026-02-18,2026-02-18,FO,NSE,STO,162750,,TIINDIA,,2026-02-24,2026-02-24,2480.0,CE,TIINDIA26FEB2480CE,35.05,41.25,19.05,37.55,41.25,38.75,2471.2,37.55,33000,-3800,321,160878140.0,273,F1,200,,,,,
2026-02-18,2026-02-18,FO,NSE,STO,162748,,TIINDIA,,2026-02-24,2026-02-24,2460.0,CE,TIINDIA26FEB2460CE,42.2,52.4,24.7,47.4,50.0,48.5,2471.2,47.4,37400,1200,371,185106900.0,303,F1,200,,,,,
2026-02-18,2026-02-18,FO,NSE,STO,162728,,TIINDIA,,2026-02-24,2026-02-24,2220.0,CE,TIINDIA26FEB2220CE,0.0,0.0,0.0,242.9,242.9,242.9,2471.2,253.55,4400,0,0,0.0,0,F1,200,,,,,
2026-02-18,2026-02-18,FO,NSE,STO,162710,,TIINDIA,,2026-02-24,2026-02-24,1980.0,CE,TIINDIA26FEB1980CE,0.0,0.0,0.0,462.0,462.0,462.0,2471.2,493.0,1200,0,0,0.0,0,F1,200,,,,,
2026-02-18,2026-02-18,FO,NSE,STO,162877,,TIINDIA,,2026-03-30,2026-03-30,2400.0,PE,TIINDIA26MAR2400PE,0.0,0.0,0.0,64.65,64.65,64.65,2471.2,77.45,3200,0,0,0.0,0,F1,200,,,,,
2026-02-18,2026-02-18,FO,NSE,STO,170349,,TIINDIA,,2026-04-28,2026-04-28,3040.0,PE,TIINDIA26APR3040PE,0.0,0.0,0.0,815.85,0.0,815.85,2471.2,558.5,0,0,0,0.0,0,F1,200,,,,,
2026-02-18,2026-02-18,FO,NSE,STO,170315,,TIINDIA,,2026-04-28,2026-04-28,2320.0,PE,TIINDIA26APR2320PE,0.0,0.0,0.0,226.05,0.0,226.05,2471.2,77.0,0,0,0,0.0,0,F1,200,,,,,
2026-02-18,2026-02-18,FO,NSE,STO,162891,,TIINDIA,,2026-03-30,2026-03-30,2680.0,PE,TIINDIA26MAR2680PE,0.0,0.0,0.0,244.0,0.0,244.0,2471.2,241.6,0,0,0,0.0,0,F1,200,,,,,
2026-02-18,2026-02-18,FO,NSE,STO,162760,,TIINDIA,,2026-02-24,2026-02-24,2620.0,CE,TIINDIA26FEB2620CE,7.4,7.4,4.15,6.4,6.75,7.8,2471.2,6.4,57200,2600,284,149119590.0,239,F1,200,,,,,
2026-02-18,2026-02-18,FO,NSE,STO,143326,,TIINDIA,,2026-02-24,2026-02-24,2600.0,CE,TIINDIA26FEB2600CE,10.0,10.0,4.8,8.0,7.85,9.55,2471.2,8.0,121000,-9400,1122,584886440.0,752,F1,200,,,,,
2026-02-18,2026-02-18,FO,NSE,STO,162754,,TIINDIA,,2026-02-24,2026-02-24,2540.0,CE,TIINDIA26FEB2540CE,15.05,18.5,8.75,16.5,17.25,18.8,2471.2,16.5,30600,-11000,578,295031430.0,530,F1,200,,,,,
2026-02-18,2026-02-18,FO,NSE,STO,143324,,TIINDIA,,2026-02-24,2026-02-24,2500.0,CE,TIINDIA26FEB2500CE,33.0,33.05,14.75,29.4,31.75,31.15,2471.2,29.4,357400,1800,1579,796200600.0,1312,F1,200,,,,,
2026-02-18,2026-02-18,FO,NSE,STO,162722,,TIINDIA,,2026-02-24,2026-02-24,2140.0,CE,TIINDIA26FEB2140CE,309.4,309.4,309.4,309.4,309.4,348.15,2471.2,333.15,0,-600,3,1469640.0,1,F1,200,,,,,
2026-02-18,2026-02-18,FO,NSE,STO,170325,,TIINDIA,,2026-04-28,2026-04-28,2520.0,PE,TIINDIA26APR2520PE,0.0,0.0,0.0,364.1,0.0,364.1,2471.2,166.3,0,0,0,0.0,0,F1,200,,,,,
2026-02-18,2026-02-18,FO,NSE,STO,170311,,TIINDIA,,2026-04-28,2026-04-28,2240.0,PE,TIINDIA26APR2240PE,0.0,0.0,0.0,179.6,0.0,179.6,2471.2,52.65,0,0,0,0.0,0,F1,200,,,,,
2026-02-18,2026-02-18,FO,NSE,STO,162909,,TIINDIA,,2026-03-30,2026-03-30,3040.0,PE,TIINDIA26MAR3040PE,0.0,0.0,0.0,496.9,0.0,496.9,2471.2,556.6,0,0,0,0.0,0,F1,200,,,,,
2026-02-18,2026-02-18,FO,NSE,STO,170243,,TIINDIA,,2026-03-30,2026-03-30,2660.0,PE,TIINDIA26MAR2660PE,0.0,0.0,0.0,467.45,0.0,467.45,2471.2,226.8,0,0,0,0.0,0,F1,200,,,,,
2026-02-18,2026-02-18,FO,NSE,STO,170233,,TIINDIA,,2026-03-30,2026-03-30,2460.0,PE,TIINDIA26MAR2460PE,0.0,0.0,0.0,302.3,0.0,302.3,2471.2,104.1,0,0,0,0.0,0,F1,200,,,,,
2026-02-18,2026-02-18,FO,NSE,STO,170231,,TIINDIA,,2026-03-30,2026-03-30,2420.0,PE,TIINDIA26MAR2420PE,0.0,0.0,0.0,64.05,64.05,64.05,2471.2,85.8,400,0,0,0.0,0,F1,200,,,,,
2026-02-18,2026-02-18,FO,NSE,STO,162859,,TIINDIA,,2026-03-30,2026-03-30,2040.0,PE,TIINDIA26MAR2040PE,0.0,0.0,0.0,20.05,20.05,20.05,2471.2,5.35,400,0,0,0.0,0,F1,200,,,,,
2026-02-18,2026-02-18,FO,NSE,STO,162791,,TIINDIA,,2026-02-24,2026-02-24,2980.0,PE,TIINDIA26FEB2980PE,0.0,0.0,0.0,530.1,530.1,530.1,2471.2,506.1,3200,0,0,0.0,0,F1,200,,,,,
2026-02-18,2026-02-18,FO,NSE,STO,143333,,TIINDIA,,2026-02-24,2026-02-24,2900.0,PE,TIINDIA26FEB2900PE,0.0,0.0,0.0,221.8,0.0,221.8,2471.2,426.2,0,0,0,0.0,0,F1,200,,,,,
2026-02-18,2026-02-18,FO,NSE,STO,162781,,TIINDIA,,2026-02-24,2026-02-24,2860.0,PE,TIINDIA26FEB2860PE,0.0,0.0,0.0,378.5,378.5,378.5,2471.2,386.25,1000,0,0,0.0,0,F1,200,,,,,
2026-02-18,2026-02-18,FO,NSE,STO,162765,,TIINDIA,,2026-02-24,2026-02-24,2660.0,PE,TIINDIA26FEB2660PE,0.0,0.0,0.0,198.6,0.0,198.6,2471.2,189.3,0,0,0,0.0,0,F1,200,,,,,
2026-02-18,2026-02-18,FO,NSE,STO,143327,,TIINDIA,,2026-02-24,2026-02-24,2600.0,PE,TIINDIA26FEB2600PE,0.0,0.0,0.0,118.25,117.55,118.25,2471.2,134.75,18400,0,0,0.0,0,F1,200,,,,,
2026-02-18,2026-02-18,FO,NSE,STO,170316,,TIINDIA,,2026-04-28,2026-04-28,2360.0,CE,TIINDIA26APR2360CE,0.0,0.0,0.0,116.7,0.0,116.7,2471.2,227.15,0,0,0,0.0,0,F1,200,,,,,
2026-02-18,2026-02-18,FO,NSE,STO,170334,,TIINDIA,,2026-04-28,2026-04-28,2720.0,CE,TIINDIA26APR2720CE,0.0,0.0,0.0,37.25,0.0,37.25,2471.2,73.9,0,0,0,0.0,0,F1,200,,,,,
2026-02-18,2026-02-18,FO,NSE,STO,143194,,TIINDIA,,2026-02-24,2026-02-24,2300.0,CE,TIINDIA26FEB2300CE,144.65,155.9,127.2,155.9,155.9,170.8,2471.2,175.95,47000,-3400,58,28318150.0,51,F1,200,,,,,
2026-02-18,2026-02-18,FO,NSE,STO,162764,,TIINDIA,,2026-02-24,2026-02-24,2660.0,CE,TIINDIA26FEB2660CE,4.2,4.6,3.1,4.45,4.1,5.4,2471.2,4.45,21000,-1600,147,78309370.0,136,F1,200,,,,,
2026-02-18,2026-02-18,FO,NSE,STO,162772,,TIINDIA,,2026-02-24,2026-02-24,2760.0,CE,TIINDIA26FEB2760CE,1.65,2.9,1.5,2.2,2.1,4.95,2471.2,2.2,10400,9400,112,61871530.0,45,F1,200,,,,,
2026-02-18,2026-02-18,FO,NSE,STO,162790,,TIINDIA,,2026-02-24,2026-02-24,2980.0,CE,TIINDIA26FEB2980CE,0.0,0.0,0.0,42.7,0.0,42.7,2471.2,0.05,0,0,0,0.0,0,F1,200,,,,,
2026-02-18,2026-02-18,FO,NSE,STO,162864,,TIINDIA,,2026-03-30,2026-03-30,2160.0,CE,TIINDIA26MAR2160CE,0.0,0.0,0.0,479.7,0.0,479.7,2471.2,340.15,0,0,0,0.0,0,F1,200,,,,,
2026-02-18,2026-02-18,FO,NSE,STO,162882,,TIINDIA,,2026-03-30,2026-03-30,2520.0,CE,TIINDIA26MAR2520CE,0.0,0.0,0.0,47.5,47.5,47.5,2471.2,102.0,600,0,0,0.0,0,F1,200,,,,,
2026-02-18,2026-02-18,FO,NSE,STO,170248,,TIINDIA,,2026-03-30,2026-03-30,2780.0,CE,TIINDIA26MAR2780CE,30.1,30.1,19.65,20.6,20.6,19.45,2471.2,29.05,1400,1400,9,5052100.0,3,F1,200,,,,,
2026-02-18,2026-02-18,FO,NSE,STO,170252,,TIINDIA,,2026-03-30,2026-03-30,2860.0,CE,TIINDIA26MAR2860CE,0.0,0.0,0.0,16.55,16.55,16.55,2471.2,18.5,1200,0,0,0.0,0,F1,200,,,,,
2026-02-18,2026-02-18,FO,NSE,STO,170254,,TIINDIA,,2026-03-30,2026-03-30,2900.0,CE,TIINDIA26MAR2900CE,0.0,0.0,0.0,7.9,0.0,7.9,2471.2,14.65,0,0,0,0.0,0,F1,200,,,,,
2026-02-18,2026-02-18,FO,NSE,STO,162904,,TIINDIA,,2026-03-30,2026-03-30,2960.0,CE,TIINDIA26MAR2960CE,0.0,0.0,0.0,83.7,0.0,83.7,2471.2,10.15,0,0,0,0.0,0,F1,200,,,,,
2026-02-18,2026-02-18,FO,NSE,STO,37966,,TIINDIA,,2026-03-30,2026-03-30,2980.0,CE,TIINDIA26MAR2980CE,8.5,8.5,8.5,8.5,8.5,9.95,2471.2,8.95,400,400,2,1195400.0,1,F1,200,,,,,
2026-02-18,2026-02-18,FO,NSE,STO,143181,,TIINDIA,,2026-02-24,2026-02-24,1800.0,PE,TIINDIA26FEB1800PE,0.35,0.5,0.35,0.45,0.5,0.6,2471.2,0.45,9200,-4600,23,8281980.0,17,F1,200,,,,,
2026-02-18,2026-02-18,FO,NSE,STO,162733,,TIINDIA,,2026-02-24,2026-02-24,2260.0,PE,TIINDIA26FEB2260PE,5.5,7.0,3.2,3.4,3.2,7.1,2471.2,3.4,13000,-4000,84,38049820.0,83,F1,200,,,,,
2026-02-18,2026-02-18,FO,NSE,STO,162753,,TIINDIA,,2026-02-24,2026-02-24,2520.0,PE,TIINDIA26FEB2520PE,100.9,113.05,66.65,69.45,66.65,81.7,2471.2,69.45,4600,400,48,25073900.0,48,F1,200,,,,,
2026-02-18,2026-02-18,FO,NSE,STO,162759,,TIINDIA,,2026-02-24,2026-02-24,2580.0,PE,TIINDIA26FEB2580PE,0.0,0.0,0.0,152.6,151.6,152.6,2471.2,117.85,1000,0,0,0.0,0,F1,200,,,,,
2026-02-18,2026-02-18,FO,NSE,STO,170209,,TIINDIA,,2026-03-30,2026-03-30,1980.0,PE,TIINDIA26MAR1980PE,0.0,0.0,0.0,48.9,0.0,48.9,2471.2,2.8,0,0,0,0.0,0,F1,200,,,,,
2026-02-18,2026-02-18,FO,NSE,STO,162867,,TIINDIA,,2026-03-30,2026-03-30,2200.0,PE,TIINDIA26MAR2200PE,30.0,30.0,30.0,30.0,30.0,30.25,2471.2,21.85,1400,800,7,3122000.0,3,F1,200,,,,,
2026-02-18,2026-02-18,FO,NSE,STO,170225,,TIINDIA,,2026-03-30,2026-03-30,2300.0,PE,TIINDIA26MAR2300PE,43.65,43.65,43.65,43.65,43.65,46.9,2471.2,43.6,1600,-400,2,937460.0,1,F1,200,,,,,
2026-02-18,2026-02-18,FO,NSE,STO,162885,,TIINDIA,,2026-03-30,2026-03-30,2560.0,PE,TIINDIA26MAR2560PE,0.0,0.0,0.0,178.85,0.0,178.85,2471.2,159.3,0,0,0,0.0,0,F1,200,,,,,
2026-02-18,2026-02-18,FO,NSE,STO,170247,,TIINDIA,,2026-03-30,2026-03-30,2740.0,PE,TIINDIA26MAR2740PE,0.0,0.0,0.0,539.1,0.0,539.1,2471.2,288.3,0,0,0,0.0,0,F1,200,,,,,
2026-02-18,2026-02-18,FO,NSE,STO,170524,,TITAN,,2026-04-28,2026-04-28,4240.0,CE,TITAN26APR4240CE,0.0,0.0,0.0,123.25,0.0,123.25,4248.6,179.0,0,0,0,0.0,0,F1,175,,,,,
2026-02-18,2026-02-18,FO,NSE,STO,144336,,TITAN,,2026-02-24,2026-02-24,3960.0,PE,TITAN26FEB3960PE,1.85,2.3,1.15,1.2,1.15,2.95,4248.6,1.2,48300,-3675,118,81804966.25,96,F1,175,,,,,
2026-02-18,2026-02-18,FO,NSE,STO,144327,,TITAN,,2026-02-24,2026-02-24,3800.0,CE,TITAN26FEB3800CE,445.35,449.95,425.0,447.1,447.1,439.0,4248.6,447.1,20650,-525,14,10396601.25,14,F1,175,,,,,
2026-02-18,2026-02-18,FO,NSE,STO,144339,,TITAN,,2026-02-24,2026-02-24,4040.0,CE,TITAN26FEB4040CE,205.75,214.1,187.65,203.3,201.4,155.8,4248.6,203.3,29925,-875,15,11145260.0,15,F1,175,,,,,
2026-02-18,2026-02-18,FO,NSE,STO,144345,,TITAN,,2026-02-24,2026-02-24,4160.0,CE,TITAN26FEB4160CE,99.6,105.1,77.45,93.55,91.8,96.0,4248.6,93.55,112350,350,169,125820773.75,140,F1,175,,,,,
2026-02-18,2026-02-18,FO,NSE,STO,163002,,TITAN,,2026-02-24,2026-02-24,4340.0,CE,TITAN26FEB4340CE,16.9,20.0,10.4,11.4,11.0,16.7,4248.6,11.4,264600,-24500,1518,1156495733.75,1362,F1,175,,,,,
2026-02-18,2026-02-18,FO,NSE,STO,144379,,TITAN,,2026-02-24,2026-02-24,4360.0,CE,TITAN26FEB4360CE,14.55,16.25,8.5,9.0,8.75,13.85,4248.6,9.0,244300,-14525,1456,1113697270.0,1289,F1,175,,,,,
2026-02-18,2026-02-18,FO,NSE,STO,163082,,TITAN,,2026-03-30,2026-03-30,3720.0,CE,TITAN26MAR3720CE,0.0,0.0,0.0,380.1,0.0,380.1,4248.6,553.1,0,0,0,0.0,0,F1,175,,,,,
2026-02-18,2026-02-18,FO,NSE,STO,163090,,TITAN,,2026-03-30,2026-03-30,3880.0,CE,TITAN26MAR3880CE,0.0,0.0,0.0,275.05,0.0,275.05,4248.6,401.75,0,0,0,0.0,0,F1,175,,,,,
2026-02-18,2026-02-18,FO,NSE,STO,163120,,TITAN,,2026-03-30,2026-03-30,4480.0,CE,TITAN26MAR4480CE,0.0,0.0,0.0,55.3,0.0,55.3,4248.6,43.45,0,0,0,0.0,0,F1,175,,,,,
2026-02-18,2026-02-18,FO,NSE,STO,170509,,TITAN,,2026-04-28,2026-04-28,3920.0,PE,TITAN26APR3920PE,0.0,0.0,0.0,131.3,0.0,131.3,4248.6,29.75,0,0,0,0.0,0,F1,175,,,,,
2026-02-18,2026-02-18,FO,NSE,STO,170505,,TITAN,,2026-04-28,2026-04-28,3840.0,PE,TITAN26APR3840PE,0.0,0.0,0.0,101.4,0.0,101.4,4248.6,18.6,0,0,0,0.0,0,F1,175,,,,,
2026-02-18,2026-02-18,FO,NSE,STO,163127,,TITAN,,2026-03-30,2026-03-30,4600.0,PE,TITAN26MAR4600PE,0.0,0.0,0.0,595.1,0.0,595.1,4248.6,345.55,0,0,0,0.0,0,F1,175,,,,,
2026-02-18,2026-02-18,FO,NSE,STO,170516,,TITAN,,2026-04-28,2026-04-28,4080.0,CE,TITAN26APR4080CE,0.0,0.0,0.0,185.85,0.0,185.85,4248.6,277.05,0,0,0,0.0,0,F1,175,,,,,
2026-02-18,2026-02-18,FO,NSE,STO,163111,,TITAN,,2026-03-30,2026-03-30,4280.0,PE,TITAN26MAR4280PE,136.25,136.25,136.25,136.25,136.25,343.55,4248.6,118.9,175,175,1,772843.75,1,F1,175,,,,,
2026-02-18,2026-02-18,FO,NSE,STO,163105,,TITAN,,2026-03-30,2026-03-30,4160.0,PE,TITAN26MAR4160PE,0.0,0.0,0.0,264.8,0.0,264.8,4248.6,66.45,0,0,0,0.0,0,F1,175,,,,,
2026-02-18,2026-02-18,FO,NSE,STO,144374,,TITAN,,2026-02-24,2026-02-24,4240.0,PE,TITAN26FEB4240PE,44.05,54.0,33.2,34.95,36.25,46.35,4248.6,34.95,57925,12775,1462,1094837808.75,1284,F1,175,,,,,
2026-02-18,2026-02-18,FO,NSE,STO,170436,,TITAN,,2026-03-30,2026-03-30,4500.0,CE,TITAN26MAR4500CE,45.0,45.0,34.6,36.95,36.6,42.2,4248.6,36.95,30450,11725,143,113536666.25,111,F1,175,,,,,
2026-02-18,2026-02-18,FO,NSE,STO,170548,,TITAN,,2026-04-28,2026-04-28,4720.0,CE,TITAN26APR4720CE,0.0,0.0,0.0,27.95,0.0,27.95,4248.6,30.0,0,0,0,0.0,0,F1,175,,,,,
2026-02-18,2026-02-18,FO,NSE,STO,144328,,TITAN,,2026-02-24,2026-02-24,3800.0,PE,TITAN26FEB3800PE,1.2,1.25,0.35,0.6,0.45,1.55,4248.6,0.6,247800,-13475,149,99106866.25,103,F1,175,,,,,
2026-02-18,2026-02-18,FO,NSE,STO,162997,,TITAN,,2026-02-24,2026-02-24,4220.0,PE,TITAN26FEB4220PE,36.65,42.25,24.85,26.1,26.15,36.65,4248.6,26.1,63525,1225,1362,1013281412.5,1186,F1,175,,,,,
2026-02-18,2026-02-18,FO,NSE,STO,163085,,TITAN,,2026-03-30,2026-03-30,3760.0,PE,TITAN26MAR3760PE,13.5,13.5,13.5,13.5,13.5,13.5,4248.6,3.25,6825,0,1,660362.5,1,F1,175,,,,,
2026-02-18,2026-02-18,FO,NSE,STO,170415,,TITAN,,2026-03-30,2026-03-30,4060.0,PE,TITAN26MAR4060PE,0.0,0.0,0.0,58.25,58.25,58.25,4248.6,37.05,1400,0,0,0.0,0,F1,175,,,,,
2026-02-18,2026-02-18,FO,NSE,STO,163121,,TITAN,,2026-03-30,2026-03-30,4480.0,PE,TITAN26MAR4480PE,0.0,0.0,0.0,494.9,0.0,494.9,4248.6,247.95,0,0,0,0.0,0,F1,175,,,,,
2026-02-18,2026-02-18,FO,NSE,STO,163125,,TITAN,,2026-03-30,2026-03-30,4560.0,PE,TITAN26MAR4560PE,0.0,0.0,0.0,561.05,0.0,561.05,4248.6,311.7,0,0,0,0.0,0,F1,175,,,,,
2026-02-18,2026-02-18,FO,NSE,STO,37111,,TITAN,,2026-03-30,2026-03-30,4760.0,PE,TITAN26MAR4760PE,0.0,0.0,0.0,500.0,500.0,500.0,4248.6,490.4,175,0,0,0.0,0,F1,175,,,,,
2026-02-18,2026-02-18,FO,NSE,STO,144349,,TITAN,,2026-02-24,2026-02-24,4240.0,CE,TITAN26FEB4240CE,52.0,53.65,32.0,39.35,36.35,45.9,4248.6,39.35,152075,-37975,3752,2811566843.75,3169,F1,175,,,,,
2026-02-18,2026-02-18,FO,NSE,STO,162998,,TITAN,,2026-02-24,2026-02-24,4260.0,CE,TITAN26FEB4260CE,37.3,45.2,25.2,30.8,29.5,37.25,4248.6,30.8,310625,-41825,4126,3100266041.25,3449,F1,175,,,,,
2026-02-18,2026-02-18,FO,NSE,STO,144381,,TITAN,,2026-02-24,2026-02-24,4400.0,CE,TITAN26FEB4400CE,10.65,11.25,5.7,6.05,6.05,9.65,4248.6,6.05,784350,-55825,3808,2936952900.0,2807,F1,175,,,,,
2026-02-18,2026-02-18,FO,NSE,STO,144383,,TITAN,,2026-02-24,2026-02-24,4440.0,CE,TITAN26FEB4440CE,7.55,7.6,3.75,4.2,3.95,6.45,4248.6,4.2,97475,-15750,489,380364022.5,436,F1,175,,,,,
2026-02-18,2026-02-18,FO,NSE,STO,170396,,TITAN,,2026-03-30,2026-03-30,3700.0,CE,TITAN26MAR3700CE,0.0,0.0,0.0,377.1,0.0,377.1,4248.6,572.55,0,0,0,0.0,0,F1,175,,,,,
2026-02-18,2026-02-18,FO,NSE,STO,170402,,TITAN,,2026-03-30,2026-03-30,3820.0,CE,TITAN26MAR3820CE,0.0,0.0,0.0,288.7,0.0,288.7,4248.6,457.35,0,0,0,0.0,0,F1,175,,,,,
2026-02-18,2026-02-18,FO,NSE,STO,170404,,TITAN,,2026-03-30,2026-03-30,3860.0,CE,TITAN26MAR3860CE,0.0,0.0,0.0,262.05,0.0,262.05,4248.6,420.1,0,0,0,0.0,0,F1,175,,,,,
2026-02-18,2026-02-18,FO,NSE,STO,163102,,TITAN,,2026-03-30,2026-03-30,4120.0,CE,TITAN26MAR4120CE,0.0,0.0,0.0,169.65,169.65,169.65,4248.6,206.6,1400,0,0,0.0,0,F1,175,,,,,
2026-02-18,2026-02-18,FO,NSE,STO,163104,,TITAN,,2026-03-30,2026-03-30,4160.0,CE,TITAN26MAR4160CE,0.0,0.0,0.0,148.0,148.0,148.0,4248.6,180.05,1225,0,0,0.0,0,F1,175,,,,,
2026-02-18,2026-02-18,FO,NSE,STO,163108,,TITAN,,2026-03-30,2026-03-30,4240.0,CE,TITAN26MAR4240CE,150.9,150.9,120.0,129.0,129.0,114.45,4248.6,133.35,3325,1050,11,8419556.25,11,F1,175,,,,,
2026-02-18,2026-02-18,FO,NSE,STO,144237,,TITAN,,2026-02-24,2026-02-24,3480.0,CE,TITAN26FEB3480CE,0.0,0.0,0.0,471.5,0.0,471.5,4248.6,771.75,0,0,0,0.0,0,F1,175,,,,,
2026-02-18,2026-02-18,FO,NSE,STO,170434,,TITAN,,2026-03-30,2026-03-30,4460.0,CE,TITAN26MAR4460CE,0.0,0.0,0.0,36.95,0.0,36.95,4248.6,48.35,0,0,0,0.0,0,F1,175,,,,,
2026-02-18,2026-02-18,FO,NSE,STO,163097,,TITAN,,2026-03-30,2026-03-30,4000.0,PE,TITAN26MAR4000PE,31.1,38.8,28.9,29.75,30.0,36.55,4248.6,29.75,37100,5250,284,200391695.0,223,F1,175,,,,,
2026-02-18,2026-02-18,FO,NSE,STO,144331,,TITAN,,2026-02-24,2026-02-24,3880.0,CE,TITAN26FEB3880CE,365.3,365.3,365.3,365.3,365.3,365.3,4248.6,372.1,169750,-175,1,742927.5,1,F1,175,,,,,
2026-02-18,2026-02-18,FO,NSE,STO,163122,,TITAN,,2026-03-30,2026-03-30,4520.0,CE,TITAN26MAR4520CE,0.0,0.0,0.0,48.65,0.0,48.65,4248.6,34.85,0,0,0,0.0,0,F1,175,,,,,
2026-02-18,2026-02-18,FO,NSE,STO,170484,,TITAN,,2026-04-28,2026-04-28,3440.0,CE,TITAN26APR3440CE,0.0,0.0,0.0,628.2,0.0,628.2,4248.6,844.95,0,0,0,0.0,0,F1,175,,,,,
2026-02-18,2026-02-18,FO,NSE,STO,170502,,TITAN,,2026-04-28,2026-04-28,3800.0,CE,TITAN26APR3800CE,0.0,0.0,0.0,343.5,0.0,343.5,4248.6,502.35,0,0,0,0.0,0,F1,175,,,,,
2026-02-18,2026-02-18,FO,NSE,STO,170528,,TITAN,,2026-04-28,2026-04-28,4320.0,CE,TITAN26APR4320CE,0.0,0.0,0.0,98.7,0.0,98.7,4248.6,139.75,0,0,0,0.0,0,F1,175,,,,,
2026-02-18,2026-02-18,FO,NSE,STO,170532,,TITAN,,2026-04-28,2026-04-28,4400.0,CE,TITAN26APR4400CE,0.0,0.0,0.0,78.45,0.0,78.45,4248.6,107.0,0,0,0,0.0,0,F1,175,,,,,
2026-02-18,2026-02-18,FO,NSE,STF,67028,,TITAN,,2026-04-28,2026-04-28,,,TITAN26APRFUT,4290.6,4304.0,4276.8,4297.2,4294.0,4290.6,4248.6,4297.2,67375,0,35,26304460.0,35,F1,175,,,,,
2026-02-18,2026-02-18,FO,NSE,STO,162992,,TITAN,,2026-02-24,2026-02-24,4140.0,CE,TITAN26FEB4140CE,107.3,121.0,96.95,116.45,116.45,112.2,4248.6,121.4,33250,525,30,22324041.25,25,F1,175,,,,,
2026-02-18,2026-02-18,FO,NSE,STO,170400,,TITAN,,2026-03-30,2026-03-30,3780.0,CE,TITAN26MAR3780CE,0.0,0.0,0.0,317.0,0.0,317.0,4248.6,495.25,0,0,0,0.0,0,F1,175,,,,,
2026-02-18,2026-02-18,FO,NSE,STO,170420,,TITAN,,2026-03-30,2026-03-30,4180.0,CE,TITAN26MAR4180CE,0.0,0.0,0.0,156.5,153.8,156.5,4248.6,167.6,1225,0,0,0.0,0,F1,175,,,,,
2026-02-18,2026-02-18,FO,NSE,STO,170496,,TITAN,,2026-04-28,2026-04-28,3680.0,CE,TITAN26APR3680CE,0.0,0.0,0.0,429.55,0.0,429.55,4248.6,612.9,0,0,0,0.0,0,F1,175,,,,,
2026-02-18,2026-02-18,FO,NSE,STO,170538,,TITAN,,2026-04-28,2026-04-28,4520.0,CE,TITAN26APR4520CE,0.0,0.0,0.0,54.25,0.0,54.25,4248.6,68.95,0,0,0,0.0,0,F1,175,,,,,
2026-02-18,2026-02-18,FO,NSE,STO,144320,,TITAN,,2026-02-24,2026-02-24,3640.0,PE,TITAN26FEB3640PE,0.0,0.0,0.0,1.1,1.1,1.1,4248.6,0.05,7875,0,0,0.0,0,F1,175,,,,,
2026-02-18,2026-02-18,FO,NSE,STO,162977,,TITAN,,2026-02-24,2026-02-24,3820.0,PE,TITAN26FEB3820PE,1.1,1.1,1.1,1.1,1.1,1.45,4248.6,0.05,16625,-350,2,1337385.0,1,F1,175,,,,,
2026-02-18,2026-02-18,FO,NSE,STO,162993,,TITAN,,2026-02-24,2026-02-24,4140.0,PE,TITAN26FEB4140PE,10.6,14.2,7.3,7.7,7.85,13.5,4248.6,7.7,70525,10325,695,504774383.75,611,F1,175,,,,,
2026-02-18,2026-02-18,FO,NSE,STO,163005,,TITAN,,2026-02-24,2026-02-24,4380.0,PE,TITAN26FEB4380PE,149.55,163.0,135.55,143.15,143.15,213.05,4248.6,135.05,4375,-3150,28,22175798.75,28,F1,175,,,,,
2026-02-18,2026-02-18,FO,NSE,STO,144390,,TITAN,,2026-02-24,2026-02-24,4560.0,PE,TITAN26FEB4560PE,0.0,0.0,0.0,665.45,0.0,665.45,4248.6,307.45,0,0,0,0.0,0,F1,175,,,,,
2026-02-18,2026-02-18,FO,NSE,STO,144392,,TITAN,,2026-02-24,2026-02-24,4640.0,PE,TITAN26FEB4640PE,0.0,0.0,0.0,402.1,402.1,402.1,4248.6,387.2,525,0,0,0.0,0,F1,175,,,,,
2026-02-18,2026-02-18,FO,NSE,STO,163069,,TITAN,,2026-03-30,2026-03-30,3440.0,PE,TITAN26MAR3440PE,0.0,0.0,0.0,20.25,0.0,20.25,4248.6,0.05,0,0,0,0.0,0,F1,175,,,,,
2026-02-18,2026-02-18,FO,NSE,STO,163103,,TITAN,,2026-03-30,2026-03-30,4120.0,PE,TITAN26MAR4120PE,55.0,55.0,55.0,55.0,55.0,145.85,4248.6,53.25,175,0,1,730625.0,1,F1,175,,,,,
2026-02-18,2026-02-18,FO,NSE,STO,170419,,TITAN,,2026-03-30,2026-03-30,4140.0,PE,TITAN26MAR4140PE,0.0,0.0,0.0,218.05,0.0,218.05,4248.6,59.6,0,0,0,0.0,0,F1,175,,,,,
2026-02-18,2026-02-18,FO,NSE,STO,170427,,TITAN,,2026-03-30,2026-03-30,4300.0,PE,TITAN26MAR4300PE,125.0,130.6,124.1,124.1,124.1,139.9,4248.6,124.1,9975,1225,22,17045420.0,21,F1,175,,,,,
2026-02-18,2026-02-18,FO,NSE,STO,163115,,TITAN,,2026-03-30,2026-03-30,4360.0,PE,TITAN26MAR4360PE,0.0,0.0,0.0,401.5,0.0,401.5,4248.6,164.6,0,0,0,0.0,0,F1,175,,,,,
2026-02-18,2026-02-18,FO,NSE,STO,163117,,TITAN,,2026-03-30,2026-03-30,4400.0,PE,TITAN26MAR4400PE,213.2,213.2,187.4,187.4,187.4,200.0,4248.6,190.55,700,525,3,2412900.0,3,F1,175,,,,,
2026-02-18,2026-02-18,FO,NSE,STO,170435,,TITAN,,2026-03-30,2026-03-30,4460.0,PE,TITAN26MAR4460PE,0.0,0.0,0.0,453.3,0.0,453.3,4248.6,232.95,0,0,0,0.0,0,F1,175,,,,,
2026-02-18,2026-02-18,FO,NSE,STO,163123,,TITAN,,2026-03-30,2026-03-30,4520.0,PE,TITAN26MAR4520PE,0.0,0.0,0.0,527.6,0.0,527.6,4248.6,279.1,0,0,0,0.0,0,F1,175,,,,,
2026-02-18,2026-02-18,FO,NSE,STO,170503,,TITAN,,2026-04-28,2026-04-28,3800.0,PE,TITAN26APR3800PE,0.0,0.0,0.0,88.3,0.0,88.3,4248.6,14.45,0,0,0,0.0,0,F1,175,,,,,
2026-02-18,2026-02-18,FO,NSE,STO,170513,,TITAN,,2026-04-28,2026-04-28,4000.0,PE,TITAN26APR4000PE,0.0,0.0,0.0,56.0,56.0,56.0,4248.6,45.35,8400,0,0,0.0,0,F1,175,,,,,
2026-02-18,2026-02-18,FO,NSE,STO,170533,,TITAN,,2026-04-28,2026-04-28,4400.0,PE,TITAN26APR4400PE,0.0,0.0,0.0,414.1,0.0,414.1,4248.6,212.85,0,0,0,0.0,0,F1,175,,,,,
2026-02-18,2026-02-18,FO,NSE,STO,162972,,TITAN,,2026-02-24,2026-02-24,3740.0,CE,TITAN26FEB3740CE,0.0,0.0,0.0,319.15,0.0,319.15,4248.6,512.0,0,0,0,0.0,0,F1,175,,,,,
2026-02-18,2026-02-18,FO,NSE,STO,162982,,TITAN,,2026-02-24,2026-02-24,3940.0,CE,TITAN26FEB3940CE,306.85,308.2,306.85,308.2,308.2,300.0,4248.6,312.2,12425,-175,2,1486633.75,2,F1,175,,,,,
2026-02-18,2026-02-18,FO,NSE,STO,162994,,TITAN,,2026-02-24,2026-02-24,4180.0,CE,TITAN26FEB4180CE,87.0,90.75,63.1,77.6,74.45,81.35,4248.6,77.6,20825,-2275,228,169909731.25,216,F1,175,,,,,
2026-02-18,2026-02-18,FO,NSE,STO,163000,,TITAN,,2026-02-24,2026-02-24,4300.0,CE,TITAN26FEB4300CE,28.05,30.95,16.05,18.35,17.55,25.05,4248.6,18.35,956725,-65800,5761,4356713077.5,4892,F1,175,,,,,
2026-02-18,2026-02-18,FO,NSE,STO,144391,,TITAN,,2026-02-24,2026-02-24,4640.0,CE,TITAN26FEB4640CE,2.05,2.05,0.95,1.05,1.2,2.15,4248.6,1.05,107800,-350,170,138078473.75,146,F1,175,,,,,
2026-02-18,2026-02-18,FO,NSE,STO,144393,,TITAN,,2026-02-24,2026-02-24,4720.0,CE,TITAN26FEB4720CE,1.65,1.7,0.75,0.95,0.9,1.9,4248.6,0.95,196175,-14175,318,262735987.5,239,F1,175,,,,,
2026-02-18,2026-02-18,FO,NSE,STO,163093,,TITAN,,2026-03-30,2026-03-30,3920.0,PE,TITAN26MAR3920PE,0.0,0.0,0.0,139.85,0.0,139.85,4248.6,13.65,0,0,0,0.0,0,F1,175,,,,,
2026-02-18,2026-02-18,FO,NSE,STO,163083,,TITAN,,2026-03-30,2026-03-30,3720.0,PE,TITAN26MAR3720PE,0.0,0.0,0.0,47.45,47.45,47.45,4248.6,2.1,350,0,0,0.0,0,F1,175,,,,,
2026-02-18,2026-02-18,FO,NSE,STO,144378,,TITAN,,2026-02-24,2026-02-24,4320.0,PE,TITAN26FEB4320PE,103.0,113.35,85.85,91.9,91.9,147.95,4248.6,86.8,40075,-11200,138,106622503.75,132,F1,175,,,,,
2026-02-18,2026-02-18,FO,NSE,STO,144376,,TITAN,,2026-02-24,2026-02-24,4280.0,PE,TITAN26FEB4280PE,67.15,82.7,56.0,59.35,61.9,70.85,4248.6,59.35,37625,-5950,252,191480388.75,191,F1,175,,,,,
2026-02-18,2026-02-18,FO,NSE,STO,144344,,TITAN,,2026-02-24,2026-02-24,4120.0,PE,TITAN26FEB4120PE,8.95,10.75,5.5,5.7,6.0,10.55,4248.6,5.7,41300,-1575,245,176984447.5,244,F1,175,,,,,
2026-02-18,2026-02-18,FO,NSE,STO,170510,,TITAN,,2026-04-28,2026-04-28,3960.0,CE,TITAN26APR3960CE,0.0,0.0,0.0,245.8,0.0,245.8,4248.6,366.5,0,0,0,0.0,0,F1,175,,,,,
2026-02-18,2026-02-18,FO,NSE,STO,163132,,TITAN,,2026-03-30,2026-03-30,4720.0,CE,TITAN26MAR4720CE,15.55,15.55,9.4,12.5,12.6,15.75,4248.6,12.5,16625,3850,52,43069293.75,41,F1,175,,,,,
2026-02-18,2026-02-18,FO,NSE,STO,170428,,TITAN,,2026-03-30,2026-03-30,4340.0,CE,TITAN26MAR4340CE,0.0,0.0,0.0,91.8,85.4,91.8,4248.6,87.1,350,0,0,0.0,0,F1,175,,,,,
2026-02-18,2026-02-18,FO,NSE,STO,163088,,TITAN,,2026-03-30,2026-03-30,3840.0,CE,TITAN26MAR3840CE,0.0,0.0,0.0,299.4,0.0,299.4,4248.6,438.6,0,0,0,0.0,0,F1,175,,,,,
2026-02-18,2026-02-18,FO,NSE,STO,163078,,TITAN,,2026-03-30,2026-03-30,3640.0,CE,TITAN26MAR3640CE,0.0,0.0,0.0,439.5,0.0,439.5,4248.6,631.35,0,0,0,0.0,0,F1,175,,,,,
2026-02-18,2026-02-18,FO,NSE,STO,163074,,TITAN,,2026-03-30,2026-03-30,3560.0,CE,TITAN26MAR3560CE,0.0,0.0,0.0,503.15,0.0,503.15,4248.6,710.3,0,0,0,0.0,0,F1,175,,,,,
2026-02-18,2026-02-18,FO,NSE,STO,163068,,TITAN,,2026-03-30,2026-03-30,3440.0,CE,TITAN26MAR3440CE,0.0,0.0,0.0,605.3,0.0,605.3,4248.6,829.35,0,0,0,0.0,0,F1,175,,,,,
2026-02-18,2026-02-18,FO,NSE,STO,51574,,TITAN,,2026-02-24,2026-02-24,4680.0,CE,TITAN26FEB4680CE,1.2,1.45,0.6,0.75,0.95,1.9,4248.6,0.75,100275,2625,307,251489516.25,207,F1,175,,,,,
2026-02-18,2026-02-18,FO,NSE,STO,144333,,TITAN,,2026-02-24,2026-02-24,3920.0,CE,TITAN26FEB3920CE,0.0,0.0,0.0,315.25,315.25,315.25,4248.6,332.15,24850,0,0,0.0,0,F1,175,,,,,
2026-02-18,2026-02-18,FO,NSE,STO,170403,,TITAN,,2026-03-30,2026-03-30,3820.0,PE,TITAN26MAR3820PE,0.0,0.0,0.0,71.75,0.0,71.75,4248.6,5.8,0,0,0,0.0,0,F1,175,,,,,
2026-02-18,2026-02-18,FO,NSE,STO,170535,,TITAN,,2026-04-28,2026-04-28,4440.0,PE,TITAN26APR4440PE,0.0,0.0,0.0,444.5,0.0,444.5,4248.6,238.35,0,0,0,0.0,0,F1,175,,,,,
2026-02-18,2026-02-18,FO,NSE,STO,170529,,TITAN,,2026-04-28,2026-04-28,4320.0,PE,TITAN26APR4320PE,0.0,0.0,0.0,355.55,0.0,355.55,4248.6,166.5,0,0,0,0.0,0,F1,175,,,,,
2026-02-18,2026-02-18,FO,NSE,STO,170519,,TITAN,,2026-04-28,2026-04-28,4120.0,PE,TITAN26APR4120PE,0.0,0.0,0.0,228.3,0.0,228.3,4248.6,78.95,0,0,0,0.0,0,F1,175,,,,,
2026-02-18,2026-02-18,FO,NSE,STO,170489,,TITAN,,2026-04-28,2026-04-28,3520.0,PE,TITAN26APR3520PE,5.6,12.0,5.6,12.0,12.0,21.0,4248.6,1.65,175,0,2,1235080.0,2,F1,175,,,,,
2026-02-18,2026-02-18,FO,NSE,STO,170411,,TITAN,,2026-03-30,2026-03-30,3980.0,PE,TITAN26MAR3980PE,0.0,0.0,0.0,132.55,0.0,132.55,4248.6,21.55,0,0,0,0.0,0,F1,175,,,,,
2026-02-18,2026-02-18,FO,NSE,STO,163006,,TITAN,,2026-02-24,2026-02-24,4420.0,CE,TITAN26FEB4420CE,7.9,9.65,4.4,4.7,4.8,7.9,4248.6,4.7,163275,-7175,665,515065696.25,561,F1,175,,,,,
2026-02-18,2026-02-18,FO,NSE,STO,163070,,TITAN,,2026-03-30,2026-03-30,3480.0,CE,TITAN26MAR3480CE,0.0,0.0,0.0,570.45,0.0,570.45,4248.6,789.6,0,0,0,0.0,0,F1,175,,,,,
2026-02-18,2026-02-18,FO,NSE,STO,170426,,TITAN,,2026-03-30,2026-03-30,4300.0,CE,TITAN26MAR4300CE,107.55,111.75,94.5,98.9,98.15,107.35,4248.6,98.9,47950,11025,270,208005035.0,208,F1,175,,,,,
2026-02-18,2026-02-18,FO,NSE,STO,163116,,TITAN,,2026-03-30,2026-03-30,4400.0,CE,TITAN26MAR4400CE,68.0,71.95,57.3,61.5,60.5,68.3,4248.6,61.5,29750,-1750,135,105421435.0,117,F1,175,,,,,
2026-02-18,2026-02-18,FO,NSE,STO,163128,,TITAN,,2026-03-30,2026-03-30,4640.0,CE,TITAN26MAR4640CE,20.0,20.0,17.3,18.1,18.0,20.0,4248.6,18.1,6300,3675,45,36681032.5,13,F1,175,,,,,
2026-02-18,2026-02-18,FO,NSE,STO,170530,,TITAN,,2026-04-28,2026-04-28,4360.0,CE,TITAN26APR4360CE,0.0,0.0,0.0,88.0,0.0,88.0,4248.6,122.6,0,0,0,0.0,0,F1,175,,,,,
2026-02-18,2026-02-18,FO,NSE,STO,162973,,TITAN,,2026-02-24,2026-02-24,3740.0,PE,TITAN26FEB3740PE,1.0,1.0,1.0,1.0,1.0,1.75,4248.6,1.0,10150,-875,12,7856100.0,1,F1,175,,,,,
2026-02-18,2026-02-18,FO,NSE,STO,144326,,TITAN,,2026-02-24,2026-02-24,3760.0,PE,TITAN26FEB3760PE,1.0,1.0,0.3,0.35,0.3,1.6,4248.6,0.35,24850,0,16,10529295.0,12,F1,175,,,,,
2026-02-18,2026-02-18,FO,NSE,STO,144338,,TITAN,,2026-02-24,2026-02-24,4000.0,PE,TITAN26FEB4000PE,3.55,4.05,1.6,1.8,1.9,3.8,4248.6,1.8,392175,-6125,1286,900789067.5,876,F1,175,,,,,
2026-02-18,2026-02-18,FO,NSE,STO,144384,,TITAN,,2026-02-24,2026-02-24,4440.0,PE,TITAN26FEB4440PE,0.0,0.0,0.0,196.05,196.05,196.05,4248.6,189.9,5075,0,0,0.0,0,F1,175,,,,,
2026-02-18,2026-02-18,FO,NSE,STO,144394,,TITAN,,2026-02-24,2026-02-24,4720.0,PE,TITAN26FEB4720PE,0.0,0.0,0.0,810.35,0.0,810.35,4248.6,467.15,0,0,0,0.0,0,F1,175,,,,,
2026-02-18,2026-02-18,FO,NSE,STO,163071,,TITAN,,2026-03-30,2026-03-30,3480.0,PE,TITAN26MAR3480PE,0.0,0.0,0.0,24.85,0.0,24.85,4248.6,0.1,0,0,0,0.0,0,F1,175,,,,,
2026-02-18,2026-02-18,FO,NSE,STO,163077,,TITAN,,2026-03-30,2026-03-30,3600.0,PE,TITAN26MAR3600PE,0.0,0.0,0.0,43.45,0.0,43.45,4248.6,0.5,0,0,0,0.0,0,F1,175,,,,,
2026-02-18,2026-02-18,FO,NSE,STO,163109,,TITAN,,2026-03-30,2026-03-30,4240.0,PE,TITAN26MAR4240PE,0.0,0.0,0.0,316.2,0.0,316.2,4248.6,99.25,0,0,0,0.0,0,F1,175,,,,,
2026-02-18,2026-02-18,FO,NSE,STO,163131,,TITAN,,2026-03-30,2026-03-30,4680.0,PE,TITAN26MAR4680PE,0.0,0.0,0.0,664.95,0.0,664.95,4248.6,416.4,0,0,0,0.0,0,F1,175,,,,,
2026-02-18,2026-02-18,FO,NSE,STO,144321,,TITAN,,2026-02-24,2026-02-24,3680.0,CE,TITAN26FEB3680CE,0.0,0.0,0.0,422.45,422.45,422.45,4248.6,571.95,350,0,0,0.0,0,F1,175,,,,,
2026-02-18,2026-02-18,FO,NSE,STO,162970,,TITAN,,2026-02-24,2026-02-24,3700.0,CE,TITAN26FEB3700CE,0.0,0.0,0.0,349.6,0.0,349.6,4248.6,551.95,0,0,0,0.0,0,F1,175,,,,,
2026-02-18,2026-02-18,FO,NSE,STO,144343,,TITAN,,2026-02-24,2026-02-24,4120.0,CE,TITAN26FEB4120CE,133.85,135.8,119.0,130.8,131.2,128.85,4248.6,130.8,22400,-525,84,62386563.75,47,F1,175,,,,,
2026-02-18,2026-02-18,FO,NSE,STO,163092,,TITAN,,2026-03-30,2026-03-30,3920.0,CE,TITAN26MAR3920CE,0.0,0.0,0.0,188.1,188.1,188.1,4248.6,365.8,350,0,0,0.0,0,F1,175,,,,,
2026-02-18,2026-02-18,FO,NSE,STO,163072,,TITAN,,2026-03-30,2026-03-30,3520.0,CE,TITAN26MAR3520CE,0.0,0.0,0.0,725.0,725.0,725.0,4248.6,749.95,175,0,0,0.0,0,F1,175,,,,,
2026-02-18,2026-02-18,FO,NSE,STO,144239,,TITAN,,2026-02-24,2026-02-24,3520.0,CE,TITAN26FEB3520CE,0.0,0.0,0.0,725.0,725.0,725.0,4248.6,731.8,350,0,0,0.0,0,F1,175,,,,,
2026-02-18,2026-02-18,FO,NSE,STO,163119,,TITAN,,2026-03-30,2026-03-30,4440.0,PE,TITAN26MAR4440PE,0.0,0.0,0.0,462.9,0.0,462.9,4248.6,218.35,0,0,0,0.0,0,F1,175,,,,,
2026-02-18,2026-02-18,FO,NSE,STO,170437,,TITAN,,2026-03-30,2026-03-30,4500.0,PE,TITAN26MAR4500PE,0.0,0.0,0.0,487.25,0.0,487.25,4248.6,263.35,0,0,0,0.0,0,F1,175,,,,,
2026-02-18,2026-02-18,FO,NSE,STO,170539,,TITAN,,2026-04-28,2026-04-28,4520.0,PE,TITAN26APR4520PE,0.0,0.0,0.0,508.05,0.0,508.05,4248.6,293.6,0,0,0,0.0,0,F1,175,,,,,
2026-02-18,2026-02-18,FO,NSE,STO,170549,,TITAN,,2026-04-28,2026-04-28,4720.0,PE,TITAN26APR4720PE,0.0,0.0,0.0,678.65,0.0,678.65,4248.6,452.55,0,0,0,0.0,0,F1,175,,,,,
2026-02-18,2026-02-18,FO,NSE,STO,163086,,TITAN,,2026-03-30,2026-03-30,3800.0,CE,TITAN26MAR3800CE,476.0,483.5,476.0,483.5,483.5,325.0,4248.6,476.2,1225,1225,7,5241862.5,7,F1,175,,,,,
2026-02-18,2026-02-18,FO,NSE,STO,170423,,TITAN,,2026-03-30,2026-03-30,4220.0,PE,TITAN26MAR4220PE,111.35,111.4,102.05,102.05,102.05,102.05,4248.6,90.25,700,175,4,3028707.5,4,F1,175,,,,,
2026-02-18,2026-02-18,FO,NSE,STO,170421,,TITAN,,2026-03-30,2026-03-30,4180.0,PE,TITAN26MAR4180PE,80.0,93.6,75.0,82.5,82.5,243.1,4248.6,73.85,350,350,5,3730142.5,5,F1,175,,,,,
2026-02-18,2026-02-18,FO,NSE,STO,163087,,TITAN,,2026-03-30,2026-03-30,3800.0,PE,TITAN26MAR3800PE,13.5,16.65,11.0,12.15,12.6,14.7,4248.6,12.15,32200,7000,115,76736388.75,94,F1,175,,,,,
2026-02-18,2026-02-18,FO,NSE,STO,170397,,TITAN,,2026-03-30,2026-03-30,3700.0,PE,TITAN26MAR3700PE,8.95,8.95,8.95,8.95,8.95,6.05,4248.6,1.7,4550,175,2,1298132.5,2,F1,175,,,,,
2026-02-18,2026-02-18,FO,NSE,STO,163073,,TITAN,,2026-03-30,2026-03-30,3520.0,PE,TITAN26MAR3520PE,0.0,0.0,0.0,15.0,15.0,15.0,4248.6,0.2,175,0,0,0.0,0,F1,175,,,,,
2026-02-18,2026-02-18,FO,NSE,STO,144388,,TITAN,,2026-02-24,2026-02-24,4520.0,PE,TITAN26FEB4520PE,0.0,0.0,0.0,279.5,279.5,279.5,4248.6,267.75,700,0,0,0.0,0,F1,175,,,,,
2026-02-18,2026-02-18,FO,NSE,STO,144382,,TITAN,,2026-02-24,2026-02-24,4400.0,PE,TITAN26FEB4400PE,168.85,184.65,155.75,160.05,160.0,163.7,4248.6,160.05,30975,-525,20,15967831.25,20,F1,175,,,,,
2026-02-18,2026-02-18,FO,NSE,STO,163003,,TITAN,,2026-02-24,2026-02-24,4340.0,PE,TITAN26FEB4340PE,113.6,130.35,102.4,110.0,110.0,117.0,4248.6,101.9,47600,-3325,38,29605336.25,37,F1,175,,,,,
2026-02-18,2026-02-18,FO,NSE,STO,163001,,TITAN,,2026-02-24,2026-02-24,4300.0,PE,TITAN26FEB4300PE,80.0,97.0,70.0,73.5,76.95,83.15,4248.6,73.5,258650,8750,537,411379578.75,520,F1,175,,,,,
2026-02-18,2026-02-18,FO,NSE,STO,144330,,TITAN,,2026-02-24,2026-02-24,3840.0,PE,TITAN26FEB3840PE,0.0,0.0,0.0,3.05,3.05,3.05,4248.6,0.05,9450,0,0,0.0,0,F1,175,,,,,
2026-02-18,2026-02-18,FO,NSE,STO,144324,,TITAN,,2026-02-24,2026-02-24,3720.0,PE,TITAN26FEB3720PE,1.5,1.5,0.45,0.5,0.45,1.1,4248.6,0.5,28000,-350,25,16278701.25,10,F1,175,,,,,
2026-02-18,2026-02-18,FO,NSE,STO,144236,,TITAN,,2026-02-24,2026-02-24,3440.0,PE,TITAN26FEB3440PE,0.4,0.4,0.15,0.15,0.15,0.35,4248.6,0.15,16800,-350,22,13244971.25,14,F1,175,,,,,
2026-02-18,2026-02-18,FO,NSE,STO,163130,,TITAN,,2026-03-30,2026-03-30,4680.0,CE,TITAN26MAR4680CE,0.0,0.0,0.0,28.35,0.0,28.35,4248.6,13.1,0,0,0,0.0,0,F1,175,,,,,
2026-02-18,2026-02-18,FO,NSE,STO,163126,,TITAN,,2026-03-30,2026-03-30,4600.0,CE,TITAN26MAR4600CE,23.4,26.85,20.6,22.0,21.5,25.9,4248.6,22.0,44975,14525,264,213588340.0,186,F1,175,,,,,
2026-02-18,2026-02-18,FO,NSE,STO,163118,,TITAN,,2026-03-30,2026-03-30,4440.0,CE,TITAN26MAR4440CE,0.0,0.0,0.0,62.75,0.0,62.75,4248.6,53.65,0,0,0,0.0,0,F1,175,,,,,
2026-02-18,2026-02-18,FO,NSE,STO,170430,,TITAN,,2026-03-30,2026-03-30,4380.0,CE,TITAN26MAR4380CE,0.0,0.0,0.0,50.7,0.0,50.7,4248.6,72.25,0,0,0,0.0,0,F1,175,,,,,
2026-02-18,2026-02-18,FO,NSE,STO,170416,,TITAN,,2026-03-30,2026-03-30,4100.0,CE,TITAN26MAR4100CE,220.0,220.0,220.0,220.0,220.0,215.0,4248.6,220.0,4375,0,1,756000.0,1,F1,175,,,,,
2026-02-18,2026-02-18,FO,NSE,STO,170414,,TITAN,,2026-03-30,2026-03-30,4060.0,CE,TITAN26MAR4060CE,0.0,0.0,0.0,192.0,192.0,192.0,4248.6,250.05,875,0,0,0.0,0,F1,175,,,,,
2026-02-18,2026-02-18,FO,NSE,STO,163096,,TITAN,,2026-03-30,2026-03-30,4000.0,CE,TITAN26MAR4000CE,308.25,308.3,308.25,308.3,308.3,240.0,4248.6,297.45,2625,0,2,1507896.25,2,F1,175,,,,,
2026-02-18,2026-02-18,FO,NSE,STO,170501,,TITAN,,2026-04-28,2026-04-28,3760.0,PE,TITAN26APR3760PE,0.0,0.0,0.0,76.6,0.0,76.6,4248.6,11.05,0,0,0,0.0,0,F1,175,,,,,
2026-02-18,2026-02-18,FO,NSE,STO,170405,,TITAN,,2026-03-30,2026-03-30,3860.0,PE,TITAN26MAR3860PE,0.0,0.0,0.0,84.7,0.0,84.7,4248.6,8.3,0,0,0,0.0,0,F1,175,,,,,
2026-02-18,2026-02-18,FO,NSE,STO,170399,,TITAN,,2026-03-30,2026-03-30,3740.0,PE,TITAN26MAR3740PE,0.0,0.0,0.0,50.2,0.0,50.2,4248.6,2.65,0,0,0,0.0,0,F1,175,,,,,
2026-02-18,2026-02-18,FO,NSE,STO,163011,,TITAN,,2026-02-24,2026-02-24,4500.0,PE,TITAN26FEB4500PE,0.0,0.0,0.0,312.65,315.0,312.65,4248.6,248.0,7525,0,0,0.0,0,F1,175,,,,,
2026-02-18,2026-02-18,FO,NSE,STO,144386,,TITAN,,2026-02-24,2026-02-24,4480.0,PE,TITAN26FEB4480PE,0.0,0.0,0.0,246.9,246.9,246.9,4248.6,228.4,7175,0,0,0.0,0,F1,175,,,,,
2026-02-18,2026-02-18,FO,NSE,STO,144380,,TITAN,,2026-02-24,2026-02-24,4360.0,PE,TITAN26FEB4360PE,0.0,0.0,0.0,133.15,135.6,133.15,4248.6,118.05,25200,0,0,0.0,0,F1,175,,,,,
2026-02-18,2026-02-18,FO,NSE,STO,162995,,TITAN,,2026-02-24,2026-02-24,4180.0,PE,TITAN26FEB4180PE,22.15,24.95,13.3,14.0,14.1,22.2,4248.6,14.0,47075,-6650,1006,738869906.25,895,F1,175,,,,,
2026-02-18,2026-02-18,FO,NSE,STO,162987,,TITAN,,2026-02-24,2026-02-24,4020.0,PE,TITAN26FEB4020PE,5.45,5.45,2.2,2.3,2.35,4.4,4248.6,2.3,17325,-5250,77,54210782.5,57,F1,175,,,,,
2026-02-18,2026-02-18,FO,NSE,STO,170544,,TITAN,,2026-04-28,2026-04-28,4640.0,CE,TITAN26APR4640CE,0.0,0.0,0.0,36.7,0.0,36.7,4248.6,42.5,0,0,0,0.0,0,F1,175,,,,,
2026-02-18,2026-02-18,FO,NSE,STO,144332,,TITAN,,2026-02-24,2026-02-24,3880.0,PE,TITAN26FEB3880PE,1.85,1.85,0.55,0.65,0.6,2.1,4248.6,0.65,46025,350,22,14940975.0,10,F1,175,,,,,
2026-02-18,2026-02-18,FO,NSE,STO,162971,,TITAN,,2026-02-24,2026-02-24,3700.0,PE,TITAN26FEB3700PE,0.6,0.65,0.15,0.2,0.15,1.05,4248.6,0.2,44975,1050,120,77708977.5,66,F1,175,,,,,
2026-02-18,2026-02-18,FO,NSE,STO,163076,,TITAN,,2026-03-30,2026-03-30,3600.0,CE,TITAN26MAR3600CE,0.0,0.0,0.0,470.85,0.0,470.85,4248.6,670.75,0,0,0,0.0,0,F1,175,,,,,
2026-02-18,2026-02-18,FO,NSE,STO,144310,,TITAN,,2026-02-24,2026-02-24,3520.0,PE,TITAN26FEB3520PE,0.5,1.3,0.2,0.2,0.2,0.35,4248.6,0.05,47775,4200,51,31423183.75,13,F1,175,,,,,
2026-02-18,2026-02-18,FO,NSE,STO,144316,,TITAN,,2026-02-24,2026-02-24,3560.0,PE,TITAN26FEB3560PE,0.2,0.2,0.1,0.1,0.1,0.55,4248.6,0.1,62475,-700,123,76632018.75,10,F1,175,,,,,
2026-02-18,2026-02-18,FO,NSE,STO,162983,,TITAN,,2026-02-24,2026-02-24,3940.0,PE,TITAN26FEB3940PE,2.2,2.2,0.85,0.95,1.3,2.6,4248.6,0.95,65450,4375,131,90359167.5,102,F1,175,,,,,
2026-02-18,2026-02-18,FO,NSE,STF,59492,,TITAN,,2026-02-24,2026-02-24,,,TITAN26FEBFUT,4257.0,4261.3,4217.5,4245.0,4244.7,4239.9,4248.6,4245.0,9055550,-171500,4055,3011767587.5,3535,F1,175,,,,,
2026-02-18,2026-02-18,FO,NSE,STO,162984,,TITAN,,2026-02-24,2026-02-24,3980.0,CE,TITAN26FEB3980CE,265.2,271.35,260.1,262.0,262.0,319.2,4248.6,272.4,35350,0,7,5200317.5,7,F1,175,,,,,
2026-02-18,2026-02-18,FO,NSE,STO,144337,,TITAN,,2026-02-24,2026-02-24,4000.0,CE,TITAN26FEB4000CE,248.15,254.1,223.0,247.15,247.0,243.3,4248.6,247.15,152425,-6300,57,42345073.75,39,F1,175,,,,,
2026-02-18,2026-02-18,FO,NSE,STO,144375,,TITAN,,2026-02-24,2026-02-24,4280.0,CE,TITAN26FEB4280CE,34.1,35.85,20.45,23.75,22.65,30.35,4248.6,23.75,227150,-8400,1628,1226859051.25,1353,F1,175,,,,,
2026-02-18,2026-02-18,FO,NSE,STO,144377,,TITAN,,2026-02-24,2026-02-24,4320.0,CE,TITAN26FEB4320CE,20.7,24.2,13.0,14.5,13.75,20.7,4248.6,14.5,261800,5950,2110,1601476108.75,1873,F1,175,,,,,
2026-02-18,2026-02-18,FO,NSE,STO,144387,,TITAN,,2026-02-24,2026-02-24,4520.0,CE,TITAN26FEB4520CE,3.8,4.4,1.4,2.25,2.2,3.95,4248.6,2.25,88375,2975,318,251686531.25,297,F1,175,,,,,
2026-02-18,2026-02-18,FO,NSE,STO,37709,,TITAN,,2026-02-24,2026-02-24,4600.0,CE,TITAN26FEB4600CE,2.65,3.0,1.3,1.5,1.6,2.65,4248.6,1.5,263200,-47950,1164,937425256.25,920,F1,175,,,,,
2026-02-18,2026-02-18,FO,NSE,STO,170517,,TITAN,,2026-04-28,2026-04-28,4080.0,PE,TITAN26APR4080PE,0.0,0.0,0.0,206.35,0.0,206.35,4248.6,66.25,0,0,0,0.0,0,F1,175,,,,,
2026-02-18,2026-02-18,FO,NSE,STO,162990,,TITAN,,2026-02-24,2026-02-24,4100.0,CE,TITAN26FEB4100CE,158.45,159.5,126.8,147.75,150.0,147.0,4248.6,147.75,169225,-5425,108,80293981.25,98,F1,175,,,,,
2026-02-18,2026-02-18,FO,NSE,STO,144319,,TITAN,,2026-02-24,2026-02-24,3640.0,CE,TITAN26FEB3640CE,0.0,0.0,0.0,352.8,0.0,352.8,4248.6,611.9,0,0,0,0.0,0,F1,175,,,,,
2026-02-18,2026-02-18,FO,NSE,STO,144335,,TITAN,,2026-02-24,2026-02-24,3960.0,CE,TITAN26FEB3960CE,0.0,0.0,0.0,281.55,281.55,281.55,4248.6,292.3,27825,0,0,0.0,0,F1,175,,,,,
2026-02-18,2026-02-18,FO,NSE,STF,52057,,TITAN,,2026-03-30,2026-03-30,,,TITAN26MARFUT,4271.5,4285.2,4245.0,4271.7,4273.0,4266.1,4248.6,4271.7,846125,194950,2247,1679023255.0,1844,F1,175,,,,,
2026-02-18,2026-02-18,FO,NSE,STO,170545,,TITAN,,2026-04-28,2026-04-28,4640.0,PE,TITAN26APR4640PE,0.0,0.0,0.0,608.65,0.0,608.65,4248.6,385.9,0,0,0,0.0,0,F1,175,,,,,
2026-02-18,2026-02-18,FO,NSE,STO,170525,,TITAN,,2026-04-28,2026-04-28,4240.0,PE,TITAN26APR4240PE,0.0,0.0,0.0,301.3,0.0,301.3,4248.6,126.55,0,0,0,0.0,0,F1,175,,,,,
2026-02-18,2026-02-18,FO,NSE,STO,170521,,TITAN,,2026-04-28,2026-04-28,4160.0,PE,TITAN26APR4160PE,0.0,0.0,0.0,251.45,0.0,251.45,4248.6,93.2,0,0,0,0.0,0,F1,175,,,,,
2026-02-18,2026-02-18,FO,NSE,STO,170493,,TITAN,,2026-04-28,2026-04-28,3600.0,PE,TITAN26APR3600PE,0.0,0.0,0.0,40.1,0.0,40.1,4248.6,3.3,0,0,0,0.0,0,F1,175,,,,,
2026-02-18,2026-02-18,FO,NSE,STO,163107,,TITAN,,2026-03-30,2026-03-30,4200.0,PE,TITAN26MAR4200PE,96.3,98.75,80.0,81.8,82.0,91.8,4248.6,81.8,43225,9275,185,138778228.75,146,F1,175,,,,,
2026-02-18,2026-02-18,FO,NSE,STO,170413,,TITAN,,2026-03-30,2026-03-30,4020.0,PE,TITAN26MAR4020PE,0.0,0.0,0.0,44.7,44.7,44.7,4248.6,28.5,175,0,0,0.0,0,F1,175,,,,,
2026-02-18,2026-02-18,FO,NSE,STO,51575,,TITAN,,2026-02-24,2026-02-24,4680.0,PE,TITAN26FEB4680PE,0.0,0.0,0.0,655.35,0.0,655.35,4248.6,427.2,0,0,0,0.0,0,F1,175,,,,,
2026-02-18,2026-02-18,FO,NSE,STO,37710,,TITAN,,2026-02-24,2026-02-24,4600.0,PE,TITAN26FEB4600PE,378.0,378.0,352.0,360.0,360.0,359.2,4248.6,347.3,4900,0,6,5208700.0,4,F1,175,,,,,
2026-02-18,2026-02-18,FO,NSE,STO,162979,,TITAN,,2026-02-24,2026-02-24,3860.0,PE,TITAN26FEB3860PE,1.3,1.4,0.4,0.55,0.6,2.0,4248.6,0.55,35525,-5600,71,47970510.0,45,F1,175,,,,,
2026-02-18,2026-02-18,FO,NSE,STO,170518,,TITAN,,2026-04-28,2026-04-28,4120.0,CE,TITAN26APR4120CE,0.0,0.0,0.0,168.4,0.0,168.4,4248.6,250.15,0,0,0,0.0,0,F1,175,,,,,
2026-02-18,2026-02-18,FO,NSE,STO,163100,,TITAN,,2026-03-30,2026-03-30,4080.0,CE,TITAN26MAR4080CE,0.0,0.0,0.0,107.5,107.5,107.5,4248.6,235.1,350,0,0,0.0,0,F1,175,,,,,
2026-02-18,2026-02-18,FO,NSE,STO,163004,,TITAN,,2026-02-24,2026-02-24,4380.0,CE,TITAN26FEB4380CE,12.3,13.35,6.95,7.25,7.1,11.35,4248.6,7.25,100100,7700,895,687323516.25,810,F1,175,,,,,
2026-02-18,2026-02-18,FO,NSE,STO,163009,,TITAN,,2026-02-24,2026-02-24,4460.0,PE,TITAN26FEB4460PE,0.0,0.0,0.0,228.5,228.5,228.5,4248.6,209.0,26775,0,0,0.0,0,F1,175,,,,,
2026-02-18,2026-02-18,FO,NSE,STO,162975,,TITAN,,2026-02-24,2026-02-24,3780.0,PE,TITAN26FEB3780PE,0.0,0.0,0.0,1.65,1.65,1.65,4248.6,0.05,11025,0,0,0.0,0,F1,175,,,,,
2026-02-18,2026-02-18,FO,NSE,STO,170512,,TITAN,,2026-04-28,2026-04-28,4000.0,CE,TITAN26APR4000CE,0.0,0.0,0.0,224.55,0.0,224.55,4248.6,335.3,0,0,0,0.0,0,F1,175,,,,,
2026-02-18,2026-02-18,FO,NSE,STO,170506,,TITAN,,2026-04-28,2026-04-28,3880.0,CE,TITAN26APR3880CE,0.0,0.0,0.0,292.15,0.0,292.15,4248.6,432.4,0,0,0,0.0,0,F1,175,,,,,
2026-02-18,2026-02-18,FO,NSE,STO,170504,,TITAN,,2026-04-28,2026-04-28,3840.0,CE,TITAN26APR3840CE,0.0,0.0,0.0,317.2,0.0,317.2,4248.6,466.95,0,0,0,0.0,0,F1,175,,,,,
2026-02-18,2026-02-18,FO,NSE,STO,163112,,TITAN,,2026-03-30,2026-03-30,4320.0,CE,TITAN26MAR4320CE,0.0,0.0,0.0,122.8,122.8,122.8,4248.6,95.25,1400,0,0,0.0,0,F1,175,,,,,
2026-02-18,2026-02-18,FO,NSE,STO,163110,,TITAN,,2026-03-30,2026-03-30,4280.0,CE,TITAN26MAR4280CE,0.0,0.0,0.0,101.05,0.0,101.05,4248.6,113.2,0,0,0,0.0,0,F1,175,,,,,
2026-02-18,2026-02-18,FO,NSE,STO,163098,,TITAN,,2026-03-30,2026-03-30,4040.0,CE,TITAN26MAR4040CE,0.0,0.0,0.0,124.75,124.75,124.75,4248.6,265.45,875,0,0,0.0,0,F1,175,,,,,
2026-02-18,2026-02-18,FO,NSE,STO,170408,,TITAN,,2026-03-30,2026-03-30,3940.0,CE,TITAN26MAR3940CE,0.0,0.0,0.0,350.0,350.0,350.0,4248.6,348.25,525,0,0,0.0,0,F1,175,,,,,
2026-02-18,2026-02-18,FO,NSE,STO,163080,,TITAN,,2026-03-30,2026-03-30,3680.0,CE,TITAN26MAR3680CE,0.0,0.0,0.0,409.2,0.0,409.2,4248.6,592.1,0,0,0,0.0,0,F1,175,,,,,
2026-02-18,2026-02-18,FO,NSE,STO,162996,,TITAN,,2026-02-24,2026-02-24,4220.0,CE,TITAN26FEB4220CE,55.0,64.2,40.5,50.15,48.25,55.7,4248.6,50.15,58800,-19250,1517,1134232268.75,1277,F1,175,,,,,
2026-02-18,2026-02-18,FO,NSE,STO,162986,,TITAN,,2026-02-24,2026-02-24,4020.0,CE,TITAN26FEB4020CE,0.0,0.0,0.0,223.5,223.5,223.5,4248.6,232.9,23975,0,0,0.0,0,F1,175,,,,,
2026-02-18,2026-02-18,FO,NSE,STO,144325,,TITAN,,2026-02-24,2026-02-24,3760.0,CE,TITAN26FEB3760CE,0.0,0.0,0.0,236.4,236.4,236.4,4248.6,492.0,1050,0,0,0.0,0,F1,175,,,,,
2026-02-18,2026-02-18,FO,NSE,STO,144323,,TITAN,,2026-02-24,2026-02-24,3720.0,CE,TITAN26FEB3720CE,0.0,0.0,0.0,426.0,426.0,426.0,4248.6,531.95,3325,0,0,0.0,0,F1,175,,,,,
2026-02-18,2026-02-18,FO,NSE,STO,144311,,TITAN,,2026-02-24,2026-02-24,3560.0,CE,TITAN26FEB3560CE,0.0,0.0,0.0,410.0,0.0,410.0,4248.6,691.8,0,0,0,0.0,0,F1,175,,,,,
2026-02-18,2026-02-18,FO,NSE,STO,162981,,TITAN,,2026-02-24,2026-02-24,3900.0,PE,TITAN26FEB3900PE,1.5,2.0,0.45,0.75,0.85,2.2,4248.6,0.75,277900,-29400,579,395272430.0,266,F1,175,,,,,
2026-02-18,2026-02-18,FO,NSE,STO,170541,,TITAN,,2026-04-28,2026-04-28,4560.0,PE,TITAN26APR4560PE,0.0,0.0,0.0,540.9,0.0,540.9,4248.6,323.2,0,0,0,0.0,0,F1,175,,,,,
2026-02-18,2026-02-18,FO,NSE,STO,170433,,TITAN,,2026-03-30,2026-03-30,4420.0,PE,TITAN26MAR4420PE,0.0,0.0,0.0,420.15,0.0,420.15,4248.6,204.2,0,0,0,0.0,0,F1,175,,,,,
2026-02-18,2026-02-18,FO,NSE,STO,170431,,TITAN,,2026-03-30,2026-03-30,4380.0,PE,TITAN26MAR4380PE,0.0,0.0,0.0,387.9,0.0,387.9,4248.6,177.35,0,0,0,0.0,0,F1,175,,,,,
2026-02-18,2026-02-18,FO,NSE,STO,163113,,TITAN,,2026-03-30,2026-03-30,4320.0,PE,TITAN26MAR4320PE,139.15,139.15,139.15,139.15,139.15,154.45,4248.6,140.7,1050,350,3,2341053.75,3,F1,175,,,,,
2026-02-18,2026-02-18,FO,NSE,STO,163101,,TITAN,,2026-03-30,2026-03-30,4080.0,PE,TITAN26MAR4080PE,0.0,0.0,0.0,218.1,0.0,218.1,4248.6,41.95,0,0,0,0.0,0,F1,175,,,,,
2026-02-18,2026-02-18,FO,NSE,STO,170409,,TITAN,,2026-03-30,2026-03-30,3940.0,PE,TITAN26MAR3940PE,0.0,0.0,0.0,115.05,0.0,115.05,4248.6,15.95,0,0,0,0.0,0,F1,175,,,,,
2026-02-18,2026-02-18,FO,NSE,STO,163089,,TITAN,,2026-03-30,2026-03-30,3840.0,PE,TITAN26MAR3840PE,0.0,0.0,0.0,108.45,0.0,108.45,4248.6,6.95,0,0,0,0.0,0,F1,175,,,,,
2026-02-18,2026-02-18,FO,NSE,STO,163081,,TITAN,,2026-03-30,2026-03-30,3680.0,PE,TITAN26MAR3680PE,0.0,0.0,0.0,18.1,18.1,18.1,4248.6,1.35,1050,0,0,0.0,0,F1,175,,,,,
2026-02-18,2026-02-18,FO,NSE,STO,170515,,TITAN,,2026-04-28,2026-04-28,4040.0,PE,TITAN26APR4040PE,0.0,0.0,0.0,185.7,0.0,185.7,4248.6,55.1,0,0,0,0.0,0,F1,175,,,,,
2026-02-18,2026-02-18,FO,NSE,STO,170497,,TITAN,,2026-04-28,2026-04-28,3680.0,PE,TITAN26APR3680PE,0.0,0.0,0.0,56.2,0.0,56.2,4248.6,6.25,0,0,0,0.0,0,F1,175,,,,,
2026-02-18,2026-02-18,FO,NSE,STO,170537,,TITAN,,2026-04-28,2026-04-28,4480.0,PE,TITAN26APR4480PE,0.0,0.0,0.0,475.85,0.0,475.85,4248.6,265.3,0,0,0,0.0,0,F1,175,,,,,
2026-02-18,2026-02-18,FO,NSE,STO,162980,,TITAN,,2026-02-24,2026-02-24,3900.0,CE,TITAN26FEB3900CE,0.0,0.0,0.0,333.0,333.0,333.0,4248.6,352.15,62300,0,0,0.0,0,F1,175,,,,,
2026-02-18,2026-02-18,FO,NSE,STO,144347,,TITAN,,2026-02-24,2026-02-24,4200.0,CE,TITAN26FEB4200CE,73.7,78.2,50.75,63.05,61.45,67.85,4248.6,63.05,283500,-32375,1676,1250795778.75,1361,F1,175,,,,,
2026-02-18,2026-02-18,FO,NSE,STO,163008,,TITAN,,2026-02-24,2026-02-24,4460.0,CE,TITAN26FEB4460CE,8.3,8.3,2.95,3.55,3.3,5.95,4248.6,3.55,55300,12600,482,376518222.5,380,F1,175,,,,,
2026-02-18,2026-02-18,FO,NSE,STO,144385,,TITAN,,2026-02-24,2026-02-24,4480.0,CE,TITAN26FEB4480CE,5.65,5.8,2.6,3.0,3.0,5.1,4248.6,3.0,80675,10325,553,433922755.0,507,F1,175,,,,,
2026-02-18,2026-02-18,FO,NSE,STO,163010,,TITAN,,2026-02-24,2026-02-24,4500.0,CE,TITAN26FEB4500CE,6.5,6.5,2.0,2.7,2.65,4.65,4248.6,2.7,448175,-58975,3320,2616441826.25,2355,F1,175,,,,,
2026-02-18,2026-02-18,FO,NSE,STO,144389,,TITAN,,2026-02-24,2026-02-24,4560.0,CE,TITAN26FEB4560CE,3.55,3.8,1.75,1.9,1.95,3.25,4248.6,1.9,91175,-350,327,261087583.75,291,F1,175,,,,,
2026-02-18,2026-02-18,FO,NSE,STO,163022,,TITAN,,2026-02-24,2026-02-24,4760.0,CE,TITAN26FEB4760CE,1.5,1.55,0.8,0.95,0.95,1.8,4248.6,0.95,250075,-29925,526,438260068.75,328,F1,175,,,,,
2026-02-18,2026-02-18,FO,NSE,STO,170398,,TITAN,,2026-03-30,2026-03-30,3740.0,CE,TITAN26MAR3740CE,0.0,0.0,0.0,346.35,0.0,346.35,4248.6,533.7,0,0,0,0.0,0,F1,175,,,,,
2026-02-18,2026-02-18,FO,NSE,STO,163094,,TITAN,,2026-03-30,2026-03-30,3960.0,CE,TITAN26MAR3960CE,0.0,0.0,0.0,164.75,164.75,164.75,4248.6,331.0,350,0,0,0.0,0,F1,175,,,,,
2026-02-18,2026-02-18,FO,NSE,STO,170424,,TITAN,,2026-03-30,2026-03-30,4260.0,CE,TITAN26MAR4260CE,118.65,126.0,118.0,120.0,122.0,118.65,4248.6,120.0,7700,6825,54,41379756.25,25,F1,175,,,,,
2026-02-18,2026-02-18,FO,NSE,STO,170492,,TITAN,,2026-04-28,2026-04-28,3600.0,CE,TITAN26APR3600CE,0.0,0.0,0.0,492.25,0.0,492.25,4248.6,689.15,0,0,0,0.0,0,F1,175,,,,,
2026-02-18,2026-02-18,FO,NSE,STO,170498,,TITAN,,2026-04-28,2026-04-28,3720.0,CE,TITAN26APR3720CE,0.0,0.0,0.0,399.9,0.0,399.9,4248.6,575.45,0,0,0,0.0,0,F1,175,,,,,
2026-02-18,2026-02-18,FO,NSE,STO,170508,,TITAN,,2026-04-28,2026-04-28,3920.0,CE,TITAN26APR3920CE,0.0,0.0,0.0,268.35,0.0,268.35,4248.6,398.85,0,0,0,0.0,0,F1,175,,,,,
2026-02-18,2026-02-18,FO,NSE,STO,170514,,TITAN,,2026-04-28,2026-04-28,4040.0,CE,TITAN26APR4040CE,0.0,0.0,0.0,204.55,0.0,204.55,4248.6,305.5,0,0,0,0.0,0,F1,175,,,,,
2026-02-18,2026-02-18,FO,NSE,STO,170534,,TITAN,,2026-04-28,2026-04-28,4440.0,CE,TITAN26APR4440CE,0.0,0.0,0.0,69.5,0.0,69.5,4248.6,92.9,0,0,0,0.0,0,F1,175,,,,,
2026-02-18,2026-02-18,FO,NSE,STO,170536,,TITAN,,2026-04-28,2026-04-28,4480.0,CE,TITAN26APR4480CE,0.0,0.0,0.0,61.45,0.0,61.45,4248.6,80.25,0,0,0,0.0,0,F1,175,,,,,
2026-02-18,2026-02-18,FO,NSE,STO,144238,,TITAN,,2026-02-24,2026-02-24,3480.0,PE,TITAN26FEB3480PE,0.3,0.35,0.15,0.15,0.15,0.75,4248.6,0.05,17500,-350,15,9135735.0,8,F1,175,,,,,
2026-02-18,2026-02-18,FO,NSE,STO,144334,,TITAN,,2026-02-24,2026-02-24,3920.0,PE,TITAN26FEB3920PE,1.35,1.35,0.7,0.85,0.75,2.5,4248.6,0.85,19425,-175,53,36368272.5,28,F1,175,,,,,
2026-02-18,2026-02-18,FO,NSE,STO,162989,,TITAN,,2026-02-24,2026-02-24,4060.0,PE,TITAN26FEB4060PE,4.85,5.2,2.7,3.0,2.75,5.6,4248.6,3.0,30975,-9275,149,105956217.5,102,F1,175,,,,,
2026-02-18,2026-02-18,FO,NSE,STO,170425,,TITAN,,2026-03-30,2026-03-30,4260.0,PE,TITAN26MAR4260PE,136.25,136.25,109.0,109.0,109.0,144.55,4248.6,108.8,525,175,2,1533918.75,2,F1,175,,,,,
2026-02-18,2026-02-18,FO,NSE,STO,170406,,TITAN,,2026-03-30,2026-03-30,3900.0,CE,TITAN26MAR3900CE,0.0,0.0,0.0,380.0,380.0,380.0,4248.6,383.65,700,0,0,0.0,0,F1,175,,,,,
2026-02-18,2026-02-18,FO,NSE,STO,170412,,TITAN,,2026-03-30,2026-03-30,4020.0,CE,TITAN26MAR4020CE,0.0,0.0,0.0,144.15,144.15,144.15,4248.6,281.25,1925,0,0,0.0,0,F1,175,,,,,
2026-02-18,2026-02-18,FO,NSE,STO,170418,,TITAN,,2026-03-30,2026-03-30,4140.0,CE,TITAN26MAR4140CE,0.0,0.0,0.0,249.0,249.0,249.0,4248.6,193.05,1050,0,0,0.0,0,F1,175,,,,,
2026-02-18,2026-02-18,FO,NSE,STO,170432,,TITAN,,2026-03-30,2026-03-30,4420.0,CE,TITAN26MAR4420CE,0.0,0.0,0.0,43.35,0.0,43.35,4248.6,59.4,0,0,0,0.0,0,F1,175,,,,,
2026-02-18,2026-02-18,FO,NSE,STO,170488,,TITAN,,2026-04-28,2026-04-28,3520.0,CE,TITAN26APR3520CE,0.0,0.0,0.0,558.65,0.0,558.65,4248.6,766.65,0,0,0,0.0,0,F1,175,,,,,
2026-02-18,2026-02-18,FO,NSE,STO,170540,,TITAN,,2026-04-28,2026-04-28,4560.0,CE,TITAN26APR4560CE,0.0,0.0,0.0,47.75,0.0,47.75,4248.6,58.95,0,0,0,0.0,0,F1,175,,,,,
2026-02-18,2026-02-18,FO,NSE,STO,144318,,TITAN,,2026-02-24,2026-02-24,3600.0,PE,TITAN26FEB3600PE,0.6,0.9,0.25,0.35,0.25,0.95,4248.6,0.35,83650,-13300,110,69309283.75,79,F1,175,,,,,
2026-02-18,2026-02-18,FO,NSE,STO,162985,,TITAN,,2026-02-24,2026-02-24,3980.0,PE,TITAN26FEB3980PE,3.25,3.35,1.55,1.55,1.55,3.15,4248.6,1.55,30975,-525,55,38328570.0,46,F1,175,,,,,
2026-02-18,2026-02-18,FO,NSE,STO,144346,,TITAN,,2026-02-24,2026-02-24,4160.0,PE,TITAN26FEB4160PE,17.45,18.85,9.85,10.35,10.1,17.35,4248.6,10.35,86625,0,671,489968780.0,527,F1,175,,,,,
2026-02-18,2026-02-18,FO,NSE,STO,162999,,TITAN,,2026-02-24,2026-02-24,4260.0,PE,TITAN26FEB4260PE,57.25,66.6,43.95,45.95,46.65,56.65,4248.6,45.95,47075,-4900,911,687181031.25,708,F1,175,,,,,
2026-02-18,2026-02-18,FO,NSE,STO,163079,,TITAN,,2026-03-30,2026-03-30,3640.0,PE,TITAN26MAR3640PE,0.0,0.0,0.0,35.8,35.8,35.8,4248.6,0.85,1050,0,0,0.0,0,F1,175,,,,,
2026-02-18,2026-02-18,FO,NSE,STO,170417,,TITAN,,2026-03-30,2026-03-30,4100.0,PE,TITAN26MAR4100PE,52.0,60.8,49.1,49.75,49.1,58.1,4248.6,49.75,16275,6650,79,57401881.25,63,F1,175,,,,,
2026-02-18,2026-02-18,FO,NSE,STO,163129,,TITAN,,2026-03-30,2026-03-30,4640.0,PE,TITAN26MAR4640PE,0.0,0.0,0.0,629.8,0.0,629.8,4248.6,380.5,0,0,0,0.0,0,F1,175,,,,,
2026-02-18,2026-02-18,FO,NSE,STO,163133,,TITAN,,2026-03-30,2026-03-30,4720.0,PE,TITAN26MAR4720PE,0.0,0.0,0.0,700.65,0.0,700.65,4248.6,453.05,0,0,0,0.0,0,F1,175,,,,,
2026-02-18,2026-02-18,FO,NSE,STO,170485,,TITAN,,2026-04-28,2026-04-28,3440.0,PE,TITAN26APR3440PE,0.0,0.0,0.0,18.55,0.0,18.55,4248.6,0.75,0,0,0,0.0,0,F1,175,,,,,
2026-02-18,2026-02-18,FO,NSE,STO,170499,,TITAN,,2026-04-28,2026-04-28,3720.0,PE,TITAN26APR3720PE,0.0,0.0,0.0,65.95,0.0,65.95,4248.6,8.35,0,0,0,0.0,0,F1,175,,,,,
2026-02-18,2026-02-18,FO,NSE,STO,170507,,TITAN,,2026-04-28,2026-04-28,3880.0,PE,TITAN26APR3880PE,0.0,0.0,0.0,115.7,0.0,115.7,4248.6,23.65,0,0,0,0.0,0,F1,175,,,,,
2026-02-18,2026-02-18,FO,NSE,STO,170523,,TITAN,,2026-04-28,2026-04-28,4200.0,PE,TITAN26APR4200PE,0.0,0.0,0.0,275.8,0.0,275.8,4248.6,109.05,0,0,0,0.0,0,F1,175,,,,,
2026-02-18,2026-02-18,FO,NSE,STO,170527,,TITAN,,2026-04-28,2026-04-28,4280.0,PE,TITAN26APR4280PE,0.0,0.0,0.0,327.9,0.0,327.9,4248.6,145.7,0,0,0,0.0,0,F1,175,,,,,
2026-02-18,2026-02-18,FO,NSE,STO,144317,,TITAN,,2026-02-24,2026-02-24,3600.0,CE,TITAN26FEB3600CE,0.0,0.0,0.0,530.0,530.0,530.0,4248.6,651.85,700,0,0,0.0,0,F1,175,,,,,
2026-02-18,2026-02-18,FO,NSE,STO,170526,,TITAN,,2026-04-28,2026-04-28,4280.0,CE,TITAN26APR4280CE,0.0,0.0,0.0,110.45,0.0,110.45,4248.6,158.55,0,0,0,0.0,0,F1,175,,,,,
2026-02-18,2026-02-18,FO,NSE,STO,170520,,TITAN,,2026-04-28,2026-04-28,4160.0,CE,TITAN26APR4160CE,0.0,0.0,0.0,152.15,0.0,152.15,4248.6,224.85,0,0,0,0.0,0,F1,175,,,,,
2026-02-18,2026-02-18,FO,NSE,STO,170500,,TITAN,,2026-04-28,2026-04-28,3760.0,CE,TITAN26APR3760CE,0.0,0.0,0.0,371.2,0.0,371.2,4248.6,538.55,0,0,0,0.0,0,F1,175,,,,,
2026-02-18,2026-02-18,FO,NSE,STO,37110,,TITAN,,2026-03-30,2026-03-30,4760.0,CE,TITAN26MAR4760CE,0.0,0.0,0.0,13.0,13.0,13.0,4248.6,7.6,1225,0,0,0.0,0,F1,175,,,,,
2026-02-18,2026-02-18,FO,NSE,STO,163114,,TITAN,,2026-03-30,2026-03-30,4360.0,CE,TITAN26MAR4360CE,0.0,0.0,0.0,82.6,82.6,82.6,4248.6,79.4,4550,0,0,0.0,0,F1,175,,,,,
2026-02-18,2026-02-18,FO,NSE,STO,170422,,TITAN,,2026-03-30,2026-03-30,4220.0,CE,TITAN26MAR4220CE,144.05,144.05,127.35,127.35,127.35,149.1,4248.6,144.2,1575,175,2,1524495.0,2,F1,175,,,,,
2026-02-18,2026-02-18,FO,NSE,STO,163106,,TITAN,,2026-03-30,2026-03-30,4200.0,CE,TITAN26MAR4200CE,159.8,163.0,142.5,151.95,151.0,159.85,4248.6,151.95,43400,14175,162,123361822.5,131,F1,175,,,,,
2026-02-18,2026-02-18,FO,NSE,STO,170410,,TITAN,,2026-03-30,2026-03-30,3980.0,CE,TITAN26MAR3980CE,274.55,274.55,274.55,274.55,274.55,145.0,4248.6,314.05,875,0,1,744546.25,1,F1,175,,,,,
2026-02-18,2026-02-18,FO,NSE,STO,170511,,TITAN,,2026-04-28,2026-04-28,3960.0,PE,TITAN26APR3960PE,0.0,0.0,0.0,148.15,0.0,148.15,4248.6,36.9,0,0,0,0.0,0,F1,175,,,,,
2026-02-18,2026-02-18,FO,NSE,STO,170531,,TITAN,,2026-04-28,2026-04-28,4360.0,PE,TITAN26APR4360PE,0.0,0.0,0.0,384.25,0.0,384.25,4248.6,188.9,0,0,0,0.0,0,F1,175,,,,,
2026-02-18,2026-02-18,FO,NSE,STO,163084,,TITAN,,2026-03-30,2026-03-30,3760.0,CE,TITAN26MAR3760CE,0.0,0.0,0.0,372.15,372.15,372.15,4248.6,514.4,0,0,0,0.0,0,F1,175,,,,,
2026-02-18,2026-02-18,FO,NSE,STO,144341,,TITAN,,2026-02-24,2026-02-24,4080.0,CE,TITAN26FEB4080CE,0.0,0.0,0.0,166.1,165.0,166.1,4248.6,175.1,40425,0,0,0.0,0,F1,175,,,,,
2026-02-18,2026-02-18,FO,NSE,STO,162988,,TITAN,,2026-02-24,2026-02-24,4060.0,CE,TITAN26FEB4060CE,189.55,189.55,182.35,182.55,182.75,181.85,4248.6,182.55,14700,0,3,2228563.75,3,F1,175,,,,,
2026-02-18,2026-02-18,FO,NSE,STO,162978,,TITAN,,2026-02-24,2026-02-24,3860.0,CE,TITAN26FEB3860CE,0.0,0.0,0.0,429.0,429.0,429.0,4248.6,392.1,22400,0,0,0.0,0,F1,175,,,,,
2026-02-18,2026-02-18,FO,NSE,STO,144329,,TITAN,,2026-02-24,2026-02-24,3840.0,CE,TITAN26FEB3840CE,0.0,0.0,0.0,174.4,174.4,174.4,4248.6,412.05,8575,0,0,0.0,0,F1,175,,,,,
2026-02-18,2026-02-18,FO,NSE,STO,162976,,TITAN,,2026-02-24,2026-02-24,3820.0,CE,TITAN26FEB3820CE,0.0,0.0,0.0,296.8,296.8,296.8,4248.6,432.05,1925,0,0,0.0,0,F1,175,,,,,
2026-02-18,2026-02-18,FO,NSE,STO,162974,,TITAN,,2026-02-24,2026-02-24,3780.0,CE,TITAN26FEB3780CE,0.0,0.0,0.0,187.05,187.05,187.05,4248.6,472.0,175,0,0,0.0,0,F1,175,,,,,
2026-02-18,2026-02-18,FO,NSE,STO,144235,,TITAN,,2026-02-24,2026-02-24,3440.0,CE,TITAN26FEB3440CE,0.0,0.0,0.0,503.75,0.0,503.75,4248.6,811.7,0,0,0,0.0,0,F1,175,,,,,
2026-02-18,2026-02-18,FO,NSE,STO,144342,,TITAN,,2026-02-24,2026-02-24,4080.0,PE,TITAN26FEB4080PE,4.65,6.8,3.3,3.5,3.7,6.65,4248.6,3.5,27300,-9975,173,123661895.0,146,F1,175,,,,,
2026-02-18,2026-02-18,FO,NSE,STO,144340,,TITAN,,2026-02-24,2026-02-24,4040.0,PE,TITAN26FEB4040PE,4.15,4.4,2.4,2.6,2.4,4.95,4248.6,2.6,42700,-2100,89,62976655.0,81,F1,175,,,,,
2026-02-18,2026-02-18,FO,NSE,STO,144322,,TITAN,,2026-02-24,2026-02-24,3680.0,PE,TITAN26FEB3680PE,0.55,0.55,0.25,0.4,0.55,1.05,4248.6,0.4,7350,175,6,3864472.5,5,F1,175,,,,,
2026-02-18,2026-02-18,FO,NSE,STO,162991,,TITAN,,2026-02-24,2026-02-24,4100.0,PE,TITAN26FEB4100PE,7.05,8.35,4.45,4.6,4.5,8.55,4248.6,4.6,178325,-9275,688,494359976.25,525,F1,175,,,,,
2026-02-18,2026-02-18,FO,NSE,STO,144348,,TITAN,,2026-02-24,2026-02-24,4200.0,PE,TITAN26FEB4200PE,26.95,32.6,17.9,19.15,19.8,28.55,4248.6,19.15,242375,-21175,2852,2107958623.75,2325,F1,175,,,,,
2026-02-18,2026-02-18,FO,NSE,STO,163007,,TITAN,,2026-02-24,2026-02-24,4420.0,PE,TITAN26FEB4420PE,0.0,0.0,0.0,198.1,198.1,198.1,4248.6,171.1,2800,0,0,0.0,0,F1,175,,,,,
2026-02-18,2026-02-18,FO,NSE,STO,163023,,TITAN,,2026-02-24,2026-02-24,4760.0,PE,TITAN26FEB4760PE,0.0,0.0,0.0,555.9,555.9,555.9,4248.6,507.1,175,0,0,0.0,0,F1,175,,,,,
2026-02-18,2026-02-18,FO,NSE,STO,163075,,TITAN,,2026-03-30,2026-03-30,3560.0,PE,TITAN26MAR3560PE,0.0,0.0,0.0,36.35,0.0,36.35,4248.6,0.3,0,0,0,0.0,0,F1,175,,,,,
2026-02-18,2026-02-18,FO,NSE,STO,170401,,TITAN,,2026-03-30,2026-03-30,3780.0,PE,TITAN26MAR3780PE,0.0,0.0,0.0,68.0,68.0,68.0,4248.6,3.95,4900,0,0,0.0,0,F1,175,,,,,
2026-02-18,2026-02-18,FO,NSE,STO,163091,,TITAN,,2026-03-30,2026-03-30,3880.0,PE,TITAN26MAR3880PE,0.0,0.0,0.0,123.5,0.0,123.5,4248.6,9.85,0,0,0,0.0,0,F1,175,,,,,
2026-02-18,2026-02-18,FO,NSE,STO,170407,,TITAN,,2026-03-30,2026-03-30,3900.0,PE,TITAN26MAR3900PE,23.35,23.5,20.0,20.0,20.0,22.5,4248.6,11.6,1575,-175,3,2059198.75,3,F1,175,,,,,
2026-02-18,2026-02-18,FO,NSE,STO,163095,,TITAN,,2026-03-30,2026-03-30,3960.0,PE,TITAN26MAR3960PE,0.0,0.0,0.0,157.45,0.0,157.45,4248.6,18.6,0,0,0,0.0,0,F1,175,,,,,
2026-02-18,2026-02-18,FO,NSE,STO,163099,,TITAN,,2026-03-30,2026-03-30,4040.0,PE,TITAN26MAR4040PE,0.0,0.0,0.0,196.6,0.0,196.6,4248.6,32.55,0,0,0,0.0,0,F1,175,,,,,
2026-02-18,2026-02-18,FO,NSE,STO,170429,,TITAN,,2026-03-30,2026-03-30,4340.0,PE,TITAN26MAR4340PE,0.0,0.0,0.0,356.8,0.0,356.8,4248.6,152.4,0,0,0,0.0,0,F1,175,,,,,
2026-02-18,2026-02-18,FO,NSE,STO,163124,,TITAN,,2026-03-30,2026-03-30,4560.0,CE,TITAN26MAR4560CE,0.0,0.0,0.0,45.25,45.25,45.25,4248.6,27.7,2275,0,0,0.0,0,F1,175,,,,,
2026-02-18,2026-02-18,FO,NSE,STO,170522,,TITAN,,2026-04-28,2026-04-28,4200.0,CE,TITAN26APR4200CE,0.0,0.0,0.0,137.1,0.0,137.1,4248.6,201.1,0,0,0,0.0,0,F1,175,,,,,
2026-02-18,2026-02-18,FO,NSE,STO,164299,,TRENT,,2026-03-30,2026-03-30,4200.0,PE,TRENT26MAR4200PE,141.2,174.0,140.0,143.75,146.0,158.9,4187.15,143.75,18300,4000,141,61437030.0,127,F1,100,,,,,
2026-02-18,2026-02-18,FO,NSE,STO,171191,,TRENT,,2026-04-28,2026-04-28,4800.0,PE,TRENT26APR4800PE,0.0,0.0,0.0,1003.2,0.0,1003.2,4187.15,642.35,0,0,0,0.0,0,F1,100,,,,,
2026-02-18,2026-02-18,FO,NSE,STO,164225,,TRENT,,2026-02-24,2026-02-24,4150.0,PE,TRENT26FEB4150PE,56.4,67.1,33.85,36.2,38.65,54.4,4187.15,36.2,159900,-35800,2676,1123985480.0,2018,F1,100,,,,,
2026-02-18,2026-02-18,FO,NSE,STO,164223,,TRENT,,2026-02-24,2026-02-24,4100.0,PE,TRENT26FEB4100PE,32.25,42.0,17.8,19.75,20.9,33.95,4187.15,19.75,158900,-5200,3519,1453556640.0,3126,F1,100,,,,,
2026-02-18,2026-02-18,FO,NSE,STO,164197,,TRENT,,2026-02-24,2026-02-24,3250.0,PE,TRENT26FEB3250PE,0.0,0.0,0.0,1.25,1.25,1.25,4187.15,0.05,6200,0,0,0.0,0,F1,100,,,,,
2026-02-18,2026-02-18,FO,NSE,STO,164247,,TRENT,,2026-02-24,2026-02-24,4900.0,PE,TRENT26FEB4900PE,0.0,0.0,0.0,726.1,0.0,726.1,4187.15,708.45,0,0,0,0.0,0,F1,100,,,,,
2026-02-18,2026-02-18,FO,NSE,STO,146420,,TRENT,,2026-02-24,2026-02-24,4800.0,PE,TRENT26FEB4800PE,645.0,650.0,645.0,647.15,647.15,562.0,4187.15,608.6,17800,-200,4,2178930.0,4,F1,100,,,,,
2026-02-18,2026-02-18,FO,NSE,STO,171128,,TRENT,,2026-03-30,2026-03-30,4450.0,CE,TRENT26MAR4450CE,0.0,0.0,0.0,103.3,103.3,103.3,4187.15,104.35,200,0,0,0.0,0,F1,100,,,,,
2026-02-18,2026-02-18,FO,NSE,STO,171116,,TRENT,,2026-03-30,2026-03-30,3850.0,CE,TRENT26MAR3850CE,0.0,0.0,0.0,360.0,360.0,360.0,4187.15,419.6,300,0,0,0.0,0,F1,100,,,,,
2026-02-18,2026-02-18,FO,NSE,STO,164224,,TRENT,,2026-02-24,2026-02-24,4150.0,CE,TRENT26FEB4150CE,80.45,89.5,50.2,66.6,63.7,76.2,4187.15,66.6,150400,5800,2584,1088696180.0,2172,F1,100,,,,,
2026-02-18,2026-02-18,FO,NSE,STO,146353,,TRENT,,2026-02-24,2026-02-24,4000.0,CE,TRENT26FEB4000CE,178.4,204.25,146.05,185.6,180.65,181.95,4187.15,185.6,243200,-3100,261,108744395.0,235,F1,100,,,,,
2026-02-18,2026-02-18,FO,NSE,STO,171168,,TRENT,,2026-04-28,2026-04-28,3700.0,CE,TRENT26APR3700CE,0.0,0.0,0.0,398.5,0.0,398.5,4187.15,588.75,0,0,0,0.0,0,F1,100,,,,,
2026-02-18,2026-02-18,FO,NSE,STO,164201,,TRENT,,2026-02-24,2026-02-24,3350.0,PE,TRENT26FEB3350PE,0.15,1.2,0.15,1.2,1.2,1.45,4187.15,0.05,7900,-3700,62,20777200.0,27,F1,100,,,,,
2026-02-18,2026-02-18,FO,NSE,STO,164279,,TRENT,,2026-03-30,2026-03-30,3200.0,PE,TRENT26MAR3200PE,0.0,0.0,0.0,3.1,3.1,3.1,4187.15,1.35,5700,0,0,0.0,0,F1,100,,,,,
2026-02-18,2026-02-18,FO,NSE,STO,164313,,TRENT,,2026-03-30,2026-03-30,4900.0,PE,TRENT26MAR4900PE,730.0,732.0,695.0,695.0,695.0,720.0,4187.15,695.0,3000,1800,18,10116875.0,13,F1,100,,,,,
2026-02-18,2026-02-18,FO,NSE,STO,171185,,TRENT,,2026-04-28,2026-04-28,4500.0,PE,TRENT26APR4500PE,0.0,0.0,0.0,756.2,0.0,756.2,4187.15,418.6,0,0,0,0.0,0,F1,100,,,,,
2026-02-18,2026-02-18,FO,NSE,STO,164290,,TRENT,,2026-03-30,2026-03-30,3800.0,CE,TRENT26MAR3800CE,0.0,0.0,0.0,365.0,365.0,365.0,4187.15,458.3,1100,0,0,0.0,0,F1,100,,,,,
2026-02-18,2026-02-18,FO,NSE,STO,164308,,TRENT,,2026-03-30,2026-03-30,4700.0,CE,TRENT26MAR4700CE,31.1,33.8,22.35,24.85,24.45,31.25,4187.15,24.85,34800,11100,275,129971810.0,210,F1,100,,,,,
2026-02-18,2026-02-18,FO,NSE,STO,164298,,TRENT,,2026-03-30,2026-03-30,4200.0,CE,TRENT26MAR4200CE,163.05,175.15,139.95,154.85,153.0,163.95,4187.15,154.85,58400,12900,453,197018580.0,331,F1,100,,,,,
2026-02-18,2026-02-18,FO,NSE,STO,164292,,TRENT,,2026-03-30,2026-03-30,3900.0,CE,TRENT26MAR3900CE,320.0,339.0,320.0,339.0,339.0,430.0,4187.15,382.65,1200,500,5,2117600.0,4,F1,100,,,,,
2026-02-18,2026-02-18,FO,NSE,STO,164288,,TRENT,,2026-03-30,2026-03-30,3700.0,CE,TRENT26MAR3700CE,0.0,0.0,0.0,463.0,463.0,463.0,4187.15,540.3,100,0,0,0.0,0,F1,100,,,,,
2026-02-18,2026-02-18,FO,NSE,STO,164312,,TRENT,,2026-03-30,2026-03-30,4900.0,CE,TRENT26MAR4900CE,0.0,0.0,0.0,144.0,0.0,144.0,4187.15,24.4,0,0,0,0.0,0,F1,100,,,,,
2026-02-18,2026-02-18,FO,NSE,STO,171132,,TRENT,,2026-03-30,2026-03-30,4650.0,CE,TRENT26MAR4650CE,0.0,0.0,0.0,51.6,0.0,51.6,4187.15,57.05,0,0,0,0.0,0,F1,100,,,,,
2026-02-18,2026-02-18,FO,NSE,STO,164306,,TRENT,,2026-03-30,2026-03-30,4600.0,CE,TRENT26MAR4600CE,45.0,46.7,32.45,35.85,35.7,43.5,4187.15,35.85,41200,11400,330,153011415.0,243,F1,100,,,,,
2026-02-18,2026-02-18,FO,NSE,STO,146419,,TRENT,,2026-02-24,2026-02-24,4800.0,CE,TRENT26FEB4800CE,2.3,2.3,1.35,2.05,1.65,2.3,4187.15,2.05,83400,-5600,371,178149870.0,243,F1,100,,,,,
2026-02-18,2026-02-18,FO,NSE,STO,146413,,TRENT,,2026-02-24,2026-02-24,4200.0,CE,TRENT26FEB4200CE,52.8,64.0,33.0,42.75,41.2,52.8,4187.15,42.75,409800,39000,7906,3354634550.0,5686,F1,100,,,,,
2026-02-18,2026-02-18,FO,NSE,STO,164222,,TRENT,,2026-02-24,2026-02-24,4100.0,CE,TRENT26FEB4100CE,112.0,123.1,74.5,99.8,96.75,106.85,4187.15,99.8,235900,-32600,2750,1152690110.0,2244,F1,100,,,,,
2026-02-18,2026-02-18,FO,NSE,STO,164202,,TRENT,,2026-02-24,2026-02-24,3450.0,CE,TRENT26FEB3450CE,0.0,0.0,0.0,828.35,828.35,828.35,4187.15,740.25,1200,0,0,0.0,0,F1,100,,,,,
2026-02-18,2026-02-18,FO,NSE,STF,67032,,TRENT,,2026-04-28,2026-04-28,,,TRENT26APRFUT,4237.0,4249.1,4190.0,4235.1,4233.0,4224.1,4187.15,4235.1,78500,4900,149,62765480.0,144,F1,100,,,,,
2026-02-18,2026-02-18,FO,NSE,STO,171186,,TRENT,,2026-04-28,2026-04-28,4600.0,CE,TRENT26APR4600CE,0.0,0.0,0.0,101.55,0.0,101.55,4187.15,123.5,0,0,0,0.0,0,F1,100,,,,,
2026-02-18,2026-02-18,FO,NSE,STO,171169,,TRENT,,2026-04-28,2026-04-28,3700.0,PE,TRENT26APR3700PE,0.0,0.0,0.0,246.7,0.0,246.7,4187.15,63.35,0,0,0,0.0,0,F1,100,,,,,
2026-02-18,2026-02-18,FO,NSE,STO,171133,,TRENT,,2026-03-30,2026-03-30,4650.0,PE,TRENT26MAR4650PE,0.0,0.0,0.0,857.85,0.0,857.85,4187.15,491.95,0,0,0,0.0,0,F1,100,,,,,
2026-02-18,2026-02-18,FO,NSE,STO,164293,,TRENT,,2026-03-30,2026-03-30,3900.0,PE,TRENT26MAR3900PE,51.15,58.05,42.4,43.25,43.2,51.95,4187.15,43.25,31300,1800,149,58837430.0,122,F1,100,,,,,
2026-02-18,2026-02-18,FO,NSE,STO,164233,,TRENT,,2026-02-24,2026-02-24,4450.0,PE,TRENT26FEB4450PE,272.15,318.35,272.15,294.1,294.1,251.25,4187.15,267.3,2300,200,6,2852500.0,6,F1,100,,,,,
2026-02-18,2026-02-18,FO,NSE,STO,164193,,TRENT,,2026-02-24,2026-02-24,3100.0,PE,TRENT26FEB3100PE,0.4,0.6,0.25,0.6,0.6,0.9,4187.15,0.6,17000,-1500,37,11471330.0,19,F1,100,,,,,
2026-02-18,2026-02-18,FO,NSE,STO,171190,,TRENT,,2026-04-28,2026-04-28,4800.0,CE,TRENT26APR4800CE,0.0,0.0,0.0,71.8,0.0,71.8,4187.15,79.15,0,0,0,0.0,0,F1,100,,,,,
2026-02-18,2026-02-18,FO,NSE,STO,171170,,TRENT,,2026-04-28,2026-04-28,3800.0,CE,TRENT26APR3800CE,0.0,0.0,0.0,300.0,300.0,300.0,4187.15,513.5,1000,0,0,0.0,0,F1,100,,,,,
2026-02-18,2026-02-18,FO,NSE,STO,164242,,TRENT,,2026-02-24,2026-02-24,4750.0,CE,TRENT26FEB4750CE,2.5,2.5,1.3,2.15,2.15,2.5,4187.15,0.15,12900,-2600,45,21382750.0,34,F1,100,,,,,
2026-02-18,2026-02-18,FO,NSE,STO,146412,,TRENT,,2026-02-24,2026-02-24,4000.0,PE,TRENT26FEB4000PE,12.2,14.4,5.9,6.3,6.85,12.4,4187.15,6.3,315800,-15200,2375,952386895.0,2024,F1,100,,,,,
2026-02-18,2026-02-18,FO,NSE,STO,171171,,TRENT,,2026-04-28,2026-04-28,3800.0,PE,TRENT26APR3800PE,0.0,0.0,0.0,295.1,0.0,295.1,4187.15,87.05,0,0,0,0.0,0,F1,100,,,,,
2026-02-18,2026-02-18,FO,NSE,STO,164209,,TRENT,,2026-02-24,2026-02-24,3650.0,PE,TRENT26FEB3650PE,2.4,3.0,1.45,2.35,2.8,2.6,4187.15,2.35,27800,-6500,351,128199750.0,307,F1,100,,,,,
2026-02-18,2026-02-18,FO,NSE,STO,171162,,TRENT,,2026-04-28,2026-04-28,3400.0,CE,TRENT26APR3400CE,0.0,0.0,0.0,578.55,0.0,578.55,4187.15,842.35,0,0,0,0.0,0,F1,100,,,,,
2026-02-18,2026-02-18,FO,NSE,STO,171114,,TRENT,,2026-03-30,2026-03-30,3750.0,CE,TRENT26MAR3750CE,0.0,0.0,0.0,308.4,0.0,308.4,4187.15,498.55,0,0,0,0.0,0,F1,100,,,,,
2026-02-18,2026-02-18,FO,NSE,STO,164240,,TRENT,,2026-02-24,2026-02-24,4700.0,CE,TRENT26FEB4700CE,2.6,2.7,1.7,2.0,2.0,3.0,4187.15,2.0,106700,-8200,542,254852690.0,426,F1,100,,,,,
2026-02-18,2026-02-18,FO,NSE,STO,171173,,TRENT,,2026-04-28,2026-04-28,3900.0,PE,TRENT26APR3900PE,0.0,0.0,0.0,348.35,0.0,348.35,4187.15,116.3,0,0,0,0.0,0,F1,100,,,,,
2026-02-18,2026-02-18,FO,NSE,STO,164311,,TRENT,,2026-03-30,2026-03-30,4800.0,PE,TRENT26MAR4800PE,625.0,642.25,620.0,623.1,623.1,620.0,4187.15,618.7,2900,2300,33,17933990.0,21,F1,100,,,,,
2026-02-18,2026-02-18,FO,NSE,STO,164303,,TRENT,,2026-03-30,2026-03-30,4400.0,PE,TRENT26MAR4400PE,288.85,292.0,259.9,261.3,259.9,290.5,4187.15,261.3,5500,1600,23,10748130.0,18,F1,100,,,,,
2026-02-18,2026-02-18,FO,NSE,STO,171121,,TRENT,,2026-03-30,2026-03-30,4050.0,PE,TRENT26MAR4050PE,0.0,0.0,0.0,393.7,0.0,393.7,4187.15,121.45,0,0,0,0.0,0,F1,100,,,,,
2026-02-18,2026-02-18,FO,NSE,STO,171113,,TRENT,,2026-03-30,2026-03-30,3650.0,PE,TRENT26MAR3650PE,0.0,0.0,0.0,179.1,0.0,179.1,4187.15,24.25,0,0,0,0.0,0,F1,100,,,,,
2026-02-18,2026-02-18,FO,NSE,STO,164219,,TRENT,,2026-02-24,2026-02-24,3950.0,PE,TRENT26FEB3950PE,7.0,8.55,3.8,4.05,4.45,8.15,4187.15,4.05,143300,-2600,1040,411364045.0,834,F1,100,,,,,
2026-02-18,2026-02-18,FO,NSE,STO,146350,,TRENT,,2026-02-24,2026-02-24,3600.0,PE,TRENT26FEB3600PE,3.05,3.05,1.55,1.9,1.85,2.55,4187.15,1.9,124900,-7500,318,114542535.0,201,F1,100,,,,,
2026-02-18,2026-02-18,FO,NSE,STO,164207,,TRENT,,2026-02-24,2026-02-24,3550.0,PE,TRENT26FEB3550PE,2.8,2.8,1.7,2.45,2.45,2.8,4187.15,0.05,98200,0,8,2841735.0,7,F1,100,,,,,
2026-02-18,2026-02-18,FO,NSE,STO,171188,,TRENT,,2026-04-28,2026-04-28,4700.0,CE,TRENT26APR4700CE,0.0,0.0,0.0,85.5,0.0,85.5,4187.15,99.25,0,0,0,0.0,0,F1,100,,,,,
2026-02-18,2026-02-18,FO,NSE,STO,164208,,TRENT,,2026-02-24,2026-02-24,3650.0,CE,TRENT26FEB3650CE,0.0,0.0,0.0,530.45,531.0,530.45,4187.15,540.5,24100,0,0,0.0,0,F1,100,,,,,
2026-02-18,2026-02-18,FO,NSE,STO,164276,,TRENT,,2026-03-30,2026-03-30,3100.0,CE,TRENT26MAR3100CE,0.0,0.0,0.0,1173.85,0.0,1173.85,4187.15,1106.35,0,0,0,0.0,0,F1,100,,,,,
2026-02-18,2026-02-18,FO,NSE,STO,171120,,TRENT,,2026-03-30,2026-03-30,4050.0,CE,TRENT26MAR4050CE,0.0,0.0,0.0,251.3,246.0,251.3,4187.15,282.95,900,0,0,0.0,0,F1,100,,,,,
2026-02-18,2026-02-18,FO,NSE,STO,171124,,TRENT,,2026-03-30,2026-03-30,4250.0,CE,TRENT26MAR4250CE,143.0,143.0,119.1,131.6,132.4,143.0,4187.15,131.6,5100,800,27,11813445.0,27,F1,100,,,,,
2026-02-18,2026-02-18,FO,NSE,STO,164304,,TRENT,,2026-03-30,2026-03-30,4500.0,CE,TRENT26MAR4500CE,60.05,65.05,47.0,52.2,51.5,61.05,4187.15,52.2,101800,17500,643,292616505.0,471,F1,100,,,,,
2026-02-18,2026-02-18,FO,NSE,STO,164310,,TRENT,,2026-03-30,2026-03-30,4800.0,CE,TRENT26MAR4800CE,0.0,0.0,0.0,167.35,0.0,167.35,4187.15,34.7,0,0,0,0.0,0,F1,100,,,,,
2026-02-18,2026-02-18,FO,NSE,STO,171158,,TRENT,,2026-04-28,2026-04-28,3200.0,CE,TRENT26APR3200CE,0.0,0.0,0.0,722.6,0.0,722.6,4187.15,1027.85,0,0,0,0.0,0,F1,100,,,,,
2026-02-18,2026-02-18,FO,NSE,STO,171178,,TRENT,,2026-04-28,2026-04-28,4200.0,CE,TRENT26APR4200CE,0.0,0.0,0.0,194.3,0.0,194.3,4187.15,271.0,0,0,0,0.0,0,F1,100,,,,,
2026-02-18,2026-02-18,FO,NSE,STO,171181,,TRENT,,2026-04-28,2026-04-28,4300.0,PE,TRENT26APR4300PE,0.0,0.0,0.0,605.15,0.0,605.15,4187.15,294.05,0,0,0,0.0,0,F1,100,,,,,
2026-02-18,2026-02-18,FO,NSE,STO,171106,,TRENT,,2026-03-30,2026-03-30,3350.0,CE,TRENT26MAR3350CE,0.0,0.0,0.0,560.05,0.0,560.05,4187.15,861.4,0,0,0,0.0,0,F1,100,,,,,
2026-02-18,2026-02-18,FO,NSE,STO,164280,,TRENT,,2026-03-30,2026-03-30,3300.0,CE,TRENT26MAR3300CE,0.0,0.0,0.0,996.8,0.0,996.8,4187.15,909.9,0,0,0,0.0,0,F1,100,,,,,
2026-02-18,2026-02-18,FO,NSE,STO,164278,,TRENT,,2026-03-30,2026-03-30,3200.0,CE,TRENT26MAR3200CE,0.0,0.0,0.0,1084.05,0.0,1084.05,4187.15,1007.7,0,0,0,0.0,0,F1,100,,,,,
2026-02-18,2026-02-18,FO,NSE,STO,164246,,TRENT,,2026-02-24,2026-02-24,4900.0,CE,TRENT26FEB4900CE,0.95,1.8,0.95,1.5,1.65,1.8,4187.15,1.5,17200,1300,43,21075730.0,40,F1,100,,,,,
2026-02-18,2026-02-18,FO,NSE,STO,164226,,TRENT,,2026-02-24,2026-02-24,4250.0,CE,TRENT26FEB4250CE,35.0,43.9,20.9,26.2,24.9,35.95,4187.15,26.2,185800,-100,4361,1865260915.0,3397,F1,100,,,,,
2026-02-18,2026-02-18,FO,NSE,STO,146351,,TRENT,,2026-02-24,2026-02-24,3800.0,CE,TRENT26FEB3800CE,393.35,393.35,339.65,381.3,385.4,381.9,4187.15,381.3,108600,-3500,63,26269525.0,53,F1,100,,,,,
2026-02-18,2026-02-18,FO,NSE,STO,164198,,TRENT,,2026-02-24,2026-02-24,3300.0,CE,TRENT26FEB3300CE,0.0,0.0,0.0,877.0,877.0,877.0,4187.15,890.15,1200,0,0,0.0,0,F1,100,,,,,
2026-02-18,2026-02-18,FO,NSE,STO,164301,,TRENT,,2026-03-30,2026-03-30,4300.0,PE,TRENT26MAR4300PE,205.0,230.35,200.0,200.0,200.0,210.0,4187.15,200.0,13700,800,27,12191020.0,25,F1,100,,,,,
2026-02-18,2026-02-18,FO,NSE,STO,164294,,TRENT,,2026-03-30,2026-03-30,4000.0,CE,TRENT26MAR4000CE,285.0,285.0,254.6,275.0,275.0,275.6,4187.15,275.0,14100,1600,27,11526295.0,11,F1,100,,,,,
2026-02-18,2026-02-18,FO,NSE,STO,171126,,TRENT,,2026-03-30,2026-03-30,4350.0,CE,TRENT26MAR4350CE,85.3,89.45,84.45,86.0,86.0,97.0,4187.15,137.5,3100,500,14,6211100.0,14,F1,100,,,,,
2026-02-18,2026-02-18,FO,NSE,STO,164241,,TRENT,,2026-02-24,2026-02-24,4700.0,PE,TRENT26FEB4700PE,546.0,546.0,546.0,546.0,546.0,524.0,4187.15,508.95,16100,-100,1,524600.0,1,F1,100,,,,,
2026-02-18,2026-02-18,FO,NSE,STO,164245,,TRENT,,2026-02-24,2026-02-24,4850.0,PE,TRENT26FEB4850PE,0.0,0.0,0.0,1068.2,1070.0,1068.2,4187.15,658.5,500,0,0,0.0,0,F1,100,,,,,
2026-02-18,2026-02-18,FO,NSE,STO,164283,,TRENT,,2026-03-30,2026-03-30,3400.0,PE,TRENT26MAR3400PE,0.0,0.0,0.0,18.0,18.0,18.0,4187.15,5.8,700,0,0,0.0,0,F1,100,,,,,
2026-02-18,2026-02-18,FO,NSE,STO,171119,,TRENT,,2026-03-30,2026-03-30,3950.0,PE,TRENT26MAR3950PE,0.0,0.0,0.0,45.0,45.0,45.0,4187.15,86.6,800,0,0,0.0,0,F1,100,,,,,
2026-02-18,2026-02-18,FO,NSE,STO,164297,,TRENT,,2026-03-30,2026-03-30,4100.0,PE,TRENT26MAR4100PE,105.8,123.25,96.25,98.35,96.25,111.15,4187.15,98.35,32000,2700,85,35796795.0,64,F1,100,,,,,
2026-02-18,2026-02-18,FO,NSE,STO,171129,,TRENT,,2026-03-30,2026-03-30,4450.0,PE,TRENT26MAR4450PE,0.0,0.0,0.0,688.9,0.0,688.9,4187.15,340.45,0,0,0,0.0,0,F1,100,,,,,
2026-02-18,2026-02-18,FO,NSE,STO,164205,,TRENT,,2026-02-24,2026-02-24,3500.0,PE,TRENT26FEB3500PE,1.75,1.9,1.6,1.65,1.65,2.2,4187.15,1.65,78500,3000,100,35017725.0,49,F1,100,,,,,
2026-02-18,2026-02-18,FO,NSE,STO,164284,,TRENT,,2026-03-30,2026-03-30,3500.0,CE,TRENT26MAR3500CE,0.0,0.0,0.0,545.0,545.0,545.0,4187.15,718.95,200,0,0,0.0,0,F1,100,,,,,
2026-02-18,2026-02-18,FO,NSE,STO,171122,,TRENT,,2026-03-30,2026-03-30,4150.0,CE,TRENT26MAR4150CE,229.5,229.5,165.1,179.05,180.7,265.0,4187.15,179.05,1500,900,25,10817400.0,25,F1,100,,,,,
2026-02-18,2026-02-18,FO,NSE,STO,164289,,TRENT,,2026-03-30,2026-03-30,3700.0,PE,TRENT26MAR3700PE,20.2,25.55,17.6,17.9,18.1,23.15,4187.15,17.9,57300,6600,189,70348410.0,129,F1,100,,,,,
2026-02-18,2026-02-18,FO,NSE,STO,171127,,TRENT,,2026-03-30,2026-03-30,4350.0,PE,TRENT26MAR4350PE,243.0,243.0,242.0,243.0,243.0,609.2,4187.15,274.25,800,800,8,3674100.0,5,F1,100,,,,,
2026-02-18,2026-02-18,FO,NSE,STO,171180,,TRENT,,2026-04-28,2026-04-28,4300.0,CE,TRENT26APR4300CE,0.0,0.0,0.0,166.1,0.0,166.1,4187.15,225.7,0,0,0,0.0,0,F1,100,,,,,
2026-02-18,2026-02-18,FO,NSE,STO,164235,,TRENT,,2026-02-24,2026-02-24,4500.0,PE,TRENT26FEB4500PE,357.2,363.45,319.5,323.55,325.8,333.0,4187.15,323.55,25700,-2500,43,20830070.0,37,F1,100,,,,,
2026-02-18,2026-02-18,FO,NSE,STO,171165,,TRENT,,2026-04-28,2026-04-28,3500.0,PE,TRENT26APR3500PE,0.0,0.0,0.0,164.75,0.0,164.75,4187.15,30.5,0,0,0,0.0,0,F1,100,,,,,
2026-02-18,2026-02-18,FO,NSE,STO,164231,,TRENT,,2026-02-24,2026-02-24,4350.0,PE,TRENT26FEB4350PE,198.1,223.25,177.35,181.3,186.0,195.8,4187.15,181.3,23700,-2000,66,30085170.0,53,F1,100,,,,,
2026-02-18,2026-02-18,FO,NSE,STO,171131,,TRENT,,2026-03-30,2026-03-30,4550.0,PE,TRENT26MAR4550PE,0.0,0.0,0.0,508.0,508.0,508.0,4187.15,413.35,1000,0,0,0.0,0,F1,100,,,,,
2026-02-18,2026-02-18,FO,NSE,STO,146424,,TRENT,,2026-02-24,2026-02-24,5200.0,PE,TRENT26FEB5200PE,1074.65,1075.0,1024.55,1024.55,1024.55,981.9,4187.15,1024.55,2200,-1100,21,13146275.0,9,F1,100,,,,,
2026-02-18,2026-02-18,FO,NSE,STO,164277,,TRENT,,2026-03-30,2026-03-30,3100.0,PE,TRENT26MAR3100PE,0.0,0.0,0.0,4.45,4.45,4.45,4187.15,0.55,2100,0,0,0.0,0,F1,100,,,,,
2026-02-18,2026-02-18,FO,NSE,STO,171111,,TRENT,,2026-03-30,2026-03-30,3550.0,PE,TRENT26MAR3550PE,0.0,0.0,0.0,140.15,0.0,140.15,4187.15,14.3,0,0,0,0.0,0,F1,100,,,,,
2026-02-18,2026-02-18,FO,NSE,STO,164236,,TRENT,,2026-02-24,2026-02-24,4550.0,CE,TRENT26FEB4550CE,6.1,6.25,3.05,3.55,3.5,5.75,4187.15,3.55,54300,5600,572,260489400.0,461,F1,100,,,,,
2026-02-18,2026-02-18,FO,NSE,STO,171125,,TRENT,,2026-03-30,2026-03-30,4250.0,PE,TRENT26MAR4250PE,180.0,198.9,180.0,188.35,188.35,186.35,4187.15,215.35,600,100,5,2219515.0,5,F1,100,,,,,
2026-02-18,2026-02-18,FO,NSE,STO,164212,,TRENT,,2026-02-24,2026-02-24,3750.0,CE,TRENT26FEB3750CE,439.9,439.9,392.25,398.55,398.55,430.55,4187.15,440.95,27500,-700,18,7493700.0,18,F1,100,,,,,
2026-02-18,2026-02-18,FO,NSE,STO,164286,,TRENT,,2026-03-30,2026-03-30,3600.0,CE,TRENT26MAR3600CE,0.0,0.0,0.0,754.65,0.0,754.65,4187.15,627.55,0,0,0,0.0,0,F1,100,,,,,
2026-02-18,2026-02-18,FO,NSE,STO,171179,,TRENT,,2026-04-28,2026-04-28,4200.0,PE,TRENT26APR4200PE,0.0,0.0,0.0,534.9,0.0,534.9,4187.15,240.4,0,0,0,0.0,0,F1,100,,,,,
2026-02-18,2026-02-18,FO,NSE,STO,171187,,TRENT,,2026-04-28,2026-04-28,4600.0,PE,TRENT26APR4600PE,0.0,0.0,0.0,836.0,0.0,836.0,4187.15,488.75,0,0,0,0.0,0,F1,100,,,,,
2026-02-18,2026-02-18,FO,NSE,STO,171160,,TRENT,,2026-04-28,2026-04-28,3300.0,CE,TRENT26APR3300CE,0.0,0.0,0.0,648.4,0.0,648.4,4187.15,933.9,0,0,0,0.0,0,F1,100,,,,,
2026-02-18,2026-02-18,FO,NSE,STO,164221,,TRENT,,2026-02-24,2026-02-24,4050.0,PE,TRENT26FEB4050PE,21.65,24.85,9.95,10.85,11.05,20.95,4187.15,10.85,111600,-1600,1769,719548025.0,1629,F1,100,,,,,
2026-02-18,2026-02-18,FO,NSE,STO,171109,,TRENT,,2026-03-30,2026-03-30,3450.0,PE,TRENT26MAR3450PE,0.0,0.0,0.0,36.45,36.45,36.45,4187.15,7.95,400,0,0,0.0,0,F1,100,,,,,
2026-02-18,2026-02-18,FO,NSE,STF,52061,,TRENT,,2026-03-30,2026-03-30,,,TRENT26MARFUT,4171.1,4223.8,4161.0,4207.5,4202.3,4204.4,4187.15,4207.5,937000,348000,4451,1864199990.0,2650,F1,100,,,,,
2026-02-18,2026-02-18,FO,NSE,STO,146301,,TRENT,,2026-02-24,2026-02-24,3400.0,CE,TRENT26FEB3400CE,0.0,0.0,0.0,750.75,750.75,750.75,4187.15,790.2,5300,0,0,0.0,0,F1,100,,,,,
2026-02-18,2026-02-18,FO,NSE,STO,164206,,TRENT,,2026-02-24,2026-02-24,3550.0,CE,TRENT26FEB3550CE,0.0,0.0,0.0,312.2,312.2,312.2,4187.15,640.35,1900,0,0,0.0,0,F1,100,,,,,
2026-02-18,2026-02-18,FO,NSE,STO,146303,,TRENT,,2026-02-24,2026-02-24,3600.0,CE,TRENT26FEB3600CE,0.0,0.0,0.0,618.65,618.65,618.65,4187.15,590.4,23400,0,0,0.0,0,F1,100,,,,,
2026-02-18,2026-02-18,FO,NSE,STO,164210,,TRENT,,2026-02-24,2026-02-24,3700.0,CE,TRENT26FEB3700CE,479.1,488.05,441.3,486.8,485.55,480.4,4187.15,486.8,52400,-1100,39,16213615.0,39,F1,100,,,,,
2026-02-18,2026-02-18,FO,NSE,STO,164214,,TRENT,,2026-02-24,2026-02-24,3850.0,CE,TRENT26FEB3850CE,335.25,335.25,291.65,329.8,331.15,306.75,4187.15,329.8,116800,-500,22,9176325.0,19,F1,100,,,,,
2026-02-18,2026-02-18,FO,NSE,STO,164216,,TRENT,,2026-02-24,2026-02-24,3900.0,CE,TRENT26FEB3900CE,270.55,300.0,241.35,282.6,285.75,283.0,4187.15,282.6,132900,-2400,49,20420700.0,45,F1,100,,,,,
2026-02-18,2026-02-18,FO,NSE,STO,164218,,TRENT,,2026-02-24,2026-02-24,3950.0,CE,TRENT26FEB3950CE,211.5,249.65,197.4,234.8,233.2,211.5,4187.15,234.8,47600,200,10,4169835.0,10,F1,100,,,,,
2026-02-18,2026-02-18,FO,NSE,STO,164228,,TRENT,,2026-02-24,2026-02-24,4300.0,CE,TRENT26FEB4300CE,24.55,29.95,13.5,16.5,15.9,24.7,4187.15,16.5,356400,5800,4268,1842840530.0,3296,F1,100,,,,,
2026-02-18,2026-02-18,FO,NSE,STO,164238,,TRENT,,2026-02-24,2026-02-24,4650.0,CE,TRENT26FEB4650CE,3.4,3.65,2.05,2.3,2.15,3.5,4187.15,2.3,45100,-25500,498,231690370.0,344,F1,100,,,,,
2026-02-18,2026-02-18,FO,NSE,STO,171108,,TRENT,,2026-03-30,2026-03-30,3450.0,CE,TRENT26MAR3450CE,0.0,0.0,0.0,488.5,0.0,488.5,4187.15,765.85,0,0,0,0.0,0,F1,100,,,,,
2026-02-18,2026-02-18,FO,NSE,STO,171164,,TRENT,,2026-04-28,2026-04-28,3500.0,CE,TRENT26APR3500CE,0.0,0.0,0.0,513.45,0.0,513.45,4187.15,753.85,0,0,0,0.0,0,F1,100,,,,,
2026-02-18,2026-02-18,FO,NSE,STO,146300,,TRENT,,2026-02-24,2026-02-24,3200.0,PE,TRENT26FEB3200PE,0.95,0.95,0.55,0.7,0.65,1.2,4187.15,0.7,42600,-900,55,17603740.0,50,F1,100,,,,,
2026-02-18,2026-02-18,FO,NSE,STO,164199,,TRENT,,2026-02-24,2026-02-24,3300.0,PE,TRENT26FEB3300PE,1.4,1.4,1.05,1.25,1.25,1.75,4187.15,0.05,26900,-1600,45,14855315.0,39,F1,100,,,,,
2026-02-18,2026-02-18,FO,NSE,STO,164213,,TRENT,,2026-02-24,2026-02-24,3750.0,PE,TRENT26FEB3750PE,2.2,2.8,1.9,2.25,2.0,3.1,4187.15,2.25,55800,0,265,99433770.0,239,F1,100,,,,,
2026-02-18,2026-02-18,FO,NSE,STO,164215,,TRENT,,2026-02-24,2026-02-24,3850.0,PE,TRENT26FEB3850PE,4.3,4.3,2.45,2.7,2.7,4.6,4187.15,2.7,39300,-5400,239,92094480.0,207,F1,100,,,,,
2026-02-18,2026-02-18,FO,NSE,STO,164217,,TRENT,,2026-02-24,2026-02-24,3900.0,PE,TRENT26FEB3900PE,5.35,6.4,3.05,3.3,3.4,5.8,4187.15,3.3,189400,-20400,823,321340940.0,697,F1,100,,,,,
2026-02-18,2026-02-18,FO,NSE,STO,146422,,TRENT,,2026-02-24,2026-02-24,5000.0,PE,TRENT26FEB5000PE,818.0,858.7,814.8,820.65,820.0,819.5,4187.15,820.65,101000,-3300,48,27994035.0,44,F1,100,,,,,
2026-02-18,2026-02-18,FO,NSE,STO,164287,,TRENT,,2026-03-30,2026-03-30,3600.0,PE,TRENT26MAR3600PE,15.0,15.0,12.0,12.0,12.0,15.0,4187.15,12.0,30000,1000,29,10480145.0,22,F1,100,,,,,
2026-02-18,2026-02-18,FO,NSE,STO,164307,,TRENT,,2026-03-30,2026-03-30,4600.0,PE,TRENT26MAR4600PE,440.0,442.0,440.0,442.0,442.0,431.0,4187.15,452.0,4300,300,3,1512400.0,2,F1,100,,,,,
2026-02-18,2026-02-18,FO,NSE,STO,171175,,TRENT,,2026-04-28,2026-04-28,4000.0,PE,TRENT26APR4000PE,0.0,0.0,0.0,117.0,117.0,117.0,4187.15,151.5,6900,0,0,0.0,0,F1,100,,,,,
2026-02-18,2026-02-18,FO,NSE,STO,171118,,TRENT,,2026-03-30,2026-03-30,3950.0,CE,TRENT26MAR3950CE,0.0,0.0,0.0,218.0,0.0,218.0,4187.15,347.5,0,0,0,0.0,0,F1,100,,,,,
2026-02-18,2026-02-18,FO,NSE,STO,171174,,TRENT,,2026-04-28,2026-04-28,4000.0,CE,TRENT26APR4000CE,0.0,0.0,0.0,262.55,0.0,262.55,4187.15,380.05,0,0,0,0.0,0,F1,100,,,,,
2026-02-18,2026-02-18,FO,NSE,STO,171176,,TRENT,,2026-04-28,2026-04-28,4100.0,CE,TRENT26APR4100CE,0.0,0.0,0.0,226.35,0.0,226.35,4187.15,322.4,0,0,0,0.0,0,F1,100,,,,,
2026-02-18,2026-02-18,FO,NSE,STO,171115,,TRENT,,2026-03-30,2026-03-30,3750.0,PE,TRENT26MAR3750PE,0.0,0.0,0.0,39.85,39.85,39.85,4187.15,38.85,200,0,0,0.0,0,F1,100,,,,,
2026-02-18,2026-02-18,FO,NSE,STO,171159,,TRENT,,2026-04-28,2026-04-28,3200.0,PE,TRENT26APR3200PE,0.0,0.0,0.0,78.5,0.0,78.5,4187.15,7.6,0,0,0,0.0,0,F1,100,,,,,
2026-02-18,2026-02-18,FO,NSE,STO,171161,,TRENT,,2026-04-28,2026-04-28,3300.0,PE,TRENT26APR3300PE,0.0,0.0,0.0,102.75,0.0,102.75,4187.15,12.65,0,0,0,0.0,0,F1,100,,,,,
2026-02-18,2026-02-18,FO,NSE,STO,164204,,TRENT,,2026-02-24,2026-02-24,3500.0,CE,TRENT26FEB3500CE,664.8,680.0,664.8,679.4,680.0,724.0,4187.15,679.4,6300,-200,5,2085315.0,3,F1,100,,,,,
2026-02-18,2026-02-18,FO,NSE,STO,164192,,TRENT,,2026-02-24,2026-02-24,3100.0,CE,TRENT26FEB3100CE,0.0,0.0,0.0,1142.7,0.0,1142.7,4187.15,1089.95,0,0,0,0.0,0,F1,100,,,,,
2026-02-18,2026-02-18,FO,NSE,STO,164282,,TRENT,,2026-03-30,2026-03-30,3400.0,CE,TRENT26MAR3400CE,0.0,0.0,0.0,750.0,750.0,750.0,4187.15,813.35,400,0,0,0.0,0,F1,100,,,,,
2026-02-18,2026-02-18,FO,NSE,STO,171182,,TRENT,,2026-04-28,2026-04-28,4400.0,CE,TRENT26APR4400CE,0.0,0.0,0.0,141.65,0.0,141.65,4187.15,186.25,0,0,0,0.0,0,F1,100,,,,,
2026-02-18,2026-02-18,FO,NSE,STO,146418,,TRENT,,2026-02-24,2026-02-24,4600.0,PE,TRENT26FEB4600PE,445.0,456.95,424.3,424.3,424.3,426.35,4187.15,424.3,9900,-300,5,2521025.0,4,F1,100,,,,,
2026-02-18,2026-02-18,FO,NSE,STO,164239,,TRENT,,2026-02-24,2026-02-24,4650.0,PE,TRENT26FEB4650PE,0.0,0.0,0.0,412.65,412.65,412.65,4187.15,459.4,400,0,0,0.0,0,F1,100,,,,,
2026-02-18,2026-02-18,FO,NSE,STO,171110,,TRENT,,2026-03-30,2026-03-30,3550.0,CE,TRENT26MAR3550CE,0.0,0.0,0.0,422.4,0.0,422.4,4187.15,672.8,0,0,0,0.0,0,F1,100,,,,,
2026-02-18,2026-02-18,FO,NSE,STO,164296,,TRENT,,2026-03-30,2026-03-30,4100.0,CE,TRENT26MAR4100CE,221.35,221.35,190.0,207.0,207.0,217.35,4187.15,207.0,7600,-200,36,15480680.0,26,F1,100,,,,,
2026-02-18,2026-02-18,FO,NSE,STO,171130,,TRENT,,2026-03-30,2026-03-30,4550.0,CE,TRENT26MAR4550CE,64.45,64.45,39.05,42.85,43.35,82.15,4187.15,42.85,1700,1600,20,9185925.0,13,F1,100,,,,,
2026-02-18,2026-02-18,FO,NSE,STO,146417,,TRENT,,2026-02-24,2026-02-24,4600.0,CE,TRENT26FEB4600CE,4.25,4.7,2.4,2.9,3.05,4.3,4187.15,2.9,128000,-9800,661,304284070.0,500,F1,100,,,,,
2026-02-18,2026-02-18,FO,NSE,STO,164220,,TRENT,,2026-02-24,2026-02-24,4050.0,CE,TRENT26FEB4050CE,149.95,160.05,108.3,139.45,135.3,139.5,4187.15,139.45,93700,-6800,547,228380920.0,466,F1,100,,,,,
2026-02-18,2026-02-18,FO,NSE,STO,171123,,TRENT,,2026-03-30,2026-03-30,4150.0,PE,TRENT26MAR4150PE,140.0,147.9,118.05,118.1,118.05,134.0,4187.15,118.1,1700,1000,16,6851995.0,16,F1,100,,,,,
2026-02-18,2026-02-18,FO,NSE,STO,171107,,TRENT,,2026-03-30,2026-03-30,3350.0,PE,TRENT26MAR3350PE,0.0,0.0,0.0,3.0,3.0,3.0,4187.15,4.15,5500,0,0,0.0,0,F1,100,,,,,
2026-02-18,2026-02-18,FO,NSE,STO,164281,,TRENT,,2026-03-30,2026-03-30,3300.0,PE,TRENT26MAR3300PE,6.25,6.25,4.8,4.8,4.8,4.6,4187.15,2.9,1800,700,9,2975480.0,4,F1,100,,,,,
2026-02-18,2026-02-18,FO,NSE,STO,146295,,TRENT,,2026-02-24,2026-02-24,3200.0,CE,TRENT26FEB3200CE,0.0,0.0,0.0,955.0,955.0,955.0,4187.15,990.05,2400,0,0,0.0,0,F1,100,,,,,
2026-02-18,2026-02-18,FO,NSE,STO,164196,,TRENT,,2026-02-24,2026-02-24,3250.0,CE,TRENT26FEB3250CE,0.0,0.0,0.0,554.95,554.95,554.95,4187.15,940.1,2300,0,0,0.0,0,F1,100,,,,,
2026-02-18,2026-02-18,FO,NSE,STO,164234,,TRENT,,2026-02-24,2026-02-24,4500.0,CE,TRENT26FEB4500CE,7.5,8.5,4.0,4.65,4.5,7.5,4187.15,4.65,681900,-44900,4320,1946187245.0,2797,F1,100,,,,,
2026-02-18,2026-02-18,FO,NSE,STF,59496,,TRENT,,2026-02-24,2026-02-24,,,TRENT26FEBFUT,4170.0,4198.8,4133.5,4181.4,4175.5,4175.3,4187.15,4181.4,5975100,-374600,6933,2886352500.0,4955,F1,100,,,,,
2026-02-18,2026-02-18,FO,NSE,STO,164237,,TRENT,,2026-02-24,2026-02-24,4550.0,PE,TRENT26FEB4550PE,0.0,0.0,0.0,303.25,303.25,303.25,4187.15,361.45,2100,0,0,0.0,0,F1,100,,,,,
2026-02-18,2026-02-18,FO,NSE,STO,164229,,TRENT,,2026-02-24,2026-02-24,4300.0,PE,TRENT26FEB4300PE,146.05,180.6,131.0,137.15,136.45,150.55,4187.15,137.15,77500,-4100,482,214755005.0,301,F1,100,,,,,
2026-02-18,2026-02-18,FO,NSE,STO,146302,,TRENT,,2026-02-24,2026-02-24,3400.0,PE,TRENT26FEB3400PE,1.65,1.95,1.4,1.55,1.45,1.9,4187.15,1.55,77400,-500,39,13265980.0,38,F1,100,,,,,
2026-02-18,2026-02-18,FO,NSE,STO,171184,,TRENT,,2026-04-28,2026-04-28,4500.0,CE,TRENT26APR4500CE,0.0,0.0,0.0,120.25,0.0,120.25,4187.15,152.3,0,0,0,0.0,0,F1,100,,,,,
2026-02-18,2026-02-18,FO,NSE,STO,164300,,TRENT,,2026-03-30,2026-03-30,4300.0,CE,TRENT26MAR4300CE,124.95,128.1,100.0,110.1,108.15,119.0,4187.15,110.1,45000,3900,296,130500590.0,263,F1,100,,,,,
2026-02-18,2026-02-18,FO,NSE,STO,171112,,TRENT,,2026-03-30,2026-03-30,3650.0,CE,TRENT26MAR3650CE,0.0,0.0,0.0,362.4,0.0,362.4,4187.15,583.3,0,0,0,0.0,0,F1,100,,,,,
2026-02-18,2026-02-18,FO,NSE,STO,146421,,TRENT,,2026-02-24,2026-02-24,5000.0,CE,TRENT26FEB5000CE,1.35,1.35,0.8,0.95,1.05,1.4,4187.15,0.95,117600,-15800,282,141026505.0,142,F1,100,,,,,
2026-02-18,2026-02-18,FO,NSE,STO,164291,,TRENT,,2026-03-30,2026-03-30,3800.0,PE,TRENT26MAR3800PE,36.5,37.8,28.0,28.2,29.05,36.5,4187.15,28.2,44300,2200,61,23380220.0,47,F1,100,,,,,
2026-02-18,2026-02-18,FO,NSE,STO,171167,,TRENT,,2026-04-28,2026-04-28,3600.0,PE,TRENT26APR3600PE,0.0,0.0,0.0,203.25,0.0,203.25,4187.15,44.7,0,0,0,0.0,0,F1,100,,,,,
2026-02-18,2026-02-18,FO,NSE,STO,171163,,TRENT,,2026-04-28,2026-04-28,3400.0,PE,TRENT26APR3400PE,0.0,0.0,0.0,131.4,0.0,131.4,4187.15,20.05,0,0,0,0.0,0,F1,100,,,,,
2026-02-18,2026-02-18,FO,NSE,STO,164295,,TRENT,,2026-03-30,2026-03-30,4000.0,PE,TRENT26MAR4000PE,70.85,86.0,65.0,67.1,68.1,78.55,4187.15,67.1,51600,5300,255,103908040.0,186,F1,100,,,,,
2026-02-18,2026-02-18,FO,NSE,STO,146416,,TRENT,,2026-02-24,2026-02-24,4400.0,PE,TRENT26FEB4400PE,236.0,268.0,223.25,226.0,227.05,236.9,4187.15,226.0,29300,-1700,58,26941360.0,51,F1,100,,,,,
2026-02-18,2026-02-18,FO,NSE,STO,171172,,TRENT,,2026-04-28,2026-04-28,3900.0,CE,TRENT26APR3900CE,0.0,0.0,0.0,303.15,0.0,303.15,4187.15,443.8,0,0,0,0.0,0,F1,100,,,,,
2026-02-18,2026-02-18,FO,NSE,STO,171166,,TRENT,,2026-04-28,2026-04-28,3600.0,CE,TRENT26APR3600CE,0.0,0.0,0.0,453.5,0.0,453.5,4187.15,669.1,0,0,0,0.0,0,F1,100,,,,,
2026-02-18,2026-02-18,FO,NSE,STO,164302,,TRENT,,2026-03-30,2026-03-30,4400.0,CE,TRENT26MAR4400CE,89.75,89.8,69.2,76.45,75.0,86.95,4187.15,76.45,18900,3200,173,77402750.0,131,F1,100,,,,,
2026-02-18,2026-02-18,FO,NSE,STO,171189,,TRENT,,2026-04-28,2026-04-28,4700.0,PE,TRENT26APR4700PE,0.0,0.0,0.0,918.45,0.0,918.45,4187.15,563.5,0,0,0,0.0,0,F1,100,,,,,
2026-02-18,2026-02-18,FO,NSE,STO,171183,,TRENT,,2026-04-28,2026-04-28,4400.0,PE,TRENT26APR4400PE,0.0,0.0,0.0,679.15,0.0,679.15,4187.15,353.6,0,0,0,0.0,0,F1,100,,,,,
2026-02-18,2026-02-18,FO,NSE,STO,171177,,TRENT,,2026-04-28,2026-04-28,4100.0,PE,TRENT26APR4100PE,0.0,0.0,0.0,468.5,0.0,468.5,4187.15,192.85,0,0,0,0.0,0,F1,100,,,,,
2026-02-18,2026-02-18,FO,NSE,STO,164309,,TRENT,,2026-03-30,2026-03-30,4700.0,PE,TRENT26MAR4700PE,536.0,536.0,520.0,520.0,520.0,520.25,4187.15,533.15,3900,400,4,2092800.0,4,F1,100,,,,,
2026-02-18,2026-02-18,FO,NSE,STO,164305,,TRENT,,2026-03-30,2026-03-30,4500.0,PE,TRENT26MAR4500PE,365.0,373.0,333.0,336.05,337.5,351.35,4187.15,336.05,11600,1600,19,9216315.0,15,F1,100,,,,,
2026-02-18,2026-02-18,FO,NSE,STO,171117,,TRENT,,2026-03-30,2026-03-30,3850.0,PE,TRENT26MAR3850PE,0.0,0.0,0.0,274.95,0.0,274.95,4187.15,59.35,0,0,0,0.0,0,F1,100,,,,,
2026-02-18,2026-02-18,FO,NSE,STO,164227,,TRENT,,2026-02-24,2026-02-24,4250.0,PE,TRENT26FEB4250PE,114.85,138.55,91.0,95.6,96.9,113.1,4187.15,95.6,100700,-8900,838,365883160.0,727,F1,100,,,,,
2026-02-18,2026-02-18,FO,NSE,STO,146414,,TRENT,,2026-02-24,2026-02-24,4200.0,PE,TRENT26FEB4200PE,80.0,100.0,58.4,61.95,64.7,81.05,4187.15,61.95,192800,-15500,1852,792651160.0,1506,F1,100,,,,,
2026-02-18,2026-02-18,FO,NSE,STO,146352,,TRENT,,2026-02-24,2026-02-24,3800.0,PE,TRENT26FEB3800PE,3.35,4.4,2.15,2.55,2.55,3.6,4187.15,2.55,233100,-11400,560,212954305.0,450,F1,100,,,,,
2026-02-18,2026-02-18,FO,NSE,STO,164211,,TRENT,,2026-02-24,2026-02-24,3700.0,PE,TRENT26FEB3700PE,3.3,3.3,1.9,2.35,2.35,3.1,4187.15,2.35,115200,-2900,604,223619610.0,513,F1,100,,,,,
2026-02-18,2026-02-18,FO,NSE,STO,164203,,TRENT,,2026-02-24,2026-02-24,3450.0,PE,TRENT26FEB3450PE,2.0,2.0,2.0,2.0,2.0,2.0,4187.15,0.05,12200,0,1,345200.0,1,F1,100,,,,,
2026-02-18,2026-02-18,FO,NSE,STO,164232,,TRENT,,2026-02-24,2026-02-24,4450.0,CE,TRENT26FEB4450CE,8.55,10.9,4.8,5.7,5.65,9.3,4187.15,5.7,90300,-19800,1409,627920805.0,1224,F1,100,,,,,
2026-02-18,2026-02-18,FO,NSE,STO,146415,,TRENT,,2026-02-24,2026-02-24,4400.0,CE,TRENT26FEB4400CE,12.45,14.7,6.25,7.6,7.5,12.45,4187.15,7.6,196200,-32000,4896,2158402425.0,3529,F1,100,,,,,
2026-02-18,2026-02-18,FO,NSE,STO,164230,,TRENT,,2026-02-24,2026-02-24,4350.0,CE,TRENT26FEB4350CE,17.5,20.6,8.8,10.75,10.5,17.2,4187.15,10.75,174000,4700,2264,987457030.0,1822,F1,100,,,,,
2026-02-18,2026-02-18,FO,NSE,STO,164200,,TRENT,,2026-02-24,2026-02-24,3350.0,CE,TRENT26FEB3350CE,0.0,0.0,0.0,463.4,463.4,463.4,4187.15,840.2,1000,0,0,0.0,0,F1,100,,,,,
2026-02-18,2026-02-18,FO,NSE,STO,164285,,TRENT,,2026-03-30,2026-03-30,3500.0,PE,TRENT26MAR3500PE,8.0,10.45,7.5,7.85,7.5,11.0,4187.15,7.85,42300,-1600,85,29830015.0,59,F1,100,,,,,
2026-02-18,2026-02-18,FO,NSE,STO,148607,,UNIONBANK,,2026-02-24,2026-02-24,210.0,CE,UNIONBANK26FEB210CE,0.25,0.37,0.18,0.2,0.2,0.2,193.1,0.2,761100,681450,664,617798233.5,572,F1,4425,,,,,
2026-02-18,2026-02-18,FO,NSE,STO,165063,,UNIONBANK,,2026-03-30,2026-03-30,170.0,PE,UNIONBANK26MAR170PE,1.8,1.8,1.21,1.25,1.35,1.79,193.1,1.25,1455825,-473475,334,253426785.75,247,F1,4425,,,,,
2026-02-18,2026-02-18,FO,NSE,STO,165029,,UNIONBANK,,2026-02-24,2026-02-24,215.0,PE,UNIONBANK26FEB215PE,0.0,0.0,0.0,61.51,0.0,61.51,193.1,21.73,0,0,0,0.0,0,F1,4425,,,,,
2026-02-18,2026-02-18,FO,NSE,STO,165025,,UNIONBANK,,2026-02-24,2026-02-24,197.5,PE,UNIONBANK26FEB197.5PE,6.89,6.89,5.79,6.1,6.41,9.69,193.1,6.1,137175,79650,96,86533353.0,74,F1,4425,,,,,
2026-02-18,2026-02-18,FO,NSE,STO,171611,,UNIONBANK,,2026-03-30,2026-03-30,162.5,PE,UNIONBANK26MAR162.5PE,0.0,0.0,0.0,5.37,0.0,5.37,193.1,0.5,0,0,0,0.0,0,F1,4425,,,,,
2026-02-18,2026-02-18,FO,NSE,STO,148442,,UNIONBANK,,2026-02-24,2026-02-24,190.0,PE,UNIONBANK26FEB190PE,3.76,3.87,1.68,1.81,1.95,4.19,193.1,1.81,4438275,371700,3224,2743448847.0,2914,F1,4425,,,,,
2026-02-18,2026-02-18,FO,NSE,STO,148440,,UNIONBANK,,2026-02-24,2026-02-24,185.0,PE,UNIONBANK26FEB185PE,1.9,1.9,0.61,0.66,0.72,2.0,193.1,0.66,4066575,1044300,3251,2674853337.75,2564,F1,4425,,,,,
2026-02-18,2026-02-18,FO,NSE,STO,165017,,UNIONBANK,,2026-02-24,2026-02-24,177.5,PE,UNIONBANK26FEB177.5PE,0.55,0.55,0.16,0.16,0.16,0.55,193.1,0.16,1035450,-615075,561,441334543.5,441,F1,4425,,,,,
2026-02-18,2026-02-18,FO,NSE,STO,148296,,UNIONBANK,,2026-02-24,2026-02-24,145.0,PE,UNIONBANK26FEB145PE,0.02,0.03,0.02,0.03,0.03,0.05,193.1,0.01,101775,-22125,12,7700606.25,6,F1,4425,,,,,
2026-02-18,2026-02-18,FO,NSE,STO,165006,,UNIONBANK,,2026-02-24,2026-02-24,152.5,CE,UNIONBANK26FEB152.5CE,0.0,0.0,0.0,28.4,28.4,28.4,193.1,40.74,13275,0,0,0.0,0,F1,4425,,,,,
2026-02-18,2026-02-18,FO,NSE,STO,148605,,UNIONBANK,,2026-02-24,2026-02-24,200.0,CE,UNIONBANK26FEB200CE,0.64,1.49,0.55,0.84,0.76,0.62,193.1,0.84,8624325,2606325,9498,8447700018.75,7181,F1,4425,,,,,
2026-02-18,2026-02-18,FO,NSE,STO,165054,,UNIONBANK,,2026-03-30,2026-03-30,150.0,CE,UNIONBANK26MAR150CE,0.0,0.0,0.0,13.79,0.0,13.79,193.1,44.08,0,0,0,0.0,0,F1,4425,,,,,
2026-02-18,2026-02-18,FO,NSE,STO,171614,,UNIONBANK,,2026-03-30,2026-03-30,172.5,CE,UNIONBANK26MAR172.5CE,0.0,0.0,0.0,13.85,0.0,13.85,193.1,23.21,0,0,0,0.0,0,F1,4425,,,,,
2026-02-18,2026-02-18,FO,NSE,STO,165066,,UNIONBANK,,2026-03-30,2026-03-30,180.0,CE,UNIONBANK26MAR180CE,15.04,18.0,13.9,16.83,16.7,14.06,193.1,16.83,690300,-30975,126,109652650.5,108,F1,4425,,,,,
2026-02-18,2026-02-18,FO,NSE,STO,171622,,UNIONBANK,,2026-03-30,2026-03-30,192.5,CE,UNIONBANK26MAR192.5CE,9.0,10.11,7.55,8.97,8.9,7.13,193.1,8.97,247800,75225,153,136444521.0,128,F1,4425,,,,,
2026-02-18,2026-02-18,FO,NSE,STO,171668,,UNIONBANK,,2026-04-28,2026-04-28,195.0,CE,UNIONBANK26APR195CE,0.0,0.0,0.0,7.81,0.0,7.81,193.1,11.53,0,0,0,0.0,0,F1,4425,,,,,
2026-02-18,2026-02-18,FO,NSE,STO,165013,,UNIONBANK,,2026-02-24,2026-02-24,167.5,PE,UNIONBANK26FEB167.5PE,0.12,0.13,0.06,0.06,0.06,0.17,193.1,0.06,451350,-88500,64,47460514.5,51,F1,4425,,,,,
2026-02-18,2026-02-18,FO,NSE,STO,171625,,UNIONBANK,,2026-03-30,2026-03-30,197.5,PE,UNIONBANK26MAR197.5PE,0.0,0.0,0.0,24.94,0.0,24.94,193.1,10.51,0,0,0,0.0,0,F1,4425,,,,,
2026-02-18,2026-02-18,FO,NSE,STO,171667,,UNIONBANK,,2026-04-28,2026-04-28,190.0,PE,UNIONBANK26APR190PE,0.0,0.0,0.0,21.22,0.0,21.22,193.1,8.97,0,0,0,0.0,0,F1,4425,,,,,
2026-02-18,2026-02-18,FO,NSE,STO,171671,,UNIONBANK,,2026-04-28,2026-04-28,200.0,PE,UNIONBANK26APR200PE,0.0,0.0,0.0,28.22,0.0,28.22,193.1,14.2,0,0,0,0.0,0,F1,4425,,,,,
2026-02-18,2026-02-18,FO,NSE,STO,165076,,UNIONBANK,,2026-03-30,2026-03-30,210.0,CE,UNIONBANK26MAR210CE,2.6,4.1,2.6,2.88,2.82,2.32,193.1,2.88,1022175,619500,477,449847093.0,412,F1,4425,,,,,
2026-02-18,2026-02-18,FO,NSE,STO,148269,,UNIONBANK,,2026-02-24,2026-02-24,130.0,CE,UNIONBANK26FEB130CE,0.0,0.0,0.0,46.2,46.2,46.2,193.1,63.22,4425,0,0,0.0,0,F1,4425,,,,,
2026-02-18,2026-02-18,FO,NSE,STO,148439,,UNIONBANK,,2026-02-24,2026-02-24,185.0,CE,UNIONBANK26FEB185CE,6.24,9.6,5.82,8.46,8.14,5.76,193.1,8.46,3119625,-1867350,1340,1142360610.75,1178,F1,4425,,,,,
2026-02-18,2026-02-18,FO,NSE,STO,171610,,UNIONBANK,,2026-03-30,2026-03-30,162.5,CE,UNIONBANK26MAR162.5CE,0.0,0.0,0.0,19.77,0.0,19.77,193.1,32.07,0,0,0,0.0,0,F1,4425,,,,,
2026-02-18,2026-02-18,FO,NSE,STO,171652,,UNIONBANK,,2026-04-28,2026-04-28,155.0,CE,UNIONBANK26APR155CE,0.0,0.0,0.0,27.4,0.0,27.4,193.1,40.38,0,0,0,0.0,0,F1,4425,,,,,
2026-02-18,2026-02-18,FO,NSE,STO,171673,,UNIONBANK,,2026-04-28,2026-04-28,205.0,PE,UNIONBANK26APR205PE,0.0,0.0,0.0,32.02,0.0,32.02,193.1,17.3,0,0,0,0.0,0,F1,4425,,,,,
2026-02-18,2026-02-18,FO,NSE,STO,165028,,UNIONBANK,,2026-02-24,2026-02-24,215.0,CE,UNIONBANK26FEB215CE,0.18,0.24,0.07,0.11,0.12,0.14,193.1,0.11,544275,544275,506,481729926.0,427,F1,4425,,,,,
2026-02-18,2026-02-18,FO,NSE,STO,165071,,UNIONBANK,,2026-03-30,2026-03-30,190.0,PE,UNIONBANK26MAR190PE,7.13,8.07,6.05,6.21,6.38,8.25,193.1,6.21,1075275,659325,371,323297668.5,329,F1,4425,,,,,
2026-02-18,2026-02-18,FO,NSE,STO,148441,,UNIONBANK,,2026-02-24,2026-02-24,190.0,CE,UNIONBANK26FEB190CE,3.2,5.85,2.89,4.59,4.29,2.97,193.1,4.59,3725850,-5380800,9711,8353935773.25,8537,F1,4425,,,,,
2026-02-18,2026-02-18,FO,NSE,STO,165024,,UNIONBANK,,2026-02-24,2026-02-24,197.5,CE,UNIONBANK26FEB197.5CE,1.0,2.16,0.83,1.35,1.23,0.91,193.1,1.35,1597425,-305325,4712,4149730131.0,4241,F1,4425,,,,,
2026-02-18,2026-02-18,FO,NSE,STO,171606,,UNIONBANK,,2026-03-30,2026-03-30,152.5,CE,UNIONBANK26MAR152.5CE,0.0,0.0,0.0,27.02,0.0,27.02,193.1,41.63,0,0,0,0.0,0,F1,4425,,,,,
2026-02-18,2026-02-18,FO,NSE,STO,165072,,UNIONBANK,,2026-03-30,2026-03-30,195.0,CE,UNIONBANK26MAR195CE,6.93,8.8,6.66,7.82,7.72,6.15,193.1,7.82,800925,637200,490,440075144.25,414,F1,4425,,,,,
2026-02-18,2026-02-18,FO,NSE,STO,50272,,UNIONBANK,,2026-03-30,2026-03-30,215.0,CE,UNIONBANK26MAR215CE,2.5,2.7,1.9,2.07,2.12,3.43,193.1,2.07,212400,212400,70,67306506.75,68,F1,4425,,,,,
2026-02-18,2026-02-18,FO,NSE,STO,171658,,UNIONBANK,,2026-04-28,2026-04-28,170.0,CE,UNIONBANK26APR170CE,0.0,0.0,0.0,17.99,0.0,17.99,193.1,27.44,0,0,0,0.0,0,F1,4425,,,,,
2026-02-18,2026-02-18,FO,NSE,STO,148272,,UNIONBANK,,2026-02-24,2026-02-24,135.0,PE,UNIONBANK26FEB135PE,0.0,0.0,0.0,0.02,0.02,0.02,193.1,0.01,4425,0,0,0.0,0,F1,4425,,,,,
2026-02-18,2026-02-18,FO,NSE,STO,148300,,UNIONBANK,,2026-02-24,2026-02-24,150.0,PE,UNIONBANK26FEB150PE,0.03,0.07,0.03,0.05,0.05,0.06,193.1,0.05,880575,-44250,28,18591726.0,27,F1,4425,,,,,
2026-02-18,2026-02-18,FO,NSE,STO,165009,,UNIONBANK,,2026-02-24,2026-02-24,157.5,PE,UNIONBANK26FEB157.5PE,0.0,0.0,0.0,0.4,0.4,0.4,193.1,0.01,150450,0,0,0.0,0,F1,4425,,,,,
2026-02-18,2026-02-18,FO,NSE,STO,171621,,UNIONBANK,,2026-03-30,2026-03-30,187.5,PE,UNIONBANK26MAR187.5PE,6.65,6.66,5.1,5.22,5.35,7.1,193.1,5.22,106200,70800,28,23953985.25,26,F1,4425,,,,,
2026-02-18,2026-02-18,FO,NSE,STO,171649,,UNIONBANK,,2026-04-28,2026-04-28,145.0,PE,UNIONBANK26APR145PE,0.0,0.0,0.0,2.57,0.0,2.57,193.1,0.22,0,0,0,0.0,0,F1,4425,,,,,
2026-02-18,2026-02-18,FO,NSE,STO,165056,,UNIONBANK,,2026-03-30,2026-03-30,155.0,CE,UNIONBANK26MAR155CE,0.0,0.0,0.0,11.43,0.0,11.43,193.1,39.2,0,0,0,0.0,0,F1,4425,,,,,
2026-02-18,2026-02-18,FO,NSE,STO,165075,,UNIONBANK,,2026-03-30,2026-03-30,200.0,PE,UNIONBANK26MAR200PE,12.96,13.75,11.25,11.51,11.57,14.4,193.1,11.51,1190325,632775,239,224062530.0,187,F1,4425,,,,,
2026-02-18,2026-02-18,FO,NSE,STO,148274,,UNIONBANK,,2026-02-24,2026-02-24,140.0,PE,UNIONBANK26FEB140PE,0.01,0.01,0.01,0.01,0.01,0.01,193.1,0.01,163725,-8850,11,6814986.75,9,F1,4425,,,,,
2026-02-18,2026-02-18,FO,NSE,STO,171666,,UNIONBANK,,2026-04-28,2026-04-28,190.0,CE,UNIONBANK26APR190CE,0.0,0.0,0.0,9.34,0.0,9.34,193.1,14.04,0,0,0,0.0,0,F1,4425,,,,,
2026-02-18,2026-02-18,FO,NSE,STO,171650,,UNIONBANK,,2026-04-28,2026-04-28,150.0,CE,UNIONBANK26APR150CE,0.0,0.0,0.0,31.07,0.0,31.07,193.1,45.05,0,0,0,0.0,0,F1,4425,,,,,
2026-02-18,2026-02-18,FO,NSE,STO,165060,,UNIONBANK,,2026-03-30,2026-03-30,165.0,CE,UNIONBANK26MAR165CE,0.0,0.0,0.0,18.3,18.3,18.3,193.1,29.77,35400,0,0,0.0,0,F1,4425,,,,,
2026-02-18,2026-02-18,FO,NSE,STO,165004,,UNIONBANK,,2026-02-24,2026-02-24,147.5,CE,UNIONBANK26FEB147.5CE,0.0,0.0,0.0,12.25,0.0,12.25,193.1,45.73,0,0,0,0.0,0,F1,4425,,,,,
2026-02-18,2026-02-18,FO,NSE,STO,165062,,UNIONBANK,,2026-03-30,2026-03-30,170.0,CE,UNIONBANK26MAR170CE,23.0,26.0,23.0,25.4,25.4,21.75,193.1,25.33,230100,0,13,11184276.0,12,F1,4425,,,,,
2026-02-18,2026-02-18,FO,NSE,STO,171654,,UNIONBANK,,2026-04-28,2026-04-28,160.0,CE,UNIONBANK26APR160CE,0.0,0.0,0.0,23.98,0.0,23.98,193.1,35.86,0,0,0,0.0,0,F1,4425,,,,,
2026-02-18,2026-02-18,FO,NSE,STO,171672,,UNIONBANK,,2026-04-28,2026-04-28,205.0,CE,UNIONBANK26APR205CE,0.0,0.0,0.0,5.37,0.0,5.37,193.1,7.52,0,0,0,0.0,0,F1,4425,,,,,
2026-02-18,2026-02-18,FO,NSE,STO,171663,,UNIONBANK,,2026-04-28,2026-04-28,180.0,PE,UNIONBANK26APR180PE,0.0,0.0,0.0,15.17,0.0,15.17,193.1,5.12,0,0,0,0.0,0,F1,4425,,,,,
2026-02-18,2026-02-18,FO,NSE,STO,171655,,UNIONBANK,,2026-04-28,2026-04-28,160.0,PE,UNIONBANK26APR160PE,0.0,0.0,0.0,6.32,0.0,6.32,193.1,1.11,0,0,0,0.0,0,F1,4425,,,,,
2026-02-18,2026-02-18,FO,NSE,STO,165073,,UNIONBANK,,2026-03-30,2026-03-30,195.0,PE,UNIONBANK26MAR195PE,8.8,8.9,8.5,8.62,8.69,42.35,193.1,8.62,39825,39825,10,9009609.75,6,F1,4425,,,,,
2026-02-18,2026-02-18,FO,NSE,STO,171607,,UNIONBANK,,2026-03-30,2026-03-30,152.5,PE,UNIONBANK26MAR152.5PE,0.0,0.0,0.0,2.72,0.0,2.72,193.1,0.11,0,0,0,0.0,0,F1,4425,,,,,
2026-02-18,2026-02-18,FO,NSE,STO,41075,,UNIONBANK,,2026-02-24,2026-02-24,202.5,PE,UNIONBANK26FEB202.5PE,0.0,0.0,0.0,44.61,0.0,44.61,193.1,9.86,0,0,0,0.0,0,F1,4425,,,,,
2026-02-18,2026-02-18,FO,NSE,STF,59499,,UNIONBANK,,2026-02-24,2026-02-24,,,UNIONBANK26FEBFUT,189.9,193.8,188.76,192.79,192.45,188.72,193.1,192.79,55529325,-4619700,6788,5770105305.0,6026,F1,4425,,,,,
2026-02-18,2026-02-18,FO,NSE,STO,148273,,UNIONBANK,,2026-02-24,2026-02-24,140.0,CE,UNIONBANK26FEB140CE,0.0,0.0,0.0,36.2,36.2,36.2,193.1,53.23,8850,0,0,0.0,0,F1,4425,,,,,
2026-02-18,2026-02-18,FO,NSE,STO,148316,,UNIONBANK,,2026-02-24,2026-02-24,170.0,PE,UNIONBANK26FEB170PE,0.21,0.21,0.04,0.06,0.08,0.22,193.1,0.06,1451400,-1362900,769,578759246.25,388,F1,4425,,,,,
2026-02-18,2026-02-18,FO,NSE,STO,148302,,UNIONBANK,,2026-02-24,2026-02-24,155.0,PE,UNIONBANK26FEB155PE,0.17,0.17,0.06,0.06,0.06,0.11,193.1,0.06,513300,-4425,22,15096418.5,19,F1,4425,,,,,
2026-02-18,2026-02-18,FO,NSE,STO,171662,,UNIONBANK,,2026-04-28,2026-04-28,180.0,CE,UNIONBANK26APR180CE,0.0,0.0,0.0,13.13,0.0,13.13,193.1,20.09,0,0,0,0.0,0,F1,4425,,,,,
2026-02-18,2026-02-18,FO,NSE,STO,171660,,UNIONBANK,,2026-04-28,2026-04-28,175.0,CE,UNIONBANK26APR175CE,0.0,0.0,0.0,15.42,0.0,15.42,193.1,23.61,0,0,0,0.0,0,F1,4425,,,,,
2026-02-18,2026-02-18,FO,NSE,STO,171626,,UNIONBANK,,2026-03-30,2026-03-30,202.5,CE,UNIONBANK26MAR202.5CE,5.29,5.4,5.2,5.3,5.3,4.3,193.1,5.43,39825,26550,9,8277626.25,5,F1,4425,,,,,
2026-02-18,2026-02-18,FO,NSE,STO,171620,,UNIONBANK,,2026-03-30,2026-03-30,187.5,CE,UNIONBANK26MAR187.5CE,10.96,12.43,10.96,12.4,12.4,9.44,193.1,12.37,61950,-22125,11,9694113.0,11,F1,4425,,,,,
2026-02-18,2026-02-18,FO,NSE,STO,148313,,UNIONBANK,,2026-02-24,2026-02-24,170.0,CE,UNIONBANK26FEB170CE,22.7,23.39,21.33,22.86,22.71,18.83,193.1,22.86,646050,-30975,23,19614343.5,23,F1,4425,,,,,
2026-02-18,2026-02-18,FO,NSE,STO,165016,,UNIONBANK,,2026-02-24,2026-02-24,177.5,CE,UNIONBANK26FEB177.5CE,13.05,15.95,13.05,15.95,15.95,11.77,193.1,15.84,314175,-66375,30,25525833.75,21,F1,4425,,,,,
2026-02-18,2026-02-18,FO,NSE,STO,165018,,UNIONBANK,,2026-02-24,2026-02-24,182.5,CE,UNIONBANK26FEB182.5CE,7.9,11.8,7.66,10.67,10.55,7.5,193.1,10.67,792075,-358425,231,197088615.0,201,F1,4425,,,,,
2026-02-18,2026-02-18,FO,NSE,STO,148443,,UNIONBANK,,2026-02-24,2026-02-24,195.0,CE,UNIONBANK26FEB195CE,1.45,3.09,1.26,2.1,1.91,1.38,193.1,2.1,5734800,429225,16117,14070065813.25,13536,F1,4425,,,,,
2026-02-18,2026-02-18,FO,NSE,STO,165064,,UNIONBANK,,2026-03-30,2026-03-30,175.0,CE,UNIONBANK26MAR175CE,20.19,20.19,20.19,20.19,20.19,17.5,193.1,21.16,39825,8850,2,1727431.5,1,F1,4425,,,,,
2026-02-18,2026-02-18,FO,NSE,STO,171659,,UNIONBANK,,2026-04-28,2026-04-28,170.0,PE,UNIONBANK26APR170PE,0.0,0.0,0.0,10.18,0.0,10.18,193.1,2.58,0,0,0,0.0,0,F1,4425,,,,,
2026-02-18,2026-02-18,FO,NSE,STO,171657,,UNIONBANK,,2026-04-28,2026-04-28,165.0,PE,UNIONBANK26APR165PE,0.0,0.0,0.0,8.1,0.0,8.1,193.1,1.73,0,0,0,0.0,0,F1,4425,,,,,
2026-02-18,2026-02-18,FO,NSE,STO,171627,,UNIONBANK,,2026-03-30,2026-03-30,202.5,PE,UNIONBANK26MAR202.5PE,0.0,0.0,0.0,28.86,0.0,28.86,193.1,13.61,0,0,0,0.0,0,F1,4425,,,,,
2026-02-18,2026-02-18,FO,NSE,STO,171619,,UNIONBANK,,2026-03-30,2026-03-30,182.5,PE,UNIONBANK26MAR182.5PE,3.78,4.33,3.45,3.5,3.49,9.96,193.1,3.5,115050,110625,28,23092747.5,28,F1,4425,,,,,
2026-02-18,2026-02-18,FO,NSE,STO,165065,,UNIONBANK,,2026-03-30,2026-03-30,175.0,PE,UNIONBANK26MAR175PE,2.5,2.67,1.79,1.86,1.94,2.7,193.1,1.86,1619550,1039875,377,295554909.75,272,F1,4425,,,,,
2026-02-18,2026-02-18,FO,NSE,STO,171609,,UNIONBANK,,2026-03-30,2026-03-30,157.5,PE,UNIONBANK26MAR157.5PE,0.0,0.0,0.0,3.89,0.0,3.89,193.1,0.25,0,0,0,0.0,0,F1,4425,,,,,
2026-02-18,2026-02-18,FO,NSE,STO,165055,,UNIONBANK,,2026-03-30,2026-03-30,150.0,PE,UNIONBANK26MAR150PE,0.0,0.0,0.0,0.43,0.43,0.43,193.1,0.08,13275,0,0,0.0,0,F1,4425,,,,,
2026-02-18,2026-02-18,FO,NSE,STO,171605,,UNIONBANK,,2026-03-30,2026-03-30,147.5,PE,UNIONBANK26MAR147.5PE,0.0,0.0,0.0,1.83,0.0,1.83,193.1,0.05,0,0,0,0.0,0,F1,4425,,,,,
2026-02-18,2026-02-18,FO,NSE,STO,165019,,UNIONBANK,,2026-02-24,2026-02-24,182.5,PE,UNIONBANK26FEB182.5PE,0.85,0.98,0.35,0.37,0.43,1.3,193.1,0.37,1035450,-327450,689,558178482.75,555,F1,4425,,,,,
2026-02-18,2026-02-18,FO,NSE,STO,148317,,UNIONBANK,,2026-02-24,2026-02-24,175.0,CE,UNIONBANK26FEB175CE,15.5,18.8,15.2,17.92,17.81,14.19,193.1,17.92,1208025,-336300,102,86704335.0,88,F1,4425,,,,,
2026-02-18,2026-02-18,FO,NSE,STO,148437,,UNIONBANK,,2026-02-24,2026-02-24,180.0,CE,UNIONBANK26FEB180CE,11.5,14.12,9.82,12.91,12.52,9.59,193.1,12.91,3889575,-2097450,1598,1362495687.75,1132,F1,4425,,,,,
2026-02-18,2026-02-18,FO,NSE,STO,165020,,UNIONBANK,,2026-02-24,2026-02-24,187.5,CE,UNIONBANK26FEB187.5CE,5.04,7.53,4.2,6.39,6.01,4.19,193.1,6.39,973500,-517725,721,616991334.75,609,F1,4425,,,,,
2026-02-18,2026-02-18,FO,NSE,STO,165008,,UNIONBANK,,2026-02-24,2026-02-24,157.5,CE,UNIONBANK26FEB157.5CE,0.0,0.0,0.0,24.1,24.1,24.1,193.1,35.74,17700,0,0,0.0,0,F1,4425,,,,,
2026-02-18,2026-02-18,FO,NSE,STO,171669,,UNIONBANK,,2026-04-28,2026-04-28,195.0,PE,UNIONBANK26APR195PE,0.0,0.0,0.0,24.61,0.0,24.61,193.1,11.42,0,0,0,0.0,0,F1,4425,,,,,
2026-02-18,2026-02-18,FO,NSE,STO,165061,,UNIONBANK,,2026-03-30,2026-03-30,165.0,PE,UNIONBANK26MAR165PE,0.0,0.0,0.0,18.55,0.0,18.55,193.1,0.68,0,0,0,0.0,0,F1,4425,,,,,
2026-02-18,2026-02-18,FO,NSE,STO,165059,,UNIONBANK,,2026-03-30,2026-03-30,160.0,PE,UNIONBANK26MAR160PE,1.02,1.03,0.64,0.64,0.64,0.87,193.1,0.64,402675,132750,37,26322510.75,34,F1,4425,,,,,
2026-02-18,2026-02-18,FO,NSE,STO,165021,,UNIONBANK,,2026-02-24,2026-02-24,187.5,PE,UNIONBANK26FEB187.5PE,2.13,2.48,1.02,1.11,1.21,2.93,193.1,1.11,1305375,265500,1706,1426648629.75,1492,F1,4425,,,,,
2026-02-18,2026-02-18,FO,NSE,STO,165015,,UNIONBANK,,2026-02-24,2026-02-24,172.5,PE,UNIONBANK26FEB172.5PE,0.27,0.27,0.1,0.1,0.11,0.28,193.1,0.1,539850,-106200,88,67238583.0,84,F1,4425,,,,,
2026-02-18,2026-02-18,FO,NSE,STO,148312,,UNIONBANK,,2026-02-24,2026-02-24,165.0,PE,UNIONBANK26FEB165PE,0.1,0.11,0.04,0.05,0.06,0.13,193.1,0.05,1004475,-415950,200,146104384.5,168,F1,4425,,,,,
2026-02-18,2026-02-18,FO,NSE,STO,171670,,UNIONBANK,,2026-04-28,2026-04-28,200.0,CE,UNIONBANK26APR200CE,0.0,0.0,0.0,6.5,0.0,6.5,193.1,9.36,0,0,0,0.0,0,F1,4425,,,,,
2026-02-18,2026-02-18,FO,NSE,STO,171656,,UNIONBANK,,2026-04-28,2026-04-28,165.0,CE,UNIONBANK26APR165CE,0.0,0.0,0.0,20.84,0.0,20.84,193.1,31.54,0,0,0,0.0,0,F1,4425,,,,,
2026-02-18,2026-02-18,FO,NSE,STO,165074,,UNIONBANK,,2026-03-30,2026-03-30,200.0,CE,UNIONBANK26MAR200CE,4.75,6.72,4.75,5.71,5.6,4.52,193.1,5.71,2296575,849600,1478,1346593653.75,1215,F1,4425,,,,,
2026-02-18,2026-02-18,FO,NSE,STO,171618,,UNIONBANK,,2026-03-30,2026-03-30,182.5,CE,UNIONBANK26MAR182.5CE,15.0,15.6,15.0,15.0,15.0,12.55,193.1,15.0,44250,0,4,3498405.0,3,F1,4425,,,,,
2026-02-18,2026-02-18,FO,NSE,STO,165058,,UNIONBANK,,2026-03-30,2026-03-30,160.0,CE,UNIONBANK26MAR160CE,0.0,0.0,0.0,30.11,30.11,30.11,193.1,34.42,4425,0,0,0.0,0,F1,4425,,,,,
2026-02-18,2026-02-18,FO,NSE,STO,165026,,UNIONBANK,,2026-02-24,2026-02-24,205.0,CE,UNIONBANK26FEB205CE,0.31,0.71,0.26,0.37,0.35,0.31,193.1,0.37,2690400,-26550,1601,1455590253.75,1350,F1,4425,,,,,
2026-02-18,2026-02-18,FO,NSE,STO,148303,,UNIONBANK,,2026-02-24,2026-02-24,160.0,CE,UNIONBANK26FEB160CE,32.5,33.4,32.42,33.4,33.4,28.96,193.1,33.24,663750,0,3,2559066.0,3,F1,4425,,,,,
2026-02-18,2026-02-18,FO,NSE,STO,171661,,UNIONBANK,,2026-04-28,2026-04-28,175.0,PE,UNIONBANK26APR175PE,0.0,0.0,0.0,12.53,0.0,12.53,193.1,3.7,0,0,0,0.0,0,F1,4425,,,,,
2026-02-18,2026-02-18,FO,NSE,STO,171675,,UNIONBANK,,2026-04-28,2026-04-28,210.0,PE,UNIONBANK26APR210PE,0.0,0.0,0.0,35.99,0.0,35.99,193.1,20.69,0,0,0,0.0,0,F1,4425,,,,,
2026-02-18,2026-02-18,FO,NSE,STO,165005,,UNIONBANK,,2026-02-24,2026-02-24,147.5,PE,UNIONBANK26FEB147.5PE,0.0,0.0,0.0,6.73,0.0,6.73,193.1,0.01,0,0,0,0.0,0,F1,4425,,,,,
2026-02-18,2026-02-18,FO,NSE,STO,171664,,UNIONBANK,,2026-04-28,2026-04-28,185.0,CE,UNIONBANK26APR185CE,0.0,0.0,0.0,11.11,0.0,11.11,193.1,16.89,0,0,0,0.0,0,F1,4425,,,,,
2026-02-18,2026-02-18,FO,NSE,STO,165068,,UNIONBANK,,2026-03-30,2026-03-30,185.0,CE,UNIONBANK26MAR185CE,11.99,14.4,11.52,13.4,13.3,10.94,193.1,13.4,539850,35400,130,113864498.25,96,F1,4425,,,,,
2026-02-18,2026-02-18,FO,NSE,STO,165052,,UNIONBANK,,2026-03-30,2026-03-30,145.0,CE,UNIONBANK26MAR145CE,0.0,0.0,0.0,16.49,0.0,16.49,193.1,49.0,0,0,0,0.0,0,F1,4425,,,,,
2026-02-18,2026-02-18,FO,NSE,STO,165022,,UNIONBANK,,2026-02-24,2026-02-24,192.5,CE,UNIONBANK26FEB192.5CE,2.1,4.3,1.12,3.15,2.89,2.05,193.1,3.15,2150550,924825,7202,6237301185.75,6230,F1,4425,,,,,
2026-02-18,2026-02-18,FO,NSE,STO,165014,,UNIONBANK,,2026-02-24,2026-02-24,172.5,CE,UNIONBANK26FEB172.5CE,17.44,17.44,17.44,17.44,17.44,16.47,193.1,20.77,384975,0,1,840484.5,1,F1,4425,,,,,
2026-02-18,2026-02-18,FO,NSE,STO,165012,,UNIONBANK,,2026-02-24,2026-02-24,167.5,CE,UNIONBANK26FEB167.5CE,0.0,0.0,0.0,21.33,21.33,21.33,193.1,25.75,190275,0,0,0.0,0,F1,4425,,,,,
2026-02-18,2026-02-18,FO,NSE,STO,148307,,UNIONBANK,,2026-02-24,2026-02-24,165.0,CE,UNIONBANK26FEB165CE,27.69,28.4,26.29,27.83,27.83,12.61,193.1,27.83,168150,-8850,7,5966094.75,7,F1,4425,,,,,
2026-02-18,2026-02-18,FO,NSE,STO,165010,,UNIONBANK,,2026-02-24,2026-02-24,162.5,CE,UNIONBANK26FEB162.5CE,0.0,0.0,0.0,15.82,15.82,15.82,193.1,30.75,26550,0,0,0.0,0,F1,4425,,,,,
2026-02-18,2026-02-18,FO,NSE,STF,52064,,UNIONBANK,,2026-03-30,2026-03-30,,,UNIONBANK26MARFUT,190.9,195.0,190.27,193.94,193.73,189.88,193.1,193.94,12611250,5261325,2905,2485926458.25,2734,F1,4425,,,,,
2026-02-18,2026-02-18,FO,NSE,STO,171653,,UNIONBANK,,2026-04-28,2026-04-28,155.0,PE,UNIONBANK26APR155PE,0.0,0.0,0.0,4.82,0.0,4.82,193.1,0.68,0,0,0,0.0,0,F1,4425,,,,,
2026-02-18,2026-02-18,FO,NSE,STO,171613,,UNIONBANK,,2026-03-30,2026-03-30,167.5,PE,UNIONBANK26MAR167.5PE,0.0,0.0,0.0,1.49,1.49,1.49,193.1,0.91,88500,0,0,0.0,0,F1,4425,,,,,
2026-02-18,2026-02-18,FO,NSE,STO,148662,,UNIONBANK,,2026-02-24,2026-02-24,210.0,PE,UNIONBANK26FEB210PE,0.0,0.0,0.0,55.14,0.0,55.14,193.1,16.81,0,0,0,0.0,0,F1,4425,,,,,
2026-02-18,2026-02-18,FO,NSE,STO,148606,,UNIONBANK,,2026-02-24,2026-02-24,200.0,PE,UNIONBANK26FEB200PE,9.19,9.59,7.64,7.98,8.45,11.75,193.1,7.98,314175,216825,134,123460951.5,119,F1,4425,,,,,
2026-02-18,2026-02-18,FO,NSE,STO,148604,,UNIONBANK,,2026-02-24,2026-02-24,195.0,PE,UNIONBANK26FEB195PE,7.0,7.0,4.05,4.33,4.54,7.57,193.1,4.33,902700,690300,1005,889010510.25,799,F1,4425,,,,,
2026-02-18,2026-02-18,FO,NSE,STO,148438,,UNIONBANK,,2026-02-24,2026-02-24,180.0,PE,UNIONBANK26FEB180PE,0.7,0.78,0.21,0.23,0.26,0.83,193.1,0.23,6093225,-769950,1569,1252297567.5,1288,F1,4425,,,,,
2026-02-18,2026-02-18,FO,NSE,STO,148436,,UNIONBANK,,2026-02-24,2026-02-24,175.0,PE,UNIONBANK26FEB175PE,0.28,0.29,0.12,0.13,0.13,0.38,193.1,0.13,2508975,-247800,436,338005395.0,340,F1,4425,,,,,
2026-02-18,2026-02-18,FO,NSE,STO,165011,,UNIONBANK,,2026-02-24,2026-02-24,162.5,PE,UNIONBANK26FEB162.5PE,0.15,0.15,0.07,0.07,0.07,0.15,193.1,0.07,331875,0,20,14388462.75,18,F1,4425,,,,,
2026-02-18,2026-02-18,FO,NSE,STO,171604,,UNIONBANK,,2026-03-30,2026-03-30,147.5,CE,UNIONBANK26MAR147.5CE,0.0,0.0,0.0,31.08,0.0,31.08,193.1,46.53,0,0,0,0.0,0,F1,4425,,,,,
2026-02-18,2026-02-18,FO,NSE,STO,148275,,UNIONBANK,,2026-02-24,2026-02-24,145.0,CE,UNIONBANK26FEB145CE,0.0,0.0,0.0,34.64,34.64,34.64,193.1,48.23,4425,0,0,0.0,0,F1,4425,,,,,
2026-02-18,2026-02-18,FO,NSE,STF,67035,,UNIONBANK,,2026-04-28,2026-04-28,,,UNIONBANK26APRFUT,192.98,196.0,191.9,194.85,194.65,190.99,193.1,194.85,738975,75225,118,101400246.75,113,F1,4425,,,,,
2026-02-18,2026-02-18,FO,NSE,STO,171651,,UNIONBANK,,2026-04-28,2026-04-28,150.0,PE,UNIONBANK26APR150PE,0.0,0.0,0.0,3.57,0.0,3.57,193.1,0.39,0,0,0,0.0,0,F1,4425,,,,,
2026-02-18,2026-02-18,FO,NSE,STO,171623,,UNIONBANK,,2026-03-30,2026-03-30,192.5,PE,UNIONBANK26MAR192.5PE,0.0,0.0,0.0,21.24,0.0,21.24,193.1,7.85,0,0,0,0.0,0,F1,4425,,,,,
2026-02-18,2026-02-18,FO,NSE,STO,165057,,UNIONBANK,,2026-03-30,2026-03-30,155.0,PE,UNIONBANK26MAR155PE,0.0,0.0,0.0,0.85,0.85,0.85,193.1,0.17,4425,0,0,0.0,0,F1,4425,,,,,
2026-02-18,2026-02-18,FO,NSE,STO,165027,,UNIONBANK,,2026-02-24,2026-02-24,205.0,PE,UNIONBANK26FEB205PE,0.0,0.0,0.0,25.92,25.92,25.92,193.1,12.08,13275,0,0,0.0,0,F1,4425,,,,,
2026-02-18,2026-02-18,FO,NSE,STO,171648,,UNIONBANK,,2026-04-28,2026-04-28,145.0,CE,UNIONBANK26APR145CE,0.0,0.0,0.0,35.0,0.0,35.0,193.1,49.82,0,0,0,0.0,0,F1,4425,,,,,
2026-02-18,2026-02-18,FO,NSE,STO,50273,,UNIONBANK,,2026-03-30,2026-03-30,215.0,PE,UNIONBANK26MAR215PE,0.0,0.0,0.0,36.55,0.0,36.55,193.1,22.95,0,0,0,0.0,0,F1,4425,,,,,
2026-02-18,2026-02-18,FO,NSE,STO,148271,,UNIONBANK,,2026-02-24,2026-02-24,135.0,CE,UNIONBANK26FEB135CE,0.0,0.0,0.0,45.11,45.11,45.11,193.1,58.22,4425,0,0,0.0,0,F1,4425,,,,,
2026-02-18,2026-02-18,FO,NSE,STO,165002,,UNIONBANK,,2026-02-24,2026-02-24,142.5,CE,UNIONBANK26FEB142.5CE,0.0,0.0,0.0,38.3,38.3,38.3,193.1,50.73,4425,0,0,0.0,0,F1,4425,,,,,
2026-02-18,2026-02-18,FO,NSE,STO,41074,,UNIONBANK,,2026-02-24,2026-02-24,202.5,CE,UNIONBANK26FEB202.5CE,0.57,1.0,0.44,0.54,0.51,0.42,193.1,0.54,1017750,951375,825,741758634.75,710,F1,4425,,,,,
2026-02-18,2026-02-18,FO,NSE,STO,42234,,UNIONBANK,,2026-03-30,2026-03-30,205.0,CE,UNIONBANK26MAR205CE,3.26,4.95,3.26,4.08,3.98,3.26,193.1,4.08,898275,22125,313,289695103.5,281,F1,4425,,,,,
2026-02-18,2026-02-18,FO,NSE,STO,148297,,UNIONBANK,,2026-02-24,2026-02-24,150.0,CE,UNIONBANK26FEB150CE,42.0,43.13,42.0,43.1,43.1,38.17,193.1,43.24,66375,-8850,5,4261407.75,5,F1,4425,,,,,
2026-02-18,2026-02-18,FO,NSE,STO,171612,,UNIONBANK,,2026-03-30,2026-03-30,167.5,CE,UNIONBANK26MAR167.5CE,0.0,0.0,0.0,16.64,0.0,16.64,193.1,27.52,0,0,0,0.0,0,F1,4425,,,,,
2026-02-18,2026-02-18,FO,NSE,STO,148301,,UNIONBANK,,2026-02-24,2026-02-24,155.0,CE,UNIONBANK26FEB155CE,34.69,38.33,34.69,37.07,37.07,26.72,193.1,38.24,61950,0,8,6775250.25,5,F1,4425,,,,,
2026-02-18,2026-02-18,FO,NSE,STO,42235,,UNIONBANK,,2026-03-30,2026-03-30,205.0,PE,UNIONBANK26MAR205PE,14.77,14.77,14.77,14.77,14.77,41.96,193.1,15.31,8850,8850,2,1944964.5,1,F1,4425,,,,,
2026-02-18,2026-02-18,FO,NSE,STO,165069,,UNIONBANK,,2026-03-30,2026-03-30,185.0,PE,UNIONBANK26MAR185PE,5.4,5.69,4.19,4.29,4.38,5.81,193.1,4.29,730125,168150,131,110024527.5,115,F1,4425,,,,,
2026-02-18,2026-02-18,FO,NSE,STO,165067,,UNIONBANK,,2026-03-30,2026-03-30,180.0,PE,UNIONBANK26MAR180PE,3.6,4.0,2.8,2.86,3.02,4.08,193.1,2.86,1168200,309750,270,218940459.75,213,F1,4425,,,,,
2026-02-18,2026-02-18,FO,NSE,STO,171615,,UNIONBANK,,2026-03-30,2026-03-30,172.5,PE,UNIONBANK26MAR172.5PE,1.5,1.54,1.5,1.51,1.54,2.22,193.1,1.51,101775,8850,18,13859365.5,18,F1,4425,,,,,
2026-02-18,2026-02-18,FO,NSE,STO,148270,,UNIONBANK,,2026-02-24,2026-02-24,130.0,PE,UNIONBANK26FEB130PE,0.02,0.02,0.02,0.02,0.02,0.03,193.1,0.01,79650,-8850,2,1150677.0,1,F1,4425,,,,,
2026-02-18,2026-02-18,FO,NSE,STO,171674,,UNIONBANK,,2026-04-28,2026-04-28,210.0,CE,UNIONBANK26APR210CE,0.0,0.0,0.0,4.41,0.0,4.41,193.1,5.97,0,0,0,0.0,0,F1,4425,,,,,
2026-02-18,2026-02-18,FO,NSE,STO,171624,,UNIONBANK,,2026-03-30,2026-03-30,197.5,CE,UNIONBANK26MAR197.5CE,5.89,7.61,5.77,7.0,7.0,2.65,193.1,7.0,44250,39825,26,23487324.75,22,F1,4425,,,,,
2026-02-18,2026-02-18,FO,NSE,STO,165070,,UNIONBANK,,2026-03-30,2026-03-30,190.0,CE,UNIONBANK26MAR190CE,8.89,11.48,8.63,10.42,10.08,8.3,193.1,10.42,1916025,1088550,938,829913573.25,709,F1,4425,,,,,
2026-02-18,2026-02-18,FO,NSE,STO,171616,,UNIONBANK,,2026-03-30,2026-03-30,177.5,CE,UNIONBANK26MAR177.5CE,0.0,0.0,0.0,11.0,11.0,11.0,193.1,19.21,8850,0,0,0.0,0,F1,4425,,,,,
2026-02-18,2026-02-18,FO,NSE,STO,148306,,UNIONBANK,,2026-02-24,2026-02-24,160.0,PE,UNIONBANK26FEB160PE,0.08,0.09,0.04,0.05,0.06,0.09,193.1,0.05,1159350,-269925,116,82162957.5,86,F1,4425,,,,,
2026-02-18,2026-02-18,FO,NSE,STO,165023,,UNIONBANK,,2026-02-24,2026-02-24,192.5,PE,UNIONBANK26FEB192.5PE,4.62,5.23,2.65,2.88,3.1,5.82,193.1,2.88,862875,677025,1364,1181912322.75,1199,F1,4425,,,,,
2026-02-18,2026-02-18,FO,NSE,STO,165053,,UNIONBANK,,2026-03-30,2026-03-30,145.0,PE,UNIONBANK26MAR145PE,0.0,0.0,0.0,7.69,0.0,7.69,193.1,0.03,0,0,0,0.0,0,F1,4425,,,,,
2026-02-18,2026-02-18,FO,NSE,STO,165007,,UNIONBANK,,2026-02-24,2026-02-24,152.5,PE,UNIONBANK26FEB152.5PE,0.0,0.0,0.0,9.11,0.0,9.11,193.1,0.01,0,0,0,0.0,0,F1,4425,,,,,
2026-02-18,2026-02-18,FO,NSE,STO,171617,,UNIONBANK,,2026-03-30,2026-03-30,177.5,PE,UNIONBANK26MAR177.5PE,2.6,2.68,2.35,2.35,2.35,3.35,193.1,2.54,88500,26550,12,9560433.75,12,F1,4425,,,,,
2026-02-18,2026-02-18,FO,NSE,STO,165077,,UNIONBANK,,2026-03-30,2026-03-30,210.0,PE,UNIONBANK26MAR210PE,0.0,0.0,0.0,56.1,0.0,56.1,193.1,18.97,0,0,0,0.0,0,F1,4425,,,,,
2026-02-18,2026-02-18,FO,NSE,STO,171665,,UNIONBANK,,2026-04-28,2026-04-28,185.0,PE,UNIONBANK26APR185PE,0.0,0.0,0.0,18.07,0.0,18.07,193.1,6.88,0,0,0,0.0,0,F1,4425,,,,,
2026-02-18,2026-02-18,FO,NSE,STO,171608,,UNIONBANK,,2026-03-30,2026-03-30,157.5,CE,UNIONBANK26MAR157.5CE,0.0,0.0,0.0,23.25,0.0,23.25,193.1,36.8,0,0,0,0.0,0,F1,4425,,,,,
2026-02-18,2026-02-18,FO,NSE,STO,100791,,CONCOR,,2026-03-30,2026-03-30,535.0,PE,CONCOR26MAR535PE,0.0,0.0,0.0,54.95,0.0,54.95,506.55,33.7,0,0,0,0.0,0,F1,1250,,,,,
2026-02-18,2026-02-18,FO,NSE,STO,100843,,CONCOR,,2026-03-30,2026-03-30,595.0,CE,CONCOR26MAR595CE,0.0,0.0,0.0,2.55,0.0,2.55,506.55,0.8,0,0,0,0.0,0,F1,1250,,,,,
2026-02-18,2026-02-18,FO,NSE,STO,100768,,CONCOR,,2026-03-30,2026-03-30,495.0,CE,CONCOR26MAR495CE,0.0,0.0,0.0,24.2,0.0,24.2,506.55,25.9,0,0,0,0.0,0,F1,1250,,,,,
2026-02-18,2026-02-18,FO,NSE,STO,87976,,CONCOR,,2026-02-24,2026-02-24,585.0,CE,CONCOR26FEB585CE,0.0,0.0,0.0,8.0,0.0,8.0,506.55,0.05,0,0,0,0.0,0,F1,1250,,,,,
2026-02-18,2026-02-18,FO,NSE,STO,87974,,CONCOR,,2026-02-24,2026-02-24,575.0,CE,CONCOR26FEB575CE,0.0,0.0,0.0,1.0,1.0,1.0,506.55,0.05,1250,0,0,0.0,0,F1,1250,,,,,
2026-02-18,2026-02-18,FO,NSE,STO,86893,,CONCOR,,2026-02-24,2026-02-24,520.0,CE,CONCOR26FEB520CE,2.4,2.75,1.65,1.95,1.8,2.7,506.55,1.95,1651250,33750,473,308678875.0,397,F1,1250,,,,,
2026-02-18,2026-02-18,FO,NSE,STO,100815,,CONCOR,,2026-03-30,2026-03-30,575.0,PE,CONCOR26MAR575PE,0.0,0.0,0.0,87.9,0.0,87.9,506.55,66.9,0,0,0,0.0,0,F1,1250,,,,,
2026-02-18,2026-02-18,FO,NSE,STO,88184,,CONCOR,,2026-03-30,2026-03-30,530.0,PE,CONCOR26MAR530PE,29.7,30.5,25.1,25.1,25.1,27.0,506.55,25.1,55000,38750,40,27906812.5,40,F1,1250,,,,,
2026-02-18,2026-02-18,FO,NSE,STO,88178,,CONCOR,,2026-03-30,2026-03-30,500.0,PE,CONCOR26MAR500PE,11.7,12.95,9.95,10.25,10.5,11.45,506.55,10.25,301250,118750,182,116279187.5,144,F1,1250,,,,,
2026-02-18,2026-02-18,FO,NSE,STO,100759,,CONCOR,,2026-03-30,2026-03-30,445.0,PE,CONCOR26MAR445PE,0.0,0.0,0.0,8.75,0.0,8.75,506.55,1.15,0,0,0,0.0,0,F1,1250,,,,,
2026-02-18,2026-02-18,FO,NSE,STO,88166,,CONCOR,,2026-03-30,2026-03-30,440.0,PE,CONCOR26MAR440PE,0.0,0.0,0.0,5.0,5.0,5.0,506.55,0.85,6250,0,0,0.0,0,F1,1250,,,,,
2026-02-18,2026-02-18,FO,NSE,STO,86906,,CONCOR,,2026-02-24,2026-02-24,570.0,PE,CONCOR26FEB570PE,63.0,63.0,63.0,63.0,63.0,49.0,506.55,62.95,28750,-1250,2,1582500.0,2,F1,1250,,,,,
2026-02-18,2026-02-18,FO,NSE,STO,87942,,CONCOR,,2026-02-24,2026-02-24,465.0,PE,CONCOR26FEB465PE,0.0,0.0,0.0,0.65,0.65,0.65,506.55,0.05,42500,0,0,0.0,0,F1,1250,,,,,
2026-02-18,2026-02-18,FO,NSE,STO,87928,,CONCOR,,2026-02-24,2026-02-24,445.0,PE,CONCOR26FEB445PE,0.0,0.0,0.0,0.25,0.25,0.25,506.55,0.05,35000,0,0,0.0,0,F1,1250,,,,,
2026-02-18,2026-02-18,FO,NSE,STO,101194,,CONCOR,,2026-04-28,2026-04-28,570.0,CE,CONCOR26APR570CE,0.0,0.0,0.0,8.9,0.0,8.9,506.55,6.0,0,0,0,0.0,0,F1,1250,,,,,
2026-02-18,2026-02-18,FO,NSE,STO,101199,,CONCOR,,2026-04-28,2026-04-28,590.0,PE,CONCOR26APR590PE,0.0,0.0,0.0,101.7,0.0,101.7,506.55,80.75,0,0,0,0.0,0,F1,1250,,,,,
2026-02-18,2026-02-18,FO,NSE,STO,100770,,CONCOR,,2026-03-30,2026-03-30,495.0,PE,CONCOR26MAR495PE,0.0,0.0,0.0,9.95,9.95,9.95,506.55,11.35,1250,0,0,0.0,0,F1,1250,,,,,
2026-02-18,2026-02-18,FO,NSE,STO,86825,,CONCOR,,2026-02-24,2026-02-24,450.0,CE,CONCOR26FEB450CE,0.0,0.0,0.0,60.0,60.0,60.0,506.55,56.95,113750,0,0,0.0,0,F1,1250,,,,,
2026-02-18,2026-02-18,FO,NSE,STO,87962,,CONCOR,,2026-02-24,2026-02-24,515.0,CE,CONCOR26FEB515CE,3.25,3.95,2.35,3.0,2.65,3.85,506.55,3.0,432500,15000,400,259064187.5,374,F1,1250,,,,,
2026-02-18,2026-02-18,FO,NSE,STO,88169,,CONCOR,,2026-03-30,2026-03-30,460.0,CE,CONCOR26MAR460CE,0.0,0.0,0.0,75.2,0.0,75.2,506.55,51.95,0,0,0,0.0,0,F1,1250,,,,,
2026-02-18,2026-02-18,FO,NSE,STO,100804,,CONCOR,,2026-03-30,2026-03-30,565.0,CE,CONCOR26MAR565CE,0.0,0.0,0.0,4.9,4.9,4.9,506.55,2.85,3750,0,0,0.0,0,F1,1250,,,,,
2026-02-18,2026-02-18,FO,NSE,STO,101093,,CONCOR,,2026-04-28,2026-04-28,420.0,CE,CONCOR26APR420CE,0.0,0.0,0.0,78.25,0.0,78.25,506.55,91.9,0,0,0,0.0,0,F1,1250,,,,,
2026-02-18,2026-02-18,FO,NSE,STO,101126,,CONCOR,,2026-04-28,2026-04-28,510.0,CE,CONCOR26APR510CE,0.0,0.0,0.0,24.65,0.0,24.65,506.55,24.45,0,0,0,0.0,0,F1,1250,,,,,
2026-02-18,2026-02-18,FO,NSE,STO,87977,,CONCOR,,2026-02-24,2026-02-24,585.0,PE,CONCOR26FEB585PE,0.0,0.0,0.0,68.6,0.0,68.6,506.55,77.9,0,0,0,0.0,0,F1,1250,,,,,
2026-02-18,2026-02-18,FO,NSE,STO,86914,,CONCOR,,2026-02-24,2026-02-24,610.0,PE,CONCOR26FEB610PE,0.0,0.0,0.0,97.8,0.0,97.8,506.55,102.9,0,0,0,0.0,0,F1,1250,,,,,
2026-02-18,2026-02-18,FO,NSE,STO,100803,,CONCOR,,2026-03-30,2026-03-30,555.0,PE,CONCOR26MAR555PE,0.0,0.0,0.0,70.75,0.0,70.75,506.55,49.3,0,0,0,0.0,0,F1,1250,,,,,
2026-02-18,2026-02-18,FO,NSE,STO,88190,,CONCOR,,2026-03-30,2026-03-30,560.0,PE,CONCOR26MAR560PE,51.65,51.65,51.65,51.65,51.65,50.55,506.55,51.65,11250,1250,1,764562.5,1,F1,1250,,,,,
2026-02-18,2026-02-18,FO,NSE,STO,101127,,CONCOR,,2026-04-28,2026-04-28,510.0,PE,CONCOR26APR510PE,0.0,0.0,0.0,41.5,0.0,41.5,506.55,22.6,0,0,0,0.0,0,F1,1250,,,,,
2026-02-18,2026-02-18,FO,NSE,STO,100844,,CONCOR,,2026-03-30,2026-03-30,595.0,PE,CONCOR26MAR595PE,0.0,0.0,0.0,106.0,0.0,106.0,506.55,85.65,0,0,0,0.0,0,F1,1250,,,,,
2026-02-18,2026-02-18,FO,NSE,STO,100838,,CONCOR,,2026-03-30,2026-03-30,585.0,PE,CONCOR26MAR585PE,0.0,0.0,0.0,96.85,0.0,96.85,506.55,76.2,0,0,0,0.0,0,F1,1250,,,,,
2026-02-18,2026-02-18,FO,NSE,STO,88180,,CONCOR,,2026-03-30,2026-03-30,510.0,PE,CONCOR26MAR510PE,15.1,16.55,14.15,14.6,14.85,16.15,506.55,14.6,45000,18750,22,14432875.0,21,F1,1250,,,,,
2026-02-18,2026-02-18,FO,NSE,STO,86831,,CONCOR,,2026-02-24,2026-02-24,480.0,CE,CONCOR26FEB480CE,27.0,29.3,23.55,27.75,26.95,26.3,506.55,27.75,282500,-11250,35,22161187.5,30,F1,1250,,,,,
2026-02-18,2026-02-18,FO,NSE,STO,100760,,CONCOR,,2026-03-30,2026-03-30,455.0,CE,CONCOR26MAR455CE,0.0,0.0,0.0,46.65,0.0,46.65,506.55,56.3,0,0,0,0.0,0,F1,1250,,,,,
2026-02-18,2026-02-18,FO,NSE,STO,100764,,CONCOR,,2026-03-30,2026-03-30,475.0,CE,CONCOR26MAR475CE,0.0,0.0,0.0,34.25,0.0,34.25,506.55,39.7,0,0,0,0.0,0,F1,1250,,,,,
2026-02-18,2026-02-18,FO,NSE,STO,88185,,CONCOR,,2026-03-30,2026-03-30,540.0,CE,CONCOR26MAR540CE,5.9,6.05,4.95,5.1,5.0,5.9,506.55,5.1,73750,26250,39,26589062.5,27,F1,1250,,,,,
2026-02-18,2026-02-18,FO,NSE,STO,88197,,CONCOR,,2026-03-30,2026-03-30,600.0,CE,CONCOR26MAR600CE,1.05,1.3,0.75,0.85,0.85,1.15,506.55,0.85,111250,26250,33,24786062.5,29,F1,1250,,,,,
2026-02-18,2026-02-18,FO,NSE,STO,86858,,CONCOR,,2026-02-24,2026-02-24,480.0,PE,CONCOR26FEB480PE,0.85,1.05,0.5,0.55,0.55,1.0,506.55,0.55,1208750,-30000,158,94965250.0,70,F1,1250,,,,,
2026-02-18,2026-02-18,FO,NSE,STO,87959,,CONCOR,,2026-02-24,2026-02-24,495.0,PE,CONCOR26FEB495PE,2.95,3.35,1.5,1.6,1.65,2.95,506.55,1.6,233750,-13750,127,78951625.0,114,F1,1250,,,,,
2026-02-18,2026-02-18,FO,NSE,STO,87975,,CONCOR,,2026-02-24,2026-02-24,575.0,PE,CONCOR26FEB575PE,0.0,0.0,0.0,97.0,97.0,97.0,506.55,67.95,0,0,0,0.0,0,F1,1250,,,,,
2026-02-18,2026-02-18,FO,NSE,STO,101108,,CONCOR,,2026-04-28,2026-04-28,480.0,PE,CONCOR26APR480PE,0.0,0.0,0.0,25.45,0.0,25.45,506.55,10.45,0,0,0,0.0,0,F1,1250,,,,,
2026-02-18,2026-02-18,FO,NSE,STO,101131,,CONCOR,,2026-04-28,2026-04-28,530.0,PE,CONCOR26APR530PE,0.0,0.0,0.0,54.45,0.0,54.45,506.55,34.0,0,0,0,0.0,0,F1,1250,,,,,
2026-02-18,2026-02-18,FO,NSE,STO,101201,,CONCOR,,2026-04-28,2026-04-28,600.0,PE,CONCOR26APR600PE,0.0,0.0,0.0,110.45,0.0,110.45,506.55,89.8,0,0,0,0.0,0,F1,1250,,,,,
2026-02-18,2026-02-18,FO,NSE,STF,51852,,CONCOR,,2026-03-30,2026-03-30,,,CONCOR26MARFUT,508.35,512.35,505.05,510.45,510.5,509.2,506.55,510.45,4965000,1817500,2071,1319159312.5,1492,F1,1250,,,,,
2026-02-18,2026-02-18,FO,NSE,STO,86821,,CONCOR,,2026-02-24,2026-02-24,430.0,CE,CONCOR26FEB430CE,0.0,0.0,0.0,94.6,0.0,94.6,506.55,76.95,0,0,0,0.0,0,F1,1250,,,,,
2026-02-18,2026-02-18,FO,NSE,STO,86913,,CONCOR,,2026-02-24,2026-02-24,610.0,CE,CONCOR26FEB610CE,0.0,0.0,0.0,0.3,0.3,0.3,506.55,0.05,7500,0,0,0.0,0,F1,1250,,,,,
2026-02-18,2026-02-18,FO,NSE,STO,88179,,CONCOR,,2026-03-30,2026-03-30,510.0,CE,CONCOR26MAR510CE,16.0,16.25,14.0,15.35,14.8,15.85,506.55,15.35,88750,30000,69,45312687.5,60,F1,1250,,,,,
2026-02-18,2026-02-18,FO,NSE,STO,88181,,CONCOR,,2026-03-30,2026-03-30,520.0,CE,CONCOR26MAR520CE,11.75,12.0,9.85,10.65,10.55,11.4,506.55,10.65,108750,48750,91,60405125.0,72,F1,1250,,,,,
2026-02-18,2026-02-18,FO,NSE,STO,88195,,CONCOR,,2026-03-30,2026-03-30,590.0,CE,CONCOR26MAR590CE,0.0,0.0,0.0,13.45,0.0,13.45,506.55,1.0,0,0,0,0.0,0,F1,1250,,,,,
2026-02-18,2026-02-18,FO,NSE,STO,101130,,CONCOR,,2026-04-28,2026-04-28,530.0,CE,CONCOR26APR530CE,0.0,0.0,0.0,17.9,0.0,17.9,506.55,16.05,0,0,0,0.0,0,F1,1250,,,,,
2026-02-18,2026-02-18,FO,NSE,STO,86816,,CONCOR,,2026-02-24,2026-02-24,400.0,PE,CONCOR26FEB400PE,0.05,0.05,0.05,0.05,0.05,0.05,506.55,0.05,436250,0,1,500062.5,1,F1,1250,,,,,
2026-02-18,2026-02-18,FO,NSE,STO,86820,,CONCOR,,2026-02-24,2026-02-24,420.0,PE,CONCOR26FEB420PE,0.1,0.2,0.1,0.15,0.15,0.2,506.55,0.05,96250,-15000,23,12078125.0,13,F1,1250,,,,,
2026-02-18,2026-02-18,FO,NSE,STO,86868,,CONCOR,,2026-02-24,2026-02-24,490.0,PE,CONCOR26FEB490PE,1.65,2.2,0.95,1.05,1.05,2.0,506.55,1.05,562500,-50000,186,114241187.5,137,F1,1250,,,,,
2026-02-18,2026-02-18,FO,NSE,STO,86890,,CONCOR,,2026-02-24,2026-02-24,500.0,PE,CONCOR26FEB500PE,4.65,5.3,2.4,2.7,2.4,4.3,506.55,2.7,1011250,-126250,658,414169625.0,554,F1,1250,,,,,
2026-02-18,2026-02-18,FO,NSE,STO,88168,,CONCOR,,2026-03-30,2026-03-30,450.0,PE,CONCOR26MAR450PE,2.1,2.1,1.45,1.5,1.5,1.8,506.55,1.5,20000,-8750,12,6772875.0,5,F1,1250,,,,,
2026-02-18,2026-02-18,FO,NSE,STO,88170,,CONCOR,,2026-03-30,2026-03-30,460.0,PE,CONCOR26MAR460PE,0.0,0.0,0.0,2.8,2.8,2.8,506.55,2.65,10000,0,0,0.0,0,F1,1250,,,,,
2026-02-18,2026-02-18,FO,NSE,STO,100767,,CONCOR,,2026-03-30,2026-03-30,485.0,PE,CONCOR26MAR485PE,0.0,0.0,0.0,5.95,5.95,5.95,506.55,7.9,2500,0,0,0.0,0,F1,1250,,,,,
2026-02-18,2026-02-18,FO,NSE,STO,88194,,CONCOR,,2026-03-30,2026-03-30,580.0,PE,CONCOR26MAR580PE,0.0,0.0,0.0,68.15,0.0,68.15,506.55,71.5,0,0,0,0.0,0,F1,1250,,,,,
2026-02-18,2026-02-18,FO,NSE,STO,88200,,CONCOR,,2026-03-30,2026-03-30,610.0,PE,CONCOR26MAR610PE,0.0,0.0,0.0,91.55,0.0,91.55,506.55,100.15,0,0,0,0.0,0,F1,1250,,,,,
2026-02-18,2026-02-18,FO,NSE,STO,101094,,CONCOR,,2026-04-28,2026-04-28,420.0,PE,CONCOR26APR420PE,0.0,0.0,0.0,6.5,0.0,6.5,506.55,1.0,0,0,0,0.0,0,F1,1250,,,,,
2026-02-18,2026-02-18,FO,NSE,STO,86894,,CONCOR,,2026-02-24,2026-02-24,520.0,PE,CONCOR26FEB520PE,16.0,18.5,13.55,15.1,15.25,16.55,506.55,15.1,806250,-31250,58,38816500.0,53,F1,1250,,,,,
2026-02-18,2026-02-18,FO,NSE,STO,87935,,CONCOR,,2026-02-24,2026-02-24,455.0,CE,CONCOR26FEB455CE,0.0,0.0,0.0,72.8,0.0,72.8,506.55,51.95,0,0,0,0.0,0,F1,1250,,,,,
2026-02-18,2026-02-18,FO,NSE,STO,86823,,CONCOR,,2026-02-24,2026-02-24,440.0,CE,CONCOR26FEB440CE,0.0,0.0,0.0,86.45,0.0,86.45,506.55,66.95,0,0,0,0.0,0,F1,1250,,,,,
2026-02-18,2026-02-18,FO,NSE,STF,59293,,CONCOR,,2026-02-24,2026-02-24,,,CONCOR26FEBFUT,503.0,508.9,501.95,507.25,507.05,505.9,506.55,507.25,29770000,-1466250,2486,1572807875.0,1720,F1,1250,,,,,
2026-02-18,2026-02-18,FO,NSE,STO,87970,,CONCOR,,2026-02-24,2026-02-24,555.0,CE,CONCOR26FEB555CE,0.2,0.2,0.1,0.1,0.1,0.3,506.55,0.05,68750,-5000,10,6939125.0,10,F1,1250,,,,,
2026-02-18,2026-02-18,FO,NSE,STO,86899,,CONCOR,,2026-02-24,2026-02-24,550.0,CE,CONCOR26FEB550CE,0.3,0.3,0.1,0.2,0.2,0.35,506.55,0.2,705000,-117500,407,279906437.5,141,F1,1250,,,,,
2026-02-18,2026-02-18,FO,NSE,STO,86827,,CONCOR,,2026-02-24,2026-02-24,460.0,CE,CONCOR26FEB460CE,0.0,0.0,0.0,67.75,67.75,67.75,506.55,47.0,23750,0,0,0.0,0,F1,1250,,,,,
2026-02-18,2026-02-18,FO,NSE,STO,87972,,CONCOR,,2026-02-24,2026-02-24,565.0,CE,CONCOR26FEB565CE,0.0,0.0,0.0,0.3,0.3,0.3,506.55,0.05,78750,0,0,0.0,0,F1,1250,,,,,
2026-02-18,2026-02-18,FO,NSE,STO,86911,,CONCOR,,2026-02-24,2026-02-24,600.0,CE,CONCOR26FEB600CE,0.05,0.05,0.05,0.05,0.05,0.05,506.55,0.05,722500,-13750,11,8250687.5,10,F1,1250,,,,,
2026-02-18,2026-02-18,FO,NSE,STO,101102,,CONCOR,,2026-04-28,2026-04-28,460.0,PE,CONCOR26APR460PE,0.0,0.0,0.0,17.25,0.0,17.25,506.55,5.45,0,0,0,0.0,0,F1,1250,,,,,
2026-02-18,2026-02-18,FO,NSE,STO,88196,,CONCOR,,2026-03-30,2026-03-30,590.0,PE,CONCOR26MAR590PE,0.0,0.0,0.0,75.7,0.0,75.7,506.55,80.9,0,0,0,0.0,0,F1,1250,,,,,
2026-02-18,2026-02-18,FO,NSE,STO,100763,,CONCOR,,2026-03-30,2026-03-30,465.0,PE,CONCOR26MAR465PE,0.0,0.0,0.0,14.95,0.0,14.95,506.55,3.35,0,0,0,0.0,0,F1,1250,,,,,
2026-02-18,2026-02-18,FO,NSE,STO,88164,,CONCOR,,2026-03-30,2026-03-30,430.0,PE,CONCOR26MAR430PE,0.0,0.0,0.0,4.2,0.0,4.2,506.55,0.45,0,0,0,0.0,0,F1,1250,,,,,
2026-02-18,2026-02-18,FO,NSE,STO,87963,,CONCOR,,2026-02-24,2026-02-24,515.0,PE,CONCOR26FEB515PE,11.85,14.75,9.75,9.8,9.75,13.1,506.55,9.8,283750,5000,37,24364312.5,37,F1,1250,,,,,
2026-02-18,2026-02-18,FO,NSE,STO,101200,,CONCOR,,2026-04-28,2026-04-28,600.0,CE,CONCOR26APR600CE,0.0,0.0,0.0,5.0,0.0,5.0,506.55,2.55,0,0,0,0.0,0,F1,1250,,,,,
2026-02-18,2026-02-18,FO,NSE,STO,88191,,CONCOR,,2026-03-30,2026-03-30,570.0,CE,CONCOR26MAR570CE,2.0,2.05,1.95,1.95,1.95,5.0,506.55,1.95,12500,10000,10,7150000.0,9,F1,1250,,,,,
2026-02-18,2026-02-18,FO,NSE,STO,88183,,CONCOR,,2026-03-30,2026-03-30,530.0,CE,CONCOR26MAR530CE,8.25,8.35,6.95,7.5,7.4,7.7,506.55,7.5,133750,51250,78,52417937.5,74,F1,1250,,,,,
2026-02-18,2026-02-18,FO,NSE,STO,100771,,CONCOR,,2026-03-30,2026-03-30,505.0,CE,CONCOR26MAR505CE,0.0,0.0,0.0,20.1,0.0,20.1,506.55,20.25,0,0,0,0.0,0,F1,1250,,,,,
2026-02-18,2026-02-18,FO,NSE,STO,88175,,CONCOR,,2026-03-30,2026-03-30,490.0,CE,CONCOR26MAR490CE,28.0,28.0,25.45,28.0,28.0,30.4,506.55,28.0,12500,10000,15,9703500.0,12,F1,1250,,,,,
2026-02-18,2026-02-18,FO,NSE,STO,86912,,CONCOR,,2026-02-24,2026-02-24,600.0,PE,CONCOR26FEB600PE,94.45,94.45,92.0,93.75,93.75,92.0,506.55,92.9,613750,-36250,29,25107250.0,22,F1,1250,,,,,
2026-02-18,2026-02-18,FO,NSE,STO,87981,,CONCOR,,2026-02-24,2026-02-24,605.0,PE,CONCOR26FEB605PE,0.0,0.0,0.0,85.45,0.0,85.45,506.55,97.9,0,0,0,0.0,0,F1,1250,,,,,
2026-02-18,2026-02-18,FO,NSE,STO,88162,,CONCOR,,2026-03-30,2026-03-30,420.0,PE,CONCOR26MAR420PE,0.0,0.0,0.0,1.45,1.45,1.45,506.55,0.2,5000,0,0,0.0,0,F1,1250,,,,,
2026-02-18,2026-02-18,FO,NSE,STO,100765,,CONCOR,,2026-03-30,2026-03-30,475.0,PE,CONCOR26MAR475PE,4.2,4.2,4.15,4.15,4.15,6.0,506.55,4.15,7500,1250,4,2395875.0,3,F1,1250,,,,,
2026-02-18,2026-02-18,FO,NSE,STO,88174,,CONCOR,,2026-03-30,2026-03-30,480.0,PE,CONCOR26MAR480PE,5.4,6.15,4.65,4.75,4.85,5.5,506.55,4.75,145000,72500,91,55171312.5,63,F1,1250,,,,,
2026-02-18,2026-02-18,FO,NSE,STO,88176,,CONCOR,,2026-03-30,2026-03-30,490.0,PE,CONCOR26MAR490PE,7.5,8.8,6.65,7.1,7.3,8.05,506.55,7.1,35000,31250,45,27988062.5,36,F1,1250,,,,,
2026-02-18,2026-02-18,FO,NSE,STO,101100,,CONCOR,,2026-04-28,2026-04-28,450.0,PE,CONCOR26APR450PE,0.0,0.0,0.0,13.85,0.0,13.85,506.55,3.75,0,0,0,0.0,0,F1,1250,,,,,
2026-02-18,2026-02-18,FO,NSE,STO,101164,,CONCOR,,2026-04-28,2026-04-28,550.0,PE,CONCOR26APR550PE,0.0,0.0,0.0,69.0,0.0,69.0,506.55,47.8,0,0,0,0.0,0,F1,1250,,,,,
2026-02-18,2026-02-18,FO,NSE,STO,87927,,CONCOR,,2026-02-24,2026-02-24,445.0,CE,CONCOR26FEB445CE,0.0,0.0,0.0,60.9,60.9,60.9,506.55,61.95,0,0,0,0.0,0,F1,1250,,,,,
2026-02-18,2026-02-18,FO,NSE,STO,87945,,CONCOR,,2026-02-24,2026-02-24,475.0,CE,CONCOR26FEB475CE,29.65,32.25,29.65,32.25,32.25,33.15,506.55,32.15,42500,-2500,6,3793625.0,6,F1,1250,,,,,
2026-02-18,2026-02-18,FO,NSE,STO,87949,,CONCOR,,2026-02-24,2026-02-24,485.0,CE,CONCOR26FEB485CE,20.95,24.2,20.95,22.85,22.3,21.85,506.55,22.85,81250,-3750,17,10790312.5,17,F1,1250,,,,,
2026-02-18,2026-02-18,FO,NSE,STO,87960,,CONCOR,,2026-02-24,2026-02-24,505.0,CE,CONCOR26FEB505CE,6.95,8.15,5.35,6.85,6.4,7.4,506.55,6.85,320000,10000,348,222548562.5,282,F1,1250,,,,,
2026-02-18,2026-02-18,FO,NSE,STO,87966,,CONCOR,,2026-02-24,2026-02-24,535.0,CE,CONCOR26FEB535CE,0.8,0.9,0.5,0.6,0.6,1.0,506.55,0.6,180000,-51250,74,49545437.5,62,F1,1250,,,,,
2026-02-18,2026-02-18,FO,NSE,STO,86903,,CONCOR,,2026-02-24,2026-02-24,560.0,CE,CONCOR26FEB560CE,0.15,0.15,0.05,0.1,0.05,0.25,506.55,0.1,226250,-61250,104,72812750.0,51,F1,1250,,,,,
2026-02-18,2026-02-18,FO,NSE,STO,100774,,CONCOR,,2026-03-30,2026-03-30,515.0,CE,CONCOR26MAR515CE,0.0,0.0,0.0,15.0,15.0,15.0,506.55,15.5,1250,0,0,0.0,0,F1,1250,,,,,
2026-02-18,2026-02-18,FO,NSE,STO,100802,,CONCOR,,2026-03-30,2026-03-30,555.0,CE,CONCOR26MAR555CE,0.0,0.0,0.0,6.95,0.0,6.95,506.55,4.2,0,0,0,0.0,0,F1,1250,,,,,
2026-02-18,2026-02-18,FO,NSE,STO,101115,,CONCOR,,2026-04-28,2026-04-28,500.0,CE,CONCOR26APR500CE,0.0,0.0,0.0,28.65,0.0,28.65,506.55,29.6,0,0,0,0.0,0,F1,1250,,,,,
2026-02-18,2026-02-18,FO,NSE,STO,86828,,CONCOR,,2026-02-24,2026-02-24,460.0,PE,CONCOR26FEB460PE,0.3,0.3,0.15,0.25,0.25,0.3,506.55,0.25,241250,-7500,8,4602312.5,5,F1,1250,,,,,
2026-02-18,2026-02-18,FO,NSE,STO,87946,,CONCOR,,2026-02-24,2026-02-24,475.0,PE,CONCOR26FEB475PE,0.75,0.75,0.3,0.4,0.3,0.7,506.55,0.4,131250,-10000,23,13671312.5,21,F1,1250,,,,,
2026-02-18,2026-02-18,FO,NSE,STO,87968,,CONCOR,,2026-02-24,2026-02-24,545.0,CE,CONCOR26FEB545CE,0.5,0.5,0.25,0.25,0.25,0.5,506.55,0.1,61250,1250,11,7497937.5,11,F1,1250,,,,,
2026-02-18,2026-02-18,FO,NSE,STF,66780,,CONCOR,,2026-04-28,2026-04-28,,,CONCOR26APRFUT,514.45,514.9,510.3,513.35,513.35,511.0,506.55,513.35,305000,18750,23,14766562.5,21,F1,1250,,,,,
2026-02-18,2026-02-18,FO,NSE,STO,101193,,CONCOR,,2026-04-28,2026-04-28,560.0,PE,CONCOR26APR560PE,0.0,0.0,0.0,76.75,0.0,76.75,506.55,55.45,0,0,0,0.0,0,F1,1250,,,,,
2026-02-18,2026-02-18,FO,NSE,STO,88198,,CONCOR,,2026-03-30,2026-03-30,600.0,PE,CONCOR26MAR600PE,88.85,89.3,87.25,89.0,89.0,91.25,506.55,90.45,91250,37500,30,25800125.0,27,F1,1250,,,,,
2026-02-18,2026-02-18,FO,NSE,STO,88188,,CONCOR,,2026-03-30,2026-03-30,550.0,PE,CONCOR26MAR550PE,43.5,44.0,40.65,42.4,42.4,44.0,506.55,42.4,131250,72500,61,45069375.0,39,F1,1250,,,,,
2026-02-18,2026-02-18,FO,NSE,STO,88186,,CONCOR,,2026-03-30,2026-03-30,540.0,PE,CONCOR26MAR540PE,38.0,38.0,34.0,34.0,34.0,36.75,506.55,34.0,27500,11250,9,6472750.0,9,F1,1250,,,,,
2026-02-18,2026-02-18,FO,NSE,STO,88182,,CONCOR,,2026-03-30,2026-03-30,520.0,PE,CONCOR26MAR520PE,22.2,22.2,19.1,19.95,20.15,21.6,506.55,19.95,80000,25000,26,17551625.0,23,F1,1250,,,,,
2026-02-18,2026-02-18,FO,NSE,STO,87979,,CONCOR,,2026-02-24,2026-02-24,595.0,PE,CONCOR26FEB595PE,0.0,0.0,0.0,76.85,0.0,76.85,506.55,87.9,0,0,0,0.0,0,F1,1250,,,,,
2026-02-18,2026-02-18,FO,NSE,STO,86892,,CONCOR,,2026-02-24,2026-02-24,510.0,PE,CONCOR26FEB510PE,8.15,11.05,6.5,7.05,7.75,9.35,506.55,7.05,497500,-28750,139,90027937.5,138,F1,1250,,,,,
2026-02-18,2026-02-18,FO,NSE,STO,101198,,CONCOR,,2026-04-28,2026-04-28,590.0,CE,CONCOR26APR590CE,0.0,0.0,0.0,6.1,0.0,6.1,506.55,3.4,0,0,0,0.0,0,F1,1250,,,,,
2026-02-18,2026-02-18,FO,NSE,STO,101103,,CONCOR,,2026-04-28,2026-04-28,470.0,CE,CONCOR26APR470CE,0.0,0.0,0.0,43.65,0.0,43.65,506.55,49.05,0,0,0,0.0,0,F1,1250,,,,,
2026-02-18,2026-02-18,FO,NSE,STO,88199,,CONCOR,,2026-03-30,2026-03-30,610.0,CE,CONCOR26MAR610CE,0.0,0.0,0.0,9.6,0.0,9.6,506.55,0.4,0,0,0,0.0,0,F1,1250,,,,,
2026-02-18,2026-02-18,FO,NSE,STO,100882,,CONCOR,,2026-03-30,2026-03-30,605.0,CE,CONCOR26MAR605CE,0.0,0.0,0.0,1.95,0.0,1.95,506.55,0.5,0,0,0,0.0,0,F1,1250,,,,,
2026-02-18,2026-02-18,FO,NSE,STO,100837,,CONCOR,,2026-03-30,2026-03-30,585.0,CE,CONCOR26MAR585CE,0.0,0.0,0.0,3.3,0.0,3.3,506.55,1.25,0,0,0,0.0,0,F1,1250,,,,,
2026-02-18,2026-02-18,FO,NSE,STO,100766,,CONCOR,,2026-03-30,2026-03-30,485.0,CE,CONCOR26MAR485CE,0.0,0.0,0.0,28.95,0.0,28.95,506.55,32.4,0,0,0,0.0,0,F1,1250,,,,,
2026-02-18,2026-02-18,FO,NSE,STO,88167,,CONCOR,,2026-03-30,2026-03-30,450.0,CE,CONCOR26MAR450CE,0.0,0.0,0.0,82.95,0.0,82.95,506.55,60.8,0,0,0,0.0,0,F1,1250,,,,,
2026-02-18,2026-02-18,FO,NSE,STO,86907,,CONCOR,,2026-02-24,2026-02-24,580.0,CE,CONCOR26FEB580CE,0.05,0.05,0.05,0.05,0.05,0.1,506.55,0.05,275000,-3750,18,13051125.0,10,F1,1250,,,,,
2026-02-18,2026-02-18,FO,NSE,STO,86826,,CONCOR,,2026-02-24,2026-02-24,450.0,PE,CONCOR26FEB450PE,0.3,0.3,0.15,0.15,0.2,0.3,506.55,0.15,150000,-23750,28,15756625.0,22,F1,1250,,,,,
2026-02-18,2026-02-18,FO,NSE,STO,101107,,CONCOR,,2026-04-28,2026-04-28,480.0,CE,CONCOR26APR480CE,0.0,0.0,0.0,38.15,0.0,38.15,506.55,41.95,0,0,0,0.0,0,F1,1250,,,,,
2026-02-18,2026-02-18,FO,NSE,STO,101099,,CONCOR,,2026-04-28,2026-04-28,450.0,CE,CONCOR26APR450CE,0.0,0.0,0.0,56.1,0.0,56.1,506.55,64.95,0,0,0,0.0,0,F1,1250,,,,,
2026-02-18,2026-02-18,FO,NSE,STO,88173,,CONCOR,,2026-03-30,2026-03-30,480.0,CE,CONCOR26MAR480CE,35.5,35.5,35.5,35.5,35.5,36.75,506.55,35.5,2500,1250,1,644375.0,1,F1,1250,,,,,
2026-02-18,2026-02-18,FO,NSE,STO,100762,,CONCOR,,2026-03-30,2026-03-30,465.0,CE,CONCOR26MAR465CE,0.0,0.0,0.0,40.15,0.0,40.15,506.55,47.7,0,0,0,0.0,0,F1,1250,,,,,
2026-02-18,2026-02-18,FO,NSE,STO,101195,,CONCOR,,2026-04-28,2026-04-28,570.0,PE,CONCOR26APR570PE,0.0,0.0,0.0,84.8,0.0,84.8,506.55,63.55,0,0,0,0.0,0,F1,1250,,,,,
2026-02-18,2026-02-18,FO,NSE,STO,101114,,CONCOR,,2026-04-28,2026-04-28,490.0,PE,CONCOR26APR490PE,0.0,0.0,0.0,30.3,0.0,30.3,506.55,13.85,0,0,0,0.0,0,F1,1250,,,,,
2026-02-18,2026-02-18,FO,NSE,STO,101104,,CONCOR,,2026-04-28,2026-04-28,470.0,PE,CONCOR26APR470PE,0.0,0.0,0.0,21.1,0.0,21.1,506.55,7.65,0,0,0,0.0,0,F1,1250,,,,,
2026-02-18,2026-02-18,FO,NSE,STO,87973,,CONCOR,,2026-02-24,2026-02-24,565.0,PE,CONCOR26FEB565PE,0.0,0.0,0.0,53.1,0.0,53.1,506.55,57.95,0,0,0,0.0,0,F1,1250,,,,,
2026-02-18,2026-02-18,FO,NSE,STO,87971,,CONCOR,,2026-02-24,2026-02-24,555.0,PE,CONCOR26FEB555PE,0.0,0.0,0.0,32.8,32.8,32.8,506.55,47.95,0,0,0,0.0,0,F1,1250,,,,,
2026-02-18,2026-02-18,FO,NSE,STO,86902,,CONCOR,,2026-02-24,2026-02-24,550.0,PE,CONCOR26FEB550PE,42.5,43.7,41.6,42.55,43.0,43.85,506.55,42.55,222500,-46250,62,45881750.0,30,F1,1250,,,,,
2026-02-18,2026-02-18,FO,NSE,STO,87957,,CONCOR,,2026-02-24,2026-02-24,485.0,PE,CONCOR26FEB485PE,1.15,1.35,0.6,0.7,0.65,1.4,506.55,0.7,300000,-27500,68,41305125.0,61,F1,1250,,,,,
2026-02-18,2026-02-18,FO,NSE,STO,88165,,CONCOR,,2026-03-30,2026-03-30,440.0,CE,CONCOR26MAR440CE,0.0,0.0,0.0,91.1,0.0,91.1,506.55,70.05,0,0,0,0.0,0,F1,1250,,,,,
2026-02-18,2026-02-18,FO,NSE,STO,87978,,CONCOR,,2026-02-24,2026-02-24,595.0,CE,CONCOR26FEB595CE,0.0,0.0,0.0,6.35,0.0,6.35,506.55,0.05,0,0,0,0.0,0,F1,1250,,,,,
2026-02-18,2026-02-18,FO,NSE,STO,86815,,CONCOR,,2026-02-24,2026-02-24,400.0,CE,CONCOR26FEB400CE,0.0,0.0,0.0,100.25,100.25,100.25,506.55,106.9,8750,0,0,0.0,0,F1,1250,,,,,
2026-02-18,2026-02-18,FO,NSE,STO,86830,,CONCOR,,2026-02-24,2026-02-24,470.0,PE,CONCOR26FEB470PE,0.5,0.55,0.25,0.3,0.25,0.55,506.55,0.3,228750,-3750,51,29985250.0,40,F1,1250,,,,,
2026-02-18,2026-02-18,FO,NSE,STO,87967,,CONCOR,,2026-02-24,2026-02-24,535.0,PE,CONCOR26FEB535PE,0.0,0.0,0.0,23.45,23.9,23.45,506.55,28.4,75000,0,0,0.0,0,F1,1250,,,,,
2026-02-18,2026-02-18,FO,NSE,STO,101098,,CONCOR,,2026-04-28,2026-04-28,440.0,PE,CONCOR26APR440PE,0.0,0.0,0.0,11.0,0.0,11.0,506.55,2.5,0,0,0,0.0,0,F1,1250,,,,,
2026-02-18,2026-02-18,FO,NSE,STO,101129,,CONCOR,,2026-04-28,2026-04-28,520.0,PE,CONCOR26APR520PE,0.0,0.0,0.0,47.75,0.0,47.75,506.55,28.0,0,0,0,0.0,0,F1,1250,,,,,
2026-02-18,2026-02-18,FO,NSE,STO,87940,,CONCOR,,2026-02-24,2026-02-24,465.0,CE,CONCOR26FEB465CE,0.0,0.0,0.0,40.4,40.4,40.4,506.55,42.0,10000,0,0,0.0,0,F1,1250,,,,,
2026-02-18,2026-02-18,FO,NSE,STO,86829,,CONCOR,,2026-02-24,2026-02-24,470.0,CE,CONCOR26FEB470CE,0.0,0.0,0.0,36.9,36.9,36.9,506.55,37.05,97500,0,0,0.0,0,F1,1250,,,,,
2026-02-18,2026-02-18,FO,NSE,STO,86891,,CONCOR,,2026-02-24,2026-02-24,510.0,CE,CONCOR26FEB510CE,4.8,5.75,3.5,4.5,4.3,5.2,506.55,4.5,775000,-23750,1078,693427125.0,930,F1,1250,,,,,
2026-02-18,2026-02-18,FO,NSE,STO,86897,,CONCOR,,2026-02-24,2026-02-24,540.0,CE,CONCOR26FEB540CE,0.6,0.65,0.35,0.4,0.4,0.7,506.55,0.4,865000,-115000,365,246574687.5,165,F1,1250,,,,,
2026-02-18,2026-02-18,FO,NSE,STO,88177,,CONCOR,,2026-03-30,2026-03-30,500.0,CE,CONCOR26MAR500CE,21.6,22.2,19.0,21.05,20.9,20.8,506.55,21.05,187500,50000,109,70966062.5,87,F1,1250,,,,,
2026-02-18,2026-02-18,FO,NSE,STO,100788,,CONCOR,,2026-03-30,2026-03-30,525.0,CE,CONCOR26MAR525CE,10.0,10.0,9.9,9.9,9.9,10.1,506.55,11.55,11250,0,2,1337375.0,2,F1,1250,,,,,
2026-02-18,2026-02-18,FO,NSE,STO,100798,,CONCOR,,2026-03-30,2026-03-30,545.0,CE,CONCOR26MAR545CE,0.0,0.0,0.0,8.7,0.0,8.7,506.55,6.05,0,0,0,0.0,0,F1,1250,,,,,
2026-02-18,2026-02-18,FO,NSE,STO,101128,,CONCOR,,2026-04-28,2026-04-28,520.0,CE,CONCOR26APR520CE,0.0,0.0,0.0,21.05,0.0,21.05,506.55,19.9,0,0,0,0.0,0,F1,1250,,,,,
2026-02-18,2026-02-18,FO,NSE,STO,86824,,CONCOR,,2026-02-24,2026-02-24,440.0,PE,CONCOR26FEB440PE,0.2,0.2,0.15,0.15,0.15,0.25,506.55,0.15,118750,-5000,7,3851375.0,7,F1,1250,,,,,
2026-02-18,2026-02-18,FO,NSE,STO,86896,,CONCOR,,2026-02-24,2026-02-24,530.0,PE,CONCOR26FEB530PE,24.15,28.75,22.25,24.3,24.3,25.45,506.55,23.8,230000,-17500,55,38230437.5,44,F1,1250,,,,,
2026-02-18,2026-02-18,FO,NSE,STO,100805,,CONCOR,,2026-03-30,2026-03-30,565.0,PE,CONCOR26MAR565PE,0.0,0.0,0.0,79.2,0.0,79.2,506.55,57.9,0,0,0,0.0,0,F1,1250,,,,,
2026-02-18,2026-02-18,FO,NSE,STO,101157,,CONCOR,,2026-04-28,2026-04-28,540.0,PE,CONCOR26APR540PE,0.0,0.0,0.0,61.5,0.0,61.5,506.55,40.65,0,0,0,0.0,0,F1,1250,,,,,
2026-02-18,2026-02-18,FO,NSE,STO,86898,,CONCOR,,2026-02-24,2026-02-24,540.0,PE,CONCOR26FEB540PE,36.0,37.4,32.0,32.5,32.5,34.35,506.55,33.2,520000,-5000,23,16514062.5,22,F1,1250,,,,,
2026-02-18,2026-02-18,FO,NSE,STO,87964,,CONCOR,,2026-02-24,2026-02-24,525.0,CE,CONCOR26FEB525CE,1.75,1.85,1.15,1.3,1.2,1.85,506.55,1.3,355000,2500,90,59222750.0,81,F1,1250,,,,,
2026-02-18,2026-02-18,FO,NSE,STO,87980,,CONCOR,,2026-02-24,2026-02-24,605.0,CE,CONCOR26FEB605CE,0.0,0.0,0.0,5.05,0.0,5.05,506.55,0.05,0,0,0,0.0,0,F1,1250,,,,,
2026-02-18,2026-02-18,FO,NSE,STO,88193,,CONCOR,,2026-03-30,2026-03-30,580.0,CE,CONCOR26MAR580CE,0.0,0.0,0.0,1.65,1.65,1.65,506.55,1.55,3750,0,0,0.0,0,F1,1250,,,,,
2026-02-18,2026-02-18,FO,NSE,STO,101101,,CONCOR,,2026-04-28,2026-04-28,460.0,CE,CONCOR26APR460CE,0.0,0.0,0.0,49.6,0.0,49.6,506.55,56.75,0,0,0,0.0,0,F1,1250,,,,,
2026-02-18,2026-02-18,FO,NSE,STO,101158,,CONCOR,,2026-04-28,2026-04-28,550.0,CE,CONCOR26APR550CE,0.0,0.0,0.0,12.75,0.0,12.75,506.55,10.05,0,0,0,0.0,0,F1,1250,,,,,
2026-02-18,2026-02-18,FO,NSE,STO,101165,,CONCOR,,2026-04-28,2026-04-28,560.0,CE,CONCOR26APR560CE,0.0,0.0,0.0,10.7,0.0,10.7,506.55,7.8,0,0,0,0.0,0,F1,1250,,,,,
2026-02-18,2026-02-18,FO,NSE,STO,87936,,CONCOR,,2026-02-24,2026-02-24,455.0,PE,CONCOR26FEB455PE,0.15,0.2,0.15,0.2,0.2,0.3,506.55,0.05,13750,0,2,1137937.5,2,F1,1250,,,,,
2026-02-18,2026-02-18,FO,NSE,STO,87961,,CONCOR,,2026-02-24,2026-02-24,505.0,PE,CONCOR26FEB505PE,5.8,7.85,4.1,4.45,4.8,6.45,506.55,4.45,387500,10000,154,98222625.0,140,F1,1250,,,,,
2026-02-18,2026-02-18,FO,NSE,STO,86904,,CONCOR,,2026-02-24,2026-02-24,560.0,PE,CONCOR26FEB560PE,56.35,56.35,53.2,53.25,53.3,53.65,506.55,53.25,73750,-5000,7,5372375.0,6,F1,1250,,,,,
2026-02-18,2026-02-18,FO,NSE,STO,100789,,CONCOR,,2026-03-30,2026-03-30,525.0,PE,CONCOR26MAR525PE,24.6,24.6,23.25,23.25,23.25,24.5,506.55,26.85,5000,1250,2,1372312.5,2,F1,1250,,,,,
2026-02-18,2026-02-18,FO,NSE,STO,100799,,CONCOR,,2026-03-30,2026-03-30,545.0,PE,CONCOR26MAR545PE,0.0,0.0,0.0,62.65,0.0,62.65,506.55,41.2,0,0,0,0.0,0,F1,1250,,,,,
2026-02-18,2026-02-18,FO,NSE,STO,100883,,CONCOR,,2026-03-30,2026-03-30,605.0,PE,CONCOR26MAR605PE,0.0,0.0,0.0,115.25,0.0,115.25,506.55,95.3,0,0,0,0.0,0,F1,1250,,,,,
2026-02-18,2026-02-18,FO,NSE,STO,101197,,CONCOR,,2026-04-28,2026-04-28,580.0,PE,CONCOR26APR580PE,0.0,0.0,0.0,93.15,0.0,93.15,506.55,72.0,0,0,0,0.0,0,F1,1250,,,,,
2026-02-18,2026-02-18,FO,NSE,STO,86819,,CONCOR,,2026-02-24,2026-02-24,420.0,CE,CONCOR26FEB420CE,0.0,0.0,0.0,93.2,93.2,93.2,506.55,86.95,0,0,0,0.0,0,F1,1250,,,,,
2026-02-18,2026-02-18,FO,NSE,STO,86867,,CONCOR,,2026-02-24,2026-02-24,490.0,CE,CONCOR26FEB490CE,18.4,19.35,15.15,18.25,17.65,17.65,506.55,18.25,335000,-8750,38,24109125.0,38,F1,1250,,,,,
2026-02-18,2026-02-18,FO,NSE,STO,86905,,CONCOR,,2026-02-24,2026-02-24,570.0,CE,CONCOR26FEB570CE,0.1,0.1,0.05,0.05,0.05,0.1,506.55,0.05,136250,-11250,27,19239562.5,14,F1,1250,,,,,
2026-02-18,2026-02-18,FO,NSE,STO,88160,,CONCOR,,2026-03-30,2026-03-30,420.0,CE,CONCOR26MAR420CE,0.0,0.0,0.0,108.3,0.0,108.3,506.55,89.3,0,0,0,0.0,0,F1,1250,,,,,
2026-02-18,2026-02-18,FO,NSE,STO,88163,,CONCOR,,2026-03-30,2026-03-30,430.0,CE,CONCOR26MAR430CE,0.0,0.0,0.0,99.55,0.0,99.55,506.55,79.55,0,0,0,0.0,0,F1,1250,,,,,
2026-02-18,2026-02-18,FO,NSE,STO,88171,,CONCOR,,2026-03-30,2026-03-30,470.0,CE,CONCOR26MAR470CE,0.0,0.0,0.0,45.0,45.0,45.0,506.55,43.6,8750,0,0,0.0,0,F1,1250,,,,,
2026-02-18,2026-02-18,FO,NSE,STO,100790,,CONCOR,,2026-03-30,2026-03-30,535.0,CE,CONCOR26MAR535CE,0.0,0.0,0.0,10.9,0.0,10.9,506.55,8.45,0,0,0,0.0,0,F1,1250,,,,,
2026-02-18,2026-02-18,FO,NSE,STO,101097,,CONCOR,,2026-04-28,2026-04-28,440.0,CE,CONCOR26APR440CE,0.0,0.0,0.0,63.05,0.0,63.05,506.55,73.6,0,0,0,0.0,0,F1,1250,,,,,
2026-02-18,2026-02-18,FO,NSE,STO,101113,,CONCOR,,2026-04-28,2026-04-28,490.0,CE,CONCOR26APR490CE,0.0,0.0,0.0,33.15,0.0,33.15,506.55,35.45,0,0,0,0.0,0,F1,1250,,,,,
2026-02-18,2026-02-18,FO,NSE,STO,101203,,CONCOR,,2026-04-28,2026-04-28,610.0,CE,CONCOR26APR610CE,0.0,0.0,0.0,4.1,0.0,4.1,506.55,1.85,0,0,0,0.0,0,F1,1250,,,,,
2026-02-18,2026-02-18,FO,NSE,STO,86822,,CONCOR,,2026-02-24,2026-02-24,430.0,PE,CONCOR26FEB430PE,0.0,0.0,0.0,0.25,0.25,0.25,506.55,0.05,52500,0,0,0.0,0,F1,1250,,,,,
2026-02-18,2026-02-18,FO,NSE,STO,87965,,CONCOR,,2026-02-24,2026-02-24,525.0,PE,CONCOR26FEB525PE,21.75,21.75,18.5,18.8,18.8,21.4,506.55,19.4,272500,-5000,10,6808437.5,10,F1,1250,,,,,
2026-02-18,2026-02-18,FO,NSE,STO,100773,,CONCOR,,2026-03-30,2026-03-30,505.0,PE,CONCOR26MAR505PE,13.5,14.75,12.0,12.0,12.0,13.5,506.55,12.0,12500,11250,15,9708812.5,11,F1,1250,,,,,
2026-02-18,2026-02-18,FO,NSE,STO,100775,,CONCOR,,2026-03-30,2026-03-30,515.0,PE,CONCOR26MAR515PE,18.0,18.0,18.0,18.0,18.0,18.0,506.55,20.85,3750,2500,2,1332500.0,2,F1,1250,,,,,
2026-02-18,2026-02-18,FO,NSE,STO,88172,,CONCOR,,2026-03-30,2026-03-30,470.0,PE,CONCOR26MAR470PE,4.0,4.2,3.35,3.35,3.35,3.75,506.55,4.25,23750,12500,13,7697750.0,13,F1,1250,,,,,
2026-02-18,2026-02-18,FO,NSE,STO,100761,,CONCOR,,2026-03-30,2026-03-30,455.0,PE,CONCOR26MAR455PE,0.0,0.0,0.0,11.55,0.0,11.55,506.55,2.05,0,0,0,0.0,0,F1,1250,,,,,
2026-02-18,2026-02-18,FO,NSE,STO,86910,,CONCOR,,2026-02-24,2026-02-24,590.0,PE,CONCOR26FEB590PE,0.0,0.0,0.0,68.7,68.7,68.7,506.55,82.9,25000,0,0,0.0,0,F1,1250,,,,,
2026-02-18,2026-02-18,FO,NSE,STO,86908,,CONCOR,,2026-02-24,2026-02-24,580.0,PE,CONCOR26FEB580PE,0.0,0.0,0.0,68.45,68.45,68.45,506.55,72.95,43750,0,0,0.0,0,F1,1250,,,,,
2026-02-18,2026-02-18,FO,NSE,STO,87969,,CONCOR,,2026-02-24,2026-02-24,545.0,PE,CONCOR26FEB545PE,0.0,0.0,0.0,40.5,40.5,40.5,506.55,38.05,20000,0,0,0.0,0,F1,1250,,,,,
2026-02-18,2026-02-18,FO,NSE,STO,101196,,CONCOR,,2026-04-28,2026-04-28,580.0,CE,CONCOR26APR580CE,0.0,0.0,0.0,7.4,0.0,7.4,506.55,4.55,0,0,0,0.0,0,F1,1250,,,,,
2026-02-18,2026-02-18,FO,NSE,STO,87958,,CONCOR,,2026-02-24,2026-02-24,495.0,CE,CONCOR26FEB495CE,13.0,15.4,10.95,13.8,13.25,14.45,506.55,13.8,191250,-6250,70,44490625.0,65,F1,1250,,,,,
2026-02-18,2026-02-18,FO,NSE,STO,86869,,CONCOR,,2026-02-24,2026-02-24,500.0,CE,CONCOR26FEB500CE,9.55,11.55,7.6,10.15,9.4,10.25,506.55,10.15,743750,-63750,357,227451312.5,317,F1,1250,,,,,
2026-02-18,2026-02-18,FO,NSE,STO,86895,,CONCOR,,2026-02-24,2026-02-24,530.0,CE,CONCOR26FEB530CE,1.05,1.35,0.75,0.85,0.8,1.3,506.55,0.85,888750,-73750,331,219682062.5,238,F1,1250,,,,,
2026-02-18,2026-02-18,FO,NSE,STO,86909,,CONCOR,,2026-02-24,2026-02-24,590.0,CE,CONCOR26FEB590CE,0.15,0.15,0.1,0.1,0.1,0.1,506.55,0.05,38750,-3750,3,2212937.5,3,F1,1250,,,,,
2026-02-18,2026-02-18,FO,NSE,STO,100758,,CONCOR,,2026-03-30,2026-03-30,445.0,CE,CONCOR26MAR445CE,0.0,0.0,0.0,53.75,0.0,53.75,506.55,65.4,0,0,0,0.0,0,F1,1250,,,,,
2026-02-18,2026-02-18,FO,NSE,STO,88187,,CONCOR,,2026-03-30,2026-03-30,550.0,CE,CONCOR26MAR550CE,4.2,4.3,3.35,3.6,3.55,4.25,506.55,3.6,348750,81250,166,114922375.0,125,F1,1250,,,,,
2026-02-18,2026-02-18,FO,NSE,STO,88189,,CONCOR,,2026-03-30,2026-03-30,560.0,CE,CONCOR26MAR560CE,2.7,2.85,2.45,2.5,2.5,4.1,506.55,2.5,26250,18750,27,18991000.0,21,F1,1250,,,,,
2026-02-18,2026-02-18,FO,NSE,STO,100814,,CONCOR,,2026-03-30,2026-03-30,575.0,CE,CONCOR26MAR575CE,0.0,0.0,0.0,3.7,3.7,3.7,506.55,1.9,2500,0,0,0.0,0,F1,1250,,,,,
2026-02-18,2026-02-18,FO,NSE,STO,101132,,CONCOR,,2026-04-28,2026-04-28,540.0,CE,CONCOR26APR540CE,0.0,0.0,0.0,15.15,0.0,15.15,506.55,12.75,0,0,0,0.0,0,F1,1250,,,,,
2026-02-18,2026-02-18,FO,NSE,STO,101204,,CONCOR,,2026-04-28,2026-04-28,610.0,PE,CONCOR26APR610PE,0.0,0.0,0.0,119.4,0.0,119.4,506.55,99.0,0,0,0,0.0,0,F1,1250,,,,,
2026-02-18,2026-02-18,FO,NSE,STO,101116,,CONCOR,,2026-04-28,2026-04-28,500.0,PE,CONCOR26APR500PE,0.0,0.0,0.0,35.65,0.0,35.65,506.55,17.9,0,0,0,0.0,0,F1,1250,,,,,
2026-02-18,2026-02-18,FO,NSE,STO,88192,,CONCOR,,2026-03-30,2026-03-30,570.0,PE,CONCOR26MAR570PE,60.75,60.75,60.5,60.5,60.5,59.15,506.55,62.35,6250,1250,2,1576562.5,2,F1,1250,,,,,
2026-02-18,2026-02-18,FO,NSE,STO,90573,,DALBHARAT,,2026-03-30,2026-03-30,2000.0,CE,DALBHARAT26MAR2000CE,0.0,0.0,0.0,212.2,0.0,212.2,2128.9,160.15,0,0,0,0.0,0,F1,325,,,,,
2026-02-18,2026-02-18,FO,NSE,STO,88313,,DALBHARAT,,2026-02-24,2026-02-24,1720.0,PE,DALBHARAT26FEB1720PE,0.0,0.0,0.0,14.25,0.0,14.25,2128.9,0.05,0,0,0,0.0,0,F1,325,,,,,
2026-02-18,2026-02-18,FO,NSE,STO,103471,,DALBHARAT,,2026-04-28,2026-04-28,2480.0,CE,DALBHARAT26APR2480CE,0.0,0.0,0.0,27.45,0.0,27.45,2128.9,10.9,0,0,0,0.0,0,F1,325,,,,,
2026-02-18,2026-02-18,FO,NSE,STO,103420,,DALBHARAT,,2026-04-28,2026-04-28,2320.0,CE,DALBHARAT26APR2320CE,0.0,0.0,0.0,58.65,0.0,58.65,2128.9,34.2,0,0,0,0.0,0,F1,325,,,,,
2026-02-18,2026-02-18,FO,NSE,STO,103370,,DALBHARAT,,2026-04-28,2026-04-28,2160.0,CE,DALBHARAT26APR2160CE,0.0,0.0,0.0,114.1,0.0,114.1,2128.9,87.7,0,0,0,0.0,0,F1,325,,,,,
2026-02-18,2026-02-18,FO,NSE,STO,103220,,DALBHARAT,,2026-04-28,2026-04-28,1920.0,CE,DALBHARAT26APR1920CE,0.0,0.0,0.0,255.65,0.0,255.65,2128.9,245.15,0,0,0,0.0,0,F1,325,,,,,
2026-02-18,2026-02-18,FO,NSE,STO,102796,,DALBHARAT,,2026-03-30,2026-03-30,1740.0,CE,DALBHARAT26MAR1740CE,0.0,0.0,0.0,389.9,0.0,389.9,2128.9,399.65,0,0,0,0.0,0,F1,325,,,,,
2026-02-18,2026-02-18,FO,NSE,STO,88352,,DALBHARAT,,2026-02-24,2026-02-24,2520.0,CE,DALBHARAT26FEB2520CE,0.0,0.0,0.0,0.3,0.3,0.3,2128.9,0.05,16900,0,0,0.0,0,F1,325,,,,,
2026-02-18,2026-02-18,FO,NSE,STO,90456,,DALBHARAT,,2026-02-24,2026-02-24,2180.0,CE,DALBHARAT26FEB2180CE,11.0,16.9,10.65,13.25,13.1,14.1,2128.9,13.25,23075,5850,123,87673267.5,119,F1,325,,,,,
2026-02-18,2026-02-18,FO,NSE,STO,88334,,DALBHARAT,,2026-02-24,2026-02-24,2160.0,CE,DALBHARAT26FEB2160CE,20.0,22.35,17.25,18.7,20.85,19.7,2128.9,18.7,36725,-2925,87,61638005.0,81,F1,325,,,,,
2026-02-18,2026-02-18,FO,NSE,STO,88330,,DALBHARAT,,2026-02-24,2026-02-24,2080.0,CE,DALBHARAT26FEB2080CE,0.0,0.0,0.0,59.2,60.25,59.2,2128.9,59.45,22425,0,0,0.0,0,F1,325,,,,,
2026-02-18,2026-02-18,FO,NSE,STO,90330,,DALBHARAT,,2026-02-24,2026-02-24,1860.0,CE,DALBHARAT26FEB1860CE,0.0,0.0,0.0,295.8,0.0,295.8,2128.9,270.6,0,0,0,0.0,0,F1,325,,,,,
2026-02-18,2026-02-18,FO,NSE,STO,88314,,DALBHARAT,,2026-02-24,2026-02-24,1760.0,CE,DALBHARAT26FEB1760CE,0.0,0.0,0.0,450.8,450.8,450.8,2128.9,370.5,975,0,0,0.0,0,F1,325,,,,,
2026-02-18,2026-02-18,FO,NSE,STO,90322,,DALBHARAT,,2026-02-24,2026-02-24,1740.0,CE,DALBHARAT26FEB1740CE,0.0,0.0,0.0,406.45,0.0,406.45,2128.9,390.45,0,0,0,0.0,0,F1,325,,,,,
2026-02-18,2026-02-18,FO,NSE,STO,103375,,DALBHARAT,,2026-04-28,2026-04-28,2240.0,PE,DALBHARAT26APR2240PE,0.0,0.0,0.0,181.4,0.0,181.4,2128.9,144.15,0,0,0,0.0,0,F1,325,,,,,
2026-02-18,2026-02-18,FO,NSE,STO,103200,,DALBHARAT,,2026-04-28,2026-04-28,1800.0,PE,DALBHARAT26APR1800PE,0.0,0.0,0.0,16.65,0.0,16.65,2128.9,4.35,0,0,0,0.0,0,F1,325,,,,,
2026-02-18,2026-02-18,FO,NSE,STO,102799,,DALBHARAT,,2026-03-30,2026-03-30,1780.0,PE,DALBHARAT26MAR1780PE,0.0,0.0,0.0,7.2,0.0,7.2,2128.9,0.7,0,0,0,0.0,0,F1,325,,,,,
2026-02-18,2026-02-18,FO,NSE,STO,90560,,DALBHARAT,,2026-03-30,2026-03-30,1720.0,PE,DALBHARAT26MAR1720PE,3.45,3.45,3.45,3.45,3.45,6.55,2128.9,0.2,325,325,1,560121.25,1,F1,325,,,,,
2026-02-18,2026-02-18,FO,NSE,STO,90457,,DALBHARAT,,2026-02-24,2026-02-24,2180.0,PE,DALBHARAT26FEB2180PE,66.15,66.15,63.5,63.65,63.5,79.5,2128.9,63.65,8775,-650,5,3646711.25,5,F1,325,,,,,
2026-02-18,2026-02-18,FO,NSE,STO,90329,,DALBHARAT,,2026-02-24,2026-02-24,1820.0,PE,DALBHARAT26FEB1820PE,0.0,0.0,0.0,7.1,0.0,7.1,2128.9,0.05,0,0,0,0.0,0,F1,325,,,,,
2026-02-18,2026-02-18,FO,NSE,STO,102853,,DALBHARAT,,2026-03-30,2026-03-30,1980.0,CE,DALBHARAT26MAR1980CE,0.0,0.0,0.0,189.2,0.0,189.2,2128.9,176.1,0,0,0,0.0,0,F1,325,,,,,
2026-02-18,2026-02-18,FO,NSE,STO,102794,,DALBHARAT,,2026-03-30,2026-03-30,1700.0,CE,DALBHARAT26MAR1700CE,0.0,0.0,0.0,427.7,0.0,427.7,2128.9,439.25,0,0,0,0.0,0,F1,325,,,,,
2026-02-18,2026-02-18,FO,NSE,STO,90462,,DALBHARAT,,2026-02-24,2026-02-24,2300.0,CE,DALBHARAT26FEB2300CE,2.35,3.0,1.2,1.6,1.75,2.4,2128.9,1.6,267150,-9750,283,211719917.5,200,F1,325,,,,,
2026-02-18,2026-02-18,FO,NSE,STO,88332,,DALBHARAT,,2026-02-24,2026-02-24,2120.0,CE,DALBHARAT26FEB2120CE,30.0,43.0,28.45,39.05,38.7,35.25,2128.9,39.05,47450,19825,227,159069527.5,194,F1,325,,,,,
2026-02-18,2026-02-18,FO,NSE,STO,90401,,DALBHARAT,,2026-02-24,2026-02-24,2020.0,CE,DALBHARAT26FEB2020CE,0.0,0.0,0.0,107.1,107.1,107.1,2128.9,112.0,10075,0,0,0.0,0,F1,325,,,,,
2026-02-18,2026-02-18,FO,NSE,STO,103221,,DALBHARAT,,2026-04-28,2026-04-28,1920.0,PE,DALBHARAT26APR1920PE,0.0,0.0,0.0,39.1,0.0,39.1,2128.9,16.4,0,0,0,0.0,0,F1,325,,,,,
2026-02-18,2026-02-18,FO,NSE,STO,103191,,DALBHARAT,,2026-04-28,2026-04-28,1760.0,PE,DALBHARAT26APR1760PE,0.0,0.0,0.0,11.95,0.0,11.95,2128.9,2.6,0,0,0,0.0,0,F1,325,,,,,
2026-02-18,2026-02-18,FO,NSE,STO,103017,,DALBHARAT,,2026-03-30,2026-03-30,2300.0,PE,DALBHARAT26MAR2300PE,0.0,0.0,0.0,211.0,0.0,211.0,2128.9,176.7,0,0,0,0.0,0,F1,325,,,,,
2026-02-18,2026-02-18,FO,NSE,STO,102797,,DALBHARAT,,2026-03-30,2026-03-30,1740.0,PE,DALBHARAT26MAR1740PE,0.0,0.0,0.0,4.6,0.0,4.6,2128.9,0.3,0,0,0,0.0,0,F1,325,,,,,
2026-02-18,2026-02-18,FO,NSE,STO,88347,,DALBHARAT,,2026-02-24,2026-02-24,2400.0,PE,DALBHARAT26FEB2400PE,0.0,0.0,0.0,251.45,251.45,251.45,2128.9,268.95,3900,0,0,0.0,0,F1,325,,,,,
2026-02-18,2026-02-18,FO,NSE,STO,90463,,DALBHARAT,,2026-02-24,2026-02-24,2300.0,PE,DALBHARAT26FEB2300PE,0.0,0.0,0.0,102.75,102.75,102.75,2128.9,169.2,3900,0,0,0.0,0,F1,325,,,,,
2026-02-18,2026-02-18,FO,NSE,STO,88335,,DALBHARAT,,2026-02-24,2026-02-24,2160.0,PE,DALBHARAT26FEB2160PE,53.0,62.1,47.75,47.75,47.75,65.5,2128.9,47.75,31525,-2925,13,9357172.5,13,F1,325,,,,,
2026-02-18,2026-02-18,FO,NSE,STO,90402,,DALBHARAT,,2026-02-24,2026-02-24,2020.0,PE,DALBHARAT26FEB2020PE,10.2,14.6,5.3,5.6,5.7,12.75,2128.9,5.6,17225,-44200,460,303085558.75,454,F1,325,,,,,
2026-02-18,2026-02-18,FO,NSE,STO,88321,,DALBHARAT,,2026-02-24,2026-02-24,1880.0,PE,DALBHARAT26FEB1880PE,2.2,2.4,1.0,1.0,1.0,3.65,2128.9,1.0,5850,-9100,67,40971190.0,50,F1,325,,,,,
2026-02-18,2026-02-18,FO,NSE,STO,90327,,DALBHARAT,,2026-02-24,2026-02-24,1780.0,PE,DALBHARAT26FEB1780PE,0.0,0.0,0.0,4.45,0.0,4.45,2128.9,0.05,0,0,0,0.0,0,F1,325,,,,,
2026-02-18,2026-02-18,FO,NSE,STO,103449,,DALBHARAT,,2026-04-28,2026-04-28,2400.0,CE,DALBHARAT26APR2400CE,0.0,0.0,0.0,40.6,0.0,40.6,2128.9,19.75,0,0,0,0.0,0,F1,325,,,,,
2026-02-18,2026-02-18,FO,NSE,STF,51861,,DALBHARAT,,2026-03-30,2026-03-30,,,DALBHARAT26MARFUT,2125.2,2152.9,2084.5,2145.5,2142.0,2129.2,2128.9,2145.5,564525,202800,951,661795842.5,858,F1,325,,,,,
2026-02-18,2026-02-18,FO,NSE,STF,66786,,DALBHARAT,,2026-04-28,2026-04-28,,,DALBHARAT26APRFUT,0.0,0.0,0.0,2207.9,2207.9,2207.9,2128.9,2151.1,4550,0,0,0.0,0,F1,325,,,,,
2026-02-18,2026-02-18,FO,NSE,STO,88320,,DALBHARAT,,2026-02-24,2026-02-24,1880.0,CE,DALBHARAT26FEB1880CE,0.0,0.0,0.0,309.3,309.3,309.3,2128.9,250.6,1625,0,0,0.0,0,F1,325,,,,,
2026-02-18,2026-02-18,FO,NSE,STO,88324,,DALBHARAT,,2026-02-24,2026-02-24,1960.0,CE,DALBHARAT26FEB1960CE,0.0,0.0,0.0,158.45,158.45,158.45,2128.9,170.75,5200,0,0,0.0,0,F1,325,,,,,
2026-02-18,2026-02-18,FO,NSE,STO,88336,,DALBHARAT,,2026-02-24,2026-02-24,2200.0,CE,DALBHARAT26FEB2200CE,5.9,12.85,5.85,8.95,9.4,9.9,2128.9,8.95,130650,18850,664,476799001.25,503,F1,325,,,,,
2026-02-18,2026-02-18,FO,NSE,STO,102792,,DALBHARAT,,2026-03-30,2026-03-30,1660.0,CE,DALBHARAT26MAR1660CE,0.0,0.0,0.0,466.15,0.0,466.15,2128.9,478.9,0,0,0,0.0,0,F1,325,,,,,
2026-02-18,2026-02-18,FO,NSE,STO,103190,,DALBHARAT,,2026-04-28,2026-04-28,1760.0,CE,DALBHARAT26APR1760CE,0.0,0.0,0.0,386.0,0.0,386.0,2128.9,389.7,0,0,0,0.0,0,F1,325,,,,,
2026-02-18,2026-02-18,FO,NSE,STO,90634,,DALBHARAT,,2026-03-30,2026-03-30,2480.0,CE,DALBHARAT26MAR2480CE,0.0,0.0,0.0,29.2,0.0,29.2,2128.9,2.8,0,0,0,0.0,0,F1,325,,,,,
2026-02-18,2026-02-18,FO,NSE,STO,90577,,DALBHARAT,,2026-03-30,2026-03-30,2080.0,CE,DALBHARAT26MAR2080CE,0.0,0.0,0.0,162.75,0.0,162.75,2128.9,103.9,0,0,0,0.0,0,F1,325,,,,,
2026-02-18,2026-02-18,FO,NSE,STO,102804,,DALBHARAT,,2026-03-30,2026-03-30,1900.0,CE,DALBHARAT26MAR1900CE,0.0,0.0,0.0,249.45,0.0,249.45,2128.9,245.65,0,0,0,0.0,0,F1,325,,,,,
2026-02-18,2026-02-18,FO,NSE,STO,90328,,DALBHARAT,,2026-02-24,2026-02-24,1820.0,CE,DALBHARAT26FEB1820CE,0.0,0.0,0.0,331.65,0.0,331.65,2128.9,310.55,0,0,0,0.0,0,F1,325,,,,,
2026-02-18,2026-02-18,FO,NSE,STO,88338,,DALBHARAT,,2026-02-24,2026-02-24,2240.0,CE,DALBHARAT26FEB2240CE,3.8,5.7,3.5,4.4,4.6,5.2,2128.9,4.4,47125,-7800,120,87534135.0,92,F1,325,,,,,
2026-02-18,2026-02-18,FO,NSE,STO,88340,,DALBHARAT,,2026-02-24,2026-02-24,2280.0,CE,DALBHARAT26FEB2280CE,0.0,0.0,0.0,2.95,2.9,2.95,2128.9,0.45,12350,0,0,0.0,0,F1,325,,,,,
2026-02-18,2026-02-18,FO,NSE,STO,90479,,DALBHARAT,,2026-02-24,2026-02-24,2340.0,CE,DALBHARAT26FEB2340CE,1.0,1.5,0.8,1.1,0.95,1.6,2128.9,1.1,22750,5200,31,23587460.0,24,F1,325,,,,,
2026-02-18,2026-02-18,FO,NSE,STO,90483,,DALBHARAT,,2026-02-24,2026-02-24,2420.0,CE,DALBHARAT26FEB2420CE,0.0,0.0,0.0,19.2,0.0,19.2,2128.9,0.05,0,0,0,0.0,0,F1,325,,,,,
2026-02-18,2026-02-18,FO,NSE,STO,90557,,DALBHARAT,,2026-03-30,2026-03-30,1680.0,CE,DALBHARAT26MAR1680CE,0.0,0.0,0.0,476.95,0.0,476.95,2128.9,459.05,0,0,0,0.0,0,F1,325,,,,,
2026-02-18,2026-02-18,FO,NSE,STO,102802,,DALBHARAT,,2026-03-30,2026-03-30,1860.0,CE,DALBHARAT26MAR1860CE,0.0,0.0,0.0,282.4,0.0,282.4,2128.9,282.95,0,0,0,0.0,0,F1,325,,,,,
2026-02-18,2026-02-18,FO,NSE,STO,103373,,DALBHARAT,,2026-04-28,2026-04-28,2200.0,PE,DALBHARAT26APR2200PE,0.0,0.0,0.0,156.75,0.0,156.75,2128.9,119.0,0,0,0,0.0,0,F1,325,,,,,
2026-02-18,2026-02-18,FO,NSE,STO,103202,,DALBHARAT,,2026-04-28,2026-04-28,1840.0,PE,DALBHARAT26APR1840PE,0.0,0.0,0.0,22.6,0.0,22.6,2128.9,7.05,0,0,0,0.0,0,F1,325,,,,,
2026-02-18,2026-02-18,FO,NSE,STO,90623,,DALBHARAT,,2026-03-30,2026-03-30,2360.0,PE,DALBHARAT26MAR2360PE,0.0,0.0,0.0,249.65,0.0,249.65,2128.9,227.7,0,0,0,0.0,0,F1,325,,,,,
2026-02-18,2026-02-18,FO,NSE,STO,102952,,DALBHARAT,,2026-03-30,2026-03-30,2220.0,PE,DALBHARAT26MAR2220PE,0.0,0.0,0.0,154.8,0.0,154.8,2128.9,116.7,0,0,0,0.0,0,F1,325,,,,,
2026-02-18,2026-02-18,FO,NSE,STO,102950,,DALBHARAT,,2026-03-30,2026-03-30,2180.0,PE,DALBHARAT26MAR2180PE,0.0,0.0,0.0,129.9,0.0,129.9,2128.9,91.15,0,0,0,0.0,0,F1,325,,,,,
2026-02-18,2026-02-18,FO,NSE,STO,102856,,DALBHARAT,,2026-03-30,2026-03-30,2020.0,PE,DALBHARAT26MAR2020PE,0.0,0.0,0.0,54.25,0.0,54.25,2128.9,23.85,0,0,0,0.0,0,F1,325,,,,,
2026-02-18,2026-02-18,FO,NSE,STO,90572,,DALBHARAT,,2026-03-30,2026-03-30,1960.0,PE,DALBHARAT26MAR1960PE,21.1,21.1,21.1,21.1,21.1,43.3,2128.9,12.05,650,650,2,1287715.0,1,F1,325,,,,,
2026-02-18,2026-02-18,FO,NSE,STO,90558,,DALBHARAT,,2026-03-30,2026-03-30,1680.0,PE,DALBHARAT26MAR1680PE,0.0,0.0,0.0,4.4,0.0,4.4,2128.9,0.05,0,0,0,0.0,0,F1,325,,,,,
2026-02-18,2026-02-18,FO,NSE,STO,90407,,DALBHARAT,,2026-02-24,2026-02-24,2100.0,PE,DALBHARAT26FEB2100PE,36.8,38.75,18.45,21.15,21.65,33.2,2128.9,21.15,261300,36400,1054,728122508.75,833,F1,325,,,,,
2026-02-18,2026-02-18,FO,NSE,STO,103350,,DALBHARAT,,2026-04-28,2026-04-28,2080.0,CE,DALBHARAT26APR2080CE,0.0,0.0,0.0,153.2,0.0,153.2,2128.9,129.8,0,0,0,0.0,0,F1,325,,,,,
2026-02-18,2026-02-18,FO,NSE,STO,88351,,DALBHARAT,,2026-02-24,2026-02-24,2480.0,PE,DALBHARAT26FEB2480PE,358.1,358.1,343.25,343.25,343.25,365.7,2128.9,348.85,1950,0,6,5519816.25,2,F1,325,,,,,
2026-02-18,2026-02-18,FO,NSE,STO,102801,,DALBHARAT,,2026-03-30,2026-03-30,1820.0,PE,DALBHARAT26MAR1820PE,0.0,0.0,0.0,10.85,0.0,10.85,2128.9,1.45,0,0,0,0.0,0,F1,325,,,,,
2026-02-18,2026-02-18,FO,NSE,STO,103019,,DALBHARAT,,2026-03-30,2026-03-30,2340.0,PE,DALBHARAT26MAR2340PE,0.0,0.0,0.0,241.8,0.0,241.8,2128.9,210.25,0,0,0,0.0,0,F1,325,,,,,
2026-02-18,2026-02-18,FO,NSE,STO,103185,,DALBHARAT,,2026-04-28,2026-04-28,1680.0,PE,DALBHARAT26APR1680PE,0.0,0.0,0.0,5.7,0.0,5.7,2128.9,0.8,0,0,0,0.0,0,F1,325,,,,,
2026-02-18,2026-02-18,FO,NSE,STO,90576,,DALBHARAT,,2026-03-30,2026-03-30,2040.0,PE,DALBHARAT26MAR2040PE,0.0,0.0,0.0,28.0,28.0,28.0,2128.9,29.25,6825,0,0,0.0,0,F1,325,,,,,
2026-02-18,2026-02-18,FO,NSE,STO,102858,,DALBHARAT,,2026-03-30,2026-03-30,2060.0,PE,DALBHARAT26MAR2060PE,43.3,44.5,42.95,44.3,44.3,44.75,2128.9,35.45,1625,975,10,6837415.0,9,F1,325,,,,,
2026-02-18,2026-02-18,FO,NSE,STF,59303,,DALBHARAT,,2026-02-24,2026-02-24,,,DALBHARAT26FEBFUT,2095.0,2139.0,2088.9,2131.9,2133.2,2113.8,2128.9,2131.9,2465125,-131300,1422,982637305.0,1254,F1,325,,,,,
2026-02-18,2026-02-18,FO,NSE,STO,90320,,DALBHARAT,,2026-02-24,2026-02-24,1700.0,CE,DALBHARAT26FEB1700CE,0.0,0.0,0.0,444.95,0.0,444.95,2128.9,430.45,0,0,0,0.0,0,F1,325,,,,,
2026-02-18,2026-02-18,FO,NSE,STO,88312,,DALBHARAT,,2026-02-24,2026-02-24,1720.0,CE,DALBHARAT26FEB1720CE,0.0,0.0,0.0,340.05,0.0,340.05,2128.9,410.45,0,0,0,0.0,0,F1,325,,,,,
2026-02-18,2026-02-18,FO,NSE,STO,88322,,DALBHARAT,,2026-02-24,2026-02-24,1920.0,CE,DALBHARAT26FEB1920CE,0.0,0.0,0.0,115.75,139.6,115.75,2128.9,210.65,2275,0,0,0.0,0,F1,325,,,,,
2026-02-18,2026-02-18,FO,NSE,STO,88326,,DALBHARAT,,2026-02-24,2026-02-24,2000.0,CE,DALBHARAT26FEB2000CE,120.95,142.85,120.95,142.85,142.85,123.0,2128.9,131.3,8450,0,2,1385735.0,2,F1,325,,,,,
2026-02-18,2026-02-18,FO,NSE,STO,88342,,DALBHARAT,,2026-02-24,2026-02-24,2320.0,CE,DALBHARAT26FEB2320CE,1.85,1.85,1.0,1.45,1.45,1.85,2128.9,1.45,24375,325,56,42249090.0,35,F1,325,,,,,
2026-02-18,2026-02-18,FO,NSE,STO,90565,,DALBHARAT,,2026-03-30,2026-03-30,1840.0,CE,DALBHARAT26MAR1840CE,0.0,0.0,0.0,333.7,0.0,333.7,2128.9,302.05,0,0,0,0.0,0,F1,325,,,,,
2026-02-18,2026-02-18,FO,NSE,STO,90581,,DALBHARAT,,2026-03-30,2026-03-30,2160.0,CE,DALBHARAT26MAR2160CE,60.0,63.85,60.0,63.85,63.85,64.3,2128.9,61.5,650,-325,2,1444251.25,2,F1,325,,,,,
2026-02-18,2026-02-18,FO,NSE,STO,88323,,DALBHARAT,,2026-02-24,2026-02-24,1920.0,PE,DALBHARAT26FEB1920PE,1.6,1.95,1.45,1.5,1.5,8.05,2128.9,1.5,29250,-1950,11,6869850.0,11,F1,325,,,,,
2026-02-18,2026-02-18,FO,NSE,STO,90482,,DALBHARAT,,2026-02-24,2026-02-24,2380.0,PE,DALBHARAT26FEB2380PE,0.0,0.0,0.0,255.45,0.0,255.45,2128.9,248.95,0,0,0,0.0,0,F1,325,,,,,
2026-02-18,2026-02-18,FO,NSE,STO,103444,,DALBHARAT,,2026-04-28,2026-04-28,2360.0,CE,DALBHARAT26APR2360CE,0.0,0.0,0.0,49.0,0.0,49.0,2128.9,26.15,0,0,0,0.0,0,F1,325,,,,,
2026-02-18,2026-02-18,FO,NSE,STO,90622,,DALBHARAT,,2026-03-30,2026-03-30,2360.0,CE,DALBHARAT26MAR2360CE,0.0,0.0,0.0,17.7,17.7,17.7,2128.9,10.8,2275,0,0,0.0,0,F1,325,,,,,
2026-02-18,2026-02-18,FO,NSE,STO,102884,,DALBHARAT,,2026-03-30,2026-03-30,2140.0,CE,DALBHARAT26MAR2140CE,68.6,79.25,68.6,79.25,79.25,70.85,2128.9,70.75,26325,3900,22,15824282.5,16,F1,325,,,,,
2026-02-18,2026-02-18,FO,NSE,STO,90563,,DALBHARAT,,2026-03-30,2026-03-30,1800.0,CE,DALBHARAT26MAR1800CE,0.0,0.0,0.0,367.9,0.0,367.9,2128.9,340.7,0,0,0,0.0,0,F1,325,,,,,
2026-02-18,2026-02-18,FO,NSE,STO,88346,,DALBHARAT,,2026-02-24,2026-02-24,2400.0,CE,DALBHARAT26FEB2400CE,1.0,1.0,0.5,0.6,0.6,1.25,2128.9,0.05,34125,-5525,23,17945411.25,14,F1,325,,,,,
2026-02-18,2026-02-18,FO,NSE,STO,90403,,DALBHARAT,,2026-02-24,2026-02-24,2060.0,CE,DALBHARAT26FEB2060CE,0.0,0.0,0.0,110.0,110.0,110.0,2128.9,75.7,18850,0,0,0.0,0,F1,325,,,,,
2026-02-18,2026-02-18,FO,NSE,STO,90336,,DALBHARAT,,2026-02-24,2026-02-24,1940.0,CE,DALBHARAT26FEB1940CE,0.0,0.0,0.0,210.25,210.25,210.25,2128.9,190.7,3250,0,0,0.0,0,F1,325,,,,,
2026-02-18,2026-02-18,FO,NSE,STO,88348,,DALBHARAT,,2026-02-24,2026-02-24,2440.0,CE,DALBHARAT26FEB2440CE,0.25,0.7,0.25,0.4,0.4,0.9,2128.9,0.05,7800,-1625,29,23001923.75,20,F1,325,,,,,
2026-02-18,2026-02-18,FO,NSE,STO,103450,,DALBHARAT,,2026-04-28,2026-04-28,2400.0,PE,DALBHARAT26APR2400PE,0.0,0.0,0.0,296.75,0.0,296.75,2128.9,266.05,0,0,0,0.0,0,F1,325,,,,,
2026-02-18,2026-02-18,FO,NSE,STO,103445,,DALBHARAT,,2026-04-28,2026-04-28,2360.0,PE,DALBHARAT26APR2360PE,0.0,0.0,0.0,265.8,0.0,265.8,2128.9,232.85,0,0,0,0.0,0,F1,325,,,,,
2026-02-18,2026-02-18,FO,NSE,STO,103353,,DALBHARAT,,2026-04-28,2026-04-28,2120.0,PE,DALBHARAT26APR2120PE,0.0,0.0,0.0,113.05,0.0,113.05,2128.9,76.55,0,0,0,0.0,0,F1,325,,,,,
2026-02-18,2026-02-18,FO,NSE,STO,103217,,DALBHARAT,,2026-04-28,2026-04-28,1880.0,PE,DALBHARAT26APR1880PE,0.0,0.0,0.0,30.05,0.0,30.05,2128.9,10.95,0,0,0,0.0,0,F1,325,,,,,
2026-02-18,2026-02-18,FO,NSE,STO,90582,,DALBHARAT,,2026-03-30,2026-03-30,2160.0,PE,DALBHARAT26MAR2160PE,0.0,0.0,0.0,65.15,65.15,65.15,2128.9,79.65,650,0,0,0.0,0,F1,325,,,,,
2026-02-18,2026-02-18,FO,NSE,STO,90566,,DALBHARAT,,2026-03-30,2026-03-30,1840.0,PE,DALBHARAT26MAR1840PE,0.0,0.0,0.0,20.0,20.0,20.0,2128.9,2.05,650,0,0,0.0,0,F1,325,,,,,
2026-02-18,2026-02-18,FO,NSE,STO,90484,,DALBHARAT,,2026-02-24,2026-02-24,2420.0,PE,DALBHARAT26FEB2420PE,0.0,0.0,0.0,289.15,0.0,289.15,2128.9,288.9,0,0,0,0.0,0,F1,325,,,,,
2026-02-18,2026-02-18,FO,NSE,STO,88343,,DALBHARAT,,2026-02-24,2026-02-24,2320.0,PE,DALBHARAT26FEB2320PE,0.0,0.0,0.0,298.6,0.0,298.6,2128.9,189.1,0,0,0,0.0,0,F1,325,,,,,
2026-02-18,2026-02-18,FO,NSE,STO,90459,,DALBHARAT,,2026-02-24,2026-02-24,2220.0,PE,DALBHARAT26FEB2220PE,123.35,123.35,92.7,95.65,95.45,112.8,2128.9,95.65,6825,-2600,17,12839303.75,17,F1,325,,,,,
2026-02-18,2026-02-18,FO,NSE,STO,90332,,DALBHARAT,,2026-02-24,2026-02-24,1860.0,PE,DALBHARAT26FEB1860PE,1.0,2.95,0.9,1.25,1.25,2.65,2128.9,0.05,13975,2600,139,84104865.0,92,F1,325,,,,,
2026-02-18,2026-02-18,FO,NSE,STO,88315,,DALBHARAT,,2026-02-24,2026-02-24,1760.0,PE,DALBHARAT26FEB1760PE,0.65,0.65,0.65,0.65,0.65,0.55,2128.9,0.05,11375,0,1,572211.25,1,F1,325,,,,,
2026-02-18,2026-02-18,FO,NSE,STO,102805,,DALBHARAT,,2026-03-30,2026-03-30,1900.0,PE,DALBHARAT26MAR1900PE,13.0,17.0,13.0,16.3,16.3,15.25,2128.9,5.35,9425,-1950,9,5602593.75,9,F1,325,,,,,
2026-02-18,2026-02-18,FO,NSE,STO,103344,,DALBHARAT,,2026-04-28,2026-04-28,2000.0,PE,DALBHARAT26APR2000PE,0.0,0.0,0.0,62.7,0.0,62.7,2128.9,33.15,0,0,0,0.0,0,F1,325,,,,,
2026-02-18,2026-02-18,FO,NSE,STO,103421,,DALBHARAT,,2026-04-28,2026-04-28,2320.0,PE,DALBHARAT26APR2320PE,0.0,0.0,0.0,236.0,0.0,236.0,2128.9,201.3,0,0,0,0.0,0,F1,325,,,,,
2026-02-18,2026-02-18,FO,NSE,STO,103186,,DALBHARAT,,2026-04-28,2026-04-28,1720.0,CE,DALBHARAT26APR1720CE,0.0,0.0,0.0,421.8,0.0,421.8,2128.9,428.15,0,0,0,0.0,0,F1,325,,,,,
2026-02-18,2026-02-18,FO,NSE,STO,88344,,DALBHARAT,,2026-02-24,2026-02-24,2360.0,CE,DALBHARAT26FEB2360CE,1.05,1.45,0.65,0.75,0.75,1.3,2128.9,0.05,27950,-1300,21,16113873.75,21,F1,325,,,,,
2026-02-18,2026-02-18,FO,NSE,STO,90559,,DALBHARAT,,2026-03-30,2026-03-30,1720.0,CE,DALBHARAT26MAR1720CE,0.0,0.0,0.0,439.75,0.0,439.75,2128.9,419.4,0,0,0,0.0,0,F1,325,,,,,
2026-02-18,2026-02-18,FO,NSE,STO,102855,,DALBHARAT,,2026-03-30,2026-03-30,2020.0,CE,DALBHARAT26MAR2020CE,0.0,0.0,0.0,162.45,0.0,162.45,2128.9,144.9,0,0,0,0.0,0,F1,325,,,,,
2026-02-18,2026-02-18,FO,NSE,STO,103012,,DALBHARAT,,2026-03-30,2026-03-30,2260.0,CE,DALBHARAT26MAR2260CE,0.0,0.0,0.0,43.25,43.25,43.25,2128.9,27.85,0,0,0,0.0,0,F1,325,,,,,
2026-02-18,2026-02-18,FO,NSE,STO,90591,,DALBHARAT,,2026-03-30,2026-03-30,2320.0,CE,DALBHARAT26MAR2320CE,18.9,19.8,16.8,19.0,19.0,18.0,2128.9,16.05,8450,-1625,22,16720096.25,21,F1,325,,,,,
2026-02-18,2026-02-18,FO,NSE,STO,90624,,DALBHARAT,,2026-03-30,2026-03-30,2400.0,CE,DALBHARAT26MAR2400CE,0.0,0.0,0.0,17.5,17.5,17.5,2128.9,7.05,325,0,0,0.0,0,F1,325,,,,,
2026-02-18,2026-02-18,FO,NSE,STO,90568,,DALBHARAT,,2026-03-30,2026-03-30,1880.0,PE,DALBHARAT26MAR1880PE,13.0,13.85,11.85,11.85,11.85,12.5,2128.9,3.95,7475,-650,12,7382570.0,12,F1,325,,,,,
2026-02-18,2026-02-18,FO,NSE,STO,90318,,DALBHARAT,,2026-02-24,2026-02-24,1660.0,CE,DALBHARAT26FEB1660CE,0.0,0.0,0.0,483.9,0.0,483.9,2128.9,470.4,0,0,0,0.0,0,F1,325,,,,,
2026-02-18,2026-02-18,FO,NSE,STO,103419,,DALBHARAT,,2026-04-28,2026-04-28,2280.0,PE,DALBHARAT26APR2280PE,0.0,0.0,0.0,207.9,0.0,207.9,2128.9,171.65,0,0,0,0.0,0,F1,325,,,,,
2026-02-18,2026-02-18,FO,NSE,STO,103307,,DALBHARAT,,2026-04-28,2026-04-28,1960.0,PE,DALBHARAT26APR1960PE,0.0,0.0,0.0,50.0,0.0,50.0,2128.9,23.7,0,0,0,0.0,0,F1,325,,,,,
2026-02-18,2026-02-18,FO,NSE,STO,103189,,DALBHARAT,,2026-04-28,2026-04-28,1720.0,PE,DALBHARAT26APR1720PE,0.0,0.0,0.0,8.35,0.0,8.35,2128.9,1.45,0,0,0,0.0,0,F1,325,,,,,
2026-02-18,2026-02-18,FO,NSE,STO,90635,,DALBHARAT,,2026-03-30,2026-03-30,2480.0,PE,DALBHARAT26MAR2480PE,0.0,0.0,0.0,344.8,0.0,344.8,2128.9,339.0,0,0,0,0.0,0,F1,325,,,,,
2026-02-18,2026-02-18,FO,NSE,STO,90629,,DALBHARAT,,2026-03-30,2026-03-30,2400.0,PE,DALBHARAT26MAR2400PE,0.0,0.0,0.0,280.05,0.0,280.05,2128.9,263.75,0,0,0,0.0,0,F1,325,,,,,
2026-02-18,2026-02-18,FO,NSE,STO,90588,,DALBHARAT,,2026-03-30,2026-03-30,2280.0,PE,DALBHARAT26MAR2280PE,0.0,0.0,0.0,140.0,140.0,140.0,2128.9,160.7,975,0,0,0.0,0,F1,325,,,,,
2026-02-18,2026-02-18,FO,NSE,STO,90580,,DALBHARAT,,2026-03-30,2026-03-30,2120.0,PE,DALBHARAT26MAR2120PE,0.0,0.0,0.0,113.55,113.55,113.55,2128.9,59.25,325,0,0,0.0,0,F1,325,,,,,
2026-02-18,2026-02-18,FO,NSE,STO,102854,,DALBHARAT,,2026-03-30,2026-03-30,1980.0,PE,DALBHARAT26MAR1980PE,0.0,0.0,0.0,20.0,20.0,20.0,2128.9,15.3,1950,0,0,0.0,0,F1,325,,,,,
2026-02-18,2026-02-18,FO,NSE,STO,90564,,DALBHARAT,,2026-03-30,2026-03-30,1800.0,PE,DALBHARAT26MAR1800PE,0.0,0.0,0.0,5.4,5.4,5.4,2128.9,1.0,3900,0,0,0.0,0,F1,325,,,,,
2026-02-18,2026-02-18,FO,NSE,STO,102795,,DALBHARAT,,2026-03-30,2026-03-30,1700.0,PE,DALBHARAT26MAR1700PE,3.0,3.05,0.2,0.2,0.2,2.8,2128.9,0.2,650,650,41,22688656.25,40,F1,325,,,,,
2026-02-18,2026-02-18,FO,NSE,STO,102793,,DALBHARAT,,2026-03-30,2026-03-30,1660.0,PE,DALBHARAT26MAR1660PE,0.0,0.0,0.0,1.65,0.0,1.65,2128.9,0.05,0,0,0,0.0,0,F1,325,,,,,
2026-02-18,2026-02-18,FO,NSE,STO,90480,,DALBHARAT,,2026-02-24,2026-02-24,2340.0,PE,DALBHARAT26FEB2340PE,0.0,0.0,0.0,148.35,148.35,148.35,2128.9,209.0,975,0,0,0.0,0,F1,325,,,,,
2026-02-18,2026-02-18,FO,NSE,STO,88333,,DALBHARAT,,2026-02-24,2026-02-24,2120.0,PE,DALBHARAT26FEB2120PE,31.0,43.3,24.9,27.15,29.0,40.8,2128.9,27.15,198250,166400,1291,902038800.0,658,F1,325,,,,,
2026-02-18,2026-02-18,FO,NSE,STO,88329,,DALBHARAT,,2026-02-24,2026-02-24,2040.0,PE,DALBHARAT26FEB2040PE,12.0,20.0,7.5,8.05,8.05,15.95,2128.9,8.05,258700,179725,1854,1238345452.5,1034,F1,325,,,,,
2026-02-18,2026-02-18,FO,NSE,STO,88327,,DALBHARAT,,2026-02-24,2026-02-24,2000.0,PE,DALBHARAT26FEB2000PE,10.85,11.95,3.05,3.9,3.8,10.55,2128.9,3.9,185900,-510575,4384,2857222745.0,2155,F1,325,,,,,
2026-02-18,2026-02-18,FO,NSE,STO,90337,,DALBHARAT,,2026-02-24,2026-02-24,1940.0,PE,DALBHARAT26FEB1940PE,5.8,5.8,1.7,1.95,2.15,5.65,2128.9,1.95,29575,975,272,171824932.5,206,F1,325,,,,,
2026-02-18,2026-02-18,FO,NSE,STO,88319,,DALBHARAT,,2026-02-24,2026-02-24,1840.0,PE,DALBHARAT26FEB1840PE,0.5,1.95,0.5,1.35,1.35,35.8,2128.9,0.05,325,325,7,4188567.5,5,F1,325,,,,,
2026-02-18,2026-02-18,FO,NSE,STO,103352,,DALBHARAT,,2026-04-28,2026-04-28,2120.0,CE,DALBHARAT26APR2120CE,0.0,0.0,0.0,132.65,0.0,132.65,2128.9,107.4,0,0,0,0.0,0,F1,325,,,,,
2026-02-18,2026-02-18,FO,NSE,STO,103216,,DALBHARAT,,2026-04-28,2026-04-28,1880.0,CE,DALBHARAT26APR1880CE,0.0,0.0,0.0,285.95,0.0,285.95,2128.9,279.3,0,0,0,0.0,0,F1,325,,,,,
2026-02-18,2026-02-18,FO,NSE,STO,90631,,DALBHARAT,,2026-03-30,2026-03-30,2440.0,CE,DALBHARAT26MAR2440CE,0.0,0.0,0.0,10.25,10.25,10.25,2128.9,4.5,650,0,0,0.0,0,F1,325,,,,,
2026-02-18,2026-02-18,FO,NSE,STO,102951,,DALBHARAT,,2026-03-30,2026-03-30,2220.0,CE,DALBHARAT26MAR2220CE,0.0,0.0,0.0,65.1,0.0,65.1,2128.9,38.95,0,0,0,0.0,0,F1,325,,,,,
2026-02-18,2026-02-18,FO,NSE,STO,90569,,DALBHARAT,,2026-03-30,2026-03-30,1920.0,CE,DALBHARAT26MAR1920CE,0.0,0.0,0.0,269.55,0.0,269.55,2128.9,227.55,0,0,0,0.0,0,F1,325,,,,,
2026-02-18,2026-02-18,FO,NSE,STO,88350,,DALBHARAT,,2026-02-24,2026-02-24,2480.0,CE,DALBHARAT26FEB2480CE,0.0,0.0,0.0,1.8,1.8,1.8,2128.9,0.05,0,0,0,0.0,0,F1,325,,,,,
2026-02-18,2026-02-18,FO,NSE,STO,90481,,DALBHARAT,,2026-02-24,2026-02-24,2380.0,CE,DALBHARAT26FEB2380CE,0.8,0.9,0.8,0.9,0.9,1.5,2128.9,0.05,10075,-325,2,1547552.5,2,F1,325,,,,,
2026-02-18,2026-02-18,FO,NSE,STO,88318,,DALBHARAT,,2026-02-24,2026-02-24,1840.0,CE,DALBHARAT26FEB1840CE,0.0,0.0,0.0,243.4,0.0,243.4,2128.9,290.55,0,0,0,0.0,0,F1,325,,,,,
2026-02-18,2026-02-18,FO,NSE,STO,103349,,DALBHARAT,,2026-04-28,2026-04-28,2040.0,PE,DALBHARAT26APR2040PE,0.0,0.0,0.0,77.45,0.0,77.45,2128.9,44.95,0,0,0,0.0,0,F1,325,,,,,
2026-02-18,2026-02-18,FO,NSE,STO,103371,,DALBHARAT,,2026-04-28,2026-04-28,2160.0,PE,DALBHARAT26APR2160PE,0.0,0.0,0.0,133.9,0.0,133.9,2128.9,96.45,0,0,0,0.0,0,F1,325,,,,,
2026-02-18,2026-02-18,FO,NSE,STO,90398,,DALBHARAT,,2026-02-24,2026-02-24,1980.0,PE,DALBHARAT26FEB1980PE,6.8,9.2,3.3,3.35,3.35,8.6,2128.9,0.25,19175,-1300,121,78061067.5,121,F1,325,,,,,
2026-02-18,2026-02-18,FO,NSE,STO,88317,,DALBHARAT,,2026-02-24,2026-02-24,1800.0,PE,DALBHARAT26FEB1800PE,1.45,1.5,1.05,1.3,1.3,2.0,2128.9,0.05,12025,-1950,14,8195720.0,12,F1,325,,,,,
2026-02-18,2026-02-18,FO,NSE,STO,90321,,DALBHARAT,,2026-02-24,2026-02-24,1700.0,PE,DALBHARAT26FEB1700PE,0.0,0.0,0.0,3.8,3.8,3.8,2128.9,0.05,2925,0,0,0.0,0,F1,325,,,,,
2026-02-18,2026-02-18,FO,NSE,STO,103199,,DALBHARAT,,2026-04-28,2026-04-28,1800.0,CE,DALBHARAT26APR1800CE,0.0,0.0,0.0,351.3,0.0,351.3,2128.9,351.9,0,0,0,0.0,0,F1,325,,,,,
2026-02-18,2026-02-18,FO,NSE,STO,103184,,DALBHARAT,,2026-04-28,2026-04-28,1680.0,CE,DALBHARAT26APR1680CE,0.0,0.0,0.0,458.5,0.0,458.5,2128.9,467.05,0,0,0,0.0,0,F1,325,,,,,
2026-02-18,2026-02-18,FO,NSE,STO,103018,,DALBHARAT,,2026-03-30,2026-03-30,2340.0,CE,DALBHARAT26MAR2340CE,15.2,16.0,15.2,15.9,15.95,23.8,2128.9,15.9,2275,1625,7,5359250.0,5,F1,325,,,,,
2026-02-18,2026-02-18,FO,NSE,STO,90579,,DALBHARAT,,2026-03-30,2026-03-30,2120.0,CE,DALBHARAT26MAR2120CE,0.0,0.0,0.0,141.1,0.0,141.1,2128.9,80.9,0,0,0,0.0,0,F1,325,,,,,
2026-02-18,2026-02-18,FO,NSE,STO,102851,,DALBHARAT,,2026-03-30,2026-03-30,1940.0,CE,DALBHARAT26MAR1940CE,0.0,0.0,0.0,218.3,0.0,218.3,2128.9,209.9,0,0,0,0.0,0,F1,325,,,,,
2026-02-18,2026-02-18,FO,NSE,STO,102798,,DALBHARAT,,2026-03-30,2026-03-30,1780.0,CE,DALBHARAT26MAR1780CE,0.0,0.0,0.0,352.9,0.0,352.9,2128.9,360.3,0,0,0,0.0,0,F1,325,,,,,
2026-02-18,2026-02-18,FO,NSE,STO,90458,,DALBHARAT,,2026-02-24,2026-02-24,2220.0,CE,DALBHARAT26FEB2220CE,7.55,8.8,4.7,6.05,6.3,6.7,2128.9,6.05,31525,6825,74,53555726.25,71,F1,325,,,,,
2026-02-18,2026-02-18,FO,NSE,STO,88341,,DALBHARAT,,2026-02-24,2026-02-24,2280.0,PE,DALBHARAT26FEB2280PE,0.0,0.0,0.0,171.05,171.0,171.05,2128.9,149.45,1950,0,0,0.0,0,F1,325,,,,,
2026-02-18,2026-02-18,FO,NSE,STO,102885,,DALBHARAT,,2026-03-30,2026-03-30,2140.0,PE,DALBHARAT26MAR2140PE,74.25,74.25,69.05,69.05,69.05,107.3,2128.9,69.0,975,975,5,3593053.75,4,F1,325,,,,,
2026-02-18,2026-02-18,FO,NSE,STO,90323,,DALBHARAT,,2026-02-24,2026-02-24,1740.0,PE,DALBHARAT26FEB1740PE,0.0,0.0,0.0,2.7,0.0,2.7,2128.9,0.05,0,0,0,0.0,0,F1,325,,,,,
2026-02-18,2026-02-18,FO,NSE,STO,90461,,DALBHARAT,,2026-02-24,2026-02-24,2260.0,PE,DALBHARAT26FEB2260PE,0.0,0.0,0.0,86.0,86.0,86.0,2128.9,129.95,3250,0,0,0.0,0,F1,325,,,,,
2026-02-18,2026-02-18,FO,NSE,STO,90404,,DALBHARAT,,2026-02-24,2026-02-24,2060.0,PE,DALBHARAT26FEB2060PE,22.95,23.45,9.9,11.1,10.75,20.05,2128.9,11.1,49725,5850,163,109956860.0,137,F1,325,,,,,
2026-02-18,2026-02-18,FO,NSE,STO,90425,,DALBHARAT,,2026-02-24,2026-02-24,2140.0,PE,DALBHARAT26FEB2140PE,50.45,50.45,33.55,37.25,37.9,53.0,2128.9,37.25,27950,4225,56,39643743.75,54,F1,325,,,,,
2026-02-18,2026-02-18,FO,NSE,STO,103013,,DALBHARAT,,2026-03-30,2026-03-30,2260.0,PE,DALBHARAT26MAR2260PE,0.0,0.0,0.0,181.85,0.0,181.85,2128.9,145.35,0,0,0,0.0,0,F1,325,,,,,
2026-02-18,2026-02-18,FO,NSE,STO,90636,,DALBHARAT,,2026-03-30,2026-03-30,2520.0,CE,DALBHARAT26MAR2520CE,0.0,0.0,0.0,23.8,0.0,23.8,2128.9,1.7,0,0,0,0.0,0,F1,325,,,,,
2026-02-18,2026-02-18,FO,NSE,STO,88325,,DALBHARAT,,2026-02-24,2026-02-24,1960.0,PE,DALBHARAT26FEB1960PE,7.25,7.25,2.0,2.25,2.0,7.0,2128.9,2.25,29250,-325,228,145572797.5,144,F1,325,,,,,
2026-02-18,2026-02-18,FO,NSE,STO,88345,,DALBHARAT,,2026-02-24,2026-02-24,2360.0,PE,DALBHARAT26FEB2360PE,0.0,0.0,0.0,331.65,0.0,331.65,2128.9,229.0,0,0,0,0.0,0,F1,325,,,,,
2026-02-18,2026-02-18,FO,NSE,STO,88353,,DALBHARAT,,2026-02-24,2026-02-24,2520.0,PE,DALBHARAT26FEB2520PE,0.0,0.0,0.0,412.5,412.5,412.5,2128.9,388.8,1300,0,0,0.0,0,F1,325,,,,,
2026-02-18,2026-02-18,FO,NSE,STO,90562,,DALBHARAT,,2026-03-30,2026-03-30,1760.0,PE,DALBHARAT26MAR1760PE,0.0,0.0,0.0,9.55,0.0,9.55,2128.9,0.45,0,0,0,0.0,0,F1,325,,,,,
2026-02-18,2026-02-18,FO,NSE,STO,90578,,DALBHARAT,,2026-03-30,2026-03-30,2080.0,PE,DALBHARAT26MAR2080PE,49.55,49.55,49.55,49.55,49.55,58.2,2128.9,42.5,325,0,2,1384207.5,2,F1,325,,,,,
2026-02-18,2026-02-18,FO,NSE,STO,90584,,DALBHARAT,,2026-03-30,2026-03-30,2200.0,PE,DALBHARAT26MAR2200PE,0.0,0.0,0.0,80.0,80.0,80.0,2128.9,103.55,325,0,0,0.0,0,F1,325,,,,,
2026-02-18,2026-02-18,FO,NSE,STO,90586,,DALBHARAT,,2026-03-30,2026-03-30,2240.0,PE,DALBHARAT26MAR2240PE,0.0,0.0,0.0,167.5,0.0,167.5,2128.9,130.7,0,0,0,0.0,0,F1,325,,,,,
2026-02-18,2026-02-18,FO,NSE,STO,103341,,DALBHARAT,,2026-04-28,2026-04-28,2000.0,CE,DALBHARAT26APR2000CE,0.0,0.0,0.0,200.45,0.0,200.45,2128.9,182.7,0,0,0,0.0,0,F1,325,,,,,
2026-02-18,2026-02-18,FO,NSE,STO,90587,,DALBHARAT,,2026-03-30,2026-03-30,2280.0,CE,DALBHARAT26MAR2280CE,24.0,25.75,23.2,25.75,25.75,24.85,2128.9,23.3,30550,0,24,17975571.25,20,F1,325,,,,,
2026-02-18,2026-02-18,FO,NSE,STO,90424,,DALBHARAT,,2026-02-24,2026-02-24,2140.0,CE,DALBHARAT26FEB2140CE,26.75,33.6,21.55,27.0,27.0,26.75,2128.9,27.0,60125,6175,353,248605028.75,296,F1,325,,,,,
2026-02-18,2026-02-18,FO,NSE,STO,90567,,DALBHARAT,,2026-03-30,2026-03-30,1880.0,CE,DALBHARAT26MAR1880CE,0.0,0.0,0.0,300.85,0.0,300.85,2128.9,264.15,0,0,0,0.0,0,F1,325,,,,,
2026-02-18,2026-02-18,FO,NSE,STO,90460,,DALBHARAT,,2026-02-24,2026-02-24,2260.0,CE,DALBHARAT26FEB2260CE,2.85,3.55,2.45,2.85,3.0,3.85,2128.9,2.85,25025,-3900,28,20593641.25,27,F1,325,,,,,
2026-02-18,2026-02-18,FO,NSE,STO,103472,,DALBHARAT,,2026-04-28,2026-04-28,2480.0,PE,DALBHARAT26APR2480PE,0.0,0.0,0.0,362.35,0.0,362.35,2128.9,336.35,0,0,0,0.0,0,F1,325,,,,,
2026-02-18,2026-02-18,FO,NSE,STO,103351,,DALBHARAT,,2026-04-28,2026-04-28,2080.0,PE,DALBHARAT26APR2080PE,0.0,0.0,0.0,94.25,0.0,94.25,2128.9,59.4,0,0,0,0.0,0,F1,325,,,,,
2026-02-18,2026-02-18,FO,NSE,STO,102883,,DALBHARAT,,2026-03-30,2026-03-30,2100.0,PE,DALBHARAT26MAR2100PE,51.65,66.75,51.65,54.8,54.8,64.3,2128.9,54.8,21125,650,42,29462160.0,39,F1,325,,,,,
2026-02-18,2026-02-18,FO,NSE,STO,102852,,DALBHARAT,,2026-03-30,2026-03-30,1940.0,PE,DALBHARAT26MAR1940PE,18.65,18.65,17.55,17.55,17.55,26.8,2128.9,9.3,1625,975,3,1909326.25,3,F1,325,,,,,
2026-02-18,2026-02-18,FO,NSE,STO,90570,,DALBHARAT,,2026-03-30,2026-03-30,1920.0,PE,DALBHARAT26MAR1920PE,0.0,0.0,0.0,34.8,34.8,34.8,2128.9,7.1,325,0,0,0.0,0,F1,325,,,,,
2026-02-18,2026-02-18,FO,NSE,STO,88311,,DALBHARAT,,2026-02-24,2026-02-24,1680.0,PE,DALBHARAT26FEB1680PE,0.0,0.0,0.0,0.65,0.65,0.65,2128.9,0.05,5200,0,0,0.0,0,F1,325,,,,,
2026-02-18,2026-02-18,FO,NSE,STO,103374,,DALBHARAT,,2026-04-28,2026-04-28,2240.0,CE,DALBHARAT26APR2240CE,0.0,0.0,0.0,82.85,0.0,82.85,2128.9,56.2,0,0,0,0.0,0,F1,325,,,,,
2026-02-18,2026-02-18,FO,NSE,STO,103348,,DALBHARAT,,2026-04-28,2026-04-28,2040.0,CE,DALBHARAT26APR2040CE,0.0,0.0,0.0,175.8,0.0,175.8,2128.9,154.95,0,0,0,0.0,0,F1,325,,,,,
2026-02-18,2026-02-18,FO,NSE,STO,90585,,DALBHARAT,,2026-03-30,2026-03-30,2240.0,CE,DALBHARAT26MAR2240CE,34.15,34.15,32.95,32.95,32.95,88.35,2128.9,33.05,1300,1300,4,2955615.0,3,F1,325,,,,,
2026-02-18,2026-02-18,FO,NSE,STO,90583,,DALBHARAT,,2026-03-30,2026-03-30,2200.0,CE,DALBHARAT26MAR2200CE,50.95,51.0,43.4,49.6,49.6,48.0,2128.9,49.6,10400,5850,27,19723502.5,18,F1,325,,,,,
2026-02-18,2026-02-18,FO,NSE,STO,102882,,DALBHARAT,,2026-03-30,2026-03-30,2100.0,CE,DALBHARAT26MAR2100CE,101.0,101.0,96.0,96.0,96.0,116.2,2128.9,91.95,1625,1625,5,3570125.0,5,F1,325,,,,,
2026-02-18,2026-02-18,FO,NSE,STO,90571,,DALBHARAT,,2026-03-30,2026-03-30,1960.0,CE,DALBHARAT26MAR1960CE,0.0,0.0,0.0,240.05,0.0,240.05,2128.9,192.7,0,0,0,0.0,0,F1,325,,,,,
2026-02-18,2026-02-18,FO,NSE,STO,88316,,DALBHARAT,,2026-02-24,2026-02-24,1800.0,CE,DALBHARAT26FEB1800CE,0.0,0.0,0.0,284.55,284.55,284.55,2128.9,330.55,975,0,0,0.0,0,F1,325,,,,,
2026-02-18,2026-02-18,FO,NSE,STO,103020,,DALBHARAT,,2026-03-30,2026-03-30,2380.0,CE,DALBHARAT26MAR2380CE,0.0,0.0,0.0,15.65,15.65,15.65,2128.9,8.75,1300,0,0,0.0,0,F1,325,,,,,
2026-02-18,2026-02-18,FO,NSE,STO,102949,,DALBHARAT,,2026-03-30,2026-03-30,2180.0,CE,DALBHARAT26MAR2180CE,0.0,0.0,0.0,79.8,0.0,79.8,2128.9,53.15,0,0,0,0.0,0,F1,325,,,,,
2026-02-18,2026-02-18,FO,NSE,STO,90575,,DALBHARAT,,2026-03-30,2026-03-30,2040.0,CE,DALBHARAT26MAR2040CE,0.0,0.0,0.0,186.45,0.0,186.45,2128.9,130.4,0,0,0,0.0,0,F1,325,,,,,
2026-02-18,2026-02-18,FO,NSE,STO,90405,,DALBHARAT,,2026-02-24,2026-02-24,2100.0,CE,DALBHARAT26FEB2100CE,45.0,56.0,38.1,51.15,52.0,47.15,2128.9,51.15,132600,53950,460,321532266.25,342,F1,325,,,,,
2026-02-18,2026-02-18,FO,NSE,STO,90397,,DALBHARAT,,2026-02-24,2026-02-24,1980.0,CE,DALBHARAT26FEB1980CE,0.0,0.0,0.0,142.6,142.6,142.6,2128.9,150.95,3900,0,0,0.0,0,F1,325,,,,,
2026-02-18,2026-02-18,FO,NSE,STO,90324,,DALBHARAT,,2026-02-24,2026-02-24,1780.0,CE,DALBHARAT26FEB1780CE,0.0,0.0,0.0,368.6,0.0,368.6,2128.9,350.5,0,0,0,0.0,0,F1,325,,,,,
2026-02-18,2026-02-18,FO,NSE,STO,90637,,DALBHARAT,,2026-03-30,2026-03-30,2520.0,PE,DALBHARAT26MAR2520PE,0.0,0.0,0.0,378.75,0.0,378.75,2128.9,377.7,0,0,0,0.0,0,F1,325,,,,,
2026-02-18,2026-02-18,FO,NSE,STO,90633,,DALBHARAT,,2026-03-30,2026-03-30,2440.0,PE,DALBHARAT26MAR2440PE,0.0,0.0,0.0,311.85,0.0,311.85,2128.9,300.95,0,0,0,0.0,0,F1,325,,,,,
2026-02-18,2026-02-18,FO,NSE,STO,103021,,DALBHARAT,,2026-03-30,2026-03-30,2380.0,PE,DALBHARAT26MAR2380PE,0.0,0.0,0.0,274.2,0.0,274.2,2128.9,245.55,0,0,0,0.0,0,F1,325,,,,,
2026-02-18,2026-02-18,FO,NSE,STO,90574,,DALBHARAT,,2026-03-30,2026-03-30,2000.0,PE,DALBHARAT26MAR2000PE,31.0,36.05,26.2,27.9,27.9,32.6,2128.9,27.9,132600,86125,492,324912640.0,269,F1,325,,,,,
2026-02-18,2026-02-18,FO,NSE,STO,88339,,DALBHARAT,,2026-02-24,2026-02-24,2240.0,PE,DALBHARAT26FEB2240PE,0.0,0.0,0.0,76.0,76.0,76.0,2128.9,110.8,5525,0,0,0.0,0,F1,325,,,,,
2026-02-18,2026-02-18,FO,NSE,STO,88331,,DALBHARAT,,2026-02-24,2026-02-24,2080.0,PE,DALBHARAT26FEB2080PE,20.0,20.0,15.0,15.2,15.5,25.55,2128.9,15.2,53300,22750,108,73567780.0,92,F1,325,,,,,
2026-02-18,2026-02-18,FO,NSE,STO,90335,,DALBHARAT,,2026-02-24,2026-02-24,1900.0,PE,DALBHARAT26FEB1900PE,2.4,3.5,0.15,1.25,1.3,4.1,2128.9,1.25,89050,-165425,1390,859081372.5,750,F1,325,,,,,
2026-02-18,2026-02-18,FO,NSE,STO,103418,,DALBHARAT,,2026-04-28,2026-04-28,2280.0,CE,DALBHARAT26APR2280CE,0.0,0.0,0.0,69.9,0.0,69.9,2128.9,44.15,0,0,0,0.0,0,F1,325,,,,,
2026-02-18,2026-02-18,FO,NSE,STO,103372,,DALBHARAT,,2026-04-28,2026-04-28,2200.0,CE,DALBHARAT26APR2200CE,0.0,0.0,0.0,97.5,0.0,97.5,2128.9,70.65,0,0,0,0.0,0,F1,325,,,,,
2026-02-18,2026-02-18,FO,NSE,STO,103306,,DALBHARAT,,2026-04-28,2026-04-28,1960.0,CE,DALBHARAT26APR1960CE,0.0,0.0,0.0,227.15,0.0,227.15,2128.9,212.85,0,0,0,0.0,0,F1,325,,,,,
2026-02-18,2026-02-18,FO,NSE,STO,103201,,DALBHARAT,,2026-04-28,2026-04-28,1840.0,CE,DALBHARAT26APR1840CE,0.0,0.0,0.0,317.9,0.0,317.9,2128.9,315.0,0,0,0,0.0,0,F1,325,,,,,
2026-02-18,2026-02-18,FO,NSE,STO,103022,,DALBHARAT,,2026-03-30,2026-03-30,2420.0,CE,DALBHARAT26MAR2420CE,0.0,0.0,0.0,17.1,15.95,17.1,2128.9,5.65,1950,0,0,0.0,0,F1,325,,,,,
2026-02-18,2026-02-18,FO,NSE,STO,102857,,DALBHARAT,,2026-03-30,2026-03-30,2060.0,CE,DALBHARAT26MAR2060CE,122.7,122.7,122.7,122.7,122.7,137.75,2128.9,116.75,4225,-325,1,709377.5,1,F1,325,,,,,
2026-02-18,2026-02-18,FO,NSE,STO,90561,,DALBHARAT,,2026-03-30,2026-03-30,1760.0,CE,DALBHARAT26MAR1760CE,0.0,0.0,0.0,403.35,0.0,403.35,2128.9,379.95,0,0,0,0.0,0,F1,325,,,,,
2026-02-18,2026-02-18,FO,NSE,STO,102800,,DALBHARAT,,2026-03-30,2026-03-30,1820.0,CE,DALBHARAT26MAR1820CE,0.0,0.0,0.0,317.0,0.0,317.0,2128.9,321.3,0,0,0,0.0,0,F1,325,,,,,
2026-02-18,2026-02-18,FO,NSE,STO,103023,,DALBHARAT,,2026-03-30,2026-03-30,2420.0,PE,DALBHARAT26MAR2420PE,0.0,0.0,0.0,307.95,0.0,307.95,2128.9,282.25,0,0,0,0.0,0,F1,325,,,,,
2026-02-18,2026-02-18,FO,NSE,STO,88308,,DALBHARAT,,2026-02-24,2026-02-24,1680.0,CE,DALBHARAT26FEB1680CE,0.0,0.0,0.0,375.15,0.0,375.15,2128.9,450.4,0,0,0,0.0,0,F1,325,,,,,
2026-02-18,2026-02-18,FO,NSE,STO,90334,,DALBHARAT,,2026-02-24,2026-02-24,1900.0,CE,DALBHARAT26FEB1900CE,0.0,0.0,0.0,159.6,159.6,159.6,2128.9,230.6,1950,0,0,0.0,0,F1,325,,,,,
2026-02-18,2026-02-18,FO,NSE,STO,88328,,DALBHARAT,,2026-02-24,2026-02-24,2040.0,CE,DALBHARAT26FEB2040CE,87.45,105.1,84.4,97.15,96.45,115.15,2128.9,97.15,11700,0,11,7628692.5,11,F1,325,,,,,
2026-02-18,2026-02-18,FO,NSE,STO,88349,,DALBHARAT,,2026-02-24,2026-02-24,2440.0,PE,DALBHARAT26FEB2440PE,0.0,0.0,0.0,400.8,0.0,400.8,2128.9,308.9,0,0,0,0.0,0,F1,325,,,,,
2026-02-18,2026-02-18,FO,NSE,STO,102803,,DALBHARAT,,2026-03-30,2026-03-30,1860.0,PE,DALBHARAT26MAR1860PE,11.05,11.05,10.65,10.65,10.65,15.85,2128.9,2.9,1300,1300,4,2432105.0,2,F1,325,,,,,
2026-02-18,2026-02-18,FO,NSE,STO,90621,,DALBHARAT,,2026-03-30,2026-03-30,2320.0,PE,DALBHARAT26MAR2320PE,0.0,0.0,0.0,220.55,0.0,220.55,2128.9,193.2,0,0,0,0.0,0,F1,325,,,,,
2026-02-18,2026-02-18,FO,NSE,STO,103016,,DALBHARAT,,2026-03-30,2026-03-30,2300.0,CE,DALBHARAT26MAR2300CE,0.0,0.0,0.0,21.2,21.5,21.2,2128.9,19.4,26650,0,0,0.0,0,F1,325,,,,,
2026-02-18,2026-02-18,FO,NSE,STO,88337,,DALBHARAT,,2026-02-24,2026-02-24,2200.0,PE,DALBHARAT26FEB2200PE,75.0,80.75,72.1,80.75,80.75,94.65,2128.9,80.75,28600,-8450,28,20721155.0,28,F1,325,,,,,
2026-02-18,2026-02-18,FO,NSE,STO,90319,,DALBHARAT,,2026-02-24,2026-02-24,1660.0,PE,DALBHARAT26FEB1660PE,0.35,0.45,0.15,0.4,0.4,1.6,2128.9,0.05,13975,-325,15,8094011.25,11,F1,325,,,,,
2026-02-18,2026-02-18,FO,NSE,STO,114053,,INDIGO,,2026-03-30,2026-03-30,5600.0,CE,INDIGO26MAR5600CE,0.0,0.0,0.0,154.1,0.0,154.1,4980.35,27.55,0,0,0,0.0,0,F1,150,,,,,
2026-02-18,2026-02-18,FO,NSE,STO,124991,,INDIGO,,2026-03-30,2026-03-30,5350.0,CE,INDIGO26MAR5350CE,0.0,0.0,0.0,91.15,0.0,91.15,4980.35,67.55,0,0,0,0.0,0,F1,150,,,,,
2026-02-18,2026-02-18,FO,NSE,STO,124981,,INDIGO,,2026-03-30,2026-03-30,5150.0,CE,INDIGO26MAR5150CE,0.0,0.0,0.0,139.9,0.0,139.9,4980.35,125.8,0,0,0,0.0,0,F1,150,,,,,
2026-02-18,2026-02-18,FO,NSE,STO,124956,,INDIGO,,2026-03-30,2026-03-30,4550.0,CE,INDIGO26MAR4550CE,0.0,0.0,0.0,480.0,480.0,480.0,4980.35,491.8,600,0,0,0.0,0,F1,150,,,,,
2026-02-18,2026-02-18,FO,NSE,STO,104453,,INDIGO,,2026-02-24,2026-02-24,6400.0,CE,INDIGO26FEB6400CE,0.15,0.15,0.15,0.15,0.15,0.15,4980.35,0.05,600,-600,4,3840090.0,4,F1,150,,,,,
2026-02-18,2026-02-18,FO,NSE,STO,104375,,INDIGO,,2026-02-24,2026-02-24,5300.0,CE,INDIGO26FEB5300CE,4.45,4.45,2.3,2.5,2.55,4.5,4980.35,2.5,114900,3750,402,319769850.0,283,F1,150,,,,,
2026-02-18,2026-02-18,FO,NSE,STO,104357,,INDIGO,,2026-02-24,2026-02-24,4400.0,CE,INDIGO26FEB4400CE,0.0,0.0,0.0,589.3,589.3,589.3,4980.35,584.35,3000,0,0,0.0,0,F1,150,,,,,
2026-02-18,2026-02-18,FO,NSE,STO,124969,,INDIGO,,2026-03-30,2026-03-30,4950.0,PE,INDIGO26MAR4950PE,126.0,126.0,116.4,117.4,116.4,126.55,4980.35,117.4,2250,1650,13,9883605.0,13,F1,150,,,,,
2026-02-18,2026-02-18,FO,NSE,STO,125365,,INDIGO,,2026-04-28,2026-04-28,5400.0,PE,INDIGO26APR5400PE,0.0,0.0,0.0,680.55,0.0,680.55,4980.35,473.65,0,0,0,0.0,0,F1,150,,,,,
2026-02-18,2026-02-18,FO,NSE,STO,114038,,INDIGO,,2026-03-30,2026-03-30,5100.0,PE,INDIGO26MAR5100PE,202.3,202.3,188.0,191.95,191.95,202.85,4980.35,233.95,6150,3450,24,19042575.0,18,F1,150,,,,,
2026-02-18,2026-02-18,FO,NSE,STO,124971,,INDIGO,,2026-03-30,2026-03-30,5050.0,PE,INDIGO26MAR5050PE,160.45,161.25,160.45,161.25,161.25,399.45,4980.35,205.5,150,150,2,1563255.0,2,F1,150,,,,,
2026-02-18,2026-02-18,FO,NSE,STO,125289,,INDIGO,,2026-04-28,2026-04-28,4300.0,CE,INDIGO26APR4300CE,0.0,0.0,0.0,641.6,0.0,641.6,4980.35,750.95,0,0,0,0.0,0,F1,150,,,,,
2026-02-18,2026-02-18,FO,NSE,STO,125399,,INDIGO,,2026-04-28,2026-04-28,5800.0,PE,INDIGO26APR5800PE,0.0,0.0,0.0,1005.85,0.0,1005.85,4980.35,799.0,0,0,0,0.0,0,F1,150,,,,,
2026-02-18,2026-02-18,FO,NSE,STO,125369,,INDIGO,,2026-04-28,2026-04-28,5600.0,PE,INDIGO26APR5600PE,0.0,0.0,0.0,837.8,0.0,837.8,4980.35,628.85,0,0,0,0.0,0,F1,150,,,,,
2026-02-18,2026-02-18,FO,NSE,STO,125294,,INDIGO,,2026-04-28,2026-04-28,4400.0,PE,INDIGO26APR4400PE,0.0,0.0,0.0,134.95,0.0,134.95,4980.35,38.85,0,0,0,0.0,0,F1,150,,,,,
2026-02-18,2026-02-18,FO,NSE,STO,113905,,INDIGO,,2026-02-24,2026-02-24,5550.0,PE,INDIGO26FEB5550PE,550.0,550.0,550.0,550.0,550.0,732.0,4980.35,564.7,3300,0,6,5490000.0,2,F1,150,,,,,
2026-02-18,2026-02-18,FO,NSE,STO,104374,,INDIGO,,2026-02-24,2026-02-24,5200.0,PE,INDIGO26FEB5200PE,220.0,236.95,206.95,222.0,222.0,224.15,4980.35,222.0,27750,-2550,126,102435352.5,114,F1,150,,,,,
2026-02-18,2026-02-18,FO,NSE,STO,113869,,INDIGO,,2026-02-24,2026-02-24,4850.0,PE,INDIGO26FEB4850PE,20.05,21.5,13.25,14.25,14.95,23.3,4980.35,14.25,105150,4500,325,237263040.0,304,F1,150,,,,,
2026-02-18,2026-02-18,FO,NSE,STO,104364,,INDIGO,,2026-02-24,2026-02-24,4700.0,PE,INDIGO26FEB4700PE,9.65,9.65,5.25,5.4,5.55,9.95,4980.35,5.4,343500,-12450,790,557766277.5,719,F1,150,,,,,
2026-02-18,2026-02-18,FO,NSE,STO,104358,,INDIGO,,2026-02-24,2026-02-24,4400.0,PE,INDIGO26FEB4400PE,2.5,2.9,1.8,1.95,2.0,3.7,4980.35,1.95,60600,-36750,480,316963455.0,269,F1,150,,,,,
2026-02-18,2026-02-18,FO,NSE,STO,125285,,INDIGO,,2026-04-28,2026-04-28,4100.0,CE,INDIGO26APR4100CE,0.0,0.0,0.0,794.4,0.0,794.4,4980.35,933.25,0,0,0,0.0,0,F1,150,,,,,
2026-02-18,2026-02-18,FO,NSE,STO,124968,,INDIGO,,2026-03-30,2026-03-30,4950.0,CE,INDIGO26MAR4950CE,195.9,195.9,178.0,179.0,178.0,187.9,4980.35,179.0,1200,150,5,3851032.5,5,F1,150,,,,,
2026-02-18,2026-02-18,FO,NSE,STO,114039,,INDIGO,,2026-03-30,2026-03-30,5200.0,CE,INDIGO26MAR5200CE,87.35,88.05,71.8,73.2,72.0,84.8,4980.35,73.2,36600,6300,115,91071217.5,98,F1,150,,,,,
2026-02-18,2026-02-18,FO,NSE,STO,125357,,INDIGO,,2026-04-28,2026-04-28,5300.0,CE,INDIGO26APR5300CE,0.0,0.0,0.0,156.55,0.0,156.55,4980.35,138.25,0,0,0,0.0,0,F1,150,,,,,
2026-02-18,2026-02-18,FO,NSE,STO,125366,,INDIGO,,2026-04-28,2026-04-28,5500.0,CE,INDIGO26APR5500CE,0.0,0.0,0.0,110.85,0.0,110.85,4980.35,86.35,0,0,0,0.0,0,F1,150,,,,,
2026-02-18,2026-02-18,FO,NSE,STO,104376,,INDIGO,,2026-02-24,2026-02-24,5300.0,PE,INDIGO26FEB5300PE,310.55,327.05,308.0,323.9,327.05,323.6,4980.35,323.9,16800,-2100,40,33688222.5,24,F1,150,,,,,
2026-02-18,2026-02-18,FO,NSE,STO,125298,,INDIGO,,2026-04-28,2026-04-28,4500.0,PE,INDIGO26APR4500PE,0.0,0.0,0.0,168.2,0.0,168.2,4980.35,55.85,0,0,0,0.0,0,F1,150,,,,,
2026-02-18,2026-02-18,FO,NSE,STO,114031,,INDIGO,,2026-03-30,2026-03-30,4800.0,CE,INDIGO26MAR4800CE,296.0,298.0,272.5,277.1,277.2,299.0,4980.35,277.1,10650,4050,31,23646705.0,16,F1,150,,,,,
2026-02-18,2026-02-18,FO,NSE,STO,104397,,INDIGO,,2026-02-24,2026-02-24,6200.0,CE,INDIGO26FEB6200CE,0.6,0.6,0.6,0.6,0.6,0.65,4980.35,0.05,5250,0,1,930090.0,1,F1,150,,,,,
2026-02-18,2026-02-18,FO,NSE,STO,104381,,INDIGO,,2026-02-24,2026-02-24,5600.0,CE,INDIGO26FEB5600CE,1.3,1.5,1.1,1.3,1.5,2.15,4980.35,1.3,64050,-750,47,39489832.5,31,F1,150,,,,,
2026-02-18,2026-02-18,FO,NSE,STO,113870,,INDIGO,,2026-02-24,2026-02-24,4950.0,CE,INDIGO26FEB4950CE,90.9,97.15,65.15,69.3,65.15,88.0,4980.35,69.3,92100,-38100,1160,874687845.0,945,F1,150,,,,,
2026-02-18,2026-02-18,FO,NSE,STO,104355,,INDIGO,,2026-02-24,2026-02-24,4300.0,CE,INDIGO26FEB4300CE,0.0,0.0,0.0,669.0,669.0,669.0,4980.35,684.25,4050,0,0,0.0,0,F1,150,,,,,
2026-02-18,2026-02-18,FO,NSE,STO,125367,,INDIGO,,2026-04-28,2026-04-28,5500.0,PE,INDIGO26APR5500PE,0.0,0.0,0.0,757.6,0.0,757.6,4980.35,549.1,0,0,0,0.0,0,F1,150,,,,,
2026-02-18,2026-02-18,FO,NSE,STO,114059,,INDIGO,,2026-03-30,2026-03-30,5700.0,CE,INDIGO26MAR5700CE,0.0,0.0,0.0,130.8,0.0,130.8,4980.35,18.55,0,0,0,0.0,0,F1,150,,,,,
2026-02-18,2026-02-18,FO,NSE,STO,114022,,INDIGO,,2026-03-30,2026-03-30,4400.0,PE,INDIGO26MAR4400PE,0.0,0.0,0.0,22.9,22.9,22.9,4980.35,15.9,5400,0,0,0.0,0,F1,150,,,,,
2026-02-18,2026-02-18,FO,NSE,STO,124957,,INDIGO,,2026-03-30,2026-03-30,4550.0,PE,INDIGO26MAR4550PE,0.0,0.0,0.0,35.65,35.65,35.65,4980.35,34.1,300,0,0,0.0,0,F1,150,,,,,
2026-02-18,2026-02-18,FO,NSE,STO,104370,,INDIGO,,2026-02-24,2026-02-24,5000.0,PE,INDIGO26FEB5000PE,80.25,80.25,57.2,64.65,67.65,76.5,4980.35,64.65,201900,-31950,1069,812450647.5,780,F1,150,,,,,
2026-02-18,2026-02-18,FO,NSE,STO,104356,,INDIGO,,2026-02-24,2026-02-24,4300.0,PE,INDIGO26FEB4300PE,2.05,2.3,1.15,1.7,1.75,2.7,4980.35,1.7,24750,-15450,180,116153362.5,82,F1,150,,,,,
2026-02-18,2026-02-18,FO,NSE,STO,104329,,INDIGO,,2026-02-24,2026-02-24,4000.0,PE,INDIGO26FEB4000PE,1.0,1.0,0.6,0.8,0.8,1.15,4980.35,0.8,72450,-8850,71,42608505.0,38,F1,150,,,,,
2026-02-18,2026-02-18,FO,NSE,STO,125325,,INDIGO,,2026-04-28,2026-04-28,4800.0,CE,INDIGO26APR4800CE,0.0,0.0,0.0,339.85,0.0,339.85,4980.35,369.1,0,0,0,0.0,0,F1,150,,,,,
2026-02-18,2026-02-18,FO,NSE,STO,125287,,INDIGO,,2026-04-28,2026-04-28,4200.0,CE,INDIGO26APR4200CE,0.0,0.0,0.0,715.85,0.0,715.85,4980.35,840.7,0,0,0,0.0,0,F1,150,,,,,
2026-02-18,2026-02-18,FO,NSE,STO,125283,,INDIGO,,2026-04-28,2026-04-28,4000.0,CE,INDIGO26APR4000CE,0.0,0.0,0.0,876.75,0.0,876.75,4980.35,1028.0,0,0,0,0.0,0,F1,150,,,,,
2026-02-18,2026-02-18,FO,NSE,STO,124985,,INDIGO,,2026-03-30,2026-03-30,5250.0,CE,INDIGO26MAR5250CE,0.0,0.0,0.0,113.55,0.0,113.55,4980.35,93.15,0,0,0,0.0,0,F1,150,,,,,
2026-02-18,2026-02-18,FO,NSE,STO,114037,,INDIGO,,2026-03-30,2026-03-30,5100.0,CE,INDIGO26MAR5100CE,119.55,120.0,104.5,105.85,106.0,119.5,4980.35,105.85,9300,2250,49,38307742.5,39,F1,150,,,,,
2026-02-18,2026-02-18,FO,NSE,STO,114035,,INDIGO,,2026-03-30,2026-03-30,5000.0,CE,INDIGO26MAR5000CE,168.0,171.05,148.0,151.7,150.0,164.85,4980.35,151.7,36450,12150,284,219808927.5,222,F1,150,,,,,
2026-02-18,2026-02-18,FO,NSE,STO,114021,,INDIGO,,2026-03-30,2026-03-30,4400.0,CE,INDIGO26MAR4400CE,0.0,0.0,0.0,763.6,0.0,763.6,4980.35,622.7,0,0,0,0.0,0,F1,150,,,,,
2026-02-18,2026-02-18,FO,NSE,STO,113993,,INDIGO,,2026-03-30,2026-03-30,3900.0,CE,INDIGO26MAR3900CE,0.0,0.0,0.0,1192.4,0.0,1192.4,4980.35,1104.2,0,0,0,0.0,0,F1,150,,,,,
2026-02-18,2026-02-18,FO,NSE,STO,104383,,INDIGO,,2026-02-24,2026-02-24,5700.0,CE,INDIGO26FEB5700CE,0.8,1.5,0.55,1.45,1.5,1.05,4980.35,1.45,61350,-4800,123,105182332.5,83,F1,150,,,,,
2026-02-18,2026-02-18,FO,NSE,STO,41169,,INDIGO,,2026-02-24,2026-02-24,3900.0,CE,INDIGO26FEB3900CE,0.0,0.0,0.0,1852.8,0.0,1852.8,4980.35,1083.85,0,0,0,0.0,0,F1,150,,,,,
2026-02-18,2026-02-18,FO,NSE,STO,125284,,INDIGO,,2026-04-28,2026-04-28,4000.0,PE,INDIGO26APR4000PE,0.0,0.0,0.0,46.5,0.0,46.5,4980.35,6.25,0,0,0,0.0,0,F1,150,,,,,
2026-02-18,2026-02-18,FO,NSE,STO,114060,,INDIGO,,2026-03-30,2026-03-30,5700.0,PE,INDIGO26MAR5700PE,0.0,0.0,0.0,740.0,740.0,740.0,4980.35,703.95,150,0,0,0.0,0,F1,150,,,,,
2026-02-18,2026-02-18,FO,NSE,STO,114049,,INDIGO,,2026-03-30,2026-03-30,5500.0,PE,INDIGO26MAR5500PE,505.0,511.0,487.85,504.7,507.0,515.0,4980.35,504.7,14700,5250,35,31517302.5,24,F1,150,,,,,
2026-02-18,2026-02-18,FO,NSE,STO,113907,,INDIGO,,2026-02-24,2026-02-24,5650.0,PE,INDIGO26FEB5650PE,0.0,0.0,0.0,658.25,0.0,658.25,4980.35,664.55,0,0,0,0.0,0,F1,150,,,,,
2026-02-18,2026-02-18,FO,NSE,STO,113897,,INDIGO,,2026-02-24,2026-02-24,5150.0,PE,INDIGO26FEB5150PE,166.5,188.95,162.5,184.7,183.75,179.95,4980.35,184.7,19350,-450,130,103817985.0,123,F1,150,,,,,
2026-02-18,2026-02-18,FO,NSE,STO,104391,,INDIGO,,2026-02-24,2026-02-24,6000.0,CE,INDIGO26FEB6000CE,0.9,0.9,0.3,0.3,0.3,0.9,4980.35,0.3,30600,-300,3,2700315.0,2,F1,150,,,,,
2026-02-18,2026-02-18,FO,NSE,STO,104350,,INDIGO,,2026-02-24,2026-02-24,4100.0,PE,INDIGO26FEB4100PE,1.2,1.2,0.75,0.85,0.75,1.45,4980.35,0.85,12900,-4200,41,25220835.0,32,F1,150,,,,,
2026-02-18,2026-02-18,FO,NSE,STO,113793,,INDIGO,,2026-02-24,2026-02-24,4350.0,PE,INDIGO26FEB4350PE,2.5,2.5,1.6,1.6,1.6,3.35,4980.35,1.6,10050,-1800,24,15667987.5,19,F1,150,,,,,
2026-02-18,2026-02-18,FO,NSE,STO,113872,,INDIGO,,2026-02-24,2026-02-24,4950.0,PE,INDIGO26FEB4950PE,59.95,59.95,36.0,39.8,42.0,52.75,4980.35,39.8,72900,-22200,1442,1079739990.0,1133,F1,150,,,,,
2026-02-18,2026-02-18,FO,NSE,STO,113874,,INDIGO,,2026-02-24,2026-02-24,5050.0,PE,INDIGO26FEB5050PE,103.55,107.8,86.45,95.85,100.25,105.75,4980.35,95.85,40350,-750,87,67146052.5,80,F1,150,,,,,
2026-02-18,2026-02-18,FO,NSE,STO,113901,,INDIGO,,2026-02-24,2026-02-24,5350.0,PE,INDIGO26FEB5350PE,0.0,0.0,0.0,560.0,560.0,560.0,4980.35,366.55,150,0,0,0.0,0,F1,150,,,,,
2026-02-18,2026-02-18,FO,NSE,STO,104392,,INDIGO,,2026-02-24,2026-02-24,6000.0,PE,INDIGO26FEB6000PE,1005.0,1006.45,1001.4,1006.45,1006.45,1025.95,4980.35,1014.25,55350,-450,4,4202310.0,4,F1,150,,,,,
2026-02-18,2026-02-18,FO,NSE,STO,124889,,INDIGO,,2026-03-30,2026-03-30,4150.0,PE,INDIGO26MAR4150PE,0.0,0.0,0.0,22.6,22.6,22.6,4980.35,3.3,1950,0,0,0.0,0,F1,150,,,,,
2026-02-18,2026-02-18,FO,NSE,STO,124953,,INDIGO,,2026-03-30,2026-03-30,4350.0,PE,INDIGO26MAR4350PE,0.0,0.0,0.0,20.0,20.0,20.0,4980.35,12.0,8100,0,0,0.0,0,F1,150,,,,,
2026-02-18,2026-02-18,FO,NSE,STO,124992,,INDIGO,,2026-03-30,2026-03-30,5350.0,PE,INDIGO26MAR5350PE,0.0,0.0,0.0,616.15,0.0,616.15,4980.35,405.05,0,0,0,0.0,0,F1,150,,,,,
2026-02-18,2026-02-18,FO,NSE,STO,125356,,INDIGO,,2026-04-28,2026-04-28,5200.0,PE,INDIGO26APR5200PE,0.0,0.0,0.0,536.1,0.0,536.1,4980.35,337.95,0,0,0,0.0,0,F1,150,,,,,
2026-02-18,2026-02-18,FO,NSE,STO,114027,,INDIGO,,2026-03-30,2026-03-30,4600.0,CE,INDIGO26MAR4600CE,460.95,462.3,439.0,439.75,440.0,440.0,4980.35,439.75,2850,-150,9,6820012.5,7,F1,150,,,,,
2026-02-18,2026-02-18,FO,NSE,STO,124964,,INDIGO,,2026-03-30,2026-03-30,4750.0,CE,INDIGO26MAR4750CE,0.0,0.0,0.0,361.1,361.1,361.1,4980.35,337.95,750,0,0,0.0,0,F1,150,,,,,
2026-02-18,2026-02-18,FO,NSE,STO,114019,,INDIGO,,2026-03-30,2026-03-30,4300.0,CE,INDIGO26MAR4300CE,0.0,0.0,0.0,843.1,0.0,843.1,4980.35,715.1,0,0,0,0.0,0,F1,150,,,,,
2026-02-18,2026-02-18,FO,NSE,STO,113902,,INDIGO,,2026-02-24,2026-02-24,5450.0,CE,INDIGO26FEB5450CE,2.0,2.0,1.25,1.65,1.7,2.25,4980.35,1.65,8850,-3150,72,58877347.5,63,F1,150,,,,,
2026-02-18,2026-02-18,FO,NSE,STO,104363,,INDIGO,,2026-02-24,2026-02-24,4700.0,CE,INDIGO26FEB4700CE,301.6,307.6,276.65,276.65,276.65,293.0,4980.35,276.65,106950,-12000,167,125103015.0,143,F1,150,,,,,
2026-02-18,2026-02-18,FO,NSE,STO,104328,,INDIGO,,2026-02-24,2026-02-24,4000.0,CE,INDIGO26FEB4000CE,0.0,0.0,0.0,980.0,980.0,980.0,4980.35,983.95,5250,0,0,0.0,0,F1,150,,,,,
2026-02-18,2026-02-18,FO,NSE,STF,66862,,INDIGO,,2026-04-28,2026-04-28,,,INDIGO26APRFUT,5045.0,5061.2,5030.6,5040.5,5030.6,5045.0,4980.35,5040.5,63300,37050,281,212657010.0,147,F1,150,,,,,
2026-02-18,2026-02-18,FO,NSE,STF,51922,,INDIGO,,2026-03-30,2026-03-30,,,INDIGO26MARFUT,5013.8,5030.8,4998.0,5009.7,5005.5,5014.6,4980.35,5009.7,860250,591900,4548,3423785805.0,1906,F1,150,,,,,
2026-02-18,2026-02-18,FO,NSE,STO,114048,,INDIGO,,2026-03-30,2026-03-30,5500.0,CE,INDIGO26MAR5500CE,23.8,26.0,21.05,22.0,21.9,25.8,4980.35,22.0,40500,23100,286,236945557.5,225,F1,150,,,,,
2026-02-18,2026-02-18,FO,NSE,STO,125333,,INDIGO,,2026-04-28,2026-04-28,5000.0,CE,INDIGO26APR5000CE,0.0,0.0,0.0,253.35,0.0,253.35,4980.35,257.75,0,0,0,0.0,0,F1,150,,,,,
2026-02-18,2026-02-18,FO,NSE,STO,114040,,INDIGO,,2026-03-30,2026-03-30,5200.0,PE,INDIGO26MAR5200PE,270.05,270.05,260.0,265.3,265.5,268.5,4980.35,265.3,6450,2550,19,15572647.5,11,F1,150,,,,,
2026-02-18,2026-02-18,FO,NSE,STO,114011,,INDIGO,,2026-03-30,2026-03-30,4100.0,PE,INDIGO26MAR4100PE,0.0,0.0,0.0,10.0,10.0,10.0,4980.35,2.3,3450,0,0,0.0,0,F1,150,,,,,
2026-02-18,2026-02-18,FO,NSE,STO,113903,,INDIGO,,2026-02-24,2026-02-24,5450.0,PE,INDIGO26FEB5450PE,0.0,0.0,0.0,475.0,475.0,475.0,4980.35,465.1,900,0,0,0.0,0,F1,150,,,,,
2026-02-18,2026-02-18,FO,NSE,STO,104360,,INDIGO,,2026-02-24,2026-02-24,4500.0,PE,INDIGO26FEB4500PE,4.25,4.6,2.45,2.6,2.7,4.95,4980.35,2.6,109050,-9750,704,475535085.0,427,F1,150,,,,,
2026-02-18,2026-02-18,FO,NSE,STO,125364,,INDIGO,,2026-04-28,2026-04-28,5400.0,CE,INDIGO26APR5400CE,0.0,0.0,0.0,132.2,0.0,132.2,4980.35,109.85,0,0,0,0.0,0,F1,150,,,,,
2026-02-18,2026-02-18,FO,NSE,STO,124970,,INDIGO,,2026-03-30,2026-03-30,5050.0,CE,INDIGO26MAR5050CE,0.0,0.0,0.0,155.0,155.0,155.0,4980.35,166.2,300,0,0,0.0,0,F1,150,,,,,
2026-02-18,2026-02-18,FO,NSE,STO,125286,,INDIGO,,2026-04-28,2026-04-28,4100.0,PE,INDIGO26APR4100PE,0.0,0.0,0.0,62.65,0.0,62.65,4980.35,10.5,0,0,0,0.0,0,F1,150,,,,,
2026-02-18,2026-02-18,FO,NSE,STO,41170,,INDIGO,,2026-02-24,2026-02-24,3900.0,PE,INDIGO26FEB3900PE,0.55,0.55,0.3,0.35,0.35,0.95,4980.35,0.05,13500,-450,17,9945930.0,4,F1,150,,,,,
2026-02-18,2026-02-18,FO,NSE,STO,114047,,INDIGO,,2026-03-30,2026-03-30,5400.0,PE,INDIGO26MAR5400PE,407.0,422.0,405.0,422.0,422.0,470.0,4980.35,444.25,900,750,5,4359450.0,3,F1,150,,,,,
2026-02-18,2026-02-18,FO,NSE,STO,125302,,INDIGO,,2026-04-28,2026-04-28,4600.0,PE,INDIGO26APR4600PE,0.0,0.0,0.0,206.3,0.0,206.3,4980.35,77.85,0,0,0,0.0,0,F1,150,,,,,
2026-02-18,2026-02-18,FO,NSE,STO,124891,,INDIGO,,2026-03-30,2026-03-30,4250.0,PE,INDIGO26MAR4250PE,0.0,0.0,0.0,19.35,19.35,19.35,4980.35,6.5,300,0,0,0.0,0,F1,150,,,,,
2026-02-18,2026-02-18,FO,NSE,STO,124955,,INDIGO,,2026-03-30,2026-03-30,4450.0,PE,INDIGO26MAR4450PE,0.0,0.0,0.0,23.4,23.4,23.4,4980.35,20.8,2100,0,0,0.0,0,F1,150,,,,,
2026-02-18,2026-02-18,FO,NSE,STO,113904,,INDIGO,,2026-02-24,2026-02-24,5550.0,CE,INDIGO26FEB5550CE,0.0,0.0,0.0,0.95,0.95,0.95,4980.35,0.1,5100,0,0,0.0,0,F1,150,,,,,
2026-02-18,2026-02-18,FO,NSE,STO,124886,,INDIGO,,2026-03-30,2026-03-30,4150.0,CE,INDIGO26MAR4150CE,0.0,0.0,0.0,706.55,0.0,706.55,4980.35,858.6,0,0,0,0.0,0,F1,150,,,,,
2026-02-18,2026-02-18,FO,NSE,STO,124995,,INDIGO,,2026-03-30,2026-03-30,5550.0,CE,INDIGO26MAR5550CE,0.0,0.0,0.0,57.4,0.0,57.4,4980.35,33.3,0,0,0,0.0,0,F1,150,,,,,
2026-02-18,2026-02-18,FO,NSE,STO,124982,,INDIGO,,2026-03-30,2026-03-30,5150.0,PE,INDIGO26MAR5150PE,0.0,0.0,0.0,467.05,0.0,467.05,4980.35,264.5,0,0,0,0.0,0,F1,150,,,,,
2026-02-18,2026-02-18,FO,NSE,STO,104353,,INDIGO,,2026-02-24,2026-02-24,4200.0,CE,INDIGO26FEB4200CE,0.0,0.0,0.0,1643.35,0.0,1643.35,4980.35,784.15,0,0,0,0.0,0,F1,150,,,,,
2026-02-18,2026-02-18,FO,NSE,STO,104367,,INDIGO,,2026-02-24,2026-02-24,4900.0,CE,INDIGO26FEB4900CE,120.1,129.4,97.1,102.1,99.0,120.05,4980.35,102.1,147300,-6450,654,491894070.0,587,F1,150,,,,,
2026-02-18,2026-02-18,FO,NSE,STO,104379,,INDIGO,,2026-02-24,2026-02-24,5500.0,CE,INDIGO26FEB5500CE,1.35,1.75,1.1,1.6,1.7,2.05,4980.35,1.6,229500,-20250,420,346594147.5,290,F1,150,,,,,
2026-02-18,2026-02-18,FO,NSE,STO,125295,,INDIGO,,2026-04-28,2026-04-28,4500.0,CE,INDIGO26APR4500CE,0.0,0.0,0.0,506.1,0.0,506.1,4980.35,582.75,0,0,0,0.0,0,F1,150,,,,,
2026-02-18,2026-02-18,FO,NSE,STO,113878,,INDIGO,,2026-02-24,2026-02-24,5150.0,CE,INDIGO26FEB5150CE,15.45,19.0,8.35,9.15,8.85,16.9,4980.35,9.15,52800,2550,366,283364415.0,341,F1,150,,,,,
2026-02-18,2026-02-18,FO,NSE,STO,114018,,INDIGO,,2026-03-30,2026-03-30,4200.0,PE,INDIGO26MAR4200PE,13.0,13.0,13.0,13.0,13.0,14.65,4980.35,4.7,2250,150,1,631950.0,1,F1,150,,,,,
2026-02-18,2026-02-18,FO,NSE,STO,125331,,INDIGO,,2026-04-28,2026-04-28,4900.0,CE,INDIGO26APR4900CE,0.0,0.0,0.0,294.25,0.0,294.25,4980.35,310.2,0,0,0,0.0,0,F1,150,,,,,
2026-02-18,2026-02-18,FO,NSE,STO,113836,,INDIGO,,2026-02-24,2026-02-24,4650.0,PE,INDIGO26FEB4650PE,7.2,7.25,4.25,4.35,4.35,8.2,4980.35,4.35,88050,-6150,513,358233750.0,495,F1,150,,,,,
2026-02-18,2026-02-18,FO,NSE,STO,104382,,INDIGO,,2026-02-24,2026-02-24,5600.0,PE,INDIGO26FEB5600PE,615.0,625.0,600.0,625.0,625.0,629.4,4980.35,614.6,16800,-1050,7,6516450.0,5,F1,150,,,,,
2026-02-18,2026-02-18,FO,NSE,STO,113791,,INDIGO,,2026-02-24,2026-02-24,4250.0,PE,INDIGO26FEB4250PE,0.0,0.0,0.0,5.5,5.5,5.5,4980.35,0.05,8850,0,0,0.0,0,F1,150,,,,,
2026-02-18,2026-02-18,FO,NSE,STO,104365,,INDIGO,,2026-02-24,2026-02-24,4800.0,CE,INDIGO26FEB4800CE,212.0,212.0,181.9,187.8,181.95,199.0,4980.35,187.8,249600,-7650,153,114664162.5,123,F1,150,,,,,
2026-02-18,2026-02-18,FO,NSE,STO,125350,,INDIGO,,2026-04-28,2026-04-28,5200.0,CE,INDIGO26APR5200CE,0.0,0.0,0.0,184.75,0.0,184.75,4980.35,172.1,0,0,0,0.0,0,F1,150,,,,,
2026-02-18,2026-02-18,FO,NSE,STO,124998,,INDIGO,,2026-03-30,2026-03-30,5650.0,PE,INDIGO26MAR5650PE,0.0,0.0,0.0,866.9,0.0,866.9,4980.35,658.35,0,0,0,0.0,0,F1,150,,,,,
2026-02-18,2026-02-18,FO,NSE,STO,124966,,INDIGO,,2026-03-30,2026-03-30,4850.0,CE,INDIGO26MAR4850CE,0.0,0.0,0.0,310.0,310.0,310.0,4980.35,272.25,300,0,0,0.0,0,F1,150,,,,,
2026-02-18,2026-02-18,FO,NSE,STO,125290,,INDIGO,,2026-04-28,2026-04-28,4300.0,PE,INDIGO26APR4300PE,0.0,0.0,0.0,106.75,0.0,106.75,4980.35,26.1,0,0,0,0.0,0,F1,150,,,,,
2026-02-18,2026-02-18,FO,NSE,STO,125280,,INDIGO,,2026-04-28,2026-04-28,3800.0,PE,INDIGO26APR3800PE,0.0,0.0,0.0,23.75,0.0,23.75,4980.35,1.9,0,0,0,0.0,0,F1,150,,,,,
2026-02-18,2026-02-18,FO,NSE,STO,104388,,INDIGO,,2026-02-24,2026-02-24,5900.0,PE,INDIGO26FEB5900PE,0.0,0.0,0.0,885.0,885.0,885.0,4980.35,914.3,3900,0,0,0.0,0,F1,150,,,,,
2026-02-18,2026-02-18,FO,NSE,STO,113795,,INDIGO,,2026-02-24,2026-02-24,4450.0,PE,INDIGO26FEB4450PE,0.0,0.0,0.0,4.45,4.45,4.45,4980.35,0.05,15300,0,0,0.0,0,F1,150,,,,,
2026-02-18,2026-02-18,FO,NSE,STO,125303,,INDIGO,,2026-04-28,2026-04-28,4700.0,CE,INDIGO26APR4700CE,0.0,0.0,0.0,390.35,0.0,390.35,4980.35,434.45,0,0,0,0.0,0,F1,150,,,,,
2026-02-18,2026-02-18,FO,NSE,STO,125299,,INDIGO,,2026-04-28,2026-04-28,4600.0,CE,INDIGO26APR4600CE,0.0,0.0,0.0,445.75,0.0,445.75,4980.35,505.8,0,0,0,0.0,0,F1,150,,,,,
2026-02-18,2026-02-18,FO,NSE,STO,125291,,INDIGO,,2026-04-28,2026-04-28,4400.0,CE,INDIGO26APR4400CE,0.0,0.0,0.0,571.35,0.0,571.35,4980.35,664.7,0,0,0,0.0,0,F1,150,,,,,
2026-02-18,2026-02-18,FO,NSE,STO,124997,,INDIGO,,2026-03-30,2026-03-30,5650.0,CE,INDIGO26MAR5650CE,0.0,0.0,0.0,45.0,0.0,45.0,4980.35,22.65,0,0,0,0.0,0,F1,150,,,,,
2026-02-18,2026-02-18,FO,NSE,STO,124993,,INDIGO,,2026-03-30,2026-03-30,5450.0,CE,INDIGO26MAR5450CE,0.0,0.0,0.0,72.6,0.0,72.6,4980.35,47.95,0,0,0,0.0,0,F1,150,,,,,
2026-02-18,2026-02-18,FO,NSE,STO,114029,,INDIGO,,2026-03-30,2026-03-30,4700.0,CE,INDIGO26MAR4700CE,373.5,373.5,350.0,361.1,361.1,330.0,4980.35,361.1,2550,2100,16,12128827.5,11,F1,150,,,,,
2026-02-18,2026-02-18,FO,NSE,STO,114012,,INDIGO,,2026-03-30,2026-03-30,4200.0,CE,INDIGO26MAR4200CE,0.0,0.0,0.0,926.15,0.0,926.15,4980.35,810.25,0,0,0,0.0,0,F1,150,,,,,
2026-02-18,2026-02-18,FO,NSE,STO,104369,,INDIGO,,2026-02-24,2026-02-24,5000.0,CE,INDIGO26FEB5000CE,62.4,69.3,41.45,44.7,42.5,62.35,4980.35,44.7,414600,-54450,3761,2851096252.5,2875,F1,150,,,,,
2026-02-18,2026-02-18,FO,NSE,STO,113790,,INDIGO,,2026-02-24,2026-02-24,4250.0,CE,INDIGO26FEB4250CE,0.0,0.0,0.0,654.05,654.05,654.05,4980.35,734.2,0,0,0,0.0,0,F1,150,,,,,
2026-02-18,2026-02-18,FO,NSE,STO,125332,,INDIGO,,2026-04-28,2026-04-28,4900.0,PE,INDIGO26APR4900PE,0.0,0.0,0.0,350.2,0.0,350.2,4980.35,179.15,0,0,0,0.0,0,F1,150,,,,,
2026-02-18,2026-02-18,FO,NSE,STO,114044,,INDIGO,,2026-03-30,2026-03-30,5300.0,PE,INDIGO26MAR5300PE,330.0,341.0,322.0,337.5,337.5,351.2,4980.35,337.5,4950,3450,32,27022237.5,23,F1,150,,,,,
2026-02-18,2026-02-18,FO,NSE,STO,114026,,INDIGO,,2026-03-30,2026-03-30,4500.0,PE,INDIGO26MAR4500PE,29.0,29.0,22.75,23.05,23.3,29.25,4980.35,23.05,26100,7950,131,88926382.5,95,F1,150,,,,,
2026-02-18,2026-02-18,FO,NSE,STO,104368,,INDIGO,,2026-02-24,2026-02-24,4900.0,PE,INDIGO26FEB4900PE,36.0,36.0,22.2,23.6,25.3,35.35,4980.35,23.6,190350,-21450,1297,958437712.5,1102,F1,150,,,,,
2026-02-18,2026-02-18,FO,NSE,STO,113789,,INDIGO,,2026-02-24,2026-02-24,4150.0,PE,INDIGO26FEB4150PE,0.0,0.0,0.0,16.65,0.0,16.65,4980.35,0.05,0,0,0,0.0,0,F1,150,,,,,
2026-02-18,2026-02-18,FO,NSE,STO,114008,,INDIGO,,2026-03-30,2026-03-30,4100.0,CE,INDIGO26MAR4100CE,0.0,0.0,0.0,1012.3,0.0,1012.3,4980.35,907.3,0,0,0,0.0,0,F1,150,,,,,
2026-02-18,2026-02-18,FO,NSE,STO,104395,,INDIGO,,2026-02-24,2026-02-24,6100.0,CE,INDIGO26FEB6100CE,0.6,1.35,0.6,1.35,1.35,0.65,4980.35,0.05,19950,0,4,3660630.0,4,F1,150,,,,,
2026-02-18,2026-02-18,FO,NSE,STO,113906,,INDIGO,,2026-02-24,2026-02-24,5650.0,CE,INDIGO26FEB5650CE,0.0,0.0,0.0,78.45,0.0,78.45,4980.35,0.05,0,0,0,0.0,0,F1,150,,,,,
2026-02-18,2026-02-18,FO,NSE,STO,113835,,INDIGO,,2026-02-24,2026-02-24,4650.0,CE,INDIGO26FEB4650CE,350.0,350.0,332.45,332.45,332.45,337.4,4980.35,336.3,76650,0,4,2994255.0,4,F1,150,,,,,
2026-02-18,2026-02-18,FO,NSE,STO,114030,,INDIGO,,2026-03-30,2026-03-30,4700.0,PE,INDIGO26MAR4700PE,48.9,49.2,46.55,47.05,47.1,57.3,4980.35,47.05,13200,4050,46,32758522.5,21,F1,150,,,,,
2026-02-18,2026-02-18,FO,NSE,STO,114036,,INDIGO,,2026-03-30,2026-03-30,5000.0,PE,INDIGO26MAR5000PE,144.15,149.95,132.9,140.55,143.0,150.55,4980.35,140.55,31050,4800,141,108711787.5,123,F1,150,,,,,
2026-02-18,2026-02-18,FO,NSE,STO,114034,,INDIGO,,2026-03-30,2026-03-30,4900.0,PE,INDIGO26MAR4900PE,107.5,107.5,95.0,98.45,98.7,107.5,4980.35,98.45,21300,3150,71,53254815.0,55,F1,150,,,,,
2026-02-18,2026-02-18,FO,NSE,STO,104386,,INDIGO,,2026-02-24,2026-02-24,5800.0,PE,INDIGO26FEB5800PE,0.0,0.0,0.0,827.85,827.85,827.85,4980.35,814.4,3600,0,0,0.0,0,F1,150,,,,,
2026-02-18,2026-02-18,FO,NSE,STO,114028,,INDIGO,,2026-03-30,2026-03-30,4600.0,PE,INDIGO26MAR4600PE,39.0,42.0,31.7,32.65,32.55,42.0,4980.35,32.65,25050,10500,131,91060710.0,97,F1,150,,,,,
2026-02-18,2026-02-18,FO,NSE,STO,125324,,INDIGO,,2026-04-28,2026-04-28,4700.0,PE,INDIGO26APR4700PE,0.0,0.0,0.0,249.35,0.0,249.35,4980.35,105.45,0,0,0,0.0,0,F1,150,,,,,
2026-02-18,2026-02-18,FO,NSE,STO,124986,,INDIGO,,2026-03-30,2026-03-30,5250.0,PE,INDIGO26MAR5250PE,0.0,0.0,0.0,539.65,0.0,539.65,4980.35,331.25,0,0,0,0.0,0,F1,150,,,,,
2026-02-18,2026-02-18,FO,NSE,STO,114032,,INDIGO,,2026-03-30,2026-03-30,4800.0,PE,INDIGO26MAR4800PE,71.05,73.2,65.9,68.05,69.0,77.0,4980.35,68.05,17850,3300,55,40174185.0,52,F1,150,,,,,
2026-02-18,2026-02-18,FO,NSE,STO,114020,,INDIGO,,2026-03-30,2026-03-30,4300.0,PE,INDIGO26MAR4300PE,16.1,16.2,11.55,13.2,13.2,17.0,4980.35,13.2,5250,2100,41,26529090.0,35,F1,150,,,,,
2026-02-18,2026-02-18,FO,NSE,STO,104378,,INDIGO,,2026-02-24,2026-02-24,5400.0,PE,INDIGO26FEB5400PE,400.05,430.0,400.0,430.0,430.0,443.25,4980.35,415.6,14700,-750,10,8718562.5,8,F1,150,,,,,
2026-02-18,2026-02-18,FO,NSE,STO,104359,,INDIGO,,2026-02-24,2026-02-24,4500.0,CE,INDIGO26FEB4500CE,479.0,483.35,478.05,483.35,483.35,465.25,4980.35,483.35,38700,-900,10,7470697.5,7,F1,150,,,,,
2026-02-18,2026-02-18,FO,NSE,STO,113788,,INDIGO,,2026-02-24,2026-02-24,4150.0,CE,INDIGO26FEB4150CE,0.0,0.0,0.0,923.0,0.0,923.0,4980.35,834.1,0,0,0,0.0,0,F1,150,,,,,
2026-02-18,2026-02-18,FO,NSE,STO,104349,,INDIGO,,2026-02-24,2026-02-24,4100.0,CE,INDIGO26FEB4100CE,0.0,0.0,0.0,1740.05,0.0,1740.05,4980.35,884.05,0,0,0,0.0,0,F1,150,,,,,
2026-02-18,2026-02-18,FO,NSE,STO,125335,,INDIGO,,2026-04-28,2026-04-28,5100.0,CE,INDIGO26APR5100CE,0.0,0.0,0.0,216.95,0.0,216.95,4980.35,211.8,0,0,0,0.0,0,F1,150,,,,,
2026-02-18,2026-02-18,FO,NSE,STO,114041,,INDIGO,,2026-03-30,2026-03-30,5300.0,CE,INDIGO26MAR5300CE,62.4,62.4,48.0,49.05,49.0,59.4,4980.35,49.05,21900,9750,116,93150322.5,100,F1,150,,,,,
2026-02-18,2026-02-18,FO,NSE,STO,124954,,INDIGO,,2026-03-30,2026-03-30,4450.0,CE,INDIGO26MAR4450CE,0.0,0.0,0.0,477.25,0.0,477.25,4980.35,577.9,0,0,0,0.0,0,F1,150,,,,,
2026-02-18,2026-02-18,FO,NSE,STO,104377,,INDIGO,,2026-02-24,2026-02-24,5400.0,CE,INDIGO26FEB5400CE,2.5,2.5,1.15,1.75,1.85,2.55,4980.35,1.75,76650,-25200,391,316806435.0,259,F1,150,,,,,
2026-02-18,2026-02-18,FO,NSE,STO,113865,,INDIGO,,2026-02-24,2026-02-24,4750.0,CE,INDIGO26FEB4750CE,244.0,244.0,231.75,231.75,231.75,244.9,4980.35,241.9,334650,-150,2,1496362.5,2,F1,150,,,,,
2026-02-18,2026-02-18,FO,NSE,STO,125334,,INDIGO,,2026-04-28,2026-04-28,5000.0,PE,INDIGO26APR5000PE,0.0,0.0,0.0,407.75,0.0,407.75,4980.35,225.7,0,0,0,0.0,0,F1,150,,,,,
2026-02-18,2026-02-18,FO,NSE,STO,124967,,INDIGO,,2026-03-30,2026-03-30,4850.0,PE,INDIGO26MAR4850PE,0.0,0.0,0.0,100.1,100.1,100.1,4980.35,112.75,450,0,0,0.0,0,F1,150,,,,,
2026-02-18,2026-02-18,FO,NSE,STF,59372,,INDIGO,,2026-02-24,2026-02-24,,,INDIGO26FEBFUT,4992.0,5004.1,4968.0,4978.5,4976.5,4985.4,4980.35,4978.5,8080350,-693450,7534,5637484590.0,4623,F1,150,,,,,
2026-02-18,2026-02-18,FO,NSE,STO,113797,,INDIGO,,2026-02-24,2026-02-24,4550.0,CE,INDIGO26FEB4550CE,458.0,458.0,442.4,442.4,442.4,480.15,4980.35,434.75,5850,-300,3,2251260.0,3,F1,150,,,,,
2026-02-18,2026-02-18,FO,NSE,STO,104361,,INDIGO,,2026-02-24,2026-02-24,4600.0,CE,INDIGO26FEB4600CE,395.25,400.75,376.45,379.5,376.45,392.85,4980.35,379.5,78750,0,25,18712207.5,12,F1,150,,,,,
2026-02-18,2026-02-18,FO,NSE,STO,113868,,INDIGO,,2026-02-24,2026-02-24,4850.0,CE,INDIGO26FEB4850CE,160.65,167.1,139.45,139.45,139.45,160.65,4980.35,139.45,47550,-1500,51,38306010.0,46,F1,150,,,,,
2026-02-18,2026-02-18,FO,NSE,STO,104373,,INDIGO,,2026-02-24,2026-02-24,5200.0,CE,INDIGO26FEB5200CE,10.3,11.85,5.0,5.45,5.35,10.65,4980.35,5.45,166200,-30600,973,760081087.5,766,F1,150,,,,,
2026-02-18,2026-02-18,FO,NSE,STO,113995,,INDIGO,,2026-03-30,2026-03-30,4000.0,CE,INDIGO26MAR4000CE,0.0,0.0,0.0,1101.2,0.0,1101.2,4980.35,1005.45,0,0,0,0.0,0,F1,150,,,,,
2026-02-18,2026-02-18,FO,NSE,STO,114023,,INDIGO,,2026-03-30,2026-03-30,4500.0,CE,INDIGO26MAR4500CE,522.0,522.0,522.0,522.0,522.0,526.5,4980.35,534.2,7950,750,5,3766500.0,1,F1,150,,,,,
2026-02-18,2026-02-18,FO,NSE,STO,124958,,INDIGO,,2026-03-30,2026-03-30,4650.0,CE,INDIGO26MAR4650CE,0.0,0.0,0.0,351.65,0.0,351.65,4980.35,411.45,0,0,0,0.0,0,F1,150,,,,,
2026-02-18,2026-02-18,FO,NSE,STO,114033,,INDIGO,,2026-03-30,2026-03-30,4900.0,CE,INDIGO26MAR4900CE,230.05,230.05,204.3,212.55,204.3,190.35,4980.35,212.55,14700,900,11,8445225.0,7,F1,150,,,,,
2026-02-18,2026-02-18,FO,NSE,STO,125279,,INDIGO,,2026-04-28,2026-04-28,3800.0,CE,INDIGO26APR3800CE,0.0,0.0,0.0,1050.95,0.0,1050.95,4980.35,1221.55,0,0,0,0.0,0,F1,150,,,,,
2026-02-18,2026-02-18,FO,NSE,STO,125395,,INDIGO,,2026-04-28,2026-04-28,5800.0,CE,INDIGO26APR5800CE,0.0,0.0,0.0,63.65,0.0,63.65,4980.35,39.35,0,0,0,0.0,0,F1,150,,,,,
2026-02-18,2026-02-18,FO,NSE,STO,113798,,INDIGO,,2026-02-24,2026-02-24,4550.0,PE,INDIGO26FEB4550PE,3.95,5.5,3.15,3.3,3.25,5.95,4980.35,3.3,22500,-2250,74,50549632.5,61,F1,150,,,,,
2026-02-18,2026-02-18,FO,NSE,STO,113867,,INDIGO,,2026-02-24,2026-02-24,4750.0,PE,INDIGO26FEB4750PE,10.4,10.4,6.0,6.4,6.25,11.8,4980.35,6.4,132750,1350,280,199827645.0,273,F1,150,,,,,
2026-02-18,2026-02-18,FO,NSE,STO,104366,,INDIGO,,2026-02-24,2026-02-24,4800.0,PE,INDIGO26FEB4800PE,15.75,15.75,8.65,9.05,9.55,15.85,4980.35,9.05,182700,-6750,747,539038267.5,672,F1,150,,,,,
2026-02-18,2026-02-18,FO,NSE,STO,113899,,INDIGO,,2026-02-24,2026-02-24,5250.0,PE,INDIGO26FEB5250PE,0.0,0.0,0.0,316.45,316.7,316.45,4980.35,271.05,1350,0,0,0.0,0,F1,150,,,,,
2026-02-18,2026-02-18,FO,NSE,STO,104384,,INDIGO,,2026-02-24,2026-02-24,5700.0,PE,INDIGO26FEB5700PE,740.0,740.0,740.0,740.0,740.0,744.45,4980.35,740.0,4950,-150,1,966000.0,1,F1,150,,,,,
2026-02-18,2026-02-18,FO,NSE,STO,114005,,INDIGO,,2026-03-30,2026-03-30,4000.0,PE,INDIGO26MAR4000PE,8.7,8.7,6.5,6.65,6.65,9.0,4980.35,6.65,17100,-450,13,7813590.0,12,F1,150,,,,,
2026-02-18,2026-02-18,FO,NSE,STO,124959,,INDIGO,,2026-03-30,2026-03-30,4650.0,PE,INDIGO26MAR4650PE,0.0,0.0,0.0,184.0,0.0,184.0,4980.35,53.15,0,0,0,0.0,0,F1,150,,,,,
2026-02-18,2026-02-18,FO,NSE,STO,124994,,INDIGO,,2026-03-30,2026-03-30,5450.0,PE,INDIGO26MAR5450PE,0.0,0.0,0.0,475.0,475.0,475.0,4980.35,484.8,900,0,0,0.0,0,F1,150,,,,,
2026-02-18,2026-02-18,FO,NSE,STO,124996,,INDIGO,,2026-03-30,2026-03-30,5550.0,PE,INDIGO26MAR5550PE,540.0,542.5,538.0,542.5,542.5,780.35,4980.35,569.6,1950,1950,13,11874975.0,7,F1,150,,,,,
2026-02-18,2026-02-18,FO,NSE,STO,113792,,INDIGO,,2026-02-24,2026-02-24,4350.0,CE,INDIGO26FEB4350CE,0.0,0.0,0.0,745.2,0.0,745.2,4980.35,634.3,0,0,0,0.0,0,F1,150,,,,,
2026-02-18,2026-02-18,FO,NSE,STO,113994,,INDIGO,,2026-03-30,2026-03-30,3900.0,PE,INDIGO26MAR3900PE,0.0,0.0,0.0,10.8,10.8,10.8,4980.35,0.45,3900,0,0,0.0,0,F1,150,,,,,
2026-02-18,2026-02-18,FO,NSE,STO,124965,,INDIGO,,2026-03-30,2026-03-30,4750.0,PE,INDIGO26MAR4750PE,0.0,0.0,0.0,75.75,75.75,75.75,4980.35,79.05,300,0,0,0.0,0,F1,150,,,,,
2026-02-18,2026-02-18,FO,NSE,STO,104380,,INDIGO,,2026-02-24,2026-02-24,5500.0,PE,INDIGO26FEB5500PE,516.85,530.0,498.85,520.85,524.0,526.65,4980.35,520.85,125700,-7200,79,71287800.0,34,F1,150,,,,,
2026-02-18,2026-02-18,FO,NSE,STO,104372,,INDIGO,,2026-02-24,2026-02-24,5100.0,PE,INDIGO26FEB5100PE,132.65,145.4,122.15,138.35,143.85,140.85,4980.35,138.35,84900,-9150,222,174224385.0,146,F1,150,,,,,
2026-02-18,2026-02-18,FO,NSE,STO,104362,,INDIGO,,2026-02-24,2026-02-24,4600.0,PE,INDIGO26FEB4600PE,6.25,6.25,3.7,3.9,3.95,7.1,4980.35,3.9,179700,2700,717,495209752.5,622,F1,150,,,,,
2026-02-18,2026-02-18,FO,NSE,STO,125368,,INDIGO,,2026-04-28,2026-04-28,5600.0,CE,INDIGO26APR5600CE,0.0,0.0,0.0,92.55,0.0,92.55,4980.35,67.15,0,0,0,0.0,0,F1,150,,,,,
2026-02-18,2026-02-18,FO,NSE,STO,113794,,INDIGO,,2026-02-24,2026-02-24,4450.0,CE,INDIGO26FEB4450CE,0.0,0.0,0.0,661.65,0.0,661.65,4980.35,534.4,0,0,0,0.0,0,F1,150,,,,,
2026-02-18,2026-02-18,FO,NSE,STO,114046,,INDIGO,,2026-03-30,2026-03-30,5400.0,CE,INDIGO26MAR5400CE,38.0,38.0,32.2,33.0,32.6,38.3,4980.35,33.0,13800,4050,65,52982295.0,45,F1,150,,,,,
2026-02-18,2026-02-18,FO,NSE,STO,124952,,INDIGO,,2026-03-30,2026-03-30,4350.0,CE,INDIGO26MAR4350CE,0.0,0.0,0.0,670.3,670.3,670.3,4980.35,668.5,300,0,0,0.0,0,F1,150,,,,,
2026-02-18,2026-02-18,FO,NSE,STO,124890,,INDIGO,,2026-03-30,2026-03-30,4250.0,CE,INDIGO26MAR4250CE,0.0,0.0,0.0,625.3,0.0,625.3,4980.35,762.4,0,0,0,0.0,0,F1,150,,,,,
2026-02-18,2026-02-18,FO,NSE,STO,104385,,INDIGO,,2026-02-24,2026-02-24,5800.0,CE,INDIGO26FEB5800CE,0.6,0.6,0.35,0.35,0.35,0.95,4980.35,0.05,7350,-150,2,1740142.5,2,F1,150,,,,,
2026-02-18,2026-02-18,FO,NSE,STO,113873,,INDIGO,,2026-02-24,2026-02-24,5050.0,CE,INDIGO26FEB5050CE,41.75,47.65,25.2,26.7,25.95,41.7,4980.35,26.7,87600,-3600,918,699971505.0,834,F1,150,,,,,
2026-02-18,2026-02-18,FO,NSE,STO,104371,,INDIGO,,2026-02-24,2026-02-24,5100.0,CE,INDIGO26FEB5100CE,27.0,30.25,14.7,15.85,15.2,26.25,4980.35,15.85,174600,-17250,1733,1331064870.0,1380,F1,150,,,,,
2026-02-18,2026-02-18,FO,NSE,STO,113898,,INDIGO,,2026-02-24,2026-02-24,5250.0,CE,INDIGO26FEB5250CE,7.65,7.65,3.15,3.35,3.55,6.8,4980.35,3.35,87000,-4650,332,261663690.0,313,F1,150,,,,,
2026-02-18,2026-02-18,FO,NSE,STO,113900,,INDIGO,,2026-02-24,2026-02-24,5350.0,CE,INDIGO26FEB5350CE,2.0,2.45,1.6,1.7,1.7,3.1,4980.35,1.7,23250,750,68,54589455.0,60,F1,150,,,,,
2026-02-18,2026-02-18,FO,NSE,STO,125288,,INDIGO,,2026-04-28,2026-04-28,4200.0,PE,INDIGO26APR4200PE,0.0,0.0,0.0,82.55,0.0,82.55,4980.35,16.9,0,0,0,0.0,0,F1,150,,,,,
2026-02-18,2026-02-18,FO,NSE,STO,114054,,INDIGO,,2026-03-30,2026-03-30,5600.0,PE,INDIGO26MAR5600PE,585.0,600.0,585.0,600.0,600.0,610.0,4980.35,613.55,1350,900,6,5570250.0,4,F1,150,,,,,
2026-02-18,2026-02-18,FO,NSE,STO,125330,,INDIGO,,2026-04-28,2026-04-28,4800.0,PE,INDIGO26APR4800PE,0.0,0.0,0.0,297.35,0.0,297.35,4980.35,139.1,0,0,0,0.0,0,F1,150,,,,,
2026-02-18,2026-02-18,FO,NSE,STO,125347,,INDIGO,,2026-04-28,2026-04-28,5100.0,PE,INDIGO26APR5100PE,0.0,0.0,0.0,469.8,0.0,469.8,4980.35,278.7,0,0,0,0.0,0,F1,150,,,,,
2026-02-18,2026-02-18,FO,NSE,STO,125363,,INDIGO,,2026-04-28,2026-04-28,5300.0,PE,INDIGO26APR5300PE,0.0,0.0,0.0,606.35,0.0,606.35,4980.35,403.1,0,0,0,0.0,0,F1,150,,,,,
2026-02-18,2026-02-18,FO,NSE,STO,104354,,INDIGO,,2026-02-24,2026-02-24,4200.0,PE,INDIGO26FEB4200PE,1.5,1.6,0.65,0.95,0.85,1.9,4980.35,0.95,39450,-3600,83,52303597.5,69,F1,150,,,,,
2026-02-18,2026-02-18,FO,NSE,STO,118281,,MFSL,,2026-02-24,2026-02-24,1760.0,CE,MFSL26FEB1760CE,87.2,89.1,77.55,81.4,80.4,100.95,1836.35,81.4,24400,-3600,32,23590100.0,30,F1,400,,,,,
2026-02-18,2026-02-18,FO,NSE,STO,118273,,MFSL,,2026-02-24,2026-02-24,1600.0,CE,MFSL26FEB1600CE,238.0,245.1,237.0,237.0,237.0,260.0,1836.35,237.0,200400,-400,9,6621620.0,7,F1,400,,,,,
2026-02-18,2026-02-18,FO,NSE,STO,139639,,MFSL,,2026-02-24,2026-02-24,1420.0,CE,MFSL26FEB1420CE,0.0,0.0,0.0,330.5,330.5,330.5,1836.35,417.65,1200,0,0,0.0,0,F1,400,,,,,
2026-02-18,2026-02-18,FO,NSE,STO,142445,,MFSL,,2026-04-28,2026-04-28,1800.0,PE,MFSL26APR1800PE,0.0,0.0,0.0,224.65,0.0,224.65,1836.35,53.4,0,0,0,0.0,0,F1,400,,,,,
2026-02-18,2026-02-18,FO,NSE,STO,142069,,MFSL,,2026-03-30,2026-03-30,1660.0,PE,MFSL26MAR1660PE,0.0,0.0,0.0,12.0,12.0,12.0,1836.35,6.5,2400,0,0,0.0,0,F1,400,,,,,
2026-02-18,2026-02-18,FO,NSE,STO,139643,,MFSL,,2026-02-24,2026-02-24,1500.0,CE,MFSL26FEB1500CE,0.0,0.0,0.0,345.9,345.9,345.9,1836.35,337.7,1600,0,0,0.0,0,F1,400,,,,,
2026-02-18,2026-02-18,FO,NSE,STO,118271,,MFSL,,2026-02-24,2026-02-24,1560.0,CE,MFSL26FEB1560CE,0.0,0.0,0.0,275.5,275.5,275.5,1836.35,277.75,7200,0,0,0.0,0,F1,400,,,,,
2026-02-18,2026-02-18,FO,NSE,STO,139647,,MFSL,,2026-02-24,2026-02-24,1580.0,CE,MFSL26FEB1580CE,0.0,0.0,0.0,153.4,153.4,153.4,1836.35,257.8,6000,0,0,0.0,0,F1,400,,,,,
2026-02-18,2026-02-18,FO,NSE,STO,118287,,MFSL,,2026-02-24,2026-02-24,1880.0,CE,MFSL26FEB1880CE,10.05,12.1,5.65,6.6,6.1,15.95,1836.35,6.6,64400,1200,243,183511200.0,223,F1,400,,,,,
2026-02-18,2026-02-18,FO,NSE,STO,139715,,MFSL,,2026-03-30,2026-03-30,1640.0,CE,MFSL26MAR1640CE,0.0,0.0,0.0,104.7,0.0,104.7,1836.35,210.85,0,0,0,0.0,0,F1,400,,,,,
2026-02-18,2026-02-18,FO,NSE,STO,142080,,MFSL,,2026-03-30,2026-03-30,1900.0,CE,MFSL26MAR1900CE,35.05,38.0,32.0,34.75,32.0,46.0,1836.35,34.75,18800,4400,51,39502240.0,50,F1,400,,,,,
2026-02-18,2026-02-18,FO,NSE,STO,142348,,MFSL,,2026-03-30,2026-03-30,2020.0,CE,MFSL26MAR2020CE,10.0,10.0,10.0,10.0,10.0,12.65,1836.35,10.0,800,0,1,812000.0,1,F1,400,,,,,
2026-02-18,2026-02-18,FO,NSE,STO,139737,,MFSL,,2026-03-30,2026-03-30,2080.0,CE,MFSL26MAR2080CE,7.2,7.2,5.55,5.6,5.6,8.85,1836.35,5.6,33600,800,8,6674980.0,8,F1,400,,,,,
2026-02-18,2026-02-18,FO,NSE,STO,142430,,MFSL,,2026-04-28,2026-04-28,1520.0,CE,MFSL26APR1520CE,0.0,0.0,0.0,134.45,0.0,134.45,1836.35,334.35,0,0,0,0.0,0,F1,400,,,,,
2026-02-18,2026-02-18,FO,NSE,STO,142432,,MFSL,,2026-04-28,2026-04-28,1560.0,CE,MFSL26APR1560CE,0.0,0.0,0.0,111.7,0.0,111.7,1836.35,296.65,0,0,0,0.0,0,F1,400,,,,,
2026-02-18,2026-02-18,FO,NSE,STO,139662,,MFSL,,2026-02-24,2026-02-24,1860.0,PE,MFSL26FEB1860PE,29.0,42.0,24.4,33.3,38.2,26.75,1836.35,33.3,39200,-91600,588,445784320.0,404,F1,400,,,,,
2026-02-18,2026-02-18,FO,NSE,STO,139664,,MFSL,,2026-02-24,2026-02-24,1900.0,PE,MFSL26FEB1900PE,60.0,70.95,48.9,65.3,70.0,52.4,1836.35,65.3,8000,1200,31,24344320.0,30,F1,400,,,,,
2026-02-18,2026-02-18,FO,NSE,STO,139704,,MFSL,,2026-03-30,2026-03-30,1400.0,PE,MFSL26MAR1400PE,0.0,0.0,0.0,13.55,0.0,13.55,1836.35,0.05,0,0,0,0.0,0,F1,400,,,,,
2026-02-18,2026-02-18,FO,NSE,STO,139720,,MFSL,,2026-03-30,2026-03-30,1720.0,PE,MFSL26MAR1720PE,0.0,0.0,0.0,23.3,23.3,23.3,1836.35,15.45,3600,0,0,0.0,0,F1,400,,,,,
2026-02-18,2026-02-18,FO,NSE,STO,139729,,MFSL,,2026-03-30,2026-03-30,1920.0,CE,MFSL26MAR1920CE,0.0,0.0,0.0,39.7,39.7,39.7,1836.35,31.9,1200,0,0,0.0,0,F1,400,,,,,
2026-02-18,2026-02-18,FO,NSE,STO,139733,,MFSL,,2026-03-30,2026-03-30,2000.0,CE,MFSL26MAR2000CE,16.05,16.05,11.85,12.3,12.45,16.5,1836.35,12.3,32400,0,44,35427560.0,39,F1,400,,,,,
2026-02-18,2026-02-18,FO,NSE,STO,139735,,MFSL,,2026-03-30,2026-03-30,2040.0,CE,MFSL26MAR2040CE,0.0,0.0,0.0,15.2,15.2,15.2,1836.35,8.75,800,0,0,0.0,0,F1,400,,,,,
2026-02-18,2026-02-18,FO,NSE,STO,142440,,MFSL,,2026-04-28,2026-04-28,1720.0,CE,MFSL26APR1720CE,0.0,0.0,0.0,47.35,0.0,47.35,1836.35,161.25,0,0,0,0.0,0,F1,400,,,,,
2026-02-18,2026-02-18,FO,NSE,STO,142448,,MFSL,,2026-04-28,2026-04-28,1880.0,CE,MFSL26APR1880CE,0.0,0.0,0.0,16.85,0.0,16.85,1836.35,68.05,0,0,0,0.0,0,F1,400,,,,,
2026-02-18,2026-02-18,FO,NSE,STO,139654,,MFSL,,2026-02-24,2026-02-24,1700.0,PE,MFSL26FEB1700PE,2.1,2.55,1.1,1.3,1.45,2.1,1836.35,1.3,316400,-98800,906,616705680.0,629,F1,400,,,,,
2026-02-18,2026-02-18,FO,NSE,STO,118280,,MFSL,,2026-02-24,2026-02-24,1720.0,PE,MFSL26FEB1720PE,2.2,2.3,1.3,1.45,1.5,2.25,1836.35,1.45,31600,-11600,175,120523260.0,164,F1,400,,,,,
2026-02-18,2026-02-18,FO,NSE,STO,139656,,MFSL,,2026-02-24,2026-02-24,1740.0,PE,MFSL26FEB1740PE,2.9,3.5,1.5,1.8,1.95,2.6,1836.35,1.8,137200,-5600,403,280850960.0,383,F1,400,,,,,
2026-02-18,2026-02-18,FO,NSE,STO,139666,,MFSL,,2026-02-24,2026-02-24,1940.0,PE,MFSL26FEB1940PE,0.0,0.0,0.0,295.25,0.0,295.25,1836.35,103.0,0,0,0,0.0,0,F1,400,,,,,
2026-02-18,2026-02-18,FO,NSE,STO,139668,,MFSL,,2026-02-24,2026-02-24,1980.0,PE,MFSL26FEB1980PE,0.0,0.0,0.0,144.0,144.0,144.0,1836.35,142.05,400,0,0,0.0,0,F1,400,,,,,
2026-02-18,2026-02-18,FO,NSE,STO,139672,,MFSL,,2026-02-24,2026-02-24,2060.0,PE,MFSL26FEB2060PE,0.0,0.0,0.0,408.8,0.0,408.8,1836.35,221.8,0,0,0,0.0,0,F1,400,,,,,
2026-02-18,2026-02-18,FO,NSE,STO,139702,,MFSL,,2026-03-30,2026-03-30,1360.0,PE,MFSL26MAR1360PE,0.0,0.0,0.0,8.85,0.0,8.85,1836.35,0.05,0,0,0,0.0,0,F1,400,,,,,
2026-02-18,2026-02-18,FO,NSE,STO,139728,,MFSL,,2026-03-30,2026-03-30,1880.0,PE,MFSL26MAR1880PE,79.2,79.2,79.2,79.2,79.2,245.75,1836.35,79.2,400,400,1,783680.0,1,F1,400,,,,,
2026-02-18,2026-02-18,FO,NSE,STO,139732,,MFSL,,2026-03-30,2026-03-30,1960.0,PE,MFSL26MAR1960PE,0.0,0.0,0.0,313.25,0.0,313.25,1836.35,133.35,0,0,0,0.0,0,F1,400,,,,,
2026-02-18,2026-02-18,FO,NSE,STO,142435,,MFSL,,2026-04-28,2026-04-28,1600.0,PE,MFSL26APR1600PE,0.0,0.0,0.0,90.6,0.0,90.6,1836.35,7.15,0,0,0,0.0,0,F1,400,,,,,
2026-02-18,2026-02-18,FO,NSE,STO,139659,,MFSL,,2026-02-24,2026-02-24,1820.0,CE,MFSL26FEB1820CE,41.95,41.95,25.75,29.8,25.75,48.75,1836.35,29.8,47200,-13200,113,83731180.0,92,F1,400,,,,,
2026-02-18,2026-02-18,FO,NSE,STO,139719,,MFSL,,2026-03-30,2026-03-30,1720.0,CE,MFSL26MAR1720CE,0.0,0.0,0.0,33.7,33.7,33.7,1836.35,142.1,2400,0,0,0.0,0,F1,400,,,,,
2026-02-18,2026-02-18,FO,NSE,STO,139721,,MFSL,,2026-03-30,2026-03-30,1760.0,CE,MFSL26MAR1760CE,0.0,0.0,0.0,102.3,102.3,102.3,1836.35,112.15,2400,0,0,0.0,0,F1,400,,,,,
2026-02-18,2026-02-18,FO,NSE,STO,139718,,MFSL,,2026-03-30,2026-03-30,1680.0,PE,MFSL26MAR1680PE,0.0,0.0,0.0,106.95,0.0,106.95,1836.35,8.8,0,0,0,0.0,0,F1,400,,,,,
2026-02-18,2026-02-18,FO,NSE,STO,142431,,MFSL,,2026-04-28,2026-04-28,1520.0,PE,MFSL26APR1520PE,0.0,0.0,0.0,54.6,0.0,54.6,1836.35,2.25,0,0,0,0.0,0,F1,400,,,,,
2026-02-18,2026-02-18,FO,NSE,STO,142449,,MFSL,,2026-04-28,2026-04-28,1880.0,PE,MFSL26APR1880PE,0.0,0.0,0.0,291.45,0.0,291.45,1836.35,92.25,0,0,0,0.0,0,F1,400,,,,,
2026-02-18,2026-02-18,FO,NSE,STO,139727,,MFSL,,2026-03-30,2026-03-30,1880.0,CE,MFSL26MAR1880CE,0.0,0.0,0.0,28.0,0.0,28.0,1836.35,45.9,0,0,0,0.0,0,F1,400,,,,,
2026-02-18,2026-02-18,FO,NSE,STO,142434,,MFSL,,2026-04-28,2026-04-28,1600.0,CE,MFSL26APR1600CE,0.0,0.0,0.0,91.7,0.0,91.7,1836.35,260.05,0,0,0,0.0,0,F1,400,,,,,
2026-02-18,2026-02-18,FO,NSE,STO,139661,,MFSL,,2026-02-24,2026-02-24,1860.0,CE,MFSL26FEB1860CE,24.9,26.0,8.7,11.1,8.7,24.4,1836.35,11.1,151600,28400,1195,895919340.0,1021,F1,400,,,,,
2026-02-18,2026-02-18,FO,NSE,STO,142051,,MFSL,,2026-03-30,2026-03-30,1580.0,CE,MFSL26MAR1580CE,0.0,0.0,0.0,81.75,0.0,81.75,1836.35,267.35,0,0,0,0.0,0,F1,400,,,,,
2026-02-18,2026-02-18,FO,NSE,STO,142078,,MFSL,,2026-03-30,2026-03-30,1860.0,CE,MFSL26MAR1860CE,0.0,0.0,0.0,51.0,51.0,51.0,1836.35,54.35,800,0,0,0.0,0,F1,400,,,,,
2026-02-18,2026-02-18,FO,NSE,STO,142442,,MFSL,,2026-04-28,2026-04-28,1760.0,CE,MFSL26APR1760CE,0.0,0.0,0.0,37.2,0.0,37.2,1836.35,133.3,0,0,0,0.0,0,F1,400,,,,,
2026-02-18,2026-02-18,FO,NSE,STO,139658,,MFSL,,2026-02-24,2026-02-24,1780.0,PE,MFSL26FEB1780PE,4.8,7.35,2.8,3.75,4.7,4.4,1836.35,3.75,281200,-17600,600,428346480.0,410,F1,400,,,,,
2026-02-18,2026-02-18,FO,NSE,STO,142452,,MFSL,,2026-04-28,2026-04-28,1960.0,CE,MFSL26APR1960CE,0.0,0.0,0.0,9.45,0.0,9.45,1836.35,39.8,0,0,0,0.0,0,F1,400,,,,,
2026-02-18,2026-02-18,FO,NSE,STO,142070,,MFSL,,2026-03-30,2026-03-30,1700.0,CE,MFSL26MAR1700CE,0.0,0.0,0.0,167.3,167.45,167.3,1836.35,158.35,4800,0,0,0.0,0,F1,400,,,,,
2026-02-18,2026-02-18,FO,NSE,STO,142053,,MFSL,,2026-03-30,2026-03-30,1620.0,CE,MFSL26MAR1620CE,0.0,0.0,0.0,63.45,0.0,63.45,1836.35,229.4,0,0,0,0.0,0,F1,400,,,,,
2026-02-18,2026-02-18,FO,NSE,STO,142049,,MFSL,,2026-03-30,2026-03-30,1540.0,CE,MFSL26MAR1540CE,0.0,0.0,0.0,103.35,0.0,103.35,1836.35,306.25,0,0,0,0.0,0,F1,400,,,,,
2026-02-18,2026-02-18,FO,NSE,STO,139669,,MFSL,,2026-02-24,2026-02-24,2020.0,CE,MFSL26FEB2020CE,0.0,0.0,0.0,1.55,1.55,1.55,1836.35,0.05,31200,0,0,0.0,0,F1,400,,,,,
2026-02-18,2026-02-18,FO,NSE,STO,118293,,MFSL,,2026-02-24,2026-02-24,1960.0,CE,MFSL26FEB1960CE,1.8,2.2,0.9,1.1,0.9,2.9,1836.35,1.1,42000,-25200,253,198505640.0,182,F1,400,,,,,
2026-02-18,2026-02-18,FO,NSE,STO,118266,,MFSL,,2026-02-24,2026-02-24,1440.0,PE,MFSL26FEB1440PE,0.0,0.0,0.0,0.15,0.15,0.15,1836.35,0.05,4400,0,0,0.0,0,F1,400,,,,,
2026-02-18,2026-02-18,FO,NSE,STO,142044,,MFSL,,2026-03-30,2026-03-30,1420.0,PE,MFSL26MAR1420PE,0.0,0.0,0.0,16.0,0.0,16.0,1836.35,0.05,0,0,0,0.0,0,F1,400,,,,,
2026-02-18,2026-02-18,FO,NSE,STO,139714,,MFSL,,2026-03-30,2026-03-30,1600.0,PE,MFSL26MAR1600PE,0.0,0.0,0.0,5.5,5.5,5.5,1836.35,2.25,7200,0,0,0.0,0,F1,400,,,,,
2026-02-18,2026-02-18,FO,NSE,STO,142457,,MFSL,,2026-04-28,2026-04-28,2040.0,PE,MFSL26APR2040PE,0.0,0.0,0.0,437.3,0.0,437.3,1836.35,204.25,0,0,0,0.0,0,F1,400,,,,,
2026-02-18,2026-02-18,FO,NSE,STO,139648,,MFSL,,2026-02-24,2026-02-24,1580.0,PE,MFSL26FEB1580PE,0.2,0.9,0.2,0.85,0.85,1.1,1836.35,0.05,15200,-4800,26,16439880.0,13,F1,400,,,,,
2026-02-18,2026-02-18,FO,NSE,STO,142458,,MFSL,,2026-04-28,2026-04-28,2080.0,CE,MFSL26APR2080CE,0.0,0.0,0.0,3.7,0.0,3.7,1836.35,15.6,0,0,0,0.0,0,F1,400,,,,,
2026-02-18,2026-02-18,FO,NSE,STO,142076,,MFSL,,2026-03-30,2026-03-30,1820.0,CE,MFSL26MAR1820CE,0.0,0.0,0.0,27.1,27.1,27.1,1836.35,74.35,800,0,0,0.0,0,F1,400,,,,,
2026-02-18,2026-02-18,FO,NSE,STO,118282,,MFSL,,2026-02-24,2026-02-24,1760.0,PE,MFSL26FEB1760PE,3.35,4.65,2.0,2.35,2.85,3.15,1836.35,2.35,102800,-14400,330,232729820.0,290,F1,400,,,,,
2026-02-18,2026-02-18,FO,NSE,STO,139708,,MFSL,,2026-03-30,2026-03-30,1480.0,PE,MFSL26MAR1480PE,0.0,0.0,0.0,28.35,0.0,28.35,1836.35,0.15,0,0,0,0.0,0,F1,400,,,,,
2026-02-18,2026-02-18,FO,NSE,STO,139710,,MFSL,,2026-03-30,2026-03-30,1520.0,PE,MFSL26MAR1520PE,0.0,0.0,0.0,5.25,5.25,5.25,1836.35,0.4,1200,0,0,0.0,0,F1,400,,,,,
2026-02-18,2026-02-18,FO,NSE,STO,139716,,MFSL,,2026-03-30,2026-03-30,1640.0,PE,MFSL26MAR1640PE,0.0,0.0,0.0,86.0,0.0,86.0,1836.35,4.65,0,0,0,0.0,0,F1,400,,,,,
2026-02-18,2026-02-18,FO,NSE,STO,142429,,MFSL,,2026-04-28,2026-04-28,1480.0,PE,MFSL26APR1480PE,0.0,0.0,0.0,40.7,0.0,40.7,1836.35,1.15,0,0,0,0.0,0,F1,400,,,,,
2026-02-18,2026-02-18,FO,NSE,STO,139671,,MFSL,,2026-02-24,2026-02-24,2060.0,CE,MFSL26FEB2060CE,0.0,0.0,0.0,2.25,0.0,2.25,1836.35,0.05,0,0,0,0.0,0,F1,400,,,,,
2026-02-18,2026-02-18,FO,NSE,STO,118295,,MFSL,,2026-02-24,2026-02-24,2000.0,CE,MFSL26FEB2000CE,1.4,1.7,0.7,0.75,0.8,1.7,1836.35,0.75,136800,11600,228,182492920.0,172,F1,400,,,,,
2026-02-18,2026-02-18,FO,NSE,STO,118267,,MFSL,,2026-02-24,2026-02-24,1480.0,CE,MFSL26FEB1480CE,0.0,0.0,0.0,354.95,354.95,354.95,1836.35,357.7,1200,0,0,0.0,0,F1,400,,,,,
2026-02-18,2026-02-18,FO,NSE,STO,139641,,MFSL,,2026-02-24,2026-02-24,1460.0,CE,MFSL26FEB1460CE,0.0,0.0,0.0,306.5,306.5,306.5,1836.35,377.65,1200,0,0,0.0,0,F1,400,,,,,
2026-02-18,2026-02-18,FO,NSE,STO,139709,,MFSL,,2026-03-30,2026-03-30,1520.0,CE,MFSL26MAR1520CE,0.0,0.0,0.0,175.9,0.0,175.9,1836.35,325.9,0,0,0,0.0,0,F1,400,,,,,
2026-02-18,2026-02-18,FO,NSE,STO,139660,,MFSL,,2026-02-24,2026-02-24,1820.0,PE,MFSL26FEB1820PE,15.7,19.2,9.6,12.85,15.0,11.15,1836.35,12.85,61600,8400,455,333695920.0,393,F1,400,,,,,
2026-02-18,2026-02-18,FO,NSE,STO,118274,,MFSL,,2026-02-24,2026-02-24,1600.0,PE,MFSL26FEB1600PE,1.0,1.2,0.65,0.8,0.7,1.15,1836.35,0.8,153200,-3200,209,133834460.0,188,F1,400,,,,,
2026-02-18,2026-02-18,FO,NSE,STO,139644,,MFSL,,2026-02-24,2026-02-24,1500.0,PE,MFSL26FEB1500PE,0.4,0.45,0.4,0.45,0.45,0.65,1836.35,0.05,20000,-800,4,2400700.0,4,F1,400,,,,,
2026-02-18,2026-02-18,FO,NSE,STO,118264,,MFSL,,2026-02-24,2026-02-24,1400.0,PE,MFSL26FEB1400PE,0.0,0.0,0.0,0.1,0.1,0.1,1836.35,0.05,24000,0,0,0.0,0,F1,400,,,,,
2026-02-18,2026-02-18,FO,NSE,STO,142426,,MFSL,,2026-04-28,2026-04-28,1440.0,CE,MFSL26APR1440CE,0.0,0.0,0.0,188.15,0.0,188.15,1836.35,411.8,0,0,0,0.0,0,F1,400,,,,,
2026-02-18,2026-02-18,FO,NSE,STO,139703,,MFSL,,2026-03-30,2026-03-30,1400.0,CE,MFSL26MAR1400CE,0.0,0.0,0.0,268.65,0.0,268.65,1836.35,444.8,0,0,0,0.0,0,F1,400,,,,,
2026-02-18,2026-02-18,FO,NSE,STO,139663,,MFSL,,2026-02-24,2026-02-24,1900.0,CE,MFSL26FEB1900CE,7.0,11.05,2.85,3.65,2.9,10.35,1836.35,3.65,120800,-1600,791,602809820.0,635,F1,400,,,,,
2026-02-18,2026-02-18,FO,NSE,STF,51979,,MFSL,,2026-03-30,2026-03-30,,,MFSL26MARFUT,1861.2,1861.2,1839.0,1849.1,1840.0,1865.6,1836.35,1849.1,602800,460800,1641,1214853400.0,1558,F1,400,,,,,
2026-02-18,2026-02-18,FO,NSE,STO,139706,,MFSL,,2026-03-30,2026-03-30,1440.0,PE,MFSL26MAR1440PE,0.0,0.0,0.0,6.8,6.2,6.8,1836.35,0.05,800,0,0,0.0,0,F1,400,,,,,
2026-02-18,2026-02-18,FO,NSE,STO,139736,,MFSL,,2026-03-30,2026-03-30,2040.0,PE,MFSL26MAR2040PE,0.0,0.0,0.0,385.0,0.0,385.0,1836.35,200.15,0,0,0,0.0,0,F1,400,,,,,
2026-02-18,2026-02-18,FO,NSE,STO,142075,,MFSL,,2026-03-30,2026-03-30,1780.0,PE,MFSL26MAR1780PE,30.15,30.15,30.15,30.15,30.15,63.15,1836.35,30.15,800,0,2,1448120.0,2,F1,400,,,,,
2026-02-18,2026-02-18,FO,NSE,STO,139722,,MFSL,,2026-03-30,2026-03-30,1760.0,PE,MFSL26MAR1760PE,27.85,27.9,19.8,24.0,24.0,22.35,1836.35,24.0,22800,-1200,7,4998840.0,7,F1,400,,,,,
2026-02-18,2026-02-18,FO,NSE,STO,118328,,MFSL,,2026-02-24,2026-02-24,2080.0,PE,MFSL26FEB2080PE,0.0,0.0,0.0,365.8,0.0,365.8,1836.35,241.75,0,0,0,0.0,0,F1,400,,,,,
2026-02-18,2026-02-18,FO,NSE,STO,142454,,MFSL,,2026-04-28,2026-04-28,2000.0,CE,MFSL26APR2000CE,0.0,0.0,0.0,7.0,0.0,7.0,1836.35,29.65,0,0,0,0.0,0,F1,400,,,,,
2026-02-18,2026-02-18,FO,NSE,STO,118262,,MFSL,,2026-02-24,2026-02-24,1360.0,PE,MFSL26FEB1360PE,0.0,0.0,0.0,6.0,0.0,6.0,1836.35,0.05,0,0,0,0.0,0,F1,400,,,,,
2026-02-18,2026-02-18,FO,NSE,STO,139640,,MFSL,,2026-02-24,2026-02-24,1420.0,PE,MFSL26FEB1420PE,0.0,0.0,0.0,8.1,0.0,8.1,1836.35,0.05,0,0,0,0.0,0,F1,400,,,,,
2026-02-18,2026-02-18,FO,NSE,STO,118290,,MFSL,,2026-02-24,2026-02-24,1880.0,PE,MFSL26FEB1880PE,39.0,54.35,39.0,48.05,51.85,38.05,1836.35,48.05,15200,-13200,58,44749680.0,55,F1,400,,,,,
2026-02-18,2026-02-18,FO,NSE,STO,118292,,MFSL,,2026-02-24,2026-02-24,1920.0,PE,MFSL26FEB1920PE,0.0,0.0,0.0,77.85,77.85,77.85,1836.35,84.25,400,0,0,0.0,0,F1,400,,,,,
2026-02-18,2026-02-18,FO,NSE,STO,142048,,MFSL,,2026-03-30,2026-03-30,1500.0,PE,MFSL26MAR1500PE,0.0,0.0,0.0,7.25,7.25,7.25,1836.35,0.25,800,0,0,0.0,0,F1,400,,,,,
2026-02-18,2026-02-18,FO,NSE,STO,142443,,MFSL,,2026-04-28,2026-04-28,1760.0,PE,MFSL26APR1760PE,0.0,0.0,0.0,193.65,0.0,193.65,1836.35,38.75,0,0,0,0.0,0,F1,400,,,,,
2026-02-18,2026-02-18,FO,NSE,STO,142459,,MFSL,,2026-04-28,2026-04-28,2080.0,PE,MFSL26APR2080PE,0.0,0.0,0.0,475.25,0.0,475.25,1836.35,237.75,0,0,0,0.0,0,F1,400,,,,,
2026-02-18,2026-02-18,FO,NSE,STO,139645,,MFSL,,2026-02-24,2026-02-24,1540.0,CE,MFSL26FEB1540CE,0.0,0.0,0.0,107.1,107.1,107.1,1836.35,297.75,3200,0,0,0.0,0,F1,400,,,,,
2026-02-18,2026-02-18,FO,NSE,STO,118261,,MFSL,,2026-02-24,2026-02-24,1360.0,CE,MFSL26FEB1360CE,0.0,0.0,0.0,488.2,488.2,488.2,1836.35,477.6,8000,0,0,0.0,0,F1,400,,,,,
2026-02-18,2026-02-18,FO,NSE,STF,59423,,MFSL,,2026-02-24,2026-02-24,,,MFSL26FEBFUT,1846.3,1862.6,1827.6,1836.4,1827.6,1858.7,1836.35,1836.4,8976000,-522000,4415,3247742160.0,4067,F1,400,,,,,
2026-02-18,2026-02-18,FO,NSE,STO,142047,,MFSL,,2026-03-30,2026-03-30,1500.0,CE,MFSL26MAR1500CE,0.0,0.0,0.0,128.3,0.0,128.3,1836.35,345.6,0,0,0,0.0,0,F1,400,,,,,
2026-02-18,2026-02-18,FO,NSE,STO,139701,,MFSL,,2026-03-30,2026-03-30,1360.0,CE,MFSL26MAR1360CE,0.0,0.0,0.0,303.4,0.0,303.4,1836.35,484.55,0,0,0,0.0,0,F1,400,,,,,
2026-02-18,2026-02-18,FO,NSE,STO,118291,,MFSL,,2026-02-24,2026-02-24,1920.0,CE,MFSL26FEB1920CE,5.0,5.05,1.9,2.25,1.9,6.5,1836.35,2.25,187600,-11200,222,170767160.0,192,F1,400,,,,,
2026-02-18,2026-02-18,FO,NSE,STO,139711,,MFSL,,2026-03-30,2026-03-30,1560.0,CE,MFSL26MAR1560CE,0.0,0.0,0.0,149.5,0.0,149.5,1836.35,286.75,0,0,0,0.0,0,F1,400,,,,,
2026-02-18,2026-02-18,FO,NSE,STO,139713,,MFSL,,2026-03-30,2026-03-30,1600.0,CE,MFSL26MAR1600CE,250.0,250.0,250.0,250.0,250.0,259.0,1836.35,250.0,8800,400,1,740000.0,1,F1,400,,,,,
2026-02-18,2026-02-18,FO,NSE,STO,139723,,MFSL,,2026-03-30,2026-03-30,1800.0,CE,MFSL26MAR1800CE,87.0,87.75,80.9,87.0,87.0,99.15,1836.35,85.95,21600,5600,34,25623980.0,33,F1,400,,,,,
2026-02-18,2026-02-18,FO,NSE,STO,142436,,MFSL,,2026-04-28,2026-04-28,1640.0,CE,MFSL26APR1640CE,0.0,0.0,0.0,74.45,0.0,74.45,1836.35,225.0,0,0,0,0.0,0,F1,400,,,,,
2026-02-18,2026-02-18,FO,NSE,STO,142438,,MFSL,,2026-04-28,2026-04-28,1680.0,CE,MFSL26APR1680CE,0.0,0.0,0.0,59.7,0.0,59.7,1836.35,191.95,0,0,0,0.0,0,F1,400,,,,,
2026-02-18,2026-02-18,FO,NSE,STO,142050,,MFSL,,2026-03-30,2026-03-30,1540.0,PE,MFSL26MAR1540PE,0.0,0.0,0.0,50.65,0.0,50.65,1836.35,0.65,0,0,0,0.0,0,F1,400,,,,,
2026-02-18,2026-02-18,FO,NSE,STO,139724,,MFSL,,2026-03-30,2026-03-30,1800.0,PE,MFSL26MAR1800PE,39.0,40.0,32.65,34.85,35.7,33.8,1836.35,34.85,27200,10800,87,63953000.0,72,F1,400,,,,,
2026-02-18,2026-02-18,FO,NSE,STO,139730,,MFSL,,2026-03-30,2026-03-30,1920.0,PE,MFSL26MAR1920PE,0.0,0.0,0.0,278.85,0.0,278.85,1836.35,104.05,0,0,0,0.0,0,F1,400,,,,,
2026-02-18,2026-02-18,FO,NSE,STO,142083,,MFSL,,2026-03-30,2026-03-30,1940.0,PE,MFSL26MAR1940PE,0.0,0.0,0.0,347.5,0.0,347.5,1836.35,118.3,0,0,0,0.0,0,F1,400,,,,,
2026-02-18,2026-02-18,FO,NSE,STO,142347,,MFSL,,2026-03-30,2026-03-30,1980.0,PE,MFSL26MAR1980PE,0.0,0.0,0.0,385.6,0.0,385.6,1836.35,149.15,0,0,0,0.0,0,F1,400,,,,,
2026-02-18,2026-02-18,FO,NSE,STO,142349,,MFSL,,2026-03-30,2026-03-30,2020.0,PE,MFSL26MAR2020PE,0.0,0.0,0.0,424.2,0.0,424.2,1836.35,182.6,0,0,0,0.0,0,F1,400,,,,,
2026-02-18,2026-02-18,FO,NSE,STO,142351,,MFSL,,2026-03-30,2026-03-30,2060.0,PE,MFSL26MAR2060PE,0.0,0.0,0.0,463.1,0.0,463.1,1836.35,218.15,0,0,0,0.0,0,F1,400,,,,,
2026-02-18,2026-02-18,FO,NSE,STO,139738,,MFSL,,2026-03-30,2026-03-30,2080.0,PE,MFSL26MAR2080PE,0.0,0.0,0.0,422.0,0.0,422.0,1836.35,236.5,0,0,0,0.0,0,F1,400,,,,,
2026-02-18,2026-02-18,FO,NSE,STO,142455,,MFSL,,2026-04-28,2026-04-28,2000.0,PE,MFSL26APR2000PE,0.0,0.0,0.0,399.75,0.0,399.75,1836.35,172.6,0,0,0,0.0,0,F1,400,,,,,
2026-02-18,2026-02-18,FO,NSE,STO,118278,,MFSL,,2026-02-24,2026-02-24,1680.0,PE,MFSL26FEB1680PE,1.6,1.7,1.0,1.0,1.0,1.65,1836.35,1.0,40400,2800,100,67250460.0,87,F1,400,,,,,
2026-02-18,2026-02-18,FO,NSE,STF,66901,,MFSL,,2026-04-28,2026-04-28,,,MFSL26APRFUT,1853.7,1857.0,1848.0,1853.3,1850.0,1868.9,1836.35,1853.3,12000,800,18,13340240.0,15,F1,400,,,,,
2026-02-18,2026-02-18,FO,NSE,STO,118277,,MFSL,,2026-02-24,2026-02-24,1680.0,CE,MFSL26FEB1680CE,164.0,164.0,164.0,164.0,164.0,161.5,1836.35,157.9,23600,0,1,737600.0,1,F1,400,,,,,
2026-02-18,2026-02-18,FO,NSE,STO,139657,,MFSL,,2026-02-24,2026-02-24,1780.0,CE,MFSL26FEB1780CE,67.0,72.7,58.05,62.9,60.4,81.85,1836.35,62.9,17600,-2400,56,41300680.0,49,F1,400,,,,,
2026-02-18,2026-02-18,FO,NSE,STO,118283,,MFSL,,2026-02-24,2026-02-24,1800.0,CE,MFSL26FEB1800CE,64.0,64.0,38.1,44.35,38.1,64.65,1836.35,44.35,119200,-8000,135,99731380.0,119,F1,400,,,,,
2026-02-18,2026-02-18,FO,NSE,STO,142055,,MFSL,,2026-03-30,2026-03-30,1660.0,CE,MFSL26MAR1660CE,0.0,0.0,0.0,57.75,57.75,57.75,1836.35,192.8,800,0,0,0.0,0,F1,400,,,,,
2026-02-18,2026-02-18,FO,NSE,STO,139717,,MFSL,,2026-03-30,2026-03-30,1680.0,CE,MFSL26MAR1680CE,0.0,0.0,0.0,46.9,46.9,46.9,1836.35,175.25,800,0,0,0.0,0,F1,400,,,,,
2026-02-18,2026-02-18,FO,NSE,STO,142072,,MFSL,,2026-03-30,2026-03-30,1740.0,CE,MFSL26MAR1740CE,127.0,127.0,127.0,127.0,127.0,28.45,1836.35,126.7,400,0,1,746800.0,1,F1,400,,,,,
2026-02-18,2026-02-18,FO,NSE,STO,142084,,MFSL,,2026-03-30,2026-03-30,1980.0,CE,MFSL26MAR1980CE,0.0,0.0,0.0,2.95,0.0,2.95,1836.35,17.4,0,0,0,0.0,0,F1,400,,,,,
2026-02-18,2026-02-18,FO,NSE,STO,142422,,MFSL,,2026-04-28,2026-04-28,1360.0,CE,MFSL26APR1360CE,0.0,0.0,0.0,251.25,0.0,251.25,1836.35,490.5,0,0,0,0.0,0,F1,400,,,,,
2026-02-18,2026-02-18,FO,NSE,STO,118272,,MFSL,,2026-02-24,2026-02-24,1560.0,PE,MFSL26FEB1560PE,0.7,1.1,0.65,0.7,0.7,0.85,1836.35,0.05,106400,-800,80,49944200.0,79,F1,400,,,,,
2026-02-18,2026-02-18,FO,NSE,STO,118284,,MFSL,,2026-02-24,2026-02-24,1800.0,PE,MFSL26FEB1800PE,8.9,12.0,5.2,6.85,8.3,7.0,1836.35,6.85,143200,-15600,696,503429660.0,542,F1,400,,,,,
2026-02-18,2026-02-18,FO,NSE,STO,139649,,MFSL,,2026-02-24,2026-02-24,1620.0,CE,MFSL26FEB1620CE,0.0,0.0,0.0,237.05,237.05,237.05,1836.35,217.8,14800,0,0,0.0,0,F1,400,,,,,
2026-02-18,2026-02-18,FO,NSE,STO,118265,,MFSL,,2026-02-24,2026-02-24,1440.0,CE,MFSL26FEB1440CE,0.0,0.0,0.0,293.5,0.0,293.5,1836.35,397.65,0,0,0,0.0,0,F1,400,,,,,
2026-02-18,2026-02-18,FO,NSE,STO,139670,,MFSL,,2026-02-24,2026-02-24,2020.0,PE,MFSL26FEB2020PE,0.0,0.0,0.0,370.35,0.0,370.35,1836.35,181.85,0,0,0,0.0,0,F1,400,,,,,
2026-02-18,2026-02-18,FO,NSE,STO,139650,,MFSL,,2026-02-24,2026-02-24,1620.0,PE,MFSL26FEB1620PE,0.7,0.95,0.7,0.75,0.75,1.1,1836.35,0.75,34800,800,43,27878700.0,27,F1,400,,,,,
2026-02-18,2026-02-18,FO,NSE,STO,142444,,MFSL,,2026-04-28,2026-04-28,1800.0,CE,MFSL26APR1800CE,0.0,0.0,0.0,28.85,0.0,28.85,1836.35,108.4,0,0,0,0.0,0,F1,400,,,,,
2026-02-18,2026-02-18,FO,NSE,STO,142046,,MFSL,,2026-03-30,2026-03-30,1460.0,PE,MFSL26MAR1460PE,0.0,0.0,0.0,24.6,0.0,24.6,1836.35,0.1,0,0,0,0.0,0,F1,400,,,,,
2026-02-18,2026-02-18,FO,NSE,STO,142054,,MFSL,,2026-03-30,2026-03-30,1620.0,PE,MFSL26MAR1620PE,8.2,8.2,8.2,8.2,8.2,8.2,1836.35,3.3,3600,400,1,651280.0,1,F1,400,,,,,
2026-02-18,2026-02-18,FO,NSE,STO,139705,,MFSL,,2026-03-30,2026-03-30,1440.0,CE,MFSL26MAR1440CE,0.0,0.0,0.0,235.65,0.0,235.65,1836.35,405.05,0,0,0,0.0,0,F1,400,,,,,
2026-02-18,2026-02-18,FO,NSE,STO,118314,,MFSL,,2026-02-24,2026-02-24,2040.0,CE,MFSL26FEB2040CE,0.0,0.0,0.0,5.2,5.2,5.2,1836.35,0.05,400,0,0,0.0,0,F1,400,,,,,
2026-02-18,2026-02-18,FO,NSE,STO,139667,,MFSL,,2026-02-24,2026-02-24,1980.0,CE,MFSL26FEB1980CE,2.5,2.5,0.9,0.9,0.9,2.15,1836.35,0.9,78400,-1200,51,40418560.0,51,F1,400,,,,,
2026-02-18,2026-02-18,FO,NSE,STO,139655,,MFSL,,2026-02-24,2026-02-24,1740.0,CE,MFSL26FEB1740CE,100.05,109.2,98.15,99.4,99.4,125.0,1836.35,99.4,47600,-1600,11,8108400.0,11,F1,400,,,,,
2026-02-18,2026-02-18,FO,NSE,STO,118279,,MFSL,,2026-02-24,2026-02-24,1720.0,CE,MFSL26FEB1720CE,125.9,127.8,116.25,124.3,124.3,140.9,1836.35,124.3,23600,-400,7,5159620.0,7,F1,400,,,,,
2026-02-18,2026-02-18,FO,NSE,STO,118285,,MFSL,,2026-02-24,2026-02-24,1840.0,CE,MFSL26FEB1840CE,30.0,40.5,14.8,18.45,15.0,35.45,1836.35,18.45,149200,8000,991,738334120.0,868,F1,400,,,,,
2026-02-18,2026-02-18,FO,NSE,STO,139734,,MFSL,,2026-03-30,2026-03-30,2000.0,PE,MFSL26MAR2000PE,0.0,0.0,0.0,348.7,0.0,348.7,1836.35,165.6,0,0,0,0.0,0,F1,400,,,,,
2026-02-18,2026-02-18,FO,NSE,STO,139712,,MFSL,,2026-03-30,2026-03-30,1560.0,PE,MFSL26MAR1560PE,0.0,0.0,0.0,52.0,0.0,52.0,1836.35,1.0,0,0,0,0.0,0,F1,400,,,,,
2026-02-18,2026-02-18,FO,NSE,STO,118313,,MFSL,,2026-02-24,2026-02-24,2000.0,PE,MFSL26FEB2000PE,0.0,0.0,0.0,164.6,164.6,164.6,1836.35,161.9,400,0,0,0.0,0,F1,400,,,,,
2026-02-18,2026-02-18,FO,NSE,STO,139652,,MFSL,,2026-02-24,2026-02-24,1660.0,PE,MFSL26FEB1660PE,1.5,1.6,0.8,0.9,0.9,1.3,1836.35,0.9,52000,5200,180,119593780.0,126,F1,400,,,,,
2026-02-18,2026-02-18,FO,NSE,STO,118270,,MFSL,,2026-02-24,2026-02-24,1520.0,PE,MFSL26FEB1520PE,0.0,0.0,0.0,0.6,0.6,0.6,1836.35,0.05,7200,0,0,0.0,0,F1,400,,,,,
2026-02-18,2026-02-18,FO,NSE,STO,139642,,MFSL,,2026-02-24,2026-02-24,1460.0,PE,MFSL26FEB1460PE,0.0,0.0,0.0,0.2,0.2,0.2,1836.35,0.05,36400,0,0,0.0,0,F1,400,,,,,
2026-02-18,2026-02-18,FO,NSE,STO,142350,,MFSL,,2026-03-30,2026-03-30,2060.0,CE,MFSL26MAR2060CE,0.0,0.0,0.0,1.25,0.0,1.25,1836.35,6.85,0,0,0,0.0,0,F1,400,,,,,
2026-02-18,2026-02-18,FO,NSE,STO,142043,,MFSL,,2026-03-30,2026-03-30,1420.0,CE,MFSL26MAR1420CE,0.0,0.0,0.0,187.45,0.0,187.45,1836.35,424.9,0,0,0,0.0,0,F1,400,,,,,
2026-02-18,2026-02-18,FO,NSE,STO,139665,,MFSL,,2026-02-24,2026-02-24,1940.0,CE,MFSL26FEB1940CE,3.95,4.25,1.25,1.5,1.3,4.1,1836.35,1.5,55600,-10800,229,177915540.0,217,F1,400,,,,,
2026-02-18,2026-02-18,FO,NSE,STO,139653,,MFSL,,2026-02-24,2026-02-24,1700.0,CE,MFSL26FEB1700CE,144.0,145.0,134.0,135.05,134.0,159.55,1836.35,135.05,251200,-5600,22,16162560.0,17,F1,400,,,,,
2026-02-18,2026-02-18,FO,NSE,STO,139651,,MFSL,,2026-02-24,2026-02-24,1660.0,CE,MFSL26FEB1660CE,181.0,185.95,177.55,177.55,177.55,187.0,1836.35,177.85,13200,0,3,2209800.0,3,F1,400,,,,,
2026-02-18,2026-02-18,FO,NSE,STO,118269,,MFSL,,2026-02-24,2026-02-24,1520.0,CE,MFSL26FEB1520CE,0.0,0.0,0.0,101.95,96.7,101.95,1836.35,317.7,800,0,0,0.0,0,F1,400,,,,,
2026-02-18,2026-02-18,FO,NSE,STO,142453,,MFSL,,2026-04-28,2026-04-28,1960.0,PE,MFSL26APR1960PE,0.0,0.0,0.0,362.85,0.0,362.85,1836.35,143.15,0,0,0,0.0,0,F1,400,,,,,
2026-02-18,2026-02-18,FO,NSE,STO,142451,,MFSL,,2026-04-28,2026-04-28,1920.0,PE,MFSL26APR1920PE,0.0,0.0,0.0,326.65,0.0,326.65,1836.35,116.3,0,0,0,0.0,0,F1,400,,,,,
2026-02-18,2026-02-18,FO,NSE,STO,142447,,MFSL,,2026-04-28,2026-04-28,1840.0,PE,MFSL26APR1840PE,0.0,0.0,0.0,257.35,0.0,257.35,1836.35,71.25,0,0,0,0.0,0,F1,400,,,,,
2026-02-18,2026-02-18,FO,NSE,STO,142441,,MFSL,,2026-04-28,2026-04-28,1720.0,PE,MFSL26APR1720PE,0.0,0.0,0.0,164.4,0.0,164.4,1836.35,27.1,0,0,0,0.0,0,F1,400,,,,,
2026-02-18,2026-02-18,FO,NSE,STO,142439,,MFSL,,2026-04-28,2026-04-28,1680.0,PE,MFSL26APR1680PE,0.0,0.0,0.0,137.35,0.0,137.35,1836.35,18.2,0,0,0,0.0,0,F1,400,,,,,
2026-02-18,2026-02-18,FO,NSE,STO,118276,,MFSL,,2026-02-24,2026-02-24,1640.0,PE,MFSL26FEB1640PE,0.8,1.35,0.5,0.75,0.75,1.3,1836.35,0.75,31600,-3200,15,9844920.0,14,F1,400,,,,,
2026-02-18,2026-02-18,FO,NSE,STO,118294,,MFSL,,2026-02-24,2026-02-24,1960.0,PE,MFSL26FEB1960PE,0.0,0.0,0.0,263.45,0.0,263.45,1836.35,122.35,0,0,0,0.0,0,F1,400,,,,,
2026-02-18,2026-02-18,FO,NSE,STO,139726,,MFSL,,2026-03-30,2026-03-30,1840.0,PE,MFSL26MAR1840PE,52.0,55.0,52.0,54.0,53.0,47.75,1836.35,54.0,10000,1600,9,6815380.0,9,F1,400,,,,,
2026-02-18,2026-02-18,FO,NSE,STO,118268,,MFSL,,2026-02-24,2026-02-24,1480.0,PE,MFSL26FEB1480PE,0.0,0.0,0.0,0.95,0.95,0.95,1836.35,0.05,2400,0,0,0.0,0,F1,400,,,,,
2026-02-18,2026-02-18,FO,NSE,STO,142427,,MFSL,,2026-04-28,2026-04-28,1440.0,PE,MFSL26APR1440PE,0.0,0.0,0.0,29.5,0.0,29.5,1836.35,0.55,0,0,0,0.0,0,F1,400,,,,,
2026-02-18,2026-02-18,FO,NSE,STO,142433,,MFSL,,2026-04-28,2026-04-28,1560.0,PE,MFSL26APR1560PE,0.0,0.0,0.0,71.25,0.0,71.25,1836.35,4.15,0,0,0,0.0,0,F1,400,,,,,
2026-02-18,2026-02-18,FO,NSE,STO,142437,,MFSL,,2026-04-28,2026-04-28,1640.0,PE,MFSL26APR1640PE,0.0,0.0,0.0,112.7,0.0,112.7,1836.35,11.7,0,0,0,0.0,0,F1,400,,,,,
2026-02-18,2026-02-18,FO,NSE,STO,118263,,MFSL,,2026-02-24,2026-02-24,1400.0,CE,MFSL26FEB1400CE,0.0,0.0,0.0,377.25,377.25,377.25,1836.35,437.6,800,0,0,0.0,0,F1,400,,,,,
2026-02-18,2026-02-18,FO,NSE,STO,118275,,MFSL,,2026-02-24,2026-02-24,1640.0,CE,MFSL26FEB1640CE,0.0,0.0,0.0,198.0,198.0,198.0,1836.35,197.85,31600,0,0,0.0,0,F1,400,,,,,
2026-02-18,2026-02-18,FO,NSE,STO,118316,,MFSL,,2026-02-24,2026-02-24,2080.0,CE,MFSL26FEB2080CE,0.0,0.0,0.0,0.9,0.9,0.9,1836.35,0.05,19200,0,0,0.0,0,F1,400,,,,,
2026-02-18,2026-02-18,FO,NSE,STO,142045,,MFSL,,2026-03-30,2026-03-30,1460.0,CE,MFSL26MAR1460CE,0.0,0.0,0.0,156.45,0.0,156.45,1836.35,385.2,0,0,0,0.0,0,F1,400,,,,,
2026-02-18,2026-02-18,FO,NSE,STO,142074,,MFSL,,2026-03-30,2026-03-30,1780.0,CE,MFSL26MAR1780CE,0.0,0.0,0.0,20.75,20.75,20.75,1836.35,98.55,800,0,0,0.0,0,F1,400,,,,,
2026-02-18,2026-02-18,FO,NSE,STO,139725,,MFSL,,2026-03-30,2026-03-30,1840.0,CE,MFSL26MAR1840CE,70.0,70.0,61.75,65.0,65.0,73.85,1836.35,63.85,4400,2000,7,5330940.0,7,F1,400,,,,,
2026-02-18,2026-02-18,FO,NSE,STO,142082,,MFSL,,2026-03-30,2026-03-30,1940.0,CE,MFSL26MAR1940CE,0.0,0.0,0.0,4.4,0.0,4.4,1836.35,26.3,0,0,0,0.0,0,F1,400,,,,,
2026-02-18,2026-02-18,FO,NSE,STO,139731,,MFSL,,2026-03-30,2026-03-30,1960.0,CE,MFSL26MAR1960CE,0.0,0.0,0.0,16.7,0.0,16.7,1836.35,21.45,0,0,0,0.0,0,F1,400,,,,,
2026-02-18,2026-02-18,FO,NSE,STO,142450,,MFSL,,2026-04-28,2026-04-28,1920.0,CE,MFSL26APR1920CE,0.0,0.0,0.0,12.65,0.0,12.65,1836.35,52.5,0,0,0,0.0,0,F1,400,,,,,
2026-02-18,2026-02-18,FO,NSE,STO,142456,,MFSL,,2026-04-28,2026-04-28,2040.0,CE,MFSL26APR2040CE,0.0,0.0,0.0,5.1,0.0,5.1,1836.35,21.7,0,0,0,0.0,0,F1,400,,,,,
2026-02-18,2026-02-18,FO,NSE,STO,142423,,MFSL,,2026-04-28,2026-04-28,1360.0,PE,MFSL26APR1360PE,0.0,0.0,0.0,13.8,0.0,13.8,1836.35,0.1,0,0,0,0.0,0,F1,400,,,,,
2026-02-18,2026-02-18,FO,NSE,STO,142071,,MFSL,,2026-03-30,2026-03-30,1700.0,PE,MFSL26MAR1700PE,13.0,14.5,11.55,12.55,12.5,11.95,1836.35,12.55,11600,4400,29,19873160.0,27,F1,400,,,,,
2026-02-18,2026-02-18,FO,NSE,STO,142073,,MFSL,,2026-03-30,2026-03-30,1740.0,PE,MFSL26MAR1740PE,0.0,0.0,0.0,19.0,19.0,19.0,1836.35,19.9,800,0,0,0.0,0,F1,400,,,,,
2026-02-18,2026-02-18,FO,NSE,STO,142077,,MFSL,,2026-03-30,2026-03-30,1820.0,PE,MFSL26MAR1820PE,42.05,45.35,42.05,45.35,45.35,42.1,1836.35,45.35,2000,800,2,1490960.0,2,F1,400,,,,,
2026-02-18,2026-02-18,FO,NSE,STO,142079,,MFSL,,2026-03-30,2026-03-30,1860.0,PE,MFSL26MAR1860PE,0.0,0.0,0.0,273.45,0.0,273.45,1836.35,66.8,0,0,0,0.0,0,F1,400,,,,,
2026-02-18,2026-02-18,FO,NSE,STO,142081,,MFSL,,2026-03-30,2026-03-30,1900.0,PE,MFSL26MAR1900PE,0.0,0.0,0.0,310.05,0.0,310.05,1836.35,90.65,0,0,0,0.0,0,F1,400,,,,,
2026-02-18,2026-02-18,FO,NSE,STO,118286,,MFSL,,2026-02-24,2026-02-24,1840.0,PE,MFSL26FEB1840PE,22.4,29.25,16.0,22.25,24.95,17.25,1836.35,22.25,126000,-39600,714,532033580.0,622,F1,400,,,,,
2026-02-18,2026-02-18,FO,NSE,STO,139646,,MFSL,,2026-02-24,2026-02-24,1540.0,PE,MFSL26FEB1540PE,0.5,0.55,0.25,0.45,0.35,0.65,1836.35,0.45,217600,0,101,62231200.0,66,F1,400,,,,,
2026-02-18,2026-02-18,FO,NSE,STO,142446,,MFSL,,2026-04-28,2026-04-28,1840.0,CE,MFSL26APR1840CE,0.0,0.0,0.0,22.15,0.0,22.15,1836.35,86.6,0,0,0,0.0,0,F1,400,,,,,
2026-02-18,2026-02-18,FO,NSE,STO,142428,,MFSL,,2026-04-28,2026-04-28,1480.0,CE,MFSL26APR1480CE,0.0,0.0,0.0,159.95,0.0,159.95,1836.35,372.8,0,0,0,0.0,0,F1,400,,,,,
2026-02-18,2026-02-18,FO,NSE,STO,118315,,MFSL,,2026-02-24,2026-02-24,2040.0,PE,MFSL26FEB2040PE,0.0,0.0,0.0,330.6,0.0,330.6,1836.35,201.8,0,0,0,0.0,0,F1,400,,,,,
2026-02-18,2026-02-18,FO,NSE,STO,142052,,MFSL,,2026-03-30,2026-03-30,1580.0,PE,MFSL26MAR1580PE,0.0,0.0,0.0,68.6,0.0,68.6,1836.35,1.55,0,0,0,0.0,0,F1,400,,,,,
2026-02-18,2026-02-18,FO,NSE,STO,139707,,MFSL,,2026-03-30,2026-03-30,1480.0,CE,MFSL26MAR1480CE,0.0,0.0,0.0,204.65,0.0,204.65,1836.35,365.4,0,0,0,0.0,0,F1,400,,,,,
2026-02-18,2026-02-18,FO,NSE,STO,166408,,YESBANK,,2026-03-30,2026-03-30,18.0,CE,YESBANK26MAR18CE,0.0,0.0,0.0,3.97,0.0,3.97,21.24,3.39,0,0,0,0.0,0,F1,31100,,,,,
2026-02-18,2026-02-18,FO,NSE,STO,173042,,YESBANK,,2026-04-28,2026-04-28,14.0,CE,YESBANK26APR14CE,0.0,0.0,0.0,7.25,0.0,7.25,21.24,7.39,0,0,0,0.0,0,F1,31100,,,,,
2026-02-18,2026-02-18,FO,NSE,STO,173050,,YESBANK,,2026-04-28,2026-04-28,22.0,CE,YESBANK26APR22CE,0.0,0.0,0.0,1.36,0.0,1.36,21.24,0.93,0,0,0,0.0,0,F1,31100,,,,,
2026-02-18,2026-02-18,FO,NSE,STO,166409,,YESBANK,,2026-03-30,2026-03-30,18.0,PE,YESBANK26MAR18PE,0.06,0.07,0.05,0.05,0.05,0.07,21.24,0.05,995200,31100,22,12356030.0,22,F1,31100,,,,,
2026-02-18,2026-02-18,FO,NSE,STO,173025,,YESBANK,,2026-03-30,2026-03-30,23.0,PE,YESBANK26MAR23PE,1.95,1.99,1.8,1.8,1.8,1.97,21.24,1.8,2114800,1119600,45,34825469.0,39,F1,31100,,,,,
2026-02-18,2026-02-18,FO,NSE,STO,173027,,YESBANK,,2026-03-30,2026-03-30,25.0,PE,YESBANK26MAR25PE,3.61,3.67,3.6,3.6,3.6,3.73,21.24,3.6,777500,311000,13,11583195.0,8,F1,31100,,,,,
2026-02-18,2026-02-18,FO,NSE,STO,166390,,YESBANK,,2026-02-24,2026-02-24,27.0,CE,YESBANK26FEB27CE,0.01,0.01,0.01,0.01,0.01,0.01,21.24,0.01,6033400,373200,16,13440176.0,12,F1,31100,,,,,
2026-02-18,2026-02-18,FO,NSE,STO,173020,,YESBANK,,2026-03-30,2026-03-30,19.0,CE,YESBANK26MAR19CE,2.5,2.5,2.5,2.5,2.5,2.68,21.24,2.49,31100,31100,1,668650.0,1,F1,31100,,,,,
2026-02-18,2026-02-18,FO,NSE,STO,166413,,YESBANK,,2026-03-30,2026-03-30,22.0,PE,YESBANK26MAR22PE,1.11,1.18,1.02,1.02,1.02,1.17,21.24,1.02,8397000,1399500,115,82599734.0,90,F1,31100,,,,,
2026-02-18,2026-02-18,FO,NSE,STO,166411,,YESBANK,,2026-03-30,2026-03-30,20.0,PE,YESBANK26MAR20PE,0.27,0.35,0.21,0.21,0.21,0.27,21.24,0.21,13715100,1399500,238,149876809.0,183,F1,31100,,,,,
2026-02-18,2026-02-18,FO,NSE,STO,154770,,YESBANK,,2026-02-24,2026-02-24,16.0,PE,YESBANK26FEB16PE,0.0,0.0,0.0,0.01,0.01,0.01,21.24,0.01,2332500,0,0,0.0,0,F1,31100,,,,,
2026-02-18,2026-02-18,FO,NSE,STF,52089,,YESBANK,,2026-03-30,2026-03-30,,,YESBANK26MARFUT,21.3,21.42,21.22,21.4,21.42,21.24,21.24,21.4,192882200,36013800,2418,1602740988.0,1778,F1,31100,,,,,
2026-02-18,2026-02-18,FO,NSE,STO,154780,,YESBANK,,2026-02-24,2026-02-24,26.0,PE,YESBANK26FEB26PE,4.83,4.83,4.75,4.75,4.75,4.9,21.24,4.74,4416200,-124400,4,3832142.0,4,F1,31100,,,,,
2026-02-18,2026-02-18,FO,NSE,STO,154782,,YESBANK,,2026-02-24,2026-02-24,28.0,PE,YESBANK26FEB28PE,6.84,6.84,6.84,6.84,6.84,6.92,21.24,6.73,311000,0,1,1083524.0,1,F1,31100,,,,,
2026-02-18,2026-02-18,FO,NSE,STO,173049,,YESBANK,,2026-04-28,2026-04-28,20.0,PE,YESBANK26APR20PE,0.51,0.51,0.47,0.47,0.47,0.54,21.24,0.55,217700,62200,7,4461917.0,6,F1,31100,,,,,
2026-02-18,2026-02-18,FO,NSE,STO,166410,,YESBANK,,2026-03-30,2026-03-30,20.0,CE,YESBANK26MAR20CE,1.58,1.62,1.51,1.62,1.62,1.52,21.24,1.62,2799000,777500,42,28160739.0,32,F1,31100,,,,,
2026-02-18,2026-02-18,FO,NSE,STO,166412,,YESBANK,,2026-03-30,2026-03-30,22.0,CE,YESBANK26MAR22CE,0.46,0.48,0.43,0.46,0.47,0.46,21.24,0.46,22609700,2519100,355,247918937.0,312,F1,31100,,,,,
2026-02-18,2026-02-18,FO,NSE,STO,154778,,YESBANK,,2026-02-24,2026-02-24,24.0,PE,YESBANK26FEB24PE,2.84,2.84,2.74,2.74,2.74,2.99,21.24,2.74,8086000,-155500,9,7501009.0,9,F1,31100,,,,,
2026-02-18,2026-02-18,FO,NSE,STO,166385,,YESBANK,,2026-02-24,2026-02-24,21.0,PE,YESBANK26FEB21PE,0.19,0.2,0.1,0.11,0.1,0.22,21.24,0.11,59121100,342100,1193,784902111.0,806,F1,31100,,,,,
2026-02-18,2026-02-18,FO,NSE,STO,173024,,YESBANK,,2026-03-30,2026-03-30,23.0,CE,YESBANK26MAR23CE,0.26,0.28,0.24,0.25,0.26,0.26,21.24,0.25,12968700,2083700,193,139561561.0,170,F1,31100,,,,,
2026-02-18,2026-02-18,FO,NSE,STO,166418,,YESBANK,,2026-03-30,2026-03-30,28.0,CE,YESBANK26MAR28CE,0.04,0.04,0.02,0.03,0.03,0.04,21.24,0.03,5162600,-466500,202,176076382.0,65,F1,31100,,,,,
2026-02-18,2026-02-18,FO,NSE,STO,154772,,YESBANK,,2026-02-24,2026-02-24,18.0,PE,YESBANK26FEB18PE,0.01,0.01,0.01,0.01,0.01,0.01,21.24,0.01,8397000,-31100,34,19043774.0,15,F1,31100,,,,,
2026-02-18,2026-02-18,FO,NSE,STO,173022,,YESBANK,,2026-03-30,2026-03-30,21.0,CE,YESBANK26MAR21CE,0.85,0.91,0.84,0.9,0.9,0.85,21.24,0.9,12844300,715300,117,79599206.0,101,F1,31100,,,,,
2026-02-18,2026-02-18,FO,NSE,STO,166388,,YESBANK,,2026-02-24,2026-02-24,25.0,CE,YESBANK26FEB25CE,0.01,0.02,0.01,0.01,0.01,0.01,21.24,0.01,40958700,-248800,130,101128803.0,51,F1,31100,,,,,
2026-02-18,2026-02-18,FO,NSE,STO,154781,,YESBANK,,2026-02-24,2026-02-24,28.0,CE,YESBANK26FEB28CE,0.01,0.01,0.01,0.01,0.01,0.01,21.24,0.01,19375300,6717600,295,256977745.0,75,F1,31100,,,,,
2026-02-18,2026-02-18,FO,NSE,STF,59520,,YESBANK,,2026-02-24,2026-02-24,,,YESBANK26FEBFUT,21.14,21.29,21.07,21.26,21.27,21.1,21.24,21.26,820075900,-70472600,3551,2339344488.0,2825,F1,31100,,,,,
2026-02-18,2026-02-18,FO,NSE,STO,173055,,YESBANK,,2026-04-28,2026-04-28,26.0,PE,YESBANK26APR26PE,0.0,0.0,0.0,4.95,0.0,4.95,21.24,4.61,0,0,0,0.0,0,F1,31100,,,,,
2026-02-18,2026-02-18,FO,NSE,STO,173053,,YESBANK,,2026-04-28,2026-04-28,24.0,PE,YESBANK26APR24PE,0.0,0.0,0.0,3.34,0.0,3.34,21.24,2.87,0,0,0,0.0,0,F1,31100,,,,,
2026-02-18,2026-02-18,FO,NSE,STO,173045,,YESBANK,,2026-04-28,2026-04-28,16.0,PE,YESBANK26APR16PE,0.0,0.0,0.0,0.11,0.0,0.11,21.24,0.01,0,0,0,0.0,0,F1,31100,,,,,
2026-02-18,2026-02-18,FO,NSE,STO,154774,,YESBANK,,2026-02-24,2026-02-24,20.0,PE,YESBANK26FEB20PE,0.03,0.04,0.02,0.02,0.02,0.03,21.24,0.02,49822200,-1928200,792,493261239.0,344,F1,31100,,,,,
2026-02-18,2026-02-18,FO,NSE,STO,154773,,YESBANK,,2026-02-24,2026-02-24,20.0,CE,YESBANK26FEB20CE,1.2,1.29,1.12,1.27,1.28,1.13,21.24,1.27,9796500,-497600,81,53447838.0,71,F1,31100,,,,,
2026-02-18,2026-02-18,FO,NSE,STO,166387,,YESBANK,,2026-02-24,2026-02-24,23.0,PE,YESBANK26FEB23PE,1.88,1.94,1.75,1.76,1.75,1.93,21.24,1.76,13777300,-1368400,68,52512039.0,61,F1,31100,,,,,
2026-02-18,2026-02-18,FO,NSE,STO,173026,,YESBANK,,2026-03-30,2026-03-30,25.0,CE,YESBANK26MAR25CE,0.09,0.1,0.08,0.08,0.08,0.09,21.24,0.08,4105200,777500,49,38231230.0,34,F1,31100,,,,,
2026-02-18,2026-02-18,FO,NSE,STO,166414,,YESBANK,,2026-03-30,2026-03-30,24.0,CE,YESBANK26MAR24CE,0.16,0.16,0.13,0.14,0.15,0.16,21.24,0.14,13466300,715300,208,156188554.0,131,F1,31100,,,,,
2026-02-18,2026-02-18,FO,NSE,STO,154771,,YESBANK,,2026-02-24,2026-02-24,18.0,CE,YESBANK26FEB18CE,3.12,3.13,3.12,3.13,3.13,3.1,21.24,3.26,1586100,-31100,2,1313975.0,2,F1,31100,,,,,
2026-02-18,2026-02-18,FO,NSE,STO,173044,,YESBANK,,2026-04-28,2026-04-28,16.0,CE,YESBANK26APR16CE,0.0,0.0,0.0,5.37,0.0,5.37,21.24,5.42,0,0,0,0.0,0,F1,31100,,,,,
2026-02-18,2026-02-18,FO,NSE,STO,173056,,YESBANK,,2026-04-28,2026-04-28,28.0,CE,YESBANK26APR28CE,0.0,0.0,0.0,0.18,0.0,0.18,21.24,0.03,0,0,0,0.0,0,F1,31100,,,,,
2026-02-18,2026-02-18,FO,NSE,STO,166382,,YESBANK,,2026-02-24,2026-02-24,19.0,CE,YESBANK26FEB19CE,2.13,2.22,2.11,2.22,2.22,2.11,21.24,2.26,3110000,279900,21,13819285.0,10,F1,31100,,,,,
2026-02-18,2026-02-18,FO,NSE,STO,173057,,YESBANK,,2026-04-28,2026-04-28,28.0,PE,YESBANK26APR28PE,0.0,0.0,0.0,6.73,0.0,6.73,21.24,6.5,0,0,0,0.0,0,F1,31100,,,,,
2026-02-18,2026-02-18,FO,NSE,STO,173023,,YESBANK,,2026-03-30,2026-03-30,21.0,PE,YESBANK26MAR21PE,0.56,0.59,0.47,0.48,0.48,0.59,21.24,0.48,12782100,1555000,134,89702974.0,115,F1,31100,,,,,
2026-02-18,2026-02-18,FO,NSE,STO,173052,,YESBANK,,2026-04-28,2026-04-28,24.0,CE,YESBANK26APR24CE,0.4,0.4,0.33,0.35,0.35,0.41,21.24,0.35,1430600,342100,14,10607277.0,14,F1,31100,,,,,
2026-02-18,2026-02-18,FO,NSE,STO,173051,,YESBANK,,2026-04-28,2026-04-28,22.0,PE,YESBANK26APR22PE,0.0,0.0,0.0,2.0,0.0,2.0,21.24,1.46,0,0,0,0.0,0,F1,31100,,,,,
2026-02-18,2026-02-18,FO,NSE,STO,166386,,YESBANK,,2026-02-24,2026-02-24,23.0,CE,YESBANK26FEB23CE,0.03,0.04,0.02,0.02,0.03,0.03,21.24,0.02,90656500,-155500,1345,963317213.0,442,F1,31100,,,,,
2026-02-18,2026-02-18,FO,NSE,STO,166417,,YESBANK,,2026-03-30,2026-03-30,26.0,PE,YESBANK26MAR26PE,0.0,0.0,0.0,5.01,5.01,5.01,21.24,4.63,404300,0,0,0.0,0,F1,31100,,,,,
2026-02-18,2026-02-18,FO,NSE,STO,173046,,YESBANK,,2026-04-28,2026-04-28,18.0,CE,YESBANK26APR18CE,0.0,0.0,0.0,3.69,0.0,3.69,21.24,3.55,0,0,0,0.0,0,F1,31100,,,,,
2026-02-18,2026-02-18,FO,NSE,STO,166416,,YESBANK,,2026-03-30,2026-03-30,26.0,CE,YESBANK26MAR26CE,0.06,0.07,0.05,0.05,0.05,0.07,21.24,0.05,14959100,1368400,83,67265257.0,40,F1,31100,,,,,
2026-02-18,2026-02-18,FO,NSE,STO,166389,,YESBANK,,2026-02-24,2026-02-24,25.0,PE,YESBANK26FEB25PE,3.81,3.83,3.78,3.78,3.78,3.86,21.24,3.74,1181800,-155500,5,4479022.0,5,F1,31100,,,,,
2026-02-18,2026-02-18,FO,NSE,STO,166415,,YESBANK,,2026-03-30,2026-03-30,24.0,PE,YESBANK26MAR24PE,2.84,2.84,2.68,2.68,2.68,2.86,21.24,2.68,1990400,124400,6,4989995.0,6,F1,31100,,,,,
2026-02-18,2026-02-18,FO,NSE,STO,166407,,YESBANK,,2026-03-30,2026-03-30,16.0,PE,YESBANK26MAR16PE,0.0,0.0,0.0,0.04,0.04,0.04,21.24,0.01,342100,0,0,0.0,0,F1,31100,,,,,
2026-02-18,2026-02-18,FO,NSE,STO,154779,,YESBANK,,2026-02-24,2026-02-24,26.0,CE,YESBANK26FEB26CE,0.01,0.01,0.01,0.01,0.01,0.01,21.24,0.01,16545200,342100,22,17796042.0,17,F1,31100,,,,,
2026-02-18,2026-02-18,FO,NSE,STO,173048,,YESBANK,,2026-04-28,2026-04-28,20.0,CE,YESBANK26APR20CE,0.0,0.0,0.0,2.33,0.0,2.33,21.24,1.99,0,0,0,0.0,0,F1,31100,,,,,
2026-02-18,2026-02-18,FO,NSE,STO,173054,,YESBANK,,2026-04-28,2026-04-28,26.0,CE,YESBANK26APR26CE,0.15,0.15,0.15,0.15,0.15,0.17,21.24,0.12,93300,62200,2,1626530.0,2,F1,31100,,,,,
2026-02-18,2026-02-18,FO,NSE,STO,154776,,YESBANK,,2026-02-24,2026-02-24,22.0,PE,YESBANK26FEB22PE,0.94,0.98,0.79,0.8,0.8,0.98,21.24,0.8,39248200,-4043000,321,228470863.0,305,F1,31100,,,,,
2026-02-18,2026-02-18,FO,NSE,STO,173043,,YESBANK,,2026-04-28,2026-04-28,14.0,PE,YESBANK26APR14PE,0.0,0.0,0.0,0.02,0.0,0.02,21.24,0.01,0,0,0,0.0,0,F1,31100,,,,,
2026-02-18,2026-02-18,FO,NSE,STO,166406,,YESBANK,,2026-03-30,2026-03-30,16.0,CE,YESBANK26MAR16CE,0.0,0.0,0.0,5.69,0.0,5.69,21.24,5.34,0,0,0,0.0,0,F1,31100,,,,,
2026-02-18,2026-02-18,FO,NSE,STF,67044,,YESBANK,,2026-04-28,2026-04-28,,,YESBANK26APRFUT,21.42,21.58,21.36,21.55,21.58,21.39,21.24,21.55,27119200,1461700,112,74773419.0,111,F1,31100,,,,,
2026-02-18,2026-02-18,FO,NSE,STO,154769,,YESBANK,,2026-02-24,2026-02-24,16.0,CE,YESBANK26FEB16CE,0.0,0.0,0.0,6.99,0.0,6.99,21.24,5.25,0,0,0,0.0,0,F1,31100,,,,,
2026-02-18,2026-02-18,FO,NSE,STO,166384,,YESBANK,,2026-02-24,2026-02-24,21.0,CE,YESBANK26FEB21CE,0.35,0.39,0.27,0.36,0.37,0.31,21.24,0.36,38875000,-8956800,1401,929241254.0,1218,F1,31100,,,,,
2026-02-18,2026-02-18,FO,NSE,STO,154775,,YESBANK,,2026-02-24,2026-02-24,22.0,CE,YESBANK26FEB22CE,0.09,0.09,0.05,0.06,0.07,0.08,21.24,0.06,136684500,6220000,2344,1608382528.0,1035,F1,31100,,,,,
2026-02-18,2026-02-18,FO,NSE,STO,154777,,YESBANK,,2026-02-24,2026-02-24,24.0,CE,YESBANK26FEB24CE,0.02,0.03,0.01,0.01,0.02,0.02,21.24,0.01,64532500,-622000,468,349589191.0,139,F1,31100,,,,,
2026-02-18,2026-02-18,FO,NSE,STO,166383,,YESBANK,,2026-02-24,2026-02-24,19.0,PE,YESBANK26FEB19PE,0.02,0.02,0.01,0.01,0.01,0.01,21.24,0.01,19406400,-839700,44,26015461.0,28,F1,31100,,,,,
2026-02-18,2026-02-18,FO,NSE,STO,173021,,YESBANK,,2026-03-30,2026-03-30,19.0,PE,YESBANK26MAR19PE,0.12,0.13,0.09,0.09,0.09,0.13,21.24,0.09,4913800,62200,41,24368716.0,25,F1,31100,,,,,
2026-02-18,2026-02-18,FO,NSE,STO,166391,,YESBANK,,2026-02-24,2026-02-24,27.0,PE,YESBANK26FEB27PE,0.0,0.0,0.0,3.51,3.51,3.51,21.24,5.74,124400,0,0,0.0,0,F1,31100,,,,,
2026-02-18,2026-02-18,FO,NSE,STO,173047,,YESBANK,,2026-04-28,2026-04-28,18.0,PE,YESBANK26APR18PE,0.0,0.0,0.0,0.4,0.0,0.4,21.24,0.13,0,0,0,0.0,0,F1,31100,,,,,
2026-02-18,2026-02-18,FO,NSE,STO,57100,,ABB,,2026-02-24,2026-02-24,5050.0,PE,ABB26FEB5050PE,0.0,0.0,0.0,8.2,8.15,8.2,5881.5,0.05,11375,0,0,0.0,0,F1,125,,,,,
2026-02-18,2026-02-18,FO,NSE,STO,75686,,ABB,,2026-04-28,2026-04-28,4600.0,CE,ABB26APR4600CE,0.0,0.0,0.0,409.05,0.0,409.05,5881.5,1335.75,0,0,0,0.0,0,F1,125,,,,,
2026-02-18,2026-02-18,FO,NSE,STO,75700,,ABB,,2026-04-28,2026-04-28,5300.0,CE,ABB26APR5300CE,0.0,0.0,0.0,139.9,0.0,139.9,5881.5,713.9,0,0,0,0.0,0,F1,125,,,,,
2026-02-18,2026-02-18,FO,NSE,STO,75690,,ABB,,2026-04-28,2026-04-28,4800.0,CE,ABB26APR4800CE,0.0,0.0,0.0,309.3,0.0,309.3,5881.5,1146.5,0,0,0,0.0,0,F1,125,,,,,
2026-02-18,2026-02-18,FO,NSE,STO,75540,,ABB,,2026-03-30,2026-03-30,6250.0,CE,ABB26MAR6250CE,91.9,91.9,91.9,91.9,91.9,7.35,5881.5,111.45,125,125,1,792737.5,1,F1,125,,,,,
2026-02-18,2026-02-18,FO,NSE,STO,57087,,ABB,,2026-02-24,2026-02-24,4550.0,PE,ABB26FEB4550PE,0.0,0.0,0.0,10.15,10.15,10.15,5881.5,0.05,1000,0,0,0.0,0,F1,125,,,,,
2026-02-18,2026-02-18,FO,NSE,STO,68985,,ABB,,2026-02-24,2026-02-24,4100.0,PE,ABB26FEB4100PE,0.55,1.2,0.35,1.2,1.2,1.5,5881.5,0.05,1375,-125,7,3588112.5,7,F1,125,,,,,
2026-02-18,2026-02-18,FO,NSE,STO,75723,,ABB,,2026-04-28,2026-04-28,6600.0,PE,ABB26APR6600PE,0.0,0.0,0.0,1801.8,0.0,1801.8,5881.5,748.9,0,0,0,0.0,0,F1,125,,,,,
2026-02-18,2026-02-18,FO,NSE,STO,75543,,ABB,,2026-03-30,2026-03-30,6350.0,PE,ABB26MAR6350PE,0.0,0.0,0.0,1581.55,0.0,1581.55,5881.5,516.95,0,0,0,0.0,0,F1,125,,,,,
2026-02-18,2026-02-18,FO,NSE,STO,57312,,ABB,,2026-03-30,2026-03-30,6100.0,PE,ABB26MAR6100PE,0.0,0.0,0.0,960.15,0.0,960.15,5881.5,340.65,0,0,0,0.0,0,F1,125,,,,,
2026-02-18,2026-02-18,FO,NSE,STO,75448,,ABB,,2026-03-30,2026-03-30,5950.0,PE,ABB26MAR5950PE,0.0,0.0,0.0,1197.5,0.0,1197.5,5881.5,252.6,0,0,0,0.0,0,F1,125,,,,,
2026-02-18,2026-02-18,FO,NSE,STO,57294,,ABB,,2026-03-30,2026-03-30,5200.0,PE,ABB26MAR5200PE,63.0,67.6,50.0,52.5,52.5,66.9,5881.5,25.8,11125,2500,106,69634237.5,68,F1,125,,,,,
2026-02-18,2026-02-18,FO,NSE,STO,69079,,ABB,,2026-02-24,2026-02-24,6000.0,PE,ABB26FEB6000PE,270.0,288.95,198.55,207.75,220.9,248.9,5881.5,207.75,21250,-3500,130,101114556.25,123,F1,125,,,,,
2026-02-18,2026-02-18,FO,NSE,STO,69003,,ABB,,2026-02-24,2026-02-24,4700.0,PE,ABB26FEB4700PE,2.4,2.8,2.25,2.25,2.25,2.4,5881.5,0.05,21000,-625,17,9992731.25,11,F1,125,,,,,
2026-02-18,2026-02-18,FO,NSE,STO,75233,,ABB,,2026-03-30,2026-03-30,4950.0,CE,ABB26MAR4950CE,0.0,0.0,0.0,183.3,0.0,183.3,5881.5,969.35,0,0,0,0.0,0,F1,125,,,,,
2026-02-18,2026-02-18,FO,NSE,STO,57265,,ABB,,2026-03-30,2026-03-30,4300.0,CE,ABB26MAR4300CE,0.0,0.0,0.0,951.4,0.0,951.4,5881.5,1607.45,0,0,0,0.0,0,F1,125,,,,,
2026-02-18,2026-02-18,FO,NSE,STO,69076,,ABB,,2026-02-24,2026-02-24,5900.0,CE,ABB26FEB5900CE,102.6,152.05,83.65,141.15,119.75,116.7,5881.5,141.15,64125,-21750,2972,2238007643.75,2296,F1,125,,,,,
2026-02-18,2026-02-18,FO,NSE,STO,57101,,ABB,,2026-02-24,2026-02-24,5150.0,CE,ABB26FEB5150CE,0.0,0.0,0.0,311.0,311.0,311.0,5881.5,736.15,2750,0,0,0.0,0,F1,125,,,,,
2026-02-18,2026-02-18,FO,NSE,STO,75722,,ABB,,2026-04-28,2026-04-28,6600.0,CE,ABB26APR6600CE,0.0,0.0,0.0,10.35,0.0,10.35,5881.5,98.65,0,0,0,0.0,0,F1,125,,,,,
2026-02-18,2026-02-18,FO,NSE,STO,75720,,ABB,,2026-04-28,2026-04-28,6400.0,CE,ABB26APR6400CE,0.0,0.0,0.0,16.1,0.0,16.1,5881.5,143.85,0,0,0,0.0,0,F1,125,,,,,
2026-02-18,2026-02-18,FO,NSE,STO,69052,,ABB,,2026-02-24,2026-02-24,5400.0,PE,ABB26FEB5400PE,26.0,31.1,18.95,20.9,22.4,26.95,5881.5,20.9,54500,10875,506,343120112.5,282,F1,125,,,,,
2026-02-18,2026-02-18,FO,NSE,STO,57106,,ABB,,2026-02-24,2026-02-24,5350.0,PE,ABB26FEB5350PE,23.2,24.3,15.8,17.05,18.75,22.1,5881.5,17.05,18000,-2000,64,42953600.0,64,F1,125,,,,,
2026-02-18,2026-02-18,FO,NSE,STO,57102,,ABB,,2026-02-24,2026-02-24,5150.0,PE,ABB26FEB5150PE,10.9,10.9,7.7,8.55,8.25,10.9,5881.5,8.55,17375,3625,58,37403887.5,32,F1,125,,,,,
2026-02-18,2026-02-18,FO,NSE,STO,69038,,ABB,,2026-02-24,2026-02-24,4900.0,PE,ABB26FEB4900PE,4.7,5.45,3.7,4.75,4.75,5.5,5881.5,4.75,19875,-1000,258,158178700.0,152,F1,125,,,,,
2026-02-18,2026-02-18,FO,NSE,STO,57092,,ABB,,2026-02-24,2026-02-24,4750.0,PE,ABB26FEB4750PE,0.0,0.0,0.0,1.9,1.9,1.9,5881.5,0.05,2875,0,0,0.0,0,F1,125,,,,,
2026-02-18,2026-02-18,FO,NSE,STO,57083,,ABB,,2026-02-24,2026-02-24,4350.0,PE,ABB26FEB4350PE,0.0,0.0,0.0,7.35,7.35,7.35,5881.5,0.05,2000,0,0,0.0,0,F1,125,,,,,
2026-02-18,2026-02-18,FO,NSE,STO,68987,,ABB,,2026-02-24,2026-02-24,4200.0,PE,ABB26FEB4200PE,1.7,1.7,0.4,1.25,1.25,1.7,5881.5,0.05,3000,-375,7,3675656.25,7,F1,125,,,,,
2026-02-18,2026-02-18,FO,NSE,STO,35296,,ABB,,2026-04-28,2026-04-28,6500.0,CE,ABB26APR6500CE,0.0,0.0,0.0,39.15,0.0,39.15,5881.5,119.5,0,0,0,0.0,0,F1,125,,,,,
2026-02-18,2026-02-18,FO,NSE,STF,59189,,ABB,,2026-02-24,2026-02-24,,,ABB26FEBFUT,5820.5,5919.0,5765.0,5894.0,5854.0,5830.5,5881.5,5894.0,1837000,-38250,3233,2363296062.5,2674,F1,125,,,,,
2026-02-18,2026-02-18,FO,NSE,STF,51723,,ABB,,2026-03-30,2026-03-30,,,ABB26MARFUT,5845.0,5913.5,5761.5,5891.5,5870.0,5826.5,5881.5,5891.5,520875,62625,1338,977341437.5,1106,F1,125,,,,,
2026-02-18,2026-02-18,FO,NSE,STO,68992,,ABB,,2026-02-24,2026-02-24,4400.0,CE,ABB26FEB4400CE,0.0,0.0,0.0,1465.0,1465.0,1465.0,5881.5,1485.5,500,0,0,0.0,0,F1,125,,,,,
2026-02-18,2026-02-18,FO,NSE,STO,69045,,ABB,,2026-02-24,2026-02-24,5200.0,CE,ABB26FEB5200CE,607.0,607.0,586.7,586.7,586.7,590.0,5881.5,686.25,31750,0,6,4348962.5,6,F1,125,,,,,
2026-02-18,2026-02-18,FO,NSE,STO,69055,,ABB,,2026-02-24,2026-02-24,5600.0,CE,ABB26FEB5600CE,287.15,351.9,237.85,341.1,335.4,287.25,5881.5,341.1,39375,-2250,57,41995131.25,52,F1,125,,,,,
2026-02-18,2026-02-18,FO,NSE,STO,57111,,ABB,,2026-02-24,2026-02-24,5650.0,CE,ABB26FEB5650CE,209.2,308.35,209.2,308.35,308.3,250.3,5881.5,308.35,6125,125,31,22881200.0,29,F1,125,,,,,
2026-02-18,2026-02-18,FO,NSE,STO,57121,,ABB,,2026-02-24,2026-02-24,6150.0,CE,ABB26FEB6150CE,41.35,59.75,30.6,56.3,54.75,47.25,5881.5,56.3,11500,-500,254,196770700.0,244,F1,125,,,,,
2026-02-18,2026-02-18,FO,NSE,STO,69084,,ABB,,2026-02-24,2026-02-24,6300.0,CE,ABB26FEB6300CE,27.35,33.9,16.85,31.6,30.05,27.3,5881.5,31.6,73625,-2750,1381,1092173087.5,1008,F1,125,,,,,
2026-02-18,2026-02-18,FO,NSE,STO,75229,,ABB,,2026-03-30,2026-03-30,4850.0,CE,ABB26MAR4850CE,0.0,0.0,0.0,221.85,0.0,221.85,5881.5,1065.4,0,0,0,0.0,0,F1,125,,,,,
2026-02-18,2026-02-18,FO,NSE,STO,57293,,ABB,,2026-03-30,2026-03-30,5200.0,CE,ABB26MAR5200CE,0.0,0.0,0.0,352.15,0.0,352.15,5881.5,738.55,0,0,0,0.0,0,F1,125,,,,,
2026-02-18,2026-02-18,FO,NSE,STO,57301,,ABB,,2026-03-30,2026-03-30,5600.0,CE,ABB26MAR5600CE,0.0,0.0,0.0,221.0,221.0,221.0,5881.5,420.1,875,0,0,0.0,0,F1,125,,,,,
2026-02-18,2026-02-18,FO,NSE,STO,75680,,ABB,,2026-04-28,2026-04-28,4400.0,CE,ABB26APR4400CE,0.0,0.0,0.0,528.6,0.0,528.6,5881.5,1529.6,0,0,0,0.0,0,F1,125,,,,,
2026-02-18,2026-02-18,FO,NSE,STO,75696,,ABB,,2026-04-28,2026-04-28,5100.0,CE,ABB26APR5100CE,0.0,0.0,0.0,195.05,0.0,195.05,5881.5,877.75,0,0,0,0.0,0,F1,125,,,,,
2026-02-18,2026-02-18,FO,NSE,STO,75718,,ABB,,2026-04-28,2026-04-28,6200.0,CE,ABB26APR6200CE,0.0,0.0,0.0,24.75,0.0,24.75,5881.5,204.45,0,0,0,0.0,0,F1,125,,,,,
2026-02-18,2026-02-18,FO,NSE,STO,35297,,ABB,,2026-04-28,2026-04-28,6500.0,PE,ABB26APR6500PE,0.0,0.0,0.0,1397.2,0.0,1397.2,5881.5,670.8,0,0,0,0.0,0,F1,125,,,,,
2026-02-18,2026-02-18,FO,NSE,STO,75697,,ABB,,2026-04-28,2026-04-28,5100.0,PE,ABB26APR5100PE,0.0,0.0,0.0,509.45,0.0,509.45,5881.5,43.5,0,0,0,0.0,0,F1,125,,,,,
2026-02-18,2026-02-18,FO,NSE,STO,57322,,ABB,,2026-03-30,2026-03-30,6600.0,PE,ABB26MAR6600PE,0.0,0.0,0.0,1399.75,0.0,1399.75,5881.5,722.45,0,0,0,0.0,0,F1,125,,,,,
2026-02-18,2026-02-18,FO,NSE,STO,75298,,ABB,,2026-03-30,2026-03-30,5250.0,PE,ABB26MAR5250PE,0.0,0.0,0.0,56.0,56.0,56.0,5881.5,31.6,500,0,0,0.0,0,F1,125,,,,,
2026-02-18,2026-02-18,FO,NSE,STO,75294,,ABB,,2026-03-30,2026-03-30,5150.0,PE,ABB26MAR5150PE,49.8,49.8,49.8,49.8,49.8,37.95,5881.5,49.8,375,-250,2,1299950.0,1,F1,125,,,,,
2026-02-18,2026-02-18,FO,NSE,STO,75709,,ABB,,2026-04-28,2026-04-28,5700.0,PE,ABB26APR5700PE,0.0,0.0,0.0,972.85,0.0,972.85,5881.5,197.3,0,0,0,0.0,0,F1,125,,,,,
2026-02-18,2026-02-18,FO,NSE,STO,75333,,ABB,,2026-03-30,2026-03-30,5850.0,PE,ABB26MAR5850PE,0.0,0.0,0.0,1103.95,0.0,1103.95,5881.5,202.05,0,0,0,0.0,0,F1,125,,,,,
2026-02-18,2026-02-18,FO,NSE,STO,69089,,ABB,,2026-02-24,2026-02-24,6500.0,PE,ABB26FEB6500PE,0.0,0.0,0.0,650.0,650.0,650.0,5881.5,613.05,125,0,0,0.0,0,F1,125,,,,,
2026-02-18,2026-02-18,FO,NSE,STO,69062,,ABB,,2026-02-24,2026-02-24,5600.0,PE,ABB26FEB5600PE,62.4,73.0,42.45,47.1,52.65,61.0,5881.5,47.1,57625,2250,793,560576325.0,576,F1,125,,,,,
2026-02-18,2026-02-18,FO,NSE,STO,75207,,ABB,,2026-03-30,2026-03-30,4550.0,PE,ABB26MAR4550PE,0.0,0.0,0.0,167.3,0.0,167.3,5881.5,0.7,0,0,0,0.0,0,F1,125,,,,,
2026-02-18,2026-02-18,FO,NSE,STO,75236,,ABB,,2026-03-30,2026-03-30,5050.0,PE,ABB26MAR5050PE,0.0,0.0,0.0,439.8,0.0,439.8,5881.5,13.25,0,0,0,0.0,0,F1,125,,,,,
2026-02-18,2026-02-18,FO,NSE,STO,57310,,ABB,,2026-03-30,2026-03-30,6000.0,PE,ABB26MAR6000PE,315.0,315.5,307.85,311.25,307.85,360.0,5881.5,311.25,2250,375,14,11046700.0,13,F1,125,,,,,
2026-02-18,2026-02-18,FO,NSE,STO,75539,,ABB,,2026-03-30,2026-03-30,6150.0,PE,ABB26MAR6150PE,0.0,0.0,0.0,1388.0,0.0,1388.0,5881.5,373.15,0,0,0,0.0,0,F1,125,,,,,
2026-02-18,2026-02-18,FO,NSE,STO,57320,,ABB,,2026-03-30,2026-03-30,6500.0,PE,ABB26MAR6500PE,0.0,0.0,0.0,700.0,700.0,700.0,5881.5,637.4,125,0,0,0.0,0,F1,125,,,,,
2026-02-18,2026-02-18,FO,NSE,STO,75695,,ABB,,2026-04-28,2026-04-28,5000.0,PE,ABB26APR5000PE,0.0,0.0,0.0,444.6,0.0,444.6,5881.5,31.5,0,0,0,0.0,0,F1,125,,,,,
2026-02-18,2026-02-18,FO,NSE,STO,75701,,ABB,,2026-04-28,2026-04-28,5300.0,PE,ABB26APR5300PE,0.0,0.0,0.0,651.2,0.0,651.2,5881.5,77.6,0,0,0,0.0,0,F1,125,,,,,
2026-02-18,2026-02-18,FO,NSE,STO,75717,,ABB,,2026-04-28,2026-04-28,6100.0,PE,ABB26APR6100PE,0.0,0.0,0.0,1329.6,0.0,1329.6,5881.5,396.7,0,0,0,0.0,0,F1,125,,,,,
2026-02-18,2026-02-18,FO,NSE,STO,68989,,ABB,,2026-02-24,2026-02-24,4300.0,PE,ABB26FEB4300PE,1.0,1.0,0.9,0.95,0.9,1.3,5881.5,0.95,2750,0,4,2150468.75,3,F1,125,,,,,
2026-02-18,2026-02-18,FO,NSE,STO,57094,,ABB,,2026-02-24,2026-02-24,4850.0,PE,ABB26FEB4850PE,3.5,3.95,3.1,3.85,3.1,4.45,5881.5,3.85,12625,-8375,76,46109556.25,27,F1,125,,,,,
2026-02-18,2026-02-18,FO,NSE,STO,57104,,ABB,,2026-02-24,2026-02-24,5250.0,PE,ABB26FEB5250PE,16.6,16.6,10.85,11.85,11.5,15.55,5881.5,11.85,5250,-1375,41,26969937.5,27,F1,125,,,,,
2026-02-18,2026-02-18,FO,NSE,STO,75206,,ABB,,2026-03-30,2026-03-30,4550.0,CE,ABB26MAR4550CE,0.0,0.0,0.0,372.35,0.0,372.35,5881.5,1359.55,0,0,0,0.0,0,F1,125,,,,,
2026-02-18,2026-02-18,FO,NSE,STO,75188,,ABB,,2026-03-30,2026-03-30,4150.0,CE,ABB26MAR4150CE,0.0,0.0,0.0,799.1,799.1,799.1,5881.5,1756.45,125,0,0,0.0,0,F1,125,,,,,
2026-02-18,2026-02-18,FO,NSE,STO,69086,,ABB,,2026-02-24,2026-02-24,6400.0,CE,ABB26FEB6400CE,17.05,23.7,11.15,21.05,21.0,19.95,5881.5,21.05,48375,5375,710,569652275.0,572,F1,125,,,,,
2026-02-18,2026-02-18,FO,NSE,STO,75295,,ABB,,2026-03-30,2026-03-30,5250.0,CE,ABB26MAR5250CE,0.0,0.0,0.0,98.4,0.0,98.4,5881.5,694.65,0,0,0,0.0,0,F1,125,,,,,
2026-02-18,2026-02-18,FO,NSE,STO,75710,,ABB,,2026-04-28,2026-04-28,5800.0,CE,ABB26APR5800CE,0.0,0.0,0.0,55.8,0.0,55.8,5881.5,381.05,0,0,0,0.0,0,F1,125,,,,,
2026-02-18,2026-02-18,FO,NSE,STO,57109,,ABB,,2026-02-24,2026-02-24,5550.0,CE,ABB26FEB5550CE,375.0,375.65,375.0,375.35,375.65,340.25,5881.5,375.35,18625,-125,2,1481331.25,2,F1,125,,,,,
2026-02-18,2026-02-18,FO,NSE,STO,69051,,ABB,,2026-02-24,2026-02-24,5400.0,CE,ABB26FEB5400CE,450.0,509.9,450.0,508.4,507.4,452.7,5881.5,508.4,43125,-750,13,9573587.5,13,F1,125,,,,,
2026-02-18,2026-02-18,FO,NSE,STO,57313,,ABB,,2026-03-30,2026-03-30,6200.0,CE,ABB26MAR6200CE,120.95,139.0,100.0,134.8,134.1,115.55,5881.5,134.8,8250,6875,89,70360956.25,52,F1,125,,,,,
2026-02-18,2026-02-18,FO,NSE,STO,75683,,ABB,,2026-04-28,2026-04-28,4500.0,CE,ABB26APR4500CE,0.0,0.0,0.0,466.35,0.0,466.35,5881.5,1432.25,0,0,0,0.0,0,F1,125,,,,,
2026-02-18,2026-02-18,FO,NSE,STO,75692,,ABB,,2026-04-28,2026-04-28,4900.0,CE,ABB26APR4900CE,0.0,0.0,0.0,266.7,0.0,266.7,5881.5,1054.45,0,0,0,0.0,0,F1,125,,,,,
2026-02-18,2026-02-18,FO,NSE,STO,68983,,ABB,,2026-02-24,2026-02-24,4000.0,PE,ABB26FEB4000PE,0.85,1.3,0.35,0.95,0.95,0.95,5881.5,0.95,13875,-875,76,38005781.25,47,F1,125,,,,,
2026-02-18,2026-02-18,FO,NSE,STO,57098,,ABB,,2026-02-24,2026-02-24,4950.0,PE,ABB26FEB4950PE,0.0,0.0,0.0,7.0,7.0,7.0,5881.5,0.05,3750,0,0,0.0,0,F1,125,,,,,
2026-02-18,2026-02-18,FO,NSE,STO,69077,,ABB,,2026-02-24,2026-02-24,5900.0,PE,ABB26FEB5900PE,194.7,215.4,135.05,145.9,165.65,183.7,5881.5,145.9,20250,500,293,221947818.75,241,F1,125,,,,,
2026-02-18,2026-02-18,FO,NSE,STO,57120,,ABB,,2026-02-24,2026-02-24,6050.0,PE,ABB26FEB6050PE,276.6,303.45,231.15,235.45,235.05,328.15,5881.5,235.45,2250,1750,33,26014593.75,33,F1,125,,,,,
2026-02-18,2026-02-18,FO,NSE,STO,69087,,ABB,,2026-02-24,2026-02-24,6400.0,PE,ABB26FEB6400PE,0.0,0.0,0.0,646.45,646.45,646.45,5881.5,514.05,125,0,0,0.0,0,F1,125,,,,,
2026-02-18,2026-02-18,FO,NSE,STO,57290,,ABB,,2026-03-30,2026-03-30,5000.0,PE,ABB26MAR5000PE,36.2,41.45,30.75,31.2,31.8,38.4,5881.5,31.2,15625,2750,53,33374193.75,43,F1,125,,,,,
2026-02-18,2026-02-18,FO,NSE,STO,69078,,ABB,,2026-02-24,2026-02-24,6000.0,CE,ABB26FEB6000CE,80.0,108.0,56.0,99.1,90.05,82.4,5881.5,99.1,190375,26875,4012,3051947718.75,3224,F1,125,,,,,
2026-02-18,2026-02-18,FO,NSE,STO,57129,,ABB,,2026-02-24,2026-02-24,6550.0,CE,ABB26FEB6550CE,10.6,14.5,8.95,12.6,11.5,13.25,5881.5,12.6,14875,2125,121,99245562.5,102,F1,125,,,,,
2026-02-18,2026-02-18,FO,NSE,STO,57093,,ABB,,2026-02-24,2026-02-24,4850.0,CE,ABB26FEB4850CE,0.0,0.0,0.0,877.25,877.25,877.25,5881.5,1035.9,8750,0,0,0.0,0,F1,125,,,,,
2026-02-18,2026-02-18,FO,NSE,STF,66694,,ABB,,2026-04-28,2026-04-28,,,ABB26APRFUT,5840.0,5915.0,5774.5,5904.0,5913.0,5808.5,5881.5,5904.0,18750,625,19,13901687.5,19,F1,125,,,,,
2026-02-18,2026-02-18,FO,NSE,STO,68988,,ABB,,2026-02-24,2026-02-24,4300.0,CE,ABB26FEB4300CE,0.0,0.0,0.0,1600.45,1600.45,1600.45,5881.5,1585.4,0,0,0,0.0,0,F1,125,,,,,
2026-02-18,2026-02-18,FO,NSE,STO,69037,,ABB,,2026-02-24,2026-02-24,4900.0,CE,ABB26FEB4900CE,0.0,0.0,0.0,858.4,858.4,858.4,5881.5,985.95,12250,0,0,0.0,0,F1,125,,,,,
2026-02-18,2026-02-18,FO,NSE,STO,57105,,ABB,,2026-02-24,2026-02-24,5350.0,CE,ABB26FEB5350CE,545.0,545.0,545.0,545.0,545.0,527.65,5881.5,536.85,17125,0,1,736875.0,1,F1,125,,,,,
2026-02-18,2026-02-18,FO,NSE,STO,57296,,ABB,,2026-03-30,2026-03-30,5300.0,PE,ABB26MAR5300PE,84.0,86.05,66.9,66.9,66.9,107.35,5881.5,66.9,7375,2125,33,22198318.75,31,F1,125,,,,,
2026-02-18,2026-02-18,FO,NSE,STO,75205,,ABB,,2026-03-30,2026-03-30,4450.0,PE,ABB26MAR4450PE,0.0,0.0,0.0,25.0,25.0,25.0,5881.5,0.35,125,0,0,0.0,0,F1,125,,,,,
2026-02-18,2026-02-18,FO,NSE,STO,69054,,ABB,,2026-02-24,2026-02-24,5500.0,PE,ABB26FEB5500PE,43.35,47.35,27.55,30.85,35.0,40.1,5881.5,30.85,71875,-8500,1308,905250712.5,938,F1,125,,,,,
2026-02-18,2026-02-18,FO,NSE,STO,69050,,ABB,,2026-02-24,2026-02-24,5300.0,PE,ABB26FEB5300PE,18.2,21.0,13.0,14.35,15.5,18.55,5881.5,14.35,43625,-375,174,115618568.75,124,F1,125,,,,,
2026-02-18,2026-02-18,FO,NSE,STO,69036,,ABB,,2026-02-24,2026-02-24,4800.0,PE,ABB26FEB4800PE,3.85,4.25,2.85,3.5,3.5,4.0,5881.5,3.5,29750,-625,190,114081293.75,155,F1,125,,,,,
2026-02-18,2026-02-18,FO,NSE,STO,57283,,ABB,,2026-03-30,2026-03-30,4800.0,CE,ABB26MAR4800CE,0.0,0.0,0.0,575.3,0.0,575.3,5881.5,1113.9,0,0,0,0.0,0,F1,125,,,,,
2026-02-18,2026-02-18,FO,NSE,STO,75237,,ABB,,2026-03-30,2026-03-30,5150.0,CE,ABB26MAR5150CE,0.0,0.0,0.0,121.85,0.0,121.85,5881.5,783.3,0,0,0,0.0,0,F1,125,,,,,
2026-02-18,2026-02-18,FO,NSE,STO,75676,,ABB,,2026-04-28,2026-04-28,4200.0,CE,ABB26APR4200CE,0.0,0.0,0.0,667.6,0.0,667.6,5881.5,1725.8,0,0,0,0.0,0,F1,125,,,,,
2026-02-18,2026-02-18,FO,NSE,STO,75708,,ABB,,2026-04-28,2026-04-28,5700.0,CE,ABB26APR5700CE,0.0,0.0,0.0,67.65,0.0,67.65,5881.5,437.75,0,0,0,0.0,0,F1,125,,,,,
2026-02-18,2026-02-18,FO,NSE,STO,69001,,ABB,,2026-02-24,2026-02-24,4600.0,PE,ABB26FEB4600PE,0.05,1.7,0.05,1.65,1.65,2.35,5881.5,0.05,18500,-125,16,9202481.25,13,F1,125,,,,,
2026-02-18,2026-02-18,FO,NSE,STO,57089,,ABB,,2026-02-24,2026-02-24,4650.0,PE,ABB26FEB4650PE,0.0,0.0,0.0,3.0,3.0,3.0,5881.5,0.05,3375,0,0,0.0,0,F1,125,,,,,
2026-02-18,2026-02-18,FO,NSE,STO,75541,,ABB,,2026-03-30,2026-03-30,6250.0,PE,ABB26MAR6250PE,0.0,0.0,0.0,1484.5,0.0,1484.5,5881.5,442.4,0,0,0,0.0,0,F1,125,,,,,
2026-02-18,2026-02-18,FO,NSE,STO,57302,,ABB,,2026-03-30,2026-03-30,5600.0,PE,ABB26MAR5600PE,162.0,172.75,130.55,134.25,143.0,142.8,5881.5,134.25,5500,1375,52,37340587.5,47,F1,125,,,,,
2026-02-18,2026-02-18,FO,NSE,STO,75699,,ABB,,2026-04-28,2026-04-28,5200.0,PE,ABB26APR5200PE,0.0,0.0,0.0,578.3,0.0,578.3,5881.5,58.7,0,0,0,0.0,0,F1,125,,,,,
2026-02-18,2026-02-18,FO,NSE,STO,35277,,ABB,,2026-03-30,2026-03-30,6550.0,PE,ABB26MAR6550PE,0.0,0.0,0.0,1452.5,0.0,1452.5,5881.5,679.5,0,0,0,0.0,0,F1,125,,,,,
2026-02-18,2026-02-18,FO,NSE,STO,75537,,ABB,,2026-03-30,2026-03-30,6050.0,PE,ABB26MAR6050PE,0.0,0.0,0.0,1292.3,0.0,1292.3,5881.5,309.7,0,0,0,0.0,0,F1,125,,,,,
2026-02-18,2026-02-18,FO,NSE,STO,57316,,ABB,,2026-03-30,2026-03-30,6300.0,PE,ABB26MAR6300PE,0.0,0.0,0.0,1130.85,0.0,1130.85,5881.5,479.05,0,0,0,0.0,0,F1,125,,,,,
2026-02-18,2026-02-18,FO,NSE,STO,69082,,ABB,,2026-02-24,2026-02-24,6200.0,CE,ABB26FEB6200CE,35.6,50.1,24.3,45.95,41.25,40.05,5881.5,45.95,104750,2750,1996,1556399418.75,1403,F1,125,,,,,
2026-02-18,2026-02-18,FO,NSE,STO,35264,,ABB,,2026-02-24,2026-02-24,6700.0,CE,ABB26FEB6700CE,8.75,9.15,4.5,6.05,6.0,8.95,5881.5,6.05,43000,-5375,976,818170137.5,708,F1,125,,,,,
2026-02-18,2026-02-18,FO,NSE,STO,75210,,ABB,,2026-03-30,2026-03-30,4750.0,CE,ABB26MAR4750CE,0.0,0.0,0.0,266.05,0.0,266.05,5881.5,1162.7,0,0,0,0.0,0,F1,125,,,,,
2026-02-18,2026-02-18,FO,NSE,STO,75299,,ABB,,2026-03-30,2026-03-30,5350.0,CE,ABB26MAR5350CE,0.0,0.0,0.0,78.4,0.0,78.4,5881.5,609.95,0,0,0,0.0,0,F1,125,,,,,
2026-02-18,2026-02-18,FO,NSE,STO,57315,,ABB,,2026-03-30,2026-03-30,6300.0,CE,ABB26MAR6300CE,100.85,114.6,77.5,108.45,106.5,96.65,5881.5,108.45,22625,6375,252,201544681.25,203,F1,125,,,,,
2026-02-18,2026-02-18,FO,NSE,STO,35132,,ABB,,2026-03-30,2026-03-30,6700.0,CE,ABB26MAR6700CE,44.75,47.35,32.3,46.1,45.0,43.15,5881.5,46.1,7000,1125,78,65728325.0,70,F1,125,,,,,
2026-02-18,2026-02-18,FO,NSE,STO,68993,,ABB,,2026-02-24,2026-02-24,4400.0,PE,ABB26FEB4400PE,1.9,1.9,0.7,1.05,1.0,2.2,5881.5,1.05,8750,-625,66,36309118.75,59,F1,125,,,,,
2026-02-18,2026-02-18,FO,NSE,STO,69040,,ABB,,2026-02-24,2026-02-24,5000.0,PE,ABB26FEB5000PE,7.4,8.3,5.0,5.75,5.6,7.75,5881.5,5.75,68375,3000,441,275969062.5,311,F1,125,,,,,
2026-02-18,2026-02-18,FO,NSE,STO,69071,,ABB,,2026-02-24,2026-02-24,5700.0,PE,ABB26FEB5700PE,86.6,109.05,64.8,72.0,80.25,91.65,5881.5,72.0,126875,22250,1135,820367631.25,806,F1,125,,,,,
2026-02-18,2026-02-18,FO,NSE,STO,57124,,ABB,,2026-02-24,2026-02-24,6250.0,PE,ABB26FEB6250PE,0.0,0.0,0.0,473.9,473.9,473.9,5881.5,369.1,0,0,0,0.0,0,F1,125,,,,,
2026-02-18,2026-02-18,FO,NSE,STO,57088,,ABB,,2026-02-24,2026-02-24,4650.0,CE,ABB26FEB4650CE,0.0,0.0,0.0,1155.15,1155.15,1155.15,5881.5,1235.7,375,0,0,0.0,0,F1,125,,,,,
2026-02-18,2026-02-18,FO,NSE,STO,69049,,ABB,,2026-02-24,2026-02-24,5300.0,CE,ABB26FEB5300CE,510.05,605.0,510.05,601.7,600.1,548.4,5881.5,601.7,48500,-250,12,8814606.25,11,F1,125,,,,,
2026-02-18,2026-02-18,FO,NSE,STO,57123,,ABB,,2026-02-24,2026-02-24,6250.0,CE,ABB26FEB6250CE,32.0,40.95,21.55,37.55,35.85,33.15,5881.5,37.55,14750,1625,151,118590812.5,145,F1,125,,,,,
2026-02-18,2026-02-18,FO,NSE,STO,75694,,ABB,,2026-04-28,2026-04-28,5000.0,CE,ABB26APR5000CE,0.0,0.0,0.0,228.7,0.0,228.7,5881.5,964.7,0,0,0,0.0,0,F1,125,,,,,
2026-02-18,2026-02-18,FO,NSE,STO,68981,,ABB,,2026-02-24,2026-02-24,3900.0,PE,ABB26FEB3900PE,0.35,0.45,0.25,0.45,0.45,1.2,5881.5,0.05,8375,-1000,12,5850512.5,12,F1,125,,,,,
2026-02-18,2026-02-18,FO,NSE,STO,69073,,ABB,,2026-02-24,2026-02-24,5800.0,PE,ABB26FEB5800PE,144.6,156.95,94.5,103.55,113.0,138.3,5881.5,103.55,80250,16500,1736,1284629525.0,1449,F1,125,,,,,
2026-02-18,2026-02-18,FO,NSE,STO,35276,,ABB,,2026-03-30,2026-03-30,6550.0,CE,ABB26MAR6550CE,0.0,0.0,0.0,13.4,0.0,13.4,5881.5,50.35,0,0,0,0.0,0,F1,125,,,,,
2026-02-18,2026-02-18,FO,NSE,STO,69091,,ABB,,2026-02-24,2026-02-24,6600.0,PE,ABB26FEB6600PE,0.0,0.0,0.0,1466.0,0.0,1466.0,5881.5,712.65,0,0,0,0.0,0,F1,125,,,,,
2026-02-18,2026-02-18,FO,NSE,STO,57264,,ABB,,2026-03-30,2026-03-30,4200.0,PE,ABB26MAR4200PE,0.0,0.0,0.0,36.5,0.0,36.5,5881.5,0.05,0,0,0,0.0,0,F1,125,,,,,
2026-02-18,2026-02-18,FO,NSE,STO,57266,,ABB,,2026-03-30,2026-03-30,4300.0,PE,ABB26MAR4300PE,0.0,0.0,0.0,49.25,0.0,49.25,5881.5,0.1,0,0,0,0.0,0,F1,125,,,,,
2026-02-18,2026-02-18,FO,NSE,STO,57274,,ABB,,2026-03-30,2026-03-30,4500.0,PE,ABB26MAR4500PE,0.0,0.0,0.0,84.3,0.0,84.3,5881.5,0.5,0,0,0,0.0,0,F1,125,,,,,
2026-02-18,2026-02-18,FO,NSE,STO,57275,,ABB,,2026-03-30,2026-03-30,4600.0,CE,ABB26MAR4600CE,0.0,0.0,0.0,714.15,0.0,714.15,5881.5,1310.15,0,0,0,0.0,0,F1,125,,,,,
2026-02-18,2026-02-18,FO,NSE,STO,57127,,ABB,,2026-02-24,2026-02-24,6450.0,CE,ABB26FEB6450CE,0.0,0.0,0.0,16.1,0.0,16.1,5881.5,0.75,0,0,0,0.0,0,F1,125,,,,,
2026-02-18,2026-02-18,FO,NSE,STO,57113,,ABB,,2026-02-24,2026-02-24,5750.0,CE,ABB26FEB5750CE,194.45,235.65,147.0,223.85,215.0,194.45,5881.5,223.85,24750,-3375,114,84589450.0,100,F1,125,,,,,
2026-02-18,2026-02-18,FO,NSE,STO,69043,,ABB,,2026-02-24,2026-02-24,5100.0,CE,ABB26FEB5100CE,0.0,0.0,0.0,748.15,748.15,748.15,5881.5,786.1,36625,0,0,0.0,0,F1,125,,,,,
2026-02-18,2026-02-18,FO,NSE,STO,57095,,ABB,,2026-02-24,2026-02-24,4950.0,CE,ABB26FEB4950CE,0.0,0.0,0.0,794.0,794.0,794.0,5881.5,935.95,10875,0,0,0.0,0,F1,125,,,,,
2026-02-18,2026-02-18,FO,NSE,STO,75232,,ABB,,2026-03-30,2026-03-30,4850.0,PE,ABB26MAR4850PE,0.0,0.0,0.0,30.8,30.8,30.8,5881.5,4.75,0,0,0,0.0,0,F1,125,,,,,
2026-02-18,2026-02-18,FO,NSE,STO,57308,,ABB,,2026-03-30,2026-03-30,5900.0,PE,ABB26MAR5900PE,283.0,283.0,242.4,253.65,254.0,282.75,5881.5,253.65,15125,4625,50,38507312.5,43,F1,125,,,,,
2026-02-18,2026-02-18,FO,NSE,STO,69000,,ABB,,2026-02-24,2026-02-24,4600.0,CE,ABB26FEB4600CE,0.0,0.0,0.0,1223.0,1223.0,1223.0,5881.5,1285.65,2250,0,0,0.0,0,F1,125,,,,,
2026-02-18,2026-02-18,FO,NSE,STO,68982,,ABB,,2026-02-24,2026-02-24,4000.0,CE,ABB26FEB4000CE,0.0,0.0,0.0,1450.0,1450.0,1450.0,5881.5,1885.1,375,0,0,0.0,0,F1,125,,,,,
2026-02-18,2026-02-18,FO,NSE,STO,57297,,ABB,,2026-03-30,2026-03-30,5400.0,CE,ABB26MAR5400CE,552.0,552.0,552.0,552.0,552.0,520.0,5881.5,569.25,1875,125,1,744000.0,1,F1,125,,,,,
2026-02-18,2026-02-18,FO,NSE,STO,57277,,ABB,,2026-03-30,2026-03-30,4700.0,CE,ABB26MAR4700CE,0.0,0.0,0.0,642.65,0.0,642.65,5881.5,1211.7,0,0,0,0.0,0,F1,125,,,,,
2026-02-18,2026-02-18,FO,NSE,STO,75235,,ABB,,2026-03-30,2026-03-30,5050.0,CE,ABB26MAR5050CE,0.0,0.0,0.0,150.1,0.0,150.1,5881.5,875.1,0,0,0,0.0,0,F1,125,,,,,
2026-02-18,2026-02-18,FO,NSE,STO,57112,,ABB,,2026-02-24,2026-02-24,5650.0,PE,ABB26FEB5650PE,73.5,89.55,53.75,58.35,64.45,75.9,5881.5,58.35,20750,5875,226,161469237.5,209,F1,125,,,,,
2026-02-18,2026-02-18,FO,NSE,STO,75716,,ABB,,2026-04-28,2026-04-28,6100.0,CE,ABB26APR6100CE,0.0,0.0,0.0,30.5,0.0,30.5,5881.5,241.3,0,0,0,0.0,0,F1,125,,,,,
2026-02-18,2026-02-18,FO,NSE,STO,75706,,ABB,,2026-04-28,2026-04-28,5600.0,CE,ABB26APR5600CE,0.0,0.0,0.0,81.7,0.0,81.7,5881.5,499.6,0,0,0,0.0,0,F1,125,,,,,
2026-02-18,2026-02-18,FO,NSE,STO,75698,,ABB,,2026-04-28,2026-04-28,5200.0,CE,ABB26APR5200CE,0.0,0.0,0.0,165.45,0.0,165.45,5881.5,794.0,0,0,0,0.0,0,F1,125,,,,,
2026-02-18,2026-02-18,FO,NSE,STO,57086,,ABB,,2026-02-24,2026-02-24,4550.0,CE,ABB26FEB4550CE,1343.65,1343.65,1313.55,1340.4,1340.4,685.4,5881.5,1335.6,125,125,7,5145250.0,4,F1,125,,,,,
2026-02-18,2026-02-18,FO,NSE,STO,75688,,ABB,,2026-04-28,2026-04-28,4700.0,CE,ABB26APR4700CE,0.0,0.0,0.0,356.75,0.0,356.75,5881.5,1240.4,0,0,0,0.0,0,F1,125,,,,,
2026-02-18,2026-02-18,FO,NSE,STO,57311,,ABB,,2026-03-30,2026-03-30,6100.0,CE,ABB26MAR6100CE,150.0,172.15,123.15,171.7,172.0,149.3,5881.5,171.7,2000,-1000,59,46074881.25,53,F1,125,,,,,
2026-02-18,2026-02-18,FO,NSE,STO,75326,,ABB,,2026-03-30,2026-03-30,5850.0,CE,ABB26MAR5850CE,239.0,282.7,239.0,282.35,282.0,239.0,5881.5,282.35,1375,1125,11,8409350.0,10,F1,125,,,,,
2026-02-18,2026-02-18,FO,NSE,STO,57263,,ABB,,2026-03-30,2026-03-30,4200.0,CE,ABB26MAR4200CE,0.0,0.0,0.0,1551.75,1551.75,1551.75,5881.5,1706.8,250,0,0,0.0,0,F1,125,,,,,
2026-02-18,2026-02-18,FO,NSE,STO,69090,,ABB,,2026-02-24,2026-02-24,6600.0,CE,ABB26FEB6600CE,9.1,12.3,5.65,9.25,10.2,11.35,5881.5,9.25,15625,-9875,444,366773737.5,346,F1,125,,,,,
2026-02-18,2026-02-18,FO,NSE,STO,57119,,ABB,,2026-02-24,2026-02-24,6050.0,CE,ABB26FEB6050CE,59.9,86.5,45.4,80.1,75.65,69.0,5881.5,80.1,16625,3000,422,322709643.75,368,F1,125,,,,,
2026-02-18,2026-02-18,FO,NSE,STO,69070,,ABB,,2026-02-24,2026-02-24,5700.0,CE,ABB26FEB5700CE,210.0,275.0,175.05,259.0,248.25,221.15,5881.5,259.0,53750,-5000,240,177495912.5,219,F1,125,,,,,
2026-02-18,2026-02-18,FO,NSE,STO,57091,,ABB,,2026-02-24,2026-02-24,4750.0,CE,ABB26FEB4750CE,0.0,0.0,0.0,1000.0,1000.0,1000.0,5881.5,1135.8,4375,0,0,0.0,0,F1,125,,,,,
2026-02-18,2026-02-18,FO,NSE,STO,75715,,ABB,,2026-04-28,2026-04-28,6000.0,PE,ABB26APR6000PE,0.0,0.0,0.0,1238.05,0.0,1238.05,5881.5,339.3,0,0,0,0.0,0,F1,125,,,,,
2026-02-18,2026-02-18,FO,NSE,STO,75703,,ABB,,2026-04-28,2026-04-28,5400.0,PE,ABB26APR5400PE,0.0,0.0,0.0,727.4,0.0,727.4,5881.5,100.55,0,0,0,0.0,0,F1,125,,,,,
2026-02-18,2026-02-18,FO,NSE,STO,75689,,ABB,,2026-04-28,2026-04-28,4700.0,PE,ABB26APR4700PE,0.0,0.0,0.0,277.25,0.0,277.25,5881.5,10.3,0,0,0,0.0,0,F1,125,,,,,
2026-02-18,2026-02-18,FO,NSE,STO,57304,,ABB,,2026-03-30,2026-03-30,5700.0,PE,ABB26MAR5700PE,190.0,214.0,164.75,169.4,175.0,176.0,5881.5,169.4,4250,625,33,24290937.5,31,F1,125,,,,,
2026-02-18,2026-02-18,FO,NSE,STO,75234,,ABB,,2026-03-30,2026-03-30,4950.0,PE,ABB26MAR4950PE,0.0,0.0,0.0,374.05,0.0,374.05,5881.5,8.1,0,0,0,0.0,0,F1,125,,,,,
2026-02-18,2026-02-18,FO,NSE,STO,57278,,ABB,,2026-03-30,2026-03-30,4700.0,PE,ABB26MAR4700PE,0.0,0.0,0.0,134.55,0.0,134.55,5881.5,1.95,0,0,0,0.0,0,F1,125,,,,,
2026-02-18,2026-02-18,FO,NSE,STO,57128,,ABB,,2026-02-24,2026-02-24,6450.0,PE,ABB26FEB6450PE,0.0,0.0,0.0,1268.0,0.0,1268.0,5881.5,563.4,0,0,0,0.0,0,F1,125,,,,,
2026-02-18,2026-02-18,FO,NSE,STO,57122,,ABB,,2026-02-24,2026-02-24,6150.0,PE,ABB26FEB6150PE,0.0,0.0,0.0,989.9,0.0,989.9,5881.5,278.15,0,0,0,0.0,0,F1,125,,,,,
2026-02-18,2026-02-18,FO,NSE,STO,57116,,ABB,,2026-02-24,2026-02-24,5850.0,PE,ABB26FEB5850PE,168.25,185.0,112.35,125.45,136.65,158.1,5881.5,125.45,19875,875,307,229858068.75,275,F1,125,,,,,
2026-02-18,2026-02-18,FO,NSE,STO,75301,,ABB,,2026-03-30,2026-03-30,5450.0,CE,ABB26MAR5450CE,0.0,0.0,0.0,328.75,328.75,328.75,5881.5,529.9,250,0,0,0.0,0,F1,125,,,,,
2026-02-18,2026-02-18,FO,NSE,STO,75313,,ABB,,2026-03-30,2026-03-30,5650.0,CE,ABB26MAR5650CE,0.0,0.0,0.0,38.05,0.0,38.05,5881.5,386.55,0,0,0,0.0,0,F1,125,,,,,
2026-02-18,2026-02-18,FO,NSE,STO,75538,,ABB,,2026-03-30,2026-03-30,6150.0,CE,ABB26MAR6150CE,0.0,0.0,0.0,155.0,155.0,155.0,5881.5,141.6,1375,0,0,0.0,0,F1,125,,,,,
2026-02-18,2026-02-18,FO,NSE,STO,57317,,ABB,,2026-03-30,2026-03-30,6400.0,CE,ABB26MAR6400CE,73.0,88.0,73.0,88.0,88.0,68.1,5881.5,88.0,1125,250,3,2429250.0,3,F1,125,,,,,
2026-02-18,2026-02-18,FO,NSE,STO,75702,,ABB,,2026-04-28,2026-04-28,5400.0,CE,ABB26APR5400CE,0.0,0.0,0.0,117.6,0.0,117.6,5881.5,637.9,0,0,0,0.0,0,F1,125,,,,,
2026-02-18,2026-02-18,FO,NSE,STO,75712,,ABB,,2026-04-28,2026-04-28,5900.0,CE,ABB26APR5900CE,0.0,0.0,0.0,45.8,0.0,45.8,5881.5,329.4,0,0,0,0.0,0,F1,125,,,,,
2026-02-18,2026-02-18,FO,NSE,STO,75714,,ABB,,2026-04-28,2026-04-28,6000.0,CE,ABB26APR6000CE,0.0,0.0,0.0,37.45,0.0,37.45,5881.5,282.9,0,0,0,0.0,0,F1,125,,,,,
2026-02-18,2026-02-18,FO,NSE,STO,35292,,ABB,,2026-04-28,2026-04-28,6300.0,CE,ABB26APR6300CE,0.0,0.0,0.0,56.2,0.0,56.2,5881.5,172.05,0,0,0,0.0,0,F1,125,,,,,
2026-02-18,2026-02-18,FO,NSE,STO,69044,,ABB,,2026-02-24,2026-02-24,5100.0,PE,ABB26FEB5100PE,10.0,10.0,6.4,7.35,6.4,9.75,5881.5,7.35,27750,-1875,219,139827825.0,172,F1,125,,,,,
2026-02-18,2026-02-18,FO,NSE,STO,57110,,ABB,,2026-02-24,2026-02-24,5550.0,PE,ABB26FEB5550PE,49.85,58.6,35.05,38.4,41.35,50.5,5881.5,38.4,23125,1625,237,165865556.25,176,F1,125,,,,,
2026-02-18,2026-02-18,FO,NSE,STO,69083,,ABB,,2026-02-24,2026-02-24,6200.0,PE,ABB26FEB6200PE,0.0,0.0,0.0,1109.0,0.0,1109.0,5881.5,322.8,0,0,0,0.0,0,F1,125,,,,,
2026-02-18,2026-02-18,FO,NSE,STO,75693,,ABB,,2026-04-28,2026-04-28,4900.0,PE,ABB26APR4900PE,0.0,0.0,0.0,384.15,0.0,384.15,5881.5,22.25,0,0,0,0.0,0,F1,125,,,,,
2026-02-18,2026-02-18,FO,NSE,STO,57158,,ABB,,2026-02-24,2026-02-24,6550.0,PE,ABB26FEB6550PE,0.0,0.0,0.0,1363.25,0.0,1363.25,5881.5,662.8,0,0,0,0.0,0,F1,125,,,,,
2026-02-18,2026-02-18,FO,NSE,STO,57300,,ABB,,2026-03-30,2026-03-30,5500.0,PE,ABB26MAR5500PE,120.0,138.5,100.55,106.0,113.5,125.15,5881.5,106.0,25125,6750,164,115208868.75,143,F1,125,,,,,
2026-02-18,2026-02-18,FO,NSE,STO,75302,,ABB,,2026-03-30,2026-03-30,5450.0,PE,ABB26MAR5450PE,0.0,0.0,0.0,228.4,228.4,228.4,5881.5,65.65,125,0,0,0.0,0,F1,125,,,,,
2026-02-18,2026-02-18,FO,NSE,STO,57292,,ABB,,2026-03-30,2026-03-30,5100.0,PE,ABB26MAR5100PE,41.1,43.1,40.9,40.9,40.9,56.2,5881.5,16.7,1375,1125,17,10925200.0,11,F1,125,,,,,
2026-02-18,2026-02-18,FO,NSE,STO,75228,,ABB,,2026-03-30,2026-03-30,4750.0,PE,ABB26MAR4750PE,0.0,0.0,0.0,258.9,0.0,258.9,5881.5,2.65,0,0,0,0.0,0,F1,125,,,,,
2026-02-18,2026-02-18,FO,NSE,STO,69002,,ABB,,2026-02-24,2026-02-24,4700.0,CE,ABB26FEB4700CE,0.0,0.0,0.0,1150.0,1150.0,1150.0,5881.5,1185.75,15250,0,0,0.0,0,F1,125,,,,,
2026-02-18,2026-02-18,FO,NSE,STO,57099,,ABB,,2026-02-24,2026-02-24,5050.0,CE,ABB26FEB5050CE,840.65,853.8,840.65,853.8,853.8,649.05,5881.5,853.8,19375,0,4,2949137.5,4,F1,125,,,,,
2026-02-18,2026-02-18,FO,NSE,STO,69072,,ABB,,2026-02-24,2026-02-24,5800.0,CE,ABB26FEB5800CE,144.2,210.0,122.6,197.85,174.0,163.15,5881.5,197.85,59250,-9875,1272,947658150.0,1141,F1,125,,,,,
2026-02-18,2026-02-18,FO,NSE,STO,57273,,ABB,,2026-03-30,2026-03-30,4500.0,CE,ABB26MAR4500CE,0.0,0.0,0.0,789.45,0.0,789.45,5881.5,1409.05,0,0,0,0.0,0,F1,125,,,,,
2026-02-18,2026-02-18,FO,NSE,STO,75208,,ABB,,2026-03-30,2026-03-30,4650.0,CE,ABB26MAR4650CE,0.0,0.0,0.0,316.2,0.0,316.2,5881.5,1260.85,0,0,0,0.0,0,F1,125,,,,,
2026-02-18,2026-02-18,FO,NSE,STO,57287,,ABB,,2026-03-30,2026-03-30,4900.0,CE,ABB26MAR4900CE,0.0,0.0,0.0,512.65,0.0,512.65,5881.5,1017.2,0,0,0,0.0,0,F1,125,,,,,
2026-02-18,2026-02-18,FO,NSE,STO,69088,,ABB,,2026-02-24,2026-02-24,6500.0,CE,ABB26FEB6500CE,15.55,17.55,8.15,14.35,14.5,15.55,5881.5,14.35,56375,6625,1510,1229332568.75,1002,F1,125,,,,,
2026-02-18,2026-02-18,FO,NSE,STO,57276,,ABB,,2026-03-30,2026-03-30,4600.0,PE,ABB26MAR4600PE,0.0,0.0,0.0,107.55,0.0,107.55,5881.5,1.0,0,0,0,0.0,0,F1,125,,,,,
2026-02-18,2026-02-18,FO,NSE,STO,35273,,ABB,,2026-03-30,2026-03-30,6450.0,CE,ABB26MAR6450CE,0.0,0.0,0.0,51.85,51.85,51.85,5881.5,66.45,250,0,0,0.0,0,F1,125,,,,,
2026-02-18,2026-02-18,FO,NSE,STO,57305,,ABB,,2026-03-30,2026-03-30,5800.0,CE,ABB26MAR5800CE,264.95,312.0,236.15,307.15,302.0,266.65,5881.5,307.15,47625,3875,211,160118787.5,169,F1,125,,,,,
2026-02-18,2026-02-18,FO,NSE,STO,75324,,ABB,,2026-03-30,2026-03-30,5750.0,CE,ABB26MAR5750CE,0.0,0.0,0.0,294.9,294.9,294.9,5881.5,324.3,250,0,0,0.0,0,F1,125,,,,,
2026-02-18,2026-02-18,FO,NSE,STO,57107,,ABB,,2026-02-24,2026-02-24,5450.0,CE,ABB26FEB5450CE,0.0,0.0,0.0,396.95,396.95,396.95,5881.5,438.35,5125,0,0,0.0,0,F1,125,,,,,
2026-02-18,2026-02-18,FO,NSE,STO,57299,,ABB,,2026-03-30,2026-03-30,5500.0,CE,ABB26MAR5500CE,450.0,500.0,405.55,497.7,500.0,439.0,5881.5,497.7,10375,2875,47,34971506.25,29,F1,125,,,,,
2026-02-18,2026-02-18,FO,NSE,STO,35293,,ABB,,2026-04-28,2026-04-28,6300.0,PE,ABB26APR6300PE,0.0,0.0,0.0,1217.25,0.0,1217.25,5881.5,525.4,0,0,0,0.0,0,F1,125,,,,,
2026-02-18,2026-02-18,FO,NSE,STO,75721,,ABB,,2026-04-28,2026-04-28,6400.0,PE,ABB26APR6400PE,0.0,0.0,0.0,1610.6,0.0,1610.6,5881.5,596.2,0,0,0,0.0,0,F1,125,,,,,
2026-02-18,2026-02-18,FO,NSE,STO,57114,,ABB,,2026-02-24,2026-02-24,5750.0,PE,ABB26FEB5750PE,115.6,130.3,80.0,84.8,91.0,110.25,5881.5,84.8,21750,1250,329,240678387.5,274,F1,125,,,,,
2026-02-18,2026-02-18,FO,NSE,STO,35274,,ABB,,2026-03-30,2026-03-30,6450.0,PE,ABB26MAR6450PE,0.0,0.0,0.0,1357.4,0.0,1357.4,5881.5,596.2,0,0,0,0.0,0,F1,125,,,,,
2026-02-18,2026-02-18,FO,NSE,STO,75300,,ABB,,2026-03-30,2026-03-30,5350.0,PE,ABB26MAR5350PE,0.0,0.0,0.0,81.05,81.05,81.05,5881.5,46.3,1875,0,0,0.0,0,F1,125,,,,,
2026-02-18,2026-02-18,FO,NSE,STO,57108,,ABB,,2026-02-24,2026-02-24,5450.0,PE,ABB26FEB5450PE,31.05,38.35,24.4,26.4,27.75,33.0,5881.5,26.4,15875,0,56,38371250.0,47,F1,125,,,,,
2026-02-18,2026-02-18,FO,NSE,STO,57126,,ABB,,2026-02-24,2026-02-24,6350.0,PE,ABB26FEB6350PE,0.0,0.0,0.0,1173.9,0.0,1173.9,5881.5,465.05,0,0,0,0.0,0,F1,125,,,,,
2026-02-18,2026-02-18,FO,NSE,STO,35265,,ABB,,2026-02-24,2026-02-24,6700.0,PE,ABB26FEB6700PE,0.0,0.0,0.0,1443.4,0.0,1443.4,5881.5,812.45,0,0,0,0.0,0,F1,125,,,,,
2026-02-18,2026-02-18,FO,NSE,STO,57291,,ABB,,2026-03-30,2026-03-30,5100.0,CE,ABB26MAR5100CE,0.0,0.0,0.0,401.1,0.0,401.1,5881.5,828.85,0,0,0,0.0,0,F1,125,,,,,
2026-02-18,2026-02-18,FO,NSE,STO,57289,,ABB,,2026-03-30,2026-03-30,5000.0,CE,ABB26MAR5000CE,0.0,0.0,0.0,885.0,885.0,885.0,5881.5,921.95,875,0,0,0.0,0,F1,125,,,,,
2026-02-18,2026-02-18,FO,NSE,STO,57260,,ABB,,2026-03-30,2026-03-30,4000.0,PE,ABB26MAR4000PE,0.0,0.0,0.0,6.55,6.55,6.55,5881.5,0.05,2500,0,0,0.0,0,F1,125,,,,,
2026-02-18,2026-02-18,FO,NSE,STO,69048,,ABB,,2026-02-24,2026-02-24,5200.0,PE,ABB26FEB5200PE,11.8,14.0,8.9,10.0,10.3,13.05,5881.5,10.0,43000,-3750,473,308103625.0,293,F1,125,,,,,
2026-02-18,2026-02-18,FO,NSE,STO,68999,,ABB,,2026-02-24,2026-02-24,4500.0,PE,ABB26FEB4500PE,1.9,1.9,0.9,1.25,1.25,0.65,5881.5,0.05,11375,-1125,22,12378587.5,18,F1,125,,,,,
2026-02-18,2026-02-18,FO,NSE,STO,57085,,ABB,,2026-02-24,2026-02-24,4450.0,PE,ABB26FEB4450PE,0.0,0.0,0.0,2.1,2.25,2.1,5881.5,0.05,1750,0,0,0.0,0,F1,125,,,,,
2026-02-18,2026-02-18,FO,NSE,STO,68986,,ABB,,2026-02-24,2026-02-24,4200.0,CE,ABB26FEB4200CE,0.0,0.0,0.0,1212.45,1212.45,1212.45,5881.5,1685.3,125,0,0,0.0,0,F1,125,,,,,
2026-02-18,2026-02-18,FO,NSE,STO,75704,,ABB,,2026-04-28,2026-04-28,5500.0,CE,ABB26APR5500CE,0.0,0.0,0.0,98.15,0.0,98.15,5881.5,566.4,0,0,0,0.0,0,F1,125,,,,,
2026-02-18,2026-02-18,FO,NSE,STO,57115,,ABB,,2026-02-24,2026-02-24,5850.0,CE,ABB26FEB5850CE,124.6,179.0,100.95,165.9,156.45,137.6,5881.5,165.9,32000,-625,1043,781275100.0,917,F1,125,,,,,
2026-02-18,2026-02-18,FO,NSE,STO,57125,,ABB,,2026-02-24,2026-02-24,6350.0,CE,ABB26FEB6350CE,21.55,28.0,14.6,26.1,26.0,24.6,5881.5,26.1,5375,-125,116,92421900.0,113,F1,125,,,,,
2026-02-18,2026-02-18,FO,NSE,STO,57268,,ABB,,2026-03-30,2026-03-30,4400.0,CE,ABB26MAR4400CE,0.0,0.0,0.0,868.7,0.0,868.7,5881.5,1508.15,0,0,0,0.0,0,F1,125,,,,,
2026-02-18,2026-02-18,FO,NSE,STO,75304,,ABB,,2026-03-30,2026-03-30,5550.0,CE,ABB26MAR5550CE,0.0,0.0,0.0,274.65,274.65,274.65,5881.5,455.25,375,0,0,0.0,0,F1,125,,,,,
2026-02-18,2026-02-18,FO,NSE,STO,75323,,ABB,,2026-03-30,2026-03-30,5650.0,PE,ABB26MAR5650PE,0.0,0.0,0.0,145.65,145.65,145.65,5881.5,121.1,2375,0,0,0.0,0,F1,125,,,,,
2026-02-18,2026-02-18,FO,NSE,STO,57314,,ABB,,2026-03-30,2026-03-30,6200.0,PE,ABB26MAR6200PE,0.0,0.0,0.0,1044.5,0.0,1044.5,5881.5,407.05,0,0,0,0.0,0,F1,125,,,,,
2026-02-18,2026-02-18,FO,NSE,STO,57318,,ABB,,2026-03-30,2026-03-30,6400.0,PE,ABB26MAR6400PE,0.0,0.0,0.0,1218.95,0.0,1218.95,5881.5,556.05,0,0,0,0.0,0,F1,125,,,,,
2026-02-18,2026-02-18,FO,NSE,STO,75684,,ABB,,2026-04-28,2026-04-28,4500.0,PE,ABB26APR4500PE,0.0,0.0,0.0,189.95,0.0,189.95,5881.5,4.2,0,0,0,0.0,0,F1,125,,,,,
2026-02-18,2026-02-18,FO,NSE,STO,75687,,ABB,,2026-04-28,2026-04-28,4600.0,PE,ABB26APR4600PE,0.0,0.0,0.0,231.1,0.0,231.1,5881.5,6.7,0,0,0,0.0,0,F1,125,,,,,
2026-02-18,2026-02-18,FO,NSE,STO,75691,,ABB,,2026-04-28,2026-04-28,4800.0,PE,ABB26APR4800PE,0.0,0.0,0.0,328.3,0.0,328.3,5881.5,15.35,0,0,0,0.0,0,F1,125,,,,,
2026-02-18,2026-02-18,FO,NSE,STO,75711,,ABB,,2026-04-28,2026-04-28,5800.0,PE,ABB26APR5800PE,0.0,0.0,0.0,1059.45,0.0,1059.45,5881.5,239.55,0,0,0,0.0,0,F1,125,,,,,
2026-02-18,2026-02-18,FO,NSE,STO,75713,,ABB,,2026-04-28,2026-04-28,5900.0,PE,ABB26APR5900PE,0.0,0.0,0.0,1147.95,0.0,1147.95,5881.5,286.9,0,0,0,0.0,0,F1,125,,,,,
2026-02-18,2026-02-18,FO,NSE,STO,75719,,ABB,,2026-04-28,2026-04-28,6200.0,PE,ABB26APR6200PE,0.0,0.0,0.0,1422.3,0.0,1422.3,5881.5,458.8,0,0,0,0.0,0,F1,125,,,,,
2026-02-18,2026-02-18,FO,NSE,STO,75542,,ABB,,2026-03-30,2026-03-30,6350.0,CE,ABB26MAR6350CE,75.15,96.45,73.9,96.4,96.45,5.5,5881.5,96.4,875,875,12,9655306.25,12,F1,125,,,,,
2026-02-18,2026-02-18,FO,NSE,STO,75312,,ABB,,2026-03-30,2026-03-30,5550.0,PE,ABB26MAR5550PE,0.0,0.0,0.0,144.25,144.25,144.25,5881.5,90.35,875,0,0,0.0,0,F1,125,,,,,
2026-02-18,2026-02-18,FO,NSE,STO,57303,,ABB,,2026-03-30,2026-03-30,5700.0,CE,ABB26MAR5700CE,325.0,378.05,290.0,371.15,375.0,387.0,5881.5,371.15,3875,250,22,16576931.25,14,F1,125,,,,,
2026-02-18,2026-02-18,FO,NSE,STO,57307,,ABB,,2026-03-30,2026-03-30,5900.0,CE,ABB26MAR5900CE,225.7,267.15,192.7,253.55,241.0,222.6,5881.5,253.55,22500,12375,243,186319156.25,235,F1,125,,,,,
2026-02-18,2026-02-18,FO,NSE,STO,75441,,ABB,,2026-03-30,2026-03-30,5950.0,CE,ABB26MAR5950CE,200.0,232.75,200.0,229.35,224.45,220.25,5881.5,229.35,1375,1000,17,13107881.25,14,F1,125,,,,,
2026-02-18,2026-02-18,FO,NSE,STO,75536,,ABB,,2026-03-30,2026-03-30,6050.0,CE,ABB26MAR6050CE,140.0,200.0,140.0,200.0,200.0,173.0,5881.5,200.0,1125,375,3,2328750.0,2,F1,125,,,,,
2026-02-18,2026-02-18,FO,NSE,STO,57298,,ABB,,2026-03-30,2026-03-30,5400.0,PE,ABB26MAR5400PE,110.0,110.0,80.3,84.05,86.3,100.0,5881.5,84.05,3750,3375,38,26112875.0,31,F1,125,,,,,
2026-02-18,2026-02-18,FO,NSE,STO,75209,,ABB,,2026-03-30,2026-03-30,4650.0,PE,ABB26MAR4650PE,0.0,0.0,0.0,210.1,0.0,210.1,5881.5,1.4,0,0,0,0.0,0,F1,125,,,,,
2026-02-18,2026-02-18,FO,NSE,STO,57269,,ABB,,2026-03-30,2026-03-30,4400.0,PE,ABB26MAR4400PE,0.0,0.0,0.0,65.05,0.0,65.05,5881.5,0.25,0,0,0,0.0,0,F1,125,,,,,
2026-02-18,2026-02-18,FO,NSE,STO,57321,,ABB,,2026-03-30,2026-03-30,6600.0,CE,ABB26MAR6600CE,51.05,57.35,40.0,56.15,57.35,52.35,5881.5,56.15,11500,2125,75,62324231.25,53,F1,125,,,,,
2026-02-18,2026-02-18,FO,NSE,STO,57284,,ABB,,2026-03-30,2026-03-30,4800.0,PE,ABB26MAR4800PE,0.0,0.0,0.0,165.7,0.0,165.7,5881.5,3.55,0,0,0,0.0,0,F1,125,,,,,
2026-02-18,2026-02-18,FO,NSE,STO,69039,,ABB,,2026-02-24,2026-02-24,5000.0,CE,ABB26FEB5000CE,800.0,901.85,775.0,898.75,893.0,890.0,5881.5,898.75,24000,-875,18,13131731.25,16,F1,125,,,,,
2026-02-18,2026-02-18,FO,NSE,STO,57103,,ABB,,2026-02-24,2026-02-24,5250.0,CE,ABB26FEB5250CE,633.65,633.65,625.1,625.15,625.15,551.15,5881.5,636.35,1875,0,3,2204237.5,3,F1,125,,,,,
2026-02-18,2026-02-18,FO,NSE,STO,69053,,ABB,,2026-02-24,2026-02-24,5500.0,CE,ABB26FEB5500CE,382.25,428.0,313.6,416.3,405.0,370.95,5881.5,416.3,43750,-3375,68,50013243.75,43,F1,125,,,,,
2026-02-18,2026-02-18,FO,NSE,STO,68994,,ABB,,2026-02-24,2026-02-24,4500.0,CE,ABB26FEB4500CE,0.0,0.0,0.0,1401.5,1401.5,1401.5,5881.5,1385.55,750,0,0,0.0,0,F1,125,,,,,
2026-02-18,2026-02-18,FO,NSE,STO,75707,,ABB,,2026-04-28,2026-04-28,5600.0,PE,ABB26APR5600PE,0.0,0.0,0.0,888.4,0.0,888.4,5881.5,160.15,0,0,0,0.0,0,F1,125,,,,,
2026-02-18,2026-02-18,FO,NSE,STO,75705,,ABB,,2026-04-28,2026-04-28,5500.0,PE,ABB26APR5500PE,0.0,0.0,0.0,806.45,0.0,806.45,5881.5,128.0,0,0,0,0.0,0,F1,125,,,,,
2026-02-18,2026-02-18,FO,NSE,STO,75682,,ABB,,2026-04-28,2026-04-28,4400.0,PE,ABB26APR4400PE,0.0,0.0,0.0,153.75,0.0,153.75,5881.5,2.55,0,0,0,0.0,0,F1,125,,,,,
2026-02-18,2026-02-18,FO,NSE,STO,75677,,ABB,,2026-04-28,2026-04-28,4200.0,PE,ABB26APR4200PE,0.0,0.0,0.0,95.8,0.0,95.8,5881.5,0.85,0,0,0,0.0,0,F1,125,,,,,
2026-02-18,2026-02-18,FO,NSE,STO,35133,,ABB,,2026-03-30,2026-03-30,6700.0,PE,ABB26MAR6700PE,0.0,0.0,0.0,863.0,863.0,863.0,5881.5,810.7,1625,0,0,0.0,0,F1,125,,,,,
2026-02-18,2026-02-18,FO,NSE,STO,57306,,ABB,,2026-03-30,2026-03-30,5800.0,PE,ABB26MAR5800PE,217.05,263.25,200.0,212.7,219.9,238.4,5881.5,212.7,28500,10625,279,210248425.0,237,F1,125,,,,,
2026-02-18,2026-02-18,FO,NSE,STO,75325,,ABB,,2026-03-30,2026-03-30,5750.0,PE,ABB26MAR5750PE,0.0,0.0,0.0,1011.8,0.0,1011.8,5881.5,158.25,0,0,0,0.0,0,F1,125,,,,,
2026-02-18,2026-02-18,FO,NSE,STO,57288,,ABB,,2026-03-30,2026-03-30,4900.0,PE,ABB26MAR4900PE,29.0,29.0,25.65,25.65,25.65,32.0,5881.5,25.65,750,375,5,3080206.25,3,F1,125,,,,,
2026-02-18,2026-02-18,FO,NSE,STO,57262,,ABB,,2026-03-30,2026-03-30,4100.0,PE,ABB26MAR4100PE,0.0,0.0,0.0,14.15,14.15,14.15,5881.5,0.05,1250,0,0,0.0,0,F1,125,,,,,
2026-02-18,2026-02-18,FO,NSE,STO,69085,,ABB,,2026-02-24,2026-02-24,6300.0,PE,ABB26FEB6300PE,0.0,0.0,0.0,568.95,568.95,568.95,5881.5,416.65,0,0,0,0.0,0,F1,125,,,,,
2026-02-18,2026-02-18,FO,NSE,STO,57117,,ABB,,2026-02-24,2026-02-24,5950.0,CE,ABB26FEB5950CE,85.15,127.8,68.25,118.65,113.05,97.5,5881.5,118.65,33750,-5375,551,416507912.5,506,F1,125,,,,,
2026-02-18,2026-02-18,FO,NSE,STO,69080,,ABB,,2026-02-24,2026-02-24,6100.0,CE,ABB26FEB6100CE,53.25,73.8,36.6,67.6,52.5,57.25,5881.5,67.6,80500,-10750,1810,1392597100.0,1292,F1,125,,,,,
2026-02-18,2026-02-18,FO,NSE,STO,57261,,ABB,,2026-03-30,2026-03-30,4100.0,CE,ABB26MAR4100CE,0.0,0.0,0.0,1527.85,1527.85,1527.85,5881.5,1806.15,125,0,0,0.0,0,F1,125,,,,,
2026-02-18,2026-02-18,FO,NSE,STO,57295,,ABB,,2026-03-30,2026-03-30,5300.0,CE,ABB26MAR5300CE,0.0,0.0,0.0,307.75,0.0,307.75,5881.5,651.75,0,0,0,0.0,0,F1,125,,,,,
2026-02-18,2026-02-18,FO,NSE,STO,57309,,ABB,,2026-03-30,2026-03-30,6000.0,CE,ABB26MAR6000CE,180.0,215.4,153.6,206.0,206.0,183.1,5881.5,206.0,45875,-1250,507,392255668.75,355,F1,125,,,,,
2026-02-18,2026-02-18,FO,NSE,STO,57319,,ABB,,2026-03-30,2026-03-30,6500.0,CE,ABB26MAR6500CE,53.0,75.55,49.2,71.8,68.0,65.0,5881.5,71.8,7625,5375,123,100964975.0,105,F1,125,,,,,
2026-02-18,2026-02-18,FO,NSE,STO,69004,,ABB,,2026-02-24,2026-02-24,4800.0,CE,ABB26FEB4800CE,0.0,0.0,0.0,986.5,986.5,986.5,5881.5,1085.85,23750,0,0,0.0,0,F1,125,,,,,
2026-02-18,2026-02-18,FO,NSE,STO,69081,,ABB,,2026-02-24,2026-02-24,6100.0,PE,ABB26FEB6100PE,360.0,360.0,268.15,273.9,277.75,328.4,5881.5,273.9,23625,-625,8,6397331.25,8,F1,125,,,,,
2026-02-18,2026-02-18,FO,NSE,STO,57118,,ABB,,2026-02-24,2026-02-24,5950.0,PE,ABB26FEB5950PE,208.2,252.25,169.35,174.4,170.05,220.6,5881.5,174.4,17125,-8375,117,90049787.5,112,F1,125,,,,,
2026-02-18,2026-02-18,FO,NSE,STO,89762,,BDL,,2026-04-28,2026-04-28,1480.0,PE,BDL26APR1480PE,0.0,0.0,0.0,138.15,0.0,138.15,1299.2,206.5,0,0,0,0.0,0,F1,350,,,,,
2026-02-18,2026-02-18,FO,NSE,STO,89704,,BDL,,2026-03-30,2026-03-30,1620.0,CE,BDL26MAR1620CE,0.0,0.0,0.0,69.25,0.0,69.25,1299.2,6.05,0,0,0,0.0,0,F1,350,,,,,
2026-02-18,2026-02-18,FO,NSE,STO,89741,,BDL,,2026-04-28,2026-04-28,1240.0,CE,BDL26APR1240CE,0.0,0.0,0.0,291.9,0.0,291.9,1299.2,134.9,0,0,0,0.0,0,F1,350,,,,,
2026-02-18,2026-02-18,FO,NSE,STO,89747,,BDL,,2026-04-28,2026-04-28,1360.0,CE,BDL26APR1360CE,0.0,0.0,0.0,212.95,0.0,212.95,1299.2,77.4,0,0,0,0.0,0,F1,350,,,,,
2026-02-18,2026-02-18,FO,NSE,STO,89784,,BDL,,2026-04-28,2026-04-28,1840.0,CE,BDL26APR1840CE,0.0,0.0,0.0,44.55,0.0,44.55,1299.2,4.15,0,0,0,0.0,0,F1,350,,,,,
2026-02-18,2026-02-18,FO,NSE,STO,78785,,BDL,,2026-02-24,2026-02-24,1200.0,PE,BDL26FEB1200PE,7.5,8.1,1.6,1.75,1.7,7.5,1299.2,1.75,166250,-122150,1957,824362700.0,1509,F1,350,,,,,
2026-02-18,2026-02-18,FO,NSE,STO,78885,,BDL,,2026-02-24,2026-02-24,1400.0,PE,BDL26FEB1400PE,130.05,138.55,97.15,98.65,99.8,140.5,1299.2,98.65,93450,-31150,256,136099862.5,194,F1,350,,,,,
2026-02-18,2026-02-18,FO,NSE,STO,77168,,BDL,,2026-02-24,2026-02-24,1500.0,PE,BDL26FEB1500PE,235.25,235.4,198.0,198.0,198.0,237.75,1299.2,198.0,116900,-15050,95,57136100.0,60,F1,350,,,,,
2026-02-18,2026-02-18,FO,NSE,STO,77425,,BDL,,2026-03-30,2026-03-30,1320.0,PE,BDL26MAR1320PE,0.0,0.0,0.0,107.0,107.0,107.0,1299.2,81.1,11550,0,0,0.0,0,F1,350,,,,,
2026-02-18,2026-02-18,FO,NSE,STO,77439,,BDL,,2026-03-30,2026-03-30,1600.0,PE,BDL26MAR1600PE,335.0,346.0,320.0,320.0,320.0,346.0,1299.2,298.5,21350,11200,32,21733827.5,24,F1,350,,,,,
2026-02-18,2026-02-18,FO,NSE,STO,89705,,BDL,,2026-03-30,2026-03-30,1620.0,PE,BDL26MAR1620PE,355.0,355.0,355.0,355.0,355.0,353.4,1299.2,317.15,1050,0,1,691250.0,1,F1,350,,,,,
2026-02-18,2026-02-18,FO,NSE,STO,89740,,BDL,,2026-04-28,2026-04-28,1200.0,PE,BDL26APR1200PE,0.0,0.0,0.0,33.85,0.0,33.85,1299.2,47.7,0,0,0,0.0,0,F1,350,,,,,
2026-02-18,2026-02-18,FO,NSE,STO,89650,,BDL,,2026-03-30,2026-03-30,1380.0,CE,BDL26MAR1380CE,0.0,0.0,0.0,174.55,0.0,174.55,1299.2,45.35,0,0,0,0.0,0,F1,350,,,,,
2026-02-18,2026-02-18,FO,NSE,STF,59259,,BDL,,2026-02-24,2026-02-24,,,BDL26FEBFUT,1254.1,1306.3,1254.1,1303.2,1301.8,1261.5,1299.2,1303.2,5489400,-447300,6966,3139372985.0,5858,F1,350,,,,,
2026-02-18,2026-02-18,FO,NSE,STF,51823,,BDL,,2026-03-30,2026-03-30,,,BDL26MARFUT,1252.5,1292.0,1247.8,1289.3,1288.7,1250.9,1299.2,1289.3,1998850,276150,2874,1282569050.0,2546,F1,350,,,,,
2026-02-18,2026-02-18,FO,NSE,STO,78792,,BDL,,2026-02-24,2026-02-24,1280.0,CE,BDL26FEB1280CE,17.4,35.0,15.0,32.35,32.2,18.25,1299.2,32.35,156100,-97650,5222,2382322600.0,4303,F1,350,,,,,
2026-02-18,2026-02-18,FO,NSE,STO,78876,,BDL,,2026-02-24,2026-02-24,1360.0,CE,BDL26FEB1360CE,4.95,6.95,3.0,5.6,5.65,4.4,1299.2,5.6,323750,-47950,3607,1722892867.5,2314,F1,350,,,,,
2026-02-18,2026-02-18,FO,NSE,STO,77169,,BDL,,2026-02-24,2026-02-24,1540.0,CE,BDL26FEB1540CE,0.7,0.75,0.5,0.6,0.55,0.85,1299.2,0.6,283500,-34300,230,124020435.0,147,F1,350,,,,,
2026-02-18,2026-02-18,FO,NSE,STO,77175,,BDL,,2026-02-24,2026-02-24,1660.0,CE,BDL26FEB1660CE,0.5,0.6,0.4,0.5,0.4,0.6,1299.2,0.5,117600,-1400,61,35451535.0,50,F1,350,,,,,
2026-02-18,2026-02-18,FO,NSE,STO,77415,,BDL,,2026-03-30,2026-03-30,1160.0,CE,BDL26MAR1160CE,143.0,143.0,142.55,142.9,142.6,153.6,1299.2,142.9,3500,2800,8,3648102.5,3,F1,350,,,,,
2026-02-18,2026-02-18,FO,NSE,STO,89640,,BDL,,2026-03-30,2026-03-30,1260.0,CE,BDL26MAR1260CE,60.0,73.5,57.05,72.45,72.85,61.1,1299.2,72.45,19950,-1750,129,59863615.0,109,F1,350,,,,,
2026-02-18,2026-02-18,FO,NSE,STO,89772,,BDL,,2026-04-28,2026-04-28,1640.0,CE,BDL26APR1640CE,0.0,0.0,0.0,89.95,0.0,89.95,1299.2,15.8,0,0,0,0.0,0,F1,350,,,,,
2026-02-18,2026-02-18,FO,NSE,STO,89770,,BDL,,2026-04-28,2026-04-28,1600.0,CE,BDL26APR1600CE,0.0,0.0,0.0,102.75,0.0,102.75,1299.2,20.25,0,0,0,0.0,0,F1,350,,,,,
2026-02-18,2026-02-18,FO,NSE,STO,89698,,BDL,,2026-03-30,2026-03-30,1540.0,CE,BDL26MAR1540CE,0.0,0.0,0.0,7.9,7.9,7.9,1299.2,12.6,4200,0,0,0.0,0,F1,350,,,,,
2026-02-18,2026-02-18,FO,NSE,STO,77430,,BDL,,2026-03-30,2026-03-30,1440.0,CE,BDL26MAR1440CE,14.0,15.55,12.4,15.15,15.4,13.9,1299.2,15.15,26950,4200,34,17304735.0,29,F1,350,,,,,
2026-02-18,2026-02-18,FO,NSE,STO,77159,,BDL,,2026-02-24,2026-02-24,1340.0,CE,BDL26FEB1340CE,5.65,10.7,4.4,8.95,9.1,6.25,1299.2,8.95,279650,-60900,3495,1648155687.5,2444,F1,350,,,,,
2026-02-18,2026-02-18,FO,NSE,STO,77157,,BDL,,2026-02-24,2026-02-24,1300.0,CE,BDL26FEB1300CE,11.55,23.9,9.8,21.35,21.7,12.85,1299.2,21.35,792400,37800,12578,5799160290.0,10265,F1,350,,,,,
2026-02-18,2026-02-18,FO,NSE,STO,41677,,BDL,,2026-02-24,2026-02-24,1100.0,CE,BDL26FEB1100CE,0.0,0.0,0.0,290.6,0.0,290.6,1299.2,200.2,0,0,0,0.0,0,F1,350,,,,,
2026-02-18,2026-02-18,FO,NSE,STO,78776,,BDL,,2026-02-24,2026-02-24,1040.0,CE,BDL26FEB1040CE,0.0,0.0,0.0,450.05,0.0,450.05,1299.2,260.15,0,0,0,0.0,0,F1,350,,,,,
2026-02-18,2026-02-18,FO,NSE,STO,78787,,BDL,,2026-02-24,2026-02-24,1240.0,PE,BDL26FEB1240PE,16.45,16.9,2.8,3.15,3.55,16.5,1299.2,3.15,317800,-47600,2229,972441435.0,1884,F1,350,,,,,
2026-02-18,2026-02-18,FO,NSE,STO,77172,,BDL,,2026-02-24,2026-02-24,1580.0,PE,BDL26FEB1580PE,0.0,0.0,0.0,291.55,291.55,291.55,1299.2,279.4,71750,0,0,0.0,0,F1,350,,,,,
2026-02-18,2026-02-18,FO,NSE,STO,89634,,BDL,,2026-03-30,2026-03-30,1180.0,PE,BDL26MAR1180PE,22.0,22.0,16.45,16.5,16.5,31.85,1299.2,16.5,9100,3500,25,10495712.5,19,F1,350,,,,,
2026-02-18,2026-02-18,FO,NSE,STO,77421,,BDL,,2026-03-30,2026-03-30,1240.0,PE,BDL26MAR1240PE,54.15,55.25,32.8,33.55,33.75,57.85,1299.2,33.55,83650,10850,124,55693277.5,114,F1,350,,,,,
2026-02-18,2026-02-18,FO,NSE,STO,77443,,BDL,,2026-03-30,2026-03-30,1680.0,PE,BDL26MAR1680PE,390.0,390.0,390.0,390.0,390.0,412.0,1299.2,374.1,1750,350,1,724500.0,1,F1,350,,,,,
2026-02-18,2026-02-18,FO,NSE,STO,89768,,BDL,,2026-04-28,2026-04-28,1560.0,PE,BDL26APR1560PE,0.0,0.0,0.0,183.7,0.0,183.7,1299.2,270.45,0,0,0,0.0,0,F1,350,,,,,
2026-02-18,2026-02-18,FO,NSE,STO,89646,,BDL,,2026-03-30,2026-03-30,1340.0,CE,BDL26MAR1340CE,39.7,39.7,29.05,36.7,36.95,203.25,1299.2,36.7,21000,19250,94,45251202.5,71,F1,350,,,,,
2026-02-18,2026-02-18,FO,NSE,STO,89652,,BDL,,2026-03-30,2026-03-30,1420.0,CE,BDL26MAR1420CE,0.0,0.0,0.0,21.0,21.0,21.0,1299.2,33.75,8050,0,0,0.0,0,F1,350,,,,,
2026-02-18,2026-02-18,FO,NSE,STO,77438,,BDL,,2026-03-30,2026-03-30,1600.0,CE,BDL26MAR1600CE,4.4,4.4,3.65,4.2,4.05,4.5,1299.2,4.2,82600,6300,71,39859225.0,60,F1,350,,,,,
2026-02-18,2026-02-18,FO,NSE,STO,89735,,BDL,,2026-04-28,2026-04-28,1120.0,CE,BDL26APR1120CE,0.0,0.0,0.0,385.7,0.0,385.7,1299.2,215.75,0,0,0,0.0,0,F1,350,,,,,
2026-02-18,2026-02-18,FO,NSE,STO,89737,,BDL,,2026-04-28,2026-04-28,1160.0,CE,BDL26APR1160CE,0.0,0.0,0.0,352.95,0.0,352.95,1299.2,186.3,0,0,0,0.0,0,F1,350,,,,,
2026-02-18,2026-02-18,FO,NSE,STO,36189,,BDL,,2026-02-24,2026-02-24,1140.0,PE,BDL26FEB1140PE,2.95,2.95,0.8,0.95,0.8,3.15,1299.2,0.95,69300,-13650,340,135857067.5,285,F1,350,,,,,
2026-02-18,2026-02-18,FO,NSE,STO,78799,,BDL,,2026-02-24,2026-02-24,1280.0,PE,BDL26FEB1280PE,36.7,36.7,8.35,9.5,10.55,36.5,1299.2,9.5,176050,79100,2015,914473350.0,1712,F1,350,,,,,
2026-02-18,2026-02-18,FO,NSE,STO,78905,,BDL,,2026-02-24,2026-02-24,1520.0,PE,BDL26FEB1520PE,235.0,235.0,217.95,217.95,217.95,250.0,1299.2,217.95,93800,-2800,19,11599945.0,19,F1,350,,,,,
2026-02-18,2026-02-18,FO,NSE,STO,77412,,BDL,,2026-03-30,2026-03-30,1080.0,PE,BDL26MAR1080PE,8.75,8.8,4.35,4.65,4.65,10.55,1299.2,4.65,32550,4200,98,37257535.0,92,F1,350,,,,,
2026-02-18,2026-02-18,FO,NSE,STO,77427,,BDL,,2026-03-30,2026-03-30,1360.0,PE,BDL26MAR1360PE,110.0,110.0,110.0,110.0,110.0,140.0,1299.2,104.8,7350,0,1,514500.0,1,F1,350,,,,,
2026-02-18,2026-02-18,FO,NSE,STO,89659,,BDL,,2026-03-30,2026-03-30,1500.0,PE,BDL26MAR1500PE,252.0,252.0,215.8,215.8,215.8,252.0,1299.2,209.6,37450,15050,61,37011362.5,27,F1,350,,,,,
2026-02-18,2026-02-18,FO,NSE,STO,77435,,BDL,,2026-03-30,2026-03-30,1520.0,PE,BDL26MAR1520PE,257.0,257.0,257.0,257.0,257.0,300.8,1299.2,226.7,8750,0,1,621950.0,1,F1,350,,,,,
2026-02-18,2026-02-18,FO,NSE,STO,89703,,BDL,,2026-03-30,2026-03-30,1580.0,PE,BDL26MAR1580PE,0.0,0.0,0.0,176.0,0.0,176.0,1299.2,280.1,0,0,0,0.0,0,F1,350,,,,,
2026-02-18,2026-02-18,FO,NSE,STO,89711,,BDL,,2026-03-30,2026-03-30,1700.0,PE,BDL26MAR1700PE,0.0,0.0,0.0,443.5,443.5,443.5,1299.2,393.35,700,0,0,0.0,0,F1,350,,,,,
2026-02-18,2026-02-18,FO,NSE,STO,89748,,BDL,,2026-04-28,2026-04-28,1360.0,PE,BDL26APR1360PE,0.0,0.0,0.0,82.7,0.0,82.7,1299.2,124.15,0,0,0,0.0,0,F1,350,,,,,
2026-02-18,2026-02-18,FO,NSE,STO,89775,,BDL,,2026-04-28,2026-04-28,1640.0,PE,BDL26APR1640PE,0.0,0.0,0.0,235.45,0.0,235.45,1299.2,339.6,0,0,0,0.0,0,F1,350,,,,,
2026-02-18,2026-02-18,FO,NSE,STO,89777,,BDL,,2026-04-28,2026-04-28,1680.0,PE,BDL26APR1680PE,0.0,0.0,0.0,263.4,0.0,263.4,1299.2,375.65,0,0,0,0.0,0,F1,350,,,,,
2026-02-18,2026-02-18,FO,NSE,STO,89779,,BDL,,2026-04-28,2026-04-28,1720.0,PE,BDL26APR1720PE,0.0,0.0,0.0,292.75,0.0,292.75,1299.2,412.4,0,0,0,0.0,0,F1,350,,,,,
2026-02-18,2026-02-18,FO,NSE,STO,41699,,BDL,,2026-03-30,2026-03-30,1100.0,CE,BDL26MAR1100CE,0.0,0.0,0.0,310.0,0.0,310.0,1299.2,215.25,0,0,0,0.0,0,F1,350,,,,,
2026-02-18,2026-02-18,FO,NSE,STO,77158,,BDL,,2026-02-24,2026-02-24,1300.0,PE,BDL26FEB1300PE,43.0,47.65,16.65,17.8,19.95,50.4,1299.2,17.8,274400,90300,1726,798443852.5,1485,F1,350,,,,,
2026-02-18,2026-02-18,FO,NSE,STO,77436,,BDL,,2026-03-30,2026-03-30,1560.0,CE,BDL26MAR1560CE,0.0,0.0,0.0,5.0,5.0,5.0,1299.2,10.55,5250,0,0,0.0,0,F1,350,,,,,
2026-02-18,2026-02-18,FO,NSE,STO,36197,,BDL,,2026-03-30,2026-03-30,1140.0,CE,BDL26MAR1140CE,0.0,0.0,0.0,410.2,0.0,410.2,1299.2,181.75,0,0,0,0.0,0,F1,350,,,,,
2026-02-18,2026-02-18,FO,NSE,STO,77442,,BDL,,2026-03-30,2026-03-30,1680.0,CE,BDL26MAR1680CE,2.0,2.0,2.0,2.0,2.0,3.5,1299.2,3.35,3150,700,2,1177400.0,2,F1,350,,,,,
2026-02-18,2026-02-18,FO,NSE,STO,89710,,BDL,,2026-03-30,2026-03-30,1700.0,CE,BDL26MAR1700CE,2.05,2.05,2.05,2.05,2.05,2.05,1299.2,2.75,24850,0,1,595717.5,1,F1,350,,,,,
2026-02-18,2026-02-18,FO,NSE,STO,89739,,BDL,,2026-04-28,2026-04-28,1200.0,CE,BDL26APR1200CE,0.0,0.0,0.0,321.6,0.0,321.6,1299.2,159.3,0,0,0,0.0,0,F1,350,,,,,
2026-02-18,2026-02-18,FO,NSE,STO,89745,,BDL,,2026-04-28,2026-04-28,1320.0,CE,BDL26APR1320CE,0.0,0.0,0.0,237.45,0.0,237.45,1299.2,94.05,0,0,0,0.0,0,F1,350,,,,,
2026-02-18,2026-02-18,FO,NSE,STO,89778,,BDL,,2026-04-28,2026-04-28,1720.0,CE,BDL26APR1720CE,0.0,0.0,0.0,68.45,0.0,68.45,1299.2,9.4,0,0,0,0.0,0,F1,350,,,,,
2026-02-18,2026-02-18,FO,NSE,STO,41678,,BDL,,2026-02-24,2026-02-24,1100.0,PE,BDL26FEB1100PE,1.5,1.8,0.55,0.6,0.6,2.1,1299.2,0.6,39900,18550,173,66673425.0,142,F1,350,,,,,
2026-02-18,2026-02-18,FO,NSE,STO,77413,,BDL,,2026-03-30,2026-03-30,1120.0,CE,BDL26MAR1120CE,0.0,0.0,0.0,142.0,142.0,142.0,1299.2,198.2,700,0,0,0.0,0,F1,350,,,,,
2026-02-18,2026-02-18,FO,NSE,STO,77409,,BDL,,2026-03-30,2026-03-30,1040.0,CE,BDL26MAR1040CE,250.0,250.0,250.0,250.0,250.0,441.35,1299.2,269.35,350,350,1,451500.0,1,F1,350,,,,,
2026-02-18,2026-02-18,FO,NSE,STO,77161,,BDL,,2026-02-24,2026-02-24,1380.0,CE,BDL26FEB1380CE,2.95,4.5,2.2,3.75,3.5,3.3,1299.2,3.75,129500,-61250,700,338878592.5,571,F1,350,,,,,
2026-02-18,2026-02-18,FO,NSE,STO,78786,,BDL,,2026-02-24,2026-02-24,1240.0,CE,BDL26FEB1240CE,37.05,68.25,34.5,66.15,65.3,37.5,1299.2,66.15,102550,-40950,1449,651933607.5,1236,F1,350,,,,,
2026-02-18,2026-02-18,FO,NSE,STO,89781,,BDL,,2026-04-28,2026-04-28,1760.0,PE,BDL26APR1760PE,0.0,0.0,0.0,323.15,0.0,323.15,1299.2,449.8,0,0,0,0.0,0,F1,350,,,,,
2026-02-18,2026-02-18,FO,NSE,STO,89657,,BDL,,2026-03-30,2026-03-30,1460.0,PE,BDL26MAR1460PE,209.0,209.0,209.0,209.0,209.0,220.0,1299.2,176.75,700,350,1,584150.0,1,F1,350,,,,,
2026-02-18,2026-02-18,FO,NSE,STO,78937,,BDL,,2026-02-24,2026-02-24,1720.0,PE,BDL26FEB1720PE,430.7,430.7,430.7,430.7,430.7,419.9,1299.2,419.25,1050,-700,3,2258235.0,1,F1,350,,,,,
2026-02-18,2026-02-18,FO,NSE,STO,78922,,BDL,,2026-02-24,2026-02-24,1640.0,PE,BDL26FEB1640PE,371.5,371.5,350.45,350.45,350.45,383.5,1299.2,339.3,23100,-700,4,2793997.5,2,F1,350,,,,,
2026-02-18,2026-02-18,FO,NSE,STO,78895,,BDL,,2026-02-24,2026-02-24,1440.0,PE,BDL26FEB1440PE,169.0,170.6,137.75,137.9,137.75,163.5,1299.2,137.9,67550,-700,10,5568780.0,10,F1,350,,,,,
2026-02-18,2026-02-18,FO,NSE,STO,77164,,BDL,,2026-02-24,2026-02-24,1420.0,PE,BDL26FEB1420PE,162.05,162.05,117.5,118.3,118.3,167.0,1299.2,118.3,50050,-4900,34,18497377.5,34,F1,350,,,,,
2026-02-18,2026-02-18,FO,NSE,STO,78923,,BDL,,2026-02-24,2026-02-24,1680.0,CE,BDL26FEB1680CE,0.5,0.55,0.3,0.4,0.35,0.6,1299.2,0.4,86450,-8400,61,35876627.5,48,F1,350,,,,,
2026-02-18,2026-02-18,FO,NSE,STO,77411,,BDL,,2026-03-30,2026-03-30,1080.0,CE,BDL26MAR1080CE,214.0,214.0,214.0,214.0,214.0,177.0,1299.2,232.85,350,0,1,452900.0,1,F1,350,,,,,
2026-02-18,2026-02-18,FO,NSE,STO,89638,,BDL,,2026-03-30,2026-03-30,1220.0,CE,BDL26MAR1220CE,0.0,0.0,0.0,82.0,82.0,82.0,1299.2,123.05,700,0,0,0.0,0,F1,350,,,,,
2026-02-18,2026-02-18,FO,NSE,STO,77424,,BDL,,2026-03-30,2026-03-30,1320.0,CE,BDL26MAR1320CE,49.1,49.1,44.0,44.2,44.0,228.1,1299.2,44.2,3850,3850,13,6210820.0,13,F1,350,,,,,
2026-02-18,2026-02-18,FO,NSE,STO,89656,,BDL,,2026-03-30,2026-03-30,1460.0,CE,BDL26MAR1460CE,0.0,0.0,0.0,131.25,0.0,131.25,1299.2,24.75,0,0,0,0.0,0,F1,350,,,,,
2026-02-18,2026-02-18,FO,NSE,STO,89767,,BDL,,2026-04-28,2026-04-28,1560.0,CE,BDL26APR1560CE,0.0,0.0,0.0,117.0,0.0,117.0,1299.2,25.8,0,0,0,0.0,0,F1,350,,,,,
2026-02-18,2026-02-18,FO,NSE,STO,78779,,BDL,,2026-02-24,2026-02-24,1080.0,PE,BDL26FEB1080PE,1.45,1.5,0.4,0.5,0.4,1.6,1299.2,0.5,58450,-54950,336,127103217.5,246,F1,350,,,,,
2026-02-18,2026-02-18,FO,NSE,STO,77160,,BDL,,2026-02-24,2026-02-24,1340.0,PE,BDL26FEB1340PE,68.85,68.85,44.4,45.65,46.6,90.25,1299.2,45.65,58800,-10150,79,38547425.0,67,F1,350,,,,,
2026-02-18,2026-02-18,FO,NSE,STO,89645,,BDL,,2026-03-30,2026-03-30,1300.0,PE,BDL26MAR1300PE,90.0,90.0,60.2,61.4,64.45,92.35,1299.2,61.4,105000,34650,189,90758010.0,170,F1,350,,,,,
2026-02-18,2026-02-18,FO,NSE,STO,89647,,BDL,,2026-03-30,2026-03-30,1340.0,PE,BDL26MAR1340PE,100.0,100.0,100.0,100.0,100.0,112.0,1299.2,92.55,700,350,1,504000.0,1,F1,350,,,,,
2026-02-18,2026-02-18,FO,NSE,STO,77429,,BDL,,2026-03-30,2026-03-30,1400.0,PE,BDL26MAR1400PE,146.3,146.9,129.0,131.2,132.35,171.0,1299.2,131.2,61250,32200,116,62552752.5,64,F1,350,,,,,
2026-02-18,2026-02-18,FO,NSE,STO,77431,,BDL,,2026-03-30,2026-03-30,1440.0,PE,BDL26MAR1440PE,185.6,185.6,185.6,185.6,185.6,228.1,1299.2,161.1,700,0,1,568960.0,1,F1,350,,,,,
2026-02-18,2026-02-18,FO,NSE,STO,89732,,BDL,,2026-04-28,2026-04-28,1040.0,PE,BDL26APR1040PE,0.0,0.0,0.0,9.75,0.0,9.75,1299.2,11.2,0,0,0,0.0,0,F1,350,,,,,
2026-02-18,2026-02-18,FO,NSE,STO,89738,,BDL,,2026-04-28,2026-04-28,1160.0,PE,BDL26APR1160PE,0.0,0.0,0.0,25.75,0.0,25.75,1299.2,35.1,0,0,0,0.0,0,F1,350,,,,,
2026-02-18,2026-02-18,FO,NSE,STO,89766,,BDL,,2026-04-28,2026-04-28,1520.0,PE,BDL26APR1520PE,0.0,0.0,0.0,160.1,0.0,160.1,1299.2,237.75,0,0,0,0.0,0,F1,350,,,,,
2026-02-18,2026-02-18,FO,NSE,STF,66725,,BDL,,2026-04-28,2026-04-28,,,BDL26APRFUT,1247.8,1287.2,1247.8,1284.3,1283.7,1247.8,1299.2,1284.3,255150,9450,138,61553345.0,125,F1,350,,,,,
2026-02-18,2026-02-18,FO,NSE,STO,77163,,BDL,,2026-02-24,2026-02-24,1420.0,CE,BDL26FEB1420CE,1.5,2.3,1.3,2.0,1.8,1.8,1299.2,2.0,246750,5950,395,196546997.5,306,F1,350,,,,,
2026-02-18,2026-02-18,FO,NSE,STO,78910,,BDL,,2026-02-24,2026-02-24,1560.0,CE,BDL26FEB1560CE,0.45,0.75,0.45,0.65,0.6,0.85,1299.2,0.65,363300,-9100,413,225587040.0,224,F1,350,,,,,
2026-02-18,2026-02-18,FO,NSE,STO,77422,,BDL,,2026-03-30,2026-03-30,1280.0,CE,BDL26MAR1280CE,55.0,62.75,51.0,61.55,61.0,51.45,1299.2,61.55,44450,0,264,123560675.0,176,F1,350,,,,,
2026-02-18,2026-02-18,FO,NSE,STO,77426,,BDL,,2026-03-30,2026-03-30,1360.0,CE,BDL26MAR1360CE,28.0,33.3,24.6,31.2,27.3,27.05,1299.2,31.2,27650,6300,101,49109060.0,95,F1,350,,,,,
2026-02-18,2026-02-18,FO,NSE,STO,89702,,BDL,,2026-03-30,2026-03-30,1580.0,CE,BDL26MAR1580CE,0.0,0.0,0.0,30.05,30.05,30.05,1299.2,8.8,1050,0,0,0.0,0,F1,350,,,,,
2026-02-18,2026-02-18,FO,NSE,STO,89780,,BDL,,2026-04-28,2026-04-28,1760.0,CE,BDL26APR1760CE,0.0,0.0,0.0,59.5,0.0,59.5,1299.2,7.2,0,0,0,0.0,0,F1,350,,,,,
2026-02-18,2026-02-18,FO,NSE,STO,78783,,BDL,,2026-02-24,2026-02-24,1160.0,PE,BDL26FEB1160PE,4.15,4.2,1.0,1.05,1.0,4.3,1299.2,1.05,130900,-32550,498,202499622.5,388,F1,350,,,,,
2026-02-18,2026-02-18,FO,NSE,STO,78880,,BDL,,2026-02-24,2026-02-24,1360.0,PE,BDL26FEB1360PE,96.7,100.15,61.3,62.65,63.75,108.7,1299.2,62.65,83300,-13650,110,55654025.0,105,F1,350,,,,,
2026-02-18,2026-02-18,FO,NSE,STO,77410,,BDL,,2026-03-30,2026-03-30,1040.0,PE,BDL26MAR1040PE,6.0,6.0,2.9,3.1,3.4,6.5,1299.2,3.1,25900,8750,61,22293827.5,44,F1,350,,,,,
2026-02-18,2026-02-18,FO,NSE,STO,77414,,BDL,,2026-03-30,2026-03-30,1120.0,PE,BDL26MAR1120PE,12.1,12.55,7.6,7.9,8.4,16.7,1299.2,7.9,38850,4200,141,55770767.5,92,F1,350,,,,,
2026-02-18,2026-02-18,FO,NSE,STO,77445,,BDL,,2026-03-30,2026-03-30,1720.0,PE,BDL26MAR1720PE,0.0,0.0,0.0,305.35,0.0,305.35,1299.2,412.7,0,0,0,0.0,0,F1,350,,,,,
2026-02-18,2026-02-18,FO,NSE,STO,77467,,BDL,,2026-03-30,2026-03-30,1760.0,PE,BDL26MAR1760PE,0.0,0.0,0.0,470.0,470.0,470.0,1299.2,451.7,1050,0,0,0.0,0,F1,350,,,,,
2026-02-18,2026-02-18,FO,NSE,STO,89746,,BDL,,2026-04-28,2026-04-28,1320.0,PE,BDL26APR1320PE,0.0,0.0,0.0,67.85,0.0,67.85,1299.2,101.15,0,0,0,0.0,0,F1,350,,,,,
2026-02-18,2026-02-18,FO,NSE,STO,89750,,BDL,,2026-04-28,2026-04-28,1400.0,PE,BDL26APR1400PE,0.0,0.0,0.0,99.4,0.0,99.4,1299.2,149.5,0,0,0,0.0,0,F1,350,,,,,
2026-02-18,2026-02-18,FO,NSE,STO,89752,,BDL,,2026-04-28,2026-04-28,1440.0,PE,BDL26APR1440PE,0.0,0.0,0.0,117.9,0.0,117.9,1299.2,177.0,0,0,0,0.0,0,F1,350,,,,,
2026-02-18,2026-02-18,FO,NSE,STO,89785,,BDL,,2026-04-28,2026-04-28,1840.0,PE,BDL26APR1840PE,0.0,0.0,0.0,387.0,0.0,387.0,1299.2,525.9,0,0,0,0.0,0,F1,350,,,,,
2026-02-18,2026-02-18,FO,NSE,STO,78778,,BDL,,2026-02-24,2026-02-24,1080.0,CE,BDL26FEB1080CE,0.0,0.0,0.0,415.4,0.0,415.4,1299.2,220.2,0,0,0,0.0,0,F1,350,,,,,
2026-02-18,2026-02-18,FO,NSE,STO,78784,,BDL,,2026-02-24,2026-02-24,1200.0,CE,BDL26FEB1200CE,74.0,107.0,69.2,104.6,104.0,68.95,1299.2,104.6,76300,-30450,280,126274277.5,205,F1,350,,,,,
2026-02-18,2026-02-18,FO,NSE,STO,78892,,BDL,,2026-02-24,2026-02-24,1440.0,CE,BDL26FEB1440CE,1.55,1.8,1.1,1.45,1.3,1.5,1299.2,1.45,312200,-22050,567,286023587.5,385,F1,350,,,,,
2026-02-18,2026-02-18,FO,NSE,STO,78911,,BDL,,2026-02-24,2026-02-24,1560.0,PE,BDL26FEB1560PE,265.0,265.0,255.45,257.1,257.1,297.0,1299.2,257.1,95200,-4900,16,10190845.0,16,F1,350,,,,,
2026-02-18,2026-02-18,FO,NSE,STO,77444,,BDL,,2026-03-30,2026-03-30,1720.0,CE,BDL26MAR1720CE,0.0,0.0,0.0,5.25,5.25,5.25,1299.2,2.25,4900,0,0,0.0,0,F1,350,,,,,
2026-02-18,2026-02-18,FO,NSE,STO,89708,,BDL,,2026-03-30,2026-03-30,1660.0,CE,BDL26MAR1660CE,0.0,0.0,0.0,6.15,6.15,6.15,1299.2,4.1,700,0,0,0.0,0,F1,350,,,,,
2026-02-18,2026-02-18,FO,NSE,STO,78914,,BDL,,2026-02-24,2026-02-24,1640.0,CE,BDL26FEB1640CE,0.7,0.7,0.45,0.5,0.5,0.75,1299.2,0.5,138250,-6300,56,32154307.5,47,F1,350,,,,,
2026-02-18,2026-02-18,FO,NSE,STO,77155,,BDL,,2026-02-24,2026-02-24,1260.0,CE,BDL26FEB1260CE,26.8,50.15,23.0,48.35,46.7,26.8,1299.2,48.35,163800,-208250,2891,1308951805.0,2238,F1,350,,,,,
2026-02-18,2026-02-18,FO,NSE,STO,78899,,BDL,,2026-02-24,2026-02-24,1480.0,PE,BDL26FEB1480PE,210.0,210.15,177.7,178.4,177.7,222.25,1299.2,178.4,45500,-350,6,3505740.0,6,F1,350,,,,,
2026-02-18,2026-02-18,FO,NSE,STO,89734,,BDL,,2026-04-28,2026-04-28,1080.0,PE,BDL26APR1080PE,0.0,0.0,0.0,13.9,0.0,13.9,1299.2,17.1,0,0,0,0.0,0,F1,350,,,,,
2026-02-18,2026-02-18,FO,NSE,STO,77437,,BDL,,2026-03-30,2026-03-30,1560.0,PE,BDL26MAR1560PE,272.0,273.0,272.0,272.5,273.0,312.0,1299.2,272.5,1750,700,2,1282750.0,2,F1,350,,,,,
2026-02-18,2026-02-18,FO,NSE,STO,41700,,BDL,,2026-03-30,2026-03-30,1100.0,PE,BDL26MAR1100PE,9.25,9.7,6.05,7.55,7.1,18.5,1299.2,7.55,7700,7000,39,15114347.5,23,F1,350,,,,,
2026-02-18,2026-02-18,FO,NSE,STO,78980,,BDL,,2026-02-24,2026-02-24,1760.0,PE,BDL26FEB1760PE,495.0,495.0,482.0,482.0,482.0,500.0,1299.2,459.2,63700,-2100,10,7881037.5,10,F1,350,,,,,
2026-02-18,2026-02-18,FO,NSE,STO,77178,,BDL,,2026-02-24,2026-02-24,1700.0,PE,BDL26FEB1700PE,399.5,399.5,399.5,399.5,399.5,400.2,1299.2,399.25,1050,0,3,2204475.0,1,F1,350,,,,,
2026-02-18,2026-02-18,FO,NSE,STO,77174,,BDL,,2026-02-24,2026-02-24,1620.0,PE,BDL26FEB1620PE,0.0,0.0,0.0,329.05,329.05,329.05,1299.2,319.35,10150,0,0,0.0,0,F1,350,,,,,
2026-02-18,2026-02-18,FO,NSE,STO,77171,,BDL,,2026-02-24,2026-02-24,1580.0,CE,BDL26FEB1580CE,0.65,0.65,0.45,0.6,0.55,0.8,1299.2,0.6,139300,-13650,89,49234797.5,59,F1,350,,,,,
2026-02-18,2026-02-18,FO,NSE,STO,77166,,BDL,,2026-02-24,2026-02-24,1460.0,PE,BDL26FEB1460PE,160.05,161.3,156.0,157.25,157.0,205.0,1299.2,157.25,32550,-4550,18,10197635.0,18,F1,350,,,,,
2026-02-18,2026-02-18,FO,NSE,STO,78782,,BDL,,2026-02-24,2026-02-24,1160.0,CE,BDL26FEB1160CE,0.0,0.0,0.0,349.8,0.0,349.8,1299.2,140.75,0,0,0,0.0,0,F1,350,,,,,
2026-02-18,2026-02-18,FO,NSE,STO,89771,,BDL,,2026-04-28,2026-04-28,1600.0,PE,BDL26APR1600PE,0.0,0.0,0.0,208.85,0.0,208.85,1299.2,304.5,0,0,0,0.0,0,F1,350,,,,,
2026-02-18,2026-02-18,FO,NSE,STO,77433,,BDL,,2026-03-30,2026-03-30,1480.0,PE,BDL26MAR1480PE,234.75,234.75,233.4,233.6,233.6,255.0,1299.2,192.95,4200,-3150,10,5998615.0,10,F1,350,,,,,
2026-02-18,2026-02-18,FO,NSE,STO,78800,,BDL,,2026-02-24,2026-02-24,1320.0,CE,BDL26FEB1320CE,8.35,16.35,6.6,14.05,14.05,9.0,1299.2,14.05,392350,-2100,4670,2176424915.0,3835,F1,350,,,,,
2026-02-18,2026-02-18,FO,NSE,STO,78896,,BDL,,2026-02-24,2026-02-24,1480.0,CE,BDL26FEB1480CE,0.95,1.15,0.7,1.1,1.0,1.05,1299.2,1.1,135450,-25550,280,145132627.5,219,F1,350,,,,,
2026-02-18,2026-02-18,FO,NSE,STO,78925,,BDL,,2026-02-24,2026-02-24,1720.0,CE,BDL26FEB1720CE,0.5,0.5,0.2,0.3,0.2,0.5,1299.2,0.3,92050,-17500,77,46364850.0,34,F1,350,,,,,
2026-02-18,2026-02-18,FO,NSE,STO,78912,,BDL,,2026-02-24,2026-02-24,1600.0,CE,BDL26FEB1600CE,0.6,0.7,0.45,0.55,0.5,0.75,1299.2,0.55,1083600,-204750,1185,663825470.0,450,F1,350,,,,,
2026-02-18,2026-02-18,FO,NSE,STO,77153,,BDL,,2026-02-24,2026-02-24,1220.0,CE,BDL26FEB1220CE,50.65,87.7,50.65,86.05,86.7,52.4,1299.2,86.05,39900,-12950,132,59378287.5,114,F1,350,,,,,
2026-02-18,2026-02-18,FO,NSE,STO,89736,,BDL,,2026-04-28,2026-04-28,1120.0,PE,BDL26APR1120PE,0.0,0.0,0.0,19.15,0.0,19.15,1299.2,24.95,0,0,0,0.0,0,F1,350,,,,,
2026-02-18,2026-02-18,FO,NSE,STO,77177,,BDL,,2026-02-24,2026-02-24,1700.0,CE,BDL26FEB1700CE,0.5,0.6,0.3,0.35,0.35,0.65,1299.2,0.35,207550,-44100,202,120219172.5,89,F1,350,,,,,
2026-02-18,2026-02-18,FO,NSE,STO,89701,,BDL,,2026-03-30,2026-03-30,1540.0,PE,BDL26MAR1540PE,258.0,259.0,258.0,259.0,259.0,150.9,1299.2,244.15,700,700,2,1258950.0,2,F1,350,,,,,
2026-02-18,2026-02-18,FO,NSE,STO,36198,,BDL,,2026-03-30,2026-03-30,1140.0,PE,BDL26MAR1140PE,14.5,14.5,10.5,10.5,10.5,35.9,1299.2,15.7,1750,700,3,1210825.0,3,F1,350,,,,,
2026-02-18,2026-02-18,FO,NSE,STO,78913,,BDL,,2026-02-24,2026-02-24,1600.0,PE,BDL26FEB1600PE,328.8,337.05,297.1,297.1,297.1,344.0,1299.2,297.1,158200,-12250,38,25666865.0,34,F1,350,,,,,
2026-02-18,2026-02-18,FO,NSE,STO,78781,,BDL,,2026-02-24,2026-02-24,1120.0,PE,BDL26FEB1120PE,2.7,2.7,0.7,0.85,0.75,2.7,1299.2,0.85,352450,-47250,591,231945000.0,428,F1,350,,,,,
2026-02-18,2026-02-18,FO,NSE,STO,89761,,BDL,,2026-04-28,2026-04-28,1480.0,CE,BDL26APR1480CE,0.0,0.0,0.0,150.2,0.0,150.2,1299.2,41.0,0,0,0,0.0,0,F1,350,,,,,
2026-02-18,2026-02-18,FO,NSE,STO,89731,,BDL,,2026-04-28,2026-04-28,1040.0,CE,BDL26APR1040CE,0.0,0.0,0.0,455.1,0.0,455.1,1299.2,281.15,0,0,0,0.0,0,F1,350,,,,,
2026-02-18,2026-02-18,FO,NSE,STO,77428,,BDL,,2026-03-30,2026-03-30,1400.0,CE,BDL26MAR1400CE,19.45,23.05,17.6,22.15,22.0,19.45,1299.2,22.15,191800,33250,742,368933582.5,598,F1,350,,,,,
2026-02-18,2026-02-18,FO,NSE,STO,77440,,BDL,,2026-03-30,2026-03-30,1640.0,CE,BDL26MAR1640CE,0.0,0.0,0.0,5.4,5.4,5.4,1299.2,5.0,1050,0,0,0.0,0,F1,350,,,,,
2026-02-18,2026-02-18,FO,NSE,STO,77151,,BDL,,2026-02-24,2026-02-24,1180.0,CE,BDL26FEB1180CE,93.0,124.6,87.45,124.6,124.6,86.55,1299.2,124.6,11200,1750,18,8046990.0,18,F1,350,,,,,
2026-02-18,2026-02-18,FO,NSE,STO,36173,,BDL,,2026-02-24,2026-02-24,1140.0,CE,BDL26FEB1140CE,0.0,0.0,0.0,396.35,0.0,396.35,1299.2,160.45,0,0,0,0.0,0,F1,350,,,,,
2026-02-18,2026-02-18,FO,NSE,STO,89633,,BDL,,2026-03-30,2026-03-30,1180.0,CE,BDL26MAR1180CE,109.0,109.0,109.0,109.0,109.0,105.05,1299.2,150.9,1400,-350,1,451150.0,1,F1,350,,,,,
2026-02-18,2026-02-18,FO,NSE,STO,89742,,BDL,,2026-04-28,2026-04-28,1240.0,PE,BDL26APR1240PE,0.0,0.0,0.0,43.5,0.0,43.5,1299.2,62.9,0,0,0,0.0,0,F1,350,,,,,
2026-02-18,2026-02-18,FO,NSE,STO,89651,,BDL,,2026-03-30,2026-03-30,1380.0,PE,BDL26MAR1380PE,0.0,0.0,0.0,103.0,103.0,103.0,1299.2,117.85,2450,0,0,0.0,0,F1,350,,,,,
2026-02-18,2026-02-18,FO,NSE,STO,89639,,BDL,,2026-03-30,2026-03-30,1220.0,PE,BDL26MAR1220PE,32.0,32.0,26.25,26.25,26.25,42.3,1299.2,26.25,5950,700,6,2623232.5,5,F1,350,,,,,
2026-02-18,2026-02-18,FO,NSE,STO,77419,,BDL,,2026-03-30,2026-03-30,1200.0,PE,BDL26MAR1200PE,39.75,39.75,20.5,21.15,21.85,39.75,1299.2,21.15,117600,7350,296,127037190.0,169,F1,350,,,,,
2026-02-18,2026-02-18,FO,NSE,STO,77154,,BDL,,2026-02-24,2026-02-24,1220.0,PE,BDL26FEB1220PE,11.0,11.0,2.05,2.25,2.45,10.9,1299.2,2.25,93100,-39900,1288,552364242.5,1082,F1,350,,,,,
2026-02-18,2026-02-18,FO,NSE,STO,89751,,BDL,,2026-04-28,2026-04-28,1440.0,CE,BDL26APR1440CE,0.0,0.0,0.0,169.35,0.0,169.35,1299.2,51.1,0,0,0,0.0,0,F1,350,,,,,
2026-02-18,2026-02-18,FO,NSE,STO,89749,,BDL,,2026-04-28,2026-04-28,1400.0,CE,BDL26APR1400CE,0.0,0.0,0.0,190.25,0.0,190.25,1299.2,63.15,0,0,0,0.0,0,F1,350,,,,,
2026-02-18,2026-02-18,FO,NSE,STO,89733,,BDL,,2026-04-28,2026-04-28,1080.0,CE,BDL26APR1080CE,0.0,0.0,0.0,419.8,0.0,419.8,1299.2,247.45,0,0,0,0.0,0,F1,350,,,,,
2026-02-18,2026-02-18,FO,NSE,STO,77446,,BDL,,2026-03-30,2026-03-30,1760.0,CE,BDL26MAR1760CE,0.0,0.0,0.0,2.9,2.9,2.9,1299.2,1.5,7000,0,0,0.0,0,F1,350,,,,,
2026-02-18,2026-02-18,FO,NSE,STO,89776,,BDL,,2026-04-28,2026-04-28,1680.0,CE,BDL26APR1680CE,0.0,0.0,0.0,78.55,0.0,78.55,1299.2,12.2,0,0,0,0.0,0,F1,350,,,,,
2026-02-18,2026-02-18,FO,NSE,STO,89743,,BDL,,2026-04-28,2026-04-28,1280.0,CE,BDL26APR1280CE,0.0,0.0,0.0,263.85,0.0,263.85,1299.2,113.15,0,0,0,0.0,0,F1,350,,,,,
2026-02-18,2026-02-18,FO,NSE,STO,77420,,BDL,,2026-03-30,2026-03-30,1240.0,CE,BDL26MAR1240CE,69.8,85.5,67.0,83.75,84.0,69.8,1299.2,83.75,102900,-53900,498,229514320.0,444,F1,350,,,,,
2026-02-18,2026-02-18,FO,NSE,STO,77418,,BDL,,2026-03-30,2026-03-30,1200.0,CE,BDL26MAR1200CE,94.0,113.0,91.15,110.45,109.0,92.15,1299.2,110.45,14350,-7350,264,120450225.0,244,F1,350,,,,,
2026-02-18,2026-02-18,FO,NSE,STO,78938,,BDL,,2026-02-24,2026-02-24,1760.0,CE,BDL26FEB1760CE,0.25,0.3,0.15,0.2,0.2,0.4,1299.2,0.2,255500,-39550,198,121981965.0,54,F1,350,,,,,
2026-02-18,2026-02-18,FO,NSE,STO,77173,,BDL,,2026-02-24,2026-02-24,1620.0,CE,BDL26FEB1620CE,0.65,0.7,0.45,0.5,0.45,0.7,1299.2,0.5,89600,-20650,100,56718760.0,55,F1,350,,,,,
2026-02-18,2026-02-18,FO,NSE,STO,78881,,BDL,,2026-02-24,2026-02-24,1400.0,CE,BDL26FEB1400CE,2.0,3.25,1.65,2.65,2.55,2.4,1299.2,2.65,706650,-124600,2401,1178330580.0,1651,F1,350,,,,,
2026-02-18,2026-02-18,FO,NSE,STO,78780,,BDL,,2026-02-24,2026-02-24,1120.0,CE,BDL26FEB1120CE,0.0,0.0,0.0,143.0,143.0,143.0,1299.2,180.3,6300,0,0,0.0,0,F1,350,,,,,
2026-02-18,2026-02-18,FO,NSE,STO,77170,,BDL,,2026-02-24,2026-02-24,1540.0,PE,BDL26FEB1540PE,260.0,260.0,238.55,238.55,238.55,288.0,1299.2,239.45,89950,-3150,10,6254902.5,10,F1,350,,,,,
2026-02-18,2026-02-18,FO,NSE,STO,77417,,BDL,,2026-03-30,2026-03-30,1160.0,PE,BDL26MAR1160PE,23.85,25.45,12.65,13.3,13.65,27.05,1299.2,13.3,21000,4200,102,42088252.5,75,F1,350,,,,,
2026-02-18,2026-02-18,FO,NSE,STO,89744,,BDL,,2026-04-28,2026-04-28,1280.0,PE,BDL26APR1280PE,0.0,0.0,0.0,54.85,0.0,54.85,1299.2,80.7,0,0,0,0.0,0,F1,350,,,,,
2026-02-18,2026-02-18,FO,NSE,STO,77162,,BDL,,2026-02-24,2026-02-24,1380.0,PE,BDL26FEB1380PE,111.0,119.05,79.8,80.65,81.9,103.3,1299.2,80.65,23100,-2450,49,25488907.5,46,F1,350,,,,,
2026-02-18,2026-02-18,FO,NSE,STO,78807,,BDL,,2026-02-24,2026-02-24,1320.0,PE,BDL26FEB1320PE,63.55,64.3,28.9,30.55,32.4,70.2,1299.2,30.55,88200,-12950,149,71227082.5,121,F1,350,,,,,
2026-02-18,2026-02-18,FO,NSE,STO,77156,,BDL,,2026-02-24,2026-02-24,1260.0,PE,BDL26FEB1260PE,25.45,25.5,4.4,4.9,5.55,24.5,1299.2,4.9,275800,-14350,2014,895369790.0,1629,F1,350,,,,,
2026-02-18,2026-02-18,FO,NSE,STO,77167,,BDL,,2026-02-24,2026-02-24,1500.0,CE,BDL26FEB1500CE,0.9,1.1,0.7,1.0,0.85,1.0,1299.2,1.0,858900,-103600,1242,652419915.0,726,F1,350,,,,,
2026-02-18,2026-02-18,FO,NSE,STO,78924,,BDL,,2026-02-24,2026-02-24,1680.0,PE,BDL26FEB1680PE,400.0,400.0,382.5,382.5,382.5,420.05,1299.2,379.3,16450,-700,7,5068017.5,4,F1,350,,,,,
2026-02-18,2026-02-18,FO,NSE,STO,77176,,BDL,,2026-02-24,2026-02-24,1660.0,PE,BDL26FEB1660PE,0.0,0.0,0.0,370.0,370.0,370.0,1299.2,359.3,1400,0,0,0.0,0,F1,350,,,,,
2026-02-18,2026-02-18,FO,NSE,STO,78777,,BDL,,2026-02-24,2026-02-24,1040.0,PE,BDL26FEB1040PE,0.75,0.8,0.3,0.35,0.3,1.15,1299.2,0.35,13300,-13300,88,32048047.5,74,F1,350,,,,,
2026-02-18,2026-02-18,FO,NSE,STO,89765,,BDL,,2026-04-28,2026-04-28,1520.0,CE,BDL26APR1520CE,0.0,0.0,0.0,132.75,0.0,132.75,1299.2,32.65,0,0,0,0.0,0,F1,350,,,,,
2026-02-18,2026-02-18,FO,NSE,STO,77434,,BDL,,2026-03-30,2026-03-30,1520.0,CE,BDL26MAR1520CE,7.7,7.7,7.0,7.4,7.4,39.8,1299.2,7.4,1400,700,5,2672652.5,5,F1,350,,,,,
2026-02-18,2026-02-18,FO,NSE,STO,89658,,BDL,,2026-03-30,2026-03-30,1500.0,CE,BDL26MAR1500CE,10.85,10.85,7.45,8.9,8.7,8.75,1299.2,8.9,102550,19250,217,114566882.5,164,F1,350,,,,,
2026-02-18,2026-02-18,FO,NSE,STO,77432,,BDL,,2026-03-30,2026-03-30,1480.0,CE,BDL26MAR1480CE,8.15,10.45,8.15,10.0,10.0,133.6,1299.2,10.0,5250,1750,23,11990737.5,19,F1,350,,,,,
2026-02-18,2026-02-18,FO,NSE,STO,78900,,BDL,,2026-02-24,2026-02-24,1520.0,CE,BDL26FEB1520CE,0.75,0.9,0.6,0.8,0.7,0.9,1299.2,0.8,264600,-88200,501,266660572.5,274,F1,350,,,,,
2026-02-18,2026-02-18,FO,NSE,STO,89653,,BDL,,2026-03-30,2026-03-30,1420.0,PE,BDL26MAR1420PE,0.0,0.0,0.0,190.0,190.0,190.0,1299.2,146.05,2800,0,0,0.0,0,F1,350,,,,,
2026-02-18,2026-02-18,FO,NSE,STO,77441,,BDL,,2026-03-30,2026-03-30,1640.0,PE,BDL26MAR1640PE,379.0,379.0,379.0,379.0,379.0,408.15,1299.2,335.95,2450,350,1,706650.0,1,F1,350,,,,,
2026-02-18,2026-02-18,FO,NSE,STO,89709,,BDL,,2026-03-30,2026-03-30,1660.0,PE,BDL26MAR1660PE,0.0,0.0,0.0,231.5,0.0,231.5,1299.2,354.95,0,0,0,0.0,0,F1,350,,,,,
2026-02-18,2026-02-18,FO,NSE,STO,77165,,BDL,,2026-02-24,2026-02-24,1460.0,CE,BDL26FEB1460CE,1.1,1.4,0.8,1.2,1.1,1.3,1299.2,1.2,203350,-8050,546,279202350.0,409,F1,350,,,,,
2026-02-18,2026-02-18,FO,NSE,STO,77152,,BDL,,2026-02-24,2026-02-24,1180.0,PE,BDL26FEB1180PE,4.65,4.75,1.2,1.3,1.2,5.6,1299.2,1.3,73150,5250,318,131590252.5,258,F1,350,,,,,
2026-02-18,2026-02-18,FO,NSE,STO,77423,,BDL,,2026-03-30,2026-03-30,1280.0,PE,BDL26MAR1280PE,64.85,64.85,49.15,51.5,49.15,81.5,1299.2,51.5,25200,21000,172,80359335.0,140,F1,350,,,,,
2026-02-18,2026-02-18,FO,NSE,STO,89641,,BDL,,2026-03-30,2026-03-30,1260.0,PE,BDL26MAR1260PE,59.6,63.3,40.2,41.1,42.0,67.3,1299.2,41.1,21350,7350,61,27906217.5,55,F1,350,,,,,
2026-02-18,2026-02-18,FO,NSE,STO,89644,,BDL,,2026-03-30,2026-03-30,1300.0,CE,BDL26MAR1300CE,43.5,54.0,40.9,52.2,52.0,43.3,1299.2,52.2,189000,23450,1217,574592200.0,960,F1,350,,,,,
2026-02-18,2026-02-18,FO,NSE,STO,79160,,BEL,,2026-02-24,2026-02-24,370.0,CE,BEL26FEB370CE,0.0,0.0,0.0,73.0,73.0,73.0,447.7,78.05,37050,0,0,0.0,0,F1,1425,,,,,
2026-02-18,2026-02-18,FO,NSE,STO,77697,,BEL,,2026-02-24,2026-02-24,465.0,CE,BEL26FEB465CE,3.0,3.7,1.65,1.75,1.75,2.7,447.7,1.75,3184875,441750,6557,4368157023.75,3527,F1,1425,,,,,
2026-02-18,2026-02-18,FO,NSE,STO,77701,,BEL,,2026-02-24,2026-02-24,485.0,CE,BEL26FEB485CE,1.1,1.25,0.5,0.55,0.5,0.95,447.7,0.55,1621650,11400,1369,947548691.25,731,F1,1425,,,,,
2026-02-18,2026-02-18,FO,NSE,STO,89839,,BEL,,2026-03-30,2026-03-30,365.0,CE,BEL26MAR365CE,0.0,0.0,0.0,59.7,0.0,59.7,447.7,85.2,0,0,0,0.0,0,F1,1425,,,,,
2026-02-18,2026-02-18,FO,NSE,STO,89845,,BEL,,2026-03-30,2026-03-30,395.0,CE,BEL26MAR395CE,57.0,57.35,57.0,57.0,57.0,37.95,447.7,57.0,8550,8550,6,3866025.0,6,F1,1425,,,,,
2026-02-18,2026-02-18,FO,NSE,STO,77780,,BEL,,2026-03-30,2026-03-30,470.0,CE,BEL26MAR470CE,9.55,10.45,7.55,7.7,7.7,8.8,447.7,7.7,883500,115425,486,331471886.25,367,F1,1425,,,,,
2026-02-18,2026-02-18,FO,NSE,STO,90080,,BEL,,2026-04-28,2026-04-28,440.0,CE,BEL26APR440CE,29.0,30.0,26.25,26.35,26.5,27.1,447.7,26.35,32775,14250,17,11317635.0,17,F1,1425,,,,,
2026-02-18,2026-02-18,FO,NSE,STO,90097,,BEL,,2026-04-28,2026-04-28,470.0,PE,BEL26APR470PE,25.0,27.75,25.0,27.75,27.75,59.65,447.7,34.1,4275,4275,3,2122893.75,3,F1,1425,,,,,
2026-02-18,2026-02-18,FO,NSE,STO,89853,,BEL,,2026-03-30,2026-03-30,425.0,PE,BEL26MAR425PE,5.9,6.45,5.25,5.65,5.75,6.75,447.7,5.65,196650,61275,108,66292638.75,80,F1,1425,,,,,
2026-02-18,2026-02-18,FO,NSE,STO,89848,,BEL,,2026-03-30,2026-03-30,405.0,PE,BEL26MAR405PE,2.5,2.75,2.1,2.45,2.45,2.85,447.7,2.45,190950,27075,87,50510265.0,68,F1,1425,,,,,
2026-02-18,2026-02-18,FO,NSE,STO,77755,,BEL,,2026-03-30,2026-03-30,370.0,PE,BEL26MAR370PE,0.65,0.65,0.5,0.5,0.5,0.75,447.7,0.45,121125,34200,29,15313548.75,19,F1,1425,,,,,
2026-02-18,2026-02-18,FO,NSE,STO,77646,,BEL,,2026-02-24,2026-02-24,415.0,PE,BEL26FEB415PE,0.45,0.45,0.3,0.35,0.35,0.6,447.7,0.35,1486275,-141075,723,427952793.75,329,F1,1425,,,,,
2026-02-18,2026-02-18,FO,NSE,STO,89846,,BEL,,2026-03-30,2026-03-30,395.0,PE,BEL26MAR395PE,1.6,1.6,1.4,1.4,1.4,1.9,447.7,2.0,86925,4275,7,3955800.0,5,F1,1425,,,,,
2026-02-18,2026-02-18,FO,NSE,STO,77648,,BEL,,2026-02-24,2026-02-24,425.0,PE,BEL26FEB425PE,1.05,1.15,0.55,0.65,0.7,1.2,447.7,0.65,1330950,-654075,3135,1902099120.0,800,F1,1425,,,,,
2026-02-18,2026-02-18,FO,NSE,STO,77647,,BEL,,2026-02-24,2026-02-24,425.0,CE,BEL26FEB425CE,24.8,28.25,22.5,23.4,22.95,24.2,447.7,23.4,579975,-65550,200,128187371.25,185,F1,1425,,,,,
2026-02-18,2026-02-18,FO,NSE,STO,77687,,BEL,,2026-02-24,2026-02-24,445.0,CE,BEL26FEB445CE,10.05,11.8,7.05,7.55,7.35,9.25,447.7,7.55,3478425,-605625,5250,3397068543.75,4584,F1,1425,,,,,
2026-02-18,2026-02-18,FO,NSE,STO,90113,,BEL,,2026-04-28,2026-04-28,480.0,CE,BEL26APR480CE,0.0,0.0,0.0,10.6,0.0,10.6,447.7,13.35,0,0,0,0.0,0,F1,1425,,,,,
2026-02-18,2026-02-18,FO,NSE,STO,77779,,BEL,,2026-03-30,2026-03-30,460.0,PE,BEL26MAR460PE,20.1,22.1,19.6,20.8,21.2,22.3,447.7,20.8,269325,65550,85,58214812.5,79,F1,1425,,,,,
2026-02-18,2026-02-18,FO,NSE,STO,89869,,BEL,,2026-03-30,2026-03-30,475.0,PE,BEL26MAR475PE,31.0,31.0,31.0,31.0,31.0,35.0,447.7,33.4,9975,1425,1,721050.0,1,F1,1425,,,,,
2026-02-18,2026-02-18,FO,NSE,STO,77787,,BEL,,2026-03-30,2026-03-30,480.0,PE,BEL26MAR480PE,34.4,36.1,34.0,34.8,34.8,36.05,447.7,34.8,163875,-15675,19,13935146.25,19,F1,1425,,,,,
2026-02-18,2026-02-18,FO,NSE,STO,90044,,BEL,,2026-04-28,2026-04-28,380.0,PE,BEL26APR380PE,0.0,0.0,0.0,11.6,0.0,11.6,447.7,2.5,0,0,0,0.0,0,F1,1425,,,,,
2026-02-18,2026-02-18,FO,NSE,STO,89858,,BEL,,2026-03-30,2026-03-30,445.0,PE,BEL26MAR445PE,12.4,14.15,11.75,12.8,13.2,14.05,447.7,12.8,232275,11400,97,63296647.5,85,F1,1425,,,,,
2026-02-18,2026-02-18,FO,NSE,STO,77764,,BEL,,2026-03-30,2026-03-30,400.0,PE,BEL26MAR400PE,2.2,2.2,1.7,1.85,1.85,2.4,447.7,1.85,1195575,49875,686,392982011.25,356,F1,1425,,,,,
2026-02-18,2026-02-18,FO,NSE,STO,77793,,BEL,,2026-03-30,2026-03-30,510.0,PE,BEL26MAR510PE,0.0,0.0,0.0,67.0,67.0,67.0,447.7,61.85,2850,0,0,0.0,0,F1,1425,,,,,
2026-02-18,2026-02-18,FO,NSE,STO,90133,,BEL,,2026-04-28,2026-04-28,500.0,CE,BEL26APR500CE,7.95,8.2,6.4,6.6,6.5,6.95,447.7,6.6,86925,35625,59,42620182.5,48,F1,1425,,,,,
2026-02-18,2026-02-18,FO,NSE,STO,79159,,BEL,,2026-02-24,2026-02-24,360.0,PE,BEL26FEB360PE,0.1,0.1,0.05,0.05,0.05,0.1,447.7,0.05,470250,-2850,24,12313781.25,10,F1,1425,,,,,
2026-02-18,2026-02-18,FO,NSE,STO,79204,,BEL,,2026-02-24,2026-02-24,510.0,PE,BEL26FEB510PE,0.0,0.0,0.0,63.0,63.0,63.0,447.7,61.85,2850,0,0,0.0,0,F1,1425,,,,,
2026-02-18,2026-02-18,FO,NSE,STO,77771,,BEL,,2026-03-30,2026-03-30,420.0,PE,BEL26MAR420PE,4.95,5.35,4.1,4.7,4.75,5.4,447.7,4.7,1593150,343425,814,492606540.0,442,F1,1425,,,,,
2026-02-18,2026-02-18,FO,NSE,STO,79192,,BEL,,2026-02-24,2026-02-24,450.0,PE,BEL26FEB450PE,7.95,9.1,6.2,7.3,7.7,8.95,447.7,7.3,3400050,312075,5427,3536693321.25,4191,F1,1425,,,,,
2026-02-18,2026-02-18,FO,NSE,STO,79149,,BEL,,2026-02-24,2026-02-24,340.0,PE,BEL26FEB340PE,0.05,0.05,0.05,0.05,0.05,0.05,447.7,0.05,163875,-7125,5,2422856.25,5,F1,1425,,,,,
2026-02-18,2026-02-18,FO,NSE,STO,89847,,BEL,,2026-03-30,2026-03-30,405.0,CE,BEL26MAR405CE,47.0,47.0,47.0,47.0,47.0,31.95,447.7,48.45,1425,1425,1,644100.0,1,F1,1425,,,,,
2026-02-18,2026-02-18,FO,NSE,STO,77758,,BEL,,2026-03-30,2026-03-30,390.0,CE,BEL26MAR390CE,0.0,0.0,0.0,51.25,51.3,51.25,447.7,61.55,4275,0,0,0.0,0,F1,1425,,,,,
2026-02-18,2026-02-18,FO,NSE,STO,79201,,BEL,,2026-02-24,2026-02-24,500.0,CE,BEL26FEB500CE,0.65,0.7,0.3,0.35,0.3,0.55,447.7,0.35,6127500,132525,6149,4384789481.25,1323,F1,1425,,,,,
2026-02-18,2026-02-18,FO,NSE,STO,79197,,BEL,,2026-02-24,2026-02-24,480.0,CE,BEL26FEB480CE,1.4,1.55,0.65,0.7,0.65,1.2,447.7,0.7,7072275,-252225,6994,4793672711.25,2299,F1,1425,,,,,
2026-02-18,2026-02-18,FO,NSE,STO,77747,,BEL,,2026-03-30,2026-03-30,340.0,PE,BEL26MAR340PE,0.3,0.3,0.25,0.25,0.25,0.35,447.7,0.25,28500,8550,8,3879277.5,8,F1,1425,,,,,
2026-02-18,2026-02-18,FO,NSE,STO,77702,,BEL,,2026-02-24,2026-02-24,485.0,PE,BEL26FEB485PE,0.0,0.0,0.0,37.8,37.85,37.8,447.7,37.0,84075,0,0,0.0,0,F1,1425,,,,,
2026-02-18,2026-02-18,FO,NSE,STO,79194,,BEL,,2026-02-24,2026-02-24,460.0,PE,BEL26FEB460PE,14.2,16.35,12.2,14.45,15.0,15.75,447.7,14.45,1182750,27075,677,457329738.75,643,F1,1425,,,,,
2026-02-18,2026-02-18,FO,NSE,STO,89849,,BEL,,2026-03-30,2026-03-30,415.0,CE,BEL26MAR415CE,0.0,0.0,0.0,26.6,0.0,26.6,447.7,40.45,0,0,0,0.0,0,F1,1425,,,,,
2026-02-18,2026-02-18,FO,NSE,STO,77765,,BEL,,2026-03-30,2026-03-30,410.0,CE,BEL26MAR410CE,42.0,43.2,41.75,42.7,42.7,40.6,447.7,42.7,64125,22800,18,11597148.75,7,F1,1425,,,,,
2026-02-18,2026-02-18,FO,NSE,STO,79199,,BEL,,2026-02-24,2026-02-24,490.0,CE,BEL26FEB490CE,0.85,0.95,0.35,0.4,0.35,0.75,447.7,0.4,2090475,-391875,3053,2134176472.5,1087,F1,1425,,,,,
2026-02-18,2026-02-18,FO,NSE,STO,77759,,BEL,,2026-03-30,2026-03-30,390.0,PE,BEL26MAR390PE,1.65,1.65,1.15,1.2,1.25,1.6,447.7,1.2,173850,-69825,165,92012321.25,91,F1,1425,,,,,
2026-02-18,2026-02-18,FO,NSE,STO,90134,,BEL,,2026-04-28,2026-04-28,500.0,PE,BEL26APR500PE,51.0,52.0,51.0,52.0,52.0,83.5,447.7,55.45,2850,2850,2,1571775.0,2,F1,1425,,,,,
2026-02-18,2026-02-18,FO,NSE,STO,90114,,BEL,,2026-04-28,2026-04-28,480.0,PE,BEL26APR480PE,34.0,34.0,34.0,34.0,34.0,67.3,447.7,40.7,1425,1425,1,732450.0,1,F1,1425,,,,,
2026-02-18,2026-02-18,FO,NSE,STO,89867,,BEL,,2026-03-30,2026-03-30,465.0,PE,BEL26MAR465PE,23.5,25.0,23.5,24.75,24.75,31.5,447.7,24.75,14250,4275,4,2788725.0,4,F1,1425,,,,,
2026-02-18,2026-02-18,FO,NSE,STO,89856,,BEL,,2026-03-30,2026-03-30,435.0,PE,BEL26MAR435PE,8.7,9.6,8.0,8.85,9.0,9.85,447.7,8.85,213750,45600,75,47419012.5,66,F1,1425,,,,,
2026-02-18,2026-02-18,FO,NSE,STO,79151,,BEL,,2026-02-24,2026-02-24,350.0,PE,BEL26FEB350PE,0.05,0.1,0.05,0.1,0.1,0.05,447.7,0.05,193800,-62700,47,23444741.25,16,F1,1425,,,,,
2026-02-18,2026-02-18,FO,NSE,STO,90045,,BEL,,2026-04-28,2026-04-28,390.0,CE,BEL26APR390CE,0.0,0.0,0.0,46.75,0.0,46.75,447.7,65.5,0,0,0,0.0,0,F1,1425,,,,,
2026-02-18,2026-02-18,FO,NSE,STF,66726,,BEL,,2026-04-28,2026-04-28,,,BEL26APRFUT,454.0,457.0,451.0,452.5,452.05,452.45,447.7,452.5,1910925,31350,338,218701305.0,307,F1,1425,,,,,
2026-02-18,2026-02-18,FO,NSE,STO,79148,,BEL,,2026-02-24,2026-02-24,340.0,CE,BEL26FEB340CE,0.0,0.0,0.0,77.0,77.0,77.0,447.7,108.0,18525,0,0,0.0,0,F1,1425,,,,,
2026-02-18,2026-02-18,FO,NSE,STO,77639,,BEL,,2026-02-24,2026-02-24,385.0,CE,BEL26FEB385CE,65.95,65.95,63.15,63.15,63.15,58.8,447.7,63.05,42750,0,2,1281217.5,2,F1,1425,,,,,
2026-02-18,2026-02-18,FO,NSE,STO,89843,,BEL,,2026-03-30,2026-03-30,385.0,CE,BEL26MAR385CE,0.0,0.0,0.0,44.6,0.0,44.6,447.7,66.15,0,0,0,0.0,0,F1,1425,,,,,
2026-02-18,2026-02-18,FO,NSE,STO,77786,,BEL,,2026-03-30,2026-03-30,480.0,CE,BEL26MAR480CE,6.7,7.65,5.2,5.45,5.25,6.3,447.7,5.45,1422150,336300,868,601374225.0,608,F1,1425,,,,,
2026-02-18,2026-02-18,FO,NSE,STO,89850,,BEL,,2026-03-30,2026-03-30,415.0,PE,BEL26MAR415PE,4.4,4.4,3.3,3.7,3.8,4.4,447.7,3.7,324900,75525,154,91907085.0,114,F1,1425,,,,,
2026-02-18,2026-02-18,FO,NSE,STO,90063,,BEL,,2026-04-28,2026-04-28,390.0,PE,BEL26APR390PE,0.0,0.0,0.0,4.9,4.9,4.9,447.7,3.75,4275,0,0,0.0,0,F1,1425,,,,,
2026-02-18,2026-02-18,FO,NSE,STO,90042,,BEL,,2026-04-28,2026-04-28,370.0,PE,BEL26APR370PE,0.0,0.0,0.0,8.9,0.0,8.9,447.7,1.6,0,0,0,0.0,0,F1,1425,,,,,
2026-02-18,2026-02-18,FO,NSE,STO,77698,,BEL,,2026-02-24,2026-02-24,465.0,PE,BEL26FEB465PE,16.9,20.5,16.3,18.95,19.35,24.3,447.7,18.95,188100,-37050,204,140351598.75,202,F1,1425,,,,,
2026-02-18,2026-02-18,FO,NSE,STO,77688,,BEL,,2026-02-24,2026-02-24,445.0,PE,BEL26FEB445PE,5.7,6.2,0.9,4.6,4.8,6.35,447.7,4.6,1818300,-78375,5161,3308527665.0,3332,F1,1425,,,,,
2026-02-18,2026-02-18,FO,NSE,STO,79174,,BEL,,2026-02-24,2026-02-24,410.0,PE,BEL26FEB410PE,0.3,0.35,0.2,0.3,0.3,0.45,447.7,0.3,1519050,-242250,613,358385861.25,232,F1,1425,,,,,
2026-02-18,2026-02-18,FO,NSE,STO,79172,,BEL,,2026-02-24,2026-02-24,400.0,PE,BEL26FEB400PE,0.2,0.25,0.15,0.2,0.15,0.25,447.7,0.2,2599200,-424650,1019,581102958.75,302,F1,1425,,,,,
2026-02-18,2026-02-18,FO,NSE,STO,79147,,BEL,,2026-02-24,2026-02-24,330.0,PE,BEL26FEB330PE,0.05,0.05,0.05,0.05,0.05,0.05,447.7,0.05,230850,-2850,2,940642.5,2,F1,1425,,,,,
2026-02-18,2026-02-18,FO,NSE,STO,77776,,BEL,,2026-03-30,2026-03-30,450.0,CE,BEL26MAR450CE,17.85,18.8,14.85,15.25,15.1,16.3,447.7,15.25,2287125,661200,1973,1311682860.0,1720,F1,1425,,,,,
2026-02-18,2026-02-18,FO,NSE,STO,89857,,BEL,,2026-03-30,2026-03-30,445.0,CE,BEL26MAR445CE,20.1,21.5,17.25,17.55,17.5,18.7,447.7,17.55,475950,84075,546,360657453.75,416,F1,1425,,,,,
2026-02-18,2026-02-18,FO,NSE,STO,77774,,BEL,,2026-03-30,2026-03-30,440.0,CE,BEL26MAR440CE,22.6,24.4,20.0,20.35,20.25,21.4,447.7,20.35,802275,29925,455,299508780.0,365,F1,1425,,,,,
2026-02-18,2026-02-18,FO,NSE,STO,89855,,BEL,,2026-03-30,2026-03-30,435.0,CE,BEL26MAR435CE,26.0,27.6,22.55,23.7,23.7,24.65,447.7,23.7,138225,-42750,151,98662653.75,93,F1,1425,,,,,
2026-02-18,2026-02-18,FO,NSE,STO,77691,,BEL,,2026-02-24,2026-02-24,455.0,CE,BEL26FEB455CE,5.9,6.9,3.5,3.75,3.6,5.1,447.7,3.75,4173825,1296750,12152,7968183187.5,8296,F1,1425,,,,,
2026-02-18,2026-02-18,FO,NSE,STO,77645,,BEL,,2026-02-24,2026-02-24,415.0,CE,BEL26FEB415CE,36.9,37.6,32.45,33.05,32.45,33.6,447.7,33.05,1122900,-29925,55,35244240.0,54,F1,1425,,,,,
2026-02-18,2026-02-18,FO,NSE,STO,77632,,BEL,,2026-02-24,2026-02-24,365.0,CE,BEL26FEB365CE,0.0,0.0,0.0,51.0,51.0,51.0,447.7,83.05,5700,0,0,0.0,0,F1,1425,,,,,
2026-02-18,2026-02-18,FO,NSE,STO,77700,,BEL,,2026-02-24,2026-02-24,475.0,PE,BEL26FEB475PE,25.15,29.25,24.5,28.1,28.4,41.35,447.7,28.1,334875,-9975,111,79310156.25,106,F1,1425,,,,,
2026-02-18,2026-02-18,FO,NSE,STO,79180,,BEL,,2026-02-24,2026-02-24,440.0,PE,BEL26FEB440PE,4.0,4.0,2.3,2.8,2.85,4.3,447.7,2.8,3830400,105450,6195,3910720410.0,4175,F1,1425,,,,,
2026-02-18,2026-02-18,FO,NSE,STO,79163,,BEL,,2026-02-24,2026-02-24,380.0,PE,BEL26FEB380PE,0.1,0.15,0.05,0.05,0.05,0.1,447.7,0.05,1353750,-74100,111,60119396.25,55,F1,1425,,,,,
2026-02-18,2026-02-18,FO,NSE,STO,90041,,BEL,,2026-04-28,2026-04-28,370.0,CE,BEL26APR370CE,0.0,0.0,0.0,60.5,0.0,60.5,447.7,83.1,0,0,0,0.0,0,F1,1425,,,,,
2026-02-18,2026-02-18,FO,NSE,STO,77788,,BEL,,2026-03-30,2026-03-30,490.0,CE,BEL26MAR490CE,5.2,5.6,3.7,3.8,3.7,4.55,447.7,3.8,662625,273600,538,378970057.5,400,F1,1425,,,,,
2026-02-18,2026-02-18,FO,NSE,STO,89868,,BEL,,2026-03-30,2026-03-30,475.0,CE,BEL26MAR475CE,8.15,8.9,6.35,6.4,6.35,7.4,447.7,6.4,249375,47025,109,74951437.5,78,F1,1425,,,,,
2026-02-18,2026-02-18,FO,NSE,STO,77772,,BEL,,2026-03-30,2026-03-30,430.0,CE,BEL26MAR430CE,30.0,31.0,26.15,26.55,26.15,27.5,447.7,26.55,565725,15675,93,60707208.75,76,F1,1425,,,,,
2026-02-18,2026-02-18,FO,NSE,STO,77706,,BEL,,2026-02-24,2026-02-24,495.0,CE,BEL26FEB495CE,0.7,0.8,0.3,0.35,0.3,0.65,447.7,0.35,823650,-4275,1247,880446011.25,534,F1,1425,,,,,
2026-02-18,2026-02-18,FO,NSE,STO,79193,,BEL,,2026-02-24,2026-02-24,460.0,CE,BEL26FEB460CE,4.75,5.1,2.4,2.55,2.45,3.75,447.7,2.55,11137800,72675,14900,9845790975.0,8492,F1,1425,,,,,
2026-02-18,2026-02-18,FO,NSE,STO,77777,,BEL,,2026-03-30,2026-03-30,450.0,PE,BEL26MAR450PE,16.45,16.65,14.0,15.35,15.5,16.45,447.7,15.35,969000,511575,688,456198787.5,632,F1,1425,,,,,
2026-02-18,2026-02-18,FO,NSE,STO,89840,,BEL,,2026-03-30,2026-03-30,365.0,PE,BEL26MAR365PE,0.0,0.0,0.0,4.9,0.0,4.9,447.7,0.3,0,0,0,0.0,0,F1,1425,,,,,
2026-02-18,2026-02-18,FO,NSE,STO,79202,,BEL,,2026-02-24,2026-02-24,500.0,PE,BEL26FEB500PE,49.0,52.75,49.0,51.65,51.65,52.0,447.7,51.85,65550,-9975,12,9416471.25,9,F1,1425,,,,,
2026-02-18,2026-02-18,FO,NSE,STF,59260,,BEL,,2026-02-24,2026-02-24,,,BEL26FEBFUT,450.0,452.8,446.25,448.0,447.7,447.85,447.7,448.0,97531275,-2629125,10633,6805824937.5,9209,F1,1425,,,,,
2026-02-18,2026-02-18,FO,NSE,STO,77750,,BEL,,2026-03-30,2026-03-30,360.0,CE,BEL26MAR360CE,88.75,90.0,88.7,90.0,90.0,90.0,447.7,90.05,44175,12825,9,5763982.5,5,F1,1425,,,,,
2026-02-18,2026-02-18,FO,NSE,STO,77756,,BEL,,2026-03-30,2026-03-30,380.0,CE,BEL26MAR380CE,72.0,72.0,72.0,72.0,72.0,37.65,447.7,70.8,7125,7125,5,3220500.0,1,F1,1425,,,,,
2026-02-18,2026-02-18,FO,NSE,STO,77763,,BEL,,2026-03-30,2026-03-30,400.0,CE,BEL26MAR400CE,55.55,56.0,50.7,51.0,50.75,51.5,447.7,51.0,287850,128250,184,118623697.5,68,F1,1425,,,,,
2026-02-18,2026-02-18,FO,NSE,STO,89902,,BEL,,2026-03-30,2026-03-30,495.0,CE,BEL26MAR495CE,4.85,4.85,3.25,3.25,3.25,4.0,447.7,3.25,92625,25650,68,48331440.0,62,F1,1425,,,,,
2026-02-18,2026-02-18,FO,NSE,STO,77792,,BEL,,2026-03-30,2026-03-30,510.0,CE,BEL26MAR510CE,2.5,3.1,2.0,2.1,2.1,2.5,447.7,2.1,877800,105450,448,327061653.75,302,F1,1425,,,,,
2026-02-18,2026-02-18,FO,NSE,STO,90039,,BEL,,2026-04-28,2026-04-28,360.0,CE,BEL26APR360CE,0.0,0.0,0.0,68.1,0.0,68.1,447.7,92.4,0,0,0,0.0,0,F1,1425,,,,,
2026-02-18,2026-02-18,FO,NSE,STO,90068,,BEL,,2026-04-28,2026-04-28,410.0,CE,BEL26APR410CE,0.0,0.0,0.0,35.15,0.0,35.15,447.7,49.65,0,0,0,0.0,0,F1,1425,,,,,
2026-02-18,2026-02-18,FO,NSE,STO,79161,,BEL,,2026-02-24,2026-02-24,370.0,PE,BEL26FEB370PE,0.1,0.15,0.1,0.15,0.1,0.1,447.7,0.15,1075875,-22800,73,38502217.5,43,F1,1425,,,,,
2026-02-18,2026-02-18,FO,NSE,STO,77641,,BEL,,2026-02-24,2026-02-24,395.0,CE,BEL26FEB395CE,0.0,0.0,0.0,48.75,48.75,48.75,447.7,53.05,105450,0,0,0.0,0,F1,1425,,,,,
2026-02-18,2026-02-18,FO,NSE,STO,77640,,BEL,,2026-02-24,2026-02-24,385.0,PE,BEL26FEB385PE,0.1,0.15,0.05,0.1,0.1,0.15,447.7,0.1,222300,-55575,127,69693187.5,54,F1,1425,,,,,
2026-02-18,2026-02-18,FO,NSE,STO,79168,,BEL,,2026-02-24,2026-02-24,390.0,PE,BEL26FEB390PE,0.2,0.2,0.1,0.15,0.15,0.2,447.7,0.15,750975,-192375,210,116749965.0,106,F1,1425,,,,,
2026-02-18,2026-02-18,FO,NSE,STO,77692,,BEL,,2026-02-24,2026-02-24,455.0,PE,BEL26FEB455PE,11.1,12.5,9.0,10.8,11.15,12.2,447.7,10.8,867825,54150,1166,773164886.25,1073,F1,1425,,,,,
2026-02-18,2026-02-18,FO,NSE,STO,79198,,BEL,,2026-02-24,2026-02-24,480.0,PE,BEL26FEB480PE,30.2,34.2,30.2,32.9,33.0,32.75,447.7,32.9,397575,-28500,55,40207728.75,50,F1,1425,,,,,
2026-02-18,2026-02-18,FO,NSE,STO,77791,,BEL,,2026-03-30,2026-03-30,500.0,PE,BEL26MAR500PE,51.0,53.0,51.0,53.0,53.0,103.1,447.7,53.0,25650,25650,18,14146901.25,18,F1,1425,,,,,
2026-02-18,2026-02-18,FO,NSE,STO,90040,,BEL,,2026-04-28,2026-04-28,360.0,PE,BEL26APR360PE,0.0,0.0,0.0,6.65,0.0,6.65,447.7,0.95,0,0,0,0.0,0,F1,1425,,,,,
2026-02-18,2026-02-18,FO,NSE,STO,90091,,BEL,,2026-04-28,2026-04-28,440.0,PE,BEL26APR440PE,13.55,14.35,13.55,13.95,14.35,14.5,447.7,13.95,9975,1425,2,1293757.5,2,F1,1425,,,,,
2026-02-18,2026-02-18,FO,NSE,STO,79169,,BEL,,2026-02-24,2026-02-24,400.0,CE,BEL26FEB400CE,52.0,52.9,47.1,47.95,47.3,47.85,447.7,47.95,684000,-133950,116,74268150.0,63,F1,1425,,,,,
2026-02-18,2026-02-18,FO,NSE,STO,79179,,BEL,,2026-02-24,2026-02-24,440.0,CE,BEL26FEB440CE,13.0,15.25,9.95,10.7,10.2,12.15,447.7,10.7,4012800,-1990725,5978,3854317556.25,5287,F1,1425,,,,,
2026-02-18,2026-02-18,FO,NSE,STO,79203,,BEL,,2026-02-24,2026-02-24,510.0,CE,BEL26FEB510CE,0.45,0.5,0.2,0.25,0.2,0.45,447.7,0.25,7653675,-822225,5035,3661407183.75,986,F1,1425,,,,,
2026-02-18,2026-02-18,FO,NSE,STO,77775,,BEL,,2026-03-30,2026-03-30,440.0,PE,BEL26MAR440PE,11.15,11.8,9.8,10.65,10.8,11.75,447.7,10.65,876375,182400,361,231782306.25,281,F1,1425,,,,,
2026-02-18,2026-02-18,FO,NSE,STO,89842,,BEL,,2026-03-30,2026-03-30,375.0,PE,BEL26MAR375PE,0.0,0.0,0.0,7.0,0.0,7.0,447.7,0.6,0,0,0,0.0,0,F1,1425,,,,,
2026-02-18,2026-02-18,FO,NSE,STO,77751,,BEL,,2026-03-30,2026-03-30,360.0,PE,BEL26MAR360PE,0.0,0.0,0.0,11.5,0.0,11.5,447.7,0.2,0,0,0,0.0,0,F1,1425,,,,,
2026-02-18,2026-02-18,FO,NSE,STO,90137,,BEL,,2026-04-28,2026-04-28,520.0,CE,BEL26APR520CE,0.0,0.0,0.0,4.7,0.0,4.7,447.7,4.95,0,0,0,0.0,0,F1,1425,,,,,
2026-02-18,2026-02-18,FO,NSE,STO,90070,,BEL,,2026-04-28,2026-04-28,420.0,CE,BEL26APR420CE,0.0,0.0,0.0,30.2,0.0,30.2,447.7,42.55,0,0,0,0.0,0,F1,1425,,,,,
2026-02-18,2026-02-18,FO,NSE,STO,90043,,BEL,,2026-04-28,2026-04-28,380.0,CE,BEL26APR380CE,0.0,0.0,0.0,53.4,0.0,53.4,447.7,74.1,0,0,0,0.0,0,F1,1425,,,,,
2026-02-18,2026-02-18,FO,NSE,STO,89873,,BEL,,2026-03-30,2026-03-30,485.0,CE,BEL26MAR485CE,6.4,6.4,4.45,4.6,4.55,5.4,447.7,4.6,106875,38475,82,57278445.0,62,F1,1425,,,,,
2026-02-18,2026-02-18,FO,NSE,STO,89866,,BEL,,2026-03-30,2026-03-30,465.0,CE,BEL26MAR465CE,12.05,12.2,9.0,9.2,9.0,10.25,447.7,9.2,104025,48450,74,50115682.5,70,F1,1425,,,,,
2026-02-18,2026-02-18,FO,NSE,STO,89859,,BEL,,2026-03-30,2026-03-30,455.0,CE,BEL26MAR455CE,15.5,16.3,12.6,13.0,12.6,14.1,447.7,13.0,263625,159600,356,238171863.75,282,F1,1425,,,,,
2026-02-18,2026-02-18,FO,NSE,STO,77746,,BEL,,2026-03-30,2026-03-30,340.0,CE,BEL26MAR340CE,0.0,0.0,0.0,76.0,76.0,76.0,447.7,109.8,2850,0,0,0.0,0,F1,1425,,,,,
2026-02-18,2026-02-18,FO,NSE,STO,79177,,BEL,,2026-02-24,2026-02-24,430.0,CE,BEL26FEB430CE,22.0,23.55,17.6,18.35,18.15,19.7,447.7,18.35,1829700,-414675,1111,713492655.0,932,F1,1425,,,,,
2026-02-18,2026-02-18,FO,NSE,STO,79173,,BEL,,2026-02-24,2026-02-24,410.0,CE,BEL26FEB410CE,40.85,42.35,37.0,38.25,37.1,37.9,447.7,38.25,1094400,-39900,44,28126578.75,33,F1,1425,,,,,
2026-02-18,2026-02-18,FO,NSE,STO,77637,,BEL,,2026-02-24,2026-02-24,375.0,CE,BEL26FEB375CE,0.0,0.0,0.0,85.3,85.3,85.3,447.7,73.05,7125,0,0,0.0,0,F1,1425,,,,,
2026-02-18,2026-02-18,FO,NSE,STO,79150,,BEL,,2026-02-24,2026-02-24,350.0,CE,BEL26FEB350CE,101.5,101.5,97.5,98.0,98.0,90.5,447.7,98.0,515850,-28500,20,12782962.5,8,F1,1425,,,,,
2026-02-18,2026-02-18,FO,NSE,STO,77773,,BEL,,2026-03-30,2026-03-30,430.0,PE,BEL26MAR430PE,8.0,8.15,6.45,6.85,7.25,8.2,447.7,6.85,913425,72675,275,171294120.0,234,F1,1425,,,,,
2026-02-18,2026-02-18,FO,NSE,STO,90095,,BEL,,2026-04-28,2026-04-28,460.0,PE,BEL26APR460PE,21.5,24.0,21.5,23.05,23.05,35.0,447.7,28.05,8550,4275,4,2751033.75,4,F1,1425,,,,,
2026-02-18,2026-02-18,FO,NSE,STO,90079,,BEL,,2026-04-28,2026-04-28,430.0,PE,BEL26APR430PE,10.9,10.9,9.65,10.05,10.0,11.0,447.7,10.05,29925,-1425,4,2508855.0,4,F1,1425,,,,,
2026-02-18,2026-02-18,FO,NSE,STO,90138,,BEL,,2026-04-28,2026-04-28,520.0,PE,BEL26APR520PE,0.0,0.0,0.0,100.8,0.0,100.8,447.7,71.9,0,0,0,0.0,0,F1,1425,,,,,
2026-02-18,2026-02-18,FO,NSE,STF,51824,,BEL,,2026-03-30,2026-03-30,,,BEL26MARFUT,452.9,454.25,447.9,449.6,449.45,449.4,447.7,449.6,17201175,3506925,5105,3277739471.25,4615,F1,1425,,,,,
2026-02-18,2026-02-18,FO,NSE,STO,79152,,BEL,,2026-02-24,2026-02-24,360.0,CE,BEL26FEB360CE,87.65,87.8,87.3,87.8,87.8,90.0,447.7,87.8,148200,-12825,9,5741182.5,4,F1,1425,,,,,
2026-02-18,2026-02-18,FO,NSE,STO,79162,,BEL,,2026-02-24,2026-02-24,380.0,CE,BEL26FEB380CE,68.5,68.6,68.5,68.6,68.6,61.7,447.7,68.05,327750,-7125,33,21091425.0,6,F1,1425,,,,,
2026-02-18,2026-02-18,FO,NSE,STO,77699,,BEL,,2026-02-24,2026-02-24,475.0,CE,BEL26FEB475CE,1.8,2.05,0.85,0.95,0.9,1.55,447.7,0.95,2848575,548625,5086,3451640343.75,1667,F1,1425,,,,,
2026-02-18,2026-02-18,FO,NSE,STO,89852,,BEL,,2026-03-30,2026-03-30,425.0,CE,BEL26MAR425CE,31.0,31.8,29.75,30.55,30.55,31.0,447.7,30.55,31350,19950,43,27917388.75,28,F1,1425,,,,,
2026-02-18,2026-02-18,FO,NSE,STO,77790,,BEL,,2026-03-30,2026-03-30,500.0,CE,BEL26MAR500CE,3.8,4.2,2.75,2.85,2.8,3.45,447.7,2.85,2482350,337725,1187,851502836.25,773,F1,1425,,,,,
2026-02-18,2026-02-18,FO,NSE,STO,90064,,BEL,,2026-04-28,2026-04-28,400.0,CE,BEL26APR400CE,0.0,0.0,0.0,40.7,0.0,40.7,447.7,57.3,0,0,0,0.0,0,F1,1425,,,,,
2026-02-18,2026-02-18,FO,NSE,STO,77642,,BEL,,2026-02-24,2026-02-24,395.0,PE,BEL26FEB395PE,0.15,0.2,0.1,0.1,0.1,0.2,447.7,0.05,649800,-57000,197,110922997.5,104,F1,1425,,,,,
2026-02-18,2026-02-18,FO,NSE,STO,79200,,BEL,,2026-02-24,2026-02-24,490.0,PE,BEL26FEB490PE,38.6,43.15,38.6,42.1,42.1,42.75,447.7,41.95,81225,-1425,19,14385660.0,18,F1,1425,,,,,
2026-02-18,2026-02-18,FO,NSE,STO,77710,,BEL,,2026-02-24,2026-02-24,495.0,PE,BEL26FEB495PE,0.0,0.0,0.0,98.65,0.0,98.65,447.7,46.9,0,0,0,0.0,0,F1,1425,,,,,
2026-02-18,2026-02-18,FO,NSE,STO,77789,,BEL,,2026-03-30,2026-03-30,490.0,PE,BEL26MAR490PE,43.0,43.0,43.0,43.0,43.0,48.0,447.7,44.8,4275,1425,1,759525.0,1,F1,1425,,,,,
2026-02-18,2026-02-18,FO,NSE,STO,89903,,BEL,,2026-03-30,2026-03-30,495.0,PE,BEL26MAR495PE,47.5,48.85,47.5,48.85,48.85,78.1,447.7,48.9,7125,7125,5,3871155.0,5,F1,1425,,,,,
2026-02-18,2026-02-18,FO,NSE,STO,90067,,BEL,,2026-04-28,2026-04-28,400.0,PE,BEL26APR400PE,0.0,0.0,0.0,6.3,6.3,6.3,447.7,5.45,2850,0,0,0.0,0,F1,1425,,,,,
2026-02-18,2026-02-18,FO,NSE,STO,90069,,BEL,,2026-04-28,2026-04-28,410.0,PE,BEL26APR410PE,0.0,0.0,0.0,5.85,5.85,5.85,447.7,7.7,1425,0,0,0.0,0,F1,1425,,,,,
2026-02-18,2026-02-18,FO,NSE,STO,90071,,BEL,,2026-04-28,2026-04-28,420.0,PE,BEL26APR420PE,0.0,0.0,0.0,8.25,8.25,8.25,447.7,10.5,7125,0,0,0.0,0,F1,1425,,,,,
2026-02-18,2026-02-18,FO,NSE,STO,77781,,BEL,,2026-03-30,2026-03-30,470.0,PE,BEL26MAR470PE,26.0,29.0,25.75,27.55,27.55,28.9,447.7,27.55,96900,11400,32,22672747.5,28,F1,1425,,,,,
2026-02-18,2026-02-18,FO,NSE,STO,89860,,BEL,,2026-03-30,2026-03-30,455.0,PE,BEL26MAR455PE,17.2,19.3,16.8,16.9,16.9,19.0,447.7,20.7,106875,38475,38,25598130.0,38,F1,1425,,,,,
2026-02-18,2026-02-18,FO,NSE,STO,90094,,BEL,,2026-04-28,2026-04-28,460.0,CE,BEL26APR460CE,0.0,0.0,0.0,15.35,0.0,15.35,447.7,20.55,0,0,0,0.0,0,F1,1425,,,,,
2026-02-18,2026-02-18,FO,NSE,STO,90072,,BEL,,2026-04-28,2026-04-28,430.0,CE,BEL26APR430CE,0.0,0.0,0.0,25.75,0.0,25.75,447.7,36.05,0,0,0,0.0,0,F1,1425,,,,,
2026-02-18,2026-02-18,FO,NSE,STO,77770,,BEL,,2026-03-30,2026-03-30,420.0,CE,BEL26MAR420CE,38.9,38.9,33.3,33.85,33.3,35.1,447.7,33.85,195225,-65550,131,84813221.25,56,F1,1425,,,,,
2026-02-18,2026-02-18,FO,NSE,STO,77754,,BEL,,2026-03-30,2026-03-30,370.0,CE,BEL26MAR370CE,0.0,0.0,0.0,68.9,68.9,68.9,447.7,80.35,2850,0,0,0.0,0,F1,1425,,,,,
2026-02-18,2026-02-18,FO,NSE,STO,77649,,BEL,,2026-02-24,2026-02-24,435.0,CE,BEL26FEB435CE,17.05,19.25,13.7,14.6,14.3,15.7,447.7,14.6,887775,-263625,1084,697170206.25,999,F1,1425,,,,,
2026-02-18,2026-02-18,FO,NSE,STO,79164,,BEL,,2026-02-24,2026-02-24,390.0,CE,BEL26FEB390CE,0.0,0.0,0.0,49.2,49.05,49.2,447.7,58.05,173850,0,0,0.0,0,F1,1425,,,,,
2026-02-18,2026-02-18,FO,NSE,STO,90116,,BEL,,2026-04-28,2026-04-28,490.0,PE,BEL26APR490PE,43.0,43.0,43.0,43.0,43.0,75.25,447.7,47.8,1425,1425,1,759525.0,1,F1,1425,,,,,
2026-02-18,2026-02-18,FO,NSE,STO,79175,,BEL,,2026-02-24,2026-02-24,420.0,CE,BEL26FEB420CE,30.75,33.1,26.9,28.65,27.7,28.8,447.7,28.65,2002125,-218025,446,285802203.75,365,F1,1425,,,,,
2026-02-18,2026-02-18,FO,NSE,STO,79195,,BEL,,2026-02-24,2026-02-24,470.0,CE,BEL26FEB470CE,2.6,3.05,1.15,1.3,1.25,2.0,447.7,1.3,6415350,-123975,9259,6224017102.5,4241,F1,1425,,,,,
2026-02-18,2026-02-18,FO,NSE,STO,89841,,BEL,,2026-03-30,2026-03-30,375.0,CE,BEL26MAR375CE,0.0,0.0,0.0,51.85,0.0,51.85,447.7,75.55,0,0,0,0.0,0,F1,1425,,,,,
2026-02-18,2026-02-18,FO,NSE,STO,77778,,BEL,,2026-03-30,2026-03-30,460.0,CE,BEL26MAR460CE,13.0,14.2,10.7,11.05,10.8,11.95,447.7,11.05,1548975,344850,1352,909716580.0,957,F1,1425,,,,,
2026-02-18,2026-02-18,FO,NSE,STO,90092,,BEL,,2026-04-28,2026-04-28,450.0,CE,BEL26APR450CE,21.55,21.7,21.0,21.2,21.3,18.35,447.7,21.2,5700,5700,6,4029900.0,6,F1,1425,,,,,
2026-02-18,2026-02-18,FO,NSE,STO,77636,,BEL,,2026-02-24,2026-02-24,365.0,PE,BEL26FEB365PE,0.1,0.1,0.1,0.1,0.1,0.1,447.7,0.05,162450,-4275,6,3121605.0,6,F1,1425,,,,,
2026-02-18,2026-02-18,FO,NSE,STO,79176,,BEL,,2026-02-24,2026-02-24,420.0,PE,BEL26FEB420PE,0.8,0.8,0.4,0.45,0.45,0.8,447.7,0.45,3149250,-713925,2377,1424423872.5,812,F1,1425,,,,,
2026-02-18,2026-02-18,FO,NSE,STO,79178,,BEL,,2026-02-24,2026-02-24,430.0,PE,BEL26FEB430PE,1.05,1.7,0.85,1.0,1.1,1.85,447.7,1.0,3542550,202350,5005,3074953635.0,1466,F1,1425,,,,,
2026-02-18,2026-02-18,FO,NSE,STO,77653,,BEL,,2026-02-24,2026-02-24,435.0,PE,BEL26FEB435PE,2.4,2.5,1.4,1.7,1.7,2.8,447.7,1.7,2214450,612750,4995,3109668487.5,2502,F1,1425,,,,,
2026-02-18,2026-02-18,FO,NSE,STO,90093,,BEL,,2026-04-28,2026-04-28,450.0,PE,BEL26APR450PE,17.45,19.3,17.45,18.7,18.75,18.75,447.7,18.7,27075,11400,14,9341516.25,14,F1,1425,,,,,
2026-02-18,2026-02-18,FO,NSE,STO,79191,,BEL,,2026-02-24,2026-02-24,450.0,CE,BEL26FEB450CE,8.05,9.1,5.05,5.45,5.15,7.0,447.7,5.45,13962150,-350550,21708,14132057096.25,15692,F1,1425,,,,,
2026-02-18,2026-02-18,FO,NSE,STO,89876,,BEL,,2026-03-30,2026-03-30,485.0,PE,BEL26MAR485PE,38.5,39.0,38.5,39.0,39.0,69.5,447.7,40.85,2850,2850,2,1492687.5,2,F1,1425,,,,,
2026-02-18,2026-02-18,FO,NSE,STO,77766,,BEL,,2026-03-30,2026-03-30,410.0,PE,BEL26MAR410PE,3.3,3.4,2.65,2.9,3.05,3.5,447.7,2.9,1011750,-49875,345,203046468.75,219,F1,1425,,,,,
2026-02-18,2026-02-18,FO,NSE,STO,89844,,BEL,,2026-03-30,2026-03-30,385.0,PE,BEL26MAR385PE,1.55,1.55,1.05,1.05,1.05,4.5,447.7,1.15,4275,2850,3,1651646.25,3,F1,1425,,,,,
2026-02-18,2026-02-18,FO,NSE,STO,77757,,BEL,,2026-03-30,2026-03-30,380.0,PE,BEL26MAR380PE,1.0,1.0,0.8,0.85,0.85,1.15,447.7,0.85,518700,28500,75,40706478.75,58,F1,1425,,,,,
2026-02-18,2026-02-18,FO,NSE,STO,79196,,BEL,,2026-02-24,2026-02-24,470.0,PE,BEL26FEB470PE,21.0,24.65,20.0,23.75,23.9,23.9,447.7,23.75,465975,-24225,165,115817373.75,160,F1,1425,,,,,
2026-02-18,2026-02-18,FO,NSE,STO,77643,,BEL,,2026-02-24,2026-02-24,405.0,CE,BEL26FEB405CE,43.0,43.25,42.55,43.25,43.25,42.3,447.7,43.1,296400,-5700,4,2553315.0,3,F1,1425,,,,,
2026-02-18,2026-02-18,FO,NSE,STO,77644,,BEL,,2026-02-24,2026-02-24,405.0,PE,BEL26FEB405PE,0.25,0.3,0.15,0.2,0.2,0.35,447.7,0.2,562875,-65550,178,102785392.5,109,F1,1425,,,,,
2026-02-18,2026-02-18,FO,NSE,STO,77638,,BEL,,2026-02-24,2026-02-24,375.0,PE,BEL26FEB375PE,0.1,0.15,0.1,0.15,0.15,0.1,447.7,0.15,259350,9975,14,7484171.25,5,F1,1425,,,,,
2026-02-18,2026-02-18,FO,NSE,STO,90115,,BEL,,2026-04-28,2026-04-28,490.0,CE,BEL26APR490CE,0.0,0.0,0.0,8.7,0.0,8.7,447.7,10.6,0,0,0,0.0,0,F1,1425,,,,,
2026-02-18,2026-02-18,FO,NSE,STO,90096,,BEL,,2026-04-28,2026-04-28,470.0,CE,BEL26APR470CE,0.0,0.0,0.0,12.8,0.0,12.8,447.7,16.65,0,0,0,0.0,0,F1,1425,,,,,
2026-02-18,2026-02-18,FO,NSE,STF,51843,,CGPOWER,,2026-03-30,2026-03-30,,,CGPOWER26MARFUT,694.25,720.0,690.55,715.95,716.4,693.7,710.55,715.95,1587800,809200,2064,1247555242.5,1950,F1,850,,,,,
2026-02-18,2026-02-18,FO,NSE,STO,83599,,CGPOWER,,2026-02-24,2026-02-24,500.0,CE,CGPOWER26FEB500CE,208.5,208.5,208.5,208.5,208.5,180.85,710.55,211.0,22100,0,1,602225.0,1,F1,850,,,,,
2026-02-18,2026-02-18,FO,NSE,STO,84536,,CGPOWER,,2026-03-30,2026-03-30,640.0,PE,CGPOWER26MAR640PE,8.0,8.0,7.9,7.9,7.9,7.5,710.55,7.05,2550,850,2,1101515.0,2,F1,850,,,,,
2026-02-18,2026-02-18,FO,NSE,STO,84375,,CGPOWER,,2026-02-24,2026-02-24,530.0,PE,CGPOWER26FEB530PE,0.15,0.15,0.1,0.15,0.15,0.25,710.55,0.15,132600,-17000,57,25684535.0,16,F1,850,,,,,
2026-02-18,2026-02-18,FO,NSE,STO,83753,,CGPOWER,,2026-02-24,2026-02-24,740.0,PE,CGPOWER26FEB740PE,50.0,50.05,29.7,31.85,31.5,51.3,710.55,31.85,32300,-850,43,28341762.5,42,F1,850,,,,,
2026-02-18,2026-02-18,FO,NSE,STO,84517,,CGPOWER,,2026-03-30,2026-03-30,560.0,CE,CGPOWER26MAR560CE,0.0,0.0,0.0,118.2,118.2,118.2,710.55,154.35,5100,0,0,0.0,0,F1,850,,,,,
2026-02-18,2026-02-18,FO,NSE,STO,84370,,CGPOWER,,2026-02-24,2026-02-24,490.0,CE,CGPOWER26FEB490CE,0.0,0.0,0.0,190.75,190.75,190.75,710.55,221.0,17850,0,0,0.0,0,F1,850,,,,,
2026-02-18,2026-02-18,FO,NSE,STO,83607,,CGPOWER,,2026-02-24,2026-02-24,560.0,CE,CGPOWER26FEB560CE,0.0,0.0,0.0,129.35,129.35,129.35,710.55,151.05,184450,0,0,0.0,0,F1,850,,,,,
2026-02-18,2026-02-18,FO,NSE,STO,97190,,CGPOWER,,2026-03-30,2026-03-30,670.0,PE,CGPOWER26MAR670PE,16.0,16.55,10.9,11.35,11.9,16.45,710.55,11.35,62050,32300,105,60903010.0,83,F1,850,,,,,
2026-02-18,2026-02-18,FO,NSE,STO,97182,,CGPOWER,,2026-03-30,2026-03-30,590.0,PE,CGPOWER26MAR590PE,3.35,3.35,2.0,2.15,2.15,4.5,710.55,1.5,2550,0,3,1510875.0,3,F1,850,,,,,
2026-02-18,2026-02-18,FO,NSE,STO,84458,,CGPOWER,,2026-02-24,2026-02-24,690.0,CE,CGPOWER26FEB690CE,13.2,29.35,10.95,26.25,25.75,12.75,710.55,26.25,376550,-403750,2210,1332916705.0,1779,F1,850,,,,,
2026-02-18,2026-02-18,FO,NSE,STO,97183,,CGPOWER,,2026-03-30,2026-03-30,610.0,CE,CGPOWER26MAR610CE,0.0,0.0,0.0,11.15,0.0,11.15,710.55,107.2,0,0,0,0.0,0,F1,850,,,,,
2026-02-18,2026-02-18,FO,NSE,STO,83677,,CGPOWER,,2026-02-24,2026-02-24,600.0,PE,CGPOWER26FEB600PE,0.75,0.75,0.4,0.5,0.45,0.85,710.55,0.5,237150,-87550,419,213873940.0,238,F1,850,,,,,
2026-02-18,2026-02-18,FO,NSE,STO,84511,,CGPOWER,,2026-03-30,2026-03-30,500.0,CE,CGPOWER26MAR500CE,0.0,0.0,0.0,152.65,0.0,152.65,710.55,213.55,0,0,0,0.0,0,F1,850,,,,,
2026-02-18,2026-02-18,FO,NSE,STO,97202,,CGPOWER,,2026-03-30,2026-03-30,730.0,PE,CGPOWER26MAR730PE,0.0,0.0,0.0,192.85,0.0,192.85,710.55,41.2,0,0,0,0.0,0,F1,850,,,,,
2026-02-18,2026-02-18,FO,NSE,STO,84542,,CGPOWER,,2026-03-30,2026-03-30,700.0,PE,CGPOWER26MAR700PE,29.0,29.0,19.85,22.05,23.2,31.0,710.55,22.05,175100,144500,293,179894807.5,251,F1,850,,,,,
2026-02-18,2026-02-18,FO,NSE,STO,97192,,CGPOWER,,2026-03-30,2026-03-30,690.0,PE,CGPOWER26MAR690PE,21.2,22.95,16.75,17.4,17.8,154.65,710.55,17.4,12750,12750,22,13254645.0,22,F1,850,,,,,
2026-02-18,2026-02-18,FO,NSE,STO,97140,,CGPOWER,,2026-03-30,2026-03-30,470.0,PE,CGPOWER26MAR470PE,0.0,0.0,0.0,9.45,0.0,9.45,710.55,0.05,0,0,0,0.0,0,F1,850,,,,,
2026-02-18,2026-02-18,FO,NSE,STO,83762,,CGPOWER,,2026-02-24,2026-02-24,760.0,PE,CGPOWER26FEB760PE,0.0,0.0,0.0,96.15,0.0,96.15,710.55,49.75,0,0,0,0.0,0,F1,850,,,,,
2026-02-18,2026-02-18,FO,NSE,STO,97187,,CGPOWER,,2026-03-30,2026-03-30,650.0,CE,CGPOWER26MAR650CE,75.0,75.25,73.85,73.85,73.85,44.3,710.55,73.85,33150,850,3,1847985.0,3,F1,850,,,,,
2026-02-18,2026-02-18,FO,NSE,STO,84513,,CGPOWER,,2026-03-30,2026-03-30,520.0,CE,CGPOWER26MAR520CE,0.0,0.0,0.0,135.3,0.0,135.3,710.55,193.75,0,0,0,0.0,0,F1,850,,,,,
2026-02-18,2026-02-18,FO,NSE,STO,97472,,CGPOWER,,2026-04-28,2026-04-28,720.0,PE,CGPOWER26APR720PE,0.0,0.0,0.0,182.05,0.0,182.05,710.55,44.1,0,0,0,0.0,0,F1,850,,,,,
2026-02-18,2026-02-18,FO,NSE,STO,84537,,CGPOWER,,2026-03-30,2026-03-30,660.0,CE,CGPOWER26MAR660CE,54.5,65.0,54.5,65.0,65.0,38.85,710.55,65.0,5950,0,3,1830900.0,2,F1,850,,,,,
2026-02-18,2026-02-18,FO,NSE,STO,83740,,CGPOWER,,2026-02-24,2026-02-24,720.0,PE,CGPOWER26FEB720PE,33.9,33.9,15.0,16.15,17.05,33.6,710.55,16.15,82450,29750,203,127547345.0,192,F1,850,,,,,
2026-02-18,2026-02-18,FO,NSE,STO,97246,,CGPOWER,,2026-04-28,2026-04-28,480.0,PE,CGPOWER26APR480PE,0.0,0.0,0.0,16.85,0.0,16.85,710.55,0.1,0,0,0,0.0,0,F1,850,,,,,
2026-02-18,2026-02-18,FO,NSE,STO,35805,,CGPOWER,,2026-03-30,2026-03-30,750.0,PE,CGPOWER26MAR750PE,51.0,51.0,47.0,49.05,49.5,64.0,710.55,49.05,6800,5950,10,6784955.0,7,F1,850,,,,,
2026-02-18,2026-02-18,FO,NSE,STO,97191,,CGPOWER,,2026-03-30,2026-03-30,690.0,CE,CGPOWER26MAR690CE,28.8,46.0,28.45,44.75,43.45,28.75,710.55,44.75,19550,1700,35,21563735.0,32,F1,850,,,,,
2026-02-18,2026-02-18,FO,NSE,STO,84551,,CGPOWER,,2026-03-30,2026-03-30,800.0,CE,CGPOWER26MAR800CE,3.0,6.95,3.0,6.5,6.4,3.4,710.55,6.5,98600,86700,264,180800950.0,208,F1,850,,,,,
2026-02-18,2026-02-18,FO,NSE,STO,84369,,CGPOWER,,2026-02-24,2026-02-24,470.0,PE,CGPOWER26FEB470PE,0.0,0.0,0.0,0.55,0.0,0.55,710.55,0.05,0,0,0,0.0,0,F1,850,,,,,
2026-02-18,2026-02-18,FO,NSE,STO,97417,,CGPOWER,,2026-04-28,2026-04-28,620.0,CE,CGPOWER26APR620CE,0.0,0.0,0.0,15.6,0.0,15.6,710.55,105.85,0,0,0,0.0,0,F1,850,,,,,
2026-02-18,2026-02-18,FO,NSE,STO,97253,,CGPOWER,,2026-04-28,2026-04-28,540.0,CE,CGPOWER26APR540CE,0.0,0.0,0.0,41.0,0.0,41.0,710.55,177.25,0,0,0,0.0,0,F1,850,,,,,
2026-02-18,2026-02-18,FO,NSE,STO,97201,,CGPOWER,,2026-03-30,2026-03-30,730.0,CE,CGPOWER26MAR730CE,13.3,25.0,13.0,24.05,23.1,13.0,710.55,24.05,109650,25500,278,177762497.5,249,F1,850,,,,,
2026-02-18,2026-02-18,FO,NSE,STO,97509,,CGPOWER,,2026-04-28,2026-04-28,760.0,PE,CGPOWER26APR760PE,0.0,0.0,0.0,219.75,0.0,219.75,710.55,68.15,0,0,0,0.0,0,F1,850,,,,,
2026-02-18,2026-02-18,FO,NSE,STO,97423,,CGPOWER,,2026-04-28,2026-04-28,660.0,PE,CGPOWER26APR660PE,0.0,0.0,0.0,128.3,0.0,128.3,710.55,18.8,0,0,0,0.0,0,F1,850,,,,,
2026-02-18,2026-02-18,FO,NSE,STO,83729,,CGPOWER,,2026-02-24,2026-02-24,620.0,PE,CGPOWER26FEB620PE,1.0,1.1,0.55,0.6,0.65,1.15,710.55,0.6,222700,-74800,214,112912215.0,179,F1,850,,,,,
2026-02-18,2026-02-18,FO,NSE,STO,83608,,CGPOWER,,2026-02-24,2026-02-24,560.0,PE,CGPOWER26FEB560PE,0.5,0.5,0.3,0.4,0.35,0.6,710.55,0.4,289850,-850,81,38582307.5,65,F1,850,,,,,
2026-02-18,2026-02-18,FO,NSE,STO,97480,,CGPOWER,,2026-04-28,2026-04-28,760.0,CE,CGPOWER26APR760CE,0.0,0.0,0.0,2.0,0.0,2.0,710.55,26.55,0,0,0,0.0,0,F1,850,,,,,
2026-02-18,2026-02-18,FO,NSE,STO,84376,,CGPOWER,,2026-02-24,2026-02-24,550.0,CE,CGPOWER26FEB550CE,158.0,158.0,158.0,158.0,158.0,143.0,710.55,161.05,181900,-850,1,601800.0,1,F1,850,,,,,
2026-02-18,2026-02-18,FO,NSE,STO,97471,,CGPOWER,,2026-04-28,2026-04-28,720.0,CE,CGPOWER26APR720CE,0.0,0.0,0.0,3.75,0.0,3.75,710.55,42.1,0,0,0,0.0,0,F1,850,,,,,
2026-02-18,2026-02-18,FO,NSE,STO,97422,,CGPOWER,,2026-04-28,2026-04-28,660.0,CE,CGPOWER26APR660CE,0.0,0.0,0.0,9.05,0.0,9.05,710.55,76.15,0,0,0,0.0,0,F1,850,,,,,
2026-02-18,2026-02-18,FO,NSE,STO,97429,,CGPOWER,,2026-04-28,2026-04-28,700.0,PE,CGPOWER26APR700PE,0.0,0.0,0.0,163.7,0.0,163.7,710.55,34.2,0,0,0,0.0,0,F1,850,,,,,
2026-02-18,2026-02-18,FO,NSE,STO,84531,,CGPOWER,,2026-03-30,2026-03-30,620.0,CE,CGPOWER26MAR620CE,0.0,0.0,0.0,51.15,51.15,51.15,710.55,98.3,2550,0,0,0.0,0,F1,850,,,,,
2026-02-18,2026-02-18,FO,NSE,STO,97193,,CGPOWER,,2026-03-30,2026-03-30,710.0,CE,CGPOWER26MAR710CE,30.05,35.15,29.1,33.4,32.5,1.7,710.55,33.4,56100,56100,149,94033162.5,132,F1,850,,,,,
2026-02-18,2026-02-18,FO,NSE,STO,83596,,CGPOWER,,2026-02-24,2026-02-24,460.0,PE,CGPOWER26FEB460PE,0.0,0.0,0.0,0.1,0.1,0.1,710.55,0.05,32300,0,0,0.0,0,F1,850,,,,,
2026-02-18,2026-02-18,FO,NSE,STO,84371,,CGPOWER,,2026-02-24,2026-02-24,490.0,PE,CGPOWER26FEB490PE,0.0,0.0,0.0,0.25,0.25,0.25,710.55,0.05,22100,0,0,0.0,0,F1,850,,,,,
2026-02-18,2026-02-18,FO,NSE,STO,84410,,CGPOWER,,2026-02-24,2026-02-24,610.0,PE,CGPOWER26FEB610PE,0.9,0.9,0.5,0.6,0.65,1.05,710.55,0.6,192950,-19550,78,40481420.0,50,F1,850,,,,,
2026-02-18,2026-02-18,FO,NSE,STO,84456,,CGPOWER,,2026-02-24,2026-02-24,670.0,PE,CGPOWER26FEB670PE,5.0,5.75,1.5,1.7,1.85,5.55,710.55,1.7,331500,-126650,1533,876363600.0,1170,F1,850,,,,,
2026-02-18,2026-02-18,FO,NSE,STO,84512,,CGPOWER,,2026-03-30,2026-03-30,500.0,PE,CGPOWER26MAR500PE,0.0,0.0,0.0,4.2,0.0,4.2,710.55,0.05,0,0,0,0.0,0,F1,850,,,,,
2026-02-18,2026-02-18,FO,NSE,STO,84378,,CGPOWER,,2026-02-24,2026-02-24,570.0,CE,CGPOWER26FEB570CE,125.45,140.4,125.45,140.4,140.4,123.0,710.55,140.4,199750,-850,2,1194972.5,2,F1,850,,,,,
2026-02-18,2026-02-18,FO,NSE,STO,35813,,CGPOWER,,2026-04-28,2026-04-28,740.0,PE,CGPOWER26APR740PE,0.0,0.0,0.0,155.95,0.0,155.95,710.55,55.45,0,0,0,0.0,0,F1,850,,,,,
2026-02-18,2026-02-18,FO,NSE,STO,97418,,CGPOWER,,2026-04-28,2026-04-28,620.0,PE,CGPOWER26APR620PE,0.0,0.0,0.0,95.45,0.0,95.45,710.55,8.9,0,0,0,0.0,0,F1,850,,,,,
2026-02-18,2026-02-18,FO,NSE,STO,97166,,CGPOWER,,2026-03-30,2026-03-30,510.0,PE,CGPOWER26MAR510PE,0.0,0.0,0.0,0.9,0.9,0.9,710.55,0.05,850,0,0,0.0,0,F1,850,,,,,
2026-02-18,2026-02-18,FO,NSE,STO,84440,,CGPOWER,,2026-02-24,2026-02-24,650.0,CE,CGPOWER26FEB650CE,41.2,64.4,41.2,62.7,62.25,42.25,710.55,62.7,116450,-30600,67,40095307.5,53,F1,850,,,,,
2026-02-18,2026-02-18,FO,NSE,STO,83741,,CGPOWER,,2026-02-24,2026-02-24,740.0,CE,CGPOWER26FEB740CE,1.35,4.45,1.1,3.7,3.65,1.55,710.55,3.7,487900,266050,2763,1745437897.5,2362,F1,850,,,,,
2026-02-18,2026-02-18,FO,NSE,STO,97131,,CGPOWER,,2026-03-30,2026-03-30,470.0,CE,CGPOWER26MAR470CE,0.0,0.0,0.0,75.0,0.0,75.0,710.55,243.4,0,0,0,0.0,0,F1,850,,,,,
2026-02-18,2026-02-18,FO,NSE,STO,84518,,CGPOWER,,2026-03-30,2026-03-30,560.0,PE,CGPOWER26MAR560PE,0.0,0.0,0.0,3.7,3.7,3.7,710.55,0.45,8500,0,0,0.0,0,F1,850,,,,,
2026-02-18,2026-02-18,FO,NSE,STF,59287,,CGPOWER,,2026-02-24,2026-02-24,,,CGPOWER26FEBFUT,689.8,715.8,686.75,712.05,711.9,689.5,710.55,712.05,14137200,362100,5743,3443795400.0,4920,F1,850,,,,,
2026-02-18,2026-02-18,FO,NSE,STO,84407,,CGPOWER,,2026-02-24,2026-02-24,590.0,CE,CGPOWER26FEB590CE,103.0,123.45,102.5,123.45,123.45,90.35,710.55,121.1,248200,-1700,7,4194537.5,7,F1,850,,,,,
2026-02-18,2026-02-18,FO,NSE,STO,83737,,CGPOWER,,2026-02-24,2026-02-24,700.0,CE,CGPOWER26FEB700CE,8.25,21.8,7.3,19.45,18.85,8.7,710.55,19.45,591600,-435200,6107,3711641960.0,4978,F1,850,,,,,
2026-02-18,2026-02-18,FO,NSE,STO,83739,,CGPOWER,,2026-02-24,2026-02-24,720.0,CE,CGPOWER26FEB720CE,3.1,10.6,2.75,9.15,8.9,3.65,710.55,9.15,635800,194650,7179,4442252405.0,6056,F1,850,,,,,
2026-02-18,2026-02-18,FO,NSE,STO,97169,,CGPOWER,,2026-03-30,2026-03-30,550.0,CE,CGPOWER26MAR550CE,161.0,161.0,161.0,161.0,161.0,146.0,710.55,164.15,9350,850,1,604350.0,1,F1,850,,,,,
2026-02-18,2026-02-18,FO,NSE,STO,97171,,CGPOWER,,2026-03-30,2026-03-30,570.0,CE,CGPOWER26MAR570CE,0.0,0.0,0.0,21.15,0.0,21.15,710.55,144.65,0,0,0,0.0,0,F1,850,,,,,
2026-02-18,2026-02-18,FO,NSE,STO,97185,,CGPOWER,,2026-03-30,2026-03-30,630.0,CE,CGPOWER26MAR630CE,0.0,0.0,0.0,58.0,58.0,58.0,710.55,89.7,51850,0,0,0.0,0,F1,850,,,,,
2026-02-18,2026-02-18,FO,NSE,STO,84541,,CGPOWER,,2026-03-30,2026-03-30,700.0,CE,CGPOWER26MAR700CE,24.35,40.9,24.0,38.6,39.1,24.05,710.55,38.6,334050,195500,1002,626477497.5,828,F1,850,,,,,
2026-02-18,2026-02-18,FO,NSE,STO,84547,,CGPOWER,,2026-03-30,2026-03-30,760.0,CE,CGPOWER26MAR760CE,9.0,14.2,9.0,13.8,13.9,15.65,710.55,13.8,24650,24650,51,33487832.5,34,F1,850,,,,,
2026-02-18,2026-02-18,FO,NSE,STO,97426,,CGPOWER,,2026-04-28,2026-04-28,680.0,CE,CGPOWER26APR680CE,0.0,0.0,0.0,6.8,0.0,6.8,710.55,63.35,0,0,0,0.0,0,F1,850,,,,,
2026-02-18,2026-02-18,FO,NSE,STO,84408,,CGPOWER,,2026-02-24,2026-02-24,590.0,PE,CGPOWER26FEB590PE,0.7,0.7,0.45,0.5,0.5,0.8,710.55,0.5,408000,68000,177,88854962.5,108,F1,850,,,,,
2026-02-18,2026-02-18,FO,NSE,STO,84465,,CGPOWER,,2026-02-24,2026-02-24,730.0,PE,CGPOWER26FEB730PE,41.5,42.95,21.7,23.6,23.7,41.8,710.55,23.6,52700,-1700,60,38617115.0,60,F1,850,,,,,
2026-02-18,2026-02-18,FO,NSE,STO,84514,,CGPOWER,,2026-03-30,2026-03-30,520.0,PE,CGPOWER26MAR520PE,0.0,0.0,0.0,1.8,1.8,1.8,710.55,0.05,0,0,0,0.0,0,F1,850,,,,,
2026-02-18,2026-02-18,FO,NSE,STO,83600,,CGPOWER,,2026-02-24,2026-02-24,500.0,PE,CGPOWER26FEB500PE,0.15,0.15,0.05,0.05,0.05,0.25,710.55,0.05,189550,-28900,60,25506460.0,18,F1,850,,,,,
2026-02-18,2026-02-18,FO,NSE,STO,83610,,CGPOWER,,2026-02-24,2026-02-24,580.0,PE,CGPOWER26FEB580PE,0.65,0.65,0.45,0.55,0.5,0.7,710.55,0.55,399500,40800,116,57238957.5,89,F1,850,,,,,
2026-02-18,2026-02-18,FO,NSE,STO,84412,,CGPOWER,,2026-02-24,2026-02-24,630.0,PE,CGPOWER26FEB630PE,1.2,1.2,0.6,0.7,0.85,1.4,710.55,0.7,124950,-35700,291,156041597.5,194,F1,850,,,,,
2026-02-18,2026-02-18,FO,NSE,STO,83736,,CGPOWER,,2026-02-24,2026-02-24,680.0,PE,CGPOWER26FEB680PE,8.75,8.75,2.3,2.8,2.85,8.75,710.55,2.8,578000,85000,2049,1190706222.5,1664,F1,850,,,,,
2026-02-18,2026-02-18,FO,NSE,STO,84454,,CGPOWER,,2026-02-24,2026-02-24,670.0,CE,CGPOWER26FEB670CE,24.45,45.6,24.0,43.25,43.9,25.35,710.55,43.25,232050,-56950,209,125221235.0,194,F1,850,,,,,
2026-02-18,2026-02-18,FO,NSE,STO,97420,,CGPOWER,,2026-04-28,2026-04-28,640.0,PE,CGPOWER26APR640PE,0.0,0.0,0.0,111.45,0.0,111.45,710.55,13.2,0,0,0,0.0,0,F1,850,,,,,
2026-02-18,2026-02-18,FO,NSE,STO,84527,,CGPOWER,,2026-03-30,2026-03-30,600.0,PE,CGPOWER26MAR600PE,3.5,3.5,2.45,2.7,2.8,3.85,710.55,2.7,53550,6800,37,18957805.0,35,F1,850,,,,,
2026-02-18,2026-02-18,FO,NSE,STO,84525,,CGPOWER,,2026-03-30,2026-03-30,580.0,PE,CGPOWER26MAR580PE,1.7,1.8,1.65,1.65,1.65,2.6,710.55,1.05,33150,-850,10,4944960.0,9,F1,850,,,,,
2026-02-18,2026-02-18,FO,NSE,STO,84510,,CGPOWER,,2026-03-30,2026-03-30,480.0,PE,CGPOWER26MAR480PE,0.0,0.0,0.0,2.55,0.0,2.55,710.55,0.05,0,0,0,0.0,0,F1,850,,,,,
2026-02-18,2026-02-18,FO,NSE,STO,83772,,CGPOWER,,2026-02-24,2026-02-24,800.0,PE,CGPOWER26FEB800PE,91.95,91.95,87.75,89.85,87.75,125.9,710.55,89.85,850,850,2,1512745.0,2,F1,850,,,,,
2026-02-18,2026-02-18,FO,NSE,STO,97189,,CGPOWER,,2026-03-30,2026-03-30,670.0,CE,CGPOWER26MAR670CE,48.0,48.0,48.0,48.0,48.0,35.3,710.55,58.9,2550,850,1,610300.0,1,F1,850,,,,,
2026-02-18,2026-02-18,FO,NSE,STO,97428,,CGPOWER,,2026-04-28,2026-04-28,700.0,CE,CGPOWER26APR700CE,0.0,0.0,0.0,5.05,0.0,5.05,710.55,52.0,0,0,0,0.0,0,F1,850,,,,,
2026-02-18,2026-02-18,FO,NSE,STO,97261,,CGPOWER,,2026-04-28,2026-04-28,560.0,PE,CGPOWER26APR560PE,0.0,0.0,0.0,53.5,0.0,53.5,710.55,2.05,0,0,0,0.0,0,F1,850,,,,,
2026-02-18,2026-02-18,FO,NSE,STO,97184,,CGPOWER,,2026-03-30,2026-03-30,610.0,PE,CGPOWER26MAR610PE,0.0,0.0,0.0,84.1,0.0,84.1,710.55,2.95,0,0,0,0.0,0,F1,850,,,,,
2026-02-18,2026-02-18,FO,NSE,STO,97168,,CGPOWER,,2026-03-30,2026-03-30,530.0,PE,CGPOWER26MAR530PE,0.0,0.0,0.0,31.05,0.0,31.05,710.55,0.1,0,0,0,0.0,0,F1,850,,,,,
2026-02-18,2026-02-18,FO,NSE,STO,84474,,CGPOWER,,2026-02-24,2026-02-24,750.0,PE,CGPOWER26FEB750PE,61.55,61.55,37.6,40.5,40.3,71.95,710.55,40.5,8500,2550,37,25005980.0,34,F1,850,,,,,
2026-02-18,2026-02-18,FO,NSE,STO,84377,,CGPOWER,,2026-02-24,2026-02-24,550.0,PE,CGPOWER26FEB550PE,0.35,0.4,0.3,0.35,0.35,0.5,710.55,0.35,398650,-17000,44,20582792.5,40,F1,850,,,,,
2026-02-18,2026-02-18,FO,NSE,STO,35812,,CGPOWER,,2026-04-28,2026-04-28,740.0,CE,CGPOWER26APR740CE,0.0,0.0,0.0,9.15,0.0,9.15,710.55,33.65,0,0,0,0.0,0,F1,850,,,,,
2026-02-18,2026-02-18,FO,NSE,STO,84545,,CGPOWER,,2026-03-30,2026-03-30,740.0,CE,CGPOWER26MAR740CE,10.0,20.75,10.0,20.2,20.0,10.8,710.55,20.2,28050,27200,65,41763942.5,58,F1,850,,,,,
2026-02-18,2026-02-18,FO,NSE,STO,84526,,CGPOWER,,2026-03-30,2026-03-30,600.0,CE,CGPOWER26MAR600CE,95.5,113.4,95.5,113.05,113.05,100.0,710.55,116.3,10200,1700,6,3622487.5,4,F1,850,,,,,
2026-02-18,2026-02-18,FO,NSE,STO,97181,,CGPOWER,,2026-03-30,2026-03-30,590.0,CE,CGPOWER26MAR590CE,0.0,0.0,0.0,27.55,27.55,27.55,710.55,125.6,0,0,0,0.0,0,F1,850,,,,,
2026-02-18,2026-02-18,FO,NSE,STO,84460,,CGPOWER,,2026-02-24,2026-02-24,710.0,CE,CGPOWER26FEB710CE,5.25,15.4,4.45,13.4,13.3,5.55,710.55,13.4,799850,269450,11527,7065993560.0,8964,F1,850,,,,,
2026-02-18,2026-02-18,FO,NSE,STO,83678,,CGPOWER,,2026-02-24,2026-02-24,620.0,CE,CGPOWER26FEB620CE,88.8,93.55,87.9,92.6,92.25,66.75,710.55,92.6,305150,-1700,7,4234105.0,7,F1,850,,,,,
2026-02-18,2026-02-18,FO,NSE,STO,83605,,CGPOWER,,2026-02-24,2026-02-24,540.0,CE,CGPOWER26FEB540CE,170.0,170.0,170.0,170.0,170.0,144.0,710.55,171.05,130900,-850,1,603500.0,1,F1,850,,,,,
2026-02-18,2026-02-18,FO,NSE,STF,66752,,CGPOWER,,2026-04-28,2026-04-28,,,CGPOWER26APRFUT,697.5,722.0,697.5,719.6,718.75,697.65,710.55,719.6,87550,2550,45,27211220.0,35,F1,850,,,,,
2026-02-18,2026-02-18,FO,NSE,STO,97513,,CGPOWER,,2026-04-28,2026-04-28,800.0,PE,CGPOWER26APR800PE,0.0,0.0,0.0,258.15,0.0,258.15,710.55,97.1,0,0,0,0.0,0,F1,850,,,,,
2026-02-18,2026-02-18,FO,NSE,STO,84374,,CGPOWER,,2026-02-24,2026-02-24,530.0,CE,CGPOWER26FEB530CE,0.0,0.0,0.0,149.05,149.05,149.05,710.55,181.05,84150,0,0,0.0,0,F1,850,,,,,
2026-02-18,2026-02-18,FO,NSE,STO,84473,,CGPOWER,,2026-02-24,2026-02-24,750.0,CE,CGPOWER26FEB750CE,0.95,2.9,0.8,2.5,2.5,1.1,710.55,2.5,338300,246500,2041,1304834702.5,1531,F1,850,,,,,
2026-02-18,2026-02-18,FO,NSE,STO,97161,,CGPOWER,,2026-03-30,2026-03-30,490.0,CE,CGPOWER26MAR490CE,0.0,0.0,0.0,60.65,0.0,60.65,710.55,223.5,0,0,0,0.0,0,F1,850,,,,,
2026-02-18,2026-02-18,FO,NSE,STO,97167,,CGPOWER,,2026-03-30,2026-03-30,530.0,CE,CGPOWER26MAR530CE,0.0,0.0,0.0,37.25,0.0,37.25,710.55,183.85,0,0,0,0.0,0,F1,850,,,,,
2026-02-18,2026-02-18,FO,NSE,STO,84459,,CGPOWER,,2026-02-24,2026-02-24,690.0,PE,CGPOWER26FEB690PE,14.0,14.15,3.8,4.3,4.6,13.2,710.55,4.3,509150,137700,2251,1331971037.5,1682,F1,850,,,,,
2026-02-18,2026-02-18,FO,NSE,STO,97427,,CGPOWER,,2026-04-28,2026-04-28,680.0,PE,CGPOWER26APR680PE,0.0,0.0,0.0,145.75,0.0,145.75,710.55,25.75,0,0,0,0.0,0,F1,850,,,,,
2026-02-18,2026-02-18,FO,NSE,STO,84532,,CGPOWER,,2026-03-30,2026-03-30,620.0,PE,CGPOWER26MAR620PE,5.0,6.2,3.55,4.25,4.25,5.65,710.55,4.25,40800,34000,88,46686845.0,61,F1,850,,,,,
2026-02-18,2026-02-18,FO,NSE,STO,84461,,CGPOWER,,2026-02-24,2026-02-24,710.0,PE,CGPOWER26FEB710PE,25.9,25.9,9.85,11.2,11.5,25.25,710.55,11.2,260100,189550,1327,815299175.0,1167,F1,850,,,,,
2026-02-18,2026-02-18,FO,NSE,STO,84452,,CGPOWER,,2026-02-24,2026-02-24,650.0,PE,CGPOWER26FEB650PE,2.4,2.4,0.85,1.0,1.05,2.35,710.55,1.0,441150,-101150,799,442229500.0,639,F1,850,,,,,
2026-02-18,2026-02-18,FO,NSE,STO,84538,,CGPOWER,,2026-03-30,2026-03-30,660.0,PE,CGPOWER26MAR660PE,10.0,10.0,10.0,10.0,10.0,14.55,710.55,11.45,2550,850,3,1708500.0,2,F1,850,,,,,
2026-02-18,2026-02-18,FO,NSE,STO,83611,,CGPOWER,,2026-02-24,2026-02-24,600.0,CE,CGPOWER26FEB600CE,90.0,113.15,90.0,110.1,109.65,87.0,710.55,110.1,297500,-5100,18,10779360.0,16,F1,850,,,,,
2026-02-18,2026-02-18,FO,NSE,STO,83733,,CGPOWER,,2026-02-24,2026-02-24,660.0,CE,CGPOWER26FEB660CE,33.5,55.3,33.5,53.0,53.25,33.15,710.55,53.0,98600,-24650,54,32526610.0,47,F1,850,,,,,
2026-02-18,2026-02-18,FO,NSE,STO,84543,,CGPOWER,,2026-03-30,2026-03-30,720.0,CE,CGPOWER26MAR720CE,17.35,29.9,16.2,28.15,28.8,16.2,710.55,28.15,142800,126650,434,275122475.0,358,F1,850,,,,,
2026-02-18,2026-02-18,FO,NSE,STO,83601,,CGPOWER,,2026-02-24,2026-02-24,520.0,CE,CGPOWER26FEB520CE,0.0,0.0,0.0,164.35,164.35,164.35,710.55,191.0,200600,0,0,0.0,0,F1,850,,,,,
2026-02-18,2026-02-18,FO,NSE,STO,97170,,CGPOWER,,2026-03-30,2026-03-30,550.0,PE,CGPOWER26MAR550PE,0.0,0.0,0.0,1.6,1.6,1.6,710.55,0.3,11900,0,0,0.0,0,F1,850,,,,,
2026-02-18,2026-02-18,FO,NSE,STO,97186,,CGPOWER,,2026-03-30,2026-03-30,630.0,PE,CGPOWER26MAR630PE,0.0,0.0,0.0,100.65,0.0,100.65,710.55,5.4,0,0,0,0.0,0,F1,850,,,,,
2026-02-18,2026-02-18,FO,NSE,STO,84544,,CGPOWER,,2026-03-30,2026-03-30,720.0,PE,CGPOWER26MAR720PE,0.0,0.0,0.0,92.65,0.0,92.65,710.55,35.5,0,0,0,0.0,0,F1,850,,,,,
2026-02-18,2026-02-18,FO,NSE,STO,84552,,CGPOWER,,2026-03-30,2026-03-30,800.0,PE,CGPOWER26MAR800PE,104.0,104.0,88.0,88.0,88.0,109.5,710.55,88.0,4250,3400,4,3035350.0,4,F1,850,,,,,
2026-02-18,2026-02-18,FO,NSE,STO,97416,,CGPOWER,,2026-04-28,2026-04-28,600.0,PE,CGPOWER26APR600PE,0.0,0.0,0.0,80.3,0.0,80.3,710.55,5.75,0,0,0,0.0,0,F1,850,,,,,
2026-02-18,2026-02-18,FO,NSE,STO,83763,,CGPOWER,,2026-02-24,2026-02-24,780.0,CE,CGPOWER26FEB780CE,0.65,1.05,0.55,0.75,0.75,0.6,710.55,0.75,74800,31450,393,260832530.0,303,F1,850,,,,,
2026-02-18,2026-02-18,FO,NSE,STO,84539,,CGPOWER,,2026-03-30,2026-03-30,680.0,CE,CGPOWER26MAR680CE,41.4,54.0,41.4,52.55,50.0,32.8,710.55,52.55,9350,5950,12,7440985.0,12,F1,850,,,,,
2026-02-18,2026-02-18,FO,NSE,STO,35804,,CGPOWER,,2026-03-30,2026-03-30,750.0,CE,CGPOWER26MAR750CE,8.8,17.7,8.5,16.65,16.0,8.9,710.55,16.65,107950,74800,287,186254422.5,247,F1,850,,,,,
2026-02-18,2026-02-18,FO,NSE,STO,84411,,CGPOWER,,2026-02-24,2026-02-24,630.0,CE,CGPOWER26FEB630CE,64.55,83.7,64.55,80.9,80.9,56.3,710.55,80.9,160650,-2550,12,7213652.5,10,F1,850,,,,,
2026-02-18,2026-02-18,FO,NSE,STO,84540,,CGPOWER,,2026-03-30,2026-03-30,680.0,PE,CGPOWER26MAR680PE,15.95,18.65,12.3,14.2,14.75,65.75,710.55,14.2,34000,34000,58,34262692.5,52,F1,850,,,,,
2026-02-18,2026-02-18,FO,NSE,STO,97194,,CGPOWER,,2026-03-30,2026-03-30,710.0,PE,CGPOWER26MAR710PE,26.5,27.5,24.55,26.55,26.5,173.6,710.55,26.55,44200,44200,65,40663872.5,53,F1,850,,,,,
2026-02-18,2026-02-18,FO,NSE,STO,84546,,CGPOWER,,2026-03-30,2026-03-30,740.0,PE,CGPOWER26MAR740PE,54.0,54.0,40.0,42.15,43.15,107.6,710.55,42.15,9350,9350,12,7997862.5,11,F1,850,,,,,
2026-02-18,2026-02-18,FO,NSE,STO,84548,,CGPOWER,,2026-03-30,2026-03-30,760.0,PE,CGPOWER26MAR760PE,0.0,0.0,0.0,123.35,0.0,123.35,710.55,60.9,0,0,0,0.0,0,F1,850,,,,,
2026-02-18,2026-02-18,FO,NSE,STO,97248,,CGPOWER,,2026-04-28,2026-04-28,500.0,PE,CGPOWER26APR500PE,0.0,0.0,0.0,23.7,0.0,23.7,710.55,0.25,0,0,0,0.0,0,F1,850,,,,,
2026-02-18,2026-02-18,FO,NSE,STO,97180,,CGPOWER,,2026-03-30,2026-03-30,570.0,PE,CGPOWER26MAR570PE,0.0,0.0,0.0,54.5,0.0,54.5,710.55,0.7,0,0,0,0.0,0,F1,850,,,,,
2026-02-18,2026-02-18,FO,NSE,STO,83768,,CGPOWER,,2026-02-24,2026-02-24,780.0,PE,CGPOWER26FEB780PE,0.0,0.0,0.0,110.65,0.0,110.65,710.55,69.0,0,0,0,0.0,0,F1,850,,,,,
2026-02-18,2026-02-18,FO,NSE,STO,83734,,CGPOWER,,2026-02-24,2026-02-24,660.0,PE,CGPOWER26FEB660PE,3.3,3.65,1.05,1.25,1.25,3.45,710.55,1.25,640900,-128350,1188,668238465.0,863,F1,850,,,,,
2026-02-18,2026-02-18,FO,NSE,STO,83732,,CGPOWER,,2026-02-24,2026-02-24,640.0,PE,CGPOWER26FEB640PE,1.6,1.6,0.7,0.8,0.85,1.7,710.55,0.8,195500,-141100,457,248961387.5,337,F1,850,,,,,
2026-02-18,2026-02-18,FO,NSE,STO,97512,,CGPOWER,,2026-04-28,2026-04-28,800.0,CE,CGPOWER26APR800CE,0.0,0.0,0.0,1.05,0.0,1.05,710.55,15.95,0,0,0,0.0,0,F1,850,,,,,
2026-02-18,2026-02-18,FO,NSE,STO,97419,,CGPOWER,,2026-04-28,2026-04-28,640.0,CE,CGPOWER26APR640CE,0.0,0.0,0.0,11.9,0.0,11.9,710.55,90.35,0,0,0,0.0,0,F1,850,,,,,
2026-02-18,2026-02-18,FO,NSE,STO,97415,,CGPOWER,,2026-04-28,2026-04-28,600.0,CE,CGPOWER26APR600CE,0.0,0.0,0.0,20.15,0.0,20.15,710.55,122.5,0,0,0,0.0,0,F1,850,,,,,
2026-02-18,2026-02-18,FO,NSE,STO,97413,,CGPOWER,,2026-04-28,2026-04-28,580.0,CE,CGPOWER26APR580CE,0.0,0.0,0.0,25.85,0.0,25.85,710.55,140.05,0,0,0,0.0,0,F1,850,,,,,
2026-02-18,2026-02-18,FO,NSE,STO,84549,,CGPOWER,,2026-03-30,2026-03-30,780.0,CE,CGPOWER26MAR780CE,5.0,10.0,5.0,9.35,9.4,4.75,710.55,9.35,38250,11050,105,70339455.0,78,F1,850,,,,,
2026-02-18,2026-02-18,FO,NSE,STO,84524,,CGPOWER,,2026-03-30,2026-03-30,580.0,CE,CGPOWER26MAR580CE,130.8,130.8,130.8,130.8,130.8,115.5,710.55,135.05,3400,0,1,604180.0,1,F1,850,,,,,
2026-02-18,2026-02-18,FO,NSE,STO,83769,,CGPOWER,,2026-02-24,2026-02-24,800.0,CE,CGPOWER26FEB800CE,0.3,0.7,0.2,0.55,0.5,0.4,710.55,0.55,381650,46750,437,297345937.5,306,F1,850,,,,,
2026-02-18,2026-02-18,FO,NSE,STO,83754,,CGPOWER,,2026-02-24,2026-02-24,760.0,CE,CGPOWER26FEB760CE,0.7,2.0,0.5,1.7,1.5,0.85,710.55,1.7,309400,68000,945,611610615.0,763,F1,850,,,,,
2026-02-18,2026-02-18,FO,NSE,STO,97165,,CGPOWER,,2026-03-30,2026-03-30,510.0,CE,CGPOWER26MAR510CE,0.0,0.0,0.0,48.0,0.0,48.0,710.55,203.65,0,0,0,0.0,0,F1,850,,,,,
2026-02-18,2026-02-18,FO,NSE,STO,84515,,CGPOWER,,2026-03-30,2026-03-30,540.0,CE,CGPOWER26MAR540CE,0.0,0.0,0.0,118.85,0.0,118.85,710.55,174.0,0,0,0,0.0,0,F1,850,,,,,
2026-02-18,2026-02-18,FO,NSE,STO,97245,,CGPOWER,,2026-04-28,2026-04-28,480.0,CE,CGPOWER26APR480CE,0.0,0.0,0.0,74.85,0.0,74.85,710.55,235.6,0,0,0,0.0,0,F1,850,,,,,
2026-02-18,2026-02-18,FO,NSE,STO,97247,,CGPOWER,,2026-04-28,2026-04-28,500.0,CE,CGPOWER26APR500CE,0.0,0.0,0.0,62.05,0.0,62.05,710.55,216.0,0,0,0,0.0,0,F1,850,,,,,
2026-02-18,2026-02-18,FO,NSE,STO,83604,,CGPOWER,,2026-02-24,2026-02-24,520.0,PE,CGPOWER26FEB520PE,0.2,0.2,0.15,0.2,0.2,0.4,710.55,0.2,266050,-9350,22,9727315.0,11,F1,850,,,,,
2026-02-18,2026-02-18,FO,NSE,STO,84550,,CGPOWER,,2026-03-30,2026-03-30,780.0,PE,CGPOWER26MAR780PE,0.0,0.0,0.0,139.8,0.0,139.8,710.55,75.95,0,0,0,0.0,0,F1,850,,,,,
2026-02-18,2026-02-18,FO,NSE,STO,84368,,CGPOWER,,2026-02-24,2026-02-24,470.0,CE,CGPOWER26FEB470CE,0.0,0.0,0.0,209.05,209.05,209.05,710.55,240.95,8500,0,0,0.0,0,F1,850,,,,,
2026-02-18,2026-02-18,FO,NSE,STO,83597,,CGPOWER,,2026-02-24,2026-02-24,480.0,CE,CGPOWER26FEB480CE,0.0,0.0,0.0,77.5,77.5,77.5,710.55,231.0,2550,0,0,0.0,0,F1,850,,,,,
2026-02-18,2026-02-18,FO,NSE,STO,83609,,CGPOWER,,2026-02-24,2026-02-24,580.0,CE,CGPOWER26FEB580CE,126.45,126.45,126.45,126.45,126.45,102.55,710.55,131.05,243950,0,1,600482.5,1,F1,850,,,,,
2026-02-18,2026-02-18,FO,NSE,STO,83731,,CGPOWER,,2026-02-24,2026-02-24,640.0,CE,CGPOWER26FEB640CE,51.45,69.9,50.3,68.45,68.45,50.65,710.55,71.2,181900,0,21,12520585.0,19,F1,850,,,,,
2026-02-18,2026-02-18,FO,NSE,STO,83735,,CGPOWER,,2026-02-24,2026-02-24,680.0,CE,CGPOWER26FEB680CE,18.0,36.45,16.25,34.5,34.25,18.8,710.55,34.5,284750,-161500,607,364056997.5,516,F1,850,,,,,
2026-02-18,2026-02-18,FO,NSE,STO,84463,,CGPOWER,,2026-02-24,2026-02-24,730.0,CE,CGPOWER26FEB730CE,2.25,6.9,1.75,5.85,5.7,2.3,710.55,5.85,400350,144500,3658,2285539287.5,3211,F1,850,,,,,
2026-02-18,2026-02-18,FO,NSE,STO,84516,,CGPOWER,,2026-03-30,2026-03-30,540.0,PE,CGPOWER26MAR540PE,0.0,0.0,0.0,1.0,1.0,1.0,710.55,0.2,9350,0,0,0.0,0,F1,850,,,,,
2026-02-18,2026-02-18,FO,NSE,STO,84372,,CGPOWER,,2026-02-24,2026-02-24,510.0,CE,CGPOWER26FEB510CE,0.0,0.0,0.0,173.95,173.95,173.95,710.55,201.0,7650,0,0,0.0,0,F1,850,,,,,
2026-02-18,2026-02-18,FO,NSE,STO,84409,,CGPOWER,,2026-02-24,2026-02-24,610.0,CE,CGPOWER26FEB610CE,96.5,103.7,96.5,103.7,103.7,77.5,710.55,101.1,256700,-4250,9,5424317.5,9,F1,850,,,,,
2026-02-18,2026-02-18,FO,NSE,STO,84509,,CGPOWER,,2026-03-30,2026-03-30,480.0,CE,CGPOWER26MAR480CE,0.0,0.0,0.0,170.7,0.0,170.7,710.55,233.45,0,0,0,0.0,0,F1,850,,,,,
2026-02-18,2026-02-18,FO,NSE,STO,84533,,CGPOWER,,2026-03-30,2026-03-30,640.0,CE,CGPOWER26MAR640CE,0.0,0.0,0.0,13.75,13.75,13.75,710.55,81.45,1700,0,0,0.0,0,F1,850,,,,,
2026-02-18,2026-02-18,FO,NSE,STO,97249,,CGPOWER,,2026-04-28,2026-04-28,520.0,CE,CGPOWER26APR520CE,0.0,0.0,0.0,50.75,0.0,50.75,710.55,196.5,0,0,0,0.0,0,F1,850,,,,,
2026-02-18,2026-02-18,FO,NSE,STO,97260,,CGPOWER,,2026-04-28,2026-04-28,560.0,CE,CGPOWER26APR560CE,0.0,0.0,0.0,32.75,0.0,32.75,710.55,158.4,0,0,0,0.0,0,F1,850,,,,,
2026-02-18,2026-02-18,FO,NSE,STO,83594,,CGPOWER,,2026-02-24,2026-02-24,440.0,PE,CGPOWER26FEB440PE,0.0,0.0,0.0,0.15,0.15,0.15,710.55,0.05,12750,0,0,0.0,0,F1,850,,,,,
2026-02-18,2026-02-18,FO,NSE,STO,83598,,CGPOWER,,2026-02-24,2026-02-24,480.0,PE,CGPOWER26FEB480PE,0.1,0.1,0.05,0.05,0.05,0.15,710.55,0.05,62900,-2550,8,3264382.5,7,F1,850,,,,,
2026-02-18,2026-02-18,FO,NSE,STO,84373,,CGPOWER,,2026-02-24,2026-02-24,510.0,PE,CGPOWER26FEB510PE,0.15,0.15,0.15,0.15,0.15,0.3,710.55,0.05,102000,-5950,8,3469020.0,3,F1,850,,,,,
2026-02-18,2026-02-18,FO,NSE,STO,83606,,CGPOWER,,2026-02-24,2026-02-24,540.0,PE,CGPOWER26FEB540PE,0.3,0.35,0.15,0.3,0.35,0.45,710.55,0.3,134300,-10200,40,18367310.0,26,F1,850,,,,,
2026-02-18,2026-02-18,FO,NSE,STO,84379,,CGPOWER,,2026-02-24,2026-02-24,570.0,PE,CGPOWER26FEB570PE,0.55,1.95,0.4,0.6,0.5,0.7,710.55,0.6,250750,17000,142,68865895.0,70,F1,850,,,,,
2026-02-18,2026-02-18,FO,NSE,STO,83738,,CGPOWER,,2026-02-24,2026-02-24,700.0,PE,CGPOWER26FEB700PE,18.4,19.5,6.15,7.2,7.35,19.35,710.55,7.2,613700,368900,3061,1844525797.5,2204,F1,850,,,,,
2026-02-18,2026-02-18,FO,NSE,STO,97164,,CGPOWER,,2026-03-30,2026-03-30,490.0,PE,CGPOWER26MAR490PE,0.0,0.0,0.0,14.85,0.0,14.85,710.55,0.05,0,0,0,0.0,0,F1,850,,,,,
2026-02-18,2026-02-18,FO,NSE,STO,97188,,CGPOWER,,2026-03-30,2026-03-30,650.0,PE,CGPOWER26MAR650PE,10.6,10.6,6.7,7.95,7.9,10.45,710.55,7.95,51850,21250,70,39134935.0,62,F1,850,,,,,
2026-02-18,2026-02-18,FO,NSE,STO,97251,,CGPOWER,,2026-04-28,2026-04-28,520.0,PE,CGPOWER26APR520PE,0.0,0.0,0.0,32.15,0.0,32.15,710.55,0.55,0,0,0,0.0,0,F1,850,,,,,
2026-02-18,2026-02-18,FO,NSE,STO,97259,,CGPOWER,,2026-04-28,2026-04-28,540.0,PE,CGPOWER26APR540PE,0.0,0.0,0.0,42.1,0.0,42.1,710.55,1.1,0,0,0,0.0,0,F1,850,,,,,
2026-02-18,2026-02-18,FO,NSE,STO,97414,,CGPOWER,,2026-04-28,2026-04-28,580.0,PE,CGPOWER26APR580PE,0.0,0.0,0.0,66.3,0.0,66.3,710.55,3.5,0,0,0,0.0,0,F1,850,,,,,
2026-02-18,2026-02-18,FO,NSE,STO,110873,,GMRAIRPORT,,2026-03-30,2026-03-30,79.0,CE,GMRAIRPORT26MAR79CE,0.0,0.0,0.0,15.28,0.0,15.28,100.36,21.86,0,0,0,0.0,0,F1,6975,,,,,
2026-02-18,2026-02-18,FO,NSE,STO,94182,,GMRAIRPORT,,2026-02-24,2026-02-24,100.0,PE,GMRAIRPORT26FEB100PE,2.0,2.0,0.86,1.12,1.07,1.81,100.36,1.12,4254750,34875,1454,1025832152.25,1279,F1,6975,,,,,
2026-02-18,2026-02-18,FO,NSE,STO,99044,,GMRAIRPORT,,2026-02-24,2026-02-24,97.0,PE,GMRAIRPORT26FEB97PE,0.69,0.77,0.23,0.28,0.26,0.68,100.36,0.28,11139075,-76725,424,287880291.0,371,F1,6975,,,,,
2026-02-18,2026-02-18,FO,NSE,STO,99274,,GMRAIRPORT,,2026-03-30,2026-03-30,104.0,CE,GMRAIRPORT26MAR104CE,3.09,3.09,2.71,2.71,2.71,2.7,100.36,2.88,97650,34875,9,6709182.75,9,F1,6975,,,,,
2026-02-18,2026-02-18,FO,NSE,STO,94191,,GMRAIRPORT,,2026-02-24,2026-02-24,108.0,PE,GMRAIRPORT26FEB108PE,0.0,0.0,0.0,7.38,7.38,7.38,100.36,7.6,20925,0,0,0.0,0,F1,6975,,,,,
2026-02-18,2026-02-18,FO,NSE,STO,99223,,GMRAIRPORT,,2026-03-30,2026-03-30,78.0,PE,GMRAIRPORT26MAR78PE,0.0,0.0,0.0,0.07,0.07,0.07,100.36,0.02,34875,0,0,0.0,0,F1,6975,,,,,
2026-02-18,2026-02-18,FO,NSE,STO,99259,,GMRAIRPORT,,2026-03-30,2026-03-30,90.0,PE,GMRAIRPORT26MAR90PE,0.71,0.72,0.58,0.65,0.65,0.84,100.36,0.65,2406375,48825,53,33520176.0,48,F1,6975,,,,,
2026-02-18,2026-02-18,FO,NSE,STO,110914,,GMRAIRPORT,,2026-03-30,2026-03-30,95.0,PE,GMRAIRPORT26MAR95PE,1.74,1.74,1.32,1.49,1.48,1.84,100.36,1.49,1297350,313875,151,101600709.75,97,F1,6975,,,,,
2026-02-18,2026-02-18,FO,NSE,STO,111055,,GMRAIRPORT,,2026-04-28,2026-04-28,72.0,PE,GMRAIRPORT26APR72PE,0.0,0.0,0.0,0.45,0.0,0.45,100.36,0.02,0,0,0,0.0,0,F1,6975,,,,,
2026-02-18,2026-02-18,FO,NSE,STO,110931,,GMRAIRPORT,,2026-03-30,2026-03-30,101.0,CE,GMRAIRPORT26MAR101CE,4.76,4.76,3.82,3.94,4.06,3.95,100.36,3.94,181350,27900,28,20604638.25,26,F1,6975,,,,,
2026-02-18,2026-02-18,FO,NSE,STO,111077,,GMRAIRPORT,,2026-04-28,2026-04-28,94.0,PE,GMRAIRPORT26APR94PE,1.6,1.7,1.6,1.69,1.69,6.63,100.36,2.38,111600,111600,17,11343512.25,15,F1,6975,,,,,
2026-02-18,2026-02-18,FO,NSE,STO,94122,,GMRAIRPORT,,2026-02-24,2026-02-24,90.0,CE,GMRAIRPORT26FEB90CE,11.25,11.35,10.4,10.55,10.7,10.1,100.36,10.55,1276425,-34875,12,8456280.75,11,F1,6975,,,,,
2026-02-18,2026-02-18,FO,NSE,STO,94138,,GMRAIRPORT,,2026-02-24,2026-02-24,92.0,CE,GMRAIRPORT26FEB92CE,9.0,9.0,9.0,9.0,9.0,9.94,100.36,8.46,1046250,-13950,2,1408950.0,1,F1,6975,,,,,
2026-02-18,2026-02-18,FO,NSE,STO,94231,,GMRAIRPORT,,2026-02-24,2026-02-24,114.0,CE,GMRAIRPORT26FEB114CE,0.0,0.0,0.0,4.34,0.0,4.34,100.36,0.01,0,0,0,0.0,0,F1,6975,,,,,
2026-02-18,2026-02-18,FO,NSE,STO,99042,,GMRAIRPORT,,2026-02-24,2026-02-24,95.0,PE,GMRAIRPORT26FEB95PE,0.35,0.36,0.12,0.14,0.14,0.36,100.36,0.14,4770900,-153450,398,264238668.0,302,F1,6975,,,,,
2026-02-18,2026-02-18,FO,NSE,STO,94185,,GMRAIRPORT,,2026-02-24,2026-02-24,102.0,PE,GMRAIRPORT26FEB102PE,3.33,3.33,1.86,2.27,2.24,3.12,100.36,2.27,1395000,132525,169,122830377.75,160,F1,6975,,,,,
2026-02-18,2026-02-18,FO,NSE,STO,110872,,GMRAIRPORT,,2026-03-30,2026-03-30,77.0,PE,GMRAIRPORT26MAR77PE,0.0,0.0,0.0,0.56,0.0,0.56,100.36,0.01,0,0,0,0.0,0,F1,6975,,,,,
2026-02-18,2026-02-18,FO,NSE,STO,111172,,GMRAIRPORT,,2026-04-28,2026-04-28,112.0,PE,GMRAIRPORT26APR112PE,0.0,0.0,0.0,19.27,0.0,19.27,100.36,12.43,0,0,0,0.0,0,F1,6975,,,,,
2026-02-18,2026-02-18,FO,NSE,STO,43907,,GMRAIRPORT,,2026-02-24,2026-02-24,78.0,PE,GMRAIRPORT26FEB78PE,0.0,0.0,0.0,0.02,0.02,0.02,100.36,0.01,446400,0,0,0.0,0,F1,6975,,,,,
2026-02-18,2026-02-18,FO,NSE,STO,111159,,GMRAIRPORT,,2026-04-28,2026-04-28,104.0,CE,GMRAIRPORT26APR104CE,0.0,0.0,0.0,3.19,0.0,3.19,100.36,4.33,0,0,0,0.0,0,F1,6975,,,,,
2026-02-18,2026-02-18,FO,NSE,STO,111080,,GMRAIRPORT,,2026-04-28,2026-04-28,98.0,CE,GMRAIRPORT26APR98CE,0.0,0.0,0.0,5.06,0.0,5.06,100.36,7.21,0,0,0,0.0,0,F1,6975,,,,,
2026-02-18,2026-02-18,FO,NSE,STO,111066,,GMRAIRPORT,,2026-04-28,2026-04-28,84.0,CE,GMRAIRPORT26APR84CE,0.0,0.0,0.0,12.48,0.0,12.48,100.36,17.7,0,0,0,0.0,0,F1,6975,,,,,
2026-02-18,2026-02-18,FO,NSE,STO,111064,,GMRAIRPORT,,2026-04-28,2026-04-28,82.0,CE,GMRAIRPORT26APR82CE,0.0,0.0,0.0,13.91,0.0,13.91,100.36,19.52,0,0,0,0.0,0,F1,6975,,,,,
2026-02-18,2026-02-18,FO,NSE,STO,99357,,GMRAIRPORT,,2026-03-30,2026-03-30,112.0,CE,GMRAIRPORT26MAR112CE,1.01,1.18,0.82,0.84,0.85,0.88,100.36,0.84,3878100,362700,160,126106674.75,105,F1,6975,,,,,
2026-02-18,2026-02-18,FO,NSE,STO,110935,,GMRAIRPORT,,2026-03-30,2026-03-30,105.0,CE,GMRAIRPORT26MAR105CE,2.12,3.02,2.11,2.43,2.44,2.39,100.36,2.43,4840650,1088100,654,491092800.75,445,F1,6975,,,,,
2026-02-18,2026-02-18,FO,NSE,STO,94140,,GMRAIRPORT,,2026-02-24,2026-02-24,94.0,CE,GMRAIRPORT26FEB94CE,6.33,7.56,6.33,6.76,6.76,6.23,100.36,6.76,1395000,-111600,32,22569426.0,31,F1,6975,,,,,
2026-02-18,2026-02-18,FO,NSE,STO,99029,,GMRAIRPORT,,2026-02-24,2026-02-24,83.0,CE,GMRAIRPORT26FEB83CE,0.0,0.0,0.0,14.63,14.63,14.63,100.36,17.44,27900,0,0,0.0,0,F1,6975,,,,,
2026-02-18,2026-02-18,FO,NSE,STF,59335,,GMRAIRPORT,,2026-02-24,2026-02-24,,,GMRAIRPORT26FEBFUT,100.13,101.55,99.36,100.56,100.61,99.82,100.36,100.56,135384750,-5049900,2607,1833794250.75,2254,F1,6975,,,,,
2026-02-18,2026-02-18,FO,NSE,STO,99048,,GMRAIRPORT,,2026-02-24,2026-02-24,101.0,PE,GMRAIRPORT26FEB101PE,2.3,2.3,1.3,1.66,1.62,2.39,100.36,1.66,1646100,704475,1067,763964914.5,828,F1,6975,,,,,
2026-02-18,2026-02-18,FO,NSE,STO,111075,,GMRAIRPORT,,2026-04-28,2026-04-28,92.0,PE,GMRAIRPORT26APR92PE,0.0,0.0,0.0,5.63,0.0,5.63,100.36,1.81,0,0,0,0.0,0,F1,6975,,,,,
2026-02-18,2026-02-18,FO,NSE,STO,99334,,GMRAIRPORT,,2026-03-30,2026-03-30,106.0,PE,GMRAIRPORT26MAR106PE,0.0,0.0,0.0,8.25,0.0,8.25,100.36,7.21,0,0,0,0.0,0,F1,6975,,,,,
2026-02-18,2026-02-18,FO,NSE,STO,99265,,GMRAIRPORT,,2026-03-30,2026-03-30,94.0,PE,GMRAIRPORT26MAR94PE,1.31,1.35,1.16,1.27,1.29,1.36,100.36,1.27,411525,-6975,71,47192361.75,55,F1,6975,,,,,
2026-02-18,2026-02-18,FO,NSE,STO,99245,,GMRAIRPORT,,2026-03-30,2026-03-30,86.0,PE,GMRAIRPORT26MAR86PE,0.0,0.0,0.0,1.8,1.8,1.8,100.36,0.25,13950,0,0,0.0,0,F1,6975,,,,,
2026-02-18,2026-02-18,FO,NSE,STO,94193,,GMRAIRPORT,,2026-02-24,2026-02-24,110.0,PE,GMRAIRPORT26FEB110PE,9.34,9.47,8.82,9.47,9.47,10.15,100.36,9.47,397575,34875,17,14122282.5,16,F1,6975,,,,,
2026-02-18,2026-02-18,FO,NSE,STO,99054,,GMRAIRPORT,,2026-02-24,2026-02-24,107.0,PE,GMRAIRPORT26FEB107PE,0.0,0.0,0.0,6.5,6.5,6.5,100.36,6.65,62775,0,0,0.0,0,F1,6975,,,,,
2026-02-18,2026-02-18,FO,NSE,STO,94139,,GMRAIRPORT,,2026-02-24,2026-02-24,92.0,PE,GMRAIRPORT26FEB92PE,0.12,0.12,0.06,0.07,0.07,0.16,100.36,0.07,1583325,-83700,80,51384964.5,78,F1,6975,,,,,
2026-02-18,2026-02-18,FO,NSE,STO,99269,,GMRAIRPORT,,2026-03-30,2026-03-30,98.0,PE,GMRAIRPORT26MAR98PE,0.0,0.0,0.0,2.25,2.25,2.25,100.36,2.78,13950,0,0,0.0,0,F1,6975,,,,,
2026-02-18,2026-02-18,FO,NSE,STO,99219,,GMRAIRPORT,,2026-03-30,2026-03-30,74.0,PE,GMRAIRPORT26MAR74PE,0.0,0.0,0.0,0.17,0.0,0.17,100.36,0.01,0,0,0,0.0,0,F1,6975,,,,,
2026-02-18,2026-02-18,FO,NSE,STO,94232,,GMRAIRPORT,,2026-02-24,2026-02-24,114.0,PE,GMRAIRPORT26FEB114PE,0.0,0.0,0.0,13.5,13.5,13.5,100.36,13.54,27900,0,0,0.0,0,F1,6975,,,,,
2026-02-18,2026-02-18,FO,NSE,STO,94189,,GMRAIRPORT,,2026-02-24,2026-02-24,106.0,PE,GMRAIRPORT26FEB106PE,5.63,5.63,5.63,5.63,5.63,12.5,100.36,5.72,34875,34875,5,3893096.25,1,F1,6975,,,,,
2026-02-18,2026-02-18,FO,NSE,STO,99052,,GMRAIRPORT,,2026-02-24,2026-02-24,105.0,PE,GMRAIRPORT26FEB105PE,4.23,4.94,4.16,4.76,4.74,5.64,100.36,4.76,1032300,-13950,34,25970854.5,32,F1,6975,,,,,
2026-02-18,2026-02-18,FO,NSE,STO,99050,,GMRAIRPORT,,2026-02-24,2026-02-24,103.0,PE,GMRAIRPORT26FEB103PE,3.77,4.14,2.54,3.04,3.1,3.98,100.36,3.04,739350,-48825,62,45796664.25,52,F1,6975,,,,,
2026-02-18,2026-02-18,FO,NSE,STO,94141,,GMRAIRPORT,,2026-02-24,2026-02-24,94.0,PE,GMRAIRPORT26FEB94PE,0.27,0.27,0.09,0.11,0.11,0.26,100.36,0.11,2490075,-167400,191,125435470.5,136,F1,6975,,,,,
2026-02-18,2026-02-18,FO,NSE,STO,94123,,GMRAIRPORT,,2026-02-24,2026-02-24,90.0,PE,GMRAIRPORT26FEB90PE,0.11,0.11,0.04,0.05,0.06,0.11,100.36,0.05,4003650,-132525,179,112445649.0,133,F1,6975,,,,,
2026-02-18,2026-02-18,FO,NSE,STO,99036,,GMRAIRPORT,,2026-02-24,2026-02-24,89.0,PE,GMRAIRPORT26FEB89PE,0.11,0.11,0.02,0.03,0.03,0.09,100.36,0.03,1283400,-174375,87,54032883.75,68,F1,6975,,,,,
2026-02-18,2026-02-18,FO,NSE,STO,99023,,GMRAIRPORT,,2026-02-24,2026-02-24,77.0,PE,GMRAIRPORT26FEB77PE,0.0,0.0,0.0,0.08,0.0,0.08,100.36,0.01,0,0,0,0.0,0,F1,6975,,,,,
2026-02-18,2026-02-18,FO,NSE,STO,94103,,GMRAIRPORT,,2026-02-24,2026-02-24,76.0,PE,GMRAIRPORT26FEB76PE,0.0,0.0,0.0,0.07,0.08,0.07,100.36,0.01,76725,0,0,0.0,0,F1,6975,,,,,
2026-02-18,2026-02-18,FO,NSE,STO,43904,,GMRAIRPORT,,2026-02-24,2026-02-24,74.0,PE,GMRAIRPORT26FEB74PE,0.0,0.0,0.0,0.2,0.0,0.2,100.36,0.01,0,0,0,0.0,0,F1,6975,,,,,
2026-02-18,2026-02-18,FO,NSE,STO,110941,,GMRAIRPORT,,2026-03-30,2026-03-30,111.0,CE,GMRAIRPORT26MAR111CE,0.0,0.0,0.0,0.95,0.0,0.95,100.36,1.07,0,0,0,0.0,0,F1,6975,,,,,
2026-02-18,2026-02-18,FO,NSE,STO,99260,,GMRAIRPORT,,2026-03-30,2026-03-30,92.0,CE,GMRAIRPORT26MAR92CE,0.0,0.0,0.0,14.7,0.0,14.7,100.36,9.92,0,0,0,0.0,0,F1,6975,,,,,
2026-02-18,2026-02-18,FO,NSE,STO,110888,,GMRAIRPORT,,2026-03-30,2026-03-30,87.0,CE,GMRAIRPORT26MAR87CE,0.0,0.0,0.0,9.22,0.0,9.22,100.36,14.21,0,0,0,0.0,0,F1,6975,,,,,
2026-02-18,2026-02-18,FO,NSE,STO,110883,,GMRAIRPORT,,2026-03-30,2026-03-30,85.0,CE,GMRAIRPORT26MAR85CE,0.0,0.0,0.0,10.59,0.0,10.59,100.36,16.06,0,0,0,0.0,0,F1,6975,,,,,
2026-02-18,2026-02-18,FO,NSE,STO,94120,,GMRAIRPORT,,2026-02-24,2026-02-24,88.0,PE,GMRAIRPORT26FEB88PE,0.0,0.0,0.0,0.07,0.07,0.07,100.36,0.01,1102050,0,0,0.0,0,F1,6975,,,,,
2026-02-18,2026-02-18,FO,NSE,STO,111072,,GMRAIRPORT,,2026-04-28,2026-04-28,90.0,CE,GMRAIRPORT26APR90CE,0.0,0.0,0.0,8.73,0.0,8.73,100.36,12.64,0,0,0,0.0,0,F1,6975,,,,,
2026-02-18,2026-02-18,FO,NSE,STO,111054,,GMRAIRPORT,,2026-04-28,2026-04-28,72.0,CE,GMRAIRPORT26APR72CE,0.0,0.0,0.0,22.19,0.0,22.19,100.36,29.13,0,0,0,0.0,0,F1,6975,,,,,
2026-02-18,2026-02-18,FO,NSE,STO,99355,,GMRAIRPORT,,2026-03-30,2026-03-30,110.0,CE,GMRAIRPORT26MAR110CE,1.2,1.55,1.12,1.15,1.18,1.2,100.36,1.15,2824875,669600,596,462763838.25,400,F1,6975,,,,,
2026-02-18,2026-02-18,FO,NSE,STO,99276,,GMRAIRPORT,,2026-03-30,2026-03-30,106.0,CE,GMRAIRPORT26MAR106CE,2.3,2.55,2.05,2.1,2.1,2.03,100.36,2.1,334800,230175,45,33969575.25,26,F1,6975,,,,,
2026-02-18,2026-02-18,FO,NSE,STO,99272,,GMRAIRPORT,,2026-03-30,2026-03-30,102.0,CE,GMRAIRPORT26MAR102CE,3.53,4.26,3.42,3.49,3.42,3.45,100.36,3.49,697500,181350,66,48706634.25,63,F1,6975,,,,,
2026-02-18,2026-02-18,FO,NSE,STO,99266,,GMRAIRPORT,,2026-03-30,2026-03-30,96.0,CE,GMRAIRPORT26MAR96CE,0.0,0.0,0.0,8.03,8.03,8.03,100.36,6.99,13950,0,0,0.0,0,F1,6975,,,,,
2026-02-18,2026-02-18,FO,NSE,STO,99220,,GMRAIRPORT,,2026-03-30,2026-03-30,76.0,CE,GMRAIRPORT26MAR76CE,0.0,0.0,0.0,28.23,0.0,28.23,100.36,24.83,0,0,0,0.0,0,F1,6975,,,,,
2026-02-18,2026-02-18,FO,NSE,STO,94235,,GMRAIRPORT,,2026-02-24,2026-02-24,118.0,CE,GMRAIRPORT26FEB118CE,0.0,0.0,0.0,0.06,0.06,0.06,100.36,0.01,174375,0,0,0.0,0,F1,6975,,,,,
2026-02-18,2026-02-18,FO,NSE,STF,51881,,GMRAIRPORT,,2026-03-30,2026-03-30,,,GMRAIRPORT26MARFUT,100.61,102.22,100.04,101.12,101.29,100.44,100.36,101.12,21134250,6640200,1831,1296380475.0,1441,F1,6975,,,,,
2026-02-18,2026-02-18,FO,NSE,STO,99024,,GMRAIRPORT,,2026-02-24,2026-02-24,79.0,CE,GMRAIRPORT26FEB79CE,0.0,0.0,0.0,24.72,0.0,24.72,100.36,21.43,0,0,0,0.0,0,F1,6975,,,,,
2026-02-18,2026-02-18,FO,NSE,STO,94104,,GMRAIRPORT,,2026-02-24,2026-02-24,80.0,CE,GMRAIRPORT26FEB80CE,0.0,0.0,0.0,16.5,16.5,16.5,100.36,20.43,0,0,0,0.0,0,F1,6975,,,,,
2026-02-18,2026-02-18,FO,NSE,STO,99031,,GMRAIRPORT,,2026-02-24,2026-02-24,85.0,CE,GMRAIRPORT26FEB85CE,0.0,0.0,0.0,12.6,12.6,12.6,100.36,15.44,139500,0,0,0.0,0,F1,6975,,,,,
2026-02-18,2026-02-18,FO,NSE,STO,111058,,GMRAIRPORT,,2026-04-28,2026-04-28,76.0,CE,GMRAIRPORT26APR76CE,0.0,0.0,0.0,18.68,0.0,18.68,100.36,25.22,0,0,0,0.0,0,F1,6975,,,,,
2026-02-18,2026-02-18,FO,NSE,STO,111078,,GMRAIRPORT,,2026-04-28,2026-04-28,96.0,CE,GMRAIRPORT26APR96CE,0.0,0.0,0.0,5.84,0.0,5.84,100.36,8.4,0,0,0,0.0,0,F1,6975,,,,,
2026-02-18,2026-02-18,FO,NSE,STO,111169,,GMRAIRPORT,,2026-04-28,2026-04-28,110.0,CE,GMRAIRPORT26APR110CE,0.0,0.0,0.0,1.94,0.0,1.94,100.36,2.41,0,0,0,0.0,0,F1,6975,,,,,
2026-02-18,2026-02-18,FO,NSE,STO,111188,,GMRAIRPORT,,2026-04-28,2026-04-28,116.0,CE,GMRAIRPORT26APR116CE,0.0,0.0,0.0,1.14,0.0,1.14,100.36,1.25,0,0,0,0.0,0,F1,6975,,,,,
2026-02-18,2026-02-18,FO,NSE,STO,99025,,GMRAIRPORT,,2026-02-24,2026-02-24,79.0,PE,GMRAIRPORT26FEB79PE,0.0,0.0,0.0,0.13,0.0,0.13,100.36,0.01,0,0,0,0.0,0,F1,6975,,,,,
2026-02-18,2026-02-18,FO,NSE,STO,99030,,GMRAIRPORT,,2026-02-24,2026-02-24,83.0,PE,GMRAIRPORT26FEB83PE,0.0,0.0,0.0,0.03,0.03,0.03,100.36,0.01,279000,0,0,0.0,0,F1,6975,,,,,
2026-02-18,2026-02-18,FO,NSE,STO,110874,,GMRAIRPORT,,2026-03-30,2026-03-30,79.0,PE,GMRAIRPORT26MAR79PE,0.0,0.0,0.0,0.59,0.59,0.59,100.36,0.03,76725,0,0,0.0,0,F1,6975,,,,,
2026-02-18,2026-02-18,FO,NSE,STO,110906,,GMRAIRPORT,,2026-03-30,2026-03-30,93.0,PE,GMRAIRPORT26MAR93PE,0.98,0.98,0.95,0.95,0.95,1.29,100.36,1.22,97650,0,2,1310811.75,2,F1,6975,,,,,
2026-02-18,2026-02-18,FO,NSE,STO,110936,,GMRAIRPORT,,2026-03-30,2026-03-30,105.0,PE,GMRAIRPORT26MAR105PE,5.92,6.12,5.63,6.12,6.12,6.74,100.36,6.12,216225,62775,10,7735135.5,10,F1,6975,,,,,
2026-02-18,2026-02-18,FO,NSE,STO,111061,,GMRAIRPORT,,2026-04-28,2026-04-28,78.0,PE,GMRAIRPORT26APR78PE,0.0,0.0,0.0,1.19,0.0,1.19,100.36,0.12,0,0,0,0.0,0,F1,6975,,,,,
2026-02-18,2026-02-18,FO,NSE,STO,111065,,GMRAIRPORT,,2026-04-28,2026-04-28,82.0,PE,GMRAIRPORT26APR82PE,0.0,0.0,0.0,2.02,0.0,2.02,100.36,0.31,0,0,0,0.0,0,F1,6975,,,,,
2026-02-18,2026-02-18,FO,NSE,STO,111158,,GMRAIRPORT,,2026-04-28,2026-04-28,102.0,PE,GMRAIRPORT26APR102PE,0.0,0.0,0.0,11.54,0.0,11.54,100.36,5.76,0,0,0,0.0,0,F1,6975,,,,,
2026-02-18,2026-02-18,FO,NSE,STO,99022,,GMRAIRPORT,,2026-02-24,2026-02-24,77.0,CE,GMRAIRPORT26FEB77CE,0.0,0.0,0.0,26.65,0.0,26.65,100.36,23.43,0,0,0,0.0,0,F1,6975,,,,,
2026-02-18,2026-02-18,FO,NSE,STO,94233,,GMRAIRPORT,,2026-02-24,2026-02-24,116.0,CE,GMRAIRPORT26FEB116CE,0.06,0.06,0.04,0.04,0.04,0.06,100.36,0.04,432450,-41850,31,25092283.5,21,F1,6975,,,,,
2026-02-18,2026-02-18,FO,NSE,STO,99262,,GMRAIRPORT,,2026-03-30,2026-03-30,94.0,CE,GMRAIRPORT26MAR94CE,0.0,0.0,0.0,7.14,7.14,7.14,100.36,8.38,6975,0,0,0.0,0,F1,6975,,,,,
2026-02-18,2026-02-18,FO,NSE,STO,110913,,GMRAIRPORT,,2026-03-30,2026-03-30,95.0,CE,GMRAIRPORT26MAR95CE,8.4,8.4,7.54,7.54,7.54,7.2,100.36,7.54,272025,48825,12,8640141.75,6,F1,6975,,,,,
2026-02-18,2026-02-18,FO,NSE,STO,110925,,GMRAIRPORT,,2026-03-30,2026-03-30,97.0,CE,GMRAIRPORT26MAR97CE,0.0,0.0,0.0,5.24,5.24,5.24,100.36,6.34,6975,0,0,0.0,0,F1,6975,,,,,
2026-02-18,2026-02-18,FO,NSE,STO,99335,,GMRAIRPORT,,2026-03-30,2026-03-30,108.0,CE,GMRAIRPORT26MAR108CE,1.59,1.72,1.59,1.69,1.69,1.26,100.36,1.67,41850,20925,5,3824392.5,4,F1,6975,,,,,
2026-02-18,2026-02-18,FO,NSE,STO,99359,,GMRAIRPORT,,2026-03-30,2026-03-30,114.0,CE,GMRAIRPORT26MAR114CE,0.68,0.86,0.68,0.7,0.7,0.68,100.36,0.66,683550,20925,17,13605016.5,11,F1,6975,,,,,
2026-02-18,2026-02-18,FO,NSE,STO,111167,,GMRAIRPORT,,2026-04-28,2026-04-28,108.0,CE,GMRAIRPORT26APR108CE,0.0,0.0,0.0,2.3,0.0,2.3,100.36,2.95,0,0,0,0.0,0,F1,6975,,,,,
2026-02-18,2026-02-18,FO,NSE,STO,94105,,GMRAIRPORT,,2026-02-24,2026-02-24,80.0,PE,GMRAIRPORT26FEB80PE,0.03,0.03,0.01,0.01,0.01,0.02,100.36,0.01,1088100,-6975,13,7255743.75,10,F1,6975,,,,,
2026-02-18,2026-02-18,FO,NSE,STO,99040,,GMRAIRPORT,,2026-02-24,2026-02-24,93.0,PE,GMRAIRPORT26FEB93PE,0.21,0.21,0.07,0.08,0.08,0.2,100.36,0.08,2413350,-83700,109,70794715.5,86,F1,6975,,,,,
2026-02-18,2026-02-18,FO,NSE,STO,99046,,GMRAIRPORT,,2026-02-24,2026-02-24,99.0,PE,GMRAIRPORT26FEB99PE,1.2,1.48,0.56,0.73,0.69,1.35,100.36,0.73,3808350,-320850,912,634872312.0,769,F1,6975,,,,,
2026-02-18,2026-02-18,FO,NSE,STO,94238,,GMRAIRPORT,,2026-02-24,2026-02-24,120.0,PE,GMRAIRPORT26FEB120PE,0.0,0.0,0.0,22.85,22.85,22.85,100.36,19.53,279000,0,0,0.0,0,F1,6975,,,,,
2026-02-18,2026-02-18,FO,NSE,STO,99235,,GMRAIRPORT,,2026-03-30,2026-03-30,82.0,PE,GMRAIRPORT26MAR82PE,0.0,0.0,0.0,0.78,0.78,0.78,100.36,0.08,62775,0,0,0.0,0,F1,6975,,,,,
2026-02-18,2026-02-18,FO,NSE,STO,110938,,GMRAIRPORT,,2026-03-30,2026-03-30,107.0,PE,GMRAIRPORT26MAR107PE,0.0,0.0,0.0,14.74,0.0,14.74,100.36,7.92,0,0,0,0.0,0,F1,6975,,,,,
2026-02-18,2026-02-18,FO,NSE,STO,99362,,GMRAIRPORT,,2026-03-30,2026-03-30,116.0,PE,GMRAIRPORT26MAR116PE,0.0,0.0,0.0,14.8,0.0,14.8,100.36,15.41,0,0,0,0.0,0,F1,6975,,,,,
2026-02-18,2026-02-18,FO,NSE,STO,111059,,GMRAIRPORT,,2026-04-28,2026-04-28,76.0,PE,GMRAIRPORT26APR76PE,0.0,0.0,0.0,0.88,0.0,0.88,100.36,0.07,0,0,0,0.0,0,F1,6975,,,,,
2026-02-18,2026-02-18,FO,NSE,STO,110875,,GMRAIRPORT,,2026-03-30,2026-03-30,81.0,CE,GMRAIRPORT26MAR81CE,0.0,0.0,0.0,13.62,0.0,13.62,100.36,19.9,0,0,0,0.0,0,F1,6975,,,,,
2026-02-18,2026-02-18,FO,NSE,STO,110929,,GMRAIRPORT,,2026-03-30,2026-03-30,99.0,CE,GMRAIRPORT26MAR99CE,0.0,0.0,0.0,2.8,2.8,2.8,100.36,5.16,6975,0,0,0.0,0,F1,6975,,,,,
2026-02-18,2026-02-18,FO,NSE,STO,110939,,GMRAIRPORT,,2026-03-30,2026-03-30,109.0,CE,GMRAIRPORT26MAR109CE,0.0,0.0,0.0,1.41,1.41,1.41,100.36,1.45,41850,0,0,0.0,0,F1,6975,,,,,
2026-02-18,2026-02-18,FO,NSE,STO,99234,,GMRAIRPORT,,2026-03-30,2026-03-30,82.0,CE,GMRAIRPORT26MAR82CE,0.0,0.0,0.0,22.76,0.0,22.76,100.36,18.93,0,0,0,0.0,0,F1,6975,,,,,
2026-02-18,2026-02-18,FO,NSE,STO,99037,,GMRAIRPORT,,2026-02-24,2026-02-24,91.0,CE,GMRAIRPORT26FEB91CE,0.0,0.0,0.0,9.02,9.02,9.02,100.36,9.45,411525,0,0,0.0,0,F1,6975,,,,,
2026-02-18,2026-02-18,FO,NSE,STO,94175,,GMRAIRPORT,,2026-02-24,2026-02-24,100.0,CE,GMRAIRPORT26FEB100CE,1.65,2.55,1.4,1.63,1.61,1.68,100.36,1.63,9123300,-2336625,3421,2435030322.75,3022,F1,6975,,,,,
2026-02-18,2026-02-18,FO,NSE,STO,99049,,GMRAIRPORT,,2026-02-24,2026-02-24,103.0,CE,GMRAIRPORT26FEB103CE,0.57,1.12,0.54,0.58,0.57,0.73,100.36,0.58,5056875,-697500,2027,1468143686.25,1780,F1,6975,,,,,
2026-02-18,2026-02-18,FO,NSE,STO,99053,,GMRAIRPORT,,2026-02-24,2026-02-24,107.0,CE,GMRAIRPORT26FEB107CE,0.22,0.34,0.17,0.19,0.19,0.24,100.36,0.1,1827450,-258075,209,156382080.75,148,F1,6975,,,,,
2026-02-18,2026-02-18,FO,NSE,STO,111170,,GMRAIRPORT,,2026-04-28,2026-04-28,110.0,PE,GMRAIRPORT26APR110PE,0.0,0.0,0.0,17.62,0.0,17.62,100.36,10.91,0,0,0,0.0,0,F1,6975,,,,,
2026-02-18,2026-02-18,FO,NSE,STO,111069,,GMRAIRPORT,,2026-04-28,2026-04-28,86.0,PE,GMRAIRPORT26APR86PE,0.0,0.0,0.0,3.18,0.0,3.18,100.36,0.69,0,0,0,0.0,0,F1,6975,,,,,
2026-02-18,2026-02-18,FO,NSE,STO,99273,,GMRAIRPORT,,2026-03-30,2026-03-30,102.0,PE,GMRAIRPORT26MAR102PE,5.6,5.6,3.91,4.3,4.35,4.43,100.36,4.3,432450,202275,40,29629521.0,37,F1,6975,,,,,
2026-02-18,2026-02-18,FO,NSE,STO,110902,,GMRAIRPORT,,2026-03-30,2026-03-30,89.0,PE,GMRAIRPORT26MAR89PE,0.0,0.0,0.0,1.9,1.9,1.9,100.36,0.53,48825,0,0,0.0,0,F1,6975,,,,,
2026-02-18,2026-02-18,FO,NSE,STO,99249,,GMRAIRPORT,,2026-03-30,2026-03-30,88.0,PE,GMRAIRPORT26MAR88PE,0.0,0.0,0.0,2.11,2.11,2.11,100.36,0.42,20925,0,0,0.0,0,F1,6975,,,,,
2026-02-18,2026-02-18,FO,NSE,STO,110886,,GMRAIRPORT,,2026-03-30,2026-03-30,85.0,PE,GMRAIRPORT26MAR85PE,0.0,0.0,0.0,0.8,0.8,0.8,100.36,0.19,118575,0,0,0.0,0,F1,6975,,,,,
2026-02-18,2026-02-18,FO,NSE,STO,99221,,GMRAIRPORT,,2026-03-30,2026-03-30,76.0,PE,GMRAIRPORT26MAR76PE,0.0,0.0,0.0,0.25,0.0,0.25,100.36,0.01,0,0,0,0.0,0,F1,6975,,,,,
2026-02-18,2026-02-18,FO,NSE,STO,94234,,GMRAIRPORT,,2026-02-24,2026-02-24,116.0,PE,GMRAIRPORT26FEB116PE,0.0,0.0,0.0,13.81,0.0,13.81,100.36,15.54,0,0,0,0.0,0,F1,6975,,,,,
2026-02-18,2026-02-18,FO,NSE,STO,94174,,GMRAIRPORT,,2026-02-24,2026-02-24,98.0,PE,GMRAIRPORT26FEB98PE,0.96,1.03,0.36,0.46,0.45,0.96,100.36,0.46,5496300,-299925,820,563331480.75,770,F1,6975,,,,,
2026-02-18,2026-02-18,FO,NSE,STO,99038,,GMRAIRPORT,,2026-02-24,2026-02-24,91.0,PE,GMRAIRPORT26FEB91PE,0.06,0.07,0.05,0.05,0.05,0.13,100.36,0.05,1492650,-209250,40,25405461.0,23,F1,6975,,,,,
2026-02-18,2026-02-18,FO,NSE,STO,111171,,GMRAIRPORT,,2026-04-28,2026-04-28,112.0,CE,GMRAIRPORT26APR112CE,0.0,0.0,0.0,1.63,0.0,1.63,100.36,1.95,0,0,0,0.0,0,F1,6975,,,,,
2026-02-18,2026-02-18,FO,NSE,STO,111062,,GMRAIRPORT,,2026-04-28,2026-04-28,80.0,CE,GMRAIRPORT26APR80CE,0.0,0.0,0.0,15.43,0.0,15.43,100.36,21.39,0,0,0,0.0,0,F1,6975,,,,,
2026-02-18,2026-02-18,FO,NSE,STO,111060,,GMRAIRPORT,,2026-04-28,2026-04-28,78.0,CE,GMRAIRPORT26APR78CE,0.0,0.0,0.0,17.02,0.0,17.02,100.36,23.29,0,0,0,0.0,0,F1,6975,,,,,
2026-02-18,2026-02-18,FO,NSE,STO,99268,,GMRAIRPORT,,2026-03-30,2026-03-30,98.0,CE,GMRAIRPORT26MAR98CE,0.0,0.0,0.0,5.4,5.4,5.4,100.36,5.73,20925,0,0,0.0,0,F1,6975,,,,,
2026-02-18,2026-02-18,FO,NSE,STO,110903,,GMRAIRPORT,,2026-03-30,2026-03-30,91.0,CE,GMRAIRPORT26MAR91CE,0.0,0.0,0.0,5.5,5.5,5.5,100.36,10.73,13950,0,0,0.0,0,F1,6975,,,,,
2026-02-18,2026-02-18,FO,NSE,STO,99250,,GMRAIRPORT,,2026-03-30,2026-03-30,90.0,CE,GMRAIRPORT26MAR90CE,0.0,0.0,0.0,13.5,13.5,13.5,100.36,11.56,160425,0,0,0.0,0,F1,6975,,,,,
2026-02-18,2026-02-18,FO,NSE,STO,99246,,GMRAIRPORT,,2026-03-30,2026-03-30,88.0,CE,GMRAIRPORT26MAR88CE,0.0,0.0,0.0,17.72,0.0,17.72,100.36,13.31,0,0,0,0.0,0,F1,6975,,,,,
2026-02-18,2026-02-18,FO,NSE,STO,94237,,GMRAIRPORT,,2026-02-24,2026-02-24,120.0,CE,GMRAIRPORT26FEB120CE,0.02,0.03,0.02,0.02,0.02,0.03,100.36,0.02,3480525,-355725,91,76180392.0,24,F1,6975,,,,,
2026-02-18,2026-02-18,FO,NSE,STO,94192,,GMRAIRPORT,,2026-02-24,2026-02-24,110.0,CE,GMRAIRPORT26FEB110CE,0.15,0.19,0.1,0.1,0.1,0.14,100.36,0.1,7344675,-69750,398,305761401.0,312,F1,6975,,,,,
2026-02-18,2026-02-18,FO,NSE,STO,94188,,GMRAIRPORT,,2026-02-24,2026-02-24,106.0,CE,GMRAIRPORT26FEB106CE,0.31,0.45,0.21,0.23,0.22,0.29,100.36,0.23,3871125,-1102050,736,546016810.5,502,F1,6975,,,,,
2026-02-18,2026-02-18,FO,NSE,STO,99039,,GMRAIRPORT,,2026-02-24,2026-02-24,93.0,CE,GMRAIRPORT26FEB93CE,7.28,8.47,7.28,7.63,7.62,7.09,100.36,7.63,1095075,6975,10,7034078.25,9,F1,6975,,,,,
2026-02-18,2026-02-18,FO,NSE,STO,111091,,GMRAIRPORT,,2026-04-28,2026-04-28,100.0,PE,GMRAIRPORT26APR100PE,4.1,4.1,4.1,4.1,4.1,4.1,100.36,4.74,34875,20925,3,2178292.5,1,F1,6975,,,,,
2026-02-18,2026-02-18,FO,NSE,STO,99218,,GMRAIRPORT,,2026-03-30,2026-03-30,74.0,CE,GMRAIRPORT26MAR74CE,0.0,0.0,0.0,30.12,0.0,30.12,100.36,26.81,0,0,0,0.0,0,F1,6975,,,,,
2026-02-18,2026-02-18,FO,NSE,STO,99032,,GMRAIRPORT,,2026-02-24,2026-02-24,85.0,PE,GMRAIRPORT26FEB85PE,0.03,0.03,0.02,0.03,0.03,0.03,100.36,0.03,802125,-34875,5,2965281.75,5,F1,6975,,,,,
2026-02-18,2026-02-18,FO,NSE,STO,94143,,GMRAIRPORT,,2026-02-24,2026-02-24,96.0,PE,GMRAIRPORT26FEB96PE,0.52,0.52,0.16,0.19,0.18,0.48,100.36,0.19,4338450,223200,519,348397483.5,348,F1,6975,,,,,
2026-02-18,2026-02-18,FO,NSE,STO,94196,,GMRAIRPORT,,2026-02-24,2026-02-24,112.0,PE,GMRAIRPORT26FEB112PE,0.0,0.0,0.0,11.08,0.0,11.08,100.36,11.54,0,0,0,0.0,0,F1,6975,,,,,
2026-02-18,2026-02-18,FO,NSE,STO,99233,,GMRAIRPORT,,2026-03-30,2026-03-30,80.0,PE,GMRAIRPORT26MAR80PE,0.2,0.23,0.19,0.19,0.19,0.17,100.36,0.04,181350,55800,10,5594787.0,9,F1,6975,,,,,
2026-02-18,2026-02-18,FO,NSE,STO,110930,,GMRAIRPORT,,2026-03-30,2026-03-30,99.0,PE,GMRAIRPORT26MAR99PE,2.83,2.83,2.64,2.64,2.64,3.39,100.36,3.21,1136925,-13950,3,2128770.0,3,F1,6975,,,,,
2026-02-18,2026-02-18,FO,NSE,STO,94102,,GMRAIRPORT,,2026-02-24,2026-02-24,76.0,CE,GMRAIRPORT26FEB76CE,0.0,0.0,0.0,29.56,0.0,29.56,100.36,24.43,0,0,0,0.0,0,F1,6975,,,,,
2026-02-18,2026-02-18,FO,NSE,STO,110934,,GMRAIRPORT,,2026-03-30,2026-03-30,103.0,PE,GMRAIRPORT26MAR103PE,0.0,0.0,0.0,5.3,5.3,5.3,100.36,5.28,6975,0,0,0.0,0,F1,6975,,,,,
2026-02-18,2026-02-18,FO,NSE,STO,99275,,GMRAIRPORT,,2026-03-30,2026-03-30,104.0,PE,GMRAIRPORT26MAR104PE,0.0,0.0,0.0,6.41,6.41,6.41,100.36,5.89,6975,0,0,0.0,0,F1,6975,,,,,
2026-02-18,2026-02-18,FO,NSE,STO,94184,,GMRAIRPORT,,2026-02-24,2026-02-24,102.0,CE,GMRAIRPORT26FEB102CE,0.9,1.5,0.78,0.84,0.79,0.93,100.36,0.84,7142400,-132525,3181,2288649764.25,2801,F1,6975,,,,,
2026-02-18,2026-02-18,FO,NSE,STO,111070,,GMRAIRPORT,,2026-04-28,2026-04-28,88.0,CE,GMRAIRPORT26APR88CE,0.0,0.0,0.0,9.89,0.0,9.89,100.36,14.25,0,0,0,0.0,0,F1,6975,,,,,
2026-02-18,2026-02-18,FO,NSE,STO,110881,,GMRAIRPORT,,2026-03-30,2026-03-30,83.0,PE,GMRAIRPORT26MAR83PE,0.0,0.0,0.0,0.8,0.8,0.8,100.36,0.11,20925,0,0,0.0,0,F1,6975,,,,,
2026-02-18,2026-02-18,FO,NSE,STO,99267,,GMRAIRPORT,,2026-03-30,2026-03-30,96.0,PE,GMRAIRPORT26MAR96PE,1.95,1.95,1.6,1.73,1.73,1.5,100.36,2.05,111600,76725,50,34110609.75,34,F1,6975,,,,,
2026-02-18,2026-02-18,FO,NSE,STO,99271,,GMRAIRPORT,,2026-03-30,2026-03-30,100.0,PE,GMRAIRPORT26MAR100PE,3.84,3.84,2.9,3.27,3.31,3.83,100.36,3.27,1276425,223200,85,61195511.25,79,F1,6975,,,,,
2026-02-18,2026-02-18,FO,NSE,STO,110932,,GMRAIRPORT,,2026-03-30,2026-03-30,101.0,PE,GMRAIRPORT26MAR101PE,3.57,3.75,3.57,3.71,3.68,3.98,100.36,3.71,111600,90675,13,9494370.0,13,F1,6975,,,,,
2026-02-18,2026-02-18,FO,NSE,STO,110942,,GMRAIRPORT,,2026-03-30,2026-03-30,111.0,PE,GMRAIRPORT26MAR111PE,0.0,0.0,0.0,18.15,0.0,18.15,100.36,11.04,0,0,0,0.0,0,F1,6975,,,,,
2026-02-18,2026-02-18,FO,NSE,STO,110904,,GMRAIRPORT,,2026-03-30,2026-03-30,91.0,PE,GMRAIRPORT26MAR91PE,0.87,0.87,0.87,0.87,0.87,0.97,100.36,0.82,383625,-6975,1,640793.25,1,F1,6975,,,,,
2026-02-18,2026-02-18,FO,NSE,STO,111189,,GMRAIRPORT,,2026-04-28,2026-04-28,116.0,PE,GMRAIRPORT26APR116PE,0.0,0.0,0.0,22.72,0.0,22.72,100.36,15.69,0,0,0,0.0,0,F1,6975,,,,,
2026-02-18,2026-02-18,FO,NSE,STF,66838,,GMRAIRPORT,,2026-04-28,2026-04-28,,,GMRAIRPORT26APRFUT,101.56,102.8,101.56,101.89,101.88,100.96,100.36,101.89,948600,48825,39,27784354.5,39,F1,6975,,,,,
2026-02-18,2026-02-18,FO,NSE,STO,43903,,GMRAIRPORT,,2026-02-24,2026-02-24,74.0,CE,GMRAIRPORT26FEB74CE,0.0,0.0,0.0,25.85,0.0,25.85,100.36,26.43,0,0,0,0.0,0,F1,6975,,,,,
2026-02-18,2026-02-18,FO,NSE,STO,43906,,GMRAIRPORT,,2026-02-24,2026-02-24,78.0,CE,GMRAIRPORT26FEB78CE,0.0,0.0,0.0,22.13,0.0,22.13,100.36,22.43,0,0,0,0.0,0,F1,6975,,,,,
2026-02-18,2026-02-18,FO,NSE,STO,94117,,GMRAIRPORT,,2026-02-24,2026-02-24,86.0,CE,GMRAIRPORT26FEB86CE,0.0,0.0,0.0,10.87,10.87,10.87,100.36,14.44,69750,0,0,0.0,0,F1,6975,,,,,
2026-02-18,2026-02-18,FO,NSE,STO,94239,,GMRAIRPORT,,2026-02-24,2026-02-24,122.0,CE,GMRAIRPORT26FEB122CE,0.01,0.01,0.01,0.01,0.01,0.01,100.36,0.01,502200,0,1,851019.75,1,F1,6975,,,,,
2026-02-18,2026-02-18,FO,NSE,STO,99241,,GMRAIRPORT,,2026-03-30,2026-03-30,84.0,CE,GMRAIRPORT26MAR84CE,0.0,0.0,0.0,21.02,0.0,21.02,100.36,17.01,0,0,0,0.0,0,F1,6975,,,,,
2026-02-18,2026-02-18,FO,NSE,STO,99270,,GMRAIRPORT,,2026-03-30,2026-03-30,100.0,CE,GMRAIRPORT26MAR100CE,4.5,5.38,4.4,4.57,4.47,4.32,100.36,4.57,2001825,488250,198,144718625.25,147,F1,6975,,,,,
2026-02-18,2026-02-18,FO,NSE,STO,111068,,GMRAIRPORT,,2026-04-28,2026-04-28,86.0,CE,GMRAIRPORT26APR86CE,0.0,0.0,0.0,11.14,0.0,11.14,100.36,15.94,0,0,0,0.0,0,F1,6975,,,,,
2026-02-18,2026-02-18,FO,NSE,STO,94107,,GMRAIRPORT,,2026-02-24,2026-02-24,82.0,PE,GMRAIRPORT26FEB82PE,0.04,0.04,0.01,0.01,0.01,0.04,100.36,0.01,167400,0,2,1144248.75,2,F1,6975,,,,,
2026-02-18,2026-02-18,FO,NSE,STO,94110,,GMRAIRPORT,,2026-02-24,2026-02-24,84.0,PE,GMRAIRPORT26FEB84PE,0.0,0.0,0.0,0.05,0.05,0.05,100.36,0.01,118575,0,0,0.0,0,F1,6975,,,,,
2026-02-18,2026-02-18,FO,NSE,STO,99034,,GMRAIRPORT,,2026-02-24,2026-02-24,87.0,PE,GMRAIRPORT26FEB87PE,0.06,0.06,0.03,0.03,0.03,0.09,100.36,0.03,551025,0,12,7284829.5,12,F1,6975,,,,,
2026-02-18,2026-02-18,FO,NSE,STO,99056,,GMRAIRPORT,,2026-02-24,2026-02-24,109.0,PE,GMRAIRPORT26FEB109PE,8.77,8.77,7.81,8.45,8.45,17.75,100.36,8.45,97650,90675,24,19619489.25,24,F1,6975,,,,,
2026-02-18,2026-02-18,FO,NSE,STO,111063,,GMRAIRPORT,,2026-04-28,2026-04-28,80.0,PE,GMRAIRPORT26APR80PE,0.0,0.0,0.0,1.56,0.0,1.56,100.36,0.2,0,0,0,0.0,0,F1,6975,,,,,
2026-02-18,2026-02-18,FO,NSE,STO,111079,,GMRAIRPORT,,2026-04-28,2026-04-28,96.0,PE,GMRAIRPORT26APR96PE,0.0,0.0,0.0,7.73,0.0,7.73,100.36,3.05,0,0,0,0.0,0,F1,6975,,,,,
2026-02-18,2026-02-18,FO,NSE,STO,111166,,GMRAIRPORT,,2026-04-28,2026-04-28,106.0,PE,GMRAIRPORT26APR106PE,0.0,0.0,0.0,14.46,0.0,14.46,100.36,8.14,0,0,0,0.0,0,F1,6975,,,,,
2026-02-18,2026-02-18,FO,NSE,STO,111073,,GMRAIRPORT,,2026-04-28,2026-04-28,90.0,PE,GMRAIRPORT26APR90PE,0.0,0.0,0.0,4.72,0.0,4.72,100.36,1.35,0,0,0,0.0,0,F1,6975,,,,,
2026-02-18,2026-02-18,FO,NSE,STO,99033,,GMRAIRPORT,,2026-02-24,2026-02-24,87.0,CE,GMRAIRPORT26FEB87CE,0.0,0.0,0.0,8.17,8.25,8.17,100.36,13.44,69750,0,0,0.0,0,F1,6975,,,,,
2026-02-18,2026-02-18,FO,NSE,STO,99043,,GMRAIRPORT,,2026-02-24,2026-02-24,97.0,CE,GMRAIRPORT26FEB97CE,4.5,4.8,3.63,3.81,3.82,3.53,100.36,3.81,2922525,-341775,102,72027128.25,99,F1,6975,,,,,
2026-02-18,2026-02-18,FO,NSE,STO,99045,,GMRAIRPORT,,2026-02-24,2026-02-24,99.0,CE,GMRAIRPORT26FEB99CE,2.0,3.2,1.88,2.22,2.23,2.17,100.36,2.22,2273850,-272025,355,251416037.25,330,F1,6975,,,,,
2026-02-18,2026-02-18,FO,NSE,STO,99224,,GMRAIRPORT,,2026-03-30,2026-03-30,80.0,CE,GMRAIRPORT26MAR80CE,0.0,0.0,0.0,24.55,0.0,24.55,100.36,20.88,0,0,0,0.0,0,F1,6975,,,,,
2026-02-18,2026-02-18,FO,NSE,STO,110880,,GMRAIRPORT,,2026-03-30,2026-03-30,83.0,CE,GMRAIRPORT26MAR83CE,0.0,0.0,0.0,12.06,0.0,12.06,100.36,17.97,0,0,0,0.0,0,F1,6975,,,,,
2026-02-18,2026-02-18,FO,NSE,STO,94119,,GMRAIRPORT,,2026-02-24,2026-02-24,88.0,CE,GMRAIRPORT26FEB88CE,0.0,0.0,0.0,6.65,6.65,6.65,100.36,12.44,516150,0,0,0.0,0,F1,6975,,,,,
2026-02-18,2026-02-18,FO,NSE,STO,99354,,GMRAIRPORT,,2026-03-30,2026-03-30,108.0,PE,GMRAIRPORT26MAR108PE,0.0,0.0,0.0,11.1,11.1,11.1,100.36,8.66,13950,0,0,0.0,0,F1,6975,,,,,
2026-02-18,2026-02-18,FO,NSE,STO,99358,,GMRAIRPORT,,2026-03-30,2026-03-30,112.0,PE,GMRAIRPORT26MAR112PE,0.0,0.0,0.0,11.96,0.0,11.96,100.36,11.88,0,0,0,0.0,0,F1,6975,,,,,
2026-02-18,2026-02-18,FO,NSE,STO,99360,,GMRAIRPORT,,2026-03-30,2026-03-30,114.0,PE,GMRAIRPORT26MAR114PE,12.75,12.75,12.75,12.75,12.75,13.35,100.36,13.61,6975,6975,1,884081.25,1,F1,6975,,,,,
2026-02-18,2026-02-18,FO,NSE,STO,111071,,GMRAIRPORT,,2026-04-28,2026-04-28,88.0,PE,GMRAIRPORT26APR88PE,0.0,0.0,0.0,3.9,0.0,3.9,100.36,0.98,0,0,0,0.0,0,F1,6975,,,,,
2026-02-18,2026-02-18,FO,NSE,STO,111081,,GMRAIRPORT,,2026-04-28,2026-04-28,98.0,PE,GMRAIRPORT26APR98PE,0.0,0.0,0.0,8.92,0.0,8.92,100.36,3.84,0,0,0,0.0,0,F1,6975,,,,,
2026-02-18,2026-02-18,FO,NSE,STO,99026,,GMRAIRPORT,,2026-02-24,2026-02-24,81.0,CE,GMRAIRPORT26FEB81CE,0.0,0.0,0.0,22.82,0.0,22.82,100.36,19.43,0,0,0,0.0,0,F1,6975,,,,,
2026-02-18,2026-02-18,FO,NSE,STO,94142,,GMRAIRPORT,,2026-02-24,2026-02-24,96.0,CE,GMRAIRPORT26FEB96CE,5.6,5.65,4.59,4.71,4.72,4.32,100.36,4.71,1136925,-20925,62,43713999.0,59,F1,6975,,,,,
2026-02-18,2026-02-18,FO,NSE,STO,99047,,GMRAIRPORT,,2026-02-24,2026-02-24,101.0,CE,GMRAIRPORT26FEB101CE,1.28,1.96,1.07,1.19,1.13,1.28,100.36,1.19,3522375,6975,2226,1591726108.5,1900,F1,6975,,,,,
2026-02-18,2026-02-18,FO,NSE,STO,94186,,GMRAIRPORT,,2026-02-24,2026-02-24,104.0,CE,GMRAIRPORT26FEB104CE,0.54,0.83,0.4,0.43,0.4,0.54,100.36,0.43,2357550,-195300,1054,769113859.5,932,F1,6975,,,,,
2026-02-18,2026-02-18,FO,NSE,STO,99142,,GMRAIRPORT,,2026-02-24,2026-02-24,111.0,CE,GMRAIRPORT26FEB111CE,0.0,0.0,0.0,3.12,0.0,3.12,100.36,0.01,0,0,0,0.0,0,F1,6975,,,,,
2026-02-18,2026-02-18,FO,NSE,STO,94195,,GMRAIRPORT,,2026-02-24,2026-02-24,112.0,CE,GMRAIRPORT26FEB112CE,0.1,0.12,0.07,0.08,0.08,0.1,100.36,0.01,948600,-76725,48,37529127.0,38,F1,6975,,,,,
2026-02-18,2026-02-18,FO,NSE,STO,99155,,GMRAIRPORT,,2026-02-24,2026-02-24,115.0,CE,GMRAIRPORT26FEB115CE,0.06,0.07,0.04,0.04,0.04,0.06,100.36,0.04,2413350,-69750,124,99511976.25,61,F1,6975,,,,,
2026-02-18,2026-02-18,FO,NSE,STO,99222,,GMRAIRPORT,,2026-03-30,2026-03-30,78.0,CE,GMRAIRPORT26MAR78CE,0.0,0.0,0.0,26.37,0.0,26.37,100.36,22.85,0,0,0,0.0,0,F1,6975,,,,,
2026-02-18,2026-02-18,FO,NSE,STO,110901,,GMRAIRPORT,,2026-03-30,2026-03-30,89.0,CE,GMRAIRPORT26MAR89CE,0.0,0.0,0.0,7.97,0.0,7.97,100.36,12.42,0,0,0,0.0,0,F1,6975,,,,,
2026-02-18,2026-02-18,FO,NSE,STO,99361,,GMRAIRPORT,,2026-03-30,2026-03-30,116.0,CE,GMRAIRPORT26MAR116CE,0.63,0.67,0.48,0.49,0.5,0.56,100.36,0.49,418500,376650,123,99995064.75,94,F1,6975,,,,,
2026-02-18,2026-02-18,FO,NSE,STO,111074,,GMRAIRPORT,,2026-04-28,2026-04-28,92.0,CE,GMRAIRPORT26APR92CE,0.0,0.0,0.0,7.68,0.0,7.68,100.36,11.12,0,0,0,0.0,0,F1,6975,,,,,
2026-02-18,2026-02-18,FO,NSE,STO,111076,,GMRAIRPORT,,2026-04-28,2026-04-28,94.0,CE,GMRAIRPORT26APR94CE,0.0,0.0,0.0,6.71,0.0,6.71,100.36,9.71,0,0,0,0.0,0,F1,6975,,,,,
2026-02-18,2026-02-18,FO,NSE,STO,111092,,GMRAIRPORT,,2026-04-28,2026-04-28,102.0,CE,GMRAIRPORT26APR102CE,0.0,0.0,0.0,3.74,0.0,3.74,100.36,5.18,0,0,0,0.0,0,F1,6975,,,,,
2026-02-18,2026-02-18,FO,NSE,STO,99027,,GMRAIRPORT,,2026-02-24,2026-02-24,81.0,PE,GMRAIRPORT26FEB81PE,0.0,0.0,0.0,0.2,0.2,0.2,100.36,0.01,306900,0,0,0.0,0,F1,6975,,,,,
2026-02-18,2026-02-18,FO,NSE,STO,94118,,GMRAIRPORT,,2026-02-24,2026-02-24,86.0,PE,GMRAIRPORT26FEB86PE,0.0,0.0,0.0,0.04,0.04,0.04,100.36,0.01,313875,0,0,0.0,0,F1,6975,,,,,
2026-02-18,2026-02-18,FO,NSE,STO,110876,,GMRAIRPORT,,2026-03-30,2026-03-30,81.0,PE,GMRAIRPORT26MAR81PE,0.0,0.0,0.0,1.14,0.0,1.14,100.36,0.06,0,0,0,0.0,0,F1,6975,,,,,
2026-02-18,2026-02-18,FO,NSE,STO,110926,,GMRAIRPORT,,2026-03-30,2026-03-30,97.0,PE,GMRAIRPORT26MAR97PE,2.05,2.05,1.93,1.96,1.96,2.06,100.36,2.4,62775,27900,6,4142661.75,6,F1,6975,,,,,
2026-02-18,2026-02-18,FO,NSE,STO,94144,,GMRAIRPORT,,2026-02-24,2026-02-24,98.0,CE,GMRAIRPORT26FEB98CE,2.75,3.97,2.39,2.97,2.9,2.78,100.36,2.97,3445650,-537075,314,222114759.75,285,F1,6975,,,,,
2026-02-18,2026-02-18,FO,NSE,STO,99041,,GMRAIRPORT,,2026-02-24,2026-02-24,95.0,CE,GMRAIRPORT26FEB95CE,4.8,6.69,4.8,5.75,5.68,5.19,100.36,5.75,4233825,-139500,105,73998751.5,95,F1,6975,,,,,
2026-02-18,2026-02-18,FO,NSE,STO,99356,,GMRAIRPORT,,2026-03-30,2026-03-30,110.0,PE,GMRAIRPORT26MAR110PE,9.5,9.8,9.15,9.7,9.7,10.1,100.36,9.7,76725,6975,6,5002539.75,6,F1,6975,,,,,
2026-02-18,2026-02-18,FO,NSE,STO,99243,,GMRAIRPORT,,2026-03-30,2026-03-30,84.0,PE,GMRAIRPORT26MAR84PE,0.0,0.0,0.0,0.92,0.0,0.92,100.36,0.14,0,0,0,0.0,0,F1,6975,,,,,
2026-02-18,2026-02-18,FO,NSE,STO,94109,,GMRAIRPORT,,2026-02-24,2026-02-24,84.0,CE,GMRAIRPORT26FEB84CE,0.0,0.0,0.0,9.53,9.53,9.53,100.36,16.44,6975,0,0,0.0,0,F1,6975,,,,,
2026-02-18,2026-02-18,FO,NSE,STO,94190,,GMRAIRPORT,,2026-02-24,2026-02-24,108.0,CE,GMRAIRPORT26FEB108CE,0.19,0.28,0.14,0.14,0.14,0.21,100.36,0.14,2043675,-481275,269,203044970.25,209,F1,6975,,,,,
2026-02-18,2026-02-18,FO,NSE,STO,99055,,GMRAIRPORT,,2026-02-24,2026-02-24,109.0,CE,GMRAIRPORT26FEB109CE,0.15,0.22,0.12,0.12,0.12,0.17,100.36,0.12,223200,20925,145,110407833.0,104,F1,6975,,,,,
2026-02-18,2026-02-18,FO,NSE,STO,99157,,GMRAIRPORT,,2026-02-24,2026-02-24,117.0,CE,GMRAIRPORT26FEB117CE,0.05,0.05,0.05,0.05,0.05,0.63,100.36,0.01,0,-48825,7,5714966.25,1,F1,6975,,,,,
2026-02-18,2026-02-18,FO,NSE,STO,99244,,GMRAIRPORT,,2026-03-30,2026-03-30,86.0,CE,GMRAIRPORT26MAR86CE,0.0,0.0,0.0,19.34,0.0,19.34,100.36,15.13,0,0,0,0.0,0,F1,6975,,,,,
2026-02-18,2026-02-18,FO,NSE,STO,110933,,GMRAIRPORT,,2026-03-30,2026-03-30,103.0,CE,GMRAIRPORT26MAR103CE,3.24,3.57,3.1,3.15,3.15,3.24,100.36,3.15,139500,20925,16,11865939.75,16,F1,6975,,,,,
2026-02-18,2026-02-18,FO,NSE,STO,110937,,GMRAIRPORT,,2026-03-30,2026-03-30,107.0,CE,GMRAIRPORT26MAR107CE,2.15,2.15,1.9,1.9,1.9,1.77,100.36,1.93,292950,0,7,5320599.75,6,F1,6975,,,,,
2026-02-18,2026-02-18,FO,NSE,STO,111082,,GMRAIRPORT,,2026-04-28,2026-04-28,100.0,CE,GMRAIRPORT26APR100CE,0.0,0.0,0.0,4.36,0.0,4.36,100.36,6.14,0,0,0,0.0,0,F1,6975,,,,,
2026-02-18,2026-02-18,FO,NSE,STO,111165,,GMRAIRPORT,,2026-04-28,2026-04-28,106.0,CE,GMRAIRPORT26APR106CE,0.0,0.0,0.0,2.72,0.0,2.72,100.36,3.59,0,0,0,0.0,0,F1,6975,,,,,
2026-02-18,2026-02-18,FO,NSE,STO,94187,,GMRAIRPORT,,2026-02-24,2026-02-24,104.0,PE,GMRAIRPORT26FEB104PE,3.45,4.04,3.35,3.81,3.8,4.85,100.36,3.81,251100,90675,24,18027445.5,24,F1,6975,,,,,
2026-02-18,2026-02-18,FO,NSE,STO,99143,,GMRAIRPORT,,2026-02-24,2026-02-24,111.0,PE,GMRAIRPORT26FEB111PE,0.0,0.0,0.0,10.24,0.0,10.24,100.36,10.55,0,0,0,0.0,0,F1,6975,,,,,
2026-02-18,2026-02-18,FO,NSE,STO,110889,,GMRAIRPORT,,2026-03-30,2026-03-30,87.0,PE,GMRAIRPORT26MAR87PE,0.0,0.0,0.0,2.04,2.04,2.04,100.36,0.33,55800,0,0,0.0,0,F1,6975,,,,,
2026-02-18,2026-02-18,FO,NSE,STO,99261,,GMRAIRPORT,,2026-03-30,2026-03-30,92.0,PE,GMRAIRPORT26MAR92PE,1.05,1.05,0.76,0.9,0.92,2.9,100.36,0.9,376650,251100,81,52466787.0,36,F1,6975,,,,,
2026-02-18,2026-02-18,FO,NSE,STO,110940,,GMRAIRPORT,,2026-03-30,2026-03-30,109.0,PE,GMRAIRPORT26MAR109PE,0.0,0.0,0.0,16.42,0.0,16.42,100.36,9.43,0,0,0,0.0,0,F1,6975,,,,,
2026-02-18,2026-02-18,FO,NSE,STO,111164,,GMRAIRPORT,,2026-04-28,2026-04-28,104.0,PE,GMRAIRPORT26APR104PE,0.0,0.0,0.0,12.96,0.0,12.96,100.36,6.9,0,0,0,0.0,0,F1,6975,,,,,
2026-02-18,2026-02-18,FO,NSE,STO,111168,,GMRAIRPORT,,2026-04-28,2026-04-28,108.0,PE,GMRAIRPORT26APR108PE,0.0,0.0,0.0,16.01,0.0,16.01,100.36,9.48,0,0,0,0.0,0,F1,6975,,,,,
2026-02-18,2026-02-18,FO,NSE,STO,111067,,GMRAIRPORT,,2026-04-28,2026-04-28,84.0,PE,GMRAIRPORT26APR84PE,0.0,0.0,0.0,4.0,4.0,4.0,100.36,0.47,181350,0,0,0.0,0,F1,6975,,,,,
2026-02-18,2026-02-18,FO,NSE,STO,110905,,GMRAIRPORT,,2026-03-30,2026-03-30,93.0,CE,GMRAIRPORT26MAR93CE,0.0,0.0,0.0,8.95,8.95,8.95,100.36,9.13,6975,0,0,0.0,0,F1,6975,,,,,
2026-02-18,2026-02-18,FO,NSE,STO,110871,,GMRAIRPORT,,2026-03-30,2026-03-30,77.0,CE,GMRAIRPORT26MAR77CE,0.0,0.0,0.0,17.01,0.0,17.01,100.36,23.84,0,0,0,0.0,0,F1,6975,,,,,
2026-02-18,2026-02-18,FO,NSE,STO,99051,,GMRAIRPORT,,2026-02-24,2026-02-24,105.0,CE,GMRAIRPORT26FEB105CE,0.41,0.63,0.28,0.3,0.29,0.4,100.36,0.3,11711025,-418500,2034,1496049963.75,1600,F1,6975,,,,,
2026-02-18,2026-02-18,FO,NSE,STO,99035,,GMRAIRPORT,,2026-02-24,2026-02-24,89.0,CE,GMRAIRPORT26FEB89CE,0.0,0.0,0.0,10.48,10.48,10.48,100.36,11.44,48825,0,0,0.0,0,F1,6975,,,,,
2026-02-18,2026-02-18,FO,NSE,STO,94106,,GMRAIRPORT,,2026-02-24,2026-02-24,82.0,CE,GMRAIRPORT26FEB82CE,0.0,0.0,0.0,17.55,17.55,17.55,100.36,18.43,27900,0,0,0.0,0,F1,6975,,,,,
2026-02-18,2026-02-18,FO,NSE,STO,101506,,HAL,,2026-02-24,2026-02-24,3650.0,PE,HAL26FEB3650PE,2.1,2.15,1.05,1.3,1.3,2.9,4251.1,1.3,9300,-6900,97,53128530.0,82,F1,150,,,,,
2026-02-18,2026-02-18,FO,NSE,STO,113441,,HAL,,2026-04-28,2026-04-28,3800.0,PE,HAL26APR3800PE,0.0,0.0,0.0,83.9,0.0,83.9,4251.1,56.95,0,0,0,0.0,0,F1,150,,,,,
2026-02-18,2026-02-18,FO,NSE,STO,113431,,HAL,,2026-04-28,2026-04-28,3400.0,PE,HAL26APR3400PE,0.0,0.0,0.0,23.35,0.0,23.35,4251.1,9.8,0,0,0,0.0,0,F1,150,,,,,
2026-02-18,2026-02-18,FO,NSE,STO,102002,,HAL,,2026-03-30,2026-03-30,4800.0,PE,HAL26MAR4800PE,590.0,600.0,529.0,531.0,535.0,590.0,4251.1,531.0,10800,5700,41,32979082.5,33,F1,150,,,,,
2026-02-18,2026-02-18,FO,NSE,STO,113239,,HAL,,2026-03-30,2026-03-30,3850.0,PE,HAL26MAR3850PE,46.1,46.1,25.75,25.75,25.75,41.95,4251.1,35.5,9900,3450,46,26809567.5,33,F1,150,,,,,
2026-02-18,2026-02-18,FO,NSE,STO,101867,,HAL,,2026-03-30,2026-03-30,3700.0,PE,HAL26MAR3700PE,25.0,25.0,14.2,14.75,15.4,23.55,4251.1,14.75,22200,-1200,45,25097347.5,42,F1,150,,,,,
2026-02-18,2026-02-18,FO,NSE,STO,101532,,HAL,,2026-02-24,2026-02-24,4950.0,PE,HAL26FEB4950PE,0.0,0.0,0.0,759.25,759.25,759.25,4251.1,694.45,150,0,0,0.0,0,F1,150,,,,,
2026-02-18,2026-02-18,FO,NSE,STO,95801,,HAL,,2026-02-24,2026-02-24,4400.0,PE,HAL26FEB4400PE,220.0,224.95,155.0,167.75,173.7,213.95,4251.1,167.75,161850,-28200,645,443606385.0,487,F1,150,,,,,
2026-02-18,2026-02-18,FO,NSE,STO,95845,,HAL,,2026-02-24,2026-02-24,5000.0,CE,HAL26FEB5000CE,1.95,1.95,1.15,1.55,1.4,2.35,4251.1,1.55,576150,-132300,2353,1765284720.0,961,F1,150,,,,,
2026-02-18,2026-02-18,FO,NSE,STF,66842,,HAL,,2026-04-28,2026-04-28,,,HAL26APRFUT,4263.6,4314.0,4238.0,4299.3,4293.1,4261.7,4251.1,4299.3,207750,-6750,382,245386380.0,338,F1,150,,,,,
2026-02-18,2026-02-18,FO,NSE,STO,95780,,HAL,,2026-02-24,2026-02-24,3400.0,CE,HAL26FEB3400CE,0.0,0.0,0.0,1116.15,0.0,1116.15,4251.1,854.15,0,0,0,0.0,0,F1,150,,,,,
2026-02-18,2026-02-18,FO,NSE,STO,95782,,HAL,,2026-02-24,2026-02-24,3500.0,CE,HAL26FEB3500CE,708.4,708.4,708.4,708.4,708.4,700.0,4251.1,754.25,600,0,1,631260.0,1,F1,150,,,,,
2026-02-18,2026-02-18,FO,NSE,STO,101507,,HAL,,2026-02-24,2026-02-24,3750.0,CE,HAL26FEB3750CE,0.0,0.0,0.0,654.45,0.0,654.45,4251.1,504.55,0,0,0,0.0,0,F1,150,,,,,
2026-02-18,2026-02-18,FO,NSE,STO,95790,,HAL,,2026-02-24,2026-02-24,3900.0,CE,HAL26FEB3900CE,308.05,361.95,300.0,345.85,345.5,308.05,4251.1,345.85,38700,-5550,105,66564907.5,53,F1,150,,,,,
2026-02-18,2026-02-18,FO,NSE,STO,95792,,HAL,,2026-02-24,2026-02-24,4000.0,CE,HAL26FEB4000CE,200.0,269.15,200.0,253.4,247.25,224.5,4251.1,253.4,114150,-19500,333,211433295.0,254,F1,150,,,,,
2026-02-18,2026-02-18,FO,NSE,STO,95802,,HAL,,2026-02-24,2026-02-24,4500.0,CE,HAL26FEB4500CE,13.95,13.95,7.0,8.0,7.5,13.3,4251.1,8.0,838500,-72450,5561,3760685107.5,3875,F1,150,,,,,
2026-02-18,2026-02-18,FO,NSE,STO,101847,,HAL,,2026-03-30,2026-03-30,3400.0,CE,HAL26MAR3400CE,0.0,0.0,0.0,790.0,790.0,790.0,4251.1,873.6,150,0,0,0.0,0,F1,150,,,,,
2026-02-18,2026-02-18,FO,NSE,STO,113282,,HAL,,2026-03-30,2026-03-30,4650.0,PE,HAL26MAR4650PE,0.0,0.0,0.0,412.6,0.0,412.6,4251.1,427.65,0,0,0,0.0,0,F1,150,,,,,
2026-02-18,2026-02-18,FO,NSE,STO,101848,,HAL,,2026-03-30,2026-03-30,3400.0,PE,HAL26MAR3400PE,0.0,0.0,0.0,8.5,8.5,8.5,4251.1,2.1,2550,0,0,0.0,0,F1,150,,,,,
2026-02-18,2026-02-18,FO,NSE,STO,113476,,HAL,,2026-04-28,2026-04-28,3900.0,CE,HAL26APR3900CE,0.0,0.0,0.0,617.2,0.0,617.2,4251.1,471.7,0,0,0,0.0,0,F1,150,,,,,
2026-02-18,2026-02-18,FO,NSE,STO,101866,,HAL,,2026-03-30,2026-03-30,3700.0,CE,HAL26MAR3700CE,0.0,0.0,0.0,749.7,0.0,749.7,4251.1,589.45,0,0,0,0.0,0,F1,150,,,,,
2026-02-18,2026-02-18,FO,NSE,STO,101857,,HAL,,2026-03-30,2026-03-30,3600.0,CE,HAL26MAR3600CE,0.0,0.0,0.0,650.0,650.0,650.0,4251.1,681.5,300,0,0,0.0,0,F1,150,,,,,
2026-02-18,2026-02-18,FO,NSE,STO,101527,,HAL,,2026-02-24,2026-02-24,4750.0,CE,HAL26FEB4750CE,4.4,4.45,2.35,2.7,2.4,4.3,4251.1,2.7,119100,-27600,724,516146850.0,493,F1,150,,,,,
2026-02-18,2026-02-18,FO,NSE,STO,95788,,HAL,,2026-02-24,2026-02-24,3800.0,CE,HAL26FEB3800CE,389.65,445.95,389.65,444.8,445.95,421.25,4251.1,444.8,17250,-300,4,2531070.0,4,F1,150,,,,,
2026-02-18,2026-02-18,FO,NSE,STO,95784,,HAL,,2026-02-24,2026-02-24,3600.0,CE,HAL26FEB3600CE,607.0,656.1,607.0,637.55,638.8,578.95,4251.1,637.55,4950,-1050,13,8275005.0,13,F1,150,,,,,
2026-02-18,2026-02-18,FO,NSE,STO,113544,,HAL,,2026-04-28,2026-04-28,5200.0,PE,HAL26APR5200PE,0.0,0.0,0.0,858.0,0.0,858.0,4251.1,919.8,0,0,0,0.0,0,F1,150,,,,,
2026-02-18,2026-02-18,FO,NSE,STO,102000,,HAL,,2026-03-30,2026-03-30,4700.0,PE,HAL26MAR4700PE,510.0,510.0,444.0,445.0,445.0,487.5,4251.1,445.0,12450,3000,20,15501217.5,12,F1,150,,,,,
2026-02-18,2026-02-18,FO,NSE,STO,113512,,HAL,,2026-04-28,2026-04-28,4400.0,PE,HAL26APR4400PE,0.0,0.0,0.0,306.25,0.0,306.25,4251.1,292.6,0,0,0,0.0,0,F1,150,,,,,
2026-02-18,2026-02-18,FO,NSE,STO,113291,,HAL,,2026-03-30,2026-03-30,4950.0,PE,HAL26MAR4950PE,0.0,0.0,0.0,633.8,0.0,633.8,4251.1,687.3,0,0,0,0.0,0,F1,150,,,,,
2026-02-18,2026-02-18,FO,NSE,STO,113247,,HAL,,2026-03-30,2026-03-30,4250.0,PE,HAL26MAR4250PE,173.0,176.7,130.25,136.9,141.1,176.5,4251.1,136.9,14850,8850,91,60055350.0,82,F1,150,,,,,
2026-02-18,2026-02-18,FO,NSE,STO,95793,,HAL,,2026-02-24,2026-02-24,4000.0,PE,HAL26FEB4000PE,18.0,21.1,6.0,6.45,7.1,17.35,4251.1,6.45,399000,4500,3627,2182491945.0,2655,F1,150,,,,,
2026-02-18,2026-02-18,FO,NSE,STO,113519,,HAL,,2026-04-28,2026-04-28,4600.0,CE,HAL26APR4600CE,0.0,0.0,0.0,238.8,0.0,238.8,4251.1,121.2,0,0,0,0.0,0,F1,150,,,,,
2026-02-18,2026-02-18,FO,NSE,STO,101511,,HAL,,2026-02-24,2026-02-24,3950.0,CE,HAL26FEB3950CE,257.7,316.5,250.0,316.5,316.5,270.05,4251.1,306.9,43500,-2400,61,38586907.5,54,F1,150,,,,,
2026-02-18,2026-02-18,FO,NSE,STO,113505,,HAL,,2026-04-28,2026-04-28,4200.0,CE,HAL26APR4200CE,251.8,260.0,251.8,260.0,260.0,250.0,4251.1,260.0,1950,150,3,2005770.0,3,F1,150,,,,,
2026-02-18,2026-02-18,FO,NSE,STO,101924,,HAL,,2026-03-30,2026-03-30,4100.0,CE,HAL26MAR4100CE,243.0,265.0,225.0,253.85,250.6,239.1,4251.1,253.85,44100,2400,175,114013387.5,124,F1,150,,,,,
2026-02-18,2026-02-18,FO,NSE,STO,113240,,HAL,,2026-03-30,2026-03-30,3950.0,CE,HAL26MAR3950CE,0.0,0.0,0.0,328.5,328.5,328.5,4251.1,380.8,450,0,0,0.0,0,F1,150,,,,,
2026-02-18,2026-02-18,FO,NSE,STO,113227,,HAL,,2026-03-30,2026-03-30,3450.0,CE,HAL26MAR3450CE,0.0,0.0,0.0,947.65,0.0,947.65,4251.1,824.9,0,0,0,0.0,0,F1,150,,,,,
2026-02-18,2026-02-18,FO,NSE,STO,101529,,HAL,,2026-02-24,2026-02-24,4850.0,CE,HAL26FEB4850CE,2.0,2.3,1.7,2.05,1.7,3.05,4251.1,2.05,74250,-12300,325,236537055.0,236,F1,150,,,,,
2026-02-18,2026-02-18,FO,NSE,STO,95808,,HAL,,2026-02-24,2026-02-24,4800.0,CE,HAL26FEB4800CE,4.25,4.25,2.05,2.35,2.15,3.65,4251.1,2.35,517650,-55050,2524,1818207412.5,1667,F1,150,,,,,
2026-02-18,2026-02-18,FO,NSE,STO,95796,,HAL,,2026-02-24,2026-02-24,4200.0,CE,HAL26FEB4200CE,88.8,95.55,60.0,82.8,79.0,82.25,4251.1,82.8,550650,-197700,10824,6942014805.0,8592,F1,150,,,,,
2026-02-18,2026-02-18,FO,NSE,STO,113236,,HAL,,2026-03-30,2026-03-30,3750.0,CE,HAL26MAR3750CE,0.0,0.0,0.0,682.7,0.0,682.7,4251.1,544.95,0,0,0,0.0,0,F1,150,,,,,
2026-02-18,2026-02-18,FO,NSE,STO,113434,,HAL,,2026-04-28,2026-04-28,3600.0,CE,HAL26APR3600CE,0.0,0.0,0.0,850.25,0.0,850.25,4251.1,714.05,0,0,0,0.0,0,F1,150,,,,,
2026-02-18,2026-02-18,FO,NSE,STO,113500,,HAL,,2026-04-28,2026-04-28,4100.0,CE,HAL26APR4100CE,0.0,0.0,0.0,484.05,0.0,484.05,4251.1,338.75,0,0,0,0.0,0,F1,150,,,,,
2026-02-18,2026-02-18,FO,NSE,STO,113539,,HAL,,2026-04-28,2026-04-28,5000.0,CE,HAL26APR5000CE,0.0,0.0,0.0,123.5,0.0,123.5,4251.1,43.7,0,0,0,0.0,0,F1,150,,,,,
2026-02-18,2026-02-18,FO,NSE,STO,101504,,HAL,,2026-02-24,2026-02-24,3550.0,PE,HAL26FEB3550PE,1.35,1.8,0.85,1.1,1.2,2.0,4251.1,1.1,31950,-18150,270,143826142.5,163,F1,150,,,,,
2026-02-18,2026-02-18,FO,NSE,STO,95787,,HAL,,2026-02-24,2026-02-24,3700.0,PE,HAL26FEB3700PE,3.15,3.8,1.45,1.55,1.55,3.25,4251.1,1.55,163950,-4800,528,293204115.0,402,F1,150,,,,,
2026-02-18,2026-02-18,FO,NSE,STO,101521,,HAL,,2026-02-24,2026-02-24,4450.0,CE,HAL26FEB4450CE,16.8,16.8,9.4,10.95,10.3,17.5,4251.1,10.95,178650,8400,1820,1217945812.5,1545,F1,150,,,,,
2026-02-18,2026-02-18,FO,NSE,STO,101508,,HAL,,2026-02-24,2026-02-24,3750.0,PE,HAL26FEB3750PE,3.95,4.25,1.7,1.75,1.7,3.95,4251.1,1.75,21150,-3300,214,120456180.0,166,F1,150,,,,,
2026-02-18,2026-02-18,FO,NSE,STO,101919,,HAL,,2026-03-30,2026-03-30,3900.0,PE,HAL26MAR3900PE,44.0,51.8,32.75,35.45,36.05,51.3,4251.1,35.45,48450,13800,211,124744245.0,135,F1,150,,,,,
2026-02-18,2026-02-18,FO,NSE,STO,113249,,HAL,,2026-03-30,2026-03-30,4350.0,PE,HAL26MAR4350PE,221.0,221.0,181.95,186.0,186.0,249.95,4251.1,186.0,3450,3150,28,19106820.0,24,F1,150,,,,,
2026-02-18,2026-02-18,FO,NSE,STO,95842,,HAL,,2026-02-24,2026-02-24,4900.0,CE,HAL26FEB4900CE,2.0,2.35,1.3,1.85,1.65,2.6,4251.1,1.85,196350,-38850,780,573513030.0,487,F1,150,,,,,
2026-02-18,2026-02-18,FO,NSE,STO,95849,,HAL,,2026-02-24,2026-02-24,5200.0,CE,HAL26FEB5200CE,1.65,1.65,0.9,1.2,1.0,1.65,4251.1,1.2,407100,-26250,633,493849567.5,380,F1,150,,,,,
2026-02-18,2026-02-18,FO,NSE,STO,95785,,HAL,,2026-02-24,2026-02-24,3600.0,PE,HAL26FEB3600PE,1.9,2.15,0.8,1.0,1.25,2.05,4251.1,1.0,108450,-22500,355,191771940.0,243,F1,150,,,,,
2026-02-18,2026-02-18,FO,NSE,STO,95791,,HAL,,2026-02-24,2026-02-24,3900.0,PE,HAL26FEB3900PE,9.75,10.4,3.3,3.8,4.0,8.7,4251.1,3.8,164700,-35550,896,524852692.5,658,F1,150,,,,,
2026-02-18,2026-02-18,FO,NSE,STO,95809,,HAL,,2026-02-24,2026-02-24,4800.0,PE,HAL26FEB4800PE,592.0,613.0,541.7,549.7,552.0,590.2,4251.1,549.7,148500,-9900,84,67679610.0,72,F1,150,,,,,
2026-02-18,2026-02-18,FO,NSE,STO,113235,,HAL,,2026-03-30,2026-03-30,3650.0,PE,HAL26MAR3650PE,14.05,14.05,13.0,13.0,13.0,42.0,4251.1,12.0,2100,-750,5,2747745.0,5,F1,150,,,,,
2026-02-18,2026-02-18,FO,NSE,STO,101923,,HAL,,2026-03-30,2026-03-30,4000.0,PE,HAL26MAR4000PE,74.95,76.05,48.65,53.15,54.25,75.3,4251.1,53.15,97200,-7050,596,363143715.0,448,F1,150,,,,,
2026-02-18,2026-02-18,FO,NSE,STO,113243,,HAL,,2026-03-30,2026-03-30,4050.0,PE,HAL26MAR4050PE,75.85,76.0,63.1,66.0,66.0,87.85,4251.1,66.0,8550,900,42,25961497.5,34,F1,150,,,,,
2026-02-18,2026-02-18,FO,NSE,STO,113284,,HAL,,2026-03-30,2026-03-30,4750.0,PE,HAL26MAR4750PE,550.0,550.0,535.0,535.0,535.0,580.0,4251.1,509.95,750,600,4,3174750.0,3,F1,150,,,,,
2026-02-18,2026-02-18,FO,NSE,STO,102006,,HAL,,2026-03-30,2026-03-30,5000.0,PE,HAL26MAR5000PE,785.0,785.0,720.0,729.7,729.7,768.05,4251.1,729.7,16050,4950,39,33648165.0,29,F1,150,,,,,
2026-02-18,2026-02-18,FO,NSE,STO,113440,,HAL,,2026-04-28,2026-04-28,3800.0,CE,HAL26APR3800CE,0.0,0.0,0.0,690.6,0.0,690.6,4251.1,547.35,0,0,0,0.0,0,F1,150,,,,,
2026-02-18,2026-02-18,FO,NSE,STO,101513,,HAL,,2026-02-24,2026-02-24,4050.0,CE,HAL26FEB4050CE,179.1,220.0,159.9,201.65,200.0,182.0,4251.1,201.65,103500,-6450,93,59205142.5,82,F1,150,,,,,
2026-02-18,2026-02-18,FO,NSE,STO,101517,,HAL,,2026-02-24,2026-02-24,4250.0,CE,HAL26FEB4250CE,63.95,66.0,41.35,55.9,53.0,60.75,4251.1,55.9,354300,-144750,8635,5573880877.5,6832,F1,150,,,,,
2026-02-18,2026-02-18,FO,NSE,STO,95800,,HAL,,2026-02-24,2026-02-24,4400.0,CE,HAL26FEB4400CE,23.0,26.0,13.25,16.1,15.5,23.65,4251.1,16.1,640950,-29250,6252,4141790985.0,4809,F1,150,,,,,
2026-02-18,2026-02-18,FO,NSE,STO,101523,,HAL,,2026-02-24,2026-02-24,4550.0,CE,HAL26FEB4550CE,10.25,10.25,5.35,5.9,5.5,10.15,4251.1,5.9,165300,-13500,864,590484210.0,683,F1,150,,,,,
2026-02-18,2026-02-18,FO,NSE,STO,101525,,HAL,,2026-02-24,2026-02-24,4650.0,CE,HAL26FEB4650CE,5.05,5.05,3.25,3.45,3.4,6.3,4251.1,3.45,244950,20250,1898,1324925700.0,1239,F1,150,,,,,
2026-02-18,2026-02-18,FO,NSE,STO,95847,,HAL,,2026-02-24,2026-02-24,5100.0,CE,HAL26FEB5100CE,1.5,1.6,1.0,1.25,1.15,1.85,4251.1,1.25,139950,-21450,590,451466482.5,493,F1,150,,,,,
2026-02-18,2026-02-18,FO,NSE,STO,113231,,HAL,,2026-03-30,2026-03-30,3550.0,CE,HAL26MAR3550CE,0.0,0.0,0.0,856.1,0.0,856.1,4251.1,728.75,0,0,0,0.0,0,F1,150,,,,,
2026-02-18,2026-02-18,FO,NSE,STO,113281,,HAL,,2026-03-30,2026-03-30,4650.0,CE,HAL26MAR4650CE,38.95,42.3,38.95,42.3,42.3,47.0,4251.1,56.7,1650,1050,13,9146070.0,11,F1,150,,,,,
2026-02-18,2026-02-18,FO,NSE,STO,113511,,HAL,,2026-04-28,2026-04-28,4400.0,CE,HAL26APR4400CE,0.0,0.0,0.0,322.15,0.0,322.15,4251.1,189.2,0,0,0,0.0,0,F1,150,,,,,
2026-02-18,2026-02-18,FO,NSE,STO,95783,,HAL,,2026-02-24,2026-02-24,3500.0,PE,HAL26FEB3500PE,1.75,1.75,0.7,0.95,1.0,1.75,4251.1,0.95,34500,-5250,168,88230690.0,142,F1,150,,,,,
2026-02-18,2026-02-18,FO,NSE,STO,101518,,HAL,,2026-02-24,2026-02-24,4250.0,PE,HAL26FEB4250PE,106.0,115.85,52.0,59.75,62.1,102.5,4251.1,59.75,109500,-25500,2003,1299078600.0,1595,F1,150,,,,,
2026-02-18,2026-02-18,FO,NSE,STO,113518,,HAL,,2026-04-28,2026-04-28,4500.0,PE,HAL26APR4500PE,0.0,0.0,0.0,360.7,0.0,360.7,4251.1,354.65,0,0,0,0.0,0,F1,150,,,,,
2026-02-18,2026-02-18,FO,NSE,STO,113520,,HAL,,2026-04-28,2026-04-28,4600.0,PE,HAL26APR4600PE,0.0,0.0,0.0,419.85,0.0,419.85,4251.1,422.55,0,0,0,0.0,0,F1,150,,,,,
2026-02-18,2026-02-18,FO,NSE,STO,113508,,HAL,,2026-04-28,2026-04-28,4300.0,PE,HAL26APR4300PE,0.0,0.0,0.0,256.75,0.0,256.75,4251.1,236.85,0,0,0,0.0,0,F1,150,,,,,
2026-02-18,2026-02-18,FO,NSE,STO,95799,,HAL,,2026-02-24,2026-02-24,4300.0,PE,HAL26FEB4300PE,141.95,151.0,80.25,89.25,91.8,135.35,4251.1,89.25,235950,-7500,1231,813576870.0,1021,F1,150,,,,,
2026-02-18,2026-02-18,FO,NSE,STO,101522,,HAL,,2026-02-24,2026-02-24,4450.0,PE,HAL26FEB4450PE,270.0,270.0,202.2,212.05,212.05,264.7,4251.1,212.05,45450,-1800,30,21066337.5,21,F1,150,,,,,
2026-02-18,2026-02-18,FO,NSE,STO,101526,,HAL,,2026-02-24,2026-02-24,4650.0,PE,HAL26FEB4650PE,450.65,455.0,393.0,404.0,404.0,450.65,4251.1,404.0,42450,-300,55,41894940.0,47,F1,150,,,,,
2026-02-18,2026-02-18,FO,NSE,STO,101927,,HAL,,2026-03-30,2026-03-30,4200.0,PE,HAL26MAR4200PE,147.2,157.2,108.35,114.55,118.0,147.75,4251.1,114.55,172350,63450,1037,674076060.0,667,F1,150,,,,,
2026-02-18,2026-02-18,FO,NSE,STF,51885,,HAL,,2026-03-30,2026-03-30,,,HAL26MARFUT,4250.0,4291.0,4207.0,4275.3,4269.0,4237.3,4251.1,4275.3,1796400,366600,4914,3135460995.0,4186,F1,150,,,,,
2026-02-18,2026-02-18,FO,NSE,STO,101505,,HAL,,2026-02-24,2026-02-24,3650.0,CE,HAL26FEB3650CE,577.25,577.25,577.0,577.0,577.0,739.3,4251.1,604.4,150,150,2,1268137.5,2,F1,150,,,,,
2026-02-18,2026-02-18,FO,NSE,STO,101930,,HAL,,2026-03-30,2026-03-30,4300.0,CE,HAL26MAR4300CE,134.05,148.5,125.0,142.05,140.0,139.5,4251.1,142.05,89250,19050,704,468658710.0,576,F1,150,,,,,
2026-02-18,2026-02-18,FO,NSE,STO,102001,,HAL,,2026-03-30,2026-03-30,4800.0,CE,HAL26MAR4800CE,26.95,28.95,23.4,25.55,25.25,29.7,4251.1,25.55,72750,20550,355,256941502.5,266,F1,150,,,,,
2026-02-18,2026-02-18,FO,NSE,STO,113517,,HAL,,2026-04-28,2026-04-28,4500.0,CE,HAL26APR4500CE,0.0,0.0,0.0,278.1,0.0,278.1,4251.1,152.3,0,0,0,0.0,0,F1,150,,,,,
2026-02-18,2026-02-18,FO,NSE,STO,113280,,HAL,,2026-03-30,2026-03-30,4550.0,PE,HAL26MAR4550PE,0.0,0.0,0.0,382.3,382.3,382.3,4251.1,351.0,300,0,0,0.0,0,F1,150,,,,,
2026-02-18,2026-02-18,FO,NSE,STO,113233,,HAL,,2026-03-30,2026-03-30,3550.0,PE,HAL26MAR3550PE,9.75,12.2,9.75,12.2,12.2,36.5,4251.1,12.2,1200,-150,3,1602255.0,2,F1,150,,,,,
2026-02-18,2026-02-18,FO,NSE,STO,95848,,HAL,,2026-02-24,2026-02-24,5100.0,PE,HAL26FEB5100PE,878.0,878.0,842.0,857.75,857.75,892.3,4251.1,844.3,71250,-3000,21,18764445.0,18,F1,150,,,,,
2026-02-18,2026-02-18,FO,NSE,STO,95805,,HAL,,2026-02-24,2026-02-24,4600.0,PE,HAL26FEB4600PE,419.35,420.05,343.0,353.6,361.35,405.3,4251.1,353.6,202950,-8400,98,73149142.5,79,F1,150,,,,,
2026-02-18,2026-02-18,FO,NSE,STO,101514,,HAL,,2026-02-24,2026-02-24,4050.0,PE,HAL26FEB4050PE,23.8,28.85,8.1,9.0,9.85,23.75,4251.1,9.0,164850,10500,1062,647478472.5,844,F1,150,,,,,
2026-02-18,2026-02-18,FO,NSE,STO,113435,,HAL,,2026-04-28,2026-04-28,3600.0,PE,HAL26APR3600PE,0.0,0.0,0.0,46.6,0.0,46.6,4251.1,25.75,0,0,0,0.0,0,F1,150,,,,,
2026-02-18,2026-02-18,FO,NSE,STO,101932,,HAL,,2026-03-30,2026-03-30,4400.0,CE,HAL26MAR4400CE,101.9,105.0,90.0,101.45,99.95,103.25,4251.1,101.45,95100,10650,550,371059035.0,407,F1,150,,,,,
2026-02-18,2026-02-18,FO,NSE,STO,95797,,HAL,,2026-02-24,2026-02-24,4200.0,PE,HAL26FEB4200PE,77.0,85.0,31.8,36.25,38.7,74.05,4251.1,36.25,518400,-57150,6610,4217645340.0,5047,F1,150,,,,,
2026-02-18,2026-02-18,FO,NSE,STO,113290,,HAL,,2026-03-30,2026-03-30,4950.0,CE,HAL26MAR4950CE,0.0,0.0,0.0,84.1,0.0,84.1,4251.1,18.15,0,0,0,0.0,0,F1,150,,,,,
2026-02-18,2026-02-18,FO,NSE,STO,102009,,HAL,,2026-03-30,2026-03-30,5200.0,CE,HAL26MAR5200CE,9.0,12.7,7.15,8.25,8.5,10.7,4251.1,8.25,46500,-1050,85,66403867.5,71,F1,150,,,,,
2026-02-18,2026-02-18,FO,NSE,STO,101516,,HAL,,2026-02-24,2026-02-24,4150.0,PE,HAL26FEB4150PE,49.0,58.7,19.1,22.15,24.05,51.95,4251.1,22.15,124200,-24600,2894,1815951037.5,2391,F1,150,,,,,
2026-02-18,2026-02-18,FO,NSE,STO,95795,,HAL,,2026-02-24,2026-02-24,4100.0,PE,HAL26FEB4100PE,38.05,42.6,12.1,13.95,14.7,35.35,4251.1,13.95,312450,-31350,3880,2399882197.5,2885,F1,150,,,,,
2026-02-18,2026-02-18,FO,NSE,STO,113289,,HAL,,2026-03-30,2026-03-30,4850.0,PE,HAL26MAR4850PE,0.0,0.0,0.0,751.0,751.0,751.0,4251.1,596.85,150,0,0,0.0,0,F1,150,,,,,
2026-02-18,2026-02-18,FO,NSE,STO,113528,,HAL,,2026-04-28,2026-04-28,4900.0,PE,HAL26APR4900PE,0.0,0.0,0.0,623.1,0.0,623.1,4251.1,655.5,0,0,0,0.0,0,F1,150,,,,,
2026-02-18,2026-02-18,FO,NSE,STO,113504,,HAL,,2026-04-28,2026-04-28,4100.0,PE,HAL26APR4100PE,0.0,0.0,0.0,172.75,0.0,172.75,4251.1,145.25,0,0,0,0.0,0,F1,150,,,,,
2026-02-18,2026-02-18,FO,NSE,STO,101501,,HAL,,2026-02-24,2026-02-24,3450.0,CE,HAL26FEB3450CE,0.0,0.0,0.0,919.75,0.0,919.75,4251.1,804.2,0,0,0,0.0,0,F1,150,,,,,
2026-02-18,2026-02-18,FO,NSE,STO,101509,,HAL,,2026-02-24,2026-02-24,3850.0,CE,HAL26FEB3850CE,355.85,410.0,355.85,407.95,405.9,365.05,4251.1,407.95,8850,-600,10,6357727.5,8,F1,150,,,,,
2026-02-18,2026-02-18,FO,NSE,STO,101849,,HAL,,2026-03-30,2026-03-30,3500.0,CE,HAL26MAR3500CE,0.0,0.0,0.0,914.65,0.0,914.65,4251.1,776.6,0,0,0,0.0,0,F1,150,,,,,
2026-02-18,2026-02-18,FO,NSE,STO,101868,,HAL,,2026-03-30,2026-03-30,3800.0,CE,HAL26MAR3800CE,487.75,497.4,487.75,492.65,492.65,470.25,4251.1,501.65,5700,1050,7,4507777.5,7,F1,150,,,,,
2026-02-18,2026-02-18,FO,NSE,STO,113238,,HAL,,2026-03-30,2026-03-30,3850.0,CE,HAL26MAR3850CE,0.0,0.0,0.0,602.15,0.0,602.15,4251.1,459.75,0,0,0,0.0,0,F1,150,,,,,
2026-02-18,2026-02-18,FO,NSE,STO,101921,,HAL,,2026-03-30,2026-03-30,4000.0,CE,HAL26MAR4000CE,315.0,339.55,292.3,325.55,325.0,313.95,4251.1,325.55,40800,-1800,151,97738935.0,76,F1,150,,,,,
2026-02-18,2026-02-18,FO,NSE,STO,113246,,HAL,,2026-03-30,2026-03-30,4250.0,CE,HAL26MAR4250CE,157.1,174.95,145.0,166.8,164.5,161.3,4251.1,166.8,40650,17700,443,292999207.5,329,F1,150,,,,,
2026-02-18,2026-02-18,FO,NSE,STO,113250,,HAL,,2026-03-30,2026-03-30,4450.0,CE,HAL26MAR4450CE,89.4,89.4,79.55,84.05,84.0,88.15,4251.1,84.05,7200,1800,43,29238862.5,38,F1,150,,,,,
2026-02-18,2026-02-18,FO,NSE,STO,113507,,HAL,,2026-04-28,2026-04-28,4300.0,CE,HAL26APR4300CE,0.0,0.0,0.0,371.1,0.0,371.1,4251.1,232.4,0,0,0,0.0,0,F1,150,,,,,
2026-02-18,2026-02-18,FO,NSE,STO,95781,,HAL,,2026-02-24,2026-02-24,3400.0,PE,HAL26FEB3400PE,1.55,1.55,0.6,0.75,0.6,1.55,4251.1,0.75,42300,-6000,74,37750612.5,48,F1,150,,,,,
2026-02-18,2026-02-18,FO,NSE,STO,101925,,HAL,,2026-03-30,2026-03-30,4100.0,PE,HAL26MAR4100PE,106.0,109.25,73.4,79.3,80.7,105.95,4251.1,79.3,64650,6900,491,308792722.5,430,F1,150,,,,,
2026-02-18,2026-02-18,FO,NSE,STO,101931,,HAL,,2026-03-30,2026-03-30,4300.0,PE,HAL26MAR4300PE,200.95,205.0,153.0,160.95,166.5,198.7,4251.1,160.95,59100,16500,174,116654542.5,164,F1,150,,,,,
2026-02-18,2026-02-18,FO,NSE,STO,101998,,HAL,,2026-03-30,2026-03-30,4600.0,PE,HAL26MAR4600PE,405.0,420.0,353.25,365.55,368.55,410.0,4251.1,365.55,28200,5850,51,38098117.5,43,F1,150,,,,,
2026-02-18,2026-02-18,FO,NSE,STO,95846,,HAL,,2026-02-24,2026-02-24,5000.0,PE,HAL26FEB5000PE,798.4,813.3,739.15,754.9,758.05,791.5,4251.1,754.9,108300,-2400,35,30286747.5,29,F1,150,,,,,
2026-02-18,2026-02-18,FO,NSE,STO,101865,,HAL,,2026-03-30,2026-03-30,3600.0,PE,HAL26MAR3600PE,16.55,16.55,8.05,10.3,10.6,15.45,4251.1,10.3,54150,5700,101,54719482.5,86,F1,150,,,,,
2026-02-18,2026-02-18,FO,NSE,STO,113237,,HAL,,2026-03-30,2026-03-30,3750.0,PE,HAL26MAR3750PE,0.0,0.0,0.0,28.5,28.5,28.5,4251.1,21.3,1800,0,0,0.0,0,F1,150,,,,,
2026-02-18,2026-02-18,FO,NSE,STO,101884,,HAL,,2026-03-30,2026-03-30,3800.0,PE,HAL26MAR3800PE,35.55,36.1,21.0,22.85,23.25,35.3,4251.1,22.85,34650,8100,200,114865035.0,167,F1,150,,,,,
2026-02-18,2026-02-18,FO,NSE,STO,113241,,HAL,,2026-03-30,2026-03-30,3950.0,PE,HAL26MAR3950PE,56.25,60.4,41.9,42.45,43.0,62.75,4251.1,42.45,6150,600,12,7201020.0,12,F1,150,,,,,
2026-02-18,2026-02-18,FO,NSE,STO,113433,,HAL,,2026-04-28,2026-04-28,3500.0,PE,HAL26APR3500PE,0.0,0.0,0.0,55.7,55.7,55.7,4251.1,16.25,450,0,0,0.0,0,F1,150,,,,,
2026-02-18,2026-02-18,FO,NSE,STO,113499,,HAL,,2026-04-28,2026-04-28,4000.0,PE,HAL26APR4000PE,0.0,0.0,0.0,138.3,0.0,138.3,4251.1,109.5,0,0,0,0.0,0,F1,150,,,,,
2026-02-18,2026-02-18,FO,NSE,STO,95786,,HAL,,2026-02-24,2026-02-24,3700.0,CE,HAL26FEB3700CE,0.0,0.0,0.0,518.6,518.6,518.6,4251.1,554.45,3150,0,0,0.0,0,F1,150,,,,,
2026-02-18,2026-02-18,FO,NSE,STO,95798,,HAL,,2026-02-24,2026-02-24,4300.0,CE,HAL26FEB4300CE,43.0,48.3,27.8,37.2,35.0,44.2,4251.1,37.2,733500,-70950,12155,7906319475.0,8974,F1,150,,,,,
2026-02-18,2026-02-18,FO,NSE,STO,113524,,HAL,,2026-04-28,2026-04-28,4800.0,PE,HAL26APR4800PE,0.0,0.0,0.0,551.25,0.0,551.25,4251.1,573.55,0,0,0,0.0,0,F1,150,,,,,
2026-02-18,2026-02-18,FO,NSE,STO,95789,,HAL,,2026-02-24,2026-02-24,3800.0,PE,HAL26FEB3800PE,4.85,5.75,2.05,2.2,2.2,5.15,4251.1,2.2,119700,-18600,635,362254575.0,426,F1,150,,,,,
2026-02-18,2026-02-18,FO,NSE,STO,95804,,HAL,,2026-02-24,2026-02-24,4600.0,CE,HAL26FEB4600CE,7.6,7.6,4.0,4.35,4.2,8.05,4251.1,4.35,626100,-72600,3438,2374699680.0,2203,F1,150,,,,,
2026-02-18,2026-02-18,FO,NSE,STO,113259,,HAL,,2026-03-30,2026-03-30,4550.0,CE,HAL26MAR4550CE,56.0,59.55,55.95,58.5,58.2,65.0,4251.1,58.5,10800,-150,30,20735422.5,26,F1,150,,,,,
2026-02-18,2026-02-18,FO,NSE,STO,101997,,HAL,,2026-03-30,2026-03-30,4600.0,CE,HAL26MAR4600CE,52.95,53.85,46.5,48.95,47.9,54.25,4251.1,48.95,100500,20100,487,339574432.5,393,F1,150,,,,,
2026-02-18,2026-02-18,FO,NSE,STO,101999,,HAL,,2026-03-30,2026-03-30,4700.0,CE,HAL26MAR4700CE,39.65,43.95,32.95,34.75,34.7,39.65,4251.1,34.75,47250,12000,248,176130622.5,218,F1,150,,,,,
2026-02-18,2026-02-18,FO,NSE,STO,102005,,HAL,,2026-03-30,2026-03-30,5000.0,CE,HAL26MAR5000CE,16.55,16.8,13.1,14.45,14.95,17.25,4251.1,14.45,154500,4350,242,182025802.5,175,F1,150,,,,,
2026-02-18,2026-02-18,FO,NSE,STO,102007,,HAL,,2026-03-30,2026-03-30,5100.0,CE,HAL26MAR5100CE,0.0,0.0,0.0,17.0,17.0,17.0,4251.1,9.6,450,0,0,0.0,0,F1,150,,,,,
2026-02-18,2026-02-18,FO,NSE,STO,113482,,HAL,,2026-04-28,2026-04-28,4000.0,CE,HAL26APR4000CE,0.0,0.0,0.0,548.05,0.0,548.05,4251.1,402.0,0,0,0,0.0,0,F1,150,,,,,
2026-02-18,2026-02-18,FO,NSE,STO,113540,,HAL,,2026-04-28,2026-04-28,5000.0,PE,HAL26APR5000PE,0.0,0.0,0.0,698.4,0.0,698.4,4251.1,740.9,0,0,0,0.0,0,F1,150,,,,,
2026-02-18,2026-02-18,FO,NSE,STO,101530,,HAL,,2026-02-24,2026-02-24,4850.0,PE,HAL26FEB4850PE,598.3,598.9,598.3,598.9,598.9,745.0,4251.1,594.55,12450,-300,2,1634580.0,2,F1,150,,,,,
2026-02-18,2026-02-18,FO,NSE,STO,113439,,HAL,,2026-04-28,2026-04-28,3700.0,PE,HAL26APR3700PE,0.0,0.0,0.0,63.3,0.0,63.3,4251.1,39.0,0,0,0,0.0,0,F1,150,,,,,
2026-02-18,2026-02-18,FO,NSE,STF,59341,,HAL,,2026-02-24,2026-02-24,,,HAL26FEBFUT,4229.0,4264.8,4179.4,4247.1,4241.0,4209.4,4251.1,4247.1,8479050,-674700,10229,6486661650.0,8482,F1,150,,,,,
2026-02-18,2026-02-18,FO,NSE,STO,102010,,HAL,,2026-03-30,2026-03-30,5200.0,PE,HAL26MAR5200PE,930.0,930.0,917.15,919.35,917.15,958.0,4251.1,919.35,1800,750,9,8268397.5,9,F1,150,,,,,
2026-02-18,2026-02-18,FO,NSE,STO,95806,,HAL,,2026-02-24,2026-02-24,4700.0,CE,HAL26FEB4700CE,5.0,5.05,2.8,3.05,2.9,5.05,4251.1,3.05,544200,-133350,3216,2268859072.5,1933,F1,150,,,,,
2026-02-18,2026-02-18,FO,NSE,STO,101531,,HAL,,2026-02-24,2026-02-24,4950.0,CE,HAL26FEB4950CE,1.65,1.8,1.35,1.75,1.75,2.7,4251.1,1.75,38850,-3150,26,19311315.0,24,F1,150,,,,,
2026-02-18,2026-02-18,FO,NSE,STO,113248,,HAL,,2026-03-30,2026-03-30,4350.0,CE,HAL26MAR4350CE,119.0,121.0,110.85,121.0,121.0,118.0,4251.1,121.0,5250,1950,37,24794010.0,22,F1,150,,,,,
2026-02-18,2026-02-18,FO,NSE,STO,113283,,HAL,,2026-03-30,2026-03-30,4750.0,CE,HAL26MAR4750CE,30.0,30.25,30.0,30.25,30.25,37.2,4251.1,39.6,2400,150,3,2151037.5,3,F1,150,,,,,
2026-02-18,2026-02-18,FO,NSE,STO,113292,,HAL,,2026-03-30,2026-03-30,5050.0,CE,HAL26MAR5050CE,0.0,0.0,0.0,66.8,0.0,66.8,4251.1,11.9,0,0,0,0.0,0,F1,150,,,,,
2026-02-18,2026-02-18,FO,NSE,STO,113430,,HAL,,2026-04-28,2026-04-28,3400.0,CE,HAL26APR3400CE,0.0,0.0,0.0,1023.9,0.0,1023.9,4251.1,896.05,0,0,0,0.0,0,F1,150,,,,,
2026-02-18,2026-02-18,FO,NSE,STO,113294,,HAL,,2026-03-30,2026-03-30,5050.0,PE,HAL26MAR5050PE,0.0,0.0,0.0,715.45,0.0,715.45,4251.1,780.45,0,0,0,0.0,0,F1,150,,,,,
2026-02-18,2026-02-18,FO,NSE,STO,101534,,HAL,,2026-02-24,2026-02-24,5050.0,PE,HAL26FEB5050PE,0.0,0.0,0.0,733.8,0.0,733.8,4251.1,794.35,0,0,0,0.0,0,F1,150,,,,,
2026-02-18,2026-02-18,FO,NSE,STO,113438,,HAL,,2026-04-28,2026-04-28,3700.0,CE,HAL26APR3700CE,0.0,0.0,0.0,768.45,0.0,768.45,4251.1,628.4,0,0,0,0.0,0,F1,150,,,,,
2026-02-18,2026-02-18,FO,NSE,STO,101502,,HAL,,2026-02-24,2026-02-24,3450.0,PE,HAL26FEB3450PE,0.0,0.0,0.0,1.85,1.85,1.85,4251.1,0.05,4650,0,0,0.0,0,F1,150,,,,,
2026-02-18,2026-02-18,FO,NSE,STO,113234,,HAL,,2026-03-30,2026-03-30,3650.0,CE,HAL26MAR3650CE,0.0,0.0,0.0,767.55,0.0,767.55,4251.1,635.05,0,0,0,0.0,0,F1,150,,,,,
2026-02-18,2026-02-18,FO,NSE,STO,113242,,HAL,,2026-03-30,2026-03-30,4050.0,CE,HAL26MAR4050CE,0.0,0.0,0.0,300.0,300.0,300.0,4251.1,309.3,300,0,0,0.0,0,F1,150,,,,,
2026-02-18,2026-02-18,FO,NSE,STO,113244,,HAL,,2026-03-30,2026-03-30,4150.0,CE,HAL26MAR4150CE,213.0,230.0,198.75,225.5,221.0,219.9,4251.1,225.5,6150,-2100,32,20929447.5,24,F1,150,,,,,
2026-02-18,2026-02-18,FO,NSE,STO,102003,,HAL,,2026-03-30,2026-03-30,4900.0,CE,HAL26MAR4900CE,22.3,22.3,17.4,18.8,19.0,22.15,4251.1,18.8,22200,750,46,33936810.0,43,F1,150,,,,,
2026-02-18,2026-02-18,FO,NSE,STO,113432,,HAL,,2026-04-28,2026-04-28,3500.0,CE,HAL26APR3500CE,0.0,0.0,0.0,935.55,0.0,935.55,4251.1,803.55,0,0,0,0.0,0,F1,150,,,,,
2026-02-18,2026-02-18,FO,NSE,STO,113523,,HAL,,2026-04-28,2026-04-28,4800.0,CE,HAL26APR4800CE,0.0,0.0,0.0,173.25,0.0,173.25,4251.1,74.3,0,0,0,0.0,0,F1,150,,,,,
2026-02-18,2026-02-18,FO,NSE,STO,101512,,HAL,,2026-02-24,2026-02-24,3950.0,PE,HAL26FEB3950PE,12.0,14.7,4.35,4.95,5.05,11.85,4251.1,4.95,106350,-15150,1058,628097707.5,882,F1,150,,,,,
2026-02-18,2026-02-18,FO,NSE,STO,101520,,HAL,,2026-02-24,2026-02-24,4350.0,PE,HAL26FEB4350PE,177.45,180.95,115.0,129.0,132.0,170.95,4251.1,129.0,120600,-5400,343,231389917.5,311,F1,150,,,,,
2026-02-18,2026-02-18,FO,NSE,STO,101524,,HAL,,2026-02-24,2026-02-24,4550.0,PE,HAL26FEB4550PE,362.2,365.15,297.0,313.5,313.5,346.7,4251.1,313.5,73200,-300,63,46124655.0,57,F1,150,,,,,
2026-02-18,2026-02-18,FO,NSE,STO,95807,,HAL,,2026-02-24,2026-02-24,4700.0,PE,HAL26FEB4700PE,499.05,515.0,438.3,453.85,460.2,488.05,4251.1,453.85,147450,-13800,146,112989457.5,124,F1,150,,,,,
2026-02-18,2026-02-18,FO,NSE,STO,101856,,HAL,,2026-03-30,2026-03-30,3500.0,PE,HAL26MAR3500PE,9.9,11.15,5.4,6.4,7.75,10.85,4251.1,6.4,25500,750,69,36319462.5,60,F1,150,,,,,
2026-02-18,2026-02-18,FO,NSE,STO,101933,,HAL,,2026-03-30,2026-03-30,4400.0,PE,HAL26MAR4400PE,262.7,262.7,213.1,216.95,224.0,260.55,4251.1,216.95,74100,18300,207,143532435.0,101,F1,150,,,,,
2026-02-18,2026-02-18,FO,NSE,STO,113258,,HAL,,2026-03-30,2026-03-30,4450.0,PE,HAL26MAR4450PE,0.0,0.0,0.0,292.4,292.4,292.4,4251.1,281.05,450,0,0,0.0,0,F1,150,,,,,
2026-02-18,2026-02-18,FO,NSE,STO,102008,,HAL,,2026-03-30,2026-03-30,5100.0,PE,HAL26MAR5100PE,775.0,830.0,775.0,820.0,820.0,870.0,4251.1,827.85,1500,750,6,5322450.0,5,F1,150,,,,,
2026-02-18,2026-02-18,FO,NSE,STO,113477,,HAL,,2026-04-28,2026-04-28,3900.0,PE,HAL26APR3900PE,0.0,0.0,0.0,108.95,0.0,108.95,4251.1,80.25,0,0,0,0.0,0,F1,150,,,,,
2026-02-18,2026-02-18,FO,NSE,STO,113506,,HAL,,2026-04-28,2026-04-28,4200.0,PE,HAL26APR4200PE,162.0,162.0,162.0,162.0,162.0,300.0,4251.1,162.0,450,-150,2,1308600.0,2,F1,150,,,,,
2026-02-18,2026-02-18,FO,NSE,STO,95794,,HAL,,2026-02-24,2026-02-24,4100.0,CE,HAL26FEB4100CE,142.25,175.6,118.45,158.85,155.0,142.5,4251.1,158.85,199650,-53700,1259,801471172.5,1078,F1,150,,,,,
2026-02-18,2026-02-18,FO,NSE,STO,101515,,HAL,,2026-02-24,2026-02-24,4150.0,CE,HAL26FEB4150CE,103.05,132.95,85.45,118.75,114.15,109.05,4251.1,118.75,132450,-49200,1753,1119786892.5,1572,F1,150,,,,,
2026-02-18,2026-02-18,FO,NSE,STO,101519,,HAL,,2026-02-24,2026-02-24,4350.0,CE,HAL26FEB4350CE,34.0,34.0,19.0,23.4,22.6,32.1,4251.1,23.4,280800,-16800,3672,2409115792.5,3052,F1,150,,,,,
2026-02-18,2026-02-18,FO,NSE,STO,101533,,HAL,,2026-02-24,2026-02-24,5050.0,CE,HAL26FEB5050CE,1.25,1.55,1.15,1.35,1.35,2.0,4251.1,1.35,34050,-3450,41,31065922.5,27,F1,150,,,,,
2026-02-18,2026-02-18,FO,NSE,STO,101996,,HAL,,2026-03-30,2026-03-30,4500.0,PE,HAL26MAR4500PE,333.0,340.0,276.35,285.15,292.95,332.7,4251.1,285.15,69450,37500,334,240088672.5,155,F1,150,,,,,
2026-02-18,2026-02-18,FO,NSE,STO,102004,,HAL,,2026-03-30,2026-03-30,4900.0,PE,HAL26MAR4900PE,632.95,637.9,623.0,634.9,637.9,675.0,4251.1,634.9,4500,1200,8,6635212.5,6,F1,150,,,,,
2026-02-18,2026-02-18,FO,NSE,STO,113522,,HAL,,2026-04-28,2026-04-28,4700.0,PE,HAL26APR4700PE,0.0,0.0,0.0,483.45,0.0,483.45,4251.1,495.7,0,0,0,0.0,0,F1,150,,,,,
2026-02-18,2026-02-18,FO,NSE,STO,101503,,HAL,,2026-02-24,2026-02-24,3550.0,CE,HAL26FEB3550CE,628.65,655.25,628.65,655.25,655.25,608.0,4251.1,704.3,450,-150,2,1257585.0,2,F1,150,,,,,
2026-02-18,2026-02-18,FO,NSE,STO,101907,,HAL,,2026-03-30,2026-03-30,3900.0,CE,HAL26MAR3900CE,0.0,0.0,0.0,387.5,387.5,387.5,4251.1,419.45,4650,0,0,0.0,0,F1,150,,,,,
2026-02-18,2026-02-18,FO,NSE,STO,101926,,HAL,,2026-03-30,2026-03-30,4200.0,CE,HAL26MAR4200CE,195.0,201.3,169.05,193.35,191.6,186.35,4251.1,193.35,112500,24600,805,529419217.5,669,F1,150,,,,,
2026-02-18,2026-02-18,FO,NSE,STO,113285,,HAL,,2026-03-30,2026-03-30,4850.0,CE,HAL26MAR4850CE,0.0,0.0,0.0,42.4,42.4,42.4,4251.1,27.1,150,0,0,0.0,0,F1,150,,,,,
2026-02-18,2026-02-18,FO,NSE,STO,113527,,HAL,,2026-04-28,2026-04-28,4900.0,CE,HAL26APR4900CE,0.0,0.0,0.0,146.65,0.0,146.65,4251.1,57.3,0,0,0,0.0,0,F1,150,,,,,
2026-02-18,2026-02-18,FO,NSE,STO,101510,,HAL,,2026-02-24,2026-02-24,3850.0,PE,HAL26FEB3850PE,6.15,7.3,2.45,2.7,3.1,6.25,4251.1,2.7,46050,-4800,383,221388450.0,260,F1,150,,,,,
2026-02-18,2026-02-18,FO,NSE,STO,95803,,HAL,,2026-02-24,2026-02-24,4500.0,PE,HAL26FEB4500PE,314.85,323.0,245.25,256.65,265.65,307.3,4251.1,256.65,273450,-43800,493,353134425.0,351,F1,150,,,,,
2026-02-18,2026-02-18,FO,NSE,STO,101528,,HAL,,2026-02-24,2026-02-24,4750.0,PE,HAL26FEB4750PE,560.0,560.0,540.0,540.0,540.0,544.95,4251.1,494.8,18000,-600,7,5564062.5,7,F1,150,,,,,
2026-02-18,2026-02-18,FO,NSE,STO,95844,,HAL,,2026-02-24,2026-02-24,4900.0,PE,HAL26FEB4900PE,675.0,675.0,641.0,657.85,657.85,675.0,4251.1,644.5,20250,-1650,16,13351335.0,14,F1,150,,,,,
2026-02-18,2026-02-18,FO,NSE,STO,95850,,HAL,,2026-02-24,2026-02-24,5200.0,PE,HAL26FEB5200PE,1000.0,1000.0,978.1,978.1,978.1,980.0,4251.1,944.2,900,150,2,1856715.0,2,F1,150,,,,,
2026-02-18,2026-02-18,FO,NSE,STO,113228,,HAL,,2026-03-30,2026-03-30,3450.0,PE,HAL26MAR3450PE,0.0,0.0,0.0,13.05,0.0,13.05,4251.1,3.05,0,0,0,0.0,0,F1,150,,,,,
2026-02-18,2026-02-18,FO,NSE,STO,113245,,HAL,,2026-03-30,2026-03-30,4150.0,PE,HAL26MAR4150PE,126.35,127.0,89.35,95.55,98.0,128.35,4251.1,95.55,12450,5250,54,34438350.0,37,F1,150,,,,,
2026-02-18,2026-02-18,FO,NSE,STO,101976,,HAL,,2026-03-30,2026-03-30,4500.0,CE,HAL26MAR4500CE,73.05,74.8,64.25,70.2,70.05,74.95,4251.1,70.2,147750,7200,1000,685375057.5,740,F1,150,,,,,
2026-02-18,2026-02-18,FO,NSE,STO,113521,,HAL,,2026-04-28,2026-04-28,4700.0,CE,HAL26APR4700CE,0.0,0.0,0.0,203.9,0.0,203.9,4251.1,95.45,0,0,0,0.0,0,F1,150,,,,,
2026-02-18,2026-02-18,FO,NSE,STO,113543,,HAL,,2026-04-28,2026-04-28,5200.0,CE,HAL26APR5200CE,0.0,0.0,0.0,86.15,0.0,86.15,4251.1,24.7,0,0,0,0.0,0,F1,150,,,,,
2026-02-18,2026-02-18,FO,NSE,STO,103280,,HCLTECH,,2026-02-24,2026-02-24,1420.0,PE,HCLTECH26FEB1420PE,9.0,15.9,5.35,5.75,6.3,6.95,1467.2,5.75,472500,-81900,4374,2188751810.0,2940,F1,350,,,,,
2026-02-18,2026-02-18,FO,NSE,STO,96707,,HCLTECH,,2026-02-24,2026-02-24,1960.0,PE,HCLTECH26FEB1960PE,0.0,0.0,0.0,340.9,0.0,340.9,1467.2,491.05,0,0,0,0.0,0,F1,350,,,,,
2026-02-18,2026-02-18,FO,NSE,STO,103368,,HCLTECH,,2026-02-24,2026-02-24,1980.0,PE,HCLTECH26FEB1980PE,0.0,0.0,0.0,349.45,0.0,349.45,1467.2,511.0,0,0,0,0.0,0,F1,350,,,,,
2026-02-18,2026-02-18,FO,NSE,STO,103474,,HCLTECH,,2026-03-30,2026-03-30,1320.0,PE,HCLTECH26MAR1320PE,11.5,16.2,11.0,11.2,11.5,12.0,1467.2,11.2,30100,-13650,58,27052725.0,56,F1,350,,,,,
2026-02-18,2026-02-18,FO,NSE,STO,114184,,HCLTECH,,2026-03-30,2026-03-30,1380.0,PE,HCLTECH26MAR1380PE,26.0,26.0,24.0,24.0,24.0,19.1,1467.2,12.0,17150,-350,5,2458837.5,5,F1,350,,,,,
2026-02-18,2026-02-18,FO,NSE,STO,114188,,HCLTECH,,2026-03-30,2026-03-30,1420.0,PE,HCLTECH26MAR1420PE,38.1,38.1,32.75,32.8,32.75,31.35,1467.2,32.8,11550,700,23,11720835.0,23,F1,350,,,,,
2026-02-18,2026-02-18,FO,NSE,STO,103732,,HCLTECH,,2026-03-30,2026-03-30,1600.0,PE,HCLTECH26MAR1600PE,140.0,148.5,140.0,141.5,141.5,131.0,1467.2,132.6,36750,1750,31,18894190.0,24,F1,350,,,,,
2026-02-18,2026-02-18,FO,NSE,STO,114210,,HCLTECH,,2026-03-30,2026-03-30,1780.0,PE,HCLTECH26MAR1780PE,0.0,0.0,0.0,100.25,0.0,100.25,1467.2,302.45,0,0,0,0.0,0,F1,350,,,,,
2026-02-18,2026-02-18,FO,NSE,STO,103727,,HCLTECH,,2026-03-30,2026-03-30,1560.0,CE,HCLTECH26MAR1560CE,27.05,30.8,20.95,23.2,23.15,32.3,1467.2,23.2,133700,33250,445,246708350.0,330,F1,350,,,,,
2026-02-18,2026-02-18,FO,NSE,STO,114201,,HCLTECH,,2026-03-30,2026-03-30,1700.0,CE,HCLTECH26MAR1700CE,7.15,8.1,4.8,5.05,5.05,8.25,1467.2,5.05,110950,19950,167,99694455.0,134,F1,350,,,,,
2026-02-18,2026-02-18,FO,NSE,STO,103729,,HCLTECH,,2026-03-30,2026-03-30,1560.0,PE,HCLTECH26MAR1560PE,125.0,125.0,115.3,116.65,116.65,101.0,1467.2,100.1,37800,0,11,6478010.0,6,F1,350,,,,,
2026-02-18,2026-02-18,FO,NSE,STO,103312,,HCLTECH,,2026-02-24,2026-02-24,1940.0,PE,HCLTECH26FEB1940PE,0.0,0.0,0.0,311.45,0.0,311.45,1467.2,471.05,0,0,0,0.0,0,F1,350,,,,,
2026-02-18,2026-02-18,FO,NSE,STO,114202,,HCLTECH,,2026-03-30,2026-03-30,1700.0,PE,HCLTECH26MAR1700PE,243.05,243.05,232.0,232.0,232.0,219.25,1467.2,224.3,23450,700,2,1356267.5,2,F1,350,,,,,
2026-02-18,2026-02-18,FO,NSE,STO,114216,,HCLTECH,,2026-03-30,2026-03-30,1900.0,PE,HCLTECH26MAR1900PE,0.0,0.0,0.0,184.55,0.0,184.55,1467.2,421.4,0,0,0,0.0,0,F1,350,,,,,
2026-02-18,2026-02-18,FO,NSE,STO,96698,,HCLTECH,,2026-02-24,2026-02-24,1920.0,PE,HCLTECH26FEB1920PE,0.0,0.0,0.0,471.5,471.5,471.5,1467.2,451.05,1400,0,0,0.0,0,F1,350,,,,,
2026-02-18,2026-02-18,FO,NSE,STO,96598,,HCLTECH,,2026-02-24,2026-02-24,1240.0,PE,HCLTECH26FEB1240PE,0.6,0.75,0.35,0.4,0.4,0.5,1467.2,0.05,45500,-12950,111,48194702.5,93,F1,350,,,,,
2026-02-18,2026-02-18,FO,NSE,STO,103747,,HCLTECH,,2026-03-30,2026-03-30,1920.0,CE,HCLTECH26MAR1920CE,0.0,0.0,0.0,7.4,7.4,7.4,1467.2,0.05,1400,0,0,0.0,0,F1,350,,,,,
2026-02-18,2026-02-18,FO,NSE,STO,103739,,HCLTECH,,2026-03-30,2026-03-30,1760.0,CE,HCLTECH26MAR1760CE,0.0,0.0,0.0,5.9,5.9,5.9,1467.2,0.55,3500,0,0,0.0,0,F1,350,,,,,
2026-02-18,2026-02-18,FO,NSE,STO,114373,,HCLTECH,,2026-04-28,2026-04-28,1200.0,PE,HCLTECH26APR1200PE,0.0,0.0,0.0,0.2,0.0,0.2,1467.2,1.0,0,0,0,0.0,0,F1,350,,,,,
2026-02-18,2026-02-18,FO,NSE,STO,114453,,HCLTECH,,2026-04-28,2026-04-28,1480.0,PE,HCLTECH26APR1480PE,0.0,0.0,0.0,11.65,0.0,11.65,1467.2,58.85,0,0,0,0.0,0,F1,350,,,,,
2026-02-18,2026-02-18,FO,NSE,STO,96611,,HCLTECH,,2026-02-24,2026-02-24,1480.0,CE,HCLTECH26FEB1480CE,27.5,27.5,9.9,13.35,12.95,27.05,1467.2,13.35,359100,12600,5765,3015692680.0,4816,F1,350,,,,,
2026-02-18,2026-02-18,FO,NSE,STO,103283,,HCLTECH,,2026-02-24,2026-02-24,1500.0,CE,HCLTECH26FEB1500CE,17.95,17.95,5.85,7.6,7.4,18.45,1467.2,7.6,1140300,326200,8782,4638557017.5,6265,F1,350,,,,,
2026-02-18,2026-02-18,FO,NSE,STO,96683,,HCLTECH,,2026-02-24,2026-02-24,1800.0,CE,HCLTECH26FEB1800CE,0.3,0.35,0.1,0.15,0.1,0.45,1467.2,0.15,522550,-49700,466,293609890.0,152,F1,350,,,,,
2026-02-18,2026-02-18,FO,NSE,STO,103369,,HCLTECH,,2026-02-24,2026-02-24,2020.0,CE,HCLTECH26FEB2020CE,0.0,0.0,0.0,1.85,0.0,1.85,1467.2,0.05,0,0,0,0.0,0,F1,350,,,,,
2026-02-18,2026-02-18,FO,NSE,STO,114180,,HCLTECH,,2026-03-30,2026-03-30,1300.0,PE,HCLTECH26MAR1300PE,9.75,13.65,8.65,8.8,9.2,9.75,1467.2,8.8,18200,-1400,158,72470090.0,124,F1,350,,,,,
2026-02-18,2026-02-18,FO,NSE,STO,40196,,HCLTECH,,2026-03-30,2026-03-30,1220.0,PE,HCLTECH26MAR1220PE,0.0,0.0,0.0,0.05,0.0,0.05,1467.2,0.25,0,0,0,0.0,0,F1,350,,,,,
2026-02-18,2026-02-18,FO,NSE,STO,96711,,HCLTECH,,2026-02-24,2026-02-24,2000.0,PE,HCLTECH26FEB2000PE,0.0,0.0,0.0,377.35,0.0,377.35,1467.2,531.0,0,0,0,0.0,0,F1,350,,,,,
2026-02-18,2026-02-18,FO,NSE,STO,114179,,HCLTECH,,2026-03-30,2026-03-30,1300.0,CE,HCLTECH26MAR1300CE,166.05,179.2,165.0,176.0,176.0,434.05,1467.2,177.4,3850,3850,14,7212940.0,10,F1,350,,,,,
2026-02-18,2026-02-18,FO,NSE,STO,114195,,HCLTECH,,2026-03-30,2026-03-30,1580.0,CE,HCLTECH26MAR1580CE,23.0,23.0,17.6,18.9,18.8,26.15,1467.2,18.9,28350,4550,55,30776847.5,48,F1,350,,,,,
2026-02-18,2026-02-18,FO,NSE,STO,114197,,HCLTECH,,2026-03-30,2026-03-30,1620.0,CE,HCLTECH26MAR1620CE,15.15,15.15,11.5,11.75,11.75,18.45,1467.2,6.9,28350,9100,73,41704670.0,62,F1,350,,,,,
2026-02-18,2026-02-18,FO,NSE,STO,103744,,HCLTECH,,2026-03-30,2026-03-30,1840.0,PE,HCLTECH26MAR1840PE,0.0,0.0,0.0,224.35,0.0,224.35,1467.2,361.85,0,0,0,0.0,0,F1,350,,,,,
2026-02-18,2026-02-18,FO,NSE,STO,114381,,HCLTECH,,2026-04-28,2026-04-28,1280.0,PE,HCLTECH26APR1280PE,0.0,0.0,0.0,0.8,0.0,0.8,1467.2,4.8,0,0,0,0.0,0,F1,350,,,,,
2026-02-18,2026-02-18,FO,NSE,STO,114439,,HCLTECH,,2026-04-28,2026-04-28,1400.0,PE,HCLTECH26APR1400PE,0.0,0.0,0.0,55.25,55.25,55.25,1467.2,26.45,350,0,0,0.0,0,F1,350,,,,,
2026-02-18,2026-02-18,FO,NSE,STO,114457,,HCLTECH,,2026-04-28,2026-04-28,1560.0,PE,HCLTECH26APR1560PE,0.0,0.0,0.0,45.0,45.0,45.0,1467.2,107.45,700,0,0,0.0,0,F1,350,,,,,
2026-02-18,2026-02-18,FO,NSE,STO,114238,,HCLTECH,,2026-03-30,2026-03-30,1980.0,PE,HCLTECH26MAR1980PE,0.0,0.0,0.0,251.7,0.0,251.7,1467.2,500.9,0,0,0,0.0,0,F1,350,,,,,
2026-02-18,2026-02-18,FO,NSE,STO,114495,,HCLTECH,,2026-04-28,2026-04-28,2000.0,PE,HCLTECH26APR2000PE,0.0,0.0,0.0,270.25,0.0,270.25,1467.2,512.2,0,0,0,0.0,0,F1,350,,,,,
2026-02-18,2026-02-18,FO,NSE,STO,114488,,HCLTECH,,2026-04-28,2026-04-28,1960.0,PE,HCLTECH26APR1960PE,0.0,0.0,0.0,237.25,0.0,237.25,1467.2,472.7,0,0,0,0.0,0,F1,350,,,,,
2026-02-18,2026-02-18,FO,NSE,STO,96599,,HCLTECH,,2026-02-24,2026-02-24,1280.0,CE,HCLTECH26FEB1280CE,0.0,0.0,0.0,344.5,0.0,344.5,1467.2,188.35,0,0,0,0.0,0,F1,350,,,,,
2026-02-18,2026-02-18,FO,NSE,STO,103277,,HCLTECH,,2026-02-24,2026-02-24,1380.0,CE,HCLTECH26FEB1380CE,91.1,93.65,66.4,85.8,85.05,88.4,1467.2,85.8,42000,-12600,132,67658097.5,114,F1,350,,,,,
2026-02-18,2026-02-18,FO,NSE,STO,114177,,HCLTECH,,2026-03-30,2026-03-30,1260.0,CE,HCLTECH26MAR1260CE,0.0,0.0,0.0,473.5,0.0,473.5,1467.2,215.6,0,0,0,0.0,0,F1,350,,,,,
2026-02-18,2026-02-18,FO,NSE,STO,103655,,HCLTECH,,2026-03-30,2026-03-30,1400.0,CE,HCLTECH26MAR1400CE,105.0,105.0,90.0,97.9,98.0,115.5,1467.2,97.9,28700,3150,54,28288680.0,47,F1,350,,,,,
2026-02-18,2026-02-18,FO,NSE,STO,103741,,HCLTECH,,2026-03-30,2026-03-30,1800.0,CE,HCLTECH26MAR1800CE,2.45,2.45,1.65,1.7,1.7,3.05,1467.2,1.7,79100,-3150,88,55495877.5,55,F1,350,,,,,
2026-02-18,2026-02-18,FO,NSE,STO,96602,,HCLTECH,,2026-02-24,2026-02-24,1320.0,PE,HCLTECH26FEB1320PE,1.0,1.7,0.65,0.7,0.7,1.3,1467.2,0.7,119000,-10850,492,227508260.0,311,F1,350,,,,,
2026-02-18,2026-02-18,FO,NSE,STO,96651,,HCLTECH,,2026-02-24,2026-02-24,1600.0,PE,HCLTECH26FEB1600PE,133.0,154.0,128.9,137.0,137.0,121.75,1467.2,137.0,222250,-700,53,32255300.0,47,F1,350,,,,,
2026-02-18,2026-02-18,FO,NSE,STO,96659,,HCLTECH,,2026-02-24,2026-02-24,1680.0,PE,HCLTECH26FEB1680PE,215.0,216.55,215.0,215.8,216.55,180.85,1467.2,215.8,171850,-700,2,1327042.5,2,F1,350,,,,,
2026-02-18,2026-02-18,FO,NSE,STO,103376,,HCLTECH,,2026-02-24,2026-02-24,2020.0,PE,HCLTECH26FEB2020PE,0.0,0.0,0.0,515.25,515.25,515.25,1467.2,550.95,1050,0,0,0.0,0,F1,350,,,,,
2026-02-18,2026-02-18,FO,NSE,STO,103430,,HCLTECH,,2026-03-30,2026-03-30,1200.0,PE,HCLTECH26MAR1200PE,4.0,5.3,2.0,2.95,3.7,4.3,1467.2,2.95,26950,4200,42,17702562.5,35,F1,350,,,,,
2026-02-18,2026-02-18,FO,NSE,STO,103432,,HCLTECH,,2026-03-30,2026-03-30,1240.0,PE,HCLTECH26MAR1240PE,7.2,7.2,4.7,4.85,4.85,5.75,1467.2,4.85,13650,10500,36,15684235.0,7,F1,350,,,,,
2026-02-18,2026-02-18,FO,NSE,STO,114182,,HCLTECH,,2026-03-30,2026-03-30,1340.0,PE,HCLTECH26MAR1340PE,14.55,18.85,13.9,14.3,14.3,14.55,1467.2,5.7,9800,-17500,105,49818720.0,53,F1,350,,,,,
2026-02-18,2026-02-18,FO,NSE,STO,114194,,HCLTECH,,2026-03-30,2026-03-30,1540.0,PE,HCLTECH26MAR1540PE,94.2,98.0,94.0,95.35,95.3,84.2,1467.2,95.35,23800,2450,22,12591040.0,20,F1,350,,,,,
2026-02-18,2026-02-18,FO,NSE,STO,103740,,HCLTECH,,2026-03-30,2026-03-30,1760.0,PE,HCLTECH26MAR1760PE,0.0,0.0,0.0,163.55,0.0,163.55,1467.2,282.75,0,0,0,0.0,0,F1,350,,,,,
2026-02-18,2026-02-18,FO,NSE,STO,103734,,HCLTECH,,2026-03-30,2026-03-30,1640.0,PE,HCLTECH26MAR1640PE,0.0,0.0,0.0,141.0,141.0,141.0,1467.2,167.95,15050,0,0,0.0,0,F1,350,,,,,
2026-02-18,2026-02-18,FO,NSE,STO,103278,,HCLTECH,,2026-02-24,2026-02-24,1380.0,PE,HCLTECH26FEB1380PE,2.95,5.95,1.65,1.8,1.95,3.05,1467.2,1.8,446600,199150,2858,1384057465.0,1508,F1,350,,,,,
2026-02-18,2026-02-18,FO,NSE,STO,103274,,HCLTECH,,2026-02-24,2026-02-24,1300.0,PE,HCLTECH26FEB1300PE,0.85,1.25,0.55,0.55,0.55,1.0,1467.2,0.55,71050,-10500,332,151165752.5,228,F1,350,,,,,
2026-02-18,2026-02-18,FO,NSE,STO,96600,,HCLTECH,,2026-02-24,2026-02-24,1280.0,PE,HCLTECH26FEB1280PE,0.6,1.0,0.45,0.45,0.45,0.8,1467.2,0.45,34300,-44450,318,142547737.5,120,F1,350,,,,,
2026-02-18,2026-02-18,FO,NSE,STO,96622,,HCLTECH,,2026-02-24,2026-02-24,1600.0,CE,HCLTECH26FEB1600CE,4.0,4.05,1.2,1.25,1.2,3.4,1467.2,1.25,2896600,267400,4927,2761940807.5,2335,F1,350,,,,,
2026-02-18,2026-02-18,FO,NSE,STO,103275,,HCLTECH,,2026-02-24,2026-02-24,1340.0,CE,HCLTECH26FEB1340CE,112.35,124.55,112.35,124.55,124.55,140.8,1467.2,124.55,22050,700,16,8152025.0,13,F1,350,,,,,
2026-02-18,2026-02-18,FO,NSE,STO,96601,,HCLTECH,,2026-02-24,2026-02-24,1320.0,CE,HCLTECH26FEB1320CE,0.0,0.0,0.0,307.85,0.0,307.85,1467.2,148.4,0,0,0,0.0,0,F1,350,,,,,
2026-02-18,2026-02-18,FO,NSE,STF,51891,,HCLTECH,,2026-03-30,2026-03-30,,,HCLTECH26MARFUT,1496.0,1496.0,1449.7,1471.4,1469.2,1489.7,1467.2,1471.4,4034800,2764650,9739,4999480815.0,8565,F1,350,,,,,
2026-02-18,2026-02-18,FO,NSE,STO,103725,,HCLTECH,,2026-03-30,2026-03-30,1520.0,PE,HCLTECH26MAR1520PE,0.0,0.0,0.0,90.0,90.0,90.0,1467.2,71.55,4550,0,0,0.0,0,F1,350,,,,,
2026-02-18,2026-02-18,FO,NSE,STO,114482,,HCLTECH,,2026-04-28,2026-04-28,1880.0,PE,HCLTECH26APR1880PE,0.0,0.0,0.0,176.05,0.0,176.05,1467.2,393.95,0,0,0,0.0,0,F1,350,,,,,
2026-02-18,2026-02-18,FO,NSE,STO,103756,,HCLTECH,,2026-03-30,2026-03-30,2000.0,PE,HCLTECH26MAR2000PE,0.0,0.0,0.0,363.55,0.0,363.55,1467.2,520.8,0,0,0,0.0,0,F1,350,,,,,
2026-02-18,2026-02-18,FO,NSE,STO,114204,,HCLTECH,,2026-03-30,2026-03-30,1740.0,PE,HCLTECH26MAR1740PE,0.0,0.0,0.0,77.85,0.0,77.85,1467.2,263.15,0,0,0,0.0,0,F1,350,,,,,
2026-02-18,2026-02-18,FO,NSE,STO,103738,,HCLTECH,,2026-03-30,2026-03-30,1720.0,PE,HCLTECH26MAR1720PE,0.0,0.0,0.0,136.35,0.0,136.35,1467.2,243.65,0,0,0,0.0,0,F1,350,,,,,
2026-02-18,2026-02-18,FO,NSE,STO,96682,,HCLTECH,,2026-02-24,2026-02-24,1760.0,PE,HCLTECH26FEB1760PE,0.0,0.0,0.0,309.25,309.25,309.25,1467.2,291.2,25550,0,0,0.0,0,F1,350,,,,,
2026-02-18,2026-02-18,FO,NSE,STO,114211,,HCLTECH,,2026-03-30,2026-03-30,1820.0,CE,HCLTECH26MAR1820CE,0.0,0.0,0.0,7.0,7.0,7.0,1467.2,0.15,700,0,0,0.0,0,F1,350,,,,,
2026-02-18,2026-02-18,FO,NSE,STO,96710,,HCLTECH,,2026-02-24,2026-02-24,2000.0,CE,HCLTECH26FEB2000CE,0.0,0.0,0.0,8.55,0.0,8.55,1467.2,0.05,0,0,0,0.0,0,F1,350,,,,,
2026-02-18,2026-02-18,FO,NSE,STO,96658,,HCLTECH,,2026-02-24,2026-02-24,1680.0,CE,HCLTECH26FEB1680CE,0.75,0.75,0.4,0.5,0.5,1.2,1467.2,0.5,290500,-40950,482,283510412.5,350,F1,350,,,,,
2026-02-18,2026-02-18,FO,NSE,STO,96617,,HCLTECH,,2026-02-24,2026-02-24,1560.0,CE,HCLTECH26FEB1560CE,3.9,4.55,1.85,2.1,2.05,5.85,1467.2,2.1,713650,-53200,4274,2337386590.0,2202,F1,350,,,,,
2026-02-18,2026-02-18,FO,NSE,STO,114455,,HCLTECH,,2026-04-28,2026-04-28,1520.0,PE,HCLTECH26APR1520PE,0.0,0.0,0.0,17.4,0.0,17.4,1467.2,81.25,0,0,0,0.0,0,F1,350,,,,,
2026-02-18,2026-02-18,FO,NSE,STO,103284,,HCLTECH,,2026-02-24,2026-02-24,1500.0,PE,HCLTECH26FEB1500PE,44.95,65.9,38.6,43.45,44.55,37.7,1467.2,43.45,384300,-13300,922,500254580.0,815,F1,350,,,,,
2026-02-18,2026-02-18,FO,NSE,STO,103286,,HCLTECH,,2026-02-24,2026-02-24,1540.0,PE,HCLTECH26FEB1540PE,74.15,101.25,74.15,79.8,79.95,67.4,1467.2,79.8,193900,-10150,251,143061362.5,205,F1,350,,,,,
2026-02-18,2026-02-18,FO,NSE,STO,96616,,HCLTECH,,2026-02-24,2026-02-24,1520.0,PE,HCLTECH26FEB1520PE,52.2,82.9,52.2,60.95,61.9,51.7,1467.2,60.95,173600,-3150,250,138717967.5,242,F1,350,,,,,
2026-02-18,2026-02-18,FO,NSE,STO,103293,,HCLTECH,,2026-02-24,2026-02-24,1660.0,PE,HCLTECH26FEB1660PE,192.0,210.0,192.0,196.55,196.6,180.7,1467.2,196.55,145600,-350,5,3251902.5,5,F1,350,,,,,
2026-02-18,2026-02-18,FO,NSE,STO,114213,,HCLTECH,,2026-03-30,2026-03-30,1860.0,CE,HCLTECH26MAR1860CE,0.0,0.0,0.0,12.95,12.95,12.95,1467.2,0.05,700,0,0,0.0,0,F1,350,,,,,
2026-02-18,2026-02-18,FO,NSE,STO,103287,,HCLTECH,,2026-02-24,2026-02-24,1580.0,CE,HCLTECH26FEB1580CE,4.0,4.1,1.4,1.55,1.55,4.1,1467.2,1.55,515200,-668150,4312,2387760865.0,2243,F1,350,,,,,
2026-02-18,2026-02-18,FO,NSE,STO,96609,,HCLTECH,,2026-02-24,2026-02-24,1440.0,CE,HCLTECH26FEB1440CE,41.05,44.9,24.8,34.3,33.5,52.15,1467.2,34.3,210000,53550,1889,973103267.5,1479,F1,350,,,,,
2026-02-18,2026-02-18,FO,NSE,STO,103271,,HCLTECH,,2026-02-24,2026-02-24,1300.0,CE,HCLTECH26FEB1300CE,0.0,0.0,0.0,328.3,0.0,328.3,1467.2,168.4,0,0,0,0.0,0,F1,350,,,,,
2026-02-18,2026-02-18,FO,NSE,STO,103292,,HCLTECH,,2026-02-24,2026-02-24,1660.0,CE,HCLTECH26FEB1660CE,1.1,1.35,0.5,0.65,0.55,1.5,1467.2,0.65,259350,-120750,976,567307615.0,464,F1,350,,,,,
2026-02-18,2026-02-18,FO,NSE,STO,114475,,HCLTECH,,2026-04-28,2026-04-28,1760.0,CE,HCLTECH26APR1760CE,0.0,0.0,0.0,87.3,0.0,87.3,1467.2,3.25,0,0,0,0.0,0,F1,350,,,,,
2026-02-18,2026-02-18,FO,NSE,STO,114200,,HCLTECH,,2026-03-30,2026-03-30,1660.0,PE,HCLTECH26MAR1660PE,192.0,192.0,192.0,192.0,192.0,165.0,1467.2,186.4,4200,-350,1,648200.0,1,F1,350,,,,,
2026-02-18,2026-02-18,FO,NSE,STO,114189,,HCLTECH,,2026-03-30,2026-03-30,1460.0,CE,HCLTECH26MAR1460CE,74.8,74.8,54.0,60.85,61.1,75.65,1467.2,60.85,26950,11900,97,51617685.0,86,F1,350,,,,,
2026-02-18,2026-02-18,FO,NSE,STO,114190,,HCLTECH,,2026-03-30,2026-03-30,1460.0,PE,HCLTECH26MAR1460PE,51.7,61.4,46.9,49.0,49.6,45.5,1467.2,49.0,38850,17150,190,100672442.5,165,F1,350,,,,,
2026-02-18,2026-02-18,FO,NSE,STO,103303,,HCLTECH,,2026-02-24,2026-02-24,1860.0,PE,HCLTECH26FEB1860PE,0.0,0.0,0.0,130.35,127.75,130.35,1467.2,391.1,28000,0,0,0.0,0,F1,350,,,,,
2026-02-18,2026-02-18,FO,NSE,STO,103297,,HCLTECH,,2026-02-24,2026-02-24,1740.0,PE,HCLTECH26FEB1740PE,0.0,0.0,0.0,238.75,238.75,238.75,1467.2,271.25,94500,0,0,0.0,0,F1,350,,,,,
2026-02-18,2026-02-18,FO,NSE,STO,103733,,HCLTECH,,2026-03-30,2026-03-30,1640.0,CE,HCLTECH26MAR1640CE,13.65,13.65,9.0,9.75,9.7,15.1,1467.2,9.75,36050,-5950,131,75642752.5,101,F1,350,,,,,
2026-02-18,2026-02-18,FO,NSE,STO,96661,,HCLTECH,,2026-02-24,2026-02-24,1720.0,PE,HCLTECH26FEB1720PE,0.0,0.0,0.0,234.75,234.75,234.75,1467.2,251.25,158550,0,0,0.0,0,F1,350,,,,,
2026-02-18,2026-02-18,FO,NSE,STO,96618,,HCLTECH,,2026-02-24,2026-02-24,1560.0,PE,HCLTECH26FEB1560PE,102.15,120.95,96.95,101.0,101.0,86.75,1467.2,91.8,205450,11550,95,55658977.5,68,F1,350,,,,,
2026-02-18,2026-02-18,FO,NSE,STO,40186,,HCLTECH,,2026-02-24,2026-02-24,1220.0,PE,HCLTECH26FEB1220PE,0.0,0.0,0.0,0.05,0.0,0.05,1467.2,0.05,0,0,0,0.0,0,F1,350,,,,,
2026-02-18,2026-02-18,FO,NSE,STO,114473,,HCLTECH,,2026-04-28,2026-04-28,1720.0,CE,HCLTECH26APR1720CE,0.0,0.0,0.0,106.4,0.0,106.4,1467.2,5.4,0,0,0,0.0,0,F1,350,,,,,
2026-02-18,2026-02-18,FO,NSE,STO,114471,,HCLTECH,,2026-04-28,2026-04-28,1680.0,CE,HCLTECH26APR1680CE,0.0,0.0,0.0,128.2,0.0,128.2,1467.2,8.7,0,0,0,0.0,0,F1,350,,,,,
2026-02-18,2026-02-18,FO,NSE,STO,114452,,HCLTECH,,2026-04-28,2026-04-28,1480.0,CE,HCLTECH26APR1480CE,0.0,0.0,0.0,274.5,0.0,274.5,1467.2,61.35,0,0,0,0.0,0,F1,350,,,,,
2026-02-18,2026-02-18,FO,NSE,STO,114450,,HCLTECH,,2026-04-28,2026-04-28,1440.0,CE,HCLTECH26APR1440CE,0.0,0.0,0.0,309.7,0.0,309.7,1467.2,82.7,0,0,0,0.0,0,F1,350,,,,,
2026-02-18,2026-02-18,FO,NSE,STO,114391,,HCLTECH,,2026-04-28,2026-04-28,1320.0,CE,HCLTECH26APR1320CE,0.0,0.0,0.0,421.9,0.0,421.9,1467.2,170.05,0,0,0,0.0,0,F1,350,,,,,
2026-02-18,2026-02-18,FO,NSE,STO,114374,,HCLTECH,,2026-04-28,2026-04-28,1240.0,CE,HCLTECH26APR1240CE,0.0,0.0,0.0,499.6,0.0,499.6,1467.2,242.3,0,0,0,0.0,0,F1,350,,,,,
2026-02-18,2026-02-18,FO,NSE,STO,114235,,HCLTECH,,2026-03-30,2026-03-30,1940.0,CE,HCLTECH26MAR1940CE,0.0,0.0,0.0,17.75,0.0,17.75,1467.2,0.05,0,0,0,0.0,0,F1,350,,,,,
2026-02-18,2026-02-18,FO,NSE,STO,114480,,HCLTECH,,2026-04-28,2026-04-28,1840.0,PE,HCLTECH26APR1840PE,0.0,0.0,0.0,148.4,0.0,148.4,1467.2,354.85,0,0,0,0.0,0,F1,350,,,,,
2026-02-18,2026-02-18,FO,NSE,STO,114236,,HCLTECH,,2026-03-30,2026-03-30,1940.0,PE,HCLTECH26MAR1940PE,0.0,0.0,0.0,217.25,0.0,217.25,1467.2,461.15,0,0,0,0.0,0,F1,350,,,,,
2026-02-18,2026-02-18,FO,NSE,STF,59343,,HCLTECH,,2026-02-24,2026-02-24,,,HCLTECH26FEBFUT,1479.0,1479.0,1440.6,1464.5,1463.6,1480.6,1467.2,1464.5,19265050,-1208200,17071,8711125745.0,14727,F1,350,,,,,
2026-02-18,2026-02-18,FO,NSE,STO,96603,,HCLTECH,,2026-02-24,2026-02-24,1360.0,CE,HCLTECH26FEB1360CE,110.95,112.8,85.95,100.15,100.15,119.2,1467.2,108.5,16450,3150,43,21976430.0,34,F1,350,,,,,
2026-02-18,2026-02-18,FO,NSE,STO,103298,,HCLTECH,,2026-02-24,2026-02-24,1780.0,CE,HCLTECH26FEB1780CE,0.3,0.3,0.15,0.15,0.15,0.5,1467.2,0.15,59850,-6300,100,62306702.5,35,F1,350,,,,,
2026-02-18,2026-02-18,FO,NSE,STO,96697,,HCLTECH,,2026-02-24,2026-02-24,1920.0,CE,HCLTECH26FEB1920CE,0.25,0.25,0.1,0.1,0.1,0.35,1467.2,0.05,35000,-87850,354,237901352.5,33,F1,350,,,,,
2026-02-18,2026-02-18,FO,NSE,STO,103336,,HCLTECH,,2026-02-24,2026-02-24,1980.0,CE,HCLTECH26FEB1980CE,0.0,0.0,0.0,2.95,0.0,2.95,1467.2,0.05,0,0,0,0.0,0,F1,350,,,,,
2026-02-18,2026-02-18,FO,NSE,STO,114464,,HCLTECH,,2026-04-28,2026-04-28,1640.0,CE,HCLTECH26APR1640CE,0.0,0.0,0.0,152.65,0.0,152.65,1467.2,13.65,0,0,0,0.0,0,F1,350,,,,,
2026-02-18,2026-02-18,FO,NSE,STO,96596,,HCLTECH,,2026-02-24,2026-02-24,1200.0,PE,HCLTECH26FEB1200PE,0.25,0.55,0.25,0.3,0.3,0.35,1467.2,0.3,10150,-1050,62,26048767.5,30,F1,350,,,,,
2026-02-18,2026-02-18,FO,NSE,STO,103291,,HCLTECH,,2026-02-24,2026-02-24,1620.0,PE,HCLTECH26FEB1620PE,0.0,0.0,0.0,137.65,137.65,137.65,1467.2,151.35,494900,0,0,0.0,0,F1,350,,,,,
2026-02-18,2026-02-18,FO,NSE,STO,103299,,HCLTECH,,2026-02-24,2026-02-24,1780.0,PE,HCLTECH26FEB1780PE,0.0,0.0,0.0,364.9,364.9,364.9,1467.2,311.2,7000,0,0,0.0,0,F1,350,,,,,
2026-02-18,2026-02-18,FO,NSE,STO,96686,,HCLTECH,,2026-02-24,2026-02-24,1840.0,PE,HCLTECH26FEB1840PE,0.0,0.0,0.0,163.8,163.8,163.8,1467.2,371.15,5250,0,0,0.0,0,F1,350,,,,,
2026-02-18,2026-02-18,FO,NSE,STO,114196,,HCLTECH,,2026-03-30,2026-03-30,1580.0,PE,HCLTECH26MAR1580PE,120.0,143.0,120.0,127.0,127.0,115.0,1467.2,115.9,5950,1050,6,3591350.0,6,F1,350,,,,,
2026-02-18,2026-02-18,FO,NSE,STO,114392,,HCLTECH,,2026-04-28,2026-04-28,1320.0,PE,HCLTECH26APR1320PE,0.0,0.0,0.0,1.5,0.0,1.5,1467.2,9.2,0,0,0,0.0,0,F1,350,,,,,
2026-02-18,2026-02-18,FO,NSE,STO,103736,,HCLTECH,,2026-03-30,2026-03-30,1680.0,PE,HCLTECH26MAR1680PE,0.0,0.0,0.0,111.5,0.0,111.5,1467.2,205.2,0,0,0,0.0,0,F1,350,,,,,
2026-02-18,2026-02-18,FO,NSE,STO,96604,,HCLTECH,,2026-02-24,2026-02-24,1360.0,PE,HCLTECH26FEB1360PE,2.05,3.7,1.1,1.2,1.25,2.1,1467.2,1.2,219800,128100,1627,775579752.5,873,F1,350,,,,,
2026-02-18,2026-02-18,FO,NSE,STO,103270,,HCLTECH,,2026-02-24,2026-02-24,1260.0,PE,HCLTECH26FEB1260PE,0.25,0.8,0.25,0.8,0.8,0.7,1467.2,0.05,1750,0,2,882367.5,2,F1,350,,,,,
2026-02-18,2026-02-18,FO,NSE,STO,114487,,HCLTECH,,2026-04-28,2026-04-28,1960.0,CE,HCLTECH26APR1960CE,0.0,0.0,0.0,27.45,0.0,27.45,1467.2,0.15,0,0,0,0.0,0,F1,350,,,,,
2026-02-18,2026-02-18,FO,NSE,STO,114265,,HCLTECH,,2026-03-30,2026-03-30,2020.0,CE,HCLTECH26MAR2020CE,0.0,0.0,0.0,8.8,0.0,8.8,1467.2,0.05,0,0,0,0.0,0,F1,350,,,,,
2026-02-18,2026-02-18,FO,NSE,STO,114237,,HCLTECH,,2026-03-30,2026-03-30,1980.0,CE,HCLTECH26MAR1980CE,0.0,0.0,0.0,12.6,0.0,12.6,1467.2,0.05,0,0,0,0.0,0,F1,350,,,,,
2026-02-18,2026-02-18,FO,NSE,STO,103285,,HCLTECH,,2026-02-24,2026-02-24,1540.0,CE,HCLTECH26FEB1540CE,8.35,8.35,2.5,2.95,2.9,8.35,1467.2,2.95,987000,63700,5024,2714464532.5,2693,F1,350,,,,,
2026-02-18,2026-02-18,FO,NSE,STO,40185,,HCLTECH,,2026-02-24,2026-02-24,1220.0,CE,HCLTECH26FEB1220CE,0.0,0.0,0.0,480.4,0.0,480.4,1467.2,248.3,0,0,0,0.0,0,F1,350,,,,,
2026-02-18,2026-02-18,FO,NSE,STF,66844,,HCLTECH,,2026-04-28,2026-04-28,,,HCLTECH26APRFUT,1475.1,1486.2,1455.0,1475.6,1474.0,1492.9,1467.2,1475.6,243250,15050,108,55513185.0,105,F1,350,,,,,
2026-02-18,2026-02-18,FO,NSE,STO,114476,,HCLTECH,,2026-04-28,2026-04-28,1760.0,PE,HCLTECH26APR1760PE,0.0,0.0,0.0,100.15,0.0,100.15,1467.2,277.85,0,0,0,0.0,0,F1,350,,,,,
2026-02-18,2026-02-18,FO,NSE,STO,114470,,HCLTECH,,2026-04-28,2026-04-28,1640.0,PE,HCLTECH26APR1640PE,0.0,0.0,0.0,47.3,0.0,47.3,1467.2,169.5,0,0,0,0.0,0,F1,350,,,,,
2026-02-18,2026-02-18,FO,NSE,STO,114435,,HCLTECH,,2026-04-28,2026-04-28,1360.0,PE,HCLTECH26APR1360PE,0.0,0.0,0.0,2.7,0.0,2.7,1467.2,16.2,0,0,0,0.0,0,F1,350,,,,,
2026-02-18,2026-02-18,FO,NSE,STO,103748,,HCLTECH,,2026-03-30,2026-03-30,1920.0,PE,HCLTECH26MAR1920PE,0.0,0.0,0.0,291.65,0.0,291.65,1467.2,441.3,0,0,0,0.0,0,F1,350,,,,,
2026-02-18,2026-02-18,FO,NSE,STO,96684,,HCLTECH,,2026-02-24,2026-02-24,1800.0,PE,HCLTECH26FEB1800PE,338.0,338.0,338.0,338.0,338.0,322.1,1467.2,331.15,32550,0,2,1496600.0,1,F1,350,,,,,
2026-02-18,2026-02-18,FO,NSE,STO,103746,,HCLTECH,,2026-03-30,2026-03-30,1880.0,PE,HCLTECH26MAR1880PE,0.0,0.0,0.0,257.3,0.0,257.3,1467.2,401.55,0,0,0,0.0,0,F1,350,,,,,
2026-02-18,2026-02-18,FO,NSE,STO,114483,,HCLTECH,,2026-04-28,2026-04-28,1920.0,CE,HCLTECH26APR1920CE,0.0,0.0,0.0,35.45,0.0,35.45,1467.2,0.35,0,0,0,0.0,0,F1,350,,,,,
2026-02-18,2026-02-18,FO,NSE,STO,103735,,HCLTECH,,2026-03-30,2026-03-30,1680.0,CE,HCLTECH26MAR1680CE,7.5,7.5,6.05,6.1,6.1,12.5,1467.2,2.5,5950,3500,13,7673172.5,13,F1,350,,,,,
2026-02-18,2026-02-18,FO,NSE,STO,114191,,HCLTECH,,2026-03-30,2026-03-30,1500.0,CE,HCLTECH26MAR1500CE,54.0,54.0,37.8,42.55,42.4,55.3,1467.2,42.55,259000,80150,550,297231427.5,389,F1,350,,,,,
2026-02-18,2026-02-18,FO,NSE,STO,103475,,HCLTECH,,2026-03-30,2026-03-30,1360.0,CE,HCLTECH26MAR1360CE,0.0,0.0,0.0,106.4,106.4,106.4,1467.2,123.75,2100,0,0,0.0,0,F1,350,,,,,
2026-02-18,2026-02-18,FO,NSE,STO,103311,,HCLTECH,,2026-02-24,2026-02-24,1940.0,CE,HCLTECH26FEB1940CE,0.0,0.0,0.0,4.55,0.0,4.55,1467.2,0.05,0,0,0,0.0,0,F1,350,,,,,
2026-02-18,2026-02-18,FO,NSE,STO,103304,,HCLTECH,,2026-02-24,2026-02-24,1900.0,CE,HCLTECH26FEB1900CE,0.1,0.15,0.1,0.1,0.1,0.5,1467.2,0.05,4550,-2100,17,11305700.0,10,F1,350,,,,,
2026-02-18,2026-02-18,FO,NSE,STO,103302,,HCLTECH,,2026-02-24,2026-02-24,1860.0,CE,HCLTECH26FEB1860CE,0.25,0.25,0.15,0.15,0.15,0.3,1467.2,0.05,52850,-8050,42,27345395.0,39,F1,350,,,,,
2026-02-18,2026-02-18,FO,NSE,STO,114198,,HCLTECH,,2026-03-30,2026-03-30,1620.0,PE,HCLTECH26MAR1620PE,0.0,0.0,0.0,132.0,132.0,132.0,1467.2,149.95,2450,0,0,0.0,0,F1,350,,,,,
2026-02-18,2026-02-18,FO,NSE,STO,103752,,HCLTECH,,2026-03-30,2026-03-30,1960.0,PE,HCLTECH26MAR1960PE,0.0,0.0,0.0,327.15,0.0,327.15,1467.2,481.05,0,0,0,0.0,0,F1,350,,,,,
2026-02-18,2026-02-18,FO,NSE,STO,114451,,HCLTECH,,2026-04-28,2026-04-28,1440.0,PE,HCLTECH26APR1440PE,0.0,0.0,0.0,7.45,0.0,7.45,1467.2,40.6,0,0,0,0.0,0,F1,350,,,,,
2026-02-18,2026-02-18,FO,NSE,STO,96685,,HCLTECH,,2026-02-24,2026-02-24,1840.0,CE,HCLTECH26FEB1840CE,0.3,0.3,0.15,0.2,0.2,0.35,1467.2,0.05,45850,-10150,96,61833362.5,64,F1,350,,,,,
2026-02-18,2026-02-18,FO,NSE,STO,103300,,HCLTECH,,2026-02-24,2026-02-24,1820.0,CE,HCLTECH26FEB1820CE,0.3,0.55,0.2,0.2,0.2,0.3,1467.2,0.05,42350,-3850,29,18475590.0,17,F1,350,,,,,
2026-02-18,2026-02-18,FO,NSE,STO,103279,,HCLTECH,,2026-02-24,2026-02-24,1420.0,CE,HCLTECH26FEB1420CE,53.0,53.75,36.85,49.7,48.4,67.3,1467.2,49.7,48650,3850,364,186738317.5,326,F1,350,,,,,
2026-02-18,2026-02-18,FO,NSE,STO,114372,,HCLTECH,,2026-04-28,2026-04-28,1200.0,CE,HCLTECH26APR1200CE,0.0,0.0,0.0,538.75,0.0,538.75,1467.2,280.6,0,0,0,0.0,0,F1,350,,,,,
2026-02-18,2026-02-18,FO,NSE,STO,103654,,HCLTECH,,2026-03-30,2026-03-30,1360.0,PE,HCLTECH26MAR1360PE,18.8,25.0,16.75,17.15,17.85,17.7,1467.2,17.15,109900,-11900,191,92233592.5,140,F1,350,,,,,
2026-02-18,2026-02-18,FO,NSE,STO,103448,,HCLTECH,,2026-03-30,2026-03-30,1280.0,PE,HCLTECH26MAR1280PE,10.2,10.2,8.3,8.35,8.35,10.2,1467.2,1.45,10850,350,8,3609112.5,8,F1,350,,,,,
2026-02-18,2026-02-18,FO,NSE,STO,103305,,HCLTECH,,2026-02-24,2026-02-24,1900.0,PE,HCLTECH26FEB1900PE,0.0,0.0,0.0,274.2,0.0,274.2,1467.2,431.1,0,0,0,0.0,0,F1,350,,,,,
2026-02-18,2026-02-18,FO,NSE,STO,103301,,HCLTECH,,2026-02-24,2026-02-24,1820.0,PE,HCLTECH26FEB1820PE,0.0,0.0,0.0,155.25,155.25,155.25,1467.2,351.15,1400,0,0,0.0,0,F1,350,,,,,
2026-02-18,2026-02-18,FO,NSE,STO,96653,,HCLTECH,,2026-02-24,2026-02-24,1640.0,PE,HCLTECH26FEB1640PE,0.0,0.0,0.0,156.5,156.5,156.5,1467.2,171.3,225050,0,0,0.0,0,F1,350,,,,,
2026-02-18,2026-02-18,FO,NSE,STO,114209,,HCLTECH,,2026-03-30,2026-03-30,1780.0,CE,HCLTECH26MAR1780CE,0.0,0.0,0.0,4.0,4.0,4.0,1467.2,0.35,4200,0,0,0.0,0,F1,350,,,,,
2026-02-18,2026-02-18,FO,NSE,STO,114199,,HCLTECH,,2026-03-30,2026-03-30,1660.0,CE,HCLTECH26MAR1660CE,9.95,9.95,7.2,7.45,7.45,12.45,1467.2,3.55,32550,-3850,207,120846880.0,154,F1,350,,,,,
2026-02-18,2026-02-18,FO,NSE,STO,114185,,HCLTECH,,2026-03-30,2026-03-30,1420.0,CE,HCLTECH26MAR1420CE,0.0,0.0,0.0,317.55,0.0,317.55,1467.2,78.2,0,0,0,0.0,0,F1,350,,,,,
2026-02-18,2026-02-18,FO,NSE,STO,114183,,HCLTECH,,2026-03-30,2026-03-30,1380.0,CE,HCLTECH26MAR1380CE,0.0,0.0,0.0,105.35,105.35,105.35,1467.2,107.5,350,0,0,0.0,0,F1,350,,,,,
2026-02-18,2026-02-18,FO,NSE,STO,96681,,HCLTECH,,2026-02-24,2026-02-24,1760.0,CE,HCLTECH26FEB1760CE,0.35,0.35,0.2,0.2,0.2,0.55,1467.2,0.2,599900,-31850,366,225489530.0,136,F1,350,,,,,
2026-02-18,2026-02-18,FO,NSE,STO,96660,,HCLTECH,,2026-02-24,2026-02-24,1720.0,CE,HCLTECH26FEB1720CE,0.8,0.8,0.4,0.45,0.45,0.9,1467.2,0.45,373800,-82950,537,323367800.0,374,F1,350,,,,,
2026-02-18,2026-02-18,FO,NSE,STO,96595,,HCLTECH,,2026-02-24,2026-02-24,1200.0,CE,HCLTECH26FEB1200CE,0.0,0.0,0.0,420.45,0.0,420.45,1467.2,268.3,0,0,0,0.0,0,F1,350,,,,,
2026-02-18,2026-02-18,FO,NSE,STO,114486,,HCLTECH,,2026-04-28,2026-04-28,1920.0,PE,HCLTECH26APR1920PE,0.0,0.0,0.0,205.85,0.0,205.85,1467.2,433.25,0,0,0,0.0,0,F1,350,,,,,
2026-02-18,2026-02-18,FO,NSE,STO,114478,,HCLTECH,,2026-04-28,2026-04-28,1800.0,PE,HCLTECH26APR1800PE,0.0,0.0,0.0,123.05,0.0,123.05,1467.2,316.1,0,0,0,0.0,0,F1,350,,,,,
2026-02-18,2026-02-18,FO,NSE,STO,114462,,HCLTECH,,2026-04-28,2026-04-28,1600.0,PE,HCLTECH26APR1600PE,0.0,0.0,0.0,35.05,0.0,35.05,1467.2,137.1,0,0,0,0.0,0,F1,350,,,,,
2026-02-18,2026-02-18,FO,NSE,STO,114214,,HCLTECH,,2026-03-30,2026-03-30,1860.0,PE,HCLTECH26MAR1860PE,0.0,0.0,0.0,153.9,0.0,153.9,1467.2,381.7,0,0,0,0.0,0,F1,350,,,,,
2026-02-18,2026-02-18,FO,NSE,STO,103660,,HCLTECH,,2026-03-30,2026-03-30,1440.0,PE,HCLTECH26MAR1440PE,45.0,53.2,38.0,40.25,40.25,38.15,1467.2,40.25,51800,11550,71,36870925.0,49,F1,350,,,,,
2026-02-18,2026-02-18,FO,NSE,STO,103658,,HCLTECH,,2026-03-30,2026-03-30,1400.0,PE,HCLTECH26MAR1400PE,26.55,36.4,25.45,26.85,27.45,26.1,1467.2,26.85,137200,35700,730,365274105.0,499,F1,350,,,,,
2026-02-18,2026-02-18,FO,NSE,STO,103295,,HCLTECH,,2026-02-24,2026-02-24,1700.0,PE,HCLTECH26FEB1700PE,239.0,244.0,233.0,233.0,233.0,220.5,1467.2,231.25,230300,-700,10,6771712.5,4,F1,350,,,,,
2026-02-18,2026-02-18,FO,NSE,STO,103282,,HCLTECH,,2026-02-24,2026-02-24,1460.0,PE,HCLTECH26FEB1460PE,23.4,36.1,17.1,17.95,19.25,17.6,1467.2,17.95,350700,52850,4847,2517747505.0,3826,F1,350,,,,,
2026-02-18,2026-02-18,FO,NSE,STO,96610,,HCLTECH,,2026-02-24,2026-02-24,1440.0,PE,HCLTECH26FEB1440PE,14.6,24.75,9.95,10.5,11.0,11.1,1467.2,10.5,531650,-79100,8766,4468641625.0,6233,F1,350,,,,,
2026-02-18,2026-02-18,FO,NSE,STO,96608,,HCLTECH,,2026-02-24,2026-02-24,1400.0,PE,HCLTECH26FEB1400PE,3.8,9.9,2.9,3.2,3.55,4.45,1467.2,3.2,572600,106400,5071,2494624772.5,3363,F1,350,,,,,
2026-02-18,2026-02-18,FO,NSE,STO,114481,,HCLTECH,,2026-04-28,2026-04-28,1880.0,CE,HCLTECH26APR1880CE,0.0,0.0,0.0,45.05,0.0,45.05,1467.2,0.6,0,0,0,0.0,0,F1,350,,,,,
2026-02-18,2026-02-18,FO,NSE,STO,114460,,HCLTECH,,2026-04-28,2026-04-28,1600.0,CE,HCLTECH26APR1600CE,0.0,0.0,0.0,179.75,0.0,179.75,1467.2,20.85,0,0,0,0.0,0,F1,350,,,,,
2026-02-18,2026-02-18,FO,NSE,STO,103737,,HCLTECH,,2026-03-30,2026-03-30,1720.0,CE,HCLTECH26MAR1720CE,0.0,0.0,0.0,7.5,7.5,7.5,1467.2,1.2,5950,0,0,0.0,0,F1,350,,,,,
2026-02-18,2026-02-18,FO,NSE,STO,103659,,HCLTECH,,2026-03-30,2026-03-30,1440.0,CE,HCLTECH26MAR1440CE,71.15,73.3,67.75,72.55,72.8,100.35,1467.2,72.55,13300,9450,53,28037940.0,49,F1,350,,,,,
2026-02-18,2026-02-18,FO,NSE,STO,40194,,HCLTECH,,2026-03-30,2026-03-30,1220.0,CE,HCLTECH26MAR1220CE,0.0,0.0,0.0,487.8,0.0,487.8,1467.2,254.8,0,0,0,0.0,0,F1,350,,,,,
2026-02-18,2026-02-18,FO,NSE,STO,103294,,HCLTECH,,2026-02-24,2026-02-24,1700.0,CE,HCLTECH26FEB1700CE,0.75,0.8,0.4,0.55,0.45,1.05,1467.2,0.55,917000,-115500,1062,632109257.5,527,F1,350,,,,,
2026-02-18,2026-02-18,FO,NSE,STO,103290,,HCLTECH,,2026-02-24,2026-02-24,1620.0,CE,HCLTECH26FEB1620CE,2.55,2.55,0.45,0.95,0.9,2.55,1467.2,0.95,657650,-231350,2554,1449070507.5,1016,F1,350,,,,,
2026-02-18,2026-02-18,FO,NSE,STO,103672,,HCLTECH,,2026-03-30,2026-03-30,1480.0,CE,HCLTECH26MAR1480CE,64.65,64.65,46.35,51.65,51.25,64.65,1467.2,51.65,18900,5950,94,50403990.0,71,F1,350,,,,,
2026-02-18,2026-02-18,FO,NSE,STO,114474,,HCLTECH,,2026-04-28,2026-04-28,1720.0,PE,HCLTECH26APR1720PE,0.0,0.0,0.0,80.0,80.0,80.0,1467.2,240.4,350,0,0,0.0,0,F1,350,,,,,
2026-02-18,2026-02-18,FO,NSE,STO,114267,,HCLTECH,,2026-03-30,2026-03-30,2020.0,PE,HCLTECH26MAR2020PE,0.0,0.0,0.0,287.45,0.0,287.45,1467.2,540.65,0,0,0,0.0,0,F1,350,,,,,
2026-02-18,2026-02-18,FO,NSE,STO,114178,,HCLTECH,,2026-03-30,2026-03-30,1260.0,PE,HCLTECH26MAR1260PE,7.0,9.0,5.9,5.9,5.9,5.75,1467.2,5.9,29400,-5250,78,34592600.0,62,F1,350,,,,,
2026-02-18,2026-02-18,FO,NSE,STO,103276,,HCLTECH,,2026-02-24,2026-02-24,1340.0,PE,HCLTECH26FEB1340PE,1.5,2.35,0.7,0.75,0.8,1.45,1467.2,0.75,166950,19950,684,321118630.0,437,F1,350,,,,,
2026-02-18,2026-02-18,FO,NSE,STO,114456,,HCLTECH,,2026-04-28,2026-04-28,1560.0,CE,HCLTECH26APR1560CE,0.0,0.0,0.0,209.2,0.0,209.2,1467.2,30.8,0,0,0,0.0,0,F1,350,,,,,
2026-02-18,2026-02-18,FO,NSE,STO,103749,,HCLTECH,,2026-03-30,2026-03-30,1960.0,CE,HCLTECH26MAR1960CE,0.0,0.0,0.0,5.0,5.0,5.0,1467.2,0.05,1400,0,0,0.0,0,F1,350,,,,,
2026-02-18,2026-02-18,FO,NSE,STO,103745,,HCLTECH,,2026-03-30,2026-03-30,1880.0,CE,HCLTECH26MAR1880CE,0.0,0.0,0.0,1.5,1.5,1.5,1467.2,0.05,12600,0,0,0.0,0,F1,350,,,,,
2026-02-18,2026-02-18,FO,NSE,STO,103431,,HCLTECH,,2026-03-30,2026-03-30,1240.0,CE,HCLTECH26MAR1240CE,0.0,0.0,0.0,395.15,0.0,395.15,1467.2,235.15,0,0,0,0.0,0,F1,350,,,,,
2026-02-18,2026-02-18,FO,NSE,STO,103433,,HCLTECH,,2026-03-30,2026-03-30,1280.0,CE,HCLTECH26MAR1280CE,0.0,0.0,0.0,357.05,0.0,357.05,1467.2,196.35,0,0,0,0.0,0,F1,350,,,,,
2026-02-18,2026-02-18,FO,NSE,STO,114212,,HCLTECH,,2026-03-30,2026-03-30,1820.0,PE,HCLTECH26MAR1820PE,0.0,0.0,0.0,125.65,0.0,125.65,1467.2,342.0,0,0,0,0.0,0,F1,350,,,,,
2026-02-18,2026-02-18,FO,NSE,STO,114376,,HCLTECH,,2026-04-28,2026-04-28,1240.0,PE,HCLTECH26APR1240PE,0.0,0.0,0.0,0.4,0.0,0.4,1467.2,2.3,0,0,0,0.0,0,F1,350,,,,,
2026-02-18,2026-02-18,FO,NSE,STO,114472,,HCLTECH,,2026-04-28,2026-04-28,1680.0,PE,HCLTECH26APR1680PE,0.0,0.0,0.0,62.25,0.0,62.25,1467.2,204.15,0,0,0,0.0,0,F1,350,,,,,
2026-02-18,2026-02-18,FO,NSE,STO,114181,,HCLTECH,,2026-03-30,2026-03-30,1340.0,CE,HCLTECH26MAR1340CE,0.0,0.0,0.0,394.8,0.0,394.8,1467.2,140.95,0,0,0,0.0,0,F1,350,,,,,
2026-02-18,2026-02-18,FO,NSE,STO,114193,,HCLTECH,,2026-03-30,2026-03-30,1540.0,CE,HCLTECH26MAR1540CE,33.65,34.25,26.0,28.8,28.7,38.9,1467.2,28.8,43400,23100,155,85111792.5,142,F1,350,,,,,
2026-02-18,2026-02-18,FO,NSE,STO,103731,,HCLTECH,,2026-03-30,2026-03-30,1600.0,CE,HCLTECH26MAR1600CE,18.05,20.35,13.8,15.2,15.2,22.25,1467.2,15.2,304500,39900,758,428636985.0,535,F1,350,,,,,
2026-02-18,2026-02-18,FO,NSE,STO,114203,,HCLTECH,,2026-03-30,2026-03-30,1740.0,CE,HCLTECH26MAR1740CE,4.2,4.2,2.95,3.15,3.15,5.55,1467.2,0.8,5250,2100,16,9762602.5,16,F1,350,,,,,
2026-02-18,2026-02-18,FO,NSE,STO,103753,,HCLTECH,,2026-03-30,2026-03-30,2000.0,CE,HCLTECH26MAR2000CE,0.0,0.0,0.0,8.35,0.0,8.35,1467.2,0.05,0,0,0,0.0,0,F1,350,,,,,
2026-02-18,2026-02-18,FO,NSE,STO,114430,,HCLTECH,,2026-04-28,2026-04-28,1360.0,CE,HCLTECH26APR1360CE,0.0,0.0,0.0,383.7,0.0,383.7,1467.2,137.45,0,0,0,0.0,0,F1,350,,,,,
2026-02-18,2026-02-18,FO,NSE,STO,114436,,HCLTECH,,2026-04-28,2026-04-28,1400.0,CE,HCLTECH26APR1400CE,0.0,0.0,0.0,346.2,0.0,346.2,1467.2,108.15,0,0,0,0.0,0,F1,350,,,,,
2026-02-18,2026-02-18,FO,NSE,STO,114454,,HCLTECH,,2026-04-28,2026-04-28,1520.0,CE,HCLTECH26APR1520CE,0.0,0.0,0.0,240.9,0.0,240.9,1467.2,44.15,0,0,0,0.0,0,F1,350,,,,,
2026-02-18,2026-02-18,FO,NSE,STO,114477,,HCLTECH,,2026-04-28,2026-04-28,1800.0,CE,HCLTECH26APR1800CE,9.7,9.7,9.7,9.7,9.7,9.7,1467.2,1.9,1050,0,1,633395.0,1,F1,350,,,,,
2026-02-18,2026-02-18,FO,NSE,STO,114479,,HCLTECH,,2026-04-28,2026-04-28,1840.0,CE,HCLTECH26APR1840CE,0.0,0.0,0.0,56.8,0.0,56.8,1467.2,1.1,0,0,0,0.0,0,F1,350,,,,,
2026-02-18,2026-02-18,FO,NSE,STO,114489,,HCLTECH,,2026-04-28,2026-04-28,2000.0,CE,HCLTECH26APR2000CE,0.0,0.0,0.0,21.1,0.0,21.1,1467.2,0.1,0,0,0,0.0,0,F1,350,,,,,
2026-02-18,2026-02-18,FO,NSE,STO,96612,,HCLTECH,,2026-02-24,2026-02-24,1480.0,PE,HCLTECH26FEB1480PE,34.8,48.15,26.1,29.1,30.55,26.35,1467.2,29.1,148400,-84350,2784,1476909297.5,2433,F1,350,,,,,
2026-02-18,2026-02-18,FO,NSE,STO,103288,,HCLTECH,,2026-02-24,2026-02-24,1580.0,PE,HCLTECH26FEB1580PE,110.15,140.6,110.15,117.9,118.0,103.5,1467.2,117.9,151900,-2100,113,67203745.0,88,F1,350,,,,,
2026-02-18,2026-02-18,FO,NSE,STO,96696,,HCLTECH,,2026-02-24,2026-02-24,1880.0,PE,HCLTECH26FEB1880PE,0.0,0.0,0.0,324.0,324.0,324.0,1467.2,411.1,14000,0,0,0.0,0,F1,350,,,,,
2026-02-18,2026-02-18,FO,NSE,STO,96701,,HCLTECH,,2026-02-24,2026-02-24,1960.0,CE,HCLTECH26FEB1960CE,0.25,0.25,0.1,0.1,0.1,0.3,1467.2,0.05,21000,-1400,5,3430280.0,5,F1,350,,,,,
2026-02-18,2026-02-18,FO,NSE,STO,103296,,HCLTECH,,2026-02-24,2026-02-24,1740.0,CE,HCLTECH26FEB1740CE,0.5,0.55,0.25,0.3,0.25,0.7,1467.2,0.3,286300,-96600,510,310658652.5,196,F1,350,,,,,
2026-02-18,2026-02-18,FO,NSE,STO,96652,,HCLTECH,,2026-02-24,2026-02-24,1640.0,CE,HCLTECH26FEB1640CE,1.7,1.7,0.6,0.65,0.65,1.9,1467.2,0.65,879200,-94150,1500,861459795.0,974,F1,350,,,,,
2026-02-18,2026-02-18,FO,NSE,STO,96615,,HCLTECH,,2026-02-24,2026-02-24,1520.0,CE,HCLTECH26FEB1520CE,8.9,10.45,3.85,4.6,4.5,12.5,1467.2,4.6,601650,230300,5030,2686004020.0,3358,F1,350,,,,,
2026-02-18,2026-02-18,FO,NSE,STO,96607,,HCLTECH,,2026-02-24,2026-02-24,1400.0,CE,HCLTECH26FEB1400CE,74.1,77.0,50.8,67.2,67.05,84.6,1467.2,67.2,75250,-8750,212,108494487.5,196,F1,350,,,,,
2026-02-18,2026-02-18,FO,NSE,STO,96597,,HCLTECH,,2026-02-24,2026-02-24,1240.0,CE,HCLTECH26FEB1240CE,0.0,0.0,0.0,382.15,0.0,382.15,1467.2,228.3,0,0,0,0.0,0,F1,350,,,,,
2026-02-18,2026-02-18,FO,NSE,STO,103673,,HCLTECH,,2026-03-30,2026-03-30,1480.0,PE,HCLTECH26MAR1480PE,57.2,74.0,56.65,58.55,58.5,51.65,1467.2,58.55,54950,-700,24,12979330.0,19,F1,350,,,,,
2026-02-18,2026-02-18,FO,NSE,STO,114192,,HCLTECH,,2026-03-30,2026-03-30,1500.0,PE,HCLTECH26MAR1500PE,68.0,85.0,66.0,69.2,70.0,64.45,1467.2,69.2,100450,7000,104,57320935.0,89,F1,350,,,,,
2026-02-18,2026-02-18,FO,NSE,STO,103742,,HCLTECH,,2026-03-30,2026-03-30,1800.0,PE,HCLTECH26MAR1800PE,0.0,0.0,0.0,295.0,295.0,295.0,1467.2,322.2,350,0,0,0.0,0,F1,350,,,,,
2026-02-18,2026-02-18,FO,NSE,STO,103429,,HCLTECH,,2026-03-30,2026-03-30,1200.0,CE,HCLTECH26MAR1200CE,0.0,0.0,0.0,261.0,261.0,261.0,1467.2,274.55,1750,0,0,0.0,0,F1,350,,,,,
2026-02-18,2026-02-18,FO,NSE,STO,103743,,HCLTECH,,2026-03-30,2026-03-30,1840.0,CE,HCLTECH26MAR1840CE,0.0,0.0,0.0,1.9,1.9,1.9,1467.2,0.1,6300,0,0,0.0,0,F1,350,,,,,
2026-02-18,2026-02-18,FO,NSE,STO,103674,,HCLTECH,,2026-03-30,2026-03-30,1520.0,CE,HCLTECH26MAR1520CE,46.5,46.5,32.9,34.8,34.8,46.7,1467.2,34.8,23450,3150,72,39202485.0,61,F1,350,,,,,
2026-02-18,2026-02-18,FO,NSE,STO,103473,,HCLTECH,,2026-03-30,2026-03-30,1320.0,CE,HCLTECH26MAR1320CE,0.0,0.0,0.0,319.8,0.0,319.8,1467.2,158.9,0,0,0,0.0,0,F1,350,,,,,
2026-02-18,2026-02-18,FO,NSE,STO,96695,,HCLTECH,,2026-02-24,2026-02-24,1880.0,CE,HCLTECH26FEB1880CE,0.2,0.25,0.1,0.1,0.1,0.3,1467.2,0.05,214900,-2100,82,53961442.5,77,F1,350,,,,,
2026-02-18,2026-02-18,FO,NSE,STO,103281,,HCLTECH,,2026-02-24,2026-02-24,1460.0,CE,HCLTECH26FEB1460CE,29.2,34.65,16.0,22.25,22.0,38.35,1467.2,22.25,320950,141750,4723,2450679700.0,3860,F1,350,,,,,
2026-02-18,2026-02-18,FO,NSE,STO,103269,,HCLTECH,,2026-02-24,2026-02-24,1260.0,CE,HCLTECH26FEB1260CE,0.0,0.0,0.0,367.35,0.0,367.35,1467.2,208.35,0,0,0,0.0,0,F1,350,,,,,
2026-02-18,2026-02-18,FO,NSE,STO,114215,,HCLTECH,,2026-03-30,2026-03-30,1900.0,CE,HCLTECH26MAR1900CE,0.0,0.0,0.0,1.85,1.85,1.85,1467.2,0.05,4200,0,0,0.0,0,F1,350,,,,,
2026-02-18,2026-02-18,FO,NSE,STO,114379,,HCLTECH,,2026-04-28,2026-04-28,1280.0,CE,HCLTECH26APR1280CE,0.0,0.0,0.0,460.6,0.0,460.6,1467.2,205.25,0,0,0,0.0,0,F1,350,,,,,
2026-02-18,2026-02-18,FO,NSE,STO,109949,,JUBLFOOD,,2026-02-24,2026-02-24,600.0,PE,JUBLFOOD26FEB600PE,73.0,73.0,73.0,73.0,73.0,69.45,524.05,75.4,96250,-2500,2,1682500.0,2,F1,1250,,,,,
2026-02-18,2026-02-18,FO,NSE,STO,123762,,JUBLFOOD,,2026-02-24,2026-02-24,590.0,PE,JUBLFOOD26FEB590PE,0.0,0.0,0.0,60.65,60.65,60.65,524.05,65.4,20000,0,0,0.0,0,F1,1250,,,,,
2026-02-18,2026-02-18,FO,NSE,STO,109943,,JUBLFOOD,,2026-02-24,2026-02-24,560.0,PE,JUBLFOOD26FEB560PE,31.25,37.2,29.4,36.1,36.1,31.3,524.05,35.7,236250,-45000,63,46798437.5,57,F1,1250,,,,,
2026-02-18,2026-02-18,FO,NSE,STO,123737,,JUBLFOOD,,2026-02-24,2026-02-24,535.0,PE,JUBLFOOD26FEB535PE,12.7,14.05,11.9,12.55,13.1,11.6,524.05,12.55,155000,-2500,32,21904187.5,29,F1,1250,,,,,
2026-02-18,2026-02-18,FO,NSE,STO,123723,,JUBLFOOD,,2026-02-24,2026-02-24,490.0,PE,JUBLFOOD26FEB490PE,0.75,0.75,0.4,0.45,0.45,0.8,524.05,0.45,370000,-37500,64,39243375.0,55,F1,1250,,,,,
2026-02-18,2026-02-18,FO,NSE,STO,109933,,JUBLFOOD,,2026-02-24,2026-02-24,460.0,PE,JUBLFOOD26FEB460PE,0.25,0.25,0.15,0.15,0.15,0.35,524.05,0.15,136250,-16250,16,9203125.0,9,F1,1250,,,,,
2026-02-18,2026-02-18,FO,NSE,STO,132069,,JUBLFOOD,,2026-04-28,2026-04-28,450.0,CE,JUBLFOOD26APR450CE,0.0,0.0,0.0,58.1,0.0,58.1,524.05,81.0,0,0,0,0.0,0,F1,1250,,,,,
2026-02-18,2026-02-18,FO,NSE,STO,124015,,JUBLFOOD,,2026-03-30,2026-03-30,630.0,CE,JUBLFOOD26MAR630CE,0.0,0.0,0.0,15.35,0.0,15.35,524.05,0.5,0,0,0,0.0,0,F1,1250,,,,,
2026-02-18,2026-02-18,FO,NSE,STO,123982,,JUBLFOOD,,2026-03-30,2026-03-30,620.0,CE,JUBLFOOD26MAR620CE,0.0,0.0,0.0,17.75,0.0,17.75,524.05,0.75,0,0,0,0.0,0,F1,1250,,,,,
2026-02-18,2026-02-18,FO,NSE,STO,131991,,JUBLFOOD,,2026-03-30,2026-03-30,595.0,CE,JUBLFOOD26MAR595CE,0.0,0.0,0.0,2.75,0.0,2.75,524.05,2.15,0,0,0,0.0,0,F1,1250,,,,,
2026-02-18,2026-02-18,FO,NSE,STO,131882,,JUBLFOOD,,2026-03-30,2026-03-30,525.0,CE,JUBLFOOD26MAR525CE,16.75,16.75,16.45,16.55,16.45,14.25,524.05,16.55,7500,7500,10,6768937.5,9,F1,1250,,,,,
2026-02-18,2026-02-18,FO,NSE,STO,123895,,JUBLFOOD,,2026-03-30,2026-03-30,410.0,CE,JUBLFOOD26MAR410CE,0.0,0.0,0.0,155.15,0.0,155.15,524.05,116.55,0,0,0,0.0,0,F1,1250,,,,,
2026-02-18,2026-02-18,FO,NSE,STO,123761,,JUBLFOOD,,2026-02-24,2026-02-24,590.0,CE,JUBLFOOD26FEB590CE,0.45,0.5,0.2,0.2,0.2,0.5,524.05,0.2,306250,-30000,128,94443375.0,66,F1,1250,,,,,
2026-02-18,2026-02-18,FO,NSE,STO,109904,,JUBLFOOD,,2026-02-24,2026-02-24,400.0,CE,JUBLFOOD26FEB400CE,0.0,0.0,0.0,199.3,0.0,199.3,524.05,124.4,0,0,0,0.0,0,F1,1250,,,,,
2026-02-18,2026-02-18,FO,NSE,STO,131979,,JUBLFOOD,,2026-03-30,2026-03-30,575.0,CE,JUBLFOOD26MAR575CE,4.25,4.25,4.25,4.25,4.25,6.3,524.05,4.5,3750,1250,2,1448125.0,2,F1,1250,,,,,
2026-02-18,2026-02-18,FO,NSE,STO,123919,,JUBLFOOD,,2026-03-30,2026-03-30,520.0,CE,JUBLFOOD26MAR520CE,20.15,20.9,17.85,19.2,19.0,23.75,524.05,19.2,46250,40000,51,34373937.5,38,F1,1250,,,,,
2026-02-18,2026-02-18,FO,NSE,STO,123911,,JUBLFOOD,,2026-03-30,2026-03-30,480.0,CE,JUBLFOOD26MAR480CE,0.0,0.0,0.0,50.55,50.55,50.55,524.05,50.5,23750,0,0,0.0,0,F1,1250,,,,,
2026-02-18,2026-02-18,FO,NSE,STO,123724,,JUBLFOOD,,2026-02-24,2026-02-24,495.0,CE,JUBLFOOD26FEB495CE,35.5,35.6,30.2,30.2,30.2,41.0,524.05,30.2,95000,-5000,8,5286375.0,8,F1,1250,,,,,
2026-02-18,2026-02-18,FO,NSE,STO,123722,,JUBLFOOD,,2026-02-24,2026-02-24,490.0,CE,JUBLFOOD26FEB490CE,35.0,36.55,34.45,35.75,35.3,40.6,524.05,35.75,232500,-1250,10,6563500.0,9,F1,1250,,,,,
2026-02-18,2026-02-18,FO,NSE,STO,123704,,JUBLFOOD,,2026-02-24,2026-02-24,450.0,CE,JUBLFOOD26FEB450CE,0.0,0.0,0.0,60.0,60.0,60.0,524.05,74.45,3750,0,0,0.0,0,F1,1250,,,,,
2026-02-18,2026-02-18,FO,NSE,STO,131875,,JUBLFOOD,,2026-03-30,2026-03-30,485.0,PE,JUBLFOOD26MAR485PE,0.0,0.0,0.0,22.05,0.0,22.05,524.05,4.45,0,0,0,0.0,0,F1,1250,,,,,
2026-02-18,2026-02-18,FO,NSE,STO,132090,,JUBLFOOD,,2026-04-28,2026-04-28,550.0,PE,JUBLFOOD26APR550PE,0.0,0.0,0.0,21.65,21.65,21.65,524.05,36.8,1250,0,0,0.0,0,F1,1250,,,,,
2026-02-18,2026-02-18,FO,NSE,STO,132080,,JUBLFOOD,,2026-04-28,2026-04-28,500.0,PE,JUBLFOOD26APR500PE,0.0,0.0,0.0,33.95,0.0,33.95,524.05,12.35,0,0,0,0.0,0,F1,1250,,,,,
2026-02-18,2026-02-18,FO,NSE,STO,132070,,JUBLFOOD,,2026-04-28,2026-04-28,450.0,PE,JUBLFOOD26APR450PE,0.0,0.0,0.0,12.9,0.0,12.9,524.05,2.3,0,0,0,0.0,0,F1,1250,,,,,
2026-02-18,2026-02-18,FO,NSE,STO,132060,,JUBLFOOD,,2026-04-28,2026-04-28,400.0,PE,JUBLFOOD26APR400PE,0.0,0.0,0.0,3.15,0.0,3.15,524.05,0.15,0,0,0,0.0,0,F1,1250,,,,,
2026-02-18,2026-02-18,FO,NSE,STO,123981,,JUBLFOOD,,2026-03-30,2026-03-30,610.0,PE,JUBLFOOD26MAR610PE,0.0,0.0,0.0,72.5,72.5,72.5,524.05,83.45,8750,0,0,0.0,0,F1,1250,,,,,
2026-02-18,2026-02-18,FO,NSE,STO,131993,,JUBLFOOD,,2026-03-30,2026-03-30,605.0,CE,JUBLFOOD26MAR605CE,0.0,0.0,0.0,2.1,0.0,2.1,524.05,1.45,0,0,0,0.0,0,F1,1250,,,,,
2026-02-18,2026-02-18,FO,NSE,STO,131980,,JUBLFOOD,,2026-03-30,2026-03-30,575.0,PE,JUBLFOOD26MAR575PE,0.0,0.0,0.0,85.25,0.0,85.25,524.05,52.0,0,0,0,0.0,0,F1,1250,,,,,
2026-02-18,2026-02-18,FO,NSE,STO,123918,,JUBLFOOD,,2026-03-30,2026-03-30,510.0,PE,JUBLFOOD26MAR510PE,12.0,15.5,12.0,14.5,14.5,14.75,524.05,14.5,8750,7500,7,4590000.0,7,F1,1250,,,,,
2026-02-18,2026-02-18,FO,NSE,STO,131867,,JUBLFOOD,,2026-03-30,2026-03-30,445.0,PE,JUBLFOOD26MAR445PE,0.0,0.0,0.0,7.95,0.0,7.95,524.05,0.55,0,0,0,0.0,0,F1,1250,,,,,
2026-02-18,2026-02-18,FO,NSE,STO,132073,,JUBLFOOD,,2026-04-28,2026-04-28,470.0,CE,JUBLFOOD26APR470CE,0.0,0.0,0.0,45.35,0.0,45.35,524.05,63.8,0,0,0,0.0,0,F1,1250,,,,,
2026-02-18,2026-02-18,FO,NSE,STO,131975,,JUBLFOOD,,2026-03-30,2026-03-30,555.0,CE,JUBLFOOD26MAR555CE,0.0,0.0,0.0,7.4,0.0,7.4,524.05,8.7,0,0,0,0.0,0,F1,1250,,,,,
2026-02-18,2026-02-18,FO,NSE,STO,109950,,JUBLFOOD,,2026-02-24,2026-02-24,620.0,CE,JUBLFOOD26FEB620CE,0.1,0.1,0.05,0.1,0.05,0.15,524.05,0.1,285000,-6250,62,48055625.0,23,F1,1250,,,,,
2026-02-18,2026-02-18,FO,NSE,STO,123777,,JUBLFOOD,,2026-02-24,2026-02-24,615.0,CE,JUBLFOOD26FEB615CE,0.15,0.15,0.15,0.15,0.15,0.25,524.05,0.05,180000,0,4,3075750.0,2,F1,1250,,,,,
2026-02-18,2026-02-18,FO,NSE,STO,109942,,JUBLFOOD,,2026-02-24,2026-02-24,560.0,CE,JUBLFOOD26FEB560CE,1.5,1.75,0.6,0.7,0.7,1.75,524.05,0.7,996250,-212500,970,680134312.5,676,F1,1250,,,,,
2026-02-18,2026-02-18,FO,NSE,STO,132103,,JUBLFOOD,,2026-04-28,2026-04-28,620.0,CE,JUBLFOOD26APR620CE,0.0,0.0,0.0,3.5,0.0,3.5,524.05,2.95,0,0,0,0.0,0,F1,1250,,,,,
2026-02-18,2026-02-18,FO,NSE,STO,131865,,JUBLFOOD,,2026-03-30,2026-03-30,435.0,PE,JUBLFOOD26MAR435PE,0.0,0.0,0.0,5.8,0.0,5.8,524.05,0.25,0,0,0,0.0,0,F1,1250,,,,,
2026-02-18,2026-02-18,FO,NSE,STO,123727,,JUBLFOOD,,2026-02-24,2026-02-24,505.0,PE,JUBLFOOD26FEB505PE,1.45,1.75,1.2,1.2,1.2,1.85,524.05,1.2,127500,-6250,61,38613750.0,59,F1,1250,,,,,
2026-02-18,2026-02-18,FO,NSE,STO,132083,,JUBLFOOD,,2026-04-28,2026-04-28,520.0,CE,JUBLFOOD26APR520CE,0.0,0.0,0.0,22.0,0.0,22.0,524.05,29.7,0,0,0,0.0,0,F1,1250,,,,,
2026-02-18,2026-02-18,FO,NSE,STO,123927,,JUBLFOOD,,2026-03-30,2026-03-30,560.0,CE,JUBLFOOD26MAR560CE,8.1,8.55,5.75,6.15,6.15,8.5,524.05,6.15,153750,43750,135,95660750.0,101,F1,1250,,,,,
2026-02-18,2026-02-18,FO,NSE,STO,123925,,JUBLFOOD,,2026-03-30,2026-03-30,550.0,CE,JUBLFOOD26MAR550CE,11.0,11.25,7.6,8.3,8.25,10.9,524.05,8.3,368750,91250,182,127162625.0,141,F1,1250,,,,,
2026-02-18,2026-02-18,FO,NSE,STO,123742,,JUBLFOOD,,2026-02-24,2026-02-24,555.0,CE,JUBLFOOD26FEB555CE,2.0,2.2,0.8,0.9,0.9,2.3,524.05,0.9,380000,-73750,213,148069875.0,150,F1,1250,,,,,
2026-02-18,2026-02-18,FO,NSE,STO,123708,,JUBLFOOD,,2026-02-24,2026-02-24,465.0,CE,JUBLFOOD26FEB465CE,0.0,0.0,0.0,33.75,33.75,33.75,524.05,59.45,6250,0,0,0.0,0,F1,1250,,,,,
2026-02-18,2026-02-18,FO,NSE,STO,123692,,JUBLFOOD,,2026-02-24,2026-02-24,410.0,CE,JUBLFOOD26FEB410CE,0.0,0.0,0.0,152.25,0.0,152.25,524.05,114.4,0,0,0,0.0,0,F1,1250,,,,,
2026-02-18,2026-02-18,FO,NSE,STO,123945,,JUBLFOOD,,2026-03-30,2026-03-30,600.0,CE,JUBLFOOD26MAR600CE,3.1,3.1,1.8,2.0,2.0,3.0,524.05,2.0,593750,93750,180,135495562.5,130,F1,1250,,,,,
2026-02-18,2026-02-18,FO,NSE,STO,132084,,JUBLFOOD,,2026-04-28,2026-04-28,520.0,PE,JUBLFOOD26APR520PE,0.0,0.0,0.0,45.75,0.0,45.75,524.05,20.3,0,0,0,0.0,0,F1,1250,,,,,
2026-02-18,2026-02-18,FO,NSE,STO,123952,,JUBLFOOD,,2026-03-30,2026-03-30,600.0,PE,JUBLFOOD26MAR600PE,77.95,77.95,77.95,77.95,77.95,76.45,524.05,74.1,113750,1250,1,847437.5,1,F1,1250,,,,,
2026-02-18,2026-02-18,FO,NSE,STO,123932,,JUBLFOOD,,2026-03-30,2026-03-30,570.0,PE,JUBLFOOD26MAR570PE,0.0,0.0,0.0,49.9,49.9,49.9,524.05,47.9,6250,0,0,0.0,0,F1,1250,,,,,
2026-02-18,2026-02-18,FO,NSE,STO,131978,,JUBLFOOD,,2026-03-30,2026-03-30,565.0,PE,JUBLFOOD26MAR565PE,0.0,0.0,0.0,76.6,0.0,76.6,524.05,43.9,0,0,0,0.0,0,F1,1250,,,,,
2026-02-18,2026-02-18,FO,NSE,STO,123920,,JUBLFOOD,,2026-03-30,2026-03-30,520.0,PE,JUBLFOOD26MAR520PE,17.0,20.45,17.0,19.3,19.85,19.3,524.05,19.3,71250,57500,81,54565375.0,55,F1,1250,,,,,
2026-02-18,2026-02-18,FO,NSE,STO,123910,,JUBLFOOD,,2026-03-30,2026-03-30,470.0,PE,JUBLFOOD26MAR470PE,4.25,4.4,3.85,4.05,4.4,4.25,524.05,4.05,35000,10000,11,6518125.0,8,F1,1250,,,,,
2026-02-18,2026-02-18,FO,NSE,STO,123745,,JUBLFOOD,,2026-02-24,2026-02-24,565.0,PE,JUBLFOOD26FEB565PE,38.3,40.3,37.8,39.65,39.65,37.05,524.05,39.65,118750,-21250,35,26416750.0,34,F1,1250,,,,,
2026-02-18,2026-02-18,FO,NSE,STO,132085,,JUBLFOOD,,2026-04-28,2026-04-28,530.0,CE,JUBLFOOD26APR530CE,0.0,0.0,0.0,18.75,0.0,18.75,524.05,24.7,0,0,0,0.0,0,F1,1250,,,,,
2026-02-18,2026-02-18,FO,NSE,STO,123941,,JUBLFOOD,,2026-03-30,2026-03-30,580.0,CE,JUBLFOOD26MAR580CE,4.45,4.45,3.25,3.35,3.3,5.1,524.05,3.35,98750,38750,63,45967625.0,48,F1,1250,,,,,
2026-02-18,2026-02-18,FO,NSE,STO,132067,,JUBLFOOD,,2026-04-28,2026-04-28,440.0,CE,JUBLFOOD26APR440CE,0.0,0.0,0.0,65.2,0.0,65.2,524.05,90.1,0,0,0,0.0,0,F1,1250,,,,,
2026-02-18,2026-02-18,FO,NSE,STO,132071,,JUBLFOOD,,2026-04-28,2026-04-28,460.0,CE,JUBLFOOD26APR460CE,0.0,0.0,0.0,51.45,0.0,51.45,524.05,72.2,0,0,0,0.0,0,F1,1250,,,,,
2026-02-18,2026-02-18,FO,NSE,STO,132091,,JUBLFOOD,,2026-04-28,2026-04-28,560.0,CE,JUBLFOOD26APR560CE,0.0,0.0,0.0,11.2,0.0,11.2,524.05,13.35,0,0,0,0.0,0,F1,1250,,,,,
2026-02-18,2026-02-18,FO,NSE,STO,132095,,JUBLFOOD,,2026-04-28,2026-04-28,580.0,CE,JUBLFOOD26APR580CE,0.0,0.0,0.0,7.75,0.0,7.75,524.05,8.4,0,0,0,0.0,0,F1,1250,,,,,
2026-02-18,2026-02-18,FO,NSE,STO,123721,,JUBLFOOD,,2026-02-24,2026-02-24,485.0,PE,JUBLFOOD26FEB485PE,0.4,0.4,0.4,0.4,0.4,0.6,524.05,0.1,87500,-1250,1,606750.0,1,F1,1250,,,,,
2026-02-18,2026-02-18,FO,NSE,STO,109937,,JUBLFOOD,,2026-02-24,2026-02-24,500.0,PE,JUBLFOOD26FEB500PE,1.25,1.45,0.75,0.9,1.0,1.4,524.05,0.9,667500,-35000,264,165331375.0,212,F1,1250,,,,,
2026-02-18,2026-02-18,FO,NSE,STO,123729,,JUBLFOOD,,2026-02-24,2026-02-24,510.0,PE,JUBLFOOD26FEB510PE,2.4,2.8,1.7,1.85,2.0,2.55,524.05,1.85,326250,-25000,284,181811875.0,261,F1,1250,,,,,
2026-02-18,2026-02-18,FO,NSE,STO,123735,,JUBLFOOD,,2026-02-24,2026-02-24,530.0,PE,JUBLFOOD26FEB530PE,8.05,11.4,7.3,9.2,9.9,9.0,524.05,9.2,333750,-6250,290,195422187.5,277,F1,1250,,,,,
2026-02-18,2026-02-18,FO,NSE,STO,123776,,JUBLFOOD,,2026-02-24,2026-02-24,610.0,PE,JUBLFOOD26FEB610PE,83.1,85.9,83.1,84.25,84.35,81.1,524.05,84.25,33750,-3750,14,12156375.0,7,F1,1250,,,,,
2026-02-18,2026-02-18,FO,NSE,STO,123778,,JUBLFOOD,,2026-02-24,2026-02-24,615.0,PE,JUBLFOOD26FEB615PE,0.0,0.0,0.0,62.45,0.0,62.45,524.05,90.4,0,0,0,0.0,0,F1,1250,,,,,
2026-02-18,2026-02-18,FO,NSE,STO,109992,,JUBLFOOD,,2026-02-24,2026-02-24,640.0,PE,JUBLFOOD26FEB640PE,113.0,113.0,113.0,113.0,113.0,110.4,524.05,115.35,25000,0,3,2823750.0,1,F1,1250,,,,,
2026-02-18,2026-02-18,FO,NSE,STO,123914,,JUBLFOOD,,2026-03-30,2026-03-30,490.0,PE,JUBLFOOD26MAR490PE,8.4,9.0,7.9,8.0,8.0,7.95,524.05,5.45,15000,1250,4,2491625.0,4,F1,1250,,,,,
2026-02-18,2026-02-18,FO,NSE,STO,123928,,JUBLFOOD,,2026-03-30,2026-03-30,560.0,PE,JUBLFOOD26MAR560PE,46.0,47.0,46.0,47.0,47.0,44.35,524.05,40.05,22500,5000,4,3032500.0,2,F1,1250,,,,,
2026-02-18,2026-02-18,FO,NSE,STO,131994,,JUBLFOOD,,2026-03-30,2026-03-30,605.0,PE,JUBLFOOD26MAR605PE,0.0,0.0,0.0,112.45,0.0,112.45,524.05,78.75,0,0,0,0.0,0,F1,1250,,,,,
2026-02-18,2026-02-18,FO,NSE,STO,132066,,JUBLFOOD,,2026-04-28,2026-04-28,430.0,PE,JUBLFOOD26APR430PE,0.0,0.0,0.0,7.8,0.0,7.8,524.05,0.9,0,0,0,0.0,0,F1,1250,,,,,
2026-02-18,2026-02-18,FO,NSE,STO,123700,,JUBLFOOD,,2026-02-24,2026-02-24,435.0,CE,JUBLFOOD26FEB435CE,0.0,0.0,0.0,104.2,104.2,104.2,524.05,89.45,3750,0,0,0.0,0,F1,1250,,,,,
2026-02-18,2026-02-18,FO,NSE,STO,109934,,JUBLFOOD,,2026-02-24,2026-02-24,480.0,CE,JUBLFOOD26FEB480CE,0.0,0.0,0.0,50.95,50.95,50.95,524.05,44.5,67500,0,0,0.0,0,F1,1250,,,,,
2026-02-18,2026-02-18,FO,NSE,STO,109936,,JUBLFOOD,,2026-02-24,2026-02-24,500.0,CE,JUBLFOOD26FEB500CE,31.6,32.6,24.65,26.15,26.2,31.1,524.05,26.15,291250,-10000,21,13851187.5,20,F1,1250,,,,,
2026-02-18,2026-02-18,FO,NSE,STO,123732,,JUBLFOOD,,2026-02-24,2026-02-24,525.0,CE,JUBLFOOD26FEB525CE,8.0,9.4,6.1,7.0,6.5,11.35,524.05,7.0,188750,80000,519,345066000.0,329,F1,1250,,,,,
2026-02-18,2026-02-18,FO,NSE,STO,123784,,JUBLFOOD,,2026-02-24,2026-02-24,630.0,CE,JUBLFOOD26FEB630CE,0.1,0.1,0.1,0.1,0.1,0.1,524.05,0.05,186250,-1250,16,12602000.0,8,F1,1250,,,,,
2026-02-18,2026-02-18,FO,NSE,STO,123903,,JUBLFOOD,,2026-03-30,2026-03-30,450.0,CE,JUBLFOOD26MAR450CE,0.0,0.0,0.0,118.0,0.0,118.0,524.05,77.5,0,0,0,0.0,0,F1,1250,,,,,
2026-02-18,2026-02-18,FO,NSE,STO,131868,,JUBLFOOD,,2026-03-30,2026-03-30,455.0,CE,JUBLFOOD26MAR455CE,0.0,0.0,0.0,48.7,0.0,48.7,524.05,72.75,0,0,0,0.0,0,F1,1250,,,,,
2026-02-18,2026-02-18,FO,NSE,STO,123906,,JUBLFOOD,,2026-03-30,2026-03-30,460.0,CE,JUBLFOOD26MAR460CE,0.0,0.0,0.0,109.2,0.0,109.2,524.05,68.1,0,0,0,0.0,0,F1,1250,,,,,
2026-02-18,2026-02-18,FO,NSE,STO,123915,,JUBLFOOD,,2026-03-30,2026-03-30,500.0,CE,JUBLFOOD26MAR500CE,29.5,30.85,29.5,30.8,30.85,35.7,524.05,30.8,22500,2500,4,2651375.0,4,F1,1250,,,,,
2026-02-18,2026-02-18,FO,NSE,STO,123943,,JUBLFOOD,,2026-03-30,2026-03-30,590.0,CE,JUBLFOOD26MAR590CE,2.75,2.75,2.4,2.55,2.5,27.15,524.05,2.55,33750,33750,30,22225562.5,13,F1,1250,,,,,
2026-02-18,2026-02-18,FO,NSE,STO,124046,,JUBLFOOD,,2026-03-30,2026-03-30,640.0,CE,JUBLFOOD26MAR640CE,0.0,0.0,0.0,1.0,1.0,1.0,524.05,0.3,26250,0,0,0.0,0,F1,1250,,,,,
2026-02-18,2026-02-18,FO,NSE,STO,132064,,JUBLFOOD,,2026-04-28,2026-04-28,420.0,PE,JUBLFOOD26APR420PE,0.0,0.0,0.0,5.9,0.0,5.9,524.05,0.55,0,0,0,0.0,0,F1,1250,,,,,
2026-02-18,2026-02-18,FO,NSE,STO,132076,,JUBLFOOD,,2026-04-28,2026-04-28,480.0,PE,JUBLFOOD26APR480PE,0.0,0.0,0.0,24.05,0.0,24.05,524.05,6.85,0,0,0,0.0,0,F1,1250,,,,,
2026-02-18,2026-02-18,FO,NSE,STO,132082,,JUBLFOOD,,2026-04-28,2026-04-28,510.0,PE,JUBLFOOD26APR510PE,0.0,0.0,0.0,39.6,0.0,39.6,524.05,16.0,0,0,0,0.0,0,F1,1250,,,,,
2026-02-18,2026-02-18,FO,NSE,STO,132098,,JUBLFOOD,,2026-04-28,2026-04-28,590.0,PE,JUBLFOOD26APR590PE,0.0,0.0,0.0,99.05,0.0,99.05,524.05,66.4,0,0,0,0.0,0,F1,1250,,,,,
2026-02-18,2026-02-18,FO,NSE,STO,123706,,JUBLFOOD,,2026-02-24,2026-02-24,455.0,CE,JUBLFOOD26FEB455CE,0.0,0.0,0.0,108.9,0.0,108.9,524.05,69.45,0,0,0,0.0,0,F1,1250,,,,,
2026-02-18,2026-02-18,FO,NSE,STO,123728,,JUBLFOOD,,2026-02-24,2026-02-24,510.0,CE,JUBLFOOD26FEB510CE,18.8,19.0,15.95,15.95,15.95,26.2,524.05,16.7,120000,-7500,16,10548500.0,16,F1,1250,,,,,
2026-02-18,2026-02-18,FO,NSE,STO,123712,,JUBLFOOD,,2026-02-24,2026-02-24,470.0,CE,JUBLFOOD26FEB470CE,0.0,0.0,0.0,81.5,81.5,81.5,524.05,54.5,3750,0,0,0.0,0,F1,1250,,,,,
2026-02-18,2026-02-18,FO,NSE,STO,123730,,JUBLFOOD,,2026-02-24,2026-02-24,515.0,CE,JUBLFOOD26FEB515CE,13.8,14.25,12.6,12.6,12.6,22.05,524.05,12.6,101250,0,8,5285187.5,8,F1,1250,,,,,
2026-02-18,2026-02-18,FO,NSE,STO,123734,,JUBLFOOD,,2026-02-24,2026-02-24,530.0,CE,JUBLFOOD26FEB530CE,8.0,9.65,4.25,4.75,4.5,8.8,524.05,4.75,722500,178750,1290,863867125.0,1037,F1,1250,,,,,
2026-02-18,2026-02-18,FO,NSE,STO,123759,,JUBLFOOD,,2026-02-24,2026-02-24,585.0,CE,JUBLFOOD26FEB585CE,0.35,0.35,0.25,0.25,0.25,0.65,524.05,0.25,63750,-5000,22,16096062.5,17,F1,1250,,,,,
2026-02-18,2026-02-18,FO,NSE,STO,123767,,JUBLFOOD,,2026-02-24,2026-02-24,595.0,CE,JUBLFOOD26FEB595CE,0.0,0.0,0.0,0.65,0.65,0.65,524.05,0.05,70000,0,0,0.0,0,F1,1250,,,,,
2026-02-18,2026-02-18,FO,NSE,STO,131870,,JUBLFOOD,,2026-03-30,2026-03-30,465.0,CE,JUBLFOOD26MAR465CE,0.0,0.0,0.0,42.0,0.0,42.0,524.05,63.55,0,0,0,0.0,0,F1,1250,,,,,
2026-02-18,2026-02-18,FO,NSE,STO,131880,,JUBLFOOD,,2026-03-30,2026-03-30,515.0,CE,JUBLFOOD26MAR515CE,21.45,21.45,21.45,21.45,21.45,17.45,524.05,25.45,1250,1250,1,670562.5,1,F1,1250,,,,,
2026-02-18,2026-02-18,FO,NSE,STO,123931,,JUBLFOOD,,2026-03-30,2026-03-30,570.0,CE,JUBLFOOD26MAR570CE,5.6,5.6,4.25,4.25,4.25,6.2,524.05,5.35,43750,12500,30,21547500.0,16,F1,1250,,,,,
2026-02-18,2026-02-18,FO,NSE,STO,131995,,JUBLFOOD,,2026-03-30,2026-03-30,615.0,CE,JUBLFOOD26MAR615CE,0.0,0.0,0.0,3.0,3.0,3.0,524.05,0.95,3750,0,0,0.0,0,F1,1250,,,,,
2026-02-18,2026-02-18,FO,NSE,STO,132077,,JUBLFOOD,,2026-04-28,2026-04-28,490.0,CE,JUBLFOOD26APR490CE,0.0,0.0,0.0,34.55,0.0,34.55,524.05,48.45,0,0,0,0.0,0,F1,1250,,,,,
2026-02-18,2026-02-18,FO,NSE,STO,123713,,JUBLFOOD,,2026-02-24,2026-02-24,470.0,PE,JUBLFOOD26FEB470PE,0.25,0.3,0.2,0.25,0.25,0.4,524.05,0.25,136250,-12500,34,19985812.5,16,F1,1250,,,,,
2026-02-18,2026-02-18,FO,NSE,STO,109941,,JUBLFOOD,,2026-02-24,2026-02-24,540.0,PE,JUBLFOOD26FEB540PE,16.55,19.25,15.0,16.7,17.55,14.8,524.05,16.7,403750,-56250,109,75879000.0,91,F1,1250,,,,,
2026-02-18,2026-02-18,FO,NSE,STO,131873,,JUBLFOOD,,2026-03-30,2026-03-30,475.0,PE,JUBLFOOD26MAR475PE,0.0,0.0,0.0,17.6,0.0,17.6,524.05,2.8,0,0,0,0.0,0,F1,1250,,,,,
2026-02-18,2026-02-18,FO,NSE,STO,123924,,JUBLFOOD,,2026-03-30,2026-03-30,540.0,PE,JUBLFOOD26MAR540PE,31.1,31.95,30.55,31.15,31.15,29.55,524.05,31.15,72500,7500,14,9994875.0,10,F1,1250,,,,,
2026-02-18,2026-02-18,FO,NSE,STO,131972,,JUBLFOOD,,2026-03-30,2026-03-30,545.0,PE,JUBLFOOD26MAR545PE,0.0,0.0,0.0,60.25,0.0,60.25,524.05,29.4,0,0,0,0.0,0,F1,1250,,,,,
2026-02-18,2026-02-18,FO,NSE,STO,131996,,JUBLFOOD,,2026-03-30,2026-03-30,615.0,PE,JUBLFOOD26MAR615PE,0.0,0.0,0.0,121.85,0.0,121.85,524.05,88.2,0,0,0,0.0,0,F1,1250,,,,,
2026-02-18,2026-02-18,FO,NSE,STO,109911,,JUBLFOOD,,2026-02-24,2026-02-24,440.0,PE,JUBLFOOD26FEB440PE,0.1,0.1,0.1,0.1,0.1,0.3,524.05,0.05,65000,-5000,4,2200500.0,2,F1,1250,,,,,
2026-02-18,2026-02-18,FO,NSE,STO,123701,,JUBLFOOD,,2026-02-24,2026-02-24,435.0,PE,JUBLFOOD26FEB435PE,0.0,0.0,0.0,0.6,0.0,0.6,524.05,0.05,0,0,0,0.0,0,F1,1250,,,,,
2026-02-18,2026-02-18,FO,NSE,STO,132093,,JUBLFOOD,,2026-04-28,2026-04-28,570.0,CE,JUBLFOOD26APR570CE,0.0,0.0,0.0,9.35,0.0,9.35,524.05,10.65,0,0,0,0.0,0,F1,1250,,,,,
2026-02-18,2026-02-18,FO,NSE,STO,132081,,JUBLFOOD,,2026-04-28,2026-04-28,510.0,CE,JUBLFOOD26APR510CE,0.0,0.0,0.0,25.75,0.0,25.75,524.05,35.35,0,0,0,0.0,0,F1,1250,,,,,
2026-02-18,2026-02-18,FO,NSE,STO,132075,,JUBLFOOD,,2026-04-28,2026-04-28,480.0,CE,JUBLFOOD26APR480CE,0.0,0.0,0.0,39.7,0.0,39.7,524.05,55.9,0,0,0,0.0,0,F1,1250,,,,,
2026-02-18,2026-02-18,FO,NSE,STO,109996,,JUBLFOOD,,2026-02-24,2026-02-24,680.0,PE,JUBLFOOD26FEB680PE,152.9,152.9,152.9,152.9,152.9,145.4,524.05,155.35,36250,0,1,1041125.0,1,F1,1250,,,,,
2026-02-18,2026-02-18,FO,NSE,STO,123894,,JUBLFOOD,,2026-03-30,2026-03-30,400.0,PE,JUBLFOOD26MAR400PE,0.0,0.0,0.0,0.5,0.0,0.5,524.05,0.05,0,0,0,0.0,0,F1,1250,,,,,
2026-02-18,2026-02-18,FO,NSE,STO,123896,,JUBLFOOD,,2026-03-30,2026-03-30,410.0,PE,JUBLFOOD26MAR410PE,0.0,0.0,0.0,0.75,0.0,0.75,524.05,0.05,0,0,0,0.0,0,F1,1250,,,,,
2026-02-18,2026-02-18,FO,NSE,STO,123900,,JUBLFOOD,,2026-03-30,2026-03-30,430.0,PE,JUBLFOOD26MAR430PE,1.1,1.1,1.1,1.1,1.1,1.15,524.05,0.2,13750,1250,1,538875.0,1,F1,1250,,,,,
2026-02-18,2026-02-18,FO,NSE,STO,131869,,JUBLFOOD,,2026-03-30,2026-03-30,455.0,PE,JUBLFOOD26MAR455PE,0.0,0.0,0.0,10.6,0.0,10.6,524.05,1.0,0,0,0,0.0,0,F1,1250,,,,,
2026-02-18,2026-02-18,FO,NSE,STO,123922,,JUBLFOOD,,2026-03-30,2026-03-30,530.0,PE,JUBLFOOD26MAR530PE,21.85,26.0,21.85,24.0,24.0,24.25,524.05,20.45,67500,13750,27,18714312.5,27,F1,1250,,,,,
2026-02-18,2026-02-18,FO,NSE,STO,132072,,JUBLFOOD,,2026-04-28,2026-04-28,460.0,PE,JUBLFOOD26APR460PE,0.0,0.0,0.0,16.1,0.0,16.1,524.05,3.4,0,0,0,0.0,0,F1,1250,,,,,
2026-02-18,2026-02-18,FO,NSE,STO,132063,,JUBLFOOD,,2026-04-28,2026-04-28,420.0,CE,JUBLFOOD26APR420CE,0.0,0.0,0.0,80.65,0.0,80.65,524.05,108.95,0,0,0,0.0,0,F1,1250,,,,,
2026-02-18,2026-02-18,FO,NSE,STO,132059,,JUBLFOOD,,2026-04-28,2026-04-28,400.0,CE,JUBLFOOD26APR400CE,0.0,0.0,0.0,97.6,0.0,97.6,524.05,128.35,0,0,0,0.0,0,F1,1250,,,,,
2026-02-18,2026-02-18,FO,NSE,STO,131872,,JUBLFOOD,,2026-03-30,2026-03-30,475.0,CE,JUBLFOOD26MAR475CE,0.0,0.0,0.0,35.9,0.0,35.9,524.05,54.7,0,0,0,0.0,0,F1,1250,,,,,
2026-02-18,2026-02-18,FO,NSE,STO,123908,,JUBLFOOD,,2026-03-30,2026-03-30,470.0,CE,JUBLFOOD26MAR470CE,0.0,0.0,0.0,100.7,0.0,100.7,524.05,59.1,0,0,0,0.0,0,F1,1250,,,,,
2026-02-18,2026-02-18,FO,NSE,STO,123893,,JUBLFOOD,,2026-03-30,2026-03-30,400.0,CE,JUBLFOOD26MAR400CE,0.0,0.0,0.0,164.75,0.0,164.75,524.05,126.45,0,0,0,0.0,0,F1,1250,,,,,
2026-02-18,2026-02-18,FO,NSE,STO,109948,,JUBLFOOD,,2026-02-24,2026-02-24,600.0,CE,JUBLFOOD26FEB600CE,0.3,0.4,0.2,0.25,0.25,0.4,524.05,0.25,1021250,-252500,455,341386750.0,187,F1,1250,,,,,
2026-02-18,2026-02-18,FO,NSE,STO,123736,,JUBLFOOD,,2026-02-24,2026-02-24,535.0,CE,JUBLFOOD26FEB535CE,6.1,7.25,2.9,3.2,3.1,6.85,524.05,3.2,403750,13750,652,439488375.0,576,F1,1250,,,,,
2026-02-18,2026-02-18,FO,NSE,STO,109938,,JUBLFOOD,,2026-02-24,2026-02-24,520.0,CE,JUBLFOOD26FEB520CE,11.7,11.7,8.9,9.4,9.25,15.1,524.05,9.4,200000,7500,56,37091687.5,56,F1,1250,,,,,
2026-02-18,2026-02-18,FO,NSE,STO,123698,,JUBLFOOD,,2026-02-24,2026-02-24,430.0,CE,JUBLFOOD26FEB430CE,0.0,0.0,0.0,132.75,0.0,132.75,524.05,94.45,0,0,0,0.0,0,F1,1250,,,,,
2026-02-18,2026-02-18,FO,NSE,STO,109951,,JUBLFOOD,,2026-02-24,2026-02-24,620.0,PE,JUBLFOOD26FEB620PE,0.0,0.0,0.0,91.0,91.0,91.0,524.05,95.4,22500,0,0,0.0,0,F1,1250,,,,,
2026-02-18,2026-02-18,FO,NSE,STO,109945,,JUBLFOOD,,2026-02-24,2026-02-24,580.0,PE,JUBLFOOD26FEB580PE,57.0,57.0,57.0,57.0,57.0,51.3,524.05,55.45,27500,-2500,2,1592500.0,1,F1,1250,,,,,
2026-02-18,2026-02-18,FO,NSE,STO,123725,,JUBLFOOD,,2026-02-24,2026-02-24,495.0,PE,JUBLFOOD26FEB495PE,0.95,1.0,0.55,0.55,0.55,1.1,524.05,0.55,196250,-8750,37,22923312.5,37,F1,1250,,,,,
2026-02-18,2026-02-18,FO,NSE,STO,123705,,JUBLFOOD,,2026-02-24,2026-02-24,450.0,PE,JUBLFOOD26FEB450PE,0.2,0.2,0.1,0.1,0.1,0.3,524.05,0.1,143750,-2500,14,7877187.5,12,F1,1250,,,,,
2026-02-18,2026-02-18,FO,NSE,STO,132100,,JUBLFOOD,,2026-04-28,2026-04-28,600.0,PE,JUBLFOOD26APR600PE,0.0,0.0,0.0,107.8,0.0,107.8,524.05,74.8,0,0,0,0.0,0,F1,1250,,,,,
2026-02-18,2026-02-18,FO,NSE,STO,132099,,JUBLFOOD,,2026-04-28,2026-04-28,600.0,CE,JUBLFOOD26APR600CE,0.0,0.0,0.0,5.25,0.0,5.25,524.05,5.05,0,0,0,0.0,0,F1,1250,,,,,
2026-02-18,2026-02-18,FO,NSE,STO,123699,,JUBLFOOD,,2026-02-24,2026-02-24,430.0,PE,JUBLFOOD26FEB430PE,0.1,0.1,0.1,0.1,0.1,0.15,524.05,0.05,61250,-5000,6,3225750.0,5,F1,1250,,,,,
2026-02-18,2026-02-18,FO,NSE,STO,123741,,JUBLFOOD,,2026-02-24,2026-02-24,550.0,PE,JUBLFOOD26FEB550PE,25.2,27.5,24.25,25.7,26.5,22.45,524.05,25.7,447500,-26250,47,33821125.0,45,F1,1250,,,,,
2026-02-18,2026-02-18,FO,NSE,STO,123791,,JUBLFOOD,,2026-02-24,2026-02-24,650.0,PE,JUBLFOOD26FEB650PE,123.0,123.0,123.0,123.0,123.0,105.8,524.05,125.35,80000,0,1,966250.0,1,F1,1250,,,,,
2026-02-18,2026-02-18,FO,NSE,STO,123907,,JUBLFOOD,,2026-03-30,2026-03-30,460.0,PE,JUBLFOOD26MAR460PE,2.85,3.25,2.75,2.85,2.9,3.05,524.05,2.85,73750,31250,49,28357250.0,40,F1,1250,,,,,
2026-02-18,2026-02-18,FO,NSE,STO,131871,,JUBLFOOD,,2026-03-30,2026-03-30,465.0,PE,JUBLFOOD26MAR465PE,0.0,0.0,0.0,13.8,0.0,13.8,524.05,1.7,0,0,0,0.0,0,F1,1250,,,,,
2026-02-18,2026-02-18,FO,NSE,STO,132065,,JUBLFOOD,,2026-04-28,2026-04-28,430.0,CE,JUBLFOOD26APR430CE,0.0,0.0,0.0,72.7,0.0,72.7,524.05,99.4,0,0,0,0.0,0,F1,1250,,,,,
2026-02-18,2026-02-18,FO,NSE,STO,131877,,JUBLFOOD,,2026-03-30,2026-03-30,495.0,PE,JUBLFOOD26MAR495PE,9.15,9.6,8.95,9.15,9.15,27.05,524.05,9.15,12500,12500,14,8823437.5,13,F1,1250,,,,,
2026-02-18,2026-02-18,FO,NSE,STO,131883,,JUBLFOOD,,2026-03-30,2026-03-30,525.0,PE,JUBLFOOD26MAR525PE,21.7,22.4,21.7,21.95,22.4,45.45,524.05,21.95,3750,3750,3,2051062.5,3,F1,1250,,,,,
2026-02-18,2026-02-18,FO,NSE,STO,131976,,JUBLFOOD,,2026-03-30,2026-03-30,555.0,PE,JUBLFOOD26MAR555PE,0.0,0.0,0.0,68.25,0.0,68.25,524.05,36.3,0,0,0,0.0,0,F1,1250,,,,,
2026-02-18,2026-02-18,FO,NSE,STO,123983,,JUBLFOOD,,2026-03-30,2026-03-30,620.0,PE,JUBLFOOD26MAR620PE,98.5,98.5,98.5,98.5,98.5,97.0,524.05,93.0,26250,2500,2,1796250.0,2,F1,1250,,,,,
2026-02-18,2026-02-18,FO,NSE,STO,124016,,JUBLFOOD,,2026-03-30,2026-03-30,630.0,PE,JUBLFOOD26MAR630PE,0.0,0.0,0.0,90.2,90.2,90.2,524.05,102.65,1250,0,0,0.0,0,F1,1250,,,,,
2026-02-18,2026-02-18,FO,NSE,STO,132074,,JUBLFOOD,,2026-04-28,2026-04-28,470.0,PE,JUBLFOOD26APR470PE,0.0,0.0,0.0,19.85,0.0,19.85,524.05,4.9,0,0,0,0.0,0,F1,1250,,,,,
2026-02-18,2026-02-18,FO,NSE,STO,132092,,JUBLFOOD,,2026-04-28,2026-04-28,560.0,PE,JUBLFOOD26APR560PE,0.0,0.0,0.0,74.3,0.0,74.3,524.05,43.5,0,0,0,0.0,0,F1,1250,,,,,
2026-02-18,2026-02-18,FO,NSE,STO,123744,,JUBLFOOD,,2026-02-24,2026-02-24,565.0,CE,JUBLFOOD26FEB565CE,1.25,1.3,0.45,0.55,0.55,1.35,524.05,0.55,333750,-58750,256,181037187.5,205,F1,1250,,,,,
2026-02-18,2026-02-18,FO,NSE,STO,123718,,JUBLFOOD,,2026-02-24,2026-02-24,475.0,CE,JUBLFOOD26FEB475CE,0.0,0.0,0.0,29.7,29.9,29.7,524.05,49.5,51250,0,0,0.0,0,F1,1250,,,,,
2026-02-18,2026-02-18,FO,NSE,STO,123901,,JUBLFOOD,,2026-03-30,2026-03-30,440.0,CE,JUBLFOOD26MAR440CE,0.0,0.0,0.0,127.05,0.0,127.05,524.05,87.05,0,0,0,0.0,0,F1,1250,,,,,
2026-02-18,2026-02-18,FO,NSE,STO,123976,,JUBLFOOD,,2026-03-30,2026-03-30,610.0,CE,JUBLFOOD26MAR610CE,2.0,2.0,1.4,1.5,1.5,2.9,524.05,1.5,36250,35000,32,24459750.0,14,F1,1250,,,,,
2026-02-18,2026-02-18,FO,NSE,STO,132104,,JUBLFOOD,,2026-04-28,2026-04-28,620.0,PE,JUBLFOOD26APR620PE,0.0,0.0,0.0,125.7,0.0,125.7,524.05,92.45,0,0,0,0.0,0,F1,1250,,,,,
2026-02-18,2026-02-18,FO,NSE,STO,123720,,JUBLFOOD,,2026-02-24,2026-02-24,485.0,CE,JUBLFOOD26FEB485CE,0.0,0.0,0.0,64.05,64.05,64.05,524.05,39.55,45000,0,0,0.0,0,F1,1250,,,,,
2026-02-18,2026-02-18,FO,NSE,STO,123702,,JUBLFOOD,,2026-02-24,2026-02-24,445.0,CE,JUBLFOOD26FEB445CE,0.0,0.0,0.0,118.35,0.0,118.35,524.05,79.45,0,0,0,0.0,0,F1,1250,,,,,
2026-02-18,2026-02-18,FO,NSE,STO,132078,,JUBLFOOD,,2026-04-28,2026-04-28,490.0,PE,JUBLFOOD26APR490PE,0.0,0.0,0.0,28.75,0.0,28.75,524.05,9.35,0,0,0,0.0,0,F1,1250,,,,,
2026-02-18,2026-02-18,FO,NSE,STO,131992,,JUBLFOOD,,2026-03-30,2026-03-30,595.0,PE,JUBLFOOD26MAR595PE,0.0,0.0,0.0,103.2,0.0,103.2,524.05,69.55,0,0,0,0.0,0,F1,1250,,,,,
2026-02-18,2026-02-18,FO,NSE,STO,131942,,JUBLFOOD,,2026-03-30,2026-03-30,535.0,PE,JUBLFOOD26MAR535PE,0.0,0.0,0.0,22.0,22.0,22.0,524.05,23.25,10000,0,0,0.0,0,F1,1250,,,,,
2026-02-18,2026-02-18,FO,NSE,STO,123912,,JUBLFOOD,,2026-03-30,2026-03-30,480.0,PE,JUBLFOOD26MAR480PE,5.5,6.5,5.3,5.6,6.0,5.9,524.05,5.6,125000,12500,50,30360312.5,40,F1,1250,,,,,
2026-02-18,2026-02-18,FO,NSE,STO,123747,,JUBLFOOD,,2026-02-24,2026-02-24,570.0,PE,JUBLFOOD26FEB570PE,41.15,46.0,39.0,44.85,44.85,41.5,524.05,44.85,142500,-26250,42,32200625.0,42,F1,1250,,,,,
2026-02-18,2026-02-18,FO,NSE,STO,123743,,JUBLFOOD,,2026-02-24,2026-02-24,555.0,PE,JUBLFOOD26FEB555PE,26.35,31.85,26.35,31.85,31.85,26.45,524.05,30.9,210000,-10000,20,14615250.0,20,F1,1250,,,,,
2026-02-18,2026-02-18,FO,NSE,STO,132107,,JUBLFOOD,,2026-04-28,2026-04-28,640.0,CE,JUBLFOOD26APR640CE,0.0,0.0,0.0,2.3,0.0,2.3,524.05,1.65,0,0,0,0.0,0,F1,1250,,,,,
2026-02-18,2026-02-18,FO,NSE,STO,132101,,JUBLFOOD,,2026-04-28,2026-04-28,610.0,CE,JUBLFOOD26APR610CE,0.0,0.0,0.0,4.3,0.0,4.3,524.05,3.85,0,0,0,0.0,0,F1,1250,,,,,
2026-02-18,2026-02-18,FO,NSE,STO,132079,,JUBLFOOD,,2026-04-28,2026-04-28,500.0,CE,JUBLFOOD26APR500CE,0.0,0.0,0.0,29.9,0.0,29.9,524.05,41.6,0,0,0,0.0,0,F1,1250,,,,,
2026-02-18,2026-02-18,FO,NSE,STO,123897,,JUBLFOOD,,2026-03-30,2026-03-30,420.0,CE,JUBLFOOD26MAR420CE,0.0,0.0,0.0,103.0,103.0,103.0,524.05,106.65,1250,0,0,0.0,0,F1,1250,,,,,
2026-02-18,2026-02-18,FO,NSE,STO,109995,,JUBLFOOD,,2026-02-24,2026-02-24,680.0,CE,JUBLFOOD26FEB680CE,0.0,0.0,0.0,0.1,0.1,0.1,524.05,0.05,32500,0,0,0.0,0,F1,1250,,,,,
2026-02-18,2026-02-18,FO,NSE,STO,123775,,JUBLFOOD,,2026-02-24,2026-02-24,610.0,CE,JUBLFOOD26FEB610CE,0.3,0.3,0.1,0.2,0.2,0.3,524.05,0.2,236250,-2500,23,17543937.5,15,F1,1250,,,,,
2026-02-18,2026-02-18,FO,NSE,STO,123738,,JUBLFOOD,,2026-02-24,2026-02-24,545.0,CE,JUBLFOOD26FEB545CE,3.6,3.95,1.4,1.6,1.55,3.9,524.05,1.6,365000,-207500,850,581326312.5,570,F1,1250,,,,,
2026-02-18,2026-02-18,FO,NSE,STO,123726,,JUBLFOOD,,2026-02-24,2026-02-24,505.0,CE,JUBLFOOD26FEB505CE,0.0,0.0,0.0,26.0,26.05,26.0,524.05,20.8,72500,0,0,0.0,0,F1,1250,,,,,
2026-02-18,2026-02-18,FO,NSE,STO,123740,,JUBLFOOD,,2026-02-24,2026-02-24,550.0,CE,JUBLFOOD26FEB550CE,2.55,3.0,1.05,1.2,1.2,2.95,524.05,1.2,2403750,-257500,1791,1234969250.0,1277,F1,1250,,,,,
2026-02-18,2026-02-18,FO,NSE,STO,123773,,JUBLFOOD,,2026-02-24,2026-02-24,605.0,CE,JUBLFOOD26FEB605CE,0.15,0.2,0.15,0.15,0.15,0.85,524.05,0.05,21250,-10000,34,25719812.5,15,F1,1250,,,,,
2026-02-18,2026-02-18,FO,NSE,STO,109991,,JUBLFOOD,,2026-02-24,2026-02-24,640.0,CE,JUBLFOOD26FEB640CE,0.05,0.05,0.05,0.05,0.05,0.1,524.05,0.05,78750,-5000,9,7200562.5,8,F1,1250,,,,,
2026-02-18,2026-02-18,FO,NSE,STO,123790,,JUBLFOOD,,2026-02-24,2026-02-24,650.0,CE,JUBLFOOD26FEB650CE,0.05,0.1,0.05,0.1,0.1,0.15,524.05,0.1,161250,-6250,5,4063000.0,4,F1,1250,,,,,
2026-02-18,2026-02-18,FO,NSE,STO,109935,,JUBLFOOD,,2026-02-24,2026-02-24,480.0,PE,JUBLFOOD26FEB480PE,0.35,0.45,0.25,0.3,0.25,0.55,524.05,0.3,258750,-42500,105,63042875.0,72,F1,1250,,,,,
2026-02-18,2026-02-18,FO,NSE,STO,123703,,JUBLFOOD,,2026-02-24,2026-02-24,445.0,PE,JUBLFOOD26FEB445PE,0.0,0.0,0.0,3.5,3.5,3.5,524.05,0.05,2500,0,0,0.0,0,F1,1250,,,,,
2026-02-18,2026-02-18,FO,NSE,STO,123693,,JUBLFOOD,,2026-02-24,2026-02-24,410.0,PE,JUBLFOOD26FEB410PE,0.0,0.0,0.0,0.1,0.1,0.1,524.05,0.05,13750,0,0,0.0,0,F1,1250,,,,,
2026-02-18,2026-02-18,FO,NSE,STO,132089,,JUBLFOOD,,2026-04-28,2026-04-28,550.0,CE,JUBLFOOD26APR550CE,0.0,0.0,0.0,13.4,0.0,13.4,524.05,16.55,0,0,0,0.0,0,F1,1250,,,,,
2026-02-18,2026-02-18,FO,NSE,STO,132087,,JUBLFOOD,,2026-04-28,2026-04-28,540.0,CE,JUBLFOOD26APR540CE,0.0,0.0,0.0,15.85,0.0,15.85,524.05,20.35,0,0,0,0.0,0,F1,1250,,,,,
2026-02-18,2026-02-18,FO,NSE,STO,131987,,JUBLFOOD,,2026-03-30,2026-03-30,585.0,CE,JUBLFOOD26MAR585CE,0.0,0.0,0.0,3.55,0.0,3.55,524.05,3.15,0,0,0,0.0,0,F1,1250,,,,,
2026-02-18,2026-02-18,FO,NSE,STO,123921,,JUBLFOOD,,2026-03-30,2026-03-30,530.0,CE,JUBLFOOD26MAR530CE,18.5,18.85,14.0,14.65,14.5,18.1,524.05,14.65,146250,62500,76,51842625.0,72,F1,1250,,,,,
2026-02-18,2026-02-18,FO,NSE,STO,131876,,JUBLFOOD,,2026-03-30,2026-03-30,495.0,CE,JUBLFOOD26MAR495CE,0.0,0.0,0.0,25.5,0.0,25.5,524.05,38.7,0,0,0,0.0,0,F1,1250,,,,,
2026-02-18,2026-02-18,FO,NSE,STO,123913,,JUBLFOOD,,2026-03-30,2026-03-30,490.0,CE,JUBLFOOD26MAR490CE,0.0,0.0,0.0,84.5,0.0,84.5,524.05,42.45,0,0,0,0.0,0,F1,1250,,,,,
2026-02-18,2026-02-18,FO,NSE,STO,131874,,JUBLFOOD,,2026-03-30,2026-03-30,485.0,CE,JUBLFOOD26MAR485CE,0.0,0.0,0.0,30.4,0.0,30.4,524.05,46.4,0,0,0,0.0,0,F1,1250,,,,,
2026-02-18,2026-02-18,FO,NSE,STO,131866,,JUBLFOOD,,2026-03-30,2026-03-30,445.0,CE,JUBLFOOD26MAR445CE,0.0,0.0,0.0,55.9,0.0,55.9,524.05,82.25,0,0,0,0.0,0,F1,1250,,,,,
2026-02-18,2026-02-18,FO,NSE,STO,131864,,JUBLFOOD,,2026-03-30,2026-03-30,435.0,CE,JUBLFOOD26MAR435CE,0.0,0.0,0.0,63.65,0.0,63.65,524.05,91.95,0,0,0,0.0,0,F1,1250,,,,,
2026-02-18,2026-02-18,FO,NSE,STO,109940,,JUBLFOOD,,2026-02-24,2026-02-24,540.0,CE,JUBLFOOD26FEB540CE,4.55,5.4,2.0,2.25,2.2,4.95,524.05,2.25,913750,10000,1099,745911000.0,938,F1,1250,,,,,
2026-02-18,2026-02-18,FO,NSE,STO,123926,,JUBLFOOD,,2026-03-30,2026-03-30,550.0,PE,JUBLFOOD26MAR550PE,38.75,39.15,37.4,37.4,37.4,35.2,524.05,32.8,63750,-1250,4,2942562.5,4,F1,1250,,,,,
2026-02-18,2026-02-18,FO,NSE,STO,123942,,JUBLFOOD,,2026-03-30,2026-03-30,580.0,PE,JUBLFOOD26MAR580PE,0.0,0.0,0.0,60.4,60.4,60.4,524.05,56.25,16250,0,0,0.0,0,F1,1250,,,,,
2026-02-18,2026-02-18,FO,NSE,STO,132086,,JUBLFOOD,,2026-04-28,2026-04-28,530.0,PE,JUBLFOOD26APR530PE,0.0,0.0,0.0,52.3,0.0,52.3,524.05,25.2,0,0,0,0.0,0,F1,1250,,,,,
2026-02-18,2026-02-18,FO,NSE,STO,132094,,JUBLFOOD,,2026-04-28,2026-04-28,570.0,PE,JUBLFOOD26APR570PE,0.0,0.0,0.0,82.3,0.0,82.3,524.05,50.7,0,0,0,0.0,0,F1,1250,,,,,
2026-02-18,2026-02-18,FO,NSE,STO,132096,,JUBLFOOD,,2026-04-28,2026-04-28,580.0,PE,JUBLFOOD26APR580PE,0.0,0.0,0.0,90.55,0.0,90.55,524.05,58.35,0,0,0,0.0,0,F1,1250,,,,,
2026-02-18,2026-02-18,FO,NSE,STO,109910,,JUBLFOOD,,2026-02-24,2026-02-24,440.0,CE,JUBLFOOD26FEB440CE,0.0,0.0,0.0,89.5,89.5,89.5,524.05,84.45,2500,0,0,0.0,0,F1,1250,,,,,
2026-02-18,2026-02-18,FO,NSE,STF,66875,,JUBLFOOD,,2026-04-28,2026-04-28,,,JUBLFOOD26APRFUT,522.15,522.45,515.0,516.7,515.95,520.95,524.05,516.7,562500,63750,94,60805000.0,93,F1,1250,,,,,
2026-02-18,2026-02-18,FO,NSE,STF,51950,,JUBLFOOD,,2026-03-30,2026-03-30,,,JUBLFOOD26MARFUT,522.25,526.35,517.25,519.55,519.2,523.15,524.05,519.55,5190000,987500,1618,1052201562.5,1544,F1,1250,,,,,
2026-02-18,2026-02-18,FO,NSE,STO,123709,,JUBLFOOD,,2026-02-24,2026-02-24,465.0,PE,JUBLFOOD26FEB465PE,0.0,0.0,0.0,0.45,0.45,0.45,524.05,0.05,1250,0,0,0.0,0,F1,1250,,,,,
2026-02-18,2026-02-18,FO,NSE,STO,123760,,JUBLFOOD,,2026-02-24,2026-02-24,585.0,PE,JUBLFOOD26FEB585PE,0.0,0.0,0.0,100.7,100.7,100.7,524.05,60.45,2500,0,0,0.0,0,F1,1250,,,,,
2026-02-18,2026-02-18,FO,NSE,STO,131988,,JUBLFOOD,,2026-03-30,2026-03-30,585.0,PE,JUBLFOOD26MAR585PE,0.0,0.0,0.0,94.1,0.0,94.1,524.05,60.6,0,0,0,0.0,0,F1,1250,,,,,
2026-02-18,2026-02-18,FO,NSE,STO,109906,,JUBLFOOD,,2026-02-24,2026-02-24,420.0,CE,JUBLFOOD26FEB420CE,0.0,0.0,0.0,179.9,0.0,179.9,524.05,104.45,0,0,0,0.0,0,F1,1250,,,,,
2026-02-18,2026-02-18,FO,NSE,STO,123899,,JUBLFOOD,,2026-03-30,2026-03-30,430.0,CE,JUBLFOOD26MAR430CE,0.0,0.0,0.0,98.0,98.0,98.0,524.05,96.8,2500,0,0,0.0,0,F1,1250,,,,,
2026-02-18,2026-02-18,FO,NSE,STO,131878,,JUBLFOOD,,2026-03-30,2026-03-30,505.0,CE,JUBLFOOD26MAR505CE,0.0,0.0,0.0,21.2,0.0,21.2,524.05,31.7,0,0,0,0.0,0,F1,1250,,,,,
2026-02-18,2026-02-18,FO,NSE,STO,123917,,JUBLFOOD,,2026-03-30,2026-03-30,510.0,CE,JUBLFOOD26MAR510CE,25.3,25.3,24.1,24.7,24.4,69.7,524.05,24.7,5000,5000,6,4010250.0,6,F1,1250,,,,,
2026-02-18,2026-02-18,FO,NSE,STO,131905,,JUBLFOOD,,2026-03-30,2026-03-30,535.0,CE,JUBLFOOD26MAR535CE,13.0,13.0,13.0,13.0,13.0,11.55,524.05,15.5,1250,1250,1,685000.0,1,F1,1250,,,,,
2026-02-18,2026-02-18,FO,NSE,STO,132097,,JUBLFOOD,,2026-04-28,2026-04-28,590.0,CE,JUBLFOOD26APR590CE,0.0,0.0,0.0,6.4,0.0,6.4,524.05,6.55,0,0,0,0.0,0,F1,1250,,,,,
2026-02-18,2026-02-18,FO,NSE,STO,123707,,JUBLFOOD,,2026-02-24,2026-02-24,455.0,PE,JUBLFOOD26FEB455PE,0.0,0.0,0.0,0.25,0.25,0.25,524.05,0.05,6250,0,0,0.0,0,F1,1250,,,,,
2026-02-18,2026-02-18,FO,NSE,STO,123719,,JUBLFOOD,,2026-02-24,2026-02-24,475.0,PE,JUBLFOOD26FEB475PE,0.0,0.0,0.0,1.1,1.1,1.1,524.05,0.05,46250,0,0,0.0,0,F1,1250,,,,,
2026-02-18,2026-02-18,FO,NSE,STO,123739,,JUBLFOOD,,2026-02-24,2026-02-24,545.0,PE,JUBLFOOD26FEB545PE,20.05,22.55,19.0,21.2,21.7,18.35,524.05,21.2,156250,-16250,40,28288937.5,39,F1,1250,,,,,
2026-02-18,2026-02-18,FO,NSE,STO,123768,,JUBLFOOD,,2026-02-24,2026-02-24,595.0,PE,JUBLFOOD26FEB595PE,0.0,0.0,0.0,93.9,93.9,93.9,524.05,70.4,7500,0,0,0.0,0,F1,1250,,,,,
2026-02-18,2026-02-18,FO,NSE,STO,123902,,JUBLFOOD,,2026-03-30,2026-03-30,440.0,PE,JUBLFOOD26MAR440PE,0.0,0.0,0.0,2.25,0.0,2.25,524.05,0.4,0,0,0,0.0,0,F1,1250,,,,,
2026-02-18,2026-02-18,FO,NSE,STO,123916,,JUBLFOOD,,2026-03-30,2026-03-30,500.0,PE,JUBLFOOD26MAR500PE,10.0,12.15,9.8,10.85,11.25,10.9,524.05,10.85,187500,25000,57,36391750.0,50,F1,1250,,,,,
2026-02-18,2026-02-18,FO,NSE,STO,132068,,JUBLFOOD,,2026-04-28,2026-04-28,440.0,PE,JUBLFOOD26APR440PE,0.0,0.0,0.0,10.15,0.0,10.15,524.05,1.5,0,0,0,0.0,0,F1,1250,,,,,
2026-02-18,2026-02-18,FO,NSE,STF,59392,,JUBLFOOD,,2026-02-24,2026-02-24,,,JUBLFOOD26FEBFUT,530.9,532.65,523.0,525.45,524.85,529.5,524.05,525.45,22435000,-662500,2639,1736798437.5,2530,F1,1250,,,,,
2026-02-18,2026-02-18,FO,NSE,STO,132108,,JUBLFOOD,,2026-04-28,2026-04-28,640.0,PE,JUBLFOOD26APR640PE,0.0,0.0,0.0,144.2,0.0,144.2,524.05,110.95,0,0,0,0.0,0,F1,1250,,,,,
2026-02-18,2026-02-18,FO,NSE,STO,109932,,JUBLFOOD,,2026-02-24,2026-02-24,460.0,CE,JUBLFOOD26FEB460CE,0.0,0.0,0.0,44.6,44.6,44.6,524.05,64.45,12500,0,0,0.0,0,F1,1250,,,,,
2026-02-18,2026-02-18,FO,NSE,STO,131943,,JUBLFOOD,,2026-03-30,2026-03-30,545.0,CE,JUBLFOOD26MAR545CE,9.55,9.55,9.55,9.55,9.55,9.25,524.05,9.55,1250,1250,1,693187.5,1,F1,1250,,,,,
2026-02-18,2026-02-18,FO,NSE,STO,123923,,JUBLFOOD,,2026-03-30,2026-03-30,540.0,CE,JUBLFOOD26MAR540CE,14.2,14.2,10.3,11.1,11.0,13.95,524.05,11.1,242500,100000,126,86869562.5,112,F1,1250,,,,,
2026-02-18,2026-02-18,FO,NSE,STO,109944,,JUBLFOOD,,2026-02-24,2026-02-24,580.0,CE,JUBLFOOD26FEB580CE,0.65,0.7,0.25,0.3,0.3,0.7,524.05,0.3,598750,-246250,514,372898250.0,235,F1,1250,,,,,
2026-02-18,2026-02-18,FO,NSE,STO,123757,,JUBLFOOD,,2026-02-24,2026-02-24,575.0,CE,JUBLFOOD26FEB575CE,0.75,0.75,0.35,0.35,0.35,0.95,524.05,0.35,162500,-48750,86,61862062.5,79,F1,1250,,,,,
2026-02-18,2026-02-18,FO,NSE,STO,109909,,JUBLFOOD,,2026-02-24,2026-02-24,420.0,PE,JUBLFOOD26FEB420PE,0.0,0.0,0.0,0.2,0.2,0.2,524.05,0.05,28750,0,0,0.0,0,F1,1250,,,,,
2026-02-18,2026-02-18,FO,NSE,STO,109905,,JUBLFOOD,,2026-02-24,2026-02-24,400.0,PE,JUBLFOOD26FEB400PE,0.0,0.0,0.0,0.05,0.05,0.05,524.05,0.05,357500,0,0,0.0,0,F1,1250,,,,,
2026-02-18,2026-02-18,FO,NSE,STO,131977,,JUBLFOOD,,2026-03-30,2026-03-30,565.0,CE,JUBLFOOD26MAR565CE,5.5,5.5,5.5,5.5,5.5,7.2,524.05,6.35,3750,0,1,713125.0,1,F1,1250,,,,,
2026-02-18,2026-02-18,FO,NSE,STO,123731,,JUBLFOOD,,2026-02-24,2026-02-24,515.0,PE,JUBLFOOD26FEB515PE,3.5,4.1,2.45,2.8,3.1,3.45,524.05,2.8,247500,77500,351,227358187.5,259,F1,1250,,,,,
2026-02-18,2026-02-18,FO,NSE,STO,109939,,JUBLFOOD,,2026-02-24,2026-02-24,520.0,PE,JUBLFOOD26FEB520PE,4.1,6.0,3.55,4.35,4.65,4.95,524.05,4.35,513750,82500,416,272830125.0,374,F1,1250,,,,,
2026-02-18,2026-02-18,FO,NSE,STO,123733,,JUBLFOOD,,2026-02-24,2026-02-24,525.0,PE,JUBLFOOD26FEB525PE,7.1,8.35,5.7,6.5,7.25,6.45,524.05,6.5,131250,15000,227,150897250.0,207,F1,1250,,,,,
2026-02-18,2026-02-18,FO,NSE,STO,123758,,JUBLFOOD,,2026-02-24,2026-02-24,575.0,PE,JUBLFOOD26FEB575PE,0.0,0.0,0.0,35.5,35.5,35.5,524.05,50.45,20000,0,0,0.0,0,F1,1250,,,,,
2026-02-18,2026-02-18,FO,NSE,STO,123774,,JUBLFOOD,,2026-02-24,2026-02-24,605.0,PE,JUBLFOOD26FEB605PE,0.0,0.0,0.0,55.0,0.0,55.0,524.05,80.4,0,0,0,0.0,0,F1,1250,,,,,
2026-02-18,2026-02-18,FO,NSE,STO,123785,,JUBLFOOD,,2026-02-24,2026-02-24,630.0,PE,JUBLFOOD26FEB630PE,0.0,0.0,0.0,86.4,86.4,86.4,524.05,105.4,2500,0,0,0.0,0,F1,1250,,,,,
2026-02-18,2026-02-18,FO,NSE,STO,123904,,JUBLFOOD,,2026-03-30,2026-03-30,450.0,PE,JUBLFOOD26MAR450PE,0.0,0.0,0.0,3.05,0.0,3.05,524.05,0.7,0,0,0,0.0,0,F1,1250,,,,,
2026-02-18,2026-02-18,FO,NSE,STO,131879,,JUBLFOOD,,2026-03-30,2026-03-30,505.0,PE,JUBLFOOD26MAR505PE,0.0,0.0,0.0,32.65,0.0,32.65,524.05,9.6,0,0,0,0.0,0,F1,1250,,,,,
2026-02-18,2026-02-18,FO,NSE,STO,124047,,JUBLFOOD,,2026-03-30,2026-03-30,640.0,PE,JUBLFOOD26MAR640PE,0.0,0.0,0.0,116.0,116.0,116.0,524.05,112.4,10000,0,0,0.0,0,F1,1250,,,,,
2026-02-18,2026-02-18,FO,NSE,STO,123746,,JUBLFOOD,,2026-02-24,2026-02-24,570.0,CE,JUBLFOOD26FEB570CE,0.95,1.0,0.4,0.45,0.45,1.1,524.05,0.45,1108750,-231250,679,484291937.5,422,F1,1250,,,,,
2026-02-18,2026-02-18,FO,NSE,STO,132102,,JUBLFOOD,,2026-04-28,2026-04-28,610.0,PE,JUBLFOOD26APR610PE,0.0,0.0,0.0,116.65,0.0,116.65,524.05,83.5,0,0,0,0.0,0,F1,1250,,,,,
2026-02-18,2026-02-18,FO,NSE,STO,132088,,JUBLFOOD,,2026-04-28,2026-04-28,540.0,PE,JUBLFOOD26APR540PE,0.0,0.0,0.0,59.3,0.0,59.3,524.05,30.7,0,0,0,0.0,0,F1,1250,,,,,
2026-02-18,2026-02-18,FO,NSE,STO,123944,,JUBLFOOD,,2026-03-30,2026-03-30,590.0,PE,JUBLFOOD26MAR590PE,73.0,73.0,73.0,73.0,73.0,68.7,524.05,65.0,17500,2500,2,1657500.0,1,F1,1250,,,,,
2026-02-18,2026-02-18,FO,NSE,STO,131881,,JUBLFOOD,,2026-03-30,2026-03-30,515.0,PE,JUBLFOOD26MAR515PE,17.95,17.95,17.25,17.25,17.25,38.8,524.05,13.3,5000,5000,5,3328062.5,5,F1,1250,,,,,
2026-02-18,2026-02-18,FO,NSE,STO,123898,,JUBLFOOD,,2026-03-30,2026-03-30,420.0,PE,JUBLFOOD26MAR420PE,0.0,0.0,0.0,1.1,0.0,1.1,524.05,0.1,0,0,0,0.0,0,F1,1250,,,,,
2026-02-18,2026-02-18,FO,NSE,STO,123829,,ONGC,,2026-02-24,2026-02-24,248.75,CE,ONGC26FEB248.75CE,10.2,15.9,10.2,15.65,15.4,17.5,264.6,15.65,7170750,7170750,35,20793037.5,26,F1,2250,,,,,
2026-02-18,2026-02-18,FO,NSE,STO,146923,,ONGC,,2026-02-24,2026-02-24,229.75,CE,ONGC26FEB229.75CE,0.0,0.0,0.0,11.21,0.0,11.21,264.6,35.05,0,0,0,0.0,0,F1,2250,,,,,
2026-02-18,2026-02-18,FO,NSE,STO,37295,,ONGC,,2026-04-28,2026-04-28,279.75,PE,ONGC26APR279.75PE,0.0,0.0,0.0,24.45,0.0,24.45,264.6,19.9,0,0,0,0.0,0,F1,2250,,,,,
2026-02-18,2026-02-18,FO,NSE,STO,147691,,ONGC,,2026-04-28,2026-04-28,243.75,PE,ONGC26APR243.75PE,0.0,0.0,0.0,13.68,0.0,13.68,264.6,3.75,0,0,0,0.0,0,F1,2250,,,,,
2026-02-18,2026-02-18,FO,NSE,STO,147675,,ONGC,,2026-04-28,2026-04-28,227.75,PE,ONGC26APR227.75PE,0.0,0.0,0.0,7.02,0.0,7.02,264.6,1.2,0,0,0,0.0,0,F1,2250,,,,,
2026-02-18,2026-02-18,FO,NSE,STO,147509,,ONGC,,2026-03-30,2026-03-30,287.75,PE,ONGC26MAR287.75PE,0.0,0.0,0.0,44.44,0.0,44.44,264.6,24.15,0,0,0,0.0,0,F1,2250,,,,,
2026-02-18,2026-02-18,FO,NSE,STO,147480,,ONGC,,2026-03-30,2026-03-30,285.75,PE,ONGC26MAR285.75PE,0.0,0.0,0.0,54.41,0.0,54.41,264.6,22.55,0,0,0,0.0,0,F1,2250,,,,,
2026-02-18,2026-02-18,FO,NSE,STO,147503,,ONGC,,2026-03-30,2026-03-30,276.75,PE,ONGC26MAR276.75PE,0.0,0.0,0.0,34.78,0.0,34.78,264.6,15.9,0,0,0,0.0,0,F1,2250,,,,,
2026-02-18,2026-02-18,FO,NSE,STO,147446,,ONGC,,2026-03-30,2026-03-30,245.75,PE,ONGC26MAR245.75PE,1.9,1.95,1.9,1.95,1.95,21.89,264.6,2.4,13500,13500,6,3343725.0,3,F1,2250,,,,,
2026-02-18,2026-02-18,FO,NSE,STO,147388,,ONGC,,2026-03-30,2026-03-30,241.75,PE,ONGC26MAR241.75PE,0.0,0.0,0.0,19.3,0.0,19.3,264.6,1.7,0,0,0,0.0,0,F1,2250,,,,,
2026-02-18,2026-02-18,FO,NSE,STO,147380,,ONGC,,2026-03-30,2026-03-30,235.75,PE,ONGC26MAR235.75PE,0.0,0.0,0.0,15.73,0.0,15.73,264.6,0.95,0,0,0,0.0,0,F1,2250,,,,,
2026-02-18,2026-02-18,FO,NSE,STO,37182,,ONGC,,2026-02-24,2026-02-24,296.75,PE,ONGC26FEB296.75PE,0.0,0.0,0.0,34.07,0.0,34.07,264.6,31.9,0,0,0,0.0,0,F1,2250,,,,,
2026-02-18,2026-02-18,FO,NSE,STO,37174,,ONGC,,2026-02-24,2026-02-24,294.75,PE,ONGC26FEB294.75PE,0.0,0.0,0.0,32.25,0.0,32.25,264.6,29.9,0,0,0,0.0,0,F1,2250,,,,,
2026-02-18,2026-02-18,FO,NSE,STO,123959,,ONGC,,2026-02-24,2026-02-24,293.75,PE,ONGC26FEB293.75PE,29.3,29.3,28.8,28.8,28.8,28.65,264.6,28.9,103500,103500,2,1452600.0,2,F1,2250,,,,,
2026-02-18,2026-02-18,FO,NSE,STO,146912,,ONGC,,2026-02-24,2026-02-24,221.75,PE,ONGC26FEB221.75PE,0.3,0.35,0.05,0.05,0.05,0.1,264.6,0.05,83250,83250,24,11989462.5,7,F1,2250,,,,,
2026-02-18,2026-02-18,FO,NSE,STO,146910,,ONGC,,2026-02-24,2026-02-24,220.75,PE,ONGC26FEB220.75PE,0.05,0.05,0.05,0.05,0.05,0.25,264.6,0.05,155250,155250,1,496800.0,1,F1,2250,,,,,
2026-02-18,2026-02-18,FO,NSE,STO,37319,,ONGC,,2026-04-28,2026-04-28,295.75,CE,ONGC26APR295.75CE,0.0,0.0,0.0,6.82,0.0,6.82,264.6,3.65,0,0,0,0.0,0,F1,2250,,,,,
2026-02-18,2026-02-18,FO,NSE,STO,37299,,ONGC,,2026-04-28,2026-04-28,283.75,CE,ONGC26APR283.75CE,0.0,0.0,0.0,10.04,0.0,10.04,264.6,6.45,0,0,0,0.0,0,F1,2250,,,,,
2026-02-18,2026-02-18,FO,NSE,STO,147722,,ONGC,,2026-04-28,2026-04-28,275.75,CE,ONGC26APR275.75CE,0.0,0.0,0.0,4.94,0.0,4.94,264.6,9.05,0,0,0,0.0,0,F1,2250,,,,,
2026-02-18,2026-02-18,FO,NSE,STO,147720,,ONGC,,2026-04-28,2026-04-28,273.75,CE,ONGC26APR273.75CE,0.0,0.0,0.0,5.36,0.0,5.36,264.6,9.8,0,0,0,0.0,0,F1,2250,,,,,
2026-02-18,2026-02-18,FO,NSE,STO,147692,,ONGC,,2026-04-28,2026-04-28,245.75,CE,ONGC26APR245.75CE,0.0,0.0,0.0,14.52,0.0,14.52,264.6,25.65,0,0,0,0.0,0,F1,2250,,,,,
2026-02-18,2026-02-18,FO,NSE,STO,147678,,ONGC,,2026-04-28,2026-04-28,231.75,CE,ONGC26APR231.75CE,0.0,0.0,0.0,22.02,0.0,22.02,264.6,36.9,0,0,0,0.0,0,F1,2250,,,,,
2026-02-18,2026-02-18,FO,NSE,STO,147674,,ONGC,,2026-04-28,2026-04-28,227.75,CE,ONGC26APR227.75CE,0.0,0.0,0.0,24.55,0.0,24.55,264.6,40.4,0,0,0,0.0,0,F1,2250,,,,,
2026-02-18,2026-02-18,FO,NSE,STF,51997,,ONGC,,2026-03-30,2026-03-30,,,ONGC26MARFUT,267.4,267.4,264.65,266.25,266.35,274.0,264.6,266.25,9216000,2862000,2350,1405693575.0,1624,F1,2250,,,,,
2026-02-18,2026-02-18,FO,NSE,STO,123814,,ONGC,,2026-02-24,2026-02-24,223.75,CE,ONGC26FEB223.75CE,0.0,0.0,0.0,40.5,40.5,40.5,264.6,41.05,245250,245250,0,0.0,0,F1,2250,,,,,
2026-02-18,2026-02-18,FO,NSE,STO,147115,,ONGC,,2026-02-24,2026-02-24,260.75,CE,ONGC26FEB260.75CE,5.9,5.9,3.8,4.4,4.3,6.4,264.6,4.4,1262250,1262250,292,174233812.5,249,F1,2250,,,,,
2026-02-18,2026-02-18,FO,NSE,STO,147117,,ONGC,,2026-02-24,2026-02-24,261.75,CE,ONGC26FEB261.75CE,3.35,4.35,3.1,3.6,3.6,5.55,264.6,3.6,904500,904500,298,177981187.5,280,F1,2250,,,,,
2026-02-18,2026-02-18,FO,NSE,STO,147185,,ONGC,,2026-02-24,2026-02-24,269.75,CE,ONGC26FEB269.75CE,3.7,3.7,0.6,0.7,0.7,1.75,264.6,0.7,1390500,1390500,502,305627175.0,398,F1,2250,,,,,
2026-02-18,2026-02-18,FO,NSE,STO,147215,,ONGC,,2026-02-24,2026-02-24,271.75,CE,ONGC26FEB271.75CE,1.0,1.05,0.45,0.45,0.45,1.3,264.6,0.45,942750,942750,387,237161250.0,280,F1,2250,,,,,
2026-02-18,2026-02-18,FO,NSE,STO,123846,,ONGC,,2026-02-24,2026-02-24,273.75,CE,ONGC26FEB273.75CE,0.85,0.85,0.25,0.35,0.35,1.05,264.6,0.35,8804250,8804250,2547,1571242275.0,1311,F1,2250,,,,,
2026-02-18,2026-02-18,FO,NSE,STO,147223,,ONGC,,2026-02-24,2026-02-24,277.75,CE,ONGC26FEB277.75CE,0.7,0.7,0.2,0.2,0.2,0.7,264.6,0.2,486000,486000,86,53797387.5,56,F1,2250,,,,,
2026-02-18,2026-02-18,FO,NSE,STO,37159,,ONGC,,2026-02-24,2026-02-24,284.75,CE,ONGC26FEB284.75CE,0.15,0.15,0.15,0.15,0.15,0.4,264.6,0.05,132750,132750,1,641025.0,1,F1,2250,,,,,
2026-02-18,2026-02-18,FO,NSE,STO,147398,,ONGC,,2026-03-30,2026-03-30,226.75,CE,ONGC26MAR226.75CE,0.0,0.0,0.0,22.34,0.0,22.34,264.6,39.55,0,0,0,0.0,0,F1,2250,,,,,
2026-02-18,2026-02-18,FO,NSE,STO,147400,,ONGC,,2026-03-30,2026-03-30,228.75,CE,ONGC26MAR228.75CE,0.0,0.0,0.0,20.97,0.0,20.97,264.6,37.65,0,0,0,0.0,0,F1,2250,,,,,
2026-02-18,2026-02-18,FO,NSE,STO,147375,,ONGC,,2026-03-30,2026-03-30,231.75,CE,ONGC26MAR231.75CE,0.0,0.0,0.0,13.77,0.0,13.77,264.6,34.85,0,0,0,0.0,0,F1,2250,,,,,
2026-02-18,2026-02-18,FO,NSE,STO,147377,,ONGC,,2026-03-30,2026-03-30,233.75,CE,ONGC26MAR233.75CE,33.0,33.5,32.15,33.5,33.5,34.0,264.6,33.0,49500,49500,5,2999025.0,5,F1,2250,,,,,
2026-02-18,2026-02-18,FO,NSE,STO,147420,,ONGC,,2026-03-30,2026-03-30,248.75,CE,ONGC26MAR248.75CE,0.0,0.0,0.0,10.1,0.0,10.1,264.6,20.4,0,0,0,0.0,0,F1,2250,,,,,
2026-02-18,2026-02-18,FO,NSE,STO,147426,,ONGC,,2026-03-30,2026-03-30,254.75,CE,ONGC26MAR254.75CE,0.0,0.0,0.0,7.83,0.0,7.83,264.6,16.15,0,0,0,0.0,0,F1,2250,,,,,
2026-02-18,2026-02-18,FO,NSE,STO,147430,,ONGC,,2026-03-30,2026-03-30,258.75,CE,ONGC26MAR258.75CE,12.75,12.9,11.8,12.85,12.85,13.7,264.6,13.6,173250,173250,71,43252087.5,41,F1,2250,,,,,
2026-02-18,2026-02-18,FO,NSE,STO,147463,,ONGC,,2026-03-30,2026-03-30,259.75,CE,ONGC26MAR259.75CE,0.0,0.0,0.0,4.71,0.0,4.71,264.6,13.0,0,0,0,0.0,0,F1,2250,,,,,
2026-02-18,2026-02-18,FO,NSE,STO,147510,,ONGC,,2026-03-30,2026-03-30,291.75,CE,ONGC26MAR291.75CE,1.75,1.75,1.65,1.65,1.65,4.35,264.6,2.05,36000,36000,13,8582962.5,9,F1,2250,,,,,
2026-02-18,2026-02-18,FO,NSE,STO,147687,,ONGC,,2026-04-28,2026-04-28,239.75,PE,ONGC26APR239.75PE,0.0,0.0,0.0,11.76,0.0,11.76,264.6,2.9,0,0,0,0.0,0,F1,2250,,,,,
2026-02-18,2026-02-18,FO,NSE,STO,147669,,ONGC,,2026-04-28,2026-04-28,221.75,PE,ONGC26APR221.75PE,0.0,0.0,0.0,5.23,0.0,5.23,264.6,0.7,0,0,0,0.0,0,F1,2250,,,,,
2026-02-18,2026-02-18,FO,NSE,STO,147545,,ONGC,,2026-04-28,2026-04-28,209.75,PE,ONGC26APR209.75PE,0.0,0.0,0.0,2.63,0.0,2.63,264.6,0.2,0,0,0,0.0,0,F1,2250,,,,,
2026-02-18,2026-02-18,FO,NSE,STO,147511,,ONGC,,2026-03-30,2026-03-30,291.75,PE,ONGC26MAR291.75PE,0.0,0.0,0.0,48.09,0.0,48.09,264.6,27.45,0,0,0,0.0,0,F1,2250,,,,,
2026-02-18,2026-02-18,FO,NSE,STO,147507,,ONGC,,2026-03-30,2026-03-30,283.75,PE,ONGC26MAR283.75PE,0.0,0.0,0.0,40.85,0.0,40.85,264.6,20.95,0,0,0,0.0,0,F1,2250,,,,,
2026-02-18,2026-02-18,FO,NSE,STO,40078,,ONGC,,2026-03-30,2026-03-30,271.75,PE,ONGC26MAR271.75PE,11.45,11.45,11.45,11.45,11.45,36.41,264.6,12.7,2250,2250,1,637200.0,1,F1,2250,,,,,
2026-02-18,2026-02-18,FO,NSE,STO,147470,,ONGC,,2026-03-30,2026-03-30,265.75,PE,ONGC26MAR265.75PE,8.55,8.55,7.3,7.6,7.6,7.7,264.6,7.6,42750,42750,25,15394387.5,24,F1,2250,,,,,
2026-02-18,2026-02-18,FO,NSE,STO,147407,,ONGC,,2026-03-30,2026-03-30,234.75,PE,ONGC26MAR234.75PE,0.0,0.0,0.0,7.69,0.0,7.69,264.6,0.85,0,0,0,0.0,0,F1,2250,,,,,
2026-02-18,2026-02-18,FO,NSE,STO,123849,,ONGC,,2026-02-24,2026-02-24,273.75,PE,ONGC26FEB273.75PE,11.3,11.3,9.15,9.6,9.8,8.75,264.6,9.6,783000,783000,60,38309962.5,51,F1,2250,,,,,
2026-02-18,2026-02-18,FO,NSE,STO,147180,,ONGC,,2026-02-24,2026-02-24,265.75,PE,ONGC26FEB265.75PE,3.4,4.55,2.45,2.8,2.8,2.85,264.6,2.8,1012500,1012500,1105,669141337.5,1011,F1,2250,,,,,
2026-02-18,2026-02-18,FO,NSE,STO,147118,,ONGC,,2026-02-24,2026-02-24,261.75,PE,ONGC26FEB261.75PE,2.0,2.15,0.85,0.95,0.9,1.3,264.6,0.95,969750,969750,781,462436875.0,650,F1,2250,,,,,
2026-02-18,2026-02-18,FO,NSE,STO,147044,,ONGC,,2026-02-24,2026-02-24,247.75,PE,ONGC26FEB247.75PE,0.15,0.15,0.05,0.05,0.05,0.15,264.6,0.05,468000,468000,17,9480150.0,17,F1,2250,,,,,
2026-02-18,2026-02-18,FO,NSE,STO,147022,,ONGC,,2026-02-24,2026-02-24,234.75,PE,ONGC26FEB234.75PE,0.0,0.0,0.0,0.2,0.2,0.2,264.6,0.05,150750,150750,0,0.0,0,F1,2250,,,,,
2026-02-18,2026-02-18,FO,NSE,STO,123823,,ONGC,,2026-02-24,2026-02-24,233.75,PE,ONGC26FEB233.75PE,0.1,0.15,0.05,0.1,0.05,0.15,264.6,0.1,690750,690750,90,47351137.5,32,F1,2250,,,,,
2026-02-18,2026-02-18,FO,NSE,STO,37245,,ONGC,,2026-03-30,2026-03-30,294.75,PE,ONGC26MAR294.75PE,0.0,0.0,0.0,33.65,0.0,33.65,264.6,30.05,0,0,0,0.0,0,F1,2250,,,,,
2026-02-18,2026-02-18,FO,NSE,STO,37249,,ONGC,,2026-03-30,2026-03-30,298.75,PE,ONGC26MAR298.75PE,0.0,0.0,0.0,36.9,0.0,36.9,264.6,33.6,0,0,0,0.0,0,F1,2250,,,,,
2026-02-18,2026-02-18,FO,NSE,STO,37300,,ONGC,,2026-04-28,2026-04-28,283.75,PE,ONGC26APR283.75PE,0.0,0.0,0.0,27.07,0.0,27.07,264.6,22.65,0,0,0,0.0,0,F1,2250,,,,,
2026-02-18,2026-02-18,FO,NSE,STO,147719,,ONGC,,2026-04-28,2026-04-28,271.75,PE,ONGC26APR271.75PE,0.0,0.0,0.0,31.59,0.0,31.59,264.6,14.95,0,0,0,0.0,0,F1,2250,,,,,
2026-02-18,2026-02-18,FO,NSE,STF,66960,,ONGC,,2026-04-28,2026-04-28,,,ONGC26APRFUT,267.95,268.35,266.7,268.0,268.25,275.45,264.6,268.0,1055250,78750,86,51773400.0,84,F1,2250,,,,,
2026-02-18,2026-02-18,FO,NSE,STO,146895,,ONGC,,2026-02-24,2026-02-24,211.75,CE,ONGC26FEB211.75CE,0.0,0.0,0.0,22.29,0.0,22.29,264.6,53.05,0,0,0,0.0,0,F1,2250,,,,,
2026-02-18,2026-02-18,FO,NSE,STO,146921,,ONGC,,2026-02-24,2026-02-24,227.75,CE,ONGC26FEB227.75CE,0.0,0.0,0.0,12.21,0.0,12.21,264.6,37.05,0,0,0,0.0,0,F1,2250,,,,,
2026-02-18,2026-02-18,FO,NSE,STO,146927,,ONGC,,2026-02-24,2026-02-24,231.75,CE,ONGC26FEB231.75CE,0.0,0.0,0.0,21.85,21.85,21.85,264.6,33.05,24750,24750,0,0.0,0,F1,2250,,,,,
2026-02-18,2026-02-18,FO,NSE,STO,147047,,ONGC,,2026-02-24,2026-02-24,250.75,CE,ONGC26FEB250.75CE,13.5,13.8,12.8,12.8,12.8,14.8,264.6,14.3,1694250,1694250,10,5941237.5,10,F1,2250,,,,,
2026-02-18,2026-02-18,FO,NSE,STO,147113,,ONGC,,2026-02-24,2026-02-24,259.75,CE,ONGC26FEB259.75CE,1.9,5.95,1.9,5.3,5.3,7.25,264.6,5.3,956250,956250,136,81089887.5,133,F1,2250,,,,,
2026-02-18,2026-02-18,FO,NSE,STO,147225,,ONGC,,2026-02-24,2026-02-24,279.75,CE,ONGC26FEB279.75CE,0.3,0.3,0.15,0.2,0.2,0.6,264.6,0.2,204750,204750,72,45356737.5,54,F1,2250,,,,,
2026-02-18,2026-02-18,FO,NSE,STO,147371,,ONGC,,2026-03-30,2026-03-30,227.75,CE,ONGC26MAR227.75CE,0.0,0.0,0.0,15.73,0.0,15.73,264.6,38.6,0,0,0,0.0,0,F1,2250,,,,,
2026-02-18,2026-02-18,FO,NSE,STO,147408,,ONGC,,2026-03-30,2026-03-30,236.75,CE,ONGC26MAR236.75CE,0.0,0.0,0.0,16.0,0.0,16.0,264.6,30.3,0,0,0,0.0,0,F1,2250,,,,,
2026-02-18,2026-02-18,FO,NSE,STO,147447,,ONGC,,2026-03-30,2026-03-30,247.75,CE,ONGC26MAR247.75CE,0.0,0.0,0.0,7.69,0.0,7.69,264.6,21.15,0,0,0,0.0,0,F1,2250,,,,,
2026-02-18,2026-02-18,FO,NSE,STO,147438,,ONGC,,2026-03-30,2026-03-30,266.75,CE,ONGC26MAR266.75CE,0.0,0.0,0.0,9.15,9.15,9.15,264.6,9.3,4500,4500,0,0.0,0,F1,2250,,,,,
2026-02-18,2026-02-18,FO,NSE,STO,147442,,ONGC,,2026-03-30,2026-03-30,270.75,CE,ONGC26MAR270.75CE,6.5,6.55,5.8,6.1,6.1,8.1,264.6,6.1,330750,330750,245,152636400.0,175,F1,2250,,,,,
2026-02-18,2026-02-18,FO,NSE,STO,147498,,ONGC,,2026-03-30,2026-03-30,274.75,CE,ONGC26MAR274.75CE,5.0,5.0,2.4,4.85,4.85,5.25,264.6,6.05,13500,13500,7,4399312.5,6,F1,2250,,,,,
2026-02-18,2026-02-18,FO,NSE,STO,49943,,ONGC,,2026-03-30,2026-03-30,275.75,CE,ONGC26MAR275.75CE,4.9,4.9,4.2,4.4,4.35,5.05,264.6,4.4,168750,168750,74,46649362.5,60,F1,2250,,,,,
2026-02-18,2026-02-18,FO,NSE,STO,37214,,ONGC,,2026-03-30,2026-03-30,278.75,CE,ONGC26MAR278.75CE,3.8,3.95,3.45,3.45,3.45,4.65,264.6,4.8,148500,148500,23,14621962.5,20,F1,2250,,,,,
2026-02-18,2026-02-18,FO,NSE,STO,37248,,ONGC,,2026-03-30,2026-03-30,298.75,CE,ONGC26MAR298.75CE,1.35,1.35,1.15,1.15,1.15,1.5,264.6,1.15,675000,675000,29,19572525.0,23,F1,2250,,,,,
2026-02-18,2026-02-18,FO,NSE,STO,147718,,ONGC,,2026-04-28,2026-04-28,271.75,CE,ONGC26APR271.75CE,0.0,0.0,0.0,5.8,0.0,5.8,264.6,10.65,0,0,0,0.0,0,F1,2250,,,,,
2026-02-18,2026-02-18,FO,NSE,STO,147732,,ONGC,,2026-04-28,2026-04-28,293.75,CE,ONGC26APR293.75CE,0.0,0.0,0.0,2.32,0.0,2.32,264.6,4.05,0,0,0,0.0,0,F1,2250,,,,,
2026-02-18,2026-02-18,FO,NSE,STO,146892,,ONGC,,2026-02-24,2026-02-24,209.75,PE,ONGC26FEB209.75PE,0.0,0.0,0.0,0.05,0.05,0.05,264.6,0.05,92250,92250,0,0.0,0,F1,2250,,,,,
2026-02-18,2026-02-18,FO,NSE,STO,146900,,ONGC,,2026-02-24,2026-02-24,214.75,PE,ONGC26FEB214.75PE,0.0,0.0,0.0,0.55,0.55,0.55,264.6,0.05,155250,155250,0,0.0,0,F1,2250,,,,,
2026-02-18,2026-02-18,FO,NSE,STO,146916,,ONGC,,2026-02-24,2026-02-24,224.75,PE,ONGC26FEB224.75PE,0.1,0.1,0.1,0.1,0.1,0.3,264.6,0.05,65250,65250,6,3035475.0,3,F1,2250,,,,,
2026-02-18,2026-02-18,FO,NSE,STO,146918,,ONGC,,2026-02-24,2026-02-24,225.75,PE,ONGC26FEB225.75PE,0.0,0.0,0.0,0.15,0.15,0.15,264.6,0.05,128250,128250,0,0.0,0,F1,2250,,,,,
2026-02-18,2026-02-18,FO,NSE,STO,147024,,ONGC,,2026-02-24,2026-02-24,235.75,PE,ONGC26FEB235.75PE,0.0,0.0,0.0,0.15,0.15,0.15,264.6,0.05,105750,105750,0,0.0,0,F1,2250,,,,,
2026-02-18,2026-02-18,FO,NSE,STO,147110,,ONGC,,2026-02-24,2026-02-24,256.75,PE,ONGC26FEB256.75PE,0.65,0.65,0.25,0.25,0.3,0.5,264.6,0.25,360000,360000,213,123230700.0,152,F1,2250,,,,,
2026-02-18,2026-02-18,FO,NSE,STO,36233,,ONGC,,2026-02-24,2026-02-24,266.75,PE,ONGC26FEB266.75PE,3.65,4.85,3.15,3.45,3.55,3.4,264.6,3.45,580500,580500,363,221098950.0,330,F1,2250,,,,,
2026-02-18,2026-02-18,FO,NSE,STO,37156,,ONGC,,2026-02-24,2026-02-24,282.75,PE,ONGC26FEB282.75PE,0.0,0.0,0.0,21.98,0.0,21.98,264.6,18.0,0,0,0,0.0,0,F1,2250,,,,,
2026-02-18,2026-02-18,FO,NSE,STO,147230,,ONGC,,2026-02-24,2026-02-24,285.75,PE,ONGC26FEB285.75PE,0.0,0.0,0.0,55.04,0.0,55.04,264.6,20.95,0,0,0,0.0,0,F1,2250,,,,,
2026-02-18,2026-02-18,FO,NSE,STO,37171,,ONGC,,2026-02-24,2026-02-24,292.75,PE,ONGC26FEB292.75PE,0.0,0.0,0.0,30.45,0.0,30.45,264.6,27.9,0,0,0,0.0,0,F1,2250,,,,,
2026-02-18,2026-02-18,FO,NSE,STO,147240,,ONGC,,2026-02-24,2026-02-24,297.75,PE,ONGC26FEB297.75PE,0.0,0.0,0.0,66.68,0.0,66.68,264.6,32.9,0,0,0,0.0,0,F1,2250,,,,,
2026-02-18,2026-02-18,FO,NSE,STO,37184,,ONGC,,2026-02-24,2026-02-24,298.75,PE,ONGC26FEB298.75PE,0.0,0.0,0.0,35.91,0.0,35.91,264.6,33.9,0,0,0,0.0,0,F1,2250,,,,,
2026-02-18,2026-02-18,FO,NSE,STO,147454,,ONGC,,2026-03-30,2026-03-30,249.75,PE,ONGC26MAR249.75PE,2.7,2.7,2.4,2.4,2.4,2.75,264.6,3.3,56250,56250,8,4542637.5,7,F1,2250,,,,,
2026-02-18,2026-02-18,FO,NSE,STO,37241,,ONGC,,2026-03-30,2026-03-30,290.75,PE,ONGC26MAR290.75PE,0.0,0.0,0.0,30.52,0.0,30.52,264.6,26.6,0,0,0,0.0,0,F1,2250,,,,,
2026-02-18,2026-02-18,FO,NSE,STO,146914,,ONGC,,2026-02-24,2026-02-24,222.75,PE,ONGC26FEB222.75PE,0.0,0.0,0.0,0.15,0.15,0.15,264.6,0.05,74250,74250,0,0.0,0,F1,2250,,,,,
2026-02-18,2026-02-18,FO,NSE,STO,147111,,ONGC,,2026-02-24,2026-02-24,257.75,CE,ONGC26FEB257.75CE,6.7,7.25,6.3,7.05,7.05,7.35,264.6,7.05,981000,981000,78,46414800.0,50,F1,2250,,,,,
2026-02-18,2026-02-18,FO,NSE,STO,147119,,ONGC,,2026-02-24,2026-02-24,262.75,CE,ONGC26FEB262.75CE,3.65,3.65,2.45,2.9,2.9,4.9,264.6,2.9,1125000,1125000,517,309162487.5,421,F1,2250,,,,,
2026-02-18,2026-02-18,FO,NSE,STO,147227,,ONGC,,2026-02-24,2026-02-24,281.75,CE,ONGC26FEB281.75CE,0.25,0.25,0.2,0.25,0.25,0.5,264.6,0.25,283500,283500,16,10151100.0,14,F1,2250,,,,,
2026-02-18,2026-02-18,FO,NSE,STO,147363,,ONGC,,2026-03-30,2026-03-30,219.75,CE,ONGC26MAR219.75CE,0.0,0.0,0.0,20.19,0.0,20.19,264.6,46.3,0,0,0,0.0,0,F1,2250,,,,,
2026-02-18,2026-02-18,FO,NSE,STO,147365,,ONGC,,2026-03-30,2026-03-30,221.75,CE,ONGC26MAR221.75CE,0.0,0.0,0.0,19.0,0.0,19.0,264.6,44.35,0,0,0,0.0,0,F1,2250,,,,,
2026-02-18,2026-02-18,FO,NSE,STO,147367,,ONGC,,2026-03-30,2026-03-30,223.75,CE,ONGC26MAR223.75CE,0.0,0.0,0.0,43.0,43.0,43.0,264.6,42.45,2250,2250,0,0.0,0,F1,2250,,,,,
2026-02-18,2026-02-18,FO,NSE,STO,147402,,ONGC,,2026-03-30,2026-03-30,230.75,CE,ONGC26MAR230.75CE,0.0,0.0,0.0,19.65,0.0,19.65,264.6,35.8,0,0,0,0.0,0,F1,2250,,,,,
2026-02-18,2026-02-18,FO,NSE,STO,147385,,ONGC,,2026-03-30,2026-03-30,239.75,CE,ONGC26MAR239.75CE,0.0,0.0,0.0,10.39,0.0,10.39,264.6,27.7,0,0,0,0.0,0,F1,2250,,,,,
2026-02-18,2026-02-18,FO,NSE,STO,147412,,ONGC,,2026-03-30,2026-03-30,240.75,CE,ONGC26MAR240.75CE,26.0,26.0,25.5,25.5,25.5,13.82,264.6,26.85,4500,4500,2,1199250.0,2,F1,2250,,,,,
2026-02-18,2026-02-18,FO,NSE,STO,147414,,ONGC,,2026-03-30,2026-03-30,242.75,CE,ONGC26MAR242.75CE,0.0,0.0,0.0,12.81,0.0,12.81,264.6,25.15,0,0,0,0.0,0,F1,2250,,,,,
2026-02-18,2026-02-18,FO,NSE,STO,147449,,ONGC,,2026-03-30,2026-03-30,249.75,CE,ONGC26MAR249.75CE,0.0,0.0,0.0,7.1,0.0,7.1,264.6,19.65,0,0,0,0.0,0,F1,2250,,,,,
2026-02-18,2026-02-18,FO,NSE,STO,147422,,ONGC,,2026-03-30,2026-03-30,250.75,CE,ONGC26MAR250.75CE,0.0,0.0,0.0,9.3,0.0,9.3,264.6,18.9,0,0,0,0.0,0,F1,2250,,,,,
2026-02-18,2026-02-18,FO,NSE,STO,147424,,ONGC,,2026-03-30,2026-03-30,252.75,CE,ONGC26MAR252.75CE,0.0,0.0,0.0,8.54,0.0,8.54,264.6,17.5,0,0,0,0.0,0,F1,2250,,,,,
2026-02-18,2026-02-18,FO,NSE,STO,147440,,ONGC,,2026-03-30,2026-03-30,268.75,CE,ONGC26MAR268.75CE,7.05,7.4,6.5,7.0,6.95,8.4,264.6,7.0,297000,297000,161,99824962.5,124,F1,2250,,,,,
2026-02-18,2026-02-18,FO,NSE,STO,147473,,ONGC,,2026-03-30,2026-03-30,273.75,CE,ONGC26MAR273.75CE,5.55,5.6,4.8,5.05,5.1,6.3,264.6,5.05,1464750,1464750,149,93506850.0,118,F1,2250,,,,,
2026-02-18,2026-02-18,FO,NSE,STO,37220,,ONGC,,2026-03-30,2026-03-30,284.75,CE,ONGC26MAR284.75CE,2.6,2.6,2.45,2.45,2.45,6.6,264.6,3.3,2250,2250,3,1939162.5,3,F1,2250,,,,,
2026-02-18,2026-02-18,FO,NSE,STO,39036,,ONGC,,2026-03-30,2026-03-30,300.75,CE,ONGC26MAR300.75CE,0.0,0.0,0.0,4.69,0.0,4.69,264.6,1.05,0,0,0,0.0,0,F1,2250,,,,,
2026-02-18,2026-02-18,FO,NSE,STO,147668,,ONGC,,2026-04-28,2026-04-28,221.75,CE,ONGC26APR221.75CE,0.0,0.0,0.0,28.67,0.0,28.67,264.6,45.85,0,0,0,0.0,0,F1,2250,,,,,
2026-02-18,2026-02-18,FO,NSE,STO,147688,,ONGC,,2026-04-28,2026-04-28,241.75,CE,ONGC26APR241.75CE,0.0,0.0,0.0,16.45,0.0,16.45,264.6,28.7,0,0,0,0.0,0,F1,2250,,,,,
2026-02-18,2026-02-18,FO,NSE,STO,37301,,ONGC,,2026-04-28,2026-04-28,287.75,CE,ONGC26APR287.75CE,0.0,0.0,0.0,8.85,0.0,8.85,264.6,5.35,0,0,0,0.0,0,F1,2250,,,,,
2026-02-18,2026-02-18,FO,NSE,STO,39050,,ONGC,,2026-04-28,2026-04-28,299.75,CE,ONGC26APR299.75CE,0.0,0.0,0.0,7.81,0.0,7.81,264.6,3.0,0,0,0,0.0,0,F1,2250,,,,,
2026-02-18,2026-02-18,FO,NSE,STO,146886,,ONGC,,2026-02-24,2026-02-24,205.75,PE,ONGC26FEB205.75PE,0.0,0.0,0.0,0.05,0.05,0.05,264.6,0.05,99000,99000,0,0.0,0,F1,2250,,,,,
2026-02-18,2026-02-18,FO,NSE,STO,146906,,ONGC,,2026-02-24,2026-02-24,217.75,PE,ONGC26FEB217.75PE,0.0,0.0,0.0,0.6,0.6,0.6,264.6,0.05,20250,20250,0,0.0,0,F1,2250,,,,,
2026-02-18,2026-02-18,FO,NSE,STO,147731,,ONGC,,2026-04-28,2026-04-28,289.75,PE,ONGC26APR289.75PE,0.0,0.0,0.0,46.28,0.0,46.28,264.6,27.05,0,0,0,0.0,0,F1,2250,,,,,
2026-02-18,2026-02-18,FO,NSE,STO,147721,,ONGC,,2026-04-28,2026-04-28,273.75,PE,ONGC26APR273.75PE,0.0,0.0,0.0,33.12,0.0,33.12,264.6,16.15,0,0,0,0.0,0,F1,2250,,,,,
2026-02-18,2026-02-18,FO,NSE,STO,147703,,ONGC,,2026-04-28,2026-04-28,255.75,PE,ONGC26APR255.75PE,0.0,0.0,0.0,20.45,0.0,20.45,264.6,7.4,0,0,0,0.0,0,F1,2250,,,,,
2026-02-18,2026-02-18,FO,NSE,STO,147484,,ONGC,,2026-03-30,2026-03-30,293.75,PE,ONGC26MAR293.75PE,28.1,28.1,28.1,28.1,28.1,27.6,264.6,28.1,56250,56250,2,1448325.0,1,F1,2250,,,,,
2026-02-18,2026-02-18,FO,NSE,STO,37243,,ONGC,,2026-03-30,2026-03-30,292.75,PE,ONGC26MAR292.75PE,0.0,0.0,0.0,32.06,0.0,32.06,264.6,28.3,0,0,0,0.0,0,F1,2250,,,,,
2026-02-18,2026-02-18,FO,NSE,STO,37219,,ONGC,,2026-03-30,2026-03-30,282.75,PE,ONGC26MAR282.75PE,0.0,0.0,0.0,24.6,0.0,24.6,264.6,20.2,0,0,0,0.0,0,F1,2250,,,,,
2026-02-18,2026-02-18,FO,NSE,STO,37217,,ONGC,,2026-03-30,2026-03-30,280.75,PE,ONGC26MAR280.75PE,0.0,0.0,0.0,23.21,0.0,23.21,264.6,18.7,0,0,0,0.0,0,F1,2250,,,,,
2026-02-18,2026-02-18,FO,NSE,STO,147431,,ONGC,,2026-03-30,2026-03-30,258.75,PE,ONGC26MAR258.75PE,5.2,5.45,4.5,4.55,4.55,4.9,264.6,4.55,294750,294750,63,37383187.5,49,F1,2250,,,,,
2026-02-18,2026-02-18,FO,NSE,STO,147378,,ONGC,,2026-03-30,2026-03-30,233.75,PE,ONGC26MAR233.75PE,1.05,1.25,0.7,0.7,0.7,0.9,264.6,0.75,499500,499500,39,20582325.0,32,F1,2250,,,,,
2026-02-18,2026-02-18,FO,NSE,STO,147374,,ONGC,,2026-03-30,2026-03-30,229.75,PE,ONGC26MAR229.75PE,0.0,0.0,0.0,0.65,0.65,0.65,264.6,0.5,117000,117000,0,0.0,0,F1,2250,,,,,
2026-02-18,2026-02-18,FO,NSE,STO,36247,,ONGC,,2026-02-24,2026-02-24,301.75,PE,ONGC26FEB301.75PE,0.0,0.0,0.0,65.03,0.0,65.03,264.6,36.9,0,0,0,0.0,0,F1,2250,,,,,
2026-02-18,2026-02-18,FO,NSE,STO,147242,,ONGC,,2026-02-24,2026-02-24,299.75,PE,ONGC26FEB299.75PE,0.0,0.0,0.0,68.63,0.0,68.63,264.6,34.9,0,0,0,0.0,0,F1,2250,,,,,
2026-02-18,2026-02-18,FO,NSE,STO,37169,,ONGC,,2026-02-24,2026-02-24,290.75,PE,ONGC26FEB290.75PE,0.0,0.0,0.0,28.69,0.0,28.69,264.6,25.9,0,0,0,0.0,0,F1,2250,,,,,
2026-02-18,2026-02-18,FO,NSE,STO,123955,,ONGC,,2026-02-24,2026-02-24,283.75,PE,ONGC26FEB283.75PE,0.0,0.0,0.0,18.85,18.85,18.85,264.6,19.0,87750,87750,0,0.0,0,F1,2250,,,,,
2026-02-18,2026-02-18,FO,NSE,STO,147228,,ONGC,,2026-02-24,2026-02-24,281.75,PE,ONGC26FEB281.75PE,0.0,0.0,0.0,51.21,0.0,51.21,264.6,17.05,0,0,0,0.0,0,F1,2250,,,,,
2026-02-18,2026-02-18,FO,NSE,STO,40074,,ONGC,,2026-02-24,2026-02-24,270.75,PE,ONGC26FEB270.75PE,8.15,8.2,6.1,6.8,6.8,6.15,264.6,6.8,402750,402750,128,80094712.5,103,F1,2250,,,,,
2026-02-18,2026-02-18,FO,NSE,STO,147401,,ONGC,,2026-03-30,2026-03-30,228.75,PE,ONGC26MAR228.75PE,0.0,0.0,0.0,1.05,1.05,1.05,264.6,0.45,33750,33750,0,0.0,0,F1,2250,,,,,
2026-02-18,2026-02-18,FO,NSE,STO,147354,,ONGC,,2026-03-30,2026-03-30,209.75,PE,ONGC26MAR209.75PE,0.5,0.5,0.2,0.2,0.2,4.92,264.6,0.05,27000,27000,13,6141712.5,13,F1,2250,,,,,
2026-02-18,2026-02-18,FO,NSE,STO,147232,,ONGC,,2026-02-24,2026-02-24,287.75,PE,ONGC26FEB287.75PE,0.0,0.0,0.0,56.96,0.0,56.96,264.6,22.9,0,0,0,0.0,0,F1,2250,,,,,
2026-02-18,2026-02-18,FO,NSE,STO,49936,,ONGC,,2026-02-24,2026-02-24,276.75,PE,ONGC26FEB276.75PE,0.0,0.0,0.0,12.3,12.2,12.3,264.6,12.4,76500,76500,0,0.0,0,F1,2250,,,,,
2026-02-18,2026-02-18,FO,NSE,STO,123842,,ONGC,,2026-02-24,2026-02-24,268.75,PE,ONGC26FEB268.75PE,6.15,7.5,4.55,5.0,5.0,4.7,264.6,5.0,2002500,2002500,450,277781962.5,433,F1,2250,,,,,
2026-02-18,2026-02-18,FO,NSE,STO,146896,,ONGC,,2026-02-24,2026-02-24,211.75,PE,ONGC26FEB211.75PE,0.0,0.0,0.0,3.6,0.0,3.6,264.6,0.05,0,0,0,0.0,0,F1,2250,,,,,
2026-02-18,2026-02-18,FO,NSE,STO,147712,,ONGC,,2026-04-28,2026-04-28,265.75,CE,ONGC26APR265.75CE,0.0,0.0,0.0,7.27,0.0,7.27,264.6,13.35,0,0,0,0.0,0,F1,2250,,,,,
2026-02-18,2026-02-18,FO,NSE,STO,147702,,ONGC,,2026-04-28,2026-04-28,255.75,CE,ONGC26APR255.75CE,0.0,0.0,0.0,10.42,0.0,10.42,264.6,18.9,0,0,0,0.0,0,F1,2250,,,,,
2026-02-18,2026-02-18,FO,NSE,STO,147690,,ONGC,,2026-04-28,2026-04-28,243.75,CE,ONGC26APR243.75CE,0.0,0.0,0.0,15.46,0.0,15.46,264.6,27.15,0,0,0,0.0,0,F1,2250,,,,,
2026-02-18,2026-02-18,FO,NSE,STO,37242,,ONGC,,2026-03-30,2026-03-30,292.75,CE,ONGC26MAR292.75CE,1.6,1.6,1.55,1.55,1.55,4.72,264.6,1.9,22500,22500,11,7284712.5,7,F1,2250,,,,,
2026-02-18,2026-02-18,FO,NSE,STO,147353,,ONGC,,2026-03-30,2026-03-30,209.75,CE,ONGC26MAR209.75CE,55.85,55.85,55.85,55.85,55.85,26.8,264.6,56.15,2250,2250,1,597600.0,1,F1,2250,,,,,
2026-02-18,2026-02-18,FO,NSE,STO,37183,,ONGC,,2026-02-24,2026-02-24,298.75,CE,ONGC26FEB298.75CE,0.15,0.2,0.1,0.1,0.1,0.2,264.6,0.1,1257750,1257750,158,106245000.0,38,F1,2250,,,,,
2026-02-18,2026-02-18,FO,NSE,STO,37166,,ONGC,,2026-02-24,2026-02-24,288.75,CE,ONGC26FEB288.75CE,0.15,0.2,0.1,0.1,0.1,0.35,264.6,0.05,384750,384750,114,74098800.0,48,F1,2250,,,,,
2026-02-18,2026-02-18,FO,NSE,STO,37155,,ONGC,,2026-02-24,2026-02-24,282.75,CE,ONGC26FEB282.75CE,0.15,0.2,0.15,0.2,0.2,0.4,264.6,0.1,139500,139500,3,1909687.5,2,F1,2250,,,,,
2026-02-18,2026-02-18,FO,NSE,STO,147031,,ONGC,,2026-02-24,2026-02-24,240.75,CE,ONGC26FEB240.75CE,0.0,0.0,0.0,24.05,24.05,24.05,264.6,24.1,74250,74250,0,0.0,0,F1,2250,,,,,
2026-02-18,2026-02-18,FO,NSE,STO,147403,,ONGC,,2026-03-30,2026-03-30,230.75,PE,ONGC26MAR230.75PE,0.0,0.0,0.0,6.22,0.0,6.22,264.6,0.55,0,0,0,0.0,0,F1,2250,,,,,
2026-02-18,2026-02-18,FO,NSE,STO,147468,,ONGC,,2026-03-30,2026-03-30,263.75,PE,ONGC26MAR263.75PE,6.85,7.6,6.45,6.6,6.7,6.8,264.6,6.6,688500,688500,164,99957150.0,131,F1,2250,,,,,
2026-02-18,2026-02-18,FO,NSE,STO,37235,,ONGC,,2026-03-30,2026-03-30,286.75,PE,ONGC26MAR286.75PE,0.0,0.0,0.0,27.48,0.0,27.48,264.6,23.3,0,0,0,0.0,0,F1,2250,,,,,
2026-02-18,2026-02-18,FO,NSE,STO,147677,,ONGC,,2026-04-28,2026-04-28,229.75,PE,ONGC26APR229.75PE,0.0,0.0,0.0,7.7,0.0,7.7,264.6,1.4,0,0,0,0.0,0,F1,2250,,,,,
2026-02-18,2026-02-18,FO,NSE,STO,147689,,ONGC,,2026-04-28,2026-04-28,241.75,PE,ONGC26APR241.75PE,0.0,0.0,0.0,12.7,0.0,12.7,264.6,3.35,0,0,0,0.0,0,F1,2250,,,,,
2026-02-18,2026-02-18,FO,NSE,STO,147697,,ONGC,,2026-04-28,2026-04-28,249.75,PE,ONGC26APR249.75PE,0.0,0.0,0.0,16.88,0.0,16.88,264.6,5.4,0,0,0,0.0,0,F1,2250,,,,,
2026-02-18,2026-02-18,FO,NSE,STO,147733,,ONGC,,2026-04-28,2026-04-28,293.75,PE,ONGC26APR293.75PE,0.0,0.0,0.0,49.77,0.0,49.77,264.6,30.15,0,0,0,0.0,0,F1,2250,,,,,
2026-02-18,2026-02-18,FO,NSE,STO,39056,,ONGC,,2026-04-28,2026-04-28,299.75,PE,ONGC26APR299.75PE,0.0,0.0,0.0,33.82,0.0,33.82,264.6,35.05,0,0,0,0.0,0,F1,2250,,,,,
2026-02-18,2026-02-18,FO,NSE,STO,147364,,ONGC,,2026-03-30,2026-03-30,219.75,PE,ONGC26MAR219.75PE,0.0,0.0,0.0,8.16,0.0,8.16,264.6,0.15,0,0,0,0.0,0,F1,2250,,,,,
2026-02-18,2026-02-18,FO,NSE,STO,147399,,ONGC,,2026-03-30,2026-03-30,226.75,PE,ONGC26MAR226.75PE,0.0,0.0,0.0,4.95,0.0,4.95,264.6,0.35,0,0,0,0.0,0,F1,2250,,,,,
2026-02-18,2026-02-18,FO,NSE,STO,147471,,ONGC,,2026-03-30,2026-03-30,269.75,CE,ONGC26MAR269.75CE,6.4,6.4,6.4,6.4,6.4,3.04,264.6,8.0,11250,11250,5,3106687.5,4,F1,2250,,,,,
2026-02-18,2026-02-18,FO,NSE,STO,146911,,ONGC,,2026-02-24,2026-02-24,221.75,CE,ONGC26FEB221.75CE,0.0,0.0,0.0,15.56,0.0,15.56,264.6,43.05,0,0,0,0.0,0,F1,2250,,,,,
2026-02-18,2026-02-18,FO,NSE,STO,37236,,ONGC,,2026-03-30,2026-03-30,288.75,CE,ONGC26MAR288.75CE,2.05,2.05,1.9,1.95,1.95,2.6,264.6,1.95,51750,51750,22,14389875.0,11,F1,2250,,,,,
2026-02-18,2026-02-18,FO,NSE,STO,147481,,ONGC,,2026-03-30,2026-03-30,289.75,CE,ONGC26MAR289.75CE,1.95,1.95,1.95,1.95,1.95,1.16,264.6,2.35,2250,2250,1,656325.0,1,F1,2250,,,,,
2026-02-18,2026-02-18,FO,NSE,STO,147485,,ONGC,,2026-03-30,2026-03-30,297.75,CE,ONGC26MAR297.75CE,0.0,0.0,0.0,0.77,0.0,0.77,264.6,1.35,0,0,0,0.0,0,F1,2250,,,,,
2026-02-18,2026-02-18,FO,NSE,STO,147514,,ONGC,,2026-03-30,2026-03-30,299.75,CE,ONGC26MAR299.75CE,1.1,1.1,1.1,1.1,1.1,0.71,264.6,1.15,2250,2250,1,676912.5,1,F1,2250,,,,,
2026-02-18,2026-02-18,FO,NSE,STO,147734,,ONGC,,2026-04-28,2026-04-28,297.75,CE,ONGC26APR297.75CE,0.0,0.0,0.0,1.94,0.0,1.94,264.6,3.3,0,0,0,0.0,0,F1,2250,,,,,
2026-02-18,2026-02-18,FO,NSE,STO,146908,,ONGC,,2026-02-24,2026-02-24,219.75,PE,ONGC26FEB219.75PE,0.0,0.0,0.0,0.05,0.05,0.05,264.6,0.05,99000,99000,0,0.0,0,F1,2250,,,,,
2026-02-18,2026-02-18,FO,NSE,STO,147735,,ONGC,,2026-04-28,2026-04-28,297.75,PE,ONGC26APR297.75PE,0.0,0.0,0.0,53.33,0.0,53.33,264.6,33.4,0,0,0,0.0,0,F1,2250,,,,,
2026-02-18,2026-02-18,FO,NSE,STO,37320,,ONGC,,2026-04-28,2026-04-28,295.75,PE,ONGC26APR295.75PE,0.0,0.0,0.0,35.67,0.0,35.67,264.6,31.75,0,0,0,0.0,0,F1,2250,,,,,
2026-02-18,2026-02-18,FO,NSE,STO,147717,,ONGC,,2026-04-28,2026-04-28,269.75,PE,ONGC26APR269.75PE,0.0,0.0,0.0,30.08,0.0,30.08,264.6,13.85,0,0,0,0.0,0,F1,2250,,,,,
2026-02-18,2026-02-18,FO,NSE,STO,147715,,ONGC,,2026-04-28,2026-04-28,267.75,PE,ONGC26APR267.75PE,0.0,0.0,0.0,28.6,0.0,28.6,264.6,12.8,0,0,0,0.0,0,F1,2250,,,,,
2026-02-18,2026-02-18,FO,NSE,STO,147695,,ONGC,,2026-04-28,2026-04-28,247.75,PE,ONGC26APR247.75PE,0.0,0.0,0.0,15.77,0.0,15.77,264.6,4.8,0,0,0,0.0,0,F1,2250,,,,,
2026-02-18,2026-02-18,FO,NSE,STO,147673,,ONGC,,2026-04-28,2026-04-28,225.75,PE,ONGC26APR225.75PE,0.0,0.0,0.0,6.38,0.0,6.38,264.6,1.0,0,0,0,0.0,0,F1,2250,,,,,
2026-02-18,2026-02-18,FO,NSE,STO,37215,,ONGC,,2026-03-30,2026-03-30,278.75,PE,ONGC26MAR278.75PE,0.0,0.0,0.0,21.86,0.0,21.86,264.6,17.3,0,0,0,0.0,0,F1,2250,,,,,
2026-02-18,2026-02-18,FO,NSE,STO,147476,,ONGC,,2026-03-30,2026-03-30,277.75,PE,ONGC26MAR277.75PE,0.0,0.0,0.0,47.21,0.0,47.21,264.6,16.6,0,0,0,0.0,0,F1,2250,,,,,
2026-02-18,2026-02-18,FO,NSE,STO,147439,,ONGC,,2026-03-30,2026-03-30,266.75,PE,ONGC26MAR266.75PE,0.0,0.0,0.0,26.7,0.0,26.7,264.6,9.85,0,0,0,0.0,0,F1,2250,,,,,
2026-02-18,2026-02-18,FO,NSE,STO,147458,,ONGC,,2026-03-30,2026-03-30,253.75,PE,ONGC26MAR253.75PE,3.6,3.8,3.05,3.15,3.2,3.35,264.6,3.15,742500,742500,80,46268887.5,60,F1,2250,,,,,
2026-02-18,2026-02-18,FO,NSE,STO,147423,,ONGC,,2026-03-30,2026-03-30,250.75,PE,ONGC26MAR250.75PE,2.75,2.85,2.45,2.5,2.45,2.85,264.6,2.5,119250,119250,23,13117387.5,20,F1,2250,,,,,
2026-02-18,2026-02-18,FO,NSE,STO,39021,,ONGC,,2026-02-24,2026-02-24,300.75,PE,ONGC26FEB300.75PE,0.0,0.0,0.0,31.57,0.0,31.57,264.6,35.9,0,0,0,0.0,0,F1,2250,,,,,
2026-02-18,2026-02-18,FO,NSE,STO,37167,,ONGC,,2026-02-24,2026-02-24,288.75,PE,ONGC26FEB288.75PE,0.0,0.0,0.0,26.96,0.0,26.96,264.6,23.9,0,0,0,0.0,0,F1,2250,,,,,
2026-02-18,2026-02-18,FO,NSE,STO,49002,,ONGC,,2026-02-24,2026-02-24,272.75,PE,ONGC26FEB272.75PE,9.45,9.7,8.75,8.8,8.8,7.8,264.6,8.8,121500,121500,21,13322587.5,20,F1,2250,,,,,
2026-02-18,2026-02-18,FO,NSE,STO,123838,,ONGC,,2026-02-24,2026-02-24,263.75,PE,ONGC26FEB263.75PE,3.5,3.5,1.35,1.6,1.6,1.9,264.6,1.6,5022000,5022000,3310,1980509400.0,2705,F1,2250,,,,,
2026-02-18,2026-02-18,FO,NSE,STO,147108,,ONGC,,2026-02-24,2026-02-24,255.75,PE,ONGC26FEB255.75PE,0.55,0.55,0.2,0.2,0.2,0.45,264.6,0.2,513000,513000,103,59352862.5,83,F1,2250,,,,,
2026-02-18,2026-02-18,FO,NSE,STO,123834,,ONGC,,2026-02-24,2026-02-24,253.75,PE,ONGC26FEB253.75PE,0.35,0.4,0.15,0.15,0.15,0.35,264.6,0.15,2308500,2308500,1069,610908975.0,437,F1,2250,,,,,
2026-02-18,2026-02-18,FO,NSE,STO,147046,,ONGC,,2026-02-24,2026-02-24,249.75,PE,ONGC26FEB249.75PE,0.0,0.0,0.0,0.25,0.25,0.25,264.6,0.2,393750,393750,0,0.0,0,F1,2250,,,,,
2026-02-18,2026-02-18,FO,NSE,STO,147030,,ONGC,,2026-02-24,2026-02-24,239.75,PE,ONGC26FEB239.75PE,0.0,0.0,0.0,0.15,0.15,0.15,264.6,0.05,243000,243000,0,0.0,0,F1,2250,,,,,
2026-02-18,2026-02-18,FO,NSE,STO,146922,,ONGC,,2026-02-24,2026-02-24,227.75,PE,ONGC26FEB227.75PE,0.05,0.05,0.05,0.05,0.05,0.4,264.6,0.05,24750,24750,4,2050200.0,3,F1,2250,,,,,
2026-02-18,2026-02-18,FO,NSE,STO,36232,,ONGC,,2026-02-24,2026-02-24,266.75,CE,ONGC26FEB266.75CE,2.2,2.6,1.05,1.2,1.15,2.7,264.6,1.2,1152000,1152000,916,552590662.5,689,F1,2250,,,,,
2026-02-18,2026-02-18,FO,NSE,STO,123839,,ONGC,,2026-02-24,2026-02-24,268.75,CE,ONGC26FEB268.75CE,1.9,1.9,0.65,0.8,0.8,2.0,264.6,0.8,7193250,7193250,2864,1737862762.5,1610,F1,2250,,,,,
2026-02-18,2026-02-18,FO,NSE,STO,147053,,ONGC,,2026-02-24,2026-02-24,254.75,CE,ONGC26FEB254.75CE,9.2,10.5,9.2,9.8,9.75,11.45,264.6,9.8,256500,256500,25,14883187.5,25,F1,2250,,,,,
2026-02-18,2026-02-18,FO,NSE,STO,147041,,ONGC,,2026-02-24,2026-02-24,246.75,CE,ONGC26FEB246.75CE,0.0,0.0,0.0,21.8,21.6,21.8,264.6,18.15,1111500,1111500,0,0.0,0,F1,2250,,,,,
2026-02-18,2026-02-18,FO,NSE,STO,123820,,ONGC,,2026-02-24,2026-02-24,228.75,CE,ONGC26FEB228.75CE,36.0,36.0,35.1,35.1,35.1,36.6,264.6,36.05,121500,121500,4,2379262.5,3,F1,2250,,,,,
2026-02-18,2026-02-18,FO,NSE,STO,146917,,ONGC,,2026-02-24,2026-02-24,225.75,CE,ONGC26FEB225.75CE,0.0,0.0,0.0,13.26,0.0,13.26,264.6,39.05,0,0,0,0.0,0,F1,2250,,,,,
2026-02-18,2026-02-18,FO,NSE,STO,37164,,ONGC,,2026-02-24,2026-02-24,286.75,CE,ONGC26FEB286.75CE,0.15,0.15,0.15,0.15,0.15,0.35,264.6,0.05,148500,148500,12,7746300.0,8,F1,2250,,,,,
2026-02-18,2026-02-18,FO,NSE,STO,147233,,ONGC,,2026-02-24,2026-02-24,289.75,CE,ONGC26FEB289.75CE,0.15,0.2,0.1,0.15,0.15,0.3,264.6,0.15,1215000,1215000,101,65877187.5,28,F1,2250,,,,,
2026-02-18,2026-02-18,FO,NSE,STO,147357,,ONGC,,2026-03-30,2026-03-30,213.75,CE,ONGC26MAR213.75CE,0.0,0.0,0.0,51.0,51.0,51.0,264.6,52.2,22500,22500,0,0.0,0,F1,2250,,,,,
2026-02-18,2026-02-18,FO,NSE,STO,147389,,ONGC,,2026-03-30,2026-03-30,243.75,CE,ONGC26MAR243.75CE,23.5,23.8,22.85,23.8,23.8,25.3,264.6,24.35,155250,155250,6,3603712.5,4,F1,2250,,,,,
2026-02-18,2026-02-18,FO,NSE,STO,147455,,ONGC,,2026-03-30,2026-03-30,251.75,CE,ONGC26MAR251.75CE,0.0,0.0,0.0,6.56,0.0,6.56,264.6,18.2,0,0,0,0.0,0,F1,2250,,,,,
2026-02-18,2026-02-18,FO,NSE,STO,123828,,ONGC,,2026-02-24,2026-02-24,243.75,PE,ONGC26FEB243.75PE,0.15,0.25,0.05,0.05,0.05,0.2,264.6,0.05,2693250,2693250,453,248562225.0,153,F1,2250,,,,,
2026-02-18,2026-02-18,FO,NSE,STO,147028,,ONGC,,2026-02-24,2026-02-24,237.75,PE,ONGC26FEB237.75PE,0.05,0.1,0.05,0.05,0.05,0.15,264.6,0.05,157500,157500,15,8027100.0,15,F1,2250,,,,,
2026-02-18,2026-02-18,FO,NSE,STO,146930,,ONGC,,2026-02-24,2026-02-24,232.75,PE,ONGC26FEB232.75PE,0.1,0.1,0.1,0.1,0.1,0.2,264.6,0.05,76500,76500,6,3143475.0,6,F1,2250,,,,,
2026-02-18,2026-02-18,FO,NSE,STO,146928,,ONGC,,2026-02-24,2026-02-24,231.75,PE,ONGC26FEB231.75PE,0.1,0.1,0.05,0.05,0.05,0.25,264.6,0.05,108000,108000,24,12519787.5,16,F1,2250,,,,,
2026-02-18,2026-02-18,FO,NSE,STO,147427,,ONGC,,2026-03-30,2026-03-30,254.75,PE,ONGC26MAR254.75PE,3.55,3.55,3.55,3.55,3.55,4.4,264.6,4.75,18000,18000,4,2324700.0,1,F1,2250,,,,,
2026-02-18,2026-02-18,FO,NSE,STO,147460,,ONGC,,2026-03-30,2026-03-30,255.75,PE,ONGC26MAR255.75PE,4.2,4.2,3.6,3.6,3.6,4.15,264.6,3.6,65250,65250,26,15176925.0,12,F1,2250,,,,,
2026-02-18,2026-02-18,FO,NSE,STO,147464,,ONGC,,2026-03-30,2026-03-30,259.75,PE,ONGC26MAR259.75PE,5.15,5.15,4.85,4.85,4.85,32.1,264.6,4.85,13500,13500,6,3573450.0,5,F1,2250,,,,,
2026-02-18,2026-02-18,FO,NSE,STO,147445,,ONGC,,2026-03-30,2026-03-30,272.75,PE,ONGC26MAR272.75PE,0.0,0.0,0.0,31.45,0.0,31.45,264.6,13.3,0,0,0,0.0,0,F1,2250,,,,,
2026-02-18,2026-02-18,FO,NSE,STO,49944,,ONGC,,2026-03-30,2026-03-30,275.75,PE,ONGC26MAR275.75PE,0.0,0.0,0.0,34.19,0.0,34.19,264.6,15.2,0,0,0,0.0,0,F1,2250,,,,,
2026-02-18,2026-02-18,FO,NSE,STO,147478,,ONGC,,2026-03-30,2026-03-30,281.75,PE,ONGC26MAR281.75PE,0.0,0.0,0.0,50.78,0.0,50.78,264.6,19.45,0,0,0,0.0,0,F1,2250,,,,,
2026-02-18,2026-02-18,FO,NSE,STO,37237,,ONGC,,2026-03-30,2026-03-30,288.75,PE,ONGC26MAR288.75PE,0.0,0.0,0.0,28.99,0.0,28.99,264.6,24.95,0,0,0,0.0,0,F1,2250,,,,,
2026-02-18,2026-02-18,FO,NSE,STO,39037,,ONGC,,2026-03-30,2026-03-30,300.75,PE,ONGC26MAR300.75PE,0.0,0.0,0.0,33.18,0.0,33.18,264.6,35.4,0,0,0,0.0,0,F1,2250,,,,,
2026-02-18,2026-02-18,FO,NSE,STO,146909,,ONGC,,2026-02-24,2026-02-24,220.75,CE,ONGC26FEB220.75CE,0.0,0.0,0.0,25.0,25.0,25.0,264.6,44.05,6750,6750,0,0.0,0,F1,2250,,,,,
2026-02-18,2026-02-18,FO,NSE,STO,147033,,ONGC,,2026-02-24,2026-02-24,241.75,CE,ONGC26FEB241.75CE,22.15,22.85,22.15,22.85,22.85,20.7,264.6,23.1,204750,204750,4,2378925.0,4,F1,2250,,,,,
2026-02-18,2026-02-18,FO,NSE,STO,123835,,ONGC,,2026-02-24,2026-02-24,258.75,CE,ONGC26FEB258.75CE,6.05,6.75,5.35,6.15,6.0,7.9,264.6,6.15,2994750,2994750,203,120916350.0,176,F1,2250,,,,,
2026-02-18,2026-02-18,FO,NSE,STO,147135,,ONGC,,2026-02-24,2026-02-24,265.75,CE,ONGC26FEB265.75CE,2.95,3.15,1.3,1.5,1.5,3.15,264.6,1.5,2589750,2589750,2906,1748650162.5,2011,F1,2250,,,,,
2026-02-18,2026-02-18,FO,NSE,STO,147683,,ONGC,,2026-04-28,2026-04-28,235.75,PE,ONGC26APR235.75PE,0.0,0.0,0.0,10.01,0.0,10.01,264.6,2.2,0,0,0,0.0,0,F1,2250,,,,,
2026-02-18,2026-02-18,FO,NSE,STO,147685,,ONGC,,2026-04-28,2026-04-28,237.75,PE,ONGC26APR237.75PE,0.0,0.0,0.0,10.86,0.0,10.86,264.6,2.55,0,0,0,0.0,0,F1,2250,,,,,
2026-02-18,2026-02-18,FO,NSE,STO,147701,,ONGC,,2026-04-28,2026-04-28,253.75,PE,ONGC26APR253.75PE,0.0,0.0,0.0,19.22,0.0,19.22,264.6,6.7,0,0,0,0.0,0,F1,2250,,,,,
2026-02-18,2026-02-18,FO,NSE,STO,147707,,ONGC,,2026-04-28,2026-04-28,259.75,PE,ONGC26APR259.75PE,0.0,0.0,0.0,23.03,0.0,23.03,264.6,9.0,0,0,0,0.0,0,F1,2250,,,,,
2026-02-18,2026-02-18,FO,NSE,STO,40077,,ONGC,,2026-03-30,2026-03-30,271.75,CE,ONGC26MAR271.75CE,5.8,6.0,5.6,5.75,5.75,6.85,264.6,7.15,85500,85500,16,9994950.0,13,F1,2250,,,,,
2026-02-18,2026-02-18,FO,NSE,STO,147361,,ONGC,,2026-03-30,2026-03-30,217.75,CE,ONGC26MAR217.75CE,0.0,0.0,0.0,21.42,0.0,21.42,264.6,48.25,0,0,0,0.0,0,F1,2250,,,,,
2026-02-18,2026-02-18,FO,NSE,STO,36246,,ONGC,,2026-02-24,2026-02-24,301.75,CE,ONGC26FEB301.75CE,0.1,0.1,0.05,0.1,0.1,0.15,264.6,0.1,537750,537750,86,58407525.0,22,F1,2250,,,,,
2026-02-18,2026-02-18,FO,NSE,STO,123958,,ONGC,,2026-02-24,2026-02-24,293.75,CE,ONGC26FEB293.75CE,0.2,0.2,0.05,0.1,0.1,0.25,264.6,0.1,2031750,2031750,582,384812775.0,184,F1,2250,,,,,
2026-02-18,2026-02-18,FO,NSE,STO,37151,,ONGC,,2026-02-24,2026-02-24,280.75,CE,ONGC26FEB280.75CE,0.35,0.35,0.15,0.15,0.2,0.55,264.6,0.15,420750,420750,219,138443850.0,128,F1,2250,,,,,
2026-02-18,2026-02-18,FO,NSE,STO,147366,,ONGC,,2026-03-30,2026-03-30,221.75,PE,ONGC26MAR221.75PE,0.0,0.0,0.0,8.95,0.0,8.95,264.6,0.2,0,0,0,0.0,0,F1,2250,,,,,
2026-02-18,2026-02-18,FO,NSE,STO,147236,,ONGC,,2026-02-24,2026-02-24,291.75,PE,ONGC26FEB291.75PE,0.0,0.0,0.0,60.83,0.0,60.83,264.6,26.9,0,0,0,0.0,0,F1,2250,,,,,
2026-02-18,2026-02-18,FO,NSE,STO,147376,,ONGC,,2026-03-30,2026-03-30,231.75,PE,ONGC26MAR231.75PE,0.0,0.0,0.0,13.57,0.0,13.57,264.6,0.6,0,0,0,0.0,0,F1,2250,,,,,
2026-02-18,2026-02-18,FO,NSE,STO,147386,,ONGC,,2026-03-30,2026-03-30,239.75,PE,ONGC26MAR239.75PE,0.0,0.0,0.0,4.75,4.75,4.75,264.6,1.4,24750,24750,0,0.0,0,F1,2250,,,,,
2026-02-18,2026-02-18,FO,NSE,STO,147413,,ONGC,,2026-03-30,2026-03-30,240.75,PE,ONGC26MAR240.75PE,2.6,2.6,1.2,1.2,1.2,1.6,264.6,1.2,58500,58500,18,9810225.0,12,F1,2250,,,,,
2026-02-18,2026-02-18,FO,NSE,STO,147696,,ONGC,,2026-04-28,2026-04-28,249.75,CE,ONGC26APR249.75CE,0.0,0.0,0.0,12.75,0.0,12.75,264.6,22.8,0,0,0,0.0,0,F1,2250,,,,,
2026-02-18,2026-02-18,FO,NSE,STO,147552,,ONGC,,2026-04-28,2026-04-28,217.75,CE,ONGC26APR217.75CE,0.0,0.0,0.0,31.6,0.0,31.6,264.6,49.6,0,0,0,0.0,0,F1,2250,,,,,
2026-02-18,2026-02-18,FO,NSE,STO,147479,,ONGC,,2026-03-30,2026-03-30,285.75,CE,ONGC26MAR285.75CE,2.3,2.3,2.3,2.3,2.3,3.2,264.6,3.1,96750,96750,12,7777350.0,9,F1,2250,,,,,
2026-02-18,2026-02-18,FO,NSE,STO,37218,,ONGC,,2026-03-30,2026-03-30,282.75,CE,ONGC26MAR282.75CE,0.0,0.0,0.0,7.15,0.0,7.15,264.6,3.75,0,0,0,0.0,0,F1,2250,,,,,
2026-02-18,2026-02-18,FO,NSE,STO,147234,,ONGC,,2026-02-24,2026-02-24,289.75,PE,ONGC26FEB289.75PE,0.0,0.0,0.0,58.89,0.0,58.89,264.6,24.9,0,0,0,0.0,0,F1,2250,,,,,
2026-02-18,2026-02-18,FO,NSE,STO,147226,,ONGC,,2026-02-24,2026-02-24,279.75,PE,ONGC26FEB279.75PE,0.0,0.0,0.0,14.85,14.85,14.85,264.6,15.15,38250,38250,0,0.0,0,F1,2250,,,,,
2026-02-18,2026-02-18,FO,NSE,STO,49932,,ONGC,,2026-02-24,2026-02-24,274.75,PE,ONGC26FEB274.75PE,15.0,15.0,10.55,10.55,10.55,10.7,264.6,10.65,72000,72000,12,7723350.0,12,F1,2250,,,,,
2026-02-18,2026-02-18,FO,NSE,STO,147116,,ONGC,,2026-02-24,2026-02-24,260.75,PE,ONGC26FEB260.75PE,1.15,2.65,0.65,0.75,0.75,1.1,264.6,0.75,1224000,1224000,959,564935287.5,818,F1,2250,,,,,
2026-02-18,2026-02-18,FO,NSE,STO,123830,,ONGC,,2026-02-24,2026-02-24,248.75,PE,ONGC26FEB248.75PE,0.8,0.8,0.05,0.1,0.1,0.15,264.6,0.1,2871000,2871000,335,187588350.0,139,F1,2250,,,,,
2026-02-18,2026-02-18,FO,NSE,STO,147672,,ONGC,,2026-04-28,2026-04-28,225.75,CE,ONGC26APR225.75CE,0.0,0.0,0.0,25.88,0.0,25.88,264.6,42.2,0,0,0,0.0,0,F1,2250,,,,,
2026-02-18,2026-02-18,FO,NSE,STO,147508,,ONGC,,2026-03-30,2026-03-30,287.75,CE,ONGC26MAR287.75CE,2.05,2.05,2.05,2.05,2.05,1.46,264.6,2.7,2250,2250,1,652050.0,1,F1,2250,,,,,
2026-02-18,2026-02-18,FO,NSE,STO,147469,,ONGC,,2026-03-30,2026-03-30,265.75,CE,ONGC26MAR265.75CE,8.6,8.9,7.85,8.35,8.35,9.75,264.6,8.35,105750,105750,73,45024187.5,63,F1,2250,,,,,
2026-02-18,2026-02-18,FO,NSE,STO,147434,,ONGC,,2026-03-30,2026-03-30,262.75,CE,ONGC26MAR262.75CE,9.5,10.25,9.5,9.9,9.9,11.65,264.6,11.35,42750,42750,12,7366050.0,7,F1,2250,,,,,
2026-02-18,2026-02-18,FO,NSE,STO,147459,,ONGC,,2026-03-30,2026-03-30,255.75,CE,ONGC26MAR255.75CE,0.0,0.0,0.0,5.58,0.0,5.58,264.6,15.5,0,0,0,0.0,0,F1,2250,,,,,
2026-02-18,2026-02-18,FO,NSE,STO,147406,,ONGC,,2026-03-30,2026-03-30,234.75,CE,ONGC26MAR234.75CE,0.0,0.0,0.0,17.16,0.0,17.16,264.6,32.1,0,0,0,0.0,0,F1,2250,,,,,
2026-02-18,2026-02-18,FO,NSE,STO,147359,,ONGC,,2026-03-30,2026-03-30,215.75,CE,ONGC26MAR215.75CE,0.0,0.0,0.0,22.7,0.0,22.7,264.6,50.2,0,0,0,0.0,0,F1,2250,,,,,
2026-02-18,2026-02-18,FO,NSE,STO,147241,,ONGC,,2026-02-24,2026-02-24,299.75,CE,ONGC26FEB299.75CE,0.1,0.15,0.1,0.1,0.1,0.15,264.6,0.1,162000,162000,66,44527837.5,12,F1,2250,,,,,
2026-02-18,2026-02-18,FO,NSE,STO,49933,,ONGC,,2026-02-24,2026-02-24,276.75,CE,ONGC26FEB276.75CE,0.5,0.55,0.25,0.25,0.25,0.75,264.6,0.25,189000,189000,95,59224950.0,67,F1,2250,,,,,
2026-02-18,2026-02-18,FO,NSE,STO,147039,,ONGC,,2026-02-24,2026-02-24,245.75,CE,ONGC26FEB245.75CE,0.0,0.0,0.0,19.5,19.5,19.5,264.6,19.15,1010250,1010250,0,0.0,0,F1,2250,,,,,
2026-02-18,2026-02-18,FO,NSE,STO,147035,,ONGC,,2026-02-24,2026-02-24,242.75,CE,ONGC26FEB242.75CE,0.0,0.0,0.0,22.0,22.0,22.0,264.6,22.1,330750,330750,0,0.0,0,F1,2250,,,,,
2026-02-18,2026-02-18,FO,NSE,STO,123824,,ONGC,,2026-02-24,2026-02-24,238.75,CE,ONGC26FEB238.75CE,25.25,26.0,24.9,25.95,26.0,26.0,264.6,25.95,443250,443250,9,5348812.5,9,F1,2250,,,,,
2026-02-18,2026-02-18,FO,NSE,STO,123782,,ONGC,,2026-02-24,2026-02-24,218.75,CE,ONGC26FEB218.75CE,0.0,0.0,0.0,47.0,47.0,47.0,264.6,46.05,6750,6750,0,0.0,0,F1,2250,,,,,
2026-02-18,2026-02-18,FO,NSE,STO,146905,,ONGC,,2026-02-24,2026-02-24,217.75,CE,ONGC26FEB217.75CE,0.0,0.0,0.0,18.08,0.0,18.08,264.6,47.05,0,0,0,0.0,0,F1,2250,,,,,
2026-02-18,2026-02-18,FO,NSE,STF,59439,,ONGC,,2026-02-24,2026-02-24,,,ONGC26FEBFUT,265.1,266.1,263.0,264.55,264.7,272.5,264.6,264.55,109696500,-2954250,5210,3097708650.0,4338,F1,2250,,,,,
2026-02-18,2026-02-18,FO,NSE,STO,146925,,ONGC,,2026-02-24,2026-02-24,230.75,CE,ONGC26FEB230.75CE,0.0,0.0,0.0,10.73,0.0,10.73,264.6,34.05,0,0,0,0.0,0,F1,2250,,,,,
2026-02-18,2026-02-18,FO,NSE,STO,147362,,ONGC,,2026-03-30,2026-03-30,217.75,PE,ONGC26MAR217.75PE,0.0,0.0,0.0,7.42,0.0,7.42,264.6,0.1,0,0,0,0.0,0,F1,2250,,,,,
2026-02-18,2026-02-18,FO,NSE,STO,147370,,ONGC,,2026-03-30,2026-03-30,225.75,PE,ONGC26MAR225.75PE,0.0,0.0,0.0,10.66,0.0,10.66,264.6,0.3,0,0,0,0.0,0,F1,2250,,,,,
2026-02-18,2026-02-18,FO,NSE,STO,147409,,ONGC,,2026-03-30,2026-03-30,236.75,PE,ONGC26MAR236.75PE,0.0,0.0,0.0,1.6,1.6,1.6,264.6,1.05,20250,20250,0,0.0,0,F1,2250,,,,,
2026-02-18,2026-02-18,FO,NSE,STO,147456,,ONGC,,2026-03-30,2026-03-30,251.75,PE,ONGC26MAR251.75PE,3.0,3.0,3.0,3.0,3.0,4.15,264.6,3.85,4500,4500,1,573187.5,1,F1,2250,,,,,
2026-02-18,2026-02-18,FO,NSE,STO,147425,,ONGC,,2026-03-30,2026-03-30,252.75,PE,ONGC26MAR252.75PE,3.3,3.3,2.8,2.8,2.8,3.65,264.6,4.15,85500,85500,14,8058150.0,9,F1,2250,,,,,
2026-02-18,2026-02-18,FO,NSE,STO,147505,,ONGC,,2026-03-30,2026-03-30,279.75,PE,ONGC26MAR279.75PE,0.0,0.0,0.0,37.35,0.0,37.35,264.6,18.0,0,0,0,0.0,0,F1,2250,,,,,
2026-02-18,2026-02-18,FO,NSE,STO,147486,,ONGC,,2026-03-30,2026-03-30,297.75,PE,ONGC26MAR297.75PE,0.0,0.0,0.0,65.59,0.0,65.59,264.6,32.7,0,0,0,0.0,0,F1,2250,,,,,
2026-02-18,2026-02-18,FO,NSE,STO,147681,,ONGC,,2026-04-28,2026-04-28,233.75,PE,ONGC26APR233.75PE,0.0,0.0,0.0,9.2,0.0,9.2,264.6,1.9,0,0,0,0.0,0,F1,2250,,,,,
2026-02-18,2026-02-18,FO,NSE,STO,147699,,ONGC,,2026-04-28,2026-04-28,251.75,PE,ONGC26APR251.75PE,0.0,0.0,0.0,18.03,0.0,18.03,264.6,6.0,0,0,0,0.0,0,F1,2250,,,,,
2026-02-18,2026-02-18,FO,NSE,STO,147512,,ONGC,,2026-03-30,2026-03-30,295.75,CE,ONGC26MAR295.75CE,1.7,1.7,1.35,1.35,1.35,1.75,264.6,1.55,92250,92250,6,4011750.0,6,F1,2250,,,,,
2026-02-18,2026-02-18,FO,NSE,STO,147360,,ONGC,,2026-03-30,2026-03-30,215.75,PE,ONGC26MAR215.75PE,0.0,0.0,0.0,2.5,2.5,2.5,264.6,0.1,4500,4500,0,0.0,0,F1,2250,,,,,
2026-02-18,2026-02-18,FO,NSE,STO,147112,,ONGC,,2026-02-24,2026-02-24,257.75,PE,ONGC26FEB257.75PE,0.75,0.85,0.3,0.35,0.35,0.6,264.6,0.35,474750,474750,444,258042262.5,332,F1,2250,,,,,
2026-02-18,2026-02-18,FO,NSE,STO,123819,,ONGC,,2026-02-24,2026-02-24,223.75,PE,ONGC26FEB223.75PE,0.1,0.1,0.05,0.1,0.1,0.1,264.6,0.1,2625750,2625750,76,38274862.5,12,F1,2250,,,,,
2026-02-18,2026-02-18,FO,NSE,STO,123770,,ONGC,,2026-02-24,2026-02-24,203.75,PE,ONGC26FEB203.75PE,0.0,0.0,0.0,0.05,0.05,0.05,264.6,0.05,299250,299250,0,0.0,0,F1,2250,,,,,
2026-02-18,2026-02-18,FO,NSE,STO,147676,,ONGC,,2026-04-28,2026-04-28,229.75,CE,ONGC26APR229.75CE,0.0,0.0,0.0,23.27,0.0,23.27,264.6,38.65,0,0,0,0.0,0,F1,2250,,,,,
2026-02-18,2026-02-18,FO,NSE,STO,49001,,ONGC,,2026-02-24,2026-02-24,272.75,CE,ONGC26FEB272.75CE,1.15,1.15,0.4,0.4,0.4,1.15,264.6,0.4,805500,805500,294,180761625.0,226,F1,2250,,,,,
2026-02-18,2026-02-18,FO,NSE,STO,147214,,ONGC,,2026-02-24,2026-02-24,269.75,PE,ONGC26FEB269.75PE,7.15,7.35,5.5,6.0,6.0,5.4,264.6,6.0,447750,447750,162,100692112.5,124,F1,2250,,,,,
2026-02-18,2026-02-18,FO,NSE,STO,147040,,ONGC,,2026-02-24,2026-02-24,245.75,PE,ONGC26FEB245.75PE,0.15,0.15,0.05,0.1,0.1,0.15,264.6,0.1,380250,380250,36,19914975.0,18,F1,2250,,,,,
2026-02-18,2026-02-18,FO,NSE,STO,147487,,ONGC,,2026-03-30,2026-03-30,301.75,CE,ONGC26MAR301.75CE,1.1,1.1,1.0,1.0,1.0,1.25,264.6,1.0,60750,60750,26,17713237.5,25,F1,2250,,,,,
2026-02-18,2026-02-18,FO,NSE,STO,147026,,ONGC,,2026-02-24,2026-02-24,236.75,PE,ONGC26FEB236.75PE,0.0,0.0,0.0,0.35,0.35,0.35,264.6,0.05,281250,281250,0,0.0,0,F1,2250,,,,,
2026-02-18,2026-02-18,FO,NSE,STO,146920,,ONGC,,2026-02-24,2026-02-24,226.75,PE,ONGC26FEB226.75PE,0.05,0.05,0.05,0.05,0.05,0.25,264.6,0.05,132750,132750,16,8164800.0,4,F1,2250,,,,,
2026-02-18,2026-02-18,FO,NSE,STO,123813,,ONGC,,2026-02-24,2026-02-24,218.75,PE,ONGC26FEB218.75PE,0.05,0.05,0.05,0.05,0.05,0.05,264.6,0.05,195750,195750,7,3446100.0,6,F1,2250,,,,,
2026-02-18,2026-02-18,FO,NSE,STO,147726,,ONGC,,2026-04-28,2026-04-28,281.75,CE,ONGC26APR281.75CE,0.0,0.0,0.0,3.88,0.0,3.88,264.6,7.0,0,0,0,0.0,0,F1,2250,,,,,
2026-02-18,2026-02-18,FO,NSE,STO,147724,,ONGC,,2026-04-28,2026-04-28,277.75,CE,ONGC26APR277.75CE,0.0,0.0,0.0,4.56,0.0,4.56,264.6,8.35,0,0,0,0.0,0,F1,2250,,,,,
2026-02-18,2026-02-18,FO,NSE,STO,147706,,ONGC,,2026-04-28,2026-04-28,259.75,CE,ONGC26APR259.75CE,0.0,0.0,0.0,9.05,0.0,9.05,264.6,16.55,0,0,0,0.0,0,F1,2250,,,,,
2026-02-18,2026-02-18,FO,NSE,STO,147544,,ONGC,,2026-04-28,2026-04-28,209.75,CE,ONGC26APR209.75CE,0.0,0.0,0.0,37.89,0.0,37.89,264.6,57.25,0,0,0,0.0,0,F1,2250,,,,,
2026-02-18,2026-02-18,FO,NSE,STO,146907,,ONGC,,2026-02-24,2026-02-24,219.75,CE,ONGC26FEB219.75CE,0.0,0.0,0.0,16.79,0.0,16.79,264.6,45.05,0,0,0,0.0,0,F1,2250,,,,,
2026-02-18,2026-02-18,FO,NSE,STO,37222,,ONGC,,2026-03-30,2026-03-30,286.75,CE,ONGC26MAR286.75CE,0.0,0.0,0.0,2.7,2.7,2.7,264.6,2.9,4500,4500,0,0.0,0,F1,2250,,,,,
2026-02-18,2026-02-18,FO,NSE,STO,147477,,ONGC,,2026-03-30,2026-03-30,281.75,CE,ONGC26MAR281.75CE,0.0,0.0,0.0,4.0,4.0,4.0,264.6,4.0,4500,4500,0,0.0,0,F1,2250,,,,,
2026-02-18,2026-02-18,FO,NSE,STO,147461,,ONGC,,2026-03-30,2026-03-30,257.75,CE,ONGC26MAR257.75CE,0.0,0.0,0.0,5.14,0.0,5.14,264.6,14.2,0,0,0,0.0,0,F1,2250,,,,,
2026-02-18,2026-02-18,FO,NSE,STO,147428,,ONGC,,2026-03-30,2026-03-30,256.75,CE,ONGC26MAR256.75CE,0.0,0.0,0.0,7.17,0.0,7.17,264.6,14.85,0,0,0,0.0,0,F1,2250,,,,,
2026-02-18,2026-02-18,FO,NSE,STO,147391,,ONGC,,2026-03-30,2026-03-30,245.75,CE,ONGC26MAR245.75CE,22.2,22.2,22.2,22.2,22.2,19.85,264.6,22.75,20250,20250,1,602887.5,1,F1,2250,,,,,
2026-02-18,2026-02-18,FO,NSE,STO,147410,,ONGC,,2026-03-30,2026-03-30,238.75,CE,ONGC26MAR238.75CE,0.0,0.0,0.0,14.88,0.0,14.88,264.6,28.55,0,0,0,0.0,0,F1,2250,,,,,
2026-02-18,2026-02-18,FO,NSE,STO,147237,,ONGC,,2026-02-24,2026-02-24,295.75,CE,ONGC26FEB295.75CE,0.0,0.0,0.0,0.19,0.0,0.19,264.6,0.05,0,0,0,0.0,0,F1,2250,,,,,
2026-02-18,2026-02-18,FO,NSE,STO,37172,,ONGC,,2026-02-24,2026-02-24,294.75,CE,ONGC26FEB294.75CE,0.0,0.0,0.0,0.3,0.3,0.3,264.6,0.05,9000,9000,0,0.0,0,F1,2250,,,,,
2026-02-18,2026-02-18,FO,NSE,STO,49931,,ONGC,,2026-02-24,2026-02-24,274.75,CE,ONGC26FEB274.75CE,0.75,0.75,0.3,0.3,0.35,0.9,264.6,0.3,1611000,1611000,201,124425562.5,116,F1,2250,,,,,
2026-02-18,2026-02-18,FO,NSE,STO,147055,,ONGC,,2026-02-24,2026-02-24,255.75,CE,ONGC26FEB255.75CE,0.0,0.0,0.0,10.75,10.7,10.75,264.6,9.85,2247750,2247750,0,0.0,0,F1,2250,,,,,
2026-02-18,2026-02-18,FO,NSE,STO,147049,,ONGC,,2026-02-24,2026-02-24,251.75,CE,ONGC26FEB251.75CE,0.0,0.0,0.0,15.9,15.9,15.9,264.6,13.4,211500,211500,0,0.0,0,F1,2250,,,,,
2026-02-18,2026-02-18,FO,NSE,STO,147029,,ONGC,,2026-02-24,2026-02-24,239.75,CE,ONGC26FEB239.75CE,24.0,24.0,23.8,23.9,23.9,20.6,264.6,25.05,166500,166500,4,2372737.5,4,F1,2250,,,,,
2026-02-18,2026-02-18,FO,NSE,STO,146931,,ONGC,,2026-02-24,2026-02-24,234.75,CE,ONGC26FEB234.75CE,0.0,0.0,0.0,34.0,34.0,34.0,264.6,30.05,110250,110250,0,0.0,0,F1,2250,,,,,
2026-02-18,2026-02-18,FO,NSE,STO,37302,,ONGC,,2026-04-28,2026-04-28,287.75,PE,ONGC26APR287.75PE,0.0,0.0,0.0,29.82,0.0,29.82,264.6,25.55,0,0,0,0.0,0,F1,2250,,,,,
2026-02-18,2026-02-18,FO,NSE,STO,123822,,ONGC,,2026-02-24,2026-02-24,233.75,CE,ONGC26FEB233.75CE,30.5,31.5,30.5,31.5,31.5,32.1,264.6,31.05,375750,375750,4,2380950.0,4,F1,2250,,,,,
2026-02-18,2026-02-18,FO,NSE,STO,147725,,ONGC,,2026-04-28,2026-04-28,277.75,PE,ONGC26APR277.75PE,0.0,0.0,0.0,36.26,0.0,36.26,264.6,18.6,0,0,0,0.0,0,F1,2250,,,,,
2026-02-18,2026-02-18,FO,NSE,STO,147553,,ONGC,,2026-04-28,2026-04-28,217.75,PE,ONGC26APR217.75PE,0.0,0.0,0.0,4.22,0.0,4.22,264.6,0.5,0,0,0,0.0,0,F1,2250,,,,,
2026-02-18,2026-02-18,FO,NSE,STO,147515,,ONGC,,2026-03-30,2026-03-30,299.75,PE,ONGC26MAR299.75PE,0.0,0.0,0.0,55.56,0.0,55.56,264.6,34.5,0,0,0,0.0,0,F1,2250,,,,,
2026-02-18,2026-02-18,FO,NSE,STO,147390,,ONGC,,2026-03-30,2026-03-30,243.75,PE,ONGC26MAR243.75PE,1.65,1.7,1.5,1.5,1.5,1.7,264.6,1.5,522000,522000,36,19876612.5,15,F1,2250,,,,,
2026-02-18,2026-02-18,FO,NSE,STO,147415,,ONGC,,2026-03-30,2026-03-30,242.75,PE,ONGC26MAR242.75PE,0.0,0.0,0.0,2.35,2.35,2.35,264.6,1.85,15750,15750,0,0.0,0,F1,2250,,,,,
2026-02-18,2026-02-18,FO,NSE,STO,147356,,ONGC,,2026-03-30,2026-03-30,211.75,PE,ONGC26MAR211.75PE,0.2,0.2,0.2,0.2,0.2,5.48,264.6,0.05,2250,2250,1,476887.5,1,F1,2250,,,,,
2026-02-18,2026-02-18,FO,NSE,STO,37165,,ONGC,,2026-02-24,2026-02-24,286.75,PE,ONGC26FEB286.75PE,0.0,0.0,0.0,25.26,0.0,25.26,264.6,21.95,0,0,0,0.0,0,F1,2250,,,,,
2026-02-18,2026-02-18,FO,NSE,STO,37152,,ONGC,,2026-02-24,2026-02-24,280.75,PE,ONGC26FEB280.75PE,0.0,0.0,0.0,17.0,17.0,17.0,264.6,16.1,0,0,0,0.0,0,F1,2250,,,,,
2026-02-18,2026-02-18,FO,NSE,STO,37150,,ONGC,,2026-02-24,2026-02-24,278.75,PE,ONGC26FEB278.75PE,0.0,0.0,0.0,18.89,0.0,18.89,264.6,14.2,0,0,0,0.0,0,F1,2250,,,,,
2026-02-18,2026-02-18,FO,NSE,STO,147222,,ONGC,,2026-02-24,2026-02-24,275.75,PE,ONGC26FEB275.75PE,0.0,0.0,0.0,13.5,13.5,13.5,264.6,11.5,110250,110250,0,0.0,0,F1,2250,,,,,
2026-02-18,2026-02-18,FO,NSE,STO,146929,,ONGC,,2026-02-24,2026-02-24,232.75,CE,ONGC26FEB232.75CE,0.0,0.0,0.0,19.9,19.9,19.9,264.6,32.05,2250,2250,0,0.0,0,F1,2250,,,,,
2026-02-18,2026-02-18,FO,NSE,STO,37168,,ONGC,,2026-02-24,2026-02-24,290.75,CE,ONGC26FEB290.75CE,0.15,0.15,0.15,0.15,0.15,0.25,264.6,0.05,20250,20250,5,3272625.0,5,F1,2250,,,,,
2026-02-18,2026-02-18,FO,NSE,STO,147133,,ONGC,,2026-02-24,2026-02-24,264.75,CE,ONGC26FEB264.75CE,3.5,3.6,1.6,1.8,1.85,3.6,264.6,1.8,5798250,5798250,2369,1422054112.5,1992,F1,2250,,,,,
2026-02-18,2026-02-18,FO,NSE,STO,147027,,ONGC,,2026-02-24,2026-02-24,237.75,CE,ONGC26FEB237.75CE,0.0,0.0,0.0,21.1,21.15,21.1,264.6,27.05,65250,65250,0,0.0,0,F1,2250,,,,,
2026-02-18,2026-02-18,FO,NSE,STO,147025,,ONGC,,2026-02-24,2026-02-24,236.75,CE,ONGC26FEB236.75CE,27.9,27.9,27.75,27.75,27.75,24.05,264.6,28.05,117000,117000,4,2381512.5,2,F1,2250,,,,,
2026-02-18,2026-02-18,FO,NSE,STO,146919,,ONGC,,2026-02-24,2026-02-24,226.75,CE,ONGC26FEB226.75CE,0.0,0.0,0.0,33.8,33.8,33.8,264.6,38.05,42750,42750,0,0.0,0,F1,2250,,,,,
2026-02-18,2026-02-18,FO,NSE,STO,147475,,ONGC,,2026-03-30,2026-03-30,277.75,CE,ONGC26MAR277.75CE,4.05,4.05,3.9,3.9,3.9,4.5,264.6,5.1,11250,11250,5,3168900.0,3,F1,2250,,,,,
2026-02-18,2026-02-18,FO,NSE,STO,147504,,ONGC,,2026-03-30,2026-03-30,279.75,CE,ONGC26MAR279.75CE,3.5,3.7,3.25,3.25,3.25,4.25,264.6,4.5,65250,65250,31,19744425.0,19,F1,2250,,,,,
2026-02-18,2026-02-18,FO,NSE,STO,37216,,ONGC,,2026-03-30,2026-03-30,280.75,CE,ONGC26MAR280.75CE,3.8,3.8,3.0,3.15,3.2,4.0,264.6,3.15,202500,202500,125,79861837.5,99,F1,2250,,,,,
2026-02-18,2026-02-18,FO,NSE,STO,147700,,ONGC,,2026-04-28,2026-04-28,253.75,CE,ONGC26APR253.75CE,0.0,0.0,0.0,11.16,0.0,11.16,264.6,20.15,0,0,0,0.0,0,F1,2250,,,,,
2026-02-18,2026-02-18,FO,NSE,STO,147710,,ONGC,,2026-04-28,2026-04-28,263.75,CE,ONGC26APR263.75CE,0.0,0.0,0.0,7.83,0.0,7.83,264.6,14.35,0,0,0,0.0,0,F1,2250,,,,,
2026-02-18,2026-02-18,FO,NSE,STO,147716,,ONGC,,2026-04-28,2026-04-28,269.75,CE,ONGC26APR269.75CE,0.0,0.0,0.0,6.26,0.0,6.26,264.6,11.5,0,0,0,0.0,0,F1,2250,,,,,
2026-02-18,2026-02-18,FO,NSE,STO,37290,,ONGC,,2026-04-28,2026-04-28,279.75,CE,ONGC26APR279.75CE,0.0,0.0,0.0,11.36,0.0,11.36,264.6,7.65,0,0,0,0.0,0,F1,2250,,,,,
2026-02-18,2026-02-18,FO,NSE,STO,147728,,ONGC,,2026-04-28,2026-04-28,285.75,CE,ONGC26APR285.75CE,0.0,0.0,0.0,3.28,0.0,3.28,264.6,5.9,0,0,0,0.0,0,F1,2250,,,,,
2026-02-18,2026-02-18,FO,NSE,STO,147736,,ONGC,,2026-04-28,2026-04-28,301.75,CE,ONGC26APR301.75CE,0.0,0.0,0.0,1.61,0.0,1.61,264.6,2.7,0,0,0,0.0,0,F1,2250,,,,,
2026-02-18,2026-02-18,FO,NSE,STO,123821,,ONGC,,2026-02-24,2026-02-24,228.75,PE,ONGC26FEB228.75PE,0.1,0.15,0.05,0.1,0.1,0.15,264.6,0.1,969750,969750,60,30894750.0,40,F1,2250,,,,,
2026-02-18,2026-02-18,FO,NSE,STO,146926,,ONGC,,2026-02-24,2026-02-24,230.75,PE,ONGC26FEB230.75PE,0.0,0.0,0.0,0.35,0.35,0.35,264.6,0.05,144000,144000,0,0.0,0,F1,2250,,,,,
2026-02-18,2026-02-18,FO,NSE,STO,123825,,ONGC,,2026-02-24,2026-02-24,238.75,PE,ONGC26FEB238.75PE,0.1,0.15,0.05,0.1,0.1,0.1,264.6,0.1,558000,558000,52,27945450.0,24,F1,2250,,,,,
2026-02-18,2026-02-18,FO,NSE,STO,147038,,ONGC,,2026-02-24,2026-02-24,244.75,PE,ONGC26FEB244.75PE,0.2,0.2,0.1,0.1,0.1,0.2,264.6,0.05,328500,328500,40,22039875.0,16,F1,2250,,,,,
2026-02-18,2026-02-18,FO,NSE,STO,147042,,ONGC,,2026-02-24,2026-02-24,246.75,PE,ONGC26FEB246.75PE,0.0,0.0,0.0,0.2,0.2,0.2,264.6,0.05,461250,461250,0,0.0,0,F1,2250,,,,,
2026-02-18,2026-02-18,FO,NSE,STO,147052,,ONGC,,2026-02-24,2026-02-24,252.75,PE,ONGC26FEB252.75PE,0.45,0.45,0.1,0.1,0.1,0.25,264.6,0.1,504000,504000,79,44961300.0,55,F1,2250,,,,,
2026-02-18,2026-02-18,FO,NSE,STO,147132,,ONGC,,2026-02-24,2026-02-24,262.75,PE,ONGC26FEB262.75PE,3.0,3.05,1.0,1.25,1.25,1.6,264.6,1.25,1044000,1044000,1674,996331500.0,1304,F1,2250,,,,,
2026-02-18,2026-02-18,FO,NSE,STO,147134,,ONGC,,2026-02-24,2026-02-24,264.75,PE,ONGC26FEB264.75PE,3.85,4.4,0.25,2.1,2.1,2.35,264.6,2.1,1651500,1651500,1284,772666875.0,1134,F1,2250,,,,,
2026-02-18,2026-02-18,FO,NSE,STO,147358,,ONGC,,2026-03-30,2026-03-30,213.75,PE,ONGC26MAR213.75PE,0.0,0.0,0.0,0.62,0.62,0.62,264.6,0.05,2250,2250,0,0.0,0,F1,2250,,,,,
2026-02-18,2026-02-18,FO,NSE,STO,147368,,ONGC,,2026-03-30,2026-03-30,223.75,PE,ONGC26MAR223.75PE,0.0,0.0,0.0,0.5,0.5,0.5,264.6,0.25,216000,216000,0,0.0,0,F1,2250,,,,,
2026-02-18,2026-02-18,FO,NSE,STO,147417,,ONGC,,2026-03-30,2026-03-30,244.75,PE,ONGC26MAR244.75PE,1.75,1.8,1.55,1.55,1.55,12.28,264.6,1.55,24750,24750,12,6654937.5,8,F1,2250,,,,,
2026-02-18,2026-02-18,FO,NSE,STO,147448,,ONGC,,2026-03-30,2026-03-30,247.75,PE,ONGC26MAR247.75PE,2.25,2.25,2.2,2.2,2.2,23.24,264.6,2.85,6750,6750,4,2249775.0,3,F1,2250,,,,,
2026-02-18,2026-02-18,FO,NSE,STO,147429,,ONGC,,2026-03-30,2026-03-30,256.75,PE,ONGC26MAR256.75PE,0.0,0.0,0.0,19.47,0.0,19.47,264.6,5.45,0,0,0,0.0,0,F1,2250,,,,,
2026-02-18,2026-02-18,FO,NSE,STO,147433,,ONGC,,2026-03-30,2026-03-30,260.75,PE,ONGC26MAR260.75PE,7.0,7.0,5.15,5.25,5.3,6.45,264.6,5.25,245250,245250,155,92838937.5,120,F1,2250,,,,,
2026-02-18,2026-02-18,FO,NSE,STO,36255,,ONGC,,2026-03-30,2026-03-30,267.75,PE,ONGC26MAR267.75PE,0.0,0.0,0.0,10.35,10.35,10.35,264.6,10.4,4500,4500,0,0.0,0,F1,2250,,,,,
2026-02-18,2026-02-18,FO,NSE,STO,147729,,ONGC,,2026-04-28,2026-04-28,285.75,PE,ONGC26APR285.75PE,0.0,0.0,0.0,42.86,0.0,42.86,264.6,24.1,0,0,0,0.0,0,F1,2250,,,,,
2026-02-18,2026-02-18,FO,NSE,STO,147737,,ONGC,,2026-04-28,2026-04-28,301.75,PE,ONGC26APR301.75PE,0.0,0.0,0.0,56.95,0.0,56.95,264.6,36.75,0,0,0,0.0,0,F1,2250,,,,,
2026-02-18,2026-02-18,FO,NSE,STO,123779,,ONGC,,2026-02-24,2026-02-24,213.75,CE,ONGC26FEB213.75CE,0.0,0.0,0.0,51.8,51.9,51.8,264.6,51.05,27000,27000,0,0.0,0,F1,2250,,,,,
2026-02-18,2026-02-18,FO,NSE,STO,146891,,ONGC,,2026-02-24,2026-02-24,209.75,CE,ONGC26FEB209.75CE,0.0,0.0,0.0,23.79,0.0,23.79,264.6,55.05,0,0,0,0.0,0,F1,2250,,,,,
2026-02-18,2026-02-18,FO,NSE,STO,146879,,ONGC,,2026-02-24,2026-02-24,201.75,CE,ONGC26FEB201.75CE,0.0,0.0,0.0,63.5,63.5,63.5,264.6,63.05,0,0,0,0.0,0,F1,2250,,,,,
2026-02-18,2026-02-18,FO,NSE,STO,147387,,ONGC,,2026-03-30,2026-03-30,241.75,CE,ONGC26MAR241.75CE,0.0,0.0,0.0,9.66,0.0,9.66,264.6,26.0,0,0,0,0.0,0,F1,2250,,,,,
2026-02-18,2026-02-18,FO,NSE,STO,39020,,ONGC,,2026-02-24,2026-02-24,300.75,CE,ONGC26FEB300.75CE,0.25,0.25,0.1,0.1,0.1,0.25,264.6,0.05,9000,9000,2,1354162.5,2,F1,2250,,,,,
2026-02-18,2026-02-18,FO,NSE,STO,147037,,ONGC,,2026-02-24,2026-02-24,244.75,CE,ONGC26FEB244.75CE,0.0,0.0,0.0,18.95,18.95,18.95,264.6,20.1,231750,231750,0,0.0,0,F1,2250,,,,,
2026-02-18,2026-02-18,FO,NSE,STO,147043,,ONGC,,2026-02-24,2026-02-24,247.75,CE,ONGC26FEB247.75CE,16.2,16.9,16.2,16.5,16.5,18.65,264.6,17.15,690750,690750,5,2972700.0,5,F1,2250,,,,,
2026-02-18,2026-02-18,FO,NSE,STO,123831,,ONGC,,2026-02-24,2026-02-24,253.75,CE,ONGC26FEB253.75CE,9.8,11.65,9.8,10.8,10.9,12.55,264.6,10.8,2286000,2286000,248,147647587.5,147,F1,2250,,,,,
2026-02-18,2026-02-18,FO,NSE,STO,147181,,ONGC,,2026-02-24,2026-02-24,267.75,CE,ONGC26FEB267.75CE,2.3,2.3,0.85,1.0,0.95,2.3,264.6,1.0,3201750,3201750,859,519632887.5,604,F1,2250,,,,,
2026-02-18,2026-02-18,FO,NSE,STO,147229,,ONGC,,2026-02-24,2026-02-24,285.75,CE,ONGC26FEB285.75CE,0.15,0.2,0.15,0.15,0.15,0.4,264.6,0.05,337500,337500,12,7719637.5,12,F1,2250,,,,,
2026-02-18,2026-02-18,FO,NSE,STO,147711,,ONGC,,2026-04-28,2026-04-28,263.75,PE,ONGC26APR263.75PE,0.0,0.0,0.0,25.74,0.0,25.74,264.6,10.8,0,0,0,0.0,0,F1,2250,,,,,
2026-02-18,2026-02-18,FO,NSE,STO,147235,,ONGC,,2026-02-24,2026-02-24,291.75,CE,ONGC26FEB291.75CE,0.15,0.15,0.15,0.15,0.15,0.35,264.6,0.05,103500,103500,9,5910975.0,5,F1,2250,,,,,
2026-02-18,2026-02-18,FO,NSE,STO,147239,,ONGC,,2026-02-24,2026-02-24,297.75,CE,ONGC26FEB297.75CE,0.0,0.0,0.0,0.17,0.0,0.17,264.6,0.05,0,0,0,0.0,0,F1,2250,,,,,
2026-02-18,2026-02-18,FO,NSE,STO,147355,,ONGC,,2026-03-30,2026-03-30,211.75,CE,ONGC26MAR211.75CE,0.0,0.0,0.0,25.39,0.0,25.39,264.6,54.15,0,0,0,0.0,0,F1,2250,,,,,
2026-02-18,2026-02-18,FO,NSE,STO,147379,,ONGC,,2026-03-30,2026-03-30,235.75,CE,ONGC26MAR235.75CE,0.0,0.0,0.0,11.99,0.0,11.99,264.6,31.2,0,0,0,0.0,0,F1,2250,,,,,
2026-02-18,2026-02-18,FO,NSE,STO,147381,,ONGC,,2026-03-30,2026-03-30,237.75,CE,ONGC26MAR237.75CE,0.0,0.0,0.0,9.5,9.5,9.5,264.6,29.45,0,0,0,0.0,0,F1,2250,,,,,
2026-02-18,2026-02-18,FO,NSE,STO,147418,,ONGC,,2026-03-30,2026-03-30,246.75,CE,ONGC26MAR246.75CE,0.0,0.0,0.0,10.95,0.0,10.95,264.6,21.95,0,0,0,0.0,0,F1,2250,,,,,
2026-02-18,2026-02-18,FO,NSE,STO,147457,,ONGC,,2026-03-30,2026-03-30,253.75,CE,ONGC26MAR253.75CE,16.0,16.1,15.65,15.95,15.65,17.55,264.6,15.95,486000,486000,8,4854937.5,8,F1,2250,,,,,
2026-02-18,2026-02-18,FO,NSE,STO,147465,,ONGC,,2026-03-30,2026-03-30,261.75,CE,ONGC26MAR261.75CE,10.65,10.65,10.15,10.15,10.15,11.95,264.6,11.85,31500,31500,3,1837462.5,3,F1,2250,,,,,
2026-02-18,2026-02-18,FO,NSE,STO,147467,,ONGC,,2026-03-30,2026-03-30,263.75,CE,ONGC26MAR263.75CE,9.1,9.9,8.9,9.4,9.3,10.9,264.6,9.4,738000,738000,124,76175100.0,87,F1,2250,,,,,
2026-02-18,2026-02-18,FO,NSE,STO,37240,,ONGC,,2026-03-30,2026-03-30,290.75,CE,ONGC26MAR290.75CE,2.6,2.7,1.65,1.7,1.75,5.15,264.6,1.7,69750,69750,49,32258250.0,33,F1,2250,,,,,
2026-02-18,2026-02-18,FO,NSE,STO,37246,,ONGC,,2026-03-30,2026-03-30,296.75,CE,ONGC26MAR296.75CE,0.0,0.0,0.0,4.45,4.45,4.45,264.6,1.45,24750,24750,0,0.0,0,F1,2250,,,,,
2026-02-18,2026-02-18,FO,NSE,STO,147548,,ONGC,,2026-04-28,2026-04-28,213.75,CE,ONGC26APR213.75CE,0.0,0.0,0.0,34.68,0.0,34.68,264.6,53.4,0,0,0,0.0,0,F1,2250,,,,,
2026-02-18,2026-02-18,FO,NSE,STO,147680,,ONGC,,2026-04-28,2026-04-28,233.75,CE,ONGC26APR233.75CE,0.0,0.0,0.0,20.82,0.0,20.82,264.6,35.2,0,0,0,0.0,0,F1,2250,,,,,
2026-02-18,2026-02-18,FO,NSE,STO,147684,,ONGC,,2026-04-28,2026-04-28,237.75,CE,ONGC26APR237.75CE,0.0,0.0,0.0,18.55,0.0,18.55,264.6,31.85,0,0,0,0.0,0,F1,2250,,,,,
2026-02-18,2026-02-18,FO,NSE,STO,147686,,ONGC,,2026-04-28,2026-04-28,239.75,CE,ONGC26APR239.75CE,0.0,0.0,0.0,17.48,0.0,17.48,264.6,30.25,0,0,0,0.0,0,F1,2250,,,,,
2026-02-18,2026-02-18,FO,NSE,STO,147694,,ONGC,,2026-04-28,2026-04-28,247.75,CE,ONGC26APR247.75CE,0.0,0.0,0.0,13.61,0.0,13.61,264.6,24.2,0,0,0,0.0,0,F1,2250,,,,,
2026-02-18,2026-02-18,FO,NSE,STO,123764,,ONGC,,2026-02-24,2026-02-24,193.75,PE,ONGC26FEB193.75PE,0.0,0.0,0.0,0.05,0.05,0.05,264.6,0.05,202500,202500,0,0.0,0,F1,2250,,,,,
2026-02-18,2026-02-18,FO,NSE,STO,146898,,ONGC,,2026-02-24,2026-02-24,212.75,PE,ONGC26FEB212.75PE,0.0,0.0,0.0,0.1,0.1,0.1,264.6,0.05,130500,130500,0,0.0,0,F1,2250,,,,,
2026-02-18,2026-02-18,FO,NSE,STO,123780,,ONGC,,2026-02-24,2026-02-24,213.75,PE,ONGC26FEB213.75PE,0.05,0.05,0.05,0.05,0.05,0.05,264.6,0.05,839250,839250,7,3367350.0,3,F1,2250,,,,,
2026-02-18,2026-02-18,FO,NSE,STO,147034,,ONGC,,2026-02-24,2026-02-24,241.75,PE,ONGC26FEB241.75PE,0.2,0.2,0.1,0.1,0.1,0.15,264.6,0.05,110250,110250,18,9796275.0,11,F1,2250,,,,,
2026-02-18,2026-02-18,FO,NSE,STO,147036,,ONGC,,2026-02-24,2026-02-24,242.75,PE,ONGC26FEB242.75PE,0.1,0.1,0.1,0.1,0.1,0.15,264.6,0.05,204750,204750,1,546412.5,1,F1,2250,,,,,
2026-02-18,2026-02-18,FO,NSE,STO,147048,,ONGC,,2026-02-24,2026-02-24,250.75,PE,ONGC26FEB250.75PE,1.65,1.65,0.1,0.15,0.15,0.25,264.6,0.15,2067750,2067750,230,129856837.5,152,F1,2250,,,,,
2026-02-18,2026-02-18,FO,NSE,STO,147050,,ONGC,,2026-02-24,2026-02-24,251.75,PE,ONGC26FEB251.75PE,0.15,0.15,0.1,0.1,0.1,0.25,264.6,0.3,657000,657000,14,7934625.0,14,F1,2250,,,,,
2026-02-18,2026-02-18,FO,NSE,STO,147114,,ONGC,,2026-02-24,2026-02-24,259.75,PE,ONGC26FEB259.75PE,2.2,2.2,0.5,0.55,0.55,0.9,264.6,0.55,956250,956250,484,283781925.0,429,F1,2250,,,,,
2026-02-18,2026-02-18,FO,NSE,STO,147238,,ONGC,,2026-02-24,2026-02-24,295.75,PE,ONGC26FEB295.75PE,0.0,0.0,0.0,64.72,0.0,64.72,264.6,30.9,0,0,0,0.0,0,F1,2250,,,,,
2026-02-18,2026-02-18,FO,NSE,STO,147411,,ONGC,,2026-03-30,2026-03-30,238.75,PE,ONGC26MAR238.75PE,1.1,1.1,1.0,1.0,1.0,1.2,264.6,1.3,168750,168750,19,10251000.0,11,F1,2250,,,,,
2026-02-18,2026-02-18,FO,NSE,STO,147421,,ONGC,,2026-03-30,2026-03-30,248.75,PE,ONGC26MAR248.75PE,2.45,2.45,2.1,2.15,2.1,2.35,264.6,2.15,423000,423000,7,3952800.0,6,F1,2250,,,,,
2026-02-18,2026-02-18,FO,NSE,STO,147462,,ONGC,,2026-03-30,2026-03-30,257.75,PE,ONGC26MAR257.75PE,0.0,0.0,0.0,30.55,0.0,30.55,264.6,5.8,0,0,0,0.0,0,F1,2250,,,,,
2026-02-18,2026-02-18,FO,NSE,STO,147466,,ONGC,,2026-03-30,2026-03-30,261.75,PE,ONGC26MAR261.75PE,6.0,6.15,5.6,5.6,5.6,5.9,264.6,5.6,40500,40500,9,5420925.0,8,F1,2250,,,,,
2026-02-18,2026-02-18,FO,NSE,STO,147437,,ONGC,,2026-03-30,2026-03-30,264.75,PE,ONGC26MAR264.75PE,7.3,7.3,7.0,7.05,7.0,7.3,264.6,7.05,18000,18000,5,3058425.0,5,F1,2250,,,,,
2026-02-18,2026-02-18,FO,NSE,STO,147472,,ONGC,,2026-03-30,2026-03-30,269.75,PE,ONGC26MAR269.75PE,0.0,0.0,0.0,40.27,0.0,40.27,264.6,11.5,0,0,0,0.0,0,F1,2250,,,,,
2026-02-18,2026-02-18,FO,NSE,STO,147443,,ONGC,,2026-03-30,2026-03-30,270.75,PE,ONGC26MAR270.75PE,10.8,11.2,10.35,10.45,10.5,11.9,264.6,10.45,45000,45000,12,7602975.0,11,F1,2250,,,,,
2026-02-18,2026-02-18,FO,NSE,STO,37247,,ONGC,,2026-03-30,2026-03-30,296.75,PE,ONGC26MAR296.75PE,0.0,0.0,0.0,35.26,0.0,35.26,264.6,31.8,0,0,0,0.0,0,F1,2250,,,,,
2026-02-18,2026-02-18,FO,NSE,STO,147693,,ONGC,,2026-04-28,2026-04-28,245.75,PE,ONGC26APR245.75PE,0.0,0.0,0.0,14.71,0.0,14.71,264.6,4.25,0,0,0,0.0,0,F1,2250,,,,,
2026-02-18,2026-02-18,FO,NSE,STO,147705,,ONGC,,2026-04-28,2026-04-28,257.75,PE,ONGC26APR257.75PE,0.0,0.0,0.0,21.72,0.0,21.72,264.6,8.15,0,0,0,0.0,0,F1,2250,,,,,
2026-02-18,2026-02-18,FO,NSE,STO,147709,,ONGC,,2026-04-28,2026-04-28,261.75,PE,ONGC26APR261.75PE,0.0,0.0,0.0,24.37,0.0,24.37,264.6,9.85,0,0,0,0.0,0,F1,2250,,,,,
2026-02-18,2026-02-18,FO,NSE,STO,146901,,ONGC,,2026-02-24,2026-02-24,215.75,CE,ONGC26FEB215.75CE,0.0,0.0,0.0,19.42,0.0,19.42,264.6,49.05,0,0,0,0.0,0,F1,2250,,,,,
2026-02-18,2026-02-18,FO,NSE,STO,123826,,ONGC,,2026-02-24,2026-02-24,243.75,CE,ONGC26FEB243.75CE,21.5,21.5,20.0,20.6,20.5,21.5,264.6,20.6,1903500,1903500,22,13077900.0,18,F1,2250,,,,,
2026-02-18,2026-02-18,FO,NSE,STO,147405,,ONGC,,2026-03-30,2026-03-30,232.75,PE,ONGC26MAR232.75PE,0.75,0.75,0.75,0.75,0.75,0.8,264.6,0.7,207000,207000,15,7880625.0,5,F1,2250,,,,,
2026-02-18,2026-02-18,FO,NSE,STO,147372,,ONGC,,2026-03-30,2026-03-30,227.75,PE,ONGC26MAR227.75PE,0.0,0.0,0.0,11.58,0.0,11.58,264.6,0.4,0,0,0,0.0,0,F1,2250,,,,,
2026-02-18,2026-02-18,FO,NSE,STO,37160,,ONGC,,2026-02-24,2026-02-24,284.75,PE,ONGC26FEB284.75PE,0.0,0.0,0.0,23.6,0.0,23.6,264.6,19.95,0,0,0,0.0,0,F1,2250,,,,,
2026-02-18,2026-02-18,FO,NSE,STO,147435,,ONGC,,2026-03-30,2026-03-30,262.75,PE,ONGC26MAR262.75PE,0.0,0.0,0.0,23.68,0.0,23.68,264.6,7.9,0,0,0,0.0,0,F1,2250,,,,,
2026-02-18,2026-02-18,FO,NSE,STO,147441,,ONGC,,2026-03-30,2026-03-30,268.75,PE,ONGC26MAR268.75PE,9.1,9.1,9.1,9.1,9.1,9.1,264.6,10.95,231750,231750,1,625162.5,1,F1,2250,,,,,
2026-02-18,2026-02-18,FO,NSE,STO,147474,,ONGC,,2026-03-30,2026-03-30,273.75,PE,ONGC26MAR273.75PE,15.0,15.0,12.0,12.0,12.0,12.0,264.6,13.9,139500,139500,10,6463125.0,6,F1,2250,,,,,
2026-02-18,2026-02-18,FO,NSE,STO,147499,,ONGC,,2026-03-30,2026-03-30,274.75,PE,ONGC26MAR274.75PE,13.25,13.25,13.25,13.25,13.25,33.1,264.6,14.55,2250,2250,1,648000.0,1,F1,2250,,,,,
2026-02-18,2026-02-18,FO,NSE,STO,37221,,ONGC,,2026-03-30,2026-03-30,284.75,PE,ONGC26MAR284.75PE,0.0,0.0,0.0,26.02,0.0,26.02,264.6,21.75,0,0,0,0.0,0,F1,2250,,,,,
2026-02-18,2026-02-18,FO,NSE,STO,147224,,ONGC,,2026-02-24,2026-02-24,277.75,PE,ONGC26FEB277.75PE,0.0,0.0,0.0,13.0,13.15,13.0,264.6,13.3,18000,18000,0,0.0,0,F1,2250,,,,,
2026-02-18,2026-02-18,FO,NSE,STO,147220,,ONGC,,2026-02-24,2026-02-24,271.75,PE,ONGC26FEB271.75PE,9.2,9.2,7.75,7.9,7.9,6.95,264.6,8.2,267750,267750,30,18907312.5,27,F1,2250,,,,,
2026-02-18,2026-02-18,FO,NSE,STO,147482,,ONGC,,2026-03-30,2026-03-30,289.75,PE,ONGC26MAR289.75PE,0.0,0.0,0.0,58.1,0.0,58.1,264.6,25.75,0,0,0,0.0,0,F1,2250,,,,,
2026-02-18,2026-02-18,FO,NSE,STO,147513,,ONGC,,2026-03-30,2026-03-30,295.75,PE,ONGC26MAR295.75PE,0.0,0.0,0.0,51.8,0.0,51.8,264.6,30.9,0,0,0,0.0,0,F1,2250,,,,,
2026-02-18,2026-02-18,FO,NSE,STO,147488,,ONGC,,2026-03-30,2026-03-30,301.75,PE,ONGC26MAR301.75PE,0.0,0.0,0.0,69.38,0.0,69.38,264.6,36.3,0,0,0,0.0,0,F1,2250,,,,,
2026-02-18,2026-02-18,FO,NSE,STO,147549,,ONGC,,2026-04-28,2026-04-28,213.75,PE,ONGC26APR213.75PE,0.0,0.0,0.0,3.36,0.0,3.36,264.6,0.35,0,0,0,0.0,0,F1,2250,,,,,
2026-02-18,2026-02-18,FO,NSE,STO,147679,,ONGC,,2026-04-28,2026-04-28,231.75,PE,ONGC26APR231.75PE,0.0,0.0,0.0,8.43,0.0,8.43,264.6,1.65,0,0,0,0.0,0,F1,2250,,,,,
2026-02-18,2026-02-18,FO,NSE,STO,147713,,ONGC,,2026-04-28,2026-04-28,265.75,PE,ONGC26APR265.75PE,0.0,0.0,0.0,27.15,0.0,27.15,264.6,11.75,0,0,0,0.0,0,F1,2250,,,,,
2026-02-18,2026-02-18,FO,NSE,STO,147723,,ONGC,,2026-04-28,2026-04-28,275.75,PE,ONGC26APR275.75PE,0.0,0.0,0.0,34.68,0.0,34.68,264.6,17.35,0,0,0,0.0,0,F1,2250,,,,,
2026-02-18,2026-02-18,FO,NSE,STO,147727,,ONGC,,2026-04-28,2026-04-28,281.75,PE,ONGC26APR281.75PE,0.0,0.0,0.0,39.51,0.0,39.51,264.6,21.25,0,0,0,0.0,0,F1,2250,,,,,
2026-02-18,2026-02-18,FO,NSE,STO,147032,,ONGC,,2026-02-24,2026-02-24,240.75,PE,ONGC26FEB240.75PE,0.1,0.1,0.1,0.1,0.1,0.15,264.6,0.1,231750,231750,10,5419125.0,5,F1,2250,,,,,
2026-02-18,2026-02-18,FO,NSE,STO,146924,,ONGC,,2026-02-24,2026-02-24,229.75,PE,ONGC26FEB229.75PE,0.05,0.05,0.05,0.05,0.05,0.15,264.6,0.05,40500,40500,6,3102300.0,3,F1,2250,,,,,
2026-02-18,2026-02-18,FO,NSE,STO,146904,,ONGC,,2026-02-24,2026-02-24,216.75,PE,ONGC26FEB216.75PE,0.0,0.0,0.0,0.1,0.1,0.1,264.6,0.05,78750,78750,0,0.0,0,F1,2250,,,,,
2026-02-18,2026-02-18,FO,NSE,STO,146902,,ONGC,,2026-02-24,2026-02-24,215.75,PE,ONGC26FEB215.75PE,0.0,0.0,0.0,0.15,0.15,0.15,264.6,0.05,146250,146250,0,0.0,0,F1,2250,,,,,
2026-02-18,2026-02-18,FO,NSE,STO,37313,,ONGC,,2026-04-28,2026-04-28,291.75,CE,ONGC26APR291.75CE,0.0,0.0,0.0,7.77,0.0,7.77,264.6,4.45,0,0,0,0.0,0,F1,2250,,,,,
2026-02-18,2026-02-18,FO,NSE,STO,147714,,ONGC,,2026-04-28,2026-04-28,267.75,CE,ONGC26APR267.75CE,0.0,0.0,0.0,6.74,0.0,6.74,264.6,12.4,0,0,0,0.0,0,F1,2250,,,,,
2026-02-18,2026-02-18,FO,NSE,STO,147708,,ONGC,,2026-04-28,2026-04-28,261.75,CE,ONGC26APR261.75CE,0.0,0.0,0.0,8.42,0.0,8.42,264.6,15.4,0,0,0,0.0,0,F1,2250,,,,,
2026-02-18,2026-02-18,FO,NSE,STO,37314,,ONGC,,2026-04-28,2026-04-28,291.75,PE,ONGC26APR291.75PE,0.0,0.0,0.0,32.68,0.0,32.68,264.6,28.6,0,0,0,0.0,0,F1,2250,,,,,
2026-02-18,2026-02-18,FO,NSE,STO,147698,,ONGC,,2026-04-28,2026-04-28,251.75,CE,ONGC26APR251.75CE,0.0,0.0,0.0,11.93,0.0,11.93,264.6,21.45,0,0,0,0.0,0,F1,2250,,,,,
2026-02-18,2026-02-18,FO,NSE,STO,37244,,ONGC,,2026-03-30,2026-03-30,294.75,CE,ONGC26MAR294.75CE,0.0,0.0,0.0,4.32,0.0,4.32,264.6,1.65,0,0,0,0.0,0,F1,2250,,,,,
2026-02-18,2026-02-18,FO,NSE,STO,147502,,ONGC,,2026-03-30,2026-03-30,276.75,CE,ONGC26MAR276.75CE,4.25,4.25,4.25,4.25,4.25,4.7,264.6,5.4,4500,4500,2,1264500.0,2,F1,2250,,,,,
2026-02-18,2026-02-18,FO,NSE,STO,36254,,ONGC,,2026-03-30,2026-03-30,267.75,CE,ONGC26MAR267.75CE,7.75,7.8,7.0,7.5,7.35,8.3,264.6,7.5,27000,27000,15,9288112.5,15,F1,2250,,,,,
2026-02-18,2026-02-18,FO,NSE,STO,147436,,ONGC,,2026-03-30,2026-03-30,264.75,CE,ONGC26MAR264.75CE,9.05,9.75,8.45,8.7,8.7,10.35,264.6,8.7,81000,81000,34,20940975.0,32,F1,2250,,,,,
2026-02-18,2026-02-18,FO,NSE,STO,147416,,ONGC,,2026-03-30,2026-03-30,244.75,CE,ONGC26MAR244.75CE,0.0,0.0,0.0,11.86,0.0,11.86,264.6,23.55,0,0,0,0.0,0,F1,2250,,,,,
2026-02-18,2026-02-18,FO,NSE,STO,147404,,ONGC,,2026-03-30,2026-03-30,232.75,CE,ONGC26MAR232.75CE,0.0,0.0,0.0,18.38,0.0,18.38,264.6,33.95,0,0,0,0.0,0,F1,2250,,,,,
2026-02-18,2026-02-18,FO,NSE,STO,147373,,ONGC,,2026-03-30,2026-03-30,229.75,CE,ONGC26MAR229.75CE,0.0,0.0,0.0,32.77,32.77,32.77,264.6,36.7,0,0,0,0.0,0,F1,2250,,,,,
2026-02-18,2026-02-18,FO,NSE,STO,147369,,ONGC,,2026-03-30,2026-03-30,225.75,CE,ONGC26MAR225.75CE,0.0,0.0,0.0,16.77,0.0,16.77,264.6,40.5,0,0,0,0.0,0,F1,2250,,,,,
2026-02-18,2026-02-18,FO,NSE,STO,147231,,ONGC,,2026-02-24,2026-02-24,287.75,CE,ONGC26FEB287.75CE,0.2,0.2,0.15,0.15,0.15,0.35,264.6,0.05,182250,182250,15,9717300.0,13,F1,2250,,,,,
2026-02-18,2026-02-18,FO,NSE,STO,37149,,ONGC,,2026-02-24,2026-02-24,278.75,CE,ONGC26FEB278.75CE,0.35,0.35,0.15,0.2,0.2,0.6,264.6,0.2,1154250,1154250,318,199623375.0,213,F1,2250,,,,,
2026-02-18,2026-02-18,FO,NSE,STO,147221,,ONGC,,2026-02-24,2026-02-24,275.75,CE,ONGC26FEB275.75CE,0.6,0.6,0.2,0.25,0.25,0.8,264.6,0.25,1635750,1635750,337,209300512.5,157,F1,2250,,,,,
2026-02-18,2026-02-18,FO,NSE,STO,40073,,ONGC,,2026-02-24,2026-02-24,270.75,CE,ONGC26FEB270.75CE,1.25,1.3,0.5,0.55,0.55,1.5,264.6,0.55,1125000,1125000,803,490406625.0,557,F1,2250,,,,,
2026-02-18,2026-02-18,FO,NSE,STO,123837,,ONGC,,2026-02-24,2026-02-24,263.75,CE,ONGC26FEB263.75CE,2.95,3.8,2.0,2.25,2.3,4.1,264.6,2.25,16204500,16204500,4105,2458085850.0,3333,F1,2250,,,,,
2026-02-18,2026-02-18,FO,NSE,STO,147109,,ONGC,,2026-02-24,2026-02-24,256.75,CE,ONGC26FEB256.75CE,7.85,8.6,7.1,8.6,8.6,9.6,264.6,9.05,209250,209250,30,17840812.5,30,F1,2250,,,,,
2026-02-18,2026-02-18,FO,NSE,STO,147051,,ONGC,,2026-02-24,2026-02-24,252.75,CE,ONGC26FEB252.75CE,0.0,0.0,0.0,13.25,13.25,13.25,264.6,12.45,274500,274500,0,0.0,0,F1,2250,,,,,
2026-02-18,2026-02-18,FO,NSE,STO,147023,,ONGC,,2026-02-24,2026-02-24,235.75,CE,ONGC26FEB235.75CE,0.0,0.0,0.0,13.5,13.5,13.5,264.6,29.05,65250,65250,0,0.0,0,F1,2250,,,,,
2026-02-18,2026-02-18,FO,NSE,STO,123769,,ONGC,,2026-02-24,2026-02-24,203.75,CE,ONGC26FEB203.75CE,60.0,60.0,60.0,60.0,60.0,61.0,264.6,61.05,4500,4500,1,593437.5,1,F1,2250,,,,,
2026-02-18,2026-02-18,FO,NSE,STO,147419,,ONGC,,2026-03-30,2026-03-30,246.75,PE,ONGC26MAR246.75PE,2.0,2.1,2.0,2.1,2.1,3.1,264.6,2.6,20250,20250,8,4478850.0,4,F1,2250,,,,,
2026-02-18,2026-02-18,FO,NSE,STO,147384,,ONGC,,2026-03-30,2026-03-30,237.75,PE,ONGC26MAR237.75PE,0.0,0.0,0.0,2.45,2.45,2.45,264.6,1.15,11250,11250,0,0.0,0,F1,2250,,,,,
2026-02-18,2026-02-18,FO,NSE,STO,147184,,ONGC,,2026-02-24,2026-02-24,267.75,PE,ONGC26FEB267.75PE,5.4,5.5,3.8,4.25,4.35,4.0,264.6,4.25,904500,904500,139,85207612.5,139,F1,2250,,,,,
2026-02-18,2026-02-18,FO,NSE,STO,123836,,ONGC,,2026-02-24,2026-02-24,258.75,PE,ONGC26FEB258.75PE,0.95,1.2,0.4,0.45,0.4,0.75,264.6,0.45,2508750,2508750,983,573806137.5,693,F1,2250,,,,,
2026-02-18,2026-02-18,FO,NSE,STO,147054,,ONGC,,2026-02-24,2026-02-24,254.75,PE,ONGC26FEB254.75PE,0.3,0.3,0.2,0.2,0.2,0.4,264.6,0.2,303750,303750,49,28117012.5,17,F1,2250,,,,,
2026-02-18,2026-02-18,FO,NSE,STO,146890,,ONGC,,2026-02-24,2026-02-24,207.75,PE,ONGC26FEB207.75PE,0.05,0.05,0.05,0.05,0.05,0.15,264.6,0.05,168750,168750,6,2805300.0,1,F1,2250,,,,,
2026-02-18,2026-02-18,FO,NSE,STO,147730,,ONGC,,2026-04-28,2026-04-28,289.75,CE,ONGC26APR289.75CE,0.0,0.0,0.0,2.76,0.0,2.76,264.6,4.9,0,0,0,0.0,0,F1,2250,,,,,
2026-02-18,2026-02-18,FO,NSE,STO,147704,,ONGC,,2026-04-28,2026-04-28,257.75,CE,ONGC26APR257.75CE,0.0,0.0,0.0,9.71,0.0,9.71,264.6,17.7,0,0,0,0.0,0,F1,2250,,,,,
2026-02-18,2026-02-18,FO,NSE,STO,147682,,ONGC,,2026-04-28,2026-04-28,235.75,CE,ONGC26APR235.75CE,0.0,0.0,0.0,19.66,0.0,19.66,264.6,33.5,0,0,0,0.0,0,F1,2250,,,,,
2026-02-18,2026-02-18,FO,NSE,STO,147483,,ONGC,,2026-03-30,2026-03-30,293.75,CE,ONGC26MAR293.75CE,1.5,1.7,1.45,1.5,1.45,1.95,264.6,1.5,1388250,1388250,187,124245112.5,146,F1,2250,,,,,
2026-02-18,2026-02-18,FO,NSE,STO,147506,,ONGC,,2026-03-30,2026-03-30,283.75,CE,ONGC26MAR283.75CE,2.85,3.0,2.5,2.65,2.65,3.5,264.6,2.65,378000,378000,87,56084287.5,72,F1,2250,,,,,
2026-02-18,2026-02-18,FO,NSE,STO,147444,,ONGC,,2026-03-30,2026-03-30,272.75,CE,ONGC26MAR272.75CE,5.65,5.7,5.4,5.4,5.4,11.1,264.6,5.4,18000,18000,6,3756600.0,6,F1,2250,,,,,
2026-02-18,2026-02-18,FO,NSE,STO,147432,,ONGC,,2026-03-30,2026-03-30,260.75,CE,ONGC26MAR260.75CE,11.2,11.65,10.5,11.0,10.9,10.2,264.6,11.0,63000,63000,34,20798662.5,26,F1,2250,,,,,
2026-02-18,2026-02-18,FO,NSE,STO,37178,,ONGC,,2026-02-24,2026-02-24,296.75,CE,ONGC26FEB296.75CE,0.0,0.0,0.0,0.98,0.0,0.98,264.6,0.05,0,0,0,0.0,0,F1,2250,,,,,
2026-02-18,2026-02-18,FO,NSE,STO,37170,,ONGC,,2026-02-24,2026-02-24,292.75,CE,ONGC26FEB292.75CE,0.3,0.3,0.1,0.15,0.15,0.25,264.6,0.05,54000,54000,4,2636212.5,3,F1,2250,,,,,
2026-02-18,2026-02-18,FO,NSE,STO,123954,,ONGC,,2026-02-24,2026-02-24,283.75,CE,ONGC26FEB283.75CE,0.25,0.25,0.15,0.15,0.15,0.4,264.6,0.15,3393000,3393000,532,339885112.5,282,F1,2250,,,,,
2026-02-18,2026-02-18,FO,NSE,STO,147045,,ONGC,,2026-02-24,2026-02-24,249.75,CE,ONGC26FEB249.75CE,0.0,0.0,0.0,14.4,14.4,14.4,264.6,15.25,645750,645750,0,0.0,0,F1,2250,,,,,
2026-02-18,2026-02-18,FO,NSE,STO,155357,,PNB,,2026-02-24,2026-02-24,121.0,PE,PNB26FEB121PE,0.57,0.57,0.21,0.22,0.21,0.67,128.15,0.22,2880000,176000,878,852293040.0,660,F1,8000,,,,,
2026-02-18,2026-02-18,FO,NSE,STO,151327,,PNB,,2026-03-30,2026-03-30,129.0,PE,PNB26MAR129PE,4.7,5.2,4.47,4.48,4.5,7.8,128.15,4.48,280000,232000,48,51325840.0,40,F1,8000,,,,,
2026-02-18,2026-02-18,FO,NSE,STO,151529,,PNB,,2026-04-28,2026-04-28,118.0,PE,PNB26APR118PE,0.0,0.0,0.0,5.47,0.0,5.47,128.15,2.1,0,0,0,0.0,0,F1,8000,,,,,
2026-02-18,2026-02-18,FO,NSE,STO,155348,,PNB,,2026-02-24,2026-02-24,113.0,CE,PNB26FEB113CE,0.0,0.0,0.0,7.95,7.95,7.95,128.15,15.25,16000,0,0,0.0,0,F1,8000,,,,,
2026-02-18,2026-02-18,FO,NSE,STO,127529,,PNB,,2026-02-24,2026-02-24,114.0,CE,PNB26FEB114CE,13.8,13.86,13.8,13.86,13.86,13.16,128.15,14.25,16000,8000,2,2045280.0,2,F1,8000,,,,,
2026-02-18,2026-02-18,FO,NSE,STO,127535,,PNB,,2026-02-24,2026-02-24,120.0,CE,PNB26FEB120CE,5.91,8.67,5.52,8.13,8.1,5.56,128.15,8.13,4488000,-280000,322,328735120.0,268,F1,8000,,,,,
2026-02-18,2026-02-18,FO,NSE,STO,155366,,PNB,,2026-02-24,2026-02-24,131.0,CE,PNB26FEB131CE,0.55,1.23,0.47,0.77,0.73,0.47,128.15,0.77,3096000,-1040000,2173,2292059520.0,1837,F1,8000,,,,,
2026-02-18,2026-02-18,FO,NSE,STO,127547,,PNB,,2026-02-24,2026-02-24,132.0,CE,PNB26FEB132CE,0.41,0.98,0.38,0.58,0.56,0.37,128.15,0.58,4216000,-512000,1431,1518693360.0,1203,F1,8000,,,,,
2026-02-18,2026-02-18,FO,NSE,STO,155368,,PNB,,2026-02-24,2026-02-24,133.0,CE,PNB26FEB133CE,0.3,0.76,0.28,0.43,0.42,0.28,128.15,0.43,2736000,-368000,727,776478320.0,623,F1,8000,,,,,
2026-02-18,2026-02-18,FO,NSE,STO,127568,,PNB,,2026-02-24,2026-02-24,136.0,CE,PNB26FEB136CE,0.18,0.38,0.15,0.2,0.2,0.15,128.15,0.2,1112000,16000,327,356421520.0,298,F1,8000,,,,,
2026-02-18,2026-02-18,FO,NSE,STO,127572,,PNB,,2026-02-24,2026-02-24,138.0,CE,PNB26FEB138CE,0.12,0.24,0.1,0.12,0.13,0.11,128.15,0.12,1408000,576000,342,377978560.0,274,F1,8000,,,,,
2026-02-18,2026-02-18,FO,NSE,STO,155440,,PNB,,2026-03-30,2026-03-30,114.0,CE,PNB26MAR114CE,14.9,14.9,14.9,14.9,14.9,14.18,128.15,15.4,8000,8000,1,1031200.0,1,F1,8000,,,,,
2026-02-18,2026-02-18,FO,NSE,STO,151314,,PNB,,2026-03-30,2026-03-30,117.0,CE,PNB26MAR117CE,0.0,0.0,0.0,10.53,10.53,10.53,128.15,12.83,24000,0,0,0.0,0,F1,8000,,,,,
2026-02-18,2026-02-18,FO,NSE,STO,155450,,PNB,,2026-03-30,2026-03-30,124.0,CE,PNB26MAR124CE,5.93,7.85,5.93,7.85,7.85,5.68,128.15,7.68,304000,-32000,19,19834800.0,15,F1,8000,,,,,
2026-02-18,2026-02-18,FO,NSE,STO,151326,,PNB,,2026-03-30,2026-03-30,129.0,CE,PNB26MAR129CE,3.94,4.92,3.94,4.55,4.55,3.39,128.15,4.91,592000,328000,70,74756320.0,52,F1,8000,,,,,
2026-02-18,2026-02-18,FO,NSE,STO,151530,,PNB,,2026-04-28,2026-04-28,120.0,CE,PNB26APR120CE,0.0,0.0,0.0,11.1,0.0,11.1,128.15,12.04,0,0,0,0.0,0,F1,8000,,,,,
2026-02-18,2026-02-18,FO,NSE,STO,127526,,PNB,,2026-02-24,2026-02-24,110.0,PE,PNB26FEB110PE,0.06,0.06,0.03,0.04,0.04,0.07,128.15,0.04,3016000,-496000,236,207763360.0,123,F1,8000,,,,,
2026-02-18,2026-02-18,FO,NSE,STO,155434,,PNB,,2026-03-30,2026-03-30,108.0,CE,PNB26MAR108CE,0.0,0.0,0.0,18.38,0.0,18.38,128.15,20.95,0,0,0,0.0,0,F1,8000,,,,,
2026-02-18,2026-02-18,FO,NSE,STO,151518,,PNB,,2026-04-28,2026-04-28,108.0,CE,PNB26APR108CE,0.0,0.0,0.0,18.95,0.0,18.95,128.15,21.78,0,0,0,0.0,0,F1,8000,,,,,
2026-02-18,2026-02-18,FO,NSE,STO,127614,,PNB,,2026-02-24,2026-02-24,150.0,CE,PNB26FEB150CE,0.04,0.04,0.02,0.02,0.04,0.02,128.15,0.02,1888000,-24000,84,100822320.0,54,F1,8000,,,,,
2026-02-18,2026-02-18,FO,NSE,STO,127551,,PNB,,2026-02-24,2026-02-24,134.0,CE,PNB26FEB134CE,0.29,0.61,0.22,0.33,0.34,0.23,128.15,0.33,3064000,632000,642,690271920.0,567,F1,8000,,,,,
2026-02-18,2026-02-18,FO,NSE,STO,151536,,PNB,,2026-04-28,2026-04-28,126.0,CE,PNB26APR126CE,0.0,0.0,0.0,8.16,0.0,8.16,128.15,8.28,0,0,0,0.0,0,F1,8000,,,,,
2026-02-18,2026-02-18,FO,NSE,STO,127567,,PNB,,2026-02-24,2026-02-24,134.0,PE,PNB26FEB134PE,0.0,0.0,0.0,11.95,11.9,11.95,128.15,6.02,112000,0,0,0.0,0,F1,8000,,,,,
2026-02-18,2026-02-18,FO,NSE,STO,151523,,PNB,,2026-04-28,2026-04-28,112.0,PE,PNB26APR112PE,0.0,0.0,0.0,3.39,0.0,3.39,128.15,0.95,0,0,0,0.0,0,F1,8000,,,,,
2026-02-18,2026-02-18,FO,NSE,STO,155346,,PNB,,2026-02-24,2026-02-24,111.0,CE,PNB26FEB111CE,0.0,0.0,0.0,8.2,8.2,8.2,128.15,17.25,16000,0,0,0.0,0,F1,8000,,,,,
2026-02-18,2026-02-18,FO,NSE,STO,155442,,PNB,,2026-03-30,2026-03-30,116.0,CE,PNB26MAR116CE,11.8,11.8,11.8,11.8,11.8,6.18,128.15,13.67,8000,-8000,1,1022400.0,1,F1,8000,,,,,
2026-02-18,2026-02-18,FO,NSE,STO,127524,,PNB,,2026-02-24,2026-02-24,108.0,PE,PNB26FEB108PE,0.05,0.05,0.02,0.03,0.03,0.05,128.15,0.01,968000,-64000,15,12963600.0,11,F1,8000,,,,,
2026-02-18,2026-02-18,FO,NSE,STO,151534,,PNB,,2026-04-28,2026-04-28,124.0,CE,PNB26APR124CE,0.0,0.0,0.0,9.07,0.0,9.07,128.15,9.43,0,0,0,0.0,0,F1,8000,,,,,
2026-02-18,2026-02-18,FO,NSE,STF,66983,,PNB,,2026-04-28,2026-04-28,,,PNB26APRFUT,126.82,130.0,126.82,129.42,129.42,126.65,128.15,129.42,3544000,400000,311,321070560.0,280,F1,8000,,,,,
2026-02-18,2026-02-18,FO,NSE,STO,151328,,PNB,,2026-03-30,2026-03-30,131.0,CE,PNB26MAR131CE,2.85,3.92,2.85,3.52,3.52,2.77,128.15,3.52,168000,128000,25,26891200.0,23,F1,8000,,,,,
2026-02-18,2026-02-18,FO,NSE,STO,151318,,PNB,,2026-03-30,2026-03-30,121.0,CE,PNB26MAR121CE,9.07,9.07,9.07,9.07,9.07,7.23,128.15,9.72,32000,8000,1,1040560.0,1,F1,8000,,,,,
2026-02-18,2026-02-18,FO,NSE,STO,151310,,PNB,,2026-03-30,2026-03-30,113.0,CE,PNB26MAR113CE,0.0,0.0,0.0,8.6,8.6,8.6,128.15,16.29,8000,0,0,0.0,0,F1,8000,,,,,
2026-02-18,2026-02-18,FO,NSE,STO,155347,,PNB,,2026-02-24,2026-02-24,111.0,PE,PNB26FEB111PE,0.06,0.06,0.04,0.04,0.04,0.08,128.15,0.04,416000,16000,35,31094480.0,35,F1,8000,,,,,
2026-02-18,2026-02-18,FO,NSE,STO,155351,,PNB,,2026-02-24,2026-02-24,115.0,PE,PNB26FEB115PE,0.11,0.11,0.07,0.07,0.07,0.13,128.15,0.07,3400000,-48000,484,445606000.0,313,F1,8000,,,,,
2026-02-18,2026-02-18,FO,NSE,STO,155446,,PNB,,2026-03-30,2026-03-30,120.0,CE,PNB26MAR120CE,8.55,10.75,8.5,10.2,10.2,8.14,128.15,10.2,1912000,336000,226,234678880.0,120,F1,8000,,,,,
2026-02-18,2026-02-18,FO,NSE,STO,155444,,PNB,,2026-03-30,2026-03-30,118.0,CE,PNB26MAR118CE,10.8,11.54,10.8,11.54,11.54,9.38,128.15,12.02,64000,8000,3,3097520.0,3,F1,8000,,,,,
2026-02-18,2026-02-18,FO,NSE,STO,151308,,PNB,,2026-03-30,2026-03-30,111.0,CE,PNB26MAR111CE,0.0,0.0,0.0,15.25,0.0,15.25,128.15,18.12,0,0,0,0.0,0,F1,8000,,,,,
2026-02-18,2026-02-18,FO,NSE,STO,155432,,PNB,,2026-03-30,2026-03-30,106.0,CE,PNB26MAR106CE,0.0,0.0,0.0,19.92,0.0,19.92,128.15,22.88,0,0,0,0.0,0,F1,8000,,,,,
2026-02-18,2026-02-18,FO,NSE,STO,127582,,PNB,,2026-02-24,2026-02-24,146.0,CE,PNB26FEB146CE,0.05,0.07,0.03,0.03,0.03,0.03,128.15,0.03,2144000,-280000,121,141371200.0,86,F1,8000,,,,,
2026-02-18,2026-02-18,FO,NSE,STO,155370,,PNB,,2026-02-24,2026-02-24,135.0,CE,PNB26FEB135CE,0.21,0.49,0.18,0.26,0.25,0.18,128.15,0.26,8392000,-416000,2256,2442017600.0,1594,F1,8000,,,,,
2026-02-18,2026-02-18,FO,NSE,STO,127533,,PNB,,2026-02-24,2026-02-24,118.0,CE,PNB26FEB118CE,9.0,10.45,9.0,10.01,10.01,7.34,128.15,10.01,672000,-72000,35,35798080.0,19,F1,8000,,,,,
2026-02-18,2026-02-18,FO,NSE,STO,151547,,PNB,,2026-04-28,2026-04-28,136.0,PE,PNB26APR136PE,0.0,0.0,0.0,15.57,0.0,15.57,128.15,10.37,0,0,0,0.0,0,F1,8000,,,,,
2026-02-18,2026-02-18,FO,NSE,STO,151533,,PNB,,2026-04-28,2026-04-28,122.0,PE,PNB26APR122PE,0.0,0.0,0.0,7.23,0.0,7.23,128.15,3.28,0,0,0,0.0,0,F1,8000,,,,,
2026-02-18,2026-02-18,FO,NSE,STO,155461,,PNB,,2026-03-30,2026-03-30,134.0,PE,PNB26MAR134PE,0.0,0.0,0.0,14.51,0.0,14.51,128.15,7.96,0,0,0,0.0,0,F1,8000,,,,,
2026-02-18,2026-02-18,FO,NSE,STO,155453,,PNB,,2026-03-30,2026-03-30,126.0,PE,PNB26MAR126PE,4.23,4.23,3.13,3.18,3.21,4.64,128.15,3.18,392000,160000,38,39389040.0,35,F1,8000,,,,,
2026-02-18,2026-02-18,FO,NSE,STO,127615,,PNB,,2026-02-24,2026-02-24,150.0,PE,PNB26FEB150PE,0.0,0.0,0.0,24.8,24.8,24.8,128.15,21.71,224000,0,0,0.0,0,F1,8000,,,,,
2026-02-18,2026-02-18,FO,NSE,STO,155365,,PNB,,2026-02-24,2026-02-24,129.0,PE,PNB26FEB129PE,3.11,3.29,2.15,2.35,2.42,4.71,128.15,2.35,376000,192000,182,191398960.0,160,F1,8000,,,,,
2026-02-18,2026-02-18,FO,NSE,STO,127544,,PNB,,2026-02-24,2026-02-24,128.0,PE,PNB26FEB128PE,3.25,3.25,1.65,1.77,1.77,3.91,128.15,1.77,2008000,1384000,1325,1377800000.0,1113,F1,8000,,,,,
2026-02-18,2026-02-18,FO,NSE,STO,155361,,PNB,,2026-02-24,2026-02-24,125.0,PE,PNB26FEB125PE,1.9,1.9,0.64,0.68,0.68,2.0,128.15,0.68,13472000,568000,4897,4934928400.0,3881,F1,8000,,,,,
2026-02-18,2026-02-18,FO,NSE,STO,155359,,PNB,,2026-02-24,2026-02-24,123.0,PE,PNB26FEB123PE,0.95,1.0,0.36,0.38,0.37,1.18,128.15,0.38,3888000,128000,1726,1706153760.0,1348,F1,8000,,,,,
2026-02-18,2026-02-18,FO,NSE,STO,127538,,PNB,,2026-02-24,2026-02-24,122.0,PE,PNB26FEB122PE,1.0,1.0,0.27,0.29,0.27,0.88,128.15,0.29,3608000,200000,1418,1388933760.0,1115,F1,8000,,,,,
2026-02-18,2026-02-18,FO,NSE,STO,127534,,PNB,,2026-02-24,2026-02-24,118.0,PE,PNB26FEB118PE,0.21,0.21,0.12,0.12,0.12,0.27,128.15,0.12,3128000,-1184000,619,585080160.0,442,F1,8000,,,,,
2026-02-18,2026-02-18,FO,NSE,STO,151539,,PNB,,2026-04-28,2026-04-28,128.0,PE,PNB26APR128PE,0.0,0.0,0.0,10.41,0.0,10.41,128.15,5.74,0,0,0,0.0,0,F1,8000,,,,,
2026-02-18,2026-02-18,FO,NSE,STO,151322,,PNB,,2026-03-30,2026-03-30,125.0,CE,PNB26MAR125CE,5.1,7.19,5.0,6.58,6.46,5.05,128.15,6.58,3176000,904000,511,537598960.0,368,F1,8000,,,,,
2026-02-18,2026-02-18,FO,NSE,STO,155454,,PNB,,2026-03-30,2026-03-30,128.0,CE,PNB26MAR128CE,4.15,5.48,4.15,4.92,4.84,3.63,128.15,4.92,992000,776000,313,332932800.0,204,F1,8000,,,,,
2026-02-18,2026-02-18,FO,NSE,STO,155460,,PNB,,2026-03-30,2026-03-30,134.0,CE,PNB26MAR134CE,2.33,2.8,2.32,2.47,2.47,1.87,128.15,2.91,208000,48000,15,16380320.0,13,F1,8000,,,,,
2026-02-18,2026-02-18,FO,NSE,STO,155470,,PNB,,2026-03-30,2026-03-30,144.0,CE,PNB26MAR144CE,0.6,0.97,0.6,0.74,0.74,0.58,128.15,0.74,1560000,520000,197,228157920.0,167,F1,8000,,,,,
2026-02-18,2026-02-18,FO,NSE,STO,127531,,PNB,,2026-02-24,2026-02-24,116.0,CE,PNB26FEB116CE,10.5,10.5,10.5,10.5,10.5,9.28,128.15,12.26,96000,0,1,1012000.0,1,F1,8000,,,,,
2026-02-18,2026-02-18,FO,NSE,STO,127543,,PNB,,2026-02-24,2026-02-24,128.0,CE,PNB26FEB128CE,1.02,2.45,1.0,1.78,1.72,1.0,128.15,1.78,4688000,216000,8159,8475014320.0,6852,F1,8000,,,,,
2026-02-18,2026-02-18,FO,NSE,STO,127574,,PNB,,2026-02-24,2026-02-24,140.0,CE,PNB26FEB140CE,0.09,0.17,0.08,0.09,0.09,0.09,128.15,0.09,11200000,-1040000,1218,1365231200.0,755,F1,8000,,,,,
2026-02-18,2026-02-18,FO,NSE,STO,155448,,PNB,,2026-03-30,2026-03-30,122.0,CE,PNB26MAR122CE,8.5,9.1,8.5,8.95,8.95,6.74,128.15,9.01,168000,24000,4,4189200.0,4,F1,8000,,,,,
2026-02-18,2026-02-18,FO,NSE,STO,155452,,PNB,,2026-03-30,2026-03-30,126.0,CE,PNB26MAR126CE,4.58,6.52,4.58,6.03,6.09,4.58,128.15,6.03,400000,-16000,121,127609440.0,104,F1,8000,,,,,
2026-02-18,2026-02-18,FO,NSE,STO,155456,,PNB,,2026-03-30,2026-03-30,130.0,CE,PNB26MAR130CE,3.0,4.5,2.97,4.0,3.87,2.97,128.15,4.0,7192000,560000,1871,2003954800.0,1501,F1,8000,,,,,
2026-02-18,2026-02-18,FO,NSE,STO,151522,,PNB,,2026-04-28,2026-04-28,112.0,CE,PNB26APR112CE,0.0,0.0,0.0,16.06,0.0,16.06,128.15,18.26,0,0,0,0.0,0,F1,8000,,,,,
2026-02-18,2026-02-18,FO,NSE,STO,155371,,PNB,,2026-02-24,2026-02-24,135.0,PE,PNB26FEB135PE,9.45,9.45,6.79,7.26,7.29,10.08,128.15,7.26,1392000,120000,130,148155840.0,110,F1,8000,,,,,
2026-02-18,2026-02-18,FO,NSE,STO,155435,,PNB,,2026-03-30,2026-03-30,108.0,PE,PNB26MAR108PE,0.36,0.37,0.29,0.29,0.29,0.65,128.15,0.15,96000,32000,13,11268160.0,9,F1,8000,,,,,
2026-02-18,2026-02-18,FO,NSE,STO,155439,,PNB,,2026-03-30,2026-03-30,112.0,PE,PNB26MAR112PE,0.63,0.63,0.52,0.52,0.52,0.73,128.15,0.37,256000,-56000,43,38727120.0,41,F1,8000,,,,,
2026-02-18,2026-02-18,FO,NSE,STO,151335,,PNB,,2026-03-30,2026-03-30,135.0,PE,PNB26MAR135PE,9.72,10.11,8.1,8.24,8.3,10.91,128.15,8.24,1288000,1048000,151,173254720.0,97,F1,8000,,,,,
2026-02-18,2026-02-18,FO,NSE,STO,155463,,PNB,,2026-03-30,2026-03-30,136.0,PE,PNB26MAR136PE,0.0,0.0,0.0,15.91,0.0,15.91,128.15,9.35,0,0,0,0.0,0,F1,8000,,,,,
2026-02-18,2026-02-18,FO,NSE,STO,151517,,PNB,,2026-04-28,2026-04-28,106.0,PE,PNB26APR106PE,0.0,0.0,0.0,1.92,0.0,1.92,128.15,0.36,0,0,0,0.0,0,F1,8000,,,,,
2026-02-18,2026-02-18,FO,NSE,STO,151315,,PNB,,2026-03-30,2026-03-30,117.0,PE,PNB26MAR117PE,1.15,1.25,0.93,0.94,0.94,1.45,128.15,0.94,504000,24000,54,50991440.0,51,F1,8000,,,,,
2026-02-18,2026-02-18,FO,NSE,STO,151544,,PNB,,2026-04-28,2026-04-28,134.0,CE,PNB26APR134CE,0.0,0.0,0.0,5.19,0.0,5.19,128.15,4.61,0,0,0,0.0,0,F1,8000,,,,,
2026-02-18,2026-02-18,FO,NSE,STO,127514,,PNB,,2026-02-24,2026-02-24,98.0,PE,PNB26FEB98PE,0.02,0.02,0.01,0.01,0.01,0.03,128.15,0.01,520000,16000,8,6273120.0,5,F1,8000,,,,,
2026-02-18,2026-02-18,FO,NSE,STO,155345,,PNB,,2026-02-24,2026-02-24,109.0,PE,PNB26FEB109PE,0.0,0.0,0.0,0.05,0.05,0.05,128.15,0.01,752000,0,0,0.0,0,F1,8000,,,,,
2026-02-18,2026-02-18,FO,NSE,STO,127530,,PNB,,2026-02-24,2026-02-24,114.0,PE,PNB26FEB114PE,0.08,0.08,0.06,0.06,0.07,0.1,128.15,0.06,688000,-144000,62,56580080.0,60,F1,8000,,,,,
2026-02-18,2026-02-18,FO,NSE,STO,127519,,PNB,,2026-02-24,2026-02-24,104.0,CE,PNB26FEB104CE,23.54,24.33,23.54,24.33,24.33,20.35,128.15,24.24,40000,16000,2,2046960.0,2,F1,8000,,,,,
2026-02-18,2026-02-18,FO,NSE,STO,155455,,PNB,,2026-03-30,2026-03-30,128.0,PE,PNB26MAR128PE,4.6,4.86,3.96,4.06,4.12,7.75,128.15,4.06,400000,360000,86,90976160.0,78,F1,8000,,,,,
2026-02-18,2026-02-18,FO,NSE,STO,127579,,PNB,,2026-02-24,2026-02-24,144.0,PE,PNB26FEB144PE,0.0,0.0,0.0,18.32,18.32,18.32,128.15,15.72,56000,0,0,0.0,0,F1,8000,,,,,
2026-02-18,2026-02-18,FO,NSE,STO,127532,,PNB,,2026-02-24,2026-02-24,116.0,PE,PNB26FEB116PE,0.13,0.13,0.08,0.08,0.08,0.16,128.15,0.08,632000,-560000,251,233141040.0,163,F1,8000,,,,,
2026-02-18,2026-02-18,FO,NSE,STO,127528,,PNB,,2026-02-24,2026-02-24,112.0,PE,PNB26FEB112PE,0.06,0.07,0.05,0.05,0.05,0.08,128.15,0.05,680000,-40000,51,45720080.0,46,F1,8000,,,,,
2026-02-18,2026-02-18,FO,NSE,STO,127520,,PNB,,2026-02-24,2026-02-24,104.0,PE,PNB26FEB104PE,0.01,0.02,0.01,0.01,0.01,0.04,128.15,0.01,440000,-16000,5,4160560.0,5,F1,8000,,,,,
2026-02-18,2026-02-18,FO,NSE,STO,127518,,PNB,,2026-02-24,2026-02-24,102.0,PE,PNB26FEB102PE,0.02,0.02,0.02,0.02,0.02,0.03,128.15,0.01,288000,0,2,1632320.0,2,F1,8000,,,,,
2026-02-18,2026-02-18,FO,NSE,STO,151542,,PNB,,2026-04-28,2026-04-28,132.0,CE,PNB26APR132CE,0.0,0.0,0.0,5.83,0.0,5.83,128.15,5.39,0,0,0,0.0,0,F1,8000,,,,,
2026-02-18,2026-02-18,FO,NSE,STO,151528,,PNB,,2026-04-28,2026-04-28,118.0,CE,PNB26APR118CE,0.0,0.0,0.0,12.23,0.0,12.23,128.15,13.47,0,0,0,0.0,0,F1,8000,,,,,
2026-02-18,2026-02-18,FO,NSE,STO,155464,,PNB,,2026-03-30,2026-03-30,138.0,CE,PNB26MAR138CE,1.27,1.89,1.27,1.53,1.53,1.15,128.15,1.53,216000,16000,53,59159200.0,46,F1,8000,,,,,
2026-02-18,2026-02-18,FO,NSE,STO,151324,,PNB,,2026-03-30,2026-03-30,127.0,CE,PNB26MAR127CE,4.3,5.99,4.3,5.43,5.36,4.13,128.15,5.43,408000,264000,104,110108400.0,87,F1,8000,,,,,
2026-02-18,2026-02-18,FO,NSE,STO,127576,,PNB,,2026-02-24,2026-02-24,142.0,CE,PNB26FEB142CE,0.07,0.12,0.05,0.05,0.05,0.06,128.15,0.05,1008000,64000,190,215949680.0,168,F1,8000,,,,,
2026-02-18,2026-02-18,FO,NSE,STO,155362,,PNB,,2026-02-24,2026-02-24,127.0,CE,PNB26FEB127CE,1.55,2.99,1.26,2.32,2.24,1.29,128.15,2.32,3240000,-208000,5727,5920050640.0,5035,F1,8000,,,,,
2026-02-18,2026-02-18,FO,NSE,STO,155360,,PNB,,2026-02-24,2026-02-24,125.0,CE,PNB26FEB125CE,2.21,4.35,2.0,3.68,3.54,2.08,128.15,3.68,6816000,-8928000,5252,5394173760.0,4426,F1,8000,,,,,
2026-02-18,2026-02-18,FO,NSE,STO,127537,,PNB,,2026-02-24,2026-02-24,122.0,CE,PNB26FEB122CE,4.08,6.95,4.08,6.27,6.24,3.98,128.15,6.27,1584000,-776000,260,266078560.0,230,F1,8000,,,,,
2026-02-18,2026-02-18,FO,NSE,STO,155350,,PNB,,2026-02-24,2026-02-24,115.0,CE,PNB26FEB115CE,11.33,13.5,11.33,13.12,13.12,10.21,128.15,13.26,632000,-232000,46,46937280.0,24,F1,8000,,,,,
2026-02-18,2026-02-18,FO,NSE,STO,151519,,PNB,,2026-04-28,2026-04-28,108.0,PE,PNB26APR108PE,0.0,0.0,0.0,2.35,0.0,2.35,128.15,0.51,0,0,0,0.0,0,F1,8000,,,,,
2026-02-18,2026-02-18,FO,NSE,STO,155465,,PNB,,2026-03-30,2026-03-30,138.0,PE,PNB26MAR138PE,0.0,0.0,0.0,17.38,0.0,17.38,128.15,10.84,0,0,0,0.0,0,F1,8000,,,,,
2026-02-18,2026-02-18,FO,NSE,STO,151337,,PNB,,2026-03-30,2026-03-30,137.0,PE,PNB26MAR137PE,0.0,0.0,0.0,16.0,16.0,16.0,128.15,10.08,16000,0,0,0.0,0,F1,8000,,,,,
2026-02-18,2026-02-18,FO,NSE,STO,127515,,PNB,,2026-02-24,2026-02-24,100.0,CE,PNB26FEB100CE,0.0,0.0,0.0,25.56,0.0,25.56,128.15,28.24,0,0,0,0.0,0,F1,8000,,,,,
2026-02-18,2026-02-18,FO,NSE,STO,127523,,PNB,,2026-02-24,2026-02-24,108.0,CE,PNB26FEB108CE,0.0,0.0,0.0,19.07,0.0,19.07,128.15,20.25,0,0,0,0.0,0,F1,8000,,,,,
2026-02-18,2026-02-18,FO,NSE,STO,155378,,PNB,,2026-02-24,2026-02-24,143.0,CE,PNB26FEB143CE,0.07,0.09,0.05,0.05,0.06,0.06,128.15,0.05,88000,0,62,70958720.0,56,F1,8000,,,,,
2026-02-18,2026-02-18,FO,NSE,STO,127578,,PNB,,2026-02-24,2026-02-24,144.0,CE,PNB26FEB144CE,0.06,0.08,0.03,0.03,0.04,0.06,128.15,0.03,1344000,216000,75,86432720.0,52,F1,8000,,,,,
2026-02-18,2026-02-18,FO,NSE,STO,155428,,PNB,,2026-03-30,2026-03-30,102.0,CE,PNB26MAR102CE,0.0,0.0,0.0,23.16,0.0,23.16,128.15,26.79,0,0,0,0.0,0,F1,8000,,,,,
2026-02-18,2026-02-18,FO,NSE,STO,151520,,PNB,,2026-04-28,2026-04-28,110.0,CE,PNB26APR110CE,0.0,0.0,0.0,17.47,0.0,17.47,128.15,19.99,0,0,0,0.0,0,F1,8000,,,,,
2026-02-18,2026-02-18,FO,NSE,STO,151516,,PNB,,2026-04-28,2026-04-28,106.0,CE,PNB26APR106CE,0.0,0.0,0.0,20.49,0.0,20.49,128.15,23.61,0,0,0,0.0,0,F1,8000,,,,,
2026-02-18,2026-02-18,FO,NSE,STO,155372,,PNB,,2026-02-24,2026-02-24,137.0,CE,PNB26FEB137CE,0.13,0.31,0.13,0.15,0.15,0.13,128.15,0.15,912000,-256000,260,285359520.0,230,F1,8000,,,,,
2026-02-18,2026-02-18,FO,NSE,STO,127545,,PNB,,2026-02-24,2026-02-24,130.0,CE,PNB26FEB130CE,0.65,1.57,0.58,1.01,0.98,0.6,128.15,1.01,17576000,1808000,12123,12713010160.0,9415,F1,8000,,,,,
2026-02-18,2026-02-18,FO,NSE,STO,127539,,PNB,,2026-02-24,2026-02-24,124.0,CE,PNB26FEB124CE,2.72,5.15,2.59,4.49,4.34,2.64,128.15,4.49,4576000,-1768000,1177,1204997200.0,1113,F1,8000,,,,,
2026-02-18,2026-02-18,FO,NSE,STO,127525,,PNB,,2026-02-24,2026-02-24,110.0,CE,PNB26FEB110CE,16.96,18.15,16.96,18.08,18.08,15.7,128.15,18.08,264000,-80000,28,28592080.0,15,F1,8000,,,,,
2026-02-18,2026-02-18,FO,NSE,STO,151527,,PNB,,2026-04-28,2026-04-28,116.0,PE,PNB26APR116PE,0.0,0.0,0.0,4.71,0.0,4.71,128.15,1.64,0,0,0,0.0,0,F1,8000,,,,,
2026-02-18,2026-02-18,FO,NSE,STO,151333,,PNB,,2026-03-30,2026-03-30,133.0,PE,PNB26MAR133PE,0.0,0.0,0.0,12.53,0.0,12.53,128.15,7.3,0,0,0,0.0,0,F1,8000,,,,,
2026-02-18,2026-02-18,FO,NSE,STO,155457,,PNB,,2026-03-30,2026-03-30,130.0,PE,PNB26MAR130PE,6.65,6.65,4.97,5.05,5.06,6.96,128.15,5.05,1928000,792000,252,273133040.0,203,F1,8000,,,,,
2026-02-18,2026-02-18,FO,NSE,STO,151323,,PNB,,2026-03-30,2026-03-30,125.0,PE,PNB26MAR125PE,3.87,3.87,2.75,2.8,2.77,4.08,128.15,2.8,3584000,592000,472,483854560.0,376,F1,8000,,,,,
2026-02-18,2026-02-18,FO,NSE,STO,155449,,PNB,,2026-03-30,2026-03-30,122.0,PE,PNB26MAR122PE,2.33,2.33,1.88,1.9,1.9,2.82,128.15,1.9,496000,192000,75,74442640.0,54,F1,8000,,,,,
2026-02-18,2026-02-18,FO,NSE,STO,151313,,PNB,,2026-03-30,2026-03-30,115.0,PE,PNB26MAR115PE,1.06,1.06,0.7,0.7,0.72,1.11,128.15,0.7,1720000,56000,214,198260560.0,173,F1,8000,,,,,
2026-02-18,2026-02-18,FO,NSE,STO,155441,,PNB,,2026-03-30,2026-03-30,114.0,PE,PNB26MAR114PE,0.75,0.75,0.65,0.66,0.66,0.99,128.15,0.56,304000,-16000,7,6422560.0,7,F1,8000,,,,,
2026-02-18,2026-02-18,FO,NSE,STO,151311,,PNB,,2026-03-30,2026-03-30,113.0,PE,PNB26MAR113PE,0.0,0.0,0.0,1.89,1.89,1.89,128.15,0.46,80000,0,0,0.0,0,F1,8000,,,,,
2026-02-18,2026-02-18,FO,NSE,STO,151305,,PNB,,2026-03-30,2026-03-30,107.0,PE,PNB26MAR107PE,0.0,0.0,0.0,1.33,0.0,1.33,128.15,0.12,0,0,0,0.0,0,F1,8000,,,,,
2026-02-18,2026-02-18,FO,NSE,STO,127575,,PNB,,2026-02-24,2026-02-24,140.0,PE,PNB26FEB140PE,13.0,13.0,11.62,12.18,12.18,15.53,128.15,11.74,352000,-24000,13,15830720.0,12,F1,8000,,,,,
2026-02-18,2026-02-18,FO,NSE,STO,127548,,PNB,,2026-02-24,2026-02-24,132.0,PE,PNB26FEB132PE,6.1,6.1,4.15,4.6,4.61,7.27,128.15,4.6,1008000,-24000,168,184103520.0,124,F1,8000,,,,,
2026-02-18,2026-02-18,FO,NSE,STO,127546,,PNB,,2026-02-24,2026-02-24,130.0,PE,PNB26FEB130PE,5.25,5.45,2.74,3.02,3.1,5.47,128.15,3.02,4432000,-304000,987,1053969440.0,772,F1,8000,,,,,
2026-02-18,2026-02-18,FO,NSE,STO,155343,,PNB,,2026-02-24,2026-02-24,107.0,PE,PNB26FEB107PE,0.0,0.0,0.0,0.05,0.05,0.05,128.15,0.01,88000,0,0,0.0,0,F1,8000,,,,,
2026-02-18,2026-02-18,FO,NSE,STO,127522,,PNB,,2026-02-24,2026-02-24,106.0,PE,PNB26FEB106PE,0.03,0.03,0.02,0.02,0.02,0.04,128.15,0.01,432000,-16000,3,2544560.0,3,F1,8000,,,,,
2026-02-18,2026-02-18,FO,NSE,STO,155458,,PNB,,2026-03-30,2026-03-30,132.0,CE,PNB26MAR132CE,2.38,3.6,2.38,3.17,3.16,2.33,128.15,3.17,464000,-88000,82,88604640.0,65,F1,8000,,,,,
2026-02-18,2026-02-18,FO,NSE,STO,155438,,PNB,,2026-03-30,2026-03-30,112.0,CE,PNB26MAR112CE,0.0,0.0,0.0,15.52,0.0,15.52,128.15,17.2,0,0,0,0.0,0,F1,8000,,,,,
2026-02-18,2026-02-18,FO,NSE,STO,155363,,PNB,,2026-02-24,2026-02-24,127.0,PE,PNB26FEB127PE,2.8,3.0,1.25,1.31,1.3,3.23,128.15,1.31,3120000,2520000,2201,2265239360.0,1897,F1,8000,,,,,
2026-02-18,2026-02-18,FO,NSE,STO,151334,,PNB,,2026-03-30,2026-03-30,135.0,CE,PNB26MAR135CE,1.7,2.65,1.65,2.2,2.17,1.65,128.15,2.2,2200000,864000,621,681982240.0,478,F1,8000,,,,,
2026-02-18,2026-02-18,FO,NSE,STO,151312,,PNB,,2026-03-30,2026-03-30,115.0,CE,PNB26MAR115CE,13.7,14.9,13.7,14.49,14.35,11.8,128.15,14.49,208000,32000,17,17579120.0,15,F1,8000,,,,,
2026-02-18,2026-02-18,FO,NSE,STO,155358,,PNB,,2026-02-24,2026-02-24,123.0,CE,PNB26FEB123CE,3.5,6.05,3.34,5.34,5.28,3.26,128.15,5.34,2096000,-1320000,466,476596720.0,363,F1,8000,,,,,
2026-02-18,2026-02-18,FO,NSE,STO,155352,,PNB,,2026-02-24,2026-02-24,117.0,CE,PNB26FEB117CE,8.86,11.28,8.8,11.19,11.19,8.31,128.15,11.27,664000,-120000,24,24221840.0,11,F1,8000,,,,,
2026-02-18,2026-02-18,FO,NSE,STF,59450,,PNB,,2026-02-24,2026-02-24,,,PNB26FEBFUT,125.88,128.7,125.05,128.02,127.9,125.09,128.15,128.02,184472000,-13672000,8391,8561507600.0,7214,F1,8000,,,,,
2026-02-18,2026-02-18,FO,NSE,STO,151531,,PNB,,2026-04-28,2026-04-28,120.0,PE,PNB26APR120PE,0.0,0.0,0.0,6.32,0.0,6.32,128.15,2.65,0,0,0,0.0,0,F1,8000,,,,,
2026-02-18,2026-02-18,FO,NSE,STO,151321,,PNB,,2026-03-30,2026-03-30,123.0,PE,PNB26MAR123PE,3.0,3.0,2.16,2.16,2.16,3.2,128.15,2.16,192000,48000,22,22072080.0,17,F1,8000,,,,,
2026-02-18,2026-02-18,FO,NSE,STO,155373,,PNB,,2026-02-24,2026-02-24,137.0,PE,PNB26FEB137PE,0.0,0.0,0.0,10.5,10.5,10.5,128.15,8.8,24000,0,0,0.0,0,F1,8000,,,,,
2026-02-18,2026-02-18,FO,NSE,STO,151532,,PNB,,2026-04-28,2026-04-28,122.0,CE,PNB26APR122CE,0.0,0.0,0.0,10.05,0.0,10.05,128.15,10.69,0,0,0,0.0,0,F1,8000,,,,,
2026-02-18,2026-02-18,FO,NSE,STO,151526,,PNB,,2026-04-28,2026-04-28,116.0,CE,PNB26APR116CE,0.0,0.0,0.0,13.43,0.0,13.43,128.15,14.99,0,0,0,0.0,0,F1,8000,,,,,
2026-02-18,2026-02-18,FO,NSE,STO,151524,,PNB,,2026-04-28,2026-04-28,114.0,CE,PNB26APR114CE,0.0,0.0,0.0,14.71,0.0,14.71,128.15,16.59,0,0,0,0.0,0,F1,8000,,,,,
2026-02-18,2026-02-18,FO,NSE,STO,155430,,PNB,,2026-03-30,2026-03-30,104.0,CE,PNB26MAR104CE,0.0,0.0,0.0,21.05,21.05,21.05,128.15,24.83,24000,0,0,0.0,0,F1,8000,,,,,
2026-02-18,2026-02-18,FO,NSE,STO,155354,,PNB,,2026-02-24,2026-02-24,119.0,CE,PNB26FEB119CE,6.98,9.69,6.91,9.05,9.09,6.42,128.15,9.05,984000,-88000,31,31633440.0,31,F1,8000,,,,,
2026-02-18,2026-02-18,FO,NSE,STO,127527,,PNB,,2026-02-24,2026-02-24,112.0,CE,PNB26FEB112CE,0.0,0.0,0.0,16.18,0.0,16.18,128.15,16.25,0,0,0,0.0,0,F1,8000,,,,,
2026-02-18,2026-02-18,FO,NSE,STO,127517,,PNB,,2026-02-24,2026-02-24,102.0,CE,PNB26FEB102CE,0.0,0.0,0.0,23.86,0.0,23.86,128.15,26.24,0,0,0,0.0,0,F1,8000,,,,,
2026-02-18,2026-02-18,FO,NSE,STF,52008,,PNB,,2026-03-30,2026-03-30,,,PNB26MARFUT,126.45,129.33,125.67,128.76,128.65,125.84,128.15,128.76,52496000,10704000,3771,3871636480.0,3308,F1,8000,,,,,
2026-02-18,2026-02-18,FO,NSE,STO,151541,,PNB,,2026-04-28,2026-04-28,130.0,PE,PNB26APR130PE,0.0,0.0,0.0,11.6,0.0,11.6,128.15,6.76,0,0,0,0.0,0,F1,8000,,,,,
2026-02-18,2026-02-18,FO,NSE,STO,155471,,PNB,,2026-03-30,2026-03-30,144.0,PE,PNB26MAR144PE,0.0,0.0,0.0,22.05,0.0,22.05,128.15,15.81,0,0,0,0.0,0,F1,8000,,,,,
2026-02-18,2026-02-18,FO,NSE,STO,155443,,PNB,,2026-03-30,2026-03-30,116.0,PE,PNB26MAR116PE,1.04,1.09,0.81,0.81,0.81,1.27,128.15,0.81,528000,160000,76,71087680.0,67,F1,8000,,,,,
2026-02-18,2026-02-18,FO,NSE,STO,155367,,PNB,,2026-02-24,2026-02-24,131.0,PE,PNB26FEB131PE,4.51,4.54,3.41,3.78,3.76,6.35,128.15,3.78,168000,-8000,33,35604720.0,33,F1,8000,,,,,
2026-02-18,2026-02-18,FO,NSE,STO,155355,,PNB,,2026-02-24,2026-02-24,119.0,PE,PNB26FEB119PE,0.35,0.36,0.14,0.15,0.14,0.37,128.15,0.15,3424000,-296000,355,338552960.0,297,F1,8000,,,,,
2026-02-18,2026-02-18,FO,NSE,STO,151540,,PNB,,2026-04-28,2026-04-28,130.0,CE,PNB26APR130CE,0.0,0.0,0.0,4.9,4.9,4.9,128.15,6.25,16000,0,0,0.0,0,F1,8000,,,,,
2026-02-18,2026-02-18,FO,NSE,STO,151538,,PNB,,2026-04-28,2026-04-28,128.0,CE,PNB26APR128CE,0.0,0.0,0.0,7.32,0.0,7.32,128.15,7.22,0,0,0,0.0,0,F1,8000,,,,,
2026-02-18,2026-02-18,FO,NSE,STO,155342,,PNB,,2026-02-24,2026-02-24,107.0,CE,PNB26FEB107CE,0.0,0.0,0.0,17.58,0.0,17.58,128.15,21.25,0,0,0,0.0,0,F1,8000,,,,,
2026-02-18,2026-02-18,FO,NSE,STO,151505,,PNB,,2026-04-28,2026-04-28,104.0,PE,PNB26APR104PE,0.0,0.0,0.0,1.55,0.0,1.55,128.15,0.25,0,0,0,0.0,0,F1,8000,,,,,
2026-02-18,2026-02-18,FO,NSE,STO,155469,,PNB,,2026-03-30,2026-03-30,142.0,PE,PNB26MAR142PE,0.0,0.0,0.0,16.7,16.7,16.7,128.15,14.08,16000,0,0,0.0,0,F1,8000,,,,,
2026-02-18,2026-02-18,FO,NSE,STO,151325,,PNB,,2026-03-30,2026-03-30,127.0,PE,PNB26MAR127PE,4.1,4.42,3.6,3.68,3.68,5.08,128.15,3.68,272000,176000,43,45074880.0,43,F1,8000,,,,,
2026-02-18,2026-02-18,FO,NSE,STO,155447,,PNB,,2026-03-30,2026-03-30,120.0,PE,PNB26MAR120PE,2.1,2.1,1.41,1.44,1.42,2.2,128.15,1.44,4384000,72000,469,456241120.0,346,F1,8000,,,,,
2026-02-18,2026-02-18,FO,NSE,STO,155437,,PNB,,2026-03-30,2026-03-30,110.0,PE,PNB26MAR110PE,0.5,0.5,0.32,0.36,0.36,0.56,128.15,0.36,768000,-24000,111,98049520.0,101,F1,8000,,,,,
2026-02-18,2026-02-18,FO,NSE,STO,155433,,PNB,,2026-03-30,2026-03-30,106.0,PE,PNB26MAR106PE,0.0,0.0,0.0,0.35,0.35,0.35,128.15,0.09,544000,0,0,0.0,0,F1,8000,,,,,
2026-02-18,2026-02-18,FO,NSE,STO,155429,,PNB,,2026-03-30,2026-03-30,102.0,PE,PNB26MAR102PE,0.0,0.0,0.0,1.27,0.0,1.27,128.15,0.03,0,0,0,0.0,0,F1,8000,,,,,
2026-02-18,2026-02-18,FO,NSE,STO,155427,,PNB,,2026-03-30,2026-03-30,100.0,PE,PNB26MAR100PE,0.16,0.17,0.13,0.14,0.14,0.15,128.15,0.14,56000,16000,11,8813200.0,11,F1,8000,,,,,
2026-02-18,2026-02-18,FO,NSE,STO,127540,,PNB,,2026-02-24,2026-02-24,124.0,PE,PNB26FEB124PE,1.45,1.53,0.49,0.51,0.49,1.56,128.15,0.51,9352000,1256000,2121,2117350640.0,1745,F1,8000,,,,,
2026-02-18,2026-02-18,FO,NSE,STO,127536,,PNB,,2026-02-24,2026-02-24,120.0,PE,PNB26FEB120PE,0.47,0.49,0.17,0.18,0.18,0.49,128.15,0.18,12152000,1280000,1818,1749065760.0,1228,F1,8000,,,,,
2026-02-18,2026-02-18,FO,NSE,STO,127516,,PNB,,2026-02-24,2026-02-24,100.0,PE,PNB26FEB100PE,0.02,0.02,0.01,0.02,0.02,0.01,128.15,0.01,1528000,-8000,9,7201120.0,5,F1,8000,,,,,
2026-02-18,2026-02-18,FO,NSE,STO,151550,,PNB,,2026-04-28,2026-04-28,140.0,CE,PNB26APR140CE,0.0,0.0,0.0,5.3,5.3,5.3,128.15,2.79,160000,0,0,0.0,0,F1,8000,,,,,
2026-02-18,2026-02-18,FO,NSE,STO,151504,,PNB,,2026-04-28,2026-04-28,104.0,CE,PNB26APR104CE,0.0,0.0,0.0,22.09,0.0,22.09,128.15,25.48,0,0,0,0.0,0,F1,8000,,,,,
2026-02-18,2026-02-18,FO,NSE,STO,155466,,PNB,,2026-03-30,2026-03-30,140.0,CE,PNB26MAR140CE,0.96,1.55,0.96,1.19,1.15,0.92,128.15,1.19,5224000,1904000,1106,1249940000.0,799,F1,8000,,,,,
2026-02-18,2026-02-18,FO,NSE,STO,155462,,PNB,,2026-03-30,2026-03-30,136.0,CE,PNB26MAR136CE,2.0,2.18,1.9,1.99,1.96,1.6,128.15,1.99,328000,152000,34,37550480.0,24,F1,8000,,,,,
2026-02-18,2026-02-18,FO,NSE,STO,155436,,PNB,,2026-03-30,2026-03-30,110.0,CE,PNB26MAR110CE,17.0,19.05,17.0,19.05,19.05,16.37,128.15,19.05,272000,40000,7,7196000.0,7,F1,8000,,,,,
2026-02-18,2026-02-18,FO,NSE,STO,151306,,PNB,,2026-03-30,2026-03-30,109.0,CE,PNB26MAR109CE,0.0,0.0,0.0,16.79,0.0,16.79,128.15,20.0,0,0,0,0.0,0,F1,8000,,,,,
2026-02-18,2026-02-18,FO,NSE,STO,155376,,PNB,,2026-02-24,2026-02-24,141.0,CE,PNB26FEB141CE,0.08,0.14,0.07,0.07,0.07,0.07,128.15,0.07,208000,-24000,69,77883040.0,68,F1,8000,,,,,
2026-02-18,2026-02-18,FO,NSE,STO,155374,,PNB,,2026-02-24,2026-02-24,139.0,CE,PNB26FEB139CE,0.12,0.2,0.09,0.1,0.1,0.09,128.15,0.1,240000,-8000,167,185867440.0,148,F1,8000,,,,,
2026-02-18,2026-02-18,FO,NSE,STO,155364,,PNB,,2026-02-24,2026-02-24,129.0,CE,PNB26FEB129CE,0.8,1.98,0.75,1.36,1.3,0.78,128.15,1.36,3656000,1344000,4925,5140458160.0,4285,F1,8000,,,,,
2026-02-18,2026-02-18,FO,NSE,STO,155356,,PNB,,2026-02-24,2026-02-24,121.0,CE,PNB26FEB121CE,5.4,7.6,5.4,7.17,7.15,4.69,128.15,7.17,1784000,-432000,102,104249440.0,80,F1,8000,,,,,
2026-02-18,2026-02-18,FO,NSE,STO,151543,,PNB,,2026-04-28,2026-04-28,132.0,PE,PNB26APR132PE,0.0,0.0,0.0,12.86,0.0,12.86,128.15,7.87,0,0,0,0.0,0,F1,8000,,,,,
2026-02-18,2026-02-18,FO,NSE,STO,155459,,PNB,,2026-03-30,2026-03-30,132.0,PE,PNB26MAR132PE,7.4,7.4,6.22,6.22,6.22,13.16,128.15,6.22,48000,48000,13,14414080.0,13,F1,8000,,,,,
2026-02-18,2026-02-18,FO,NSE,STO,151329,,PNB,,2026-03-30,2026-03-30,131.0,PE,PNB26MAR131PE,0.0,0.0,0.0,11.17,0.0,11.17,128.15,6.08,0,0,0,0.0,0,F1,8000,,,,,
2026-02-18,2026-02-18,FO,NSE,STO,151317,,PNB,,2026-03-30,2026-03-30,119.0,PE,PNB26MAR119PE,1.31,1.54,1.1,1.18,1.24,2.09,128.15,1.18,112000,0,7,6736800.0,7,F1,8000,,,,,
2026-02-18,2026-02-18,FO,NSE,STO,151307,,PNB,,2026-03-30,2026-03-30,109.0,PE,PNB26MAR109PE,0.0,0.0,0.0,1.7,0.0,1.7,128.15,0.19,0,0,0,0.0,0,F1,8000,,,,,
2026-02-18,2026-02-18,FO,NSE,STO,155353,,PNB,,2026-02-24,2026-02-24,117.0,PE,PNB26FEB117PE,0.17,0.17,0.1,0.1,0.1,0.21,128.15,0.1,1536000,-368000,262,245514400.0,198,F1,8000,,,,,
2026-02-18,2026-02-18,FO,NSE,STO,151546,,PNB,,2026-04-28,2026-04-28,136.0,CE,PNB26APR136CE,0.0,0.0,0.0,4.6,0.0,4.6,128.15,3.92,0,0,0,0.0,0,F1,8000,,,,,
2026-02-18,2026-02-18,FO,NSE,STO,151336,,PNB,,2026-03-30,2026-03-30,137.0,CE,PNB26MAR137CE,1.55,1.91,1.55,1.73,1.74,1.05,128.15,1.73,176000,32000,23,25535120.0,23,F1,8000,,,,,
2026-02-18,2026-02-18,FO,NSE,STO,151332,,PNB,,2026-03-30,2026-03-30,133.0,CE,PNB26MAR133CE,2.48,3.19,2.48,2.83,2.81,2.11,128.15,2.83,432000,-48000,40,43479360.0,33,F1,8000,,,,,
2026-02-18,2026-02-18,FO,NSE,STO,151320,,PNB,,2026-03-30,2026-03-30,123.0,CE,PNB26MAR123CE,7.0,8.0,7.0,8.0,8.0,6.03,128.15,8.33,176000,-8000,5,5218400.0,5,F1,8000,,,,,
2026-02-18,2026-02-18,FO,NSE,STO,155344,,PNB,,2026-02-24,2026-02-24,109.0,CE,PNB26FEB109CE,0.0,0.0,0.0,16.03,16.03,16.03,128.15,19.25,16000,0,0,0.0,0,F1,8000,,,,,
2026-02-18,2026-02-18,FO,NSE,STO,127521,,PNB,,2026-02-24,2026-02-24,106.0,CE,PNB26FEB106CE,0.0,0.0,0.0,19.0,19.0,19.0,128.15,22.25,8000,0,0,0.0,0,F1,8000,,,,,
2026-02-18,2026-02-18,FO,NSE,STO,151549,,PNB,,2026-04-28,2026-04-28,138.0,PE,PNB26APR138PE,0.0,0.0,0.0,17.01,0.0,17.01,128.15,11.74,0,0,0,0.0,0,F1,8000,,,,,
2026-02-18,2026-02-18,FO,NSE,STO,151545,,PNB,,2026-04-28,2026-04-28,134.0,PE,PNB26APR134PE,0.0,0.0,0.0,14.19,0.0,14.19,128.15,9.07,0,0,0,0.0,0,F1,8000,,,,,
2026-02-18,2026-02-18,FO,NSE,STO,151535,,PNB,,2026-04-28,2026-04-28,124.0,PE,PNB26APR124PE,0.0,0.0,0.0,8.22,0.0,8.22,128.15,4.0,0,0,0,0.0,0,F1,8000,,,,,
2026-02-18,2026-02-18,FO,NSE,STO,151521,,PNB,,2026-04-28,2026-04-28,110.0,PE,PNB26APR110PE,0.0,0.0,0.0,2.84,0.0,2.84,128.15,0.71,0,0,0,0.0,0,F1,8000,,,,,
2026-02-18,2026-02-18,FO,NSE,STO,155467,,PNB,,2026-03-30,2026-03-30,140.0,PE,PNB26MAR140PE,13.15,13.2,12.3,12.3,12.3,17.26,128.15,12.42,96000,56000,7,8559600.0,6,F1,8000,,,,,
2026-02-18,2026-02-18,FO,NSE,STO,155451,,PNB,,2026-03-30,2026-03-30,124.0,PE,PNB26MAR124PE,2.93,3.06,2.41,2.45,2.46,3.6,128.15,2.45,392000,72000,19,19245840.0,15,F1,8000,,,,,
2026-02-18,2026-02-18,FO,NSE,STO,151319,,PNB,,2026-03-30,2026-03-30,121.0,PE,PNB26MAR121PE,2.12,2.12,1.65,1.65,1.65,2.5,128.15,1.65,480000,-40000,122,119925520.0,72,F1,8000,,,,,
2026-02-18,2026-02-18,FO,NSE,STO,151309,,PNB,,2026-03-30,2026-03-30,111.0,PE,PNB26MAR111PE,0.75,0.75,0.41,0.41,0.41,0.75,128.15,0.41,56000,-104000,34,30324480.0,26,F1,8000,,,,,
2026-02-18,2026-02-18,FO,NSE,STO,155431,,PNB,,2026-03-30,2026-03-30,104.0,PE,PNB26MAR104PE,0.0,0.0,0.0,0.28,0.28,0.28,128.15,0.05,200000,0,0,0.0,0,F1,8000,,,,,
2026-02-18,2026-02-18,FO,NSE,STO,127577,,PNB,,2026-02-24,2026-02-24,142.0,PE,PNB26FEB142PE,0.0,0.0,0.0,18.24,18.24,18.24,128.15,13.73,32000,0,0,0.0,0,F1,8000,,,,,
2026-02-18,2026-02-18,FO,NSE,STO,127573,,PNB,,2026-02-24,2026-02-24,138.0,PE,PNB26FEB138PE,9.9,9.9,9.9,9.9,9.9,15.8,128.15,9.77,16000,0,1,1183200.0,1,F1,8000,,,,,
2026-02-18,2026-02-18,FO,NSE,STO,127571,,PNB,,2026-02-24,2026-02-24,136.0,PE,PNB26FEB136PE,0.0,0.0,0.0,11.6,11.6,11.6,128.15,7.85,96000,0,0,0.0,0,F1,8000,,,,,
2026-02-18,2026-02-18,FO,NSE,STO,155369,,PNB,,2026-02-24,2026-02-24,133.0,PE,PNB26FEB133PE,7.3,7.3,4.96,5.49,5.49,9.11,128.15,5.49,72000,40000,23,25512560.0,23,F1,8000,,,,,
2026-02-18,2026-02-18,FO,NSE,STO,127542,,PNB,,2026-02-24,2026-02-24,126.0,PE,PNB26FEB126PE,2.45,2.45,0.9,0.93,0.94,2.58,128.15,0.93,5120000,3304000,2248,2289039920.0,1728,F1,8000,,,,,
2026-02-18,2026-02-18,FO,NSE,STO,155349,,PNB,,2026-02-24,2026-02-24,113.0,PE,PNB26FEB113PE,0.07,0.08,0.05,0.05,0.05,0.08,128.15,0.05,784000,-408000,143,129343280.0,116,F1,8000,,,,,
2026-02-18,2026-02-18,FO,NSE,STO,151548,,PNB,,2026-04-28,2026-04-28,138.0,CE,PNB26APR138CE,0.0,0.0,0.0,4.07,0.0,4.07,128.15,3.32,0,0,0,0.0,0,F1,8000,,,,,
2026-02-18,2026-02-18,FO,NSE,STO,155468,,PNB,,2026-03-30,2026-03-30,142.0,CE,PNB26MAR142CE,0.8,1.22,0.8,0.95,0.94,0.74,128.15,0.95,640000,248000,78,89237920.0,71,F1,8000,,,,,
2026-02-18,2026-02-18,FO,NSE,STO,127541,,PNB,,2026-02-24,2026-02-24,126.0,CE,PNB26FEB126CE,1.67,3.63,1.6,2.93,2.87,1.65,128.15,2.93,2896000,-1944000,3240,3333872080.0,2999,F1,8000,,,,,
2026-02-18,2026-02-18,FO,NSE,STO,151316,,PNB,,2026-03-30,2026-03-30,119.0,CE,PNB26MAR119CE,0.0,0.0,0.0,5.86,6.0,5.86,128.15,11.23,16000,0,0,0.0,0,F1,8000,,,,,
2026-02-18,2026-02-18,FO,NSE,STO,151304,,PNB,,2026-03-30,2026-03-30,107.0,CE,PNB26MAR107CE,0.0,0.0,0.0,18.4,0.0,18.4,128.15,21.91,0,0,0,0.0,0,F1,8000,,,,,
2026-02-18,2026-02-18,FO,NSE,STO,155426,,PNB,,2026-03-30,2026-03-30,100.0,CE,PNB26MAR100CE,0.0,0.0,0.0,24.86,0.0,24.86,128.15,28.77,0,0,0,0.0,0,F1,8000,,,,,
2026-02-18,2026-02-18,FO,NSE,STO,151551,,PNB,,2026-04-28,2026-04-28,140.0,PE,PNB26APR140PE,0.0,0.0,0.0,15.25,15.25,15.25,128.15,13.19,8000,0,0,0.0,0,F1,8000,,,,,
2026-02-18,2026-02-18,FO,NSE,STO,151537,,PNB,,2026-04-28,2026-04-28,126.0,PE,PNB26APR126PE,0.0,0.0,0.0,9.28,0.0,9.28,128.15,4.82,0,0,0,0.0,0,F1,8000,,,,,
2026-02-18,2026-02-18,FO,NSE,STO,151525,,PNB,,2026-04-28,2026-04-28,114.0,PE,PNB26APR114PE,0.0,0.0,0.0,4.01,0.0,4.01,128.15,1.26,0,0,0,0.0,0,F1,8000,,,,,
2026-02-18,2026-02-18,FO,NSE,STO,155445,,PNB,,2026-03-30,2026-03-30,118.0,PE,PNB26MAR118PE,1.46,1.46,1.07,1.07,1.07,1.64,128.15,1.07,432000,160000,111,105926160.0,68,F1,8000,,,,,
2026-02-18,2026-02-18,FO,NSE,STO,155931,,POWERGRID,,2026-02-24,2026-02-24,242.5,PE,POWERGRID26FEB242.5PE,0.05,0.05,0.05,0.05,0.05,0.05,300.55,0.05,89300,-58900,34,15668730.0,21,F1,1900,,,,,
2026-02-18,2026-02-18,FO,NSE,STO,128925,,POWERGRID,,2026-02-24,2026-02-24,265.0,PE,POWERGRID26FEB265PE,0.05,0.1,0.05,0.05,0.05,0.1,300.55,0.05,1508600,-76000,275,138491095.0,97,F1,1900,,,,,
2026-02-18,2026-02-18,FO,NSE,STO,156013,,POWERGRID,,2026-03-30,2026-03-30,255.0,PE,POWERGRID26MAR255PE,0.0,0.0,0.0,9.95,0.0,9.95,300.55,0.15,0,0,0,0.0,0,F1,1900,,,,,
2026-02-18,2026-02-18,FO,NSE,STO,156021,,POWERGRID,,2026-03-30,2026-03-30,275.0,PE,POWERGRID26MAR275PE,1.85,1.85,1.5,1.7,1.7,1.8,300.55,1.7,250800,95000,84,44164265.0,51,F1,1900,,,,,
2026-02-18,2026-02-18,FO,NSE,STO,152557,,POWERGRID,,2026-03-30,2026-03-30,317.5,PE,POWERGRID26MAR317.5PE,0.0,0.0,0.0,60.2,0.0,60.2,300.55,19.35,0,0,0,0.0,0,F1,1900,,,,,
2026-02-18,2026-02-18,FO,NSE,STO,152718,,POWERGRID,,2026-04-28,2026-04-28,295.0,PE,POWERGRID26APR295PE,0.0,0.0,0.0,39.35,0.0,39.35,300.55,8.95,0,0,0,0.0,0,F1,1900,,,,,
2026-02-18,2026-02-18,FO,NSE,STO,152710,,POWERGRID,,2026-04-28,2026-04-28,275.0,PE,POWERGRID26APR275PE,0.0,0.0,0.0,23.9,0.0,23.9,300.55,3.0,0,0,0,0.0,0,F1,1900,,,,,
2026-02-18,2026-02-18,FO,NSE,STO,156045,,POWERGRID,,2026-03-30,2026-03-30,335.0,PE,POWERGRID26MAR335PE,0.0,0.0,0.0,70.4,0.0,70.4,300.55,33.75,0,0,0,0.0,0,F1,1900,,,,,
2026-02-18,2026-02-18,FO,NSE,STO,152539,,POWERGRID,,2026-03-30,2026-03-30,277.5,PE,POWERGRID26MAR277.5PE,2.05,2.15,2.0,2.05,2.05,24.6,300.55,1.8,19000,19000,15,7968125.0,12,F1,1900,,,,,
2026-02-18,2026-02-18,FO,NSE,STO,156019,,POWERGRID,,2026-03-30,2026-03-30,270.0,PE,POWERGRID26MAR270PE,1.6,1.6,1.1,1.1,1.1,1.4,300.55,1.1,98800,43700,43,22164450.0,39,F1,1900,,,,,
2026-02-18,2026-02-18,FO,NSE,STO,156000,,POWERGRID,,2026-03-30,2026-03-30,225.0,CE,POWERGRID26MAR225CE,0.0,0.0,0.0,40.65,0.0,40.65,300.55,76.9,0,0,0,0.0,0,F1,1900,,,,,
2026-02-18,2026-02-18,FO,NSE,STO,156014,,POWERGRID,,2026-03-30,2026-03-30,260.0,CE,POWERGRID26MAR260CE,42.0,42.5,42.0,42.25,42.0,41.65,300.55,42.25,182400,5700,26,14923170.0,9,F1,1900,,,,,
2026-02-18,2026-02-18,FO,NSE,STO,152490,,POWERGRID,,2026-03-30,2026-03-30,262.5,CE,POWERGRID26MAR262.5CE,0.0,0.0,0.0,9.0,0.0,9.0,300.55,40.05,0,0,0,0.0,0,F1,1900,,,,,
2026-02-18,2026-02-18,FO,NSE,STO,156018,,POWERGRID,,2026-03-30,2026-03-30,270.0,CE,POWERGRID26MAR270CE,31.6,34.25,31.25,34.15,34.15,32.2,300.55,33.1,153900,34200,18,10372955.0,15,F1,1900,,,,,
2026-02-18,2026-02-18,FO,NSE,STO,152467,,POWERGRID,,2026-03-30,2026-03-30,232.5,PE,POWERGRID26MAR232.5PE,0.0,0.0,0.0,2.75,0.0,2.75,300.55,0.05,0,0,0,0.0,0,F1,1900,,,,,
2026-02-18,2026-02-18,FO,NSE,STO,152465,,POWERGRID,,2026-03-30,2026-03-30,227.5,PE,POWERGRID26MAR227.5PE,0.0,0.0,0.0,1.9,0.0,1.9,300.55,0.05,0,0,0,0.0,0,F1,1900,,,,,
2026-02-18,2026-02-18,FO,NSE,STO,155995,,POWERGRID,,2026-03-30,2026-03-30,210.0,PE,POWERGRID26MAR210PE,0.0,0.0,0.0,0.65,0.0,0.65,300.55,0.05,0,0,0,0.0,0,F1,1900,,,,,
2026-02-18,2026-02-18,FO,NSE,STO,155946,,POWERGRID,,2026-02-24,2026-02-24,282.5,CE,POWERGRID26FEB282.5CE,0.0,0.0,0.0,18.2,18.2,18.2,300.55,18.4,423700,0,0,0.0,0,F1,1900,,,,,
2026-02-18,2026-02-18,FO,NSE,STO,156020,,POWERGRID,,2026-03-30,2026-03-30,275.0,CE,POWERGRID26MAR275CE,0.0,0.0,0.0,25.5,25.5,25.5,300.55,28.65,1900,0,0,0.0,0,F1,1900,,,,,
2026-02-18,2026-02-18,FO,NSE,STO,156024,,POWERGRID,,2026-03-30,2026-03-30,285.0,CE,POWERGRID26MAR285CE,20.45,20.5,19.6,19.6,19.6,19.3,300.55,20.6,22800,7600,4,2319805.0,4,F1,1900,,,,,
2026-02-18,2026-02-18,FO,NSE,STO,152655,,POWERGRID,,2026-04-28,2026-04-28,250.0,CE,POWERGRID26APR250CE,0.0,0.0,0.0,18.0,0.0,18.0,300.55,53.55,0,0,0,0.0,0,F1,1900,,,,,
2026-02-18,2026-02-18,FO,NSE,STF,59454,,POWERGRID,,2026-02-24,2026-02-24,,,POWERGRID26FEBFUT,299.8,301.85,296.25,300.1,299.4,300.55,300.55,300.1,73106300,-1364200,5457,3110097460.0,4660,F1,1900,,,,,
2026-02-18,2026-02-18,FO,NSE,STO,152725,,POWERGRID,,2026-04-28,2026-04-28,315.0,CE,POWERGRID26APR315CE,0.0,0.0,0.0,1.25,0.0,1.25,300.55,8.35,0,0,0,0.0,0,F1,1900,,,,,
2026-02-18,2026-02-18,FO,NSE,STO,128911,,POWERGRID,,2026-02-24,2026-02-24,230.0,PE,POWERGRID26FEB230PE,0.05,0.05,0.05,0.05,0.05,0.05,300.55,0.05,568100,-17100,9,3933855.0,4,F1,1900,,,,,
2026-02-18,2026-02-18,FO,NSE,STO,155927,,POWERGRID,,2026-02-24,2026-02-24,232.5,PE,POWERGRID26FEB232.5PE,0.05,0.05,0.05,0.05,0.05,0.05,300.55,0.05,115900,0,11,4860295.0,9,F1,1900,,,,,
2026-02-18,2026-02-18,FO,NSE,STO,129046,,POWERGRID,,2026-02-24,2026-02-24,315.0,PE,POWERGRID26FEB315PE,15.8,15.8,15.8,15.8,15.8,41.2,300.55,14.5,1900,1900,1,628520.0,1,F1,1900,,,,,
2026-02-18,2026-02-18,FO,NSE,STO,156047,,POWERGRID,,2026-03-30,2026-03-30,340.0,PE,POWERGRID26MAR340PE,38.0,38.0,38.0,38.0,38.0,75.15,300.55,38.3,5700,5700,3,2154600.0,1,F1,1900,,,,,
2026-02-18,2026-02-18,FO,NSE,STO,152648,,POWERGRID,,2026-04-28,2026-04-28,230.0,PE,POWERGRID26APR230PE,0.0,0.0,0.0,3.55,0.0,3.55,300.55,0.05,0,0,0,0.0,0,F1,1900,,,,,
2026-02-18,2026-02-18,FO,NSE,STO,152726,,POWERGRID,,2026-04-28,2026-04-28,315.0,PE,POWERGRID26APR315PE,0.0,0.0,0.0,57.05,0.0,57.05,300.55,19.55,0,0,0,0.0,0,F1,1900,,,,,
2026-02-18,2026-02-18,FO,NSE,STO,155936,,POWERGRID,,2026-02-24,2026-02-24,257.5,CE,POWERGRID26FEB257.5CE,43.0,43.0,41.85,41.95,41.95,41.3,300.55,43.3,296400,-13300,8,4554205.0,8,F1,1900,,,,,
2026-02-18,2026-02-18,FO,NSE,STO,155934,,POWERGRID,,2026-02-24,2026-02-24,252.5,CE,POWERGRID26FEB252.5CE,0.0,0.0,0.0,41.2,41.2,41.2,300.55,48.3,298300,0,0,0.0,0,F1,1900,,,,,
2026-02-18,2026-02-18,FO,NSE,STO,128918,,POWERGRID,,2026-02-24,2026-02-24,250.0,CE,POWERGRID26FEB250CE,50.1,51.0,48.5,51.0,51.0,47.2,300.55,50.8,604200,-1900,3,1709240.0,3,F1,1900,,,,,
2026-02-18,2026-02-18,FO,NSE,STO,129043,,POWERGRID,,2026-02-24,2026-02-24,310.0,CE,POWERGRID26FEB310CE,1.05,1.05,0.5,0.6,0.5,1.05,300.55,0.6,3743000,-330600,3392,2002529605.0,1508,F1,1900,,,,,
2026-02-18,2026-02-18,FO,NSE,STO,155956,,POWERGRID,,2026-02-24,2026-02-24,307.5,CE,POWERGRID26FEB307.5CE,1.25,1.5,0.8,0.9,0.8,1.45,300.55,0.9,769500,-41800,1355,794365775.0,720,F1,1900,,,,,
2026-02-18,2026-02-18,FO,NSE,STO,155954,,POWERGRID,,2026-02-24,2026-02-24,302.5,CE,POWERGRID26FEB302.5CE,2.0,2.9,1.7,2.0,1.85,2.85,300.55,2.0,1554200,319200,4208,2436829325.0,3123,F1,1900,,,,,
2026-02-18,2026-02-18,FO,NSE,STO,156029,,POWERGRID,,2026-03-30,2026-03-30,295.0,PE,POWERGRID26MAR295PE,6.5,6.6,5.4,6.0,6.2,6.15,300.55,6.0,256500,76000,143,81837655.0,78,F1,1900,,,,,
2026-02-18,2026-02-18,FO,NSE,STO,155960,,POWERGRID,,2026-02-24,2026-02-24,317.5,CE,POWERGRID26FEB317.5CE,0.35,0.35,0.2,0.2,0.2,0.4,300.55,0.2,96900,-49400,174,105062495.0,87,F1,1900,,,,,
2026-02-18,2026-02-18,FO,NSE,STO,129023,,POWERGRID,,2026-02-24,2026-02-24,280.0,CE,POWERGRID26FEB280CE,19.45,21.5,18.6,20.1,19.5,20.6,300.55,20.1,2869000,-28500,71,40440645.0,65,F1,1900,,,,,
2026-02-18,2026-02-18,FO,NSE,STO,155930,,POWERGRID,,2026-02-24,2026-02-24,242.5,CE,POWERGRID26FEB242.5CE,0.0,0.0,0.0,25.7,26.35,25.7,300.55,58.25,83600,0,0,0.0,0,F1,1900,,,,,
2026-02-18,2026-02-18,FO,NSE,STO,152702,,POWERGRID,,2026-04-28,2026-04-28,265.0,PE,POWERGRID26APR265PE,0.0,0.0,0.0,17.5,0.0,17.5,300.55,1.5,0,0,0,0.0,0,F1,1900,,,,,
2026-02-18,2026-02-18,FO,NSE,STO,128972,,POWERGRID,,2026-02-24,2026-02-24,270.0,PE,POWERGRID26FEB270PE,0.1,0.1,0.05,0.05,0.05,0.1,300.55,0.05,3106500,-11400,79,40536025.0,58,F1,1900,,,,,
2026-02-18,2026-02-18,FO,NSE,STO,129044,,POWERGRID,,2026-02-24,2026-02-24,310.0,PE,POWERGRID26FEB310PE,11.35,11.95,9.25,10.2,10.2,10.65,300.55,10.2,1060200,7600,57,34762685.0,54,F1,1900,,,,,
2026-02-18,2026-02-18,FO,NSE,STO,156007,,POWERGRID,,2026-03-30,2026-03-30,240.0,PE,POWERGRID26MAR240PE,0.0,0.0,0.0,4.9,0.0,4.9,300.55,0.05,0,0,0,0.0,0,F1,1900,,,,,
2026-02-18,2026-02-18,FO,NSE,STO,152471,,POWERGRID,,2026-03-30,2026-03-30,242.5,PE,POWERGRID26MAR242.5PE,0.0,0.0,0.0,5.3,0.0,5.3,300.55,0.05,0,0,0,0.0,0,F1,1900,,,,,
2026-02-18,2026-02-18,FO,NSE,STO,156035,,POWERGRID,,2026-03-30,2026-03-30,310.0,PE,POWERGRID26MAR310PE,14.85,14.85,13.3,13.6,13.7,13.85,300.55,13.6,117800,39900,34,20923085.0,32,F1,1900,,,,,
2026-02-18,2026-02-18,FO,NSE,STO,152555,,POWERGRID,,2026-03-30,2026-03-30,312.5,PE,POWERGRID26MAR312.5PE,0.0,0.0,0.0,55.4,0.0,55.4,300.55,15.85,0,0,0,0.0,0,F1,1900,,,,,
2026-02-18,2026-02-18,FO,NSE,STO,152654,,POWERGRID,,2026-04-28,2026-04-28,245.0,PE,POWERGRID26APR245PE,0.0,0.0,0.0,7.85,0.0,7.85,300.55,0.25,0,0,0,0.0,0,F1,1900,,,,,
2026-02-18,2026-02-18,FO,NSE,STO,155937,,POWERGRID,,2026-02-24,2026-02-24,257.5,PE,POWERGRID26FEB257.5PE,0.1,0.1,0.1,0.1,0.1,0.1,300.55,0.05,577600,-5700,7,3426080.0,7,F1,1900,,,,,
2026-02-18,2026-02-18,FO,NSE,STO,128919,,POWERGRID,,2026-02-24,2026-02-24,250.0,PE,POWERGRID26FEB250PE,0.1,0.1,0.05,0.05,0.05,0.1,300.55,0.05,1586500,-176700,228,108322230.0,50,F1,1900,,,,,
2026-02-18,2026-02-18,FO,NSE,STO,152719,,POWERGRID,,2026-04-28,2026-04-28,300.0,CE,POWERGRID26APR300CE,0.0,0.0,0.0,2.55,0.0,2.55,300.55,14.8,0,0,0,0.0,0,F1,1900,,,,,
2026-02-18,2026-02-18,FO,NSE,STO,152711,,POWERGRID,,2026-04-28,2026-04-28,280.0,CE,POWERGRID26APR280CE,0.0,0.0,0.0,6.1,0.0,6.1,300.55,27.55,0,0,0,0.0,0,F1,1900,,,,,
2026-02-18,2026-02-18,FO,NSE,STO,152700,,POWERGRID,,2026-04-28,2026-04-28,260.0,PE,POWERGRID26APR260PE,0.0,0.0,0.0,14.65,0.0,14.65,300.55,1.0,0,0,0,0.0,0,F1,1900,,,,,
2026-02-18,2026-02-18,FO,NSE,STO,152699,,POWERGRID,,2026-04-28,2026-04-28,260.0,CE,POWERGRID26APR260CE,0.0,0.0,0.0,13.0,0.0,13.0,300.55,44.25,0,0,0,0.0,0,F1,1900,,,,,
2026-02-18,2026-02-18,FO,NSE,STO,156040,,POWERGRID,,2026-03-30,2026-03-30,325.0,CE,POWERGRID26MAR325CE,2.5,2.7,2.25,2.35,2.35,2.8,300.55,2.35,222300,-26600,92,57231040.0,69,F1,1900,,,,,
2026-02-18,2026-02-18,FO,NSE,STO,152558,,POWERGRID,,2026-03-30,2026-03-30,322.5,CE,POWERGRID26MAR322.5CE,2.95,2.95,2.65,2.85,2.85,2.8,300.55,2.85,1900,-1900,5,3090255.0,4,F1,1900,,,,,
2026-02-18,2026-02-18,FO,NSE,STO,129050,,POWERGRID,,2026-02-24,2026-02-24,325.0,CE,POWERGRID26FEB325CE,0.15,0.2,0.15,0.15,0.15,0.25,300.55,0.15,267900,19000,142,87726040.0,44,F1,1900,,,,,
2026-02-18,2026-02-18,FO,NSE,STO,152646,,POWERGRID,,2026-04-28,2026-04-28,225.0,PE,POWERGRID26APR225PE,0.0,0.0,0.0,2.6,0.0,2.6,300.55,0.05,0,0,0,0.0,0,F1,1900,,,,,
2026-02-18,2026-02-18,FO,NSE,STO,155933,,POWERGRID,,2026-02-24,2026-02-24,247.5,PE,POWERGRID26FEB247.5PE,0.0,0.0,0.0,0.1,0.1,0.1,300.55,0.05,209000,0,0,0.0,0,F1,1900,,,,,
2026-02-18,2026-02-18,FO,NSE,STO,152721,,POWERGRID,,2026-04-28,2026-04-28,305.0,CE,POWERGRID26APR305CE,0.0,0.0,0.0,2.0,0.0,2.0,300.55,12.35,0,0,0,0.0,0,F1,1900,,,,,
2026-02-18,2026-02-18,FO,NSE,STO,152709,,POWERGRID,,2026-04-28,2026-04-28,275.0,CE,POWERGRID26APR275CE,0.0,0.0,0.0,7.45,0.0,7.45,300.55,31.4,0,0,0,0.0,0,F1,1900,,,,,
2026-02-18,2026-02-18,FO,NSE,STO,152703,,POWERGRID,,2026-04-28,2026-04-28,270.0,CE,POWERGRID26APR270CE,0.0,0.0,0.0,9.05,0.0,9.05,300.55,35.5,0,0,0,0.0,0,F1,1900,,,,,
2026-02-18,2026-02-18,FO,NSE,STO,156042,,POWERGRID,,2026-03-30,2026-03-30,330.0,CE,POWERGRID26MAR330CE,1.85,2.05,1.7,1.75,1.7,2.1,300.55,1.75,178600,47500,83,52335405.0,72,F1,1900,,,,,
2026-02-18,2026-02-18,FO,NSE,STO,156038,,POWERGRID,,2026-03-30,2026-03-30,320.0,CE,POWERGRID26MAR320CE,3.0,3.7,2.95,3.2,3.15,3.6,300.55,3.2,685900,98800,460,282526010.0,321,F1,1900,,,,,
2026-02-18,2026-02-18,FO,NSE,STO,156036,,POWERGRID,,2026-03-30,2026-03-30,315.0,CE,POWERGRID26MAR315CE,4.4,4.8,4.0,4.3,4.15,4.7,300.55,4.3,72200,60800,59,35809015.0,53,F1,1900,,,,,
2026-02-18,2026-02-18,FO,NSE,STO,156034,,POWERGRID,,2026-03-30,2026-03-30,310.0,CE,POWERGRID26MAR310CE,6.1,6.45,5.4,5.8,5.5,6.2,300.55,5.8,902500,328700,569,341512080.0,438,F1,1900,,,,,
2026-02-18,2026-02-18,FO,NSE,STO,152550,,POWERGRID,,2026-03-30,2026-03-30,302.5,CE,POWERGRID26MAR302.5CE,8.5,9.75,8.2,8.8,8.55,9.3,300.55,8.8,125400,66500,53,31391420.0,30,F1,1900,,,,,
2026-02-18,2026-02-18,FO,NSE,STO,152526,,POWERGRID,,2026-03-30,2026-03-30,272.5,CE,POWERGRID26MAR272.5CE,0.0,0.0,0.0,5.6,0.0,5.6,300.55,30.85,0,0,0,0.0,0,F1,1900,,,,,
2026-02-18,2026-02-18,FO,NSE,STO,128922,,POWERGRID,,2026-02-24,2026-02-24,260.0,CE,POWERGRID26FEB260CE,39.0,40.85,38.45,39.7,39.7,40.4,300.55,40.8,1094400,-72200,130,74019250.0,130,F1,1900,,,,,
2026-02-18,2026-02-18,FO,NSE,STO,155932,,POWERGRID,,2026-02-24,2026-02-24,247.5,CE,POWERGRID26FEB247.5CE,0.0,0.0,0.0,31.4,31.4,31.4,300.55,53.25,178600,0,0,0.0,0,F1,1900,,,,,
2026-02-18,2026-02-18,FO,NSE,STO,128790,,POWERGRID,,2026-02-24,2026-02-24,210.0,CE,POWERGRID26FEB210CE,0.0,0.0,0.0,66.95,0.0,66.95,300.55,90.75,0,0,0,0.0,0,F1,1900,,,,,
2026-02-18,2026-02-18,FO,NSE,STO,155943,,POWERGRID,,2026-02-24,2026-02-24,272.5,PE,POWERGRID26FEB272.5PE,0.1,0.1,0.05,0.1,0.1,0.1,300.55,0.1,419900,-30400,65,33665720.0,21,F1,1900,,,,,
2026-02-18,2026-02-18,FO,NSE,STO,155951,,POWERGRID,,2026-02-24,2026-02-24,292.5,PE,POWERGRID26FEB292.5PE,1.2,1.25,0.6,0.65,0.7,1.1,300.55,0.65,1145700,210900,1112,619712075.0,582,F1,1900,,,,,
2026-02-18,2026-02-18,FO,NSE,STO,156005,,POWERGRID,,2026-03-30,2026-03-30,235.0,PE,POWERGRID26MAR235PE,0.0,0.0,0.0,3.7,0.0,3.7,300.55,0.05,0,0,0,0.0,0,F1,1900,,,,,
2026-02-18,2026-02-18,FO,NSE,STO,152491,,POWERGRID,,2026-03-30,2026-03-30,262.5,PE,POWERGRID26MAR262.5PE,0.0,0.0,0.0,14.4,0.0,14.4,300.55,0.4,0,0,0,0.0,0,F1,1900,,,,,
2026-02-18,2026-02-18,FO,NSE,STO,152651,,POWERGRID,,2026-04-28,2026-04-28,240.0,CE,POWERGRID26APR240CE,0.0,0.0,0.0,24.2,0.0,24.2,300.55,63.2,0,0,0,0.0,0,F1,1900,,,,,
2026-02-18,2026-02-18,FO,NSE,STO,152552,,POWERGRID,,2026-03-30,2026-03-30,307.5,CE,POWERGRID26MAR307.5CE,6.6,6.65,6.6,6.65,6.65,0.75,300.55,7.6,3800,3800,2,1193675.0,2,F1,1900,,,,,
2026-02-18,2026-02-18,FO,NSE,STO,152728,,POWERGRID,,2026-04-28,2026-04-28,320.0,PE,POWERGRID26APR320PE,0.0,0.0,0.0,61.7,0.0,61.7,300.55,22.9,0,0,0,0.0,0,F1,1900,,,,,
2026-02-18,2026-02-18,FO,NSE,STO,152708,,POWERGRID,,2026-04-28,2026-04-28,270.0,PE,POWERGRID26APR270PE,0.0,0.0,0.0,20.55,0.0,20.55,300.55,2.15,0,0,0,0.0,0,F1,1900,,,,,
2026-02-18,2026-02-18,FO,NSE,STO,156041,,POWERGRID,,2026-03-30,2026-03-30,325.0,PE,POWERGRID26MAR325PE,0.0,0.0,0.0,61.0,0.0,61.0,300.55,25.2,0,0,0,0.0,0,F1,1900,,,,,
2026-02-18,2026-02-18,FO,NSE,STO,156037,,POWERGRID,,2026-03-30,2026-03-30,315.0,PE,POWERGRID26MAR315PE,0.0,0.0,0.0,21.0,21.0,21.0,300.55,17.55,5700,0,0,0.0,0,F1,1900,,,,,
2026-02-18,2026-02-18,FO,NSE,STO,152543,,POWERGRID,,2026-03-30,2026-03-30,282.5,PE,POWERGRID26MAR282.5PE,0.0,0.0,0.0,3.4,3.4,3.4,300.55,2.75,1900,0,0,0.0,0,F1,1900,,,,,
2026-02-18,2026-02-18,FO,NSE,STO,152527,,POWERGRID,,2026-03-30,2026-03-30,272.5,PE,POWERGRID26MAR272.5PE,0.0,0.0,0.0,2.05,2.05,2.05,300.55,1.15,1900,0,0,0.0,0,F1,1900,,,,,
2026-02-18,2026-02-18,FO,NSE,STO,156032,,POWERGRID,,2026-03-30,2026-03-30,305.0,CE,POWERGRID26MAR305CE,7.05,8.55,7.05,7.6,7.4,8.2,300.55,7.6,260300,68400,111,65987950.0,83,F1,1900,,,,,
2026-02-18,2026-02-18,FO,NSE,STO,156030,,POWERGRID,,2026-03-30,2026-03-30,300.0,CE,POWERGRID26MAR300CE,10.0,11.0,8.95,9.9,9.5,10.4,300.55,9.9,1039300,60800,638,375810595.0,475,F1,1900,,,,,
2026-02-18,2026-02-18,FO,NSE,STO,156016,,POWERGRID,,2026-03-30,2026-03-30,265.0,CE,POWERGRID26MAR265CE,0.0,0.0,0.0,26.65,26.65,26.65,300.55,37.7,1900,0,0,0.0,0,F1,1900,,,,,
2026-02-18,2026-02-18,FO,NSE,STO,155996,,POWERGRID,,2026-03-30,2026-03-30,215.0,CE,POWERGRID26MAR215CE,0.0,0.0,0.0,49.5,0.0,49.5,300.55,86.85,0,0,0,0.0,0,F1,1900,,,,,
2026-02-18,2026-02-18,FO,NSE,STO,155962,,POWERGRID,,2026-02-24,2026-02-24,322.5,CE,POWERGRID26FEB322.5CE,0.0,0.0,0.0,0.4,0.0,0.4,300.55,0.05,0,0,0,0.0,0,F1,1900,,,,,
2026-02-18,2026-02-18,FO,NSE,STO,155948,,POWERGRID,,2026-02-24,2026-02-24,287.5,CE,POWERGRID26FEB287.5CE,12.1,14.05,11.6,12.65,12.65,13.05,300.55,12.65,560500,-30400,23,13121685.0,21,F1,1900,,,,,
2026-02-18,2026-02-18,FO,NSE,STO,129033,,POWERGRID,,2026-02-24,2026-02-24,285.0,CE,POWERGRID26FEB285CE,14.4,16.75,13.9,14.95,14.45,15.55,300.55,14.95,1096300,-15200,50,28509785.0,46,F1,1900,,,,,
2026-02-18,2026-02-18,FO,NSE,STO,155942,,POWERGRID,,2026-02-24,2026-02-24,272.5,CE,POWERGRID26FEB272.5CE,27.0,27.0,27.0,27.0,27.0,21.55,300.55,28.3,552900,-3800,2,1138100.0,2,F1,1900,,,,,
2026-02-18,2026-02-18,FO,NSE,STO,155999,,POWERGRID,,2026-03-30,2026-03-30,220.0,PE,POWERGRID26MAR220PE,0.0,0.0,0.0,1.4,0.0,1.4,300.55,0.05,0,0,0,0.0,0,F1,1900,,,,,
2026-02-18,2026-02-18,FO,NSE,STO,155935,,POWERGRID,,2026-02-24,2026-02-24,252.5,PE,POWERGRID26FEB252.5PE,0.05,0.05,0.05,0.05,0.05,0.05,300.55,0.05,252700,-13300,30,14395350.0,18,F1,1900,,,,,
2026-02-18,2026-02-18,FO,NSE,STO,128805,,POWERGRID,,2026-02-24,2026-02-24,220.0,PE,POWERGRID26FEB220PE,0.05,0.05,0.05,0.05,0.05,0.05,300.55,0.05,336300,15200,70,29266650.0,7,F1,1900,,,,,
2026-02-18,2026-02-18,FO,NSE,STO,152714,,POWERGRID,,2026-04-28,2026-04-28,285.0,PE,POWERGRID26APR285PE,0.0,0.0,0.0,31.25,0.0,31.25,300.55,5.4,0,0,0,0.0,0,F1,1900,,,,,
2026-02-18,2026-02-18,FO,NSE,STO,152724,,POWERGRID,,2026-04-28,2026-04-28,310.0,PE,POWERGRID26APR310PE,0.0,0.0,0.0,52.5,0.0,52.5,300.55,16.45,0,0,0,0.0,0,F1,1900,,,,,
2026-02-18,2026-02-18,FO,NSE,STO,152730,,POWERGRID,,2026-04-28,2026-04-28,325.0,PE,POWERGRID26APR325PE,0.0,0.0,0.0,66.4,0.0,66.4,300.55,26.5,0,0,0,0.0,0,F1,1900,,,,,
2026-02-18,2026-02-18,FO,NSE,STO,152715,,POWERGRID,,2026-04-28,2026-04-28,290.0,CE,POWERGRID26APR290CE,0.0,0.0,0.0,4.0,0.0,4.0,300.55,20.6,0,0,0,0.0,0,F1,1900,,,,,
2026-02-18,2026-02-18,FO,NSE,STO,152548,,POWERGRID,,2026-03-30,2026-03-30,297.5,CE,POWERGRID26MAR297.5CE,12.1,12.1,11.3,11.4,11.4,9.8,300.55,11.4,9500,1900,5,2937970.0,5,F1,1900,,,,,
2026-02-18,2026-02-18,FO,NSE,STO,129052,,POWERGRID,,2026-02-24,2026-02-24,330.0,CE,POWERGRID26FEB330CE,0.15,0.15,0.05,0.1,0.1,0.2,300.55,0.05,345800,-96900,208,130461030.0,72,F1,1900,,,,,
2026-02-18,2026-02-18,FO,NSE,STO,155949,,POWERGRID,,2026-02-24,2026-02-24,287.5,PE,POWERGRID26FEB287.5PE,0.5,0.5,0.2,0.25,0.25,0.5,300.55,0.25,1666300,-267900,1190,650936960.0,440,F1,1900,,,,,
2026-02-18,2026-02-18,FO,NSE,STO,155958,,POWERGRID,,2026-02-24,2026-02-24,312.5,CE,POWERGRID26FEB312.5CE,0.6,0.75,0.35,0.4,0.4,0.75,300.55,0.4,672600,-172900,805,478701105.0,303,F1,1900,,,,,
2026-02-18,2026-02-18,FO,NSE,STO,155944,,POWERGRID,,2026-02-24,2026-02-24,277.5,CE,POWERGRID26FEB277.5CE,23.25,24.25,22.7,24.25,24.25,19.65,300.55,23.3,514900,-1900,3,1715130.0,3,F1,1900,,,,,
2026-02-18,2026-02-18,FO,NSE,STO,155924,,POWERGRID,,2026-02-24,2026-02-24,227.5,CE,POWERGRID26FEB227.5CE,0.0,0.0,0.0,56.9,56.9,56.9,300.55,73.25,5700,0,0,0.0,0,F1,1900,,,,,
2026-02-18,2026-02-18,FO,NSE,STO,152559,,POWERGRID,,2026-03-30,2026-03-30,322.5,PE,POWERGRID26MAR322.5PE,0.0,0.0,0.0,65.05,0.0,65.05,300.55,23.2,0,0,0,0.0,0,F1,1900,,,,,
2026-02-18,2026-02-18,FO,NSE,STO,156039,,POWERGRID,,2026-03-30,2026-03-30,320.0,PE,POWERGRID26MAR320PE,0.0,0.0,0.0,23.85,23.85,23.85,300.55,21.25,49400,0,0,0.0,0,F1,1900,,,,,
2026-02-18,2026-02-18,FO,NSE,STO,156017,,POWERGRID,,2026-03-30,2026-03-30,265.0,PE,POWERGRID26MAR265PE,1.1,1.1,0.85,0.85,0.85,1.6,300.55,0.85,26600,20900,15,7581095.0,11,F1,1900,,,,,
2026-02-18,2026-02-18,FO,NSE,STO,152487,,POWERGRID,,2026-03-30,2026-03-30,257.5,PE,POWERGRID26MAR257.5PE,0.0,0.0,0.0,11.6,0.0,11.6,300.55,0.2,0,0,0,0.0,0,F1,1900,,,,,
2026-02-18,2026-02-18,FO,NSE,STO,156011,,POWERGRID,,2026-03-30,2026-03-30,250.0,PE,POWERGRID26MAR250PE,0.6,0.6,0.35,0.35,0.35,0.5,300.55,0.1,83600,30400,23,10943145.0,15,F1,1900,,,,,
2026-02-18,2026-02-18,FO,NSE,STO,156009,,POWERGRID,,2026-03-30,2026-03-30,245.0,PE,POWERGRID26MAR245PE,0.0,0.0,0.0,6.3,0.0,6.3,300.55,0.05,0,0,0,0.0,0,F1,1900,,,,,
2026-02-18,2026-02-18,FO,NSE,STO,152469,,POWERGRID,,2026-03-30,2026-03-30,237.5,PE,POWERGRID26MAR237.5PE,0.0,0.0,0.0,3.9,0.0,3.9,300.55,0.05,0,0,0,0.0,0,F1,1900,,,,,
2026-02-18,2026-02-18,FO,NSE,STO,156043,,POWERGRID,,2026-03-30,2026-03-30,330.0,PE,POWERGRID26MAR330PE,30.0,30.0,30.0,30.0,30.0,65.7,300.55,29.4,1900,1900,1,684000.0,1,F1,1900,,,,,
2026-02-18,2026-02-18,FO,NSE,STO,152727,,POWERGRID,,2026-04-28,2026-04-28,320.0,CE,POWERGRID26APR320CE,0.0,0.0,0.0,0.95,0.0,0.95,300.55,6.75,0,0,0,0.0,0,F1,1900,,,,,
2026-02-18,2026-02-18,FO,NSE,STO,152663,,POWERGRID,,2026-04-28,2026-04-28,255.0,CE,POWERGRID26APR255CE,0.0,0.0,0.0,15.35,0.0,15.35,300.55,48.85,0,0,0,0.0,0,F1,1900,,,,,
2026-02-18,2026-02-18,FO,NSE,STO,156026,,POWERGRID,,2026-03-30,2026-03-30,290.0,CE,POWERGRID26MAR290CE,16.85,17.4,15.45,16.0,16.0,16.65,300.55,16.0,199500,13300,30,17450835.0,30,F1,1900,,,,,
2026-02-18,2026-02-18,FO,NSE,STO,152698,,POWERGRID,,2026-04-28,2026-04-28,255.0,PE,POWERGRID26APR255PE,0.0,0.0,0.0,12.1,0.0,12.1,300.55,0.65,0,0,0,0.0,0,F1,1900,,,,,
2026-02-18,2026-02-18,FO,NSE,STO,152545,,POWERGRID,,2026-03-30,2026-03-30,287.5,PE,POWERGRID26MAR287.5PE,4.0,4.0,3.65,3.75,3.8,32.65,300.55,3.75,17100,17100,9,4982940.0,9,F1,1900,,,,,
2026-02-18,2026-02-18,FO,NSE,STO,128926,,POWERGRID,,2026-02-24,2026-02-24,270.0,CE,POWERGRID26FEB270CE,29.4,31.65,28.65,29.55,29.5,29.95,300.55,29.55,2354100,-47500,30,17118335.0,25,F1,1900,,,,,
2026-02-18,2026-02-18,FO,NSE,STO,129059,,POWERGRID,,2026-02-24,2026-02-24,340.0,CE,POWERGRID26FEB340CE,0.0,0.0,0.0,1.55,0.0,1.55,300.55,0.05,0,0,0,0.0,0,F1,1900,,,,,
2026-02-18,2026-02-18,FO,NSE,STO,152547,,POWERGRID,,2026-03-30,2026-03-30,292.5,PE,POWERGRID26MAR292.5PE,5.4,5.5,4.9,4.9,4.9,37.0,300.55,5.6,5700,5700,3,1697270.0,3,F1,1900,,,,,
2026-02-18,2026-02-18,FO,NSE,STO,156027,,POWERGRID,,2026-03-30,2026-03-30,290.0,PE,POWERGRID26MAR290PE,4.85,4.95,3.85,4.25,4.45,4.45,300.55,4.25,701100,191900,307,171652555.0,210,F1,1900,,,,,
2026-02-18,2026-02-18,FO,NSE,STO,156015,,POWERGRID,,2026-03-30,2026-03-30,260.0,PE,POWERGRID26MAR260PE,0.8,0.8,0.6,0.65,0.6,0.85,300.55,0.65,133000,13300,30,14860090.0,24,F1,1900,,,,,
2026-02-18,2026-02-18,FO,NSE,STO,156003,,POWERGRID,,2026-03-30,2026-03-30,230.0,PE,POWERGRID26MAR230PE,0.0,0.0,0.0,2.75,0.0,2.75,300.55,0.05,0,0,0,0.0,0,F1,1900,,,,,
2026-02-18,2026-02-18,FO,NSE,STO,129060,,POWERGRID,,2026-02-24,2026-02-24,340.0,PE,POWERGRID26FEB340PE,0.0,0.0,0.0,63.0,0.0,63.0,300.55,39.15,0,0,0,0.0,0,F1,1900,,,,,
2026-02-18,2026-02-18,FO,NSE,STO,155963,,POWERGRID,,2026-02-24,2026-02-24,322.5,PE,POWERGRID26FEB322.5PE,0.0,0.0,0.0,59.55,0.0,59.55,300.55,21.7,0,0,0,0.0,0,F1,1900,,,,,
2026-02-18,2026-02-18,FO,NSE,STO,129049,,POWERGRID,,2026-02-24,2026-02-24,320.0,PE,POWERGRID26FEB320PE,20.15,20.5,19.5,20.5,20.5,20.05,300.55,20.5,79800,1900,4,2584000.0,4,F1,1900,,,,,
2026-02-18,2026-02-18,FO,NSE,STO,155955,,POWERGRID,,2026-02-24,2026-02-24,302.5,PE,POWERGRID26FEB302.5PE,5.95,6.05,3.7,4.55,5.0,5.05,300.55,4.55,290700,57000,726,423966950.0,632,F1,1900,,,,,
2026-02-18,2026-02-18,FO,NSE,STO,129040,,POWERGRID,,2026-02-24,2026-02-24,300.0,PE,POWERGRID26FEB300PE,4.05,4.95,2.45,3.1,3.25,3.7,300.55,3.1,2532700,-304000,4484,2585229110.0,3426,F1,1900,,,,,
2026-02-18,2026-02-18,FO,NSE,STO,155953,,POWERGRID,,2026-02-24,2026-02-24,297.5,PE,POWERGRID26FEB297.5PE,3.0,3.3,1.5,2.0,2.05,2.55,300.55,2.0,950000,266000,2361,1344810500.0,1848,F1,1900,,,,,
2026-02-18,2026-02-18,FO,NSE,STO,129034,,POWERGRID,,2026-02-24,2026-02-24,285.0,PE,POWERGRID26FEB285PE,0.35,0.4,0.15,0.15,0.15,0.4,300.55,0.15,2929800,51300,2086,1130599180.0,545,F1,1900,,,,,
2026-02-18,2026-02-18,FO,NSE,STO,155941,,POWERGRID,,2026-02-24,2026-02-24,267.5,PE,POWERGRID26FEB267.5PE,0.1,0.15,0.05,0.1,0.1,0.15,300.55,0.1,866400,11400,22,11185870.0,12,F1,1900,,,,,
2026-02-18,2026-02-18,FO,NSE,STO,155940,,POWERGRID,,2026-02-24,2026-02-24,267.5,CE,POWERGRID26FEB267.5CE,32.5,32.6,31.7,32.4,32.3,28.45,300.55,32.4,583300,-3800,7,3988480.0,6,F1,1900,,,,,
2026-02-18,2026-02-18,FO,NSE,STO,155938,,POWERGRID,,2026-02-24,2026-02-24,262.5,CE,POWERGRID26FEB262.5CE,38.25,39.0,35.75,39.0,39.0,37.0,300.55,38.3,2601100,-7600,6,3420855.0,5,F1,1900,,,,,
2026-02-18,2026-02-18,FO,NSE,STO,128912,,POWERGRID,,2026-02-24,2026-02-24,235.0,CE,POWERGRID26FEB235CE,0.0,0.0,0.0,44.2,0.0,44.2,300.55,65.75,0,0,0,0.0,0,F1,1900,,,,,
2026-02-18,2026-02-18,FO,NSE,STF,66987,,POWERGRID,,2026-04-28,2026-04-28,,,POWERGRID26APRFUT,303.65,305.6,302.2,303.8,303.45,303.95,300.55,303.8,587100,20900,54,31151450.0,54,F1,1900,,,,,
2026-02-18,2026-02-18,FO,NSE,STO,155939,,POWERGRID,,2026-02-24,2026-02-24,262.5,PE,POWERGRID26FEB262.5PE,0.05,0.05,0.05,0.05,0.05,0.1,300.55,0.05,366700,-9500,33,16461885.0,17,F1,1900,,,,,
2026-02-18,2026-02-18,FO,NSE,STO,128915,,POWERGRID,,2026-02-24,2026-02-24,240.0,PE,POWERGRID26FEB240PE,0.05,0.1,0.05,0.05,0.05,0.05,300.55,0.05,1939900,-7600,7,3192760.0,5,F1,1900,,,,,
2026-02-18,2026-02-18,FO,NSE,STO,156031,,POWERGRID,,2026-03-30,2026-03-30,300.0,PE,POWERGRID26MAR300PE,8.9,9.1,7.4,8.1,8.4,8.2,300.55,8.1,490200,150100,786,460633245.0,553,F1,1900,,,,,
2026-02-18,2026-02-18,FO,NSE,STO,129058,,POWERGRID,,2026-02-24,2026-02-24,335.0,PE,POWERGRID26FEB335PE,34.5,34.5,34.5,34.5,34.5,45.3,300.55,34.15,5700,0,3,2106150.0,1,F1,1900,,,,,
2026-02-18,2026-02-18,FO,NSE,STO,155959,,POWERGRID,,2026-02-24,2026-02-24,312.5,PE,POWERGRID26FEB312.5PE,0.0,0.0,0.0,26.0,26.0,26.0,300.55,12.2,1900,0,0,0.0,0,F1,1900,,,,,
2026-02-18,2026-02-18,FO,NSE,STO,128804,,POWERGRID,,2026-02-24,2026-02-24,220.0,CE,POWERGRID26FEB220CE,81.0,81.0,81.0,81.0,81.0,80.0,300.55,80.75,5700,-1900,1,571900.0,1,F1,1900,,,,,
2026-02-18,2026-02-18,FO,NSE,STO,155950,,POWERGRID,,2026-02-24,2026-02-24,292.5,CE,POWERGRID26FEB292.5CE,8.8,9.1,7.05,7.9,7.4,8.75,300.55,7.9,965200,-41800,120,68544970.0,113,F1,1900,,,,,
2026-02-18,2026-02-18,FO,NSE,STO,155998,,POWERGRID,,2026-03-30,2026-03-30,220.0,CE,POWERGRID26MAR220CE,0.0,0.0,0.0,45.0,0.0,45.0,300.55,81.85,0,0,0,0.0,0,F1,1900,,,,,
2026-02-18,2026-02-18,FO,NSE,STO,156002,,POWERGRID,,2026-03-30,2026-03-30,230.0,CE,POWERGRID26MAR230CE,0.0,0.0,0.0,36.5,0.0,36.5,300.55,71.95,0,0,0,0.0,0,F1,1900,,,,,
2026-02-18,2026-02-18,FO,NSE,STO,152466,,POWERGRID,,2026-03-30,2026-03-30,232.5,CE,POWERGRID26MAR232.5CE,0.0,0.0,0.0,27.05,0.0,27.05,300.55,69.45,0,0,0,0.0,0,F1,1900,,,,,
2026-02-18,2026-02-18,FO,NSE,STO,152470,,POWERGRID,,2026-03-30,2026-03-30,242.5,CE,POWERGRID26MAR242.5CE,0.0,0.0,0.0,19.7,0.0,19.7,300.55,59.55,0,0,0,0.0,0,F1,1900,,,,,
2026-02-18,2026-02-18,FO,NSE,STO,152494,,POWERGRID,,2026-03-30,2026-03-30,267.5,CE,POWERGRID26MAR267.5CE,0.0,0.0,0.0,7.15,0.0,7.15,300.55,35.35,0,0,0,0.0,0,F1,1900,,,,,
2026-02-18,2026-02-18,FO,NSE,STO,156046,,POWERGRID,,2026-03-30,2026-03-30,340.0,CE,POWERGRID26MAR340CE,1.1,1.2,0.95,1.05,1.05,1.1,300.55,1.05,169100,117800,148,95902595.0,101,F1,1900,,,,,
2026-02-18,2026-02-18,FO,NSE,STO,152643,,POWERGRID,,2026-04-28,2026-04-28,220.0,CE,POWERGRID26APR220CE,0.0,0.0,0.0,39.6,0.0,39.6,300.55,82.85,0,0,0,0.0,0,F1,1900,,,,,
2026-02-18,2026-02-18,FO,NSE,STO,128890,,POWERGRID,,2026-02-24,2026-02-24,225.0,PE,POWERGRID26FEB225PE,0.05,0.05,0.05,0.05,0.05,0.05,300.55,0.05,718200,-26600,15,6413925.0,6,F1,1900,,,,,
2026-02-18,2026-02-18,FO,NSE,STO,128917,,POWERGRID,,2026-02-24,2026-02-24,245.0,PE,POWERGRID26FEB245PE,0.05,0.05,0.05,0.05,0.05,0.1,300.55,0.05,554800,0,1,465595.0,1,F1,1900,,,,,
2026-02-18,2026-02-18,FO,NSE,STO,129022,,POWERGRID,,2026-02-24,2026-02-24,275.0,PE,POWERGRID26FEB275PE,0.15,0.15,0.05,0.05,0.1,0.15,300.55,0.05,2340800,-13300,309,161508550.0,146,F1,1900,,,,,
2026-02-18,2026-02-18,FO,NSE,STO,152640,,POWERGRID,,2026-04-28,2026-04-28,210.0,PE,POWERGRID26APR210PE,0.0,0.0,0.0,0.9,0.0,0.9,300.55,0.05,0,0,0,0.0,0,F1,1900,,,,,
2026-02-18,2026-02-18,FO,NSE,STO,152553,,POWERGRID,,2026-03-30,2026-03-30,307.5,PE,POWERGRID26MAR307.5PE,0.0,0.0,0.0,50.65,0.0,50.65,300.55,12.7,0,0,0,0.0,0,F1,1900,,,,,
2026-02-18,2026-02-18,FO,NSE,STO,152734,,POWERGRID,,2026-04-28,2026-04-28,340.0,PE,POWERGRID26APR340PE,0.0,0.0,0.0,80.8,0.0,80.8,300.55,38.55,0,0,0,0.0,0,F1,1900,,,,,
2026-02-18,2026-02-18,FO,NSE,STO,152650,,POWERGRID,,2026-04-28,2026-04-28,235.0,PE,POWERGRID26APR235PE,0.0,0.0,0.0,4.75,0.0,4.75,300.55,0.1,0,0,0,0.0,0,F1,1900,,,,,
2026-02-18,2026-02-18,FO,NSE,STO,152652,,POWERGRID,,2026-04-28,2026-04-28,240.0,PE,POWERGRID26APR240PE,0.0,0.0,0.0,6.15,0.0,6.15,300.55,0.15,0,0,0,0.0,0,F1,1900,,,,,
2026-02-18,2026-02-18,FO,NSE,STO,129037,,POWERGRID,,2026-02-24,2026-02-24,295.0,CE,POWERGRID26FEB295CE,6.0,7.6,5.15,6.0,5.65,6.9,300.55,6.0,2198300,-283100,988,565418245.0,744,F1,1900,,,,,
2026-02-18,2026-02-18,FO,NSE,STO,152653,,POWERGRID,,2026-04-28,2026-04-28,245.0,CE,POWERGRID26APR245CE,0.0,0.0,0.0,20.95,0.0,20.95,300.55,58.35,0,0,0,0.0,0,F1,1900,,,,,
2026-02-18,2026-02-18,FO,NSE,STO,152723,,POWERGRID,,2026-04-28,2026-04-28,310.0,CE,POWERGRID26APR310CE,0.0,0.0,0.0,1.6,0.0,1.6,300.55,10.2,0,0,0,0.0,0,F1,1900,,,,,
2026-02-18,2026-02-18,FO,NSE,STO,155947,,POWERGRID,,2026-02-24,2026-02-24,282.5,PE,POWERGRID26FEB282.5PE,0.2,0.25,0.15,0.15,0.15,0.3,300.55,0.15,898700,-7600,137,73584150.0,33,F1,1900,,,,,
2026-02-18,2026-02-18,FO,NSE,STO,129042,,POWERGRID,,2026-02-24,2026-02-24,305.0,PE,POWERGRID26FEB305PE,7.85,7.95,5.3,6.4,6.9,6.8,300.55,6.4,376200,-26600,278,164591965.0,256,F1,1900,,,,,
2026-02-18,2026-02-18,FO,NSE,STO,155997,,POWERGRID,,2026-03-30,2026-03-30,215.0,PE,POWERGRID26MAR215PE,0.0,0.0,0.0,0.95,0.0,0.95,300.55,0.05,0,0,0,0.0,0,F1,1900,,,,,
2026-02-18,2026-02-18,FO,NSE,STO,129039,,POWERGRID,,2026-02-24,2026-02-24,300.0,CE,POWERGRID26FEB300CE,3.2,4.15,2.4,3.0,2.85,3.95,300.55,3.0,13328500,-1706200,7947,4579565630.0,5602,F1,1900,,,,,
2026-02-18,2026-02-18,FO,NSE,STO,155952,,POWERGRID,,2026-02-24,2026-02-24,297.5,CE,POWERGRID26FEB297.5CE,4.3,5.7,3.65,4.3,4.0,5.25,300.55,4.3,999400,-165300,1241,712131210.0,1200,F1,1900,,,,,
2026-02-18,2026-02-18,FO,NSE,STO,152662,,POWERGRID,,2026-04-28,2026-04-28,250.0,PE,POWERGRID26APR250PE,0.0,0.0,0.0,9.85,0.0,9.85,300.55,0.4,0,0,0,0.0,0,F1,1900,,,,,
2026-02-18,2026-02-18,FO,NSE,STO,152644,,POWERGRID,,2026-04-28,2026-04-28,220.0,PE,POWERGRID26APR220PE,0.0,0.0,0.0,1.85,0.0,1.85,300.55,0.05,0,0,0,0.0,0,F1,1900,,,,,
2026-02-18,2026-02-18,FO,NSE,STO,152561,,POWERGRID,,2026-03-30,2026-03-30,327.5,PE,POWERGRID26MAR327.5PE,0.0,0.0,0.0,69.9,0.0,69.9,300.55,27.25,0,0,0,0.0,0,F1,1900,,,,,
2026-02-18,2026-02-18,FO,NSE,STO,156023,,POWERGRID,,2026-03-30,2026-03-30,280.0,PE,POWERGRID26MAR280PE,2.45,2.65,2.05,2.2,2.25,2.45,300.55,2.2,501600,36100,186,99787050.0,151,F1,1900,,,,,
2026-02-18,2026-02-18,FO,NSE,STO,152473,,POWERGRID,,2026-03-30,2026-03-30,247.5,PE,POWERGRID26MAR247.5PE,0.0,0.0,0.0,7.05,0.0,7.05,300.55,0.05,0,0,0,0.0,0,F1,1900,,,,,
2026-02-18,2026-02-18,FO,NSE,STO,129053,,POWERGRID,,2026-02-24,2026-02-24,330.0,PE,POWERGRID26FEB330PE,0.0,0.0,0.0,54.0,0.0,54.0,300.55,29.15,0,0,0,0.0,0,F1,1900,,,,,
2026-02-18,2026-02-18,FO,NSE,STO,155945,,POWERGRID,,2026-02-24,2026-02-24,277.5,PE,POWERGRID26FEB277.5PE,0.2,0.2,0.1,0.1,0.1,0.25,300.55,0.1,760000,-24700,33,17406185.0,24,F1,1900,,,,,
2026-02-18,2026-02-18,FO,NSE,STO,128921,,POWERGRID,,2026-02-24,2026-02-24,255.0,PE,POWERGRID26FEB255PE,0.05,0.05,0.05,0.05,0.05,0.05,300.55,0.05,1033600,-72200,57,27621915.0,13,F1,1900,,,,,
2026-02-18,2026-02-18,FO,NSE,STO,128803,,POWERGRID,,2026-02-24,2026-02-24,215.0,PE,POWERGRID26FEB215PE,0.05,0.05,0.05,0.05,0.05,0.05,300.55,0.05,2175500,22800,172,70278340.0,32,F1,1900,,,,,
2026-02-18,2026-02-18,FO,NSE,STO,152713,,POWERGRID,,2026-04-28,2026-04-28,285.0,CE,POWERGRID26APR285CE,0.0,0.0,0.0,5.0,0.0,5.0,300.55,23.9,0,0,0,0.0,0,F1,1900,,,,,
2026-02-18,2026-02-18,FO,NSE,STO,152649,,POWERGRID,,2026-04-28,2026-04-28,235.0,CE,POWERGRID26APR235CE,0.0,0.0,0.0,27.7,0.0,27.7,300.55,68.05,0,0,0,0.0,0,F1,1900,,,,,
2026-02-18,2026-02-18,FO,NSE,STO,155964,,POWERGRID,,2026-02-24,2026-02-24,327.5,CE,POWERGRID26FEB327.5CE,0.0,0.0,0.0,0.25,0.0,0.25,300.55,0.05,0,0,0,0.0,0,F1,1900,,,,,
2026-02-18,2026-02-18,FO,NSE,STO,152468,,POWERGRID,,2026-03-30,2026-03-30,237.5,CE,POWERGRID26MAR237.5CE,0.0,0.0,0.0,23.25,0.0,23.25,300.55,64.5,0,0,0,0.0,0,F1,1900,,,,,
2026-02-18,2026-02-18,FO,NSE,STO,156010,,POWERGRID,,2026-03-30,2026-03-30,250.0,CE,POWERGRID26MAR250CE,50.0,50.0,50.0,50.0,50.0,38.45,300.55,52.15,3800,1900,1,570000.0,1,F1,1900,,,,,
2026-02-18,2026-02-18,FO,NSE,STO,152482,,POWERGRID,,2026-03-30,2026-03-30,252.5,CE,POWERGRID26MAR252.5CE,0.0,0.0,0.0,13.65,0.0,13.65,300.55,49.7,0,0,0,0.0,0,F1,1900,,,,,
2026-02-18,2026-02-18,FO,NSE,STO,156012,,POWERGRID,,2026-03-30,2026-03-30,255.0,CE,POWERGRID26MAR255CE,0.0,0.0,0.0,19.05,0.0,19.05,300.55,47.25,0,0,0,0.0,0,F1,1900,,,,,
2026-02-18,2026-02-18,FO,NSE,STO,152538,,POWERGRID,,2026-03-30,2026-03-30,277.5,CE,POWERGRID26MAR277.5CE,0.0,0.0,0.0,16.0,16.0,16.0,300.55,26.55,1900,0,0,0.0,0,F1,1900,,,,,
2026-02-18,2026-02-18,FO,NSE,STO,152554,,POWERGRID,,2026-03-30,2026-03-30,312.5,CE,POWERGRID26MAR312.5CE,5.05,5.05,5.05,5.05,5.05,0.55,300.55,5.8,3800,3800,2,1206690.0,2,F1,1900,,,,,
2026-02-18,2026-02-18,FO,NSE,STO,152639,,POWERGRID,,2026-04-28,2026-04-28,210.0,CE,POWERGRID26APR210CE,0.0,0.0,0.0,48.45,0.0,48.45,300.55,92.7,0,0,0,0.0,0,F1,1900,,,,,
2026-02-18,2026-02-18,FO,NSE,STO,152733,,POWERGRID,,2026-04-28,2026-04-28,340.0,CE,POWERGRID26APR340CE,0.0,0.0,0.0,0.35,0.0,0.35,300.55,2.65,0,0,0,0.0,0,F1,1900,,,,,
2026-02-18,2026-02-18,FO,NSE,STO,155925,,POWERGRID,,2026-02-24,2026-02-24,227.5,PE,POWERGRID26FEB227.5PE,0.0,0.0,0.0,0.05,0.05,0.05,300.55,0.05,87400,0,0,0.0,0,F1,1900,,,,,
2026-02-18,2026-02-18,FO,NSE,STO,155929,,POWERGRID,,2026-02-24,2026-02-24,237.5,PE,POWERGRID26FEB237.5PE,0.0,0.0,0.0,0.05,0.05,0.05,300.55,0.05,159600,0,0,0.0,0,F1,1900,,,,,
2026-02-18,2026-02-18,FO,NSE,STO,155957,,POWERGRID,,2026-02-24,2026-02-24,307.5,PE,POWERGRID26FEB307.5PE,8.75,9.05,8.4,8.7,9.05,8.75,300.55,8.7,110200,0,4,2402835.0,4,F1,1900,,,,,
2026-02-18,2026-02-18,FO,NSE,STO,129051,,POWERGRID,,2026-02-24,2026-02-24,325.0,PE,POWERGRID26FEB325PE,0.0,0.0,0.0,26.9,26.9,26.9,300.55,24.2,0,0,0,0.0,0,F1,1900,,,,,
2026-02-18,2026-02-18,FO,NSE,STO,152483,,POWERGRID,,2026-03-30,2026-03-30,252.5,PE,POWERGRID26MAR252.5PE,0.0,0.0,0.0,9.15,0.0,9.15,300.55,0.1,0,0,0,0.0,0,F1,1900,,,,,
2026-02-18,2026-02-18,FO,NSE,STO,152712,,POWERGRID,,2026-04-28,2026-04-28,280.0,PE,POWERGRID26APR280PE,3.0,3.5,3.0,3.35,3.5,27.5,300.55,3.35,30400,30400,20,10767300.0,20,F1,1900,,,,,
2026-02-18,2026-02-18,FO,NSE,STO,152720,,POWERGRID,,2026-04-28,2026-04-28,300.0,PE,POWERGRID26APR300PE,0.0,0.0,0.0,43.6,0.0,43.6,300.55,11.15,0,0,0,0.0,0,F1,1900,,,,,
2026-02-18,2026-02-18,FO,NSE,STO,152544,,POWERGRID,,2026-03-30,2026-03-30,287.5,CE,POWERGRID26MAR287.5CE,0.0,0.0,0.0,18.2,18.2,18.2,300.55,18.75,7600,0,0,0.0,0,F1,1900,,,,,
2026-02-18,2026-02-18,FO,NSE,STO,128792,,POWERGRID,,2026-02-24,2026-02-24,215.0,CE,POWERGRID26FEB215CE,0.0,0.0,0.0,62.25,0.0,62.25,300.55,85.75,0,0,0,0.0,0,F1,1900,,,,,
2026-02-18,2026-02-18,FO,NSE,STO,129041,,POWERGRID,,2026-02-24,2026-02-24,305.0,CE,POWERGRID26FEB305CE,1.9,2.05,1.15,1.3,1.2,2.05,300.55,1.3,4843100,-79800,5638,3283711480.0,2935,F1,1900,,,,,
2026-02-18,2026-02-18,FO,NSE,STO,129045,,POWERGRID,,2026-02-24,2026-02-24,315.0,CE,POWERGRID26FEB315CE,0.45,0.55,0.25,0.3,0.3,0.55,300.55,0.3,2591600,-89300,1037,621301805.0,601,F1,1900,,,,,
2026-02-18,2026-02-18,FO,NSE,STO,129047,,POWERGRID,,2026-02-24,2026-02-24,320.0,CE,POWERGRID26FEB320CE,0.35,0.35,0.15,0.15,0.15,0.35,300.55,0.15,2112800,-163400,1197,728263160.0,320,F1,1900,,,,,
2026-02-18,2026-02-18,FO,NSE,STO,155994,,POWERGRID,,2026-03-30,2026-03-30,210.0,CE,POWERGRID26MAR210CE,0.0,0.0,0.0,54.1,0.0,54.1,300.55,91.8,0,0,0,0.0,0,F1,1900,,,,,
2026-02-18,2026-02-18,FO,NSE,STO,156006,,POWERGRID,,2026-03-30,2026-03-30,240.0,CE,POWERGRID26MAR240CE,62.5,62.5,62.5,62.5,62.5,62.5,300.55,62.0,3800,0,1,574750.0,1,F1,1900,,,,,
2026-02-18,2026-02-18,FO,NSE,STO,152472,,POWERGRID,,2026-03-30,2026-03-30,247.5,CE,POWERGRID26MAR247.5CE,0.0,0.0,0.0,16.5,0.0,16.5,300.55,54.6,0,0,0,0.0,0,F1,1900,,,,,
2026-02-18,2026-02-18,FO,NSE,STO,156022,,POWERGRID,,2026-03-30,2026-03-30,280.0,CE,POWERGRID26MAR280CE,24.55,24.55,24.05,24.05,24.05,24.55,300.55,24.05,184300,1900,3,1734225.0,3,F1,1900,,,,,
2026-02-18,2026-02-18,FO,NSE,STO,152556,,POWERGRID,,2026-03-30,2026-03-30,317.5,CE,POWERGRID26MAR317.5CE,3.8,4.05,3.8,3.95,3.8,0.4,300.55,3.95,5700,5700,4,2442640.0,4,F1,1900,,,,,
2026-02-18,2026-02-18,FO,NSE,STO,152717,,POWERGRID,,2026-04-28,2026-04-28,295.0,CE,POWERGRID26APR295CE,0.0,0.0,0.0,3.2,0.0,3.2,300.55,17.55,0,0,0,0.0,0,F1,1900,,,,,
2026-02-18,2026-02-18,FO,NSE,STO,152729,,POWERGRID,,2026-04-28,2026-04-28,325.0,CE,POWERGRID26APR325CE,0.0,0.0,0.0,0.75,0.0,0.75,300.55,5.4,0,0,0,0.0,0,F1,1900,,,,,
2026-02-18,2026-02-18,FO,NSE,STO,152731,,POWERGRID,,2026-04-28,2026-04-28,330.0,CE,POWERGRID26APR330CE,0.0,0.0,0.0,0.55,0.0,0.55,300.55,4.3,0,0,0,0.0,0,F1,1900,,,,,
2026-02-18,2026-02-18,FO,NSE,STO,128791,,POWERGRID,,2026-02-24,2026-02-24,210.0,PE,POWERGRID26FEB210PE,0.0,0.0,0.0,0.05,0.05,0.05,300.55,0.05,11400,0,0,0.0,0,F1,1900,,,,,
2026-02-18,2026-02-18,FO,NSE,STO,128923,,POWERGRID,,2026-02-24,2026-02-24,260.0,PE,POWERGRID26FEB260PE,0.05,0.1,0.05,0.05,0.05,0.1,300.55,0.05,1850600,-108300,131,64729580.0,80,F1,1900,,,,,
2026-02-18,2026-02-18,FO,NSE,STO,129032,,POWERGRID,,2026-02-24,2026-02-24,280.0,PE,POWERGRID26FEB280PE,0.25,0.25,0.1,0.1,0.1,0.25,300.55,0.1,3997600,32300,1086,578125445.0,296,F1,1900,,,,,
2026-02-18,2026-02-18,FO,NSE,STO,129036,,POWERGRID,,2026-02-24,2026-02-24,290.0,PE,POWERGRID26FEB290PE,0.8,0.9,0.35,0.4,0.35,0.7,300.55,0.4,4235100,209000,3596,1985049605.0,1514,F1,1900,,,,,
2026-02-18,2026-02-18,FO,NSE,STO,129038,,POWERGRID,,2026-02-24,2026-02-24,295.0,PE,POWERGRID26FEB295PE,1.75,2.05,0.9,1.2,1.25,1.65,300.55,1.2,1425000,-91200,2330,1312311570.0,1537,F1,1900,,,,,
2026-02-18,2026-02-18,FO,NSE,STO,155961,,POWERGRID,,2026-02-24,2026-02-24,317.5,PE,POWERGRID26FEB317.5PE,0.0,0.0,0.0,54.75,0.0,54.75,300.55,16.85,0,0,0,0.0,0,F1,1900,,,,,
2026-02-18,2026-02-18,FO,NSE,STO,155965,,POWERGRID,,2026-02-24,2026-02-24,327.5,PE,POWERGRID26FEB327.5PE,0.0,0.0,0.0,64.4,0.0,64.4,300.55,26.65,0,0,0,0.0,0,F1,1900,,,,,
2026-02-18,2026-02-18,FO,NSE,STO,156001,,POWERGRID,,2026-03-30,2026-03-30,225.0,PE,POWERGRID26MAR225PE,0.0,0.0,0.0,2.0,0.0,2.0,300.55,0.05,0,0,0,0.0,0,F1,1900,,,,,
2026-02-18,2026-02-18,FO,NSE,STO,152495,,POWERGRID,,2026-03-30,2026-03-30,267.5,PE,POWERGRID26MAR267.5PE,0.0,0.0,0.0,17.5,0.0,17.5,300.55,0.7,0,0,0,0.0,0,F1,1900,,,,,
2026-02-18,2026-02-18,FO,NSE,STO,156025,,POWERGRID,,2026-03-30,2026-03-30,285.0,PE,POWERGRID26MAR285PE,3.4,3.4,3.0,3.0,3.0,27.25,300.55,3.0,24700,24700,15,8217120.0,12,F1,1900,,,,,
2026-02-18,2026-02-18,FO,NSE,STO,152549,,POWERGRID,,2026-03-30,2026-03-30,297.5,PE,POWERGRID26MAR297.5PE,7.4,8.55,6.5,6.85,6.9,7.4,300.55,6.85,39900,26600,103,59616395.0,88,F1,1900,,,,,
2026-02-18,2026-02-18,FO,NSE,STO,152551,,POWERGRID,,2026-03-30,2026-03-30,302.5,PE,POWERGRID26MAR302.5PE,0.0,0.0,0.0,46.0,0.0,46.0,300.55,9.95,0,0,0,0.0,0,F1,1900,,,,,
2026-02-18,2026-02-18,FO,NSE,STO,156033,,POWERGRID,,2026-03-30,2026-03-30,305.0,PE,POWERGRID26MAR305PE,11.25,11.25,10.0,10.45,10.45,12.75,300.55,10.45,20900,7600,17,10200340.0,15,F1,1900,,,,,
2026-02-18,2026-02-18,FO,NSE,STO,152716,,POWERGRID,,2026-04-28,2026-04-28,290.0,PE,POWERGRID26APR290PE,0.0,0.0,0.0,35.2,0.0,35.2,300.55,7.05,0,0,0,0.0,0,F1,1900,,,,,
2026-02-18,2026-02-18,FO,NSE,STO,152722,,POWERGRID,,2026-04-28,2026-04-28,305.0,PE,POWERGRID26APR305PE,0.0,0.0,0.0,48.0,0.0,48.0,300.55,13.65,0,0,0,0.0,0,F1,1900,,,,,
2026-02-18,2026-02-18,FO,NSE,STO,152732,,POWERGRID,,2026-04-28,2026-04-28,330.0,PE,POWERGRID26APR330PE,0.0,0.0,0.0,71.15,0.0,71.15,300.55,30.35,0,0,0,0.0,0,F1,1900,,,,,
2026-02-18,2026-02-18,FO,NSE,STO,128924,,POWERGRID,,2026-02-24,2026-02-24,265.0,CE,POWERGRID26FEB265CE,35.5,35.65,33.95,34.45,34.45,35.5,300.55,34.45,1533300,-17100,42,23908745.0,39,F1,1900,,,,,
2026-02-18,2026-02-18,FO,NSE,STO,128920,,POWERGRID,,2026-02-24,2026-02-24,255.0,CE,POWERGRID26FEB255CE,45.55,45.55,45.0,45.05,45.1,44.9,300.55,45.05,2378800,-7600,23,13115415.0,21,F1,1900,,,,,
2026-02-18,2026-02-18,FO,NSE,STO,128916,,POWERGRID,,2026-02-24,2026-02-24,245.0,CE,POWERGRID26FEB245CE,56.0,56.0,56.0,56.0,56.0,54.0,300.55,55.75,281200,1900,1,571900.0,1,F1,1900,,,,,
2026-02-18,2026-02-18,FO,NSE,STO,128914,,POWERGRID,,2026-02-24,2026-02-24,240.0,CE,POWERGRID26FEB240CE,0.0,0.0,0.0,57.5,57.5,57.5,300.55,60.75,133000,0,0,0.0,0,F1,1900,,,,,
2026-02-18,2026-02-18,FO,NSE,STO,155928,,POWERGRID,,2026-02-24,2026-02-24,237.5,CE,POWERGRID26FEB237.5CE,0.0,0.0,0.0,55.45,55.45,55.45,300.55,63.25,15200,0,0,0.0,0,F1,1900,,,,,
2026-02-18,2026-02-18,FO,NSE,STO,128891,,POWERGRID,,2026-02-24,2026-02-24,230.0,CE,POWERGRID26FEB230CE,0.0,0.0,0.0,70.5,70.5,70.5,300.55,70.75,68400,0,0,0.0,0,F1,1900,,,,,
2026-02-18,2026-02-18,FO,NSE,STO,128973,,POWERGRID,,2026-02-24,2026-02-24,275.0,CE,POWERGRID26FEB275CE,24.95,26.2,24.0,24.75,24.75,24.95,300.55,24.75,1407900,-26600,51,29098120.0,24,F1,1900,,,,,
2026-02-18,2026-02-18,FO,NSE,STO,129035,,POWERGRID,,2026-02-24,2026-02-24,290.0,CE,POWERGRID26FEB290CE,9.5,11.9,9.0,10.25,9.8,10.75,300.55,10.25,8323900,-58900,471,268641665.0,432,F1,1900,,,,,
2026-02-18,2026-02-18,FO,NSE,STO,156004,,POWERGRID,,2026-03-30,2026-03-30,235.0,CE,POWERGRID26MAR235CE,0.0,0.0,0.0,32.55,0.0,32.55,300.55,66.95,0,0,0,0.0,0,F1,1900,,,,,
2026-02-18,2026-02-18,FO,NSE,STO,152486,,POWERGRID,,2026-03-30,2026-03-30,257.5,CE,POWERGRID26MAR257.5CE,0.0,0.0,0.0,11.15,0.0,11.15,300.55,44.8,0,0,0,0.0,0,F1,1900,,,,,
2026-02-18,2026-02-18,FO,NSE,STO,156028,,POWERGRID,,2026-03-30,2026-03-30,295.0,CE,POWERGRID26MAR295CE,13.35,14.1,12.0,12.5,12.45,13.35,300.55,12.5,144400,9500,75,43887435.0,67,F1,1900,,,,,
2026-02-18,2026-02-18,FO,NSE,STO,156044,,POWERGRID,,2026-03-30,2026-03-30,335.0,CE,POWERGRID26MAR335CE,1.3,1.5,1.25,1.35,1.35,1.55,300.55,1.35,51300,20900,25,15976910.0,22,F1,1900,,,,,
2026-02-18,2026-02-18,FO,NSE,STO,152647,,POWERGRID,,2026-04-28,2026-04-28,230.0,CE,POWERGRID26APR230CE,0.0,0.0,0.0,31.45,0.0,31.45,300.55,72.95,0,0,0,0.0,0,F1,1900,,,,,
2026-02-18,2026-02-18,FO,NSE,STO,152701,,POWERGRID,,2026-04-28,2026-04-28,265.0,CE,POWERGRID26APR265CE,0.0,0.0,0.0,10.9,0.0,10.9,300.55,39.8,0,0,0,0.0,0,F1,1900,,,,,
2026-02-18,2026-02-18,FO,NSE,STF,52013,,POWERGRID,,2026-03-30,2026-03-30,,,POWERGRID26MARFUT,301.0,303.8,300.25,302.0,301.25,302.3,300.55,302.0,6648100,1805000,2061,1182090985.0,1976,F1,1900,,,,,
2026-02-18,2026-02-18,FO,NSE,STO,128806,,POWERGRID,,2026-02-24,2026-02-24,225.0,CE,POWERGRID26FEB225CE,75.2,75.2,75.2,75.2,75.2,56.7,300.55,75.75,1900,0,1,570380.0,1,F1,1900,,,,,
2026-02-18,2026-02-18,FO,NSE,STO,155926,,POWERGRID,,2026-02-24,2026-02-24,232.5,CE,POWERGRID26FEB232.5CE,0.0,0.0,0.0,61.05,61.05,61.05,300.55,68.25,9500,0,0,0.0,0,F1,1900,,,,,
2026-02-18,2026-02-18,FO,NSE,STO,129056,,POWERGRID,,2026-02-24,2026-02-24,335.0,CE,POWERGRID26FEB335CE,0.1,0.15,0.1,0.1,0.1,0.1,300.55,0.1,77900,15200,25,15917535.0,18,F1,1900,,,,,
2026-02-18,2026-02-18,FO,NSE,STO,152464,,POWERGRID,,2026-03-30,2026-03-30,227.5,CE,POWERGRID26MAR227.5CE,0.0,0.0,0.0,31.1,0.0,31.1,300.55,74.4,0,0,0,0.0,0,F1,1900,,,,,
2026-02-18,2026-02-18,FO,NSE,STO,156008,,POWERGRID,,2026-03-30,2026-03-30,245.0,CE,POWERGRID26MAR245CE,0.0,0.0,0.0,25.3,0.0,25.3,300.55,57.05,0,0,0,0.0,0,F1,1900,,,,,
2026-02-18,2026-02-18,FO,NSE,STO,152542,,POWERGRID,,2026-03-30,2026-03-30,282.5,CE,POWERGRID26MAR282.5CE,0.0,0.0,0.0,3.35,0.0,3.35,300.55,22.5,0,0,0,0.0,0,F1,1900,,,,,
2026-02-18,2026-02-18,FO,NSE,STO,152546,,POWERGRID,,2026-03-30,2026-03-30,292.5,CE,POWERGRID26MAR292.5CE,0.0,0.0,0.0,1.9,0.0,1.9,300.55,15.4,0,0,0,0.0,0,F1,1900,,,,,
2026-02-18,2026-02-18,FO,NSE,STO,152560,,POWERGRID,,2026-03-30,2026-03-30,327.5,CE,POWERGRID26MAR327.5CE,0.0,0.0,0.0,0.2,0.0,0.2,300.55,2.25,0,0,0,0.0,0,F1,1900,,,,,
2026-02-18,2026-02-18,FO,NSE,STO,152645,,POWERGRID,,2026-04-28,2026-04-28,225.0,CE,POWERGRID26APR225CE,0.0,0.0,0.0,35.4,0.0,35.4,300.55,77.9,0,0,0,0.0,0,F1,1900,,,,,
2026-02-18,2026-02-18,FO,NSE,STO,128913,,POWERGRID,,2026-02-24,2026-02-24,235.0,PE,POWERGRID26FEB235PE,0.05,0.05,0.05,0.05,0.05,0.05,300.55,0.05,340100,-72200,49,21883155.0,10,F1,1900,,,,,
2026-02-18,2026-02-18,FO,NSE,STO,159153,,SONACOMS,,2026-02-24,2026-02-24,585.0,PE,SONACOMS26FEB585PE,0.0,0.0,0.0,104.65,0.0,104.65,531.8,52.75,0,0,0,0.0,0,F1,1225,,,,,
2026-02-18,2026-02-18,FO,NSE,STO,159143,,SONACOMS,,2026-02-24,2026-02-24,535.0,PE,SONACOMS26FEB535PE,11.5,12.2,8.4,8.4,8.4,11.0,531.8,8.4,344225,-51450,55,36694507.5,24,F1,1225,,,,,
2026-02-18,2026-02-18,FO,NSE,STO,159125,,SONACOMS,,2026-02-24,2026-02-24,445.0,PE,SONACOMS26FEB445PE,0.0,0.0,0.0,0.05,0.05,0.05,531.8,0.05,12250,0,0,0.0,0,F1,1225,,,,,
2026-02-18,2026-02-18,FO,NSE,STO,168090,,SONACOMS,,2026-04-28,2026-04-28,620.0,CE,SONACOMS26APR620CE,0.0,0.0,0.0,6.7,0.0,6.7,531.8,6.7,0,0,0,0.0,0,F1,1225,,,,,
2026-02-18,2026-02-18,FO,NSE,STO,159230,,SONACOMS,,2026-03-30,2026-03-30,590.0,CE,SONACOMS26MAR590CE,0.0,0.0,0.0,6.85,6.85,6.85,531.8,6.05,8575,0,0,0.0,0,F1,1225,,,,,
2026-02-18,2026-02-18,FO,NSE,STO,159157,,SONACOMS,,2026-02-24,2026-02-24,605.0,PE,SONACOMS26FEB605PE,0.0,0.0,0.0,123.0,0.0,123.0,531.8,72.65,0,0,0,0.0,0,F1,1225,,,,,
2026-02-18,2026-02-18,FO,NSE,STO,136869,,SONACOMS,,2026-02-24,2026-02-24,490.0,PE,SONACOMS26FEB490PE,0.65,0.8,0.55,0.55,0.55,1.05,531.8,0.55,187425,-8575,10,6011075.0,9,F1,1225,,,,,
2026-02-18,2026-02-18,FO,NSE,STO,136861,,SONACOMS,,2026-02-24,2026-02-24,450.0,PE,SONACOMS26FEB450PE,0.1,0.3,0.1,0.3,0.3,0.4,531.8,0.05,72275,0,2,1102990.0,2,F1,1225,,,,,
2026-02-18,2026-02-18,FO,NSE,STO,168056,,SONACOMS,,2026-04-28,2026-04-28,450.0,CE,SONACOMS26APR450CE,0.0,0.0,0.0,62.9,0.0,62.9,531.8,90.0,0,0,0,0.0,0,F1,1225,,,,,
2026-02-18,2026-02-18,FO,NSE,STO,168054,,SONACOMS,,2026-04-28,2026-04-28,440.0,CE,SONACOMS26APR440CE,0.0,0.0,0.0,69.6,0.0,69.6,531.8,98.85,0,0,0,0.0,0,F1,1225,,,,,
2026-02-18,2026-02-18,FO,NSE,STO,167994,,SONACOMS,,2026-03-30,2026-03-30,525.0,CE,SONACOMS26MAR525CE,0.0,0.0,0.0,33.0,33.0,33.0,531.8,28.1,2450,0,0,0.0,0,F1,1225,,,,,
2026-02-18,2026-02-18,FO,NSE,STO,159216,,SONACOMS,,2026-03-30,2026-03-30,520.0,CE,SONACOMS26MAR520CE,29.0,29.0,29.0,29.0,29.0,23.2,531.8,30.9,1225,1225,1,672525.0,1,F1,1225,,,,,
2026-02-18,2026-02-18,FO,NSE,STO,159200,,SONACOMS,,2026-03-30,2026-03-30,440.0,CE,SONACOMS26MAR440CE,0.0,0.0,0.0,61.85,0.0,61.85,531.8,95.2,0,0,0,0.0,0,F1,1225,,,,,
2026-02-18,2026-02-18,FO,NSE,STO,168091,,SONACOMS,,2026-04-28,2026-04-28,620.0,PE,SONACOMS26APR620PE,0.0,0.0,0.0,129.4,0.0,129.4,531.8,88.5,0,0,0,0.0,0,F1,1225,,,,,
2026-02-18,2026-02-18,FO,NSE,STO,168067,,SONACOMS,,2026-04-28,2026-04-28,500.0,PE,SONACOMS26APR500PE,0.0,0.0,0.0,40.55,0.0,40.55,531.8,14.3,0,0,0,0.0,0,F1,1225,,,,,
2026-02-18,2026-02-18,FO,NSE,STO,168065,,SONACOMS,,2026-04-28,2026-04-28,490.0,PE,SONACOMS26APR490PE,0.0,0.0,0.0,35.25,0.0,35.25,531.8,11.25,0,0,0,0.0,0,F1,1225,,,,,
2026-02-18,2026-02-18,FO,NSE,STO,168011,,SONACOMS,,2026-03-30,2026-03-30,605.0,PE,SONACOMS26MAR605PE,0.0,0.0,0.0,115.15,0.0,115.15,531.8,73.5,0,0,0,0.0,0,F1,1225,,,,,
2026-02-18,2026-02-18,FO,NSE,STO,159229,,SONACOMS,,2026-03-30,2026-03-30,580.0,PE,SONACOMS26MAR580PE,0.0,0.0,0.0,102.1,0.0,102.1,531.8,52.65,0,0,0,0.0,0,F1,1225,,,,,
2026-02-18,2026-02-18,FO,NSE,STO,167985,,SONACOMS,,2026-03-30,2026-03-30,475.0,PE,SONACOMS26MAR475PE,0.0,0.0,0.0,7.0,7.0,7.0,531.8,3.75,2450,0,0,0.0,0,F1,1225,,,,,
2026-02-18,2026-02-18,FO,NSE,STO,167983,,SONACOMS,,2026-03-30,2026-03-30,465.0,PE,SONACOMS26MAR465PE,0.0,0.0,0.0,18.65,0.0,18.65,531.8,2.45,0,0,0,0.0,0,F1,1225,,,,,
2026-02-18,2026-02-18,FO,NSE,STO,159149,,SONACOMS,,2026-02-24,2026-02-24,565.0,PE,SONACOMS26FEB565PE,34.25,35.75,34.25,34.45,34.45,33.5,531.8,34.45,1225,1225,9,6614326.25,3,F1,1225,,,,,
2026-02-18,2026-02-18,FO,NSE,STO,168004,,SONACOMS,,2026-03-30,2026-03-30,575.0,CE,SONACOMS26MAR575CE,0.0,0.0,0.0,12.0,12.0,12.0,531.8,9.05,2450,0,0,0.0,0,F1,1225,,,,,
2026-02-18,2026-02-18,FO,NSE,STO,159224,,SONACOMS,,2026-03-30,2026-03-30,560.0,CE,SONACOMS26MAR560CE,12.5,13.5,12.4,13.45,13.35,12.55,531.8,13.45,67375,13475,28,19643242.5,24,F1,1225,,,,,
2026-02-18,2026-02-18,FO,NSE,STO,159222,,SONACOMS,,2026-03-30,2026-03-30,550.0,CE,SONACOMS26MAR550CE,0.0,0.0,0.0,14.85,14.85,14.85,531.8,16.6,2450,0,0,0.0,0,F1,1225,,,,,
2026-02-18,2026-02-18,FO,NSE,STO,159210,,SONACOMS,,2026-03-30,2026-03-30,490.0,CE,SONACOMS26MAR490CE,0.0,0.0,0.0,34.55,0.0,34.55,531.8,51.25,0,0,0,0.0,0,F1,1225,,,,,
2026-02-18,2026-02-18,FO,NSE,STO,159204,,SONACOMS,,2026-03-30,2026-03-30,460.0,CE,SONACOMS26MAR460CE,0.0,0.0,0.0,49.65,0.0,49.65,531.8,76.55,0,0,0,0.0,0,F1,1225,,,,,
2026-02-18,2026-02-18,FO,NSE,STO,159148,,SONACOMS,,2026-02-24,2026-02-24,565.0,CE,SONACOMS26FEB565CE,0.0,0.0,0.0,4.5,4.5,4.5,531.8,0.8,1225,0,0,0.0,0,F1,1225,,,,,
2026-02-18,2026-02-18,FO,NSE,STO,159140,,SONACOMS,,2026-02-24,2026-02-24,525.0,CE,SONACOMS26FEB525CE,11.05,12.8,9.15,12.45,12.05,12.5,531.8,12.45,154350,-31850,71,46651246.25,49,F1,1225,,,,,
2026-02-18,2026-02-18,FO,NSE,STO,136852,,SONACOMS,,2026-02-24,2026-02-24,420.0,CE,SONACOMS26FEB420CE,0.0,0.0,0.0,115.35,115.35,115.35,531.8,112.2,8575,0,0,0.0,0,F1,1225,,,,,
2026-02-18,2026-02-18,FO,NSE,STO,159155,,SONACOMS,,2026-02-24,2026-02-24,595.0,PE,SONACOMS26FEB595PE,0.0,0.0,0.0,113.75,0.0,113.75,531.8,62.7,0,0,0,0.0,0,F1,1225,,,,,
2026-02-18,2026-02-18,FO,NSE,STO,159147,,SONACOMS,,2026-02-24,2026-02-24,555.0,PE,SONACOMS26FEB555PE,0.0,0.0,0.0,78.55,0.0,78.55,531.8,24.6,0,0,0,0.0,0,F1,1225,,,,,
2026-02-18,2026-02-18,FO,NSE,STO,159129,,SONACOMS,,2026-02-24,2026-02-24,465.0,PE,SONACOMS26FEB465PE,0.0,0.0,0.0,0.45,0.45,0.45,531.8,0.05,71050,0,0,0.0,0,F1,1225,,,,,
2026-02-18,2026-02-18,FO,NSE,STO,159127,,SONACOMS,,2026-02-24,2026-02-24,455.0,PE,SONACOMS26FEB455PE,0.0,0.0,0.0,1.0,1.0,1.0,531.8,0.05,31850,0,0,0.0,0,F1,1225,,,,,
2026-02-18,2026-02-18,FO,NSE,STO,168078,,SONACOMS,,2026-04-28,2026-04-28,560.0,CE,SONACOMS26APR560CE,0.0,0.0,0.0,16.4,0.0,16.4,531.8,20.9,0,0,0,0.0,0,F1,1225,,,,,
2026-02-18,2026-02-18,FO,NSE,STO,168072,,SONACOMS,,2026-04-28,2026-04-28,530.0,CE,SONACOMS26APR530CE,0.0,0.0,0.0,24.65,0.0,24.65,531.8,33.75,0,0,0,0.0,0,F1,1225,,,,,
2026-02-18,2026-02-18,FO,NSE,STO,159156,,SONACOMS,,2026-02-24,2026-02-24,605.0,CE,SONACOMS26FEB605CE,0.0,0.0,0.0,2.4,0.0,2.4,531.8,0.05,0,0,0,0.0,0,F1,1225,,,,,
2026-02-18,2026-02-18,FO,NSE,STO,136870,,SONACOMS,,2026-02-24,2026-02-24,500.0,CE,SONACOMS26FEB500CE,30.0,33.2,30.0,32.7,33.2,32.6,531.8,32.7,151900,-9800,16,10413725.0,11,F1,1225,,,,,
2026-02-18,2026-02-18,FO,NSE,STO,168009,,SONACOMS,,2026-03-30,2026-03-30,595.0,PE,SONACOMS26MAR595PE,0.0,0.0,0.0,106.2,0.0,106.2,531.8,64.85,0,0,0,0.0,0,F1,1225,,,,,
2026-02-18,2026-02-18,FO,NSE,STO,168083,,SONACOMS,,2026-04-28,2026-04-28,580.0,PE,SONACOMS26APR580PE,0.0,0.0,0.0,95.6,0.0,95.6,531.8,56.85,0,0,0,0.0,0,F1,1225,,,,,
2026-02-18,2026-02-18,FO,NSE,STO,168003,,SONACOMS,,2026-03-30,2026-03-30,565.0,PE,SONACOMS26MAR565PE,0.0,0.0,0.0,80.7,0.0,80.7,531.8,41.45,0,0,0,0.0,0,F1,1225,,,,,
2026-02-18,2026-02-18,FO,NSE,STO,167989,,SONACOMS,,2026-03-30,2026-03-30,495.0,PE,SONACOMS26MAR495PE,0.0,0.0,0.0,32.5,0.0,32.5,531.8,7.7,0,0,0,0.0,0,F1,1225,,,,,
2026-02-18,2026-02-18,FO,NSE,STO,159205,,SONACOMS,,2026-03-30,2026-03-30,460.0,PE,SONACOMS26MAR460PE,0.0,0.0,0.0,11.8,11.8,11.8,531.8,2.0,9800,0,0,0.0,0,F1,1225,,,,,
2026-02-18,2026-02-18,FO,NSE,STO,159203,,SONACOMS,,2026-03-30,2026-03-30,450.0,PE,SONACOMS26MAR450PE,0.0,0.0,0.0,2.3,2.3,2.3,531.8,1.25,6125,0,0,0.0,0,F1,1225,,,,,
2026-02-18,2026-02-18,FO,NSE,STO,159217,,SONACOMS,,2026-03-30,2026-03-30,520.0,PE,SONACOMS26MAR520PE,16.2,16.2,14.8,14.8,14.8,20.65,531.8,14.8,14700,2450,4,2622235.0,4,F1,1225,,,,,
2026-02-18,2026-02-18,FO,NSE,STO,159207,,SONACOMS,,2026-03-30,2026-03-30,470.0,PE,SONACOMS26MAR470PE,0.0,0.0,0.0,28.4,0.0,28.4,531.8,3.05,0,0,0,0.0,0,F1,1225,,,,,
2026-02-18,2026-02-18,FO,NSE,STO,136881,,SONACOMS,,2026-02-24,2026-02-24,550.0,PE,SONACOMS26FEB550PE,0.0,0.0,0.0,24.65,24.65,24.65,531.8,20.55,22050,0,0,0.0,0,F1,1225,,,,,
2026-02-18,2026-02-18,FO,NSE,STO,136879,,SONACOMS,,2026-02-24,2026-02-24,540.0,PE,SONACOMS26FEB540PE,13.5,15.5,12.2,13.55,13.55,18.4,531.8,13.35,150675,-13475,31,21045622.5,21,F1,1225,,,,,
2026-02-18,2026-02-18,FO,NSE,STO,159141,,SONACOMS,,2026-02-24,2026-02-24,525.0,PE,SONACOMS26FEB525PE,5.95,7.1,4.15,4.5,4.6,6.25,531.8,4.5,233975,25725,74,48065815.0,73,F1,1225,,,,,
2026-02-18,2026-02-18,FO,NSE,STO,159131,,SONACOMS,,2026-02-24,2026-02-24,475.0,PE,SONACOMS26FEB475PE,0.25,0.4,0.25,0.4,0.4,1.25,531.8,0.05,50225,-1225,4,2329092.5,4,F1,1225,,,,,
2026-02-18,2026-02-18,FO,NSE,STO,42860,,SONACOMS,,2026-02-24,2026-02-24,370.0,PE,SONACOMS26FEB370PE,0.0,0.0,0.0,0.15,0.15,0.15,531.8,0.05,2450,0,0,0.0,0,F1,1225,,,,,
2026-02-18,2026-02-18,FO,NSE,STO,168088,,SONACOMS,,2026-04-28,2026-04-28,610.0,CE,SONACOMS26APR610CE,0.0,0.0,0.0,7.85,0.0,7.85,531.8,8.25,0,0,0,0.0,0,F1,1225,,,,,
2026-02-18,2026-02-18,FO,NSE,STO,136860,,SONACOMS,,2026-02-24,2026-02-24,450.0,CE,SONACOMS26FEB450CE,80.15,80.15,80.15,80.15,80.15,82.75,531.8,82.2,45325,-3675,3,1948301.25,1,F1,1225,,,,,
2026-02-18,2026-02-18,FO,NSE,STO,168081,,SONACOMS,,2026-04-28,2026-04-28,570.0,PE,SONACOMS26APR570PE,0.0,0.0,0.0,87.7,0.0,87.7,531.8,49.85,0,0,0,0.0,0,F1,1225,,,,,
2026-02-18,2026-02-18,FO,NSE,STO,168063,,SONACOMS,,2026-04-28,2026-04-28,480.0,PE,SONACOMS26APR480PE,0.0,0.0,0.0,30.35,0.0,30.35,531.8,8.7,0,0,0,0.0,0,F1,1225,,,,,
2026-02-18,2026-02-18,FO,NSE,STO,168057,,SONACOMS,,2026-04-28,2026-04-28,450.0,PE,SONACOMS26APR450PE,0.0,0.0,0.0,18.25,0.0,18.25,531.8,3.5,0,0,0,0.0,0,F1,1225,,,,,
2026-02-18,2026-02-18,FO,NSE,STO,159235,,SONACOMS,,2026-03-30,2026-03-30,610.0,PE,SONACOMS26MAR610PE,0.0,0.0,0.0,128.0,0.0,128.0,531.8,77.9,0,0,0,0.0,0,F1,1225,,,,,
2026-02-18,2026-02-18,FO,NSE,STO,159233,,SONACOMS,,2026-03-30,2026-03-30,600.0,PE,SONACOMS26MAR600PE,0.0,0.0,0.0,119.2,0.0,119.2,531.8,69.15,0,0,0,0.0,0,F1,1225,,,,,
2026-02-18,2026-02-18,FO,NSE,STO,159223,,SONACOMS,,2026-03-30,2026-03-30,550.0,PE,SONACOMS26MAR550PE,0.0,0.0,0.0,35.3,35.3,35.3,531.8,31.5,9800,0,0,0.0,0,F1,1225,,,,,
2026-02-18,2026-02-18,FO,NSE,STO,159199,,SONACOMS,,2026-03-30,2026-03-30,430.0,PE,SONACOMS26MAR430PE,0.0,0.0,0.0,13.5,0.0,13.5,531.8,0.4,0,0,0,0.0,0,F1,1225,,,,,
2026-02-18,2026-02-18,FO,NSE,STO,78823,,BHEL,,2026-02-24,2026-02-24,267.5,CE,BHEL26FEB267.5CE,4.0,4.0,1.6,2.05,2.05,3.0,261.6,2.05,2008125,189000,2903,2059277850.0,2090,F1,2625,,,,,
2026-02-18,2026-02-18,FO,NSE,STO,80116,,BHEL,,2026-02-24,2026-02-24,245.0,CE,BHEL26FEB245CE,20.5,20.5,16.55,17.1,16.75,18.85,261.6,17.1,485625,-36750,37,25592175.0,30,F1,2625,,,,,
2026-02-18,2026-02-18,FO,NSE,STO,78680,,BHEL,,2026-02-24,2026-02-24,232.5,CE,BHEL26FEB232.5CE,0.0,0.0,0.0,54.9,0.0,54.9,261.6,29.35,0,0,0,0.0,0,F1,2625,,,,,
2026-02-18,2026-02-18,FO,NSE,STO,91589,,BHEL,,2026-03-30,2026-03-30,302.5,PE,BHEL26MAR302.5PE,0.0,0.0,0.0,55.85,0.0,55.85,261.6,41.55,0,0,0,0.0,0,F1,2625,,,,,
2026-02-18,2026-02-18,FO,NSE,STO,91775,,BHEL,,2026-04-28,2026-04-28,270.0,PE,BHEL26APR270PE,0.0,0.0,0.0,33.45,0.0,33.45,261.6,20.55,0,0,0,0.0,0,F1,2625,,,,,
2026-02-18,2026-02-18,FO,NSE,STO,79018,,BHEL,,2026-03-30,2026-03-30,295.0,PE,BHEL26MAR295PE,0.0,0.0,0.0,28.85,0.0,28.85,261.6,35.2,0,0,0,0.0,0,F1,2625,,,,,
2026-02-18,2026-02-18,FO,NSE,STO,91558,,BHEL,,2026-03-30,2026-03-30,252.5,PE,BHEL26MAR252.5PE,0.0,0.0,0.0,7.45,7.45,7.45,261.6,8.4,13125,0,0,0.0,0,F1,2625,,,,,
2026-02-18,2026-02-18,FO,NSE,STO,80140,,BHEL,,2026-02-24,2026-02-24,285.0,PE,BHEL26FEB285PE,21.0,23.65,20.85,22.6,23.65,25.0,261.6,22.6,102375,5250,21,16915631.25,21,F1,2625,,,,,
2026-02-18,2026-02-18,FO,NSE,STO,80095,,BHEL,,2026-02-24,2026-02-24,210.0,CE,BHEL26FEB210CE,0.0,0.0,0.0,78.1,0.0,78.1,261.6,51.8,0,0,0,0.0,0,F1,2625,,,,,
2026-02-18,2026-02-18,FO,NSE,STO,91567,,BHEL,,2026-03-30,2026-03-30,277.5,CE,BHEL26MAR277.5CE,0.0,0.0,0.0,6.2,6.2,6.2,261.6,7.7,39375,0,0,0.0,0,F1,2625,,,,,
2026-02-18,2026-02-18,FO,NSE,STO,79004,,BHEL,,2026-03-30,2026-03-30,290.0,CE,BHEL26MAR290CE,3.5,3.6,2.45,2.85,2.85,3.45,261.6,2.85,1023750,341250,235,180806587.5,154,F1,2625,,,,,
2026-02-18,2026-02-18,FO,NSE,STO,78998,,BHEL,,2026-03-30,2026-03-30,275.0,PE,BHEL26MAR275PE,16.0,16.55,15.0,16.55,16.55,16.65,261.6,16.55,149625,26250,25,19088737.5,21,F1,2625,,,,,
2026-02-18,2026-02-18,FO,NSE,STO,78994,,BHEL,,2026-03-30,2026-03-30,270.0,PE,BHEL26MAR270PE,12.65,16.25,12.2,14.25,15.05,13.35,261.6,14.25,509250,76125,60,44569350.0,59,F1,2625,,,,,
2026-02-18,2026-02-18,FO,NSE,STO,91560,,BHEL,,2026-03-30,2026-03-30,257.5,PE,BHEL26MAR257.5PE,9.0,9.0,9.0,9.0,9.0,9.45,261.6,9.0,15750,0,1,699562.5,1,F1,2625,,,,,
2026-02-18,2026-02-18,FO,NSE,STO,78931,,BHEL,,2026-03-30,2026-03-30,255.0,PE,BHEL26MAR255PE,5.8,8.7,5.4,7.05,7.25,6.45,261.6,7.05,207375,94500,81,55650393.75,62,F1,2625,,,,,
2026-02-18,2026-02-18,FO,NSE,STO,78915,,BHEL,,2026-03-30,2026-03-30,225.0,PE,BHEL26MAR225PE,0.0,0.0,0.0,3.55,0.0,3.55,261.6,1.6,0,0,0,0.0,0,F1,2625,,,,,
2026-02-18,2026-02-18,FO,NSE,STO,78906,,BHEL,,2026-03-30,2026-03-30,215.0,PE,BHEL26MAR215PE,0.9,0.9,0.9,0.9,0.9,2.25,261.6,0.9,2625,2625,1,566737.5,1,F1,2625,,,,,
2026-02-18,2026-02-18,FO,NSE,STO,91757,,BHEL,,2026-04-28,2026-04-28,225.0,PE,BHEL26APR225PE,0.0,0.0,0.0,10.7,0.0,10.7,261.6,3.6,0,0,0,0.0,0,F1,2625,,,,,
2026-02-18,2026-02-18,FO,NSE,STO,91761,,BHEL,,2026-04-28,2026-04-28,235.0,PE,BHEL26APR235PE,0.0,0.0,0.0,14.5,0.0,14.5,261.6,5.85,0,0,0,0.0,0,F1,2625,,,,,
2026-02-18,2026-02-18,FO,NSE,STO,91763,,BHEL,,2026-04-28,2026-04-28,240.0,PE,BHEL26APR240PE,0.0,0.0,0.0,16.7,0.0,16.7,261.6,7.3,0,0,0,0.0,0,F1,2625,,,,,
2026-02-18,2026-02-18,FO,NSE,STO,80134,,BHEL,,2026-02-24,2026-02-24,275.0,PE,BHEL26FEB275PE,11.65,17.0,11.1,13.3,15.7,12.95,261.6,13.3,556500,-7875,120,90406968.75,119,F1,2625,,,,,
2026-02-18,2026-02-18,FO,NSE,STO,80178,,BHEL,,2026-02-24,2026-02-24,315.0,PE,BHEL26FEB315PE,0.0,0.0,0.0,42.5,0.0,42.5,261.6,53.1,0,0,0,0.0,0,F1,2625,,,,,
2026-02-18,2026-02-18,FO,NSE,STO,78617,,BHEL,,2026-02-24,2026-02-24,217.5,CE,BHEL26FEB217.5CE,0.0,0.0,0.0,68.35,0.0,68.35,261.6,44.3,0,0,0,0.0,0,F1,2625,,,,,
2026-02-18,2026-02-18,FO,NSE,STO,78790,,BHEL,,2026-02-24,2026-02-24,252.5,CE,BHEL26FEB252.5CE,0.0,0.0,0.0,11.75,11.75,11.75,261.6,11.05,564375,0,0,0.0,0,F1,2625,,,,,
2026-02-18,2026-02-18,FO,NSE,STO,80127,,BHEL,,2026-02-24,2026-02-24,270.0,CE,BHEL26FEB270CE,3.05,3.5,1.2,1.5,1.6,2.3,261.6,1.5,8998500,1438500,8993,6422162775.0,5275,F1,2625,,,,,
2026-02-18,2026-02-18,FO,NSE,STO,80173,,BHEL,,2026-02-24,2026-02-24,305.0,CE,BHEL26FEB305CE,0.2,0.2,0.15,0.15,0.15,0.2,261.6,0.15,4929750,-89250,555,444604518.75,124,F1,2625,,,,,
2026-02-18,2026-02-18,FO,NSE,STO,80181,,BHEL,,2026-02-24,2026-02-24,325.0,CE,BHEL26FEB325CE,0.05,0.05,0.05,0.05,0.05,0.1,261.6,0.05,105000,0,3,2559768.75,3,F1,2625,,,,,
2026-02-18,2026-02-18,FO,NSE,STO,78719,,BHEL,,2026-02-24,2026-02-24,242.5,PE,BHEL26FEB242.5PE,0.35,0.7,0.2,0.5,0.5,0.35,261.6,0.5,448875,-63000,83,52927087.5,58,F1,2625,,,,,
2026-02-18,2026-02-18,FO,NSE,STO,78837,,BHEL,,2026-02-24,2026-02-24,292.5,CE,BHEL26FEB292.5CE,0.35,0.35,0.2,0.25,0.25,0.4,261.6,0.25,175875,21000,30,23055637.5,27,F1,2625,,,,,
2026-02-18,2026-02-18,FO,NSE,STO,91762,,BHEL,,2026-04-28,2026-04-28,240.0,CE,BHEL26APR240CE,0.0,0.0,0.0,28.1,0.0,28.1,261.6,31.35,0,0,0,0.0,0,F1,2625,,,,,
2026-02-18,2026-02-18,FO,NSE,STO,91772,,BHEL,,2026-04-28,2026-04-28,265.0,CE,BHEL26APR265CE,0.0,0.0,0.0,17.0,0.0,17.0,261.6,17.15,0,0,0,0.0,0,F1,2625,,,,,
2026-02-18,2026-02-18,FO,NSE,STO,91784,,BHEL,,2026-04-28,2026-04-28,295.0,CE,BHEL26APR295CE,0.0,0.0,0.0,8.7,0.0,8.7,261.6,7.1,0,0,0,0.0,0,F1,2625,,,,,
2026-02-18,2026-02-18,FO,NSE,STO,80118,,BHEL,,2026-02-24,2026-02-24,245.0,PE,BHEL26FEB245PE,0.4,0.95,0.25,0.6,0.6,0.45,261.6,0.6,1635375,-207375,875,563935575.0,364,F1,2625,,,,,
2026-02-18,2026-02-18,FO,NSE,STO,78824,,BHEL,,2026-02-24,2026-02-24,267.5,PE,BHEL26FEB267.5PE,6.0,10.35,5.35,7.65,8.15,7.05,261.6,7.65,483000,60375,657,472399068.75,630,F1,2625,,,,,
2026-02-18,2026-02-18,FO,NSE,STO,78834,,BHEL,,2026-02-24,2026-02-24,282.5,PE,BHEL26FEB282.5PE,0.0,0.0,0.0,19.7,19.85,19.7,261.6,21.0,57750,0,0,0.0,0,F1,2625,,,,,
2026-02-18,2026-02-18,FO,NSE,STO,78836,,BHEL,,2026-02-24,2026-02-24,287.5,PE,BHEL26FEB287.5PE,23.15,23.35,23.15,23.35,23.35,24.25,261.6,25.8,34125,-2625,3,2447418.75,3,F1,2625,,,,,
2026-02-18,2026-02-18,FO,NSE,STF,66729,,BHEL,,2026-04-28,2026-04-28,,,BHEL26APRFUT,268.4,268.65,261.9,264.3,264.8,266.7,261.6,264.3,879375,86625,104,72715125.0,101,F1,2625,,,,,
2026-02-18,2026-02-18,FO,NSE,STO,91785,,BHEL,,2026-04-28,2026-04-28,295.0,PE,BHEL26APR295PE,0.0,0.0,0.0,51.5,0.0,51.5,261.6,37.45,0,0,0,0.0,0,F1,2625,,,,,
2026-02-18,2026-02-18,FO,NSE,STO,91570,,BHEL,,2026-03-30,2026-03-30,282.5,PE,BHEL26MAR282.5PE,0.0,0.0,0.0,39.6,0.0,39.6,261.6,25.45,0,0,0,0.0,0,F1,2625,,,,,
2026-02-18,2026-02-18,FO,NSE,STO,78935,,BHEL,,2026-03-30,2026-03-30,265.0,PE,BHEL26MAR265PE,9.8,13.35,9.35,11.7,12.7,10.35,261.6,11.7,286125,57750,63,45558056.25,61,F1,2625,,,,,
2026-02-18,2026-02-18,FO,NSE,STO,78908,,BHEL,,2026-03-30,2026-03-30,220.0,PE,BHEL26MAR220PE,0.85,1.25,0.7,1.05,1.0,0.9,261.6,1.05,278250,34125,74,42895518.75,55,F1,2625,,,,,
2026-02-18,2026-02-18,FO,NSE,STO,91541,,BHEL,,2026-03-30,2026-03-30,212.5,PE,BHEL26MAR212.5PE,0.0,0.0,0.0,4.55,0.0,4.55,261.6,0.55,0,0,0,0.0,0,F1,2625,,,,,
2026-02-18,2026-02-18,FO,NSE,STO,78840,,BHEL,,2026-02-24,2026-02-24,297.5,PE,BHEL26FEB297.5PE,0.0,0.0,0.0,26.2,0.0,26.2,261.6,35.65,0,0,0,0.0,0,F1,2625,,,,,
2026-02-18,2026-02-18,FO,NSE,STO,78928,,BHEL,,2026-03-30,2026-03-30,250.0,CE,BHEL26MAR250CE,21.3,21.3,16.5,17.75,16.5,21.3,261.6,17.75,301875,18375,32,22657162.5,20,F1,2625,,,,,
2026-02-18,2026-02-18,FO,NSE,STO,91552,,BHEL,,2026-03-30,2026-03-30,242.5,CE,BHEL26MAR242.5CE,0.0,0.0,0.0,22.4,0.0,22.4,261.6,25.6,0,0,0,0.0,0,F1,2625,,,,,
2026-02-18,2026-02-18,FO,NSE,STO,91546,,BHEL,,2026-03-30,2026-03-30,227.5,CE,BHEL26MAR227.5CE,0.0,0.0,0.0,31.2,0.0,31.2,261.6,37.4,0,0,0,0.0,0,F1,2625,,,,,
2026-02-18,2026-02-18,FO,NSE,STO,91793,,BHEL,,2026-04-28,2026-04-28,305.0,PE,BHEL26APR305PE,0.0,0.0,0.0,59.5,0.0,59.5,261.6,45.35,0,0,0,0.0,0,F1,2625,,,,,
2026-02-18,2026-02-18,FO,NSE,STO,91755,,BHEL,,2026-04-28,2026-04-28,220.0,PE,BHEL26APR220PE,0.0,0.0,0.0,9.05,0.0,9.05,261.6,2.75,0,0,0,0.0,0,F1,2625,,,,,
2026-02-18,2026-02-18,FO,NSE,STO,91748,,BHEL,,2026-04-28,2026-04-28,210.0,PE,BHEL26APR210PE,0.0,0.0,0.0,6.25,0.0,6.25,261.6,1.5,0,0,0,0.0,0,F1,2625,,,,,
2026-02-18,2026-02-18,FO,NSE,STO,79057,,BHEL,,2026-03-30,2026-03-30,315.0,PE,BHEL26MAR315PE,0.0,0.0,0.0,49.25,49.25,49.25,261.6,52.8,2625,0,0,0.0,0,F1,2625,,,,,
2026-02-18,2026-02-18,FO,NSE,STO,79055,,BHEL,,2026-03-30,2026-03-30,310.0,PE,BHEL26MAR310PE,45.4,45.4,45.4,45.4,45.4,46.0,261.6,48.25,13125,2625,1,932925.0,1,F1,2625,,,,,
2026-02-18,2026-02-18,FO,NSE,STO,91566,,BHEL,,2026-03-30,2026-03-30,272.5,PE,BHEL26MAR272.5PE,0.0,0.0,0.0,32.3,0.0,32.3,261.6,18.65,0,0,0,0.0,0,F1,2625,,,,,
2026-02-18,2026-02-18,FO,NSE,STO,78929,,BHEL,,2026-03-30,2026-03-30,250.0,PE,BHEL26MAR250PE,4.4,6.5,4.0,5.4,5.6,4.8,261.6,5.4,1527750,65625,214,143336156.25,165,F1,2625,,,,,
2026-02-18,2026-02-18,FO,NSE,STO,91555,,BHEL,,2026-03-30,2026-03-30,247.5,PE,BHEL26MAR247.5PE,3.55,4.0,3.55,4.0,4.0,4.6,261.6,4.0,15750,-2625,2,1319193.75,2,F1,2625,,,,,
2026-02-18,2026-02-18,FO,NSE,STO,78921,,BHEL,,2026-03-30,2026-03-30,240.0,PE,BHEL26MAR240PE,2.4,3.7,2.15,3.0,3.2,2.65,261.6,3.0,1976625,78750,145,92377556.25,92,F1,2625,,,,,
2026-02-18,2026-02-18,FO,NSE,STO,91543,,BHEL,,2026-03-30,2026-03-30,217.5,PE,BHEL26MAR217.5PE,1.0,1.0,1.0,1.0,1.0,5.7,261.6,1.0,2625,2625,1,573562.5,1,F1,2625,,,,,
2026-02-18,2026-02-18,FO,NSE,STO,80180,,BHEL,,2026-02-24,2026-02-24,320.0,PE,BHEL26FEB320PE,57.0,57.0,57.0,57.0,57.0,44.85,261.6,58.1,21000,-2625,1,989625.0,1,F1,2625,,,,,
2026-02-18,2026-02-18,FO,NSE,STO,80172,,BHEL,,2026-02-24,2026-02-24,300.0,PE,BHEL26FEB300PE,36.0,36.0,34.8,35.65,35.65,37.45,261.6,38.15,393750,-2625,6,5279006.25,4,F1,2625,,,,,
2026-02-18,2026-02-18,FO,NSE,STO,80167,,BHEL,,2026-02-24,2026-02-24,295.0,PE,BHEL26FEB295PE,31.5,31.5,31.5,31.5,31.5,33.9,261.6,33.15,63000,-21000,10,8570625.0,3,F1,2625,,,,,
2026-02-18,2026-02-18,FO,NSE,STO,78838,,BHEL,,2026-02-24,2026-02-24,292.5,PE,BHEL26FEB292.5PE,0.0,0.0,0.0,23.2,0.0,23.2,261.6,30.7,0,0,0,0.0,0,F1,2625,,,,,
2026-02-18,2026-02-18,FO,NSE,STO,78791,,BHEL,,2026-02-24,2026-02-24,252.5,PE,BHEL26FEB252.5PE,0.9,2.2,0.55,1.35,1.25,1.05,261.6,1.35,892500,-128625,651,433345237.5,401,F1,2625,,,,,
2026-02-18,2026-02-18,FO,NSE,STO,78682,,BHEL,,2026-02-24,2026-02-24,232.5,PE,BHEL26FEB232.5PE,0.15,0.2,0.15,0.2,0.2,0.2,261.6,0.2,73500,-10500,4,2442956.25,4,F1,2625,,,,,
2026-02-18,2026-02-18,FO,NSE,STO,78670,,BHEL,,2026-02-24,2026-02-24,217.5,PE,BHEL26FEB217.5PE,0.0,0.0,0.0,0.2,0.2,0.2,261.6,0.05,55125,0,0,0.0,0,F1,2625,,,,,
2026-02-18,2026-02-18,FO,NSE,STO,91809,,BHEL,,2026-04-28,2026-04-28,320.0,CE,BHEL26APR320CE,0.0,0.0,0.0,4.75,0.0,4.75,261.6,3.05,0,0,0,0.0,0,F1,2625,,,,,
2026-02-18,2026-02-18,FO,NSE,STO,91780,,BHEL,,2026-04-28,2026-04-28,285.0,CE,BHEL26APR285CE,0.0,0.0,0.0,10.95,0.0,10.95,261.6,9.7,0,0,0,0.0,0,F1,2625,,,,,
2026-02-18,2026-02-18,FO,NSE,STO,79058,,BHEL,,2026-03-30,2026-03-30,320.0,CE,BHEL26MAR320CE,1.0,1.1,0.75,0.75,0.75,1.05,261.6,0.75,682500,94500,123,103600350.0,82,F1,2625,,,,,
2026-02-18,2026-02-18,FO,NSE,STO,79007,,BHEL,,2026-03-30,2026-03-30,295.0,CE,BHEL26MAR295CE,2.5,2.5,2.15,2.3,2.15,2.75,261.6,2.3,65625,18375,19,14829018.75,15,F1,2625,,,,,
2026-02-18,2026-02-18,FO,NSE,STO,78930,,BHEL,,2026-03-30,2026-03-30,255.0,CE,BHEL26MAR255CE,17.35,17.5,16.5,16.5,16.5,16.2,261.6,17.55,173250,68250,38,27129506.25,35,F1,2625,,,,,
2026-02-18,2026-02-18,FO,NSE,STO,78926,,BHEL,,2026-03-30,2026-03-30,245.0,CE,BHEL26MAR245CE,0.0,0.0,0.0,24.15,24.15,24.15,261.6,23.85,13125,0,0,0.0,0,F1,2625,,,,,
2026-02-18,2026-02-18,FO,NSE,STO,78918,,BHEL,,2026-03-30,2026-03-30,235.0,CE,BHEL26MAR235CE,0.0,0.0,0.0,56.6,0.0,56.6,261.6,31.25,0,0,0,0.0,0,F1,2625,,,,,
2026-02-18,2026-02-18,FO,NSE,STO,91548,,BHEL,,2026-03-30,2026-03-30,232.5,CE,BHEL26MAR232.5CE,0.0,0.0,0.0,28.05,0.0,28.05,261.6,33.25,0,0,0,0.0,0,F1,2625,,,,,
2026-02-18,2026-02-18,FO,NSE,STO,80177,,BHEL,,2026-02-24,2026-02-24,315.0,CE,BHEL26FEB315CE,0.15,0.15,0.05,0.05,0.05,0.15,261.6,0.05,154875,-110250,55,45492431.25,22,F1,2625,,,,,
2026-02-18,2026-02-18,FO,NSE,STO,80166,,BHEL,,2026-02-24,2026-02-24,295.0,CE,BHEL26FEB295CE,0.35,0.4,0.15,0.2,0.2,0.35,261.6,0.2,748125,-141750,373,289091906.25,173,F1,2625,,,,,
2026-02-18,2026-02-18,FO,NSE,STO,78615,,BHEL,,2026-02-24,2026-02-24,212.5,CE,BHEL26FEB212.5CE,0.0,0.0,0.0,73.0,0.0,73.0,261.6,49.3,0,0,0,0.0,0,F1,2625,,,,,
2026-02-18,2026-02-18,FO,NSE,STF,51827,,BHEL,,2026-03-30,2026-03-30,,,BHEL26MARFUT,266.2,267.55,259.9,262.8,263.8,264.95,261.6,262.8,15324750,4163250,2956,2055452306.25,2582,F1,2625,,,,,
2026-02-18,2026-02-18,FO,NSE,STO,78919,,BHEL,,2026-03-30,2026-03-30,235.0,PE,BHEL26MAR235PE,2.1,2.85,1.1,2.3,2.45,1.85,261.6,2.3,183750,39375,44,27361556.25,36,F1,2625,,,,,
2026-02-18,2026-02-18,FO,NSE,STO,80184,,BHEL,,2026-02-24,2026-02-24,330.0,PE,BHEL26FEB330PE,0.0,0.0,0.0,69.25,69.25,69.25,261.6,68.1,78750,0,0,0.0,0,F1,2625,,,,,
2026-02-18,2026-02-18,FO,NSE,STO,80174,,BHEL,,2026-02-24,2026-02-24,305.0,PE,BHEL26FEB305PE,0.0,0.0,0.0,36.6,36.6,36.6,261.6,43.15,10500,0,0,0.0,0,F1,2625,,,,,
2026-02-18,2026-02-18,FO,NSE,STO,78842,,BHEL,,2026-02-24,2026-02-24,302.5,PE,BHEL26FEB302.5PE,0.0,0.0,0.0,47.15,47.15,47.15,261.6,40.65,7875,0,0,0.0,0,F1,2625,,,,,
2026-02-18,2026-02-18,FO,NSE,STO,78802,,BHEL,,2026-02-24,2026-02-24,257.5,PE,BHEL26FEB257.5PE,1.55,4.05,1.2,2.75,2.5,2.1,261.6,2.75,708750,-244125,1067,727256118.75,780,F1,2625,,,,,
2026-02-18,2026-02-18,FO,NSE,STO,80120,,BHEL,,2026-02-24,2026-02-24,250.0,PE,BHEL26FEB250PE,0.6,1.7,0.4,1.0,0.95,0.75,261.6,1.0,4462500,343875,4716,3105076012.5,1875,F1,2625,,,,,
2026-02-18,2026-02-18,FO,NSE,STO,78763,,BHEL,,2026-02-24,2026-02-24,247.5,PE,BHEL26FEB247.5PE,0.5,1.2,0.3,0.8,0.75,0.6,261.6,0.8,1097250,-26250,217,141301387.5,144,F1,2625,,,,,
2026-02-18,2026-02-18,FO,NSE,STO,80113,,BHEL,,2026-02-24,2026-02-24,235.0,PE,BHEL26FEB235PE,0.25,0.5,0.2,0.35,0.25,0.25,261.6,0.35,661500,68250,49,30267956.25,24,F1,2625,,,,,
2026-02-18,2026-02-18,FO,NSE,STO,41980,,BHEL,,2026-02-24,2026-02-24,205.0,PE,BHEL26FEB205PE,0.1,0.1,0.1,0.1,0.1,0.05,261.6,0.05,178500,2625,1,538387.5,1,F1,2625,,,,,
2026-02-18,2026-02-18,FO,NSE,STO,91788,,BHEL,,2026-04-28,2026-04-28,300.0,CE,BHEL26APR300CE,0.0,0.0,0.0,7.75,0.0,7.75,261.6,6.05,0,0,0,0.0,0,F1,2625,,,,,
2026-02-18,2026-02-18,FO,NSE,STO,91770,,BHEL,,2026-04-28,2026-04-28,260.0,CE,BHEL26APR260CE,0.0,0.0,0.0,18.9,0.0,18.9,261.6,19.5,0,0,0,0.0,0,F1,2625,,,,,
2026-02-18,2026-02-18,FO,NSE,STO,91622,,BHEL,,2026-03-30,2026-03-30,307.5,CE,BHEL26MAR307.5CE,0.0,0.0,0.0,3.6,0.0,3.6,261.6,1.95,0,0,0,0.0,0,F1,2625,,,,,
2026-02-18,2026-02-18,FO,NSE,STO,79051,,BHEL,,2026-03-30,2026-03-30,305.0,CE,BHEL26MAR305CE,0.0,0.0,0.0,17.3,0.0,17.3,261.6,2.2,0,0,0,0.0,0,F1,2625,,,,,
2026-02-18,2026-02-18,FO,NSE,STO,91584,,BHEL,,2026-03-30,2026-03-30,292.5,CE,BHEL26MAR292.5CE,0.0,0.0,0.0,3.25,3.25,3.25,261.6,4.0,2625,0,0,0.0,0,F1,2625,,,,,
2026-02-18,2026-02-18,FO,NSE,STO,91544,,BHEL,,2026-03-30,2026-03-30,222.5,CE,BHEL26MAR222.5CE,0.0,0.0,0.0,34.6,0.0,34.6,261.6,41.8,0,0,0,0.0,0,F1,2625,,,,,
2026-02-18,2026-02-18,FO,NSE,STO,80183,,BHEL,,2026-02-24,2026-02-24,330.0,CE,BHEL26FEB330CE,0.15,0.15,0.05,0.1,0.1,0.1,261.6,0.1,2661750,2625,6,5198681.25,4,F1,2625,,,,,
2026-02-18,2026-02-18,FO,NSE,STO,78825,,BHEL,,2026-02-24,2026-02-24,272.5,CE,BHEL26FEB272.5CE,2.15,2.35,0.95,1.2,1.05,1.8,261.6,1.2,1302000,341250,1985,1427867306.25,1059,F1,2625,,,,,
2026-02-18,2026-02-18,FO,NSE,STO,80125,,BHEL,,2026-02-24,2026-02-24,265.0,CE,BHEL26FEB265CE,4.75,5.0,2.15,2.8,2.8,3.9,261.6,2.8,7336875,2535750,9034,6370111912.5,6519,F1,2625,,,,,
2026-02-18,2026-02-18,FO,NSE,STO,78808,,BHEL,,2026-02-24,2026-02-24,262.5,CE,BHEL26FEB262.5CE,5.5,6.85,2.85,3.7,3.75,5.0,261.6,3.7,1393875,-15750,2183,1531014187.5,2024,F1,2625,,,,,
2026-02-18,2026-02-18,FO,NSE,STO,80110,,BHEL,,2026-02-24,2026-02-24,230.0,CE,BHEL26FEB230CE,0.0,0.0,0.0,35.0,35.0,35.0,261.6,31.8,49875,0,0,0.0,0,F1,2625,,,,,
2026-02-18,2026-02-18,FO,NSE,STO,91810,,BHEL,,2026-04-28,2026-04-28,320.0,PE,BHEL26APR320PE,0.0,0.0,0.0,72.15,0.0,72.15,261.6,58.1,0,0,0,0.0,0,F1,2625,,,,,
2026-02-18,2026-02-18,FO,NSE,STO,91806,,BHEL,,2026-04-28,2026-04-28,310.0,PE,BHEL26APR310PE,0.0,0.0,0.0,63.65,0.0,63.65,261.6,49.5,0,0,0,0.0,0,F1,2625,,,,,
2026-02-18,2026-02-18,FO,NSE,STO,91769,,BHEL,,2026-04-28,2026-04-28,255.0,PE,BHEL26APR255PE,0.0,0.0,0.0,24.35,0.0,24.35,261.6,12.9,0,0,0,0.0,0,F1,2625,,,,,
2026-02-18,2026-02-18,FO,NSE,STO,79002,,BHEL,,2026-03-30,2026-03-30,285.0,PE,BHEL26MAR285PE,0.0,0.0,0.0,23.3,0.0,23.3,261.6,27.3,0,0,0,0.0,0,F1,2625,,,,,
2026-02-18,2026-02-18,FO,NSE,STO,80179,,BHEL,,2026-02-24,2026-02-24,320.0,CE,BHEL26FEB320CE,0.15,0.15,0.05,0.1,0.1,0.1,261.6,0.05,651000,-68250,74,62178637.5,20,F1,2625,,,,,
2026-02-18,2026-02-18,FO,NSE,STO,91563,,BHEL,,2026-03-30,2026-03-30,267.5,CE,BHEL26MAR267.5CE,9.85,9.85,9.2,9.25,9.25,10.0,261.6,9.25,26250,5250,5,3634837.5,5,F1,2625,,,,,
2026-02-18,2026-02-18,FO,NSE,STO,79047,,BHEL,,2026-03-30,2026-03-30,300.0,CE,BHEL26MAR300CE,2.45,2.45,1.6,1.75,1.75,2.2,261.6,1.75,1659000,446250,408,323413125.0,277,F1,2625,,,,,
2026-02-18,2026-02-18,FO,NSE,STO,91768,,BHEL,,2026-04-28,2026-04-28,255.0,CE,BHEL26APR255CE,0.0,0.0,0.0,20.95,0.0,20.95,261.6,22.15,0,0,0,0.0,0,F1,2625,,,,,
2026-02-18,2026-02-18,FO,NSE,STO,91805,,BHEL,,2026-04-28,2026-04-28,310.0,CE,BHEL26APR310CE,0.0,0.0,0.0,6.1,0.0,6.1,261.6,4.3,0,0,0,0.0,0,F1,2625,,,,,
2026-02-18,2026-02-18,FO,NSE,STO,80096,,BHEL,,2026-02-24,2026-02-24,210.0,PE,BHEL26FEB210PE,0.05,0.1,0.05,0.1,0.1,0.1,261.6,0.1,963375,-68250,68,37498650.0,31,F1,2625,,,,,
2026-02-18,2026-02-18,FO,NSE,STO,80130,,BHEL,,2026-02-24,2026-02-24,270.0,PE,BHEL26FEB270PE,7.9,12.95,7.0,9.25,9.65,8.9,261.6,9.25,1790250,47250,616,449843493.75,572,F1,2625,,,,,
2026-02-18,2026-02-18,FO,NSE,STO,79000,,BHEL,,2026-03-30,2026-03-30,280.0,PE,BHEL26MAR280PE,19.75,21.05,18.45,19.7,21.05,19.0,261.6,19.7,112875,21000,16,12563643.75,15,F1,2625,,,,,
2026-02-18,2026-02-18,FO,NSE,STO,79052,,BHEL,,2026-03-30,2026-03-30,305.0,PE,BHEL26MAR305PE,0.0,0.0,0.0,35.0,0.0,35.0,261.6,43.75,0,0,0,0.0,0,F1,2625,,,,,
2026-02-18,2026-02-18,FO,NSE,STO,91759,,BHEL,,2026-04-28,2026-04-28,230.0,PE,BHEL26APR230PE,0.0,0.0,0.0,12.5,0.0,12.5,261.6,4.65,0,0,0,0.0,0,F1,2625,,,,,
2026-02-18,2026-02-18,FO,NSE,STO,80135,,BHEL,,2026-02-24,2026-02-24,280.0,CE,BHEL26FEB280CE,1.05,1.15,0.45,0.55,0.55,0.85,261.6,0.55,8318625,753375,4942,3641412337.5,1863,F1,2625,,,,,
2026-02-18,2026-02-18,FO,NSE,STO,78835,,BHEL,,2026-02-24,2026-02-24,287.5,CE,BHEL26FEB287.5CE,0.5,0.5,0.3,0.3,0.3,0.55,261.6,0.3,241500,-238875,240,181348256.25,107,F1,2625,,,,,
2026-02-18,2026-02-18,FO,NSE,STO,78839,,BHEL,,2026-02-24,2026-02-24,297.5,CE,BHEL26FEB297.5CE,0.35,0.35,0.15,0.15,0.15,0.3,261.6,0.15,162750,-2625,5,3907968.75,5,F1,2625,,,,,
2026-02-18,2026-02-18,FO,NSE,STO,91777,,BHEL,,2026-04-28,2026-04-28,275.0,PE,BHEL26APR275PE,0.0,0.0,0.0,36.8,0.0,36.8,261.6,23.55,0,0,0,0.0,0,F1,2625,,,,,
2026-02-18,2026-02-18,FO,NSE,STO,80114,,BHEL,,2026-02-24,2026-02-24,240.0,CE,BHEL26FEB240CE,24.55,24.65,21.9,22.9,21.9,23.9,261.6,22.9,244125,-10500,9,6230175.0,9,F1,2625,,,,,
2026-02-18,2026-02-18,FO,NSE,STO,91765,,BHEL,,2026-04-28,2026-04-28,245.0,PE,BHEL26APR245PE,0.0,0.0,0.0,19.1,0.0,19.1,261.6,8.95,0,0,0,0.0,0,F1,2625,,,,,
2026-02-18,2026-02-18,FO,NSE,STO,79048,,BHEL,,2026-03-30,2026-03-30,300.0,PE,BHEL26MAR300PE,35.7,37.0,35.5,35.75,37.0,36.5,261.6,35.75,128625,31500,14,12338287.5,6,F1,2625,,,,,
2026-02-18,2026-02-18,FO,NSE,STO,78831,,BHEL,,2026-02-24,2026-02-24,282.5,CE,BHEL26FEB282.5CE,0.85,0.9,0.4,0.45,0.45,0.7,261.6,0.45,514500,21000,161,119624137.5,115,F1,2625,,,,,
2026-02-18,2026-02-18,FO,NSE,STO,78841,,BHEL,,2026-02-24,2026-02-24,302.5,CE,BHEL26FEB302.5CE,0.25,0.25,0.1,0.15,0.15,0.3,261.6,0.15,241500,-15750,17,13506543.75,12,F1,2625,,,,,
2026-02-18,2026-02-18,FO,NSE,STO,78843,,BHEL,,2026-02-24,2026-02-24,307.5,CE,BHEL26FEB307.5CE,0.2,0.2,0.15,0.15,0.15,0.2,261.6,0.05,63000,10500,5,4038037.5,5,F1,2625,,,,,
2026-02-18,2026-02-18,FO,NSE,STO,91542,,BHEL,,2026-03-30,2026-03-30,217.5,CE,BHEL26MAR217.5CE,0.0,0.0,0.0,38.2,0.0,38.2,261.6,46.3,0,0,0,0.0,0,F1,2625,,,,,
2026-02-18,2026-02-18,FO,NSE,STO,78920,,BHEL,,2026-03-30,2026-03-30,240.0,CE,BHEL26MAR240CE,28.5,29.0,27.5,27.5,27.5,27.65,261.6,27.4,52500,28875,13,9135000.0,4,F1,2625,,,,,
2026-02-18,2026-02-18,FO,NSE,STO,78932,,BHEL,,2026-03-30,2026-03-30,260.0,CE,BHEL26MAR260CE,15.0,15.05,11.0,12.3,12.5,13.6,261.6,12.3,1160250,57750,164,117623887.5,132,F1,2625,,,,,
2026-02-18,2026-02-18,FO,NSE,STO,91561,,BHEL,,2026-03-30,2026-03-30,262.5,CE,BHEL26MAR262.5CE,12.35,13.2,10.5,11.15,11.3,12.9,261.6,11.15,94500,78750,52,37465443.75,36,F1,2625,,,,,
2026-02-18,2026-02-18,FO,NSE,STO,91754,,BHEL,,2026-04-28,2026-04-28,220.0,CE,BHEL26APR220CE,0.0,0.0,0.0,40.1,0.0,40.1,261.6,46.6,0,0,0,0.0,0,F1,2625,,,,,
2026-02-18,2026-02-18,FO,NSE,STO,91782,,BHEL,,2026-04-28,2026-04-28,290.0,CE,BHEL26APR290CE,0.0,0.0,0.0,9.8,0.0,9.8,261.6,8.3,0,0,0,0.0,0,F1,2625,,,,,
2026-02-18,2026-02-18,FO,NSE,STO,80100,,BHEL,,2026-02-24,2026-02-24,215.0,PE,BHEL26FEB215PE,0.1,0.1,0.1,0.1,0.1,0.1,261.6,0.1,131250,-78750,33,18633037.5,26,F1,2625,,,,,
2026-02-18,2026-02-18,FO,NSE,STO,78844,,BHEL,,2026-02-24,2026-02-24,307.5,PE,BHEL26FEB307.5PE,0.0,0.0,0.0,32.8,0.0,32.8,261.6,45.6,0,0,0,0.0,0,F1,2625,,,,,
2026-02-18,2026-02-18,FO,NSE,STO,80103,,BHEL,,2026-02-24,2026-02-24,220.0,PE,BHEL26FEB220PE,0.1,0.2,0.05,0.15,0.15,0.1,261.6,0.15,640500,42000,138,79733587.5,52,F1,2625,,,,,
2026-02-18,2026-02-18,FO,NSE,STO,80122,,BHEL,,2026-02-24,2026-02-24,255.0,PE,BHEL26FEB255PE,1.25,3.05,0.8,1.85,1.75,1.5,261.6,1.85,4263000,-433125,3688,2483789437.5,2101,F1,2625,,,,,
2026-02-18,2026-02-18,FO,NSE,STO,80165,,BHEL,,2026-02-24,2026-02-24,290.0,PE,BHEL26FEB290PE,26.7,28.6,26.65,26.95,28.6,26.65,261.6,26.95,157500,-97125,43,35759587.5,9,F1,2625,,,,,
2026-02-18,2026-02-18,FO,NSE,STO,91553,,BHEL,,2026-03-30,2026-03-30,242.5,PE,BHEL26MAR242.5PE,2.65,2.8,2.65,2.8,2.8,3.05,261.6,5.0,244125,-15750,14,9012150.0,12,F1,2625,,,,,
2026-02-18,2026-02-18,FO,NSE,STO,91585,,BHEL,,2026-03-30,2026-03-30,292.5,PE,BHEL26MAR292.5PE,0.0,0.0,0.0,47.5,0.0,47.5,261.6,33.15,0,0,0,0.0,0,F1,2625,,,,,
2026-02-18,2026-02-18,FO,NSE,STO,80109,,BHEL,,2026-02-24,2026-02-24,225.0,PE,BHEL26FEB225PE,0.1,0.25,0.1,0.2,0.2,0.1,261.6,0.2,343875,91875,81,47877506.25,29,F1,2625,,,,,
2026-02-18,2026-02-18,FO,NSE,STO,91756,,BHEL,,2026-04-28,2026-04-28,225.0,CE,BHEL26APR225CE,0.0,0.0,0.0,36.85,0.0,36.85,261.6,42.55,0,0,0,0.0,0,F1,2625,,,,,
2026-02-18,2026-02-18,FO,NSE,STO,78999,,BHEL,,2026-03-30,2026-03-30,280.0,CE,BHEL26MAR280CE,6.15,6.15,4.45,4.9,4.8,5.5,261.6,4.9,905625,136500,196,146801025.0,165,F1,2625,,,,,
2026-02-18,2026-02-18,FO,NSE,STO,91559,,BHEL,,2026-03-30,2026-03-30,257.5,CE,BHEL26MAR257.5CE,12.0,13.9,12.0,12.95,13.9,14.45,261.6,12.95,44625,0,2,1419862.5,2,F1,2625,,,,,
2026-02-18,2026-02-18,FO,NSE,STO,78909,,BHEL,,2026-03-30,2026-03-30,225.0,CE,BHEL26MAR225CE,0.0,0.0,0.0,64.7,0.0,64.7,261.6,39.55,0,0,0,0.0,0,F1,2625,,,,,
2026-02-18,2026-02-18,FO,NSE,STO,91773,,BHEL,,2026-04-28,2026-04-28,265.0,PE,BHEL26APR265PE,0.0,0.0,0.0,30.25,0.0,30.25,261.6,17.8,0,0,0,0.0,0,F1,2625,,,,,
2026-02-18,2026-02-18,FO,NSE,STO,91623,,BHEL,,2026-03-30,2026-03-30,307.5,PE,BHEL26MAR307.5PE,0.0,0.0,0.0,60.15,0.0,60.15,261.6,46.0,0,0,0,0.0,0,F1,2625,,,,,
2026-02-18,2026-02-18,FO,NSE,STO,91562,,BHEL,,2026-03-30,2026-03-30,262.5,PE,BHEL26MAR262.5PE,0.0,0.0,0.0,25.6,0.0,25.6,261.6,12.95,0,0,0,0.0,0,F1,2625,,,,,
2026-02-18,2026-02-18,FO,NSE,STO,91547,,BHEL,,2026-03-30,2026-03-30,227.5,PE,BHEL26MAR227.5PE,0.0,0.0,0.0,8.65,0.0,8.65,261.6,1.95,0,0,0,0.0,0,F1,2625,,,,,
2026-02-18,2026-02-18,FO,NSE,STO,78676,,BHEL,,2026-02-24,2026-02-24,227.5,CE,BHEL26FEB227.5CE,0.0,0.0,0.0,59.25,0.0,59.25,261.6,34.3,0,0,0,0.0,0,F1,2625,,,,,
2026-02-18,2026-02-18,FO,NSE,STO,80102,,BHEL,,2026-02-24,2026-02-24,220.0,CE,BHEL26FEB220CE,0.0,0.0,0.0,35.65,35.65,35.65,261.6,41.8,23625,0,0,0.0,0,F1,2625,,,,,
2026-02-18,2026-02-18,FO,NSE,STO,91789,,BHEL,,2026-04-28,2026-04-28,300.0,PE,BHEL26APR300PE,0.0,0.0,0.0,55.45,0.0,55.45,261.6,41.35,0,0,0,0.0,0,F1,2625,,,,,
2026-02-18,2026-02-18,FO,NSE,STO,91783,,BHEL,,2026-04-28,2026-04-28,290.0,PE,BHEL26APR290PE,0.0,0.0,0.0,47.65,0.0,47.65,261.6,33.7,0,0,0,0.0,0,F1,2625,,,,,
2026-02-18,2026-02-18,FO,NSE,STO,91771,,BHEL,,2026-04-28,2026-04-28,260.0,PE,BHEL26APR260PE,0.0,0.0,0.0,27.2,0.0,27.2,261.6,15.25,0,0,0,0.0,0,F1,2625,,,,,
2026-02-18,2026-02-18,FO,NSE,STO,91574,,BHEL,,2026-03-30,2026-03-30,287.5,PE,BHEL26MAR287.5PE,0.0,0.0,0.0,43.5,0.0,43.5,261.6,29.2,0,0,0,0.0,0,F1,2625,,,,,
2026-02-18,2026-02-18,FO,NSE,STO,78933,,BHEL,,2026-03-30,2026-03-30,260.0,PE,BHEL26MAR260PE,8.1,10.5,7.15,9.55,9.25,8.4,261.6,9.55,1136625,60375,167,117727181.25,144,F1,2625,,,,,
2026-02-18,2026-02-18,FO,NSE,STO,78917,,BHEL,,2026-03-30,2026-03-30,230.0,PE,BHEL26MAR230PE,1.4,2.15,1.2,1.9,1.8,1.45,261.6,1.9,532875,-49875,65,39497062.5,52,F1,2625,,,,,
2026-02-18,2026-02-18,FO,NSE,STO,78830,,BHEL,,2026-02-24,2026-02-24,277.5,PE,BHEL26FEB277.5PE,0.0,0.0,0.0,15.95,16.15,15.95,261.6,16.45,115500,0,0,0.0,0,F1,2625,,,,,
2026-02-18,2026-02-18,FO,NSE,STO,91778,,BHEL,,2026-04-28,2026-04-28,280.0,CE,BHEL26APR280CE,0.0,0.0,0.0,12.3,0.0,12.3,261.6,11.25,0,0,0,0.0,0,F1,2625,,,,,
2026-02-18,2026-02-18,FO,NSE,STO,78934,,BHEL,,2026-03-30,2026-03-30,265.0,CE,BHEL26MAR265CE,11.55,11.75,9.0,9.8,10.1,10.75,261.6,9.8,519750,91875,218,157899393.75,179,F1,2625,,,,,
2026-02-18,2026-02-18,FO,NSE,STO,91556,,BHEL,,2026-03-30,2026-03-30,252.5,CE,BHEL26MAR252.5CE,0.0,0.0,0.0,17.55,0.0,17.55,261.6,19.0,0,0,0,0.0,0,F1,2625,,,,,
2026-02-18,2026-02-18,FO,NSE,STO,80189,,BHEL,,2026-02-24,2026-02-24,345.0,CE,BHEL26FEB345CE,0.0,0.0,0.0,0.05,0.05,0.05,261.6,0.05,42000,0,0,0.0,0,F1,2625,,,,,
2026-02-18,2026-02-18,FO,NSE,STO,80171,,BHEL,,2026-02-24,2026-02-24,300.0,CE,BHEL26FEB300CE,0.3,0.3,0.15,0.15,0.15,0.3,261.6,0.15,6977250,-826875,2137,1684027143.75,507,F1,2625,,,,,
2026-02-18,2026-02-18,FO,NSE,STO,78829,,BHEL,,2026-02-24,2026-02-24,277.5,CE,BHEL26FEB277.5CE,1.35,1.35,0.55,0.7,0.55,1.05,261.6,0.7,1357125,-13125,508,371134575.0,278,F1,2625,,,,,
2026-02-18,2026-02-18,FO,NSE,STO,78801,,BHEL,,2026-02-24,2026-02-24,257.5,CE,BHEL26FEB257.5CE,8.9,9.45,4.85,6.0,6.0,7.95,261.6,6.0,737625,-265125,561,390127368.75,517,F1,2625,,,,,
2026-02-18,2026-02-18,FO,NSE,STO,78717,,BHEL,,2026-02-24,2026-02-24,242.5,CE,BHEL26FEB242.5CE,0.0,0.0,0.0,15.65,15.2,15.65,261.6,19.65,160125,0,0,0.0,0,F1,2625,,,,,
2026-02-18,2026-02-18,FO,NSE,STO,80119,,BHEL,,2026-02-24,2026-02-24,250.0,CE,BHEL26FEB250CE,15.15,16.0,9.8,12.35,12.0,14.2,261.6,12.35,1181250,-78750,177,122823487.5,144,F1,2625,,,,,
2026-02-18,2026-02-18,FO,NSE,STO,80121,,BHEL,,2026-02-24,2026-02-24,255.0,CE,BHEL26FEB255CE,10.9,11.4,6.3,7.55,8.0,9.85,261.6,7.55,1239000,-115500,285,197191706.25,247,F1,2625,,,,,
2026-02-18,2026-02-18,FO,NSE,STO,80123,,BHEL,,2026-02-24,2026-02-24,260.0,CE,BHEL26FEB260CE,7.25,7.7,3.7,4.6,5.0,6.4,261.6,4.6,4433625,-462000,2967,2069714062.5,2483,F1,2625,,,,,
2026-02-18,2026-02-18,FO,NSE,STO,80139,,BHEL,,2026-02-24,2026-02-24,285.0,CE,BHEL26FEB285CE,0.75,0.75,0.3,0.4,0.4,0.65,261.6,0.4,2772000,-70875,965,723187631.25,540,F1,2625,,,,,
2026-02-18,2026-02-18,FO,NSE,STO,91569,,BHEL,,2026-03-30,2026-03-30,282.5,CE,BHEL26MAR282.5CE,4.9,4.9,4.05,4.2,4.15,4.7,261.6,4.2,257250,0,8,6024375.0,7,F1,2625,,,,,
2026-02-18,2026-02-18,FO,NSE,STO,91764,,BHEL,,2026-04-28,2026-04-28,245.0,CE,BHEL26APR245CE,0.0,0.0,0.0,25.55,0.0,25.55,261.6,28.05,0,0,0,0.0,0,F1,2625,,,,,
2026-02-18,2026-02-18,FO,NSE,STO,78813,,BHEL,,2026-02-24,2026-02-24,262.5,PE,BHEL26FEB262.5PE,3.35,7.05,2.75,4.45,4.85,4.05,261.6,4.45,939750,-178500,2348,1640194500.0,1860,F1,2625,,,,,
2026-02-18,2026-02-18,FO,NSE,STO,80126,,BHEL,,2026-02-24,2026-02-24,265.0,PE,BHEL26FEB265PE,4.7,8.85,3.9,6.45,6.35,5.5,261.6,6.45,1386000,233625,2017,1429826212.5,1749,F1,2625,,,,,
2026-02-18,2026-02-18,FO,NSE,STO,78826,,BHEL,,2026-02-24,2026-02-24,272.5,PE,BHEL26FEB272.5PE,9.95,14.75,8.95,11.85,14.75,10.85,261.6,11.85,231000,-26250,111,82357931.25,106,F1,2625,,,,,
2026-02-18,2026-02-18,FO,NSE,STO,80176,,BHEL,,2026-02-24,2026-02-24,310.0,PE,BHEL26FEB310PE,0.0,0.0,0.0,46.7,46.7,46.7,261.6,48.1,94500,0,0,0.0,0,F1,2625,,,,,
2026-02-18,2026-02-18,FO,NSE,STO,80182,,BHEL,,2026-02-24,2026-02-24,325.0,PE,BHEL26FEB325PE,0.0,0.0,0.0,59.9,59.9,59.9,261.6,63.1,10500,0,0,0.0,0,F1,2625,,,,,
2026-02-18,2026-02-18,FO,NSE,STO,78903,,BHEL,,2026-03-30,2026-03-30,210.0,PE,BHEL26MAR210PE,0.5,0.8,0.5,0.65,0.8,0.9,261.6,0.65,15750,7875,7,3869906.25,7,F1,2625,,,,,
2026-02-18,2026-02-18,FO,NSE,STO,78927,,BHEL,,2026-03-30,2026-03-30,245.0,PE,BHEL26MAR245PE,3.3,4.1,3.05,3.55,4.1,3.55,261.6,3.55,1362375,2625,48,31294331.25,41,F1,2625,,,,,
2026-02-18,2026-02-18,FO,NSE,STO,91564,,BHEL,,2026-03-30,2026-03-30,267.5,PE,BHEL26MAR267.5PE,0.0,0.0,0.0,28.85,0.0,28.85,261.6,15.65,0,0,0,0.0,0,F1,2625,,,,,
2026-02-18,2026-02-18,FO,NSE,STO,91587,,BHEL,,2026-03-30,2026-03-30,297.5,PE,BHEL26MAR297.5PE,0.0,0.0,0.0,51.6,0.0,51.6,261.6,37.3,0,0,0,0.0,0,F1,2625,,,,,
2026-02-18,2026-02-18,FO,NSE,STO,91774,,BHEL,,2026-04-28,2026-04-28,270.0,CE,BHEL26APR270CE,0.0,0.0,0.0,13.9,13.9,13.9,261.6,14.95,15750,0,0,0.0,0,F1,2625,,,,,
2026-02-18,2026-02-18,FO,NSE,STO,79005,,BHEL,,2026-03-30,2026-03-30,290.0,PE,BHEL26MAR290PE,27.25,27.6,26.95,27.25,27.6,28.0,261.6,27.25,367500,131250,50,41629743.75,18,F1,2625,,,,,
2026-02-18,2026-02-18,FO,NSE,STO,91550,,BHEL,,2026-03-30,2026-03-30,237.5,CE,BHEL26MAR237.5CE,0.0,0.0,0.0,25.1,0.0,25.1,261.6,29.3,0,0,0,0.0,0,F1,2625,,,,,
2026-02-18,2026-02-18,FO,NSE,STO,78684,,BHEL,,2026-02-24,2026-02-24,237.5,CE,BHEL26FEB237.5CE,0.0,0.0,0.0,24.7,24.7,24.7,261.6,24.45,89250,0,0,0.0,0,F1,2625,,,,,
2026-02-18,2026-02-18,FO,NSE,STO,80108,,BHEL,,2026-02-24,2026-02-24,225.0,CE,BHEL26FEB225CE,0.0,0.0,0.0,34.0,34.0,34.0,261.6,36.8,2625,0,0,0.0,0,F1,2625,,,,,
2026-02-18,2026-02-18,FO,NSE,STO,80099,,BHEL,,2026-02-24,2026-02-24,215.0,CE,BHEL26FEB215CE,0.0,0.0,0.0,73.75,0.0,73.75,261.6,46.8,0,0,0,0.0,0,F1,2625,,,,,
2026-02-18,2026-02-18,FO,NSE,STO,91767,,BHEL,,2026-04-28,2026-04-28,250.0,PE,BHEL26APR250PE,8.5,8.5,8.5,8.5,8.5,21.6,261.6,8.5,2625,2625,1,678562.5,1,F1,2625,,,,,
2026-02-18,2026-02-18,FO,NSE,STO,91760,,BHEL,,2026-04-28,2026-04-28,235.0,CE,BHEL26APR235CE,0.0,0.0,0.0,30.8,0.0,30.8,261.6,34.9,0,0,0,0.0,0,F1,2625,,,,,
2026-02-18,2026-02-18,FO,NSE,STO,78616,,BHEL,,2026-02-24,2026-02-24,212.5,PE,BHEL26FEB212.5PE,0.0,0.0,0.0,0.2,0.2,0.2,261.6,0.05,7875,0,0,0.0,0,F1,2625,,,,,
2026-02-18,2026-02-18,FO,NSE,STO,78904,,BHEL,,2026-03-30,2026-03-30,215.0,CE,BHEL26MAR215CE,0.0,0.0,0.0,73.25,0.0,73.25,261.6,48.6,0,0,0,0.0,0,F1,2625,,,,,
2026-02-18,2026-02-18,FO,NSE,STO,80175,,BHEL,,2026-02-24,2026-02-24,310.0,CE,BHEL26FEB310CE,0.2,0.2,0.1,0.1,0.1,0.2,261.6,0.1,1000125,-393750,431,350856187.5,120,F1,2625,,,,,
2026-02-18,2026-02-18,FO,NSE,STO,78762,,BHEL,,2026-02-24,2026-02-24,247.5,CE,BHEL26FEB247.5CE,17.4,17.95,14.7,14.95,14.7,16.25,261.6,14.95,383250,26250,54,37477518.75,54,F1,2625,,,,,
2026-02-18,2026-02-18,FO,NSE,STO,80112,,BHEL,,2026-02-24,2026-02-24,235.0,CE,BHEL26FEB235CE,0.0,0.0,0.0,28.05,28.05,28.05,261.6,26.85,84000,0,0,0.0,0,F1,2625,,,,,
2026-02-18,2026-02-18,FO,NSE,STF,59267,,BHEL,,2026-02-24,2026-02-24,,,BHEL26FEBFUT,265.25,265.9,258.15,261.25,261.5,263.45,261.6,261.25,110116125,-3606750,8651,5972045887.5,6928,F1,2625,,,,,
2026-02-18,2026-02-18,FO,NSE,STO,80111,,BHEL,,2026-02-24,2026-02-24,230.0,PE,BHEL26FEB230PE,0.15,0.35,0.15,0.25,0.2,0.2,261.6,0.25,2325750,349125,330,199410618.75,133,F1,2625,,,,,
2026-02-18,2026-02-18,FO,NSE,STO,91551,,BHEL,,2026-03-30,2026-03-30,237.5,PE,BHEL26MAR237.5PE,2.05,2.5,1.9,2.2,2.5,2.25,261.6,2.2,102375,84000,38,23889731.25,38,F1,2625,,,,,
2026-02-18,2026-02-18,FO,NSE,STO,91545,,BHEL,,2026-03-30,2026-03-30,222.5,PE,BHEL26MAR222.5PE,0.0,0.0,0.0,7.1,0.0,7.1,261.6,1.35,0,0,0,0.0,0,F1,2625,,,,,
2026-02-18,2026-02-18,FO,NSE,STO,78699,,BHEL,,2026-02-24,2026-02-24,237.5,PE,BHEL26FEB237.5PE,0.15,0.3,0.15,0.3,0.3,0.25,261.6,0.3,215250,-5250,23,14351662.5,9,F1,2625,,,,,
2026-02-18,2026-02-18,FO,NSE,STO,78995,,BHEL,,2026-03-30,2026-03-30,275.0,CE,BHEL26MAR275CE,7.55,7.65,5.3,6.0,6.1,7.0,261.6,6.0,506625,157500,200,147972693.75,174,F1,2625,,,,,
2026-02-18,2026-02-18,FO,NSE,STO,79001,,BHEL,,2026-03-30,2026-03-30,285.0,CE,BHEL26MAR285CE,4.55,4.6,3.7,3.9,3.75,4.0,261.6,3.9,94500,55125,38,28834968.75,30,F1,2625,,,,,
2026-02-18,2026-02-18,FO,NSE,STO,91776,,BHEL,,2026-04-28,2026-04-28,275.0,CE,BHEL26APR275CE,0.0,0.0,0.0,13.7,0.0,13.7,261.6,13.0,0,0,0,0.0,0,F1,2625,,,,,
2026-02-18,2026-02-18,FO,NSE,STO,78675,,BHEL,,2026-02-24,2026-02-24,222.5,PE,BHEL26FEB222.5PE,0.1,0.15,0.1,0.15,0.15,0.1,261.6,0.15,63000,0,6,3506343.75,2,F1,2625,,,,,
2026-02-18,2026-02-18,FO,NSE,STO,80115,,BHEL,,2026-02-24,2026-02-24,240.0,PE,BHEL26FEB240PE,0.3,0.65,0.2,0.45,0.35,0.35,261.6,0.45,1580250,301875,661,417073912.5,293,F1,2625,,,,,
2026-02-18,2026-02-18,FO,NSE,STO,91586,,BHEL,,2026-03-30,2026-03-30,297.5,CE,BHEL26MAR297.5CE,0.0,0.0,0.0,2.6,2.6,2.6,261.6,3.15,13125,0,0,0.0,0,F1,2625,,,,,
2026-02-18,2026-02-18,FO,NSE,STO,91549,,BHEL,,2026-03-30,2026-03-30,232.5,PE,BHEL26MAR232.5PE,0.0,0.0,0.0,10.45,0.0,10.45,261.6,2.75,0,0,0,0.0,0,F1,2625,,,,,
2026-02-18,2026-02-18,FO,NSE,STO,91781,,BHEL,,2026-04-28,2026-04-28,285.0,PE,BHEL26APR285PE,0.0,0.0,0.0,43.9,0.0,43.9,261.6,30.15,0,0,0,0.0,0,F1,2625,,,,,
2026-02-18,2026-02-18,FO,NSE,STO,91779,,BHEL,,2026-04-28,2026-04-28,280.0,PE,BHEL26APR280PE,0.0,0.0,0.0,40.3,0.0,40.3,261.6,26.75,0,0,0,0.0,0,F1,2625,,,,,
2026-02-18,2026-02-18,FO,NSE,STO,91753,,BHEL,,2026-04-28,2026-04-28,215.0,PE,BHEL26APR215PE,0.0,0.0,0.0,7.55,0.0,7.55,261.6,2.05,0,0,0,0.0,0,F1,2625,,,,,
2026-02-18,2026-02-18,FO,NSE,STO,91568,,BHEL,,2026-03-30,2026-03-30,277.5,PE,BHEL26MAR277.5PE,0.0,0.0,0.0,35.85,0.0,35.85,261.6,21.9,0,0,0,0.0,0,F1,2625,,,,,
2026-02-18,2026-02-18,FO,NSE,STO,91573,,BHEL,,2026-03-30,2026-03-30,287.5,CE,BHEL26MAR287.5CE,4.1,4.1,3.35,3.35,3.35,6.7,261.6,3.35,2625,2625,2,1528931.25,2,F1,2625,,,,,
2026-02-18,2026-02-18,FO,NSE,STO,91554,,BHEL,,2026-03-30,2026-03-30,247.5,CE,BHEL26MAR247.5CE,0.0,0.0,0.0,19.85,0.0,19.85,261.6,22.15,0,0,0,0.0,0,F1,2625,,,,,
2026-02-18,2026-02-18,FO,NSE,STO,80124,,BHEL,,2026-02-24,2026-02-24,260.0,PE,BHEL26FEB260PE,2.15,5.6,1.85,3.95,3.5,2.9,261.6,3.95,4601625,895125,7349,5077308206.25,4358,F1,2625,,,,,
2026-02-18,2026-02-18,FO,NSE,STO,91588,,BHEL,,2026-03-30,2026-03-30,302.5,CE,BHEL26MAR302.5CE,0.0,0.0,0.0,4.2,0.0,4.2,261.6,2.5,0,0,0,0.0,0,F1,2625,,,,,
2026-02-18,2026-02-18,FO,NSE,STO,91746,,BHEL,,2026-04-28,2026-04-28,210.0,CE,BHEL26APR210CE,0.0,0.0,0.0,47.2,0.0,47.2,261.6,55.3,0,0,0,0.0,0,F1,2625,,,,,
2026-02-18,2026-02-18,FO,NSE,STO,91758,,BHEL,,2026-04-28,2026-04-28,230.0,CE,BHEL26APR230CE,0.0,0.0,0.0,33.75,0.0,33.75,261.6,38.6,0,0,0,0.0,0,F1,2625,,,,,
2026-02-18,2026-02-18,FO,NSE,STO,78907,,BHEL,,2026-03-30,2026-03-30,220.0,CE,BHEL26MAR220CE,46.7,46.7,46.7,46.7,46.7,44.6,261.6,44.0,39375,5250,2,1400175.0,1,F1,2625,,,,,
2026-02-18,2026-02-18,FO,NSE,STO,78671,,BHEL,,2026-02-24,2026-02-24,222.5,CE,BHEL26FEB222.5CE,0.0,0.0,0.0,63.75,0.0,63.75,261.6,39.3,0,0,0,0.0,0,F1,2625,,,,,
2026-02-18,2026-02-18,FO,NSE,STO,78916,,BHEL,,2026-03-30,2026-03-30,230.0,CE,BHEL26MAR230CE,0.0,0.0,0.0,32.55,32.55,32.55,261.6,35.3,2625,0,0,0.0,0,F1,2625,,,,,
2026-02-18,2026-02-18,FO,NSE,STO,80138,,BHEL,,2026-02-24,2026-02-24,280.0,PE,BHEL26FEB280PE,16.6,21.75,15.5,19.0,20.15,17.35,261.6,19.0,874125,-44625,112,87278231.25,101,F1,2625,,,,,
2026-02-18,2026-02-18,FO,NSE,STO,78678,,BHEL,,2026-02-24,2026-02-24,227.5,PE,BHEL26FEB227.5PE,0.0,0.0,0.0,0.5,0.5,0.5,261.6,0.05,63000,0,0,0.0,0,F1,2625,,,,,
2026-02-18,2026-02-18,FO,NSE,STO,91790,,BHEL,,2026-04-28,2026-04-28,305.0,CE,BHEL26APR305CE,0.0,0.0,0.0,6.85,0.0,6.85,261.6,5.1,0,0,0,0.0,0,F1,2625,,,,,
2026-02-18,2026-02-18,FO,NSE,STO,91766,,BHEL,,2026-04-28,2026-04-28,250.0,CE,BHEL26APR250CE,0.0,0.0,0.0,23.15,0.0,23.15,261.6,25.0,0,0,0,0.0,0,F1,2625,,,,,
2026-02-18,2026-02-18,FO,NSE,STO,91749,,BHEL,,2026-04-28,2026-04-28,215.0,CE,BHEL26APR215CE,0.0,0.0,0.0,43.55,0.0,43.55,261.6,50.9,0,0,0,0.0,0,F1,2625,,,,,
2026-02-18,2026-02-18,FO,NSE,STO,79056,,BHEL,,2026-03-30,2026-03-30,315.0,CE,BHEL26MAR315CE,0.0,0.0,0.0,14.1,0.0,14.1,261.6,1.3,0,0,0,0.0,0,F1,2625,,,,,
2026-02-18,2026-02-18,FO,NSE,STO,79054,,BHEL,,2026-03-30,2026-03-30,310.0,CE,BHEL26MAR310CE,1.45,1.45,1.1,1.2,1.1,15.65,261.6,1.2,102375,102375,70,57196518.75,52,F1,2625,,,,,
2026-02-18,2026-02-18,FO,NSE,STO,91565,,BHEL,,2026-03-30,2026-03-30,272.5,CE,BHEL26MAR272.5CE,0.0,0.0,0.0,7.75,7.75,7.75,261.6,9.4,7875,0,0,0.0,0,F1,2625,,,,,
2026-02-18,2026-02-18,FO,NSE,STO,78936,,BHEL,,2026-03-30,2026-03-30,270.0,CE,BHEL26MAR270CE,9.35,9.5,7.0,7.85,7.9,8.75,261.6,7.85,976500,267750,279,204061725.0,240,F1,2625,,,,,
2026-02-18,2026-02-18,FO,NSE,STO,91540,,BHEL,,2026-03-30,2026-03-30,212.5,CE,BHEL26MAR212.5CE,0.0,0.0,0.0,41.95,0.0,41.95,261.6,50.95,0,0,0,0.0,0,F1,2625,,,,,
2026-02-18,2026-02-18,FO,NSE,STO,78902,,BHEL,,2026-03-30,2026-03-30,210.0,CE,BHEL26MAR210CE,0.0,0.0,0.0,77.65,0.0,77.65,261.6,53.3,0,0,0,0.0,0,F1,2625,,,,,
2026-02-18,2026-02-18,FO,NSE,STO,80141,,BHEL,,2026-02-24,2026-02-24,290.0,CE,BHEL26FEB290CE,0.5,0.6,0.2,0.25,0.25,0.45,261.6,0.25,3373125,-244125,1709,1302579600.0,639,F1,2625,,,,,
2026-02-18,2026-02-18,FO,NSE,STO,80131,,BHEL,,2026-02-24,2026-02-24,275.0,CE,BHEL26FEB275CE,1.8,1.8,0.7,0.85,0.9,1.35,261.6,0.85,4373250,-312375,3029,2195467181.25,1640,F1,2625,,,,,
2026-02-18,2026-02-18,FO,NSE,STO,145572,,OBEROIRLTY,,2026-02-24,2026-02-24,1460.0,PE,OBEROIRLTY26FEB1460PE,2.0,2.35,1.3,1.45,1.5,2.35,1541.35,1.45,66500,-7350,41,20978877.5,41,F1,350,,,,,
2026-02-18,2026-02-18,FO,NSE,STO,123018,,OBEROIRLTY,,2026-02-24,2026-02-24,1640.0,PE,OBEROIRLTY26FEB1640PE,0.0,0.0,0.0,74.35,74.35,74.35,1541.35,98.75,2800,0,0,0.0,0,F1,350,,,,,
2026-02-18,2026-02-18,FO,NSE,STO,123030,,OBEROIRLTY,,2026-02-24,2026-02-24,1760.0,PE,OBEROIRLTY26FEB1760PE,0.0,0.0,0.0,274.2,274.2,274.2,1541.35,217.05,1050,0,0,0.0,0,F1,350,,,,,
2026-02-18,2026-02-18,FO,NSE,STO,145730,,OBEROIRLTY,,2026-03-30,2026-03-30,1320.0,PE,OBEROIRLTY26MAR1320PE,0.0,0.0,0.0,18.8,18.8,18.8,1541.35,3.4,700,0,0,0.0,0,F1,350,,,,,
2026-02-18,2026-02-18,FO,NSE,STO,146644,,OBEROIRLTY,,2026-03-30,2026-03-30,1420.0,PE,OBEROIRLTY26MAR1420PE,17.9,18.8,17.9,18.05,18.05,19.05,1541.35,15.85,3850,-350,6,3020150.0,5,F1,350,,,,,
2026-02-18,2026-02-18,FO,NSE,STO,146646,,OBEROIRLTY,,2026-03-30,2026-03-30,1460.0,PE,OBEROIRLTY26MAR1460PE,0.0,0.0,0.0,23.0,23.0,23.0,1541.35,25.7,1750,0,0,0.0,0,F1,350,,,,,
2026-02-18,2026-02-18,FO,NSE,STO,145569,,OBEROIRLTY,,2026-02-24,2026-02-24,1420.0,CE,OBEROIRLTY26FEB1420CE,0.0,0.0,0.0,159.8,159.8,159.8,1541.35,123.0,16800,0,0,0.0,0,F1,350,,,,,
2026-02-18,2026-02-18,FO,NSE,STO,146776,,OBEROIRLTY,,2026-04-28,2026-04-28,1560.0,PE,OBEROIRLTY26APR1560PE,0.0,0.0,0.0,148.6,0.0,148.6,1541.35,83.0,0,0,0,0.0,0,F1,350,,,,,
2026-02-18,2026-02-18,FO,NSE,STF,51994,,OBEROIRLTY,,2026-03-30,2026-03-30,,,OBEROIRLTY26MARFUT,1553.1,1558.4,1532.2,1544.7,1541.8,1552.2,1541.35,1544.7,394450,142450,868,468368845.0,785,F1,350,,,,,
2026-02-18,2026-02-18,FO,NSE,STO,145592,,OBEROIRLTY,,2026-02-24,2026-02-24,1860.0,PE,OBEROIRLTY26FEB1860PE,0.0,0.0,0.0,300.3,300.3,300.3,1541.35,316.95,0,0,0,0.0,0,F1,350,,,,,
2026-02-18,2026-02-18,FO,NSE,STO,145734,,OBEROIRLTY,,2026-03-30,2026-03-30,1400.0,PE,OBEROIRLTY26MAR1400PE,15.0,15.0,15.0,15.0,15.0,13.1,1541.35,12.1,2450,0,1,495250.0,1,F1,350,,,,,
2026-02-18,2026-02-18,FO,NSE,STO,145740,,OBEROIRLTY,,2026-03-30,2026-03-30,1520.0,PE,OBEROIRLTY26MAR1520PE,49.7,50.0,49.7,50.0,50.0,53.65,1541.35,47.55,1050,0,5,2747167.5,5,F1,350,,,,,
2026-02-18,2026-02-18,FO,NSE,STO,146746,,OBEROIRLTY,,2026-04-28,2026-04-28,1440.0,PE,OBEROIRLTY26APR1440PE,0.0,0.0,0.0,83.65,0.0,83.65,1541.35,33.75,0,0,0,0.0,0,F1,350,,,,,
2026-02-18,2026-02-18,FO,NSE,STO,146778,,OBEROIRLTY,,2026-04-28,2026-04-28,1600.0,PE,OBEROIRLTY26APR1600PE,0.0,0.0,0.0,174.5,0.0,174.5,1541.35,105.55,0,0,0,0.0,0,F1,350,,,,,
2026-02-18,2026-02-18,FO,NSE,STO,146801,,OBEROIRLTY,,2026-04-28,2026-04-28,1640.0,PE,OBEROIRLTY26APR1640PE,0.0,0.0,0.0,202.3,0.0,202.3,1541.35,130.9,0,0,0,0.0,0,F1,350,,,,,
2026-02-18,2026-02-18,FO,NSE,STO,146638,,OBEROIRLTY,,2026-03-30,2026-03-30,1300.0,PE,OBEROIRLTY26MAR1300PE,5.25,5.25,5.0,5.0,5.0,5.3,1541.35,2.35,5950,700,2,913587.5,2,F1,350,,,,,
2026-02-18,2026-02-18,FO,NSE,STO,122992,,OBEROIRLTY,,2026-02-24,2026-02-24,1240.0,CE,OBEROIRLTY26FEB1240CE,293.7,301.95,293.7,301.95,301.95,329.5,1541.35,301.95,2100,0,6,3229432.5,2,F1,350,,,,,
2026-02-18,2026-02-18,FO,NSE,STO,145571,,OBEROIRLTY,,2026-02-24,2026-02-24,1460.0,CE,OBEROIRLTY26FEB1460CE,74.55,92.5,74.55,86.8,82.05,95.6,1541.35,86.8,105000,-4200,15,8082777.5,15,F1,350,,,,,
2026-02-18,2026-02-18,FO,NSE,STO,123015,,OBEROIRLTY,,2026-02-24,2026-02-24,1600.0,CE,OBEROIRLTY26FEB1600CE,6.95,8.35,2.65,4.0,3.3,7.75,1541.35,4.0,296100,-40950,1123,630423395.0,636,F1,350,,,,,
2026-02-18,2026-02-18,FO,NSE,STO,146643,,OBEROIRLTY,,2026-03-30,2026-03-30,1420.0,CE,OBEROIRLTY26MAR1420CE,0.0,0.0,0.0,123.1,123.1,123.1,1541.35,145.7,0,0,0,0.0,0,F1,350,,,,,
2026-02-18,2026-02-18,FO,NSE,STO,146647,,OBEROIRLTY,,2026-03-30,2026-03-30,1500.0,CE,OBEROIRLTY26MAR1500CE,88.8,92.75,79.95,79.95,79.95,93.45,1541.35,89.65,19950,-350,13,7210875.0,10,F1,350,,,,,
2026-02-18,2026-02-18,FO,NSE,STO,145741,,OBEROIRLTY,,2026-03-30,2026-03-30,1560.0,CE,OBEROIRLTY26MAR1560CE,57.5,57.5,55.9,55.9,55.9,61.0,1541.35,55.9,7700,350,3,1697815.0,3,F1,350,,,,,
2026-02-18,2026-02-18,FO,NSE,STO,146750,,OBEROIRLTY,,2026-04-28,2026-04-28,1480.0,CE,OBEROIRLTY26APR1480CE,0.0,0.0,0.0,113.3,0.0,113.3,1541.35,123.75,0,0,0,0.0,0,F1,350,,,,,
2026-02-18,2026-02-18,FO,NSE,STO,146775,,OBEROIRLTY,,2026-04-28,2026-04-28,1560.0,CE,OBEROIRLTY26APR1560CE,0.0,0.0,0.0,80.05,0.0,80.05,1541.35,80.5,0,0,0,0.0,0,F1,350,,,,,
2026-02-18,2026-02-18,FO,NSE,STO,146804,,OBEROIRLTY,,2026-04-28,2026-04-28,1720.0,CE,OBEROIRLTY26APR1720CE,0.0,0.0,0.0,36.9,0.0,36.9,1541.35,28.35,0,0,0,0.0,0,F1,350,,,,,
2026-02-18,2026-02-18,FO,NSE,STO,122995,,OBEROIRLTY,,2026-02-24,2026-02-24,1280.0,PE,OBEROIRLTY26FEB1280PE,0.0,0.0,0.0,1.0,1.0,1.0,1541.35,0.05,350,0,0,0.0,0,F1,350,,,,,
2026-02-18,2026-02-18,FO,NSE,STO,146649,,OBEROIRLTY,,2026-03-30,2026-03-30,1540.0,CE,OBEROIRLTY26MAR1540CE,89.45,89.45,58.55,63.0,63.0,69.0,1541.35,63.0,4200,2800,20,11239900.0,19,F1,350,,,,,
2026-02-18,2026-02-18,FO,NSE,STO,146777,,OBEROIRLTY,,2026-04-28,2026-04-28,1600.0,CE,OBEROIRLTY26APR1600CE,0.0,0.0,0.0,66.6,0.0,66.6,1541.35,63.45,0,0,0,0.0,0,F1,350,,,,,
2026-02-18,2026-02-18,FO,NSE,STO,122993,,OBEROIRLTY,,2026-02-24,2026-02-24,1240.0,PE,OBEROIRLTY26FEB1240PE,0.0,0.0,0.0,0.3,0.3,0.3,1541.35,0.05,3500,0,0,0.0,0,F1,350,,,,,
2026-02-18,2026-02-18,FO,NSE,STO,123013,,OBEROIRLTY,,2026-02-24,2026-02-24,1560.0,PE,OBEROIRLTY26FEB1560PE,26.4,37.9,23.8,25.6,29.25,27.8,1541.35,25.6,75250,-17850,132,73539620.0,81,F1,350,,,,,
2026-02-18,2026-02-18,FO,NSE,STO,145590,,OBEROIRLTY,,2026-02-24,2026-02-24,1820.0,PE,OBEROIRLTY26FEB1820PE,0.0,0.0,0.0,373.95,373.95,373.95,1541.35,277.0,350,0,0,0.0,0,F1,350,,,,,
2026-02-18,2026-02-18,FO,NSE,STO,146773,,OBEROIRLTY,,2026-04-28,2026-04-28,1520.0,CE,OBEROIRLTY26APR1520CE,0.0,0.0,0.0,95.6,0.0,95.6,1541.35,100.55,0,0,0,0.0,0,F1,350,,,,,
2026-02-18,2026-02-18,FO,NSE,STO,122990,,OBEROIRLTY,,2026-02-24,2026-02-24,1200.0,CE,OBEROIRLTY26FEB1200CE,338.7,350.5,338.7,343.45,350.5,354.65,1541.35,343.45,1400,-350,5,2700985.0,2,F1,350,,,,,
2026-02-18,2026-02-18,FO,NSE,STO,145579,,OBEROIRLTY,,2026-02-24,2026-02-24,1620.0,CE,OBEROIRLTY26FEB1620CE,3.65,4.2,1.5,1.7,1.7,4.4,1541.35,1.7,39200,350,110,62452582.5,103,F1,350,,,,,
2026-02-18,2026-02-18,FO,NSE,STO,145729,,OBEROIRLTY,,2026-03-30,2026-03-30,1320.0,CE,OBEROIRLTY26MAR1320CE,0.0,0.0,0.0,357.65,0.0,357.65,1541.35,232.7,0,0,0,0.0,0,F1,350,,,,,
2026-02-18,2026-02-18,FO,NSE,STO,145739,,OBEROIRLTY,,2026-03-30,2026-03-30,1520.0,CE,OBEROIRLTY26MAR1520CE,0.0,0.0,0.0,60.7,60.7,60.7,1541.35,78.05,350,0,0,0.0,0,F1,350,,,,,
2026-02-18,2026-02-18,FO,NSE,STF,59436,,OBEROIRLTY,,2026-02-24,2026-02-24,,,OBEROIRLTY26FEBFUT,1551.5,1559.0,1529.1,1545.4,1540.9,1551.6,1541.35,1545.4,5428850,-84700,1804,972749575.0,1651,F1,350,,,,,
2026-02-18,2026-02-18,FO,NSE,STO,146740,,OBEROIRLTY,,2026-04-28,2026-04-28,1320.0,PE,OBEROIRLTY26APR1320PE,0.0,0.0,0.0,39.5,0.0,39.5,1541.35,9.65,0,0,0,0.0,0,F1,350,,,,,
2026-02-18,2026-02-18,FO,NSE,STO,123041,,OBEROIRLTY,,2026-02-24,2026-02-24,2000.0,CE,OBEROIRLTY26FEB2000CE,0.0,0.0,0.0,0.05,0.05,0.05,1541.35,0.05,12600,0,0,0.0,0,F1,350,,,,,
2026-02-18,2026-02-18,FO,NSE,STO,146700,,OBEROIRLTY,,2026-03-30,2026-03-30,1660.0,PE,OBEROIRLTY26MAR1660PE,0.0,0.0,0.0,213.4,213.4,213.4,1541.35,132.8,1050,0,0,0.0,0,F1,350,,,,,
2026-02-18,2026-02-18,FO,NSE,STO,146648,,OBEROIRLTY,,2026-03-30,2026-03-30,1500.0,PE,OBEROIRLTY26MAR1500PE,39.5,43.3,35.85,37.8,38.65,37.7,1541.35,37.8,43750,-1400,36,19402845.0,29,F1,350,,,,,
2026-02-18,2026-02-18,FO,NSE,STO,145728,,OBEROIRLTY,,2026-03-30,2026-03-30,1280.0,PE,OBEROIRLTY26MAR1280PE,0.0,0.0,0.0,6.0,6.0,6.0,1541.35,1.6,700,0,0,0.0,0,F1,350,,,,,
2026-02-18,2026-02-18,FO,NSE,STO,146802,,OBEROIRLTY,,2026-04-28,2026-04-28,1680.0,CE,OBEROIRLTY26APR1680CE,0.0,0.0,0.0,45.25,0.0,45.25,1541.35,37.65,0,0,0,0.0,0,F1,350,,,,,
2026-02-18,2026-02-18,FO,NSE,STO,146703,,OBEROIRLTY,,2026-03-30,2026-03-30,1740.0,CE,OBEROIRLTY26MAR1740CE,10.65,10.65,9.2,9.2,9.2,18.7,1541.35,10.5,700,700,5,3062360.0,4,F1,350,,,,,
2026-02-18,2026-02-18,FO,NSE,STO,146699,,OBEROIRLTY,,2026-03-30,2026-03-30,1660.0,CE,OBEROIRLTY26MAR1660CE,0.0,0.0,0.0,24.85,24.85,24.85,1541.35,24.1,0,0,0,0.0,0,F1,350,,,,,
2026-02-18,2026-02-18,FO,NSE,STO,123004,,OBEROIRLTY,,2026-02-24,2026-02-24,1480.0,CE,OBEROIRLTY26FEB1480CE,66.15,72.65,56.35,68.0,72.65,74.7,1541.35,68.0,70350,-1050,17,9172572.5,17,F1,350,,,,,
2026-02-18,2026-02-18,FO,NSE,STO,122996,,OBEROIRLTY,,2026-02-24,2026-02-24,1320.0,CE,OBEROIRLTY26FEB1320CE,0.0,0.0,0.0,344.75,0.0,344.75,1541.35,222.55,0,0,0,0.0,0,F1,350,,,,,
2026-02-18,2026-02-18,FO,NSE,STO,145594,,OBEROIRLTY,,2026-02-24,2026-02-24,1900.0,PE,OBEROIRLTY26FEB1900PE,0.0,0.0,0.0,324.85,324.85,324.85,1541.35,356.95,0,0,0,0.0,0,F1,350,,,,,
2026-02-18,2026-02-18,FO,NSE,STO,123034,,OBEROIRLTY,,2026-02-24,2026-02-24,1840.0,PE,OBEROIRLTY26FEB1840PE,0.0,0.0,0.0,275.45,275.45,275.45,1541.35,297.0,2100,0,0,0.0,0,F1,350,,,,,
2026-02-18,2026-02-18,FO,NSE,STO,123032,,OBEROIRLTY,,2026-02-24,2026-02-24,1800.0,PE,OBEROIRLTY26FEB1800PE,266.0,266.0,260.15,260.15,260.15,342.5,1541.35,260.15,11550,-350,4,2886257.5,3,F1,350,,,,,
2026-02-18,2026-02-18,FO,NSE,STO,145588,,OBEROIRLTY,,2026-02-24,2026-02-24,1780.0,PE,OBEROIRLTY26FEB1780PE,0.0,0.0,0.0,239.65,239.65,239.65,1541.35,237.05,0,0,0,0.0,0,F1,350,,,,,
2026-02-18,2026-02-18,FO,NSE,STO,123003,,OBEROIRLTY,,2026-02-24,2026-02-24,1440.0,PE,OBEROIRLTY26FEB1440PE,1.6,1.6,0.8,0.95,0.85,1.65,1541.35,0.95,122500,-3500,25,12610727.5,24,F1,350,,,,,
2026-02-18,2026-02-18,FO,NSE,STO,123001,,OBEROIRLTY,,2026-02-24,2026-02-24,1400.0,PE,OBEROIRLTY26FEB1400PE,0.35,0.55,0.35,0.4,0.35,0.5,1541.35,0.4,134750,-1400,26,12743920.0,25,F1,350,,,,,
2026-02-18,2026-02-18,FO,NSE,STO,122997,,OBEROIRLTY,,2026-02-24,2026-02-24,1320.0,PE,OBEROIRLTY26FEB1320PE,0.35,0.35,0.35,0.35,0.35,0.15,1541.35,0.05,20300,0,1,462122.5,1,F1,350,,,,,
2026-02-18,2026-02-18,FO,NSE,STO,146741,,OBEROIRLTY,,2026-04-28,2026-04-28,1360.0,CE,OBEROIRLTY26APR1360CE,0.0,0.0,0.0,180.3,0.0,180.3,1541.35,210.75,0,0,0,0.0,0,F1,350,,,,,
2026-02-18,2026-02-18,FO,NSE,STO,146651,,OBEROIRLTY,,2026-03-30,2026-03-30,1580.0,CE,OBEROIRLTY26MAR1580CE,0.0,0.0,0.0,35.5,35.5,35.5,1541.35,49.3,700,0,0,0.0,0,F1,350,,,,,
2026-02-18,2026-02-18,FO,NSE,STO,146639,,OBEROIRLTY,,2026-03-30,2026-03-30,1340.0,CE,OBEROIRLTY26MAR1340CE,0.0,0.0,0.0,134.65,134.65,134.65,1541.35,214.25,1050,0,0,0.0,0,F1,350,,,,,
2026-02-18,2026-02-18,FO,NSE,STO,123019,,OBEROIRLTY,,2026-02-24,2026-02-24,1680.0,CE,OBEROIRLTY26FEB1680CE,0.45,0.55,0.25,0.4,0.45,0.95,1541.35,0.4,101500,-1050,85,49993755.0,64,F1,350,,,,,
2026-02-18,2026-02-18,FO,NSE,STO,123002,,OBEROIRLTY,,2026-02-24,2026-02-24,1440.0,CE,OBEROIRLTY26FEB1440CE,109.95,109.95,95.0,95.0,95.0,129.25,1541.35,103.6,74550,-1750,7,3771442.5,7,F1,350,,,,,
2026-02-18,2026-02-18,FO,NSE,STO,145567,,OBEROIRLTY,,2026-02-24,2026-02-24,1380.0,CE,OBEROIRLTY26FEB1380CE,154.4,157.9,154.4,157.9,157.9,156.4,1541.35,162.65,8750,-2100,6,3225915.0,2,F1,350,,,,,
2026-02-18,2026-02-18,FO,NSE,STO,145736,,OBEROIRLTY,,2026-03-30,2026-03-30,1440.0,PE,OBEROIRLTY26MAR1440PE,0.0,0.0,0.0,17.6,17.6,17.6,1541.35,20.35,5600,0,0,0.0,0,F1,350,,,,,
2026-02-18,2026-02-18,FO,NSE,STO,145732,,OBEROIRLTY,,2026-03-30,2026-03-30,1360.0,PE,OBEROIRLTY26MAR1360PE,0.0,0.0,0.0,27.3,27.3,27.3,1541.35,6.7,1750,0,0,0.0,0,F1,350,,,,,
2026-02-18,2026-02-18,FO,NSE,STO,146739,,OBEROIRLTY,,2026-04-28,2026-04-28,1320.0,CE,OBEROIRLTY26APR1320CE,0.0,0.0,0.0,207.3,0.0,207.3,1541.35,244.65,0,0,0,0.0,0,F1,350,,,,,
2026-02-18,2026-02-18,FO,NSE,STO,146701,,OBEROIRLTY,,2026-03-30,2026-03-30,1700.0,CE,OBEROIRLTY26MAR1700CE,17.0,17.0,14.95,14.95,14.95,18.8,1541.35,16.15,3500,700,3,1801765.0,3,F1,350,,,,,
2026-02-18,2026-02-18,FO,NSE,STO,146661,,OBEROIRLTY,,2026-03-30,2026-03-30,1620.0,CE,OBEROIRLTY26MAR1620CE,0.0,0.0,0.0,27.0,27.0,27.0,1541.35,35.0,1050,0,0,0.0,0,F1,350,,,,,
2026-02-18,2026-02-18,FO,NSE,STO,145733,,OBEROIRLTY,,2026-03-30,2026-03-30,1400.0,CE,OBEROIRLTY26MAR1400CE,165.0,165.0,165.0,165.0,165.0,290.5,1541.35,161.85,350,350,1,547750.0,1,F1,350,,,,,
2026-02-18,2026-02-18,FO,NSE,STO,146637,,OBEROIRLTY,,2026-03-30,2026-03-30,1300.0,CE,OBEROIRLTY26MAR1300CE,247.05,247.05,243.3,243.3,243.3,280.35,1541.35,251.5,700,700,4,2163245.0,2,F1,350,,,,,
2026-02-18,2026-02-18,FO,NSE,STO,145621,,OBEROIRLTY,,2026-03-30,2026-03-30,1240.0,CE,OBEROIRLTY26MAR1240CE,0.0,0.0,0.0,429.85,0.0,429.85,1541.35,309.45,0,0,0,0.0,0,F1,350,,,,,
2026-02-18,2026-02-18,FO,NSE,STO,123035,,OBEROIRLTY,,2026-02-24,2026-02-24,1880.0,CE,OBEROIRLTY26FEB1880CE,0.1,0.15,0.1,0.15,0.15,0.4,1541.35,0.05,2800,-1400,11,7238542.5,7,F1,350,,,,,
2026-02-18,2026-02-18,FO,NSE,STO,123040,,OBEROIRLTY,,2026-02-24,2026-02-24,1960.0,PE,OBEROIRLTY26FEB1960PE,0.0,0.0,0.0,384.7,384.7,384.7,1541.35,416.9,1400,0,0,0.0,0,F1,350,,,,,
2026-02-18,2026-02-18,FO,NSE,STO,145586,,OBEROIRLTY,,2026-02-24,2026-02-24,1740.0,PE,OBEROIRLTY26FEB1740PE,0.0,0.0,0.0,177.0,177.0,177.0,1541.35,197.1,1400,0,0,0.0,0,F1,350,,,,,
2026-02-18,2026-02-18,FO,NSE,STO,146803,,OBEROIRLTY,,2026-04-28,2026-04-28,1680.0,PE,OBEROIRLTY26APR1680PE,0.0,0.0,0.0,231.9,0.0,231.9,1541.35,158.9,0,0,0,0.0,0,F1,350,,,,,
2026-02-18,2026-02-18,FO,NSE,STO,145748,,OBEROIRLTY,,2026-03-30,2026-03-30,1680.0,PE,OBEROIRLTY26MAR1680PE,150.7,157.5,150.7,154.0,154.0,230.45,1541.35,148.35,350,-1400,6,3850385.0,4,F1,350,,,,,
2026-02-18,2026-02-18,FO,NSE,STO,145710,,OBEROIRLTY,,2026-03-30,2026-03-30,1240.0,PE,OBEROIRLTY26MAR1240PE,0.0,0.0,0.0,5.3,0.0,5.3,1541.35,0.65,0,0,0,0.0,0,F1,350,,,,,
2026-02-18,2026-02-18,FO,NSE,STO,145568,,OBEROIRLTY,,2026-02-24,2026-02-24,1380.0,PE,OBEROIRLTY26FEB1380PE,0.0,0.0,0.0,0.55,0.55,0.55,1541.35,0.05,19600,0,0,0.0,0,F1,350,,,,,
2026-02-18,2026-02-18,FO,NSE,STO,123009,,OBEROIRLTY,,2026-02-24,2026-02-24,1520.0,PE,OBEROIRLTY26FEB1520PE,11.05,15.6,7.8,9.35,10.55,11.15,1541.35,9.35,125300,-17500,232,124470342.5,181,F1,350,,,,,
2026-02-18,2026-02-18,FO,NSE,STO,123005,,OBEROIRLTY,,2026-02-24,2026-02-24,1480.0,PE,OBEROIRLTY26FEB1480PE,3.85,4.9,2.25,2.65,3.0,3.85,1541.35,2.65,88200,-3500,122,63348057.5,110,F1,350,,,,,
2026-02-18,2026-02-18,FO,NSE,STO,122999,,OBEROIRLTY,,2026-02-24,2026-02-24,1360.0,PE,OBEROIRLTY26FEB1360PE,0.0,0.0,0.0,0.4,0.4,0.4,1541.35,0.05,98000,0,0,0.0,0,F1,350,,,,,
2026-02-18,2026-02-18,FO,NSE,STO,146737,,OBEROIRLTY,,2026-04-28,2026-04-28,1280.0,CE,OBEROIRLTY26APR1280CE,0.0,0.0,0.0,236.45,0.0,236.45,1541.35,280.35,0,0,0,0.0,0,F1,350,,,,,
2026-02-18,2026-02-18,FO,NSE,STO,145747,,OBEROIRLTY,,2026-03-30,2026-03-30,1680.0,CE,OBEROIRLTY26MAR1680CE,16.5,17.5,16.5,17.5,17.5,19.1,1541.35,17.5,4900,1050,6,3563350.0,5,F1,350,,,,,
2026-02-18,2026-02-18,FO,NSE,STO,145735,,OBEROIRLTY,,2026-03-30,2026-03-30,1440.0,CE,OBEROIRLTY26MAR1440CE,0.0,0.0,0.0,137.45,137.45,137.45,1541.35,130.35,0,0,0,0.0,0,F1,350,,,,,
2026-02-18,2026-02-18,FO,NSE,STO,145583,,OBEROIRLTY,,2026-02-24,2026-02-24,1700.0,CE,OBEROIRLTY26FEB1700CE,0.6,0.6,0.25,0.35,0.3,0.55,1541.35,0.35,188650,350,131,77961625.0,84,F1,350,,,,,
2026-02-18,2026-02-18,FO,NSE,STO,145752,,OBEROIRLTY,,2026-03-30,2026-03-30,1760.0,PE,OBEROIRLTY26MAR1760PE,0.0,0.0,0.0,210.0,210.0,210.0,1541.35,216.45,0,0,0,0.0,0,F1,350,,,,,
2026-02-18,2026-02-18,FO,NSE,STO,145563,,OBEROIRLTY,,2026-02-24,2026-02-24,1300.0,CE,OBEROIRLTY26FEB1300CE,237.6,239.55,237.6,238.8,239.55,256.05,1541.35,238.8,2100,0,6,3231007.5,3,F1,350,,,,,
2026-02-18,2026-02-18,FO,NSE,STO,122998,,OBEROIRLTY,,2026-02-24,2026-02-24,1360.0,CE,OBEROIRLTY26FEB1360CE,177.05,177.8,177.05,177.8,177.8,170.25,1541.35,182.6,3150,-1050,6,3228592.5,2,F1,350,,,,,
2026-02-18,2026-02-18,FO,NSE,STO,123000,,OBEROIRLTY,,2026-02-24,2026-02-24,1400.0,CE,OBEROIRLTY26FEB1400CE,155.0,155.0,132.4,134.1,134.1,169.3,1541.35,142.75,63000,-1050,5,2691885.0,5,F1,350,,,,,
2026-02-18,2026-02-18,FO,NSE,STO,146738,,OBEROIRLTY,,2026-04-28,2026-04-28,1280.0,PE,OBEROIRLTY26APR1280PE,0.0,0.0,0.0,29.25,0.0,29.25,1541.35,5.75,0,0,0,0.0,0,F1,350,,,,,
2026-02-18,2026-02-18,FO,NSE,STO,145584,,OBEROIRLTY,,2026-02-24,2026-02-24,1700.0,PE,OBEROIRLTY26FEB1700PE,148.0,164.5,148.0,164.45,164.45,136.0,1541.35,157.25,22050,0,3,1951932.5,3,F1,350,,,,,
2026-02-18,2026-02-18,FO,NSE,STO,123016,,OBEROIRLTY,,2026-02-24,2026-02-24,1600.0,PE,OBEROIRLTY26FEB1600PE,60.85,70.65,60.85,66.1,66.1,56.25,1541.35,63.05,44100,-3500,31,18083030.0,22,F1,350,,,,,
2026-02-18,2026-02-18,FO,NSE,STF,66954,,OBEROIRLTY,,2026-04-28,2026-04-28,,,OBEROIRLTY26APRFUT,1554.6,1554.6,1535.4,1536.9,1536.9,1551.5,1541.35,1557.5,15050,1050,9,4866085.0,9,F1,350,,,,,
2026-02-18,2026-02-18,FO,NSE,STO,146774,,OBEROIRLTY,,2026-04-28,2026-04-28,1520.0,PE,OBEROIRLTY26APR1520PE,0.0,0.0,0.0,124.7,0.0,124.7,1541.35,63.5,0,0,0,0.0,0,F1,350,,,,,
2026-02-18,2026-02-18,FO,NSE,STO,146742,,OBEROIRLTY,,2026-04-28,2026-04-28,1360.0,PE,OBEROIRLTY26APR1360PE,0.0,0.0,0.0,51.85,0.0,51.85,1541.35,15.35,0,0,0,0.0,0,F1,350,,,,,
2026-02-18,2026-02-18,FO,NSE,STO,145754,,OBEROIRLTY,,2026-03-30,2026-03-30,1800.0,PE,OBEROIRLTY26MAR1800PE,0.0,0.0,0.0,196.85,0.0,196.85,1541.35,253.05,0,0,0,0.0,0,F1,350,,,,,
2026-02-18,2026-02-18,FO,NSE,STO,146702,,OBEROIRLTY,,2026-03-30,2026-03-30,1700.0,PE,OBEROIRLTY26MAR1700PE,157.0,157.0,157.0,157.0,157.0,239.2,1541.35,164.55,350,350,1,649950.0,1,F1,350,,,,,
2026-02-18,2026-02-18,FO,NSE,STO,146656,,OBEROIRLTY,,2026-03-30,2026-03-30,1580.0,PE,OBEROIRLTY26MAR1580PE,0.0,0.0,0.0,148.2,0.0,148.2,1541.35,78.45,0,0,0,0.0,0,F1,350,,,,,
2026-02-18,2026-02-18,FO,NSE,STO,145742,,OBEROIRLTY,,2026-03-30,2026-03-30,1560.0,PE,OBEROIRLTY26MAR1560PE,0.0,0.0,0.0,66.0,66.0,66.0,1541.35,67.15,1050,0,0,0.0,0,F1,350,,,,,
2026-02-18,2026-02-18,FO,NSE,STO,123038,,OBEROIRLTY,,2026-02-24,2026-02-24,1920.0,PE,OBEROIRLTY26FEB1920PE,0.0,0.0,0.0,456.85,456.85,456.85,1541.35,376.9,1050,0,0,0.0,0,F1,350,,,,,
2026-02-18,2026-02-18,FO,NSE,STO,145578,,OBEROIRLTY,,2026-02-24,2026-02-24,1580.0,PE,OBEROIRLTY26FEB1580PE,50.0,54.0,45.7,49.55,49.55,40.0,1541.35,47.4,20650,-2800,39,22247750.0,21,F1,350,,,,,
2026-02-18,2026-02-18,FO,NSE,STO,145576,,OBEROIRLTY,,2026-02-24,2026-02-24,1540.0,PE,OBEROIRLTY26FEB1540PE,17.75,25.3,14.0,16.15,18.75,17.2,1541.35,16.15,145250,-22050,316,172647492.5,214,F1,350,,,,,
2026-02-18,2026-02-18,FO,NSE,STO,146800,,OBEROIRLTY,,2026-04-28,2026-04-28,1640.0,CE,OBEROIRLTY26APR1640CE,0.0,0.0,0.0,55.0,0.0,55.0,1541.35,49.25,0,0,0,0.0,0,F1,350,,,,,
2026-02-18,2026-02-18,FO,NSE,STO,146745,,OBEROIRLTY,,2026-04-28,2026-04-28,1440.0,CE,OBEROIRLTY26APR1440CE,0.0,0.0,0.0,133.3,0.0,133.3,1541.35,150.0,0,0,0,0.0,0,F1,350,,,,,
2026-02-18,2026-02-18,FO,NSE,STO,145749,,OBEROIRLTY,,2026-03-30,2026-03-30,1720.0,CE,OBEROIRLTY26MAR1720CE,0.0,0.0,0.0,14.3,14.3,14.3,1541.35,13.05,1750,0,0,0.0,0,F1,350,,,,,
2026-02-18,2026-02-18,FO,NSE,STO,146641,,OBEROIRLTY,,2026-03-30,2026-03-30,1380.0,CE,OBEROIRLTY26MAR1380CE,0.0,0.0,0.0,146.85,0.0,146.85,1541.35,178.75,0,0,0,0.0,0,F1,350,,,,,
2026-02-18,2026-02-18,FO,NSE,STO,123039,,OBEROIRLTY,,2026-02-24,2026-02-24,1960.0,CE,OBEROIRLTY26FEB1960CE,0.2,0.2,0.2,0.2,0.2,0.1,1541.35,0.05,1050,-350,1,686070.0,1,F1,350,,,,,
2026-02-18,2026-02-18,FO,NSE,STO,123037,,OBEROIRLTY,,2026-02-24,2026-02-24,1920.0,CE,OBEROIRLTY26FEB1920CE,0.0,0.0,0.0,0.15,0.15,0.15,1541.35,0.05,700,0,0,0.0,0,F1,350,,,,,
2026-02-18,2026-02-18,FO,NSE,STO,123031,,OBEROIRLTY,,2026-02-24,2026-02-24,1800.0,CE,OBEROIRLTY26FEB1800CE,0.0,0.0,0.0,68.15,0.0,68.15,1541.35,0.05,0,0,0,0.0,0,F1,350,,,,,
2026-02-18,2026-02-18,FO,NSE,STO,145585,,OBEROIRLTY,,2026-02-24,2026-02-24,1740.0,CE,OBEROIRLTY26FEB1740CE,0.0,0.0,0.0,31.0,31.0,31.0,1541.35,0.05,700,0,0,0.0,0,F1,350,,,,,
2026-02-18,2026-02-18,FO,NSE,STO,123012,,OBEROIRLTY,,2026-02-24,2026-02-24,1560.0,CE,OBEROIRLTY26FEB1560CE,18.45,21.0,8.6,13.05,11.0,20.45,1541.35,13.05,154000,22050,652,358961487.5,535,F1,350,,,,,
2026-02-18,2026-02-18,FO,NSE,STO,146734,,OBEROIRLTY,,2026-04-28,2026-04-28,1200.0,PE,OBEROIRLTY26APR1200PE,0.0,0.0,0.0,14.65,0.0,14.65,1541.35,1.7,0,0,0,0.0,0,F1,350,,,,,
2026-02-18,2026-02-18,FO,NSE,STO,146662,,OBEROIRLTY,,2026-03-30,2026-03-30,1620.0,PE,OBEROIRLTY26MAR1620PE,0.0,0.0,0.0,90.45,90.45,90.45,1541.35,103.9,1050,0,0,0.0,0,F1,350,,,,,
2026-02-18,2026-02-18,FO,NSE,STO,123028,,OBEROIRLTY,,2026-02-24,2026-02-24,1720.0,PE,OBEROIRLTY26FEB1720PE,0.0,0.0,0.0,178.75,178.75,178.75,1541.35,177.15,0,0,0,0.0,0,F1,350,,,,,
2026-02-18,2026-02-18,FO,NSE,STO,123026,,OBEROIRLTY,,2026-02-24,2026-02-24,1680.0,PE,OBEROIRLTY26FEB1680PE,0.0,0.0,0.0,161.5,161.5,161.5,1541.35,137.45,2800,0,0,0.0,0,F1,350,,,,,
2026-02-18,2026-02-18,FO,NSE,STO,145743,,OBEROIRLTY,,2026-03-30,2026-03-30,1600.0,CE,OBEROIRLTY26MAR1600CE,40.5,40.5,30.85,35.05,33.6,40.5,1541.35,35.05,47600,7000,106,60641350.0,100,F1,350,,,,,
2026-02-18,2026-02-18,FO,NSE,STO,146645,,OBEROIRLTY,,2026-03-30,2026-03-30,1460.0,CE,OBEROIRLTY26MAR1460CE,0.0,0.0,0.0,100.8,0.0,100.8,1541.35,115.85,0,0,0,0.0,0,F1,350,,,,,
2026-02-18,2026-02-18,FO,NSE,STO,145731,,OBEROIRLTY,,2026-03-30,2026-03-30,1360.0,CE,OBEROIRLTY26MAR1360CE,0.0,0.0,0.0,323.35,0.0,323.35,1541.35,196.2,0,0,0,0.0,0,F1,350,,,,,
2026-02-18,2026-02-18,FO,NSE,STO,145581,,OBEROIRLTY,,2026-02-24,2026-02-24,1660.0,CE,OBEROIRLTY26FEB1660CE,0.85,0.85,0.45,0.5,0.5,1.45,1541.35,0.5,257600,-1400,83,48243352.5,63,F1,350,,,,,
2026-02-18,2026-02-18,FO,NSE,STO,145750,,OBEROIRLTY,,2026-03-30,2026-03-30,1720.0,PE,OBEROIRLTY26MAR1720PE,0.0,0.0,0.0,145.85,0.0,145.85,1541.35,181.4,0,0,0,0.0,0,F1,350,,,,,
2026-02-18,2026-02-18,FO,NSE,STO,146805,,OBEROIRLTY,,2026-04-28,2026-04-28,1720.0,PE,OBEROIRLTY26APR1720PE,0.0,0.0,0.0,262.95,0.0,262.95,1541.35,189.2,0,0,0,0.0,0,F1,350,,,,,
2026-02-18,2026-02-18,FO,NSE,STO,145580,,OBEROIRLTY,,2026-02-24,2026-02-24,1620.0,PE,OBEROIRLTY26FEB1620PE,0.0,0.0,0.0,73.2,0.0,73.2,1541.35,80.35,0,0,0,0.0,0,F1,350,,,,,
2026-02-18,2026-02-18,FO,NSE,STO,145745,,OBEROIRLTY,,2026-03-30,2026-03-30,1640.0,CE,OBEROIRLTY26MAR1640CE,0.0,0.0,0.0,29.35,29.35,29.35,1541.35,29.15,6650,0,0,0.0,0,F1,350,,,,,
2026-02-18,2026-02-18,FO,NSE,STO,146640,,OBEROIRLTY,,2026-03-30,2026-03-30,1340.0,PE,OBEROIRLTY26MAR1340PE,0.0,0.0,0.0,25.9,25.9,25.9,1541.35,4.85,700,0,0,0.0,0,F1,350,,,,,
2026-02-18,2026-02-18,FO,NSE,STO,145738,,OBEROIRLTY,,2026-03-30,2026-03-30,1480.0,PE,OBEROIRLTY26MAR1480PE,0.0,0.0,0.0,23.5,23.5,23.5,1541.35,32.0,8400,0,0,0.0,0,F1,350,,,,,
2026-02-18,2026-02-18,FO,NSE,STO,145582,,OBEROIRLTY,,2026-02-24,2026-02-24,1660.0,PE,OBEROIRLTY26FEB1660PE,0.0,0.0,0.0,102.25,102.25,102.25,1541.35,117.9,4550,0,0,0.0,0,F1,350,,,,,
2026-02-18,2026-02-18,FO,NSE,STO,146743,,OBEROIRLTY,,2026-04-28,2026-04-28,1400.0,CE,OBEROIRLTY26APR1400CE,0.0,0.0,0.0,155.6,0.0,155.6,1541.35,179.05,0,0,0,0.0,0,F1,350,,,,,
2026-02-18,2026-02-18,FO,NSE,STO,146733,,OBEROIRLTY,,2026-04-28,2026-04-28,1200.0,CE,OBEROIRLTY26APR1200CE,0.0,0.0,0.0,300.6,0.0,300.6,1541.35,355.45,0,0,0,0.0,0,F1,350,,,,,
2026-02-18,2026-02-18,FO,NSE,STO,145566,,OBEROIRLTY,,2026-02-24,2026-02-24,1340.0,PE,OBEROIRLTY26FEB1340PE,0.05,0.05,0.05,0.05,0.05,0.2,1541.35,0.05,306250,0,3,1407052.5,1,F1,350,,,,,
2026-02-18,2026-02-18,FO,NSE,STO,145574,,OBEROIRLTY,,2026-02-24,2026-02-24,1500.0,PE,OBEROIRLTY26FEB1500PE,7.55,9.0,4.25,5.15,5.75,6.4,1541.35,5.15,207550,-12250,527,277908977.5,367,F1,350,,,,,
2026-02-18,2026-02-18,FO,NSE,STO,145593,,OBEROIRLTY,,2026-02-24,2026-02-24,1900.0,CE,OBEROIRLTY26FEB1900CE,0.0,0.0,0.0,0.15,0.15,0.15,1541.35,0.05,700,0,0,0.0,0,F1,350,,,,,
2026-02-18,2026-02-18,FO,NSE,STO,123029,,OBEROIRLTY,,2026-02-24,2026-02-24,1760.0,CE,OBEROIRLTY26FEB1760CE,0.05,0.1,0.05,0.1,0.1,0.3,1541.35,0.05,17850,700,4,2464122.5,4,F1,350,,,,,
2026-02-18,2026-02-18,FO,NSE,STO,123027,,OBEROIRLTY,,2026-02-24,2026-02-24,1720.0,CE,OBEROIRLTY26FEB1720CE,0.0,0.0,0.0,94.65,0.0,94.65,1541.35,0.05,0,0,0,0.0,0,F1,350,,,,,
2026-02-18,2026-02-18,FO,NSE,STO,145575,,OBEROIRLTY,,2026-02-24,2026-02-24,1540.0,CE,OBEROIRLTY26FEB1540CE,29.2,30.4,15.15,20.95,18.0,29.2,1541.35,20.95,124600,4900,276,150643500.0,238,F1,350,,,,,
2026-02-18,2026-02-18,FO,NSE,STO,145573,,OBEROIRLTY,,2026-02-24,2026-02-24,1500.0,CE,OBEROIRLTY26FEB1500CE,53.0,55.0,39.85,52.3,54.95,56.65,1541.35,52.3,111650,3150,47,25434605.0,38,F1,350,,,,,
2026-02-18,2026-02-18,FO,NSE,STO,145711,,OBEROIRLTY,,2026-03-30,2026-03-30,1280.0,CE,OBEROIRLTY26MAR1280CE,0.0,0.0,0.0,280.45,280.45,280.45,1541.35,270.65,0,0,0,0.0,0,F1,350,,,,,
2026-02-18,2026-02-18,FO,NSE,STO,145753,,OBEROIRLTY,,2026-03-30,2026-03-30,1800.0,CE,OBEROIRLTY26MAR1800CE,0.0,0.0,0.0,14.0,14.0,14.0,1541.35,5.25,350,0,0,0.0,0,F1,350,,,,,
2026-02-18,2026-02-18,FO,NSE,STO,146810,,OBEROIRLTY,,2026-04-28,2026-04-28,1840.0,CE,OBEROIRLTY26APR1840CE,0.0,0.0,0.0,19.35,0.0,19.35,1541.35,11.15,0,0,0,0.0,0,F1,350,,,,,
2026-02-18,2026-02-18,FO,NSE,STO,145564,,OBEROIRLTY,,2026-02-24,2026-02-24,1300.0,PE,OBEROIRLTY26FEB1300PE,0.1,0.1,0.1,0.1,0.1,0.1,1541.35,0.05,30800,-1050,3,1365105.0,2,F1,350,,,,,
2026-02-18,2026-02-18,FO,NSE,STO,146642,,OBEROIRLTY,,2026-03-30,2026-03-30,1380.0,PE,OBEROIRLTY26MAR1380PE,0.0,0.0,0.0,8.55,8.55,8.55,1541.35,9.1,2450,0,0,0.0,0,F1,350,,,,,
2026-02-18,2026-02-18,FO,NSE,STO,145746,,OBEROIRLTY,,2026-03-30,2026-03-30,1640.0,PE,OBEROIRLTY26MAR1640PE,0.0,0.0,0.0,102.75,0.0,102.75,1541.35,117.95,0,0,0,0.0,0,F1,350,,,,,
2026-02-18,2026-02-18,FO,NSE,STO,146704,,OBEROIRLTY,,2026-03-30,2026-03-30,1740.0,PE,OBEROIRLTY26MAR1740PE,0.0,0.0,0.0,185.0,185.0,185.0,1541.35,198.7,350,0,0,0.0,0,F1,350,,,,,
2026-02-18,2026-02-18,FO,NSE,STO,146751,,OBEROIRLTY,,2026-04-28,2026-04-28,1480.0,PE,OBEROIRLTY26APR1480PE,0.0,0.0,0.0,103.05,0.0,103.05,1541.35,47.1,0,0,0,0.0,0,F1,350,,,,,
2026-02-18,2026-02-18,FO,NSE,STO,146811,,OBEROIRLTY,,2026-04-28,2026-04-28,1840.0,PE,OBEROIRLTY26APR1840PE,0.0,0.0,0.0,363.55,0.0,363.55,1541.35,290.75,0,0,0,0.0,0,F1,350,,,,,
2026-02-18,2026-02-18,FO,NSE,STO,122994,,OBEROIRLTY,,2026-02-24,2026-02-24,1280.0,CE,OBEROIRLTY26FEB1280CE,0.0,0.0,0.0,379.5,0.0,379.5,1541.35,262.5,0,0,0,0.0,0,F1,350,,,,,
2026-02-18,2026-02-18,FO,NSE,STO,123017,,OBEROIRLTY,,2026-02-24,2026-02-24,1640.0,CE,OBEROIRLTY26FEB1640CE,2.6,2.6,0.8,1.35,1.5,2.6,1541.35,1.35,56700,-15050,227,130393287.5,178,F1,350,,,,,
2026-02-18,2026-02-18,FO,NSE,STO,123008,,OBEROIRLTY,,2026-02-24,2026-02-24,1520.0,CE,OBEROIRLTY26FEB1520CE,38.85,45.0,25.85,33.5,31.75,42.35,1541.35,33.5,84700,-22050,194,105416430.0,110,F1,350,,,,,
2026-02-18,2026-02-18,FO,NSE,STO,146807,,OBEROIRLTY,,2026-04-28,2026-04-28,1760.0,PE,OBEROIRLTY26APR1760PE,0.0,0.0,0.0,295.35,0.0,295.35,1541.35,221.5,0,0,0,0.0,0,F1,350,,,,,
2026-02-18,2026-02-18,FO,NSE,STO,146744,,OBEROIRLTY,,2026-04-28,2026-04-28,1400.0,PE,OBEROIRLTY26APR1400PE,0.0,0.0,0.0,66.55,0.0,66.55,1541.35,23.25,0,0,0,0.0,0,F1,350,,,,,
2026-02-18,2026-02-18,FO,NSE,STO,145744,,OBEROIRLTY,,2026-03-30,2026-03-30,1600.0,PE,OBEROIRLTY26MAR1600PE,0.0,0.0,0.0,84.3,0.0,84.3,1541.35,90.7,0,0,0,0.0,0,F1,350,,,,,
2026-02-18,2026-02-18,FO,NSE,STO,146650,,OBEROIRLTY,,2026-03-30,2026-03-30,1540.0,PE,OBEROIRLTY26MAR1540PE,60.0,60.0,60.0,60.0,60.0,93.55,1541.35,60.0,350,0,1,560000.0,1,F1,350,,,,,
2026-02-18,2026-02-18,FO,NSE,STO,145620,,OBEROIRLTY,,2026-03-30,2026-03-30,1200.0,PE,OBEROIRLTY26MAR1200PE,0.0,0.0,0.0,3.35,0.0,3.35,1541.35,0.25,0,0,0,0.0,0,F1,350,,,,,
2026-02-18,2026-02-18,FO,NSE,STO,123042,,OBEROIRLTY,,2026-02-24,2026-02-24,2000.0,PE,OBEROIRLTY26FEB2000PE,0.0,0.0,0.0,451.9,451.9,451.9,1541.35,456.85,23450,0,0,0.0,0,F1,350,,,,,
2026-02-18,2026-02-18,FO,NSE,STO,123036,,OBEROIRLTY,,2026-02-24,2026-02-24,1880.0,PE,OBEROIRLTY26FEB1880PE,0.0,0.0,0.0,363.75,363.75,363.75,1541.35,336.95,4550,0,0,0.0,0,F1,350,,,,,
2026-02-18,2026-02-18,FO,NSE,STO,145570,,OBEROIRLTY,,2026-02-24,2026-02-24,1420.0,PE,OBEROIRLTY26FEB1420PE,0.9,0.95,0.35,0.4,0.4,0.9,1541.35,0.4,245700,0,101,50222970.0,83,F1,350,,,,,
2026-02-18,2026-02-18,FO,NSE,STO,122991,,OBEROIRLTY,,2026-02-24,2026-02-24,1200.0,PE,OBEROIRLTY26FEB1200PE,0.0,0.0,0.0,0.15,0.15,0.15,1541.35,0.05,5600,0,0,0.0,0,F1,350,,,,,
2026-02-18,2026-02-18,FO,NSE,STO,145751,,OBEROIRLTY,,2026-03-30,2026-03-30,1760.0,CE,OBEROIRLTY26MAR1760CE,0.0,0.0,0.0,9.0,9.0,9.0,1541.35,8.4,350,0,0,0.0,0,F1,350,,,,,
2026-02-18,2026-02-18,FO,NSE,STO,123033,,OBEROIRLTY,,2026-02-24,2026-02-24,1840.0,CE,OBEROIRLTY26FEB1840CE,0.0,0.0,0.0,0.5,0.5,0.5,1541.35,0.05,7700,0,0,0.0,0,F1,350,,,,,
2026-02-18,2026-02-18,FO,NSE,STO,145565,,OBEROIRLTY,,2026-02-24,2026-02-24,1340.0,CE,OBEROIRLTY26FEB1340CE,0.0,0.0,0.0,324.65,0.0,324.65,1541.35,202.55,0,0,0,0.0,0,F1,350,,,,,
2026-02-18,2026-02-18,FO,NSE,STO,145577,,OBEROIRLTY,,2026-02-24,2026-02-24,1580.0,CE,OBEROIRLTY26FEB1580CE,12.0,12.7,4.75,6.6,5.75,12.25,1541.35,6.6,147350,70000,509,282578887.5,295,F1,350,,,,,
2026-02-18,2026-02-18,FO,NSE,STO,145619,,OBEROIRLTY,,2026-03-30,2026-03-30,1200.0,CE,OBEROIRLTY26MAR1200CE,0.0,0.0,0.0,467.3,0.0,467.3,1541.35,348.8,0,0,0,0.0,0,F1,350,,,,,
2026-02-18,2026-02-18,FO,NSE,STO,145737,,OBEROIRLTY,,2026-03-30,2026-03-30,1480.0,CE,OBEROIRLTY26MAR1480CE,0.0,0.0,0.0,81.25,81.25,81.25,1541.35,102.25,1750,0,0,0.0,0,F1,350,,,,,
2026-02-18,2026-02-18,FO,NSE,STO,146806,,OBEROIRLTY,,2026-04-28,2026-04-28,1760.0,CE,OBEROIRLTY26APR1760CE,0.0,0.0,0.0,29.9,0.0,29.9,1541.35,21.05,0,0,0,0.0,0,F1,350,,,,,
2026-02-18,2026-02-18,FO,NSE,STO,136877,,SONACOMS,,2026-02-24,2026-02-24,530.0,PE,SONACOMS26FEB530PE,9.0,11.2,6.05,6.35,6.7,8.75,531.8,6.35,237650,-7350,134,88316681.25,127,F1,1225,,,,,
2026-02-18,2026-02-18,FO,NSE,STO,159150,,SONACOMS,,2026-02-24,2026-02-24,575.0,CE,SONACOMS26FEB575CE,0.0,0.0,0.0,1.35,1.35,1.35,531.8,0.3,23275,0,0,0.0,0,F1,1225,,,,,
2026-02-18,2026-02-18,FO,NSE,STO,159146,,SONACOMS,,2026-02-24,2026-02-24,555.0,CE,SONACOMS26FEB555CE,0.0,0.0,0.0,3.4,3.4,3.4,531.8,1.9,44100,0,0,0.0,0,F1,1225,,,,,
2026-02-18,2026-02-18,FO,NSE,STO,159138,,SONACOMS,,2026-02-24,2026-02-24,515.0,CE,SONACOMS26FEB515CE,17.35,19.7,17.1,19.7,19.7,26.3,531.8,19.95,82075,-3675,4,2611516.25,4,F1,1225,,,,,
2026-02-18,2026-02-18,FO,NSE,STO,168075,,SONACOMS,,2026-04-28,2026-04-28,540.0,PE,SONACOMS26APR540PE,0.0,0.0,0.0,65.5,0.0,65.5,531.8,31.55,0,0,0,0.0,0,F1,1225,,,,,
2026-02-18,2026-02-18,FO,NSE,STO,168013,,SONACOMS,,2026-03-30,2026-03-30,615.0,PE,SONACOMS26MAR615PE,0.0,0.0,0.0,124.25,0.0,124.25,531.8,82.4,0,0,0,0.0,0,F1,1225,,,,,
2026-02-18,2026-02-18,FO,NSE,STO,168079,,SONACOMS,,2026-04-28,2026-04-28,560.0,PE,SONACOMS26APR560PE,0.0,0.0,0.0,80.05,0.0,80.05,531.8,43.3,0,0,0,0.0,0,F1,1225,,,,,
2026-02-18,2026-02-18,FO,NSE,STO,159231,,SONACOMS,,2026-03-30,2026-03-30,590.0,PE,SONACOMS26MAR590PE,0.0,0.0,0.0,110.55,0.0,110.55,531.8,60.7,0,0,0,0.0,0,F1,1225,,,,,
2026-02-18,2026-02-18,FO,NSE,STO,167979,,SONACOMS,,2026-03-30,2026-03-30,445.0,PE,SONACOMS26MAR445PE,0.0,0.0,0.0,12.0,0.0,12.0,531.8,0.95,0,0,0,0.0,0,F1,1225,,,,,
2026-02-18,2026-02-18,FO,NSE,STO,159159,,SONACOMS,,2026-02-24,2026-02-24,615.0,PE,SONACOMS26FEB615PE,0.0,0.0,0.0,132.4,0.0,132.4,531.8,82.65,0,0,0,0.0,0,F1,1225,,,,,
2026-02-18,2026-02-18,FO,NSE,STO,136885,,SONACOMS,,2026-02-24,2026-02-24,570.0,PE,SONACOMS26FEB570PE,0.0,0.0,0.0,59.4,59.4,59.4,531.8,38.2,0,0,0,0.0,0,F1,1225,,,,,
2026-02-18,2026-02-18,FO,NSE,STO,136883,,SONACOMS,,2026-02-24,2026-02-24,560.0,PE,SONACOMS26FEB560PE,0.0,0.0,0.0,29.1,29.15,29.1,531.8,28.95,41650,0,0,0.0,0,F1,1225,,,,,
2026-02-18,2026-02-18,FO,NSE,STO,159145,,SONACOMS,,2026-02-24,2026-02-24,545.0,PE,SONACOMS26FEB545PE,20.9,20.9,16.55,16.55,16.55,15.65,531.8,16.55,36750,0,5,3446598.75,5,F1,1225,,,,,
2026-02-18,2026-02-18,FO,NSE,STO,159121,,SONACOMS,,2026-02-24,2026-02-24,425.0,PE,SONACOMS26FEB425PE,0.05,0.05,0.05,0.05,0.05,0.6,531.8,0.05,3675,-1225,1,520686.25,1,F1,1225,,,,,
2026-02-18,2026-02-18,FO,NSE,STO,136849,,SONACOMS,,2026-02-24,2026-02-24,400.0,PE,SONACOMS26FEB400PE,0.15,0.15,0.15,0.15,0.15,0.05,531.8,0.15,96775,0,3,1470551.25,3,F1,1225,,,,,
2026-02-18,2026-02-18,FO,NSE,STO,168086,,SONACOMS,,2026-04-28,2026-04-28,600.0,CE,SONACOMS26APR600CE,0.0,0.0,0.0,9.15,0.0,9.15,531.8,10.05,0,0,0,0.0,0,F1,1225,,,,,
2026-02-18,2026-02-18,FO,NSE,STO,136856,,SONACOMS,,2026-02-24,2026-02-24,430.0,CE,SONACOMS26FEB430CE,0.0,0.0,0.0,99.55,99.55,99.55,531.8,102.2,4900,0,0,0.0,0,F1,1225,,,,,
2026-02-18,2026-02-18,FO,NSE,STO,168077,,SONACOMS,,2026-04-28,2026-04-28,550.0,PE,SONACOMS26APR550PE,0.0,0.0,0.0,72.6,0.0,72.6,531.8,37.2,0,0,0,0.0,0,F1,1225,,,,,
2026-02-18,2026-02-18,FO,NSE,STO,168050,,SONACOMS,,2026-04-28,2026-04-28,420.0,CE,SONACOMS26APR420CE,0.0,0.0,0.0,84.05,0.0,84.05,531.8,117.3,0,0,0,0.0,0,F1,1225,,,,,
2026-02-18,2026-02-18,FO,NSE,STO,167998,,SONACOMS,,2026-03-30,2026-03-30,545.0,CE,SONACOMS26MAR545CE,0.0,0.0,0.0,13.5,0.0,13.5,531.8,18.55,0,0,0,0.0,0,F1,1225,,,,,
2026-02-18,2026-02-18,FO,NSE,STO,159123,,SONACOMS,,2026-02-24,2026-02-24,435.0,PE,SONACOMS26FEB435PE,0.0,0.0,0.0,0.5,0.5,0.5,531.8,0.05,9800,0,0,0.0,0,F1,1225,,,,,
2026-02-18,2026-02-18,FO,NSE,STO,168010,,SONACOMS,,2026-03-30,2026-03-30,605.0,CE,SONACOMS26MAR605CE,0.0,0.0,0.0,4.3,0.0,4.3,531.8,3.9,0,0,0,0.0,0,F1,1225,,,,,
2026-02-18,2026-02-18,FO,NSE,STO,168008,,SONACOMS,,2026-03-30,2026-03-30,595.0,CE,SONACOMS26MAR595CE,0.0,0.0,0.0,6.05,6.05,6.05,531.8,5.25,3675,0,0,0.0,0,F1,1225,,,,,
2026-02-18,2026-02-18,FO,NSE,STO,168006,,SONACOMS,,2026-03-30,2026-03-30,585.0,CE,SONACOMS26MAR585CE,0.0,0.0,0.0,6.4,0.0,6.4,531.8,6.95,0,0,0,0.0,0,F1,1225,,,,,
2026-02-18,2026-02-18,FO,NSE,STO,168000,,SONACOMS,,2026-03-30,2026-03-30,555.0,CE,SONACOMS26MAR555CE,13.6,14.4,13.6,14.0,14.0,11.3,531.8,14.8,15925,15925,17,11850588.75,14,F1,1225,,,,,
2026-02-18,2026-02-18,FO,NSE,STO,159220,,SONACOMS,,2026-03-30,2026-03-30,540.0,CE,SONACOMS26MAR540CE,20.5,21.35,18.9,21.35,21.35,19.3,531.8,21.35,24500,3675,9,6175592.5,9,F1,1225,,,,,
2026-02-18,2026-02-18,FO,NSE,STO,159208,,SONACOMS,,2026-03-30,2026-03-30,480.0,CE,SONACOMS26MAR480CE,0.0,0.0,0.0,39.15,0.0,39.15,531.8,59.2,0,0,0,0.0,0,F1,1225,,,,,
2026-02-18,2026-02-18,FO,NSE,STO,159126,,SONACOMS,,2026-02-24,2026-02-24,455.0,CE,SONACOMS26FEB455CE,0.0,0.0,0.0,37.2,37.2,37.2,531.8,77.2,11025,0,0,0.0,0,F1,1225,,,,,
2026-02-18,2026-02-18,FO,NSE,STO,136874,,SONACOMS,,2026-02-24,2026-02-24,520.0,CE,SONACOMS26FEB520CE,14.0,16.3,12.05,15.25,15.25,17.0,531.8,16.25,193550,-28175,38,24886242.5,21,F1,1225,,,,,
2026-02-18,2026-02-18,FO,NSE,STO,136884,,SONACOMS,,2026-02-24,2026-02-24,570.0,CE,SONACOMS26FEB570CE,0.85,0.9,0.65,0.9,0.9,1.05,531.8,0.9,209475,-14700,72,50342845.0,68,F1,1225,,,,,
2026-02-18,2026-02-18,FO,NSE,STO,136894,,SONACOMS,,2026-02-24,2026-02-24,620.0,CE,SONACOMS26FEB620CE,0.15,0.25,0.1,0.2,0.2,0.25,531.8,0.2,74725,-26950,25,18992583.75,20,F1,1225,,,,,
2026-02-18,2026-02-18,FO,NSE,STO,159198,,SONACOMS,,2026-03-30,2026-03-30,430.0,CE,SONACOMS26MAR430CE,0.0,0.0,0.0,68.65,0.0,68.65,531.8,104.8,0,0,0,0.0,0,F1,1225,,,,,
2026-02-18,2026-02-18,FO,NSE,STO,159202,,SONACOMS,,2026-03-30,2026-03-30,450.0,CE,SONACOMS26MAR450CE,0.0,0.0,0.0,55.55,0.0,55.55,531.8,85.75,0,0,0,0.0,0,F1,1225,,,,,
2026-02-18,2026-02-18,FO,NSE,STO,159137,,SONACOMS,,2026-02-24,2026-02-24,505.0,PE,SONACOMS26FEB505PE,1.6,1.6,1.0,1.1,1.15,2.0,531.8,1.1,109025,-14700,54,33483292.5,54,F1,1225,,,,,
2026-02-18,2026-02-18,FO,NSE,STO,168087,,SONACOMS,,2026-04-28,2026-04-28,600.0,PE,SONACOMS26APR600PE,0.0,0.0,0.0,112.15,0.0,112.15,531.8,72.05,0,0,0,0.0,0,F1,1225,,,,,
2026-02-18,2026-02-18,FO,NSE,STO,168059,,SONACOMS,,2026-04-28,2026-04-28,460.0,PE,SONACOMS26APR460PE,0.0,0.0,0.0,21.85,0.0,21.85,531.8,4.85,0,0,0,0.0,0,F1,1225,,,,,
2026-02-18,2026-02-18,FO,NSE,STO,159237,,SONACOMS,,2026-03-30,2026-03-30,620.0,PE,SONACOMS26MAR620PE,0.0,0.0,0.0,136.95,0.0,136.95,531.8,86.95,0,0,0,0.0,0,F1,1225,,,,,
2026-02-18,2026-02-18,FO,NSE,STO,167997,,SONACOMS,,2026-03-30,2026-03-30,535.0,PE,SONACOMS26MAR535PE,0.0,0.0,0.0,26.35,26.35,26.35,531.8,22.95,2450,0,0,0.0,0,F1,1225,,,,,
2026-02-18,2026-02-18,FO,NSE,STO,159211,,SONACOMS,,2026-03-30,2026-03-30,490.0,PE,SONACOMS26MAR490PE,0.0,0.0,0.0,8.35,8.35,8.35,531.8,6.5,4900,0,0,0.0,0,F1,1225,,,,,
2026-02-18,2026-02-18,FO,NSE,STO,159201,,SONACOMS,,2026-03-30,2026-03-30,440.0,PE,SONACOMS26MAR440PE,0.0,0.0,0.0,16.55,0.0,16.55,531.8,0.75,0,0,0,0.0,0,F1,1225,,,,,
2026-02-18,2026-02-18,FO,NSE,STO,136873,,SONACOMS,,2026-02-24,2026-02-24,510.0,PE,SONACOMS26FEB510PE,2.3,3.2,1.4,1.45,1.55,2.65,531.8,1.45,173950,20825,88,55183861.25,88,F1,1225,,,,,
2026-02-18,2026-02-18,FO,NSE,STO,159135,,SONACOMS,,2026-02-24,2026-02-24,495.0,PE,SONACOMS26FEB495PE,1.3,1.35,0.6,0.6,0.6,1.2,531.8,0.6,189875,-6125,65,39498900.0,62,F1,1225,,,,,
2026-02-18,2026-02-18,FO,NSE,STO,168064,,SONACOMS,,2026-04-28,2026-04-28,490.0,CE,SONACOMS26APR490CE,0.0,0.0,0.0,40.55,0.0,40.55,531.8,58.1,0,0,0,0.0,0,F1,1225,,,,,
2026-02-18,2026-02-18,FO,NSE,STO,168066,,SONACOMS,,2026-04-28,2026-04-28,500.0,CE,SONACOMS26APR500CE,0.0,0.0,0.0,36.0,0.0,36.0,531.8,51.25,0,0,0,0.0,0,F1,1225,,,,,
2026-02-18,2026-02-18,FO,NSE,STO,159209,,SONACOMS,,2026-03-30,2026-03-30,480.0,PE,SONACOMS26MAR480PE,0.0,0.0,0.0,33.25,0.0,33.25,531.8,4.55,0,0,0,0.0,0,F1,1225,,,,,
2026-02-18,2026-02-18,FO,NSE,STO,159219,,SONACOMS,,2026-03-30,2026-03-30,530.0,PE,SONACOMS26MAR530PE,21.95,22.4,20.05,20.9,20.9,21.95,531.8,20.45,18375,12250,10,6752077.5,10,F1,1225,,,,,
2026-02-18,2026-02-18,FO,NSE,STO,168051,,SONACOMS,,2026-04-28,2026-04-28,420.0,PE,SONACOMS26APR420PE,0.0,0.0,0.0,9.8,0.0,9.8,531.8,1.15,0,0,0,0.0,0,F1,1225,,,,,
2026-02-18,2026-02-18,FO,NSE,STO,159196,,SONACOMS,,2026-03-30,2026-03-30,420.0,CE,SONACOMS26MAR420CE,0.0,0.0,0.0,75.85,0.0,75.85,531.8,114.55,0,0,0,0.0,0,F1,1225,,,,,
2026-02-18,2026-02-18,FO,NSE,STO,159144,,SONACOMS,,2026-02-24,2026-02-24,545.0,CE,SONACOMS26FEB545CE,3.45,3.75,2.7,3.6,3.65,4.35,531.8,3.6,162925,-3675,62,41638117.5,60,F1,1225,,,,,
2026-02-18,2026-02-18,FO,NSE,STO,159136,,SONACOMS,,2026-02-24,2026-02-24,505.0,CE,SONACOMS26FEB505CE,0.0,0.0,0.0,26.2,26.2,26.2,531.8,28.35,47775,0,0,0.0,0,F1,1225,,,,,
2026-02-18,2026-02-18,FO,NSE,STF,67014,,SONACOMS,,2026-04-28,2026-04-28,,,SONACOMS26APRFUT,534.65,538.4,532.0,536.0,536.0,538.3,531.8,537.35,68600,6125,11,7220823.75,11,F1,1225,,,,,
2026-02-18,2026-02-18,FO,NSE,STO,167996,,SONACOMS,,2026-03-30,2026-03-30,535.0,CE,SONACOMS26MAR535CE,0.0,0.0,0.0,16.05,0.0,16.05,531.8,23.0,0,0,0,0.0,0,F1,1225,,,,,
2026-02-18,2026-02-18,FO,NSE,STO,168002,,SONACOMS,,2026-03-30,2026-03-30,565.0,CE,SONACOMS26MAR565CE,0.0,0.0,0.0,14.85,14.85,14.85,531.8,11.65,2450,0,0,0.0,0,F1,1225,,,,,
2026-02-18,2026-02-18,FO,NSE,STO,159228,,SONACOMS,,2026-03-30,2026-03-30,580.0,CE,SONACOMS26MAR580CE,0.0,0.0,0.0,8.5,8.5,8.5,531.8,7.95,2450,0,0,0.0,0,F1,1225,,,,,
2026-02-18,2026-02-18,FO,NSE,STO,168060,,SONACOMS,,2026-04-28,2026-04-28,470.0,CE,SONACOMS26APR470CE,0.0,0.0,0.0,50.9,0.0,50.9,531.8,73.25,0,0,0,0.0,0,F1,1225,,,,,
2026-02-18,2026-02-18,FO,NSE,STO,159206,,SONACOMS,,2026-03-30,2026-03-30,470.0,CE,SONACOMS26MAR470CE,0.0,0.0,0.0,44.15,0.0,44.15,531.8,67.7,0,0,0,0.0,0,F1,1225,,,,,
2026-02-18,2026-02-18,FO,NSE,STO,159158,,SONACOMS,,2026-02-24,2026-02-24,615.0,CE,SONACOMS26FEB615CE,0.0,0.0,0.0,1.9,0.0,1.9,531.8,0.05,0,0,0,0.0,0,F1,1225,,,,,
2026-02-18,2026-02-18,FO,NSE,STO,136892,,SONACOMS,,2026-02-24,2026-02-24,610.0,CE,SONACOMS26FEB610CE,0.3,0.3,0.3,0.3,0.3,0.55,531.8,0.05,1225,-2450,2,1495235.0,1,F1,1225,,,,,
2026-02-18,2026-02-18,FO,NSE,STO,136848,,SONACOMS,,2026-02-24,2026-02-24,400.0,CE,SONACOMS26FEB400CE,0.0,0.0,0.0,131.65,131.65,131.65,531.8,132.15,3675,0,0,0.0,0,F1,1225,,,,,
2026-02-18,2026-02-18,FO,NSE,STO,168046,,SONACOMS,,2026-04-28,2026-04-28,400.0,CE,SONACOMS26APR400CE,0.0,0.0,0.0,99.9,0.0,99.9,531.8,136.4,0,0,0,0.0,0,F1,1225,,,,,
2026-02-18,2026-02-18,FO,NSE,STO,168085,,SONACOMS,,2026-04-28,2026-04-28,590.0,PE,SONACOMS26APR590PE,0.0,0.0,0.0,103.8,0.0,103.8,531.8,64.25,0,0,0,0.0,0,F1,1225,,,,,
2026-02-18,2026-02-18,FO,NSE,STO,168073,,SONACOMS,,2026-04-28,2026-04-28,530.0,PE,SONACOMS26APR530PE,0.0,0.0,0.0,58.75,0.0,58.75,531.8,26.45,0,0,0,0.0,0,F1,1225,,,,,
2026-02-18,2026-02-18,FO,NSE,STO,168001,,SONACOMS,,2026-03-30,2026-03-30,555.0,PE,SONACOMS26MAR555PE,0.0,0.0,0.0,38.05,38.05,38.05,531.8,34.65,2450,0,0,0.0,0,F1,1225,,,,,
2026-02-18,2026-02-18,FO,NSE,STO,167993,,SONACOMS,,2026-03-30,2026-03-30,515.0,PE,SONACOMS26MAR515PE,0.0,0.0,0.0,14.45,14.45,14.45,531.8,14.0,2450,0,0,0.0,0,F1,1225,,,,,
2026-02-18,2026-02-18,FO,NSE,STO,167981,,SONACOMS,,2026-03-30,2026-03-30,455.0,PE,SONACOMS26MAR455PE,0.0,0.0,0.0,15.05,0.0,15.05,531.8,1.55,0,0,0,0.0,0,F1,1225,,,,,
2026-02-18,2026-02-18,FO,NSE,STO,136895,,SONACOMS,,2026-02-24,2026-02-24,620.0,PE,SONACOMS26FEB620PE,0.0,0.0,0.0,86.15,86.15,86.15,531.8,87.65,7350,0,0,0.0,0,F1,1225,,,,,
2026-02-18,2026-02-18,FO,NSE,STO,136889,,SONACOMS,,2026-02-24,2026-02-24,590.0,PE,SONACOMS26FEB590PE,0.0,0.0,0.0,93.95,0.0,93.95,531.8,57.7,0,0,0,0.0,0,F1,1225,,,,,
2026-02-18,2026-02-18,FO,NSE,STO,168062,,SONACOMS,,2026-04-28,2026-04-28,480.0,CE,SONACOMS26APR480CE,0.0,0.0,0.0,45.5,0.0,45.5,531.8,65.45,0,0,0,0.0,0,F1,1225,,,,,
2026-02-18,2026-02-18,FO,NSE,STO,159234,,SONACOMS,,2026-03-30,2026-03-30,610.0,CE,SONACOMS26MAR610CE,0.0,0.0,0.0,5.85,0.0,5.85,531.8,3.4,0,0,0,0.0,0,F1,1225,,,,,
2026-02-18,2026-02-18,FO,NSE,STO,168047,,SONACOMS,,2026-04-28,2026-04-28,400.0,PE,SONACOMS26APR400PE,0.0,0.0,0.0,6.0,0.0,6.0,531.8,0.45,0,0,0,0.0,0,F1,1225,,,,,
2026-02-18,2026-02-18,FO,NSE,STO,168055,,SONACOMS,,2026-04-28,2026-04-28,440.0,PE,SONACOMS26APR440PE,0.0,0.0,0.0,15.05,0.0,15.05,531.8,2.5,0,0,0,0.0,0,F1,1225,,,,,
2026-02-18,2026-02-18,FO,NSE,STO,168061,,SONACOMS,,2026-04-28,2026-04-28,470.0,PE,SONACOMS26APR470PE,0.0,0.0,0.0,25.9,0.0,25.9,531.8,6.6,0,0,0,0.0,0,F1,1225,,,,,
2026-02-18,2026-02-18,FO,NSE,STO,159227,,SONACOMS,,2026-03-30,2026-03-30,570.0,PE,SONACOMS26MAR570PE,0.0,0.0,0.0,93.9,0.0,93.9,531.8,45.05,0,0,0,0.0,0,F1,1225,,,,,
2026-02-18,2026-02-18,FO,NSE,STO,159152,,SONACOMS,,2026-02-24,2026-02-24,585.0,CE,SONACOMS26FEB585CE,0.0,0.0,0.0,3.85,0.0,3.85,531.8,0.1,0,0,0,0.0,0,F1,1225,,,,,
2026-02-18,2026-02-18,FO,NSE,STO,167990,,SONACOMS,,2026-03-30,2026-03-30,505.0,CE,SONACOMS26MAR505CE,0.0,0.0,0.0,26.2,0.0,26.2,531.8,40.35,0,0,0,0.0,0,F1,1225,,,,,
2026-02-18,2026-02-18,FO,NSE,STO,167992,,SONACOMS,,2026-03-30,2026-03-30,515.0,CE,SONACOMS26MAR515CE,0.0,0.0,0.0,22.4,0.0,22.4,531.8,33.9,0,0,0,0.0,0,F1,1225,,,,,
2026-02-18,2026-02-18,FO,NSE,STO,159218,,SONACOMS,,2026-03-30,2026-03-30,530.0,CE,SONACOMS26MAR530CE,25.05,25.3,23.6,25.3,25.3,25.6,531.8,25.45,18375,0,8,5435080.0,8,F1,1225,,,,,
2026-02-18,2026-02-18,FO,NSE,STO,159236,,SONACOMS,,2026-03-30,2026-03-30,620.0,CE,SONACOMS26MAR620CE,0.0,0.0,0.0,4.95,0.0,4.95,531.8,2.5,0,0,0,0.0,0,F1,1225,,,,,
2026-02-18,2026-02-18,FO,NSE,STO,168080,,SONACOMS,,2026-04-28,2026-04-28,570.0,CE,SONACOMS26APR570CE,0.0,0.0,0.0,14.25,0.0,14.25,531.8,17.55,0,0,0,0.0,0,F1,1225,,,,,
2026-02-18,2026-02-18,FO,NSE,STO,168084,,SONACOMS,,2026-04-28,2026-04-28,590.0,CE,SONACOMS26APR590CE,0.0,0.0,0.0,10.6,0.0,10.6,531.8,12.15,0,0,0,0.0,0,F1,1225,,,,,
2026-02-18,2026-02-18,FO,NSE,STO,136853,,SONACOMS,,2026-02-24,2026-02-24,420.0,PE,SONACOMS26FEB420PE,0.0,0.0,0.0,0.3,0.3,0.3,531.8,0.05,124950,0,0,0.0,0,F1,1225,,,,,
2026-02-18,2026-02-18,FO,NSE,STO,136867,,SONACOMS,,2026-02-24,2026-02-24,480.0,PE,SONACOMS26FEB480PE,0.55,0.7,0.5,0.5,0.5,0.75,531.8,0.5,231525,-11025,12,7064452.5,7,F1,1225,,,,,
2026-02-18,2026-02-18,FO,NSE,STO,159133,,SONACOMS,,2026-02-24,2026-02-24,485.0,PE,SONACOMS26FEB485PE,0.75,0.85,0.5,0.5,0.5,0.95,531.8,0.5,72275,-13475,41,24393547.5,40,F1,1225,,,,,
2026-02-18,2026-02-18,FO,NSE,STO,136875,,SONACOMS,,2026-02-24,2026-02-24,520.0,PE,SONACOMS26FEB520PE,4.7,5.15,2.8,3.05,3.15,4.8,531.8,3.05,184975,-15925,145,93048795.0,134,F1,1225,,,,,
2026-02-18,2026-02-18,FO,NSE,STO,167987,,SONACOMS,,2026-03-30,2026-03-30,485.0,PE,SONACOMS26MAR485PE,0.0,0.0,0.0,8.95,8.95,8.95,531.8,5.45,2450,0,0,0.0,0,F1,1225,,,,,
2026-02-18,2026-02-18,FO,NSE,STO,167991,,SONACOMS,,2026-03-30,2026-03-30,505.0,PE,SONACOMS26MAR505PE,0.0,0.0,0.0,11.95,11.95,11.95,531.8,10.5,2450,0,0,0.0,0,F1,1225,,,,,
2026-02-18,2026-02-18,FO,NSE,STO,159221,,SONACOMS,,2026-03-30,2026-03-30,540.0,PE,SONACOMS26MAR540PE,0.0,0.0,0.0,28.1,28.5,28.1,531.8,25.65,24500,0,0,0.0,0,F1,1225,,,,,
2026-02-18,2026-02-18,FO,NSE,STO,159225,,SONACOMS,,2026-03-30,2026-03-30,560.0,PE,SONACOMS26MAR560PE,0.0,0.0,0.0,85.9,0.0,85.9,531.8,38.0,0,0,0,0.0,0,F1,1225,,,,,
2026-02-18,2026-02-18,FO,NSE,STO,168005,,SONACOMS,,2026-03-30,2026-03-30,575.0,PE,SONACOMS26MAR575PE,0.0,0.0,0.0,88.95,0.0,88.95,531.8,48.8,0,0,0,0.0,0,F1,1225,,,,,
2026-02-18,2026-02-18,FO,NSE,STO,136863,,SONACOMS,,2026-02-24,2026-02-24,460.0,PE,SONACOMS26FEB460PE,0.3,0.4,0.3,0.35,0.3,0.4,531.8,0.35,86975,3675,18,10150717.5,17,F1,1225,,,,,
2026-02-18,2026-02-18,FO,NSE,STO,136871,,SONACOMS,,2026-02-24,2026-02-24,500.0,PE,SONACOMS26FEB500PE,1.4,1.6,0.8,0.85,0.85,1.6,531.8,0.85,196000,-7350,120,73679401.25,101,F1,1225,,,,,
2026-02-18,2026-02-18,FO,NSE,STO,159151,,SONACOMS,,2026-02-24,2026-02-24,575.0,PE,SONACOMS26FEB575PE,0.0,0.0,0.0,95.7,0.0,95.7,531.8,43.0,0,0,0,0.0,0,F1,1225,,,,,
2026-02-18,2026-02-18,FO,NSE,STO,136891,,SONACOMS,,2026-02-24,2026-02-24,600.0,PE,SONACOMS26FEB600PE,0.0,0.0,0.0,70.0,70.0,70.0,531.8,67.65,19600,0,0,0.0,0,F1,1225,,,,,
2026-02-18,2026-02-18,FO,NSE,STO,136893,,SONACOMS,,2026-02-24,2026-02-24,610.0,PE,SONACOMS26FEB610PE,0.0,0.0,0.0,110.15,0.0,110.15,531.8,77.65,0,0,0,0.0,0,F1,1225,,,,,
2026-02-18,2026-02-18,FO,NSE,STO,159215,,SONACOMS,,2026-03-30,2026-03-30,510.0,PE,SONACOMS26MAR510PE,0.0,0.0,0.0,16.05,16.05,16.05,531.8,12.15,3675,0,0,0.0,0,F1,1225,,,,,
2026-02-18,2026-02-18,FO,NSE,STO,168007,,SONACOMS,,2026-03-30,2026-03-30,585.0,PE,SONACOMS26MAR585PE,0.0,0.0,0.0,97.5,0.0,97.5,531.8,56.6,0,0,0,0.0,0,F1,1225,,,,,
2026-02-18,2026-02-18,FO,NSE,STO,168071,,SONACOMS,,2026-04-28,2026-04-28,520.0,PE,SONACOMS26APR520PE,0.0,0.0,0.0,52.3,0.0,52.3,531.8,21.9,0,0,0,0.0,0,F1,1225,,,,,
2026-02-18,2026-02-18,FO,NSE,STO,159226,,SONACOMS,,2026-03-30,2026-03-30,570.0,CE,SONACOMS26MAR570CE,0.0,0.0,0.0,11.1,0.0,11.1,531.8,10.3,0,0,0,0.0,0,F1,1225,,,,,
2026-02-18,2026-02-18,FO,NSE,STO,159212,,SONACOMS,,2026-03-30,2026-03-30,500.0,CE,SONACOMS26MAR500CE,43.0,43.0,43.0,43.0,43.0,45.0,531.8,43.0,13475,1225,2,1330350.0,2,F1,1225,,,,,
2026-02-18,2026-02-18,FO,NSE,STO,167988,,SONACOMS,,2026-03-30,2026-03-30,495.0,CE,SONACOMS26MAR495CE,0.0,0.0,0.0,30.5,0.0,30.5,531.8,47.45,0,0,0,0.0,0,F1,1225,,,,,
2026-02-18,2026-02-18,FO,NSE,STO,167984,,SONACOMS,,2026-03-30,2026-03-30,475.0,CE,SONACOMS26MAR475CE,0.0,0.0,0.0,40.55,0.0,40.55,531.8,63.4,0,0,0,0.0,0,F1,1225,,,,,
2026-02-18,2026-02-18,FO,NSE,STO,167978,,SONACOMS,,2026-03-30,2026-03-30,445.0,CE,SONACOMS26MAR445CE,0.0,0.0,0.0,59.45,0.0,59.45,531.8,90.45,0,0,0,0.0,0,F1,1225,,,,,
2026-02-18,2026-02-18,FO,NSE,STO,159154,,SONACOMS,,2026-02-24,2026-02-24,595.0,CE,SONACOMS26FEB595CE,0.0,0.0,0.0,3.05,0.0,3.05,531.8,0.05,0,0,0,0.0,0,F1,1225,,,,,
2026-02-18,2026-02-18,FO,NSE,STO,136886,,SONACOMS,,2026-02-24,2026-02-24,580.0,CE,SONACOMS26FEB580CE,0.7,0.7,0.45,0.6,0.6,0.65,531.8,0.6,91875,12250,26,18491375.0,26,F1,1225,,,,,
2026-02-18,2026-02-18,FO,NSE,STO,136882,,SONACOMS,,2026-02-24,2026-02-24,560.0,CE,SONACOMS26FEB560CE,1.6,1.6,1.1,1.5,1.5,1.8,531.8,1.5,311150,-3675,172,118278895.0,154,F1,1225,,,,,
2026-02-18,2026-02-18,FO,NSE,STO,159142,,SONACOMS,,2026-02-24,2026-02-24,535.0,CE,SONACOMS26FEB535CE,6.5,7.3,5.0,6.8,6.4,7.5,531.8,6.8,621075,-62475,273,181084461.25,199,F1,1225,,,,,
2026-02-18,2026-02-18,FO,NSE,STO,136876,,SONACOMS,,2026-02-24,2026-02-24,530.0,CE,SONACOMS26FEB530CE,8.6,9.75,6.4,8.9,9.2,9.65,531.8,8.9,441000,-7350,286,188592057.5,249,F1,1225,,,,,
2026-02-18,2026-02-18,FO,NSE,STF,59471,,SONACOMS,,2026-02-24,2026-02-24,,,SONACOMS26FEBFUT,528.15,533.7,525.0,532.6,533.15,531.15,531.8,532.6,13734700,-224175,1052,683440913.75,945,F1,1225,,,,,
2026-02-18,2026-02-18,FO,NSE,STO,136851,,SONACOMS,,2026-02-24,2026-02-24,410.0,PE,SONACOMS26FEB410PE,0.0,0.0,0.0,0.2,0.2,0.2,531.8,0.05,34300,0,0,0.0,0,F1,1225,,,,,
2026-02-18,2026-02-18,FO,NSE,STO,136845,,SONACOMS,,2026-02-24,2026-02-24,380.0,PE,SONACOMS26FEB380PE,0.0,0.0,0.0,1.2,1.2,1.2,531.8,0.05,2450,0,0,0.0,0,F1,1225,,,,,
2026-02-18,2026-02-18,FO,NSE,STO,159134,,SONACOMS,,2026-02-24,2026-02-24,495.0,CE,SONACOMS26FEB495CE,34.45,39.05,34.45,38.8,38.5,38.4,531.8,38.8,140875,-9800,19,12365640.0,8,F1,1225,,,,,
2026-02-18,2026-02-18,FO,NSE,STO,159132,,SONACOMS,,2026-02-24,2026-02-24,485.0,CE,SONACOMS26FEB485CE,45.75,47.25,45.35,45.35,45.35,42.15,531.8,47.35,25725,-1225,4,2602451.25,4,F1,1225,,,,,
2026-02-18,2026-02-18,FO,NSE,STO,136866,,SONACOMS,,2026-02-24,2026-02-24,480.0,CE,SONACOMS26FEB480CE,53.0,53.0,52.95,52.95,52.95,53.2,531.8,52.95,142100,0,2,1305788.75,2,F1,1225,,,,,
2026-02-18,2026-02-18,FO,NSE,STO,168074,,SONACOMS,,2026-04-28,2026-04-28,540.0,CE,SONACOMS26APR540CE,0.0,0.0,0.0,21.6,0.0,21.6,531.8,28.95,0,0,0,0.0,0,F1,1225,,,,,
2026-02-18,2026-02-18,FO,NSE,STO,168089,,SONACOMS,,2026-04-28,2026-04-28,610.0,PE,SONACOMS26APR610PE,0.0,0.0,0.0,120.7,0.0,120.7,531.8,80.1,0,0,0,0.0,0,F1,1225,,,,,
2026-02-18,2026-02-18,FO,NSE,STO,159139,,SONACOMS,,2026-02-24,2026-02-24,515.0,PE,SONACOMS26FEB515PE,4.0,4.0,1.95,2.1,2.15,3.45,531.8,2.1,135975,12250,62,39312822.5,59,F1,1225,,,,,
2026-02-18,2026-02-18,FO,NSE,STO,136865,,SONACOMS,,2026-02-24,2026-02-24,470.0,PE,SONACOMS26FEB470PE,0.5,0.55,0.35,0.35,0.35,0.6,531.8,0.35,80850,-4900,24,13831291.25,22,F1,1225,,,,,
2026-02-18,2026-02-18,FO,NSE,STO,168069,,SONACOMS,,2026-04-28,2026-04-28,510.0,PE,SONACOMS26APR510PE,0.0,0.0,0.0,46.25,0.0,46.25,531.8,17.8,0,0,0,0.0,0,F1,1225,,,,,
2026-02-18,2026-02-18,FO,NSE,STO,167999,,SONACOMS,,2026-03-30,2026-03-30,545.0,PE,SONACOMS26MAR545PE,0.0,0.0,0.0,29.9,29.9,29.9,531.8,28.5,3675,0,0,0.0,0,F1,1225,,,,,
2026-02-18,2026-02-18,FO,NSE,STO,136858,,SONACOMS,,2026-02-24,2026-02-24,440.0,CE,SONACOMS26FEB440CE,0.0,0.0,0.0,90.2,90.2,90.2,531.8,92.2,6125,0,0,0.0,0,F1,1225,,,,,
2026-02-18,2026-02-18,FO,NSE,STO,159130,,SONACOMS,,2026-02-24,2026-02-24,475.0,CE,SONACOMS26FEB475CE,54.55,59.05,54.5,58.7,58.3,52.25,531.8,58.7,15925,1225,7,4553815.0,6,F1,1225,,,,,
2026-02-18,2026-02-18,FO,NSE,STO,136868,,SONACOMS,,2026-02-24,2026-02-24,490.0,CE,SONACOMS26FEB490CE,38.0,42.0,38.0,41.6,41.2,43.75,531.8,41.6,98000,1225,8,5187813.75,6,F1,1225,,,,,
2026-02-18,2026-02-18,FO,NSE,STO,136872,,SONACOMS,,2026-02-24,2026-02-24,510.0,CE,SONACOMS26FEB510CE,24.0,24.05,24.0,24.05,24.05,24.95,531.8,24.0,73500,1225,2,1308361.25,2,F1,1225,,,,,
2026-02-18,2026-02-18,FO,NSE,STO,136890,,SONACOMS,,2026-02-24,2026-02-24,600.0,CE,SONACOMS26FEB600CE,0.2,0.3,0.2,0.3,0.3,0.25,531.8,0.3,145775,-15925,19,13970573.75,15,F1,1225,,,,,
2026-02-18,2026-02-18,FO,NSE,STO,167980,,SONACOMS,,2026-03-30,2026-03-30,455.0,CE,SONACOMS26MAR455CE,0.0,0.0,0.0,52.65,0.0,52.65,531.8,81.1,0,0,0,0.0,0,F1,1225,,,,,
2026-02-18,2026-02-18,FO,NSE,STO,167986,,SONACOMS,,2026-03-30,2026-03-30,485.0,CE,SONACOMS26MAR485CE,0.0,0.0,0.0,35.25,0.0,35.25,531.8,55.15,0,0,0,0.0,0,F1,1225,,,,,
2026-02-18,2026-02-18,FO,NSE,STO,168012,,SONACOMS,,2026-03-30,2026-03-30,615.0,CE,SONACOMS26MAR615CE,0.0,0.0,0.0,3.5,0.0,3.5,531.8,2.9,0,0,0,0.0,0,F1,1225,,,,,
2026-02-18,2026-02-18,FO,NSE,STO,168058,,SONACOMS,,2026-04-28,2026-04-28,460.0,CE,SONACOMS26APR460CE,0.0,0.0,0.0,56.7,0.0,56.7,531.8,81.45,0,0,0,0.0,0,F1,1225,,,,,
2026-02-18,2026-02-18,FO,NSE,STO,168068,,SONACOMS,,2026-04-28,2026-04-28,510.0,CE,SONACOMS26APR510CE,0.0,0.0,0.0,31.85,0.0,31.85,531.8,44.9,0,0,0,0.0,0,F1,1225,,,,,
2026-02-18,2026-02-18,FO,NSE,STO,168070,,SONACOMS,,2026-04-28,2026-04-28,520.0,CE,SONACOMS26APR520CE,0.0,0.0,0.0,28.05,0.0,28.05,531.8,39.05,0,0,0,0.0,0,F1,1225,,,,,
2026-02-18,2026-02-18,FO,NSE,STO,168082,,SONACOMS,,2026-04-28,2026-04-28,580.0,CE,SONACOMS26APR580CE,0.0,0.0,0.0,12.3,0.0,12.3,531.8,14.65,0,0,0,0.0,0,F1,1225,,,,,
2026-02-18,2026-02-18,FO,NSE,STO,136857,,SONACOMS,,2026-02-24,2026-02-24,430.0,PE,SONACOMS26FEB430PE,0.0,0.0,0.0,0.25,0.25,0.25,531.8,0.05,35525,0,0,0.0,0,F1,1225,,,,,
2026-02-18,2026-02-18,FO,NSE,STO,136859,,SONACOMS,,2026-02-24,2026-02-24,440.0,PE,SONACOMS26FEB440PE,0.3,0.3,0.3,0.3,0.3,0.35,531.8,0.05,60025,0,2,1078735.0,1,F1,1225,,,,,
2026-02-18,2026-02-18,FO,NSE,STO,136887,,SONACOMS,,2026-02-24,2026-02-24,580.0,PE,SONACOMS26FEB580PE,0.0,0.0,0.0,43.45,43.45,43.45,531.8,47.85,17150,0,0,0.0,0,F1,1225,,,,,
2026-02-18,2026-02-18,FO,NSE,STO,159197,,SONACOMS,,2026-03-30,2026-03-30,420.0,PE,SONACOMS26MAR420PE,0.0,0.0,0.0,5.6,5.6,5.6,531.8,0.25,2450,0,0,0.0,0,F1,1225,,,,,
2026-02-18,2026-02-18,FO,NSE,STO,159213,,SONACOMS,,2026-03-30,2026-03-30,500.0,PE,SONACOMS26MAR500PE,10.05,10.05,8.0,8.35,8.3,9.4,531.8,8.35,28175,11025,12,7477032.5,12,F1,1225,,,,,
2026-02-18,2026-02-18,FO,NSE,STO,168076,,SONACOMS,,2026-04-28,2026-04-28,550.0,CE,SONACOMS26APR550CE,0.0,0.0,0.0,18.85,0.0,18.85,531.8,24.7,0,0,0,0.0,0,F1,1225,,,,,
2026-02-18,2026-02-18,FO,NSE,STO,159232,,SONACOMS,,2026-03-30,2026-03-30,600.0,CE,SONACOMS26MAR600CE,7.55,7.55,5.0,5.4,5.4,7.0,531.8,5.4,11025,8575,14,10382548.75,14,F1,1225,,,,,
2026-02-18,2026-02-18,FO,NSE,STO,159214,,SONACOMS,,2026-03-30,2026-03-30,510.0,CE,SONACOMS26MAR510CE,0.0,0.0,0.0,26.6,0.0,26.6,531.8,37.05,0,0,0,0.0,0,F1,1225,,,,,
2026-02-18,2026-02-18,FO,NSE,STO,167982,,SONACOMS,,2026-03-30,2026-03-30,465.0,CE,SONACOMS26MAR465CE,0.0,0.0,0.0,46.35,0.0,46.35,531.8,72.05,0,0,0,0.0,0,F1,1225,,,,,
2026-02-18,2026-02-18,FO,NSE,STO,136888,,SONACOMS,,2026-02-24,2026-02-24,590.0,CE,SONACOMS26FEB590CE,0.35,0.45,0.3,0.45,0.45,0.4,531.8,0.05,112700,-4900,15,10847926.25,9,F1,1225,,,,,
2026-02-18,2026-02-18,FO,NSE,STO,136880,,SONACOMS,,2026-02-24,2026-02-24,550.0,CE,SONACOMS26FEB550CE,2.95,3.0,1.9,2.6,2.65,3.15,531.8,2.6,481425,-79625,327,221276160.0,289,F1,1225,,,,,
2026-02-18,2026-02-18,FO,NSE,STO,136878,,SONACOMS,,2026-02-24,2026-02-24,540.0,CE,SONACOMS26FEB540CE,5.55,5.65,3.55,5.0,5.0,5.4,531.8,5.0,1283800,34300,446,297542822.5,376,F1,1225,,,,,
2026-02-18,2026-02-18,FO,NSE,STO,136864,,SONACOMS,,2026-02-24,2026-02-24,470.0,CE,SONACOMS26FEB470CE,0.0,0.0,0.0,63.35,63.35,63.35,531.8,62.25,105350,0,0,0.0,0,F1,1225,,,,,
2026-02-18,2026-02-18,FO,NSE,STO,159128,,SONACOMS,,2026-02-24,2026-02-24,465.0,CE,SONACOMS26FEB465CE,64.2,69.15,64.2,68.6,69.15,67.6,531.8,68.6,18375,-7350,8,5204167.5,6,F1,1225,,,,,
2026-02-18,2026-02-18,FO,NSE,STO,136862,,SONACOMS,,2026-02-24,2026-02-24,460.0,CE,SONACOMS26FEB460CE,0.0,0.0,0.0,75.45,75.45,75.45,531.8,72.2,42875,0,0,0.0,0,F1,1225,,,,,
2026-02-18,2026-02-18,FO,NSE,STO,159124,,SONACOMS,,2026-02-24,2026-02-24,445.0,CE,SONACOMS26FEB445CE,87.2,87.2,87.2,87.2,87.2,86.85,531.8,87.2,6125,-1225,1,651945.0,1,F1,1225,,,,,
2026-02-18,2026-02-18,FO,NSE,STF,52036,,SONACOMS,,2026-03-30,2026-03-30,,,SONACOMS26MARFUT,531.9,536.9,528.2,535.8,535.6,533.85,531.8,535.8,946925,477750,657,429634511.25,592,F1,1225,,,,,
2026-02-18,2026-02-18,FO,NSE,STO,167995,,SONACOMS,,2026-03-30,2026-03-30,525.0,PE,SONACOMS26MAR525PE,0.0,0.0,0.0,50.75,0.0,50.75,531.8,18.15,0,0,0,0.0,0,F1,1225,,,,,
2026-02-18,2026-02-18,FO,NSE,STO,91875,,ETERNAL,,2026-02-24,2026-02-24,280.0,PE,ETERNAL26FEB280PE,4.4,9.6,3.25,6.65,6.75,5.1,277.35,6.65,4927600,-184300,6645,4620481752.5,5601,F1,2425,,,,,
2026-02-18,2026-02-18,FO,NSE,STO,91920,,ETERNAL,,2026-02-24,2026-02-24,310.0,PE,ETERNAL26FEB310PE,29.15,36.9,29.15,33.3,33.5,29.1,277.35,33.3,1450150,-33950,66,54966262.5,52,F1,2425,,,,,
2026-02-18,2026-02-18,FO,NSE,STO,91864,,ETERNAL,,2026-02-24,2026-02-24,280.0,CE,ETERNAL26FEB280CE,7.3,7.95,2.8,3.65,3.6,6.7,277.35,3.65,6945200,2272225,13844,9529630533.75,8386,F1,2425,,,,,
2026-02-18,2026-02-18,FO,NSE,STO,95175,,ETERNAL,,2026-03-30,2026-03-30,240.0,CE,ETERNAL26MAR240CE,0.0,0.0,0.0,47.95,0.0,47.95,277.35,40.55,0,0,0,0.0,0,F1,2425,,,,,
2026-02-18,2026-02-18,FO,NSE,STO,95238,,ETERNAL,,2026-03-30,2026-03-30,320.0,CE,ETERNAL26MAR320CE,3.6,3.6,1.9,2.1,2.15,3.3,277.35,2.1,1612625,485000,526,411197065.0,387,F1,2425,,,,,
2026-02-18,2026-02-18,FO,NSE,STO,95241,,ETERNAL,,2026-03-30,2026-03-30,330.0,PE,ETERNAL26MAR330PE,48.0,53.65,48.0,53.65,53.65,42.0,277.35,52.2,160050,65475,27,24929000.0,13,F1,2425,,,,,
2026-02-18,2026-02-18,FO,NSE,STO,107764,,ETERNAL,,2026-03-30,2026-03-30,335.0,CE,ETERNAL26MAR335CE,0.0,0.0,0.0,1.7,0.0,1.7,277.35,1.2,0,0,0,0.0,0,F1,2425,,,,,
2026-02-18,2026-02-18,FO,NSE,STO,107640,,ETERNAL,,2026-03-30,2026-03-30,255.0,PE,ETERNAL26MAR255PE,3.8,5.6,3.8,4.3,4.3,4.1,277.35,4.3,101850,82450,70,44124208.75,52,F1,2425,,,,,
2026-02-18,2026-02-18,FO,NSE,STO,91837,,ETERNAL,,2026-02-24,2026-02-24,230.0,PE,ETERNAL26FEB230PE,0.1,0.15,0.1,0.1,0.1,0.1,277.35,0.1,923925,-121250,204,113830712.5,103,F1,2425,,,,,
2026-02-18,2026-02-18,FO,NSE,STO,95184,,ETERNAL,,2026-03-30,2026-03-30,270.0,PE,ETERNAL26MAR270PE,7.4,10.65,7.0,8.8,8.75,7.85,277.35,8.8,744475,274025,338,228953586.25,267,F1,2425,,,,,
2026-02-18,2026-02-18,FO,NSE,STO,107751,,ETERNAL,,2026-03-30,2026-03-30,325.0,PE,ETERNAL26MAR325PE,0.0,0.0,0.0,70.1,0.0,70.1,277.35,47.7,0,0,0,0.0,0,F1,2425,,,,,
2026-02-18,2026-02-18,FO,NSE,STO,107805,,ETERNAL,,2026-04-28,2026-04-28,330.0,PE,ETERNAL26APR330PE,0.0,0.0,0.0,75.25,0.0,75.25,277.35,53.35,0,0,0,0.0,0,F1,2425,,,,,
2026-02-18,2026-02-18,FO,NSE,STF,66824,,ETERNAL,,2026-04-28,2026-04-28,,,ETERNAL26APRFUT,287.45,287.45,276.55,280.8,280.45,285.35,277.35,280.8,2313450,368600,347,235619062.5,340,F1,2425,,,,,
2026-02-18,2026-02-18,FO,NSE,STO,91842,,ETERNAL,,2026-02-24,2026-02-24,260.0,CE,ETERNAL26FEB260CE,23.15,23.15,14.75,17.4,17.85,22.3,277.35,17.4,1299800,-12125,122,82029505.0,120,F1,2425,,,,,
2026-02-18,2026-02-18,FO,NSE,STO,91862,,ETERNAL,,2026-02-24,2026-02-24,270.0,CE,ETERNAL26FEB270CE,14.25,14.25,7.3,9.25,9.35,13.65,277.35,9.25,1663550,21825,1907,1290430770.0,1766,F1,2425,,,,,
2026-02-18,2026-02-18,FO,NSE,STO,107641,,ETERNAL,,2026-03-30,2026-03-30,265.0,CE,ETERNAL26MAR265CE,22.9,22.9,19.4,20.75,20.75,38.0,277.35,20.75,24250,16975,15,10394762.5,13,F1,2425,,,,,
2026-02-18,2026-02-18,FO,NSE,STO,107750,,ETERNAL,,2026-03-30,2026-03-30,325.0,CE,ETERNAL26MAR325CE,2.25,2.25,1.65,1.7,1.7,2.7,277.35,1.7,94575,19400,16,12683841.25,13,F1,2425,,,,,
2026-02-18,2026-02-18,FO,NSE,STO,95239,,ETERNAL,,2026-03-30,2026-03-30,320.0,PE,ETERNAL26MAR320PE,38.5,45.8,38.5,42.3,42.1,41.6,277.35,42.3,109125,55775,28,24637151.25,22,F1,2425,,,,,
2026-02-18,2026-02-18,FO,NSE,STO,95174,,ETERNAL,,2026-03-30,2026-03-30,230.0,PE,ETERNAL26MAR230PE,1.3,1.7,1.25,1.35,1.3,1.25,277.35,1.35,397700,48500,99,55579181.25,71,F1,2425,,,,,
2026-02-18,2026-02-18,FO,NSE,STO,91928,,ETERNAL,,2026-02-24,2026-02-24,340.0,PE,ETERNAL26FEB340PE,62.25,66.3,62.25,65.0,65.0,58.5,277.35,62.35,220675,-92150,65,63725605.0,9,F1,2425,,,,,
2026-02-18,2026-02-18,FO,NSE,STO,91877,,ETERNAL,,2026-02-24,2026-02-24,290.0,PE,ETERNAL26FEB290PE,10.7,17.85,9.75,14.2,14.25,11.25,277.35,14.2,1823600,-395275,1061,782283538.75,884,F1,2425,,,,,
2026-02-18,2026-02-18,FO,NSE,STO,95085,,ETERNAL,,2026-02-24,2026-02-24,265.0,PE,ETERNAL26FEB265PE,1.15,2.45,0.75,1.3,1.3,1.3,277.35,1.3,4811200,-375875,5804,3753572018.75,2920,F1,2425,,,,,
2026-02-18,2026-02-18,FO,NSE,STO,107796,,ETERNAL,,2026-04-28,2026-04-28,290.0,CE,ETERNAL26APR290CE,11.95,11.95,11.95,11.95,11.95,15.5,277.35,14.0,7275,2425,1,732228.75,1,F1,2425,,,,,
2026-02-18,2026-02-18,FO,NSE,STO,107786,,ETERNAL,,2026-04-28,2026-04-28,240.0,CE,ETERNAL26APR240CE,0.0,0.0,0.0,31.4,0.0,31.4,277.35,43.7,0,0,0,0.0,0,F1,2425,,,,,
2026-02-18,2026-02-18,FO,NSE,STO,107766,,ETERNAL,,2026-03-30,2026-03-30,345.0,CE,ETERNAL26MAR345CE,0.0,0.0,0.0,2.5,2.5,2.5,277.35,0.7,2425,0,0,0.0,0,F1,2425,,,,,
2026-02-18,2026-02-18,FO,NSE,STO,107721,,ETERNAL,,2026-03-30,2026-03-30,305.0,CE,ETERNAL26MAR305CE,6.0,6.0,4.0,4.1,4.15,5.9,277.35,4.1,485000,109125,107,80324972.5,75,F1,2425,,,,,
2026-02-18,2026-02-18,FO,NSE,STO,95181,,ETERNAL,,2026-03-30,2026-03-30,270.0,CE,ETERNAL26MAR270CE,21.0,21.35,16.05,17.7,17.7,20.95,277.35,17.7,191575,121250,93,64857595.0,82,F1,2425,,,,,
2026-02-18,2026-02-18,FO,NSE,STO,95179,,ETERNAL,,2026-03-30,2026-03-30,260.0,CE,ETERNAL26MAR260CE,26.0,26.0,22.5,22.9,22.9,28.5,277.35,24.85,89725,46075,26,17861943.75,24,F1,2425,,,,,
2026-02-18,2026-02-18,FO,NSE,STO,107493,,ETERNAL,,2026-03-30,2026-03-30,225.0,CE,ETERNAL26MAR225CE,0.0,0.0,0.0,37.15,0.0,37.15,277.35,54.25,0,0,0,0.0,0,F1,2425,,,,,
2026-02-18,2026-02-18,FO,NSE,STO,95097,,ETERNAL,,2026-02-24,2026-02-24,315.0,CE,ETERNAL26FEB315CE,0.6,0.65,0.2,0.25,0.25,0.55,277.35,0.25,3639925,225525,1747,1335838410.0,512,F1,2425,,,,,
2026-02-18,2026-02-18,FO,NSE,STO,91876,,ETERNAL,,2026-02-24,2026-02-24,290.0,CE,ETERNAL26FEB290CE,3.4,3.45,1.05,1.3,1.35,2.85,277.35,1.3,9658775,800250,12610,8917149132.5,6358,F1,2425,,,,,
2026-02-18,2026-02-18,FO,NSE,STO,95088,,ETERNAL,,2026-02-24,2026-02-24,285.0,CE,ETERNAL26FEB285CE,4.45,5.3,1.65,2.15,2.15,4.4,277.35,2.15,7917625,2044275,12520,8732640340.0,7415,F1,2425,,,,,
2026-02-18,2026-02-18,FO,NSE,STO,95178,,ETERNAL,,2026-03-30,2026-03-30,250.0,PE,ETERNAL26MAR250PE,3.0,4.45,2.95,3.4,3.45,3.25,277.35,3.4,877850,310400,427,262881397.5,317,F1,2425,,,,,
2026-02-18,2026-02-18,FO,NSE,STO,91925,,ETERNAL,,2026-02-24,2026-02-24,330.0,CE,ETERNAL26FEB330CE,0.25,0.3,0.1,0.15,0.1,0.3,277.35,0.15,3084600,-196425,970,776656447.5,297,F1,2425,,,,,
2026-02-18,2026-02-18,FO,NSE,STO,95096,,ETERNAL,,2026-02-24,2026-02-24,305.0,PE,ETERNAL26FEB305PE,23.5,31.7,23.45,28.5,28.5,24.45,277.35,28.5,831775,-16975,54,43614716.25,46,F1,2425,,,,,
2026-02-18,2026-02-18,FO,NSE,STO,91930,,ETERNAL,,2026-02-24,2026-02-24,350.0,PE,ETERNAL26FEB350PE,72.65,75.15,72.65,75.15,75.15,70.1,277.35,72.35,349200,-9700,5,5144152.5,3,F1,2425,,,,,
2026-02-18,2026-02-18,FO,NSE,STO,107785,,ETERNAL,,2026-04-28,2026-04-28,230.0,PE,ETERNAL26APR230PE,0.0,0.0,0.0,10.15,0.0,10.15,277.35,2.25,0,0,0,0.0,0,F1,2425,,,,,
2026-02-18,2026-02-18,FO,NSE,STO,95204,,ETERNAL,,2026-03-30,2026-03-30,290.0,PE,ETERNAL26MAR290PE,16.8,21.95,16.75,18.9,18.9,16.9,277.35,18.9,894825,38800,77,57846920.0,61,F1,2425,,,,,
2026-02-18,2026-02-18,FO,NSE,STO,107803,,ETERNAL,,2026-04-28,2026-04-28,320.0,PE,ETERNAL26APR320PE,0.0,0.0,0.0,66.65,0.0,66.65,277.35,45.05,0,0,0,0.0,0,F1,2425,,,,,
2026-02-18,2026-02-18,FO,NSE,STO,107807,,ETERNAL,,2026-04-28,2026-04-28,340.0,PE,ETERNAL26APR340PE,0.0,0.0,0.0,84.15,0.0,84.15,277.35,62.05,0,0,0,0.0,0,F1,2425,,,,,
2026-02-18,2026-02-18,FO,NSE,STO,95077,,ETERNAL,,2026-02-24,2026-02-24,245.0,CE,ETERNAL26FEB245CE,0.0,0.0,0.0,44.65,44.65,44.65,277.35,32.6,417100,0,0,0.0,0,F1,2425,,,,,
2026-02-18,2026-02-18,FO,NSE,STO,95086,,ETERNAL,,2026-02-24,2026-02-24,275.0,CE,ETERNAL26FEB275CE,11.3,11.3,4.6,6.0,6.1,9.85,277.35,6.0,2834825,1576250,5662,3854317795.0,4105,F1,2425,,,,,
2026-02-18,2026-02-18,FO,NSE,STO,95171,,ETERNAL,,2026-03-30,2026-03-30,220.0,CE,ETERNAL26MAR220CE,0.0,0.0,0.0,69.75,69.75,69.75,277.35,59.0,7275,0,0,0.0,0,F1,2425,,,,,
2026-02-18,2026-02-18,FO,NSE,STO,107529,,ETERNAL,,2026-03-30,2026-03-30,235.0,CE,ETERNAL26MAR235CE,0.0,0.0,0.0,30.3,0.0,30.3,277.35,45.0,0,0,0,0.0,0,F1,2425,,,,,
2026-02-18,2026-02-18,FO,NSE,STO,95177,,ETERNAL,,2026-03-30,2026-03-30,250.0,CE,ETERNAL26MAR250CE,36.0,36.0,29.9,31.9,31.9,36.55,277.35,31.9,92150,50925,39,26636200.0,39,F1,2425,,,,,
2026-02-18,2026-02-18,FO,NSE,STO,107665,,ETERNAL,,2026-03-30,2026-03-30,285.0,CE,ETERNAL26MAR285CE,14.0,14.0,9.15,10.0,10.05,12.8,277.35,10.0,380725,247350,197,141351431.25,158,F1,2425,,,,,
2026-02-18,2026-02-18,FO,NSE,STO,95203,,ETERNAL,,2026-03-30,2026-03-30,290.0,CE,ETERNAL26MAR290CE,11.3,11.3,7.4,8.25,8.2,10.6,277.35,8.25,1105800,378300,495,358330610.0,419,F1,2425,,,,,
2026-02-18,2026-02-18,FO,NSE,STO,107790,,ETERNAL,,2026-04-28,2026-04-28,260.0,CE,ETERNAL26APR260CE,0.0,0.0,0.0,21.3,0.0,21.3,277.35,29.25,0,0,0,0.0,0,F1,2425,,,,,
2026-02-18,2026-02-18,FO,NSE,STO,107792,,ETERNAL,,2026-04-28,2026-04-28,270.0,CE,ETERNAL26APR270CE,0.0,0.0,0.0,17.3,0.0,17.3,277.35,23.3,0,0,0,0.0,0,F1,2425,,,,,
2026-02-18,2026-02-18,FO,NSE,STO,95087,,ETERNAL,,2026-02-24,2026-02-24,275.0,PE,ETERNAL26FEB275PE,5.3,6.4,2.3,4.0,4.1,3.25,277.35,4.0,2485625,-249775,9351,6339798992.5,6561,F1,2425,,,,,
2026-02-18,2026-02-18,FO,NSE,STO,91836,,ETERNAL,,2026-02-24,2026-02-24,230.0,CE,ETERNAL26FEB230CE,43.6,45.55,43.6,45.55,45.55,51.1,277.35,47.55,89725,0,2,1331688.75,2,F1,2425,,,,,
2026-02-18,2026-02-18,FO,NSE,STO,107532,,ETERNAL,,2026-03-30,2026-03-30,245.0,CE,ETERNAL26MAR245CE,0.0,0.0,0.0,24.25,0.0,24.25,277.35,36.3,0,0,0,0.0,0,F1,2425,,,,,
2026-02-18,2026-02-18,FO,NSE,STO,95244,,ETERNAL,,2026-03-30,2026-03-30,350.0,CE,ETERNAL26MAR350CE,1.15,1.15,0.6,0.65,0.6,1.1,277.35,0.65,785700,-269175,221,187994487.5,132,F1,2425,,,,,
2026-02-18,2026-02-18,FO,NSE,STO,107798,,ETERNAL,,2026-04-28,2026-04-28,300.0,CE,ETERNAL26APR300CE,0.0,0.0,0.0,8.8,0.0,8.8,277.35,10.55,0,0,0,0.0,0,F1,2425,,,,,
2026-02-18,2026-02-18,FO,NSE,STO,107666,,ETERNAL,,2026-03-30,2026-03-30,285.0,PE,ETERNAL26MAR285PE,14.5,18.4,14.25,15.95,15.75,14.5,277.35,15.95,235225,46075,48,35084293.75,46,F1,2425,,,,,
2026-02-18,2026-02-18,FO,NSE,STO,91929,,ETERNAL,,2026-02-24,2026-02-24,350.0,CE,ETERNAL26FEB350CE,0.1,0.1,0.05,0.1,0.1,0.15,277.35,0.1,5652675,-873000,1241,1053588173.75,302,F1,2425,,,,,
2026-02-18,2026-02-18,FO,NSE,STO,95105,,ETERNAL,,2026-02-24,2026-02-24,335.0,CE,ETERNAL26FEB335CE,0.2,0.2,0.1,0.15,0.15,0.2,277.35,0.15,669300,-84875,114,92652823.75,55,F1,2425,,,,,
2026-02-18,2026-02-18,FO,NSE,STO,91840,,ETERNAL,,2026-02-24,2026-02-24,250.0,CE,ETERNAL26FEB250CE,27.55,27.55,24.3,25.9,25.9,31.1,277.35,27.65,649900,-4850,12,8016686.25,10,F1,2425,,,,,
2026-02-18,2026-02-18,FO,NSE,STO,91863,,ETERNAL,,2026-02-24,2026-02-24,270.0,PE,ETERNAL26FEB270PE,1.6,4.1,1.55,2.35,2.3,2.05,277.35,2.35,4246175,-237650,9813,6494629543.75,5658,F1,2425,,,,,
2026-02-18,2026-02-18,FO,NSE,STO,95242,,ETERNAL,,2026-03-30,2026-03-30,340.0,CE,ETERNAL26MAR340CE,1.6,1.6,0.85,0.9,0.9,1.6,277.35,0.9,785700,60625,247,204240411.25,166,F1,2425,,,,,
2026-02-18,2026-02-18,FO,NSE,STO,107642,,ETERNAL,,2026-03-30,2026-03-30,265.0,PE,ETERNAL26MAR265PE,6.5,8.6,6.5,7.15,6.85,7.3,277.35,7.15,140650,60625,65,42981670.0,48,F1,2425,,,,,
2026-02-18,2026-02-18,FO,NSE,STO,95236,,ETERNAL,,2026-03-30,2026-03-30,310.0,CE,ETERNAL26MAR310CE,5.15,5.2,3.05,3.3,3.35,4.9,277.35,3.3,1236750,223100,409,311006735.0,319,F1,2425,,,,,
2026-02-18,2026-02-18,FO,NSE,STO,91834,,ETERNAL,,2026-02-24,2026-02-24,220.0,CE,ETERNAL26FEB220CE,0.0,0.0,0.0,64.35,64.35,64.35,277.35,57.55,41225,0,0,0.0,0,F1,2425,,,,,
2026-02-18,2026-02-18,FO,NSE,STO,95106,,ETERNAL,,2026-02-24,2026-02-24,335.0,PE,ETERNAL26FEB335PE,0.0,0.0,0.0,58.55,0.0,58.55,277.35,57.35,0,0,0,0.0,0,F1,2425,,,,,
2026-02-18,2026-02-18,FO,NSE,STO,95092,,ETERNAL,,2026-02-24,2026-02-24,285.0,PE,ETERNAL26FEB285PE,6.55,13.4,6.35,10.05,10.15,7.75,277.35,10.05,1838150,-60625,1622,1159885866.25,1585,F1,2425,,,,,
2026-02-18,2026-02-18,FO,NSE,STO,37340,,ETERNAL,,2026-02-24,2026-02-24,210.0,PE,ETERNAL26FEB210PE,0.05,0.05,0.05,0.05,0.05,0.1,277.35,0.05,470450,-7275,4,2037485.0,4,F1,2425,,,,,
2026-02-18,2026-02-18,FO,NSE,STO,91831,,ETERNAL,,2026-02-24,2026-02-24,200.0,PE,ETERNAL26FEB200PE,0.05,0.05,0.05,0.05,0.05,0.05,277.35,0.05,361325,0,4,1940485.0,4,F1,2425,,,,,
2026-02-18,2026-02-18,FO,NSE,STO,91839,,ETERNAL,,2026-02-24,2026-02-24,240.0,PE,ETERNAL26FEB240PE,0.2,0.25,0.1,0.15,0.1,0.25,277.35,0.15,1716900,-291000,633,368682086.25,235,F1,2425,,,,,
2026-02-18,2026-02-18,FO,NSE,STO,95108,,ETERNAL,,2026-02-24,2026-02-24,345.0,PE,ETERNAL26FEB345PE,0.0,0.0,0.0,67.4,0.0,67.4,277.35,67.35,0,0,0,0.0,0,F1,2425,,,,,
2026-02-18,2026-02-18,FO,NSE,STO,107765,,ETERNAL,,2026-03-30,2026-03-30,335.0,PE,ETERNAL26MAR335PE,0.0,0.0,0.0,79.35,0.0,79.35,277.35,56.85,0,0,0,0.0,0,F1,2425,,,,,
2026-02-18,2026-02-18,FO,NSE,STO,107791,,ETERNAL,,2026-04-28,2026-04-28,260.0,PE,ETERNAL26APR260PE,0.0,0.0,0.0,23.45,0.0,23.45,277.35,9.2,0,0,0,0.0,0,F1,2425,,,,,
2026-02-18,2026-02-18,FO,NSE,STO,95225,,ETERNAL,,2026-03-30,2026-03-30,300.0,CE,ETERNAL26MAR300CE,8.15,8.2,4.85,5.2,5.2,7.3,277.35,5.2,3841200,1103375,1317,975624545.0,1015,F1,2425,,,,,
2026-02-18,2026-02-18,FO,NSE,STO,91841,,ETERNAL,,2026-02-24,2026-02-24,250.0,PE,ETERNAL26FEB250PE,0.3,0.55,0.25,0.25,0.25,0.35,277.35,0.25,3579300,460750,2579,1565687306.25,853,F1,2425,,,,,
2026-02-18,2026-02-18,FO,NSE,STO,91916,,ETERNAL,,2026-02-24,2026-02-24,300.0,PE,ETERNAL26FEB300PE,18.5,27.05,18.35,23.5,23.4,19.8,277.35,23.5,1942425,-33950,262,205262306.25,220,F1,2425,,,,,
2026-02-18,2026-02-18,FO,NSE,STO,107494,,ETERNAL,,2026-03-30,2026-03-30,225.0,PE,ETERNAL26MAR225PE,0.0,0.0,0.0,1.0,1.0,1.0,277.35,0.55,4850,0,0,0.0,0,F1,2425,,,,,
2026-02-18,2026-02-18,FO,NSE,STO,95180,,ETERNAL,,2026-03-30,2026-03-30,260.0,PE,ETERNAL26MAR260PE,4.65,7.0,4.65,5.55,5.55,5.05,277.35,5.55,783275,60625,411,265103425.0,283,F1,2425,,,,,
2026-02-18,2026-02-18,FO,NSE,STO,107787,,ETERNAL,,2026-04-28,2026-04-28,240.0,PE,ETERNAL26APR240PE,0.0,0.0,0.0,13.85,0.0,13.85,277.35,3.85,0,0,0,0.0,0,F1,2425,,,,,
2026-02-18,2026-02-18,FO,NSE,STO,95084,,ETERNAL,,2026-02-24,2026-02-24,265.0,CE,ETERNAL26FEB265CE,19.35,19.35,10.7,13.3,13.05,17.7,277.35,13.3,2206750,-75175,393,264713242.5,374,F1,2425,,,,,
2026-02-18,2026-02-18,FO,NSE,STO,107648,,ETERNAL,,2026-03-30,2026-03-30,275.0,PE,ETERNAL26MAR275PE,9.0,13.05,9.0,10.9,11.0,9.4,277.35,10.9,286150,130950,206,143166058.75,170,F1,2425,,,,,
2026-02-18,2026-02-18,FO,NSE,STO,107678,,ETERNAL,,2026-03-30,2026-03-30,295.0,PE,ETERNAL26MAR295PE,22.8,24.2,22.8,24.2,24.2,16.7,277.35,23.5,118825,4850,4,3091026.25,4,F1,2425,,,,,
2026-02-18,2026-02-18,FO,NSE,STO,95068,,ETERNAL,,2026-02-24,2026-02-24,225.0,CE,ETERNAL26FEB225CE,0.0,0.0,0.0,66.15,66.15,66.15,277.35,52.55,2425,0,0,0.0,0,F1,2425,,,,,
2026-02-18,2026-02-18,FO,NSE,STF,59311,,ETERNAL,,2026-02-24,2026-02-24,,,ETERNAL26FEBFUT,283.95,284.2,273.1,276.95,276.75,281.65,277.35,276.95,185003250,-44911000,27029,18114456090.0,18596,F1,2425,,,,,
2026-02-18,2026-02-18,FO,NSE,STO,107795,,ETERNAL,,2026-04-28,2026-04-28,280.0,PE,ETERNAL26APR280PE,0.0,0.0,0.0,35.75,0.0,35.75,277.35,17.95,0,0,0,0.0,0,F1,2425,,,,,
2026-02-18,2026-02-18,FO,NSE,STO,95226,,ETERNAL,,2026-03-30,2026-03-30,300.0,PE,ETERNAL26MAR300PE,20.0,28.35,20.0,26.0,25.95,23.6,277.35,26.0,725075,48500,48,37987988.75,43,F1,2425,,,,,
2026-02-18,2026-02-18,FO,NSE,STO,107533,,ETERNAL,,2026-03-30,2026-03-30,245.0,PE,ETERNAL26MAR245PE,2.55,3.6,2.5,2.6,2.6,2.55,277.35,2.6,89725,2425,21,12632188.75,21,F1,2425,,,,,
2026-02-18,2026-02-18,FO,NSE,STO,95176,,ETERNAL,,2026-03-30,2026-03-30,240.0,PE,ETERNAL26MAR240PE,2.0,2.8,2.0,2.1,2.05,2.05,277.35,2.1,356475,60625,150,88173970.0,120,F1,2425,,,,,
2026-02-18,2026-02-18,FO,NSE,STO,95104,,ETERNAL,,2026-02-24,2026-02-24,325.0,PE,ETERNAL26FEB325PE,0.0,0.0,0.0,43.65,43.65,43.65,277.35,47.35,67900,0,0,0.0,0,F1,2425,,,,,
2026-02-18,2026-02-18,FO,NSE,STO,107800,,ETERNAL,,2026-04-28,2026-04-28,310.0,CE,ETERNAL26APR310CE,0.0,0.0,0.0,6.9,0.0,6.9,277.35,7.8,0,0,0,0.0,0,F1,2425,,,,,
2026-02-18,2026-02-18,FO,NSE,STO,107788,,ETERNAL,,2026-04-28,2026-04-28,250.0,CE,ETERNAL26APR250CE,0.0,0.0,0.0,26.0,0.0,26.0,277.35,36.05,0,0,0,0.0,0,F1,2425,,,,,
2026-02-18,2026-02-18,FO,NSE,STO,95240,,ETERNAL,,2026-03-30,2026-03-30,330.0,CE,ETERNAL26MAR330CE,2.25,2.25,1.3,1.4,1.35,2.2,277.35,1.4,892400,38800,211,169633842.5,162,F1,2425,,,,,
2026-02-18,2026-02-18,FO,NSE,STO,95099,,ETERNAL,,2026-02-24,2026-02-24,325.0,CE,ETERNAL26FEB325CE,0.35,0.35,0.15,0.2,0.15,0.35,277.35,0.2,1428325,-128525,878,692431832.5,286,F1,2425,,,,,
2026-02-18,2026-02-18,FO,NSE,STO,91921,,ETERNAL,,2026-02-24,2026-02-24,320.0,CE,ETERNAL26FEB320CE,0.4,0.5,0.15,0.2,0.2,0.4,277.35,0.2,4813625,453475,3717,2886854587.5,891,F1,2425,,,,,
2026-02-18,2026-02-18,FO,NSE,STO,107647,,ETERNAL,,2026-03-30,2026-03-30,275.0,CE,ETERNAL26MAR275CE,19.0,19.0,13.3,14.75,14.9,18.2,277.35,14.75,271600,152775,179,125657922.5,167,F1,2425,,,,,
2026-02-18,2026-02-18,FO,NSE,STO,107783,,ETERNAL,,2026-04-28,2026-04-28,220.0,PE,ETERNAL26APR220PE,0.0,0.0,0.0,7.15,0.0,7.15,277.35,1.25,0,0,0,0.0,0,F1,2425,,,,,
2026-02-18,2026-02-18,FO,NSE,STO,95245,,ETERNAL,,2026-03-30,2026-03-30,350.0,PE,ETERNAL26MAR350PE,72.5,72.5,72.5,72.5,72.5,66.5,277.35,71.05,126100,7275,3,3073687.5,1,F1,2425,,,,,
2026-02-18,2026-02-18,FO,NSE,STO,107804,,ETERNAL,,2026-04-28,2026-04-28,330.0,CE,ETERNAL26APR330CE,0.0,0.0,0.0,4.15,0.0,4.15,277.35,4.1,0,0,0,0.0,0,F1,2425,,,,,
2026-02-18,2026-02-18,FO,NSE,STO,91917,,ETERNAL,,2026-02-24,2026-02-24,310.0,CE,ETERNAL26FEB310CE,0.9,0.9,0.25,0.35,0.4,0.75,277.35,0.35,5691475,-717800,7575,5701989921.25,1779,F1,2425,,,,,
2026-02-18,2026-02-18,FO,NSE,STO,95200,,ETERNAL,,2026-03-30,2026-03-30,280.0,PE,ETERNAL26MAR280PE,11.3,15.75,11.0,13.2,13.35,11.65,277.35,13.2,1515625,501975,459,327275817.5,393,F1,2425,,,,,
2026-02-18,2026-02-18,FO,NSE,STO,95237,,ETERNAL,,2026-03-30,2026-03-30,310.0,PE,ETERNAL26MAR310PE,33.0,36.8,33.0,33.55,33.5,32.25,277.35,33.55,194000,36375,17,14224928.75,15,F1,2425,,,,,
2026-02-18,2026-02-18,FO,NSE,STO,107767,,ETERNAL,,2026-03-30,2026-03-30,345.0,PE,ETERNAL26MAR345PE,0.0,0.0,0.0,88.7,0.0,88.7,277.35,66.25,0,0,0,0.0,0,F1,2425,,,,,
2026-02-18,2026-02-18,FO,NSE,STO,107722,,ETERNAL,,2026-03-30,2026-03-30,305.0,PE,ETERNAL26MAR305PE,31.7,31.7,31.7,31.7,31.7,23.5,277.35,30.85,9700,-2425,1,816497.5,1,F1,2425,,,,,
2026-02-18,2026-02-18,FO,NSE,STF,51875,,ETERNAL,,2026-03-30,2026-03-30,,,ETERNAL26MARFUT,285.8,285.8,274.9,278.6,278.95,283.5,277.35,278.6,58090875,38661775,18638,12557420786.25,12078,F1,2425,,,,,
2026-02-18,2026-02-18,FO,NSE,STO,91838,,ETERNAL,,2026-02-24,2026-02-24,240.0,CE,ETERNAL26FEB240CE,37.85,37.85,37.05,37.35,37.05,40.9,277.35,37.35,220675,0,3,2017478.75,3,F1,2425,,,,,
2026-02-18,2026-02-18,FO,NSE,STO,91915,,ETERNAL,,2026-02-24,2026-02-24,300.0,CE,ETERNAL26FEB300CE,1.55,1.7,0.5,0.6,0.65,1.45,277.35,0.6,16603975,-1673250,13624,9935516970.0,4548,F1,2425,,,,,
2026-02-18,2026-02-18,FO,NSE,STO,95095,,ETERNAL,,2026-02-24,2026-02-24,305.0,CE,ETERNAL26FEB305CE,1.1,1.2,0.35,0.45,0.45,1.05,277.35,0.45,5165250,-589275,5858,4340588010.0,2051,F1,2425,,,,,
2026-02-18,2026-02-18,FO,NSE,STO,95187,,ETERNAL,,2026-03-30,2026-03-30,280.0,CE,ETERNAL26MAR280CE,16.55,16.55,11.05,12.2,12.3,15.25,277.35,12.2,1879375,766300,859,609088220.0,704,F1,2425,,,,,
2026-02-18,2026-02-18,FO,NSE,STO,107677,,ETERNAL,,2026-03-30,2026-03-30,295.0,CE,ETERNAL26MAR295CE,8.95,8.95,6.1,6.6,6.4,8.65,277.35,6.6,213400,14550,96,70232971.25,89,F1,2425,,,,,
2026-02-18,2026-02-18,FO,NSE,STO,91843,,ETERNAL,,2026-02-24,2026-02-24,260.0,PE,ETERNAL26FEB260PE,0.6,1.45,0.55,0.75,0.75,0.8,277.35,0.75,5812725,344350,5825,3686617283.75,2090,F1,2425,,,,,
2026-02-18,2026-02-18,FO,NSE,STO,95094,,ETERNAL,,2026-02-24,2026-02-24,295.0,PE,ETERNAL26FEB295PE,15.2,22.4,14.9,18.65,18.75,15.35,277.35,18.65,1033050,-89725,228,173721301.25,208,F1,2425,,,,,
2026-02-18,2026-02-18,FO,NSE,STO,95093,,ETERNAL,,2026-02-24,2026-02-24,295.0,CE,ETERNAL26FEB295CE,2.1,2.3,0.65,0.8,0.9,1.95,277.35,0.8,4985800,46075,5576,4002865171.25,2534,F1,2425,,,,,
2026-02-18,2026-02-18,FO,NSE,STO,107782,,ETERNAL,,2026-04-28,2026-04-28,220.0,CE,ETERNAL26APR220CE,0.0,0.0,0.0,44.35,0.0,44.35,277.35,60.85,0,0,0,0.0,0,F1,2425,,,,,
2026-02-18,2026-02-18,FO,NSE,STO,107794,,ETERNAL,,2026-04-28,2026-04-28,280.0,CE,ETERNAL26APR280CE,0.0,0.0,0.0,13.9,0.0,13.9,277.35,18.2,0,0,0,0.0,0,F1,2425,,,,,
2026-02-18,2026-02-18,FO,NSE,STO,107806,,ETERNAL,,2026-04-28,2026-04-28,340.0,CE,ETERNAL26APR340CE,0.0,0.0,0.0,4.45,4.45,4.45,277.35,2.9,4850,0,0,0.0,0,F1,2425,,,,,
2026-02-18,2026-02-18,FO,NSE,STO,95069,,ETERNAL,,2026-02-24,2026-02-24,225.0,PE,ETERNAL26FEB225PE,0.05,0.1,0.05,0.1,0.1,0.1,277.35,0.05,278875,-19400,115,62774156.25,42,F1,2425,,,,,
2026-02-18,2026-02-18,FO,NSE,STO,95076,,ETERNAL,,2026-02-24,2026-02-24,235.0,PE,ETERNAL26FEB235PE,0.15,0.2,0.1,0.1,0.1,0.2,277.35,0.1,700825,21825,84,47900176.25,47,F1,2425,,,,,
2026-02-18,2026-02-18,FO,NSE,STO,91926,,ETERNAL,,2026-02-24,2026-02-24,330.0,PE,ETERNAL26FEB330PE,49.35,55.0,49.3,54.6,54.6,49.7,277.35,52.35,230375,-55775,35,32480450.0,12,F1,2425,,,,,
2026-02-18,2026-02-18,FO,NSE,STO,95172,,ETERNAL,,2026-03-30,2026-03-30,220.0,PE,ETERNAL26MAR220PE,1.0,1.0,1.0,1.0,1.0,3.3,277.35,0.35,2425,2425,1,535925.0,1,F1,2425,,,,,
2026-02-18,2026-02-18,FO,NSE,STO,107746,,ETERNAL,,2026-03-30,2026-03-30,315.0,PE,ETERNAL26MAR315PE,0.0,0.0,0.0,30.3,30.25,30.3,277.35,38.95,55775,0,0,0.0,0,F1,2425,,,,,
2026-02-18,2026-02-18,FO,NSE,STO,107789,,ETERNAL,,2026-04-28,2026-04-28,250.0,PE,ETERNAL26APR250PE,0.0,0.0,0.0,18.3,0.0,18.3,277.35,6.15,0,0,0,0.0,0,F1,2425,,,,,
2026-02-18,2026-02-18,FO,NSE,STO,107793,,ETERNAL,,2026-04-28,2026-04-28,270.0,PE,ETERNAL26APR270PE,13.3,13.3,13.3,13.3,13.3,11.75,277.35,13.15,50925,0,1,687002.5,1,F1,2425,,,,,
2026-02-18,2026-02-18,FO,NSE,STO,107797,,ETERNAL,,2026-04-28,2026-04-28,290.0,PE,ETERNAL26APR290PE,0.0,0.0,0.0,42.8,0.0,42.8,277.35,23.65,0,0,0,0.0,0,F1,2425,,,,,
2026-02-18,2026-02-18,FO,NSE,STO,107799,,ETERNAL,,2026-04-28,2026-04-28,300.0,PE,ETERNAL26APR300PE,0.0,0.0,0.0,20.0,20.0,20.0,277.35,30.1,7275,0,0,0.0,0,F1,2425,,,,,
2026-02-18,2026-02-18,FO,NSE,STO,107801,,ETERNAL,,2026-04-28,2026-04-28,310.0,PE,ETERNAL26APR310PE,0.0,0.0,0.0,58.3,0.0,58.3,277.35,37.25,0,0,0,0.0,0,F1,2425,,,,,
2026-02-18,2026-02-18,FO,NSE,STO,95075,,ETERNAL,,2026-02-24,2026-02-24,235.0,CE,ETERNAL26FEB235CE,0.0,0.0,0.0,37.0,37.0,37.0,277.35,42.55,14550,0,0,0.0,0,F1,2425,,,,,
2026-02-18,2026-02-18,FO,NSE,STO,95080,,ETERNAL,,2026-02-24,2026-02-24,255.0,CE,ETERNAL26FEB255CE,20.15,22.35,20.15,22.3,22.25,27.05,277.35,22.3,407400,-2425,4,2679867.5,4,F1,2425,,,,,
2026-02-18,2026-02-18,FO,NSE,STO,95098,,ETERNAL,,2026-02-24,2026-02-24,315.0,PE,ETERNAL26FEB315PE,40.0,40.0,40.0,40.0,40.0,28.2,277.35,37.4,252200,-4850,2,1721750.0,1,F1,2425,,,,,
2026-02-18,2026-02-18,FO,NSE,STO,91922,,ETERNAL,,2026-02-24,2026-02-24,320.0,PE,ETERNAL26FEB320PE,37.9,46.35,37.9,43.0,42.9,39.8,277.35,43.0,232800,-65475,28,24687348.75,15,F1,2425,,,,,
2026-02-18,2026-02-18,FO,NSE,STO,107530,,ETERNAL,,2026-03-30,2026-03-30,235.0,PE,ETERNAL26MAR235PE,0.0,0.0,0.0,8.95,0.0,8.95,277.35,1.2,0,0,0,0.0,0,F1,2425,,,,,
2026-02-18,2026-02-18,FO,NSE,STO,95243,,ETERNAL,,2026-03-30,2026-03-30,340.0,PE,ETERNAL26MAR340PE,60.0,64.0,59.8,62.4,62.4,57.75,277.35,61.5,201275,162475,69,67292780.0,32,F1,2425,,,,,
2026-02-18,2026-02-18,FO,NSE,STO,107639,,ETERNAL,,2026-03-30,2026-03-30,255.0,CE,ETERNAL26MAR255CE,0.0,0.0,0.0,19.1,0.0,19.1,277.35,28.4,0,0,0,0.0,0,F1,2425,,,,,
2026-02-18,2026-02-18,FO,NSE,STO,107745,,ETERNAL,,2026-03-30,2026-03-30,315.0,CE,ETERNAL26MAR315CE,4.0,4.0,2.5,2.7,2.7,4.0,277.35,2.7,194000,14550,57,43946820.0,56,F1,2425,,,,,
2026-02-18,2026-02-18,FO,NSE,STO,91927,,ETERNAL,,2026-02-24,2026-02-24,340.0,CE,ETERNAL26FEB340CE,0.2,0.2,0.1,0.15,0.15,0.2,277.35,0.15,1821175,-232800,370,305174852.5,104,F1,2425,,,,,
2026-02-18,2026-02-18,FO,NSE,STO,95107,,ETERNAL,,2026-02-24,2026-02-24,345.0,CE,ETERNAL26FEB345CE,0.1,0.1,0.1,0.1,0.1,0.15,277.35,0.05,179450,-46075,49,41006507.5,19,F1,2425,,,,,
2026-02-18,2026-02-18,FO,NSE,STO,95173,,ETERNAL,,2026-03-30,2026-03-30,230.0,CE,ETERNAL26MAR230CE,0.0,0.0,0.0,55.5,0.0,55.5,277.35,49.55,0,0,0,0.0,0,F1,2425,,,,,
2026-02-18,2026-02-18,FO,NSE,STO,107784,,ETERNAL,,2026-04-28,2026-04-28,230.0,CE,ETERNAL26APR230CE,0.0,0.0,0.0,37.5,0.0,37.5,277.35,52.0,0,0,0,0.0,0,F1,2425,,,,,
2026-02-18,2026-02-18,FO,NSE,STO,107802,,ETERNAL,,2026-04-28,2026-04-28,320.0,CE,ETERNAL26APR320CE,0.0,0.0,0.0,5.4,0.0,5.4,277.35,5.7,0,0,0,0.0,0,F1,2425,,,,,
2026-02-18,2026-02-18,FO,NSE,STO,91835,,ETERNAL,,2026-02-24,2026-02-24,220.0,PE,ETERNAL26FEB220PE,0.1,0.1,0.05,0.05,0.05,0.1,277.35,0.05,1164000,2425,56,29888367.5,21,F1,2425,,,,,
2026-02-18,2026-02-18,FO,NSE,STO,95078,,ETERNAL,,2026-02-24,2026-02-24,245.0,PE,ETERNAL26FEB245PE,0.3,0.35,0.15,0.2,0.15,0.3,277.35,0.2,1646575,-80025,559,332456466.25,277,F1,2425,,,,,
2026-02-18,2026-02-18,FO,NSE,STO,95083,,ETERNAL,,2026-02-24,2026-02-24,255.0,PE,ETERNAL26FEB255PE,0.45,0.9,0.35,0.4,0.45,0.5,277.35,0.4,1399225,-640200,2523,1563648366.25,998,F1,2425,,,,,
2026-02-18,2026-02-18,FO,NSE,STO,122551,,IDFCFIRSTB,,2026-03-30,2026-03-30,85.0,PE,IDFCFIRSTB26MAR85PE,3.3,3.45,2.23,2.5,2.28,3.22,84.61,2.5,2754675,992425,203,165424355.25,184,F1,9275,,,,,
2026-02-18,2026-02-18,FO,NSE,STO,122561,,IDFCFIRSTB,,2026-03-30,2026-03-30,95.0,PE,IDFCFIRSTB26MAR95PE,0.0,0.0,0.0,11.66,0.0,11.66,84.61,10.2,0,0,0,0.0,0,F1,9275,,,,,
2026-02-18,2026-02-18,FO,NSE,STO,102976,,IDFCFIRSTB,,2026-02-24,2026-02-24,76.0,PE,IDFCFIRSTB26FEB76PE,0.04,0.04,0.03,0.03,0.03,0.04,84.61,0.03,1140825,-343175,74,52185880.25,51,F1,9275,,,,,
2026-02-18,2026-02-18,FO,NSE,STO,122560,,IDFCFIRSTB,,2026-03-30,2026-03-30,95.0,CE,IDFCFIRSTB26MAR95CE,0.29,0.4,0.27,0.35,0.38,0.32,84.61,0.35,1261400,176225,74,65427148.5,56,F1,9275,,,,,
2026-02-18,2026-02-18,FO,NSE,STO,122860,,IDFCFIRSTB,,2026-04-28,2026-04-28,72.0,PE,IDFCFIRSTB26APR72PE,0.0,0.0,0.0,0.96,0.0,0.96,84.61,0.26,0,0,0,0.0,0,F1,9275,,,,,
2026-02-18,2026-02-18,FO,NSE,STO,102998,,IDFCFIRSTB,,2026-02-24,2026-02-24,96.0,PE,IDFCFIRSTB26FEB96PE,0.0,0.0,0.0,13.8,13.8,13.8,84.61,11.3,166950,0,0,0.0,0,F1,9275,,,,,
2026-02-18,2026-02-18,FO,NSE,STO,110768,,IDFCFIRSTB,,2026-03-30,2026-03-30,70.0,CE,IDFCFIRSTB26MAR70CE,14.0,14.0,14.0,14.0,14.0,10.99,84.61,15.06,27825,9275,1,779100.0,1,F1,9275,,,,,
2026-02-18,2026-02-18,FO,NSE,STO,102986,,IDFCFIRSTB,,2026-02-24,2026-02-24,86.0,PE,IDFCFIRSTB26FEB86PE,3.2,3.2,1.42,1.77,1.47,3.02,84.61,1.77,1752975,-83475,208,169866987.5,204,F1,9275,,,,,
2026-02-18,2026-02-18,FO,NSE,STO,110667,,IDFCFIRSTB,,2026-02-24,2026-02-24,87.0,PE,IDFCFIRSTB26FEB87PE,0.0,0.0,0.0,4.38,4.43,4.38,84.61,2.66,473025,0,0,0.0,0,F1,9275,,,,,
2026-02-18,2026-02-18,FO,NSE,STO,110571,,IDFCFIRSTB,,2026-02-24,2026-02-24,77.0,CE,IDFCFIRSTB26FEB77CE,0.0,0.0,0.0,6.11,6.11,6.11,84.61,7.68,306075,0,0,0.0,0,F1,9275,,,,,
2026-02-18,2026-02-18,FO,NSE,STO,110684,,IDFCFIRSTB,,2026-02-24,2026-02-24,91.0,PE,IDFCFIRSTB26FEB91PE,0.0,0.0,0.0,8.0,8.0,8.0,84.61,6.33,9275,0,0,0.0,0,F1,9275,,,,,
2026-02-18,2026-02-18,FO,NSE,STO,110777,,IDFCFIRSTB,,2026-03-30,2026-03-30,78.0,PE,IDFCFIRSTB26MAR78PE,0.71,0.74,0.49,0.53,0.49,0.72,84.61,0.53,797650,148400,112,81690119.0,91,F1,9275,,,,,
2026-02-18,2026-02-18,FO,NSE,STO,110781,,IDFCFIRSTB,,2026-03-30,2026-03-30,82.0,PE,IDFCFIRSTB26MAR82PE,1.9,1.9,1.15,1.3,1.21,1.75,84.61,1.3,1474725,575050,125,96869676.75,108,F1,9275,,,,,
2026-02-18,2026-02-18,FO,NSE,STO,122553,,IDFCFIRSTB,,2026-03-30,2026-03-30,87.0,PE,IDFCFIRSTB26MAR87PE,3.74,3.74,3.55,3.63,3.55,5.84,84.61,3.63,37100,37100,4,3362373.0,3,F1,9275,,,,,
2026-02-18,2026-02-18,FO,NSE,STO,122563,,IDFCFIRSTB,,2026-03-30,2026-03-30,97.0,PE,IDFCFIRSTB26MAR97PE,0.0,0.0,0.0,13.35,0.0,13.35,84.61,12.04,0,0,0,0.0,0,F1,9275,,,,,
2026-02-18,2026-02-18,FO,NSE,STO,122880,,IDFCFIRSTB,,2026-04-28,2026-04-28,92.0,PE,IDFCFIRSTB26APR92PE,0.0,0.0,0.0,9.75,0.0,9.75,84.61,8.01,0,0,0,0.0,0,F1,9275,,,,,
2026-02-18,2026-02-18,FO,NSE,STO,110655,,IDFCFIRSTB,,2026-02-24,2026-02-24,81.0,CE,IDFCFIRSTB26FEB81CE,2.25,4.08,2.22,3.58,4.07,2.72,84.61,3.58,1660225,-343175,113,88152289.75,111,F1,9275,,,,,
2026-02-18,2026-02-18,FO,NSE,STO,102989,,IDFCFIRSTB,,2026-02-24,2026-02-24,90.0,CE,IDFCFIRSTB26FEB90CE,0.06,0.08,0.04,0.05,0.07,0.06,84.61,0.05,18336675,-1817900,728,608056015.0,347,F1,9275,,,,,
2026-02-18,2026-02-18,FO,NSE,STO,122538,,IDFCFIRSTB,,2026-03-30,2026-03-30,73.0,CE,IDFCFIRSTB26MAR73CE,0.0,0.0,0.0,8.3,8.3,8.3,84.61,12.15,18550,0,0,0.0,0,F1,9275,,,,,
2026-02-18,2026-02-18,FO,NSE,STO,122861,,IDFCFIRSTB,,2026-04-28,2026-04-28,74.0,CE,IDFCFIRSTB26APR74CE,0.0,0.0,0.0,11.97,0.0,11.97,84.61,11.82,0,0,0,0.0,0,F1,9275,,,,,
2026-02-18,2026-02-18,FO,NSE,STO,122883,,IDFCFIRSTB,,2026-04-28,2026-04-28,96.0,CE,IDFCFIRSTB26APR96CE,0.0,0.0,0.0,1.74,0.0,1.74,84.61,0.83,0,0,0,0.0,0,F1,9275,,,,,
2026-02-18,2026-02-18,FO,NSE,STO,102982,,IDFCFIRSTB,,2026-02-24,2026-02-24,82.0,PE,IDFCFIRSTB26FEB82PE,0.7,0.72,0.12,0.17,0.12,0.57,84.61,0.17,5676300,-2179625,1757,1341839570.75,1347,F1,9275,,,,,
2026-02-18,2026-02-18,FO,NSE,STO,102984,,IDFCFIRSTB,,2026-02-24,2026-02-24,84.0,PE,IDFCFIRSTB26FEB84PE,1.75,1.75,0.45,0.63,0.45,1.48,84.61,0.63,5129075,1085175,1246,980614122.25,1025,F1,9275,,,,,
2026-02-18,2026-02-18,FO,NSE,STO,102990,,IDFCFIRSTB,,2026-02-24,2026-02-24,90.0,PE,IDFCFIRSTB26FEB90PE,6.95,7.12,4.96,5.48,4.96,6.61,84.61,5.48,3570875,-779100,101,90271534.5,74,F1,9275,,,,,
2026-02-18,2026-02-18,FO,NSE,STO,122877,,IDFCFIRSTB,,2026-04-28,2026-04-28,90.0,CE,IDFCFIRSTB26APR90CE,2.0,2.0,2.0,2.0,2.0,3.25,84.61,2.12,9275,9275,1,853300.0,1,F1,9275,,,,,
2026-02-18,2026-02-18,FO,NSE,STO,122871,,IDFCFIRSTB,,2026-04-28,2026-04-28,84.0,CE,IDFCFIRSTB26APR84CE,0.0,0.0,0.0,5.65,0.0,5.65,84.61,4.6,0,0,0,0.0,0,F1,9275,,,,,
2026-02-18,2026-02-18,FO,NSE,STO,122867,,IDFCFIRSTB,,2026-04-28,2026-04-28,80.0,CE,IDFCFIRSTB26APR80CE,0.0,0.0,0.0,7.83,0.0,7.83,84.61,7.06,0,0,0,0.0,0,F1,9275,,,,,
2026-02-18,2026-02-18,FO,NSE,STO,110779,,IDFCFIRSTB,,2026-03-30,2026-03-30,80.0,PE,IDFCFIRSTB26MAR80PE,1.17,1.21,0.76,0.83,0.78,1.12,84.61,0.83,4108825,899675,443,332813433.75,334,F1,9275,,,,,
2026-02-18,2026-02-18,FO,NSE,STO,110706,,IDFCFIRSTB,,2026-02-24,2026-02-24,97.0,PE,IDFCFIRSTB26FEB97PE,0.0,0.0,0.0,12.26,0.0,12.26,84.61,12.3,0,0,0,0.0,0,F1,9275,,,,,
2026-02-18,2026-02-18,FO,NSE,STO,102994,,IDFCFIRSTB,,2026-02-24,2026-02-24,92.0,PE,IDFCFIRSTB26FEB92PE,0.0,0.0,0.0,7.79,7.79,7.79,84.61,7.31,102025,0,0,0.0,0,F1,9275,,,,,
2026-02-18,2026-02-18,FO,NSE,STO,110657,,IDFCFIRSTB,,2026-02-24,2026-02-24,83.0,CE,IDFCFIRSTB26FEB83CE,1.0,2.38,0.92,1.91,2.3,1.31,84.61,1.91,4442725,-1688050,1630,1275411371.5,1406,F1,9275,,,,,
2026-02-18,2026-02-18,FO,NSE,STO,110666,,IDFCFIRSTB,,2026-02-24,2026-02-24,87.0,CE,IDFCFIRSTB26FEB87CE,0.14,0.34,0.1,0.26,0.31,0.18,84.61,0.26,8162000,129850,1244,1005959080.0,721,F1,9275,,,,,
2026-02-18,2026-02-18,FO,NSE,STO,110793,,IDFCFIRSTB,,2026-03-30,2026-03-30,86.0,CE,IDFCFIRSTB26MAR86CE,1.59,2.46,1.59,2.26,2.46,1.77,84.61,2.26,639975,46375,22,17966880.75,22,F1,9275,,,,,
2026-02-18,2026-02-18,FO,NSE,STO,110806,,IDFCFIRSTB,,2026-03-30,2026-03-30,88.0,CE,IDFCFIRSTB26MAR88CE,1.16,1.72,1.08,1.59,1.71,1.27,84.61,1.59,927500,157675,75,62199077.5,62,F1,9275,,,,,
2026-02-18,2026-02-18,FO,NSE,STO,122556,,IDFCFIRSTB,,2026-03-30,2026-03-30,91.0,CE,IDFCFIRSTB26MAR91CE,0.65,0.9,0.59,0.78,0.9,0.59,84.61,0.78,408100,250425,49,41667102.75,26,F1,9275,,,,,
2026-02-18,2026-02-18,FO,NSE,STO,122559,,IDFCFIRSTB,,2026-03-30,2026-03-30,93.0,PE,IDFCFIRSTB26MAR93PE,0.0,0.0,0.0,10.05,0.0,10.05,84.61,8.45,0,0,0,0.0,0,F1,9275,,,,,
2026-02-18,2026-02-18,FO,NSE,STO,122878,,IDFCFIRSTB,,2026-04-28,2026-04-28,90.0,PE,IDFCFIRSTB26APR90PE,0.0,0.0,0.0,8.37,0.0,8.37,84.61,6.58,0,0,0,0.0,0,F1,9275,,,,,
2026-02-18,2026-02-18,FO,NSE,STO,110630,,IDFCFIRSTB,,2026-02-24,2026-02-24,79.0,CE,IDFCFIRSTB26FEB79CE,4.8,5.25,4.8,5.21,5.25,4.3,84.61,5.21,426650,-9275,8,6238272.25,8,F1,9275,,,,,
2026-02-18,2026-02-18,FO,NSE,STO,122882,,IDFCFIRSTB,,2026-04-28,2026-04-28,94.0,PE,IDFCFIRSTB26APR94PE,0.0,0.0,0.0,11.23,0.0,11.23,84.61,9.57,0,0,0,0.0,0,F1,9275,,,,,
2026-02-18,2026-02-18,FO,NSE,STO,122884,,IDFCFIRSTB,,2026-04-28,2026-04-28,96.0,PE,IDFCFIRSTB26APR96PE,0.0,0.0,0.0,12.77,0.0,12.77,84.61,11.22,0,0,0,0.0,0,F1,9275,,,,,
2026-02-18,2026-02-18,FO,NSE,STO,102997,,IDFCFIRSTB,,2026-02-24,2026-02-24,96.0,CE,IDFCFIRSTB26FEB96CE,0.02,0.02,0.01,0.02,0.02,0.02,84.61,0.01,2040500,-139125,32,28496602.75,12,F1,9275,,,,,
2026-02-18,2026-02-18,FO,NSE,STO,122542,,IDFCFIRSTB,,2026-03-30,2026-03-30,77.0,CE,IDFCFIRSTB26MAR77CE,7.3,7.55,7.3,7.55,7.55,7.41,84.61,8.5,64925,0,3,2350285.0,3,F1,9275,,,,,
2026-02-18,2026-02-18,FO,NSE,STO,110839,,IDFCFIRSTB,,2026-03-30,2026-03-30,98.0,CE,IDFCFIRSTB26MAR98CE,0.15,0.21,0.15,0.17,0.21,0.17,84.61,0.17,241150,231875,33,30046269.75,33,F1,9275,,,,,
2026-02-18,2026-02-18,FO,NSE,STO,102970,,IDFCFIRSTB,,2026-02-24,2026-02-24,70.0,PE,IDFCFIRSTB26FEB70PE,0.03,0.03,0.01,0.01,0.01,0.02,84.61,0.01,2346575,-194775,49,31821412.0,34,F1,9275,,,,,
2026-02-18,2026-02-18,FO,NSE,STO,110659,,IDFCFIRSTB,,2026-02-24,2026-02-24,83.0,PE,IDFCFIRSTB26FEB83PE,1.04,1.1,0.23,0.33,0.23,0.94,84.61,0.33,4452000,-482300,1671,1295827594.25,1372,F1,9275,,,,,
2026-02-18,2026-02-18,FO,NSE,STO,110665,,IDFCFIRSTB,,2026-02-24,2026-02-24,85.0,PE,IDFCFIRSTB26FEB85PE,2.38,2.5,0.84,1.07,0.85,2.13,84.61,1.07,8570100,-1224300,657,525957888.75,622,F1,9275,,,,,
2026-02-18,2026-02-18,FO,NSE,STO,122549,,IDFCFIRSTB,,2026-03-30,2026-03-30,83.0,PE,IDFCFIRSTB26MAR83PE,2.26,2.3,1.48,1.62,1.48,2.22,84.61,1.62,955325,213325,46,36236961.25,44,F1,9275,,,,,
2026-02-18,2026-02-18,FO,NSE,STO,122866,,IDFCFIRSTB,,2026-04-28,2026-04-28,78.0,PE,IDFCFIRSTB26APR78PE,0.0,0.0,0.0,2.4,0.0,2.4,84.61,1.1,0,0,0,0.0,0,F1,9275,,,,,
2026-02-18,2026-02-18,FO,NSE,STO,122828,,IDFCFIRSTB,,2026-04-28,2026-04-28,68.0,PE,IDFCFIRSTB26APR68PE,0.0,0.0,0.0,0.44,0.0,0.44,84.61,0.07,0,0,0,0.0,0,F1,9275,,,,,
2026-02-18,2026-02-18,FO,NSE,STO,110836,,IDFCFIRSTB,,2026-03-30,2026-03-30,96.0,PE,IDFCFIRSTB26MAR96PE,0.0,0.0,0.0,11.88,0.0,11.88,84.61,11.11,0,0,0,0.0,0,F1,9275,,,,,
2026-02-18,2026-02-18,FO,NSE,STO,122544,,IDFCFIRSTB,,2026-03-30,2026-03-30,79.0,CE,IDFCFIRSTB26MAR79CE,0.0,0.0,0.0,4.65,4.65,4.65,84.61,6.85,74200,0,0,0.0,0,F1,9275,,,,,
2026-02-18,2026-02-18,FO,NSE,STO,102973,,IDFCFIRSTB,,2026-02-24,2026-02-24,74.0,CE,IDFCFIRSTB26FEB74CE,0.0,0.0,0.0,9.11,9.11,9.11,84.61,10.68,129850,0,0,0.0,0,F1,9275,,,,,
2026-02-18,2026-02-18,FO,NSE,STO,102987,,IDFCFIRSTB,,2026-02-24,2026-02-24,88.0,CE,IDFCFIRSTB26FEB88CE,0.08,0.19,0.06,0.15,0.17,0.11,84.61,0.15,13485850,1586025,1664,1359771763.0,791,F1,9275,,,,,
2026-02-18,2026-02-18,FO,NSE,STO,110774,,IDFCFIRSTB,,2026-03-30,2026-03-30,76.0,CE,IDFCFIRSTB26MAR76CE,0.0,0.0,0.0,7.65,7.65,7.65,84.61,9.38,27825,0,0,0.0,0,F1,9275,,,,,
2026-02-18,2026-02-18,FO,NSE,STO,122547,,IDFCFIRSTB,,2026-03-30,2026-03-30,81.0,PE,IDFCFIRSTB26MAR81PE,1.42,1.45,0.93,1.07,0.93,1.45,84.61,1.07,630700,352450,47,35875421.75,37,F1,9275,,,,,
2026-02-18,2026-02-18,FO,NSE,STO,110773,,IDFCFIRSTB,,2026-03-30,2026-03-30,74.0,PE,IDFCFIRSTB26MAR74PE,0.28,0.3,0.21,0.22,0.21,0.29,84.61,0.22,157675,9275,12,8265416.25,12,F1,9275,,,,,
2026-02-18,2026-02-18,FO,NSE,STO,122539,,IDFCFIRSTB,,2026-03-30,2026-03-30,73.0,PE,IDFCFIRSTB26MAR73PE,0.0,0.0,0.0,0.45,0.49,0.45,84.61,0.11,371000,0,0,0.0,0,F1,9275,,,,,
2026-02-18,2026-02-18,FO,NSE,STO,122562,,IDFCFIRSTB,,2026-03-30,2026-03-30,97.0,CE,IDFCFIRSTB26MAR97CE,0.21,0.22,0.18,0.2,0.22,0.22,84.61,0.2,241150,139125,21,18931202.5,17,F1,9275,,,,,
2026-02-18,2026-02-18,FO,NSE,STO,102999,,IDFCFIRSTB,,2026-02-24,2026-02-24,98.0,CE,IDFCFIRSTB26FEB98CE,0.01,0.02,0.01,0.01,0.02,0.01,84.61,0.01,2847425,-111300,41,37272422.25,33,F1,9275,,,,,
2026-02-18,2026-02-18,FO,NSE,STO,110685,,IDFCFIRSTB,,2026-02-24,2026-02-24,93.0,CE,IDFCFIRSTB26FEB93CE,0.03,0.03,0.02,0.03,0.03,0.04,84.61,0.03,2309475,333900,77,66436732.25,21,F1,9275,,,,,
2026-02-18,2026-02-18,FO,NSE,STO,110677,,IDFCFIRSTB,,2026-02-24,2026-02-24,91.0,CE,IDFCFIRSTB26FEB91CE,0.04,0.05,0.03,0.04,0.05,0.05,84.61,0.04,1484000,-139125,47,39685777.25,34,F1,9275,,,,,
2026-02-18,2026-02-18,FO,NSE,STO,122543,,IDFCFIRSTB,,2026-03-30,2026-03-30,77.0,PE,IDFCFIRSTB26MAR77PE,0.54,0.56,0.4,0.46,0.4,0.65,84.61,0.46,287525,102025,26,18693206.0,23,F1,9275,,,,,
2026-02-18,2026-02-18,FO,NSE,STO,102978,,IDFCFIRSTB,,2026-02-24,2026-02-24,78.0,PE,IDFCFIRSTB26FEB78PE,0.07,0.07,0.02,0.02,0.02,0.07,84.61,0.02,7642600,-556500,442,319944835.0,212,F1,9275,,,,,
2026-02-18,2026-02-18,FO,NSE,STO,122881,,IDFCFIRSTB,,2026-04-28,2026-04-28,94.0,CE,IDFCFIRSTB26APR94CE,0.0,0.0,0.0,2.17,0.0,2.17,84.61,1.15,0,0,0,0.0,0,F1,9275,,,,,
2026-02-18,2026-02-18,FO,NSE,STO,122873,,IDFCFIRSTB,,2026-04-28,2026-04-28,86.0,CE,IDFCFIRSTB26APR86CE,3.45,3.45,3.45,3.45,3.45,4.74,84.61,3.62,9275,9275,1,829648.75,1,F1,9275,,,,,
2026-02-18,2026-02-18,FO,NSE,STO,110704,,IDFCFIRSTB,,2026-02-24,2026-02-24,95.0,PE,IDFCFIRSTB26FEB95PE,0.0,0.0,0.0,10.6,0.0,10.6,84.61,10.3,0,0,0,0.0,0,F1,9275,,,,,
2026-02-18,2026-02-18,FO,NSE,STO,110570,,IDFCFIRSTB,,2026-02-24,2026-02-24,75.0,PE,IDFCFIRSTB26FEB75PE,0.03,0.03,0.02,0.02,0.02,0.03,84.61,0.02,4516925,-148400,169,117595406.25,41,F1,9275,,,,,
2026-02-18,2026-02-18,FO,NSE,STO,110780,,IDFCFIRSTB,,2026-03-30,2026-03-30,82.0,CE,IDFCFIRSTB26MAR82CE,3.45,4.8,3.42,4.45,4.8,3.61,84.61,4.45,806925,-18550,25,19940229.75,22,F1,9275,,,,,
2026-02-18,2026-02-18,FO,NSE,STO,110776,,IDFCFIRSTB,,2026-03-30,2026-03-30,78.0,CE,IDFCFIRSTB26MAR78CE,0.0,0.0,0.0,6.22,6.22,6.22,84.61,7.66,176225,0,0,0.0,0,F1,9275,,,,,
2026-02-18,2026-02-18,FO,NSE,STO,110664,,IDFCFIRSTB,,2026-02-24,2026-02-24,85.0,CE,IDFCFIRSTB26FEB85CE,0.36,0.99,0.23,0.77,0.9,0.51,84.61,0.77,15173900,-6789300,3685,2925080679.5,2477,F1,9275,,,,,
2026-02-18,2026-02-18,FO,NSE,STO,110656,,IDFCFIRSTB,,2026-02-24,2026-02-24,81.0,PE,IDFCFIRSTB26FEB81PE,0.39,0.39,0.06,0.08,0.06,0.33,84.61,0.08,4405625,-1465450,715,538431650.75,449,F1,9275,,,,,
2026-02-18,2026-02-18,FO,NSE,STO,122550,,IDFCFIRSTB,,2026-03-30,2026-03-30,85.0,CE,IDFCFIRSTB26MAR85CE,2.15,3.07,1.91,2.72,2.99,2.17,84.61,2.72,4554025,1196475,599,485574446.0,477,F1,9275,,,,,
2026-02-18,2026-02-18,FO,NSE,STO,122874,,IDFCFIRSTB,,2026-04-28,2026-04-28,86.0,PE,IDFCFIRSTB26APR86PE,0.0,0.0,0.0,5.92,0.0,5.92,84.61,4.12,0,0,0,0.0,0,F1,9275,,,,,
2026-02-18,2026-02-18,FO,NSE,STO,122872,,IDFCFIRSTB,,2026-04-28,2026-04-28,84.0,PE,IDFCFIRSTB26APR84PE,0.0,0.0,0.0,4.87,0.0,4.87,84.61,3.12,0,0,0,0.0,0,F1,9275,,,,,
2026-02-18,2026-02-18,FO,NSE,STO,122545,,IDFCFIRSTB,,2026-03-30,2026-03-30,79.0,PE,IDFCFIRSTB26MAR79PE,0.91,0.91,0.59,0.7,0.59,0.9,84.61,0.7,417375,278250,46,34039992.0,31,F1,9275,,,,,
2026-02-18,2026-02-18,FO,NSE,STO,102974,,IDFCFIRSTB,,2026-02-24,2026-02-24,74.0,PE,IDFCFIRSTB26FEB74PE,0.03,0.04,0.03,0.03,0.03,0.04,84.61,0.03,2188900,-834750,140,96128047.75,28,F1,9275,,,,,
2026-02-18,2026-02-18,FO,NSE,STO,102996,,IDFCFIRSTB,,2026-02-24,2026-02-24,94.0,PE,IDFCFIRSTB26FEB94PE,0.0,0.0,0.0,10.9,10.9,10.9,84.61,9.31,18550,0,0,0.0,0,F1,9275,,,,,
2026-02-18,2026-02-18,FO,NSE,STO,122541,,IDFCFIRSTB,,2026-03-30,2026-03-30,75.0,PE,IDFCFIRSTB26MAR75PE,0.36,0.37,0.24,0.26,0.24,0.35,84.61,0.26,1780800,-74200,101,70546855.75,77,F1,9275,,,,,
2026-02-18,2026-02-18,FO,NSE,STO,110813,,IDFCFIRSTB,,2026-03-30,2026-03-30,94.0,PE,IDFCFIRSTB26MAR94PE,0.0,0.0,0.0,10.39,0.0,10.39,84.61,9.31,0,0,0,0.0,0,F1,9275,,,,,
2026-02-18,2026-02-18,FO,NSE,STO,102980,,IDFCFIRSTB,,2026-02-24,2026-02-24,80.0,PE,IDFCFIRSTB26FEB80PE,0.24,0.24,0.05,0.06,0.06,0.19,84.61,0.06,17158750,-2086875,1231,914932746.0,848,F1,9275,,,,,
2026-02-18,2026-02-18,FO,NSE,STF,59357,,IDFCFIRSTB,,2026-02-24,2026-02-24,,,IDFCFIRSTB26FEBFUT,83.48,85.2,82.78,84.64,85.19,83.29,84.61,84.64,211525650,-45354750,8976,6963153382.5,6293,F1,9275,,,,,
2026-02-18,2026-02-18,FO,NSE,STF,51917,,IDFCFIRSTB,,2026-03-30,2026-03-30,,,IDFCFIRSTB26MARFUT,83.55,85.68,83.3,85.1,85.63,83.81,84.61,85.1,72975700,37545200,6574,5119236543.75,4199,F1,9275,,,,,
2026-02-18,2026-02-18,FO,NSE,STF,66858,,IDFCFIRSTB,,2026-04-28,2026-04-28,,,IDFCFIRSTB26APRFUT,84.1,86.14,83.9,85.46,86.08,84.33,84.61,85.46,4591125,-46375,147,115513076.0,141,F1,9275,,,,,
2026-02-18,2026-02-18,FO,NSE,STO,102971,,IDFCFIRSTB,,2026-02-24,2026-02-24,72.0,CE,IDFCFIRSTB26FEB72CE,0.0,0.0,0.0,10.45,10.45,10.45,84.61,12.68,46375,0,0,0.0,0,F1,9275,,,,,
2026-02-18,2026-02-18,FO,NSE,STO,102979,,IDFCFIRSTB,,2026-02-24,2026-02-24,80.0,CE,IDFCFIRSTB26FEB80CE,3.27,5.17,3.04,4.59,5.0,3.57,84.61,4.59,2745400,-306075,154,120126739.25,127,F1,9275,,,,,
2026-02-18,2026-02-18,FO,NSE,STO,122554,,IDFCFIRSTB,,2026-03-30,2026-03-30,89.0,CE,IDFCFIRSTB26MAR89CE,0.96,1.4,0.85,1.2,1.4,0.99,84.61,1.2,343175,129850,46,38433559.5,43,F1,9275,,,,,
2026-02-18,2026-02-18,FO,NSE,STO,110835,,IDFCFIRSTB,,2026-03-30,2026-03-30,96.0,CE,IDFCFIRSTB26MAR96CE,0.0,0.0,0.0,0.24,0.24,0.24,84.61,0.3,380275,0,0,0.0,0,F1,9275,,,,,
2026-02-18,2026-02-18,FO,NSE,STO,122863,,IDFCFIRSTB,,2026-04-28,2026-04-28,76.0,CE,IDFCFIRSTB26APR76CE,0.0,0.0,0.0,10.48,0.0,10.48,84.61,10.11,0,0,0,0.0,0,F1,9275,,,,,
2026-02-18,2026-02-18,FO,NSE,STO,122869,,IDFCFIRSTB,,2026-04-28,2026-04-28,82.0,CE,IDFCFIRSTB26APR82CE,0.0,0.0,0.0,6.68,0.0,6.68,84.61,5.75,0,0,0,0.0,0,F1,9275,,,,,
2026-02-18,2026-02-18,FO,NSE,STO,102972,,IDFCFIRSTB,,2026-02-24,2026-02-24,72.0,PE,IDFCFIRSTB26FEB72PE,0.03,0.03,0.02,0.02,0.02,0.03,84.61,0.02,1344875,-213325,33,22043707.0,23,F1,9275,,,,,
2026-02-18,2026-02-18,FO,NSE,STO,102995,,IDFCFIRSTB,,2026-02-24,2026-02-24,94.0,CE,IDFCFIRSTB26FEB94CE,0.03,0.03,0.01,0.02,0.03,0.03,84.61,0.02,3292625,-111300,87,75866068.25,35,F1,9275,,,,,
2026-02-18,2026-02-18,FO,NSE,STO,122540,,IDFCFIRSTB,,2026-03-30,2026-03-30,75.0,CE,IDFCFIRSTB26MAR75CE,8.7,10.11,8.7,10.11,10.11,9.01,84.61,10.11,204050,37100,12,9381662.5,11,F1,9275,,,,,
2026-02-18,2026-02-18,FO,NSE,STO,110565,,IDFCFIRSTB,,2026-02-24,2026-02-24,73.0,PE,IDFCFIRSTB26FEB73PE,0.0,0.0,0.0,0.49,0.0,0.49,84.61,0.01,0,0,0,0.0,0,F1,9275,,,,,
2026-02-18,2026-02-18,FO,NSE,STO,110631,,IDFCFIRSTB,,2026-02-24,2026-02-24,79.0,PE,IDFCFIRSTB26FEB79PE,0.1,0.11,0.03,0.03,0.03,0.11,84.61,0.03,9451225,-862575,685,502345779.25,321,F1,9275,,,,,
2026-02-18,2026-02-18,FO,NSE,STO,110807,,IDFCFIRSTB,,2026-03-30,2026-03-30,88.0,PE,IDFCFIRSTB26MAR88PE,4.39,4.4,4.39,4.39,4.4,5.93,84.61,4.39,27825,18550,2,1713927.25,2,F1,9275,,,,,
2026-02-18,2026-02-18,FO,NSE,STO,110809,,IDFCFIRSTB,,2026-03-30,2026-03-30,90.0,PE,IDFCFIRSTB26MAR90PE,7.08,7.2,5.5,5.88,5.5,6.92,84.61,5.88,1122275,732725,121,108400913.25,97,F1,9275,,,,,
2026-02-18,2026-02-18,FO,NSE,STO,122864,,IDFCFIRSTB,,2026-04-28,2026-04-28,76.0,PE,IDFCFIRSTB26APR76PE,0.0,0.0,0.0,1.82,0.0,1.82,84.61,0.71,0,0,0,0.0,0,F1,9275,,,,,
2026-02-18,2026-02-18,FO,NSE,STO,122862,,IDFCFIRSTB,,2026-04-28,2026-04-28,74.0,PE,IDFCFIRSTB26APR74PE,0.0,0.0,0.0,1.34,0.0,1.34,84.61,0.44,0,0,0,0.0,0,F1,9275,,,,,
2026-02-18,2026-02-18,FO,NSE,STO,110840,,IDFCFIRSTB,,2026-03-30,2026-03-30,98.0,PE,IDFCFIRSTB26MAR98PE,0.0,0.0,0.0,15.25,15.25,15.25,84.61,12.98,18550,0,0,0.0,0,F1,9275,,,,,
2026-02-18,2026-02-18,FO,NSE,STO,122555,,IDFCFIRSTB,,2026-03-30,2026-03-30,89.0,PE,IDFCFIRSTB26MAR89PE,0.0,0.0,0.0,7.12,0.0,7.12,84.61,5.31,0,0,0,0.0,0,F1,9275,,,,,
2026-02-18,2026-02-18,FO,NSE,STO,102988,,IDFCFIRSTB,,2026-02-24,2026-02-24,88.0,PE,IDFCFIRSTB26FEB88PE,4.84,4.88,3.1,3.55,3.1,4.75,84.61,3.55,936775,148400,70,59593544.5,64,F1,9275,,,,,
2026-02-18,2026-02-18,FO,NSE,STO,110775,,IDFCFIRSTB,,2026-03-30,2026-03-30,76.0,PE,IDFCFIRSTB26MAR76PE,0.45,0.46,0.32,0.35,0.32,0.45,84.61,0.35,704900,-166950,58,41097896.0,55,F1,9275,,,,,
2026-02-18,2026-02-18,FO,NSE,STO,110567,,IDFCFIRSTB,,2026-02-24,2026-02-24,75.0,CE,IDFCFIRSTB26FEB75CE,8.0,10.1,8.0,9.7,10.1,8.43,84.61,9.7,1381975,-120575,42,32804376.5,21,F1,9275,,,,,
2026-02-18,2026-02-18,FO,NSE,STO,102985,,IDFCFIRSTB,,2026-02-24,2026-02-24,86.0,CE,IDFCFIRSTB26FEB86CE,0.21,1.0,0.18,0.5,0.55,0.31,84.61,0.5,9302825,-64925,2034,1629166364.0,1423,F1,9275,,,,,
2026-02-18,2026-02-18,FO,NSE,STO,102993,,IDFCFIRSTB,,2026-02-24,2026-02-24,92.0,CE,IDFCFIRSTB26FEB92CE,0.04,0.04,0.02,0.03,0.04,0.03,84.61,0.03,1715875,-769825,186,158766018.25,54,F1,9275,,,,,
2026-02-18,2026-02-18,FO,NSE,STO,122879,,IDFCFIRSTB,,2026-04-28,2026-04-28,92.0,CE,IDFCFIRSTB26APR92CE,0.0,0.0,0.0,2.66,0.0,2.66,84.61,1.58,0,0,0,0.0,0,F1,9275,,,,,
2026-02-18,2026-02-18,FO,NSE,STO,122865,,IDFCFIRSTB,,2026-04-28,2026-04-28,78.0,CE,IDFCFIRSTB26APR78CE,0.0,0.0,0.0,9.1,0.0,9.1,84.61,8.52,0,0,0,0.0,0,F1,9275,,,,,
2026-02-18,2026-02-18,FO,NSE,STO,122859,,IDFCFIRSTB,,2026-04-28,2026-04-28,72.0,CE,IDFCFIRSTB26APR72CE,0.0,0.0,0.0,13.56,0.0,13.56,84.61,13.61,0,0,0,0.0,0,F1,9275,,,,,
2026-02-18,2026-02-18,FO,NSE,STO,122558,,IDFCFIRSTB,,2026-03-30,2026-03-30,93.0,CE,IDFCFIRSTB26MAR93CE,0.0,0.0,0.0,1.52,0.0,1.52,84.61,0.62,0,0,0,0.0,0,F1,9275,,,,,
2026-02-18,2026-02-18,FO,NSE,STO,110808,,IDFCFIRSTB,,2026-03-30,2026-03-30,90.0,CE,IDFCFIRSTB26MAR90CE,0.78,1.15,0.7,1.01,1.12,0.84,84.61,1.01,7169575,157675,697,587370817.25,500,F1,9275,,,,,
2026-02-18,2026-02-18,FO,NSE,STO,122546,,IDFCFIRSTB,,2026-03-30,2026-03-30,81.0,CE,IDFCFIRSTB26MAR81CE,4.13,5.0,4.1,4.97,5.0,4.33,84.61,4.97,435925,-74200,23,18210256.75,20,F1,9275,,,,,
2026-02-18,2026-02-18,FO,NSE,STO,110772,,IDFCFIRSTB,,2026-03-30,2026-03-30,74.0,CE,IDFCFIRSTB26MAR74CE,0.0,0.0,0.0,9.2,9.2,9.2,84.61,11.21,27825,0,0,0.0,0,F1,9275,,,,,
2026-02-18,2026-02-18,FO,NSE,STO,110693,,IDFCFIRSTB,,2026-02-24,2026-02-24,95.0,CE,IDFCFIRSTB26FEB95CE,0.01,0.02,0.01,0.02,0.02,0.02,84.61,0.02,2522800,-18550,3,2643746.0,2,F1,9275,,,,,
2026-02-18,2026-02-18,FO,NSE,STO,110564,,IDFCFIRSTB,,2026-02-24,2026-02-24,73.0,CE,IDFCFIRSTB26FEB73CE,0.0,0.0,0.0,13.0,0.0,13.0,84.61,11.68,0,0,0,0.0,0,F1,9275,,,,,
2026-02-18,2026-02-18,FO,NSE,STO,102975,,IDFCFIRSTB,,2026-02-24,2026-02-24,76.0,CE,IDFCFIRSTB26FEB76CE,0.0,0.0,0.0,6.97,6.97,6.97,84.61,8.68,333900,0,0,0.0,0,F1,9275,,,,,
2026-02-18,2026-02-18,FO,NSE,STO,102977,,IDFCFIRSTB,,2026-02-24,2026-02-24,78.0,CE,IDFCFIRSTB26FEB78CE,5.45,7.07,5.38,6.66,7.07,5.44,84.61,6.66,1010975,-46375,21,16438824.5,19,F1,9275,,,,,
2026-02-18,2026-02-18,FO,NSE,STO,122876,,IDFCFIRSTB,,2026-04-28,2026-04-28,88.0,PE,IDFCFIRSTB26APR88PE,0.0,0.0,0.0,7.1,0.0,7.1,84.61,5.27,0,0,0,0.0,0,F1,9275,,,,,
2026-02-18,2026-02-18,FO,NSE,STO,122870,,IDFCFIRSTB,,2026-04-28,2026-04-28,82.0,PE,IDFCFIRSTB26APR82PE,0.0,0.0,0.0,3.92,0.0,3.92,84.61,2.29,0,0,0,0.0,0,F1,9275,,,,,
2026-02-18,2026-02-18,FO,NSE,STO,110794,,IDFCFIRSTB,,2026-03-30,2026-03-30,86.0,PE,IDFCFIRSTB26MAR86PE,4.09,4.09,2.78,2.88,2.8,3.98,84.61,2.88,157675,111300,19,15675121.0,15,F1,9275,,,,,
2026-02-18,2026-02-18,FO,NSE,STO,110689,,IDFCFIRSTB,,2026-02-24,2026-02-24,93.0,PE,IDFCFIRSTB26FEB93PE,0.0,0.0,0.0,9.05,0.0,9.05,84.61,8.31,0,0,0,0.0,0,F1,9275,,,,,
2026-02-18,2026-02-18,FO,NSE,STO,110769,,IDFCFIRSTB,,2026-03-30,2026-03-30,70.0,PE,IDFCFIRSTB26MAR70PE,0.12,0.12,0.11,0.11,0.11,0.14,84.61,0.11,324625,0,10,6502795.25,8,F1,9275,,,,,
2026-02-18,2026-02-18,FO,NSE,STO,110676,,IDFCFIRSTB,,2026-02-24,2026-02-24,89.0,PE,IDFCFIRSTB26FEB89PE,0.0,0.0,0.0,7.65,7.66,7.65,84.61,4.4,139125,0,0,0.0,0,F1,9275,,,,,
2026-02-18,2026-02-18,FO,NSE,STO,122557,,IDFCFIRSTB,,2026-03-30,2026-03-30,91.0,PE,IDFCFIRSTB26MAR91PE,0.0,0.0,0.0,7.95,7.95,7.95,84.61,6.81,9275,0,0,0.0,0,F1,9275,,,,,
2026-02-18,2026-02-18,FO,NSE,STO,110811,,IDFCFIRSTB,,2026-03-30,2026-03-30,92.0,PE,IDFCFIRSTB26MAR92PE,0.0,0.0,0.0,8.99,0.0,8.99,84.61,7.61,0,0,0,0.0,0,F1,9275,,,,,
2026-02-18,2026-02-18,FO,NSE,STO,110572,,IDFCFIRSTB,,2026-02-24,2026-02-24,77.0,PE,IDFCFIRSTB26FEB77PE,0.06,0.06,0.03,0.03,0.04,0.05,84.61,0.03,2930900,602875,244,174375194.0,101,F1,9275,,,,,
2026-02-18,2026-02-18,FO,NSE,STO,110812,,IDFCFIRSTB,,2026-03-30,2026-03-30,94.0,CE,IDFCFIRSTB26MAR94CE,0.32,0.47,0.32,0.4,0.47,0.37,84.61,0.4,1947750,1187200,164,143590727.0,91,F1,9275,,,,,
2026-02-18,2026-02-18,FO,NSE,STO,110810,,IDFCFIRSTB,,2026-03-30,2026-03-30,92.0,CE,IDFCFIRSTB26MAR92CE,0.55,0.72,0.48,0.65,0.71,0.56,84.61,0.65,510125,315350,131,112521888.5,70,F1,9275,,,,,
2026-02-18,2026-02-18,FO,NSE,STO,110670,,IDFCFIRSTB,,2026-02-24,2026-02-24,89.0,CE,IDFCFIRSTB26FEB89CE,0.07,0.12,0.05,0.08,0.11,0.08,84.61,0.08,3079300,-287525,365,301523572.0,253,F1,9275,,,,,
2026-02-18,2026-02-18,FO,NSE,STO,102983,,IDFCFIRSTB,,2026-02-24,2026-02-24,84.0,CE,IDFCFIRSTB26FEB84CE,0.67,1.58,0.56,1.2,1.52,0.79,84.61,1.2,5027050,-2578450,1904,1499096917.5,1656,F1,9275,,,,,
2026-02-18,2026-02-18,FO,NSE,STO,102981,,IDFCFIRSTB,,2026-02-24,2026-02-24,82.0,CE,IDFCFIRSTB26FEB82CE,1.86,3.23,1.47,2.73,3.23,1.92,84.61,2.73,7049000,-4275775,1106,864894770.25,855,F1,9275,,,,,
2026-02-18,2026-02-18,FO,NSE,STO,102969,,IDFCFIRSTB,,2026-02-24,2026-02-24,70.0,CE,IDFCFIRSTB26FEB70CE,13.25,13.57,13.25,13.57,13.57,14.94,84.61,14.67,102025,-27825,3,2322181.75,3,F1,9275,,,,,
2026-02-18,2026-02-18,FO,NSE,STO,110778,,IDFCFIRSTB,,2026-03-30,2026-03-30,80.0,CE,IDFCFIRSTB26MAR80CE,4.9,6.5,4.7,6.4,6.5,5.06,84.61,6.4,5759775,4980675,616,487544177.75,334,F1,9275,,,,,
2026-02-18,2026-02-18,FO,NSE,STO,122548,,IDFCFIRSTB,,2026-03-30,2026-03-30,83.0,CE,IDFCFIRSTB26MAR83CE,3.02,4.2,2.85,3.78,4.2,3.08,84.61,3.78,1122275,92750,76,60752270.25,68,F1,9275,,,,,
2026-02-18,2026-02-18,FO,NSE,STO,122552,,IDFCFIRSTB,,2026-03-30,2026-03-30,87.0,CE,IDFCFIRSTB26MAR87CE,1.42,2.12,1.35,1.92,2.05,1.25,84.61,1.92,389550,129850,32,26334229.25,30,F1,9275,,,,,
2026-02-18,2026-02-18,FO,NSE,STO,110783,,IDFCFIRSTB,,2026-03-30,2026-03-30,84.0,PE,IDFCFIRSTB26MAR84PE,2.81,2.85,1.85,2.05,1.85,2.67,84.61,2.05,890400,482300,98,78577336.25,92,F1,9275,,,,,
2026-02-18,2026-02-18,FO,NSE,STO,110771,,IDFCFIRSTB,,2026-03-30,2026-03-30,72.0,PE,IDFCFIRSTB26MAR72PE,0.0,0.0,0.0,0.83,0.0,0.83,84.61,0.07,0,0,0,0.0,0,F1,9275,,,,,
2026-02-18,2026-02-18,FO,NSE,STO,103000,,IDFCFIRSTB,,2026-02-24,2026-02-24,98.0,PE,IDFCFIRSTB26FEB98PE,14.75,14.8,13.1,13.14,13.28,15.47,84.61,13.14,825475,-148400,21,21766013.5,19,F1,9275,,,,,
2026-02-18,2026-02-18,FO,NSE,STO,102968,,IDFCFIRSTB,,2026-02-24,2026-02-24,68.0,PE,IDFCFIRSTB26FEB68PE,0.0,0.0,0.0,0.03,0.04,0.03,84.61,0.01,973875,0,0,0.0,0,F1,9275,,,,,
2026-02-18,2026-02-18,FO,NSE,STO,122875,,IDFCFIRSTB,,2026-04-28,2026-04-28,88.0,CE,IDFCFIRSTB26APR88CE,0.0,0.0,0.0,3.94,0.0,3.94,84.61,2.79,0,0,0,0.0,0,F1,9275,,,,,
2026-02-18,2026-02-18,FO,NSE,STO,122821,,IDFCFIRSTB,,2026-04-28,2026-04-28,68.0,CE,IDFCFIRSTB26APR68CE,0.0,0.0,0.0,16.98,0.0,16.98,84.61,17.39,0,0,0,0.0,0,F1,9275,,,,,
2026-02-18,2026-02-18,FO,NSE,STO,110782,,IDFCFIRSTB,,2026-03-30,2026-03-30,84.0,CE,IDFCFIRSTB26MAR84CE,2.53,3.56,2.33,3.21,3.56,2.64,84.61,3.21,1159375,575050,174,140108613.75,148,F1,9275,,,,,
2026-02-18,2026-02-18,FO,NSE,STO,110770,,IDFCFIRSTB,,2026-03-30,2026-03-30,72.0,CE,IDFCFIRSTB26MAR72CE,0.0,0.0,0.0,11.0,11.0,11.0,84.61,13.11,27825,0,0,0.0,0,F1,9275,,,,,
2026-02-18,2026-02-18,FO,NSE,STO,110705,,IDFCFIRSTB,,2026-02-24,2026-02-24,97.0,CE,IDFCFIRSTB26FEB97CE,0.0,0.0,0.0,0.98,0.0,0.98,84.61,0.01,0,0,0,0.0,0,F1,9275,,,,,
2026-02-18,2026-02-18,FO,NSE,STO,122868,,IDFCFIRSTB,,2026-04-28,2026-04-28,80.0,PE,IDFCFIRSTB26APR80PE,0.0,0.0,0.0,3.1,0.0,3.1,84.61,1.62,0,0,0,0.0,0,F1,9275,,,,,
2026-02-18,2026-02-18,FO,NSE,STO,130574,,LODHA,,2026-02-24,2026-02-24,1060.0,CE,LODHA26FEB1060CE,37.0,54.1,37.0,51.8,50.1,42.65,1108.1,51.8,22500,-1800,43,21457192.5,40,F1,450,,,,,
2026-02-18,2026-02-18,FO,NSE,STO,130564,,LODHA,,2026-02-24,2026-02-24,990.0,CE,LODHA26FEB990CE,0.0,0.0,0.0,108.95,108.95,108.95,1108.1,119.15,14400,0,0,0.0,0,F1,450,,,,,
2026-02-18,2026-02-18,FO,NSE,STO,130601,,LODHA,,2026-02-24,2026-02-24,1210.0,PE,LODHA26FEB1210PE,0.0,0.0,0.0,167.3,0.0,167.3,1108.1,101.6,0,0,0,0.0,0,F1,450,,,,,
2026-02-18,2026-02-18,FO,NSE,STO,130817,,LODHA,,2026-03-30,2026-03-30,980.0,CE,LODHA26MAR980CE,0.0,0.0,0.0,139.8,0.0,139.8,1108.1,144.15,0,0,0,0.0,0,F1,450,,,,,
2026-02-18,2026-02-18,FO,NSE,STO,130811,,LODHA,,2026-03-30,2026-03-30,940.0,CE,LODHA26MAR940CE,0.0,0.0,0.0,165.8,0.0,165.8,1108.1,178.75,0,0,0,0.0,0,F1,450,,,,,
2026-02-18,2026-02-18,FO,NSE,STO,130604,,LODHA,,2026-02-24,2026-02-24,1230.0,CE,LODHA26FEB1230CE,0.0,0.0,0.0,4.95,4.95,4.95,1108.1,0.35,450,0,0,0.0,0,F1,450,,,,,
2026-02-18,2026-02-18,FO,NSE,STO,136396,,LODHA,,2026-03-30,2026-03-30,990.0,PE,LODHA26MAR990PE,0.0,0.0,0.0,13.6,13.6,13.6,1108.1,11.9,3150,0,0,0.0,0,F1,450,,,,,
2026-02-18,2026-02-18,FO,NSE,STO,136647,,LODHA,,2026-04-28,2026-04-28,860.0,PE,LODHA26APR860PE,0.0,0.0,0.0,49.9,0.0,49.9,1108.1,3.6,0,0,0,0.0,0,F1,450,,,,,
2026-02-18,2026-02-18,FO,NSE,STO,136649,,LODHA,,2026-04-28,2026-04-28,880.0,PE,LODHA26APR880PE,0.0,0.0,0.0,58.55,0.0,58.55,1108.1,5.05,0,0,0,0.0,0,F1,450,,,,,
2026-02-18,2026-02-18,FO,NSE,STO,136461,,LODHA,,2026-03-30,2026-03-30,1090.0,PE,LODHA26MAR1090PE,0.0,0.0,0.0,77.75,77.75,77.75,1108.1,43.1,900,0,0,0.0,0,F1,450,,,,,
2026-02-18,2026-02-18,FO,NSE,STO,130591,,LODHA,,2026-02-24,2026-02-24,1170.0,PE,LODHA26FEB1170PE,0.0,0.0,0.0,136.8,0.0,136.8,1108.1,64.6,0,0,0,0.0,0,F1,450,,,,,
2026-02-18,2026-02-18,FO,NSE,STO,136652,,LODHA,,2026-04-28,2026-04-28,920.0,CE,LODHA26APR920CE,0.0,0.0,0.0,79.55,0.0,79.55,1108.1,206.9,0,0,0,0.0,0,F1,450,,,,,
2026-02-18,2026-02-18,FO,NSE,STO,136638,,LODHA,,2026-04-28,2026-04-28,780.0,CE,LODHA26APR780CE,0.0,0.0,0.0,162.6,0.0,162.6,1108.1,336.9,0,0,0,0.0,0,F1,450,,,,,
2026-02-18,2026-02-18,FO,NSE,STO,130836,,LODHA,,2026-03-30,2026-03-30,1140.0,CE,LODHA26MAR1140CE,34.4,34.4,34.4,34.4,34.4,22.35,1108.1,44.15,8100,450,1,528480.0,1,F1,450,,,,,
2026-02-18,2026-02-18,FO,NSE,STO,130325,,LODHA,,2026-02-24,2026-02-24,820.0,PE,LODHA26FEB820PE,0.0,0.0,0.0,0.5,0.5,0.5,1108.1,0.05,20700,0,0,0.0,0,F1,450,,,,,
2026-02-18,2026-02-18,FO,NSE,STO,130328,,LODHA,,2026-02-24,2026-02-24,850.0,CE,LODHA26FEB850CE,0.0,0.0,0.0,108.0,108.0,108.0,1108.1,258.85,3600,0,0,0.0,0,F1,450,,,,,
2026-02-18,2026-02-18,FO,NSE,STO,130554,,LODHA,,2026-02-24,2026-02-24,950.0,CE,LODHA26FEB950CE,160.25,160.25,158.45,159.35,158.45,127.0,1108.1,159.35,86400,-900,2,998415.0,2,F1,450,,,,,
2026-02-18,2026-02-18,FO,NSE,STO,130580,,LODHA,,2026-02-24,2026-02-24,1100.0,CE,LODHA26FEB1100CE,13.55,21.5,11.0,19.65,18.25,16.25,1108.1,19.65,259200,-111150,1508,757034932.5,1177,F1,450,,,,,
2026-02-18,2026-02-18,FO,NSE,STO,130596,,LODHA,,2026-02-24,2026-02-24,1180.0,CE,LODHA26FEB1180CE,1.1,1.5,0.95,1.4,1.35,1.65,1108.1,1.4,30600,2250,57,30296272.5,56,F1,450,,,,,
2026-02-18,2026-02-18,FO,NSE,STO,136569,,LODHA,,2026-03-30,2026-03-30,1210.0,CE,LODHA26MAR1210CE,0.0,0.0,0.0,14.0,14.0,14.0,1108.1,22.15,900,0,0,0.0,0,F1,450,,,,,
2026-02-18,2026-02-18,FO,NSE,STO,131042,,LODHA,,2026-03-30,2026-03-30,1240.0,CE,LODHA26MAR1240CE,8.9,8.9,8.6,8.6,8.6,8.75,1108.1,15.95,2700,2250,6,3371535.0,5,F1,450,,,,,
2026-02-18,2026-02-18,FO,NSE,STO,136648,,LODHA,,2026-04-28,2026-04-28,880.0,CE,LODHA26APR880CE,0.0,0.0,0.0,99.2,0.0,99.2,1108.1,242.25,0,0,0,0.0,0,F1,450,,,,,
2026-02-18,2026-02-18,FO,NSE,STO,130327,,LODHA,,2026-02-24,2026-02-24,830.0,PE,LODHA26FEB830PE,0.0,0.0,0.0,1.05,1.05,1.05,1108.1,0.05,19350,0,0,0.0,0,F1,450,,,,,
2026-02-18,2026-02-18,FO,NSE,STO,113567,,LODHA,,2026-02-24,2026-02-24,1080.0,PE,LODHA26FEB1080PE,12.5,12.85,4.55,5.1,5.35,10.6,1108.1,5.1,238050,15300,372,182064847.5,310,F1,450,,,,,
2026-02-18,2026-02-18,FO,NSE,STO,130599,,LODHA,,2026-02-24,2026-02-24,1190.0,PE,LODHA26FEB1190PE,0.0,0.0,0.0,151.8,0.0,151.8,1108.1,82.6,0,0,0,0.0,0,F1,450,,,,,
2026-02-18,2026-02-18,FO,NSE,STO,136568,,LODHA,,2026-03-30,2026-03-30,1190.0,PE,LODHA26MAR1190PE,0.0,0.0,0.0,276.55,0.0,276.55,1108.1,102.0,0,0,0,0.0,0,F1,450,,,,,
2026-02-18,2026-02-18,FO,NSE,STO,136657,,LODHA,,2026-04-28,2026-04-28,960.0,PE,LODHA26APR960PE,0.0,0.0,0.0,101.05,0.0,101.05,1108.1,15.7,0,0,0,0.0,0,F1,450,,,,,
2026-02-18,2026-02-18,FO,NSE,STO,136661,,LODHA,,2026-04-28,2026-04-28,1000.0,PE,LODHA26APR1000PE,0.0,0.0,0.0,126.75,0.0,126.75,1108.1,24.95,0,0,0,0.0,0,F1,450,,,,,
2026-02-18,2026-02-18,FO,NSE,STO,136681,,LODHA,,2026-04-28,2026-04-28,1180.0,PE,LODHA26APR1180PE,0.0,0.0,0.0,269.15,0.0,269.15,1108.1,108.0,0,0,0,0.0,0,F1,450,,,,,
2026-02-18,2026-02-18,FO,NSE,STO,130320,,LODHA,,2026-02-24,2026-02-24,790.0,CE,LODHA26FEB790CE,0.0,0.0,0.0,287.0,287.0,287.0,1108.1,318.8,2250,0,0,0.0,0,F1,450,,,,,
2026-02-18,2026-02-18,FO,NSE,STO,136668,,LODHA,,2026-04-28,2026-04-28,1060.0,CE,LODHA26APR1060CE,0.0,0.0,0.0,33.45,0.0,33.45,1108.1,103.9,0,0,0,0.0,0,F1,450,,,,,
2026-02-18,2026-02-18,FO,NSE,STO,136674,,LODHA,,2026-04-28,2026-04-28,1120.0,CE,LODHA26APR1120CE,0.0,0.0,0.0,22.2,0.0,22.2,1108.1,72.25,0,0,0,0.0,0,F1,450,,,,,
2026-02-18,2026-02-18,FO,NSE,STO,136676,,LODHA,,2026-04-28,2026-04-28,1140.0,CE,LODHA26APR1140CE,0.0,0.0,0.0,19.25,0.0,19.25,1108.1,63.45,0,0,0,0.0,0,F1,450,,,,,
2026-02-18,2026-02-18,FO,NSE,STO,39824,,LODHA,,2026-02-24,2026-02-24,760.0,PE,LODHA26FEB760PE,0.3,0.3,0.3,0.3,0.3,0.55,1108.1,0.05,26100,-3150,8,2737080.0,4,F1,450,,,,,
2026-02-18,2026-02-18,FO,NSE,STO,113488,,LODHA,,2026-02-24,2026-02-24,800.0,PE,LODHA26FEB800PE,0.5,0.5,0.4,0.4,0.4,0.55,1108.1,0.05,79200,-4500,23,8284590.0,11,F1,450,,,,,
2026-02-18,2026-02-18,FO,NSE,STO,130818,,LODHA,,2026-03-30,2026-03-30,980.0,PE,LODHA26MAR980PE,0.0,0.0,0.0,15.2,15.2,15.2,1108.1,10.15,7200,0,0,0.0,0,F1,450,,,,,
2026-02-18,2026-02-18,FO,NSE,STO,113525,,LODHA,,2026-02-24,2026-02-24,960.0,CE,LODHA26FEB960CE,0.0,0.0,0.0,128.5,128.5,128.5,1108.1,149.0,77850,0,0,0.0,0,F1,450,,,,,
2026-02-18,2026-02-18,FO,NSE,STO,130812,,LODHA,,2026-03-30,2026-03-30,940.0,PE,LODHA26MAR940PE,0.0,0.0,0.0,8.9,8.9,8.9,1108.1,5.0,2700,0,0,0.0,0,F1,450,,,,,
2026-02-18,2026-02-18,FO,NSE,STO,136384,,LODHA,,2026-03-30,2026-03-30,870.0,PE,LODHA26MAR870PE,0.0,0.0,0.0,7.6,7.6,7.6,1108.1,1.1,4050,0,0,0.0,0,F1,450,,,,,
2026-02-18,2026-02-18,FO,NSE,STO,136563,,LODHA,,2026-03-30,2026-03-30,1170.0,CE,LODHA26MAR1170CE,0.0,0.0,0.0,14.1,14.1,14.1,1108.1,33.25,900,0,0,0.0,0,F1,450,,,,,
2026-02-18,2026-02-18,FO,NSE,STO,136555,,LODHA,,2026-03-30,2026-03-30,1110.0,CE,LODHA26MAR1110CE,39.7,39.7,39.6,39.6,39.6,45.9,1108.1,57.45,2700,450,3,1552050.0,3,F1,450,,,,,
2026-02-18,2026-02-18,FO,NSE,STO,113487,,LODHA,,2026-02-24,2026-02-24,800.0,CE,LODHA26FEB800CE,297.5,301.55,297.5,301.55,301.55,221.0,1108.1,308.8,2700,0,6,2968717.5,2,F1,450,,,,,
2026-02-18,2026-02-18,FO,NSE,STO,136683,,LODHA,,2026-04-28,2026-04-28,1200.0,PE,LODHA26APR1200PE,0.0,0.0,0.0,286.9,0.0,286.9,1108.1,121.35,0,0,0,0.0,0,F1,450,,,,,
2026-02-18,2026-02-18,FO,NSE,STO,136562,,LODHA,,2026-03-30,2026-03-30,1150.0,PE,LODHA26MAR1150PE,0.0,0.0,0.0,239.95,0.0,239.95,1108.1,75.25,0,0,0,0.0,0,F1,450,,,,,
2026-02-18,2026-02-18,FO,NSE,STO,130787,,LODHA,,2026-03-30,2026-03-30,800.0,PE,LODHA26MAR800PE,0.0,0.0,0.0,8.0,8.0,8.0,1108.1,0.15,900,0,0,0.0,0,F1,450,,,,,
2026-02-18,2026-02-18,FO,NSE,STO,130597,,LODHA,,2026-02-24,2026-02-24,1180.0,PE,LODHA26FEB1180PE,0.0,0.0,0.0,89.95,89.95,89.95,1108.1,73.45,4950,0,0,0.0,0,F1,450,,,,,
2026-02-18,2026-02-18,FO,NSE,STO,130585,,LODHA,,2026-02-24,2026-02-24,1130.0,PE,LODHA26FEB1130PE,0.0,0.0,0.0,41.9,41.8,41.9,1108.1,33.6,900,0,0,0.0,0,F1,450,,,,,
2026-02-18,2026-02-18,FO,NSE,STO,113573,,LODHA,,2026-02-24,2026-02-24,1120.0,PE,LODHA26FEB1120PE,22.55,22.65,20.0,21.3,21.95,35.45,1108.1,21.3,25650,900,10,5135670.0,10,F1,450,,,,,
2026-02-18,2026-02-18,FO,NSE,STO,130583,,LODHA,,2026-02-24,2026-02-24,1110.0,PE,LODHA26FEB1110PE,16.75,16.75,14.5,15.45,15.95,25.9,1108.1,15.45,37350,450,7,3545100.0,6,F1,450,,,,,
2026-02-18,2026-02-18,FO,NSE,STO,113510,,LODHA,,2026-02-24,2026-02-24,880.0,PE,LODHA26FEB880PE,0.6,0.6,0.55,0.6,0.55,0.85,1108.1,0.6,52650,450,5,1981327.5,4,F1,450,,,,,
2026-02-18,2026-02-18,FO,NSE,STO,130387,,LODHA,,2026-02-24,2026-02-24,870.0,PE,LODHA26FEB870PE,0.7,0.7,0.5,0.5,0.5,0.8,1108.1,0.5,32850,-6750,16,6268950.0,6,F1,450,,,,,
2026-02-18,2026-02-18,FO,NSE,STO,130319,,LODHA,,2026-02-24,2026-02-24,780.0,PE,LODHA26FEB780PE,0.3,0.4,0.3,0.4,0.4,0.6,1108.1,0.4,70200,-6750,63,22123462.5,50,F1,450,,,,,
2026-02-18,2026-02-18,FO,NSE,STO,136684,,LODHA,,2026-04-28,2026-04-28,1240.0,CE,LODHA26APR1240CE,0.0,0.0,0.0,9.25,0.0,9.25,1108.1,31.05,0,0,0,0.0,0,F1,450,,,,,
2026-02-18,2026-02-18,FO,NSE,STO,130547,,LODHA,,2026-02-24,2026-02-24,930.0,CE,LODHA26FEB930CE,0.0,0.0,0.0,168.6,169.55,168.6,1108.1,178.95,70650,0,0,0.0,0,F1,450,,,,,
2026-02-18,2026-02-18,FO,NSE,STO,130558,,LODHA,,2026-02-24,2026-02-24,980.0,CE,LODHA26FEB980CE,0.0,0.0,0.0,78.75,78.75,78.75,1108.1,129.05,63900,0,0,0.0,0,F1,450,,,,,
2026-02-18,2026-02-18,FO,NSE,STO,130568,,LODHA,,2026-02-24,2026-02-24,1020.0,CE,LODHA26FEB1020CE,73.0,93.4,73.0,88.75,89.2,78.4,1108.1,88.75,74700,-900,13,6452437.5,13,F1,450,,,,,
2026-02-18,2026-02-18,FO,NSE,STO,130578,,LODHA,,2026-02-24,2026-02-24,1090.0,CE,LODHA26FEB1090CE,21.65,28.65,15.45,25.9,25.75,22.35,1108.1,25.9,99450,-37350,312,155953552.5,263,F1,450,,,,,
2026-02-18,2026-02-18,FO,NSE,STO,130797,,LODHA,,2026-03-30,2026-03-30,900.0,PE,LODHA26MAR900PE,4.65,4.65,3.6,3.6,3.6,5.45,1108.1,3.6,7650,-900,13,5290042.5,8,F1,450,,,,,
2026-02-18,2026-02-18,FO,NSE,STO,136390,,LODHA,,2026-03-30,2026-03-30,930.0,PE,LODHA26MAR930PE,6.6,6.7,6.35,6.35,6.35,72.4,1108.1,4.15,2700,2700,6,2528820.0,5,F1,450,,,,,
2026-02-18,2026-02-18,FO,NSE,STO,130816,,LODHA,,2026-03-30,2026-03-30,960.0,PE,LODHA26MAR960PE,7.4,7.4,7.4,7.4,7.4,16.7,1108.1,7.25,3600,900,2,870660.0,1,F1,450,,,,,
2026-02-18,2026-02-18,FO,NSE,STO,130608,,LODHA,,2026-02-24,2026-02-24,1260.0,CE,LODHA26FEB1260CE,0.0,0.0,0.0,16.8,0.0,16.8,1108.1,0.05,0,0,0,0.0,0,F1,450,,,,,
2026-02-18,2026-02-18,FO,NSE,STO,130794,,LODHA,,2026-03-30,2026-03-30,880.0,CE,LODHA26MAR880CE,0.0,0.0,0.0,209.8,0.0,209.8,1108.1,234.75,0,0,0,0.0,0,F1,450,,,,,
2026-02-18,2026-02-18,FO,NSE,STO,136391,,LODHA,,2026-03-30,2026-03-30,950.0,CE,LODHA26MAR950CE,0.0,0.0,0.0,51.25,0.0,51.25,1108.1,169.85,0,0,0,0.0,0,F1,450,,,,,
2026-02-18,2026-02-18,FO,NSE,STO,130835,,LODHA,,2026-03-30,2026-03-30,1120.0,PE,LODHA26MAR1120PE,0.0,0.0,0.0,117.55,0.0,117.55,1108.1,57.9,0,0,0,0.0,0,F1,450,,,,,
2026-02-18,2026-02-18,FO,NSE,STO,113513,,LODHA,,2026-02-24,2026-02-24,920.0,CE,LODHA26FEB920CE,0.0,0.0,0.0,117.75,117.75,117.75,1108.1,188.95,47250,0,0,0.0,0,F1,450,,,,,
2026-02-18,2026-02-18,FO,NSE,STO,130414,,LODHA,,2026-02-24,2026-02-24,890.0,CE,LODHA26FEB890CE,0.0,0.0,0.0,85.15,85.65,85.15,1108.1,218.9,30600,0,0,0.0,0,F1,450,,,,,
2026-02-18,2026-02-18,FO,NSE,STO,130828,,LODHA,,2026-03-30,2026-03-30,1060.0,CE,LODHA26MAR1060CE,78.55,79.85,78.55,79.2,79.85,69.9,1108.1,79.2,7650,-900,2,1025280.0,2,F1,450,,,,,
2026-02-18,2026-02-18,FO,NSE,STO,136640,,LODHA,,2026-04-28,2026-04-28,800.0,CE,LODHA26APR800CE,0.0,0.0,0.0,148.3,0.0,148.3,1108.1,317.5,0,0,0,0.0,0,F1,450,,,,,
2026-02-18,2026-02-18,FO,NSE,STO,136670,,LODHA,,2026-04-28,2026-04-28,1080.0,CE,LODHA26APR1080CE,0.0,0.0,0.0,29.25,0.0,29.25,1108.1,92.5,0,0,0,0.0,0,F1,450,,,,,
2026-02-18,2026-02-18,FO,NSE,STO,136669,,LODHA,,2026-04-28,2026-04-28,1060.0,PE,LODHA26APR1060PE,0.0,0.0,0.0,170.0,0.0,170.0,1108.1,44.85,0,0,0,0.0,0,F1,450,,,,,
2026-02-18,2026-02-18,FO,NSE,STO,136673,,LODHA,,2026-04-28,2026-04-28,1100.0,PE,LODHA26APR1100PE,0.0,0.0,0.0,201.45,0.0,201.45,1108.1,62.45,0,0,0,0.0,0,F1,450,,,,,
2026-02-18,2026-02-18,FO,NSE,STO,136677,,LODHA,,2026-04-28,2026-04-28,1140.0,PE,LODHA26APR1140PE,0.0,0.0,0.0,234.6,0.0,234.6,1108.1,83.55,0,0,0,0.0,0,F1,450,,,,,
2026-02-18,2026-02-18,FO,NSE,STO,130318,,LODHA,,2026-02-24,2026-02-24,780.0,CE,LODHA26FEB780CE,321.45,321.45,321.45,321.45,321.45,283.9,1108.1,328.8,1350,0,3,1486957.5,1,F1,450,,,,,
2026-02-18,2026-02-18,FO,NSE,STO,130427,,LODHA,,2026-02-24,2026-02-24,900.0,CE,LODHA26FEB900CE,196.0,209.7,190.3,209.1,209.7,187.25,1108.1,209.1,37800,-1350,9,4445775.0,5,F1,450,,,,,
2026-02-18,2026-02-18,FO,NSE,STO,130549,,LODHA,,2026-02-24,2026-02-24,940.0,CE,LODHA26FEB940CE,0.0,0.0,0.0,154.0,154.0,154.0,1108.1,168.95,29700,0,0,0.0,0,F1,450,,,,,
2026-02-18,2026-02-18,FO,NSE,STO,113578,,LODHA,,2026-02-24,2026-02-24,1240.0,CE,LODHA26FEB1240CE,0.8,0.8,0.3,0.3,0.3,0.65,1108.1,0.2,15750,-900,6,3349170.0,6,F1,450,,,,,
2026-02-18,2026-02-18,FO,NSE,STO,136561,,LODHA,,2026-03-30,2026-03-30,1150.0,CE,LODHA26MAR1150CE,35.1,35.1,35.1,35.1,35.1,16.4,1108.1,35.1,1350,450,1,533295.0,1,F1,450,,,,,
2026-02-18,2026-02-18,FO,NSE,STO,136642,,LODHA,,2026-04-28,2026-04-28,820.0,CE,LODHA26APR820CE,0.0,0.0,0.0,134.8,0.0,134.8,1108.1,298.3,0,0,0,0.0,0,F1,450,,,,,
2026-02-18,2026-02-18,FO,NSE,STO,136644,,LODHA,,2026-04-28,2026-04-28,840.0,CE,LODHA26APR840CE,0.0,0.0,0.0,122.1,0.0,122.1,1108.1,279.3,0,0,0,0.0,0,F1,450,,,,,
2026-02-18,2026-02-18,FO,NSE,STO,136654,,LODHA,,2026-04-28,2026-04-28,940.0,CE,LODHA26APR940CE,0.0,0.0,0.0,70.9,0.0,70.9,1108.1,190.0,0,0,0,0.0,0,F1,450,,,,,
2026-02-18,2026-02-18,FO,NSE,STO,136660,,LODHA,,2026-04-28,2026-04-28,1000.0,CE,LODHA26APR1000CE,0.0,0.0,0.0,49.25,0.0,49.25,1108.1,143.4,0,0,0,0.0,0,F1,450,,,,,
2026-02-18,2026-02-18,FO,NSE,STO,136680,,LODHA,,2026-04-28,2026-04-28,1180.0,CE,LODHA26APR1180CE,0.0,0.0,0.0,14.45,0.0,14.45,1108.1,48.3,0,0,0,0.0,0,F1,450,,,,,
2026-02-18,2026-02-18,FO,NSE,STO,130424,,LODHA,,2026-02-24,2026-02-24,890.0,PE,LODHA26FEB890PE,0.0,0.0,0.0,0.85,0.85,0.85,1108.1,0.05,29700,0,0,0.0,0,F1,450,,,,,
2026-02-18,2026-02-18,FO,NSE,STO,130550,,LODHA,,2026-02-24,2026-02-24,940.0,PE,LODHA26FEB940PE,1.25,1.35,0.65,0.75,0.65,1.6,1108.1,0.75,96300,-15750,135,57162667.5,72,F1,450,,,,,
2026-02-18,2026-02-18,FO,NSE,STO,113559,,LODHA,,2026-02-24,2026-02-24,960.0,PE,LODHA26FEB960PE,1.4,1.55,0.75,0.75,0.75,1.6,1108.1,0.75,98550,10350,77,33310530.0,49,F1,450,,,,,
2026-02-18,2026-02-18,FO,NSE,STO,130565,,LODHA,,2026-02-24,2026-02-24,990.0,PE,LODHA26FEB990PE,2.4,2.4,0.95,1.15,1.0,2.1,1108.1,1.15,60750,-5850,49,21863362.5,48,F1,450,,,,,
2026-02-18,2026-02-18,FO,NSE,STO,130810,,LODHA,,2026-03-30,2026-03-30,920.0,PE,LODHA26MAR920PE,0.0,0.0,0.0,13.35,13.35,13.35,1108.1,3.35,900,0,0,0.0,0,F1,450,,,,,
2026-02-18,2026-02-18,FO,NSE,STO,130825,,LODHA,,2026-03-30,2026-03-30,1020.0,PE,LODHA26MAR1020PE,0.0,0.0,0.0,32.8,32.8,32.8,1108.1,18.5,900,0,0,0.0,0,F1,450,,,,,
2026-02-18,2026-02-18,FO,NSE,STO,131045,,LODHA,,2026-03-30,2026-03-30,1260.0,PE,LODHA26MAR1260PE,0.0,0.0,0.0,216.8,0.0,216.8,1108.1,157.05,0,0,0,0.0,0,F1,450,,,,,
2026-02-18,2026-02-18,FO,NSE,STF,51964,,LODHA,,2026-03-30,2026-03-30,,,LODHA26MARFUT,1099.9,1119.0,1094.05,1115.05,1113.0,1102.05,1108.1,1115.05,669150,232200,836,415726357.5,737,F1,450,,,,,
2026-02-18,2026-02-18,FO,NSE,STO,130784,,LODHA,,2026-03-30,2026-03-30,780.0,CE,LODHA26MAR780CE,0.0,0.0,0.0,294.35,0.0,294.35,1108.1,332.85,0,0,0,0.0,0,F1,450,,,,,
2026-02-18,2026-02-18,FO,NSE,STO,136375,,LODHA,,2026-03-30,2026-03-30,790.0,CE,LODHA26MAR790CE,0.0,0.0,0.0,142.95,0.0,142.95,1108.1,322.95,0,0,0,0.0,0,F1,450,,,,,
2026-02-18,2026-02-18,FO,NSE,STO,136377,,LODHA,,2026-03-30,2026-03-30,810.0,CE,LODHA26MAR810CE,0.0,0.0,0.0,128.15,0.0,128.15,1108.1,303.15,0,0,0,0.0,0,F1,450,,,,,
2026-02-18,2026-02-18,FO,NSE,STO,130824,,LODHA,,2026-03-30,2026-03-30,1020.0,CE,LODHA26MAR1020CE,0.0,0.0,0.0,116.65,0.0,116.65,1108.1,112.75,0,0,0,0.0,0,F1,450,,,,,
2026-02-18,2026-02-18,FO,NSE,STO,136389,,LODHA,,2026-03-30,2026-03-30,930.0,CE,LODHA26MAR930CE,0.0,0.0,0.0,59.35,0.0,59.35,1108.1,187.8,0,0,0,0.0,0,F1,450,,,,,
2026-02-18,2026-02-18,FO,NSE,STO,130877,,LODHA,,2026-03-30,2026-03-30,1200.0,PE,LODHA26MAR1200PE,0.0,0.0,0.0,171.15,0.0,171.15,1108.1,109.3,0,0,0,0.0,0,F1,450,,,,,
2026-02-18,2026-02-18,FO,NSE,STO,130843,,LODHA,,2026-03-30,2026-03-30,1180.0,PE,LODHA26MAR1180PE,0.0,0.0,0.0,114.7,114.7,114.7,1108.1,94.95,450,0,0,0.0,0,F1,450,,,,,
2026-02-18,2026-02-18,FO,NSE,STO,130833,,LODHA,,2026-03-30,2026-03-30,1100.0,PE,LODHA26MAR1100PE,44.2,46.95,37.0,37.9,37.0,46.45,1108.1,37.9,23400,4050,33,16963897.5,26,F1,450,,,,,
2026-02-18,2026-02-18,FO,NSE,STO,130831,,LODHA,,2026-03-30,2026-03-30,1080.0,PE,LODHA26MAR1080PE,34.85,34.85,34.85,34.85,34.85,33.85,1108.1,38.75,5400,0,2,1003365.0,2,F1,450,,,,,
2026-02-18,2026-02-18,FO,NSE,STO,113575,,LODHA,,2026-02-24,2026-02-24,1160.0,PE,LODHA26FEB1160PE,0.0,0.0,0.0,73.5,73.5,73.5,1108.1,56.1,4050,0,0,0.0,0,F1,450,,,,,
2026-02-18,2026-02-18,FO,NSE,STO,136664,,LODHA,,2026-04-28,2026-04-28,1040.0,CE,LODHA26APR1040CE,0.0,0.0,0.0,38.15,0.0,38.15,1108.1,116.2,0,0,0,0.0,0,F1,450,,,,,
2026-02-18,2026-02-18,FO,NSE,STO,136672,,LODHA,,2026-04-28,2026-04-28,1100.0,CE,LODHA26APR1100CE,0.0,0.0,0.0,25.5,0.0,25.5,1108.1,81.95,0,0,0,0.0,0,F1,450,,,,,
2026-02-18,2026-02-18,FO,NSE,STO,113496,,LODHA,,2026-02-24,2026-02-24,840.0,PE,LODHA26FEB840PE,0.0,0.0,0.0,0.8,0.8,0.8,1108.1,0.05,44100,0,0,0.0,0,F1,450,,,,,
2026-02-18,2026-02-18,FO,NSE,STO,130428,,LODHA,,2026-02-24,2026-02-24,900.0,PE,LODHA26FEB900PE,1.0,1.0,0.55,0.6,0.55,1.0,1108.1,0.6,106200,-43200,141,57155062.5,75,F1,450,,,,,
2026-02-18,2026-02-18,FO,NSE,STO,130567,,LODHA,,2026-02-24,2026-02-24,1010.0,PE,LODHA26FEB1010PE,2.4,2.5,1.2,1.35,1.25,2.5,1108.1,1.35,69300,8550,178,81042457.5,135,F1,450,,,,,
2026-02-18,2026-02-18,FO,NSE,STO,136570,,LODHA,,2026-03-30,2026-03-30,1210.0,PE,LODHA26MAR1210PE,0.0,0.0,0.0,295.2,0.0,295.2,1108.1,116.75,0,0,0,0.0,0,F1,450,,,,,
2026-02-18,2026-02-18,FO,NSE,STO,130792,,LODHA,,2026-03-30,2026-03-30,860.0,CE,LODHA26MAR860CE,0.0,0.0,0.0,225.7,0.0,225.7,1108.1,254.1,0,0,0,0.0,0,F1,450,,,,,
2026-02-18,2026-02-18,FO,NSE,STO,130386,,LODHA,,2026-02-24,2026-02-24,870.0,CE,LODHA26FEB870CE,0.0,0.0,0.0,230.0,230.0,230.0,1108.1,238.9,13950,0,0,0.0,0,F1,450,,,,,
2026-02-18,2026-02-18,FO,NSE,STO,136653,,LODHA,,2026-04-28,2026-04-28,920.0,PE,LODHA26APR920PE,0.0,0.0,0.0,78.25,0.0,78.25,1108.1,9.25,0,0,0,0.0,0,F1,450,,,,,
2026-02-18,2026-02-18,FO,NSE,STO,136645,,LODHA,,2026-04-28,2026-04-28,840.0,PE,LODHA26APR840PE,0.0,0.0,0.0,42.05,0.0,42.05,1108.1,2.5,0,0,0,0.0,0,F1,450,,,,,
2026-02-18,2026-02-18,FO,NSE,STO,136658,,LODHA,,2026-04-28,2026-04-28,980.0,CE,LODHA26APR980CE,0.0,0.0,0.0,55.8,0.0,55.8,1108.1,158.2,0,0,0,0.0,0,F1,450,,,,,
2026-02-18,2026-02-18,FO,NSE,STO,130478,,LODHA,,2026-02-24,2026-02-24,910.0,CE,LODHA26FEB910CE,0.0,0.0,0.0,139.9,139.9,139.9,1108.1,198.9,26550,0,0,0.0,0,F1,450,,,,,
2026-02-18,2026-02-18,FO,NSE,STO,130556,,LODHA,,2026-02-24,2026-02-24,970.0,CE,LODHA26FEB970CE,127.15,140.7,126.15,140.35,139.8,128.5,1108.1,140.35,76500,-4500,10,4970902.5,7,F1,450,,,,,
2026-02-18,2026-02-18,FO,NSE,STO,113568,,LODHA,,2026-02-24,2026-02-24,1120.0,CE,LODHA26FEB1120CE,8.0,11.5,5.5,10.25,9.2,8.95,1108.1,10.25,81900,-14400,289,146843055.0,248,F1,450,,,,,
2026-02-18,2026-02-18,FO,NSE,STO,113574,,LODHA,,2026-02-24,2026-02-24,1160.0,CE,LODHA26FEB1160CE,2.25,2.8,1.4,2.55,2.2,2.7,1108.1,2.55,68400,1800,109,56996617.5,103,F1,450,,,,,
2026-02-18,2026-02-18,FO,NSE,STF,66885,,LODHA,,2026-04-28,2026-04-28,,,LODHA26APRFUT,1110.15,1123.85,1102.65,1123.15,1121.25,1105.0,1108.1,1123.15,31500,1350,15,7512952.5,15,F1,450,,,,,
2026-02-18,2026-02-18,FO,NSE,STO,130322,,LODHA,,2026-02-24,2026-02-24,810.0,CE,LODHA26FEB810CE,0.0,0.0,0.0,267.15,267.15,267.15,1108.1,298.85,3600,0,0,0.0,0,F1,450,,,,,
2026-02-18,2026-02-18,FO,NSE,STO,130326,,LODHA,,2026-02-24,2026-02-24,830.0,CE,LODHA26FEB830CE,0.0,0.0,0.0,265.4,265.4,265.4,1108.1,278.85,1350,0,0,0.0,0,F1,450,,,,,
2026-02-18,2026-02-18,FO,NSE,STO,113495,,LODHA,,2026-02-24,2026-02-24,840.0,CE,LODHA26FEB840CE,0.0,0.0,0.0,67.1,67.1,67.1,1108.1,268.85,450,0,0,0.0,0,F1,450,,,,,
2026-02-18,2026-02-18,FO,NSE,STO,130570,,LODHA,,2026-02-24,2026-02-24,1030.0,CE,LODHA26FEB1030CE,0.0,0.0,0.0,70.75,70.75,70.75,1108.1,80.45,28800,0,0,0.0,0,F1,450,,,,,
2026-02-18,2026-02-18,FO,NSE,STO,130572,,LODHA,,2026-02-24,2026-02-24,1050.0,CE,LODHA26FEB1050CE,46.1,63.55,45.0,60.8,59.4,51.1,1108.1,60.8,74250,-9900,110,54785677.5,79,F1,450,,,,,
2026-02-18,2026-02-18,FO,NSE,STO,113566,,LODHA,,2026-02-24,2026-02-24,1080.0,CE,LODHA26FEB1080CE,26.0,36.6,20.4,34.3,32.75,27.75,1108.1,34.3,60300,-10350,127,63374490.0,117,F1,450,,,,,
2026-02-18,2026-02-18,FO,NSE,STO,130588,,LODHA,,2026-02-24,2026-02-24,1150.0,CE,LODHA26FEB1150CE,2.85,3.9,2.0,3.35,3.0,3.35,1108.1,3.35,177300,6750,248,128641882.5,204,F1,450,,,,,
2026-02-18,2026-02-18,FO,NSE,STO,130600,,LODHA,,2026-02-24,2026-02-24,1210.0,CE,LODHA26FEB1210CE,0.0,0.0,0.0,1.1,1.1,1.1,1108.1,0.8,2250,0,0,0.0,0,F1,450,,,,,
2026-02-18,2026-02-18,FO,NSE,STO,136381,,LODHA,,2026-03-30,2026-03-30,850.0,CE,LODHA26MAR850CE,0.0,0.0,0.0,134.45,134.45,134.45,1108.1,263.85,1350,0,0,0.0,0,F1,450,,,,,
2026-02-18,2026-02-18,FO,NSE,STO,136383,,LODHA,,2026-03-30,2026-03-30,870.0,CE,LODHA26MAR870CE,0.0,0.0,0.0,117.3,117.3,117.3,1108.1,244.4,1350,0,0,0.0,0,F1,450,,,,,
2026-02-18,2026-02-18,FO,NSE,STO,136397,,LODHA,,2026-03-30,2026-03-30,1010.0,CE,LODHA26MAR1010CE,0.0,0.0,0.0,32.0,0.0,32.0,1108.1,120.25,0,0,0,0.0,0,F1,450,,,,,
2026-02-18,2026-02-18,FO,NSE,STO,136452,,LODHA,,2026-03-30,2026-03-30,1030.0,CE,LODHA26MAR1030CE,0.0,0.0,0.0,27.15,0.0,27.15,1108.1,105.5,0,0,0,0.0,0,F1,450,,,,,
2026-02-18,2026-02-18,FO,NSE,STO,130840,,LODHA,,2026-03-30,2026-03-30,1180.0,CE,LODHA26MAR1180CE,0.0,0.0,0.0,18.1,18.1,18.1,1108.1,30.15,3600,0,0,0.0,0,F1,450,,,,,
2026-02-18,2026-02-18,FO,NSE,STO,136636,,LODHA,,2026-04-28,2026-04-28,760.0,CE,LODHA26APR760CE,0.0,0.0,0.0,177.55,0.0,177.55,1108.1,356.4,0,0,0,0.0,0,F1,450,,,,,
2026-02-18,2026-02-18,FO,NSE,STO,136662,,LODHA,,2026-04-28,2026-04-28,1020.0,CE,LODHA26APR1020CE,0.0,0.0,0.0,43.4,0.0,43.4,1108.1,129.35,0,0,0,0.0,0,F1,450,,,,,
2026-02-18,2026-02-18,FO,NSE,STO,136678,,LODHA,,2026-04-28,2026-04-28,1160.0,CE,LODHA26APR1160CE,0.0,0.0,0.0,16.7,0.0,16.7,1108.1,55.45,0,0,0,0.0,0,F1,450,,,,,
2026-02-18,2026-02-18,FO,NSE,STO,130317,,LODHA,,2026-02-24,2026-02-24,770.0,PE,LODHA26FEB770PE,0.0,0.0,0.0,7.4,6.6,7.4,1108.1,0.05,1350,0,0,0.0,0,F1,450,,,,,
2026-02-18,2026-02-18,FO,NSE,STO,130331,,LODHA,,2026-02-24,2026-02-24,860.0,PE,LODHA26FEB860PE,0.55,0.7,0.45,0.6,0.6,0.9,1108.1,0.6,15300,-21150,103,39888675.0,93,F1,450,,,,,
2026-02-18,2026-02-18,FO,NSE,STO,113514,,LODHA,,2026-02-24,2026-02-24,920.0,PE,LODHA26FEB920PE,1.15,1.15,0.55,0.6,0.55,1.35,1108.1,0.6,64350,-29250,137,56774385.0,89,F1,450,,,,,
2026-02-18,2026-02-18,FO,NSE,STO,130548,,LODHA,,2026-02-24,2026-02-24,930.0,PE,LODHA26FEB930PE,1.1,1.1,0.75,0.75,0.75,1.3,1108.1,0.05,97650,-12600,73,30580537.5,26,F1,450,,,,,
2026-02-18,2026-02-18,FO,NSE,STO,130577,,LODHA,,2026-02-24,2026-02-24,1070.0,PE,LODHA26FEB1070PE,9.6,9.6,3.4,3.75,3.8,8.2,1108.1,3.75,83250,-7650,186,90020835.0,171,F1,450,,,,,
2026-02-18,2026-02-18,FO,NSE,STO,130589,,LODHA,,2026-02-24,2026-02-24,1150.0,PE,LODHA26FEB1150PE,55.05,59.75,42.3,44.1,45.25,56.95,1108.1,44.1,4950,-450,11,5931540.0,11,F1,450,,,,,
2026-02-18,2026-02-18,FO,NSE,STO,136376,,LODHA,,2026-03-30,2026-03-30,790.0,PE,LODHA26MAR790PE,0.0,0.0,0.0,7.3,7.3,7.3,1108.1,0.1,3150,0,0,0.0,0,F1,450,,,,,
2026-02-18,2026-02-18,FO,NSE,STO,130795,,LODHA,,2026-03-30,2026-03-30,880.0,PE,LODHA26MAR880PE,0.0,0.0,0.0,19.85,0.0,19.85,1108.1,1.4,0,0,0,0.0,0,F1,450,,,,,
2026-02-18,2026-02-18,FO,NSE,STO,130823,,LODHA,,2026-03-30,2026-03-30,1000.0,PE,LODHA26MAR1000PE,14.3,14.5,10.8,11.05,10.8,14.35,1108.1,11.05,49050,1800,24,10933942.5,21,F1,450,,,,,
2026-02-18,2026-02-18,FO,NSE,STO,130584,,LODHA,,2026-02-24,2026-02-24,1130.0,CE,LODHA26FEB1130CE,6.2,7.85,3.65,6.75,6.3,6.55,1108.1,6.75,106200,-15750,251,128272680.0,205,F1,450,,,,,
2026-02-18,2026-02-18,FO,NSE,STO,136394,,LODHA,,2026-03-30,2026-03-30,970.0,PE,LODHA26MAR970PE,0.0,0.0,0.0,14.45,14.45,14.45,1108.1,8.6,2700,0,0,0.0,0,F1,450,,,,,
2026-02-18,2026-02-18,FO,NSE,STO,136398,,LODHA,,2026-03-30,2026-03-30,1010.0,PE,LODHA26MAR1010PE,0.0,0.0,0.0,25.6,25.6,25.6,1108.1,16.05,1350,0,0,0.0,0,F1,450,,,,,
2026-02-18,2026-02-18,FO,NSE,STO,136453,,LODHA,,2026-03-30,2026-03-30,1030.0,PE,LODHA26MAR1030PE,17.55,17.65,17.55,17.65,17.65,46.25,1108.1,21.2,900,0,4,1885657.5,3,F1,450,,,,,
2026-02-18,2026-02-18,FO,NSE,STO,136457,,LODHA,,2026-03-30,2026-03-30,1050.0,PE,LODHA26MAR1050PE,23.35,23.35,23.35,23.35,23.35,48.65,1108.1,23.35,1350,450,1,483007.5,1,F1,450,,,,,
2026-02-18,2026-02-18,FO,NSE,STO,136558,,LODHA,,2026-03-30,2026-03-30,1130.0,PE,LODHA26MAR1130PE,0.0,0.0,0.0,222.1,0.0,222.1,1108.1,63.4,0,0,0,0.0,0,F1,450,,,,,
2026-02-18,2026-02-18,FO,NSE,STO,136637,,LODHA,,2026-04-28,2026-04-28,760.0,PE,LODHA26APR760PE,0.0,0.0,0.0,18.7,0.0,18.7,1108.1,0.45,0,0,0,0.0,0,F1,450,,,,,
2026-02-18,2026-02-18,FO,NSE,STO,136641,,LODHA,,2026-04-28,2026-04-28,800.0,PE,LODHA26APR800PE,0.0,0.0,0.0,28.85,0.0,28.85,1108.1,1.15,0,0,0,0.0,0,F1,450,,,,,
2026-02-18,2026-02-18,FO,NSE,STO,136663,,LODHA,,2026-04-28,2026-04-28,1020.0,PE,LODHA26APR1020PE,0.0,0.0,0.0,140.55,0.0,140.55,1108.1,30.7,0,0,0,0.0,0,F1,450,,,,,
2026-02-18,2026-02-18,FO,NSE,STO,136380,,LODHA,,2026-03-30,2026-03-30,830.0,PE,LODHA26MAR830PE,0.0,0.0,0.0,5.35,5.35,5.35,1108.1,0.35,900,0,0,0.0,0,F1,450,,,,,
2026-02-18,2026-02-18,FO,NSE,STO,130793,,LODHA,,2026-03-30,2026-03-30,860.0,PE,LODHA26MAR860PE,0.0,0.0,0.0,16.05,0.0,16.05,1108.1,0.85,0,0,0,0.0,0,F1,450,,,,,
2026-02-18,2026-02-18,FO,NSE,STO,136388,,LODHA,,2026-03-30,2026-03-30,910.0,PE,LODHA26MAR910PE,0.0,0.0,0.0,61.65,0.0,61.65,1108.1,2.75,0,0,0,0.0,0,F1,450,,,,,
2026-02-18,2026-02-18,FO,NSE,STO,130566,,LODHA,,2026-02-24,2026-02-24,1010.0,CE,LODHA26FEB1010CE,0.0,0.0,0.0,65.4,65.45,65.4,1108.1,99.55,51300,0,0,0.0,0,F1,450,,,,,
2026-02-18,2026-02-18,FO,NSE,STO,130782,,LODHA,,2026-03-30,2026-03-30,760.0,CE,LODHA26MAR760CE,0.0,0.0,0.0,312.6,0.0,312.6,1108.1,352.7,0,0,0,0.0,0,F1,450,,,,,
2026-02-18,2026-02-18,FO,NSE,STO,130807,,LODHA,,2026-03-30,2026-03-30,920.0,CE,LODHA26MAR920CE,0.0,0.0,0.0,179.8,0.0,179.8,1108.1,197.0,0,0,0,0.0,0,F1,450,,,,,
2026-02-18,2026-02-18,FO,NSE,STO,136458,,LODHA,,2026-03-30,2026-03-30,1070.0,CE,LODHA26MAR1070CE,0.0,0.0,0.0,19.2,0.0,19.2,1108.1,79.2,0,0,0,0.0,0,F1,450,,,,,
2026-02-18,2026-02-18,FO,NSE,STO,136557,,LODHA,,2026-03-30,2026-03-30,1130.0,CE,LODHA26MAR1130CE,0.0,0.0,0.0,20.55,20.55,20.55,1108.1,48.3,900,0,0,0.0,0,F1,450,,,,,
2026-02-18,2026-02-18,FO,NSE,STO,136646,,LODHA,,2026-04-28,2026-04-28,860.0,CE,LODHA26APR860CE,0.0,0.0,0.0,110.25,0.0,110.25,1108.1,260.6,0,0,0,0.0,0,F1,450,,,,,
2026-02-18,2026-02-18,FO,NSE,STO,130323,,LODHA,,2026-02-24,2026-02-24,810.0,PE,LODHA26FEB810PE,0.0,0.0,0.0,3.45,0.0,3.45,1108.1,0.05,0,0,0,0.0,0,F1,450,,,,,
2026-02-18,2026-02-18,FO,NSE,STO,113561,,LODHA,,2026-02-24,2026-02-24,1000.0,PE,LODHA26FEB1000PE,2.4,2.4,1.05,1.2,1.15,2.35,1108.1,1.2,203400,39600,577,260088637.5,407,F1,450,,,,,
2026-02-18,2026-02-18,FO,NSE,STO,130575,,LODHA,,2026-02-24,2026-02-24,1060.0,PE,LODHA26FEB1060PE,5.5,6.85,2.5,2.8,2.75,6.1,1108.1,2.8,88650,2700,280,134067555.0,241,F1,450,,,,,
2026-02-18,2026-02-18,FO,NSE,STO,130579,,LODHA,,2026-02-24,2026-02-24,1090.0,PE,LODHA26FEB1090PE,15.75,17.1,6.8,7.4,7.8,14.7,1108.1,7.4,93600,-2250,265,131428192.5,232,F1,450,,,,,
2026-02-18,2026-02-18,FO,NSE,STO,130785,,LODHA,,2026-03-30,2026-03-30,780.0,PE,LODHA26MAR780PE,0.0,0.0,0.0,6.5,6.5,6.5,1108.1,0.05,8100,0,0,0.0,0,F1,450,,,,,
2026-02-18,2026-02-18,FO,NSE,STO,130826,,LODHA,,2026-03-30,2026-03-30,1040.0,CE,LODHA26MAR1040CE,0.0,0.0,0.0,57.1,57.1,57.1,1108.1,98.5,1350,0,0,0.0,0,F1,450,,,,,
2026-02-18,2026-02-18,FO,NSE,STO,136395,,LODHA,,2026-03-30,2026-03-30,990.0,CE,LODHA26MAR990CE,0.0,0.0,0.0,37.6,0.0,37.6,1108.1,135.95,0,0,0,0.0,0,F1,450,,,,,
2026-02-18,2026-02-18,FO,NSE,STO,136393,,LODHA,,2026-03-30,2026-03-30,970.0,CE,LODHA26MAR970CE,0.0,0.0,0.0,44.0,0.0,44.0,1108.1,152.55,0,0,0,0.0,0,F1,450,,,,,
2026-02-18,2026-02-18,FO,NSE,STO,130590,,LODHA,,2026-02-24,2026-02-24,1170.0,CE,LODHA26FEB1170CE,1.4,2.0,1.4,1.7,1.65,2.05,1108.1,1.7,31950,-450,22,11599762.5,5,F1,450,,,,,
2026-02-18,2026-02-18,FO,NSE,STO,130586,,LODHA,,2026-02-24,2026-02-24,1140.0,CE,LODHA26FEB1140CE,4.25,5.45,2.6,4.65,4.25,4.7,1108.1,4.65,373500,23850,290,149317447.5,213,F1,450,,,,,
2026-02-18,2026-02-18,FO,NSE,STO,130582,,LODHA,,2026-02-24,2026-02-24,1110.0,CE,LODHA26FEB1110CE,11.95,16.0,7.7,13.95,13.6,12.4,1108.1,13.95,83700,-4500,265,133877520.0,217,F1,450,,,,,
2026-02-18,2026-02-18,FO,NSE,STO,130576,,LODHA,,2026-02-24,2026-02-24,1070.0,CE,LODHA26FEB1070CE,35.0,44.25,28.4,42.85,40.75,35.0,1108.1,42.85,47250,-4500,32,15919155.0,32,F1,450,,,,,
2026-02-18,2026-02-18,FO,NSE,STO,130330,,LODHA,,2026-02-24,2026-02-24,860.0,CE,LODHA26FEB860CE,0.0,0.0,0.0,239.2,239.2,239.2,1108.1,248.9,4950,0,0,0.0,0,F1,450,,,,,
2026-02-18,2026-02-18,FO,NSE,STO,130587,,LODHA,,2026-02-24,2026-02-24,1140.0,PE,LODHA26FEB1140PE,34.35,36.65,34.35,35.5,36.65,49.75,1108.1,35.5,22050,450,2,1057950.0,2,F1,450,,,,,
2026-02-18,2026-02-18,FO,NSE,STO,113577,,LODHA,,2026-02-24,2026-02-24,1200.0,PE,LODHA26FEB1200PE,0.0,0.0,0.0,130.0,130.0,130.0,1108.1,92.0,48150,0,0,0.0,0,F1,450,,,,,
2026-02-18,2026-02-18,FO,NSE,STO,130603,,LODHA,,2026-02-24,2026-02-24,1220.0,PE,LODHA26FEB1220PE,0.0,0.0,0.0,117.5,117.5,117.5,1108.1,111.3,0,0,0,0.0,0,F1,450,,,,,
2026-02-18,2026-02-18,FO,NSE,STO,113579,,LODHA,,2026-02-24,2026-02-24,1240.0,PE,LODHA26FEB1240PE,0.0,0.0,0.0,197.0,197.0,197.0,1108.1,131.0,450,0,0,0.0,0,F1,450,,,,,
2026-02-18,2026-02-18,FO,NSE,STO,130789,,LODHA,,2026-03-30,2026-03-30,820.0,PE,LODHA26MAR820PE,0.0,0.0,0.0,10.05,0.0,10.05,1108.1,0.25,0,0,0,0.0,0,F1,450,,,,,
2026-02-18,2026-02-18,FO,NSE,STO,130791,,LODHA,,2026-03-30,2026-03-30,840.0,PE,LODHA26MAR840PE,0.0,0.0,0.0,12.8,0.0,12.8,1108.1,0.5,0,0,0,0.0,0,F1,450,,,,,
2026-02-18,2026-02-18,FO,NSE,STO,136392,,LODHA,,2026-03-30,2026-03-30,950.0,PE,LODHA26MAR950PE,6.55,6.6,6.0,6.6,6.6,8.25,1108.1,6.6,2700,2250,5,2151742.5,4,F1,450,,,,,
2026-02-18,2026-02-18,FO,NSE,STO,130829,,LODHA,,2026-03-30,2026-03-30,1060.0,PE,LODHA26MAR1060PE,31.75,31.75,22.25,22.25,22.25,48.0,1108.1,22.25,4050,900,3,1467000.0,3,F1,450,,,,,
2026-02-18,2026-02-18,FO,NSE,STO,130885,,LODHA,,2026-03-30,2026-03-30,1220.0,PE,LODHA26MAR1220PE,0.0,0.0,0.0,185.95,0.0,185.95,1108.1,124.45,0,0,0,0.0,0,F1,450,,,,,
2026-02-18,2026-02-18,FO,NSE,STO,131043,,LODHA,,2026-03-30,2026-03-30,1240.0,PE,LODHA26MAR1240PE,0.0,0.0,0.0,142.0,142.0,142.0,1108.1,140.4,900,0,0,0.0,0,F1,450,,,,,
2026-02-18,2026-02-18,FO,NSE,STO,113562,,LODHA,,2026-02-24,2026-02-24,1040.0,CE,LODHA26FEB1040CE,60.2,73.25,53.5,71.0,68.85,60.2,1108.1,71.0,50850,-6750,81,40111560.0,68,F1,450,,,,,
2026-02-18,2026-02-18,FO,NSE,STO,136639,,LODHA,,2026-04-28,2026-04-28,780.0,PE,LODHA26APR780PE,0.0,0.0,0.0,23.45,0.0,23.45,1108.1,0.75,0,0,0,0.0,0,F1,450,,,,,
2026-02-18,2026-02-18,FO,NSE,STO,136655,,LODHA,,2026-04-28,2026-04-28,940.0,PE,LODHA26APR940PE,0.0,0.0,0.0,89.3,0.0,89.3,1108.1,12.15,0,0,0,0.0,0,F1,450,,,,,
2026-02-18,2026-02-18,FO,NSE,STO,136679,,LODHA,,2026-04-28,2026-04-28,1160.0,PE,LODHA26APR1160PE,0.0,0.0,0.0,251.75,0.0,251.75,1108.1,95.35,0,0,0,0.0,0,F1,450,,,,,
2026-02-18,2026-02-18,FO,NSE,STO,113565,,LODHA,,2026-02-24,2026-02-24,1040.0,PE,LODHA26FEB1040PE,4.4,4.4,1.65,1.85,1.75,3.8,1108.1,1.85,171900,3150,244,114464835.0,217,F1,450,,,,,
2026-02-18,2026-02-18,FO,NSE,STO,130581,,LODHA,,2026-02-24,2026-02-24,1100.0,PE,LODHA26FEB1100PE,20.2,22.5,9.55,10.7,11.35,19.65,1108.1,10.7,146700,7200,354,177601567.5,268,F1,450,,,,,
2026-02-18,2026-02-18,FO,NSE,STO,130557,,LODHA,,2026-02-24,2026-02-24,970.0,PE,LODHA26FEB970PE,1.95,1.95,0.8,0.95,0.8,1.75,1108.1,0.95,101700,17550,87,38032515.0,51,F1,450,,,,,
2026-02-18,2026-02-18,FO,NSE,STO,130876,,LODHA,,2026-03-30,2026-03-30,1200.0,CE,LODHA26MAR1200CE,16.1,17.3,15.75,16.6,17.3,16.0,1108.1,16.6,7200,1350,9,4926397.5,8,F1,450,,,,,
2026-02-18,2026-02-18,FO,NSE,STO,136567,,LODHA,,2026-03-30,2026-03-30,1190.0,CE,LODHA26MAR1190CE,0.0,0.0,0.0,13.6,13.6,13.6,1108.1,27.25,1350,0,0,0.0,0,F1,450,,,,,
2026-02-18,2026-02-18,FO,NSE,STO,130838,,LODHA,,2026-03-30,2026-03-30,1160.0,CE,LODHA26MAR1160CE,24.4,28.7,22.75,27.7,27.0,22.0,1108.1,27.7,4050,1800,10,5335177.5,9,F1,450,,,,,
2026-02-18,2026-02-18,FO,NSE,STO,130786,,LODHA,,2026-03-30,2026-03-30,800.0,CE,LODHA26MAR800CE,0.0,0.0,0.0,276.55,0.0,276.55,1108.1,313.05,0,0,0,0.0,0,F1,450,,,,,
2026-02-18,2026-02-18,FO,NSE,STO,130788,,LODHA,,2026-03-30,2026-03-30,820.0,CE,LODHA26MAR820CE,0.0,0.0,0.0,142.1,142.1,142.1,1108.1,293.3,900,0,0,0.0,0,F1,450,,,,,
2026-02-18,2026-02-18,FO,NSE,STO,130822,,LODHA,,2026-03-30,2026-03-30,1000.0,CE,LODHA26MAR1000CE,117.3,128.95,117.3,128.95,128.95,110.0,1108.1,128.95,9450,-1350,4,2026867.5,4,F1,450,,,,,
2026-02-18,2026-02-18,FO,NSE,STO,136456,,LODHA,,2026-03-30,2026-03-30,1050.0,CE,LODHA26MAR1050CE,77.0,87.95,77.0,87.95,87.95,75.0,1108.1,87.95,1350,450,2,1019227.5,2,F1,450,,,,,
2026-02-18,2026-02-18,FO,NSE,STO,130884,,LODHA,,2026-03-30,2026-03-30,1220.0,CE,LODHA26MAR1220CE,0.0,0.0,0.0,11.05,11.05,11.05,1108.1,19.9,7650,0,0,0.0,0,F1,450,,,,,
2026-02-18,2026-02-18,FO,NSE,STO,136650,,LODHA,,2026-04-28,2026-04-28,900.0,CE,LODHA26APR900CE,0.0,0.0,0.0,88.95,0.0,88.95,1108.1,224.3,0,0,0,0.0,0,F1,450,,,,,
2026-02-18,2026-02-18,FO,NSE,STO,130559,,LODHA,,2026-02-24,2026-02-24,980.0,PE,LODHA26FEB980PE,1.6,1.8,0.9,0.95,0.9,1.9,1108.1,0.95,40950,-4500,40,17665785.0,35,F1,450,,,,,
2026-02-18,2026-02-18,FO,NSE,STO,130573,,LODHA,,2026-02-24,2026-02-24,1050.0,PE,LODHA26FEB1050PE,4.7,5.0,1.9,2.1,2.1,4.9,1108.1,2.1,475200,-13050,562,266322442.5,356,F1,450,,,,,
2026-02-18,2026-02-18,FO,NSE,STO,130783,,LODHA,,2026-03-30,2026-03-30,760.0,PE,LODHA26MAR760PE,0.0,0.0,0.0,4.4,0.0,4.4,1108.1,0.05,0,0,0,0.0,0,F1,450,,,,,
2026-02-18,2026-02-18,FO,NSE,STO,136382,,LODHA,,2026-03-30,2026-03-30,850.0,PE,LODHA26MAR850PE,0.0,0.0,0.0,3.5,3.5,3.5,1108.1,0.65,900,0,0,0.0,0,F1,450,,,,,
2026-02-18,2026-02-18,FO,NSE,STO,136386,,LODHA,,2026-03-30,2026-03-30,890.0,PE,LODHA26MAR890PE,0.0,0.0,0.0,51.85,0.0,51.85,1108.1,1.75,0,0,0,0.0,0,F1,450,,,,,
2026-02-18,2026-02-18,FO,NSE,STO,130839,,LODHA,,2026-03-30,2026-03-30,1160.0,PE,LODHA26MAR1160PE,0.0,0.0,0.0,111.5,111.5,111.5,1108.1,81.55,900,0,0,0.0,0,F1,450,,,,,
2026-02-18,2026-02-18,FO,NSE,STO,136651,,LODHA,,2026-04-28,2026-04-28,900.0,PE,LODHA26APR900PE,0.0,0.0,0.0,68.0,0.0,68.0,1108.1,6.9,0,0,0,0.0,0,F1,450,,,,,
2026-02-18,2026-02-18,FO,NSE,STO,136667,,LODHA,,2026-04-28,2026-04-28,1040.0,PE,LODHA26APR1040PE,0.0,0.0,0.0,155.05,0.0,155.05,1108.1,37.35,0,0,0,0.0,0,F1,450,,,,,
2026-02-18,2026-02-18,FO,NSE,STO,136671,,LODHA,,2026-04-28,2026-04-28,1080.0,PE,LODHA26APR1080PE,0.0,0.0,0.0,185.5,0.0,185.5,1108.1,53.2,0,0,0,0.0,0,F1,450,,,,,
2026-02-18,2026-02-18,FO,NSE,STO,113576,,LODHA,,2026-02-24,2026-02-24,1200.0,CE,LODHA26FEB1200CE,0.95,1.0,0.6,0.95,0.8,1.1,1108.1,0.95,75600,-3600,68,36744030.0,59,F1,450,,,,,
2026-02-18,2026-02-18,FO,NSE,STO,130602,,LODHA,,2026-02-24,2026-02-24,1220.0,CE,LODHA26FEB1220CE,0.75,0.8,0.5,0.6,0.6,0.8,1108.1,0.6,95850,2700,57,31306905.0,42,F1,450,,,,,
2026-02-18,2026-02-18,FO,NSE,STO,136685,,LODHA,,2026-04-28,2026-04-28,1240.0,PE,LODHA26APR1240PE,0.0,0.0,0.0,323.05,0.0,323.05,1108.1,150.1,0,0,0,0.0,0,F1,450,,,,,
2026-02-18,2026-02-18,FO,NSE,STO,136378,,LODHA,,2026-03-30,2026-03-30,810.0,PE,LODHA26MAR810PE,0.0,0.0,0.0,22.5,0.0,22.5,1108.1,0.2,0,0,0,0.0,0,F1,450,,,,,
2026-02-18,2026-02-18,FO,NSE,STO,130827,,LODHA,,2026-03-30,2026-03-30,1040.0,PE,LODHA26MAR1040PE,0.0,0.0,0.0,24.0,24.0,24.0,1108.1,24.15,2700,0,0,0.0,0,F1,450,,,,,
2026-02-18,2026-02-18,FO,NSE,STO,136459,,LODHA,,2026-03-30,2026-03-30,1070.0,PE,LODHA26MAR1070PE,0.0,0.0,0.0,59.25,59.25,59.25,1108.1,34.65,900,0,0,0.0,0,F1,450,,,,,
2026-02-18,2026-02-18,FO,NSE,STO,130555,,LODHA,,2026-02-24,2026-02-24,950.0,PE,LODHA26FEB950PE,1.55,1.55,0.6,0.7,0.65,1.55,1108.1,0.7,258750,54000,782,334681155.0,345,F1,450,,,,,
2026-02-18,2026-02-18,FO,NSE,STO,130571,,LODHA,,2026-02-24,2026-02-24,1030.0,PE,LODHA26FEB1030PE,3.2,3.3,1.4,1.6,1.5,3.2,1108.1,1.6,173250,3150,253,117516847.5,224,F1,450,,,,,
2026-02-18,2026-02-18,FO,NSE,STO,130609,,LODHA,,2026-02-24,2026-02-24,1260.0,PE,LODHA26FEB1260PE,0.0,0.0,0.0,208.25,0.0,208.25,1108.1,150.85,0,0,0,0.0,0,F1,450,,,,,
2026-02-18,2026-02-18,FO,NSE,STO,113560,,LODHA,,2026-02-24,2026-02-24,1000.0,CE,LODHA26FEB1000CE,98.35,112.8,90.1,109.9,108.0,99.05,1108.1,109.9,79650,-22950,104,51567187.5,72,F1,450,,,,,
2026-02-18,2026-02-18,FO,NSE,STO,136387,,LODHA,,2026-03-30,2026-03-30,910.0,CE,LODHA26MAR910CE,0.0,0.0,0.0,68.4,0.0,68.4,1108.1,206.3,0,0,0,0.0,0,F1,450,,,,,
2026-02-18,2026-02-18,FO,NSE,STO,130813,,LODHA,,2026-03-30,2026-03-30,960.0,CE,LODHA26MAR960CE,0.0,0.0,0.0,152.4,0.0,152.4,1108.1,161.1,0,0,0,0.0,0,F1,450,,,,,
2026-02-18,2026-02-18,FO,NSE,STO,130832,,LODHA,,2026-03-30,2026-03-30,1100.0,CE,LODHA26MAR1100CE,48.35,55.0,44.15,52.7,53.0,48.35,1108.1,52.7,50400,17550,112,57907350.0,85,F1,450,,,,,
2026-02-18,2026-02-18,FO,NSE,STO,131044,,LODHA,,2026-03-30,2026-03-30,1260.0,CE,LODHA26MAR1260CE,0.0,0.0,0.0,8.6,8.6,8.6,1108.1,12.7,900,0,0,0.0,0,F1,450,,,,,
2026-02-18,2026-02-18,FO,NSE,STO,136682,,LODHA,,2026-04-28,2026-04-28,1200.0,CE,LODHA26APR1200CE,0.0,0.0,0.0,12.45,0.0,12.45,1108.1,41.85,0,0,0,0.0,0,F1,450,,,,,
2026-02-18,2026-02-18,FO,NSE,STO,130329,,LODHA,,2026-02-24,2026-02-24,850.0,PE,LODHA26FEB850PE,0.7,0.7,0.5,0.5,0.5,0.75,1108.1,0.5,29700,-5850,43,16458187.5,39,F1,450,,,,,
2026-02-18,2026-02-18,FO,NSE,STO,130479,,LODHA,,2026-02-24,2026-02-24,910.0,PE,LODHA26FEB910PE,0.85,1.0,0.55,0.6,0.55,1.0,1108.1,0.6,21600,-18450,64,26232210.0,40,F1,450,,,,,
2026-02-18,2026-02-18,FO,NSE,STO,136643,,LODHA,,2026-04-28,2026-04-28,820.0,PE,LODHA26APR820PE,0.0,0.0,0.0,35.05,0.0,35.05,1108.1,1.7,0,0,0,0.0,0,F1,450,,,,,
2026-02-18,2026-02-18,FO,NSE,STO,113509,,LODHA,,2026-02-24,2026-02-24,880.0,CE,LODHA26FEB880CE,0.0,0.0,0.0,211.05,211.05,211.05,1108.1,228.9,22950,0,0,0.0,0,F1,450,,,,,
2026-02-18,2026-02-18,FO,NSE,STO,136564,,LODHA,,2026-03-30,2026-03-30,1170.0,PE,LODHA26MAR1170PE,0.0,0.0,0.0,258.1,0.0,258.1,1108.1,88.15,0,0,0,0.0,0,F1,450,,,,,
2026-02-18,2026-02-18,FO,NSE,STO,130837,,LODHA,,2026-03-30,2026-03-30,1140.0,PE,LODHA26MAR1140PE,0.0,0.0,0.0,87.5,87.5,87.5,1108.1,69.2,4950,0,0,0.0,0,F1,450,,,,,
2026-02-18,2026-02-18,FO,NSE,STO,113581,,LODHA,,2026-02-24,2026-02-24,1280.0,PE,LODHA26FEB1280PE,0.0,0.0,0.0,224.0,224.0,224.0,1108.1,170.75,4500,0,0,0.0,0,F1,450,,,,,
2026-02-18,2026-02-18,FO,NSE,STO,136556,,LODHA,,2026-03-30,2026-03-30,1110.0,PE,LODHA26MAR1110PE,0.0,0.0,0.0,204.55,0.0,204.55,1108.1,52.7,0,0,0,0.0,0,F1,450,,,,,
2026-02-18,2026-02-18,FO,NSE,STO,136659,,LODHA,,2026-04-28,2026-04-28,980.0,PE,LODHA26APR980PE,0.0,0.0,0.0,113.55,0.0,113.55,1108.1,19.95,0,0,0,0.0,0,F1,450,,,,,
2026-02-18,2026-02-18,FO,NSE,STO,130796,,LODHA,,2026-03-30,2026-03-30,900.0,CE,LODHA26MAR900CE,0.0,0.0,0.0,194.45,0.0,194.45,1108.1,215.7,0,0,0,0.0,0,F1,450,,,,,
2026-02-18,2026-02-18,FO,NSE,STO,130830,,LODHA,,2026-03-30,2026-03-30,1080.0,CE,LODHA26MAR1080CE,55.1,65.4,55.1,65.4,65.4,57.15,1108.1,65.4,2700,0,2,1026225.0,2,F1,450,,,,,
2026-02-18,2026-02-18,FO,NSE,STO,136460,,LODHA,,2026-03-30,2026-03-30,1090.0,CE,LODHA26MAR1090CE,0.0,0.0,0.0,16.05,0.0,16.05,1108.1,67.75,0,0,0,0.0,0,F1,450,,,,,
2026-02-18,2026-02-18,FO,NSE,STO,136675,,LODHA,,2026-04-28,2026-04-28,1120.0,PE,LODHA26APR1120PE,0.0,0.0,0.0,217.85,0.0,217.85,1108.1,72.6,0,0,0,0.0,0,F1,450,,,,,
2026-02-18,2026-02-18,FO,NSE,STF,59402,,LODHA,,2026-02-24,2026-02-24,,,LODHA26FEBFUT,1095.2,1112.05,1087.4,1109.25,1108.0,1096.2,1108.1,1109.25,7393500,-139050,2552,1262855745.0,2078,F1,450,,,,,
2026-02-18,2026-02-18,FO,NSE,STO,130834,,LODHA,,2026-03-30,2026-03-30,1120.0,CE,LODHA26MAR1120CE,47.05,47.05,42.4,44.95,42.4,26.9,1108.1,44.95,8100,450,3,1572660.0,3,F1,450,,,,,
2026-02-18,2026-02-18,FO,NSE,STO,130324,,LODHA,,2026-02-24,2026-02-24,820.0,CE,LODHA26FEB820CE,0.0,0.0,0.0,257.2,257.2,257.2,1108.1,288.85,2700,0,0,0.0,0,F1,450,,,,,
2026-02-18,2026-02-18,FO,NSE,STO,39823,,LODHA,,2026-02-24,2026-02-24,760.0,CE,LODHA26FEB760CE,0.0,0.0,0.0,316.85,316.85,316.85,1108.1,348.8,7200,0,0,0.0,0,F1,450,,,,,
2026-02-18,2026-02-18,FO,NSE,STO,136656,,LODHA,,2026-04-28,2026-04-28,960.0,CE,LODHA26APR960CE,0.0,0.0,0.0,62.95,0.0,62.95,1108.1,173.75,0,0,0,0.0,0,F1,450,,,,,
2026-02-18,2026-02-18,FO,NSE,STO,130321,,LODHA,,2026-02-24,2026-02-24,790.0,PE,LODHA26FEB790PE,0.0,0.0,0.0,2.4,0.0,2.4,1108.1,0.05,0,0,0,0.0,0,F1,450,,,,,
2026-02-18,2026-02-18,FO,NSE,STO,130569,,LODHA,,2026-02-24,2026-02-24,1020.0,PE,LODHA26FEB1020PE,2.85,3.05,1.4,1.5,1.4,2.95,1108.1,1.5,471600,-900,326,149939100.0,279,F1,450,,,,,
2026-02-18,2026-02-18,FO,NSE,STO,136385,,LODHA,,2026-03-30,2026-03-30,890.0,CE,LODHA26MAR890CE,0.0,0.0,0.0,101.95,101.95,101.95,1108.1,225.2,1350,0,0,0.0,0,F1,450,,,,,
2026-02-18,2026-02-18,FO,NSE,STO,130790,,LODHA,,2026-03-30,2026-03-30,840.0,CE,LODHA26MAR840CE,0.0,0.0,0.0,242.15,0.0,242.15,1108.1,273.65,0,0,0,0.0,0,F1,450,,,,,
2026-02-18,2026-02-18,FO,NSE,STO,136379,,LODHA,,2026-03-30,2026-03-30,830.0,CE,LODHA26MAR830CE,0.0,0.0,0.0,114.25,0.0,114.25,1108.1,283.45,0,0,0,0.0,0,F1,450,,,,,
2026-02-18,2026-02-18,FO,NSE,STO,130598,,LODHA,,2026-02-24,2026-02-24,1190.0,CE,LODHA26FEB1190CE,0.0,0.0,0.0,1.15,1.15,1.15,1108.1,1.8,2700,0,0,0.0,0,F1,450,,,,,
2026-02-18,2026-02-18,FO,NSE,STO,164749,,TVSMOTOR,,2026-03-30,2026-03-30,3920.0,PE,TVSMOTOR26MAR3920PE,0.0,0.0,0.0,350.6,0.0,350.6,3885.15,131.85,0,0,0,0.0,0,F1,175,,,,,
2026-02-18,2026-02-18,FO,NSE,STO,171281,,TVSMOTOR,,2026-03-30,2026-03-30,4060.0,PE,TVSMOTOR26MAR4060PE,0.0,0.0,0.0,487.55,0.0,487.55,3885.15,217.35,0,0,0,0.0,0,F1,175,,,,,
2026-02-18,2026-02-18,FO,NSE,STO,164759,,TVSMOTOR,,2026-03-30,2026-03-30,4120.0,PE,TVSMOTOR26MAR4120PE,0.0,0.0,0.0,497.35,0.0,497.35,3885.15,260.6,0,0,0,0.0,0,F1,175,,,,,
2026-02-18,2026-02-18,FO,NSE,STO,171249,,TVSMOTOR,,2026-03-30,2026-03-30,3420.0,PE,TVSMOTOR26MAR3420PE,0.0,0.0,0.0,32.9,32.9,32.9,3885.15,6.2,700,0,0,0.0,0,F1,175,,,,,
2026-02-18,2026-02-18,FO,NSE,STO,171357,,TVSMOTOR,,2026-04-28,2026-04-28,3560.0,PE,TVSMOTOR26APR3560PE,0.0,0.0,0.0,173.95,0.0,173.95,3885.15,38.45,0,0,0,0.0,0,F1,175,,,,,
2026-02-18,2026-02-18,FO,NSE,STO,171355,,TVSMOTOR,,2026-04-28,2026-04-28,3520.0,PE,TVSMOTOR26APR3520PE,0.0,0.0,0.0,155.65,0.0,155.65,3885.15,31.3,0,0,0,0.0,0,F1,175,,,,,
2026-02-18,2026-02-18,FO,NSE,STO,171351,,TVSMOTOR,,2026-04-28,2026-04-28,3440.0,PE,TVSMOTOR26APR3440PE,0.0,0.0,0.0,122.7,0.0,122.7,3885.15,20.15,0,0,0,0.0,0,F1,175,,,,,
2026-02-18,2026-02-18,FO,NSE,STO,171347,,TVSMOTOR,,2026-04-28,2026-04-28,3360.0,PE,TVSMOTOR26APR3360PE,0.0,0.0,0.0,94.65,0.0,94.65,3885.15,12.35,0,0,0,0.0,0,F1,175,,,,,
2026-02-18,2026-02-18,FO,NSE,STO,164771,,TVSMOTOR,,2026-03-30,2026-03-30,4360.0,PE,TVSMOTOR26MAR4360PE,0.0,0.0,0.0,697.3,0.0,697.3,3885.15,462.45,0,0,0,0.0,0,F1,175,,,,,
2026-02-18,2026-02-18,FO,NSE,STO,164767,,TVSMOTOR,,2026-03-30,2026-03-30,4280.0,PE,TVSMOTOR26MAR4280PE,0.0,0.0,0.0,628.3,0.0,628.3,3885.15,391.05,0,0,0,0.0,0,F1,175,,,,,
2026-02-18,2026-02-18,FO,NSE,STO,164548,,TVSMOTOR,,2026-02-24,2026-02-24,3120.0,CE,TVSMOTOR26FEB3120CE,0.0,0.0,0.0,476.0,475.0,476.0,3885.15,767.95,7875,0,0,0.0,0,F1,175,,,,,
2026-02-18,2026-02-18,FO,NSE,STO,164738,,TVSMOTOR,,2026-03-30,2026-03-30,3720.0,CE,TVSMOTOR26MAR3720CE,0.0,0.0,0.0,197.85,0.0,197.85,3885.15,238.7,0,0,0,0.0,0,F1,175,,,,,
2026-02-18,2026-02-18,FO,NSE,STO,164740,,TVSMOTOR,,2026-03-30,2026-03-30,3760.0,CE,TVSMOTOR26MAR3760CE,218.5,218.5,209.0,209.0,209.0,83.25,3885.15,211.2,350,0,2,1390812.5,2,F1,175,,,,,
2026-02-18,2026-02-18,FO,NSE,STO,164748,,TVSMOTOR,,2026-03-30,2026-03-30,3920.0,CE,TVSMOTOR26MAR3920CE,103.0,103.0,103.0,103.0,103.0,102.45,3885.15,103.0,1575,175,1,704025.0,1,F1,175,,,,,
2026-02-18,2026-02-18,FO,NSE,STO,164760,,TVSMOTOR,,2026-03-30,2026-03-30,4160.0,CE,TVSMOTOR26MAR4160CE,41.0,42.0,33.05,33.05,33.05,39.75,3885.15,41.45,6650,-1925,15,11026513.75,7,F1,175,,,,,
2026-02-18,2026-02-18,FO,NSE,STO,164764,,TVSMOTOR,,2026-03-30,2026-03-30,4240.0,CE,TVSMOTOR26MAR4240CE,27.4,27.4,25.5,25.5,25.5,25.5,3885.15,27.3,7350,-175,2,1493257.5,2,F1,175,,,,,
2026-02-18,2026-02-18,FO,NSE,STO,171338,,TVSMOTOR,,2026-04-28,2026-04-28,3200.0,CE,TVSMOTOR26APR3200CE,0.0,0.0,0.0,469.35,0.0,469.35,3885.15,722.2,0,0,0,0.0,0,F1,175,,,,,
2026-02-18,2026-02-18,FO,NSE,STO,171350,,TVSMOTOR,,2026-04-28,2026-04-28,3440.0,CE,TVSMOTOR26APR3440CE,0.0,0.0,0.0,303.4,0.0,303.4,3885.15,500.85,0,0,0,0.0,0,F1,175,,,,,
2026-02-18,2026-02-18,FO,NSE,STO,171358,,TVSMOTOR,,2026-04-28,2026-04-28,3600.0,CE,TVSMOTOR26APR3600CE,0.0,0.0,0.0,216.55,0.0,216.55,3885.15,369.1,0,0,0,0.0,0,F1,175,,,,,
2026-02-18,2026-02-18,FO,NSE,STO,164583,,TVSMOTOR,,2026-02-24,2026-02-24,3540.0,PE,TVSMOTOR26FEB3540PE,2.1,2.35,1.7,1.7,1.7,2.15,3885.15,1.7,14700,-3150,26,16115531.25,26,F1,175,,,,,
2026-02-18,2026-02-18,FO,NSE,STO,164597,,TVSMOTOR,,2026-02-24,2026-02-24,3720.0,PE,TVSMOTOR26FEB3720PE,6.65,6.7,3.75,4.0,3.75,7.2,3885.15,4.0,31500,-2100,75,48895875.0,71,F1,175,,,,,
2026-02-18,2026-02-18,FO,NSE,STO,164617,,TVSMOTOR,,2026-02-24,2026-02-24,3960.0,PE,TVSMOTOR26FEB3960PE,0.0,0.0,0.0,117.9,110.35,117.9,3885.15,92.85,350,0,0,0.0,0,F1,175,,,,,
2026-02-18,2026-02-18,FO,NSE,STO,164715,,TVSMOTOR,,2026-03-30,2026-03-30,3240.0,PE,TVSMOTOR26MAR3240PE,0.0,0.0,0.0,51.15,0.0,51.15,3885.15,1.0,0,0,0,0.0,0,F1,175,,,,,
2026-02-18,2026-02-18,FO,NSE,STO,171269,,TVSMOTOR,,2026-03-30,2026-03-30,3820.0,PE,TVSMOTOR26MAR3820PE,0.0,0.0,0.0,300.75,0.0,300.75,3885.15,85.35,0,0,0,0.0,0,F1,175,,,,,
2026-02-18,2026-02-18,FO,NSE,STO,171339,,TVSMOTOR,,2026-04-28,2026-04-28,3200.0,PE,TVSMOTOR26APR3200PE,0.0,0.0,0.0,52.3,0.0,52.3,3885.15,3.95,0,0,0,0.0,0,F1,175,,,,,
2026-02-18,2026-02-18,FO,NSE,STO,171343,,TVSMOTOR,,2026-04-28,2026-04-28,3280.0,PE,TVSMOTOR26APR3280PE,0.0,0.0,0.0,71.45,0.0,71.45,3885.15,7.2,0,0,0,0.0,0,F1,175,,,,,
2026-02-18,2026-02-18,FO,NSE,STO,171365,,TVSMOTOR,,2026-04-28,2026-04-28,3720.0,PE,TVSMOTOR26APR3720PE,0.0,0.0,0.0,259.15,0.0,259.15,3885.15,79.25,0,0,0,0.0,0,F1,175,,,,,
2026-02-18,2026-02-18,FO,NSE,STO,171379,,TVSMOTOR,,2026-04-28,2026-04-28,4000.0,PE,TVSMOTOR26APR4000PE,0.0,0.0,0.0,450.3,0.0,450.3,3885.15,206.2,0,0,0,0.0,0,F1,175,,,,,
2026-02-18,2026-02-18,FO,NSE,STO,164584,,TVSMOTOR,,2026-02-24,2026-02-24,3560.0,CE,TVSMOTOR26FEB3560CE,313.1,325.7,307.6,318.65,318.65,310.95,3885.15,328.45,15400,-6650,48,32556501.25,46,F1,175,,,,,
2026-02-18,2026-02-18,FO,NSE,STO,164714,,TVSMOTOR,,2026-03-30,2026-03-30,3240.0,CE,TVSMOTOR26MAR3240CE,0.0,0.0,0.0,493.7,0.0,493.7,3885.15,665.65,0,0,0,0.0,0,F1,175,,,,,
2026-02-18,2026-02-18,FO,NSE,STO,164742,,TVSMOTOR,,2026-03-30,2026-03-30,3800.0,CE,TVSMOTOR26MAR3800CE,175.5,185.25,162.0,178.6,179.6,178.05,3885.15,178.6,26775,3325,41,28519758.75,29,F1,175,,,,,
2026-02-18,2026-02-18,FO,NSE,STO,171274,,TVSMOTOR,,2026-03-30,2026-03-30,3940.0,CE,TVSMOTOR26MAR3940CE,125.0,125.0,115.35,115.35,115.35,68.0,3885.15,115.35,700,350,2,1421061.25,2,F1,175,,,,,
2026-02-18,2026-02-18,FO,NSE,STO,164750,,TVSMOTOR,,2026-03-30,2026-03-30,3960.0,CE,TVSMOTOR26MAR3960CE,0.0,0.0,0.0,100.85,100.85,100.85,3885.15,102.85,2975,0,0,0.0,0,F1,175,,,,,
2026-02-18,2026-02-18,FO,NSE,STO,171282,,TVSMOTOR,,2026-03-30,2026-03-30,4100.0,CE,TVSMOTOR26MAR4100CE,53.6,53.6,44.0,48.5,48.7,50.95,3885.15,48.5,5250,1575,34,24677441.25,27,F1,175,,,,,
2026-02-18,2026-02-18,FO,NSE,STO,171275,,TVSMOTOR,,2026-03-30,2026-03-30,3940.0,PE,TVSMOTOR26MAR3940PE,0.0,0.0,0.0,389.8,0.0,389.8,3885.15,142.6,0,0,0,0.0,0,F1,175,,,,,
2026-02-18,2026-02-18,FO,NSE,STO,164645,,TVSMOTOR,,2026-02-24,2026-02-24,4320.0,PE,TVSMOTOR26FEB4320PE,0.0,0.0,0.0,661.6,0.0,661.6,3885.15,430.95,0,0,0,0.0,0,F1,175,,,,,
2026-02-18,2026-02-18,FO,NSE,STO,164721,,TVSMOTOR,,2026-03-30,2026-03-30,3360.0,PE,TVSMOTOR26MAR3360PE,7.0,7.0,7.0,7.0,7.0,20.0,3885.15,3.55,2450,-175,9,5303025.0,3,F1,175,,,,,
2026-02-18,2026-02-18,FO,NSE,STO,164753,,TVSMOTOR,,2026-03-30,2026-03-30,4000.0,PE,TVSMOTOR26MAR4000PE,185.0,185.55,170.3,177.15,177.15,182.75,3885.15,177.9,60200,700,18,13157865.0,18,F1,175,,,,,
2026-02-18,2026-02-18,FO,NSE,STO,171359,,TVSMOTOR,,2026-04-28,2026-04-28,3600.0,PE,TVSMOTOR26APR3600PE,0.0,0.0,0.0,193.45,0.0,193.45,3885.15,46.7,0,0,0,0.0,0,F1,175,,,,,
2026-02-18,2026-02-18,FO,NSE,STO,171277,,TVSMOTOR,,2026-03-30,2026-03-30,3980.0,PE,TVSMOTOR26MAR3980PE,0.0,0.0,0.0,421.55,0.0,421.55,3885.15,165.65,0,0,0,0.0,0,F1,175,,,,,
2026-02-18,2026-02-18,FO,NSE,STO,171378,,TVSMOTOR,,2026-04-28,2026-04-28,4000.0,CE,TVSMOTOR26APR4000CE,0.0,0.0,0.0,79.55,0.0,79.55,3885.15,132.75,0,0,0,0.0,0,F1,175,,,,,
2026-02-18,2026-02-18,FO,NSE,STO,164768,,TVSMOTOR,,2026-03-30,2026-03-30,4320.0,CE,TVSMOTOR26MAR4320CE,0.0,0.0,0.0,41.1,0.0,41.1,3885.15,17.45,0,0,0,0.0,0,F1,175,,,,,
2026-02-18,2026-02-18,FO,NSE,STO,171270,,TVSMOTOR,,2026-03-30,2026-03-30,3860.0,CE,TVSMOTOR26MAR3860CE,175.35,175.35,138.0,138.0,138.0,159.85,3885.15,150.8,1050,875,5,3511051.25,5,F1,175,,,,,
2026-02-18,2026-02-18,FO,NSE,STO,164744,,TVSMOTOR,,2026-03-30,2026-03-30,3840.0,CE,TVSMOTOR26MAR3840CE,0.0,0.0,0.0,149.9,0.0,149.9,3885.15,161.9,0,0,0,0.0,0,F1,175,,,,,
2026-02-18,2026-02-18,FO,NSE,STO,164710,,TVSMOTOR,,2026-03-30,2026-03-30,3160.0,CE,TVSMOTOR26MAR3160CE,0.0,0.0,0.0,558.0,0.0,558.0,3885.15,744.55,0,0,0,0.0,0,F1,175,,,,,
2026-02-18,2026-02-18,FO,NSE,STO,164612,,TVSMOTOR,,2026-02-24,2026-02-24,3920.0,CE,TVSMOTOR26FEB3920CE,39.1,39.75,21.75,25.25,25.5,35.55,3885.15,25.25,29925,-17500,687,474518738.75,522,F1,175,,,,,
2026-02-18,2026-02-18,FO,NSE,STO,164590,,TVSMOTOR,,2026-02-24,2026-02-24,3640.0,CE,TVSMOTOR26FEB3640CE,0.0,0.0,0.0,238.15,238.15,238.15,3885.15,249.2,23100,0,0,0.0,0,F1,175,,,,,
2026-02-18,2026-02-18,FO,NSE,STO,164562,,TVSMOTOR,,2026-02-24,2026-02-24,3280.0,CE,TVSMOTOR26FEB3280CE,0.0,0.0,0.0,584.5,584.5,584.5,3885.15,608.1,3150,0,0,0.0,0,F1,175,,,,,
2026-02-18,2026-02-18,FO,NSE,STO,164582,,TVSMOTOR,,2026-02-24,2026-02-24,3540.0,CE,TVSMOTOR26FEB3540CE,0.0,0.0,0.0,297.35,297.35,297.35,3885.15,348.4,12250,0,0,0.0,0,F1,175,,,,,
2026-02-18,2026-02-18,FO,NSE,STO,146859,,TVSMOTOR,,2026-02-24,2026-02-24,3600.0,CE,TVSMOTOR26FEB3600CE,285.0,285.0,263.5,283.35,284.95,272.45,3885.15,283.35,86975,-5250,37,25098718.75,37,F1,175,,,,,
2026-02-18,2026-02-18,FO,NSE,STO,171387,,TVSMOTOR,,2026-04-28,2026-04-28,4160.0,PE,TVSMOTOR26APR4160PE,0.0,0.0,0.0,578.35,0.0,578.35,3885.15,310.65,0,0,0,0.0,0,F1,175,,,,,
2026-02-18,2026-02-18,FO,NSE,STO,171385,,TVSMOTOR,,2026-04-28,2026-04-28,4120.0,PE,TVSMOTOR26APR4120PE,0.0,0.0,0.0,545.25,0.0,545.25,3885.15,282.6,0,0,0,0.0,0,F1,175,,,,,
2026-02-18,2026-02-18,FO,NSE,STO,171377,,TVSMOTOR,,2026-04-28,2026-04-28,3960.0,PE,TVSMOTOR26APR3960PE,0.0,0.0,0.0,420.15,0.0,420.15,3885.15,183.55,0,0,0,0.0,0,F1,175,,,,,
2026-02-18,2026-02-18,FO,NSE,STO,171335,,TVSMOTOR,,2026-04-28,2026-04-28,3120.0,PE,TVSMOTOR26APR3120PE,0.0,0.0,0.0,37.3,0.0,37.3,3885.15,2.05,0,0,0,0.0,0,F1,175,,,,,
2026-02-18,2026-02-18,FO,NSE,STO,171255,,TVSMOTOR,,2026-03-30,2026-03-30,3540.0,PE,TVSMOTOR26MAR3540PE,18.65,19.6,18.55,19.5,19.5,101.2,3885.15,16.2,2450,2100,13,8096786.25,13,F1,175,,,,,
2026-02-18,2026-02-18,FO,NSE,STO,171251,,TVSMOTOR,,2026-03-30,2026-03-30,3460.0,PE,TVSMOTOR26MAR3460PE,0.0,0.0,0.0,60.5,60.5,60.5,3885.15,8.7,350,0,0,0.0,0,F1,175,,,,,
2026-02-18,2026-02-18,FO,NSE,STO,164723,,TVSMOTOR,,2026-03-30,2026-03-30,3400.0,PE,TVSMOTOR26MAR3400PE,9.3,9.6,8.7,8.7,8.7,10.2,3885.15,5.2,15575,175,15,8948441.25,13,F1,175,,,,,
2026-02-18,2026-02-18,FO,NSE,STO,164571,,TVSMOTOR,,2026-02-24,2026-02-24,3380.0,PE,TVSMOTOR26FEB3380PE,0.0,0.0,0.0,0.55,0.55,0.55,3885.15,0.05,2975,0,0,0.0,0,F1,175,,,,,
2026-02-18,2026-02-18,FO,NSE,STO,164563,,TVSMOTOR,,2026-02-24,2026-02-24,3280.0,PE,TVSMOTOR26FEB3280PE,0.55,0.65,0.55,0.55,0.55,0.55,3885.15,0.05,5425,700,10,5741067.5,10,F1,175,,,,,
2026-02-18,2026-02-18,FO,NSE,STO,164553,,TVSMOTOR,,2026-02-24,2026-02-24,3160.0,PE,TVSMOTOR26FEB3160PE,0.15,0.4,0.15,0.4,0.4,0.3,3885.15,0.05,4025,0,2,1106096.25,2,F1,175,,,,,
2026-02-18,2026-02-18,FO,NSE,STO,171394,,TVSMOTOR,,2026-04-28,2026-04-28,4320.0,CE,TVSMOTOR26APR4320CE,0.0,0.0,0.0,30.55,0.0,30.55,3885.15,43.9,0,0,0,0.0,0,F1,175,,,,,
2026-02-18,2026-02-18,FO,NSE,STO,171380,,TVSMOTOR,,2026-04-28,2026-04-28,4040.0,CE,TVSMOTOR26APR4040CE,0.0,0.0,0.0,71.0,0.0,71.0,3885.15,117.25,0,0,0,0.0,0,F1,175,,,,,
2026-02-18,2026-02-18,FO,NSE,STO,146858,,TVSMOTOR,,2026-02-24,2026-02-24,3500.0,PE,TVSMOTOR26FEB3500PE,2.25,2.25,1.5,1.6,1.5,1.95,3885.15,1.6,71925,-8400,200,122565957.5,140,F1,175,,,,,
2026-02-18,2026-02-18,FO,NSE,STO,164577,,TVSMOTOR,,2026-02-24,2026-02-24,3460.0,PE,TVSMOTOR26FEB3460PE,0.0,0.0,0.0,2.35,2.45,2.35,3885.15,0.05,10150,0,0,0.0,0,F1,175,,,,,
2026-02-18,2026-02-18,FO,NSE,STO,164573,,TVSMOTOR,,2026-02-24,2026-02-24,3420.0,PE,TVSMOTOR26FEB3420PE,0.0,0.0,0.0,2.05,2.05,2.05,3885.15,0.05,5950,0,0,0.0,0,F1,175,,,,,
2026-02-18,2026-02-18,FO,NSE,STO,171374,,TVSMOTOR,,2026-04-28,2026-04-28,3920.0,CE,TVSMOTOR26APR3920CE,0.0,0.0,0.0,98.75,0.0,98.75,3885.15,168.1,0,0,0,0.0,0,F1,175,,,,,
2026-02-18,2026-02-18,FO,NSE,STO,171354,,TVSMOTOR,,2026-04-28,2026-04-28,3520.0,CE,TVSMOTOR26APR3520CE,0.0,0.0,0.0,257.55,0.0,257.55,3885.15,432.9,0,0,0,0.0,0,F1,175,,,,,
2026-02-18,2026-02-18,FO,NSE,STO,171334,,TVSMOTOR,,2026-04-28,2026-04-28,3120.0,CE,TVSMOTOR26APR3120CE,0.0,0.0,0.0,533.05,0.0,533.05,3885.15,799.5,0,0,0,0.0,0,F1,175,,,,,
2026-02-18,2026-02-18,FO,NSE,STO,171250,,TVSMOTOR,,2026-03-30,2026-03-30,3460.0,CE,TVSMOTOR26MAR3460CE,0.0,0.0,0.0,442.0,442.0,442.0,3885.15,454.65,175,0,0,0.0,0,F1,175,,,,,
2026-02-18,2026-02-18,FO,NSE,STO,164712,,TVSMOTOR,,2026-03-30,2026-03-30,3200.0,CE,TVSMOTOR26MAR3200CE,695.0,696.0,695.0,695.0,695.0,525.4,3885.15,705.0,875,875,5,3408300.0,5,F1,175,,,,,
2026-02-18,2026-02-18,FO,NSE,STO,164644,,TVSMOTOR,,2026-02-24,2026-02-24,4320.0,CE,TVSMOTOR26FEB4320CE,1.2,1.2,0.75,0.75,0.75,1.2,3885.15,0.05,2450,0,7,5293303.75,5,F1,175,,,,,
2026-02-18,2026-02-18,FO,NSE,STO,147189,,TVSMOTOR,,2026-02-24,2026-02-24,4200.0,CE,TVSMOTOR26FEB4200CE,2.85,2.85,1.3,1.5,1.4,2.45,3885.15,1.5,75600,5075,196,144118677.5,142,F1,175,,,,,
2026-02-18,2026-02-18,FO,NSE,STO,164632,,TVSMOTOR,,2026-02-24,2026-02-24,4160.0,CE,TVSMOTOR26FEB4160CE,0.0,0.0,0.0,2.45,2.45,2.45,3885.15,0.75,4900,0,0,0.0,0,F1,175,,,,,
2026-02-18,2026-02-18,FO,NSE,STO,164628,,TVSMOTOR,,2026-02-24,2026-02-24,4120.0,CE,TVSMOTOR26FEB4120CE,3.8,4.0,1.8,1.8,1.8,3.8,3885.15,1.8,11550,3325,47,33914947.5,22,F1,175,,,,,
2026-02-18,2026-02-18,FO,NSE,STO,164600,,TVSMOTOR,,2026-02-24,2026-02-24,3760.0,CE,TVSMOTOR26FEB3760CE,0.0,0.0,0.0,132.5,135.0,132.5,3885.15,137.3,17675,0,0,0.0,0,F1,175,,,,,
2026-02-18,2026-02-18,FO,NSE,STO,164574,,TVSMOTOR,,2026-02-24,2026-02-24,3440.0,CE,TVSMOTOR26FEB3440CE,0.0,0.0,0.0,431.5,431.5,431.5,3885.15,448.25,4375,0,0,0.0,0,F1,175,,,,,
2026-02-18,2026-02-18,FO,NSE,STO,164572,,TVSMOTOR,,2026-02-24,2026-02-24,3420.0,CE,TVSMOTOR26FEB3420CE,0.0,0.0,0.0,206.35,206.35,206.35,3885.15,468.25,1225,0,0,0.0,0,F1,175,,,,,
2026-02-18,2026-02-18,FO,NSE,STO,164579,,TVSMOTOR,,2026-02-24,2026-02-24,3480.0,PE,TVSMOTOR26FEB3480PE,0.0,0.0,0.0,3.5,3.5,3.5,3885.15,0.05,3325,0,0,0.0,0,F1,175,,,,,
2026-02-18,2026-02-18,FO,NSE,STO,171367,,TVSMOTOR,,2026-04-28,2026-04-28,3760.0,PE,TVSMOTOR26APR3760PE,0.0,0.0,0.0,283.35,0.0,283.35,3885.15,92.85,0,0,0,0.0,0,F1,175,,,,,
2026-02-18,2026-02-18,FO,NSE,STO,164769,,TVSMOTOR,,2026-03-30,2026-03-30,4320.0,PE,TVSMOTOR26MAR4320PE,0.0,0.0,0.0,662.55,0.0,662.55,3885.15,426.35,0,0,0,0.0,0,F1,175,,,,,
2026-02-18,2026-02-18,FO,NSE,STO,164747,,TVSMOTOR,,2026-03-30,2026-03-30,3880.0,PE,TVSMOTOR26MAR3880PE,0.0,0.0,0.0,324.0,0.0,324.0,3885.15,111.75,0,0,0,0.0,0,F1,175,,,,,
2026-02-18,2026-02-18,FO,NSE,STO,164737,,TVSMOTOR,,2026-03-30,2026-03-30,3680.0,PE,TVSMOTOR26MAR3680PE,0.0,0.0,0.0,55.9,55.9,55.9,3885.15,40.75,175,0,0,0.0,0,F1,175,,,,,
2026-02-18,2026-02-18,FO,NSE,STO,164713,,TVSMOTOR,,2026-03-30,2026-03-30,3200.0,PE,TVSMOTOR26MAR3200PE,0.0,0.0,0.0,4.7,4.7,4.7,3885.15,0.65,700,0,0,0.0,0,F1,175,,,,,
2026-02-18,2026-02-18,FO,NSE,STO,164609,,TVSMOTOR,,2026-02-24,2026-02-24,3860.0,PE,TVSMOTOR26FEB3860PE,41.55,45.25,29.5,31.05,31.0,41.75,3885.15,31.05,32550,-1225,388,264665957.5,343,F1,175,,,,,
2026-02-18,2026-02-18,FO,NSE,STO,146861,,TVSMOTOR,,2026-02-24,2026-02-24,3700.0,CE,TVSMOTOR26FEB3700CE,190.0,194.8,165.0,183.6,183.6,191.7,3885.15,183.6,62475,-1925,50,33926130.0,43,F1,175,,,,,
2026-02-18,2026-02-18,FO,NSE,STO,164558,,TVSMOTOR,,2026-02-24,2026-02-24,3240.0,CE,TVSMOTOR26FEB3240CE,0.0,0.0,0.0,494.0,494.0,494.0,3885.15,648.1,175,0,0,0.0,0,F1,175,,,,,
2026-02-18,2026-02-18,FO,NSE,STO,171371,,TVSMOTOR,,2026-04-28,2026-04-28,3840.0,PE,TVSMOTOR26APR3840PE,0.0,0.0,0.0,335.0,0.0,335.0,3885.15,124.6,0,0,0,0.0,0,F1,175,,,,,
2026-02-18,2026-02-18,FO,NSE,STO,171283,,TVSMOTOR,,2026-03-30,2026-03-30,4100.0,PE,TVSMOTOR26MAR4100PE,245.0,258.0,244.0,258.0,258.0,521.75,3885.15,245.8,3500,3500,20,15224825.0,17,F1,175,,,,,
2026-02-18,2026-02-18,FO,NSE,STO,164751,,TVSMOTOR,,2026-03-30,2026-03-30,3960.0,PE,TVSMOTOR26MAR3960PE,0.0,0.0,0.0,378.15,0.0,378.15,3885.15,153.9,0,0,0,0.0,0,F1,175,,,,,
2026-02-18,2026-02-18,FO,NSE,STO,171271,,TVSMOTOR,,2026-03-30,2026-03-30,3860.0,PE,TVSMOTOR26MAR3860PE,104.3,104.3,96.75,96.75,96.75,104.3,3885.15,96.75,875,0,2,1386183.75,2,F1,175,,,,,
2026-02-18,2026-02-18,FO,NSE,STO,164735,,TVSMOTOR,,2026-03-30,2026-03-30,3640.0,PE,TVSMOTOR26MAR3640PE,0.0,0.0,0.0,81.6,81.6,81.6,3885.15,31.95,525,0,0,0.0,0,F1,175,,,,,
2026-02-18,2026-02-18,FO,NSE,STO,164729,,TVSMOTOR,,2026-03-30,2026-03-30,3520.0,PE,TVSMOTOR26MAR3520PE,0.0,0.0,0.0,134.15,0.0,134.15,3885.15,13.95,0,0,0,0.0,0,F1,175,,,,,
2026-02-18,2026-02-18,FO,NSE,STO,164625,,TVSMOTOR,,2026-02-24,2026-02-24,4060.0,PE,TVSMOTOR26FEB4060PE,0.0,0.0,0.0,433.95,0.0,433.95,3885.15,176.05,0,0,0,0.0,0,F1,175,,,,,
2026-02-18,2026-02-18,FO,NSE,STO,147056,,TVSMOTOR,,2026-02-24,2026-02-24,4000.0,PE,TVSMOTOR26FEB4000PE,130.0,146.35,124.0,125.2,124.5,130.05,3885.15,125.2,14875,-175,31,22421560.0,30,F1,175,,,,,
2026-02-18,2026-02-18,FO,NSE,STO,164605,,TVSMOTOR,,2026-02-24,2026-02-24,3820.0,PE,TVSMOTOR26FEB3820PE,23.95,27.8,16.3,17.2,16.4,25.9,3885.15,17.2,30100,9100,523,351618986.25,487,F1,175,,,,,
2026-02-18,2026-02-18,FO,NSE,STO,164599,,TVSMOTOR,,2026-02-24,2026-02-24,3740.0,PE,TVSMOTOR26FEB3740PE,9.0,9.0,4.85,5.25,5.05,9.1,3885.15,5.25,20300,-6125,78,51148842.5,65,F1,175,,,,,
2026-02-18,2026-02-18,FO,NSE,STO,146860,,TVSMOTOR,,2026-02-24,2026-02-24,3600.0,PE,TVSMOTOR26FEB3600PE,2.8,3.0,1.55,1.85,1.85,3.05,3885.15,1.85,99925,-11725,306,192888508.75,220,F1,175,,,,,
2026-02-18,2026-02-18,FO,NSE,STO,164569,,TVSMOTOR,,2026-02-24,2026-02-24,3360.0,PE,TVSMOTOR26FEB3360PE,1.0,1.0,0.85,0.85,0.85,1.0,3885.15,0.05,80500,-27825,161,94694092.5,20,F1,175,,,,,
2026-02-18,2026-02-18,FO,NSE,STO,171382,,TVSMOTOR,,2026-04-28,2026-04-28,4080.0,CE,TVSMOTOR26APR4080CE,0.0,0.0,0.0,63.35,0.0,63.35,3885.15,103.15,0,0,0,0.0,0,F1,175,,,,,
2026-02-18,2026-02-18,FO,NSE,STO,171364,,TVSMOTOR,,2026-04-28,2026-04-28,3720.0,CE,TVSMOTOR26APR3720CE,0.0,0.0,0.0,164.1,0.0,164.1,3885.15,282.85,0,0,0,0.0,0,F1,175,,,,,
2026-02-18,2026-02-18,FO,NSE,STO,171362,,TVSMOTOR,,2026-04-28,2026-04-28,3680.0,CE,TVSMOTOR26APR3680CE,0.0,0.0,0.0,180.4,0.0,180.4,3885.15,310.25,0,0,0,0.0,0,F1,175,,,,,
2026-02-18,2026-02-18,FO,NSE,STO,171352,,TVSMOTOR,,2026-04-28,2026-04-28,3480.0,CE,TVSMOTOR26APR3480CE,0.0,0.0,0.0,279.85,0.0,279.85,3885.15,466.4,0,0,0,0.0,0,F1,175,,,,,
2026-02-18,2026-02-18,FO,NSE,STO,164758,,TVSMOTOR,,2026-03-30,2026-03-30,4120.0,CE,TVSMOTOR26MAR4120CE,0.0,0.0,0.0,72.95,0.0,72.95,3885.15,50.5,0,0,0,0.0,0,F1,175,,,,,
2026-02-18,2026-02-18,FO,NSE,STO,171272,,TVSMOTOR,,2026-03-30,2026-03-30,3900.0,CE,TVSMOTOR26MAR3900CE,126.7,132.55,111.0,120.4,120.5,123.25,3885.15,120.4,102200,25375,509,358143922.5,415,F1,175,,,,,
2026-02-18,2026-02-18,FO,NSE,STO,164724,,TVSMOTOR,,2026-03-30,2026-03-30,3440.0,CE,TVSMOTOR26MAR3440CE,0.0,0.0,0.0,350.35,0.0,350.35,3885.15,473.15,0,0,0,0.0,0,F1,175,,,,,
2026-02-18,2026-02-18,FO,NSE,STO,164718,,TVSMOTOR,,2026-03-30,2026-03-30,3320.0,CE,TVSMOTOR26MAR3320CE,0.0,0.0,0.0,433.35,0.0,433.35,3885.15,587.5,0,0,0,0.0,0,F1,175,,,,,
2026-02-18,2026-02-18,FO,NSE,STO,164648,,TVSMOTOR,,2026-02-24,2026-02-24,4360.0,CE,TVSMOTOR26FEB4360CE,1.75,1.75,0.65,1.1,1.1,1.6,3885.15,0.05,16625,-1050,23,17553795.0,23,F1,175,,,,,
2026-02-18,2026-02-18,FO,NSE,STO,164616,,TVSMOTOR,,2026-02-24,2026-02-24,3960.0,CE,TVSMOTOR26FEB3960CE,25.35,27.75,12.7,14.35,14.4,23.0,3885.15,14.35,28700,2450,320,222768376.25,299,F1,175,,,,,
2026-02-18,2026-02-18,FO,NSE,STO,164614,,TVSMOTOR,,2026-02-24,2026-02-24,3940.0,CE,TVSMOTOR26FEB3940CE,30.7,35.0,16.65,19.45,19.1,28.35,3885.15,19.45,51625,19950,593,411089192.5,444,F1,175,,,,,
2026-02-18,2026-02-18,FO,NSE,STO,164604,,TVSMOTOR,,2026-02-24,2026-02-24,3820.0,CE,TVSMOTOR26FEB3820CE,90.55,93.75,67.4,77.75,77.2,86.2,3885.15,77.75,18375,-700,42,28659242.5,41,F1,175,,,,,
2026-02-18,2026-02-18,FO,NSE,STF,59497,,TVSMOTOR,,2026-02-24,2026-02-24,,,TVSMOTOR26FEBFUT,3890.0,3899.0,3860.0,3882.4,3884.4,3880.6,3885.15,3882.4,7978775,-162575,3408,2312167165.0,2594,F1,175,,,,,
2026-02-18,2026-02-18,FO,NSE,STO,171381,,TVSMOTOR,,2026-04-28,2026-04-28,4040.0,PE,TVSMOTOR26APR4040PE,0.0,0.0,0.0,481.15,0.0,481.15,3885.15,230.3,0,0,0,0.0,0,F1,175,,,,,
2026-02-18,2026-02-18,FO,NSE,STO,171369,,TVSMOTOR,,2026-04-28,2026-04-28,3800.0,PE,TVSMOTOR26APR3800PE,0.0,0.0,0.0,308.65,0.0,308.65,3885.15,107.95,0,0,0,0.0,0,F1,175,,,,,
2026-02-18,2026-02-18,FO,NSE,STO,171353,,TVSMOTOR,,2026-04-28,2026-04-28,3480.0,PE,TVSMOTOR26APR3480PE,0.0,0.0,0.0,138.55,0.0,138.55,3885.15,25.25,0,0,0,0.0,0,F1,175,,,,,
2026-02-18,2026-02-18,FO,NSE,STO,164757,,TVSMOTOR,,2026-03-30,2026-03-30,4080.0,PE,TVSMOTOR26MAR4080PE,0.0,0.0,0.0,466.5,0.0,466.5,3885.15,231.35,0,0,0,0.0,0,F1,175,,,,,
2026-02-18,2026-02-18,FO,NSE,STO,171273,,TVSMOTOR,,2026-03-30,2026-03-30,3900.0,PE,TVSMOTOR26MAR3900PE,122.0,131.0,118.15,118.3,118.3,124.65,3885.15,118.3,31325,2275,32,22525868.75,31,F1,175,,,,,
2026-02-18,2026-02-18,FO,NSE,STO,171265,,TVSMOTOR,,2026-03-30,2026-03-30,3740.0,PE,TVSMOTOR26MAR3740PE,59.55,64.1,59.55,64.1,64.1,60.75,3885.15,57.1,6300,-350,3,1995691.25,3,F1,175,,,,,
2026-02-18,2026-02-18,FO,NSE,STO,164739,,TVSMOTOR,,2026-03-30,2026-03-30,3720.0,PE,TVSMOTOR26MAR3720PE,0.0,0.0,0.0,228.2,0.0,228.2,3885.15,51.2,0,0,0,0.0,0,F1,175,,,,,
2026-02-18,2026-02-18,FO,NSE,STO,164733,,TVSMOTOR,,2026-03-30,2026-03-30,3600.0,PE,TVSMOTOR26MAR3600PE,28.0,29.5,25.75,25.95,25.75,29.75,3885.15,25.95,20300,-525,27,17139430.0,22,F1,175,,,,,
2026-02-18,2026-02-18,FO,NSE,STO,164711,,TVSMOTOR,,2026-03-30,2026-03-30,3160.0,PE,TVSMOTOR26MAR3160PE,0.0,0.0,0.0,36.6,0.0,36.6,3885.15,0.4,0,0,0,0.0,0,F1,175,,,,,
2026-02-18,2026-02-18,FO,NSE,STO,164639,,TVSMOTOR,,2026-02-24,2026-02-24,4240.0,PE,TVSMOTOR26FEB4240PE,0.0,0.0,0.0,588.85,0.0,588.85,3885.15,351.15,0,0,0,0.0,0,F1,175,,,,,
2026-02-18,2026-02-18,FO,NSE,STO,164603,,TVSMOTOR,,2026-02-24,2026-02-24,3780.0,PE,TVSMOTOR26FEB3780PE,14.25,15.5,8.75,9.35,9.1,15.7,3885.15,9.35,15575,2275,116,76978711.25,113,F1,175,,,,,
2026-02-18,2026-02-18,FO,NSE,STO,171280,,TVSMOTOR,,2026-03-30,2026-03-30,4060.0,CE,TVSMOTOR26MAR4060CE,58.0,58.0,57.0,58.0,58.0,38.0,3885.15,66.9,525,525,3,2161775.0,3,F1,175,,,,,
2026-02-18,2026-02-18,FO,NSE,STO,171276,,TVSMOTOR,,2026-03-30,2026-03-30,3980.0,CE,TVSMOTOR26MAR3980CE,0.0,0.0,0.0,100.0,100.0,100.0,3885.15,94.75,350,0,0,0.0,0,F1,175,,,,,
2026-02-18,2026-02-18,FO,NSE,STO,171262,,TVSMOTOR,,2026-03-30,2026-03-30,3700.0,CE,TVSMOTOR26MAR3700CE,245.0,245.0,237.0,238.0,238.0,234.0,3885.15,253.15,18200,0,3,2068500.0,3,F1,175,,,,,
2026-02-18,2026-02-18,FO,NSE,STO,164736,,TVSMOTOR,,2026-03-30,2026-03-30,3680.0,CE,TVSMOTOR26MAR3680CE,0.0,0.0,0.0,216.1,0.0,216.1,3885.15,268.0,0,0,0,0.0,0,F1,175,,,,,
2026-02-18,2026-02-18,FO,NSE,STO,164734,,TVSMOTOR,,2026-03-30,2026-03-30,3640.0,CE,TVSMOTOR26MAR3640CE,0.0,0.0,0.0,211.0,211.0,211.0,3885.15,298.95,175,0,0,0.0,0,F1,175,,,,,
2026-02-18,2026-02-18,FO,NSE,STO,164708,,TVSMOTOR,,2026-03-30,2026-03-30,3120.0,CE,TVSMOTOR26MAR3120CE,0.0,0.0,0.0,591.45,0.0,591.45,3885.15,784.15,0,0,0,0.0,0,F1,175,,,,,
2026-02-18,2026-02-18,FO,NSE,STO,164638,,TVSMOTOR,,2026-02-24,2026-02-24,4240.0,CE,TVSMOTOR26FEB4240CE,1.9,1.9,1.25,1.5,1.5,1.8,3885.15,1.5,3150,525,17,12618558.75,17,F1,175,,,,,
2026-02-18,2026-02-18,FO,NSE,STO,164618,,TVSMOTOR,,2026-02-24,2026-02-24,3980.0,CE,TVSMOTOR26FEB3980CE,21.75,22.45,9.4,10.8,11.0,18.15,3885.15,10.8,23800,4200,186,129957765.0,186,F1,175,,,,,
2026-02-18,2026-02-18,FO,NSE,STO,164606,,TVSMOTOR,,2026-02-24,2026-02-24,3840.0,CE,TVSMOTOR26FEB3840CE,83.8,85.0,54.5,64.25,64.05,73.0,3885.15,64.25,33950,-5425,250,170893231.25,234,F1,175,,,,,
2026-02-18,2026-02-18,FO,NSE,STO,146853,,TVSMOTOR,,2026-02-24,2026-02-24,3500.0,CE,TVSMOTOR26FEB3500CE,0.0,0.0,0.0,387.75,387.75,387.75,3885.15,388.35,17325,0,0,0.0,0,F1,175,,,,,
2026-02-18,2026-02-18,FO,NSE,STO,164576,,TVSMOTOR,,2026-02-24,2026-02-24,3460.0,CE,TVSMOTOR26FEB3460CE,0.0,0.0,0.0,421.0,421.0,421.0,3885.15,428.3,2625,0,0,0.0,0,F1,175,,,,,
2026-02-18,2026-02-18,FO,NSE,STO,164649,,TVSMOTOR,,2026-02-24,2026-02-24,4360.0,PE,TVSMOTOR26FEB4360PE,0.0,0.0,0.0,698.65,0.0,698.65,3885.15,470.9,0,0,0,0.0,0,F1,175,,,,,
2026-02-18,2026-02-18,FO,NSE,STO,164643,,TVSMOTOR,,2026-02-24,2026-02-24,4280.0,PE,TVSMOTOR26FEB4280PE,0.0,0.0,0.0,624.95,0.0,624.95,3885.15,391.0,0,0,0,0.0,0,F1,175,,,,,
2026-02-18,2026-02-18,FO,NSE,STO,147212,,TVSMOTOR,,2026-02-24,2026-02-24,4200.0,PE,TVSMOTOR26FEB4200PE,310.0,323.0,310.0,322.0,322.0,318.7,3885.15,311.35,8225,-350,3,2372125.0,3,F1,175,,,,,
2026-02-18,2026-02-18,FO,NSE,STO,164611,,TVSMOTOR,,2026-02-24,2026-02-24,3880.0,PE,TVSMOTOR26FEB3880PE,52.0,56.4,38.05,40.25,40.3,51.1,3885.15,40.25,27650,0,491,337418130.0,427,F1,175,,,,,
2026-02-18,2026-02-18,FO,NSE,STO,147018,,TVSMOTOR,,2026-02-24,2026-02-24,3800.0,PE,TVSMOTOR26FEB3800PE,18.05,21.1,11.8,12.35,12.0,20.4,3885.15,12.35,84700,-1400,1092,729294413.75,847,F1,175,,,,,
2026-02-18,2026-02-18,FO,NSE,STO,164585,,TVSMOTOR,,2026-02-24,2026-02-24,3560.0,PE,TVSMOTOR26FEB3560PE,1.65,1.65,1.45,1.45,1.45,2.4,3885.15,0.1,23275,175,3,1869822.5,3,F1,175,,,,,
2026-02-18,2026-02-18,FO,NSE,STO,146850,,TVSMOTOR,,2026-02-24,2026-02-24,3300.0,PE,TVSMOTOR26FEB3300PE,0.5,0.55,0.5,0.55,0.55,0.75,3885.15,0.05,11725,-1050,11,6353523.75,5,F1,175,,,,,
2026-02-18,2026-02-18,FO,NSE,STO,164547,,TVSMOTOR,,2026-02-24,2026-02-24,3080.0,PE,TVSMOTOR26FEB3080PE,0.0,0.0,0.0,0.45,0.45,0.45,3885.15,0.05,4200,0,0,0.0,0,F1,175,,,,,
2026-02-18,2026-02-18,FO,NSE,STO,171360,,TVSMOTOR,,2026-04-28,2026-04-28,3640.0,CE,TVSMOTOR26APR3640CE,0.0,0.0,0.0,197.9,0.0,197.9,3885.15,339.0,0,0,0,0.0,0,F1,175,,,,,
2026-02-18,2026-02-18,FO,NSE,STO,164633,,TVSMOTOR,,2026-02-24,2026-02-24,4160.0,PE,TVSMOTOR26FEB4160PE,0.0,0.0,0.0,518.25,0.0,518.25,3885.15,271.8,0,0,0,0.0,0,F1,175,,,,,
2026-02-18,2026-02-18,FO,NSE,STO,164587,,TVSMOTOR,,2026-02-24,2026-02-24,3580.0,PE,TVSMOTOR26FEB3580PE,0.0,0.0,0.0,3.45,3.45,3.45,3885.15,0.15,33600,0,0,0.0,0,F1,175,,,,,
2026-02-18,2026-02-18,FO,NSE,STO,164581,,TVSMOTOR,,2026-02-24,2026-02-24,3520.0,PE,TVSMOTOR26FEB3520PE,0.0,0.0,0.0,2.65,2.65,2.65,3885.15,0.05,9975,0,0,0.0,0,F1,175,,,,,
2026-02-18,2026-02-18,FO,NSE,STO,164575,,TVSMOTOR,,2026-02-24,2026-02-24,3440.0,PE,TVSMOTOR26FEB3440PE,0.0,0.0,0.0,2.2,2.25,2.2,3885.15,0.05,9275,0,0,0.0,0,F1,175,,,,,
2026-02-18,2026-02-18,FO,NSE,STO,164567,,TVSMOTOR,,2026-02-24,2026-02-24,3340.0,PE,TVSMOTOR26FEB3340PE,1.0,1.0,0.8,0.8,0.8,0.85,3885.15,0.05,2275,-700,6,3507927.5,5,F1,175,,,,,
2026-02-18,2026-02-18,FO,NSE,STO,171368,,TVSMOTOR,,2026-04-28,2026-04-28,3800.0,CE,TVSMOTOR26APR3800CE,0.0,0.0,0.0,134.85,0.0,134.85,3885.15,232.45,0,0,0,0.0,0,F1,175,,,,,
2026-02-18,2026-02-18,FO,NSE,STO,164754,,TVSMOTOR,,2026-03-30,2026-03-30,4040.0,CE,TVSMOTOR26MAR4040CE,0.0,0.0,0.0,90.65,0.0,90.65,3885.15,73.2,0,0,0,0.0,0,F1,175,,,,,
2026-02-18,2026-02-18,FO,NSE,STO,171278,,TVSMOTOR,,2026-03-30,2026-03-30,4020.0,CE,TVSMOTOR26MAR4020CE,0.0,0.0,0.0,44.2,0.0,44.2,3885.15,79.9,0,0,0,0.0,0,F1,175,,,,,
2026-02-18,2026-02-18,FO,NSE,STO,164730,,TVSMOTOR,,2026-03-30,2026-03-30,3560.0,CE,TVSMOTOR26MAR3560CE,0.0,0.0,0.0,277.9,0.0,277.9,3885.15,365.25,0,0,0,0.0,0,F1,175,,,,,
2026-02-18,2026-02-18,FO,NSE,STO,164726,,TVSMOTOR,,2026-03-30,2026-03-30,3480.0,CE,TVSMOTOR26MAR3480CE,0.0,0.0,0.0,325.05,0.0,325.05,3885.15,436.3,0,0,0,0.0,0,F1,175,,,,,
2026-02-18,2026-02-18,FO,NSE,STO,147057,,TVSMOTOR,,2026-02-24,2026-02-24,4100.0,CE,TVSMOTOR26FEB4100CE,5.35,5.8,2.15,2.5,2.6,4.9,3885.15,2.5,42175,-12250,318,228359565.0,241,F1,175,,,,,
2026-02-18,2026-02-18,FO,NSE,STO,164622,,TVSMOTOR,,2026-02-24,2026-02-24,4040.0,CE,TVSMOTOR26FEB4040CE,9.85,10.8,3.85,4.4,4.55,8.6,3885.15,4.4,85050,-9625,242,171330022.5,193,F1,175,,,,,
2026-02-18,2026-02-18,FO,NSE,STO,164608,,TVSMOTOR,,2026-02-24,2026-02-24,3860.0,CE,TVSMOTOR26FEB3860CE,62.8,71.95,44.4,51.6,52.45,61.95,3885.15,51.6,31850,-14350,564,386332773.75,451,F1,175,,,,,
2026-02-18,2026-02-18,FO,NSE,STO,164570,,TVSMOTOR,,2026-02-24,2026-02-24,3380.0,CE,TVSMOTOR26FEB3380CE,0.0,0.0,0.0,486.0,486.0,486.0,3885.15,508.2,1050,0,0,0.0,0,F1,175,,,,,
2026-02-18,2026-02-18,FO,NSE,STF,67033,,TVSMOTOR,,2026-04-28,2026-04-28,,,TVSMOTOR26APRFUT,3917.3,3918.0,3894.0,3911.1,3911.1,3911.6,3885.15,3911.1,19950,875,14,9570207.5,14,F1,175,,,,,
2026-02-18,2026-02-18,FO,NSE,STO,171397,,TVSMOTOR,,2026-04-28,2026-04-28,4400.0,PE,TVSMOTOR26APR4400PE,0.0,0.0,0.0,788.2,0.0,788.2,3885.15,501.35,0,0,0,0.0,0,F1,175,,,,,
2026-02-18,2026-02-18,FO,NSE,STO,171383,,TVSMOTOR,,2026-04-28,2026-04-28,4080.0,PE,TVSMOTOR26APR4080PE,0.0,0.0,0.0,512.85,0.0,512.85,3885.15,255.8,0,0,0,0.0,0,F1,175,,,,,
2026-02-18,2026-02-18,FO,NSE,STO,171261,,TVSMOTOR,,2026-03-30,2026-03-30,3660.0,PE,TVSMOTOR26MAR3660PE,0.0,0.0,0.0,199.1,0.0,199.1,3885.15,36.15,0,0,0,0.0,0,F1,175,,,,,
2026-02-18,2026-02-18,FO,NSE,STO,171259,,TVSMOTOR,,2026-03-30,2026-03-30,3620.0,PE,TVSMOTOR26MAR3620PE,0.0,0.0,0.0,177.15,0.0,177.15,3885.15,28.1,0,0,0,0.0,0,F1,175,,,,,
2026-02-18,2026-02-18,FO,NSE,STO,171257,,TVSMOTOR,,2026-03-30,2026-03-30,3580.0,PE,TVSMOTOR26MAR3580PE,0.0,0.0,0.0,156.65,0.0,156.65,3885.15,21.5,0,0,0,0.0,0,F1,175,,,,,
2026-02-18,2026-02-18,FO,NSE,STO,164731,,TVSMOTOR,,2026-03-30,2026-03-30,3560.0,PE,TVSMOTOR26MAR3560PE,23.75,23.75,23.75,23.75,23.75,26.5,3885.15,18.7,1400,175,1,627156.25,1,F1,175,,,,,
2026-02-18,2026-02-18,FO,NSE,STO,164725,,TVSMOTOR,,2026-03-30,2026-03-30,3440.0,PE,TVSMOTOR26MAR3440PE,0.0,0.0,0.0,35.6,35.6,35.6,3885.15,7.35,1575,0,0,0.0,0,F1,175,,,,,
2026-02-18,2026-02-18,FO,NSE,STO,164627,,TVSMOTOR,,2026-02-24,2026-02-24,4080.0,PE,TVSMOTOR26FEB4080PE,0.0,0.0,0.0,450.4,0.0,450.4,3885.15,194.6,0,0,0,0.0,0,F1,175,,,,,
2026-02-18,2026-02-18,FO,NSE,STO,164621,,TVSMOTOR,,2026-02-24,2026-02-24,4020.0,PE,TVSMOTOR26FEB4020PE,0.0,0.0,0.0,401.65,0.0,401.65,3885.15,140.55,0,0,0,0.0,0,F1,175,,,,,
2026-02-18,2026-02-18,FO,NSE,STO,146934,,TVSMOTOR,,2026-02-24,2026-02-24,3700.0,PE,TVSMOTOR26FEB3700PE,4.9,5.6,2.45,3.2,3.4,5.85,3885.15,3.2,94850,-19075,783,507520422.5,440,F1,175,,,,,
2026-02-18,2026-02-18,FO,NSE,STO,164549,,TVSMOTOR,,2026-02-24,2026-02-24,3120.0,PE,TVSMOTOR26FEB3120PE,0.0,0.0,0.0,14.1,0.0,14.1,3885.15,0.05,0,0,0,0.0,0,F1,175,,,,,
2026-02-18,2026-02-18,FO,NSE,STO,171390,,TVSMOTOR,,2026-04-28,2026-04-28,4240.0,CE,TVSMOTOR26APR4240CE,0.0,0.0,0.0,39.25,0.0,39.25,3885.15,59.3,0,0,0,0.0,0,F1,175,,,,,
2026-02-18,2026-02-18,FO,NSE,STO,171356,,TVSMOTOR,,2026-04-28,2026-04-28,3560.0,CE,TVSMOTOR26APR3560CE,0.0,0.0,0.0,236.45,0.0,236.45,3885.15,400.4,0,0,0,0.0,0,F1,175,,,,,
2026-02-18,2026-02-18,FO,NSE,STO,164756,,TVSMOTOR,,2026-03-30,2026-03-30,4080.0,CE,TVSMOTOR26MAR4080CE,0.0,0.0,0.0,81.5,0.0,81.5,3885.15,61.05,0,0,0,0.0,0,F1,175,,,,,
2026-02-18,2026-02-18,FO,NSE,STO,164752,,TVSMOTOR,,2026-03-30,2026-03-30,4000.0,CE,TVSMOTOR26MAR4000CE,85.0,88.3,70.6,77.8,79.05,82.25,3885.15,77.8,41300,6825,152,108441847.5,122,F1,175,,,,,
2026-02-18,2026-02-18,FO,NSE,STO,171266,,TVSMOTOR,,2026-03-30,2026-03-30,3780.0,CE,TVSMOTOR26MAR3780CE,180.1,190.0,180.1,190.0,190.0,185.0,3885.15,198.15,350,0,2,1387767.5,2,F1,175,,,,,
2026-02-18,2026-02-18,FO,NSE,STO,171260,,TVSMOTOR,,2026-03-30,2026-03-30,3660.0,CE,TVSMOTOR26MAR3660CE,0.0,0.0,0.0,145.4,0.0,145.4,3885.15,283.3,0,0,0,0.0,0,F1,175,,,,,
2026-02-18,2026-02-18,FO,NSE,STO,164732,,TVSMOTOR,,2026-03-30,2026-03-30,3600.0,CE,TVSMOTOR26MAR3600CE,320.0,323.0,310.0,317.25,317.25,285.0,3885.15,331.45,24850,3150,18,12338418.75,18,F1,175,,,,,
2026-02-18,2026-02-18,FO,NSE,STO,164722,,TVSMOTOR,,2026-03-30,2026-03-30,3400.0,CE,TVSMOTOR26MAR3400CE,0.0,0.0,0.0,505.0,505.0,505.0,3885.15,510.75,4375,0,0,0.0,0,F1,175,,,,,
2026-02-18,2026-02-18,FO,NSE,STO,164642,,TVSMOTOR,,2026-02-24,2026-02-24,4280.0,CE,TVSMOTOR26FEB4280CE,1.35,1.4,1.1,1.15,1.15,1.8,3885.15,0.05,20475,0,29,21727553.75,19,F1,175,,,,,
2026-02-18,2026-02-18,FO,NSE,STO,164566,,TVSMOTOR,,2026-02-24,2026-02-24,3340.0,CE,TVSMOTOR26FEB3340CE,0.0,0.0,0.0,260.95,260.95,260.95,3885.15,548.15,525,0,0,0.0,0,F1,175,,,,,
2026-02-18,2026-02-18,FO,NSE,STO,164552,,TVSMOTOR,,2026-02-24,2026-02-24,3160.0,CE,TVSMOTOR26FEB3160CE,0.0,0.0,0.0,448.0,448.0,448.0,3885.15,728.0,1925,0,0,0.0,0,F1,175,,,,,
2026-02-18,2026-02-18,FO,NSE,STO,171361,,TVSMOTOR,,2026-04-28,2026-04-28,3640.0,PE,TVSMOTOR26APR3640PE,0.0,0.0,0.0,214.15,0.0,214.15,3885.15,56.2,0,0,0,0.0,0,F1,175,,,,,
2026-02-18,2026-02-18,FO,NSE,STO,171375,,TVSMOTOR,,2026-04-28,2026-04-28,3920.0,PE,TVSMOTOR26APR3920PE,0.0,0.0,0.0,390.7,0.0,390.7,3885.15,162.4,0,0,0,0.0,0,F1,175,,,,,
2026-02-18,2026-02-18,FO,NSE,STF,52062,,TVSMOTOR,,2026-03-30,2026-03-30,,,TVSMOTOR26MARFUT,3900.1,3912.7,3874.2,3900.0,3895.5,3895.8,3885.15,3900.0,498925,295225,2416,1645932207.5,1675,F1,175,,,,,
2026-02-18,2026-02-18,FO,NSE,STO,164588,,TVSMOTOR,,2026-02-24,2026-02-24,3620.0,CE,TVSMOTOR26FEB3620CE,0.0,0.0,0.0,234.05,234.05,234.05,3885.15,268.9,22575,0,0,0.0,0,F1,175,,,,,
2026-02-18,2026-02-18,FO,NSE,STO,164592,,TVSMOTOR,,2026-02-24,2026-02-24,3660.0,CE,TVSMOTOR26FEB3660CE,0.0,0.0,0.0,178.3,178.3,178.3,3885.15,229.7,81025,0,0,0.0,0,F1,175,,,,,
2026-02-18,2026-02-18,FO,NSE,STO,164596,,TVSMOTOR,,2026-02-24,2026-02-24,3720.0,CE,TVSMOTOR26FEB3720CE,168.25,168.25,168.25,168.25,168.25,166.8,3885.15,168.25,13825,-175,1,680443.75,1,F1,175,,,,,
2026-02-18,2026-02-18,FO,NSE,STO,164610,,TVSMOTOR,,2026-02-24,2026-02-24,3880.0,CE,TVSMOTOR26FEB3880CE,52.05,61.25,35.1,41.45,41.35,52.0,3885.15,41.45,71225,1400,1676,1151155223.75,1358,F1,175,,,,,
2026-02-18,2026-02-18,FO,NSE,STO,147021,,TVSMOTOR,,2026-02-24,2026-02-24,4000.0,CE,TVSMOTOR26FEB4000CE,16.05,17.6,7.0,8.0,8.0,14.2,3885.15,8.0,230650,-3675,1623,1139072200.0,1127,F1,175,,,,,
2026-02-18,2026-02-18,FO,NSE,STO,164745,,TVSMOTOR,,2026-03-30,2026-03-30,3840.0,PE,TVSMOTOR26MAR3840PE,0.0,0.0,0.0,298.45,0.0,298.45,3885.15,93.65,0,0,0,0.0,0,F1,175,,,,,
2026-02-18,2026-02-18,FO,NSE,STO,171267,,TVSMOTOR,,2026-03-30,2026-03-30,3780.0,PE,TVSMOTOR26MAR3780PE,0.0,0.0,0.0,107.25,107.25,107.25,3885.15,70.25,175,0,0,0.0,0,F1,175,,,,,
2026-02-18,2026-02-18,FO,NSE,STO,171263,,TVSMOTOR,,2026-03-30,2026-03-30,3700.0,PE,TVSMOTOR26MAR3700PE,50.0,50.65,44.4,45.8,44.4,49.9,3885.15,45.8,22225,-5775,77,50506802.5,51,F1,175,,,,,
2026-02-18,2026-02-18,FO,NSE,STO,164727,,TVSMOTOR,,2026-03-30,2026-03-30,3480.0,PE,TVSMOTOR26MAR3480PE,0.0,0.0,0.0,118.9,0.0,118.9,3885.15,10.25,0,0,0,0.0,0,F1,175,,,,,
2026-02-18,2026-02-18,FO,NSE,STO,164719,,TVSMOTOR,,2026-03-30,2026-03-30,3320.0,PE,TVSMOTOR26MAR3320PE,0.0,0.0,0.0,39.5,39.5,39.5,3885.15,2.4,525,0,0,0.0,0,F1,175,,,,,
2026-02-18,2026-02-18,FO,NSE,STO,164717,,TVSMOTOR,,2026-03-30,2026-03-30,3280.0,PE,TVSMOTOR26MAR3280PE,0.0,0.0,0.0,26.05,26.05,26.05,3885.15,1.6,350,0,0,0.0,0,F1,175,,,,,
2026-02-18,2026-02-18,FO,NSE,STO,164559,,TVSMOTOR,,2026-02-24,2026-02-24,3240.0,PE,TVSMOTOR26FEB3240PE,0.0,0.0,0.0,0.6,0.6,0.6,3885.15,0.05,350,0,0,0.0,0,F1,175,,,,,
2026-02-18,2026-02-18,FO,NSE,STO,171396,,TVSMOTOR,,2026-04-28,2026-04-28,4400.0,CE,TVSMOTOR26APR4400CE,0.0,0.0,0.0,23.6,0.0,23.6,3885.15,32.0,0,0,0,0.0,0,F1,175,,,,,
2026-02-18,2026-02-18,FO,NSE,STO,171384,,TVSMOTOR,,2026-04-28,2026-04-28,4120.0,CE,TVSMOTOR26APR4120CE,0.0,0.0,0.0,56.35,0.0,56.35,3885.15,90.35,0,0,0,0.0,0,F1,175,,,,,
2026-02-18,2026-02-18,FO,NSE,STO,171376,,TVSMOTOR,,2026-04-28,2026-04-28,3960.0,CE,TVSMOTOR26APR3960CE,0.0,0.0,0.0,88.8,0.0,88.8,3885.15,149.65,0,0,0,0.0,0,F1,175,,,,,
2026-02-18,2026-02-18,FO,NSE,STO,171372,,TVSMOTOR,,2026-04-28,2026-04-28,3880.0,CE,TVSMOTOR26APR3880CE,0.0,0.0,0.0,109.8,0.0,109.8,3885.15,188.0,0,0,0,0.0,0,F1,175,,,,,
2026-02-18,2026-02-18,FO,NSE,STO,171348,,TVSMOTOR,,2026-04-28,2026-04-28,3400.0,CE,TVSMOTOR26APR3400CE,0.0,0.0,0.0,328.15,0.0,328.15,3885.15,536.2,0,0,0,0.0,0,F1,175,,,,,
2026-02-18,2026-02-18,FO,NSE,STO,164761,,TVSMOTOR,,2026-03-30,2026-03-30,4160.0,PE,TVSMOTOR26MAR4160PE,0.0,0.0,0.0,529.1,0.0,529.1,3885.15,291.3,0,0,0,0.0,0,F1,175,,,,,
2026-02-18,2026-02-18,FO,NSE,STO,171349,,TVSMOTOR,,2026-04-28,2026-04-28,3400.0,PE,TVSMOTOR26APR3400PE,0.0,0.0,0.0,108.1,0.0,108.1,3885.15,15.85,0,0,0,0.0,0,F1,175,,,,,
2026-02-18,2026-02-18,FO,NSE,STO,171363,,TVSMOTOR,,2026-04-28,2026-04-28,3680.0,PE,TVSMOTOR26APR3680PE,0.0,0.0,0.0,236.05,0.0,236.05,3885.15,67.05,0,0,0,0.0,0,F1,175,,,,,
2026-02-18,2026-02-18,FO,NSE,STO,171246,,TVSMOTOR,,2026-03-30,2026-03-30,3380.0,CE,TVSMOTOR26MAR3380CE,0.0,0.0,0.0,299.55,0.0,299.55,3885.15,529.8,0,0,0,0.0,0,F1,175,,,,,
2026-02-18,2026-02-18,FO,NSE,STO,164626,,TVSMOTOR,,2026-02-24,2026-02-24,4080.0,CE,TVSMOTOR26FEB4080CE,5.6,5.75,2.4,2.6,2.6,5.45,3885.15,3.45,15050,-4900,39,27870491.25,38,F1,175,,,,,
2026-02-18,2026-02-18,FO,NSE,STO,147019,,TVSMOTOR,,2026-02-24,2026-02-24,3900.0,CE,TVSMOTOR26FEB3900CE,45.3,51.0,27.85,32.6,32.35,42.6,3885.15,32.6,212975,3150,3310,2280521346.25,2744,F1,175,,,,,
2026-02-18,2026-02-18,FO,NSE,STO,164598,,TVSMOTOR,,2026-02-24,2026-02-24,3740.0,CE,TVSMOTOR26FEB3740CE,139.45,139.45,139.45,139.45,139.45,147.95,3885.15,154.75,16100,0,1,678903.75,1,F1,175,,,,,
2026-02-18,2026-02-18,FO,NSE,STO,164580,,TVSMOTOR,,2026-02-24,2026-02-24,3520.0,CE,TVSMOTOR26FEB3520CE,0.0,0.0,0.0,268.95,268.95,268.95,3885.15,368.35,12250,0,0,0.0,0,F1,175,,,,,
2026-02-18,2026-02-18,FO,NSE,STO,146851,,TVSMOTOR,,2026-02-24,2026-02-24,3400.0,CE,TVSMOTOR26FEB3400CE,474.15,474.15,472.8,472.8,472.8,450.0,3885.15,488.2,17150,-350,2,1355716.25,2,F1,175,,,,,
2026-02-18,2026-02-18,FO,NSE,STO,171256,,TVSMOTOR,,2026-03-30,2026-03-30,3580.0,CE,TVSMOTOR26MAR3580CE,0.0,0.0,0.0,182.05,0.0,182.05,3885.15,348.2,0,0,0,0.0,0,F1,175,,,,,
2026-02-18,2026-02-18,FO,NSE,STO,164755,,TVSMOTOR,,2026-03-30,2026-03-30,4040.0,PE,TVSMOTOR26MAR4040PE,0.0,0.0,0.0,436.2,0.0,436.2,3885.15,203.75,0,0,0,0.0,0,F1,175,,,,,
2026-02-18,2026-02-18,FO,NSE,STO,171279,,TVSMOTOR,,2026-03-30,2026-03-30,4020.0,PE,TVSMOTOR26MAR4020PE,0.0,0.0,0.0,454.15,0.0,454.15,3885.15,190.6,0,0,0,0.0,0,F1,175,,,,,
2026-02-18,2026-02-18,FO,NSE,STO,164743,,TVSMOTOR,,2026-03-30,2026-03-30,3800.0,PE,TVSMOTOR26MAR3800PE,76.0,84.0,73.0,74.35,74.0,80.55,3885.15,74.35,25900,4550,70,47494518.75,59,F1,175,,,,,
2026-02-18,2026-02-18,FO,NSE,STO,164629,,TVSMOTOR,,2026-02-24,2026-02-24,4120.0,PE,TVSMOTOR26FEB4120PE,0.0,0.0,0.0,483.95,0.0,483.95,3885.15,232.75,0,0,0,0.0,0,F1,175,,,,,
2026-02-18,2026-02-18,FO,NSE,STO,164765,,TVSMOTOR,,2026-03-30,2026-03-30,4240.0,PE,TVSMOTOR26MAR4240PE,0.0,0.0,0.0,594.65,0.0,594.65,3885.15,356.7,0,0,0,0.0,0,F1,175,,,,,
2026-02-18,2026-02-18,FO,NSE,STO,147020,,TVSMOTOR,,2026-02-24,2026-02-24,3900.0,PE,TVSMOTOR26FEB3900PE,60.65,68.8,49.8,50.55,51.15,62.05,3885.15,50.55,42175,-350,227,157253547.5,211,F1,175,,,,,
2026-02-18,2026-02-18,FO,NSE,STO,164607,,TVSMOTOR,,2026-02-24,2026-02-24,3840.0,PE,TVSMOTOR26FEB3840PE,29.95,35.75,22.1,23.25,23.55,33.3,3885.15,23.25,35175,5600,631,427187608.75,552,F1,175,,,,,
2026-02-18,2026-02-18,FO,NSE,STO,164591,,TVSMOTOR,,2026-02-24,2026-02-24,3640.0,PE,TVSMOTOR26FEB3640PE,3.3,3.4,1.8,1.9,1.9,3.6,3885.15,1.9,9450,-16450,192,122396408.75,104,F1,175,,,,,
2026-02-18,2026-02-18,FO,NSE,STO,164589,,TVSMOTOR,,2026-02-24,2026-02-24,3620.0,PE,TVSMOTOR26FEB3620PE,2.65,2.7,2.25,2.25,2.25,3.25,3885.15,0.45,7875,-1400,11,6973137.5,11,F1,175,,,,,
2026-02-18,2026-02-18,FO,NSE,STO,146852,,TVSMOTOR,,2026-02-24,2026-02-24,3400.0,PE,TVSMOTOR26FEB3400PE,1.5,1.5,0.8,1.0,1.0,1.5,3885.15,1.0,24850,-3675,24,14284173.75,12,F1,175,,,,,
2026-02-18,2026-02-18,FO,NSE,STO,171264,,TVSMOTOR,,2026-03-30,2026-03-30,3740.0,CE,TVSMOTOR26MAR3740CE,0.0,0.0,0.0,114.4,0.0,114.4,3885.15,224.7,0,0,0,0.0,0,F1,175,,,,,
2026-02-18,2026-02-18,FO,NSE,STO,164728,,TVSMOTOR,,2026-03-30,2026-03-30,3520.0,CE,TVSMOTOR26MAR3520CE,0.0,0.0,0.0,200.0,200.0,200.0,3885.15,400.25,1050,0,0,0.0,0,F1,175,,,,,
2026-02-18,2026-02-18,FO,NSE,STO,164623,,TVSMOTOR,,2026-02-24,2026-02-24,4040.0,PE,TVSMOTOR26FEB4040PE,0.0,0.0,0.0,417.7,0.0,417.7,3885.15,158.0,0,0,0,0.0,0,F1,175,,,,,
2026-02-18,2026-02-18,FO,NSE,STO,164619,,TVSMOTOR,,2026-02-24,2026-02-24,3980.0,PE,TVSMOTOR26FEB3980PE,0.0,0.0,0.0,141.8,141.8,141.8,3885.15,107.85,350,0,0,0.0,0,F1,175,,,,,
2026-02-18,2026-02-18,FO,NSE,STO,164595,,TVSMOTOR,,2026-02-24,2026-02-24,3680.0,PE,TVSMOTOR26FEB3680PE,4.65,4.65,2.35,2.55,2.5,4.7,3885.15,2.55,87675,-2100,157,101206210.0,134,F1,175,,,,,
2026-02-18,2026-02-18,FO,NSE,STO,146798,,TVSMOTOR,,2026-02-24,2026-02-24,3200.0,PE,TVSMOTOR26FEB3200PE,0.45,0.6,0.45,0.55,0.55,1.05,3885.15,0.05,54950,-525,3,1680280.0,3,F1,175,,,,,
2026-02-18,2026-02-18,FO,NSE,STO,146752,,TVSMOTOR,,2026-02-24,2026-02-24,3000.0,PE,TVSMOTOR26FEB3000PE,0.3,0.3,0.3,0.3,0.3,0.35,3885.15,0.05,26600,-3500,29,15226522.5,14,F1,175,,,,,
2026-02-18,2026-02-18,FO,NSE,STO,171386,,TVSMOTOR,,2026-04-28,2026-04-28,4160.0,CE,TVSMOTOR26APR4160CE,0.0,0.0,0.0,50.05,0.0,50.05,3885.15,78.85,0,0,0,0.0,0,F1,175,,,,,
2026-02-18,2026-02-18,FO,NSE,STO,164770,,TVSMOTOR,,2026-03-30,2026-03-30,4360.0,CE,TVSMOTOR26MAR4360CE,14.2,15.3,12.0,13.15,13.4,14.1,3885.15,13.15,16450,9450,74,56633972.5,65,F1,175,,,,,
2026-02-18,2026-02-18,FO,NSE,STO,164762,,TVSMOTOR,,2026-03-30,2026-03-30,4200.0,CE,TVSMOTOR26MAR4200CE,32.0,32.7,26.95,29.2,29.75,33.2,3885.15,29.2,19075,-4025,83,61440828.75,72,F1,175,,,,,
2026-02-18,2026-02-18,FO,NSE,STO,171248,,TVSMOTOR,,2026-03-30,2026-03-30,3420.0,CE,TVSMOTOR26MAR3420CE,0.0,0.0,0.0,273.15,0.0,273.15,3885.15,491.9,0,0,0,0.0,0,F1,175,,,,,
2026-02-18,2026-02-18,FO,NSE,STO,164720,,TVSMOTOR,,2026-03-30,2026-03-30,3360.0,CE,TVSMOTOR26MAR3360CE,0.0,0.0,0.0,404.6,0.0,404.6,3885.15,548.9,0,0,0,0.0,0,F1,175,,,,,
2026-02-18,2026-02-18,FO,NSE,STO,164624,,TVSMOTOR,,2026-02-24,2026-02-24,4060.0,CE,TVSMOTOR26FEB4060CE,8.05,8.05,3.0,3.45,3.5,7.4,3885.15,3.45,39375,-3500,79,56197610.0,79,F1,175,,,,,
2026-02-18,2026-02-18,FO,NSE,STO,164594,,TVSMOTOR,,2026-02-24,2026-02-24,3680.0,CE,TVSMOTOR26FEB3680CE,0.0,0.0,0.0,153.2,153.2,153.2,3885.15,210.4,23800,0,0,0.0,0,F1,175,,,,,
2026-02-18,2026-02-18,FO,NSE,STO,164586,,TVSMOTOR,,2026-02-24,2026-02-24,3580.0,CE,TVSMOTOR26FEB3580CE,0.0,0.0,0.0,275.0,275.0,275.0,3885.15,308.55,9625,0,0,0.0,0,F1,175,,,,,
2026-02-18,2026-02-18,FO,NSE,STO,164578,,TVSMOTOR,,2026-02-24,2026-02-24,3480.0,CE,TVSMOTOR26FEB3480CE,410.45,410.45,410.45,410.45,410.45,368.45,3885.15,408.3,700,0,3,2042486.25,1,F1,175,,,,,
2026-02-18,2026-02-18,FO,NSE,STO,164564,,TVSMOTOR,,2026-02-24,2026-02-24,3320.0,CE,TVSMOTOR26FEB3320CE,0.0,0.0,0.0,505.5,505.5,505.5,3885.15,568.15,1925,0,0,0.0,0,F1,175,,,,,
2026-02-18,2026-02-18,FO,NSE,STO,146799,,TVSMOTOR,,2026-02-24,2026-02-24,3300.0,CE,TVSMOTOR26FEB3300CE,0.0,0.0,0.0,457.9,457.9,457.9,3885.15,588.15,875,0,0,0.0,0,F1,175,,,,,
2026-02-18,2026-02-18,FO,NSE,STO,146797,,TVSMOTOR,,2026-02-24,2026-02-24,3200.0,CE,TVSMOTOR26FEB3200CE,680.0,680.0,677.0,678.0,678.0,550.0,3885.15,688.05,4550,-175,6,4071900.0,6,F1,175,,,,,
2026-02-18,2026-02-18,FO,NSE,STO,171253,,TVSMOTOR,,2026-03-30,2026-03-30,3500.0,PE,TVSMOTOR26MAR3500PE,16.2,17.05,15.0,15.05,15.0,17.05,3885.15,15.05,20475,-875,35,21534073.75,32,F1,175,,,,,
2026-02-18,2026-02-18,FO,NSE,STO,171395,,TVSMOTOR,,2026-04-28,2026-04-28,4320.0,PE,TVSMOTOR26APR4320PE,0.0,0.0,0.0,716.4,0.0,716.4,3885.15,434.1,0,0,0,0.0,0,F1,175,,,,,
2026-02-18,2026-02-18,FO,NSE,STO,171391,,TVSMOTOR,,2026-04-28,2026-04-28,4240.0,PE,TVSMOTOR26APR4240PE,0.0,0.0,0.0,646.35,0.0,646.35,3885.15,370.3,0,0,0,0.0,0,F1,175,,,,,
2026-02-18,2026-02-18,FO,NSE,STO,164763,,TVSMOTOR,,2026-03-30,2026-03-30,4200.0,PE,TVSMOTOR26MAR4200PE,325.0,335.0,325.0,335.0,335.0,332.0,3885.15,323.4,2100,875,5,3963750.0,5,F1,175,,,,,
2026-02-18,2026-02-18,FO,NSE,STO,147188,,TVSMOTOR,,2026-02-24,2026-02-24,4100.0,PE,TVSMOTOR26FEB4100PE,0.0,0.0,0.0,247.4,247.4,247.4,3885.15,213.55,700,0,0,0.0,0,F1,175,,,,,
2026-02-18,2026-02-18,FO,NSE,STO,164613,,TVSMOTOR,,2026-02-24,2026-02-24,3920.0,PE,TVSMOTOR26FEB3920PE,70.2,73.4,63.5,63.55,63.55,89.5,3885.15,63.55,1925,525,12,8379385.0,12,F1,175,,,,,
2026-02-18,2026-02-18,FO,NSE,STO,164601,,TVSMOTOR,,2026-02-24,2026-02-24,3760.0,PE,TVSMOTOR26FEB3760PE,11.0,12.1,6.5,6.95,7.05,11.95,3885.15,6.95,29400,-3500,157,103553870.0,138,F1,175,,,,,
2026-02-18,2026-02-18,FO,NSE,STO,164593,,TVSMOTOR,,2026-02-24,2026-02-24,3660.0,PE,TVSMOTOR26FEB3660PE,3.45,3.85,2.0,2.2,2.2,4.05,3885.15,2.2,52500,-23450,279,178842930.0,163,F1,175,,,,,
2026-02-18,2026-02-18,FO,NSE,STO,164565,,TVSMOTOR,,2026-02-24,2026-02-24,3320.0,PE,TVSMOTOR26FEB3320PE,0.15,0.75,0.15,0.65,0.65,0.95,3885.15,0.05,3325,-700,12,6973426.25,11,F1,175,,,,,
2026-02-18,2026-02-18,FO,NSE,STO,171370,,TVSMOTOR,,2026-04-28,2026-04-28,3840.0,CE,TVSMOTOR26APR3840CE,0.0,0.0,0.0,121.8,0.0,121.8,3885.15,209.45,0,0,0,0.0,0,F1,175,,,,,
2026-02-18,2026-02-18,FO,NSE,STO,171366,,TVSMOTOR,,2026-04-28,2026-04-28,3760.0,CE,TVSMOTOR26APR3760CE,0.0,0.0,0.0,148.9,0.0,148.9,3885.15,256.9,0,0,0,0.0,0,F1,175,,,,,
2026-02-18,2026-02-18,FO,NSE,STO,171346,,TVSMOTOR,,2026-04-28,2026-04-28,3360.0,CE,TVSMOTOR26APR3360CE,0.0,0.0,0.0,354.1,0.0,354.1,3885.15,572.25,0,0,0,0.0,0,F1,175,,,,,
2026-02-18,2026-02-18,FO,NSE,STO,171342,,TVSMOTOR,,2026-04-28,2026-04-28,3280.0,CE,TVSMOTOR26APR3280CE,0.0,0.0,0.0,409.7,0.0,409.7,3885.15,646.3,0,0,0,0.0,0,F1,175,,,,,
2026-02-18,2026-02-18,FO,NSE,STO,164766,,TVSMOTOR,,2026-03-30,2026-03-30,4280.0,CE,TVSMOTOR26MAR4280CE,17.5,19.6,17.5,19.1,19.6,46.3,3885.15,19.1,8575,8575,52,39114075.0,25,F1,175,,,,,
2026-02-18,2026-02-18,FO,NSE,STO,164746,,TVSMOTOR,,2026-03-30,2026-03-30,3880.0,CE,TVSMOTOR26MAR3880CE,135.0,135.0,128.7,129.8,130.0,134.15,3885.15,129.8,10150,3150,21,14743268.75,11,F1,175,,,,,
2026-02-18,2026-02-18,FO,NSE,STO,171268,,TVSMOTOR,,2026-03-30,2026-03-30,3820.0,CE,TVSMOTOR26MAR3820CE,0.0,0.0,0.0,140.85,140.85,140.85,3885.15,173.45,0,0,0,0.0,0,F1,175,,,,,
2026-02-18,2026-02-18,FO,NSE,STO,171258,,TVSMOTOR,,2026-03-30,2026-03-30,3620.0,CE,TVSMOTOR26MAR3620CE,0.0,0.0,0.0,163.0,0.0,163.0,3885.15,315.0,0,0,0,0.0,0,F1,175,,,,,
2026-02-18,2026-02-18,FO,NSE,STO,171254,,TVSMOTOR,,2026-03-30,2026-03-30,3540.0,CE,TVSMOTOR26MAR3540CE,0.0,0.0,0.0,202.6,0.0,202.6,3885.15,382.6,0,0,0,0.0,0,F1,175,,,,,
2026-02-18,2026-02-18,FO,NSE,STO,171252,,TVSMOTOR,,2026-03-30,2026-03-30,3500.0,CE,TVSMOTOR26MAR3500CE,0.0,0.0,0.0,224.65,0.0,224.65,3885.15,418.15,0,0,0,0.0,0,F1,175,,,,,
2026-02-18,2026-02-18,FO,NSE,STO,164716,,TVSMOTOR,,2026-03-30,2026-03-30,3280.0,CE,TVSMOTOR26MAR3280CE,0.0,0.0,0.0,462.95,0.0,462.95,3885.15,626.45,0,0,0,0.0,0,F1,175,,,,,
2026-02-18,2026-02-18,FO,NSE,STO,164620,,TVSMOTOR,,2026-02-24,2026-02-24,4020.0,CE,TVSMOTOR26FEB4020CE,13.0,13.15,5.2,5.95,6.1,11.3,3885.15,5.95,74200,-525,198,139587533.75,189,F1,175,,,,,
2026-02-18,2026-02-18,FO,NSE,STO,146935,,TVSMOTOR,,2026-02-24,2026-02-24,3800.0,CE,TVSMOTOR26FEB3800CE,105.75,110.05,79.85,92.9,92.9,100.2,3885.15,92.9,76650,-7350,489,333320583.75,448,F1,175,,,,,
2026-02-18,2026-02-18,FO,NSE,STO,164602,,TVSMOTOR,,2026-02-24,2026-02-24,3780.0,CE,TVSMOTOR26FEB3780CE,119.65,120.25,95.6,106.2,106.2,111.95,3885.15,120.65,10150,175,29,19736692.5,15,F1,175,,,,,
2026-02-18,2026-02-18,FO,NSE,STO,164568,,TVSMOTOR,,2026-02-24,2026-02-24,3360.0,CE,TVSMOTOR26FEB3360CE,516.1,516.1,516.1,516.1,516.1,446.0,3885.15,516.1,350,-350,3,2034952.5,2,F1,175,,,,,
2026-02-18,2026-02-18,FO,NSE,STO,171373,,TVSMOTOR,,2026-04-28,2026-04-28,3880.0,PE,TVSMOTOR26APR3880PE,0.0,0.0,0.0,362.35,0.0,362.35,3885.15,142.75,0,0,0,0.0,0,F1,175,,,,,
2026-02-18,2026-02-18,FO,NSE,STO,164741,,TVSMOTOR,,2026-03-30,2026-03-30,3760.0,PE,TVSMOTOR26MAR3760PE,0.0,0.0,0.0,250.5,0.0,250.5,3885.15,63.45,0,0,0,0.0,0,F1,175,,,,,
2026-02-18,2026-02-18,FO,NSE,STO,171247,,TVSMOTOR,,2026-03-30,2026-03-30,3380.0,PE,TVSMOTOR26MAR3380PE,0.0,0.0,0.0,17.0,17.0,17.0,3885.15,4.3,2625,0,0,0.0,0,F1,175,,,,,
2026-02-18,2026-02-18,FO,NSE,STO,164709,,TVSMOTOR,,2026-03-30,2026-03-30,3120.0,PE,TVSMOTOR26MAR3120PE,0.0,0.0,0.0,30.65,0.0,30.65,3885.15,0.25,0,0,0,0.0,0,F1,175,,,,,
2026-02-18,2026-02-18,FO,NSE,STO,164615,,TVSMOTOR,,2026-02-24,2026-02-24,3940.0,PE,TVSMOTOR26FEB3940PE,0.0,0.0,0.0,89.35,89.35,89.35,3885.15,78.95,1750,0,0,0.0,0,F1,175,,,,,
2026-02-18,2026-02-18,FO,NSE,STO,76477,,AXISBANK,,2026-02-24,2026-02-24,1520.0,PE,AXISBANK26FEB1520PE,0.0,0.0,0.0,239.1,0.0,239.1,1377.0,141.65,0,0,0,0.0,0,F1,625,,,,,
2026-02-18,2026-02-18,FO,NSE,STO,76445,,AXISBANK,,2026-02-24,2026-02-24,1480.0,CE,AXISBANK26FEB1480CE,0.55,0.55,0.35,0.5,0.5,0.55,1377.0,0.5,282500,22500,171,158223656.25,104,F1,625,,,,,
2026-02-18,2026-02-18,FO,NSE,STO,72029,,AXISBANK,,2026-02-24,2026-02-24,1490.0,CE,AXISBANK26FEB1490CE,0.45,0.45,0.35,0.35,0.35,0.45,1377.0,0.35,23750,13125,26,24219281.25,23,F1,625,,,,,
2026-02-18,2026-02-18,FO,NSE,STO,76472,,AXISBANK,,2026-02-24,2026-02-24,1500.0,CE,AXISBANK26FEB1500CE,0.4,0.4,0.25,0.35,0.35,0.45,1377.0,0.35,875000,-68125,381,357263218.75,184,F1,625,,,,,
2026-02-18,2026-02-18,FO,NSE,STO,76511,,AXISBANK,,2026-02-24,2026-02-24,1580.0,CE,AXISBANK26FEB1580CE,0.0,0.0,0.0,4.35,0.0,4.35,1377.0,0.05,0,0,0,0.0,0,F1,625,,,,,
2026-02-18,2026-02-18,FO,NSE,STO,85059,,AXISBANK,,2026-04-28,2026-04-28,1260.0,PE,AXISBANK26APR1260PE,0.0,0.0,0.0,36.2,0.0,36.2,1377.0,10.15,0,0,0,0.0,0,F1,625,,,,,
2026-02-18,2026-02-18,FO,NSE,STO,72140,,AXISBANK,,2026-03-30,2026-03-30,1500.0,PE,AXISBANK26MAR1500PE,0.0,0.0,0.0,239.2,0.0,239.2,1377.0,121.6,0,0,0,0.0,0,F1,625,,,,,
2026-02-18,2026-02-18,FO,NSE,STO,84960,,AXISBANK,,2026-03-30,2026-03-30,1550.0,PE,AXISBANK26MAR1550PE,0.0,0.0,0.0,223.55,0.0,223.55,1377.0,166.7,0,0,0,0.0,0,F1,625,,,,,
2026-02-18,2026-02-18,FO,NSE,STO,72001,,AXISBANK,,2026-02-24,2026-02-24,1270.0,CE,AXISBANK26FEB1270CE,87.9,101.05,83.8,101.05,101.05,79.7,1377.0,108.15,119375,-1250,10,8507968.75,10,F1,625,,,,,
2026-02-18,2026-02-18,FO,NSE,STO,76424,,AXISBANK,,2026-02-24,2026-02-24,1360.0,CE,AXISBANK26FEB1360CE,12.0,20.7,9.2,19.65,19.4,11.4,1377.0,19.65,1765000,-283750,9849,8460066656.25,8254,F1,625,,,,,
2026-02-18,2026-02-18,FO,NSE,STO,72017,,AXISBANK,,2026-02-24,2026-02-24,1390.0,CE,AXISBANK26FEB1390CE,3.25,5.6,2.05,5.0,5.0,3.05,1377.0,5.0,1607500,-249375,5638,4913298406.25,4080,F1,625,,,,,
2026-02-18,2026-02-18,FO,NSE,STO,84942,,AXISBANK,,2026-03-30,2026-03-30,1390.0,PE,AXISBANK26MAR1390PE,0.0,0.0,0.0,69.2,69.2,69.2,1377.0,43.05,625,0,0,0.0,0,F1,625,,,,,
2026-02-18,2026-02-18,FO,NSE,STO,72010,,AXISBANK,,2026-02-24,2026-02-24,1350.0,PE,AXISBANK26FEB1350PE,11.25,11.7,3.1,3.35,3.2,11.4,1377.0,3.35,1626250,137500,7009,5942240781.25,5386,F1,625,,,,,
2026-02-18,2026-02-18,FO,NSE,STO,72008,,AXISBANK,,2026-02-24,2026-02-24,1330.0,PE,AXISBANK26FEB1330PE,5.55,5.55,1.5,1.6,1.5,5.25,1377.0,1.6,1165625,98750,2961,2466876875.0,1944,F1,625,,,,,
2026-02-18,2026-02-18,FO,NSE,STO,71998,,AXISBANK,,2026-02-24,2026-02-24,1230.0,PE,AXISBANK26FEB1230PE,1.0,1.0,0.55,0.6,0.6,1.1,1377.0,0.6,445625,-3125,193,148450906.25,89,F1,625,,,,,
2026-02-18,2026-02-18,FO,NSE,STO,85290,,AXISBANK,,2026-04-28,2026-04-28,1500.0,CE,AXISBANK26APR1500CE,0.0,0.0,0.0,19.25,0.0,19.25,1377.0,17.45,0,0,0,0.0,0,F1,625,,,,,
2026-02-18,2026-02-18,FO,NSE,STO,85056,,AXISBANK,,2026-04-28,2026-04-28,1240.0,CE,AXISBANK26APR1240CE,0.0,0.0,0.0,124.45,0.0,124.45,1377.0,157.1,0,0,0,0.0,0,F1,625,,,,,
2026-02-18,2026-02-18,FO,NSE,STO,84927,,AXISBANK,,2026-03-30,2026-03-30,1250.0,CE,AXISBANK26MAR1250CE,118.0,118.0,118.0,118.0,118.0,103.5,1377.0,138.15,1250,1250,2,1710000.0,2,F1,625,,,,,
2026-02-18,2026-02-18,FO,NSE,STO,72111,,AXISBANK,,2026-03-30,2026-03-30,1220.0,CE,AXISBANK26MAR1220CE,0.0,0.0,0.0,87.0,0.0,87.0,1377.0,166.0,0,0,0,0.0,0,F1,625,,,,,
2026-02-18,2026-02-18,FO,NSE,STO,72122,,AXISBANK,,2026-03-30,2026-03-30,1320.0,PE,AXISBANK26MAR1320PE,16.5,16.75,10.0,12.05,12.1,16.7,1377.0,12.05,64375,6250,64,53292875.0,44,F1,625,,,,,
2026-02-18,2026-02-18,FO,NSE,STO,72106,,AXISBANK,,2026-03-30,2026-03-30,1160.0,PE,AXISBANK26MAR1160PE,0.0,0.0,0.0,22.85,0.0,22.85,1377.0,0.25,0,0,0,0.0,0,F1,625,,,,,
2026-02-18,2026-02-18,FO,NSE,STO,72102,,AXISBANK,,2026-03-30,2026-03-30,1120.0,PE,AXISBANK26MAR1120PE,0.0,0.0,0.0,13.85,0.0,13.85,1377.0,0.05,0,0,0,0.0,0,F1,625,,,,,
2026-02-18,2026-02-18,FO,NSE,STO,76512,,AXISBANK,,2026-02-24,2026-02-24,1580.0,PE,AXISBANK26FEB1580PE,0.0,0.0,0.0,294.25,0.0,294.25,1377.0,201.55,0,0,0,0.0,0,F1,625,,,,,
2026-02-18,2026-02-18,FO,NSE,STO,72028,,AXISBANK,,2026-02-24,2026-02-24,1470.0,PE,AXISBANK26FEB1470PE,0.0,0.0,0.0,214.05,0.0,214.05,1377.0,91.85,0,0,0,0.0,0,F1,625,,,,,
2026-02-18,2026-02-18,FO,NSE,STO,76433,,AXISBANK,,2026-02-24,2026-02-24,1400.0,PE,AXISBANK26FEB1400PE,44.0,48.1,27.9,28.9,29.85,49.2,1377.0,28.9,351875,-19375,324,291370593.75,294,F1,625,,,,,
2026-02-18,2026-02-18,FO,NSE,STO,72018,,AXISBANK,,2026-02-24,2026-02-24,1390.0,PE,AXISBANK26FEB1390PE,37.95,37.95,19.75,20.55,20.05,37.55,1377.0,20.55,203125,30000,232,205180750.0,221,F1,625,,,,,
2026-02-18,2026-02-18,FO,NSE,STO,76399,,AXISBANK,,2026-02-24,2026-02-24,1320.0,PE,AXISBANK26FEB1320PE,3.45,3.9,1.35,1.4,1.35,3.9,1377.0,1.4,1405000,-16250,3422,2828337781.25,1842,F1,625,,,,,
2026-02-18,2026-02-18,FO,NSE,STO,72004,,AXISBANK,,2026-02-24,2026-02-24,1290.0,PE,AXISBANK26FEB1290PE,1.75,1.75,0.9,0.9,0.9,1.9,1377.0,0.9,649375,29375,774,624645437.5,581,F1,625,,,,,
2026-02-18,2026-02-18,FO,NSE,STO,72002,,AXISBANK,,2026-02-24,2026-02-24,1270.0,PE,AXISBANK26FEB1270PE,1.55,1.55,0.75,0.8,0.75,1.5,1377.0,0.8,286250,1875,485,385284062.5,372,F1,625,,,,,
2026-02-18,2026-02-18,FO,NSE,STO,85304,,AXISBANK,,2026-04-28,2026-04-28,1540.0,CE,AXISBANK26APR1540CE,0.0,0.0,0.0,13.4,0.0,13.4,1377.0,10.75,0,0,0,0.0,0,F1,625,,,,,
2026-02-18,2026-02-18,FO,NSE,STO,85275,,AXISBANK,,2026-04-28,2026-04-28,1420.0,CE,AXISBANK26APR1420CE,0.0,0.0,0.0,37.5,0.0,37.5,1377.0,40.9,0,0,0,0.0,0,F1,625,,,,,
2026-02-18,2026-02-18,FO,NSE,STO,85111,,AXISBANK,,2026-04-28,2026-04-28,1320.0,CE,AXISBANK26APR1320CE,0.0,0.0,0.0,77.0,0.0,77.0,1377.0,94.75,0,0,0,0.0,0,F1,625,,,,,
2026-02-18,2026-02-18,FO,NSE,STO,85107,,AXISBANK,,2026-04-28,2026-04-28,1300.0,CE,AXISBANK26APR1300CE,0.0,0.0,0.0,87.55,0.0,87.55,1377.0,108.9,0,0,0,0.0,0,F1,625,,,,,
2026-02-18,2026-02-18,FO,NSE,STO,72396,,AXISBANK,,2026-03-30,2026-03-30,1580.0,CE,AXISBANK26MAR1580CE,0.0,0.0,0.0,3.0,0.0,3.0,1377.0,1.65,0,0,0,0.0,0,F1,625,,,,,
2026-02-18,2026-02-18,FO,NSE,STO,84941,,AXISBANK,,2026-03-30,2026-03-30,1390.0,CE,AXISBANK26MAR1390CE,0.0,0.0,0.0,13.1,13.1,13.1,1377.0,38.4,1875,0,0,0.0,0,F1,625,,,,,
2026-02-18,2026-02-18,FO,NSE,STO,84931,,AXISBANK,,2026-03-30,2026-03-30,1290.0,CE,AXISBANK26MAR1290CE,0.0,0.0,0.0,78.05,0.0,78.05,1377.0,103.5,0,0,0,0.0,0,F1,625,,,,,
2026-02-18,2026-02-18,FO,NSE,STO,72117,,AXISBANK,,2026-03-30,2026-03-30,1280.0,CE,AXISBANK26MAR1280CE,96.0,96.0,96.0,96.0,96.0,56.8,1377.0,111.8,625,625,1,860000.0,1,F1,625,,,,,
2026-02-18,2026-02-18,FO,NSE,STO,84925,,AXISBANK,,2026-03-30,2026-03-30,1230.0,CE,AXISBANK26MAR1230CE,0.0,0.0,0.0,117.85,0.0,117.85,1377.0,156.6,0,0,0,0.0,0,F1,625,,,,,
2026-02-18,2026-02-18,FO,NSE,STO,72107,,AXISBANK,,2026-03-30,2026-03-30,1180.0,CE,AXISBANK26MAR1180CE,0.0,0.0,0.0,112.05,0.0,112.05,1377.0,204.6,0,0,0,0.0,0,F1,625,,,,,
2026-02-18,2026-02-18,FO,NSE,STO,72041,,AXISBANK,,2026-02-24,2026-02-24,1590.0,CE,AXISBANK26FEB1590CE,0.0,0.0,0.0,0.5,0.0,0.5,1377.0,0.05,0,0,0,0.0,0,F1,625,,,,,
2026-02-18,2026-02-18,FO,NSE,STO,76480,,AXISBANK,,2026-02-24,2026-02-24,1540.0,CE,AXISBANK26FEB1540CE,0.15,0.15,0.05,0.1,0.1,0.15,1377.0,0.1,415000,0,32,30801500.0,18,F1,625,,,,,
2026-02-18,2026-02-18,FO,NSE,STO,72031,,AXISBANK,,2026-02-24,2026-02-24,1510.0,CE,AXISBANK26FEB1510CE,0.0,0.0,0.0,1.95,0.0,1.95,1377.0,0.05,0,0,0,0.0,0,F1,625,,,,,
2026-02-18,2026-02-18,FO,NSE,STO,72005,,AXISBANK,,2026-02-24,2026-02-24,1310.0,CE,AXISBANK26FEB1310CE,46.8,66.8,46.8,66.65,66.8,48.55,1377.0,66.65,169375,-18125,107,91454937.5,61,F1,625,,,,,
2026-02-18,2026-02-18,FO,NSE,STO,76378,,AXISBANK,,2026-02-24,2026-02-24,1120.0,CE,AXISBANK26FEB1120CE,0.0,0.0,0.0,222.7,222.7,222.7,1377.0,258.0,1875,0,0,0.0,0,F1,625,,,,,
2026-02-18,2026-02-18,FO,NSE,STO,85280,,AXISBANK,,2026-04-28,2026-04-28,1460.0,PE,AXISBANK26APR1460PE,0.0,0.0,0.0,149.05,0.0,149.05,1377.0,95.15,0,0,0,0.0,0,F1,625,,,,,
2026-02-18,2026-02-18,FO,NSE,STO,85112,,AXISBANK,,2026-04-28,2026-04-28,1320.0,PE,AXISBANK26APR1320PE,0.0,0.0,0.0,61.0,0.0,61.0,1377.0,24.1,0,0,0,0.0,0,F1,625,,,,,
2026-02-18,2026-02-18,FO,NSE,STO,85050,,AXISBANK,,2026-04-28,2026-04-28,1200.0,PE,AXISBANK26APR1200PE,0.0,0.0,0.0,19.2,0.0,19.2,1377.0,3.45,0,0,0,0.0,0,F1,625,,,,,
2026-02-18,2026-02-18,FO,NSE,STO,85037,,AXISBANK,,2026-04-28,2026-04-28,1120.0,PE,AXISBANK26APR1120PE,0.0,0.0,0.0,6.65,0.0,6.65,1377.0,0.55,0,0,0,0.0,0,F1,625,,,,,
2026-02-18,2026-02-18,FO,NSE,STO,72194,,AXISBANK,,2026-03-30,2026-03-30,1560.0,PE,AXISBANK26MAR1560PE,0.0,0.0,0.0,294.7,0.0,294.7,1377.0,176.1,0,0,0,0.0,0,F1,625,,,,,
2026-02-18,2026-02-18,FO,NSE,STO,84958,,AXISBANK,,2026-03-30,2026-03-30,1530.0,PE,AXISBANK26MAR1530PE,0.0,0.0,0.0,205.35,0.0,205.35,1377.0,148.25,0,0,0,0.0,0,F1,625,,,,,
2026-02-18,2026-02-18,FO,NSE,STO,72145,,AXISBANK,,2026-03-30,2026-03-30,1520.0,PE,AXISBANK26MAR1520PE,0.0,0.0,0.0,257.45,0.0,257.45,1377.0,139.2,0,0,0,0.0,0,F1,625,,,,,
2026-02-18,2026-02-18,FO,NSE,STO,72126,,AXISBANK,,2026-03-30,2026-03-30,1360.0,PE,AXISBANK26MAR1360PE,30.0,31.75,22.65,22.85,23.3,31.85,1377.0,22.85,72500,31250,169,146394281.25,138,F1,625,,,,,
2026-02-18,2026-02-18,FO,NSE,STO,72134,,AXISBANK,,2026-03-30,2026-03-30,1440.0,PE,AXISBANK26MAR1440PE,0.0,0.0,0.0,186.55,0.0,186.55,1377.0,74.15,0,0,0,0.0,0,F1,625,,,,,
2026-02-18,2026-02-18,FO,NSE,STO,84934,,AXISBANK,,2026-03-30,2026-03-30,1310.0,PE,AXISBANK26MAR1310PE,0.0,0.0,0.0,15.1,15.1,15.1,1377.0,12.85,8125,0,0,0.0,0,F1,625,,,,,
2026-02-18,2026-02-18,FO,NSE,STO,84932,,AXISBANK,,2026-03-30,2026-03-30,1290.0,PE,AXISBANK26MAR1290PE,0.0,0.0,0.0,11.3,11.3,11.3,1377.0,8.75,3750,0,0,0.0,0,F1,625,,,,,
2026-02-18,2026-02-18,FO,NSE,STO,72118,,AXISBANK,,2026-03-30,2026-03-30,1280.0,PE,AXISBANK26MAR1280PE,8.9,9.0,6.25,6.35,6.4,9.1,1377.0,6.35,38750,11875,41,32982781.25,34,F1,625,,,,,
2026-02-18,2026-02-18,FO,NSE,STO,72132,,AXISBANK,,2026-03-30,2026-03-30,1420.0,PE,AXISBANK26MAR1420PE,0.0,0.0,0.0,169.85,0.0,169.85,1377.0,60.65,0,0,0,0.0,0,F1,625,,,,,
2026-02-18,2026-02-18,FO,NSE,STO,76376,,AXISBANK,,2026-02-24,2026-02-24,1100.0,CE,AXISBANK26FEB1100CE,270.4,270.4,269.8,269.95,269.95,253.95,1377.0,278.0,40625,6250,10,8563125.0,5,F1,625,,,,,
2026-02-18,2026-02-18,FO,NSE,STO,76386,,AXISBANK,,2026-02-24,2026-02-24,1200.0,CE,AXISBANK26FEB1200CE,157.0,173.0,154.3,172.65,172.65,158.0,1377.0,178.1,95625,-5625,12,10233125.0,12,F1,625,,,,,
2026-02-18,2026-02-18,FO,NSE,STO,71999,,AXISBANK,,2026-02-24,2026-02-24,1250.0,CE,AXISBANK26FEB1250CE,107.0,117.75,107.0,117.75,117.75,108.5,1377.0,128.15,142500,-625,6,5111218.75,5,F1,625,,,,,
2026-02-18,2026-02-18,FO,NSE,STO,76392,,AXISBANK,,2026-02-24,2026-02-24,1260.0,CE,AXISBANK26FEB1260CE,101.5,110.5,101.5,110.5,110.5,95.95,1377.0,118.15,173750,0,5,4274375.0,3,F1,625,,,,,
2026-02-18,2026-02-18,FO,NSE,STO,76396,,AXISBANK,,2026-02-24,2026-02-24,1300.0,CE,AXISBANK26FEB1300CE,58.1,76.9,55.2,75.1,74.0,57.35,1377.0,75.1,541250,-81250,295,251771250.0,204,F1,625,,,,,
2026-02-18,2026-02-18,FO,NSE,STO,76434,,AXISBANK,,2026-02-24,2026-02-24,1420.0,CE,AXISBANK26FEB1420CE,1.25,1.85,0.75,1.4,1.5,1.25,1377.0,1.4,945000,72500,2237,1987124968.75,1137,F1,625,,,,,
2026-02-18,2026-02-18,FO,NSE,STO,76439,,AXISBANK,,2026-02-24,2026-02-24,1440.0,CE,AXISBANK26FEB1440CE,0.8,0.95,0.5,0.8,0.8,0.8,1377.0,0.8,295625,-15000,637,573589312.5,413,F1,625,,,,,
2026-02-18,2026-02-18,FO,NSE,STO,84921,,AXISBANK,,2026-03-30,2026-03-30,1190.0,CE,AXISBANK26MAR1190CE,0.0,0.0,0.0,149.15,0.0,149.15,1377.0,194.85,0,0,0,0.0,0,F1,625,,,,,
2026-02-18,2026-02-18,FO,NSE,STO,76443,,AXISBANK,,2026-02-24,2026-02-24,1460.0,CE,AXISBANK26FEB1460CE,0.55,0.6,0.4,0.55,0.6,0.6,1377.0,0.55,435625,-4375,260,237335375.0,180,F1,625,,,,,
2026-02-18,2026-02-18,FO,NSE,STO,72115,,AXISBANK,,2026-03-30,2026-03-30,1260.0,CE,AXISBANK26MAR1260CE,112.0,121.0,112.0,121.0,121.0,108.6,1377.0,129.15,6875,1875,4,3438437.5,4,F1,625,,,,,
2026-02-18,2026-02-18,FO,NSE,STO,72119,,AXISBANK,,2026-03-30,2026-03-30,1300.0,CE,AXISBANK26MAR1300CE,74.0,92.05,73.95,91.7,92.05,75.55,1377.0,91.7,98125,2500,33,28570843.75,28,F1,625,,,,,
2026-02-18,2026-02-18,FO,NSE,STO,84939,,AXISBANK,,2026-03-30,2026-03-30,1370.0,CE,AXISBANK26MAR1370CE,30.4,41.2,29.65,40.2,40.6,30.35,1377.0,40.2,124375,118125,297,261187031.25,282,F1,625,,,,,
2026-02-18,2026-02-18,FO,NSE,STO,72135,,AXISBANK,,2026-03-30,2026-03-30,1460.0,CE,AXISBANK26MAR1460CE,6.25,9.4,6.25,9.25,9.3,6.25,1377.0,9.25,17500,9375,27,24773281.25,24,F1,625,,,,,
2026-02-18,2026-02-18,FO,NSE,STO,85036,,AXISBANK,,2026-04-28,2026-04-28,1120.0,CE,AXISBANK26APR1120CE,0.0,0.0,0.0,219.6,0.0,219.6,1377.0,269.1,0,0,0,0.0,0,F1,625,,,,,
2026-02-18,2026-02-18,FO,NSE,STO,85277,,AXISBANK,,2026-04-28,2026-04-28,1440.0,CE,AXISBANK26APR1440CE,0.0,0.0,0.0,32.0,0.0,32.0,1377.0,33.55,0,0,0,0.0,0,F1,625,,,,,
2026-02-18,2026-02-18,FO,NSE,STO,85302,,AXISBANK,,2026-04-28,2026-04-28,1520.0,CE,AXISBANK26APR1520CE,0.0,0.0,0.0,16.1,0.0,16.1,1377.0,13.75,0,0,0,0.0,0,F1,625,,,,,
2026-02-18,2026-02-18,FO,NSE,STO,76385,,AXISBANK,,2026-02-24,2026-02-24,1180.0,PE,AXISBANK26FEB1180PE,0.5,0.5,0.2,0.2,0.2,0.5,1377.0,0.2,370625,-3125,130,95895250.0,51,F1,625,,,,,
2026-02-18,2026-02-18,FO,NSE,STO,76510,,AXISBANK,,2026-02-24,2026-02-24,1560.0,PE,AXISBANK26FEB1560PE,0.0,0.0,0.0,275.65,0.0,275.65,1377.0,181.6,0,0,0,0.0,0,F1,625,,,,,
2026-02-18,2026-02-18,FO,NSE,STO,76377,,AXISBANK,,2026-02-24,2026-02-24,1100.0,PE,AXISBANK26FEB1100PE,0.25,0.3,0.15,0.25,0.25,0.25,1377.0,0.05,80000,-6875,46,31631781.25,25,F1,625,,,,,
2026-02-18,2026-02-18,FO,NSE,STO,85115,,AXISBANK,,2026-04-28,2026-04-28,1360.0,CE,AXISBANK26APR1360CE,0.0,0.0,0.0,58.7,0.0,58.7,1377.0,69.7,0,0,0,0.0,0,F1,625,,,,,
2026-02-18,2026-02-18,FO,NSE,STO,85307,,AXISBANK,,2026-04-28,2026-04-28,1560.0,PE,AXISBANK26APR1560PE,0.0,0.0,0.0,231.4,0.0,231.4,1377.0,175.15,0,0,0,0.0,0,F1,625,,,,,
2026-02-18,2026-02-18,FO,NSE,STO,85046,,AXISBANK,,2026-04-28,2026-04-28,1160.0,PE,AXISBANK26APR1160PE,0.0,0.0,0.0,11.7,0.0,11.7,1377.0,1.45,0,0,0,0.0,0,F1,625,,,,,
2026-02-18,2026-02-18,FO,NSE,STO,84944,,AXISBANK,,2026-03-30,2026-03-30,1410.0,PE,AXISBANK26MAR1410PE,0.0,0.0,0.0,106.85,0.0,106.85,1377.0,54.4,0,0,0,0.0,0,F1,625,,,,,
2026-02-18,2026-02-18,FO,NSE,STO,84930,,AXISBANK,,2026-03-30,2026-03-30,1270.0,PE,AXISBANK26MAR1270PE,0.0,0.0,0.0,13.8,13.8,13.8,1377.0,5.75,15625,0,0,0.0,0,F1,625,,,,,
2026-02-18,2026-02-18,FO,NSE,STO,72116,,AXISBANK,,2026-03-30,2026-03-30,1260.0,PE,AXISBANK26MAR1260PE,5.6,5.6,4.7,4.7,4.7,6.7,1377.0,4.7,54375,-10625,47,37154687.5,27,F1,625,,,,,
2026-02-18,2026-02-18,FO,NSE,STO,72038,,AXISBANK,,2026-02-24,2026-02-24,1550.0,PE,AXISBANK26FEB1550PE,0.0,0.0,0.0,290.7,0.0,290.7,1377.0,171.6,0,0,0,0.0,0,F1,625,,,,,
2026-02-18,2026-02-18,FO,NSE,STO,72034,,AXISBANK,,2026-02-24,2026-02-24,1530.0,PE,AXISBANK26FEB1530PE,0.0,0.0,0.0,271.25,0.0,271.25,1377.0,151.6,0,0,0,0.0,0,F1,625,,,,,
2026-02-18,2026-02-18,FO,NSE,STO,72032,,AXISBANK,,2026-02-24,2026-02-24,1510.0,PE,AXISBANK26FEB1510PE,0.0,0.0,0.0,252.0,0.0,252.0,1377.0,131.65,0,0,0,0.0,0,F1,625,,,,,
2026-02-18,2026-02-18,FO,NSE,STO,76435,,AXISBANK,,2026-02-24,2026-02-24,1420.0,PE,AXISBANK26FEB1420PE,61.0,65.25,53.35,54.65,54.65,74.2,1377.0,44.8,11875,-5625,30,27683968.75,24,F1,625,,,,,
2026-02-18,2026-02-18,FO,NSE,STO,72006,,AXISBANK,,2026-02-24,2026-02-24,1310.0,PE,AXISBANK26FEB1310PE,2.7,2.75,1.1,1.15,1.15,3.0,1377.0,1.15,558750,-56875,1617,1325737843.75,1028,F1,625,,,,,
2026-02-18,2026-02-18,FO,NSE,STO,76391,,AXISBANK,,2026-02-24,2026-02-24,1240.0,PE,AXISBANK26FEB1240PE,0.95,1.0,0.55,0.6,0.6,1.2,1377.0,0.6,440625,-2500,138,107018156.25,97,F1,625,,,,,
2026-02-18,2026-02-18,FO,NSE,STF,59215,,AXISBANK,,2026-02-24,2026-02-24,,,AXISBANK26FEBFUT,1359.8,1376.6,1352.2,1375.3,1375.0,1355.8,1377.0,1375.3,50158750,-8906250,22742,19421461750.0,17859,F1,625,,,,,
2026-02-18,2026-02-18,FO,NSE,STO,76380,,AXISBANK,,2026-02-24,2026-02-24,1140.0,CE,AXISBANK26FEB1140CE,0.0,0.0,0.0,158.3,0.0,158.3,1377.0,238.05,0,0,0,0.0,0,F1,625,,,,,
2026-02-18,2026-02-18,FO,NSE,STO,71995,,AXISBANK,,2026-02-24,2026-02-24,1210.0,CE,AXISBANK26FEB1210CE,0.0,0.0,0.0,80.8,80.8,80.8,1377.0,168.1,1250,0,0,0.0,0,F1,625,,,,,
2026-02-18,2026-02-18,FO,NSE,STO,72023,,AXISBANK,,2026-02-24,2026-02-24,1430.0,CE,AXISBANK26FEB1430CE,1.1,1.3,0.6,1.05,1.05,0.95,1377.0,1.05,188750,30625,1144,1023157562.5,692,F1,625,,,,,
2026-02-18,2026-02-18,FO,NSE,STO,72113,,AXISBANK,,2026-03-30,2026-03-30,1240.0,CE,AXISBANK26MAR1240CE,0.0,0.0,0.0,75.95,0.0,75.95,1377.0,147.3,0,0,0,0.0,0,F1,625,,,,,
2026-02-18,2026-02-18,FO,NSE,STO,72123,,AXISBANK,,2026-03-30,2026-03-30,1340.0,CE,AXISBANK26MAR1340CE,50.0,60.4,44.85,60.4,60.4,47.05,1377.0,60.4,25625,-625,44,38327562.5,36,F1,625,,,,,
2026-02-18,2026-02-18,FO,NSE,STO,85114,,AXISBANK,,2026-04-28,2026-04-28,1340.0,PE,AXISBANK26APR1340PE,0.0,0.0,0.0,71.1,0.0,71.1,1377.0,30.8,0,0,0,0.0,0,F1,625,,,,,
2026-02-18,2026-02-18,FO,NSE,STO,85180,,AXISBANK,,2026-04-28,2026-04-28,1360.0,PE,AXISBANK26APR1360PE,0.0,0.0,0.0,82.05,0.0,82.05,1377.0,38.65,0,0,0,0.0,0,F1,625,,,,,
2026-02-18,2026-02-18,FO,NSE,STO,85305,,AXISBANK,,2026-04-28,2026-04-28,1540.0,PE,AXISBANK26APR1540PE,0.0,0.0,0.0,214.0,0.0,214.0,1377.0,157.8,0,0,0,0.0,0,F1,625,,,,,
2026-02-18,2026-02-18,FO,NSE,STO,84947,,AXISBANK,,2026-03-30,2026-03-30,1450.0,CE,AXISBANK26MAR1450CE,7.9,11.5,7.45,11.15,11.5,7.9,1377.0,11.15,241875,73125,337,307573093.75,217,F1,625,,,,,
2026-02-18,2026-02-18,FO,NSE,STO,76418,,AXISBANK,,2026-02-24,2026-02-24,1340.0,CE,AXISBANK26FEB1340CE,24.0,37.75,20.0,36.25,36.4,22.9,1377.0,36.25,1354375,-40000,1343,1148139281.25,1169,F1,625,,,,,
2026-02-18,2026-02-18,FO,NSE,STO,72030,,AXISBANK,,2026-02-24,2026-02-24,1490.0,PE,AXISBANK26FEB1490PE,0.0,0.0,0.0,232.9,0.0,232.9,1377.0,111.7,0,0,0,0.0,0,F1,625,,,,,
2026-02-18,2026-02-18,FO,NSE,STO,84940,,AXISBANK,,2026-03-30,2026-03-30,1370.0,PE,AXISBANK26MAR1370PE,35.0,36.9,26.55,27.05,27.95,38.6,1377.0,27.05,122500,115000,307,268616000.0,258,F1,625,,,,,
2026-02-18,2026-02-18,FO,NSE,STO,72128,,AXISBANK,,2026-03-30,2026-03-30,1380.0,PE,AXISBANK26MAR1380PE,36.9,36.9,31.0,31.5,32.95,138.25,1377.0,31.5,36875,36875,81,71502406.25,75,F1,625,,,,,
2026-02-18,2026-02-18,FO,NSE,STO,84946,,AXISBANK,,2026-03-30,2026-03-30,1430.0,PE,AXISBANK26MAR1430PE,0.0,0.0,0.0,121.65,0.0,121.65,1377.0,67.2,0,0,0,0.0,0,F1,625,,,,,
2026-02-18,2026-02-18,FO,NSE,STO,72000,,AXISBANK,,2026-02-24,2026-02-24,1250.0,PE,AXISBANK26FEB1250PE,1.1,1.1,0.65,0.7,0.65,1.25,1377.0,0.7,534375,-90000,552,431532375.0,345,F1,625,,,,,
2026-02-18,2026-02-18,FO,NSE,STO,84948,,AXISBANK,,2026-03-30,2026-03-30,1450.0,PE,AXISBANK26MAR1450PE,0.0,0.0,0.0,137.15,0.0,137.15,1377.0,81.35,0,0,0,0.0,0,F1,625,,,,,
2026-02-18,2026-02-18,FO,NSE,STO,72138,,AXISBANK,,2026-03-30,2026-03-30,1480.0,PE,AXISBANK26MAR1480PE,0.0,0.0,0.0,221.3,0.0,221.3,1377.0,104.8,0,0,0,0.0,0,F1,625,,,,,
2026-02-18,2026-02-18,FO,NSE,STO,85106,,AXISBANK,,2026-04-28,2026-04-28,1280.0,PE,AXISBANK26APR1280PE,0.0,0.0,0.0,43.55,0.0,43.55,1377.0,13.85,0,0,0,0.0,0,F1,625,,,,,
2026-02-18,2026-02-18,FO,NSE,STO,72109,,AXISBANK,,2026-03-30,2026-03-30,1200.0,CE,AXISBANK26MAR1200CE,166.0,180.5,166.0,180.5,180.5,168.2,1377.0,185.15,45625,4375,10,8576000.0,9,F1,625,,,,,
2026-02-18,2026-02-18,FO,NSE,STO,72027,,AXISBANK,,2026-02-24,2026-02-24,1470.0,CE,AXISBANK26FEB1470CE,0.5,0.55,0.45,0.55,0.55,0.6,1377.0,0.55,211875,4375,95,87311093.75,66,F1,625,,,,,
2026-02-18,2026-02-18,FO,NSE,STO,76388,,AXISBANK,,2026-02-24,2026-02-24,1220.0,CE,AXISBANK26FEB1220CE,0.0,0.0,0.0,129.0,129.0,129.0,1377.0,158.1,39375,0,0,0.0,0,F1,625,,,,,
2026-02-18,2026-02-18,FO,NSE,STO,76384,,AXISBANK,,2026-02-24,2026-02-24,1180.0,CE,AXISBANK26FEB1180CE,0.0,0.0,0.0,172.45,172.45,172.45,1377.0,198.05,3125,0,0,0.0,0,F1,625,,,,,
2026-02-18,2026-02-18,FO,NSE,STO,84951,,AXISBANK,,2026-03-30,2026-03-30,1490.0,CE,AXISBANK26MAR1490CE,0.0,0.0,0.0,4.2,4.2,4.2,1377.0,9.05,9375,0,0,0.0,0,F1,625,,,,,
2026-02-18,2026-02-18,FO,NSE,STO,84959,,AXISBANK,,2026-03-30,2026-03-30,1550.0,CE,AXISBANK26MAR1550CE,0.0,0.0,0.0,5.6,0.0,5.6,1377.0,3.0,0,0,0,0.0,0,F1,625,,,,,
2026-02-18,2026-02-18,FO,NSE,STO,72193,,AXISBANK,,2026-03-30,2026-03-30,1560.0,CE,AXISBANK26MAR1560CE,0.0,0.0,0.0,3.8,0.0,3.8,1377.0,2.45,0,0,0,0.0,0,F1,625,,,,,
2026-02-18,2026-02-18,FO,NSE,STO,84972,,AXISBANK,,2026-03-30,2026-03-30,1590.0,CE,AXISBANK26MAR1590CE,0.0,0.0,0.0,3.3,0.0,3.3,1377.0,1.3,0,0,0,0.0,0,F1,625,,,,,
2026-02-18,2026-02-18,FO,NSE,STO,85308,,AXISBANK,,2026-04-28,2026-04-28,1580.0,CE,AXISBANK26APR1580CE,0.0,0.0,0.0,9.15,0.0,9.15,1377.0,6.35,0,0,0,0.0,0,F1,625,,,,,
2026-02-18,2026-02-18,FO,NSE,STO,71986,,AXISBANK,,2026-02-24,2026-02-24,1170.0,PE,AXISBANK26FEB1170PE,0.0,0.0,0.0,0.45,0.45,0.45,1377.0,0.05,100625,0,0,0.0,0,F1,625,,,,,
2026-02-18,2026-02-18,FO,NSE,STO,76387,,AXISBANK,,2026-02-24,2026-02-24,1200.0,PE,AXISBANK26FEB1200PE,0.7,0.7,0.25,0.3,0.25,0.7,1377.0,0.3,671875,-48750,1718,1289100375.0,831,F1,625,,,,,
2026-02-18,2026-02-18,FO,NSE,STO,84928,,AXISBANK,,2026-03-30,2026-03-30,1250.0,PE,AXISBANK26MAR1250PE,5.2,5.6,3.95,4.1,4.2,5.7,1377.0,4.1,208750,21250,186,145817906.25,141,F1,625,,,,,
2026-02-18,2026-02-18,FO,NSE,STO,84952,,AXISBANK,,2026-03-30,2026-03-30,1490.0,PE,AXISBANK26MAR1490PE,0.0,0.0,0.0,170.2,0.0,170.2,1377.0,113.1,0,0,0,0.0,0,F1,625,,,,,
2026-02-18,2026-02-18,FO,NSE,STO,72397,,AXISBANK,,2026-03-30,2026-03-30,1580.0,PE,AXISBANK26MAR1580PE,0.0,0.0,0.0,313.6,0.0,313.6,1377.0,195.15,0,0,0,0.0,0,F1,625,,,,,
2026-02-18,2026-02-18,FO,NSE,STO,85110,,AXISBANK,,2026-04-28,2026-04-28,1300.0,PE,AXISBANK26APR1300PE,0.0,0.0,0.0,51.85,0.0,51.85,1377.0,18.45,0,0,0,0.0,0,F1,625,,,,,
2026-02-18,2026-02-18,FO,NSE,STO,85303,,AXISBANK,,2026-04-28,2026-04-28,1520.0,PE,AXISBANK26APR1520PE,0.0,0.0,0.0,197.05,0.0,197.05,1377.0,141.05,0,0,0,0.0,0,F1,625,,,,,
2026-02-18,2026-02-18,FO,NSE,STO,85309,,AXISBANK,,2026-04-28,2026-04-28,1580.0,PE,AXISBANK26APR1580PE,0.0,0.0,0.0,249.15,0.0,249.15,1377.0,193.0,0,0,0,0.0,0,F1,625,,,,,
2026-02-18,2026-02-18,FO,NSE,STO,72105,,AXISBANK,,2026-03-30,2026-03-30,1160.0,CE,AXISBANK26MAR1160CE,0.0,0.0,0.0,126.05,0.0,126.05,1377.0,224.2,0,0,0,0.0,0,F1,625,,,,,
2026-02-18,2026-02-18,FO,NSE,STO,72131,,AXISBANK,,2026-03-30,2026-03-30,1420.0,CE,AXISBANK26MAR1420CE,13.4,19.2,13.4,18.05,19.2,13.25,1377.0,18.05,112500,46250,173,155289625.0,102,F1,625,,,,,
2026-02-18,2026-02-18,FO,NSE,STO,84943,,AXISBANK,,2026-03-30,2026-03-30,1410.0,CE,AXISBANK26MAR1410CE,16.95,21.0,16.95,19.6,19.6,16.0,1377.0,29.85,8125,3125,5,4465937.5,5,F1,625,,,,,
2026-02-18,2026-02-18,FO,NSE,STO,76373,,AXISBANK,,2026-02-24,2026-02-24,1060.0,PE,AXISBANK26FEB1060PE,0.0,0.0,0.0,0.45,0.45,0.45,1377.0,0.05,1875,0,0,0.0,0,F1,625,,,,,
2026-02-18,2026-02-18,FO,NSE,STO,72040,,AXISBANK,,2026-02-24,2026-02-24,1570.0,PE,AXISBANK26FEB1570PE,0.0,0.0,0.0,310.2,0.0,310.2,1377.0,191.6,0,0,0,0.0,0,F1,625,,,,,
2026-02-18,2026-02-18,FO,NSE,STO,76382,,AXISBANK,,2026-02-24,2026-02-24,1160.0,CE,AXISBANK26FEB1160CE,194.0,197.0,194.0,197.0,197.0,162.65,1377.0,218.05,9375,0,2,1694375.0,2,F1,625,,,,,
2026-02-18,2026-02-18,FO,NSE,STO,72192,,AXISBANK,,2026-03-30,2026-03-30,1540.0,PE,AXISBANK26MAR1540PE,0.0,0.0,0.0,275.95,0.0,275.95,1377.0,157.4,0,0,0,0.0,0,F1,625,,,,,
2026-02-18,2026-02-18,FO,NSE,STO,72042,,AXISBANK,,2026-02-24,2026-02-24,1590.0,PE,AXISBANK26FEB1590PE,0.0,0.0,0.0,329.8,0.0,329.8,1377.0,211.55,0,0,0,0.0,0,F1,625,,,,,
2026-02-18,2026-02-18,FO,NSE,STO,84922,,AXISBANK,,2026-03-30,2026-03-30,1190.0,PE,AXISBANK26MAR1190PE,0.0,0.0,0.0,10.9,0.0,10.9,1377.0,0.7,0,0,0,0.0,0,F1,625,,,,,
2026-02-18,2026-02-18,FO,NSE,STO,72136,,AXISBANK,,2026-03-30,2026-03-30,1460.0,PE,AXISBANK26MAR1460PE,0.0,0.0,0.0,203.7,0.0,203.7,1377.0,88.9,0,0,0,0.0,0,F1,625,,,,,
2026-02-18,2026-02-18,FO,NSE,STO,84956,,AXISBANK,,2026-03-30,2026-03-30,1510.0,PE,AXISBANK26MAR1510PE,0.0,0.0,0.0,187.55,0.0,187.55,1377.0,130.3,0,0,0,0.0,0,F1,625,,,,,
2026-02-18,2026-02-18,FO,NSE,STO,72037,,AXISBANK,,2026-02-24,2026-02-24,1550.0,CE,AXISBANK26FEB1550CE,0.0,0.0,0.0,1.0,0.0,1.0,1377.0,0.05,0,0,0,0.0,0,F1,625,,,,,
2026-02-18,2026-02-18,FO,NSE,STO,72033,,AXISBANK,,2026-02-24,2026-02-24,1530.0,CE,AXISBANK26FEB1530CE,0.0,0.0,0.0,1.4,0.0,1.4,1377.0,0.05,0,0,0,0.0,0,F1,625,,,,,
2026-02-18,2026-02-18,FO,NSE,STO,76426,,AXISBANK,,2026-02-24,2026-02-24,1380.0,CE,AXISBANK26FEB1380CE,5.15,8.8,3.3,8.15,8.1,4.6,1377.0,8.15,3525625,-25000,12283,10647028937.5,9192,F1,625,,,,,
2026-02-18,2026-02-18,FO,NSE,STO,72133,,AXISBANK,,2026-03-30,2026-03-30,1440.0,CE,AXISBANK26MAR1440CE,10.15,13.45,8.8,12.7,9.3,9.35,1377.0,12.7,45000,30625,85,77129593.75,78,F1,625,,,,,
2026-02-18,2026-02-18,FO,NSE,STO,72137,,AXISBANK,,2026-03-30,2026-03-30,1480.0,CE,AXISBANK26MAR1480CE,5.0,6.8,4.8,6.65,6.8,4.85,1377.0,6.65,18750,8125,28,26005968.75,26,F1,625,,,,,
2026-02-18,2026-02-18,FO,NSE,STO,84955,,AXISBANK,,2026-03-30,2026-03-30,1510.0,CE,AXISBANK26MAR1510CE,0.0,0.0,0.0,9.15,0.0,9.15,1377.0,6.4,0,0,0,0.0,0,F1,625,,,,,
2026-02-18,2026-02-18,FO,NSE,STO,72191,,AXISBANK,,2026-03-30,2026-03-30,1540.0,CE,AXISBANK26MAR1540CE,2.7,3.3,2.45,2.75,2.75,3.4,1377.0,2.75,4375,1250,8,7713406.25,8,F1,625,,,,,
2026-02-18,2026-02-18,FO,NSE,STO,85181,,AXISBANK,,2026-04-28,2026-04-28,1380.0,CE,AXISBANK26APR1380CE,0.0,0.0,0.0,50.8,0.0,50.8,1377.0,58.95,0,0,0,0.0,0,F1,625,,,,,
2026-02-18,2026-02-18,FO,NSE,STO,76476,,AXISBANK,,2026-02-24,2026-02-24,1520.0,CE,AXISBANK26FEB1520CE,0.15,0.15,0.05,0.05,0.05,0.15,1377.0,0.05,818750,-5000,132,125407156.25,68,F1,625,,,,,
2026-02-18,2026-02-18,FO,NSE,STO,72007,,AXISBANK,,2026-02-24,2026-02-24,1330.0,CE,AXISBANK26FEB1330CE,33.3,46.7,27.35,45.7,45.3,30.35,1377.0,45.7,1325000,-99375,600,513206625.0,518,F1,625,,,,,
2026-02-18,2026-02-18,FO,NSE,STO,76394,,AXISBANK,,2026-02-24,2026-02-24,1280.0,CE,AXISBANK26FEB1280CE,75.95,93.75,75.95,93.75,93.75,76.95,1377.0,98.2,73125,-3125,16,13623968.75,15,F1,625,,,,,
2026-02-18,2026-02-18,FO,NSE,STO,84938,,AXISBANK,,2026-03-30,2026-03-30,1350.0,PE,AXISBANK26MAR1350PE,25.05,27.45,19.25,19.65,20.3,27.2,1377.0,19.65,243750,29375,147,126038750.0,133,F1,625,,,,,
2026-02-18,2026-02-18,FO,NSE,STO,72112,,AXISBANK,,2026-03-30,2026-03-30,1220.0,PE,AXISBANK26MAR1220PE,3.3,3.3,2.5,2.55,2.55,6.4,1377.0,2.55,1875,1875,8,6113656.25,8,F1,625,,,,,
2026-02-18,2026-02-18,FO,NSE,STO,72124,,AXISBANK,,2026-03-30,2026-03-30,1340.0,PE,AXISBANK26MAR1340PE,21.5,22.75,16.35,16.65,16.95,22.7,1377.0,16.65,126250,33750,108,91668000.0,88,F1,625,,,,,
2026-02-18,2026-02-18,FO,NSE,STO,85274,,AXISBANK,,2026-04-28,2026-04-28,1400.0,PE,AXISBANK26APR1400PE,0.0,0.0,0.0,106.55,0.0,106.55,1377.0,57.85,0,0,0,0.0,0,F1,625,,,,,
2026-02-18,2026-02-18,FO,NSE,STO,84924,,AXISBANK,,2026-03-30,2026-03-30,1210.0,PE,AXISBANK26MAR1210PE,0.0,0.0,0.0,5.7,5.75,5.7,1377.0,1.25,46250,0,0,0.0,0,F1,625,,,,,
2026-02-18,2026-02-18,FO,NSE,STO,72110,,AXISBANK,,2026-03-30,2026-03-30,1200.0,PE,AXISBANK26MAR1200PE,2.6,2.75,1.9,1.95,2.0,2.95,1377.0,1.95,131875,-30625,134,100678750.0,88,F1,625,,,,,
2026-02-18,2026-02-18,FO,NSE,STO,72024,,AXISBANK,,2026-02-24,2026-02-24,1430.0,PE,AXISBANK26FEB1430PE,0.0,0.0,0.0,83.6,82.7,83.6,1377.0,53.6,68750,0,0,0.0,0,F1,625,,,,,
2026-02-18,2026-02-18,FO,NSE,STO,71996,,AXISBANK,,2026-02-24,2026-02-24,1210.0,PE,AXISBANK26FEB1210PE,0.6,0.6,0.35,0.35,0.35,0.8,1377.0,0.35,62500,-22500,72,54472531.25,44,F1,625,,,,,
2026-02-18,2026-02-18,FO,NSE,STO,85057,,AXISBANK,,2026-04-28,2026-04-28,1240.0,PE,AXISBANK26APR1240PE,0.0,0.0,0.0,29.7,0.0,29.7,1377.0,7.3,0,0,0,0.0,0,F1,625,,,,,
2026-02-18,2026-02-18,FO,NSE,STO,71994,,AXISBANK,,2026-02-24,2026-02-24,1190.0,PE,AXISBANK26FEB1190PE,0.3,0.3,0.3,0.3,0.3,0.65,1377.0,0.05,75000,-8125,13,9671187.5,11,F1,625,,,,,
2026-02-18,2026-02-18,FO,NSE,STO,85051,,AXISBANK,,2026-04-28,2026-04-28,1220.0,CE,AXISBANK26APR1220CE,0.0,0.0,0.0,138.6,0.0,138.6,1377.0,174.7,0,0,0,0.0,0,F1,625,,,,,
2026-02-18,2026-02-18,FO,NSE,STO,84961,,AXISBANK,,2026-03-30,2026-03-30,1570.0,CE,AXISBANK26MAR1570CE,0.0,0.0,0.0,4.3,0.0,4.3,1377.0,2.0,0,0,0,0.0,0,F1,625,,,,,
2026-02-18,2026-02-18,FO,NSE,STO,72144,,AXISBANK,,2026-03-30,2026-03-30,1520.0,CE,AXISBANK26MAR1520CE,2.95,2.95,2.95,2.95,2.95,2.9,1377.0,5.35,21875,0,1,951843.75,1,F1,625,,,,,
2026-02-18,2026-02-18,FO,NSE,STO,72139,,AXISBANK,,2026-03-30,2026-03-30,1500.0,CE,AXISBANK26MAR1500CE,3.75,5.0,3.4,4.75,5.0,3.55,1377.0,4.75,135625,35000,235,220937906.25,173,F1,625,,,,,
2026-02-18,2026-02-18,FO,NSE,STO,72127,,AXISBANK,,2026-03-30,2026-03-30,1380.0,CE,AXISBANK26MAR1380CE,25.4,36.0,25.2,35.15,35.2,25.95,1377.0,35.15,163125,118750,381,336515156.25,309,F1,625,,,,,
2026-02-18,2026-02-18,FO,NSE,STO,72125,,AXISBANK,,2026-03-30,2026-03-30,1360.0,CE,AXISBANK26MAR1360CE,35.3,47.3,34.0,46.05,47.3,35.3,1377.0,46.05,101250,53750,334,292450843.75,253,F1,625,,,,,
2026-02-18,2026-02-18,FO,NSE,STO,72101,,AXISBANK,,2026-03-30,2026-03-30,1120.0,CE,AXISBANK26MAR1120CE,0.0,0.0,0.0,156.4,0.0,156.4,1377.0,263.8,0,0,0,0.0,0,F1,625,,,,,
2026-02-18,2026-02-18,FO,NSE,STO,72003,,AXISBANK,,2026-02-24,2026-02-24,1290.0,CE,AXISBANK26FEB1290CE,71.9,76.15,65.25,73.35,73.35,64.55,1377.0,88.3,53125,-6250,32,27188687.5,31,F1,625,,,,,
2026-02-18,2026-02-18,FO,NSE,STO,84936,,AXISBANK,,2026-03-30,2026-03-30,1330.0,PE,AXISBANK26MAR1330PE,18.0,18.0,13.75,14.05,14.85,20.85,1377.0,14.05,18125,9375,49,41188343.75,40,F1,625,,,,,
2026-02-18,2026-02-18,FO,NSE,STO,76444,,AXISBANK,,2026-02-24,2026-02-24,1460.0,PE,AXISBANK26FEB1460PE,0.0,0.0,0.0,119.0,119.0,119.0,1377.0,82.0,1875,0,0,0.0,0,F1,625,,,,,
2026-02-18,2026-02-18,FO,NSE,STO,76425,,AXISBANK,,2026-02-24,2026-02-24,1360.0,PE,AXISBANK26FEB1360PE,15.6,17.0,4.9,5.3,5.15,16.3,1377.0,5.3,1153125,336250,5720,4893780625.0,4590,F1,625,,,,,
2026-02-18,2026-02-18,FO,NSE,STO,76379,,AXISBANK,,2026-02-24,2026-02-24,1120.0,PE,AXISBANK26FEB1120PE,0.0,0.0,0.0,0.4,0.4,0.4,1377.0,0.05,50625,0,0,0.0,0,F1,625,,,,,
2026-02-18,2026-02-18,FO,NSE,STO,84957,,AXISBANK,,2026-03-30,2026-03-30,1530.0,CE,AXISBANK26MAR1530CE,0.0,0.0,0.0,7.2,0.0,7.2,1377.0,4.45,0,0,0,0.0,0,F1,625,,,,,
2026-02-18,2026-02-18,FO,NSE,STO,85285,,AXISBANK,,2026-04-28,2026-04-28,1480.0,PE,AXISBANK26APR1480PE,0.0,0.0,0.0,164.45,0.0,164.45,1377.0,109.6,0,0,0,0.0,0,F1,625,,,,,
2026-02-18,2026-02-18,FO,NSE,STO,84949,,AXISBANK,,2026-03-30,2026-03-30,1470.0,CE,AXISBANK26MAR1470CE,7.05,8.0,7.05,8.0,8.0,14.55,1377.0,8.0,1250,1250,3,2770218.75,3,F1,625,,,,,
2026-02-18,2026-02-18,FO,NSE,STO,85284,,AXISBANK,,2026-04-28,2026-04-28,1480.0,CE,AXISBANK26APR1480CE,0.0,0.0,0.0,22.95,0.0,22.95,1377.0,21.95,0,0,0,0.0,0,F1,625,,,,,
2026-02-18,2026-02-18,FO,NSE,STO,71984,,AXISBANK,,2026-02-24,2026-02-24,1150.0,PE,AXISBANK26FEB1150PE,0.15,0.15,0.15,0.15,0.15,0.25,1377.0,0.15,273750,-4375,23,16533406.25,13,F1,625,,,,,
2026-02-18,2026-02-18,FO,NSE,STO,76383,,AXISBANK,,2026-02-24,2026-02-24,1160.0,PE,AXISBANK26FEB1160PE,0.3,0.3,0.2,0.2,0.2,0.4,1377.0,0.05,76875,-5625,19,13778125.0,9,F1,625,,,,,
2026-02-18,2026-02-18,FO,NSE,STO,76393,,AXISBANK,,2026-02-24,2026-02-24,1260.0,PE,AXISBANK26FEB1260PE,1.3,1.4,0.65,0.7,0.65,1.4,1377.0,0.7,242500,-17500,674,531184156.25,476,F1,625,,,,,
2026-02-18,2026-02-18,FO,NSE,STO,76429,,AXISBANK,,2026-02-24,2026-02-24,1380.0,PE,AXISBANK26FEB1380PE,25.0,30.75,12.9,13.75,13.75,29.6,1377.0,13.75,486250,128750,1630,1423160843.75,1433,F1,625,,,,,
2026-02-18,2026-02-18,FO,NSE,STO,76440,,AXISBANK,,2026-02-24,2026-02-24,1440.0,PE,AXISBANK26FEB1440PE,0.0,0.0,0.0,83.75,83.75,83.75,1377.0,62.8,63750,0,0,0.0,0,F1,625,,,,,
2026-02-18,2026-02-18,FO,NSE,STO,72026,,AXISBANK,,2026-02-24,2026-02-24,1450.0,PE,AXISBANK26FEB1450PE,0.0,0.0,0.0,97.1,97.1,97.1,1377.0,72.3,3125,0,0,0.0,0,F1,625,,,,,
2026-02-18,2026-02-18,FO,NSE,STO,72120,,AXISBANK,,2026-03-30,2026-03-30,1300.0,PE,AXISBANK26MAR1300PE,11.7,12.2,8.35,8.7,9.0,12.15,1377.0,8.7,193125,28750,342,279983187.5,247,F1,625,,,,,
2026-02-18,2026-02-18,FO,NSE,STO,84973,,AXISBANK,,2026-03-30,2026-03-30,1590.0,PE,AXISBANK26MAR1590PE,0.0,0.0,0.0,260.9,0.0,260.9,1377.0,204.75,0,0,0,0.0,0,F1,625,,,,,
2026-02-18,2026-02-18,FO,NSE,STO,85278,,AXISBANK,,2026-04-28,2026-04-28,1440.0,PE,AXISBANK26APR1440PE,0.0,0.0,0.0,134.15,0.0,134.15,1377.0,81.65,0,0,0,0.0,0,F1,625,,,,,
2026-02-18,2026-02-18,FO,NSE,STO,85271,,AXISBANK,,2026-04-28,2026-04-28,1400.0,CE,AXISBANK26APR1400CE,0.0,0.0,0.0,43.75,0.0,43.75,1377.0,49.35,0,0,0,0.0,0,F1,625,,,,,
2026-02-18,2026-02-18,FO,NSE,STO,72103,,AXISBANK,,2026-03-30,2026-03-30,1140.0,CE,AXISBANK26MAR1140CE,0.0,0.0,0.0,140.8,0.0,140.8,1377.0,243.95,0,0,0,0.0,0,F1,625,,,,,
2026-02-18,2026-02-18,FO,NSE,STO,76432,,AXISBANK,,2026-02-24,2026-02-24,1400.0,CE,AXISBANK26FEB1400CE,2.2,3.95,1.4,3.25,3.2,2.15,1377.0,3.25,2813125,15625,7312,6411234500.0,4357,F1,625,,,,,
2026-02-18,2026-02-18,FO,NSE,STO,76390,,AXISBANK,,2026-02-24,2026-02-24,1240.0,CE,AXISBANK26FEB1240CE,0.0,0.0,0.0,91.75,91.75,91.75,1377.0,138.1,71250,0,0,0.0,0,F1,625,,,,,
2026-02-18,2026-02-18,FO,NSE,STF,51813,,AXISBANK,,2026-03-30,2026-03-30,,,AXISBANK26MARFUT,1374.0,1385.3,1360.6,1384.0,1384.5,1364.6,1377.0,1384.0,15673750,9863750,17639,15151386687.5,13159,F1,625,,,,,
2026-02-18,2026-02-18,FO,NSE,STO,84926,,AXISBANK,,2026-03-30,2026-03-30,1230.0,PE,AXISBANK26MAR1230PE,3.55,4.0,3.55,4.0,4.0,4.95,1377.0,2.2,9375,1250,2,1542218.75,2,F1,625,,,,,
2026-02-18,2026-02-18,FO,NSE,STO,84962,,AXISBANK,,2026-03-30,2026-03-30,1570.0,PE,AXISBANK26MAR1570PE,0.0,0.0,0.0,242.1,0.0,242.1,1377.0,185.6,0,0,0,0.0,0,F1,625,,,,,
2026-02-18,2026-02-18,FO,NSE,STO,85266,,AXISBANK,,2026-04-28,2026-04-28,1380.0,PE,AXISBANK26APR1380PE,0.0,0.0,0.0,93.9,0.0,93.9,1377.0,47.65,0,0,0,0.0,0,F1,625,,,,,
2026-02-18,2026-02-18,FO,NSE,STO,85276,,AXISBANK,,2026-04-28,2026-04-28,1420.0,PE,AXISBANK26APR1420PE,0.0,0.0,0.0,119.95,0.0,119.95,1377.0,69.2,0,0,0,0.0,0,F1,625,,,,,
2026-02-18,2026-02-18,FO,NSE,STO,85291,,AXISBANK,,2026-04-28,2026-04-28,1500.0,PE,AXISBANK26APR1500PE,0.0,0.0,0.0,180.5,0.0,180.5,1377.0,124.95,0,0,0,0.0,0,F1,625,,,,,
2026-02-18,2026-02-18,FO,NSE,STO,85306,,AXISBANK,,2026-04-28,2026-04-28,1560.0,CE,AXISBANK26APR1560CE,0.0,0.0,0.0,11.1,0.0,11.1,1377.0,8.3,0,0,0,0.0,0,F1,625,,,,,
2026-02-18,2026-02-18,FO,NSE,STO,76381,,AXISBANK,,2026-02-24,2026-02-24,1140.0,PE,AXISBANK26FEB1140PE,0.35,0.35,0.1,0.15,0.15,0.3,1377.0,0.15,79375,625,33,23516000.0,30,F1,625,,,,,
2026-02-18,2026-02-18,FO,NSE,STO,76397,,AXISBANK,,2026-02-24,2026-02-24,1300.0,PE,AXISBANK26FEB1300PE,2.35,2.35,1.0,1.05,1.0,2.35,1377.0,1.05,1368750,-83750,2879,2342039718.75,1654,F1,625,,,,,
2026-02-18,2026-02-18,FO,NSE,STO,72121,,AXISBANK,,2026-03-30,2026-03-30,1320.0,CE,AXISBANK26MAR1320CE,0.0,0.0,0.0,41.4,0.0,41.4,1377.0,80.3,0,0,0,0.0,0,F1,625,,,,,
2026-02-18,2026-02-18,FO,NSE,STF,66717,,AXISBANK,,2026-04-28,2026-04-28,,,AXISBANK26APRFUT,1378.0,1393.0,1371.5,1392.2,1392.6,1373.0,1377.0,1392.2,315625,10625,51,44188937.5,46,F1,625,,,,,
2026-02-18,2026-02-18,FO,NSE,STO,71997,,AXISBANK,,2026-02-24,2026-02-24,1230.0,CE,AXISBANK26FEB1230CE,126.5,145.05,126.5,145.05,145.05,128.05,1377.0,145.05,40625,15625,32,27347531.25,16,F1,625,,,,,
2026-02-18,2026-02-18,FO,NSE,STO,76398,,AXISBANK,,2026-02-24,2026-02-24,1320.0,CE,AXISBANK26FEB1320CE,43.0,56.45,36.7,55.45,54.55,38.9,1377.0,55.45,710625,-146875,421,360187687.5,404,F1,625,,,,,
2026-02-18,2026-02-18,FO,NSE,STO,72021,,AXISBANK,,2026-02-24,2026-02-24,1410.0,CE,AXISBANK26FEB1410CE,1.6,2.5,0.95,2.05,2.15,1.5,1377.0,2.05,1106250,-23125,1841,1624435531.25,1158,F1,625,,,,,
2026-02-18,2026-02-18,FO,NSE,STO,72025,,AXISBANK,,2026-02-24,2026-02-24,1450.0,CE,AXISBANK26FEB1450CE,0.5,0.8,0.5,0.75,0.75,0.7,1377.0,0.75,827500,-26250,911,825973875.0,399,F1,625,,,,,
2026-02-18,2026-02-18,FO,NSE,STO,72039,,AXISBANK,,2026-02-24,2026-02-24,1570.0,CE,AXISBANK26FEB1570CE,0.0,0.0,0.0,0.7,0.0,0.7,1377.0,0.05,0,0,0,0.0,0,F1,625,,,,,
2026-02-18,2026-02-18,FO,NSE,STO,84923,,AXISBANK,,2026-03-30,2026-03-30,1210.0,CE,AXISBANK26MAR1210CE,0.0,0.0,0.0,133.05,0.0,133.05,1377.0,175.55,0,0,0,0.0,0,F1,625,,,,,
2026-02-18,2026-02-18,FO,NSE,STO,84933,,AXISBANK,,2026-03-30,2026-03-30,1310.0,CE,AXISBANK26MAR1310CE,0.0,0.0,0.0,69.0,69.0,69.0,1377.0,87.7,1250,0,0,0.0,0,F1,625,,,,,
2026-02-18,2026-02-18,FO,NSE,STO,72129,,AXISBANK,,2026-03-30,2026-03-30,1400.0,CE,AXISBANK26MAR1400CE,19.65,26.5,16.95,25.65,26.45,18.6,1377.0,25.65,396875,82500,1215,1080797250.0,893,F1,625,,,,,
2026-02-18,2026-02-18,FO,NSE,STO,85045,,AXISBANK,,2026-04-28,2026-04-28,1160.0,CE,AXISBANK26APR1160CE,0.0,0.0,0.0,185.3,0.0,185.3,1377.0,230.45,0,0,0,0.0,0,F1,625,,,,,
2026-02-18,2026-02-18,FO,NSE,STO,85079,,AXISBANK,,2026-04-28,2026-04-28,1280.0,CE,AXISBANK26APR1280CE,0.0,0.0,0.0,98.95,0.0,98.95,1377.0,124.1,0,0,0,0.0,0,F1,625,,,,,
2026-02-18,2026-02-18,FO,NSE,STO,85113,,AXISBANK,,2026-04-28,2026-04-28,1340.0,CE,AXISBANK26APR1340CE,0.0,0.0,0.0,67.4,0.0,67.4,1377.0,81.65,0,0,0,0.0,0,F1,625,,,,,
2026-02-18,2026-02-18,FO,NSE,STO,85279,,AXISBANK,,2026-04-28,2026-04-28,1460.0,CE,AXISBANK26APR1460CE,0.0,0.0,0.0,27.2,0.0,27.2,1377.0,27.25,0,0,0,0.0,0,F1,625,,,,,
2026-02-18,2026-02-18,FO,NSE,STO,76419,,AXISBANK,,2026-02-24,2026-02-24,1340.0,PE,AXISBANK26FEB1340PE,7.55,7.9,2.0,2.15,2.05,7.7,1377.0,2.15,1082500,-31875,4563,3833895125.0,3221,F1,625,,,,,
2026-02-18,2026-02-18,FO,NSE,STO,72022,,AXISBANK,,2026-02-24,2026-02-24,1410.0,PE,AXISBANK26FEB1410PE,0.0,0.0,0.0,73.0,73.0,73.0,1377.0,36.55,4375,0,0,0.0,0,F1,625,,,,,
2026-02-18,2026-02-18,FO,NSE,STO,76446,,AXISBANK,,2026-02-24,2026-02-24,1480.0,PE,AXISBANK26FEB1480PE,0.0,0.0,0.0,118.0,118.0,118.0,1377.0,101.75,0,0,0,0.0,0,F1,625,,,,,
2026-02-18,2026-02-18,FO,NSE,STO,76481,,AXISBANK,,2026-02-24,2026-02-24,1540.0,PE,AXISBANK26FEB1540PE,0.0,0.0,0.0,257.25,0.0,257.25,1377.0,161.6,0,0,0,0.0,0,F1,625,,,,,
2026-02-18,2026-02-18,FO,NSE,STO,72108,,AXISBANK,,2026-03-30,2026-03-30,1180.0,PE,AXISBANK26MAR1180PE,0.0,0.0,0.0,28.55,0.0,28.55,1377.0,0.5,0,0,0,0.0,0,F1,625,,,,,
2026-02-18,2026-02-18,FO,NSE,STO,76473,,AXISBANK,,2026-02-24,2026-02-24,1500.0,PE,AXISBANK26FEB1500PE,0.0,0.0,0.0,221.3,0.0,221.3,1377.0,121.65,0,0,0,0.0,0,F1,625,,,,,
2026-02-18,2026-02-18,FO,NSE,STO,76395,,AXISBANK,,2026-02-24,2026-02-24,1280.0,PE,AXISBANK26FEB1280PE,1.5,1.7,0.8,0.85,0.85,1.7,1377.0,0.85,511875,-9375,891,713426031.25,676,F1,625,,,,,
2026-02-18,2026-02-18,FO,NSE,STO,76389,,AXISBANK,,2026-02-24,2026-02-24,1220.0,PE,AXISBANK26FEB1220PE,0.75,0.8,0.5,0.55,0.5,0.95,1377.0,0.55,220625,-71250,206,157166843.75,126,F1,625,,,,,
2026-02-18,2026-02-18,FO,NSE,STO,72012,,AXISBANK,,2026-02-24,2026-02-24,1370.0,PE,AXISBANK26FEB1370PE,19.05,22.9,8.05,8.6,8.4,22.05,1377.0,8.6,885000,500000,5431,4690084812.5,4317,F1,625,,,,,
2026-02-18,2026-02-18,FO,NSE,STO,71983,,AXISBANK,,2026-02-24,2026-02-24,1150.0,CE,AXISBANK26FEB1150CE,0.0,0.0,0.0,178.0,178.0,178.0,1377.0,228.05,10625,0,0,0.0,0,F1,625,,,,,
2026-02-18,2026-02-18,FO,NSE,STO,71985,,AXISBANK,,2026-02-24,2026-02-24,1170.0,CE,AXISBANK26FEB1170CE,0.0,0.0,0.0,153.35,153.35,153.35,1377.0,208.05,4375,0,0,0.0,0,F1,625,,,,,
2026-02-18,2026-02-18,FO,NSE,STO,71993,,AXISBANK,,2026-02-24,2026-02-24,1190.0,CE,AXISBANK26FEB1190CE,0.0,0.0,0.0,99.35,99.35,99.35,1377.0,188.1,625,0,0,0.0,0,F1,625,,,,,
2026-02-18,2026-02-18,FO,NSE,STO,72009,,AXISBANK,,2026-02-24,2026-02-24,1350.0,CE,AXISBANK26FEB1350CE,17.75,28.8,13.85,27.6,27.5,16.65,1377.0,27.6,1994375,-171250,3896,3338744218.75,3467,F1,625,,,,,
2026-02-18,2026-02-18,FO,NSE,STO,72011,,AXISBANK,,2026-02-24,2026-02-24,1370.0,CE,AXISBANK26FEB1370CE,7.95,13.8,5.5,12.9,13.0,7.3,1377.0,12.9,2831875,-70625,14739,12713875156.25,11913,F1,625,,,,,
2026-02-18,2026-02-18,FO,NSE,STO,76509,,AXISBANK,,2026-02-24,2026-02-24,1560.0,CE,AXISBANK26FEB1560CE,0.2,0.2,0.1,0.1,0.1,0.2,1377.0,0.05,18125,-625,5,4875437.5,5,F1,625,,,,,
2026-02-18,2026-02-18,FO,NSE,STO,84929,,AXISBANK,,2026-03-30,2026-03-30,1270.0,CE,AXISBANK26MAR1270CE,0.0,0.0,0.0,90.25,0.0,90.25,1377.0,120.4,0,0,0,0.0,0,F1,625,,,,,
2026-02-18,2026-02-18,FO,NSE,STO,84935,,AXISBANK,,2026-03-30,2026-03-30,1330.0,CE,AXISBANK26MAR1330CE,51.3,62.6,51.3,55.4,55.4,55.95,1377.0,73.2,4375,625,3,2599562.5,3,F1,625,,,,,
2026-02-18,2026-02-18,FO,NSE,STO,84937,,AXISBANK,,2026-03-30,2026-03-30,1350.0,CE,AXISBANK26MAR1350CE,42.85,53.8,39.15,53.0,52.45,40.8,1377.0,53.0,309375,12500,301,263009968.75,201,F1,625,,,,,
2026-02-18,2026-02-18,FO,NSE,STO,84945,,AXISBANK,,2026-03-30,2026-03-30,1430.0,CE,AXISBANK26MAR1430CE,10.5,16.0,10.5,16.0,16.0,10.5,1377.0,16.0,1875,1250,3,2707812.5,3,F1,625,,,,,
2026-02-18,2026-02-18,FO,NSE,STO,85049,,AXISBANK,,2026-04-28,2026-04-28,1200.0,CE,AXISBANK26APR1200CE,0.0,0.0,0.0,153.4,0.0,153.4,1377.0,192.85,0,0,0,0.0,0,F1,625,,,,,
2026-02-18,2026-02-18,FO,NSE,STO,85058,,AXISBANK,,2026-04-28,2026-04-28,1260.0,CE,AXISBANK26APR1260CE,0.0,0.0,0.0,111.25,0.0,111.25,1377.0,140.2,0,0,0,0.0,0,F1,625,,,,,
2026-02-18,2026-02-18,FO,NSE,STO,76375,,AXISBANK,,2026-02-24,2026-02-24,1080.0,PE,AXISBANK26FEB1080PE,0.0,0.0,0.0,0.4,0.4,0.4,1377.0,0.05,16875,0,0,0.0,0,F1,625,,,,,
2026-02-18,2026-02-18,FO,NSE,STO,85052,,AXISBANK,,2026-04-28,2026-04-28,1220.0,PE,AXISBANK26APR1220PE,0.0,0.0,0.0,24.1,0.0,24.1,1377.0,5.1,0,0,0,0.0,0,F1,625,,,,,
2026-02-18,2026-02-18,FO,NSE,STO,84950,,AXISBANK,,2026-03-30,2026-03-30,1470.0,PE,AXISBANK26MAR1470PE,0.0,0.0,0.0,153.35,0.0,153.35,1377.0,96.7,0,0,0,0.0,0,F1,625,,,,,
2026-02-18,2026-02-18,FO,NSE,STO,72130,,AXISBANK,,2026-03-30,2026-03-30,1400.0,PE,AXISBANK26MAR1400PE,48.0,48.0,41.05,41.9,42.0,54.0,1377.0,41.9,50000,26875,61,55038250.0,60,F1,625,,,,,
2026-02-18,2026-02-18,FO,NSE,STO,72114,,AXISBANK,,2026-03-30,2026-03-30,1240.0,PE,AXISBANK26MAR1240PE,3.4,3.4,3.4,3.4,3.4,5.6,1377.0,2.85,33750,0,1,777125.0,1,F1,625,,,,,
2026-02-18,2026-02-18,FO,NSE,STO,72104,,AXISBANK,,2026-03-30,2026-03-30,1140.0,PE,AXISBANK26MAR1140PE,0.0,0.0,0.0,3.2,3.2,3.2,1377.0,0.1,1250,0,0,0.0,0,F1,625,,,,,
2026-02-18,2026-02-18,FO,NSE,STO,117749,,HINDPETRO,,2026-03-30,2026-03-30,385.0,CE,HINDPETRO26MAR385CE,0.0,0.0,0.0,49.15,0.0,49.15,457.05,75.25,0,0,0,0.0,0,F1,2025,,,,,
2026-02-18,2026-02-18,FO,NSE,STO,118210,,HINDPETRO,,2026-04-28,2026-04-28,480.0,CE,HINDPETRO26APR480CE,0.0,0.0,0.0,14.15,0.0,14.15,457.05,18.0,0,0,0,0.0,0,F1,2025,,,,,
2026-02-18,2026-02-18,FO,NSE,STO,118154,,HINDPETRO,,2026-04-28,2026-04-28,440.0,CE,HINDPETRO26APR440CE,0.0,0.0,0.0,26.4,0.0,26.4,457.05,37.2,0,0,0,0.0,0,F1,2025,,,,,
2026-02-18,2026-02-18,FO,NSE,STO,117891,,HINDPETRO,,2026-04-28,2026-04-28,380.0,CE,HINDPETRO26APR380CE,0.0,0.0,0.0,58.35,0.0,58.35,457.05,83.15,0,0,0,0.0,0,F1,2025,,,,,
2026-02-18,2026-02-18,FO,NSE,STO,117878,,HINDPETRO,,2026-04-28,2026-04-28,350.0,CE,HINDPETRO26APR350CE,0.0,0.0,0.0,80.7,0.0,80.7,457.05,111.15,0,0,0,0.0,0,F1,2025,,,,,
2026-02-18,2026-02-18,FO,NSE,STO,106731,,HINDPETRO,,2026-03-30,2026-03-30,530.0,CE,HINDPETRO26MAR530CE,1.4,1.4,1.4,1.4,1.4,1.7,457.05,2.2,12150,2025,1,1076085.0,1,F1,2025,,,,,
2026-02-18,2026-02-18,FO,NSE,STO,117753,,HINDPETRO,,2026-03-30,2026-03-30,405.0,CE,HINDPETRO26MAR405CE,0.0,0.0,0.0,36.45,0.0,36.45,457.05,57.1,0,0,0,0.0,0,F1,2025,,,,,
2026-02-18,2026-02-18,FO,NSE,STO,106593,,HINDPETRO,,2026-03-30,2026-03-30,390.0,CE,HINDPETRO26MAR390CE,0.0,0.0,0.0,63.2,63.2,63.2,457.05,70.6,32400,0,0,0.0,0,F1,2025,,,,,
2026-02-18,2026-02-18,FO,NSE,STO,106577,,HINDPETRO,,2026-03-30,2026-03-30,360.0,CE,HINDPETRO26MAR360CE,0.0,0.0,0.0,116.35,0.0,116.35,457.05,99.35,0,0,0,0.0,0,F1,2025,,,,,
2026-02-18,2026-02-18,FO,NSE,STO,117812,,HINDPETRO,,2026-03-30,2026-03-30,495.0,CE,HINDPETRO26MAR495CE,0.0,0.0,0.0,4.75,4.75,4.75,457.05,7.35,4050,0,0,0.0,0,F1,2025,,,,,
2026-02-18,2026-02-18,FO,NSE,STO,117768,,HINDPETRO,,2026-03-30,2026-03-30,435.0,CE,HINDPETRO26MAR435CE,0.0,0.0,0.0,21.9,0.0,21.9,457.05,33.75,0,0,0,0.0,0,F1,2025,,,,,
2026-02-18,2026-02-18,FO,NSE,STO,106493,,HINDPETRO,,2026-02-24,2026-02-24,485.0,CE,HINDPETRO26FEB485CE,1.1,1.15,0.8,0.85,0.85,1.05,457.05,0.85,419175,4050,64,62974462.5,57,F1,2025,,,,,
2026-02-18,2026-02-18,FO,NSE,STO,118141,,HINDPETRO,,2026-04-28,2026-04-28,420.0,PE,HINDPETRO26APR420PE,0.0,0.0,0.0,29.35,0.0,29.35,457.05,9.05,0,0,0,0.0,0,F1,2025,,,,,
2026-02-18,2026-02-18,FO,NSE,STO,118139,,HINDPETRO,,2026-04-28,2026-04-28,410.0,PE,HINDPETRO26APR410PE,0.0,0.0,0.0,24.55,0.0,24.55,457.05,6.65,0,0,0,0.0,0,F1,2025,,,,,
2026-02-18,2026-02-18,FO,NSE,STO,117817,,HINDPETRO,,2026-03-30,2026-03-30,515.0,PE,HINDPETRO26MAR515PE,0.0,0.0,0.0,94.25,0.0,94.25,457.05,58.65,0,0,0,0.0,0,F1,2025,,,,,
2026-02-18,2026-02-18,FO,NSE,STO,106695,,HINDPETRO,,2026-03-30,2026-03-30,470.0,PE,HINDPETRO26MAR470PE,22.15,22.15,21.0,21.1,21.1,26.4,457.05,21.1,22275,8100,8,7961186.25,7,F1,2025,,,,,
2026-02-18,2026-02-18,FO,NSE,STO,106600,,HINDPETRO,,2026-03-30,2026-03-30,420.0,CE,HINDPETRO26MAR420CE,0.0,0.0,0.0,67.4,0.0,67.4,457.05,44.7,0,0,0,0.0,0,F1,2025,,,,,
2026-02-18,2026-02-18,FO,NSE,STO,117807,,HINDPETRO,,2026-03-30,2026-03-30,465.0,PE,HINDPETRO26MAR465PE,0.0,0.0,0.0,26.0,26.0,26.0,457.05,22.25,28350,0,0,0.0,0,F1,2025,,,,,
2026-02-18,2026-02-18,FO,NSE,STO,117805,,HINDPETRO,,2026-03-30,2026-03-30,455.0,PE,HINDPETRO26MAR455PE,0.0,0.0,0.0,45.85,0.0,45.85,457.05,17.05,0,0,0,0.0,0,F1,2025,,,,,
2026-02-18,2026-02-18,FO,NSE,STO,117771,,HINDPETRO,,2026-03-30,2026-03-30,445.0,PE,HINDPETRO26MAR445PE,0.0,0.0,0.0,11.9,11.9,11.9,457.05,12.65,18225,0,0,0.0,0,F1,2025,,,,,
2026-02-18,2026-02-18,FO,NSE,STO,106492,,HINDPETRO,,2026-02-24,2026-02-24,475.0,PE,HINDPETRO26FEB475PE,0.0,0.0,0.0,23.3,23.3,23.3,457.05,19.4,83025,0,0,0.0,0,F1,2025,,,,,
2026-02-18,2026-02-18,FO,NSE,STO,106486,,HINDPETRO,,2026-02-24,2026-02-24,445.0,PE,HINDPETRO26FEB445PE,2.5,3.2,1.8,1.9,1.85,3.35,457.05,1.9,372600,20250,326,295503288.75,313,F1,2025,,,,,
2026-02-18,2026-02-18,FO,NSE,STO,106480,,HINDPETRO,,2026-02-24,2026-02-24,415.0,PE,HINDPETRO26FEB415PE,0.5,0.5,0.35,0.35,0.35,0.5,457.05,0.05,192375,-2025,3,2523656.25,3,F1,2025,,,,,
2026-02-18,2026-02-18,FO,NSE,STO,118142,,HINDPETRO,,2026-04-28,2026-04-28,430.0,CE,HINDPETRO26APR430CE,0.0,0.0,0.0,30.55,0.0,30.55,457.05,43.5,0,0,0,0.0,0,F1,2025,,,,,
2026-02-18,2026-02-18,FO,NSE,STO,99557,,HINDPETRO,,2026-02-24,2026-02-24,450.0,PE,HINDPETRO26FEB450PE,4.3,5.0,2.85,3.05,3.0,5.1,457.05,3.05,1273725,-14175,568,522321108.75,480,F1,2025,,,,,
2026-02-18,2026-02-18,FO,NSE,STO,99563,,HINDPETRO,,2026-02-24,2026-02-24,480.0,PE,HINDPETRO26FEB480PE,25.0,26.6,23.3,23.6,23.6,27.5,457.05,23.6,168075,-93150,68,69695538.75,27,F1,2025,,,,,
2026-02-18,2026-02-18,FO,NSE,STO,117763,,HINDPETRO,,2026-03-30,2026-03-30,415.0,PE,HINDPETRO26MAR415PE,0.0,0.0,0.0,22.35,0.0,22.35,457.05,4.15,0,0,0,0.0,0,F1,2025,,,,,
2026-02-18,2026-02-18,FO,NSE,STO,117888,,HINDPETRO,,2026-04-28,2026-04-28,360.0,PE,HINDPETRO26APR360PE,0.0,0.0,0.0,7.95,0.0,7.95,457.05,0.85,0,0,0,0.0,0,F1,2025,,,,,
2026-02-18,2026-02-18,FO,NSE,STO,118137,,HINDPETRO,,2026-04-28,2026-04-28,400.0,PE,HINDPETRO26APR400PE,0.0,0.0,0.0,20.25,0.0,20.25,457.05,4.7,0,0,0,0.0,0,F1,2025,,,,,
2026-02-18,2026-02-18,FO,NSE,STO,118195,,HINDPETRO,,2026-04-28,2026-04-28,460.0,PE,HINDPETRO26APR460PE,0.0,0.0,0.0,53.1,0.0,53.1,457.05,24.6,0,0,0,0.0,0,F1,2025,,,,,
2026-02-18,2026-02-18,FO,NSE,STO,106489,,HINDPETRO,,2026-02-24,2026-02-24,465.0,CE,HINDPETRO26FEB465CE,3.8,4.45,3.0,3.45,3.35,3.35,457.05,3.45,611550,-32400,680,645088961.25,590,F1,2025,,,,,
2026-02-18,2026-02-18,FO,NSE,STO,106477,,HINDPETRO,,2026-02-24,2026-02-24,405.0,CE,HINDPETRO26FEB405CE,0.0,0.0,0.0,33.5,33.55,33.5,457.05,52.4,58725,0,0,0.0,0,F1,2025,,,,,
2026-02-18,2026-02-18,FO,NSE,STO,106471,,HINDPETRO,,2026-02-24,2026-02-24,375.0,CE,HINDPETRO26FEB375CE,0.0,0.0,0.0,98.75,0.0,98.75,457.05,82.4,0,0,0,0.0,0,F1,2025,,,,,
2026-02-18,2026-02-18,FO,NSE,STO,106596,,HINDPETRO,,2026-03-30,2026-03-30,400.0,CE,HINDPETRO26MAR400CE,0.0,0.0,0.0,54.5,54.5,54.5,457.05,61.5,20250,0,0,0.0,0,F1,2025,,,,,
2026-02-18,2026-02-18,FO,NSE,STO,117755,,HINDPETRO,,2026-03-30,2026-03-30,415.0,CE,HINDPETRO26MAR415CE,0.0,0.0,0.0,31.05,0.0,31.05,457.05,48.7,0,0,0,0.0,0,F1,2025,,,,,
2026-02-18,2026-02-18,FO,NSE,STO,106589,,HINDPETRO,,2026-03-30,2026-03-30,370.0,CE,HINDPETRO26MAR370CE,0.0,0.0,0.0,107.45,0.0,107.45,457.05,89.6,0,0,0,0.0,0,F1,2025,,,,,
2026-02-18,2026-02-18,FO,NSE,STO,117743,,HINDPETRO,,2026-03-30,2026-03-30,355.0,CE,HINDPETRO26MAR355CE,0.0,0.0,0.0,72.25,0.0,72.25,457.05,104.3,0,0,0,0.0,0,F1,2025,,,,,
2026-02-18,2026-02-18,FO,NSE,STO,118143,,HINDPETRO,,2026-04-28,2026-04-28,430.0,PE,HINDPETRO26APR430PE,0.0,0.0,0.0,34.6,0.0,34.6,457.05,12.0,0,0,0,0.0,0,F1,2025,,,,,
2026-02-18,2026-02-18,FO,NSE,STO,106732,,HINDPETRO,,2026-03-30,2026-03-30,530.0,PE,HINDPETRO26MAR530PE,0.0,0.0,0.0,69.6,0.0,69.6,457.05,72.0,0,0,0,0.0,0,F1,2025,,,,,
2026-02-18,2026-02-18,FO,NSE,STO,117747,,HINDPETRO,,2026-03-30,2026-03-30,375.0,CE,HINDPETRO26MAR375CE,0.0,0.0,0.0,56.35,0.0,56.35,457.05,84.75,0,0,0,0.0,0,F1,2025,,,,,
2026-02-18,2026-02-18,FO,NSE,STO,106591,,HINDPETRO,,2026-03-30,2026-03-30,380.0,CE,HINDPETRO26MAR380CE,0.0,0.0,0.0,98.75,0.0,98.75,457.05,80.0,0,0,0,0.0,0,F1,2025,,,,,
2026-02-18,2026-02-18,FO,NSE,STO,106700,,HINDPETRO,,2026-03-30,2026-03-30,490.0,CE,HINDPETRO26MAR490CE,5.5,5.55,5.3,5.55,5.55,5.5,457.05,8.55,38475,4050,3,3009858.75,3,F1,2025,,,,,
2026-02-18,2026-02-18,FO,NSE,STO,99616,,HINDPETRO,,2026-02-24,2026-02-24,520.0,CE,HINDPETRO26FEB520CE,0.2,0.25,0.1,0.15,0.15,0.25,457.05,0.15,591300,26325,31,32654846.25,20,F1,2025,,,,,
2026-02-18,2026-02-18,FO,NSE,STO,117741,,HINDPETRO,,2026-03-30,2026-03-30,345.0,CE,HINDPETRO26MAR345CE,0.0,0.0,0.0,80.8,0.0,80.8,457.05,114.15,0,0,0,0.0,0,F1,2025,,,,,
2026-02-18,2026-02-18,FO,NSE,STO,106703,,HINDPETRO,,2026-03-30,2026-03-30,490.0,PE,HINDPETRO26MAR490PE,34.55,34.55,33.7,33.7,33.7,42.85,457.05,33.7,8100,8100,4,4243691.25,3,F1,2025,,,,,
2026-02-18,2026-02-18,FO,NSE,STO,106599,,HINDPETRO,,2026-03-30,2026-03-30,410.0,PE,HINDPETRO26MAR410PE,2.7,3.0,2.5,2.5,2.5,4.5,457.05,3.3,76950,2025,9,7521963.75,7,F1,2025,,,,,
2026-02-18,2026-02-18,FO,NSE,STO,106500,,HINDPETRO,,2026-02-24,2026-02-24,515.0,PE,HINDPETRO26FEB515PE,0.0,0.0,0.0,54.15,0.0,54.15,457.05,57.5,0,0,0,0.0,0,F1,2025,,,,,
2026-02-18,2026-02-18,FO,NSE,STO,99545,,HINDPETRO,,2026-02-24,2026-02-24,420.0,PE,HINDPETRO26FEB420PE,0.55,0.6,0.4,0.4,0.4,0.55,457.05,0.4,816075,-2025,23,19584281.25,22,F1,2025,,,,,
2026-02-18,2026-02-18,FO,NSE,STO,99535,,HINDPETRO,,2026-02-24,2026-02-24,380.0,PE,HINDPETRO26FEB380PE,0.1,0.1,0.05,0.1,0.1,0.15,457.05,0.05,269325,-12150,10,7696721.25,9,F1,2025,,,,,
2026-02-18,2026-02-18,FO,NSE,STO,106704,,HINDPETRO,,2026-03-30,2026-03-30,500.0,CE,HINDPETRO26MAR500CE,4.3,4.6,3.7,3.85,3.75,3.9,457.05,3.85,386775,36450,59,60215602.5,49,F1,2025,,,,,
2026-02-18,2026-02-18,FO,NSE,STO,117767,,HINDPETRO,,2026-03-30,2026-03-30,425.0,PE,HINDPETRO26MAR425PE,5.0,5.0,5.0,5.0,5.0,6.1,457.05,6.25,14175,2025,3,2612250.0,3,F1,2025,,,,,
2026-02-18,2026-02-18,FO,NSE,STO,117886,,HINDPETRO,,2026-04-28,2026-04-28,350.0,PE,HINDPETRO26APR350PE,0.0,0.0,0.0,6.0,0.0,6.0,457.05,0.5,0,0,0,0.0,0,F1,2025,,,,,
2026-02-18,2026-02-18,FO,NSE,STO,118209,,HINDPETRO,,2026-04-28,2026-04-28,470.0,PE,HINDPETRO26APR470PE,0.0,0.0,0.0,60.05,0.0,60.05,457.05,30.0,0,0,0,0.0,0,F1,2025,,,,,
2026-02-18,2026-02-18,FO,NSE,STO,106469,,HINDPETRO,,2026-02-24,2026-02-24,365.0,CE,HINDPETRO26FEB365CE,0.0,0.0,0.0,108.1,0.0,108.1,457.05,92.4,0,0,0,0.0,0,F1,2025,,,,,
2026-02-18,2026-02-18,FO,NSE,STO,99534,,HINDPETRO,,2026-02-24,2026-02-24,380.0,CE,HINDPETRO26FEB380CE,0.0,0.0,0.0,87.75,0.0,87.75,457.05,77.4,0,0,0,0.0,0,F1,2025,,,,,
2026-02-18,2026-02-18,FO,NSE,STO,99540,,HINDPETRO,,2026-02-24,2026-02-24,400.0,CE,HINDPETRO26FEB400CE,0.0,0.0,0.0,51.0,51.0,51.0,457.05,57.4,107325,0,0,0.0,0,F1,2025,,,,,
2026-02-18,2026-02-18,FO,NSE,STO,106481,,HINDPETRO,,2026-02-24,2026-02-24,425.0,CE,HINDPETRO26FEB425CE,0.0,0.0,0.0,28.65,28.65,28.65,457.05,32.7,119475,0,0,0.0,0,F1,2025,,,,,
2026-02-18,2026-02-18,FO,NSE,STO,106495,,HINDPETRO,,2026-02-24,2026-02-24,495.0,CE,HINDPETRO26FEB495CE,0.55,0.55,0.5,0.5,0.5,0.6,457.05,0.2,184275,-2025,29,29099553.75,23,F1,2025,,,,,
2026-02-18,2026-02-18,FO,NSE,STO,106499,,HINDPETRO,,2026-02-24,2026-02-24,515.0,CE,HINDPETRO26FEB515CE,0.0,0.0,0.0,0.3,0.3,0.3,457.05,0.05,56700,0,0,0.0,0,F1,2025,,,,,
2026-02-18,2026-02-18,FO,NSE,STO,118218,,HINDPETRO,,2026-04-28,2026-04-28,500.0,CE,HINDPETRO26APR500CE,0.0,0.0,0.0,10.05,0.0,10.05,457.05,11.85,0,0,0,0.0,0,F1,2025,,,,,
2026-02-18,2026-02-18,FO,NSE,STO,41567,,HINDPETRO,,2026-02-24,2026-02-24,355.0,PE,HINDPETRO26FEB355PE,0.0,0.0,0.0,0.2,0.0,0.2,457.05,0.05,0,0,0,0.0,0,F1,2025,,,,,
2026-02-18,2026-02-18,FO,NSE,STO,106484,,HINDPETRO,,2026-02-24,2026-02-24,435.0,PE,HINDPETRO26FEB435PE,1.05,1.35,0.8,0.85,0.9,1.4,457.05,0.85,392850,107325,147,129784072.5,142,F1,2025,,,,,
2026-02-18,2026-02-18,FO,NSE,STO,117769,,HINDPETRO,,2026-03-30,2026-03-30,435.0,PE,HINDPETRO26MAR435PE,5.65,5.65,5.65,5.65,5.65,11.25,457.05,5.65,4050,0,1,892316.25,1,F1,2025,,,,,
2026-02-18,2026-02-18,FO,NSE,STO,106487,,HINDPETRO,,2026-02-24,2026-02-24,455.0,CE,HINDPETRO26FEB455CE,7.85,8.75,6.05,7.55,7.45,6.6,457.05,7.55,463725,-26325,317,296668372.5,290,F1,2025,,,,,
2026-02-18,2026-02-18,FO,NSE,STO,99562,,HINDPETRO,,2026-02-24,2026-02-24,480.0,CE,HINDPETRO26FEB480CE,1.35,1.6,1.0,1.15,1.1,1.25,457.05,1.15,1370925,-164025,446,434571783.75,346,F1,2025,,,,,
2026-02-18,2026-02-18,FO,NSE,STO,99614,,HINDPETRO,,2026-02-24,2026-02-24,510.0,CE,HINDPETRO26FEB510CE,0.35,0.35,0.25,0.3,0.3,0.35,457.05,0.05,188325,2025,11,11367033.75,11,F1,2025,,,,,
2026-02-18,2026-02-18,FO,NSE,STO,99618,,HINDPETRO,,2026-02-24,2026-02-24,530.0,CE,HINDPETRO26FEB530CE,0.05,0.15,0.05,0.1,0.1,0.15,457.05,0.1,200475,-6075,14,15029145.0,13,F1,2025,,,,,
2026-02-18,2026-02-18,FO,NSE,STO,117745,,HINDPETRO,,2026-03-30,2026-03-30,365.0,CE,HINDPETRO26MAR365CE,0.0,0.0,0.0,64.05,0.0,64.05,457.05,94.5,0,0,0,0.0,0,F1,2025,,,,,
2026-02-18,2026-02-18,FO,NSE,STO,106598,,HINDPETRO,,2026-03-30,2026-03-30,410.0,CE,HINDPETRO26MAR410CE,0.0,0.0,0.0,45.65,45.65,45.65,457.05,52.85,22275,0,0,0.0,0,F1,2025,,,,,
2026-02-18,2026-02-18,FO,NSE,STO,106604,,HINDPETRO,,2026-03-30,2026-03-30,440.0,CE,HINDPETRO26MAR440CE,28.1,29.0,27.0,29.0,29.0,26.6,457.05,30.45,151875,10125,14,13267901.25,10,F1,2025,,,,,
2026-02-18,2026-02-18,FO,NSE,STO,106606,,HINDPETRO,,2026-03-30,2026-03-30,450.0,CE,HINDPETRO26MAR450CE,22.0,22.55,20.5,21.8,21.8,20.85,457.05,21.8,269325,-16200,33,31508898.75,31,F1,2025,,,,,
2026-02-18,2026-02-18,FO,NSE,STO,118219,,HINDPETRO,,2026-04-28,2026-04-28,500.0,PE,HINDPETRO26APR500PE,0.0,0.0,0.0,83.05,0.0,83.05,457.05,49.6,0,0,0,0.0,0,F1,2025,,,,,
2026-02-18,2026-02-18,FO,NSE,STO,106699,,HINDPETRO,,2026-03-30,2026-03-30,480.0,PE,HINDPETRO26MAR480PE,29.0,29.75,28.8,28.8,28.8,31.2,457.05,31.5,139725,99225,53,54658293.75,11,F1,2025,,,,,
2026-02-18,2026-02-18,FO,NSE,STO,106597,,HINDPETRO,,2026-03-30,2026-03-30,400.0,PE,HINDPETRO26MAR400PE,1.85,1.95,1.5,1.55,1.55,2.0,457.05,1.55,89100,14175,24,19522822.5,19,F1,2025,,,,,
2026-02-18,2026-02-18,FO,NSE,STO,117750,,HINDPETRO,,2026-03-30,2026-03-30,385.0,PE,HINDPETRO26MAR385PE,0.0,0.0,0.0,10.8,0.0,10.8,457.05,0.9,0,0,0,0.0,0,F1,2025,,,,,
2026-02-18,2026-02-18,FO,NSE,STO,106590,,HINDPETRO,,2026-03-30,2026-03-30,370.0,PE,HINDPETRO26MAR370PE,0.0,0.0,0.0,3.2,0.0,3.2,457.05,0.35,0,0,0,0.0,0,F1,2025,,,,,
2026-02-18,2026-02-18,FO,NSE,STO,117744,,HINDPETRO,,2026-03-30,2026-03-30,355.0,PE,HINDPETRO26MAR355PE,0.0,0.0,0.0,4.15,0.0,4.15,457.05,0.1,0,0,0,0.0,0,F1,2025,,,,,
2026-02-18,2026-02-18,FO,NSE,STO,117816,,HINDPETRO,,2026-03-30,2026-03-30,515.0,CE,HINDPETRO26MAR515CE,0.0,0.0,0.0,4.0,0.0,4.0,457.05,3.8,0,0,0,0.0,0,F1,2025,,,,,
2026-02-18,2026-02-18,FO,NSE,STO,106708,,HINDPETRO,,2026-03-30,2026-03-30,510.0,CE,HINDPETRO26MAR510CE,2.8,3.45,2.7,2.7,2.7,2.8,457.05,4.5,16200,8100,7,7271268.75,7,F1,2025,,,,,
2026-02-18,2026-02-18,FO,NSE,STO,117772,,HINDPETRO,,2026-03-30,2026-03-30,455.0,CE,HINDPETRO26MAR455CE,19.0,19.3,19.0,19.3,19.3,14.95,457.05,19.3,6075,6075,3,2880765.0,3,F1,2025,,,,,
2026-02-18,2026-02-18,FO,NSE,STO,99544,,HINDPETRO,,2026-02-24,2026-02-24,420.0,CE,HINDPETRO26FEB420CE,38.0,38.45,37.8,38.15,38.45,34.95,457.05,38.15,301725,2025,10,9274702.5,6,F1,2025,,,,,
2026-02-18,2026-02-18,FO,NSE,STO,106488,,HINDPETRO,,2026-02-24,2026-02-24,455.0,PE,HINDPETRO26FEB455PE,5.35,7.4,4.5,4.75,4.8,7.55,457.05,4.75,253125,46575,113,105464025.0,104,F1,2025,,,,,
2026-02-18,2026-02-18,FO,NSE,STO,106568,,HINDPETRO,,2026-03-30,2026-03-30,350.0,PE,HINDPETRO26MAR350PE,0.0,0.0,0.0,1.6,0.0,1.6,457.05,0.05,0,0,0,0.0,0,F1,2025,,,,,
2026-02-18,2026-02-18,FO,NSE,STO,117748,,HINDPETRO,,2026-03-30,2026-03-30,375.0,PE,HINDPETRO26MAR375PE,0.0,0.0,0.0,8.05,0.0,8.05,457.05,0.45,0,0,0,0.0,0,F1,2025,,,,,
2026-02-18,2026-02-18,FO,NSE,STO,106601,,HINDPETRO,,2026-03-30,2026-03-30,420.0,PE,HINDPETRO26MAR420PE,3.15,4.3,3.15,3.5,3.5,4.5,457.05,5.15,32400,30375,19,16314716.25,14,F1,2025,,,,,
2026-02-18,2026-02-18,FO,NSE,STO,106675,,HINDPETRO,,2026-03-30,2026-03-30,460.0,PE,HINDPETRO26MAR460PE,17.55,17.9,15.0,15.3,15.45,18.4,457.05,15.3,66825,22275,21,20248886.25,20,F1,2025,,,,,
2026-02-18,2026-02-18,FO,NSE,STO,99617,,HINDPETRO,,2026-02-24,2026-02-24,520.0,PE,HINDPETRO26FEB520PE,0.0,0.0,0.0,72.9,0.0,72.9,457.05,62.5,0,0,0,0.0,0,F1,2025,,,,,
2026-02-18,2026-02-18,FO,NSE,STO,41566,,HINDPETRO,,2026-02-24,2026-02-24,355.0,CE,HINDPETRO26FEB355CE,0.0,0.0,0.0,140.5,0.0,140.5,457.05,102.35,0,0,0,0.0,0,F1,2025,,,,,
2026-02-18,2026-02-18,FO,NSE,STO,99536,,HINDPETRO,,2026-02-24,2026-02-24,390.0,CE,HINDPETRO26FEB390CE,0.0,0.0,0.0,61.35,61.35,61.35,457.05,67.4,22275,0,0,0.0,0,F1,2025,,,,,
2026-02-18,2026-02-18,FO,NSE,STO,99542,,HINDPETRO,,2026-02-24,2026-02-24,410.0,CE,HINDPETRO26FEB410CE,0.0,0.0,0.0,41.7,41.7,41.7,457.05,47.45,200475,0,0,0.0,0,F1,2025,,,,,
2026-02-18,2026-02-18,FO,NSE,STO,106479,,HINDPETRO,,2026-02-24,2026-02-24,415.0,CE,HINDPETRO26FEB415CE,0.0,0.0,0.0,37.65,37.65,37.65,457.05,42.5,198450,0,0,0.0,0,F1,2025,,,,,
2026-02-18,2026-02-18,FO,NSE,STO,106483,,HINDPETRO,,2026-02-24,2026-02-24,435.0,CE,HINDPETRO26FEB435CE,0.0,0.0,0.0,19.8,19.8,19.8,457.05,23.45,319950,0,0,0.0,0,F1,2025,,,,,
2026-02-18,2026-02-18,FO,NSE,STO,99549,,HINDPETRO,,2026-02-24,2026-02-24,440.0,CE,HINDPETRO26FEB440CE,17.95,19.3,16.4,18.8,18.55,16.1,457.05,18.8,453600,-20250,45,41712367.5,35,F1,2025,,,,,
2026-02-18,2026-02-18,FO,NSE,STO,99612,,HINDPETRO,,2026-02-24,2026-02-24,500.0,CE,HINDPETRO26FEB500CE,0.5,0.6,0.4,0.4,0.45,0.5,457.05,0.4,1053000,14175,81,82085298.75,58,F1,2025,,,,,
2026-02-18,2026-02-18,FO,NSE,STO,117770,,HINDPETRO,,2026-03-30,2026-03-30,445.0,CE,HINDPETRO26MAR445CE,0.0,0.0,0.0,23.5,23.5,23.5,457.05,27.4,8100,0,0,0.0,0,F1,2025,,,,,
2026-02-18,2026-02-18,FO,NSE,STO,118192,,HINDPETRO,,2026-04-28,2026-04-28,450.0,CE,HINDPETRO26APR450CE,0.0,0.0,0.0,30.0,30.0,30.0,457.05,31.5,8100,0,0,0.0,0,F1,2025,,,,,
2026-02-18,2026-02-18,FO,NSE,STO,118208,,HINDPETRO,,2026-04-28,2026-04-28,470.0,CE,HINDPETRO26APR470CE,0.0,0.0,0.0,16.6,0.0,16.6,457.05,21.9,0,0,0,0.0,0,F1,2025,,,,,
2026-02-18,2026-02-18,FO,NSE,STO,118220,,HINDPETRO,,2026-04-28,2026-04-28,510.0,CE,HINDPETRO26APR510CE,0.0,0.0,0.0,8.45,0.0,8.45,457.05,9.45,0,0,0,0.0,0,F1,2025,,,,,
2026-02-18,2026-02-18,FO,NSE,STO,106472,,HINDPETRO,,2026-02-24,2026-02-24,375.0,PE,HINDPETRO26FEB375PE,0.0,0.0,0.0,1.8,1.8,1.8,457.05,0.05,4050,0,0,0.0,0,F1,2025,,,,,
2026-02-18,2026-02-18,FO,NSE,STO,106592,,HINDPETRO,,2026-03-30,2026-03-30,380.0,PE,HINDPETRO26MAR380PE,0.0,0.0,0.0,4.4,0.0,4.4,457.05,0.65,0,0,0,0.0,0,F1,2025,,,,,
2026-02-18,2026-02-18,FO,NSE,STO,117813,,HINDPETRO,,2026-03-30,2026-03-30,495.0,PE,HINDPETRO26MAR495PE,0.0,0.0,0.0,76.85,0.0,76.85,457.05,42.3,0,0,0,0.0,0,F1,2025,,,,,
2026-02-18,2026-02-18,FO,NSE,STO,106707,,HINDPETRO,,2026-03-30,2026-03-30,500.0,PE,HINDPETRO26MAR500PE,46.0,46.0,42.0,42.0,42.0,46.35,457.05,42.0,121500,8100,4,4412475.0,4,F1,2025,,,,,
2026-02-18,2026-02-18,FO,NSE,STO,106727,,HINDPETRO,,2026-03-30,2026-03-30,510.0,PE,HINDPETRO26MAR510PE,0.0,0.0,0.0,55.45,0.0,55.45,457.05,54.4,0,0,0,0.0,0,F1,2025,,,,,
2026-02-18,2026-02-18,FO,NSE,STO,106728,,HINDPETRO,,2026-03-30,2026-03-30,520.0,CE,HINDPETRO26MAR520CE,0.0,0.0,0.0,2.35,2.35,2.35,457.05,3.2,20250,0,0,0.0,0,F1,2025,,,,,
2026-02-18,2026-02-18,FO,NSE,STO,118138,,HINDPETRO,,2026-04-28,2026-04-28,410.0,CE,HINDPETRO26APR410CE,0.0,0.0,0.0,40.2,0.0,40.2,457.05,57.9,0,0,0,0.0,0,F1,2025,,,,,
2026-02-18,2026-02-18,FO,NSE,STO,99528,,HINDPETRO,,2026-02-24,2026-02-24,350.0,PE,HINDPETRO26FEB350PE,0.0,0.0,0.0,0.05,0.05,0.05,457.05,0.05,83025,0,0,0.0,0,F1,2025,,,,,
2026-02-18,2026-02-18,FO,NSE,STO,99530,,HINDPETRO,,2026-02-24,2026-02-24,360.0,PE,HINDPETRO26FEB360PE,0.1,0.1,0.05,0.05,0.05,0.05,457.05,0.05,368550,-16200,11,8020417.5,8,F1,2025,,,,,
2026-02-18,2026-02-18,FO,NSE,STO,106478,,HINDPETRO,,2026-02-24,2026-02-24,405.0,PE,HINDPETRO26FEB405PE,0.0,0.0,0.0,0.4,0.4,0.4,457.05,0.05,279450,0,0,0.0,0,F1,2025,,,,,
2026-02-18,2026-02-18,FO,NSE,STO,106496,,HINDPETRO,,2026-02-24,2026-02-24,495.0,PE,HINDPETRO26FEB495PE,0.0,0.0,0.0,31.8,31.8,31.8,457.05,37.7,6075,0,0,0.0,0,F1,2025,,,,,
2026-02-18,2026-02-18,FO,NSE,STO,99531,,HINDPETRO,,2026-02-24,2026-02-24,370.0,CE,HINDPETRO26FEB370CE,0.0,0.0,0.0,52.0,52.0,52.0,457.05,87.4,2025,0,0,0.0,0,F1,2025,,,,,
2026-02-18,2026-02-18,FO,NSE,STO,99527,,HINDPETRO,,2026-02-24,2026-02-24,350.0,CE,HINDPETRO26FEB350CE,0.0,0.0,0.0,119.9,119.9,119.9,457.05,107.35,6075,0,0,0.0,0,F1,2025,,,,,
2026-02-18,2026-02-18,FO,NSE,STO,117808,,HINDPETRO,,2026-03-30,2026-03-30,475.0,CE,HINDPETRO26MAR475CE,0.0,0.0,0.0,9.95,0.0,9.95,457.05,13.1,0,0,0,0.0,0,F1,2025,,,,,
2026-02-18,2026-02-18,FO,NSE,STO,106680,,HINDPETRO,,2026-03-30,2026-03-30,470.0,CE,HINDPETRO26MAR470CE,13.0,13.0,11.5,11.9,11.8,11.55,457.05,11.9,70875,10125,16,15609712.5,13,F1,2025,,,,,
2026-02-18,2026-02-18,FO,NSE,STO,106602,,HINDPETRO,,2026-03-30,2026-03-30,430.0,CE,HINDPETRO26MAR430CE,0.0,0.0,0.0,30.1,30.1,30.1,457.05,37.2,14175,0,0,0.0,0,F1,2025,,,,,
2026-02-18,2026-02-18,FO,NSE,STO,99624,,HINDPETRO,,2026-02-24,2026-02-24,550.0,CE,HINDPETRO26FEB550CE,0.05,0.05,0.05,0.05,0.05,0.1,457.05,0.05,109350,-2025,1,1113851.25,1,F1,2025,,,,,
2026-02-18,2026-02-18,FO,NSE,STO,118155,,HINDPETRO,,2026-04-28,2026-04-28,440.0,PE,HINDPETRO26APR440PE,0.0,0.0,0.0,40.3,0.0,40.3,457.05,15.6,0,0,0,0.0,0,F1,2025,,,,,
2026-02-18,2026-02-18,FO,NSE,STO,117815,,HINDPETRO,,2026-03-30,2026-03-30,505.0,PE,HINDPETRO26MAR505PE,0.0,0.0,0.0,85.45,0.0,85.45,457.05,50.25,0,0,0,0.0,0,F1,2025,,,,,
2026-02-18,2026-02-18,FO,NSE,STO,117754,,HINDPETRO,,2026-03-30,2026-03-30,405.0,PE,HINDPETRO26MAR405PE,0.0,0.0,0.0,3.75,3.75,3.75,457.05,2.6,22275,0,0,0.0,0,F1,2025,,,,,
2026-02-18,2026-02-18,FO,NSE,STO,117752,,HINDPETRO,,2026-03-30,2026-03-30,395.0,PE,HINDPETRO26MAR395PE,0.0,0.0,0.0,14.05,0.0,14.05,457.05,1.55,0,0,0,0.0,0,F1,2025,,,,,
2026-02-18,2026-02-18,FO,NSE,STO,99623,,HINDPETRO,,2026-02-24,2026-02-24,540.0,PE,HINDPETRO26FEB540PE,0.0,0.0,0.0,90.5,90.5,90.5,457.05,82.45,6075,0,0,0.0,0,F1,2025,,,,,
2026-02-18,2026-02-18,FO,NSE,STO,99561,,HINDPETRO,,2026-02-24,2026-02-24,470.0,PE,HINDPETRO26FEB470PE,16.7,16.85,14.4,14.7,14.9,18.85,457.05,14.7,307800,-46575,34,33425561.25,33,F1,2025,,,,,
2026-02-18,2026-02-18,FO,NSE,STO,99550,,HINDPETRO,,2026-02-24,2026-02-24,440.0,PE,HINDPETRO26FEB440PE,1.7,2.1,1.1,1.15,1.2,2.2,457.05,1.15,834300,95175,481,430118707.5,405,F1,2025,,,,,
2026-02-18,2026-02-18,FO,NSE,STO,106482,,HINDPETRO,,2026-02-24,2026-02-24,425.0,PE,HINDPETRO26FEB425PE,0.55,0.75,0.45,0.5,0.5,0.7,457.05,0.25,362475,44550,136,117202140.0,111,F1,2025,,,,,
2026-02-18,2026-02-18,FO,NSE,STO,99541,,HINDPETRO,,2026-02-24,2026-02-24,400.0,PE,HINDPETRO26FEB400PE,0.2,0.35,0.15,0.2,0.2,0.35,457.05,0.2,457650,-12150,19,15398100.0,19,F1,2025,,,,,
2026-02-18,2026-02-18,FO,NSE,STO,106696,,HINDPETRO,,2026-03-30,2026-03-30,480.0,CE,HINDPETRO26MAR480CE,9.0,9.5,8.1,8.3,8.3,8.35,457.05,11.4,99225,16200,41,40547587.5,36,F1,2025,,,,,
2026-02-18,2026-02-18,FO,NSE,STO,106485,,HINDPETRO,,2026-02-24,2026-02-24,445.0,CE,HINDPETRO26FEB445CE,14.0,15.0,14.0,14.95,14.95,12.5,457.05,14.95,295650,-4050,5,4651931.25,5,F1,2025,,,,,
2026-02-18,2026-02-18,FO,NSE,STO,106603,,HINDPETRO,,2026-03-30,2026-03-30,430.0,PE,HINDPETRO26MAR430PE,6.1,6.5,5.15,5.15,5.15,6.65,457.05,7.6,143775,12150,34,30018498.75,27,F1,2025,,,,,
2026-02-18,2026-02-18,FO,NSE,STO,117742,,HINDPETRO,,2026-03-30,2026-03-30,345.0,PE,HINDPETRO26MAR345PE,0.0,0.0,0.0,0.4,0.4,0.4,457.05,0.05,2025,0,0,0.0,0,F1,2025,,,,,
2026-02-18,2026-02-18,FO,NSE,STO,99619,,HINDPETRO,,2026-02-24,2026-02-24,530.0,PE,HINDPETRO26FEB530PE,0.0,0.0,0.0,110.0,110.0,110.0,457.05,72.45,4050,0,0,0.0,0,F1,2025,,,,,
2026-02-18,2026-02-18,FO,NSE,STO,106490,,HINDPETRO,,2026-02-24,2026-02-24,465.0,PE,HINDPETRO26FEB465PE,12.5,12.5,11.0,11.0,11.0,14.8,457.05,11.0,324000,-8100,5,4824157.5,5,F1,2025,,,,,
2026-02-18,2026-02-18,FO,NSE,STO,118140,,HINDPETRO,,2026-04-28,2026-04-28,420.0,CE,HINDPETRO26APR420CE,0.0,0.0,0.0,35.1,0.0,35.1,457.05,50.45,0,0,0,0.0,0,F1,2025,,,,,
2026-02-18,2026-02-18,FO,NSE,STO,117889,,HINDPETRO,,2026-04-28,2026-04-28,370.0,CE,HINDPETRO26APR370CE,0.0,0.0,0.0,65.4,0.0,65.4,457.05,92.25,0,0,0,0.0,0,F1,2025,,,,,
2026-02-18,2026-02-18,FO,NSE,STO,117814,,HINDPETRO,,2026-03-30,2026-03-30,505.0,CE,HINDPETRO26MAR505CE,0.0,0.0,0.0,5.05,0.0,5.05,457.05,5.35,0,0,0,0.0,0,F1,2025,,,,,
2026-02-18,2026-02-18,FO,NSE,STO,106673,,HINDPETRO,,2026-03-30,2026-03-30,460.0,CE,HINDPETRO26MAR460CE,17.3,17.95,15.4,16.15,16.15,15.55,457.05,16.15,157950,52650,60,57888270.0,51,F1,2025,,,,,
2026-02-18,2026-02-18,FO,NSE,STO,117751,,HINDPETRO,,2026-03-30,2026-03-30,395.0,CE,HINDPETRO26MAR395CE,0.0,0.0,0.0,42.5,0.0,42.5,457.05,66.0,0,0,0,0.0,0,F1,2025,,,,,
2026-02-18,2026-02-18,FO,NSE,STO,106567,,HINDPETRO,,2026-03-30,2026-03-30,350.0,CE,HINDPETRO26MAR350CE,0.0,0.0,0.0,125.55,0.0,125.55,457.05,109.2,0,0,0,0.0,0,F1,2025,,,,,
2026-02-18,2026-02-18,FO,NSE,STO,106473,,HINDPETRO,,2026-02-24,2026-02-24,385.0,CE,HINDPETRO26FEB385CE,0.0,0.0,0.0,89.65,0.0,89.65,457.05,72.4,0,0,0,0.0,0,F1,2025,,,,,
2026-02-18,2026-02-18,FO,NSE,STF,66850,,HINDPETRO,,2026-04-28,2026-04-28,,,HINDPETRO26APRFUT,459.1,463.0,459.1,463.0,463.0,459.1,457.05,463.0,174150,6075,19,17763198.75,14,F1,2025,,,,,
2026-02-18,2026-02-18,FO,NSE,STF,59349,,HINDPETRO,,2026-02-24,2026-02-24,,,HINDPETRO26FEBFUT,456.0,458.6,453.4,457.8,457.4,454.0,457.05,457.8,34005825,-1215000,1866,1724592971.25,1573,F1,2025,,,,,
2026-02-18,2026-02-18,FO,NSE,STO,106594,,HINDPETRO,,2026-03-30,2026-03-30,390.0,PE,HINDPETRO26MAR390PE,0.0,0.0,0.0,5.85,0.0,5.85,457.05,1.2,0,0,0,0.0,0,F1,2025,,,,,
2026-02-18,2026-02-18,FO,NSE,STO,118217,,HINDPETRO,,2026-04-28,2026-04-28,490.0,PE,HINDPETRO26APR490PE,0.0,0.0,0.0,75.1,0.0,75.1,457.05,42.55,0,0,0,0.0,0,F1,2025,,,,,
2026-02-18,2026-02-18,FO,NSE,STO,117809,,HINDPETRO,,2026-03-30,2026-03-30,475.0,PE,HINDPETRO26MAR475PE,0.0,0.0,0.0,34.0,34.0,34.0,457.05,28.2,8100,0,0,0.0,0,F1,2025,,,,,
2026-02-18,2026-02-18,FO,NSE,STO,118222,,HINDPETRO,,2026-04-28,2026-04-28,520.0,CE,HINDPETRO26APR520CE,0.0,0.0,0.0,7.05,0.0,7.05,457.05,7.5,0,0,0,0.0,0,F1,2025,,,,,
2026-02-18,2026-02-18,FO,NSE,STO,99559,,HINDPETRO,,2026-02-24,2026-02-24,460.0,PE,HINDPETRO26FEB460PE,9.15,10.55,7.05,7.2,7.25,10.7,457.05,7.2,771525,-60750,316,300138918.75,236,F1,2025,,,,,
2026-02-18,2026-02-18,FO,NSE,STO,99537,,HINDPETRO,,2026-02-24,2026-02-24,390.0,PE,HINDPETRO26FEB390PE,0.15,0.15,0.15,0.15,0.15,0.15,457.05,0.05,194400,0,7,5530376.25,7,F1,2025,,,,,
2026-02-18,2026-02-18,FO,NSE,STO,106605,,HINDPETRO,,2026-03-30,2026-03-30,440.0,PE,HINDPETRO26MAR440PE,9.0,9.3,7.6,7.6,7.6,9.75,457.05,7.6,168075,40500,40,36332955.0,33,F1,2025,,,,,
2026-02-18,2026-02-18,FO,NSE,STO,106730,,HINDPETRO,,2026-03-30,2026-03-30,520.0,PE,HINDPETRO26MAR520PE,0.0,0.0,0.0,68.8,68.8,68.8,457.05,63.0,20250,0,0,0.0,0,F1,2025,,,,,
2026-02-18,2026-02-18,FO,NSE,STO,117892,,HINDPETRO,,2026-04-28,2026-04-28,380.0,PE,HINDPETRO26APR380PE,0.0,0.0,0.0,13.2,0.0,13.2,457.05,2.15,0,0,0,0.0,0,F1,2025,,,,,
2026-02-18,2026-02-18,FO,NSE,STO,118221,,HINDPETRO,,2026-04-28,2026-04-28,510.0,PE,HINDPETRO26APR510PE,0.0,0.0,0.0,91.3,0.0,91.3,457.05,57.15,0,0,0,0.0,0,F1,2025,,,,,
2026-02-18,2026-02-18,FO,NSE,STO,117890,,HINDPETRO,,2026-04-28,2026-04-28,370.0,PE,HINDPETRO26APR370PE,0.0,0.0,0.0,10.35,0.0,10.35,457.05,1.4,0,0,0,0.0,0,F1,2025,,,,,
2026-02-18,2026-02-18,FO,NSE,STO,99533,,HINDPETRO,,2026-02-24,2026-02-24,370.0,PE,HINDPETRO26FEB370PE,0.05,0.05,0.05,0.05,0.05,0.1,457.05,0.05,153900,-24300,14,10490917.5,11,F1,2025,,,,,
2026-02-18,2026-02-18,FO,NSE,STO,99529,,HINDPETRO,,2026-02-24,2026-02-24,360.0,CE,HINDPETRO26FEB360CE,0.0,0.0,0.0,85.95,85.95,85.95,457.05,97.4,8100,0,0,0.0,0,F1,2025,,,,,
2026-02-18,2026-02-18,FO,NSE,STO,106475,,HINDPETRO,,2026-02-24,2026-02-24,395.0,CE,HINDPETRO26FEB395CE,59.9,59.9,59.9,59.9,59.9,55.0,457.05,62.4,38475,2025,1,921172.5,1,F1,2025,,,,,
2026-02-18,2026-02-18,FO,NSE,STO,99556,,HINDPETRO,,2026-02-24,2026-02-24,450.0,CE,HINDPETRO26FEB450CE,10.95,11.75,8.65,10.8,10.7,9.1,457.05,10.8,834300,-374625,442,411993337.5,299,F1,2025,,,,,
2026-02-18,2026-02-18,FO,NSE,STO,106497,,HINDPETRO,,2026-02-24,2026-02-24,505.0,CE,HINDPETRO26FEB505CE,0.0,0.0,0.0,0.4,0.4,0.4,457.05,0.05,119475,0,0,0.0,0,F1,2025,,,,,
2026-02-18,2026-02-18,FO,NSE,STO,106509,,HINDPETRO,,2026-02-24,2026-02-24,545.0,CE,HINDPETRO26FEB545CE,0.0,0.0,0.0,0.3,0.3,0.3,457.05,0.05,2025,0,0,0.0,0,F1,2025,,,,,
2026-02-18,2026-02-18,FO,NSE,STO,117810,,HINDPETRO,,2026-03-30,2026-03-30,485.0,CE,HINDPETRO26MAR485CE,0.0,0.0,0.0,8.0,0.0,8.0,457.05,9.9,0,0,0,0.0,0,F1,2025,,,,,
2026-02-18,2026-02-18,FO,NSE,STO,117894,,HINDPETRO,,2026-04-28,2026-04-28,390.0,CE,HINDPETRO26APR390CE,0.0,0.0,0.0,51.8,0.0,51.8,457.05,74.35,0,0,0,0.0,0,F1,2025,,,,,
2026-02-18,2026-02-18,FO,NSE,STO,118194,,HINDPETRO,,2026-04-28,2026-04-28,460.0,CE,HINDPETRO26APR460CE,0.0,0.0,0.0,28.0,28.0,28.0,457.05,26.4,2025,0,0,0.0,0,F1,2025,,,,,
2026-02-18,2026-02-18,FO,NSE,STO,99543,,HINDPETRO,,2026-02-24,2026-02-24,410.0,PE,HINDPETRO26FEB410PE,0.35,0.45,0.2,0.3,0.3,0.45,457.05,0.3,398925,-34425,36,29908237.5,29,F1,2025,,,,,
2026-02-18,2026-02-18,FO,NSE,STO,106474,,HINDPETRO,,2026-02-24,2026-02-24,385.0,PE,HINDPETRO26FEB385PE,0.15,0.15,0.15,0.15,0.15,0.2,457.05,0.05,70875,-2025,1,779928.75,1,F1,2025,,,,,
2026-02-18,2026-02-18,FO,NSE,STF,51901,,HINDPETRO,,2026-03-30,2026-03-30,,,HINDPETRO26MARFUT,458.45,461.5,456.7,460.65,460.1,456.85,457.05,460.65,3221775,1237275,934,868234848.75,826,F1,2025,,,,,
2026-02-18,2026-02-18,FO,NSE,STO,43158,,HINDPETRO,,2026-02-24,2026-02-24,345.0,CE,HINDPETRO26FEB345CE,0.0,0.0,0.0,140.3,0.0,140.3,457.05,112.35,0,0,0,0.0,0,F1,2025,,,,,
2026-02-18,2026-02-18,FO,NSE,STO,99546,,HINDPETRO,,2026-02-24,2026-02-24,430.0,CE,HINDPETRO26FEB430CE,28.2,28.7,25.55,28.2,28.05,25.15,457.05,28.2,360450,-42525,57,52814531.25,47,F1,2025,,,,,
2026-02-18,2026-02-18,FO,NSE,STO,99622,,HINDPETRO,,2026-02-24,2026-02-24,540.0,CE,HINDPETRO26FEB540CE,0.1,0.1,0.1,0.1,0.1,0.1,457.05,0.05,435375,-12150,6,6562215.0,2,F1,2025,,,,,
2026-02-18,2026-02-18,FO,NSE,STO,117766,,HINDPETRO,,2026-03-30,2026-03-30,425.0,CE,HINDPETRO26MAR425CE,0.0,0.0,0.0,26.15,0.0,26.15,457.05,40.85,0,0,0,0.0,0,F1,2025,,,,,
2026-02-18,2026-02-18,FO,NSE,STO,117806,,HINDPETRO,,2026-03-30,2026-03-30,465.0,CE,HINDPETRO26MAR465CE,0.0,0.0,0.0,12.1,12.1,12.1,457.05,17.1,2025,0,0,0.0,0,F1,2025,,,,,
2026-02-18,2026-02-18,FO,NSE,STO,117897,,HINDPETRO,,2026-04-28,2026-04-28,400.0,CE,HINDPETRO26APR400CE,0.0,0.0,0.0,45.75,0.0,45.75,457.05,65.9,0,0,0,0.0,0,F1,2025,,,,,
2026-02-18,2026-02-18,FO,NSE,STO,43159,,HINDPETRO,,2026-02-24,2026-02-24,345.0,PE,HINDPETRO26FEB345PE,0.0,0.0,0.0,0.15,0.0,0.15,457.05,0.05,0,0,0,0.0,0,F1,2025,,,,,
2026-02-18,2026-02-18,FO,NSE,STO,106470,,HINDPETRO,,2026-02-24,2026-02-24,365.0,PE,HINDPETRO26FEB365PE,0.0,0.0,0.0,1.0,0.0,1.0,457.05,0.05,0,0,0,0.0,0,F1,2025,,,,,
2026-02-18,2026-02-18,FO,NSE,STO,118215,,HINDPETRO,,2026-04-28,2026-04-28,480.0,PE,HINDPETRO26APR480PE,0.0,0.0,0.0,67.45,0.0,67.45,457.05,36.0,0,0,0,0.0,0,F1,2025,,,,,
2026-02-18,2026-02-18,FO,NSE,STO,106607,,HINDPETRO,,2026-03-30,2026-03-30,450.0,PE,HINDPETRO26MAR450PE,12.0,13.4,10.8,10.85,10.85,13.45,457.05,10.85,178200,70875,59,55226508.75,34,F1,2025,,,,,
2026-02-18,2026-02-18,FO,NSE,STO,106578,,HINDPETRO,,2026-03-30,2026-03-30,360.0,PE,HINDPETRO26MAR360PE,0.0,0.0,0.0,2.3,0.0,2.3,457.05,0.15,0,0,0,0.0,0,F1,2025,,,,,
2026-02-18,2026-02-18,FO,NSE,STO,106498,,HINDPETRO,,2026-02-24,2026-02-24,505.0,PE,HINDPETRO26FEB505PE,48.25,48.25,48.25,48.25,48.25,56.35,457.05,47.55,6075,0,3,3360993.75,1,F1,2025,,,,,
2026-02-18,2026-02-18,FO,NSE,STO,99565,,HINDPETRO,,2026-02-24,2026-02-24,490.0,PE,HINDPETRO26FEB490PE,34.0,34.0,32.4,32.4,32.4,40.75,457.05,32.4,64800,-8100,5,5294160.0,3,F1,2025,,,,,
2026-02-18,2026-02-18,FO,NSE,STO,99564,,HINDPETRO,,2026-02-24,2026-02-24,490.0,CE,HINDPETRO26FEB490CE,0.9,0.9,0.6,0.7,0.65,0.8,457.05,0.7,990225,-38475,89,88433673.75,66,F1,2025,,,,,
2026-02-18,2026-02-18,FO,NSE,STO,106491,,HINDPETRO,,2026-02-24,2026-02-24,475.0,CE,HINDPETRO26FEB475CE,1.95,2.2,1.45,1.6,1.55,1.65,457.05,1.6,502200,103275,271,261558517.5,230,F1,2025,,,,,
2026-02-18,2026-02-18,FO,NSE,STO,117811,,HINDPETRO,,2026-03-30,2026-03-30,485.0,PE,HINDPETRO26MAR485PE,0.0,0.0,0.0,68.55,0.0,68.55,457.05,34.95,0,0,0,0.0,0,F1,2025,,,,,
2026-02-18,2026-02-18,FO,NSE,STO,117895,,HINDPETRO,,2026-04-28,2026-04-28,390.0,PE,HINDPETRO26APR390PE,0.0,0.0,0.0,16.45,0.0,16.45,457.05,3.25,0,0,0,0.0,0,F1,2025,,,,,
2026-02-18,2026-02-18,FO,NSE,STO,118193,,HINDPETRO,,2026-04-28,2026-04-28,450.0,PE,HINDPETRO26APR450PE,0.0,0.0,0.0,46.5,0.0,46.5,457.05,19.75,0,0,0,0.0,0,F1,2025,,,,,
2026-02-18,2026-02-18,FO,NSE,STO,118223,,HINDPETRO,,2026-04-28,2026-04-28,520.0,PE,HINDPETRO26APR520PE,0.0,0.0,0.0,99.75,0.0,99.75,457.05,65.05,0,0,0,0.0,0,F1,2025,,,,,
2026-02-18,2026-02-18,FO,NSE,STO,99560,,HINDPETRO,,2026-02-24,2026-02-24,470.0,CE,HINDPETRO26FEB470CE,2.7,3.2,2.05,2.3,2.2,2.3,457.05,2.3,2219400,131625,829,792924390.0,678,F1,2025,,,,,
2026-02-18,2026-02-18,FO,NSE,STO,99558,,HINDPETRO,,2026-02-24,2026-02-24,460.0,CE,HINDPETRO26FEB460CE,5.9,6.4,4.35,5.15,5.15,4.75,457.05,5.15,3408075,-16200,1614,1520160210.0,1317,F1,2025,,,,,
2026-02-18,2026-02-18,FO,NSE,STO,106476,,HINDPETRO,,2026-02-24,2026-02-24,395.0,PE,HINDPETRO26FEB395PE,0.45,0.45,0.45,0.45,0.45,0.5,457.05,0.05,54675,2025,1,800786.25,1,F1,2025,,,,,
2026-02-18,2026-02-18,FO,NSE,STO,99547,,HINDPETRO,,2026-02-24,2026-02-24,430.0,PE,HINDPETRO26FEB430PE,0.7,0.9,0.55,0.6,0.6,0.95,457.05,0.6,1532925,36450,331,288707793.75,201,F1,2025,,,,,
2026-02-18,2026-02-18,FO,NSE,STO,106494,,HINDPETRO,,2026-02-24,2026-02-24,485.0,PE,HINDPETRO26FEB485PE,0.0,0.0,0.0,34.75,34.75,34.75,457.05,28.2,12150,0,0,0.0,0,F1,2025,,,,,
2026-02-18,2026-02-18,FO,NSE,STO,99613,,HINDPETRO,,2026-02-24,2026-02-24,500.0,PE,HINDPETRO26FEB500PE,46.0,46.0,43.4,43.4,43.4,46.75,457.05,42.6,107325,-6075,4,4414297.5,4,F1,2025,,,,,
2026-02-18,2026-02-18,FO,NSE,STO,99615,,HINDPETRO,,2026-02-24,2026-02-24,510.0,PE,HINDPETRO26FEB510PE,54.4,54.4,52.3,52.85,53.45,75.75,457.05,52.85,16200,0,7,7987612.5,5,F1,2025,,,,,
2026-02-18,2026-02-18,FO,NSE,STO,117746,,HINDPETRO,,2026-03-30,2026-03-30,365.0,PE,HINDPETRO26MAR365PE,0.0,0.0,0.0,5.9,0.0,5.9,457.05,0.25,0,0,0,0.0,0,F1,2025,,,,,
2026-02-18,2026-02-18,FO,NSE,STO,118216,,HINDPETRO,,2026-04-28,2026-04-28,490.0,CE,HINDPETRO26APR490CE,0.0,0.0,0.0,11.95,0.0,11.95,457.05,14.65,0,0,0,0.0,0,F1,2025,,,,,
2026-02-18,2026-02-18,FO,NSE,STO,117887,,HINDPETRO,,2026-04-28,2026-04-28,360.0,CE,HINDPETRO26APR360CE,0.0,0.0,0.0,72.85,0.0,72.85,457.05,101.6,0,0,0,0.0,0,F1,2025,,,,,
2026-02-18,2026-02-18,FO,NSE,STO,85568,,BAJAJ-AUTO,,2026-04-28,2026-04-28,9200.0,CE,BAJAJ-AUTO26APR9200CE,0.0,0.0,0.0,758.75,0.0,758.75,9979.9,965.7,0,0,0,0.0,0,F1,75,,,,,
2026-02-18,2026-02-18,FO,NSE,STO,85595,,BAJAJ-AUTO,,2026-04-28,2026-04-28,10600.0,PE,BAJAJ-AUTO26APR10600PE,0.0,0.0,0.0,1149.0,0.0,1149.0,9979.9,710.25,0,0,0,0.0,0,F1,75,,,,,
2026-02-18,2026-02-18,FO,NSE,STO,85571,,BAJAJ-AUTO,,2026-04-28,2026-04-28,9400.0,PE,BAJAJ-AUTO26APR9400PE,0.0,0.0,0.0,409.6,0.0,409.6,9979.9,134.6,0,0,0,0.0,0,F1,75,,,,,
2026-02-18,2026-02-18,FO,NSE,STO,85596,,BAJAJ-AUTO,,2026-04-28,2026-04-28,10800.0,CE,BAJAJ-AUTO26APR10800CE,0.0,0.0,0.0,162.5,0.0,162.5,9979.9,148.5,0,0,0,0.0,0,F1,75,,,,,
2026-02-18,2026-02-18,FO,NSE,STO,85561,,BAJAJ-AUTO,,2026-04-28,2026-04-28,8400.0,PE,BAJAJ-AUTO26APR8400PE,0.0,0.0,0.0,104.45,0.0,104.45,9979.9,11.6,0,0,0,0.0,0,F1,75,,,,,
2026-02-18,2026-02-18,FO,NSE,STO,76980,,BAJAJ-AUTO,,2026-02-24,2026-02-24,9400.0,CE,BAJAJ-AUTO26FEB9400CE,448.75,585.0,435.95,564.05,585.0,432.45,9979.9,564.05,28500,-975,73,54225626.25,61,F1,75,,,,,
2026-02-18,2026-02-18,FO,NSE,STO,72594,,BAJAJ-AUTO,,2026-02-24,2026-02-24,10700.0,CE,BAJAJ-AUTO26FEB10700CE,4.3,6.5,3.45,5.05,5.5,4.65,9979.9,5.05,55575,1125,503,403842731.25,456,F1,75,,,,,
2026-02-18,2026-02-18,FO,NSE,STF,66718,,BAJAJ-AUTO,,2026-04-28,2026-04-28,,,BAJAJ-AUTO26APRFUT,9880.0,10035.5,9880.0,10005.5,10035.5,9895.5,9979.9,10005.5,7800,975,95,70796587.5,89,F1,75,,,,,
2026-02-18,2026-02-18,FO,NSE,STO,72552,,BAJAJ-AUTO,,2026-02-24,2026-02-24,8700.0,CE,BAJAJ-AUTO26FEB8700CE,0.0,0.0,0.0,970.0,970.0,970.0,9979.9,1287.75,1275,0,0,0.0,0,F1,75,,,,,
2026-02-18,2026-02-18,FO,NSE,STO,72916,,BAJAJ-AUTO,,2026-03-30,2026-03-30,8800.0,CE,BAJAJ-AUTO26MAR8800CE,0.0,0.0,0.0,864.2,0.0,864.2,9979.9,1244.3,0,0,0,0.0,0,F1,75,,,,,
2026-02-18,2026-02-18,FO,NSE,STO,85391,,BAJAJ-AUTO,,2026-03-30,2026-03-30,8900.0,CE,BAJAJ-AUTO26MAR8900CE,0.0,0.0,0.0,847.4,0.0,847.4,9979.9,1150.05,0,0,0,0.0,0,F1,75,,,,,
2026-02-18,2026-02-18,FO,NSE,STO,72969,,BAJAJ-AUTO,,2026-03-30,2026-03-30,9400.0,CE,BAJAJ-AUTO26MAR9400CE,590.0,590.0,590.0,590.0,590.0,526.7,9979.9,713.4,375,375,5,3746250.0,5,F1,75,,,,,
2026-02-18,2026-02-18,FO,NSE,STO,85572,,BAJAJ-AUTO,,2026-04-28,2026-04-28,9600.0,CE,BAJAJ-AUTO26APR9600CE,0.0,0.0,0.0,544.25,0.0,544.25,9979.9,671.35,0,0,0,0.0,0,F1,75,,,,,
2026-02-18,2026-02-18,FO,NSE,STO,72553,,BAJAJ-AUTO,,2026-02-24,2026-02-24,8700.0,PE,BAJAJ-AUTO26FEB8700PE,3.8,4.5,2.25,2.25,2.25,3.85,9979.9,2.25,17775,-150,26,16972590.0,24,F1,75,,,,,
2026-02-18,2026-02-18,FO,NSE,STO,72565,,BAJAJ-AUTO,,2026-02-24,2026-02-24,9900.0,PE,BAJAJ-AUTO26FEB9900PE,158.4,172.65,67.65,79.1,69.0,166.7,9979.9,79.1,62625,24675,4755,3570732225.0,3692,F1,75,,,,,
2026-02-18,2026-02-18,FO,NSE,STO,77005,,BAJAJ-AUTO,,2026-02-24,2026-02-24,10400.0,PE,BAJAJ-AUTO26FEB10400PE,0.0,0.0,0.0,730.0,730.0,730.0,9979.9,422.15,150,0,0,0.0,0,F1,75,,,,,
2026-02-18,2026-02-18,FO,NSE,STO,72911,,BAJAJ-AUTO,,2026-03-30,2026-03-30,8200.0,PE,BAJAJ-AUTO26MAR8200PE,0.0,0.0,0.0,15.0,15.0,15.0,9979.9,0.75,825,0,0,0.0,0,F1,75,,,,,
2026-02-18,2026-02-18,FO,NSE,STO,85416,,BAJAJ-AUTO,,2026-03-30,2026-03-30,9700.0,PE,BAJAJ-AUTO26MAR9700PE,207.7,207.7,162.6,166.0,164.4,232.55,9979.9,166.0,2100,600,9,6664923.75,9,F1,75,,,,,
2026-02-18,2026-02-18,FO,NSE,STO,73005,,BAJAJ-AUTO,,2026-03-30,2026-03-30,10000.0,PE,BAJAJ-AUTO26MAR10000PE,350.0,375.3,270.05,285.5,270.05,375.35,9979.9,285.5,24525,21000,364,281462805.0,243,F1,75,,,,,
2026-02-18,2026-02-18,FO,NSE,STO,85577,,BAJAJ-AUTO,,2026-04-28,2026-04-28,10000.0,PE,BAJAJ-AUTO26APR10000PE,0.0,0.0,0.0,731.4,0.0,731.4,9979.9,352.95,0,0,0,0.0,0,F1,75,,,,,
2026-02-18,2026-02-18,FO,NSE,STO,76850,,BAJAJ-AUTO,,2026-02-24,2026-02-24,7800.0,CE,BAJAJ-AUTO26FEB7800CE,0.0,0.0,0.0,1400.0,1400.0,1400.0,9979.9,2186.95,75,0,0,0.0,0,F1,75,,,,,
2026-02-18,2026-02-18,FO,NSE,STO,72559,,BAJAJ-AUTO,,2026-02-24,2026-02-24,9300.0,PE,BAJAJ-AUTO26FEB9300PE,11.55,12.5,6.8,7.2,7.45,13.1,9979.9,7.2,70725,1800,1675,1169399598.75,1254,F1,75,,,,,
2026-02-18,2026-02-18,FO,NSE,STO,85581,,BAJAJ-AUTO,,2026-04-28,2026-04-28,10400.0,PE,BAJAJ-AUTO26APR10400PE,0.0,0.0,0.0,1000.15,0.0,1000.15,9979.9,576.5,0,0,0,0.0,0,F1,75,,,,,
2026-02-18,2026-02-18,FO,NSE,STO,85569,,BAJAJ-AUTO,,2026-04-28,2026-04-28,9200.0,PE,BAJAJ-AUTO26APR9200PE,0.0,0.0,0.0,325.85,0.0,325.85,9979.9,90.65,0,0,0,0.0,0,F1,75,,,,,
2026-02-18,2026-02-18,FO,NSE,STO,85565,,BAJAJ-AUTO,,2026-04-28,2026-04-28,8800.0,PE,BAJAJ-AUTO26APR8800PE,0.0,0.0,0.0,194.05,0.0,194.05,9979.9,35.95,0,0,0,0.0,0,F1,75,,,,,
2026-02-18,2026-02-18,FO,NSE,STO,73020,,BAJAJ-AUTO,,2026-03-30,2026-03-30,11200.0,PE,BAJAJ-AUTO26MAR11200PE,0.0,0.0,0.0,1825.55,0.0,1825.55,9979.9,1179.1,0,0,0,0.0,0,F1,75,,,,,
2026-02-18,2026-02-18,FO,NSE,STO,73013,,BAJAJ-AUTO,,2026-03-30,2026-03-30,10800.0,PE,BAJAJ-AUTO26MAR10800PE,0.0,0.0,0.0,980.0,980.0,980.0,9979.9,824.7,150,0,0,0.0,0,F1,75,,,,,
2026-02-18,2026-02-18,FO,NSE,STO,73009,,BAJAJ-AUTO,,2026-03-30,2026-03-30,10400.0,PE,BAJAJ-AUTO26MAR10400PE,0.0,0.0,0.0,1156.4,0.0,1156.4,9979.9,517.5,0,0,0,0.0,0,F1,75,,,,,
2026-02-18,2026-02-18,FO,NSE,STO,73003,,BAJAJ-AUTO,,2026-03-30,2026-03-30,9800.0,PE,BAJAJ-AUTO26MAR9800PE,270.0,270.0,192.0,201.55,197.0,266.6,9979.9,201.55,17700,3450,283,212666313.75,153,F1,75,,,,,
2026-02-18,2026-02-18,FO,NSE,STO,85406,,BAJAJ-AUTO,,2026-03-30,2026-03-30,9100.0,PE,BAJAJ-AUTO26MAR9100PE,0.0,0.0,0.0,159.75,159.75,159.75,9979.9,32.55,150,0,0,0.0,0,F1,75,,,,,
2026-02-18,2026-02-18,FO,NSE,STO,72919,,BAJAJ-AUTO,,2026-03-30,2026-03-30,9000.0,PE,BAJAJ-AUTO26MAR9000PE,50.15,52.65,36.85,37.65,36.85,54.4,9979.9,37.65,20175,1050,175,118690057.5,155,F1,75,,,,,
2026-02-18,2026-02-18,FO,NSE,STO,85399,,BAJAJ-AUTO,,2026-03-30,2026-03-30,8900.0,PE,BAJAJ-AUTO26MAR8900PE,36.0,36.0,36.0,36.0,36.0,41.9,9979.9,16.65,1425,0,1,670200.0,1,F1,75,,,,,
2026-02-18,2026-02-18,FO,NSE,STO,76992,,BAJAJ-AUTO,,2026-02-24,2026-02-24,9800.0,PE,BAJAJ-AUTO26FEB9800PE,113.0,117.45,38.7,44.9,38.95,112.55,9979.9,44.9,85350,1875,6344,4698637657.5,4735,F1,75,,,,,
2026-02-18,2026-02-18,FO,NSE,STO,77000,,BAJAJ-AUTO,,2026-02-24,2026-02-24,10400.0,CE,BAJAJ-AUTO26FEB10400CE,9.95,17.05,8.0,13.7,16.0,10.45,9979.9,13.7,74325,9975,2878,2247488647.5,2462,F1,75,,,,,
2026-02-18,2026-02-18,FO,NSE,STO,72908,,BAJAJ-AUTO,,2026-03-30,2026-03-30,8000.0,CE,BAJAJ-AUTO26MAR8000CE,0.0,0.0,0.0,1471.65,0.0,1471.65,9979.9,2028.2,0,0,0,0.0,0,F1,75,,,,,
2026-02-18,2026-02-18,FO,NSE,STO,85387,,BAJAJ-AUTO,,2026-03-30,2026-03-30,8500.0,CE,BAJAJ-AUTO26MAR8500CE,0.0,0.0,0.0,1285.0,1285.0,1285.0,9979.9,1534.3,75,0,0,0.0,0,F1,75,,,,,
2026-02-18,2026-02-18,FO,NSE,STO,72914,,BAJAJ-AUTO,,2026-03-30,2026-03-30,8600.0,CE,BAJAJ-AUTO26MAR8600CE,0.0,0.0,0.0,1000.9,0.0,1000.9,9979.9,1436.75,0,0,0,0.0,0,F1,75,,,,,
2026-02-18,2026-02-18,FO,NSE,STO,85389,,BAJAJ-AUTO,,2026-03-30,2026-03-30,8700.0,CE,BAJAJ-AUTO26MAR8700CE,0.0,0.0,0.0,996.8,0.0,996.8,9979.9,1340.0,0,0,0,0.0,0,F1,75,,,,,
2026-02-18,2026-02-18,FO,NSE,STO,72925,,BAJAJ-AUTO,,2026-03-30,2026-03-30,9200.0,CE,BAJAJ-AUTO26MAR9200CE,0.0,0.0,0.0,627.1,0.0,627.1,9979.9,879.35,0,0,0,0.0,0,F1,75,,,,,
2026-02-18,2026-02-18,FO,NSE,STO,85574,,BAJAJ-AUTO,,2026-04-28,2026-04-28,9800.0,CE,BAJAJ-AUTO26APR9800CE,0.0,0.0,0.0,454.7,0.0,454.7,9979.9,545.95,0,0,0,0.0,0,F1,75,,,,,
2026-02-18,2026-02-18,FO,NSE,STO,85610,,BAJAJ-AUTO,,2026-04-28,2026-04-28,11200.0,CE,BAJAJ-AUTO26APR11200CE,0.0,0.0,0.0,101.55,0.0,101.55,9979.9,77.75,0,0,0,0.0,0,F1,75,,,,,
2026-02-18,2026-02-18,FO,NSE,STO,76946,,BAJAJ-AUTO,,2026-02-24,2026-02-24,8800.0,PE,BAJAJ-AUTO26FEB8800PE,4.75,5.0,3.4,3.8,3.9,5.5,9979.9,3.8,62400,-1575,401,264792922.5,348,F1,75,,,,,
2026-02-18,2026-02-18,FO,NSE,STO,77011,,BAJAJ-AUTO,,2026-02-24,2026-02-24,10600.0,CE,BAJAJ-AUTO26FEB10600CE,6.7,9.2,4.7,7.2,8.8,6.4,9979.9,7.2,23475,3450,659,524239560.0,603,F1,75,,,,,
2026-02-18,2026-02-18,FO,NSE,STO,77023,,BAJAJ-AUTO,,2026-02-24,2026-02-24,11200.0,CE,BAJAJ-AUTO26FEB11200CE,0.85,1.85,0.85,1.15,1.05,0.85,9979.9,1.15,21675,-150,146,122655390.0,98,F1,75,,,,,
2026-02-18,2026-02-18,FO,NSE,STO,76971,,BAJAJ-AUTO,,2026-02-24,2026-02-24,9000.0,PE,BAJAJ-AUTO26FEB9000PE,6.5,8.3,4.4,4.85,4.9,6.35,9979.9,4.85,46500,3000,954,644312163.75,718,F1,75,,,,,
2026-02-18,2026-02-18,FO,NSE,STO,72557,,BAJAJ-AUTO,,2026-02-24,2026-02-24,9100.0,PE,BAJAJ-AUTO26FEB9100PE,8.05,8.45,4.9,5.5,4.9,7.85,9979.9,5.5,24375,-1575,415,283422997.5,303,F1,75,,,,,
2026-02-18,2026-02-18,FO,NSE,STO,72561,,BAJAJ-AUTO,,2026-02-24,2026-02-24,9500.0,PE,BAJAJ-AUTO26FEB9500PE,26.15,28.15,10.6,11.35,10.9,27.8,9979.9,11.35,93525,22800,4742,3384401876.25,3519,F1,75,,,,,
2026-02-18,2026-02-18,FO,NSE,STO,72580,,BAJAJ-AUTO,,2026-02-24,2026-02-24,10100.0,PE,BAJAJ-AUTO26FEB10100PE,244.35,314.1,185.4,199.4,186.0,311.3,9979.9,199.4,3525,2100,86,66681652.5,85,F1,75,,,,,
2026-02-18,2026-02-18,FO,NSE,STO,72970,,BAJAJ-AUTO,,2026-03-30,2026-03-30,9400.0,PE,BAJAJ-AUTO26MAR9400PE,0.0,0.0,0.0,156.55,156.55,156.55,9979.9,77.05,3375,0,0,0.0,0,F1,75,,,,,
2026-02-18,2026-02-18,FO,NSE,STO,85418,,BAJAJ-AUTO,,2026-03-30,2026-03-30,9900.0,PE,BAJAJ-AUTO26MAR9900PE,305.5,320.15,236.0,241.8,236.0,320.15,9979.9,241.8,3600,3150,64,48855405.0,54,F1,75,,,,,
2026-02-18,2026-02-18,FO,NSE,STO,73007,,BAJAJ-AUTO,,2026-03-30,2026-03-30,10200.0,PE,BAJAJ-AUTO26MAR10200PE,400.0,400.0,400.0,400.0,400.0,770.0,9979.9,400.0,150,0,1,795000.0,1,F1,75,,,,,
2026-02-18,2026-02-18,FO,NSE,STO,73016,,BAJAJ-AUTO,,2026-03-30,2026-03-30,11200.0,CE,BAJAJ-AUTO26MAR11200CE,0.0,0.0,0.0,73.4,0.0,73.4,9979.9,26.3,0,0,0,0.0,0,F1,75,,,,,
2026-02-18,2026-02-18,FO,NSE,STO,85419,,BAJAJ-AUTO,,2026-03-30,2026-03-30,10100.0,CE,BAJAJ-AUTO26MAR10100CE,223.25,240.45,188.0,198.0,198.0,203.25,9979.9,272.8,1575,525,16,12391627.5,15,F1,75,,,,,
2026-02-18,2026-02-18,FO,NSE,STO,76852,,BAJAJ-AUTO,,2026-02-24,2026-02-24,8000.0,CE,BAJAJ-AUTO26FEB8000CE,0.0,0.0,0.0,1759.9,1759.9,1759.9,9979.9,1987.15,0,0,0,0.0,0,F1,75,,,,,
2026-02-18,2026-02-18,FO,NSE,STF,51814,,BAJAJ-AUTO,,2026-03-30,2026-03-30,,,BAJAJ-AUTO26MARFUT,9844.5,10020.0,9824.5,9981.0,10018.0,9849.0,9979.9,9981.0,684600,257100,4899,3650159550.0,3461,F1,75,,,,,
2026-02-18,2026-02-18,FO,NSE,STO,85749,,BAJAJ-AUTO,,2026-04-28,2026-04-28,11200.0,PE,BAJAJ-AUTO26APR11200PE,0.0,0.0,0.0,1638.05,0.0,1638.05,9979.9,1182.0,0,0,0,0.0,0,F1,75,,,,,
2026-02-18,2026-02-18,FO,NSE,STO,85573,,BAJAJ-AUTO,,2026-04-28,2026-04-28,9600.0,PE,BAJAJ-AUTO26APR9600PE,0.0,0.0,0.0,505.2,0.0,505.2,9979.9,192.15,0,0,0,0.0,0,F1,75,,,,,
2026-02-18,2026-02-18,FO,NSE,STO,72932,,BAJAJ-AUTO,,2026-03-30,2026-03-30,9200.0,PE,BAJAJ-AUTO26MAR9200PE,70.0,80.0,55.0,56.8,55.0,82.0,9979.9,56.8,2025,1050,24,16670808.75,24,F1,75,,,,,
2026-02-18,2026-02-18,FO,NSE,STO,72917,,BAJAJ-AUTO,,2026-03-30,2026-03-30,8800.0,PE,BAJAJ-AUTO26MAR8800PE,28.0,31.0,25.0,25.0,25.0,37.0,9979.9,25.0,4800,300,10,6621375.0,9,F1,75,,,,,
2026-02-18,2026-02-18,FO,NSE,STO,85390,,BAJAJ-AUTO,,2026-03-30,2026-03-30,8700.0,PE,BAJAJ-AUTO26MAR8700PE,0.0,0.0,0.0,36.2,36.2,36.2,9979.9,7.8,2025,0,0,0.0,0,F1,75,,,,,
2026-02-18,2026-02-18,FO,NSE,STO,76859,,BAJAJ-AUTO,,2026-02-24,2026-02-24,8200.0,PE,BAJAJ-AUTO26FEB8200PE,2.0,2.0,0.6,0.6,0.6,1.55,9979.9,0.05,17925,-150,41,25217148.75,14,F1,75,,,,,
2026-02-18,2026-02-18,FO,NSE,STO,76851,,BAJAJ-AUTO,,2026-02-24,2026-02-24,7800.0,PE,BAJAJ-AUTO26FEB7800PE,0.0,0.0,0.0,0.85,0.85,0.85,9979.9,0.05,18150,0,0,0.0,0,F1,75,,,,,
2026-02-18,2026-02-18,FO,NSE,STO,73004,,BAJAJ-AUTO,,2026-03-30,2026-03-30,10000.0,CE,BAJAJ-AUTO26MAR10000CE,235.35,299.2,218.25,284.85,299.0,226.3,9979.9,284.85,36225,17475,1186,913089618.75,823,F1,75,,,,,
2026-02-18,2026-02-18,FO,NSE,STO,73002,,BAJAJ-AUTO,,2026-03-30,2026-03-30,9800.0,CE,BAJAJ-AUTO26MAR9800CE,330.0,405.0,310.15,397.95,400.0,322.0,9979.9,397.95,3675,300,98,74660246.25,89,F1,75,,,,,
2026-02-18,2026-02-18,FO,NSE,STO,85415,,BAJAJ-AUTO,,2026-03-30,2026-03-30,9700.0,CE,BAJAJ-AUTO26MAR9700CE,414.15,455.0,411.3,455.0,455.0,374.75,9979.9,455.0,975,150,3,2278533.75,3,F1,75,,,,,
2026-02-18,2026-02-18,FO,NSE,STO,72918,,BAJAJ-AUTO,,2026-03-30,2026-03-30,9000.0,CE,BAJAJ-AUTO26MAR9000CE,985.0,998.65,925.0,998.65,998.65,885.0,9979.9,1057.5,2400,150,4,2990898.75,4,F1,75,,,,,
2026-02-18,2026-02-18,FO,NSE,STO,72910,,BAJAJ-AUTO,,2026-03-30,2026-03-30,8200.0,CE,BAJAJ-AUTO26MAR8200CE,0.0,0.0,0.0,1585.25,1585.25,1585.25,9979.9,1829.95,75,0,0,0.0,0,F1,75,,,,,
2026-02-18,2026-02-18,FO,NSE,STO,76997,,BAJAJ-AUTO,,2026-02-24,2026-02-24,10200.0,CE,BAJAJ-AUTO26FEB10200CE,21.45,38.35,15.55,31.1,36.9,21.9,9979.9,31.1,85275,14850,6760,5185466703.75,5292,F1,75,,,,,
2026-02-18,2026-02-18,FO,NSE,STO,76993,,BAJAJ-AUTO,,2026-02-24,2026-02-24,10000.0,CE,BAJAJ-AUTO26FEB10000CE,55.0,94.95,41.25,81.6,92.0,54.5,9979.9,81.6,201525,16800,24595,18578712281.25,18292,F1,75,,,,,
2026-02-18,2026-02-18,FO,NSE,STO,72564,,BAJAJ-AUTO,,2026-02-24,2026-02-24,9900.0,CE,BAJAJ-AUTO26FEB9900CE,89.75,150.3,68.2,129.9,145.1,85.5,9979.9,129.9,103575,-24375,18634,13988961153.75,14958,F1,75,,,,,
2026-02-18,2026-02-18,FO,NSE,STO,72556,,BAJAJ-AUTO,,2026-02-24,2026-02-24,9100.0,CE,BAJAJ-AUTO26FEB9100CE,0.0,0.0,0.0,612.25,612.25,612.25,9979.9,888.2,2175,0,0,0.0,0,F1,75,,,,,
2026-02-18,2026-02-18,FO,NSE,STO,85563,,BAJAJ-AUTO,,2026-04-28,2026-04-28,8600.0,PE,BAJAJ-AUTO26APR8600PE,0.0,0.0,0.0,144.2,0.0,144.2,9979.9,21.0,0,0,0,0.0,0,F1,75,,,,,
2026-02-18,2026-02-18,FO,NSE,STO,85414,,BAJAJ-AUTO,,2026-03-30,2026-03-30,9500.0,PE,BAJAJ-AUTO26MAR9500PE,141.8,151.9,102.85,108.4,102.95,154.8,9979.9,108.4,6150,2925,103,74336178.75,86,F1,75,,,,,
2026-02-18,2026-02-18,FO,NSE,STO,72909,,BAJAJ-AUTO,,2026-03-30,2026-03-30,8000.0,PE,BAJAJ-AUTO26MAR8000PE,9.65,9.65,5.35,5.35,5.35,7.8,9979.9,5.35,11700,0,11,6604901.25,9,F1,75,,,,,
2026-02-18,2026-02-18,FO,NSE,STO,77024,,BAJAJ-AUTO,,2026-02-24,2026-02-24,11200.0,PE,BAJAJ-AUTO26FEB11200PE,0.0,0.0,0.0,2040.1,0.0,2040.1,9979.9,1210.0,0,0,0,0.0,0,F1,75,,,,,
2026-02-18,2026-02-18,FO,NSE,STO,77014,,BAJAJ-AUTO,,2026-02-24,2026-02-24,10800.0,PE,BAJAJ-AUTO26FEB10800PE,0.0,0.0,0.0,1683.45,0.0,1683.45,9979.9,810.7,0,0,0,0.0,0,F1,75,,,,,
2026-02-18,2026-02-18,FO,NSE,STO,72566,,BAJAJ-AUTO,,2026-02-24,2026-02-24,10100.0,CE,BAJAJ-AUTO26FEB10100CE,35.3,59.0,25.0,50.35,56.1,33.9,9979.9,50.35,58725,-8400,7351,5592925567.5,5900,F1,75,,,,,
2026-02-18,2026-02-18,FO,NSE,STO,72562,,BAJAJ-AUTO,,2026-02-24,2026-02-24,9700.0,CE,BAJAJ-AUTO26FEB9700CE,186.05,302.15,163.9,280.05,297.0,186.75,9979.9,280.05,110025,-12825,1742,1297227318.75,1469,F1,75,,,,,
2026-02-18,2026-02-18,FO,NSE,STO,85566,,BAJAJ-AUTO,,2026-04-28,2026-04-28,9000.0,CE,BAJAJ-AUTO26APR9000CE,0.0,0.0,0.0,883.8,0.0,883.8,9979.9,1131.45,0,0,0,0.0,0,F1,75,,,,,
2026-02-18,2026-02-18,FO,NSE,STO,85426,,BAJAJ-AUTO,,2026-03-30,2026-03-30,10700.0,CE,BAJAJ-AUTO26MAR10700CE,50.25,72.4,50.25,72.4,72.4,48.0,9979.9,72.4,900,225,5,4035506.25,5,F1,75,,,,,
2026-02-18,2026-02-18,FO,NSE,STO,73010,,BAJAJ-AUTO,,2026-03-30,2026-03-30,10600.0,CE,BAJAJ-AUTO26MAR10600CE,83.75,98.0,68.95,92.3,97.0,72.15,9979.9,92.3,6375,75,20,16030068.75,18,F1,75,,,,,
2026-02-18,2026-02-18,FO,NSE,STO,72558,,BAJAJ-AUTO,,2026-02-24,2026-02-24,9300.0,CE,BAJAJ-AUTO26FEB9300CE,607.2,690.0,543.65,682.3,678.0,537.15,9979.9,682.3,21375,-1350,30,22383386.25,16,F1,75,,,,,
2026-02-18,2026-02-18,FO,NSE,STO,85575,,BAJAJ-AUTO,,2026-04-28,2026-04-28,9800.0,PE,BAJAJ-AUTO26APR9800PE,0.0,0.0,0.0,612.65,0.0,612.65,9979.9,264.7,0,0,0,0.0,0,F1,75,,,,,
2026-02-18,2026-02-18,FO,NSE,STO,76989,,BAJAJ-AUTO,,2026-02-24,2026-02-24,9600.0,CE,BAJAJ-AUTO26FEB9600CE,261.95,387.0,245.0,367.85,385.95,257.25,9979.9,367.85,72750,-1050,271,201403248.75,260,F1,75,,,,,
2026-02-18,2026-02-18,FO,NSE,STO,85427,,BAJAJ-AUTO,,2026-03-30,2026-03-30,10700.0,PE,BAJAJ-AUTO26MAR10700PE,0.0,0.0,0.0,1200.85,0.0,1200.85,9979.9,742.5,0,0,0,0.0,0,F1,75,,,,,
2026-02-18,2026-02-18,FO,NSE,STO,72595,,BAJAJ-AUTO,,2026-02-24,2026-02-24,10700.0,PE,BAJAJ-AUTO26FEB10700PE,0.0,0.0,0.0,1379.8,0.0,1379.8,9979.9,711.4,0,0,0,0.0,0,F1,75,,,,,
2026-02-18,2026-02-18,FO,NSE,STO,72586,,BAJAJ-AUTO,,2026-02-24,2026-02-24,10500.0,PE,BAJAJ-AUTO26FEB10500PE,600.0,600.0,553.2,571.75,553.2,665.3,9979.9,571.75,7725,-750,67,55726241.25,30,F1,75,,,,,
2026-02-18,2026-02-18,FO,NSE,STO,76816,,BAJAJ-AUTO,,2026-02-24,2026-02-24,7600.0,PE,BAJAJ-AUTO26FEB7600PE,0.0,0.0,0.0,0.3,0.3,0.3,9979.9,0.05,4275,0,0,0.0,0,F1,75,,,,,
2026-02-18,2026-02-18,FO,NSE,STO,72583,,BAJAJ-AUTO,,2026-02-24,2026-02-24,10300.0,CE,BAJAJ-AUTO26FEB10300CE,14.55,25.4,11.0,19.9,23.1,14.85,9979.9,19.9,81900,23775,4216,3262699233.75,3197,F1,75,,,,,
2026-02-18,2026-02-18,FO,NSE,STO,72585,,BAJAJ-AUTO,,2026-02-24,2026-02-24,10500.0,CE,BAJAJ-AUTO26FEB10500CE,8.45,12.9,6.35,10.25,12.5,8.4,9979.9,10.25,171225,22425,3716,2929028160.0,2673,F1,75,,,,,
2026-02-18,2026-02-18,FO,NSE,STO,85560,,BAJAJ-AUTO,,2026-04-28,2026-04-28,8400.0,CE,BAJAJ-AUTO26APR8400CE,0.0,0.0,0.0,1325.1,0.0,1325.1,9979.9,1678.4,0,0,0,0.0,0,F1,75,,,,,
2026-02-18,2026-02-18,FO,NSE,STO,73006,,BAJAJ-AUTO,,2026-03-30,2026-03-30,10200.0,CE,BAJAJ-AUTO26MAR10200CE,170.0,215.95,151.5,200.9,210.0,158.6,9979.9,200.9,10575,8775,254,197819576.25,172,F1,75,,,,,
2026-02-18,2026-02-18,FO,NSE,STO,85420,,BAJAJ-AUTO,,2026-03-30,2026-03-30,10100.0,PE,BAJAJ-AUTO26MAR10100PE,373.0,373.0,350.0,350.0,350.0,480.0,9979.9,350.0,150,0,2,1569225.0,2,F1,75,,,,,
2026-02-18,2026-02-18,FO,NSE,STO,72563,,BAJAJ-AUTO,,2026-02-24,2026-02-24,9700.0,PE,BAJAJ-AUTO26FEB9700PE,73.15,73.15,22.75,25.9,22.8,72.55,9979.9,25.9,87150,3600,5627,4112501883.75,4093,F1,75,,,,,
2026-02-18,2026-02-18,FO,NSE,STO,72549,,BAJAJ-AUTO,,2026-02-24,2026-02-24,8300.0,PE,BAJAJ-AUTO26FEB8300PE,1.2,2.5,0.55,0.8,0.55,4.75,9979.9,0.8,9825,0,65,40469471.25,41,F1,75,,,,,
2026-02-18,2026-02-18,FO,NSE,STO,85425,,BAJAJ-AUTO,,2026-03-30,2026-03-30,10500.0,PE,BAJAJ-AUTO26MAR10500PE,0.0,0.0,0.0,860.0,860.0,860.0,9979.9,588.55,150,0,0,0.0,0,F1,75,,,,,
2026-02-18,2026-02-18,FO,NSE,STO,73011,,BAJAJ-AUTO,,2026-03-30,2026-03-30,10600.0,PE,BAJAJ-AUTO26MAR10600PE,0.0,0.0,0.0,1313.9,0.0,1313.9,9979.9,663.65,0,0,0,0.0,0,F1,75,,,,,
2026-02-18,2026-02-18,FO,NSE,STO,73015,,BAJAJ-AUTO,,2026-03-30,2026-03-30,11000.0,PE,BAJAJ-AUTO26MAR11000PE,1075.0,1076.8,1032.95,1043.65,1032.95,1300.0,9979.9,1043.65,4425,4275,57,51539883.75,33,F1,75,,,,,
2026-02-18,2026-02-18,FO,NSE,STO,85407,,BAJAJ-AUTO,,2026-03-30,2026-03-30,9300.0,CE,BAJAJ-AUTO26MAR9300CE,703.05,720.0,655.0,718.0,718.0,651.8,9979.9,794.65,900,450,11,8254593.75,5,F1,75,,,,,
2026-02-18,2026-02-18,FO,NSE,STO,76996,,BAJAJ-AUTO,,2026-02-24,2026-02-24,10000.0,PE,BAJAJ-AUTO26FEB10000PE,239.55,245.0,111.9,126.75,116.0,237.65,9979.9,126.75,39900,12600,1221,930091072.5,932,F1,75,,,,,
2026-02-18,2026-02-18,FO,NSE,STO,77012,,BAJAJ-AUTO,,2026-02-24,2026-02-24,10600.0,PE,BAJAJ-AUTO26FEB10600PE,0.0,0.0,0.0,1300.0,1300.0,1300.0,9979.9,612.9,300,0,0,0.0,0,F1,75,,,,,
2026-02-18,2026-02-18,FO,NSE,STO,72915,,BAJAJ-AUTO,,2026-03-30,2026-03-30,8600.0,PE,BAJAJ-AUTO26MAR8600PE,17.15,17.15,17.15,17.15,17.15,43.35,9979.9,17.15,375,150,2,1292572.5,1,F1,75,,,,,
2026-02-18,2026-02-18,FO,NSE,STO,85412,,BAJAJ-AUTO,,2026-03-30,2026-03-30,9300.0,PE,BAJAJ-AUTO26MAR9300PE,85.0,98.4,70.5,71.85,72.0,103.5,9979.9,71.85,6975,825,49,34475936.25,36,F1,75,,,,,
2026-02-18,2026-02-18,FO,NSE,STO,72978,,BAJAJ-AUTO,,2026-03-30,2026-03-30,9600.0,PE,BAJAJ-AUTO26MAR9600PE,164.0,185.0,134.15,137.3,134.15,200.0,9979.9,137.3,1125,675,16,11702951.25,16,F1,75,,,,,
2026-02-18,2026-02-18,FO,NSE,STO,72551,,BAJAJ-AUTO,,2026-02-24,2026-02-24,8500.0,PE,BAJAJ-AUTO26FEB8500PE,2.6,3.8,1.8,1.9,2.15,3.9,9979.9,1.9,11550,-1575,179,114149107.5,126,F1,75,,,,,
2026-02-18,2026-02-18,FO,NSE,STO,85580,,BAJAJ-AUTO,,2026-04-28,2026-04-28,10400.0,CE,BAJAJ-AUTO26APR10400CE,184.0,184.0,184.0,184.0,184.0,251.4,9979.9,263.95,2625,2625,35,27783000.0,8,F1,75,,,,,
2026-02-18,2026-02-18,FO,NSE,STO,85576,,BAJAJ-AUTO,,2026-04-28,2026-04-28,10000.0,CE,BAJAJ-AUTO26APR10000CE,0.0,0.0,0.0,376.5,0.0,376.5,9979.9,436.25,0,0,0,0.0,0,F1,75,,,,,
2026-02-18,2026-02-18,FO,NSE,STO,85570,,BAJAJ-AUTO,,2026-04-28,2026-04-28,9400.0,CE,BAJAJ-AUTO26APR9400CE,0.0,0.0,0.0,645.55,0.0,645.55,9979.9,811.75,0,0,0,0.0,0,F1,75,,,,,
2026-02-18,2026-02-18,FO,NSE,STO,72912,,BAJAJ-AUTO,,2026-03-30,2026-03-30,8400.0,CE,BAJAJ-AUTO26MAR8400CE,0.0,0.0,0.0,1034.5,1034.5,1034.5,9979.9,1632.5,0,0,0,0.0,0,F1,75,,,,,
2026-02-18,2026-02-18,FO,NSE,STO,77021,,BAJAJ-AUTO,,2026-02-24,2026-02-24,11000.0,CE,BAJAJ-AUTO26FEB11000CE,2.0,3.0,1.25,2.3,2.7,2.0,9979.9,2.3,116625,-300,492,405979608.75,326,F1,75,,,,,
2026-02-18,2026-02-18,FO,NSE,STO,76991,,BAJAJ-AUTO,,2026-02-24,2026-02-24,9800.0,CE,BAJAJ-AUTO26FEB9800CE,130.0,220.0,108.0,194.4,218.85,128.4,9979.9,194.4,159975,-17700,7424,5545635281.25,5935,F1,75,,,,,
2026-02-18,2026-02-18,FO,NSE,STO,72560,,BAJAJ-AUTO,,2026-02-24,2026-02-24,9500.0,CE,BAJAJ-AUTO26FEB9500CE,325.0,485.0,325.0,454.85,485.0,339.55,9979.9,454.85,49650,-150,220,163478280.0,153,F1,75,,,,,
2026-02-18,2026-02-18,FO,NSE,STO,76918,,BAJAJ-AUTO,,2026-02-24,2026-02-24,8800.0,CE,BAJAJ-AUTO26FEB8800CE,0.0,0.0,0.0,990.0,990.0,990.0,9979.9,1187.85,375,0,0,0.0,0,F1,75,,,,,
2026-02-18,2026-02-18,FO,NSE,STO,76912,,BAJAJ-AUTO,,2026-02-24,2026-02-24,8600.0,CE,BAJAJ-AUTO26FEB8600CE,0.0,0.0,0.0,1101.65,1101.65,1101.65,9979.9,1387.65,375,0,0,0.0,0,F1,75,,,,,
2026-02-18,2026-02-18,FO,NSE,STO,85422,,BAJAJ-AUTO,,2026-03-30,2026-03-30,10300.0,PE,BAJAJ-AUTO26MAR10300PE,460.0,460.0,460.0,460.0,460.0,845.65,9979.9,460.0,225,75,1,807000.0,1,F1,75,,,,,
2026-02-18,2026-02-18,FO,NSE,STO,85388,,BAJAJ-AUTO,,2026-03-30,2026-03-30,8500.0,PE,BAJAJ-AUTO26MAR8500PE,14.0,15.75,14.0,15.0,15.75,20.0,9979.9,15.0,4350,3225,55,35122837.5,27,F1,75,,,,,
2026-02-18,2026-02-18,FO,NSE,STO,77022,,BAJAJ-AUTO,,2026-02-24,2026-02-24,11000.0,PE,BAJAJ-AUTO26FEB11000PE,1100.0,1100.0,1094.0,1094.0,1094.0,1154.4,9979.9,1010.2,3600,-450,6,5442750.0,4,F1,75,,,,,
2026-02-18,2026-02-18,FO,NSE,STO,76917,,BAJAJ-AUTO,,2026-02-24,2026-02-24,8600.0,PE,BAJAJ-AUTO26FEB8600PE,4.5,4.5,2.25,2.8,2.5,4.65,9979.9,2.8,5175,-1575,55,35488560.0,44,F1,75,,,,,
2026-02-18,2026-02-18,FO,NSE,STO,76947,,BAJAJ-AUTO,,2026-02-24,2026-02-24,9000.0,CE,BAJAJ-AUTO26FEB9000CE,925.0,925.0,825.0,912.5,912.5,812.0,9979.9,988.05,11625,-375,8,5921816.25,8,F1,75,,,,,
2026-02-18,2026-02-18,FO,NSE,STO,77013,,BAJAJ-AUTO,,2026-02-24,2026-02-24,10800.0,CE,BAJAJ-AUTO26FEB10800CE,3.9,5.3,2.75,4.0,5.3,3.9,9979.9,4.0,30675,-4275,778,630410482.5,641,F1,75,,,,,
2026-02-18,2026-02-18,FO,NSE,STO,85413,,BAJAJ-AUTO,,2026-03-30,2026-03-30,9500.0,CE,BAJAJ-AUTO26MAR9500CE,0.0,0.0,0.0,420.0,420.0,420.0,9979.9,636.15,3225,0,0,0.0,0,F1,75,,,,,
2026-02-18,2026-02-18,FO,NSE,STO,85417,,BAJAJ-AUTO,,2026-03-30,2026-03-30,9900.0,CE,BAJAJ-AUTO26MAR9900CE,271.65,355.0,265.45,336.6,354.9,271.65,9979.9,336.6,7950,5025,419,321059951.25,333,F1,75,,,,,
2026-02-18,2026-02-18,FO,NSE,STO,73008,,BAJAJ-AUTO,,2026-03-30,2026-03-30,10400.0,CE,BAJAJ-AUTO26MAR10400CE,130.65,135.05,103.2,134.2,133.35,113.0,9979.9,134.2,5025,225,100,78907095.0,70,F1,75,,,,,
2026-02-18,2026-02-18,FO,NSE,STO,76855,,BAJAJ-AUTO,,2026-02-24,2026-02-24,8000.0,PE,BAJAJ-AUTO26FEB8000PE,0.55,0.75,0.25,0.25,0.25,1.0,9979.9,0.25,60900,-450,94,56402782.5,30,F1,75,,,,,
2026-02-18,2026-02-18,FO,NSE,STO,76907,,BAJAJ-AUTO,,2026-02-24,2026-02-24,8400.0,PE,BAJAJ-AUTO26FEB8400PE,2.95,3.45,1.25,1.25,1.3,2.95,9979.9,1.25,10275,-750,99,62384970.0,57,F1,75,,,,,
2026-02-18,2026-02-18,FO,NSE,STO,72555,,BAJAJ-AUTO,,2026-02-24,2026-02-24,8900.0,PE,BAJAJ-AUTO26FEB8900PE,6.0,6.05,4.25,4.45,4.5,5.85,9979.9,4.45,12825,-600,172,114874661.25,131,F1,75,,,,,
2026-02-18,2026-02-18,FO,NSE,STO,76979,,BAJAJ-AUTO,,2026-02-24,2026-02-24,9200.0,PE,BAJAJ-AUTO26FEB9200PE,9.85,9.95,5.0,6.0,6.0,9.5,9979.9,6.0,43575,-15075,1292,892140753.75,873,F1,75,,,,,
2026-02-18,2026-02-18,FO,NSE,STO,76988,,BAJAJ-AUTO,,2026-02-24,2026-02-24,9400.0,PE,BAJAJ-AUTO26FEB9400PE,19.0,19.0,8.15,8.75,8.6,18.55,9979.9,8.75,77925,15525,2776,1959331106.25,2224,F1,75,,,,,
2026-02-18,2026-02-18,FO,NSE,STO,76999,,BAJAJ-AUTO,,2026-02-24,2026-02-24,10200.0,PE,BAJAJ-AUTO26FEB10200PE,380.0,382.0,261.45,271.55,263.65,403.8,9979.9,271.55,4800,1650,70,55281071.25,64,F1,75,,,,,
2026-02-18,2026-02-18,FO,NSE,STO,72913,,BAJAJ-AUTO,,2026-03-30,2026-03-30,8400.0,PE,BAJAJ-AUTO26MAR8400PE,0.0,0.0,0.0,17.95,17.95,17.95,9979.9,2.1,1275,0,0,0.0,0,F1,75,,,,,
2026-02-18,2026-02-18,FO,NSE,STO,85567,,BAJAJ-AUTO,,2026-04-28,2026-04-28,9000.0,PE,BAJAJ-AUTO26APR9000PE,0.0,0.0,0.0,253.95,0.0,253.95,9979.9,58.45,0,0,0,0.0,0,F1,75,,,,,
2026-02-18,2026-02-18,FO,NSE,STO,85597,,BAJAJ-AUTO,,2026-04-28,2026-04-28,10800.0,PE,BAJAJ-AUTO26APR10800PE,0.0,0.0,0.0,1305.1,0.0,1305.1,9979.9,856.9,0,0,0,0.0,0,F1,75,,,,,
2026-02-18,2026-02-18,FO,NSE,STO,76856,,BAJAJ-AUTO,,2026-02-24,2026-02-24,8200.0,CE,BAJAJ-AUTO26FEB8200CE,0.0,0.0,0.0,1124.4,0.0,1124.4,9979.9,1787.3,0,0,0,0.0,0,F1,75,,,,,
2026-02-18,2026-02-18,FO,NSE,STO,85594,,BAJAJ-AUTO,,2026-04-28,2026-04-28,10600.0,CE,BAJAJ-AUTO26APR10600CE,0.0,0.0,0.0,203.35,0.0,203.35,9979.9,199.8,0,0,0,0.0,0,F1,75,,,,,
2026-02-18,2026-02-18,FO,NSE,STO,85421,,BAJAJ-AUTO,,2026-03-30,2026-03-30,10300.0,CE,BAJAJ-AUTO26MAR10300CE,141.5,164.0,140.0,161.0,164.0,141.85,9979.9,161.0,3225,375,9,7050675.0,9,F1,75,,,,,
2026-02-18,2026-02-18,FO,NSE,STO,85400,,BAJAJ-AUTO,,2026-03-30,2026-03-30,9100.0,CE,BAJAJ-AUTO26MAR9100CE,0.0,0.0,0.0,710.25,0.0,710.25,9979.9,967.15,0,0,0,0.0,0,F1,75,,,,,
2026-02-18,2026-02-18,FO,NSE,STO,76972,,BAJAJ-AUTO,,2026-02-24,2026-02-24,9200.0,CE,BAJAJ-AUTO26FEB9200CE,625.0,764.65,625.0,758.05,760.0,637.1,9979.9,758.05,7650,-1125,37,27478395.0,23,F1,75,,,,,
2026-02-18,2026-02-18,FO,NSE,STO,72554,,BAJAJ-AUTO,,2026-02-24,2026-02-24,8900.0,CE,BAJAJ-AUTO26FEB8900CE,0.0,0.0,0.0,747.3,747.3,747.3,9979.9,1087.95,225,0,0,0.0,0,F1,75,,,,,
2026-02-18,2026-02-18,FO,NSE,STO,72550,,BAJAJ-AUTO,,2026-02-24,2026-02-24,8500.0,CE,BAJAJ-AUTO26FEB8500CE,0.0,0.0,0.0,1323.3,1323.3,1323.3,9979.9,1487.6,1275,0,0,0.0,0,F1,75,,,,,
2026-02-18,2026-02-18,FO,NSE,STO,76906,,BAJAJ-AUTO,,2026-02-24,2026-02-24,8400.0,CE,BAJAJ-AUTO26FEB8400CE,0.0,0.0,0.0,979.8,0.0,979.8,9979.9,1587.5,0,0,0,0.0,0,F1,75,,,,,
2026-02-18,2026-02-18,FO,NSE,STF,59216,,BAJAJ-AUTO,,2026-02-24,2026-02-24,,,BAJAJ-AUTO26FEBFUT,9811.5,9989.0,9793.0,9954.0,9986.5,9817.5,9979.9,9954.0,2786100,-41400,8009,5949107700.0,6294,F1,75,,,,,
2026-02-18,2026-02-18,FO,NSE,STO,85579,,BAJAJ-AUTO,,2026-04-28,2026-04-28,10200.0,PE,BAJAJ-AUTO26APR10200PE,0.0,0.0,0.0,860.8,0.0,860.8,9979.9,457.05,0,0,0,0.0,0,F1,75,,,,,
2026-02-18,2026-02-18,FO,NSE,STO,72584,,BAJAJ-AUTO,,2026-02-24,2026-02-24,10300.0,PE,BAJAJ-AUTO26FEB10300PE,0.0,0.0,0.0,460.25,460.25,460.25,9979.9,333.3,75,0,0,0.0,0,F1,75,,,,,
2026-02-18,2026-02-18,FO,NSE,STO,76990,,BAJAJ-AUTO,,2026-02-24,2026-02-24,9600.0,PE,BAJAJ-AUTO26FEB9600PE,47.25,47.3,14.7,16.05,14.95,44.15,9979.9,16.05,100425,27075,4883,3525099228.75,3550,F1,75,,,,,
2026-02-18,2026-02-18,FO,NSE,STO,85578,,BAJAJ-AUTO,,2026-04-28,2026-04-28,10200.0,CE,BAJAJ-AUTO26APR10200CE,0.0,0.0,0.0,309.0,0.0,309.0,9979.9,342.45,0,0,0,0.0,0,F1,75,,,,,
2026-02-18,2026-02-18,FO,NSE,STO,73012,,BAJAJ-AUTO,,2026-03-30,2026-03-30,10800.0,CE,BAJAJ-AUTO26MAR10800CE,50.5,63.05,50.5,59.8,63.0,41.35,9979.9,59.8,600,525,17,13844092.5,17,F1,75,,,,,
2026-02-18,2026-02-18,FO,NSE,STO,85424,,BAJAJ-AUTO,,2026-03-30,2026-03-30,10500.0,CE,BAJAJ-AUTO26MAR10500CE,91.0,119.95,83.1,112.15,119.95,90.9,9979.9,112.15,13125,10875,416,330835481.25,278,F1,75,,,,,
2026-02-18,2026-02-18,FO,NSE,STO,72977,,BAJAJ-AUTO,,2026-03-30,2026-03-30,9600.0,CE,BAJAJ-AUTO26MAR9600CE,505.0,525.0,485.0,516.7,525.0,435.0,9979.9,516.7,4575,-375,15,11356511.25,14,F1,75,,,,,
2026-02-18,2026-02-18,FO,NSE,STO,73014,,BAJAJ-AUTO,,2026-03-30,2026-03-30,11000.0,CE,BAJAJ-AUTO26MAR11000CE,40.0,47.0,31.65,42.65,47.0,35.4,9979.9,42.65,6975,5850,225,186295507.5,195,F1,75,,,,,
2026-02-18,2026-02-18,FO,NSE,STO,85562,,BAJAJ-AUTO,,2026-04-28,2026-04-28,8600.0,CE,BAJAJ-AUTO26APR8600CE,0.0,0.0,0.0,1167.9,0.0,1167.9,9979.9,1489.85,0,0,0,0.0,0,F1,75,,,,,
2026-02-18,2026-02-18,FO,NSE,STO,85564,,BAJAJ-AUTO,,2026-04-28,2026-04-28,8800.0,CE,BAJAJ-AUTO26APR8800CE,0.0,0.0,0.0,1020.8,0.0,1020.8,9979.9,1306.9,0,0,0,0.0,0,F1,75,,,,,
2026-02-18,2026-02-18,FO,NSE,STO,81240,,BOSCHLTD,,2026-02-24,2026-02-24,34000.0,PE,BOSCHLTD26FEB34000PE,92.0,97.4,39.55,42.2,41.4,87.65,35695.05,42.2,5275,-175,169,143908550.0,136,F1,25,,,,,
2026-02-18,2026-02-18,FO,NSE,STO,80460,,BOSCHLTD,,2026-02-24,2026-02-24,32250.0,PE,BOSCHLTD26FEB32250PE,0.0,0.0,0.0,215.25,209.15,215.25,35695.05,0.15,75,0,0,0.0,0,F1,25,,,,,
2026-02-18,2026-02-18,FO,NSE,STO,80978,,BOSCHLTD,,2026-03-30,2026-03-30,44000.0,CE,BOSCHLTD26MAR44000CE,0.0,0.0,0.0,59.95,59.95,59.95,35695.05,5.65,75,0,0,0.0,0,F1,25,,,,,
2026-02-18,2026-02-18,FO,NSE,STO,80929,,BOSCHLTD,,2026-03-30,2026-03-30,36500.0,CE,BOSCHLTD26MAR36500CE,0.0,0.0,0.0,730.0,730.0,730.0,35695.05,880.6,75,0,0,0.0,0,F1,25,,,,,
2026-02-18,2026-02-18,FO,NSE,STO,80905,,BOSCHLTD,,2026-03-30,2026-03-30,30500.0,CE,BOSCHLTD26MAR30500CE,0.0,0.0,0.0,5685.75,0.0,5685.75,35695.05,5398.5,0,0,0,0.0,0,F1,25,,,,,
2026-02-18,2026-02-18,FO,NSE,STO,80901,,BOSCHLTD,,2026-03-30,2026-03-30,30000.0,CE,BOSCHLTD26MAR30000CE,0.0,0.0,0.0,6127.65,0.0,6127.65,35695.05,5886.55,0,0,0,0.0,0,F1,25,,,,,
2026-02-18,2026-02-18,FO,NSE,STO,80641,,BOSCHLTD,,2026-02-24,2026-02-24,42750.0,CE,BOSCHLTD26FEB42750CE,0.0,0.0,0.0,19.95,19.95,19.95,35695.05,0.05,450,0,0,0.0,0,F1,25,,,,,
2026-02-18,2026-02-18,FO,NSE,STO,80539,,BOSCHLTD,,2026-02-24,2026-02-24,39500.0,CE,BOSCHLTD26FEB39500CE,22.0,22.0,11.25,18.5,19.7,25.5,35695.05,18.5,1675,375,32,31612433.75,23,F1,25,,,,,
2026-02-18,2026-02-18,FO,NSE,STO,80531,,BOSCHLTD,,2026-02-24,2026-02-24,38500.0,CE,BOSCHLTD26FEB38500CE,38.0,45.9,22.1,32.15,34.4,36.7,35695.05,32.15,5375,-300,115,110770966.25,87,F1,25,,,,,
2026-02-18,2026-02-18,FO,NSE,STO,80509,,BOSCHLTD,,2026-02-24,2026-02-24,37250.0,CE,BOSCHLTD26FEB37250CE,122.15,122.15,80.0,80.0,80.0,116.35,35695.05,80.0,750,25,2,1867553.75,2,F1,25,,,,,
2026-02-18,2026-02-18,FO,NSE,STO,80487,,BOSCHLTD,,2026-02-24,2026-02-24,36500.0,CE,BOSCHLTD26FEB36500CE,157.0,211.8,93.0,175.95,200.0,158.35,35695.05,175.95,7500,525,780,714690652.5,604,F1,25,,,,,
2026-02-18,2026-02-18,FO,NSE,STO,80473,,BOSCHLTD,,2026-02-24,2026-02-24,34250.0,CE,BOSCHLTD26FEB34250CE,0.0,0.0,0.0,1309.4,1309.4,1309.4,35695.05,1519.3,100,0,0,0.0,0,F1,25,,,,,
2026-02-18,2026-02-18,FO,NSE,STO,80467,,BOSCHLTD,,2026-02-24,2026-02-24,33250.0,CE,BOSCHLTD26FEB33250CE,0.0,0.0,0.0,2544.3,2544.3,2544.3,35695.05,2478.85,0,0,0,0.0,0,F1,25,,,,,
2026-02-18,2026-02-18,FO,NSE,STO,80461,,BOSCHLTD,,2026-02-24,2026-02-24,32500.0,CE,BOSCHLTD26FEB32500CE,0.0,0.0,0.0,3614.1,3614.1,3614.1,35695.05,3224.75,0,0,0,0.0,0,F1,25,,,,,
2026-02-18,2026-02-18,FO,NSE,STO,93461,,BOSCHLTD,,2026-04-28,2026-04-28,40500.0,PE,BOSCHLTD26APR40500PE,0.0,0.0,0.0,5156.4,0.0,5156.4,35695.05,4658.05,0,0,0,0.0,0,F1,25,,,,,
2026-02-18,2026-02-18,FO,NSE,STO,93272,,BOSCHLTD,,2026-03-30,2026-03-30,33750.0,PE,BOSCHLTD26MAR33750PE,354.0,354.15,354.0,354.15,354.15,300.0,35695.05,348.15,75,-25,2,1705203.75,2,F1,25,,,,,
2026-02-18,2026-02-18,FO,NSE,STO,93284,,BOSCHLTD,,2026-03-30,2026-03-30,36750.0,PE,BOSCHLTD26MAR36750PE,0.0,0.0,0.0,973.8,973.8,973.8,35695.05,1618.4,75,0,0,0.0,0,F1,25,,,,,
2026-02-18,2026-02-18,FO,NSE,STO,93428,,BOSCHLTD,,2026-04-28,2026-04-28,36000.0,PE,BOSCHLTD26APR36000PE,0.0,0.0,0.0,2083.25,0.0,2083.25,35695.05,1462.65,0,0,0,0.0,0,F1,25,,,,,
2026-02-18,2026-02-18,FO,NSE,STO,93434,,BOSCHLTD,,2026-04-28,2026-04-28,37500.0,PE,BOSCHLTD26APR37500PE,0.0,0.0,0.0,2962.95,0.0,2962.95,35695.05,2339.05,0,0,0,0.0,0,F1,25,,,,,
2026-02-18,2026-02-18,FO,NSE,STO,93457,,BOSCHLTD,,2026-04-28,2026-04-28,39500.0,PE,BOSCHLTD26APR39500PE,0.0,0.0,0.0,4371.3,0.0,4371.3,35695.05,3817.55,0,0,0,0.0,0,F1,25,,,,,
2026-02-18,2026-02-18,FO,NSE,STO,80742,,BOSCHLTD,,2026-02-24,2026-02-24,44500.0,CE,BOSCHLTD26FEB44500CE,0.0,0.0,0.0,5.0,5.0,5.0,35695.05,0.05,850,0,0,0.0,0,F1,25,,,,,
2026-02-18,2026-02-18,FO,NSE,STO,80943,,BOSCHLTD,,2026-03-30,2026-03-30,38500.0,CE,BOSCHLTD26MAR38500CE,0.0,0.0,0.0,550.0,550.0,550.0,35695.05,314.4,25,0,0,0.0,0,F1,25,,,,,
2026-02-18,2026-02-18,FO,NSE,STO,93291,,BOSCHLTD,,2026-03-30,2026-03-30,38750.0,CE,BOSCHLTD26MAR38750CE,0.0,0.0,0.0,621.3,0.0,621.3,35695.05,271.85,0,0,0,0.0,0,F1,25,,,,,
2026-02-18,2026-02-18,FO,NSE,STO,93456,,BOSCHLTD,,2026-04-28,2026-04-28,39500.0,CE,BOSCHLTD26APR39500CE,0.0,0.0,0.0,786.2,0.0,786.2,35695.05,421.15,0,0,0,0.0,0,F1,25,,,,,
2026-02-18,2026-02-18,FO,NSE,STO,81224,,BOSCHLTD,,2026-02-24,2026-02-24,30000.0,PE,BOSCHLTD26FEB30000PE,3.15,7.1,3.15,7.0,7.0,6.15,35695.05,0.05,2325,-25,28,21003718.75,12,F1,25,,,,,
2026-02-18,2026-02-18,FO,NSE,STO,81255,,BOSCHLTD,,2026-02-24,2026-02-24,37000.0,PE,BOSCHLTD26FEB37000PE,1830.05,1830.05,1830.05,1830.05,1830.05,1654.1,35695.05,1344.6,4050,0,1,970751.25,1,F1,25,,,,,
2026-02-18,2026-02-18,FO,NSE,STO,80542,,BOSCHLTD,,2026-02-24,2026-02-24,39750.0,PE,BOSCHLTD26FEB39750PE,0.0,0.0,0.0,4187.4,0.0,4187.4,35695.05,4019.1,0,0,0,0.0,0,F1,25,,,,,
2026-02-18,2026-02-18,FO,NSE,STO,80916,,BOSCHLTD,,2026-03-30,2026-03-30,33000.0,PE,BOSCHLTD26MAR33000PE,0.0,0.0,0.0,279.35,282.7,279.35,35695.05,205.2,400,0,0,0.0,0,F1,25,,,,,
2026-02-18,2026-02-18,FO,NSE,STO,80935,,BOSCHLTD,,2026-03-30,2026-03-30,37500.0,PE,BOSCHLTD26MAR37500PE,0.0,0.0,0.0,969.7,969.7,969.7,35695.05,2121.6,50,0,0,0.0,0,F1,25,,,,,
2026-02-18,2026-02-18,FO,NSE,STO,93378,,BOSCHLTD,,2026-04-28,2026-04-28,31000.0,PE,BOSCHLTD26APR31000PE,0.0,0.0,0.0,321.65,321.65,321.65,35695.05,116.9,25,0,0,0.0,0,F1,25,,,,,
2026-02-18,2026-02-18,FO,NSE,STO,93472,,BOSCHLTD,,2026-04-28,2026-04-28,42000.0,PE,BOSCHLTD26APR42000PE,0.0,0.0,0.0,6416.25,0.0,6416.25,35695.05,6004.2,0,0,0,0.0,0,F1,25,,,,,
2026-02-18,2026-02-18,FO,NSE,STO,80919,,BOSCHLTD,,2026-03-30,2026-03-30,34000.0,CE,BOSCHLTD26MAR34000CE,0.0,0.0,0.0,3004.55,0.0,3004.55,35695.05,2308.55,0,0,0,0.0,0,F1,25,,,,,
2026-02-18,2026-02-18,FO,NSE,STF,51830,,BOSCHLTD,,2026-03-30,2026-03-30,,,BOSCHLTD26MARFUT,35780.0,36045.0,35455.0,35975.0,36045.0,35635.0,35695.05,35975.0,20575,8550,682,609404375.0,557,F1,25,,,,,
2026-02-18,2026-02-18,FO,NSE,STF,66732,,BOSCHLTD,,2026-04-28,2026-04-28,,,BOSCHLTD26APRFUT,35965.0,36055.0,35670.0,36055.0,36055.0,35965.0,35695.05,36055.0,925,75,5,4486500.0,5,F1,25,,,,,
2026-02-18,2026-02-18,FO,NSE,STO,80489,,BOSCHLTD,,2026-02-24,2026-02-24,36750.0,CE,BOSCHLTD26FEB36750CE,145.0,161.35,71.05,144.1,161.35,122.1,35695.05,144.1,1125,-800,122,112467111.25,108,F1,25,,,,,
2026-02-18,2026-02-18,FO,NSE,STO,80511,,BOSCHLTD,,2026-02-24,2026-02-24,37500.0,CE,BOSCHLTD26FEB37500CE,66.6,75.15,33.7,67.8,74.7,66.6,35695.05,67.8,6325,1350,320,300417077.5,215,F1,25,,,,,
2026-02-18,2026-02-18,FO,NSE,STO,80533,,BOSCHLTD,,2026-02-24,2026-02-24,38750.0,CE,BOSCHLTD26FEB38750CE,15.0,24.05,14.5,20.95,17.75,160.0,35695.05,20.95,775,375,36,34892886.25,15,F1,25,,,,,
2026-02-18,2026-02-18,FO,NSE,STO,80537,,BOSCHLTD,,2026-02-24,2026-02-24,39250.0,CE,BOSCHLTD26FEB39250CE,22.2,22.2,22.2,22.2,22.2,30.9,35695.05,22.2,1700,25,1,981805.0,1,F1,25,,,,,
2026-02-18,2026-02-18,FO,NSE,STO,80561,,BOSCHLTD,,2026-02-24,2026-02-24,40750.0,CE,BOSCHLTD26FEB40750CE,0.0,0.0,0.0,26.6,26.6,26.6,35695.05,0.05,400,0,0,0.0,0,F1,25,,,,,
2026-02-18,2026-02-18,FO,NSE,STO,80573,,BOSCHLTD,,2026-02-24,2026-02-24,41250.0,CE,BOSCHLTD26FEB41250CE,0.0,0.0,0.0,78.85,78.85,78.85,35695.05,0.05,100,0,0,0.0,0,F1,25,,,,,
2026-02-18,2026-02-18,FO,NSE,STO,93412,,BOSCHLTD,,2026-04-28,2026-04-28,32000.0,PE,BOSCHLTD26APR32000PE,0.0,0.0,0.0,575.0,0.0,575.0,35695.05,225.05,0,0,0,0.0,0,F1,25,,,,,
2026-02-18,2026-02-18,FO,NSE,STO,93414,,BOSCHLTD,,2026-04-28,2026-04-28,32500.0,PE,BOSCHLTD26APR32500PE,0.0,0.0,0.0,699.55,0.0,699.55,35695.05,302.4,0,0,0,0.0,0,F1,25,,,,,
2026-02-18,2026-02-18,FO,NSE,STO,93418,,BOSCHLTD,,2026-04-28,2026-04-28,33500.0,PE,BOSCHLTD26APR33500PE,0.0,0.0,0.0,997.95,0.0,997.95,35695.05,514.9,0,0,0,0.0,0,F1,25,,,,,
2026-02-18,2026-02-18,FO,NSE,STO,93451,,BOSCHLTD,,2026-04-28,2026-04-28,38000.0,PE,BOSCHLTD26APR38000PE,0.0,0.0,0.0,3291.25,0.0,3291.25,35695.05,2678.65,0,0,0,0.0,0,F1,25,,,,,
2026-02-18,2026-02-18,FO,NSE,STO,93464,,BOSCHLTD,,2026-04-28,2026-04-28,41000.0,PE,BOSCHLTD26APR41000PE,0.0,0.0,0.0,5566.65,0.0,5566.65,35695.05,5097.05,0,0,0,0.0,0,F1,25,,,,,
2026-02-18,2026-02-18,FO,NSE,STO,93285,,BOSCHLTD,,2026-03-30,2026-03-30,37250.0,CE,BOSCHLTD26MAR37250CE,475.0,475.0,475.0,475.0,475.0,475.0,35695.05,615.3,225,0,1,943125.0,1,F1,25,,,,,
2026-02-18,2026-02-18,FO,NSE,STO,80960,,BOSCHLTD,,2026-03-30,2026-03-30,41000.0,CE,BOSCHLTD26MAR41000CE,0.0,0.0,0.0,90.05,90.05,90.05,35695.05,62.35,775,0,0,0.0,0,F1,25,,,,,
2026-02-18,2026-02-18,FO,NSE,STO,93452,,BOSCHLTD,,2026-04-28,2026-04-28,38500.0,CE,BOSCHLTD26APR38500CE,0.0,0.0,0.0,1035.3,0.0,1035.3,35695.05,632.75,0,0,0,0.0,0,F1,25,,,,,
2026-02-18,2026-02-18,FO,NSE,STO,80478,,BOSCHLTD,,2026-02-24,2026-02-24,34750.0,PE,BOSCHLTD26FEB34750PE,225.0,227.75,96.4,97.65,98.1,206.95,35695.05,97.65,1625,150,28,24427388.75,28,F1,25,,,,,
2026-02-18,2026-02-18,FO,NSE,STO,80512,,BOSCHLTD,,2026-02-24,2026-02-24,37500.0,PE,BOSCHLTD26FEB37500PE,2250.0,2250.0,2052.65,2052.65,2052.65,1823.7,35695.05,1799.95,1950,-125,5,4961483.75,5,F1,25,,,,,
2026-02-18,2026-02-18,FO,NSE,STO,80530,,BOSCHLTD,,2026-02-24,2026-02-24,38250.0,PE,BOSCHLTD26FEB38250PE,0.0,0.0,0.0,2993.75,0.0,2993.75,35695.05,2526.0,0,0,0,0.0,0,F1,25,,,,,
2026-02-18,2026-02-18,FO,NSE,STO,80485,,BOSCHLTD,,2026-02-24,2026-02-24,36250.0,CE,BOSCHLTD26FEB36250CE,199.0,262.6,127.2,247.0,262.6,208.75,35695.05,247.0,3275,250,46,41898508.75,35,F1,25,,,,,
2026-02-18,2026-02-18,FO,NSE,STO,80942,,BOSCHLTD,,2026-03-30,2026-03-30,38000.0,PE,BOSCHLTD26MAR38000PE,2758.65,2758.65,2758.65,2758.65,2758.65,2600.0,35695.05,2492.5,50,-50,3,3056898.75,3,F1,25,,,,,
2026-02-18,2026-02-18,FO,NSE,STO,80908,,BOSCHLTD,,2026-03-30,2026-03-30,31000.0,PE,BOSCHLTD26MAR31000PE,0.0,0.0,0.0,231.05,231.05,231.05,35695.05,34.6,425,0,0,0.0,0,F1,25,,,,,
2026-02-18,2026-02-18,FO,NSE,STO,80640,,BOSCHLTD,,2026-02-24,2026-02-24,42500.0,PE,BOSCHLTD26FEB42500PE,0.0,0.0,0.0,6668.6,0.0,6668.6,35695.05,6766.55,0,0,0,0.0,0,F1,25,,,,,
2026-02-18,2026-02-18,FO,NSE,STO,80931,,BOSCHLTD,,2026-03-30,2026-03-30,37000.0,CE,BOSCHLTD26MAR37000CE,500.0,600.0,500.0,600.0,600.0,1463.05,35695.05,600.0,25,25,2,1877500.0,2,F1,25,,,,,
2026-02-18,2026-02-18,FO,NSE,STO,93265,,BOSCHLTD,,2026-03-30,2026-03-30,32250.0,CE,BOSCHLTD26MAR32250CE,3638.25,3638.25,3638.25,3638.25,3638.25,3826.15,35695.05,3751.5,25,25,1,897206.25,1,F1,25,,,,,
2026-02-18,2026-02-18,FO,NSE,STO,80911,,BOSCHLTD,,2026-03-30,2026-03-30,32000.0,CE,BOSCHLTD26MAR32000CE,0.0,0.0,0.0,4437.2,0.0,4437.2,35695.05,3978.0,0,0,0,0.0,0,F1,25,,,,,
2026-02-18,2026-02-18,FO,NSE,STO,93292,,BOSCHLTD,,2026-03-30,2026-03-30,38750.0,PE,BOSCHLTD26MAR38750PE,0.0,0.0,0.0,3656.0,0.0,3656.0,35695.05,3093.95,0,0,0,0.0,0,F1,25,,,,,
2026-02-18,2026-02-18,FO,NSE,STO,80959,,BOSCHLTD,,2026-03-30,2026-03-30,40500.0,PE,BOSCHLTD26MAR40500PE,0.0,0.0,0.0,4891.2,0.0,4891.2,35695.05,4650.25,0,0,0,0.0,0,F1,25,,,,,
2026-02-18,2026-02-18,FO,NSE,STO,80560,,BOSCHLTD,,2026-02-24,2026-02-24,40500.0,PE,BOSCHLTD26FEB40500PE,0.0,0.0,0.0,4834.7,0.0,4834.7,35695.05,4768.35,0,0,0,0.0,0,F1,25,,,,,
2026-02-18,2026-02-18,FO,NSE,STO,80906,,BOSCHLTD,,2026-03-30,2026-03-30,30500.0,PE,BOSCHLTD26MAR30500PE,109.0,109.0,103.25,103.25,103.25,99.0,35695.05,20.15,375,25,3,2295417.5,3,F1,25,,,,,
2026-02-18,2026-02-18,FO,NSE,STO,80910,,BOSCHLTD,,2026-03-30,2026-03-30,31500.0,PE,BOSCHLTD26MAR31500PE,145.1,145.1,131.95,131.95,131.95,160.0,35695.05,57.1,0,0,2,1581926.25,2,F1,25,,,,,
2026-02-18,2026-02-18,FO,NSE,STO,93266,,BOSCHLTD,,2026-03-30,2026-03-30,32250.0,PE,BOSCHLTD26MAR32250PE,0.0,0.0,0.0,428.85,0.0,428.85,35695.05,112.65,0,0,0,0.0,0,F1,25,,,,,
2026-02-18,2026-02-18,FO,NSE,STO,80922,,BOSCHLTD,,2026-03-30,2026-03-30,34500.0,PE,BOSCHLTD26MAR34500PE,600.0,600.0,600.0,600.0,600.0,350.0,35695.05,553.85,250,25,1,877500.0,1,F1,25,,,,,
2026-02-18,2026-02-18,FO,NSE,STO,80952,,BOSCHLTD,,2026-03-30,2026-03-30,39000.0,PE,BOSCHLTD26MAR39000PE,0.0,0.0,0.0,3724.5,0.0,3724.5,35695.05,3304.8,0,0,0,0.0,0,F1,25,,,,,
2026-02-18,2026-02-18,FO,NSE,STO,93430,,BOSCHLTD,,2026-04-28,2026-04-28,36500.0,PE,BOSCHLTD26APR36500PE,0.0,0.0,0.0,2358.2,0.0,2358.2,35695.05,1729.8,0,0,0,0.0,0,F1,25,,,,,
2026-02-18,2026-02-18,FO,NSE,STO,93469,,BOSCHLTD,,2026-04-28,2026-04-28,42000.0,CE,BOSCHLTD26APR42000CE,0.0,0.0,0.0,369.45,0.0,369.45,35695.05,133.7,0,0,0,0.0,0,F1,25,,,,,
2026-02-18,2026-02-18,FO,NSE,STO,80469,,BOSCHLTD,,2026-02-24,2026-02-24,33500.0,CE,BOSCHLTD26FEB33500CE,0.0,0.0,0.0,2886.95,0.0,2886.95,35695.05,2232.75,0,0,0,0.0,0,F1,25,,,,,
2026-02-18,2026-02-18,FO,NSE,STO,81239,,BOSCHLTD,,2026-02-24,2026-02-24,34000.0,CE,BOSCHLTD26FEB34000CE,1414.3,1800.0,1414.3,1780.2,1800.0,1610.6,35695.05,1780.2,300,-100,8,7115817.5,8,F1,25,,,,,
2026-02-18,2026-02-18,FO,NSE,STO,93463,,BOSCHLTD,,2026-04-28,2026-04-28,41000.0,CE,BOSCHLTD26APR41000CE,0.0,0.0,0.0,504.5,0.0,504.5,35695.05,216.2,0,0,0,0.0,0,F1,25,,,,,
2026-02-18,2026-02-18,FO,NSE,STO,93458,,BOSCHLTD,,2026-04-28,2026-04-28,40000.0,CE,BOSCHLTD26APR40000CE,0.0,0.0,0.0,679.8,0.0,679.8,35695.05,339.7,0,0,0,0.0,0,F1,25,,,,,
2026-02-18,2026-02-18,FO,NSE,STO,93454,,BOSCHLTD,,2026-04-28,2026-04-28,39000.0,CE,BOSCHLTD26APR39000CE,0.0,0.0,0.0,902.6,0.0,902.6,35695.05,518.2,0,0,0,0.0,0,F1,25,,,,,
2026-02-18,2026-02-18,FO,NSE,STO,93363,,BOSCHLTD,,2026-04-28,2026-04-28,30000.0,CE,BOSCHLTD26APR30000CE,0.0,0.0,0.0,6003.25,0.0,6003.25,35695.05,6060.55,0,0,0,0.0,0,F1,25,,,,,
2026-02-18,2026-02-18,FO,NSE,STO,80483,,BOSCHLTD,,2026-02-24,2026-02-24,35750.0,CE,BOSCHLTD26FEB35750CE,367.6,441.65,235.55,415.95,430.0,350.05,35695.05,415.95,1925,0,221,199369732.5,160,F1,25,,,,,
2026-02-18,2026-02-18,FO,NSE,STO,80917,,BOSCHLTD,,2026-03-30,2026-03-30,33500.0,CE,BOSCHLTD26MAR33500CE,0.0,0.0,0.0,3333.9,0.0,3333.9,35695.05,2690.45,0,0,0,0.0,0,F1,25,,,,,
2026-02-18,2026-02-18,FO,NSE,STO,80925,,BOSCHLTD,,2026-03-30,2026-03-30,35500.0,CE,BOSCHLTD26MAR35500CE,0.0,0.0,0.0,2140.3,0.0,2140.3,35695.05,1349.75,0,0,0,0.0,0,F1,25,,,,,
2026-02-18,2026-02-18,FO,NSE,STO,93279,,BOSCHLTD,,2026-03-30,2026-03-30,35750.0,CE,BOSCHLTD26MAR35750CE,0.0,0.0,0.0,1627.6,0.0,1627.6,35695.05,1219.6,0,0,0,0.0,0,F1,25,,,,,
2026-02-18,2026-02-18,FO,NSE,STO,80955,,BOSCHLTD,,2026-03-30,2026-03-30,40000.0,CE,BOSCHLTD26MAR40000CE,125.0,125.0,107.7,113.05,113.05,171.1,35695.05,124.35,1700,975,47,47142873.75,25,F1,25,,,,,
2026-02-18,2026-02-18,FO,NSE,STO,80350,,BOSCHLTD,,2026-02-24,2026-02-24,30500.0,PE,BOSCHLTD26FEB30500PE,3.95,5.65,3.5,5.65,5.65,6.55,35695.05,0.05,1475,-25,8,6100887.5,7,F1,25,,,,,
2026-02-18,2026-02-18,FO,NSE,STO,81228,,BOSCHLTD,,2026-02-24,2026-02-24,32000.0,PE,BOSCHLTD26FEB32000PE,10.1,14.85,6.15,6.9,6.95,15.25,35695.05,6.9,3050,-600,111,88828052.5,62,F1,25,,,,,
2026-02-18,2026-02-18,FO,NSE,STO,80476,,BOSCHLTD,,2026-02-24,2026-02-24,34500.0,PE,BOSCHLTD26FEB34500PE,140.0,180.0,65.0,70.75,73.0,159.1,35695.05,70.75,1950,-100,89,77015801.25,75,F1,25,,,,,
2026-02-18,2026-02-18,FO,NSE,STO,80482,,BOSCHLTD,,2026-02-24,2026-02-24,35500.0,PE,BOSCHLTD26FEB35500PE,534.95,591.75,270.0,288.65,279.0,495.85,35695.05,288.65,4075,-250,254,227982330.0,206,F1,25,,,,,
2026-02-18,2026-02-18,FO,NSE,STO,80484,,BOSCHLTD,,2026-02-24,2026-02-24,35750.0,PE,BOSCHLTD26FEB35750PE,700.0,700.0,382.65,396.7,399.0,550.25,35695.05,396.7,1225,-250,26,23565535.0,16,F1,25,,,,,
2026-02-18,2026-02-18,FO,NSE,STO,80490,,BOSCHLTD,,2026-02-24,2026-02-24,36750.0,PE,BOSCHLTD26FEB36750PE,0.0,0.0,0.0,805.85,805.8,805.85,35695.05,1132.55,250,0,0,0.0,0,F1,25,,,,,
2026-02-18,2026-02-18,FO,NSE,STO,81267,,BOSCHLTD,,2026-02-24,2026-02-24,39000.0,PE,BOSCHLTD26FEB39000PE,0.0,0.0,0.0,3000.0,3000.0,3000.0,35695.05,3270.5,525,0,0,0.0,0,F1,25,,,,,
2026-02-18,2026-02-18,FO,NSE,STO,93274,,BOSCHLTD,,2026-03-30,2026-03-30,34250.0,PE,BOSCHLTD26MAR34250PE,0.0,0.0,0.0,456.95,456.95,456.95,35695.05,477.65,25,0,0,0.0,0,F1,25,,,,,
2026-02-18,2026-02-18,FO,NSE,STO,80532,,BOSCHLTD,,2026-02-24,2026-02-24,38500.0,PE,BOSCHLTD26FEB38500PE,0.0,0.0,0.0,2000.0,2000.0,2000.0,35695.05,2773.2,450,0,0,0.0,0,F1,25,,,,,
2026-02-18,2026-02-18,FO,NSE,STO,80518,,BOSCHLTD,,2026-02-24,2026-02-24,37750.0,PE,BOSCHLTD26FEB37750PE,0.0,0.0,0.0,2300.0,2300.0,2300.0,35695.05,2038.15,625,0,0,0.0,0,F1,25,,,,,
2026-02-18,2026-02-18,FO,NSE,STO,81246,,BOSCHLTD,,2026-02-24,2026-02-24,36000.0,PE,BOSCHLTD26FEB36000PE,730.0,920.0,525.0,561.05,543.05,810.05,35695.05,561.05,4650,200,115,105420260.0,91,F1,25,,,,,
2026-02-18,2026-02-18,FO,NSE,STO,81242,,BOSCHLTD,,2026-02-24,2026-02-24,35000.0,PE,BOSCHLTD26FEB35000PE,270.0,335.35,127.8,139.95,143.5,274.0,35695.05,139.95,5325,-4275,789,695036968.75,574,F1,25,,,,,
2026-02-18,2026-02-18,FO,NSE,STO,80474,,BOSCHLTD,,2026-02-24,2026-02-24,34250.0,PE,BOSCHLTD26FEB34250PE,0.0,0.0,0.0,151.2,154.8,151.2,35695.05,43.3,1125,0,0,0.0,0,F1,25,,,,,
2026-02-18,2026-02-18,FO,NSE,STO,93413,,BOSCHLTD,,2026-04-28,2026-04-28,32500.0,CE,BOSCHLTD26APR32500CE,0.0,0.0,0.0,4007.25,0.0,4007.25,35695.05,3833.6,0,0,0,0.0,0,F1,25,,,,,
2026-02-18,2026-02-18,FO,NSE,STO,93408,,BOSCHLTD,,2026-04-28,2026-04-28,32000.0,CE,BOSCHLTD26APR32000CE,0.0,0.0,0.0,4375.05,0.0,4375.05,35695.05,4251.1,0,0,0,0.0,0,F1,25,,,,,
2026-02-18,2026-02-18,FO,NSE,STO,80964,,BOSCHLTD,,2026-03-30,2026-03-30,42000.0,CE,BOSCHLTD26MAR42000CE,65.65,65.65,36.7,52.95,52.95,46.2,35695.05,52.95,1000,525,22,23124597.5,8,F1,25,,,,,
2026-02-18,2026-02-18,FO,NSE,STO,93297,,BOSCHLTD,,2026-03-30,2026-03-30,40250.0,CE,BOSCHLTD26MAR40250CE,125.3,125.3,123.85,123.85,123.85,353.5,35695.05,105.2,100,100,4,4037457.5,2,F1,25,,,,,
2026-02-18,2026-02-18,FO,NSE,STO,93283,,BOSCHLTD,,2026-03-30,2026-03-30,36750.0,CE,BOSCHLTD26MAR36750CE,0.0,0.0,0.0,930.8,930.8,930.8,35695.05,784.3,50,0,0,0.0,0,F1,25,,,,,
2026-02-18,2026-02-18,FO,NSE,STO,93281,,BOSCHLTD,,2026-03-30,2026-03-30,36250.0,CE,BOSCHLTD26MAR36250CE,0.0,0.0,0.0,1406.55,0.0,1406.55,35695.05,985.1,0,0,0,0.0,0,F1,25,,,,,
2026-02-18,2026-02-18,FO,NSE,STO,93275,,BOSCHLTD,,2026-03-30,2026-03-30,34750.0,CE,BOSCHLTD26MAR34750CE,0.0,0.0,0.0,2140.25,0.0,2140.25,35695.05,1791.95,0,0,0,0.0,0,F1,25,,,,,
2026-02-18,2026-02-18,FO,NSE,STO,93269,,BOSCHLTD,,2026-03-30,2026-03-30,33250.0,CE,BOSCHLTD26MAR33250CE,0.0,0.0,0.0,3085.4,0.0,3085.4,35695.05,2891.5,0,0,0,0.0,0,F1,25,,,,,
2026-02-18,2026-02-18,FO,NSE,STO,80915,,BOSCHLTD,,2026-03-30,2026-03-30,33000.0,CE,BOSCHLTD26MAR33000CE,0.0,0.0,0.0,3684.85,0.0,3684.85,35695.05,3098.6,0,0,0,0.0,0,F1,25,,,,,
2026-02-18,2026-02-18,FO,NSE,STO,80725,,BOSCHLTD,,2026-02-24,2026-02-24,43250.0,CE,BOSCHLTD26FEB43250CE,4.45,4.45,4.0,4.0,4.0,14.55,35695.05,4.0,50,0,2,2162711.25,2,F1,25,,,,,
2026-02-18,2026-02-18,FO,NSE,STO,81289,,BOSCHLTD,,2026-02-24,2026-02-24,43000.0,CE,BOSCHLTD26FEB43000CE,5.0,5.0,5.0,5.0,5.0,5.25,35695.05,5.0,825,-75,4,4300500.0,4,F1,25,,,,,
2026-02-18,2026-02-18,FO,NSE,STO,81245,,BOSCHLTD,,2026-02-24,2026-02-24,36000.0,CE,BOSCHLTD26FEB36000CE,317.95,347.0,167.9,321.9,340.0,271.55,35695.05,321.9,8100,-1225,1311,1189135635.0,1026,F1,25,,,,,
2026-02-18,2026-02-18,FO,NSE,STO,80475,,BOSCHLTD,,2026-02-24,2026-02-24,34500.0,CE,BOSCHLTD26FEB34500CE,0.0,0.0,0.0,1827.5,1827.5,1827.5,35695.05,1297.05,75,0,0,0.0,0,F1,25,,,,,
2026-02-18,2026-02-18,FO,NSE,STO,93508,,BOSCHLTD,,2026-04-28,2026-04-28,43000.0,PE,BOSCHLTD26APR43000PE,0.0,0.0,0.0,7298.55,0.0,7298.55,35695.05,6940.6,0,0,0,0.0,0,F1,25,,,,,
2026-02-18,2026-02-18,FO,NSE,STO,80968,,BOSCHLTD,,2026-03-30,2026-03-30,42500.0,PE,BOSCHLTD26MAR42500PE,0.0,0.0,0.0,6604.9,0.0,6604.9,35695.05,6569.5,0,0,0,0.0,0,F1,25,,,,,
2026-02-18,2026-02-18,FO,NSE,STO,93298,,BOSCHLTD,,2026-03-30,2026-03-30,40250.0,PE,BOSCHLTD26MAR40250PE,0.0,0.0,0.0,4872.5,0.0,4872.5,35695.05,4418.3,0,0,0,0.0,0,F1,25,,,,,
2026-02-18,2026-02-18,FO,NSE,STO,93288,,BOSCHLTD,,2026-03-30,2026-03-30,37750.0,PE,BOSCHLTD26MAR37750PE,0.0,0.0,0.0,2920.5,0.0,2920.5,35695.05,2303.75,0,0,0,0.0,0,F1,25,,,,,
2026-02-18,2026-02-18,FO,NSE,STO,80926,,BOSCHLTD,,2026-03-30,2026-03-30,35500.0,PE,BOSCHLTD26MAR35500PE,0.0,0.0,0.0,1589.65,0.0,1589.65,35695.05,941.35,0,0,0,0.0,0,F1,25,,,,,
2026-02-18,2026-02-18,FO,NSE,STO,80470,,BOSCHLTD,,2026-02-24,2026-02-24,33500.0,PE,BOSCHLTD26FEB33500PE,40.05,55.25,23.05,26.0,26.15,56.7,35695.05,26.0,1450,350,106,88883770.0,84,F1,25,,,,,
2026-02-18,2026-02-18,FO,NSE,STO,80534,,BOSCHLTD,,2026-02-24,2026-02-24,38750.0,PE,BOSCHLTD26FEB38750PE,0.0,0.0,0.0,3373.85,0.0,3373.85,35695.05,3021.55,0,0,0,0.0,0,F1,25,,,,,
2026-02-18,2026-02-18,FO,NSE,STO,80924,,BOSCHLTD,,2026-03-30,2026-03-30,35000.0,PE,BOSCHLTD26MAR35000PE,0.0,0.0,0.0,812.7,812.7,812.7,35695.05,730.65,300,0,0,0.0,0,F1,25,,,,,
2026-02-18,2026-02-18,FO,NSE,STO,93415,,BOSCHLTD,,2026-04-28,2026-04-28,33000.0,CE,BOSCHLTD26APR33000CE,0.0,0.0,0.0,3654.0,0.0,3654.0,35695.05,3434.65,0,0,0,0.0,0,F1,25,,,,,
2026-02-18,2026-02-18,FO,NSE,STO,93377,,BOSCHLTD,,2026-04-28,2026-04-28,31000.0,CE,BOSCHLTD26APR31000CE,0.0,0.0,0.0,5161.0,0.0,5161.0,35695.05,5132.6,0,0,0,0.0,0,F1,25,,,,,
2026-02-18,2026-02-18,FO,NSE,STO,80337,,BOSCHLTD,,2026-02-24,2026-02-24,29500.0,CE,BOSCHLTD26FEB29500CE,5750.0,6050.0,5750.0,6050.0,6050.0,6500.0,35695.05,6221.7,400,-75,6,5310000.0,3,F1,25,,,,,
2026-02-18,2026-02-18,FO,NSE,STO,93432,,BOSCHLTD,,2026-04-28,2026-04-28,37000.0,PE,BOSCHLTD26APR37000PE,0.0,0.0,0.0,2651.65,0.0,2651.65,35695.05,2022.3,0,0,0,0.0,0,F1,25,,,,,
2026-02-18,2026-02-18,FO,NSE,STO,80967,,BOSCHLTD,,2026-03-30,2026-03-30,42500.0,CE,BOSCHLTD26MAR42500CE,75.15,75.15,36.4,37.1,37.1,68.05,35695.05,19.95,475,225,10,10636270.0,8,F1,25,,,,,
2026-02-18,2026-02-18,FO,NSE,STO,93295,,BOSCHLTD,,2026-03-30,2026-03-30,39750.0,CE,BOSCHLTD26MAR39750CE,0.0,0.0,0.0,305.0,305.0,305.0,35695.05,146.5,325,0,0,0.0,0,F1,25,,,,,
2026-02-18,2026-02-18,FO,NSE,STO,93416,,BOSCHLTD,,2026-04-28,2026-04-28,33000.0,PE,BOSCHLTD26APR33000PE,0.0,0.0,0.0,838.65,0.0,838.65,35695.05,398.25,0,0,0,0.0,0,F1,25,,,,,
2026-02-18,2026-02-18,FO,NSE,STO,80972,,BOSCHLTD,,2026-03-30,2026-03-30,43000.0,PE,BOSCHLTD26MAR43000PE,0.0,0.0,0.0,7054.35,0.0,7054.35,35695.05,7059.85,0,0,0,0.0,0,F1,25,,,,,
2026-02-18,2026-02-18,FO,NSE,STO,80930,,BOSCHLTD,,2026-03-30,2026-03-30,36500.0,PE,BOSCHLTD26MAR36500PE,0.0,0.0,0.0,894.0,910.45,894.0,35695.05,1466.2,100,0,0,0.0,0,F1,25,,,,,
2026-02-18,2026-02-18,FO,NSE,STO,93270,,BOSCHLTD,,2026-03-30,2026-03-30,33250.0,PE,BOSCHLTD26MAR33250PE,0.0,0.0,0.0,241.6,241.6,241.6,35695.05,246.6,150,0,0,0.0,0,F1,25,,,,,
2026-02-18,2026-02-18,FO,NSE,STO,93268,,BOSCHLTD,,2026-03-30,2026-03-30,32750.0,PE,BOSCHLTD26MAR32750PE,233.65,233.65,233.65,233.65,233.65,240.35,35695.05,169.4,125,50,2,1649182.5,1,F1,25,,,,,
2026-02-18,2026-02-18,FO,NSE,STO,80912,,BOSCHLTD,,2026-03-30,2026-03-30,32000.0,PE,BOSCHLTD26MAR32000PE,190.0,190.0,179.95,180.0,180.0,322.25,35695.05,90.65,125,0,3,2413748.75,3,F1,25,,,,,
2026-02-18,2026-02-18,FO,NSE,STO,81282,,BOSCHLTD,,2026-02-24,2026-02-24,41000.0,PE,BOSCHLTD26FEB41000PE,0.0,0.0,0.0,3800.0,3800.0,3800.0,35695.05,5267.9,250,0,0,0.0,0,F1,25,,,,,
2026-02-18,2026-02-18,FO,NSE,STO,81269,,BOSCHLTD,,2026-02-24,2026-02-24,40000.0,PE,BOSCHLTD26FEB40000PE,0.0,0.0,0.0,4550.0,4550.0,4550.0,35695.05,4268.85,50,0,0,0.0,0,F1,25,,,,,
2026-02-18,2026-02-18,FO,NSE,STO,80480,,BOSCHLTD,,2026-02-24,2026-02-24,35250.0,PE,BOSCHLTD26FEB35250PE,395.55,446.85,190.6,201.95,219.2,376.75,35695.05,201.95,1675,-125,66,58692213.75,63,F1,25,,,,,
2026-02-18,2026-02-18,FO,NSE,STO,81233,,BOSCHLTD,,2026-02-24,2026-02-24,33000.0,PE,BOSCHLTD26FEB33000PE,29.95,36.9,15.8,17.35,17.65,40.05,35695.05,17.35,8325,-2900,274,226213031.25,138,F1,25,,,,,
2026-02-18,2026-02-18,FO,NSE,STO,80431,,BOSCHLTD,,2026-02-24,2026-02-24,31500.0,PE,BOSCHLTD26FEB31500PE,10.0,11.0,6.0,9.65,9.65,10.65,35695.05,0.05,450,-50,4,3150916.25,4,F1,25,,,,,
2026-02-18,2026-02-18,FO,NSE,STO,81226,,BOSCHLTD,,2026-02-24,2026-02-24,31000.0,PE,BOSCHLTD26FEB31000PE,10.0,10.0,10.0,10.0,10.0,25.1,35695.05,0.05,0,-50,2,1550500.0,2,F1,25,,,,,
2026-02-18,2026-02-18,FO,NSE,STO,93505,,BOSCHLTD,,2026-04-28,2026-04-28,43000.0,CE,BOSCHLTD26APR43000CE,0.0,0.0,0.0,267.05,0.0,267.05,35695.05,80.4,0,0,0,0.0,0,F1,25,,,,,
2026-02-18,2026-02-18,FO,NSE,STO,93289,,BOSCHLTD,,2026-03-30,2026-03-30,38250.0,CE,BOSCHLTD26MAR38250CE,315.0,315.0,315.0,315.0,315.0,319.5,35695.05,315.0,225,25,1,964125.0,1,F1,25,,,,,
2026-02-18,2026-02-18,FO,NSE,STO,93287,,BOSCHLTD,,2026-03-30,2026-03-30,37750.0,CE,BOSCHLTD26MAR37750CE,0.0,0.0,0.0,455.7,455.7,455.7,35695.05,475.65,175,0,0,0.0,0,F1,25,,,,,
2026-02-18,2026-02-18,FO,NSE,STO,80927,,BOSCHLTD,,2026-03-30,2026-03-30,36000.0,CE,BOSCHLTD26MAR36000CE,800.0,920.0,800.0,920.0,920.0,900.0,35695.05,1098.05,200,100,8,7365110.0,8,F1,25,,,,,
2026-02-18,2026-02-18,FO,NSE,STO,80547,,BOSCHLTD,,2026-02-24,2026-02-24,40250.0,CE,BOSCHLTD26FEB40250CE,13.45,13.45,11.95,12.0,12.0,16.8,35695.05,0.05,800,-175,11,11072118.75,11,F1,25,,,,,
2026-02-18,2026-02-18,FO,NSE,STO,80517,,BOSCHLTD,,2026-02-24,2026-02-24,37750.0,CE,BOSCHLTD26FEB37750CE,30.0,39.95,30.0,32.25,32.25,79.6,35695.05,17.3,825,-75,51,48176181.25,25,F1,25,,,,,
2026-02-18,2026-02-18,FO,NSE,STO,80479,,BOSCHLTD,,2026-02-24,2026-02-24,35250.0,CE,BOSCHLTD26FEB35250CE,510.0,761.25,415.65,750.65,761.25,569.7,35695.05,750.65,575,150,30,26838642.5,26,F1,25,,,,,
2026-02-18,2026-02-18,FO,NSE,STO,93453,,BOSCHLTD,,2026-04-28,2026-04-28,38500.0,PE,BOSCHLTD26APR38500PE,0.0,0.0,0.0,3635.7,0.0,3635.7,35695.05,3039.5,0,0,0,0.0,0,F1,25,,,,,
2026-02-18,2026-02-18,FO,NSE,STO,93293,,BOSCHLTD,,2026-03-30,2026-03-30,39250.0,CE,BOSCHLTD26MAR39250CE,0.0,0.0,0.0,517.05,0.0,517.05,35695.05,201.0,0,0,0,0.0,0,F1,25,,,,,
2026-02-18,2026-02-18,FO,NSE,STO,93277,,BOSCHLTD,,2026-03-30,2026-03-30,35250.0,CE,BOSCHLTD26MAR35250CE,0.0,0.0,0.0,1872.15,0.0,1872.15,35695.05,1488.6,0,0,0,0.0,0,F1,25,,,,,
2026-02-18,2026-02-18,FO,NSE,STO,80921,,BOSCHLTD,,2026-03-30,2026-03-30,34500.0,CE,BOSCHLTD26MAR34500CE,0.0,0.0,0.0,2695.6,0.0,2695.6,35695.05,1956.2,0,0,0,0.0,0,F1,25,,,,,
2026-02-18,2026-02-18,FO,NSE,STO,81297,,BOSCHLTD,,2026-02-24,2026-02-24,44000.0,CE,BOSCHLTD26FEB44000CE,0.0,0.0,0.0,1.65,1.65,1.65,35695.05,0.05,1250,0,0,0.0,0,F1,25,,,,,
2026-02-18,2026-02-18,FO,NSE,STO,81254,,BOSCHLTD,,2026-02-24,2026-02-24,37000.0,CE,BOSCHLTD26FEB37000CE,98.05,132.1,53.5,110.3,132.1,94.35,35695.05,110.3,35850,12675,3589,3328547241.25,2194,F1,25,,,,,
2026-02-18,2026-02-18,FO,NSE,STO,80481,,BOSCHLTD,,2026-02-24,2026-02-24,35500.0,CE,BOSCHLTD26FEB35500CE,549.95,599.1,319.95,551.95,574.2,464.35,35695.05,551.95,2825,-900,945,849403411.25,672,F1,25,,,,,
2026-02-18,2026-02-18,FO,NSE,STO,81241,,BOSCHLTD,,2026-02-24,2026-02-24,35000.0,CE,BOSCHLTD26FEB35000CE,719.55,946.0,618.9,907.5,891.15,719.55,35695.05,907.5,1625,-175,55,49167050.0,54,F1,25,,,,,
2026-02-18,2026-02-18,FO,NSE,STO,80463,,BOSCHLTD,,2026-02-24,2026-02-24,32750.0,CE,BOSCHLTD26FEB32750CE,0.0,0.0,0.0,3451.35,0.0,3451.35,35695.05,2975.45,0,0,0,0.0,0,F1,25,,,,,
2026-02-18,2026-02-18,FO,NSE,STO,81227,,BOSCHLTD,,2026-02-24,2026-02-24,32000.0,CE,BOSCHLTD26FEB32000CE,0.0,0.0,0.0,3769.05,3769.05,3769.05,35695.05,3724.0,225,0,0,0.0,0,F1,25,,,,,
2026-02-18,2026-02-18,FO,NSE,STO,93286,,BOSCHLTD,,2026-03-30,2026-03-30,37250.0,PE,BOSCHLTD26MAR37250PE,0.0,0.0,0.0,2581.85,0.0,2581.85,35695.05,1946.4,0,0,0,0.0,0,F1,25,,,,,
2026-02-18,2026-02-18,FO,NSE,STO,93278,,BOSCHLTD,,2026-03-30,2026-03-30,35250.0,PE,BOSCHLTD26MAR35250PE,0.0,0.0,0.0,1443.45,0.0,1443.45,35695.05,831.7,0,0,0,0.0,0,F1,25,,,,,
2026-02-18,2026-02-18,FO,NSE,STO,80914,,BOSCHLTD,,2026-03-30,2026-03-30,32500.0,PE,BOSCHLTD26MAR32500PE,0.0,0.0,0.0,184.75,184.75,184.75,35695.05,138.7,350,0,0,0.0,0,F1,25,,,,,
2026-02-18,2026-02-18,FO,NSE,STO,81290,,BOSCHLTD,,2026-02-24,2026-02-24,43000.0,PE,BOSCHLTD26FEB43000PE,0.0,0.0,0.0,6400.0,6400.0,6400.0,35695.05,7266.1,100,0,0,0.0,0,F1,25,,,,,
2026-02-18,2026-02-18,FO,NSE,STO,80538,,BOSCHLTD,,2026-02-24,2026-02-24,39250.0,PE,BOSCHLTD26FEB39250PE,0.0,0.0,0.0,3772.7,0.0,3772.7,35695.05,3519.9,0,0,0,0.0,0,F1,25,,,,,
2026-02-18,2026-02-18,FO,NSE,STO,93427,,BOSCHLTD,,2026-04-28,2026-04-28,36000.0,CE,BOSCHLTD26APR36000CE,0.0,0.0,0.0,1944.55,0.0,1944.55,35695.05,1530.05,0,0,0,0.0,0,F1,25,,,,,
2026-02-18,2026-02-18,FO,NSE,STO,80958,,BOSCHLTD,,2026-03-30,2026-03-30,40500.0,CE,BOSCHLTD26MAR40500CE,0.0,0.0,0.0,219.0,219.0,219.0,35695.05,88.7,175,0,0,0.0,0,F1,25,,,,,
2026-02-18,2026-02-18,FO,NSE,STO,81281,,BOSCHLTD,,2026-02-24,2026-02-24,41000.0,CE,BOSCHLTD26FEB41000CE,11.4,13.1,8.2,12.95,10.05,11.4,35695.05,12.95,5775,-225,42,43061652.5,24,F1,25,,,,,
2026-02-18,2026-02-18,FO,NSE,STO,80541,,BOSCHLTD,,2026-02-24,2026-02-24,39750.0,CE,BOSCHLTD26FEB39750CE,20.85,20.85,11.65,13.7,13.7,28.65,35695.05,0.1,425,-150,51,50701567.5,44,F1,25,,,,,
2026-02-18,2026-02-18,FO,NSE,STO,81261,,BOSCHLTD,,2026-02-24,2026-02-24,38000.0,CE,BOSCHLTD26FEB38000CE,49.45,58.35,19.6,42.45,51.0,47.05,35695.05,42.45,36175,-8825,2188,2080530007.5,1366,F1,25,,,,,
2026-02-18,2026-02-18,FO,NSE,STO,93271,,BOSCHLTD,,2026-03-30,2026-03-30,33750.0,CE,BOSCHLTD26MAR33750CE,0.0,0.0,0.0,2747.35,0.0,2747.35,35695.05,2496.0,0,0,0,0.0,0,F1,25,,,,,
2026-02-18,2026-02-18,FO,NSE,STO,93299,,BOSCHLTD,,2026-03-30,2026-03-30,40750.0,CE,BOSCHLTD26MAR40750CE,0.0,0.0,0.0,476.45,476.45,476.45,35695.05,74.5,50,0,0,0.0,0,F1,25,,,,,
2026-02-18,2026-02-18,FO,NSE,STO,93417,,BOSCHLTD,,2026-04-28,2026-04-28,33500.0,CE,BOSCHLTD26APR33500CE,0.0,0.0,0.0,3320.95,0.0,3320.95,35695.05,3056.45,0,0,0,0.0,0,F1,25,,,,,
2026-02-18,2026-02-18,FO,NSE,STO,93429,,BOSCHLTD,,2026-04-28,2026-04-28,36500.0,CE,BOSCHLTD26APR36500CE,0.0,0.0,0.0,1727.2,0.0,1727.2,35695.05,1302.4,0,0,0,0.0,0,F1,25,,,,,
2026-02-18,2026-02-18,FO,NSE,STO,93450,,BOSCHLTD,,2026-04-28,2026-04-28,38000.0,CE,BOSCHLTD26APR38000CE,0.0,0.0,0.0,1183.2,0.0,1183.2,35695.05,766.75,0,0,0,0.0,0,F1,25,,,,,
2026-02-18,2026-02-18,FO,NSE,STO,80488,,BOSCHLTD,,2026-02-24,2026-02-24,36500.0,PE,BOSCHLTD26FEB36500PE,1165.0,1283.15,924.2,929.2,924.2,1158.0,35695.05,929.2,1800,-50,10,9416832.5,9,F1,25,,,,,
2026-02-18,2026-02-18,FO,NSE,STO,80572,,BOSCHLTD,,2026-02-24,2026-02-24,40750.0,PE,BOSCHLTD26FEB40750PE,0.0,0.0,0.0,5056.35,0.0,5056.35,35695.05,5018.15,0,0,0,0.0,0,F1,25,,,,,
2026-02-18,2026-02-18,FO,NSE,STO,80945,,BOSCHLTD,,2026-03-30,2026-03-30,38500.0,PE,BOSCHLTD26MAR38500PE,0.0,0.0,0.0,3365.1,0.0,3365.1,35695.05,2888.0,0,0,0,0.0,0,F1,25,,,,,
2026-02-18,2026-02-18,FO,NSE,STO,93364,,BOSCHLTD,,2026-04-28,2026-04-28,30000.0,PE,BOSCHLTD26APR30000PE,0.0,0.0,0.0,233.85,0.0,233.85,35695.05,55.2,0,0,0,0.0,0,F1,25,,,,,
2026-02-18,2026-02-18,FO,NSE,STO,93422,,BOSCHLTD,,2026-04-28,2026-04-28,34500.0,PE,BOSCHLTD26APR34500PE,0.0,0.0,0.0,1373.7,0.0,1373.7,35695.05,817.7,0,0,0,0.0,0,F1,25,,,,,
2026-02-18,2026-02-18,FO,NSE,STO,93455,,BOSCHLTD,,2026-04-28,2026-04-28,39000.0,PE,BOSCHLTD26APR39000PE,0.0,0.0,0.0,3995.35,0.0,3995.35,35695.05,3419.75,0,0,0,0.0,0,F1,25,,,,,
2026-02-18,2026-02-18,FO,NSE,STO,80913,,BOSCHLTD,,2026-03-30,2026-03-30,32500.0,CE,BOSCHLTD26MAR32500CE,0.0,0.0,0.0,4051.7,0.0,4051.7,35695.05,3529.1,0,0,0,0.0,0,F1,25,,,,,
2026-02-18,2026-02-18,FO,NSE,STO,93433,,BOSCHLTD,,2026-04-28,2026-04-28,37500.0,CE,BOSCHLTD26APR37500CE,0.0,0.0,0.0,1347.25,0.0,1347.25,35695.05,922.0,0,0,0,0.0,0,F1,25,,,,,
2026-02-18,2026-02-18,FO,NSE,STO,93419,,BOSCHLTD,,2026-04-28,2026-04-28,34000.0,CE,BOSCHLTD26APR34000CE,0.0,0.0,0.0,3006.85,0.0,3006.85,35695.05,2700.95,0,0,0,0.0,0,F1,25,,,,,
2026-02-18,2026-02-18,FO,NSE,STO,80970,,BOSCHLTD,,2026-03-30,2026-03-30,43000.0,CE,BOSCHLTD26MAR43000CE,0.0,0.0,0.0,226.25,226.25,226.25,35695.05,13.3,50,0,0,0.0,0,F1,25,,,,,
2026-02-18,2026-02-18,FO,NSE,STO,80923,,BOSCHLTD,,2026-03-30,2026-03-30,35000.0,CE,BOSCHLTD26MAR35000CE,0.0,0.0,0.0,2407.45,0.0,2407.45,35695.05,1636.0,0,0,0,0.0,0,F1,25,,,,,
2026-02-18,2026-02-18,FO,NSE,STO,81299,,BOSCHLTD,,2026-02-24,2026-02-24,45000.0,CE,BOSCHLTD26FEB45000CE,0.0,0.0,0.0,5.15,5.15,5.15,35695.05,0.05,1900,0,0,0.0,0,F1,25,,,,,
2026-02-18,2026-02-18,FO,NSE,STO,81283,,BOSCHLTD,,2026-02-24,2026-02-24,42000.0,CE,BOSCHLTD26FEB42000CE,2.0,11.8,2.0,9.15,10.7,9.2,35695.05,9.15,7675,-100,70,73515228.75,60,F1,25,,,,,
2026-02-18,2026-02-18,FO,NSE,STO,80617,,BOSCHLTD,,2026-02-24,2026-02-24,41500.0,CE,BOSCHLTD26FEB41500CE,5.0,11.1,5.0,9.25,9.25,9.1,35695.05,0.05,750,-125,31,32169342.5,30,F1,25,,,,,
2026-02-18,2026-02-18,FO,NSE,STO,80559,,BOSCHLTD,,2026-02-24,2026-02-24,40500.0,CE,BOSCHLTD26FEB40500CE,0.0,0.0,0.0,15.15,15.15,15.15,35695.05,0.05,250,0,0,0.0,0,F1,25,,,,,
2026-02-18,2026-02-18,FO,NSE,STO,80349,,BOSCHLTD,,2026-02-24,2026-02-24,30500.0,CE,BOSCHLTD26FEB30500CE,0.0,0.0,0.0,5394.8,0.0,5394.8,35695.05,5222.6,0,0,0,0.0,0,F1,25,,,,,
2026-02-18,2026-02-18,FO,NSE,STF,59270,,BOSCHLTD,,2026-02-24,2026-02-24,,,BOSCHLTD26FEBFUT,35495.0,35825.0,35225.0,35770.0,35825.0,35455.0,35695.05,35770.0,183950,-11925,1451,1289264125.0,1229,F1,25,,,,,
2026-02-18,2026-02-18,FO,NSE,STO,80904,,BOSCHLTD,,2026-03-30,2026-03-30,30000.0,PE,BOSCHLTD26MAR30000PE,0.0,0.0,0.0,40.05,40.05,40.05,35695.05,11.2,325,0,0,0.0,0,F1,25,,,,,
2026-02-18,2026-02-18,FO,NSE,STO,93424,,BOSCHLTD,,2026-04-28,2026-04-28,35000.0,PE,BOSCHLTD26APR35000PE,0.0,0.0,0.0,1590.8,0.0,1590.8,35695.05,1006.55,0,0,0,0.0,0,F1,25,,,,,
2026-02-18,2026-02-18,FO,NSE,STO,80468,,BOSCHLTD,,2026-02-24,2026-02-24,33250.0,PE,BOSCHLTD26FEB33250PE,0.0,0.0,0.0,59.2,61.55,59.2,35695.05,3.75,675,0,0,0.0,0,F1,25,,,,,
2026-02-18,2026-02-18,FO,NSE,STO,80462,,BOSCHLTD,,2026-02-24,2026-02-24,32500.0,PE,BOSCHLTD26FEB32500PE,20.0,20.0,12.15,12.15,12.15,24.5,35695.05,0.35,1125,-25,13,10567371.25,13,F1,25,,,,,
2026-02-18,2026-02-18,FO,NSE,STO,80434,,BOSCHLTD,,2026-02-24,2026-02-24,32250.0,CE,BOSCHLTD26FEB32250CE,0.0,0.0,0.0,3511.15,3511.15,3511.15,35695.05,3474.35,0,0,0,0.0,0,F1,25,,,,,
2026-02-18,2026-02-18,FO,NSE,STO,93276,,BOSCHLTD,,2026-03-30,2026-03-30,34750.0,PE,BOSCHLTD26MAR34750PE,0.0,0.0,0.0,600.0,600.0,600.0,35695.05,638.1,250,0,0,0.0,0,F1,25,,,,,
2026-02-18,2026-02-18,FO,NSE,STO,81284,,BOSCHLTD,,2026-02-24,2026-02-24,42000.0,PE,BOSCHLTD26FEB42000PE,0.0,0.0,0.0,5300.0,5300.0,5300.0,35695.05,6267.0,250,0,0,0.0,0,F1,25,,,,,
2026-02-18,2026-02-18,FO,NSE,STO,80625,,BOSCHLTD,,2026-02-24,2026-02-24,41500.0,PE,BOSCHLTD26FEB41500PE,0.0,0.0,0.0,5735.75,0.0,5735.75,35695.05,5767.45,0,0,0,0.0,0,F1,25,,,,,
2026-02-18,2026-02-18,FO,NSE,STO,81268,,BOSCHLTD,,2026-02-24,2026-02-24,40000.0,CE,BOSCHLTD26FEB40000CE,17.0,23.05,10.3,14.9,17.85,19.55,35695.05,14.9,41250,5975,2222,2222863810.0,1374,F1,25,,,,,
2026-02-18,2026-02-18,FO,NSE,STO,93273,,BOSCHLTD,,2026-03-30,2026-03-30,34250.0,CE,BOSCHLTD26MAR34250CE,0.0,0.0,0.0,2432.1,0.0,2432.1,35695.05,2128.5,0,0,0,0.0,0,F1,25,,,,,
2026-02-18,2026-02-18,FO,NSE,STO,80933,,BOSCHLTD,,2026-03-30,2026-03-30,37500.0,CE,BOSCHLTD26MAR37500CE,0.0,0.0,0.0,413.0,413.0,413.0,35695.05,542.0,100,0,0,0.0,0,F1,25,,,,,
2026-02-18,2026-02-18,FO,NSE,STO,80464,,BOSCHLTD,,2026-02-24,2026-02-24,32750.0,PE,BOSCHLTD26FEB32750PE,0.0,0.0,0.0,35.3,35.3,35.3,35695.05,0.8,425,0,0,0.0,0,F1,25,,,,,
2026-02-18,2026-02-18,FO,NSE,STO,81225,,BOSCHLTD,,2026-02-24,2026-02-24,31000.0,CE,BOSCHLTD26FEB31000CE,0.0,0.0,0.0,5523.25,0.0,5523.25,35695.05,4723.05,0,0,0,0.0,0,F1,25,,,,,
2026-02-18,2026-02-18,FO,NSE,STO,81232,,BOSCHLTD,,2026-02-24,2026-02-24,33000.0,CE,BOSCHLTD26FEB33000CE,0.0,0.0,0.0,3948.7,0.0,3948.7,35695.05,2726.65,0,0,0,0.0,0,F1,25,,,,,
2026-02-18,2026-02-18,FO,NSE,STO,80477,,BOSCHLTD,,2026-02-24,2026-02-24,34750.0,CE,BOSCHLTD26FEB34750CE,0.0,0.0,0.0,2063.35,0.0,2063.35,35695.05,1087.35,0,0,0,0.0,0,F1,25,,,,,
2026-02-18,2026-02-18,FO,NSE,STO,81266,,BOSCHLTD,,2026-02-24,2026-02-24,39000.0,CE,BOSCHLTD26FEB39000CE,33.75,41.2,13.35,23.75,41.2,28.8,35695.05,23.75,14850,-1225,628,612629840.0,397,F1,25,,,,,
2026-02-18,2026-02-18,FO,NSE,STO,80631,,BOSCHLTD,,2026-02-24,2026-02-24,42250.0,CE,BOSCHLTD26FEB42250CE,0.0,0.0,0.0,5.8,5.8,5.8,35695.05,0.05,1000,0,0,0.0,0,F1,25,,,,,
2026-02-18,2026-02-18,FO,NSE,STO,80907,,BOSCHLTD,,2026-03-30,2026-03-30,31000.0,CE,BOSCHLTD26MAR31000CE,0.0,0.0,0.0,5255.7,0.0,5255.7,35695.05,4915.95,0,0,0,0.0,0,F1,25,,,,,
2026-02-18,2026-02-18,FO,NSE,STO,80951,,BOSCHLTD,,2026-03-30,2026-03-30,39000.0,CE,BOSCHLTD26MAR39000CE,0.0,0.0,0.0,827.0,0.0,827.0,35695.05,234.2,0,0,0,0.0,0,F1,25,,,,,
2026-02-18,2026-02-18,FO,NSE,STO,80953,,BOSCHLTD,,2026-03-30,2026-03-30,39500.0,CE,BOSCHLTD26MAR39500CE,150.4,150.85,150.4,150.85,150.85,190.0,35695.05,171.9,225,50,6,5947591.25,5,F1,25,,,,,
2026-02-18,2026-02-18,FO,NSE,STO,80962,,BOSCHLTD,,2026-03-30,2026-03-30,41500.0,CE,BOSCHLTD26MAR41500CE,91.75,91.75,48.1,53.75,53.75,481.0,35695.05,43.2,650,400,19,19739812.5,14,F1,25,,,,,
2026-02-18,2026-02-18,FO,NSE,STO,93421,,BOSCHLTD,,2026-04-28,2026-04-28,34500.0,CE,BOSCHLTD26APR34500CE,0.0,0.0,0.0,2712.05,0.0,2712.05,35695.05,2369.6,0,0,0,0.0,0,F1,25,,,,,
2026-02-18,2026-02-18,FO,NSE,STO,93423,,BOSCHLTD,,2026-04-28,2026-04-28,35000.0,CE,BOSCHLTD26APR35000CE,0.0,0.0,0.0,2436.75,0.0,2436.75,35695.05,2063.65,0,0,0,0.0,0,F1,25,,,,,
2026-02-18,2026-02-18,FO,NSE,STO,93425,,BOSCHLTD,,2026-04-28,2026-04-28,35500.0,CE,BOSCHLTD26APR35500CE,0.0,0.0,0.0,2180.9,0.0,2180.9,35695.05,1783.7,0,0,0,0.0,0,F1,25,,,,,
2026-02-18,2026-02-18,FO,NSE,STO,93460,,BOSCHLTD,,2026-04-28,2026-04-28,40500.0,CE,BOSCHLTD26APR40500CE,0.0,0.0,0.0,586.65,0.0,586.65,35695.05,272.0,0,0,0,0.0,0,F1,25,,,,,
2026-02-18,2026-02-18,FO,NSE,STO,81262,,BOSCHLTD,,2026-02-24,2026-02-24,38000.0,PE,BOSCHLTD26FEB38000PE,0.0,0.0,0.0,2514.85,2539.2,2514.85,35695.05,2280.65,1300,0,0,0.0,0,F1,25,,,,,
2026-02-18,2026-02-18,FO,NSE,STO,80932,,BOSCHLTD,,2026-03-30,2026-03-30,37000.0,PE,BOSCHLTD26MAR37000PE,0.0,0.0,0.0,1077.75,1077.75,1077.75,35695.05,1778.55,50,0,0,0.0,0,F1,25,,,,,
2026-02-18,2026-02-18,FO,NSE,STO,93290,,BOSCHLTD,,2026-03-30,2026-03-30,38250.0,PE,BOSCHLTD26MAR38250PE,0.0,0.0,0.0,1291.1,1291.1,1291.1,35695.05,2687.35,50,0,0,0.0,0,F1,25,,,,,
2026-02-18,2026-02-18,FO,NSE,STO,80954,,BOSCHLTD,,2026-03-30,2026-03-30,39500.0,PE,BOSCHLTD26MAR39500PE,4050.0,4050.0,4050.0,4050.0,4050.0,3746.55,35695.05,3739.5,100,25,1,1088750.0,1,F1,25,,,,,
2026-02-18,2026-02-18,FO,NSE,STO,80957,,BOSCHLTD,,2026-03-30,2026-03-30,40000.0,PE,BOSCHLTD26MAR40000PE,0.0,0.0,0.0,4489.25,0.0,4489.25,35695.05,4188.95,0,0,0,0.0,0,F1,25,,,,,
2026-02-18,2026-02-18,FO,NSE,STO,80963,,BOSCHLTD,,2026-03-30,2026-03-30,41500.0,PE,BOSCHLTD26MAR41500PE,0.0,0.0,0.0,5729.15,0.0,5729.15,35695.05,5598.8,0,0,0,0.0,0,F1,25,,,,,
2026-02-18,2026-02-18,FO,NSE,STO,80966,,BOSCHLTD,,2026-03-30,2026-03-30,42000.0,PE,BOSCHLTD26MAR42000PE,0.0,0.0,0.0,6162.8,0.0,6162.8,35695.05,6082.1,0,0,0,0.0,0,F1,25,,,,,
2026-02-18,2026-02-18,FO,NSE,STO,93426,,BOSCHLTD,,2026-04-28,2026-04-28,35500.0,PE,BOSCHLTD26APR35500PE,0.0,0.0,0.0,1827.25,0.0,1827.25,35695.05,1221.45,0,0,0,0.0,0,F1,25,,,,,
2026-02-18,2026-02-18,FO,NSE,STO,93267,,BOSCHLTD,,2026-03-30,2026-03-30,32750.0,CE,BOSCHLTD26MAR32750CE,0.0,0.0,0.0,3212.85,3212.85,3212.85,35695.05,3311.3,50,0,0,0.0,0,F1,25,,,,,
2026-02-18,2026-02-18,FO,NSE,STO,93431,,BOSCHLTD,,2026-04-28,2026-04-28,37000.0,CE,BOSCHLTD26APR37000CE,0.0,0.0,0.0,1528.3,0.0,1528.3,35695.05,1100.05,0,0,0,0.0,0,F1,25,,,,,
2026-02-18,2026-02-18,FO,NSE,STO,80472,,BOSCHLTD,,2026-02-24,2026-02-24,33750.0,PE,BOSCHLTD26FEB33750PE,31.5,32.3,31.5,31.65,31.65,89.1,35695.05,31.65,175,-25,16,13512658.75,8,F1,25,,,,,
2026-02-18,2026-02-18,FO,NSE,STO,80510,,BOSCHLTD,,2026-02-24,2026-02-24,37250.0,PE,BOSCHLTD26FEB37250PE,0.0,0.0,0.0,1653.8,1653.8,1653.8,35695.05,1568.0,75,0,0,0.0,0,F1,25,,,,,
2026-02-18,2026-02-18,FO,NSE,STO,80540,,BOSCHLTD,,2026-02-24,2026-02-24,39500.0,PE,BOSCHLTD26FEB39500PE,4180.0,4180.0,4180.0,4180.0,4180.0,3032.4,35695.05,3769.45,50,-25,1,1092000.0,1,F1,25,,,,,
2026-02-18,2026-02-18,FO,NSE,STO,93282,,BOSCHLTD,,2026-03-30,2026-03-30,36250.0,PE,BOSCHLTD26MAR36250PE,0.0,0.0,0.0,1967.4,0.0,1967.4,35695.05,1322.25,0,0,0,0.0,0,F1,25,,,,,
2026-02-18,2026-02-18,FO,NSE,STO,80941,,BOSCHLTD,,2026-03-30,2026-03-30,38000.0,CE,BOSCHLTD26MAR38000CE,373.0,395.0,298.9,387.7,395.0,335.1,35695.05,387.7,1800,675,42,40250403.75,38,F1,25,,,,,
2026-02-18,2026-02-18,FO,NSE,STO,93294,,BOSCHLTD,,2026-03-30,2026-03-30,39250.0,PE,BOSCHLTD26MAR39250PE,0.0,0.0,0.0,4046.55,0.0,4046.55,35695.05,3520.1,0,0,0,0.0,0,F1,25,,,,,
2026-02-18,2026-02-18,FO,NSE,STO,93296,,BOSCHLTD,,2026-03-30,2026-03-30,39750.0,PE,BOSCHLTD26MAR39750PE,0.0,0.0,0.0,4453.0,0.0,4453.0,35695.05,3962.55,0,0,0,0.0,0,F1,25,,,,,
2026-02-18,2026-02-18,FO,NSE,STO,93300,,BOSCHLTD,,2026-03-30,2026-03-30,40750.0,PE,BOSCHLTD26MAR40750PE,0.0,0.0,0.0,5303.6,0.0,5303.6,35695.05,4884.55,0,0,0,0.0,0,F1,25,,,,,
2026-02-18,2026-02-18,FO,NSE,STO,80961,,BOSCHLTD,,2026-03-30,2026-03-30,41000.0,PE,BOSCHLTD26MAR41000PE,0.0,0.0,0.0,5304.9,0.0,5304.9,35695.05,5120.9,0,0,0,0.0,0,F1,25,,,,,
2026-02-18,2026-02-18,FO,NSE,STO,93420,,BOSCHLTD,,2026-04-28,2026-04-28,34000.0,PE,BOSCHLTD26APR34000PE,0.0,0.0,0.0,1176.15,0.0,1176.15,35695.05,654.2,0,0,0,0.0,0,F1,25,,,,,
2026-02-18,2026-02-18,FO,NSE,STO,80556,,BOSCHLTD,,2026-02-24,2026-02-24,40250.0,PE,BOSCHLTD26FEB40250PE,0.0,0.0,0.0,4615.85,0.0,4615.85,35695.05,4518.6,0,0,0,0.0,0,F1,25,,,,,
2026-02-18,2026-02-18,FO,NSE,STO,80918,,BOSCHLTD,,2026-03-30,2026-03-30,33500.0,PE,BOSCHLTD26MAR33500PE,359.5,360.15,331.1,331.1,331.1,333.2,35695.05,294.1,325,225,9,7617048.75,9,F1,25,,,,,
2026-02-18,2026-02-18,FO,NSE,STO,80920,,BOSCHLTD,,2026-03-30,2026-03-30,34000.0,PE,BOSCHLTD26MAR34000PE,0.0,0.0,0.0,360.0,360.0,360.0,35695.05,409.2,250,0,0,0.0,0,F1,25,,,,,
2026-02-18,2026-02-18,FO,NSE,STO,93280,,BOSCHLTD,,2026-03-30,2026-03-30,35750.0,PE,BOSCHLTD26MAR35750PE,0.0,0.0,0.0,1693.7,0.0,1693.7,35695.05,1059.7,0,0,0,0.0,0,F1,25,,,,,
2026-02-18,2026-02-18,FO,NSE,STO,80928,,BOSCHLTD,,2026-03-30,2026-03-30,36000.0,PE,BOSCHLTD26MAR36000PE,1348.0,1348.0,1348.0,1348.0,1348.0,1348.1,35695.05,1186.7,575,25,1,933700.0,1,F1,25,,,,,
2026-02-18,2026-02-18,FO,NSE,STO,81223,,BOSCHLTD,,2026-02-24,2026-02-24,30000.0,CE,BOSCHLTD26FEB30000CE,0.0,0.0,0.0,6393.2,0.0,6393.2,35695.05,5722.15,0,0,0,0.0,0,F1,25,,,,,
2026-02-18,2026-02-18,FO,NSE,STO,80420,,BOSCHLTD,,2026-02-24,2026-02-24,31500.0,CE,BOSCHLTD26FEB31500CE,0.0,0.0,0.0,4493.1,0.0,4493.1,35695.05,4223.5,0,0,0,0.0,0,F1,25,,,,,
2026-02-18,2026-02-18,FO,NSE,STO,80471,,BOSCHLTD,,2026-02-24,2026-02-24,33750.0,CE,BOSCHLTD26FEB33750CE,0.0,0.0,0.0,2708.3,0.0,2708.3,35695.05,1989.6,0,0,0,0.0,0,F1,25,,,,,
2026-02-18,2026-02-18,FO,NSE,STO,80529,,BOSCHLTD,,2026-02-24,2026-02-24,38250.0,CE,BOSCHLTD26FEB38250CE,37.0,37.0,34.6,35.8,34.6,257.85,35695.05,35.8,825,0,2,1914290.0,2,F1,25,,,,,
2026-02-18,2026-02-18,FO,NSE,STO,80633,,BOSCHLTD,,2026-02-24,2026-02-24,42500.0,CE,BOSCHLTD26FEB42500CE,5.4,8.15,4.75,6.65,6.6,9.0,35695.05,6.65,500,200,29,30817270.0,26,F1,25,,,,,
2026-02-18,2026-02-18,FO,NSE,STO,80728,,BOSCHLTD,,2026-02-24,2026-02-24,43500.0,CE,BOSCHLTD26FEB43500CE,0.0,0.0,0.0,6.0,6.0,6.0,35695.05,0.05,375,0,0,0.0,0,F1,25,,,,,
2026-02-18,2026-02-18,FO,NSE,STO,80909,,BOSCHLTD,,2026-03-30,2026-03-30,31500.0,CE,BOSCHLTD26MAR31500CE,0.0,0.0,0.0,4839.0,0.0,4839.0,35695.05,4441.45,0,0,0,0.0,0,F1,25,,,,,
2026-02-18,2026-02-18,FO,NSE,STO,93459,,BOSCHLTD,,2026-04-28,2026-04-28,40000.0,PE,BOSCHLTD26APR40000PE,0.0,0.0,0.0,4757.25,0.0,4757.25,35695.05,4230.9,0,0,0,0.0,0,F1,25,,,,,
2026-02-18,2026-02-18,FO,NSE,STO,80486,,BOSCHLTD,,2026-02-24,2026-02-24,36250.0,PE,BOSCHLTD26FEB36250PE,0.0,0.0,0.0,1018.35,1018.35,1018.35,35695.05,754.0,1925,0,0,0.0,0,F1,25,,,,,
2026-02-18,2026-02-18,FO,NSE,STO,85139,,CIPLA,,2026-02-24,2026-02-24,1190.0,PE,CIPLA26FEB1190PE,0.0,0.0,0.0,0.4,0.0,0.4,1349.8,0.05,0,0,0,0.0,0,F1,375,,,,,
2026-02-18,2026-02-18,FO,NSE,STO,98098,,CIPLA,,2026-03-30,2026-03-30,1270.0,CE,CIPLA26MAR1270CE,0.0,0.0,0.0,87.25,0.0,87.25,1349.8,95.65,0,0,0,0.0,0,F1,375,,,,,
2026-02-18,2026-02-18,FO,NSE,STO,98507,,CIPLA,,2026-04-28,2026-04-28,1240.0,PE,CIPLA26APR1240PE,0.0,0.0,0.0,29.2,0.0,29.2,1349.8,9.15,0,0,0,0.0,0,F1,375,,,,,
2026-02-18,2026-02-18,FO,NSE,STO,85544,,CIPLA,,2026-03-30,2026-03-30,1160.0,PE,CIPLA26MAR1160PE,0.0,0.0,0.0,1.0,0.0,1.0,1349.8,0.35,0,0,0,0.0,0,F1,375,,,,,
2026-02-18,2026-02-18,FO,NSE,STO,85539,,CIPLA,,2026-03-30,2026-03-30,1120.0,PE,CIPLA26MAR1120PE,0.0,0.0,0.0,0.45,0.0,0.45,1349.8,0.1,0,0,0,0.0,0,F1,375,,,,,
2026-02-18,2026-02-18,FO,NSE,STO,84796,,CIPLA,,2026-02-24,2026-02-24,1540.0,PE,CIPLA26FEB1540PE,0.0,0.0,0.0,212.95,212.95,212.95,1349.8,188.8,750,0,0,0.0,0,F1,375,,,,,
2026-02-18,2026-02-18,FO,NSE,STO,84788,,CIPLA,,2026-02-24,2026-02-24,1500.0,PE,CIPLA26FEB1500PE,149.0,160.0,149.0,158.1,158.1,154.5,1349.8,148.85,115500,-3750,12,7460025.0,12,F1,375,,,,,
2026-02-18,2026-02-18,FO,NSE,STO,84780,,CIPLA,,2026-02-24,2026-02-24,1440.0,PE,CIPLA26FEB1440PE,101.0,101.0,96.4,96.4,96.4,85.55,1349.8,89.0,28125,-1125,4,2306887.5,4,F1,375,,,,,
2026-02-18,2026-02-18,FO,NSE,STO,85155,,CIPLA,,2026-02-24,2026-02-24,1330.0,PE,CIPLA26FEB1330PE,7.6,10.3,4.4,4.9,4.55,8.7,1349.8,4.9,299625,9375,642,321951581.25,543,F1,375,,,,,
2026-02-18,2026-02-18,FO,NSE,STO,85630,,CIPLA,,2026-03-30,2026-03-30,1420.0,CE,CIPLA26MAR1420CE,12.2,12.8,11.2,12.8,12.8,15.0,1349.8,12.8,5250,1875,21,11278312.5,16,F1,375,,,,,
2026-02-18,2026-02-18,FO,NSE,STO,85102,,CIPLA,,2026-02-24,2026-02-24,1100.0,CE,CIPLA26FEB1100CE,0.0,0.0,0.0,240.0,240.0,240.0,1349.8,250.8,375,0,0,0.0,0,F1,375,,,,,
2026-02-18,2026-02-18,FO,NSE,STO,42249,,CIPLA,,2026-02-24,2026-02-24,1140.0,CE,CIPLA26FEB1140CE,0.0,0.0,0.0,384.2,0.0,384.2,1349.8,210.85,0,0,0,0.0,0,F1,375,,,,,
2026-02-18,2026-02-18,FO,NSE,STO,84785,,CIPLA,,2026-02-24,2026-02-24,1480.0,CE,CIPLA26FEB1480CE,0.45,0.45,0.15,0.3,0.3,0.45,1349.8,0.3,37125,-13875,76,42186768.75,39,F1,375,,,,,
2026-02-18,2026-02-18,FO,NSE,STO,98087,,CIPLA,,2026-03-30,2026-03-30,1230.0,CE,CIPLA26MAR1230CE,0.0,0.0,0.0,114.75,0.0,114.75,1349.8,130.35,0,0,0,0.0,0,F1,375,,,,,
2026-02-18,2026-02-18,FO,NSE,STO,85611,,CIPLA,,2026-03-30,2026-03-30,1360.0,CE,CIPLA26MAR1360CE,34.65,34.65,28.0,32.8,33.0,33.05,1349.8,32.8,8625,4500,37,19300425.0,36,F1,375,,,,,
2026-02-18,2026-02-18,FO,NSE,STO,84707,,CIPLA,,2026-02-24,2026-02-24,1260.0,CE,CIPLA26FEB1260CE,0.0,0.0,0.0,95.3,96.15,95.3,1349.8,91.0,7500,0,0,0.0,0,F1,375,,,,,
2026-02-18,2026-02-18,FO,NSE,STO,85142,,CIPLA,,2026-02-24,2026-02-24,1230.0,CE,CIPLA26FEB1230CE,0.0,0.0,0.0,274.85,0.0,274.85,1349.8,120.9,0,0,0,0.0,0,F1,375,,,,,
2026-02-18,2026-02-18,FO,NSE,STO,85166,,CIPLA,,2026-02-24,2026-02-24,1410.0,CE,CIPLA26FEB1410CE,1.7,1.7,0.9,1.15,1.1,1.5,1349.8,1.15,142500,-65625,507,268276987.5,314,F1,375,,,,,
2026-02-18,2026-02-18,FO,NSE,STO,98269,,CIPLA,,2026-03-30,2026-03-30,1570.0,PE,CIPLA26MAR1570PE,0.0,0.0,0.0,244.3,0.0,244.3,1349.8,211.45,0,0,0,0.0,0,F1,375,,,,,
2026-02-18,2026-02-18,FO,NSE,STO,98208,,CIPLA,,2026-03-30,2026-03-30,1390.0,PE,CIPLA26MAR1390PE,0.0,0.0,0.0,93.65,0.0,93.65,1349.8,56.1,0,0,0,0.0,0,F1,375,,,,,
2026-02-18,2026-02-18,FO,NSE,STO,98199,,CIPLA,,2026-03-30,2026-03-30,1330.0,PE,CIPLA26MAR1330PE,25.2,26.6,21.85,22.25,22.35,24.0,1349.8,22.25,14250,3750,23,11684193.75,22,F1,375,,,,,
2026-02-18,2026-02-18,FO,NSE,STO,84748,,CIPLA,,2026-02-24,2026-02-24,1280.0,PE,CIPLA26FEB1280PE,1.7,1.95,0.7,0.95,1.0,1.9,1349.8,0.95,104250,-11250,367,176348887.5,269,F1,375,,,,,
2026-02-18,2026-02-18,FO,NSE,STO,98266,,CIPLA,,2026-03-30,2026-03-30,1550.0,CE,CIPLA26MAR1550CE,0.0,0.0,0.0,4.85,0.0,4.85,1349.8,1.15,0,0,0,0.0,0,F1,375,,,,,
2026-02-18,2026-02-18,FO,NSE,STO,98257,,CIPLA,,2026-03-30,2026-03-30,1530.0,CE,CIPLA26MAR1530CE,0.0,0.0,0.0,6.35,0.0,6.35,1349.8,1.8,0,0,0,0.0,0,F1,375,,,,,
2026-02-18,2026-02-18,FO,NSE,STO,85554,,CIPLA,,2026-03-30,2026-03-30,1240.0,CE,CIPLA26MAR1240CE,0.0,0.0,0.0,274.85,0.0,274.85,1349.8,121.35,0,0,0,0.0,0,F1,375,,,,,
2026-02-18,2026-02-18,FO,NSE,STO,84731,,CIPLA,,2026-02-24,2026-02-24,1280.0,CE,CIPLA26FEB1280CE,62.6,69.5,59.8,68.8,68.05,71.15,1349.8,68.8,18750,2250,11,5545162.5,11,F1,375,,,,,
2026-02-18,2026-02-18,FO,NSE,STO,85625,,CIPLA,,2026-03-30,2026-03-30,1380.0,CE,CIPLA26MAR1380CE,23.2,24.1,21.55,24.05,24.1,26.0,1349.8,24.05,6750,1500,7,3683212.5,7,F1,375,,,,,
2026-02-18,2026-02-18,FO,NSE,STO,98107,,CIPLA,,2026-03-30,2026-03-30,1290.0,CE,CIPLA26MAR1290CE,0.0,0.0,0.0,75.5,75.5,75.5,1349.8,79.95,375,0,0,0.0,0,F1,375,,,,,
2026-02-18,2026-02-18,FO,NSE,STO,98075,,CIPLA,,2026-03-30,2026-03-30,1210.0,CE,CIPLA26MAR1210CE,0.0,0.0,0.0,129.95,0.0,129.95,1349.8,148.9,0,0,0,0.0,0,F1,375,,,,,
2026-02-18,2026-02-18,FO,NSE,STO,85548,,CIPLA,,2026-03-30,2026-03-30,1200.0,CE,CIPLA26MAR1200CE,150.0,150.0,150.0,150.0,150.0,312.35,1349.8,158.4,375,375,1,506250.0,1,F1,375,,,,,
2026-02-18,2026-02-18,FO,NSE,STO,85545,,CIPLA,,2026-03-30,2026-03-30,1180.0,CE,CIPLA26MAR1180CE,0.0,0.0,0.0,166.25,166.25,166.25,1349.8,177.6,375,0,0,0.0,0,F1,375,,,,,
2026-02-18,2026-02-18,FO,NSE,STO,85538,,CIPLA,,2026-03-30,2026-03-30,1120.0,CE,CIPLA26MAR1120CE,0.0,0.0,0.0,389.55,0.0,389.55,1349.8,236.6,0,0,0,0.0,0,F1,375,,,,,
2026-02-18,2026-02-18,FO,NSE,STO,85258,,CIPLA,,2026-02-24,2026-02-24,1550.0,CE,CIPLA26FEB1550CE,0.3,0.3,0.3,0.3,0.3,0.4,1349.8,0.3,18750,0,3,1744087.5,2,F1,375,,,,,
2026-02-18,2026-02-18,FO,NSE,STO,85179,,CIPLA,,2026-02-24,2026-02-24,1470.0,CE,CIPLA26FEB1470CE,0.4,0.5,0.2,0.3,0.3,0.45,1349.8,0.05,82875,-3000,33,18194887.5,27,F1,375,,,,,
2026-02-18,2026-02-18,FO,NSE,STO,84771,,CIPLA,,2026-02-24,2026-02-24,1380.0,CE,CIPLA26FEB1380CE,4.2,5.05,2.25,2.85,2.9,4.2,1349.8,2.85,285375,-30750,1051,545179350.0,659,F1,375,,,,,
2026-02-18,2026-02-18,FO,NSE,STO,84694,,CIPLA,,2026-02-24,2026-02-24,1220.0,CE,CIPLA26FEB1220CE,0.0,0.0,0.0,308.95,0.0,308.95,1349.8,130.9,0,0,0,0.0,0,F1,375,,,,,
2026-02-18,2026-02-18,FO,NSE,STO,98225,,CIPLA,,2026-03-30,2026-03-30,1470.0,PE,CIPLA26MAR1470PE,0.0,0.0,0.0,154.8,0.0,154.8,1349.8,117.65,0,0,0,0.0,0,F1,375,,,,,
2026-02-18,2026-02-18,FO,NSE,STO,98099,,CIPLA,,2026-03-30,2026-03-30,1270.0,PE,CIPLA26MAR1270PE,0.0,0.0,0.0,7.8,7.8,7.8,1349.8,8.25,1500,0,0,0.0,0,F1,375,,,,,
2026-02-18,2026-02-18,FO,NSE,STO,85555,,CIPLA,,2026-03-30,2026-03-30,1240.0,PE,CIPLA26MAR1240PE,5.85,6.65,5.6,5.6,5.6,6.3,1349.8,4.1,15375,9375,46,21496837.5,35,F1,375,,,,,
2026-02-18,2026-02-18,FO,NSE,STO,98094,,CIPLA,,2026-03-30,2026-03-30,1230.0,PE,CIPLA26MAR1230PE,5.45,5.5,5.45,5.5,5.5,8.0,1349.8,3.2,3375,750,8,3706406.25,8,F1,375,,,,,
2026-02-18,2026-02-18,FO,NSE,STO,40300,,CIPLA,,2026-03-30,2026-03-30,1100.0,PE,CIPLA26MAR1100PE,0.0,0.0,0.0,0.35,0.0,0.35,1349.8,0.05,0,0,0,0.0,0,F1,375,,,,,
2026-02-18,2026-02-18,FO,NSE,STO,84811,,CIPLA,,2026-02-24,2026-02-24,1600.0,PE,CIPLA26FEB1600PE,0.0,0.0,0.0,272.0,272.0,272.0,1349.8,248.75,15750,0,0,0.0,0,F1,375,,,,,
2026-02-18,2026-02-18,FO,NSE,STO,85176,,CIPLA,,2026-02-24,2026-02-24,1430.0,PE,CIPLA26FEB1430PE,82.55,89.25,82.55,87.65,87.65,83.05,1349.8,79.15,4875,-1125,4,2273343.75,4,F1,375,,,,,
2026-02-18,2026-02-18,FO,NSE,STO,85145,,CIPLA,,2026-02-24,2026-02-24,1250.0,PE,CIPLA26FEB1250PE,1.0,1.0,0.65,0.75,0.75,1.15,1349.8,0.75,58500,-4125,78,36588825.0,66,F1,375,,,,,
2026-02-18,2026-02-18,FO,NSE,STO,98220,,CIPLA,,2026-03-30,2026-03-30,1430.0,CE,CIPLA26MAR1430CE,0.0,0.0,0.0,12.7,12.7,12.7,1349.8,12.95,2625,0,0,0.0,0,F1,375,,,,,
2026-02-18,2026-02-18,FO,NSE,STO,85583,,CIPLA,,2026-03-30,2026-03-30,1280.0,CE,CIPLA26MAR1280CE,0.0,0.0,0.0,238.6,0.0,238.6,1349.8,87.65,0,0,0,0.0,0,F1,375,,,,,
2026-02-18,2026-02-18,FO,NSE,STO,85543,,CIPLA,,2026-03-30,2026-03-30,1160.0,CE,CIPLA26MAR1160CE,0.0,0.0,0.0,350.65,0.0,350.65,1349.8,197.15,0,0,0,0.0,0,F1,375,,,,,
2026-02-18,2026-02-18,FO,NSE,STO,84781,,CIPLA,,2026-02-24,2026-02-24,1460.0,CE,CIPLA26FEB1460CE,0.35,0.5,0.3,0.5,0.45,0.55,1349.8,0.5,72000,-1125,20,10952775.0,20,F1,375,,,,,
2026-02-18,2026-02-18,FO,NSE,STO,84752,,CIPLA,,2026-02-24,2026-02-24,1320.0,CE,CIPLA26FEB1320CE,31.55,36.6,22.95,31.05,32.0,31.15,1349.8,31.05,261000,-37875,644,325704150.0,526,F1,375,,,,,
2026-02-18,2026-02-18,FO,NSE,STO,85150,,CIPLA,,2026-02-24,2026-02-24,1290.0,CE,CIPLA26FEB1290CE,60.4,61.65,49.3,59.15,58.4,57.1,1349.8,59.15,14625,375,38,19163606.25,36,F1,375,,,,,
2026-02-18,2026-02-18,FO,NSE,STO,85146,,CIPLA,,2026-02-24,2026-02-24,1270.0,CE,CIPLA26FEB1270CE,79.85,79.9,69.5,78.5,78.15,77.4,1349.8,78.5,11625,3750,37,18638212.5,36,F1,375,,,,,
2026-02-18,2026-02-18,FO,NSE,STO,84619,,CIPLA,,2026-02-24,2026-02-24,1160.0,CE,CIPLA26FEB1160CE,0.0,0.0,0.0,366.1,0.0,366.1,1349.8,190.85,0,0,0,0.0,0,F1,375,,,,,
2026-02-18,2026-02-18,FO,NSE,STO,98546,,CIPLA,,2026-04-28,2026-04-28,1600.0,PE,CIPLA26APR1600PE,0.0,0.0,0.0,269.15,0.0,269.15,1349.8,235.9,0,0,0,0.0,0,F1,375,,,,,
2026-02-18,2026-02-18,FO,NSE,STO,98483,,CIPLA,,2026-04-28,2026-04-28,1200.0,PE,CIPLA26APR1200PE,0.0,0.0,0.0,18.75,0.0,18.75,1349.8,4.3,0,0,0,0.0,0,F1,375,,,,,
2026-02-18,2026-02-18,FO,NSE,STO,98267,,CIPLA,,2026-03-30,2026-03-30,1550.0,PE,CIPLA26MAR1550PE,191.0,199.0,191.0,199.0,199.0,225.65,1349.8,192.0,1875,1875,5,3268687.5,5,F1,375,,,,,
2026-02-18,2026-02-18,FO,NSE,STO,85640,,CIPLA,,2026-03-30,2026-03-30,1480.0,PE,CIPLA26MAR1480PE,0.0,0.0,0.0,123.0,123.0,123.0,1349.8,126.5,1500,0,0,0.0,0,F1,375,,,,,
2026-02-18,2026-02-18,FO,NSE,STO,85612,,CIPLA,,2026-03-30,2026-03-30,1360.0,PE,CIPLA26MAR1360PE,39.0,39.0,39.0,39.0,39.0,38.0,1349.8,38.7,4125,750,2,1049250.0,2,F1,375,,,,,
2026-02-18,2026-02-18,FO,NSE,STO,85553,,CIPLA,,2026-03-30,2026-03-30,1220.0,PE,CIPLA26MAR1220PE,4.75,4.8,4.3,4.3,4.3,5.0,1349.8,2.45,7125,1500,14,6429037.5,13,F1,375,,,,,
2026-02-18,2026-02-18,FO,NSE,STO,85190,,CIPLA,,2026-02-24,2026-02-24,1490.0,PE,CIPLA26FEB1490PE,0.0,0.0,0.0,50.7,0.0,50.7,1349.8,138.85,0,0,0,0.0,0,F1,375,,,,,
2026-02-18,2026-02-18,FO,NSE,STO,85182,,CIPLA,,2026-02-24,2026-02-24,1470.0,PE,CIPLA26FEB1470PE,0.0,0.0,0.0,154.05,154.05,154.05,1349.8,118.9,2250,0,0,0.0,0,F1,375,,,,,
2026-02-18,2026-02-18,FO,NSE,STO,85141,,CIPLA,,2026-02-24,2026-02-24,1210.0,PE,CIPLA26FEB1210PE,0.0,0.0,0.0,0.65,0.65,0.65,1349.8,0.05,13875,0,0,0.0,0,F1,375,,,,,
2026-02-18,2026-02-18,FO,NSE,STO,98512,,CIPLA,,2026-04-28,2026-04-28,1300.0,CE,CIPLA26APR1300CE,0.0,0.0,0.0,84.4,0.0,84.4,1349.8,86.35,0,0,0,0.0,0,F1,375,,,,,
2026-02-18,2026-02-18,FO,NSE,STO,98500,,CIPLA,,2026-04-28,2026-04-28,1240.0,CE,CIPLA26APR1240CE,0.0,0.0,0.0,121.2,0.0,121.2,1349.8,131.8,0,0,0,0.0,0,F1,375,,,,,
2026-02-18,2026-02-18,FO,NSE,STO,98471,,CIPLA,,2026-04-28,2026-04-28,1160.0,CE,CIPLA26APR1160CE,0.0,0.0,0.0,182.05,0.0,182.05,1349.8,203.6,0,0,0,0.0,0,F1,375,,,,,
2026-02-18,2026-02-18,FO,NSE,STO,98421,,CIPLA,,2026-04-28,2026-04-28,1080.0,CE,CIPLA26APR1080CE,0.0,0.0,0.0,252.85,0.0,252.85,1349.8,281.15,0,0,0,0.0,0,F1,375,,,,,
2026-02-18,2026-02-18,FO,NSE,STO,98224,,CIPLA,,2026-03-30,2026-03-30,1470.0,CE,CIPLA26MAR1470CE,4.9,4.9,4.9,4.9,4.9,7.0,1349.8,6.3,2250,1500,5,2765437.5,2,F1,375,,,,,
2026-02-18,2026-02-18,FO,NSE,STO,84705,,CIPLA,,2026-02-24,2026-02-24,1240.0,CE,CIPLA26FEB1240CE,0.0,0.0,0.0,290.35,0.0,290.35,1349.8,110.95,0,0,0,0.0,0,F1,375,,,,,
2026-02-18,2026-02-18,FO,NSE,STO,84757,,CIPLA,,2026-02-24,2026-02-24,1340.0,CE,CIPLA26FEB1340CE,17.5,20.9,10.7,15.5,15.85,17.5,1349.8,15.5,520500,-34500,2388,1212962906.25,1520,F1,375,,,,,
2026-02-18,2026-02-18,FO,NSE,STO,85260,,CIPLA,,2026-02-24,2026-02-24,1570.0,CE,CIPLA26FEB1570CE,0.0,0.0,0.0,33.7,0.0,33.7,1349.8,0.05,0,0,0,0.0,0,F1,375,,,,,
2026-02-18,2026-02-18,FO,NSE,STO,98071,,CIPLA,,2026-03-30,2026-03-30,1190.0,CE,CIPLA26MAR1190CE,0.0,0.0,0.0,146.05,0.0,146.05,1349.8,167.95,0,0,0,0.0,0,F1,375,,,,,
2026-02-18,2026-02-18,FO,NSE,STF,59289,,CIPLA,,2026-02-24,2026-02-24,,,CIPLA26FEBFUT,1346.7,1352.0,1336.0,1348.2,1348.0,1344.6,1349.8,1348.2,12689250,-306000,3066,1544951850.0,2445,F1,375,,,,,
2026-02-18,2026-02-18,FO,NSE,STO,85254,,CIPLA,,2026-02-24,2026-02-24,1510.0,CE,CIPLA26FEB1510CE,0.3,0.3,0.1,0.15,0.15,0.3,1349.8,0.15,103500,0,25,14157975.0,10,F1,375,,,,,
2026-02-18,2026-02-18,FO,NSE,STO,98535,,CIPLA,,2026-04-28,2026-04-28,1520.0,PE,CIPLA26APR1520PE,0.0,0.0,0.0,198.35,0.0,198.35,1349.8,162.1,0,0,0,0.0,0,F1,375,,,,,
2026-02-18,2026-02-18,FO,NSE,STO,85651,,CIPLA,,2026-03-30,2026-03-30,1540.0,PE,CIPLA26MAR1540PE,0.0,0.0,0.0,88.1,0.0,88.1,1349.8,182.4,0,0,0,0.0,0,F1,375,,,,,
2026-02-18,2026-02-18,FO,NSE,STO,85650,,CIPLA,,2026-03-30,2026-03-30,1540.0,CE,CIPLA26MAR1540CE,0.0,0.0,0.0,63.4,0.0,63.4,1349.8,1.45,0,0,0,0.0,0,F1,375,,,,,
2026-02-18,2026-02-18,FO,NSE,STO,98516,,CIPLA,,2026-04-28,2026-04-28,1340.0,CE,CIPLA26APR1340CE,0.0,0.0,0.0,64.5,0.0,64.5,1349.8,61.75,0,0,0,0.0,0,F1,375,,,,,
2026-02-18,2026-02-18,FO,NSE,STO,98520,,CIPLA,,2026-04-28,2026-04-28,1380.0,CE,CIPLA26APR1380CE,0.0,0.0,0.0,48.15,0.0,48.15,1349.8,42.15,0,0,0,0.0,0,F1,375,,,,,
2026-02-18,2026-02-18,FO,NSE,STO,98528,,CIPLA,,2026-04-28,2026-04-28,1460.0,CE,CIPLA26APR1460CE,0.0,0.0,0.0,25.25,0.0,25.25,1349.8,17.05,0,0,0,0.0,0,F1,375,,,,,
2026-02-18,2026-02-18,FO,NSE,STO,98536,,CIPLA,,2026-04-28,2026-04-28,1540.0,CE,CIPLA26APR1540CE,0.0,0.0,0.0,12.1,0.0,12.1,1349.8,5.7,0,0,0,0.0,0,F1,375,,,,,
2026-02-18,2026-02-18,FO,NSE,STO,85259,,CIPLA,,2026-02-24,2026-02-24,1550.0,PE,CIPLA26FEB1550PE,201.0,202.0,201.0,202.0,202.0,222.9,1349.8,198.8,1875,-1500,4,2627193.75,4,F1,375,,,,,
2026-02-18,2026-02-18,FO,NSE,STO,36963,,CIPLA,,2026-03-30,2026-03-30,1140.0,PE,CIPLA26MAR1140PE,0.0,0.0,0.0,0.55,0.0,0.55,1349.8,0.15,0,0,0,0.0,0,F1,375,,,,,
2026-02-18,2026-02-18,FO,NSE,STO,85556,,CIPLA,,2026-03-30,2026-03-30,1260.0,CE,CIPLA26MAR1260CE,0.0,0.0,0.0,256.5,0.0,256.5,1349.8,103.95,0,0,0,0.0,0,F1,375,,,,,
2026-02-18,2026-02-18,FO,NSE,STO,98095,,CIPLA,,2026-03-30,2026-03-30,1250.0,CE,CIPLA26MAR1250CE,0.0,0.0,0.0,100.45,0.0,100.45,1349.8,112.55,0,0,0,0.0,0,F1,375,,,,,
2026-02-18,2026-02-18,FO,NSE,STO,84801,,CIPLA,,2026-02-24,2026-02-24,1600.0,CE,CIPLA26FEB1600CE,0.35,0.35,0.1,0.2,0.2,0.3,1349.8,0.2,42375,-10875,93,55806618.75,56,F1,375,,,,,
2026-02-18,2026-02-18,FO,NSE,STO,84797,,CIPLA,,2026-02-24,2026-02-24,1560.0,CE,CIPLA26FEB1560CE,0.3,0.3,0.3,0.3,0.3,0.3,1349.8,0.05,3750,0,1,585112.5,1,F1,375,,,,,
2026-02-18,2026-02-18,FO,NSE,STO,85256,,CIPLA,,2026-02-24,2026-02-24,1530.0,CE,CIPLA26FEB1530CE,0.0,0.0,0.0,0.25,0.25,0.25,1349.8,0.05,7125,0,0,0.0,0,F1,375,,,,,
2026-02-18,2026-02-18,FO,NSE,STO,85183,,CIPLA,,2026-02-24,2026-02-24,1490.0,CE,CIPLA26FEB1490CE,0.35,0.35,0.1,0.15,0.15,0.3,1349.8,0.05,35250,-3375,46,25705031.25,14,F1,375,,,,,
2026-02-18,2026-02-18,FO,NSE,STO,85160,,CIPLA,,2026-02-24,2026-02-24,1370.0,PE,CIPLA26FEB1370PE,35.45,35.45,25.0,25.9,25.95,30.8,1349.8,25.9,52500,-3375,24,12580537.5,23,F1,375,,,,,
2026-02-18,2026-02-18,FO,NSE,STO,84615,,CIPLA,,2026-02-24,2026-02-24,1120.0,CE,CIPLA26FEB1120CE,0.0,0.0,0.0,227.5,227.5,227.5,1349.8,230.8,0,0,0,0.0,0,F1,375,,,,,
2026-02-18,2026-02-18,FO,NSE,STO,85144,,CIPLA,,2026-02-24,2026-02-24,1250.0,CE,CIPLA26FEB1250CE,0.0,0.0,0.0,93.0,93.0,93.0,1349.8,100.95,1125,0,0,0.0,0,F1,375,,,,,
2026-02-18,2026-02-18,FO,NSE,STO,84769,,CIPLA,,2026-02-24,2026-02-24,1360.0,CE,CIPLA26FEB1360CE,9.0,10.8,4.7,6.7,6.75,8.8,1349.8,6.7,509625,12000,2372,1215870075.0,1790,F1,375,,,,,
2026-02-18,2026-02-18,FO,NSE,STO,84787,,CIPLA,,2026-02-24,2026-02-24,1500.0,CE,CIPLA26FEB1500CE,0.25,0.35,0.1,0.15,0.2,0.3,1349.8,0.15,692625,9750,279,156955631.25,121,F1,375,,,,,
2026-02-18,2026-02-18,FO,NSE,STO,40299,,CIPLA,,2026-03-30,2026-03-30,1100.0,CE,CIPLA26MAR1100CE,0.0,0.0,0.0,383.0,0.0,383.0,1349.8,256.45,0,0,0,0.0,0,F1,375,,,,,
2026-02-18,2026-02-18,FO,NSE,STO,98109,,CIPLA,,2026-03-30,2026-03-30,1310.0,CE,CIPLA26MAR1310CE,0.0,0.0,0.0,64.15,0.0,64.15,1349.8,65.6,0,0,0,0.0,0,F1,375,,,,,
2026-02-18,2026-02-18,FO,NSE,STO,85599,,CIPLA,,2026-03-30,2026-03-30,1320.0,CE,CIPLA26MAR1320CE,58.5,58.5,51.1,55.9,55.9,50.0,1349.8,55.9,2625,1125,11,5665481.25,11,F1,375,,,,,
2026-02-18,2026-02-18,FO,NSE,STO,85628,,CIPLA,,2026-03-30,2026-03-30,1400.0,CE,CIPLA26MAR1400CE,19.2,20.45,15.0,17.5,17.5,18.4,1349.8,17.5,139875,33000,345,183337781.25,262,F1,375,,,,,
2026-02-18,2026-02-18,FO,NSE,STO,85652,,CIPLA,,2026-03-30,2026-03-30,1560.0,CE,CIPLA26MAR1560CE,0.0,0.0,0.0,55.45,0.0,55.45,1349.8,0.9,0,0,0,0.0,0,F1,375,,,,,
2026-02-18,2026-02-18,FO,NSE,STO,85654,,CIPLA,,2026-03-30,2026-03-30,1580.0,CE,CIPLA26MAR1580CE,0.0,0.0,0.0,48.3,0.0,48.3,1349.8,0.55,0,0,0,0.0,0,F1,375,,,,,
2026-02-18,2026-02-18,FO,NSE,STO,84756,,CIPLA,,2026-02-24,2026-02-24,1320.0,PE,CIPLA26FEB1320PE,6.15,7.05,2.85,3.1,3.0,6.2,1349.8,3.1,293250,-7500,667,331406156.25,577,F1,375,,,,,
2026-02-18,2026-02-18,FO,NSE,STO,42250,,CIPLA,,2026-02-24,2026-02-24,1140.0,PE,CIPLA26FEB1140PE,0.3,0.9,0.05,0.1,0.1,0.15,1349.8,0.1,67500,0,105,44894587.5,31,F1,375,,,,,
2026-02-18,2026-02-18,FO,NSE,STO,98534,,CIPLA,,2026-04-28,2026-04-28,1520.0,CE,CIPLA26APR1520CE,0.0,0.0,0.0,14.65,0.0,14.65,1349.8,7.65,0,0,0,0.0,0,F1,375,,,,,
2026-02-18,2026-02-18,FO,NSE,STO,98526,,CIPLA,,2026-04-28,2026-04-28,1440.0,CE,CIPLA26APR1440CE,0.0,0.0,0.0,29.85,0.0,29.85,1349.8,21.75,0,0,0,0.0,0,F1,375,,,,,
2026-02-18,2026-02-18,FO,NSE,STO,98525,,CIPLA,,2026-04-28,2026-04-28,1420.0,PE,CIPLA26APR1420PE,0.0,0.0,0.0,120.45,0.0,120.45,1349.8,82.95,0,0,0,0.0,0,F1,375,,,,,
2026-02-18,2026-02-18,FO,NSE,STO,98509,,CIPLA,,2026-04-28,2026-04-28,1260.0,PE,CIPLA26APR1260PE,0.0,0.0,0.0,35.7,0.0,35.7,1349.8,12.8,0,0,0,0.0,0,F1,375,,,,,
2026-02-18,2026-02-18,FO,NSE,STO,98499,,CIPLA,,2026-04-28,2026-04-28,1220.0,PE,CIPLA26APR1220PE,0.0,0.0,0.0,23.6,0.0,23.6,1349.8,6.4,0,0,0,0.0,0,F1,375,,,,,
2026-02-18,2026-02-18,FO,NSE,STO,85255,,CIPLA,,2026-02-24,2026-02-24,1510.0,PE,CIPLA26FEB1510PE,0.0,0.0,0.0,128.5,128.5,128.5,1349.8,158.85,2250,0,0,0.0,0,F1,375,,,,,
2026-02-18,2026-02-18,FO,NSE,STO,98074,,CIPLA,,2026-03-30,2026-03-30,1190.0,PE,CIPLA26MAR1190PE,0.0,0.0,0.0,10.6,0.0,10.6,1349.8,1.0,0,0,0,0.0,0,F1,375,,,,,
2026-02-18,2026-02-18,FO,NSE,STO,85549,,CIPLA,,2026-03-30,2026-03-30,1200.0,PE,CIPLA26MAR1200PE,3.5,3.65,3.2,3.2,3.2,2.05,1349.8,1.35,7875,7875,22,9929100.0,22,F1,375,,,,,
2026-02-18,2026-02-18,FO,NSE,STO,98204,,CIPLA,,2026-03-30,2026-03-30,1370.0,PE,CIPLA26MAR1370PE,0.0,0.0,0.0,80.5,0.0,80.5,1349.8,44.1,0,0,0,0.0,0,F1,375,,,,,
2026-02-18,2026-02-18,FO,NSE,STO,85629,,CIPLA,,2026-03-30,2026-03-30,1400.0,PE,CIPLA26MAR1400PE,58.95,67.05,58.0,59.6,59.55,64.0,1349.8,59.6,54000,11625,59,32361506.25,55,F1,375,,,,,
2026-02-18,2026-02-18,FO,NSE,STO,85637,,CIPLA,,2026-03-30,2026-03-30,1460.0,CE,CIPLA26MAR1460CE,6.25,6.8,6.2,6.2,6.2,7.6,1349.8,7.6,7125,375,11,6049087.5,8,F1,375,,,,,
2026-02-18,2026-02-18,FO,NSE,STO,85631,,CIPLA,,2026-03-30,2026-03-30,1420.0,PE,CIPLA26MAR1420PE,0.0,0.0,0.0,82.0,82.0,82.0,1349.8,76.95,4125,0,0,0.0,0,F1,375,,,,,
2026-02-18,2026-02-18,FO,NSE,STO,98465,,CIPLA,,2026-04-28,2026-04-28,1120.0,PE,CIPLA26APR1120PE,0.0,0.0,0.0,6.35,0.0,6.35,1349.8,0.65,0,0,0,0.0,0,F1,375,,,,,
2026-02-18,2026-02-18,FO,NSE,STO,84782,,CIPLA,,2026-02-24,2026-02-24,1460.0,PE,CIPLA26FEB1460PE,120.0,120.0,110.7,112.25,110.7,112.65,1349.8,112.25,92250,-1125,4,2362443.75,4,F1,375,,,,,
2026-02-18,2026-02-18,FO,NSE,STO,84776,,CIPLA,,2026-02-24,2026-02-24,1420.0,PE,CIPLA26FEB1420PE,72.35,83.05,72.15,72.7,73.7,76.0,1349.8,72.7,27750,-750,19,10672912.5,19,F1,375,,,,,
2026-02-18,2026-02-18,FO,NSE,STO,85165,,CIPLA,,2026-02-24,2026-02-24,1390.0,PE,CIPLA26FEB1390PE,49.95,53.85,43.35,44.0,44.35,47.75,1349.8,44.0,15000,1875,19,10244043.75,18,F1,375,,,,,
2026-02-18,2026-02-18,FO,NSE,STO,98533,,CIPLA,,2026-04-28,2026-04-28,1500.0,PE,CIPLA26APR1500PE,0.0,0.0,0.0,181.65,0.0,181.65,1349.8,144.8,0,0,0,0.0,0,F1,375,,,,,
2026-02-18,2026-02-18,FO,NSE,STO,98519,,CIPLA,,2026-04-28,2026-04-28,1360.0,PE,CIPLA26APR1360PE,0.0,0.0,0.0,82.05,0.0,82.05,1349.8,47.45,0,0,0,0.0,0,F1,375,,,,,
2026-02-18,2026-02-18,FO,NSE,STO,98219,,CIPLA,,2026-03-30,2026-03-30,1410.0,PE,CIPLA26MAR1410PE,0.0,0.0,0.0,107.7,0.0,107.7,1349.8,69.65,0,0,0,0.0,0,F1,375,,,,,
2026-02-18,2026-02-18,FO,NSE,STO,85626,,CIPLA,,2026-03-30,2026-03-30,1380.0,PE,CIPLA26MAR1380PE,46.25,46.25,46.25,46.25,46.25,46.25,1349.8,49.9,16500,375,1,534843.75,1,F1,375,,,,,
2026-02-18,2026-02-18,FO,NSE,STO,85598,,CIPLA,,2026-03-30,2026-03-30,1300.0,PE,CIPLA26MAR1300PE,14.6,17.0,13.2,13.65,13.25,15.6,1349.8,13.65,80625,14625,103,50803518.75,93,F1,375,,,,,
2026-02-18,2026-02-18,FO,NSE,STO,98076,,CIPLA,,2026-03-30,2026-03-30,1210.0,PE,CIPLA26MAR1210PE,0.0,0.0,0.0,8.9,8.9,8.9,1349.8,1.85,3000,0,0,0.0,0,F1,375,,,,,
2026-02-18,2026-02-18,FO,NSE,STO,84798,,CIPLA,,2026-02-24,2026-02-24,1560.0,PE,CIPLA26FEB1560PE,208.2,217.5,208.2,212.8,212.8,208.2,1349.8,212.8,750,-750,3,1994437.5,3,F1,375,,,,,
2026-02-18,2026-02-18,FO,NSE,STF,66776,,CIPLA,,2026-04-28,2026-04-28,,,CIPLA26APRFUT,1366.0,1366.0,1356.1,1365.6,1365.1,1361.6,1349.8,1365.6,62625,8250,39,19906575.0,39,F1,375,,,,,
2026-02-18,2026-02-18,FO,NSE,STO,84750,,CIPLA,,2026-02-24,2026-02-24,1300.0,CE,CIPLA26FEB1300CE,49.9,54.0,40.05,49.4,49.75,48.7,1349.8,49.4,86250,-13875,160,80817056.25,141,F1,375,,,,,
2026-02-18,2026-02-18,FO,NSE,STO,85177,,CIPLA,,2026-02-24,2026-02-24,1450.0,CE,CIPLA26FEB1450CE,0.5,0.6,0.25,0.55,0.5,0.75,1349.8,0.55,100125,-13500,120,65268993.75,70,F1,375,,,,,
2026-02-18,2026-02-18,FO,NSE,STO,84795,,CIPLA,,2026-02-24,2026-02-24,1540.0,CE,CIPLA26FEB1540CE,0.1,0.15,0.1,0.15,0.15,0.3,1349.8,0.15,12375,-7125,19,10973550.0,5,F1,375,,,,,
2026-02-18,2026-02-18,FO,NSE,STO,84820,,CIPLA,,2026-02-24,2026-02-24,1640.0,CE,CIPLA26FEB1640CE,0.0,0.0,0.0,0.5,0.5,0.5,1349.8,0.05,22500,0,0,0.0,0,F1,375,,,,,
2026-02-18,2026-02-18,FO,NSE,STO,36956,,CIPLA,,2026-03-30,2026-03-30,1140.0,CE,CIPLA26MAR1140CE,0.0,0.0,0.0,377.9,0.0,377.9,1349.8,216.8,0,0,0,0.0,0,F1,375,,,,,
2026-02-18,2026-02-18,FO,NSE,STO,85552,,CIPLA,,2026-03-30,2026-03-30,1220.0,CE,CIPLA26MAR1220CE,0.0,0.0,0.0,293.45,0.0,293.45,1349.8,139.55,0,0,0,0.0,0,F1,375,,,,,
2026-02-18,2026-02-18,FO,NSE,STO,85591,,CIPLA,,2026-03-30,2026-03-30,1300.0,CE,CIPLA26MAR1300CE,72.65,74.2,63.0,71.0,71.0,69.9,1349.8,71.0,30000,-750,72,36882862.5,52,F1,375,,,,,
2026-02-18,2026-02-18,FO,NSE,STO,85601,,CIPLA,,2026-03-30,2026-03-30,1340.0,CE,CIPLA26MAR1340CE,41.45,44.0,37.8,43.2,43.5,43.3,1349.8,43.2,19500,5250,50,25894706.25,49,F1,375,,,,,
2026-02-18,2026-02-18,FO,NSE,STO,98216,,CIPLA,,2026-03-30,2026-03-30,1410.0,CE,CIPLA26MAR1410CE,16.5,16.5,13.6,13.75,13.75,17.2,1349.8,17.9,4500,375,6,3204675.0,6,F1,375,,,,,
2026-02-18,2026-02-18,FO,NSE,STO,85632,,CIPLA,,2026-03-30,2026-03-30,1440.0,CE,CIPLA26MAR1440CE,8.9,9.35,8.15,9.35,9.35,10.05,1349.8,9.35,5625,3375,20,10865925.0,18,F1,375,,,,,
2026-02-18,2026-02-18,FO,NSE,STO,85641,,CIPLA,,2026-03-30,2026-03-30,1500.0,CE,CIPLA26MAR1500CE,5.0,5.2,3.85,4.3,4.35,4.75,1349.8,4.3,200625,15375,317,178825293.75,210,F1,375,,,,,
2026-02-18,2026-02-18,FO,NSE,STO,98508,,CIPLA,,2026-04-28,2026-04-28,1260.0,CE,CIPLA26APR1260CE,0.0,0.0,0.0,108.0,0.0,108.0,1349.8,115.6,0,0,0,0.0,0,F1,375,,,,,
2026-02-18,2026-02-18,FO,NSE,STO,98522,,CIPLA,,2026-04-28,2026-04-28,1400.0,CE,CIPLA26APR1400CE,0.0,0.0,0.0,41.3,0.0,41.3,1349.8,34.25,0,0,0,0.0,0,F1,375,,,,,
2026-02-18,2026-02-18,FO,NSE,STO,85151,,CIPLA,,2026-02-24,2026-02-24,1290.0,PE,CIPLA26FEB1290PE,2.4,2.4,1.1,1.2,1.15,2.4,1349.8,1.2,127875,-10125,129,62487487.5,123,F1,375,,,,,
2026-02-18,2026-02-18,FO,NSE,STO,85153,,CIPLA,,2026-02-24,2026-02-24,1310.0,PE,CIPLA26FEB1310PE,3.75,4.85,2.0,2.2,2.15,4.3,1349.8,2.2,117750,-15000,366,180262331.25,330,F1,375,,,,,
2026-02-18,2026-02-18,FO,NSE,STO,85257,,CIPLA,,2026-02-24,2026-02-24,1530.0,PE,CIPLA26FEB1530PE,0.0,0.0,0.0,202.95,202.95,202.95,1349.8,178.8,3750,0,0,0.0,0,F1,375,,,,,
2026-02-18,2026-02-18,FO,NSE,STO,84706,,CIPLA,,2026-02-24,2026-02-24,1240.0,PE,CIPLA26FEB1240PE,1.0,1.0,0.65,0.7,0.65,1.15,1349.8,0.7,48750,375,18,8374912.5,18,F1,375,,,,,
2026-02-18,2026-02-18,FO,NSE,STO,84768,,CIPLA,,2026-02-24,2026-02-24,1340.0,PE,CIPLA26FEB1340PE,11.0,14.35,7.05,7.6,7.3,12.2,1349.8,7.6,330375,-37500,1340,678617006.25,1053,F1,375,,,,,
2026-02-18,2026-02-18,FO,NSE,STO,84790,,CIPLA,,2026-02-24,2026-02-24,1520.0,PE,CIPLA26FEB1520PE,0.0,0.0,0.0,139.0,139.0,139.0,1349.8,168.85,9000,0,0,0.0,0,F1,375,,,,,
2026-02-18,2026-02-18,FO,NSE,STO,85600,,CIPLA,,2026-03-30,2026-03-30,1320.0,PE,CIPLA26MAR1320PE,0.0,0.0,0.0,20.0,20.0,20.0,1349.8,21.25,1125,0,0,0.0,0,F1,375,,,,,
2026-02-18,2026-02-18,FO,NSE,STO,98265,,CIPLA,,2026-03-30,2026-03-30,1530.0,PE,CIPLA26MAR1530PE,0.0,0.0,0.0,207.3,0.0,207.3,1349.8,172.8,0,0,0,0.0,0,F1,375,,,,,
2026-02-18,2026-02-18,FO,NSE,STO,98425,,CIPLA,,2026-04-28,2026-04-28,1080.0,PE,CIPLA26APR1080PE,0.0,0.0,0.0,3.3,0.0,3.3,1349.8,0.2,0,0,0,0.0,0,F1,375,,,,,
2026-02-18,2026-02-18,FO,NSE,STO,98517,,CIPLA,,2026-04-28,2026-04-28,1340.0,PE,CIPLA26APR1340PE,0.0,0.0,0.0,70.95,0.0,70.95,1349.8,38.05,0,0,0,0.0,0,F1,375,,,,,
2026-02-18,2026-02-18,FO,NSE,STO,98523,,CIPLA,,2026-04-28,2026-04-28,1400.0,PE,CIPLA26APR1400PE,0.0,0.0,0.0,106.85,0.0,106.85,1349.8,69.95,0,0,0,0.0,0,F1,375,,,,,
2026-02-18,2026-02-18,FO,NSE,STF,51847,,CIPLA,,2026-03-30,2026-03-30,,,CIPLA26MARFUT,1354.9,1360.0,1344.4,1356.7,1357.9,1353.6,1349.8,1356.7,1149000,357375,1486,752604937.5,1158,F1,375,,,,,
2026-02-18,2026-02-18,FO,NSE,STO,85138,,CIPLA,,2026-02-24,2026-02-24,1190.0,CE,CIPLA26FEB1190CE,0.0,0.0,0.0,313.9,0.0,313.9,1349.8,160.9,0,0,0,0.0,0,F1,375,,,,,
2026-02-18,2026-02-18,FO,NSE,STO,85152,,CIPLA,,2026-02-24,2026-02-24,1310.0,CE,CIPLA26FEB1310CE,42.05,44.6,31.0,40.35,39.4,49.55,1349.8,40.35,42000,-11250,83,41986443.75,79,F1,375,,,,,
2026-02-18,2026-02-18,FO,NSE,STO,85154,,CIPLA,,2026-02-24,2026-02-24,1330.0,CE,CIPLA26FEB1330CE,25.0,27.85,15.55,22.85,23.15,23.85,1349.8,22.85,221250,-39000,606,307188843.75,483,F1,375,,,,,
2026-02-18,2026-02-18,FO,NSE,STO,85159,,CIPLA,,2026-02-24,2026-02-24,1370.0,CE,CIPLA26FEB1370CE,6.05,7.5,3.1,4.25,4.3,6.0,1349.8,4.25,207000,-1125,962,495835068.75,702,F1,375,,,,,
2026-02-18,2026-02-18,FO,NSE,STO,98203,,CIPLA,,2026-03-30,2026-03-30,1370.0,CE,CIPLA26MAR1370CE,0.0,0.0,0.0,37.85,0.0,37.85,1349.8,32.1,0,0,0,0.0,0,F1,375,,,,,
2026-02-18,2026-02-18,FO,NSE,STO,98205,,CIPLA,,2026-03-30,2026-03-30,1390.0,CE,CIPLA26MAR1390CE,0.0,0.0,0.0,25.55,25.55,25.55,1349.8,24.25,375,0,0,0.0,0,F1,375,,,,,
2026-02-18,2026-02-18,FO,NSE,STO,98431,,CIPLA,,2026-04-28,2026-04-28,1120.0,CE,CIPLA26APR1120CE,0.0,0.0,0.0,216.5,0.0,216.5,1349.8,242.0,0,0,0,0.0,0,F1,375,,,,,
2026-02-18,2026-02-18,FO,NSE,STO,84704,,CIPLA,,2026-02-24,2026-02-24,1220.0,PE,CIPLA26FEB1220PE,0.8,0.8,0.45,0.5,0.45,0.85,1349.8,0.5,39375,-1500,12,5492550.0,12,F1,375,,,,,
2026-02-18,2026-02-18,FO,NSE,STO,85162,,CIPLA,,2026-02-24,2026-02-24,1390.0,CE,CIPLA26FEB1390CE,2.9,3.55,1.65,2.05,2.0,2.9,1349.8,2.05,153375,3750,417,217737243.75,321,F1,375,,,,,
2026-02-18,2026-02-18,FO,NSE,STO,85167,,CIPLA,,2026-02-24,2026-02-24,1410.0,PE,CIPLA26FEB1410PE,61.65,72.15,61.65,62.75,63.35,56.8,1349.8,62.75,6000,0,13,7201237.5,13,F1,375,,,,,
2026-02-18,2026-02-18,FO,NSE,STO,84770,,CIPLA,,2026-02-24,2026-02-24,1360.0,PE,CIPLA26FEB1360PE,21.05,28.05,17.3,18.5,18.5,23.7,1349.8,18.5,105750,-1500,864,448171650.0,802,F1,375,,,,,
2026-02-18,2026-02-18,FO,NSE,STO,85158,,CIPLA,,2026-02-24,2026-02-24,1350.0,PE,CIPLA26FEB1350PE,16.55,20.6,11.4,12.2,11.65,17.15,1349.8,12.2,189375,-29625,446,228346068.75,364,F1,375,,,,,
2026-02-18,2026-02-18,FO,NSE,STO,85143,,CIPLA,,2026-02-24,2026-02-24,1230.0,PE,CIPLA26FEB1230PE,0.0,0.0,0.0,0.95,0.95,0.95,1349.8,0.05,12000,0,0,0.0,0,F1,375,,,,,
2026-02-18,2026-02-18,FO,NSE,STO,85103,,CIPLA,,2026-02-24,2026-02-24,1100.0,PE,CIPLA26FEB1100PE,0.5,0.5,0.2,0.2,0.2,0.3,1349.8,0.05,12000,-1125,8,3301050.0,4,F1,375,,,,,
2026-02-18,2026-02-18,FO,NSE,STO,98524,,CIPLA,,2026-04-28,2026-04-28,1420.0,CE,CIPLA26APR1420CE,0.0,0.0,0.0,35.2,0.0,35.2,1349.8,27.45,0,0,0,0.0,0,F1,375,,,,,
2026-02-18,2026-02-18,FO,NSE,STO,98518,,CIPLA,,2026-04-28,2026-04-28,1360.0,CE,CIPLA26APR1360CE,0.0,0.0,0.0,55.9,0.0,55.9,1349.8,51.3,0,0,0,0.0,0,F1,375,,,,,
2026-02-18,2026-02-18,FO,NSE,STO,84789,,CIPLA,,2026-02-24,2026-02-24,1520.0,CE,CIPLA26FEB1520CE,0.1,0.15,0.1,0.15,0.15,0.3,1349.8,0.15,13125,-750,3,1710150.0,3,F1,375,,,,,
2026-02-18,2026-02-18,FO,NSE,STO,98255,,CIPLA,,2026-03-30,2026-03-30,1510.0,CE,CIPLA26MAR1510CE,0.0,0.0,0.0,8.15,0.0,8.15,1349.8,2.8,0,0,0,0.0,0,F1,375,,,,,
2026-02-18,2026-02-18,FO,NSE,STO,84779,,CIPLA,,2026-02-24,2026-02-24,1440.0,CE,CIPLA26FEB1440CE,0.95,0.95,0.45,0.65,0.65,0.8,1349.8,0.65,130875,-1125,45,24309825.0,43,F1,375,,,,,
2026-02-18,2026-02-18,FO,NSE,STO,84773,,CIPLA,,2026-02-24,2026-02-24,1400.0,CE,CIPLA26FEB1400CE,2.7,2.95,1.4,1.6,1.55,2.15,1349.8,1.6,1153500,40500,1606,844212937.5,998,F1,375,,,,,
2026-02-18,2026-02-18,FO,NSE,STO,98521,,CIPLA,,2026-04-28,2026-04-28,1380.0,PE,CIPLA26APR1380PE,0.0,0.0,0.0,94.05,0.0,94.05,1349.8,58.1,0,0,0,0.0,0,F1,375,,,,,
2026-02-18,2026-02-18,FO,NSE,STO,85642,,CIPLA,,2026-03-30,2026-03-30,1500.0,PE,CIPLA26MAR1500PE,149.0,152.0,149.0,149.0,149.0,149.0,1349.8,144.65,24750,3000,13,8042812.5,12,F1,375,,,,,
2026-02-18,2026-02-18,FO,NSE,STO,98254,,CIPLA,,2026-03-30,2026-03-30,1490.0,PE,CIPLA26MAR1490PE,0.0,0.0,0.0,171.85,0.0,171.85,1349.8,135.5,0,0,0,0.0,0,F1,375,,,,,
2026-02-18,2026-02-18,FO,NSE,STO,85557,,CIPLA,,2026-03-30,2026-03-30,1260.0,PE,CIPLA26MAR1260PE,7.5,7.5,7.3,7.4,7.3,8.5,1349.8,7.4,1875,750,2,950550.0,2,F1,375,,,,,
2026-02-18,2026-02-18,FO,NSE,STO,85140,,CIPLA,,2026-02-24,2026-02-24,1210.0,CE,CIPLA26FEB1210CE,0.0,0.0,0.0,294.3,0.0,294.3,1349.8,140.9,0,0,0,0.0,0,F1,375,,,,,
2026-02-18,2026-02-18,FO,NSE,STO,98531,,CIPLA,,2026-04-28,2026-04-28,1480.0,PE,CIPLA26APR1480PE,0.0,0.0,0.0,165.45,0.0,165.45,1349.8,128.1,0,0,0,0.0,0,F1,375,,,,,
2026-02-18,2026-02-18,FO,NSE,STO,85644,,CIPLA,,2026-03-30,2026-03-30,1520.0,PE,CIPLA26MAR1520PE,0.0,0.0,0.0,180.35,180.35,180.35,1349.8,163.3,375,0,0,0.0,0,F1,375,,,,,
2026-02-18,2026-02-18,FO,NSE,STO,85638,,CIPLA,,2026-03-30,2026-03-30,1460.0,PE,CIPLA26MAR1460PE,0.0,0.0,0.0,109.0,109.0,109.0,1349.8,109.0,750,0,0,0.0,0,F1,375,,,,,
2026-02-18,2026-02-18,FO,NSE,STO,98221,,CIPLA,,2026-03-30,2026-03-30,1430.0,PE,CIPLA26MAR1430PE,0.0,0.0,0.0,122.75,0.0,122.75,1349.8,84.55,0,0,0,0.0,0,F1,375,,,,,
2026-02-18,2026-02-18,FO,NSE,STO,98268,,CIPLA,,2026-03-30,2026-03-30,1570.0,CE,CIPLA26MAR1570CE,0.0,0.0,0.0,3.75,0.0,3.75,1349.8,0.7,0,0,0,0.0,0,F1,375,,,,,
2026-02-18,2026-02-18,FO,NSE,STO,98484,,CIPLA,,2026-04-28,2026-04-28,1220.0,CE,CIPLA26APR1220CE,0.0,0.0,0.0,135.3,0.0,135.3,1349.8,148.8,0,0,0,0.0,0,F1,375,,,,,
2026-02-18,2026-02-18,FO,NSE,STO,84620,,CIPLA,,2026-02-24,2026-02-24,1160.0,PE,CIPLA26FEB1160PE,0.15,0.15,0.15,0.15,0.15,0.2,1349.8,0.15,136125,-375,2,870112.5,2,F1,375,,,,,
2026-02-18,2026-02-18,FO,NSE,STO,84693,,CIPLA,,2026-02-24,2026-02-24,1200.0,PE,CIPLA26FEB1200PE,0.35,0.45,0.3,0.3,0.3,0.55,1349.8,0.3,72375,-12375,46,20706243.75,26,F1,375,,,,,
2026-02-18,2026-02-18,FO,NSE,STO,84774,,CIPLA,,2026-02-24,2026-02-24,1400.0,PE,CIPLA26FEB1400PE,52.05,64.7,52.05,53.1,53.0,56.7,1349.8,53.1,167625,-11250,125,68337506.25,114,F1,375,,,,,
2026-02-18,2026-02-18,FO,NSE,STO,85178,,CIPLA,,2026-02-24,2026-02-24,1450.0,PE,CIPLA26FEB1450PE,112.0,112.0,101.6,101.6,101.6,104.55,1349.8,101.6,33375,-1500,4,2335350.0,3,F1,375,,,,,
2026-02-18,2026-02-18,FO,NSE,STO,85546,,CIPLA,,2026-03-30,2026-03-30,1180.0,PE,CIPLA26MAR1180PE,0.0,0.0,0.0,6.75,6.75,6.75,1349.8,0.75,750,0,0,0.0,0,F1,375,,,,,
2026-02-18,2026-02-18,FO,NSE,STO,85590,,CIPLA,,2026-03-30,2026-03-30,1280.0,PE,CIPLA26MAR1280PE,0.0,0.0,0.0,15.25,15.25,15.25,1349.8,10.15,1875,0,0,0.0,0,F1,375,,,,,
2026-02-18,2026-02-18,FO,NSE,STO,98511,,CIPLA,,2026-04-28,2026-04-28,1280.0,PE,CIPLA26APR1280PE,0.0,0.0,0.0,43.15,0.0,43.15,1349.8,17.4,0,0,0,0.0,0,F1,375,,,,,
2026-02-18,2026-02-18,FO,NSE,STO,98513,,CIPLA,,2026-04-28,2026-04-28,1300.0,PE,CIPLA26APR1300PE,0.0,0.0,0.0,51.5,0.0,51.5,1349.8,23.1,0,0,0,0.0,0,F1,375,,,,,
2026-02-18,2026-02-18,FO,NSE,STO,98515,,CIPLA,,2026-04-28,2026-04-28,1320.0,PE,CIPLA26APR1320PE,0.0,0.0,0.0,60.75,0.0,60.75,1349.8,29.95,0,0,0,0.0,0,F1,375,,,,,
2026-02-18,2026-02-18,FO,NSE,STO,98537,,CIPLA,,2026-04-28,2026-04-28,1540.0,PE,CIPLA26APR1540PE,0.0,0.0,0.0,215.5,0.0,215.5,1349.8,180.0,0,0,0,0.0,0,F1,375,,,,,
2026-02-18,2026-02-18,FO,NSE,STO,98539,,CIPLA,,2026-04-28,2026-04-28,1560.0,PE,CIPLA26APR1560PE,0.0,0.0,0.0,233.05,0.0,233.05,1349.8,198.3,0,0,0,0.0,0,F1,375,,,,,
2026-02-18,2026-02-18,FO,NSE,STO,84772,,CIPLA,,2026-02-24,2026-02-24,1380.0,PE,CIPLA26FEB1380PE,34.0,45.55,33.65,34.65,34.95,39.0,1349.8,34.65,82500,-1875,37,19667100.0,35,F1,375,,,,,
2026-02-18,2026-02-18,FO,NSE,STO,84786,,CIPLA,,2026-02-24,2026-02-24,1480.0,PE,CIPLA26FEB1480PE,142.5,142.5,142.5,142.5,142.5,133.15,1349.8,128.85,19500,-375,1,608437.5,1,F1,375,,,,,
2026-02-18,2026-02-18,FO,NSE,STO,85261,,CIPLA,,2026-02-24,2026-02-24,1570.0,PE,CIPLA26FEB1570PE,0.0,0.0,0.0,96.7,0.0,96.7,1349.8,218.8,0,0,0,0.0,0,F1,375,,,,,
2026-02-18,2026-02-18,FO,NSE,STO,84800,,CIPLA,,2026-02-24,2026-02-24,1580.0,PE,CIPLA26FEB1580PE,0.0,0.0,0.0,107.0,0.0,107.0,1349.8,228.75,0,0,0,0.0,0,F1,375,,,,,
2026-02-18,2026-02-18,FO,NSE,STO,98096,,CIPLA,,2026-03-30,2026-03-30,1250.0,PE,CIPLA26MAR1250PE,7.0,7.65,6.5,6.5,6.5,7.5,1349.8,5.25,36750,15750,96,45265012.5,47,F1,375,,,,,
2026-02-18,2026-02-18,FO,NSE,STO,85602,,CIPLA,,2026-03-30,2026-03-30,1340.0,PE,CIPLA26MAR1340PE,28.15,31.25,24.95,25.45,25.65,29.5,1349.8,25.45,25125,16875,63,32359950.0,50,F1,375,,,,,
2026-02-18,2026-02-18,FO,NSE,STO,98472,,CIPLA,,2026-04-28,2026-04-28,1160.0,PE,CIPLA26APR1160PE,0.0,0.0,0.0,11.3,0.0,11.3,1349.8,1.8,0,0,0,0.0,0,F1,375,,,,,
2026-02-18,2026-02-18,FO,NSE,STO,98527,,CIPLA,,2026-04-28,2026-04-28,1440.0,PE,CIPLA26APR1440PE,0.0,0.0,0.0,134.8,0.0,134.8,1349.8,97.1,0,0,0,0.0,0,F1,375,,,,,
2026-02-18,2026-02-18,FO,NSE,STO,84623,,CIPLA,,2026-02-24,2026-02-24,1200.0,CE,CIPLA26FEB1200CE,0.0,0.0,0.0,152.4,152.4,152.4,1349.8,150.9,3375,0,0,0.0,0,F1,375,,,,,
2026-02-18,2026-02-18,FO,NSE,STO,85156,,CIPLA,,2026-02-24,2026-02-24,1350.0,CE,CIPLA26FEB1350CE,13.15,15.5,7.1,10.3,10.25,12.65,1349.8,10.3,510375,-53250,3003,1531923018.75,2066,F1,375,,,,,
2026-02-18,2026-02-18,FO,NSE,STO,84775,,CIPLA,,2026-02-24,2026-02-24,1420.0,CE,CIPLA26FEB1420CE,1.25,1.4,0.7,0.9,0.85,1.15,1349.8,0.9,350625,0,150,79930181.25,116,F1,375,,,,,
2026-02-18,2026-02-18,FO,NSE,STO,85171,,CIPLA,,2026-02-24,2026-02-24,1430.0,CE,CIPLA26FEB1430CE,0.9,0.9,0.5,0.75,0.65,0.9,1349.8,0.75,79125,-375,76,40774462.5,63,F1,375,,,,,
2026-02-18,2026-02-18,FO,NSE,STO,84799,,CIPLA,,2026-02-24,2026-02-24,1580.0,CE,CIPLA26FEB1580CE,0.05,0.2,0.05,0.2,0.2,0.2,1349.8,0.05,5250,-1500,8,4740375.0,2,F1,375,,,,,
2026-02-18,2026-02-18,FO,NSE,STO,98545,,CIPLA,,2026-04-28,2026-04-28,1600.0,CE,CIPLA26APR1600CE,0.0,0.0,0.0,6.65,0.0,6.65,1349.8,2.25,0,0,0,0.0,0,F1,375,,,,,
2026-02-18,2026-02-18,FO,NSE,STO,98538,,CIPLA,,2026-04-28,2026-04-28,1560.0,CE,CIPLA26APR1560CE,0.0,0.0,0.0,9.95,0.0,9.95,1349.8,4.2,0,0,0,0.0,0,F1,375,,,,,
2026-02-18,2026-02-18,FO,NSE,STO,98532,,CIPLA,,2026-04-28,2026-04-28,1500.0,CE,CIPLA26APR1500CE,0.0,0.0,0.0,17.65,0.0,17.65,1349.8,10.1,0,0,0,0.0,0,F1,375,,,,,
2026-02-18,2026-02-18,FO,NSE,STO,98530,,CIPLA,,2026-04-28,2026-04-28,1480.0,CE,CIPLA26APR1480CE,0.0,0.0,0.0,21.15,0.0,21.15,1349.8,13.2,0,0,0,0.0,0,F1,375,,,,,
2026-02-18,2026-02-18,FO,NSE,STO,98475,,CIPLA,,2026-04-28,2026-04-28,1200.0,CE,CIPLA26APR1200CE,0.0,0.0,0.0,150.1,0.0,150.1,1349.8,166.5,0,0,0,0.0,0,F1,375,,,,,
2026-02-18,2026-02-18,FO,NSE,STO,98226,,CIPLA,,2026-03-30,2026-03-30,1490.0,CE,CIPLA26MAR1490CE,0.0,0.0,0.0,10.4,0.0,10.4,1349.8,4.25,0,0,0,0.0,0,F1,375,,,,,
2026-02-18,2026-02-18,FO,NSE,STO,85639,,CIPLA,,2026-03-30,2026-03-30,1480.0,CE,CIPLA26MAR1480CE,0.0,0.0,0.0,6.85,6.85,6.85,1349.8,5.2,7875,0,0,0.0,0,F1,375,,,,,
2026-02-18,2026-02-18,FO,NSE,STO,98200,,CIPLA,,2026-03-30,2026-03-30,1350.0,CE,CIPLA26MAR1350CE,39.85,42.0,32.85,36.85,38.35,37.85,1349.8,36.85,41250,10125,109,56687043.75,94,F1,375,,,,,
2026-02-18,2026-02-18,FO,NSE,STO,84730,,CIPLA,,2026-02-24,2026-02-24,1260.0,PE,CIPLA26FEB1260PE,1.2,1.2,0.75,0.75,0.75,1.3,1349.8,0.75,33375,-750,36,17022993.75,35,F1,375,,,,,
2026-02-18,2026-02-18,FO,NSE,STO,98108,,CIPLA,,2026-03-30,2026-03-30,1290.0,PE,CIPLA26MAR1290PE,14.4,14.4,12.3,12.3,12.3,13.3,1349.8,12.4,7125,5625,22,10754625.0,20,F1,375,,,,,
2026-02-18,2026-02-18,FO,NSE,STO,98110,,CIPLA,,2026-03-30,2026-03-30,1310.0,PE,CIPLA26MAR1310PE,0.0,0.0,0.0,17.6,17.6,17.6,1349.8,17.9,4875,0,0,0.0,0,F1,375,,,,,
2026-02-18,2026-02-18,FO,NSE,STO,84621,,CIPLA,,2026-02-24,2026-02-24,1180.0,CE,CIPLA26FEB1180CE,0.0,0.0,0.0,346.85,0.0,346.85,1349.8,170.85,0,0,0,0.0,0,F1,375,,,,,
2026-02-18,2026-02-18,FO,NSE,STO,84826,,CIPLA,,2026-02-24,2026-02-24,1700.0,CE,CIPLA26FEB1700CE,0.0,0.0,0.0,0.35,0.35,0.35,1349.8,0.05,15750,0,0,0.0,0,F1,375,,,,,
2026-02-18,2026-02-18,FO,NSE,STO,98188,,CIPLA,,2026-03-30,2026-03-30,1330.0,CE,CIPLA26MAR1330CE,45.0,51.05,43.9,50.15,49.65,56.45,1349.8,50.15,15375,8625,40,20675081.25,33,F1,375,,,,,
2026-02-18,2026-02-18,FO,NSE,STO,85643,,CIPLA,,2026-03-30,2026-03-30,1520.0,CE,CIPLA26MAR1520CE,0.0,0.0,0.0,3.0,3.0,3.0,1349.8,2.25,375,0,0,0.0,0,F1,375,,,,,
2026-02-18,2026-02-18,FO,NSE,STO,98529,,CIPLA,,2026-04-28,2026-04-28,1460.0,PE,CIPLA26APR1460PE,0.0,0.0,0.0,149.85,0.0,149.85,1349.8,112.15,0,0,0,0.0,0,F1,375,,,,,
2026-02-18,2026-02-18,FO,NSE,STO,85655,,CIPLA,,2026-03-30,2026-03-30,1580.0,PE,CIPLA26MAR1580PE,0.0,0.0,0.0,112.4,0.0,112.4,1349.8,221.25,0,0,0,0.0,0,F1,375,,,,,
2026-02-18,2026-02-18,FO,NSE,STO,85653,,CIPLA,,2026-03-30,2026-03-30,1560.0,PE,CIPLA26MAR1560PE,196.85,196.85,196.85,196.85,196.85,195.0,1349.8,201.7,1875,375,1,658818.75,1,F1,375,,,,,
2026-02-18,2026-02-18,FO,NSE,STO,84622,,CIPLA,,2026-02-24,2026-02-24,1180.0,PE,CIPLA26FEB1180PE,0.15,0.2,0.1,0.15,0.15,0.25,1349.8,0.15,403875,0,97,42928218.75,28,F1,375,,,,,
2026-02-18,2026-02-18,FO,NSE,STO,98256,,CIPLA,,2026-03-30,2026-03-30,1510.0,PE,CIPLA26MAR1510PE,0.0,0.0,0.0,189.35,0.0,189.35,1349.8,153.9,0,0,0,0.0,0,F1,375,,,,,
2026-02-18,2026-02-18,FO,NSE,STO,98223,,CIPLA,,2026-03-30,2026-03-30,1450.0,PE,CIPLA26MAR1450PE,0.0,0.0,0.0,138.4,0.0,138.4,1349.8,100.6,0,0,0,0.0,0,F1,375,,,,,
2026-02-18,2026-02-18,FO,NSE,STO,85633,,CIPLA,,2026-03-30,2026-03-30,1440.0,PE,CIPLA26MAR1440PE,96.75,99.0,94.0,94.0,94.0,91.0,1349.8,92.45,5625,1500,4,2303906.25,4,F1,375,,,,,
2026-02-18,2026-02-18,FO,NSE,STO,98202,,CIPLA,,2026-03-30,2026-03-30,1350.0,PE,CIPLA26MAR1350PE,32.0,35.8,29.6,29.8,30.0,32.0,1349.8,29.8,31875,5250,30,15550537.5,30,F1,375,,,,,
2026-02-18,2026-02-18,FO,NSE,STO,85147,,CIPLA,,2026-02-24,2026-02-24,1270.0,PE,CIPLA26FEB1270PE,1.35,1.4,0.75,0.8,0.8,1.5,1349.8,0.8,105000,750,171,81513150.0,155,F1,375,,,,,
2026-02-18,2026-02-18,FO,NSE,STO,84751,,CIPLA,,2026-02-24,2026-02-24,1300.0,PE,CIPLA26FEB1300PE,3.0,3.4,1.5,1.6,1.55,3.2,1349.8,1.6,457500,-28125,703,343358700.0,539,F1,375,,,,,
2026-02-18,2026-02-18,FO,NSE,STO,98222,,CIPLA,,2026-03-30,2026-03-30,1450.0,CE,CIPLA26MAR1450CE,9.55,9.55,7.05,7.85,7.85,8.8,1349.8,7.85,22875,6000,50,27338043.75,47,F1,375,,,,,
2026-02-18,2026-02-18,FO,NSE,STO,85666,,CIPLA,,2026-03-30,2026-03-30,1680.0,CE,CIPLA26MAR1680CE,0.0,0.0,0.0,1.4,1.4,1.4,1349.8,0.05,2625,0,0,0.0,0,F1,375,,,,,
2026-02-18,2026-02-18,FO,NSE,STO,98510,,CIPLA,,2026-04-28,2026-04-28,1280.0,CE,CIPLA26APR1280CE,0.0,0.0,0.0,95.75,0.0,95.75,1349.8,100.45,0,0,0,0.0,0,F1,375,,,,,
2026-02-18,2026-02-18,FO,NSE,STO,98514,,CIPLA,,2026-04-28,2026-04-28,1320.0,CE,CIPLA26APR1320CE,0.0,0.0,0.0,74.0,0.0,74.0,1349.8,73.4,0,0,0,0.0,0,F1,375,,,,,
2026-02-18,2026-02-18,FO,NSE,STO,84616,,CIPLA,,2026-02-24,2026-02-24,1120.0,PE,CIPLA26FEB1120PE,0.35,1.15,0.15,0.15,0.15,0.25,1349.8,0.15,17250,12375,58,24373162.5,18,F1,375,,,,,
2026-02-18,2026-02-18,FO,NSE,STO,105977,,DRREDDY,,2026-03-30,2026-03-30,1390.0,PE,DRREDDY26MAR1390PE,0.0,0.0,0.0,146.05,0.0,146.05,1280.3,107.55,0,0,0,0.0,0,F1,625,,,,,
2026-02-18,2026-02-18,FO,NSE,STO,106465,,DRREDDY,,2026-04-28,2026-04-28,1220.0,CE,DRREDDY26APR1220CE,0.0,0.0,0.0,80.65,0.0,80.65,1280.3,90.4,0,0,0,0.0,0,F1,625,,,,,
2026-02-18,2026-02-18,FO,NSE,STO,94216,,DRREDDY,,2026-03-30,2026-03-30,1460.0,PE,DRREDDY26MAR1460PE,0.0,0.0,0.0,183.85,0.0,183.85,1280.3,172.2,0,0,0,0.0,0,F1,625,,,,,
2026-02-18,2026-02-18,FO,NSE,STO,94220,,DRREDDY,,2026-03-30,2026-03-30,1480.0,PE,DRREDDY26MAR1480PE,0.0,0.0,0.0,201.3,0.0,201.3,1280.3,191.55,0,0,0,0.0,0,F1,625,,,,,
2026-02-18,2026-02-18,FO,NSE,STO,106398,,DRREDDY,,2026-04-28,2026-04-28,1100.0,PE,DRREDDY26APR1100PE,0.0,0.0,0.0,9.65,0.0,9.65,1280.3,1.55,0,0,0,0.0,0,F1,625,,,,,
2026-02-18,2026-02-18,FO,NSE,STO,94134,,DRREDDY,,2026-03-30,2026-03-30,1260.0,PE,DRREDDY26MAR1260PE,20.1,22.6,18.6,22.4,22.4,20.05,1280.3,22.4,22500,10625,27,21621000.0,17,F1,625,,,,,
2026-02-18,2026-02-18,FO,NSE,STO,90717,,DRREDDY,,2026-02-24,2026-02-24,1280.0,CE,DRREDDY26FEB1280CE,15.95,18.0,8.85,9.9,9.65,14.95,1280.3,9.9,2164375,23125,2639,2132460031.25,2118,F1,625,,,,,
2026-02-18,2026-02-18,FO,NSE,STO,93850,,DRREDDY,,2026-02-24,2026-02-24,1370.0,CE,DRREDDY26FEB1370CE,0.6,0.6,0.4,0.4,0.4,0.6,1280.3,0.4,121250,625,30,25696968.75,19,F1,625,,,,,
2026-02-18,2026-02-18,FO,NSE,STO,94015,,DRREDDY,,2026-03-30,2026-03-30,1000.0,CE,DRREDDY26MAR1000CE,0.0,0.0,0.0,281.4,0.0,281.4,1280.3,286.3,0,0,0,0.0,0,F1,625,,,,,
2026-02-18,2026-02-18,FO,NSE,STO,105887,,DRREDDY,,2026-03-30,2026-03-30,1070.0,CE,DRREDDY26MAR1070CE,0.0,0.0,0.0,183.95,0.0,183.95,1280.3,216.8,0,0,0,0.0,0,F1,625,,,,,
2026-02-18,2026-02-18,FO,NSE,STO,94168,,DRREDDY,,2026-03-30,2026-03-30,1400.0,CE,DRREDDY26MAR1400CE,6.0,6.0,5.0,5.15,5.3,5.3,1280.3,5.15,16875,3125,19,16689531.25,17,F1,625,,,,,
2026-02-18,2026-02-18,FO,NSE,STO,106545,,DRREDDY,,2026-04-28,2026-04-28,1280.0,CE,DRREDDY26APR1280CE,0.0,0.0,0.0,51.15,0.0,51.15,1280.3,53.0,0,0,0,0.0,0,F1,625,,,,,
2026-02-18,2026-02-18,FO,NSE,STO,106677,,DRREDDY,,2026-04-28,2026-04-28,1400.0,CE,DRREDDY26APR1400CE,0.0,0.0,0.0,17.0,0.0,17.0,1280.3,12.65,0,0,0,0.0,0,F1,625,,,,,
2026-02-18,2026-02-18,FO,NSE,STO,90686,,DRREDDY,,2026-02-24,2026-02-24,1080.0,PE,DRREDDY26FEB1080PE,0.1,0.15,0.1,0.15,0.15,0.25,1280.3,0.05,104375,-625,5,3375437.5,3,F1,625,,,,,
2026-02-18,2026-02-18,FO,NSE,STO,93661,,DRREDDY,,2026-02-24,2026-02-24,1250.0,PE,DRREDDY26FEB1250PE,3.2,3.3,1.95,2.3,2.2,3.35,1280.3,2.3,381875,-6250,396,310017843.75,280,F1,625,,,,,
2026-02-18,2026-02-18,FO,NSE,STO,93851,,DRREDDY,,2026-02-24,2026-02-24,1370.0,PE,DRREDDY26FEB1370PE,0.0,0.0,0.0,107.5,0.0,107.5,1280.3,88.55,0,0,0,0.0,0,F1,625,,,,,
2026-02-18,2026-02-18,FO,NSE,STO,90650,,DRREDDY,,2026-02-24,2026-02-24,960.0,PE,DRREDDY26FEB960PE,0.0,0.0,0.0,0.35,0.35,0.35,1280.3,0.05,6875,0,0,0.0,0,F1,625,,,,,
2026-02-18,2026-02-18,FO,NSE,STO,94154,,DRREDDY,,2026-03-30,2026-03-30,1300.0,PE,DRREDDY26MAR1300PE,36.0,41.35,35.0,40.4,40.4,37.55,1280.3,41.55,81250,36875,86,71909687.5,81,F1,625,,,,,
2026-02-18,2026-02-18,FO,NSE,STO,94156,,DRREDDY,,2026-03-30,2026-03-30,1320.0,PE,DRREDDY26MAR1320PE,0.0,0.0,0.0,79.2,0.0,79.2,1280.3,53.7,0,0,0,0.0,0,F1,625,,,,,
2026-02-18,2026-02-18,FO,NSE,STO,90781,,DRREDDY,,2026-02-24,2026-02-24,1340.0,CE,DRREDDY26FEB1340CE,1.1,1.3,0.45,0.5,0.5,1.1,1280.3,0.5,141875,-7500,283,237141000.0,155,F1,625,,,,,
2026-02-18,2026-02-18,FO,NSE,STO,105893,,DRREDDY,,2026-03-30,2026-03-30,1110.0,CE,DRREDDY26MAR1110CE,0.0,0.0,0.0,148.05,0.0,148.05,1280.3,177.4,0,0,0,0.0,0,F1,625,,,,,
2026-02-18,2026-02-18,FO,NSE,STO,94155,,DRREDDY,,2026-03-30,2026-03-30,1320.0,CE,DRREDDY26MAR1320CE,24.0,24.55,20.5,20.5,20.5,22.05,1280.3,20.5,23125,15000,36,30218343.75,26,F1,625,,,,,
2026-02-18,2026-02-18,FO,NSE,STO,105970,,DRREDDY,,2026-03-30,2026-03-30,1330.0,CE,DRREDDY26MAR1330CE,20.9,20.9,17.5,17.5,17.5,19.3,1280.3,18.65,7500,6875,15,12649156.25,12,F1,625,,,,,
2026-02-18,2026-02-18,FO,NSE,STO,106075,,DRREDDY,,2026-04-28,2026-04-28,960.0,CE,DRREDDY26APR960CE,0.0,0.0,0.0,295.15,0.0,295.15,1280.3,330.25,0,0,0,0.0,0,F1,625,,,,,
2026-02-18,2026-02-18,FO,NSE,STO,106549,,DRREDDY,,2026-04-28,2026-04-28,1300.0,CE,DRREDDY26APR1300CE,0.0,0.0,0.0,43.3,0.0,43.3,1280.3,43.2,0,0,0,0.0,0,F1,625,,,,,
2026-02-18,2026-02-18,FO,NSE,STO,106679,,DRREDDY,,2026-04-28,2026-04-28,1420.0,CE,DRREDDY26APR1420CE,0.0,0.0,0.0,13.85,0.0,13.85,1280.3,9.5,0,0,0,0.0,0,F1,625,,,,,
2026-02-18,2026-02-18,FO,NSE,STO,90677,,DRREDDY,,2026-02-24,2026-02-24,1000.0,PE,DRREDDY26FEB1000PE,0.0,0.0,0.0,0.05,0.05,0.05,1280.3,0.05,23750,0,0,0.0,0,F1,625,,,,,
2026-02-18,2026-02-18,FO,NSE,STO,93647,,DRREDDY,,2026-02-24,2026-02-24,1110.0,PE,DRREDDY26FEB1110PE,0.0,0.0,0.0,0.3,0.3,0.3,1280.3,0.05,10625,0,0,0.0,0,F1,625,,,,,
2026-02-18,2026-02-18,FO,NSE,STO,93651,,DRREDDY,,2026-02-24,2026-02-24,1150.0,PE,DRREDDY26FEB1150PE,0.4,0.5,0.25,0.45,0.4,0.6,1280.3,0.45,47500,-1250,7,5032968.75,7,F1,625,,,,,
2026-02-18,2026-02-18,FO,NSE,STO,90712,,DRREDDY,,2026-02-24,2026-02-24,1220.0,PE,DRREDDY26FEB1220PE,1.25,1.3,0.85,0.9,0.9,1.5,1280.3,0.9,213750,-15625,78,59528375.0,54,F1,625,,,,,
2026-02-18,2026-02-18,FO,NSE,STO,90714,,DRREDDY,,2026-02-24,2026-02-24,1240.0,PE,DRREDDY26FEB1240PE,1.95,2.15,1.4,1.5,1.5,2.3,1280.3,1.5,336875,-17500,182,141252562.5,155,F1,625,,,,,
2026-02-18,2026-02-18,FO,NSE,STO,94016,,DRREDDY,,2026-03-30,2026-03-30,1000.0,PE,DRREDDY26MAR1000PE,0.0,0.0,0.0,0.8,0.0,0.8,1280.3,0.05,0,0,0,0.0,0,F1,625,,,,,
2026-02-18,2026-02-18,FO,NSE,STO,94098,,DRREDDY,,2026-03-30,2026-03-30,1060.0,PE,DRREDDY26MAR1060PE,0.0,0.0,0.0,2.5,2.5,2.5,1280.3,0.05,13750,0,0,0.0,0,F1,625,,,,,
2026-02-18,2026-02-18,FO,NSE,STO,94162,,DRREDDY,,2026-03-30,2026-03-30,1380.0,PE,DRREDDY26MAR1380PE,0.0,0.0,0.0,119.6,0.0,119.6,1280.3,98.95,0,0,0,0.0,0,F1,625,,,,,
2026-02-18,2026-02-18,FO,NSE,STO,106340,,DRREDDY,,2026-04-28,2026-04-28,1060.0,CE,DRREDDY26APR1060CE,0.0,0.0,0.0,201.05,0.0,201.05,1280.3,231.75,0,0,0,0.0,0,F1,625,,,,,
2026-02-18,2026-02-18,FO,NSE,STO,93846,,DRREDDY,,2026-02-24,2026-02-24,1330.0,CE,DRREDDY26FEB1330CE,1.65,2.0,0.7,0.75,0.7,1.6,1280.3,0.75,85625,-8750,236,196342812.5,163,F1,625,,,,,
2026-02-18,2026-02-18,FO,NSE,STO,106608,,DRREDDY,,2026-04-28,2026-04-28,1360.0,CE,DRREDDY26APR1360CE,0.0,0.0,0.0,25.25,0.0,25.25,1280.3,21.55,0,0,0,0.0,0,F1,625,,,,,
2026-02-18,2026-02-18,FO,NSE,STO,93649,,DRREDDY,,2026-02-24,2026-02-24,1130.0,PE,DRREDDY26FEB1130PE,0.0,0.0,0.0,0.35,0.35,0.35,1280.3,0.05,6250,0,0,0.0,0,F1,625,,,,,
2026-02-18,2026-02-18,FO,NSE,STO,93669,,DRREDDY,,2026-02-24,2026-02-24,1290.0,PE,DRREDDY26FEB1290PE,14.85,18.1,12.35,15.45,15.4,15.85,1280.3,15.45,74375,1250,184,150152062.5,159,F1,625,,,,,
2026-02-18,2026-02-18,FO,NSE,STO,90780,,DRREDDY,,2026-02-24,2026-02-24,1320.0,PE,DRREDDY26FEB1320PE,0.0,0.0,0.0,83.5,83.5,83.5,1280.3,40.85,1875,0,0,0.0,0,F1,625,,,,,
2026-02-18,2026-02-18,FO,NSE,STO,94128,,DRREDDY,,2026-03-30,2026-03-30,1200.0,PE,DRREDDY26MAR1200PE,7.55,8.35,7.0,8.1,8.0,7.7,1280.3,8.1,98750,-5625,46,34727406.25,34,F1,625,,,,,
2026-02-18,2026-02-18,FO,NSE,STO,94136,,DRREDDY,,2026-03-30,2026-03-30,1280.0,PE,DRREDDY26MAR1280PE,28.05,30.6,27.55,29.65,30.55,28.05,1280.3,29.65,52500,29375,74,60557156.25,61,F1,625,,,,,
2026-02-18,2026-02-18,FO,NSE,STO,105969,,DRREDDY,,2026-03-30,2026-03-30,1310.0,PE,DRREDDY26MAR1310PE,0.0,0.0,0.0,84.15,0.0,84.15,1280.3,47.4,0,0,0,0.0,0,F1,625,,,,,
2026-02-18,2026-02-18,FO,NSE,STO,106437,,DRREDDY,,2026-04-28,2026-04-28,1140.0,PE,DRREDDY26APR1140PE,0.0,0.0,0.0,16.95,0.0,16.95,1280.3,4.0,0,0,0,0.0,0,F1,625,,,,,
2026-02-18,2026-02-18,FO,NSE,STO,106150,,DRREDDY,,2026-04-28,2026-04-28,1040.0,CE,DRREDDY26APR1040CE,0.0,0.0,0.0,219.25,0.0,219.25,1280.3,251.35,0,0,0,0.0,0,F1,625,,,,,
2026-02-18,2026-02-18,FO,NSE,STO,90653,,DRREDDY,,2026-02-24,2026-02-24,1000.0,CE,DRREDDY26FEB1000CE,0.0,0.0,0.0,284.75,284.75,284.75,1280.3,281.2,2500,0,0,0.0,0,F1,625,,,,,
2026-02-18,2026-02-18,FO,NSE,STO,90685,,DRREDDY,,2026-02-24,2026-02-24,1080.0,CE,DRREDDY26FEB1080CE,0.0,0.0,0.0,149.4,149.4,149.4,1280.3,201.3,3750,0,0,0.0,0,F1,625,,,,,
2026-02-18,2026-02-18,FO,NSE,STO,94160,,DRREDDY,,2026-03-30,2026-03-30,1360.0,PE,DRREDDY26MAR1360PE,0.0,0.0,0.0,105.25,0.0,105.25,1280.3,82.6,0,0,0,0.0,0,F1,625,,,,,
2026-02-18,2026-02-18,FO,NSE,STO,94116,,DRREDDY,,2026-03-30,2026-03-30,1140.0,PE,DRREDDY26MAR1140PE,0.0,0.0,0.0,4.7,4.7,4.7,1280.3,1.25,1250,0,0,0.0,0,F1,625,,,,,
2026-02-18,2026-02-18,FO,NSE,STO,94114,,DRREDDY,,2026-03-30,2026-03-30,1120.0,PE,DRREDDY26MAR1120PE,0.0,0.0,0.0,8.45,0.0,8.45,1280.3,0.65,0,0,0,0.0,0,F1,625,,,,,
2026-02-18,2026-02-18,FO,NSE,STO,94112,,DRREDDY,,2026-03-30,2026-03-30,1100.0,PE,DRREDDY26MAR1100PE,0.0,0.0,0.0,6.1,0.0,6.1,1280.3,0.3,0,0,0,0.0,0,F1,625,,,,,
2026-02-18,2026-02-18,FO,NSE,STO,93849,,DRREDDY,,2026-02-24,2026-02-24,1350.0,PE,DRREDDY26FEB1350PE,65.0,65.0,65.0,65.0,65.0,148.25,1280.3,68.8,4375,-625,1,884375.0,1,F1,625,,,,,
2026-02-18,2026-02-18,FO,NSE,STO,93845,,DRREDDY,,2026-02-24,2026-02-24,1310.0,PE,DRREDDY26FEB1310PE,31.2,33.55,24.55,32.6,32.6,47.1,1280.3,32.45,13125,0,24,20093093.75,23,F1,625,,,,,
2026-02-18,2026-02-18,FO,NSE,STO,90700,,DRREDDY,,2026-02-24,2026-02-24,1120.0,PE,DRREDDY26FEB1120PE,0.0,0.0,0.0,0.35,0.35,0.35,1280.3,0.05,25625,0,0,0.0,0,F1,625,,,,,
2026-02-18,2026-02-18,FO,NSE,STO,90697,,DRREDDY,,2026-02-24,2026-02-24,1100.0,PE,DRREDDY26FEB1100PE,0.25,0.3,0.25,0.25,0.25,0.35,1280.3,0.25,87500,-10625,22,15128593.75,14,F1,625,,,,,
2026-02-18,2026-02-18,FO,NSE,STO,90680,,DRREDDY,,2026-02-24,2026-02-24,1020.0,PE,DRREDDY26FEB1020PE,0.0,0.0,0.0,0.2,0.2,0.2,1280.3,0.05,5625,0,0,0.0,0,F1,625,,,,,
2026-02-18,2026-02-18,FO,NSE,STO,106686,,DRREDDY,,2026-04-28,2026-04-28,1480.0,CE,DRREDDY26APR1480CE,0.0,0.0,0.0,7.15,0.0,7.15,1280.3,3.7,0,0,0,0.0,0,F1,625,,,,,
2026-02-18,2026-02-18,FO,NSE,STO,106674,,DRREDDY,,2026-04-28,2026-04-28,1380.0,CE,DRREDDY26APR1380CE,0.0,0.0,0.0,20.8,0.0,20.8,1280.3,16.65,0,0,0,0.0,0,F1,625,,,,,
2026-02-18,2026-02-18,FO,NSE,STO,105932,,DRREDDY,,2026-03-30,2026-03-30,1170.0,CE,DRREDDY26MAR1170CE,0.0,0.0,0.0,100.0,0.0,100.0,1280.3,120.45,0,0,0,0.0,0,F1,625,,,,,
2026-02-18,2026-02-18,FO,NSE,STO,94127,,DRREDDY,,2026-03-30,2026-03-30,1200.0,CE,DRREDDY26MAR1200CE,101.0,103.4,92.85,96.0,96.0,65.0,1280.3,96.0,7500,1250,9,7298625.0,9,F1,625,,,,,
2026-02-18,2026-02-18,FO,NSE,STO,105891,,DRREDDY,,2026-03-30,2026-03-30,1090.0,CE,DRREDDY26MAR1090CE,0.0,0.0,0.0,165.7,0.0,165.7,1280.3,197.05,0,0,0,0.0,0,F1,625,,,,,
2026-02-18,2026-02-18,FO,NSE,STO,94099,,DRREDDY,,2026-03-30,2026-03-30,1080.0,CE,DRREDDY26MAR1080CE,0.0,0.0,0.0,206.1,0.0,206.1,1280.3,206.9,0,0,0,0.0,0,F1,625,,,,,
2026-02-18,2026-02-18,FO,NSE,STO,93660,,DRREDDY,,2026-02-24,2026-02-24,1250.0,CE,DRREDDY26FEB1250CE,37.4,42.55,30.5,31.8,31.5,37.05,1280.3,31.8,656250,-10625,97,77938625.0,89,F1,625,,,,,
2026-02-18,2026-02-18,FO,NSE,STO,90711,,DRREDDY,,2026-02-24,2026-02-24,1220.0,CE,DRREDDY26FEB1220CE,0.0,0.0,0.0,64.9,64.45,64.9,1280.3,61.85,91875,0,0,0.0,0,F1,625,,,,,
2026-02-18,2026-02-18,FO,NSE,STO,105968,,DRREDDY,,2026-03-30,2026-03-30,1310.0,CE,DRREDDY26MAR1310CE,23.3,28.5,23.3,27.9,27.9,25.85,1280.3,25.6,3750,-625,6,5015250.0,5,F1,625,,,,,
2026-02-18,2026-02-18,FO,NSE,STO,93644,,DRREDDY,,2026-02-24,2026-02-24,1090.0,CE,DRREDDY26FEB1090CE,0.0,0.0,0.0,111.35,111.35,111.35,1280.3,191.3,1250,0,0,0.0,0,F1,625,,,,,
2026-02-18,2026-02-18,FO,NSE,STO,90681,,DRREDDY,,2026-02-24,2026-02-24,1040.0,CE,DRREDDY26FEB1040CE,0.0,0.0,0.0,209.7,209.7,209.7,1280.3,241.25,2500,0,0,0.0,0,F1,625,,,,,
2026-02-18,2026-02-18,FO,NSE,STO,94211,,DRREDDY,,2026-03-30,2026-03-30,1440.0,CE,DRREDDY26MAR1440CE,0.0,0.0,0.0,14.0,0.0,14.0,1280.3,2.05,0,0,0,0.0,0,F1,625,,,,,
2026-02-18,2026-02-18,FO,NSE,STO,105976,,DRREDDY,,2026-03-30,2026-03-30,1390.0,CE,DRREDDY26MAR1390CE,0.0,0.0,0.0,10.4,0.0,10.4,1280.3,6.2,0,0,0,0.0,0,F1,625,,,,,
2026-02-18,2026-02-18,FO,NSE,STO,94111,,DRREDDY,,2026-03-30,2026-03-30,1100.0,CE,DRREDDY26MAR1100CE,0.0,0.0,0.0,188.15,0.0,188.15,1280.3,187.2,0,0,0,0.0,0,F1,625,,,,,
2026-02-18,2026-02-18,FO,NSE,STO,94115,,DRREDDY,,2026-03-30,2026-03-30,1140.0,CE,DRREDDY26MAR1140CE,0.0,0.0,0.0,154.1,0.0,154.1,1280.3,148.4,0,0,0,0.0,0,F1,625,,,,,
2026-02-18,2026-02-18,FO,NSE,STO,94121,,DRREDDY,,2026-03-30,2026-03-30,1160.0,CE,DRREDDY26MAR1160CE,0.0,0.0,0.0,138.1,0.0,138.1,1280.3,129.6,0,0,0,0.0,0,F1,625,,,,,
2026-02-18,2026-02-18,FO,NSE,STO,106609,,DRREDDY,,2026-04-28,2026-04-28,1360.0,PE,DRREDDY26APR1360PE,0.0,0.0,0.0,124.65,0.0,124.65,1280.3,87.2,0,0,0,0.0,0,F1,625,,,,,
2026-02-18,2026-02-18,FO,NSE,STO,106454,,DRREDDY,,2026-04-28,2026-04-28,1180.0,PE,DRREDDY26APR1180PE,0.0,0.0,0.0,27.6,0.0,27.6,1280.3,8.9,0,0,0,0.0,0,F1,625,,,,,
2026-02-18,2026-02-18,FO,NSE,STO,94212,,DRREDDY,,2026-03-30,2026-03-30,1440.0,PE,DRREDDY26MAR1440PE,0.0,0.0,0.0,166.9,0.0,166.9,1280.3,153.1,0,0,0,0.0,0,F1,625,,,,,
2026-02-18,2026-02-18,FO,NSE,STO,94169,,DRREDDY,,2026-03-30,2026-03-30,1400.0,PE,DRREDDY26MAR1400PE,0.0,0.0,0.0,134.7,0.0,134.7,1280.3,116.3,0,0,0,0.0,0,F1,625,,,,,
2026-02-18,2026-02-18,FO,NSE,STO,105978,,DRREDDY,,2026-03-30,2026-03-30,1410.0,CE,DRREDDY26MAR1410CE,4.8,4.8,4.1,4.45,4.45,3.95,1280.3,4.45,3125,2500,10,8840312.5,7,F1,625,,,,,
2026-02-18,2026-02-18,FO,NSE,STO,94125,,DRREDDY,,2026-03-30,2026-03-30,1180.0,CE,DRREDDY26MAR1180CE,0.0,0.0,0.0,122.95,0.0,122.95,1280.3,111.45,0,0,0,0.0,0,F1,625,,,,,
2026-02-18,2026-02-18,FO,NSE,STO,90791,,DRREDDY,,2026-02-24,2026-02-24,1420.0,CE,DRREDDY26FEB1420CE,0.25,0.3,0.25,0.3,0.3,0.35,1280.3,0.05,35625,-1250,3,2663031.25,3,F1,625,,,,,
2026-02-18,2026-02-18,FO,NSE,STO,90785,,DRREDDY,,2026-02-24,2026-02-24,1380.0,CE,DRREDDY26FEB1380CE,0.35,0.35,0.3,0.3,0.3,0.4,1280.3,0.05,126875,-2500,5,4313468.75,3,F1,625,,,,,
2026-02-18,2026-02-18,FO,NSE,STO,93848,,DRREDDY,,2026-02-24,2026-02-24,1350.0,CE,DRREDDY26FEB1350CE,0.85,0.85,0.25,0.4,0.4,0.75,1280.3,0.4,125000,-3125,193,162903281.25,104,F1,625,,,,,
2026-02-18,2026-02-18,FO,NSE,STF,51873,,DRREDDY,,2026-03-30,2026-03-30,,,DRREDDY26MARFUT,1292.9,1298.0,1284.8,1288.7,1289.3,1291.9,1280.3,1288.7,1155625,407500,1077,868155250.0,928,F1,625,,,,,
2026-02-18,2026-02-18,FO,NSE,STO,90651,,DRREDDY,,2026-02-24,2026-02-24,980.0,CE,DRREDDY26FEB980CE,0.0,0.0,0.0,269.45,269.45,269.45,1280.3,301.2,1875,0,0,0.0,0,F1,625,,,,,
2026-02-18,2026-02-18,FO,NSE,STO,105964,,DRREDDY,,2026-03-30,2026-03-30,1270.0,CE,DRREDDY26MAR1270CE,50.0,50.0,45.0,45.0,45.0,46.2,1280.3,44.6,6875,-625,4,3291906.25,4,F1,625,,,,,
2026-02-18,2026-02-18,FO,NSE,STF,59309,,DRREDDY,,2026-02-24,2026-02-24,,,DRREDDY26FEBFUT,1287.6,1291.0,1277.4,1280.9,1282.0,1284.6,1280.3,1280.9,14728125,-612500,2762,2214568937.5,2128,F1,625,,,,,
2026-02-18,2026-02-18,FO,NSE,STO,105981,,DRREDDY,,2026-03-30,2026-03-30,1430.0,PE,DRREDDY26MAR1430PE,0.0,0.0,0.0,181.2,0.0,181.2,1280.3,143.7,0,0,0,0.0,0,F1,625,,,,,
2026-02-18,2026-02-18,FO,NSE,STO,105975,,DRREDDY,,2026-03-30,2026-03-30,1370.0,PE,DRREDDY26MAR1370PE,0.0,0.0,0.0,129.35,0.0,129.35,1280.3,90.65,0,0,0,0.0,0,F1,625,,,,,
2026-02-18,2026-02-18,FO,NSE,STO,93857,,DRREDDY,,2026-02-24,2026-02-24,1430.0,PE,DRREDDY26FEB1430PE,0.0,0.0,0.0,157.85,0.0,157.85,1280.3,148.4,0,0,0,0.0,0,F1,625,,,,,
2026-02-18,2026-02-18,FO,NSE,STO,93853,,DRREDDY,,2026-02-24,2026-02-24,1390.0,PE,DRREDDY26FEB1390PE,0.0,0.0,0.0,160.3,160.3,160.3,1280.3,108.45,1875,0,0,0.0,0,F1,625,,,,,
2026-02-18,2026-02-18,FO,NSE,STO,90703,,DRREDDY,,2026-02-24,2026-02-24,1140.0,PE,DRREDDY26FEB1140PE,0.0,0.0,0.0,0.55,0.55,0.55,1280.3,0.05,58750,0,0,0.0,0,F1,625,,,,,
2026-02-18,2026-02-18,FO,NSE,STO,106681,,DRREDDY,,2026-04-28,2026-04-28,1420.0,PE,DRREDDY26APR1420PE,0.0,0.0,0.0,172.3,0.0,172.3,1280.3,134.55,0,0,0,0.0,0,F1,625,,,,,
2026-02-18,2026-02-18,FO,NSE,STO,106676,,DRREDDY,,2026-04-28,2026-04-28,1380.0,PE,DRREDDY26APR1380PE,0.0,0.0,0.0,139.85,0.0,139.85,1280.3,102.05,0,0,0,0.0,0,F1,625,,,,,
2026-02-18,2026-02-18,FO,NSE,STO,106550,,DRREDDY,,2026-04-28,2026-04-28,1300.0,PE,DRREDDY26APR1300PE,0.0,0.0,0.0,83.6,0.0,83.6,1280.3,49.45,0,0,0,0.0,0,F1,625,,,,,
2026-02-18,2026-02-18,FO,NSE,STO,106402,,DRREDDY,,2026-04-28,2026-04-28,1120.0,PE,DRREDDY26APR1120PE,0.0,0.0,0.0,12.9,0.0,12.9,1280.3,2.55,0,0,0,0.0,0,F1,625,,,,,
2026-02-18,2026-02-18,FO,NSE,STO,106341,,DRREDDY,,2026-04-28,2026-04-28,1060.0,PE,DRREDDY26APR1060PE,0.0,0.0,0.0,5.05,0.0,5.05,1280.3,0.5,0,0,0,0.0,0,F1,625,,,,,
2026-02-18,2026-02-18,FO,NSE,STO,93645,,DRREDDY,,2026-02-24,2026-02-24,1090.0,PE,DRREDDY26FEB1090PE,0.0,0.0,0.0,1.95,0.0,1.95,1280.3,0.05,0,0,0,0.0,0,F1,625,,,,,
2026-02-18,2026-02-18,FO,NSE,STO,93643,,DRREDDY,,2026-02-24,2026-02-24,1070.0,PE,DRREDDY26FEB1070PE,0.0,0.0,0.0,1.2,0.0,1.2,1280.3,0.05,0,0,0,0.0,0,F1,625,,,,,
2026-02-18,2026-02-18,FO,NSE,STO,93641,,DRREDDY,,2026-02-24,2026-02-24,1050.0,PE,DRREDDY26FEB1050PE,3.05,3.1,0.1,0.15,0.15,0.4,1280.3,0.05,4375,-2500,27,17734718.75,20,F1,625,,,,,
2026-02-18,2026-02-18,FO,NSE,STO,106565,,DRREDDY,,2026-04-28,2026-04-28,1320.0,CE,DRREDDY26APR1320CE,0.0,0.0,0.0,36.4,0.0,36.4,1280.3,34.75,0,0,0,0.0,0,F1,625,,,,,
2026-02-18,2026-02-18,FO,NSE,STO,106401,,DRREDDY,,2026-04-28,2026-04-28,1120.0,CE,DRREDDY26APR1120CE,0.0,0.0,0.0,149.85,0.0,149.85,1280.3,174.4,0,0,0,0.0,0,F1,625,,,,,
2026-02-18,2026-02-18,FO,NSE,STO,105980,,DRREDDY,,2026-03-30,2026-03-30,1430.0,CE,DRREDDY26MAR1430CE,0.0,0.0,0.0,5.95,0.0,5.95,1280.3,2.6,0,0,0,0.0,0,F1,625,,,,,
2026-02-18,2026-02-18,FO,NSE,STO,105971,,DRREDDY,,2026-03-30,2026-03-30,1330.0,PE,DRREDDY26MAR1330PE,0.0,0.0,0.0,98.3,0.0,98.3,1280.3,60.35,0,0,0,0.0,0,F1,625,,,,,
2026-02-18,2026-02-18,FO,NSE,STO,94158,,DRREDDY,,2026-03-30,2026-03-30,1340.0,PE,DRREDDY26MAR1340PE,63.9,64.15,63.0,63.0,63.0,91.75,1280.3,67.45,1875,1875,3,2631906.25,3,F1,625,,,,,
2026-02-18,2026-02-18,FO,NSE,STO,105979,,DRREDDY,,2026-03-30,2026-03-30,1410.0,PE,DRREDDY26MAR1410PE,0.0,0.0,0.0,163.35,0.0,163.35,1280.3,125.3,0,0,0,0.0,0,F1,625,,,,,
2026-02-18,2026-02-18,FO,NSE,STO,106444,,DRREDDY,,2026-04-28,2026-04-28,1160.0,PE,DRREDDY26APR1160PE,0.0,0.0,0.0,21.85,0.0,21.85,1280.3,6.05,0,0,0,0.0,0,F1,625,,,,,
2026-02-18,2026-02-18,FO,NSE,STO,106464,,DRREDDY,,2026-04-28,2026-04-28,1200.0,PE,DRREDDY26APR1200PE,0.0,0.0,0.0,34.4,0.0,34.4,1280.3,12.65,0,0,0,0.0,0,F1,625,,,,,
2026-02-18,2026-02-18,FO,NSE,STO,106468,,DRREDDY,,2026-04-28,2026-04-28,1240.0,PE,DRREDDY26APR1240PE,0.0,0.0,0.0,51.0,0.0,51.0,1280.3,23.5,0,0,0,0.0,0,F1,625,,,,,
2026-02-18,2026-02-18,FO,NSE,STO,106570,,DRREDDY,,2026-04-28,2026-04-28,1340.0,PE,DRREDDY26APR1340PE,0.0,0.0,0.0,110.1,0.0,110.1,1280.3,73.4,0,0,0,0.0,0,F1,625,,,,,
2026-02-18,2026-02-18,FO,NSE,STO,90782,,DRREDDY,,2026-02-24,2026-02-24,1340.0,PE,DRREDDY26FEB1340PE,58.9,58.9,55.0,55.0,55.0,165.7,1280.3,59.15,1875,0,2,1746187.5,2,F1,625,,,,,
2026-02-18,2026-02-18,FO,NSE,STO,90702,,DRREDDY,,2026-02-24,2026-02-24,1140.0,CE,DRREDDY26FEB1140CE,0.0,0.0,0.0,72.25,72.25,72.25,1280.3,141.35,625,0,0,0.0,0,F1,625,,,,,
2026-02-18,2026-02-18,FO,NSE,STO,90709,,DRREDDY,,2026-02-24,2026-02-24,1200.0,CE,DRREDDY26FEB1200CE,84.0,85.0,80.55,82.0,82.0,85.6,1280.3,82.0,107500,-3750,9,7214687.5,9,F1,625,,,,,
2026-02-18,2026-02-18,FO,NSE,STO,93666,,DRREDDY,,2026-02-24,2026-02-24,1270.0,CE,DRREDDY26FEB1270CE,21.6,25.05,15.0,15.9,15.25,21.3,1280.3,15.9,692500,-26875,325,261828781.25,310,F1,625,,,,,
2026-02-18,2026-02-18,FO,NSE,STO,90779,,DRREDDY,,2026-02-24,2026-02-24,1320.0,CE,DRREDDY26FEB1320CE,2.65,3.15,1.1,1.2,1.1,2.55,1280.3,1.2,296875,-43750,458,378418062.5,347,F1,625,,,,,
2026-02-18,2026-02-18,FO,NSE,STO,90795,,DRREDDY,,2026-02-24,2026-02-24,1440.0,CE,DRREDDY26FEB1440CE,0.0,0.0,0.0,0.3,0.3,0.3,1280.3,0.05,17500,0,0,0.0,0,F1,625,,,,,
2026-02-18,2026-02-18,FO,NSE,STO,90802,,DRREDDY,,2026-02-24,2026-02-24,1480.0,CE,DRREDDY26FEB1480CE,0.0,0.0,0.0,0.25,0.25,0.25,1280.3,0.05,13125,0,0,0.0,0,F1,625,,,,,
2026-02-18,2026-02-18,FO,NSE,STO,105936,,DRREDDY,,2026-03-30,2026-03-30,1190.0,CE,DRREDDY26MAR1190CE,0.0,0.0,0.0,85.95,0.0,85.95,1280.3,102.7,0,0,0,0.0,0,F1,625,,,,,
2026-02-18,2026-02-18,FO,NSE,STO,94133,,DRREDDY,,2026-03-30,2026-03-30,1260.0,CE,DRREDDY26MAR1260CE,60.0,60.0,50.5,50.5,50.5,48.1,1280.3,50.45,10000,1250,7,5751406.25,6,F1,625,,,,,
2026-02-18,2026-02-18,FO,NSE,STO,106085,,DRREDDY,,2026-04-28,2026-04-28,1000.0,CE,DRREDDY26APR1000CE,0.0,0.0,0.0,256.7,0.0,256.7,1280.3,290.7,0,0,0,0.0,0,F1,625,,,,,
2026-02-18,2026-02-18,FO,NSE,STO,106342,,DRREDDY,,2026-04-28,2026-04-28,1080.0,CE,DRREDDY26APR1080CE,0.0,0.0,0.0,183.4,0.0,183.4,1280.3,212.35,0,0,0,0.0,0,F1,625,,,,,
2026-02-18,2026-02-18,FO,NSE,STO,106422,,DRREDDY,,2026-04-28,2026-04-28,1140.0,CE,DRREDDY26APR1140CE,0.0,0.0,0.0,134.2,0.0,134.2,1280.3,156.1,0,0,0,0.0,0,F1,625,,,,,
2026-02-18,2026-02-18,FO,NSE,STO,106453,,DRREDDY,,2026-04-28,2026-04-28,1180.0,CE,DRREDDY26APR1180CE,0.0,0.0,0.0,105.5,0.0,105.5,1280.3,121.4,0,0,0,0.0,0,F1,625,,,,,
2026-02-18,2026-02-18,FO,NSE,STO,106543,,DRREDDY,,2026-04-28,2026-04-28,1260.0,CE,DRREDDY26APR1260CE,0.0,0.0,0.0,59.95,0.0,59.95,1280.3,64.15,0,0,0,0.0,0,F1,625,,,,,
2026-02-18,2026-02-18,FO,NSE,STO,106569,,DRREDDY,,2026-04-28,2026-04-28,1340.0,CE,DRREDDY26APR1340CE,0.0,0.0,0.0,30.4,0.0,30.4,1280.3,27.55,0,0,0,0.0,0,F1,625,,,,,
2026-02-18,2026-02-18,FO,NSE,STO,90652,,DRREDDY,,2026-02-24,2026-02-24,980.0,PE,DRREDDY26FEB980PE,0.0,0.0,0.0,0.25,0.25,0.25,1280.3,0.05,11250,0,0,0.0,0,F1,625,,,,,
2026-02-18,2026-02-18,FO,NSE,STO,90684,,DRREDDY,,2026-02-24,2026-02-24,1060.0,PE,DRREDDY26FEB1060PE,2.0,2.0,0.2,0.2,0.2,0.3,1280.3,0.05,6250,5000,11,7290218.75,9,F1,625,,,,,
2026-02-18,2026-02-18,FO,NSE,STO,90710,,DRREDDY,,2026-02-24,2026-02-24,1200.0,PE,DRREDDY26FEB1200PE,1.1,1.1,0.65,0.7,0.65,1.1,1280.3,0.7,337500,-18750,154,115580406.25,90,F1,625,,,,,
2026-02-18,2026-02-18,FO,NSE,STO,93667,,DRREDDY,,2026-02-24,2026-02-24,1270.0,PE,DRREDDY26FEB1270PE,7.05,8.0,5.0,5.85,6.0,7.15,1280.3,5.85,343125,13750,571,455490781.25,515,F1,625,,,,,
2026-02-18,2026-02-18,FO,NSE,STO,90778,,DRREDDY,,2026-02-24,2026-02-24,1300.0,PE,DRREDDY26FEB1300PE,22.0,26.25,17.65,23.3,23.0,22.2,1280.3,23.3,108750,26250,581,480640062.5,546,F1,625,,,,,
2026-02-18,2026-02-18,FO,NSE,STO,90790,,DRREDDY,,2026-02-24,2026-02-24,1400.0,PE,DRREDDY26FEB1400PE,0.0,0.0,0.0,170.0,170.0,170.0,1280.3,118.45,5625,0,0,0.0,0,F1,625,,,,,
2026-02-18,2026-02-18,FO,NSE,STO,93855,,DRREDDY,,2026-02-24,2026-02-24,1410.0,PE,DRREDDY26FEB1410PE,0.0,0.0,0.0,140.35,0.0,140.35,1280.3,128.45,0,0,0,0.0,0,F1,625,,,,,
2026-02-18,2026-02-18,FO,NSE,STO,94001,,DRREDDY,,2026-03-30,2026-03-30,980.0,PE,DRREDDY26MAR980PE,0.0,0.0,0.0,0.5,0.0,0.5,1280.3,0.05,0,0,0,0.0,0,F1,625,,,,,
2026-02-18,2026-02-18,FO,NSE,STO,94124,,DRREDDY,,2026-03-30,2026-03-30,1160.0,PE,DRREDDY26MAR1160PE,0.0,0.0,0.0,4.6,4.6,4.6,1280.3,2.35,1250,0,0,0.0,0,F1,625,,,,,
2026-02-18,2026-02-18,FO,NSE,STO,105933,,DRREDDY,,2026-03-30,2026-03-30,1170.0,PE,DRREDDY26MAR1170PE,0.0,0.0,0.0,21.75,21.75,21.75,1280.3,3.1,625,0,0,0.0,0,F1,625,,,,,
2026-02-18,2026-02-18,FO,NSE,STO,94132,,DRREDDY,,2026-03-30,2026-03-30,1240.0,PE,DRREDDY26MAR1240PE,0.0,0.0,0.0,45.7,45.7,45.7,1280.3,15.75,625,0,0,0.0,0,F1,625,,,,,
2026-02-18,2026-02-18,FO,NSE,STO,93668,,DRREDDY,,2026-02-24,2026-02-24,1290.0,CE,DRREDDY26FEB1290CE,11.15,13.75,5.3,6.15,6.25,10.1,1280.3,6.15,513750,271875,4373,3550009187.5,3444,F1,625,,,,,
2026-02-18,2026-02-18,FO,NSE,STO,93658,,DRREDDY,,2026-02-24,2026-02-24,1230.0,CE,DRREDDY26FEB1230CE,59.0,60.55,50.0,50.0,50.0,46.05,1280.3,52.3,93125,-625,10,8039031.25,10,F1,625,,,,,
2026-02-18,2026-02-18,FO,NSE,STO,93652,,DRREDDY,,2026-02-24,2026-02-24,1170.0,CE,DRREDDY26FEB1170CE,0.0,0.0,0.0,100.3,100.3,100.3,1280.3,111.35,24375,0,0,0.0,0,F1,625,,,,,
2026-02-18,2026-02-18,FO,NSE,STO,93650,,DRREDDY,,2026-02-24,2026-02-24,1150.0,CE,DRREDDY26FEB1150CE,0.0,0.0,0.0,107.9,107.9,107.9,1280.3,131.35,10000,0,0,0.0,0,F1,625,,,,,
2026-02-18,2026-02-18,FO,NSE,STO,90679,,DRREDDY,,2026-02-24,2026-02-24,1020.0,CE,DRREDDY26FEB1020CE,0.0,0.0,0.0,175.8,175.8,175.8,1280.3,261.2,625,0,0,0.0,0,F1,625,,,,,
2026-02-18,2026-02-18,FO,NSE,STO,106466,,DRREDDY,,2026-04-28,2026-04-28,1220.0,PE,DRREDDY26APR1220PE,0.0,0.0,0.0,42.2,0.0,42.2,1280.3,17.5,0,0,0,0.0,0,F1,625,,,,,
2026-02-18,2026-02-18,FO,NSE,STO,105930,,DRREDDY,,2026-03-30,2026-03-30,1150.0,PE,DRREDDY26MAR1150PE,0.0,0.0,0.0,13.2,0.0,13.2,1280.3,1.75,0,0,0,0.0,0,F1,625,,,,,
2026-02-18,2026-02-18,FO,NSE,STO,106397,,DRREDDY,,2026-04-28,2026-04-28,1100.0,CE,DRREDDY26APR1100CE,0.0,0.0,0.0,166.3,0.0,166.3,1280.3,193.2,0,0,0,0.0,0,F1,625,,,,,
2026-02-18,2026-02-18,FO,NSE,STO,105966,,DRREDDY,,2026-03-30,2026-03-30,1290.0,CE,DRREDDY26MAR1290CE,37.1,38.5,33.65,33.65,33.65,19.3,1280.3,34.2,7500,6250,18,14925968.75,13,F1,625,,,,,
2026-02-18,2026-02-18,FO,NSE,STO,94135,,DRREDDY,,2026-03-30,2026-03-30,1280.0,CE,DRREDDY26MAR1280CE,43.0,45.0,37.0,38.8,38.6,40.6,1280.3,38.8,27500,14375,54,44549500.0,53,F1,625,,,,,
2026-02-18,2026-02-18,FO,NSE,STO,93854,,DRREDDY,,2026-02-24,2026-02-24,1410.0,CE,DRREDDY26FEB1410CE,0.0,0.0,0.0,9.2,0.0,9.2,1280.3,0.05,0,0,0,0.0,0,F1,625,,,,,
2026-02-18,2026-02-18,FO,NSE,STO,90746,,DRREDDY,,2026-02-24,2026-02-24,1300.0,CE,DRREDDY26FEB1300CE,7.1,8.25,3.1,3.5,3.6,6.5,1280.3,3.5,877500,11250,2987,2436514718.75,2183,F1,625,,,,,
2026-02-18,2026-02-18,FO,NSE,STO,90784,,DRREDDY,,2026-02-24,2026-02-24,1360.0,PE,DRREDDY26FEB1360PE,0.0,0.0,0.0,109.85,109.85,109.85,1280.3,78.65,4375,0,0,0.0,0,F1,625,,,,,
2026-02-18,2026-02-18,FO,NSE,STO,105974,,DRREDDY,,2026-03-30,2026-03-30,1370.0,CE,DRREDDY26MAR1370CE,0.0,0.0,0.0,13.5,0.0,13.5,1280.3,9.2,0,0,0,0.0,0,F1,625,,,,,
2026-02-18,2026-02-18,FO,NSE,STO,94207,,DRREDDY,,2026-03-30,2026-03-30,1420.0,CE,DRREDDY26MAR1420CE,0.0,0.0,0.0,17.3,0.0,17.3,1280.3,3.25,0,0,0,0.0,0,F1,625,,,,,
2026-02-18,2026-02-18,FO,NSE,STO,106467,,DRREDDY,,2026-04-28,2026-04-28,1240.0,CE,DRREDDY26APR1240CE,0.0,0.0,0.0,69.8,0.0,69.8,1280.3,76.65,0,0,0,0.0,0,F1,625,,,,,
2026-02-18,2026-02-18,FO,NSE,STO,105895,,DRREDDY,,2026-03-30,2026-03-30,1130.0,CE,DRREDDY26MAR1130CE,0.0,0.0,0.0,131.1,0.0,131.1,1280.3,158.0,0,0,0,0.0,0,F1,625,,,,,
2026-02-18,2026-02-18,FO,NSE,STO,94068,,DRREDDY,,2026-03-30,2026-03-30,1060.0,CE,DRREDDY26MAR1060CE,0.0,0.0,0.0,224.45,0.0,224.45,1280.3,226.7,0,0,0,0.0,0,F1,625,,,,,
2026-02-18,2026-02-18,FO,NSE,STO,90798,,DRREDDY,,2026-02-24,2026-02-24,1460.0,CE,DRREDDY26FEB1460CE,0.0,0.0,0.0,0.85,0.85,0.85,1280.3,0.05,5625,0,0,0.0,0,F1,625,,,,,
2026-02-18,2026-02-18,FO,NSE,STF,66822,,DRREDDY,,2026-04-28,2026-04-28,,,DRREDDY26APRFUT,1300.1,1304.0,1293.0,1296.0,1296.0,1297.4,1280.3,1293.7,36875,1875,8,6483687.5,8,F1,625,,,,,
2026-02-18,2026-02-18,FO,NSE,STO,90796,,DRREDDY,,2026-02-24,2026-02-24,1440.0,PE,DRREDDY26FEB1440PE,0.0,0.0,0.0,193.15,0.0,193.15,1280.3,158.4,0,0,0,0.0,0,F1,625,,,,,
2026-02-18,2026-02-18,FO,NSE,STO,94108,,DRREDDY,,2026-03-30,2026-03-30,1080.0,PE,DRREDDY26MAR1080PE,0.0,0.0,0.0,4.3,0.0,4.3,1280.3,0.15,0,0,0,0.0,0,F1,625,,,,,
2026-02-18,2026-02-18,FO,NSE,STO,105963,,DRREDDY,,2026-03-30,2026-03-30,1250.0,PE,DRREDDY26MAR1250PE,16.9,19.35,16.9,18.4,18.5,17.55,1280.3,18.4,33750,18125,46,36461187.5,33,F1,625,,,,,
2026-02-18,2026-02-18,FO,NSE,STO,105967,,DRREDDY,,2026-03-30,2026-03-30,1290.0,PE,DRREDDY26MAR1290PE,0.0,0.0,0.0,71.05,0.0,71.05,1280.3,36.15,0,0,0,0.0,0,F1,625,,,,,
2026-02-18,2026-02-18,FO,NSE,STO,106076,,DRREDDY,,2026-04-28,2026-04-28,960.0,PE,DRREDDY26APR960PE,0.0,0.0,0.0,0.65,0.0,0.65,1280.3,0.05,0,0,0,0.0,0,F1,625,,,,,
2026-02-18,2026-02-18,FO,NSE,STO,106546,,DRREDDY,,2026-04-28,2026-04-28,1280.0,PE,DRREDDY26APR1280PE,0.0,0.0,0.0,71.75,0.0,71.75,1280.3,39.45,0,0,0,0.0,0,F1,625,,,,,
2026-02-18,2026-02-18,FO,NSE,STO,105957,,DRREDDY,,2026-03-30,2026-03-30,1230.0,CE,DRREDDY26MAR1230CE,0.0,0.0,0.0,24.0,24.0,24.0,1280.3,70.6,1875,0,0,0.0,0,F1,625,,,,,
2026-02-18,2026-02-18,FO,NSE,STO,94157,,DRREDDY,,2026-03-30,2026-03-30,1340.0,CE,DRREDDY26MAR1340CE,16.5,17.75,14.75,15.3,15.2,15.4,1280.3,15.3,26250,12500,37,31357656.25,23,F1,625,,,,,
2026-02-18,2026-02-18,FO,NSE,STO,94159,,DRREDDY,,2026-03-30,2026-03-30,1360.0,CE,DRREDDY26MAR1360CE,12.5,12.5,11.15,11.35,11.35,31.2,1280.3,11.05,2500,2500,4,3429406.25,4,F1,625,,,,,
2026-02-18,2026-02-18,FO,NSE,STO,94215,,DRREDDY,,2026-03-30,2026-03-30,1460.0,CE,DRREDDY26MAR1460CE,0.0,0.0,0.0,11.3,0.0,11.3,1280.3,1.25,0,0,0,0.0,0,F1,625,,,,,
2026-02-18,2026-02-18,FO,NSE,STO,94219,,DRREDDY,,2026-03-30,2026-03-30,1480.0,CE,DRREDDY26MAR1480CE,0.0,0.0,0.0,9.0,0.0,9.0,1280.3,0.75,0,0,0,0.0,0,F1,625,,,,,
2026-02-18,2026-02-18,FO,NSE,STO,106443,,DRREDDY,,2026-04-28,2026-04-28,1160.0,CE,DRREDDY26APR1160CE,0.0,0.0,0.0,119.45,0.0,119.45,1280.3,138.35,0,0,0,0.0,0,F1,625,,,,,
2026-02-18,2026-02-18,FO,NSE,STO,93653,,DRREDDY,,2026-02-24,2026-02-24,1170.0,PE,DRREDDY26FEB1170PE,0.0,0.0,0.0,0.8,0.85,0.8,1280.3,0.05,43750,0,0,0.0,0,F1,625,,,,,
2026-02-18,2026-02-18,FO,NSE,STO,93659,,DRREDDY,,2026-02-24,2026-02-24,1230.0,PE,DRREDDY26FEB1230PE,1.9,1.9,1.05,1.1,1.1,1.8,1280.3,1.1,149375,-5000,192,147763343.75,157,F1,625,,,,,
2026-02-18,2026-02-18,FO,NSE,STO,90794,,DRREDDY,,2026-02-24,2026-02-24,1420.0,PE,DRREDDY26FEB1420PE,0.0,0.0,0.0,176.05,0.0,176.05,1280.3,138.4,0,0,0,0.0,0,F1,625,,,,,
2026-02-18,2026-02-18,FO,NSE,STO,105890,,DRREDDY,,2026-03-30,2026-03-30,1070.0,PE,DRREDDY26MAR1070PE,0.0,0.0,0.0,2.95,0.0,2.95,1280.3,0.1,0,0,0,0.0,0,F1,625,,,,,
2026-02-18,2026-02-18,FO,NSE,STO,94126,,DRREDDY,,2026-03-30,2026-03-30,1180.0,PE,DRREDDY26MAR1180PE,5.05,5.7,4.65,5.7,5.7,5.15,1280.3,4.05,6875,2500,9,6667812.5,8,F1,625,,,,,
2026-02-18,2026-02-18,FO,NSE,STO,90696,,DRREDDY,,2026-02-24,2026-02-24,1100.0,CE,DRREDDY26FEB1100CE,0.0,0.0,0.0,145.0,145.0,145.0,1280.3,181.3,1250,0,0,0.0,0,F1,625,,,,,
2026-02-18,2026-02-18,FO,NSE,STO,93656,,DRREDDY,,2026-02-24,2026-02-24,1210.0,CE,DRREDDY26FEB1210CE,77.55,81.05,69.0,70.55,70.55,67.95,1280.3,71.6,46875,2500,46,36958750.0,45,F1,625,,,,,
2026-02-18,2026-02-18,FO,NSE,STO,93844,,DRREDDY,,2026-02-24,2026-02-24,1310.0,CE,DRREDDY26FEB1310CE,4.15,5.2,1.9,2.05,1.95,4.1,1280.3,2.05,110000,-14375,463,380045406.25,413,F1,625,,,,,
2026-02-18,2026-02-18,FO,NSE,STO,93856,,DRREDDY,,2026-02-24,2026-02-24,1430.0,CE,DRREDDY26FEB1430CE,0.0,0.0,0.0,6.85,0.0,6.85,1280.3,0.05,0,0,0,0.0,0,F1,625,,,,,
2026-02-18,2026-02-18,FO,NSE,STO,94113,,DRREDDY,,2026-03-30,2026-03-30,1120.0,CE,DRREDDY26MAR1120CE,0.0,0.0,0.0,170.8,0.0,170.8,1280.3,167.65,0,0,0,0.0,0,F1,625,,,,,
2026-02-18,2026-02-18,FO,NSE,STO,105919,,DRREDDY,,2026-03-30,2026-03-30,1150.0,CE,DRREDDY26MAR1150CE,0.0,0.0,0.0,115.05,0.0,115.05,1280.3,138.95,0,0,0,0.0,0,F1,625,,,,,
2026-02-18,2026-02-18,FO,NSE,STO,105892,,DRREDDY,,2026-03-30,2026-03-30,1090.0,PE,DRREDDY26MAR1090PE,0.0,0.0,0.0,4.5,0.0,4.5,1280.3,0.2,0,0,0,0.0,0,F1,625,,,,,
2026-02-18,2026-02-18,FO,NSE,STO,105896,,DRREDDY,,2026-03-30,2026-03-30,1130.0,PE,DRREDDY26MAR1130PE,0.0,0.0,0.0,4.75,4.75,4.75,1280.3,0.9,3125,0,0,0.0,0,F1,625,,,,,
2026-02-18,2026-02-18,FO,NSE,STO,105937,,DRREDDY,,2026-03-30,2026-03-30,1190.0,PE,DRREDDY26MAR1190PE,8.0,8.0,8.0,8.0,8.0,24.85,1280.3,5.25,1250,625,1,748750.0,1,F1,625,,,,,
2026-02-18,2026-02-18,FO,NSE,STO,105973,,DRREDDY,,2026-03-30,2026-03-30,1350.0,PE,DRREDDY26MAR1350PE,0.0,0.0,0.0,113.4,0.0,113.4,1280.3,74.85,0,0,0,0.0,0,F1,625,,,,,
2026-02-18,2026-02-18,FO,NSE,STO,106088,,DRREDDY,,2026-04-28,2026-04-28,1000.0,PE,DRREDDY26APR1000PE,0.0,0.0,0.0,1.55,0.0,1.55,1280.3,0.05,0,0,0,0.0,0,F1,625,,,,,
2026-02-18,2026-02-18,FO,NSE,STO,94208,,DRREDDY,,2026-03-30,2026-03-30,1420.0,PE,DRREDDY26MAR1420PE,0.0,0.0,0.0,150.5,0.0,150.5,1280.3,134.45,0,0,0,0.0,0,F1,625,,,,,
2026-02-18,2026-02-18,FO,NSE,STO,106153,,DRREDDY,,2026-04-28,2026-04-28,1040.0,PE,DRREDDY26APR1040PE,0.0,0.0,0.0,3.5,0.0,3.5,1280.3,0.25,0,0,0,0.0,0,F1,625,,,,,
2026-02-18,2026-02-18,FO,NSE,STO,106544,,DRREDDY,,2026-04-28,2026-04-28,1260.0,PE,DRREDDY26APR1260PE,0.0,0.0,0.0,60.85,0.0,60.85,1280.3,30.8,0,0,0,0.0,0,F1,625,,,,,
2026-02-18,2026-02-18,FO,NSE,STO,106687,,DRREDDY,,2026-04-28,2026-04-28,1480.0,PE,DRREDDY26APR1480PE,0.0,0.0,0.0,224.7,0.0,224.7,1280.3,188.1,0,0,0,0.0,0,F1,625,,,,,
2026-02-18,2026-02-18,FO,NSE,STO,106682,,DRREDDY,,2026-04-28,2026-04-28,1440.0,CE,DRREDDY26APR1440CE,0.0,0.0,0.0,11.15,0.0,11.15,1280.3,7.05,0,0,0,0.0,0,F1,625,,,,,
2026-02-18,2026-02-18,FO,NSE,STO,106463,,DRREDDY,,2026-04-28,2026-04-28,1200.0,CE,DRREDDY26APR1200CE,0.0,0.0,0.0,92.55,0.0,92.55,1280.3,105.35,0,0,0,0.0,0,F1,625,,,,,
2026-02-18,2026-02-18,FO,NSE,STO,105972,,DRREDDY,,2026-03-30,2026-03-30,1350.0,CE,DRREDDY26MAR1350CE,14.2,15.0,12.05,12.5,12.4,13.1,1280.3,12.5,149375,74375,194,165309312.5,134,F1,625,,,,,
2026-02-18,2026-02-18,FO,NSE,STO,94131,,DRREDDY,,2026-03-30,2026-03-30,1240.0,CE,DRREDDY26MAR1240CE,67.9,67.9,67.65,67.65,67.65,67.8,1280.3,63.5,3750,625,3,2452156.25,3,F1,625,,,,,
2026-02-18,2026-02-18,FO,NSE,STO,94021,,DRREDDY,,2026-03-30,2026-03-30,1040.0,CE,DRREDDY26MAR1040CE,0.0,0.0,0.0,243.15,0.0,243.15,1280.3,246.55,0,0,0,0.0,0,F1,625,,,,,
2026-02-18,2026-02-18,FO,NSE,STO,93648,,DRREDDY,,2026-02-24,2026-02-24,1130.0,CE,DRREDDY26FEB1130CE,0.0,0.0,0.0,58.75,58.75,58.75,1280.3,151.3,1875,0,0,0.0,0,F1,625,,,,,
2026-02-18,2026-02-18,FO,NSE,STO,93646,,DRREDDY,,2026-02-24,2026-02-24,1110.0,CE,DRREDDY26FEB1110CE,0.0,0.0,0.0,169.2,0.0,169.2,1280.3,171.3,0,0,0,0.0,0,F1,625,,,,,
2026-02-18,2026-02-18,FO,NSE,STO,93642,,DRREDDY,,2026-02-24,2026-02-24,1070.0,CE,DRREDDY26FEB1070CE,0.0,0.0,0.0,206.9,0.0,206.9,1280.3,211.25,0,0,0,0.0,0,F1,625,,,,,
2026-02-18,2026-02-18,FO,NSE,STO,105894,,DRREDDY,,2026-03-30,2026-03-30,1110.0,PE,DRREDDY26MAR1110PE,0.0,0.0,0.0,6.6,0.0,6.6,1280.3,0.45,0,0,0,0.0,0,F1,625,,,,,
2026-02-18,2026-02-18,FO,NSE,STO,90682,,DRREDDY,,2026-02-24,2026-02-24,1040.0,PE,DRREDDY26FEB1040PE,0.1,0.1,0.1,0.1,0.1,0.1,1280.3,0.05,106875,0,4,2600250.0,4,F1,625,,,,,
2026-02-18,2026-02-18,FO,NSE,STO,90705,,DRREDDY,,2026-02-24,2026-02-24,1160.0,PE,DRREDDY26FEB1160PE,0.6,0.6,0.4,0.55,0.55,0.75,1280.3,0.55,56250,-6875,46,33365281.25,45,F1,625,,,,,
2026-02-18,2026-02-18,FO,NSE,STO,90707,,DRREDDY,,2026-02-24,2026-02-24,1180.0,PE,DRREDDY26FEB1180PE,0.8,0.8,0.45,0.5,0.5,0.8,1280.3,0.5,71875,-6875,55,40582250.0,52,F1,625,,,,,
2026-02-18,2026-02-18,FO,NSE,STO,93655,,DRREDDY,,2026-02-24,2026-02-24,1190.0,PE,DRREDDY26FEB1190PE,0.8,0.8,0.75,0.75,0.75,1.0,1280.3,0.75,75000,-2500,10,7442375.0,10,F1,625,,,,,
2026-02-18,2026-02-18,FO,NSE,STO,90716,,DRREDDY,,2026-02-24,2026-02-24,1260.0,PE,DRREDDY26FEB1260PE,2.0,5.0,2.0,3.55,3.5,4.8,1280.3,3.55,278750,5625,437,345239437.5,389,F1,625,,,,,
2026-02-18,2026-02-18,FO,NSE,STO,90745,,DRREDDY,,2026-02-24,2026-02-24,1280.0,PE,DRREDDY26FEB1280PE,11.35,12.05,7.6,9.65,9.45,10.95,1280.3,9.65,485625,57500,1036,835197062.5,787,F1,625,,,,,
2026-02-18,2026-02-18,FO,NSE,STO,94022,,DRREDDY,,2026-03-30,2026-03-30,1040.0,PE,DRREDDY26MAR1040PE,0.0,0.0,0.0,1.95,0.0,1.95,1280.3,0.05,0,0,0,0.0,0,F1,625,,,,,
2026-02-18,2026-02-18,FO,NSE,STO,94020,,DRREDDY,,2026-03-30,2026-03-30,1020.0,PE,DRREDDY26MAR1020PE,0.0,0.0,0.0,1.3,0.0,1.3,1280.3,0.05,0,0,0,0.0,0,F1,625,,,,,
2026-02-18,2026-02-18,FO,NSE,STO,90799,,DRREDDY,,2026-02-24,2026-02-24,1460.0,PE,DRREDDY26FEB1460PE,0.0,0.0,0.0,210.7,0.0,210.7,1280.3,178.4,0,0,0,0.0,0,F1,625,,,,,
2026-02-18,2026-02-18,FO,NSE,STO,90786,,DRREDDY,,2026-02-24,2026-02-24,1380.0,PE,DRREDDY26FEB1380PE,0.0,0.0,0.0,140.0,140.0,140.0,1280.3,98.5,4375,0,0,0.0,0,F1,625,,,,,
2026-02-18,2026-02-18,FO,NSE,STO,93847,,DRREDDY,,2026-02-24,2026-02-24,1330.0,PE,DRREDDY26FEB1330PE,0.0,0.0,0.0,138.95,138.95,138.95,1280.3,49.8,1250,0,0,0.0,0,F1,625,,,,,
2026-02-18,2026-02-18,FO,NSE,STO,93657,,DRREDDY,,2026-02-24,2026-02-24,1210.0,PE,DRREDDY26FEB1210PE,1.25,1.25,0.75,0.8,0.75,1.25,1280.3,0.8,181875,-20000,149,112770250.0,114,F1,625,,,,,
2026-02-18,2026-02-18,FO,NSE,STO,94161,,DRREDDY,,2026-03-30,2026-03-30,1380.0,CE,DRREDDY26MAR1380CE,8.75,8.85,7.25,7.45,7.45,9.15,1280.3,7.55,5000,4375,12,10410812.5,12,F1,625,,,,,
2026-02-18,2026-02-18,FO,NSE,STO,94137,,DRREDDY,,2026-03-30,2026-03-30,1300.0,CE,DRREDDY26MAR1300CE,31.2,34.2,27.75,28.55,28.6,30.75,1280.3,28.55,276875,44375,370,307616375.0,294,F1,625,,,,,
2026-02-18,2026-02-18,FO,NSE,STO,105961,,DRREDDY,,2026-03-30,2026-03-30,1250.0,CE,DRREDDY26MAR1250CE,57.7,60.8,57.7,59.7,59.7,60.7,1280.3,56.75,24375,2500,8,6548187.5,8,F1,625,,,,,
2026-02-18,2026-02-18,FO,NSE,STO,105940,,DRREDDY,,2026-03-30,2026-03-30,1210.0,CE,DRREDDY26MAR1210CE,0.0,0.0,0.0,49.45,49.45,49.45,1280.3,86.0,625,0,0,0.0,0,F1,625,,,,,
2026-02-18,2026-02-18,FO,NSE,STO,93852,,DRREDDY,,2026-02-24,2026-02-24,1390.0,CE,DRREDDY26FEB1390CE,0.0,0.0,0.0,0.55,0.55,0.55,1280.3,0.05,42500,0,0,0.0,0,F1,625,,,,,
2026-02-18,2026-02-18,FO,NSE,STO,93654,,DRREDDY,,2026-02-24,2026-02-24,1190.0,CE,DRREDDY26FEB1190CE,0.0,0.0,0.0,90.7,90.7,90.7,1280.3,91.4,66875,0,0,0.0,0,F1,625,,,,,
2026-02-18,2026-02-18,FO,NSE,STO,90699,,DRREDDY,,2026-02-24,2026-02-24,1120.0,CE,DRREDDY26FEB1120CE,0.0,0.0,0.0,115.45,115.45,115.45,1280.3,161.3,625,0,0,0.0,0,F1,625,,,,,
2026-02-18,2026-02-18,FO,NSE,STO,90683,,DRREDDY,,2026-02-24,2026-02-24,1060.0,CE,DRREDDY26FEB1060CE,0.0,0.0,0.0,135.65,135.65,135.65,1280.3,221.25,2500,0,0,0.0,0,F1,625,,,,,
2026-02-18,2026-02-18,FO,NSE,STO,106683,,DRREDDY,,2026-04-28,2026-04-28,1440.0,PE,DRREDDY26APR1440PE,0.0,0.0,0.0,189.3,0.0,189.3,1280.3,151.85,0,0,0,0.0,0,F1,625,,,,,
2026-02-18,2026-02-18,FO,NSE,STO,106349,,DRREDDY,,2026-04-28,2026-04-28,1080.0,PE,DRREDDY26APR1080PE,0.0,0.0,0.0,7.05,0.0,7.05,1280.3,0.9,0,0,0,0.0,0,F1,625,,,,,
2026-02-18,2026-02-18,FO,NSE,STO,105960,,DRREDDY,,2026-03-30,2026-03-30,1230.0,PE,DRREDDY26MAR1230PE,12.4,12.4,12.4,12.4,12.4,41.0,1280.3,12.95,1250,625,1,776500.0,1,F1,625,,,,,
2026-02-18,2026-02-18,FO,NSE,STO,94130,,DRREDDY,,2026-03-30,2026-03-30,1220.0,PE,DRREDDY26MAR1220PE,0.0,0.0,0.0,36.1,36.1,36.1,1280.3,10.5,625,0,0,0.0,0,F1,625,,,,,
2026-02-18,2026-02-18,FO,NSE,STO,90715,,DRREDDY,,2026-02-24,2026-02-24,1260.0,CE,DRREDDY26FEB1260CE,30.0,33.8,21.8,23.5,23.25,29.0,1280.3,23.5,307500,-88750,755,607279437.5,639,F1,625,,,,,
2026-02-18,2026-02-18,FO,NSE,STO,90704,,DRREDDY,,2026-02-24,2026-02-24,1160.0,CE,DRREDDY26FEB1160CE,129.2,129.2,118.6,118.6,118.6,81.95,1280.3,121.35,24375,-1250,7,5633375.0,4,F1,625,,,,,
2026-02-18,2026-02-18,FO,NSE,STO,90706,,DRREDDY,,2026-02-24,2026-02-24,1180.0,CE,DRREDDY26FEB1180CE,0.0,0.0,0.0,94.35,94.35,94.35,1280.3,101.4,63750,0,0,0.0,0,F1,625,,,,,
2026-02-18,2026-02-18,FO,NSE,STO,106678,,DRREDDY,,2026-04-28,2026-04-28,1400.0,PE,DRREDDY26APR1400PE,0.0,0.0,0.0,155.75,0.0,155.75,1280.3,117.9,0,0,0,0.0,0,F1,625,,,,,
2026-02-18,2026-02-18,FO,NSE,STO,106566,,DRREDDY,,2026-04-28,2026-04-28,1320.0,PE,DRREDDY26APR1320PE,0.0,0.0,0.0,96.4,0.0,96.4,1280.3,60.8,0,0,0,0.0,0,F1,625,,,,,
2026-02-18,2026-02-18,FO,NSE,STO,94129,,DRREDDY,,2026-03-30,2026-03-30,1220.0,CE,DRREDDY26MAR1220CE,0.0,0.0,0.0,77.95,77.95,77.95,1280.3,78.15,1875,0,0,0.0,0,F1,625,,,,,
2026-02-18,2026-02-18,FO,NSE,STO,94019,,DRREDDY,,2026-03-30,2026-03-30,1020.0,CE,DRREDDY26MAR1020CE,0.0,0.0,0.0,262.2,0.0,262.2,1280.3,266.45,0,0,0,0.0,0,F1,625,,,,,
2026-02-18,2026-02-18,FO,NSE,STO,94000,,DRREDDY,,2026-03-30,2026-03-30,980.0,CE,DRREDDY26MAR980CE,0.0,0.0,0.0,300.8,0.0,300.8,1280.3,306.2,0,0,0,0.0,0,F1,625,,,,,
2026-02-18,2026-02-18,FO,NSE,STO,90787,,DRREDDY,,2026-02-24,2026-02-24,1400.0,CE,DRREDDY26FEB1400CE,0.5,0.5,0.25,0.35,0.3,0.5,1280.3,0.35,131875,-1250,10,8752250.0,10,F1,625,,,,,
2026-02-18,2026-02-18,FO,NSE,STO,90783,,DRREDDY,,2026-02-24,2026-02-24,1360.0,CE,DRREDDY26FEB1360CE,0.55,0.6,0.3,0.3,0.3,0.5,1280.3,0.3,553125,-1875,303,257629406.25,183,F1,625,,,,,
2026-02-18,2026-02-18,FO,NSE,STO,90713,,DRREDDY,,2026-02-24,2026-02-24,1240.0,CE,DRREDDY26FEB1240CE,46.0,51.55,39.85,40.0,40.0,46.0,1280.3,43.2,249375,-5625,80,64246843.75,78,F1,625,,,,,
2026-02-18,2026-02-18,FO,NSE,STO,90804,,DRREDDY,,2026-02-24,2026-02-24,1480.0,PE,DRREDDY26FEB1480PE,0.0,0.0,0.0,314.55,314.55,314.55,1280.3,198.35,1250,0,0,0.0,0,F1,625,,,,,
2026-02-18,2026-02-18,FO,NSE,STO,105956,,DRREDDY,,2026-03-30,2026-03-30,1210.0,PE,DRREDDY26MAR1210PE,0.0,0.0,0.0,32.0,32.0,32.0,1280.3,8.45,625,0,0,0.0,0,F1,625,,,,,
2026-02-18,2026-02-18,FO,NSE,STO,105965,,DRREDDY,,2026-03-30,2026-03-30,1270.0,PE,DRREDDY26MAR1270PE,28.0,28.0,24.45,24.45,24.45,59.1,1280.3,26.65,1250,1250,3,2431531.25,2,F1,625,,,,,
2026-02-18,2026-02-18,FO,NSE,STO,96086,,EXIDEIND,,2026-03-30,2026-03-30,270.0,PE,EXIDEIND26MAR270PE,0.0,0.0,0.0,0.65,0.0,0.65,341.65,0.05,0,0,0,0.0,0,F1,1800,,,,,
2026-02-18,2026-02-18,FO,NSE,STO,108127,,EXIDEIND,,2026-03-30,2026-03-30,317.5,PE,EXIDEIND26MAR317.5PE,0.0,0.0,0.0,12.75,0.0,12.75,341.65,2.95,0,0,0,0.0,0,F1,1800,,,,,
2026-02-18,2026-02-18,FO,NSE,STO,96143,,EXIDEIND,,2026-03-30,2026-03-30,320.0,PE,EXIDEIND26MAR320PE,3.95,4.65,3.45,3.6,3.65,4.3,341.65,3.6,248400,118800,108,62983170.0,58,F1,1800,,,,,
2026-02-18,2026-02-18,FO,NSE,STO,96147,,EXIDEIND,,2026-03-30,2026-03-30,330.0,PE,EXIDEIND26MAR330PE,6.1,7.2,5.7,5.85,5.9,6.5,341.65,5.85,208800,84600,67,40607190.0,58,F1,1800,,,,,
2026-02-18,2026-02-18,FO,NSE,STO,95708,,EXIDEIND,,2026-02-24,2026-02-24,287.5,CE,EXIDEIND26FEB287.5CE,0.0,0.0,0.0,54.55,54.55,54.55,341.65,54.4,5400,0,0,0.0,0,F1,1800,,,,,
2026-02-18,2026-02-18,FO,NSE,STO,95742,,EXIDEIND,,2026-02-24,2026-02-24,302.5,CE,EXIDEIND26FEB302.5CE,0.0,0.0,0.0,27.3,27.9,27.3,341.65,39.4,9000,0,0,0.0,0,F1,1800,,,,,
2026-02-18,2026-02-18,FO,NSE,STO,95744,,EXIDEIND,,2026-02-24,2026-02-24,305.0,CE,EXIDEIND26FEB305CE,0.0,0.0,0.0,35.9,35.9,35.9,341.65,36.95,10800,0,0,0.0,0,F1,1800,,,,,
2026-02-18,2026-02-18,FO,NSE,STO,95896,,EXIDEIND,,2026-02-24,2026-02-24,327.5,CE,EXIDEIND26FEB327.5CE,0.0,0.0,0.0,16.55,16.55,16.55,341.65,15.0,225000,0,0,0.0,0,F1,1800,,,,,
2026-02-18,2026-02-18,FO,NSE,STO,92210,,EXIDEIND,,2026-02-24,2026-02-24,330.0,CE,EXIDEIND26FEB330CE,12.0,14.0,10.45,12.55,12.35,13.2,341.65,12.55,763200,-48600,65,40039650.0,61,F1,1800,,,,,
2026-02-18,2026-02-18,FO,NSE,STO,95905,,EXIDEIND,,2026-02-24,2026-02-24,342.5,CE,EXIDEIND26FEB342.5CE,4.75,5.35,3.3,4.0,3.8,5.4,341.65,4.0,360000,5400,323,201472650.0,298,F1,1800,,,,,
2026-02-18,2026-02-18,FO,NSE,STO,92220,,EXIDEIND,,2026-02-24,2026-02-24,370.0,CE,EXIDEIND26FEB370CE,0.45,0.5,0.3,0.35,0.3,0.55,341.65,0.35,628200,-48600,55,36666900.0,39,F1,1800,,,,,
2026-02-18,2026-02-18,FO,NSE,STO,95934,,EXIDEIND,,2026-02-24,2026-02-24,375.0,CE,EXIDEIND26FEB375CE,0.35,0.35,0.2,0.2,0.2,0.4,341.65,0.2,169200,-14400,23,15535350.0,15,F1,1800,,,,,
2026-02-18,2026-02-18,FO,NSE,STO,44729,,EXIDEIND,,2026-03-30,2026-03-30,265.0,CE,EXIDEIND26MAR265CE,0.0,0.0,0.0,91.75,0.0,91.75,341.65,78.25,0,0,0,0.0,0,F1,1800,,,,,
2026-02-18,2026-02-18,FO,NSE,STO,96134,,EXIDEIND,,2026-03-30,2026-03-30,305.0,CE,EXIDEIND26MAR305CE,0.0,0.0,0.0,61.15,0.0,61.15,341.65,39.65,0,0,0,0.0,0,F1,1800,,,,,
2026-02-18,2026-02-18,FO,NSE,STO,108118,,EXIDEIND,,2026-03-30,2026-03-30,307.5,CE,EXIDEIND26MAR307.5CE,0.0,0.0,0.0,27.8,0.0,27.8,341.65,37.4,0,0,0,0.0,0,F1,1800,,,,,
2026-02-18,2026-02-18,FO,NSE,STO,96144,,EXIDEIND,,2026-03-30,2026-03-30,325.0,CE,EXIDEIND26MAR325CE,22.5,22.5,22.5,22.5,22.5,24.0,341.65,23.3,3600,1800,1,625500.0,1,F1,1800,,,,,
2026-02-18,2026-02-18,FO,NSE,STO,92197,,EXIDEIND,,2026-02-24,2026-02-24,290.0,CE,EXIDEIND26FEB290CE,0.0,0.0,0.0,47.95,47.95,47.95,341.65,51.9,1800,0,0,0.0,0,F1,1800,,,,,
2026-02-18,2026-02-18,FO,NSE,STO,108541,,EXIDEIND,,2026-04-28,2026-04-28,380.0,PE,EXIDEIND26APR380PE,0.0,0.0,0.0,56.5,0.0,56.5,341.65,39.2,0,0,0,0.0,0,F1,1800,,,,,
2026-02-18,2026-02-18,FO,NSE,STO,108573,,EXIDEIND,,2026-04-28,2026-04-28,400.0,PE,EXIDEIND26APR400PE,0.0,0.0,0.0,73.7,0.0,73.7,341.65,56.3,0,0,0,0.0,0,F1,1800,,,,,
2026-02-18,2026-02-18,FO,NSE,STO,96142,,EXIDEIND,,2026-03-30,2026-03-30,320.0,CE,EXIDEIND26MAR320CE,0.0,0.0,0.0,28.55,28.55,28.55,341.65,27.05,5400,0,0,0.0,0,F1,1800,,,,,
2026-02-18,2026-02-18,FO,NSE,STO,96288,,EXIDEIND,,2026-03-30,2026-03-30,390.0,PE,EXIDEIND26MAR390PE,47.0,47.65,47.0,47.65,47.65,46.3,341.65,47.1,88200,5400,3,2362140.0,2,F1,1800,,,,,
2026-02-18,2026-02-18,FO,NSE,STO,108145,,EXIDEIND,,2026-03-30,2026-03-30,357.5,PE,EXIDEIND26MAR357.5PE,0.0,0.0,0.0,37.2,0.0,37.2,341.65,20.35,0,0,0,0.0,0,F1,1800,,,,,
2026-02-18,2026-02-18,FO,NSE,STO,96153,,EXIDEIND,,2026-03-30,2026-03-30,340.0,PE,EXIDEIND26MAR340PE,9.55,11.3,9.25,9.4,9.25,10.1,341.65,9.4,153000,43200,66,41614650.0,55,F1,1800,,,,,
2026-02-18,2026-02-18,FO,NSE,STO,108137,,EXIDEIND,,2026-03-30,2026-03-30,337.5,PE,EXIDEIND26MAR337.5PE,9.1,9.1,8.2,8.3,8.2,23.3,341.65,8.3,7200,7200,6,3738600.0,6,F1,1800,,,,,
2026-02-18,2026-02-18,FO,NSE,STO,96135,,EXIDEIND,,2026-03-30,2026-03-30,305.0,PE,EXIDEIND26MAR305PE,1.9,2.0,1.85,1.85,1.85,3.75,341.65,1.85,21600,21600,12,6629850.0,9,F1,1800,,,,,
2026-02-18,2026-02-18,FO,NSE,STO,96097,,EXIDEIND,,2026-03-30,2026-03-30,280.0,PE,EXIDEIND26MAR280PE,0.0,0.0,0.0,1.15,0.0,1.15,341.65,0.1,0,0,0,0.0,0,F1,1800,,,,,
2026-02-18,2026-02-18,FO,NSE,STO,95927,,EXIDEIND,,2026-02-24,2026-02-24,362.5,PE,EXIDEIND26FEB362.5PE,0.0,0.0,0.0,24.1,24.1,24.1,341.65,20.75,9000,0,0,0.0,0,F1,1800,,,,,
2026-02-18,2026-02-18,FO,NSE,STO,95899,,EXIDEIND,,2026-02-24,2026-02-24,332.5,PE,EXIDEIND26FEB332.5PE,2.3,2.45,1.35,1.4,1.4,2.1,341.65,1.4,126000,10800,86,51758730.0,83,F1,1800,,,,,
2026-02-18,2026-02-18,FO,NSE,STO,92191,,EXIDEIND,,2026-02-24,2026-02-24,270.0,PE,EXIDEIND26FEB270PE,0.0,0.0,0.0,0.1,0.1,0.1,341.65,0.05,66600,0,0,0.0,0,F1,1800,,,,,
2026-02-18,2026-02-18,FO,NSE,STO,92186,,EXIDEIND,,2026-02-24,2026-02-24,260.0,PE,EXIDEIND26FEB260PE,0.0,0.0,0.0,0.2,0.2,0.2,341.65,0.05,14400,0,0,0.0,0,F1,1800,,,,,
2026-02-18,2026-02-18,FO,NSE,STO,108538,,EXIDEIND,,2026-04-28,2026-04-28,375.0,CE,EXIDEIND26APR375CE,0.0,0.0,0.0,6.4,0.0,6.4,341.65,5.8,0,0,0,0.0,0,F1,1800,,,,,
2026-02-18,2026-02-18,FO,NSE,STO,108532,,EXIDEIND,,2026-04-28,2026-04-28,365.0,CE,EXIDEIND26APR365CE,0.0,0.0,0.0,8.4,0.0,8.4,341.65,8.35,0,0,0,0.0,0,F1,1800,,,,,
2026-02-18,2026-02-18,FO,NSE,STO,96291,,EXIDEIND,,2026-03-30,2026-03-30,400.0,CE,EXIDEIND26MAR400CE,1.15,1.2,0.9,0.95,0.9,1.2,341.65,0.95,536400,81000,77,55578420.0,65,F1,1800,,,,,
2026-02-18,2026-02-18,FO,NSE,STO,96281,,EXIDEIND,,2026-03-30,2026-03-30,380.0,CE,EXIDEIND26MAR380CE,2.55,2.6,1.95,2.15,2.15,2.6,341.65,2.15,153000,45000,83,57105270.0,69,F1,1800,,,,,
2026-02-18,2026-02-18,FO,NSE,STO,108148,,EXIDEIND,,2026-03-30,2026-03-30,367.5,CE,EXIDEIND26MAR367.5CE,3.85,3.85,3.6,3.6,3.6,4.7,341.65,4.05,3600,3600,4,2672820.0,3,F1,1800,,,,,
2026-02-18,2026-02-18,FO,NSE,STO,96152,,EXIDEIND,,2026-03-30,2026-03-30,340.0,CE,EXIDEIND26MAR340CE,14.1,14.95,12.5,13.6,13.6,14.95,341.65,13.6,307800,77400,145,92261430.0,117,F1,1800,,,,,
2026-02-18,2026-02-18,FO,NSE,STO,108369,,EXIDEIND,,2026-04-28,2026-04-28,325.0,PE,EXIDEIND26APR325PE,0.0,0.0,0.0,19.05,0.0,19.05,341.65,7.4,0,0,0,0.0,0,F1,1800,,,,,
2026-02-18,2026-02-18,FO,NSE,STO,96114,,EXIDEIND,,2026-03-30,2026-03-30,285.0,CE,EXIDEIND26MAR285CE,0.0,0.0,0.0,78.6,0.0,78.6,341.65,58.55,0,0,0,0.0,0,F1,1800,,,,,
2026-02-18,2026-02-18,FO,NSE,STO,92224,,EXIDEIND,,2026-02-24,2026-02-24,380.0,CE,EXIDEIND26FEB380CE,0.2,0.2,0.1,0.15,0.1,0.3,341.65,0.15,543600,-34200,118,80742870.0,39,F1,1800,,,,,
2026-02-18,2026-02-18,FO,NSE,STO,95942,,EXIDEIND,,2026-02-24,2026-02-24,377.5,CE,EXIDEIND26FEB377.5CE,0.0,0.0,0.0,1.6,1.6,1.6,341.65,0.05,1800,0,0,0.0,0,F1,1800,,,,,
2026-02-18,2026-02-18,FO,NSE,STO,95932,,EXIDEIND,,2026-02-24,2026-02-24,372.5,CE,EXIDEIND26FEB372.5CE,0.5,0.5,0.25,0.3,0.3,0.95,341.65,0.3,14400,1800,21,14094540.0,7,F1,1800,,,,,
2026-02-18,2026-02-18,FO,NSE,STO,95924,,EXIDEIND,,2026-02-24,2026-02-24,357.5,CE,EXIDEIND26FEB357.5CE,1.55,1.55,0.85,0.95,0.95,1.65,341.65,0.95,228600,-5400,7,4518180.0,7,F1,1800,,,,,
2026-02-18,2026-02-18,FO,NSE,STO,95718,,EXIDEIND,,2026-02-24,2026-02-24,295.0,CE,EXIDEIND26FEB295CE,0.0,0.0,0.0,66.55,0.0,66.55,341.65,46.9,0,0,0,0.0,0,F1,1800,,,,,
2026-02-18,2026-02-18,FO,NSE,STO,95949,,EXIDEIND,,2026-02-24,2026-02-24,387.5,PE,EXIDEIND26FEB387.5PE,0.0,0.0,0.0,34.65,0.0,34.65,341.65,45.5,0,0,0,0.0,0,F1,1800,,,,,
2026-02-18,2026-02-18,FO,NSE,STO,95944,,EXIDEIND,,2026-02-24,2026-02-24,382.5,CE,EXIDEIND26FEB382.5CE,0.0,0.0,0.0,10.0,0.0,10.0,341.65,0.05,0,0,0,0.0,0,F1,1800,,,,,
2026-02-18,2026-02-18,FO,NSE,STO,95930,,EXIDEIND,,2026-02-24,2026-02-24,367.5,CE,EXIDEIND26FEB367.5CE,0.0,0.0,0.0,0.65,0.65,0.65,341.65,0.1,16200,0,0,0.0,0,F1,1800,,,,,
2026-02-18,2026-02-18,FO,NSE,STO,95898,,EXIDEIND,,2026-02-24,2026-02-24,332.5,CE,EXIDEIND26FEB332.5CE,11.3,11.3,8.5,10.6,10.25,12.05,341.65,10.6,61200,-12600,33,20336040.0,33,F1,1800,,,,,
2026-02-18,2026-02-18,FO,NSE,STO,108357,,EXIDEIND,,2026-04-28,2026-04-28,295.0,PE,EXIDEIND26APR295PE,0.0,0.0,0.0,7.5,0.0,7.5,341.65,1.5,0,0,0,0.0,0,F1,1800,,,,,
2026-02-18,2026-02-18,FO,NSE,STO,96137,,EXIDEIND,,2026-03-30,2026-03-30,310.0,PE,EXIDEIND26MAR310PE,2.4,2.45,2.15,2.2,2.25,3.0,341.65,2.2,68400,9000,11,6184260.0,9,F1,1800,,,,,
2026-02-18,2026-02-18,FO,NSE,STO,96287,,EXIDEIND,,2026-03-30,2026-03-30,390.0,CE,EXIDEIND26MAR390CE,1.7,1.75,1.25,1.35,1.35,1.75,341.65,1.35,23400,5400,9,6341310.0,9,F1,1800,,,,,
2026-02-18,2026-02-18,FO,NSE,STO,95901,,EXIDEIND,,2026-02-24,2026-02-24,335.0,PE,EXIDEIND26FEB335PE,2.9,3.3,1.75,1.85,2.0,2.75,341.65,1.85,430200,-10800,202,122709600.0,158,F1,1800,,,,,
2026-02-18,2026-02-18,FO,NSE,STO,95745,,EXIDEIND,,2026-02-24,2026-02-24,305.0,PE,EXIDEIND26FEB305PE,0.25,0.25,0.1,0.1,0.1,0.25,341.65,0.1,154800,-16200,21,11534580.0,19,F1,1800,,,,,
2026-02-18,2026-02-18,FO,NSE,STO,108568,,EXIDEIND,,2026-04-28,2026-04-28,390.0,CE,EXIDEIND26APR390CE,0.0,0.0,0.0,4.15,0.0,4.15,341.65,3.2,0,0,0,0.0,0,F1,1800,,,,,
2026-02-18,2026-02-18,FO,NSE,STO,108566,,EXIDEIND,,2026-04-28,2026-04-28,385.0,CE,EXIDEIND26APR385CE,0.0,0.0,0.0,4.8,0.0,4.8,341.65,3.9,0,0,0,0.0,0,F1,1800,,,,,
2026-02-18,2026-02-18,FO,NSE,STO,108350,,EXIDEIND,,2026-04-28,2026-04-28,285.0,CE,EXIDEIND26APR285CE,0.0,0.0,0.0,47.7,0.0,47.7,341.65,60.35,0,0,0,0.0,0,F1,1800,,,,,
2026-02-18,2026-02-18,FO,NSE,STO,108535,,EXIDEIND,,2026-04-28,2026-04-28,365.0,PE,EXIDEIND26APR365PE,0.0,0.0,0.0,44.6,0.0,44.6,341.65,27.9,0,0,0,0.0,0,F1,1800,,,,,
2026-02-18,2026-02-18,FO,NSE,STO,96184,,EXIDEIND,,2026-03-30,2026-03-30,370.0,CE,EXIDEIND26MAR370CE,3.45,3.5,3.2,3.4,3.4,14.0,341.65,3.4,36000,34200,26,17470800.0,24,F1,1800,,,,,
2026-02-18,2026-02-18,FO,NSE,STO,108126,,EXIDEIND,,2026-03-30,2026-03-30,317.5,CE,EXIDEIND26MAR317.5CE,0.0,0.0,0.0,21.8,0.0,21.8,341.65,29.0,0,0,0,0.0,0,F1,1800,,,,,
2026-02-18,2026-02-18,FO,NSE,STO,92277,,EXIDEIND,,2026-02-24,2026-02-24,420.0,CE,EXIDEIND26FEB420CE,0.0,0.0,0.0,0.1,0.1,0.1,341.65,0.05,61200,0,0,0.0,0,F1,1800,,,,,
2026-02-18,2026-02-18,FO,NSE,STO,92271,,EXIDEIND,,2026-02-24,2026-02-24,390.0,CE,EXIDEIND26FEB390CE,0.1,0.15,0.1,0.1,0.1,0.1,341.65,0.05,252000,-25200,22,15448590.0,20,F1,1800,,,,,
2026-02-18,2026-02-18,FO,NSE,STO,92272,,EXIDEIND,,2026-02-24,2026-02-24,390.0,PE,EXIDEIND26FEB390PE,49.5,49.6,49.0,49.6,49.6,48.25,341.65,48.0,102600,-7200,4,3163860.0,3,F1,1800,,,,,
2026-02-18,2026-02-18,FO,NSE,STO,108133,,EXIDEIND,,2026-03-30,2026-03-30,327.5,PE,EXIDEIND26MAR327.5PE,5.3,5.45,5.25,5.25,5.25,6.8,341.65,5.25,7200,5400,5,2995650.0,4,F1,1800,,,,,
2026-02-18,2026-02-18,FO,NSE,STO,96115,,EXIDEIND,,2026-03-30,2026-03-30,285.0,PE,EXIDEIND26MAR285PE,0.0,0.0,0.0,1.5,0.0,1.5,341.65,0.15,0,0,0,0.0,0,F1,1800,,,,,
2026-02-18,2026-02-18,FO,NSE,STO,95765,,EXIDEIND,,2026-02-24,2026-02-24,307.5,PE,EXIDEIND26FEB307.5PE,0.25,0.25,0.15,0.15,0.15,0.25,341.65,0.15,86400,-12600,9,4984290.0,9,F1,1800,,,,,
2026-02-18,2026-02-18,FO,NSE,STO,92198,,EXIDEIND,,2026-02-24,2026-02-24,290.0,PE,EXIDEIND26FEB290PE,0.1,0.1,0.05,0.05,0.05,0.15,341.65,0.05,183600,-5400,5,2610810.0,5,F1,1800,,,,,
2026-02-18,2026-02-18,FO,NSE,STO,108572,,EXIDEIND,,2026-04-28,2026-04-28,400.0,CE,EXIDEIND26APR400CE,0.0,0.0,0.0,3.05,0.0,3.05,341.65,2.1,0,0,0,0.0,0,F1,1800,,,,,
2026-02-18,2026-02-18,FO,NSE,STO,108130,,EXIDEIND,,2026-03-30,2026-03-30,327.5,CE,EXIDEIND26MAR327.5CE,0.0,0.0,0.0,16.75,0.0,16.75,341.65,21.55,0,0,0,0.0,0,F1,1800,,,,,
2026-02-18,2026-02-18,FO,NSE,STO,95952,,EXIDEIND,,2026-02-24,2026-02-24,395.0,CE,EXIDEIND26FEB395CE,0.0,0.0,0.0,6.8,0.0,6.8,341.65,0.05,0,0,0,0.0,0,F1,1800,,,,,
2026-02-18,2026-02-18,FO,NSE,STO,95948,,EXIDEIND,,2026-02-24,2026-02-24,387.5,CE,EXIDEIND26FEB387.5CE,0.0,0.0,0.0,8.6,0.0,8.6,341.65,0.05,0,0,0,0.0,0,F1,1800,,,,,
2026-02-18,2026-02-18,FO,NSE,STO,96131,,EXIDEIND,,2026-03-30,2026-03-30,295.0,PE,EXIDEIND26MAR295PE,0.0,0.0,0.0,2.45,0.0,2.45,341.65,0.5,0,0,0,0.0,0,F1,1800,,,,,
2026-02-18,2026-02-18,FO,NSE,STO,108467,,EXIDEIND,,2026-04-28,2026-04-28,335.0,PE,EXIDEIND26APR335PE,0.0,0.0,0.0,24.45,0.0,24.45,341.65,11.05,0,0,0,0.0,0,F1,1800,,,,,
2026-02-18,2026-02-18,FO,NSE,STO,108361,,EXIDEIND,,2026-04-28,2026-04-28,305.0,PE,EXIDEIND26APR305PE,0.0,0.0,0.0,10.6,0.0,10.6,341.65,2.75,0,0,0,0.0,0,F1,1800,,,,,
2026-02-18,2026-02-18,FO,NSE,STO,108359,,EXIDEIND,,2026-04-28,2026-04-28,300.0,PE,EXIDEIND26APR300PE,0.0,0.0,0.0,8.95,0.0,8.95,341.65,2.05,0,0,0,0.0,0,F1,1800,,,,,
2026-02-18,2026-02-18,FO,NSE,STO,108349,,EXIDEIND,,2026-04-28,2026-04-28,280.0,PE,EXIDEIND26APR280PE,0.0,0.0,0.0,4.1,0.0,4.1,341.65,0.5,0,0,0,0.0,0,F1,1800,,,,,
2026-02-18,2026-02-18,FO,NSE,STO,96308,,EXIDEIND,,2026-03-30,2026-03-30,430.0,PE,EXIDEIND26MAR430PE,86.5,87.0,86.0,86.0,86.0,100.0,341.65,85.85,23400,19800,11,10223820.0,8,F1,1800,,,,,
2026-02-18,2026-02-18,FO,NSE,STO,96267,,EXIDEIND,,2026-03-30,2026-03-30,375.0,PE,EXIDEIND26MAR375PE,33.8,33.8,33.8,33.8,33.8,29.65,341.65,33.8,1800,1800,1,735840.0,1,F1,1800,,,,,
2026-02-18,2026-02-18,FO,NSE,STO,108367,,EXIDEIND,,2026-04-28,2026-04-28,320.0,PE,EXIDEIND26APR320PE,0.0,0.0,0.0,16.65,0.0,16.65,341.65,5.9,0,0,0,0.0,0,F1,1800,,,,,
2026-02-18,2026-02-18,FO,NSE,STO,108363,,EXIDEIND,,2026-04-28,2026-04-28,310.0,PE,EXIDEIND26APR310PE,0.0,0.0,0.0,12.45,0.0,12.45,341.65,3.6,0,0,0,0.0,0,F1,1800,,,,,
2026-02-18,2026-02-18,FO,NSE,STO,108333,,EXIDEIND,,2026-04-28,2026-04-28,260.0,PE,EXIDEIND26APR260PE,0.0,0.0,0.0,1.55,0.0,1.55,341.65,0.1,0,0,0,0.0,0,F1,1800,,,,,
2026-02-18,2026-02-18,FO,NSE,STO,96290,,EXIDEIND,,2026-03-30,2026-03-30,395.0,PE,EXIDEIND26MAR395PE,51.9,51.9,51.9,51.9,51.9,55.35,341.65,51.8,39600,1800,1,804420.0,1,F1,1800,,,,,
2026-02-18,2026-02-18,FO,NSE,STO,96165,,EXIDEIND,,2026-03-30,2026-03-30,360.0,PE,EXIDEIND26MAR360PE,22.05,24.2,21.0,21.0,21.0,22.05,341.65,21.0,144000,75600,45,30983670.0,33,F1,1800,,,,,
2026-02-18,2026-02-18,FO,NSE,STO,96161,,EXIDEIND,,2026-03-30,2026-03-30,355.0,PE,EXIDEIND26MAR355PE,19.0,19.5,19.0,19.2,19.2,18.25,341.65,18.65,12600,7200,4,2694420.0,3,F1,1800,,,,,
2026-02-18,2026-02-18,FO,NSE,STO,108139,,EXIDEIND,,2026-03-30,2026-03-30,342.5,PE,EXIDEIND26MAR342.5PE,0.0,0.0,0.0,26.5,0.0,26.5,341.65,11.45,0,0,0,0.0,0,F1,1800,,,,,
2026-02-18,2026-02-18,FO,NSE,STO,96140,,EXIDEIND,,2026-03-30,2026-03-30,315.0,PE,EXIDEIND26MAR315PE,3.4,3.4,2.7,2.8,2.7,3.9,341.65,2.8,70200,21600,22,12596220.0,15,F1,1800,,,,,
2026-02-18,2026-02-18,FO,NSE,STO,96133,,EXIDEIND,,2026-03-30,2026-03-30,300.0,PE,EXIDEIND26MAR300PE,1.8,2.05,1.5,1.5,1.5,1.95,341.65,1.5,311400,136800,144,78258330.0,100,F1,1800,,,,,
2026-02-18,2026-02-18,FO,NSE,STO,108107,,EXIDEIND,,2026-03-30,2026-03-30,292.5,PE,EXIDEIND26MAR292.5PE,0.0,0.0,0.0,4.65,0.0,4.65,341.65,0.35,0,0,0,0.0,0,F1,1800,,,,,
2026-02-18,2026-02-18,FO,NSE,STO,96126,,EXIDEIND,,2026-03-30,2026-03-30,290.0,PE,EXIDEIND26MAR290PE,0.0,0.0,0.0,1.95,0.0,1.95,341.65,0.3,0,0,0,0.0,0,F1,1800,,,,,
2026-02-18,2026-02-18,FO,NSE,STO,44730,,EXIDEIND,,2026-03-30,2026-03-30,265.0,PE,EXIDEIND26MAR265PE,0.0,0.0,0.0,0.45,0.0,0.45,341.65,0.05,0,0,0,0.0,0,F1,1800,,,,,
2026-02-18,2026-02-18,FO,NSE,STO,92206,,EXIDEIND,,2026-02-24,2026-02-24,310.0,PE,EXIDEIND26FEB310PE,0.25,0.3,0.15,0.2,0.15,0.35,341.65,0.2,540000,-117000,137,76501260.0,43,F1,1800,,,,,
2026-02-18,2026-02-18,FO,NSE,STO,95739,,EXIDEIND,,2026-02-24,2026-02-24,295.0,PE,EXIDEIND26FEB295PE,0.0,0.0,0.0,1.0,0.0,1.0,341.65,0.05,0,0,0,0.0,0,F1,1800,,,,,
2026-02-18,2026-02-18,FO,NSE,STO,95689,,EXIDEIND,,2026-02-24,2026-02-24,265.0,PE,EXIDEIND26FEB265PE,0.0,0.0,0.0,0.05,0.05,0.05,341.65,0.05,1800,0,0,0.0,0,F1,1800,,,,,
2026-02-18,2026-02-18,FO,NSE,STO,108509,,EXIDEIND,,2026-04-28,2026-04-28,345.0,CE,EXIDEIND26APR345CE,0.0,0.0,0.0,14.05,0.0,14.05,341.65,15.95,0,0,0,0.0,0,F1,1800,,,,,
2026-02-18,2026-02-18,FO,NSE,STO,96154,,EXIDEIND,,2026-03-30,2026-03-30,345.0,CE,EXIDEIND26MAR345CE,10.55,11.3,10.5,11.0,10.85,12.2,341.65,11.0,27000,23400,34,21784860.0,29,F1,1800,,,,,
2026-02-18,2026-02-18,FO,NSE,STO,96146,,EXIDEIND,,2026-03-30,2026-03-30,330.0,CE,EXIDEIND26MAR330CE,20.0,20.55,19.55,20.3,20.0,21.0,341.65,20.3,34200,1800,5,3150180.0,4,F1,1800,,,,,
2026-02-18,2026-02-18,FO,NSE,STO,96136,,EXIDEIND,,2026-03-30,2026-03-30,310.0,CE,EXIDEIND26MAR310CE,0.0,0.0,0.0,57.05,0.0,57.05,341.65,35.25,0,0,0,0.0,0,F1,1800,,,,,
2026-02-18,2026-02-18,FO,NSE,STO,96132,,EXIDEIND,,2026-03-30,2026-03-30,300.0,CE,EXIDEIND26MAR300CE,0.0,0.0,0.0,65.35,0.0,65.35,341.65,44.2,0,0,0,0.0,0,F1,1800,,,,,
2026-02-18,2026-02-18,FO,NSE,STO,96089,,EXIDEIND,,2026-03-30,2026-03-30,280.0,CE,EXIDEIND26MAR280CE,0.0,0.0,0.0,83.15,0.0,83.15,341.65,63.45,0,0,0,0.0,0,F1,1800,,,,,
2026-02-18,2026-02-18,FO,NSE,STO,92275,,EXIDEIND,,2026-02-24,2026-02-24,410.0,CE,EXIDEIND26FEB410CE,0.0,0.0,0.0,0.1,0.1,0.1,341.65,0.05,135000,0,0,0.0,0,F1,1800,,,,,
2026-02-18,2026-02-18,FO,NSE,STO,95950,,EXIDEIND,,2026-02-24,2026-02-24,392.5,CE,EXIDEIND26FEB392.5CE,0.0,0.0,0.0,7.35,0.0,7.35,341.65,0.05,0,0,0,0.0,0,F1,1800,,,,,
2026-02-18,2026-02-18,FO,NSE,STO,92216,,EXIDEIND,,2026-02-24,2026-02-24,350.0,CE,EXIDEIND26FEB350CE,2.25,2.8,1.55,1.9,1.85,2.9,341.65,1.9,1971000,232200,1230,779131440.0,763,F1,1800,,,,,
2026-02-18,2026-02-18,FO,NSE,STO,95917,,EXIDEIND,,2026-02-24,2026-02-24,347.5,CE,EXIDEIND26FEB347.5CE,3.25,3.35,2.0,2.4,2.35,3.55,341.65,2.4,127800,14400,88,55432260.0,87,F1,1800,,,,,
2026-02-18,2026-02-18,FO,NSE,STO,95915,,EXIDEIND,,2026-02-24,2026-02-24,345.0,CE,EXIDEIND26FEB345CE,3.35,4.4,2.6,3.1,3.0,4.5,341.65,3.1,943200,-117000,725,454399110.0,563,F1,1800,,,,,
2026-02-18,2026-02-18,FO,NSE,STO,95878,,EXIDEIND,,2026-02-24,2026-02-24,317.5,CE,EXIDEIND26FEB317.5CE,0.0,0.0,0.0,23.4,23.4,23.4,341.65,24.5,126000,0,0,0.0,0,F1,1800,,,,,
2026-02-18,2026-02-18,FO,NSE,STO,108159,,EXIDEIND,,2026-03-30,2026-03-30,392.5,PE,EXIDEIND26MAR392.5PE,0.0,0.0,0.0,66.95,0.0,66.95,341.65,49.45,0,0,0,0.0,0,F1,1800,,,,,
2026-02-18,2026-02-18,FO,NSE,STO,96149,,EXIDEIND,,2026-03-30,2026-03-30,335.0,PE,EXIDEIND26MAR335PE,7.7,9.0,7.7,9.0,9.0,7.5,341.65,8.05,30600,5400,9,5565240.0,9,F1,1800,,,,,
2026-02-18,2026-02-18,FO,NSE,STO,108141,,EXIDEIND,,2026-03-30,2026-03-30,347.5,PE,EXIDEIND26MAR347.5PE,0.0,0.0,0.0,29.85,0.0,29.85,341.65,14.1,0,0,0,0.0,0,F1,1800,,,,,
2026-02-18,2026-02-18,FO,NSE,STO,108147,,EXIDEIND,,2026-03-30,2026-03-30,362.5,PE,EXIDEIND26MAR362.5PE,0.0,0.0,0.0,41.1,0.0,41.1,341.65,23.9,0,0,0,0.0,0,F1,1800,,,,,
2026-02-18,2026-02-18,FO,NSE,STO,108151,,EXIDEIND,,2026-03-30,2026-03-30,372.5,PE,EXIDEIND26MAR372.5PE,0.0,0.0,0.0,49.3,0.0,49.3,341.65,31.7,0,0,0,0.0,0,F1,1800,,,,,
2026-02-18,2026-02-18,FO,NSE,STO,108515,,EXIDEIND,,2026-04-28,2026-04-28,345.0,PE,EXIDEIND26APR345PE,0.0,0.0,0.0,30.5,0.0,30.5,341.65,15.7,0,0,0,0.0,0,F1,1800,,,,,
2026-02-18,2026-02-18,FO,NSE,STO,95717,,EXIDEIND,,2026-02-24,2026-02-24,292.5,PE,EXIDEIND26FEB292.5PE,0.0,0.0,0.0,1.6,1.6,1.6,341.65,0.05,16200,0,0,0.0,0,F1,1800,,,,,
2026-02-18,2026-02-18,FO,NSE,STO,108536,,EXIDEIND,,2026-04-28,2026-04-28,370.0,CE,EXIDEIND26APR370CE,0.0,0.0,0.0,7.35,0.0,7.35,341.65,6.95,0,0,0,0.0,0,F1,1800,,,,,
2026-02-18,2026-02-18,FO,NSE,STO,108120,,EXIDEIND,,2026-03-30,2026-03-30,312.5,CE,EXIDEIND26MAR312.5CE,0.0,0.0,0.0,24.7,0.0,24.7,341.65,33.1,0,0,0,0.0,0,F1,1800,,,,,
2026-02-18,2026-02-18,FO,NSE,STO,108087,,EXIDEIND,,2026-03-30,2026-03-30,287.5,CE,EXIDEIND26MAR287.5CE,0.0,0.0,0.0,42.4,0.0,42.4,341.65,56.1,0,0,0,0.0,0,F1,1800,,,,,
2026-02-18,2026-02-18,FO,NSE,STO,92189,,EXIDEIND,,2026-02-24,2026-02-24,270.0,CE,EXIDEIND26FEB270CE,0.0,0.0,0.0,70.45,70.45,70.45,341.65,71.9,5400,0,0,0.0,0,F1,1800,,,,,
2026-02-18,2026-02-18,FO,NSE,STO,108366,,EXIDEIND,,2026-04-28,2026-04-28,320.0,CE,EXIDEIND26APR320CE,0.0,0.0,0.0,24.8,0.0,24.8,341.65,30.85,0,0,0,0.0,0,F1,1800,,,,,
2026-02-18,2026-02-18,FO,NSE,STO,108358,,EXIDEIND,,2026-04-28,2026-04-28,300.0,CE,EXIDEIND26APR300CE,0.0,0.0,0.0,36.8,0.0,36.8,341.65,46.8,0,0,0,0.0,0,F1,1800,,,,,
2026-02-18,2026-02-18,FO,NSE,STO,108340,,EXIDEIND,,2026-04-28,2026-04-28,270.0,CE,EXIDEIND26APR270CE,0.0,0.0,0.0,60.0,0.0,60.0,341.65,74.65,0,0,0,0.0,0,F1,1800,,,,,
2026-02-18,2026-02-18,FO,NSE,STO,108154,,EXIDEIND,,2026-03-30,2026-03-30,382.5,CE,EXIDEIND26MAR382.5CE,0.0,0.0,0.0,3.1,3.1,3.1,341.65,1.75,3600,0,0,0.0,0,F1,1800,,,,,
2026-02-18,2026-02-18,FO,NSE,STO,108150,,EXIDEIND,,2026-03-30,2026-03-30,372.5,CE,EXIDEIND26MAR372.5CE,0.0,0.0,0.0,3.95,0.0,3.95,341.65,3.1,0,0,0,0.0,0,F1,1800,,,,,
2026-02-18,2026-02-18,FO,NSE,STO,95921,,EXIDEIND,,2026-02-24,2026-02-24,352.5,PE,EXIDEIND26FEB352.5PE,13.6,13.6,12.0,12.0,12.0,13.55,341.65,12.0,10800,0,4,2630610.0,4,F1,1800,,,,,
2026-02-18,2026-02-18,FO,NSE,STO,96006,,EXIDEIND,,2026-02-24,2026-02-24,425.0,PE,EXIDEIND26FEB425PE,0.0,0.0,0.0,82.0,82.0,82.0,341.65,82.95,75600,0,0,0.0,0,F1,1800,,,,,
2026-02-18,2026-02-18,FO,NSE,STO,96084,,EXIDEIND,,2026-03-30,2026-03-30,260.0,PE,EXIDEIND26MAR260PE,0.0,0.0,0.0,0.35,0.0,0.35,341.65,0.05,0,0,0,0.0,0,F1,1800,,,,,
2026-02-18,2026-02-18,FO,NSE,STO,108149,,EXIDEIND,,2026-03-30,2026-03-30,367.5,PE,EXIDEIND26MAR367.5PE,0.0,0.0,0.0,45.1,0.0,45.1,341.65,27.7,0,0,0,0.0,0,F1,1800,,,,,
2026-02-18,2026-02-18,FO,NSE,STO,108157,,EXIDEIND,,2026-03-30,2026-03-30,387.5,PE,EXIDEIND26MAR387.5PE,0.0,0.0,0.0,62.4,0.0,62.4,341.65,44.8,0,0,0,0.0,0,F1,1800,,,,,
2026-02-18,2026-02-18,FO,NSE,STO,108341,,EXIDEIND,,2026-04-28,2026-04-28,270.0,PE,EXIDEIND26APR270PE,0.0,0.0,0.0,2.6,0.0,2.6,341.65,0.2,0,0,0,0.0,0,F1,1800,,,,,
2026-02-18,2026-02-18,FO,NSE,STO,108531,,EXIDEIND,,2026-04-28,2026-04-28,360.0,PE,EXIDEIND26APR360PE,0.0,0.0,0.0,40.85,0.0,40.85,341.65,24.5,0,0,0,0.0,0,F1,1800,,,,,
2026-02-18,2026-02-18,FO,NSE,STO,96182,,EXIDEIND,,2026-03-30,2026-03-30,365.0,CE,EXIDEIND26MAR365CE,4.3,4.35,4.2,4.25,4.25,22.2,341.65,4.6,7200,7200,9,5982660.0,7,F1,1800,,,,,
2026-02-18,2026-02-18,FO,NSE,STO,108144,,EXIDEIND,,2026-03-30,2026-03-30,357.5,CE,EXIDEIND26MAR357.5CE,0.0,0.0,0.0,8.55,8.55,8.55,341.65,6.65,1800,0,0,0.0,0,F1,1800,,,,,
2026-02-18,2026-02-18,FO,NSE,STO,95945,,EXIDEIND,,2026-02-24,2026-02-24,382.5,PE,EXIDEIND26FEB382.5PE,0.0,0.0,0.0,31.1,0.0,31.1,341.65,40.5,0,0,0,0.0,0,F1,1800,,,,,
2026-02-18,2026-02-18,FO,NSE,STO,92278,,EXIDEIND,,2026-02-24,2026-02-24,420.0,PE,EXIDEIND26FEB420PE,80.0,80.0,80.0,80.0,80.0,77.0,341.65,77.95,90000,-3600,2,1800000.0,1,F1,1800,,,,,
2026-02-18,2026-02-18,FO,NSE,STO,95925,,EXIDEIND,,2026-02-24,2026-02-24,357.5,PE,EXIDEIND26FEB357.5PE,17.95,17.95,16.45,16.5,16.5,17.0,341.65,16.5,9000,0,6,4045590.0,6,F1,1800,,,,,
2026-02-18,2026-02-18,FO,NSE,STO,108125,,EXIDEIND,,2026-03-30,2026-03-30,312.5,PE,EXIDEIND26MAR312.5PE,2.95,2.95,2.7,2.7,2.7,3.0,341.65,2.05,21600,-5400,5,2837790.0,5,F1,1800,,,,,
2026-02-18,2026-02-18,FO,NSE,STO,96155,,EXIDEIND,,2026-03-30,2026-03-30,345.0,PE,EXIDEIND26MAR345PE,12.7,12.7,11.55,11.7,11.95,14.6,341.65,11.7,32400,32400,28,18000810.0,22,F1,1800,,,,,
2026-02-18,2026-02-18,FO,NSE,STO,108370,,EXIDEIND,,2026-04-28,2026-04-28,330.0,CE,EXIDEIND26APR330CE,0.0,0.0,0.0,19.95,0.0,19.95,341.65,24.15,0,0,0,0.0,0,F1,1800,,,,,
2026-02-18,2026-02-18,FO,NSE,STO,108364,,EXIDEIND,,2026-04-28,2026-04-28,315.0,CE,EXIDEIND26APR315CE,0.0,0.0,0.0,27.55,0.0,27.55,341.65,34.55,0,0,0,0.0,0,F1,1800,,,,,
2026-02-18,2026-02-18,FO,NSE,STO,108360,,EXIDEIND,,2026-04-28,2026-04-28,305.0,CE,EXIDEIND26APR305CE,0.0,0.0,0.0,33.5,0.0,33.5,341.65,42.55,0,0,0,0.0,0,F1,1800,,,,,
2026-02-18,2026-02-18,FO,NSE,STO,108146,,EXIDEIND,,2026-03-30,2026-03-30,362.5,CE,EXIDEIND26MAR362.5CE,0.0,0.0,0.0,5.6,0.0,5.6,341.65,5.2,0,0,0,0.0,0,F1,1800,,,,,
2026-02-18,2026-02-18,FO,NSE,STO,96130,,EXIDEIND,,2026-03-30,2026-03-30,295.0,CE,EXIDEIND26MAR295CE,0.0,0.0,0.0,69.65,0.0,69.65,341.65,48.9,0,0,0,0.0,0,F1,1800,,,,,
2026-02-18,2026-02-18,FO,NSE,STO,96083,,EXIDEIND,,2026-03-30,2026-03-30,260.0,CE,EXIDEIND26MAR260CE,0.0,0.0,0.0,102.05,0.0,102.05,341.65,83.2,0,0,0,0.0,0,F1,1800,,,,,
2026-02-18,2026-02-18,FO,NSE,STO,95919,,EXIDEIND,,2026-02-24,2026-02-24,352.5,CE,EXIDEIND26FEB352.5CE,2.1,2.15,1.25,1.45,1.45,2.5,341.65,1.45,99000,-16200,74,47151000.0,63,F1,1800,,,,,
2026-02-18,2026-02-18,FO,NSE,STO,92199,,EXIDEIND,,2026-02-24,2026-02-24,300.0,CE,EXIDEIND26FEB300CE,40.95,40.95,40.95,40.95,40.95,41.7,341.65,41.9,39600,-1800,1,613710.0,1,F1,1800,,,,,
2026-02-18,2026-02-18,FO,NSE,STO,95716,,EXIDEIND,,2026-02-24,2026-02-24,292.5,CE,EXIDEIND26FEB292.5CE,0.0,0.0,0.0,68.9,0.0,68.9,341.65,49.4,0,0,0,0.0,0,F1,1800,,,,,
2026-02-18,2026-02-18,FO,NSE,STO,108539,,EXIDEIND,,2026-04-28,2026-04-28,375.0,PE,EXIDEIND26APR375PE,0.0,0.0,0.0,52.4,0.0,52.4,341.65,35.25,0,0,0,0.0,0,F1,1800,,,,,
2026-02-18,2026-02-18,FO,NSE,STO,108537,,EXIDEIND,,2026-04-28,2026-04-28,370.0,PE,EXIDEIND26APR370PE,0.0,0.0,0.0,48.45,0.0,48.45,341.65,31.5,0,0,0,0.0,0,F1,1800,,,,,
2026-02-18,2026-02-18,FO,NSE,STO,108445,,EXIDEIND,,2026-04-28,2026-04-28,330.0,PE,EXIDEIND26APR330PE,0.0,0.0,0.0,21.65,0.0,21.65,341.65,9.1,0,0,0,0.0,0,F1,1800,,,,,
2026-02-18,2026-02-18,FO,NSE,STO,108143,,EXIDEIND,,2026-03-30,2026-03-30,352.5,PE,EXIDEIND26MAR352.5PE,0.0,0.0,0.0,33.45,0.0,33.45,341.65,17.05,0,0,0,0.0,0,F1,1800,,,,,
2026-02-18,2026-02-18,FO,NSE,STO,108117,,EXIDEIND,,2026-03-30,2026-03-30,302.5,PE,EXIDEIND26MAR302.5PE,0.0,0.0,0.0,7.25,0.0,7.25,341.65,0.95,0,0,0,0.0,0,F1,1800,,,,,
2026-02-18,2026-02-18,FO,NSE,STO,108115,,EXIDEIND,,2026-03-30,2026-03-30,297.5,PE,EXIDEIND26MAR297.5PE,0.0,0.0,0.0,5.85,0.0,5.85,341.65,0.6,0,0,0,0.0,0,F1,1800,,,,,
2026-02-18,2026-02-18,FO,NSE,STO,95897,,EXIDEIND,,2026-02-24,2026-02-24,327.5,PE,EXIDEIND26FEB327.5PE,1.05,1.35,0.75,0.75,0.75,1.25,341.65,0.75,379800,0,10,5913900.0,10,F1,1800,,,,,
2026-02-18,2026-02-18,FO,NSE,STO,92209,,EXIDEIND,,2026-02-24,2026-02-24,320.0,PE,EXIDEIND26FEB320PE,0.5,0.6,0.3,0.35,0.35,0.65,341.65,0.35,478800,-59400,93,53642700.0,79,F1,1800,,,,,
2026-02-18,2026-02-18,FO,NSE,STO,95882,,EXIDEIND,,2026-02-24,2026-02-24,317.5,PE,EXIDEIND26FEB317.5PE,0.25,0.3,0.25,0.3,0.3,0.55,341.65,0.05,84600,-7200,18,10295370.0,8,F1,1800,,,,,
2026-02-18,2026-02-18,FO,NSE,STO,92200,,EXIDEIND,,2026-02-24,2026-02-24,300.0,PE,EXIDEIND26FEB300PE,0.15,0.15,0.1,0.1,0.1,0.2,341.65,0.1,486000,-23400,53,28630620.0,29,F1,1800,,,,,
2026-02-18,2026-02-18,FO,NSE,STO,95741,,EXIDEIND,,2026-02-24,2026-02-24,297.5,PE,EXIDEIND26FEB297.5PE,0.0,0.0,0.0,0.95,0.95,0.95,341.65,0.05,45000,0,0,0.0,0,F1,1800,,,,,
2026-02-18,2026-02-18,FO,NSE,STO,108567,,EXIDEIND,,2026-04-28,2026-04-28,385.0,PE,EXIDEIND26APR385PE,0.0,0.0,0.0,60.65,0.0,60.65,341.65,43.3,0,0,0,0.0,0,F1,1800,,,,,
2026-02-18,2026-02-18,FO,NSE,STO,95904,,EXIDEIND,,2026-02-24,2026-02-24,337.5,PE,EXIDEIND26FEB337.5PE,3.7,4.45,2.4,2.55,2.7,3.8,341.65,2.55,329400,-16200,146,89467830.0,115,F1,1800,,,,,
2026-02-18,2026-02-18,FO,NSE,STO,92211,,EXIDEIND,,2026-02-24,2026-02-24,330.0,PE,EXIDEIND26FEB330PE,1.8,1.9,0.95,1.0,1.05,1.6,341.65,1.0,1123200,-27000,174,103793760.0,138,F1,1800,,,,,
2026-02-18,2026-02-18,FO,NSE,STO,108540,,EXIDEIND,,2026-04-28,2026-04-28,380.0,CE,EXIDEIND26APR380CE,0.0,0.0,0.0,5.55,0.0,5.55,341.65,4.8,0,0,0,0.0,0,F1,1800,,,,,
2026-02-18,2026-02-18,FO,NSE,STO,108528,,EXIDEIND,,2026-04-28,2026-04-28,355.0,CE,EXIDEIND26APR355CE,0.0,0.0,0.0,10.95,0.0,10.95,341.65,11.65,0,0,0,0.0,0,F1,1800,,,,,
2026-02-18,2026-02-18,FO,NSE,STO,108468,,EXIDEIND,,2026-04-28,2026-04-28,340.0,CE,EXIDEIND26APR340CE,0.0,0.0,0.0,15.85,0.0,15.85,341.65,18.45,0,0,0,0.0,0,F1,1800,,,,,
2026-02-18,2026-02-18,FO,NSE,STO,96289,,EXIDEIND,,2026-03-30,2026-03-30,395.0,CE,EXIDEIND26MAR395CE,0.0,0.0,0.0,11.55,0.0,11.55,341.65,0.8,0,0,0,0.0,0,F1,1800,,,,,
2026-02-18,2026-02-18,FO,NSE,STO,108152,,EXIDEIND,,2026-03-30,2026-03-30,377.5,CE,EXIDEIND26MAR377.5CE,2.4,2.4,2.4,2.4,2.4,3.25,341.65,2.35,1800,1800,1,683820.0,1,F1,1800,,,,,
2026-02-18,2026-02-18,FO,NSE,STO,96266,,EXIDEIND,,2026-03-30,2026-03-30,375.0,CE,EXIDEIND26MAR375CE,2.55,2.8,2.55,2.75,2.75,3.2,341.65,2.7,12600,9000,6,4079520.0,5,F1,1800,,,,,
2026-02-18,2026-02-18,FO,NSE,STO,96164,,EXIDEIND,,2026-03-30,2026-03-30,360.0,CE,EXIDEIND26MAR360CE,6.3,6.5,5.2,5.55,5.6,6.3,341.65,5.55,277200,54000,100,65808540.0,79,F1,1800,,,,,
2026-02-18,2026-02-18,FO,NSE,STO,108140,,EXIDEIND,,2026-03-30,2026-03-30,347.5,CE,EXIDEIND26MAR347.5CE,9.65,10.05,9.55,10.05,10.05,10.95,341.65,10.05,14400,5400,5,3216240.0,5,F1,1800,,,,,
2026-02-18,2026-02-18,FO,NSE,STO,108134,,EXIDEIND,,2026-03-30,2026-03-30,332.5,CE,EXIDEIND26MAR332.5CE,0.0,0.0,0.0,14.55,0.0,14.55,341.65,18.25,0,0,0,0.0,0,F1,1800,,,,,
2026-02-18,2026-02-18,FO,NSE,STO,108128,,EXIDEIND,,2026-03-30,2026-03-30,322.5,CE,EXIDEIND26MAR322.5CE,0.0,0.0,0.0,19.15,0.0,19.15,341.65,25.15,0,0,0,0.0,0,F1,1800,,,,,
2026-02-18,2026-02-18,FO,NSE,STO,96087,,EXIDEIND,,2026-03-30,2026-03-30,275.0,CE,EXIDEIND26MAR275CE,0.0,0.0,0.0,87.8,0.0,87.8,341.65,68.35,0,0,0,0.0,0,F1,1800,,,,,
2026-02-18,2026-02-18,FO,NSE,STO,95926,,EXIDEIND,,2026-02-24,2026-02-24,362.5,CE,EXIDEIND26FEB362.5CE,0.75,0.75,0.55,0.55,0.55,1.1,341.65,0.55,99000,0,8,5229360.0,7,F1,1800,,,,,
2026-02-18,2026-02-18,FO,NSE,STO,92214,,EXIDEIND,,2026-02-24,2026-02-24,340.0,CE,EXIDEIND26FEB340CE,6.4,6.85,4.2,5.2,5.05,6.7,341.65,5.2,2194200,-394200,2777,1725155910.0,2449,F1,1800,,,,,
2026-02-18,2026-02-18,FO,NSE,STO,95843,,EXIDEIND,,2026-02-24,2026-02-24,312.5,CE,EXIDEIND26FEB312.5CE,26.0,27.25,26.0,27.25,27.25,30.4,341.65,29.45,55800,0,2,1220850.0,2,F1,1800,,,,,
2026-02-18,2026-02-18,FO,NSE,STO,95764,,EXIDEIND,,2026-02-24,2026-02-24,307.5,CE,EXIDEIND26FEB307.5CE,0.0,0.0,0.0,23.3,23.3,23.3,341.65,34.45,5400,0,0,0.0,0,F1,1800,,,,,
2026-02-18,2026-02-18,FO,NSE,STO,95688,,EXIDEIND,,2026-02-24,2026-02-24,265.0,CE,EXIDEIND26FEB265CE,0.0,0.0,0.0,77.45,77.45,77.45,341.65,76.9,5400,0,0,0.0,0,F1,1800,,,,,
2026-02-18,2026-02-18,FO,NSE,STO,108351,,EXIDEIND,,2026-04-28,2026-04-28,285.0,PE,EXIDEIND26APR285PE,0.0,0.0,0.0,5.1,0.0,5.1,341.65,0.75,0,0,0,0.0,0,F1,1800,,,,,
2026-02-18,2026-02-18,FO,NSE,STO,96183,,EXIDEIND,,2026-03-30,2026-03-30,365.0,PE,EXIDEIND26MAR365PE,26.2,27.0,26.0,26.0,26.0,27.5,341.65,25.75,14400,7200,4,2817360.0,4,F1,1800,,,,,
2026-02-18,2026-02-18,FO,NSE,STO,108135,,EXIDEIND,,2026-03-30,2026-03-30,332.5,PE,EXIDEIND26MAR332.5PE,0.0,0.0,0.0,20.35,0.0,20.35,341.65,7.1,0,0,0,0.0,0,F1,1800,,,,,
2026-02-18,2026-02-18,FO,NSE,STO,96145,,EXIDEIND,,2026-03-30,2026-03-30,325.0,PE,EXIDEIND26MAR325PE,4.6,4.6,4.4,4.5,4.4,5.05,341.65,4.5,25200,1800,2,1186200.0,2,F1,1800,,,,,
2026-02-18,2026-02-18,FO,NSE,STO,108129,,EXIDEIND,,2026-03-30,2026-03-30,322.5,PE,EXIDEIND26MAR322.5PE,0.0,0.0,0.0,15.05,0.0,15.05,341.65,4.05,0,0,0,0.0,0,F1,1800,,,,,
2026-02-18,2026-02-18,FO,NSE,STO,92274,,EXIDEIND,,2026-02-24,2026-02-24,400.0,PE,EXIDEIND26FEB400PE,60.85,60.85,58.0,58.15,58.0,57.75,341.65,58.15,311400,-19800,15,12400560.0,14,F1,1800,,,,,
2026-02-18,2026-02-18,FO,NSE,STO,95951,,EXIDEIND,,2026-02-24,2026-02-24,392.5,PE,EXIDEIND26FEB392.5PE,0.0,0.0,0.0,38.4,0.0,38.4,341.65,50.5,0,0,0,0.0,0,F1,1800,,,,,
2026-02-18,2026-02-18,FO,NSE,STO,95947,,EXIDEIND,,2026-02-24,2026-02-24,385.0,PE,EXIDEIND26FEB385PE,0.0,0.0,0.0,32.85,0.0,32.85,341.65,43.0,0,0,0,0.0,0,F1,1800,,,,,
2026-02-18,2026-02-18,FO,NSE,STO,95943,,EXIDEIND,,2026-02-24,2026-02-24,377.5,PE,EXIDEIND26FEB377.5PE,0.0,0.0,0.0,27.75,0.0,27.75,341.65,35.5,0,0,0,0.0,0,F1,1800,,,,,
2026-02-18,2026-02-18,FO,NSE,STO,95935,,EXIDEIND,,2026-02-24,2026-02-24,375.0,PE,EXIDEIND26FEB375PE,35.25,35.25,34.3,34.3,34.3,33.85,341.65,33.0,27000,1800,6,4426470.0,3,F1,1800,,,,,
2026-02-18,2026-02-18,FO,NSE,STO,92215,,EXIDEIND,,2026-02-24,2026-02-24,340.0,PE,EXIDEIND26FEB340PE,5.4,5.9,3.3,3.55,3.6,4.55,341.65,3.55,1150200,-88200,443,274749300.0,405,F1,1800,,,,,
2026-02-18,2026-02-18,FO,NSE,STO,95743,,EXIDEIND,,2026-02-24,2026-02-24,302.5,PE,EXIDEIND26FEB302.5PE,0.0,0.0,0.0,0.9,0.9,0.9,341.65,0.05,82800,0,0,0.0,0,F1,1800,,,,,
2026-02-18,2026-02-18,FO,NSE,STO,95875,,EXIDEIND,,2026-02-24,2026-02-24,312.5,PE,EXIDEIND26FEB312.5PE,0.5,0.5,0.2,0.2,0.2,0.5,341.65,0.2,77400,-3600,4,2252070.0,4,F1,1800,,,,,
2026-02-18,2026-02-18,FO,NSE,STO,95715,,EXIDEIND,,2026-02-24,2026-02-24,287.5,PE,EXIDEIND26FEB287.5PE,0.0,0.0,0.0,0.6,0.0,0.6,341.65,0.05,0,0,0,0.0,0,F1,1800,,,,,
2026-02-18,2026-02-18,FO,NSE,STO,95928,,EXIDEIND,,2026-02-24,2026-02-24,365.0,CE,EXIDEIND26FEB365CE,0.8,0.8,0.45,0.55,0.5,0.9,341.65,0.55,259200,-25200,33,21712230.0,30,F1,1800,,,,,
2026-02-18,2026-02-18,FO,NSE,STO,95893,,EXIDEIND,,2026-02-24,2026-02-24,322.5,PE,EXIDEIND26FEB322.5PE,0.7,0.75,0.4,0.4,0.4,0.75,341.65,0.4,126000,-5400,15,8721720.0,15,F1,1800,,,,,
2026-02-18,2026-02-18,FO,NSE,STO,92273,,EXIDEIND,,2026-02-24,2026-02-24,400.0,CE,EXIDEIND26FEB400CE,0.1,0.1,0.1,0.1,0.1,0.1,341.65,0.1,635400,-37800,48,34568640.0,18,F1,1800,,,,,
2026-02-18,2026-02-18,FO,NSE,STO,95895,,EXIDEIND,,2026-02-24,2026-02-24,325.0,PE,EXIDEIND26FEB325PE,0.95,1.0,0.5,0.5,0.55,1.05,341.65,0.5,590400,88200,188,110275560.0,119,F1,1800,,,,,
2026-02-18,2026-02-18,FO,NSE,STO,95933,,EXIDEIND,,2026-02-24,2026-02-24,372.5,PE,EXIDEIND26FEB372.5PE,0.0,0.0,0.0,24.6,0.0,24.6,341.65,30.55,0,0,0,0.0,0,F1,1800,,,,,
2026-02-18,2026-02-18,FO,NSE,STO,92225,,EXIDEIND,,2026-02-24,2026-02-24,380.0,PE,EXIDEIND26FEB380PE,38.1,39.4,38.1,39.15,39.15,38.1,341.65,38.0,144000,-7200,5,3771810.0,5,F1,1800,,,,,
2026-02-18,2026-02-18,FO,NSE,STO,92276,,EXIDEIND,,2026-02-24,2026-02-24,410.0,PE,EXIDEIND26FEB410PE,0.0,0.0,0.0,72.8,72.8,72.8,341.65,68.0,43200,0,0,0.0,0,F1,1800,,,,,
2026-02-18,2026-02-18,FO,NSE,STO,108365,,EXIDEIND,,2026-04-28,2026-04-28,315.0,PE,EXIDEIND26APR315PE,0.0,0.0,0.0,14.45,0.0,14.45,341.65,4.65,0,0,0,0.0,0,F1,1800,,,,,
2026-02-18,2026-02-18,FO,NSE,STF,59312,,EXIDEIND,,2026-02-24,2026-02-24,,,EXIDEIND26FEBFUT,340.55,342.9,338.3,341.65,341.1,341.8,341.65,341.65,24454800,-3445200,3000,1840728060.0,2219,F1,1800,,,,,
2026-02-18,2026-02-18,FO,NSE,STO,95740,,EXIDEIND,,2026-02-24,2026-02-24,297.5,CE,EXIDEIND26FEB297.5CE,0.0,0.0,0.0,34.8,34.8,34.8,341.65,44.4,3600,0,0,0.0,0,F1,1800,,,,,
2026-02-18,2026-02-18,FO,NSE,STO,108099,,EXIDEIND,,2026-03-30,2026-03-30,287.5,PE,EXIDEIND26MAR287.5PE,0.0,0.0,0.0,3.65,0.0,3.65,341.65,0.2,0,0,0,0.0,0,F1,1800,,,,,
2026-02-18,2026-02-18,FO,NSE,STO,96157,,EXIDEIND,,2026-03-30,2026-03-30,350.0,PE,EXIDEIND26MAR350PE,16.8,17.0,14.5,14.65,14.5,15.7,341.65,14.65,124200,14400,11,7241310.0,11,F1,1800,,,,,
2026-02-18,2026-02-18,FO,NSE,STO,96185,,EXIDEIND,,2026-03-30,2026-03-30,370.0,PE,EXIDEIND26MAR370PE,30.1,31.0,28.95,28.95,28.95,29.5,341.65,28.95,48600,34200,20,14421330.0,13,F1,1800,,,,,
2026-02-18,2026-02-18,FO,NSE,STO,96283,,EXIDEIND,,2026-03-30,2026-03-30,380.0,PE,EXIDEIND26MAR380PE,37.5,37.5,37.2,37.25,37.25,38.1,341.65,38.1,19800,5400,3,2253510.0,3,F1,1800,,,,,
2026-02-18,2026-02-18,FO,NSE,STO,96286,,EXIDEIND,,2026-03-30,2026-03-30,385.0,PE,EXIDEIND26MAR385PE,0.0,0.0,0.0,35.95,0.0,35.95,341.65,42.55,0,0,0,0.0,0,F1,1800,,,,,
2026-02-18,2026-02-18,FO,NSE,STO,92223,,EXIDEIND,,2026-02-24,2026-02-24,370.0,PE,EXIDEIND26FEB370PE,31.5,31.5,28.65,28.65,28.65,28.85,341.65,28.65,145800,-14400,21,15147720.0,12,F1,1800,,,,,
2026-02-18,2026-02-18,FO,NSE,STO,108156,,EXIDEIND,,2026-03-30,2026-03-30,387.5,CE,EXIDEIND26MAR387.5CE,0.0,0.0,0.0,2.2,0.0,2.2,341.65,1.3,0,0,0,0.0,0,F1,1800,,,,,
2026-02-18,2026-02-18,FO,NSE,STO,95707,,EXIDEIND,,2026-02-24,2026-02-24,285.0,PE,EXIDEIND26FEB285PE,0.15,0.15,0.15,0.15,0.15,0.25,341.65,0.05,19800,0,1,513270.0,1,F1,1800,,,,,
2026-02-18,2026-02-18,FO,NSE,STO,95892,,EXIDEIND,,2026-02-24,2026-02-24,322.5,CE,EXIDEIND26FEB322.5CE,19.05,20.5,19.0,19.55,19.6,20.5,341.65,19.55,165600,-1800,6,3693960.0,6,F1,1800,,,,,
2026-02-18,2026-02-18,FO,NSE,STO,95695,,EXIDEIND,,2026-02-24,2026-02-24,275.0,CE,EXIDEIND26FEB275CE,0.0,0.0,0.0,85.65,0.0,85.65,341.65,66.9,0,0,0,0.0,0,F1,1800,,,,,
2026-02-18,2026-02-18,FO,NSE,STO,92192,,EXIDEIND,,2026-02-24,2026-02-24,280.0,CE,EXIDEIND26FEB280CE,0.0,0.0,0.0,87.25,0.0,87.25,341.65,61.9,0,0,0,0.0,0,F1,1800,,,,,
2026-02-18,2026-02-18,FO,NSE,STO,92208,,EXIDEIND,,2026-02-24,2026-02-24,320.0,CE,EXIDEIND26FEB320CE,22.4,22.4,19.75,21.95,21.7,22.7,341.65,21.95,568800,-12600,9,5532390.0,9,F1,1800,,,,,
2026-02-18,2026-02-18,FO,NSE,STO,96005,,EXIDEIND,,2026-02-24,2026-02-24,425.0,CE,EXIDEIND26FEB425CE,0.0,0.0,0.0,0.15,0.15,0.15,341.65,0.05,10800,0,0,0.0,0,F1,1800,,,,,
2026-02-18,2026-02-18,FO,NSE,STO,92281,,EXIDEIND,,2026-02-24,2026-02-24,440.0,CE,EXIDEIND26FEB440CE,0.0,0.0,0.0,0.1,0.1,0.1,341.65,0.05,199800,0,0,0.0,0,F1,1800,,,,,
2026-02-18,2026-02-18,FO,NSE,STO,108138,,EXIDEIND,,2026-03-30,2026-03-30,342.5,CE,EXIDEIND26MAR342.5CE,13.4,13.5,11.8,11.95,11.95,10.8,341.65,12.65,3600,3600,5,3195900.0,5,F1,1800,,,,,
2026-02-18,2026-02-18,FO,NSE,STO,108332,,EXIDEIND,,2026-04-28,2026-04-28,260.0,CE,EXIDEIND26APR260CE,0.0,0.0,0.0,68.8,0.0,68.8,341.65,84.4,0,0,0,0.0,0,F1,1800,,,,,
2026-02-18,2026-02-18,FO,NSE,STO,95698,,EXIDEIND,,2026-02-24,2026-02-24,275.0,PE,EXIDEIND26FEB275PE,0.0,0.0,0.0,0.25,0.0,0.25,341.65,0.05,0,0,0,0.0,0,F1,1800,,,,,
2026-02-18,2026-02-18,FO,NSE,STO,92196,,EXIDEIND,,2026-02-24,2026-02-24,280.0,PE,EXIDEIND26FEB280PE,0.0,0.0,0.0,0.1,0.1,0.1,341.65,0.05,165600,0,0,0.0,0,F1,1800,,,,,
2026-02-18,2026-02-18,FO,NSE,STO,95877,,EXIDEIND,,2026-02-24,2026-02-24,315.0,PE,EXIDEIND26FEB315PE,0.35,0.35,0.25,0.25,0.25,0.45,341.65,0.25,259200,-27000,20,11349810.0,17,F1,1800,,,,,
2026-02-18,2026-02-18,FO,NSE,STO,95914,,EXIDEIND,,2026-02-24,2026-02-24,342.5,PE,EXIDEIND26FEB342.5PE,6.15,7.05,4.5,4.7,5.1,5.95,341.65,4.7,198000,-25200,48,30017970.0,29,F1,1800,,,,,
2026-02-18,2026-02-18,FO,NSE,STO,95916,,EXIDEIND,,2026-02-24,2026-02-24,345.0,PE,EXIDEIND26FEB345PE,8.5,8.95,6.2,6.35,6.45,7.7,341.65,6.35,217800,-9000,80,50707170.0,63,F1,1800,,,,,
2026-02-18,2026-02-18,FO,NSE,STO,95929,,EXIDEIND,,2026-02-24,2026-02-24,365.0,PE,EXIDEIND26FEB365PE,25.45,26.05,24.0,24.0,24.0,26.05,341.65,23.15,21600,-1800,10,7018740.0,6,F1,1800,,,,,
2026-02-18,2026-02-18,FO,NSE,STO,95953,,EXIDEIND,,2026-02-24,2026-02-24,395.0,PE,EXIDEIND26FEB395PE,0.0,0.0,0.0,40.3,0.0,40.3,341.65,53.0,0,0,0,0.0,0,F1,1800,,,,,
2026-02-18,2026-02-18,FO,NSE,STO,108119,,EXIDEIND,,2026-03-30,2026-03-30,307.5,PE,EXIDEIND26MAR307.5PE,0.0,0.0,0.0,2.5,2.5,2.5,341.65,1.4,0,0,0,0.0,0,F1,1800,,,,,
2026-02-18,2026-02-18,FO,NSE,STO,108153,,EXIDEIND,,2026-03-30,2026-03-30,377.5,PE,EXIDEIND26MAR377.5PE,0.0,0.0,0.0,53.55,0.0,53.55,341.65,35.95,0,0,0,0.0,0,F1,1800,,,,,
2026-02-18,2026-02-18,FO,NSE,STO,108355,,EXIDEIND,,2026-04-28,2026-04-28,290.0,PE,EXIDEIND26APR290PE,0.0,0.0,0.0,6.2,0.0,6.2,341.65,1.05,0,0,0,0.0,0,F1,1800,,,,,
2026-02-18,2026-02-18,FO,NSE,STO,108529,,EXIDEIND,,2026-04-28,2026-04-28,355.0,PE,EXIDEIND26APR355PE,0.0,0.0,0.0,37.25,0.0,37.25,341.65,21.35,0,0,0,0.0,0,F1,1800,,,,,
2026-02-18,2026-02-18,FO,NSE,STO,96085,,EXIDEIND,,2026-03-30,2026-03-30,270.0,CE,EXIDEIND26MAR270CE,0.0,0.0,0.0,92.5,0.0,92.5,341.65,73.3,0,0,0,0.0,0,F1,1800,,,,,
2026-02-18,2026-02-18,FO,NSE,STO,108116,,EXIDEIND,,2026-03-30,2026-03-30,302.5,CE,EXIDEIND26MAR302.5CE,0.0,0.0,0.0,31.15,0.0,31.15,341.65,41.9,0,0,0,0.0,0,F1,1800,,,,,
2026-02-18,2026-02-18,FO,NSE,STO,96148,,EXIDEIND,,2026-03-30,2026-03-30,335.0,CE,EXIDEIND26MAR335CE,15.8,17.0,15.6,17.0,17.0,15.8,341.65,16.75,9000,7200,8,5055570.0,7,F1,1800,,,,,
2026-02-18,2026-02-18,FO,NSE,STO,96156,,EXIDEIND,,2026-03-30,2026-03-30,350.0,CE,EXIDEIND26MAR350CE,9.05,10.15,8.2,8.85,8.8,9.5,341.65,8.85,358200,95400,142,91775340.0,126,F1,1800,,,,,
2026-02-18,2026-02-18,FO,NSE,STO,108368,,EXIDEIND,,2026-04-28,2026-04-28,325.0,CE,EXIDEIND26APR325CE,0.0,0.0,0.0,22.3,0.0,22.3,341.65,27.4,0,0,0,0.0,0,F1,1800,,,,,
2026-02-18,2026-02-18,FO,NSE,STO,95946,,EXIDEIND,,2026-02-24,2026-02-24,385.0,CE,EXIDEIND26FEB385CE,0.0,0.0,0.0,0.45,0.45,0.45,341.65,0.05,72000,0,0,0.0,0,F1,1800,,,,,
2026-02-18,2026-02-18,FO,NSE,STF,66825,,EXIDEIND,,2026-04-28,2026-04-28,,,EXIDEIND26APRFUT,345.25,347.15,343.0,346.0,346.0,345.7,341.65,345.2,399600,16200,24,14891130.0,20,F1,1800,,,,,
2026-02-18,2026-02-18,FO,NSE,STO,92183,,EXIDEIND,,2026-02-24,2026-02-24,260.0,CE,EXIDEIND26FEB260CE,0.0,0.0,0.0,106.15,0.0,106.15,341.65,81.9,0,0,0,0.0,0,F1,1800,,,,,
2026-02-18,2026-02-18,FO,NSE,STO,95706,,EXIDEIND,,2026-02-24,2026-02-24,285.0,CE,EXIDEIND26FEB285CE,56.0,56.55,56.0,56.55,56.55,55.7,341.65,56.9,18000,0,6,3685770.0,2,F1,1800,,,,,
2026-02-18,2026-02-18,FO,NSE,STO,95894,,EXIDEIND,,2026-02-24,2026-02-24,325.0,CE,EXIDEIND26FEB325CE,16.5,18.0,16.45,17.15,16.6,17.8,341.65,17.15,532800,-14400,10,6155100.0,9,F1,1800,,,,,
2026-02-18,2026-02-18,FO,NSE,STO,95900,,EXIDEIND,,2026-02-24,2026-02-24,335.0,CE,EXIDEIND26FEB335CE,8.75,9.9,6.85,8.5,8.1,9.75,341.65,8.5,441000,-27000,52,32119920.0,51,F1,1800,,,,,
2026-02-18,2026-02-18,FO,NSE,STO,95903,,EXIDEIND,,2026-02-24,2026-02-24,337.5,CE,EXIDEIND26FEB337.5CE,5.7,8.0,5.55,6.8,6.8,8.0,341.65,6.8,117000,-23400,52,32207040.0,50,F1,1800,,,,,
2026-02-18,2026-02-18,FO,NSE,STO,92218,,EXIDEIND,,2026-02-24,2026-02-24,360.0,CE,EXIDEIND26FEB360CE,1.25,1.3,0.7,0.8,0.75,1.3,341.65,0.8,4534200,-34200,472,306562140.0,293,F1,1800,,,,,
2026-02-18,2026-02-18,FO,NSE,STO,92219,,EXIDEIND,,2026-02-24,2026-02-24,360.0,PE,EXIDEIND26FEB360PE,20.9,21.65,18.8,18.95,19.3,19.35,341.65,18.95,217800,-64800,55,37684530.0,35,F1,1800,,,,,
2026-02-18,2026-02-18,FO,NSE,STO,108530,,EXIDEIND,,2026-04-28,2026-04-28,360.0,CE,EXIDEIND26APR360CE,0.0,0.0,0.0,9.6,0.0,9.6,341.65,9.9,0,0,0,0.0,0,F1,1800,,,,,
2026-02-18,2026-02-18,FO,NSE,STO,108354,,EXIDEIND,,2026-04-28,2026-04-28,290.0,CE,EXIDEIND26APR290CE,0.0,0.0,0.0,43.9,0.0,43.9,341.65,55.7,0,0,0,0.0,0,F1,1800,,,,,
2026-02-18,2026-02-18,FO,NSE,STO,108348,,EXIDEIND,,2026-04-28,2026-04-28,280.0,CE,EXIDEIND26APR280CE,0.0,0.0,0.0,51.65,0.0,51.65,341.65,65.05,0,0,0,0.0,0,F1,1800,,,,,
2026-02-18,2026-02-18,FO,NSE,STO,108158,,EXIDEIND,,2026-03-30,2026-03-30,392.5,CE,EXIDEIND26MAR392.5CE,0.0,0.0,0.0,1.8,0.0,1.8,341.65,0.95,0,0,0,0.0,0,F1,1800,,,,,
2026-02-18,2026-02-18,FO,NSE,STO,96158,,EXIDEIND,,2026-03-30,2026-03-30,355.0,CE,EXIDEIND26MAR355CE,6.85,6.95,6.85,6.9,6.9,27.05,341.65,7.45,5400,5400,3,1954260.0,3,F1,1800,,,,,
2026-02-18,2026-02-18,FO,NSE,STO,108142,,EXIDEIND,,2026-03-30,2026-03-30,352.5,CE,EXIDEIND26MAR352.5CE,0.0,0.0,0.0,4.85,4.85,4.85,341.65,8.35,1800,0,0,0.0,0,F1,1800,,,,,
2026-02-18,2026-02-18,FO,NSE,STO,96139,,EXIDEIND,,2026-03-30,2026-03-30,315.0,CE,EXIDEIND26MAR315CE,0.0,0.0,0.0,53.1,0.0,53.1,341.65,31.0,0,0,0,0.0,0,F1,1800,,,,,
2026-02-18,2026-02-18,FO,NSE,STO,108114,,EXIDEIND,,2026-03-30,2026-03-30,297.5,CE,EXIDEIND26MAR297.5CE,0.0,0.0,0.0,34.7,0.0,34.7,341.65,46.55,0,0,0,0.0,0,F1,1800,,,,,
2026-02-18,2026-02-18,FO,NSE,STO,108100,,EXIDEIND,,2026-03-30,2026-03-30,292.5,CE,EXIDEIND26MAR292.5CE,0.0,0.0,0.0,38.45,0.0,38.45,341.65,51.3,0,0,0,0.0,0,F1,1800,,,,,
2026-02-18,2026-02-18,FO,NSE,STO,96124,,EXIDEIND,,2026-03-30,2026-03-30,290.0,CE,EXIDEIND26MAR290CE,0.0,0.0,0.0,74.05,0.0,74.05,341.65,53.7,0,0,0,0.0,0,F1,1800,,,,,
2026-02-18,2026-02-18,FO,NSE,STO,95922,,EXIDEIND,,2026-02-24,2026-02-24,355.0,CE,EXIDEIND26FEB355CE,1.6,1.8,1.0,1.15,1.15,1.95,341.65,1.15,412200,-66600,196,125703990.0,120,F1,1800,,,,,
2026-02-18,2026-02-18,FO,NSE,STO,95876,,EXIDEIND,,2026-02-24,2026-02-24,315.0,CE,EXIDEIND26FEB315CE,24.5,27.2,24.5,27.1,27.0,26.9,341.65,27.1,221400,5400,11,6742980.0,5,F1,1800,,,,,
2026-02-18,2026-02-18,FO,NSE,STO,92205,,EXIDEIND,,2026-02-24,2026-02-24,310.0,CE,EXIDEIND26FEB310CE,30.75,32.2,30.75,31.4,31.25,32.05,341.65,31.4,225000,1800,9,5530320.0,6,F1,1800,,,,,
2026-02-18,2026-02-18,FO,NSE,STF,51876,,EXIDEIND,,2026-03-30,2026-03-30,,,EXIDEIND26MARFUT,342.15,345.15,340.45,343.9,343.5,343.85,341.65,343.9,8699400,3402000,2339,1444216860.0,1599,F1,1800,,,,,
2026-02-18,2026-02-18,FO,NSE,STO,92217,,EXIDEIND,,2026-02-24,2026-02-24,350.0,PE,EXIDEIND26FEB350PE,10.75,12.8,9.8,10.1,10.5,10.85,341.65,10.1,394200,-34200,44,28589760.0,39,F1,1800,,,,,
2026-02-18,2026-02-18,FO,NSE,STO,108569,,EXIDEIND,,2026-04-28,2026-04-28,390.0,PE,EXIDEIND26APR390PE,0.0,0.0,0.0,64.9,0.0,64.9,341.65,47.5,0,0,0,0.0,0,F1,1800,,,,,
2026-02-18,2026-02-18,FO,NSE,STO,108527,,EXIDEIND,,2026-04-28,2026-04-28,350.0,PE,EXIDEIND26APR350PE,0.0,0.0,0.0,33.8,0.0,33.8,341.65,18.4,0,0,0,0.0,0,F1,1800,,,,,
2026-02-18,2026-02-18,FO,NSE,STO,108508,,EXIDEIND,,2026-04-28,2026-04-28,340.0,PE,EXIDEIND26APR340PE,0.0,0.0,0.0,27.4,0.0,27.4,341.65,13.25,0,0,0,0.0,0,F1,1800,,,,,
2026-02-18,2026-02-18,FO,NSE,STO,108155,,EXIDEIND,,2026-03-30,2026-03-30,382.5,PE,EXIDEIND26MAR382.5PE,0.0,0.0,0.0,57.95,0.0,57.95,341.65,40.3,0,0,0,0.0,0,F1,1800,,,,,
2026-02-18,2026-02-18,FO,NSE,STO,96088,,EXIDEIND,,2026-03-30,2026-03-30,275.0,PE,EXIDEIND26MAR275PE,0.0,0.0,0.0,0.9,0.0,0.9,341.65,0.05,0,0,0,0.0,0,F1,1800,,,,,
2026-02-18,2026-02-18,FO,NSE,STO,92282,,EXIDEIND,,2026-02-24,2026-02-24,440.0,PE,EXIDEIND26FEB440PE,99.5,99.75,99.3,99.75,99.75,120.95,341.65,97.95,505800,-10800,6,5825610.0,3,F1,1800,,,,,
2026-02-18,2026-02-18,FO,NSE,STO,95931,,EXIDEIND,,2026-02-24,2026-02-24,367.5,PE,EXIDEIND26FEB367.5PE,27.5,27.5,27.0,27.0,27.0,36.2,341.65,25.6,3600,0,2,1421100.0,2,F1,1800,,,,,
2026-02-18,2026-02-18,FO,NSE,STO,108136,,EXIDEIND,,2026-03-30,2026-03-30,337.5,CE,EXIDEIND26MAR337.5CE,0.0,0.0,0.0,5.05,5.05,5.05,341.65,15.3,3600,0,0,0.0,0,F1,1800,,,,,
2026-02-18,2026-02-18,FO,NSE,STO,96285,,EXIDEIND,,2026-03-30,2026-03-30,385.0,CE,EXIDEIND26MAR385CE,0.0,0.0,0.0,2.55,2.55,2.55,341.65,1.5,9000,0,0,0.0,0,F1,1800,,,,,
2026-02-18,2026-02-18,FO,NSE,STO,96306,,EXIDEIND,,2026-03-30,2026-03-30,430.0,CE,EXIDEIND26MAR430CE,0.0,0.0,0.0,0.75,0.75,0.75,341.65,0.05,3600,0,0,0.0,0,F1,1800,,,,,
2026-02-18,2026-02-18,FO,NSE,STO,108356,,EXIDEIND,,2026-04-28,2026-04-28,295.0,CE,EXIDEIND26APR295CE,0.0,0.0,0.0,40.3,0.0,40.3,341.65,51.2,0,0,0,0.0,0,F1,1800,,,,,
2026-02-18,2026-02-18,FO,NSE,STO,108362,,EXIDEIND,,2026-04-28,2026-04-28,310.0,CE,EXIDEIND26APR310CE,0.0,0.0,0.0,30.45,0.0,30.45,341.65,38.45,0,0,0,0.0,0,F1,1800,,,,,
2026-02-18,2026-02-18,FO,NSE,STO,108446,,EXIDEIND,,2026-04-28,2026-04-28,335.0,CE,EXIDEIND26APR335CE,0.0,0.0,0.0,17.8,0.0,17.8,341.65,21.15,0,0,0,0.0,0,F1,1800,,,,,
2026-02-18,2026-02-18,FO,NSE,STO,108516,,EXIDEIND,,2026-04-28,2026-04-28,350.0,CE,EXIDEIND26APR350CE,0.0,0.0,0.0,12.4,0.0,12.4,341.65,13.7,0,0,0,0.0,0,F1,1800,,,,,
2026-02-18,2026-02-18,FO,NSE,STO,95918,,EXIDEIND,,2026-02-24,2026-02-24,347.5,PE,EXIDEIND26FEB347.5PE,0.0,0.0,0.0,14.5,15.1,14.5,341.65,8.0,57600,0,0,0.0,0,F1,1800,,,,,
2026-02-18,2026-02-18,FO,NSE,STO,95923,,EXIDEIND,,2026-02-24,2026-02-24,355.0,PE,EXIDEIND26FEB355PE,15.7,16.5,14.2,14.2,14.2,18.65,341.65,14.2,52200,1800,13,8668350.0,12,F1,1800,,,,,
2026-02-18,2026-02-18,FO,NSE,STO,112206,,GODREJPROP,,2026-04-28,2026-04-28,2040.0,PE,GODREJPROP26APR2040PE,0.0,0.0,0.0,508.15,0.0,508.15,1881.35,206.35,0,0,0,0.0,0,F1,275,,,,,
2026-02-18,2026-02-18,FO,NSE,STO,94949,,GODREJPROP,,2026-02-24,2026-02-24,1960.0,CE,GODREJPROP26FEB1960CE,7.8,8.75,4.75,7.5,6.75,6.05,1881.35,7.5,175175,5500,1418,766861328.75,1286,F1,275,,,,,
2026-02-18,2026-02-18,FO,NSE,STO,94953,,GODREJPROP,,2026-02-24,2026-02-24,2040.0,CE,GODREJPROP26FEB2040CE,3.05,3.05,1.8,2.4,2.3,2.5,1881.35,2.4,58300,8800,182,102213952.5,147,F1,275,,,,,
2026-02-18,2026-02-18,FO,NSE,STO,112208,,GODREJPROP,,2026-04-28,2026-04-28,2080.0,PE,GODREJPROP26APR2080PE,0.0,0.0,0.0,544.6,0.0,544.6,1881.35,234.75,0,0,0,0.0,0,F1,275,,,,,
2026-02-18,2026-02-18,FO,NSE,STO,100632,,GODREJPROP,,2026-02-24,2026-02-24,1940.0,CE,GODREJPROP26FEB1940CE,10.65,12.45,6.4,10.0,9.4,7.9,1881.35,10.0,175450,62975,2883,1545343318.75,2432,F1,275,,,,,
2026-02-18,2026-02-18,FO,NSE,STO,100654,,GODREJPROP,,2026-02-24,2026-02-24,2260.0,CE,GODREJPROP26FEB2260CE,0.0,0.0,0.0,1.2,1.2,1.2,1881.35,0.05,275,0,0,0.0,0,F1,275,,,,,
2026-02-18,2026-02-18,FO,NSE,STO,111730,,GODREJPROP,,2026-03-30,2026-03-30,1340.0,CE,GODREJPROP26MAR1340CE,0.0,0.0,0.0,224.6,0.0,224.6,1881.35,549.55,0,0,0,0.0,0,F1,275,,,,,
2026-02-18,2026-02-18,FO,NSE,STO,112007,,GODREJPROP,,2026-04-28,2026-04-28,1280.0,CE,GODREJPROP26APR1280CE,0.0,0.0,0.0,289.7,0.0,289.7,1881.35,615.2,0,0,0,0.0,0,F1,275,,,,,
2026-02-18,2026-02-18,FO,NSE,STO,112013,,GODREJPROP,,2026-04-28,2026-04-28,1360.0,CE,GODREJPROP26APR1360CE,0.0,0.0,0.0,232.3,0.0,232.3,1881.35,537.25,0,0,0,0.0,0,F1,275,,,,,
2026-02-18,2026-02-18,FO,NSE,STO,112015,,GODREJPROP,,2026-04-28,2026-04-28,1400.0,CE,GODREJPROP26APR1400CE,0.0,0.0,0.0,206.35,0.0,206.35,1881.35,498.8,0,0,0,0.0,0,F1,275,,,,,
2026-02-18,2026-02-18,FO,NSE,STO,112090,,GODREJPROP,,2026-04-28,2026-04-28,1440.0,CE,GODREJPROP26APR1440CE,0.0,0.0,0.0,182.4,0.0,182.4,1881.35,460.9,0,0,0,0.0,0,F1,275,,,,,
2026-02-18,2026-02-18,FO,NSE,STO,112183,,GODREJPROP,,2026-04-28,2026-04-28,1640.0,CE,GODREJPROP26APR1640CE,0.0,0.0,0.0,91.7,0.0,91.7,1881.35,286.05,0,0,0,0.0,0,F1,275,,,,,
2026-02-18,2026-02-18,FO,NSE,STO,112193,,GODREJPROP,,2026-04-28,2026-04-28,1840.0,CE,GODREJPROP26APR1840CE,0.0,0.0,0.0,41.55,0.0,41.55,1881.35,152.05,0,0,0,0.0,0,F1,275,,,,,
2026-02-18,2026-02-18,FO,NSE,STO,112215,,GODREJPROP,,2026-04-28,2026-04-28,2160.0,CE,GODREJPROP26APR2160CE,0.0,0.0,0.0,9.9,0.0,9.9,1881.35,39.75,0,0,0,0.0,0,F1,275,,,,,
2026-02-18,2026-02-18,FO,NSE,STO,94835,,GODREJPROP,,2026-02-24,2026-02-24,1200.0,PE,GODREJPROP26FEB1200PE,0.0,0.0,0.0,0.1,0.1,0.1,1881.35,0.05,21725,0,0,0.0,0,F1,275,,,,,
2026-02-18,2026-02-18,FO,NSE,STO,47218,,GODREJPROP,,2026-02-24,2026-02-24,1340.0,CE,GODREJPROP26FEB1340CE,513.05,533.9,513.05,530.8,530.8,600.65,1881.35,542.55,1100,1100,20,10238937.5,7,F1,275,,,,,
2026-02-18,2026-02-18,FO,NSE,STO,100605,,GODREJPROP,,2026-02-24,2026-02-24,1460.0,CE,GODREJPROP26FEB1460CE,395.3,414.05,395.3,414.05,414.05,227.8,1881.35,422.65,7425,-550,12,6145425.0,5,F1,275,,,,,
2026-02-18,2026-02-18,FO,NSE,STO,94925,,GODREJPROP,,2026-02-24,2026-02-24,1560.0,CE,GODREJPROP26FEB1560CE,309.35,321.0,293.55,321.0,321.0,263.45,1881.35,321.0,41250,-1375,13,6649912.5,11,F1,275,,,,,
2026-02-18,2026-02-18,FO,NSE,STO,100615,,GODREJPROP,,2026-02-24,2026-02-24,1660.0,CE,GODREJPROP26FEB1660CE,194.8,220.65,193.05,220.5,220.6,186.1,1881.35,220.5,48675,-3575,45,23114066.25,29,F1,275,,,,,
2026-02-18,2026-02-18,FO,NSE,STO,94914,,GODREJPROP,,2026-02-24,2026-02-24,1440.0,PE,GODREJPROP26FEB1440PE,0.9,1.0,0.8,0.85,0.8,1.1,1881.35,0.85,31075,-275,14,5547368.75,11,F1,275,,,,,
2026-02-18,2026-02-18,FO,NSE,STO,94932,,GODREJPROP,,2026-02-24,2026-02-24,1680.0,PE,GODREJPROP26FEB1680PE,3.5,3.9,1.8,1.95,2.05,4.45,1881.35,1.95,327800,-14300,343,158716126.25,266,F1,275,,,,,
2026-02-18,2026-02-18,FO,NSE,STO,94958,,GODREJPROP,,2026-02-24,2026-02-24,2120.0,PE,GODREJPROP26FEB2120PE,267.7,267.7,236.75,236.75,236.75,369.35,1881.35,236.75,2475,1925,16,10463447.5,5,F1,275,,,,,
2026-02-18,2026-02-18,FO,NSE,STO,111731,,GODREJPROP,,2026-03-30,2026-03-30,1340.0,PE,GODREJPROP26MAR1340PE,0.0,0.0,0.0,32.7,0.0,32.7,1881.35,0.15,0,0,0,0.0,0,F1,275,,,,,
2026-02-18,2026-02-18,FO,NSE,STO,100776,,GODREJPROP,,2026-03-30,2026-03-30,1440.0,PE,GODREJPROP26MAR1440PE,0.0,0.0,0.0,20.5,20.5,20.5,1881.35,0.95,1100,0,0,0.0,0,F1,275,,,,,
2026-02-18,2026-02-18,FO,NSE,STO,111741,,GODREJPROP,,2026-03-30,2026-03-30,1500.0,PE,GODREJPROP26MAR1500PE,5.0,5.5,4.5,4.75,4.75,11.35,1881.35,2.35,3025,1100,5,2069306.25,4,F1,275,,,,,
2026-02-18,2026-02-18,FO,NSE,STO,100806,,GODREJPROP,,2026-03-30,2026-03-30,1640.0,PE,GODREJPROP26MAR1640PE,0.0,0.0,0.0,28.0,28.0,28.0,1881.35,13.05,550,0,0,0.0,0,F1,275,,,,,
2026-02-18,2026-02-18,FO,NSE,STO,100847,,GODREJPROP,,2026-03-30,2026-03-30,1760.0,PE,GODREJPROP26MAR1760PE,0.0,0.0,0.0,60.8,0.0,60.8,1881.35,38.35,0,0,0,0.0,0,F1,275,,,,,
2026-02-18,2026-02-18,FO,NSE,STO,112008,,GODREJPROP,,2026-04-28,2026-04-28,1280.0,PE,GODREJPROP26APR1280PE,0.0,0.0,0.0,32.2,0.0,32.2,1881.35,0.6,0,0,0,0.0,0,F1,275,,,,,
2026-02-18,2026-02-18,FO,NSE,STO,112174,,GODREJPROP,,2026-04-28,2026-04-28,1440.0,PE,GODREJPROP26APR1440PE,0.0,0.0,0.0,82.45,0.0,82.45,1881.35,4.65,0,0,0,0.0,0,F1,275,,,,,
2026-02-18,2026-02-18,FO,NSE,STO,100625,,GODREJPROP,,2026-02-24,2026-02-24,1860.0,CE,GODREJPROP26FEB1860CE,33.95,47.65,24.55,41.55,38.0,27.1,1881.35,41.55,213675,41800,4013,2091126977.5,3110,F1,275,,,,,
2026-02-18,2026-02-18,FO,NSE,STO,94935,,GODREJPROP,,2026-02-24,2026-02-24,1760.0,CE,GODREJPROP26FEB1760CE,114.15,126.45,95.0,126.45,126.45,89.3,1881.35,126.45,46750,-550,78,40082638.75,69,F1,275,,,,,
2026-02-18,2026-02-18,FO,NSE,STO,100603,,GODREJPROP,,2026-02-24,2026-02-24,1420.0,CE,GODREJPROP26FEB1420CE,0.0,0.0,0.0,410.7,410.7,410.7,1881.35,462.65,1375,0,0,0.0,0,F1,275,,,,,
2026-02-18,2026-02-18,FO,NSE,STO,94861,,GODREJPROP,,2026-02-24,2026-02-24,1280.0,PE,GODREJPROP26FEB1280PE,0.0,0.0,0.0,0.4,0.4,0.4,1881.35,0.05,9900,0,0,0.0,0,F1,275,,,,,
2026-02-18,2026-02-18,FO,NSE,STO,47221,,GODREJPROP,,2026-02-24,2026-02-24,1380.0,PE,GODREJPROP26FEB1380PE,0.2,0.2,0.2,0.2,0.2,1.45,1881.35,0.05,12925,-275,1,379555.0,1,F1,275,,,,,
2026-02-18,2026-02-18,FO,NSE,STO,43951,,GODREJPROP,,2026-02-24,2026-02-24,1400.0,PE,GODREJPROP26FEB1400PE,0.6,0.9,0.6,0.65,0.65,0.95,1881.35,0.65,56375,-10725,82,31585716.25,67,F1,275,,,,,
2026-02-18,2026-02-18,FO,NSE,STO,100622,,GODREJPROP,,2026-02-24,2026-02-24,1780.0,PE,GODREJPROP26FEB1780PE,8.15,10.4,3.7,4.2,4.4,12.45,1881.35,4.2,80025,17050,1494,734084532.5,1321,F1,275,,,,,
2026-02-18,2026-02-18,FO,NSE,STO,94944,,GODREJPROP,,2026-02-24,2026-02-24,1840.0,PE,GODREJPROP26FEB1840PE,21.35,29.55,10.6,12.4,13.0,32.2,1881.35,12.4,140525,56925,2701,1380537771.25,2177,F1,275,,,,,
2026-02-18,2026-02-18,FO,NSE,STO,100631,,GODREJPROP,,2026-02-24,2026-02-24,1900.0,PE,GODREJPROP26FEB1900PE,49.65,66.25,34.35,38.2,39.7,69.3,1881.35,38.2,85250,3025,904,484561316.25,783,F1,275,,,,,
2026-02-18,2026-02-18,FO,NSE,STO,94948,,GODREJPROP,,2026-02-24,2026-02-24,1920.0,PE,GODREJPROP26FEB1920PE,63.85,82.0,50.65,52.65,52.85,90.75,1881.35,52.65,12100,6325,134,73149945.0,132,F1,275,,,,,
2026-02-18,2026-02-18,FO,NSE,STO,100649,,GODREJPROP,,2026-02-24,2026-02-24,2140.0,PE,GODREJPROP26FEB2140PE,287.1,287.1,270.0,270.0,270.0,336.6,1881.35,256.8,4125,1650,16,10649155.0,4,F1,275,,,,,
2026-02-18,2026-02-18,FO,NSE,STO,94968,,GODREJPROP,,2026-02-24,2026-02-24,2320.0,PE,GODREJPROP26FEB2320PE,466.8,466.8,447.6,449.25,449.25,630.0,1881.35,436.55,4400,2750,20,15281255.0,7,F1,275,,,,,
2026-02-18,2026-02-18,FO,NSE,STO,111754,,GODREJPROP,,2026-03-30,2026-03-30,1740.0,PE,GODREJPROP26MAR1740PE,38.45,38.45,22.35,22.35,22.35,40.0,1881.35,22.35,825,275,4,1945845.0,4,F1,275,,,,,
2026-02-18,2026-02-18,FO,NSE,STO,100855,,GODREJPROP,,2026-03-30,2026-03-30,1920.0,PE,GODREJPROP26MAR1920PE,0.0,0.0,0.0,119.9,0.0,119.9,1881.35,107.35,0,0,0,0.0,0,F1,275,,,,,
2026-02-18,2026-02-18,FO,NSE,STO,48788,,GODREJPROP,,2026-02-24,2026-02-24,1300.0,CE,GODREJPROP26FEB1300CE,554.55,554.55,554.55,554.55,554.55,511.95,1881.35,582.5,825,-825,3,1530003.75,1,F1,275,,,,,
2026-02-18,2026-02-18,FO,NSE,STO,111794,,GODREJPROP,,2026-03-30,2026-03-30,1860.0,CE,GODREJPROP26MAR1860CE,85.0,101.0,78.65,98.0,94.45,78.5,1881.35,98.0,17050,12375,96,51419280.0,85,F1,275,,,,,
2026-02-18,2026-02-18,FO,NSE,STO,111826,,GODREJPROP,,2026-03-30,2026-03-30,1900.0,CE,GODREJPROP26MAR1900CE,71.0,79.0,58.2,75.25,72.35,61.0,1881.35,75.25,50875,28325,391,211882206.25,344,F1,275,,,,,
2026-02-18,2026-02-18,FO,NSE,STO,100856,,GODREJPROP,,2026-03-30,2026-03-30,1960.0,CE,GODREJPROP26MAR1960CE,0.0,0.0,0.0,30.95,30.95,30.95,1881.35,64.45,1100,0,0,0.0,0,F1,275,,,,,
2026-02-18,2026-02-18,FO,NSE,STO,111734,,GODREJPROP,,2026-03-30,2026-03-30,1420.0,CE,GODREJPROP26MAR1420CE,0.0,0.0,0.0,169.75,0.0,169.75,1881.35,470.55,0,0,0,0.0,0,F1,275,,,,,
2026-02-18,2026-02-18,FO,NSE,STO,111726,,GODREJPROP,,2026-03-30,2026-03-30,1300.0,CE,GODREJPROP26MAR1300CE,0.0,0.0,0.0,545.0,545.0,545.0,1881.35,589.2,550,0,0,0.0,0,F1,275,,,,,
2026-02-18,2026-02-18,FO,NSE,STO,94955,,GODREJPROP,,2026-02-24,2026-02-24,2080.0,CE,GODREJPROP26FEB2080CE,1.0,1.45,1.0,1.35,1.35,2.0,1881.35,0.65,3025,-550,5,2861705.0,5,F1,275,,,,,
2026-02-18,2026-02-18,FO,NSE,STO,111859,,GODREJPROP,,2026-03-30,2026-03-30,2020.0,PE,GODREJPROP26MAR2020PE,0.0,0.0,0.0,489.25,0.0,489.25,1881.35,171.85,0,0,0,0.0,0,F1,275,,,,,
2026-02-18,2026-02-18,FO,NSE,STO,100636,,GODREJPROP,,2026-02-24,2026-02-24,2020.0,CE,GODREJPROP26FEB2020CE,4.7,4.7,2.2,3.35,3.0,3.1,1881.35,3.35,59400,3025,359,199749618.75,265,F1,275,,,,,
2026-02-18,2026-02-18,FO,NSE,STO,94947,,GODREJPROP,,2026-02-24,2026-02-24,1920.0,CE,GODREJPROP26FEB1920CE,14.55,17.55,8.95,14.7,13.2,10.45,1881.35,14.7,183425,20900,2957,1571794702.5,2593,F1,275,,,,,
2026-02-18,2026-02-18,FO,NSE,STO,94961,,GODREJPROP,,2026-02-24,2026-02-24,2200.0,CE,GODREJPROP26FEB2200CE,0.4,0.6,0.3,0.6,0.6,0.5,1881.35,0.6,55825,-3025,22,13312997.5,21,F1,275,,,,,
2026-02-18,2026-02-18,FO,NSE,STO,111744,,GODREJPROP,,2026-03-30,2026-03-30,1580.0,CE,GODREJPROP26MAR1580CE,0.0,0.0,0.0,88.15,0.0,88.15,1881.35,317.55,0,0,0,0.0,0,F1,275,,,,,
2026-02-18,2026-02-18,FO,NSE,STO,94893,,GODREJPROP,,2026-02-24,2026-02-24,1360.0,CE,GODREJPROP26FEB1360CE,492.8,510.8,492.8,510.25,510.25,331.5,1881.35,522.6,2750,1925,20,10239528.75,7,F1,275,,,,,
2026-02-18,2026-02-18,FO,NSE,STO,100611,,GODREJPROP,,2026-02-24,2026-02-24,1580.0,CE,GODREJPROP26FEB1580CE,289.95,291.45,274.05,291.45,291.45,227.2,1881.35,302.8,54175,-1100,9,4607377.5,7,F1,275,,,,,
2026-02-18,2026-02-18,FO,NSE,STO,94933,,GODREJPROP,,2026-02-24,2026-02-24,1720.0,CE,GODREJPROP26FEB1720CE,151.8,167.75,133.65,167.75,167.75,128.55,1881.35,167.75,43175,550,40,20511452.5,40,F1,275,,,,,
2026-02-18,2026-02-18,FO,NSE,STO,94938,,GODREJPROP,,2026-02-24,2026-02-24,1800.0,CE,GODREJPROP26FEB1800CE,66.0,95.9,58.7,88.8,85.0,60.95,1881.35,88.8,274450,-104500,1401,722965553.75,933,F1,275,,,,,
2026-02-18,2026-02-18,FO,NSE,STO,112009,,GODREJPROP,,2026-04-28,2026-04-28,1320.0,CE,GODREJPROP26APR1320CE,0.0,0.0,0.0,260.1,0.0,260.1,1881.35,576.05,0,0,0,0.0,0,F1,275,,,,,
2026-02-18,2026-02-18,FO,NSE,STO,94966,,GODREJPROP,,2026-02-24,2026-02-24,2280.0,PE,GODREJPROP26FEB2280PE,425.3,425.3,424.65,424.65,424.65,457.95,1881.35,396.6,4125,825,11,8182102.5,2,F1,275,,,,,
2026-02-18,2026-02-18,FO,NSE,STO,111735,,GODREJPROP,,2026-03-30,2026-03-30,1420.0,PE,GODREJPROP26MAR1420PE,0.0,0.0,0.0,17.0,17.0,17.0,1881.35,0.65,825,0,0,0.0,0,F1,275,,,,,
2026-02-18,2026-02-18,FO,NSE,STO,100784,,GODREJPROP,,2026-03-30,2026-03-30,1560.0,PE,GODREJPROP26MAR1560PE,7.75,7.75,7.75,7.75,7.75,21.35,1881.35,5.25,275,0,1,431131.25,1,F1,275,,,,,
2026-02-18,2026-02-18,FO,NSE,STO,100816,,GODREJPROP,,2026-03-30,2026-03-30,1680.0,PE,GODREJPROP26MAR1680PE,0.0,0.0,0.0,37.2,37.2,37.2,1881.35,19.35,1925,0,0,0.0,0,F1,275,,,,,
2026-02-18,2026-02-18,FO,NSE,STO,111843,,GODREJPROP,,2026-03-30,2026-03-30,1940.0,PE,GODREJPROP26MAR1940PE,0.0,0.0,0.0,415.2,0.0,415.2,1881.35,119.0,0,0,0,0.0,0,F1,275,,,,,
2026-02-18,2026-02-18,FO,NSE,STO,100863,,GODREJPROP,,2026-03-30,2026-03-30,2080.0,PE,GODREJPROP26MAR2080PE,226.0,226.0,226.0,226.0,226.0,258.0,1881.35,217.2,14575,2475,9,5707350.0,3,F1,275,,,,,
2026-02-18,2026-02-18,FO,NSE,STO,112188,,GODREJPROP,,2026-04-28,2026-04-28,1720.0,PE,GODREJPROP26APR1720PE,0.0,0.0,0.0,243.3,0.0,243.3,1881.35,47.4,0,0,0,0.0,0,F1,275,,,,,
2026-02-18,2026-02-18,FO,NSE,STO,112216,,GODREJPROP,,2026-04-28,2026-04-28,2160.0,PE,GODREJPROP26APR2160PE,0.0,0.0,0.0,618.9,0.0,618.9,1881.35,296.05,0,0,0,0.0,0,F1,275,,,,,
2026-02-18,2026-02-18,FO,NSE,STO,100634,,GODREJPROP,,2026-02-24,2026-02-24,1980.0,CE,GODREJPROP26FEB1980CE,6.45,6.8,3.8,5.75,5.1,4.85,1881.35,5.75,89650,3025,599,327015672.5,554,F1,275,,,,,
2026-02-18,2026-02-18,FO,NSE,STO,100850,,GODREJPROP,,2026-03-30,2026-03-30,1840.0,CE,GODREJPROP26MAR1840CE,100.0,101.0,87.65,101.0,101.0,86.95,1881.35,119.8,2200,-275,12,6387232.5,11,F1,275,,,,,
2026-02-18,2026-02-18,FO,NSE,STO,111747,,GODREJPROP,,2026-03-30,2026-03-30,1620.0,PE,GODREJPROP26MAR1620PE,0.0,0.0,0.0,158.55,0.0,158.55,1881.35,10.55,0,0,0,0.0,0,F1,275,,,,,
2026-02-18,2026-02-18,FO,NSE,STO,47225,,GODREJPROP,,2026-03-30,2026-03-30,1320.0,PE,GODREJPROP26MAR1320PE,0.0,0.0,0.0,2.35,2.35,2.35,1881.35,0.1,0,0,0,0.0,0,F1,275,,,,,
2026-02-18,2026-02-18,FO,NSE,STO,94931,,GODREJPROP,,2026-02-24,2026-02-24,1680.0,CE,GODREJPROP26FEB1680CE,190.65,201.3,174.05,201.15,201.3,169.0,1881.35,201.15,31075,-4125,21,10805630.0,21,F1,275,,,,,
2026-02-18,2026-02-18,FO,NSE,STO,94971,,GODREJPROP,,2026-02-24,2026-02-24,2400.0,CE,GODREJPROP26FEB2400CE,0.3,0.3,0.3,0.3,0.3,0.4,1881.35,0.05,11275,0,2,1320165.0,1,F1,275,,,,,
2026-02-18,2026-02-18,FO,NSE,STO,94960,,GODREJPROP,,2026-02-24,2026-02-24,2160.0,PE,GODREJPROP26FEB2160PE,307.6,307.6,289.6,289.9,289.9,316.1,1881.35,276.75,4125,-825,20,13526823.75,7,F1,275,,,,,
2026-02-18,2026-02-18,FO,NSE,STO,100614,,GODREJPROP,,2026-02-24,2026-02-24,1620.0,PE,GODREJPROP26FEB1620PE,2.35,2.45,1.1,1.2,1.25,3.05,1881.35,1.2,39600,-1100,168,74918882.5,136,F1,275,,,,,
2026-02-18,2026-02-18,FO,NSE,STO,37572,,GODREJPROP,,2026-02-24,2026-02-24,1480.0,PE,GODREJPROP26FEB1480PE,0.9,1.45,0.7,0.7,0.7,1.5,1881.35,0.7,33275,-1100,8,3258337.5,6,F1,275,,,,,
2026-02-18,2026-02-18,FO,NSE,STO,94894,,GODREJPROP,,2026-02-24,2026-02-24,1360.0,PE,GODREJPROP26FEB1360PE,0.3,0.4,0.3,0.4,0.4,1.85,1881.35,0.05,19525,-1100,7,2618687.5,7,F1,275,,,,,
2026-02-18,2026-02-18,FO,NSE,STO,112195,,GODREJPROP,,2026-04-28,2026-04-28,1880.0,CE,GODREJPROP26APR1880CE,0.0,0.0,0.0,35.05,0.0,35.05,1881.35,131.4,0,0,0,0.0,0,F1,275,,,,,
2026-02-18,2026-02-18,FO,NSE,STO,100708,,GODREJPROP,,2026-03-30,2026-03-30,1360.0,CE,GODREJPROP26MAR1360CE,0.0,0.0,0.0,641.75,0.0,641.75,1881.35,529.75,0,0,0,0.0,0,F1,275,,,,,
2026-02-18,2026-02-18,FO,NSE,STO,100862,,GODREJPROP,,2026-03-30,2026-03-30,2080.0,CE,GODREJPROP26MAR2080CE,17.85,21.0,16.75,19.85,19.0,18.0,1881.35,19.85,52250,43725,231,133358596.25,129,F1,275,,,,,
2026-02-18,2026-02-18,FO,NSE,STF,51883,,GODREJPROP,,2026-03-30,2026-03-30,,,GODREJPROP26MARFUT,1878.0,1903.7,1855.0,1894.2,1892.6,1856.0,1881.35,1894.2,829675,287375,2445,1264988010.0,1997,F1,275,,,,,
2026-02-18,2026-02-18,FO,NSE,STO,100574,,GODREJPROP,,2026-02-24,2026-02-24,1240.0,CE,GODREJPROP26FEB1240CE,0.0,0.0,0.0,331.3,331.3,331.3,1881.35,642.45,0,0,0,0.0,0,F1,275,,,,,
2026-02-18,2026-02-18,FO,NSE,STO,94913,,GODREJPROP,,2026-02-24,2026-02-24,1440.0,CE,GODREJPROP26FEB1440CE,413.45,430.85,413.45,428.4,428.4,373.2,1881.35,442.65,3300,2475,20,10238030.0,8,F1,275,,,,,
2026-02-18,2026-02-18,FO,NSE,STO,51543,,GODREJPROP,,2026-03-30,2026-03-30,1240.0,PE,GODREJPROP26MAR1240PE,0.0,0.0,0.0,1.95,0.0,1.95,1881.35,0.05,0,0,0,0.0,0,F1,275,,,,,
2026-02-18,2026-02-18,FO,NSE,STO,111861,,GODREJPROP,,2026-03-30,2026-03-30,2060.0,PE,GODREJPROP26MAR2060PE,0.0,0.0,0.0,527.0,0.0,527.0,1881.35,201.6,0,0,0,0.0,0,F1,275,,,,,
2026-02-18,2026-02-18,FO,NSE,STO,100853,,GODREJPROP,,2026-03-30,2026-03-30,1880.0,PE,GODREJPROP26MAR1880PE,0.0,0.0,0.0,102.75,0.0,102.75,1881.35,86.0,0,0,0,0.0,0,F1,275,,,,,
2026-02-18,2026-02-18,FO,NSE,STO,111749,,GODREJPROP,,2026-03-30,2026-03-30,1660.0,PE,GODREJPROP26MAR1660PE,0.0,0.0,0.0,19.95,19.95,19.95,1881.35,15.95,3300,0,0,0.0,0,F1,275,,,,,
2026-02-18,2026-02-18,FO,NSE,STO,94926,,GODREJPROP,,2026-02-24,2026-02-24,1560.0,PE,GODREJPROP26FEB1560PE,1.25,1.95,0.9,1.25,1.6,2.3,1881.35,1.25,71225,-4950,33,14169443.75,24,F1,275,,,,,
2026-02-18,2026-02-18,FO,NSE,STO,100617,,GODREJPROP,,2026-02-24,2026-02-24,1700.0,CE,GODREJPROP26FEB1700CE,171.15,192.9,154.0,187.55,182.85,148.75,1881.35,187.55,242550,-11550,128,65788552.5,89,F1,275,,,,,
2026-02-18,2026-02-18,FO,NSE,STO,94957,,GODREJPROP,,2026-02-24,2026-02-24,2120.0,CE,GODREJPROP26FEB2120CE,1.15,1.15,1.15,1.15,1.15,180.8,1881.35,0.2,275,275,1,583316.25,1,F1,275,,,,,
2026-02-18,2026-02-18,FO,NSE,STO,100644,,GODREJPROP,,2026-02-24,2026-02-24,2140.0,CE,GODREJPROP26FEB2140CE,0.0,0.0,0.0,2.0,2.0,2.0,1881.35,0.1,5775,0,0,0.0,0,F1,275,,,,,
2026-02-18,2026-02-18,FO,NSE,STO,112175,,GODREJPROP,,2026-04-28,2026-04-28,1480.0,CE,GODREJPROP26APR1480CE,0.0,0.0,0.0,160.5,0.0,160.5,1881.35,423.75,0,0,0,0.0,0,F1,275,,,,,
2026-02-18,2026-02-18,FO,NSE,STO,100864,,GODREJPROP,,2026-03-30,2026-03-30,2120.0,CE,GODREJPROP26MAR2120CE,15.5,15.7,12.45,14.65,14.4,13.0,1881.35,14.65,11825,8525,71,41670777.5,58,F1,275,,,,,
2026-02-18,2026-02-18,FO,NSE,STO,100852,,GODREJPROP,,2026-03-30,2026-03-30,1880.0,CE,GODREJPROP26MAR1880CE,67.15,84.0,66.2,84.0,84.0,228.25,1881.35,84.0,4675,4675,27,14543980.0,21,F1,275,,,,,
2026-02-18,2026-02-18,FO,NSE,STO,100783,,GODREJPROP,,2026-03-30,2026-03-30,1560.0,CE,GODREJPROP26MAR1560CE,0.0,0.0,0.0,460.2,0.0,460.2,1881.35,336.0,0,0,0,0.0,0,F1,275,,,,,
2026-02-18,2026-02-18,FO,NSE,STO,100781,,GODREJPROP,,2026-03-30,2026-03-30,1520.0,CE,GODREJPROP26MAR1520CE,0.0,0.0,0.0,494.9,0.0,494.9,1881.35,373.6,0,0,0,0.0,0,F1,275,,,,,
2026-02-18,2026-02-18,FO,NSE,STO,100779,,GODREJPROP,,2026-03-30,2026-03-30,1480.0,CE,GODREJPROP26MAR1480CE,0.0,0.0,0.0,530.55,0.0,530.55,1881.35,412.0,0,0,0,0.0,0,F1,275,,,,,
2026-02-18,2026-02-18,FO,NSE,STO,100746,,GODREJPROP,,2026-03-30,2026-03-30,1400.0,CE,GODREJPROP26MAR1400CE,0.0,0.0,0.0,410.0,410.0,410.0,1881.35,490.25,2200,0,0,0.0,0,F1,275,,,,,
2026-02-18,2026-02-18,FO,NSE,STO,112196,,GODREJPROP,,2026-04-28,2026-04-28,1880.0,PE,GODREJPROP26APR1880PE,0.0,0.0,0.0,368.35,0.0,368.35,1881.35,110.6,0,0,0,0.0,0,F1,275,,,,,
2026-02-18,2026-02-18,FO,NSE,STO,112089,,GODREJPROP,,2026-04-28,2026-04-28,1400.0,PE,GODREJPROP26APR1400PE,0.0,0.0,0.0,67.0,0.0,67.0,1881.35,2.95,0,0,0,0.0,0,F1,275,,,,,
2026-02-18,2026-02-18,FO,NSE,STO,100861,,GODREJPROP,,2026-03-30,2026-03-30,2040.0,PE,GODREJPROP26MAR2040PE,165.0,165.0,165.0,165.0,165.0,180.7,1881.35,165.0,275,275,1,606375.0,1,F1,275,,,,,
2026-02-18,2026-02-18,FO,NSE,STO,94973,,GODREJPROP,,2026-02-24,2026-02-24,2440.0,CE,GODREJPROP26FEB2440CE,0.4,0.4,0.3,0.3,0.3,0.6,1881.35,0.05,8525,-4950,21,14093035.0,4,F1,275,,,,,
2026-02-18,2026-02-18,FO,NSE,STO,100851,,GODREJPROP,,2026-03-30,2026-03-30,1840.0,PE,GODREJPROP26MAR1840PE,66.2,66.2,56.0,57.2,57.2,76.35,1881.35,67.35,4125,2475,10,5224271.25,7,F1,275,,,,,
2026-02-18,2026-02-18,FO,NSE,STO,111793,,GODREJPROP,,2026-03-30,2026-03-30,1820.0,PE,GODREJPROP26MAR1820PE,0.0,0.0,0.0,309.6,0.0,309.6,1881.35,59.1,0,0,0,0.0,0,F1,275,,,,,
2026-02-18,2026-02-18,FO,NSE,STO,111745,,GODREJPROP,,2026-03-30,2026-03-30,1580.0,PE,GODREJPROP26MAR1580PE,0.0,0.0,0.0,12.5,12.5,12.5,1881.35,6.7,275,0,0,0.0,0,F1,275,,,,,
2026-02-18,2026-02-18,FO,NSE,STO,100657,,GODREJPROP,,2026-02-24,2026-02-24,2300.0,PE,GODREJPROP26FEB2300PE,446.65,446.65,424.75,424.75,424.75,466.0,1881.35,416.55,15125,-275,23,17295341.25,8,F1,275,,,,,
2026-02-18,2026-02-18,FO,NSE,STO,94950,,GODREJPROP,,2026-02-24,2026-02-24,1960.0,PE,GODREJPROP26FEB1960PE,100.3,114.45,88.7,88.75,88.75,121.85,1881.35,87.15,3025,-275,47,26619051.25,44,F1,275,,,,,
2026-02-18,2026-02-18,FO,NSE,STO,100704,,GODREJPROP,,2026-03-30,2026-03-30,1200.0,CE,GODREJPROP26MAR1200CE,0.0,0.0,0.0,796.15,0.0,796.15,1881.35,688.55,0,0,0,0.0,0,F1,275,,,,,
2026-02-18,2026-02-18,FO,NSE,STO,111732,,GODREJPROP,,2026-03-30,2026-03-30,1380.0,CE,GODREJPROP26MAR1380CE,0.0,0.0,0.0,196.1,0.0,196.1,1881.35,509.95,0,0,0,0.0,0,F1,275,,,,,
2026-02-18,2026-02-18,FO,NSE,STO,100616,,GODREJPROP,,2026-02-24,2026-02-24,1660.0,PE,GODREJPROP26FEB1660PE,3.55,3.55,1.45,1.45,1.45,3.75,1881.35,1.45,60775,-32450,289,132109257.5,204,F1,275,,,,,
2026-02-18,2026-02-18,FO,NSE,STO,94934,,GODREJPROP,,2026-02-24,2026-02-24,1720.0,PE,GODREJPROP26FEB1720PE,4.65,4.65,2.05,2.25,2.3,5.75,1881.35,2.25,54450,-9625,279,132211351.25,242,F1,275,,,,,
2026-02-18,2026-02-18,FO,NSE,STO,100620,,GODREJPROP,,2026-02-24,2026-02-24,1740.0,PE,GODREJPROP26FEB1740PE,5.05,5.6,2.35,2.55,2.65,7.05,1881.35,2.55,88550,-31350,664,318448020.0,530,F1,275,,,,,
2026-02-18,2026-02-18,FO,NSE,STO,100583,,GODREJPROP,,2026-02-24,2026-02-24,1320.0,PE,GODREJPROP26FEB1320PE,2.45,2.45,2.45,2.45,2.45,0.75,1881.35,0.05,12100,-275,1,363673.75,1,F1,275,,,,,
2026-02-18,2026-02-18,FO,NSE,STO,112201,,GODREJPROP,,2026-04-28,2026-04-28,2000.0,CE,GODREJPROP26APR2000CE,0.0,0.0,0.0,20.7,0.0,20.7,1881.35,81.65,0,0,0,0.0,0,F1,275,,,,,
2026-02-18,2026-02-18,FO,NSE,STO,112199,,GODREJPROP,,2026-04-28,2026-04-28,1960.0,CE,GODREJPROP26APR1960CE,0.0,0.0,0.0,24.75,0.0,24.75,1881.35,96.3,0,0,0,0.0,0,F1,275,,,,,
2026-02-18,2026-02-18,FO,NSE,STO,112187,,GODREJPROP,,2026-04-28,2026-04-28,1720.0,CE,GODREJPROP26APR1720CE,0.0,0.0,0.0,67.5,0.0,67.5,1881.35,226.55,0,0,0,0.0,0,F1,275,,,,,
2026-02-18,2026-02-18,FO,NSE,STO,111999,,GODREJPROP,,2026-04-28,2026-04-28,1200.0,CE,GODREJPROP26APR1200CE,0.0,0.0,0.0,353.9,0.0,353.9,1881.35,693.9,0,0,0,0.0,0,F1,275,,,,,
2026-02-18,2026-02-18,FO,NSE,STO,111860,,GODREJPROP,,2026-03-30,2026-03-30,2060.0,CE,GODREJPROP26MAR2060CE,25.0,25.0,25.0,25.0,25.0,6.45,1881.35,25.0,275,275,1,573375.0,1,F1,275,,,,,
2026-02-18,2026-02-18,FO,NSE,STO,100624,,GODREJPROP,,2026-02-24,2026-02-24,1820.0,PE,GODREJPROP26FEB1820PE,15.0,20.95,7.1,8.2,8.6,23.4,1881.35,8.2,62425,-20350,2251,1134429175.0,2071,F1,275,,,,,
2026-02-18,2026-02-18,FO,NSE,STO,100643,,GODREJPROP,,2026-02-24,2026-02-24,2100.0,PE,GODREJPROP26FEB2100PE,250.0,250.0,230.0,232.0,232.0,255.85,1881.35,217.1,17050,-2750,21,13490977.5,12,F1,275,,,,,
2026-02-18,2026-02-18,FO,NSE,STO,94962,,GODREJPROP,,2026-02-24,2026-02-24,2200.0,PE,GODREJPROP26FEB2200PE,347.1,347.1,325.0,331.9,331.9,360.0,1881.35,316.7,36300,0,16,11160366.25,9,F1,275,,,,,
2026-02-18,2026-02-18,FO,NSE,STO,100709,,GODREJPROP,,2026-03-30,2026-03-30,1360.0,PE,GODREJPROP26MAR1360PE,0.0,0.0,0.0,3.9,0.0,3.9,1881.35,0.2,0,0,0,0.0,0,F1,275,,,,,
2026-02-18,2026-02-18,FO,NSE,STO,100845,,GODREJPROP,,2026-03-30,2026-03-30,1720.0,PE,GODREJPROP26MAR1720PE,0.0,0.0,0.0,34.05,34.05,34.05,1881.35,27.7,550,0,0,0.0,0,F1,275,,,,,
2026-02-18,2026-02-18,FO,NSE,STO,111792,,GODREJPROP,,2026-03-30,2026-03-30,1820.0,CE,GODREJPROP26MAR1820CE,0.0,0.0,0.0,26.55,0.0,26.55,1881.35,131.4,0,0,0,0.0,0,F1,275,,,,,
2026-02-18,2026-02-18,FO,NSE,STO,100785,,GODREJPROP,,2026-03-30,2026-03-30,1600.0,CE,GODREJPROP26MAR1600CE,270.7,270.7,270.7,270.7,270.7,238.95,1881.35,299.45,6875,-275,1,514442.5,1,F1,275,,,,,
2026-02-18,2026-02-18,FO,NSE,STO,111841,,GODREJPROP,,2026-03-30,2026-03-30,1900.0,PE,GODREJPROP26MAR1900PE,90.0,99.5,75.0,78.3,81.35,101.0,1881.35,78.3,20350,15400,96,52399077.5,85,F1,275,,,,,
2026-02-18,2026-02-18,FO,NSE,STO,47220,,GODREJPROP,,2026-02-24,2026-02-24,1380.0,CE,GODREJPROP26FEB1380CE,475.4,490.95,475.4,490.15,490.15,561.25,1881.35,502.6,2750,2750,20,10243818.75,7,F1,275,,,,,
2026-02-18,2026-02-18,FO,NSE,STO,94923,,GODREJPROP,,2026-02-24,2026-02-24,1520.0,CE,GODREJPROP26FEB1520CE,338.0,338.0,333.0,333.15,333.15,299.65,1881.35,362.7,80300,-550,3,1530141.25,3,F1,275,,,,,
2026-02-18,2026-02-18,FO,NSE,STO,100609,,GODREJPROP,,2026-02-24,2026-02-24,1540.0,CE,GODREJPROP26FEB1540CE,316.25,330.85,316.25,330.85,330.85,299.0,1881.35,342.75,99825,-1100,11,5625482.5,5,F1,275,,,,,
2026-02-18,2026-02-18,FO,NSE,STO,94929,,GODREJPROP,,2026-02-24,2026-02-24,1640.0,CE,GODREJPROP26FEB1640CE,213.9,239.85,213.9,239.85,239.85,203.0,1881.35,239.85,34100,1100,29,14866005.0,15,F1,275,,,,,
2026-02-18,2026-02-18,FO,NSE,STO,100627,,GODREJPROP,,2026-02-24,2026-02-24,1900.0,CE,GODREJPROP26FEB1900CE,19.95,25.25,12.45,21.65,19.0,14.45,1881.35,21.65,358050,-86350,7305,3853713613.75,6163,F1,275,,,,,
2026-02-18,2026-02-18,FO,NSE,STO,94959,,GODREJPROP,,2026-02-24,2026-02-24,2160.0,CE,GODREJPROP26FEB2160CE,0.0,0.0,0.0,2.0,2.0,2.0,1881.35,0.05,51700,0,0,0.0,0,F1,275,,,,,
2026-02-18,2026-02-18,FO,NSE,STO,100866,,GODREJPROP,,2026-03-30,2026-03-30,2160.0,CE,GODREJPROP26MAR2160CE,9.6,11.4,9.6,11.05,10.85,11.1,1881.35,11.05,5225,3300,16,9551657.5,16,F1,275,,,,,
2026-02-18,2026-02-18,FO,NSE,STO,100858,,GODREJPROP,,2026-03-30,2026-03-30,2000.0,CE,GODREJPROP26MAR2000CE,34.7,40.0,29.9,37.5,38.65,31.35,1881.35,37.5,64900,23925,306,171197853.75,217,F1,275,,,,,
2026-02-18,2026-02-18,FO,NSE,STO,111748,,GODREJPROP,,2026-03-30,2026-03-30,1660.0,CE,GODREJPROP26MAR1660CE,0.0,0.0,0.0,60.7,0.0,60.7,1881.35,247.3,0,0,0,0.0,0,F1,275,,,,,
2026-02-18,2026-02-18,FO,NSE,STO,111746,,GODREJPROP,,2026-03-30,2026-03-30,1620.0,CE,GODREJPROP26MAR1620CE,0.0,0.0,0.0,73.4,0.0,73.4,1881.35,281.65,0,0,0,0.0,0,F1,275,,,,,
2026-02-18,2026-02-18,FO,NSE,STO,100656,,GODREJPROP,,2026-02-24,2026-02-24,2300.0,CE,GODREJPROP26FEB2300CE,0.5,0.5,0.2,0.2,0.2,0.5,1881.35,0.2,10450,-550,12,7591086.25,8,F1,275,,,,,
2026-02-18,2026-02-18,FO,NSE,STO,94965,,GODREJPROP,,2026-02-24,2026-02-24,2280.0,CE,GODREJPROP26FEB2280CE,0.1,0.1,0.1,0.1,0.1,0.6,1881.35,0.05,4675,0,2,1254055.0,1,F1,275,,,,,
2026-02-18,2026-02-18,FO,NSE,STO,94951,,GODREJPROP,,2026-02-24,2026-02-24,2000.0,CE,GODREJPROP26FEB2000CE,4.5,5.4,3.0,4.5,4.2,4.05,1881.35,4.5,529925,-51975,1660,914852537.5,1217,F1,275,,,,,
2026-02-18,2026-02-18,FO,NSE,STO,94945,,GODREJPROP,,2026-02-24,2026-02-24,1880.0,CE,GODREJPROP26FEB1880CE,28.2,35.15,17.55,30.25,27.15,19.8,1881.35,30.25,102300,12375,3928,2058448645.0,3540,F1,275,,,,,
2026-02-18,2026-02-18,FO,NSE,STO,100613,,GODREJPROP,,2026-02-24,2026-02-24,1620.0,CE,GODREJPROP26FEB1620CE,249.75,254.15,233.4,248.5,248.5,225.75,1881.35,262.85,13750,-275,25,12815041.25,13,F1,275,,,,,
2026-02-18,2026-02-18,FO,NSE,STO,100607,,GODREJPROP,,2026-02-24,2026-02-24,1500.0,CE,GODREJPROP26FEB1500CE,369.75,371.3,353.3,371.3,371.3,327.0,1881.35,382.7,139975,-1100,15,7681093.75,11,F1,275,,,,,
2026-02-18,2026-02-18,FO,NSE,STO,37571,,GODREJPROP,,2026-02-24,2026-02-24,1480.0,CE,GODREJPROP26FEB1480CE,374.45,391.4,374.45,389.2,389.2,218.1,1881.35,402.7,24200,-2200,21,10756226.25,8,F1,275,,,,,
2026-02-18,2026-02-18,FO,NSE,STF,66840,,GODREJPROP,,2026-04-28,2026-04-28,,,GODREJPROP26APRFUT,1874.0,1912.2,1874.0,1903.3,1903.0,1864.2,1881.35,1903.3,32725,-2475,63,32756212.5,61,F1,275,,,,,
2026-02-18,2026-02-18,FO,NSE,STO,112194,,GODREJPROP,,2026-04-28,2026-04-28,1840.0,PE,GODREJPROP26APR1840PE,0.0,0.0,0.0,335.45,0.0,335.45,1881.35,91.7,0,0,0,0.0,0,F1,275,,,,,
2026-02-18,2026-02-18,FO,NSE,STO,112176,,GODREJPROP,,2026-04-28,2026-04-28,1480.0,PE,GODREJPROP26APR1480PE,0.0,0.0,0.0,99.9,0.0,99.9,1881.35,7.05,0,0,0,0.0,0,F1,275,,,,,
2026-02-18,2026-02-18,FO,NSE,STO,100857,,GODREJPROP,,2026-03-30,2026-03-30,1960.0,PE,GODREJPROP26MAR1960PE,0.0,0.0,0.0,138.6,0.0,138.6,1881.35,131.3,0,0,0,0.0,0,F1,275,,,,,
2026-02-18,2026-02-18,FO,NSE,STO,111751,,GODREJPROP,,2026-03-30,2026-03-30,1700.0,PE,GODREJPROP26MAR1700PE,22.0,25.5,16.85,17.85,18.0,26.2,1881.35,17.85,52800,9625,116,54895280.0,88,F1,275,,,,,
2026-02-18,2026-02-18,FO,NSE,STO,100641,,GODREJPROP,,2026-02-24,2026-02-24,2060.0,PE,GODREJPROP26FEB2060PE,207.8,207.8,174.9,174.9,174.9,368.0,1881.35,174.9,7975,4950,38,23593515.0,13,F1,275,,,,,
2026-02-18,2026-02-18,FO,NSE,STO,94954,,GODREJPROP,,2026-02-24,2026-02-24,2040.0,PE,GODREJPROP26FEB2040PE,175.0,188.35,162.0,162.0,162.0,420.0,1881.35,162.0,3850,3300,27,16474961.25,14,F1,275,,,,,
2026-02-18,2026-02-18,FO,NSE,STO,100635,,GODREJPROP,,2026-02-24,2026-02-24,1980.0,PE,GODREJPROP26FEB1980PE,129.25,129.25,105.25,105.25,105.25,475.0,1881.35,105.25,3025,275,33,19038360.0,25,F1,275,,,,,
2026-02-18,2026-02-18,FO,NSE,STO,94946,,GODREJPROP,,2026-02-24,2026-02-24,1880.0,PE,GODREJPROP26FEB1880PE,45.25,53.3,23.35,26.85,28.35,55.45,1881.35,26.85,82775,60225,1200,631816542.5,995,F1,275,,,,,
2026-02-18,2026-02-18,FO,NSE,STO,100618,,GODREJPROP,,2026-02-24,2026-02-24,1700.0,PE,GODREJPROP26FEB1700PE,4.0,4.25,1.8,1.9,2.05,4.9,1881.35,1.9,177375,-48950,974,456083677.5,678,F1,275,,,,,
2026-02-18,2026-02-18,FO,NSE,STO,100612,,GODREJPROP,,2026-02-24,2026-02-24,1580.0,PE,GODREJPROP26FEB1580PE,1.45,2.2,1.15,1.2,1.2,3.2,1881.35,0.05,23925,-1375,31,13481682.5,30,F1,275,,,,,
2026-02-18,2026-02-18,FO,NSE,STO,100608,,GODREJPROP,,2026-02-24,2026-02-24,1500.0,PE,GODREJPROP26FEB1500PE,1.25,1.35,0.8,0.9,0.95,1.8,1881.35,0.9,297550,-15950,249,102791081.25,162,F1,275,,,,,
2026-02-18,2026-02-18,FO,NSE,STO,100606,,GODREJPROP,,2026-02-24,2026-02-24,1460.0,PE,GODREJPROP26FEB1460PE,1.65,1.65,0.8,0.8,0.8,1.65,1881.35,0.8,75625,-2200,8,3214227.5,5,F1,275,,,,,
2026-02-18,2026-02-18,FO,NSE,STO,48789,,GODREJPROP,,2026-02-24,2026-02-24,1300.0,PE,GODREJPROP26FEB1300PE,0.1,0.25,0.1,0.2,0.2,0.55,1881.35,0.2,24475,-1375,7,2502885.0,5,F1,275,,,,,
2026-02-18,2026-02-18,FO,NSE,STO,100581,,GODREJPROP,,2026-02-24,2026-02-24,1240.0,PE,GODREJPROP26FEB1240PE,0.1,0.1,0.1,0.1,0.1,0.1,1881.35,0.1,16225,-275,1,341027.5,1,F1,275,,,,,
2026-02-18,2026-02-18,FO,NSE,STO,112181,,GODREJPROP,,2026-04-28,2026-04-28,1600.0,CE,GODREJPROP26APR1600CE,0.0,0.0,0.0,106.2,0.0,106.2,1881.35,318.4,0,0,0,0.0,0,F1,275,,,,,
2026-02-18,2026-02-18,FO,NSE,STO,94936,,GODREJPROP,,2026-02-24,2026-02-24,1760.0,PE,GODREJPROP26FEB1760PE,4.0,7.4,2.7,3.0,2.9,9.15,1881.35,3.0,304150,-10175,969,470232152.5,792,F1,275,,,,,
2026-02-18,2026-02-18,FO,NSE,STO,51542,,GODREJPROP,,2026-03-30,2026-03-30,1240.0,CE,GODREJPROP26MAR1240CE,0.0,0.0,0.0,574.15,0.0,574.15,1881.35,648.8,0,0,0,0.0,0,F1,275,,,,,
2026-02-18,2026-02-18,FO,NSE,STO,111739,,GODREJPROP,,2026-03-30,2026-03-30,1500.0,CE,GODREJPROP26MAR1500CE,0.0,0.0,0.0,325.0,325.0,325.0,1881.35,392.75,3025,0,0,0.0,0,F1,275,,,,,
2026-02-18,2026-02-18,FO,NSE,STO,94834,,GODREJPROP,,2026-02-24,2026-02-24,1200.0,CE,GODREJPROP26FEB1200CE,0.0,0.0,0.0,450.0,450.0,450.0,1881.35,682.45,550,0,0,0.0,0,F1,275,,,,,
2026-02-18,2026-02-18,FO,NSE,STO,94860,,GODREJPROP,,2026-02-24,2026-02-24,1280.0,CE,GODREJPROP26FEB1280CE,574.4,579.1,574.4,578.75,578.75,527.55,1881.35,602.5,0,-825,10,5106172.5,4,F1,275,,,,,
2026-02-18,2026-02-18,FO,NSE,STO,43950,,GODREJPROP,,2026-02-24,2026-02-24,1400.0,CE,GODREJPROP26FEB1400CE,453.85,473.5,453.85,470.4,470.4,371.2,1881.35,482.6,27775,-3300,22,11263505.0,9,F1,275,,,,,
2026-02-18,2026-02-18,FO,NSE,STO,100642,,GODREJPROP,,2026-02-24,2026-02-24,2100.0,CE,GODREJPROP26FEB2100CE,1.45,1.55,0.95,1.4,1.2,1.4,1881.35,1.4,113850,-3300,390,225358801.25,308,F1,275,,,,,
2026-02-18,2026-02-18,FO,NSE,STF,59339,,GODREJPROP,,2026-02-24,2026-02-24,,,GODREJPROP26FEBFUT,1850.8,1892.7,1843.7,1882.8,1878.0,1843.7,1881.35,1882.8,7573500,-733700,7813,4013705932.5,6303,F1,275,,,,,
2026-02-18,2026-02-18,FO,NSE,STO,112197,,GODREJPROP,,2026-04-28,2026-04-28,1920.0,CE,GODREJPROP26APR1920CE,0.0,0.0,0.0,29.5,0.0,29.5,1881.35,112.85,0,0,0,0.0,0,F1,275,,,,,
2026-02-18,2026-02-18,FO,NSE,STO,112179,,GODREJPROP,,2026-04-28,2026-04-28,1560.0,CE,GODREJPROP26APR1560CE,0.0,0.0,0.0,122.4,0.0,122.4,1881.35,352.3,0,0,0,0.0,0,F1,275,,,,,
2026-02-18,2026-02-18,FO,NSE,STO,100787,,GODREJPROP,,2026-03-30,2026-03-30,1640.0,CE,GODREJPROP26MAR1640CE,0.0,0.0,0.0,394.1,0.0,394.1,1881.35,264.25,0,0,0,0.0,0,F1,275,,,,,
2026-02-18,2026-02-18,FO,NSE,STO,112200,,GODREJPROP,,2026-04-28,2026-04-28,1960.0,PE,GODREJPROP26APR1960PE,0.0,0.0,0.0,436.85,0.0,436.85,1881.35,154.65,0,0,0,0.0,0,F1,275,,,,,
2026-02-18,2026-02-18,FO,NSE,STO,100846,,GODREJPROP,,2026-03-30,2026-03-30,1760.0,CE,GODREJPROP26MAR1760CE,0.0,0.0,0.0,25.0,25.0,25.0,1881.35,170.25,550,0,0,0.0,0,F1,275,,,,,
2026-02-18,2026-02-18,FO,NSE,STO,112186,,GODREJPROP,,2026-04-28,2026-04-28,1680.0,PE,GODREJPROP26APR1680PE,0.0,0.0,0.0,215.2,0.0,215.2,1881.35,36.65,0,0,0,0.0,0,F1,275,,,,,
2026-02-18,2026-02-18,FO,NSE,STO,100650,,GODREJPROP,,2026-02-24,2026-02-24,2180.0,CE,GODREJPROP26FEB2180CE,1.95,1.95,0.35,0.35,0.35,0.6,1881.35,0.05,7425,0,4,2399031.25,4,F1,275,,,,,
2026-02-18,2026-02-18,FO,NSE,STO,100747,,GODREJPROP,,2026-03-30,2026-03-30,1400.0,PE,GODREJPROP26MAR1400PE,5.0,5.0,5.0,5.0,5.0,4.5,1881.35,0.45,2200,0,1,386375.0,1,F1,275,,,,,
2026-02-18,2026-02-18,FO,NSE,STO,94974,,GODREJPROP,,2026-02-24,2026-02-24,2440.0,PE,GODREJPROP26FEB2440PE,586.65,586.65,555.85,555.85,555.85,620.0,1881.35,555.85,6050,825,13,10793323.75,4,F1,275,,,,,
2026-02-18,2026-02-18,FO,NSE,STO,94952,,GODREJPROP,,2026-02-24,2026-02-24,2000.0,PE,GODREJPROP26FEB2000PE,140.0,152.6,115.0,120.8,124.0,164.0,1881.35,120.8,87450,-5775,94,55269678.75,66,F1,275,,,,,
2026-02-18,2026-02-18,FO,NSE,STO,111825,,GODREJPROP,,2026-03-30,2026-03-30,1860.0,PE,GODREJPROP26MAR1860PE,72.7,78.75,57.0,59.2,57.0,82.0,1881.35,59.2,10450,4950,41,21741101.25,40,F1,275,,,,,
2026-02-18,2026-02-18,FO,NSE,STO,100780,,GODREJPROP,,2026-03-30,2026-03-30,1480.0,PE,GODREJPROP26MAR1480PE,0.0,0.0,0.0,10.9,0.0,10.9,1881.35,1.75,0,0,0,0.0,0,F1,275,,,,,
2026-02-18,2026-02-18,FO,NSE,STO,111733,,GODREJPROP,,2026-03-30,2026-03-30,1380.0,PE,GODREJPROP26MAR1380PE,0.0,0.0,0.0,43.75,0.0,43.75,1881.35,0.35,0,0,0,0.0,0,F1,275,,,,,
2026-02-18,2026-02-18,FO,NSE,STO,111727,,GODREJPROP,,2026-03-30,2026-03-30,1300.0,PE,GODREJPROP26MAR1300PE,0.0,0.0,0.0,23.75,0.0,23.75,1881.35,0.05,0,0,0,0.0,0,F1,275,,,,,
2026-02-18,2026-02-18,FO,NSE,STO,94970,,GODREJPROP,,2026-02-24,2026-02-24,2360.0,PE,GODREJPROP26FEB2360PE,506.45,506.45,505.5,505.5,505.5,832.0,1881.35,476.5,3300,2750,10,7881128.75,3,F1,275,,,,,
2026-02-18,2026-02-18,FO,NSE,STO,100626,,GODREJPROP,,2026-02-24,2026-02-24,1860.0,PE,GODREJPROP26FEB1860PE,28.4,40.9,15.55,18.35,19.6,43.1,1881.35,18.35,73425,23650,1325,687313261.25,1143,F1,275,,,,,
2026-02-18,2026-02-18,FO,NSE,STO,94942,,GODREJPROP,,2026-02-24,2026-02-24,1800.0,PE,GODREJPROP26FEB1800PE,11.0,14.65,5.0,5.75,6.15,17.2,1881.35,5.75,207625,-29150,3400,1691362282.5,2708,F1,275,,,,,
2026-02-18,2026-02-18,FO,NSE,STO,94930,,GODREJPROP,,2026-02-24,2026-02-24,1640.0,PE,GODREJPROP26FEB1640PE,2.3,2.3,1.35,1.5,1.55,3.4,1881.35,1.5,130900,8525,301,135913153.75,218,F1,275,,,,,
2026-02-18,2026-02-18,FO,NSE,STO,94924,,GODREJPROP,,2026-02-24,2026-02-24,1520.0,PE,GODREJPROP26FEB1520PE,1.1,1.4,0.8,0.85,0.8,1.9,1881.35,0.85,71775,-5500,56,23424555.0,41,F1,275,,,,,
2026-02-18,2026-02-18,FO,NSE,STO,112177,,GODREJPROP,,2026-04-28,2026-04-28,1520.0,CE,GODREJPROP26APR1520CE,0.0,0.0,0.0,140.5,0.0,140.5,1881.35,387.45,0,0,0,0.0,0,F1,275,,,,,
2026-02-18,2026-02-18,FO,NSE,STO,100854,,GODREJPROP,,2026-03-30,2026-03-30,1920.0,CE,GODREJPROP26MAR1920CE,65.0,65.0,65.0,65.0,65.0,38.05,1881.35,65.0,825,275,1,545875.0,1,F1,275,,,,,
2026-02-18,2026-02-18,FO,NSE,STO,111755,,GODREJPROP,,2026-03-30,2026-03-30,1780.0,CE,GODREJPROP26MAR1780CE,0.0,0.0,0.0,32.95,0.0,32.95,1881.35,156.65,0,0,0,0.0,0,F1,275,,,,,
2026-02-18,2026-02-18,FO,NSE,STO,100706,,GODREJPROP,,2026-03-30,2026-03-30,1280.0,CE,GODREJPROP26MAR1280CE,0.0,0.0,0.0,245.0,245.0,245.0,1881.35,609.1,275,0,0,0.0,0,F1,275,,,,,
2026-02-18,2026-02-18,FO,NSE,STO,100658,,GODREJPROP,,2026-02-24,2026-02-24,2340.0,CE,GODREJPROP26FEB2340CE,0.0,0.0,0.0,0.95,0.95,0.95,1881.35,0.05,825,0,0,0.0,0,F1,275,,,,,
2026-02-18,2026-02-18,FO,NSE,STO,100619,,GODREJPROP,,2026-02-24,2026-02-24,1740.0,CE,GODREJPROP26FEB1740CE,126.0,150.0,109.8,145.0,143.6,108.9,1881.35,145.0,62425,-1100,44,22552227.5,42,F1,275,,,,,
2026-02-18,2026-02-18,FO,NSE,STO,94927,,GODREJPROP,,2026-02-24,2026-02-24,1600.0,CE,GODREJPROP26FEB1600CE,270.0,284.95,249.95,283.7,281.8,244.3,1881.35,283.7,123750,-1375,33,16943300.0,20,F1,275,,,,,
2026-02-18,2026-02-18,FO,NSE,STO,100582,,GODREJPROP,,2026-02-24,2026-02-24,1320.0,CE,GODREJPROP26FEB1320CE,533.8,545.25,533.8,545.25,545.25,492.7,1881.35,562.55,550,-1375,15,7654061.25,6,F1,275,,,,,
2026-02-18,2026-02-18,FO,NSE,STO,112184,,GODREJPROP,,2026-04-28,2026-04-28,1640.0,PE,GODREJPROP26APR1640PE,0.0,0.0,0.0,188.7,0.0,188.7,1881.35,27.75,0,0,0,0.0,0,F1,275,,,,,
2026-02-18,2026-02-18,FO,NSE,STO,112180,,GODREJPROP,,2026-04-28,2026-04-28,1560.0,PE,GODREJPROP26APR1560PE,0.0,0.0,0.0,140.6,0.0,140.6,1881.35,14.8,0,0,0,0.0,0,F1,275,,,,,
2026-02-18,2026-02-18,FO,NSE,STO,112182,,GODREJPROP,,2026-04-28,2026-04-28,1600.0,PE,GODREJPROP26APR1600PE,53.0,54.0,53.0,54.0,54.0,76.0,1881.35,20.5,11550,6050,22,10005600.0,2,F1,275,,,,,
2026-02-18,2026-02-18,FO,NSE,STO,112014,,GODREJPROP,,2026-04-28,2026-04-28,1360.0,PE,GODREJPROP26APR1360PE,0.0,0.0,0.0,53.55,0.0,53.55,1881.35,1.8,0,0,0,0.0,0,F1,275,,,,,
2026-02-18,2026-02-18,FO,NSE,STO,112010,,GODREJPROP,,2026-04-28,2026-04-28,1320.0,PE,GODREJPROP26APR1320PE,0.0,0.0,0.0,42.0,0.0,42.0,1881.35,1.05,0,0,0,0.0,0,F1,275,,,,,
2026-02-18,2026-02-18,FO,NSE,STO,112000,,GODREJPROP,,2026-04-28,2026-04-28,1200.0,PE,GODREJPROP26APR1200PE,0.0,0.0,0.0,17.6,0.0,17.6,1881.35,0.15,0,0,0,0.0,0,F1,275,,,,,
2026-02-18,2026-02-18,FO,NSE,STO,100865,,GODREJPROP,,2026-03-30,2026-03-30,2120.0,PE,GODREJPROP26MAR2120PE,238.0,238.0,238.0,238.0,238.0,275.4,1881.35,238.0,2200,-275,1,648450.0,1,F1,275,,,,,
2026-02-18,2026-02-18,FO,NSE,STO,100849,,GODREJPROP,,2026-03-30,2026-03-30,1800.0,PE,GODREJPROP26MAR1800PE,55.0,55.0,36.95,38.25,39.0,53.0,1881.35,38.25,134475,5500,320,162314418.75,248,F1,275,,,,,
2026-02-18,2026-02-18,FO,NSE,STO,111791,,GODREJPROP,,2026-03-30,2026-03-30,1780.0,PE,GODREJPROP26MAR1780PE,40.0,40.0,40.0,40.0,40.0,50.0,1881.35,44.6,1925,0,1,500500.0,1,F1,275,,,,,
2026-02-18,2026-02-18,FO,NSE,STO,94972,,GODREJPROP,,2026-02-24,2026-02-24,2400.0,PE,GODREJPROP26FEB2400PE,547.2,547.2,546.3,546.3,546.3,573.4,1881.35,516.5,14025,2750,10,8103260.0,3,F1,275,,,,,
2026-02-18,2026-02-18,FO,NSE,STO,94956,,GODREJPROP,,2026-02-24,2026-02-24,2080.0,PE,GODREJPROP26FEB2080PE,227.4,227.4,210.45,212.35,212.35,260.0,1881.35,197.4,13475,-550,23,14557193.75,7,F1,275,,,,,
2026-02-18,2026-02-18,FO,NSE,STO,100621,,GODREJPROP,,2026-02-24,2026-02-24,1780.0,CE,GODREJPROP26FEB1780CE,98.35,108.4,75.8,105.15,104.5,75.75,1881.35,105.15,58025,-7975,187,96260010.0,156,F1,275,,,,,
2026-02-18,2026-02-18,FO,NSE,STO,94943,,GODREJPROP,,2026-02-24,2026-02-24,1840.0,CE,GODREJPROP26FEB1840CE,40.8,61.2,33.75,54.7,51.95,36.25,1881.35,54.7,102025,-91575,1964,1018712296.25,1470,F1,275,,,,,
2026-02-18,2026-02-18,FO,NSE,STO,100640,,GODREJPROP,,2026-02-24,2026-02-24,2060.0,CE,GODREJPROP26FEB2060CE,0.0,0.0,0.0,5.0,5.0,5.0,1881.35,1.1,550,0,0,0.0,0,F1,275,,,,,
2026-02-18,2026-02-18,FO,NSE,STO,94967,,GODREJPROP,,2026-02-24,2026-02-24,2320.0,CE,GODREJPROP26FEB2320CE,0.0,0.0,0.0,1.0,1.0,1.0,1881.35,0.05,1100,0,0,0.0,0,F1,275,,,,,
2026-02-18,2026-02-18,FO,NSE,STO,111736,,GODREJPROP,,2026-03-30,2026-03-30,1460.0,CE,GODREJPROP26MAR1460CE,0.0,0.0,0.0,145.8,0.0,145.8,1881.35,431.4,0,0,0,0.0,0,F1,275,,,,,
2026-02-18,2026-02-18,FO,NSE,STO,111742,,GODREJPROP,,2026-03-30,2026-03-30,1540.0,CE,GODREJPROP26MAR1540CE,0.0,0.0,0.0,105.05,0.0,105.05,1881.35,354.7,0,0,0,0.0,0,F1,275,,,,,
2026-02-18,2026-02-18,FO,NSE,STO,100848,,GODREJPROP,,2026-03-30,2026-03-30,1800.0,CE,GODREJPROP26MAR1800CE,121.0,139.65,108.4,133.95,130.0,109.2,1881.35,133.95,25300,-9075,132,69722056.25,96,F1,275,,,,,
2026-02-18,2026-02-18,FO,NSE,STO,111844,,GODREJPROP,,2026-03-30,2026-03-30,1980.0,CE,GODREJPROP26MAR1980CE,0.0,0.0,0.0,10.55,0.0,10.55,1881.35,57.5,0,0,0,0.0,0,F1,275,,,,,
2026-02-18,2026-02-18,FO,NSE,STO,100860,,GODREJPROP,,2026-03-30,2026-03-30,2040.0,CE,GODREJPROP26MAR2040CE,0.0,0.0,0.0,14.0,14.0,14.0,1881.35,40.05,275,0,0,0.0,0,F1,275,,,,,
2026-02-18,2026-02-18,FO,NSE,STO,112204,,GODREJPROP,,2026-04-28,2026-04-28,2040.0,CE,GODREJPROP26APR2040CE,0.0,0.0,0.0,17.25,0.0,17.25,1881.35,68.8,0,0,0,0.0,0,F1,275,,,,,
2026-02-18,2026-02-18,FO,NSE,STO,112192,,GODREJPROP,,2026-04-28,2026-04-28,1800.0,PE,GODREJPROP26APR1800PE,0.0,0.0,0.0,72.0,72.0,72.0,1881.35,74.85,1100,0,0,0.0,0,F1,275,,,,,
2026-02-18,2026-02-18,FO,NSE,STO,112178,,GODREJPROP,,2026-04-28,2026-04-28,1520.0,PE,GODREJPROP26APR1520PE,0.0,0.0,0.0,119.3,0.0,119.3,1881.35,10.4,0,0,0,0.0,0,F1,275,,,,,
2026-02-18,2026-02-18,FO,NSE,STO,111743,,GODREJPROP,,2026-03-30,2026-03-30,1540.0,PE,GODREJPROP26MAR1540PE,0.0,0.0,0.0,13.0,13.0,13.0,1881.35,4.1,275,0,0,0.0,0,F1,275,,,,,
2026-02-18,2026-02-18,FO,NSE,STO,100782,,GODREJPROP,,2026-03-30,2026-03-30,1520.0,PE,GODREJPROP26MAR1520PE,0.0,0.0,0.0,8.0,8.0,8.0,1881.35,3.15,3850,0,0,0.0,0,F1,275,,,,,
2026-02-18,2026-02-18,FO,NSE,STO,112191,,GODREJPROP,,2026-04-28,2026-04-28,1800.0,CE,GODREJPROP26APR1800CE,0.0,0.0,0.0,219.8,220.0,219.8,1881.35,174.8,4950,0,0,0.0,0,F1,275,,,,,
2026-02-18,2026-02-18,FO,NSE,STO,111842,,GODREJPROP,,2026-03-30,2026-03-30,1940.0,CE,GODREJPROP26MAR1940CE,0.0,0.0,0.0,13.4,0.0,13.4,1881.35,72.0,0,0,0,0.0,0,F1,275,,,,,
2026-02-18,2026-02-18,FO,NSE,STO,100769,,GODREJPROP,,2026-03-30,2026-03-30,1440.0,CE,GODREJPROP26MAR1440CE,0.0,0.0,0.0,566.95,0.0,566.95,1881.35,450.95,0,0,0,0.0,0,F1,275,,,,,
2026-02-18,2026-02-18,FO,NSE,STO,112207,,GODREJPROP,,2026-04-28,2026-04-28,2080.0,CE,GODREJPROP26APR2080CE,0.0,0.0,0.0,14.35,0.0,14.35,1881.35,57.65,0,0,0,0.0,0,F1,275,,,,,
2026-02-18,2026-02-18,FO,NSE,STO,47219,,GODREJPROP,,2026-02-24,2026-02-24,1340.0,PE,GODREJPROP26FEB1340PE,0.0,0.0,0.0,1.45,1.45,1.45,1881.35,0.05,12650,0,0,0.0,0,F1,275,,,,,
2026-02-18,2026-02-18,FO,NSE,STO,47224,,GODREJPROP,,2026-03-30,2026-03-30,1320.0,CE,GODREJPROP26MAR1320CE,0.0,0.0,0.0,629.8,0.0,629.8,1881.35,569.4,0,0,0,0.0,0,F1,275,,,,,
2026-02-18,2026-02-18,FO,NSE,STO,100623,,GODREJPROP,,2026-02-24,2026-02-24,1820.0,CE,GODREJPROP26FEB1820CE,57.65,78.7,45.7,71.2,66.6,47.55,1881.35,71.2,82775,-14850,772,399275896.25,597,F1,275,,,,,
2026-02-18,2026-02-18,FO,NSE,STO,94928,,GODREJPROP,,2026-02-24,2026-02-24,1600.0,PE,GODREJPROP26FEB1600PE,1.7,1.75,0.95,1.0,1.05,2.55,1881.35,1.0,177100,-33550,531,233849921.25,349,F1,275,,,,,
2026-02-18,2026-02-18,FO,NSE,STO,112189,,GODREJPROP,,2026-04-28,2026-04-28,1760.0,CE,GODREJPROP26APR1760CE,0.0,0.0,0.0,57.7,0.0,57.7,1881.35,199.65,0,0,0,0.0,0,F1,275,,,,,
2026-02-18,2026-02-18,FO,NSE,STO,112198,,GODREJPROP,,2026-04-28,2026-04-28,1920.0,PE,GODREJPROP26APR1920PE,0.0,0.0,0.0,402.2,0.0,402.2,1881.35,131.65,0,0,0,0.0,0,F1,275,,,,,
2026-02-18,2026-02-18,FO,NSE,STO,112190,,GODREJPROP,,2026-04-28,2026-04-28,1760.0,PE,GODREJPROP26APR1760PE,0.0,0.0,0.0,272.85,0.0,272.85,1881.35,60.1,0,0,0,0.0,0,F1,275,,,,,
2026-02-18,2026-02-18,FO,NSE,STO,100807,,GODREJPROP,,2026-03-30,2026-03-30,1680.0,CE,GODREJPROP26MAR1680CE,0.0,0.0,0.0,100.0,100.0,100.0,1881.35,230.8,275,0,0,0.0,0,F1,275,,,,,
2026-02-18,2026-02-18,FO,NSE,STO,111750,,GODREJPROP,,2026-03-30,2026-03-30,1700.0,CE,GODREJPROP26MAR1700CE,196.0,212.0,189.65,212.0,212.0,182.35,1881.35,212.0,7700,825,12,6252537.5,9,F1,275,,,,,
2026-02-18,2026-02-18,FO,NSE,STO,100817,,GODREJPROP,,2026-03-30,2026-03-30,1720.0,CE,GODREJPROP26MAR1720CE,174.05,174.05,174.05,174.05,174.05,120.7,1881.35,199.35,550,275,2,1041727.5,2,F1,275,,,,,
2026-02-18,2026-02-18,FO,NSE,STO,111752,,GODREJPROP,,2026-03-30,2026-03-30,1740.0,CE,GODREJPROP26MAR1740CE,0.0,0.0,0.0,40.7,0.0,40.7,1881.35,184.5,0,0,0,0.0,0,F1,275,,,,,
2026-02-18,2026-02-18,FO,NSE,STO,111846,,GODREJPROP,,2026-03-30,2026-03-30,2020.0,CE,GODREJPROP26MAR2020CE,0.0,0.0,0.0,8.25,0.0,8.25,1881.35,45.35,0,0,0,0.0,0,F1,275,,,,,
2026-02-18,2026-02-18,FO,NSE,STO,112185,,GODREJPROP,,2026-04-28,2026-04-28,1680.0,CE,GODREJPROP26APR1680CE,0.0,0.0,0.0,78.85,0.0,78.85,1881.35,255.35,0,0,0,0.0,0,F1,275,,,,,
2026-02-18,2026-02-18,FO,NSE,STO,100604,,GODREJPROP,,2026-02-24,2026-02-24,1420.0,PE,GODREJPROP26FEB1420PE,0.25,0.85,0.25,0.7,0.7,1.7,1881.35,0.7,8250,-7975,40,15625733.75,36,F1,275,,,,,
2026-02-18,2026-02-18,FO,NSE,STO,100610,,GODREJPROP,,2026-02-24,2026-02-24,1540.0,PE,GODREJPROP26FEB1540PE,1.2,1.2,0.85,0.9,0.9,2.3,1881.35,0.9,60225,-550,6,2542622.5,5,F1,275,,,,,
2026-02-18,2026-02-18,FO,NSE,STO,100633,,GODREJPROP,,2026-02-24,2026-02-24,1940.0,PE,GODREJPROP26FEB1940PE,79.6,96.3,63.65,68.2,69.7,103.7,1881.35,68.2,4675,825,52,28918381.25,52,F1,275,,,,,
2026-02-18,2026-02-18,FO,NSE,STO,100637,,GODREJPROP,,2026-02-24,2026-02-24,2020.0,PE,GODREJPROP26FEB2020PE,166.55,166.55,142.85,143.45,142.85,490.0,1881.35,143.45,2475,275,33,19749496.25,22,F1,275,,,,,
2026-02-18,2026-02-18,FO,NSE,STO,100705,,GODREJPROP,,2026-03-30,2026-03-30,1200.0,PE,GODREJPROP26MAR1200PE,0.0,0.0,0.0,1.05,1.05,1.05,1881.35,0.05,4950,0,0,0.0,0,F1,275,,,,,
2026-02-18,2026-02-18,FO,NSE,STO,100707,,GODREJPROP,,2026-03-30,2026-03-30,1280.0,PE,GODREJPROP26MAR1280PE,0.0,0.0,0.0,1.7,0.0,1.7,1881.35,0.05,0,0,0,0.0,0,F1,275,,,,,
2026-02-18,2026-02-18,FO,NSE,STO,111737,,GODREJPROP,,2026-03-30,2026-03-30,1460.0,PE,GODREJPROP26MAR1460PE,0.0,0.0,0.0,22.75,22.75,22.75,1881.35,1.3,550,0,0,0.0,0,F1,275,,,,,
2026-02-18,2026-02-18,FO,NSE,STO,100786,,GODREJPROP,,2026-03-30,2026-03-30,1600.0,PE,GODREJPROP26MAR1600PE,11.1,12.3,8.85,8.95,9.0,13.3,1881.35,8.95,23925,4400,82,36323031.25,68,F1,275,,,,,
2026-02-18,2026-02-18,FO,NSE,STO,111845,,GODREJPROP,,2026-03-30,2026-03-30,1980.0,PE,GODREJPROP26MAR1980PE,131.95,131.95,131.95,131.95,131.95,451.9,1881.35,144.25,275,275,1,580786.25,1,F1,275,,,,,
2026-02-18,2026-02-18,FO,NSE,STO,100859,,GODREJPROP,,2026-03-30,2026-03-30,2000.0,PE,GODREJPROP26MAR2000PE,155.0,168.0,135.0,139.1,140.0,174.0,1881.35,139.1,12925,5500,46,27231902.5,27,F1,275,,,,,
2026-02-18,2026-02-18,FO,NSE,STO,100867,,GODREJPROP,,2026-03-30,2026-03-30,2160.0,PE,GODREJPROP26MAR2160PE,300.15,300.15,255.0,283.0,283.0,308.65,1881.35,283.65,9075,3025,18,12074205.0,11,F1,275,,,,,
2026-02-18,2026-02-18,FO,NSE,STO,112202,,GODREJPROP,,2026-04-28,2026-04-28,2000.0,PE,GODREJPROP26APR2000PE,0.0,0.0,0.0,472.2,0.0,472.2,1881.35,179.6,0,0,0,0.0,0,F1,275,,,,,
2026-02-18,2026-02-18,FO,NSE,STO,46472,,KOTAKBANK,,2026-02-24,2026-02-24,427.5,CE,KOTAKBANK26FEB427.5CE,3.0,3.6,1.75,3.05,3.05,3.15,426.35,3.05,596000,196000,917,789351200.0,811,F1,2000,,,,,
2026-02-18,2026-02-18,FO,NSE,STO,126394,,KOTAKBANK,,2026-02-24,2026-02-24,444.0,CE,KOTAKBANK26FEB444CE,0.0,0.0,0.0,0.5,0.5,0.5,426.35,0.25,334000,0,0,0.0,0,F1,2000,,,,,
2026-02-18,2026-02-18,FO,NSE,STO,126714,,KOTAKBANK,,2026-03-30,2026-03-30,400.0,CE,KOTAKBANK26MAR400CE,29.7,31.0,26.5,30.7,30.7,28.5,426.35,30.5,174000,46000,32,27434900.0,16,F1,2000,,,,,
2026-02-18,2026-02-18,FO,NSE,STO,133956,,KOTAKBANK,,2026-03-30,2026-03-30,407.5,CE,KOTAKBANK26MAR407.5CE,0.0,0.0,0.0,25.0,25.0,25.0,426.35,24.35,12000,0,0,0.0,0,F1,2000,,,,,
2026-02-18,2026-02-18,FO,NSE,STO,111427,,KOTAKBANK,,2026-02-24,2026-02-24,368.0,PE,KOTAKBANK26FEB368PE,0.2,0.2,0.15,0.15,0.15,0.2,426.35,0.05,134000,0,6,4418000.0,6,F1,2000,,,,,
2026-02-18,2026-02-18,FO,NSE,STO,111441,,KOTAKBANK,,2026-02-24,2026-02-24,424.0,PE,KOTAKBANK26FEB424PE,4.15,5.5,2.6,2.8,2.8,4.5,426.35,2.8,950000,160000,650,556454900.0,606,F1,2000,,,,,
2026-02-18,2026-02-18,FO,NSE,STO,46475,,KOTAKBANK,,2026-02-24,2026-02-24,430.0,PE,KOTAKBANK26FEB430PE,7.6,9.8,5.8,6.2,6.05,8.1,426.35,6.2,984000,-66000,154,134735200.0,133,F1,2000,,,,,
2026-02-18,2026-02-18,FO,NSE,STO,46784,,KOTAKBANK,,2026-02-24,2026-02-24,435.0,PE,KOTAKBANK26FEB435PE,14.0,14.0,14.0,14.0,14.0,11.1,426.35,9.55,242000,-2000,1,898000.0,1,F1,2000,,,,,
2026-02-18,2026-02-18,FO,NSE,STO,49406,,KOTAKBANK,,2026-03-30,2026-03-30,365.0,PE,KOTAKBANK26MAR365PE,0.0,0.0,0.0,1.75,0.0,1.75,426.35,0.05,0,0,0,0.0,0,F1,2000,,,,,
2026-02-18,2026-02-18,FO,NSE,STO,126715,,KOTAKBANK,,2026-03-30,2026-03-30,400.0,PE,KOTAKBANK26MAR400PE,2.25,2.55,2.05,2.2,2.2,2.45,426.35,2.2,436000,4000,223,179408900.0,126,F1,2000,,,,,
2026-02-18,2026-02-18,FO,NSE,STO,49499,,KOTAKBANK,,2026-03-30,2026-03-30,490.0,PE,KOTAKBANK26MAR490PE,0.0,0.0,0.0,65.75,0.0,65.75,426.35,60.9,0,0,0,0.0,0,F1,2000,,,,,
2026-02-18,2026-02-18,FO,NSE,STO,134343,,KOTAKBANK,,2026-04-28,2026-04-28,395.0,PE,KOTAKBANK26APR395PE,0.0,0.0,0.0,11.8,0.0,11.8,426.35,2.55,0,0,0,0.0,0,F1,2000,,,,,
2026-02-18,2026-02-18,FO,NSE,STO,134457,,KOTAKBANK,,2026-04-28,2026-04-28,440.0,PE,KOTAKBANK26APR440PE,0.0,0.0,0.0,35.75,0.0,35.75,426.35,19.25,0,0,0,0.0,0,F1,2000,,,,,
2026-02-18,2026-02-18,FO,NSE,STO,111432,,KOTAKBANK,,2026-02-24,2026-02-24,392.0,CE,KOTAKBANK26FEB392CE,0.0,0.0,0.0,19.55,19.55,19.55,426.35,34.7,14000,0,0,0.0,0,F1,2000,,,,,
2026-02-18,2026-02-18,FO,NSE,STO,111436,,KOTAKBANK,,2026-02-24,2026-02-24,408.0,CE,KOTAKBANK26FEB408CE,15.55,15.55,14.85,14.85,14.85,16.1,426.35,18.85,470000,-4000,2,1692800.0,2,F1,2000,,,,,
2026-02-18,2026-02-18,FO,NSE,STO,49414,,KOTAKBANK,,2026-03-30,2026-03-30,380.0,PE,KOTAKBANK26MAR380PE,0.9,0.9,0.8,0.85,0.85,1.0,426.35,0.85,62000,10000,12,9140300.0,12,F1,2000,,,,,
2026-02-18,2026-02-18,FO,NSE,STO,126713,,KOTAKBANK,,2026-03-30,2026-03-30,392.0,PE,KOTAKBANK26MAR392PE,0.0,0.0,0.0,4.0,4.0,4.0,426.35,0.9,2000,0,0,0.0,0,F1,2000,,,,,
2026-02-18,2026-02-18,FO,NSE,STO,49424,,KOTAKBANK,,2026-03-30,2026-03-30,395.0,PE,KOTAKBANK26MAR395PE,0.0,0.0,0.0,1.95,1.95,1.95,426.35,1.15,4000,0,0,0.0,0,F1,2000,,,,,
2026-02-18,2026-02-18,FO,NSE,STO,46428,,KOTAKBANK,,2026-02-24,2026-02-24,382.5,CE,KOTAKBANK26FEB382.5CE,0.0,0.0,0.0,33.15,33.15,33.15,426.35,44.2,14000,0,0,0.0,0,F1,2000,,,,,
2026-02-18,2026-02-18,FO,NSE,STO,46458,,KOTAKBANK,,2026-02-24,2026-02-24,412.5,CE,KOTAKBANK26FEB412.5CE,0.0,0.0,0.0,16.6,16.9,16.6,426.35,14.6,352000,0,0,0.0,0,F1,2000,,,,,
2026-02-18,2026-02-18,FO,NSE,STO,111438,,KOTAKBANK,,2026-02-24,2026-02-24,416.0,CE,KOTAKBANK26FEB416CE,8.85,8.85,7.35,8.25,8.25,11.5,426.35,11.5,246000,-2000,21,17804200.0,21,F1,2000,,,,,
2026-02-18,2026-02-18,FO,NSE,STO,49163,,KOTAKBANK,,2026-02-24,2026-02-24,452.5,CE,KOTAKBANK26FEB452.5CE,0.3,0.3,0.2,0.25,0.25,0.3,426.35,0.25,84000,-6000,21,19015700.0,21,F1,2000,,,,,
2026-02-18,2026-02-18,FO,NSE,STO,49421,,KOTAKBANK,,2026-03-30,2026-03-30,395.0,CE,KOTAKBANK26MAR395CE,0.0,0.0,0.0,37.7,0.0,37.7,426.35,34.9,0,0,0,0.0,0,F1,2000,,,,,
2026-02-18,2026-02-18,FO,NSE,STO,49439,,KOTAKBANK,,2026-03-30,2026-03-30,410.0,CE,KOTAKBANK26MAR410CE,20.0,21.35,18.5,21.35,21.35,21.0,426.35,22.45,148000,0,7,6016400.0,7,F1,2000,,,,,
2026-02-18,2026-02-18,FO,NSE,STO,49470,,KOTAKBANK,,2026-03-30,2026-03-30,455.0,CE,KOTAKBANK26MAR455CE,1.7,2.4,1.7,2.4,2.4,2.25,426.35,2.4,26000,8000,4,3657700.0,4,F1,2000,,,,,
2026-02-18,2026-02-18,FO,NSE,STO,134281,,KOTAKBANK,,2026-04-28,2026-04-28,350.0,CE,KOTAKBANK26APR350CE,0.0,0.0,0.0,66.05,0.0,66.05,426.35,80.05,0,0,0,0.0,0,F1,2000,,,,,
2026-02-18,2026-02-18,FO,NSE,STO,134351,,KOTAKBANK,,2026-04-28,2026-04-28,410.0,CE,KOTAKBANK26APR410CE,0.0,0.0,0.0,23.1,0.0,23.1,426.35,26.4,0,0,0,0.0,0,F1,2000,,,,,
2026-02-18,2026-02-18,FO,NSE,STO,111435,,KOTAKBANK,,2026-02-24,2026-02-24,400.0,PE,KOTAKBANK26FEB400PE,0.65,0.65,0.35,0.4,0.4,0.65,426.35,0.4,2586000,-824000,895,716834500.0,430,F1,2000,,,,,
2026-02-18,2026-02-18,FO,NSE,STO,46467,,KOTAKBANK,,2026-02-24,2026-02-24,422.5,PE,KOTAKBANK26FEB422.5PE,3.5,4.55,2.1,2.3,2.35,3.8,426.35,2.3,804000,110000,721,614142600.0,655,F1,2000,,,,,
2026-02-18,2026-02-18,FO,NSE,STO,111443,,KOTAKBANK,,2026-02-24,2026-02-24,432.0,PE,KOTAKBANK26FEB432PE,12.0,12.0,8.0,8.0,8.0,13.0,426.35,7.3,496000,-2000,9,7958800.0,9,F1,2000,,,,,
2026-02-18,2026-02-18,FO,NSE,STO,49412,,KOTAKBANK,,2026-03-30,2026-03-30,375.0,PE,KOTAKBANK26MAR375PE,0.0,0.0,0.0,0.85,0.85,0.85,426.35,0.15,6000,0,0,0.0,0,F1,2000,,,,,
2026-02-18,2026-02-18,FO,NSE,STO,134469,,KOTAKBANK,,2026-04-28,2026-04-28,470.0,PE,KOTAKBANK26APR470PE,0.0,0.0,0.0,58.85,0.0,58.85,426.35,41.55,0,0,0,0.0,0,F1,2000,,,,,
2026-02-18,2026-02-18,FO,NSE,STO,134282,,KOTAKBANK,,2026-04-28,2026-04-28,350.0,PE,KOTAKBANK26APR350PE,0.0,0.0,0.0,2.0,0.0,2.0,426.35,0.05,0,0,0,0.0,0,F1,2000,,,,,
2026-02-18,2026-02-18,FO,NSE,STO,49473,,KOTAKBANK,,2026-03-30,2026-03-30,460.0,PE,KOTAKBANK26MAR460PE,36.05,36.05,35.0,35.0,35.0,34.4,426.35,32.75,44000,4000,2,1982100.0,2,F1,2000,,,,,
2026-02-18,2026-02-18,FO,NSE,STO,133975,,KOTAKBANK,,2026-03-30,2026-03-30,452.5,PE,KOTAKBANK26MAR452.5PE,0.0,0.0,0.0,43.8,0.0,43.8,426.35,26.45,0,0,0,0.0,0,F1,2000,,,,,
2026-02-18,2026-02-18,FO,NSE,STO,49160,,KOTAKBANK,,2026-02-24,2026-02-24,447.5,PE,KOTAKBANK26FEB447.5PE,0.0,0.0,0.0,29.15,0.0,29.15,426.35,20.85,0,0,0,0.0,0,F1,2000,,,,,
2026-02-18,2026-02-18,FO,NSE,STO,49465,,KOTAKBANK,,2026-03-30,2026-03-30,445.0,PE,KOTAKBANK26MAR445PE,0.0,0.0,0.0,30.1,0.0,30.1,426.35,20.7,0,0,0,0.0,0,F1,2000,,,,,
2026-02-18,2026-02-18,FO,NSE,STO,46441,,KOTAKBANK,,2026-02-24,2026-02-24,392.5,PE,KOTAKBANK26FEB392.5PE,0.45,0.45,0.35,0.35,0.35,0.65,426.35,0.35,190000,0,19,14929700.0,19,F1,2000,,,,,
2026-02-18,2026-02-18,FO,NSE,STO,49469,,KOTAKBANK,,2026-03-30,2026-03-30,450.0,PE,KOTAKBANK26MAR450PE,0.0,0.0,0.0,21.5,21.5,21.5,426.35,24.5,2000,0,0,0.0,0,F1,2000,,,,,
2026-02-18,2026-02-18,FO,NSE,STO,46444,,KOTAKBANK,,2026-02-24,2026-02-24,397.5,CE,KOTAKBANK26FEB397.5CE,0.0,0.0,0.0,30.45,0.0,30.45,426.35,29.2,0,0,0,0.0,0,F1,2000,,,,,
2026-02-18,2026-02-18,FO,NSE,STO,126398,,KOTAKBANK,,2026-02-24,2026-02-24,452.0,CE,KOTAKBANK26FEB452CE,0.3,0.3,0.2,0.25,0.25,0.25,426.35,0.25,248000,-2000,19,17185700.0,18,F1,2000,,,,,
2026-02-18,2026-02-18,FO,NSE,STO,133971,,KOTAKBANK,,2026-03-30,2026-03-30,442.5,PE,KOTAKBANK26MAR442.5PE,0.0,0.0,0.0,35.95,0.0,35.95,426.35,18.95,0,0,0,0.0,0,F1,2000,,,,,
2026-02-18,2026-02-18,FO,NSE,STO,133965,,KOTAKBANK,,2026-03-30,2026-03-30,427.5,PE,KOTAKBANK26MAR427.5PE,0.0,0.0,0.0,25.45,0.0,25.45,426.35,10.0,0,0,0,0.0,0,F1,2000,,,,,
2026-02-18,2026-02-18,FO,NSE,STO,133963,,KOTAKBANK,,2026-03-30,2026-03-30,422.5,PE,KOTAKBANK26MAR422.5PE,0.0,0.0,0.0,22.35,0.0,22.35,426.35,7.75,0,0,0,0.0,0,F1,2000,,,,,
2026-02-18,2026-02-18,FO,NSE,STO,49165,,KOTAKBANK,,2026-02-24,2026-02-24,455.0,CE,KOTAKBANK26FEB455CE,0.0,0.0,0.0,0.25,0.25,0.25,426.35,0.05,404000,0,0,0.0,0,F1,2000,,,,,
2026-02-18,2026-02-18,FO,NSE,STO,49167,,KOTAKBANK,,2026-02-24,2026-02-24,457.5,CE,KOTAKBANK26FEB457.5CE,0.15,0.25,0.15,0.25,0.25,0.2,426.35,0.25,162000,-2000,7,6407800.0,7,F1,2000,,,,,
2026-02-18,2026-02-18,FO,NSE,STO,49480,,KOTAKBANK,,2026-03-30,2026-03-30,475.0,CE,KOTAKBANK26MAR475CE,0.0,0.0,0.0,4.55,0.0,4.55,426.35,0.65,0,0,0,0.0,0,F1,2000,,,,,
2026-02-18,2026-02-18,FO,NSE,STO,134355,,KOTAKBANK,,2026-04-28,2026-04-28,420.0,CE,KOTAKBANK26APR420CE,0.0,0.0,0.0,18.4,0.0,18.4,426.35,19.9,0,0,0,0.0,0,F1,2000,,,,,
2026-02-18,2026-02-18,FO,NSE,STO,49440,,KOTAKBANK,,2026-03-30,2026-03-30,410.0,PE,KOTAKBANK26MAR410PE,4.0,4.4,3.65,3.75,3.75,4.2,426.35,3.75,316000,-30000,69,57119800.0,37,F1,2000,,,,,
2026-02-18,2026-02-18,FO,NSE,STO,46407,,KOTAKBANK,,2026-02-24,2026-02-24,355.0,PE,KOTAKBANK26FEB355PE,0.0,0.0,0.0,0.1,0.1,0.1,426.35,0.05,62000,0,0,0.0,0,F1,2000,,,,,
2026-02-18,2026-02-18,FO,NSE,STO,46427,,KOTAKBANK,,2026-02-24,2026-02-24,377.5,PE,KOTAKBANK26FEB377.5PE,0.0,0.0,0.0,1.25,0.0,1.25,426.35,0.05,0,0,0,0.0,0,F1,2000,,,,,
2026-02-18,2026-02-18,FO,NSE,STO,126334,,KOTAKBANK,,2026-02-24,2026-02-24,380.0,PE,KOTAKBANK26FEB380PE,0.4,0.4,0.15,0.2,0.2,0.35,426.35,0.2,380000,-42000,73,55511700.0,53,F1,2000,,,,,
2026-02-18,2026-02-18,FO,NSE,STO,134473,,KOTAKBANK,,2026-04-28,2026-04-28,480.0,PE,KOTAKBANK26APR480PE,0.0,0.0,0.0,67.45,0.0,67.45,426.35,50.35,0,0,0,0.0,0,F1,2000,,,,,
2026-02-18,2026-02-18,FO,NSE,STO,111431,,KOTAKBANK,,2026-02-24,2026-02-24,384.0,PE,KOTAKBANK26FEB384PE,0.3,0.3,0.25,0.3,0.3,0.45,426.35,0.3,80000,10000,9,6917200.0,9,F1,2000,,,,,
2026-02-18,2026-02-18,FO,NSE,STO,46431,,KOTAKBANK,,2026-02-24,2026-02-24,385.0,PE,KOTAKBANK26FEB385PE,0.35,0.35,0.25,0.25,0.3,0.45,426.35,0.25,1224000,-4000,40,30822900.0,22,F1,2000,,,,,
2026-02-18,2026-02-18,FO,NSE,STO,111433,,KOTAKBANK,,2026-02-24,2026-02-24,392.0,PE,KOTAKBANK26FEB392PE,0.25,0.4,0.25,0.35,0.35,0.55,426.35,0.35,122000,-24000,29,22755500.0,27,F1,2000,,,,,
2026-02-18,2026-02-18,FO,NSE,STO,134312,,KOTAKBANK,,2026-04-28,2026-04-28,385.0,PE,KOTAKBANK26APR385PE,0.0,0.0,0.0,8.5,0.0,8.5,426.35,1.35,0,0,0,0.0,0,F1,2000,,,,,
2026-02-18,2026-02-18,FO,NSE,STO,134310,,KOTAKBANK,,2026-04-28,2026-04-28,380.0,PE,KOTAKBANK26APR380PE,0.0,0.0,0.0,7.15,0.0,7.15,426.35,0.95,0,0,0,0.0,0,F1,2000,,,,,
2026-02-18,2026-02-18,FO,NSE,STO,49475,,KOTAKBANK,,2026-03-30,2026-03-30,465.0,PE,KOTAKBANK26MAR465PE,0.0,0.0,0.0,44.65,0.0,44.65,426.35,37.2,0,0,0,0.0,0,F1,2000,,,,,
2026-02-18,2026-02-18,FO,NSE,STO,133967,,KOTAKBANK,,2026-03-30,2026-03-30,432.5,PE,KOTAKBANK26MAR432.5PE,0.0,0.0,0.0,13.5,13.5,13.5,426.35,12.65,34000,0,0,0.0,0,F1,2000,,,,,
2026-02-18,2026-02-18,FO,NSE,STO,133951,,KOTAKBANK,,2026-03-30,2026-03-30,392.5,PE,KOTAKBANK26MAR392.5PE,0.0,0.0,0.0,1.95,1.95,1.95,426.35,0.9,2000,0,0,0.0,0,F1,2000,,,,,
2026-02-18,2026-02-18,FO,NSE,STO,49420,,KOTAKBANK,,2026-03-30,2026-03-30,390.0,PE,KOTAKBANK26MAR390PE,1.2,1.25,1.2,1.25,1.25,1.7,426.35,0.75,188000,2000,2,1564900.0,2,F1,2000,,,,,
2026-02-18,2026-02-18,FO,NSE,STO,49168,,KOTAKBANK,,2026-02-24,2026-02-24,457.5,PE,KOTAKBANK26FEB457.5PE,0.0,0.0,0.0,37.0,0.0,37.0,426.35,30.75,0,0,0,0.0,0,F1,2000,,,,,
2026-02-18,2026-02-18,FO,NSE,STO,126390,,KOTAKBANK,,2026-02-24,2026-02-24,436.0,PE,KOTAKBANK26FEB436PE,0.0,0.0,0.0,10.75,10.75,10.75,426.35,10.35,34000,0,0,0.0,0,F1,2000,,,,,
2026-02-18,2026-02-18,FO,NSE,STO,46782,,KOTAKBANK,,2026-02-24,2026-02-24,432.5,PE,KOTAKBANK26FEB432.5PE,11.8,11.95,8.3,8.35,8.35,8.85,426.35,8.35,122000,-4000,11,9748800.0,11,F1,2000,,,,,
2026-02-18,2026-02-18,FO,NSE,STO,46471,,KOTAKBANK,,2026-02-24,2026-02-24,425.0,PE,KOTAKBANK26FEB425PE,4.95,6.15,3.05,3.3,3.25,5.05,426.35,3.3,1174000,232000,942,808978400.0,897,F1,2000,,,,,
2026-02-18,2026-02-18,FO,NSE,STO,111437,,KOTAKBANK,,2026-02-24,2026-02-24,408.0,PE,KOTAKBANK26FEB408PE,0.9,0.9,0.5,0.5,0.5,1.0,426.35,0.5,512000,-24000,85,69472500.0,63,F1,2000,,,,,
2026-02-18,2026-02-18,FO,NSE,STF,59397,,KOTAKBANK,,2026-02-24,2026-02-24,,,KOTAKBANK26FEBFUT,424.3,426.65,421.05,425.85,426.0,424.1,426.35,425.85,171254000,-13562000,10504,8895973700.0,6518,F1,2000,,,,,
2026-02-18,2026-02-18,FO,NSE,STO,46366,,KOTAKBANK,,2026-02-24,2026-02-24,345.0,CE,KOTAKBANK26FEB345CE,0.0,0.0,0.0,78.35,0.0,78.35,426.35,81.65,0,0,0,0.0,0,F1,2000,,,,,
2026-02-18,2026-02-18,FO,NSE,STO,111424,,KOTAKBANK,,2026-02-24,2026-02-24,360.0,CE,KOTAKBANK26FEB360CE,0.0,0.0,0.0,70.0,70.0,70.0,426.35,66.7,8000,0,0,0.0,0,F1,2000,,,,,
2026-02-18,2026-02-18,FO,NSE,STO,46424,,KOTAKBANK,,2026-02-24,2026-02-24,375.0,CE,KOTAKBANK26FEB375CE,0.0,0.0,0.0,44.45,44.45,44.45,426.35,51.7,2000,0,0,0.0,0,F1,2000,,,,,
2026-02-18,2026-02-18,FO,NSE,STO,126335,,KOTAKBANK,,2026-02-24,2026-02-24,388.0,CE,KOTAKBANK26FEB388CE,0.0,0.0,0.0,40.5,40.5,40.5,426.35,38.7,16000,0,0,0.0,0,F1,2000,,,,,
2026-02-18,2026-02-18,FO,NSE,STO,46454,,KOTAKBANK,,2026-02-24,2026-02-24,407.5,CE,KOTAKBANK26FEB407.5CE,0.0,0.0,0.0,22.7,22.7,22.7,426.35,19.35,364000,0,0,0.0,0,F1,2000,,,,,
2026-02-18,2026-02-18,FO,NSE,STO,46781,,KOTAKBANK,,2026-02-24,2026-02-24,432.5,CE,KOTAKBANK26FEB432.5CE,1.7,1.7,0.9,1.55,1.5,1.7,426.35,1.55,344000,-8000,73,63347600.0,71,F1,2000,,,,,
2026-02-18,2026-02-18,FO,NSE,STO,126455,,KOTAKBANK,,2026-02-24,2026-02-24,476.0,CE,KOTAKBANK26FEB476CE,0.0,0.0,0.0,0.2,0.2,0.2,426.35,0.05,28000,0,0,0.0,0,F1,2000,,,,,
2026-02-18,2026-02-18,FO,NSE,STO,49389,,KOTAKBANK,,2026-03-30,2026-03-30,350.0,CE,KOTAKBANK26MAR350CE,0.0,0.0,0.0,76.0,0.0,76.0,426.35,78.45,0,0,0,0.0,0,F1,2000,,,,,
2026-02-18,2026-02-18,FO,NSE,STO,49405,,KOTAKBANK,,2026-03-30,2026-03-30,365.0,CE,KOTAKBANK26MAR365CE,0.0,0.0,0.0,62.2,0.0,62.2,426.35,63.6,0,0,0,0.0,0,F1,2000,,,,,
2026-02-18,2026-02-18,FO,NSE,STO,49433,,KOTAKBANK,,2026-03-30,2026-03-30,405.0,CE,KOTAKBANK26MAR405CE,0.0,0.0,0.0,30.85,0.0,30.85,426.35,26.35,0,0,0,0.0,0,F1,2000,,,,,
2026-02-18,2026-02-18,FO,NSE,STO,133974,,KOTAKBANK,,2026-03-30,2026-03-30,452.5,CE,KOTAKBANK26MAR452.5CE,2.2,2.2,2.2,2.2,2.2,3.15,426.35,3.05,16000,2000,1,909400.0,1,F1,2000,,,,,
2026-02-18,2026-02-18,FO,NSE,STO,134344,,KOTAKBANK,,2026-04-28,2026-04-28,400.0,CE,KOTAKBANK26APR400CE,0.0,0.0,0.0,28.55,0.0,28.55,426.35,33.9,0,0,0,0.0,0,F1,2000,,,,,
2026-02-18,2026-02-18,FO,NSE,STO,134468,,KOTAKBANK,,2026-04-28,2026-04-28,470.0,CE,KOTAKBANK26APR470CE,0.0,0.0,0.0,4.75,0.0,4.75,426.35,2.75,0,0,0,0.0,0,F1,2000,,,,,
2026-02-18,2026-02-18,FO,NSE,STO,111425,,KOTAKBANK,,2026-02-24,2026-02-24,360.0,PE,KOTAKBANK26FEB360PE,0.05,0.05,0.05,0.05,0.05,0.1,426.35,0.05,1504000,-4000,3,2160300.0,2,F1,2000,,,,,
2026-02-18,2026-02-18,FO,NSE,STO,46456,,KOTAKBANK,,2026-02-24,2026-02-24,410.0,CE,KOTAKBANK26FEB410CE,15.4,17.1,13.3,16.35,16.3,15.4,426.35,16.35,1618000,-22000,47,39919200.0,42,F1,2000,,,,,
2026-02-18,2026-02-18,FO,NSE,STO,126361,,KOTAKBANK,,2026-02-24,2026-02-24,428.0,CE,KOTAKBANK26FEB428CE,2.9,3.2,1.55,2.85,2.7,2.95,426.35,2.85,928000,-10000,898,773175900.0,679,F1,2000,,,,,
2026-02-18,2026-02-18,FO,NSE,STO,49491,,KOTAKBANK,,2026-03-30,2026-03-30,490.0,CE,KOTAKBANK26MAR490CE,0.0,0.0,0.0,2.7,0.0,2.7,426.35,0.2,0,0,0,0.0,0,F1,2000,,,,,
2026-02-18,2026-02-18,FO,NSE,STO,133976,,KOTAKBANK,,2026-03-30,2026-03-30,457.5,CE,KOTAKBANK26MAR457.5CE,2.1,2.1,2.1,2.1,2.1,2.0,426.35,2.2,28000,0,1,919200.0,1,F1,2000,,,,,
2026-02-18,2026-02-18,FO,NSE,STO,133954,,KOTAKBANK,,2026-03-30,2026-03-30,402.5,CE,KOTAKBANK26MAR402.5CE,0.0,0.0,0.0,28.15,28.15,28.15,426.35,28.4,16000,0,0,0.0,0,F1,2000,,,,,
2026-02-18,2026-02-18,FO,NSE,STO,133950,,KOTAKBANK,,2026-03-30,2026-03-30,392.5,CE,KOTAKBANK26MAR392.5CE,0.0,0.0,0.0,38.0,38.0,38.0,426.35,37.15,4000,0,0,0.0,0,F1,2000,,,,,
2026-02-18,2026-02-18,FO,NSE,STO,111558,,KOTAKBANK,,2026-02-24,2026-02-24,456.0,PE,KOTAKBANK26FEB456PE,0.0,0.0,0.0,46.5,46.5,46.5,426.35,29.25,2000,0,0,0.0,0,F1,2000,,,,,
2026-02-18,2026-02-18,FO,NSE,STO,111548,,KOTAKBANK,,2026-02-24,2026-02-24,448.0,PE,KOTAKBANK26FEB448PE,0.0,0.0,0.0,16.7,16.7,16.7,426.35,21.35,12000,0,0,0.0,0,F1,2000,,,,,
2026-02-18,2026-02-18,FO,NSE,STO,46435,,KOTAKBANK,,2026-02-24,2026-02-24,390.0,PE,KOTAKBANK26FEB390PE,0.4,0.4,0.3,0.3,0.3,0.45,426.35,0.3,1344000,-20000,67,52303000.0,54,F1,2000,,,,,
2026-02-18,2026-02-18,FO,NSE,STF,66880,,KOTAKBANK,,2026-04-28,2026-04-28,,,KOTAKBANK26APRFUT,429.5,431.7,428.0,430.8,431.25,429.0,426.35,430.8,714000,98000,89,76594400.0,89,F1,2000,,,,,
2026-02-18,2026-02-18,FO,NSE,STO,46434,,KOTAKBANK,,2026-02-24,2026-02-24,390.0,CE,KOTAKBANK26FEB390CE,34.0,37.1,34.0,36.0,36.0,33.8,426.35,36.0,10000,-2000,3,2554200.0,3,F1,2000,,,,,
2026-02-18,2026-02-18,FO,NSE,STO,46442,,KOTAKBANK,,2026-02-24,2026-02-24,395.0,CE,KOTAKBANK26FEB395CE,0.0,0.0,0.0,32.35,0.0,32.35,426.35,31.7,0,0,0,0.0,0,F1,2000,,,,,
2026-02-18,2026-02-18,FO,NSE,STO,46460,,KOTAKBANK,,2026-02-24,2026-02-24,415.0,CE,KOTAKBANK26FEB415CE,11.65,12.55,8.65,11.65,11.65,11.05,426.35,11.65,2392000,-14000,45,38330300.0,43,F1,2000,,,,,
2026-02-18,2026-02-18,FO,NSE,STO,46474,,KOTAKBANK,,2026-02-24,2026-02-24,430.0,CE,KOTAKBANK26FEB430CE,2.35,2.5,1.2,2.15,2.15,2.35,426.35,2.15,3988000,4000,1731,1495115800.0,1215,F1,2000,,,,,
2026-02-18,2026-02-18,FO,NSE,STO,49189,,KOTAKBANK,,2026-02-24,2026-02-24,485.0,CE,KOTAKBANK26FEB485CE,0.1,0.1,0.1,0.1,0.1,0.1,426.35,0.1,16000,2000,2,1940400.0,2,F1,2000,,,,,
2026-02-18,2026-02-18,FO,NSE,STO,49409,,KOTAKBANK,,2026-03-30,2026-03-30,375.0,CE,KOTAKBANK26MAR375CE,0.0,0.0,0.0,53.45,0.0,53.45,426.35,53.75,0,0,0,0.0,0,F1,2000,,,,,
2026-02-18,2026-02-18,FO,NSE,STO,133941,,KOTAKBANK,,2026-03-30,2026-03-30,377.5,CE,KOTAKBANK26MAR377.5CE,0.0,0.0,0.0,49.1,49.1,49.1,426.35,51.3,8000,0,0,0.0,0,F1,2000,,,,,
2026-02-18,2026-02-18,FO,NSE,STO,133943,,KOTAKBANK,,2026-03-30,2026-03-30,382.5,CE,KOTAKBANK26MAR382.5CE,0.0,0.0,0.0,47.2,47.2,47.2,426.35,46.5,4000,0,0,0.0,0,F1,2000,,,,,
2026-02-18,2026-02-18,FO,NSE,STO,133960,,KOTAKBANK,,2026-03-30,2026-03-30,417.5,CE,KOTAKBANK26MAR417.5CE,0.0,0.0,0.0,15.45,15.45,15.45,426.35,17.2,2000,0,0,0.0,0,F1,2000,,,,,
2026-02-18,2026-02-18,FO,NSE,STO,133968,,KOTAKBANK,,2026-03-30,2026-03-30,437.5,CE,KOTAKBANK26MAR437.5CE,0.0,0.0,0.0,8.05,0.0,8.05,426.35,7.1,0,0,0,0.0,0,F1,2000,,,,,
2026-02-18,2026-02-18,FO,NSE,STO,46417,,KOTAKBANK,,2026-02-24,2026-02-24,370.0,PE,KOTAKBANK26FEB370PE,0.15,0.15,0.1,0.1,0.1,0.2,426.35,0.1,946000,-44000,53,39231600.0,44,F1,2000,,,,,
2026-02-18,2026-02-18,FO,NSE,STO,134446,,KOTAKBANK,,2026-04-28,2026-04-28,425.0,PE,KOTAKBANK26APR425PE,0.0,0.0,0.0,26.15,0.0,26.15,426.35,11.3,0,0,0,0.0,0,F1,2000,,,,,
2026-02-18,2026-02-18,FO,NSE,STO,134444,,KOTAKBANK,,2026-04-28,2026-04-28,420.0,PE,KOTAKBANK26APR420PE,0.0,0.0,0.0,23.3,0.0,23.3,426.35,9.2,0,0,0,0.0,0,F1,2000,,,,,
2026-02-18,2026-02-18,FO,NSE,STO,134346,,KOTAKBANK,,2026-04-28,2026-04-28,400.0,PE,KOTAKBANK26APR400PE,0.0,0.0,0.0,13.7,0.0,13.7,426.35,3.45,0,0,0,0.0,0,F1,2000,,,,,
2026-02-18,2026-02-18,FO,NSE,STO,46370,,KOTAKBANK,,2026-02-24,2026-02-24,350.0,CE,KOTAKBANK26FEB350CE,0.0,0.0,0.0,73.45,0.0,73.45,426.35,76.65,0,0,0,0.0,0,F1,2000,,,,,
2026-02-18,2026-02-18,FO,NSE,STO,46440,,KOTAKBANK,,2026-02-24,2026-02-24,392.5,CE,KOTAKBANK26FEB392.5CE,0.0,0.0,0.0,21.35,21.35,21.35,426.35,34.2,4000,0,0,0.0,0,F1,2000,,,,,
2026-02-18,2026-02-18,FO,NSE,STO,49009,,KOTAKBANK,,2026-02-24,2026-02-24,442.5,CE,KOTAKBANK26FEB442.5CE,0.55,0.55,0.35,0.5,0.5,0.65,426.35,0.5,176000,-30000,37,32779300.0,27,F1,2000,,,,,
2026-02-18,2026-02-18,FO,NSE,STO,126404,,KOTAKBANK,,2026-02-24,2026-02-24,460.0,CE,KOTAKBANK26FEB460CE,0.15,0.2,0.1,0.2,0.2,0.15,426.35,0.2,1104000,-56000,68,62582500.0,41,F1,2000,,,,,
2026-02-18,2026-02-18,FO,NSE,STO,49464,,KOTAKBANK,,2026-03-30,2026-03-30,445.0,CE,KOTAKBANK26MAR445CE,3.15,4.3,3.0,4.15,4.15,4.0,426.35,4.15,70000,56000,31,27829300.0,24,F1,2000,,,,,
2026-02-18,2026-02-18,FO,NSE,STO,49474,,KOTAKBANK,,2026-03-30,2026-03-30,465.0,CE,KOTAKBANK26MAR465CE,0.0,0.0,0.0,6.3,0.0,6.3,426.35,1.3,0,0,0,0.0,0,F1,2000,,,,,
2026-02-18,2026-02-18,FO,NSE,STO,134447,,KOTAKBANK,,2026-04-28,2026-04-28,430.0,CE,KOTAKBANK26APR430CE,0.0,0.0,0.0,14.45,0.0,14.45,426.35,14.45,0,0,0,0.0,0,F1,2000,,,,,
2026-02-18,2026-02-18,FO,NSE,STO,134472,,KOTAKBANK,,2026-04-28,2026-04-28,480.0,CE,KOTAKBANK26APR480CE,0.0,0.0,0.0,3.5,0.0,3.5,426.35,1.65,0,0,0,0.0,0,F1,2000,,,,,
2026-02-18,2026-02-18,FO,NSE,STO,134476,,KOTAKBANK,,2026-04-28,2026-04-28,490.0,CE,KOTAKBANK26APR490CE,0.0,0.0,0.0,2.5,0.0,2.5,426.35,0.95,0,0,0,0.0,0,F1,2000,,,,,
2026-02-18,2026-02-18,FO,NSE,STO,134306,,KOTAKBANK,,2026-04-28,2026-04-28,375.0,PE,KOTAKBANK26APR375PE,0.0,0.0,0.0,5.9,0.0,5.9,426.35,0.65,0,0,0,0.0,0,F1,2000,,,,,
2026-02-18,2026-02-18,FO,NSE,STO,134286,,KOTAKBANK,,2026-04-28,2026-04-28,360.0,PE,KOTAKBANK26APR360PE,0.0,0.0,0.0,3.2,0.0,3.2,426.35,0.15,0,0,0,0.0,0,F1,2000,,,,,
2026-02-18,2026-02-18,FO,NSE,STO,134035,,KOTAKBANK,,2026-03-30,2026-03-30,457.5,PE,KOTAKBANK26MAR457.5PE,0.0,0.0,0.0,47.95,0.0,47.95,426.35,30.6,0,0,0,0.0,0,F1,2000,,,,,
2026-02-18,2026-02-18,FO,NSE,STO,133969,,KOTAKBANK,,2026-03-30,2026-03-30,437.5,PE,KOTAKBANK26MAR437.5PE,0.0,0.0,0.0,13.95,13.95,13.95,426.35,15.6,4000,0,0,0.0,0,F1,2000,,,,,
2026-02-18,2026-02-18,FO,NSE,STO,49444,,KOTAKBANK,,2026-03-30,2026-03-30,415.0,PE,KOTAKBANK26MAR415PE,4.95,5.9,4.75,4.9,4.9,5.6,426.35,4.9,126000,42000,42,35304700.0,38,F1,2000,,,,,
2026-02-18,2026-02-18,FO,NSE,STO,133959,,KOTAKBANK,,2026-03-30,2026-03-30,412.5,PE,KOTAKBANK26MAR412.5PE,4.7,4.8,4.7,4.8,4.8,5.7,426.35,4.3,20000,14000,8,6676500.0,8,F1,2000,,,,,
2026-02-18,2026-02-18,FO,NSE,STO,133955,,KOTAKBANK,,2026-03-30,2026-03-30,402.5,PE,KOTAKBANK26MAR402.5PE,2.65,2.65,2.4,2.45,2.45,3.5,426.35,2.15,42000,2000,5,4049700.0,5,F1,2000,,,,,
2026-02-18,2026-02-18,FO,NSE,STO,49202,,KOTAKBANK,,2026-02-24,2026-02-24,490.0,PE,KOTAKBANK26FEB490PE,0.0,0.0,0.0,66.4,0.0,66.4,426.35,63.2,0,0,0,0.0,0,F1,2000,,,,,
2026-02-18,2026-02-18,FO,NSE,STO,111445,,KOTAKBANK,,2026-02-24,2026-02-24,440.0,PE,KOTAKBANK26FEB440PE,16.0,18.25,14.25,14.8,14.8,16.35,426.35,14.8,394000,-76000,47,42984900.0,26,F1,2000,,,,,
2026-02-18,2026-02-18,FO,NSE,STO,46786,,KOTAKBANK,,2026-02-24,2026-02-24,437.5,PE,KOTAKBANK26FEB437.5PE,0.0,0.0,0.0,11.2,11.3,11.2,426.35,11.6,82000,0,0,0.0,0,F1,2000,,,,,
2026-02-18,2026-02-18,FO,NSE,STO,46465,,KOTAKBANK,,2026-02-24,2026-02-24,417.5,PE,KOTAKBANK26FEB417.5PE,2.25,2.5,1.15,1.2,1.15,2.25,426.35,1.2,458000,8000,160,134170300.0,154,F1,2000,,,,,
2026-02-18,2026-02-18,FO,NSE,STO,126356,,KOTAKBANK,,2026-02-24,2026-02-24,412.0,PE,KOTAKBANK26FEB412PE,1.25,1.25,0.65,0.7,0.7,1.3,426.35,0.7,394000,32000,69,56995300.0,69,F1,2000,,,,,
2026-02-18,2026-02-18,FO,NSE,STO,46451,,KOTAKBANK,,2026-02-24,2026-02-24,402.5,PE,KOTAKBANK26FEB402.5PE,0.65,0.65,0.4,0.45,0.45,0.7,426.35,0.45,222000,-40000,60,48365300.0,55,F1,2000,,,,,
2026-02-18,2026-02-18,FO,NSE,STO,126336,,KOTAKBANK,,2026-02-24,2026-02-24,388.0,PE,KOTAKBANK26FEB388PE,0.35,0.35,0.25,0.25,0.25,0.45,426.35,0.25,120000,-2000,22,17084400.0,21,F1,2000,,,,,
2026-02-18,2026-02-18,FO,NSE,STO,126406,,KOTAKBANK,,2026-02-24,2026-02-24,468.0,CE,KOTAKBANK26FEB468CE,0.0,0.0,0.0,0.05,0.05,0.05,426.35,0.05,376000,0,0,0.0,0,F1,2000,,,,,
2026-02-18,2026-02-18,FO,NSE,STO,134465,,KOTAKBANK,,2026-04-28,2026-04-28,460.0,PE,KOTAKBANK26APR460PE,0.0,0.0,0.0,50.7,0.0,50.7,426.35,33.35,0,0,0,0.0,0,F1,2000,,,,,
2026-02-18,2026-02-18,FO,NSE,STO,46450,,KOTAKBANK,,2026-02-24,2026-02-24,402.5,CE,KOTAKBANK26FEB402.5CE,0.0,0.0,0.0,15.15,15.15,15.15,426.35,24.25,72000,0,0,0.0,0,F1,2000,,,,,
2026-02-18,2026-02-18,FO,NSE,STO,126333,,KOTAKBANK,,2026-02-24,2026-02-24,380.0,CE,KOTAKBANK26FEB380CE,0.0,0.0,0.0,41.9,41.9,41.9,426.35,46.7,46000,0,0,0.0,0,F1,2000,,,,,
2026-02-18,2026-02-18,FO,NSE,STO,134354,,KOTAKBANK,,2026-04-28,2026-04-28,415.0,PE,KOTAKBANK26APR415PE,0.0,0.0,0.0,20.6,0.0,20.6,426.35,7.4,0,0,0,0.0,0,F1,2000,,,,,
2026-02-18,2026-02-18,FO,NSE,STO,134352,,KOTAKBANK,,2026-04-28,2026-04-28,410.0,PE,KOTAKBANK26APR410PE,0.0,0.0,0.0,18.15,0.0,18.15,426.35,5.8,0,0,0,0.0,0,F1,2000,,,,,
2026-02-18,2026-02-18,FO,NSE,STO,126769,,KOTAKBANK,,2026-03-30,2026-03-30,480.0,PE,KOTAKBANK26MAR480PE,0.0,0.0,0.0,249.25,0.0,249.25,426.35,51.2,0,0,0,0.0,0,F1,2000,,,,,
2026-02-18,2026-02-18,FO,NSE,STO,49471,,KOTAKBANK,,2026-03-30,2026-03-30,455.0,PE,KOTAKBANK26MAR455PE,0.0,0.0,0.0,37.05,0.0,37.05,426.35,28.5,0,0,0,0.0,0,F1,2000,,,,,
2026-02-18,2026-02-18,FO,NSE,STO,49166,,KOTAKBANK,,2026-02-24,2026-02-24,455.0,PE,KOTAKBANK26FEB455PE,0.0,0.0,0.0,44.85,44.85,44.85,426.35,28.25,0,0,0,0.0,0,F1,2000,,,,,
2026-02-18,2026-02-18,FO,NSE,STO,126383,,KOTAKBANK,,2026-02-24,2026-02-24,428.0,PE,KOTAKBANK26FEB428PE,6.2,8.2,4.55,4.9,4.9,6.65,426.35,4.9,722000,-18000,88,76295000.0,88,F1,2000,,,,,
2026-02-18,2026-02-18,FO,NSE,STO,46459,,KOTAKBANK,,2026-02-24,2026-02-24,412.5,PE,KOTAKBANK26FEB412.5PE,1.3,1.35,0.65,0.7,0.7,1.4,426.35,0.7,324000,38000,88,72776500.0,80,F1,2000,,,,,
2026-02-18,2026-02-18,FO,NSE,STO,46455,,KOTAKBANK,,2026-02-24,2026-02-24,407.5,PE,KOTAKBANK26FEB407.5PE,0.9,0.9,0.5,0.5,0.5,1.0,426.35,0.5,584000,-32000,96,78383000.0,86,F1,2000,,,,,
2026-02-18,2026-02-18,FO,NSE,STO,46453,,KOTAKBANK,,2026-02-24,2026-02-24,405.0,PE,KOTAKBANK26FEB405PE,0.75,0.75,0.4,0.45,0.5,0.85,426.35,0.45,1382000,-70000,196,158982700.0,169,F1,2000,,,,,
2026-02-18,2026-02-18,FO,NSE,STO,46433,,KOTAKBANK,,2026-02-24,2026-02-24,387.5,PE,KOTAKBANK26FEB387.5PE,0.0,0.0,0.0,0.45,0.45,0.45,426.35,0.05,104000,0,0,0.0,0,F1,2000,,,,,
2026-02-18,2026-02-18,FO,NSE,STO,46429,,KOTAKBANK,,2026-02-24,2026-02-24,382.5,PE,KOTAKBANK26FEB382.5PE,0.2,0.25,0.2,0.25,0.2,0.35,426.35,0.25,114000,-6000,4,3061700.0,4,F1,2000,,,,,
2026-02-18,2026-02-18,FO,NSE,STO,46425,,KOTAKBANK,,2026-02-24,2026-02-24,375.0,PE,KOTAKBANK26FEB375PE,0.15,0.2,0.15,0.15,0.15,0.25,426.35,0.15,198000,-20000,18,13505600.0,16,F1,2000,,,,,
2026-02-18,2026-02-18,FO,NSE,STO,134464,,KOTAKBANK,,2026-04-28,2026-04-28,460.0,CE,KOTAKBANK26APR460CE,0.0,0.0,0.0,6.45,0.0,6.45,426.35,4.45,0,0,0,0.0,0,F1,2000,,,,,
2026-02-18,2026-02-18,FO,NSE,STO,134454,,KOTAKBANK,,2026-04-28,2026-04-28,435.0,CE,KOTAKBANK26APR435CE,0.0,0.0,0.0,12.75,0.0,12.75,426.35,12.15,0,0,0,0.0,0,F1,2000,,,,,
2026-02-18,2026-02-18,FO,NSE,STO,134341,,KOTAKBANK,,2026-04-28,2026-04-28,395.0,CE,KOTAKBANK26APR395CE,0.0,0.0,0.0,31.55,0.0,31.55,426.35,38.0,0,0,0,0.0,0,F1,2000,,,,,
2026-02-18,2026-02-18,FO,NSE,STO,134285,,KOTAKBANK,,2026-04-28,2026-04-28,360.0,CE,KOTAKBANK26APR360CE,0.0,0.0,0.0,57.4,0.0,57.4,426.35,70.25,0,0,0,0.0,0,F1,2000,,,,,
2026-02-18,2026-02-18,FO,NSE,STO,126768,,KOTAKBANK,,2026-03-30,2026-03-30,480.0,CE,KOTAKBANK26MAR480CE,0.5,0.65,0.5,0.65,0.65,37.5,426.35,0.4,6000,6000,3,2883600.0,3,F1,2000,,,,,
2026-02-18,2026-02-18,FO,NSE,STO,133972,,KOTAKBANK,,2026-03-30,2026-03-30,447.5,CE,KOTAKBANK26MAR447.5CE,2.95,3.65,2.9,3.65,3.65,3.3,426.35,3.65,12000,10000,5,4507100.0,4,F1,2000,,,,,
2026-02-18,2026-02-18,FO,NSE,STO,133958,,KOTAKBANK,,2026-03-30,2026-03-30,412.5,CE,KOTAKBANK26MAR412.5CE,0.0,0.0,0.0,17.3,0.0,17.3,426.35,20.65,0,0,0,0.0,0,F1,2000,,,,,
2026-02-18,2026-02-18,FO,NSE,STO,49417,,KOTAKBANK,,2026-03-30,2026-03-30,390.0,CE,KOTAKBANK26MAR390CE,36.8,36.8,36.3,36.5,36.5,41.7,426.35,39.45,18000,16000,8,6825400.0,8,F1,2000,,,,,
2026-02-18,2026-02-18,FO,NSE,STO,49407,,KOTAKBANK,,2026-03-30,2026-03-30,370.0,CE,KOTAKBANK26MAR370CE,0.0,0.0,0.0,57.75,0.0,57.75,426.35,58.65,0,0,0,0.0,0,F1,2000,,,,,
2026-02-18,2026-02-18,FO,NSE,STO,111703,,KOTAKBANK,,2026-02-24,2026-02-24,496.0,CE,KOTAKBANK26FEB496CE,0.05,0.15,0.05,0.1,0.1,0.05,426.35,0.1,102000,26000,35,34727200.0,16,F1,2000,,,,,
2026-02-18,2026-02-18,FO,NSE,STO,49180,,KOTAKBANK,,2026-02-24,2026-02-24,475.0,CE,KOTAKBANK26FEB475CE,0.0,0.0,0.0,0.3,0.3,0.3,426.35,0.05,4000,0,0,0.0,0,F1,2000,,,,,
2026-02-18,2026-02-18,FO,NSE,STO,49176,,KOTAKBANK,,2026-02-24,2026-02-24,470.0,CE,KOTAKBANK26FEB470CE,0.1,0.1,0.05,0.1,0.1,0.05,426.35,0.1,1556000,-2000,51,47946900.0,22,F1,2000,,,,,
2026-02-18,2026-02-18,FO,NSE,STO,49159,,KOTAKBANK,,2026-02-24,2026-02-24,447.5,CE,KOTAKBANK26FEB447.5CE,0.4,0.4,0.3,0.35,0.35,0.55,426.35,0.35,136000,-34000,22,19705200.0,20,F1,2000,,,,,
2026-02-18,2026-02-18,FO,NSE,STO,111430,,KOTAKBANK,,2026-02-24,2026-02-24,384.0,CE,KOTAKBANK26FEB384CE,0.0,0.0,0.0,39.75,39.75,39.75,426.35,42.7,12000,0,0,0.0,0,F1,2000,,,,,
2026-02-18,2026-02-18,FO,NSE,STF,51957,,KOTAKBANK,,2026-03-30,2026-03-30,,,KOTAKBANK26MARFUT,426.7,429.35,423.75,428.55,428.9,426.75,426.35,428.55,32508000,13898000,8007,6821434900.0,4307,F1,2000,,,,,
2026-02-18,2026-02-18,FO,NSE,STO,126776,,KOTAKBANK,,2026-03-30,2026-03-30,496.0,CE,KOTAKBANK26MAR496CE,0.4,0.5,0.4,0.5,0.5,0.7,426.35,0.5,52000,6000,7,6950400.0,7,F1,2000,,,,,
2026-02-18,2026-02-18,FO,NSE,STO,126340,,KOTAKBANK,,2026-02-24,2026-02-24,396.0,PE,KOTAKBANK26FEB396PE,0.4,0.4,0.3,0.4,0.4,0.6,426.35,0.4,72000,-14000,12,9512500.0,12,F1,2000,,,,,
2026-02-18,2026-02-18,FO,NSE,STO,46457,,KOTAKBANK,,2026-02-24,2026-02-24,410.0,PE,KOTAKBANK26FEB410PE,1.1,1.1,0.6,0.65,0.65,1.2,426.35,0.65,4918000,88000,444,364750500.0,247,F1,2000,,,,,
2026-02-18,2026-02-18,FO,NSE,STO,46473,,KOTAKBANK,,2026-02-24,2026-02-24,427.5,PE,KOTAKBANK26FEB427.5PE,6.85,8.0,4.3,4.6,4.65,6.45,426.35,4.6,336000,10000,180,155995700.0,178,F1,2000,,,,,
2026-02-18,2026-02-18,FO,NSE,STO,49010,,KOTAKBANK,,2026-02-24,2026-02-24,442.5,PE,KOTAKBANK26FEB442.5PE,0.0,0.0,0.0,16.2,16.2,16.2,426.35,16.05,4000,0,0,0.0,0,F1,2000,,,,,
2026-02-18,2026-02-18,FO,NSE,STO,49173,,KOTAKBANK,,2026-02-24,2026-02-24,465.0,PE,KOTAKBANK26FEB465PE,0.0,0.0,0.0,43.4,0.0,43.4,426.35,38.25,0,0,0,0.0,0,F1,2000,,,,,
2026-02-18,2026-02-18,FO,NSE,STO,49190,,KOTAKBANK,,2026-02-24,2026-02-24,485.0,PE,KOTAKBANK26FEB485PE,0.0,0.0,0.0,61.65,0.0,61.65,426.35,58.2,0,0,0,0.0,0,F1,2000,,,,,
2026-02-18,2026-02-18,FO,NSE,STO,49388,,KOTAKBANK,,2026-03-30,2026-03-30,345.0,PE,KOTAKBANK26MAR345PE,0.0,0.0,0.0,0.55,0.0,0.55,426.35,0.05,0,0,0,0.0,0,F1,2000,,,,,
2026-02-18,2026-02-18,FO,NSE,STO,49390,,KOTAKBANK,,2026-03-30,2026-03-30,350.0,PE,KOTAKBANK26MAR350PE,0.0,0.0,0.0,0.75,0.0,0.75,426.35,0.05,0,0,0,0.0,0,F1,2000,,,,,
2026-02-18,2026-02-18,FO,NSE,STO,49408,,KOTAKBANK,,2026-03-30,2026-03-30,370.0,PE,KOTAKBANK26MAR370PE,0.6,0.65,0.55,0.55,0.55,2.25,426.35,0.1,78000,78000,44,32614100.0,44,F1,2000,,,,,
2026-02-18,2026-02-18,FO,NSE,STO,49461,,KOTAKBANK,,2026-03-30,2026-03-30,435.0,PE,KOTAKBANK26MAR435PE,0.0,0.0,0.0,23.85,0.0,23.85,426.35,14.1,0,0,0,0.0,0,F1,2000,,,,,
2026-02-18,2026-02-18,FO,NSE,STO,49479,,KOTAKBANK,,2026-03-30,2026-03-30,470.0,PE,KOTAKBANK26MAR470PE,0.0,0.0,0.0,48.65,0.0,48.65,426.35,41.75,0,0,0,0.0,0,F1,2000,,,,,
2026-02-18,2026-02-18,FO,NSE,STO,49483,,KOTAKBANK,,2026-03-30,2026-03-30,475.0,PE,KOTAKBANK26MAR475PE,0.0,0.0,0.0,52.75,0.0,52.75,426.35,46.4,0,0,0,0.0,0,F1,2000,,,,,
2026-02-18,2026-02-18,FO,NSE,STO,49487,,KOTAKBANK,,2026-03-30,2026-03-30,485.0,PE,KOTAKBANK26MAR485PE,0.0,0.0,0.0,61.3,0.0,61.3,426.35,56.0,0,0,0,0.0,0,F1,2000,,,,,
2026-02-18,2026-02-18,FO,NSE,STO,134350,,KOTAKBANK,,2026-04-28,2026-04-28,405.0,PE,KOTAKBANK26APR405PE,0.0,0.0,0.0,15.8,0.0,15.8,426.35,4.5,0,0,0,0.0,0,F1,2000,,,,,
2026-02-18,2026-02-18,FO,NSE,STO,134477,,KOTAKBANK,,2026-04-28,2026-04-28,490.0,PE,KOTAKBANK26APR490PE,0.0,0.0,0.0,76.3,0.0,76.3,426.35,59.55,0,0,0,0.0,0,F1,2000,,,,,
2026-02-18,2026-02-18,FO,NSE,STO,111444,,KOTAKBANK,,2026-02-24,2026-02-24,440.0,CE,KOTAKBANK26FEB440CE,0.6,0.8,0.4,0.65,0.6,0.75,426.35,0.65,2420000,2000,685,603575300.0,466,F1,2000,,,,,
2026-02-18,2026-02-18,FO,NSE,STO,111701,,KOTAKBANK,,2026-02-24,2026-02-24,488.0,CE,KOTAKBANK26FEB488CE,0.1,0.1,0.1,0.1,0.1,0.1,426.35,0.1,52000,40000,25,24405000.0,16,F1,2000,,,,,
2026-02-18,2026-02-18,FO,NSE,STO,126677,,KOTAKBANK,,2026-03-30,2026-03-30,360.0,CE,KOTAKBANK26MAR360CE,0.0,0.0,0.0,385.95,0.0,385.95,426.35,68.55,0,0,0,0.0,0,F1,2000,,,,,
2026-02-18,2026-02-18,FO,NSE,STO,49413,,KOTAKBANK,,2026-03-30,2026-03-30,380.0,CE,KOTAKBANK26MAR380CE,0.0,0.0,0.0,49.3,0.0,49.3,426.35,48.9,0,0,0,0.0,0,F1,2000,,,,,
2026-02-18,2026-02-18,FO,NSE,STO,49415,,KOTAKBANK,,2026-03-30,2026-03-30,385.0,CE,KOTAKBANK26MAR385CE,0.0,0.0,0.0,45.25,0.0,45.25,426.35,44.1,0,0,0,0.0,0,F1,2000,,,,,
2026-02-18,2026-02-18,FO,NSE,STO,49181,,KOTAKBANK,,2026-02-24,2026-02-24,475.0,PE,KOTAKBANK26FEB475PE,0.0,0.0,0.0,52.35,0.0,52.35,426.35,48.2,0,0,0,0.0,0,F1,2000,,,,,
2026-02-18,2026-02-18,FO,NSE,STO,126680,,KOTAKBANK,,2026-03-30,2026-03-30,360.0,PE,KOTAKBANK26MAR360PE,0.0,0.0,0.0,6.6,0.0,6.6,426.35,0.05,0,0,0,0.0,0,F1,2000,,,,,
2026-02-18,2026-02-18,FO,NSE,STO,133944,,KOTAKBANK,,2026-03-30,2026-03-30,382.5,PE,KOTAKBANK26MAR382.5PE,0.0,0.0,0.0,5.55,0.0,5.55,426.35,0.35,0,0,0,0.0,0,F1,2000,,,,,
2026-02-18,2026-02-18,FO,NSE,STO,133961,,KOTAKBANK,,2026-03-30,2026-03-30,417.5,PE,KOTAKBANK26MAR417.5PE,0.0,0.0,0.0,6.5,6.5,6.5,426.35,5.85,2000,0,0,0.0,0,F1,2000,,,,,
2026-02-18,2026-02-18,FO,NSE,STO,134460,,KOTAKBANK,,2026-04-28,2026-04-28,450.0,CE,KOTAKBANK26APR450CE,0.0,0.0,0.0,8.55,0.0,8.55,426.35,6.85,0,0,0,0.0,0,F1,2000,,,,,
2026-02-18,2026-02-18,FO,NSE,STO,134305,,KOTAKBANK,,2026-04-28,2026-04-28,375.0,CE,KOTAKBANK26APR375CE,0.0,0.0,0.0,45.35,0.0,45.35,426.35,55.85,0,0,0,0.0,0,F1,2000,,,,,
2026-02-18,2026-02-18,FO,NSE,STO,49472,,KOTAKBANK,,2026-03-30,2026-03-30,460.0,CE,KOTAKBANK26MAR460CE,1.8,1.9,1.25,1.8,1.8,1.8,426.35,1.8,238000,-8000,105,96944300.0,55,F1,2000,,,,,
2026-02-18,2026-02-18,FO,NSE,STO,133970,,KOTAKBANK,,2026-03-30,2026-03-30,442.5,CE,KOTAKBANK26MAR442.5CE,5.0,5.0,5.0,5.0,5.0,6.8,426.35,5.45,2000,2000,1,895000.0,1,F1,2000,,,,,
2026-02-18,2026-02-18,FO,NSE,STO,49460,,KOTAKBANK,,2026-03-30,2026-03-30,435.0,CE,KOTAKBANK26MAR435CE,7.35,7.35,7.35,7.35,7.35,15.15,426.35,7.35,4000,4000,2,1769400.0,2,F1,2000,,,,,
2026-02-18,2026-02-18,FO,NSE,STO,49452,,KOTAKBANK,,2026-03-30,2026-03-30,425.0,CE,KOTAKBANK26MAR425CE,10.9,12.35,9.4,12.15,11.75,11.15,426.35,12.15,206000,78000,122,106370200.0,105,F1,2000,,,,,
2026-02-18,2026-02-18,FO,NSE,STO,49196,,KOTAKBANK,,2026-02-24,2026-02-24,490.0,CE,KOTAKBANK26FEB490CE,0.1,0.1,0.1,0.1,0.1,0.65,426.35,0.1,36000,36000,19,18623800.0,13,F1,2000,,,,,
2026-02-18,2026-02-18,FO,NSE,STO,111698,,KOTAKBANK,,2026-02-24,2026-02-24,480.0,CE,KOTAKBANK26FEB480CE,0.1,0.1,0.1,0.1,0.1,0.1,426.35,0.1,242000,-10000,8,7681600.0,7,F1,2000,,,,,
2026-02-18,2026-02-18,FO,NSE,STO,49161,,KOTAKBANK,,2026-02-24,2026-02-24,450.0,CE,KOTAKBANK26FEB450CE,0.35,0.4,0.25,0.35,0.3,0.35,426.35,0.35,2090000,-32000,180,162111700.0,101,F1,2000,,,,,
2026-02-18,2026-02-18,FO,NSE,STO,46466,,KOTAKBANK,,2026-02-24,2026-02-24,422.5,CE,KOTAKBANK26FEB422.5CE,5.5,6.25,3.4,5.7,5.8,5.55,426.35,5.7,740000,48000,569,486044100.0,515,F1,2000,,,,,
2026-02-18,2026-02-18,FO,NSE,STO,46413,,KOTAKBANK,,2026-02-24,2026-02-24,365.0,PE,KOTAKBANK26FEB365PE,0.1,0.25,0.05,0.15,0.15,0.15,426.35,0.05,320000,-2000,84,61342200.0,54,F1,2000,,,,,
2026-02-18,2026-02-18,FO,NSE,STO,126405,,KOTAKBANK,,2026-02-24,2026-02-24,460.0,PE,KOTAKBANK26FEB460PE,37.75,37.9,36.9,36.9,36.9,36.05,426.35,33.25,116000,-6000,3,2985100.0,3,F1,2000,,,,,
2026-02-18,2026-02-18,FO,NSE,STO,49404,,KOTAKBANK,,2026-03-30,2026-03-30,355.0,PE,KOTAKBANK26MAR355PE,0.0,0.0,0.0,1.0,0.0,1.0,426.35,0.05,0,0,0,0.0,0,F1,2000,,,,,
2026-02-18,2026-02-18,FO,NSE,STO,49416,,KOTAKBANK,,2026-03-30,2026-03-30,385.0,PE,KOTAKBANK26MAR385PE,0.0,0.0,0.0,1.55,1.55,1.55,426.35,0.45,4000,0,0,0.0,0,F1,2000,,,,,
2026-02-18,2026-02-18,FO,NSE,STO,133953,,KOTAKBANK,,2026-03-30,2026-03-30,397.5,PE,KOTAKBANK26MAR397.5PE,0.0,0.0,0.0,2.95,2.95,2.95,426.35,1.45,2000,0,0,0.0,0,F1,2000,,,,,
2026-02-18,2026-02-18,FO,NSE,STO,49434,,KOTAKBANK,,2026-03-30,2026-03-30,405.0,PE,KOTAKBANK26MAR405PE,3.15,3.15,3.15,3.15,3.15,9.9,426.35,2.55,2000,2000,1,816300.0,1,F1,2000,,,,,
2026-02-18,2026-02-18,FO,NSE,STO,134314,,KOTAKBANK,,2026-04-28,2026-04-28,390.0,PE,KOTAKBANK26APR390PE,0.0,0.0,0.0,10.05,0.0,10.05,426.35,1.85,0,0,0,0.0,0,F1,2000,,,,,
2026-02-18,2026-02-18,FO,NSE,STO,134459,,KOTAKBANK,,2026-04-28,2026-04-28,445.0,PE,KOTAKBANK26APR445PE,0.0,0.0,0.0,39.3,0.0,39.3,426.35,22.4,0,0,0,0.0,0,F1,2000,,,,,
2026-02-18,2026-02-18,FO,NSE,STO,134461,,KOTAKBANK,,2026-04-28,2026-04-28,450.0,PE,KOTAKBANK26APR450PE,0.0,0.0,0.0,42.95,0.0,42.95,426.35,25.85,0,0,0,0.0,0,F1,2000,,,,,
2026-02-18,2026-02-18,FO,NSE,STO,134463,,KOTAKBANK,,2026-04-28,2026-04-28,455.0,PE,KOTAKBANK26APR455PE,0.0,0.0,0.0,46.75,0.0,46.75,426.35,29.5,0,0,0,0.0,0,F1,2000,,,,,
2026-02-18,2026-02-18,FO,NSE,STO,46445,,KOTAKBANK,,2026-02-24,2026-02-24,397.5,PE,KOTAKBANK26FEB397.5PE,0.35,0.45,0.35,0.4,0.4,0.65,426.35,0.4,116000,-4000,14,11141200.0,14,F1,2000,,,,,
2026-02-18,2026-02-18,FO,NSE,STO,46432,,KOTAKBANK,,2026-02-24,2026-02-24,387.5,CE,KOTAKBANK26FEB387.5CE,36.0,36.0,35.75,35.85,35.85,28.65,426.35,39.2,30000,0,7,5927100.0,7,F1,2000,,,,,
2026-02-18,2026-02-18,FO,NSE,STO,111557,,KOTAKBANK,,2026-02-24,2026-02-24,456.0,CE,KOTAKBANK26FEB456CE,0.2,0.25,0.2,0.25,0.25,0.25,426.35,0.25,66000,-32000,22,20072900.0,20,F1,2000,,,,,
2026-02-18,2026-02-18,FO,NSE,STO,49162,,KOTAKBANK,,2026-02-24,2026-02-24,450.0,PE,KOTAKBANK26FEB450PE,27.5,27.5,27.5,27.5,27.5,24.65,426.35,23.3,74000,2000,1,955000.0,1,F1,2000,,,,,
2026-02-18,2026-02-18,FO,NSE,STO,111442,,KOTAKBANK,,2026-02-24,2026-02-24,432.0,CE,KOTAKBANK26FEB432CE,1.6,1.85,0.95,1.7,1.6,1.85,426.35,1.7,702000,48000,279,241831800.0,203,F1,2000,,,,,
2026-02-18,2026-02-18,FO,NSE,STO,111562,,KOTAKBANK,,2026-02-24,2026-02-24,464.0,CE,KOTAKBANK26FEB464CE,0.1,0.1,0.1,0.1,0.1,0.15,426.35,0.05,582000,-10000,7,6497400.0,5,F1,2000,,,,,
2026-02-18,2026-02-18,FO,NSE,STO,49387,,KOTAKBANK,,2026-03-30,2026-03-30,345.0,CE,KOTAKBANK26MAR345CE,0.0,0.0,0.0,80.75,0.0,80.75,426.35,83.4,0,0,0,0.0,0,F1,2000,,,,,
2026-02-18,2026-02-18,FO,NSE,STO,49403,,KOTAKBANK,,2026-03-30,2026-03-30,355.0,CE,KOTAKBANK26MAR355CE,0.0,0.0,0.0,71.3,0.0,71.3,426.35,73.5,0,0,0,0.0,0,F1,2000,,,,,
2026-02-18,2026-02-18,FO,NSE,STO,133952,,KOTAKBANK,,2026-03-30,2026-03-30,397.5,CE,KOTAKBANK26MAR397.5CE,0.0,0.0,0.0,33.45,33.45,33.45,426.35,32.65,4000,0,0,0.0,0,F1,2000,,,,,
2026-02-18,2026-02-18,FO,NSE,STO,133964,,KOTAKBANK,,2026-03-30,2026-03-30,427.5,CE,KOTAKBANK26MAR427.5CE,8.7,11.0,8.7,10.7,10.6,9.75,426.35,10.7,30000,12000,12,10513800.0,11,F1,2000,,,,,
2026-02-18,2026-02-18,FO,NSE,STO,49454,,KOTAKBANK,,2026-03-30,2026-03-30,430.0,CE,KOTAKBANK26MAR430CE,8.9,9.9,7.0,9.4,9.3,8.85,426.35,9.4,654000,126000,239,209630800.0,199,F1,2000,,,,,
2026-02-18,2026-02-18,FO,NSE,STO,126732,,KOTAKBANK,,2026-03-30,2026-03-30,440.0,CE,KOTAKBANK26MAR440CE,5.0,5.7,3.95,5.55,5.45,5.25,426.35,5.55,698000,54000,224,199353800.0,178,F1,2000,,,,,
2026-02-18,2026-02-18,FO,NSE,STO,49484,,KOTAKBANK,,2026-03-30,2026-03-30,485.0,CE,KOTAKBANK26MAR485CE,0.0,0.0,0.0,3.2,0.0,3.2,426.35,0.3,0,0,0,0.0,0,F1,2000,,,,,
2026-02-18,2026-02-18,FO,NSE,STO,134301,,KOTAKBANK,,2026-04-28,2026-04-28,370.0,CE,KOTAKBANK26APR370CE,0.0,0.0,0.0,49.25,0.0,49.25,426.35,60.6,0,0,0,0.0,0,F1,2000,,,,,
2026-02-18,2026-02-18,FO,NSE,STO,46367,,KOTAKBANK,,2026-02-24,2026-02-24,345.0,PE,KOTAKBANK26FEB345PE,0.0,0.0,0.0,0.1,0.1,0.1,426.35,0.05,66000,0,0,0.0,0,F1,2000,,,,,
2026-02-18,2026-02-18,FO,NSE,STO,111439,,KOTAKBANK,,2026-02-24,2026-02-24,416.0,PE,KOTAKBANK26FEB416PE,1.75,2.0,1.0,1.0,1.0,1.95,426.35,1.0,582000,54000,93,77631200.0,86,F1,2000,,,,,
2026-02-18,2026-02-18,FO,NSE,STO,126360,,KOTAKBANK,,2026-02-24,2026-02-24,420.0,PE,KOTAKBANK26FEB420PE,3.0,3.45,1.45,1.6,1.6,3.0,426.35,1.6,2180000,-766000,2230,1883716500.0,1864,F1,2000,,,,,
2026-02-18,2026-02-18,FO,NSE,STO,111700,,KOTAKBANK,,2026-02-24,2026-02-24,480.0,PE,KOTAKBANK26FEB480PE,0.0,0.0,0.0,70.0,70.0,70.0,426.35,53.2,10000,0,0,0.0,0,F1,2000,,,,,
2026-02-18,2026-02-18,FO,NSE,STO,126711,,KOTAKBANK,,2026-03-30,2026-03-30,384.0,PE,KOTAKBANK26MAR384PE,0.95,1.0,0.95,1.0,1.0,1.15,426.35,1.0,366000,2000,8,6159300.0,7,F1,2000,,,,,
2026-02-18,2026-02-18,FO,NSE,STO,133948,,KOTAKBANK,,2026-03-30,2026-03-30,387.5,PE,KOTAKBANK26MAR387.5PE,0.0,0.0,0.0,6.85,0.0,6.85,426.35,0.6,0,0,0,0.0,0,F1,2000,,,,,
2026-02-18,2026-02-18,FO,NSE,STO,126733,,KOTAKBANK,,2026-03-30,2026-03-30,440.0,PE,KOTAKBANK26MAR440PE,18.0,19.5,16.2,16.8,16.9,17.85,426.35,16.8,238000,48000,36,32974700.0,35,F1,2000,,,,,
2026-02-18,2026-02-18,FO,NSE,STO,133973,,KOTAKBANK,,2026-03-30,2026-03-30,447.5,PE,KOTAKBANK26MAR447.5PE,0.0,0.0,0.0,39.8,0.0,39.8,426.35,22.55,0,0,0,0.0,0,F1,2000,,,,,
2026-02-18,2026-02-18,FO,NSE,STO,134455,,KOTAKBANK,,2026-04-28,2026-04-28,435.0,PE,KOTAKBANK26APR435PE,0.0,0.0,0.0,32.4,0.0,32.4,426.35,16.3,0,0,0,0.0,0,F1,2000,,,,,
2026-02-18,2026-02-18,FO,NSE,STO,46426,,KOTAKBANK,,2026-02-24,2026-02-24,377.5,CE,KOTAKBANK26FEB377.5CE,0.0,0.0,0.0,47.25,0.0,47.25,426.35,49.2,0,0,0,0.0,0,F1,2000,,,,,
2026-02-18,2026-02-18,FO,NSE,STO,46412,,KOTAKBANK,,2026-02-24,2026-02-24,365.0,CE,KOTAKBANK26FEB365CE,0.0,0.0,0.0,58.9,0.0,58.9,426.35,61.7,0,0,0,0.0,0,F1,2000,,,,,
2026-02-18,2026-02-18,FO,NSE,STO,49013,,KOTAKBANK,,2026-02-24,2026-02-24,445.0,CE,KOTAKBANK26FEB445CE,0.45,0.45,0.3,0.45,0.45,0.5,426.35,0.45,282000,-138000,176,156782700.0,103,F1,2000,,,,,
2026-02-18,2026-02-18,FO,NSE,STO,46392,,KOTAKBANK,,2026-02-24,2026-02-24,350.0,PE,KOTAKBANK26FEB350PE,0.05,0.05,0.05,0.05,0.05,0.05,426.35,0.05,894000,-2000,1,700100.0,1,F1,2000,,,,,
2026-02-18,2026-02-18,FO,NSE,STO,134353,,KOTAKBANK,,2026-04-28,2026-04-28,415.0,CE,KOTAKBANK26APR415CE,0.0,0.0,0.0,20.65,0.0,20.65,426.35,23.0,0,0,0,0.0,0,F1,2000,,,,,
2026-02-18,2026-02-18,FO,NSE,STO,111434,,KOTAKBANK,,2026-02-24,2026-02-24,400.0,CE,KOTAKBANK26FEB400CE,24.75,26.85,21.65,26.8,26.8,24.8,426.35,26.8,774000,-12000,54,45784000.0,44,F1,2000,,,,,
2026-02-18,2026-02-18,FO,NSE,STO,134309,,KOTAKBANK,,2026-04-28,2026-04-28,380.0,CE,KOTAKBANK26APR380CE,0.0,0.0,0.0,41.65,0.0,41.65,426.35,51.2,0,0,0,0.0,0,F1,2000,,,,,
2026-02-18,2026-02-18,FO,NSE,STO,49478,,KOTAKBANK,,2026-03-30,2026-03-30,470.0,CE,KOTAKBANK26MAR470CE,1.0,1.15,0.8,1.15,1.15,1.05,426.35,1.15,356000,50000,37,34843300.0,27,F1,2000,,,,,
2026-02-18,2026-02-18,FO,NSE,STO,49468,,KOTAKBANK,,2026-03-30,2026-03-30,450.0,CE,KOTAKBANK26MAR450CE,2.95,3.3,2.1,3.2,3.2,3.0,426.35,3.2,594000,196000,414,375049100.0,242,F1,2000,,,,,
2026-02-18,2026-02-18,FO,NSE,STO,133966,,KOTAKBANK,,2026-03-30,2026-03-30,432.5,CE,KOTAKBANK26MAR432.5CE,6.9,7.75,6.25,7.75,7.75,7.35,426.35,9.1,22000,8000,11,9666100.0,10,F1,2000,,,,,
2026-02-18,2026-02-18,FO,NSE,STO,134349,,KOTAKBANK,,2026-04-28,2026-04-28,405.0,CE,KOTAKBANK26APR405CE,0.0,0.0,0.0,25.75,0.0,25.75,426.35,30.05,0,0,0,0.0,0,F1,2000,,,,,
2026-02-18,2026-02-18,FO,NSE,STO,46785,,KOTAKBANK,,2026-02-24,2026-02-24,437.5,CE,KOTAKBANK26FEB437.5CE,0.9,0.95,0.5,0.85,0.85,1.0,426.35,0.85,256000,-10000,100,87655800.0,98,F1,2000,,,,,
2026-02-18,2026-02-18,FO,NSE,STO,134313,,KOTAKBANK,,2026-04-28,2026-04-28,390.0,CE,KOTAKBANK26APR390CE,0.0,0.0,0.0,34.75,0.0,34.75,426.35,42.25,0,0,0,0.0,0,F1,2000,,,,,
2026-02-18,2026-02-18,FO,NSE,STO,49016,,KOTAKBANK,,2026-02-24,2026-02-24,445.0,PE,KOTAKBANK26FEB445PE,0.0,0.0,0.0,27.25,0.0,27.25,426.35,18.45,0,0,0,0.0,0,F1,2000,,,,,
2026-02-18,2026-02-18,FO,NSE,STO,111428,,KOTAKBANK,,2026-02-24,2026-02-24,376.0,CE,KOTAKBANK26FEB376CE,0.0,0.0,0.0,47.85,47.85,47.85,426.35,50.7,2000,0,0,0.0,0,F1,2000,,,,,
2026-02-18,2026-02-18,FO,NSE,STO,126341,,KOTAKBANK,,2026-02-24,2026-02-24,404.0,CE,KOTAKBANK26FEB404CE,0.0,0.0,0.0,18.65,18.4,18.65,426.35,22.75,80000,0,0,0.0,0,F1,2000,,,,,
2026-02-18,2026-02-18,FO,NSE,STO,126343,,KOTAKBANK,,2026-02-24,2026-02-24,412.0,CE,KOTAKBANK26FEB412CE,13.5,13.5,10.85,11.5,11.5,12.95,426.35,15.05,354000,-4000,17,14410900.0,17,F1,2000,,,,,
2026-02-18,2026-02-18,FO,NSE,STO,126357,,KOTAKBANK,,2026-02-24,2026-02-24,420.0,CE,KOTAKBANK26FEB420CE,6.9,8.4,4.7,7.55,7.65,7.2,426.35,7.55,4740000,-240000,1421,1212125500.0,1314,F1,2000,,,,,
2026-02-18,2026-02-18,FO,NSE,STO,49441,,KOTAKBANK,,2026-03-30,2026-03-30,415.0,CE,KOTAKBANK26MAR415CE,0.0,0.0,0.0,17.0,17.0,17.0,426.35,18.9,34000,0,0,0.0,0,F1,2000,,,,,
2026-02-18,2026-02-18,FO,NSE,STO,133947,,KOTAKBANK,,2026-03-30,2026-03-30,387.5,CE,KOTAKBANK26MAR387.5CE,0.0,0.0,0.0,38.5,38.5,38.5,426.35,41.75,6000,0,0,0.0,0,F1,2000,,,,,
2026-02-18,2026-02-18,FO,NSE,STO,49172,,KOTAKBANK,,2026-02-24,2026-02-24,465.0,CE,KOTAKBANK26FEB465CE,0.1,0.1,0.1,0.1,0.1,0.4,426.35,0.1,1162000,0,43,39998600.0,32,F1,2000,,,,,
2026-02-18,2026-02-18,FO,NSE,STO,49453,,KOTAKBANK,,2026-03-30,2026-03-30,425.0,PE,KOTAKBANK26MAR425PE,9.25,9.85,8.25,8.45,8.5,9.25,426.35,8.45,220000,32000,36,31259500.0,36,F1,2000,,,,,
2026-02-18,2026-02-18,FO,NSE,STO,49446,,KOTAKBANK,,2026-03-30,2026-03-30,420.0,PE,KOTAKBANK26MAR420PE,7.0,7.55,6.15,6.65,6.55,7.15,426.35,6.65,1506000,936000,720,614616800.0,703,F1,2000,,,,,
2026-02-18,2026-02-18,FO,NSE,STO,133957,,KOTAKBANK,,2026-03-30,2026-03-30,407.5,PE,KOTAKBANK26MAR407.5PE,0.0,0.0,0.0,4.0,4.0,4.0,426.35,3.05,12000,0,0,0.0,0,F1,2000,,,,,
2026-02-18,2026-02-18,FO,NSE,STO,133942,,KOTAKBANK,,2026-03-30,2026-03-30,377.5,PE,KOTAKBANK26MAR377.5PE,0.0,0.0,0.0,4.45,0.0,4.45,426.35,0.2,0,0,0,0.0,0,F1,2000,,,,,
2026-02-18,2026-02-18,FO,NSE,STO,49177,,KOTAKBANK,,2026-02-24,2026-02-24,470.0,PE,KOTAKBANK26FEB470PE,0.0,0.0,0.0,47.8,0.0,47.8,426.35,43.25,0,0,0,0.0,0,F1,2000,,,,,
2026-02-18,2026-02-18,FO,NSE,STO,49164,,KOTAKBANK,,2026-02-24,2026-02-24,452.5,PE,KOTAKBANK26FEB452.5PE,0.0,0.0,0.0,33.0,0.0,33.0,426.35,25.75,0,0,0,0.0,0,F1,2000,,,,,
2026-02-18,2026-02-18,FO,NSE,STO,46397,,KOTAKBANK,,2026-02-24,2026-02-24,355.0,CE,KOTAKBANK26FEB355CE,0.0,0.0,0.0,68.55,0.0,68.55,426.35,71.65,0,0,0,0.0,0,F1,2000,,,,,
2026-02-18,2026-02-18,FO,NSE,STO,134445,,KOTAKBANK,,2026-04-28,2026-04-28,425.0,CE,KOTAKBANK26APR425CE,0.0,0.0,0.0,16.35,0.0,16.35,426.35,17.05,0,0,0,0.0,0,F1,2000,,,,,
2026-02-18,2026-02-18,FO,NSE,STO,134453,,KOTAKBANK,,2026-04-28,2026-04-28,430.0,PE,KOTAKBANK26APR430PE,0.0,0.0,0.0,29.2,0.0,29.2,426.35,13.65,0,0,0,0.0,0,F1,2000,,,,,
2026-02-18,2026-02-18,FO,NSE,STO,134304,,KOTAKBANK,,2026-04-28,2026-04-28,370.0,PE,KOTAKBANK26APR370PE,0.0,0.0,0.0,4.85,0.0,4.85,426.35,0.4,0,0,0,0.0,0,F1,2000,,,,,
2026-02-18,2026-02-18,FO,NSE,STO,49455,,KOTAKBANK,,2026-03-30,2026-03-30,430.0,PE,KOTAKBANK26MAR430PE,11.2,12.75,10.35,10.75,10.8,11.75,426.35,10.75,386000,74000,88,77681700.0,70,F1,2000,,,,,
2026-02-18,2026-02-18,FO,NSE,STO,46461,,KOTAKBANK,,2026-02-24,2026-02-24,415.0,PE,KOTAKBANK26FEB415PE,1.9,1.9,0.9,0.95,1.0,1.8,426.35,0.95,2388000,12000,344,286429900.0,276,F1,2000,,,,,
2026-02-18,2026-02-18,FO,NSE,STO,126342,,KOTAKBANK,,2026-02-24,2026-02-24,404.0,PE,KOTAKBANK26FEB404PE,0.7,0.7,0.45,0.45,0.45,0.75,426.35,0.45,286000,-62000,50,40454500.0,50,F1,2000,,,,,
2026-02-18,2026-02-18,FO,NSE,STO,46443,,KOTAKBANK,,2026-02-24,2026-02-24,395.0,PE,KOTAKBANK26FEB395PE,0.5,0.5,0.3,0.35,0.35,0.55,426.35,0.35,272000,60000,81,64053000.0,62,F1,2000,,,,,
2026-02-18,2026-02-18,FO,NSE,STO,111429,,KOTAKBANK,,2026-02-24,2026-02-24,376.0,PE,KOTAKBANK26FEB376PE,0.0,0.0,0.0,0.35,0.35,0.35,426.35,0.05,630000,0,0,0.0,0,F1,2000,,,,,
2026-02-18,2026-02-18,FO,NSE,STO,134462,,KOTAKBANK,,2026-04-28,2026-04-28,455.0,CE,KOTAKBANK26APR455CE,0.0,0.0,0.0,7.45,0.0,7.45,426.35,5.55,0,0,0,0.0,0,F1,2000,,,,,
2026-02-18,2026-02-18,FO,NSE,STO,134458,,KOTAKBANK,,2026-04-28,2026-04-28,445.0,CE,KOTAKBANK26APR445CE,0.0,0.0,0.0,9.8,0.0,9.8,426.35,8.35,0,0,0,0.0,0,F1,2000,,,,,
2026-02-18,2026-02-18,FO,NSE,STO,134456,,KOTAKBANK,,2026-04-28,2026-04-28,440.0,CE,KOTAKBANK26APR440CE,0.0,0.0,0.0,11.2,0.0,11.2,426.35,10.15,0,0,0,0.0,0,F1,2000,,,,,
2026-02-18,2026-02-18,FO,NSE,STO,134311,,KOTAKBANK,,2026-04-28,2026-04-28,385.0,CE,KOTAKBANK26APR385CE,0.0,0.0,0.0,38.1,0.0,38.1,426.35,46.65,0,0,0,0.0,0,F1,2000,,,,,
2026-02-18,2026-02-18,FO,NSE,STO,133962,,KOTAKBANK,,2026-03-30,2026-03-30,422.5,CE,KOTAKBANK26MAR422.5CE,0.0,0.0,0.0,12.5,12.5,12.5,426.35,14.15,48000,0,0,0.0,0,F1,2000,,,,,
2026-02-18,2026-02-18,FO,NSE,STO,49445,,KOTAKBANK,,2026-03-30,2026-03-30,420.0,CE,KOTAKBANK26MAR420CE,14.4,15.4,12.1,15.1,15.15,14.05,426.35,15.1,408000,20000,108,93738200.0,93,F1,2000,,,,,
2026-02-18,2026-02-18,FO,NSE,STO,126468,,KOTAKBANK,,2026-02-24,2026-02-24,484.0,CE,KOTAKBANK26FEB484CE,0.1,0.1,0.1,0.1,0.1,0.2,426.35,0.1,54000,38000,19,18395800.0,11,F1,2000,,,,,
2026-02-18,2026-02-18,FO,NSE,STO,111547,,KOTAKBANK,,2026-02-24,2026-02-24,448.0,CE,KOTAKBANK26FEB448CE,0.3,0.35,0.3,0.35,0.35,0.4,426.35,0.35,250000,-8000,5,4483400.0,5,F1,2000,,,,,
2026-02-18,2026-02-18,FO,NSE,STO,126384,,KOTAKBANK,,2026-02-24,2026-02-24,436.0,CE,KOTAKBANK26FEB436CE,1.2,1.2,0.65,1.0,1.0,1.2,426.35,1.0,276000,2000,64,55924200.0,62,F1,2000,,,,,
2026-02-18,2026-02-18,FO,NSE,STO,46783,,KOTAKBANK,,2026-02-24,2026-02-24,435.0,CE,KOTAKBANK26FEB435CE,1.3,1.3,0.7,1.1,1.15,1.3,426.35,1.1,1306000,-74000,475,414140100.0,320,F1,2000,,,,,
2026-02-18,2026-02-18,FO,NSE,STO,46470,,KOTAKBANK,,2026-02-24,2026-02-24,425.0,CE,KOTAKBANK26FEB425CE,3.9,4.75,2.4,4.2,4.15,4.2,426.35,4.2,2138000,130000,2769,2373309500.0,2218,F1,2000,,,,,
2026-02-18,2026-02-18,FO,NSE,STO,46452,,KOTAKBANK,,2026-02-24,2026-02-24,405.0,CE,KOTAKBANK26FEB405CE,0.0,0.0,0.0,19.9,20.05,19.9,426.35,21.75,478000,0,0,0.0,0,F1,2000,,,,,
2026-02-18,2026-02-18,FO,NSE,STO,46430,,KOTAKBANK,,2026-02-24,2026-02-24,385.0,CE,KOTAKBANK26FEB385CE,0.0,0.0,0.0,30.95,30.95,30.95,426.35,41.7,14000,0,0,0.0,0,F1,2000,,,,,
2026-02-18,2026-02-18,FO,NSE,STO,46416,,KOTAKBANK,,2026-02-24,2026-02-24,370.0,CE,KOTAKBANK26FEB370CE,0.0,0.0,0.0,54.15,0.0,54.15,426.35,56.7,0,0,0,0.0,0,F1,2000,,,,,
2026-02-18,2026-02-18,FO,NSE,STO,46464,,KOTAKBANK,,2026-02-24,2026-02-24,417.5,CE,KOTAKBANK26FEB417.5CE,8.95,10.15,6.4,9.5,9.4,9.0,426.35,9.5,188000,-50000,98,83344400.0,85,F1,2000,,,,,
2026-02-18,2026-02-18,FO,NSE,STO,111440,,KOTAKBANK,,2026-02-24,2026-02-24,424.0,CE,KOTAKBANK26FEB424CE,5.25,5.3,2.8,4.75,4.65,4.7,426.35,4.75,608000,192000,1346,1152316800.0,1209,F1,2000,,,,,
2026-02-18,2026-02-18,FO,NSE,STO,133793,,M&M,,2026-03-30,2026-03-30,3600.0,PE,M&M26MAR3600PE,173.0,175.0,130.0,139.05,133.0,174.15,3530.5,139.05,95200,19200,245,184134180.0,175,F1,200,,,,,
2026-02-18,2026-02-18,FO,NSE,STO,115574,,M&M,,2026-02-24,2026-02-24,4000.0,PE,M&M26FEB4000PE,465.8,465.8,461.0,464.2,461.0,510.0,3530.5,464.2,12800,200,3,2678520.0,2,F1,200,,,,,
2026-02-18,2026-02-18,FO,NSE,STO,133613,,M&M,,2026-02-24,2026-02-24,3850.0,PE,M&M26FEB3850PE,356.0,356.0,356.0,356.0,356.0,356.65,3530.5,316.2,26800,-200,1,841200.0,1,F1,200,,,,,
2026-02-18,2026-02-18,FO,NSE,STO,138509,,M&M,,2026-04-28,2026-04-28,3300.0,CE,M&M26APR3300CE,0.0,0.0,0.0,286.9,0.0,286.9,3530.5,320.9,0,0,0,0.0,0,F1,200,,,,,
2026-02-18,2026-02-18,FO,NSE,STO,138506,,M&M,,2026-04-28,2026-04-28,3200.0,CE,M&M26APR3200CE,0.0,0.0,0.0,347.6,0.0,347.6,3530.5,397.8,0,0,0,0.0,0,F1,200,,,,,
2026-02-18,2026-02-18,FO,NSE,STO,133798,,M&M,,2026-03-30,2026-03-30,3900.0,CE,M&M26MAR3900CE,21.8,22.5,17.45,20.8,21.5,22.0,3530.5,20.8,58000,5600,153,119947940.0,135,F1,200,,,,,
2026-02-18,2026-02-18,FO,NSE,STO,138366,,M&M,,2026-03-30,2026-03-30,3450.0,CE,M&M26MAR3450CE,164.75,173.0,150.85,172.95,173.0,159.4,3530.5,172.95,17800,4200,46,33179250.0,30,F1,200,,,,,
2026-02-18,2026-02-18,FO,NSE,STO,138512,,M&M,,2026-04-28,2026-04-28,3400.0,PE,M&M26APR3400PE,99.0,99.0,93.0,93.0,93.0,104.9,3530.5,86.95,1400,0,2,1398400.0,2,F1,200,,,,,
2026-02-18,2026-02-18,FO,NSE,STO,138470,,M&M,,2026-03-30,2026-03-30,4150.0,PE,M&M26MAR4150PE,0.0,0.0,0.0,728.0,0.0,728.0,3530.5,599.25,0,0,0,0.0,0,F1,200,,,,,
2026-02-18,2026-02-18,FO,NSE,STO,133607,,M&M,,2026-02-24,2026-02-24,3650.0,CE,M&M26FEB3650CE,9.95,11.0,4.9,8.75,10.75,10.9,3530.5,8.75,874000,49000,6620,4842734140.0,4811,F1,200,,,,,
2026-02-18,2026-02-18,FO,NSE,STO,133610,,M&M,,2026-02-24,2026-02-24,3750.0,CE,M&M26FEB3750CE,5.35,5.35,2.0,3.6,4.35,5.35,3530.5,3.6,615600,-96400,3383,2539398550.0,1912,F1,200,,,,,
2026-02-18,2026-02-18,FO,NSE,STO,138358,,M&M,,2026-03-30,2026-03-30,3150.0,CE,M&M26MAR3150CE,0.0,0.0,0.0,340.85,0.0,340.85,3530.5,410.2,0,0,0,0.0,0,F1,200,,,,,
2026-02-18,2026-02-18,FO,NSE,STO,138360,,M&M,,2026-03-30,2026-03-30,3250.0,CE,M&M26MAR3250CE,294.0,294.0,294.0,294.0,294.0,273.3,3530.5,323.05,200,200,1,708800.0,1,F1,200,,,,,
2026-02-18,2026-02-18,FO,NSE,STO,133588,,M&M,,2026-02-24,2026-02-24,3150.0,PE,M&M26FEB3150PE,1.25,1.25,1.05,1.15,1.2,1.65,3530.5,1.15,50800,-1200,30,18906880.0,26,F1,200,,,,,
2026-02-18,2026-02-18,FO,NSE,STO,133611,,M&M,,2026-02-24,2026-02-24,3750.0,PE,M&M26FEB3750PE,263.8,265.2,214.95,220.4,215.0,268.75,3530.5,220.4,99600,-2200,72,57318000.0,63,F1,200,,,,,
2026-02-18,2026-02-18,FO,NSE,STO,133799,,M&M,,2026-03-30,2026-03-30,3900.0,PE,M&M26MAR3900PE,0.0,0.0,0.0,337.25,0.0,337.25,3530.5,368.8,0,0,0,0.0,0,F1,200,,,,,
2026-02-18,2026-02-18,FO,NSE,STO,138505,,M&M,,2026-04-28,2026-04-28,3100.0,PE,M&M26APR3100PE,0.0,0.0,0.0,27.0,27.0,27.0,3530.5,19.4,1400,0,0,0.0,0,F1,200,,,,,
2026-02-18,2026-02-18,FO,NSE,STO,138522,,M&M,,2026-04-28,2026-04-28,3900.0,PE,M&M26APR3900PE,0.0,0.0,0.0,515.7,0.0,515.7,3530.5,380.8,0,0,0,0.0,0,F1,200,,,,,
2026-02-18,2026-02-18,FO,NSE,STF,59415,,M&M,,2026-02-24,2026-02-24,,,M&M26FEBFUT,3493.8,3540.0,3480.0,3528.4,3540.0,3490.6,3530.5,3528.4,15616800,-1070400,11746,8227980140.0,9240,F1,200,,,,,
2026-02-18,2026-02-18,FO,NSE,STO,115406,,M&M,,2026-02-24,2026-02-24,3400.0,CE,M&M26FEB3400CE,109.05,144.75,97.9,131.0,143.9,109.85,3530.5,131.0,268400,2600,1410,990459420.0,1227,F1,200,,,,,
2026-02-18,2026-02-18,FO,NSE,STO,133596,,M&M,,2026-02-24,2026-02-24,3450.0,CE,M&M26FEB3450CE,74.5,101.0,62.8,89.9,99.55,74.5,3530.5,89.9,127600,-16800,1945,1371520770.0,1738,F1,200,,,,,
2026-02-18,2026-02-18,FO,NSE,STO,133598,,M&M,,2026-02-24,2026-02-24,3550.0,CE,M&M26FEB3550CE,28.5,37.0,19.15,30.55,37.0,28.5,3530.5,30.55,305000,12000,7809,5585677410.0,6518,F1,200,,,,,
2026-02-18,2026-02-18,FO,NSE,STF,66890,,M&M,,2026-04-28,2026-04-28,,,M&M26APRFUT,3534.1,3580.0,3526.3,3569.2,3579.1,3535.0,3530.5,3569.2,155600,7800,189,133966120.0,179,F1,200,,,,,
2026-02-18,2026-02-18,FO,NSE,STO,115387,,M&M,,2026-02-24,2026-02-24,2900.0,CE,M&M26FEB2900CE,0.0,0.0,0.0,701.5,701.5,701.5,3530.5,633.1,0,0,0,0.0,0,F1,200,,,,,
2026-02-18,2026-02-18,FO,NSE,STO,115397,,M&M,,2026-02-24,2026-02-24,3100.0,CE,M&M26FEB3100CE,403.3,438.2,383.0,434.7,438.2,380.65,3530.5,434.7,8600,-5200,35,24502130.0,11,F1,200,,,,,
2026-02-18,2026-02-18,FO,NSE,STO,115412,,M&M,,2026-02-24,2026-02-24,3700.0,CE,M&M26FEB3700CE,6.85,7.15,2.55,5.15,6.7,7.55,3530.5,5.15,1376600,-336200,9605,7116362850.0,5040,F1,200,,,,,
2026-02-18,2026-02-18,FO,NSE,STO,138525,,M&M,,2026-04-28,2026-04-28,4100.0,CE,M&M26APR4100CE,0.0,0.0,0.0,38.9,0.0,38.9,3530.5,22.8,0,0,0,0.0,0,F1,200,,,,,
2026-02-18,2026-02-18,FO,NSE,STO,115396,,M&M,,2026-02-24,2026-02-24,3000.0,PE,M&M26FEB3000PE,1.1,1.1,0.6,0.85,0.8,1.35,3530.5,0.85,95800,-8800,147,88223150.0,114,F1,200,,,,,
2026-02-18,2026-02-18,FO,NSE,STO,115407,,M&M,,2026-02-24,2026-02-24,3400.0,PE,M&M26FEB3400PE,18.45,20.0,5.45,6.45,5.85,18.45,3530.5,6.45,246800,-41800,4258,2905982930.0,3096,F1,200,,,,,
2026-02-18,2026-02-18,FO,NSE,STO,133606,,M&M,,2026-02-24,2026-02-24,3550.0,PE,M&M26FEB3550PE,86.45,90.0,46.7,51.9,47.0,86.45,3530.5,51.9,172400,-23400,1699,1229027350.0,1580,F1,200,,,,,
2026-02-18,2026-02-18,FO,NSE,STO,133597,,M&M,,2026-02-24,2026-02-24,3450.0,PE,M&M26FEB3450PE,32.9,33.4,11.1,12.95,11.25,32.85,3530.5,12.95,217400,-55000,3914,2719267570.0,3480,F1,200,,,,,
2026-02-18,2026-02-18,FO,NSE,STO,115475,,M&M,,2026-02-24,2026-02-24,3800.0,PE,M&M26FEB3800PE,310.0,316.0,262.8,268.1,262.8,310.85,3530.5,268.1,153000,-4000,82,66890400.0,66,F1,200,,,,,
2026-02-18,2026-02-18,FO,NSE,STO,115582,,M&M,,2026-02-24,2026-02-24,4100.0,PE,M&M26FEB4100PE,565.6,565.6,565.6,565.6,565.6,426.15,3530.5,565.6,1000,200,2,1866240.0,1,F1,200,,,,,
2026-02-18,2026-02-18,FO,NSE,STO,133779,,M&M,,2026-03-30,2026-03-30,2900.0,PE,M&M26MAR2900PE,0.0,0.0,0.0,12.6,0.0,12.6,3530.5,0.9,0,0,0,0.0,0,F1,200,,,,,
2026-02-18,2026-02-18,FO,NSE,STO,133783,,M&M,,2026-03-30,2026-03-30,3100.0,PE,M&M26MAR3100PE,15.95,17.25,9.6,10.1,9.65,16.55,3530.5,10.1,36400,1800,68,42357930.0,55,F1,200,,,,,
2026-02-18,2026-02-18,FO,NSE,STO,138466,,M&M,,2026-03-30,2026-03-30,3950.0,PE,M&M26MAR3950PE,0.0,0.0,0.0,547.8,0.0,547.8,3530.5,412.75,0,0,0,0.0,0,F1,200,,,,,
2026-02-18,2026-02-18,FO,NSE,STO,138526,,M&M,,2026-04-28,2026-04-28,4100.0,PE,M&M26APR4100PE,0.0,0.0,0.0,682.6,0.0,682.6,3530.5,549.9,0,0,0,0.0,0,F1,200,,,,,
2026-02-18,2026-02-18,FO,NSE,STO,133796,,M&M,,2026-03-30,2026-03-30,3800.0,CE,M&M26MAR3800CE,35.8,37.3,29.4,34.55,36.5,35.6,3530.5,34.55,151000,18600,502,384762340.0,400,F1,200,,,,,
2026-02-18,2026-02-18,FO,NSE,STO,133804,,M&M,,2026-03-30,2026-03-30,4200.0,CE,M&M26MAR4200CE,5.35,6.05,3.9,5.8,5.5,5.1,3530.5,5.8,26400,11800,87,73162960.0,38,F1,200,,,,,
2026-02-18,2026-02-18,FO,NSE,STO,138523,,M&M,,2026-04-28,2026-04-28,4000.0,CE,M&M26APR4000CE,0.0,0.0,0.0,57.05,57.05,57.05,3530.5,34.75,600,0,0,0.0,0,F1,200,,,,,
2026-02-18,2026-02-18,FO,NSE,STO,115413,,M&M,,2026-02-24,2026-02-24,3700.0,PE,M&M26FEB3700PE,212.85,221.5,167.75,174.45,167.75,215.4,3530.5,174.45,351400,-4400,198,154214990.0,174,F1,200,,,,,
2026-02-18,2026-02-18,FO,NSE,STO,138369,,M&M,,2026-03-30,2026-03-30,3450.0,PE,M&M26MAR3450PE,88.0,95.5,64.0,69.1,64.0,94.7,3530.5,69.1,9000,2800,60,42361200.0,44,F1,200,,,,,
2026-02-18,2026-02-18,FO,NSE,STO,138469,,M&M,,2026-03-30,2026-03-30,4150.0,CE,M&M26MAR4150CE,0.0,0.0,0.0,8.35,8.4,8.35,3530.5,4.7,7600,0,0,0.0,0,F1,200,,,,,
2026-02-18,2026-02-18,FO,NSE,STO,133794,,M&M,,2026-03-30,2026-03-30,3700.0,CE,M&M26MAR3700CE,56.55,60.5,48.85,57.4,59.45,56.9,3530.5,57.4,137200,27200,661,496283250.0,474,F1,200,,,,,
2026-02-18,2026-02-18,FO,NSE,STO,115478,,M&M,,2026-02-24,2026-02-24,4000.0,CE,M&M26FEB4000CE,1.5,1.6,0.9,1.15,1.15,1.8,3530.5,1.15,672200,-147200,1981,1585236550.0,1229,F1,200,,,,,
2026-02-18,2026-02-18,FO,NSE,STO,115476,,M&M,,2026-02-24,2026-02-24,3900.0,CE,M&M26FEB3900CE,2.5,2.7,1.3,1.65,1.95,2.65,3530.5,1.65,556000,-1800,2124,1657440980.0,1154,F1,200,,,,,
2026-02-18,2026-02-18,FO,NSE,STO,115402,,M&M,,2026-02-24,2026-02-24,3200.0,CE,M&M26FEB3200CE,291.0,331.6,291.0,331.6,331.6,289.2,3530.5,331.6,18200,-600,4,2817140.0,4,F1,200,,,,,
2026-02-18,2026-02-18,FO,NSE,STO,138504,,M&M,,2026-04-28,2026-04-28,3100.0,CE,M&M26APR3100CE,0.0,0.0,0.0,415.75,0.0,415.75,3530.5,481.95,0,0,0,0.0,0,F1,200,,,,,
2026-02-18,2026-02-18,FO,NSE,STO,138467,,M&M,,2026-03-30,2026-03-30,4050.0,CE,M&M26MAR4050CE,0.0,0.0,0.0,12.8,12.8,12.8,3530.5,9.15,600,0,0,0.0,0,F1,200,,,,,
2026-02-18,2026-02-18,FO,NSE,STO,138511,,M&M,,2026-04-28,2026-04-28,3400.0,CE,M&M26APR3400CE,0.0,0.0,0.0,233.6,0.0,233.6,3530.5,252.6,0,0,0,0.0,0,F1,200,,,,,
2026-02-18,2026-02-18,FO,NSE,STO,138517,,M&M,,2026-04-28,2026-04-28,3700.0,CE,M&M26APR3700CE,0.0,0.0,0.0,116.5,0.0,116.5,3530.5,105.45,0,0,0,0.0,0,F1,200,,,,,
2026-02-18,2026-02-18,FO,NSE,STO,115583,,M&M,,2026-02-24,2026-02-24,4200.0,CE,M&M26FEB4200CE,0.75,0.95,0.45,0.55,0.55,1.05,3530.5,0.55,272800,-139400,895,751901820.0,260,F1,200,,,,,
2026-02-18,2026-02-18,FO,NSE,STO,115593,,M&M,,2026-02-24,2026-02-24,4300.0,CE,M&M26FEB4300CE,0.4,0.4,0.3,0.4,0.4,0.6,3530.5,0.4,55400,-15400,83,71385640.0,63,F1,200,,,,,
2026-02-18,2026-02-18,FO,NSE,STO,133780,,M&M,,2026-03-30,2026-03-30,3000.0,CE,M&M26MAR3000CE,0.0,0.0,0.0,725.5,0.0,725.5,3530.5,551.2,0,0,0,0.0,0,F1,200,,,,,
2026-02-18,2026-02-18,FO,NSE,STO,138364,,M&M,,2026-03-30,2026-03-30,3350.0,CE,M&M26MAR3350CE,0.0,0.0,0.0,214.7,0.0,214.7,3530.5,244.6,0,0,0,0.0,0,F1,200,,,,,
2026-02-18,2026-02-18,FO,NSE,STO,138380,,M&M,,2026-03-30,2026-03-30,3550.0,CE,M&M26MAR3550CE,109.35,120.4,100.0,116.5,118.3,109.35,3530.5,116.5,14600,3400,111,81269960.0,92,F1,200,,,,,
2026-02-18,2026-02-18,FO,NSE,STO,138463,,M&M,,2026-03-30,2026-03-30,3850.0,CE,M&M26MAR3850CE,28.15,28.25,22.7,25.9,27.5,28.05,3530.5,25.9,7000,2200,39,30224470.0,34,F1,200,,,,,
2026-02-18,2026-02-18,FO,NSE,STO,138520,,M&M,,2026-04-28,2026-04-28,3800.0,PE,M&M26APR3800PE,0.0,0.0,0.0,438.55,0.0,438.55,3530.5,304.95,0,0,0,0.0,0,F1,200,,,,,
2026-02-18,2026-02-18,FO,NSE,STO,133797,,M&M,,2026-03-30,2026-03-30,3800.0,PE,M&M26MAR3800PE,305.0,319.0,278.05,283.3,278.05,325.0,3530.5,283.3,13200,600,10,8199250.0,7,F1,200,,,,,
2026-02-18,2026-02-18,FO,NSE,STO,138462,,M&M,,2026-03-30,2026-03-30,3750.0,PE,M&M26MAR3750PE,241.05,241.05,238.5,240.2,238.5,300.0,3530.5,240.2,9000,0,3,2394110.0,3,F1,200,,,,,
2026-02-18,2026-02-18,FO,NSE,STO,138449,,M&M,,2026-03-30,2026-03-30,3650.0,PE,M&M26MAR3650PE,196.0,196.0,196.0,196.0,196.0,185.55,3530.5,178.2,3400,200,1,769200.0,1,F1,200,,,,,
2026-02-18,2026-02-18,FO,NSE,STO,133791,,M&M,,2026-03-30,2026-03-30,3500.0,PE,M&M26MAR3500PE,116.95,120.45,82.5,89.25,83.75,116.9,3530.5,89.25,163000,60000,587,423534880.0,510,F1,200,,,,,
2026-02-18,2026-02-18,FO,NSE,STO,138357,,M&M,,2026-03-30,2026-03-30,3050.0,PE,M&M26MAR3050PE,13.35,13.35,7.85,7.85,7.85,10.0,3530.5,7.85,800,400,4,2447380.0,3,F1,200,,,,,
2026-02-18,2026-02-18,FO,NSE,STO,115588,,M&M,,2026-02-24,2026-02-24,4200.0,PE,M&M26FEB4200PE,0.0,0.0,0.0,555.0,0.0,555.0,3530.5,665.7,0,0,0,0.0,0,F1,200,,,,,
2026-02-18,2026-02-18,FO,NSE,STO,115403,,M&M,,2026-02-24,2026-02-24,3200.0,PE,M&M26FEB3200PE,2.1,2.2,0.9,1.2,1.15,2.45,3530.5,1.2,207600,-13600,782,500720290.0,499,F1,200,,,,,
2026-02-18,2026-02-18,FO,NSE,STO,138513,,M&M,,2026-04-28,2026-04-28,3500.0,CE,M&M26APR3500CE,0.0,0.0,0.0,187.7,0.0,187.7,3530.5,193.85,0,0,0,0.0,0,F1,200,,,,,
2026-02-18,2026-02-18,FO,NSE,STO,133778,,M&M,,2026-03-30,2026-03-30,2900.0,CE,M&M26MAR2900CE,0.0,0.0,0.0,815.85,0.0,815.85,3530.5,648.8,0,0,0,0.0,0,F1,200,,,,,
2026-02-18,2026-02-18,FO,NSE,STO,133782,,M&M,,2026-03-30,2026-03-30,3100.0,CE,M&M26MAR3100CE,440.0,462.2,422.0,456.65,462.2,428.0,3530.5,456.65,32200,5200,29,20463990.0,12,F1,200,,,,,
2026-02-18,2026-02-18,FO,NSE,STO,138499,,M&M,,2026-04-28,2026-04-28,2800.0,PE,M&M26APR2800PE,0.0,0.0,0.0,20.55,0.0,20.55,3530.5,2.1,0,0,0,0.0,0,F1,200,,,,,
2026-02-18,2026-02-18,FO,NSE,STO,138468,,M&M,,2026-03-30,2026-03-30,4050.0,PE,M&M26MAR4050PE,0.0,0.0,0.0,636.4,0.0,636.4,3530.5,504.3,0,0,0,0.0,0,F1,200,,,,,
2026-02-18,2026-02-18,FO,NSE,STO,133787,,M&M,,2026-03-30,2026-03-30,3300.0,PE,M&M26MAR3300PE,43.6,47.3,28.0,30.25,28.0,45.8,3530.5,30.25,50400,10000,266,177607540.0,199,F1,200,,,,,
2026-02-18,2026-02-18,FO,NSE,STO,138515,,M&M,,2026-04-28,2026-04-28,3600.0,CE,M&M26APR3600CE,0.0,0.0,0.0,148.85,0.0,148.85,3530.5,144.9,0,0,0,0.0,0,F1,200,,,,,
2026-02-18,2026-02-18,FO,NSE,STO,138502,,M&M,,2026-04-28,2026-04-28,3000.0,CE,M&M26APR3000CE,0.0,0.0,0.0,490.4,0.0,490.4,3530.5,571.65,0,0,0,0.0,0,F1,200,,,,,
2026-02-18,2026-02-18,FO,NSE,STO,133585,,M&M,,2026-02-24,2026-02-24,3050.0,CE,M&M26FEB3050CE,0.0,0.0,0.0,552.75,552.75,552.75,3530.5,483.25,0,0,0,0.0,0,F1,200,,,,,
2026-02-18,2026-02-18,FO,NSE,STO,115408,,M&M,,2026-02-24,2026-02-24,3500.0,CE,M&M26FEB3500CE,48.0,64.0,36.75,53.35,64.0,47.4,3530.5,53.35,465600,-192800,10607,7521143320.0,8601,F1,200,,,,,
2026-02-18,2026-02-18,FO,NSE,STO,115410,,M&M,,2026-02-24,2026-02-24,3600.0,CE,M&M26FEB3600CE,17.0,20.2,9.5,16.35,19.8,17.2,3530.5,16.35,747000,-39400,9710,7017970150.0,7369,F1,200,,,,,
2026-02-18,2026-02-18,FO,NSE,STO,115597,,M&M,,2026-02-24,2026-02-24,4400.0,CE,M&M26FEB4400CE,0.6,0.6,0.3,0.35,0.35,0.6,3530.5,0.35,73000,-10000,83,73046240.0,34,F1,200,,,,,
2026-02-18,2026-02-18,FO,NSE,STO,115405,,M&M,,2026-02-24,2026-02-24,3300.0,PE,M&M26FEB3300PE,5.6,6.35,1.95,2.1,2.1,5.9,3530.5,2.1,278600,-26600,1434,947529230.0,1216,F1,200,,,,,
2026-02-18,2026-02-18,FO,NSE,STO,115409,,M&M,,2026-02-24,2026-02-24,3500.0,PE,M&M26FEB3500PE,57.05,59.5,23.5,27.65,23.75,55.45,3530.5,27.65,519200,43000,4635,3281968810.0,4040,F1,200,,,,,
2026-02-18,2026-02-18,FO,NSE,STO,115477,,M&M,,2026-02-24,2026-02-24,3900.0,PE,M&M26FEB3900PE,406.0,406.0,370.05,373.65,370.05,405.0,3530.5,373.65,18000,-400,8,6875660.0,4,F1,200,,,,,
2026-02-18,2026-02-18,FO,NSE,STO,115595,,M&M,,2026-02-24,2026-02-24,4300.0,PE,M&M26FEB4300PE,0.0,0.0,0.0,891.0,891.0,891.0,3530.5,765.6,4600,0,0,0.0,0,F1,200,,,,,
2026-02-18,2026-02-18,FO,NSE,STO,138518,,M&M,,2026-04-28,2026-04-28,3700.0,PE,M&M26APR3700PE,0.0,0.0,0.0,366.35,0.0,366.35,3530.5,236.7,0,0,0,0.0,0,F1,200,,,,,
2026-02-18,2026-02-18,FO,NSE,STO,133587,,M&M,,2026-02-24,2026-02-24,3150.0,CE,M&M26FEB3150CE,0.0,0.0,0.0,559.2,0.0,559.2,3530.5,383.35,0,0,0,0.0,0,F1,200,,,,,
2026-02-18,2026-02-18,FO,NSE,STO,133590,,M&M,,2026-02-24,2026-02-24,3250.0,CE,M&M26FEB3250CE,0.0,0.0,0.0,242.0,242.0,242.0,3530.5,283.65,9200,0,0,0.0,0,F1,200,,,,,
2026-02-18,2026-02-18,FO,NSE,STO,115575,,M&M,,2026-02-24,2026-02-24,4100.0,CE,M&M26FEB4100CE,1.1,1.2,0.65,0.85,0.7,1.55,3530.5,0.85,155000,-30400,377,309207860.0,257,F1,200,,,,,
2026-02-18,2026-02-18,FO,NSE,STO,133784,,M&M,,2026-03-30,2026-03-30,3200.0,CE,M&M26MAR3200CE,0.0,0.0,0.0,556.75,0.0,556.75,3530.5,365.75,0,0,0,0.0,0,F1,200,,,,,
2026-02-18,2026-02-18,FO,NSE,STO,138498,,M&M,,2026-04-28,2026-04-28,2800.0,CE,M&M26APR2800CE,0.0,0.0,0.0,656.95,0.0,656.95,3530.5,761.55,0,0,0,0.0,0,F1,200,,,,,
2026-02-18,2026-02-18,FO,NSE,STO,138363,,M&M,,2026-03-30,2026-03-30,3250.0,PE,M&M26MAR3250PE,36.2,36.2,22.35,22.95,22.35,36.0,3530.5,22.95,4800,800,36,23593510.0,33,F1,200,,,,,
2026-02-18,2026-02-18,FO,NSE,STO,138519,,M&M,,2026-04-28,2026-04-28,3800.0,CE,M&M26APR3800CE,63.0,63.0,60.0,60.0,60.0,93.0,3530.5,60.0,1200,600,5,3862200.0,3,F1,200,,,,,
2026-02-18,2026-02-18,FO,NSE,STO,115388,,M&M,,2026-02-24,2026-02-24,2900.0,PE,M&M26FEB2900PE,0.65,0.8,0.3,0.75,0.75,1.25,3530.5,0.75,73400,-3400,75,43507660.0,33,F1,200,,,,,
2026-02-18,2026-02-18,FO,NSE,STO,133591,,M&M,,2026-02-24,2026-02-24,3250.0,PE,M&M26FEB3250PE,3.85,3.85,1.6,1.75,1.7,3.75,3530.5,1.75,145200,-2800,398,258865330.0,369,F1,200,,,,,
2026-02-18,2026-02-18,FO,NSE,STO,133781,,M&M,,2026-03-30,2026-03-30,3000.0,PE,M&M26MAR3000PE,9.0,11.0,6.3,6.8,6.7,10.05,3530.5,6.8,48200,9200,96,57790090.0,61,F1,200,,,,,
2026-02-18,2026-02-18,FO,NSE,STO,138464,,M&M,,2026-03-30,2026-03-30,3850.0,PE,M&M26MAR3850PE,0.0,0.0,0.0,463.2,0.0,463.2,3530.5,326.4,0,0,0,0.0,0,F1,200,,,,,
2026-02-18,2026-02-18,FO,NSE,STO,138503,,M&M,,2026-04-28,2026-04-28,3000.0,PE,M&M26APR3000PE,0.0,0.0,0.0,50.95,0.0,50.95,3530.5,10.15,0,0,0,0.0,0,F1,200,,,,,
2026-02-18,2026-02-18,FO,NSE,STO,138516,,M&M,,2026-04-28,2026-04-28,3600.0,PE,M&M26APR3600PE,0.0,0.0,0.0,300.2,0.0,300.2,3530.5,177.15,0,0,0,0.0,0,F1,200,,,,,
2026-02-18,2026-02-18,FO,NSE,STO,138356,,M&M,,2026-03-30,2026-03-30,3050.0,CE,M&M26MAR3050CE,0.0,0.0,0.0,416.3,0.0,416.3,3530.5,503.25,0,0,0,0.0,0,F1,200,,,,,
2026-02-18,2026-02-18,FO,NSE,STO,133592,,M&M,,2026-02-24,2026-02-24,3350.0,CE,M&M26FEB3350CE,149.95,190.85,140.35,184.3,190.85,152.15,3530.5,184.3,65000,-3200,115,80680910.0,107,F1,200,,,,,
2026-02-18,2026-02-18,FO,NSE,STO,133612,,M&M,,2026-02-24,2026-02-24,3850.0,CE,M&M26FEB3850CE,3.25,3.25,1.5,2.05,2.4,3.3,3530.5,2.05,389000,-27800,1060,816616790.0,788,F1,200,,,,,
2026-02-18,2026-02-18,FO,NSE,STO,133786,,M&M,,2026-03-30,2026-03-30,3300.0,CE,M&M26MAR3300CE,0.0,0.0,0.0,255.0,255.0,255.0,3530.5,282.6,3600,0,0,0.0,0,F1,200,,,,,
2026-02-18,2026-02-18,FO,NSE,STO,133788,,M&M,,2026-03-30,2026-03-30,3400.0,CE,M&M26MAR3400CE,190.8,215.0,182.1,202.6,215.0,189.35,3530.5,202.6,17200,3400,85,61092230.0,56,F1,200,,,,,
2026-02-18,2026-02-18,FO,NSE,STO,133792,,M&M,,2026-03-30,2026-03-30,3600.0,CE,M&M26MAR3600CE,90.95,96.75,79.75,91.05,96.75,88.45,3530.5,91.05,130800,18400,851,627657740.0,577,F1,200,,,,,
2026-02-18,2026-02-18,FO,NSE,STO,115414,,M&M,,2026-02-24,2026-02-24,3800.0,CE,M&M26FEB3800CE,3.85,3.85,1.65,2.55,3.15,4.05,3530.5,2.55,1186800,-271000,5927,4507367520.0,3167,F1,200,,,,,
2026-02-18,2026-02-18,FO,NSE,STO,138465,,M&M,,2026-03-30,2026-03-30,3950.0,CE,M&M26MAR3950CE,14.3,15.8,13.9,15.75,15.8,17.5,3530.5,15.75,6000,3000,17,13480380.0,12,F1,200,,,,,
2026-02-18,2026-02-18,FO,NSE,STO,138527,,M&M,,2026-04-28,2026-04-28,4200.0,CE,M&M26APR4200CE,0.0,0.0,0.0,28.75,0.0,28.75,3530.5,14.65,0,0,0,0.0,0,F1,200,,,,,
2026-02-18,2026-02-18,FO,NSE,STO,133582,,M&M,,2026-02-24,2026-02-24,2850.0,PE,M&M26FEB2850PE,0.55,0.55,0.55,0.55,0.55,0.55,3530.5,0.05,97600,0,5,2850550.0,1,F1,200,,,,,
2026-02-18,2026-02-18,FO,NSE,STO,133595,,M&M,,2026-02-24,2026-02-24,3350.0,PE,M&M26FEB3350PE,10.65,11.1,3.15,3.45,3.3,10.3,3530.5,3.45,210600,-48800,1856,1246011000.0,1596,F1,200,,,,,
2026-02-18,2026-02-18,FO,NSE,STO,133617,,M&M,,2026-02-24,2026-02-24,3950.0,PE,M&M26FEB3950PE,0.0,0.0,0.0,339.65,339.65,339.65,3530.5,415.95,4400,0,0,0.0,0,F1,200,,,,,
2026-02-18,2026-02-18,FO,NSE,STO,138359,,M&M,,2026-03-30,2026-03-30,3150.0,PE,M&M26MAR3150PE,0.0,0.0,0.0,24.0,24.0,24.0,3530.5,10.8,800,0,0,0.0,0,F1,200,,,,,
2026-02-18,2026-02-18,FO,NSE,STO,133785,,M&M,,2026-03-30,2026-03-30,3200.0,PE,M&M26MAR3200PE,25.35,28.55,15.65,16.95,15.9,27.35,3530.5,16.95,57200,5200,187,120499390.0,166,F1,200,,,,,
2026-02-18,2026-02-18,FO,NSE,STO,133789,,M&M,,2026-03-30,2026-03-30,3400.0,PE,M&M26MAR3400PE,75.55,76.5,48.7,53.0,48.7,75.05,3530.5,53.0,68400,11200,214,148167580.0,151,F1,200,,,,,
2026-02-18,2026-02-18,FO,NSE,STO,138381,,M&M,,2026-03-30,2026-03-30,3550.0,PE,M&M26MAR3550PE,138.4,138.4,106.0,110.15,106.0,140.3,3530.5,110.15,6400,3200,26,19080340.0,19,F1,200,,,,,
2026-02-18,2026-02-18,FO,NSE,STO,138524,,M&M,,2026-04-28,2026-04-28,4000.0,PE,M&M26APR4000PE,0.0,0.0,0.0,597.3,0.0,597.3,3530.5,462.9,0,0,0,0.0,0,F1,200,,,,,
2026-02-18,2026-02-18,FO,NSE,STO,133619,,M&M,,2026-02-24,2026-02-24,4050.0,CE,M&M26FEB4050CE,1.25,1.45,0.6,0.95,1.1,1.7,3530.5,0.95,139400,-13600,249,201741020.0,132,F1,200,,,,,
2026-02-18,2026-02-18,FO,NSE,STO,133803,,M&M,,2026-03-30,2026-03-30,4100.0,PE,M&M26MAR4100PE,0.0,0.0,0.0,476.75,0.0,476.75,3530.5,551.45,0,0,0,0.0,0,F1,200,,,,,
2026-02-18,2026-02-18,FO,NSE,STO,133806,,M&M,,2026-03-30,2026-03-30,4200.0,PE,M&M26MAR4200PE,0.0,0.0,0.0,553.8,0.0,553.8,3530.5,647.55,0,0,0,0.0,0,F1,200,,,,,
2026-02-18,2026-02-18,FO,NSE,STO,138510,,M&M,,2026-04-28,2026-04-28,3300.0,PE,M&M26APR3300PE,0.0,0.0,0.0,142.85,0.0,142.85,3530.5,56.3,0,0,0,0.0,0,F1,200,,,,,
2026-02-18,2026-02-18,FO,NSE,STO,115404,,M&M,,2026-02-24,2026-02-24,3300.0,CE,M&M26FEB3300CE,198.75,238.9,186.75,234.1,238.85,196.2,3530.5,234.1,57000,600,54,37833980.0,50,F1,200,,,,,
2026-02-18,2026-02-18,FO,NSE,STO,133615,,M&M,,2026-02-24,2026-02-24,3950.0,CE,M&M26FEB3950CE,2.0,2.0,0.9,1.25,1.4,2.2,3530.5,1.25,141000,-21200,372,293976920.0,260,F1,200,,,,,
2026-02-18,2026-02-18,FO,NSE,STO,133790,,M&M,,2026-03-30,2026-03-30,3500.0,CE,M&M26MAR3500CE,132.45,147.0,121.7,139.65,145.55,132.4,3530.5,139.65,121000,35600,1068,776032230.0,871,F1,200,,,,,
2026-02-18,2026-02-18,FO,NSE,STO,133800,,M&M,,2026-03-30,2026-03-30,4000.0,CE,M&M26MAR4000CE,13.75,13.95,10.3,12.65,13.0,13.4,3530.5,12.65,136800,8800,293,235098180.0,250,F1,200,,,,,
2026-02-18,2026-02-18,FO,NSE,STO,133802,,M&M,,2026-03-30,2026-03-30,4100.0,CE,M&M26MAR4100CE,8.55,8.55,6.5,7.3,7.7,8.05,3530.5,7.3,22800,-2200,43,35321220.0,26,F1,200,,,,,
2026-02-18,2026-02-18,FO,NSE,STO,133586,,M&M,,2026-02-24,2026-02-24,3050.0,PE,M&M26FEB3050PE,0.6,0.8,0.6,0.75,0.75,1.9,3530.5,0.05,1400,-1400,14,8541900.0,14,F1,200,,,,,
2026-02-18,2026-02-18,FO,NSE,STO,115398,,M&M,,2026-02-24,2026-02-24,3100.0,PE,M&M26FEB3100PE,1.4,1.4,0.55,0.8,0.75,1.45,3530.5,0.8,62400,-14400,226,140157400.0,174,F1,200,,,,,
2026-02-18,2026-02-18,FO,NSE,STO,115411,,M&M,,2026-02-24,2026-02-24,3600.0,PE,M&M26FEB3600PE,127.45,129.55,80.3,87.65,80.3,125.75,3530.5,87.65,275600,-22000,548,405885050.0,488,F1,200,,,,,
2026-02-18,2026-02-18,FO,NSE,STO,133621,,M&M,,2026-02-24,2026-02-24,4050.0,PE,M&M26FEB4050PE,0.0,0.0,0.0,380.4,380.4,380.4,3530.5,515.85,800,0,0,0.0,0,F1,200,,,,,
2026-02-18,2026-02-18,FO,NSE,STO,133795,,M&M,,2026-03-30,2026-03-30,3700.0,PE,M&M26MAR3700PE,228.0,243.0,200.0,203.9,200.0,240.0,3530.5,203.9,29800,4000,32,25164130.0,22,F1,200,,,,,
2026-02-18,2026-02-18,FO,NSE,STO,133608,,M&M,,2026-02-24,2026-02-24,3650.0,PE,M&M26FEB3650PE,172.5,173.3,119.0,130.35,119.1,168.4,3530.5,130.35,153600,-800,187,141860140.0,185,F1,200,,,,,
2026-02-18,2026-02-18,FO,NSE,STO,133623,,M&M,,2026-02-24,2026-02-24,4150.0,PE,M&M26FEB4150PE,0.0,0.0,0.0,496.55,0.0,496.55,3530.5,615.75,0,0,0,0.0,0,F1,200,,,,,
2026-02-18,2026-02-18,FO,NSE,STO,138508,,M&M,,2026-04-28,2026-04-28,3200.0,PE,M&M26APR3200PE,30.55,30.55,30.55,30.55,30.55,52.35,3530.5,30.55,1600,0,1,646110.0,1,F1,200,,,,,
2026-02-18,2026-02-18,FO,NSE,STO,138528,,M&M,,2026-04-28,2026-04-28,4200.0,PE,M&M26APR4200PE,0.0,0.0,0.0,770.95,0.0,770.95,3530.5,640.7,0,0,0,0.0,0,F1,200,,,,,
2026-02-18,2026-02-18,FO,NSE,STF,51971,,M&M,,2026-03-30,2026-03-30,,,M&M26MARFUT,3528.0,3562.0,3502.0,3548.8,3560.0,3512.8,3530.5,3548.8,3372800,833000,5721,4027029460.0,4260,F1,200,,,,,
2026-02-18,2026-02-18,FO,NSE,STO,138461,,M&M,,2026-03-30,2026-03-30,3750.0,CE,M&M26MAR3750CE,45.25,47.0,38.6,44.95,47.0,45.5,3530.5,44.95,31600,4000,75,56890200.0,71,F1,200,,,,,
2026-02-18,2026-02-18,FO,NSE,STO,138382,,M&M,,2026-03-30,2026-03-30,3650.0,CE,M&M26MAR3650CE,74.0,76.1,63.3,72.05,75.5,71.75,3530.5,72.05,67800,2000,103,76602170.0,80,F1,200,,,,,
2026-02-18,2026-02-18,FO,NSE,STO,133622,,M&M,,2026-02-24,2026-02-24,4150.0,CE,M&M26FEB4150CE,1.25,1.3,0.55,0.6,0.6,1.4,3530.5,0.05,32600,-4000,62,51468390.0,46,F1,200,,,,,
2026-02-18,2026-02-18,FO,NSE,STO,115389,,M&M,,2026-02-24,2026-02-24,3000.0,CE,M&M26FEB3000CE,497.45,531.7,496.45,531.7,531.7,556.45,3530.5,531.7,2400,800,6,4203280.0,6,F1,200,,,,,
2026-02-18,2026-02-18,FO,NSE,STO,138514,,M&M,,2026-04-28,2026-04-28,3500.0,PE,M&M26APR3500PE,0.0,0.0,0.0,240.6,0.0,240.6,3530.5,127.15,0,0,0,0.0,0,F1,200,,,,,
2026-02-18,2026-02-18,FO,NSE,STO,138365,,M&M,,2026-03-30,2026-03-30,3350.0,PE,M&M26MAR3350PE,60.0,60.0,39.75,41.6,39.75,61.5,3530.5,41.6,9400,800,18,12236220.0,15,F1,200,,,,,
2026-02-18,2026-02-18,FO,NSE,STO,138521,,M&M,,2026-04-28,2026-04-28,3900.0,CE,M&M26APR3900CE,0.0,0.0,0.0,68.9,0.0,68.9,3530.5,51.6,0,0,0,0.0,0,F1,200,,,,,
2026-02-18,2026-02-18,FO,NSE,STO,133801,,M&M,,2026-03-30,2026-03-30,4000.0,PE,M&M26MAR4000PE,0.0,0.0,0.0,422.0,422.0,422.0,3530.5,458.0,1200,0,0,0.0,0,F1,200,,,,,
2026-02-18,2026-02-18,FO,NSE,STO,40745,,NATIONALUM,,2026-02-24,2026-02-24,432.5,CE,NATIONALUM26FEB432.5CE,0.1,0.2,0.05,0.2,0.2,0.15,344.05,0.05,138750,-11250,7,11356312.5,7,F1,3750,,,,,
2026-02-18,2026-02-18,FO,NSE,STO,141463,,NATIONALUM,,2026-02-24,2026-02-24,410.0,CE,NATIONALUM26FEB410CE,0.25,0.25,0.15,0.2,0.15,0.3,344.05,0.2,1166250,-108750,71,109211062.5,36,F1,3750,,,,,
2026-02-18,2026-02-18,FO,NSE,STO,39913,,NATIONALUM,,2026-02-24,2026-02-24,407.5,CE,NATIONALUM26FEB407.5CE,0.0,0.0,0.0,0.35,0.35,0.35,344.05,0.05,195000,0,0,0.0,0,F1,3750,,,,,
2026-02-18,2026-02-18,FO,NSE,STO,39911,,NATIONALUM,,2026-02-24,2026-02-24,402.5,CE,NATIONALUM26FEB402.5CE,0.2,0.2,0.2,0.2,0.2,0.3,344.05,0.05,116250,-15000,14,21141750.0,12,F1,3750,,,,,
2026-02-18,2026-02-18,FO,NSE,STO,141433,,NATIONALUM,,2026-02-24,2026-02-24,347.5,CE,NATIONALUM26FEB347.5CE,5.55,5.55,3.35,4.45,4.5,4.6,344.05,4.45,236250,-48750,555,732008437.5,523,F1,3750,,,,,
2026-02-18,2026-02-18,FO,NSE,STF,66905,,NATIONALUM,,2026-04-28,2026-04-28,,,NATIONALUM26APRFUT,346.5,348.7,345.4,348.6,348.5,345.9,344.05,348.6,911250,71250,37,48206625.0,35,F1,3750,,,,,
2026-02-18,2026-02-18,FO,NSE,STO,40594,,NATIONALUM,,2026-02-24,2026-02-24,302.5,PE,NATIONALUM26FEB302.5PE,0.0,0.0,0.0,0.5,0.0,0.5,344.05,0.05,0,0,0,0.0,0,F1,3750,,,,,
2026-02-18,2026-02-18,FO,NSE,STO,141450,,NATIONALUM,,2026-02-24,2026-02-24,382.5,PE,NATIONALUM26FEB382.5PE,0.0,0.0,0.0,32.35,32.35,32.35,344.05,38.35,120000,0,0,0.0,0,F1,3750,,,,,
2026-02-18,2026-02-18,FO,NSE,STO,48924,,NATIONALUM,,2026-02-24,2026-02-24,437.5,CE,NATIONALUM26FEB437.5CE,0.0,0.0,0.0,0.15,0.15,0.15,344.05,0.05,52500,0,0,0.0,0,F1,3750,,,,,
2026-02-18,2026-02-18,FO,NSE,STO,141449,,NATIONALUM,,2026-02-24,2026-02-24,382.5,CE,NATIONALUM26FEB382.5CE,0.5,0.5,0.35,0.35,0.35,0.55,344.05,0.35,228750,3750,35,50253000.0,27,F1,3750,,,,,
2026-02-18,2026-02-18,FO,NSE,STO,119678,,NATIONALUM,,2026-02-24,2026-02-24,330.0,CE,NATIONALUM26FEB330CE,16.0,16.4,13.35,15.95,15.65,14.8,344.05,15.95,386250,-15000,38,49163250.0,33,F1,3750,,,,,
2026-02-18,2026-02-18,FO,NSE,STO,40596,,NATIONALUM,,2026-02-24,2026-02-24,312.5,CE,NATIONALUM26FEB312.5CE,0.0,0.0,0.0,75.1,0.0,75.1,344.05,32.1,0,0,0,0.0,0,F1,3750,,,,,
2026-02-18,2026-02-18,FO,NSE,STO,143906,,NATIONALUM,,2026-04-28,2026-04-28,465.0,PE,NATIONALUM26APR465PE,0.0,0.0,0.0,86.7,0.0,86.7,344.05,118.1,0,0,0,0.0,0,F1,3750,,,,,
2026-02-18,2026-02-18,FO,NSE,STO,143743,,NATIONALUM,,2026-04-28,2026-04-28,390.0,PE,NATIONALUM26APR390PE,0.0,0.0,0.0,36.05,0.0,36.05,344.05,53.2,0,0,0,0.0,0,F1,3750,,,,,
2026-02-18,2026-02-18,FO,NSE,STO,143735,,NATIONALUM,,2026-04-28,2026-04-28,370.0,PE,NATIONALUM26APR370PE,0.0,0.0,0.0,26.2,0.0,26.2,344.05,39.05,0,0,0,0.0,0,F1,3750,,,,,
2026-02-18,2026-02-18,FO,NSE,STO,143729,,NATIONALUM,,2026-04-28,2026-04-28,355.0,PE,NATIONALUM26APR355PE,0.0,0.0,0.0,19.95,0.0,19.95,344.05,29.8,0,0,0,0.0,0,F1,3750,,,,,
2026-02-18,2026-02-18,FO,NSE,STO,49859,,NATIONALUM,,2026-03-30,2026-03-30,455.0,PE,NATIONALUM26MAR455PE,0.0,0.0,0.0,85.4,0.0,85.4,344.05,108.8,0,0,0,0.0,0,F1,3750,,,,,
2026-02-18,2026-02-18,FO,NSE,STO,143677,,NATIONALUM,,2026-03-30,2026-03-30,447.5,PE,NATIONALUM26MAR447.5PE,0.0,0.0,0.0,69.45,0.0,69.45,344.05,101.55,0,0,0,0.0,0,F1,3750,,,,,
2026-02-18,2026-02-18,FO,NSE,STO,141802,,NATIONALUM,,2026-03-30,2026-03-30,375.0,PE,NATIONALUM26MAR375PE,34.0,34.0,34.0,34.0,34.0,35.0,344.05,34.0,11250,7500,2,3067500.0,1,F1,3750,,,,,
2026-02-18,2026-02-18,FO,NSE,STO,141796,,NATIONALUM,,2026-03-30,2026-03-30,360.0,PE,NATIONALUM26MAR360PE,25.1,25.9,23.3,23.4,23.4,26.2,344.05,23.4,412500,75000,28,40423125.0,27,F1,3750,,,,,
2026-02-18,2026-02-18,FO,NSE,STO,141774,,NATIONALUM,,2026-03-30,2026-03-30,305.0,PE,NATIONALUM26MAR305PE,0.0,0.0,0.0,21.1,0.0,21.1,344.05,4.75,0,0,0,0.0,0,F1,3750,,,,,
2026-02-18,2026-02-18,FO,NSE,STO,143445,,NATIONALUM,,2026-02-24,2026-02-24,467.5,PE,NATIONALUM26FEB467.5PE,0.0,0.0,0.0,82.6,0.0,82.6,344.05,123.05,0,0,0,0.0,0,F1,3750,,,,,
2026-02-18,2026-02-18,FO,NSE,STO,43683,,NATIONALUM,,2026-02-24,2026-02-24,422.5,PE,NATIONALUM26FEB422.5PE,0.0,0.0,0.0,56.9,56.9,56.9,344.05,78.05,90000,0,0,0.0,0,F1,3750,,,,,
2026-02-18,2026-02-18,FO,NSE,STO,51365,,NATIONALUM,,2026-02-24,2026-02-24,365.0,PE,NATIONALUM26FEB365PE,21.5,24.45,21.5,22.0,22.0,24.55,344.05,22.0,465000,-127500,46,66909375.0,19,F1,3750,,,,,
2026-02-18,2026-02-18,FO,NSE,STO,141440,,NATIONALUM,,2026-02-24,2026-02-24,362.5,PE,NATIONALUM26FEB362.5PE,0.0,0.0,0.0,16.8,16.85,16.8,344.05,20.0,401250,0,0,0.0,0,F1,3750,,,,,
2026-02-18,2026-02-18,FO,NSE,STO,41280,,NATIONALUM,,2026-02-24,2026-02-24,360.0,PE,NATIONALUM26FEB360PE,17.4,19.8,16.75,17.0,17.4,20.25,344.05,17.0,1466250,-120000,69,97910062.5,61,F1,3750,,,,,
2026-02-18,2026-02-18,FO,NSE,STO,37304,,NATIONALUM,,2026-02-24,2026-02-24,350.0,PE,NATIONALUM26FEB350PE,12.8,13.1,8.8,9.15,9.55,11.75,344.05,9.15,1953750,-765000,616,831883125.0,432,F1,3750,,,,,
2026-02-18,2026-02-18,FO,NSE,STO,45392,,NATIONALUM,,2026-02-24,2026-02-24,335.0,PE,NATIONALUM26FEB335PE,3.0,3.55,2.2,2.4,2.6,4.3,344.05,2.4,768750,277500,992,1257378937.5,828,F1,3750,,,,,
2026-02-18,2026-02-18,FO,NSE,STO,141428,,NATIONALUM,,2026-02-24,2026-02-24,332.5,PE,NATIONALUM26FEB332.5PE,2.5,2.85,1.75,1.9,2.1,3.45,344.05,1.9,303750,56250,320,401846625.0,251,F1,3750,,,,,
2026-02-18,2026-02-18,FO,NSE,STO,119675,,NATIONALUM,,2026-02-24,2026-02-24,315.0,PE,NATIONALUM26FEB315PE,0.7,0.8,0.35,0.35,0.35,1.0,344.05,0.35,206250,-37500,67,79278000.0,51,F1,3750,,,,,
2026-02-18,2026-02-18,FO,NSE,STO,143732,,NATIONALUM,,2026-04-28,2026-04-28,365.0,CE,NATIONALUM26APR365CE,0.0,0.0,0.0,49.2,0.0,49.2,344.05,18.65,0,0,0,0.0,0,F1,3750,,,,,
2026-02-18,2026-02-18,FO,NSE,STO,143682,,NATIONALUM,,2026-03-30,2026-03-30,462.5,CE,NATIONALUM26MAR462.5CE,0.0,0.0,0.0,8.45,0.0,8.45,344.05,0.45,0,0,0,0.0,0,F1,3750,,,,,
2026-02-18,2026-02-18,FO,NSE,STO,40755,,NATIONALUM,,2026-03-30,2026-03-30,445.0,CE,NATIONALUM26MAR445CE,0.0,0.0,0.0,7.45,0.0,7.45,344.05,0.9,0,0,0,0.0,0,F1,3750,,,,,
2026-02-18,2026-02-18,FO,NSE,STO,143612,,NATIONALUM,,2026-03-30,2026-03-30,427.5,CE,NATIONALUM26MAR427.5CE,0.0,0.0,0.0,15.95,0.0,15.95,344.05,1.7,0,0,0,0.0,0,F1,3750,,,,,
2026-02-18,2026-02-18,FO,NSE,STO,141813,,NATIONALUM,,2026-03-30,2026-03-30,405.0,CE,NATIONALUM26MAR405CE,0.0,0.0,0.0,6.0,6.0,6.0,344.05,3.65,0,0,0,0.0,0,F1,3750,,,,,
2026-02-18,2026-02-18,FO,NSE,STO,143534,,NATIONALUM,,2026-03-30,2026-03-30,402.5,CE,NATIONALUM26MAR402.5CE,0.0,0.0,0.0,24.2,0.0,24.2,344.05,3.95,0,0,0,0.0,0,F1,3750,,,,,
2026-02-18,2026-02-18,FO,NSE,STO,143511,,NATIONALUM,,2026-03-30,2026-03-30,392.5,CE,NATIONALUM26MAR392.5CE,0.0,0.0,0.0,28.35,0.0,28.35,344.05,5.45,0,0,0,0.0,0,F1,3750,,,,,
2026-02-18,2026-02-18,FO,NSE,STO,141803,,NATIONALUM,,2026-03-30,2026-03-30,380.0,CE,NATIONALUM26MAR380CE,5.5,5.8,4.85,5.1,5.2,5.25,344.05,5.1,498750,198750,88,127077375.0,81,F1,3750,,,,,
2026-02-18,2026-02-18,FO,NSE,STO,141797,,NATIONALUM,,2026-03-30,2026-03-30,365.0,CE,NATIONALUM26MAR365CE,9.1,9.1,8.45,8.85,8.75,9.1,344.05,8.85,48750,15000,11,15416437.5,11,F1,3750,,,,,
2026-02-18,2026-02-18,FO,NSE,STO,143497,,NATIONALUM,,2026-03-30,2026-03-30,357.5,CE,NATIONALUM26MAR357.5CE,0.0,0.0,0.0,18.7,18.7,18.7,344.05,14.8,7500,0,0,0.0,0,F1,3750,,,,,
2026-02-18,2026-02-18,FO,NSE,STO,141781,,NATIONALUM,,2026-03-30,2026-03-30,325.0,CE,NATIONALUM26MAR325CE,27.3,27.3,27.3,27.3,27.3,27.6,344.05,31.3,3750,3750,1,1321125.0,1,F1,3750,,,,,
2026-02-18,2026-02-18,FO,NSE,STO,141773,,NATIONALUM,,2026-03-30,2026-03-30,305.0,CE,NATIONALUM26MAR305CE,0.0,0.0,0.0,43.0,43.0,43.0,344.05,45.65,11250,0,0,0.0,0,F1,3750,,,,,
2026-02-18,2026-02-18,FO,NSE,STO,43633,,NATIONALUM,,2026-03-30,2026-03-30,297.5,CE,NATIONALUM26MAR297.5CE,0.0,0.0,0.0,66.2,0.0,66.2,344.05,51.7,0,0,0,0.0,0,F1,3750,,,,,
2026-02-18,2026-02-18,FO,NSE,STO,49840,,NATIONALUM,,2026-02-24,2026-02-24,485.0,CE,NATIONALUM26FEB485CE,0.05,0.1,0.05,0.05,0.05,0.15,344.05,0.05,135000,-30000,9,16370812.5,7,F1,3750,,,,,
2026-02-18,2026-02-18,FO,NSE,STO,143687,,NATIONALUM,,2026-03-30,2026-03-30,475.0,PE,NATIONALUM26MAR475PE,0.0,0.0,0.0,92.1,0.0,92.1,344.05,128.35,0,0,0,0.0,0,F1,3750,,,,,
2026-02-18,2026-02-18,FO,NSE,STO,143741,,NATIONALUM,,2026-04-28,2026-04-28,385.0,PE,NATIONALUM26APR385PE,0.0,0.0,0.0,33.45,0.0,33.45,344.05,49.5,0,0,0,0.0,0,F1,3750,,,,,
2026-02-18,2026-02-18,FO,NSE,STO,143745,,NATIONALUM,,2026-04-28,2026-04-28,395.0,PE,NATIONALUM26APR395PE,0.0,0.0,0.0,38.8,0.0,38.8,344.05,57.0,0,0,0,0.0,0,F1,3750,,,,,
2026-02-18,2026-02-18,FO,NSE,STO,143844,,NATIONALUM,,2026-04-28,2026-04-28,430.0,PE,NATIONALUM26APR430PE,0.0,0.0,0.0,60.7,0.0,60.7,344.05,86.1,0,0,0,0.0,0,F1,3750,,,,,
2026-02-18,2026-02-18,FO,NSE,STO,143852,,NATIONALUM,,2026-04-28,2026-04-28,445.0,PE,NATIONALUM26APR445PE,0.0,0.0,0.0,71.4,0.0,71.4,344.05,99.55,0,0,0,0.0,0,F1,3750,,,,,
2026-02-18,2026-02-18,FO,NSE,STO,36980,,NATIONALUM,,2026-04-28,2026-04-28,485.0,PE,NATIONALUM26APR485PE,0.0,0.0,0.0,87.0,0.0,87.0,344.05,137.1,0,0,0,0.0,0,F1,3750,,,,,
2026-02-18,2026-02-18,FO,NSE,STO,141818,,NATIONALUM,,2026-03-30,2026-03-30,420.0,PE,NATIONALUM26MAR420PE,0.0,0.0,0.0,48.85,48.85,48.85,344.05,75.6,7500,0,0,0.0,0,F1,3750,,,,,
2026-02-18,2026-02-18,FO,NSE,STO,143504,,NATIONALUM,,2026-03-30,2026-03-30,372.5,PE,NATIONALUM26MAR372.5PE,34.5,34.5,34.5,34.5,34.5,17.2,344.05,36.05,18750,3750,1,1526250.0,1,F1,3750,,,,,
2026-02-18,2026-02-18,FO,NSE,STO,143498,,NATIONALUM,,2026-03-30,2026-03-30,357.5,PE,NATIONALUM26MAR357.5PE,0.0,0.0,0.0,13.0,13.0,13.0,344.05,26.1,3750,0,0,0.0,0,F1,3750,,,,,
2026-02-18,2026-02-18,FO,NSE,STO,141792,,NATIONALUM,,2026-03-30,2026-03-30,350.0,PE,NATIONALUM26MAR350PE,20.1,20.35,17.5,17.5,17.5,20.0,344.05,17.5,686250,86250,42,58054687.5,39,F1,3750,,,,,
2026-02-18,2026-02-18,FO,NSE,STO,39930,,NATIONALUM,,2026-02-24,2026-02-24,450.0,PE,NATIONALUM26FEB450PE,0.0,0.0,0.0,117.1,0.0,117.1,344.05,105.55,0,0,0,0.0,0,F1,3750,,,,,
2026-02-18,2026-02-18,FO,NSE,STO,39920,,NATIONALUM,,2026-02-24,2026-02-24,440.0,PE,NATIONALUM26FEB440PE,100.0,100.0,95.0,95.0,95.0,98.8,344.05,95.0,142500,-311250,98,197863875.0,24,F1,3750,,,,,
2026-02-18,2026-02-18,FO,NSE,STO,141468,,NATIONALUM,,2026-02-24,2026-02-24,420.0,PE,NATIONALUM26FEB420PE,77.0,78.35,75.6,75.6,75.6,72.0,344.05,75.6,408750,-22500,7,13049812.5,7,F1,3750,,,,,
2026-02-18,2026-02-18,FO,NSE,STO,39914,,NATIONALUM,,2026-02-24,2026-02-24,407.5,PE,NATIONALUM26FEB407.5PE,65.5,65.5,65.5,65.5,65.5,44.0,344.05,63.1,86250,-7500,2,3547500.0,1,F1,3750,,,,,
2026-02-18,2026-02-18,FO,NSE,STO,119665,,NATIONALUM,,2026-02-24,2026-02-24,295.0,PE,NATIONALUM26FEB295PE,0.15,0.15,0.15,0.15,0.15,0.3,344.05,0.05,123750,-3750,1,1106812.5,1,F1,3750,,,,,
2026-02-18,2026-02-18,FO,NSE,STO,119651,,NATIONALUM,,2026-02-24,2026-02-24,285.0,PE,NATIONALUM26FEB285PE,0.0,0.0,0.0,0.2,0.2,0.2,344.05,0.05,86250,0,0,0.0,0,F1,3750,,,,,
2026-02-18,2026-02-18,FO,NSE,STO,143899,,NATIONALUM,,2026-04-28,2026-04-28,450.0,CE,NATIONALUM26APR450CE,0.0,0.0,0.0,16.6,0.0,16.6,344.05,2.85,0,0,0,0.0,0,F1,3750,,,,,
2026-02-18,2026-02-18,FO,NSE,STO,143734,,NATIONALUM,,2026-04-28,2026-04-28,370.0,CE,NATIONALUM26APR370CE,0.0,0.0,0.0,46.45,0.0,46.45,344.05,16.95,0,0,0,0.0,0,F1,3750,,,,,
2026-02-18,2026-02-18,FO,NSE,STO,143726,,NATIONALUM,,2026-04-28,2026-04-28,350.0,CE,NATIONALUM26APR350CE,0.0,0.0,0.0,58.05,0.0,58.05,344.05,24.65,0,0,0,0.0,0,F1,3750,,,,,
2026-02-18,2026-02-18,FO,NSE,STO,143722,,NATIONALUM,,2026-04-28,2026-04-28,340.0,CE,NATIONALUM26APR340CE,0.0,0.0,0.0,64.55,0.0,64.55,344.05,29.4,0,0,0,0.0,0,F1,3750,,,,,
2026-02-18,2026-02-18,FO,NSE,STO,143678,,NATIONALUM,,2026-03-30,2026-03-30,452.5,CE,NATIONALUM26MAR452.5CE,0.0,0.0,0.0,10.2,0.0,10.2,344.05,0.65,0,0,0,0.0,0,F1,3750,,,,,
2026-02-18,2026-02-18,FO,NSE,STO,43698,,NATIONALUM,,2026-03-30,2026-03-30,435.0,CE,NATIONALUM26MAR435CE,0.0,0.0,0.0,3.25,3.25,3.25,344.05,1.3,11250,0,0,0.0,0,F1,3750,,,,,
2026-02-18,2026-02-18,FO,NSE,STO,141809,,NATIONALUM,,2026-03-30,2026-03-30,395.0,CE,NATIONALUM26MAR395CE,0.0,0.0,0.0,10.25,10.25,10.25,344.05,5.05,18750,0,0,0.0,0,F1,3750,,,,,
2026-02-18,2026-02-18,FO,NSE,STO,143483,,NATIONALUM,,2026-03-30,2026-03-30,322.5,CE,NATIONALUM26MAR322.5CE,0.0,0.0,0.0,71.75,0.0,71.75,344.05,32.95,0,0,0,0.0,0,F1,3750,,,,,
2026-02-18,2026-02-18,FO,NSE,STO,40605,,NATIONALUM,,2026-03-30,2026-03-30,302.5,CE,NATIONALUM26MAR302.5CE,0.0,0.0,0.0,89.4,0.0,89.4,344.05,47.65,0,0,0,0.0,0,F1,3750,,,,,
2026-02-18,2026-02-18,FO,NSE,STO,141771,,NATIONALUM,,2026-03-30,2026-03-30,300.0,CE,NATIONALUM26MAR300CE,47.7,47.7,47.7,47.7,47.7,46.95,344.05,49.65,45000,3750,1,1303875.0,1,F1,3750,,,,,
2026-02-18,2026-02-18,FO,NSE,STO,143428,,NATIONALUM,,2026-02-24,2026-02-24,457.5,CE,NATIONALUM26FEB457.5CE,0.0,0.0,0.0,2.2,2.2,2.2,344.05,0.05,3750,0,0,0.0,0,F1,3750,,,,,
2026-02-18,2026-02-18,FO,NSE,STO,39927,,NATIONALUM,,2026-02-24,2026-02-24,445.0,CE,NATIONALUM26FEB445CE,0.0,0.0,0.0,0.15,0.15,0.15,344.05,0.05,225000,0,0,0.0,0,F1,3750,,,,,
2026-02-18,2026-02-18,FO,NSE,STO,141465,,NATIONALUM,,2026-02-24,2026-02-24,415.0,CE,NATIONALUM26FEB415CE,0.15,0.2,0.15,0.2,0.2,0.25,344.05,0.05,1050000,-22500,19,29580750.0,14,F1,3750,,,,,
2026-02-18,2026-02-18,FO,NSE,STO,141447,,NATIONALUM,,2026-02-24,2026-02-24,377.5,CE,NATIONALUM26FEB377.5CE,0.5,0.5,0.45,0.45,0.45,0.7,344.05,0.45,401250,-7500,7,9922125.0,4,F1,3750,,,,,
2026-02-18,2026-02-18,FO,NSE,STO,141445,,NATIONALUM,,2026-02-24,2026-02-24,375.0,CE,NATIONALUM26FEB375CE,0.75,0.75,0.45,0.5,0.55,0.8,344.05,0.5,1616250,52500,183,257699250.0,154,F1,3750,,,,,
2026-02-18,2026-02-18,FO,NSE,STO,46979,,NATIONALUM,,2026-02-24,2026-02-24,370.0,CE,NATIONALUM26FEB370CE,3.0,3.0,0.55,0.75,0.75,1.0,344.05,0.75,3270000,-442500,579,804909562.5,421,F1,3750,,,,,
2026-02-18,2026-02-18,FO,NSE,STO,49290,,NATIONALUM,,2026-02-24,2026-02-24,345.0,CE,NATIONALUM26FEB345CE,7.15,7.15,4.2,5.5,5.6,5.5,344.05,5.5,1177500,536250,2230,2929425937.5,1960,F1,3750,,,,,
2026-02-18,2026-02-18,FO,NSE,STO,141429,,NATIONALUM,,2026-02-24,2026-02-24,337.5,CE,NATIONALUM26FEB337.5CE,10.5,10.5,7.9,9.9,9.7,9.3,344.05,9.9,168750,22500,164,213205500.0,164,F1,3750,,,,,
2026-02-18,2026-02-18,FO,NSE,STO,45391,,NATIONALUM,,2026-02-24,2026-02-24,335.0,CE,NATIONALUM26FEB335CE,12.4,12.45,9.6,11.7,11.6,11.05,344.05,11.7,457500,-22500,82,106336687.5,67,F1,3750,,,,,
2026-02-18,2026-02-18,FO,NSE,STO,141425,,NATIONALUM,,2026-02-24,2026-02-24,327.5,CE,NATIONALUM26FEB327.5CE,0.0,0.0,0.0,23.7,23.7,23.7,344.05,18.7,37500,0,0,0.0,0,F1,3750,,,,,
2026-02-18,2026-02-18,FO,NSE,STO,39897,,NATIONALUM,,2026-02-24,2026-02-24,325.0,CE,NATIONALUM26FEB325CE,0.0,0.0,0.0,19.1,19.1,19.1,344.05,20.75,45000,0,0,0.0,0,F1,3750,,,,,
2026-02-18,2026-02-18,FO,NSE,STO,119674,,NATIONALUM,,2026-02-24,2026-02-24,315.0,CE,NATIONALUM26FEB315CE,0.0,0.0,0.0,41.25,41.1,41.25,344.05,29.75,3750,0,0,0.0,0,F1,3750,,,,,
2026-02-18,2026-02-18,FO,NSE,STO,40595,,NATIONALUM,,2026-02-24,2026-02-24,307.5,CE,NATIONALUM26FEB307.5CE,0.0,0.0,0.0,79.85,0.0,79.85,344.05,36.95,0,0,0,0.0,0,F1,3750,,,,,
2026-02-18,2026-02-18,FO,NSE,STO,119648,,NATIONALUM,,2026-02-24,2026-02-24,280.0,CE,NATIONALUM26FEB280CE,0.0,0.0,0.0,90.0,90.0,90.0,344.05,64.3,37500,0,0,0.0,0,F1,3750,,,,,
2026-02-18,2026-02-18,FO,NSE,STO,43699,,NATIONALUM,,2026-03-30,2026-03-30,435.0,PE,NATIONALUM26MAR435PE,0.0,0.0,0.0,90.25,0.0,90.25,344.05,89.6,0,0,0,0.0,0,F1,3750,,,,,
2026-02-18,2026-02-18,FO,NSE,STO,141432,,NATIONALUM,,2026-02-24,2026-02-24,342.5,PE,NATIONALUM26FEB342.5PE,7.6,7.6,4.55,4.95,5.25,7.45,344.05,4.95,266250,45000,227,296478562.5,221,F1,3750,,,,,
2026-02-18,2026-02-18,FO,NSE,STO,119669,,NATIONALUM,,2026-02-24,2026-02-24,305.0,PE,NATIONALUM26FEB305PE,0.0,0.0,0.0,0.35,0.35,0.35,344.05,0.1,86250,0,0,0.0,0,F1,3750,,,,,
2026-02-18,2026-02-18,FO,NSE,STO,143712,,NATIONALUM,,2026-04-28,2026-04-28,315.0,CE,NATIONALUM26APR315CE,0.0,0.0,0.0,82.6,0.0,82.6,344.05,43.95,0,0,0,0.0,0,F1,3750,,,,,
2026-02-18,2026-02-18,FO,NSE,STO,143710,,NATIONALUM,,2026-04-28,2026-04-28,310.0,CE,NATIONALUM26APR310CE,0.0,0.0,0.0,86.5,0.0,86.5,344.05,47.35,0,0,0,0.0,0,F1,3750,,,,,
2026-02-18,2026-02-18,FO,NSE,STO,143680,,NATIONALUM,,2026-03-30,2026-03-30,457.5,CE,NATIONALUM26MAR457.5CE,0.0,0.0,0.0,9.3,0.0,9.3,344.05,0.55,0,0,0,0.0,0,F1,3750,,,,,
2026-02-18,2026-02-18,FO,NSE,STO,143676,,NATIONALUM,,2026-03-30,2026-03-30,447.5,CE,NATIONALUM26MAR447.5CE,0.0,0.0,0.0,11.2,0.0,11.2,344.05,0.8,0,0,0,0.0,0,F1,3750,,,,,
2026-02-18,2026-02-18,FO,NSE,STO,141819,,NATIONALUM,,2026-03-30,2026-03-30,430.0,CE,NATIONALUM26MAR430CE,1.05,1.05,1.05,1.05,1.05,1.05,344.05,1.55,75000,0,3,4849312.5,3,F1,3750,,,,,
2026-02-18,2026-02-18,FO,NSE,STO,43695,,NATIONALUM,,2026-03-30,2026-03-30,425.0,CE,NATIONALUM26MAR425CE,0.0,0.0,0.0,1.55,1.55,1.55,344.05,1.85,11250,0,0,0.0,0,F1,3750,,,,,
2026-02-18,2026-02-18,FO,NSE,STO,141815,,NATIONALUM,,2026-03-30,2026-03-30,410.0,CE,NATIONALUM26MAR410CE,2.0,2.1,1.65,1.7,1.75,1.9,344.05,1.7,213750,7500,24,37069500.0,23,F1,3750,,,,,
2026-02-18,2026-02-18,FO,NSE,STF,59427,,NATIONALUM,,2026-02-24,2026-02-24,,,NATIONALUM26FEBFUT,343.9,345.25,340.0,344.45,344.1,341.75,344.05,344.45,52203750,-1811250,2468,3176767875.0,2105,F1,3750,,,,,
2026-02-18,2026-02-18,FO,NSE,STO,119650,,NATIONALUM,,2026-02-24,2026-02-24,285.0,CE,NATIONALUM26FEB285CE,0.0,0.0,0.0,52.25,52.25,52.25,344.05,59.3,48750,0,0,0.0,0,F1,3750,,,,,
2026-02-18,2026-02-18,FO,NSE,STO,141423,,NATIONALUM,,2026-02-24,2026-02-24,322.5,CE,NATIONALUM26FEB322.5CE,0.0,0.0,0.0,26.05,26.05,26.05,344.05,22.9,7500,0,0,0.0,0,F1,3750,,,,,
2026-02-18,2026-02-18,FO,NSE,STO,141431,,NATIONALUM,,2026-02-24,2026-02-24,342.5,CE,NATIONALUM26FEB342.5CE,6.4,7.9,5.2,6.75,6.65,6.65,344.05,6.75,202500,-75000,762,997029187.5,741,F1,3750,,,,,
2026-02-18,2026-02-18,FO,NSE,STO,51364,,NATIONALUM,,2026-02-24,2026-02-24,365.0,CE,NATIONALUM26FEB365CE,1.35,1.4,0.85,1.0,0.95,1.4,344.05,1.0,1248750,386250,624,856346812.5,358,F1,3750,,,,,
2026-02-18,2026-02-18,FO,NSE,STO,141451,,NATIONALUM,,2026-02-24,2026-02-24,385.0,CE,NATIONALUM26FEB385CE,0.35,0.35,0.3,0.35,0.3,0.5,344.05,0.35,787500,-33750,37,53464125.0,24,F1,3750,,,,,
2026-02-18,2026-02-18,FO,NSE,STO,141455,,NATIONALUM,,2026-02-24,2026-02-24,392.5,CE,NATIONALUM26FEB392.5CE,0.0,0.0,0.0,0.45,0.45,0.45,344.05,0.05,187500,0,0,0.0,0,F1,3750,,,,,
2026-02-18,2026-02-18,FO,NSE,STO,39929,,NATIONALUM,,2026-02-24,2026-02-24,450.0,CE,NATIONALUM26FEB450CE,0.1,0.1,0.05,0.1,0.1,0.15,344.05,0.1,2553750,-63750,78,131647875.0,45,F1,3750,,,,,
2026-02-18,2026-02-18,FO,NSE,STO,49828,,NATIONALUM,,2026-02-24,2026-02-24,452.5,CE,NATIONALUM26FEB452.5CE,0.0,0.0,0.0,0.1,0.1,0.1,344.05,0.05,0,0,0,0.0,0,F1,3750,,,,,
2026-02-18,2026-02-18,FO,NSE,STO,36898,,NATIONALUM,,2026-02-24,2026-02-24,477.5,CE,NATIONALUM26FEB477.5CE,0.0,0.0,0.0,3.2,0.0,3.2,344.05,0.05,0,0,0,0.0,0,F1,3750,,,,,
2026-02-18,2026-02-18,FO,NSE,STO,141783,,NATIONALUM,,2026-03-30,2026-03-30,330.0,CE,NATIONALUM26MAR330CE,25.4,26.1,25.4,25.85,25.9,22.85,344.05,25.85,15000,-3750,5,6669562.5,5,F1,3750,,,,,
2026-02-18,2026-02-18,FO,NSE,STO,143493,,NATIONALUM,,2026-03-30,2026-03-30,347.5,CE,NATIONALUM26MAR347.5CE,0.0,0.0,0.0,53.35,0.0,53.35,344.05,18.95,0,0,0,0.0,0,F1,3750,,,,,
2026-02-18,2026-02-18,FO,NSE,STO,141801,,NATIONALUM,,2026-03-30,2026-03-30,375.0,CE,NATIONALUM26MAR375CE,6.3,7.0,5.95,6.25,6.25,6.15,344.05,6.25,135000,45000,25,35745750.0,23,F1,3750,,,,,
2026-02-18,2026-02-18,FO,NSE,STO,143908,,NATIONALUM,,2026-04-28,2026-04-28,470.0,PE,NATIONALUM26APR470PE,0.0,0.0,0.0,90.7,0.0,90.7,344.05,122.8,0,0,0,0.0,0,F1,3750,,,,,
2026-02-18,2026-02-18,FO,NSE,STO,143846,,NATIONALUM,,2026-04-28,2026-04-28,435.0,PE,NATIONALUM26APR435PE,0.0,0.0,0.0,64.15,0.0,64.15,344.05,90.55,0,0,0,0.0,0,F1,3750,,,,,
2026-02-18,2026-02-18,FO,NSE,STO,143826,,NATIONALUM,,2026-04-28,2026-04-28,420.0,PE,NATIONALUM26APR420PE,0.0,0.0,0.0,53.95,0.0,53.95,344.05,77.4,0,0,0,0.0,0,F1,3750,,,,,
2026-02-18,2026-02-18,FO,NSE,STO,143685,,NATIONALUM,,2026-03-30,2026-03-30,467.5,PE,NATIONALUM26MAR467.5PE,0.0,0.0,0.0,85.7,0.0,85.7,344.05,121.0,0,0,0,0.0,0,F1,3750,,,,,
2026-02-18,2026-02-18,FO,NSE,STO,39938,,NATIONALUM,,2026-03-30,2026-03-30,450.0,PE,NATIONALUM26MAR450PE,0.0,0.0,0.0,117.3,0.0,117.3,344.05,103.95,0,0,0,0.0,0,F1,3750,,,,,
2026-02-18,2026-02-18,FO,NSE,STO,143562,,NATIONALUM,,2026-03-30,2026-03-30,407.5,PE,NATIONALUM26MAR407.5PE,0.0,0.0,0.0,41.0,0.0,41.0,344.05,64.35,0,0,0,0.0,0,F1,3750,,,,,
2026-02-18,2026-02-18,FO,NSE,STO,141812,,NATIONALUM,,2026-03-30,2026-03-30,400.0,PE,NATIONALUM26MAR400PE,56.0,58.5,55.4,55.4,55.4,58.2,344.05,57.85,431250,82500,24,41123250.0,14,F1,3750,,,,,
2026-02-18,2026-02-18,FO,NSE,STO,141806,,NATIONALUM,,2026-03-30,2026-03-30,385.0,PE,NATIONALUM26MAR385PE,44.5,44.5,44.5,44.5,44.5,10.75,344.05,45.5,7500,3750,1,1610625.0,1,F1,3750,,,,,
2026-02-18,2026-02-18,FO,NSE,STO,141804,,NATIONALUM,,2026-03-30,2026-03-30,380.0,PE,NATIONALUM26MAR380PE,40.9,40.9,39.4,39.4,39.4,46.0,344.05,41.6,90000,11250,5,7874625.0,5,F1,3750,,,,,
2026-02-18,2026-02-18,FO,NSE,STO,40608,,NATIONALUM,,2026-03-30,2026-03-30,307.5,PE,NATIONALUM26MAR307.5PE,0.0,0.0,0.0,5.4,5.4,5.4,344.05,5.3,18750,0,0,0.0,0,F1,3750,,,,,
2026-02-18,2026-02-18,FO,NSE,STO,141772,,NATIONALUM,,2026-03-30,2026-03-30,300.0,PE,NATIONALUM26MAR300PE,3.75,3.95,2.8,2.9,2.9,4.05,344.05,2.9,990000,-258750,203,230909250.0,148,F1,3750,,,,,
2026-02-18,2026-02-18,FO,NSE,STO,40754,,NATIONALUM,,2026-02-24,2026-02-24,475.0,PE,NATIONALUM26FEB475PE,0.0,0.0,0.0,119.95,0.0,119.95,344.05,130.5,0,0,0,0.0,0,F1,3750,,,,,
2026-02-18,2026-02-18,FO,NSE,STO,39928,,NATIONALUM,,2026-02-24,2026-02-24,445.0,PE,NATIONALUM26FEB445PE,0.0,0.0,0.0,92.0,92.0,92.0,344.05,100.55,11250,0,0,0.0,0,F1,3750,,,,,
2026-02-18,2026-02-18,FO,NSE,STO,141470,,NATIONALUM,,2026-02-24,2026-02-24,425.0,PE,NATIONALUM26FEB425PE,81.0,81.0,81.0,81.0,81.0,76.7,344.05,80.55,123750,-7500,2,3795000.0,1,F1,3750,,,,,
2026-02-18,2026-02-18,FO,NSE,STO,141798,,NATIONALUM,,2026-03-30,2026-03-30,365.0,PE,NATIONALUM26MAR365PE,29.0,29.75,28.6,29.75,29.75,57.25,344.05,30.9,116250,116250,31,45794062.5,12,F1,3750,,,,,
2026-02-18,2026-02-18,FO,NSE,STO,143525,,NATIONALUM,,2026-03-30,2026-03-30,392.5,PE,NATIONALUM26MAR392.5PE,0.0,0.0,0.0,32.15,0.0,32.15,344.05,51.55,0,0,0,0.0,0,F1,3750,,,,,
2026-02-18,2026-02-18,FO,NSE,STO,143533,,NATIONALUM,,2026-03-30,2026-03-30,397.5,PE,NATIONALUM26MAR397.5PE,0.0,0.0,0.0,34.95,0.0,34.95,344.05,55.7,0,0,0,0.0,0,F1,3750,,,,,
2026-02-18,2026-02-18,FO,NSE,STO,39933,,NATIONALUM,,2026-03-30,2026-03-30,415.0,PE,NATIONALUM26MAR415PE,0.0,0.0,0.0,86.5,0.0,86.5,344.05,71.05,0,0,0,0.0,0,F1,3750,,,,,
2026-02-18,2026-02-18,FO,NSE,STO,143566,,NATIONALUM,,2026-03-30,2026-03-30,417.5,PE,NATIONALUM26MAR417.5PE,0.0,0.0,0.0,47.45,0.0,47.45,344.05,73.35,0,0,0,0.0,0,F1,3750,,,,,
2026-02-18,2026-02-18,FO,NSE,STO,141820,,NATIONALUM,,2026-03-30,2026-03-30,430.0,PE,NATIONALUM26MAR430PE,81.0,81.0,81.0,81.0,81.0,111.25,344.05,81.0,3750,3750,1,1916250.0,1,F1,3750,,,,,
2026-02-18,2026-02-18,FO,NSE,STO,43701,,NATIONALUM,,2026-03-30,2026-03-30,460.0,PE,NATIONALUM26MAR460PE,0.0,0.0,0.0,112.0,0.0,112.0,344.05,113.7,0,0,0,0.0,0,F1,3750,,,,,
2026-02-18,2026-02-18,FO,NSE,STO,43709,,NATIONALUM,,2026-03-30,2026-03-30,470.0,PE,NATIONALUM26MAR470PE,0.0,0.0,0.0,121.0,0.0,121.0,344.05,123.45,0,0,0,0.0,0,F1,3750,,,,,
2026-02-18,2026-02-18,FO,NSE,STO,143689,,NATIONALUM,,2026-03-30,2026-03-30,485.0,PE,NATIONALUM26MAR485PE,0.0,0.0,0.0,100.8,0.0,100.8,344.05,138.2,0,0,0,0.0,0,F1,3750,,,,,
2026-02-18,2026-02-18,FO,NSE,STO,143717,,NATIONALUM,,2026-04-28,2026-04-28,325.0,PE,NATIONALUM26APR325PE,0.0,0.0,0.0,10.5,0.0,10.5,344.05,15.25,0,0,0,0.0,0,F1,3750,,,,,
2026-02-18,2026-02-18,FO,NSE,STO,143725,,NATIONALUM,,2026-04-28,2026-04-28,345.0,PE,NATIONALUM26APR345PE,0.0,0.0,0.0,16.35,0.0,16.35,344.05,24.35,0,0,0,0.0,0,F1,3750,,,,,
2026-02-18,2026-02-18,FO,NSE,STO,143737,,NATIONALUM,,2026-04-28,2026-04-28,375.0,PE,NATIONALUM26APR375PE,0.0,0.0,0.0,28.5,0.0,28.5,344.05,42.4,0,0,0,0.0,0,F1,3750,,,,,
2026-02-18,2026-02-18,FO,NSE,STO,143739,,NATIONALUM,,2026-04-28,2026-04-28,380.0,PE,NATIONALUM26APR380PE,0.0,0.0,0.0,30.9,0.0,30.9,344.05,45.9,0,0,0,0.0,0,F1,3750,,,,,
2026-02-18,2026-02-18,FO,NSE,STO,143753,,NATIONALUM,,2026-04-28,2026-04-28,415.0,PE,NATIONALUM26APR415PE,0.0,0.0,0.0,50.75,0.0,50.75,344.05,73.2,0,0,0,0.0,0,F1,3750,,,,,
2026-02-18,2026-02-18,FO,NSE,STO,143902,,NATIONALUM,,2026-04-28,2026-04-28,455.0,PE,NATIONALUM26APR455PE,0.0,0.0,0.0,78.9,0.0,78.9,344.05,108.75,0,0,0,0.0,0,F1,3750,,,,,
2026-02-18,2026-02-18,FO,NSE,STO,50915,,NATIONALUM,,2026-02-24,2026-02-24,390.0,PE,NATIONALUM26FEB390PE,47.5,49.1,46.3,46.3,46.3,48.85,344.05,46.3,952500,-11250,6,9845250.0,6,F1,3750,,,,,
2026-02-18,2026-02-18,FO,NSE,STO,141434,,NATIONALUM,,2026-02-24,2026-02-24,347.5,PE,NATIONALUM26FEB347.5PE,8.55,9.85,7.3,7.55,7.8,10.35,344.05,7.55,337500,48750,93,124156687.5,90,F1,3750,,,,,
2026-02-18,2026-02-18,FO,NSE,STO,141420,,NATIONALUM,,2026-02-24,2026-02-24,312.5,PE,NATIONALUM26FEB312.5PE,0.55,0.6,0.35,0.35,0.35,0.85,344.05,0.3,67500,-3750,21,24650250.0,20,F1,3750,,,,,
2026-02-18,2026-02-18,FO,NSE,STO,119667,,NATIONALUM,,2026-02-24,2026-02-24,300.0,PE,NATIONALUM26FEB300PE,0.5,0.5,0.2,0.25,0.2,0.45,344.05,0.25,1893750,-318750,453,510057750.0,199,F1,3750,,,,,
2026-02-18,2026-02-18,FO,NSE,STO,119663,,NATIONALUM,,2026-02-24,2026-02-24,290.0,PE,NATIONALUM26FEB290PE,0.25,0.3,0.1,0.1,0.1,0.25,344.05,0.1,221250,-15000,18,19589812.5,14,F1,3750,,,,,
2026-02-18,2026-02-18,FO,NSE,STO,36979,,NATIONALUM,,2026-04-28,2026-04-28,485.0,CE,NATIONALUM26APR485CE,0.0,0.0,0.0,15.5,0.0,15.5,344.05,1.15,0,0,0,0.0,0,F1,3750,,,,,
2026-02-18,2026-02-18,FO,NSE,STO,143754,,NATIONALUM,,2026-04-28,2026-04-28,420.0,CE,NATIONALUM26APR420CE,0.0,0.0,0.0,25.0,0.0,25.0,344.05,5.8,0,0,0,0.0,0,F1,3750,,,,,
2026-02-18,2026-02-18,FO,NSE,STO,141459,,NATIONALUM,,2026-02-24,2026-02-24,397.5,CE,NATIONALUM26FEB397.5CE,0.15,0.2,0.15,0.2,0.2,0.3,344.05,0.2,236250,-60000,26,38775562.5,10,F1,3750,,,,,
2026-02-18,2026-02-18,FO,NSE,STO,141437,,NATIONALUM,,2026-02-24,2026-02-24,357.5,CE,NATIONALUM26FEB357.5CE,2.4,2.4,1.45,1.8,1.85,2.2,344.05,1.8,671250,0,114,153615000.0,92,F1,3750,,,,,
2026-02-18,2026-02-18,FO,NSE,STO,141435,,NATIONALUM,,2026-02-24,2026-02-24,352.5,CE,NATIONALUM26FEB352.5CE,3.55,3.55,2.15,2.85,2.85,3.1,344.05,2.85,498750,30000,362,482153062.5,314,F1,3750,,,,,
2026-02-18,2026-02-18,FO,NSE,STO,141421,,NATIONALUM,,2026-02-24,2026-02-24,317.5,CE,NATIONALUM26FEB317.5CE,0.0,0.0,0.0,49.1,49.1,49.1,344.05,27.4,11250,0,0,0.0,0,F1,3750,,,,,
2026-02-18,2026-02-18,FO,NSE,STO,141780,,NATIONALUM,,2026-03-30,2026-03-30,320.0,PE,NATIONALUM26MAR320PE,7.45,7.7,6.2,6.2,6.2,7.95,344.05,6.2,281250,97500,61,74858437.5,54,F1,3750,,,,,
2026-02-18,2026-02-18,FO,NSE,STO,143750,,NATIONALUM,,2026-04-28,2026-04-28,410.0,CE,NATIONALUM26APR410CE,0.0,0.0,0.0,28.5,0.0,28.5,344.05,7.3,0,0,0,0.0,0,F1,3750,,,,,
2026-02-18,2026-02-18,FO,NSE,STO,143742,,NATIONALUM,,2026-04-28,2026-04-28,390.0,CE,NATIONALUM26APR390CE,0.0,0.0,0.0,36.65,0.0,36.65,344.05,11.3,0,0,0,0.0,0,F1,3750,,,,,
2026-02-18,2026-02-18,FO,NSE,STO,143738,,NATIONALUM,,2026-04-28,2026-04-28,380.0,CE,NATIONALUM26APR380CE,0.0,0.0,0.0,41.35,0.0,41.35,344.05,13.85,0,0,0,0.0,0,F1,3750,,,,,
2026-02-18,2026-02-18,FO,NSE,STO,143688,,NATIONALUM,,2026-03-30,2026-03-30,485.0,CE,NATIONALUM26MAR485CE,0.0,0.0,0.0,5.45,0.0,5.45,344.05,0.2,0,0,0,0.0,0,F1,3750,,,,,
2026-02-18,2026-02-18,FO,NSE,STO,49858,,NATIONALUM,,2026-03-30,2026-03-30,455.0,CE,NATIONALUM26MAR455CE,0.0,0.0,0.0,9.45,0.0,9.45,344.05,0.6,0,0,0,0.0,0,F1,3750,,,,,
2026-02-18,2026-02-18,FO,NSE,STO,143526,,NATIONALUM,,2026-03-30,2026-03-30,397.5,CE,NATIONALUM26MAR397.5CE,0.0,0.0,0.0,26.2,0.0,26.2,344.05,4.65,0,0,0,0.0,0,F1,3750,,,,,
2026-02-18,2026-02-18,FO,NSE,STO,40611,,NATIONALUM,,2026-03-30,2026-03-30,317.5,CE,NATIONALUM26MAR317.5CE,0.0,0.0,0.0,76.8,0.0,76.8,344.05,36.35,0,0,0,0.0,0,F1,3750,,,,,
2026-02-18,2026-02-18,FO,NSE,STO,40751,,NATIONALUM,,2026-02-24,2026-02-24,470.0,CE,NATIONALUM26FEB470CE,0.05,0.05,0.05,0.05,0.05,0.1,344.05,0.05,142500,-75000,27,47592562.5,18,F1,3750,,,,,
2026-02-18,2026-02-18,FO,NSE,STO,43693,,NATIONALUM,,2026-02-24,2026-02-24,465.0,CE,NATIONALUM26FEB465CE,0.0,0.0,0.0,0.15,0.15,0.15,344.05,0.05,26250,0,0,0.0,0,F1,3750,,,,,
2026-02-18,2026-02-18,FO,NSE,STO,143442,,NATIONALUM,,2026-02-24,2026-02-24,462.5,CE,NATIONALUM26FEB462.5CE,0.0,0.0,0.0,2.2,0.0,2.2,344.05,0.05,0,0,0,0.0,0,F1,3750,,,,,
2026-02-18,2026-02-18,FO,NSE,STO,43690,,NATIONALUM,,2026-02-24,2026-02-24,460.0,CE,NATIONALUM26FEB460CE,0.1,0.15,0.05,0.1,0.1,0.15,344.05,0.1,2636250,161250,147,253627125.0,34,F1,3750,,,,,
2026-02-18,2026-02-18,FO,NSE,STO,43684,,NATIONALUM,,2026-02-24,2026-02-24,427.5,CE,NATIONALUM26FEB427.5CE,0.0,0.0,0.0,0.35,0.35,0.35,344.05,0.05,375000,0,0,0.0,0,F1,3750,,,,,
2026-02-18,2026-02-18,FO,NSE,STO,43682,,NATIONALUM,,2026-02-24,2026-02-24,422.5,CE,NATIONALUM26FEB422.5CE,0.1,0.1,0.1,0.1,0.1,0.3,344.05,0.05,262500,0,1,1584750.0,1,F1,3750,,,,,
2026-02-18,2026-02-18,FO,NSE,STO,39915,,NATIONALUM,,2026-02-24,2026-02-24,412.5,CE,NATIONALUM26FEB412.5CE,0.0,0.0,0.0,0.4,0.4,0.4,344.05,0.05,251250,0,0,0.0,0,F1,3750,,,,,
2026-02-18,2026-02-18,FO,NSE,STO,141456,,NATIONALUM,,2026-02-24,2026-02-24,392.5,PE,NATIONALUM26FEB392.5PE,0.0,0.0,0.0,32.4,32.4,32.4,344.05,48.15,161250,0,0,0.0,0,F1,3750,,,,,
2026-02-18,2026-02-18,FO,NSE,STO,36902,,NATIONALUM,,2026-02-24,2026-02-24,477.5,PE,NATIONALUM26FEB477.5PE,0.0,0.0,0.0,72.45,0.0,72.45,344.05,133.0,0,0,0,0.0,0,F1,3750,,,,,
2026-02-18,2026-02-18,FO,NSE,STO,36906,,NATIONALUM,,2026-02-24,2026-02-24,482.5,PE,NATIONALUM26FEB482.5PE,0.0,0.0,0.0,76.95,0.0,76.95,344.05,138.0,0,0,0,0.0,0,F1,3750,,,,,
2026-02-18,2026-02-18,FO,NSE,STO,141778,,NATIONALUM,,2026-03-30,2026-03-30,315.0,PE,NATIONALUM26MAR315PE,6.5,6.55,5.05,5.1,5.15,7.5,344.05,5.1,48750,41250,16,19239375.0,16,F1,3750,,,,,
2026-02-18,2026-02-18,FO,NSE,STO,143494,,NATIONALUM,,2026-03-30,2026-03-30,347.5,PE,NATIONALUM26MAR347.5PE,0.0,0.0,0.0,12.6,0.0,12.6,344.05,20.35,0,0,0,0.0,0,F1,3750,,,,,
2026-02-18,2026-02-18,FO,NSE,STO,143751,,NATIONALUM,,2026-04-28,2026-04-28,410.0,PE,NATIONALUM26APR410PE,0.0,0.0,0.0,47.6,0.0,47.6,344.05,69.0,0,0,0,0.0,0,F1,3750,,,,,
2026-02-18,2026-02-18,FO,NSE,STO,143848,,NATIONALUM,,2026-04-28,2026-04-28,440.0,PE,NATIONALUM26APR440PE,0.0,0.0,0.0,67.75,0.0,67.75,344.05,95.05,0,0,0,0.0,0,F1,3750,,,,,
2026-02-18,2026-02-18,FO,NSE,STO,40606,,NATIONALUM,,2026-03-30,2026-03-30,302.5,PE,NATIONALUM26MAR302.5PE,0.0,0.0,0.0,3.45,0.0,3.45,344.05,4.25,0,0,0,0.0,0,F1,3750,,,,,
2026-02-18,2026-02-18,FO,NSE,STO,43634,,NATIONALUM,,2026-03-30,2026-03-30,297.5,PE,NATIONALUM26MAR297.5PE,0.0,0.0,0.0,6.6,0.0,6.6,344.05,3.4,0,0,0,0.0,0,F1,3750,,,,,
2026-02-18,2026-02-18,FO,NSE,STO,141790,,NATIONALUM,,2026-03-30,2026-03-30,345.0,PE,NATIONALUM26MAR345PE,16.5,16.8,15.0,15.15,15.35,16.8,344.05,15.15,86250,18750,11,14892000.0,10,F1,3750,,,,,
2026-02-18,2026-02-18,FO,NSE,STO,40609,,NATIONALUM,,2026-03-30,2026-03-30,312.5,CE,NATIONALUM26MAR312.5CE,0.0,0.0,0.0,80.9,0.0,80.9,344.05,39.95,0,0,0,0.0,0,F1,3750,,,,,
2026-02-18,2026-02-18,FO,NSE,STO,141791,,NATIONALUM,,2026-03-30,2026-03-30,350.0,CE,NATIONALUM26MAR350CE,14.0,15.5,13.55,14.4,14.3,14.0,344.05,14.4,570000,150000,138,188607562.5,127,F1,3750,,,,,
2026-02-18,2026-02-18,FO,NSE,STO,43685,,NATIONALUM,,2026-02-24,2026-02-24,427.5,PE,NATIONALUM26FEB427.5PE,0.0,0.0,0.0,60.95,60.95,60.95,344.05,83.05,165000,0,0,0.0,0,F1,3750,,,,,
2026-02-18,2026-02-18,FO,NSE,STO,141452,,NATIONALUM,,2026-02-24,2026-02-24,385.0,PE,NATIONALUM26FEB385PE,40.75,43.25,40.75,43.25,43.25,36.55,344.05,40.75,356250,-3750,3,4807500.0,3,F1,3750,,,,,
2026-02-18,2026-02-18,FO,NSE,STO,49291,,NATIONALUM,,2026-02-24,2026-02-24,345.0,PE,NATIONALUM26FEB345PE,7.6,8.3,5.85,6.15,6.35,8.8,344.05,6.15,903750,-52500,503,663928875.0,389,F1,3750,,,,,
2026-02-18,2026-02-18,FO,NSE,STO,143851,,NATIONALUM,,2026-04-28,2026-04-28,445.0,CE,NATIONALUM26APR445CE,0.0,0.0,0.0,17.8,0.0,17.8,344.05,3.2,0,0,0,0.0,0,F1,3750,,,,,
2026-02-18,2026-02-18,FO,NSE,STO,143752,,NATIONALUM,,2026-04-28,2026-04-28,415.0,CE,NATIONALUM26APR415CE,0.0,0.0,0.0,26.7,0.0,26.7,344.05,6.5,0,0,0,0.0,0,F1,3750,,,,,
2026-02-18,2026-02-18,FO,NSE,STO,143736,,NATIONALUM,,2026-04-28,2026-04-28,375.0,CE,NATIONALUM26APR375CE,0.0,0.0,0.0,43.85,0.0,43.85,344.05,15.35,0,0,0,0.0,0,F1,3750,,,,,
2026-02-18,2026-02-18,FO,NSE,STO,143718,,NATIONALUM,,2026-04-28,2026-04-28,330.0,CE,NATIONALUM26APR330CE,0.0,0.0,0.0,71.45,0.0,71.45,344.05,34.75,0,0,0,0.0,0,F1,3750,,,,,
2026-02-18,2026-02-18,FO,NSE,STO,143716,,NATIONALUM,,2026-04-28,2026-04-28,325.0,CE,NATIONALUM26APR325CE,0.0,0.0,0.0,75.05,0.0,75.05,344.05,37.7,0,0,0,0.0,0,F1,3750,,,,,
2026-02-18,2026-02-18,FO,NSE,STO,39932,,NATIONALUM,,2026-03-30,2026-03-30,415.0,CE,NATIONALUM26MAR415CE,0.0,0.0,0.0,7.6,0.0,7.6,344.05,2.6,0,0,0,0.0,0,F1,3750,,,,,
2026-02-18,2026-02-18,FO,NSE,STO,141785,,NATIONALUM,,2026-03-30,2026-03-30,335.0,CE,NATIONALUM26MAR335CE,0.0,0.0,0.0,19.8,19.8,19.8,344.05,25.3,3750,0,0,0.0,0,F1,3750,,,,,
2026-02-18,2026-02-18,FO,NSE,STO,143487,,NATIONALUM,,2026-03-30,2026-03-30,332.5,CE,NATIONALUM26MAR332.5CE,0.0,0.0,0.0,64.05,0.0,64.05,344.05,26.75,0,0,0,0.0,0,F1,3750,,,,,
2026-02-18,2026-02-18,FO,NSE,STO,141779,,NATIONALUM,,2026-03-30,2026-03-30,320.0,CE,NATIONALUM26MAR320CE,32.8,32.8,31.0,31.0,31.0,30.5,344.05,34.6,30000,26250,7,9254250.0,3,F1,3750,,,,,
2026-02-18,2026-02-18,FO,NSE,STO,40753,,NATIONALUM,,2026-02-24,2026-02-24,475.0,CE,NATIONALUM26FEB475CE,0.05,0.05,0.05,0.05,0.05,0.1,344.05,0.05,180000,-11250,5,8907187.5,4,F1,3750,,,,,
2026-02-18,2026-02-18,FO,NSE,STO,36896,,NATIONALUM,,2026-02-24,2026-02-24,472.5,CE,NATIONALUM26FEB472.5CE,0.0,0.0,0.0,0.6,0.6,0.6,344.05,0.05,30000,0,0,0.0,0,F1,3750,,,,,
2026-02-18,2026-02-18,FO,NSE,STO,41279,,NATIONALUM,,2026-02-24,2026-02-24,360.0,CE,NATIONALUM26FEB360CE,1.85,2.05,1.15,1.5,1.5,1.85,344.05,1.5,3686250,-168750,767,1039761562.5,568,F1,3750,,,,,
2026-02-18,2026-02-18,FO,NSE,STO,141427,,NATIONALUM,,2026-02-24,2026-02-24,332.5,CE,NATIONALUM26FEB332.5CE,0.0,0.0,0.0,12.05,12.05,12.05,344.05,14.85,153750,0,0,0.0,0,F1,3750,,,,,
2026-02-18,2026-02-18,FO,NSE,STO,43599,,NATIONALUM,,2026-02-24,2026-02-24,297.5,CE,NATIONALUM26FEB297.5CE,0.0,0.0,0.0,59.45,0.0,59.45,344.05,46.85,0,0,0,0.0,0,F1,3750,,,,,
2026-02-18,2026-02-18,FO,NSE,STO,143564,,NATIONALUM,,2026-03-30,2026-03-30,412.5,PE,NATIONALUM26MAR412.5PE,0.0,0.0,0.0,44.15,0.0,44.15,344.05,68.8,0,0,0,0.0,0,F1,3750,,,,,
2026-02-18,2026-02-18,FO,NSE,STO,48931,,NATIONALUM,,2026-03-30,2026-03-30,480.0,PE,NATIONALUM26MAR480PE,0.0,0.0,0.0,102.2,102.2,102.2,344.05,133.3,3750,0,0,0.0,0,F1,3750,,,,,
2026-02-18,2026-02-18,FO,NSE,STO,143719,,NATIONALUM,,2026-04-28,2026-04-28,330.0,PE,NATIONALUM26APR330PE,0.0,0.0,0.0,11.8,0.0,11.8,344.05,17.3,0,0,0,0.0,0,F1,3750,,,,,
2026-02-18,2026-02-18,FO,NSE,STO,143721,,NATIONALUM,,2026-04-28,2026-04-28,335.0,PE,NATIONALUM26APR335PE,0.0,0.0,0.0,13.2,0.0,13.2,344.05,19.5,0,0,0,0.0,0,F1,3750,,,,,
2026-02-18,2026-02-18,FO,NSE,STO,143733,,NATIONALUM,,2026-04-28,2026-04-28,365.0,PE,NATIONALUM26APR365PE,0.0,0.0,0.0,24.0,0.0,24.0,344.05,35.85,0,0,0,0.0,0,F1,3750,,,,,
2026-02-18,2026-02-18,FO,NSE,STO,141457,,NATIONALUM,,2026-02-24,2026-02-24,395.0,CE,NATIONALUM26FEB395CE,0.3,0.3,0.2,0.25,0.25,0.35,344.05,0.25,881250,-3750,65,96344062.5,25,F1,3750,,,,,
2026-02-18,2026-02-18,FO,NSE,STO,141439,,NATIONALUM,,2026-02-24,2026-02-24,362.5,CE,NATIONALUM26FEB362.5CE,1.65,1.65,0.95,1.2,1.15,1.55,344.05,1.2,337500,26250,60,81822562.5,53,F1,3750,,,,,
2026-02-18,2026-02-18,FO,NSE,STO,119666,,NATIONALUM,,2026-02-24,2026-02-24,300.0,CE,NATIONALUM26FEB300CE,45.0,45.0,43.0,44.75,44.75,42.25,344.05,44.75,228750,-33750,10,12893437.5,6,F1,3750,,,,,
2026-02-18,2026-02-18,FO,NSE,STO,119649,,NATIONALUM,,2026-02-24,2026-02-24,280.0,PE,NATIONALUM26FEB280PE,0.1,0.1,0.1,0.1,0.1,0.1,344.05,0.05,453750,-18750,8,8403000.0,7,F1,3750,,,,,
2026-02-18,2026-02-18,FO,NSE,STO,143900,,NATIONALUM,,2026-04-28,2026-04-28,450.0,PE,NATIONALUM26APR450PE,0.0,0.0,0.0,75.1,0.0,75.1,344.05,104.15,0,0,0,0.0,0,F1,3750,,,,,
2026-02-18,2026-02-18,FO,NSE,STO,141808,,NATIONALUM,,2026-03-30,2026-03-30,390.0,PE,NATIONALUM26MAR390PE,0.0,0.0,0.0,42.45,42.45,42.45,344.05,49.5,11250,0,0,0.0,0,F1,3750,,,,,
2026-02-18,2026-02-18,FO,NSE,STO,143903,,NATIONALUM,,2026-04-28,2026-04-28,460.0,CE,NATIONALUM26APR460CE,0.0,0.0,0.0,14.4,0.0,14.4,344.05,2.2,0,0,0,0.0,0,F1,3750,,,,,
2026-02-18,2026-02-18,FO,NSE,STO,143843,,NATIONALUM,,2026-04-28,2026-04-28,430.0,CE,NATIONALUM26APR430CE,0.0,0.0,0.0,21.85,0.0,21.85,344.05,4.6,0,0,0,0.0,0,F1,3750,,,,,
2026-02-18,2026-02-18,FO,NSE,STO,40747,,NATIONALUM,,2026-02-24,2026-02-24,432.5,PE,NATIONALUM26FEB432.5PE,0.0,0.0,0.0,78.0,78.0,78.0,344.05,88.05,41250,0,0,0.0,0,F1,3750,,,,,
2026-02-18,2026-02-18,FO,NSE,STO,43689,,NATIONALUM,,2026-02-24,2026-02-24,455.0,PE,NATIONALUM26FEB455PE,0.0,0.0,0.0,106.5,0.0,106.5,344.05,110.55,0,0,0,0.0,0,F1,3750,,,,,
2026-02-18,2026-02-18,FO,NSE,STO,43691,,NATIONALUM,,2026-02-24,2026-02-24,460.0,PE,NATIONALUM26FEB460PE,0.0,0.0,0.0,111.2,0.0,111.2,344.05,115.55,0,0,0,0.0,0,F1,3750,,,,,
2026-02-18,2026-02-18,FO,NSE,STO,43602,,NATIONALUM,,2026-02-24,2026-02-24,297.5,PE,NATIONALUM26FEB297.5PE,0.0,0.0,0.0,1.65,0.0,1.65,344.05,0.05,0,0,0,0.0,0,F1,3750,,,,,
2026-02-18,2026-02-18,FO,NSE,STO,119673,,NATIONALUM,,2026-02-24,2026-02-24,310.0,PE,NATIONALUM26FEB310PE,0.65,0.65,0.25,0.35,0.35,0.7,344.05,0.35,671250,-33750,153,178099500.0,144,F1,3750,,,,,
2026-02-18,2026-02-18,FO,NSE,STO,141426,,NATIONALUM,,2026-02-24,2026-02-24,327.5,PE,NATIONALUM26FEB327.5PE,1.6,1.8,1.05,1.15,1.15,2.45,344.05,1.15,303750,22500,118,145589062.5,83,F1,3750,,,,,
2026-02-18,2026-02-18,FO,NSE,STO,43681,,NATIONALUM,,2026-02-24,2026-02-24,417.5,PE,NATIONALUM26FEB417.5PE,0.0,0.0,0.0,83.8,83.8,83.8,344.05,73.05,90000,0,0,0.0,0,F1,3750,,,,,
2026-02-18,2026-02-18,FO,NSE,STO,141462,,NATIONALUM,,2026-02-24,2026-02-24,405.0,PE,NATIONALUM26FEB405PE,0.0,0.0,0.0,55.5,55.5,55.5,344.05,60.6,405000,0,0,0.0,0,F1,3750,,,,,
2026-02-18,2026-02-18,FO,NSE,STO,141454,,NATIONALUM,,2026-02-24,2026-02-24,387.5,PE,NATIONALUM26FEB387.5PE,0.0,0.0,0.0,32.95,32.95,32.95,344.05,43.2,652500,0,0,0.0,0,F1,3750,,,,,
2026-02-18,2026-02-18,FO,NSE,STO,141436,,NATIONALUM,,2026-02-24,2026-02-24,352.5,PE,NATIONALUM26FEB352.5PE,12.5,12.5,10.75,11.1,11.35,13.8,344.05,11.1,570000,7500,9,12282750.0,8,F1,3750,,,,,
2026-02-18,2026-02-18,FO,NSE,STO,119679,,NATIONALUM,,2026-02-24,2026-02-24,330.0,PE,NATIONALUM26FEB330PE,2.85,3.0,1.35,1.5,1.6,3.0,344.05,1.5,1462500,-37500,1219,1517138250.0,611,F1,3750,,,,,
2026-02-18,2026-02-18,FO,NSE,STO,143740,,NATIONALUM,,2026-04-28,2026-04-28,385.0,CE,NATIONALUM26APR385CE,0.0,0.0,0.0,38.9,0.0,38.9,344.05,12.5,0,0,0,0.0,0,F1,3750,,,,,
2026-02-18,2026-02-18,FO,NSE,STO,143686,,NATIONALUM,,2026-03-30,2026-03-30,475.0,CE,NATIONALUM26MAR475CE,0.0,0.0,0.0,6.65,0.0,6.65,344.05,0.25,0,0,0,0.0,0,F1,3750,,,,,
2026-02-18,2026-02-18,FO,NSE,STO,143486,,NATIONALUM,,2026-03-30,2026-03-30,327.5,PE,NATIONALUM26MAR327.5PE,10.0,10.0,10.0,10.0,10.0,8.55,344.05,11.2,18750,0,2,2531250.0,2,F1,3750,,,,,
2026-02-18,2026-02-18,FO,NSE,STO,49830,,NATIONALUM,,2026-02-24,2026-02-24,480.0,CE,NATIONALUM26FEB480CE,0.05,0.05,0.05,0.05,0.05,0.05,344.05,0.05,498750,-78750,24,43204500.0,17,F1,3750,,,,,
2026-02-18,2026-02-18,FO,NSE,STO,49860,,NATIONALUM,,2026-03-30,2026-03-30,465.0,CE,NATIONALUM26MAR465CE,0.0,0.0,0.0,7.95,0.0,7.95,344.05,0.4,0,0,0,0.0,0,F1,3750,,,,,
2026-02-18,2026-02-18,FO,NSE,STO,143670,,NATIONALUM,,2026-03-30,2026-03-30,437.5,CE,NATIONALUM26MAR437.5CE,0.0,0.0,0.0,3.4,3.4,3.4,344.05,1.15,7500,0,0,0.0,0,F1,3750,,,,,
2026-02-18,2026-02-18,FO,NSE,STO,141811,,NATIONALUM,,2026-03-30,2026-03-30,400.0,CE,NATIONALUM26MAR400CE,2.1,3.05,2.1,2.5,2.15,2.7,344.05,2.5,1226250,153750,157,237036750.0,130,F1,3750,,,,,
2026-02-18,2026-02-18,FO,NSE,STO,143507,,NATIONALUM,,2026-03-30,2026-03-30,382.5,CE,NATIONALUM26MAR382.5CE,0.0,0.0,0.0,6.55,6.55,6.55,344.05,7.4,18750,0,0,0.0,0,F1,3750,,,,,
2026-02-18,2026-02-18,FO,NSE,STO,141799,,NATIONALUM,,2026-03-30,2026-03-30,370.0,CE,NATIONALUM26MAR370CE,7.4,8.3,6.9,7.25,7.3,7.35,344.05,7.25,536250,146250,107,151410562.5,90,F1,3750,,,,,
2026-02-18,2026-02-18,FO,NSE,STO,141789,,NATIONALUM,,2026-03-30,2026-03-30,345.0,CE,NATIONALUM26MAR345CE,17.3,17.85,15.8,16.8,16.6,16.15,344.05,16.8,112500,63750,36,48847687.5,35,F1,3750,,,,,
2026-02-18,2026-02-18,FO,NSE,STO,141787,,NATIONALUM,,2026-03-30,2026-03-30,340.0,CE,NATIONALUM26MAR340CE,20.1,20.6,18.4,19.75,19.85,18.65,344.05,19.75,213750,71250,80,107799937.5,70,F1,3750,,,,,
2026-02-18,2026-02-18,FO,NSE,STO,141775,,NATIONALUM,,2026-03-30,2026-03-30,310.0,CE,NATIONALUM26MAR310CE,0.0,0.0,0.0,34.6,0.0,34.6,344.05,41.8,0,0,0,0.0,0,F1,3750,,,,,
2026-02-18,2026-02-18,FO,NSE,STO,141631,,NATIONALUM,,2026-02-24,2026-02-24,435.0,CE,NATIONALUM26FEB435CE,0.1,0.1,0.1,0.1,0.1,0.15,344.05,0.05,292500,-11250,9,14684625.0,6,F1,3750,,,,,
2026-02-18,2026-02-18,FO,NSE,STO,39919,,NATIONALUM,,2026-02-24,2026-02-24,440.0,CE,NATIONALUM26FEB440CE,0.15,0.15,0.1,0.15,0.15,0.15,344.05,0.05,918750,-33750,56,92427750.0,25,F1,3750,,,,,
2026-02-18,2026-02-18,FO,NSE,STO,141807,,NATIONALUM,,2026-03-30,2026-03-30,390.0,CE,NATIONALUM26MAR390CE,3.65,3.65,3.45,3.5,3.5,3.55,344.05,5.9,168750,41250,25,36891562.5,19,F1,3750,,,,,
2026-02-18,2026-02-18,FO,NSE,STO,143567,,NATIONALUM,,2026-03-30,2026-03-30,422.5,CE,NATIONALUM26MAR422.5CE,0.0,0.0,0.0,17.4,0.0,17.4,344.05,2.0,0,0,0,0.0,0,F1,3750,,,,,
2026-02-18,2026-02-18,FO,NSE,STO,48930,,NATIONALUM,,2026-03-30,2026-03-30,480.0,CE,NATIONALUM26MAR480CE,0.0,0.0,0.0,0.75,0.75,0.75,344.05,0.2,3750,0,0,0.0,0,F1,3750,,,,,
2026-02-18,2026-02-18,FO,NSE,STO,36945,,NATIONALUM,,2026-03-30,2026-03-30,482.5,CE,NATIONALUM26MAR482.5CE,0.0,0.0,0.0,9.95,0.0,9.95,344.05,0.2,0,0,0,0.0,0,F1,3750,,,,,
2026-02-18,2026-02-18,FO,NSE,STO,143748,,NATIONALUM,,2026-04-28,2026-04-28,405.0,CE,NATIONALUM26APR405CE,0.0,0.0,0.0,30.35,0.0,30.35,344.05,8.15,0,0,0,0.0,0,F1,3750,,,,,
2026-02-18,2026-02-18,FO,NSE,STO,143905,,NATIONALUM,,2026-04-28,2026-04-28,465.0,CE,NATIONALUM26APR465CE,0.0,0.0,0.0,13.4,0.0,13.4,344.05,1.95,0,0,0,0.0,0,F1,3750,,,,,
2026-02-18,2026-02-18,FO,NSE,STO,141444,,NATIONALUM,,2026-02-24,2026-02-24,372.5,PE,NATIONALUM26FEB372.5PE,0.0,0.0,0.0,31.7,31.7,31.7,344.05,28.8,562500,0,0,0.0,0,F1,3750,,,,,
2026-02-18,2026-02-18,FO,NSE,STO,141464,,NATIONALUM,,2026-02-24,2026-02-24,410.0,PE,NATIONALUM26FEB410PE,0.0,0.0,0.0,68.25,68.25,68.25,344.05,65.6,307500,0,0,0.0,0,F1,3750,,,,,
2026-02-18,2026-02-18,FO,NSE,STO,49837,,NATIONALUM,,2026-02-24,2026-02-24,480.0,PE,NATIONALUM26FEB480PE,0.0,0.0,0.0,105.05,0.0,105.05,344.05,135.5,0,0,0,0.0,0,F1,3750,,,,,
2026-02-18,2026-02-18,FO,NSE,STO,143496,,NATIONALUM,,2026-03-30,2026-03-30,352.5,PE,NATIONALUM26MAR352.5PE,0.0,0.0,0.0,13.75,13.75,13.75,344.05,23.1,7500,0,0,0.0,0,F1,3750,,,,,
2026-02-18,2026-02-18,FO,NSE,STO,141800,,NATIONALUM,,2026-03-30,2026-03-30,370.0,PE,NATIONALUM26MAR370PE,31.0,31.0,30.0,30.35,30.3,32.85,344.05,30.35,176250,0,4,6007500.0,4,F1,3750,,,,,
2026-02-18,2026-02-18,FO,NSE,STO,43696,,NATIONALUM,,2026-03-30,2026-03-30,425.0,PE,NATIONALUM26MAR425PE,0.0,0.0,0.0,81.9,0.0,81.9,344.05,80.25,0,0,0,0.0,0,F1,3750,,,,,
2026-02-18,2026-02-18,FO,NSE,STO,143673,,NATIONALUM,,2026-03-30,2026-03-30,437.5,PE,NATIONALUM26MAR437.5PE,0.0,0.0,0.0,61.75,0.0,61.75,344.05,92.0,0,0,0,0.0,0,F1,3750,,,,,
2026-02-18,2026-02-18,FO,NSE,STO,36944,,NATIONALUM,,2026-03-30,2026-03-30,477.5,PE,NATIONALUM26MAR477.5PE,0.0,0.0,0.0,77.3,0.0,77.3,344.05,130.8,0,0,0,0.0,0,F1,3750,,,,,
2026-02-18,2026-02-18,FO,NSE,STO,143707,,NATIONALUM,,2026-04-28,2026-04-28,300.0,PE,NATIONALUM26APR300PE,0.0,0.0,0.0,5.4,0.0,5.4,344.05,7.4,0,0,0,0.0,0,F1,3750,,,,,
2026-02-18,2026-02-18,FO,NSE,STO,143713,,NATIONALUM,,2026-04-28,2026-04-28,315.0,PE,NATIONALUM26APR315PE,0.0,0.0,0.0,8.15,0.0,8.15,344.05,11.65,0,0,0,0.0,0,F1,3750,,,,,
2026-02-18,2026-02-18,FO,NSE,STO,143910,,NATIONALUM,,2026-04-28,2026-04-28,475.0,PE,NATIONALUM26APR475PE,0.0,0.0,0.0,94.7,0.0,94.7,344.05,127.55,0,0,0,0.0,0,F1,3750,,,,,
2026-02-18,2026-02-18,FO,NSE,STO,119672,,NATIONALUM,,2026-02-24,2026-02-24,310.0,CE,NATIONALUM26FEB310CE,0.0,0.0,0.0,31.45,31.45,31.45,344.05,34.55,18750,0,0,0.0,0,F1,3750,,,,,
2026-02-18,2026-02-18,FO,NSE,STO,141441,,NATIONALUM,,2026-02-24,2026-02-24,367.5,CE,NATIONALUM26FEB367.5CE,1.15,1.15,0.75,0.85,0.85,1.15,344.05,0.85,397500,3750,46,63552187.5,33,F1,3750,,,,,
2026-02-18,2026-02-18,FO,NSE,STO,141453,,NATIONALUM,,2026-02-24,2026-02-24,387.5,CE,NATIONALUM26FEB387.5CE,0.35,0.35,0.25,0.25,0.25,0.45,344.05,0.25,386250,-7500,8,11633625.0,6,F1,3750,,,,,
2026-02-18,2026-02-18,FO,NSE,STO,119677,,NATIONALUM,,2026-02-24,2026-02-24,320.0,PE,NATIONALUM26FEB320PE,1.25,1.25,0.5,0.6,0.65,1.4,344.05,0.6,851250,-60000,383,460739062.5,256,F1,3750,,,,,
2026-02-18,2026-02-18,FO,NSE,STO,141422,,NATIONALUM,,2026-02-24,2026-02-24,317.5,PE,NATIONALUM26FEB317.5PE,0.6,0.75,0.5,0.5,0.5,1.35,344.05,0.6,67500,-3750,12,14315812.5,11,F1,3750,,,,,
2026-02-18,2026-02-18,FO,NSE,STO,141408,,NATIONALUM,,2026-02-24,2026-02-24,282.5,PE,NATIONALUM26FEB282.5PE,0.0,0.0,0.0,0.2,0.2,0.2,344.05,0.05,67500,0,0,0.0,0,F1,3750,,,,,
2026-02-18,2026-02-18,FO,NSE,STO,141788,,NATIONALUM,,2026-03-30,2026-03-30,340.0,PE,NATIONALUM26MAR340PE,14.4,15.0,12.6,12.7,12.8,14.8,344.05,12.7,502500,78750,126,167280750.0,76,F1,3750,,,,,
2026-02-18,2026-02-18,FO,NSE,STO,143488,,NATIONALUM,,2026-03-30,2026-03-30,332.5,PE,NATIONALUM26MAR332.5PE,0.0,0.0,0.0,8.45,0.0,8.45,344.05,13.2,0,0,0,0.0,0,F1,3750,,,,,
2026-02-18,2026-02-18,FO,NSE,STO,119625,,NATIONALUM,,2026-02-24,2026-02-24,230.0,PE,NATIONALUM26FEB230PE,0.05,0.1,0.05,0.05,0.05,0.05,344.05,0.05,82500,-15000,5,4313625.0,5,F1,3750,,,,,
2026-02-18,2026-02-18,FO,NSE,STO,143901,,NATIONALUM,,2026-04-28,2026-04-28,455.0,CE,NATIONALUM26APR455CE,0.0,0.0,0.0,15.5,0.0,15.5,344.05,2.5,0,0,0,0.0,0,F1,3750,,,,,
2026-02-18,2026-02-18,FO,NSE,STO,119668,,NATIONALUM,,2026-02-24,2026-02-24,305.0,CE,NATIONALUM26FEB305CE,0.0,0.0,0.0,9.12,0.0,9.12,344.05,39.4,0,0,0,0.0,0,F1,3750,,,,,
2026-02-18,2026-02-18,FO,NSE,STO,49827,,NATIONALUM,,2026-02-24,2026-02-24,447.5,PE,NATIONALUM26FEB447.5PE,0.0,0.0,0.0,75.4,0.0,75.4,344.05,103.05,0,0,0,0.0,0,F1,3750,,,,,
2026-02-18,2026-02-18,FO,NSE,STO,43694,,NATIONALUM,,2026-02-24,2026-02-24,465.0,PE,NATIONALUM26FEB465PE,0.0,0.0,0.0,115.95,0.0,115.95,344.05,120.55,0,0,0,0.0,0,F1,3750,,,,,
2026-02-18,2026-02-18,FO,NSE,STO,40612,,NATIONALUM,,2026-03-30,2026-03-30,317.5,PE,NATIONALUM26MAR317.5PE,7.1,7.1,6.4,6.4,6.4,6.55,344.05,7.9,11250,3750,4,4864125.0,4,F1,3750,,,,,
2026-02-18,2026-02-18,FO,NSE,STO,143484,,NATIONALUM,,2026-03-30,2026-03-30,322.5,PE,NATIONALUM26MAR322.5PE,0.0,0.0,0.0,6.3,0.0,6.3,344.05,9.45,0,0,0,0.0,0,F1,3750,,,,,
2026-02-18,2026-02-18,FO,NSE,STO,141784,,NATIONALUM,,2026-03-30,2026-03-30,330.0,PE,NATIONALUM26MAR330PE,10.0,10.8,9.0,9.1,9.15,10.85,344.05,9.1,570000,285000,198,252638625.0,137,F1,3750,,,,,
2026-02-18,2026-02-18,FO,NSE,STO,43703,,NATIONALUM,,2026-03-30,2026-03-30,470.0,CE,NATIONALUM26MAR470CE,0.0,0.0,0.0,4.1,0.0,4.1,344.05,0.35,0,0,0,0.0,0,F1,3750,,,,,
2026-02-18,2026-02-18,FO,NSE,STO,141817,,NATIONALUM,,2026-03-30,2026-03-30,420.0,CE,NATIONALUM26MAR420CE,1.45,1.5,1.3,1.3,1.3,1.3,344.05,2.2,228750,0,8,12642187.5,7,F1,3750,,,,,
2026-02-18,2026-02-18,FO,NSE,STO,141805,,NATIONALUM,,2026-03-30,2026-03-30,385.0,CE,NATIONALUM26MAR385CE,4.4,4.4,4.05,4.15,4.15,4.3,344.05,6.85,105000,-3750,4,5838187.5,4,F1,3750,,,,,
2026-02-18,2026-02-18,FO,NSE,STO,143503,,NATIONALUM,,2026-03-30,2026-03-30,372.5,CE,NATIONALUM26MAR372.5CE,6.6,6.85,6.45,6.8,6.75,22.8,344.05,6.8,18750,15000,6,8529750.0,6,F1,3750,,,,,
2026-02-18,2026-02-18,FO,NSE,STO,143501,,NATIONALUM,,2026-03-30,2026-03-30,367.5,CE,NATIONALUM26MAR367.5CE,0.0,0.0,0.0,40.9,0.0,40.9,344.05,11.35,0,0,0,0.0,0,F1,3750,,,,,
2026-02-18,2026-02-18,FO,NSE,STO,143444,,NATIONALUM,,2026-02-24,2026-02-24,467.5,CE,NATIONALUM26FEB467.5CE,0.0,0.0,0.0,1.85,0.0,1.85,344.05,0.05,0,0,0,0.0,0,F1,3750,,,,,
2026-02-18,2026-02-18,FO,NSE,STO,49292,,NATIONALUM,,2026-02-24,2026-02-24,380.0,CE,NATIONALUM26FEB380CE,0.6,0.65,0.35,0.4,0.35,0.65,344.05,0.4,2910000,-281250,333,475057500.0,229,F1,3750,,,,,
2026-02-18,2026-02-18,FO,NSE,STO,37303,,NATIONALUM,,2026-02-24,2026-02-24,350.0,CE,NATIONALUM26FEB350CE,3.95,4.4,2.65,3.55,3.55,3.8,344.05,3.55,2775000,-821250,2990,3963462000.0,2332,F1,3750,,,,,
2026-02-18,2026-02-18,FO,NSE,STO,43680,,NATIONALUM,,2026-02-24,2026-02-24,417.5,CE,NATIONALUM26FEB417.5CE,0.2,0.2,0.15,0.15,0.15,0.25,344.05,0.05,116250,-11250,3,4698750.0,3,F1,3750,,,,,
2026-02-18,2026-02-18,FO,NSE,STO,49822,,NATIONALUM,,2026-02-24,2026-02-24,442.5,CE,NATIONALUM26FEB442.5CE,0.0,0.0,0.0,0.15,0.15,0.15,344.05,0.05,82500,0,0,0.0,0,F1,3750,,,,,
2026-02-18,2026-02-18,FO,NSE,STO,43686,,NATIONALUM,,2026-02-24,2026-02-24,455.0,CE,NATIONALUM26FEB455CE,0.0,0.0,0.0,1.85,0.0,1.85,344.05,0.05,0,0,0,0.0,0,F1,3750,,,,,
2026-02-18,2026-02-18,FO,NSE,STO,141460,,NATIONALUM,,2026-02-24,2026-02-24,397.5,PE,NATIONALUM26FEB397.5PE,0.0,0.0,0.0,32.05,32.05,32.05,344.05,53.1,142500,0,0,0.0,0,F1,3750,,,,,
2026-02-18,2026-02-18,FO,NSE,STO,46980,,NATIONALUM,,2026-02-24,2026-02-24,370.0,PE,NATIONALUM26FEB370PE,26.5,29.2,26.25,26.3,26.3,29.2,344.05,26.3,1608750,-48750,26,38774250.0,24,F1,3750,,,,,
2026-02-18,2026-02-18,FO,NSE,STO,141442,,NATIONALUM,,2026-02-24,2026-02-24,367.5,PE,NATIONALUM26FEB367.5PE,24.5,24.65,23.55,23.75,23.85,27.1,344.05,23.75,630000,-45000,18,26444625.0,9,F1,3750,,,,,
2026-02-18,2026-02-18,FO,NSE,STO,143749,,NATIONALUM,,2026-04-28,2026-04-28,405.0,PE,NATIONALUM26APR405PE,0.0,0.0,0.0,44.55,0.0,44.55,344.05,64.9,0,0,0,0.0,0,F1,3750,,,,,
2026-02-18,2026-02-18,FO,NSE,STO,40622,,NATIONALUM,,2026-04-28,2026-04-28,305.0,PE,NATIONALUM26APR305PE,0.0,0.0,0.0,6.85,0.0,6.85,344.05,8.65,0,0,0,0.0,0,F1,3750,,,,,
2026-02-18,2026-02-18,FO,NSE,STO,36951,,NATIONALUM,,2026-03-30,2026-03-30,482.5,PE,NATIONALUM26MAR482.5PE,0.0,0.0,0.0,81.35,0.0,81.35,344.05,135.75,0,0,0,0.0,0,F1,3750,,,,,
2026-02-18,2026-02-18,FO,NSE,STO,40756,,NATIONALUM,,2026-03-30,2026-03-30,445.0,PE,NATIONALUM26MAR445PE,0.0,0.0,0.0,93.9,0.0,93.9,344.05,99.15,0,0,0,0.0,0,F1,3750,,,,,
2026-02-18,2026-02-18,FO,NSE,STO,39898,,NATIONALUM,,2026-02-24,2026-02-24,325.0,PE,NATIONALUM26FEB325PE,1.8,1.85,0.8,0.9,0.9,2.05,344.05,0.9,236250,11250,85,103976250.0,75,F1,3750,,,,,
2026-02-18,2026-02-18,FO,NSE,STO,36907,,NATIONALUM,,2026-02-24,2026-02-24,487.5,CE,NATIONALUM26FEB487.5CE,0.0,0.0,0.0,0.1,0.1,0.1,344.05,0.05,202500,0,0,0.0,0,F1,3750,,,,,
2026-02-18,2026-02-18,FO,NSE,STO,49849,,NATIONALUM,,2026-02-24,2026-02-24,485.0,PE,NATIONALUM26FEB485PE,0.0,0.0,0.0,140.0,140.0,140.0,344.05,140.5,3750,0,0,0.0,0,F1,3750,,,,,
2026-02-18,2026-02-18,FO,NSE,STO,141782,,NATIONALUM,,2026-03-30,2026-03-30,325.0,PE,NATIONALUM26MAR325PE,8.8,9.15,7.3,7.35,7.35,31.15,344.05,7.35,48750,48750,16,20004000.0,15,F1,3750,,,,,
2026-02-18,2026-02-18,FO,NSE,STO,141794,,NATIONALUM,,2026-03-30,2026-03-30,355.0,PE,NATIONALUM26MAR355PE,0.0,0.0,0.0,50.05,0.0,50.05,344.05,24.55,0,0,0,0.0,0,F1,3750,,,,,
2026-02-18,2026-02-18,FO,NSE,STO,143508,,NATIONALUM,,2026-03-30,2026-03-30,382.5,PE,NATIONALUM26MAR382.5PE,0.0,0.0,0.0,10.05,10.05,10.05,344.05,43.55,3750,0,0,0.0,0,F1,3750,,,,,
2026-02-18,2026-02-18,FO,NSE,STO,141816,,NATIONALUM,,2026-03-30,2026-03-30,410.0,PE,NATIONALUM26MAR410PE,67.5,67.5,67.5,67.5,67.5,51.25,344.05,66.6,18750,3750,1,1790625.0,1,F1,3750,,,,,
2026-02-18,2026-02-18,FO,NSE,STO,143613,,NATIONALUM,,2026-03-30,2026-03-30,427.5,PE,NATIONALUM26MAR427.5PE,0.0,0.0,0.0,54.4,0.0,54.4,344.05,82.55,0,0,0,0.0,0,F1,3750,,,,,
2026-02-18,2026-02-18,FO,NSE,STO,143675,,NATIONALUM,,2026-03-30,2026-03-30,442.5,PE,NATIONALUM26MAR442.5PE,0.0,0.0,0.0,65.55,0.0,65.55,344.05,96.75,0,0,0,0.0,0,F1,3750,,,,,
2026-02-18,2026-02-18,FO,NSE,STO,143681,,NATIONALUM,,2026-03-30,2026-03-30,457.5,PE,NATIONALUM26MAR457.5PE,0.0,0.0,0.0,77.4,0.0,77.4,344.05,111.25,0,0,0,0.0,0,F1,3750,,,,,
2026-02-18,2026-02-18,FO,NSE,STO,143912,,NATIONALUM,,2026-04-28,2026-04-28,480.0,PE,NATIONALUM26APR480PE,0.0,0.0,0.0,98.8,0.0,98.8,344.05,132.3,0,0,0,0.0,0,F1,3750,,,,,
2026-02-18,2026-02-18,FO,NSE,STO,119662,,NATIONALUM,,2026-02-24,2026-02-24,290.0,CE,NATIONALUM26FEB290CE,0.0,0.0,0.0,97.0,97.0,97.0,344.05,54.3,41250,0,0,0.0,0,F1,3750,,,,,
2026-02-18,2026-02-18,FO,NSE,STO,40593,,NATIONALUM,,2026-02-24,2026-02-24,302.5,CE,NATIONALUM26FEB302.5CE,0.0,0.0,0.0,84.65,0.0,84.65,344.05,41.9,0,0,0,0.0,0,F1,3750,,,,,
2026-02-18,2026-02-18,FO,NSE,STO,119680,,NATIONALUM,,2026-02-24,2026-02-24,340.0,CE,NATIONALUM26FEB340CE,7.95,9.4,6.4,8.2,8.2,7.95,344.05,8.2,1586250,-41250,1269,1655518312.5,1201,F1,3750,,,,,
2026-02-18,2026-02-18,FO,NSE,STO,50914,,NATIONALUM,,2026-02-24,2026-02-24,390.0,CE,NATIONALUM26FEB390CE,0.45,0.45,0.2,0.25,0.2,0.4,344.05,0.25,1676250,-108750,204,298533750.0,88,F1,3750,,,,,
2026-02-18,2026-02-18,FO,NSE,STO,141467,,NATIONALUM,,2026-02-24,2026-02-24,420.0,CE,NATIONALUM26FEB420CE,0.25,0.25,0.1,0.15,0.15,0.2,344.05,0.15,1815000,-168750,134,211124812.5,78,F1,3750,,,,,
2026-02-18,2026-02-18,FO,NSE,STO,141582,,NATIONALUM,,2026-02-24,2026-02-24,430.0,CE,NATIONALUM26FEB430CE,0.15,0.15,0.1,0.1,0.1,0.15,344.05,0.1,1886250,-90000,135,217749000.0,74,F1,3750,,,,,
2026-02-18,2026-02-18,FO,NSE,STO,143485,,NATIONALUM,,2026-03-30,2026-03-30,327.5,CE,NATIONALUM26MAR327.5CE,0.0,0.0,0.0,67.85,0.0,67.85,344.05,29.75,0,0,0,0.0,0,F1,3750,,,,,
2026-02-18,2026-02-18,FO,NSE,STO,143491,,NATIONALUM,,2026-03-30,2026-03-30,342.5,CE,NATIONALUM26MAR342.5CE,17.65,17.65,17.15,17.25,17.25,17.2,344.05,21.35,22500,15000,6,8097562.5,6,F1,3750,,,,,
2026-02-18,2026-02-18,FO,NSE,STO,143651,,NATIONALUM,,2026-03-30,2026-03-30,432.5,CE,NATIONALUM26MAR432.5CE,0.0,0.0,0.0,14.65,0.0,14.65,344.05,1.4,0,0,0,0.0,0,F1,3750,,,,,
2026-02-18,2026-02-18,FO,NSE,STO,143674,,NATIONALUM,,2026-03-30,2026-03-30,442.5,CE,NATIONALUM26MAR442.5CE,0.0,0.0,0.0,12.25,0.0,12.25,344.05,0.95,0,0,0,0.0,0,F1,3750,,,,,
2026-02-18,2026-02-18,FO,NSE,STO,143684,,NATIONALUM,,2026-03-30,2026-03-30,467.5,CE,NATIONALUM26MAR467.5CE,0.0,0.0,0.0,7.7,0.0,7.7,344.05,0.35,0,0,0,0.0,0,F1,3750,,,,,
2026-02-18,2026-02-18,FO,NSE,STO,36937,,NATIONALUM,,2026-03-30,2026-03-30,472.5,CE,NATIONALUM26MAR472.5CE,0.0,0.0,0.0,11.85,0.0,11.85,344.05,0.3,0,0,0,0.0,0,F1,3750,,,,,
2026-02-18,2026-02-18,FO,NSE,STO,40621,,NATIONALUM,,2026-04-28,2026-04-28,305.0,CE,NATIONALUM26APR305CE,0.0,0.0,0.0,91.8,0.0,91.8,344.05,50.85,0,0,0,0.0,0,F1,3750,,,,,
2026-02-18,2026-02-18,FO,NSE,STO,143720,,NATIONALUM,,2026-04-28,2026-04-28,335.0,CE,NATIONALUM26APR335CE,0.0,0.0,0.0,67.95,0.0,67.95,344.05,32.0,0,0,0,0.0,0,F1,3750,,,,,
2026-02-18,2026-02-18,FO,NSE,STO,143724,,NATIONALUM,,2026-04-28,2026-04-28,345.0,CE,NATIONALUM26APR345CE,0.0,0.0,0.0,61.25,0.0,61.25,344.05,26.95,0,0,0,0.0,0,F1,3750,,,,,
2026-02-18,2026-02-18,FO,NSE,STO,143728,,NATIONALUM,,2026-04-28,2026-04-28,355.0,CE,NATIONALUM26APR355CE,0.0,0.0,0.0,55.0,0.0,55.0,344.05,22.5,0,0,0,0.0,0,F1,3750,,,,,
2026-02-18,2026-02-18,FO,NSE,STO,143730,,NATIONALUM,,2026-04-28,2026-04-28,360.0,CE,NATIONALUM26APR360CE,0.0,0.0,0.0,52.05,0.0,52.05,344.05,20.5,0,0,0,0.0,0,F1,3750,,,,,
2026-02-18,2026-02-18,FO,NSE,STO,143909,,NATIONALUM,,2026-04-28,2026-04-28,475.0,CE,NATIONALUM26APR475CE,0.0,0.0,0.0,11.6,0.0,11.6,344.05,1.5,0,0,0,0.0,0,F1,3750,,,,,
2026-02-18,2026-02-18,FO,NSE,STO,143911,,NATIONALUM,,2026-04-28,2026-04-28,480.0,CE,NATIONALUM26APR480CE,0.0,0.0,0.0,10.75,0.0,10.75,344.05,1.3,0,0,0,0.0,0,F1,3750,,,,,
2026-02-18,2026-02-18,FO,NSE,STO,141424,,NATIONALUM,,2026-02-24,2026-02-24,322.5,PE,NATIONALUM26FEB322.5PE,1.0,1.15,0.65,0.65,0.65,1.8,344.05,1.05,41250,-15000,38,46096875.0,31,F1,3750,,,,,
2026-02-18,2026-02-18,FO,NSE,STO,141458,,NATIONALUM,,2026-02-24,2026-02-24,395.0,PE,NATIONALUM26FEB395PE,0.0,0.0,0.0,44.25,44.25,44.25,344.05,50.65,251250,0,0,0.0,0,F1,3750,,,,,
2026-02-18,2026-02-18,FO,NSE,STO,39912,,NATIONALUM,,2026-02-24,2026-02-24,402.5,PE,NATIONALUM26FEB402.5PE,0.0,0.0,0.0,39.0,39.0,39.0,344.05,58.1,112500,0,0,0.0,0,F1,3750,,,,,
2026-02-18,2026-02-18,FO,NSE,STO,40752,,NATIONALUM,,2026-02-24,2026-02-24,470.0,PE,NATIONALUM26FEB470PE,0.0,0.0,0.0,115.15,0.0,115.15,344.05,125.55,0,0,0,0.0,0,F1,3750,,,,,
2026-02-18,2026-02-18,FO,NSE,STO,36897,,NATIONALUM,,2026-02-24,2026-02-24,472.5,PE,NATIONALUM26FEB472.5PE,0.0,0.0,0.0,68.0,0.0,68.0,344.05,128.0,0,0,0,0.0,0,F1,3750,,,,,
2026-02-18,2026-02-18,FO,NSE,STO,141759,,NATIONALUM,,2026-03-30,2026-03-30,270.0,CE,NATIONALUM26MAR270CE,0.0,0.0,0.0,117.0,117.0,117.0,344.05,76.4,0,0,0,0.0,0,F1,3750,,,,,
2026-02-18,2026-02-18,FO,NSE,STO,141777,,NATIONALUM,,2026-03-30,2026-03-30,315.0,CE,NATIONALUM26MAR315CE,0.0,0.0,0.0,31.0,31.0,31.0,344.05,38.1,3750,0,0,0.0,0,F1,3750,,,,,
2026-02-18,2026-02-18,FO,NSE,STO,141793,,NATIONALUM,,2026-03-30,2026-03-30,355.0,CE,NATIONALUM26MAR355CE,12.8,13.0,11.55,12.6,13.0,12.0,344.05,12.6,60000,18750,9,12395437.5,8,F1,3750,,,,,
2026-02-18,2026-02-18,FO,NSE,STO,141795,,NATIONALUM,,2026-03-30,2026-03-30,360.0,CE,NATIONALUM26MAR360CE,10.95,11.4,9.85,10.45,10.55,10.2,344.05,10.45,292500,41250,47,65283750.0,45,F1,3750,,,,,
2026-02-18,2026-02-18,FO,NSE,STO,143499,,NATIONALUM,,2026-03-30,2026-03-30,362.5,CE,NATIONALUM26MAR362.5CE,0.0,0.0,0.0,43.8,0.0,43.8,344.05,12.95,0,0,0,0.0,0,F1,3750,,,,,
2026-02-18,2026-02-18,FO,NSE,STO,143561,,NATIONALUM,,2026-03-30,2026-03-30,407.5,CE,NATIONALUM26MAR407.5CE,0.0,0.0,0.0,22.35,0.0,22.35,344.05,3.35,0,0,0,0.0,0,F1,3750,,,,,
2026-02-18,2026-02-18,FO,NSE,STO,143563,,NATIONALUM,,2026-03-30,2026-03-30,412.5,CE,NATIONALUM26MAR412.5CE,0.0,0.0,0.0,20.6,0.0,20.6,344.05,2.85,0,0,0,0.0,0,F1,3750,,,,,
2026-02-18,2026-02-18,FO,NSE,STO,39935,,NATIONALUM,,2026-03-30,2026-03-30,440.0,CE,NATIONALUM26MAR440CE,0.8,0.8,0.65,0.65,0.65,0.9,344.05,0.65,416250,7500,8,13222312.5,8,F1,3750,,,,,
2026-02-18,2026-02-18,FO,NSE,STO,36939,,NATIONALUM,,2026-03-30,2026-03-30,477.5,CE,NATIONALUM26MAR477.5CE,0.0,0.0,0.0,10.85,0.0,10.85,344.05,0.25,0,0,0,0.0,0,F1,3750,,,,,
2026-02-18,2026-02-18,FO,NSE,STO,36952,,NATIONALUM,,2026-03-30,2026-03-30,487.5,CE,NATIONALUM26MAR487.5CE,0.0,0.0,0.0,9.1,0.0,9.1,344.05,0.15,0,0,0,0.0,0,F1,3750,,,,,
2026-02-18,2026-02-18,FO,NSE,STO,143706,,NATIONALUM,,2026-04-28,2026-04-28,300.0,CE,NATIONALUM26APR300CE,0.0,0.0,0.0,94.6,0.0,94.6,344.05,54.55,0,0,0,0.0,0,F1,3750,,,,,
2026-02-18,2026-02-18,FO,NSE,STO,141412,,NATIONALUM,,2026-02-24,2026-02-24,292.5,PE,NATIONALUM26FEB292.5PE,0.0,0.0,0.0,0.2,0.2,0.2,344.05,0.05,26250,0,0,0.0,0,F1,3750,,,,,
2026-02-18,2026-02-18,FO,NSE,STO,141418,,NATIONALUM,,2026-02-24,2026-02-24,307.5,PE,NATIONALUM26FEB307.5PE,0.0,0.0,0.0,0.75,0.75,0.75,344.05,0.15,37500,0,0,0.0,0,F1,3750,,,,,
2026-02-18,2026-02-18,FO,NSE,STO,49293,,NATIONALUM,,2026-02-24,2026-02-24,380.0,PE,NATIONALUM26FEB380PE,38.0,38.6,35.75,36.25,36.5,38.75,344.05,36.25,1042500,-82500,32,50043937.5,25,F1,3750,,,,,
2026-02-18,2026-02-18,FO,NSE,STO,49829,,NATIONALUM,,2026-02-24,2026-02-24,452.5,PE,NATIONALUM26FEB452.5PE,0.0,0.0,0.0,79.8,0.0,79.8,344.05,108.05,0,0,0,0.0,0,F1,3750,,,,,
2026-02-18,2026-02-18,FO,NSE,STO,143443,,NATIONALUM,,2026-02-24,2026-02-24,462.5,PE,NATIONALUM26FEB462.5PE,0.0,0.0,0.0,78.0,0.0,78.0,344.05,118.05,0,0,0,0.0,0,F1,3750,,,,,
2026-02-18,2026-02-18,FO,NSE,STO,141814,,NATIONALUM,,2026-03-30,2026-03-30,405.0,PE,NATIONALUM26MAR405PE,0.0,0.0,0.0,89.25,0.0,89.25,344.05,62.15,0,0,0,0.0,0,F1,3750,,,,,
2026-02-18,2026-02-18,FO,NSE,STO,143679,,NATIONALUM,,2026-03-30,2026-03-30,452.5,PE,NATIONALUM26MAR452.5PE,0.0,0.0,0.0,73.4,0.0,73.4,344.05,106.4,0,0,0,0.0,0,F1,3750,,,,,
2026-02-18,2026-02-18,FO,NSE,STO,143711,,NATIONALUM,,2026-04-28,2026-04-28,310.0,PE,NATIONALUM26APR310PE,0.0,0.0,0.0,7.15,0.0,7.15,344.05,10.1,0,0,0,0.0,0,F1,3750,,,,,
2026-02-18,2026-02-18,FO,NSE,STO,143723,,NATIONALUM,,2026-04-28,2026-04-28,340.0,PE,NATIONALUM26APR340PE,0.0,0.0,0.0,14.75,0.0,14.75,344.05,21.85,0,0,0,0.0,0,F1,3750,,,,,
2026-02-18,2026-02-18,FO,NSE,STO,143731,,NATIONALUM,,2026-04-28,2026-04-28,360.0,PE,NATIONALUM26APR360PE,0.0,0.0,0.0,21.9,0.0,21.9,344.05,32.75,0,0,0,0.0,0,F1,3750,,,,,
2026-02-18,2026-02-18,FO,NSE,STO,51366,,NATIONALUM,,2026-02-24,2026-02-24,400.0,CE,NATIONALUM26FEB400CE,0.35,0.35,0.2,0.2,0.2,0.4,344.05,0.2,5415000,-258750,378,567327000.0,212,F1,3750,,,,,
2026-02-18,2026-02-18,FO,NSE,STO,119676,,NATIONALUM,,2026-02-24,2026-02-24,320.0,CE,NATIONALUM26FEB320CE,24.6,25.25,24.6,25.25,25.25,23.35,344.05,25.25,105000,-3750,2,2586937.5,2,F1,3750,,,,,
2026-02-18,2026-02-18,FO,NSE,STO,50903,,NATIONALUM,,2026-02-24,2026-02-24,355.0,CE,NATIONALUM26FEB355CE,2.65,2.9,1.7,2.3,2.3,2.65,344.05,2.3,945000,86250,417,558553312.5,346,F1,3750,,,,,
2026-02-18,2026-02-18,FO,NSE,STO,49826,,NATIONALUM,,2026-02-24,2026-02-24,447.5,CE,NATIONALUM26FEB447.5CE,0.0,0.0,0.0,4.4,0.0,4.4,344.05,0.05,0,0,0,0.0,0,F1,3750,,,,,
2026-02-18,2026-02-18,FO,NSE,STO,143842,,NATIONALUM,,2026-04-28,2026-04-28,425.0,PE,NATIONALUM26APR425PE,0.0,0.0,0.0,57.3,0.0,57.3,344.05,81.75,0,0,0,0.0,0,F1,3750,,,,,
2026-02-18,2026-02-18,FO,NSE,STO,143747,,NATIONALUM,,2026-04-28,2026-04-28,400.0,PE,NATIONALUM26APR400PE,0.0,0.0,0.0,41.65,0.0,41.65,344.05,60.9,0,0,0,0.0,0,F1,3750,,,,,
2026-02-18,2026-02-18,FO,NSE,STO,143715,,NATIONALUM,,2026-04-28,2026-04-28,320.0,PE,NATIONALUM26APR320PE,0.0,0.0,0.0,9.25,0.0,9.25,344.05,13.4,0,0,0,0.0,0,F1,3750,,,,,
2026-02-18,2026-02-18,FO,NSE,STO,36938,,NATIONALUM,,2026-03-30,2026-03-30,472.5,PE,NATIONALUM26MAR472.5PE,0.0,0.0,0.0,73.35,0.0,73.35,344.05,125.9,0,0,0,0.0,0,F1,3750,,,,,
2026-02-18,2026-02-18,FO,NSE,STO,39936,,NATIONALUM,,2026-03-30,2026-03-30,440.0,PE,NATIONALUM26MAR440PE,0.0,0.0,0.0,108.3,0.0,108.3,344.05,94.35,0,0,0,0.0,0,F1,3750,,,,,
2026-02-18,2026-02-18,FO,NSE,STO,143907,,NATIONALUM,,2026-04-28,2026-04-28,470.0,CE,NATIONALUM26APR470CE,0.0,0.0,0.0,12.5,0.0,12.5,344.05,1.7,0,0,0,0.0,0,F1,3750,,,,,
2026-02-18,2026-02-18,FO,NSE,STO,119646,,NATIONALUM,,2026-02-24,2026-02-24,275.0,PE,NATIONALUM26FEB275PE,0.05,0.05,0.05,0.05,0.05,0.15,344.05,0.05,172500,-7500,2,2062875.0,1,F1,3750,,,,,
2026-02-18,2026-02-18,FO,NSE,STO,141430,,NATIONALUM,,2026-02-24,2026-02-24,337.5,PE,NATIONALUM26FEB337.5PE,4.95,4.95,2.8,3.05,3.3,5.15,344.05,3.05,307500,7500,572,732002062.5,547,F1,3750,,,,,
2026-02-18,2026-02-18,FO,NSE,STO,119681,,NATIONALUM,,2026-02-24,2026-02-24,340.0,PE,NATIONALUM26FEB340PE,6.25,6.25,3.55,3.9,4.05,6.25,344.05,3.9,2838750,75000,1505,1945153312.5,1316,F1,3750,,,,,
2026-02-18,2026-02-18,FO,NSE,STO,50911,,NATIONALUM,,2026-02-24,2026-02-24,355.0,PE,NATIONALUM26FEB355PE,13.3,15.05,12.8,12.8,12.8,15.95,344.05,12.8,963750,-33750,34,47038687.5,32,F1,3750,,,,,
2026-02-18,2026-02-18,FO,NSE,STO,141438,,NATIONALUM,,2026-02-24,2026-02-24,357.5,PE,NATIONALUM26FEB357.5PE,15.2,15.2,15.2,15.2,15.2,17.45,344.05,16.0,273750,0,2,2795250.0,2,F1,3750,,,,,
2026-02-18,2026-02-18,FO,NSE,STO,40610,,NATIONALUM,,2026-03-30,2026-03-30,312.5,PE,NATIONALUM26MAR312.5PE,5.45,6.05,4.5,4.6,4.65,4.85,344.05,4.6,11250,11250,6,7151812.5,6,F1,3750,,,,,
2026-02-18,2026-02-18,FO,NSE,STO,36909,,NATIONALUM,,2026-02-24,2026-02-24,487.5,PE,NATIONALUM26FEB487.5PE,0.0,0.0,0.0,81.55,0.0,81.55,344.05,143.0,0,0,0,0.0,0,F1,3750,,,,,
2026-02-18,2026-02-18,FO,NSE,STO,141446,,NATIONALUM,,2026-02-24,2026-02-24,375.0,PE,NATIONALUM26FEB375PE,33.5,33.5,31.15,31.15,31.15,36.15,344.05,31.15,375000,7500,5,7639687.5,5,F1,3750,,,,,
2026-02-18,2026-02-18,FO,NSE,STO,143904,,NATIONALUM,,2026-04-28,2026-04-28,460.0,PE,NATIONALUM26APR460PE,0.0,0.0,0.0,82.8,0.0,82.8,344.05,113.4,0,0,0,0.0,0,F1,3750,,,,,
2026-02-18,2026-02-18,FO,NSE,STO,36903,,NATIONALUM,,2026-02-24,2026-02-24,482.5,CE,NATIONALUM26FEB482.5CE,0.0,0.0,0.0,2.75,0.0,2.75,344.05,0.05,0,0,0,0.0,0,F1,3750,,,,,
2026-02-18,2026-02-18,FO,NSE,STO,143492,,NATIONALUM,,2026-03-30,2026-03-30,342.5,PE,NATIONALUM26MAR342.5PE,0.0,0.0,0.0,11.1,0.0,11.1,344.05,17.75,0,0,0,0.0,0,F1,3750,,,,,
2026-02-18,2026-02-18,FO,NSE,STO,143500,,NATIONALUM,,2026-03-30,2026-03-30,362.5,PE,NATIONALUM26MAR362.5PE,0.0,0.0,0.0,22.1,22.1,22.1,344.05,29.25,3750,0,0,0.0,0,F1,3750,,,,,
2026-02-18,2026-02-18,FO,NSE,STO,143502,,NATIONALUM,,2026-03-30,2026-03-30,367.5,PE,NATIONALUM26MAR367.5PE,0.0,0.0,0.0,19.95,0.0,19.95,344.05,32.55,0,0,0,0.0,0,F1,3750,,,,,
2026-02-18,2026-02-18,FO,NSE,STO,143510,,NATIONALUM,,2026-03-30,2026-03-30,387.5,PE,NATIONALUM26MAR387.5PE,0.0,0.0,0.0,11.5,11.5,11.5,344.05,47.5,3750,0,0,0.0,0,F1,3750,,,,,
2026-02-18,2026-02-18,FO,NSE,STF,51983,,NATIONALUM,,2026-03-30,2026-03-30,,,NATIONALUM26MARFUT,342.7,347.1,342.55,346.55,346.1,343.65,344.05,346.55,6213750,2178750,1044,1351864312.5,855,F1,3750,,,,,
2026-02-18,2026-02-18,FO,NSE,STO,119645,,NATIONALUM,,2026-02-24,2026-02-24,275.0,CE,NATIONALUM26FEB275CE,0.0,0.0,0.0,105.0,105.0,105.0,344.05,69.3,7500,0,0,0.0,0,F1,3750,,,,,
2026-02-18,2026-02-18,FO,NSE,STO,119664,,NATIONALUM,,2026-02-24,2026-02-24,295.0,CE,NATIONALUM26FEB295CE,48.65,49.05,48.65,49.05,49.05,82.25,344.05,49.35,3750,0,3,3867562.5,3,F1,3750,,,,,
2026-02-18,2026-02-18,FO,NSE,STO,141443,,NATIONALUM,,2026-02-24,2026-02-24,372.5,CE,NATIONALUM26FEB372.5CE,0.55,0.65,0.5,0.6,0.6,0.8,344.05,0.6,491250,-15000,70,97927875.0,40,F1,3750,,,,,
2026-02-18,2026-02-18,FO,NSE,STO,141461,,NATIONALUM,,2026-02-24,2026-02-24,405.0,CE,NATIONALUM26FEB405CE,0.15,0.2,0.1,0.2,0.2,0.3,344.05,0.2,783750,-22500,46,69890625.0,26,F1,3750,,,,,
2026-02-18,2026-02-18,FO,NSE,STO,141469,,NATIONALUM,,2026-02-24,2026-02-24,425.0,CE,NATIONALUM26FEB425CE,0.15,0.15,0.1,0.1,0.1,0.2,344.05,0.1,941250,-105000,57,90868125.0,30,F1,3750,,,,,
2026-02-18,2026-02-18,FO,NSE,STO,141448,,NATIONALUM,,2026-02-24,2026-02-24,377.5,PE,NATIONALUM26FEB377.5PE,0.0,0.0,0.0,29.85,29.85,29.85,344.05,33.5,138750,0,0,0.0,0,F1,3750,,,,,
2026-02-18,2026-02-18,FO,NSE,STO,39916,,NATIONALUM,,2026-02-24,2026-02-24,412.5,PE,NATIONALUM26FEB412.5PE,0.0,0.0,0.0,60.1,60.1,60.1,344.05,68.1,105000,0,0,0.0,0,F1,3750,,,,,
2026-02-18,2026-02-18,FO,NSE,STO,141466,,NATIONALUM,,2026-02-24,2026-02-24,415.0,PE,NATIONALUM26FEB415PE,70.75,72.65,70.75,71.4,71.4,74.8,344.05,70.6,371250,-3750,5,9122250.0,3,F1,3750,,,,,
2026-02-18,2026-02-18,FO,NSE,STO,141632,,NATIONALUM,,2026-02-24,2026-02-24,435.0,PE,NATIONALUM26FEB435PE,0.0,0.0,0.0,81.4,81.4,81.4,344.05,90.55,37500,0,0,0.0,0,F1,3750,,,,,
2026-02-18,2026-02-18,FO,NSE,STO,48927,,NATIONALUM,,2026-02-24,2026-02-24,437.5,PE,NATIONALUM26FEB437.5PE,0.0,0.0,0.0,95.1,95.1,95.1,344.05,93.05,11250,0,0,0.0,0,F1,3750,,,,,
2026-02-18,2026-02-18,FO,NSE,STO,143429,,NATIONALUM,,2026-02-24,2026-02-24,457.5,PE,NATIONALUM26FEB457.5PE,0.0,0.0,0.0,73.45,0.0,73.45,344.05,113.05,0,0,0,0.0,0,F1,3750,,,,,
2026-02-18,2026-02-18,FO,NSE,STO,40607,,NATIONALUM,,2026-03-30,2026-03-30,307.5,CE,NATIONALUM26MAR307.5CE,0.0,0.0,0.0,85.1,0.0,85.1,344.05,43.7,0,0,0,0.0,0,F1,3750,,,,,
2026-02-18,2026-02-18,FO,NSE,STO,143565,,NATIONALUM,,2026-03-30,2026-03-30,417.5,CE,NATIONALUM26MAR417.5CE,0.0,0.0,0.0,4.55,4.55,4.55,344.05,2.4,7500,0,0,0.0,0,F1,3750,,,,,
2026-02-18,2026-02-18,FO,NSE,STO,43700,,NATIONALUM,,2026-03-30,2026-03-30,460.0,CE,NATIONALUM26MAR460CE,0.0,0.0,0.0,4.95,0.0,4.95,344.05,0.5,0,0,0,0.0,0,F1,3750,,,,,
2026-02-18,2026-02-18,FO,NSE,STO,143746,,NATIONALUM,,2026-04-28,2026-04-28,400.0,CE,NATIONALUM26APR400CE,0.0,0.0,0.0,32.35,0.0,32.35,344.05,9.1,0,0,0,0.0,0,F1,3750,,,,,
2026-02-18,2026-02-18,FO,NSE,STO,143827,,NATIONALUM,,2026-04-28,2026-04-28,425.0,CE,NATIONALUM26APR425CE,0.0,0.0,0.0,23.4,0.0,23.4,344.05,5.2,0,0,0,0.0,0,F1,3750,,,,,
2026-02-18,2026-02-18,FO,NSE,STO,51367,,NATIONALUM,,2026-02-24,2026-02-24,400.0,PE,NATIONALUM26FEB400PE,56.5,58.65,55.35,56.05,56.35,58.5,344.05,56.05,1263750,-75000,22,37722187.5,15,F1,3750,,,,,
2026-02-18,2026-02-18,FO,NSE,STO,141583,,NATIONALUM,,2026-02-24,2026-02-24,430.0,PE,NATIONALUM26FEB430PE,87.25,87.9,87.2,87.2,87.2,89.9,344.05,85.55,487500,0,4,7762500.0,4,F1,3750,,,,,
2026-02-18,2026-02-18,FO,NSE,STO,49825,,NATIONALUM,,2026-02-24,2026-02-24,442.5,PE,NATIONALUM26FEB442.5PE,0.0,0.0,0.0,71.05,0.0,71.05,344.05,98.05,0,0,0,0.0,0,F1,3750,,,,,
2026-02-18,2026-02-18,FO,NSE,STO,141760,,NATIONALUM,,2026-03-30,2026-03-30,270.0,PE,NATIONALUM26MAR270PE,1.0,1.05,0.95,0.95,0.95,1.15,344.05,0.7,217500,22500,9,9146625.0,9,F1,3750,,,,,
2026-02-18,2026-02-18,FO,NSE,STO,141776,,NATIONALUM,,2026-03-30,2026-03-30,310.0,PE,NATIONALUM26MAR310PE,4.05,4.05,4.05,4.05,4.05,3.85,344.05,4.05,22500,3750,1,1177687.5,1,F1,3750,,,,,
2026-02-18,2026-02-18,FO,NSE,STO,141786,,NATIONALUM,,2026-03-30,2026-03-30,335.0,PE,NATIONALUM26MAR335PE,12.3,12.8,12.15,12.65,12.65,12.6,344.05,14.25,78750,18750,6,7818937.5,6,F1,3750,,,,,
2026-02-18,2026-02-18,FO,NSE,STO,143490,,NATIONALUM,,2026-03-30,2026-03-30,337.5,PE,NATIONALUM26MAR337.5PE,0.0,0.0,0.0,9.7,0.0,9.7,344.05,15.35,0,0,0,0.0,0,F1,3750,,,,,
2026-02-18,2026-02-18,FO,NSE,STO,143506,,NATIONALUM,,2026-03-30,2026-03-30,377.5,PE,NATIONALUM26MAR377.5PE,0.0,0.0,0.0,24.4,0.0,24.4,344.05,39.75,0,0,0,0.0,0,F1,3750,,,,,
2026-02-18,2026-02-18,FO,NSE,STO,141810,,NATIONALUM,,2026-03-30,2026-03-30,395.0,PE,NATIONALUM26MAR395PE,0.0,0.0,0.0,80.85,0.0,80.85,344.05,53.6,0,0,0,0.0,0,F1,3750,,,,,
2026-02-18,2026-02-18,FO,NSE,STO,143560,,NATIONALUM,,2026-03-30,2026-03-30,402.5,PE,NATIONALUM26MAR402.5PE,0.0,0.0,0.0,37.9,0.0,37.9,344.05,60.0,0,0,0,0.0,0,F1,3750,,,,,
2026-02-18,2026-02-18,FO,NSE,STO,143568,,NATIONALUM,,2026-03-30,2026-03-30,422.5,PE,NATIONALUM26MAR422.5PE,0.0,0.0,0.0,50.9,0.0,50.9,344.05,77.9,0,0,0,0.0,0,F1,3750,,,,,
2026-02-18,2026-02-18,FO,NSE,STO,143669,,NATIONALUM,,2026-03-30,2026-03-30,432.5,PE,NATIONALUM26MAR432.5PE,0.0,0.0,0.0,58.0,0.0,58.0,344.05,87.25,0,0,0,0.0,0,F1,3750,,,,,
2026-02-18,2026-02-18,FO,NSE,STO,143683,,NATIONALUM,,2026-03-30,2026-03-30,462.5,PE,NATIONALUM26MAR462.5PE,0.0,0.0,0.0,81.55,0.0,81.55,344.05,116.1,0,0,0,0.0,0,F1,3750,,,,,
2026-02-18,2026-02-18,FO,NSE,STO,49861,,NATIONALUM,,2026-03-30,2026-03-30,465.0,PE,NATIONALUM26MAR465PE,0.0,0.0,0.0,93.75,0.0,93.75,344.05,118.55,0,0,0,0.0,0,F1,3750,,,,,
2026-02-18,2026-02-18,FO,NSE,STO,36957,,NATIONALUM,,2026-03-30,2026-03-30,487.5,PE,NATIONALUM26MAR487.5PE,0.0,0.0,0.0,85.45,0.0,85.45,344.05,140.7,0,0,0,0.0,0,F1,3750,,,,,
2026-02-18,2026-02-18,FO,NSE,STO,143727,,NATIONALUM,,2026-04-28,2026-04-28,350.0,PE,NATIONALUM26APR350PE,0.0,0.0,0.0,18.1,0.0,18.1,344.05,27.0,0,0,0,0.0,0,F1,3750,,,,,
2026-02-18,2026-02-18,FO,NSE,STO,143847,,NATIONALUM,,2026-04-28,2026-04-28,440.0,CE,NATIONALUM26APR440CE,0.0,0.0,0.0,19.05,0.0,19.05,344.05,3.65,0,0,0,0.0,0,F1,3750,,,,,
2026-02-18,2026-02-18,FO,NSE,STO,143845,,NATIONALUM,,2026-04-28,2026-04-28,435.0,CE,NATIONALUM26APR435CE,0.0,0.0,0.0,20.45,0.0,20.45,344.05,4.1,0,0,0,0.0,0,F1,3750,,,,,
2026-02-18,2026-02-18,FO,NSE,STO,143744,,NATIONALUM,,2026-04-28,2026-04-28,395.0,CE,NATIONALUM26APR395CE,0.0,0.0,0.0,34.45,0.0,34.45,344.05,10.15,0,0,0,0.0,0,F1,3750,,,,,
2026-02-18,2026-02-18,FO,NSE,STO,143714,,NATIONALUM,,2026-04-28,2026-04-28,320.0,CE,NATIONALUM26APR320CE,0.0,0.0,0.0,78.75,0.0,78.75,344.05,40.75,0,0,0,0.0,0,F1,3750,,,,,
2026-02-18,2026-02-18,FO,NSE,STO,39937,,NATIONALUM,,2026-03-30,2026-03-30,450.0,CE,NATIONALUM26MAR450CE,0.7,0.7,0.7,0.7,0.7,0.75,344.05,0.75,11250,7500,2,3380250.0,2,F1,3750,,,,,
2026-02-18,2026-02-18,FO,NSE,STO,143509,,NATIONALUM,,2026-03-30,2026-03-30,387.5,CE,NATIONALUM26MAR387.5CE,0.0,0.0,0.0,30.6,0.0,30.6,344.05,6.35,0,0,0,0.0,0,F1,3750,,,,,
2026-02-18,2026-02-18,FO,NSE,STO,143505,,NATIONALUM,,2026-03-30,2026-03-30,377.5,CE,NATIONALUM26MAR377.5CE,5.5,6.9,5.5,6.9,6.9,9.35,344.05,6.9,11250,7500,2,2877750.0,2,F1,3750,,,,,
2026-02-18,2026-02-18,FO,NSE,STO,143495,,NATIONALUM,,2026-03-30,2026-03-30,352.5,CE,NATIONALUM26MAR352.5CE,13.9,13.9,13.05,13.05,13.05,13.0,344.05,16.8,26250,7500,5,6857812.5,4,F1,3750,,,,,
2026-02-18,2026-02-18,FO,NSE,STO,143489,,NATIONALUM,,2026-03-30,2026-03-30,337.5,CE,NATIONALUM26MAR337.5CE,0.0,0.0,0.0,60.35,0.0,60.35,344.05,23.95,0,0,0,0.0,0,F1,3750,,,,,
2026-02-18,2026-02-18,FO,NSE,STO,121161,,NHPC,,2026-02-24,2026-02-24,76.0,PE,NHPC26FEB76PE,0.77,1.02,0.65,0.71,0.73,0.77,76.34,0.71,2259200,320000,288,141603712.0,267,F1,6400,,,,,
2026-02-18,2026-02-18,FO,NSE,STO,143625,,NHPC,,2026-03-30,2026-03-30,66.0,PE,NHPC26MAR66PE,0.0,0.0,0.0,0.94,0.0,0.94,76.34,0.18,0,0,0,0.0,0,F1,6400,,,,,
2026-02-18,2026-02-18,FO,NSE,STO,145150,,NHPC,,2026-04-28,2026-04-28,64.0,PE,NHPC26APR64PE,0.0,0.0,0.0,1.04,0.0,1.04,76.34,0.29,0,0,0,0.0,0,F1,6400,,,,,
2026-02-18,2026-02-18,FO,NSE,STO,145158,,NHPC,,2026-04-28,2026-04-28,72.0,PE,NHPC26APR72PE,0.0,0.0,0.0,3.33,0.0,3.33,76.34,1.78,0,0,0,0.0,0,F1,6400,,,,,
2026-02-18,2026-02-18,FO,NSE,STO,145170,,NHPC,,2026-04-28,2026-04-28,84.0,PE,NHPC26APR84PE,0.0,0.0,0.0,10.18,0.0,10.18,76.34,8.35,0,0,0,0.0,0,F1,6400,,,,,
2026-02-18,2026-02-18,FO,NSE,STO,145189,,NHPC,,2026-04-28,2026-04-28,92.0,PE,NHPC26APR92PE,0.0,0.0,0.0,16.56,0.0,16.56,76.34,15.13,0,0,0,0.0,0,F1,6400,,,,,
2026-02-18,2026-02-18,FO,NSE,STO,143470,,NHPC,,2026-02-24,2026-02-24,67.0,CE,NHPC26FEB67CE,0.0,0.0,0.0,12.77,0.0,12.77,76.34,9.4,0,0,0,0.0,0,F1,6400,,,,,
2026-02-18,2026-02-18,FO,NSE,STO,145031,,NHPC,,2026-03-30,2026-03-30,69.0,CE,NHPC26MAR69CE,0.0,0.0,0.0,8.49,0.0,8.49,76.34,8.25,0,0,0,0.0,0,F1,6400,,,,,
2026-02-18,2026-02-18,FO,NSE,STO,145045,,NHPC,,2026-03-30,2026-03-30,79.0,CE,NHPC26MAR79CE,1.98,1.99,1.92,1.92,1.92,2.4,76.34,2.06,57600,32000,7,3626624.0,6,F1,6400,,,,,
2026-02-18,2026-02-18,FO,NSE,STO,121205,,NHPC,,2026-02-24,2026-02-24,92.0,PE,NHPC26FEB92PE,0.0,0.0,0.0,17.0,17.0,17.0,76.34,15.58,12800,0,0,0.0,0,F1,6400,,,,,
2026-02-18,2026-02-18,FO,NSE,STO,145166,,NHPC,,2026-04-28,2026-04-28,80.0,PE,NHPC26APR80PE,0.0,0.0,0.0,7.47,0.0,7.47,76.34,5.57,0,0,0,0.0,0,F1,6400,,,,,
2026-02-18,2026-02-18,FO,NSE,STO,121114,,NHPC,,2026-02-24,2026-02-24,64.0,CE,NHPC26FEB64CE,0.0,0.0,0.0,15.11,0.0,15.11,76.34,12.4,0,0,0,0.0,0,F1,6400,,,,,
2026-02-18,2026-02-18,FO,NSE,STO,121169,,NHPC,,2026-02-24,2026-02-24,80.0,CE,NHPC26FEB80CE,0.33,0.33,0.17,0.17,0.17,0.36,76.34,0.17,9049600,-224000,596,306007040.0,428,F1,6400,,,,,
2026-02-18,2026-02-18,FO,NSE,STO,143628,,NHPC,,2026-03-30,2026-03-30,70.0,CE,NHPC26MAR70CE,0.0,0.0,0.0,11.39,0.0,11.39,76.34,7.42,0,0,0,0.0,0,F1,6400,,,,,
2026-02-18,2026-02-18,FO,NSE,STO,145159,,NHPC,,2026-04-28,2026-04-28,74.0,CE,NHPC26APR74CE,0.0,0.0,0.0,6.46,0.0,6.46,76.34,5.59,0,0,0,0.0,0,F1,6400,,,,,
2026-02-18,2026-02-18,FO,NSE,STO,143539,,NHPC,,2026-02-24,2026-02-24,79.0,PE,NHPC26FEB79PE,2.86,2.9,2.83,2.83,2.83,2.62,76.34,2.83,1107200,0,4,2095936.0,4,F1,6400,,,,,
2026-02-18,2026-02-18,FO,NSE,STO,145116,,NHPC,,2026-03-30,2026-03-30,87.0,PE,NHPC26MAR87PE,0.0,0.0,0.0,12.08,0.0,12.08,76.34,10.52,0,0,0,0.0,0,F1,6400,,,,,
2026-02-18,2026-02-18,FO,NSE,STO,145112,,NHPC,,2026-03-30,2026-03-30,83.0,PE,NHPC26MAR83PE,0.0,0.0,0.0,8.92,0.0,8.92,76.34,7.11,0,0,0,0.0,0,F1,6400,,,,,
2026-02-18,2026-02-18,FO,NSE,STO,145049,,NHPC,,2026-03-30,2026-03-30,81.0,PE,NHPC26MAR81PE,0.0,0.0,0.0,7.49,0.0,7.49,76.34,5.59,0,0,0,0.0,0,F1,6400,,,,,
2026-02-18,2026-02-18,FO,NSE,STO,145034,,NHPC,,2026-03-30,2026-03-30,71.0,PE,NHPC26MAR71PE,0.78,0.78,0.74,0.74,0.74,0.71,76.34,0.86,76800,32000,6,2756096.0,2,F1,6400,,,,,
2026-02-18,2026-02-18,FO,NSE,STO,121201,,NHPC,,2026-02-24,2026-02-24,90.0,PE,NHPC26FEB90PE,0.0,0.0,0.0,12.26,12.25,12.26,76.34,13.58,70400,0,0,0.0,0,F1,6400,,,,,
2026-02-18,2026-02-18,FO,NSE,STO,121147,,NHPC,,2026-02-24,2026-02-24,70.0,PE,NHPC26FEB70PE,0.06,0.06,0.04,0.04,0.04,0.06,76.34,0.04,1273600,-57600,18,8069632.0,18,F1,6400,,,,,
2026-02-18,2026-02-18,FO,NSE,STO,143756,,NHPC,,2026-03-30,2026-03-30,92.0,CE,NHPC26MAR92CE,0.0,0.0,0.0,0.52,0.52,0.52,76.34,0.11,19200,0,0,0.0,0,F1,6400,,,,,
2026-02-18,2026-02-18,FO,NSE,STO,143550,,NHPC,,2026-02-24,2026-02-24,91.0,CE,NHPC26FEB91CE,0.03,0.03,0.02,0.02,0.03,0.04,76.34,0.02,428800,-134400,28,16311744.0,11,F1,6400,,,,,
2026-02-18,2026-02-18,FO,NSE,STO,143546,,NHPC,,2026-02-24,2026-02-24,87.0,CE,NHPC26FEB87CE,0.08,0.08,0.04,0.04,0.04,0.09,76.34,0.04,384000,-96000,44,24513728.0,34,F1,6400,,,,,
2026-02-18,2026-02-18,FO,NSE,STO,121181,,NHPC,,2026-02-24,2026-02-24,82.0,CE,NHPC26FEB82CE,0.16,0.17,0.09,0.09,0.09,0.2,76.34,0.09,3584000,6400,192,100901120.0,137,F1,6400,,,,,
2026-02-18,2026-02-18,FO,NSE,STO,143540,,NHPC,,2026-02-24,2026-02-24,81.0,CE,NHPC26FEB81CE,0.23,0.26,0.11,0.12,0.12,0.25,76.34,0.12,5017600,-83200,218,113252096.0,171,F1,6400,,,,,
2026-02-18,2026-02-18,FO,NSE,STO,143638,,NHPC,,2026-03-30,2026-03-30,80.0,CE,NHPC26MAR80CE,1.79,1.83,1.53,1.58,1.53,1.89,76.34,1.58,1740800,499200,138,72109056.0,106,F1,6400,,,,,
2026-02-18,2026-02-18,FO,NSE,STO,143626,,NHPC,,2026-03-30,2026-03-30,68.0,CE,NHPC26MAR68CE,0.0,0.0,0.0,8.56,8.56,8.56,76.34,9.11,6400,0,0,0.0,0,F1,6400,,,,,
2026-02-18,2026-02-18,FO,NSE,STO,121204,,NHPC,,2026-02-24,2026-02-24,92.0,CE,NHPC26FEB92CE,0.03,0.03,0.01,0.02,0.02,0.03,76.34,0.01,1593600,-57600,25,14723328.0,12,F1,6400,,,,,
2026-02-18,2026-02-18,FO,NSE,STO,145162,,NHPC,,2026-04-28,2026-04-28,76.0,PE,NHPC26APR76PE,0.0,0.0,0.0,5.17,0.0,5.17,76.34,3.35,0,0,0,0.0,0,F1,6400,,,,,
2026-02-18,2026-02-18,FO,NSE,STO,145154,,NHPC,,2026-04-28,2026-04-28,68.0,PE,NHPC26APR68PE,0.0,0.0,0.0,1.97,0.0,1.97,76.34,0.8,0,0,0,0.0,0,F1,6400,,,,,
2026-02-18,2026-02-18,FO,NSE,STO,143634,,NHPC,,2026-03-30,2026-03-30,76.0,CE,NHPC26MAR76CE,3.3,3.3,3.15,3.23,3.25,3.61,76.34,3.23,236800,-6400,7,3550656.0,5,F1,6400,,,,,
2026-02-18,2026-02-18,FO,NSE,STF,51987,,NHPC,,2026-03-30,2026-03-30,,,NHPC26MARFUT,77.26,77.27,76.5,76.85,76.85,77.29,76.34,76.85,9318400,2585600,632,310895360.0,596,F1,6400,,,,,
2026-02-18,2026-02-18,FO,NSE,STO,143478,,NHPC,,2026-02-24,2026-02-24,69.0,CE,NHPC26FEB69CE,0.0,0.0,0.0,10.76,10.76,10.76,76.34,7.41,6400,0,0,0.0,0,F1,6400,,,,,
2026-02-18,2026-02-18,FO,NSE,STO,143532,,NHPC,,2026-02-24,2026-02-24,75.0,CE,NHPC26FEB75CE,2.0,2.1,1.71,1.76,1.72,2.32,76.34,1.76,723200,6400,22,10814208.0,22,F1,6400,,,,,
2026-02-18,2026-02-18,FO,NSE,STO,121162,,NHPC,,2026-02-24,2026-02-24,78.0,CE,NHPC26FEB78CE,0.7,0.77,0.4,0.42,0.4,0.75,76.34,0.42,2745600,-160000,663,333034048.0,505,F1,6400,,,,,
2026-02-18,2026-02-18,FO,NSE,STO,145174,,NHPC,,2026-04-28,2026-04-28,88.0,PE,NHPC26APR88PE,0.0,0.0,0.0,13.24,0.0,13.24,76.34,11.59,0,0,0,0.0,0,F1,6400,,,,,
2026-02-18,2026-02-18,FO,NSE,STO,143624,,NHPC,,2026-03-30,2026-03-30,66.0,CE,NHPC26MAR66CE,0.0,0.0,0.0,14.5,0.0,14.5,76.34,10.92,0,0,0,0.0,0,F1,6400,,,,,
2026-02-18,2026-02-18,FO,NSE,STO,143637,,NHPC,,2026-03-30,2026-03-30,78.0,PE,NHPC26MAR78PE,0.0,0.0,0.0,3.0,3.0,3.0,76.34,3.64,44800,0,0,0.0,0,F1,6400,,,,,
2026-02-18,2026-02-18,FO,NSE,STO,145042,,NHPC,,2026-03-30,2026-03-30,75.0,PE,NHPC26MAR75PE,1.8,2.02,1.79,1.92,1.98,1.8,76.34,1.92,665600,384000,73,35967872.0,31,F1,6400,,,,,
2026-02-18,2026-02-18,FO,NSE,STO,121170,,NHPC,,2026-02-24,2026-02-24,80.0,PE,NHPC26FEB80PE,3.99,4.0,3.75,3.78,3.78,3.44,76.34,3.75,1708800,-102400,19,10204800.0,16,F1,6400,,,,,
2026-02-18,2026-02-18,FO,NSE,STO,143644,,NHPC,,2026-03-30,2026-03-30,86.0,CE,NHPC26MAR86CE,0.0,0.0,0.0,1.17,1.17,1.17,76.34,0.49,83200,0,0,0.0,0,F1,6400,,,,,
2026-02-18,2026-02-18,FO,NSE,STO,143535,,NHPC,,2026-02-24,2026-02-24,75.0,PE,NHPC26FEB75PE,0.45,0.59,0.32,0.35,0.37,0.42,76.34,0.35,2412800,128000,332,160321152.0,302,F1,6400,,,,,
2026-02-18,2026-02-18,FO,NSE,STO,143633,,NHPC,,2026-03-30,2026-03-30,74.0,PE,NHPC26MAR74PE,1.57,1.62,1.5,1.53,1.53,1.46,76.34,1.53,512000,57600,15,7253824.0,10,F1,6400,,,,,
2026-02-18,2026-02-18,FO,NSE,STO,143646,,NHPC,,2026-03-30,2026-03-30,88.0,CE,NHPC26MAR88CE,0.4,0.45,0.39,0.39,0.4,0.51,76.34,0.39,134400,-64000,41,23202560.0,39,F1,6400,,,,,
2026-02-18,2026-02-18,FO,NSE,STO,145149,,NHPC,,2026-04-28,2026-04-28,64.0,CE,NHPC26APR64CE,0.0,0.0,0.0,13.16,0.0,13.16,76.34,13.3,0,0,0,0.0,0,F1,6400,,,,,
2026-02-18,2026-02-18,FO,NSE,STO,145155,,NHPC,,2026-04-28,2026-04-28,70.0,CE,NHPC26APR70CE,0.0,0.0,0.0,8.8,0.0,8.8,76.34,8.28,0,0,0,0.0,0,F1,6400,,,,,
2026-02-18,2026-02-18,FO,NSE,STO,145157,,NHPC,,2026-04-28,2026-04-28,72.0,CE,NHPC26APR72CE,0.0,0.0,0.0,7.57,0.0,7.57,76.34,6.86,0,0,0,0.0,0,F1,6400,,,,,
2026-02-18,2026-02-18,FO,NSE,STO,145173,,NHPC,,2026-04-28,2026-04-28,88.0,CE,NHPC26APR88CE,0.0,0.0,0.0,1.72,0.0,1.72,76.34,0.84,0,0,0,0.0,0,F1,6400,,,,,
2026-02-18,2026-02-18,FO,NSE,STO,145043,,NHPC,,2026-03-30,2026-03-30,77.0,CE,NHPC26MAR77CE,2.99,2.99,2.7,2.71,2.7,3.32,76.34,2.71,172800,89600,30,15320192.0,27,F1,6400,,,,,
2026-02-18,2026-02-18,FO,NSE,STO,143622,,NHPC,,2026-03-30,2026-03-30,64.0,CE,NHPC26MAR64CE,0.0,0.0,0.0,16.18,0.0,16.18,76.34,12.81,0,0,0,0.0,0,F1,6400,,,,,
2026-02-18,2026-02-18,FO,NSE,STO,121192,,NHPC,,2026-02-24,2026-02-24,84.0,CE,NHPC26FEB84CE,0.1,0.1,0.06,0.06,0.06,0.13,76.34,0.06,1152000,-256000,97,52194176.0,64,F1,6400,,,,,
2026-02-18,2026-02-18,FO,NSE,STO,121148,,NHPC,,2026-02-24,2026-02-24,72.0,CE,NHPC26FEB72CE,0.0,0.0,0.0,5.05,5.05,5.05,76.34,4.48,76800,0,0,0.0,0,F1,6400,,,,,
2026-02-18,2026-02-18,FO,NSE,STO,145160,,NHPC,,2026-04-28,2026-04-28,74.0,PE,NHPC26APR74PE,0.0,0.0,0.0,4.19,0.0,4.19,76.34,2.48,0,0,0,0.0,0,F1,6400,,,,,
2026-02-18,2026-02-18,FO,NSE,STO,145114,,NHPC,,2026-03-30,2026-03-30,85.0,PE,NHPC26MAR85PE,8.57,8.57,8.57,8.57,8.57,7.9,76.34,8.76,19200,0,1,598848.0,1,F1,6400,,,,,
2026-02-18,2026-02-18,FO,NSE,STO,143639,,NHPC,,2026-03-30,2026-03-30,80.0,PE,NHPC26MAR80PE,4.7,4.76,4.52,4.52,4.52,4.45,76.34,4.52,652800,76800,18,9753536.0,16,F1,6400,,,,,
2026-02-18,2026-02-18,FO,NSE,STO,143635,,NHPC,,2026-03-30,2026-03-30,76.0,PE,NHPC26MAR76PE,2.3,2.39,2.3,2.35,2.38,1.99,76.34,2.35,128000,6400,8,4011136.0,8,F1,6400,,,,,
2026-02-18,2026-02-18,FO,NSE,STO,143627,,NHPC,,2026-03-30,2026-03-30,68.0,PE,NHPC26MAR68PE,0.0,0.0,0.0,0.4,0.4,0.4,76.34,0.36,108800,0,0,0.0,0,F1,6400,,,,,
2026-02-18,2026-02-18,FO,NSE,STO,121195,,NHPC,,2026-02-24,2026-02-24,84.0,PE,NHPC26FEB84PE,0.0,0.0,0.0,6.98,6.98,6.98,76.34,7.59,140800,0,0,0.0,0,F1,6400,,,,,
2026-02-18,2026-02-18,FO,NSE,STO,121119,,NHPC,,2026-02-24,2026-02-24,66.0,PE,NHPC26FEB66PE,0.01,0.01,0.01,0.01,0.01,0.03,76.34,0.01,512000,0,2,844928.0,2,F1,6400,,,,,
2026-02-18,2026-02-18,FO,NSE,STO,145167,,NHPC,,2026-04-28,2026-04-28,82.0,CE,NHPC26APR82CE,0.0,0.0,0.0,3.17,0.0,3.17,76.34,2.08,0,0,0,0.0,0,F1,6400,,,,,
2026-02-18,2026-02-18,FO,NSE,STO,145165,,NHPC,,2026-04-28,2026-04-28,80.0,CE,NHPC26APR80CE,0.0,0.0,0.0,3.83,0.0,3.83,76.34,2.73,0,0,0,0.0,0,F1,6400,,,,,
2026-02-18,2026-02-18,FO,NSE,STO,145115,,NHPC,,2026-03-30,2026-03-30,87.0,CE,NHPC26MAR87CE,0.0,0.0,0.0,1.3,1.3,1.3,76.34,0.38,6400,0,0,0.0,0,F1,6400,,,,,
2026-02-18,2026-02-18,FO,NSE,STO,143636,,NHPC,,2026-03-30,2026-03-30,78.0,CE,NHPC26MAR78CE,2.36,2.4,2.29,2.3,2.29,2.62,76.34,2.3,544000,0,12,6170112.0,11,F1,6400,,,,,
2026-02-18,2026-02-18,FO,NSE,STO,143536,,NHPC,,2026-02-24,2026-02-24,77.0,CE,NHPC26FEB77CE,1.0,1.08,0.64,0.69,0.66,1.11,76.34,0.69,2419200,-6400,570,283750336.0,497,F1,6400,,,,,
2026-02-18,2026-02-18,FO,NSE,STO,143554,,NHPC,,2026-02-24,2026-02-24,95.0,CE,NHPC26FEB95CE,0.03,0.03,0.01,0.01,0.01,0.03,76.34,0.01,1331200,-1452800,299,181812160.0,35,F1,6400,,,,,
2026-02-18,2026-02-18,FO,NSE,STO,143632,,NHPC,,2026-03-30,2026-03-30,74.0,CE,NHPC26MAR74CE,0.0,0.0,0.0,8.68,0.0,8.68,76.34,4.53,0,0,0,0.0,0,F1,6400,,,,,
2026-02-18,2026-02-18,FO,NSE,STO,121182,,NHPC,,2026-02-24,2026-02-24,82.0,PE,NHPC26FEB82PE,0.0,0.0,0.0,4.83,4.83,4.83,76.34,5.62,320000,0,0,0.0,0,F1,6400,,,,,
2026-02-18,2026-02-18,FO,NSE,STO,145163,,NHPC,,2026-04-28,2026-04-28,78.0,CE,NHPC26APR78CE,0.0,0.0,0.0,4.6,0.0,4.6,76.34,3.53,0,0,0,0.0,0,F1,6400,,,,,
2026-02-18,2026-02-18,FO,NSE,STO,143544,,NHPC,,2026-02-24,2026-02-24,85.0,CE,NHPC26FEB85CE,0.09,0.09,0.04,0.04,0.04,0.1,76.34,0.04,3712000,-537600,367,199789952.0,177,F1,6400,,,,,
2026-02-18,2026-02-18,FO,NSE,STO,145153,,NHPC,,2026-04-28,2026-04-28,68.0,CE,NHPC26APR68CE,0.0,0.0,0.0,10.15,0.0,10.15,76.34,9.84,0,0,0,0.0,0,F1,6400,,,,,
2026-02-18,2026-02-18,FO,NSE,STO,145047,,NHPC,,2026-03-30,2026-03-30,81.0,CE,NHPC26MAR81CE,1.25,1.31,1.25,1.29,1.27,1.81,76.34,1.29,108800,19200,4,2106368.0,4,F1,6400,,,,,
2026-02-18,2026-02-18,FO,NSE,STF,59431,,NHPC,,2026-02-24,2026-02-24,,,NHPC26FEBFUT,76.79,76.84,76.0,76.39,76.35,76.88,76.34,76.39,86361600,-1971200,1067,521510720.0,981,F1,6400,,,,,
2026-02-18,2026-02-18,FO,NSE,STO,143623,,NHPC,,2026-03-30,2026-03-30,64.0,PE,NHPC26MAR64PE,0.0,0.0,0.0,0.65,0.0,0.65,76.34,0.08,0,0,0,0.0,0,F1,6400,,,,,
2026-02-18,2026-02-18,FO,NSE,STO,145172,,NHPC,,2026-04-28,2026-04-28,86.0,PE,NHPC26APR86PE,0.0,0.0,0.0,11.67,0.0,11.67,76.34,9.92,0,0,0,0.0,0,F1,6400,,,,,
2026-02-18,2026-02-18,FO,NSE,STO,143528,,NHPC,,2026-02-24,2026-02-24,71.0,CE,NHPC26FEB71CE,0.0,0.0,0.0,6.41,6.41,6.41,76.34,5.43,19200,0,0,0.0,0,F1,6400,,,,,
2026-02-18,2026-02-18,FO,NSE,STO,121200,,NHPC,,2026-02-24,2026-02-24,90.0,CE,NHPC26FEB90CE,0.04,0.04,0.02,0.02,0.02,0.04,76.34,0.02,3155200,-448000,164,94496448.0,74,F1,6400,,,,,
2026-02-18,2026-02-18,FO,NSE,STO,121118,,NHPC,,2026-02-24,2026-02-24,66.0,CE,NHPC26FEB66CE,0.0,0.0,0.0,11.81,11.81,11.81,76.34,10.4,19200,0,0,0.0,0,F1,6400,,,,,
2026-02-18,2026-02-18,FO,NSE,STO,143538,,NHPC,,2026-02-24,2026-02-24,79.0,CE,NHPC26FEB79CE,0.47,0.51,0.26,0.28,0.27,0.53,76.34,0.28,8083200,620800,505,256470080.0,392,F1,6400,,,,,
2026-02-18,2026-02-18,FO,NSE,STO,145164,,NHPC,,2026-04-28,2026-04-28,78.0,PE,NHPC26APR78PE,0.0,0.0,0.0,6.26,0.0,6.26,76.34,4.38,0,0,0,0.0,0,F1,6400,,,,,
2026-02-18,2026-02-18,FO,NSE,STO,143755,,NHPC,,2026-03-30,2026-03-30,90.0,PE,NHPC26MAR90PE,0.0,0.0,0.0,12.99,12.99,12.99,76.34,13.3,12800,0,0,0.0,0,F1,6400,,,,,
2026-02-18,2026-02-18,FO,NSE,STO,143647,,NHPC,,2026-03-30,2026-03-30,88.0,PE,NHPC26MAR88PE,0.0,0.0,0.0,10.79,0.0,10.79,76.34,11.43,0,0,0,0.0,0,F1,6400,,,,,
2026-02-18,2026-02-18,FO,NSE,STO,143645,,NHPC,,2026-03-30,2026-03-30,86.0,PE,NHPC26MAR86PE,0.0,0.0,0.0,9.37,0.0,9.37,76.34,9.63,0,0,0,0.0,0,F1,6400,,,,,
2026-02-18,2026-02-18,FO,NSE,STO,145044,,NHPC,,2026-03-30,2026-03-30,77.0,PE,NHPC26MAR77PE,2.9,2.94,2.77,2.83,2.87,4.98,76.34,2.83,115200,115200,27,13798976.0,24,F1,6400,,,,,
2026-02-18,2026-02-18,FO,NSE,STO,121199,,NHPC,,2026-02-24,2026-02-24,88.0,PE,NHPC26FEB88PE,0.0,0.0,0.0,12.16,12.16,12.16,76.34,11.58,0,0,0,0.0,0,F1,6400,,,,,
2026-02-18,2026-02-18,FO,NSE,STO,143545,,NHPC,,2026-02-24,2026-02-24,85.0,PE,NHPC26FEB85PE,8.65,8.65,8.65,8.65,8.65,7.91,76.34,8.59,857600,-6400,1,599360.0,1,F1,6400,,,,,
2026-02-18,2026-02-18,FO,NSE,STO,143531,,NHPC,,2026-02-24,2026-02-24,73.0,PE,NHPC26FEB73PE,0.13,0.16,0.08,0.08,0.08,0.13,76.34,0.08,4787200,-19200,96,44928704.0,93,F1,6400,,,,,
2026-02-18,2026-02-18,FO,NSE,STO,145171,,NHPC,,2026-04-28,2026-04-28,86.0,CE,NHPC26APR86CE,0.0,0.0,0.0,2.13,0.0,2.13,76.34,1.15,0,0,0,0.0,0,F1,6400,,,,,
2026-02-18,2026-02-18,FO,NSE,STO,145113,,NHPC,,2026-03-30,2026-03-30,85.0,CE,NHPC26MAR85CE,0.71,0.71,0.61,0.62,0.63,0.79,76.34,0.62,1088000,262400,93,50983488.0,55,F1,6400,,,,,
2026-02-18,2026-02-18,FO,NSE,STO,143642,,NHPC,,2026-03-30,2026-03-30,84.0,CE,NHPC26MAR84CE,0.0,0.0,0.0,0.9,0.9,0.9,76.34,0.77,38400,0,0,0.0,0,F1,6400,,,,,
2026-02-18,2026-02-18,FO,NSE,STO,143640,,NHPC,,2026-03-30,2026-03-30,82.0,CE,NHPC26MAR82CE,1.25,1.25,1.04,1.04,1.04,1.25,76.34,1.04,281600,25600,30,15954752.0,14,F1,6400,,,,,
2026-02-18,2026-02-18,FO,NSE,STO,143631,,NHPC,,2026-03-30,2026-03-30,72.0,PE,NHPC26MAR72PE,1.0,1.01,0.93,0.97,0.97,0.91,76.34,1.11,768000,89600,28,13074496.0,18,F1,6400,,,,,
2026-02-18,2026-02-18,FO,NSE,STO,143763,,NHPC,,2026-03-30,2026-03-30,92.0,PE,NHPC26MAR92PE,0.0,0.0,0.0,13.86,0.0,13.86,76.34,15.21,0,0,0,0.0,0,F1,6400,,,,,
2026-02-18,2026-02-18,FO,NSE,STO,121122,,NHPC,,2026-02-24,2026-02-24,68.0,CE,NHPC26FEB68CE,0.0,0.0,0.0,10.9,10.9,10.9,76.34,8.4,6400,0,0,0.0,0,F1,6400,,,,,
2026-02-18,2026-02-18,FO,NSE,STO,121198,,NHPC,,2026-02-24,2026-02-24,88.0,CE,NHPC26FEB88CE,0.05,0.05,0.03,0.03,0.03,0.07,76.34,0.03,1484800,-96000,30,16902720.0,22,F1,6400,,,,,
2026-02-18,2026-02-18,FO,NSE,STO,145029,,NHPC,,2026-03-30,2026-03-30,67.0,CE,NHPC26MAR67CE,0.0,0.0,0.0,9.98,0.0,9.98,76.34,10.0,0,0,0,0.0,0,F1,6400,,,,,
2026-02-18,2026-02-18,FO,NSE,STO,143648,,NHPC,,2026-03-30,2026-03-30,90.0,CE,NHPC26MAR90CE,0.38,0.38,0.3,0.3,0.3,0.39,76.34,0.3,921600,32000,19,10984640.0,19,F1,6400,,,,,
2026-02-18,2026-02-18,FO,NSE,STO,143477,,NHPC,,2026-02-24,2026-02-24,67.0,PE,NHPC26FEB67PE,0.0,0.0,0.0,0.57,0.0,0.57,76.34,0.01,0,0,0,0.0,0,F1,6400,,,,,
2026-02-18,2026-02-18,FO,NSE,STO,143527,,NHPC,,2026-02-24,2026-02-24,69.0,PE,NHPC26FEB69PE,0.0,0.0,0.0,0.05,0.05,0.05,76.34,0.01,204800,0,0,0.0,0,F1,6400,,,,,
2026-02-18,2026-02-18,FO,NSE,STO,143529,,NHPC,,2026-02-24,2026-02-24,71.0,PE,NHPC26FEB71PE,0.04,0.07,0.04,0.04,0.04,0.07,76.34,0.04,377600,-51200,25,11369216.0,24,F1,6400,,,,,
2026-02-18,2026-02-18,FO,NSE,STO,143537,,NHPC,,2026-02-24,2026-02-24,77.0,PE,NHPC26FEB77PE,1.36,1.61,1.17,1.3,1.32,1.22,76.34,1.3,1536000,108800,87,43616320.0,86,F1,6400,,,,,
2026-02-18,2026-02-18,FO,NSE,STO,143547,,NHPC,,2026-02-24,2026-02-24,87.0,PE,NHPC26FEB87PE,0.0,0.0,0.0,10.16,10.16,10.16,76.34,10.58,25600,0,0,0.0,0,F1,6400,,,,,
2026-02-18,2026-02-18,FO,NSE,STO,145036,,NHPC,,2026-03-30,2026-03-30,73.0,PE,NHPC26MAR73PE,1.19,1.2,1.17,1.18,1.2,1.14,76.34,1.18,505600,12800,7,3323584.0,7,F1,6400,,,,,
2026-02-18,2026-02-18,FO,NSE,STO,145030,,NHPC,,2026-03-30,2026-03-30,67.0,PE,NHPC26MAR67PE,0.0,0.0,0.0,1.14,0.0,1.14,76.34,0.26,0,0,0,0.0,0,F1,6400,,,,,
2026-02-18,2026-02-18,FO,NSE,STO,145156,,NHPC,,2026-04-28,2026-04-28,70.0,PE,NHPC26APR70PE,0.0,0.0,0.0,2.59,0.0,2.59,76.34,1.22,0,0,0,0.0,0,F1,6400,,,,,
2026-02-18,2026-02-18,FO,NSE,STO,121196,,NHPC,,2026-02-24,2026-02-24,86.0,CE,NHPC26FEB86CE,0.07,0.07,0.04,0.04,0.04,0.09,76.34,0.04,678400,-166400,54,29739584.0,38,F1,6400,,,,,
2026-02-18,2026-02-18,FO,NSE,STO,145035,,NHPC,,2026-03-30,2026-03-30,73.0,CE,NHPC26MAR73CE,0.0,0.0,0.0,5.92,0.0,5.92,76.34,5.18,0,0,0,0.0,0,F1,6400,,,,,
2026-02-18,2026-02-18,FO,NSE,STO,145169,,NHPC,,2026-04-28,2026-04-28,84.0,CE,NHPC26APR84CE,0.0,0.0,0.0,2.6,0.0,2.6,76.34,1.56,0,0,0,0.0,0,F1,6400,,,,,
2026-02-18,2026-02-18,FO,NSE,STO,143543,,NHPC,,2026-02-24,2026-02-24,83.0,PE,NHPC26FEB83PE,6.39,6.61,6.39,6.61,6.61,6.25,76.34,6.6,192000,6400,2,1145600.0,2,F1,6400,,,,,
2026-02-18,2026-02-18,FO,NSE,STO,121146,,NHPC,,2026-02-24,2026-02-24,70.0,CE,NHPC26FEB70CE,6.5,6.53,6.3,6.41,6.39,7.4,76.34,6.41,153600,-19200,11,5380416.0,9,F1,6400,,,,,
2026-02-18,2026-02-18,FO,NSE,STF,66909,,NHPC,,2026-04-28,2026-04-28,,,NHPC26APRFUT,77.6,77.6,77.07,77.32,77.31,77.81,76.34,77.32,1222400,70400,26,12863680.0,25,F1,6400,,,,,
2026-02-18,2026-02-18,FO,NSE,STO,145037,,NHPC,,2026-03-30,2026-03-30,75.0,CE,NHPC26MAR75CE,3.8,3.86,3.65,3.85,3.86,4.58,76.34,3.85,76800,51200,12,6048320.0,12,F1,6400,,,,,
2026-02-18,2026-02-18,FO,NSE,STO,143629,,NHPC,,2026-03-30,2026-03-30,70.0,PE,NHPC26MAR70PE,0.6,0.63,0.56,0.59,0.6,0.58,76.34,0.59,236800,6400,17,7680896.0,16,F1,6400,,,,,
2026-02-18,2026-02-18,FO,NSE,STO,145032,,NHPC,,2026-03-30,2026-03-30,69.0,PE,NHPC26MAR69PE,0.0,0.0,0.0,1.63,0.0,1.63,76.34,0.49,0,0,0,0.0,0,F1,6400,,,,,
2026-02-18,2026-02-18,FO,NSE,STO,143541,,NHPC,,2026-02-24,2026-02-24,81.0,PE,NHPC26FEB81PE,0.0,0.0,0.0,3.91,3.91,3.91,76.34,4.67,473600,0,0,0.0,0,F1,6400,,,,,
2026-02-18,2026-02-18,FO,NSE,STO,121155,,NHPC,,2026-02-24,2026-02-24,74.0,PE,NHPC26FEB74PE,0.24,0.3,0.16,0.17,0.18,0.24,76.34,0.17,3264000,160000,100,47496000.0,80,F1,6400,,,,,
2026-02-18,2026-02-18,FO,NSE,STO,121115,,NHPC,,2026-02-24,2026-02-24,64.0,PE,NHPC26FEB64PE,0.01,0.01,0.01,0.01,0.01,0.01,76.34,0.01,224000,-51200,10,4096640.0,10,F1,6400,,,,,
2026-02-18,2026-02-18,FO,NSE,STO,145161,,NHPC,,2026-04-28,2026-04-28,76.0,CE,NHPC26APR76CE,0.0,0.0,0.0,5.47,0.0,5.47,76.34,4.48,0,0,0,0.0,0,F1,6400,,,,,
2026-02-18,2026-02-18,FO,NSE,STO,143766,,NHPC,,2026-03-30,2026-03-30,96.0,CE,NHPC26MAR96CE,0.17,0.17,0.16,0.16,0.16,0.63,76.34,0.03,89600,-6400,2,1230912.0,2,F1,6400,,,,,
2026-02-18,2026-02-18,FO,NSE,STO,145168,,NHPC,,2026-04-28,2026-04-28,82.0,PE,NHPC26APR82PE,0.0,0.0,0.0,8.77,0.0,8.77,76.34,6.89,0,0,0,0.0,0,F1,6400,,,,,
2026-02-18,2026-02-18,FO,NSE,STO,143630,,NHPC,,2026-03-30,2026-03-30,72.0,CE,NHPC26MAR72CE,0.0,0.0,0.0,9.98,0.0,9.98,76.34,5.88,0,0,0,0.0,0,F1,6400,,,,,
2026-02-18,2026-02-18,FO,NSE,STO,121233,,NHPC,,2026-02-24,2026-02-24,96.0,CE,NHPC26FEB96CE,0.01,0.01,0.01,0.01,0.01,0.01,76.34,0.01,697600,-12800,2,1228928.0,2,F1,6400,,,,,
2026-02-18,2026-02-18,FO,NSE,STO,121160,,NHPC,,2026-02-24,2026-02-24,76.0,CE,NHPC26FEB76CE,1.62,1.62,1.05,1.13,1.1,1.62,76.34,1.13,2304000,844800,488,241070528.0,453,F1,6400,,,,,
2026-02-18,2026-02-18,FO,NSE,STO,121197,,NHPC,,2026-02-24,2026-02-24,86.0,PE,NHPC26FEB86PE,0.0,0.0,0.0,9.08,9.08,9.08,76.34,9.58,0,0,0,0.0,0,F1,6400,,,,,
2026-02-18,2026-02-18,FO,NSE,STO,145046,,NHPC,,2026-03-30,2026-03-30,79.0,PE,NHPC26MAR79PE,0.0,0.0,0.0,3.99,3.99,3.99,76.34,4.24,6400,0,0,0.0,0,F1,6400,,,,,
2026-02-18,2026-02-18,FO,NSE,STO,143641,,NHPC,,2026-03-30,2026-03-30,82.0,PE,NHPC26MAR82PE,0.0,0.0,0.0,6.82,0.0,6.82,76.34,6.33,0,0,0,0.0,0,F1,6400,,,,,
2026-02-18,2026-02-18,FO,NSE,STO,143643,,NHPC,,2026-03-30,2026-03-30,84.0,PE,NHPC26MAR84PE,0.0,0.0,0.0,8.05,0.0,8.05,76.34,7.92,0,0,0,0.0,0,F1,6400,,,,,
2026-02-18,2026-02-18,FO,NSE,STO,143530,,NHPC,,2026-02-24,2026-02-24,73.0,CE,NHPC26FEB73CE,3.57,3.57,3.36,3.39,3.37,4.6,76.34,3.39,89600,25600,5,2445632.0,5,F1,6400,,,,,
2026-02-18,2026-02-18,FO,NSE,STO,121154,,NHPC,,2026-02-24,2026-02-24,74.0,CE,NHPC26FEB74CE,2.57,2.69,2.49,2.63,2.5,3.53,76.34,2.63,480000,70400,86,42165888.0,76,F1,6400,,,,,
2026-02-18,2026-02-18,FO,NSE,STO,143542,,NHPC,,2026-02-24,2026-02-24,83.0,CE,NHPC26FEB83CE,0.17,0.17,0.09,0.09,0.09,0.16,76.34,0.09,7628800,-172800,491,261173696.0,319,F1,6400,,,,,
2026-02-18,2026-02-18,FO,NSE,STO,145033,,NHPC,,2026-03-30,2026-03-30,71.0,CE,NHPC26MAR71CE,0.0,0.0,0.0,7.14,0.0,7.14,76.34,6.63,0,0,0,0.0,0,F1,6400,,,,,
2026-02-18,2026-02-18,FO,NSE,STO,145050,,NHPC,,2026-03-30,2026-03-30,83.0,CE,NHPC26MAR83CE,1.01,1.06,0.89,0.89,0.89,1.07,76.34,0.89,601600,51200,20,10750336.0,20,F1,6400,,,,,
2026-02-18,2026-02-18,FO,NSE,STO,121149,,NHPC,,2026-02-24,2026-02-24,72.0,PE,NHPC26FEB72PE,0.09,0.09,0.04,0.04,0.04,0.08,76.34,0.04,1196800,-217600,110,50742784.0,82,F1,6400,,,,,
2026-02-18,2026-02-18,FO,NSE,STO,121168,,NHPC,,2026-02-24,2026-02-24,78.0,PE,NHPC26FEB78PE,2.2,2.35,1.88,1.94,2.01,1.85,76.34,1.94,1228800,-89600,23,11793408.0,14,F1,6400,,,,,
2026-02-18,2026-02-18,FO,NSE,STO,145188,,NHPC,,2026-04-28,2026-04-28,92.0,CE,NHPC26APR92CE,0.0,0.0,0.0,1.11,0.0,1.11,76.34,0.42,0,0,0,0.0,0,F1,6400,,,,,
2026-02-18,2026-02-18,FO,NSE,STO,121123,,NHPC,,2026-02-24,2026-02-24,68.0,PE,NHPC26FEB68PE,0.15,0.15,0.03,0.03,0.03,0.03,76.34,0.03,1094400,-6400,7,3049280.0,7,F1,6400,,,,,
2026-02-18,2026-02-18,FO,NSE,STO,148655,,PAYTM,,2026-04-28,2026-04-28,1080.0,PE,PAYTM26APR1080PE,0.0,0.0,0.0,78.35,0.0,78.35,1199.55,34.4,0,0,0,0.0,0,F1,725,,,,,
2026-02-18,2026-02-18,FO,NSE,STO,148656,,PAYTM,,2026-04-28,2026-04-28,1120.0,CE,PAYTM26APR1120CE,0.0,0.0,0.0,138.7,0.0,138.7,1199.55,138.8,0,0,0,0.0,0,F1,725,,,,,
2026-02-18,2026-02-18,FO,NSE,STO,148622,,PAYTM,,2026-03-30,2026-03-30,1300.0,CE,PAYTM26MAR1300CE,20.35,25.5,18.65,24.05,24.0,19.5,1199.55,24.05,272600,75400,707,678198458.75,546,F1,725,,,,,
2026-02-18,2026-02-18,FO,NSE,STO,125046,,PAYTM,,2026-02-24,2026-02-24,1400.0,CE,PAYTM26FEB1400CE,0.95,1.15,0.6,0.75,0.65,1.05,1199.55,0.75,450225,-1450,715,726148255.0,468,F1,725,,,,,
2026-02-18,2026-02-18,FO,NSE,STO,125026,,PAYTM,,2026-02-24,2026-02-24,1000.0,CE,PAYTM26FEB1000CE,182.5,196.0,182.5,196.0,196.0,166.0,1199.55,200.45,22475,-2175,5,4320275.0,5,F1,725,,,,,
2026-02-18,2026-02-18,FO,NSE,STO,148610,,PAYTM,,2026-03-30,2026-03-30,1060.0,CE,PAYTM26MAR1060CE,0.0,0.0,0.0,120.0,120.0,120.0,1199.55,161.5,725,0,0,0.0,0,F1,725,,,,,
2026-02-18,2026-02-18,FO,NSE,STO,148375,,PAYTM,,2026-03-30,2026-03-30,1200.0,CE,PAYTM26MAR1200CE,51.0,62.25,48.3,60.15,59.45,49.45,1199.55,60.15,231275,76125,669,609953012.5,580,F1,725,,,,,
2026-02-18,2026-02-18,FO,NSE,STO,148379,,PAYTM,,2026-03-30,2026-03-30,1280.0,CE,PAYTM26MAR1280CE,30.1,30.1,26.55,29.3,29.0,23.65,1199.55,29.3,7975,2175,21,19924486.25,21,F1,725,,,,,
2026-02-18,2026-02-18,FO,NSE,STO,148624,,PAYTM,,2026-03-30,2026-03-30,1340.0,CE,PAYTM26MAR1340CE,15.5,15.7,14.5,15.6,15.6,38.95,1199.55,15.6,10875,10875,20,19649783.75,20,F1,725,,,,,
2026-02-18,2026-02-18,FO,NSE,STO,148658,,PAYTM,,2026-04-28,2026-04-28,1160.0,CE,PAYTM26APR1160CE,0.0,0.0,0.0,119.85,0.0,119.85,1199.55,115.3,0,0,0,0.0,0,F1,725,,,,,
2026-02-18,2026-02-18,FO,NSE,STO,125029,,PAYTM,,2026-02-24,2026-02-24,1040.0,PE,PAYTM26FEB1040PE,1.55,1.6,1.05,1.15,1.25,1.95,1199.55,1.15,172550,-17400,290,218935137.5,248,F1,725,,,,,
2026-02-18,2026-02-18,FO,NSE,STO,125039,,PAYTM,,2026-02-24,2026-02-24,1240.0,PE,PAYTM26FEB1240PE,72.4,72.85,48.0,49.25,50.4,76.8,1199.55,49.25,119625,41325,310,291394537.5,298,F1,725,,,,,
2026-02-18,2026-02-18,FO,NSE,STO,125043,,PAYTM,,2026-02-24,2026-02-24,1320.0,PE,PAYTM26FEB1320PE,0.0,0.0,0.0,149.35,149.35,149.35,1199.55,120.45,22475,0,0,0.0,0,F1,725,,,,,
2026-02-18,2026-02-18,FO,NSE,STO,125075,,PAYTM,,2026-02-24,2026-02-24,1560.0,PE,PAYTM26FEB1560PE,0.0,0.0,0.0,438.9,438.9,438.9,1199.55,359.05,19575,0,0,0.0,0,F1,725,,,,,
2026-02-18,2026-02-18,FO,NSE,STO,148595,,PAYTM,,2026-03-30,2026-03-30,1020.0,PE,PAYTM26MAR1020PE,10.35,10.35,7.55,7.55,7.55,10.6,1199.55,9.05,20300,-2175,19,14171430.0,18,F1,725,,,,,
2026-02-18,2026-02-18,FO,NSE,STO,148623,,PAYTM,,2026-03-30,2026-03-30,1300.0,PE,PAYTM26MAR1300PE,124.0,124.0,117.6,118.0,118.0,152.0,1199.55,126.25,11600,8700,13,13384805.0,13,F1,725,,,,,
2026-02-18,2026-02-18,FO,NSE,STO,148680,,PAYTM,,2026-04-28,2026-04-28,1240.0,PE,PAYTM26APR1240PE,0.0,0.0,0.0,164.45,0.0,164.45,1199.55,104.55,0,0,0,0.0,0,F1,725,,,,,
2026-02-18,2026-02-18,FO,NSE,STO,148362,,PAYTM,,2026-03-30,2026-03-30,920.0,PE,PAYTM26MAR920PE,0.0,0.0,0.0,10.25,0.0,10.25,1199.55,1.6,0,0,0,0.0,0,F1,725,,,,,
2026-02-18,2026-02-18,FO,NSE,STO,148326,,PAYTM,,2026-02-24,2026-02-24,1180.0,PE,PAYTM26FEB1180PE,25.0,30.65,12.05,13.7,14.0,30.4,1199.55,13.7,613350,172550,4189,3638686767.5,3488,F1,725,,,,,
2026-02-18,2026-02-18,FO,NSE,STO,148710,,PAYTM,,2026-04-28,2026-04-28,1280.0,CE,PAYTM26APR1280CE,0.0,0.0,0.0,75.25,0.0,75.25,1199.55,61.8,0,0,0,0.0,0,F1,725,,,,,
2026-02-18,2026-02-18,FO,NSE,STO,148377,,PAYTM,,2026-03-30,2026-03-30,1240.0,CE,PAYTM26MAR1240CE,33.25,43.7,33.25,40.7,42.0,33.25,1199.55,40.7,65250,33350,200,185825293.75,121,F1,725,,,,,
2026-02-18,2026-02-18,FO,NSE,STO,148337,,PAYTM,,2026-02-24,2026-02-24,1420.0,CE,PAYTM26FEB1420CE,0.7,0.95,0.55,0.55,0.55,0.9,1199.55,0.55,50750,-5800,87,89613262.5,73,F1,725,,,,,
2026-02-18,2026-02-18,FO,NSE,STO,148323,,PAYTM,,2026-02-24,2026-02-24,1140.0,CE,PAYTM26FEB1140CE,48.15,65.0,41.95,63.75,62.2,44.35,1199.55,63.75,424125,-107300,949,822987701.25,819,F1,725,,,,,
2026-02-18,2026-02-18,FO,NSE,STO,148321,,PAYTM,,2026-02-24,2026-02-24,1100.0,CE,PAYTM26FEB1100CE,79.6,102.85,77.1,100.55,100.15,77.65,1199.55,100.55,145000,-101500,874,757619961.25,600,F1,725,,,,,
2026-02-18,2026-02-18,FO,NSE,STO,125028,,PAYTM,,2026-02-24,2026-02-24,1040.0,CE,PAYTM26FEB1040CE,0.0,0.0,0.0,127.4,127.4,127.4,1199.55,160.6,31175,0,0,0.0,0,F1,725,,,,,
2026-02-18,2026-02-18,FO,NSE,STO,125024,,PAYTM,,2026-02-24,2026-02-24,960.0,CE,PAYTM26FEB960CE,0.0,0.0,0.0,148.25,148.25,148.25,1199.55,240.4,725,0,0,0.0,0,F1,725,,,,,
2026-02-18,2026-02-18,FO,NSE,STO,148615,,PAYTM,,2026-03-30,2026-03-30,1140.0,PE,PAYTM26MAR1140PE,36.1,36.1,28.35,29.0,29.0,40.5,1199.55,38.0,36250,10875,74,62797252.5,53,F1,725,,,,,
2026-02-18,2026-02-18,FO,NSE,STO,148713,,PAYTM,,2026-04-28,2026-04-28,1320.0,PE,PAYTM26APR1320PE,0.0,0.0,0.0,218.85,0.0,218.85,1199.55,155.95,0,0,0,0.0,0,F1,725,,,,,
2026-02-18,2026-02-18,FO,NSE,STO,148331,,PAYTM,,2026-02-24,2026-02-24,1300.0,CE,PAYTM26FEB1300CE,3.2,4.15,2.1,2.7,2.6,3.0,1199.55,2.7,1513800,-123250,2590,2446514711.25,1860,F1,725,,,,,
2026-02-18,2026-02-18,FO,NSE,STO,148649,,PAYTM,,2026-04-28,2026-04-28,960.0,PE,PAYTM26APR960PE,0.0,0.0,0.0,36.45,0.0,36.45,1199.55,10.0,0,0,0,0.0,0,F1,725,,,,,
2026-02-18,2026-02-18,FO,NSE,STO,148620,,PAYTM,,2026-03-30,2026-03-30,1260.0,CE,PAYTM26MAR1260CE,31.0,36.75,27.6,35.05,35.0,28.15,1199.55,35.05,31900,8700,82,76899155.0,74,F1,725,,,,,
2026-02-18,2026-02-18,FO,NSE,STO,148650,,PAYTM,,2026-04-28,2026-04-28,1000.0,CE,PAYTM26APR1000CE,0.0,0.0,0.0,208.3,0.0,208.3,1199.55,225.75,0,0,0,0.0,0,F1,725,,,,,
2026-02-18,2026-02-18,FO,NSE,STO,148712,,PAYTM,,2026-04-28,2026-04-28,1320.0,CE,PAYTM26APR1320CE,0.0,0.0,0.0,63.9,0.0,63.9,1199.55,49.15,0,0,0,0.0,0,F1,725,,,,,
2026-02-18,2026-02-18,FO,NSE,STO,148384,,PAYTM,,2026-03-30,2026-03-30,1360.0,PE,PAYTM26MAR1360PE,0.0,0.0,0.0,154.0,154.0,154.0,1199.55,172.4,2175,0,0,0.0,0,F1,725,,,,,
2026-02-18,2026-02-18,FO,NSE,STO,148625,,PAYTM,,2026-03-30,2026-03-30,1340.0,PE,PAYTM26MAR1340PE,142.55,142.55,142.55,142.55,142.55,220.1,1199.55,142.55,725,725,1,1074848.75,1,F1,725,,,,,
2026-02-18,2026-02-18,FO,NSE,STO,148370,,PAYTM,,2026-03-30,2026-03-30,1080.0,PE,PAYTM26MAR1080PE,15.9,16.65,13.55,13.7,14.0,22.0,1199.55,13.7,35525,32625,66,52431202.5,60,F1,725,,,,,
2026-02-18,2026-02-18,FO,NSE,STO,148611,,PAYTM,,2026-03-30,2026-03-30,1060.0,PE,PAYTM26MAR1060PE,13.15,14.1,10.8,11.1,11.1,17.35,1199.55,11.1,101500,26825,171,133010928.75,126,F1,725,,,,,
2026-02-18,2026-02-18,FO,NSE,STO,148334,,PAYTM,,2026-02-24,2026-02-24,1340.0,PE,PAYTM26FEB1340PE,160.9,160.9,140.95,143.05,142.5,217.65,1199.55,143.05,197200,-7250,45,48568692.5,44,F1,725,,,,,
2026-02-18,2026-02-18,FO,NSE,STO,125025,,PAYTM,,2026-02-24,2026-02-24,960.0,PE,PAYTM26FEB960PE,0.55,0.6,0.5,0.5,0.5,0.85,1199.55,0.5,40600,-2175,13,9052893.75,12,F1,725,,,,,
2026-02-18,2026-02-18,FO,NSE,STO,148651,,PAYTM,,2026-04-28,2026-04-28,1000.0,PE,PAYTM26APR1000PE,0.0,0.0,0.0,48.2,0.0,48.2,1199.55,15.85,0,0,0,0.0,0,F1,725,,,,,
2026-02-18,2026-02-18,FO,NSE,STO,125038,,PAYTM,,2026-02-24,2026-02-24,1240.0,CE,PAYTM26FEB1240CE,8.0,11.5,6.0,8.35,8.05,7.5,1199.55,8.35,890300,252300,7585,6867021541.25,6134,F1,725,,,,,
2026-02-18,2026-02-18,FO,NSE,STO,148325,,PAYTM,,2026-02-24,2026-02-24,1180.0,CE,PAYTM26FEB1180CE,24.0,35.4,20.45,31.45,31.45,22.65,1199.55,31.45,672075,-384975,7300,6397618986.25,5982,F1,725,,,,,
2026-02-18,2026-02-18,FO,NSE,STF,52000,,PAYTM,,2026-03-30,2026-03-30,,,PAYTM26MARFUT,1182.6,1209.3,1177.5,1206.2,1205.9,1178.1,1199.55,1206.2,3261050,1278900,3454,3001621220.0,3161,F1,725,,,,,
2026-02-18,2026-02-18,FO,NSE,STO,148594,,PAYTM,,2026-03-30,2026-03-30,1020.0,CE,PAYTM26MAR1020CE,0.0,0.0,0.0,175.35,0.0,175.35,1199.55,194.7,0,0,0,0.0,0,F1,725,,,,,
2026-02-18,2026-02-18,FO,NSE,STO,125041,,PAYTM,,2026-02-24,2026-02-24,1280.0,PE,PAYTM26FEB1280PE,99.0,99.0,82.85,84.0,85.6,112.2,1199.55,84.0,42050,-2900,64,63605808.75,64,F1,725,,,,,
2026-02-18,2026-02-18,FO,NSE,STO,148543,,PAYTM,,2026-03-30,2026-03-30,940.0,PE,PAYTM26MAR940PE,3.0,3.0,3.0,3.0,3.0,19.75,1199.55,2.35,725,725,1,683675.0,1,F1,725,,,,,
2026-02-18,2026-02-18,FO,NSE,STO,148376,,PAYTM,,2026-03-30,2026-03-30,1200.0,PE,PAYTM26MAR1200PE,65.5,65.5,51.8,53.45,53.4,68.3,1199.55,53.45,135575,64525,171,155878298.75,162,F1,725,,,,,
2026-02-18,2026-02-18,FO,NSE,STO,148382,,PAYTM,,2026-03-30,2026-03-30,1320.0,PE,PAYTM26MAR1320PE,0.0,0.0,0.0,130.0,130.0,130.0,1199.55,140.95,3625,0,0,0.0,0,F1,725,,,,,
2026-02-18,2026-02-18,FO,NSE,STO,148648,,PAYTM,,2026-04-28,2026-04-28,960.0,CE,PAYTM26APR960CE,0.0,0.0,0.0,235.95,0.0,235.95,1199.55,259.5,0,0,0,0.0,0,F1,725,,,,,
2026-02-18,2026-02-18,FO,NSE,STO,148309,,PAYTM,,2026-02-24,2026-02-24,940.0,CE,PAYTM26FEB940CE,0.0,0.0,0.0,368.05,0.0,368.05,1199.55,260.4,0,0,0,0.0,0,F1,725,,,,,
2026-02-18,2026-02-18,FO,NSE,STO,148327,,PAYTM,,2026-02-24,2026-02-24,1220.0,CE,PAYTM26FEB1220CE,18.65,18.65,8.9,13.55,13.25,10.75,1199.55,13.55,732250,-121800,9270,8288900495.0,7830,F1,725,,,,,
2026-02-18,2026-02-18,FO,NSE,STO,148715,,PAYTM,,2026-04-28,2026-04-28,1360.0,PE,PAYTM26APR1360PE,0.0,0.0,0.0,248.5,0.0,248.5,1199.55,185.1,0,0,0,0.0,0,F1,725,,,,,
2026-02-18,2026-02-18,FO,NSE,STO,148654,,PAYTM,,2026-04-28,2026-04-28,1080.0,CE,PAYTM26APR1080CE,0.0,0.0,0.0,159.7,0.0,159.7,1199.55,165.15,0,0,0,0.0,0,F1,725,,,,,
2026-02-18,2026-02-18,FO,NSE,STO,148714,,PAYTM,,2026-04-28,2026-04-28,1360.0,CE,PAYTM26APR1360CE,0.0,0.0,0.0,54.1,0.0,54.1,1199.55,38.7,0,0,0,0.0,0,F1,725,,,,,
2026-02-18,2026-02-18,FO,NSE,STO,125023,,PAYTM,,2026-02-24,2026-02-24,920.0,PE,PAYTM26FEB920PE,0.4,0.5,0.4,0.5,0.5,0.7,1199.55,0.5,152975,-34075,62,41372378.75,15,F1,725,,,,,
2026-02-18,2026-02-18,FO,NSE,STO,125033,,PAYTM,,2026-02-24,2026-02-24,1120.0,PE,PAYTM26FEB1120PE,7.0,8.05,2.8,3.15,3.1,8.05,1199.55,3.15,652500,-12325,3045,2482087452.5,2405,F1,725,,,,,
2026-02-18,2026-02-18,FO,NSE,STO,148324,,PAYTM,,2026-02-24,2026-02-24,1140.0,PE,PAYTM26FEB1140PE,10.0,12.9,4.0,4.6,4.85,12.95,1199.55,4.6,791700,180525,3948,3282683021.25,3391,F1,725,,,,,
2026-02-18,2026-02-18,FO,NSE,STO,148330,,PAYTM,,2026-02-24,2026-02-24,1260.0,PE,PAYTM26FEB1260PE,89.9,92.45,64.3,65.6,67.8,92.55,1199.55,65.6,203725,0,148,143087957.5,148,F1,725,,,,,
2026-02-18,2026-02-18,FO,NSE,STO,125066,,PAYTM,,2026-02-24,2026-02-24,1480.0,PE,PAYTM26FEB1480PE,285.4,285.4,281.5,281.5,281.5,335.1,1199.55,281.5,20300,0,5,6393920.0,2,F1,725,,,,,
2026-02-18,2026-02-18,FO,NSE,STO,148378,,PAYTM,,2026-03-30,2026-03-30,1240.0,PE,PAYTM26MAR1240PE,79.0,79.0,79.0,79.0,79.0,75.45,1199.55,86.55,4350,725,1,956275.0,1,F1,725,,,,,
2026-02-18,2026-02-18,FO,NSE,STO,125035,,PAYTM,,2026-02-24,2026-02-24,1160.0,PE,PAYTM26FEB1160PE,19.0,20.6,6.8,7.7,8.0,20.3,1199.55,7.7,877975,108025,4544,3859450717.5,3840,F1,725,,,,,
2026-02-18,2026-02-18,FO,NSE,STO,148320,,PAYTM,,2026-02-24,2026-02-24,1060.0,PE,PAYTM26FEB1060PE,2.2,2.25,1.3,1.4,1.4,2.5,1199.55,1.4,116000,-5075,326,250910102.5,283,F1,725,,,,,
2026-02-18,2026-02-18,FO,NSE,STO,125027,,PAYTM,,2026-02-24,2026-02-24,1000.0,PE,PAYTM26FEB1000PE,1.25,1.25,0.6,0.75,0.7,1.25,1199.55,0.75,281300,-14500,291,211141315.0,210,F1,725,,,,,
2026-02-18,2026-02-18,FO,NSE,STO,148660,,PAYTM,,2026-04-28,2026-04-28,1200.0,CE,PAYTM26APR1200CE,0.0,0.0,0.0,103.1,0.0,103.1,1199.55,94.7,0,0,0,0.0,0,F1,725,,,,,
2026-02-18,2026-02-18,FO,NSE,STO,148652,,PAYTM,,2026-04-28,2026-04-28,1040.0,CE,PAYTM26APR1040CE,0.0,0.0,0.0,182.85,0.0,182.85,1199.55,194.2,0,0,0,0.0,0,F1,725,,,,,
2026-02-18,2026-02-18,FO,NSE,STO,148646,,PAYTM,,2026-04-28,2026-04-28,920.0,CE,PAYTM26APR920CE,0.0,0.0,0.0,265.55,0.0,265.55,1199.55,295.0,0,0,0,0.0,0,F1,725,,,,,
2026-02-18,2026-02-18,FO,NSE,STO,148381,,PAYTM,,2026-03-30,2026-03-30,1320.0,CE,PAYTM26MAR1320CE,0.0,0.0,0.0,128.95,0.0,128.95,1199.55,28.45,0,0,0,0.0,0,F1,725,,,,,
2026-02-18,2026-02-18,FO,NSE,STO,148616,,PAYTM,,2026-03-30,2026-03-30,1180.0,CE,PAYTM26MAR1180CE,64.95,73.1,58.0,70.55,71.0,57.95,1199.55,70.55,40600,24650,144,130190098.75,120,F1,725,,,,,
2026-02-18,2026-02-18,FO,NSE,STO,125030,,PAYTM,,2026-02-24,2026-02-24,1080.0,CE,PAYTM26FEB1080CE,96.05,122.05,96.05,119.7,122.05,93.85,1199.55,119.7,64525,8700,34,29406000.0,32,F1,725,,,,,
2026-02-18,2026-02-18,FO,NSE,STO,148612,,PAYTM,,2026-03-30,2026-03-30,1100.0,CE,PAYTM26MAR1100CE,120.0,125.0,120.0,125.0,125.0,108.0,1199.55,125.0,7250,0,2,1772625.0,2,F1,725,,,,,
2026-02-18,2026-02-18,FO,NSE,STO,148563,,PAYTM,,2026-03-30,2026-03-30,980.0,CE,PAYTM26MAR980CE,0.0,0.0,0.0,203.65,0.0,203.65,1199.55,230.25,0,0,0,0.0,0,F1,725,,,,,
2026-02-18,2026-02-18,FO,NSE,STO,148363,,PAYTM,,2026-03-30,2026-03-30,960.0,CE,PAYTM26MAR960CE,0.0,0.0,0.0,363.75,0.0,363.75,1199.55,248.75,0,0,0,0.0,0,F1,725,,,,,
2026-02-18,2026-02-18,FO,NSE,STO,148364,,PAYTM,,2026-03-30,2026-03-30,960.0,PE,PAYTM26MAR960PE,0.0,0.0,0.0,14.9,0.0,14.9,1199.55,3.4,0,0,0,0.0,0,F1,725,,,,,
2026-02-18,2026-02-18,FO,NSE,STO,148386,,PAYTM,,2026-03-30,2026-03-30,1400.0,PE,PAYTM26MAR1400PE,0.0,0.0,0.0,189.0,189.0,189.0,1199.55,206.0,2175,0,0,0.0,0,F1,725,,,,,
2026-02-18,2026-02-18,FO,NSE,STO,148621,,PAYTM,,2026-03-30,2026-03-30,1260.0,PE,PAYTM26MAR1260PE,94.5,94.5,86.0,87.5,86.0,118.0,1199.55,87.5,2175,-1450,4,3917900.0,4,F1,725,,,,,
2026-02-18,2026-02-18,FO,NSE,STO,148310,,PAYTM,,2026-02-24,2026-02-24,940.0,PE,PAYTM26FEB940PE,0.55,0.55,0.4,0.5,0.5,0.7,1199.55,0.5,17400,2175,23,15683018.75,23,F1,725,,,,,
2026-02-18,2026-02-18,FO,NSE,STO,148322,,PAYTM,,2026-02-24,2026-02-24,1100.0,PE,PAYTM26FEB1100PE,4.9,4.95,2.15,2.35,2.45,5.15,1199.55,2.35,971500,-158775,2431,1944047987.5,1706,F1,725,,,,,
2026-02-18,2026-02-18,FO,NSE,STO,125037,,PAYTM,,2026-02-24,2026-02-24,1200.0,PE,PAYTM26FEB1200PE,37.35,43.2,20.65,22.1,22.7,42.25,1199.55,22.1,709050,106575,2315,2059979801.25,1940,F1,725,,,,,
2026-02-18,2026-02-18,FO,NSE,STO,148336,,PAYTM,,2026-02-24,2026-02-24,1380.0,PE,PAYTM26FEB1380PE,0.0,0.0,0.0,147.05,0.0,147.05,1199.55,179.35,0,0,0,0.0,0,F1,725,,,,,
2026-02-18,2026-02-18,FO,NSE,STO,125053,,PAYTM,,2026-02-24,2026-02-24,1400.0,PE,PAYTM26FEB1400PE,0.0,0.0,0.0,250.0,250.0,250.0,1199.55,199.25,18850,0,0,0.0,0,F1,725,,,,,
2026-02-18,2026-02-18,FO,NSE,STO,148657,,PAYTM,,2026-04-28,2026-04-28,1120.0,PE,PAYTM26APR1120PE,0.0,0.0,0.0,96.75,0.0,96.75,1199.55,47.65,0,0,0,0.0,0,F1,725,,,,,
2026-02-18,2026-02-18,FO,NSE,STO,125034,,PAYTM,,2026-02-24,2026-02-24,1160.0,CE,PAYTM26FEB1160CE,35.4,48.5,30.0,46.8,45.55,31.75,1199.55,46.8,848975,-370475,3685,3208825567.5,3011,F1,725,,,,,
2026-02-18,2026-02-18,FO,NSE,STO,125042,,PAYTM,,2026-02-24,2026-02-24,1320.0,CE,PAYTM26FEB1320CE,2.1,3.1,1.55,2.0,1.75,2.4,1199.55,2.0,523450,11600,630,603901510.0,503,F1,725,,,,,
2026-02-18,2026-02-18,FO,NSE,STO,125044,,PAYTM,,2026-02-24,2026-02-24,1360.0,CE,PAYTM26FEB1360CE,1.2,1.75,0.95,1.1,1.1,1.5,1199.55,1.1,203000,14500,419,413506722.5,306,F1,725,,,,,
2026-02-18,2026-02-18,FO,NSE,STO,148361,,PAYTM,,2026-03-30,2026-03-30,920.0,CE,PAYTM26MAR920CE,0.0,0.0,0.0,398.45,0.0,398.45,1199.55,286.65,0,0,0,0.0,0,F1,725,,,,,
2026-02-18,2026-02-18,FO,NSE,STO,148369,,PAYTM,,2026-03-30,2026-03-30,1080.0,CE,PAYTM26MAR1080CE,0.0,0.0,0.0,268.65,0.0,268.65,1199.55,145.95,0,0,0,0.0,0,F1,725,,,,,
2026-02-18,2026-02-18,FO,NSE,STO,148318,,PAYTM,,2026-02-24,2026-02-24,1020.0,PE,PAYTM26FEB1020PE,1.3,1.3,0.85,0.9,0.95,1.55,1199.55,0.9,124700,0,138,102156415.0,107,F1,725,,,,,
2026-02-18,2026-02-18,FO,NSE,STO,148385,,PAYTM,,2026-03-30,2026-03-30,1400.0,CE,PAYTM26MAR1400CE,7.25,9.9,7.25,8.65,8.5,7.65,1199.55,8.65,118175,36975,106,108257217.5,92,F1,725,,,,,
2026-02-18,2026-02-18,FO,NSE,STO,148679,,PAYTM,,2026-04-28,2026-04-28,1240.0,CE,PAYTM26APR1240CE,0.0,0.0,0.0,88.25,0.0,88.25,1199.55,76.95,0,0,0,0.0,0,F1,725,,,,,
2026-02-18,2026-02-18,FO,NSE,STO,148626,,PAYTM,,2026-03-30,2026-03-30,1380.0,CE,PAYTM26MAR1380CE,0.0,0.0,0.0,31.2,0.0,31.2,1199.55,16.8,0,0,0,0.0,0,F1,725,,,,,
2026-02-18,2026-02-18,FO,NSE,STO,125032,,PAYTM,,2026-02-24,2026-02-24,1120.0,CE,PAYTM26FEB1120CE,59.75,83.05,57.5,81.7,80.6,58.65,1199.55,81.7,262450,-131950,496,429562173.75,360,F1,725,,,,,
2026-02-18,2026-02-18,FO,NSE,STO,125036,,PAYTM,,2026-02-24,2026-02-24,1200.0,CE,PAYTM26FEB1200CE,18.0,25.35,13.55,21.05,20.7,15.75,1199.55,21.05,2591875,-104400,20257,17925564897.5,16222,F1,725,,,,,
2026-02-18,2026-02-18,FO,NSE,STO,148329,,PAYTM,,2026-02-24,2026-02-24,1260.0,CE,PAYTM26FEB1260CE,6.25,7.85,4.1,5.35,5.3,5.3,1199.55,5.35,939600,74675,5112,4690672243.75,4014,F1,725,,,,,
2026-02-18,2026-02-18,FO,NSE,STO,148711,,PAYTM,,2026-04-28,2026-04-28,1280.0,PE,PAYTM26APR1280PE,0.0,0.0,0.0,190.85,0.0,190.85,1199.55,129.05,0,0,0,0.0,0,F1,725,,,,,
2026-02-18,2026-02-18,FO,NSE,STO,125069,,PAYTM,,2026-02-24,2026-02-24,1560.0,CE,PAYTM26FEB1560CE,0.35,0.35,0.25,0.25,0.25,0.35,1199.55,0.05,38425,725,23,26018437.5,21,F1,725,,,,,
2026-02-18,2026-02-18,FO,NSE,STO,125067,,PAYTM,,2026-02-24,2026-02-24,1520.0,CE,PAYTM26FEB1520CE,0.5,0.5,0.25,0.3,0.3,0.5,1199.55,0.05,76125,11600,52,57319768.75,27,F1,725,,,,,
2026-02-18,2026-02-18,FO,NSE,STO,148333,,PAYTM,,2026-02-24,2026-02-24,1340.0,CE,PAYTM26FEB1340CE,1.85,2.35,1.15,1.5,1.45,1.85,1199.55,1.5,515475,-60900,884,859840393.75,597,F1,725,,,,,
2026-02-18,2026-02-18,FO,NSE,STO,148315,,PAYTM,,2026-02-24,2026-02-24,1020.0,CE,PAYTM26FEB1020CE,0.0,0.0,0.0,296.2,0.0,296.2,1199.55,180.5,0,0,0,0.0,0,F1,725,,,,,
2026-02-18,2026-02-18,FO,NSE,STO,148366,,PAYTM,,2026-03-30,2026-03-30,1000.0,PE,PAYTM26MAR1000PE,9.6,9.6,5.5,5.5,5.5,8.85,1199.55,5.5,95700,40600,111,81059567.5,72,F1,725,,,,,
2026-02-18,2026-02-18,FO,NSE,STO,148647,,PAYTM,,2026-04-28,2026-04-28,920.0,PE,PAYTM26APR920PE,0.0,0.0,0.0,26.7,0.0,26.7,1199.55,5.95,0,0,0,0.0,0,F1,725,,,,,
2026-02-18,2026-02-18,FO,NSE,STO,148661,,PAYTM,,2026-04-28,2026-04-28,1200.0,PE,PAYTM26APR1200PE,0.0,0.0,0.0,139.9,0.0,139.9,1199.55,82.75,0,0,0,0.0,0,F1,725,,,,,
2026-02-18,2026-02-18,FO,NSE,STO,148328,,PAYTM,,2026-02-24,2026-02-24,1220.0,PE,PAYTM26FEB1220PE,55.25,56.45,32.6,33.95,35.3,59.15,1199.55,33.95,129775,39150,681,621972243.75,638,F1,725,,,,,
2026-02-18,2026-02-18,FO,NSE,STO,125031,,PAYTM,,2026-02-24,2026-02-24,1080.0,PE,PAYTM26FEB1080PE,3.5,3.5,1.7,1.8,1.8,3.5,1199.55,1.8,250850,-36975,795,623755163.75,605,F1,725,,,,,
2026-02-18,2026-02-18,FO,NSE,STO,148716,,PAYTM,,2026-04-28,2026-04-28,1400.0,CE,PAYTM26APR1400CE,0.0,0.0,0.0,45.65,0.0,45.65,1199.55,30.2,0,0,0,0.0,0,F1,725,,,,,
2026-02-18,2026-02-18,FO,NSE,STO,148618,,PAYTM,,2026-03-30,2026-03-30,1220.0,CE,PAYTM26MAR1220CE,43.9,52.65,41.0,50.7,50.35,41.85,1199.55,50.7,42050,33350,136,125219426.25,131,F1,725,,,,,
2026-02-18,2026-02-18,FO,NSE,STO,148365,,PAYTM,,2026-03-30,2026-03-30,1000.0,CE,PAYTM26MAR1000CE,192.0,208.0,190.0,208.0,208.0,184.5,1199.55,212.25,3625,2175,3,2602750.0,3,F1,725,,,,,
2026-02-18,2026-02-18,FO,NSE,STO,148542,,PAYTM,,2026-03-30,2026-03-30,940.0,CE,PAYTM26MAR940CE,0.0,0.0,0.0,234.4,0.0,234.4,1199.55,267.55,0,0,0,0.0,0,F1,725,,,,,
2026-02-18,2026-02-18,FO,NSE,STO,148717,,PAYTM,,2026-04-28,2026-04-28,1400.0,PE,PAYTM26APR1400PE,0.0,0.0,0.0,279.4,0.0,279.4,1199.55,216.15,0,0,0,0.0,0,F1,725,,,,,
2026-02-18,2026-02-18,FO,NSE,STO,125045,,PAYTM,,2026-02-24,2026-02-24,1360.0,PE,PAYTM26FEB1360PE,0.0,0.0,0.0,176.5,176.5,176.5,1199.55,159.5,5800,0,0,0.0,0,F1,725,,,,,
2026-02-18,2026-02-18,FO,NSE,STO,148314,,PAYTM,,2026-02-24,2026-02-24,980.0,PE,PAYTM26FEB980PE,0.65,0.75,0.55,0.7,0.7,1.05,1199.55,0.05,35525,-4350,42,29860901.25,36,F1,725,,,,,
2026-02-18,2026-02-18,FO,NSE,STO,148373,,PAYTM,,2026-03-30,2026-03-30,1160.0,CE,PAYTM26MAR1160CE,69.5,85.25,69.0,84.3,85.25,66.75,1199.55,84.3,61625,0,38,34147826.25,37,F1,725,,,,,
2026-02-18,2026-02-18,FO,NSE,STO,148371,,PAYTM,,2026-03-30,2026-03-30,1120.0,CE,PAYTM26MAR1120CE,105.0,109.4,104.2,106.3,106.3,91.3,1199.55,117.35,13775,725,13,11564873.75,11,F1,725,,,,,
2026-02-18,2026-02-18,FO,NSE,STO,148367,,PAYTM,,2026-03-30,2026-03-30,1040.0,CE,PAYTM26MAR1040CE,165.0,165.0,165.0,165.0,165.0,298.65,1199.55,177.75,725,725,1,873625.0,1,F1,725,,,,,
2026-02-18,2026-02-18,FO,NSE,STO,148339,,PAYTM,,2026-02-24,2026-02-24,1460.0,CE,PAYTM26FEB1460CE,0.6,0.6,0.6,0.6,0.6,0.65,1199.55,0.6,50025,0,5,5294675.0,3,F1,725,,,,,
2026-02-18,2026-02-18,FO,NSE,STF,59442,,PAYTM,,2026-02-24,2026-02-24,,,PAYTM26FEBFUT,1173.7,1201.7,1169.2,1198.8,1197.0,1171.2,1199.55,1198.8,16860600,-1173775,8938,7715890002.5,7529,F1,725,,,,,
2026-02-18,2026-02-18,FO,NSE,STO,148659,,PAYTM,,2026-04-28,2026-04-28,1160.0,PE,PAYTM26APR1160PE,0.0,0.0,0.0,117.3,0.0,117.3,1199.55,63.75,0,0,0,0.0,0,F1,725,,,,,
2026-02-18,2026-02-18,FO,NSE,STF,66963,,PAYTM,,2026-04-28,2026-04-28,,,PAYTM26APRFUT,1189.0,1214.3,1185.3,1212.9,1212.0,1186.1,1199.55,1212.9,83375,0,71,62027882.5,68,F1,725,,,,,
2026-02-18,2026-02-18,FO,NSE,STO,125022,,PAYTM,,2026-02-24,2026-02-24,920.0,CE,PAYTM26FEB920CE,0.0,0.0,0.0,232.6,232.6,232.6,1199.55,280.4,725,0,0,0.0,0,F1,725,,,,,
2026-02-18,2026-02-18,FO,NSE,STO,148617,,PAYTM,,2026-03-30,2026-03-30,1180.0,PE,PAYTM26MAR1180PE,50.0,50.8,43.4,45.0,45.0,95.05,1199.55,45.0,16675,10875,29,25794557.5,28,F1,725,,,,,
2026-02-18,2026-02-18,FO,NSE,STO,148374,,PAYTM,,2026-03-30,2026-03-30,1160.0,PE,PAYTM26MAR1160PE,43.0,43.0,34.4,35.1,35.75,50.05,1199.55,35.1,47125,30450,55,47753756.25,38,F1,725,,,,,
2026-02-18,2026-02-18,FO,NSE,STO,148613,,PAYTM,,2026-03-30,2026-03-30,1100.0,PE,PAYTM26MAR1100PE,25.0,25.5,17.3,17.6,17.7,26.4,1199.55,17.6,127600,23200,189,153531437.5,171,F1,725,,,,,
2026-02-18,2026-02-18,FO,NSE,STO,148368,,PAYTM,,2026-03-30,2026-03-30,1040.0,PE,PAYTM26MAR1040PE,0.0,0.0,0.0,16.35,16.35,16.35,1199.55,11.95,1450,0,0,0.0,0,F1,725,,,,,
2026-02-18,2026-02-18,FO,NSE,STO,148564,,PAYTM,,2026-03-30,2026-03-30,980.0,PE,PAYTM26MAR980PE,0.0,0.0,0.0,28.6,0.0,28.6,1199.55,4.85,0,0,0,0.0,0,F1,725,,,,,
2026-02-18,2026-02-18,FO,NSE,STO,148383,,PAYTM,,2026-03-30,2026-03-30,1360.0,CE,PAYTM26MAR1360CE,11.6,13.3,11.4,12.9,12.65,11.2,1199.55,12.9,76125,66700,131,130349272.5,111,F1,725,,,,,
2026-02-18,2026-02-18,FO,NSE,STO,125054,,PAYTM,,2026-02-24,2026-02-24,1440.0,CE,PAYTM26FEB1440CE,0.55,0.75,0.5,0.5,0.5,0.75,1199.55,0.5,70325,-1450,17,17755286.25,17,F1,725,,,,,
2026-02-18,2026-02-18,FO,NSE,STO,125040,,PAYTM,,2026-02-24,2026-02-24,1280.0,CE,PAYTM26FEB1280CE,4.05,5.5,2.9,3.65,3.5,3.9,1199.55,3.65,475600,110200,1763,1641116996.25,1392,F1,725,,,,,
2026-02-18,2026-02-18,FO,NSE,STO,148335,,PAYTM,,2026-02-24,2026-02-24,1380.0,CE,PAYTM26FEB1380CE,1.2,1.4,0.8,0.95,0.95,1.2,1199.55,0.95,163125,13050,118,118152488.75,94,F1,725,,,,,
2026-02-18,2026-02-18,FO,NSE,STO,148653,,PAYTM,,2026-04-28,2026-04-28,1040.0,PE,PAYTM26APR1040PE,0.0,0.0,0.0,62.15,0.0,62.15,1199.55,23.9,0,0,0,0.0,0,F1,725,,,,,
2026-02-18,2026-02-18,FO,NSE,STO,148380,,PAYTM,,2026-03-30,2026-03-30,1280.0,PE,PAYTM26MAR1280PE,104.45,104.45,103.1,103.1,103.1,135.0,1199.55,112.2,2175,0,2,2006473.75,2,F1,725,,,,,
2026-02-18,2026-02-18,FO,NSE,STO,148372,,PAYTM,,2026-03-30,2026-03-30,1120.0,PE,PAYTM26MAR1120PE,31.0,31.55,21.8,22.85,21.85,38.65,1199.55,22.85,18850,2900,63,52330137.5,46,F1,725,,,,,
2026-02-18,2026-02-18,FO,NSE,STO,148340,,PAYTM,,2026-02-24,2026-02-24,1460.0,PE,PAYTM26FEB1460PE,0.0,0.0,0.0,308.75,308.75,308.75,1199.55,259.15,2175,0,0,0.0,0,F1,725,,,,,
2026-02-18,2026-02-18,FO,NSE,STO,148614,,PAYTM,,2026-03-30,2026-03-30,1140.0,CE,PAYTM26MAR1140CE,81.5,95.95,79.05,95.65,95.95,79.85,1199.55,95.65,12325,-2900,41,36456987.5,40,F1,725,,,,,
2026-02-18,2026-02-18,FO,NSE,STO,125065,,PAYTM,,2026-02-24,2026-02-24,1480.0,CE,PAYTM26FEB1480CE,0.45,0.5,0.35,0.35,0.35,0.55,1199.55,0.35,76850,13050,32,34346548.75,26,F1,725,,,,,
2026-02-18,2026-02-18,FO,NSE,STO,148311,,PAYTM,,2026-02-24,2026-02-24,980.0,CE,PAYTM26FEB980CE,0.0,0.0,0.0,222.1,222.1,222.1,1199.55,220.45,2175,0,0,0.0,0,F1,725,,,,,
2026-02-18,2026-02-18,FO,NSE,STO,148332,,PAYTM,,2026-02-24,2026-02-24,1300.0,PE,PAYTM26FEB1300PE,127.85,128.15,101.85,102.5,103.85,131.65,1199.55,102.5,227650,-5075,93,95102926.25,90,F1,725,,,,,
2026-02-18,2026-02-18,FO,NSE,STO,148319,,PAYTM,,2026-02-24,2026-02-24,1060.0,CE,PAYTM26FEB1060CE,135.0,135.5,130.4,130.4,130.4,115.1,1199.55,140.75,44225,-2900,6,5195277.5,3,F1,725,,,,,
2026-02-18,2026-02-18,FO,NSE,STO,148619,,PAYTM,,2026-03-30,2026-03-30,1220.0,PE,PAYTM26MAR1220PE,65.65,65.65,64.75,64.75,64.75,135.0,1199.55,74.95,2175,2175,3,2795128.75,3,F1,725,,,,,
2026-02-18,2026-02-18,FO,NSE,STO,148627,,PAYTM,,2026-03-30,2026-03-30,1380.0,PE,PAYTM26MAR1380PE,0.0,0.0,0.0,251.95,0.0,251.95,1199.55,188.95,0,0,0,0.0,0,F1,725,,,,,
2026-02-18,2026-02-18,FO,NSE,STO,125917,,PGEL,,2026-02-24,2026-02-24,700.0,CE,PGEL26FEB700CE,0.75,0.75,0.25,0.3,0.3,0.75,627.3,0.3,150100,17100,79,52559272.5,52,F1,950,,,,,
2026-02-18,2026-02-18,FO,NSE,STO,149911,,PGEL,,2026-03-30,2026-03-30,600.0,CE,PGEL26MAR600CE,51.0,51.0,44.7,49.0,49.0,51.35,627.3,49.0,71250,950,27,16628277.5,20,F1,950,,,,,
2026-02-18,2026-02-18,FO,NSE,STO,125911,,PGEL,,2026-02-24,2026-02-24,660.0,CE,PGEL26FEB660CE,4.75,4.8,1.6,1.95,1.6,4.3,627.3,1.95,736250,-7600,311,195715105.0,267,F1,950,,,,,
2026-02-18,2026-02-18,FO,NSE,STO,149869,,PGEL,,2026-02-24,2026-02-24,590.0,CE,PGEL26FEB590CE,31.0,41.45,31.0,41.2,41.45,39.7,627.3,41.2,180500,-1900,10,5961392.5,6,F1,950,,,,,
2026-02-18,2026-02-18,FO,NSE,STO,149863,,PGEL,,2026-02-24,2026-02-24,530.0,CE,PGEL26FEB530CE,0.0,0.0,0.0,88.4,88.4,88.4,627.3,97.85,47500,0,0,0.0,0,F1,950,,,,,
2026-02-18,2026-02-18,FO,NSE,STO,149968,,PGEL,,2026-04-28,2026-04-28,500.0,CE,PGEL26APR500CE,0.0,0.0,0.0,77.75,0.0,77.75,627.3,142.25,0,0,0,0.0,0,F1,950,,,,,
2026-02-18,2026-02-18,FO,NSE,STO,149876,,PGEL,,2026-02-24,2026-02-24,650.0,PE,PGEL26FEB650PE,25.9,31.0,24.35,24.35,24.35,29.0,627.3,24.35,65550,4750,27,17371415.0,19,F1,950,,,,,
2026-02-18,2026-02-18,FO,NSE,STO,149834,,PGEL,,2026-03-30,2026-03-30,590.0,PE,PGEL26MAR590PE,0.0,0.0,0.0,95.9,0.0,95.9,627.3,24.7,0,0,0,0.0,0,F1,950,,,,,
2026-02-18,2026-02-18,FO,NSE,STO,149918,,PGEL,,2026-03-30,2026-03-30,660.0,PE,PGEL26MAR660PE,58.25,58.25,50.8,50.8,50.8,58.0,627.3,60.25,3800,0,4,2715195.0,2,F1,950,,,,,
2026-02-18,2026-02-18,FO,NSE,STO,149920,,PGEL,,2026-03-30,2026-03-30,680.0,PE,PGEL26MAR680PE,0.0,0.0,0.0,144.3,0.0,144.3,627.3,73.5,0,0,0,0.0,0,F1,950,,,,,
2026-02-18,2026-02-18,FO,NSE,STO,149991,,PGEL,,2026-04-28,2026-04-28,720.0,PE,PGEL26APR720PE,0.0,0.0,0.0,206.85,0.0,206.85,627.3,112.7,0,0,0,0.0,0,F1,950,,,,,
2026-02-18,2026-02-18,FO,NSE,STO,149965,,PGEL,,2026-04-28,2026-04-28,460.0,PE,PGEL26APR460PE,0.0,0.0,0.0,33.95,0.0,33.95,627.3,4.4,0,0,0,0.0,0,F1,950,,,,,
2026-02-18,2026-02-18,FO,NSE,STO,125887,,PGEL,,2026-02-24,2026-02-24,500.0,CE,PGEL26FEB500CE,128.45,128.45,128.45,128.45,128.45,128.45,627.3,128.45,57000,0,1,597027.5,1,F1,950,,,,,
2026-02-18,2026-02-18,FO,NSE,STO,149875,,PGEL,,2026-02-24,2026-02-24,650.0,CE,PGEL26FEB650CE,7.0,7.55,3.0,3.7,3.3,6.4,627.3,3.7,996550,19950,1993,1238361195.0,1555,F1,950,,,,,
2026-02-18,2026-02-18,FO,NSE,STO,125913,,PGEL,,2026-02-24,2026-02-24,680.0,CE,PGEL26FEB680CE,2.2,2.2,0.8,0.95,0.8,2.05,627.3,0.95,276450,-7600,148,95751022.5,112,F1,950,,,,,
2026-02-18,2026-02-18,FO,NSE,STO,149895,,PGEL,,2026-03-30,2026-03-30,440.0,CE,PGEL26MAR440CE,0.0,0.0,0.0,147.5,0.0,147.5,627.3,190.55,0,0,0,0.0,0,F1,950,,,,,
2026-02-18,2026-02-18,FO,NSE,STO,149903,,PGEL,,2026-03-30,2026-03-30,520.0,CE,PGEL26MAR520CE,0.0,0.0,0.0,96.6,0.0,96.6,627.3,117.0,0,0,0,0.0,0,F1,950,,,,,
2026-02-18,2026-02-18,FO,NSE,STO,125897,,PGEL,,2026-02-24,2026-02-24,600.0,CE,PGEL26FEB600CE,31.35,36.15,23.4,30.8,29.05,31.95,627.3,30.8,439850,-38950,273,163132765.0,214,F1,950,,,,,
2026-02-18,2026-02-18,FO,NSE,STF,66967,,PGEL,,2026-04-28,2026-04-28,,,PGEL26APRFUT,635.0,635.0,623.0,632.0,632.0,633.2,627.3,633.85,48450,950,9,5389017.5,9,F1,950,,,,,
2026-02-18,2026-02-18,FO,NSE,STO,149831,,PGEL,,2026-03-30,2026-03-30,570.0,CE,PGEL26MAR570CE,0.0,0.0,0.0,36.6,0.0,36.6,627.3,78.6,0,0,0,0.0,0,F1,950,,,,,
2026-02-18,2026-02-18,FO,NSE,STO,149947,,PGEL,,2026-03-30,2026-03-30,690.0,PE,PGEL26MAR690PE,0.0,0.0,0.0,176.05,0.0,176.05,627.3,80.6,0,0,0,0.0,0,F1,950,,,,,
2026-02-18,2026-02-18,FO,NSE,STO,125912,,PGEL,,2026-02-24,2026-02-24,660.0,PE,PGEL26FEB660PE,0.0,0.0,0.0,41.0,41.0,41.0,627.3,37.85,28500,0,0,0.0,0,F1,950,,,,,
2026-02-18,2026-02-18,FO,NSE,STO,149872,,PGEL,,2026-02-24,2026-02-24,610.0,PE,PGEL26FEB610PE,4.6,7.25,3.35,3.9,4.55,5.15,627.3,3.9,336300,124450,688,402303767.5,565,F1,950,,,,,
2026-02-18,2026-02-18,FO,NSE,STO,149866,,PGEL,,2026-02-24,2026-02-24,550.0,PE,PGEL26FEB550PE,0.5,0.6,0.4,0.45,0.5,0.7,627.3,0.45,190000,-8550,94,49162832.5,67,F1,950,,,,,
2026-02-18,2026-02-18,FO,NSE,STO,149860,,PGEL,,2026-02-24,2026-02-24,490.0,PE,PGEL26FEB490PE,0.0,0.0,0.0,0.75,0.75,0.75,627.3,0.05,28500,0,0,0.0,0,F1,950,,,,,
2026-02-18,2026-02-18,FO,NSE,STO,149976,,PGEL,,2026-04-28,2026-04-28,580.0,CE,PGEL26APR580CE,0.0,0.0,0.0,45.6,0.0,45.6,627.3,85.3,0,0,0,0.0,0,F1,950,,,,,
2026-02-18,2026-02-18,FO,NSE,STO,149917,,PGEL,,2026-03-30,2026-03-30,660.0,CE,PGEL26MAR660CE,19.35,22.05,17.9,20.0,20.0,23.05,627.3,20.0,13300,10450,17,10970742.5,17,F1,950,,,,,
2026-02-18,2026-02-18,FO,NSE,STO,149833,,PGEL,,2026-03-30,2026-03-30,590.0,CE,PGEL26MAR590CE,0.0,0.0,0.0,30.6,0.0,30.6,627.3,65.55,0,0,0,0.0,0,F1,950,,,,,
2026-02-18,2026-02-18,FO,NSE,STO,149770,,PGEL,,2026-03-30,2026-03-30,510.0,CE,PGEL26MAR510CE,0.0,0.0,0.0,104.05,104.05,104.05,627.3,125.55,4750,0,0,0.0,0,F1,950,,,,,
2026-02-18,2026-02-18,FO,NSE,STO,149963,,PGEL,,2026-04-28,2026-04-28,440.0,PE,PGEL26APR440PE,0.0,0.0,0.0,26.7,0.0,26.7,627.3,2.75,0,0,0,0.0,0,F1,950,,,,,
2026-02-18,2026-02-18,FO,NSE,STO,149980,,PGEL,,2026-04-28,2026-04-28,620.0,CE,PGEL26APR620CE,0.0,0.0,0.0,34.4,0.0,34.4,627.3,63.5,0,0,0,0.0,0,F1,950,,,,,
2026-02-18,2026-02-18,FO,NSE,STO,149972,,PGEL,,2026-04-28,2026-04-28,540.0,CE,PGEL26APR540CE,0.0,0.0,0.0,59.9,0.0,59.9,627.3,111.65,0,0,0,0.0,0,F1,950,,,,,
2026-02-18,2026-02-18,FO,NSE,STO,149970,,PGEL,,2026-04-28,2026-04-28,520.0,CE,PGEL26APR520CE,0.0,0.0,0.0,68.35,0.0,68.35,627.3,126.45,0,0,0,0.0,0,F1,950,,,,,
2026-02-18,2026-02-18,FO,NSE,STO,149909,,PGEL,,2026-03-30,2026-03-30,580.0,CE,PGEL26MAR580CE,0.0,0.0,0.0,35.5,35.5,35.5,627.3,71.9,0,0,0,0.0,0,F1,950,,,,,
2026-02-18,2026-02-18,FO,NSE,STO,149843,,PGEL,,2026-03-30,2026-03-30,610.0,CE,PGEL26MAR610CE,0.0,0.0,0.0,25.5,0.0,25.5,627.3,54.0,0,0,0,0.0,0,F1,950,,,,,
2026-02-18,2026-02-18,FO,NSE,STO,149946,,PGEL,,2026-03-30,2026-03-30,690.0,CE,PGEL26MAR690CE,0.0,0.0,0.0,11.8,0.0,11.8,627.3,22.05,0,0,0,0.0,0,F1,950,,,,,
2026-02-18,2026-02-18,FO,NSE,STO,125888,,PGEL,,2026-02-24,2026-02-24,500.0,PE,PGEL26FEB500PE,0.25,0.25,0.1,0.15,0.15,0.25,627.3,0.15,391400,-34200,77,36586875.0,49,F1,950,,,,,
2026-02-18,2026-02-18,FO,NSE,STO,149862,,PGEL,,2026-02-24,2026-02-24,510.0,PE,PGEL26FEB510PE,0.25,0.25,0.15,0.25,0.25,1.0,627.3,0.05,72200,0,3,1454117.5,3,F1,950,,,,,
2026-02-18,2026-02-18,FO,NSE,STO,149769,,PGEL,,2026-03-30,2026-03-30,490.0,PE,PGEL26MAR490PE,0.0,0.0,0.0,37.2,0.0,37.2,627.3,3.1,0,0,0,0.0,0,F1,950,,,,,
2026-02-18,2026-02-18,FO,NSE,STO,149914,,PGEL,,2026-03-30,2026-03-30,620.0,PE,PGEL26MAR620PE,27.5,31.95,25.15,27.3,29.0,27.5,627.3,27.3,35150,8550,24,14795680.0,21,F1,950,,,,,
2026-02-18,2026-02-18,FO,NSE,STO,149967,,PGEL,,2026-04-28,2026-04-28,480.0,PE,PGEL26APR480PE,0.0,0.0,0.0,42.25,0.0,42.25,627.3,6.7,0,0,0,0.0,0,F1,950,,,,,
2026-02-18,2026-02-18,FO,NSE,STO,149971,,PGEL,,2026-04-28,2026-04-28,520.0,PE,PGEL26APR520PE,0.0,0.0,0.0,61.85,0.0,61.85,627.3,13.75,0,0,0,0.0,0,F1,950,,,,,
2026-02-18,2026-02-18,FO,NSE,STO,149986,,PGEL,,2026-04-28,2026-04-28,680.0,CE,PGEL26APR680CE,0.0,0.0,0.0,22.25,0.0,22.25,627.3,39.0,0,0,0,0.0,0,F1,950,,,,,
2026-02-18,2026-02-18,FO,NSE,STO,149899,,PGEL,,2026-03-30,2026-03-30,480.0,CE,PGEL26MAR480CE,0.0,0.0,0.0,120.2,0.0,120.2,627.3,152.55,0,0,0,0.0,0,F1,950,,,,,
2026-02-18,2026-02-18,FO,NSE,STO,149943,,PGEL,,2026-03-30,2026-03-30,650.0,PE,PGEL26MAR650PE,0.0,0.0,0.0,142.15,0.0,142.15,627.3,54.15,0,0,0,0.0,0,F1,950,,,,,
2026-02-18,2026-02-18,FO,NSE,STO,149977,,PGEL,,2026-04-28,2026-04-28,580.0,PE,PGEL26APR580PE,0.0,0.0,0.0,98.2,0.0,98.2,627.3,32.0,0,0,0,0.0,0,F1,950,,,,,
2026-02-18,2026-02-18,FO,NSE,STO,149900,,PGEL,,2026-03-30,2026-03-30,480.0,PE,PGEL26MAR480PE,0.0,0.0,0.0,3.0,3.0,3.0,627.3,2.35,1900,0,0,0.0,0,F1,950,,,,,
2026-02-18,2026-02-18,FO,NSE,STO,149902,,PGEL,,2026-03-30,2026-03-30,500.0,PE,PGEL26MAR500PE,5.0,5.0,5.0,5.0,5.0,4.5,627.3,5.0,21850,950,1,479750.0,1,F1,950,,,,,
2026-02-18,2026-02-18,FO,NSE,STO,125930,,PGEL,,2026-02-24,2026-02-24,720.0,PE,PGEL26FEB720PE,0.0,0.0,0.0,116.0,116.0,116.0,627.3,92.4,1900,0,0,0.0,0,F1,950,,,,,
2026-02-18,2026-02-18,FO,NSE,STO,149878,,PGEL,,2026-02-24,2026-02-24,670.0,PE,PGEL26FEB670PE,0.0,0.0,0.0,83.6,83.6,83.6,627.3,46.0,6650,0,0,0.0,0,F1,950,,,,,
2026-02-18,2026-02-18,FO,NSE,STO,125908,,PGEL,,2026-02-24,2026-02-24,620.0,PE,PGEL26FEB620PE,7.95,12.1,5.9,7.9,7.7,8.9,627.3,7.9,533900,187150,910,543872435.0,711,F1,950,,,,,
2026-02-18,2026-02-18,FO,NSE,STF,52004,,PGEL,,2026-03-30,2026-03-30,,,PGEL26MARFUT,633.5,635.35,621.8,631.6,628.5,631.0,627.3,631.6,1674850,366700,934,556759327.5,706,F1,950,,,,,
2026-02-18,2026-02-18,FO,NSE,STO,125889,,PGEL,,2026-02-24,2026-02-24,520.0,CE,PGEL26FEB520CE,106.6,106.6,106.6,106.6,106.6,98.6,627.3,107.8,83600,0,1,595270.0,1,F1,950,,,,,
2026-02-18,2026-02-18,FO,NSE,STO,125891,,PGEL,,2026-02-24,2026-02-24,540.0,CE,PGEL26FEB540CE,86.4,91.0,82.45,89.9,87.6,87.0,627.3,89.9,86450,-1900,8,4771327.5,8,F1,950,,,,,
2026-02-18,2026-02-18,FO,NSE,STO,125893,,PGEL,,2026-02-24,2026-02-24,560.0,CE,PGEL26FEB560CE,0.0,0.0,0.0,63.0,63.0,63.0,627.3,68.55,249850,0,0,0.0,0,F1,950,,,,,
2026-02-18,2026-02-18,FO,NSE,STO,149873,,PGEL,,2026-02-24,2026-02-24,630.0,CE,PGEL26FEB630CE,13.9,15.4,6.95,10.05,8.3,12.7,627.3,10.05,551950,35150,1652,1004466920.0,1363,F1,950,,,,,
2026-02-18,2026-02-18,FO,NSE,STO,149854,,PGEL,,2026-02-24,2026-02-24,450.0,PE,PGEL26FEB450PE,0.15,0.15,0.15,0.15,0.15,0.2,627.3,0.05,42750,-950,1,427642.5,1,F1,950,,,,,
2026-02-18,2026-02-18,FO,NSE,STO,149915,,PGEL,,2026-03-30,2026-03-30,640.0,CE,PGEL26MAR640CE,0.0,0.0,0.0,47.05,0.0,47.05,627.3,39.45,0,0,0,0.0,0,F1,950,,,,,
2026-02-18,2026-02-18,FO,NSE,STO,149901,,PGEL,,2026-03-30,2026-03-30,500.0,CE,PGEL26MAR500CE,131.05,131.05,128.7,129.45,129.45,127.55,627.3,134.35,2850,-8550,9,5384220.0,3,F1,950,,,,,
2026-02-18,2026-02-18,FO,NSE,STO,149897,,PGEL,,2026-03-30,2026-03-30,460.0,CE,PGEL26MAR460CE,0.0,0.0,0.0,133.4,0.0,133.4,627.3,171.35,0,0,0,0.0,0,F1,950,,,,,
2026-02-18,2026-02-18,FO,NSE,STO,149877,,PGEL,,2026-02-24,2026-02-24,670.0,CE,PGEL26FEB670CE,3.0,3.25,1.05,1.2,1.05,3.0,627.3,1.2,115900,-48450,180,114841177.5,148,F1,950,,,,,
2026-02-18,2026-02-18,FO,NSE,STO,149922,,PGEL,,2026-03-30,2026-03-30,700.0,PE,PGEL26MAR700PE,0.0,0.0,0.0,159.55,0.0,159.55,627.3,87.95,0,0,0,0.0,0,F1,950,,,,,
2026-02-18,2026-02-18,FO,NSE,STO,149945,,PGEL,,2026-03-30,2026-03-30,670.0,PE,PGEL26MAR670PE,0.0,0.0,0.0,158.85,0.0,158.85,627.3,66.75,0,0,0,0.0,0,F1,950,,,,,
2026-02-18,2026-02-18,FO,NSE,STO,149973,,PGEL,,2026-04-28,2026-04-28,540.0,PE,PGEL26APR540PE,0.0,0.0,0.0,73.1,0.0,73.1,627.3,18.75,0,0,0,0.0,0,F1,950,,,,,
2026-02-18,2026-02-18,FO,NSE,STO,149773,,PGEL,,2026-03-30,2026-03-30,530.0,PE,PGEL26MAR530PE,0.0,0.0,0.0,57.4,0.0,57.4,627.3,8.25,0,0,0,0.0,0,F1,950,,,,,
2026-02-18,2026-02-18,FO,NSE,STO,149904,,PGEL,,2026-03-30,2026-03-30,520.0,PE,PGEL26MAR520PE,0.0,0.0,0.0,12.3,12.3,12.3,627.3,6.6,0,0,0,0.0,0,F1,950,,,,,
2026-02-18,2026-02-18,FO,NSE,STO,149771,,PGEL,,2026-03-30,2026-03-30,510.0,PE,PGEL26MAR510PE,0.0,0.0,0.0,6.05,6.05,6.05,627.3,5.2,2850,0,0,0.0,0,F1,950,,,,,
2026-02-18,2026-02-18,FO,NSE,STO,149982,,PGEL,,2026-04-28,2026-04-28,640.0,CE,PGEL26APR640CE,0.0,0.0,0.0,29.8,0.0,29.8,627.3,54.3,0,0,0,0.0,0,F1,950,,,,,
2026-02-18,2026-02-18,FO,NSE,STO,125898,,PGEL,,2026-02-24,2026-02-24,600.0,PE,PGEL26FEB600PE,3.05,4.1,1.75,2.15,2.7,2.8,627.3,2.15,893950,74100,1037,593897962.5,827,F1,950,,,,,
2026-02-18,2026-02-18,FO,NSE,STO,125894,,PGEL,,2026-02-24,2026-02-24,560.0,PE,PGEL26FEB560PE,0.5,0.9,0.5,0.65,0.75,0.7,627.3,0.65,209950,-127300,262,139554430.0,137,F1,950,,,,,
2026-02-18,2026-02-18,FO,NSE,STO,149975,,PGEL,,2026-04-28,2026-04-28,560.0,PE,PGEL26APR560PE,0.0,0.0,0.0,85.2,0.0,85.2,627.3,24.8,0,0,0,0.0,0,F1,950,,,,,
2026-02-18,2026-02-18,FO,NSE,STO,149987,,PGEL,,2026-04-28,2026-04-28,680.0,PE,PGEL26APR680PE,0.0,0.0,0.0,173.25,0.0,173.25,627.3,84.7,0,0,0,0.0,0,F1,950,,,,,
2026-02-18,2026-02-18,FO,NSE,STF,59446,,PGEL,,2026-02-24,2026-02-24,,,PGEL26FEBFUT,630.15,633.5,618.9,628.3,625.1,628.7,627.3,628.3,9726100,95950,2164,1286053475.0,1704,F1,950,,,,,
2026-02-18,2026-02-18,FO,NSE,STO,125899,,PGEL,,2026-02-24,2026-02-24,620.0,CE,PGEL26FEB620CE,18.0,20.1,10.6,15.4,13.8,17.4,627.3,15.4,578550,-26600,774,466104057.5,630,F1,950,,,,,
2026-02-18,2026-02-18,FO,NSE,STO,149966,,PGEL,,2026-04-28,2026-04-28,480.0,CE,PGEL26APR480CE,0.0,0.0,0.0,88.15,0.0,88.15,627.3,158.95,0,0,0,0.0,0,F1,950,,,,,
2026-02-18,2026-02-18,FO,NSE,STO,149978,,PGEL,,2026-04-28,2026-04-28,600.0,CE,PGEL26APR600CE,0.0,0.0,0.0,39.65,0.0,39.65,627.3,73.85,0,0,0,0.0,0,F1,950,,,,,
2026-02-18,2026-02-18,FO,NSE,STO,149969,,PGEL,,2026-04-28,2026-04-28,500.0,PE,PGEL26APR500PE,0.0,0.0,0.0,51.55,0.0,51.55,627.3,9.8,0,0,0,0.0,0,F1,950,,,,,
2026-02-18,2026-02-18,FO,NSE,STO,149890,,PGEL,,2026-03-30,2026-03-30,630.0,PE,PGEL26MAR630PE,0.0,0.0,0.0,126.05,0.0,126.05,627.3,42.85,0,0,0,0.0,0,F1,950,,,,,
2026-02-18,2026-02-18,FO,NSE,STO,149794,,PGEL,,2026-03-30,2026-03-30,550.0,PE,PGEL26MAR550PE,0.0,0.0,0.0,8.0,8.0,8.0,627.3,12.4,1900,0,0,0.0,0,F1,950,,,,,
2026-02-18,2026-02-18,FO,NSE,STO,149908,,PGEL,,2026-03-30,2026-03-30,560.0,PE,PGEL26MAR560PE,8.0,8.1,8.0,8.1,8.1,23.35,627.3,14.95,2850,1900,2,1079295.0,2,F1,950,,,,,
2026-02-18,2026-02-18,FO,NSE,STO,149832,,PGEL,,2026-03-30,2026-03-30,570.0,PE,PGEL26MAR570PE,0.0,0.0,0.0,82.1,0.0,82.1,627.3,17.85,0,0,0,0.0,0,F1,950,,,,,
2026-02-18,2026-02-18,FO,NSE,STO,149855,,PGEL,,2026-02-24,2026-02-24,470.0,CE,PGEL26FEB470CE,0.0,0.0,0.0,147.8,147.8,147.8,627.3,157.7,9500,0,0,0.0,0,F1,950,,,,,
2026-02-18,2026-02-18,FO,NSE,STO,125909,,PGEL,,2026-02-24,2026-02-24,640.0,CE,PGEL26FEB640CE,10.15,11.0,4.6,6.1,5.6,9.1,627.3,6.1,572850,-25650,1089,669035457.5,928,F1,950,,,,,
2026-02-18,2026-02-18,FO,NSE,STO,149889,,PGEL,,2026-03-30,2026-03-30,630.0,CE,PGEL26MAR630CE,30.0,37.0,29.9,32.85,32.7,33.3,627.3,32.85,87400,72200,190,119667225.0,160,F1,950,,,,,
2026-02-18,2026-02-18,FO,NSE,STO,149864,,PGEL,,2026-02-24,2026-02-24,530.0,PE,PGEL26FEB530PE,0.3,0.4,0.2,0.3,0.3,0.55,627.3,0.3,193800,-8550,16,8060227.5,13,F1,950,,,,,
2026-02-18,2026-02-18,FO,NSE,STO,149868,,PGEL,,2026-02-24,2026-02-24,570.0,PE,PGEL26FEB570PE,1.05,1.05,0.7,0.85,0.95,1.0,627.3,0.85,277400,-35150,186,100878172.5,164,F1,950,,,,,
2026-02-18,2026-02-18,FO,NSE,STO,149870,,PGEL,,2026-02-24,2026-02-24,590.0,PE,PGEL26FEB590PE,1.8,2.0,1.0,1.15,1.3,1.65,627.3,1.15,697300,23750,269,151154167.5,216,F1,950,,,,,
2026-02-18,2026-02-18,FO,NSE,STO,149880,,PGEL,,2026-02-24,2026-02-24,690.0,PE,PGEL26FEB690PE,0.0,0.0,0.0,141.6,0.0,141.6,627.3,63.7,0,0,0,0.0,0,F1,950,,,,,
2026-02-18,2026-02-18,FO,NSE,STO,149768,,PGEL,,2026-03-30,2026-03-30,490.0,CE,PGEL26MAR490CE,0.0,0.0,0.0,70.9,0.0,70.9,627.3,143.35,0,0,0,0.0,0,F1,950,,,,,
2026-02-18,2026-02-18,FO,NSE,STO,149919,,PGEL,,2026-03-30,2026-03-30,680.0,CE,PGEL26MAR680CE,0.0,0.0,0.0,36.4,0.0,36.4,627.3,24.9,0,0,0,0.0,0,F1,950,,,,,
2026-02-18,2026-02-18,FO,NSE,STO,149962,,PGEL,,2026-04-28,2026-04-28,440.0,CE,PGEL26APR440CE,0.0,0.0,0.0,112.0,0.0,112.0,627.3,194.6,0,0,0,0.0,0,F1,950,,,,,
2026-02-18,2026-02-18,FO,NSE,STO,125882,,PGEL,,2026-02-24,2026-02-24,440.0,PE,PGEL26FEB440PE,0.25,0.25,0.2,0.2,0.2,0.25,627.3,0.2,66500,-950,12,5018565.0,8,F1,950,,,,,
2026-02-18,2026-02-18,FO,NSE,STO,149767,,PGEL,,2026-03-30,2026-03-30,470.0,PE,PGEL26MAR470PE,0.0,0.0,0.0,28.9,0.0,28.9,627.3,1.75,0,0,0,0.0,0,F1,950,,,,,
2026-02-18,2026-02-18,FO,NSE,STO,149910,,PGEL,,2026-03-30,2026-03-30,580.0,PE,PGEL26MAR580PE,0.0,0.0,0.0,77.5,0.0,77.5,627.3,21.1,0,0,0,0.0,0,F1,950,,,,,
2026-02-18,2026-02-18,FO,NSE,STO,149912,,PGEL,,2026-03-30,2026-03-30,600.0,PE,PGEL26MAR600PE,18.95,23.3,18.0,18.0,18.0,20.6,627.3,28.7,125400,16150,47,27697440.0,44,F1,950,,,,,
2026-02-18,2026-02-18,FO,NSE,STO,149979,,PGEL,,2026-04-28,2026-04-28,600.0,PE,PGEL26APR600PE,0.0,0.0,0.0,111.9,0.0,111.9,627.3,40.3,0,0,0,0.0,0,F1,950,,,,,
2026-02-18,2026-02-18,FO,NSE,STO,149907,,PGEL,,2026-03-30,2026-03-30,560.0,CE,PGEL26MAR560CE,0.0,0.0,0.0,76.75,0.0,76.75,627.3,85.6,0,0,0,0.0,0,F1,950,,,,,
2026-02-18,2026-02-18,FO,NSE,STO,149985,,PGEL,,2026-04-28,2026-04-28,660.0,PE,PGEL26APR660PE,0.0,0.0,0.0,157.1,0.0,157.1,627.3,72.05,0,0,0,0.0,0,F1,950,,,,,
2026-02-18,2026-02-18,FO,NSE,STO,149871,,PGEL,,2026-02-24,2026-02-24,610.0,CE,PGEL26FEB610CE,25.9,27.0,16.1,21.95,20.9,23.35,627.3,21.95,326800,-48450,203,121511745.0,157,F1,950,,,,,
2026-02-18,2026-02-18,FO,NSE,STO,149852,,PGEL,,2026-02-24,2026-02-24,450.0,CE,PGEL26FEB450CE,0.0,0.0,0.0,79.65,79.65,79.65,627.3,177.7,950,0,0,0.0,0,F1,950,,,,,
2026-02-18,2026-02-18,FO,NSE,STO,149859,,PGEL,,2026-02-24,2026-02-24,490.0,CE,PGEL26FEB490CE,0.0,0.0,0.0,76.2,76.2,76.2,627.3,137.75,3800,0,0,0.0,0,F1,950,,,,,
2026-02-18,2026-02-18,FO,NSE,STO,149921,,PGEL,,2026-03-30,2026-03-30,700.0,CE,PGEL26MAR700CE,0.0,0.0,0.0,31.95,0.0,31.95,627.3,19.45,0,0,0,0.0,0,F1,950,,,,,
2026-02-18,2026-02-18,FO,NSE,STO,149964,,PGEL,,2026-04-28,2026-04-28,460.0,CE,PGEL26APR460CE,0.0,0.0,0.0,99.55,0.0,99.55,627.3,176.45,0,0,0,0.0,0,F1,950,,,,,
2026-02-18,2026-02-18,FO,NSE,STO,125886,,PGEL,,2026-02-24,2026-02-24,480.0,PE,PGEL26FEB480PE,0.25,0.3,0.2,0.25,0.25,0.3,627.3,0.05,43700,0,9,4105947.5,9,F1,950,,,,,
2026-02-18,2026-02-18,FO,NSE,STO,125896,,PGEL,,2026-02-24,2026-02-24,580.0,PE,PGEL26FEB580PE,0.75,1.25,0.75,0.8,1.0,1.1,627.3,0.8,513950,-37050,178,98252230.0,166,F1,950,,,,,
2026-02-18,2026-02-18,FO,NSE,STO,149874,,PGEL,,2026-02-24,2026-02-24,630.0,PE,PGEL26FEB630PE,14.6,18.2,10.25,11.85,13.0,14.05,627.3,11.85,139650,24700,199,121675335.0,167,F1,950,,,,,
2026-02-18,2026-02-18,FO,NSE,STO,125918,,PGEL,,2026-02-24,2026-02-24,700.0,PE,PGEL26FEB700PE,0.0,0.0,0.0,156.05,0.0,156.05,627.3,73.05,0,0,0,0.0,0,F1,950,,,,,
2026-02-18,2026-02-18,FO,NSE,STO,149898,,PGEL,,2026-03-30,2026-03-30,460.0,PE,PGEL26MAR460PE,0.0,0.0,0.0,24.5,0.0,24.5,627.3,1.25,0,0,0,0.0,0,F1,950,,,,,
2026-02-18,2026-02-18,FO,NSE,STO,149906,,PGEL,,2026-03-30,2026-03-30,540.0,PE,PGEL26MAR540PE,0.0,0.0,0.0,56.2,0.0,56.2,627.3,10.15,0,0,0,0.0,0,F1,950,,,,,
2026-02-18,2026-02-18,FO,NSE,STO,149983,,PGEL,,2026-04-28,2026-04-28,640.0,PE,PGEL26APR640PE,0.0,0.0,0.0,141.45,0.0,141.45,627.3,60.4,0,0,0,0.0,0,F1,950,,,,,
2026-02-18,2026-02-18,FO,NSE,STO,125883,,PGEL,,2026-02-24,2026-02-24,460.0,CE,PGEL26FEB460CE,0.0,0.0,0.0,159.4,159.4,159.4,627.3,167.7,9500,0,0,0.0,0,F1,950,,,,,
2026-02-18,2026-02-18,FO,NSE,STO,149793,,PGEL,,2026-03-30,2026-03-30,550.0,CE,PGEL26MAR550CE,0.0,0.0,0.0,68.3,68.3,68.3,627.3,93.0,2850,0,0,0.0,0,F1,950,,,,,
2026-02-18,2026-02-18,FO,NSE,STO,149944,,PGEL,,2026-03-30,2026-03-30,670.0,CE,PGEL26MAR670CE,0.0,0.0,0.0,14.4,0.0,14.4,627.3,28.05,0,0,0,0.0,0,F1,950,,,,,
2026-02-18,2026-02-18,FO,NSE,STO,149984,,PGEL,,2026-04-28,2026-04-28,660.0,CE,PGEL26APR660CE,0.0,0.0,0.0,25.75,0.0,25.75,627.3,46.15,0,0,0,0.0,0,F1,950,,,,,
2026-02-18,2026-02-18,FO,NSE,STO,149858,,PGEL,,2026-02-24,2026-02-24,470.0,PE,PGEL26FEB470PE,0.0,0.0,0.0,0.4,0.4,0.4,627.3,0.05,36100,0,0,0.0,0,F1,950,,,,,
2026-02-18,2026-02-18,FO,NSE,STO,125890,,PGEL,,2026-02-24,2026-02-24,520.0,PE,PGEL26FEB520PE,0.2,0.35,0.2,0.3,0.2,0.4,627.3,0.3,155800,-45600,73,36080952.5,25,F1,950,,,,,
2026-02-18,2026-02-18,FO,NSE,STO,125895,,PGEL,,2026-02-24,2026-02-24,580.0,CE,PGEL26FEB580CE,47.05,50.95,40.9,50.6,50.95,47.25,627.3,50.6,154850,1900,13,7711767.5,13,F1,950,,,,,
2026-02-18,2026-02-18,FO,NSE,STO,125885,,PGEL,,2026-02-24,2026-02-24,480.0,CE,PGEL26FEB480CE,0.0,0.0,0.0,145.25,145.25,145.25,627.3,147.75,8550,0,0,0.0,0,F1,950,,,,,
2026-02-18,2026-02-18,FO,NSE,STO,149896,,PGEL,,2026-03-30,2026-03-30,440.0,PE,PGEL26MAR440PE,0.0,0.0,0.0,18.95,0.0,18.95,627.3,0.65,0,0,0,0.0,0,F1,950,,,,,
2026-02-18,2026-02-18,FO,NSE,STO,125916,,PGEL,,2026-02-24,2026-02-24,680.0,PE,PGEL26FEB680PE,0.0,0.0,0.0,66.1,66.1,66.1,627.3,54.65,950,0,0,0.0,0,F1,950,,,,,
2026-02-18,2026-02-18,FO,NSE,STO,125910,,PGEL,,2026-02-24,2026-02-24,640.0,PE,PGEL26FEB640PE,20.05,22.25,16.2,16.2,16.2,20.6,627.3,16.2,70300,5700,30,18802685.0,27,F1,950,,,,,
2026-02-18,2026-02-18,FO,NSE,STO,125892,,PGEL,,2026-02-24,2026-02-24,540.0,PE,PGEL26FEB540PE,0.8,0.8,0.35,0.5,0.55,0.6,627.3,0.5,229900,-14250,126,64695142.5,105,F1,950,,,,,
2026-02-18,2026-02-18,FO,NSE,STO,149766,,PGEL,,2026-03-30,2026-03-30,470.0,CE,PGEL26MAR470CE,0.0,0.0,0.0,82.4,0.0,82.4,627.3,161.85,0,0,0,0.0,0,F1,950,,,,,
2026-02-18,2026-02-18,FO,NSE,STO,125884,,PGEL,,2026-02-24,2026-02-24,460.0,PE,PGEL26FEB460PE,0.25,0.25,0.2,0.2,0.2,0.2,627.3,0.05,133000,-14250,15,6557992.5,4,F1,950,,,,,
2026-02-18,2026-02-18,FO,NSE,STO,149990,,PGEL,,2026-04-28,2026-04-28,720.0,CE,PGEL26APR720CE,0.0,0.0,0.0,16.45,0.0,16.45,627.3,27.45,0,0,0,0.0,0,F1,950,,,,,
2026-02-18,2026-02-18,FO,NSE,STO,149974,,PGEL,,2026-04-28,2026-04-28,560.0,CE,PGEL26APR560CE,0.0,0.0,0.0,52.35,0.0,52.35,627.3,97.9,0,0,0,0.0,0,F1,950,,,,,
2026-02-18,2026-02-18,FO,NSE,STO,149942,,PGEL,,2026-03-30,2026-03-30,650.0,CE,PGEL26MAR650CE,25.6,26.2,20.4,24.55,24.8,24.5,627.3,24.55,20900,17100,43,27510860.0,43,F1,950,,,,,
2026-02-18,2026-02-18,FO,NSE,STO,149913,,PGEL,,2026-03-30,2026-03-30,620.0,CE,PGEL26MAR620CE,36.8,39.1,34.05,38.35,37.6,38.2,627.3,38.35,45600,9500,33,20592010.0,32,F1,950,,,,,
2026-02-18,2026-02-18,FO,NSE,STO,149905,,PGEL,,2026-03-30,2026-03-30,540.0,CE,PGEL26MAR540CE,0.0,0.0,0.0,86.25,0.0,86.25,627.3,100.7,0,0,0,0.0,0,F1,950,,,,,
2026-02-18,2026-02-18,FO,NSE,STO,149772,,PGEL,,2026-03-30,2026-03-30,530.0,CE,PGEL26MAR530CE,0.0,0.0,0.0,51.5,0.0,51.5,627.3,108.7,0,0,0,0.0,0,F1,950,,,,,
2026-02-18,2026-02-18,FO,NSE,STO,149879,,PGEL,,2026-02-24,2026-02-24,690.0,CE,PGEL26FEB690CE,1.35,1.35,0.4,0.5,0.5,1.1,627.3,0.5,201400,-13300,87,57075667.5,55,F1,950,,,,,
2026-02-18,2026-02-18,FO,NSE,STO,149867,,PGEL,,2026-02-24,2026-02-24,570.0,CE,PGEL26FEB570CE,56.55,56.55,52.05,55.4,55.4,60.0,627.3,59.2,131100,-950,6,3559650.0,5,F1,950,,,,,
2026-02-18,2026-02-18,FO,NSE,STO,149865,,PGEL,,2026-02-24,2026-02-24,550.0,CE,PGEL26FEB550CE,77.75,79.0,73.5,79.0,79.0,77.0,627.3,78.15,179550,-6650,9,5344510.0,9,F1,950,,,,,
2026-02-18,2026-02-18,FO,NSE,STO,149861,,PGEL,,2026-02-24,2026-02-24,510.0,CE,PGEL26FEB510CE,0.0,0.0,0.0,98.4,98.4,98.4,627.3,117.75,37050,0,0,0.0,0,F1,950,,,,,
2026-02-18,2026-02-18,FO,NSE,STO,149981,,PGEL,,2026-04-28,2026-04-28,620.0,PE,PGEL26APR620PE,0.0,0.0,0.0,126.35,0.0,126.35,627.3,49.8,0,0,0,0.0,0,F1,950,,,,,
2026-02-18,2026-02-18,FO,NSE,STO,149916,,PGEL,,2026-03-30,2026-03-30,640.0,PE,PGEL26MAR640PE,0.0,0.0,0.0,115.5,0.0,115.5,627.3,48.3,0,0,0,0.0,0,F1,950,,,,,
2026-02-18,2026-02-18,FO,NSE,STO,149845,,PGEL,,2026-03-30,2026-03-30,610.0,PE,PGEL26MAR610PE,0.0,0.0,0.0,110.6,0.0,110.6,627.3,33.05,0,0,0,0.0,0,F1,950,,,,,
2026-02-18,2026-02-18,FO,NSE,STO,125881,,PGEL,,2026-02-24,2026-02-24,440.0,CE,PGEL26FEB440CE,0.0,0.0,0.0,177.2,177.2,177.2,627.3,187.7,11400,0,0,0.0,0,F1,950,,,,,
2026-02-18,2026-02-18,FO,NSE,STO,171444,,ULTRACEMCO,,2026-03-30,2026-03-30,11300.0,CE,ULTRACEMCO26MAR11300CE,0.0,0.0,0.0,1469.35,0.0,1469.35,13051.9,1822.75,0,0,0,0.0,0,F1,50,,,,,
2026-02-18,2026-02-18,FO,NSE,STO,164924,,ULTRACEMCO,,2026-03-30,2026-03-30,12000.0,CE,ULTRACEMCO26MAR12000CE,0.0,0.0,0.0,1122.25,1122.25,1122.25,13051.9,1155.65,2250,0,0,0.0,0,F1,50,,,,,
2026-02-18,2026-02-18,FO,NSE,STO,148175,,ULTRACEMCO,,2026-02-24,2026-02-24,12000.0,CE,ULTRACEMCO26FEB12000CE,1035.0,1058.9,1000.0,1037.05,1039.0,940.4,13051.9,1037.05,3650,-50,14,9122872.5,13,F1,50,,,,,
2026-02-18,2026-02-18,FO,NSE,STO,148191,,ULTRACEMCO,,2026-02-24,2026-02-24,13600.0,CE,ULTRACEMCO26FEB13600CE,12.0,16.35,7.45,9.3,11.45,13.5,13051.9,9.3,21900,250,346,235466442.5,308,F1,50,,,,,
2026-02-18,2026-02-18,FO,NSE,STO,148193,,ULTRACEMCO,,2026-02-24,2026-02-24,13800.0,CE,ULTRACEMCO26FEB13800CE,7.4,8.0,3.5,4.7,4.9,7.4,13051.9,4.7,10300,-2650,232,160137340.0,224,F1,50,,,,,
2026-02-18,2026-02-18,FO,NSE,STO,148166,,ULTRACEMCO,,2026-02-24,2026-02-24,11000.0,PE,ULTRACEMCO26FEB11000PE,1.7,1.7,1.0,1.0,1.0,1.7,13051.9,0.05,14000,-50,4,2200305.0,4,F1,50,,,,,
2026-02-18,2026-02-18,FO,NSE,STO,164851,,ULTRACEMCO,,2026-02-24,2026-02-24,13500.0,PE,ULTRACEMCO26FEB13500PE,0.0,0.0,0.0,568.85,568.85,568.85,13051.9,451.35,150,0,0,0.0,0,F1,50,,,,,
2026-02-18,2026-02-18,FO,NSE,STO,164953,,ULTRACEMCO,,2026-03-30,2026-03-30,14800.0,PE,ULTRACEMCO26MAR14800PE,0.0,0.0,0.0,2894.45,0.0,2894.45,13051.9,1671.25,0,0,0,0.0,0,F1,50,,,,,
2026-02-18,2026-02-18,FO,NSE,STO,164944,,ULTRACEMCO,,2026-03-30,2026-03-30,14000.0,CE,ULTRACEMCO26MAR14000CE,68.0,75.7,60.0,65.75,67.2,65.45,13051.9,65.75,3750,2600,206,144915970.0,127,F1,50,,,,,
2026-02-18,2026-02-18,FO,NSE,STO,164928,,ULTRACEMCO,,2026-03-30,2026-03-30,12400.0,CE,ULTRACEMCO26MAR12400CE,800.0,800.0,800.0,800.0,800.0,755.05,13051.9,813.75,1700,0,2,1320000.0,1,F1,50,,,,,
2026-02-18,2026-02-18,FO,NSE,STO,148171,,ULTRACEMCO,,2026-02-24,2026-02-24,11600.0,CE,ULTRACEMCO26FEB11600CE,0.0,0.0,0.0,639.35,0.0,639.35,13051.9,1462.4,0,0,0,0.0,0,F1,50,,,,,
2026-02-18,2026-02-18,FO,NSE,STO,171554,,ULTRACEMCO,,2026-04-28,2026-04-28,12800.0,CE,ULTRACEMCO26APR12800CE,0.0,0.0,0.0,583.35,0.0,583.35,13051.9,659.6,0,0,0,0.0,0,F1,50,,,,,
2026-02-18,2026-02-18,FO,NSE,STO,148160,,ULTRACEMCO,,2026-02-24,2026-02-24,10400.0,PE,ULTRACEMCO26FEB10400PE,2.0,2.6,1.4,1.75,1.4,2.35,13051.9,1.75,750,-100,94,48889642.5,93,F1,50,,,,,
2026-02-18,2026-02-18,FO,NSE,STO,164915,,ULTRACEMCO,,2026-03-30,2026-03-30,11000.0,PE,ULTRACEMCO26MAR11000PE,0.0,0.0,0.0,18.0,18.0,18.0,13051.9,0.8,150,0,0,0.0,0,F1,50,,,,,
2026-02-18,2026-02-18,FO,NSE,STO,171574,,ULTRACEMCO,,2026-04-28,2026-04-28,14800.0,CE,ULTRACEMCO26APR14800CE,0.0,0.0,0.0,81.75,0.0,81.75,13051.9,49.6,0,0,0,0.0,0,F1,50,,,,,
2026-02-18,2026-02-18,FO,NSE,STO,164930,,ULTRACEMCO,,2026-03-30,2026-03-30,12600.0,CE,ULTRACEMCO26MAR12600CE,0.0,0.0,0.0,562.0,562.0,562.0,13051.9,662.0,150,0,0,0.0,0,F1,50,,,,,
2026-02-18,2026-02-18,FO,NSE,STO,164846,,ULTRACEMCO,,2026-02-24,2026-02-24,13100.0,CE,ULTRACEMCO26FEB13100CE,109.25,128.0,71.7,85.55,90.0,91.55,13051.9,85.55,41400,8500,3346,2207722912.5,2512,F1,50,,,,,
2026-02-18,2026-02-18,FO,NSE,STO,148159,,ULTRACEMCO,,2026-02-24,2026-02-24,10400.0,CE,ULTRACEMCO26FEB10400CE,0.0,0.0,0.0,2408.15,2408.15,2408.15,13051.9,2661.3,350,0,0,0.0,0,F1,50,,,,,
2026-02-18,2026-02-18,FO,NSE,STO,148158,,ULTRACEMCO,,2026-02-24,2026-02-24,10200.0,PE,ULTRACEMCO26FEB10200PE,1.2,1.2,1.2,1.2,1.2,2.0,13051.9,0.05,0,-50,1,510060.0,1,F1,50,,,,,
2026-02-18,2026-02-18,FO,NSE,STO,164843,,ULTRACEMCO,,2026-02-24,2026-02-24,12700.0,PE,ULTRACEMCO26FEB12700PE,45.0,45.0,21.6,24.0,21.85,51.25,13051.9,24.0,40350,1050,899,572204790.0,708,F1,50,,,,,
2026-02-18,2026-02-18,FO,NSE,STO,164855,,ULTRACEMCO,,2026-02-24,2026-02-24,13900.0,PE,ULTRACEMCO26FEB13900PE,0.0,0.0,0.0,2085.65,0.0,2085.65,13051.9,836.35,0,0,0,0.0,0,F1,50,,,,,
2026-02-18,2026-02-18,FO,NSE,STO,171567,,ULTRACEMCO,,2026-04-28,2026-04-28,14000.0,PE,ULTRACEMCO26APR14000PE,0.0,0.0,0.0,1392.4,0.0,1392.4,13051.9,970.0,0,0,0,0.0,0,F1,50,,,,,
2026-02-18,2026-02-18,FO,NSE,STO,164950,,ULTRACEMCO,,2026-03-30,2026-03-30,14600.0,CE,ULTRACEMCO26MAR14600CE,0.0,0.0,0.0,24.7,0.0,24.7,13051.9,20.0,0,0,0,0.0,0,F1,50,,,,,
2026-02-18,2026-02-18,FO,NSE,STO,148156,,ULTRACEMCO,,2026-02-24,2026-02-24,10000.0,PE,ULTRACEMCO26FEB10000PE,0.0,0.0,0.0,0.25,0.25,0.25,13051.9,0.05,600,0,0,0.0,0,F1,50,,,,,
2026-02-18,2026-02-18,FO,NSE,STO,171552,,ULTRACEMCO,,2026-04-28,2026-04-28,12600.0,CE,ULTRACEMCO26APR12600CE,0.0,0.0,0.0,681.7,0.0,681.7,13051.9,788.95,0,0,0,0.0,0,F1,50,,,,,
2026-02-18,2026-02-18,FO,NSE,STO,148164,,ULTRACEMCO,,2026-02-24,2026-02-24,10800.0,PE,ULTRACEMCO26FEB10800PE,0.0,0.0,0.0,2.1,2.1,2.1,13051.9,0.05,50,0,0,0.0,0,F1,50,,,,,
2026-02-18,2026-02-18,FO,NSE,STO,148194,,ULTRACEMCO,,2026-02-24,2026-02-24,13800.0,PE,ULTRACEMCO26FEB13800PE,0.0,0.0,0.0,2079.55,0.0,2079.55,13051.9,737.5,0,0,0,0.0,0,F1,50,,,,,
2026-02-18,2026-02-18,FO,NSE,STO,164857,,ULTRACEMCO,,2026-02-24,2026-02-24,14100.0,PE,ULTRACEMCO26FEB14100PE,0.0,0.0,0.0,2277.75,0.0,2277.75,13051.9,1035.5,0,0,0,0.0,0,F1,50,,,,,
2026-02-18,2026-02-18,FO,NSE,STO,171443,,ULTRACEMCO,,2026-03-30,2026-03-30,11100.0,PE,ULTRACEMCO26MAR11100PE,11.0,11.0,11.0,11.0,11.0,41.6,13051.9,1.3,50,50,1,555550.0,1,F1,50,,,,,
2026-02-18,2026-02-18,FO,NSE,STO,164917,,ULTRACEMCO,,2026-03-30,2026-03-30,11200.0,PE,ULTRACEMCO26MAR11200PE,0.0,0.0,0.0,40.1,40.1,40.1,13051.9,1.95,50,0,0,0.0,0,F1,50,,,,,
2026-02-18,2026-02-18,FO,NSE,STO,164921,,ULTRACEMCO,,2026-03-30,2026-03-30,11600.0,PE,ULTRACEMCO26MAR11600PE,0.0,0.0,0.0,23.0,23.0,23.0,13051.9,9.05,50,0,0,0.0,0,F1,50,,,,,
2026-02-18,2026-02-18,FO,NSE,STO,171453,,ULTRACEMCO,,2026-03-30,2026-03-30,12100.0,PE,ULTRACEMCO26MAR12100PE,0.0,0.0,0.0,113.05,113.05,113.05,13051.9,41.6,100,0,0,0.0,0,F1,50,,,,,
2026-02-18,2026-02-18,FO,NSE,STO,164941,,ULTRACEMCO,,2026-03-30,2026-03-30,13600.0,PE,ULTRACEMCO26MAR13600PE,0.0,0.0,0.0,1785.65,0.0,1785.65,13051.9,628.85,0,0,0,0.0,0,F1,50,,,,,
2026-02-18,2026-02-18,FO,NSE,STO,171469,,ULTRACEMCO,,2026-03-30,2026-03-30,13700.0,PE,ULTRACEMCO26MAR13700PE,0.0,0.0,0.0,1130.65,0.0,1130.65,13051.9,701.8,0,0,0,0.0,0,F1,50,,,,,
2026-02-18,2026-02-18,FO,NSE,STO,164945,,ULTRACEMCO,,2026-03-30,2026-03-30,14000.0,PE,ULTRACEMCO26MAR14000PE,0.0,0.0,0.0,1271.0,1271.0,1271.0,13051.9,940.5,150,0,0,0.0,0,F1,50,,,,,
2026-02-18,2026-02-18,FO,NSE,STO,171551,,ULTRACEMCO,,2026-04-28,2026-04-28,12400.0,PE,ULTRACEMCO26APR12400PE,0.0,0.0,0.0,411.65,0.0,411.65,13051.9,151.1,0,0,0,0.0,0,F1,50,,,,,
2026-02-18,2026-02-18,FO,NSE,STO,164854,,ULTRACEMCO,,2026-02-24,2026-02-24,13900.0,CE,ULTRACEMCO26FEB13900CE,5.75,6.4,3.2,3.7,3.7,5.75,13051.9,3.7,6750,-150,22,15294462.5,21,F1,50,,,,,
2026-02-18,2026-02-18,FO,NSE,STO,164830,,ULTRACEMCO,,2026-02-24,2026-02-24,11500.0,CE,ULTRACEMCO26FEB11500CE,0.0,0.0,0.0,601.15,0.0,601.15,13051.9,1562.3,0,0,0,0.0,0,F1,50,,,,,
2026-02-18,2026-02-18,FO,NSE,STO,164826,,ULTRACEMCO,,2026-02-24,2026-02-24,11100.0,CE,ULTRACEMCO26FEB11100CE,0.0,0.0,0.0,865.95,0.0,865.95,13051.9,1961.95,0,0,0,0.0,0,F1,50,,,,,
2026-02-18,2026-02-18,FO,NSE,STO,171442,,ULTRACEMCO,,2026-03-30,2026-03-30,11100.0,CE,ULTRACEMCO26MAR11100CE,0.0,0.0,0.0,1646.7,0.0,1646.7,13051.9,2019.9,0,0,0,0.0,0,F1,50,,,,,
2026-02-18,2026-02-18,FO,NSE,STO,164918,,ULTRACEMCO,,2026-03-30,2026-03-30,11400.0,CE,ULTRACEMCO26MAR11400CE,0.0,0.0,0.0,807.85,0.0,807.85,13051.9,1724.8,0,0,0,0.0,0,F1,50,,,,,
2026-02-18,2026-02-18,FO,NSE,STO,171456,,ULTRACEMCO,,2026-03-30,2026-03-30,12500.0,CE,ULTRACEMCO26MAR12500CE,725.0,725.0,725.0,725.0,725.0,678.0,13051.9,725.0,1550,100,2,1322500.0,1,F1,50,,,,,
2026-02-18,2026-02-18,FO,NSE,STO,171464,,ULTRACEMCO,,2026-03-30,2026-03-30,13300.0,CE,ULTRACEMCO26MAR13300CE,240.0,240.0,230.0,230.0,230.0,210.0,13051.9,265.55,300,150,4,2706750.0,4,F1,50,,,,,
2026-02-18,2026-02-18,FO,NSE,STO,164938,,ULTRACEMCO,,2026-03-30,2026-03-30,13400.0,CE,ULTRACEMCO26MAR13400CE,0.0,0.0,0.0,148.1,148.1,148.1,13051.9,227.0,650,0,0,0.0,0,F1,50,,,,,
2026-02-18,2026-02-18,FO,NSE,STO,171466,,ULTRACEMCO,,2026-03-30,2026-03-30,13500.0,CE,ULTRACEMCO26MAR13500CE,169.0,183.0,156.0,165.45,170.15,162.0,13051.9,165.45,4400,2100,119,81318070.0,80,F1,50,,,,,
2026-02-18,2026-02-18,FO,NSE,STO,164948,,ULTRACEMCO,,2026-03-30,2026-03-30,14400.0,CE,ULTRACEMCO26MAR14400CE,0.0,0.0,0.0,32.65,0.0,32.65,13051.9,32.15,0,0,0,0.0,0,F1,50,,,,,
2026-02-18,2026-02-18,FO,NSE,STO,148189,,ULTRACEMCO,,2026-02-24,2026-02-24,13400.0,CE,ULTRACEMCO26FEB13400CE,32.75,36.85,17.15,21.9,20.0,28.35,13051.9,21.9,29350,700,606,406794895.0,547,F1,50,,,,,
2026-02-18,2026-02-18,FO,NSE,STO,148179,,ULTRACEMCO,,2026-02-24,2026-02-24,12400.0,CE,ULTRACEMCO26FEB12400CE,625.05,625.05,600.0,600.0,600.0,581.1,13051.9,665.45,47150,-100,3,1952502.5,3,F1,50,,,,,
2026-02-18,2026-02-18,FO,NSE,STO,164832,,ULTRACEMCO,,2026-02-24,2026-02-24,11700.0,CE,ULTRACEMCO26FEB11700CE,0.0,0.0,0.0,490.2,0.0,490.2,13051.9,1362.45,0,0,0,0.0,0,F1,50,,,,,
2026-02-18,2026-02-18,FO,NSE,STO,171463,,ULTRACEMCO,,2026-03-30,2026-03-30,13100.0,PE,ULTRACEMCO26MAR13100PE,332.45,332.45,307.15,310.0,310.0,704.0,13051.9,325.4,100,100,4,2683702.5,4,F1,50,,,,,
2026-02-18,2026-02-18,FO,NSE,STO,164933,,ULTRACEMCO,,2026-03-30,2026-03-30,12800.0,PE,ULTRACEMCO26MAR12800PE,0.0,0.0,0.0,300.25,300.25,300.25,13051.9,197.45,750,0,0,0.0,0,F1,50,,,,,
2026-02-18,2026-02-18,FO,NSE,STO,171447,,ULTRACEMCO,,2026-03-30,2026-03-30,11500.0,PE,ULTRACEMCO26MAR11500PE,18.95,18.95,18.95,18.95,18.95,22.0,13051.9,6.35,1700,100,2,1151895.0,1,F1,50,,,,,
2026-02-18,2026-02-18,FO,NSE,STO,164910,,ULTRACEMCO,,2026-03-30,2026-03-30,10600.0,CE,ULTRACEMCO26MAR10600CE,0.0,0.0,0.0,1377.0,0.0,1377.0,13051.9,2515.7,0,0,0,0.0,0,F1,50,,,,,
2026-02-18,2026-02-18,FO,NSE,STO,164922,,ULTRACEMCO,,2026-03-30,2026-03-30,11800.0,CE,ULTRACEMCO26MAR11800CE,0.0,0.0,0.0,588.15,0.0,588.15,13051.9,1340.25,0,0,0,0.0,0,F1,50,,,,,
2026-02-18,2026-02-18,FO,NSE,STO,164926,,ULTRACEMCO,,2026-03-30,2026-03-30,12200.0,CE,ULTRACEMCO26MAR12200CE,0.0,0.0,0.0,413.45,0.0,413.45,13051.9,979.2,0,0,0,0.0,0,F1,50,,,,,
2026-02-18,2026-02-18,FO,NSE,STO,164932,,ULTRACEMCO,,2026-03-30,2026-03-30,12800.0,CE,ULTRACEMCO26MAR12800CE,500.0,500.0,500.0,500.0,500.0,450.0,13051.9,500.0,1600,50,1,665000.0,1,F1,50,,,,,
2026-02-18,2026-02-18,FO,NSE,STO,164940,,ULTRACEMCO,,2026-03-30,2026-03-30,13600.0,CE,ULTRACEMCO26MAR13600CE,144.0,158.0,135.0,135.0,135.0,140.15,13051.9,135.0,1000,900,24,16497195.0,9,F1,50,,,,,
2026-02-18,2026-02-18,FO,NSE,STO,171472,,ULTRACEMCO,,2026-03-30,2026-03-30,14100.0,CE,ULTRACEMCO26MAR14100CE,0.0,0.0,0.0,43.05,43.05,43.05,13051.9,62.25,50,0,0,0.0,0,F1,50,,,,,
2026-02-18,2026-02-18,FO,NSE,STO,171556,,ULTRACEMCO,,2026-04-28,2026-04-28,13000.0,CE,ULTRACEMCO26APR13000CE,0.0,0.0,0.0,495.45,0.0,495.45,13051.9,543.85,0,0,0,0.0,0,F1,50,,,,,
2026-02-18,2026-02-18,FO,NSE,STO,164827,,ULTRACEMCO,,2026-02-24,2026-02-24,11100.0,PE,ULTRACEMCO26FEB11100PE,0.0,0.0,0.0,2.0,2.15,2.0,13051.9,0.05,1950,0,0,0.0,0,F1,50,,,,,
2026-02-18,2026-02-18,FO,NSE,STO,164839,,ULTRACEMCO,,2026-02-24,2026-02-24,12300.0,PE,ULTRACEMCO26FEB12300PE,9.05,9.05,5.4,5.95,6.55,12.3,13051.9,5.95,13400,-3200,248,152607827.5,185,F1,50,,,,,
2026-02-18,2026-02-18,FO,NSE,STO,171555,,ULTRACEMCO,,2026-04-28,2026-04-28,12800.0,PE,ULTRACEMCO26APR12800PE,0.0,0.0,0.0,598.3,0.0,598.3,13051.9,275.3,0,0,0,0.0,0,F1,50,,,,,
2026-02-18,2026-02-18,FO,NSE,STO,171545,,ULTRACEMCO,,2026-04-28,2026-04-28,11800.0,PE,ULTRACEMCO26APR11800PE,0.0,0.0,0.0,210.25,0.0,210.25,13051.9,49.0,0,0,0,0.0,0,F1,50,,,,,
2026-02-18,2026-02-18,FO,NSE,STO,171541,,ULTRACEMCO,,2026-04-28,2026-04-28,11400.0,PE,ULTRACEMCO26APR11400PE,0.0,0.0,0.0,122.45,0.0,122.45,13051.9,19.35,0,0,0,0.0,0,F1,50,,,,,
2026-02-18,2026-02-18,FO,NSE,STO,171537,,ULTRACEMCO,,2026-04-28,2026-04-28,11000.0,PE,ULTRACEMCO26APR11000PE,0.0,0.0,0.0,65.7,0.0,65.7,13051.9,6.45,0,0,0,0.0,0,F1,50,,,,,
2026-02-18,2026-02-18,FO,NSE,STO,171535,,ULTRACEMCO,,2026-04-28,2026-04-28,10800.0,PE,ULTRACEMCO26APR10800PE,0.0,0.0,0.0,46.45,0.0,46.45,13051.9,3.45,0,0,0,0.0,0,F1,50,,,,,
2026-02-18,2026-02-18,FO,NSE,STO,164935,,ULTRACEMCO,,2026-03-30,2026-03-30,13000.0,PE,ULTRACEMCO26MAR13000PE,291.0,291.0,250.0,250.85,253.0,307.0,13051.9,250.85,5900,2000,59,39134785.0,52,F1,50,,,,,
2026-02-18,2026-02-18,FO,NSE,STO,171459,,ULTRACEMCO,,2026-03-30,2026-03-30,12700.0,PE,ULTRACEMCO26MAR12700PE,0.0,0.0,0.0,173.4,168.65,173.4,13051.9,163.8,250,0,0,0.0,0,F1,50,,,,,
2026-02-18,2026-02-18,FO,NSE,STO,148198,,ULTRACEMCO,,2026-02-24,2026-02-24,14200.0,PE,ULTRACEMCO26FEB14200PE,0.0,0.0,0.0,2446.65,0.0,2446.65,13051.9,1135.3,0,0,0,0.0,0,F1,50,,,,,
2026-02-18,2026-02-18,FO,NSE,STF,59498,,ULTRACEMCO,,2026-02-24,2026-02-24,,,ULTRACEMCO26FEBFUT,12996.0,13094.0,12983.0,13034.0,13048.0,12972.0,13051.9,13034.0,1971600,-74350,3411,2220577750.0,3071,F1,50,,,,,
2026-02-18,2026-02-18,FO,NSE,STO,164840,,ULTRACEMCO,,2026-02-24,2026-02-24,12500.0,CE,ULTRACEMCO26FEB12500CE,556.6,574.5,500.0,525.25,525.25,492.8,13051.9,525.25,18350,-400,41,26709017.5,35,F1,50,,,,,
2026-02-18,2026-02-18,FO,NSE,STO,164842,,ULTRACEMCO,,2026-02-24,2026-02-24,12700.0,CE,ULTRACEMCO26FEB12700CE,401.0,404.0,315.95,352.25,353.65,319.0,13051.9,352.25,14150,-950,105,68480495.0,96,F1,50,,,,,
2026-02-18,2026-02-18,FO,NSE,STO,164835,,ULTRACEMCO,,2026-02-24,2026-02-24,11900.0,PE,ULTRACEMCO26FEB11900PE,3.1,3.95,3.1,3.5,3.1,8.0,13051.9,3.5,5350,50,5,2975855.0,5,F1,50,,,,,
2026-02-18,2026-02-18,FO,NSE,STO,148168,,ULTRACEMCO,,2026-02-24,2026-02-24,11200.0,PE,ULTRACEMCO26FEB11200PE,2.15,2.15,0.6,0.8,0.6,1.85,13051.9,0.8,43950,-2150,699,391477012.5,575,F1,50,,,,,
2026-02-18,2026-02-18,FO,NSE,STO,171568,,ULTRACEMCO,,2026-04-28,2026-04-28,14200.0,CE,ULTRACEMCO26APR14200CE,0.0,0.0,0.0,159.1,0.0,159.1,13051.9,125.9,0,0,0,0.0,0,F1,50,,,,,
2026-02-18,2026-02-18,FO,NSE,STO,171558,,ULTRACEMCO,,2026-04-28,2026-04-28,13200.0,CE,ULTRACEMCO26APR13200CE,0.0,0.0,0.0,417.6,0.0,417.6,13051.9,442.15,0,0,0,0.0,0,F1,50,,,,,
2026-02-18,2026-02-18,FO,NSE,STO,171540,,ULTRACEMCO,,2026-04-28,2026-04-28,11400.0,CE,ULTRACEMCO26APR11400CE,0.0,0.0,0.0,1486.05,0.0,1486.05,13051.9,1789.15,0,0,0,0.0,0,F1,50,,,,,
2026-02-18,2026-02-18,FO,NSE,STO,171470,,ULTRACEMCO,,2026-03-30,2026-03-30,13900.0,CE,ULTRACEMCO26MAR13900CE,0.0,0.0,0.0,125.75,0.0,125.75,13051.9,93.35,0,0,0,0.0,0,F1,50,,,,,
2026-02-18,2026-02-18,FO,NSE,STO,164936,,ULTRACEMCO,,2026-03-30,2026-03-30,13200.0,CE,ULTRACEMCO26MAR13200CE,274.9,280.25,265.05,273.4,280.2,265.3,13051.9,273.4,1050,50,11,7409610.0,11,F1,50,,,,,
2026-02-18,2026-02-18,FO,NSE,STO,164934,,ULTRACEMCO,,2026-03-30,2026-03-30,13000.0,CE,ULTRACEMCO26MAR13000CE,374.75,420.0,344.95,379.5,378.05,358.2,13051.9,379.5,6600,1900,283,189373975.0,180,F1,50,,,,,
2026-02-18,2026-02-18,FO,NSE,STO,171562,,ULTRACEMCO,,2026-04-28,2026-04-28,13600.0,CE,ULTRACEMCO26APR13600CE,0.0,0.0,0.0,290.0,0.0,290.0,13051.9,279.65,0,0,0,0.0,0,F1,50,,,,,
2026-02-18,2026-02-18,FO,NSE,STO,171448,,ULTRACEMCO,,2026-03-30,2026-03-30,11700.0,CE,ULTRACEMCO26MAR11700CE,0.0,0.0,0.0,1137.65,0.0,1137.65,13051.9,1434.85,0,0,0,0.0,0,F1,50,,,,,
2026-02-18,2026-02-18,FO,NSE,STO,148199,,ULTRACEMCO,,2026-02-24,2026-02-24,14400.0,CE,ULTRACEMCO26FEB14400CE,0.2,0.3,0.2,0.25,0.25,1.0,13051.9,0.25,25300,0,22,15840285.0,9,F1,50,,,,,
2026-02-18,2026-02-18,FO,NSE,STO,148185,,ULTRACEMCO,,2026-02-24,2026-02-24,13000.0,CE,ULTRACEMCO26FEB13000CE,140.0,182.5,110.0,129.1,134.9,130.3,13051.9,129.1,134400,-8050,4930,3238986950.0,3737,F1,50,,,,,
2026-02-18,2026-02-18,FO,NSE,STO,148173,,ULTRACEMCO,,2026-02-24,2026-02-24,11800.0,CE,ULTRACEMCO26FEB11800CE,0.0,0.0,0.0,1016.0,1016.0,1016.0,13051.9,1262.55,50,0,0,0.0,0,F1,50,,,,,
2026-02-18,2026-02-18,FO,NSE,STO,148161,,ULTRACEMCO,,2026-02-24,2026-02-24,10600.0,CE,ULTRACEMCO26FEB10600CE,0.0,0.0,0.0,1286.95,0.0,1286.95,13051.9,2461.5,0,0,0,0.0,0,F1,50,,,,,
2026-02-18,2026-02-18,FO,NSE,STO,171575,,ULTRACEMCO,,2026-04-28,2026-04-28,14800.0,PE,ULTRACEMCO26APR14800PE,0.0,0.0,0.0,2066.1,0.0,2066.1,13051.9,1644.6,0,0,0,0.0,0,F1,50,,,,,
2026-02-18,2026-02-18,FO,NSE,STO,171571,,ULTRACEMCO,,2026-04-28,2026-04-28,14400.0,PE,ULTRACEMCO26APR14400PE,0.0,0.0,0.0,1718.8,0.0,1718.8,13051.9,1292.8,0,0,0,0.0,0,F1,50,,,,,
2026-02-18,2026-02-18,FO,NSE,STO,171557,,ULTRACEMCO,,2026-04-28,2026-04-28,13000.0,PE,ULTRACEMCO26APR13000PE,0.0,0.0,0.0,707.35,0.0,707.35,13051.9,357.5,0,0,0,0.0,0,F1,50,,,,,
2026-02-18,2026-02-18,FO,NSE,STO,171539,,ULTRACEMCO,,2026-04-28,2026-04-28,11200.0,PE,ULTRACEMCO26APR11200PE,0.0,0.0,0.0,90.7,0.0,90.7,13051.9,11.4,0,0,0,0.0,0,F1,50,,,,,
2026-02-18,2026-02-18,FO,NSE,STO,164931,,ULTRACEMCO,,2026-03-30,2026-03-30,12600.0,PE,ULTRACEMCO26MAR12600PE,0.0,0.0,0.0,165.0,165.0,165.0,13051.9,134.4,500,0,0,0.0,0,F1,50,,,,,
2026-02-18,2026-02-18,FO,NSE,STO,164913,,ULTRACEMCO,,2026-03-30,2026-03-30,10800.0,PE,ULTRACEMCO26MAR10800PE,0.0,0.0,0.0,155.1,0.0,155.1,13051.9,0.3,0,0,0,0.0,0,F1,50,,,,,
2026-02-18,2026-02-18,FO,NSE,STO,148200,,ULTRACEMCO,,2026-02-24,2026-02-24,14400.0,PE,ULTRACEMCO26FEB14400PE,0.0,0.0,0.0,2634.2,0.0,2634.2,13051.9,1335.1,0,0,0,0.0,0,F1,50,,,,,
2026-02-18,2026-02-18,FO,NSE,STO,164847,,ULTRACEMCO,,2026-02-24,2026-02-24,13100.0,PE,ULTRACEMCO26FEB13100PE,172.9,187.85,138.75,154.0,150.0,217.55,13051.9,154.0,11800,1600,383,254014472.5,350,F1,50,,,,,
2026-02-18,2026-02-18,FO,NSE,STO,164841,,ULTRACEMCO,,2026-02-24,2026-02-24,12500.0,PE,ULTRACEMCO26FEB12500PE,22.9,22.9,9.8,10.6,10.15,22.9,13051.9,10.6,36200,-5800,603,377291957.5,448,F1,50,,,,,
2026-02-18,2026-02-18,FO,NSE,STO,164849,,ULTRACEMCO,,2026-02-24,2026-02-24,13300.0,PE,ULTRACEMCO26FEB13300PE,0.0,0.0,0.0,365.55,365.55,365.55,13051.9,283.25,800,0,0,0.0,0,F1,50,,,,,
2026-02-18,2026-02-18,FO,NSE,STO,164831,,ULTRACEMCO,,2026-02-24,2026-02-24,11500.0,PE,ULTRACEMCO26FEB11500PE,2.55,2.9,1.0,1.4,1.0,2.95,13051.9,1.4,23550,-100,67,38530865.0,50,F1,50,,,,,
2026-02-18,2026-02-18,FO,NSE,STO,148162,,ULTRACEMCO,,2026-02-24,2026-02-24,10600.0,PE,ULTRACEMCO26FEB10600PE,0.0,0.0,0.0,2.0,2.0,2.0,13051.9,0.05,100,0,0,0.0,0,F1,50,,,,,
2026-02-18,2026-02-18,FO,NSE,STO,171546,,ULTRACEMCO,,2026-04-28,2026-04-28,12000.0,CE,ULTRACEMCO26APR12000CE,0.0,0.0,0.0,1039.7,0.0,1039.7,13051.9,1249.75,0,0,0,0.0,0,F1,50,,,,,
2026-02-18,2026-02-18,FO,NSE,STO,171542,,ULTRACEMCO,,2026-04-28,2026-04-28,11600.0,CE,ULTRACEMCO26APR11600CE,0.0,0.0,0.0,1328.55,0.0,1328.55,13051.9,1603.3,0,0,0,0.0,0,F1,50,,,,,
2026-02-18,2026-02-18,FO,NSE,STO,164942,,ULTRACEMCO,,2026-03-30,2026-03-30,13800.0,CE,ULTRACEMCO26MAR13800CE,99.0,109.7,99.0,104.95,104.95,87.05,13051.9,104.95,3150,150,6,4170635.0,6,F1,50,,,,,
2026-02-18,2026-02-18,FO,NSE,STO,171458,,ULTRACEMCO,,2026-03-30,2026-03-30,12700.0,CE,ULTRACEMCO26MAR12700CE,0.0,0.0,0.0,370.0,370.0,370.0,13051.9,592.0,100,0,0,0.0,0,F1,50,,,,,
2026-02-18,2026-02-18,FO,NSE,STO,171452,,ULTRACEMCO,,2026-03-30,2026-03-30,12100.0,CE,ULTRACEMCO26MAR12100CE,0.0,0.0,0.0,845.35,0.0,845.35,13051.9,1066.25,0,0,0,0.0,0,F1,50,,,,,
2026-02-18,2026-02-18,FO,NSE,STO,164908,,ULTRACEMCO,,2026-03-30,2026-03-30,10400.0,CE,ULTRACEMCO26MAR10400CE,0.0,0.0,0.0,1542.3,0.0,1542.3,13051.9,2714.45,0,0,0,0.0,0,F1,50,,,,,
2026-02-18,2026-02-18,FO,NSE,STO,164852,,ULTRACEMCO,,2026-02-24,2026-02-24,13700.0,CE,ULTRACEMCO26FEB13700CE,10.0,11.65,4.45,5.85,7.35,10.0,13051.9,5.85,24800,20000,631,432421025.0,530,F1,50,,,,,
2026-02-18,2026-02-18,FO,NSE,STO,164848,,ULTRACEMCO,,2026-02-24,2026-02-24,13300.0,CE,ULTRACEMCO26FEB13300CE,46.2,57.8,27.85,34.55,37.5,43.0,13051.9,34.55,27000,150,1404,936527947.5,1122,F1,50,,,,,
2026-02-18,2026-02-18,FO,NSE,STO,164828,,ULTRACEMCO,,2026-02-24,2026-02-24,11300.0,CE,ULTRACEMCO26FEB11300CE,0.0,0.0,0.0,726.4,0.0,726.4,13051.9,1762.1,0,0,0,0.0,0,F1,50,,,,,
2026-02-18,2026-02-18,FO,NSE,STO,171457,,ULTRACEMCO,,2026-03-30,2026-03-30,12500.0,PE,ULTRACEMCO26MAR12500PE,110.0,113.9,98.65,101.0,98.65,152.2,13051.9,101.0,950,800,26,16391342.5,21,F1,50,,,,,
2026-02-18,2026-02-18,FO,NSE,STO,171547,,ULTRACEMCO,,2026-04-28,2026-04-28,12000.0,PE,ULTRACEMCO26APR12000PE,0.0,0.0,0.0,266.9,0.0,266.9,13051.9,73.75,0,0,0,0.0,0,F1,50,,,,,
2026-02-18,2026-02-18,FO,NSE,STO,171543,,ULTRACEMCO,,2026-04-28,2026-04-28,11600.0,PE,ULTRACEMCO26APR11600PE,0.0,0.0,0.0,161.9,0.0,161.9,13051.9,31.4,0,0,0,0.0,0,F1,50,,,,,
2026-02-18,2026-02-18,FO,NSE,STO,171455,,ULTRACEMCO,,2026-03-30,2026-03-30,12300.0,PE,ULTRACEMCO26MAR12300PE,77.0,77.5,66.5,75.0,69.85,72.2,13051.9,75.0,1150,-450,20,12374572.5,12,F1,50,,,,,
2026-02-18,2026-02-18,FO,NSE,STO,148197,,ULTRACEMCO,,2026-02-24,2026-02-24,14200.0,CE,ULTRACEMCO26FEB14200CE,0.7,1.75,0.4,1.1,0.65,1.1,13051.9,1.1,69550,-150,144,102246792.5,104,F1,50,,,,,
2026-02-18,2026-02-18,FO,NSE,STO,171468,,ULTRACEMCO,,2026-03-30,2026-03-30,13700.0,CE,ULTRACEMCO26MAR13700CE,0.0,0.0,0.0,91.85,91.85,91.85,13051.9,136.05,950,0,0,0.0,0,F1,50,,,,,
2026-02-18,2026-02-18,FO,NSE,STO,164952,,ULTRACEMCO,,2026-03-30,2026-03-30,14800.0,CE,ULTRACEMCO26MAR14800CE,0.0,0.0,0.0,15.0,15.0,15.0,13051.9,12.1,0,0,0,0.0,0,F1,50,,,,,
2026-02-18,2026-02-18,FO,NSE,STO,171538,,ULTRACEMCO,,2026-04-28,2026-04-28,11200.0,CE,ULTRACEMCO26APR11200CE,0.0,0.0,0.0,1651.2,0.0,1651.2,13051.9,1979.15,0,0,0,0.0,0,F1,50,,,,,
2026-02-18,2026-02-18,FO,NSE,STO,171560,,ULTRACEMCO,,2026-04-28,2026-04-28,13400.0,CE,ULTRACEMCO26APR13400CE,0.0,0.0,0.0,349.35,0.0,349.35,13051.9,354.25,0,0,0,0.0,0,F1,50,,,,,
2026-02-18,2026-02-18,FO,NSE,STO,171570,,ULTRACEMCO,,2026-04-28,2026-04-28,14400.0,CE,ULTRACEMCO26APR14400CE,0.0,0.0,0.0,128.35,0.0,128.35,13051.9,93.65,0,0,0,0.0,0,F1,50,,,,,
2026-02-18,2026-02-18,FO,NSE,STO,148170,,ULTRACEMCO,,2026-02-24,2026-02-24,11400.0,PE,ULTRACEMCO26FEB11400PE,0.0,0.0,0.0,2.6,2.6,2.6,13051.9,0.05,900,0,0,0.0,0,F1,50,,,,,
2026-02-18,2026-02-18,FO,NSE,STO,148180,,ULTRACEMCO,,2026-02-24,2026-02-24,12400.0,PE,ULTRACEMCO26FEB12400PE,11.85,11.9,6.75,7.2,7.35,15.95,13051.9,7.2,27350,-7000,637,395227150.0,419,F1,50,,,,,
2026-02-18,2026-02-18,FO,NSE,STO,148184,,ULTRACEMCO,,2026-02-24,2026-02-24,12800.0,PE,ULTRACEMCO26FEB12800PE,73.9,73.95,34.55,37.5,36.0,75.2,13051.9,37.5,31250,100,711,456726170.0,608,F1,50,,,,,
2026-02-18,2026-02-18,FO,NSE,STO,148204,,ULTRACEMCO,,2026-02-24,2026-02-24,14800.0,PE,ULTRACEMCO26FEB14800PE,0.0,0.0,0.0,3015.0,0.0,3015.0,13051.9,1734.75,0,0,0,0.0,0,F1,50,,,,,
2026-02-18,2026-02-18,FO,NSE,STO,171445,,ULTRACEMCO,,2026-03-30,2026-03-30,11300.0,PE,ULTRACEMCO26MAR11300PE,0.0,0.0,0.0,46.35,46.35,46.35,13051.9,2.95,850,0,0,0.0,0,F1,50,,,,,
2026-02-18,2026-02-18,FO,NSE,STO,171449,,ULTRACEMCO,,2026-03-30,2026-03-30,11700.0,PE,ULTRACEMCO26MAR11700PE,0.0,0.0,0.0,50.4,50.4,50.4,13051.9,12.65,800,0,0,0.0,0,F1,50,,,,,
2026-02-18,2026-02-18,FO,NSE,STO,164923,,ULTRACEMCO,,2026-03-30,2026-03-30,11800.0,PE,ULTRACEMCO26MAR11800PE,0.0,0.0,0.0,60.0,60.0,60.0,13051.9,17.45,2200,0,0,0.0,0,F1,50,,,,,
2026-02-18,2026-02-18,FO,NSE,STO,164925,,ULTRACEMCO,,2026-03-30,2026-03-30,12000.0,PE,ULTRACEMCO26MAR12000PE,41.05,44.05,37.55,39.7,38.05,48.8,13051.9,39.7,5200,200,71,42748390.0,62,F1,50,,,,,
2026-02-18,2026-02-18,FO,NSE,STO,164929,,ULTRACEMCO,,2026-03-30,2026-03-30,12400.0,PE,ULTRACEMCO26MAR12400PE,86.0,92.7,82.0,83.0,83.0,101.5,13051.9,83.0,1050,250,21,13109720.0,14,F1,50,,,,,
2026-02-18,2026-02-18,FO,NSE,STO,171467,,ULTRACEMCO,,2026-03-30,2026-03-30,13500.0,PE,ULTRACEMCO26MAR13500PE,0.0,0.0,0.0,605.0,605.0,605.0,13051.9,559.7,50,0,0,0.0,0,F1,50,,,,,
2026-02-18,2026-02-18,FO,NSE,STO,164951,,ULTRACEMCO,,2026-03-30,2026-03-30,14600.0,PE,ULTRACEMCO26MAR14600PE,0.0,0.0,0.0,2703.55,0.0,2703.55,13051.9,1480.35,0,0,0,0.0,0,F1,50,,,,,
2026-02-18,2026-02-18,FO,NSE,STO,171549,,ULTRACEMCO,,2026-04-28,2026-04-28,12200.0,PE,ULTRACEMCO26APR12200PE,0.0,0.0,0.0,334.1,0.0,334.1,13051.9,107.25,0,0,0,0.0,0,F1,50,,,,,
2026-02-18,2026-02-18,FO,NSE,STO,171553,,ULTRACEMCO,,2026-04-28,2026-04-28,12600.0,PE,ULTRACEMCO26APR12600PE,0.0,0.0,0.0,499.75,0.0,499.75,13051.9,206.75,0,0,0,0.0,0,F1,50,,,,,
2026-02-18,2026-02-18,FO,NSE,STF,67034,,ULTRACEMCO,,2026-04-28,2026-04-28,,,ULTRACEMCO26APRFUT,13213.0,13242.0,13149.0,13206.0,13210.0,13140.0,13051.9,13206.0,5350,100,11,7259350.0,11,F1,50,,,,,
2026-02-18,2026-02-18,FO,NSE,STO,148165,,ULTRACEMCO,,2026-02-24,2026-02-24,11000.0,CE,ULTRACEMCO26FEB11000CE,0.0,0.0,0.0,1725.0,1725.0,1725.0,13051.9,2061.85,650,0,0,0.0,0,F1,50,,,,,
2026-02-18,2026-02-18,FO,NSE,STO,148177,,ULTRACEMCO,,2026-02-24,2026-02-24,12200.0,CE,ULTRACEMCO26FEB12200CE,0.0,0.0,0.0,770.35,770.55,770.35,13051.9,863.25,2900,0,0,0.0,0,F1,50,,,,,
2026-02-18,2026-02-18,FO,NSE,STO,148187,,ULTRACEMCO,,2026-02-24,2026-02-24,13200.0,CE,ULTRACEMCO26FEB13200CE,69.9,87.5,45.55,54.95,58.0,64.0,13051.9,54.95,53750,-14550,3898,2585466655.0,2584,F1,50,,,,,
2026-02-18,2026-02-18,FO,NSE,STO,148202,,ULTRACEMCO,,2026-02-24,2026-02-24,14600.0,PE,ULTRACEMCO26FEB14600PE,0.0,0.0,0.0,2823.8,0.0,2823.8,13051.9,1534.9,0,0,0,0.0,0,F1,50,,,,,
2026-02-18,2026-02-18,FO,NSE,STO,148196,,ULTRACEMCO,,2026-02-24,2026-02-24,14000.0,PE,ULTRACEMCO26FEB14000PE,0.0,0.0,0.0,950.0,950.0,950.0,13051.9,935.8,50,0,0,0.0,0,F1,50,,,,,
2026-02-18,2026-02-18,FO,NSE,STO,164844,,ULTRACEMCO,,2026-02-24,2026-02-24,12900.0,CE,ULTRACEMCO26FEB12900CE,199.95,249.9,167.55,190.5,195.7,182.8,13051.9,190.5,28750,-6400,696,455821032.5,578,F1,50,,,,,
2026-02-18,2026-02-18,FO,NSE,STO,164853,,ULTRACEMCO,,2026-02-24,2026-02-24,13700.0,PE,ULTRACEMCO26FEB13700PE,0.0,0.0,0.0,1896.05,0.0,1896.05,13051.9,639.7,0,0,0,0.0,0,F1,50,,,,,
2026-02-18,2026-02-18,FO,NSE,STO,148192,,ULTRACEMCO,,2026-02-24,2026-02-24,13600.0,PE,ULTRACEMCO26FEB13600PE,604.4,608.5,591.4,608.5,608.5,643.25,13051.9,543.9,200,150,8,5679792.5,8,F1,50,,,,,
2026-02-18,2026-02-18,FO,NSE,STO,148178,,ULTRACEMCO,,2026-02-24,2026-02-24,12200.0,PE,ULTRACEMCO26FEB12200PE,6.5,7.25,4.55,4.6,4.55,9.6,13051.9,4.6,18950,-6250,292,178206967.5,237,F1,50,,,,,
2026-02-18,2026-02-18,FO,NSE,STO,148172,,ULTRACEMCO,,2026-02-24,2026-02-24,11600.0,PE,ULTRACEMCO26FEB11600PE,0.0,0.0,0.0,3.55,3.55,3.55,13051.9,0.05,7150,0,0,0.0,0,F1,50,,,,,
2026-02-18,2026-02-18,FO,NSE,STO,164823,,ULTRACEMCO,,2026-02-24,2026-02-24,10700.0,PE,ULTRACEMCO26FEB10700PE,0.0,0.0,0.0,12.0,12.0,12.0,13051.9,0.05,100,0,0,0.0,0,F1,50,,,,,
2026-02-18,2026-02-18,FO,NSE,STO,171536,,ULTRACEMCO,,2026-04-28,2026-04-28,11000.0,CE,ULTRACEMCO26APR11000CE,0.0,0.0,0.0,1823.15,0.0,1823.15,13051.9,2172.15,0,0,0,0.0,0,F1,50,,,,,
2026-02-18,2026-02-18,FO,NSE,STO,171534,,ULTRACEMCO,,2026-04-28,2026-04-28,10800.0,CE,ULTRACEMCO26APR10800CE,0.0,0.0,0.0,2000.8,0.0,2000.8,13051.9,2367.1,0,0,0,0.0,0,F1,50,,,,,
2026-02-18,2026-02-18,FO,NSE,STO,164946,,ULTRACEMCO,,2026-03-30,2026-03-30,14200.0,CE,ULTRACEMCO26MAR14200CE,48.25,48.25,48.25,48.25,48.25,43.9,13051.9,50.3,300,50,1,712412.5,1,F1,50,,,,,
2026-02-18,2026-02-18,FO,NSE,STO,148163,,ULTRACEMCO,,2026-02-24,2026-02-24,10800.0,CE,ULTRACEMCO26FEB10800CE,0.0,0.0,0.0,1137.25,0.0,1137.25,13051.9,2261.65,0,0,0,0.0,0,F1,50,,,,,
2026-02-18,2026-02-18,FO,NSE,STO,164912,,ULTRACEMCO,,2026-03-30,2026-03-30,10800.0,CE,ULTRACEMCO26MAR10800CE,0.0,0.0,0.0,1220.05,0.0,1220.05,13051.9,2317.1,0,0,0,0.0,0,F1,50,,,,,
2026-02-18,2026-02-18,FO,NSE,STO,171450,,ULTRACEMCO,,2026-03-30,2026-03-30,11900.0,CE,ULTRACEMCO26MAR11900CE,0.0,0.0,0.0,665.5,665.5,665.5,13051.9,1247.1,150,0,0,0.0,0,F1,50,,,,,
2026-02-18,2026-02-18,FO,NSE,STO,171565,,ULTRACEMCO,,2026-04-28,2026-04-28,13800.0,PE,ULTRACEMCO26APR13800PE,0.0,0.0,0.0,1239.3,0.0,1239.3,13051.9,822.9,0,0,0,0.0,0,F1,50,,,,,
2026-02-18,2026-02-18,FO,NSE,STO,171563,,ULTRACEMCO,,2026-04-28,2026-04-28,13600.0,PE,ULTRACEMCO26APR13600PE,0.0,0.0,0.0,1092.75,0.0,1092.75,13051.9,687.1,0,0,0,0.0,0,F1,50,,,,,
2026-02-18,2026-02-18,FO,NSE,STO,164909,,ULTRACEMCO,,2026-03-30,2026-03-30,10400.0,PE,ULTRACEMCO26MAR10400PE,0.0,0.0,0.0,83.3,0.0,83.3,13051.9,0.05,0,0,0,0.0,0,F1,50,,,,,
2026-02-18,2026-02-18,FO,NSE,STO,171446,,ULTRACEMCO,,2026-03-30,2026-03-30,11500.0,CE,ULTRACEMCO26MAR11500CE,0.0,0.0,0.0,1299.15,0.0,1299.15,13051.9,1627.35,0,0,0,0.0,0,F1,50,,,,,
2026-02-18,2026-02-18,FO,NSE,STO,164856,,ULTRACEMCO,,2026-02-24,2026-02-24,14100.0,CE,ULTRACEMCO26FEB14100CE,0.0,0.0,0.0,10.0,10.0,10.0,13051.9,0.15,150,0,0,0.0,0,F1,50,,,,,
2026-02-18,2026-02-18,FO,NSE,STO,148183,,ULTRACEMCO,,2026-02-24,2026-02-24,12800.0,CE,ULTRACEMCO26FEB12800CE,259.9,319.7,235.25,261.6,276.0,244.7,13051.9,261.6,27000,-3450,387,252795012.5,325,F1,50,,,,,
2026-02-18,2026-02-18,FO,NSE,STO,164836,,ULTRACEMCO,,2026-02-24,2026-02-24,12100.0,CE,ULTRACEMCO26FEB12100CE,927.0,927.0,927.0,927.0,927.0,836.95,13051.9,927.0,2300,0,1,651350.0,1,F1,50,,,,,
2026-02-18,2026-02-18,FO,NSE,STO,164834,,ULTRACEMCO,,2026-02-24,2026-02-24,11900.0,CE,ULTRACEMCO26FEB11900CE,0.0,0.0,0.0,881.2,881.2,881.2,13051.9,1162.65,100,0,0,0.0,0,F1,50,,,,,
2026-02-18,2026-02-18,FO,NSE,STF,52063,,ULTRACEMCO,,2026-03-30,2026-03-30,,,ULTRACEMCO26MARFUT,13085.0,13189.0,13069.0,13115.0,13128.0,13057.0,13051.9,13115.0,313000,74450,1898,1243474000.0,1629,F1,50,,,,,
2026-02-18,2026-02-18,FO,NSE,STO,171548,,ULTRACEMCO,,2026-04-28,2026-04-28,12200.0,CE,ULTRACEMCO26APR12200CE,0.0,0.0,0.0,909.95,0.0,909.95,13051.9,1085.35,0,0,0,0.0,0,F1,50,,,,,
2026-02-18,2026-02-18,FO,NSE,STO,148174,,ULTRACEMCO,,2026-02-24,2026-02-24,11800.0,PE,ULTRACEMCO26FEB11800PE,2.35,2.75,1.8,1.95,2.05,3.7,13051.9,1.95,29300,-400,87,51338942.5,78,F1,50,,,,,
2026-02-18,2026-02-18,FO,NSE,STO,164837,,ULTRACEMCO,,2026-02-24,2026-02-24,12100.0,PE,ULTRACEMCO26FEB12100PE,4.9,5.25,3.35,3.8,3.95,7.85,13051.9,3.8,5800,-350,62,37524685.0,36,F1,50,,,,,
2026-02-18,2026-02-18,FO,NSE,STO,148188,,ULTRACEMCO,,2026-02-24,2026-02-24,13200.0,PE,ULTRACEMCO26FEB13200PE,260.0,260.0,199.2,222.05,220.45,291.5,13051.9,222.05,4600,1350,143,96063097.5,135,F1,50,,,,,
2026-02-18,2026-02-18,FO,NSE,STO,148190,,ULTRACEMCO,,2026-02-24,2026-02-24,13400.0,PE,ULTRACEMCO26FEB13400PE,421.8,430.75,392.65,394.3,394.3,476.35,13051.9,394.3,1300,300,12,8286417.5,12,F1,50,,,,,
2026-02-18,2026-02-18,FO,NSE,STO,164937,,ULTRACEMCO,,2026-03-30,2026-03-30,13200.0,PE,ULTRACEMCO26MAR13200PE,0.0,0.0,0.0,1446.95,0.0,1446.95,13051.9,377.3,0,0,0,0.0,0,F1,50,,,,,
2026-02-18,2026-02-18,FO,NSE,STO,164939,,ULTRACEMCO,,2026-03-30,2026-03-30,13400.0,PE,ULTRACEMCO26MAR13400PE,0.0,0.0,0.0,1613.55,0.0,1613.55,13051.9,494.6,0,0,0,0.0,0,F1,50,,,,,
2026-02-18,2026-02-18,FO,NSE,STO,164943,,ULTRACEMCO,,2026-03-30,2026-03-30,13800.0,PE,ULTRACEMCO26MAR13800PE,0.0,0.0,0.0,1962.5,0.0,1962.5,13051.9,778.25,0,0,0,0.0,0,F1,50,,,,,
2026-02-18,2026-02-18,FO,NSE,STO,164949,,ULTRACEMCO,,2026-03-30,2026-03-30,14400.0,PE,ULTRACEMCO26MAR14400PE,0.0,0.0,0.0,2514.4,0.0,2514.4,13051.9,1293.75,0,0,0,0.0,0,F1,50,,,,,
2026-02-18,2026-02-18,FO,NSE,STO,171561,,ULTRACEMCO,,2026-04-28,2026-04-28,13400.0,PE,ULTRACEMCO26APR13400PE,0.0,0.0,0.0,955.1,0.0,955.1,13051.9,563.75,0,0,0,0.0,0,F1,50,,,,,
2026-02-18,2026-02-18,FO,NSE,STO,171569,,ULTRACEMCO,,2026-04-28,2026-04-28,14200.0,PE,ULTRACEMCO26APR14200PE,0.0,0.0,0.0,1552.6,0.0,1552.6,13051.9,1127.1,0,0,0,0.0,0,F1,50,,,,,
2026-02-18,2026-02-18,FO,NSE,STO,164833,,ULTRACEMCO,,2026-02-24,2026-02-24,11700.0,PE,ULTRACEMCO26FEB11700PE,0.0,0.0,0.0,3.3,3.3,3.3,13051.9,0.05,3700,0,0,0.0,0,F1,50,,,,,
2026-02-18,2026-02-18,FO,NSE,STO,164829,,ULTRACEMCO,,2026-02-24,2026-02-24,11300.0,PE,ULTRACEMCO26FEB11300PE,3.2,3.2,1.7,2.2,2.3,2.9,13051.9,2.2,21400,-400,69,38993005.0,59,F1,50,,,,,
2026-02-18,2026-02-18,FO,NSE,STO,171566,,ULTRACEMCO,,2026-04-28,2026-04-28,14000.0,CE,ULTRACEMCO26APR14000CE,0.0,0.0,0.0,195.8,0.0,195.8,13051.9,166.7,0,0,0,0.0,0,F1,50,,,,,
2026-02-18,2026-02-18,FO,NSE,STO,171564,,ULTRACEMCO,,2026-04-28,2026-04-28,13800.0,CE,ULTRACEMCO26APR13800CE,0.0,0.0,0.0,239.65,0.0,239.65,13051.9,217.55,0,0,0,0.0,0,F1,50,,,,,
2026-02-18,2026-02-18,FO,NSE,STO,164920,,ULTRACEMCO,,2026-03-30,2026-03-30,11600.0,CE,ULTRACEMCO26MAR11600CE,0.0,0.0,0.0,692.3,0.0,692.3,13051.9,1530.65,0,0,0,0.0,0,F1,50,,,,,
2026-02-18,2026-02-18,FO,NSE,STO,148186,,ULTRACEMCO,,2026-02-24,2026-02-24,13000.0,PE,ULTRACEMCO26FEB13000PE,158.35,158.35,92.0,99.15,94.2,161.25,13051.9,99.15,36400,300,1618,1060995540.0,1340,F1,50,,,,,
2026-02-18,2026-02-18,FO,NSE,STO,164919,,ULTRACEMCO,,2026-03-30,2026-03-30,11400.0,PE,ULTRACEMCO26MAR11400PE,0.0,0.0,0.0,334.05,0.0,334.05,13051.9,4.35,0,0,0,0.0,0,F1,50,,,,,
2026-02-18,2026-02-18,FO,NSE,STO,171461,,ULTRACEMCO,,2026-03-30,2026-03-30,12900.0,PE,ULTRACEMCO26MAR12900PE,250.0,250.0,215.0,215.0,215.0,257.65,13051.9,215.0,450,200,8,5251292.5,8,F1,50,,,,,
2026-02-18,2026-02-18,FO,NSE,STO,171465,,ULTRACEMCO,,2026-03-30,2026-03-30,13300.0,PE,ULTRACEMCO26MAR13300PE,0.0,0.0,0.0,835.75,0.0,835.75,13051.9,433.75,0,0,0,0.0,0,F1,50,,,,,
2026-02-18,2026-02-18,FO,NSE,STO,171471,,ULTRACEMCO,,2026-03-30,2026-03-30,13900.0,PE,ULTRACEMCO26MAR13900PE,830.6,831.05,830.6,831.05,831.05,1188.85,13051.9,857.95,300,0,6,4419247.5,2,F1,50,,,,,
2026-02-18,2026-02-18,FO,NSE,STO,164947,,ULTRACEMCO,,2026-03-30,2026-03-30,14200.0,PE,ULTRACEMCO26MAR14200PE,1133.05,1134.05,1133.05,1134.05,1134.05,1440.7,13051.9,1113.1,0,-250,5,3833362.5,3,F1,50,,,,,
2026-02-18,2026-02-18,FO,NSE,STO,164916,,ULTRACEMCO,,2026-03-30,2026-03-30,11200.0,CE,ULTRACEMCO26MAR11200CE,0.0,0.0,0.0,934.55,0.0,934.55,13051.9,1921.15,0,0,0,0.0,0,F1,50,,,,,
2026-02-18,2026-02-18,FO,NSE,STO,171550,,ULTRACEMCO,,2026-04-28,2026-04-28,12400.0,CE,ULTRACEMCO26APR12400CE,0.0,0.0,0.0,790.55,0.0,790.55,13051.9,931.25,0,0,0,0.0,0,F1,50,,,,,
2026-02-18,2026-02-18,FO,NSE,STO,148169,,ULTRACEMCO,,2026-02-24,2026-02-24,11400.0,CE,ULTRACEMCO26FEB11400CE,0.0,0.0,0.0,747.3,0.0,747.3,13051.9,1662.2,0,0,0,0.0,0,F1,50,,,,,
2026-02-18,2026-02-18,FO,NSE,STO,164838,,ULTRACEMCO,,2026-02-24,2026-02-24,12300.0,CE,ULTRACEMCO26FEB12300CE,746.95,761.65,714.55,715.0,715.0,668.2,13051.9,763.95,9750,-200,14,9128432.5,14,F1,50,,,,,
2026-02-18,2026-02-18,FO,NSE,STO,164850,,ULTRACEMCO,,2026-02-24,2026-02-24,13500.0,CE,ULTRACEMCO26FEB13500CE,21.05,25.0,10.9,15.4,17.25,19.75,13051.9,15.4,43100,-9150,1589,1073864120.0,1286,F1,50,,,,,
2026-02-18,2026-02-18,FO,NSE,STO,164914,,ULTRACEMCO,,2026-03-30,2026-03-30,11000.0,CE,ULTRACEMCO26MAR11000CE,0.0,0.0,0.0,1072.65,0.0,1072.65,13051.9,2118.8,0,0,0,0.0,0,F1,50,,,,,
2026-02-18,2026-02-18,FO,NSE,STO,171462,,ULTRACEMCO,,2026-03-30,2026-03-30,13100.0,CE,ULTRACEMCO26MAR13100CE,333.0,337.1,293.9,327.35,325.0,310.0,13051.9,327.35,2250,1000,40,26864522.5,30,F1,50,,,,,
2026-02-18,2026-02-18,FO,NSE,STO,164845,,ULTRACEMCO,,2026-02-24,2026-02-24,12900.0,PE,ULTRACEMCO26FEB12900PE,90.05,100.1,57.25,62.3,61.8,113.4,13051.9,62.3,53250,1250,873,566337422.5,801,F1,50,,,,,
2026-02-18,2026-02-18,FO,NSE,STO,148195,,ULTRACEMCO,,2026-02-24,2026-02-24,14000.0,CE,ULTRACEMCO26FEB14000CE,4.0,4.7,2.0,3.35,2.9,4.2,13051.9,3.35,47300,-2500,447,312968905.0,315,F1,50,,,,,
2026-02-18,2026-02-18,FO,NSE,STO,148203,,ULTRACEMCO,,2026-02-24,2026-02-24,14800.0,CE,ULTRACEMCO26FEB14800CE,0.0,0.0,0.0,18.05,0.0,18.05,13051.9,0.05,0,0,0,0.0,0,F1,50,,,,,
2026-02-18,2026-02-18,FO,NSE,STO,171460,,ULTRACEMCO,,2026-03-30,2026-03-30,12900.0,CE,ULTRACEMCO26MAR12900CE,439.85,439.85,438.0,438.0,438.0,400.0,13051.9,464.95,800,0,3,2000885.0,3,F1,50,,,,,
2026-02-18,2026-02-18,FO,NSE,STO,171544,,ULTRACEMCO,,2026-04-28,2026-04-28,11800.0,CE,ULTRACEMCO26APR11800CE,0.0,0.0,0.0,1179.95,0.0,1179.95,13051.9,1422.95,0,0,0,0.0,0,F1,50,,,,,
2026-02-18,2026-02-18,FO,NSE,STO,164911,,ULTRACEMCO,,2026-03-30,2026-03-30,10600.0,PE,ULTRACEMCO26MAR10600PE,0.0,0.0,0.0,115.05,0.0,115.05,13051.9,0.1,0,0,0,0.0,0,F1,50,,,,,
2026-02-18,2026-02-18,FO,NSE,STO,148201,,ULTRACEMCO,,2026-02-24,2026-02-24,14600.0,CE,ULTRACEMCO26FEB14600CE,0.0,0.0,0.0,1.05,1.05,1.05,13051.9,0.05,6050,0,0,0.0,0,F1,50,,,,,
2026-02-18,2026-02-18,FO,NSE,STO,171451,,ULTRACEMCO,,2026-03-30,2026-03-30,11900.0,PE,ULTRACEMCO26MAR11900PE,35.0,35.9,33.85,35.0,35.0,44.95,13051.9,23.65,1450,-400,12,7160755.0,11,F1,50,,,,,
2026-02-18,2026-02-18,FO,NSE,STO,148182,,ULTRACEMCO,,2026-02-24,2026-02-24,12600.0,PE,ULTRACEMCO26FEB12600PE,25.0,25.0,14.05,15.8,14.55,33.65,13051.9,15.8,22500,3150,583,367868705.0,477,F1,50,,,,,
2026-02-18,2026-02-18,FO,NSE,STO,148176,,ULTRACEMCO,,2026-02-24,2026-02-24,12000.0,PE,ULTRACEMCO26FEB12000PE,5.5,5.55,3.15,4.35,4.4,6.5,13051.9,4.35,37200,-2850,257,154260827.5,198,F1,50,,,,,
2026-02-18,2026-02-18,FO,NSE,STO,148181,,ULTRACEMCO,,2026-02-24,2026-02-24,12600.0,CE,ULTRACEMCO26FEB12600CE,479.35,489.25,410.0,445.3,449.95,381.0,13051.9,445.3,11600,-50,33,21531820.0,33,F1,50,,,,,
2026-02-18,2026-02-18,FO,NSE,STO,148167,,ULTRACEMCO,,2026-02-24,2026-02-24,11200.0,CE,ULTRACEMCO26FEB11200CE,0.0,0.0,0.0,1629.5,1629.5,1629.5,13051.9,1862.0,650,0,0,0.0,0,F1,50,,,,,
2026-02-18,2026-02-18,FO,NSE,STO,171559,,ULTRACEMCO,,2026-04-28,2026-04-28,13200.0,PE,ULTRACEMCO26APR13200PE,0.0,0.0,0.0,826.45,0.0,826.45,13051.9,453.7,0,0,0,0.0,0,F1,50,,,,,
2026-02-18,2026-02-18,FO,NSE,STO,171473,,ULTRACEMCO,,2026-03-30,2026-03-30,14100.0,PE,ULTRACEMCO26MAR14100PE,0.0,0.0,0.0,1459.4,0.0,1459.4,13051.9,1025.65,0,0,0,0.0,0,F1,50,,,,,
2026-02-18,2026-02-18,FO,NSE,STO,164927,,ULTRACEMCO,,2026-03-30,2026-03-30,12200.0,PE,ULTRACEMCO26MAR12200PE,58.0,58.0,58.0,58.0,58.0,76.9,13051.9,58.0,450,100,2,1225800.0,1,F1,50,,,,,
2026-02-18,2026-02-18,FO,NSE,STO,171454,,ULTRACEMCO,,2026-03-30,2026-03-30,12300.0,CE,ULTRACEMCO26MAR12300CE,0.0,0.0,0.0,716.9,0.0,716.9,13051.9,894.95,0,0,0,0.0,0,F1,50,,,,,
2026-02-18,2026-02-18,FO,NSE,STO,92888,,DLF,,2026-02-24,2026-02-24,630.0,CE,DLF26FEB630CE,16.75,19.15,11.45,17.6,17.35,16.6,642.45,17.6,499950,-13200,1203,640021965.0,971,F1,825,,,,,
2026-02-18,2026-02-18,FO,NSE,STO,105138,,DLF,,2026-03-30,2026-03-30,610.0,CE,DLF26MAR610CE,0.0,0.0,0.0,38.0,0.0,38.0,642.45,46.7,0,0,0,0.0,0,F1,825,,,,,
2026-02-18,2026-02-18,FO,NSE,STO,93047,,DLF,,2026-03-30,2026-03-30,740.0,CE,DLF26MAR740CE,3.35,3.35,2.5,2.8,2.7,3.55,642.45,2.8,33825,-1650,47,28800296.25,34,F1,825,,,,,
2026-02-18,2026-02-18,FO,NSE,STO,93129,,DLF,,2026-03-30,2026-03-30,840.0,CE,DLF26MAR840CE,0.6,0.6,0.5,0.5,0.5,0.05,642.45,0.5,3300,2475,3,2080402.5,3,F1,825,,,,,
2026-02-18,2026-02-18,FO,NSE,STO,105216,,DLF,,2026-04-28,2026-04-28,660.0,CE,DLF26APR660CE,0.0,0.0,0.0,26.7,0.0,26.7,642.45,28.35,0,0,0,0.0,0,F1,825,,,,,
2026-02-18,2026-02-18,FO,NSE,STO,105226,,DLF,,2026-04-28,2026-04-28,720.0,CE,DLF26APR720CE,0.0,0.0,0.0,12.4,0.0,12.4,642.45,10.55,0,0,0,0.0,0,F1,825,,,,,
2026-02-18,2026-02-18,FO,NSE,STO,105243,,DLF,,2026-04-28,2026-04-28,760.0,CE,DLF26APR760CE,0.0,0.0,0.0,7.05,0.0,7.05,642.45,4.85,0,0,0,0.0,0,F1,825,,,,,
2026-02-18,2026-02-18,FO,NSE,STO,89943,,DLF,,2026-02-24,2026-02-24,480.0,PE,DLF26FEB480PE,0.1,0.1,0.1,0.1,0.1,0.25,642.45,0.05,66825,-3300,59,23368867.5,14,F1,825,,,,,
2026-02-18,2026-02-18,FO,NSE,STO,89959,,DLF,,2026-02-24,2026-02-24,520.0,PE,DLF26FEB520PE,0.2,0.2,0.1,0.1,0.1,0.25,642.45,0.05,412500,-10725,32,13732702.5,23,F1,825,,,,,
2026-02-18,2026-02-18,FO,NSE,STO,92893,,DLF,,2026-02-24,2026-02-24,670.0,PE,DLF26FEB670PE,29.45,37.9,25.95,27.6,28.2,31.7,642.45,27.6,282150,-34650,105,60899313.75,95,F1,825,,,,,
2026-02-18,2026-02-18,FO,NSE,STO,89997,,DLF,,2026-02-24,2026-02-24,820.0,PE,DLF26FEB820PE,0.0,0.0,0.0,181.5,181.5,181.5,642.45,176.8,273900,0,0,0.0,0,F1,825,,,,,
2026-02-18,2026-02-18,FO,NSE,STO,93049,,DLF,,2026-03-30,2026-03-30,760.0,CE,DLF26MAR760CE,2.2,2.2,1.85,1.95,1.85,2.1,642.45,1.95,23925,0,25,15716580.0,17,F1,825,,,,,
2026-02-18,2026-02-18,FO,NSE,STO,89980,,DLF,,2026-02-24,2026-02-24,660.0,CE,DLF26FEB660CE,3.9,4.1,2.0,3.05,3.0,3.85,642.45,3.05,1918125,240075,2921,1597087635.0,2016,F1,825,,,,,
2026-02-18,2026-02-18,FO,NSE,STO,105240,,DLF,,2026-04-28,2026-04-28,740.0,PE,DLF26APR740PE,0.0,0.0,0.0,128.5,0.0,128.5,642.45,97.15,0,0,0,0.0,0,F1,825,,,,,
2026-02-18,2026-02-18,FO,NSE,STO,105198,,DLF,,2026-04-28,2026-04-28,560.0,PE,DLF26APR560PE,0.0,0.0,0.0,17.9,0.0,17.9,642.45,4.9,0,0,0,0.0,0,F1,825,,,,,
2026-02-18,2026-02-18,FO,NSE,STO,105153,,DLF,,2026-03-30,2026-03-30,750.0,PE,DLF26MAR750PE,110.0,112.0,102.1,102.85,103.35,108.25,642.45,102.85,9900,9075,11,7764900.0,7,F1,825,,,,,
2026-02-18,2026-02-18,FO,NSE,STO,105143,,DLF,,2026-03-30,2026-03-30,650.0,PE,DLF26MAR650PE,27.15,30.5,23.0,24.5,24.65,28.5,642.45,24.5,174900,43725,150,83915535.0,102,F1,825,,,,,
2026-02-18,2026-02-18,FO,NSE,STO,105133,,DLF,,2026-03-30,2026-03-30,550.0,PE,DLF26MAR550PE,3.1,3.1,2.15,2.25,2.2,10.3,642.45,2.25,5775,5775,13,5928450.0,13,F1,825,,,,,
2026-02-18,2026-02-18,FO,NSE,STO,105123,,DLF,,2026-03-30,2026-03-30,510.0,PE,DLF26MAR510PE,0.0,0.0,0.0,3.65,0.0,3.65,642.45,0.15,0,0,0,0.0,0,F1,825,,,,,
2026-02-18,2026-02-18,FO,NSE,STO,89975,,DLF,,2026-02-24,2026-02-24,600.0,PE,DLF26FEB600PE,1.2,1.7,0.55,0.65,0.6,1.4,642.45,0.65,1013100,-61050,696,345170512.5,496,F1,825,,,,,
2026-02-18,2026-02-18,FO,NSE,STO,105214,,DLF,,2026-04-28,2026-04-28,640.0,CE,DLF26APR640CE,0.0,0.0,0.0,33.7,0.0,33.7,642.45,37.7,0,0,0,0.0,0,F1,825,,,,,
2026-02-18,2026-02-18,FO,NSE,STO,105201,,DLF,,2026-04-28,2026-04-28,600.0,CE,DLF26APR600CE,0.0,0.0,0.0,51.95,0.0,51.95,642.45,61.95,0,0,0,0.0,0,F1,825,,,,,
2026-02-18,2026-02-18,FO,NSE,STO,89946,,DLF,,2026-02-24,2026-02-24,500.0,PE,DLF26FEB500PE,0.2,0.25,0.15,0.2,0.2,0.3,642.45,0.2,221925,9900,30,12379867.5,26,F1,825,,,,,
2026-02-18,2026-02-18,FO,NSE,STO,89994,,DLF,,2026-02-24,2026-02-24,800.0,CE,DLF26FEB800CE,0.05,0.1,0.05,0.1,0.1,0.15,642.45,0.1,117975,-825,8,5280453.75,6,F1,825,,,,,
2026-02-18,2026-02-18,FO,NSE,STO,89990,,DLF,,2026-02-24,2026-02-24,760.0,CE,DLF26FEB760CE,0.15,0.15,0.05,0.05,0.05,0.15,642.45,0.05,247500,0,11,6897990.0,10,F1,825,,,,,
2026-02-18,2026-02-18,FO,NSE,STO,105217,,DLF,,2026-04-28,2026-04-28,660.0,PE,DLF26APR660PE,0.0,0.0,0.0,67.05,0.0,67.05,642.45,39.1,0,0,0,0.0,0,F1,825,,,,,
2026-02-18,2026-02-18,FO,NSE,STO,105147,,DLF,,2026-03-30,2026-03-30,690.0,PE,DLF26MAR690PE,0.0,0.0,0.0,54.8,54.8,54.8,642.45,53.35,4125,0,0,0.0,0,F1,825,,,,,
2026-02-18,2026-02-18,FO,NSE,STO,93004,,DLF,,2026-03-30,2026-03-30,600.0,PE,DLF26MAR600PE,9.4,10.8,6.95,7.5,7.8,9.85,642.45,7.5,382800,34650,294,147645135.0,194,F1,825,,,,,
2026-02-18,2026-02-18,FO,NSE,STO,92968,,DLF,,2026-03-30,2026-03-30,520.0,PE,DLF26MAR520PE,0.0,0.0,0.0,2.1,0.0,2.1,642.45,0.25,0,0,0,0.0,0,F1,825,,,,,
2026-02-18,2026-02-18,FO,NSE,STO,105150,,DLF,,2026-03-30,2026-03-30,730.0,CE,DLF26MAR730CE,3.25,3.5,3.2,3.4,3.4,4.15,642.45,3.4,45375,15675,55,33272992.5,38,F1,825,,,,,
2026-02-18,2026-02-18,FO,NSE,STO,93041,,DLF,,2026-03-30,2026-03-30,700.0,CE,DLF26MAR700CE,8.2,8.2,6.0,6.8,6.95,7.9,642.45,6.8,759000,-70950,912,531714686.25,514,F1,825,,,,,
2026-02-18,2026-02-18,FO,NSE,STO,105146,,DLF,,2026-03-30,2026-03-30,690.0,CE,DLF26MAR690CE,9.45,9.45,7.65,9.2,9.2,9.15,642.45,9.2,75900,-4950,19,10944780.0,18,F1,825,,,,,
2026-02-18,2026-02-18,FO,NSE,STO,105144,,DLF,,2026-03-30,2026-03-30,670.0,CE,DLF26MAR670CE,14.75,15.2,12.0,14.05,14.0,14.75,642.45,14.05,68475,21450,117,65934288.75,81,F1,825,,,,,
2026-02-18,2026-02-18,FO,NSE,STO,93025,,DLF,,2026-03-30,2026-03-30,620.0,CE,DLF26MAR620CE,40.0,40.8,35.2,40.1,40.8,39.8,642.45,40.1,26400,8250,24,13036526.25,15,F1,825,,,,,
2026-02-18,2026-02-18,FO,NSE,STO,105136,,DLF,,2026-03-30,2026-03-30,590.0,CE,DLF26MAR590CE,0.0,0.0,0.0,48.75,0.0,48.75,642.45,61.8,0,0,0,0.0,0,F1,825,,,,,
2026-02-18,2026-02-18,FO,NSE,STO,105134,,DLF,,2026-03-30,2026-03-30,570.0,CE,DLF26MAR570CE,0.0,0.0,0.0,61.35,0.0,61.35,642.45,78.75,0,0,0,0.0,0,F1,825,,,,,
2026-02-18,2026-02-18,FO,NSE,STO,105122,,DLF,,2026-03-30,2026-03-30,510.0,CE,DLF26MAR510CE,0.0,0.0,0.0,108.5,0.0,108.5,642.45,135.65,0,0,0,0.0,0,F1,825,,,,,
2026-02-18,2026-02-18,FO,NSE,STO,89998,,DLF,,2026-02-24,2026-02-24,840.0,CE,DLF26FEB840CE,0.05,0.05,0.05,0.05,0.05,0.05,642.45,0.05,23100,-825,1,693041.25,1,F1,825,,,,,
2026-02-18,2026-02-18,FO,NSE,STO,92885,,DLF,,2026-02-24,2026-02-24,590.0,PE,DLF26FEB590PE,0.85,0.95,0.35,0.45,0.35,1.0,642.45,0.45,256575,-41250,361,175907737.5,257,F1,825,,,,,
2026-02-18,2026-02-18,FO,NSE,STO,92877,,DLF,,2026-02-24,2026-02-24,530.0,PE,DLF26FEB530PE,0.3,0.3,0.15,0.15,0.15,0.35,642.45,0.05,116325,-4950,15,6560771.25,11,F1,825,,,,,
2026-02-18,2026-02-18,FO,NSE,STO,105203,,DLF,,2026-04-28,2026-04-28,620.0,CE,DLF26APR620CE,0.0,0.0,0.0,42.1,0.0,42.1,642.45,48.9,0,0,0,0.0,0,F1,825,,,,,
2026-02-18,2026-02-18,FO,NSE,STO,105197,,DLF,,2026-04-28,2026-04-28,560.0,CE,DLF26APR560CE,0.0,0.0,0.0,76.0,0.0,76.0,642.45,93.15,0,0,0,0.0,0,F1,825,,,,,
2026-02-18,2026-02-18,FO,NSE,STO,105193,,DLF,,2026-04-28,2026-04-28,520.0,CE,DLF26APR520CE,0.0,0.0,0.0,105.75,0.0,105.75,642.45,129.15,0,0,0,0.0,0,F1,825,,,,,
2026-02-18,2026-02-18,FO,NSE,STO,93037,,DLF,,2026-03-30,2026-03-30,660.0,CE,DLF26MAR660CE,19.0,19.0,14.9,17.8,17.85,18.4,642.45,17.8,174075,113850,205,114375236.25,82,F1,825,,,,,
2026-02-18,2026-02-18,FO,NSE,STO,89942,,DLF,,2026-02-24,2026-02-24,480.0,CE,DLF26FEB480CE,0.0,0.0,0.0,159.4,160.2,159.4,642.45,162.9,2475,0,0,0.0,0,F1,825,,,,,
2026-02-18,2026-02-18,FO,NSE,STO,92894,,DLF,,2026-02-24,2026-02-24,690.0,CE,DLF26FEB690CE,1.0,1.05,0.5,0.6,0.6,1.1,642.45,0.6,595650,-54450,629,358404420.0,479,F1,825,,,,,
2026-02-18,2026-02-18,FO,NSE,STO,89986,,DLF,,2026-02-24,2026-02-24,720.0,CE,DLF26FEB720CE,0.35,0.35,0.2,0.25,0.25,0.45,642.45,0.25,475200,-156750,425,252543472.5,105,F1,825,,,,,
2026-02-18,2026-02-18,FO,NSE,STO,92914,,DLF,,2026-02-24,2026-02-24,750.0,CE,DLF26FEB750CE,0.15,0.15,0.1,0.1,0.1,0.15,642.45,0.1,231825,-14025,40,24753465.0,20,F1,825,,,,,
2026-02-18,2026-02-18,FO,NSE,STO,92969,,DLF,,2026-03-30,2026-03-30,540.0,CE,DLF26MAR540CE,0.0,0.0,0.0,152.15,0.0,152.15,642.45,106.5,0,0,0,0.0,0,F1,825,,,,,
2026-02-18,2026-02-18,FO,NSE,STO,93003,,DLF,,2026-03-30,2026-03-30,600.0,CE,DLF26MAR600CE,50.0,55.0,48.5,54.0,55.0,52.5,642.45,54.0,45375,18150,27,14484236.25,16,F1,825,,,,,
2026-02-18,2026-02-18,FO,NSE,STO,105244,,DLF,,2026-04-28,2026-04-28,760.0,PE,DLF26APR760PE,0.0,0.0,0.0,145.85,0.0,145.85,642.45,114.55,0,0,0,0.0,0,F1,825,,,,,
2026-02-18,2026-02-18,FO,NSE,STO,105135,,DLF,,2026-03-30,2026-03-30,570.0,PE,DLF26MAR570PE,0.0,0.0,0.0,6.6,6.6,6.6,642.45,2.85,4950,0,0,0.0,0,F1,825,,,,,
2026-02-18,2026-02-18,FO,NSE,STO,89999,,DLF,,2026-02-24,2026-02-24,840.0,PE,DLF26FEB840PE,198.5,203.65,198.5,201.0,201.0,197.5,642.45,196.8,78375,-25575,33,28344401.25,14,F1,825,,,,,
2026-02-18,2026-02-18,FO,NSE,STO,92917,,DLF,,2026-02-24,2026-02-24,770.0,PE,DLF26FEB770PE,133.0,133.0,129.0,129.0,129.0,144.05,642.45,129.0,19800,-1650,2,1486650.0,2,F1,825,,,,,
2026-02-18,2026-02-18,FO,NSE,STO,92883,,DLF,,2026-02-24,2026-02-24,570.0,PE,DLF26FEB570PE,0.4,0.45,0.2,0.25,0.2,0.55,642.45,0.25,185625,-17325,108,50814761.25,51,F1,825,,,,,
2026-02-18,2026-02-18,FO,NSE,STO,92990,,DLF,,2026-03-30,2026-03-30,580.0,CE,DLF26MAR580CE,0.0,0.0,0.0,117.85,0.0,117.85,642.45,70.05,0,0,0,0.0,0,F1,825,,,,,
2026-02-18,2026-02-18,FO,NSE,STO,105148,,DLF,,2026-03-30,2026-03-30,710.0,CE,DLF26MAR710CE,6.2,6.2,4.8,5.45,5.4,6.25,642.45,5.45,48675,26400,96,56652873.75,72,F1,825,,,,,
2026-02-18,2026-02-18,FO,NSE,STO,105189,,DLF,,2026-04-28,2026-04-28,480.0,CE,DLF26APR480CE,0.0,0.0,0.0,140.0,0.0,140.0,642.45,167.65,0,0,0,0.0,0,F1,825,,,,,
2026-02-18,2026-02-18,FO,NSE,STO,105199,,DLF,,2026-04-28,2026-04-28,580.0,CE,DLF26APR580CE,0.0,0.0,0.0,63.25,0.0,63.25,642.45,76.8,0,0,0,0.0,0,F1,825,,,,,
2026-02-18,2026-02-18,FO,NSE,STO,105151,,DLF,,2026-03-30,2026-03-30,730.0,PE,DLF26MAR730PE,0.0,0.0,0.0,118.5,0.0,118.5,642.45,86.7,0,0,0,0.0,0,F1,825,,,,,
2026-02-18,2026-02-18,FO,NSE,STO,92983,,DLF,,2026-03-30,2026-03-30,560.0,PE,DLF26MAR560PE,3.9,4.35,2.7,2.85,2.8,4.25,642.45,2.85,54450,5775,48,22323221.25,43,F1,825,,,,,
2026-02-18,2026-02-18,FO,NSE,STO,89991,,DLF,,2026-02-24,2026-02-24,760.0,PE,DLF26FEB760PE,0.0,0.0,0.0,124.0,124.0,124.0,642.45,116.85,16500,0,0,0.0,0,F1,825,,,,,
2026-02-18,2026-02-18,FO,NSE,STO,105220,,DLF,,2026-04-28,2026-04-28,700.0,CE,DLF26APR700CE,0.0,0.0,0.0,16.2,0.0,16.2,642.45,15.0,0,0,0,0.0,0,F1,825,,,,,
2026-02-18,2026-02-18,FO,NSE,STO,92882,,DLF,,2026-02-24,2026-02-24,570.0,CE,DLF26FEB570CE,73.1,73.1,73.1,73.1,73.1,73.75,642.45,72.95,23100,0,1,530557.5,1,F1,825,,,,,
2026-02-18,2026-02-18,FO,NSE,STO,89984,,DLF,,2026-02-24,2026-02-24,700.0,CE,DLF26FEB700CE,0.75,0.8,0.35,0.4,0.4,0.8,642.45,0.4,1555125,-607200,1974,1140669915.0,645,F1,825,,,,,
2026-02-18,2026-02-18,FO,NSE,STO,92912,,DLF,,2026-02-24,2026-02-24,730.0,CE,DLF26FEB730CE,0.35,0.35,0.2,0.2,0.2,0.35,642.45,0.2,156750,-37950,80,48196623.75,33,F1,825,,,,,
2026-02-18,2026-02-18,FO,NSE,STO,89992,,DLF,,2026-02-24,2026-02-24,780.0,CE,DLF26FEB780CE,0.0,0.0,0.0,0.1,0.1,0.1,642.45,0.05,16500,0,0,0.0,0,F1,825,,,,,
2026-02-18,2026-02-18,FO,NSE,STO,89987,,DLF,,2026-02-24,2026-02-24,720.0,PE,DLF26FEB720PE,82.05,82.05,76.65,76.85,76.85,81.45,642.45,76.85,99825,-10725,13,8577648.75,10,F1,825,,,,,
2026-02-18,2026-02-18,FO,NSE,STO,89981,,DLF,,2026-02-24,2026-02-24,660.0,PE,DLF26FEB660PE,22.0,28.3,17.55,19.35,19.5,23.6,642.45,19.35,575025,-36300,163,91868988.75,146,F1,825,,,,,
2026-02-18,2026-02-18,FO,NSE,STO,89979,,DLF,,2026-02-24,2026-02-24,640.0,PE,DLF26FEB640PE,9.8,14.0,6.05,7.0,6.8,10.25,642.45,7.0,620400,-50325,1685,903290767.5,1253,F1,825,,,,,
2026-02-18,2026-02-18,FO,NSE,STO,105137,,DLF,,2026-03-30,2026-03-30,590.0,PE,DLF26MAR590PE,8.25,8.25,5.5,5.75,6.15,8.2,642.45,5.75,37950,16500,30,14796787.5,20,F1,825,,,,,
2026-02-18,2026-02-18,FO,NSE,STO,92976,,DLF,,2026-03-30,2026-03-30,540.0,PE,DLF26MAR540PE,2.85,2.9,1.65,1.7,1.8,2.5,642.45,1.7,34650,18975,59,26404455.0,41,F1,825,,,,,
2026-02-18,2026-02-18,FO,NSE,STO,92895,,DLF,,2026-02-24,2026-02-24,690.0,PE,DLF26FEB690PE,0.0,0.0,0.0,51.8,51.8,51.8,642.45,47.25,47850,0,0,0.0,0,F1,825,,,,,
2026-02-18,2026-02-18,FO,NSE,STO,89970,,DLF,,2026-02-24,2026-02-24,560.0,PE,DLF26FEB560PE,0.35,0.35,0.2,0.2,0.2,0.35,642.45,0.2,125400,-13200,31,14328765.0,26,F1,825,,,,,
2026-02-18,2026-02-18,FO,NSE,STO,105142,,DLF,,2026-03-30,2026-03-30,650.0,CE,DLF26MAR650CE,22.95,24.0,18.75,22.35,22.65,22.65,642.45,22.35,249975,57750,245,135624225.0,209,F1,825,,,,,
2026-02-18,2026-02-18,FO,NSE,STO,92916,,DLF,,2026-02-24,2026-02-24,770.0,CE,DLF26FEB770CE,0.0,0.0,0.0,0.4,0.4,0.4,642.45,0.05,2475,0,0,0.0,0,F1,825,,,,,
2026-02-18,2026-02-18,FO,NSE,STF,59307,,DLF,,2026-02-24,2026-02-24,,,DLF26FEBFUT,640.15,646.0,632.3,643.45,642.95,639.9,642.45,643.45,47044800,-3223275,7941,4183624128.75,4274,F1,825,,,,,
2026-02-18,2026-02-18,FO,NSE,STO,105221,,DLF,,2026-04-28,2026-04-28,700.0,PE,DLF26APR700PE,0.0,0.0,0.0,95.9,0.0,95.9,642.45,65.3,0,0,0,0.0,0,F1,825,,,,,
2026-02-18,2026-02-18,FO,NSE,STO,92889,,DLF,,2026-02-24,2026-02-24,630.0,PE,DLF26FEB630PE,5.95,8.65,3.25,3.75,3.75,6.25,642.45,3.75,948750,35475,2699,1416762517.5,2003,F1,825,,,,,
2026-02-18,2026-02-18,FO,NSE,STO,93033,,DLF,,2026-03-30,2026-03-30,620.0,PE,DLF26MAR620PE,14.5,16.75,11.35,11.8,12.65,15.6,642.45,11.8,99000,37950,87,45524448.75,70,F1,825,,,,,
2026-02-18,2026-02-18,FO,NSE,STO,93051,,DLF,,2026-03-30,2026-03-30,760.0,PE,DLF26MAR760PE,119.0,119.0,119.0,119.0,119.0,124.0,642.45,114.45,7425,825,1,725175.0,1,F1,825,,,,,
2026-02-18,2026-02-18,FO,NSE,STO,105194,,DLF,,2026-04-28,2026-04-28,520.0,PE,DLF26APR520PE,0.0,0.0,0.0,8.25,0.0,8.25,642.45,1.3,0,0,0,0.0,0,F1,825,,,,,
2026-02-18,2026-02-18,FO,NSE,STO,89973,,DLF,,2026-02-24,2026-02-24,580.0,PE,DLF26FEB580PE,0.7,0.7,0.25,0.3,0.25,0.7,642.45,0.3,332475,-44550,199,95287128.75,106,F1,825,,,,,
2026-02-18,2026-02-18,FO,NSE,STO,93035,,DLF,,2026-03-30,2026-03-30,640.0,CE,DLF26MAR640CE,28.65,28.65,23.2,27.55,27.5,28.2,642.45,27.55,340725,181500,952,522633127.5,460,F1,825,,,,,
2026-02-18,2026-02-18,FO,NSE,STO,92892,,DLF,,2026-02-24,2026-02-24,670.0,CE,DLF26FEB670CE,2.15,2.45,1.1,1.6,1.55,2.35,642.45,1.6,1182225,-238425,2191,1213772422.5,1374,F1,825,,,,,
2026-02-18,2026-02-18,FO,NSE,STO,89976,,DLF,,2026-02-24,2026-02-24,620.0,CE,DLF26FEB620CE,25.65,27.7,17.85,25.35,25.2,23.85,642.45,25.35,822525,9075,379,200743413.75,341,F1,825,,,,,
2026-02-18,2026-02-18,FO,NSE,STO,105149,,DLF,,2026-03-30,2026-03-30,710.0,PE,DLF26MAR710PE,0.0,0.0,0.0,69.6,69.6,69.6,642.45,69.35,3300,0,0,0.0,0,F1,825,,,,,
2026-02-18,2026-02-18,FO,NSE,STO,93048,,DLF,,2026-03-30,2026-03-30,740.0,PE,DLF26MAR740PE,97.6,97.6,94.5,94.5,94.5,70.0,642.45,95.75,18150,1650,2,1379482.5,2,F1,825,,,,,
2026-02-18,2026-02-18,FO,NSE,STO,93133,,DLF,,2026-03-30,2026-03-30,840.0,PE,DLF26MAR840PE,193.0,199.0,193.0,193.5,193.5,192.0,642.45,192.6,40425,28050,35,29869455.0,12,F1,825,,,,,
2026-02-18,2026-02-18,FO,NSE,STO,105202,,DLF,,2026-04-28,2026-04-28,600.0,PE,DLF26APR600PE,0.0,0.0,0.0,33.2,0.0,33.2,642.45,13.3,0,0,0,0.0,0,F1,825,,,,,
2026-02-18,2026-02-18,FO,NSE,STO,105145,,DLF,,2026-03-30,2026-03-30,670.0,PE,DLF26MAR670PE,41.5,43.1,35.0,35.4,35.8,42.0,642.45,35.4,10725,4125,11,6446715.0,11,F1,825,,,,,
2026-02-18,2026-02-18,FO,NSE,STO,105125,,DLF,,2026-03-30,2026-03-30,530.0,PE,DLF26MAR530PE,0.0,0.0,0.0,3.0,3.0,3.0,642.45,0.45,2475,0,0,0.0,0,F1,825,,,,,
2026-02-18,2026-02-18,FO,NSE,STO,89995,,DLF,,2026-02-24,2026-02-24,800.0,PE,DLF26FEB800PE,165.0,165.0,154.0,155.65,156.95,153.35,642.45,155.65,146850,-16500,22,17444872.5,15,F1,825,,,,,
2026-02-18,2026-02-18,FO,NSE,STO,92915,,DLF,,2026-02-24,2026-02-24,750.0,PE,DLF26FEB750PE,114.5,114.5,112.0,112.0,112.0,108.9,642.45,106.85,392700,-3300,4,2846662.5,2,F1,825,,,,,
2026-02-18,2026-02-18,FO,NSE,STO,92913,,DLF,,2026-02-24,2026-02-24,730.0,PE,DLF26FEB730PE,87.35,91.6,87.0,87.0,87.0,87.05,642.45,87.0,30525,0,3,2026158.75,3,F1,825,,,,,
2026-02-18,2026-02-18,FO,NSE,STO,105239,,DLF,,2026-04-28,2026-04-28,740.0,CE,DLF26APR740CE,0.0,0.0,0.0,9.4,0.0,9.4,642.45,7.25,0,0,0,0.0,0,F1,825,,,,,
2026-02-18,2026-02-18,FO,NSE,STO,105132,,DLF,,2026-03-30,2026-03-30,550.0,CE,DLF26MAR550CE,0.0,0.0,0.0,75.6,0.0,75.6,642.45,97.0,0,0,0,0.0,0,F1,825,,,,,
2026-02-18,2026-02-18,FO,NSE,STO,92967,,DLF,,2026-03-30,2026-03-30,520.0,CE,DLF26MAR520CE,0.0,0.0,0.0,170.45,0.0,170.45,642.45,125.85,0,0,0,0.0,0,F1,825,,,,,
2026-02-18,2026-02-18,FO,NSE,STO,89972,,DLF,,2026-02-24,2026-02-24,580.0,CE,DLF26FEB580CE,62.05,65.0,62.05,63.7,65.0,66.6,642.45,63.7,94875,-825,20,10621008.75,11,F1,825,,,,,
2026-02-18,2026-02-18,FO,NSE,STO,89960,,DLF,,2026-02-24,2026-02-24,540.0,CE,DLF26FEB540CE,0.0,0.0,0.0,191.45,0.0,191.45,642.45,102.95,0,0,0,0.0,0,F1,825,,,,,
2026-02-18,2026-02-18,FO,NSE,STO,92887,,DLF,,2026-02-24,2026-02-24,610.0,PE,DLF26FEB610PE,2.0,2.9,0.95,1.1,1.0,2.25,642.45,1.1,603075,-11550,951,480062880.0,743,F1,825,,,,,
2026-02-18,2026-02-18,FO,NSE,STO,89977,,DLF,,2026-02-24,2026-02-24,620.0,PE,DLF26FEB620PE,3.5,5.05,1.75,2.0,2.05,3.7,642.45,2.0,1112100,-10725,1503,772767105.0,1213,F1,825,,,,,
2026-02-18,2026-02-18,FO,NSE,STO,92911,,DLF,,2026-02-24,2026-02-24,710.0,PE,DLF26FEB710PE,65.05,67.2,65.0,65.65,66.95,71.3,642.45,65.65,27225,825,13,8318475.0,9,F1,825,,,,,
2026-02-18,2026-02-18,FO,NSE,STO,92991,,DLF,,2026-03-30,2026-03-30,580.0,PE,DLF26MAR580PE,6.4,6.75,4.4,4.6,4.65,6.55,642.45,4.6,110550,6600,70,33835560.0,53,F1,825,,,,,
2026-02-18,2026-02-18,FO,NSE,STO,93038,,DLF,,2026-03-30,2026-03-30,660.0,PE,DLF26MAR660PE,36.0,37.0,34.0,34.0,34.0,33.75,642.45,32.9,14850,2475,4,2294325.0,3,F1,825,,,,,
2026-02-18,2026-02-18,FO,NSE,STO,105219,,DLF,,2026-04-28,2026-04-28,680.0,PE,DLF26APR680PE,0.0,0.0,0.0,80.9,0.0,80.9,642.45,51.4,0,0,0,0.0,0,F1,825,,,,,
2026-02-18,2026-02-18,FO,NSE,STO,105279,,DLF,,2026-04-28,2026-04-28,800.0,PE,DLF26APR800PE,0.0,0.0,0.0,182.1,0.0,182.1,642.45,151.35,0,0,0,0.0,0,F1,825,,,,,
2026-02-18,2026-02-18,FO,NSE,STO,89958,,DLF,,2026-02-24,2026-02-24,520.0,CE,DLF26FEB520CE,0.0,0.0,0.0,140.0,140.0,140.0,642.45,122.9,825,0,0,0.0,0,F1,825,,,,,
2026-02-18,2026-02-18,FO,NSE,STO,92876,,DLF,,2026-02-24,2026-02-24,530.0,CE,DLF26FEB530CE,0.0,0.0,0.0,156.45,0.0,156.45,642.45,112.95,0,0,0,0.0,0,F1,825,,,,,
2026-02-18,2026-02-18,FO,NSE,STO,89969,,DLF,,2026-02-24,2026-02-24,560.0,CE,DLF26FEB560CE,0.0,0.0,0.0,75.25,75.25,75.25,642.45,82.95,32175,0,0,0.0,0,F1,825,,,,,
2026-02-18,2026-02-18,FO,NSE,STO,89974,,DLF,,2026-02-24,2026-02-24,600.0,CE,DLF26FEB600CE,42.0,46.35,35.2,44.15,43.3,41.4,642.45,44.15,908325,-14850,66,34808853.75,57,F1,825,,,,,
2026-02-18,2026-02-18,FO,NSE,STO,89988,,DLF,,2026-02-24,2026-02-24,740.0,CE,DLF26FEB740CE,0.25,0.25,0.1,0.15,0.1,0.25,642.45,0.15,117150,-5775,18,10991310.0,15,F1,825,,,,,
2026-02-18,2026-02-18,FO,NSE,STO,105152,,DLF,,2026-03-30,2026-03-30,750.0,CE,DLF26MAR750CE,2.3,2.3,2.1,2.25,2.25,3.9,642.45,2.25,15675,15675,20,12410433.75,11,F1,825,,,,,
2026-02-18,2026-02-18,FO,NSE,STO,105195,,DLF,,2026-04-28,2026-04-28,540.0,CE,DLF26APR540CE,0.0,0.0,0.0,90.25,0.0,90.25,642.45,110.7,0,0,0,0.0,0,F1,825,,,,,
2026-02-18,2026-02-18,FO,NSE,STO,92881,,DLF,,2026-02-24,2026-02-24,550.0,PE,DLF26FEB550PE,0.25,0.25,0.2,0.2,0.2,0.35,642.45,0.2,424875,-825,16,7262681.25,10,F1,825,,,,,
2026-02-18,2026-02-18,FO,NSE,STO,105278,,DLF,,2026-04-28,2026-04-28,800.0,CE,DLF26APR800CE,0.0,0.0,0.0,3.9,0.0,3.9,642.45,2.1,0,0,0,0.0,0,F1,825,,,,,
2026-02-18,2026-02-18,FO,NSE,STO,93042,,DLF,,2026-03-30,2026-03-30,700.0,PE,DLF26MAR700PE,62.1,65.85,57.85,58.05,58.1,63.0,642.45,58.05,89100,2475,22,13858226.25,17,F1,825,,,,,
2026-02-18,2026-02-18,FO,NSE,STO,105215,,DLF,,2026-04-28,2026-04-28,640.0,PE,DLF26APR640PE,0.0,0.0,0.0,54.35,0.0,54.35,642.45,28.6,0,0,0,0.0,0,F1,825,,,,,
2026-02-18,2026-02-18,FO,NSE,STO,105190,,DLF,,2026-04-28,2026-04-28,480.0,PE,DLF26APR480PE,0.0,0.0,0.0,3.1,0.0,3.1,642.45,0.25,0,0,0,0.0,0,F1,825,,,,,
2026-02-18,2026-02-18,FO,NSE,STF,51871,,DLF,,2026-03-30,2026-03-30,,,DLF26MARFUT,645.1,650.1,637.0,647.55,647.5,643.85,642.45,647.55,7278975,3341250,5066,2684419732.5,2190,F1,825,,,,,
2026-02-18,2026-02-18,FO,NSE,STO,92884,,DLF,,2026-02-24,2026-02-24,590.0,CE,DLF26FEB590CE,49.0,53.8,47.95,53.8,53.8,55.9,642.45,53.8,185625,-825,3,1584618.75,3,F1,825,,,,,
2026-02-18,2026-02-18,FO,NSE,STO,92886,,DLF,,2026-02-24,2026-02-24,610.0,CE,DLF26FEB610CE,34.4,36.8,26.85,34.9,34.2,32.25,642.45,34.9,309375,14850,119,63045510.0,90,F1,825,,,,,
2026-02-18,2026-02-18,FO,NSE,STO,105140,,DLF,,2026-03-30,2026-03-30,630.0,CE,DLF26MAR630CE,29.0,33.35,29.0,32.3,33.35,33.1,642.45,32.3,48675,4125,27,14715318.75,17,F1,825,,,,,
2026-02-18,2026-02-18,FO,NSE,STO,105141,,DLF,,2026-03-30,2026-03-30,630.0,PE,DLF26MAR630PE,19.75,20.65,14.95,15.65,16.0,18.85,642.45,15.65,90750,36300,68,36361008.75,60,F1,825,,,,,
2026-02-18,2026-02-18,FO,NSE,STO,105139,,DLF,,2026-03-30,2026-03-30,610.0,PE,DLF26MAR610PE,12.25,13.05,9.65,9.8,9.95,12.5,642.45,9.8,19800,16500,33,16919677.5,27,F1,825,,,,,
2026-02-18,2026-02-18,FO,NSE,STO,89989,,DLF,,2026-02-24,2026-02-24,740.0,PE,DLF26FEB740PE,0.0,0.0,0.0,110.0,110.0,110.0,642.45,96.9,90750,0,0,0.0,0,F1,825,,,,,
2026-02-18,2026-02-18,FO,NSE,STO,89985,,DLF,,2026-02-24,2026-02-24,700.0,PE,DLF26FEB700PE,59.0,66.0,54.4,57.1,56.95,61.6,642.45,57.1,493350,-9900,63,39479385.0,45,F1,825,,,,,
2026-02-18,2026-02-18,FO,NSE,STF,66820,,DLF,,2026-04-28,2026-04-28,,,DLF26APRFUT,647.7,653.0,641.0,650.45,651.0,647.7,642.45,650.45,261525,26400,122,65016187.5,118,F1,825,,,,,
2026-02-18,2026-02-18,FO,NSE,STO,92874,,DLF,,2026-02-24,2026-02-24,510.0,CE,DLF26FEB510CE,0.0,0.0,0.0,119.3,119.3,119.3,642.45,132.9,2475,0,0,0.0,0,F1,825,,,,,
2026-02-18,2026-02-18,FO,NSE,STO,92896,,DLF,,2026-02-24,2026-02-24,710.0,CE,DLF26FEB710CE,0.5,0.5,0.3,0.35,0.35,0.6,642.45,0.35,308550,-37950,208,121904062.5,106,F1,825,,,,,
2026-02-18,2026-02-18,FO,NSE,STO,93044,,DLF,,2026-03-30,2026-03-30,720.0,CE,DLF26MAR720CE,5.25,5.25,3.9,4.3,4.2,5.1,642.45,4.3,234300,198000,680,406393968.75,349,F1,825,,,,,
2026-02-18,2026-02-18,FO,NSE,STO,93085,,DLF,,2026-03-30,2026-03-30,780.0,CE,DLF26MAR780CE,1.5,1.5,1.5,1.5,1.5,1.5,642.45,0.75,7425,825,1,644737.5,1,F1,825,,,,,
2026-02-18,2026-02-18,FO,NSE,STO,105204,,DLF,,2026-04-28,2026-04-28,620.0,PE,DLF26APR620PE,0.0,0.0,0.0,43.05,0.0,43.05,642.45,20.0,0,0,0,0.0,0,F1,825,,,,,
2026-02-18,2026-02-18,FO,NSE,STO,93086,,DLF,,2026-03-30,2026-03-30,780.0,PE,DLF26MAR780PE,140.0,140.0,134.0,134.0,134.0,135.0,642.45,134.0,14850,11550,14,10607025.0,9,F1,825,,,,,
2026-02-18,2026-02-18,FO,NSE,STO,93039,,DLF,,2026-03-30,2026-03-30,680.0,CE,DLF26MAR680CE,12.05,12.25,9.45,10.95,10.95,12.05,642.45,10.95,120450,69300,186,105917212.5,130,F1,825,,,,,
2026-02-18,2026-02-18,FO,NSE,STO,105218,,DLF,,2026-04-28,2026-04-28,680.0,CE,DLF26APR680CE,0.0,0.0,0.0,20.85,0.0,20.85,642.45,20.85,0,0,0,0.0,0,F1,825,,,,,
2026-02-18,2026-02-18,FO,NSE,STO,92875,,DLF,,2026-02-24,2026-02-24,510.0,PE,DLF26FEB510PE,0.05,0.05,0.05,0.05,0.05,0.25,642.45,0.05,23925,3300,4,1683165.0,2,F1,825,,,,,
2026-02-18,2026-02-18,FO,NSE,STO,89961,,DLF,,2026-02-24,2026-02-24,540.0,PE,DLF26FEB540PE,0.2,0.2,0.1,0.1,0.1,0.3,642.45,0.1,214500,-1650,26,11585805.0,12,F1,825,,,,,
2026-02-18,2026-02-18,FO,NSE,STO,92891,,DLF,,2026-02-24,2026-02-24,650.0,PE,DLF26FEB650PE,16.15,21.0,10.8,12.15,12.5,16.25,642.45,12.15,622050,-5775,418,229746247.5,353,F1,825,,,,,
2026-02-18,2026-02-18,FO,NSE,STO,89978,,DLF,,2026-02-24,2026-02-24,640.0,CE,DLF26FEB640CE,10.8,12.1,6.8,10.45,10.65,10.8,642.45,10.45,1199550,66825,3783,2024416020.0,3078,F1,825,,,,,
2026-02-18,2026-02-18,FO,NSE,STO,89983,,DLF,,2026-02-24,2026-02-24,680.0,PE,DLF26FEB680PE,38.9,47.0,35.0,37.3,37.45,41.2,642.45,37.3,518100,-7425,103,61323900.0,93,F1,825,,,,,
2026-02-18,2026-02-18,FO,NSE,STO,89993,,DLF,,2026-02-24,2026-02-24,780.0,PE,DLF26FEB780PE,142.1,143.5,135.0,135.75,136.5,140.65,642.45,135.75,89100,-9075,15,11400510.0,10,F1,825,,,,,
2026-02-18,2026-02-18,FO,NSE,STO,93036,,DLF,,2026-03-30,2026-03-30,640.0,PE,DLF26MAR640PE,22.0,25.6,18.7,19.75,20.2,23.9,642.45,19.75,113850,59400,109,59578983.75,76,F1,825,,,,,
2026-02-18,2026-02-18,FO,NSE,STO,93045,,DLF,,2026-03-30,2026-03-30,720.0,PE,DLF26MAR720PE,82.0,82.0,80.05,80.05,80.05,88.0,642.45,77.85,25575,23100,28,18505203.75,14,F1,825,,,,,
2026-02-18,2026-02-18,FO,NSE,STO,105200,,DLF,,2026-04-28,2026-04-28,580.0,PE,DLF26APR580PE,0.0,0.0,0.0,24.8,0.0,24.8,642.45,8.35,0,0,0,0.0,0,F1,825,,,,,
2026-02-18,2026-02-18,FO,NSE,STO,92890,,DLF,,2026-02-24,2026-02-24,650.0,CE,DLF26FEB650CE,6.6,7.25,3.85,6.0,6.0,6.75,642.45,6.0,1931325,343200,4043,2185432920.0,3029,F1,825,,,,,
2026-02-18,2026-02-18,FO,NSE,STO,89982,,DLF,,2026-02-24,2026-02-24,680.0,CE,DLF26FEB680CE,1.35,1.6,0.7,0.9,0.85,1.5,642.45,0.9,1277925,-49500,1943,1091534070.0,1020,F1,825,,,,,
2026-02-18,2026-02-18,FO,NSE,STO,105124,,DLF,,2026-03-30,2026-03-30,530.0,CE,DLF26MAR530CE,0.0,0.0,0.0,91.4,0.0,91.4,642.45,116.1,0,0,0,0.0,0,F1,825,,,,,
2026-02-18,2026-02-18,FO,NSE,STO,92982,,DLF,,2026-03-30,2026-03-30,560.0,CE,DLF26MAR560CE,0.0,0.0,0.0,134.6,0.0,134.6,642.45,87.75,0,0,0,0.0,0,F1,825,,,,,
2026-02-18,2026-02-18,FO,NSE,STO,93040,,DLF,,2026-03-30,2026-03-30,680.0,PE,DLF26MAR680PE,47.6,52.0,42.0,43.45,42.7,45.9,642.45,43.45,38775,22275,42,25229283.75,35,F1,825,,,,,
2026-02-18,2026-02-18,FO,NSE,STO,105227,,DLF,,2026-04-28,2026-04-28,720.0,PE,DLF26APR720PE,0.0,0.0,0.0,111.8,0.0,111.8,642.45,80.65,0,0,0,0.0,0,F1,825,,,,,
2026-02-18,2026-02-18,FO,NSE,STO,105196,,DLF,,2026-04-28,2026-04-28,540.0,PE,DLF26APR540PE,0.0,0.0,0.0,12.4,0.0,12.4,642.45,2.65,0,0,0,0.0,0,F1,825,,,,,
2026-02-18,2026-02-18,FO,NSE,STO,89945,,DLF,,2026-02-24,2026-02-24,500.0,CE,DLF26FEB500CE,0.0,0.0,0.0,160.0,160.0,160.0,642.45,142.9,825,0,0,0.0,0,F1,825,,,,,
2026-02-18,2026-02-18,FO,NSE,STO,92878,,DLF,,2026-02-24,2026-02-24,550.0,CE,DLF26FEB550CE,0.0,0.0,0.0,87.0,87.0,87.0,642.45,92.95,18975,0,0,0.0,0,F1,825,,,,,
2026-02-18,2026-02-18,FO,NSE,STO,162515,,TECHM,,2026-03-30,2026-03-30,2040.0,PE,TECHM26MAR2040PE,0.0,0.0,0.0,411.05,0.0,411.05,1504.8,522.95,0,0,0,0.0,0,F1,600,,,,,
2026-02-18,2026-02-18,FO,NSE,STO,142893,,TECHM,,2026-02-24,2026-02-24,2000.0,PE,TECHM26FEB2000PE,0.0,0.0,0.0,260.9,260.9,260.9,1504.8,493.4,5400,0,0,0.0,0,F1,600,,,,,
2026-02-18,2026-02-18,FO,NSE,STO,162453,,TECHM,,2026-02-24,2026-02-24,1980.0,PE,TECHM26FEB1980PE,0.0,0.0,0.0,359.85,0.0,359.85,1504.8,473.4,0,0,0,0.0,0,F1,600,,,,,
2026-02-18,2026-02-18,FO,NSE,STO,162427,,TECHM,,2026-02-24,2026-02-24,1460.0,PE,TECHM26FEB1460PE,10.2,17.15,5.5,6.4,7.45,7.05,1504.8,6.4,540000,-114600,4970,4387264470.0,3500,F1,600,,,,,
2026-02-18,2026-02-18,FO,NSE,STO,170124,,TECHM,,2026-04-28,2026-04-28,1520.0,CE,TECHM26APR1520CE,0.0,0.0,0.0,265.95,0.0,265.95,1504.8,66.15,0,0,0,0.0,0,F1,600,,,,,
2026-02-18,2026-02-18,FO,NSE,STO,162512,,TECHM,,2026-03-30,2026-03-30,2000.0,CE,TECHM26MAR2000CE,0.0,0.0,0.0,8.0,0.0,8.0,1504.8,0.05,0,0,0,0.0,0,F1,600,,,,,
2026-02-18,2026-02-18,FO,NSE,STO,170066,,TECHM,,2026-03-30,2026-03-30,1620.0,CE,TECHM26MAR1620CE,21.75,21.75,18.45,18.6,18.6,28.25,1504.8,15.35,21600,1200,5,4917600.0,4,F1,600,,,,,
2026-02-18,2026-02-18,FO,NSE,STO,170068,,TECHM,,2026-03-30,2026-03-30,1660.0,CE,TECHM26MAR1660CE,15.75,15.75,12.05,12.45,12.45,19.7,1504.8,9.0,20400,12000,31,31114380.0,24,F1,600,,,,,
2026-02-18,2026-02-18,FO,NSE,STO,162487,,TECHM,,2026-03-30,2026-03-30,1480.0,PE,TECHM26MAR1480PE,48.65,56.4,42.1,42.8,43.45,41.3,1504.8,42.8,35400,6600,40,36720540.0,37,F1,600,,,,,
2026-02-18,2026-02-18,FO,NSE,STO,162425,,TECHM,,2026-02-24,2026-02-24,1420.0,PE,TECHM26FEB1420PE,3.0,6.7,1.5,1.75,2.0,3.0,1504.8,1.75,693000,445200,2178,1861089030.0,1290,F1,600,,,,,
2026-02-18,2026-02-18,FO,NSE,STO,170075,,TECHM,,2026-03-30,2026-03-30,1780.0,PE,TECHM26MAR1780PE,0.0,0.0,0.0,75.4,75.4,75.4,1504.8,265.85,600,0,0,0.0,0,F1,600,,,,,
2026-02-18,2026-02-18,FO,NSE,STO,162423,,TECHM,,2026-02-24,2026-02-24,1380.0,PE,TECHM26FEB1380PE,1.35,2.6,0.65,0.65,0.8,1.35,1504.8,0.65,155400,4800,508,421129740.0,326,F1,600,,,,,
2026-02-18,2026-02-18,FO,NSE,STO,170116,,TECHM,,2026-04-28,2026-04-28,1360.0,CE,TECHM26APR1360CE,0.0,0.0,0.0,408.95,0.0,408.95,1504.8,171.5,0,0,0,0.0,0,F1,600,,,,,
2026-02-18,2026-02-18,FO,NSE,STO,170065,,TECHM,,2026-03-30,2026-03-30,1580.0,PE,TECHM26MAR1580PE,108.95,116.55,100.0,100.4,100.75,90.4,1504.8,100.4,78000,-16200,45,45636450.0,44,F1,600,,,,,
2026-02-18,2026-02-18,FO,NSE,STO,162517,,TECHM,,2026-03-30,2026-03-30,2080.0,PE,TECHM26MAR2080PE,0.0,0.0,0.0,448.85,0.0,448.85,1504.8,562.7,0,0,0,0.0,0,F1,600,,,,,
2026-02-18,2026-02-18,FO,NSE,STO,170115,,TECHM,,2026-04-28,2026-04-28,1320.0,PE,TECHM26APR1320PE,0.0,0.0,0.0,1.75,0.0,1.75,1504.8,7.2,0,0,0,0.0,0,F1,600,,,,,
2026-02-18,2026-02-18,FO,NSE,STO,170143,,TECHM,,2026-04-28,2026-04-28,1880.0,PE,TECHM26APR1880PE,0.0,0.0,0.0,165.65,0.0,165.65,1504.8,357.6,0,0,0,0.0,0,F1,600,,,,,
2026-02-18,2026-02-18,FO,NSE,STO,170151,,TECHM,,2026-04-28,2026-04-28,2040.0,PE,TECHM26APR2040PE,0.0,0.0,0.0,287.75,0.0,287.75,1504.8,514.3,0,0,0,0.0,0,F1,600,,,,,
2026-02-18,2026-02-18,FO,NSE,STO,142616,,TECHM,,2026-02-24,2026-02-24,1280.0,CE,TECHM26FEB1280CE,0.0,0.0,0.0,246.1,0.0,246.1,1504.8,225.95,0,0,0,0.0,0,F1,600,,,,,
2026-02-18,2026-02-18,FO,NSE,STO,142620,,TECHM,,2026-02-24,2026-02-24,1360.0,CE,TECHM26FEB1360CE,0.0,0.0,0.0,342.0,342.0,342.0,1504.8,146.05,600,0,0,0.0,0,F1,600,,,,,
2026-02-18,2026-02-18,FO,NSE,STO,142634,,TECHM,,2026-02-24,2026-02-24,1640.0,CE,TECHM26FEB1640CE,2.55,2.6,1.2,1.3,1.2,3.1,1504.8,1.3,558600,-113400,870,856883940.0,634,F1,600,,,,,
2026-02-18,2026-02-18,FO,NSE,STO,142824,,TECHM,,2026-02-24,2026-02-24,1880.0,CE,TECHM26FEB1880CE,0.25,0.25,0.15,0.15,0.15,0.4,1504.8,0.05,62400,-2400,34,38355690.0,27,F1,600,,,,,
2026-02-18,2026-02-18,FO,NSE,STO,162478,,TECHM,,2026-03-30,2026-03-30,1320.0,CE,TECHM26MAR1320CE,0.0,0.0,0.0,310.15,0.0,310.15,1504.8,195.2,0,0,0,0.0,0,F1,600,,,,,
2026-02-18,2026-02-18,FO,NSE,STO,142622,,TECHM,,2026-02-24,2026-02-24,1400.0,CE,TECHM26FEB1400CE,103.0,103.0,103.0,103.0,103.0,122.45,1504.8,106.25,26400,-600,1,901800.0,1,F1,600,,,,,
2026-02-18,2026-02-18,FO,NSE,STO,162454,,TECHM,,2026-02-24,2026-02-24,2020.0,CE,TECHM26FEB2020CE,0.0,0.0,0.0,1.75,0.0,1.75,1504.8,0.05,0,0,0,0.0,0,F1,600,,,,,
2026-02-18,2026-02-18,FO,NSE,STO,142821,,TECHM,,2026-02-24,2026-02-24,1800.0,PE,TECHM26FEB1800PE,0.0,0.0,0.0,292.5,292.5,292.5,1504.8,293.55,92400,0,0,0.0,0,F1,600,,,,,
2026-02-18,2026-02-18,FO,NSE,STO,170153,,TECHM,,2026-04-28,2026-04-28,2080.0,PE,TECHM26APR2080PE,0.0,0.0,0.0,321.85,0.0,321.85,1504.8,553.8,0,0,0,0.0,0,F1,600,,,,,
2026-02-18,2026-02-18,FO,NSE,STO,162435,,TECHM,,2026-02-24,2026-02-24,1620.0,PE,TECHM26FEB1620PE,138.3,138.3,122.2,122.75,123.35,101.85,1504.8,122.75,583800,-11400,28,29357370.0,13,F1,600,,,,,
2026-02-18,2026-02-18,FO,NSE,STO,142627,,TECHM,,2026-02-24,2026-02-24,1480.0,PE,TECHM26FEB1480PE,14.45,26.05,10.6,12.3,13.2,11.25,1504.8,12.3,301800,-286800,4831,4342469250.0,3602,F1,600,,,,,
2026-02-18,2026-02-18,FO,NSE,STO,162510,,TECHM,,2026-03-30,2026-03-30,1960.0,CE,TECHM26MAR1960CE,0.0,0.0,0.0,5.4,5.4,5.4,1504.8,0.05,2400,0,0,0.0,0,F1,600,,,,,
2026-02-18,2026-02-18,FO,NSE,STO,170074,,TECHM,,2026-03-30,2026-03-30,1780.0,CE,TECHM26MAR1780CE,0.0,0.0,0.0,75.95,0.0,75.95,1504.8,1.35,0,0,0,0.0,0,F1,600,,,,,
2026-02-18,2026-02-18,FO,NSE,STO,170064,,TECHM,,2026-03-30,2026-03-30,1580.0,CE,TECHM26MAR1580CE,35.0,35.35,27.2,31.0,30.8,41.15,1504.8,31.0,27000,0,37,35741280.0,37,F1,600,,,,,
2026-02-18,2026-02-18,FO,NSE,STO,170060,,TECHM,,2026-03-30,2026-03-30,1500.0,CE,TECHM26MAR1500CE,69.05,72.0,56.45,63.25,62.4,79.05,1504.8,63.25,67800,31200,215,201369060.0,181,F1,600,,,,,
2026-02-18,2026-02-18,FO,NSE,STO,170058,,TECHM,,2026-03-30,2026-03-30,1460.0,CE,TECHM26MAR1460CE,0.0,0.0,0.0,117.0,117.0,117.0,1504.8,80.6,4200,0,0,0.0,0,F1,600,,,,,
2026-02-18,2026-02-18,FO,NSE,STO,162456,,TECHM,,2026-02-24,2026-02-24,2060.0,CE,TECHM26FEB2060CE,0.0,0.0,0.0,1.1,0.0,1.1,1504.8,0.05,0,0,0,0.0,0,F1,600,,,,,
2026-02-18,2026-02-18,FO,NSE,STO,162452,,TECHM,,2026-02-24,2026-02-24,1980.0,CE,TECHM26FEB1980CE,0.0,0.0,0.0,2.75,0.0,2.75,1504.8,0.05,0,0,0,0.0,0,F1,600,,,,,
2026-02-18,2026-02-18,FO,NSE,STO,142636,,TECHM,,2026-02-24,2026-02-24,1680.0,CE,TECHM26FEB1680CE,1.4,1.4,0.65,0.75,0.7,1.8,1504.8,0.75,473400,-27600,552,556707660.0,409,F1,600,,,,,
2026-02-18,2026-02-18,FO,NSE,STO,142624,,TECHM,,2026-02-24,2026-02-24,1440.0,CE,TECHM26FEB1440CE,75.05,75.05,53.05,63.7,63.15,83.85,1504.8,63.7,32400,9600,122,109739550.0,121,F1,600,,,,,
2026-02-18,2026-02-18,FO,NSE,STO,162424,,TECHM,,2026-02-24,2026-02-24,1420.0,CE,TECHM26FEB1420CE,70.0,82.55,70.0,82.55,82.55,122.5,1504.8,86.75,14400,3600,15,13449030.0,15,F1,600,,,,,
2026-02-18,2026-02-18,FO,NSE,STO,162441,,TECHM,,2026-02-24,2026-02-24,1740.0,PE,TECHM26FEB1740PE,250.45,253.15,246.0,246.0,246.0,196.35,1504.8,233.65,132000,-1200,5,5969760.0,5,F1,600,,,,,
2026-02-18,2026-02-18,FO,NSE,STO,170085,,TECHM,,2026-03-30,2026-03-30,1980.0,PE,TECHM26MAR1980PE,0.0,0.0,0.0,233.95,0.0,233.95,1504.8,463.35,0,0,0,0.0,0,F1,600,,,,,
2026-02-18,2026-02-18,FO,NSE,STO,170117,,TECHM,,2026-04-28,2026-04-28,1360.0,PE,TECHM26APR1360PE,0.0,0.0,0.0,3.05,0.0,3.05,1504.8,12.6,0,0,0,0.0,0,F1,600,,,,,
2026-02-18,2026-02-18,FO,NSE,STO,170119,,TECHM,,2026-04-28,2026-04-28,1400.0,PE,TECHM26APR1400PE,0.0,0.0,0.0,5.0,0.0,5.0,1504.8,20.7,0,0,0,0.0,0,F1,600,,,,,
2026-02-18,2026-02-18,FO,NSE,STO,162505,,TECHM,,2026-03-30,2026-03-30,1840.0,PE,TECHM26MAR1840PE,0.0,0.0,0.0,233.65,0.0,233.65,1504.8,324.6,0,0,0,0.0,0,F1,600,,,,,
2026-02-18,2026-02-18,FO,NSE,STO,162432,,TECHM,,2026-02-24,2026-02-24,1580.0,CE,TECHM26FEB1580CE,6.95,6.95,2.9,3.55,3.6,8.85,1504.8,3.55,375000,69000,1965,1867306170.0,1337,F1,600,,,,,
2026-02-18,2026-02-18,FO,NSE,STO,142822,,TECHM,,2026-02-24,2026-02-24,1840.0,CE,TECHM26FEB1840CE,0.35,0.45,0.25,0.3,0.25,0.45,1504.8,0.3,238800,-16200,68,75085230.0,44,F1,600,,,,,
2026-02-18,2026-02-18,FO,NSE,STO,162446,,TECHM,,2026-02-24,2026-02-24,1860.0,CE,TECHM26FEB1860CE,0.3,0.35,0.2,0.2,0.2,0.45,1504.8,0.2,83400,-12600,24,26787660.0,24,F1,600,,,,,
2026-02-18,2026-02-18,FO,NSE,STO,142888,,TECHM,,2026-02-24,2026-02-24,2000.0,CE,TECHM26FEB2000CE,0.15,0.2,0.15,0.15,0.15,0.3,1504.8,0.05,48600,-12000,30,36002730.0,14,F1,600,,,,,
2026-02-18,2026-02-18,FO,NSE,STO,170112,,TECHM,,2026-04-28,2026-04-28,1280.0,CE,TECHM26APR1280CE,0.0,0.0,0.0,485.65,0.0,485.65,1504.8,241.85,0,0,0,0.0,0,F1,600,,,,,
2026-02-18,2026-02-18,FO,NSE,STO,142621,,TECHM,,2026-02-24,2026-02-24,1360.0,PE,TECHM26FEB1360PE,1.0,1.65,0.55,0.6,0.6,1.0,1504.8,0.6,85800,3000,89,72678240.0,69,F1,600,,,,,
2026-02-18,2026-02-18,FO,NSE,STO,142811,,TECHM,,2026-02-24,2026-02-24,1760.0,PE,TECHM26FEB1760PE,270.0,272.85,259.95,259.95,259.95,227.15,1504.8,253.6,340200,0,5,6081240.0,5,F1,600,,,,,
2026-02-18,2026-02-18,FO,NSE,STO,162451,,TECHM,,2026-02-24,2026-02-24,1940.0,PE,TECHM26FEB1940PE,0.0,0.0,0.0,321.7,0.0,321.7,1504.8,433.45,0,0,0,0.0,0,F1,600,,,,,
2026-02-18,2026-02-18,FO,NSE,STO,162455,,TECHM,,2026-02-24,2026-02-24,2020.0,PE,TECHM26FEB2020PE,0.0,0.0,0.0,398.45,0.0,398.45,1504.8,513.35,0,0,0,0.0,0,F1,600,,,,,
2026-02-18,2026-02-18,FO,NSE,STO,170057,,TECHM,,2026-03-30,2026-03-30,1420.0,PE,TECHM26MAR1420PE,30.1,30.1,24.6,24.6,24.6,22.75,1504.8,24.6,9000,-5400,21,18267960.0,5,F1,600,,,,,
2026-02-18,2026-02-18,FO,NSE,STO,162507,,TECHM,,2026-03-30,2026-03-30,1880.0,PE,TECHM26MAR1880PE,0.0,0.0,0.0,266.95,0.0,266.95,1504.8,364.1,0,0,0,0.0,0,F1,600,,,,,
2026-02-18,2026-02-18,FO,NSE,STO,170140,,TECHM,,2026-04-28,2026-04-28,1840.0,CE,TECHM26APR1840CE,0.0,0.0,0.0,73.05,0.0,73.05,1504.8,3.05,0,0,0,0.0,0,F1,600,,,,,
2026-02-18,2026-02-18,FO,NSE,STO,162447,,TECHM,,2026-02-24,2026-02-24,1860.0,PE,TECHM26FEB1860PE,0.0,0.0,0.0,217.15,217.15,217.15,1504.8,353.5,7200,0,0,0.0,0,F1,600,,,,,
2026-02-18,2026-02-18,FO,NSE,STO,162501,,TECHM,,2026-03-30,2026-03-30,1760.0,PE,TECHM26MAR1760PE,0.0,0.0,0.0,56.15,56.15,56.15,1504.8,246.55,1200,0,0,0.0,0,F1,600,,,,,
2026-02-18,2026-02-18,FO,NSE,STO,170077,,TECHM,,2026-03-30,2026-03-30,1820.0,PE,TECHM26MAR1820PE,0.0,0.0,0.0,115.65,0.0,115.65,1504.8,304.95,0,0,0,0.0,0,F1,600,,,,,
2026-02-18,2026-02-18,FO,NSE,STO,170091,,TECHM,,2026-03-30,2026-03-30,2100.0,PE,TECHM26MAR2100PE,0.0,0.0,0.0,340.35,0.0,340.35,1504.8,582.6,0,0,0,0.0,0,F1,600,,,,,
2026-02-18,2026-02-18,FO,NSE,STO,162422,,TECHM,,2026-02-24,2026-02-24,1380.0,CE,TECHM26FEB1380CE,0.0,0.0,0.0,160.0,158.05,160.0,1504.8,126.1,3000,0,0,0.0,0,F1,600,,,,,
2026-02-18,2026-02-18,FO,NSE,STF,59490,,TECHM,,2026-02-24,2026-02-24,,,TECHM26FEBFUT,1526.2,1526.2,1481.3,1502.6,1498.2,1522.8,1504.8,1502.6,17214600,-497400,4474,4016592780.0,4091,F1,600,,,,,
2026-02-18,2026-02-18,FO,NSE,STO,170137,,TECHM,,2026-04-28,2026-04-28,1760.0,PE,TECHM26APR1760PE,0.0,0.0,0.0,94.85,0.0,94.85,1504.8,244.55,0,0,0,0.0,0,F1,600,,,,,
2026-02-18,2026-02-18,FO,NSE,STO,162434,,TECHM,,2026-02-24,2026-02-24,1620.0,CE,TECHM26FEB1620CE,3.4,3.45,1.6,1.8,1.75,4.05,1504.8,1.8,562200,-508200,2625,2554962660.0,1477,F1,600,,,,,
2026-02-18,2026-02-18,FO,NSE,STO,162480,,TECHM,,2026-03-30,2026-03-30,1360.0,CE,TECHM26MAR1360CE,163.35,163.35,151.0,151.0,151.0,285.0,1504.8,158.6,1800,600,2,1820610.0,2,F1,600,,,,,
2026-02-18,2026-02-18,FO,NSE,STO,162502,,TECHM,,2026-03-30,2026-03-30,1800.0,CE,TECHM26MAR1800CE,5.05,5.05,3.05,3.1,3.1,5.05,1504.8,0.95,81600,-600,54,58433430.0,48,F1,600,,,,,
2026-02-18,2026-02-18,FO,NSE,STO,170076,,TECHM,,2026-03-30,2026-03-30,1820.0,CE,TECHM26MAR1820CE,0.0,0.0,0.0,5.5,5.5,5.5,1504.8,0.65,2400,0,0,0.0,0,F1,600,,,,,
2026-02-18,2026-02-18,FO,NSE,STO,170125,,TECHM,,2026-04-28,2026-04-28,1520.0,PE,TECHM26APR1520PE,0.0,0.0,0.0,17.6,0.0,17.6,1504.8,65.6,0,0,0,0.0,0,F1,600,,,,,
2026-02-18,2026-02-18,FO,NSE,STO,170127,,TECHM,,2026-04-28,2026-04-28,1560.0,PE,TECHM26APR1560PE,0.0,0.0,0.0,24.9,0.0,24.9,1504.8,88.1,0,0,0,0.0,0,F1,600,,,,,
2026-02-18,2026-02-18,FO,NSE,STO,162508,,TECHM,,2026-03-30,2026-03-30,1920.0,CE,TECHM26MAR1920CE,0.0,0.0,0.0,5.95,5.95,5.95,1504.8,0.1,1200,0,0,0.0,0,F1,600,,,,,
2026-02-18,2026-02-18,FO,NSE,STO,170078,,TECHM,,2026-03-30,2026-03-30,1860.0,CE,TECHM26MAR1860CE,2.5,2.5,2.1,2.1,2.1,3.5,1504.8,0.3,51000,9000,28,31288290.0,18,F1,600,,,,,
2026-02-18,2026-02-18,FO,NSE,STO,162500,,TECHM,,2026-03-30,2026-03-30,1760.0,CE,TECHM26MAR1760CE,0.0,0.0,0.0,7.9,7.9,7.9,1504.8,1.95,7800,0,0,0.0,0,F1,600,,,,,
2026-02-18,2026-02-18,FO,NSE,STO,162492,,TECHM,,2026-03-30,2026-03-30,1600.0,CE,TECHM26MAR1600CE,28.05,31.05,22.05,25.25,24.45,34.35,1504.8,25.25,310800,20400,430,419300970.0,337,F1,600,,,,,
2026-02-18,2026-02-18,FO,NSE,STO,162488,,TECHM,,2026-03-30,2026-03-30,1520.0,CE,TECHM26MAR1520CE,60.0,60.0,47.45,53.4,52.75,67.7,1504.8,53.4,25800,14400,59,55618290.0,51,F1,600,,,,,
2026-02-18,2026-02-18,FO,NSE,STO,43045,,TECHM,,2026-02-24,2026-02-24,2040.0,CE,TECHM26FEB2040CE,0.0,0.0,0.0,2.55,0.0,2.55,1504.8,0.05,0,0,0,0.0,0,F1,600,,,,,
2026-02-18,2026-02-18,FO,NSE,STF,52055,,TECHM,,2026-03-30,2026-03-30,,,TECHM26MARFUT,1523.5,1523.5,1490.0,1511.6,1508.1,1531.4,1504.8,1511.6,1881000,592800,2257,2035887960.0,2106,F1,600,,,,,
2026-02-18,2026-02-18,FO,NSE,STO,142637,,TECHM,,2026-02-24,2026-02-24,1680.0,PE,TECHM26FEB1680PE,185.0,185.0,179.25,181.75,182.25,160.35,1504.8,181.75,113400,-1800,4,4468650.0,4,F1,600,,,,,
2026-02-18,2026-02-18,FO,NSE,STO,162449,,TECHM,,2026-02-24,2026-02-24,1900.0,PE,TECHM26FEB1900PE,0.0,0.0,0.0,363.0,363.0,363.0,1504.8,393.5,6600,0,0,0.0,0,F1,600,,,,,
2026-02-18,2026-02-18,FO,NSE,STO,142883,,TECHM,,2026-02-24,2026-02-24,1920.0,PE,TECHM26FEB1920PE,0.0,0.0,0.0,224.0,224.0,224.0,1504.8,413.45,600,0,0,0.0,0,F1,600,,,,,
2026-02-18,2026-02-18,FO,NSE,STO,142895,,TECHM,,2026-02-24,2026-02-24,2080.0,PE,TECHM26FEB2080PE,0.0,0.0,0.0,555.4,0.0,555.4,1504.8,573.3,0,0,0,0.0,0,F1,600,,,,,
2026-02-18,2026-02-18,FO,NSE,STO,40977,,TECHM,,2026-02-24,2026-02-24,2100.0,PE,TECHM26FEB2100PE,0.0,0.0,0.0,470.9,0.0,470.9,1504.8,593.3,0,0,0,0.0,0,F1,600,,,,,
2026-02-18,2026-02-18,FO,NSE,STO,162481,,TECHM,,2026-03-30,2026-03-30,1360.0,PE,TECHM26MAR1360PE,15.0,19.0,11.75,12.75,12.95,12.8,1504.8,12.75,39000,11400,68,56155770.0,62,F1,600,,,,,
2026-02-18,2026-02-18,FO,NSE,STO,170061,,TECHM,,2026-03-30,2026-03-30,1500.0,PE,TECHM26MAR1500PE,53.95,66.8,50.15,51.75,53.0,47.25,1504.8,51.75,150600,6000,185,172989600.0,172,F1,600,,,,,
2026-02-18,2026-02-18,FO,NSE,STO,162491,,TECHM,,2026-03-30,2026-03-30,1560.0,PE,TECHM26MAR1560PE,86.5,102.55,85.25,85.45,85.45,78.65,1504.8,85.45,48000,9000,31,30761730.0,27,F1,600,,,,,
2026-02-18,2026-02-18,FO,NSE,STO,170079,,TECHM,,2026-03-30,2026-03-30,1860.0,PE,TECHM26MAR1860PE,0.0,0.0,0.0,141.75,0.0,141.75,1504.8,344.35,0,0,0,0.0,0,F1,600,,,,,
2026-02-18,2026-02-18,FO,NSE,STO,170083,,TECHM,,2026-03-30,2026-03-30,1940.0,PE,TECHM26MAR1940PE,0.0,0.0,0.0,201.25,0.0,201.25,1504.8,423.6,0,0,0,0.0,0,F1,600,,,,,
2026-02-18,2026-02-18,FO,NSE,STO,170113,,TECHM,,2026-04-28,2026-04-28,1280.0,PE,TECHM26APR1280PE,0.0,0.0,0.0,0.95,0.0,0.95,1504.8,3.8,0,0,0,0.0,0,F1,600,,,,,
2026-02-18,2026-02-18,FO,NSE,STO,170149,,TECHM,,2026-04-28,2026-04-28,2000.0,PE,TECHM26APR2000PE,0.0,0.0,0.0,254.9,0.0,254.9,1504.8,474.9,0,0,0,0.0,0,F1,600,,,,,
2026-02-18,2026-02-18,FO,NSE,STO,142623,,TECHM,,2026-02-24,2026-02-24,1400.0,PE,TECHM26FEB1400PE,1.85,4.2,1.0,1.15,1.35,2.05,1504.8,1.15,356400,55200,1900,1599138000.0,1146,F1,600,,,,,
2026-02-18,2026-02-18,FO,NSE,STO,170130,,TECHM,,2026-04-28,2026-04-28,1640.0,CE,TECHM26APR1640CE,0.0,0.0,0.0,175.95,0.0,175.95,1504.8,24.95,0,0,0,0.0,0,F1,600,,,,,
2026-02-18,2026-02-18,FO,NSE,STO,170126,,TECHM,,2026-04-28,2026-04-28,1560.0,CE,TECHM26APR1560CE,0.0,0.0,0.0,233.9,0.0,233.9,1504.8,49.0,0,0,0,0.0,0,F1,600,,,,,
2026-02-18,2026-02-18,FO,NSE,STO,170072,,TECHM,,2026-03-30,2026-03-30,1740.0,CE,TECHM26MAR1740CE,7.05,7.05,5.45,5.45,5.45,9.0,1504.8,2.7,31800,6600,37,38753670.0,32,F1,600,,,,,
2026-02-18,2026-02-18,FO,NSE,STO,162420,,TECHM,,2026-02-24,2026-02-24,1340.0,CE,TECHM26FEB1340CE,0.0,0.0,0.0,279.9,0.0,279.9,1504.8,166.0,0,0,0,0.0,0,F1,600,,,,,
2026-02-18,2026-02-18,FO,NSE,STO,162426,,TECHM,,2026-02-24,2026-02-24,1460.0,CE,TECHM26FEB1460CE,53.75,54.55,37.6,47.85,46.75,69.95,1504.8,47.85,34800,5400,278,250872600.0,243,F1,600,,,,,
2026-02-18,2026-02-18,FO,NSE,STO,142632,,TECHM,,2026-02-24,2026-02-24,1600.0,CE,TECHM26FEB1600CE,5.4,5.85,2.1,2.45,2.4,5.85,1504.8,2.45,897600,-239400,2998,2882947260.0,1694,F1,600,,,,,
2026-02-18,2026-02-18,FO,NSE,STO,162436,,TECHM,,2026-02-24,2026-02-24,1660.0,CE,TECHM26FEB1660CE,1.6,1.7,0.9,1.0,0.95,2.35,1504.8,1.0,976800,135600,1151,1147182390.0,630,F1,600,,,,,
2026-02-18,2026-02-18,FO,NSE,STO,142638,,TECHM,,2026-02-24,2026-02-24,1720.0,CE,TECHM26FEB1720CE,0.8,0.9,0.5,0.6,0.55,1.2,1504.8,0.6,210000,-105000,392,404706630.0,253,F1,600,,,,,
2026-02-18,2026-02-18,FO,NSE,STO,162444,,TECHM,,2026-02-24,2026-02-24,1820.0,CE,TECHM26FEB1820CE,0.35,0.35,0.2,0.3,0.3,0.55,1504.8,0.05,62400,-15000,39,42594630.0,22,F1,600,,,,,
2026-02-18,2026-02-18,FO,NSE,STO,162486,,TECHM,,2026-03-30,2026-03-30,1480.0,CE,TECHM26MAR1480CE,68.0,71.6,66.5,71.6,71.6,83.0,1504.8,68.25,2400,1800,18,16725480.0,14,F1,600,,,,,
2026-02-18,2026-02-18,FO,NSE,STO,170129,,TECHM,,2026-04-28,2026-04-28,1600.0,PE,TECHM26APR1600PE,0.0,0.0,0.0,50.0,50.0,50.0,1504.8,114.05,600,0,0,0.0,0,F1,600,,,,,
2026-02-18,2026-02-18,FO,NSE,STO,170089,,TECHM,,2026-03-30,2026-03-30,2060.0,PE,TECHM26MAR2060PE,0.0,0.0,0.0,303.8,0.0,303.8,1504.8,542.8,0,0,0,0.0,0,F1,600,,,,,
2026-02-18,2026-02-18,FO,NSE,STO,170073,,TECHM,,2026-03-30,2026-03-30,1740.0,PE,TECHM26MAR1740PE,0.0,0.0,0.0,165.0,165.0,165.0,1504.8,227.45,4200,0,0,0.0,0,F1,600,,,,,
2026-02-18,2026-02-18,FO,NSE,STO,162485,,TECHM,,2026-03-30,2026-03-30,1440.0,PE,TECHM26MAR1440PE,31.0,40.15,28.25,28.8,29.9,27.3,1504.8,28.8,22200,5400,61,53937720.0,54,F1,600,,,,,
2026-02-18,2026-02-18,FO,NSE,STO,142887,,TECHM,,2026-02-24,2026-02-24,1960.0,PE,TECHM26FEB1960PE,0.0,0.0,0.0,424.0,424.0,424.0,1504.8,453.45,2400,0,0,0.0,0,F1,600,,,,,
2026-02-18,2026-02-18,FO,NSE,STO,162443,,TECHM,,2026-02-24,2026-02-24,1780.0,PE,TECHM26FEB1780PE,0.0,0.0,0.0,244.2,244.2,244.2,1504.8,273.6,45000,0,0,0.0,0,F1,600,,,,,
2026-02-18,2026-02-18,FO,NSE,STO,162439,,TECHM,,2026-02-24,2026-02-24,1700.0,PE,TECHM26FEB1700PE,216.8,219.0,198.0,199.0,200.95,177.2,1504.8,199.0,108000,-11400,40,45732300.0,30,F1,600,,,,,
2026-02-18,2026-02-18,FO,NSE,STO,170152,,TECHM,,2026-04-28,2026-04-28,2080.0,CE,TECHM26APR2080CE,0.0,0.0,0.0,18.8,0.0,18.8,1504.8,0.1,0,0,0,0.0,0,F1,600,,,,,
2026-02-18,2026-02-18,FO,NSE,STO,170090,,TECHM,,2026-03-30,2026-03-30,2100.0,CE,TECHM26MAR2100CE,0.0,0.0,0.0,7.45,0.0,7.45,1504.8,0.05,0,0,0,0.0,0,F1,600,,,,,
2026-02-18,2026-02-18,FO,NSE,STO,170080,,TECHM,,2026-03-30,2026-03-30,1900.0,CE,TECHM26MAR1900CE,2.0,2.2,1.6,1.6,1.6,2.5,1504.8,1.6,47400,-1200,8,9129480.0,7,F1,600,,,,,
2026-02-18,2026-02-18,FO,NSE,STO,142882,,TECHM,,2026-02-24,2026-02-24,1920.0,CE,TECHM26FEB1920CE,0.25,0.25,0.15,0.15,0.15,0.25,1504.8,0.05,74400,3000,30,34563360.0,26,F1,600,,,,,
2026-02-18,2026-02-18,FO,NSE,STO,142884,,TECHM,,2026-02-24,2026-02-24,1960.0,CE,TECHM26FEB1960CE,0.2,0.3,0.2,0.25,0.25,0.3,1504.8,0.05,187200,-5400,154,181127100.0,89,F1,600,,,,,
2026-02-18,2026-02-18,FO,NSE,STO,170056,,TECHM,,2026-03-30,2026-03-30,1420.0,CE,TECHM26MAR1420CE,0.0,0.0,0.0,342.6,0.0,342.6,1504.8,108.85,0,0,0,0.0,0,F1,600,,,,,
2026-02-18,2026-02-18,FO,NSE,STO,162503,,TECHM,,2026-03-30,2026-03-30,1800.0,PE,TECHM26MAR1800PE,0.0,0.0,0.0,284.3,284.3,284.3,1504.8,285.35,13800,0,0,0.0,0,F1,600,,,,,
2026-02-18,2026-02-18,FO,NSE,STO,170123,,TECHM,,2026-04-28,2026-04-28,1480.0,PE,TECHM26APR1480PE,0.0,0.0,0.0,12.0,0.0,12.0,1504.8,46.9,0,0,0,0.0,0,F1,600,,,,,
2026-02-18,2026-02-18,FO,NSE,STO,170147,,TECHM,,2026-04-28,2026-04-28,1960.0,PE,TECHM26APR1960PE,0.0,0.0,0.0,223.5,0.0,223.5,1504.8,435.6,0,0,0,0.0,0,F1,600,,,,,
2026-02-18,2026-02-18,FO,NSE,STO,142766,,TECHM,,2026-02-24,2026-02-24,1720.0,PE,TECHM26FEB1720PE,231.0,231.0,231.0,231.0,231.0,200.75,1504.8,213.65,115200,-600,1,1170600.0,1,F1,600,,,,,
2026-02-18,2026-02-18,FO,NSE,STO,170062,,TECHM,,2026-03-30,2026-03-30,1540.0,CE,TECHM26MAR1540CE,48.7,48.7,39.25,43.65,43.2,57.75,1504.8,43.65,79800,11400,110,104407380.0,84,F1,600,,,,,
2026-02-18,2026-02-18,FO,NSE,STO,170146,,TECHM,,2026-04-28,2026-04-28,1960.0,CE,TECHM26APR1960CE,0.0,0.0,0.0,38.6,0.0,38.6,1504.8,0.65,0,0,0,0.0,0,F1,600,,,,,
2026-02-18,2026-02-18,FO,NSE,STO,142617,,TECHM,,2026-02-24,2026-02-24,1280.0,PE,TECHM26FEB1280PE,0.0,0.0,0.0,0.45,0.45,0.45,1504.8,0.05,2400,0,0,0.0,0,F1,600,,,,,
2026-02-18,2026-02-18,FO,NSE,STO,162421,,TECHM,,2026-02-24,2026-02-24,1340.0,PE,TECHM26FEB1340PE,0.7,1.15,0.4,0.5,0.4,0.8,1504.8,0.5,27600,-6600,88,70790370.0,77,F1,600,,,,,
2026-02-18,2026-02-18,FO,NSE,STO,162429,,TECHM,,2026-02-24,2026-02-24,1500.0,PE,TECHM26FEB1500PE,20.0,37.2,18.3,20.2,22.65,17.55,1504.8,20.2,282000,-77400,4164,3818307240.0,3355,F1,600,,,,,
2026-02-18,2026-02-18,FO,NSE,STO,142881,,TECHM,,2026-02-24,2026-02-24,1880.0,PE,TECHM26FEB1880PE,0.0,0.0,0.0,134.1,134.1,134.1,1504.8,373.5,2400,0,0,0.0,0,F1,600,,,,,
2026-02-18,2026-02-18,FO,NSE,STO,170055,,TECHM,,2026-03-30,2026-03-30,1380.0,PE,TECHM26MAR1380PE,20.5,21.95,15.7,16.0,16.05,15.35,1504.8,16.0,15600,6600,29,24340470.0,29,F1,600,,,,,
2026-02-18,2026-02-18,FO,NSE,STO,162489,,TECHM,,2026-03-30,2026-03-30,1520.0,PE,TECHM26MAR1520PE,77.95,77.95,70.7,70.7,70.7,55.95,1504.8,53.35,49800,0,8,7651980.0,8,F1,600,,,,,
2026-02-18,2026-02-18,FO,NSE,STO,162493,,TECHM,,2026-03-30,2026-03-30,1600.0,PE,TECHM26MAR1600PE,113.0,131.0,112.35,115.05,115.75,102.8,1504.8,115.05,70200,-18000,62,63892140.0,53,F1,600,,,,,
2026-02-18,2026-02-18,FO,NSE,STO,170069,,TECHM,,2026-03-30,2026-03-30,1660.0,PE,TECHM26MAR1660PE,167.0,168.0,161.7,161.7,161.7,148.0,1504.8,154.2,8400,0,4,4380420.0,4,F1,600,,,,,
2026-02-18,2026-02-18,FO,NSE,STO,162450,,TECHM,,2026-02-24,2026-02-24,1940.0,CE,TECHM26FEB1940CE,0.0,0.0,0.0,4.25,0.0,4.25,1504.8,0.05,0,0,0,0.0,0,F1,600,,,,,
2026-02-18,2026-02-18,FO,NSE,STO,142823,,TECHM,,2026-02-24,2026-02-24,1840.0,PE,TECHM26FEB1840PE,0.0,0.0,0.0,195.25,195.25,195.25,1504.8,333.55,22800,0,0,0.0,0,F1,600,,,,,
2026-02-18,2026-02-18,FO,NSE,STO,142618,,TECHM,,2026-02-24,2026-02-24,1320.0,CE,TECHM26FEB1320CE,0.0,0.0,0.0,193.65,193.65,193.65,1504.8,186.0,3000,0,0,0.0,0,F1,600,,,,,
2026-02-18,2026-02-18,FO,NSE,STO,162438,,TECHM,,2026-02-24,2026-02-24,1700.0,CE,TECHM26FEB1700CE,1.05,1.15,0.65,0.7,0.7,1.5,1504.8,0.7,645000,-73200,640,653111640.0,389,F1,600,,,,,
2026-02-18,2026-02-18,FO,NSE,STO,162442,,TECHM,,2026-02-24,2026-02-24,1780.0,CE,TECHM26FEB1780CE,0.6,0.6,0.25,0.35,0.3,0.65,1504.8,0.35,906600,-33000,204,217919160.0,134,F1,600,,,,,
2026-02-18,2026-02-18,FO,NSE,STO,170071,,TECHM,,2026-03-30,2026-03-30,1700.0,PE,TECHM26MAR1700PE,195.0,197.0,192.6,194.95,197.0,179.0,1504.8,194.95,131400,8400,14,15925680.0,9,F1,600,,,,,
2026-02-18,2026-02-18,FO,NSE,STO,170063,,TECHM,,2026-03-30,2026-03-30,1540.0,PE,TECHM26MAR1540PE,78.0,89.05,71.6,71.6,71.6,64.45,1504.8,71.6,60000,18000,78,75790470.0,32,F1,600,,,,,
2026-02-18,2026-02-18,FO,NSE,STO,162483,,TECHM,,2026-03-30,2026-03-30,1400.0,PE,TECHM26MAR1400PE,21.7,28.3,18.0,19.05,19.7,19.05,1504.8,19.05,264600,49800,477,407343960.0,390,F1,600,,,,,
2026-02-18,2026-02-18,FO,NSE,STO,170053,,TECHM,,2026-03-30,2026-03-30,1340.0,PE,TECHM26MAR1340PE,0.0,0.0,0.0,0.7,0.0,0.7,1504.8,3.8,0,0,0,0.0,0,F1,600,,,,,
2026-02-18,2026-02-18,FO,NSE,STO,162479,,TECHM,,2026-03-30,2026-03-30,1320.0,PE,TECHM26MAR1320PE,9.0,12.95,7.6,8.0,8.4,8.2,1504.8,8.0,32400,29400,150,119730420.0,96,F1,600,,,,,
2026-02-18,2026-02-18,FO,NSE,STO,142635,,TECHM,,2026-02-24,2026-02-24,1640.0,PE,TECHM26FEB1640PE,150.0,150.0,138.35,141.0,141.0,118.0,1504.8,133.8,283800,-21600,104,111306030.0,37,F1,600,,,,,
2026-02-18,2026-02-18,FO,NSE,STO,142629,,TECHM,,2026-02-24,2026-02-24,1520.0,PE,TECHM26FEB1520PE,33.0,50.0,29.9,31.75,34.35,26.15,1504.8,31.75,156000,-37800,838,783372960.0,772,F1,600,,,,,
2026-02-18,2026-02-18,FO,NSE,STO,162494,,TECHM,,2026-03-30,2026-03-30,1640.0,CE,TECHM26MAR1640CE,19.5,19.5,14.65,15.6,15.6,23.85,1504.8,11.8,76800,18600,113,112312260.0,73,F1,600,,,,,
2026-02-18,2026-02-18,FO,NSE,STF,67026,,TECHM,,2026-04-28,2026-04-28,,,TECHM26APRFUT,1542.5,1542.5,1500.5,1521.1,1517.0,1542.5,1504.8,1521.1,105600,17400,89,80798820.0,85,F1,600,,,,,
2026-02-18,2026-02-18,FO,NSE,STO,170134,,TECHM,,2026-04-28,2026-04-28,1720.0,CE,TECHM26APR1720CE,0.0,0.0,0.0,127.45,0.0,127.45,1504.8,11.5,0,0,0,0.0,0,F1,600,,,,,
2026-02-18,2026-02-18,FO,NSE,STO,170132,,TECHM,,2026-04-28,2026-04-28,1680.0,CE,TECHM26APR1680CE,0.0,0.0,0.0,150.45,0.0,150.45,1504.8,17.15,0,0,0,0.0,0,F1,600,,,,,
2026-02-18,2026-02-18,FO,NSE,STO,170118,,TECHM,,2026-04-28,2026-04-28,1400.0,CE,TECHM26APR1400CE,0.0,0.0,0.0,371.55,0.0,371.55,1504.8,140.0,0,0,0,0.0,0,F1,600,,,,,
2026-02-18,2026-02-18,FO,NSE,STO,142625,,TECHM,,2026-02-24,2026-02-24,1440.0,PE,TECHM26FEB1440PE,4.9,10.8,3.0,3.5,3.95,4.6,1504.8,3.5,434400,69600,1579,1371107070.0,1224,F1,600,,,,,
2026-02-18,2026-02-18,FO,NSE,STO,142619,,TECHM,,2026-02-24,2026-02-24,1320.0,PE,TECHM26FEB1320PE,0.5,0.8,0.4,0.5,0.45,0.55,1504.8,0.5,72000,8400,65,51503010.0,62,F1,600,,,,,
2026-02-18,2026-02-18,FO,NSE,STO,170150,,TECHM,,2026-04-28,2026-04-28,2040.0,CE,TECHM26APR2040CE,0.0,0.0,0.0,24.1,0.0,24.1,1504.8,0.2,0,0,0,0.0,0,F1,600,,,,,
2026-02-18,2026-02-18,FO,NSE,STO,170142,,TECHM,,2026-04-28,2026-04-28,1880.0,CE,TECHM26APR1880CE,0.0,0.0,0.0,59.55,0.0,59.55,1504.8,1.85,0,0,0,0.0,0,F1,600,,,,,
2026-02-18,2026-02-18,FO,NSE,STO,162516,,TECHM,,2026-03-30,2026-03-30,2080.0,CE,TECHM26MAR2080CE,0.0,0.0,0.0,4.25,0.0,4.25,1504.8,0.05,0,0,0,0.0,0,F1,600,,,,,
2026-02-18,2026-02-18,FO,NSE,STO,170084,,TECHM,,2026-03-30,2026-03-30,1980.0,CE,TECHM26MAR1980CE,0.0,0.0,0.0,19.75,0.0,19.75,1504.8,0.05,0,0,0,0.0,0,F1,600,,,,,
2026-02-18,2026-02-18,FO,NSE,STO,170052,,TECHM,,2026-03-30,2026-03-30,1340.0,CE,TECHM26MAR1340CE,0.0,0.0,0.0,195.5,195.5,195.5,1504.8,176.65,8400,0,0,0.0,0,F1,600,,,,,
2026-02-18,2026-02-18,FO,NSE,STO,142812,,TECHM,,2026-02-24,2026-02-24,1800.0,CE,TECHM26FEB1800CE,0.5,0.5,0.25,0.3,0.3,0.6,1504.8,0.3,549600,-82200,297,320826120.0,240,F1,600,,,,,
2026-02-18,2026-02-18,FO,NSE,STO,142630,,TECHM,,2026-02-24,2026-02-24,1560.0,CE,TECHM26FEB1560CE,13.0,13.05,4.25,5.35,5.35,13.55,1504.8,5.35,939600,395400,5168,4856113170.0,3380,F1,600,,,,,
2026-02-18,2026-02-18,FO,NSE,STO,170131,,TECHM,,2026-04-28,2026-04-28,1640.0,PE,TECHM26APR1640PE,0.0,0.0,0.0,45.7,0.0,45.7,1504.8,143.2,0,0,0,0.0,0,F1,600,,,,,
2026-02-18,2026-02-18,FO,NSE,STO,162513,,TECHM,,2026-03-30,2026-03-30,2000.0,PE,TECHM26MAR2000PE,0.0,0.0,0.0,373.8,0.0,373.8,1504.8,483.2,0,0,0,0.0,0,F1,600,,,,,
2026-02-18,2026-02-18,FO,NSE,STO,170138,,TECHM,,2026-04-28,2026-04-28,1800.0,CE,TECHM26APR1800CE,0.0,0.0,0.0,88.8,0.0,88.8,1504.8,4.85,0,0,0,0.0,0,F1,600,,,,,
2026-02-18,2026-02-18,FO,NSE,STO,170122,,TECHM,,2026-04-28,2026-04-28,1480.0,CE,TECHM26APR1480CE,0.0,0.0,0.0,299.75,0.0,299.75,1504.8,87.0,0,0,0,0.0,0,F1,600,,,,,
2026-02-18,2026-02-18,FO,NSE,STO,170120,,TECHM,,2026-04-28,2026-04-28,1440.0,CE,TECHM26APR1440CE,0.0,0.0,0.0,335.05,0.0,335.05,1504.8,111.7,0,0,0,0.0,0,F1,600,,,,,
2026-02-18,2026-02-18,FO,NSE,STO,170139,,TECHM,,2026-04-28,2026-04-28,1800.0,PE,TECHM26APR1800PE,0.0,0.0,0.0,116.15,0.0,116.15,1504.8,281.4,0,0,0,0.0,0,F1,600,,,,,
2026-02-18,2026-02-18,FO,NSE,STO,170145,,TECHM,,2026-04-28,2026-04-28,1920.0,PE,TECHM26APR1920PE,0.0,0.0,0.0,193.6,0.0,193.6,1504.8,396.45,0,0,0,0.0,0,F1,600,,,,,
2026-02-18,2026-02-18,FO,NSE,STO,170114,,TECHM,,2026-04-28,2026-04-28,1320.0,CE,TECHM26APR1320CE,0.0,0.0,0.0,447.05,0.0,447.05,1504.8,205.65,0,0,0,0.0,0,F1,600,,,,,
2026-02-18,2026-02-18,FO,NSE,STO,170082,,TECHM,,2026-03-30,2026-03-30,1940.0,CE,TECHM26MAR1940CE,0.0,0.0,0.0,26.65,0.0,26.65,1504.8,0.05,0,0,0,0.0,0,F1,600,,,,,
2026-02-18,2026-02-18,FO,NSE,STO,162506,,TECHM,,2026-03-30,2026-03-30,1880.0,CE,TECHM26MAR1880CE,0.0,0.0,0.0,19.4,0.0,19.4,1504.8,0.2,0,0,0,0.0,0,F1,600,,,,,
2026-02-18,2026-02-18,FO,NSE,STO,162428,,TECHM,,2026-02-24,2026-02-24,1500.0,CE,TECHM26FEB1500CE,32.7,32.8,17.3,22.35,21.05,40.55,1504.8,22.35,383400,134400,4762,4347408900.0,3889,F1,600,,,,,
2026-02-18,2026-02-18,FO,NSE,STO,162504,,TECHM,,2026-03-30,2026-03-30,1840.0,CE,TECHM26MAR1840CE,0.0,0.0,0.0,10.0,10.0,10.0,1504.8,0.45,19800,0,0,0.0,0,F1,600,,,,,
2026-02-18,2026-02-18,FO,NSE,STO,162514,,TECHM,,2026-03-30,2026-03-30,2040.0,CE,TECHM26MAR2040CE,0.0,0.0,0.0,5.85,0.0,5.85,1504.8,0.05,0,0,0,0.0,0,F1,600,,,,,
2026-02-18,2026-02-18,FO,NSE,STO,170088,,TECHM,,2026-03-30,2026-03-30,2060.0,CE,TECHM26MAR2060CE,0.0,0.0,0.0,10.45,0.0,10.45,1504.8,0.05,0,0,0,0.0,0,F1,600,,,,,
2026-02-18,2026-02-18,FO,NSE,STO,170148,,TECHM,,2026-04-28,2026-04-28,2000.0,CE,TECHM26APR2000CE,0.0,0.0,0.0,30.6,0.0,30.6,1504.8,0.4,0,0,0,0.0,0,F1,600,,,,,
2026-02-18,2026-02-18,FO,NSE,STO,170135,,TECHM,,2026-04-28,2026-04-28,1720.0,PE,TECHM26APR1720PE,0.0,0.0,0.0,76.0,0.0,76.0,1504.8,208.9,0,0,0,0.0,0,F1,600,,,,,
2026-02-18,2026-02-18,FO,NSE,STO,162448,,TECHM,,2026-02-24,2026-02-24,1900.0,CE,TECHM26FEB1900CE,0.2,0.2,0.1,0.1,0.1,0.3,1504.8,0.05,134400,-30600,134,152773800.0,68,F1,600,,,,,
2026-02-18,2026-02-18,FO,NSE,STO,142631,,TECHM,,2026-02-24,2026-02-24,1560.0,PE,TECHM26FEB1560PE,67.8,82.75,58.9,63.85,65.7,50.55,1504.8,63.85,252000,-54000,282,275572440.0,194,F1,600,,,,,
2026-02-18,2026-02-18,FO,NSE,STO,142633,,TECHM,,2026-02-24,2026-02-24,1600.0,PE,TECHM26FEB1600PE,96.5,119.8,93.0,101.5,102.0,82.8,1504.8,101.5,379200,-16200,220,225372300.0,172,F1,600,,,,,
2026-02-18,2026-02-18,FO,NSE,STO,162457,,TECHM,,2026-02-24,2026-02-24,2060.0,PE,TECHM26FEB2060PE,0.0,0.0,0.0,437.45,0.0,437.45,1504.8,553.35,0,0,0,0.0,0,F1,600,,,,,
2026-02-18,2026-02-18,FO,NSE,STO,170059,,TECHM,,2026-03-30,2026-03-30,1460.0,PE,TECHM26MAR1460PE,40.85,47.45,34.1,34.15,34.1,33.6,1504.8,34.15,16800,3600,39,35134950.0,38,F1,600,,,,,
2026-02-18,2026-02-18,FO,NSE,STO,170067,,TECHM,,2026-03-30,2026-03-30,1620.0,PE,TECHM26MAR1620PE,0.0,0.0,0.0,100.0,100.0,100.0,1504.8,120.8,12600,0,0,0.0,0,F1,600,,,,,
2026-02-18,2026-02-18,FO,NSE,STO,162499,,TECHM,,2026-03-30,2026-03-30,1720.0,PE,TECHM26MAR1720PE,0.0,0.0,0.0,198.0,198.0,198.0,1504.8,208.55,4800,0,0,0.0,0,F1,600,,,,,
2026-02-18,2026-02-18,FO,NSE,STO,170133,,TECHM,,2026-04-28,2026-04-28,1680.0,PE,TECHM26APR1680PE,0.0,0.0,0.0,59.6,0.0,59.6,1504.8,175.0,0,0,0,0.0,0,F1,600,,,,,
2026-02-18,2026-02-18,FO,NSE,STO,162497,,TECHM,,2026-03-30,2026-03-30,1680.0,PE,TECHM26MAR1680PE,0.0,0.0,0.0,151.7,151.7,151.7,1504.8,171.85,5400,0,0,0.0,0,F1,600,,,,,
2026-02-18,2026-02-18,FO,NSE,STO,162511,,TECHM,,2026-03-30,2026-03-30,1960.0,PE,TECHM26MAR1960PE,0.0,0.0,0.0,405.5,405.5,405.5,1504.8,443.45,8400,0,0,0.0,0,F1,600,,,,,
2026-02-18,2026-02-18,FO,NSE,STO,170121,,TECHM,,2026-04-28,2026-04-28,1440.0,PE,TECHM26APR1440PE,0.0,0.0,0.0,7.9,0.0,7.9,1504.8,32.0,0,0,0,0.0,0,F1,600,,,,,
2026-02-18,2026-02-18,FO,NSE,STO,170087,,TECHM,,2026-03-30,2026-03-30,2020.0,PE,TECHM26MAR2020PE,0.0,0.0,0.0,268.25,0.0,268.25,1504.8,503.05,0,0,0,0.0,0,F1,600,,,,,
2026-02-18,2026-02-18,FO,NSE,STO,162509,,TECHM,,2026-03-30,2026-03-30,1920.0,PE,TECHM26MAR1920PE,0.0,0.0,0.0,200.0,200.0,200.0,1504.8,403.75,600,0,0,0.0,0,F1,600,,,,,
2026-02-18,2026-02-18,FO,NSE,STO,142628,,TECHM,,2026-02-24,2026-02-24,1520.0,CE,TECHM26FEB1520CE,25.8,25.8,10.85,14.05,13.5,29.2,1504.8,14.05,287400,-7800,3335,3070200090.0,2942,F1,600,,,,,
2026-02-18,2026-02-18,FO,NSE,STO,142894,,TECHM,,2026-02-24,2026-02-24,2080.0,CE,TECHM26FEB2080CE,0.0,0.0,0.0,1.45,0.0,1.45,1504.8,0.05,0,0,0,0.0,0,F1,600,,,,,
2026-02-18,2026-02-18,FO,NSE,STO,162476,,TECHM,,2026-03-30,2026-03-30,1280.0,CE,TECHM26MAR1280CE,0.0,0.0,0.0,242.0,242.0,242.0,1504.8,233.45,6600,0,0,0.0,0,F1,600,,,,,
2026-02-18,2026-02-18,FO,NSE,STO,170054,,TECHM,,2026-03-30,2026-03-30,1380.0,CE,TECHM26MAR1380CE,0.0,0.0,0.0,380.95,0.0,380.95,1504.8,141.2,0,0,0,0.0,0,F1,600,,,,,
2026-02-18,2026-02-18,FO,NSE,STO,162498,,TECHM,,2026-03-30,2026-03-30,1720.0,CE,TECHM26MAR1720CE,7.55,7.55,6.7,6.7,6.7,11.0,1504.8,3.7,4800,600,5,5181570.0,5,F1,600,,,,,
2026-02-18,2026-02-18,FO,NSE,STO,170128,,TECHM,,2026-04-28,2026-04-28,1600.0,CE,TECHM26APR1600CE,0.0,0.0,0.0,203.9,0.0,203.9,1504.8,35.4,0,0,0,0.0,0,F1,600,,,,,
2026-02-18,2026-02-18,FO,NSE,STO,170136,,TECHM,,2026-04-28,2026-04-28,1760.0,CE,TECHM26APR1760CE,0.0,0.0,0.0,106.9,0.0,106.9,1504.8,7.55,0,0,0,0.0,0,F1,600,,,,,
2026-02-18,2026-02-18,FO,NSE,STO,170144,,TECHM,,2026-04-28,2026-04-28,1920.0,CE,TECHM26APR1920CE,0.0,0.0,0.0,48.1,0.0,48.1,1504.8,1.1,0,0,0,0.0,0,F1,600,,,,,
2026-02-18,2026-02-18,FO,NSE,STO,43046,,TECHM,,2026-02-24,2026-02-24,2040.0,PE,TECHM26FEB2040PE,0.0,0.0,0.0,472.75,0.0,472.75,1504.8,533.35,0,0,0,0.0,0,F1,600,,,,,
2026-02-18,2026-02-18,FO,NSE,STO,162437,,TECHM,,2026-02-24,2026-02-24,1660.0,PE,TECHM26FEB1660PE,157.65,179.1,157.1,159.15,161.05,138.05,1504.8,159.15,188400,-4200,34,37366440.0,32,F1,600,,,,,
2026-02-18,2026-02-18,FO,NSE,STO,162495,,TECHM,,2026-03-30,2026-03-30,1640.0,PE,TECHM26MAR1640PE,152.0,152.0,152.0,152.0,152.0,116.0,1504.8,137.15,10200,600,1,1075200.0,1,F1,600,,,,,
2026-02-18,2026-02-18,FO,NSE,STO,170081,,TECHM,,2026-03-30,2026-03-30,1900.0,PE,TECHM26MAR1900PE,0.0,0.0,0.0,170.5,0.0,170.5,1504.8,383.9,0,0,0,0.0,0,F1,600,,,,,
2026-02-18,2026-02-18,FO,NSE,STO,170141,,TECHM,,2026-04-28,2026-04-28,1840.0,PE,TECHM26APR1840PE,0.0,0.0,0.0,139.8,0.0,139.8,1504.8,319.2,0,0,0,0.0,0,F1,600,,,,,
2026-02-18,2026-02-18,FO,NSE,STO,162445,,TECHM,,2026-02-24,2026-02-24,1820.0,PE,TECHM26FEB1820PE,0.0,0.0,0.0,92.2,92.2,92.2,1504.8,313.55,8400,0,0,0.0,0,F1,600,,,,,
2026-02-18,2026-02-18,FO,NSE,STO,142626,,TECHM,,2026-02-24,2026-02-24,1480.0,CE,TECHM26FEB1480CE,42.0,44.35,26.0,33.7,32.5,54.3,1504.8,33.7,138000,101400,1797,1628486460.0,1424,F1,600,,,,,
2026-02-18,2026-02-18,FO,NSE,STO,162430,,TECHM,,2026-02-24,2026-02-24,1540.0,CE,TECHM26FEB1540CE,15.85,20.15,6.65,8.7,8.4,20.15,1504.8,8.7,531600,-25800,4703,4370569320.0,3686,F1,600,,,,,
2026-02-18,2026-02-18,FO,NSE,STO,162440,,TECHM,,2026-02-24,2026-02-24,1740.0,CE,TECHM26FEB1740CE,0.6,0.8,0.5,0.55,0.5,1.05,1504.8,0.55,477000,-105600,747,780154170.0,412,F1,600,,,,,
2026-02-18,2026-02-18,FO,NSE,STO,40976,,TECHM,,2026-02-24,2026-02-24,2100.0,CE,TECHM26FEB2100CE,0.0,0.0,0.0,0.5,0.0,0.5,1504.8,0.05,0,0,0,0.0,0,F1,600,,,,,
2026-02-18,2026-02-18,FO,NSE,STO,162482,,TECHM,,2026-03-30,2026-03-30,1400.0,CE,TECHM26MAR1400CE,121.3,127.1,120.0,127.1,127.1,162.8,1504.8,124.6,5400,1800,15,13692720.0,15,F1,600,,,,,
2026-02-18,2026-02-18,FO,NSE,STO,162484,,TECHM,,2026-03-30,2026-03-30,1440.0,CE,TECHM26MAR1440CE,0.0,0.0,0.0,106.5,106.5,106.5,1504.8,94.2,600,0,0,0.0,0,F1,600,,,,,
2026-02-18,2026-02-18,FO,NSE,STO,162490,,TECHM,,2026-03-30,2026-03-30,1560.0,CE,TECHM26MAR1560CE,41.0,41.0,32.7,36.75,36.25,48.55,1504.8,36.75,61200,22200,158,151320510.0,107,F1,600,,,,,
2026-02-18,2026-02-18,FO,NSE,STO,162496,,TECHM,,2026-03-30,2026-03-30,1680.0,CE,TECHM26MAR1680CE,12.6,12.6,10.0,10.0,10.0,16.15,1504.8,6.75,18600,10200,33,33474150.0,24,F1,600,,,,,
2026-02-18,2026-02-18,FO,NSE,STO,170070,,TECHM,,2026-03-30,2026-03-30,1700.0,CE,TECHM26MAR1700CE,11.05,12.25,7.95,8.75,8.55,13.25,1504.8,8.75,285000,13200,425,435791730.0,326,F1,600,,,,,
2026-02-18,2026-02-18,FO,NSE,STO,170086,,TECHM,,2026-03-30,2026-03-30,2020.0,CE,TECHM26MAR2020CE,0.0,0.0,0.0,14.45,0.0,14.45,1504.8,0.05,0,0,0,0.0,0,F1,600,,,,,
2026-02-18,2026-02-18,FO,NSE,STO,162431,,TECHM,,2026-02-24,2026-02-24,1540.0,PE,TECHM26FEB1540PE,49.85,65.5,43.9,46.6,48.65,37.1,1504.8,46.6,202800,-39000,665,636298680.0,576,F1,600,,,,,
2026-02-18,2026-02-18,FO,NSE,STO,162433,,TECHM,,2026-02-24,2026-02-24,1580.0,PE,TECHM26FEB1580PE,76.15,101.0,76.05,82.4,83.85,66.55,1504.8,82.4,159600,-1200,88,88110030.0,72,F1,600,,,,,
2026-02-18,2026-02-18,FO,NSE,STO,142767,,TECHM,,2026-02-24,2026-02-24,1760.0,CE,TECHM26FEB1760CE,0.95,0.95,0.4,0.45,0.4,0.9,1504.8,0.45,1035000,-58800,556,587321640.0,384,F1,600,,,,,
2026-02-18,2026-02-18,FO,NSE,STO,162477,,TECHM,,2026-03-30,2026-03-30,1280.0,PE,TECHM26MAR1280PE,7.5,8.75,4.9,5.45,5.7,6.0,1504.8,5.45,94200,2400,56,43219440.0,52,F1,600,,,,,
2026-02-18,2026-02-18,FO,NSE,STO,78648,,BANKINDIA,,2026-02-24,2026-02-24,176.0,CE,BANKINDIA26FEB176CE,1.76,2.02,1.37,1.55,1.45,1.71,172.55,1.55,223600,41600,145,133955796.0,121,F1,5200,,,,,
2026-02-18,2026-02-18,FO,NSE,STO,76505,,BANKINDIA,,2026-02-24,2026-02-24,139.0,CE,BANKINDIA26FEB139CE,0.0,0.0,0.0,10.55,0.0,10.55,172.55,33.68,0,0,0,0.0,0,F1,5200,,,,,
2026-02-18,2026-02-18,FO,NSE,STO,89450,,BANKINDIA,,2026-04-28,2026-04-28,152.0,CE,BANKINDIA26APR152CE,0.0,0.0,0.0,19.97,0.0,19.97,172.55,24.33,0,0,0,0.0,0,F1,5200,,,,,
2026-02-18,2026-02-18,FO,NSE,STO,89315,,BANKINDIA,,2026-04-28,2026-04-28,146.0,CE,BANKINDIA26APR146CE,0.0,0.0,0.0,23.96,0.0,23.96,172.55,29.32,0,0,0,0.0,0,F1,5200,,,,,
2026-02-18,2026-02-18,FO,NSE,STO,89296,,BANKINDIA,,2026-04-28,2026-04-28,140.0,CE,BANKINDIA26APR140CE,0.0,0.0,0.0,28.37,0.0,28.37,172.55,34.66,0,0,0,0.0,0,F1,5200,,,,,
2026-02-18,2026-02-18,FO,NSE,STO,89284,,BANKINDIA,,2026-04-28,2026-04-28,132.0,CE,BANKINDIA26APR132CE,0.0,0.0,0.0,34.85,0.0,34.85,172.55,42.16,0,0,0,0.0,0,F1,5200,,,,,
2026-02-18,2026-02-18,FO,NSE,STO,38939,,BANKINDIA,,2026-03-30,2026-03-30,186.0,CE,BANKINDIA26MAR186CE,3.4,3.4,3.4,3.4,3.4,2.11,172.55,3.25,10400,5200,1,984880.0,1,F1,5200,,,,,
2026-02-18,2026-02-18,FO,NSE,STO,88959,,BANKINDIA,,2026-03-30,2026-03-30,165.0,CE,BANKINDIA26MAR165CE,12.46,12.5,11.04,12.21,12.05,11.66,172.55,12.21,213200,-98800,48,44177068.0,35,F1,5200,,,,,
2026-02-18,2026-02-18,FO,NSE,STO,89328,,BANKINDIA,,2026-04-28,2026-04-28,146.0,PE,BANKINDIA26APR146PE,0.0,0.0,0.0,4.56,0.0,4.56,172.55,1.26,0,0,0,0.0,0,F1,5200,,,,,
2026-02-18,2026-02-18,FO,NSE,STO,89434,,BANKINDIA,,2026-04-28,2026-04-28,148.0,PE,BANKINDIA26APR148PE,0.0,0.0,0.0,5.15,0.0,5.15,172.55,1.54,0,0,0,0.0,0,F1,5200,,,,,
2026-02-18,2026-02-18,FO,NSE,STO,89574,,BANKINDIA,,2026-04-28,2026-04-28,192.0,PE,BANKINDIA26APR192PE,0.0,0.0,0.0,30.24,0.0,30.24,172.55,21.52,0,0,0,0.0,0,F1,5200,,,,,
2026-02-18,2026-02-18,FO,NSE,STO,89289,,BANKINDIA,,2026-04-28,2026-04-28,132.0,PE,BANKINDIA26APR132PE,0.0,0.0,0.0,1.66,0.0,1.66,172.55,0.24,0,0,0,0.0,0,F1,5200,,,,,
2026-02-18,2026-02-18,FO,NSE,STO,36759,,BANKINDIA,,2026-03-30,2026-03-30,182.0,PE,BANKINDIA26MAR182PE,0.0,0.0,0.0,34.54,0.0,34.54,172.55,12.73,0,0,0,0.0,0,F1,5200,,,,,
2026-02-18,2026-02-18,FO,NSE,STO,89089,,BANKINDIA,,2026-03-30,2026-03-30,181.0,PE,BANKINDIA26MAR181PE,0.0,0.0,0.0,20.65,0.0,20.65,172.55,12.06,0,0,0,0.0,0,F1,5200,,,,,
2026-02-18,2026-02-18,FO,NSE,STO,89079,,BANKINDIA,,2026-03-30,2026-03-30,179.0,PE,BANKINDIA26MAR179PE,0.0,0.0,0.0,19.19,0.0,19.19,172.55,10.77,0,0,0,0.0,0,F1,5200,,,,,
2026-02-18,2026-02-18,FO,NSE,STO,88928,,BANKINDIA,,2026-03-30,2026-03-30,133.0,PE,BANKINDIA26MAR133PE,0.0,0.0,0.0,0.96,0.0,0.96,172.55,0.05,0,0,0,0.0,0,F1,5200,,,,,
2026-02-18,2026-02-18,FO,NSE,STO,88934,,BANKINDIA,,2026-03-30,2026-03-30,139.0,PE,BANKINDIA26MAR139PE,0.0,0.0,0.0,1.19,1.19,1.19,172.55,0.15,15600,0,0,0.0,0,F1,5200,,,,,
2026-02-18,2026-02-18,FO,NSE,STO,88956,,BANKINDIA,,2026-03-30,2026-03-30,161.0,PE,BANKINDIA26MAR161PE,0.0,0.0,0.0,5.0,5.0,5.0,172.55,2.76,31200,0,0,0.0,0,F1,5200,,,,,
2026-02-18,2026-02-18,FO,NSE,STO,88958,,BANKINDIA,,2026-03-30,2026-03-30,163.0,PE,BANKINDIA26MAR163PE,0.0,0.0,0.0,9.4,0.0,9.4,172.55,3.33,0,0,0,0.0,0,F1,5200,,,,,
2026-02-18,2026-02-18,FO,NSE,STO,76861,,BANKINDIA,,2026-03-30,2026-03-30,168.0,PE,BANKINDIA26MAR168PE,0.0,0.0,0.0,26.83,0.0,26.83,172.55,5.09,0,0,0,0.0,0,F1,5200,,,,,
2026-02-18,2026-02-18,FO,NSE,STO,38933,,BANKINDIA,,2026-02-24,2026-02-24,185.0,CE,BANKINDIA26FEB185CE,0.45,0.45,0.19,0.23,0.2,0.34,172.55,0.23,1170000,-10400,175,168597572.0,162,F1,5200,,,,,
2026-02-18,2026-02-18,FO,NSE,STO,76500,,BANKINDIA,,2026-02-24,2026-02-24,133.0,PE,BANKINDIA26FEB133PE,0.0,0.0,0.0,0.85,0.85,0.85,172.55,0.01,36400,0,0,0.0,0,F1,5200,,,,,
2026-02-18,2026-02-18,FO,NSE,STO,78522,,BANKINDIA,,2026-02-24,2026-02-24,132.0,PE,BANKINDIA26FEB132PE,0.0,0.0,0.0,0.08,0.08,0.08,172.55,0.01,5200,0,0,0.0,0,F1,5200,,,,,
2026-02-18,2026-02-18,FO,NSE,STO,78520,,BANKINDIA,,2026-02-24,2026-02-24,130.0,PE,BANKINDIA26FEB130PE,0.05,0.07,0.01,0.06,0.06,0.1,172.55,0.01,348400,83200,43,29081104.0,25,F1,5200,,,,,
2026-02-18,2026-02-18,FO,NSE,STO,89298,,BANKINDIA,,2026-04-28,2026-04-28,142.0,CE,BANKINDIA26APR142CE,0.0,0.0,0.0,26.86,0.0,26.86,172.55,32.85,0,0,0,0.0,0,F1,5200,,,,,
2026-02-18,2026-02-18,FO,NSE,STO,89290,,BANKINDIA,,2026-04-28,2026-04-28,134.0,CE,BANKINDIA26APR134CE,0.0,0.0,0.0,33.17,0.0,33.17,172.55,40.25,0,0,0,0.0,0,F1,5200,,,,,
2026-02-18,2026-02-18,FO,NSE,STO,77066,,BANKINDIA,,2026-03-30,2026-03-30,188.0,CE,BANKINDIA26MAR188CE,0.0,0.0,0.0,2.75,2.75,2.75,172.55,2.79,5200,0,0,0.0,0,F1,5200,,,,,
2026-02-18,2026-02-18,FO,NSE,STO,89528,,BANKINDIA,,2026-04-28,2026-04-28,164.0,PE,BANKINDIA26APR164PE,0.0,0.0,0.0,11.67,0.0,11.67,172.55,5.49,0,0,0,0.0,0,F1,5200,,,,,
2026-02-18,2026-02-18,FO,NSE,STO,78519,,BANKINDIA,,2026-02-24,2026-02-24,130.0,CE,BANKINDIA26FEB130CE,0.0,0.0,0.0,31.2,31.2,31.2,172.55,42.67,114400,0,0,0.0,0,F1,5200,,,,,
2026-02-18,2026-02-18,FO,NSE,STO,78620,,BANKINDIA,,2026-02-24,2026-02-24,148.0,CE,BANKINDIA26FEB148CE,0.0,0.0,0.0,20.7,20.7,20.7,172.55,24.68,182000,0,0,0.0,0,F1,5200,,,,,
2026-02-18,2026-02-18,FO,NSE,STO,76709,,BANKINDIA,,2026-02-24,2026-02-24,186.0,CE,BANKINDIA26FEB186CE,0.31,0.31,0.14,0.15,0.14,0.25,172.55,0.15,1461200,20800,120,116198888.0,118,F1,5200,,,,,
2026-02-18,2026-02-18,FO,NSE,STO,76818,,BANKINDIA,,2026-03-30,2026-03-30,132.0,CE,BANKINDIA26MAR132CE,0.0,0.0,0.0,17.22,0.0,17.22,172.55,41.38,0,0,0,0.0,0,F1,5200,,,,,
2026-02-18,2026-02-18,FO,NSE,STO,88929,,BANKINDIA,,2026-03-30,2026-03-30,135.0,CE,BANKINDIA26MAR135CE,0.0,0.0,0.0,30.76,0.0,30.76,172.55,38.43,0,0,0,0.0,0,F1,5200,,,,,
2026-02-18,2026-02-18,FO,NSE,STO,88931,,BANKINDIA,,2026-03-30,2026-03-30,137.0,CE,BANKINDIA26MAR137CE,0.0,0.0,0.0,29.04,0.0,29.04,172.55,36.48,0,0,0,0.0,0,F1,5200,,,,,
2026-02-18,2026-02-18,FO,NSE,STO,88933,,BANKINDIA,,2026-03-30,2026-03-30,139.0,CE,BANKINDIA26MAR139CE,0.0,0.0,0.0,27.36,0.0,27.36,172.55,34.53,0,0,0,0.0,0,F1,5200,,,,,
2026-02-18,2026-02-18,FO,NSE,STO,76826,,BANKINDIA,,2026-03-30,2026-03-30,140.0,CE,BANKINDIA26MAR140CE,0.0,0.0,0.0,27.9,27.9,27.9,172.55,33.57,0,0,0,0.0,0,F1,5200,,,,,
2026-02-18,2026-02-18,FO,NSE,STO,88939,,BANKINDIA,,2026-03-30,2026-03-30,145.0,CE,BANKINDIA26MAR145CE,0.0,0.0,0.0,22.59,0.0,22.59,172.55,28.82,0,0,0,0.0,0,F1,5200,,,,,
2026-02-18,2026-02-18,FO,NSE,STO,88951,,BANKINDIA,,2026-03-30,2026-03-30,157.0,CE,BANKINDIA26MAR157CE,0.0,0.0,0.0,6.69,6.69,6.69,172.55,18.33,5200,0,0,0.0,0,F1,5200,,,,,
2026-02-18,2026-02-18,FO,NSE,STO,88953,,BANKINDIA,,2026-03-30,2026-03-30,159.0,CE,BANKINDIA26MAR159CE,0.0,0.0,0.0,5.98,5.98,5.98,172.55,16.77,5200,0,0,0.0,0,F1,5200,,,,,
2026-02-18,2026-02-18,FO,NSE,STO,76866,,BANKINDIA,,2026-03-30,2026-03-30,174.0,CE,BANKINDIA26MAR174CE,7.0,7.0,6.93,6.97,6.97,6.5,172.55,6.97,20800,10400,3,2823080.0,3,F1,5200,,,,,
2026-02-18,2026-02-18,FO,NSE,STO,89294,,BANKINDIA,,2026-04-28,2026-04-28,138.0,CE,BANKINDIA26APR138CE,0.0,0.0,0.0,29.93,0.0,29.93,172.55,36.5,0,0,0,0.0,0,F1,5200,,,,,
2026-02-18,2026-02-18,FO,NSE,STO,89329,,BANKINDIA,,2026-04-28,2026-04-28,148.0,CE,BANKINDIA26APR148CE,0.0,0.0,0.0,22.58,0.0,22.58,172.55,27.62,0,0,0,0.0,0,F1,5200,,,,,
2026-02-18,2026-02-18,FO,NSE,STO,89482,,BANKINDIA,,2026-04-28,2026-04-28,162.0,CE,BANKINDIA26APR162CE,0.0,0.0,0.0,14.33,0.0,14.33,172.55,17.02,0,0,0,0.0,0,F1,5200,,,,,
2026-02-18,2026-02-18,FO,NSE,STO,89529,,BANKINDIA,,2026-04-28,2026-04-28,166.0,CE,BANKINDIA26APR166CE,0.0,0.0,0.0,12.43,0.0,12.43,172.55,14.51,0,0,0,0.0,0,F1,5200,,,,,
2026-02-18,2026-02-18,FO,NSE,STO,89541,,BANKINDIA,,2026-04-28,2026-04-28,172.0,CE,BANKINDIA26APR172CE,0.0,0.0,0.0,9.94,0.0,9.94,172.55,11.21,0,0,0,0.0,0,F1,5200,,,,,
2026-02-18,2026-02-18,FO,NSE,STO,89561,,BANKINDIA,,2026-04-28,2026-04-28,180.0,CE,BANKINDIA26APR180CE,0.0,0.0,0.0,7.24,0.0,7.24,172.55,7.68,0,0,0,0.0,0,F1,5200,,,,,
2026-02-18,2026-02-18,FO,NSE,STO,76506,,BANKINDIA,,2026-02-24,2026-02-24,139.0,PE,BANKINDIA26FEB139PE,0.0,0.0,0.0,1.18,1.18,1.18,172.55,0.01,46800,0,0,0.0,0,F1,5200,,,,,
2026-02-18,2026-02-18,FO,NSE,STO,78541,,BANKINDIA,,2026-02-24,2026-02-24,140.0,PE,BANKINDIA26FEB140PE,0.09,0.09,0.07,0.07,0.07,0.09,172.55,0.07,655200,-26000,21,15296320.0,19,F1,5200,,,,,
2026-02-18,2026-02-18,FO,NSE,STO,76508,,BANKINDIA,,2026-02-24,2026-02-24,141.0,PE,BANKINDIA26FEB141PE,0.0,0.0,0.0,0.88,0.88,0.88,172.55,0.01,41600,0,0,0.0,0,F1,5200,,,,,
2026-02-18,2026-02-18,FO,NSE,STO,76562,,BANKINDIA,,2026-02-24,2026-02-24,153.0,PE,BANKINDIA26FEB153PE,0.0,0.0,0.0,0.64,0.59,0.64,172.55,0.01,52000,0,0,0.0,0,F1,5200,,,,,
2026-02-18,2026-02-18,FO,NSE,STO,76564,,BANKINDIA,,2026-02-24,2026-02-24,155.0,PE,BANKINDIA26FEB155PE,0.36,0.36,0.17,0.19,0.19,0.34,172.55,0.19,1237600,-280800,179,144501656.0,154,F1,5200,,,,,
2026-02-18,2026-02-18,FO,NSE,STO,78629,,BANKINDIA,,2026-02-24,2026-02-24,156.0,PE,BANKINDIA26FEB156PE,0.28,0.29,0.22,0.22,0.22,0.39,172.55,0.02,249600,-72800,41,33314060.0,33,F1,5200,,,,,
2026-02-18,2026-02-18,FO,NSE,STO,76570,,BANKINDIA,,2026-02-24,2026-02-24,161.0,PE,BANKINDIA26FEB161PE,0.55,0.67,0.34,0.38,0.39,0.79,172.55,0.38,254800,-36400,36,30232852.0,35,F1,5200,,,,,
2026-02-18,2026-02-18,FO,NSE,STO,76572,,BANKINDIA,,2026-02-24,2026-02-24,163.0,PE,BANKINDIA26FEB163PE,0.83,0.93,0.48,0.5,0.51,1.13,172.55,0.5,369200,31200,64,54460588.0,62,F1,5200,,,,,
2026-02-18,2026-02-18,FO,NSE,STO,78641,,BANKINDIA,,2026-02-24,2026-02-24,168.0,PE,BANKINDIA26FEB168PE,1.85,2.36,1.09,1.2,1.26,2.46,172.55,1.2,546000,41600,93,82027920.0,93,F1,5200,,,,,
2026-02-18,2026-02-18,FO,NSE,STO,36747,,BANKINDIA,,2026-02-24,2026-02-24,181.0,PE,BANKINDIA26FEB181PE,0.0,0.0,0.0,33.31,0.0,33.31,172.55,8.82,0,0,0,0.0,0,F1,5200,,,,,
2026-02-18,2026-02-18,FO,NSE,STO,78649,,BANKINDIA,,2026-02-24,2026-02-24,176.0,PE,BANKINDIA26FEB176PE,0.0,0.0,0.0,9.3,9.3,9.3,172.55,4.93,41600,0,0,0.0,0,F1,5200,,,,,
2026-02-18,2026-02-18,FO,NSE,STO,78525,,BANKINDIA,,2026-02-24,2026-02-24,136.0,CE,BANKINDIA26FEB136CE,0.0,0.0,0.0,18.67,0.0,18.67,172.55,36.67,0,0,0,0.0,0,F1,5200,,,,,
2026-02-18,2026-02-18,FO,NSE,STO,76507,,BANKINDIA,,2026-02-24,2026-02-24,141.0,CE,BANKINDIA26FEB141CE,0.0,0.0,0.0,9.49,0.0,9.49,172.55,31.68,0,0,0,0.0,0,F1,5200,,,,,
2026-02-18,2026-02-18,FO,NSE,STO,78618,,BANKINDIA,,2026-02-24,2026-02-24,146.0,CE,BANKINDIA26FEB146CE,0.0,0.0,0.0,7.85,7.85,7.85,172.55,26.68,20800,0,0,0.0,0,F1,5200,,,,,
2026-02-18,2026-02-18,FO,NSE,STO,78630,,BANKINDIA,,2026-02-24,2026-02-24,158.0,CE,BANKINDIA26FEB158CE,0.0,0.0,0.0,12.18,12.18,12.18,172.55,14.74,306800,0,0,0.0,0,F1,5200,,,,,
2026-02-18,2026-02-18,FO,NSE,STO,78634,,BANKINDIA,,2026-02-24,2026-02-24,162.0,CE,BANKINDIA26FEB162CE,9.9,11.75,9.4,11.25,11.1,9.48,172.55,11.25,301600,-364000,135,121409340.0,74,F1,5200,,,,,
2026-02-18,2026-02-18,FO,NSE,STO,76705,,BANKINDIA,,2026-02-24,2026-02-24,175.0,CE,BANKINDIA26FEB175CE,2.3,2.46,1.65,1.91,1.76,2.01,172.55,1.91,2823600,629200,3021,2780381708.0,2581,F1,5200,,,,,
2026-02-18,2026-02-18,FO,NSE,STO,78658,,BANKINDIA,,2026-02-24,2026-02-24,188.0,CE,BANKINDIA26FEB188CE,0.0,0.0,0.0,1.81,0.0,1.81,172.55,0.07,0,0,0,0.0,0,F1,5200,,,,,
2026-02-18,2026-02-18,FO,NSE,STO,88943,,BANKINDIA,,2026-03-30,2026-03-30,149.0,CE,BANKINDIA26MAR149CE,0.0,0.0,0.0,19.67,0.0,19.67,172.55,25.14,0,0,0,0.0,0,F1,5200,,,,,
2026-02-18,2026-02-18,FO,NSE,STO,89073,,BANKINDIA,,2026-03-30,2026-03-30,177.0,CE,BANKINDIA26MAR177CE,0.0,0.0,0.0,4.26,4.26,4.26,172.55,6.17,10400,0,0,0.0,0,F1,5200,,,,,
2026-02-18,2026-02-18,FO,NSE,STO,89562,,BANKINDIA,,2026-04-28,2026-04-28,180.0,PE,BANKINDIA26APR180PE,0.0,0.0,0.0,21.32,0.0,21.32,172.55,13.27,0,0,0,0.0,0,F1,5200,,,,,
2026-02-18,2026-02-18,FO,NSE,STO,89560,,BANKINDIA,,2026-04-28,2026-04-28,178.0,PE,BANKINDIA26APR178PE,0.0,0.0,0.0,19.96,0.0,19.96,172.55,12.08,0,0,0,0.0,0,F1,5200,,,,,
2026-02-18,2026-02-18,FO,NSE,STO,89556,,BANKINDIA,,2026-04-28,2026-04-28,176.0,PE,BANKINDIA26APR176PE,0.0,0.0,0.0,18.64,0.0,18.64,172.55,10.95,0,0,0,0.0,0,F1,5200,,,,,
2026-02-18,2026-02-18,FO,NSE,STO,89471,,BANKINDIA,,2026-04-28,2026-04-28,152.0,PE,BANKINDIA26APR152PE,0.0,0.0,0.0,6.47,0.0,6.47,172.55,2.21,0,0,0,0.0,0,F1,5200,,,,,
2026-02-18,2026-02-18,FO,NSE,STO,89291,,BANKINDIA,,2026-04-28,2026-04-28,134.0,PE,BANKINDIA26APR134PE,0.0,0.0,0.0,1.95,0.0,1.95,172.55,0.32,0,0,0,0.0,0,F1,5200,,,,,
2026-02-18,2026-02-18,FO,NSE,STO,76847,,BANKINDIA,,2026-03-30,2026-03-30,160.0,PE,BANKINDIA26MAR160PE,2.96,2.97,2.15,2.27,2.29,3.01,172.55,2.27,488800,88400,123,103957256.0,103,F1,5200,,,,,
2026-02-18,2026-02-18,FO,NSE,STO,76845,,BANKINDIA,,2026-03-30,2026-03-30,158.0,PE,BANKINDIA26MAR158PE,0.0,0.0,0.0,19.22,0.0,19.22,172.55,2.04,0,0,0,0.0,0,F1,5200,,,,,
2026-02-18,2026-02-18,FO,NSE,STO,76837,,BANKINDIA,,2026-03-30,2026-03-30,150.0,PE,BANKINDIA26MAR150PE,1.29,1.29,0.86,0.89,0.89,1.22,172.55,0.89,930800,-57200,57,44760196.0,50,F1,5200,,,,,
2026-02-18,2026-02-18,FO,NSE,STO,76874,,BANKINDIA,,2026-03-30,2026-03-30,178.0,CE,BANKINDIA26MAR178CE,0.0,0.0,0.0,1.35,1.35,1.35,172.55,5.77,10400,0,0,0.0,0,F1,5200,,,,,
2026-02-18,2026-02-18,FO,NSE,STO,76890,,BANKINDIA,,2026-03-30,2026-03-30,184.0,CE,BANKINDIA26MAR184CE,3.35,3.53,3.35,3.48,3.48,3.35,172.55,3.78,15600,0,3,2924272.0,3,F1,5200,,,,,
2026-02-18,2026-02-18,FO,NSE,STO,89292,,BANKINDIA,,2026-04-28,2026-04-28,136.0,CE,BANKINDIA26APR136CE,0.0,0.0,0.0,31.53,0.0,31.53,172.55,38.37,0,0,0,0.0,0,F1,5200,,,,,
2026-02-18,2026-02-18,FO,NSE,STO,89565,,BANKINDIA,,2026-04-28,2026-04-28,184.0,CE,BANKINDIA26APR184CE,0.0,0.0,0.0,6.14,0.0,6.14,172.55,6.27,0,0,0,0.0,0,F1,5200,,,,,
2026-02-18,2026-02-18,FO,NSE,STO,78517,,BANKINDIA,,2026-02-24,2026-02-24,128.0,PE,BANKINDIA26FEB128PE,0.0,0.0,0.0,0.96,0.96,0.96,172.55,0.01,10400,0,0,0.0,0,F1,5200,,,,,
2026-02-18,2026-02-18,FO,NSE,STO,76552,,BANKINDIA,,2026-02-24,2026-02-24,145.0,PE,BANKINDIA26FEB145PE,0.1,0.1,0.08,0.08,0.08,0.11,172.55,0.01,655200,15600,10,7544472.0,10,F1,5200,,,,,
2026-02-18,2026-02-18,FO,NSE,STO,78619,,BANKINDIA,,2026-02-24,2026-02-24,146.0,PE,BANKINDIA26FEB146PE,0.0,0.0,0.0,0.11,0.11,0.11,172.55,0.01,104000,0,0,0.0,0,F1,5200,,,,,
2026-02-18,2026-02-18,FO,NSE,STO,76560,,BANKINDIA,,2026-02-24,2026-02-24,151.0,PE,BANKINDIA26FEB151PE,0.15,0.15,0.12,0.12,0.13,0.19,172.55,0.12,369200,-15600,46,36151492.0,45,F1,5200,,,,,
2026-02-18,2026-02-18,FO,NSE,STO,76700,,BANKINDIA,,2026-02-24,2026-02-24,169.0,PE,BANKINDIA26FEB169PE,2.65,2.68,1.33,1.49,1.5,2.91,172.55,1.49,327600,20800,178,158071628.0,163,F1,5200,,,,,
2026-02-18,2026-02-18,FO,NSE,STO,78643,,BANKINDIA,,2026-02-24,2026-02-24,170.0,PE,BANKINDIA26FEB170PE,3.1,3.48,1.57,1.74,1.85,3.47,172.55,1.74,1674400,0,1077,964799836.0,945,F1,5200,,,,,
2026-02-18,2026-02-18,FO,NSE,STO,76702,,BANKINDIA,,2026-02-24,2026-02-24,171.0,PE,BANKINDIA26FEB171PE,2.81,3.64,1.92,2.12,2.2,3.74,172.55,2.12,452400,260000,359,324246468.0,283,F1,5200,,,,,
2026-02-18,2026-02-18,FO,NSE,STO,76833,,BANKINDIA,,2026-03-30,2026-03-30,146.0,PE,BANKINDIA26MAR146PE,0.0,0.0,0.0,3.9,3.9,3.9,172.55,0.46,10400,0,0,0.0,0,F1,5200,,,,,
2026-02-18,2026-02-18,FO,NSE,STO,88930,,BANKINDIA,,2026-03-30,2026-03-30,135.0,PE,BANKINDIA26MAR135PE,0.0,0.0,0.0,1.18,0.0,1.18,172.55,0.07,0,0,0,0.0,0,F1,5200,,,,,
2026-02-18,2026-02-18,FO,NSE,STO,76712,,BANKINDIA,,2026-02-24,2026-02-24,190.0,PE,BANKINDIA26FEB190PE,0.0,0.0,0.0,46.49,0.0,46.49,172.55,17.32,0,0,0,0.0,0,F1,5200,,,,,
2026-02-18,2026-02-18,FO,NSE,STO,78659,,BANKINDIA,,2026-02-24,2026-02-24,188.0,PE,BANKINDIA26FEB188PE,0.0,0.0,0.0,39.77,0.0,39.77,172.55,15.35,0,0,0,0.0,0,F1,5200,,,,,
2026-02-18,2026-02-18,FO,NSE,STO,78655,,BANKINDIA,,2026-02-24,2026-02-24,182.0,PE,BANKINDIA26FEB182PE,0.0,0.0,0.0,34.54,0.0,34.54,172.55,9.7,0,0,0,0.0,0,F1,5200,,,,,
2026-02-18,2026-02-18,FO,NSE,STO,78647,,BANKINDIA,,2026-02-24,2026-02-24,174.0,PE,BANKINDIA26FEB174PE,3.52,3.84,3.5,3.63,3.84,7.78,172.55,3.63,31200,5200,4,3694132.0,4,F1,5200,,,,,
2026-02-18,2026-02-18,FO,NSE,STO,76829,,BANKINDIA,,2026-03-30,2026-03-30,142.0,PE,BANKINDIA26MAR142PE,0.0,0.0,0.0,4.0,4.0,4.0,172.55,0.25,10400,0,0,0.0,0,F1,5200,,,,,
2026-02-18,2026-02-18,FO,NSE,STO,76827,,BANKINDIA,,2026-03-30,2026-03-30,140.0,PE,BANKINDIA26MAR140PE,0.0,0.0,0.0,1.0,1.0,1.0,172.55,0.18,15600,0,0,0.0,0,F1,5200,,,,,
2026-02-18,2026-02-18,FO,NSE,STO,76586,,BANKINDIA,,2026-02-24,2026-02-24,165.0,PE,BANKINDIA26FEB165PE,1.06,1.41,0.64,0.71,0.71,1.5,172.55,0.71,1149200,-130000,273,235593280.0,249,F1,5200,,,,,
2026-02-18,2026-02-18,FO,NSE,STO,76556,,BANKINDIA,,2026-02-24,2026-02-24,147.0,PE,BANKINDIA26FEB147PE,0.0,0.0,0.0,0.17,0.16,0.17,172.55,0.01,98800,0,0,0.0,0,F1,5200,,,,,
2026-02-18,2026-02-18,FO,NSE,STO,88937,,BANKINDIA,,2026-03-30,2026-03-30,143.0,CE,BANKINDIA26MAR143CE,0.0,0.0,0.0,24.13,0.0,24.13,172.55,30.7,0,0,0,0.0,0,F1,5200,,,,,
2026-02-18,2026-02-18,FO,NSE,STO,76834,,BANKINDIA,,2026-03-30,2026-03-30,148.0,CE,BANKINDIA26MAR148CE,0.0,0.0,0.0,8.93,0.0,8.93,172.55,26.05,0,0,0,0.0,0,F1,5200,,,,,
2026-02-18,2026-02-18,FO,NSE,STO,88957,,BANKINDIA,,2026-03-30,2026-03-30,163.0,CE,BANKINDIA26MAR163CE,13.0,13.0,13.0,13.0,13.0,12.0,172.55,13.86,41600,-26000,5,4576000.0,4,F1,5200,,,,,
2026-02-18,2026-02-18,FO,NSE,STO,89472,,BANKINDIA,,2026-04-28,2026-04-28,154.0,CE,BANKINDIA26APR154CE,0.0,0.0,0.0,18.74,0.0,18.74,172.55,22.76,0,0,0,0.0,0,F1,5200,,,,,
2026-02-18,2026-02-18,FO,NSE,STO,89531,,BANKINDIA,,2026-04-28,2026-04-28,168.0,CE,BANKINDIA26APR168CE,0.0,0.0,0.0,11.55,0.0,11.55,172.55,13.35,0,0,0,0.0,0,F1,5200,,,,,
2026-02-18,2026-02-18,FO,NSE,STO,78628,,BANKINDIA,,2026-02-24,2026-02-24,156.0,CE,BANKINDIA26FEB156CE,15.38,16.21,15.38,16.21,16.21,11.69,172.55,16.71,166400,-5200,2,1786668.0,2,F1,5200,,,,,
2026-02-18,2026-02-18,FO,NSE,STO,78640,,BANKINDIA,,2026-02-24,2026-02-24,168.0,CE,BANKINDIA26FEB168CE,6.0,6.41,4.79,5.84,5.6,5.01,172.55,5.84,312000,-140400,98,88481848.0,78,F1,5200,,,,,
2026-02-18,2026-02-18,FO,NSE,STO,88948,,BANKINDIA,,2026-03-30,2026-03-30,153.0,PE,BANKINDIA26MAR153PE,0.0,0.0,0.0,5.19,0.0,5.19,172.55,1.16,0,0,0,0.0,0,F1,5200,,,,,
2026-02-18,2026-02-18,FO,NSE,STO,45799,,BANKINDIA,,2026-02-24,2026-02-24,189.0,CE,BANKINDIA26FEB189CE,0.07,0.1,0.07,0.08,0.09,0.15,172.55,0.08,296400,57200,70,68828188.0,67,F1,5200,,,,,
2026-02-18,2026-02-18,FO,NSE,STO,89479,,BANKINDIA,,2026-04-28,2026-04-28,158.0,PE,BANKINDIA26APR158PE,0.0,0.0,0.0,8.84,0.0,8.84,172.55,3.59,0,0,0,0.0,0,F1,5200,,,,,
2026-02-18,2026-02-18,FO,NSE,STO,77138,,BANKINDIA,,2026-03-30,2026-03-30,192.0,PE,BANKINDIA26MAR192PE,0.0,0.0,0.0,47.98,0.0,47.98,172.55,20.31,0,0,0,0.0,0,F1,5200,,,,,
2026-02-18,2026-02-18,FO,NSE,STO,77073,,BANKINDIA,,2026-03-30,2026-03-30,188.0,PE,BANKINDIA26MAR188PE,0.0,0.0,0.0,44.27,0.0,44.27,172.55,17.11,0,0,0,0.0,0,F1,5200,,,,,
2026-02-18,2026-02-18,FO,NSE,STO,76843,,BANKINDIA,,2026-03-30,2026-03-30,156.0,PE,BANKINDIA26MAR156PE,0.0,0.0,0.0,3.05,3.05,3.05,172.55,1.64,78000,0,0,0.0,0,F1,5200,,,,,
2026-02-18,2026-02-18,FO,NSE,STO,76835,,BANKINDIA,,2026-03-30,2026-03-30,148.0,PE,BANKINDIA26MAR148PE,0.0,0.0,0.0,2.66,2.66,2.66,172.55,0.61,5200,0,0,0.0,0,F1,5200,,,,,
2026-02-18,2026-02-18,FO,NSE,STO,88947,,BANKINDIA,,2026-03-30,2026-03-30,153.0,CE,BANKINDIA26MAR153CE,0.0,0.0,0.0,16.96,0.0,16.96,172.55,21.63,0,0,0,0.0,0,F1,5200,,,,,
2026-02-18,2026-02-18,FO,NSE,STO,76857,,BANKINDIA,,2026-03-30,2026-03-30,166.0,CE,BANKINDIA26MAR166CE,11.0,11.22,11.0,11.22,11.22,8.79,172.55,11.87,20800,15600,4,3683836.0,4,F1,5200,,,,,
2026-02-18,2026-02-18,FO,NSE,STO,89011,,BANKINDIA,,2026-03-30,2026-03-30,169.0,CE,BANKINDIA26MAR169CE,0.0,0.0,0.0,6.86,6.86,6.86,172.55,10.07,5200,0,0,0.0,0,F1,5200,,,,,
2026-02-18,2026-02-18,FO,NSE,STO,89480,,BANKINDIA,,2026-04-28,2026-04-28,160.0,CE,BANKINDIA26APR160CE,0.0,0.0,0.0,15.36,0.0,15.36,172.55,18.37,0,0,0,0.0,0,F1,5200,,,,,
2026-02-18,2026-02-18,FO,NSE,STO,78532,,BANKINDIA,,2026-02-24,2026-02-24,136.0,PE,BANKINDIA26FEB136PE,0.0,0.0,0.0,0.08,0.08,0.08,172.55,0.01,31200,0,0,0.0,0,F1,5200,,,,,
2026-02-18,2026-02-18,FO,NSE,STO,78661,,BANKINDIA,,2026-02-24,2026-02-24,192.0,PE,BANKINDIA26FEB192PE,0.0,0.0,0.0,43.36,0.0,43.36,172.55,19.29,0,0,0,0.0,0,F1,5200,,,,,
2026-02-18,2026-02-18,FO,NSE,STO,88942,,BANKINDIA,,2026-03-30,2026-03-30,147.0,PE,BANKINDIA26MAR147PE,0.0,0.0,0.0,3.4,0.0,3.4,172.55,0.53,0,0,0,0.0,0,F1,5200,,,,,
2026-02-18,2026-02-18,FO,NSE,STO,88946,,BANKINDIA,,2026-03-30,2026-03-30,151.0,PE,BANKINDIA26MAR151PE,0.0,0.0,0.0,4.53,0.0,4.53,172.55,0.91,0,0,0,0.0,0,F1,5200,,,,,
2026-02-18,2026-02-18,FO,NSE,STO,76849,,BANKINDIA,,2026-03-30,2026-03-30,162.0,PE,BANKINDIA26MAR162PE,0.0,0.0,0.0,22.15,0.0,22.15,172.55,3.03,0,0,0,0.0,0,F1,5200,,,,,
2026-02-18,2026-02-18,FO,NSE,STO,76858,,BANKINDIA,,2026-03-30,2026-03-30,166.0,PE,BANKINDIA26MAR166PE,4.5,4.5,4.5,4.5,4.5,4.75,172.55,4.32,20800,5200,1,886600.0,1,F1,5200,,,,,
2026-02-18,2026-02-18,FO,NSE,STO,89030,,BANKINDIA,,2026-03-30,2026-03-30,171.0,PE,BANKINDIA26MAR171PE,0.0,0.0,0.0,13.86,0.0,13.86,172.55,6.39,0,0,0,0.0,0,F1,5200,,,,,
2026-02-18,2026-02-18,FO,NSE,STO,76889,,BANKINDIA,,2026-03-30,2026-03-30,180.0,PE,BANKINDIA26MAR180PE,12.1,12.26,10.86,10.86,10.86,12.36,172.55,11.41,915200,114400,48,47854560.0,43,F1,5200,,,,,
2026-02-18,2026-02-18,FO,NSE,STO,89477,,BANKINDIA,,2026-04-28,2026-04-28,156.0,PE,BANKINDIA26APR156PE,0.0,0.0,0.0,8.0,0.0,8.0,172.55,3.08,0,0,0,0.0,0,F1,5200,,,,,
2026-02-18,2026-02-18,FO,NSE,STO,89532,,BANKINDIA,,2026-04-28,2026-04-28,168.0,PE,BANKINDIA26APR168PE,0.0,0.0,0.0,13.81,0.0,13.81,172.55,7.06,0,0,0,0.0,0,F1,5200,,,,,
2026-02-18,2026-02-18,FO,NSE,STO,76503,,BANKINDIA,,2026-02-24,2026-02-24,137.0,CE,BANKINDIA26FEB137CE,0.0,0.0,0.0,11.69,0.0,11.69,172.55,35.67,0,0,0,0.0,0,F1,5200,,,,,
2026-02-18,2026-02-18,FO,NSE,STO,78632,,BANKINDIA,,2026-02-24,2026-02-24,160.0,CE,BANKINDIA26FEB160CE,11.55,13.05,11.14,12.75,12.8,10.82,172.55,12.75,722800,-88400,142,127321480.0,99,F1,5200,,,,,
2026-02-18,2026-02-18,FO,NSE,STO,78652,,BANKINDIA,,2026-02-24,2026-02-24,180.0,CE,BANKINDIA26FEB180CE,0.95,1.1,0.64,0.71,0.67,0.89,172.55,0.71,3723200,613600,1219,1146230436.0,1002,F1,5200,,,,,
2026-02-18,2026-02-18,FO,NSE,STO,35368,,BANKINDIA,,2026-02-24,2026-02-24,179.0,CE,BANKINDIA26FEB179CE,1.29,1.29,0.81,0.86,0.83,0.93,172.55,0.86,291200,182000,135,126329112.0,95,F1,5200,,,,,
2026-02-18,2026-02-18,FO,NSE,STO,78642,,BANKINDIA,,2026-02-24,2026-02-24,170.0,CE,BANKINDIA26FEB170CE,4.25,4.96,3.52,4.4,4.1,4.01,172.55,4.4,3556800,-1929200,2953,2676206520.0,2784,F1,5200,,,,,
2026-02-18,2026-02-18,FO,NSE,STO,76591,,BANKINDIA,,2026-02-24,2026-02-24,167.0,CE,BANKINDIA26FEB167CE,5.7,6.86,5.4,6.6,6.32,5.45,172.55,6.6,322400,-208000,107,96408988.0,64,F1,5200,,,,,
2026-02-18,2026-02-18,FO,NSE,STO,76501,,BANKINDIA,,2026-02-24,2026-02-24,135.0,CE,BANKINDIA26FEB135CE,0.0,0.0,0.0,12.9,0.0,12.9,172.55,37.67,0,0,0,0.0,0,F1,5200,,,,,
2026-02-18,2026-02-18,FO,NSE,STO,76499,,BANKINDIA,,2026-02-24,2026-02-24,133.0,CE,BANKINDIA26FEB133CE,0.0,0.0,0.0,14.18,0.0,14.18,172.55,39.67,0,0,0,0.0,0,F1,5200,,,,,
2026-02-18,2026-02-18,FO,NSE,STO,89435,,BANKINDIA,,2026-04-28,2026-04-28,150.0,CE,BANKINDIA26APR150CE,0.0,0.0,0.0,21.25,0.0,21.25,172.55,25.95,0,0,0,0.0,0,F1,5200,,,,,
2026-02-18,2026-02-18,FO,NSE,STO,89542,,BANKINDIA,,2026-04-28,2026-04-28,172.0,PE,BANKINDIA26APR172PE,0.0,0.0,0.0,16.13,0.0,16.13,172.55,8.88,0,0,0,0.0,0,F1,5200,,,,,
2026-02-18,2026-02-18,FO,NSE,STO,89491,,BANKINDIA,,2026-04-28,2026-04-28,162.0,PE,BANKINDIA26APR162PE,0.0,0.0,0.0,10.68,0.0,10.68,172.55,4.8,0,0,0,0.0,0,F1,5200,,,,,
2026-02-18,2026-02-18,FO,NSE,STO,89295,,BANKINDIA,,2026-04-28,2026-04-28,138.0,PE,BANKINDIA26APR138PE,0.0,0.0,0.0,2.65,0.0,2.65,172.55,0.53,0,0,0,0.0,0,F1,5200,,,,,
2026-02-18,2026-02-18,FO,NSE,STO,50436,,BANKINDIA,,2026-03-30,2026-03-30,190.0,PE,BANKINDIA26MAR190PE,18.0,18.56,18.0,18.56,18.56,20.0,172.55,18.68,20800,10400,2,2166112.0,2,F1,5200,,,,,
2026-02-18,2026-02-18,FO,NSE,STO,76704,,BANKINDIA,,2026-02-24,2026-02-24,173.0,PE,BANKINDIA26FEB173PE,3.2,3.34,2.76,3.09,3.22,10.39,172.55,3.09,93600,46800,45,41196584.0,41,F1,5200,,,,,
2026-02-18,2026-02-18,FO,NSE,STO,76708,,BANKINDIA,,2026-02-24,2026-02-24,177.0,PE,BANKINDIA26FEB177PE,0.0,0.0,0.0,12.49,12.49,12.49,172.55,5.63,10400,0,0,0.0,0,F1,5200,,,,,
2026-02-18,2026-02-18,FO,NSE,STO,76854,,BANKINDIA,,2026-03-30,2026-03-30,164.0,PE,BANKINDIA26MAR164PE,0.0,0.0,0.0,23.68,0.0,23.68,172.55,3.64,0,0,0,0.0,0,F1,5200,,,,,
2026-02-18,2026-02-18,FO,NSE,STO,88964,,BANKINDIA,,2026-03-30,2026-03-30,167.0,PE,BANKINDIA26MAR167PE,4.89,4.89,4.2,4.2,4.2,5.5,172.55,4.7,15600,0,3,2674308.0,3,F1,5200,,,,,
2026-02-18,2026-02-18,FO,NSE,STO,76867,,BANKINDIA,,2026-03-30,2026-03-30,174.0,PE,BANKINDIA26MAR174PE,0.0,0.0,0.0,31.82,0.0,31.82,172.55,7.88,0,0,0,0.0,0,F1,5200,,,,,
2026-02-18,2026-02-18,FO,NSE,STO,38940,,BANKINDIA,,2026-03-30,2026-03-30,186.0,PE,BANKINDIA26MAR186PE,0.0,0.0,0.0,36.1,0.0,36.1,172.55,15.59,0,0,0,0.0,0,F1,5200,,,,,
2026-02-18,2026-02-18,FO,NSE,STO,89481,,BANKINDIA,,2026-04-28,2026-04-28,160.0,PE,BANKINDIA26APR160PE,0.0,0.0,0.0,9.73,0.0,9.73,172.55,4.17,0,0,0,0.0,0,F1,5200,,,,,
2026-02-18,2026-02-18,FO,NSE,STO,89540,,BANKINDIA,,2026-04-28,2026-04-28,170.0,PE,BANKINDIA26APR170PE,0.0,0.0,0.0,14.95,0.0,14.95,172.55,7.94,0,0,0,0.0,0,F1,5200,,,,,
2026-02-18,2026-02-18,FO,NSE,STO,89566,,BANKINDIA,,2026-04-28,2026-04-28,184.0,PE,BANKINDIA26APR184PE,0.0,0.0,0.0,24.15,0.0,24.15,172.55,15.81,0,0,0,0.0,0,F1,5200,,,,,
2026-02-18,2026-02-18,FO,NSE,STO,88949,,BANKINDIA,,2026-03-30,2026-03-30,155.0,CE,BANKINDIA26MAR155CE,19.4,20.4,19.4,20.4,20.4,19.0,172.55,20.4,119600,10400,2,1818960.0,2,F1,5200,,,,,
2026-02-18,2026-02-18,FO,NSE,STF,51822,,BANKINDIA,,2026-03-30,2026-03-30,,,BANKINDIA26MARFUT,173.0,174.51,171.33,173.68,173.4,171.81,172.55,173.68,12734800,5236400,2235,2011863932.0,1841,F1,5200,,,,,
2026-02-18,2026-02-18,FO,NSE,STF,66724,,BANKINDIA,,2026-04-28,2026-04-28,,,BANKINDIA26APRFUT,173.25,175.36,173.1,174.54,174.35,172.57,172.55,174.54,468000,36400,88,79647100.0,86,F1,5200,,,,,
2026-02-18,2026-02-18,FO,NSE,STO,78523,,BANKINDIA,,2026-02-24,2026-02-24,134.0,CE,BANKINDIA26FEB134CE,0.0,0.0,0.0,19.99,0.0,19.99,172.55,38.67,0,0,0,0.0,0,F1,5200,,,,,
2026-02-18,2026-02-18,FO,NSE,STO,78650,,BANKINDIA,,2026-02-24,2026-02-24,178.0,CE,BANKINDIA26FEB178CE,1.51,1.51,0.96,1.03,1.02,1.23,172.55,1.03,707200,218400,161,149980324.0,131,F1,5200,,,,,
2026-02-18,2026-02-18,FO,NSE,STO,78502,,BANKINDIA,,2026-02-24,2026-02-24,126.0,PE,BANKINDIA26FEB126PE,0.0,0.0,0.0,1.61,1.61,1.61,172.55,0.01,10400,0,0,0.0,0,F1,5200,,,,,
2026-02-18,2026-02-18,FO,NSE,STO,76842,,BANKINDIA,,2026-03-30,2026-03-30,156.0,CE,BANKINDIA26MAR156CE,0.0,0.0,0.0,6.75,6.75,6.75,172.55,19.13,10400,0,0,0.0,0,F1,5200,,,,,
2026-02-18,2026-02-18,FO,NSE,STO,78656,,BANKINDIA,,2026-02-24,2026-02-24,184.0,CE,BANKINDIA26FEB184CE,0.42,0.47,0.25,0.28,0.27,0.21,172.55,0.28,140400,15600,43,41215252.0,42,F1,5200,,,,,
2026-02-18,2026-02-18,FO,NSE,STO,76703,,BANKINDIA,,2026-02-24,2026-02-24,173.0,CE,BANKINDIA26FEB173CE,2.91,3.24,2.32,2.74,2.49,2.74,172.55,2.74,754000,234000,983,898425736.0,847,F1,5200,,,,,
2026-02-18,2026-02-18,FO,NSE,STO,89569,,BANKINDIA,,2026-04-28,2026-04-28,188.0,CE,BANKINDIA26APR188CE,0.0,0.0,0.0,5.19,0.0,5.19,172.55,5.07,0,0,0,0.0,0,F1,5200,,,,,
2026-02-18,2026-02-18,FO,NSE,STO,89543,,BANKINDIA,,2026-04-28,2026-04-28,174.0,CE,BANKINDIA26APR174CE,0.0,0.0,0.0,9.2,0.0,9.2,172.55,10.24,0,0,0,0.0,0,F1,5200,,,,,
2026-02-18,2026-02-18,FO,NSE,STO,89476,,BANKINDIA,,2026-04-28,2026-04-28,156.0,CE,BANKINDIA26APR156CE,0.0,0.0,0.0,17.56,0.0,17.56,172.55,21.24,0,0,0,0.0,0,F1,5200,,,,,
2026-02-18,2026-02-18,FO,NSE,STO,50435,,BANKINDIA,,2026-03-30,2026-03-30,190.0,CE,BANKINDIA26MAR190CE,2.21,2.5,2.05,2.21,2.15,2.01,172.55,2.21,660400,296400,140,139930076.0,126,F1,5200,,,,,
2026-02-18,2026-02-18,FO,NSE,STO,89078,,BANKINDIA,,2026-03-30,2026-03-30,179.0,CE,BANKINDIA26MAR179CE,0.0,0.0,0.0,1.26,1.26,1.26,172.55,5.4,5200,0,0,0.0,0,F1,5200,,,,,
2026-02-18,2026-02-18,FO,NSE,STO,76886,,BANKINDIA,,2026-03-30,2026-03-30,180.0,CE,BANKINDIA26MAR180CE,4.47,5.1,4.2,4.63,4.5,4.22,172.55,4.63,1487200,452400,463,444586324.0,365,F1,5200,,,,,
2026-02-18,2026-02-18,FO,NSE,STO,76820,,BANKINDIA,,2026-03-30,2026-03-30,134.0,CE,BANKINDIA26MAR134CE,0.0,0.0,0.0,15.97,0.0,15.97,172.55,39.41,0,0,0,0.0,0,F1,5200,,,,,
2026-02-18,2026-02-18,FO,NSE,STO,76812,,BANKINDIA,,2026-03-30,2026-03-30,128.0,CE,BANKINDIA26MAR128CE,0.0,0.0,0.0,19.89,0.0,19.89,172.55,45.33,0,0,0,0.0,0,F1,5200,,,,,
2026-02-18,2026-02-18,FO,NSE,STO,78636,,BANKINDIA,,2026-02-24,2026-02-24,164.0,CE,BANKINDIA26FEB164CE,8.88,9.31,8.22,9.3,9.3,7.85,172.55,9.3,405600,-36400,27,24260496.0,26,F1,5200,,,,,
2026-02-18,2026-02-18,FO,NSE,STO,76569,,BANKINDIA,,2026-02-24,2026-02-24,161.0,CE,BANKINDIA26FEB161CE,11.64,12.11,11.54,11.91,11.91,9.56,172.55,11.91,130000,0,15,13487864.0,15,F1,5200,,,,,
2026-02-18,2026-02-18,FO,NSE,STO,76561,,BANKINDIA,,2026-02-24,2026-02-24,153.0,CE,BANKINDIA26FEB153CE,0.0,0.0,0.0,10.0,10.0,10.0,172.55,19.69,46800,0,0,0.0,0,F1,5200,,,,,
2026-02-18,2026-02-18,FO,NSE,STO,78566,,BANKINDIA,,2026-02-24,2026-02-24,142.0,CE,BANKINDIA26FEB142CE,0.0,0.0,0.0,15.07,0.0,15.07,172.55,30.68,0,0,0,0.0,0,F1,5200,,,,,
2026-02-18,2026-02-18,FO,NSE,STO,78602,,BANKINDIA,,2026-02-24,2026-02-24,144.0,PE,BANKINDIA26FEB144PE,0.0,0.0,0.0,0.11,0.11,0.11,172.55,0.01,140400,0,0,0.0,0,F1,5200,,,,,
2026-02-18,2026-02-18,FO,NSE,STO,89297,,BANKINDIA,,2026-04-28,2026-04-28,140.0,PE,BANKINDIA26APR140PE,0.0,0.0,0.0,3.06,0.0,3.06,172.55,0.66,0,0,0,0.0,0,F1,5200,,,,,
2026-02-18,2026-02-18,FO,NSE,STO,89072,,BANKINDIA,,2026-03-30,2026-03-30,175.0,PE,BANKINDIA26MAR175PE,7.7,7.91,7.44,7.74,7.91,16.42,172.55,7.74,187200,187200,38,36100896.0,12,F1,5200,,,,,
2026-02-18,2026-02-18,FO,NSE,STO,89014,,BANKINDIA,,2026-03-30,2026-03-30,169.0,PE,BANKINDIA26MAR169PE,0.0,0.0,0.0,12.66,0.0,12.66,172.55,5.5,0,0,0,0.0,0,F1,5200,,,,,
2026-02-18,2026-02-18,FO,NSE,STO,88936,,BANKINDIA,,2026-03-30,2026-03-30,141.0,PE,BANKINDIA26MAR141PE,0.0,0.0,0.0,2.08,0.0,2.08,172.55,0.21,0,0,0,0.0,0,F1,5200,,,,,
2026-02-18,2026-02-18,FO,NSE,STO,89552,,BANKINDIA,,2026-04-28,2026-04-28,174.0,PE,BANKINDIA26APR174PE,0.0,0.0,0.0,17.36,0.0,17.36,172.55,9.89,0,0,0,0.0,0,F1,5200,,,,,
2026-02-18,2026-02-18,FO,NSE,STO,89564,,BANKINDIA,,2026-04-28,2026-04-28,182.0,PE,BANKINDIA26APR182PE,0.0,0.0,0.0,22.71,0.0,22.71,172.55,14.51,0,0,0,0.0,0,F1,5200,,,,,
2026-02-18,2026-02-18,FO,NSE,STO,78633,,BANKINDIA,,2026-02-24,2026-02-24,160.0,PE,BANKINDIA26FEB160PE,0.53,0.61,0.3,0.33,0.33,0.68,172.55,0.33,1242800,-88400,264,220253228.0,250,F1,5200,,,,,
2026-02-18,2026-02-18,FO,NSE,STO,78623,,BANKINDIA,,2026-02-24,2026-02-24,150.0,PE,BANKINDIA26FEB150PE,0.17,0.17,0.07,0.11,0.12,0.17,172.55,0.11,1404000,-150800,148,115539320.0,132,F1,5200,,,,,
2026-02-18,2026-02-18,FO,NSE,STO,89533,,BANKINDIA,,2026-04-28,2026-04-28,170.0,CE,BANKINDIA26APR170CE,0.0,0.0,0.0,10.72,0.0,10.72,172.55,12.25,0,0,0,0.0,0,F1,5200,,,,,
2026-02-18,2026-02-18,FO,NSE,STO,89492,,BANKINDIA,,2026-04-28,2026-04-28,164.0,CE,BANKINDIA26APR164CE,0.0,0.0,0.0,13.35,0.0,13.35,172.55,15.74,0,0,0,0.0,0,F1,5200,,,,,
2026-02-18,2026-02-18,FO,NSE,STO,88961,,BANKINDIA,,2026-03-30,2026-03-30,167.0,CE,BANKINDIA26MAR167CE,0.0,0.0,0.0,9.43,0.0,9.43,172.55,11.25,0,0,0,0.0,0,F1,5200,,,,,
2026-02-18,2026-02-18,FO,NSE,STO,76844,,BANKINDIA,,2026-03-30,2026-03-30,158.0,CE,BANKINDIA26MAR158CE,0.0,0.0,0.0,5.8,5.8,5.8,172.55,17.54,5200,0,0,0.0,0,F1,5200,,,,,
2026-02-18,2026-02-18,FO,NSE,STO,78654,,BANKINDIA,,2026-02-24,2026-02-24,182.0,CE,BANKINDIA26FEB182CE,0.65,0.77,0.39,0.46,0.44,0.6,172.55,0.46,613600,166400,184,174631548.0,155,F1,5200,,,,,
2026-02-18,2026-02-18,FO,NSE,STO,76840,,BANKINDIA,,2026-03-30,2026-03-30,154.0,CE,BANKINDIA26MAR154CE,0.0,0.0,0.0,6.76,0.0,6.76,172.55,20.78,0,0,0,0.0,0,F1,5200,,,,,
2026-02-18,2026-02-18,FO,NSE,STO,76824,,BANKINDIA,,2026-03-30,2026-03-30,138.0,CE,BANKINDIA26MAR138CE,0.0,0.0,0.0,13.66,0.0,13.66,172.55,35.5,0,0,0,0.0,0,F1,5200,,,,,
2026-02-18,2026-02-18,FO,NSE,STO,76838,,BANKINDIA,,2026-03-30,2026-03-30,152.0,CE,BANKINDIA26MAR152CE,0.0,0.0,0.0,7.43,0.0,7.43,172.55,22.49,0,0,0,0.0,0,F1,5200,,,,,
2026-02-18,2026-02-18,FO,NSE,STO,78499,,BANKINDIA,,2026-02-24,2026-02-24,124.0,PE,BANKINDIA26FEB124PE,0.0,0.0,0.0,0.76,0.76,0.76,172.55,0.01,10400,0,0,0.0,0,F1,5200,,,,,
2026-02-18,2026-02-18,FO,NSE,STO,76558,,BANKINDIA,,2026-02-24,2026-02-24,149.0,PE,BANKINDIA26FEB149PE,0.0,0.0,0.0,0.12,0.12,0.12,172.55,0.01,46800,0,0,0.0,0,F1,5200,,,,,
2026-02-18,2026-02-18,FO,NSE,STO,88941,,BANKINDIA,,2026-03-30,2026-03-30,147.0,CE,BANKINDIA26MAR147CE,0.0,0.0,0.0,21.1,0.0,21.1,172.55,26.96,0,0,0,0.0,0,F1,5200,,,,,
2026-02-18,2026-02-18,FO,NSE,STO,76848,,BANKINDIA,,2026-03-30,2026-03-30,162.0,CE,BANKINDIA26MAR162CE,0.0,0.0,0.0,12.5,12.5,12.5,172.55,14.56,10400,0,0,0.0,0,F1,5200,,,,,
2026-02-18,2026-02-18,FO,NSE,STO,76868,,BANKINDIA,,2026-03-30,2026-03-30,176.0,CE,BANKINDIA26MAR176CE,0.0,0.0,0.0,2.15,0.0,2.15,172.55,6.59,0,0,0,0.0,0,F1,5200,,,,,
2026-02-18,2026-02-18,FO,NSE,STO,89088,,BANKINDIA,,2026-03-30,2026-03-30,181.0,CE,BANKINDIA26MAR181CE,0.0,0.0,0.0,4.72,0.0,4.72,172.55,4.7,0,0,0,0.0,0,F1,5200,,,,,
2026-02-18,2026-02-18,FO,NSE,STO,36756,,BANKINDIA,,2026-03-30,2026-03-30,182.0,CE,BANKINDIA26MAR182CE,4.0,4.0,4.0,4.0,4.0,2.15,172.55,4.0,5200,5200,1,967200.0,1,F1,5200,,,,,
2026-02-18,2026-02-18,FO,NSE,STO,35369,,BANKINDIA,,2026-02-24,2026-02-24,179.0,PE,BANKINDIA26FEB179PE,0.0,0.0,0.0,34.31,0.0,34.31,172.55,7.15,0,0,0,0.0,0,F1,5200,,,,,
2026-02-18,2026-02-18,FO,NSE,STO,76592,,BANKINDIA,,2026-02-24,2026-02-24,167.0,PE,BANKINDIA26FEB167PE,1.7,1.78,0.9,0.99,1.03,2.02,172.55,0.99,707200,-62400,158,138286616.0,120,F1,5200,,,,,
2026-02-18,2026-02-18,FO,NSE,STO,76568,,BANKINDIA,,2026-02-24,2026-02-24,159.0,PE,BANKINDIA26FEB159PE,0.46,0.5,0.27,0.28,0.28,0.59,172.55,0.28,509600,-41600,33,27347476.0,33,F1,5200,,,,,
2026-02-18,2026-02-18,FO,NSE,STO,78627,,BANKINDIA,,2026-02-24,2026-02-24,154.0,PE,BANKINDIA26FEB154PE,0.2,0.2,0.12,0.12,0.12,0.53,172.55,0.01,218400,-10400,2,1603264.0,2,F1,5200,,,,,
2026-02-18,2026-02-18,FO,NSE,STO,76532,,BANKINDIA,,2026-02-24,2026-02-24,143.0,CE,BANKINDIA26FEB143CE,0.0,0.0,0.0,8.51,0.0,8.51,172.55,29.68,0,0,0,0.0,0,F1,5200,,,,,
2026-02-18,2026-02-18,FO,NSE,STO,78601,,BANKINDIA,,2026-02-24,2026-02-24,144.0,CE,BANKINDIA26FEB144CE,0.0,0.0,0.0,13.98,0.0,13.98,172.55,28.68,0,0,0,0.0,0,F1,5200,,,,,
2026-02-18,2026-02-18,FO,NSE,STO,76563,,BANKINDIA,,2026-02-24,2026-02-24,155.0,CE,BANKINDIA26FEB155CE,17.0,17.0,17.0,17.0,17.0,14.84,172.55,17.7,546000,0,1,894400.0,1,F1,5200,,,,,
2026-02-18,2026-02-18,FO,NSE,STO,76565,,BANKINDIA,,2026-02-24,2026-02-24,157.0,CE,BANKINDIA26FEB157CE,0.0,0.0,0.0,13.01,13.01,13.01,172.55,15.73,145600,0,0,0.0,0,F1,5200,,,,,
2026-02-18,2026-02-18,FO,NSE,STO,76567,,BANKINDIA,,2026-02-24,2026-02-24,159.0,CE,BANKINDIA26FEB159CE,0.0,0.0,0.0,11.28,11.28,11.28,172.55,13.77,57200,0,0,0.0,0,F1,5200,,,,,
2026-02-18,2026-02-18,FO,NSE,STO,76585,,BANKINDIA,,2026-02-24,2026-02-24,165.0,CE,BANKINDIA26FEB165CE,7.53,8.9,6.41,8.26,8.08,6.97,172.55,8.26,1294800,-234000,334,299553436.0,245,F1,5200,,,,,
2026-02-18,2026-02-18,FO,NSE,STO,76555,,BANKINDIA,,2026-02-24,2026-02-24,147.0,CE,BANKINDIA26FEB147CE,0.0,0.0,0.0,6.77,0.0,6.77,172.55,25.68,0,0,0,0.0,0,F1,5200,,,,,
2026-02-18,2026-02-18,FO,NSE,STO,89032,,BANKINDIA,,2026-03-30,2026-03-30,173.0,PE,BANKINDIA26MAR173PE,0.0,0.0,0.0,15.11,0.0,15.11,172.55,7.37,0,0,0,0.0,0,F1,5200,,,,,
2026-02-18,2026-02-18,FO,NSE,STO,76865,,BANKINDIA,,2026-03-30,2026-03-30,172.0,PE,BANKINDIA26MAR172PE,7.1,7.1,6.1,6.1,6.1,23.0,172.55,6.1,57200,26000,12,11132732.0,12,F1,5200,,,,,
2026-02-18,2026-02-18,FO,NSE,STO,88944,,BANKINDIA,,2026-03-30,2026-03-30,149.0,PE,BANKINDIA26MAR149PE,0.0,0.0,0.0,2.2,2.2,2.2,172.55,0.7,10400,0,0,0.0,0,F1,5200,,,,,
2026-02-18,2026-02-18,FO,NSE,STO,76825,,BANKINDIA,,2026-03-30,2026-03-30,138.0,PE,BANKINDIA26MAR138PE,0.0,0.0,0.0,7.61,0.0,7.61,172.55,0.12,0,0,0,0.0,0,F1,5200,,,,,
2026-02-18,2026-02-18,FO,NSE,STO,76566,,BANKINDIA,,2026-02-24,2026-02-24,157.0,PE,BANKINDIA26FEB157PE,0.19,0.28,0.19,0.22,0.23,0.45,172.55,0.22,208000,-20800,13,10628852.0,13,F1,5200,,,,,
2026-02-18,2026-02-18,FO,NSE,STO,78489,,BANKINDIA,,2026-02-24,2026-02-24,122.0,PE,BANKINDIA26FEB122PE,0.0,0.0,0.0,0.07,0.07,0.07,172.55,0.01,213200,0,0,0.0,0,F1,5200,,,,,
2026-02-18,2026-02-18,FO,NSE,STO,76864,,BANKINDIA,,2026-03-30,2026-03-30,172.0,CE,BANKINDIA26MAR172CE,7.47,8.6,7.47,7.98,7.98,4.51,172.55,7.98,540800,473200,158,147799652.0,88,F1,5200,,,,,
2026-02-18,2026-02-18,FO,NSE,STO,76862,,BANKINDIA,,2026-03-30,2026-03-30,170.0,CE,BANKINDIA26MAR170CE,8.7,9.69,8.48,9.09,8.85,8.48,172.55,9.09,1580800,124800,410,381749420.0,338,F1,5200,,,,,
2026-02-18,2026-02-18,FO,NSE,STO,78644,,BANKINDIA,,2026-02-24,2026-02-24,172.0,CE,BANKINDIA26FEB172CE,3.34,3.7,2.6,3.14,3.03,3.08,172.55,3.14,1055600,317200,1779,1620522436.0,1587,F1,5200,,,,,
2026-02-18,2026-02-18,FO,NSE,STO,76547,,BANKINDIA,,2026-02-24,2026-02-24,145.0,CE,BANKINDIA26FEB145CE,0.0,0.0,0.0,25.79,25.79,25.79,172.55,27.68,78000,0,0,0.0,0,F1,5200,,,,,
2026-02-18,2026-02-18,FO,NSE,STO,76846,,BANKINDIA,,2026-03-30,2026-03-30,160.0,CE,BANKINDIA26MAR160CE,15.65,15.94,15.0,15.0,15.0,11.5,172.55,16.01,119600,15600,9,8213608.0,7,F1,5200,,,,,
2026-02-18,2026-02-18,FO,NSE,STO,88955,,BANKINDIA,,2026-03-30,2026-03-30,161.0,CE,BANKINDIA26MAR161CE,0.0,0.0,0.0,4.96,4.96,4.96,172.55,15.27,5200,0,0,0.0,0,F1,5200,,,,,
2026-02-18,2026-02-18,FO,NSE,STO,76853,,BANKINDIA,,2026-03-30,2026-03-30,164.0,CE,BANKINDIA26MAR164CE,0.0,0.0,0.0,11.6,11.6,11.6,172.55,13.17,10400,0,0,0.0,0,F1,5200,,,,,
2026-02-18,2026-02-18,FO,NSE,STO,89530,,BANKINDIA,,2026-04-28,2026-04-28,166.0,PE,BANKINDIA26APR166PE,0.0,0.0,0.0,12.71,0.0,12.71,172.55,6.24,0,0,0,0.0,0,F1,5200,,,,,
2026-02-18,2026-02-18,FO,NSE,STO,89293,,BANKINDIA,,2026-04-28,2026-04-28,136.0,PE,BANKINDIA26APR136PE,0.0,0.0,0.0,2.28,0.0,2.28,172.55,0.41,0,0,0,0.0,0,F1,5200,,,,,
2026-02-18,2026-02-18,FO,NSE,STO,88938,,BANKINDIA,,2026-03-30,2026-03-30,143.0,PE,BANKINDIA26MAR143PE,0.0,0.0,0.0,1.5,1.5,1.5,172.55,0.29,5200,0,0,0.0,0,F1,5200,,,,,
2026-02-18,2026-02-18,FO,NSE,STO,76821,,BANKINDIA,,2026-03-30,2026-03-30,134.0,PE,BANKINDIA26MAR134PE,0.0,0.0,0.0,5.98,0.0,5.98,172.55,0.06,0,0,0,0.0,0,F1,5200,,,,,
2026-02-18,2026-02-18,FO,NSE,STO,76546,,BANKINDIA,,2026-02-24,2026-02-24,143.0,PE,BANKINDIA26FEB143PE,0.0,0.0,0.0,0.3,0.3,0.3,172.55,0.01,218400,0,0,0.0,0,F1,5200,,,,,
2026-02-18,2026-02-18,FO,NSE,STO,78537,,BANKINDIA,,2026-02-24,2026-02-24,138.0,PE,BANKINDIA26FEB138PE,0.4,0.4,0.08,0.08,0.08,1.4,172.55,0.01,41600,15600,6,4309812.0,6,F1,5200,,,,,
2026-02-18,2026-02-18,FO,NSE,STO,76822,,BANKINDIA,,2026-03-30,2026-03-30,136.0,CE,BANKINDIA26MAR136CE,0.0,0.0,0.0,14.79,0.0,14.79,172.55,37.45,0,0,0,0.0,0,F1,5200,,,,,
2026-02-18,2026-02-18,FO,NSE,STO,78538,,BANKINDIA,,2026-02-24,2026-02-24,140.0,CE,BANKINDIA26FEB140CE,0.0,0.0,0.0,29.6,29.6,29.6,172.55,32.68,156000,0,0,0.0,0,F1,5200,,,,,
2026-02-18,2026-02-18,FO,NSE,STO,76557,,BANKINDIA,,2026-02-24,2026-02-24,149.0,CE,BANKINDIA26FEB149CE,0.0,0.0,0.0,6.0,0.0,6.0,172.55,23.69,0,0,0,0.0,0,F1,5200,,,,,
2026-02-18,2026-02-18,FO,NSE,STO,78622,,BANKINDIA,,2026-02-24,2026-02-24,150.0,CE,BANKINDIA26FEB150CE,21.25,23.0,21.23,22.83,22.5,21.27,172.55,22.83,462800,0,9,8043568.0,7,F1,5200,,,,,
2026-02-18,2026-02-18,FO,NSE,STO,76559,,BANKINDIA,,2026-02-24,2026-02-24,151.0,CE,BANKINDIA26FEB151CE,0.0,0.0,0.0,17.99,17.99,17.99,172.55,21.69,98800,0,0,0.0,0,F1,5200,,,,,
2026-02-18,2026-02-18,FO,NSE,STO,78624,,BANKINDIA,,2026-02-24,2026-02-24,152.0,CE,BANKINDIA26FEB152CE,0.0,0.0,0.0,17.66,17.66,17.66,172.55,20.69,88400,0,0,0.0,0,F1,5200,,,,,
2026-02-18,2026-02-18,FO,NSE,STO,76571,,BANKINDIA,,2026-02-24,2026-02-24,163.0,CE,BANKINDIA26FEB163CE,9.04,10.22,9.04,10.22,10.22,8.7,172.55,10.0,244400,-36400,13,11670620.0,13,F1,5200,,,,,
2026-02-18,2026-02-18,FO,NSE,STO,76593,,BANKINDIA,,2026-02-24,2026-02-24,169.0,CE,BANKINDIA26FEB169CE,4.95,5.6,4.3,5.22,5.06,4.54,172.55,5.22,374400,-78000,72,65135980.0,70,F1,5200,,,,,
2026-02-18,2026-02-18,FO,NSE,STO,78646,,BANKINDIA,,2026-02-24,2026-02-24,174.0,CE,BANKINDIA26FEB174CE,2.2,2.78,1.96,2.19,2.1,2.24,172.55,2.19,431600,124800,349,320019492.0,297,F1,5200,,,,,
2026-02-18,2026-02-18,FO,NSE,STO,88935,,BANKINDIA,,2026-03-30,2026-03-30,141.0,CE,BANKINDIA26MAR141CE,0.0,0.0,0.0,25.72,0.0,25.72,172.55,32.61,0,0,0,0.0,0,F1,5200,,,,,
2026-02-18,2026-02-18,FO,NSE,STO,76830,,BANKINDIA,,2026-03-30,2026-03-30,144.0,CE,BANKINDIA26MAR144CE,0.0,0.0,0.0,10.65,0.0,10.65,172.55,29.75,0,0,0,0.0,0,F1,5200,,,,,
2026-02-18,2026-02-18,FO,NSE,STO,76832,,BANKINDIA,,2026-03-30,2026-03-30,146.0,CE,BANKINDIA26MAR146CE,0.0,0.0,0.0,9.76,0.0,9.76,172.55,27.88,0,0,0,0.0,0,F1,5200,,,,,
2026-02-18,2026-02-18,FO,NSE,STO,88945,,BANKINDIA,,2026-03-30,2026-03-30,151.0,CE,BANKINDIA26MAR151CE,0.0,0.0,0.0,18.28,0.0,18.28,172.55,23.36,0,0,0,0.0,0,F1,5200,,,,,
2026-02-18,2026-02-18,FO,NSE,STO,89563,,BANKINDIA,,2026-04-28,2026-04-28,182.0,CE,BANKINDIA26APR182CE,0.0,0.0,0.0,6.67,0.0,6.67,172.55,6.95,0,0,0,0.0,0,F1,5200,,,,,
2026-02-18,2026-02-18,FO,NSE,STO,76502,,BANKINDIA,,2026-02-24,2026-02-24,135.0,PE,BANKINDIA26FEB135PE,0.0,0.0,0.0,0.07,0.07,0.07,172.55,0.01,176800,0,0,0.0,0,F1,5200,,,,,
2026-02-18,2026-02-18,FO,NSE,STO,78625,,BANKINDIA,,2026-02-24,2026-02-24,152.0,PE,BANKINDIA26FEB152PE,0.17,0.19,0.13,0.13,0.13,0.22,172.55,0.13,416000,176800,88,69623164.0,66,F1,5200,,,,,
2026-02-18,2026-02-18,FO,NSE,STO,78631,,BANKINDIA,,2026-02-24,2026-02-24,158.0,PE,BANKINDIA26FEB158PE,0.38,0.41,0.25,0.27,0.27,0.51,172.55,0.27,249600,-15600,22,18115136.0,22,F1,5200,,,,,
2026-02-18,2026-02-18,FO,NSE,STO,78635,,BANKINDIA,,2026-02-24,2026-02-24,162.0,PE,BANKINDIA26FEB162PE,0.85,0.85,0.4,0.44,0.44,0.94,172.55,0.44,374400,-83200,95,80323360.0,93,F1,5200,,,,,
2026-02-18,2026-02-18,FO,NSE,STO,78651,,BANKINDIA,,2026-02-24,2026-02-24,178.0,PE,BANKINDIA26FEB178PE,6.96,6.96,6.96,6.96,6.96,13.23,172.55,6.96,15600,5200,1,961792.0,1,F1,5200,,,,,
2026-02-18,2026-02-18,FO,NSE,STO,78653,,BANKINDIA,,2026-02-24,2026-02-24,180.0,PE,BANKINDIA26FEB180PE,8.82,8.82,8.05,8.05,8.05,17.0,172.55,7.97,31200,26000,5,4900480.0,5,F1,5200,,,,,
2026-02-18,2026-02-18,FO,NSE,STO,76814,,BANKINDIA,,2026-03-30,2026-03-30,128.0,PE,BANKINDIA26MAR128PE,0.0,0.0,0.0,3.98,0.0,3.98,172.55,0.02,0,0,0,0.0,0,F1,5200,,,,,
2026-02-18,2026-02-18,FO,NSE,STO,76823,,BANKINDIA,,2026-03-30,2026-03-30,136.0,PE,BANKINDIA26MAR136PE,0.0,0.0,0.0,6.76,0.0,6.76,172.55,0.09,0,0,0,0.0,0,F1,5200,,,,,
2026-02-18,2026-02-18,FO,NSE,STO,88932,,BANKINDIA,,2026-03-30,2026-03-30,137.0,PE,BANKINDIA26MAR137PE,0.0,0.0,0.0,1.44,0.0,1.44,172.55,0.1,0,0,0,0.0,0,F1,5200,,,,,
2026-02-18,2026-02-18,FO,NSE,STO,76839,,BANKINDIA,,2026-03-30,2026-03-30,152.0,PE,BANKINDIA26MAR152PE,0.0,0.0,0.0,4.01,4.01,4.01,172.55,1.03,15600,0,0,0.0,0,F1,5200,,,,,
2026-02-18,2026-02-18,FO,NSE,STO,88960,,BANKINDIA,,2026-03-30,2026-03-30,165.0,PE,BANKINDIA26MAR165PE,4.04,4.38,3.33,3.54,3.54,4.49,172.55,3.54,301600,83200,59,51848212.0,48,F1,5200,,,,,
2026-02-18,2026-02-18,FO,NSE,STO,89074,,BANKINDIA,,2026-03-30,2026-03-30,177.0,PE,BANKINDIA26MAR177PE,0.0,0.0,0.0,17.78,0.0,17.78,172.55,9.56,0,0,0,0.0,0,F1,5200,,,,,
2026-02-18,2026-02-18,FO,NSE,STO,89299,,BANKINDIA,,2026-04-28,2026-04-28,142.0,PE,BANKINDIA26APR142PE,0.0,0.0,0.0,3.51,0.0,3.51,172.55,0.83,0,0,0,0.0,0,F1,5200,,,,,
2026-02-18,2026-02-18,FO,NSE,STO,89314,,BANKINDIA,,2026-04-28,2026-04-28,144.0,PE,BANKINDIA26APR144PE,0.0,0.0,0.0,4.01,0.0,4.01,172.55,1.03,0,0,0,0.0,0,F1,5200,,,,,
2026-02-18,2026-02-18,FO,NSE,STO,89449,,BANKINDIA,,2026-04-28,2026-04-28,150.0,PE,BANKINDIA26APR150PE,0.0,0.0,0.0,5.78,0.0,5.78,172.55,1.85,0,0,0,0.0,0,F1,5200,,,,,
2026-02-18,2026-02-18,FO,NSE,STO,89473,,BANKINDIA,,2026-04-28,2026-04-28,154.0,PE,BANKINDIA26APR154PE,0.0,0.0,0.0,7.21,0.0,7.21,172.55,2.62,0,0,0,0.0,0,F1,5200,,,,,
2026-02-18,2026-02-18,FO,NSE,STO,89570,,BANKINDIA,,2026-04-28,2026-04-28,188.0,PE,BANKINDIA26APR188PE,0.0,0.0,0.0,27.14,0.0,27.14,172.55,18.57,0,0,0,0.0,0,F1,5200,,,,,
2026-02-18,2026-02-18,FO,NSE,STO,36744,,BANKINDIA,,2026-02-24,2026-02-24,181.0,CE,BANKINDIA26FEB181CE,0.0,0.0,0.0,0.31,0.31,0.31,172.55,0.54,150800,0,0,0.0,0,F1,5200,,,,,
2026-02-18,2026-02-18,FO,NSE,STO,76711,,BANKINDIA,,2026-02-24,2026-02-24,190.0,CE,BANKINDIA26FEB190CE,0.14,0.15,0.04,0.07,0.07,0.11,172.55,0.07,2386800,447200,432,427000288.0,282,F1,5200,,,,,
2026-02-18,2026-02-18,FO,NSE,STO,78660,,BANKINDIA,,2026-02-24,2026-02-24,192.0,CE,BANKINDIA26FEB192CE,0.0,0.0,0.0,1.46,0.0,1.46,172.55,0.02,0,0,0,0.0,0,F1,5200,,,,,
2026-02-18,2026-02-18,FO,NSE,STO,76815,,BANKINDIA,,2026-03-30,2026-03-30,130.0,CE,BANKINDIA26MAR130CE,0.0,0.0,0.0,18.52,0.0,18.52,172.55,43.36,0,0,0,0.0,0,F1,5200,,,,,
2026-02-18,2026-02-18,FO,NSE,STO,76836,,BANKINDIA,,2026-03-30,2026-03-30,150.0,CE,BANKINDIA26MAR150CE,23.5,25.0,23.5,25.0,25.0,22.0,172.55,25.0,98800,57200,16,14496924.0,13,F1,5200,,,,,
2026-02-18,2026-02-18,FO,NSE,STO,76860,,BANKINDIA,,2026-03-30,2026-03-30,168.0,CE,BANKINDIA26MAR168CE,0.0,0.0,0.0,3.33,0.0,3.33,172.55,10.65,0,0,0,0.0,0,F1,5200,,,,,
2026-02-18,2026-02-18,FO,NSE,STO,89024,,BANKINDIA,,2026-03-30,2026-03-30,171.0,CE,BANKINDIA26MAR171CE,0.0,0.0,0.0,7.81,0.0,7.81,172.55,8.97,0,0,0,0.0,0,F1,5200,,,,,
2026-02-18,2026-02-18,FO,NSE,STO,89031,,BANKINDIA,,2026-03-30,2026-03-30,173.0,CE,BANKINDIA26MAR173CE,0.0,0.0,0.0,7.09,0.0,7.09,172.55,7.96,0,0,0,0.0,0,F1,5200,,,,,
2026-02-18,2026-02-18,FO,NSE,STO,89033,,BANKINDIA,,2026-03-30,2026-03-30,175.0,CE,BANKINDIA26MAR175CE,6.3,7.14,6.0,6.54,6.6,6.05,172.55,6.54,608400,306800,298,281363576.0,243,F1,5200,,,,,
2026-02-18,2026-02-18,FO,NSE,STO,89300,,BANKINDIA,,2026-04-28,2026-04-28,144.0,CE,BANKINDIA26APR144CE,0.0,0.0,0.0,25.39,0.0,25.39,172.55,31.07,0,0,0,0.0,0,F1,5200,,,,,
2026-02-18,2026-02-18,FO,NSE,STO,89553,,BANKINDIA,,2026-04-28,2026-04-28,176.0,CE,BANKINDIA26APR176CE,0.0,0.0,0.0,8.5,0.0,8.5,172.55,9.32,0,0,0,0.0,0,F1,5200,,,,,
2026-02-18,2026-02-18,FO,NSE,STO,89557,,BANKINDIA,,2026-04-28,2026-04-28,178.0,CE,BANKINDIA26APR178CE,0.0,0.0,0.0,7.85,0.0,7.85,172.55,8.47,0,0,0,0.0,0,F1,5200,,,,,
2026-02-18,2026-02-18,FO,NSE,STO,76819,,BANKINDIA,,2026-03-30,2026-03-30,132.0,PE,BANKINDIA26MAR132PE,0.0,0.0,0.0,0.8,0.8,0.8,172.55,0.04,5200,0,0,0.0,0,F1,5200,,,,,
2026-02-18,2026-02-18,FO,NSE,STO,76504,,BANKINDIA,,2026-02-24,2026-02-24,137.0,PE,BANKINDIA26FEB137PE,0.0,0.0,0.0,1.84,1.85,1.84,172.55,0.01,78000,0,0,0.0,0,F1,5200,,,,,
2026-02-18,2026-02-18,FO,NSE,STO,78521,,BANKINDIA,,2026-02-24,2026-02-24,132.0,CE,BANKINDIA26FEB132CE,0.0,0.0,0.0,21.37,0.0,21.37,172.55,40.67,0,0,0,0.0,0,F1,5200,,,,,
2026-02-18,2026-02-18,FO,NSE,STO,78504,,BANKINDIA,,2026-02-24,2026-02-24,128.0,CE,BANKINDIA26FEB128CE,0.0,0.0,0.0,24.26,0.0,24.26,172.55,44.67,0,0,0,0.0,0,F1,5200,,,,,
2026-02-18,2026-02-18,FO,NSE,STF,59258,,BANKINDIA,,2026-02-24,2026-02-24,,,BANKINDIA26FEBFUT,171.6,173.5,170.22,172.53,172.2,170.67,172.55,172.53,43914000,-1544400,4239,3789996808.0,3652,F1,5200,,,,,
2026-02-18,2026-02-18,FO,NSE,STO,88952,,BANKINDIA,,2026-03-30,2026-03-30,157.0,PE,BANKINDIA26MAR157PE,0.0,0.0,0.0,6.69,0.0,6.69,172.55,1.83,0,0,0,0.0,0,F1,5200,,,,,
2026-02-18,2026-02-18,FO,NSE,STO,88950,,BANKINDIA,,2026-03-30,2026-03-30,155.0,PE,BANKINDIA26MAR155PE,1.73,1.9,1.29,1.39,1.41,1.93,172.55,1.39,868400,291200,227,184834260.0,158,F1,5200,,,,,
2026-02-18,2026-02-18,FO,NSE,STO,88940,,BANKINDIA,,2026-03-30,2026-03-30,145.0,PE,BANKINDIA26MAR145PE,0.0,0.0,0.0,2.9,0.0,2.9,172.55,0.39,0,0,0,0.0,0,F1,5200,,,,,
2026-02-18,2026-02-18,FO,NSE,STO,78639,,BANKINDIA,,2026-02-24,2026-02-24,166.0,PE,BANKINDIA26FEB166PE,1.57,1.6,0.76,0.85,0.86,1.9,172.55,0.85,1190800,-161200,295,256243416.0,201,F1,5200,,,,,
2026-02-18,2026-02-18,FO,NSE,STO,78645,,BANKINDIA,,2026-02-24,2026-02-24,172.0,PE,BANKINDIA26FEB172PE,4.42,4.42,2.15,2.57,2.65,6.86,172.55,2.57,405600,343200,270,245778832.0,228,F1,5200,,,,,
2026-02-18,2026-02-18,FO,NSE,STO,76706,,BANKINDIA,,2026-02-24,2026-02-24,175.0,PE,BANKINDIA26FEB175PE,5.25,6.16,3.84,4.2,4.58,6.14,172.55,4.2,213200,46800,78,72950020.0,73,F1,5200,,,,,
2026-02-18,2026-02-18,FO,NSE,STO,76807,,BANKINDIA,,2026-03-30,2026-03-30,124.0,PE,BANKINDIA26MAR124PE,0.0,0.0,0.0,0.49,0.49,0.49,172.55,0.01,5200,0,0,0.0,0,F1,5200,,,,,
2026-02-18,2026-02-18,FO,NSE,STO,76831,,BANKINDIA,,2026-03-30,2026-03-30,144.0,PE,BANKINDIA26MAR144PE,0.0,0.0,0.0,10.51,0.0,10.51,172.55,0.34,0,0,0,0.0,0,F1,5200,,,,,
2026-02-18,2026-02-18,FO,NSE,STO,77065,,BANKINDIA,,2026-03-30,2026-03-30,184.0,PE,BANKINDIA26MAR184PE,0.0,0.0,0.0,40.62,0.0,40.62,172.55,14.13,0,0,0,0.0,0,F1,5200,,,,,
2026-02-18,2026-02-18,FO,NSE,STO,76869,,BANKINDIA,,2026-03-30,2026-03-30,176.0,PE,BANKINDIA26MAR176PE,0.0,0.0,0.0,33.53,0.0,33.53,172.55,8.98,0,0,0,0.0,0,F1,5200,,,,,
2026-02-18,2026-02-18,FO,NSE,STO,78637,,BANKINDIA,,2026-02-24,2026-02-24,164.0,PE,BANKINDIA26FEB164PE,1.01,1.06,0.54,0.59,0.6,1.32,172.55,0.59,426400,20800,119,101945792.0,98,F1,5200,,,,,
2026-02-18,2026-02-18,FO,NSE,STO,78568,,BANKINDIA,,2026-02-24,2026-02-24,142.0,PE,BANKINDIA26FEB142PE,0.0,0.0,0.0,0.75,0.77,0.75,172.55,0.01,223600,0,0,0.0,0,F1,5200,,,,,
2026-02-18,2026-02-18,FO,NSE,STO,89573,,BANKINDIA,,2026-04-28,2026-04-28,192.0,CE,BANKINDIA26APR192CE,0.0,0.0,0.0,4.35,0.0,4.35,172.55,4.06,0,0,0,0.0,0,F1,5200,,,,,
2026-02-18,2026-02-18,FO,NSE,STO,77074,,BANKINDIA,,2026-03-30,2026-03-30,192.0,CE,BANKINDIA26MAR192CE,2.1,2.1,2.1,2.1,2.1,0.83,172.55,2.02,5200,5200,1,1009320.0,1,F1,5200,,,,,
2026-02-18,2026-02-18,FO,NSE,STO,76828,,BANKINDIA,,2026-03-30,2026-03-30,142.0,CE,BANKINDIA26MAR142CE,0.0,0.0,0.0,11.59,0.0,11.59,172.55,31.65,0,0,0,0.0,0,F1,5200,,,,,
2026-02-18,2026-02-18,FO,NSE,STO,88927,,BANKINDIA,,2026-03-30,2026-03-30,133.0,CE,BANKINDIA26MAR133CE,0.0,0.0,0.0,32.52,0.0,32.52,172.55,40.4,0,0,0,0.0,0,F1,5200,,,,,
2026-02-18,2026-02-18,FO,NSE,STO,76701,,BANKINDIA,,2026-02-24,2026-02-24,171.0,CE,BANKINDIA26FEB171CE,3.81,4.25,3.08,3.79,3.6,3.51,172.55,3.79,868400,-525200,1241,1127305920.0,1010,F1,5200,,,,,
2026-02-18,2026-02-18,FO,NSE,STO,78638,,BANKINDIA,,2026-02-24,2026-02-24,166.0,CE,BANKINDIA26FEB166CE,6.77,8.1,6.62,7.37,7.25,6.68,172.55,7.37,582400,-114400,48,43231500.0,48,F1,5200,,,,,
2026-02-18,2026-02-18,FO,NSE,STO,78626,,BANKINDIA,,2026-02-24,2026-02-24,154.0,CE,BANKINDIA26FEB154CE,18.38,18.38,18.38,18.38,18.38,14.44,172.55,18.7,93600,-5200,1,896376.0,1,F1,5200,,,,,
2026-02-18,2026-02-18,FO,NSE,STO,78534,,BANKINDIA,,2026-02-24,2026-02-24,138.0,CE,BANKINDIA26FEB138CE,0.0,0.0,0.0,17.42,0.0,17.42,172.55,34.67,0,0,0,0.0,0,F1,5200,,,,,
2026-02-18,2026-02-18,FO,NSE,STO,76878,,BANKINDIA,,2026-03-30,2026-03-30,178.0,PE,BANKINDIA26MAR178PE,0.0,0.0,0.0,35.27,0.0,35.27,172.55,10.15,0,0,0,0.0,0,F1,5200,,,,,
2026-02-18,2026-02-18,FO,NSE,STO,76863,,BANKINDIA,,2026-03-30,2026-03-30,170.0,PE,BANKINDIA26MAR170PE,6.26,6.66,5.01,5.38,5.4,6.45,172.55,5.38,676000,208000,149,136262464.0,136,F1,5200,,,,,
2026-02-18,2026-02-18,FO,NSE,STO,88954,,BANKINDIA,,2026-03-30,2026-03-30,159.0,PE,BANKINDIA26MAR159PE,0.0,0.0,0.0,7.53,0.0,7.53,172.55,2.26,0,0,0,0.0,0,F1,5200,,,,,
2026-02-18,2026-02-18,FO,NSE,STO,76841,,BANKINDIA,,2026-03-30,2026-03-30,154.0,PE,BANKINDIA26MAR154PE,0.0,0.0,0.0,2.71,2.71,2.71,172.55,1.31,72800,0,0,0.0,0,F1,5200,,,,,
2026-02-18,2026-02-18,FO,NSE,STO,76817,,BANKINDIA,,2026-03-30,2026-03-30,130.0,PE,BANKINDIA26MAR130PE,0.0,0.0,0.0,4.59,0.0,4.59,172.55,0.02,0,0,0,0.0,0,F1,5200,,,,,
2026-02-18,2026-02-18,FO,NSE,STO,76710,,BANKINDIA,,2026-02-24,2026-02-24,186.0,PE,BANKINDIA26FEB186PE,0.0,0.0,0.0,42.64,0.0,42.64,172.55,13.42,0,0,0,0.0,0,F1,5200,,,,,
2026-02-18,2026-02-18,FO,NSE,STO,78657,,BANKINDIA,,2026-02-24,2026-02-24,184.0,PE,BANKINDIA26FEB184PE,0.0,0.0,0.0,36.26,0.0,36.26,172.55,11.53,0,0,0,0.0,0,F1,5200,,,,,
2026-02-18,2026-02-18,FO,NSE,STO,78621,,BANKINDIA,,2026-02-24,2026-02-24,148.0,PE,BANKINDIA26FEB148PE,0.0,0.0,0.0,10.53,0.0,10.53,172.55,0.01,0,0,0,0.0,0,F1,5200,,,,,
2026-02-18,2026-02-18,FO,NSE,STO,78524,,BANKINDIA,,2026-02-24,2026-02-24,134.0,PE,BANKINDIA26FEB134PE,0.0,0.0,0.0,0.87,0.87,0.87,172.55,0.01,15600,0,0,0.0,0,F1,5200,,,,,
2026-02-18,2026-02-18,FO,NSE,STO,89478,,BANKINDIA,,2026-04-28,2026-04-28,158.0,CE,BANKINDIA26APR158CE,0.0,0.0,0.0,16.43,0.0,16.43,172.55,19.78,0,0,0,0.0,0,F1,5200,,,,,
2026-02-18,2026-02-18,FO,NSE,STO,76707,,BANKINDIA,,2026-02-24,2026-02-24,177.0,CE,BANKINDIA26FEB177CE,1.47,1.78,1.13,1.26,1.2,1.47,172.55,1.26,624000,140400,116,107606928.0,91,F1,5200,,,,,
2026-02-18,2026-02-18,FO,NSE,STO,92423,,BIOCON,,2026-04-28,2026-04-28,400.0,CE,BIOCON26APR400CE,0.0,0.0,0.0,15.95,0.0,15.95,378.95,12.85,0,0,0,0.0,0,F1,2500,,,,,
2026-02-18,2026-02-18,FO,NSE,STO,92425,,BIOCON,,2026-04-28,2026-04-28,410.0,CE,BIOCON26APR410CE,0.0,0.0,0.0,13.1,0.0,13.1,378.95,9.8,0,0,0,0.0,0,F1,2500,,,,,
2026-02-18,2026-02-18,FO,NSE,STO,80579,,BIOCON,,2026-02-24,2026-02-24,400.0,PE,BIOCON26FEB400PE,21.1,24.2,19.5,21.35,21.25,22.2,378.95,21.35,730000,-27500,176,185725000.0,125,F1,2500,,,,,
2026-02-18,2026-02-18,FO,NSE,STO,79238,,BIOCON,,2026-02-24,2026-02-24,405.0,PE,BIOCON26FEB405PE,24.4,29.0,23.8,26.05,26.05,31.95,378.95,26.05,35000,2500,24,25920875.0,24,F1,2500,,,,,
2026-02-18,2026-02-18,FO,NSE,STO,79246,,BIOCON,,2026-02-24,2026-02-24,425.0,PE,BIOCON26FEB425PE,0.0,0.0,0.0,50.55,50.55,50.55,378.95,45.65,15000,0,0,0.0,0,F1,2500,,,,,
2026-02-18,2026-02-18,FO,NSE,STO,79403,,BIOCON,,2026-03-30,2026-03-30,410.0,PE,BIOCON26MAR410PE,0.0,0.0,0.0,32.5,32.5,32.5,378.95,33.9,27500,0,0,0.0,0,F1,2500,,,,,
2026-02-18,2026-02-18,FO,NSE,STO,92424,,BIOCON,,2026-04-28,2026-04-28,400.0,PE,BIOCON26APR400PE,0.0,0.0,0.0,44.55,0.0,44.55,378.95,29.75,0,0,0,0.0,0,F1,2500,,,,,
2026-02-18,2026-02-18,FO,NSE,STO,79221,,BIOCON,,2026-02-24,2026-02-24,325.0,CE,BIOCON26FEB325CE,56.5,56.5,54.45,54.45,54.45,54.5,378.95,54.25,5000,-7500,4,3801125.0,4,F1,2500,,,,,
2026-02-18,2026-02-18,FO,NSE,STO,80449,,BIOCON,,2026-02-24,2026-02-24,340.0,CE,BIOCON26FEB340CE,41.95,41.95,41.95,41.95,41.95,41.3,378.95,39.25,100000,0,1,954875.0,1,F1,2500,,,,,
2026-02-18,2026-02-18,FO,NSE,STO,79232,,BIOCON,,2026-02-24,2026-02-24,375.0,PE,BIOCON26FEB375PE,4.35,5.25,3.15,3.35,3.25,5.0,378.95,3.35,1435000,-97500,981,930075625.0,919,F1,2500,,,,,
2026-02-18,2026-02-18,FO,NSE,STO,79226,,BIOCON,,2026-02-24,2026-02-24,345.0,PE,BIOCON26FEB345PE,0.4,0.4,0.3,0.3,0.3,0.55,378.95,0.3,457500,-50000,43,37127875.0,41,F1,2500,,,,,
2026-02-18,2026-02-18,FO,NSE,STO,79322,,BIOCON,,2026-03-30,2026-03-30,340.0,CE,BIOCON26MAR340CE,0.0,0.0,0.0,63.4,0.0,63.4,378.95,43.2,0,0,0,0.0,0,F1,2500,,,,,
2026-02-18,2026-02-18,FO,NSE,STO,80594,,BIOCON,,2026-02-24,2026-02-24,480.0,CE,BIOCON26FEB480CE,0.05,0.05,0.05,0.05,0.05,0.05,378.95,0.05,47500,-15000,6,7200750.0,3,F1,2500,,,,,
2026-02-18,2026-02-18,FO,NSE,STO,79391,,BIOCON,,2026-03-30,2026-03-30,360.0,PE,BIOCON26MAR360PE,6.4,6.95,5.65,5.85,5.85,6.7,378.95,5.85,200000,30000,55,50362250.0,54,F1,2500,,,,,
2026-02-18,2026-02-18,FO,NSE,STO,80587,,BIOCON,,2026-02-24,2026-02-24,440.0,PE,BIOCON26FEB440PE,0.0,0.0,0.0,77.2,77.2,77.2,378.95,60.65,27500,0,0,0.0,0,F1,2500,,,,,
2026-02-18,2026-02-18,FO,NSE,STO,80577,,BIOCON,,2026-02-24,2026-02-24,390.0,PE,BIOCON26FEB390PE,12.1,15.5,11.45,12.65,12.85,14.2,378.95,12.65,757500,-22500,105,106045500.0,103,F1,2500,,,,,
2026-02-18,2026-02-18,FO,NSE,STO,80584,,BIOCON,,2026-02-24,2026-02-24,430.0,CE,BIOCON26FEB430CE,0.15,0.2,0.05,0.05,0.05,0.2,378.95,0.05,1327500,-147500,182,195694250.0,90,F1,2500,,,,,
2026-02-18,2026-02-18,FO,NSE,STO,80590,,BIOCON,,2026-02-24,2026-02-24,460.0,CE,BIOCON26FEB460CE,0.05,0.05,0.05,0.05,0.05,0.1,378.95,0.05,325000,-2500,22,25302750.0,8,F1,2500,,,,,
2026-02-18,2026-02-18,FO,NSE,STO,79283,,BIOCON,,2026-03-30,2026-03-30,310.0,CE,BIOCON26MAR310CE,0.0,0.0,0.0,66.8,66.8,66.8,378.95,71.05,7500,0,0,0.0,0,F1,2500,,,,,
2026-02-18,2026-02-18,FO,NSE,STO,91899,,BIOCON,,2026-03-30,2026-03-30,325.0,CE,BIOCON26MAR325CE,58.0,58.0,57.2,57.2,57.2,57.5,378.95,56.7,37500,7500,3,2870000.0,3,F1,2500,,,,,
2026-02-18,2026-02-18,FO,NSE,STO,92115,,BIOCON,,2026-03-30,2026-03-30,415.0,CE,BIOCON26MAR415CE,0.0,0.0,0.0,5.45,5.45,5.45,378.95,4.3,2500,0,0,0.0,0,F1,2500,,,,,
2026-02-18,2026-02-18,FO,NSE,STO,80519,,BIOCON,,2026-02-24,2026-02-24,360.0,PE,BIOCON26FEB360PE,1.1,1.2,0.65,0.7,0.65,1.35,378.95,0.7,1450000,-357500,568,512428750.0,390,F1,2500,,,,,
2026-02-18,2026-02-18,FO,NSE,STO,91911,,BIOCON,,2026-03-30,2026-03-30,385.0,CE,BIOCON26MAR385CE,11.85,13.2,11.85,13.0,13.2,15.7,378.95,13.0,12500,12500,5,4968500.0,5,F1,2500,,,,,
2026-02-18,2026-02-18,FO,NSE,STO,91907,,BIOCON,,2026-03-30,2026-03-30,365.0,CE,BIOCON26MAR365CE,0.0,0.0,0.0,25.95,25.95,25.95,378.95,24.2,12500,0,0,0.0,0,F1,2500,,,,,
2026-02-18,2026-02-18,FO,NSE,STO,79233,,BIOCON,,2026-02-24,2026-02-24,385.0,CE,BIOCON26FEB385CE,4.55,5.6,2.65,3.3,3.35,4.85,378.95,3.3,1880000,-30000,2179,2116449375.0,1937,F1,2500,,,,,
2026-02-18,2026-02-18,FO,NSE,STO,92334,,BIOCON,,2026-04-28,2026-04-28,390.0,PE,BIOCON26APR390PE,0.0,0.0,0.0,38.0,0.0,38.0,378.95,23.65,0,0,0,0.0,0,F1,2500,,,,,
2026-02-18,2026-02-18,FO,NSE,STO,79401,,BIOCON,,2026-03-30,2026-03-30,400.0,PE,BIOCON26MAR400PE,24.25,26.8,24.25,25.25,25.0,27.8,378.95,25.25,215000,52500,25,26581125.0,23,F1,2500,,,,,
2026-02-18,2026-02-18,FO,NSE,STO,79409,,BIOCON,,2026-03-30,2026-03-30,420.0,PE,BIOCON26MAR420PE,0.0,0.0,0.0,41.4,41.4,41.4,378.95,42.0,5000,0,0,0.0,0,F1,2500,,,,,
2026-02-18,2026-02-18,FO,NSE,STO,79408,,BIOCON,,2026-03-30,2026-03-30,420.0,CE,BIOCON26MAR420CE,4.35,4.35,3.35,3.7,3.6,3.8,378.95,3.7,207500,40000,72,76253125.0,51,F1,2500,,,,,
2026-02-18,2026-02-18,FO,NSE,STO,92431,,BIOCON,,2026-04-28,2026-04-28,440.0,CE,BIOCON26APR440CE,0.0,0.0,0.0,7.05,0.0,7.05,378.95,3.9,0,0,0,0.0,0,F1,2500,,,,,
2026-02-18,2026-02-18,FO,NSE,STO,92428,,BIOCON,,2026-04-28,2026-04-28,420.0,PE,BIOCON26APR420PE,0.0,0.0,0.0,59.05,0.0,59.05,378.95,44.0,0,0,0,0.0,0,F1,2500,,,,,
2026-02-18,2026-02-18,FO,NSE,STO,92308,,BIOCON,,2026-04-28,2026-04-28,370.0,PE,BIOCON26APR370PE,0.0,0.0,0.0,26.4,0.0,26.4,378.95,13.7,0,0,0,0.0,0,F1,2500,,,,,
2026-02-18,2026-02-18,FO,NSE,STO,92268,,BIOCON,,2026-04-28,2026-04-28,350.0,PE,BIOCON26APR350PE,0.0,0.0,0.0,17.1,0.0,17.1,378.95,6.9,0,0,0,0.0,0,F1,2500,,,,,
2026-02-18,2026-02-18,FO,NSE,STO,92266,,BIOCON,,2026-04-28,2026-04-28,340.0,PE,BIOCON26APR340PE,0.0,0.0,0.0,13.35,0.0,13.35,378.95,4.6,0,0,0,0.0,0,F1,2500,,,,,
2026-02-18,2026-02-18,FO,NSE,STO,92125,,BIOCON,,2026-03-30,2026-03-30,415.0,PE,BIOCON26MAR415PE,0.0,0.0,0.0,52.95,0.0,52.95,378.95,37.85,0,0,0,0.0,0,F1,2500,,,,,
2026-02-18,2026-02-18,FO,NSE,STO,79395,,BIOCON,,2026-03-30,2026-03-30,380.0,PE,BIOCON26MAR380PE,12.95,15.3,12.95,13.3,13.25,14.25,378.95,13.3,177500,10000,19,18718500.0,19,F1,2500,,,,,
2026-02-18,2026-02-18,FO,NSE,STO,80550,,BIOCON,,2026-02-24,2026-02-24,370.0,PE,BIOCON26FEB370PE,2.85,3.2,1.75,1.9,1.8,3.2,378.95,1.9,2172500,-75000,1024,953729625.0,835,F1,2500,,,,,
2026-02-18,2026-02-18,FO,NSE,STO,79222,,BIOCON,,2026-02-24,2026-02-24,325.0,PE,BIOCON26FEB325PE,0.0,0.0,0.0,0.2,0.2,0.2,378.95,0.05,82500,0,0,0.0,0,F1,2500,,,,,
2026-02-18,2026-02-18,FO,NSE,STF,66730,,BIOCON,,2026-04-28,2026-04-28,,,BIOCON26APRFUT,383.95,386.35,381.2,384.5,384.5,383.95,378.95,384.5,262500,12500,42,40162500.0,40,F1,2500,,,,,
2026-02-18,2026-02-18,FO,NSE,STO,80429,,BIOCON,,2026-02-24,2026-02-24,320.0,CE,BIOCON26FEB320CE,0.0,0.0,0.0,66.0,66.0,66.0,378.95,59.25,5000,0,0,0.0,0,F1,2500,,,,,
2026-02-18,2026-02-18,FO,NSE,STO,79225,,BIOCON,,2026-02-24,2026-02-24,345.0,CE,BIOCON26FEB345CE,0.0,0.0,0.0,33.0,33.0,33.0,378.95,34.3,92500,0,0,0.0,0,F1,2500,,,,,
2026-02-18,2026-02-18,FO,NSE,STO,80582,,BIOCON,,2026-02-24,2026-02-24,420.0,CE,BIOCON26FEB420CE,0.35,0.4,0.15,0.2,0.2,0.4,378.95,0.2,1610000,-205000,428,449624625.0,214,F1,2500,,,,,
2026-02-18,2026-02-18,FO,NSE,STO,79285,,BIOCON,,2026-03-30,2026-03-30,320.0,CE,BIOCON26MAR320CE,61.7,61.7,61.7,61.7,61.7,64.5,378.95,61.4,75000,0,1,954250.0,1,F1,2500,,,,,
2026-02-18,2026-02-18,FO,NSE,STO,79396,,BIOCON,,2026-03-30,2026-03-30,390.0,CE,BIOCON26MAR390CE,12.75,12.8,10.3,11.1,11.15,11.9,378.95,11.1,80000,47500,37,37096750.0,36,F1,2500,,,,,
2026-02-18,2026-02-18,FO,NSE,STO,92333,,BIOCON,,2026-04-28,2026-04-28,390.0,CE,BIOCON26APR390CE,0.0,0.0,0.0,19.2,0.0,19.2,378.95,16.65,0,0,0,0.0,0,F1,2500,,,,,
2026-02-18,2026-02-18,FO,NSE,STO,92261,,BIOCON,,2026-04-28,2026-04-28,320.0,CE,BIOCON26APR320CE,0.0,0.0,0.0,57.7,0.0,57.7,378.95,64.0,0,0,0,0.0,0,F1,2500,,,,,
2026-02-18,2026-02-18,FO,NSE,STO,92295,,BIOCON,,2026-04-28,2026-04-28,360.0,CE,BIOCON26APR360CE,0.0,0.0,0.0,32.25,0.0,32.25,378.95,32.6,0,0,0,0.0,0,F1,2500,,,,,
2026-02-18,2026-02-18,FO,NSE,STO,80430,,BIOCON,,2026-02-24,2026-02-24,320.0,PE,BIOCON26FEB320PE,0.2,0.2,0.15,0.2,0.2,0.25,378.95,0.05,380000,-15000,16,12807750.0,13,F1,2500,,,,,
2026-02-18,2026-02-18,FO,NSE,STO,91912,,BIOCON,,2026-03-30,2026-03-30,385.0,PE,BIOCON26MAR385PE,0.0,0.0,0.0,17.3,17.3,17.3,378.95,17.05,30000,0,0,0.0,0,F1,2500,,,,,
2026-02-18,2026-02-18,FO,NSE,STO,80425,,BIOCON,,2026-02-24,2026-02-24,300.0,CE,BIOCON26FEB300CE,0.0,0.0,0.0,76.65,76.65,76.65,378.95,79.2,17500,0,0,0.0,0,F1,2500,,,,,
2026-02-18,2026-02-18,FO,NSE,STO,92432,,BIOCON,,2026-04-28,2026-04-28,440.0,PE,BIOCON26APR440PE,0.0,0.0,0.0,75.1,0.0,75.1,378.95,60.4,0,0,0,0.0,0,F1,2500,,,,,
2026-02-18,2026-02-18,FO,NSE,STO,79223,,BIOCON,,2026-02-24,2026-02-24,335.0,CE,BIOCON26FEB335CE,0.0,0.0,0.0,46.0,46.0,46.0,378.95,44.25,10000,0,0,0.0,0,F1,2500,,,,,
2026-02-18,2026-02-18,FO,NSE,STO,80580,,BIOCON,,2026-02-24,2026-02-24,410.0,CE,BIOCON26FEB410CE,0.7,0.9,0.3,0.4,0.35,0.8,378.95,0.4,1352500,-202500,570,584840250.0,416,F1,2500,,,,,
2026-02-18,2026-02-18,FO,NSE,STO,80586,,BIOCON,,2026-02-24,2026-02-24,440.0,CE,BIOCON26FEB440CE,0.1,0.1,0.05,0.1,0.1,0.15,378.95,0.05,442500,-40000,34,37407375.0,25,F1,2500,,,,,
2026-02-18,2026-02-18,FO,NSE,STO,91936,,BIOCON,,2026-03-30,2026-03-30,395.0,PE,BIOCON26MAR395PE,0.0,0.0,0.0,27.25,27.25,27.25,378.95,23.1,7500,0,0,0.0,0,F1,2500,,,,,
2026-02-18,2026-02-18,FO,NSE,STO,92309,,BIOCON,,2026-04-28,2026-04-28,380.0,CE,BIOCON26APR380CE,0.0,0.0,0.0,23.0,0.0,23.0,378.95,21.15,0,0,0,0.0,0,F1,2500,,,,,
2026-02-18,2026-02-18,FO,NSE,STO,80426,,BIOCON,,2026-02-24,2026-02-24,300.0,PE,BIOCON26FEB300PE,0.1,0.1,0.05,0.05,0.05,0.1,378.95,0.05,237500,-35000,74,55511625.0,16,F1,2500,,,,,
2026-02-18,2026-02-18,FO,NSE,STO,79228,,BIOCON,,2026-02-24,2026-02-24,355.0,PE,BIOCON26FEB355PE,0.7,0.75,0.45,0.45,0.45,0.95,378.95,0.45,542500,-220000,323,287125000.0,199,F1,2500,,,,,
2026-02-18,2026-02-18,FO,NSE,STO,79236,,BIOCON,,2026-02-24,2026-02-24,395.0,PE,BIOCON26FEB395PE,16.0,19.65,16.0,16.75,16.75,17.75,378.95,16.75,207500,7500,14,14450125.0,14,F1,2500,,,,,
2026-02-18,2026-02-18,FO,NSE,STO,79286,,BIOCON,,2026-03-30,2026-03-30,320.0,PE,BIOCON26MAR320PE,1.05,1.05,1.05,1.05,1.05,1.3,378.95,0.55,7500,2500,1,802625.0,1,F1,2500,,,,,
2026-02-18,2026-02-18,FO,NSE,STO,79399,,BIOCON,,2026-03-30,2026-03-30,390.0,PE,BIOCON26MAR390PE,19.2,20.85,18.4,19.2,19.2,20.0,378.95,19.95,65000,10000,7,7167750.0,7,F1,2500,,,,,
2026-02-18,2026-02-18,FO,NSE,STO,80553,,BIOCON,,2026-02-24,2026-02-24,380.0,CE,BIOCON26FEB380CE,6.25,7.95,4.1,5.15,5.15,6.85,378.95,5.15,3960000,-355000,3459,3331508875.0,3103,F1,2500,,,,,
2026-02-18,2026-02-18,FO,NSE,STO,79227,,BIOCON,,2026-02-24,2026-02-24,355.0,CE,BIOCON26FEB355CE,22.45,23.6,22.2,22.8,22.8,25.3,378.95,24.5,65000,12500,28,26456625.0,27,F1,2500,,,,,
2026-02-18,2026-02-18,FO,NSE,STO,92306,,BIOCON,,2026-04-28,2026-04-28,370.0,CE,BIOCON26APR370CE,0.0,0.0,0.0,27.3,0.0,27.3,378.95,26.45,0,0,0,0.0,0,F1,2500,,,,,
2026-02-18,2026-02-18,FO,NSE,STO,91958,,BIOCON,,2026-03-30,2026-03-30,405.0,PE,BIOCON26MAR405PE,0.0,0.0,0.0,28.75,28.75,28.75,378.95,30.1,2500,0,0,0.0,0,F1,2500,,,,,
2026-02-18,2026-02-18,FO,NSE,STO,91910,,BIOCON,,2026-03-30,2026-03-30,375.0,PE,BIOCON26MAR375PE,10.65,12.5,10.5,10.9,10.9,11.7,378.95,10.9,52500,10000,7,6757875.0,6,F1,2500,,,,,
2026-02-18,2026-02-18,FO,NSE,STO,79393,,BIOCON,,2026-03-30,2026-03-30,370.0,PE,BIOCON26MAR370PE,9.6,9.9,9.0,9.15,9.15,10.0,378.95,9.9,152500,7500,12,11378625.0,12,F1,2500,,,,,
2026-02-18,2026-02-18,FO,NSE,STO,91906,,BIOCON,,2026-03-30,2026-03-30,355.0,PE,BIOCON26MAR355PE,5.55,5.6,4.7,4.75,4.75,5.55,378.95,4.75,65000,40000,37,33303875.0,30,F1,2500,,,,,
2026-02-18,2026-02-18,FO,NSE,STO,80585,,BIOCON,,2026-02-24,2026-02-24,430.0,PE,BIOCON26FEB430PE,52.4,52.4,50.95,50.95,50.95,50.75,378.95,50.65,27500,-7500,6,7230625.0,6,F1,2500,,,,,
2026-02-18,2026-02-18,FO,NSE,STO,80581,,BIOCON,,2026-02-24,2026-02-24,410.0,PE,BIOCON26FEB410PE,0.0,0.0,0.0,31.0,31.0,31.0,378.95,30.8,82500,0,0,0.0,0,F1,2500,,,,,
2026-02-18,2026-02-18,FO,NSE,STO,80452,,BIOCON,,2026-02-24,2026-02-24,350.0,PE,BIOCON26FEB350PE,0.5,0.55,0.35,0.35,0.35,0.7,378.95,0.35,885000,-280000,411,360105125.0,201,F1,2500,,,,,
2026-02-18,2026-02-18,FO,NSE,STO,79412,,BIOCON,,2026-03-30,2026-03-30,440.0,CE,BIOCON26MAR440CE,2.05,2.15,1.7,1.8,1.75,2.0,378.95,1.8,340000,120000,109,120403750.0,72,F1,2500,,,,,
2026-02-18,2026-02-18,FO,NSE,STO,79410,,BIOCON,,2026-03-30,2026-03-30,430.0,CE,BIOCON26MAR430CE,3.05,3.05,2.3,2.5,2.5,2.7,378.95,2.5,90000,12500,41,44335875.0,36,F1,2500,,,,,
2026-02-18,2026-02-18,FO,NSE,STO,79402,,BIOCON,,2026-03-30,2026-03-30,410.0,CE,BIOCON26MAR410CE,6.4,6.4,5.0,5.35,5.35,5.95,378.95,5.35,285000,67500,55,57112500.0,46,F1,2500,,,,,
2026-02-18,2026-02-18,FO,NSE,STO,79394,,BIOCON,,2026-03-30,2026-03-30,380.0,CE,BIOCON26MAR380CE,16.0,17.6,14.45,15.5,15.75,16.15,378.95,15.5,242500,90000,74,73199125.0,66,F1,2500,,,,,
2026-02-18,2026-02-18,FO,NSE,STO,79392,,BIOCON,,2026-03-30,2026-03-30,370.0,CE,BIOCON26MAR370CE,22.05,22.05,20.1,21.2,21.2,22.0,378.95,21.2,67500,-7500,11,10754375.0,10,F1,2500,,,,,
2026-02-18,2026-02-18,FO,NSE,STO,79287,,BIOCON,,2026-03-30,2026-03-30,330.0,CE,BIOCON26MAR330CE,0.0,0.0,0.0,53.2,53.2,53.2,378.95,52.1,2500,0,0,0.0,0,F1,2500,,,,,
2026-02-18,2026-02-18,FO,NSE,STO,80588,,BIOCON,,2026-02-24,2026-02-24,450.0,CE,BIOCON26FEB450CE,0.1,0.1,0.05,0.05,0.05,0.1,378.95,0.05,512500,37500,28,31504000.0,18,F1,2500,,,,,
2026-02-18,2026-02-18,FO,NSE,STO,79229,,BIOCON,,2026-02-24,2026-02-24,365.0,CE,BIOCON26FEB365CE,18.0,18.3,13.0,15.55,15.55,15.95,378.95,15.55,545000,-25000,132,125275000.0,127,F1,2500,,,,,
2026-02-18,2026-02-18,FO,NSE,STO,92265,,BIOCON,,2026-04-28,2026-04-28,340.0,CE,BIOCON26APR340CE,0.0,0.0,0.0,43.8,0.0,43.8,378.95,47.05,0,0,0,0.0,0,F1,2500,,,,,
2026-02-18,2026-02-18,FO,NSE,STO,80457,,BIOCON,,2026-02-24,2026-02-24,360.0,CE,BIOCON26FEB360CE,20.05,23.0,17.5,20.0,19.9,20.3,378.95,20.0,455000,-32500,75,71151000.0,75,F1,2500,,,,,
2026-02-18,2026-02-18,FO,NSE,STO,91904,,BIOCON,,2026-03-30,2026-03-30,345.0,PE,BIOCON26MAR345PE,3.15,3.7,3.1,3.2,3.2,3.5,378.95,3.2,185000,97500,41,35702375.0,36,F1,2500,,,,,
2026-02-18,2026-02-18,FO,NSE,STO,92262,,BIOCON,,2026-04-28,2026-04-28,320.0,PE,BIOCON26APR320PE,0.0,0.0,0.0,7.55,0.0,7.55,378.95,1.75,0,0,0,0.0,0,F1,2500,,,,,
2026-02-18,2026-02-18,FO,NSE,STF,59268,,BIOCON,,2026-02-24,2026-02-24,,,BIOCON26FEBFUT,379.5,382.7,376.0,379.5,379.75,379.2,378.95,379.5,40367500,-3377500,3046,2881181375.0,2438,F1,2500,,,,,
2026-02-18,2026-02-18,FO,NSE,STF,51828,,BIOCON,,2026-03-30,2026-03-30,,,BIOCON26MARFUT,382.8,385.0,378.55,381.9,382.35,381.65,378.95,381.9,6480000,2905000,1674,1593411625.0,1272,F1,2500,,,,,
2026-02-18,2026-02-18,FO,NSE,STO,80427,,BIOCON,,2026-02-24,2026-02-24,310.0,CE,BIOCON26FEB310CE,0.0,0.0,0.0,90.9,0.0,90.9,378.95,69.25,0,0,0,0.0,0,F1,2500,,,,,
2026-02-18,2026-02-18,FO,NSE,STO,91903,,BIOCON,,2026-03-30,2026-03-30,345.0,CE,BIOCON26MAR345CE,0.0,0.0,0.0,35.5,0.0,35.5,378.95,39.0,0,0,0,0.0,0,F1,2500,,,,,
2026-02-18,2026-02-18,FO,NSE,STO,79324,,BIOCON,,2026-03-30,2026-03-30,350.0,CE,BIOCON26MAR350CE,0.0,0.0,0.0,35.95,35.95,35.95,378.95,34.95,37500,0,0,0.0,0,F1,2500,,,,,
2026-02-18,2026-02-18,FO,NSE,STO,92257,,BIOCON,,2026-04-28,2026-04-28,300.0,CE,BIOCON26APR300CE,0.0,0.0,0.0,73.65,0.0,73.65,378.95,82.6,0,0,0,0.0,0,F1,2500,,,,,
2026-02-18,2026-02-18,FO,NSE,STO,80583,,BIOCON,,2026-02-24,2026-02-24,420.0,PE,BIOCON26FEB420PE,42.0,43.1,40.0,40.0,40.0,40.25,378.95,40.7,120000,-20000,9,10390375.0,8,F1,2500,,,,,
2026-02-18,2026-02-18,FO,NSE,STO,79284,,BIOCON,,2026-03-30,2026-03-30,310.0,PE,BIOCON26MAR310PE,0.0,0.0,0.0,2.95,0.0,2.95,378.95,0.25,0,0,0,0.0,0,F1,2500,,,,,
2026-02-18,2026-02-18,FO,NSE,STO,79288,,BIOCON,,2026-03-30,2026-03-30,330.0,PE,BIOCON26MAR330PE,1.75,1.95,1.65,1.65,1.65,1.85,378.95,1.65,120000,42500,46,38159875.0,39,F1,2500,,,,,
2026-02-18,2026-02-18,FO,NSE,STO,91902,,BIOCON,,2026-03-30,2026-03-30,335.0,PE,BIOCON26MAR335PE,0.0,0.0,0.0,8.45,0.0,8.45,378.95,1.6,0,0,0,0.0,0,F1,2500,,,,,
2026-02-18,2026-02-18,FO,NSE,STO,91905,,BIOCON,,2026-03-30,2026-03-30,355.0,CE,BIOCON26MAR355CE,0.0,0.0,0.0,29.5,0.0,29.5,378.95,31.15,0,0,0,0.0,0,F1,2500,,,,,
2026-02-18,2026-02-18,FO,NSE,STO,79237,,BIOCON,,2026-02-24,2026-02-24,405.0,CE,BIOCON26FEB405CE,1.05,1.25,0.45,0.55,0.6,1.2,378.95,0.55,610000,-247500,400,405600250.0,302,F1,2500,,,,,
2026-02-18,2026-02-18,FO,NSE,STO,92310,,BIOCON,,2026-04-28,2026-04-28,380.0,PE,BIOCON26APR380PE,0.0,0.0,0.0,31.9,0.0,31.9,378.95,18.25,0,0,0,0.0,0,F1,2500,,,,,
2026-02-18,2026-02-18,FO,NSE,STO,92296,,BIOCON,,2026-04-28,2026-04-28,360.0,PE,BIOCON26APR360PE,0.0,0.0,0.0,9.0,9.0,9.0,378.95,9.9,2500,0,0,0.0,0,F1,2500,,,,,
2026-02-18,2026-02-18,FO,NSE,STO,92264,,BIOCON,,2026-04-28,2026-04-28,330.0,PE,BIOCON26APR330PE,0.0,0.0,0.0,10.2,0.0,10.2,378.95,2.95,0,0,0,0.0,0,F1,2500,,,,,
2026-02-18,2026-02-18,FO,NSE,STO,92258,,BIOCON,,2026-04-28,2026-04-28,300.0,PE,BIOCON26APR300PE,0.0,0.0,0.0,3.8,0.0,3.8,378.95,0.55,0,0,0,0.0,0,F1,2500,,,,,
2026-02-18,2026-02-18,FO,NSE,STO,79411,,BIOCON,,2026-03-30,2026-03-30,430.0,PE,BIOCON26MAR430PE,50.0,51.0,50.0,50.2,50.2,50.35,378.95,50.65,72500,20000,8,9611875.0,8,F1,2500,,,,,
2026-02-18,2026-02-18,FO,NSE,STO,80589,,BIOCON,,2026-02-24,2026-02-24,450.0,PE,BIOCON26FEB450PE,0.0,0.0,0.0,70.1,70.1,70.1,378.95,70.65,165000,0,0,0.0,0,F1,2500,,,,,
2026-02-18,2026-02-18,FO,NSE,STO,80570,,BIOCON,,2026-02-24,2026-02-24,380.0,PE,BIOCON26FEB380PE,6.85,8.0,5.2,5.65,5.7,7.45,378.95,5.65,1647500,-237500,705,681448500.0,611,F1,2500,,,,,
2026-02-18,2026-02-18,FO,NSE,STO,79234,,BIOCON,,2026-02-24,2026-02-24,385.0,PE,BIOCON26FEB385PE,8.6,11.4,8.0,8.95,8.95,10.5,378.95,8.95,550000,-27500,187,184642250.0,181,F1,2500,,,,,
2026-02-18,2026-02-18,FO,NSE,STO,79323,,BIOCON,,2026-03-30,2026-03-30,340.0,PE,BIOCON26MAR340PE,2.5,2.5,2.5,2.5,2.5,2.5,378.95,2.2,7500,2500,1,856250.0,1,F1,2500,,,,,
2026-02-18,2026-02-18,FO,NSE,STO,79390,,BIOCON,,2026-03-30,2026-03-30,360.0,CE,BIOCON26MAR360CE,0.0,0.0,0.0,31.9,31.9,31.9,378.95,27.55,5000,0,0,0.0,0,F1,2500,,,,,
2026-02-18,2026-02-18,FO,NSE,STO,91935,,BIOCON,,2026-03-30,2026-03-30,395.0,CE,BIOCON26MAR395CE,0.0,0.0,0.0,11.5,11.5,11.5,378.95,9.45,35000,0,0,0.0,0,F1,2500,,,,,
2026-02-18,2026-02-18,FO,NSE,STO,91908,,BIOCON,,2026-03-30,2026-03-30,365.0,PE,BIOCON26MAR365PE,8.4,8.55,7.95,7.95,7.95,8.1,378.95,8.05,32500,20000,9,8401000.0,8,F1,2500,,,,,
2026-02-18,2026-02-18,FO,NSE,STO,79389,,BIOCON,,2026-03-30,2026-03-30,350.0,PE,BIOCON26MAR350PE,4.95,4.95,3.8,3.85,3.85,4.7,378.95,3.85,235000,72500,49,43385375.0,43,F1,2500,,,,,
2026-02-18,2026-02-18,FO,NSE,STO,91900,,BIOCON,,2026-03-30,2026-03-30,325.0,PE,BIOCON26MAR325PE,1.5,1.5,1.5,1.5,1.5,5.95,378.95,0.8,2500,2500,1,816250.0,1,F1,2500,,,,,
2026-02-18,2026-02-18,FO,NSE,STO,79230,,BIOCON,,2026-02-24,2026-02-24,365.0,PE,BIOCON26FEB365PE,1.4,1.9,1.0,1.1,1.1,2.05,378.95,1.1,1097500,-82500,408,373790500.0,294,F1,2500,,,,,
2026-02-18,2026-02-18,FO,NSE,STO,80450,,BIOCON,,2026-02-24,2026-02-24,340.0,PE,BIOCON26FEB340PE,0.4,0.45,0.25,0.25,0.25,0.45,378.95,0.25,830000,-22500,111,94438000.0,74,F1,2500,,,,,
2026-02-18,2026-02-18,FO,NSE,STO,79224,,BIOCON,,2026-02-24,2026-02-24,335.0,PE,BIOCON26FEB335PE,0.3,0.3,0.3,0.3,0.3,0.4,378.95,0.3,275000,-15000,6,5029500.0,1,F1,2500,,,,,
2026-02-18,2026-02-18,FO,NSE,STO,80428,,BIOCON,,2026-02-24,2026-02-24,310.0,PE,BIOCON26FEB310PE,0.15,0.15,0.05,0.1,0.05,0.2,378.95,0.1,410000,-50000,64,49616375.0,26,F1,2500,,,,,
2026-02-18,2026-02-18,FO,NSE,STO,92267,,BIOCON,,2026-04-28,2026-04-28,350.0,CE,BIOCON26APR350CE,0.0,0.0,0.0,37.7,0.0,37.7,378.95,39.5,0,0,0,0.0,0,F1,2500,,,,,
2026-02-18,2026-02-18,FO,NSE,STO,79400,,BIOCON,,2026-03-30,2026-03-30,400.0,CE,BIOCON26MAR400CE,8.8,9.15,7.25,7.9,8.0,8.3,378.95,7.9,657500,117500,158,161162625.0,133,F1,2500,,,,,
2026-02-18,2026-02-18,FO,NSE,STO,91957,,BIOCON,,2026-03-30,2026-03-30,405.0,CE,BIOCON26MAR405CE,6.0,6.0,6.0,6.0,6.0,9.0,378.95,6.5,37500,7500,3,3082500.0,3,F1,2500,,,,,
2026-02-18,2026-02-18,FO,NSE,STO,91901,,BIOCON,,2026-03-30,2026-03-30,335.0,CE,BIOCON26MAR335CE,0.0,0.0,0.0,42.2,0.0,42.2,378.95,47.6,0,0,0,0.0,0,F1,2500,,,,,
2026-02-18,2026-02-18,FO,NSE,STO,79243,,BIOCON,,2026-02-24,2026-02-24,415.0,CE,BIOCON26FEB415CE,0.55,0.6,0.25,0.25,0.25,0.55,378.95,0.05,145000,-70000,95,98654875.0,81,F1,2500,,,,,
2026-02-18,2026-02-18,FO,NSE,STO,79235,,BIOCON,,2026-02-24,2026-02-24,395.0,CE,BIOCON26FEB395CE,2.25,2.65,1.05,1.3,1.25,2.35,378.95,1.3,1087500,-112500,620,614468375.0,399,F1,2500,,,,,
2026-02-18,2026-02-18,FO,NSE,STO,80520,,BIOCON,,2026-02-24,2026-02-24,370.0,CE,BIOCON26FEB370CE,12.0,14.55,9.2,11.2,11.35,12.25,378.95,11.2,1987500,-147500,416,396479625.0,376,F1,2500,,,,,
2026-02-18,2026-02-18,FO,NSE,STO,80435,,BIOCON,,2026-02-24,2026-02-24,330.0,CE,BIOCON26FEB330CE,0.0,0.0,0.0,46.3,46.3,46.3,378.95,49.25,135000,0,0,0.0,0,F1,2500,,,,,
2026-02-18,2026-02-18,FO,NSE,STO,79244,,BIOCON,,2026-02-24,2026-02-24,415.0,PE,BIOCON26FEB415PE,0.0,0.0,0.0,35.5,0.0,35.5,378.95,35.75,0,0,0,0.0,0,F1,2500,,,,,
2026-02-18,2026-02-18,FO,NSE,STO,80436,,BIOCON,,2026-02-24,2026-02-24,330.0,PE,BIOCON26FEB330PE,0.3,0.3,0.2,0.2,0.2,0.35,378.95,0.05,377500,-30000,23,18987625.0,22,F1,2500,,,,,
2026-02-18,2026-02-18,FO,NSE,STO,79231,,BIOCON,,2026-02-24,2026-02-24,375.0,CE,BIOCON26FEB375CE,9.2,10.95,6.35,7.75,7.85,9.2,378.95,7.75,987500,-30000,606,579736875.0,580,F1,2500,,,,,
2026-02-18,2026-02-18,FO,NSE,STO,92427,,BIOCON,,2026-04-28,2026-04-28,420.0,CE,BIOCON26APR420CE,0.0,0.0,0.0,10.75,0.0,10.75,378.95,7.3,0,0,0,0.0,0,F1,2500,,,,,
2026-02-18,2026-02-18,FO,NSE,STO,80578,,BIOCON,,2026-02-24,2026-02-24,400.0,CE,BIOCON26FEB400CE,1.55,1.8,0.65,0.8,0.85,1.65,378.95,0.8,4537500,-735000,1891,1895814875.0,1050,F1,2500,,,,,
2026-02-18,2026-02-18,FO,NSE,STO,80451,,BIOCON,,2026-02-24,2026-02-24,350.0,CE,BIOCON26FEB350CE,27.8,29.85,27.0,29.8,29.8,30.05,378.95,29.8,695000,15000,35,33074875.0,30,F1,2500,,,,,
2026-02-18,2026-02-18,FO,NSE,STO,92426,,BIOCON,,2026-04-28,2026-04-28,410.0,PE,BIOCON26APR410PE,0.0,0.0,0.0,51.6,0.0,51.6,378.95,36.6,0,0,0,0.0,0,F1,2500,,,,,
2026-02-18,2026-02-18,FO,NSE,STO,79415,,BIOCON,,2026-03-30,2026-03-30,440.0,PE,BIOCON26MAR440PE,0.0,0.0,0.0,57.0,0.0,57.0,378.95,59.75,0,0,0,0.0,0,F1,2500,,,,,
2026-02-18,2026-02-18,FO,NSE,STO,91909,,BIOCON,,2026-03-30,2026-03-30,375.0,CE,BIOCON26MAR375CE,19.6,19.6,17.15,18.05,18.05,19.25,378.95,18.05,40000,-2500,15,14729875.0,14,F1,2500,,,,,
2026-02-18,2026-02-18,FO,NSE,STO,80574,,BIOCON,,2026-02-24,2026-02-24,390.0,CE,BIOCON26FEB390CE,3.2,4.0,1.75,2.15,2.1,3.45,378.95,2.15,5062500,-420000,3061,3003172000.0,2285,F1,2500,,,,,
2026-02-18,2026-02-18,FO,NSE,STO,92263,,BIOCON,,2026-04-28,2026-04-28,330.0,CE,BIOCON26APR330CE,0.0,0.0,0.0,50.5,0.0,50.5,378.95,55.3,0,0,0,0.0,0,F1,2500,,,,,
2026-02-18,2026-02-18,FO,NSE,STO,86608,,COALINDIA,,2026-03-30,2026-03-30,435.0,PE,COALINDIA26MAR435PE,0.0,0.0,0.0,40.45,0.0,40.45,418.0,22.4,0,0,0,0.0,0,F1,1350,,,,,
2026-02-18,2026-02-18,FO,NSE,STO,98727,,COALINDIA,,2026-03-30,2026-03-30,387.5,PE,COALINDIA26MAR387.5PE,2.45,2.45,2.25,2.25,2.25,2.7,418.0,2.25,16200,5400,8,4210110.0,6,F1,1350,,,,,
2026-02-18,2026-02-18,FO,NSE,STO,86335,,COALINDIA,,2026-02-24,2026-02-24,505.0,PE,COALINDIA26FEB505PE,90.0,90.0,89.5,89.5,89.5,63.5,418.0,86.55,4050,0,3,2408400.0,2,F1,1350,,,,,
2026-02-18,2026-02-18,FO,NSE,STO,85763,,COALINDIA,,2026-02-24,2026-02-24,470.0,PE,COALINDIA26FEB470PE,56.6,56.6,52.4,52.45,52.5,54.0,418.0,52.45,116100,-20250,17,12049560.0,11,F1,1350,,,,,
2026-02-18,2026-02-18,FO,NSE,STO,86299,,COALINDIA,,2026-02-24,2026-02-24,462.5,PE,COALINDIA26FEB462.5PE,0.0,0.0,0.0,33.95,33.95,33.95,418.0,44.1,48600,0,0,0.0,0,F1,1350,,,,,
2026-02-18,2026-02-18,FO,NSE,STO,85694,,COALINDIA,,2026-02-24,2026-02-24,445.0,PE,COALINDIA26FEB445PE,30.6,31.65,30.6,31.65,31.65,28.65,418.0,26.75,329400,-4050,5,3213945.0,5,F1,1350,,,,,
2026-02-18,2026-02-18,FO,NSE,STO,85688,,COALINDIA,,2026-02-24,2026-02-24,435.0,PE,COALINDIA26FEB435PE,21.1,21.8,18.2,18.25,18.35,19.6,418.0,18.25,580500,-9450,40,24579382.5,36,F1,1350,,,,,
2026-02-18,2026-02-18,FO,NSE,STO,86247,,COALINDIA,,2026-02-24,2026-02-24,402.5,PE,COALINDIA26FEB402.5PE,1.25,1.5,0.65,0.65,0.65,1.15,418.0,0.65,306450,37800,419,228206160.0,262,F1,1350,,,,,
2026-02-18,2026-02-18,FO,NSE,STO,85622,,COALINDIA,,2026-02-24,2026-02-24,375.0,PE,COALINDIA26FEB375PE,0.05,0.05,0.05,0.05,0.05,0.05,418.0,0.05,622350,-28350,24,12151620.0,13,F1,1350,,,,,
2026-02-18,2026-02-18,FO,NSE,STO,99352,,COALINDIA,,2026-04-28,2026-04-28,470.0,CE,COALINDIA26APR470CE,0.0,0.0,0.0,9.85,0.0,9.85,418.0,4.15,0,0,0,0.0,0,F1,1350,,,,,
2026-02-18,2026-02-18,FO,NSE,STO,40094,,COALINDIA,,2026-02-24,2026-02-24,352.5,CE,COALINDIA26FEB352.5CE,0.0,0.0,0.0,89.65,0.0,89.65,418.0,65.8,0,0,0,0.0,0,F1,1350,,,,,
2026-02-18,2026-02-18,FO,NSE,STO,85496,,COALINDIA,,2026-02-24,2026-02-24,340.0,CE,COALINDIA26FEB340CE,0.0,0.0,0.0,86.0,86.0,86.0,418.0,78.3,13500,0,0,0.0,0,F1,1350,,,,,
2026-02-18,2026-02-18,FO,NSE,STO,99149,,COALINDIA,,2026-04-28,2026-04-28,415.0,CE,COALINDIA26APR415CE,0.0,0.0,0.0,31.15,0.0,31.15,418.0,21.9,0,0,0,0.0,0,F1,1350,,,,,
2026-02-18,2026-02-18,FO,NSE,STO,99145,,COALINDIA,,2026-04-28,2026-04-28,405.0,CE,COALINDIA26APR405CE,0.0,0.0,0.0,37.05,0.0,37.05,418.0,27.7,0,0,0,0.0,0,F1,1350,,,,,
2026-02-18,2026-02-18,FO,NSE,STO,99141,,COALINDIA,,2026-04-28,2026-04-28,400.0,CE,COALINDIA26APR400CE,0.0,0.0,0.0,40.3,0.0,40.3,418.0,30.9,0,0,0,0.0,0,F1,1350,,,,,
2026-02-18,2026-02-18,FO,NSE,STO,99133,,COALINDIA,,2026-04-28,2026-04-28,380.0,CE,COALINDIA26APR380CE,0.0,0.0,0.0,54.65,0.0,54.65,418.0,45.75,0,0,0,0.0,0,F1,1350,,,,,
2026-02-18,2026-02-18,FO,NSE,STO,99131,,COALINDIA,,2026-04-28,2026-04-28,375.0,CE,COALINDIA26APR375CE,0.0,0.0,0.0,58.6,0.0,58.6,418.0,49.85,0,0,0,0.0,0,F1,1350,,,,,
2026-02-18,2026-02-18,FO,NSE,STO,98898,,COALINDIA,,2026-03-30,2026-03-30,477.5,CE,COALINDIA26MAR477.5CE,0.0,0.0,0.0,4.7,0.0,4.7,418.0,1.0,0,0,0,0.0,0,F1,1350,,,,,
2026-02-18,2026-02-18,FO,NSE,STO,86601,,COALINDIA,,2026-03-30,2026-03-30,420.0,CE,COALINDIA26MAR420CE,10.2,12.25,10.0,11.9,11.9,11.7,418.0,11.9,604800,167400,400,232804462.5,295,F1,1350,,,,,
2026-02-18,2026-02-18,FO,NSE,STO,98738,,COALINDIA,,2026-03-30,2026-03-30,402.5,CE,COALINDIA26MAR402.5CE,0.0,0.0,0.0,33.8,0.0,33.8,418.0,24.35,0,0,0,0.0,0,F1,1350,,,,,
2026-02-18,2026-02-18,FO,NSE,STO,86251,,COALINDIA,,2026-02-24,2026-02-24,407.5,PE,COALINDIA26FEB407.5PE,2.15,2.85,1.15,1.25,1.35,2.05,418.0,1.25,419850,6750,674,372463582.5,459,F1,1350,,,,,
2026-02-18,2026-02-18,FO,NSE,STO,86086,,COALINDIA,,2026-02-24,2026-02-24,357.5,PE,COALINDIA26FEB357.5PE,0.0,0.0,0.0,2.65,0.0,2.65,418.0,0.05,0,0,0,0.0,0,F1,1350,,,,,
2026-02-18,2026-02-18,FO,NSE,STO,85493,,COALINDIA,,2026-02-24,2026-02-24,330.0,PE,COALINDIA26FEB330PE,0.05,0.05,0.05,0.05,0.05,0.1,418.0,0.05,44550,-4050,10,4455675.0,7,F1,1350,,,,,
2026-02-18,2026-02-18,FO,NSE,STO,86636,,COALINDIA,,2026-03-30,2026-03-30,480.0,CE,COALINDIA26MAR480CE,1.05,1.05,1.0,1.05,1.05,1.25,418.0,1.05,90450,1350,25,16235235.0,12,F1,1350,,,,,
2026-02-18,2026-02-18,FO,NSE,STO,86621,,COALINDIA,,2026-03-30,2026-03-30,465.0,CE,COALINDIA26MAR465CE,1.55,1.7,1.55,1.7,1.7,2.25,418.0,2.0,5400,-1350,8,5039685.0,6,F1,1350,,,,,
2026-02-18,2026-02-18,FO,NSE,STO,86618,,COALINDIA,,2026-03-30,2026-03-30,460.0,CE,COALINDIA26MAR460CE,2.35,2.35,1.95,2.15,2.15,2.3,418.0,2.15,367200,29700,100,62378032.5,87,F1,1350,,,,,
2026-02-18,2026-02-18,FO,NSE,STO,86616,,COALINDIA,,2026-03-30,2026-03-30,455.0,CE,COALINDIA26MAR455CE,2.7,2.7,2.3,2.6,2.6,3.05,418.0,2.6,105300,-1350,16,9881392.5,14,F1,1350,,,,,
2026-02-18,2026-02-18,FO,NSE,STO,99429,,COALINDIA,,2026-04-28,2026-04-28,510.0,PE,COALINDIA26APR510PE,0.0,0.0,0.0,82.8,0.0,82.8,418.0,87.55,0,0,0,0.0,0,F1,1350,,,,,
2026-02-18,2026-02-18,FO,NSE,STO,86615,,COALINDIA,,2026-03-30,2026-03-30,450.0,PE,COALINDIA26MAR450PE,35.25,36.0,32.5,32.5,32.5,33.7,418.0,32.5,72900,4050,8,5226187.5,7,F1,1350,,,,,
2026-02-18,2026-02-18,FO,NSE,STO,86602,,COALINDIA,,2026-03-30,2026-03-30,420.0,PE,COALINDIA26MAR420PE,14.05,14.05,11.15,11.35,11.4,12.8,418.0,11.35,247050,48600,105,61330905.0,94,F1,1350,,,,,
2026-02-18,2026-02-18,FO,NSE,STO,86588,,COALINDIA,,2026-03-30,2026-03-30,385.0,PE,COALINDIA26MAR385PE,2.5,2.65,1.95,1.95,2.0,2.4,418.0,1.95,191700,-21600,53,27711787.5,43,F1,1350,,,,,
2026-02-18,2026-02-18,FO,NSE,STO,86339,,COALINDIA,,2026-02-24,2026-02-24,515.0,PE,COALINDIA26FEB515PE,0.0,0.0,0.0,112.4,0.0,112.4,418.0,96.55,0,0,0,0.0,0,F1,1350,,,,,
2026-02-18,2026-02-18,FO,NSE,STO,85778,,COALINDIA,,2026-02-24,2026-02-24,490.0,PE,COALINDIA26FEB490PE,75.5,75.8,72.3,72.3,72.3,73.0,418.0,72.3,43200,-16200,12,9141660.0,7,F1,1350,,,,,
2026-02-18,2026-02-18,FO,NSE,STO,86303,,COALINDIA,,2026-02-24,2026-02-24,472.5,PE,COALINDIA26FEB472.5PE,0.0,0.0,0.0,34.85,34.85,34.85,418.0,54.05,18900,0,0,0.0,0,F1,1350,,,,,
2026-02-18,2026-02-18,FO,NSE,STO,86232,,COALINDIA,,2026-02-24,2026-02-24,392.5,CE,COALINDIA26FEB392.5CE,0.0,0.0,0.0,25.8,25.8,25.8,418.0,25.95,9450,0,0,0.0,0,F1,1350,,,,,
2026-02-18,2026-02-18,FO,NSE,STO,86264,,COALINDIA,,2026-02-24,2026-02-24,427.5,CE,COALINDIA26FEB427.5CE,1.95,1.95,1.1,1.6,1.55,1.95,418.0,1.6,417150,-37800,691,400056367.5,466,F1,1350,,,,,
2026-02-18,2026-02-18,FO,NSE,STO,42209,,COALINDIA,,2026-02-24,2026-02-24,475.0,CE,COALINDIA26FEB475CE,0.15,0.15,0.1,0.15,0.1,0.15,418.0,0.15,143100,-10800,29,18601312.5,12,F1,1350,,,,,
2026-02-18,2026-02-18,FO,NSE,STO,86304,,COALINDIA,,2026-02-24,2026-02-24,477.5,CE,COALINDIA26FEB477.5CE,0.0,0.0,0.0,0.3,0.3,0.3,418.0,0.05,95850,0,0,0.0,0,F1,1350,,,,,
2026-02-18,2026-02-18,FO,NSE,STO,86573,,COALINDIA,,2026-03-30,2026-03-30,355.0,CE,COALINDIA26MAR355CE,0.0,0.0,0.0,52.35,52.1,52.35,418.0,65.35,32400,0,0,0.0,0,F1,1350,,,,,
2026-02-18,2026-02-18,FO,NSE,STO,86609,,COALINDIA,,2026-03-30,2026-03-30,440.0,CE,COALINDIA26MAR440CE,5.25,5.25,4.35,5.05,4.95,5.2,418.0,5.05,504900,39150,211,126658485.0,168,F1,1350,,,,,
2026-02-18,2026-02-18,FO,NSE,STO,98830,,COALINDIA,,2026-03-30,2026-03-30,442.5,CE,COALINDIA26MAR442.5CE,4.1,4.6,4.1,4.6,4.55,4.4,418.0,4.6,35100,1350,3,1810012.5,3,F1,1350,,,,,
2026-02-18,2026-02-18,FO,NSE,STO,98834,,COALINDIA,,2026-03-30,2026-03-30,452.5,CE,COALINDIA26MAR452.5CE,2.75,2.75,2.75,2.75,2.75,10.1,418.0,3.7,1350,1350,1,614587.5,1,F1,1350,,,,,
2026-02-18,2026-02-18,FO,NSE,STO,85741,,COALINDIA,,2026-02-24,2026-02-24,455.0,PE,COALINDIA26FEB455PE,41.35,41.4,37.35,37.35,37.35,37.6,418.0,37.35,52650,-31050,25,16732305.0,25,F1,1350,,,,,
2026-02-18,2026-02-18,FO,NSE,STO,98737,,COALINDIA,,2026-03-30,2026-03-30,397.5,PE,COALINDIA26MAR397.5PE,4.85,4.85,3.9,3.9,3.9,4.3,418.0,5.0,28350,4050,11,5970307.5,8,F1,1350,,,,,
2026-02-18,2026-02-18,FO,NSE,STO,98723,,COALINDIA,,2026-03-30,2026-03-30,377.5,PE,COALINDIA26MAR377.5PE,0.0,0.0,0.0,1.4,1.4,1.4,418.0,1.5,35100,0,0,0.0,0,F1,1350,,,,,
2026-02-18,2026-02-18,FO,NSE,STO,86582,,COALINDIA,,2026-03-30,2026-03-30,370.0,PE,COALINDIA26MAR370PE,1.0,1.25,0.95,0.95,0.95,1.0,418.0,0.95,40500,13500,16,8016367.5,15,F1,1350,,,,,
2026-02-18,2026-02-18,FO,NSE,STO,86570,,COALINDIA,,2026-03-30,2026-03-30,350.0,PE,COALINDIA26MAR350PE,0.0,0.0,0.0,3.5,0.0,3.5,418.0,0.15,0,0,0,0.0,0,F1,1350,,,,,
2026-02-18,2026-02-18,FO,NSE,STO,85747,,COALINDIA,,2026-02-24,2026-02-24,460.0,PE,COALINDIA26FEB460PE,0.0,0.0,0.0,43.15,43.15,43.15,418.0,41.6,67500,0,0,0.0,0,F1,1350,,,,,
2026-02-18,2026-02-18,FO,NSE,STO,99123,,COALINDIA,,2026-04-28,2026-04-28,355.0,CE,COALINDIA26APR355CE,0.0,0.0,0.0,75.55,0.0,75.55,418.0,67.65,0,0,0,0.0,0,F1,1350,,,,,
2026-02-18,2026-02-18,FO,NSE,STO,98749,,COALINDIA,,2026-03-30,2026-03-30,412.5,CE,COALINDIA26MAR412.5CE,0.0,0.0,0.0,27.5,0.0,27.5,418.0,18.05,0,0,0,0.0,0,F1,1350,,,,,
2026-02-18,2026-02-18,FO,NSE,STO,98741,,COALINDIA,,2026-03-30,2026-03-30,407.5,CE,COALINDIA26MAR407.5CE,0.0,0.0,0.0,30.55,0.0,30.55,418.0,21.05,0,0,0,0.0,0,F1,1350,,,,,
2026-02-18,2026-02-18,FO,NSE,STO,98716,,COALINDIA,,2026-03-30,2026-03-30,362.5,CE,COALINDIA26MAR362.5CE,0.0,0.0,0.0,65.8,0.0,65.8,418.0,58.15,0,0,0,0.0,0,F1,1350,,,,,
2026-02-18,2026-02-18,FO,NSE,STO,85742,,COALINDIA,,2026-02-24,2026-02-24,460.0,CE,COALINDIA26FEB460CE,0.25,0.25,0.1,0.15,0.1,0.25,418.0,0.15,4835700,-68850,666,413725387.5,273,F1,1350,,,,,
2026-02-18,2026-02-18,FO,NSE,STO,85699,,COALINDIA,,2026-02-24,2026-02-24,455.0,CE,COALINDIA26FEB455CE,0.3,0.3,0.05,0.2,0.2,0.35,418.0,0.2,1129950,-75600,890,546883650.0,322,F1,1350,,,,,
2026-02-18,2026-02-18,FO,NSE,STO,86629,,COALINDIA,,2026-03-30,2026-03-30,470.0,PE,COALINDIA26MAR470PE,54.0,54.1,50.0,50.55,50.55,68.65,418.0,50.55,27000,27000,21,14810985.0,16,F1,1350,,,,,
2026-02-18,2026-02-18,FO,NSE,STO,99351,,COALINDIA,,2026-04-28,2026-04-28,465.0,PE,COALINDIA26APR465PE,0.0,0.0,0.0,46.0,0.0,46.0,418.0,47.15,0,0,0,0.0,0,F1,1350,,,,,
2026-02-18,2026-02-18,FO,NSE,STO,99419,,COALINDIA,,2026-04-28,2026-04-28,485.0,PE,COALINDIA26APR485PE,0.0,0.0,0.0,61.45,0.0,61.45,418.0,64.35,0,0,0,0.0,0,F1,1350,,,,,
2026-02-18,2026-02-18,FO,NSE,STO,85617,,COALINDIA,,2026-02-24,2026-02-24,365.0,CE,COALINDIA26FEB365CE,0.0,0.0,0.0,25.7,0.0,25.7,418.0,53.35,0,0,0,0.0,0,F1,1350,,,,,
2026-02-18,2026-02-18,FO,NSE,STO,86234,,COALINDIA,,2026-02-24,2026-02-24,397.5,CE,COALINDIA26FEB397.5CE,0.0,0.0,0.0,20.65,20.65,20.65,418.0,21.15,31050,0,0,0.0,0,F1,1350,,,,,
2026-02-18,2026-02-18,FO,NSE,STO,86280,,COALINDIA,,2026-02-24,2026-02-24,437.5,CE,COALINDIA26FEB437.5CE,0.65,0.65,0.45,0.6,0.55,0.85,418.0,0.6,434700,-14850,73,43170975.0,66,F1,1350,,,,,
2026-02-18,2026-02-18,FO,NSE,STO,86274,,COALINDIA,,2026-02-24,2026-02-24,427.5,PE,COALINDIA26FEB427.5PE,14.4,15.05,11.15,11.4,11.6,13.25,418.0,11.4,274050,-1350,20,11897550.0,20,F1,1350,,,,,
2026-02-18,2026-02-18,FO,NSE,STO,86259,,COALINDIA,,2026-02-24,2026-02-24,417.5,PE,COALINDIA26FEB417.5PE,6.0,7.85,4.15,4.45,4.55,5.9,418.0,4.45,418500,13500,558,318914550.0,538,F1,1350,,,,,
2026-02-18,2026-02-18,FO,NSE,STO,85648,,COALINDIA,,2026-02-24,2026-02-24,400.0,PE,COALINDIA26FEB400PE,0.85,1.15,0.4,0.45,0.5,0.85,418.0,0.45,2211300,-162000,2318,1253853270.0,864,F1,1350,,,,,
2026-02-18,2026-02-18,FO,NSE,STO,86233,,COALINDIA,,2026-02-24,2026-02-24,392.5,PE,COALINDIA26FEB392.5PE,0.3,0.35,0.2,0.2,0.2,0.45,418.0,0.2,162000,-35100,41,21738712.5,33,F1,1350,,,,,
2026-02-18,2026-02-18,FO,NSE,STO,86221,,COALINDIA,,2026-02-24,2026-02-24,372.5,PE,COALINDIA26FEB372.5PE,0.0,0.0,0.0,5.55,0.0,5.55,418.0,0.05,0,0,0,0.0,0,F1,1350,,,,,
2026-02-18,2026-02-18,FO,NSE,STO,98835,,COALINDIA,,2026-03-30,2026-03-30,452.5,PE,COALINDIA26MAR452.5PE,0.0,0.0,0.0,35.0,0.0,35.0,418.0,35.5,0,0,0,0.0,0,F1,1350,,,,,
2026-02-18,2026-02-18,FO,NSE,STO,98799,,COALINDIA,,2026-03-30,2026-03-30,427.5,PE,COALINDIA26MAR427.5PE,0.0,0.0,0.0,19.65,0.0,19.65,418.0,17.7,0,0,0,0.0,0,F1,1350,,,,,
2026-02-18,2026-02-18,FO,NSE,STO,98797,,COALINDIA,,2026-03-30,2026-03-30,422.5,PE,COALINDIA26MAR422.5PE,15.0,15.0,12.6,12.7,12.8,13.6,418.0,12.7,9450,4050,6,3532072.5,6,F1,1350,,,,,
2026-02-18,2026-02-18,FO,NSE,STO,86600,,COALINDIA,,2026-03-30,2026-03-30,415.0,PE,COALINDIA26MAR415PE,9.2,11.1,8.95,9.1,9.25,10.2,418.0,9.1,74250,16200,38,21807360.0,37,F1,1350,,,,,
2026-02-18,2026-02-18,FO,NSE,STO,99377,,COALINDIA,,2026-04-28,2026-04-28,475.0,CE,COALINDIA26APR475CE,0.0,0.0,0.0,8.7,0.0,8.7,418.0,3.45,0,0,0,0.0,0,F1,1350,,,,,
2026-02-18,2026-02-18,FO,NSE,STO,99147,,COALINDIA,,2026-04-28,2026-04-28,410.0,CE,COALINDIA26APR410CE,0.0,0.0,0.0,34.0,0.0,34.0,418.0,24.7,0,0,0,0.0,0,F1,1350,,,,,
2026-02-18,2026-02-18,FO,NSE,STO,99137,,COALINDIA,,2026-04-28,2026-04-28,390.0,CE,COALINDIA26APR390CE,0.0,0.0,0.0,47.2,0.0,47.2,418.0,37.95,0,0,0,0.0,0,F1,1350,,,,,
2026-02-18,2026-02-18,FO,NSE,STO,99135,,COALINDIA,,2026-04-28,2026-04-28,385.0,CE,COALINDIA26APR385CE,0.0,0.0,0.0,50.85,0.0,50.85,418.0,41.75,0,0,0,0.0,0,F1,1350,,,,,
2026-02-18,2026-02-18,FO,NSE,STO,86598,,COALINDIA,,2026-03-30,2026-03-30,410.0,PE,COALINDIA26MAR410PE,8.55,9.3,6.85,7.0,7.05,8.15,418.0,7.0,232200,63450,115,64895107.5,93,F1,1350,,,,,
2026-02-18,2026-02-18,FO,NSE,STO,85822,,COALINDIA,,2026-02-24,2026-02-24,500.0,CE,COALINDIA26FEB500CE,0.1,0.1,0.05,0.05,0.05,0.15,418.0,0.05,1298700,-9450,333,224812462.5,57,F1,1350,,,,,
2026-02-18,2026-02-18,FO,NSE,STO,86581,,COALINDIA,,2026-03-30,2026-03-30,370.0,CE,COALINDIA26MAR370CE,50.2,50.2,50.2,50.2,50.2,47.5,418.0,50.2,5400,1350,1,567270.0,1,F1,1350,,,,,
2026-02-18,2026-02-18,FO,NSE,STO,98720,,COALINDIA,,2026-03-30,2026-03-30,372.5,CE,COALINDIA26MAR372.5CE,0.0,0.0,0.0,57.0,0.0,57.0,418.0,48.8,0,0,0,0.0,0,F1,1350,,,,,
2026-02-18,2026-02-18,FO,NSE,STO,86642,,COALINDIA,,2026-03-30,2026-03-30,490.0,CE,COALINDIA26MAR490CE,0.75,0.8,0.75,0.8,0.8,1.0,418.0,0.8,54000,2700,9,5962950.0,5,F1,1350,,,,,
2026-02-18,2026-02-18,FO,NSE,STO,99350,,COALINDIA,,2026-04-28,2026-04-28,465.0,CE,COALINDIA26APR465CE,0.0,0.0,0.0,11.05,0.0,11.05,418.0,4.95,0,0,0,0.0,0,F1,1350,,,,,
2026-02-18,2026-02-18,FO,NSE,STO,85616,,COALINDIA,,2026-02-24,2026-02-24,360.0,PE,COALINDIA26FEB360PE,0.05,0.05,0.05,0.05,0.05,0.05,418.0,0.05,486000,0,1,486067.5,1,F1,1350,,,,,
2026-02-18,2026-02-18,FO,NSE,STO,86219,,COALINDIA,,2026-02-24,2026-02-24,367.5,PE,COALINDIA26FEB367.5PE,0.0,0.0,0.0,0.1,0.1,0.1,418.0,0.05,1350,0,0,0.0,0,F1,1350,,,,,
2026-02-18,2026-02-18,FO,NSE,STO,86287,,COALINDIA,,2026-02-24,2026-02-24,447.5,PE,COALINDIA26FEB447.5PE,0.0,0.0,0.0,31.7,31.7,31.7,418.0,29.2,103950,0,0,0.0,0,F1,1350,,,,,
2026-02-18,2026-02-18,FO,NSE,STO,86305,,COALINDIA,,2026-02-24,2026-02-24,477.5,PE,COALINDIA26FEB477.5PE,0.0,0.0,0.0,76.05,0.0,76.05,418.0,59.05,0,0,0,0.0,0,F1,1350,,,,,
2026-02-18,2026-02-18,FO,NSE,STO,86307,,COALINDIA,,2026-02-24,2026-02-24,482.5,PE,COALINDIA26FEB482.5PE,0.0,0.0,0.0,80.8,0.0,80.8,418.0,64.05,0,0,0,0.0,0,F1,1350,,,,,
2026-02-18,2026-02-18,FO,NSE,STO,86311,,COALINDIA,,2026-02-24,2026-02-24,495.0,PE,COALINDIA26FEB495PE,0.0,0.0,0.0,92.85,0.0,92.85,418.0,76.55,0,0,0,0.0,0,F1,1350,,,,,
2026-02-18,2026-02-18,FO,NSE,STO,86584,,COALINDIA,,2026-03-30,2026-03-30,375.0,PE,COALINDIA26MAR375PE,1.45,1.6,1.45,1.6,1.6,1.5,418.0,1.25,86400,-5400,9,4574812.5,6,F1,1350,,,,,
2026-02-18,2026-02-18,FO,NSE,STO,98725,,COALINDIA,,2026-03-30,2026-03-30,382.5,PE,COALINDIA26MAR382.5PE,2.15,2.15,2.15,2.15,2.15,2.15,418.0,2.1,18900,0,6,3115665.0,3,F1,1350,,,,,
2026-02-18,2026-02-18,FO,NSE,STO,98748,,COALINDIA,,2026-03-30,2026-03-30,407.5,PE,COALINDIA26MAR407.5PE,7.8,8.15,6.2,6.2,6.2,10.9,418.0,6.2,2700,2700,4,2241067.5,4,F1,1350,,,,,
2026-02-18,2026-02-18,FO,NSE,STO,98756,,COALINDIA,,2026-03-30,2026-03-30,417.5,PE,COALINDIA26MAR417.5PE,11.95,11.95,11.95,11.95,11.95,8.15,418.0,12.35,4050,1350,1,579757.5,1,F1,1350,,,,,
2026-02-18,2026-02-18,FO,NSE,STO,98833,,COALINDIA,,2026-03-30,2026-03-30,447.5,PE,COALINDIA26MAR447.5PE,0.0,0.0,0.0,31.55,0.0,31.55,418.0,31.5,0,0,0,0.0,0,F1,1350,,,,,
2026-02-18,2026-02-18,FO,NSE,STO,86637,,COALINDIA,,2026-03-30,2026-03-30,480.0,PE,COALINDIA26MAR480PE,62.0,62.0,59.5,59.65,59.8,60.0,418.0,59.65,9450,8100,6,4377375.0,5,F1,1350,,,,,
2026-02-18,2026-02-18,FO,NSE,STO,86647,,COALINDIA,,2026-03-30,2026-03-30,510.0,PE,COALINDIA26MAR510PE,0.0,0.0,0.0,90.6,90.6,90.6,418.0,89.05,1350,0,0,0.0,0,F1,1350,,,,,
2026-02-18,2026-02-18,FO,NSE,STO,99130,,COALINDIA,,2026-04-28,2026-04-28,370.0,PE,COALINDIA26APR370PE,0.0,0.0,0.0,4.1,0.0,4.1,418.0,2.3,0,0,0,0.0,0,F1,1350,,,,,
2026-02-18,2026-02-18,FO,NSE,STO,99140,,COALINDIA,,2026-04-28,2026-04-28,395.0,PE,COALINDIA26APR395PE,0.0,0.0,0.0,9.7,0.0,9.7,418.0,7.25,0,0,0,0.0,0,F1,1350,,,,,
2026-02-18,2026-02-18,FO,NSE,STO,99414,,COALINDIA,,2026-04-28,2026-04-28,480.0,PE,COALINDIA26APR480PE,0.0,0.0,0.0,57.45,0.0,57.45,418.0,59.9,0,0,0,0.0,0,F1,1350,,,,,
2026-02-18,2026-02-18,FO,NSE,STO,86288,,COALINDIA,,2026-02-24,2026-02-24,452.5,CE,COALINDIA26FEB452.5CE,0.3,0.3,0.15,0.25,0.25,0.45,418.0,0.25,256500,-13500,68,41560492.5,35,F1,1350,,,,,
2026-02-18,2026-02-18,FO,NSE,STO,85693,,COALINDIA,,2026-02-24,2026-02-24,445.0,CE,COALINDIA26FEB445CE,0.45,0.5,0.3,0.35,0.4,0.6,418.0,0.35,1117800,-110700,365,219454785.0,207,F1,1350,,,,,
2026-02-18,2026-02-18,FO,NSE,STO,85680,,COALINDIA,,2026-02-24,2026-02-24,425.0,CE,COALINDIA26FEB425CE,2.4,2.4,1.35,2.1,2.0,2.45,418.0,2.1,1717200,-109350,3207,1847566462.5,1547,F1,1350,,,,,
2026-02-18,2026-02-18,FO,NSE,STO,85657,,COALINDIA,,2026-02-24,2026-02-24,410.0,CE,COALINDIA26FEB410CE,7.5,9.8,6.4,9.0,9.0,9.0,418.0,9.0,496800,-90450,839,473301360.0,769,F1,1350,,,,,
2026-02-18,2026-02-18,FO,NSE,STO,85645,,COALINDIA,,2026-02-24,2026-02-24,395.0,CE,COALINDIA26FEB395CE,0.0,0.0,0.0,21.0,21.0,21.0,418.0,23.55,17550,0,0,0.0,0,F1,1350,,,,,
2026-02-18,2026-02-18,FO,NSE,STO,85510,,COALINDIA,,2026-02-24,2026-02-24,355.0,CE,COALINDIA26FEB355CE,0.0,0.0,0.0,31.6,0.0,31.6,418.0,63.3,0,0,0,0.0,0,F1,1350,,,,,
2026-02-18,2026-02-18,FO,NSE,STF,66777,,COALINDIA,,2026-04-28,2026-04-28,,,COALINDIA26APRFUT,422.0,423.0,418.0,422.65,422.35,420.5,418.0,422.65,623700,24300,90,51050452.5,87,F1,1350,,,,,
2026-02-18,2026-02-18,FO,NSE,STO,40098,,COALINDIA,,2026-03-30,2026-03-30,352.5,CE,COALINDIA26MAR352.5CE,0.0,0.0,0.0,92.15,0.0,92.15,418.0,67.8,0,0,0,0.0,0,F1,1350,,,,,
2026-02-18,2026-02-18,FO,NSE,STO,86606,,COALINDIA,,2026-03-30,2026-03-30,430.0,PE,COALINDIA26MAR430PE,19.85,20.2,17.0,17.05,17.1,18.45,418.0,17.05,352350,241650,226,136764990.0,70,F1,1350,,,,,
2026-02-18,2026-02-18,FO,NSE,STO,86590,,COALINDIA,,2026-03-30,2026-03-30,390.0,PE,COALINDIA26MAR390PE,3.25,3.35,2.5,2.55,2.6,3.05,418.0,2.55,247050,82350,139,73756710.0,96,F1,1350,,,,,
2026-02-18,2026-02-18,FO,NSE,STO,98717,,COALINDIA,,2026-03-30,2026-03-30,362.5,PE,COALINDIA26MAR362.5PE,0.0,0.0,0.0,1.6,0.0,1.6,418.0,0.45,0,0,0,0.0,0,F1,1350,,,,,
2026-02-18,2026-02-18,FO,NSE,STO,86574,,COALINDIA,,2026-03-30,2026-03-30,355.0,PE,COALINDIA26MAR355PE,0.0,0.0,0.0,0.8,0.8,0.8,418.0,0.25,1350,0,0,0.0,0,F1,1350,,,,,
2026-02-18,2026-02-18,FO,NSE,STO,86289,,COALINDIA,,2026-02-24,2026-02-24,452.5,PE,COALINDIA26FEB452.5PE,38.6,38.6,37.25,37.25,37.25,25.7,418.0,34.1,94500,-1350,4,2649982.5,4,F1,1350,,,,,
2026-02-18,2026-02-18,FO,NSE,STO,85696,,COALINDIA,,2026-02-24,2026-02-24,450.0,PE,COALINDIA26FEB450PE,36.0,36.4,32.35,32.35,32.35,34.55,418.0,32.35,503550,-41850,37,24251467.5,20,F1,1350,,,,,
2026-02-18,2026-02-18,FO,NSE,STO,86263,,COALINDIA,,2026-02-24,2026-02-24,422.5,PE,COALINDIA26FEB422.5PE,9.5,11.65,7.1,7.5,7.85,9.4,418.0,7.5,247050,-55350,272,158471775.0,235,F1,1350,,,,,
2026-02-18,2026-02-18,FO,NSE,STO,86257,,COALINDIA,,2026-02-24,2026-02-24,412.5,PE,COALINDIA26FEB412.5PE,3.4,4.95,2.2,2.35,2.5,3.45,418.0,2.35,390150,-39150,1434,805390290.0,994,F1,1350,,,,,
2026-02-18,2026-02-18,FO,NSE,STO,86231,,COALINDIA,,2026-02-24,2026-02-24,387.5,PE,COALINDIA26FEB387.5PE,0.25,0.3,0.15,0.2,0.15,0.25,418.0,0.2,148500,-16200,27,14132677.5,25,F1,1350,,,,,
2026-02-18,2026-02-18,FO,NSE,STO,40095,,COALINDIA,,2026-02-24,2026-02-24,352.5,PE,COALINDIA26FEB352.5PE,0.0,0.0,0.0,0.05,0.0,0.05,418.0,0.05,0,0,0,0.0,0,F1,1350,,,,,
2026-02-18,2026-02-18,FO,NSE,STO,99428,,COALINDIA,,2026-04-28,2026-04-28,510.0,CE,COALINDIA26APR510CE,0.0,0.0,0.0,3.5,0.0,3.5,418.0,0.85,0,0,0,0.0,0,F1,1350,,,,,
2026-02-18,2026-02-18,FO,NSE,STO,99424,,COALINDIA,,2026-04-28,2026-04-28,500.0,CE,COALINDIA26APR500CE,0.0,0.0,0.0,4.6,0.0,4.6,418.0,1.3,0,0,0,0.0,0,F1,1350,,,,,
2026-02-18,2026-02-18,FO,NSE,STO,99418,,COALINDIA,,2026-04-28,2026-04-28,485.0,CE,COALINDIA26APR485CE,0.0,0.0,0.0,6.8,0.0,6.8,418.0,2.35,0,0,0,0.0,0,F1,1350,,,,,
2026-02-18,2026-02-18,FO,NSE,STO,99336,,COALINDIA,,2026-04-28,2026-04-28,435.0,CE,COALINDIA26APR435CE,0.0,0.0,0.0,21.25,0.0,21.25,418.0,12.85,0,0,0,0.0,0,F1,1350,,,,,
2026-02-18,2026-02-18,FO,NSE,STO,99121,,COALINDIA,,2026-04-28,2026-04-28,350.0,CE,COALINDIA26APR350CE,0.0,0.0,0.0,80.0,0.0,80.0,418.0,72.35,0,0,0,0.0,0,F1,1350,,,,,
2026-02-18,2026-02-18,FO,NSE,STO,98900,,COALINDIA,,2026-03-30,2026-03-30,482.5,CE,COALINDIA26MAR482.5CE,0.0,0.0,0.0,4.0,0.0,4.0,418.0,0.75,0,0,0,0.0,0,F1,1350,,,,,
2026-02-18,2026-02-18,FO,NSE,STO,98798,,COALINDIA,,2026-03-30,2026-03-30,427.5,CE,COALINDIA26MAR427.5CE,7.9,7.9,7.9,7.9,7.9,19.55,418.0,10.75,1350,1350,1,587790.0,1,F1,1350,,,,,
2026-02-18,2026-02-18,FO,NSE,STO,98757,,COALINDIA,,2026-03-30,2026-03-30,422.5,CE,COALINDIA26MAR422.5CE,10.95,10.95,9.0,9.0,9.0,11.1,418.0,12.9,22950,4050,12,7000560.0,9,F1,1350,,,,,
2026-02-18,2026-02-18,FO,NSE,STO,86599,,COALINDIA,,2026-03-30,2026-03-30,415.0,CE,COALINDIA26MAR415CE,13.15,14.95,12.25,14.5,14.3,14.3,418.0,14.5,93150,5400,76,43949655.0,70,F1,1350,,,,,
2026-02-18,2026-02-18,FO,NSE,STO,86587,,COALINDIA,,2026-03-30,2026-03-30,385.0,CE,COALINDIA26MAR385CE,0.0,0.0,0.0,31.25,0.0,31.25,418.0,37.75,0,0,0,0.0,0,F1,1350,,,,,
2026-02-18,2026-02-18,FO,NSE,STO,86577,,COALINDIA,,2026-03-30,2026-03-30,365.0,CE,COALINDIA26MAR365CE,0.0,0.0,0.0,43.0,43.0,43.0,418.0,55.75,1350,0,0,0.0,0,F1,1350,,,,,
2026-02-18,2026-02-18,FO,NSE,STO,86336,,COALINDIA,,2026-02-24,2026-02-24,515.0,CE,COALINDIA26FEB515CE,0.05,0.05,0.05,0.05,0.05,0.05,418.0,0.05,549450,-1350,1,695317.5,1,F1,1350,,,,,
2026-02-18,2026-02-18,FO,NSE,STO,85824,,COALINDIA,,2026-02-24,2026-02-24,510.0,CE,COALINDIA26FEB510CE,0.1,0.1,0.05,0.05,0.05,0.1,418.0,0.05,116100,-17550,13,8951445.0,11,F1,1350,,,,,
2026-02-18,2026-02-18,FO,NSE,STO,85764,,COALINDIA,,2026-02-24,2026-02-24,480.0,CE,COALINDIA26FEB480CE,0.1,0.1,0.05,0.05,0.1,0.15,418.0,0.05,2182950,-113400,181,117306562.5,51,F1,1350,,,,,
2026-02-18,2026-02-18,FO,NSE,STO,86594,,COALINDIA,,2026-03-30,2026-03-30,400.0,PE,COALINDIA26MAR400PE,4.9,5.6,4.1,4.2,4.25,5.05,418.0,4.2,587250,58050,242,132312622.5,202,F1,1350,,,,,
2026-02-18,2026-02-18,FO,NSE,STO,86085,,COALINDIA,,2026-02-24,2026-02-24,357.5,CE,COALINDIA26FEB357.5CE,0.0,0.0,0.0,46.45,0.0,46.45,418.0,60.8,0,0,0,0.0,0,F1,1350,,,,,
2026-02-18,2026-02-18,FO,NSE,STO,85647,,COALINDIA,,2026-02-24,2026-02-24,400.0,CE,COALINDIA26FEB400CE,14.5,18.65,14.2,18.1,17.8,17.35,418.0,18.1,357750,-64800,115,64569150.0,66,F1,1350,,,,,
2026-02-18,2026-02-18,FO,NSE,STO,85677,,COALINDIA,,2026-02-24,2026-02-24,420.0,CE,COALINDIA26FEB420CE,3.5,4.05,2.25,3.5,3.4,3.8,418.0,3.5,3287250,-103950,4538,2591004577.5,3213,F1,1350,,,,,
2026-02-18,2026-02-18,FO,NSE,STO,86282,,COALINDIA,,2026-02-24,2026-02-24,442.5,CE,COALINDIA26FEB442.5CE,0.45,0.55,0.35,0.45,0.4,0.7,418.0,0.45,375300,-22950,119,71156205.0,87,F1,1350,,,,,
2026-02-18,2026-02-18,FO,NSE,STO,99421,,COALINDIA,,2026-04-28,2026-04-28,490.0,PE,COALINDIA26APR490PE,0.0,0.0,0.0,65.55,0.0,65.55,418.0,68.9,0,0,0,0.0,0,F1,1350,,,,,
2026-02-18,2026-02-18,FO,NSE,STO,99378,,COALINDIA,,2026-04-28,2026-04-28,475.0,PE,COALINDIA26APR475PE,0.0,0.0,0.0,53.55,0.0,53.55,418.0,55.55,0,0,0,0.0,0,F1,1350,,,,,
2026-02-18,2026-02-18,FO,NSE,STO,39228,,COALINDIA,,2026-03-30,2026-03-30,515.0,PE,COALINDIA26MAR515PE,95.5,95.5,95.5,95.5,95.5,83.0,418.0,94.0,4050,4050,3,2472525.0,2,F1,1350,,,,,
2026-02-18,2026-02-18,FO,NSE,STO,98901,,COALINDIA,,2026-03-30,2026-03-30,482.5,PE,COALINDIA26MAR482.5PE,0.0,0.0,0.0,58.55,0.0,58.55,418.0,62.35,0,0,0,0.0,0,F1,1350,,,,,
2026-02-18,2026-02-18,FO,NSE,STO,98899,,COALINDIA,,2026-03-30,2026-03-30,477.5,PE,COALINDIA26MAR477.5PE,60.0,60.0,60.0,60.0,60.0,54.35,418.0,57.65,1350,1350,1,725625.0,1,F1,1350,,,,,
2026-02-18,2026-02-18,FO,NSE,STO,98897,,COALINDIA,,2026-03-30,2026-03-30,472.5,PE,COALINDIA26MAR472.5PE,57.0,57.0,57.0,57.0,57.0,50.2,418.0,53.0,1350,1350,1,714825.0,1,F1,1350,,,,,
2026-02-18,2026-02-18,FO,NSE,STO,86613,,COALINDIA,,2026-03-30,2026-03-30,445.0,PE,COALINDIA26MAR445PE,0.0,0.0,0.0,27.5,27.5,27.5,418.0,29.6,5400,0,0,0.0,0,F1,1350,,,,,
2026-02-18,2026-02-18,FO,NSE,STO,86610,,COALINDIA,,2026-03-30,2026-03-30,440.0,PE,COALINDIA26MAR440PE,26.9,27.05,24.55,24.55,24.55,25.0,418.0,25.9,41850,12150,14,8814352.5,10,F1,1350,,,,,
2026-02-18,2026-02-18,FO,NSE,STO,86596,,COALINDIA,,2026-03-30,2026-03-30,405.0,PE,COALINDIA26MAR405PE,6.85,7.2,5.45,5.5,5.6,6.55,418.0,5.5,22950,21600,28,15558750.0,23,F1,1350,,,,,
2026-02-18,2026-02-18,FO,NSE,STO,86604,,COALINDIA,,2026-03-30,2026-03-30,425.0,PE,COALINDIA26MAR425PE,15.3,15.55,13.7,13.8,13.95,15.2,418.0,13.8,87750,-4050,17,10087132.5,16,F1,1350,,,,,
2026-02-18,2026-02-18,FO,NSE,STO,86625,,COALINDIA,,2026-03-30,2026-03-30,465.0,PE,COALINDIA26MAR465PE,0.0,0.0,0.0,64.35,0.0,64.35,418.0,46.2,0,0,0,0.0,0,F1,1350,,,,,
2026-02-18,2026-02-18,FO,NSE,STO,86639,,COALINDIA,,2026-03-30,2026-03-30,485.0,PE,COALINDIA26MAR485PE,0.0,0.0,0.0,82.05,0.0,82.05,418.0,64.75,0,0,0,0.0,0,F1,1350,,,,,
2026-02-18,2026-02-18,FO,NSE,STO,99124,,COALINDIA,,2026-04-28,2026-04-28,355.0,PE,COALINDIA26APR355PE,0.0,0.0,0.0,2.2,0.0,2.2,418.0,1.0,0,0,0,0.0,0,F1,1350,,,,,
2026-02-18,2026-02-18,FO,NSE,STO,99132,,COALINDIA,,2026-04-28,2026-04-28,375.0,PE,COALINDIA26APR375PE,0.0,0.0,0.0,4.95,0.0,4.95,418.0,3.0,0,0,0,0.0,0,F1,1350,,,,,
2026-02-18,2026-02-18,FO,NSE,STO,99134,,COALINDIA,,2026-04-28,2026-04-28,380.0,PE,COALINDIA26APR380PE,0.0,0.0,0.0,5.95,0.0,5.95,418.0,3.8,0,0,0,0.0,0,F1,1350,,,,,
2026-02-18,2026-02-18,FO,NSE,STO,99146,,COALINDIA,,2026-04-28,2026-04-28,405.0,PE,COALINDIA26APR405PE,0.0,0.0,0.0,12.95,0.0,12.95,418.0,10.5,0,0,0,0.0,0,F1,1350,,,,,
2026-02-18,2026-02-18,FO,NSE,STO,99150,,COALINDIA,,2026-04-28,2026-04-28,415.0,PE,COALINDIA26APR415PE,0.0,0.0,0.0,16.9,0.0,16.9,418.0,14.6,0,0,0,0.0,0,F1,1350,,,,,
2026-02-18,2026-02-18,FO,NSE,STO,99339,,COALINDIA,,2026-04-28,2026-04-28,440.0,PE,COALINDIA26APR440PE,0.0,0.0,0.0,29.55,0.0,29.55,418.0,28.55,0,0,0,0.0,0,F1,1350,,,,,
2026-02-18,2026-02-18,FO,NSE,STO,86230,,COALINDIA,,2026-02-24,2026-02-24,387.5,CE,COALINDIA26FEB387.5CE,0.0,0.0,0.0,25.0,25.0,25.0,418.0,30.9,5400,0,0,0.0,0,F1,1350,,,,,
2026-02-18,2026-02-18,FO,NSE,STO,85649,,COALINDIA,,2026-02-24,2026-02-24,405.0,CE,COALINDIA26FEB405CE,10.65,13.15,10.1,13.15,13.15,12.6,418.0,13.15,170100,-10800,43,24141645.0,34,F1,1350,,,,,
2026-02-18,2026-02-18,FO,NSE,STO,85685,,COALINDIA,,2026-02-24,2026-02-24,430.0,CE,COALINDIA26FEB430CE,1.45,1.75,0.85,1.25,1.2,1.6,418.0,1.25,2930850,-436050,2825,1643938267.5,1681,F1,1350,,,,,
2026-02-18,2026-02-18,FO,NSE,STO,98714,,COALINDIA,,2026-03-30,2026-03-30,357.5,CE,COALINDIA26MAR357.5CE,0.0,0.0,0.0,70.35,0.0,70.35,418.0,62.95,0,0,0,0.0,0,F1,1350,,,,,
2026-02-18,2026-02-18,FO,NSE,STO,86575,,COALINDIA,,2026-03-30,2026-03-30,360.0,CE,COALINDIA26MAR360CE,57.0,59.8,57.0,59.8,59.8,59.0,418.0,59.8,13500,6750,5,2823120.0,5,F1,1350,,,,,
2026-02-18,2026-02-18,FO,NSE,STO,85634,,COALINDIA,,2026-02-24,2026-02-24,385.0,PE,COALINDIA26FEB385PE,0.25,0.3,0.1,0.15,0.15,0.25,418.0,0.15,203850,-21600,106,55118610.0,69,F1,1350,,,,,
2026-02-18,2026-02-18,FO,NSE,STO,99129,,COALINDIA,,2026-04-28,2026-04-28,370.0,CE,COALINDIA26APR370CE,0.0,0.0,0.0,62.7,0.0,62.7,418.0,54.15,0,0,0,0.0,0,F1,1350,,,,,
2026-02-18,2026-02-18,FO,NSE,STO,86614,,COALINDIA,,2026-03-30,2026-03-30,450.0,CE,COALINDIA26MAR450CE,3.55,3.55,2.9,3.2,3.2,3.45,418.0,3.2,820800,120150,416,254439225.0,268,F1,1350,,,,,
2026-02-18,2026-02-18,FO,NSE,STO,86603,,COALINDIA,,2026-03-30,2026-03-30,425.0,CE,COALINDIA26MAR425CE,8.9,9.85,8.1,9.7,9.8,9.6,418.0,9.7,163350,37800,84,49217760.0,71,F1,1350,,,,,
2026-02-18,2026-02-18,FO,NSE,STO,86279,,COALINDIA,,2026-02-24,2026-02-24,432.5,PE,COALINDIA26FEB432.5PE,19.4,19.4,15.9,15.95,16.0,16.95,418.0,15.95,353700,-2700,10,6072705.0,10,F1,1350,,,,,
2026-02-18,2026-02-18,FO,NSE,STO,86297,,COALINDIA,,2026-02-24,2026-02-24,457.5,PE,COALINDIA26FEB457.5PE,0.0,0.0,0.0,29.7,29.7,29.7,418.0,39.1,39150,0,0,0.0,0,F1,1350,,,,,
2026-02-18,2026-02-18,FO,NSE,STO,86301,,COALINDIA,,2026-02-24,2026-02-24,467.5,PE,COALINDIA26FEB467.5PE,0.0,0.0,0.0,66.7,0.0,66.7,418.0,49.1,0,0,0,0.0,0,F1,1350,,,,,
2026-02-18,2026-02-18,FO,NSE,STO,99347,,COALINDIA,,2026-04-28,2026-04-28,455.0,PE,COALINDIA26APR455PE,0.0,0.0,0.0,39.0,0.0,39.0,418.0,39.25,0,0,0,0.0,0,F1,1350,,,,,
2026-02-18,2026-02-18,FO,NSE,STO,85502,,COALINDIA,,2026-02-24,2026-02-24,350.0,CE,COALINDIA26FEB350CE,0.0,0.0,0.0,69.2,69.2,69.2,418.0,68.3,4050,0,0,0.0,0,F1,1350,,,,,
2026-02-18,2026-02-18,FO,NSE,STO,98735,,COALINDIA,,2026-03-30,2026-03-30,392.5,PE,COALINDIA26MAR392.5PE,3.55,3.7,3.55,3.7,3.7,6.35,418.0,3.8,5400,5400,5,2673810.0,5,F1,1350,,,,,
2026-02-18,2026-02-18,FO,NSE,STO,85777,,COALINDIA,,2026-02-24,2026-02-24,490.0,CE,COALINDIA26FEB490CE,0.1,0.15,0.05,0.05,0.05,0.1,418.0,0.05,723600,-135000,178,117768532.5,49,F1,1350,,,,,
2026-02-18,2026-02-18,FO,NSE,STO,99337,,COALINDIA,,2026-04-28,2026-04-28,435.0,PE,COALINDIA26APR435PE,0.0,0.0,0.0,26.7,0.0,26.7,418.0,25.35,0,0,0,0.0,0,F1,1350,,,,,
2026-02-18,2026-02-18,FO,NSE,STO,99136,,COALINDIA,,2026-04-28,2026-04-28,385.0,PE,COALINDIA26APR385PE,0.0,0.0,0.0,7.05,0.0,7.05,418.0,4.8,0,0,0,0.0,0,F1,1350,,,,,
2026-02-18,2026-02-18,FO,NSE,STO,86645,,COALINDIA,,2026-03-30,2026-03-30,500.0,PE,COALINDIA26MAR500PE,0.0,0.0,0.0,80.0,80.0,80.0,418.0,79.25,6750,0,0,0.0,0,F1,1350,,,,,
2026-02-18,2026-02-18,FO,NSE,STO,98750,,COALINDIA,,2026-03-30,2026-03-30,412.5,PE,COALINDIA26MAR412.5PE,0.0,0.0,0.0,12.8,0.0,12.8,418.0,10.1,0,0,0,0.0,0,F1,1350,,,,,
2026-02-18,2026-02-18,FO,NSE,STO,98721,,COALINDIA,,2026-03-30,2026-03-30,372.5,PE,COALINDIA26MAR372.5PE,1.35,1.35,1.1,1.1,1.1,1.7,418.0,1.1,32400,-13500,11,5551335.0,5,F1,1350,,,,,
2026-02-18,2026-02-18,FO,NSE,STO,85776,,COALINDIA,,2026-02-24,2026-02-24,480.0,PE,COALINDIA26FEB480PE,66.5,66.5,66.5,66.5,66.5,66.8,418.0,61.55,71550,0,1,737775.0,1,F1,1350,,,,,
2026-02-18,2026-02-18,FO,NSE,STO,85636,,COALINDIA,,2026-02-24,2026-02-24,390.0,PE,COALINDIA26FEB390PE,0.5,0.5,0.15,0.15,0.15,0.35,418.0,0.15,700650,-59400,580,305569057.5,279,F1,1350,,,,,
2026-02-18,2026-02-18,FO,NSE,STO,99420,,COALINDIA,,2026-04-28,2026-04-28,490.0,CE,COALINDIA26APR490CE,0.0,0.0,0.0,5.95,0.0,5.95,418.0,1.95,0,0,0,0.0,0,F1,1350,,,,,
2026-02-18,2026-02-18,FO,NSE,STO,99348,,COALINDIA,,2026-04-28,2026-04-28,460.0,CE,COALINDIA26APR460CE,0.0,0.0,0.0,12.4,0.0,12.4,418.0,5.9,0,0,0,0.0,0,F1,1350,,,,,
2026-02-18,2026-02-18,FO,NSE,STO,99338,,COALINDIA,,2026-04-28,2026-04-28,440.0,CE,COALINDIA26APR440CE,0.0,0.0,0.0,19.2,0.0,19.2,418.0,11.1,0,0,0,0.0,0,F1,1350,,,,,
2026-02-18,2026-02-18,FO,NSE,STO,99125,,COALINDIA,,2026-04-28,2026-04-28,360.0,CE,COALINDIA26APR360CE,0.0,0.0,0.0,71.15,0.0,71.15,418.0,63.05,0,0,0,0.0,0,F1,1350,,,,,
2026-02-18,2026-02-18,FO,NSE,STO,39219,,COALINDIA,,2026-03-30,2026-03-30,495.0,CE,COALINDIA26MAR495CE,0.0,0.0,0.0,5.4,0.0,5.4,418.0,0.35,0,0,0,0.0,0,F1,1350,,,,,
2026-02-18,2026-02-18,FO,NSE,STO,86628,,COALINDIA,,2026-03-30,2026-03-30,470.0,CE,COALINDIA26MAR470CE,1.4,1.5,1.4,1.5,1.45,1.7,418.0,1.5,241650,12150,40,25458165.0,34,F1,1350,,,,,
2026-02-18,2026-02-18,FO,NSE,STO,98894,,COALINDIA,,2026-03-30,2026-03-30,467.5,CE,COALINDIA26MAR467.5CE,0.0,0.0,0.0,6.5,0.0,6.5,418.0,1.75,0,0,0,0.0,0,F1,1350,,,,,
2026-02-18,2026-02-18,FO,NSE,STO,98751,,COALINDIA,,2026-03-30,2026-03-30,417.5,CE,COALINDIA26MAR417.5CE,12.0,13.15,11.7,12.9,12.95,15.15,418.0,12.9,18900,4050,16,9285637.5,14,F1,1350,,,,,
2026-02-18,2026-02-18,FO,NSE,STO,86593,,COALINDIA,,2026-03-30,2026-03-30,400.0,CE,COALINDIA26MAR400CE,22.05,24.95,21.4,24.65,24.25,24.35,418.0,24.65,184950,18900,89,50860575.0,50,F1,1350,,,,,
2026-02-18,2026-02-18,FO,NSE,STO,86300,,COALINDIA,,2026-02-24,2026-02-24,467.5,CE,COALINDIA26FEB467.5CE,0.15,0.15,0.05,0.05,0.05,0.25,418.0,0.05,98550,-68850,64,40401787.5,19,F1,1350,,,,,
2026-02-18,2026-02-18,FO,NSE,STO,35618,,COALINDIA,,2026-02-24,2026-02-24,465.0,CE,COALINDIA26FEB465CE,0.15,0.2,0.1,0.15,0.1,0.25,418.0,0.15,1260900,-47250,75,47096235.0,33,F1,1350,,,,,
2026-02-18,2026-02-18,FO,NSE,STO,86298,,COALINDIA,,2026-02-24,2026-02-24,462.5,CE,COALINDIA26FEB462.5CE,0.2,0.2,0.15,0.15,0.15,0.3,418.0,0.15,202500,-24300,25,15614775.0,12,F1,1350,,,,,
2026-02-18,2026-02-18,FO,NSE,STO,85668,,COALINDIA,,2026-02-24,2026-02-24,415.0,CE,COALINDIA26FEB415CE,4.8,6.3,3.85,5.9,5.7,6.0,418.0,5.9,600750,36450,2572,1457342820.0,2038,F1,1350,,,,,
2026-02-18,2026-02-18,FO,NSE,STO,86254,,COALINDIA,,2026-02-24,2026-02-24,412.5,CE,COALINDIA26FEB412.5CE,5.45,7.95,4.95,7.6,7.3,7.45,418.0,7.6,286200,-16200,391,221042452.5,361,F1,1350,,,,,
2026-02-18,2026-02-18,FO,NSE,STO,86220,,COALINDIA,,2026-02-24,2026-02-24,372.5,CE,COALINDIA26FEB372.5CE,0.0,0.0,0.0,34.5,0.0,34.5,418.0,45.85,0,0,0,0.0,0,F1,1350,,,,,
2026-02-18,2026-02-18,FO,NSE,STO,98724,,COALINDIA,,2026-03-30,2026-03-30,382.5,CE,COALINDIA26MAR382.5CE,0.0,0.0,0.0,48.65,0.0,48.65,418.0,39.9,0,0,0,0.0,0,F1,1350,,,,,
2026-02-18,2026-02-18,FO,NSE,STO,86585,,COALINDIA,,2026-03-30,2026-03-30,380.0,CE,COALINDIA26MAR380CE,37.75,37.75,37.75,37.75,37.75,41.7,418.0,42.05,14850,1350,1,563962.5,1,F1,1350,,,,,
2026-02-18,2026-02-18,FO,NSE,STO,98722,,COALINDIA,,2026-03-30,2026-03-30,377.5,CE,COALINDIA26MAR377.5CE,0.0,0.0,0.0,52.75,0.0,52.75,418.0,44.25,0,0,0,0.0,0,F1,1350,,,,,
2026-02-18,2026-02-18,FO,NSE,STO,85748,,COALINDIA,,2026-02-24,2026-02-24,470.0,CE,COALINDIA26FEB470CE,0.15,0.15,0.1,0.1,0.1,0.2,418.0,0.1,811350,-183600,247,156761797.5,85,F1,1350,,,,,
2026-02-18,2026-02-18,FO,NSE,STO,86286,,COALINDIA,,2026-02-24,2026-02-24,447.5,CE,COALINDIA26FEB447.5CE,0.3,0.35,0.2,0.3,0.3,0.45,418.0,0.3,197100,-76950,114,68916352.5,64,F1,1350,,,,,
2026-02-18,2026-02-18,FO,NSE,STO,85687,,COALINDIA,,2026-02-24,2026-02-24,435.0,CE,COALINDIA26FEB435CE,1.0,1.0,0.55,0.75,0.75,1.05,418.0,0.75,1212300,-98550,931,547589160.0,542,F1,1350,,,,,
2026-02-18,2026-02-18,FO,NSE,STO,86276,,COALINDIA,,2026-02-24,2026-02-24,432.5,CE,COALINDIA26FEB432.5CE,0.95,1.0,0.65,0.95,0.95,1.3,418.0,0.95,1580850,-8100,526,307715220.0,365,F1,1350,,,,,
2026-02-18,2026-02-18,FO,NSE,STO,86218,,COALINDIA,,2026-02-24,2026-02-24,367.5,CE,COALINDIA26FEB367.5CE,0.0,0.0,0.0,38.3,0.0,38.3,418.0,50.85,0,0,0,0.0,0,F1,1350,,,,,
2026-02-18,2026-02-18,FO,NSE,STO,86216,,COALINDIA,,2026-02-24,2026-02-24,362.5,CE,COALINDIA26FEB362.5CE,0.0,0.0,0.0,42.3,0.0,42.3,418.0,55.85,0,0,0,0.0,0,F1,1350,,,,,
2026-02-18,2026-02-18,FO,NSE,STO,85615,,COALINDIA,,2026-02-24,2026-02-24,360.0,CE,COALINDIA26FEB360CE,0.0,0.0,0.0,58.65,58.75,58.65,418.0,58.35,6750,0,0,0.0,0,F1,1350,,,,,
2026-02-18,2026-02-18,FO,NSE,STO,98844,,COALINDIA,,2026-03-30,2026-03-30,462.5,CE,COALINDIA26MAR462.5CE,1.85,1.85,1.85,1.85,1.85,2.25,418.0,2.25,14850,1350,1,626872.5,1,F1,1350,,,,,
2026-02-18,2026-02-18,FO,NSE,STO,99279,,COALINDIA,,2026-04-28,2026-04-28,425.0,CE,COALINDIA26APR425CE,0.0,0.0,0.0,25.85,0.0,25.85,418.0,16.95,0,0,0,0.0,0,F1,1350,,,,,
2026-02-18,2026-02-18,FO,NSE,STO,85684,,COALINDIA,,2026-02-24,2026-02-24,425.0,PE,COALINDIA26FEB425PE,10.95,13.75,9.0,9.3,9.7,11.25,418.0,9.3,1001700,-58050,129,75912052.5,124,F1,1350,,,,,
2026-02-18,2026-02-18,FO,NSE,STO,85825,,COALINDIA,,2026-02-24,2026-02-24,510.0,PE,COALINDIA26FEB510PE,0.0,0.0,0.0,83.1,83.1,83.1,418.0,91.55,2700,0,0,0.0,0,F1,1350,,,,,
2026-02-18,2026-02-18,FO,NSE,STO,86592,,COALINDIA,,2026-03-30,2026-03-30,395.0,PE,COALINDIA26MAR395PE,4.0,4.25,3.15,3.2,3.2,4.0,418.0,3.2,167400,-29700,59,31750042.5,52,F1,1350,,,,,
2026-02-18,2026-02-18,FO,NSE,STO,98740,,COALINDIA,,2026-03-30,2026-03-30,402.5,PE,COALINDIA26MAR402.5PE,6.05,6.1,4.85,4.85,4.85,9.2,418.0,4.85,14850,14850,17,9367447.5,14,F1,1350,,,,,
2026-02-18,2026-02-18,FO,NSE,STO,86619,,COALINDIA,,2026-03-30,2026-03-30,460.0,PE,COALINDIA26MAR460PE,45.0,45.0,41.2,41.2,41.2,42.45,418.0,41.8,21600,4050,3,2034990.0,3,F1,1350,,,,,
2026-02-18,2026-02-18,FO,NSE,STO,98893,,COALINDIA,,2026-03-30,2026-03-30,462.5,PE,COALINDIA26MAR462.5PE,0.0,0.0,0.0,42.35,0.0,42.35,418.0,44.0,0,0,0,0.0,0,F1,1350,,,,,
2026-02-18,2026-02-18,FO,NSE,STO,99144,,COALINDIA,,2026-04-28,2026-04-28,400.0,PE,COALINDIA26APR400PE,0.0,0.0,0.0,11.25,0.0,11.25,418.0,8.75,0,0,0,0.0,0,F1,1350,,,,,
2026-02-18,2026-02-18,FO,NSE,STO,99345,,COALINDIA,,2026-04-28,2026-04-28,450.0,PE,COALINDIA26APR450PE,0.0,0.0,0.0,35.7,0.0,35.7,418.0,35.5,0,0,0,0.0,0,F1,1350,,,,,
2026-02-18,2026-02-18,FO,NSE,STO,86248,,COALINDIA,,2026-02-24,2026-02-24,407.5,CE,COALINDIA26FEB407.5CE,8.0,11.7,7.95,11.4,10.9,11.05,418.0,11.4,110700,-18900,97,54565447.5,95,F1,1350,,,,,
2026-02-18,2026-02-18,FO,NSE,STO,85627,,COALINDIA,,2026-02-24,2026-02-24,385.0,CE,COALINDIA26FEB385CE,0.0,0.0,0.0,33.65,33.65,33.65,418.0,33.35,2700,0,0,0.0,0,F1,1350,,,,,
2026-02-18,2026-02-18,FO,NSE,STO,99353,,COALINDIA,,2026-04-28,2026-04-28,470.0,PE,COALINDIA26APR470PE,0.0,0.0,0.0,49.75,0.0,49.75,418.0,51.3,0,0,0,0.0,0,F1,1350,,,,,
2026-02-18,2026-02-18,FO,NSE,STO,99341,,COALINDIA,,2026-04-28,2026-04-28,445.0,PE,COALINDIA26APR445PE,0.0,0.0,0.0,32.55,0.0,32.55,418.0,31.95,0,0,0,0.0,0,F1,1350,,,,,
2026-02-18,2026-02-18,FO,NSE,STO,99148,,COALINDIA,,2026-04-28,2026-04-28,410.0,PE,COALINDIA26APR410PE,0.0,0.0,0.0,14.85,0.0,14.85,418.0,12.45,0,0,0,0.0,0,F1,1350,,,,,
2026-02-18,2026-02-18,FO,NSE,STO,99138,,COALINDIA,,2026-04-28,2026-04-28,390.0,PE,COALINDIA26APR390PE,0.0,0.0,0.0,8.35,0.0,8.35,418.0,5.9,0,0,0,0.0,0,F1,1350,,,,,
2026-02-18,2026-02-18,FO,NSE,STO,99128,,COALINDIA,,2026-04-28,2026-04-28,365.0,PE,COALINDIA26APR365PE,0.0,0.0,0.0,3.4,0.0,3.4,418.0,1.75,0,0,0,0.0,0,F1,1350,,,,,
2026-02-18,2026-02-18,FO,NSE,STO,86617,,COALINDIA,,2026-03-30,2026-03-30,455.0,PE,COALINDIA26MAR455PE,0.0,0.0,0.0,37.15,37.15,37.15,418.0,37.55,4050,0,0,0.0,0,F1,1350,,,,,
2026-02-18,2026-02-18,FO,NSE,STO,98719,,COALINDIA,,2026-03-30,2026-03-30,367.5,PE,COALINDIA26MAR367.5PE,0.0,0.0,0.0,2.1,0.0,2.1,418.0,0.7,0,0,0,0.0,0,F1,1350,,,,,
2026-02-18,2026-02-18,FO,NSE,STO,85823,,COALINDIA,,2026-02-24,2026-02-24,500.0,PE,COALINDIA26FEB500PE,0.0,0.0,0.0,82.0,82.0,82.0,418.0,81.55,66150,0,0,0.0,0,F1,1350,,,,,
2026-02-18,2026-02-18,FO,NSE,STO,86235,,COALINDIA,,2026-02-24,2026-02-24,397.5,PE,COALINDIA26FEB397.5PE,0.7,0.8,0.35,0.35,0.35,0.7,418.0,0.35,166050,-29700,113,60716587.5,71,F1,1350,,,,,
2026-02-18,2026-02-18,FO,NSE,STO,86217,,COALINDIA,,2026-02-24,2026-02-24,362.5,PE,COALINDIA26FEB362.5PE,0.0,0.0,0.0,3.45,0.0,3.45,418.0,0.05,0,0,0,0.0,0,F1,1350,,,,,
2026-02-18,2026-02-18,FO,NSE,STO,99413,,COALINDIA,,2026-04-28,2026-04-28,480.0,CE,COALINDIA26APR480CE,0.0,0.0,0.0,7.7,0.0,7.7,418.0,2.85,0,0,0,0.0,0,F1,1350,,,,,
2026-02-18,2026-02-18,FO,NSE,STO,99291,,COALINDIA,,2026-04-28,2026-04-28,430.0,CE,COALINDIA26APR430CE,0.0,0.0,0.0,23.5,0.0,23.5,418.0,14.8,0,0,0,0.0,0,F1,1350,,,,,
2026-02-18,2026-02-18,FO,NSE,STO,39225,,COALINDIA,,2026-03-30,2026-03-30,505.0,CE,COALINDIA26MAR505CE,0.0,0.0,0.0,4.1,0.0,4.1,418.0,0.2,0,0,0,0.0,0,F1,1350,,,,,
2026-02-18,2026-02-18,FO,NSE,STO,86632,,COALINDIA,,2026-03-30,2026-03-30,475.0,CE,COALINDIA26MAR475CE,0.0,0.0,0.0,2.1,2.1,2.1,418.0,1.15,6750,0,0,0.0,0,F1,1350,,,,,
2026-02-18,2026-02-18,FO,NSE,STO,98832,,COALINDIA,,2026-03-30,2026-03-30,447.5,CE,COALINDIA26MAR447.5CE,0.0,0.0,0.0,11.65,0.0,11.65,418.0,4.7,0,0,0,0.0,0,F1,1350,,,,,
2026-02-18,2026-02-18,FO,NSE,STO,98736,,COALINDIA,,2026-03-30,2026-03-30,397.5,CE,COALINDIA26MAR397.5CE,0.0,0.0,0.0,37.25,0.0,37.25,418.0,27.9,0,0,0,0.0,0,F1,1350,,,,,
2026-02-18,2026-02-18,FO,NSE,STO,86569,,COALINDIA,,2026-03-30,2026-03-30,350.0,CE,COALINDIA26MAR350CE,0.0,0.0,0.0,56.7,0.0,56.7,418.0,70.25,0,0,0,0.0,0,F1,1350,,,,,
2026-02-18,2026-02-18,FO,NSE,STO,86312,,COALINDIA,,2026-02-24,2026-02-24,505.0,CE,COALINDIA26FEB505CE,0.05,0.1,0.05,0.05,0.05,0.05,418.0,0.05,849150,-45900,54,36818415.0,12,F1,1350,,,,,
2026-02-18,2026-02-18,FO,NSE,STO,86260,,COALINDIA,,2026-02-24,2026-02-24,422.5,CE,COALINDIA26FEB422.5CE,3.05,3.3,1.75,2.65,2.6,3.1,418.0,2.65,801900,-391500,1532,878510610.0,1114,F1,1350,,,,,
2026-02-18,2026-02-18,FO,NSE,STO,99344,,COALINDIA,,2026-04-28,2026-04-28,450.0,CE,COALINDIA26APR450CE,0.0,0.0,0.0,15.5,0.0,15.5,418.0,8.15,0,0,0,0.0,0,F1,1350,,,,,
2026-02-18,2026-02-18,FO,NSE,STO,98896,,COALINDIA,,2026-03-30,2026-03-30,472.5,CE,COALINDIA26MAR472.5CE,0.0,0.0,0.0,5.55,0.0,5.55,418.0,1.35,0,0,0,0.0,0,F1,1350,,,,,
2026-02-18,2026-02-18,FO,NSE,STO,86611,,COALINDIA,,2026-03-30,2026-03-30,445.0,CE,COALINDIA26MAR445CE,3.75,3.8,3.55,3.7,3.7,4.3,418.0,5.25,29700,5400,11,6662992.5,8,F1,1350,,,,,
2026-02-18,2026-02-18,FO,NSE,STO,86310,,COALINDIA,,2026-02-24,2026-02-24,495.0,CE,COALINDIA26FEB495CE,0.15,0.15,0.05,0.05,0.05,0.15,418.0,0.05,76950,-10800,34,22723065.0,15,F1,1350,,,,,
2026-02-18,2026-02-18,FO,NSE,STO,98831,,COALINDIA,,2026-03-30,2026-03-30,442.5,PE,COALINDIA26MAR442.5PE,0.0,0.0,0.0,28.3,0.0,28.3,418.0,27.7,0,0,0,0.0,0,F1,1350,,,,,
2026-02-18,2026-02-18,FO,NSE,STO,86586,,COALINDIA,,2026-03-30,2026-03-30,380.0,PE,COALINDIA26MAR380PE,2.0,2.0,1.55,1.55,1.55,1.9,418.0,1.55,157950,25650,80,41232240.0,57,F1,1350,,,,,
2026-02-18,2026-02-18,FO,NSE,STO,50311,,COALINDIA,,2026-02-24,2026-02-24,485.0,PE,COALINDIA26FEB485PE,0.0,0.0,0.0,80.7,0.0,80.7,418.0,66.55,0,0,0,0.0,0,F1,1350,,,,,
2026-02-18,2026-02-18,FO,NSE,STO,85692,,COALINDIA,,2026-02-24,2026-02-24,440.0,PE,COALINDIA26FEB440PE,26.5,27.05,23.2,23.2,23.2,24.5,418.0,21.95,1035450,-52650,66,41491642.5,39,F1,1350,,,,,
2026-02-18,2026-02-18,FO,NSE,STO,85671,,COALINDIA,,2026-02-24,2026-02-24,415.0,PE,COALINDIA26FEB415PE,5.0,6.3,3.05,3.3,3.4,4.6,418.0,3.3,746550,41850,1858,1052721697.5,1437,F1,1350,,,,,
2026-02-18,2026-02-18,FO,NSE,STO,85656,,COALINDIA,,2026-02-24,2026-02-24,405.0,PE,COALINDIA26FEB405PE,1.75,2.1,0.85,0.9,0.9,1.45,418.0,0.9,646650,-55350,842,461891902.5,445,F1,1350,,,,,
2026-02-18,2026-02-18,FO,NSE,STO,85646,,COALINDIA,,2026-02-24,2026-02-24,395.0,PE,COALINDIA26FEB395PE,0.55,0.65,0.25,0.3,0.3,0.55,418.0,0.3,452250,25650,324,172943370.0,237,F1,1350,,,,,
2026-02-18,2026-02-18,FO,NSE,STO,85621,,COALINDIA,,2026-02-24,2026-02-24,375.0,CE,COALINDIA26FEB375CE,0.0,0.0,0.0,20.65,0.0,20.65,418.0,43.35,0,0,0,0.0,0,F1,1350,,,,,
2026-02-18,2026-02-18,FO,NSE,STO,99280,,COALINDIA,,2026-04-28,2026-04-28,425.0,PE,COALINDIA26APR425PE,0.0,0.0,0.0,21.45,0.0,21.45,418.0,19.55,0,0,0,0.0,0,F1,1350,,,,,
2026-02-18,2026-02-18,FO,NSE,STO,99122,,COALINDIA,,2026-04-28,2026-04-28,350.0,PE,COALINDIA26APR350PE,0.0,0.0,0.0,1.75,0.0,1.75,418.0,0.7,0,0,0,0.0,0,F1,1350,,,,,
2026-02-18,2026-02-18,FO,NSE,STO,39226,,COALINDIA,,2026-03-30,2026-03-30,505.0,PE,COALINDIA26MAR505PE,0.0,0.0,0.0,74.2,0.0,74.2,418.0,84.15,0,0,0,0.0,0,F1,1350,,,,,
2026-02-18,2026-02-18,FO,NSE,STO,86643,,COALINDIA,,2026-03-30,2026-03-30,490.0,PE,COALINDIA26MAR490PE,0.0,0.0,0.0,70.05,70.05,70.05,418.0,69.55,6750,0,0,0.0,0,F1,1350,,,,,
2026-02-18,2026-02-18,FO,NSE,STO,99346,,COALINDIA,,2026-04-28,2026-04-28,455.0,CE,COALINDIA26APR455CE,0.0,0.0,0.0,13.9,0.0,13.9,418.0,6.95,0,0,0,0.0,0,F1,1350,,,,,
2026-02-18,2026-02-18,FO,NSE,STO,99432,,COALINDIA,,2026-04-28,2026-04-28,520.0,CE,COALINDIA26APR520CE,0.0,0.0,0.0,2.65,0.0,2.65,418.0,0.55,0,0,0,0.0,0,F1,1350,,,,,
2026-02-18,2026-02-18,FO,NSE,STO,86644,,COALINDIA,,2026-03-30,2026-03-30,500.0,CE,COALINDIA26MAR500CE,0.65,0.7,0.6,0.7,0.6,0.75,418.0,0.7,259200,62100,95,64210117.5,63,F1,1350,,,,,
2026-02-18,2026-02-18,FO,NSE,STO,86638,,COALINDIA,,2026-03-30,2026-03-30,485.0,CE,COALINDIA26MAR485CE,0.0,0.0,0.0,2.25,0.0,2.25,418.0,0.65,0,0,0,0.0,0,F1,1350,,,,,
2026-02-18,2026-02-18,FO,NSE,STO,85509,,COALINDIA,,2026-02-24,2026-02-24,350.0,PE,COALINDIA26FEB350PE,0.0,0.0,0.0,9.5,0.0,9.5,418.0,0.05,0,0,0,0.0,0,F1,1350,,,,,
2026-02-18,2026-02-18,FO,NSE,STO,50304,,COALINDIA,,2026-02-24,2026-02-24,485.0,CE,COALINDIA26FEB485CE,0.15,0.15,0.05,0.1,0.1,0.15,418.0,0.1,202500,10800,18,11787997.5,17,F1,1350,,,,,
2026-02-18,2026-02-18,FO,NSE,STO,86302,,COALINDIA,,2026-02-24,2026-02-24,472.5,CE,COALINDIA26FEB472.5CE,0.15,0.2,0.1,0.1,0.1,0.2,418.0,0.05,108000,-55350,93,59341680.0,52,F1,1350,,,,,
2026-02-18,2026-02-18,FO,NSE,STO,85691,,COALINDIA,,2026-02-24,2026-02-24,440.0,CE,COALINDIA26FEB440CE,0.8,0.8,0.4,0.55,0.5,0.8,418.0,0.55,4293000,-295650,2249,1337400990.0,977,F1,1350,,,,,
2026-02-18,2026-02-18,FO,NSE,STO,86236,,COALINDIA,,2026-02-24,2026-02-24,402.5,CE,COALINDIA26FEB402.5CE,15.45,16.05,11.7,15.65,15.25,15.4,418.0,15.65,29700,-6750,25,14028862.5,22,F1,1350,,,,,
2026-02-18,2026-02-18,FO,NSE,STO,85623,,COALINDIA,,2026-02-24,2026-02-24,380.0,CE,COALINDIA26FEB380CE,34.5,35.6,34.5,35.6,35.6,36.4,418.0,38.35,67500,-2700,2,1120635.0,2,F1,1350,,,,,
2026-02-18,2026-02-18,FO,NSE,STO,85619,,COALINDIA,,2026-02-24,2026-02-24,370.0,CE,COALINDIA26FEB370CE,0.0,0.0,0.0,35.2,35.2,35.2,418.0,48.35,10800,0,0,0.0,0,F1,1350,,,,,
2026-02-18,2026-02-18,FO,NSE,STF,51848,,COALINDIA,,2026-03-30,2026-03-30,,,COALINDIA26MARFUT,419.65,421.0,415.35,420.35,420.0,418.7,418.0,420.35,4750650,1113750,1811,1021465687.5,1596,F1,1350,,,,,
2026-02-18,2026-02-18,FO,NSE,STF,59290,,COALINDIA,,2026-02-24,2026-02-24,,,COALINDIA26FEBFUT,416.75,418.35,412.55,417.6,417.1,416.0,418.0,417.6,45231750,-1617300,4307,2414502742.5,3852,F1,1350,,,,,
2026-02-18,2026-02-18,FO,NSE,STO,86576,,COALINDIA,,2026-03-30,2026-03-30,360.0,PE,COALINDIA26MAR360PE,0.8,0.9,0.7,0.75,0.75,0.85,418.0,0.75,149850,67500,73,35557177.5,59,F1,1350,,,,,
2026-02-18,2026-02-18,FO,NSE,STO,99433,,COALINDIA,,2026-04-28,2026-04-28,520.0,PE,COALINDIA26APR520PE,0.0,0.0,0.0,91.8,0.0,91.8,418.0,97.15,0,0,0,0.0,0,F1,1350,,,,,
2026-02-18,2026-02-18,FO,NSE,STO,99292,,COALINDIA,,2026-04-28,2026-04-28,430.0,PE,COALINDIA26APR430PE,0.0,0.0,0.0,24.0,0.0,24.0,418.0,22.35,0,0,0,0.0,0,F1,1350,,,,,
2026-02-18,2026-02-18,FO,NSE,STO,99126,,COALINDIA,,2026-04-28,2026-04-28,360.0,PE,COALINDIA26APR360PE,0.0,0.0,0.0,2.75,0.0,2.75,418.0,1.35,0,0,0,0.0,0,F1,1350,,,,,
2026-02-18,2026-02-18,FO,NSE,STO,98895,,COALINDIA,,2026-03-30,2026-03-30,467.5,PE,COALINDIA26MAR467.5PE,0.0,0.0,0.0,46.2,0.0,46.2,418.0,48.45,0,0,0,0.0,0,F1,1350,,,,,
2026-02-18,2026-02-18,FO,NSE,STO,98715,,COALINDIA,,2026-03-30,2026-03-30,357.5,PE,COALINDIA26MAR357.5PE,0.0,0.0,0.0,1.25,0.0,1.25,418.0,0.3,0,0,0,0.0,0,F1,1350,,,,,
2026-02-18,2026-02-18,FO,NSE,STO,42210,,COALINDIA,,2026-02-24,2026-02-24,475.0,PE,COALINDIA26FEB475PE,0.0,0.0,0.0,43.0,43.0,43.0,418.0,56.55,14850,0,0,0.0,0,F1,1350,,,,,
2026-02-18,2026-02-18,FO,NSE,STO,35619,,COALINDIA,,2026-02-24,2026-02-24,465.0,PE,COALINDIA26FEB465PE,48.0,48.0,48.0,48.0,48.0,50.25,418.0,48.0,40500,0,1,692550.0,1,F1,1350,,,,,
2026-02-18,2026-02-18,FO,NSE,STO,85678,,COALINDIA,,2026-02-24,2026-02-24,420.0,PE,COALINDIA26FEB420PE,7.15,9.7,5.45,5.8,6.1,7.5,418.0,5.8,2814750,-132300,1067,616261095.0,925,F1,1350,,,,,
2026-02-18,2026-02-18,FO,NSE,STO,85667,,COALINDIA,,2026-02-24,2026-02-24,410.0,PE,COALINDIA26FEB410PE,2.55,3.8,1.55,1.7,1.75,2.7,418.0,1.7,1248750,103950,2868,1597465327.5,1998,F1,1350,,,,,
2026-02-18,2026-02-18,FO,NSE,STO,85624,,COALINDIA,,2026-02-24,2026-02-24,380.0,PE,COALINDIA26FEB380PE,0.2,0.25,0.05,0.1,0.1,0.15,418.0,0.1,1614600,1350,214,109815412.5,74,F1,1350,,,,,
2026-02-18,2026-02-18,FO,NSE,STO,86225,,COALINDIA,,2026-02-24,2026-02-24,377.5,PE,COALINDIA26FEB377.5PE,0.0,0.0,0.0,0.15,0.15,0.15,418.0,0.05,16200,0,0,0.0,0,F1,1350,,,,,
2026-02-18,2026-02-18,FO,NSE,STO,85620,,COALINDIA,,2026-02-24,2026-02-24,370.0,PE,COALINDIA26FEB370PE,0.05,0.1,0.05,0.05,0.05,0.1,418.0,0.05,521100,-13500,24,11989755.0,13,F1,1350,,,,,
2026-02-18,2026-02-18,FO,NSE,STO,99340,,COALINDIA,,2026-04-28,2026-04-28,445.0,CE,COALINDIA26APR445CE,0.0,0.0,0.0,17.25,0.0,17.25,418.0,9.55,0,0,0,0.0,0,F1,1350,,,,,
2026-02-18,2026-02-18,FO,NSE,STO,99139,,COALINDIA,,2026-04-28,2026-04-28,395.0,CE,COALINDIA26APR395CE,0.0,0.0,0.0,43.65,0.0,43.65,418.0,34.35,0,0,0,0.0,0,F1,1350,,,,,
2026-02-18,2026-02-18,FO,NSE,STO,86646,,COALINDIA,,2026-03-30,2026-03-30,510.0,CE,COALINDIA26MAR510CE,0.0,0.0,0.0,0.95,0.0,0.95,418.0,0.15,0,0,0,0.0,0,F1,1350,,,,,
2026-02-18,2026-02-18,FO,NSE,STO,98842,,COALINDIA,,2026-03-30,2026-03-30,457.5,CE,COALINDIA26MAR457.5CE,2.15,2.15,2.15,2.15,2.15,2.6,418.0,2.9,9450,4050,4,2482110.0,1,F1,1350,,,,,
2026-02-18,2026-02-18,FO,NSE,STO,98804,,COALINDIA,,2026-03-30,2026-03-30,437.5,CE,COALINDIA26MAR437.5CE,5.0,5.55,4.95,5.55,5.5,5.7,418.0,5.55,64800,5400,9,5378940.0,7,F1,1350,,,,,
2026-02-18,2026-02-18,FO,NSE,STO,86607,,COALINDIA,,2026-03-30,2026-03-30,435.0,CE,COALINDIA26MAR435CE,5.5,6.4,5.25,6.25,6.15,6.45,418.0,6.25,82350,31050,42,24991200.0,34,F1,1350,,,,,
2026-02-18,2026-02-18,FO,NSE,STO,86597,,COALINDIA,,2026-03-30,2026-03-30,410.0,CE,COALINDIA26MAR410CE,15.0,17.85,15.0,17.8,17.7,17.15,418.0,17.8,197100,5400,70,40259362.5,60,F1,1350,,,,,
2026-02-18,2026-02-18,FO,NSE,STO,98728,,COALINDIA,,2026-03-30,2026-03-30,392.5,CE,COALINDIA26MAR392.5CE,0.0,0.0,0.0,40.9,0.0,40.9,418.0,31.65,0,0,0,0.0,0,F1,1350,,,,,
2026-02-18,2026-02-18,FO,NSE,STO,86285,,COALINDIA,,2026-02-24,2026-02-24,442.5,PE,COALINDIA26FEB442.5PE,29.5,29.5,26.4,26.45,26.45,28.15,418.0,24.35,179550,-2700,7,4443795.0,7,F1,1350,,,,,
2026-02-18,2026-02-18,FO,NSE,STO,85686,,COALINDIA,,2026-02-24,2026-02-24,430.0,PE,COALINDIA26FEB430PE,17.8,18.2,13.2,13.5,13.95,15.2,418.0,13.5,1117800,-257850,385,231567660.0,223,F1,1350,,,,,
2026-02-18,2026-02-18,FO,NSE,STO,86229,,COALINDIA,,2026-02-24,2026-02-24,382.5,PE,COALINDIA26FEB382.5PE,0.2,0.2,0.15,0.15,0.15,0.2,418.0,0.05,81000,-32400,49,25312432.5,13,F1,1350,,,,,
2026-02-18,2026-02-18,FO,NSE,STO,85618,,COALINDIA,,2026-02-24,2026-02-24,365.0,PE,COALINDIA26FEB365PE,0.0,0.0,0.0,0.1,0.1,0.1,418.0,0.05,12150,0,0,0.0,0,F1,1350,,,,,
2026-02-18,2026-02-18,FO,NSE,STO,85607,,COALINDIA,,2026-02-24,2026-02-24,355.0,PE,COALINDIA26FEB355PE,0.0,0.0,0.0,11.2,0.0,11.2,418.0,0.05,0,0,0,0.0,0,F1,1350,,,,,
2026-02-18,2026-02-18,FO,NSE,STO,99277,,COALINDIA,,2026-04-28,2026-04-28,420.0,CE,COALINDIA26APR420CE,0.0,0.0,0.0,28.4,0.0,28.4,418.0,19.3,0,0,0,0.0,0,F1,1350,,,,,
2026-02-18,2026-02-18,FO,NSE,STO,99127,,COALINDIA,,2026-04-28,2026-04-28,365.0,CE,COALINDIA26APR365CE,0.0,0.0,0.0,66.85,0.0,66.85,418.0,58.55,0,0,0,0.0,0,F1,1350,,,,,
2026-02-18,2026-02-18,FO,NSE,STO,39227,,COALINDIA,,2026-03-30,2026-03-30,515.0,CE,COALINDIA26MAR515CE,0.0,0.0,0.0,0.8,0.8,0.8,418.0,0.1,18900,0,0,0.0,0,F1,1350,,,,,
2026-02-18,2026-02-18,FO,NSE,STO,98800,,COALINDIA,,2026-03-30,2026-03-30,432.5,CE,COALINDIA26MAR432.5CE,6.45,7.0,6.15,6.9,6.85,7.05,418.0,6.9,28350,6750,15,8890425.0,13,F1,1350,,,,,
2026-02-18,2026-02-18,FO,NSE,STO,86605,,COALINDIA,,2026-03-30,2026-03-30,430.0,CE,COALINDIA26MAR430CE,7.75,8.1,6.6,7.9,7.7,7.95,418.0,7.9,562950,85050,462,272729160.0,342,F1,1350,,,,,
2026-02-18,2026-02-18,FO,NSE,STO,86595,,COALINDIA,,2026-03-30,2026-03-30,405.0,CE,COALINDIA26MAR405CE,18.2,20.5,18.2,20.5,20.5,21.6,418.0,20.5,13500,9450,11,6293025.0,8,F1,1350,,,,,
2026-02-18,2026-02-18,FO,NSE,STO,86591,,COALINDIA,,2026-03-30,2026-03-30,395.0,CE,COALINDIA26MAR395CE,0.0,0.0,0.0,25.55,0.0,25.55,418.0,29.75,0,0,0,0.0,0,F1,1350,,,,,
2026-02-18,2026-02-18,FO,NSE,STO,86589,,COALINDIA,,2026-03-30,2026-03-30,390.0,CE,COALINDIA26MAR390CE,29.6,33.0,29.6,33.0,33.0,31.0,418.0,33.0,35100,2700,2,1137510.0,2,F1,1350,,,,,
2026-02-18,2026-02-18,FO,NSE,STO,86583,,COALINDIA,,2026-03-30,2026-03-30,375.0,CE,COALINDIA26MAR375CE,0.0,0.0,0.0,37.7,0.0,37.7,418.0,46.5,0,0,0,0.0,0,F1,1350,,,,,
2026-02-18,2026-02-18,FO,NSE,STO,98718,,COALINDIA,,2026-03-30,2026-03-30,367.5,CE,COALINDIA26MAR367.5CE,0.0,0.0,0.0,61.35,0.0,61.35,418.0,53.4,0,0,0,0.0,0,F1,1350,,,,,
2026-02-18,2026-02-18,FO,NSE,STO,85695,,COALINDIA,,2026-02-24,2026-02-24,450.0,CE,COALINDIA26FEB450CE,0.4,0.4,0.2,0.25,0.2,0.45,418.0,0.25,3688200,-409050,2125,1291700452.5,545,F1,1350,,,,,
2026-02-18,2026-02-18,FO,NSE,STO,86258,,COALINDIA,,2026-02-24,2026-02-24,417.5,CE,COALINDIA26FEB417.5CE,4.8,5.25,2.95,4.6,4.4,4.8,418.0,4.6,450900,48600,1616,919157760.0,1261,F1,1350,,,,,
2026-02-18,2026-02-18,FO,NSE,STO,86281,,COALINDIA,,2026-02-24,2026-02-24,437.5,PE,COALINDIA26FEB437.5PE,0.0,0.0,0.0,21.45,21.45,21.45,418.0,19.6,222750,0,0,0.0,0,F1,1350,,,,,
2026-02-18,2026-02-18,FO,NSE,STO,99278,,COALINDIA,,2026-04-28,2026-04-28,420.0,PE,COALINDIA26APR420PE,0.0,0.0,0.0,19.1,0.0,19.1,418.0,16.95,0,0,0,0.0,0,F1,1350,,,,,
2026-02-18,2026-02-18,FO,NSE,STO,39220,,COALINDIA,,2026-03-30,2026-03-30,495.0,PE,COALINDIA26MAR495PE,0.0,0.0,0.0,65.65,0.0,65.65,418.0,74.4,0,0,0,0.0,0,F1,1350,,,,,
2026-02-18,2026-02-18,FO,NSE,STO,86633,,COALINDIA,,2026-03-30,2026-03-30,475.0,PE,COALINDIA26MAR475PE,0.0,0.0,0.0,73.05,0.0,73.05,418.0,55.3,0,0,0,0.0,0,F1,1350,,,,,
2026-02-18,2026-02-18,FO,NSE,STO,98843,,COALINDIA,,2026-03-30,2026-03-30,457.5,PE,COALINDIA26MAR457.5PE,41.0,41.0,41.0,41.0,41.0,38.55,418.0,39.65,1350,1350,1,672975.0,1,F1,1350,,,,,
2026-02-18,2026-02-18,FO,NSE,STO,98829,,COALINDIA,,2026-03-30,2026-03-30,437.5,PE,COALINDIA26MAR437.5PE,0.0,0.0,0.0,25.25,0.0,25.25,418.0,24.1,0,0,0,0.0,0,F1,1350,,,,,
2026-02-18,2026-02-18,FO,NSE,STO,98803,,COALINDIA,,2026-03-30,2026-03-30,432.5,PE,COALINDIA26MAR432.5PE,22.0,22.0,22.0,22.0,22.0,22.35,418.0,20.75,1350,1350,1,613575.0,1,F1,1350,,,,,
2026-02-18,2026-02-18,FO,NSE,STO,86578,,COALINDIA,,2026-03-30,2026-03-30,365.0,PE,COALINDIA26MAR365PE,0.0,0.0,0.0,6.45,0.0,6.45,418.0,0.6,0,0,0,0.0,0,F1,1350,,,,,
2026-02-18,2026-02-18,FO,NSE,STO,40103,,COALINDIA,,2026-03-30,2026-03-30,352.5,PE,COALINDIA26MAR352.5PE,0.0,0.0,0.0,0.4,0.0,0.4,418.0,0.2,0,0,0,0.0,0,F1,1350,,,,,
2026-02-18,2026-02-18,FO,NSE,STO,98726,,COALINDIA,,2026-03-30,2026-03-30,387.5,CE,COALINDIA26MAR387.5CE,31.0,31.0,31.0,31.0,31.0,44.65,418.0,35.7,1350,1350,1,564975.0,1,F1,1350,,,,,
2026-02-18,2026-02-18,FO,NSE,STO,86306,,COALINDIA,,2026-02-24,2026-02-24,482.5,CE,COALINDIA26FEB482.5CE,0.05,0.05,0.05,0.05,0.05,0.3,418.0,0.05,17550,-79650,65,42343762.5,10,F1,1350,,,,,
2026-02-18,2026-02-18,FO,NSE,STO,86290,,COALINDIA,,2026-02-24,2026-02-24,457.5,CE,COALINDIA26FEB457.5CE,0.2,0.25,0.1,0.15,0.15,0.3,418.0,0.15,271350,0,69,42633067.5,28,F1,1350,,,,,
2026-02-18,2026-02-18,FO,NSE,STO,85635,,COALINDIA,,2026-02-24,2026-02-24,390.0,CE,COALINDIA26FEB390CE,24.05,28.4,23.65,28.4,28.4,26.25,418.0,28.4,51300,-27000,24,13439722.5,18,F1,1350,,,,,
2026-02-18,2026-02-18,FO,NSE,STO,86228,,COALINDIA,,2026-02-24,2026-02-24,382.5,CE,COALINDIA26FEB382.5CE,0.0,0.0,0.0,27.5,0.0,27.5,418.0,35.85,0,0,0,0.0,0,F1,1350,,,,,
2026-02-18,2026-02-18,FO,NSE,STO,86224,,COALINDIA,,2026-02-24,2026-02-24,377.5,CE,COALINDIA26FEB377.5CE,0.0,0.0,0.0,37.6,37.6,37.6,418.0,40.85,1350,0,0,0.0,0,F1,1350,,,,,
2026-02-18,2026-02-18,FO,NSE,STO,99425,,COALINDIA,,2026-04-28,2026-04-28,500.0,PE,COALINDIA26APR500PE,0.0,0.0,0.0,74.05,0.0,74.05,418.0,78.15,0,0,0,0.0,0,F1,1350,,,,,
2026-02-18,2026-02-18,FO,NSE,STO,99349,,COALINDIA,,2026-04-28,2026-04-28,460.0,PE,COALINDIA26APR460PE,0.0,0.0,0.0,42.45,0.0,42.45,418.0,43.1,0,0,0,0.0,0,F1,1350,,,,,
2026-02-18,2026-02-18,FO,NSE,STO,87711,,COLPAL,,2026-03-30,2026-03-30,1920.0,PE,COLPAL26MAR1920PE,0.0,0.0,0.0,18.3,18.3,18.3,2203.9,1.4,450,0,0,0.0,0,F1,225,,,,,
2026-02-18,2026-02-18,FO,NSE,STO,100170,,COLPAL,,2026-03-30,2026-03-30,2220.0,PE,COLPAL26MAR2220PE,0.0,0.0,0.0,118.4,0.0,118.4,2203.9,65.65,0,0,0,0.0,0,F1,225,,,,,
2026-02-18,2026-02-18,FO,NSE,STO,86367,,COLPAL,,2026-02-24,2026-02-24,1960.0,CE,COLPAL26FEB1960CE,0.0,0.0,0.0,200.6,200.6,200.6,2203.9,245.65,450,0,0,0.0,0,F1,225,,,,,
2026-02-18,2026-02-18,FO,NSE,STO,100428,,COLPAL,,2026-04-28,2026-04-28,2080.0,PE,COLPAL26APR2080PE,0.0,0.0,0.0,66.6,0.0,66.6,2203.9,28.65,0,0,0,0.0,0,F1,225,,,,,
2026-02-18,2026-02-18,FO,NSE,STO,87158,,COLPAL,,2026-02-24,2026-02-24,1980.0,PE,COLPAL26FEB1980PE,0.8,1.1,0.5,0.55,0.5,1.75,2203.9,0.55,64800,17550,182,81112815.0,115,F1,225,,,,,
2026-02-18,2026-02-18,FO,NSE,STO,86369,,COLPAL,,2026-02-24,2026-02-24,2000.0,CE,COLPAL26FEB2000CE,148.45,209.6,148.45,208.15,209.6,147.0,2203.9,208.15,13725,-3600,45,22114698.75,40,F1,225,,,,,
2026-02-18,2026-02-18,FO,NSE,STO,87332,,COLPAL,,2026-02-24,2026-02-24,2180.0,CE,COLPAL26FEB2180CE,15.5,42.45,15.5,39.7,42.45,15.6,2203.9,39.7,75375,-66375,2880,1430708681.25,2139,F1,225,,,,,
2026-02-18,2026-02-18,FO,NSE,STO,87823,,COLPAL,,2026-03-30,2026-03-30,2360.0,CE,COLPAL26MAR2360CE,10.0,21.2,10.0,20.65,21.0,26.85,2203.9,20.65,24525,24525,132,70557997.5,97,F1,225,,,,,
2026-02-18,2026-02-18,FO,NSE,STO,100390,,COLPAL,,2026-04-28,2026-04-28,2000.0,PE,COLPAL26APR2000PE,0.0,0.0,0.0,41.2,0.0,41.2,2203.9,13.2,0,0,0,0.0,0,F1,225,,,,,
2026-02-18,2026-02-18,FO,NSE,STO,100474,,COLPAL,,2026-04-28,2026-04-28,2360.0,PE,COLPAL26APR2360PE,0.0,0.0,0.0,222.7,0.0,222.7,2203.9,168.1,0,0,0,0.0,0,F1,225,,,,,
2026-02-18,2026-02-18,FO,NSE,STO,87729,,COLPAL,,2026-03-30,2026-03-30,2120.0,PE,COLPAL26MAR2120PE,30.0,30.0,25.85,28.65,25.85,50.4,2203.9,28.65,1125,-225,6,2901566.25,4,F1,225,,,,,
2026-02-18,2026-02-18,FO,NSE,STO,86359,,COLPAL,,2026-02-24,2026-02-24,1800.0,CE,COLPAL26FEB1800CE,0.0,0.0,0.0,329.55,329.55,329.55,2203.9,405.55,225,0,0,0.0,0,F1,225,,,,,
2026-02-18,2026-02-18,FO,NSE,STO,100020,,COLPAL,,2026-03-30,2026-03-30,2100.0,PE,COLPAL26MAR2100PE,28.0,28.3,20.75,21.3,21.25,31.5,2203.9,21.3,43650,26775,239,114215433.75,169,F1,225,,,,,
2026-02-18,2026-02-18,FO,NSE,STO,86429,,COLPAL,,2026-02-24,2026-02-24,2440.0,CE,COLPAL26FEB2440CE,0.9,1.3,0.9,1.05,1.05,0.5,2203.9,1.05,14850,4050,35,19223156.25,31,F1,225,,,,,
2026-02-18,2026-02-18,FO,NSE,STO,86363,,COLPAL,,2026-02-24,2026-02-24,1880.0,CE,COLPAL26FEB1880CE,0.0,0.0,0.0,332.6,0.0,332.6,2203.9,325.6,0,0,0,0.0,0,F1,225,,,,,
2026-02-18,2026-02-18,FO,NSE,STO,87730,,COLPAL,,2026-03-30,2026-03-30,2160.0,CE,COLPAL26MAR2160CE,65.0,99.0,65.0,96.0,97.0,49.2,2203.9,96.0,4950,2250,36,18152527.5,24,F1,225,,,,,
2026-02-18,2026-02-18,FO,NSE,STO,100382,,COLPAL,,2026-04-28,2026-04-28,1960.0,CE,COLPAL26APR1960CE,0.0,0.0,0.0,255.25,0.0,255.25,2203.9,272.65,0,0,0,0.0,0,F1,225,,,,,
2026-02-18,2026-02-18,FO,NSE,STO,86360,,COLPAL,,2026-02-24,2026-02-24,1800.0,PE,COLPAL26FEB1800PE,0.0,0.0,0.0,8.2,0.0,8.2,2203.9,0.05,0,0,0,0.0,0,F1,225,,,,,
2026-02-18,2026-02-18,FO,NSE,STO,86362,,COLPAL,,2026-02-24,2026-02-24,1840.0,PE,COLPAL26FEB1840PE,0.0,0.0,0.0,1.7,1.7,1.7,2203.9,0.05,450,0,0,0.0,0,F1,225,,,,,
2026-02-18,2026-02-18,FO,NSE,STO,87342,,COLPAL,,2026-02-24,2026-02-24,2380.0,CE,COLPAL26FEB2380CE,0.9,1.95,0.9,1.7,1.6,3.0,2203.9,1.7,6525,3375,28,15003483.75,19,F1,225,,,,,
2026-02-18,2026-02-18,FO,NSE,STO,87340,,COLPAL,,2026-02-24,2026-02-24,2340.0,CE,COLPAL26FEB2340CE,2.0,2.75,1.8,2.4,2.35,1.8,2203.9,2.4,36675,-1350,149,78527463.75,116,F1,225,,,,,
2026-02-18,2026-02-18,FO,NSE,STO,99996,,COLPAL,,2026-03-30,2026-03-30,2060.0,PE,COLPAL26MAR2060PE,15.75,15.85,14.2,14.2,14.2,45.55,2203.9,12.75,3375,3375,19,8871086.25,19,F1,225,,,,,
2026-02-18,2026-02-18,FO,NSE,STO,86418,,COLPAL,,2026-02-24,2026-02-24,2200.0,PE,COLPAL26FEB2200PE,55.9,55.9,18.5,20.2,19.2,60.5,2203.9,20.2,158175,-25650,1342,672779722.5,1073,F1,225,,,,,
2026-02-18,2026-02-18,FO,NSE,STO,87145,,COLPAL,,2026-02-24,2026-02-24,1900.0,PE,COLPAL26FEB1900PE,0.55,0.7,0.55,0.6,0.6,0.9,2203.9,0.6,63675,-4500,27,11546167.5,17,F1,225,,,,,
2026-02-18,2026-02-18,FO,NSE,STO,86358,,COLPAL,,2026-02-24,2026-02-24,1760.0,PE,COLPAL26FEB1760PE,0.0,0.0,0.0,1.0,1.0,1.0,2203.9,0.05,450,0,0,0.0,0,F1,225,,,,,
2026-02-18,2026-02-18,FO,NSE,STO,100473,,COLPAL,,2026-04-28,2026-04-28,2360.0,CE,COLPAL26APR2360CE,0.0,0.0,0.0,52.75,0.0,52.75,2203.9,36.45,0,0,0,0.0,0,F1,225,,,,,
2026-02-18,2026-02-18,FO,NSE,STO,87828,,COLPAL,,2026-03-30,2026-03-30,2440.0,CE,COLPAL26MAR2440CE,9.4,11.0,9.4,10.5,10.45,5.25,2203.9,10.5,3825,3600,29,15986643.75,21,F1,225,,,,,
2026-02-18,2026-02-18,FO,NSE,STO,100037,,COLPAL,,2026-03-30,2026-03-30,2140.0,CE,COLPAL26MAR2140CE,76.0,112.0,76.0,112.0,112.0,70.0,2203.9,112.0,4725,2700,38,19111365.0,33,F1,225,,,,,
2026-02-18,2026-02-18,FO,NSE,STO,100019,,COLPAL,,2026-03-30,2026-03-30,2100.0,CE,COLPAL26MAR2100CE,99.9,141.0,98.0,139.6,141.0,90.0,2203.9,139.6,20025,1575,50,25009706.25,46,F1,225,,,,,
2026-02-18,2026-02-18,FO,NSE,STO,99992,,COLPAL,,2026-03-30,2026-03-30,2060.0,CE,COLPAL26MAR2060CE,0.0,0.0,0.0,160.95,0.0,160.95,2203.9,169.05,0,0,0,0.0,0,F1,225,,,,,
2026-02-18,2026-02-18,FO,NSE,STO,87317,,COLPAL,,2026-02-24,2026-02-24,2100.0,CE,COLPAL26FEB2100CE,62.95,112.75,62.95,110.05,110.8,58.85,2203.9,110.05,66825,-21825,284,139661235.0,218,F1,225,,,,,
2026-02-18,2026-02-18,FO,NSE,STO,100381,,COLPAL,,2026-04-28,2026-04-28,1920.0,PE,COLPAL26APR1920PE,0.0,0.0,0.0,23.4,0.0,23.4,2203.9,5.2,0,0,0,0.0,0,F1,225,,,,,
2026-02-18,2026-02-18,FO,NSE,STO,99978,,COLPAL,,2026-03-30,2026-03-30,1940.0,CE,COLPAL26MAR1940CE,0.0,0.0,0.0,251.3,0.0,251.3,2203.9,277.55,0,0,0,0.0,0,F1,225,,,,,
2026-02-18,2026-02-18,FO,NSE,STO,99977,,COLPAL,,2026-03-30,2026-03-30,1900.0,PE,COLPAL26MAR1900PE,0.0,0.0,0.0,6.0,6.0,6.0,2203.9,0.95,4275,0,0,0.0,0,F1,225,,,,,
2026-02-18,2026-02-18,FO,NSE,STO,100400,,COLPAL,,2026-04-28,2026-04-28,2040.0,PE,COLPAL26APR2040PE,0.0,0.0,0.0,52.8,0.0,52.8,2203.9,19.8,0,0,0,0.0,0,F1,225,,,,,
2026-02-18,2026-02-18,FO,NSE,STO,86431,,COLPAL,,2026-02-24,2026-02-24,2480.0,CE,COLPAL26FEB2480CE,0.9,1.0,0.9,0.9,0.9,2.7,2203.9,0.9,8550,0,12,6698475.0,10,F1,225,,,,,
2026-02-18,2026-02-18,FO,NSE,STO,87777,,COLPAL,,2026-03-30,2026-03-30,2280.0,PE,COLPAL26MAR2280PE,0.0,0.0,0.0,234.8,0.0,234.8,2203.9,101.05,0,0,0,0.0,0,F1,225,,,,,
2026-02-18,2026-02-18,FO,NSE,STO,87751,,COLPAL,,2026-03-30,2026-03-30,2280.0,CE,COLPAL26MAR2280CE,33.45,41.35,33.45,40.45,41.0,17.5,2203.9,40.45,4275,3600,23,11987606.25,18,F1,225,,,,,
2026-02-18,2026-02-18,FO,NSE,STO,100183,,COLPAL,,2026-03-30,2026-03-30,2340.0,CE,COLPAL26MAR2340CE,15.75,25.5,15.75,24.25,25.0,12.15,2203.9,24.25,18675,16425,128,67978698.75,103,F1,225,,,,,
2026-02-18,2026-02-18,FO,NSE,STO,87830,,COLPAL,,2026-03-30,2026-03-30,2480.0,CE,COLPAL26MAR2480CE,6.0,8.2,6.0,7.85,8.15,7.0,2203.9,7.85,6075,5625,26,14551290.0,22,F1,225,,,,,
2026-02-18,2026-02-18,FO,NSE,STO,100479,,COLPAL,,2026-04-28,2026-04-28,2480.0,CE,COLPAL26APR2480CE,0.0,0.0,0.0,28.45,0.0,28.45,2203.9,14.65,0,0,0,0.0,0,F1,225,,,,,
2026-02-18,2026-02-18,FO,NSE,STO,86422,,COLPAL,,2026-02-24,2026-02-24,2280.0,PE,COLPAL26FEB2280PE,0.0,0.0,0.0,148.0,148.0,148.0,2203.9,77.85,1125,0,0,0.0,0,F1,225,,,,,
2026-02-18,2026-02-18,FO,NSE,STO,87341,,COLPAL,,2026-02-24,2026-02-24,2340.0,PE,COLPAL26FEB2340PE,0.0,0.0,0.0,226.95,226.95,226.95,2203.9,134.4,900,0,0,0.0,0,F1,225,,,,,
2026-02-18,2026-02-18,FO,NSE,STO,87527,,COLPAL,,2026-03-30,2026-03-30,1800.0,PE,COLPAL26MAR1800PE,0.0,0.0,0.0,16.95,0.0,16.95,2203.9,0.1,0,0,0,0.0,0,F1,225,,,,,
2026-02-18,2026-02-18,FO,NSE,STO,99981,,COLPAL,,2026-03-30,2026-03-30,1980.0,PE,COLPAL26MAR1980PE,0.0,0.0,0.0,24.4,0.0,24.4,2203.9,4.0,0,0,0,0.0,0,F1,225,,,,,
2026-02-18,2026-02-18,FO,NSE,STO,87713,,COLPAL,,2026-03-30,2026-03-30,1960.0,PE,COLPAL26MAR1960PE,0.0,0.0,0.0,54.8,0.0,54.8,2203.9,2.85,0,0,0,0.0,0,F1,225,,,,,
2026-02-18,2026-02-18,FO,NSE,STO,87599,,COLPAL,,2026-03-30,2026-03-30,1880.0,PE,COLPAL26MAR1880PE,0.0,0.0,0.0,32.0,0.0,32.0,2203.9,0.6,0,0,0,0.0,0,F1,225,,,,,
2026-02-18,2026-02-18,FO,NSE,STO,86424,,COLPAL,,2026-02-24,2026-02-24,2320.0,PE,COLPAL26FEB2320PE,0.0,0.0,0.0,167.0,167.0,167.0,2203.9,114.95,0,0,0,0.0,0,F1,225,,,,,
2026-02-18,2026-02-18,FO,NSE,STO,86405,,COLPAL,,2026-02-24,2026-02-24,2000.0,PE,COLPAL26FEB2000PE,1.25,1.25,0.55,0.6,0.55,1.55,2203.9,0.6,60525,-25650,225,101288688.75,139,F1,225,,,,,
2026-02-18,2026-02-18,FO,NSE,STO,86368,,COLPAL,,2026-02-24,2026-02-24,1960.0,PE,COLPAL26FEB1960PE,0.55,0.85,0.55,0.55,0.55,1.2,2203.9,0.05,9675,225,5,2205765.0,5,F1,225,,,,,
2026-02-18,2026-02-18,FO,NSE,STO,100475,,COLPAL,,2026-04-28,2026-04-28,2400.0,CE,COLPAL26APR2400CE,0.0,0.0,0.0,43.35,0.0,43.35,2203.9,27.35,0,0,0,0.0,0,F1,225,,,,,
2026-02-18,2026-02-18,FO,NSE,STO,87716,,COLPAL,,2026-03-30,2026-03-30,2040.0,CE,COLPAL26MAR2040CE,0.0,0.0,0.0,130.15,0.0,130.15,2203.9,185.95,0,0,0,0.0,0,F1,225,,,,,
2026-02-18,2026-02-18,FO,NSE,STO,87712,,COLPAL,,2026-03-30,2026-03-30,1960.0,CE,COLPAL26MAR1960CE,0.0,0.0,0.0,181.3,181.3,181.3,2203.9,258.55,225,0,0,0.0,0,F1,225,,,,,
2026-02-18,2026-02-18,FO,NSE,STO,86408,,COLPAL,,2026-02-24,2026-02-24,2080.0,CE,COLPAL26FEB2080CE,87.0,125.0,87.0,125.0,125.0,75.0,2203.9,126.2,13500,-2250,14,6883357.5,14,F1,225,,,,,
2026-02-18,2026-02-18,FO,NSE,STF,66779,,COLPAL,,2026-04-28,2026-04-28,,,COLPAL26APRFUT,2181.1,2231.6,2180.3,2228.2,2228.2,2170.0,2203.9,2228.2,69525,1800,109,54259605.0,101,F1,225,,,,,
2026-02-18,2026-02-18,FO,NSE,STF,59292,,COLPAL,,2026-02-24,2026-02-24,,,COLPAL26FEBFUT,2150.2,2211.8,2144.9,2208.4,2211.0,2147.6,2203.9,2208.4,5375025,-626400,6307,3105954495.0,5289,F1,225,,,,,
2026-02-18,2026-02-18,FO,NSE,STO,100384,,COLPAL,,2026-04-28,2026-04-28,1960.0,PE,COLPAL26APR1960PE,0.0,0.0,0.0,31.35,0.0,31.35,2203.9,8.45,0,0,0,0.0,0,F1,225,,,,,
2026-02-18,2026-02-18,FO,NSE,STO,100238,,COLPAL,,2026-03-30,2026-03-30,2380.0,PE,COLPAL26MAR2380PE,0.0,0.0,0.0,230.4,0.0,230.4,2203.9,176.5,0,0,0,0.0,0,F1,225,,,,,
2026-02-18,2026-02-18,FO,NSE,STO,100438,,COLPAL,,2026-04-28,2026-04-28,2160.0,PE,COLPAL26APR2160PE,0.0,0.0,0.0,100.75,0.0,100.75,2203.9,54.15,0,0,0,0.0,0,F1,225,,,,,
2026-02-18,2026-02-18,FO,NSE,STO,100435,,COLPAL,,2026-04-28,2026-04-28,2120.0,PE,COLPAL26APR2120PE,0.0,0.0,0.0,82.6,0.0,82.6,2203.9,40.0,0,0,0,0.0,0,F1,225,,,,,
2026-02-18,2026-02-18,FO,NSE,STO,87824,,COLPAL,,2026-03-30,2026-03-30,2360.0,PE,COLPAL26MAR2360PE,0.0,0.0,0.0,187.1,187.1,187.1,2203.9,160.05,5625,0,0,0.0,0,F1,225,,,,,
2026-02-18,2026-02-18,FO,NSE,STO,86428,,COLPAL,,2026-02-24,2026-02-24,2400.0,PE,COLPAL26FEB2400PE,235.0,235.0,194.6,194.6,194.6,225.3,2203.9,194.6,13950,-4500,20,11732265.0,13,F1,225,,,,,
2026-02-18,2026-02-18,FO,NSE,STO,87331,,COLPAL,,2026-02-24,2026-02-24,2140.0,PE,COLPAL26FEB2140PE,20.1,21.75,3.95,4.3,4.1,22.1,2203.9,4.3,119475,21600,1071,517864860.0,903,F1,225,,,,,
2026-02-18,2026-02-18,FO,NSE,STO,87162,,COLPAL,,2026-02-24,2026-02-24,2020.0,PE,COLPAL26FEB2020PE,1.1,1.4,0.7,0.75,0.85,2.0,2203.9,0.75,38475,-24975,268,121862250.0,180,F1,225,,,,,
2026-02-18,2026-02-18,FO,NSE,STO,87117,,COLPAL,,2026-02-24,2026-02-24,1820.0,PE,COLPAL26FEB1820PE,0.7,0.7,0.7,0.7,0.7,0.8,2203.9,0.05,4275,-225,1,409657.5,1,F1,225,,,,,
2026-02-18,2026-02-18,FO,NSE,STO,100441,,COLPAL,,2026-04-28,2026-04-28,2240.0,CE,COLPAL26APR2240CE,0.0,0.0,0.0,91.75,0.0,91.75,2203.9,78.3,0,0,0,0.0,0,F1,225,,,,,
2026-02-18,2026-02-18,FO,NSE,STO,100436,,COLPAL,,2026-04-28,2026-04-28,2160.0,CE,COLPAL26APR2160CE,0.0,0.0,0.0,127.75,0.0,127.75,2203.9,120.35,0,0,0,0.0,0,F1,225,,,,,
2026-02-18,2026-02-18,FO,NSE,STO,100309,,COLPAL,,2026-04-28,2026-04-28,1760.0,CE,COLPAL26APR1760CE,0.0,0.0,0.0,426.45,0.0,426.45,2203.9,462.55,0,0,0,0.0,0,F1,225,,,,,
2026-02-18,2026-02-18,FO,NSE,STO,100237,,COLPAL,,2026-03-30,2026-03-30,2380.0,CE,COLPAL26MAR2380CE,13.8,16.75,12.45,16.75,16.7,10.0,2203.9,16.75,12375,11700,63,33942948.75,35,F1,225,,,,,
2026-02-18,2026-02-18,FO,NSE,STO,99976,,COLPAL,,2026-03-30,2026-03-30,1900.0,CE,COLPAL26MAR1900CE,0.0,0.0,0.0,285.35,0.0,285.35,2203.9,316.25,0,0,0,0.0,0,F1,225,,,,,
2026-02-18,2026-02-18,FO,NSE,STO,87334,,COLPAL,,2026-02-24,2026-02-24,2220.0,CE,COLPAL26FEB2220CE,7.65,20.45,7.45,19.1,20.2,7.4,2203.9,19.1,152775,24525,2728,1372943160.0,2040,F1,225,,,,,
2026-02-18,2026-02-18,FO,NSE,STO,86365,,COLPAL,,2026-02-24,2026-02-24,1920.0,CE,COLPAL26FEB1920CE,0.0,0.0,0.0,191.0,191.0,191.0,2203.9,285.65,1575,0,0,0.0,0,F1,225,,,,,
2026-02-18,2026-02-18,FO,NSE,STO,87113,,COLPAL,,2026-02-24,2026-02-24,1820.0,CE,COLPAL26FEB1820CE,0.0,0.0,0.0,292.0,292.0,292.0,2203.9,385.55,450,0,0,0.0,0,F1,225,,,,,
2026-02-18,2026-02-18,FO,NSE,STO,100444,,COLPAL,,2026-04-28,2026-04-28,2240.0,PE,COLPAL26APR2240PE,0.0,0.0,0.0,143.55,0.0,143.55,2203.9,91.2,0,0,0,0.0,0,F1,225,,,,,
2026-02-18,2026-02-18,FO,NSE,STO,87831,,COLPAL,,2026-03-30,2026-03-30,2480.0,PE,COLPAL26MAR2480PE,285.0,285.0,260.9,260.9,260.9,402.9,2203.9,260.9,1575,1575,7,4340452.5,4,F1,225,,,,,
2026-02-18,2026-02-18,FO,NSE,STO,87833,,COLPAL,,2026-03-30,2026-03-30,2520.0,PE,COLPAL26MAR2520PE,0.0,0.0,0.0,439.35,0.0,439.35,2203.9,303.7,0,0,0,0.0,0,F1,225,,,,,
2026-02-18,2026-02-18,FO,NSE,STO,87727,,COLPAL,,2026-03-30,2026-03-30,2080.0,PE,COLPAL26MAR2080PE,22.7,22.7,16.95,17.15,17.35,25.5,2203.9,17.15,15750,11250,65,30701418.75,43,F1,225,,,,,
2026-02-18,2026-02-18,FO,NSE,STO,87339,,COLPAL,,2026-02-24,2026-02-24,2300.0,PE,COLPAL26FEB2300PE,139.0,139.0,92.95,94.95,93.85,153.0,2203.9,94.95,53550,-2700,63,34213466.25,60,F1,225,,,,,
2026-02-18,2026-02-18,FO,NSE,STO,87335,,COLPAL,,2026-02-24,2026-02-24,2220.0,PE,COLPAL26FEB2220PE,34.75,34.75,29.0,29.7,29.3,180.0,2203.9,29.7,3600,3600,30,15186352.5,30,F1,225,,,,,
2026-02-18,2026-02-18,FO,NSE,STO,86416,,COLPAL,,2026-02-24,2026-02-24,2160.0,PE,COLPAL26FEB2160PE,32.35,32.35,6.6,7.2,7.05,32.35,2203.9,7.2,57825,-10350,870,425345445.0,717,F1,225,,,,,
2026-02-18,2026-02-18,FO,NSE,STO,100380,,COLPAL,,2026-04-28,2026-04-28,1920.0,CE,COLPAL26APR1920CE,0.0,0.0,0.0,286.7,0.0,286.7,2203.9,308.95,0,0,0,0.0,0,F1,225,,,,,
2026-02-18,2026-02-18,FO,NSE,STO,87778,,COLPAL,,2026-03-30,2026-03-30,2320.0,CE,COLPAL26MAR2320CE,20.75,25.8,20.65,25.8,25.8,16.4,2203.9,26.9,3375,2925,24,12650107.5,20,F1,225,,,,,
2026-02-18,2026-02-18,FO,NSE,STO,100171,,COLPAL,,2026-03-30,2026-03-30,2260.0,CE,COLPAL26MAR2260CE,23.85,48.55,23.85,46.35,46.65,23.85,2203.9,46.35,24525,22050,130,67235917.5,80,F1,225,,,,,
2026-02-18,2026-02-18,FO,NSE,STO,87747,,COLPAL,,2026-03-30,2026-03-30,2200.0,CE,COLPAL26MAR2200CE,42.9,76.25,39.2,74.7,75.5,42.85,2203.9,74.7,198000,83250,2548,1297692697.5,1891,F1,225,,,,,
2026-02-18,2026-02-18,FO,NSE,STO,87598,,COLPAL,,2026-03-30,2026-03-30,1880.0,CE,COLPAL26MAR1880CE,0.0,0.0,0.0,233.25,0.0,233.25,2203.9,335.8,0,0,0,0.0,0,F1,225,,,,,
2026-02-18,2026-02-18,FO,NSE,STO,86427,,COLPAL,,2026-02-24,2026-02-24,2400.0,CE,COLPAL26FEB2400CE,1.15,1.6,1.0,1.35,1.4,1.15,2203.9,1.35,301950,18225,743,401442536.25,460,F1,225,,,,,
2026-02-18,2026-02-18,FO,NSE,STO,86425,,COLPAL,,2026-02-24,2026-02-24,2360.0,CE,COLPAL26FEB2360CE,2.0,2.05,1.75,1.85,1.85,1.65,2203.9,1.85,14850,1800,42,22320157.5,41,F1,225,,,,,
2026-02-18,2026-02-18,FO,NSE,STO,86423,,COLPAL,,2026-02-24,2026-02-24,2320.0,CE,COLPAL26FEB2320CE,1.45,3.35,1.45,3.05,3.2,2.0,2203.9,3.05,54450,3825,257,134313030.0,229,F1,225,,,,,
2026-02-18,2026-02-18,FO,NSE,STO,87167,,COLPAL,,2026-02-24,2026-02-24,2060.0,CE,COLPAL26FEB2060CE,147.0,147.0,143.25,143.25,143.25,93.05,2203.9,145.9,10350,-225,2,992306.25,2,F1,225,,,,,
2026-02-18,2026-02-18,FO,NSE,STO,87827,,COLPAL,,2026-03-30,2026-03-30,2400.0,PE,COLPAL26MAR2400PE,204.95,206.35,191.5,193.0,191.5,332.35,2203.9,193.0,3375,3375,15,8767923.75,14,F1,225,,,,,
2026-02-18,2026-02-18,FO,NSE,STO,100172,,COLPAL,,2026-03-30,2026-03-30,2260.0,PE,COLPAL26MAR2260PE,100.45,102.45,99.75,101.45,101.45,110.75,2203.9,88.3,5850,3600,19,10094096.25,15,F1,225,,,,,
2026-02-18,2026-02-18,FO,NSE,STO,100042,,COLPAL,,2026-03-30,2026-03-30,2180.0,PE,COLPAL26MAR2180PE,58.85,58.85,46.3,46.3,46.3,96.2,2203.9,46.3,5850,5850,28,14050203.75,24,F1,225,,,,,
2026-02-18,2026-02-18,FO,NSE,STO,87715,,COLPAL,,2026-03-30,2026-03-30,2000.0,PE,COLPAL26MAR2000PE,8.9,9.05,7.55,7.65,7.75,11.15,2203.9,7.65,46800,20250,288,130137592.5,212,F1,225,,,,,
2026-02-18,2026-02-18,FO,NSE,STO,86414,,COLPAL,,2026-02-24,2026-02-24,2120.0,PE,COLPAL26FEB2120PE,11.35,11.35,2.45,2.65,2.55,14.45,2203.9,2.65,68400,6300,679,324581546.25,624,F1,225,,,,,
2026-02-18,2026-02-18,FO,NSE,STO,99989,,COLPAL,,2026-03-30,2026-03-30,2020.0,PE,COLPAL26MAR2020PE,10.0,11.05,9.1,9.25,9.25,15.75,2203.9,9.25,6525,5400,37,16900413.75,29,F1,225,,,,,
2026-02-18,2026-02-18,FO,NSE,STO,87168,,COLPAL,,2026-02-24,2026-02-24,2060.0,PE,COLPAL26FEB2060PE,2.7,2.7,1.0,1.15,1.4,3.75,2203.9,1.15,34200,-5850,206,95546610.0,153,F1,225,,,,,
2026-02-18,2026-02-18,FO,NSE,STO,87154,,COLPAL,,2026-02-24,2026-02-24,1940.0,PE,COLPAL26FEB1940PE,0.6,0.75,0.5,0.6,0.6,1.8,2203.9,0.05,7875,-2925,15,6549423.75,9,F1,225,,,,,
2026-02-18,2026-02-18,FO,NSE,STO,87333,,COLPAL,,2026-02-24,2026-02-24,2180.0,PE,COLPAL26FEB2180PE,40.75,40.75,11.0,12.2,11.6,45.7,2203.9,12.2,90450,14400,787,389227185.0,645,F1,225,,,,,
2026-02-18,2026-02-18,FO,NSE,STO,86420,,COLPAL,,2026-02-24,2026-02-24,2240.0,PE,COLPAL26FEB2240PE,51.0,51.6,42.5,44.3,43.6,95.45,2203.9,44.3,5400,4050,30,15429420.0,30,F1,225,,,,,
2026-02-18,2026-02-18,FO,NSE,STO,99979,,COLPAL,,2026-03-30,2026-03-30,1940.0,PE,COLPAL26MAR1940PE,0.0,0.0,0.0,17.1,0.0,17.1,2203.9,2.0,0,0,0,0.0,0,F1,225,,,,,
2026-02-18,2026-02-18,FO,NSE,STO,100184,,COLPAL,,2026-03-30,2026-03-30,2340.0,PE,COLPAL26MAR2340PE,0.0,0.0,0.0,199.4,0.0,199.4,2203.9,144.2,0,0,0,0.0,0,F1,225,,,,,
2026-02-18,2026-02-18,FO,NSE,STO,100354,,COLPAL,,2026-04-28,2026-04-28,1840.0,PE,COLPAL26APR1840PE,0.0,0.0,0.0,12.1,0.0,12.1,2203.9,1.7,0,0,0,0.0,0,F1,225,,,,,
2026-02-18,2026-02-18,FO,NSE,STO,87714,,COLPAL,,2026-03-30,2026-03-30,2000.0,CE,COLPAL26MAR2000CE,177.8,177.8,177.0,177.0,177.0,142.0,2203.9,221.4,225,-450,2,979830.0,2,F1,225,,,,,
2026-02-18,2026-02-18,FO,NSE,STO,87596,,COLPAL,,2026-03-30,2026-03-30,1840.0,CE,COLPAL26MAR1840CE,0.0,0.0,0.0,264.25,0.0,264.25,2203.9,375.2,0,0,0,0.0,0,F1,225,,,,,
2026-02-18,2026-02-18,FO,NSE,STO,86454,,COLPAL,,2026-02-24,2026-02-24,2520.0,CE,COLPAL26FEB2520CE,0.0,0.0,0.0,1.5,1.5,1.5,2203.9,0.05,225,0,0,0.0,0,F1,225,,,,,
2026-02-18,2026-02-18,FO,NSE,STO,100399,,COLPAL,,2026-04-28,2026-04-28,2040.0,CE,COLPAL26APR2040CE,0.0,0.0,0.0,197.95,0.0,197.95,2203.9,204.8,0,0,0,0.0,0,F1,225,,,,,
2026-02-18,2026-02-18,FO,NSE,STO,100471,,COLPAL,,2026-04-28,2026-04-28,2320.0,CE,COLPAL26APR2320CE,0.0,0.0,0.0,63.9,0.0,63.9,2203.9,47.8,0,0,0,0.0,0,F1,225,,,,,
2026-02-18,2026-02-18,FO,NSE,STO,86364,,COLPAL,,2026-02-24,2026-02-24,1880.0,PE,COLPAL26FEB1880PE,0.6,0.6,0.4,0.4,0.4,0.7,2203.9,0.05,26550,-675,3,1269315.0,3,F1,225,,,,,
2026-02-18,2026-02-18,FO,NSE,STO,100472,,COLPAL,,2026-04-28,2026-04-28,2320.0,PE,COLPAL26APR2320PE,0.0,0.0,0.0,194.5,0.0,194.5,2203.9,139.9,0,0,0,0.0,0,F1,225,,,,,
2026-02-18,2026-02-18,FO,NSE,STO,100468,,COLPAL,,2026-04-28,2026-04-28,2280.0,CE,COLPAL26APR2280CE,0.0,0.0,0.0,76.85,0.0,76.85,2203.9,61.65,0,0,0,0.0,0,F1,225,,,,,
2026-02-18,2026-02-18,FO,NSE,STO,86411,,COLPAL,,2026-02-24,2026-02-24,2080.0,PE,COLPAL26FEB2080PE,4.75,4.75,1.25,1.35,1.35,5.65,2203.9,1.35,51975,-19800,390,182737102.5,334,F1,225,,,,,
2026-02-18,2026-02-18,FO,NSE,STO,100038,,COLPAL,,2026-03-30,2026-03-30,2140.0,PE,COLPAL26MAR2140PE,40.0,40.65,30.6,31.75,32.0,65.0,2203.9,31.75,12825,12375,89,43581532.5,73,F1,225,,,,,
2026-02-18,2026-02-18,FO,NSE,STO,87750,,COLPAL,,2026-03-30,2026-03-30,2240.0,PE,COLPAL26MAR2240PE,0.0,0.0,0.0,108.15,108.15,108.15,2203.9,76.5,450,0,0,0.0,0,F1,225,,,,,
2026-02-18,2026-02-18,FO,NSE,STO,100174,,COLPAL,,2026-03-30,2026-03-30,2300.0,PE,COLPAL26MAR2300PE,140.0,143.0,113.0,114.35,115.0,153.3,2203.9,114.35,13725,9000,61,33276386.25,56,F1,225,,,,,
2026-02-18,2026-02-18,FO,NSE,STO,87710,,COLPAL,,2026-03-30,2026-03-30,1920.0,CE,COLPAL26MAR1920CE,0.0,0.0,0.0,204.2,0.0,204.2,2203.9,296.8,0,0,0,0.0,0,F1,225,,,,,
2026-02-18,2026-02-18,FO,NSE,STO,99980,,COLPAL,,2026-03-30,2026-03-30,1980.0,CE,COLPAL26MAR1980CE,0.0,0.0,0.0,219.05,0.0,219.05,2203.9,239.8,0,0,0,0.0,0,F1,225,,,,,
2026-02-18,2026-02-18,FO,NSE,STO,99987,,COLPAL,,2026-03-30,2026-03-30,2020.0,CE,COLPAL26MAR2020CE,0.0,0.0,0.0,188.9,0.0,188.9,2203.9,203.4,0,0,0,0.0,0,F1,225,,,,,
2026-02-18,2026-02-18,FO,NSE,STO,100353,,COLPAL,,2026-04-28,2026-04-28,1840.0,CE,COLPAL26APR1840CE,0.0,0.0,0.0,354.15,0.0,354.15,2203.9,384.6,0,0,0,0.0,0,F1,225,,,,,
2026-02-18,2026-02-18,FO,NSE,STO,100432,,COLPAL,,2026-04-28,2026-04-28,2120.0,CE,COLPAL26APR2120CE,0.0,0.0,0.0,148.95,0.0,148.95,2203.9,145.8,0,0,0,0.0,0,F1,225,,,,,
2026-02-18,2026-02-18,FO,NSE,STO,87822,,COLPAL,,2026-03-30,2026-03-30,2320.0,PE,COLPAL26MAR2320PE,0.0,0.0,0.0,169.0,169.0,169.0,2203.9,129.05,450,0,0,0.0,0,F1,225,,,,,
2026-02-18,2026-02-18,FO,NSE,STO,100350,,COLPAL,,2026-04-28,2026-04-28,1760.0,PE,COLPAL26APR1760PE,0.0,0.0,0.0,5.6,0.0,5.6,2203.9,0.45,0,0,0,0.0,0,F1,225,,,,,
2026-02-18,2026-02-18,FO,NSE,STO,87597,,COLPAL,,2026-03-30,2026-03-30,1840.0,PE,COLPAL26MAR1840PE,0.0,0.0,0.0,23.6,0.0,23.6,2203.9,0.25,0,0,0,0.0,0,F1,225,,,,,
2026-02-18,2026-02-18,FO,NSE,STO,87746,,COLPAL,,2026-03-30,2026-03-30,2160.0,PE,COLPAL26MAR2160PE,0.0,0.0,0.0,151.3,0.0,151.3,2203.9,39.0,0,0,0,0.0,0,F1,225,,,,,
2026-02-18,2026-02-18,FO,NSE,STO,87829,,COLPAL,,2026-03-30,2026-03-30,2440.0,PE,COLPAL26MAR2440PE,234.0,234.0,234.0,234.0,234.0,367.2,2203.9,228.95,1575,1575,7,4211550.0,3,F1,225,,,,,
2026-02-18,2026-02-18,FO,NSE,STO,86419,,COLPAL,,2026-02-24,2026-02-24,2240.0,CE,COLPAL26FEB2240CE,5.0,13.55,4.35,12.35,13.05,5.05,2203.9,12.35,134775,-36000,1831,927066262.5,1366,F1,225,,,,,
2026-02-18,2026-02-18,FO,NSE,STO,86417,,COLPAL,,2026-02-24,2026-02-24,2200.0,CE,COLPAL26FEB2200CE,10.95,30.0,9.75,27.65,29.5,10.95,2203.9,27.65,452700,-274275,10035,5020249016.25,6920,F1,225,,,,,
2026-02-18,2026-02-18,FO,NSE,STO,87157,,COLPAL,,2026-02-24,2026-02-24,1980.0,CE,COLPAL26FEB1980CE,0.0,0.0,0.0,156.55,156.55,156.55,2203.9,225.7,675,0,0,0.0,0,F1,225,,,,,
2026-02-18,2026-02-18,FO,NSE,STO,87144,,COLPAL,,2026-02-24,2026-02-24,1900.0,CE,COLPAL26FEB1900CE,0.0,0.0,0.0,246.65,246.65,246.65,2203.9,305.6,0,0,0,0.0,0,F1,225,,,,,
2026-02-18,2026-02-18,FO,NSE,STO,87336,,COLPAL,,2026-02-24,2026-02-24,2260.0,CE,COLPAL26FEB2260CE,3.4,8.9,3.35,8.0,8.45,3.8,2203.9,8.0,196650,55800,1281,653290762.5,1061,F1,225,,,,,
2026-02-18,2026-02-18,FO,NSE,STO,100169,,COLPAL,,2026-03-30,2026-03-30,2220.0,CE,COLPAL26MAR2220CE,0.0,0.0,0.0,34.25,34.25,34.25,2203.9,62.9,900,0,0,0.0,0,F1,225,,,,,
2026-02-18,2026-02-18,FO,NSE,STO,87718,,COLPAL,,2026-03-30,2026-03-30,2080.0,CE,COLPAL26MAR2080CE,0.0,0.0,0.0,146.05,146.05,146.05,2203.9,152.8,225,0,0,0.0,0,F1,225,,,,,
2026-02-18,2026-02-18,FO,NSE,STO,87526,,COLPAL,,2026-03-30,2026-03-30,1800.0,CE,COLPAL26MAR1800CE,0.0,0.0,0.0,297.0,0.0,297.0,2203.9,414.8,0,0,0,0.0,0,F1,225,,,,,
2026-02-18,2026-02-18,FO,NSE,STO,87338,,COLPAL,,2026-02-24,2026-02-24,2300.0,CE,COLPAL26FEB2300CE,2.4,4.5,1.65,4.1,4.25,2.45,2203.9,4.1,274725,-26550,1937,1003901883.75,1293,F1,225,,,,,
2026-02-18,2026-02-18,FO,NSE,STO,87148,,COLPAL,,2026-02-24,2026-02-24,1940.0,CE,COLPAL26FEB1940CE,0.0,0.0,0.0,220.8,220.8,220.8,2203.9,265.65,225,0,0,0.0,0,F1,225,,,,,
2026-02-18,2026-02-18,FO,NSE,STO,86355,,COLPAL,,2026-02-24,2026-02-24,1720.0,CE,COLPAL26FEB1720CE,0.0,0.0,0.0,455.0,455.0,455.0,2203.9,485.45,225,0,0,0.0,0,F1,225,,,,,
2026-02-18,2026-02-18,FO,NSE,STO,87329,,COLPAL,,2026-02-24,2026-02-24,2100.0,PE,COLPAL26FEB2100PE,7.55,7.6,1.7,1.8,1.75,9.1,2203.9,1.8,124650,-450,1208,571765365.0,863,F1,225,,,,,
2026-02-18,2026-02-18,FO,NSE,STO,86426,,COLPAL,,2026-02-24,2026-02-24,2360.0,PE,COLPAL26FEB2360PE,0.0,0.0,0.0,186.2,186.2,186.2,2203.9,154.15,1125,0,0,0.0,0,F1,225,,,,,
2026-02-18,2026-02-18,FO,NSE,STO,87343,,COLPAL,,2026-02-24,2026-02-24,2380.0,PE,COLPAL26FEB2380PE,0.0,0.0,0.0,314.45,0.0,314.45,2203.9,174.0,0,0,0,0.0,0,F1,225,,,,,
2026-02-18,2026-02-18,FO,NSE,STO,87717,,COLPAL,,2026-03-30,2026-03-30,2040.0,PE,COLPAL26MAR2040PE,12.1,12.1,11.1,11.4,11.2,16.5,2203.9,11.4,4050,2700,21,9692865.0,18,F1,225,,,,,
2026-02-18,2026-02-18,FO,NSE,STO,87748,,COLPAL,,2026-03-30,2026-03-30,2200.0,PE,COLPAL26MAR2200PE,70.25,73.7,53.95,55.2,55.5,80.9,2203.9,55.2,82800,33975,250,127197618.75,220,F1,225,,,,,
2026-02-18,2026-02-18,FO,NSE,STO,86366,,COLPAL,,2026-02-24,2026-02-24,1920.0,PE,COLPAL26FEB1920PE,0.95,0.95,0.4,0.55,0.55,1.0,2203.9,0.55,20925,-225,8,3457046.25,8,F1,225,,,,,
2026-02-18,2026-02-18,FO,NSE,STO,87832,,COLPAL,,2026-03-30,2026-03-30,2520.0,CE,COLPAL26MAR2520CE,5.05,5.35,5.05,5.2,5.35,10.1,2203.9,5.2,450,450,2,1136340.0,2,F1,225,,,,,
2026-02-18,2026-02-18,FO,NSE,STO,87825,,COLPAL,,2026-03-30,2026-03-30,2400.0,CE,COLPAL26MAR2400CE,8.0,15.5,7.9,15.0,15.1,6.7,2203.9,15.0,162900,153450,1066,578391378.75,739,F1,225,,,,,
2026-02-18,2026-02-18,FO,NSE,STO,86361,,COLPAL,,2026-02-24,2026-02-24,1840.0,CE,COLPAL26FEB1840CE,0.0,0.0,0.0,309.0,309.0,309.0,2203.9,365.55,0,0,0,0.0,0,F1,225,,,,,
2026-02-18,2026-02-18,FO,NSE,STO,86412,,COLPAL,,2026-02-24,2026-02-24,2120.0,CE,COLPAL26FEB2120CE,42.65,92.9,38.1,90.85,91.65,44.2,2203.9,90.85,33750,-33975,461,227428031.25,282,F1,225,,,,,
2026-02-18,2026-02-18,FO,NSE,STO,86415,,COLPAL,,2026-02-24,2026-02-24,2160.0,CE,COLPAL26FEB2160CE,22.4,57.0,20.05,53.8,57.0,22.6,2203.9,53.8,101250,-55350,1513,747712451.25,1258,F1,225,,,,,
2026-02-18,2026-02-18,FO,NSE,STO,86421,,COLPAL,,2026-02-24,2026-02-24,2280.0,CE,COLPAL26FEB2280CE,3.1,6.15,2.6,5.3,5.8,2.65,2203.9,5.3,167625,2925,510,262192950.0,419,F1,225,,,,,
2026-02-18,2026-02-18,FO,NSE,STO,87728,,COLPAL,,2026-03-30,2026-03-30,2120.0,CE,COLPAL26MAR2120CE,120.0,125.0,120.0,125.0,125.0,80.05,2203.9,122.6,3375,-450,2,1009125.0,2,F1,225,,,,,
2026-02-18,2026-02-18,FO,NSE,STO,100041,,COLPAL,,2026-03-30,2026-03-30,2180.0,CE,COLPAL26MAR2180CE,69.35,80.65,69.35,80.65,80.65,92.95,2203.9,83.9,675,675,5,2536818.75,5,F1,225,,,,,
2026-02-18,2026-02-18,FO,NSE,STO,86455,,COLPAL,,2026-02-24,2026-02-24,2520.0,PE,COLPAL26FEB2520PE,0.0,0.0,0.0,340.75,0.0,340.75,2203.9,313.8,0,0,0,0.0,0,F1,225,,,,,
2026-02-18,2026-02-18,FO,NSE,STO,87337,,COLPAL,,2026-02-24,2026-02-24,2260.0,PE,COLPAL26FEB2260PE,96.75,96.75,58.65,60.25,59.05,114.35,2203.9,60.25,9900,2475,87,45708401.25,54,F1,225,,,,,
2026-02-18,2026-02-18,FO,NSE,STO,86407,,COLPAL,,2026-02-24,2026-02-24,2040.0,PE,COLPAL26FEB2040PE,2.4,2.4,0.7,0.85,0.8,2.6,2203.9,0.85,141525,-8550,326,149717328.75,183,F1,225,,,,,
2026-02-18,2026-02-18,FO,NSE,STO,100427,,COLPAL,,2026-04-28,2026-04-28,2080.0,CE,COLPAL26APR2080CE,0.0,0.0,0.0,172.4,0.0,172.4,2203.9,174.05,0,0,0,0.0,0,F1,225,,,,,
2026-02-18,2026-02-18,FO,NSE,STO,100440,,COLPAL,,2026-04-28,2026-04-28,2200.0,PE,COLPAL26APR2200PE,0.0,0.0,0.0,121.1,0.0,121.1,2203.9,71.2,0,0,0,0.0,0,F1,225,,,,,
2026-02-18,2026-02-18,FO,NSE,STO,100387,,COLPAL,,2026-04-28,2026-04-28,2000.0,CE,COLPAL26APR2000CE,0.0,0.0,0.0,225.7,0.0,225.7,2203.9,237.8,0,0,0,0.0,0,F1,225,,,,,
2026-02-18,2026-02-18,FO,NSE,STO,100470,,COLPAL,,2026-04-28,2026-04-28,2280.0,PE,COLPAL26APR2280PE,0.0,0.0,0.0,168.05,0.0,168.05,2203.9,114.15,0,0,0,0.0,0,F1,225,,,,,
2026-02-18,2026-02-18,FO,NSE,STO,100480,,COLPAL,,2026-04-28,2026-04-28,2480.0,PE,COLPAL26APR2480PE,0.0,0.0,0.0,316.55,0.0,316.55,2203.9,265.1,0,0,0,0.0,0,F1,225,,,,,
2026-02-18,2026-02-18,FO,NSE,STF,51850,,COLPAL,,2026-03-30,2026-03-30,,,COLPAL26MARFUT,2154.2,2220.7,2153.9,2217.3,2219.0,2155.1,2203.9,2217.3,1281375,523575,4131,2041270357.5,3492,F1,225,,,,,
2026-02-18,2026-02-18,FO,NSE,STO,100476,,COLPAL,,2026-04-28,2026-04-28,2400.0,PE,COLPAL26APR2400PE,0.0,0.0,0.0,252.7,0.0,252.7,2203.9,198.6,0,0,0,0.0,0,F1,225,,,,,
2026-02-18,2026-02-18,FO,NSE,STO,100439,,COLPAL,,2026-04-28,2026-04-28,2200.0,CE,COLPAL26APR2200CE,0.0,0.0,0.0,108.65,0.0,108.65,2203.9,97.85,0,0,0,0.0,0,F1,225,,,,,
2026-02-18,2026-02-18,FO,NSE,STO,86430,,COLPAL,,2026-02-24,2026-02-24,2440.0,PE,COLPAL26FEB2440PE,247.65,247.65,239.0,239.0,239.0,302.0,2203.9,233.9,2025,-1125,10,6033588.75,4,F1,225,,,,,
2026-02-18,2026-02-18,FO,NSE,STO,86432,,COLPAL,,2026-02-24,2026-02-24,2480.0,PE,COLPAL26FEB2480PE,300.0,300.0,275.0,275.0,275.0,382.95,2203.9,273.85,17325,-5175,30,18693225.0,8,F1,225,,,,,
2026-02-18,2026-02-18,FO,NSE,STO,100173,,COLPAL,,2026-03-30,2026-03-30,2300.0,CE,COLPAL26MAR2300CE,18.85,35.45,17.05,34.15,35.2,17.0,2203.9,34.15,68175,22725,715,374698125.0,523,F1,225,,,,,
2026-02-18,2026-02-18,FO,NSE,STO,87749,,COLPAL,,2026-03-30,2026-03-30,2240.0,CE,COLPAL26MAR2240CE,28.25,56.9,25.4,55.55,56.0,27.0,2203.9,55.55,11025,9450,76,39158752.5,62,F1,225,,,,,
2026-02-18,2026-02-18,FO,NSE,STO,87330,,COLPAL,,2026-02-24,2026-02-24,2140.0,CE,COLPAL26FEB2140CE,31.0,74.2,28.35,71.1,73.6,31.8,2203.9,71.1,66600,-32400,530,260964618.75,460,F1,225,,,,,
2026-02-18,2026-02-18,FO,NSE,STO,86406,,COLPAL,,2026-02-24,2026-02-24,2040.0,CE,COLPAL26FEB2040CE,159.5,171.6,159.5,171.6,171.6,88.75,2203.9,171.6,5625,-225,2,992497.5,2,F1,225,,,,,
2026-02-18,2026-02-18,FO,NSE,STO,87161,,COLPAL,,2026-02-24,2026-02-24,2020.0,CE,COLPAL26FEB2020CE,0.0,0.0,0.0,126.05,126.05,126.05,2203.9,185.75,2700,0,0,0.0,0,F1,225,,,,,
2026-02-18,2026-02-18,FO,NSE,STO,96877,,FEDERALBNK,,2026-03-30,2026-03-30,310.0,PE,FEDERALBNK26MAR310PE,20.6,20.8,19.3,19.4,19.4,21.25,290.85,20.9,35000,25000,6,9905000.0,6,F1,5000,,,,,
2026-02-18,2026-02-18,FO,NSE,STO,109170,,FEDERALBNK,,2026-04-28,2026-04-28,275.0,PE,FEDERALBNK26APR275PE,0.0,0.0,0.0,10.9,0.0,10.9,290.85,5.15,0,0,0,0.0,0,F1,5000,,,,,
2026-02-18,2026-02-18,FO,NSE,STO,108795,,FEDERALBNK,,2026-03-30,2026-03-30,332.5,PE,FEDERALBNK26MAR332.5PE,0.0,0.0,0.0,46.6,0.0,46.6,290.85,40.35,0,0,0,0.0,0,F1,5000,,,,,
2026-02-18,2026-02-18,FO,NSE,STO,96879,,FEDERALBNK,,2026-03-30,2026-03-30,315.0,PE,FEDERALBNK26MAR315PE,0.0,0.0,0.0,25.3,25.3,25.3,290.85,24.85,35000,0,0,0.0,0,F1,5000,,,,,
2026-02-18,2026-02-18,FO,NSE,STO,108772,,FEDERALBNK,,2026-03-30,2026-03-30,297.5,PE,FEDERALBNK26MAR297.5PE,0.0,0.0,0.0,12.75,12.75,12.75,290.85,12.35,5000,0,0,0.0,0,F1,5000,,,,,
2026-02-18,2026-02-18,FO,NSE,STO,92597,,FEDERALBNK,,2026-02-24,2026-02-24,240.0,PE,FEDERALBNK26FEB240PE,0.05,0.05,0.05,0.05,0.05,0.05,290.85,0.05,560000,-15000,3,3600750.0,3,F1,5000,,,,,
2026-02-18,2026-02-18,FO,NSE,STO,92585,,FEDERALBNK,,2026-02-24,2026-02-24,215.0,PE,FEDERALBNK26FEB215PE,0.0,0.0,0.0,0.05,0.05,0.05,290.85,0.05,25000,0,0,0.0,0,F1,5000,,,,,
2026-02-18,2026-02-18,FO,NSE,STO,92581,,FEDERALBNK,,2026-02-24,2026-02-24,205.0,PE,FEDERALBNK26FEB205PE,0.0,0.0,0.0,0.05,0.05,0.05,290.85,0.05,35000,0,0,0.0,0,F1,5000,,,,,
2026-02-18,2026-02-18,FO,NSE,STO,109213,,FEDERALBNK,,2026-04-28,2026-04-28,330.0,CE,FEDERALBNK26APR330CE,0.0,0.0,0.0,5.15,0.0,5.15,290.85,2.5,0,0,0,0.0,0,F1,5000,,,,,
2026-02-18,2026-02-18,FO,NSE,STO,109185,,FEDERALBNK,,2026-04-28,2026-04-28,310.0,CE,FEDERALBNK26APR310CE,0.0,0.0,0.0,9.75,0.0,9.75,290.85,6.6,0,0,0,0.0,0,F1,5000,,,,,
2026-02-18,2026-02-18,FO,NSE,STO,109159,,FEDERALBNK,,2026-04-28,2026-04-28,255.0,CE,FEDERALBNK26APR255CE,0.0,0.0,0.0,38.65,0.0,38.65,290.85,39.85,0,0,0,0.0,0,F1,5000,,,,,
2026-02-18,2026-02-18,FO,NSE,STO,108786,,FEDERALBNK,,2026-03-30,2026-03-30,327.5,CE,FEDERALBNK26MAR327.5CE,0.0,0.0,0.0,3.15,0.0,3.15,290.85,1.05,0,0,0,0.0,0,F1,5000,,,,,
2026-02-18,2026-02-18,FO,NSE,STO,108770,,FEDERALBNK,,2026-03-30,2026-03-30,292.5,PE,FEDERALBNK26MAR292.5PE,0.0,0.0,0.0,9.6,9.6,9.6,290.85,9.6,5000,0,0,0.0,0,F1,5000,,,,,
2026-02-18,2026-02-18,FO,NSE,STO,109212,,FEDERALBNK,,2026-04-28,2026-04-28,325.0,PE,FEDERALBNK26APR325PE,0.0,0.0,0.0,41.15,0.0,41.15,290.85,34.05,0,0,0,0.0,0,F1,5000,,,,,
2026-02-18,2026-02-18,FO,NSE,STO,109154,,FEDERALBNK,,2026-04-28,2026-04-28,250.0,CE,FEDERALBNK26APR250CE,0.0,0.0,0.0,42.5,0.0,42.5,290.85,44.35,0,0,0,0.0,0,F1,5000,,,,,
2026-02-18,2026-02-18,FO,NSE,STO,96886,,FEDERALBNK,,2026-03-30,2026-03-30,335.0,CE,FEDERALBNK26MAR335CE,0.0,0.0,0.0,1.25,0.0,1.25,290.85,0.55,0,0,0,0.0,0,F1,5000,,,,,
2026-02-18,2026-02-18,FO,NSE,STO,108784,,FEDERALBNK,,2026-03-30,2026-03-30,322.5,CE,FEDERALBNK26MAR322.5CE,1.25,1.3,1.25,1.3,1.3,3.95,290.85,1.55,55000,55000,11,17808750.0,5,F1,5000,,,,,
2026-02-18,2026-02-18,FO,NSE,STO,96866,,FEDERALBNK,,2026-03-30,2026-03-30,295.0,CE,FEDERALBNK26MAR295CE,7.2,8.55,6.95,7.35,7.45,6.65,290.85,7.35,360000,135000,135,204381000.0,115,F1,5000,,,,,
2026-02-18,2026-02-18,FO,NSE,STO,96656,,FEDERALBNK,,2026-02-24,2026-02-24,322.5,CE,FEDERALBNK26FEB322.5CE,0.0,0.0,0.0,0.75,0.0,0.75,290.85,0.05,0,0,0,0.0,0,F1,5000,,,,,
2026-02-18,2026-02-18,FO,NSE,STO,96647,,FEDERALBNK,,2026-02-24,2026-02-24,312.5,CE,FEDERALBNK26FEB312.5CE,0.25,0.4,0.15,0.2,0.2,0.35,290.85,0.2,330000,-30000,32,50044000.0,30,F1,5000,,,,,
2026-02-18,2026-02-18,FO,NSE,STO,109208,,FEDERALBNK,,2026-04-28,2026-04-28,315.0,PE,FEDERALBNK26APR315PE,0.0,0.0,0.0,33.55,0.0,33.55,290.85,26.15,0,0,0,0.0,0,F1,5000,,,,,
2026-02-18,2026-02-18,FO,NSE,STO,96871,,FEDERALBNK,,2026-03-30,2026-03-30,305.0,PE,FEDERALBNK26MAR305PE,0.0,0.0,0.0,37.45,0.0,37.45,290.85,17.25,0,0,0,0.0,0,F1,5000,,,,,
2026-02-18,2026-02-18,FO,NSE,STO,96867,,FEDERALBNK,,2026-03-30,2026-03-30,295.0,PE,FEDERALBNK26MAR295PE,9.2,10.15,9.1,9.3,9.3,11.75,290.85,9.3,35000,25000,6,9137250.0,6,F1,5000,,,,,
2026-02-18,2026-02-18,FO,NSE,STO,96857,,FEDERALBNK,,2026-03-30,2026-03-30,270.0,PE,FEDERALBNK26MAR270PE,1.9,1.9,1.6,1.7,1.65,2.15,290.85,1.7,425000,-10000,91,123640750.0,66,F1,5000,,,,,
2026-02-18,2026-02-18,FO,NSE,STO,96655,,FEDERALBNK,,2026-02-24,2026-02-24,317.5,PE,FEDERALBNK26FEB317.5PE,0.0,0.0,0.0,30.75,30.75,30.75,290.85,26.35,100000,0,0,0.0,0,F1,5000,,,,,
2026-02-18,2026-02-18,FO,NSE,STO,96648,,FEDERALBNK,,2026-02-24,2026-02-24,312.5,PE,FEDERALBNK26FEB312.5PE,0.0,0.0,0.0,43.4,0.0,43.4,290.85,21.4,0,0,0,0.0,0,F1,5000,,,,,
2026-02-18,2026-02-18,FO,NSE,STO,96543,,FEDERALBNK,,2026-02-24,2026-02-24,292.5,PE,FEDERALBNK26FEB292.5PE,5.85,6.1,3.3,3.9,3.85,5.75,290.85,3.9,1090000,165000,739,1095680750.0,696,F1,5000,,,,,
2026-02-18,2026-02-18,FO,NSE,STO,96535,,FEDERALBNK,,2026-02-24,2026-02-24,272.5,PE,FEDERALBNK26FEB272.5PE,0.4,0.4,0.15,0.2,0.2,0.35,290.85,0.05,600000,-55000,54,73637000.0,46,F1,5000,,,,,
2026-02-18,2026-02-18,FO,NSE,STO,96530,,FEDERALBNK,,2026-02-24,2026-02-24,267.5,PE,FEDERALBNK26FEB267.5PE,0.2,0.2,0.1,0.1,0.1,0.35,290.85,0.1,290000,-55000,25,33454250.0,20,F1,5000,,,,,
2026-02-18,2026-02-18,FO,NSE,STO,96523,,FEDERALBNK,,2026-02-24,2026-02-24,252.5,PE,FEDERALBNK26FEB252.5PE,0.05,0.1,0.05,0.05,0.05,0.3,290.85,0.05,200000,-55000,22,27785500.0,5,F1,5000,,,,,
2026-02-18,2026-02-18,FO,NSE,STO,109179,,FEDERALBNK,,2026-04-28,2026-04-28,300.0,CE,FEDERALBNK26APR300CE,0.0,0.0,0.0,13.05,0.0,13.05,290.85,10.05,0,0,0,0.0,0,F1,5000,,,,,
2026-02-18,2026-02-18,FO,NSE,STO,109180,,FEDERALBNK,,2026-04-28,2026-04-28,300.0,PE,FEDERALBNK26APR300PE,0.0,0.0,0.0,23.5,0.0,23.5,290.85,16.1,0,0,0,0.0,0,F1,5000,,,,,
2026-02-18,2026-02-18,FO,NSE,STO,96657,,FEDERALBNK,,2026-02-24,2026-02-24,322.5,PE,FEDERALBNK26FEB322.5PE,0.0,0.0,0.0,52.7,0.0,52.7,290.85,31.35,0,0,0,0.0,0,F1,5000,,,,,
2026-02-18,2026-02-18,FO,NSE,STO,109178,,FEDERALBNK,,2026-04-28,2026-04-28,295.0,PE,FEDERALBNK26APR295PE,0.0,0.0,0.0,20.55,0.0,20.55,290.85,13.3,0,0,0,0.0,0,F1,5000,,,,,
2026-02-18,2026-02-18,FO,NSE,STO,92590,,FEDERALBNK,,2026-02-24,2026-02-24,230.0,CE,FEDERALBNK26FEB230CE,0.0,0.0,0.0,60.5,60.5,60.5,290.85,61.05,190000,0,0,0.0,0,F1,5000,,,,,
2026-02-18,2026-02-18,FO,NSE,STO,96578,,FEDERALBNK,,2026-02-24,2026-02-24,307.5,CE,FEDERALBNK26FEB307.5CE,0.4,0.7,0.35,0.4,0.4,0.4,290.85,0.4,735000,45000,83,127807000.0,63,F1,5000,,,,,
2026-02-18,2026-02-18,FO,NSE,STO,96856,,FEDERALBNK,,2026-03-30,2026-03-30,270.0,CE,FEDERALBNK26MAR270CE,23.3,24.8,23.3,24.8,24.8,22.4,290.85,24.8,25000,5000,2,2940500.0,2,F1,5000,,,,,
2026-02-18,2026-02-18,FO,NSE,STO,96884,,FEDERALBNK,,2026-03-30,2026-03-30,330.0,CE,FEDERALBNK26MAR330CE,0.9,1.0,0.75,0.8,0.8,0.8,290.85,0.8,410000,140000,47,77755750.0,33,F1,5000,,,,,
2026-02-18,2026-02-18,FO,NSE,STO,92624,,FEDERALBNK,,2026-02-24,2026-02-24,255.0,PE,FEDERALBNK26FEB255PE,0.1,0.1,0.05,0.05,0.05,0.15,290.85,0.05,505000,30000,18,22957500.0,9,F1,5000,,,,,
2026-02-18,2026-02-18,FO,NSE,STO,96525,,FEDERALBNK,,2026-02-24,2026-02-24,257.5,PE,FEDERALBNK26FEB257.5PE,0.0,0.0,0.0,0.15,0.15,0.15,290.85,0.05,145000,0,0,0.0,0,F1,5000,,,,,
2026-02-18,2026-02-18,FO,NSE,STO,96537,,FEDERALBNK,,2026-02-24,2026-02-24,277.5,PE,FEDERALBNK26FEB277.5PE,0.95,0.95,0.25,0.3,0.25,0.7,290.85,0.3,1440000,-5000,296,411304250.0,197,F1,5000,,,,,
2026-02-18,2026-02-18,FO,NSE,STO,96548,,FEDERALBNK,,2026-02-24,2026-02-24,297.5,PE,FEDERALBNK26FEB297.5PE,7.6,8.75,6.45,7.5,7.3,9.55,290.85,7.5,430000,100000,119,181543500.0,119,F1,5000,,,,,
2026-02-18,2026-02-18,FO,NSE,STO,92706,,FEDERALBNK,,2026-02-24,2026-02-24,310.0,PE,FEDERALBNK26FEB310PE,0.0,0.0,0.0,20.35,20.35,20.35,290.85,18.95,85000,0,0,0.0,0,F1,5000,,,,,
2026-02-18,2026-02-18,FO,NSE,STO,96849,,FEDERALBNK,,2026-03-30,2026-03-30,250.0,PE,FEDERALBNK26MAR250PE,0.55,0.6,0.55,0.6,0.6,0.65,290.85,0.25,150000,5000,9,11276250.0,9,F1,5000,,,,,
2026-02-18,2026-02-18,FO,NSE,STO,108722,,FEDERALBNK,,2026-03-30,2026-03-30,262.5,PE,FEDERALBNK26MAR262.5PE,0.0,0.0,0.0,1.85,1.85,1.85,290.85,1.05,0,0,0,0.0,0,F1,5000,,,,,
2026-02-18,2026-02-18,FO,NSE,STO,96861,,FEDERALBNK,,2026-03-30,2026-03-30,280.0,PE,FEDERALBNK26MAR280PE,4.05,4.05,3.3,3.45,3.4,4.45,290.85,3.45,975000,80000,86,121977500.0,80,F1,5000,,,,,
2026-02-18,2026-02-18,FO,NSE,STO,108730,,FEDERALBNK,,2026-03-30,2026-03-30,282.5,PE,FEDERALBNK26MAR282.5PE,4.2,4.2,4.15,4.2,4.2,11.75,290.85,4.2,50000,50000,11,15768250.0,7,F1,5000,,,,,
2026-02-18,2026-02-18,FO,NSE,STO,108779,,FEDERALBNK,,2026-03-30,2026-03-30,307.5,PE,FEDERALBNK26MAR307.5PE,0.0,0.0,0.0,26.55,0.0,26.55,290.85,19.0,0,0,0,0.0,0,F1,5000,,,,,
2026-02-18,2026-02-18,FO,NSE,STO,108781,,FEDERALBNK,,2026-03-30,2026-03-30,312.5,PE,FEDERALBNK26MAR312.5PE,0.0,0.0,0.0,30.2,0.0,30.2,290.85,22.85,0,0,0,0.0,0,F1,5000,,,,,
2026-02-18,2026-02-18,FO,NSE,STO,108797,,FEDERALBNK,,2026-03-30,2026-03-30,337.5,PE,FEDERALBNK26MAR337.5PE,0.0,0.0,0.0,51.05,0.0,51.05,290.85,45.1,0,0,0,0.0,0,F1,5000,,,,,
2026-02-18,2026-02-18,FO,NSE,STO,109056,,FEDERALBNK,,2026-04-28,2026-04-28,240.0,PE,FEDERALBNK26APR240PE,0.0,0.0,0.0,2.2,0.0,2.2,290.85,0.35,0,0,0,0.0,0,F1,5000,,,,,
2026-02-18,2026-02-18,FO,NSE,STO,109162,,FEDERALBNK,,2026-04-28,2026-04-28,260.0,PE,FEDERALBNK26APR260PE,0.0,0.0,0.0,6.0,0.0,6.0,290.85,2.0,0,0,0,0.0,0,F1,5000,,,,,
2026-02-18,2026-02-18,FO,NSE,STO,109166,,FEDERALBNK,,2026-04-28,2026-04-28,270.0,PE,FEDERALBNK26APR270PE,0.0,0.0,0.0,9.05,0.0,9.05,290.85,3.85,0,0,0,0.0,0,F1,5000,,,,,
2026-02-18,2026-02-18,FO,NSE,STO,109176,,FEDERALBNK,,2026-04-28,2026-04-28,290.0,PE,FEDERALBNK26APR290PE,0.0,0.0,0.0,17.8,0.0,17.8,290.85,10.8,0,0,0,0.0,0,F1,5000,,,,,
2026-02-18,2026-02-18,FO,NSE,STO,108725,,FEDERALBNK,,2026-03-30,2026-03-30,272.5,CE,FEDERALBNK26MAR272.5CE,0.0,0.0,0.0,23.0,0.0,23.0,290.85,22.55,0,0,0,0.0,0,F1,5000,,,,,
2026-02-18,2026-02-18,FO,NSE,STO,108731,,FEDERALBNK,,2026-03-30,2026-03-30,287.5,CE,FEDERALBNK26MAR287.5CE,12.0,12.45,10.5,10.5,10.5,10.0,290.85,12.35,40000,-5000,6,8967750.0,6,F1,5000,,,,,
2026-02-18,2026-02-18,FO,NSE,STO,108771,,FEDERALBNK,,2026-03-30,2026-03-30,297.5,CE,FEDERALBNK26MAR297.5CE,7.3,7.5,6.65,6.65,6.65,10.45,290.85,7.5,25000,25000,5,7618750.0,5,F1,5000,,,,,
2026-02-18,2026-02-18,FO,NSE,STO,96870,,FEDERALBNK,,2026-03-30,2026-03-30,305.0,CE,FEDERALBNK26MAR305CE,4.0,4.7,3.7,4.0,4.05,3.75,290.85,4.0,210000,115000,71,109708750.0,50,F1,5000,,,,,
2026-02-18,2026-02-18,FO,NSE,STO,109211,,FEDERALBNK,,2026-04-28,2026-04-28,325.0,CE,FEDERALBNK26APR325CE,0.0,0.0,0.0,6.05,0.0,6.05,290.85,3.25,0,0,0,0.0,0,F1,5000,,,,,
2026-02-18,2026-02-18,FO,NSE,STO,109215,,FEDERALBNK,,2026-04-28,2026-04-28,335.0,CE,FEDERALBNK26APR335CE,0.0,0.0,0.0,4.35,0.0,4.35,290.85,1.9,0,0,0,0.0,0,F1,5000,,,,,
2026-02-18,2026-02-18,FO,NSE,STO,96487,,FEDERALBNK,,2026-02-24,2026-02-24,237.5,PE,FEDERALBNK26FEB237.5PE,0.0,0.0,0.0,0.7,0.7,0.7,290.85,0.05,40000,0,0,0.0,0,F1,5000,,,,,
2026-02-18,2026-02-18,FO,NSE,STO,96489,,FEDERALBNK,,2026-02-24,2026-02-24,242.5,PE,FEDERALBNK26FEB242.5PE,0.0,0.0,0.0,0.3,0.3,0.3,290.85,0.05,50000,0,0,0.0,0,F1,5000,,,,,
2026-02-18,2026-02-18,FO,NSE,STO,96521,,FEDERALBNK,,2026-02-24,2026-02-24,247.5,PE,FEDERALBNK26FEB247.5PE,0.05,0.05,0.05,0.05,0.05,0.2,290.85,0.05,105000,-5000,1,1237750.0,1,F1,5000,,,,,
2026-02-18,2026-02-18,FO,NSE,STO,92622,,FEDERALBNK,,2026-02-24,2026-02-24,250.0,PE,FEDERALBNK26FEB250PE,0.1,0.1,0.05,0.05,0.05,0.1,290.85,0.05,4320000,-230000,214,267580250.0,65,F1,5000,,,,,
2026-02-18,2026-02-18,FO,NSE,STO,92638,,FEDERALBNK,,2026-02-24,2026-02-24,270.0,PE,FEDERALBNK26FEB270PE,0.3,0.3,0.15,0.15,0.15,0.3,290.85,0.15,2710000,-235000,381,514719000.0,159,F1,5000,,,,,
2026-02-18,2026-02-18,FO,NSE,STO,92658,,FEDERALBNK,,2026-02-24,2026-02-24,280.0,PE,FEDERALBNK26FEB280PE,0.85,0.95,0.4,0.4,0.4,1.0,290.85,0.4,3500000,-105000,1214,1703066250.0,587,F1,5000,,,,,
2026-02-18,2026-02-18,FO,NSE,STO,92708,,FEDERALBNK,,2026-02-24,2026-02-24,315.0,PE,FEDERALBNK26FEB315PE,0.0,0.0,0.0,56.09,0.0,56.09,290.85,23.9,0,0,0,0.0,0,F1,5000,,,,,
2026-02-18,2026-02-18,FO,NSE,STO,96678,,FEDERALBNK,,2026-02-24,2026-02-24,337.5,PE,FEDERALBNK26FEB337.5PE,0.0,0.0,0.0,67.05,0.0,67.05,290.85,46.35,0,0,0,0.0,0,F1,5000,,,,,
2026-02-18,2026-02-18,FO,NSE,STO,96853,,FEDERALBNK,,2026-03-30,2026-03-30,260.0,PE,FEDERALBNK26MAR260PE,1.05,1.05,0.85,0.85,0.85,1.1,290.85,0.85,535000,65000,39,50879500.0,36,F1,5000,,,,,
2026-02-18,2026-02-18,FO,NSE,STO,96885,,FEDERALBNK,,2026-03-30,2026-03-30,330.0,PE,FEDERALBNK26MAR330PE,0.0,0.0,0.0,59.05,0.0,59.05,290.85,38.05,0,0,0,0.0,0,F1,5000,,,,,
2026-02-18,2026-02-18,FO,NSE,STO,96488,,FEDERALBNK,,2026-02-24,2026-02-24,242.5,CE,FEDERALBNK26FEB242.5CE,0.0,0.0,0.0,15.4,15.4,15.4,290.85,48.55,20000,0,0,0.0,0,F1,5000,,,,,
2026-02-18,2026-02-18,FO,NSE,STO,109163,,FEDERALBNK,,2026-04-28,2026-04-28,265.0,CE,FEDERALBNK26APR265CE,0.0,0.0,0.0,31.4,0.0,31.4,290.85,31.4,0,0,0,0.0,0,F1,5000,,,,,
2026-02-18,2026-02-18,FO,NSE,STO,92640,,FEDERALBNK,,2026-02-24,2026-02-24,275.0,PE,FEDERALBNK26FEB275PE,0.5,0.5,0.2,0.2,0.2,0.5,290.85,0.2,2125000,-210000,389,535395500.0,236,F1,5000,,,,,
2026-02-18,2026-02-18,FO,NSE,STO,108793,,FEDERALBNK,,2026-03-30,2026-03-30,327.5,PE,FEDERALBNK26MAR327.5PE,0.0,0.0,0.0,42.3,0.0,42.3,290.85,35.75,0,0,0,0.0,0,F1,5000,,,,,
2026-02-18,2026-02-18,FO,NSE,STO,109216,,FEDERALBNK,,2026-04-28,2026-04-28,335.0,PE,FEDERALBNK26APR335PE,0.0,0.0,0.0,49.25,0.0,49.25,290.85,42.6,0,0,0,0.0,0,F1,5000,,,,,
2026-02-18,2026-02-18,FO,NSE,STO,92627,,FEDERALBNK,,2026-02-24,2026-02-24,265.0,CE,FEDERALBNK26FEB265CE,0.0,0.0,0.0,24.9,24.9,24.9,290.85,26.1,110000,0,0,0.0,0,F1,5000,,,,,
2026-02-18,2026-02-18,FO,NSE,STO,92697,,FEDERALBNK,,2026-02-24,2026-02-24,300.0,CE,FEDERALBNK26FEB300CE,1.0,1.85,0.85,1.0,1.05,1.15,290.85,1.0,8855000,2255000,5729,8628121000.0,3843,F1,5000,,,,,
2026-02-18,2026-02-18,FO,NSE,STO,92711,,FEDERALBNK,,2026-02-24,2026-02-24,330.0,CE,FEDERALBNK26FEB330CE,0.05,0.1,0.05,0.05,0.05,0.05,290.85,0.05,1165000,-215000,85,140271500.0,29,F1,5000,,,,,
2026-02-18,2026-02-18,FO,NSE,STO,96848,,FEDERALBNK,,2026-03-30,2026-03-30,250.0,CE,FEDERALBNK26MAR250CE,41.95,42.9,41.45,42.9,42.9,41.5,290.85,42.6,130000,35000,7,10229000.0,7,F1,5000,,,,,
2026-02-18,2026-02-18,FO,NSE,STO,96864,,FEDERALBNK,,2026-03-30,2026-03-30,290.0,CE,FEDERALBNK26MAR290CE,9.2,11.0,9.0,9.75,9.7,8.75,290.85,9.75,930000,-15000,242,362689000.0,226,F1,5000,,,,,
2026-02-18,2026-02-18,FO,NSE,STO,108773,,FEDERALBNK,,2026-03-30,2026-03-30,302.5,CE,FEDERALBNK26MAR302.5CE,4.35,4.35,4.35,4.35,4.35,8.7,290.85,5.7,25000,25000,5,7671250.0,1,F1,5000,,,,,
2026-02-18,2026-02-18,FO,NSE,STO,96872,,FEDERALBNK,,2026-03-30,2026-03-30,310.0,CE,FEDERALBNK26MAR310CE,2.8,3.55,2.65,2.9,2.9,2.6,290.85,2.9,760000,280000,159,248864000.0,115,F1,5000,,,,,
2026-02-18,2026-02-18,FO,NSE,STO,96882,,FEDERALBNK,,2026-03-30,2026-03-30,325.0,CE,FEDERALBNK26MAR325CE,1.0,1.2,1.0,1.1,1.1,1.0,290.85,1.1,110000,15000,25,40764750.0,25,F1,5000,,,,,
2026-02-18,2026-02-18,FO,NSE,STO,109171,,FEDERALBNK,,2026-04-28,2026-04-28,280.0,CE,FEDERALBNK26APR280CE,0.0,0.0,0.0,22.2,0.0,22.2,290.85,20.45,0,0,0,0.0,0,F1,5000,,,,,
2026-02-18,2026-02-18,FO,NSE,STO,109175,,FEDERALBNK,,2026-04-28,2026-04-28,290.0,CE,FEDERALBNK26APR290CE,0.0,0.0,0.0,17.2,0.0,17.2,290.85,14.65,0,0,0,0.0,0,F1,5000,,,,,
2026-02-18,2026-02-18,FO,NSE,STO,92589,,FEDERALBNK,,2026-02-24,2026-02-24,225.0,PE,FEDERALBNK26FEB225PE,0.0,0.0,0.0,0.05,0.05,0.05,290.85,0.05,5000,0,0,0.0,0,F1,5000,,,,,
2026-02-18,2026-02-18,FO,NSE,STO,92591,,FEDERALBNK,,2026-02-24,2026-02-24,230.0,PE,FEDERALBNK26FEB230PE,0.0,0.0,0.0,0.05,0.05,0.05,290.85,0.05,1510000,0,0,0.0,0,F1,5000,,,,,
2026-02-18,2026-02-18,FO,NSE,STO,92620,,FEDERALBNK,,2026-02-24,2026-02-24,245.0,PE,FEDERALBNK26FEB245PE,0.05,0.05,0.05,0.05,0.05,0.05,290.85,0.05,265000,-5000,1,1225250.0,1,F1,5000,,,,,
2026-02-18,2026-02-18,FO,NSE,STO,92704,,FEDERALBNK,,2026-02-24,2026-02-24,305.0,PE,FEDERALBNK26FEB305PE,0.0,0.0,0.0,16.3,16.3,16.3,290.85,14.2,105000,0,0,0.0,0,F1,5000,,,,,
2026-02-18,2026-02-18,FO,NSE,STO,108720,,FEDERALBNK,,2026-03-30,2026-03-30,257.5,PE,FEDERALBNK26MAR257.5PE,0.0,0.0,0.0,3.6,0.0,3.6,290.85,0.6,0,0,0,0.0,0,F1,5000,,,,,
2026-02-18,2026-02-18,FO,NSE,STO,96855,,FEDERALBNK,,2026-03-30,2026-03-30,265.0,PE,FEDERALBNK26MAR265PE,1.35,1.35,1.2,1.3,1.3,1.55,290.85,1.3,150000,25000,25,33285500.0,23,F1,5000,,,,,
2026-02-18,2026-02-18,FO,NSE,STO,108768,,FEDERALBNK,,2026-03-30,2026-03-30,287.5,PE,FEDERALBNK26MAR287.5PE,6.05,6.5,5.9,5.9,5.9,7.05,290.85,5.9,30000,0,5,7340000.0,5,F1,5000,,,,,
2026-02-18,2026-02-18,FO,NSE,STO,96865,,FEDERALBNK,,2026-03-30,2026-03-30,290.0,PE,FEDERALBNK26MAR290PE,7.5,7.85,6.5,7.0,6.9,8.35,290.85,7.0,1425000,170000,212,314971500.0,160,F1,5000,,,,,
2026-02-18,2026-02-18,FO,NSE,STO,92639,,FEDERALBNK,,2026-02-24,2026-02-24,275.0,CE,FEDERALBNK26FEB275CE,15.05,18.0,14.95,16.5,16.35,14.9,290.85,16.5,280000,-15000,23,33478750.0,23,F1,5000,,,,,
2026-02-18,2026-02-18,FO,NSE,STO,96654,,FEDERALBNK,,2026-02-24,2026-02-24,317.5,CE,FEDERALBNK26FEB317.5CE,0.15,0.15,0.15,0.15,0.15,0.75,290.85,0.15,145000,0,3,4764750.0,3,F1,5000,,,,,
2026-02-18,2026-02-18,FO,NSE,STO,92650,,FEDERALBNK,,2026-02-24,2026-02-24,280.0,CE,FEDERALBNK26FEB280CE,10.75,13.9,10.5,11.85,12.0,10.4,290.85,11.85,1465000,-115000,160,233478250.0,140,F1,5000,,,,,
2026-02-18,2026-02-18,FO,NSE,STO,96536,,FEDERALBNK,,2026-02-24,2026-02-24,277.5,CE,FEDERALBNK26FEB277.5CE,13.0,15.55,12.95,14.15,14.2,12.6,290.85,14.15,370000,-20000,17,24769250.0,17,F1,5000,,,,,
2026-02-18,2026-02-18,FO,NSE,STO,109210,,FEDERALBNK,,2026-04-28,2026-04-28,320.0,PE,FEDERALBNK26APR320PE,0.0,0.0,0.0,37.3,0.0,37.3,290.85,30.0,0,0,0,0.0,0,F1,5000,,,,,
2026-02-18,2026-02-18,FO,NSE,STO,109184,,FEDERALBNK,,2026-04-28,2026-04-28,305.0,PE,FEDERALBNK26APR305PE,0.0,0.0,0.0,26.7,0.0,26.7,290.85,19.15,0,0,0,0.0,0,F1,5000,,,,,
2026-02-18,2026-02-18,FO,NSE,STO,109164,,FEDERALBNK,,2026-04-28,2026-04-28,265.0,PE,FEDERALBNK26APR265PE,0.0,0.0,0.0,7.4,0.0,7.4,290.85,2.8,0,0,0,0.0,0,F1,5000,,,,,
2026-02-18,2026-02-18,FO,NSE,STO,96859,,FEDERALBNK,,2026-03-30,2026-03-30,275.0,PE,FEDERALBNK26MAR275PE,2.65,2.7,2.35,2.4,2.4,3.15,290.85,2.4,580000,35000,61,84649750.0,57,F1,5000,,,,,
2026-02-18,2026-02-18,FO,NSE,STO,96851,,FEDERALBNK,,2026-03-30,2026-03-30,255.0,PE,FEDERALBNK26MAR255PE,0.0,0.0,0.0,1.0,1.0,1.0,290.85,0.45,10000,0,0,0.0,0,F1,5000,,,,,
2026-02-18,2026-02-18,FO,NSE,STO,96541,,FEDERALBNK,,2026-02-24,2026-02-24,287.5,PE,FEDERALBNK26FEB287.5PE,2.25,2.4,1.45,1.6,1.55,3.0,290.85,1.6,1590000,-15000,1084,1568408000.0,814,F1,5000,,,,,
2026-02-18,2026-02-18,FO,NSE,STO,96528,,FEDERALBNK,,2026-02-24,2026-02-24,262.5,PE,FEDERALBNK26FEB262.5PE,0.0,0.0,0.0,0.25,0.2,0.25,290.85,0.05,280000,0,0,0.0,0,F1,5000,,,,,
2026-02-18,2026-02-18,FO,NSE,STO,108794,,FEDERALBNK,,2026-03-30,2026-03-30,332.5,CE,FEDERALBNK26MAR332.5CE,0.0,0.0,0.0,2.55,0.0,2.55,290.85,0.7,0,0,0,0.0,0,F1,5000,,,,,
2026-02-18,2026-02-18,FO,NSE,STO,96862,,FEDERALBNK,,2026-03-30,2026-03-30,285.0,CE,FEDERALBNK26MAR285CE,12.45,14.0,11.75,12.9,12.9,12.8,290.85,12.9,845000,10000,14,20852750.0,13,F1,5000,,,,,
2026-02-18,2026-02-18,FO,NSE,STO,96860,,FEDERALBNK,,2026-03-30,2026-03-30,280.0,CE,FEDERALBNK26MAR280CE,14.5,17.4,14.5,16.05,16.05,15.75,290.85,16.05,295000,55000,25,36987500.0,21,F1,5000,,,,,
2026-02-18,2026-02-18,FO,NSE,STO,108719,,FEDERALBNK,,2026-03-30,2026-03-30,257.5,CE,FEDERALBNK26MAR257.5CE,0.0,0.0,0.0,33.75,0.0,33.75,290.85,35.5,0,0,0,0.0,0,F1,5000,,,,,
2026-02-18,2026-02-18,FO,NSE,STO,47097,,FEDERALBNK,,2026-02-24,2026-02-24,325.0,CE,FEDERALBNK26FEB325CE,0.1,0.1,0.05,0.05,0.05,0.05,290.85,0.05,1555000,190000,85,138163500.0,33,F1,5000,,,,,
2026-02-18,2026-02-18,FO,NSE,STO,92705,,FEDERALBNK,,2026-02-24,2026-02-24,310.0,CE,FEDERALBNK26FEB310CE,0.35,0.55,0.25,0.3,0.3,0.4,290.85,0.3,3640000,-155000,790,1225831000.0,458,F1,5000,,,,,
2026-02-18,2026-02-18,FO,NSE,STO,96540,,FEDERALBNK,,2026-02-24,2026-02-24,287.5,CE,FEDERALBNK26FEB287.5CE,4.45,7.5,4.45,5.35,5.5,4.95,290.85,5.35,1050000,-200000,825,1210787500.0,670,F1,5000,,,,,
2026-02-18,2026-02-18,FO,NSE,STO,92707,,FEDERALBNK,,2026-02-24,2026-02-24,315.0,CE,FEDERALBNK26FEB315CE,0.2,0.35,0.15,0.2,0.2,0.25,290.85,0.2,1715000,195000,293,461836250.0,127,F1,5000,,,,,
2026-02-18,2026-02-18,FO,NSE,STO,96677,,FEDERALBNK,,2026-02-24,2026-02-24,337.5,CE,FEDERALBNK26FEB337.5CE,0.15,0.15,0.05,0.05,0.05,0.05,290.85,0.05,70000,0,3,5063750.0,3,F1,5000,,,,,
2026-02-18,2026-02-18,FO,NSE,STO,96846,,FEDERALBNK,,2026-03-30,2026-03-30,245.0,CE,FEDERALBNK26MAR245CE,0.0,0.0,0.0,31.0,0.0,31.0,290.85,47.45,0,0,0,0.0,0,F1,5000,,,,,
2026-02-18,2026-02-18,FO,NSE,STO,108721,,FEDERALBNK,,2026-03-30,2026-03-30,262.5,CE,FEDERALBNK26MAR262.5CE,0.0,0.0,0.0,27.3,27.3,27.3,290.85,30.95,0,0,0,0.0,0,F1,5000,,,,,
2026-02-18,2026-02-18,FO,NSE,STO,108729,,FEDERALBNK,,2026-03-30,2026-03-30,282.5,CE,FEDERALBNK26MAR282.5CE,0.0,0.0,0.0,17.15,0.0,17.15,290.85,15.35,0,0,0,0.0,0,F1,5000,,,,,
2026-02-18,2026-02-18,FO,NSE,STO,108782,,FEDERALBNK,,2026-03-30,2026-03-30,317.5,CE,FEDERALBNK26MAR317.5CE,1.8,1.8,1.8,1.8,1.8,4.85,290.85,2.2,10000,10000,2,3193000.0,2,F1,5000,,,,,
2026-02-18,2026-02-18,FO,NSE,STO,96880,,FEDERALBNK,,2026-03-30,2026-03-30,320.0,CE,FEDERALBNK26MAR320CE,1.55,1.85,1.4,1.55,1.55,1.45,290.85,1.55,910000,230000,251,403591000.0,156,F1,5000,,,,,
2026-02-18,2026-02-18,FO,NSE,STO,109161,,FEDERALBNK,,2026-04-28,2026-04-28,260.0,CE,FEDERALBNK26APR260CE,0.0,0.0,0.0,34.95,0.0,34.95,290.85,35.5,0,0,0,0.0,0,F1,5000,,,,,
2026-02-18,2026-02-18,FO,NSE,STO,109181,,FEDERALBNK,,2026-04-28,2026-04-28,305.0,CE,FEDERALBNK26APR305CE,0.0,0.0,0.0,11.3,0.0,11.3,290.85,8.2,0,0,0,0.0,0,F1,5000,,,,,
2026-02-18,2026-02-18,FO,NSE,STO,92626,,FEDERALBNK,,2026-02-24,2026-02-24,260.0,PE,FEDERALBNK26FEB260PE,0.15,0.15,0.1,0.1,0.1,0.15,290.85,0.1,2025000,115000,183,238010000.0,60,F1,5000,,,,,
2026-02-18,2026-02-18,FO,NSE,STO,47098,,FEDERALBNK,,2026-02-24,2026-02-24,325.0,PE,FEDERALBNK26FEB325PE,0.0,0.0,0.0,36.3,36.3,36.3,290.85,33.85,90000,0,0,0.0,0,F1,5000,,,,,
2026-02-18,2026-02-18,FO,NSE,STO,96663,,FEDERALBNK,,2026-02-24,2026-02-24,327.5,PE,FEDERALBNK26FEB327.5PE,0.0,0.0,0.0,57.4,0.0,57.4,290.85,36.35,0,0,0,0.0,0,F1,5000,,,,,
2026-02-18,2026-02-18,FO,NSE,STO,92594,,FEDERALBNK,,2026-02-24,2026-02-24,235.0,CE,FEDERALBNK26FEB235CE,0.0,0.0,0.0,47.9,47.9,47.9,290.85,56.05,45000,0,0,0.0,0,F1,5000,,,,,
2026-02-18,2026-02-18,FO,NSE,STO,96845,,FEDERALBNK,,2026-03-30,2026-03-30,240.0,PE,FEDERALBNK26MAR240PE,0.0,0.0,0.0,1.5,1.5,1.5,290.85,0.05,0,0,0,0.0,0,F1,5000,,,,,
2026-02-18,2026-02-18,FO,NSE,STO,96667,,FEDERALBNK,,2026-02-24,2026-02-24,335.0,PE,FEDERALBNK26FEB335PE,0.0,0.0,0.0,64.65,0.0,64.65,290.85,43.85,0,0,0,0.0,0,F1,5000,,,,,
2026-02-18,2026-02-18,FO,NSE,STO,96665,,FEDERALBNK,,2026-02-24,2026-02-24,332.5,PE,FEDERALBNK26FEB332.5PE,39.2,39.2,39.2,39.2,39.2,62.25,290.85,41.35,15000,15000,3,5575500.0,1,F1,5000,,,,,
2026-02-18,2026-02-18,FO,NSE,STO,92586,,FEDERALBNK,,2026-02-24,2026-02-24,220.0,CE,FEDERALBNK26FEB220CE,72.5,72.5,70.05,71.5,71.5,70.0,290.85,71.05,70000,-25000,8,11655250.0,8,F1,5000,,,,,
2026-02-18,2026-02-18,FO,NSE,STO,92588,,FEDERALBNK,,2026-02-24,2026-02-24,225.0,CE,FEDERALBNK26FEB225CE,0.0,0.0,0.0,56.0,56.0,56.0,290.85,66.05,5000,0,0,0.0,0,F1,5000,,,,,
2026-02-18,2026-02-18,FO,NSE,STO,96482,,FEDERALBNK,,2026-02-24,2026-02-24,227.5,CE,FEDERALBNK26FEB227.5CE,0.0,0.0,0.0,59.6,59.6,59.6,290.85,63.55,5000,0,0,0.0,0,F1,5000,,,,,
2026-02-18,2026-02-18,FO,NSE,STO,92623,,FEDERALBNK,,2026-02-24,2026-02-24,255.0,CE,FEDERALBNK26FEB255CE,34.9,34.9,34.9,34.9,34.9,36.25,290.85,36.1,485000,-5000,1,1449500.0,1,F1,5000,,,,,
2026-02-18,2026-02-18,FO,NSE,STO,96538,,FEDERALBNK,,2026-02-24,2026-02-24,282.5,CE,FEDERALBNK26FEB282.5CE,8.7,11.35,8.35,9.25,9.25,8.4,290.85,9.25,455000,-45000,74,108086250.0,71,F1,5000,,,,,
2026-02-18,2026-02-18,FO,NSE,STO,92660,,FEDERALBNK,,2026-02-24,2026-02-24,285.0,CE,FEDERALBNK26FEB285CE,6.4,9.45,6.15,7.3,7.4,6.45,290.85,7.3,1865000,-160000,411,601166000.0,407,F1,5000,,,,,
2026-02-18,2026-02-18,FO,NSE,STO,96542,,FEDERALBNK,,2026-02-24,2026-02-24,292.5,CE,FEDERALBNK26FEB292.5CE,2.75,4.4,2.25,2.75,2.8,2.75,290.85,2.75,1915000,370000,3047,4503138750.0,2524,F1,5000,,,,,
2026-02-18,2026-02-18,FO,NSE,STO,96547,,FEDERALBNK,,2026-02-24,2026-02-24,297.5,CE,FEDERALBNK26FEB297.5CE,1.85,2.4,1.15,1.4,1.45,1.5,290.85,1.4,1415000,150000,1055,1577920250.0,795,F1,5000,,,,,
2026-02-18,2026-02-18,FO,NSE,STO,96662,,FEDERALBNK,,2026-02-24,2026-02-24,327.5,CE,FEDERALBNK26FEB327.5CE,0.0,0.0,0.0,0.55,0.0,0.55,290.85,0.05,0,0,0,0.0,0,F1,5000,,,,,
2026-02-18,2026-02-18,FO,NSE,STO,96844,,FEDERALBNK,,2026-03-30,2026-03-30,240.0,CE,FEDERALBNK26MAR240CE,52.9,52.9,52.9,52.9,52.9,50.8,290.85,52.35,60000,5000,1,1464500.0,1,F1,5000,,,,,
2026-02-18,2026-02-18,FO,NSE,STO,92583,,FEDERALBNK,,2026-02-24,2026-02-24,210.0,PE,FEDERALBNK26FEB210PE,0.0,0.0,0.0,0.05,0.05,0.05,290.85,0.05,60000,0,0,0.0,0,F1,5000,,,,,
2026-02-18,2026-02-18,FO,NSE,STO,92628,,FEDERALBNK,,2026-02-24,2026-02-24,265.0,PE,FEDERALBNK26FEB265PE,0.2,0.2,0.1,0.1,0.1,0.2,290.85,0.1,945000,-130000,68,90151000.0,27,F1,5000,,,,,
2026-02-18,2026-02-18,FO,NSE,STO,92696,,FEDERALBNK,,2026-02-24,2026-02-24,295.0,PE,FEDERALBNK26FEB295PE,7.05,7.05,4.65,5.6,5.35,7.6,290.85,5.6,505000,135000,274,411962250.0,267,F1,5000,,,,,
2026-02-18,2026-02-18,FO,NSE,STO,92710,,FEDERALBNK,,2026-02-24,2026-02-24,320.0,PE,FEDERALBNK26FEB320PE,0.0,0.0,0.0,33.35,33.35,33.35,290.85,28.85,130000,0,0,0.0,0,F1,5000,,,,,
2026-02-18,2026-02-18,FO,NSE,STO,109160,,FEDERALBNK,,2026-04-28,2026-04-28,255.0,PE,FEDERALBNK26APR255PE,0.0,0.0,0.0,4.8,0.0,4.8,290.85,1.35,0,0,0,0.0,0,F1,5000,,,,,
2026-02-18,2026-02-18,FO,NSE,STO,108785,,FEDERALBNK,,2026-03-30,2026-03-30,322.5,PE,FEDERALBNK26MAR322.5PE,0.0,0.0,0.0,38.1,0.0,38.1,290.85,31.25,0,0,0,0.0,0,F1,5000,,,,,
2026-02-18,2026-02-18,FO,NSE,STO,96881,,FEDERALBNK,,2026-03-30,2026-03-30,320.0,PE,FEDERALBNK26MAR320PE,0.0,0.0,0.0,30.0,30.0,30.0,290.85,29.05,50000,0,0,0.0,0,F1,5000,,,,,
2026-02-18,2026-02-18,FO,NSE,STO,96869,,FEDERALBNK,,2026-03-30,2026-03-30,300.0,PE,FEDERALBNK26MAR300PE,13.1,13.65,12.0,12.75,12.75,14.55,290.85,12.75,400000,90000,36,56327750.0,31,F1,5000,,,,,
2026-02-18,2026-02-18,FO,NSE,STO,108728,,FEDERALBNK,,2026-03-30,2026-03-30,277.5,PE,FEDERALBNK26MAR277.5PE,3.2,3.2,2.85,2.85,2.85,9.6,290.85,3.75,60000,60000,15,21046750.0,6,F1,5000,,,,,
2026-02-18,2026-02-18,FO,NSE,STO,108726,,FEDERALBNK,,2026-03-30,2026-03-30,272.5,PE,FEDERALBNK26MAR272.5PE,2.25,2.25,1.95,2.0,2.0,2.6,290.85,2.55,155000,-95000,28,38441750.0,19,F1,5000,,,,,
2026-02-18,2026-02-18,FO,NSE,STO,96486,,FEDERALBNK,,2026-02-24,2026-02-24,237.5,CE,FEDERALBNK26FEB237.5CE,0.0,0.0,0.0,49.5,49.5,49.5,290.85,53.55,0,0,0,0.0,0,F1,5000,,,,,
2026-02-18,2026-02-18,FO,NSE,STO,96858,,FEDERALBNK,,2026-03-30,2026-03-30,275.0,CE,FEDERALBNK26MAR275CE,20.0,20.25,19.0,20.0,20.0,18.5,290.85,20.6,45000,-5000,4,5896250.0,4,F1,5000,,,,,
2026-02-18,2026-02-18,FO,NSE,STO,108727,,FEDERALBNK,,2026-03-30,2026-03-30,277.5,CE,FEDERALBNK26MAR277.5CE,0.0,0.0,0.0,19.95,0.0,19.95,290.85,18.75,0,0,0,0.0,0,F1,5000,,,,,
2026-02-18,2026-02-18,FO,NSE,STO,109167,,FEDERALBNK,,2026-04-28,2026-04-28,275.0,CE,FEDERALBNK26APR275CE,0.0,0.0,0.0,25.05,0.0,25.05,290.85,23.85,0,0,0,0.0,0,F1,5000,,,,,
2026-02-18,2026-02-18,FO,NSE,STO,109209,,FEDERALBNK,,2026-04-28,2026-04-28,320.0,CE,FEDERALBNK26APR320CE,0.0,0.0,0.0,7.15,0.0,7.15,290.85,4.15,0,0,0,0.0,0,F1,5000,,,,,
2026-02-18,2026-02-18,FO,NSE,STO,92587,,FEDERALBNK,,2026-02-24,2026-02-24,220.0,PE,FEDERALBNK26FEB220PE,0.0,0.0,0.0,0.1,0.1,0.1,290.85,0.05,325000,0,0,0.0,0,F1,5000,,,,,
2026-02-18,2026-02-18,FO,NSE,STO,92661,,FEDERALBNK,,2026-02-24,2026-02-24,285.0,PE,FEDERALBNK26FEB285PE,1.95,2.2,0.95,1.0,0.95,2.1,290.85,1.0,3725000,535000,1708,2444322750.0,1038,F1,5000,,,,,
2026-02-18,2026-02-18,FO,NSE,STO,92698,,FEDERALBNK,,2026-02-24,2026-02-24,300.0,PE,FEDERALBNK26FEB300PE,11.1,11.1,8.4,9.7,9.85,11.7,290.85,9.7,355000,15000,58,89722500.0,58,F1,5000,,,,,
2026-02-18,2026-02-18,FO,NSE,STO,96550,,FEDERALBNK,,2026-02-24,2026-02-24,302.5,PE,FEDERALBNK26FEB302.5PE,12.25,13.15,10.9,12.0,12.0,16.1,290.85,11.95,40000,-15000,15,23568750.0,15,F1,5000,,,,,
2026-02-18,2026-02-18,FO,NSE,STO,108777,,FEDERALBNK,,2026-03-30,2026-03-30,302.5,PE,FEDERALBNK26MAR302.5PE,0.0,0.0,0.0,23.1,0.0,23.1,290.85,15.5,0,0,0,0.0,0,F1,5000,,,,,
2026-02-18,2026-02-18,FO,NSE,STO,109172,,FEDERALBNK,,2026-04-28,2026-04-28,280.0,PE,FEDERALBNK26APR280PE,0.0,0.0,0.0,10.0,10.0,10.0,290.85,6.7,20000,0,0,0.0,0,F1,5000,,,,,
2026-02-18,2026-02-18,FO,NSE,STO,96549,,FEDERALBNK,,2026-02-24,2026-02-24,302.5,CE,FEDERALBNK26FEB302.5CE,1.0,1.3,0.6,0.7,0.75,0.85,290.85,0.7,565000,95000,258,391329500.0,219,F1,5000,,,,,
2026-02-18,2026-02-18,FO,NSE,STO,96878,,FEDERALBNK,,2026-03-30,2026-03-30,315.0,CE,FEDERALBNK26MAR315CE,2.2,2.45,1.95,2.1,2.1,1.95,290.85,2.1,165000,120000,35,55491250.0,31,F1,5000,,,,,
2026-02-18,2026-02-18,FO,NSE,STO,92596,,FEDERALBNK,,2026-02-24,2026-02-24,240.0,CE,FEDERALBNK26FEB240CE,0.0,0.0,0.0,39.8,39.8,39.8,290.85,51.05,110000,0,0,0.0,0,F1,5000,,,,,
2026-02-18,2026-02-18,FO,NSE,STO,92629,,FEDERALBNK,,2026-02-24,2026-02-24,270.0,CE,FEDERALBNK26FEB270CE,20.0,21.3,20.0,21.3,21.3,19.55,290.85,21.3,785000,-25000,7,10179000.0,6,F1,5000,,,,,
2026-02-18,2026-02-18,FO,NSE,STO,96850,,FEDERALBNK,,2026-03-30,2026-03-30,255.0,CE,FEDERALBNK26MAR255CE,0.0,0.0,0.0,35.2,35.2,35.2,290.85,37.85,5000,0,0,0.0,0,F1,5000,,,,,
2026-02-18,2026-02-18,FO,NSE,STO,108796,,FEDERALBNK,,2026-03-30,2026-03-30,337.5,CE,FEDERALBNK26MAR337.5CE,0.0,0.0,0.0,2.0,0.0,2.0,290.85,0.45,0,0,0,0.0,0,F1,5000,,,,,
2026-02-18,2026-02-18,FO,NSE,STO,109207,,FEDERALBNK,,2026-04-28,2026-04-28,315.0,CE,FEDERALBNK26APR315CE,0.0,0.0,0.0,8.35,0.0,8.35,290.85,5.25,0,0,0,0.0,0,F1,5000,,,,,
2026-02-18,2026-02-18,FO,NSE,STO,109165,,FEDERALBNK,,2026-04-28,2026-04-28,270.0,CE,FEDERALBNK26APR270CE,0.0,0.0,0.0,28.15,0.0,28.15,290.85,27.5,0,0,0,0.0,0,F1,5000,,,,,
2026-02-18,2026-02-18,FO,NSE,STO,108780,,FEDERALBNK,,2026-03-30,2026-03-30,312.5,CE,FEDERALBNK26MAR312.5CE,2.5,2.6,2.35,2.35,2.35,5.95,290.85,3.05,35000,35000,7,11023500.0,7,F1,5000,,,,,
2026-02-18,2026-02-18,FO,NSE,STO,96854,,FEDERALBNK,,2026-03-30,2026-03-30,265.0,CE,FEDERALBNK26MAR265CE,0.0,0.0,0.0,18.25,0.0,18.25,290.85,28.75,0,0,0,0.0,0,F1,5000,,,,,
2026-02-18,2026-02-18,FO,NSE,STO,96664,,FEDERALBNK,,2026-02-24,2026-02-24,332.5,CE,FEDERALBNK26FEB332.5CE,0.0,0.0,0.0,0.25,0.25,0.25,290.85,0.05,5000,0,0,0.0,0,F1,5000,,,,,
2026-02-18,2026-02-18,FO,NSE,STO,92703,,FEDERALBNK,,2026-02-24,2026-02-24,305.0,CE,FEDERALBNK26FEB305CE,0.7,0.95,0.45,0.5,0.55,0.6,290.85,0.5,3335000,-290000,986,1506633750.0,532,F1,5000,,,,,
2026-02-18,2026-02-18,FO,NSE,STO,96529,,FEDERALBNK,,2026-02-24,2026-02-24,267.5,CE,FEDERALBNK26FEB267.5CE,0.0,0.0,0.0,23.15,23.15,23.15,290.85,23.6,30000,0,0,0.0,0,F1,5000,,,,,
2026-02-18,2026-02-18,FO,NSE,STO,92673,,FEDERALBNK,,2026-02-24,2026-02-24,290.0,PE,FEDERALBNK26FEB290PE,4.25,4.45,2.2,2.5,2.6,4.25,290.85,2.5,3500000,255000,2053,3006449500.0,1703,F1,5000,,,,,
2026-02-18,2026-02-18,FO,NSE,STO,96579,,FEDERALBNK,,2026-02-24,2026-02-24,307.5,PE,FEDERALBNK26FEB307.5PE,0.0,0.0,0.0,38.95,0.0,38.95,290.85,16.55,0,0,0,0.0,0,F1,5000,,,,,
2026-02-18,2026-02-18,FO,NSE,STO,108783,,FEDERALBNK,,2026-03-30,2026-03-30,317.5,PE,FEDERALBNK26MAR317.5PE,0.0,0.0,0.0,34.05,0.0,34.05,290.85,26.95,0,0,0,0.0,0,F1,5000,,,,,
2026-02-18,2026-02-18,FO,NSE,STO,96852,,FEDERALBNK,,2026-03-30,2026-03-30,260.0,CE,FEDERALBNK26MAR260CE,0.0,0.0,0.0,30.2,30.2,30.2,290.85,33.2,50000,0,0,0.0,0,F1,5000,,,,,
2026-02-18,2026-02-18,FO,NSE,STO,96666,,FEDERALBNK,,2026-02-24,2026-02-24,335.0,CE,FEDERALBNK26FEB335CE,0.0,0.0,0.0,0.05,0.05,0.05,290.85,0.05,505000,0,0,0.0,0,F1,5000,,,,,
2026-02-18,2026-02-18,FO,NSE,STO,96847,,FEDERALBNK,,2026-03-30,2026-03-30,245.0,PE,FEDERALBNK26MAR245PE,0.0,0.0,0.0,4.8,0.0,4.8,290.85,0.15,0,0,0,0.0,0,F1,5000,,,,,
2026-02-18,2026-02-18,FO,NSE,STO,96863,,FEDERALBNK,,2026-03-30,2026-03-30,285.0,PE,FEDERALBNK26MAR285PE,5.4,5.55,4.85,4.9,4.9,6.25,290.85,4.9,200000,85000,29,42079500.0,27,F1,5000,,,,,
2026-02-18,2026-02-18,FO,NSE,STO,96524,,FEDERALBNK,,2026-02-24,2026-02-24,257.5,CE,FEDERALBNK26FEB257.5CE,0.0,0.0,0.0,27.6,27.6,27.6,290.85,33.6,60000,0,0,0.0,0,F1,5000,,,,,
2026-02-18,2026-02-18,FO,NSE,STO,96883,,FEDERALBNK,,2026-03-30,2026-03-30,325.0,PE,FEDERALBNK26MAR325PE,0.0,0.0,0.0,54.55,0.0,54.55,290.85,33.45,0,0,0,0.0,0,F1,5000,,,,,
2026-02-18,2026-02-18,FO,NSE,STO,96887,,FEDERALBNK,,2026-03-30,2026-03-30,335.0,PE,FEDERALBNK26MAR335PE,0.0,0.0,0.0,63.7,0.0,63.7,290.85,42.7,0,0,0,0.0,0,F1,5000,,,,,
2026-02-18,2026-02-18,FO,NSE,STO,109195,,FEDERALBNK,,2026-04-28,2026-04-28,310.0,PE,FEDERALBNK26APR310PE,0.0,0.0,0.0,30.05,0.0,30.05,290.85,22.55,0,0,0,0.0,0,F1,5000,,,,,
2026-02-18,2026-02-18,FO,NSE,STO,108723,,FEDERALBNK,,2026-03-30,2026-03-30,267.5,CE,FEDERALBNK26MAR267.5CE,0.0,0.0,0.0,26.35,0.0,26.35,290.85,26.6,0,0,0,0.0,0,F1,5000,,,,,
2026-02-18,2026-02-18,FO,NSE,STO,92709,,FEDERALBNK,,2026-02-24,2026-02-24,320.0,CE,FEDERALBNK26FEB320CE,0.15,0.2,0.1,0.1,0.1,0.15,290.85,0.1,2560000,255000,287,459425000.0,103,F1,5000,,,,,
2026-02-18,2026-02-18,FO,NSE,STO,92694,,FEDERALBNK,,2026-02-24,2026-02-24,295.0,CE,FEDERALBNK26FEB295CE,2.1,3.3,1.6,1.9,1.9,2.05,290.85,1.9,4055000,465000,4516,6712276250.0,3329,F1,5000,,,,,
2026-02-18,2026-02-18,FO,NSE,STO,92712,,FEDERALBNK,,2026-02-24,2026-02-24,330.0,PE,FEDERALBNK26FEB330PE,0.0,0.0,0.0,69.95,0.0,69.95,290.85,38.85,0,0,0,0.0,0,F1,5000,,,,,
2026-02-18,2026-02-18,FO,NSE,STO,96841,,FEDERALBNK,,2026-03-30,2026-03-30,230.0,PE,FEDERALBNK26MAR230PE,0.2,0.25,0.2,0.25,0.25,0.2,290.85,0.05,115000,10000,3,3453250.0,2,F1,5000,,,,,
2026-02-18,2026-02-18,FO,NSE,STO,108724,,FEDERALBNK,,2026-03-30,2026-03-30,267.5,PE,FEDERALBNK26MAR267.5PE,0.0,0.0,0.0,6.1,0.0,6.1,290.85,1.65,0,0,0,0.0,0,F1,5000,,,,,
2026-02-18,2026-02-18,FO,NSE,STO,109174,,FEDERALBNK,,2026-04-28,2026-04-28,285.0,PE,FEDERALBNK26APR285PE,0.0,0.0,0.0,15.3,0.0,15.3,290.85,8.6,0,0,0,0.0,0,F1,5000,,,,,
2026-02-18,2026-02-18,FO,NSE,STO,96526,,FEDERALBNK,,2026-02-24,2026-02-24,262.5,CE,FEDERALBNK26FEB262.5CE,27.25,27.25,27.25,27.25,27.25,22.1,290.85,28.6,50000,0,1,1448750.0,1,F1,5000,,,,,
2026-02-18,2026-02-18,FO,NSE,STO,92625,,FEDERALBNK,,2026-02-24,2026-02-24,260.0,CE,FEDERALBNK26FEB260CE,31.0,33.2,30.1,31.2,31.2,31.0,290.85,31.2,435000,-65000,16,23316250.0,13,F1,5000,,,,,
2026-02-18,2026-02-18,FO,NSE,STO,92621,,FEDERALBNK,,2026-02-24,2026-02-24,250.0,CE,FEDERALBNK26FEB250CE,43.1,43.1,41.1,41.1,41.1,39.9,290.85,41.1,420000,0,3,4378250.0,3,F1,5000,,,,,
2026-02-18,2026-02-18,FO,NSE,STO,92598,,FEDERALBNK,,2026-02-24,2026-02-24,245.0,CE,FEDERALBNK26FEB245CE,0.0,0.0,0.0,35.8,35.8,35.8,290.85,46.05,35000,0,0,0.0,0,F1,5000,,,,,
2026-02-18,2026-02-18,FO,NSE,STF,51877,,FEDERALBNK,,2026-03-30,2026-03-30,,,FEDERALBNK26MARFUT,290.4,294.5,289.4,292.6,292.8,290.2,290.85,292.6,7810000,3015000,1478,2160182500.0,1361,F1,5000,,,,,
2026-02-18,2026-02-18,FO,NSE,STO,108778,,FEDERALBNK,,2026-03-30,2026-03-30,307.5,CE,FEDERALBNK26MAR307.5CE,3.35,3.55,3.35,3.4,3.55,7.2,290.85,3.4,40000,40000,9,13990250.0,4,F1,5000,,,,,
2026-02-18,2026-02-18,FO,NSE,STO,109214,,FEDERALBNK,,2026-04-28,2026-04-28,330.0,PE,FEDERALBNK26APR330PE,0.0,0.0,0.0,45.15,0.0,45.15,290.85,38.25,0,0,0,0.0,0,F1,5000,,,,,
2026-02-18,2026-02-18,FO,NSE,STO,96539,,FEDERALBNK,,2026-02-24,2026-02-24,282.5,PE,FEDERALBNK26FEB282.5PE,1.15,1.15,0.6,0.65,0.65,1.4,290.85,0.65,1460000,-270000,516,730825000.0,341,F1,5000,,,,,
2026-02-18,2026-02-18,FO,NSE,STO,92595,,FEDERALBNK,,2026-02-24,2026-02-24,235.0,PE,FEDERALBNK26FEB235PE,0.0,0.0,0.0,0.05,0.05,0.05,290.85,0.05,385000,0,0,0.0,0,F1,5000,,,,,
2026-02-18,2026-02-18,FO,NSE,STO,109177,,FEDERALBNK,,2026-04-28,2026-04-28,295.0,CE,FEDERALBNK26APR295CE,0.0,0.0,0.0,15.05,0.0,15.05,290.85,12.2,0,0,0,0.0,0,F1,5000,,,,,
2026-02-18,2026-02-18,FO,NSE,STO,109173,,FEDERALBNK,,2026-04-28,2026-04-28,285.0,CE,FEDERALBNK26APR285CE,0.0,0.0,0.0,19.6,0.0,19.6,290.85,17.4,0,0,0,0.0,0,F1,5000,,,,,
2026-02-18,2026-02-18,FO,NSE,STO,109055,,FEDERALBNK,,2026-04-28,2026-04-28,240.0,CE,FEDERALBNK26APR240CE,0.0,0.0,0.0,50.8,0.0,50.8,290.85,53.7,0,0,0,0.0,0,F1,5000,,,,,
2026-02-18,2026-02-18,FO,NSE,STO,108769,,FEDERALBNK,,2026-03-30,2026-03-30,292.5,CE,FEDERALBNK26MAR292.5CE,9.4,9.7,8.0,8.55,8.5,7.5,290.85,8.55,85000,35000,20,30135250.0,20,F1,5000,,,,,
2026-02-18,2026-02-18,FO,NSE,STO,109155,,FEDERALBNK,,2026-04-28,2026-04-28,250.0,PE,FEDERALBNK26APR250PE,0.0,0.0,0.0,3.75,0.0,3.75,290.85,0.9,0,0,0,0.0,0,F1,5000,,,,,
2026-02-18,2026-02-18,FO,NSE,STF,59315,,FEDERALBNK,,2026-02-24,2026-02-24,,,FEDERALBNK26FEBFUT,289.55,293.45,288.7,291.25,291.3,289.35,290.85,291.25,58210000,-790000,3063,4460509500.0,2892,F1,5000,,,,,
2026-02-18,2026-02-18,FO,NSE,STF,66826,,FEDERALBNK,,2026-04-28,2026-04-28,,,FEDERALBNK26APRFUT,291.25,295.3,291.25,293.45,293.9,291.4,290.85,293.45,495000,35000,74,108617000.0,72,F1,5000,,,,,
2026-02-18,2026-02-18,FO,NSE,STO,96531,,FEDERALBNK,,2026-02-24,2026-02-24,272.5,CE,FEDERALBNK26FEB272.5CE,17.15,19.4,17.15,19.05,19.1,17.5,290.85,19.05,110000,-30000,12,17472500.0,12,F1,5000,,,,,
2026-02-18,2026-02-18,FO,NSE,STO,92672,,FEDERALBNK,,2026-02-24,2026-02-24,290.0,CE,FEDERALBNK26FEB290CE,3.55,5.75,3.25,3.85,4.0,3.7,290.85,3.85,4885000,-1230000,4043,5948475000.0,3666,F1,5000,,,,,
2026-02-18,2026-02-18,FO,NSE,STO,96868,,FEDERALBNK,,2026-03-30,2026-03-30,300.0,CE,FEDERALBNK26MAR300CE,4.9,6.5,4.85,5.5,5.5,4.95,290.85,5.5,2235000,525000,464,708970250.0,386,F1,5000,,,,,
2026-02-18,2026-02-18,FO,NSE,STO,111355,,GODREJCP,,2026-03-30,2026-03-30,1150.0,CE,GODREJCP26MAR1150CE,0.0,0.0,0.0,74.1,0.0,74.1,1217.6,85.2,0,0,0,0.0,0,F1,500,,,,,
2026-02-18,2026-02-18,FO,NSE,STO,111351,,GODREJCP,,2026-03-30,2026-03-30,1130.0,CE,GODREJCP26MAR1130CE,96.0,96.0,92.2,92.2,92.2,75.4,1217.6,101.35,500,0,2,1224100.0,2,F1,500,,,,,
2026-02-18,2026-02-18,FO,NSE,STO,100349,,GODREJCP,,2026-03-30,2026-03-30,1080.0,CE,GODREJCP26MAR1080CE,0.0,0.0,0.0,163.6,0.0,163.6,1217.6,146.0,0,0,0,0.0,0,F1,500,,,,,
2026-02-18,2026-02-18,FO,NSE,STO,100130,,GODREJCP,,2026-02-24,2026-02-24,1300.0,CE,GODREJCP26FEB1300CE,0.5,0.6,0.1,0.3,0.3,0.7,1217.6,0.3,140000,-54000,241,156686100.0,106,F1,500,,,,,
2026-02-18,2026-02-18,FO,NSE,STO,100032,,GODREJCP,,2026-02-24,2026-02-24,1170.0,CE,GODREJCP26FEB1170CE,46.0,46.0,46.0,46.0,46.0,46.6,1217.6,46.0,52000,0,2,1216000.0,1,F1,500,,,,,
2026-02-18,2026-02-18,FO,NSE,STO,111345,,GODREJCP,,2026-03-30,2026-03-30,1090.0,CE,GODREJCP26MAR1090CE,0.0,0.0,0.0,113.7,0.0,113.7,1217.6,136.7,0,0,0,0.0,0,F1,500,,,,,
2026-02-18,2026-02-18,FO,NSE,STO,100367,,GODREJCP,,2026-03-30,2026-03-30,1200.0,CE,GODREJCP26MAR1200CE,40.3,45.5,37.1,44.7,44.2,46.0,1217.6,44.7,30500,5500,38,23588800.0,29,F1,500,,,,,
2026-02-18,2026-02-18,FO,NSE,STO,111597,,GODREJCP,,2026-04-28,2026-04-28,1000.0,CE,GODREJCP26APR1000CE,0.0,0.0,0.0,197.3,0.0,197.3,1217.6,228.8,0,0,0,0.0,0,F1,500,,,,,
2026-02-18,2026-02-18,FO,NSE,STO,99846,,GODREJCP,,2026-02-24,2026-02-24,980.0,PE,GODREJCP26FEB980PE,0.0,0.0,0.0,1.05,0.0,1.05,1217.6,0.05,0,0,0,0.0,0,F1,500,,,,,
2026-02-18,2026-02-18,FO,NSE,STO,99940,,GODREJCP,,2026-02-24,2026-02-24,1050.0,CE,GODREJCP26FEB1050CE,0.0,0.0,0.0,121.4,121.4,121.4,1217.6,168.55,0,0,0,0.0,0,F1,500,,,,,
2026-02-18,2026-02-18,FO,NSE,STO,100376,,GODREJCP,,2026-03-30,2026-03-30,1280.0,PE,GODREJCP26MAR1280PE,0.0,0.0,0.0,96.65,0.0,96.65,1217.6,71.8,0,0,0,0.0,0,F1,500,,,,,
2026-02-18,2026-02-18,FO,NSE,STO,100340,,GODREJCP,,2026-03-30,2026-03-30,980.0,PE,GODREJCP26MAR980PE,0.0,0.0,0.0,3.45,0.0,3.45,1217.6,0.05,0,0,0,0.0,0,F1,500,,,,,
2026-02-18,2026-02-18,FO,NSE,STO,100125,,GODREJCP,,2026-02-24,2026-02-24,1270.0,PE,GODREJCP26FEB1270PE,0.0,0.0,0.0,65.85,65.85,65.85,1217.6,52.7,5000,0,0,0.0,0,F1,500,,,,,
2026-02-18,2026-02-18,FO,NSE,STO,100047,,GODREJCP,,2026-02-24,2026-02-24,1210.0,PE,GODREJCP26FEB1210PE,11.85,18.55,7.95,8.55,9.1,11.8,1217.6,8.55,71500,20500,170,103917250.0,169,F1,500,,,,,
2026-02-18,2026-02-18,FO,NSE,STO,100039,,GODREJCP,,2026-02-24,2026-02-24,1170.0,PE,GODREJCP26FEB1170PE,2.8,3.6,1.3,1.3,1.3,2.3,1217.6,1.3,138500,-2500,126,73852825.0,121,F1,500,,,,,
2026-02-18,2026-02-18,FO,NSE,STO,100004,,GODREJCP,,2026-02-24,2026-02-24,1090.0,PE,GODREJCP26FEB1090PE,0.0,0.0,0.0,2.5,2.5,2.5,1217.6,0.05,1500,0,0,0.0,0,F1,500,,,,,
2026-02-18,2026-02-18,FO,NSE,STO,100000,,GODREJCP,,2026-02-24,2026-02-24,1070.0,PE,GODREJCP26FEB1070PE,0.0,0.0,0.0,0.5,0.5,0.5,1217.6,0.05,8000,0,0,0.0,0,F1,500,,,,,
2026-02-18,2026-02-18,FO,NSE,STO,111385,,GODREJCP,,2026-03-30,2026-03-30,1330.0,CE,GODREJCP26MAR1330CE,0.0,0.0,0.0,12.9,0.0,12.9,1217.6,7.25,0,0,0,0.0,0,F1,500,,,,,
2026-02-18,2026-02-18,FO,NSE,STO,100377,,GODREJCP,,2026-03-30,2026-03-30,1300.0,CE,GODREJCP26MAR1300CE,10.65,10.65,7.25,8.85,8.75,17.95,1217.6,8.85,12000,11000,44,28789075.0,43,F1,500,,,,,
2026-02-18,2026-02-18,FO,NSE,STO,111359,,GODREJCP,,2026-03-30,2026-03-30,1190.0,CE,GODREJCP26MAR1190CE,50.0,50.0,50.0,50.0,50.0,50.0,1217.6,57.0,4000,1000,2,1240000.0,2,F1,500,,,,,
2026-02-18,2026-02-18,FO,NSE,STO,100347,,GODREJCP,,2026-03-30,2026-03-30,1060.0,CE,GODREJCP26MAR1060CE,0.0,0.0,0.0,179.75,0.0,179.75,1217.6,165.0,0,0,0,0.0,0,F1,500,,,,,
2026-02-18,2026-02-18,FO,NSE,STO,94491,,GODREJCP,,2026-02-24,2026-02-24,1400.0,CE,GODREJCP26FEB1400CE,0.2,0.2,0.05,0.05,0.05,0.25,1217.6,0.05,28000,-60500,174,121807400.0,43,F1,500,,,,,
2026-02-18,2026-02-18,FO,NSE,STO,100124,,GODREJCP,,2026-02-24,2026-02-24,1270.0,CE,GODREJCP26FEB1270CE,0.7,0.95,0.65,0.9,0.85,1.55,1217.6,0.9,87000,-60500,226,143594100.0,128,F1,500,,,,,
2026-02-18,2026-02-18,FO,NSE,STO,100122,,GODREJCP,,2026-02-24,2026-02-24,1260.0,CE,GODREJCP26FEB1260CE,1.5,1.55,0.95,1.5,1.35,2.15,1217.6,1.5,291000,-3000,171,107828700.0,105,F1,500,,,,,
2026-02-18,2026-02-18,FO,NSE,STO,100114,,GODREJCP,,2026-02-24,2026-02-24,1230.0,CE,GODREJCP26FEB1230CE,7.55,7.55,3.35,6.0,5.45,7.45,1217.6,6.0,48500,-33500,410,253134450.0,333,F1,500,,,,,
2026-02-18,2026-02-18,FO,NSE,STO,100092,,GODREJCP,,2026-02-24,2026-02-24,1220.0,CE,GODREJCP26FEB1220CE,10.8,10.8,5.35,9.35,9.05,10.8,1217.6,9.35,234000,-33500,1180,724451425.0,912,F1,500,,,,,
2026-02-18,2026-02-18,FO,NSE,STO,100044,,GODREJCP,,2026-02-24,2026-02-24,1190.0,CE,GODREJCP26FEB1190CE,19.05,30.9,19.0,29.35,28.5,29.05,1217.6,29.35,50500,-10000,657,399742200.0,521,F1,500,,,,,
2026-02-18,2026-02-18,FO,NSE,STO,111633,,GODREJCP,,2026-04-28,2026-04-28,1300.0,PE,GODREJCP26APR1300PE,0.0,0.0,0.0,135.35,0.0,135.35,1217.6,92.5,0,0,0,0.0,0,F1,500,,,,,
2026-02-18,2026-02-18,FO,NSE,STO,111604,,GODREJCP,,2026-04-28,2026-04-28,1060.0,PE,GODREJCP26APR1060PE,0.0,0.0,0.0,18.2,0.0,18.2,1217.6,3.65,0,0,0,0.0,0,F1,500,,,,,
2026-02-18,2026-02-18,FO,NSE,STO,94406,,GODREJCP,,2026-02-24,2026-02-24,1080.0,CE,GODREJCP26FEB1080CE,0.0,0.0,0.0,113.25,0.0,113.25,1217.6,138.6,0,0,0,0.0,0,F1,500,,,,,
2026-02-18,2026-02-18,FO,NSE,STO,94404,,GODREJCP,,2026-02-24,2026-02-24,1040.0,CE,GODREJCP26FEB1040CE,0.0,0.0,0.0,141.15,0.0,141.15,1217.6,178.55,0,0,0,0.0,0,F1,500,,,,,
2026-02-18,2026-02-18,FO,NSE,STO,99922,,GODREJCP,,2026-02-24,2026-02-24,1030.0,CE,GODREJCP26FEB1030CE,0.0,0.0,0.0,195.0,0.0,195.0,1217.6,188.55,0,0,0,0.0,0,F1,500,,,,,
2026-02-18,2026-02-18,FO,NSE,STO,111364,,GODREJCP,,2026-03-30,2026-03-30,1210.0,PE,GODREJCP26MAR1210PE,0.0,0.0,0.0,68.15,0.0,68.15,1217.6,30.4,0,0,0,0.0,0,F1,500,,,,,
2026-02-18,2026-02-18,FO,NSE,STO,111384,,GODREJCP,,2026-03-30,2026-03-30,1310.0,PE,GODREJCP26MAR1310PE,0.0,0.0,0.0,138.6,0.0,138.6,1217.6,94.9,0,0,0,0.0,0,F1,500,,,,,
2026-02-18,2026-02-18,FO,NSE,STO,100388,,GODREJCP,,2026-03-30,2026-03-30,1340.0,PE,GODREJCP26MAR1340PE,0.0,0.0,0.0,137.8,0.0,137.8,1217.6,120.35,0,0,0,0.0,0,F1,500,,,,,
2026-02-18,2026-02-18,FO,NSE,STO,100395,,GODREJCP,,2026-03-30,2026-03-30,1400.0,PE,GODREJCP26MAR1400PE,0.0,0.0,0.0,184.9,0.0,184.9,1217.6,175.7,0,0,0,0.0,0,F1,500,,,,,
2026-02-18,2026-02-18,FO,NSE,STO,111611,,GODREJCP,,2026-04-28,2026-04-28,1100.0,PE,GODREJCP26APR1100PE,0.0,0.0,0.0,28.7,0.0,28.7,1217.6,8.0,0,0,0,0.0,0,F1,500,,,,,
2026-02-18,2026-02-18,FO,NSE,STO,99958,,GODREJCP,,2026-02-24,2026-02-24,1060.0,CE,GODREJCP26FEB1060CE,0.0,0.0,0.0,167.85,0.0,167.85,1217.6,158.55,0,0,0,0.0,0,F1,500,,,,,
2026-02-18,2026-02-18,FO,NSE,STO,111356,,GODREJCP,,2026-03-30,2026-03-30,1150.0,PE,GODREJCP26MAR1150PE,0.0,0.0,0.0,15.0,15.0,15.0,1217.6,10.65,1500,0,0,0.0,0,F1,500,,,,,
2026-02-18,2026-02-18,FO,NSE,STO,111350,,GODREJCP,,2026-03-30,2026-03-30,1110.0,PE,GODREJCP26MAR1110PE,0.0,0.0,0.0,18.4,18.4,18.4,1217.6,4.3,1000,0,0,0.0,0,F1,500,,,,,
2026-02-18,2026-02-18,FO,NSE,STO,100043,,GODREJCP,,2026-02-24,2026-02-24,1180.0,PE,GODREJCP26FEB1180PE,4.2,5.65,1.9,2.05,2.1,3.45,1217.6,2.05,124500,11500,173,102437375.0,142,F1,500,,,,,
2026-02-18,2026-02-18,FO,NSE,STO,111636,,GODREJCP,,2026-04-28,2026-04-28,1340.0,CE,GODREJCP26APR1340CE,0.0,0.0,0.0,20.6,0.0,20.6,1217.6,14.45,0,0,0,0.0,0,F1,500,,,,,
2026-02-18,2026-02-18,FO,NSE,STO,111630,,GODREJCP,,2026-04-28,2026-04-28,1300.0,CE,GODREJCP26APR1300CE,0.0,0.0,0.0,29.15,0.0,29.15,1217.6,23.55,0,0,0,0.0,0,F1,500,,,,,
2026-02-18,2026-02-18,FO,NSE,STO,111622,,GODREJCP,,2026-04-28,2026-04-28,1220.0,CE,GODREJCP26APR1220CE,0.0,0.0,0.0,54.7,0.0,54.7,1217.6,54.45,0,0,0,0.0,0,F1,500,,,,,
2026-02-18,2026-02-18,FO,NSE,STO,111618,,GODREJCP,,2026-04-28,2026-04-28,1180.0,CE,GODREJCP26APR1180CE,0.0,0.0,0.0,72.55,0.0,72.55,1217.6,77.25,0,0,0,0.0,0,F1,500,,,,,
2026-02-18,2026-02-18,FO,NSE,STO,100389,,GODREJCP,,2026-03-30,2026-03-30,1360.0,CE,GODREJCP26MAR1360CE,0.0,0.0,0.0,25.3,0.0,25.3,1217.6,4.05,0,0,0,0.0,0,F1,500,,,,,
2026-02-18,2026-02-18,FO,NSE,STO,111369,,GODREJCP,,2026-03-30,2026-03-30,1270.0,CE,GODREJCP26MAR1270CE,0.0,0.0,0.0,16.25,16.25,16.25,1217.6,20.0,0,0,0,0.0,0,F1,500,,,,,
2026-02-18,2026-02-18,FO,NSE,STO,100343,,GODREJCP,,2026-03-30,2026-03-30,1020.0,CE,GODREJCP26MAR1020CE,0.0,0.0,0.0,187.6,187.6,187.6,1217.6,204.0,2500,0,0,0.0,0,F1,500,,,,,
2026-02-18,2026-02-18,FO,NSE,STO,94427,,GODREJCP,,2026-02-24,2026-02-24,1320.0,CE,GODREJCP26FEB1320CE,0.1,0.3,0.05,0.25,0.2,0.55,1217.6,0.25,26500,-4000,23,15181800.0,16,F1,500,,,,,
2026-02-18,2026-02-18,FO,NSE,STO,94408,,GODREJCP,,2026-02-24,2026-02-24,1120.0,CE,GODREJCP26FEB1120CE,0.0,0.0,0.0,85.0,85.0,85.0,1217.6,98.65,6500,0,0,0.0,0,F1,500,,,,,
2026-02-18,2026-02-18,FO,NSE,STO,100001,,GODREJCP,,2026-02-24,2026-02-24,1090.0,CE,GODREJCP26FEB1090CE,0.0,0.0,0.0,142.15,0.0,142.15,1217.6,128.6,0,0,0,0.0,0,F1,500,,,,,
2026-02-18,2026-02-18,FO,NSE,STO,111601,,GODREJCP,,2026-04-28,2026-04-28,1040.0,CE,GODREJCP26APR1040CE,0.0,0.0,0.0,163.95,0.0,163.95,1217.6,190.7,0,0,0,0.0,0,F1,500,,,,,
2026-02-18,2026-02-18,FO,NSE,STO,100383,,GODREJCP,,2026-03-30,2026-03-30,1320.0,CE,GODREJCP26MAR1320CE,0.0,0.0,0.0,4.9,4.9,4.9,1217.6,8.7,1000,0,0,0.0,0,F1,500,,,,,
2026-02-18,2026-02-18,FO,NSE,STO,94425,,GODREJCP,,2026-02-24,2026-02-24,1280.0,CE,GODREJCP26FEB1280CE,0.5,0.65,0.5,0.6,0.55,1.0,1217.6,0.6,104500,-12000,118,75551850.0,58,F1,500,,,,,
2026-02-18,2026-02-18,FO,NSE,STO,111341,,GODREJCP,,2026-03-30,2026-03-30,1050.0,CE,GODREJCP26MAR1050CE,0.0,0.0,0.0,145.0,0.0,145.0,1217.6,174.65,0,0,0,0.0,0,F1,500,,,,,
2026-02-18,2026-02-18,FO,NSE,STO,111349,,GODREJCP,,2026-03-30,2026-03-30,1110.0,CE,GODREJCP26MAR1110CE,0.0,0.0,0.0,99.35,0.0,99.35,1217.6,118.6,0,0,0,0.0,0,F1,500,,,,,
2026-02-18,2026-02-18,FO,NSE,STO,94400,,GODREJCP,,2026-02-24,2026-02-24,960.0,CE,GODREJCP26FEB960CE,0.0,0.0,0.0,206.1,0.0,206.1,1217.6,258.45,0,0,0,0.0,0,F1,500,,,,,
2026-02-18,2026-02-18,FO,NSE,STO,100011,,GODREJCP,,2026-02-24,2026-02-24,1130.0,CE,GODREJCP26FEB1130CE,77.15,85.35,77.15,85.35,85.35,83.55,1217.6,88.7,7000,0,5,3029475.0,5,F1,500,,,,,
2026-02-18,2026-02-18,FO,NSE,STO,111629,,GODREJCP,,2026-04-28,2026-04-28,1280.0,PE,GODREJCP26APR1280PE,0.0,0.0,0.0,120.85,0.0,120.85,1217.6,78.7,0,0,0,0.0,0,F1,500,,,,,
2026-02-18,2026-02-18,FO,NSE,STO,111619,,GODREJCP,,2026-04-28,2026-04-28,1180.0,PE,GODREJCP26APR1180PE,0.0,0.0,0.0,60.6,0.0,60.6,1217.6,27.45,0,0,0,0.0,0,F1,500,,,,,
2026-02-18,2026-02-18,FO,NSE,STO,111606,,GODREJCP,,2026-04-28,2026-04-28,1080.0,PE,GODREJCP26APR1080PE,0.0,0.0,0.0,23.1,0.0,23.1,1217.6,5.5,0,0,0,0.0,0,F1,500,,,,,
2026-02-18,2026-02-18,FO,NSE,STO,100372,,GODREJCP,,2026-03-30,2026-03-30,1240.0,PE,GODREJCP26MAR1240PE,0.0,0.0,0.0,50.0,50.0,50.0,1217.6,45.75,500,0,0,0.0,0,F1,500,,,,,
2026-02-18,2026-02-18,FO,NSE,STO,111366,,GODREJCP,,2026-03-30,2026-03-30,1230.0,PE,GODREJCP26MAR1230PE,0.0,0.0,0.0,80.35,0.0,80.35,1217.6,40.2,0,0,0,0.0,0,F1,500,,,,,
2026-02-18,2026-02-18,FO,NSE,STO,100031,,GODREJCP,,2026-02-24,2026-02-24,1150.0,PE,GODREJCP26FEB1150PE,1.85,1.85,0.8,0.8,0.8,1.35,1217.6,0.8,108000,-12500,179,103027075.0,140,F1,500,,,,,
2026-02-18,2026-02-18,FO,NSE,STO,94405,,GODREJCP,,2026-02-24,2026-02-24,1040.0,PE,GODREJCP26FEB1040PE,0.0,0.0,0.0,0.7,0.7,0.7,1217.6,0.05,54000,0,0,0.0,0,F1,500,,,,,
2026-02-18,2026-02-18,FO,NSE,STO,111624,,GODREJCP,,2026-04-28,2026-04-28,1240.0,CE,GODREJCP26APR1240CE,0.0,0.0,0.0,47.1,0.0,47.1,1217.6,44.9,0,0,0,0.0,0,F1,500,,,,,
2026-02-18,2026-02-18,FO,NSE,STO,100178,,GODREJCP,,2026-02-24,2026-02-24,1380.0,CE,GODREJCP26FEB1380CE,0.0,0.0,0.0,0.5,0.5,0.5,1217.6,0.05,9500,0,0,0.0,0,F1,500,,,,,
2026-02-18,2026-02-18,FO,NSE,STO,100146,,GODREJCP,,2026-02-24,2026-02-24,1310.0,CE,GODREJCP26FEB1310CE,0.5,0.5,0.5,0.5,0.5,0.5,1217.6,0.1,1500,500,1,655250.0,1,F1,500,,,,,
2026-02-18,2026-02-18,FO,NSE,STO,111343,,GODREJCP,,2026-03-30,2026-03-30,1070.0,CE,GODREJCP26MAR1070CE,0.0,0.0,0.0,128.9,0.0,128.9,1217.6,155.45,0,0,0,0.0,0,F1,500,,,,,
2026-02-18,2026-02-18,FO,NSE,STO,100359,,GODREJCP,,2026-03-30,2026-03-30,1120.0,CE,GODREJCP26MAR1120CE,0.0,0.0,0.0,133.45,0.0,133.45,1217.6,109.85,0,0,0,0.0,0,F1,500,,,,,
2026-02-18,2026-02-18,FO,NSE,STO,111603,,GODREJCP,,2026-04-28,2026-04-28,1060.0,CE,GODREJCP26APR1060CE,0.0,0.0,0.0,148.35,0.0,148.35,1217.6,172.2,0,0,0,0.0,0,F1,500,,,,,
2026-02-18,2026-02-18,FO,NSE,STO,94403,,GODREJCP,,2026-02-24,2026-02-24,1000.0,PE,GODREJCP26FEB1000PE,0.75,0.75,0.15,0.2,0.2,0.25,1217.6,0.05,42000,-2500,19,9503350.0,13,F1,500,,,,,
2026-02-18,2026-02-18,FO,NSE,STO,100023,,GODREJCP,,2026-02-24,2026-02-24,1140.0,PE,GODREJCP26FEB1140PE,1.3,1.3,0.6,0.7,0.75,1.1,1217.6,0.7,125500,-7000,177,100973500.0,130,F1,500,,,,,
2026-02-18,2026-02-18,FO,NSE,STO,100366,,GODREJCP,,2026-03-30,2026-03-30,1180.0,PE,GODREJCP26MAR1180PE,20.0,20.0,13.95,13.95,13.95,17.8,1217.6,18.8,2500,1000,2,1196975.0,2,F1,500,,,,,
2026-02-18,2026-02-18,FO,NSE,STO,111617,,GODREJCP,,2026-04-28,2026-04-28,1160.0,PE,GODREJCP26APR1160PE,0.0,0.0,0.0,51.2,0.0,51.2,1217.6,20.95,0,0,0,0.0,0,F1,500,,,,,
2026-02-18,2026-02-18,FO,NSE,STO,100133,,GODREJCP,,2026-02-24,2026-02-24,1300.0,PE,GODREJCP26FEB1300PE,0.0,0.0,0.0,101.25,101.25,101.25,1217.6,81.45,8500,0,0,0.0,0,F1,500,,,,,
2026-02-18,2026-02-18,FO,NSE,STO,100176,,GODREJCP,,2026-02-24,2026-02-24,1370.0,CE,GODREJCP26FEB1370CE,0.1,0.15,0.1,0.1,0.1,0.45,1217.6,0.05,12500,-13500,30,20551575.0,25,F1,500,,,,,
2026-02-18,2026-02-18,FO,NSE,STO,100345,,GODREJCP,,2026-03-30,2026-03-30,1040.0,CE,GODREJCP26MAR1040CE,0.0,0.0,0.0,196.6,0.0,196.6,1217.6,184.4,0,0,0,0.0,0,F1,500,,,,,
2026-02-18,2026-02-18,FO,NSE,STO,100361,,GODREJCP,,2026-03-30,2026-03-30,1140.0,CE,GODREJCP26MAR1140CE,0.0,0.0,0.0,119.55,0.0,119.55,1217.6,93.1,0,0,0,0.0,0,F1,500,,,,,
2026-02-18,2026-02-18,FO,NSE,STO,100365,,GODREJCP,,2026-03-30,2026-03-30,1180.0,CE,GODREJCP26MAR1180CE,0.0,0.0,0.0,54.5,54.5,54.5,1217.6,63.45,500,0,0,0.0,0,F1,500,,,,,
2026-02-18,2026-02-18,FO,NSE,STO,100371,,GODREJCP,,2026-03-30,2026-03-30,1240.0,CE,GODREJCP26MAR1240CE,24.2,24.5,19.2,19.2,19.2,27.6,1217.6,19.2,3500,0,3,1893950.0,3,F1,500,,,,,
2026-02-18,2026-02-18,FO,NSE,STO,111377,,GODREJCP,,2026-03-30,2026-03-30,1310.0,CE,GODREJCP26MAR1310CE,0.0,0.0,0.0,16.2,0.0,16.2,1217.6,10.4,0,0,0,0.0,0,F1,500,,,,,
2026-02-18,2026-02-18,FO,NSE,STO,100394,,GODREJCP,,2026-03-30,2026-03-30,1400.0,CE,GODREJCP26MAR1400CE,0.0,0.0,0.0,17.8,0.0,17.8,1217.6,1.75,0,0,0,0.0,0,F1,500,,,,,
2026-02-18,2026-02-18,FO,NSE,STO,111614,,GODREJCP,,2026-04-28,2026-04-28,1140.0,CE,GODREJCP26APR1140CE,0.0,0.0,0.0,94.15,0.0,94.15,1217.6,105.0,0,0,0,0.0,0,F1,500,,,,,
2026-02-18,2026-02-18,FO,NSE,STO,111628,,GODREJCP,,2026-04-28,2026-04-28,1280.0,CE,GODREJCP26APR1280CE,0.0,0.0,0.0,34.35,0.0,34.35,1217.6,29.55,0,0,0,0.0,0,F1,500,,,,,
2026-02-18,2026-02-18,FO,NSE,STO,99921,,GODREJCP,,2026-02-24,2026-02-24,1020.0,PE,GODREJCP26FEB1020PE,0.0,0.0,0.0,2.65,0.0,2.65,1217.6,0.05,0,0,0,0.0,0,F1,500,,,,,
2026-02-18,2026-02-18,FO,NSE,STO,100117,,GODREJCP,,2026-02-24,2026-02-24,1230.0,PE,GODREJCP26FEB1230PE,27.15,27.2,19.7,19.75,19.7,23.3,1217.6,19.75,17000,2500,17,10658825.0,17,F1,500,,,,,
2026-02-18,2026-02-18,FO,NSE,STO,94424,,GODREJCP,,2026-02-24,2026-02-24,1240.0,PE,GODREJCP26FEB1240PE,34.4,42.45,27.4,27.8,27.95,31.15,1217.6,27.8,35000,-5500,22,14014825.0,19,F1,500,,,,,
2026-02-18,2026-02-18,FO,NSE,STO,100121,,GODREJCP,,2026-02-24,2026-02-24,1250.0,PE,GODREJCP26FEB1250PE,0.0,0.0,0.0,38.7,38.7,38.7,1217.6,35.35,30000,0,0,0.0,0,F1,500,,,,,
2026-02-18,2026-02-18,FO,NSE,STO,111342,,GODREJCP,,2026-03-30,2026-03-30,1050.0,PE,GODREJCP26MAR1050PE,0.0,0.0,0.0,10.15,0.0,10.15,1217.6,0.75,0,0,0,0.0,0,F1,500,,,,,
2026-02-18,2026-02-18,FO,NSE,STO,100348,,GODREJCP,,2026-03-30,2026-03-30,1060.0,PE,GODREJCP26MAR1060PE,0.0,0.0,0.0,11.85,0.0,11.85,1217.6,1.05,0,0,0,0.0,0,F1,500,,,,,
2026-02-18,2026-02-18,FO,NSE,STO,111344,,GODREJCP,,2026-03-30,2026-03-30,1070.0,PE,GODREJCP26MAR1070PE,0.0,0.0,0.0,13.8,0.0,13.8,1217.6,1.45,0,0,0,0.0,0,F1,500,,,,,
2026-02-18,2026-02-18,FO,NSE,STO,100358,,GODREJCP,,2026-03-30,2026-03-30,1100.0,PE,GODREJCP26MAR1100PE,0.0,0.0,0.0,5.15,5.15,5.15,1217.6,3.35,500,0,0,0.0,0,F1,500,,,,,
2026-02-18,2026-02-18,FO,NSE,STO,100357,,GODREJCP,,2026-03-30,2026-03-30,1100.0,CE,GODREJCP26MAR1100CE,0.0,0.0,0.0,148.1,0.0,148.1,1217.6,127.55,0,0,0,0.0,0,F1,500,,,,,
2026-02-18,2026-02-18,FO,NSE,STO,99920,,GODREJCP,,2026-02-24,2026-02-24,1020.0,CE,GODREJCP26FEB1020CE,0.0,0.0,0.0,190.05,190.05,190.05,1217.6,198.5,500,0,0,0.0,0,F1,500,,,,,
2026-02-18,2026-02-18,FO,NSE,STO,100022,,GODREJCP,,2026-02-24,2026-02-24,1140.0,CE,GODREJCP26FEB1140CE,0.0,0.0,0.0,75.25,75.25,75.25,1217.6,78.8,40000,0,0,0.0,0,F1,500,,,,,
2026-02-18,2026-02-18,FO,NSE,STO,100126,,GODREJCP,,2026-02-24,2026-02-24,1290.0,CE,GODREJCP26FEB1290CE,0.65,0.65,0.65,0.65,0.65,0.95,1217.6,0.4,20000,1500,3,1935975.0,1,F1,500,,,,,
2026-02-18,2026-02-18,FO,NSE,STO,111339,,GODREJCP,,2026-03-30,2026-03-30,1030.0,CE,GODREJCP26MAR1030CE,0.0,0.0,0.0,161.95,0.0,161.95,1217.6,194.15,0,0,0,0.0,0,F1,500,,,,,
2026-02-18,2026-02-18,FO,NSE,STO,111373,,GODREJCP,,2026-03-30,2026-03-30,1290.0,CE,GODREJCP26MAR1290CE,0.0,0.0,0.0,6.15,6.15,6.15,1217.6,14.55,2000,0,0,0.0,0,F1,500,,,,,
2026-02-18,2026-02-18,FO,NSE,STO,100368,,GODREJCP,,2026-03-30,2026-03-30,1200.0,PE,GODREJCP26MAR1200PE,29.0,29.85,21.65,22.2,23.3,24.25,1217.6,22.2,24500,1500,40,24504125.0,33,F1,500,,,,,
2026-02-18,2026-02-18,FO,NSE,STO,111598,,GODREJCP,,2026-04-28,2026-04-28,1000.0,PE,GODREJCP26APR1000PE,0.0,0.0,0.0,8.1,0.0,8.1,1217.6,0.85,0,0,0,0.0,0,F1,500,,,,,
2026-02-18,2026-02-18,FO,NSE,STO,94402,,GODREJCP,,2026-02-24,2026-02-24,1000.0,CE,GODREJCP26FEB1000CE,0.0,0.0,0.0,202.0,202.0,202.0,1217.6,218.5,3000,0,0,0.0,0,F1,500,,,,,
2026-02-18,2026-02-18,FO,NSE,STO,111613,,GODREJCP,,2026-04-28,2026-04-28,1120.0,PE,GODREJCP26APR1120PE,0.0,0.0,0.0,35.3,0.0,35.3,1217.6,11.35,0,0,0,0.0,0,F1,500,,,,,
2026-02-18,2026-02-18,FO,NSE,STO,111635,,GODREJCP,,2026-04-28,2026-04-28,1320.0,PE,GODREJCP26APR1320PE,0.0,0.0,0.0,150.5,0.0,150.5,1217.6,107.3,0,0,0,0.0,0,F1,500,,,,,
2026-02-18,2026-02-18,FO,NSE,STO,111599,,GODREJCP,,2026-04-28,2026-04-28,1020.0,CE,GODREJCP26APR1020CE,0.0,0.0,0.0,180.3,0.0,180.3,1217.6,209.6,0,0,0,0.0,0,F1,500,,,,,
2026-02-18,2026-02-18,FO,NSE,STO,94426,,GODREJCP,,2026-02-24,2026-02-24,1280.0,PE,GODREJCP26FEB1280PE,0.0,0.0,0.0,143.6,0.0,143.6,1217.6,62.05,0,0,0,0.0,0,F1,500,,,,,
2026-02-18,2026-02-18,FO,NSE,STO,111615,,GODREJCP,,2026-04-28,2026-04-28,1140.0,PE,GODREJCP26APR1140PE,0.0,0.0,0.0,42.8,0.0,42.8,1217.6,15.6,0,0,0,0.0,0,F1,500,,,,,
2026-02-18,2026-02-18,FO,NSE,STO,100009,,GODREJCP,,2026-02-24,2026-02-24,1110.0,PE,GODREJCP26FEB1110PE,0.0,0.0,0.0,0.9,0.9,0.9,1217.6,0.05,26500,0,0,0.0,0,F1,500,,,,,
2026-02-18,2026-02-18,FO,NSE,STO,111621,,GODREJCP,,2026-04-28,2026-04-28,1200.0,PE,GODREJCP26APR1200PE,0.0,0.0,0.0,70.9,0.0,70.9,1217.6,35.2,0,0,0,0.0,0,F1,500,,,,,
2026-02-18,2026-02-18,FO,NSE,STO,111620,,GODREJCP,,2026-04-28,2026-04-28,1200.0,CE,GODREJCP26APR1200CE,0.0,0.0,0.0,63.15,0.0,63.15,1217.6,65.2,0,0,0,0.0,0,F1,500,,,,,
2026-02-18,2026-02-18,FO,NSE,STO,111365,,GODREJCP,,2026-03-30,2026-03-30,1230.0,CE,GODREJCP26MAR1230CE,0.0,0.0,0.0,26.25,26.25,26.25,1217.6,35.2,5500,0,0,0.0,0,F1,500,,,,,
2026-02-18,2026-02-18,FO,NSE,STO,111367,,GODREJCP,,2026-03-30,2026-03-30,1250.0,CE,GODREJCP26MAR1250CE,23.55,23.55,23.55,23.55,23.55,30.55,1217.6,23.55,500,500,1,636775.0,1,F1,500,,,,,
2026-02-18,2026-02-18,FO,NSE,STO,100375,,GODREJCP,,2026-03-30,2026-03-30,1280.0,CE,GODREJCP26MAR1280CE,0.0,0.0,0.0,13.5,13.5,13.5,1217.6,17.1,3500,0,0,0.0,0,F1,500,,,,,
2026-02-18,2026-02-18,FO,NSE,STO,100021,,GODREJCP,,2026-02-24,2026-02-24,1130.0,PE,GODREJCP26FEB1130PE,0.95,1.1,0.6,0.6,0.6,1.0,1217.6,0.6,44000,-11500,95,53720600.0,90,F1,500,,,,,
2026-02-18,2026-02-18,FO,NSE,STO,94422,,GODREJCP,,2026-02-24,2026-02-24,1200.0,PE,GODREJCP26FEB1200PE,8.6,12.75,4.25,5.3,5.45,7.95,1217.6,5.3,178500,9000,342,206757000.0,292,F1,500,,,,,
2026-02-18,2026-02-18,FO,NSE,STO,100360,,GODREJCP,,2026-03-30,2026-03-30,1120.0,PE,GODREJCP26MAR1120PE,0.0,0.0,0.0,5.7,5.7,5.7,1217.6,5.5,1000,0,0,0.0,0,F1,500,,,,,
2026-02-18,2026-02-18,FO,NSE,STO,111637,,GODREJCP,,2026-04-28,2026-04-28,1340.0,PE,GODREJCP26APR1340PE,0.0,0.0,0.0,166.2,0.0,166.2,1217.6,123.0,0,0,0,0.0,0,F1,500,,,,,
2026-02-18,2026-02-18,FO,NSE,STO,94410,,GODREJCP,,2026-02-24,2026-02-24,1160.0,CE,GODREJCP26FEB1160CE,47.95,58.05,42.5,57.2,56.5,55.05,1217.6,57.2,85500,0,34,20586025.0,34,F1,500,,,,,
2026-02-18,2026-02-18,FO,NSE,STF,59338,,GODREJCP,,2026-02-24,2026-02-24,,,GODREJCP26FEBFUT,1215.0,1218.2,1199.1,1216.4,1214.7,1213.8,1217.6,1216.4,6729000,-167500,2088,1263149500.0,1920,F1,500,,,,,
2026-02-18,2026-02-18,FO,NSE,STO,100040,,GODREJCP,,2026-02-24,2026-02-24,1180.0,CE,GODREJCP26FEB1180CE,31.4,38.8,31.4,38.1,36.75,36.35,1217.6,38.1,110500,-3500,16,9718525.0,15,F1,500,,,,,
2026-02-18,2026-02-18,FO,NSE,STO,100337,,GODREJCP,,2026-03-30,2026-03-30,960.0,CE,GODREJCP26MAR960CE,0.0,0.0,0.0,268.8,0.0,268.8,1217.6,263.4,0,0,0,0.0,0,F1,500,,,,,
2026-02-18,2026-02-18,FO,NSE,STO,100149,,GODREJCP,,2026-02-24,2026-02-24,1330.0,CE,GODREJCP26FEB1330CE,0.0,0.0,0.0,1.25,1.25,1.25,1217.6,0.05,1500,0,0,0.0,0,F1,500,,,,,
2026-02-18,2026-02-18,FO,NSE,STO,94423,,GODREJCP,,2026-02-24,2026-02-24,1240.0,CE,GODREJCP26FEB1240CE,4.75,4.75,2.15,3.7,3.6,5.0,1217.6,3.7,143000,-30000,430,267270850.0,327,F1,500,,,,,
2026-02-18,2026-02-18,FO,NSE,STO,100024,,GODREJCP,,2026-02-24,2026-02-24,1150.0,CE,GODREJCP26FEB1150CE,0.0,0.0,0.0,65.55,64.75,65.55,1217.6,69.0,88500,0,0,0.0,0,F1,500,,,,,
2026-02-18,2026-02-18,FO,NSE,STO,100008,,GODREJCP,,2026-02-24,2026-02-24,1110.0,CE,GODREJCP26FEB1110CE,0.0,0.0,0.0,76.15,74.4,76.15,1217.6,108.6,3000,0,0,0.0,0,F1,500,,,,,
2026-02-18,2026-02-18,FO,NSE,STO,111639,,GODREJCP,,2026-04-28,2026-04-28,1360.0,PE,GODREJCP26APR1360PE,0.0,0.0,0.0,182.5,0.0,182.5,1217.6,139.45,0,0,0,0.0,0,F1,500,,,,,
2026-02-18,2026-02-18,FO,NSE,STO,111627,,GODREJCP,,2026-04-28,2026-04-28,1260.0,PE,GODREJCP26APR1260PE,0.0,0.0,0.0,107.15,0.0,107.15,1217.6,66.0,0,0,0,0.0,0,F1,500,,,,,
2026-02-18,2026-02-18,FO,NSE,STO,111602,,GODREJCP,,2026-04-28,2026-04-28,1040.0,PE,GODREJCP26APR1040PE,0.0,0.0,0.0,14.15,0.0,14.15,1217.6,2.35,0,0,0,0.0,0,F1,500,,,,,
2026-02-18,2026-02-18,FO,NSE,STO,111386,,GODREJCP,,2026-03-30,2026-03-30,1330.0,PE,GODREJCP26MAR1330PE,0.0,0.0,0.0,155.1,0.0,155.1,1217.6,111.65,0,0,0,0.0,0,F1,500,,,,,
2026-02-18,2026-02-18,FO,NSE,STO,100385,,GODREJCP,,2026-03-30,2026-03-30,1320.0,PE,GODREJCP26MAR1320PE,0.0,0.0,0.0,123.3,0.0,123.3,1217.6,103.15,0,0,0,0.0,0,F1,500,,,,,
2026-02-18,2026-02-18,FO,NSE,STO,100356,,GODREJCP,,2026-03-30,2026-03-30,1080.0,PE,GODREJCP26MAR1080PE,0.0,0.0,0.0,15.4,0.0,15.4,1217.6,1.95,0,0,0,0.0,0,F1,500,,,,,
2026-02-18,2026-02-18,FO,NSE,STO,100154,,GODREJCP,,2026-02-24,2026-02-24,1340.0,PE,GODREJCP26FEB1340PE,0.0,0.0,0.0,126.85,126.85,126.85,1217.6,121.2,0,0,0,0.0,0,F1,500,,,,,
2026-02-18,2026-02-18,FO,NSE,STO,100129,,GODREJCP,,2026-02-24,2026-02-24,1290.0,PE,GODREJCP26FEB1290PE,0.0,0.0,0.0,94.3,0.0,94.3,1217.6,71.65,0,0,0,0.0,0,F1,500,,,,,
2026-02-18,2026-02-18,FO,NSE,STO,100108,,GODREJCP,,2026-02-24,2026-02-24,1220.0,PE,GODREJCP26FEB1220PE,21.0,24.75,12.85,13.45,14.2,16.95,1217.6,13.45,83500,6000,53,32792350.0,52,F1,500,,,,,
2026-02-18,2026-02-18,FO,NSE,STO,94409,,GODREJCP,,2026-02-24,2026-02-24,1120.0,PE,GODREJCP26FEB1120PE,0.55,0.8,0.5,0.75,0.8,0.95,1217.6,0.75,87000,-1000,11,6163775.0,5,F1,500,,,,,
2026-02-18,2026-02-18,FO,NSE,STO,99925,,GODREJCP,,2026-02-24,2026-02-24,1030.0,PE,GODREJCP26FEB1030PE,0.0,0.0,0.0,0.5,0.5,0.5,1217.6,0.05,7000,0,0,0.0,0,F1,500,,,,,
2026-02-18,2026-02-18,FO,NSE,STO,100118,,GODREJCP,,2026-02-24,2026-02-24,1250.0,CE,GODREJCP26FEB1250CE,3.05,3.6,1.45,2.35,2.15,3.3,1217.6,2.35,272000,-18500,457,286070800.0,291,F1,500,,,,,
2026-02-18,2026-02-18,FO,NSE,STO,100370,,GODREJCP,,2026-03-30,2026-03-30,1220.0,PE,GODREJCP26MAR1220PE,0.0,0.0,0.0,62.85,0.0,62.85,1217.6,35.1,0,0,0,0.0,0,F1,500,,,,,
2026-02-18,2026-02-18,FO,NSE,STO,94515,,GODREJCP,,2026-02-24,2026-02-24,1400.0,PE,GODREJCP26FEB1400PE,0.0,0.0,0.0,243.6,0.0,243.6,1217.6,181.15,0,0,0,0.0,0,F1,500,,,,,
2026-02-18,2026-02-18,FO,NSE,STO,100045,,GODREJCP,,2026-02-24,2026-02-24,1190.0,PE,GODREJCP26FEB1190PE,7.0,8.5,3.25,3.25,3.25,5.2,1217.6,3.25,53000,2500,79,47242250.0,77,F1,500,,,,,
2026-02-18,2026-02-18,FO,NSE,STO,111626,,GODREJCP,,2026-04-28,2026-04-28,1260.0,CE,GODREJCP26APR1260CE,0.0,0.0,0.0,40.35,0.0,40.35,1217.6,36.65,0,0,0,0.0,0,F1,500,,,,,
2026-02-18,2026-02-18,FO,NSE,STO,100341,,GODREJCP,,2026-03-30,2026-03-30,1000.0,CE,GODREJCP26MAR1000CE,0.0,0.0,0.0,231.85,0.0,231.85,1217.6,223.75,0,0,0,0.0,0,F1,500,,,,,
2026-02-18,2026-02-18,FO,NSE,STO,100153,,GODREJCP,,2026-02-24,2026-02-24,1340.0,CE,GODREJCP26FEB1340CE,0.25,0.25,0.1,0.15,0.15,0.65,1217.6,0.05,35000,-21000,42,28144225.0,13,F1,500,,,,,
2026-02-18,2026-02-18,FO,NSE,STO,99999,,GODREJCP,,2026-02-24,2026-02-24,1070.0,CE,GODREJCP26FEB1070CE,0.0,0.0,0.0,159.1,0.0,159.1,1217.6,148.55,0,0,0,0.0,0,F1,500,,,,,
2026-02-18,2026-02-18,FO,NSE,STO,100369,,GODREJCP,,2026-03-30,2026-03-30,1220.0,CE,GODREJCP26MAR1220CE,28.85,34.0,28.85,33.0,33.0,32.25,1217.6,40.05,500,-500,6,3754875.0,6,F1,500,,,,,
2026-02-18,2026-02-18,FO,NSE,STF,66839,,GODREJCP,,2026-04-28,2026-04-28,,,GODREJCP26APRFUT,1214.8,1232.5,1214.8,1232.1,1232.0,1226.8,1217.6,1232.1,15500,7000,18,11050100.0,16,F1,500,,,,,
2026-02-18,2026-02-18,FO,NSE,STO,100046,,GODREJCP,,2026-02-24,2026-02-24,1210.0,CE,GODREJCP26FEB1210CE,16.0,16.0,8.45,14.95,14.2,15.4,1217.6,14.95,94500,7500,444,271163275.0,397,F1,500,,,,,
2026-02-18,2026-02-18,FO,NSE,STO,94516,,GODREJCP,,2026-02-24,2026-02-24,1440.0,CE,GODREJCP26FEB1440CE,0.15,0.15,0.15,0.15,0.15,0.15,1217.6,0.05,12000,3500,9,6480675.0,3,F1,500,,,,,
2026-02-18,2026-02-18,FO,NSE,STO,111357,,GODREJCP,,2026-03-30,2026-03-30,1170.0,CE,GODREJCP26MAR1170CE,0.0,0.0,0.0,60.0,60.0,60.0,1217.6,70.35,500,0,0,0.0,0,F1,500,,,,,
2026-02-18,2026-02-18,FO,NSE,STO,100392,,GODREJCP,,2026-03-30,2026-03-30,1380.0,CE,GODREJCP26MAR1380CE,2.45,2.45,2.45,2.45,2.45,21.25,1217.6,2.7,500,500,1,691225.0,1,F1,500,,,,,
2026-02-18,2026-02-18,FO,NSE,STO,111605,,GODREJCP,,2026-04-28,2026-04-28,1080.0,CE,GODREJCP26APR1080CE,0.0,0.0,0.0,133.55,0.0,133.55,1217.6,154.25,0,0,0,0.0,0,F1,500,,,,,
2026-02-18,2026-02-18,FO,NSE,STO,111610,,GODREJCP,,2026-04-28,2026-04-28,1100.0,CE,GODREJCP26APR1100CE,0.0,0.0,0.0,119.45,0.0,119.45,1217.6,137.0,0,0,0,0.0,0,F1,500,,,,,
2026-02-18,2026-02-18,FO,NSE,STO,111638,,GODREJCP,,2026-04-28,2026-04-28,1360.0,CE,GODREJCP26APR1360CE,0.0,0.0,0.0,17.2,0.0,17.2,1217.6,11.15,0,0,0,0.0,0,F1,500,,,,,
2026-02-18,2026-02-18,FO,NSE,STO,94401,,GODREJCP,,2026-02-24,2026-02-24,960.0,PE,GODREJCP26FEB960PE,0.0,0.0,0.0,7.15,0.0,7.15,1217.6,0.05,0,0,0,0.0,0,F1,500,,,,,
2026-02-18,2026-02-18,FO,NSE,STO,99942,,GODREJCP,,2026-02-24,2026-02-24,1050.0,PE,GODREJCP26FEB1050PE,0.5,0.5,0.5,0.5,0.5,0.5,1217.6,0.05,7500,0,1,525250.0,1,F1,500,,,,,
2026-02-18,2026-02-18,FO,NSE,STO,100007,,GODREJCP,,2026-02-24,2026-02-24,1100.0,PE,GODREJCP26FEB1100PE,0.6,0.65,0.45,0.5,0.5,0.8,1217.6,0.5,174000,-10000,31,17058650.0,31,F1,500,,,,,
2026-02-18,2026-02-18,FO,NSE,STO,100123,,GODREJCP,,2026-02-24,2026-02-24,1260.0,PE,GODREJCP26FEB1260PE,0.0,0.0,0.0,51.9,51.9,51.9,1217.6,43.75,28000,0,0,0.0,0,F1,500,,,,,
2026-02-18,2026-02-18,FO,NSE,STO,100148,,GODREJCP,,2026-02-24,2026-02-24,1310.0,PE,GODREJCP26FEB1310PE,0.0,0.0,0.0,108.75,0.0,108.75,1217.6,91.3,0,0,0,0.0,0,F1,500,,,,,
2026-02-18,2026-02-18,FO,NSE,STO,94490,,GODREJCP,,2026-02-24,2026-02-24,1360.0,PE,GODREJCP26FEB1360PE,0.0,0.0,0.0,122.75,122.75,122.75,1217.6,141.15,0,0,0,0.0,0,F1,500,,,,,
2026-02-18,2026-02-18,FO,NSE,STO,100344,,GODREJCP,,2026-03-30,2026-03-30,1020.0,PE,GODREJCP26MAR1020PE,0.0,0.0,0.0,6.65,0.0,6.65,1217.6,0.25,0,0,0,0.0,0,F1,500,,,,,
2026-02-18,2026-02-18,FO,NSE,STO,111372,,GODREJCP,,2026-03-30,2026-03-30,1270.0,PE,GODREJCP26MAR1270PE,0.0,0.0,0.0,107.75,0.0,107.75,1217.6,64.75,0,0,0,0.0,0,F1,500,,,,,
2026-02-18,2026-02-18,FO,NSE,STO,100150,,GODREJCP,,2026-02-24,2026-02-24,1330.0,PE,GODREJCP26FEB1330PE,0.0,0.0,0.0,123.95,0.0,123.95,1217.6,111.2,0,0,0,0.0,0,F1,500,,,,,
2026-02-18,2026-02-18,FO,NSE,STO,111623,,GODREJCP,,2026-04-28,2026-04-28,1220.0,PE,GODREJCP26APR1220PE,0.0,0.0,0.0,82.1,0.0,82.1,1217.6,44.2,0,0,0,0.0,0,F1,500,,,,,
2026-02-18,2026-02-18,FO,NSE,STO,111600,,GODREJCP,,2026-04-28,2026-04-28,1020.0,PE,GODREJCP26APR1020PE,0.0,0.0,0.0,10.8,0.0,10.8,1217.6,1.45,0,0,0,0.0,0,F1,500,,,,,
2026-02-18,2026-02-18,FO,NSE,STO,100374,,GODREJCP,,2026-03-30,2026-03-30,1260.0,PE,GODREJCP26MAR1260PE,0.0,0.0,0.0,84.5,0.0,84.5,1217.6,58.05,0,0,0,0.0,0,F1,500,,,,,
2026-02-18,2026-02-18,FO,NSE,STO,100364,,GODREJCP,,2026-03-30,2026-03-30,1160.0,PE,GODREJCP26MAR1160PE,11.65,11.65,11.05,11.05,11.05,16.1,1217.6,11.05,3500,2500,6,3514450.0,6,F1,500,,,,,
2026-02-18,2026-02-18,FO,NSE,STO,100362,,GODREJCP,,2026-03-30,2026-03-30,1140.0,PE,GODREJCP26MAR1140PE,8.95,8.95,8.95,8.95,8.95,8.75,1217.6,8.65,4000,500,1,574475.0,1,F1,500,,,,,
2026-02-18,2026-02-18,FO,NSE,STO,111354,,GODREJCP,,2026-03-30,2026-03-30,1130.0,PE,GODREJCP26MAR1130PE,0.0,0.0,0.0,30.45,0.0,30.45,1217.6,6.95,0,0,0,0.0,0,F1,500,,,,,
2026-02-18,2026-02-18,FO,NSE,STO,94420,,GODREJCP,,2026-02-24,2026-02-24,1200.0,CE,GODREJCP26FEB1200CE,21.9,22.35,12.5,20.95,20.65,21.6,1217.6,20.95,153500,-16000,321,195302375.0,286,F1,500,,,,,
2026-02-18,2026-02-18,FO,NSE,STO,100157,,GODREJCP,,2026-02-24,2026-02-24,1350.0,CE,GODREJCP26FEB1350CE,0.1,0.15,0.1,0.15,0.15,0.25,1217.6,0.05,1500,-1000,3,2025200.0,3,F1,500,,,,,
2026-02-18,2026-02-18,FO,NSE,STO,100005,,GODREJCP,,2026-02-24,2026-02-24,1100.0,CE,GODREJCP26FEB1100CE,0.0,0.0,0.0,107.25,107.25,107.25,1217.6,118.6,38000,0,0,0.0,0,F1,500,,,,,
2026-02-18,2026-02-18,FO,NSE,STO,94419,,GODREJCP,,2026-02-24,2026-02-24,1160.0,PE,GODREJCP26FEB1160PE,2.0,2.4,0.85,0.95,0.95,1.6,1217.6,0.95,212500,-1000,212,123120450.0,200,F1,500,,,,,
2026-02-18,2026-02-18,FO,NSE,STO,100342,,GODREJCP,,2026-03-30,2026-03-30,1000.0,PE,GODREJCP26MAR1000PE,0.0,0.0,0.0,4.85,0.0,4.85,1217.6,0.1,0,0,0,0.0,0,F1,500,,,,,
2026-02-18,2026-02-18,FO,NSE,STO,100346,,GODREJCP,,2026-03-30,2026-03-30,1040.0,PE,GODREJCP26MAR1040PE,0.0,0.0,0.0,9.0,0.0,9.0,1217.6,0.55,0,0,0,0.0,0,F1,500,,,,,
2026-02-18,2026-02-18,FO,NSE,STO,111358,,GODREJCP,,2026-03-30,2026-03-30,1170.0,PE,GODREJCP26MAR1170PE,0.0,0.0,0.0,47.05,0.0,47.05,1217.6,15.7,0,0,0,0.0,0,F1,500,,,,,
2026-02-18,2026-02-18,FO,NSE,STO,111376,,GODREJCP,,2026-03-30,2026-03-30,1290.0,PE,GODREJCP26MAR1290PE,0.0,0.0,0.0,122.85,0.0,122.85,1217.6,79.2,0,0,0,0.0,0,F1,500,,,,,
2026-02-18,2026-02-18,FO,NSE,STO,100391,,GODREJCP,,2026-03-30,2026-03-30,1360.0,PE,GODREJCP26MAR1360PE,0.0,0.0,0.0,152.95,0.0,152.95,1217.6,138.3,0,0,0,0.0,0,F1,500,,,,,
2026-02-18,2026-02-18,FO,NSE,STO,100393,,GODREJCP,,2026-03-30,2026-03-30,1380.0,PE,GODREJCP26MAR1380PE,0.0,0.0,0.0,168.6,0.0,168.6,1217.6,156.8,0,0,0,0.0,0,F1,500,,,,,
2026-02-18,2026-02-18,FO,NSE,STO,111616,,GODREJCP,,2026-04-28,2026-04-28,1160.0,CE,GODREJCP26APR1160CE,0.0,0.0,0.0,82.9,0.0,82.9,1217.6,90.55,0,0,0,0.0,0,F1,500,,,,,
2026-02-18,2026-02-18,FO,NSE,STO,100363,,GODREJCP,,2026-03-30,2026-03-30,1160.0,CE,GODREJCP26MAR1160CE,0.0,0.0,0.0,106.55,0.0,106.55,1217.6,77.6,0,0,0,0.0,0,F1,500,,,,,
2026-02-18,2026-02-18,FO,NSE,STO,94487,,GODREJCP,,2026-02-24,2026-02-24,1320.0,PE,GODREJCP26FEB1320PE,0.0,0.0,0.0,175.0,0.0,175.0,1217.6,101.25,0,0,0,0.0,0,F1,500,,,,,
2026-02-18,2026-02-18,FO,NSE,STO,100339,,GODREJCP,,2026-03-30,2026-03-30,980.0,CE,GODREJCP26MAR980CE,0.0,0.0,0.0,250.15,0.0,250.15,1217.6,243.55,0,0,0,0.0,0,F1,500,,,,,
2026-02-18,2026-02-18,FO,NSE,STO,94488,,GODREJCP,,2026-02-24,2026-02-24,1360.0,CE,GODREJCP26FEB1360CE,0.0,0.0,0.0,13.5,0.0,13.5,1217.6,0.05,0,0,0,0.0,0,F1,500,,,,,
2026-02-18,2026-02-18,FO,NSE,STO,111340,,GODREJCP,,2026-03-30,2026-03-30,1030.0,PE,GODREJCP26MAR1030PE,0.0,0.0,0.0,7.25,0.0,7.25,1217.6,0.4,0,0,0,0.0,0,F1,500,,,,,
2026-02-18,2026-02-18,FO,NSE,STO,111360,,GODREJCP,,2026-03-30,2026-03-30,1190.0,PE,GODREJCP26MAR1190PE,0.0,0.0,0.0,57.05,0.0,57.05,1217.6,22.25,0,0,0,0.0,0,F1,500,,,,,
2026-02-18,2026-02-18,FO,NSE,STO,111368,,GODREJCP,,2026-03-30,2026-03-30,1250.0,PE,GODREJCP26MAR1250PE,0.0,0.0,0.0,93.6,0.0,93.6,1217.6,51.7,0,0,0,0.0,0,F1,500,,,,,
2026-02-18,2026-02-18,FO,NSE,STO,100378,,GODREJCP,,2026-03-30,2026-03-30,1300.0,PE,GODREJCP26MAR1300PE,0.0,0.0,0.0,97.0,97.0,97.0,1217.6,86.9,1000,0,0,0.0,0,F1,500,,,,,
2026-02-18,2026-02-18,FO,NSE,STO,111625,,GODREJCP,,2026-04-28,2026-04-28,1240.0,PE,GODREJCP26APR1240PE,0.0,0.0,0.0,94.2,0.0,94.2,1217.6,54.5,0,0,0,0.0,0,F1,500,,,,,
2026-02-18,2026-02-18,FO,NSE,STO,100179,,GODREJCP,,2026-02-24,2026-02-24,1380.0,PE,GODREJCP26FEB1380PE,0.0,0.0,0.0,165.25,0.0,165.25,1217.6,161.15,0,0,0,0.0,0,F1,500,,,,,
2026-02-18,2026-02-18,FO,NSE,STO,94407,,GODREJCP,,2026-02-24,2026-02-24,1080.0,PE,GODREJCP26FEB1080PE,0.0,0.0,0.0,0.8,0.8,0.8,1217.6,0.05,87500,0,0,0.0,0,F1,500,,,,,
2026-02-18,2026-02-18,FO,NSE,STO,99998,,GODREJCP,,2026-02-24,2026-02-24,1060.0,PE,GODREJCP26FEB1060PE,0.0,0.0,0.0,0.8,0.8,0.8,1217.6,0.05,41500,0,0,0.0,0,F1,500,,,,,
2026-02-18,2026-02-18,FO,NSE,STO,111634,,GODREJCP,,2026-04-28,2026-04-28,1320.0,CE,GODREJCP26APR1320CE,0.0,0.0,0.0,24.6,0.0,24.6,1217.6,18.55,0,0,0,0.0,0,F1,500,,,,,
2026-02-18,2026-02-18,FO,NSE,STO,111612,,GODREJCP,,2026-04-28,2026-04-28,1120.0,CE,GODREJCP26APR1120CE,0.0,0.0,0.0,106.35,0.0,106.35,1217.6,120.5,0,0,0,0.0,0,F1,500,,,,,
2026-02-18,2026-02-18,FO,NSE,STO,100386,,GODREJCP,,2026-03-30,2026-03-30,1340.0,CE,GODREJCP26MAR1340CE,0.0,0.0,0.0,6.1,6.1,6.1,1217.6,6.0,1500,0,0,0.0,0,F1,500,,,,,
2026-02-18,2026-02-18,FO,NSE,STO,100373,,GODREJCP,,2026-03-30,2026-03-30,1260.0,CE,GODREJCP26MAR1260CE,15.2,15.2,14.8,14.8,14.8,12.55,1217.6,23.2,3000,500,2,1275000.0,2,F1,500,,,,,
2026-02-18,2026-02-18,FO,NSE,STO,99843,,GODREJCP,,2026-02-24,2026-02-24,980.0,CE,GODREJCP26FEB980CE,0.0,0.0,0.0,232.7,232.45,232.7,1217.6,238.5,5500,0,0,0.0,0,F1,500,,,,,
2026-02-18,2026-02-18,FO,NSE,STF,51882,,GODREJCP,,2026-03-30,2026-03-30,,,GODREJCP26MARFUT,1219.2,1225.7,1207.3,1223.8,1222.4,1221.0,1217.6,1223.8,1902000,269000,772,469613950.0,702,F1,500,,,,,
2026-02-18,2026-02-18,FO,NSE,STO,111346,,GODREJCP,,2026-03-30,2026-03-30,1090.0,PE,GODREJCP26MAR1090PE,0.0,0.0,0.0,18.4,0.0,18.4,1217.6,2.55,0,0,0,0.0,0,F1,500,,,,,
2026-02-18,2026-02-18,FO,NSE,STO,100338,,GODREJCP,,2026-03-30,2026-03-30,960.0,PE,GODREJCP26MAR960PE,0.0,0.0,0.0,2.4,0.0,2.4,1217.6,0.05,0,0,0,0.0,0,F1,500,,,,,
2026-02-18,2026-02-18,FO,NSE,STO,111363,,GODREJCP,,2026-03-30,2026-03-30,1210.0,CE,GODREJCP26MAR1210CE,0.0,0.0,0.0,42.0,42.0,42.0,1217.6,45.25,0,0,0,0.0,0,F1,500,,,,,
2026-02-18,2026-02-18,FO,NSE,STO,37075,,OIL,,2026-02-24,2026-02-24,585.0,PE,OIL26FEB585PE,0.0,0.0,0.0,85.0,85.0,85.0,453.45,131.0,1400,0,0,0.0,0,F1,1400,,,,,
2026-02-18,2026-02-18,FO,NSE,STO,37090,,OIL,,2026-03-30,2026-03-30,575.0,CE,OIL26MAR575CE,0.0,0.0,0.0,9.9,0.0,9.9,453.45,0.7,0,0,0,0.0,0,F1,1400,,,,,
2026-02-18,2026-02-18,FO,NSE,STO,146307,,OIL,,2026-03-30,2026-03-30,410.0,CE,OIL26MAR410CE,0.0,0.0,0.0,70.0,70.0,70.0,453.45,51.35,1400,0,0,0.0,0,F1,1400,,,,,
2026-02-18,2026-02-18,FO,NSE,STO,146151,,OIL,,2026-02-24,2026-02-24,515.0,CE,OIL26FEB515CE,0.5,0.5,0.25,0.3,0.25,0.7,453.45,0.3,512400,16800,169,121927120.0,76,F1,1400,,,,,
2026-02-18,2026-02-18,FO,NSE,STO,123480,,OIL,,2026-02-24,2026-02-24,390.0,CE,OIL26FEB390CE,0.0,0.0,0.0,65.2,65.2,65.2,453.45,63.8,5600,0,0,0.0,0,F1,1400,,,,,
2026-02-18,2026-02-18,FO,NSE,STF,51996,,OIL,,2026-03-30,2026-03-30,,,OIL26MARFUT,460.0,460.05,449.0,456.35,456.8,460.45,453.45,456.35,2378600,757400,1353,857331090.0,1231,F1,1400,,,,,
2026-02-18,2026-02-18,FO,NSE,STO,147295,,OIL,,2026-04-28,2026-04-28,550.0,PE,OIL26APR550PE,0.0,0.0,0.0,102.55,0.0,102.55,453.45,95.85,0,0,0,0.0,0,F1,1400,,,,,
2026-02-18,2026-02-18,FO,NSE,STO,147281,,OIL,,2026-04-28,2026-04-28,480.0,PE,OIL26APR480PE,0.0,0.0,0.0,50.5,0.0,50.5,453.45,41.6,0,0,0,0.0,0,F1,1400,,,,,
2026-02-18,2026-02-18,FO,NSE,STO,147091,,OIL,,2026-03-30,2026-03-30,455.0,PE,OIL26MAR455PE,20.6,20.6,20.6,20.6,20.6,30.85,453.45,21.35,1400,1400,1,665840.0,1,F1,1400,,,,,
2026-02-18,2026-02-18,FO,NSE,STO,146220,,OIL,,2026-02-24,2026-02-24,570.0,PE,OIL26FEB570PE,0.0,0.0,0.0,153.95,0.0,153.95,453.45,116.05,0,0,0,0.0,0,F1,1400,,,,,
2026-02-18,2026-02-18,FO,NSE,STO,36207,,OIL,,2026-02-24,2026-02-24,535.0,PE,OIL26FEB535PE,0.0,0.0,0.0,83.5,83.5,83.5,453.45,81.05,7000,0,0,0.0,0,F1,1400,,,,,
2026-02-18,2026-02-18,FO,NSE,STO,146216,,OIL,,2026-02-24,2026-02-24,525.0,PE,OIL26FEB525PE,0.0,0.0,0.0,57.0,57.0,57.0,453.45,71.1,56000,0,0,0.0,0,F1,1400,,,,,
2026-02-18,2026-02-18,FO,NSE,STO,123491,,OIL,,2026-02-24,2026-02-24,440.0,PE,OIL26FEB440PE,3.2,5.15,1.7,1.8,1.8,2.15,453.45,1.8,348600,-39200,1313,815737580.0,1074,F1,1400,,,,,
2026-02-18,2026-02-18,FO,NSE,STO,123483,,OIL,,2026-02-24,2026-02-24,400.0,PE,OIL26FEB400PE,0.35,0.4,0.15,0.15,0.15,0.2,453.45,0.15,103600,-19600,53,29699320.0,36,F1,1400,,,,,
2026-02-18,2026-02-18,FO,NSE,STO,123481,,OIL,,2026-02-24,2026-02-24,390.0,PE,OIL26FEB390PE,0.0,0.0,0.0,0.15,0.15,0.15,453.45,0.05,39200,0,0,0.0,0,F1,1400,,,,,
2026-02-18,2026-02-18,FO,NSE,STO,123479,,OIL,,2026-02-24,2026-02-24,380.0,PE,OIL26FEB380PE,0.0,0.0,0.0,0.2,0.2,0.2,453.45,0.05,23800,0,0,0.0,0,F1,1400,,,,,
2026-02-18,2026-02-18,FO,NSE,STO,147286,,OIL,,2026-04-28,2026-04-28,510.0,CE,OIL26APR510CE,0.0,0.0,0.0,17.35,0.0,17.35,453.45,11.45,0,0,0,0.0,0,F1,1400,,,,,
2026-02-18,2026-02-18,FO,NSE,STO,37092,,OIL,,2026-03-30,2026-03-30,585.0,CE,OIL26MAR585CE,0.0,0.0,0.0,8.3,0.0,8.3,453.45,0.45,0,0,0,0.0,0,F1,1400,,,,,
2026-02-18,2026-02-18,FO,NSE,STO,147124,,OIL,,2026-03-30,2026-03-30,565.0,CE,OIL26MAR565CE,0.0,0.0,0.0,3.7,0.0,3.7,453.45,0.95,0,0,0,0.0,0,F1,1400,,,,,
2026-02-18,2026-02-18,FO,NSE,STO,49913,,OIL,,2026-02-24,2026-02-24,575.0,CE,OIL26FEB575CE,0.25,0.25,0.05,0.05,0.05,0.45,453.45,0.05,53200,-36400,32,25765880.0,15,F1,1400,,,,,
2026-02-18,2026-02-18,FO,NSE,STO,123508,,OIL,,2026-02-24,2026-02-24,530.0,CE,OIL26FEB530CE,0.35,0.35,0.15,0.15,0.15,0.55,453.45,0.15,362600,-159600,177,131387690.0,83,F1,1400,,,,,
2026-02-18,2026-02-18,FO,NSE,STO,123506,,OIL,,2026-02-24,2026-02-24,520.0,CE,OIL26FEB520CE,0.6,0.6,0.2,0.25,0.2,0.65,453.45,0.25,1503600,-539000,810,590061080.0,294,F1,1400,,,,,
2026-02-18,2026-02-18,FO,NSE,STO,123502,,OIL,,2026-02-24,2026-02-24,500.0,CE,OIL26FEB500CE,1.0,1.05,0.35,0.4,0.4,1.15,453.45,0.4,1919400,-242200,1295,907411120.0,739,F1,1400,,,,,
2026-02-18,2026-02-18,FO,NSE,STO,123496,,OIL,,2026-02-24,2026-02-24,470.0,CE,OIL26FEB470CE,3.5,4.05,1.3,1.8,1.8,4.05,453.45,1.8,793800,343000,1558,1029143360.0,1135,F1,1400,,,,,
2026-02-18,2026-02-18,FO,NSE,STO,123494,,OIL,,2026-02-24,2026-02-24,460.0,CE,OIL26FEB460CE,7.15,7.15,2.65,4.0,4.05,7.2,453.45,4.0,546000,46200,1457,946030960.0,1321,F1,1400,,,,,
2026-02-18,2026-02-18,FO,NSE,STO,48972,,OIL,,2026-02-24,2026-02-24,555.0,CE,OIL26FEB555CE,0.1,0.15,0.1,0.1,0.1,0.5,453.45,0.1,50400,-21000,28,21759990.0,9,F1,1400,,,,,
2026-02-18,2026-02-18,FO,NSE,STO,147100,,OIL,,2026-03-30,2026-03-30,505.0,CE,OIL26MAR505CE,0.0,0.0,0.0,6.7,6.7,6.7,453.45,6.55,5600,0,0,0.0,0,F1,1400,,,,,
2026-02-18,2026-02-18,FO,NSE,STO,123514,,OIL,,2026-02-24,2026-02-24,580.0,CE,OIL26FEB580CE,0.2,0.2,0.05,0.05,0.05,0.15,453.45,0.05,117600,-113400,96,77965230.0,30,F1,1400,,,,,
2026-02-18,2026-02-18,FO,NSE,STO,146135,,OIL,,2026-02-24,2026-02-24,455.0,CE,OIL26FEB455CE,8.0,8.0,3.85,5.95,5.9,9.7,453.45,5.95,375200,163800,899,579271350.0,772,F1,1400,,,,,
2026-02-18,2026-02-18,FO,NSE,STO,146129,,OIL,,2026-02-24,2026-02-24,425.0,CE,OIL26FEB425CE,0.0,0.0,0.0,32.4,32.4,32.4,453.45,29.6,5600,0,0,0.0,0,F1,1400,,,,,
2026-02-18,2026-02-18,FO,NSE,STO,146125,,OIL,,2026-02-24,2026-02-24,405.0,CE,OIL26FEB405CE,0.0,0.0,0.0,45.85,45.85,45.85,453.45,48.85,2800,0,0,0.0,0,F1,1400,,,,,
2026-02-18,2026-02-18,FO,NSE,STO,38127,,OIL,,2026-03-30,2026-03-30,550.0,PE,OIL26MAR550PE,0.0,0.0,0.0,65.0,65.0,65.0,453.45,94.85,1400,0,0,0.0,0,F1,1400,,,,,
2026-02-18,2026-02-18,FO,NSE,STO,146144,,OIL,,2026-02-24,2026-02-24,495.0,PE,OIL26FEB495PE,0.0,0.0,0.0,40.5,40.5,40.5,453.45,41.4,200200,0,0,0.0,0,F1,1400,,,,,
2026-02-18,2026-02-18,FO,NSE,STO,123501,,OIL,,2026-02-24,2026-02-24,490.0,PE,OIL26FEB490PE,42.95,43.0,36.0,36.0,36.0,33.6,453.45,36.6,149800,-21000,19,14150080.0,19,F1,1400,,,,,
2026-02-18,2026-02-18,FO,NSE,STO,146134,,OIL,,2026-02-24,2026-02-24,445.0,PE,OIL26FEB445PE,4.3,7.4,2.6,2.85,2.9,3.15,453.45,2.85,550200,-123200,1663,1049342840.0,1386,F1,1400,,,,,
2026-02-18,2026-02-18,FO,NSE,STO,147280,,OIL,,2026-04-28,2026-04-28,480.0,CE,OIL26APR480CE,0.0,0.0,0.0,26.4,0.0,26.4,453.45,20.0,0,0,0,0.0,0,F1,1400,,,,,
2026-02-18,2026-02-18,FO,NSE,STO,147104,,OIL,,2026-03-30,2026-03-30,525.0,CE,OIL26MAR525CE,3.45,3.45,2.5,3.25,3.25,4.7,453.45,3.25,22400,18200,20,14776510.0,12,F1,1400,,,,,
2026-02-18,2026-02-18,FO,NSE,STO,147275,,OIL,,2026-04-28,2026-04-28,450.0,PE,OIL26APR450PE,0.0,0.0,0.0,33.35,0.0,33.35,453.45,24.75,0,0,0,0.0,0,F1,1400,,,,,
2026-02-18,2026-02-18,FO,NSE,STO,147283,,OIL,,2026-04-28,2026-04-28,490.0,PE,OIL26APR490PE,0.0,0.0,0.0,57.0,0.0,57.0,453.45,48.2,0,0,0,0.0,0,F1,1400,,,,,
2026-02-18,2026-02-18,FO,NSE,STO,146131,,OIL,,2026-02-24,2026-02-24,435.0,CE,OIL26FEB435CE,16.9,20.2,14.6,20.2,20.2,24.6,453.45,20.2,33600,4200,24,15148560.0,24,F1,1400,,,,,
2026-02-18,2026-02-18,FO,NSE,STO,123490,,OIL,,2026-02-24,2026-02-24,440.0,CE,OIL26FEB440CE,13.5,15.7,11.25,15.6,15.6,20.3,453.45,17.05,112000,2800,47,29787380.0,47,F1,1400,,,,,
2026-02-18,2026-02-18,FO,NSE,STO,146133,,OIL,,2026-02-24,2026-02-24,445.0,CE,OIL26FEB445CE,12.75,12.9,7.9,11.8,11.8,16.3,453.45,11.8,89600,-4200,197,125475210.0,187,F1,1400,,,,,
2026-02-18,2026-02-18,FO,NSE,STO,36208,,OIL,,2026-02-24,2026-02-24,545.0,CE,OIL26FEB545CE,0.2,0.2,0.1,0.1,0.1,0.35,453.45,0.1,173600,-30800,36,27477030.0,18,F1,1400,,,,,
2026-02-18,2026-02-18,FO,NSE,STO,146315,,OIL,,2026-03-30,2026-03-30,450.0,CE,OIL26MAR450CE,24.35,24.35,19.8,23.3,23.3,25.9,453.45,23.3,124600,47600,229,151205390.0,193,F1,1400,,,,,
2026-02-18,2026-02-18,FO,NSE,STO,147092,,OIL,,2026-03-30,2026-03-30,465.0,CE,OIL26MAR465CE,14.85,14.85,14.85,14.85,14.85,18.0,453.45,18.1,2800,1400,2,1343580.0,2,F1,1400,,,,,
2026-02-18,2026-02-18,FO,NSE,STO,147106,,OIL,,2026-03-30,2026-03-30,535.0,CE,OIL26MAR535CE,0.0,0.0,0.0,6.95,0.0,6.95,453.45,2.65,0,0,0,0.0,0,F1,1400,,,,,
2026-02-18,2026-02-18,FO,NSE,STO,147122,,OIL,,2026-03-30,2026-03-30,555.0,CE,OIL26MAR555CE,0.0,0.0,0.0,4.6,0.0,4.6,453.45,1.35,0,0,0,0.0,0,F1,1400,,,,,
2026-02-18,2026-02-18,FO,NSE,STO,146122,,OIL,,2026-02-24,2026-02-24,385.0,PE,OIL26FEB385PE,0.0,0.0,0.0,1.0,1.0,1.0,453.45,0.05,11200,0,0,0.0,0,F1,1400,,,,,
2026-02-18,2026-02-18,FO,NSE,STO,123495,,OIL,,2026-02-24,2026-02-24,460.0,PE,OIL26FEB460PE,12.95,17.0,9.3,9.75,10.1,9.25,453.45,9.75,470400,-96600,360,239070930.0,305,F1,1400,,,,,
2026-02-18,2026-02-18,FO,NSE,STO,123513,,OIL,,2026-02-24,2026-02-24,560.0,PE,OIL26FEB560PE,0.0,0.0,0.0,135.45,0.0,135.45,453.45,106.05,0,0,0,0.0,0,F1,1400,,,,,
2026-02-18,2026-02-18,FO,NSE,STO,48976,,OIL,,2026-02-24,2026-02-24,565.0,PE,OIL26FEB565PE,0.0,0.0,0.0,114.7,0.0,114.7,453.45,111.05,0,0,0,0.0,0,F1,1400,,,,,
2026-02-18,2026-02-18,FO,NSE,STO,146296,,OIL,,2026-03-30,2026-03-30,380.0,PE,OIL26MAR380PE,0.0,0.0,0.0,2.4,2.4,2.4,453.45,1.45,0,0,0,0.0,0,F1,1400,,,,,
2026-02-18,2026-02-18,FO,NSE,STO,146304,,OIL,,2026-03-30,2026-03-30,390.0,PE,OIL26MAR390PE,2.5,2.8,2.1,2.1,2.1,4.0,453.45,2.35,19600,7000,7,3845380.0,5,F1,1400,,,,,
2026-02-18,2026-02-18,FO,NSE,STO,147083,,OIL,,2026-03-30,2026-03-30,415.0,PE,OIL26MAR415PE,0.0,0.0,0.0,13.6,0.0,13.6,453.45,6.55,0,0,0,0.0,0,F1,1400,,,,,
2026-02-18,2026-02-18,FO,NSE,STO,147089,,OIL,,2026-03-30,2026-03-30,445.0,PE,OIL26MAR445PE,17.25,17.25,17.25,17.25,17.25,25.75,453.45,16.6,1400,1400,1,647150.0,1,F1,1400,,,,,
2026-02-18,2026-02-18,FO,NSE,STO,146316,,OIL,,2026-03-30,2026-03-30,450.0,PE,OIL26MAR450PE,20.0,20.8,15.95,16.3,16.65,17.2,453.45,16.3,70000,54600,79,51860970.0,64,F1,1400,,,,,
2026-02-18,2026-02-18,FO,NSE,STO,147105,,OIL,,2026-03-30,2026-03-30,525.0,PE,OIL26MAR525PE,0.0,0.0,0.0,47.5,47.5,47.5,453.45,72.05,1400,0,0,0.0,0,F1,1400,,,,,
2026-02-18,2026-02-18,FO,NSE,STO,37096,,OIL,,2026-03-30,2026-03-30,585.0,PE,OIL26MAR585PE,0.0,0.0,0.0,96.8,0.0,96.8,453.45,128.5,0,0,0,0.0,0,F1,1400,,,,,
2026-02-18,2026-02-18,FO,NSE,STO,147177,,OIL,,2026-04-28,2026-04-28,400.0,PE,OIL26APR400PE,0.0,0.0,0.0,13.45,0.0,13.45,453.45,7.4,0,0,0,0.0,0,F1,1400,,,,,
2026-02-18,2026-02-18,FO,NSE,STO,123500,,OIL,,2026-02-24,2026-02-24,490.0,CE,OIL26FEB490CE,1.2,1.2,0.5,0.55,0.5,1.6,453.45,0.55,830200,-187600,758,520681000.0,463,F1,1400,,,,,
2026-02-18,2026-02-18,FO,NSE,STO,146143,,OIL,,2026-02-24,2026-02-24,495.0,CE,OIL26FEB495CE,1.35,1.35,0.4,0.45,0.45,1.3,453.45,0.45,383600,-32200,310,215085780.0,229,F1,1400,,,,,
2026-02-18,2026-02-18,FO,NSE,STO,147279,,OIL,,2026-04-28,2026-04-28,470.0,PE,OIL26APR470PE,0.0,0.0,0.0,44.4,0.0,44.4,453.45,35.45,0,0,0,0.0,0,F1,1400,,,,,
2026-02-18,2026-02-18,FO,NSE,STO,146328,,OIL,,2026-03-30,2026-03-30,510.0,PE,OIL26MAR510PE,0.0,0.0,0.0,39.0,39.0,39.0,453.45,59.15,1400,0,0,0.0,0,F1,1400,,,,,
2026-02-18,2026-02-18,FO,NSE,STO,147097,,OIL,,2026-03-30,2026-03-30,485.0,PE,OIL26MAR485PE,0.0,0.0,0.0,22.25,22.25,22.25,453.45,39.8,1400,0,0,0.0,0,F1,1400,,,,,
2026-02-18,2026-02-18,FO,NSE,STO,36209,,OIL,,2026-02-24,2026-02-24,545.0,PE,OIL26FEB545PE,0.0,0.0,0.0,117.8,0.0,117.8,453.45,91.05,0,0,0,0.0,0,F1,1400,,,,,
2026-02-18,2026-02-18,FO,NSE,STO,147276,,OIL,,2026-04-28,2026-04-28,460.0,CE,OIL26APR460CE,0.0,0.0,0.0,34.25,0.0,34.25,453.45,28.05,0,0,0,0.0,0,F1,1400,,,,,
2026-02-18,2026-02-18,FO,NSE,STO,146319,,OIL,,2026-03-30,2026-03-30,470.0,CE,OIL26MAR470CE,13.25,14.95,12.55,14.85,14.65,17.0,453.45,14.85,70000,26600,64,43347290.0,42,F1,1400,,,,,
2026-02-18,2026-02-18,FO,NSE,STO,123510,,OIL,,2026-02-24,2026-02-24,540.0,CE,OIL26FEB540CE,0.4,0.4,0.15,0.2,0.2,0.4,453.45,0.2,316400,-170800,199,150508120.0,96,F1,1400,,,,,
2026-02-18,2026-02-18,FO,NSE,STO,146140,,OIL,,2026-02-24,2026-02-24,475.0,PE,OIL26FEB475PE,25.0,30.0,22.35,22.65,22.65,20.1,453.45,22.65,126000,-4200,14,9836960.0,9,F1,1400,,,,,
2026-02-18,2026-02-18,FO,NSE,STO,146138,,OIL,,2026-02-24,2026-02-24,465.0,PE,OIL26FEB465PE,16.85,20.5,14.4,14.4,14.4,12.5,453.45,15.3,141400,-19600,71,48028330.0,51,F1,1400,,,,,
2026-02-18,2026-02-18,FO,NSE,STO,146128,,OIL,,2026-02-24,2026-02-24,415.0,PE,OIL26FEB415PE,0.6,0.95,0.35,0.35,0.35,0.45,453.45,0.25,110600,2800,40,23277590.0,38,F1,1400,,,,,
2026-02-18,2026-02-18,FO,NSE,STO,123475,,OIL,,2026-02-24,2026-02-24,360.0,PE,OIL26FEB360PE,0.0,0.0,0.0,0.1,0.05,0.1,453.45,0.05,58800,0,0,0.0,0,F1,1400,,,,,
2026-02-18,2026-02-18,FO,NSE,STO,147292,,OIL,,2026-04-28,2026-04-28,540.0,CE,OIL26APR540CE,0.0,0.0,0.0,11.1,0.0,11.1,453.45,6.2,0,0,0,0.0,0,F1,1400,,,,,
2026-02-18,2026-02-18,FO,NSE,STO,146337,,OIL,,2026-03-30,2026-03-30,580.0,CE,OIL26MAR580CE,0.0,0.0,0.0,3.5,3.5,3.5,453.45,0.55,16800,0,0,0.0,0,F1,1400,,,,,
2026-02-18,2026-02-18,FO,NSE,STO,147120,,OIL,,2026-03-30,2026-03-30,545.0,CE,OIL26MAR545CE,0.0,0.0,0.0,5.65,0.0,5.65,453.45,1.9,0,0,0,0.0,0,F1,1400,,,,,
2026-02-18,2026-02-18,FO,NSE,STO,146333,,OIL,,2026-03-30,2026-03-30,540.0,CE,OIL26MAR540CE,0.0,0.0,0.0,4.5,0.0,4.5,453.45,2.25,0,0,0,0.0,0,F1,1400,,,,,
2026-02-18,2026-02-18,FO,NSE,STO,146329,,OIL,,2026-03-30,2026-03-30,520.0,CE,OIL26MAR520CE,3.85,3.85,3.3,3.65,3.65,4.55,453.45,3.65,98000,2800,12,8796130.0,8,F1,1400,,,,,
2026-02-18,2026-02-18,FO,NSE,STO,146325,,OIL,,2026-03-30,2026-03-30,500.0,CE,OIL26MAR500CE,6.3,6.75,5.25,6.6,6.55,8.1,453.45,6.6,432600,217000,374,264961970.0,255,F1,1400,,,,,
2026-02-18,2026-02-18,FO,NSE,STO,147098,,OIL,,2026-03-30,2026-03-30,495.0,CE,OIL26MAR495CE,5.75,5.75,5.75,5.75,5.75,10.3,453.45,8.6,4200,1400,1,701050.0,1,F1,1400,,,,,
2026-02-18,2026-02-18,FO,NSE,STO,147299,,OIL,,2026-04-28,2026-04-28,570.0,PE,OIL26APR570PE,0.0,0.0,0.0,119.65,0.0,119.65,453.45,113.85,0,0,0,0.0,0,F1,1400,,,,,
2026-02-18,2026-02-18,FO,NSE,STO,146313,,OIL,,2026-03-30,2026-03-30,440.0,CE,OIL26MAR440CE,26.55,29.2,24.75,29.2,29.2,32.0,453.45,29.2,109200,85400,71,46405240.0,50,F1,1400,,,,,
2026-02-18,2026-02-18,FO,NSE,STO,123492,,OIL,,2026-02-24,2026-02-24,450.0,CE,OIL26FEB450CE,8.85,9.45,5.55,8.6,8.55,12.75,453.45,8.6,417200,145600,1803,1153719560.0,1617,F1,1400,,,,,
2026-02-18,2026-02-18,FO,NSE,STO,146332,,OIL,,2026-03-30,2026-03-30,530.0,PE,OIL26MAR530PE,0.0,0.0,0.0,116.1,0.0,116.1,453.45,76.45,0,0,0,0.0,0,F1,1400,,,,,
2026-02-18,2026-02-18,FO,NSE,STO,147103,,OIL,,2026-03-30,2026-03-30,515.0,PE,OIL26MAR515PE,0.0,0.0,0.0,71.35,0.0,71.35,453.45,63.35,0,0,0,0.0,0,F1,1400,,,,,
2026-02-18,2026-02-18,FO,NSE,STO,147095,,OIL,,2026-03-30,2026-03-30,475.0,PE,OIL26MAR475PE,0.0,0.0,0.0,42.6,0.0,42.6,453.45,33.0,0,0,0,0.0,0,F1,1400,,,,,
2026-02-18,2026-02-18,FO,NSE,STO,146218,,OIL,,2026-02-24,2026-02-24,550.0,PE,OIL26FEB550PE,103.0,103.0,103.0,103.0,103.0,61.3,453.45,96.05,18200,-1400,1,914200.0,1,F1,1400,,,,,
2026-02-18,2026-02-18,FO,NSE,STO,123511,,OIL,,2026-02-24,2026-02-24,540.0,PE,OIL26FEB540PE,0.0,0.0,0.0,44.55,45.0,44.55,453.45,86.05,25200,0,0,0.0,0,F1,1400,,,,,
2026-02-18,2026-02-18,FO,NSE,STO,146153,,OIL,,2026-02-24,2026-02-24,525.0,CE,OIL26FEB525CE,0.4,0.45,0.2,0.2,0.2,0.55,453.45,0.2,663600,-56000,145,106639610.0,68,F1,1400,,,,,
2026-02-18,2026-02-18,FO,NSE,STO,36206,,OIL,,2026-02-24,2026-02-24,535.0,CE,OIL26FEB535CE,0.3,0.3,0.1,0.15,0.15,0.45,453.45,0.05,275800,-25200,71,53198390.0,36,F1,1400,,,,,
2026-02-18,2026-02-18,FO,NSE,STO,123512,,OIL,,2026-02-24,2026-02-24,560.0,CE,OIL26FEB560CE,0.2,0.2,0.1,0.15,0.15,0.25,453.45,0.15,639800,-116200,269,210953260.0,78,F1,1400,,,,,
2026-02-18,2026-02-18,FO,NSE,STO,147080,,OIL,,2026-03-30,2026-03-30,405.0,CE,OIL26MAR405CE,0.0,0.0,0.0,58.4,0.0,58.4,453.45,55.4,0,0,0,0.0,0,F1,1400,,,,,
2026-02-18,2026-02-18,FO,NSE,STO,146311,,OIL,,2026-03-30,2026-03-30,430.0,CE,OIL26MAR430CE,0.0,0.0,0.0,27.7,0.0,27.7,453.45,36.85,0,0,0,0.0,0,F1,1400,,,,,
2026-02-18,2026-02-18,FO,NSE,STO,147090,,OIL,,2026-03-30,2026-03-30,455.0,CE,OIL26MAR455CE,0.0,0.0,0.0,29.15,0.0,29.15,453.45,22.55,0,0,0,0.0,0,F1,1400,,,,,
2026-02-18,2026-02-18,FO,NSE,STO,146317,,OIL,,2026-03-30,2026-03-30,460.0,CE,OIL26MAR460CE,19.0,19.0,15.6,18.7,18.3,21.35,453.45,18.7,88200,37800,76,50813630.0,71,F1,1400,,,,,
2026-02-18,2026-02-18,FO,NSE,STO,147096,,OIL,,2026-03-30,2026-03-30,485.0,CE,OIL26MAR485CE,0.0,0.0,0.0,28.05,28.05,28.05,453.45,11.15,1400,0,0,0.0,0,F1,1400,,,,,
2026-02-18,2026-02-18,FO,NSE,STO,146327,,OIL,,2026-03-30,2026-03-30,510.0,CE,OIL26MAR510CE,3.6,3.6,3.6,3.6,3.6,6.0,453.45,5.65,18200,-1400,1,719040.0,1,F1,1400,,,,,
2026-02-18,2026-02-18,FO,NSE,STO,146331,,OIL,,2026-03-30,2026-03-30,530.0,CE,OIL26MAR530CE,0.0,0.0,0.0,19.0,19.0,19.0,453.45,3.1,2800,0,0,0.0,0,F1,1400,,,,,
2026-02-18,2026-02-18,FO,NSE,STO,38126,,OIL,,2026-03-30,2026-03-30,550.0,CE,OIL26MAR550CE,1.5,1.65,1.15,1.55,1.5,2.05,453.45,1.55,263200,26600,147,113485120.0,106,F1,1400,,,,,
2026-02-18,2026-02-18,FO,NSE,STO,147262,,OIL,,2026-04-28,2026-04-28,430.0,CE,OIL26APR430CE,0.0,0.0,0.0,49.2,0.0,49.2,453.45,44.1,0,0,0,0.0,0,F1,1400,,,,,
2026-02-18,2026-02-18,FO,NSE,STO,147290,,OIL,,2026-04-28,2026-04-28,530.0,CE,OIL26APR530CE,0.0,0.0,0.0,25.0,25.0,25.0,453.45,7.65,7000,0,0,0.0,0,F1,1400,,,,,
2026-02-18,2026-02-18,FO,NSE,STO,147300,,OIL,,2026-04-28,2026-04-28,580.0,CE,OIL26APR580CE,0.0,0.0,0.0,5.9,0.0,5.9,453.45,2.5,0,0,0,0.0,0,F1,1400,,,,,
2026-02-18,2026-02-18,FO,NSE,STO,123509,,OIL,,2026-02-24,2026-02-24,530.0,PE,OIL26FEB530PE,0.0,0.0,0.0,58.7,58.7,58.7,453.45,76.05,61600,0,0,0.0,0,F1,1400,,,,,
2026-02-18,2026-02-18,FO,NSE,STO,146308,,OIL,,2026-03-30,2026-03-30,410.0,PE,OIL26MAR410PE,6.2,6.2,4.45,4.6,4.6,4.9,453.45,4.6,106400,68600,81,47062120.0,42,F1,1400,,,,,
2026-02-18,2026-02-18,FO,NSE,STO,146318,,OIL,,2026-03-30,2026-03-30,460.0,PE,OIL26MAR460PE,25.6,25.8,21.4,21.55,21.75,20.45,453.45,21.55,58800,32200,41,27779640.0,41,F1,1400,,,,,
2026-02-18,2026-02-18,FO,NSE,STO,146322,,OIL,,2026-03-30,2026-03-30,480.0,PE,OIL26MAR480PE,36.0,36.0,36.0,36.0,36.0,27.45,453.45,36.35,21000,2800,2,1444800.0,1,F1,1400,,,,,
2026-02-18,2026-02-18,FO,NSE,STO,147287,,OIL,,2026-04-28,2026-04-28,510.0,PE,OIL26APR510PE,0.0,0.0,0.0,71.0,0.0,71.0,453.45,62.7,0,0,0,0.0,0,F1,1400,,,,,
2026-02-18,2026-02-18,FO,NSE,STO,123504,,OIL,,2026-02-24,2026-02-24,510.0,CE,OIL26FEB510CE,0.6,0.7,0.25,0.35,0.3,0.9,453.45,0.35,1127000,-23800,468,334409250.0,233,F1,1400,,,,,
2026-02-18,2026-02-18,FO,NSE,STO,123507,,OIL,,2026-02-24,2026-02-24,520.0,PE,OIL26FEB520PE,71.55,71.55,71.55,71.55,71.55,67.0,453.45,66.1,210000,-1400,1,828170.0,1,F1,1400,,,,,
2026-02-18,2026-02-18,FO,NSE,STO,146326,,OIL,,2026-03-30,2026-03-30,500.0,PE,OIL26MAR500PE,48.5,49.55,48.5,49.5,49.5,47.45,453.45,49.5,78400,-2800,6,4614400.0,6,F1,1400,,,,,
2026-02-18,2026-02-18,FO,NSE,STO,147107,,OIL,,2026-03-30,2026-03-30,535.0,PE,OIL26MAR535PE,0.0,0.0,0.0,87.8,0.0,87.8,453.45,81.0,0,0,0,0.0,0,F1,1400,,,,,
2026-02-18,2026-02-18,FO,NSE,STO,147285,,OIL,,2026-04-28,2026-04-28,500.0,PE,OIL26APR500PE,0.0,0.0,0.0,63.85,0.0,63.85,453.45,55.25,0,0,0,0.0,0,F1,1400,,,,,
2026-02-18,2026-02-18,FO,NSE,STO,147291,,OIL,,2026-04-28,2026-04-28,530.0,PE,OIL26APR530PE,0.0,0.0,0.0,86.3,0.0,86.3,453.45,78.7,0,0,0,0.0,0,F1,1400,,,,,
2026-02-18,2026-02-18,FO,NSE,STO,147297,,OIL,,2026-04-28,2026-04-28,560.0,PE,OIL26APR560PE,0.0,0.0,0.0,111.0,0.0,111.0,453.45,104.75,0,0,0,0.0,0,F1,1400,,,,,
2026-02-18,2026-02-18,FO,NSE,STO,147099,,OIL,,2026-03-30,2026-03-30,495.0,PE,OIL26MAR495PE,0.0,0.0,0.0,30.05,30.05,30.05,453.45,47.2,2800,0,0,0.0,0,F1,1400,,,,,
2026-02-18,2026-02-18,FO,NSE,STO,48975,,OIL,,2026-02-24,2026-02-24,565.0,CE,OIL26FEB565CE,0.0,0.0,0.0,2.15,2.15,2.15,453.45,0.05,50400,0,0,0.0,0,F1,1400,,,,,
2026-02-18,2026-02-18,FO,NSE,STO,37074,,OIL,,2026-02-24,2026-02-24,585.0,CE,OIL26FEB585CE,0.1,0.1,0.05,0.05,0.05,0.2,453.45,0.05,163800,-180600,159,130237520.0,49,F1,1400,,,,,
2026-02-18,2026-02-18,FO,NSE,STO,147082,,OIL,,2026-03-30,2026-03-30,415.0,CE,OIL26MAR415CE,0.0,0.0,0.0,51.5,0.0,51.5,453.45,47.5,0,0,0,0.0,0,F1,1400,,,,,
2026-02-18,2026-02-18,FO,NSE,STO,147094,,OIL,,2026-03-30,2026-03-30,475.0,CE,OIL26MAR475CE,12.35,12.35,12.35,12.35,12.35,21.1,453.45,14.3,1400,1400,1,682290.0,1,F1,1400,,,,,
2026-02-18,2026-02-18,FO,NSE,STO,146321,,OIL,,2026-03-30,2026-03-30,480.0,CE,OIL26MAR480CE,12.75,12.75,9.3,11.1,11.05,13.35,453.45,11.1,67200,26600,72,49436520.0,68,F1,1400,,,,,
2026-02-18,2026-02-18,FO,NSE,STO,48992,,OIL,,2026-03-30,2026-03-30,570.0,CE,OIL26MAR570CE,0.0,0.0,0.0,4.95,0.0,4.95,453.45,0.8,0,0,0,0.0,0,F1,1400,,,,,
2026-02-18,2026-02-18,FO,NSE,STO,147274,,OIL,,2026-04-28,2026-04-28,450.0,CE,OIL26APR450CE,0.0,0.0,0.0,38.8,0.0,38.8,453.45,32.85,0,0,0,0.0,0,F1,1400,,,,,
2026-02-18,2026-02-18,FO,NSE,STO,146126,,OIL,,2026-02-24,2026-02-24,405.0,PE,OIL26FEB405PE,0.0,0.0,0.0,0.3,0.3,0.3,453.45,0.05,42000,0,0,0.0,0,F1,1400,,,,,
2026-02-18,2026-02-18,FO,NSE,STO,123485,,OIL,,2026-02-24,2026-02-24,410.0,PE,OIL26FEB410PE,0.65,0.65,0.3,0.3,0.3,0.35,453.45,0.1,159600,-1400,41,23561440.0,37,F1,1400,,,,,
2026-02-18,2026-02-18,FO,NSE,STO,123493,,OIL,,2026-02-24,2026-02-24,450.0,PE,OIL26FEB450PE,6.75,10.1,4.25,4.5,4.65,4.7,453.45,4.5,613200,-119000,1643,1052154740.0,1322,F1,1400,,,,,
2026-02-18,2026-02-18,FO,NSE,STO,123503,,OIL,,2026-02-24,2026-02-24,500.0,PE,OIL26FEB500PE,53.1,53.2,47.05,47.05,47.05,43.0,453.45,46.25,334600,-16800,17,13132770.0,17,F1,1400,,,,,
2026-02-18,2026-02-18,FO,NSE,STF,66959,,OIL,,2026-04-28,2026-04-28,,,OIL26APRFUT,454.75,459.65,451.8,459.25,459.0,463.05,453.45,459.25,504000,22400,45,28693140.0,41,F1,1400,,,,,
2026-02-18,2026-02-18,FO,NSE,STO,147301,,OIL,,2026-04-28,2026-04-28,580.0,PE,OIL26APR580PE,0.0,0.0,0.0,128.45,0.0,128.45,453.45,123.05,0,0,0,0.0,0,F1,1400,,,,,
2026-02-18,2026-02-18,FO,NSE,STO,37091,,OIL,,2026-03-30,2026-03-30,575.0,PE,OIL26MAR575PE,0.0,0.0,0.0,88.45,0.0,88.45,453.45,118.75,0,0,0,0.0,0,F1,1400,,,,,
2026-02-18,2026-02-18,FO,NSE,STO,146306,,OIL,,2026-03-30,2026-03-30,400.0,PE,OIL26MAR400PE,4.0,4.5,3.0,3.2,3.3,3.25,453.45,3.2,110600,28000,64,36192660.0,43,F1,1400,,,,,
2026-02-18,2026-02-18,FO,NSE,STO,123515,,OIL,,2026-02-24,2026-02-24,580.0,PE,OIL26FEB580PE,0.0,0.0,0.0,106.0,106.0,106.0,453.45,126.05,0,0,0,0.0,0,F1,1400,,,,,
2026-02-18,2026-02-18,FO,NSE,STO,146305,,OIL,,2026-03-30,2026-03-30,400.0,CE,OIL26MAR400CE,60.0,60.0,60.0,60.0,60.0,63.0,453.45,60.0,2800,1400,1,644000.0,1,F1,1400,,,,,
2026-02-18,2026-02-18,FO,NSE,STO,147088,,OIL,,2026-03-30,2026-03-30,445.0,CE,OIL26MAR445CE,0.0,0.0,0.0,33.95,0.0,33.95,453.45,27.75,0,0,0,0.0,0,F1,1400,,,,,
2026-02-18,2026-02-18,FO,NSE,STO,48993,,OIL,,2026-03-30,2026-03-30,570.0,PE,OIL26MAR570PE,0.0,0.0,0.0,119.95,0.0,119.95,453.45,113.95,0,0,0,0.0,0,F1,1400,,,,,
2026-02-18,2026-02-18,FO,NSE,STO,147125,,OIL,,2026-03-30,2026-03-30,565.0,PE,OIL26MAR565PE,0.0,0.0,0.0,114.25,0.0,114.25,453.45,109.1,0,0,0,0.0,0,F1,1400,,,,,
2026-02-18,2026-02-18,FO,NSE,STO,146336,,OIL,,2026-03-30,2026-03-30,560.0,PE,OIL26MAR560PE,0.0,0.0,0.0,143.35,0.0,143.35,453.45,104.35,0,0,0,0.0,0,F1,1400,,,,,
2026-02-18,2026-02-18,FO,NSE,STO,146324,,OIL,,2026-03-30,2026-03-30,490.0,PE,OIL26MAR490PE,46.5,46.5,46.5,46.5,46.5,33.75,453.45,43.45,2800,-1400,1,751100.0,1,F1,1400,,,,,
2026-02-18,2026-02-18,FO,NSE,STO,147296,,OIL,,2026-04-28,2026-04-28,560.0,CE,OIL26APR560CE,0.0,0.0,0.0,8.15,0.0,8.15,453.45,4.0,0,0,0,0.0,0,F1,1400,,,,,
2026-02-18,2026-02-18,FO,NSE,STO,123489,,OIL,,2026-02-24,2026-02-24,430.0,PE,OIL26FEB430PE,1.2,2.45,0.7,0.75,0.8,1.05,453.45,0.75,348600,72800,514,310647190.0,475,F1,1400,,,,,
2026-02-18,2026-02-18,FO,NSE,STO,147293,,OIL,,2026-04-28,2026-04-28,540.0,PE,OIL26APR540PE,0.0,0.0,0.0,94.3,0.0,94.3,453.45,87.15,0,0,0,0.0,0,F1,1400,,,,,
2026-02-18,2026-02-18,FO,NSE,STO,146312,,OIL,,2026-03-30,2026-03-30,430.0,PE,OIL26MAR430PE,10.0,12.5,8.55,8.7,8.55,39.9,453.45,8.7,11200,11200,17,10459540.0,15,F1,1400,,,,,
2026-02-18,2026-02-18,FO,NSE,STO,147272,,OIL,,2026-04-28,2026-04-28,440.0,PE,OIL26APR440PE,0.0,0.0,0.0,28.5,0.0,28.5,453.45,20.2,0,0,0,0.0,0,F1,1400,,,,,
2026-02-18,2026-02-18,FO,NSE,STO,147265,,OIL,,2026-04-28,2026-04-28,430.0,PE,OIL26APR430PE,0.0,0.0,0.0,24.05,0.0,24.05,453.45,16.2,0,0,0,0.0,0,F1,1400,,,,,
2026-02-18,2026-02-18,FO,NSE,STO,147294,,OIL,,2026-04-28,2026-04-28,550.0,CE,OIL26APR550CE,0.0,0.0,0.0,9.5,0.0,9.5,453.45,5.0,0,0,0,0.0,0,F1,1400,,,,,
2026-02-18,2026-02-18,FO,NSE,STO,147288,,OIL,,2026-04-28,2026-04-28,520.0,CE,OIL26APR520CE,0.0,0.0,0.0,15.05,0.0,15.05,453.45,9.4,0,0,0,0.0,0,F1,1400,,,,,
2026-02-18,2026-02-18,FO,NSE,STO,146335,,OIL,,2026-03-30,2026-03-30,560.0,CE,OIL26MAR560CE,0.0,0.0,0.0,3.1,0.0,3.1,453.45,1.15,0,0,0,0.0,0,F1,1400,,,,,
2026-02-18,2026-02-18,FO,NSE,STO,123497,,OIL,,2026-02-24,2026-02-24,470.0,PE,OIL26FEB470PE,20.45,25.5,17.6,17.6,17.6,16.1,453.45,17.6,197400,-11200,154,106261400.0,137,F1,1400,,,,,
2026-02-18,2026-02-18,FO,NSE,STO,146142,,OIL,,2026-02-24,2026-02-24,485.0,PE,OIL26FEB485PE,34.35,39.6,34.35,36.35,36.35,28.65,453.45,31.9,198800,-16800,30,21939190.0,30,F1,1400,,,,,
2026-02-18,2026-02-18,FO,NSE,STO,146127,,OIL,,2026-02-24,2026-02-24,415.0,CE,OIL26FEB415CE,0.0,0.0,0.0,38.0,38.0,38.0,453.45,39.05,15400,0,0,0.0,0,F1,1400,,,,,
2026-02-18,2026-02-18,FO,NSE,STO,123488,,OIL,,2026-02-24,2026-02-24,430.0,CE,OIL26FEB430CE,20.5,24.65,18.5,24.65,24.65,29.05,453.45,25.15,82600,-1400,24,15133510.0,24,F1,1400,,,,,
2026-02-18,2026-02-18,FO,NSE,STO,147085,,OIL,,2026-03-30,2026-03-30,425.0,PE,OIL26MAR425PE,9.9,10.0,7.25,7.6,7.6,8.0,453.45,7.6,28000,21000,24,14574560.0,23,F1,1400,,,,,
2026-02-18,2026-02-18,FO,NSE,STO,146137,,OIL,,2026-02-24,2026-02-24,465.0,CE,OIL26FEB465CE,5.45,5.45,1.8,2.65,2.65,5.45,453.45,2.65,421400,26600,764,500238620.0,630,F1,1400,,,,,
2026-02-18,2026-02-18,FO,NSE,STO,123482,,OIL,,2026-02-24,2026-02-24,400.0,CE,OIL26FEB400CE,0.0,0.0,0.0,113.0,113.0,113.0,453.45,53.85,12600,0,0,0.0,0,F1,1400,,,,,
2026-02-18,2026-02-18,FO,NSE,STO,123486,,OIL,,2026-02-24,2026-02-24,420.0,CE,OIL26FEB420CE,34.1,34.25,34.1,34.15,34.25,38.7,453.45,34.15,19600,-1400,3,1907430.0,3,F1,1400,,,,,
2026-02-18,2026-02-18,FO,NSE,STO,123498,,OIL,,2026-02-24,2026-02-24,480.0,CE,OIL26FEB480CE,1.55,1.7,0.75,0.9,0.9,2.35,453.45,0.9,1493800,-427000,1270,855137710.0,834,F1,1400,,,,,
2026-02-18,2026-02-18,FO,NSE,STO,147084,,OIL,,2026-03-30,2026-03-30,425.0,CE,OIL26MAR425CE,0.0,0.0,0.0,45.1,0.0,45.1,453.45,40.25,0,0,0,0.0,0,F1,1400,,,,,
2026-02-18,2026-02-18,FO,NSE,STO,147086,,OIL,,2026-03-30,2026-03-30,435.0,CE,OIL26MAR435CE,0.0,0.0,0.0,39.25,0.0,39.25,453.45,33.65,0,0,0,0.0,0,F1,1400,,,,,
2026-02-18,2026-02-18,FO,NSE,STO,123473,,OIL,,2026-02-24,2026-02-24,350.0,PE,OIL26FEB350PE,0.0,0.0,0.0,0.15,0.15,0.15,453.45,0.05,88200,0,0,0.0,0,F1,1400,,,,,
2026-02-18,2026-02-18,FO,NSE,STO,146132,,OIL,,2026-02-24,2026-02-24,435.0,PE,OIL26FEB435PE,1.95,3.65,1.05,1.2,1.2,1.45,453.45,1.2,315000,81200,583,357177800.0,511,F1,1400,,,,,
2026-02-18,2026-02-18,FO,NSE,STO,147101,,OIL,,2026-03-30,2026-03-30,505.0,PE,OIL26MAR505PE,0.0,0.0,0.0,35.4,35.4,35.4,453.45,55.05,1400,0,0,0.0,0,F1,1400,,,,,
2026-02-18,2026-02-18,FO,NSE,STO,147093,,OIL,,2026-03-30,2026-03-30,465.0,PE,OIL26MAR465PE,0.0,0.0,0.0,36.45,0.0,36.45,453.45,26.85,0,0,0,0.0,0,F1,1400,,,,,
2026-02-18,2026-02-18,FO,NSE,STO,146310,,OIL,,2026-03-30,2026-03-30,420.0,PE,OIL26MAR420PE,0.0,0.0,0.0,34.25,0.0,34.25,453.45,7.8,0,0,0,0.0,0,F1,1400,,,,,
2026-02-18,2026-02-18,FO,NSE,STO,48974,,OIL,,2026-02-24,2026-02-24,555.0,PE,OIL26FEB555PE,0.0,0.0,0.0,105.3,0.0,105.3,453.45,101.05,0,0,0,0.0,0,F1,1400,,,,,
2026-02-18,2026-02-18,FO,NSE,STO,146152,,OIL,,2026-02-24,2026-02-24,515.0,PE,OIL26FEB515PE,0.0,0.0,0.0,36.95,41.7,36.95,453.45,61.1,243600,0,0,0.0,0,F1,1400,,,,,
2026-02-18,2026-02-18,FO,NSE,STO,123499,,OIL,,2026-02-24,2026-02-24,480.0,PE,OIL26FEB480PE,33.0,33.75,26.9,26.9,26.9,24.65,453.45,26.9,208600,-23800,43,30854600.0,33,F1,1400,,,,,
2026-02-18,2026-02-18,FO,NSE,STO,146130,,OIL,,2026-02-24,2026-02-24,425.0,PE,OIL26FEB425PE,1.5,1.7,0.55,0.55,0.55,0.85,453.45,0.55,113400,-1400,124,73983700.0,103,F1,1400,,,,,
2026-02-18,2026-02-18,FO,NSE,STO,146120,,OIL,,2026-02-24,2026-02-24,375.0,PE,OIL26FEB375PE,0.2,0.2,0.2,0.2,0.2,0.15,453.45,0.05,8400,0,1,525280.0,1,F1,1400,,,,,
2026-02-18,2026-02-18,FO,NSE,STO,147282,,OIL,,2026-04-28,2026-04-28,490.0,CE,OIL26APR490CE,0.0,0.0,0.0,23.05,0.0,23.05,453.45,16.7,0,0,0,0.0,0,F1,1400,,,,,
2026-02-18,2026-02-18,FO,NSE,STO,147278,,OIL,,2026-04-28,2026-04-28,470.0,CE,OIL26APR470CE,0.0,0.0,0.0,30.15,0.0,30.15,453.45,23.75,0,0,0,0.0,0,F1,1400,,,,,
2026-02-18,2026-02-18,FO,NSE,STO,147266,,OIL,,2026-04-28,2026-04-28,440.0,CE,OIL26APR440CE,0.0,0.0,0.0,43.8,0.0,43.8,453.45,38.2,0,0,0,0.0,0,F1,1400,,,,,
2026-02-18,2026-02-18,FO,NSE,STO,146323,,OIL,,2026-03-30,2026-03-30,490.0,CE,OIL26MAR490CE,8.5,8.55,7.0,8.55,8.55,10.6,453.45,9.8,61600,11200,15,10459190.0,12,F1,1400,,,,,
2026-02-18,2026-02-18,FO,NSE,STO,146145,,OIL,,2026-02-24,2026-02-24,505.0,CE,OIL26FEB505CE,1.1,1.1,0.3,0.3,0.3,1.0,453.45,0.3,399000,32200,245,173358850.0,158,F1,1400,,,,,
2026-02-18,2026-02-18,FO,NSE,STO,146141,,OIL,,2026-02-24,2026-02-24,485.0,CE,OIL26FEB485CE,1.35,1.35,0.6,0.75,0.7,1.95,453.45,0.75,365400,-187600,562,382231990.0,393,F1,1400,,,,,
2026-02-18,2026-02-18,FO,NSE,STO,146139,,OIL,,2026-02-24,2026-02-24,475.0,CE,OIL26FEB475CE,2.2,2.4,0.95,1.25,1.25,3.1,453.45,1.25,585200,93800,637,424753140.0,459,F1,1400,,,,,
2026-02-18,2026-02-18,FO,NSE,STO,123476,,OIL,,2026-02-24,2026-02-24,370.0,CE,OIL26FEB370CE,0.0,0.0,0.0,109.35,109.35,109.35,453.45,83.8,2800,0,0,0.0,0,F1,1400,,,,,
2026-02-18,2026-02-18,FO,NSE,STO,147123,,OIL,,2026-03-30,2026-03-30,555.0,PE,OIL26MAR555PE,0.0,0.0,0.0,105.25,0.0,105.25,453.45,99.6,0,0,0,0.0,0,F1,1400,,,,,
2026-02-18,2026-02-18,FO,NSE,STO,147121,,OIL,,2026-03-30,2026-03-30,545.0,PE,OIL26MAR545PE,0.0,0.0,0.0,96.4,0.0,96.4,453.45,90.2,0,0,0,0.0,0,F1,1400,,,,,
2026-02-18,2026-02-18,FO,NSE,STO,146320,,OIL,,2026-03-30,2026-03-30,470.0,PE,OIL26MAR470PE,0.0,0.0,0.0,26.6,26.6,26.6,453.45,29.85,8400,0,0,0.0,0,F1,1400,,,,,
2026-02-18,2026-02-18,FO,NSE,STO,146314,,OIL,,2026-03-30,2026-03-30,440.0,PE,OIL26MAR440PE,14.05,15.9,11.8,12.0,12.3,12.25,453.45,12.0,196000,30800,78,49595840.0,64,F1,1400,,,,,
2026-02-18,2026-02-18,FO,NSE,STO,147081,,OIL,,2026-03-30,2026-03-30,405.0,PE,OIL26MAR405PE,0.0,0.0,0.0,5.8,5.8,5.8,453.45,4.5,2800,0,0,0.0,0,F1,1400,,,,,
2026-02-18,2026-02-18,FO,NSE,STO,49914,,OIL,,2026-02-24,2026-02-24,575.0,PE,OIL26FEB575PE,0.0,0.0,0.0,114.7,0.0,114.7,453.45,121.05,0,0,0,0.0,0,F1,1400,,,,,
2026-02-18,2026-02-18,FO,NSE,STO,123505,,OIL,,2026-02-24,2026-02-24,510.0,PE,OIL26FEB510PE,63.0,63.0,55.7,55.7,55.7,52.6,453.45,55.7,281400,-14000,10,8001560.0,9,F1,1400,,,,,
2026-02-18,2026-02-18,FO,NSE,STO,146150,,OIL,,2026-02-24,2026-02-24,505.0,PE,OIL26FEB505PE,52.95,52.95,50.9,50.9,50.9,56.4,453.45,51.2,124600,-1400,2,1559390.0,2,F1,1400,,,,,
2026-02-18,2026-02-18,FO,NSE,STO,146136,,OIL,,2026-02-24,2026-02-24,455.0,PE,OIL26FEB455PE,9.35,12.8,6.5,6.95,6.8,6.65,453.45,6.95,386400,-2800,310,201530840.0,244,F1,1400,,,,,
2026-02-18,2026-02-18,FO,NSE,STO,123484,,OIL,,2026-02-24,2026-02-24,410.0,CE,OIL26FEB410CE,0.0,0.0,0.0,40.25,39.75,40.25,453.45,43.95,2800,0,0,0.0,0,F1,1400,,,,,
2026-02-18,2026-02-18,FO,NSE,STO,146219,,OIL,,2026-02-24,2026-02-24,570.0,CE,OIL26FEB570CE,0.1,0.1,0.05,0.1,0.1,0.2,453.45,0.1,98000,-19600,25,19953430.0,9,F1,1400,,,,,
2026-02-18,2026-02-18,FO,NSE,STO,146309,,OIL,,2026-03-30,2026-03-30,420.0,CE,OIL26MAR420CE,40.0,42.7,39.5,42.7,42.7,31.9,453.45,42.7,110600,110600,87,56040810.0,18,F1,1400,,,,,
2026-02-18,2026-02-18,FO,NSE,STO,147102,,OIL,,2026-03-30,2026-03-30,515.0,CE,OIL26MAR515CE,0.0,0.0,0.0,5.4,5.4,5.4,453.45,4.9,23800,0,0,0.0,0,F1,1400,,,,,
2026-02-18,2026-02-18,FO,NSE,STO,147176,,OIL,,2026-04-28,2026-04-28,400.0,CE,OIL26APR400CE,0.0,0.0,0.0,68.1,0.0,68.1,453.45,65.0,0,0,0,0.0,0,F1,1400,,,,,
2026-02-18,2026-02-18,FO,NSE,STO,147219,,OIL,,2026-04-28,2026-04-28,410.0,CE,OIL26APR410CE,0.0,0.0,0.0,61.35,0.0,61.35,453.45,57.55,0,0,0,0.0,0,F1,1400,,,,,
2026-02-18,2026-02-18,FO,NSE,STO,146217,,OIL,,2026-02-24,2026-02-24,550.0,CE,OIL26FEB550CE,0.25,0.3,0.1,0.15,0.1,0.35,453.45,0.15,753200,-203000,231,177924670.0,80,F1,1400,,,,,
2026-02-18,2026-02-18,FO,NSE,STO,147289,,OIL,,2026-04-28,2026-04-28,520.0,PE,OIL26APR520PE,0.0,0.0,0.0,78.5,0.0,78.5,453.45,70.55,0,0,0,0.0,0,F1,1400,,,,,
2026-02-18,2026-02-18,FO,NSE,STO,147244,,OIL,,2026-04-28,2026-04-28,420.0,CE,OIL26APR420CE,0.0,0.0,0.0,55.05,0.0,55.05,453.45,50.55,0,0,0,0.0,0,F1,1400,,,,,
2026-02-18,2026-02-18,FO,NSE,STO,147284,,OIL,,2026-04-28,2026-04-28,500.0,CE,OIL26APR500CE,0.0,0.0,0.0,20.05,0.0,20.05,453.45,13.9,0,0,0,0.0,0,F1,1400,,,,,
2026-02-18,2026-02-18,FO,NSE,STO,147298,,OIL,,2026-04-28,2026-04-28,570.0,CE,OIL26APR570CE,0.0,0.0,0.0,6.9,0.0,6.9,453.45,3.2,0,0,0,0.0,0,F1,1400,,,,,
2026-02-18,2026-02-18,FO,NSE,STO,123487,,OIL,,2026-02-24,2026-02-24,420.0,PE,OIL26FEB420PE,0.85,1.3,0.35,0.4,0.35,0.6,453.45,0.4,191800,-47600,215,126679070.0,189,F1,1400,,,,,
2026-02-18,2026-02-18,FO,NSE,STO,147277,,OIL,,2026-04-28,2026-04-28,460.0,PE,OIL26APR460PE,0.0,0.0,0.0,38.65,0.0,38.65,453.45,29.8,0,0,0,0.0,0,F1,1400,,,,,
2026-02-18,2026-02-18,FO,NSE,STO,147261,,OIL,,2026-04-28,2026-04-28,420.0,PE,OIL26APR420PE,0.0,0.0,0.0,20.1,0.0,20.1,453.45,12.75,0,0,0,0.0,0,F1,1400,,,,,
2026-02-18,2026-02-18,FO,NSE,STO,146334,,OIL,,2026-03-30,2026-03-30,540.0,PE,OIL26MAR540PE,0.0,0.0,0.0,125.05,0.0,125.05,453.45,85.55,0,0,0,0.0,0,F1,1400,,,,,
2026-02-18,2026-02-18,FO,NSE,STF,59438,,OIL,,2026-02-24,2026-02-24,,,OIL26FEBFUT,455.0,457.15,445.85,454.05,454.3,457.85,453.45,454.05,19524400,-530600,2951,1859808230.0,2721,F1,1400,,,,,
2026-02-18,2026-02-18,FO,NSE,STO,146338,,OIL,,2026-03-30,2026-03-30,580.0,PE,OIL26MAR580PE,0.0,0.0,0.0,162.05,0.0,162.05,453.45,123.65,0,0,0,0.0,0,F1,1400,,,,,
2026-02-18,2026-02-18,FO,NSE,STO,147243,,OIL,,2026-04-28,2026-04-28,410.0,PE,OIL26APR410PE,0.0,0.0,0.0,16.55,0.0,16.55,453.45,9.85,0,0,0,0.0,0,F1,1400,,,,,
2026-02-18,2026-02-18,FO,NSE,STO,146330,,OIL,,2026-03-30,2026-03-30,520.0,PE,OIL26MAR520PE,0.0,0.0,0.0,58.0,58.0,58.0,453.45,67.65,37800,0,0,0.0,0,F1,1400,,,,,
2026-02-18,2026-02-18,FO,NSE,STO,147087,,OIL,,2026-03-30,2026-03-30,435.0,PE,OIL26MAR435PE,0.0,0.0,0.0,21.15,0.0,21.15,453.45,12.55,0,0,0,0.0,0,F1,1400,,,,,
2026-02-18,2026-02-18,FO,NSE,STO,126248,,PHOENIXLTD,,2026-02-24,2026-02-24,1800.0,CE,PHOENIXLTD26FEB1800CE,8.05,12.3,4.75,10.05,8.0,10.7,1770.4,10.05,109200,-7350,666,421132442.5,516,F1,350,,,,,
2026-02-18,2026-02-18,FO,NSE,STO,150125,,PHOENIXLTD,,2026-02-24,2026-02-24,1740.0,CE,PHOENIXLTD26FEB1740CE,30.0,45.0,20.9,39.75,38.6,39.85,1770.4,39.75,47950,1400,156,96538260.0,82,F1,350,,,,,
2026-02-18,2026-02-18,FO,NSE,STO,126242,,PHOENIXLTD,,2026-02-24,2026-02-24,1680.0,CE,PHOENIXLTD26FEB1680CE,0.0,0.0,0.0,64.4,64.55,64.4,1770.4,95.5,11200,0,0,0.0,0,F1,350,,,,,
2026-02-18,2026-02-18,FO,NSE,STO,150119,,PHOENIXLTD,,2026-02-24,2026-02-24,1620.0,CE,PHOENIXLTD26FEB1620CE,0.0,0.0,0.0,132.05,132.05,132.05,1770.4,152.3,23800,0,0,0.0,0,F1,350,,,,,
2026-02-18,2026-02-18,FO,NSE,STO,150321,,PHOENIXLTD,,2026-04-28,2026-04-28,1800.0,PE,PHOENIXLTD26APR1800PE,0.0,0.0,0.0,160.85,0.0,160.85,1770.4,106.9,0,0,0,0.0,0,F1,350,,,,,
2026-02-18,2026-02-18,FO,NSE,STO,150309,,PHOENIXLTD,,2026-04-28,2026-04-28,1560.0,PE,PHOENIXLTD26APR1560PE,0.0,0.0,0.0,54.45,0.0,54.45,1770.4,21.35,0,0,0,0.0,0,F1,350,,,,,
2026-02-18,2026-02-18,FO,NSE,STO,150288,,PHOENIXLTD,,2026-03-30,2026-03-30,2040.0,PE,PHOENIXLTD26MAR2040PE,0.0,0.0,0.0,246.25,0.0,246.25,1770.4,267.9,0,0,0,0.0,0,F1,350,,,,,
2026-02-18,2026-02-18,FO,NSE,STO,150284,,PHOENIXLTD,,2026-03-30,2026-03-30,1960.0,PE,PHOENIXLTD26MAR1960PE,0.0,0.0,0.0,194.35,0.0,194.35,1770.4,198.95,0,0,0,0.0,0,F1,350,,,,,
2026-02-18,2026-02-18,FO,NSE,STO,150264,,PHOENIXLTD,,2026-03-30,2026-03-30,1560.0,PE,PHOENIXLTD26MAR1560PE,7.05,7.05,7.05,7.05,7.05,17.4,1770.4,9.8,3850,-1050,3,1645402.5,2,F1,350,,,,,
2026-02-18,2026-02-18,FO,NSE,STO,150260,,PHOENIXLTD,,2026-03-30,2026-03-30,1480.0,PE,PHOENIXLTD26MAR1480PE,0.0,0.0,0.0,16.2,16.2,16.2,1770.4,3.2,3150,0,0,0.0,0,F1,350,,,,,
2026-02-18,2026-02-18,FO,NSE,STO,150203,,PHOENIXLTD,,2026-03-30,2026-03-30,1900.0,PE,PHOENIXLTD26MAR1900PE,0.0,0.0,0.0,208.35,0.0,208.35,1770.4,152.15,0,0,0,0.0,0,F1,350,,,,,
2026-02-18,2026-02-18,FO,NSE,STO,126258,,PHOENIXLTD,,2026-02-24,2026-02-24,1960.0,CE,PHOENIXLTD26FEB1960CE,0.0,0.0,0.0,1.65,1.65,1.65,1770.4,0.2,10850,0,0,0.0,0,F1,350,,,,,
2026-02-18,2026-02-18,FO,NSE,STO,150139,,PHOENIXLTD,,2026-02-24,2026-02-24,2020.0,CE,PHOENIXLTD26FEB2020CE,0.0,0.0,0.0,10.3,10.3,10.3,1770.4,0.05,1050,0,0,0.0,0,F1,350,,,,,
2026-02-18,2026-02-18,FO,NSE,STO,126363,,PHOENIXLTD,,2026-02-24,2026-02-24,2160.0,CE,PHOENIXLTD26FEB2160CE,0.0,0.0,0.0,0.5,0.5,0.5,1770.4,0.05,1050,0,0,0.0,0,F1,350,,,,,
2026-02-18,2026-02-18,FO,NSE,STO,150265,,PHOENIXLTD,,2026-03-30,2026-03-30,1600.0,CE,PHOENIXLTD26MAR1600CE,175.85,175.85,175.85,175.85,175.85,316.45,1770.4,195.7,1050,1050,3,1864642.5,1,F1,350,,,,,
2026-02-18,2026-02-18,FO,NSE,STO,150202,,PHOENIXLTD,,2026-03-30,2026-03-30,1900.0,CE,PHOENIXLTD26MAR1900CE,0.0,0.0,0.0,56.55,0.0,56.55,1770.4,33.95,0,0,0,0.0,0,F1,350,,,,,
2026-02-18,2026-02-18,FO,NSE,STO,150308,,PHOENIXLTD,,2026-04-28,2026-04-28,1560.0,CE,PHOENIXLTD26APR1560CE,0.0,0.0,0.0,246.65,0.0,246.65,1770.4,247.9,0,0,0,0.0,0,F1,350,,,,,
2026-02-18,2026-02-18,FO,NSE,STO,150112,,PHOENIXLTD,,2026-02-24,2026-02-24,1460.0,PE,PHOENIXLTD26FEB1460PE,0.0,0.0,0.0,6.7,0.0,6.7,1770.4,0.05,0,0,0,0.0,0,F1,350,,,,,
2026-02-18,2026-02-18,FO,NSE,STO,150120,,PHOENIXLTD,,2026-02-24,2026-02-24,1620.0,PE,PHOENIXLTD26FEB1620PE,0.0,0.0,0.0,1.8,1.8,1.8,1770.4,0.45,10850,0,0,0.0,0,F1,350,,,,,
2026-02-18,2026-02-18,FO,NSE,STO,126241,,PHOENIXLTD,,2026-02-24,2026-02-24,1640.0,PE,PHOENIXLTD26FEB1640PE,0.0,0.0,0.0,1.7,1.65,1.7,1770.4,0.95,23100,0,0,0.0,0,F1,350,,,,,
2026-02-18,2026-02-18,FO,NSE,STO,150199,,PHOENIXLTD,,2026-03-30,2026-03-30,1820.0,PE,PHOENIXLTD26MAR1820PE,0.0,0.0,0.0,154.6,0.0,154.6,1770.4,98.6,0,0,0,0.0,0,F1,350,,,,,
2026-02-18,2026-02-18,FO,NSE,STO,150290,,PHOENIXLTD,,2026-03-30,2026-03-30,2080.0,PE,PHOENIXLTD26MAR2080PE,0.0,0.0,0.0,274.3,0.0,274.3,1770.4,304.35,0,0,0,0.0,0,F1,350,,,,,
2026-02-18,2026-02-18,FO,NSE,STO,150323,,PHOENIXLTD,,2026-04-28,2026-04-28,1840.0,PE,PHOENIXLTD26APR1840PE,0.0,0.0,0.0,184.9,0.0,184.9,1770.4,129.7,0,0,0,0.0,0,F1,350,,,,,
2026-02-18,2026-02-18,FO,NSE,STO,150307,,PHOENIXLTD,,2026-04-28,2026-04-28,1520.0,PE,PHOENIXLTD26APR1520PE,0.0,0.0,0.0,43.2,0.0,43.2,1770.4,14.85,0,0,0,0.0,0,F1,350,,,,,
2026-02-18,2026-02-18,FO,NSE,STO,126267,,PHOENIXLTD,,2026-02-24,2026-02-24,2080.0,PE,PHOENIXLTD26FEB2080PE,0.0,0.0,0.0,366.05,0.0,366.05,1770.4,307.7,0,0,0,0.0,0,F1,350,,,,,
2026-02-18,2026-02-18,FO,NSE,STO,126243,,PHOENIXLTD,,2026-02-24,2026-02-24,1680.0,PE,PHOENIXLTD26FEB1680PE,2.55,4.7,1.55,1.65,1.6,2.85,1770.4,1.65,225750,0,420,247374470.0,326,F1,350,,,,,
2026-02-18,2026-02-18,FO,NSE,STO,150200,,PHOENIXLTD,,2026-03-30,2026-03-30,1860.0,CE,PHOENIXLTD26MAR1860CE,0.0,0.0,0.0,68.3,0.0,68.3,1770.4,45.55,0,0,0,0.0,0,F1,350,,,,,
2026-02-18,2026-02-18,FO,NSE,STO,150184,,PHOENIXLTD,,2026-03-30,2026-03-30,1540.0,CE,PHOENIXLTD26MAR1540CE,0.0,0.0,0.0,237.8,0.0,237.8,1770.4,247.25,0,0,0,0.0,0,F1,350,,,,,
2026-02-18,2026-02-18,FO,NSE,STO,126264,,PHOENIXLTD,,2026-02-24,2026-02-24,2080.0,CE,PHOENIXLTD26FEB2080CE,0.0,0.0,0.0,10.4,10.4,10.4,1770.4,0.05,1750,0,0,0.0,0,F1,350,,,,,
2026-02-18,2026-02-18,FO,NSE,STO,150122,,PHOENIXLTD,,2026-02-24,2026-02-24,1660.0,PE,PHOENIXLTD26FEB1660PE,1.4,3.05,1.25,1.35,1.5,2.25,1770.4,1.35,57750,-5600,234,136137557.5,232,F1,350,,,,,
2026-02-18,2026-02-18,FO,NSE,STF,59447,,PHOENIXLTD,,2026-02-24,2026-02-24,,,PHOENIXLTD26FEBFUT,1773.9,1782.0,1736.2,1773.1,1762.2,1767.3,1770.4,1773.1,4705400,-103250,935,575178555.0,830,F1,350,,,,,
2026-02-18,2026-02-18,FO,NSE,STO,126246,,PHOENIXLTD,,2026-02-24,2026-02-24,1760.0,CE,PHOENIXLTD26FEB1760CE,27.0,32.1,12.45,26.65,21.9,26.3,1770.4,26.65,86800,700,247,153697705.0,162,F1,350,,,,,
2026-02-18,2026-02-18,FO,NSE,STO,150129,,PHOENIXLTD,,2026-02-24,2026-02-24,1820.0,CE,PHOENIXLTD26FEB1820CE,2.95,6.55,2.9,5.5,4.5,6.55,1770.4,5.5,229600,0,357,227923307.5,173,F1,350,,,,,
2026-02-18,2026-02-18,FO,NSE,STO,126252,,PHOENIXLTD,,2026-02-24,2026-02-24,1880.0,CE,PHOENIXLTD26FEB1880CE,1.9,1.9,1.0,1.45,1.25,1.95,1770.4,1.45,46900,-1750,175,115229082.5,171,F1,350,,,,,
2026-02-18,2026-02-18,FO,NSE,STO,126260,,PHOENIXLTD,,2026-02-24,2026-02-24,2000.0,CE,PHOENIXLTD26FEB2000CE,0.0,0.0,0.0,0.95,1.35,0.95,1770.4,0.05,16800,0,0,0.0,0,F1,350,,,,,
2026-02-18,2026-02-18,FO,NSE,STO,150251,,PHOENIXLTD,,2026-03-30,2026-03-30,1400.0,CE,PHOENIXLTD26MAR1400CE,0.0,0.0,0.0,482.55,0.0,482.55,1770.4,379.65,0,0,0,0.0,0,F1,350,,,,,
2026-02-18,2026-02-18,FO,NSE,STO,150180,,PHOENIXLTD,,2026-03-30,2026-03-30,1460.0,CE,PHOENIXLTD26MAR1460CE,0.0,0.0,0.0,301.3,0.0,301.3,1770.4,321.5,0,0,0,0.0,0,F1,350,,,,,
2026-02-18,2026-02-18,FO,NSE,STO,150275,,PHOENIXLTD,,2026-03-30,2026-03-30,1800.0,CE,PHOENIXLTD26MAR1800CE,40.45,50.0,40.45,48.8,48.1,45.85,1770.4,48.8,7700,3150,11,7104545.0,11,F1,350,,,,,
2026-02-18,2026-02-18,FO,NSE,STO,150195,,PHOENIXLTD,,2026-03-30,2026-03-30,1740.0,PE,PHOENIXLTD26MAR1740PE,0.0,0.0,0.0,108.8,0.0,108.8,1770.4,57.35,0,0,0,0.0,0,F1,350,,,,,
2026-02-18,2026-02-18,FO,NSE,STO,150191,,PHOENIXLTD,,2026-03-30,2026-03-30,1660.0,PE,PHOENIXLTD26MAR1660PE,0.0,0.0,0.0,66.55,66.55,66.55,1770.4,29.1,350,0,0,0.0,0,F1,350,,,,,
2026-02-18,2026-02-18,FO,NSE,STO,150266,,PHOENIXLTD,,2026-03-30,2026-03-30,1600.0,PE,PHOENIXLTD26MAR1600PE,10.75,10.75,10.75,10.75,10.75,10.75,1770.4,15.7,3500,350,1,563762.5,1,F1,350,,,,,
2026-02-18,2026-02-18,FO,NSE,STO,150262,,PHOENIXLTD,,2026-03-30,2026-03-30,1520.0,PE,PHOENIXLTD26MAR1520PE,0.0,0.0,0.0,8.0,8.0,8.0,1770.4,5.8,1400,0,0,0.0,0,F1,350,,,,,
2026-02-18,2026-02-18,FO,NSE,STO,150130,,PHOENIXLTD,,2026-02-24,2026-02-24,1820.0,PE,PHOENIXLTD26FEB1820PE,0.0,0.0,0.0,55.5,55.9,55.5,1770.4,60.05,9800,0,0,0.0,0,F1,350,,,,,
2026-02-18,2026-02-18,FO,NSE,STO,150118,,PHOENIXLTD,,2026-02-24,2026-02-24,1580.0,PE,PHOENIXLTD26FEB1580PE,0.6,1.55,0.6,0.9,0.9,1.4,1770.4,0.9,9100,350,72,39848060.0,70,F1,350,,,,,
2026-02-18,2026-02-18,FO,NSE,STO,126227,,PHOENIXLTD,,2026-02-24,2026-02-24,1360.0,PE,PHOENIXLTD26FEB1360PE,0.0,0.0,0.0,2.5,2.5,2.5,1770.4,0.05,2800,0,0,0.0,0,F1,350,,,,,
2026-02-18,2026-02-18,FO,NSE,STO,150330,,PHOENIXLTD,,2026-04-28,2026-04-28,2000.0,CE,PHOENIXLTD26APR2000CE,0.0,0.0,0.0,55.5,0.0,55.5,1770.4,33.35,0,0,0,0.0,0,F1,350,,,,,
2026-02-18,2026-02-18,FO,NSE,STO,150267,,PHOENIXLTD,,2026-03-30,2026-03-30,1640.0,CE,PHOENIXLTD26MAR1640CE,0.0,0.0,0.0,287.4,0.0,287.4,1770.4,164.2,0,0,0,0.0,0,F1,350,,,,,
2026-02-18,2026-02-18,FO,NSE,STO,150145,,PHOENIXLTD,,2026-02-24,2026-02-24,2140.0,CE,PHOENIXLTD26FEB2140CE,0.0,0.0,0.0,1.0,1.0,1.0,1770.4,0.05,0,0,0,0.0,0,F1,350,,,,,
2026-02-18,2026-02-18,FO,NSE,STO,126262,,PHOENIXLTD,,2026-02-24,2026-02-24,2040.0,CE,PHOENIXLTD26FEB2040CE,0.0,0.0,0.0,0.7,0.7,0.7,1770.4,0.05,700,0,0,0.0,0,F1,350,,,,,
2026-02-18,2026-02-18,FO,NSE,STO,126256,,PHOENIXLTD,,2026-02-24,2026-02-24,1920.0,CE,PHOENIXLTD26FEB1920CE,0.0,0.0,0.0,1.1,1.0,1.1,1770.4,0.85,15400,0,0,0.0,0,F1,350,,,,,
2026-02-18,2026-02-18,FO,NSE,STO,150133,,PHOENIXLTD,,2026-02-24,2026-02-24,1900.0,CE,PHOENIXLTD26FEB1900CE,1.15,1.5,0.85,1.35,1.05,1.5,1770.4,1.35,92750,-7000,113,75191375.0,104,F1,350,,,,,
2026-02-18,2026-02-18,FO,NSE,STO,126234,,PHOENIXLTD,,2026-02-24,2026-02-24,1520.0,CE,PHOENIXLTD26FEB1520CE,0.0,0.0,0.0,284.95,0.0,284.95,1770.4,251.8,0,0,0,0.0,0,F1,350,,,,,
2026-02-18,2026-02-18,FO,NSE,STF,66968,,PHOENIXLTD,,2026-04-28,2026-04-28,,,PHOENIXLTD26APRFUT,1754.7,1774.0,1754.7,1774.0,1774.0,1745.7,1770.4,1788.9,3850,350,2,1235045.0,2,F1,350,,,,,
2026-02-18,2026-02-18,FO,NSE,STO,150313,,PHOENIXLTD,,2026-04-28,2026-04-28,1640.0,PE,PHOENIXLTD26APR1640PE,0.0,0.0,0.0,82.4,0.0,82.4,1770.4,40.4,0,0,0,0.0,0,F1,350,,,,,
2026-02-18,2026-02-18,FO,NSE,STO,150280,,PHOENIXLTD,,2026-03-30,2026-03-30,1880.0,PE,PHOENIXLTD26MAR1880PE,0.0,0.0,0.0,148.5,0.0,148.5,1770.4,137.75,0,0,0,0.0,0,F1,350,,,,,
2026-02-18,2026-02-18,FO,NSE,STO,150274,,PHOENIXLTD,,2026-03-30,2026-03-30,1760.0,PE,PHOENIXLTD26MAR1760PE,0.0,0.0,0.0,116.5,116.5,116.5,1770.4,66.45,350,0,0,0.0,0,F1,350,,,,,
2026-02-18,2026-02-18,FO,NSE,STO,150314,,PHOENIXLTD,,2026-04-28,2026-04-28,1680.0,CE,PHOENIXLTD26APR1680CE,0.0,0.0,0.0,173.25,0.0,173.25,1770.4,161.1,0,0,0,0.0,0,F1,350,,,,,
2026-02-18,2026-02-18,FO,NSE,STO,126239,,PHOENIXLTD,,2026-02-24,2026-02-24,1600.0,PE,PHOENIXLTD26FEB1600PE,1.3,1.55,1.0,1.1,1.1,1.45,1770.4,1.1,43050,-1750,69,38672357.5,69,F1,350,,,,,
2026-02-18,2026-02-18,FO,NSE,STO,126251,,PHOENIXLTD,,2026-02-24,2026-02-24,1840.0,PE,PHOENIXLTD26FEB1840PE,0.0,0.0,0.0,91.8,91.8,91.8,1770.4,75.7,1750,0,0,0.0,0,F1,350,,,,,
2026-02-18,2026-02-18,FO,NSE,STO,150132,,PHOENIXLTD,,2026-02-24,2026-02-24,1860.0,PE,PHOENIXLTD26FEB1860PE,0.0,0.0,0.0,112.35,0.0,112.35,1770.4,92.7,0,0,0,0.0,0,F1,350,,,,,
2026-02-18,2026-02-18,FO,NSE,STO,150317,,PHOENIXLTD,,2026-04-28,2026-04-28,1720.0,PE,PHOENIXLTD26APR1720PE,0.0,0.0,0.0,117.95,0.0,117.95,1770.4,68.65,0,0,0,0.0,0,F1,350,,,,,
2026-02-18,2026-02-18,FO,NSE,STO,150205,,PHOENIXLTD,,2026-03-30,2026-03-30,1940.0,PE,PHOENIXLTD26MAR1940PE,0.0,0.0,0.0,238.0,0.0,238.0,1770.4,182.8,0,0,0,0.0,0,F1,350,,,,,
2026-02-18,2026-02-18,FO,NSE,STO,150201,,PHOENIXLTD,,2026-03-30,2026-03-30,1860.0,PE,PHOENIXLTD26MAR1860PE,0.0,0.0,0.0,180.55,0.0,180.55,1770.4,124.0,0,0,0,0.0,0,F1,350,,,,,
2026-02-18,2026-02-18,FO,NSE,STO,150252,,PHOENIXLTD,,2026-03-30,2026-03-30,1400.0,PE,PHOENIXLTD26MAR1400PE,0.0,0.0,0.0,5.7,5.7,5.7,1770.4,0.8,700,0,0,0.0,0,F1,350,,,,,
2026-02-18,2026-02-18,FO,NSE,STO,126257,,PHOENIXLTD,,2026-02-24,2026-02-24,1920.0,PE,PHOENIXLTD26FEB1920PE,0.0,0.0,0.0,209.15,209.15,209.15,1770.4,148.7,700,0,0,0.0,0,F1,350,,,,,
2026-02-18,2026-02-18,FO,NSE,STO,150140,,PHOENIXLTD,,2026-02-24,2026-02-24,2020.0,PE,PHOENIXLTD26FEB2020PE,0.0,0.0,0.0,280.3,280.3,280.3,1770.4,247.8,2100,0,0,0.0,0,F1,350,,,,,
2026-02-18,2026-02-18,FO,NSE,STO,126228,,PHOENIXLTD,,2026-02-24,2026-02-24,1400.0,CE,PHOENIXLTD26FEB1400CE,0.0,0.0,0.0,376.8,0.0,376.8,1770.4,371.65,0,0,0,0.0,0,F1,350,,,,,
2026-02-18,2026-02-18,FO,NSE,STO,150127,,PHOENIXLTD,,2026-02-24,2026-02-24,1780.0,CE,PHOENIXLTD26FEB1780CE,14.4,18.2,7.5,17.8,13.25,18.0,1770.4,17.8,81550,-7350,214,134277640.0,114,F1,350,,,,,
2026-02-18,2026-02-18,FO,NSE,STO,150192,,PHOENIXLTD,,2026-03-30,2026-03-30,1700.0,CE,PHOENIXLTD26MAR1700CE,0.0,0.0,0.0,86.0,86.0,86.0,1770.4,122.25,92050,0,0,0.0,0,F1,350,,,,,
2026-02-18,2026-02-18,FO,NSE,STO,150273,,PHOENIXLTD,,2026-03-30,2026-03-30,1760.0,CE,PHOENIXLTD26MAR1760CE,61.0,61.0,61.0,61.0,61.0,67.0,1770.4,87.4,1400,0,1,637350.0,1,F1,350,,,,,
2026-02-18,2026-02-18,FO,NSE,STO,126367,,PHOENIXLTD,,2026-02-24,2026-02-24,2240.0,CE,PHOENIXLTD26FEB2240CE,0.05,0.05,0.05,0.05,0.05,0.3,1770.4,0.05,21350,0,15,11760262.5,9,F1,350,,,,,
2026-02-18,2026-02-18,FO,NSE,STO,150328,,PHOENIXLTD,,2026-04-28,2026-04-28,1960.0,CE,PHOENIXLTD26APR1960CE,0.0,0.0,0.0,64.8,0.0,64.8,1770.4,41.95,0,0,0,0.0,0,F1,350,,,,,
2026-02-18,2026-02-18,FO,NSE,STO,150315,,PHOENIXLTD,,2026-04-28,2026-04-28,1680.0,PE,PHOENIXLTD26APR1680PE,0.0,0.0,0.0,99.25,0.0,99.25,1770.4,53.3,0,0,0,0.0,0,F1,350,,,,,
2026-02-18,2026-02-18,FO,NSE,STO,150237,,PHOENIXLTD,,2026-04-28,2026-04-28,1360.0,PE,PHOENIXLTD26APR1360PE,0.0,0.0,0.0,13.95,0.0,13.95,1770.4,2.35,0,0,0,0.0,0,F1,350,,,,,
2026-02-18,2026-02-18,FO,NSE,STO,150272,,PHOENIXLTD,,2026-03-30,2026-03-30,1720.0,PE,PHOENIXLTD26MAR1720PE,0.0,0.0,0.0,58.15,58.15,58.15,1770.4,49.1,0,0,0,0.0,0,F1,350,,,,,
2026-02-18,2026-02-18,FO,NSE,STO,126247,,PHOENIXLTD,,2026-02-24,2026-02-24,1760.0,PE,PHOENIXLTD26FEB1760PE,23.8,34.5,13.9,13.95,13.9,18.9,1770.4,13.95,37100,-6650,229,143037492.5,120,F1,350,,,,,
2026-02-18,2026-02-18,FO,NSE,STO,150281,,PHOENIXLTD,,2026-03-30,2026-03-30,1920.0,CE,PHOENIXLTD26MAR1920CE,0.0,0.0,0.0,130.65,0.0,130.65,1770.4,29.15,0,0,0,0.0,0,F1,350,,,,,
2026-02-18,2026-02-18,FO,NSE,STO,150268,,PHOENIXLTD,,2026-03-30,2026-03-30,1640.0,PE,PHOENIXLTD26MAR1640PE,0.0,0.0,0.0,53.45,53.45,53.45,1770.4,23.95,350,0,0,0.0,0,F1,350,,,,,
2026-02-18,2026-02-18,FO,NSE,STO,150197,,PHOENIXLTD,,2026-03-30,2026-03-30,1780.0,PE,PHOENIXLTD26MAR1780PE,0.0,0.0,0.0,130.65,0.0,130.65,1770.4,76.35,0,0,0,0.0,0,F1,350,,,,,
2026-02-18,2026-02-18,FO,NSE,STO,126366,,PHOENIXLTD,,2026-02-24,2026-02-24,2200.0,PE,PHOENIXLTD26FEB2200PE,0.0,0.0,0.0,439.8,439.8,439.8,1770.4,427.6,2100,0,0,0.0,0,F1,350,,,,,
2026-02-18,2026-02-18,FO,NSE,STO,150134,,PHOENIXLTD,,2026-02-24,2026-02-24,1900.0,PE,PHOENIXLTD26FEB1900PE,0.0,0.0,0.0,190.9,190.9,190.9,1770.4,129.45,3850,0,0,0.0,0,F1,350,,,,,
2026-02-18,2026-02-18,FO,NSE,STO,150128,,PHOENIXLTD,,2026-02-24,2026-02-24,1780.0,PE,PHOENIXLTD26FEB1780PE,37.0,48.65,24.95,24.95,24.95,29.5,1770.4,24.95,23100,-5250,36,22907045.0,17,F1,350,,,,,
2026-02-18,2026-02-18,FO,NSE,STO,126233,,PHOENIXLTD,,2026-02-24,2026-02-24,1480.0,PE,PHOENIXLTD26FEB1480PE,0.3,1.05,0.3,1.05,1.05,40.0,1770.4,0.05,700,700,7,3627995.0,7,F1,350,,,,,
2026-02-18,2026-02-18,FO,NSE,STO,150250,,PHOENIXLTD,,2026-03-30,2026-03-30,1360.0,PE,PHOENIXLTD26MAR1360PE,0.0,0.0,0.0,7.2,0.0,7.2,1770.4,0.35,0,0,0,0.0,0,F1,350,,,,,
2026-02-18,2026-02-18,FO,NSE,STO,126231,,PHOENIXLTD,,2026-02-24,2026-02-24,1440.0,PE,PHOENIXLTD26FEB1440PE,0.0,0.0,0.0,0.65,0.65,0.65,1770.4,0.05,16100,0,0,0.0,0,F1,350,,,,,
2026-02-18,2026-02-18,FO,NSE,STO,126229,,PHOENIXLTD,,2026-02-24,2026-02-24,1400.0,PE,PHOENIXLTD26FEB1400PE,0.0,0.0,0.0,24.0,0.0,24.0,1770.4,0.05,0,0,0,0.0,0,F1,350,,,,,
2026-02-18,2026-02-18,FO,NSE,STO,150326,,PHOENIXLTD,,2026-04-28,2026-04-28,1920.0,CE,PHOENIXLTD26APR1920CE,0.0,0.0,0.0,75.55,0.0,75.55,1770.4,52.35,0,0,0,0.0,0,F1,350,,,,,
2026-02-18,2026-02-18,FO,NSE,STO,150324,,PHOENIXLTD,,2026-04-28,2026-04-28,1880.0,CE,PHOENIXLTD26APR1880CE,0.0,0.0,0.0,87.7,0.0,87.7,1770.4,64.65,0,0,0,0.0,0,F1,350,,,,,
2026-02-18,2026-02-18,FO,NSE,STO,150240,,PHOENIXLTD,,2026-04-28,2026-04-28,1440.0,CE,PHOENIXLTD26APR1440CE,0.0,0.0,0.0,336.0,0.0,336.0,1770.4,351.7,0,0,0,0.0,0,F1,350,,,,,
2026-02-18,2026-02-18,FO,NSE,STO,150123,,PHOENIXLTD,,2026-02-24,2026-02-24,1700.0,CE,PHOENIXLTD26FEB1700CE,45.0,70.05,45.0,70.05,70.05,72.15,1770.4,78.25,28700,-700,12,7366607.5,8,F1,350,,,,,
2026-02-18,2026-02-18,FO,NSE,STO,150282,,PHOENIXLTD,,2026-03-30,2026-03-30,1920.0,PE,PHOENIXLTD26MAR1920PE,0.0,0.0,0.0,233.95,233.95,233.95,1770.4,167.2,700,0,0,0.0,0,F1,350,,,,,
2026-02-18,2026-02-18,FO,NSE,STO,150241,,PHOENIXLTD,,2026-04-28,2026-04-28,1440.0,PE,PHOENIXLTD26APR1440PE,0.0,0.0,0.0,25.65,0.0,25.65,1770.4,6.4,0,0,0,0.0,0,F1,350,,,,,
2026-02-18,2026-02-18,FO,NSE,STO,126236,,PHOENIXLTD,,2026-02-24,2026-02-24,1560.0,CE,PHOENIXLTD26FEB1560CE,0.0,0.0,0.0,117.75,117.75,117.75,1770.4,211.85,1750,0,0,0.0,0,F1,350,,,,,
2026-02-18,2026-02-18,FO,NSE,STO,150121,,PHOENIXLTD,,2026-02-24,2026-02-24,1660.0,CE,PHOENIXLTD26FEB1660CE,0.0,0.0,0.0,107.8,107.8,107.8,1770.4,113.8,22750,0,0,0.0,0,F1,350,,,,,
2026-02-18,2026-02-18,FO,NSE,STO,150116,,PHOENIXLTD,,2026-02-24,2026-02-24,1540.0,PE,PHOENIXLTD26FEB1540PE,0.0,0.0,0.0,1.9,1.9,1.9,1770.4,0.05,21700,0,0,0.0,0,F1,350,,,,,
2026-02-18,2026-02-18,FO,NSE,STO,150126,,PHOENIXLTD,,2026-02-24,2026-02-24,1740.0,PE,PHOENIXLTD26FEB1740PE,15.0,23.45,6.35,7.65,9.15,11.95,1770.4,7.65,52150,9450,179,109966237.5,114,F1,350,,,,,
2026-02-18,2026-02-18,FO,NSE,STO,126259,,PHOENIXLTD,,2026-02-24,2026-02-24,1960.0,PE,PHOENIXLTD26FEB1960PE,0.0,0.0,0.0,80.45,80.45,80.45,1770.4,188.05,350,0,0,0.0,0,F1,350,,,,,
2026-02-18,2026-02-18,FO,NSE,STO,126263,,PHOENIXLTD,,2026-02-24,2026-02-24,2040.0,PE,PHOENIXLTD26FEB2040PE,0.0,0.0,0.0,334.5,0.0,334.5,1770.4,267.75,0,0,0,0.0,0,F1,350,,,,,
2026-02-18,2026-02-18,FO,NSE,STO,150258,,PHOENIXLTD,,2026-03-30,2026-03-30,1440.0,PE,PHOENIXLTD26MAR1440PE,0.0,0.0,0.0,12.05,12.05,12.05,1770.4,1.7,11900,0,0,0.0,0,F1,350,,,,,
2026-02-18,2026-02-18,FO,NSE,STO,150276,,PHOENIXLTD,,2026-03-30,2026-03-30,1800.0,PE,PHOENIXLTD26MAR1800PE,0.0,0.0,0.0,67.45,67.45,67.45,1770.4,87.1,79450,0,0,0.0,0,F1,350,,,,,
2026-02-18,2026-02-18,FO,NSE,STO,150193,,PHOENIXLTD,,2026-03-30,2026-03-30,1700.0,PE,PHOENIXLTD26MAR1700PE,25.8,25.8,22.0,22.2,22.4,32.5,1770.4,22.2,44450,-350,6,3619297.5,6,F1,350,,,,,
2026-02-18,2026-02-18,FO,NSE,STO,150189,,PHOENIXLTD,,2026-03-30,2026-03-30,1620.0,PE,PHOENIXLTD26MAR1620PE,0.0,0.0,0.0,43.1,43.1,43.1,1770.4,19.5,350,0,0,0.0,0,F1,350,,,,,
2026-02-18,2026-02-18,FO,NSE,STO,150187,,PHOENIXLTD,,2026-03-30,2026-03-30,1580.0,PE,PHOENIXLTD26MAR1580PE,9.45,9.45,8.45,8.45,8.45,16.85,1770.4,12.45,1400,1050,5,2780907.5,4,F1,350,,,,,
2026-02-18,2026-02-18,FO,NSE,STO,150183,,PHOENIXLTD,,2026-03-30,2026-03-30,1500.0,PE,PHOENIXLTD26MAR1500PE,4.85,5.0,4.0,4.0,4.0,4.2,1770.4,4.35,4900,3850,11,5792990.0,10,F1,350,,,,,
2026-02-18,2026-02-18,FO,NSE,STO,150181,,PHOENIXLTD,,2026-03-30,2026-03-30,1460.0,PE,PHOENIXLTD26MAR1460PE,0.0,0.0,0.0,10.5,10.5,10.5,1770.4,2.35,1400,0,0,0.0,0,F1,350,,,,,
2026-02-18,2026-02-18,FO,NSE,STF,52005,,PHOENIXLTD,,2026-03-30,2026-03-30,,,PHOENIXLTD26MARFUT,1768.8,1790.0,1746.8,1783.2,1769.4,1776.3,1770.4,1783.2,182700,93100,624,386396675.0,560,F1,350,,,,,
2026-02-18,2026-02-18,FO,NSE,STO,126230,,PHOENIXLTD,,2026-02-24,2026-02-24,1440.0,CE,PHOENIXLTD26FEB1440CE,0.0,0.0,0.0,344.7,0.0,344.7,1770.4,331.7,0,0,0,0.0,0,F1,350,,,,,
2026-02-18,2026-02-18,FO,NSE,STO,126232,,PHOENIXLTD,,2026-02-24,2026-02-24,1480.0,CE,PHOENIXLTD26FEB1480CE,0.0,0.0,0.0,314.0,0.0,314.0,1770.4,291.75,0,0,0,0.0,0,F1,350,,,,,
2026-02-18,2026-02-18,FO,NSE,STO,150115,,PHOENIXLTD,,2026-02-24,2026-02-24,1540.0,CE,PHOENIXLTD26FEB1540CE,0.0,0.0,0.0,340.2,0.0,340.2,1770.4,231.8,0,0,0,0.0,0,F1,350,,,,,
2026-02-18,2026-02-18,FO,NSE,STO,150117,,PHOENIXLTD,,2026-02-24,2026-02-24,1580.0,CE,PHOENIXLTD26FEB1580CE,0.0,0.0,0.0,96.9,96.9,96.9,1770.4,191.9,1750,0,0,0.0,0,F1,350,,,,,
2026-02-18,2026-02-18,FO,NSE,STO,126238,,PHOENIXLTD,,2026-02-24,2026-02-24,1600.0,CE,PHOENIXLTD26FEB1600CE,0.0,0.0,0.0,127.45,138.4,127.45,1770.4,172.05,4550,0,0,0.0,0,F1,350,,,,,
2026-02-18,2026-02-18,FO,NSE,STO,126240,,PHOENIXLTD,,2026-02-24,2026-02-24,1640.0,CE,PHOENIXLTD26FEB1640CE,0.0,0.0,0.0,123.2,123.2,123.2,1770.4,132.8,7700,0,0,0.0,0,F1,350,,,,,
2026-02-18,2026-02-18,FO,NSE,STO,126244,,PHOENIXLTD,,2026-02-24,2026-02-24,1720.0,CE,PHOENIXLTD26FEB1720CE,0.0,0.0,0.0,53.1,53.1,53.1,1770.4,62.35,17850,0,0,0.0,0,F1,350,,,,,
2026-02-18,2026-02-18,FO,NSE,STO,150137,,PHOENIXLTD,,2026-02-24,2026-02-24,1980.0,CE,PHOENIXLTD26FEB1980CE,0.6,0.9,0.4,0.5,0.5,0.8,1770.4,0.1,4900,-8400,136,94279955.0,110,F1,350,,,,,
2026-02-18,2026-02-18,FO,NSE,STO,126365,,PHOENIXLTD,,2026-02-24,2026-02-24,2200.0,CE,PHOENIXLTD26FEB2200CE,0.35,0.35,0.25,0.25,0.25,0.3,1770.4,0.05,6300,-5250,15,11551732.5,3,F1,350,,,,,
2026-02-18,2026-02-18,FO,NSE,STO,150182,,PHOENIXLTD,,2026-03-30,2026-03-30,1500.0,CE,PHOENIXLTD26MAR1500CE,250.15,250.15,250.15,250.15,250.15,268.65,1770.4,283.75,700,700,2,1225105.0,2,F1,350,,,,,
2026-02-18,2026-02-18,FO,NSE,STO,150194,,PHOENIXLTD,,2026-03-30,2026-03-30,1740.0,CE,PHOENIXLTD26MAR1740CE,69.4,75.05,66.4,75.05,75.05,69.4,1770.4,98.2,3500,2100,7,4441745.0,7,F1,350,,,,,
2026-02-18,2026-02-18,FO,NSE,STO,150185,,PHOENIXLTD,,2026-03-30,2026-03-30,1540.0,PE,PHOENIXLTD26MAR1540PE,0.0,0.0,0.0,14.7,14.7,14.7,1770.4,7.55,2800,0,0,0.0,0,F1,350,,,,,
2026-02-18,2026-02-18,FO,NSE,STO,150124,,PHOENIXLTD,,2026-02-24,2026-02-24,1700.0,PE,PHOENIXLTD26FEB1700PE,4.8,7.9,2.2,2.45,2.65,4.2,1770.4,2.45,140350,-1050,320,190932192.5,295,F1,350,,,,,
2026-02-18,2026-02-18,FO,NSE,STO,150114,,PHOENIXLTD,,2026-02-24,2026-02-24,1500.0,PE,PHOENIXLTD26FEB1500PE,0.0,0.0,0.0,0.75,0.75,0.75,1770.4,0.05,15750,0,0,0.0,0,F1,350,,,,,
2026-02-18,2026-02-18,FO,NSE,STO,150289,,PHOENIXLTD,,2026-03-30,2026-03-30,2080.0,CE,PHOENIXLTD26MAR2080CE,2.55,2.55,2.55,2.55,2.55,76.7,1770.4,7.25,700,700,2,1457785.0,1,F1,350,,,,,
2026-02-18,2026-02-18,FO,NSE,STO,150285,,PHOENIXLTD,,2026-03-30,2026-03-30,2000.0,CE,PHOENIXLTD26MAR2000CE,5.1,8.0,5.1,8.0,8.0,9.05,1770.4,8.0,2800,1400,6,4211777.5,3,F1,350,,,,,
2026-02-18,2026-02-18,FO,NSE,STO,150204,,PHOENIXLTD,,2026-03-30,2026-03-30,1940.0,CE,PHOENIXLTD26MAR1940CE,0.0,0.0,0.0,46.55,0.0,46.55,1770.4,24.85,0,0,0,0.0,0,F1,350,,,,,
2026-02-18,2026-02-18,FO,NSE,STO,150196,,PHOENIXLTD,,2026-03-30,2026-03-30,1780.0,CE,PHOENIXLTD26MAR1780CE,0.0,0.0,0.0,67.0,67.0,67.0,1770.4,77.45,700,0,0,0.0,0,F1,350,,,,,
2026-02-18,2026-02-18,FO,NSE,STO,150271,,PHOENIXLTD,,2026-03-30,2026-03-30,1720.0,CE,PHOENIXLTD26MAR1720CE,86.3,87.85,86.3,87.85,87.85,110.0,1770.4,109.8,2100,1750,5,3162057.5,5,F1,350,,,,,
2026-02-18,2026-02-18,FO,NSE,STO,150190,,PHOENIXLTD,,2026-03-30,2026-03-30,1660.0,CE,PHOENIXLTD26MAR1660CE,0.0,0.0,0.0,119.0,119.0,119.0,1770.4,149.45,350,0,0,0.0,0,F1,350,,,,,
2026-02-18,2026-02-18,FO,NSE,STO,150286,,PHOENIXLTD,,2026-03-30,2026-03-30,2000.0,PE,PHOENIXLTD26MAR2000PE,0.0,0.0,0.0,219.6,0.0,219.6,1770.4,232.65,0,0,0,0.0,0,F1,350,,,,,
2026-02-18,2026-02-18,FO,NSE,STO,150111,,PHOENIXLTD,,2026-02-24,2026-02-24,1460.0,CE,PHOENIXLTD26FEB1460CE,0.0,0.0,0.0,411.8,0.0,411.8,1770.4,311.7,0,0,0,0.0,0,F1,350,,,,,
2026-02-18,2026-02-18,FO,NSE,STO,150143,,PHOENIXLTD,,2026-02-24,2026-02-24,2100.0,CE,PHOENIXLTD26FEB2100CE,0.15,0.15,0.1,0.15,0.15,1.9,1770.4,0.05,5600,-1050,5,3675245.0,5,F1,350,,,,,
2026-02-18,2026-02-18,FO,NSE,STO,150259,,PHOENIXLTD,,2026-03-30,2026-03-30,1480.0,CE,PHOENIXLTD26MAR1480CE,0.0,0.0,0.0,412.5,0.0,412.5,1770.4,302.5,0,0,0,0.0,0,F1,350,,,,,
2026-02-18,2026-02-18,FO,NSE,STO,150319,,PHOENIXLTD,,2026-04-28,2026-04-28,1760.0,PE,PHOENIXLTD26APR1760PE,0.0,0.0,0.0,138.5,0.0,138.5,1770.4,86.55,0,0,0,0.0,0,F1,350,,,,,
2026-02-18,2026-02-18,FO,NSE,STO,150270,,PHOENIXLTD,,2026-03-30,2026-03-30,1680.0,PE,PHOENIXLTD26MAR1680PE,0.0,0.0,0.0,40.75,40.75,40.75,1770.4,35.0,350,0,0,0.0,0,F1,350,,,,,
2026-02-18,2026-02-18,FO,NSE,STO,150322,,PHOENIXLTD,,2026-04-28,2026-04-28,1840.0,CE,PHOENIXLTD26APR1840CE,0.0,0.0,0.0,101.4,0.0,101.4,1770.4,79.15,0,0,0,0.0,0,F1,350,,,,,
2026-02-18,2026-02-18,FO,NSE,STO,126237,,PHOENIXLTD,,2026-02-24,2026-02-24,1560.0,PE,PHOENIXLTD26FEB1560PE,0.0,0.0,0.0,1.3,1.3,1.3,1770.4,0.05,16100,0,0,0.0,0,F1,350,,,,,
2026-02-18,2026-02-18,FO,NSE,STO,126261,,PHOENIXLTD,,2026-02-24,2026-02-24,2000.0,PE,PHOENIXLTD26FEB2000PE,0.0,0.0,0.0,303.9,0.0,303.9,1770.4,227.85,0,0,0,0.0,0,F1,350,,,,,
2026-02-18,2026-02-18,FO,NSE,STO,150331,,PHOENIXLTD,,2026-04-28,2026-04-28,2000.0,PE,PHOENIXLTD26APR2000PE,0.0,0.0,0.0,296.6,0.0,296.6,1770.4,242.25,0,0,0,0.0,0,F1,350,,,,,
2026-02-18,2026-02-18,FO,NSE,STO,150113,,PHOENIXLTD,,2026-02-24,2026-02-24,1500.0,CE,PHOENIXLTD26FEB1500CE,0.0,0.0,0.0,375.4,0.0,375.4,1770.4,271.75,0,0,0,0.0,0,F1,350,,,,,
2026-02-18,2026-02-18,FO,NSE,STO,150253,,PHOENIXLTD,,2026-03-30,2026-03-30,1440.0,CE,PHOENIXLTD26MAR1440CE,0.0,0.0,0.0,447.0,0.0,447.0,1770.4,340.75,0,0,0,0.0,0,F1,350,,,,,
2026-02-18,2026-02-18,FO,NSE,STO,150269,,PHOENIXLTD,,2026-03-30,2026-03-30,1680.0,CE,PHOENIXLTD26MAR1680CE,0.0,0.0,0.0,259.8,0.0,259.8,1770.4,135.5,0,0,0,0.0,0,F1,350,,,,,
2026-02-18,2026-02-18,FO,NSE,STO,150198,,PHOENIXLTD,,2026-03-30,2026-03-30,1820.0,CE,PHOENIXLTD26MAR1820CE,0.0,0.0,0.0,81.9,0.0,81.9,1770.4,59.95,0,0,0,0.0,0,F1,350,,,,,
2026-02-18,2026-02-18,FO,NSE,STO,150236,,PHOENIXLTD,,2026-04-28,2026-04-28,1360.0,CE,PHOENIXLTD26APR1360CE,0.0,0.0,0.0,403.05,0.0,403.05,1770.4,426.8,0,0,0,0.0,0,F1,350,,,,,
2026-02-18,2026-02-18,FO,NSE,STO,150242,,PHOENIXLTD,,2026-04-28,2026-04-28,1480.0,CE,PHOENIXLTD26APR1480CE,0.0,0.0,0.0,304.55,0.0,304.55,1770.4,315.65,0,0,0,0.0,0,F1,350,,,,,
2026-02-18,2026-02-18,FO,NSE,STO,150318,,PHOENIXLTD,,2026-04-28,2026-04-28,1760.0,CE,PHOENIXLTD26APR1760CE,0.0,0.0,0.0,133.75,0.0,133.75,1770.4,115.15,0,0,0,0.0,0,F1,350,,,,,
2026-02-18,2026-02-18,FO,NSE,STO,150320,,PHOENIXLTD,,2026-04-28,2026-04-28,1800.0,CE,PHOENIXLTD26APR1800CE,0.0,0.0,0.0,116.7,0.0,116.7,1770.4,95.9,0,0,0,0.0,0,F1,350,,,,,
2026-02-18,2026-02-18,FO,NSE,STO,126235,,PHOENIXLTD,,2026-02-24,2026-02-24,1520.0,PE,PHOENIXLTD26FEB1520PE,0.0,0.0,0.0,14.2,14.2,14.2,1770.4,0.05,1050,0,0,0.0,0,F1,350,,,,,
2026-02-18,2026-02-18,FO,NSE,STO,126245,,PHOENIXLTD,,2026-02-24,2026-02-24,1720.0,PE,PHOENIXLTD26FEB1720PE,13.0,13.8,4.95,4.95,4.95,8.0,1770.4,4.95,43750,-3850,32,19371870.0,20,F1,350,,,,,
2026-02-18,2026-02-18,FO,NSE,STO,150136,,PHOENIXLTD,,2026-02-24,2026-02-24,1940.0,PE,PHOENIXLTD26FEB1940PE,0.0,0.0,0.0,195.0,195.0,195.0,1770.4,168.3,2450,0,0,0.0,0,F1,350,,,,,
2026-02-18,2026-02-18,FO,NSE,STO,150278,,PHOENIXLTD,,2026-03-30,2026-03-30,1840.0,PE,PHOENIXLTD26MAR1840PE,0.0,0.0,0.0,128.05,0.0,128.05,1770.4,110.95,0,0,0,0.0,0,F1,350,,,,,
2026-02-18,2026-02-18,FO,NSE,STO,150243,,PHOENIXLTD,,2026-04-28,2026-04-28,1480.0,PE,PHOENIXLTD26APR1480PE,0.0,0.0,0.0,33.6,0.0,33.6,1770.4,9.95,0,0,0,0.0,0,F1,350,,,,,
2026-02-18,2026-02-18,FO,NSE,STO,150325,,PHOENIXLTD,,2026-04-28,2026-04-28,1880.0,PE,PHOENIXLTD26APR1880PE,0.0,0.0,0.0,210.6,0.0,210.6,1770.4,154.8,0,0,0,0.0,0,F1,350,,,,,
2026-02-18,2026-02-18,FO,NSE,STO,150327,,PHOENIXLTD,,2026-04-28,2026-04-28,1920.0,PE,PHOENIXLTD26APR1920PE,0.0,0.0,0.0,237.85,0.0,237.85,1770.4,182.05,0,0,0,0.0,0,F1,350,,,,,
2026-02-18,2026-02-18,FO,NSE,STO,150329,,PHOENIXLTD,,2026-04-28,2026-04-28,1960.0,PE,PHOENIXLTD26APR1960PE,0.0,0.0,0.0,266.5,0.0,266.5,1770.4,211.3,0,0,0,0.0,0,F1,350,,,,,
2026-02-18,2026-02-18,FO,NSE,STO,150310,,PHOENIXLTD,,2026-04-28,2026-04-28,1600.0,CE,PHOENIXLTD26APR1600CE,0.0,0.0,0.0,220.3,0.0,220.3,1770.4,216.75,0,0,0,0.0,0,F1,350,,,,,
2026-02-18,2026-02-18,FO,NSE,STO,150279,,PHOENIXLTD,,2026-03-30,2026-03-30,1880.0,CE,PHOENIXLTD26MAR1880CE,0.0,0.0,0.0,147.95,0.0,147.95,1770.4,39.45,0,0,0,0.0,0,F1,350,,,,,
2026-02-18,2026-02-18,FO,NSE,STO,126226,,PHOENIXLTD,,2026-02-24,2026-02-24,1360.0,CE,PHOENIXLTD26FEB1360CE,0.0,0.0,0.0,340.15,340.15,340.15,1770.4,411.65,1050,0,0,0.0,0,F1,350,,,,,
2026-02-18,2026-02-18,FO,NSE,STO,126250,,PHOENIXLTD,,2026-02-24,2026-02-24,1840.0,CE,PHOENIXLTD26FEB1840CE,3.9,3.9,1.85,2.85,2.7,4.15,1770.4,2.85,89600,-3850,259,167007540.0,173,F1,350,,,,,
2026-02-18,2026-02-18,FO,NSE,STO,150131,,PHOENIXLTD,,2026-02-24,2026-02-24,1860.0,CE,PHOENIXLTD26FEB1860CE,1.35,2.0,1.35,1.9,1.75,2.65,1770.4,1.9,106750,-700,83,54078552.5,55,F1,350,,,,,
2026-02-18,2026-02-18,FO,NSE,STO,150135,,PHOENIXLTD,,2026-02-24,2026-02-24,1940.0,CE,PHOENIXLTD26FEB1940CE,0.7,0.7,0.7,0.7,0.7,1.8,1770.4,0.45,19950,-350,2,1358490.0,2,F1,350,,,,,
2026-02-18,2026-02-18,FO,NSE,STO,150141,,PHOENIXLTD,,2026-02-24,2026-02-24,2060.0,CE,PHOENIXLTD26FEB2060CE,0.0,0.0,0.0,12.4,12.4,12.4,1770.4,0.05,1750,0,0,0.0,0,F1,350,,,,,
2026-02-18,2026-02-18,FO,NSE,STO,126268,,PHOENIXLTD,,2026-02-24,2026-02-24,2120.0,CE,PHOENIXLTD26FEB2120CE,0.0,0.0,0.0,5.3,5.3,5.3,1770.4,0.05,1400,0,0,0.0,0,F1,350,,,,,
2026-02-18,2026-02-18,FO,NSE,STO,150263,,PHOENIXLTD,,2026-03-30,2026-03-30,1560.0,CE,PHOENIXLTD26MAR1560CE,0.0,0.0,0.0,243.8,243.8,243.8,1770.4,229.55,2800,0,0,0.0,0,F1,350,,,,,
2026-02-18,2026-02-18,FO,NSE,STO,150283,,PHOENIXLTD,,2026-03-30,2026-03-30,1960.0,CE,PHOENIXLTD26MAR1960CE,0.0,0.0,0.0,13.15,13.15,13.15,1770.4,21.15,2100,0,0,0.0,0,F1,350,,,,,
2026-02-18,2026-02-18,FO,NSE,STO,150287,,PHOENIXLTD,,2026-03-30,2026-03-30,2040.0,CE,PHOENIXLTD26MAR2040CE,3.55,5.0,3.55,5.0,5.0,88.05,1770.4,5.0,2100,2100,7,5007677.5,6,F1,350,,,,,
2026-02-18,2026-02-18,FO,NSE,STO,150306,,PHOENIXLTD,,2026-04-28,2026-04-28,1520.0,CE,PHOENIXLTD26APR1520CE,0.0,0.0,0.0,274.8,0.0,274.8,1770.4,280.95,0,0,0,0.0,0,F1,350,,,,,
2026-02-18,2026-02-18,FO,NSE,STO,150312,,PHOENIXLTD,,2026-04-28,2026-04-28,1640.0,CE,PHOENIXLTD26APR1640CE,0.0,0.0,0.0,195.85,0.0,195.85,1770.4,187.75,0,0,0,0.0,0,F1,350,,,,,
2026-02-18,2026-02-18,FO,NSE,STO,126253,,PHOENIXLTD,,2026-02-24,2026-02-24,1880.0,PE,PHOENIXLTD26FEB1880PE,0.0,0.0,0.0,108.5,108.5,108.5,1770.4,110.7,1400,0,0,0.0,0,F1,350,,,,,
2026-02-18,2026-02-18,FO,NSE,STO,150311,,PHOENIXLTD,,2026-04-28,2026-04-28,1600.0,PE,PHOENIXLTD26APR1600PE,0.0,0.0,0.0,67.5,0.0,67.5,1770.4,29.8,0,0,0,0.0,0,F1,350,,,,,
2026-02-18,2026-02-18,FO,NSE,STO,126249,,PHOENIXLTD,,2026-02-24,2026-02-24,1800.0,PE,PHOENIXLTD26FEB1800PE,60.95,65.7,58.4,58.4,58.4,40.3,1770.4,46.1,31850,-1050,7,4562162.5,7,F1,350,,,,,
2026-02-18,2026-02-18,FO,NSE,STO,150316,,PHOENIXLTD,,2026-04-28,2026-04-28,1720.0,CE,PHOENIXLTD26APR1720CE,0.0,0.0,0.0,152.6,0.0,152.6,1770.4,136.85,0,0,0,0.0,0,F1,350,,,,,
2026-02-18,2026-02-18,FO,NSE,STO,150277,,PHOENIXLTD,,2026-03-30,2026-03-30,1840.0,CE,PHOENIXLTD26MAR1840CE,0.0,0.0,0.0,166.9,0.0,166.9,1770.4,52.4,0,0,0,0.0,0,F1,350,,,,,
2026-02-18,2026-02-18,FO,NSE,STO,150188,,PHOENIXLTD,,2026-03-30,2026-03-30,1620.0,CE,PHOENIXLTD26MAR1620CE,0.0,0.0,0.0,182.1,0.0,182.1,1770.4,179.65,0,0,0,0.0,0,F1,350,,,,,
2026-02-18,2026-02-18,FO,NSE,STO,150186,,PHOENIXLTD,,2026-03-30,2026-03-30,1580.0,CE,PHOENIXLTD26MAR1580CE,0.0,0.0,0.0,208.95,0.0,208.95,1770.4,212.35,0,0,0,0.0,0,F1,350,,,,,
2026-02-18,2026-02-18,FO,NSE,STO,150261,,PHOENIXLTD,,2026-03-30,2026-03-30,1520.0,CE,PHOENIXLTD26MAR1520CE,0.0,0.0,0.0,379.15,0.0,379.15,1770.4,265.3,0,0,0,0.0,0,F1,350,,,,,
2026-02-18,2026-02-18,FO,NSE,STO,150249,,PHOENIXLTD,,2026-03-30,2026-03-30,1360.0,CE,PHOENIXLTD26MAR1360CE,0.0,0.0,0.0,434.65,434.65,434.65,1770.4,418.95,2800,0,0,0.0,0,F1,350,,,,,
2026-02-18,2026-02-18,FO,NSE,STO,155125,,PIIND,,2026-02-24,2026-02-24,3320.0,PE,PIIND26FEB3320PE,0.0,0.0,0.0,205.8,0.0,205.8,3028.65,288.4,0,0,0,0.0,0,F1,175,,,,,
2026-02-18,2026-02-18,FO,NSE,STO,155083,,PIIND,,2026-02-24,2026-02-24,2780.0,PE,PIIND26FEB2780PE,2.0,2.0,2.0,2.0,2.0,5.0,3028.65,0.1,350,-175,1,486850.0,1,F1,175,,,,,
2026-02-18,2026-02-18,FO,NSE,STO,155079,,PIIND,,2026-02-24,2026-02-24,2740.0,PE,PIIND26FEB2740PE,0.0,0.0,0.0,12.4,0.0,12.4,3028.65,0.05,0,0,0,0.0,0,F1,175,,,,,
2026-02-18,2026-02-18,FO,NSE,STO,151072,,PIIND,,2026-04-28,2026-04-28,3040.0,CE,PIIND26APR3040CE,0.0,0.0,0.0,268.8,0.0,268.8,3028.65,137.8,0,0,0,0.0,0,F1,175,,,,,
2026-02-18,2026-02-18,FO,NSE,STO,151070,,PIIND,,2026-04-28,2026-04-28,3000.0,CE,PIIND26APR3000CE,0.0,0.0,0.0,293.85,0.0,293.85,3028.65,158.75,0,0,0,0.0,0,F1,175,,,,,
2026-02-18,2026-02-18,FO,NSE,STO,151048,,PIIND,,2026-04-28,2026-04-28,2560.0,CE,PIIND26APR2560CE,0.0,0.0,0.0,646.3,0.0,646.3,3028.65,500.7,0,0,0,0.0,0,F1,175,,,,,
2026-02-18,2026-02-18,FO,NSE,STO,150876,,PIIND,,2026-03-30,2026-03-30,3380.0,CE,PIIND26MAR3380CE,22.8,22.8,14.35,15.75,15.75,40.75,3028.65,12.05,2275,1925,13,7731736.25,12,F1,175,,,,,
2026-02-18,2026-02-18,FO,NSE,STO,150862,,PIIND,,2026-03-30,2026-03-30,3100.0,CE,PIIND26MAR3100CE,88.0,94.05,60.5,62.35,60.5,81.75,3028.65,62.35,44275,19075,343,190574133.75,252,F1,175,,,,,
2026-02-18,2026-02-18,FO,NSE,STO,155166,,PIIND,,2026-02-24,2026-02-24,3840.0,CE,PIIND26FEB3840CE,0.0,0.0,0.0,10.1,0.0,10.1,3028.65,0.05,0,0,0,0.0,0,F1,175,,,,,
2026-02-18,2026-02-18,FO,NSE,STO,126881,,PIIND,,2026-02-24,2026-02-24,3600.0,CE,PIIND26FEB3600CE,0.4,1.15,0.4,0.5,0.5,1.45,3028.65,0.05,34475,-1050,19,11973150.0,19,F1,175,,,,,
2026-02-18,2026-02-18,FO,NSE,STO,155138,,PIIND,,2026-02-24,2026-02-24,3480.0,CE,PIIND26FEB3480CE,0.0,0.0,0.0,5.5,5.45,5.5,3028.65,0.05,8575,0,0,0.0,0,F1,175,,,,,
2026-02-18,2026-02-18,FO,NSE,STO,155132,,PIIND,,2026-02-24,2026-02-24,3420.0,CE,PIIND26FEB3420CE,0.35,1.0,0.35,1.0,1.0,3.25,3028.65,1.0,4200,0,2,1197236.25,2,F1,175,,,,,
2026-02-18,2026-02-18,FO,NSE,STO,126870,,PIIND,,2026-02-24,2026-02-24,3400.0,CE,PIIND26FEB3400CE,2.5,2.7,1.45,1.55,1.5,2.9,3028.65,1.55,77000,4725,320,190498000.0,171,F1,175,,,,,
2026-02-18,2026-02-18,FO,NSE,STO,155112,,PIIND,,2026-02-24,2026-02-24,3160.0,CE,PIIND26FEB3160CE,18.25,23.05,7.05,7.3,7.2,17.65,3028.65,7.3,43925,1925,423,234982020.0,381,F1,175,,,,,
2026-02-18,2026-02-18,FO,NSE,STO,155110,,PIIND,,2026-02-24,2026-02-24,3140.0,CE,PIIND26FEB3140CE,27.05,28.25,9.0,9.45,9.5,21.45,3028.65,9.45,29225,-350,249,137558207.5,232,F1,175,,,,,
2026-02-18,2026-02-18,FO,NSE,STO,155066,,PIIND,,2026-02-24,2026-02-24,2580.0,CE,PIIND26FEB2580CE,0.0,0.0,0.0,578.15,578.15,578.15,3028.65,451.0,1050,0,0,0.0,0,F1,175,,,,,
2026-02-18,2026-02-18,FO,NSE,STO,151089,,PIIND,,2026-04-28,2026-04-28,3360.0,PE,PIIND26APR3360PE,0.0,0.0,0.0,269.3,0.0,269.3,3028.65,331.45,0,0,0,0.0,0,F1,175,,,,,
2026-02-18,2026-02-18,FO,NSE,STO,155241,,PIIND,,2026-03-30,2026-03-30,2880.0,PE,PIIND26MAR2880PE,0.0,0.0,0.0,66.0,66.0,66.0,3028.65,34.0,1225,0,0,0.0,0,F1,175,,,,,
2026-02-18,2026-02-18,FO,NSE,STO,155239,,PIIND,,2026-03-30,2026-03-30,2840.0,PE,PIIND26MAR2840PE,0.0,0.0,0.0,43.8,0.0,43.8,3028.65,24.9,0,0,0,0.0,0,F1,175,,,,,
2026-02-18,2026-02-18,FO,NSE,STO,155235,,PIIND,,2026-03-30,2026-03-30,2760.0,PE,PIIND26MAR2760PE,25.1,29.9,25.1,29.55,29.55,39.0,3028.65,12.35,2100,1225,12,5855613.75,12,F1,175,,,,,
2026-02-18,2026-02-18,FO,NSE,STO,155233,,PIIND,,2026-03-30,2026-03-30,2720.0,PE,PIIND26MAR2720PE,0.0,0.0,0.0,24.1,0.0,24.1,3028.65,8.3,0,0,0,0.0,0,F1,175,,,,,
2026-02-18,2026-02-18,FO,NSE,STO,150839,,PIIND,,2026-03-30,2026-03-30,2660.0,PE,PIIND26MAR2660PE,0.0,0.0,0.0,9.05,0.0,9.05,3028.65,4.35,0,0,0,0.0,0,F1,175,,,,,
2026-02-18,2026-02-18,FO,NSE,STO,150837,,PIIND,,2026-03-30,2026-03-30,2620.0,PE,PIIND26MAR2620PE,0.0,0.0,0.0,6.6,0.0,6.6,3028.65,2.7,0,0,0,0.0,0,F1,175,,,,,
2026-02-18,2026-02-18,FO,NSE,STO,155165,,PIIND,,2026-02-24,2026-02-24,3820.0,PE,PIIND26FEB3820PE,0.0,0.0,0.0,612.05,0.0,612.05,3028.65,787.9,0,0,0,0.0,0,F1,175,,,,,
2026-02-18,2026-02-18,FO,NSE,STO,155157,,PIIND,,2026-02-24,2026-02-24,3720.0,PE,PIIND26FEB3720PE,0.0,0.0,0.0,595.0,591.0,595.0,3028.65,688.0,1225,0,0,0.0,0,F1,175,,,,,
2026-02-18,2026-02-18,FO,NSE,STO,150937,,PIIND,,2026-03-30,2026-03-30,3700.0,PE,PIIND26MAR3700PE,0.0,0.0,0.0,524.1,0.0,524.1,3028.65,649.85,0,0,0,0.0,0,F1,175,,,,,
2026-02-18,2026-02-18,FO,NSE,STO,155080,,PIIND,,2026-02-24,2026-02-24,2760.0,CE,PIIND26FEB2760CE,0.0,0.0,0.0,280.0,280.0,280.0,3028.65,271.2,525,0,0,0.0,0,F1,175,,,,,
2026-02-18,2026-02-18,FO,NSE,STO,155102,,PIIND,,2026-02-24,2026-02-24,3040.0,CE,PIIND26FEB3040CE,69.7,79.75,33.55,35.85,33.85,60.8,3028.65,35.85,33950,4200,410,221394591.25,356,F1,175,,,,,
2026-02-18,2026-02-18,FO,NSE,STO,126855,,PIIND,,2026-02-24,2026-02-24,3100.0,CE,PIIND26FEB3100CE,35.0,46.05,14.85,16.0,15.3,32.9,3028.65,16.0,116725,36575,2925,1601523708.75,2330,F1,175,,,,,
2026-02-18,2026-02-18,FO,NSE,STO,155122,,PIIND,,2026-02-24,2026-02-24,3280.0,CE,PIIND26FEB3280CE,4.95,6.55,2.6,2.85,2.7,5.95,3028.65,2.85,43225,175,178,102298490.0,157,F1,175,,,,,
2026-02-18,2026-02-18,FO,NSE,STO,126876,,PIIND,,2026-02-24,2026-02-24,3500.0,CE,PIIND26FEB3500CE,1.25,3.55,0.55,0.7,0.75,1.6,3028.65,0.7,50575,-4725,99,60660320.0,54,F1,175,,,,,
2026-02-18,2026-02-18,FO,NSE,STO,155140,,PIIND,,2026-02-24,2026-02-24,3520.0,CE,PIIND26FEB3520CE,0.0,0.0,0.0,1.8,1.8,1.8,3028.65,0.05,8225,0,0,0.0,0,F1,175,,,,,
2026-02-18,2026-02-18,FO,NSE,STO,155160,,PIIND,,2026-02-24,2026-02-24,3760.0,CE,PIIND26FEB3760CE,0.0,0.0,0.0,15.2,0.0,15.2,3028.65,0.05,0,0,0,0.0,0,F1,175,,,,,
2026-02-18,2026-02-18,FO,NSE,STO,155162,,PIIND,,2026-02-24,2026-02-24,3780.0,CE,PIIND26FEB3780CE,0.0,0.0,0.0,13.75,0.0,13.75,3028.65,0.05,0,0,0,0.0,0,F1,175,,,,,
2026-02-18,2026-02-18,FO,NSE,STO,155240,,PIIND,,2026-03-30,2026-03-30,2880.0,CE,PIIND26MAR2880CE,0.0,0.0,0.0,334.55,334.55,334.55,3028.65,199.95,1225,0,0,0.0,0,F1,175,,,,,
2026-02-18,2026-02-18,FO,NSE,STO,150866,,PIIND,,2026-03-30,2026-03-30,3180.0,CE,PIIND26MAR3180CE,44.35,44.35,44.35,44.35,44.35,192.5,3028.65,47.05,700,0,1,564261.25,1,F1,175,,,,,
2026-02-18,2026-02-18,FO,NSE,STO,155260,,PIIND,,2026-03-30,2026-03-30,3280.0,CE,PIIND26MAR3280CE,22.6,22.6,22.6,22.6,22.6,161.95,3028.65,22.6,350,350,2,1155910.0,2,F1,175,,,,,
2026-02-18,2026-02-18,FO,NSE,STO,150922,,PIIND,,2026-03-30,2026-03-30,3420.0,CE,PIIND26MAR3420CE,0.0,0.0,0.0,20.25,20.25,20.25,3028.65,8.85,175,0,0,0.0,0,F1,175,,,,,
2026-02-18,2026-02-18,FO,NSE,STO,155272,,PIIND,,2026-03-30,2026-03-30,3520.0,CE,PIIND26MAR3520CE,0.0,0.0,0.0,82.2,0.0,82.2,3028.65,3.85,0,0,0,0.0,0,F1,175,,,,,
2026-02-18,2026-02-18,FO,NSE,STO,155280,,PIIND,,2026-03-30,2026-03-30,3680.0,CE,PIIND26MAR3680CE,7.45,7.45,7.45,7.45,7.45,5.5,3028.65,0.85,2800,0,1,645303.75,1,F1,175,,,,,
2026-02-18,2026-02-18,FO,NSE,STO,150944,,PIIND,,2026-03-30,2026-03-30,3860.0,CE,PIIND26MAR3860CE,0.0,0.0,0.0,9.15,0.0,9.15,3028.65,0.15,0,0,0,0.0,0,F1,175,,,,,
2026-02-18,2026-02-18,FO,NSE,STO,151104,,PIIND,,2026-04-28,2026-04-28,3680.0,CE,PIIND26APR3680CE,0.0,0.0,0.0,42.95,0.0,42.95,3028.65,5.8,0,0,0,0.0,0,F1,175,,,,,
2026-02-18,2026-02-18,FO,NSE,STO,155065,,PIIND,,2026-02-24,2026-02-24,2560.0,PE,PIIND26FEB2560PE,0.0,0.0,0.0,2.8,0.0,2.8,3028.65,0.05,0,0,0,0.0,0,F1,175,,,,,
2026-02-18,2026-02-18,FO,NSE,STO,155071,,PIIND,,2026-02-24,2026-02-24,2640.0,PE,PIIND26FEB2640PE,0.0,0.0,0.0,5.7,0.0,5.7,3028.65,0.05,0,0,0,0.0,0,F1,175,,,,,
2026-02-18,2026-02-18,FO,NSE,STO,155099,,PIIND,,2026-02-24,2026-02-24,2980.0,PE,PIIND26FEB2980PE,16.4,26.4,12.95,21.3,22.7,23.05,3028.65,21.3,13125,2800,171,89728441.25,167,F1,175,,,,,
2026-02-18,2026-02-18,FO,NSE,STO,126868,,PIIND,,2026-02-24,2026-02-24,3300.0,PE,PIIND26FEB3300PE,267.3,270.0,267.3,270.0,270.0,251.0,3028.65,268.45,20825,-175,2,1249027.5,2,F1,175,,,,,
2026-02-18,2026-02-18,FO,NSE,STO,155155,,PIIND,,2026-02-24,2026-02-24,3680.0,PE,PIIND26FEB3680PE,0.0,0.0,0.0,522.3,525.35,522.3,3028.65,648.0,1050,0,0,0.0,0,F1,175,,,,,
2026-02-18,2026-02-18,FO,NSE,STO,151101,,PIIND,,2026-04-28,2026-04-28,3600.0,PE,PIIND26APR3600PE,0.0,0.0,0.0,443.9,0.0,443.9,3028.65,543.55,0,0,0,0.0,0,F1,175,,,,,
2026-02-18,2026-02-18,FO,NSE,STO,151063,,PIIND,,2026-04-28,2026-04-28,2840.0,PE,PIIND26APR2840PE,0.0,0.0,0.0,46.6,0.0,46.6,3028.65,43.7,0,0,0,0.0,0,F1,175,,,,,
2026-02-18,2026-02-18,FO,NSE,STO,151049,,PIIND,,2026-04-28,2026-04-28,2560.0,PE,PIIND26APR2560PE,0.0,0.0,0.0,9.9,0.0,9.9,3028.65,5.55,0,0,0,0.0,0,F1,175,,,,,
2026-02-18,2026-02-18,FO,NSE,STO,150929,,PIIND,,2026-03-30,2026-03-30,3540.0,PE,PIIND26MAR3540PE,0.0,0.0,0.0,386.4,0.0,386.4,3028.65,493.3,0,0,0,0.0,0,F1,175,,,,,
2026-02-18,2026-02-18,FO,NSE,STO,155253,,PIIND,,2026-03-30,2026-03-30,3120.0,PE,PIIND26MAR3120PE,0.0,0.0,0.0,130.5,0.0,130.5,3028.65,139.1,0,0,0,0.0,0,F1,175,,,,,
2026-02-18,2026-02-18,FO,NSE,STO,155271,,PIIND,,2026-03-30,2026-03-30,3480.0,PE,PIIND26MAR3480PE,0.0,0.0,0.0,389.0,387.5,389.0,3028.65,435.85,2275,0,0,0.0,0,F1,175,,,,,
2026-02-18,2026-02-18,FO,NSE,STO,150844,,PIIND,,2026-03-30,2026-03-30,2740.0,CE,PIIND26MAR2740CE,0.0,0.0,0.0,461.85,0.0,461.85,3028.65,315.3,0,0,0,0.0,0,F1,175,,,,,
2026-02-18,2026-02-18,FO,NSE,STO,155244,,PIIND,,2026-03-30,2026-03-30,2960.0,CE,PIIND26MAR2960CE,0.0,0.0,0.0,341.1,0.0,341.1,3028.65,145.35,0,0,0,0.0,0,F1,175,,,,,
2026-02-18,2026-02-18,FO,NSE,STO,150858,,PIIND,,2026-03-30,2026-03-30,3020.0,CE,PIIND26MAR3020CE,0.0,0.0,0.0,165.9,165.9,165.9,3028.65,110.95,350,0,0,0.0,0,F1,175,,,,,
2026-02-18,2026-02-18,FO,NSE,STO,155274,,PIIND,,2026-03-30,2026-03-30,3560.0,CE,PIIND26MAR3560CE,0.0,0.0,0.0,72.7,0.0,72.7,3028.65,2.7,0,0,0,0.0,0,F1,175,,,,,
2026-02-18,2026-02-18,FO,NSE,STO,150936,,PIIND,,2026-03-30,2026-03-30,3700.0,CE,PIIND26MAR3700CE,0.0,0.0,0.0,20.0,0.0,20.0,3028.65,0.7,0,0,0,0.0,0,F1,175,,,,,
2026-02-18,2026-02-18,FO,NSE,STO,155069,,PIIND,,2026-02-24,2026-02-24,2620.0,PE,PIIND26FEB2620PE,0.0,0.0,0.0,4.8,0.0,4.8,3028.65,0.05,0,0,0,0.0,0,F1,175,,,,,
2026-02-18,2026-02-18,FO,NSE,STO,126847,,PIIND,,2026-02-24,2026-02-24,2700.0,PE,PIIND26FEB2700PE,0.0,0.0,0.0,2.1,2.1,2.1,3028.65,0.05,8575,0,0,0.0,0,F1,175,,,,,
2026-02-18,2026-02-18,FO,NSE,STO,155107,,PIIND,,2026-02-24,2026-02-24,3080.0,PE,PIIND26FEB3080PE,51.5,76.85,41.7,74.1,76.85,68.25,3028.65,74.1,23100,525,103,56478528.75,103,F1,175,,,,,
2026-02-18,2026-02-18,FO,NSE,STO,155151,,PIIND,,2026-02-24,2026-02-24,3640.0,PE,PIIND26FEB3640PE,0.0,0.0,0.0,603.1,603.1,603.1,3028.65,608.05,525,0,0,0.0,0,F1,175,,,,,
2026-02-18,2026-02-18,FO,NSE,STO,155159,,PIIND,,2026-02-24,2026-02-24,3740.0,PE,PIIND26FEB3740PE,0.0,0.0,0.0,538.3,0.0,538.3,3028.65,707.95,0,0,0,0.0,0,F1,175,,,,,
2026-02-18,2026-02-18,FO,NSE,STO,155243,,PIIND,,2026-03-30,2026-03-30,2920.0,PE,PIIND26MAR2920PE,0.0,0.0,0.0,69.0,69.0,69.0,3028.65,45.25,2100,0,0,0.0,0,F1,175,,,,,
2026-02-18,2026-02-18,FO,NSE,STO,155134,,PIIND,,2026-02-24,2026-02-24,3440.0,CE,PIIND26FEB3440CE,1.0,1.0,1.0,1.0,1.0,3.2,3028.65,0.05,19600,-175,1,602175.0,1,F1,175,,,,,
2026-02-18,2026-02-18,FO,NSE,STO,155086,,PIIND,,2026-02-24,2026-02-24,2840.0,CE,PIIND26FEB2840CE,0.0,0.0,0.0,307.75,307.75,307.75,3028.65,191.85,175,0,0,0.0,0,F1,175,,,,,
2026-02-18,2026-02-18,FO,NSE,STO,155082,,PIIND,,2026-02-24,2026-02-24,2780.0,CE,PIIND26FEB2780CE,0.0,0.0,0.0,445.95,0.0,445.95,3028.65,251.25,0,0,0,0.0,0,F1,175,,,,,
2026-02-18,2026-02-18,FO,NSE,STO,155076,,PIIND,,2026-02-24,2026-02-24,2720.0,CE,PIIND26FEB2720CE,0.0,0.0,0.0,499.75,0.0,499.75,3028.65,311.1,0,0,0,0.0,0,F1,175,,,,,
2026-02-18,2026-02-18,FO,NSE,STO,126844,,PIIND,,2026-02-24,2026-02-24,2600.0,CE,PIIND26FEB2600CE,0.0,0.0,0.0,455.7,455.7,455.7,3028.65,431.0,350,0,0,0.0,0,F1,175,,,,,
2026-02-18,2026-02-18,FO,NSE,STO,151197,,PIIND,,2026-04-28,2026-04-28,3800.0,PE,PIIND26APR3800PE,0.0,0.0,0.0,612.7,0.0,612.7,3028.65,734.75,0,0,0,0.0,0,F1,175,,,,,
2026-02-18,2026-02-18,FO,NSE,STO,151107,,PIIND,,2026-04-28,2026-04-28,3720.0,PE,PIIND26APR3720PE,0.0,0.0,0.0,543.2,0.0,543.2,3028.65,657.4,0,0,0,0.0,0,F1,175,,,,,
2026-02-18,2026-02-18,FO,NSE,STO,151105,,PIIND,,2026-04-28,2026-04-28,3680.0,PE,PIIND26APR3680PE,0.0,0.0,0.0,509.35,0.0,509.35,3028.65,619.1,0,0,0,0.0,0,F1,175,,,,,
2026-02-18,2026-02-18,FO,NSE,STO,155285,,PIIND,,2026-03-30,2026-03-30,3760.0,PE,PIIND26MAR3760PE,0.0,0.0,0.0,610.0,610.0,610.0,3028.65,709.15,175,0,0,0.0,0,F1,175,,,,,
2026-02-18,2026-02-18,FO,NSE,STO,150877,,PIIND,,2026-03-30,2026-03-30,3380.0,PE,PIIND26MAR3380PE,0.0,0.0,0.0,264.3,0.0,264.3,3028.65,343.1,0,0,0,0.0,0,F1,175,,,,,
2026-02-18,2026-02-18,FO,NSE,STO,155265,,PIIND,,2026-03-30,2026-03-30,3360.0,PE,PIIND26MAR3360PE,0.0,0.0,0.0,235.35,235.35,235.35,3028.65,325.15,350,0,0,0.0,0,F1,175,,,,,
2026-02-18,2026-02-18,FO,NSE,STO,150873,,PIIND,,2026-03-30,2026-03-30,3300.0,PE,PIIND26MAR3300PE,322.7,326.4,322.7,326.4,326.4,315.2,3028.65,273.1,1925,175,2,1268592.5,2,F1,175,,,,,
2026-02-18,2026-02-18,FO,NSE,STO,150861,,PIIND,,2026-03-30,2026-03-30,3060.0,PE,PIIND26MAR3060PE,142.3,143.0,141.4,143.0,143.0,120.9,3028.65,104.25,875,350,4,2241583.75,4,F1,175,,,,,
2026-02-18,2026-02-18,FO,NSE,STO,150851,,PIIND,,2026-03-30,2026-03-30,2860.0,PE,PIIND26MAR2860PE,41.2,57.0,41.2,57.0,57.0,38.45,3028.65,57.0,4725,4725,38,19371887.5,24,F1,175,,,,,
2026-02-18,2026-02-18,FO,NSE,STO,155231,,PIIND,,2026-03-30,2026-03-30,2680.0,PE,PIIND26MAR2680PE,0.0,0.0,0.0,19.3,0.0,19.3,3028.65,5.45,0,0,0,0.0,0,F1,175,,,,,
2026-02-18,2026-02-18,FO,NSE,STO,155229,,PIIND,,2026-03-30,2026-03-30,2640.0,PE,PIIND26MAR2640PE,0.0,0.0,0.0,15.3,0.0,15.3,3028.65,3.45,0,0,0,0.0,0,F1,175,,,,,
2026-02-18,2026-02-18,FO,NSE,STO,155167,,PIIND,,2026-02-24,2026-02-24,3840.0,PE,PIIND26FEB3840PE,0.0,0.0,0.0,630.75,0.0,630.75,3028.65,807.9,0,0,0,0.0,0,F1,175,,,,,
2026-02-18,2026-02-18,FO,NSE,STO,155153,,PIIND,,2026-02-24,2026-02-24,3660.0,PE,PIIND26FEB3660PE,0.0,0.0,0.0,600.05,600.05,600.05,3028.65,628.05,1050,0,0,0.0,0,F1,175,,,,,
2026-02-18,2026-02-18,FO,NSE,STO,126875,,PIIND,,2026-02-24,2026-02-24,3400.0,PE,PIIND26FEB3400PE,369.15,377.0,369.1,373.2,377.0,351.85,3028.65,373.2,7875,-875,6,3960827.5,6,F1,175,,,,,
2026-02-18,2026-02-18,FO,NSE,STO,155123,,PIIND,,2026-02-24,2026-02-24,3280.0,PE,PIIND26FEB3280PE,0.0,0.0,0.0,230.95,230.95,230.95,3028.65,248.55,14700,0,0,0.0,0,F1,175,,,,,
2026-02-18,2026-02-18,FO,NSE,STO,155077,,PIIND,,2026-02-24,2026-02-24,2720.0,PE,PIIND26FEB2720PE,1.05,1.05,1.0,1.0,1.0,2.15,3028.65,0.05,21000,-1750,11,5237942.5,11,F1,175,,,,,
2026-02-18,2026-02-18,FO,NSE,STO,151194,,PIIND,,2026-04-28,2026-04-28,3760.0,CE,PIIND26APR3760CE,0.0,0.0,0.0,32.45,0.0,32.45,3028.65,3.5,0,0,0,0.0,0,F1,175,,,,,
2026-02-18,2026-02-18,FO,NSE,STO,151100,,PIIND,,2026-04-28,2026-04-28,3600.0,CE,PIIND26APR3600CE,0.0,0.0,0.0,56.2,0.0,56.2,3028.65,9.45,0,0,0,0.0,0,F1,175,,,,,
2026-02-18,2026-02-18,FO,NSE,STO,155282,,PIIND,,2026-03-30,2026-03-30,3720.0,CE,PIIND26MAR3720CE,0.0,0.0,0.0,43.25,0.0,43.25,3028.65,0.6,0,0,0,0.0,0,F1,175,,,,,
2026-02-18,2026-02-18,FO,NSE,STO,155264,,PIIND,,2026-03-30,2026-03-30,3360.0,CE,PIIND26MAR3360CE,0.0,0.0,0.0,60.0,60.0,60.0,3028.65,14.0,2275,0,0,0.0,0,F1,175,,,,,
2026-02-18,2026-02-18,FO,NSE,STO,150874,,PIIND,,2026-03-30,2026-03-30,3340.0,CE,PIIND26MAR3340CE,0.0,0.0,0.0,89.05,0.0,89.05,3028.65,16.25,0,0,0,0.0,0,F1,175,,,,,
2026-02-18,2026-02-18,FO,NSE,STO,155242,,PIIND,,2026-03-30,2026-03-30,2920.0,CE,PIIND26MAR2920CE,0.0,0.0,0.0,307.05,307.05,307.05,3028.65,171.45,2625,0,0,0.0,0,F1,175,,,,,
2026-02-18,2026-02-18,FO,NSE,STO,150834,,PIIND,,2026-03-30,2026-03-30,2580.0,CE,PIIND26MAR2580CE,0.0,0.0,0.0,608.95,0.0,608.95,3028.65,465.75,0,0,0,0.0,0,F1,175,,,,,
2026-02-18,2026-02-18,FO,NSE,STF,66970,,PIIND,,2026-04-28,2026-04-28,,,PIIND26APRFUT,3010.0,3030.0,2960.0,2965.2,2960.0,2997.2,3028.65,2965.2,92750,5425,97,50718430.0,86,F1,175,,,,,
2026-02-18,2026-02-18,FO,NSE,STO,155070,,PIIND,,2026-02-24,2026-02-24,2640.0,CE,PIIND26FEB2640CE,0.0,0.0,0.0,574.0,0.0,574.0,3028.65,391.05,0,0,0,0.0,0,F1,175,,,,,
2026-02-18,2026-02-18,FO,NSE,STO,155084,,PIIND,,2026-02-24,2026-02-24,2820.0,CE,PIIND26FEB2820CE,0.0,0.0,0.0,411.3,0.0,411.3,3028.65,211.5,0,0,0,0.0,0,F1,175,,,,,
2026-02-18,2026-02-18,FO,NSE,STO,155092,,PIIND,,2026-02-24,2026-02-24,2920.0,CE,PIIND26FEB2920CE,0.0,0.0,0.0,148.45,148.45,148.45,3028.65,116.5,1050,0,0,0.0,0,F1,175,,,,,
2026-02-18,2026-02-18,FO,NSE,STO,155114,,PIIND,,2026-02-24,2026-02-24,3180.0,CE,PIIND26FEB3180CE,17.6,17.6,5.65,6.05,6.2,14.4,3028.65,6.05,40250,-6125,283,157989072.5,269,F1,175,,,,,
2026-02-18,2026-02-18,FO,NSE,STO,155126,,PIIND,,2026-02-24,2026-02-24,3340.0,CE,PIIND26FEB3340CE,3.6,3.9,1.75,2.0,2.15,3.95,3028.65,2.0,14000,-2800,58,33930758.75,55,F1,175,,,,,
2026-02-18,2026-02-18,FO,NSE,STO,155146,,PIIND,,2026-02-24,2026-02-24,3580.0,CE,PIIND26FEB3580CE,0.0,0.0,0.0,1.35,1.35,1.35,3028.65,0.05,5775,0,0,0.0,0,F1,175,,,,,
2026-02-18,2026-02-18,FO,NSE,STO,155164,,PIIND,,2026-02-24,2026-02-24,3820.0,CE,PIIND26FEB3820CE,0.0,0.0,0.0,11.2,0.0,11.2,3028.65,0.05,0,0,0,0.0,0,F1,175,,,,,
2026-02-18,2026-02-18,FO,NSE,STO,150852,,PIIND,,2026-03-30,2026-03-30,2900.0,CE,PIIND26MAR2900CE,157.7,158.6,157.7,158.6,158.6,329.35,3028.65,185.4,350,350,2,1070352.5,2,F1,175,,,,,
2026-02-18,2026-02-18,FO,NSE,STO,150872,,PIIND,,2026-03-30,2026-03-30,3300.0,CE,PIIND26MAR3300CE,35.0,35.75,20.8,20.9,21.2,32.05,3028.65,20.9,18900,7875,105,61111846.25,65,F1,175,,,,,
2026-02-18,2026-02-18,FO,NSE,STO,150938,,PIIND,,2026-03-30,2026-03-30,3740.0,CE,PIIND26MAR3740CE,0.0,0.0,0.0,16.55,0.0,16.55,3028.65,0.5,0,0,0,0.0,0,F1,175,,,,,
2026-02-18,2026-02-18,FO,NSE,STO,151058,,PIIND,,2026-04-28,2026-04-28,2760.0,CE,PIIND26APR2760CE,0.0,0.0,0.0,471.1,0.0,471.1,3028.65,323.8,0,0,0,0.0,0,F1,175,,,,,
2026-02-18,2026-02-18,FO,NSE,STO,151088,,PIIND,,2026-04-28,2026-04-28,3360.0,CE,PIIND26APR3360CE,0.0,0.0,0.0,117.95,0.0,117.95,3028.65,34.85,0,0,0,0.0,0,F1,175,,,,,
2026-02-18,2026-02-18,FO,NSE,STO,151096,,PIIND,,2026-04-28,2026-04-28,3520.0,CE,PIIND26APR3520CE,0.0,0.0,0.0,72.9,0.0,72.9,3028.65,14.95,0,0,0,0.0,0,F1,175,,,,,
2026-02-18,2026-02-18,FO,NSE,STO,126845,,PIIND,,2026-02-24,2026-02-24,2600.0,PE,PIIND26FEB2600PE,0.0,0.0,0.0,0.2,0.2,0.2,3028.65,0.05,1575,0,0,0.0,0,F1,175,,,,,
2026-02-18,2026-02-18,FO,NSE,STO,155089,,PIIND,,2026-02-24,2026-02-24,2860.0,PE,PIIND26FEB2860PE,3.95,4.15,3.25,3.9,4.05,6.8,3028.65,3.9,5075,-1750,54,27063688.75,30,F1,175,,,,,
2026-02-18,2026-02-18,FO,NSE,STO,155117,,PIIND,,2026-02-24,2026-02-24,3220.0,PE,PIIND26FEB3220PE,194.0,203.25,179.8,195.95,198.0,180.55,3028.65,195.95,37800,-2450,18,10741701.25,14,F1,175,,,,,
2026-02-18,2026-02-18,FO,NSE,STO,155141,,PIIND,,2026-02-24,2026-02-24,3520.0,PE,PIIND26FEB3520PE,0.0,0.0,0.0,375.0,375.0,375.0,3028.65,488.15,175,0,0,0.0,0,F1,175,,,,,
2026-02-18,2026-02-18,FO,NSE,STO,150857,,PIIND,,2026-03-30,2026-03-30,2980.0,PE,PIIND26MAR2980PE,0.0,0.0,0.0,62.55,0.0,62.55,3028.65,66.7,0,0,0,0.0,0,F1,175,,,,,
2026-02-18,2026-02-18,FO,NSE,STO,150863,,PIIND,,2026-03-30,2026-03-30,3100.0,PE,PIIND26MAR3100PE,147.0,180.0,139.65,173.8,173.8,164.05,3028.65,173.8,21000,6650,73,41571827.5,70,F1,175,,,,,
2026-02-18,2026-02-18,FO,NSE,STO,150865,,PIIND,,2026-03-30,2026-03-30,3140.0,PE,PIIND26MAR3140PE,0.0,0.0,0.0,123.4,0.0,123.4,3028.65,151.95,0,0,0,0.0,0,F1,175,,,,,
2026-02-18,2026-02-18,FO,NSE,STO,150869,,PIIND,,2026-03-30,2026-03-30,3220.0,PE,PIIND26MAR3220PE,0.0,0.0,0.0,211.65,211.65,211.65,3028.65,208.8,525,0,0,0.0,0,F1,175,,,,,
2026-02-18,2026-02-18,FO,NSE,STO,150927,,PIIND,,2026-03-30,2026-03-30,3500.0,PE,PIIND26MAR3500PE,520.0,520.0,514.0,514.0,514.0,493.0,3028.65,514.0,9975,1575,9,6329400.0,5,F1,175,,,,,
2026-02-18,2026-02-18,FO,NSE,STO,150935,,PIIND,,2026-03-30,2026-03-30,3660.0,PE,PIIND26MAR3660PE,0.0,0.0,0.0,488.55,0.0,488.55,3028.65,610.4,0,0,0,0.0,0,F1,175,,,,,
2026-02-18,2026-02-18,FO,NSE,STO,151075,,PIIND,,2026-04-28,2026-04-28,3080.0,PE,PIIND26APR3080PE,0.0,0.0,0.0,120.75,0.0,120.75,3028.65,138.3,0,0,0,0.0,0,F1,175,,,,,
2026-02-18,2026-02-18,FO,NSE,STO,151083,,PIIND,,2026-04-28,2026-04-28,3240.0,PE,PIIND26APR3240PE,0.0,0.0,0.0,197.55,0.0,197.55,3028.65,239.25,0,0,0,0.0,0,F1,175,,,,,
2026-02-18,2026-02-18,FO,NSE,STF,59449,,PIIND,,2026-02-24,2026-02-24,,,PIIND26FEBFUT,3071.6,3095.8,3016.6,3027.6,3022.0,3053.2,3028.65,3027.6,3083850,-210875,3092,1649729235.0,2742,F1,175,,,,,
2026-02-18,2026-02-18,FO,NSE,STO,155104,,PIIND,,2026-02-24,2026-02-24,3060.0,CE,PIIND26FEB3060CE,52.0,67.5,25.8,27.05,26.35,49.75,3028.65,27.05,33075,-1050,691,374869031.25,600,F1,175,,,,,
2026-02-18,2026-02-18,FO,NSE,STO,155118,,PIIND,,2026-02-24,2026-02-24,3240.0,CE,PIIND26FEB3240CE,9.0,9.25,3.45,3.7,3.6,7.9,3028.65,3.7,29050,-5775,181,102807888.75,169,F1,175,,,,,
2026-02-18,2026-02-18,FO,NSE,STO,155124,,PIIND,,2026-02-24,2026-02-24,3320.0,CE,PIIND26FEB3320CE,4.7,4.7,2.05,2.1,2.05,4.45,3028.65,2.1,29050,-3500,88,51174401.25,80,F1,175,,,,,
2026-02-18,2026-02-18,FO,NSE,STO,155136,,PIIND,,2026-02-24,2026-02-24,3460.0,CE,PIIND26FEB3460CE,0.0,0.0,0.0,2.05,2.05,2.05,3028.65,0.05,8050,0,0,0.0,0,F1,175,,,,,
2026-02-18,2026-02-18,FO,NSE,STO,150838,,PIIND,,2026-03-30,2026-03-30,2660.0,CE,PIIND26MAR2660CE,0.0,0.0,0.0,534.05,0.0,534.05,3028.65,388.95,0,0,0,0.0,0,F1,175,,,,,
2026-02-18,2026-02-18,FO,NSE,STO,155230,,PIIND,,2026-03-30,2026-03-30,2680.0,CE,PIIND26MAR2680CE,0.0,0.0,0.0,562.9,0.0,562.9,3028.65,370.2,0,0,0,0.0,0,F1,175,,,,,
2026-02-18,2026-02-18,FO,NSE,STO,150854,,PIIND,,2026-03-30,2026-03-30,2940.0,CE,PIIND26MAR2940CE,0.0,0.0,0.0,308.9,308.9,308.9,3028.65,158.1,700,0,0,0.0,0,F1,175,,,,,
2026-02-18,2026-02-18,FO,NSE,STO,150860,,PIIND,,2026-03-30,2026-03-30,3060.0,CE,PIIND26MAR3060CE,98.35,98.35,73.85,74.95,75.95,90.0,3028.65,74.95,4025,3500,31,17056611.25,21,F1,175,,,,,
2026-02-18,2026-02-18,FO,NSE,STO,155266,,PIIND,,2026-03-30,2026-03-30,3400.0,CE,PIIND26MAR3400CE,22.25,23.0,12.1,12.25,12.35,20.0,3028.65,12.25,11900,1050,52,31095855.0,45,F1,175,,,,,
2026-02-18,2026-02-18,FO,NSE,STO,155284,,PIIND,,2026-03-30,2026-03-30,3760.0,CE,PIIND26MAR3760CE,0.0,0.0,0.0,37.8,0.0,37.8,3028.65,0.4,0,0,0,0.0,0,F1,175,,,,,
2026-02-18,2026-02-18,FO,NSE,STO,151052,,PIIND,,2026-04-28,2026-04-28,2640.0,CE,PIIND26APR2640CE,0.0,0.0,0.0,573.95,0.0,573.95,3028.65,427.0,0,0,0,0.0,0,F1,175,,,,,
2026-02-18,2026-02-18,FO,NSE,STO,151056,,PIIND,,2026-04-28,2026-04-28,2720.0,CE,PIIND26APR2720CE,0.0,0.0,0.0,504.5,0.0,504.5,3028.65,357.0,0,0,0,0.0,0,F1,175,,,,,
2026-02-18,2026-02-18,FO,NSE,STO,151060,,PIIND,,2026-04-28,2026-04-28,2800.0,CE,PIIND26APR2800CE,0.0,0.0,0.0,438.7,0.0,438.7,3028.65,292.0,0,0,0,0.0,0,F1,175,,,,,
2026-02-18,2026-02-18,FO,NSE,STO,151078,,PIIND,,2026-04-28,2026-04-28,3160.0,CE,PIIND26APR3160CE,0.0,0.0,0.0,202.0,0.0,202.0,3028.65,86.55,0,0,0,0.0,0,F1,175,,,,,
2026-02-18,2026-02-18,FO,NSE,STO,151084,,PIIND,,2026-04-28,2026-04-28,3280.0,CE,PIIND26APR3280CE,0.0,0.0,0.0,147.6,0.0,147.6,3028.65,51.15,0,0,0,0.0,0,F1,175,,,,,
2026-02-18,2026-02-18,FO,NSE,STO,151106,,PIIND,,2026-04-28,2026-04-28,3720.0,CE,PIIND26APR3720CE,0.0,0.0,0.0,37.35,0.0,37.35,3028.65,4.5,0,0,0,0.0,0,F1,175,,,,,
2026-02-18,2026-02-18,FO,NSE,STO,126852,,PIIND,,2026-02-24,2026-02-24,2900.0,PE,PIIND26FEB2900PE,6.05,8.2,4.6,6.45,6.75,9.1,3028.65,6.45,71050,-11725,310,157654612.5,268,F1,175,,,,,
2026-02-18,2026-02-18,FO,NSE,STO,126854,,PIIND,,2026-02-24,2026-02-24,3000.0,PE,PIIND26FEB3000PE,24.2,34.15,15.55,28.95,31.5,29.85,3028.65,28.95,150675,16975,1196,632905612.5,832,F1,175,,,,,
2026-02-18,2026-02-18,FO,NSE,STO,155169,,PIIND,,2026-02-24,2026-02-24,3860.0,PE,PIIND26FEB3860PE,0.0,0.0,0.0,649.55,0.0,649.55,3028.65,827.85,0,0,0,0.0,0,F1,175,,,,,
2026-02-18,2026-02-18,FO,NSE,STO,155227,,PIIND,,2026-03-30,2026-03-30,2600.0,PE,PIIND26MAR2600PE,10.55,11.45,10.55,11.2,11.45,12.35,3028.65,11.2,5425,525,11,5026411.25,10,F1,175,,,,,
2026-02-18,2026-02-18,FO,NSE,STO,155259,,PIIND,,2026-03-30,2026-03-30,3240.0,PE,PIIND26MAR3240PE,0.0,0.0,0.0,198.5,198.5,198.5,3028.65,224.25,1050,0,0,0.0,0,F1,175,,,,,
2026-02-18,2026-02-18,FO,NSE,STO,155263,,PIIND,,2026-03-30,2026-03-30,3320.0,PE,PIIND26MAR3320PE,348.7,354.4,348.7,352.85,354.4,190.5,3028.65,352.85,700,350,4,2569542.5,4,F1,175,,,,,
2026-02-18,2026-02-18,FO,NSE,STO,151059,,PIIND,,2026-04-28,2026-04-28,2760.0,PE,PIIND26APR2760PE,0.0,0.0,0.0,31.65,0.0,31.65,3028.65,26.6,0,0,0,0.0,0,F1,175,,,,,
2026-02-18,2026-02-18,FO,NSE,STO,151061,,PIIND,,2026-04-28,2026-04-28,2800.0,PE,PIIND26APR2800PE,0.0,0.0,0.0,38.6,0.0,38.6,3028.65,34.35,0,0,0,0.0,0,F1,175,,,,,
2026-02-18,2026-02-18,FO,NSE,STO,151087,,PIIND,,2026-04-28,2026-04-28,3320.0,PE,PIIND26APR3320PE,0.0,0.0,0.0,244.1,0.0,244.1,3028.65,299.4,0,0,0,0.0,0,F1,175,,,,,
2026-02-18,2026-02-18,FO,NSE,STO,151095,,PIIND,,2026-04-28,2026-04-28,3480.0,PE,PIIND26APR3480PE,0.0,0.0,0.0,351.95,0.0,351.95,3028.65,434.0,0,0,0,0.0,0,F1,175,,,,,
2026-02-18,2026-02-18,FO,NSE,STO,155094,,PIIND,,2026-02-24,2026-02-24,2940.0,CE,PIIND26FEB2940CE,0.0,0.0,0.0,127.55,127.55,127.55,3028.65,99.35,700,0,0,0.0,0,F1,175,,,,,
2026-02-18,2026-02-18,FO,NSE,STO,155064,,PIIND,,2026-02-24,2026-02-24,2560.0,CE,PIIND26FEB2560CE,0.0,0.0,0.0,650.35,0.0,650.35,3028.65,470.95,0,0,0,0.0,0,F1,175,,,,,
2026-02-18,2026-02-18,FO,NSE,STO,155068,,PIIND,,2026-02-24,2026-02-24,2620.0,CE,PIIND26FEB2620CE,0.0,0.0,0.0,538.35,538.35,538.35,3028.65,411.0,1750,0,0,0.0,0,F1,175,,,,,
2026-02-18,2026-02-18,FO,NSE,STO,126853,,PIIND,,2026-02-24,2026-02-24,3000.0,CE,PIIND26FEB3000CE,96.35,111.15,53.5,55.1,53.5,84.8,3028.65,55.1,22225,875,781,422162221.25,693,F1,175,,,,,
2026-02-18,2026-02-18,FO,NSE,STO,155106,,PIIND,,2026-02-24,2026-02-24,3080.0,CE,PIIND26FEB3080CE,45.95,58.05,19.65,20.7,20.45,41.1,3028.65,20.7,19775,-2625,361,196829176.25,336,F1,175,,,,,
2026-02-18,2026-02-18,FO,NSE,STO,155142,,PIIND,,2026-02-24,2026-02-24,3540.0,CE,PIIND26FEB3540CE,0.0,0.0,0.0,5.65,5.65,5.65,3028.65,0.05,1750,0,0,0.0,0,F1,175,,,,,
2026-02-18,2026-02-18,FO,NSE,STO,155144,,PIIND,,2026-02-24,2026-02-24,3560.0,CE,PIIND26FEB3560CE,0.0,0.0,0.0,1.7,1.7,1.7,3028.65,0.05,3325,0,0,0.0,0,F1,175,,,,,
2026-02-18,2026-02-18,FO,NSE,STO,155152,,PIIND,,2026-02-24,2026-02-24,3660.0,CE,PIIND26FEB3660CE,0.0,0.0,0.0,24.55,0.0,24.55,3028.65,0.05,0,0,0,0.0,0,F1,175,,,,,
2026-02-18,2026-02-18,FO,NSE,STO,155228,,PIIND,,2026-03-30,2026-03-30,2640.0,CE,PIIND26MAR2640CE,0.0,0.0,0.0,598.3,0.0,598.3,3028.65,407.95,0,0,0,0.0,0,F1,175,,,,,
2026-02-18,2026-02-18,FO,NSE,STO,155232,,PIIND,,2026-03-30,2026-03-30,2720.0,CE,PIIND26MAR2720CE,0.0,0.0,0.0,528.25,0.0,528.25,3028.65,333.3,0,0,0,0.0,0,F1,175,,,,,
2026-02-18,2026-02-18,FO,NSE,STO,150856,,PIIND,,2026-03-30,2026-03-30,2980.0,CE,PIIND26MAR2980CE,0.0,0.0,0.0,254.55,254.55,254.55,3028.65,133.25,1050,0,0,0.0,0,F1,175,,,,,
2026-02-18,2026-02-18,FO,NSE,STO,150864,,PIIND,,2026-03-30,2026-03-30,3140.0,CE,PIIND26MAR3140CE,62.7,62.7,62.7,62.7,62.7,65.0,3028.65,59.45,700,0,1,560472.5,1,F1,175,,,,,
2026-02-18,2026-02-18,FO,NSE,STO,155254,,PIIND,,2026-03-30,2026-03-30,3160.0,CE,PIIND26MAR3160CE,0.0,0.0,0.0,205.0,205.0,205.0,3028.65,53.0,525,0,0,0.0,0,F1,175,,,,,
2026-02-18,2026-02-18,FO,NSE,STO,155276,,PIIND,,2026-03-30,2026-03-30,3600.0,CE,PIIND26MAR3600CE,8.5,8.5,5.0,5.2,5.2,8.0,3028.65,1.85,19600,-1050,14,8833693.75,10,F1,175,,,,,
2026-02-18,2026-02-18,FO,NSE,STO,151097,,PIIND,,2026-04-28,2026-04-28,3520.0,PE,PIIND26APR3520PE,0.0,0.0,0.0,381.8,0.0,381.8,3028.65,469.9,0,0,0,0.0,0,F1,175,,,,,
2026-02-18,2026-02-18,FO,NSE,STO,151085,,PIIND,,2026-04-28,2026-04-28,3280.0,PE,PIIND26APR3280PE,0.0,0.0,0.0,220.2,0.0,220.2,3028.65,268.6,0,0,0,0.0,0,F1,175,,,,,
2026-02-18,2026-02-18,FO,NSE,STO,151081,,PIIND,,2026-04-28,2026-04-28,3200.0,PE,PIIND26APR3200PE,0.0,0.0,0.0,176.3,0.0,176.3,3028.65,211.4,0,0,0,0.0,0,F1,175,,,,,
2026-02-18,2026-02-18,FO,NSE,STO,151051,,PIIND,,2026-04-28,2026-04-28,2600.0,PE,PIIND26APR2600PE,0.0,0.0,0.0,12.8,0.0,12.8,3028.65,7.9,0,0,0,0.0,0,F1,175,,,,,
2026-02-18,2026-02-18,FO,NSE,STO,155283,,PIIND,,2026-03-30,2026-03-30,3720.0,PE,PIIND26MAR3720PE,0.0,0.0,0.0,635.0,635.0,635.0,3028.65,669.6,1050,0,0,0.0,0,F1,175,,,,,
2026-02-18,2026-02-18,FO,NSE,STO,155275,,PIIND,,2026-03-30,2026-03-30,3560.0,PE,PIIND26MAR3560PE,0.0,0.0,0.0,396.1,0.0,396.1,3028.65,512.65,0,0,0,0.0,0,F1,175,,,,,
2026-02-18,2026-02-18,FO,NSE,STO,155131,,PIIND,,2026-02-24,2026-02-24,3380.0,PE,PIIND26FEB3380PE,0.0,0.0,0.0,245.2,0.0,245.2,3028.65,348.3,0,0,0,0.0,0,F1,175,,,,,
2026-02-18,2026-02-18,FO,NSE,STO,155105,,PIIND,,2026-02-24,2026-02-24,3060.0,PE,PIIND26FEB3060PE,41.0,65.7,32.0,60.65,63.35,55.2,3028.65,60.65,33250,-175,439,238594868.75,395,F1,175,,,,,
2026-02-18,2026-02-18,FO,NSE,STO,155103,,PIIND,,2026-02-24,2026-02-24,3040.0,PE,PIIND26FEB3040PE,35.0,54.55,25.3,47.5,49.55,44.65,3028.65,47.5,26425,1400,497,267746500.0,455,F1,175,,,,,
2026-02-18,2026-02-18,FO,NSE,STO,155075,,PIIND,,2026-02-24,2026-02-24,2680.0,PE,PIIND26FEB2680PE,0.8,1.3,0.8,1.3,1.3,1.75,3028.65,0.05,9100,-1750,16,7506730.0,13,F1,175,,,,,
2026-02-18,2026-02-18,FO,NSE,STO,150940,,PIIND,,2026-03-30,2026-03-30,3780.0,CE,PIIND26MAR3780CE,0.0,0.0,0.0,13.65,0.0,13.65,3028.65,0.3,0,0,0,0.0,0,F1,175,,,,,
2026-02-18,2026-02-18,FO,NSE,STO,155072,,PIIND,,2026-02-24,2026-02-24,2660.0,CE,PIIND26FEB2660CE,0.0,0.0,0.0,499.2,499.2,499.2,3028.65,371.05,875,0,0,0.0,0,F1,175,,,,,
2026-02-18,2026-02-18,FO,NSE,STO,155096,,PIIND,,2026-02-24,2026-02-24,2960.0,CE,PIIND26FEB2960CE,0.0,0.0,0.0,118.5,116.8,118.5,3028.65,83.3,2975,0,0,0.0,0,F1,175,,,,,
2026-02-18,2026-02-18,FO,NSE,STO,150847,,PIIND,,2026-03-30,2026-03-30,2780.0,PE,PIIND26MAR2780PE,0.0,0.0,0.0,20.75,0.0,20.75,3028.65,14.85,0,0,0,0.0,0,F1,175,,,,,
2026-02-18,2026-02-18,FO,NSE,STO,150853,,PIIND,,2026-03-30,2026-03-30,2900.0,PE,PIIND26MAR2900PE,63.0,74.0,63.0,67.4,67.6,41.85,3028.65,67.4,5425,5425,47,24399856.25,31,F1,175,,,,,
2026-02-18,2026-02-18,FO,NSE,STO,155247,,PIIND,,2026-03-30,2026-03-30,3000.0,PE,PIIND26MAR3000PE,100.25,122.0,88.0,114.45,116.65,107.65,3028.65,114.45,16450,1225,114,61940926.25,110,F1,175,,,,,
2026-02-18,2026-02-18,FO,NSE,STO,155257,,PIIND,,2026-03-30,2026-03-30,3200.0,PE,PIIND26MAR3200PE,222.7,251.0,222.7,245.0,245.0,236.85,3028.65,193.8,13475,2100,16,9637066.25,16,F1,175,,,,,
2026-02-18,2026-02-18,FO,NSE,STO,151195,,PIIND,,2026-04-28,2026-04-28,3760.0,PE,PIIND26APR3760PE,0.0,0.0,0.0,577.65,0.0,577.65,3028.65,695.95,0,0,0,0.0,0,F1,175,,,,,
2026-02-18,2026-02-18,FO,NSE,STO,155158,,PIIND,,2026-02-24,2026-02-24,3740.0,CE,PIIND26FEB3740CE,0.0,0.0,0.0,16.75,0.0,16.75,3028.65,0.05,0,0,0,0.0,0,F1,175,,,,,
2026-02-18,2026-02-18,FO,NSE,STO,155161,,PIIND,,2026-02-24,2026-02-24,3760.0,PE,PIIND26FEB3760PE,0.0,0.0,0.0,590.0,590.0,590.0,3028.65,727.95,175,0,0,0.0,0,F1,175,,,,,
2026-02-18,2026-02-18,FO,NSE,STO,155078,,PIIND,,2026-02-24,2026-02-24,2740.0,CE,PIIND26FEB2740CE,0.0,0.0,0.0,481.6,0.0,481.6,3028.65,291.15,0,0,0,0.0,0,F1,175,,,,,
2026-02-18,2026-02-18,FO,NSE,STO,155090,,PIIND,,2026-02-24,2026-02-24,2880.0,CE,PIIND26FEB2880CE,0.0,0.0,0.0,361.35,0.0,361.35,3028.65,153.2,0,0,0,0.0,0,F1,175,,,,,
2026-02-18,2026-02-18,FO,NSE,STO,126857,,PIIND,,2026-02-24,2026-02-24,3200.0,CE,PIIND26FEB3200CE,13.05,14.6,4.7,5.05,4.8,11.55,3028.65,5.05,206325,7175,4864,2732485980.0,3123,F1,175,,,,,
2026-02-18,2026-02-18,FO,NSE,STO,155248,,PIIND,,2026-03-30,2026-03-30,3040.0,CE,PIIND26MAR3040CE,116.25,116.25,83.95,83.95,83.95,288.1,3028.65,83.95,525,525,7,3841153.75,7,F1,175,,,,,
2026-02-18,2026-02-18,FO,NSE,STO,155250,,PIIND,,2026-03-30,2026-03-30,3080.0,CE,PIIND26MAR3080CE,0.0,0.0,0.0,98.75,98.75,98.75,3028.65,82.4,1400,0,0,0.0,0,F1,175,,,,,
2026-02-18,2026-02-18,FO,NSE,STO,150868,,PIIND,,2026-03-30,2026-03-30,3220.0,CE,PIIND26MAR3220CE,47.0,47.0,45.0,45.0,45.0,46.0,3028.65,36.8,1575,350,2,1143100.0,2,F1,175,,,,,
2026-02-18,2026-02-18,FO,NSE,STO,155286,,PIIND,,2026-03-30,2026-03-30,3800.0,CE,PIIND26MAR3800CE,0.0,0.0,0.0,32.9,0.0,32.9,3028.65,0.25,0,0,0,0.0,0,F1,175,,,,,
2026-02-18,2026-02-18,FO,NSE,STO,150942,,PIIND,,2026-03-30,2026-03-30,3820.0,CE,PIIND26MAR3820CE,0.0,0.0,0.0,24.0,24.0,24.0,3028.65,0.2,1925,0,0,0.0,0,F1,175,,,,,
2026-02-18,2026-02-18,FO,NSE,STO,151064,,PIIND,,2026-04-28,2026-04-28,2880.0,CE,PIIND26APR2880CE,0.0,0.0,0.0,377.1,0.0,377.1,3028.65,233.2,0,0,0,0.0,0,F1,175,,,,,
2026-02-18,2026-02-18,FO,NSE,STO,151076,,PIIND,,2026-04-28,2026-04-28,3120.0,CE,PIIND26APR3120CE,0.0,0.0,0.0,222.85,0.0,222.85,3028.65,101.75,0,0,0,0.0,0,F1,175,,,,,
2026-02-18,2026-02-18,FO,NSE,STO,151080,,PIIND,,2026-04-28,2026-04-28,3200.0,CE,PIIND26APR3200CE,0.0,0.0,0.0,182.5,0.0,182.5,3028.65,73.15,0,0,0,0.0,0,F1,175,,,,,
2026-02-18,2026-02-18,FO,NSE,STO,151090,,PIIND,,2026-04-28,2026-04-28,3400.0,CE,PIIND26APR3400CE,0.0,0.0,0.0,105.0,0.0,105.0,3028.65,28.5,0,0,0,0.0,0,F1,175,,,,,
2026-02-18,2026-02-18,FO,NSE,STO,155073,,PIIND,,2026-02-24,2026-02-24,2660.0,PE,PIIND26FEB2660PE,0.0,0.0,0.0,6.7,0.0,6.7,3028.65,0.05,0,0,0,0.0,0,F1,175,,,,,
2026-02-18,2026-02-18,FO,NSE,STO,126866,,PIIND,,2026-02-24,2026-02-24,3200.0,PE,PIIND26FEB3200PE,132.4,184.05,128.0,174.05,178.1,156.0,3028.65,174.05,57400,1225,78,45725697.5,65,F1,175,,,,,
2026-02-18,2026-02-18,FO,NSE,STO,155121,,PIIND,,2026-02-24,2026-02-24,3260.0,PE,PIIND26FEB3260PE,0.0,0.0,0.0,214.15,214.15,214.15,3028.65,228.75,32550,0,0,0.0,0,F1,175,,,,,
2026-02-18,2026-02-18,FO,NSE,STO,155149,,PIIND,,2026-02-24,2026-02-24,3620.0,PE,PIIND26FEB3620PE,0.0,0.0,0.0,432.15,0.0,432.15,3028.65,588.1,0,0,0,0.0,0,F1,175,,,,,
2026-02-18,2026-02-18,FO,NSE,STO,150843,,PIIND,,2026-03-30,2026-03-30,2700.0,PE,PIIND26MAR2700PE,23.45,23.5,19.25,20.45,20.95,27.5,3028.65,20.45,5075,4900,33,15711237.5,32,F1,175,,,,,
2026-02-18,2026-02-18,FO,NSE,STO,150923,,PIIND,,2026-03-30,2026-03-30,3420.0,PE,PIIND26MAR3420PE,0.0,0.0,0.0,293.0,0.0,293.0,3028.65,379.65,0,0,0,0.0,0,F1,175,,,,,
2026-02-18,2026-02-18,FO,NSE,STO,150871,,PIIND,,2026-03-30,2026-03-30,3260.0,PE,PIIND26MAR3260PE,0.0,0.0,0.0,201.8,201.8,201.8,3028.65,240.15,1750,0,0,0.0,0,F1,175,,,,,
2026-02-18,2026-02-18,FO,NSE,STO,155245,,PIIND,,2026-03-30,2026-03-30,2960.0,PE,PIIND26MAR2960PE,0.0,0.0,0.0,73.4,0.0,73.4,3028.65,58.95,0,0,0,0.0,0,F1,175,,,,,
2026-02-18,2026-02-18,FO,NSE,STO,155237,,PIIND,,2026-03-30,2026-03-30,2800.0,PE,PIIND26MAR2800PE,32.5,43.1,32.0,37.2,38.3,38.3,3028.65,37.2,15225,6300,104,51646236.25,66,F1,175,,,,,
2026-02-18,2026-02-18,FO,NSE,STO,155088,,PIIND,,2026-02-24,2026-02-24,2860.0,CE,PIIND26FEB2860CE,0.0,0.0,0.0,377.7,0.0,377.7,3028.65,172.35,0,0,0,0.0,0,F1,175,,,,,
2026-02-18,2026-02-18,FO,NSE,STO,155156,,PIIND,,2026-02-24,2026-02-24,3720.0,CE,PIIND26FEB3720CE,0.0,0.0,0.0,2.35,2.35,2.35,3028.65,0.05,2975,0,0,0.0,0,F1,175,,,,,
2026-02-18,2026-02-18,FO,NSE,STO,126885,,PIIND,,2026-02-24,2026-02-24,3800.0,CE,PIIND26FEB3800CE,0.0,0.0,0.0,0.5,0.5,0.5,3028.65,0.05,4025,0,0,0.0,0,F1,175,,,,,
2026-02-18,2026-02-18,FO,NSE,STO,150842,,PIIND,,2026-03-30,2026-03-30,2700.0,CE,PIIND26MAR2700CE,0.0,0.0,0.0,497.55,0.0,497.55,3028.65,351.6,0,0,0,0.0,0,F1,175,,,,,
2026-02-18,2026-02-18,FO,NSE,STO,150846,,PIIND,,2026-03-30,2026-03-30,2780.0,CE,PIIND26MAR2780CE,0.0,0.0,0.0,427.05,0.0,427.05,3028.65,280.2,0,0,0,0.0,0,F1,175,,,,,
2026-02-18,2026-02-18,FO,NSE,STO,155238,,PIIND,,2026-03-30,2026-03-30,2840.0,CE,PIIND26MAR2840CE,0.0,0.0,0.0,429.75,0.0,429.75,3028.65,230.6,0,0,0,0.0,0,F1,175,,,,,
2026-02-18,2026-02-18,FO,NSE,STO,155258,,PIIND,,2026-03-30,2026-03-30,3240.0,CE,PIIND26MAR3240CE,0.0,0.0,0.0,109.75,109.75,109.75,3028.65,32.35,350,0,0,0.0,0,F1,175,,,,,
2026-02-18,2026-02-18,FO,NSE,STO,150870,,PIIND,,2026-03-30,2026-03-30,3260.0,CE,PIIND26MAR3260CE,0.0,0.0,0.0,137.7,137.7,137.7,3028.65,28.35,2100,0,0,0.0,0,F1,175,,,,,
2026-02-18,2026-02-18,FO,NSE,STO,155268,,PIIND,,2026-03-30,2026-03-30,3440.0,CE,PIIND26MAR3440CE,16.65,16.65,14.05,14.3,14.3,25.3,3028.65,7.55,1750,700,6,3627373.75,6,F1,175,,,,,
2026-02-18,2026-02-18,FO,NSE,STO,150928,,PIIND,,2026-03-30,2026-03-30,3540.0,CE,PIIND26MAR3540CE,0.0,0.0,0.0,40.65,0.0,40.65,3028.65,3.25,0,0,0,0.0,0,F1,175,,,,,
2026-02-18,2026-02-18,FO,NSE,STO,150934,,PIIND,,2026-03-30,2026-03-30,3660.0,CE,PIIND26MAR3660CE,0.0,0.0,0.0,24.0,0.0,24.0,3028.65,1.05,0,0,0,0.0,0,F1,175,,,,,
2026-02-18,2026-02-18,FO,NSE,STO,155288,,PIIND,,2026-03-30,2026-03-30,3840.0,CE,PIIND26MAR3840CE,0.0,0.0,0.0,28.6,0.0,28.6,3028.65,0.15,0,0,0,0.0,0,F1,175,,,,,
2026-02-18,2026-02-18,FO,NSE,STO,151068,,PIIND,,2026-04-28,2026-04-28,2960.0,CE,PIIND26APR2960CE,0.0,0.0,0.0,320.25,0.0,320.25,3028.65,181.65,0,0,0,0.0,0,F1,175,,,,,
2026-02-18,2026-02-18,FO,NSE,STO,151082,,PIIND,,2026-04-28,2026-04-28,3240.0,CE,PIIND26APR3240CE,0.0,0.0,0.0,164.4,0.0,164.4,3028.65,61.4,0,0,0,0.0,0,F1,175,,,,,
2026-02-18,2026-02-18,FO,NSE,STO,151098,,PIIND,,2026-04-28,2026-04-28,3560.0,CE,PIIND26APR3560CE,0.0,0.0,0.0,64.2,0.0,64.2,3028.65,11.9,0,0,0,0.0,0,F1,175,,,,,
2026-02-18,2026-02-18,FO,NSE,STO,126850,,PIIND,,2026-02-24,2026-02-24,2800.0,PE,PIIND26FEB2800PE,2.5,3.1,2.0,2.65,2.6,3.35,3028.65,2.65,31500,-875,82,40218193.75,56,F1,175,,,,,
2026-02-18,2026-02-18,FO,NSE,STO,155113,,PIIND,,2026-02-24,2026-02-24,3160.0,PE,PIIND26FEB3160PE,0.0,0.0,0.0,120.85,120.85,120.85,3028.65,132.6,31675,0,0,0.0,0,F1,175,,,,,
2026-02-18,2026-02-18,FO,NSE,STO,155119,,PIIND,,2026-02-24,2026-02-24,3240.0,PE,PIIND26FEB3240PE,0.0,0.0,0.0,205.0,205.0,205.0,3028.65,209.0,31850,0,0,0.0,0,F1,175,,,,,
2026-02-18,2026-02-18,FO,NSE,STO,155289,,PIIND,,2026-03-30,2026-03-30,3840.0,PE,PIIND26MAR3840PE,0.0,0.0,0.0,627.8,0.0,627.8,3028.65,788.45,0,0,0,0.0,0,F1,175,,,,,
2026-02-18,2026-02-18,FO,NSE,STO,150941,,PIIND,,2026-03-30,2026-03-30,3780.0,PE,PIIND26MAR3780PE,0.0,0.0,0.0,596.9,0.0,596.9,3028.65,728.95,0,0,0,0.0,0,F1,175,,,,,
2026-02-18,2026-02-18,FO,NSE,STO,150933,,PIIND,,2026-03-30,2026-03-30,3620.0,PE,PIIND26MAR3620PE,0.0,0.0,0.0,453.7,0.0,453.7,3028.65,571.15,0,0,0,0.0,0,F1,175,,,,,
2026-02-18,2026-02-18,FO,NSE,STO,150925,,PIIND,,2026-03-30,2026-03-30,3460.0,PE,PIIND26MAR3460PE,0.0,0.0,0.0,323.15,0.0,323.15,3028.65,416.95,0,0,0,0.0,0,F1,175,,,,,
2026-02-18,2026-02-18,FO,NSE,STO,155269,,PIIND,,2026-03-30,2026-03-30,3440.0,PE,PIIND26MAR3440PE,0.0,0.0,0.0,438.7,438.7,438.7,3028.65,398.2,1050,0,0,0.0,0,F1,175,,,,,
2026-02-18,2026-02-18,FO,NSE,STO,155143,,PIIND,,2026-02-24,2026-02-24,3540.0,PE,PIIND26FEB3540PE,0.0,0.0,0.0,498.2,498.2,498.2,3028.65,508.15,525,0,0,0.0,0,F1,175,,,,,
2026-02-18,2026-02-18,FO,NSE,STO,155287,,PIIND,,2026-03-30,2026-03-30,3800.0,PE,PIIND26MAR3800PE,0.0,0.0,0.0,592.75,0.0,592.75,3028.65,748.75,0,0,0,0.0,0,F1,175,,,,,
2026-02-18,2026-02-18,FO,NSE,STO,150945,,PIIND,,2026-03-30,2026-03-30,3860.0,PE,PIIND26MAR3860PE,0.0,0.0,0.0,671.6,0.0,671.6,3028.65,808.3,0,0,0,0.0,0,F1,175,,,,,
2026-02-18,2026-02-18,FO,NSE,STO,151055,,PIIND,,2026-04-28,2026-04-28,2680.0,PE,PIIND26APR2680PE,0.0,0.0,0.0,20.6,0.0,20.6,3028.65,15.1,0,0,0,0.0,0,F1,175,,,,,
2026-02-18,2026-02-18,FO,NSE,STO,151065,,PIIND,,2026-04-28,2026-04-28,2880.0,PE,PIIND26APR2880PE,0.0,0.0,0.0,55.8,0.0,55.8,3028.65,54.75,0,0,0,0.0,0,F1,175,,,,,
2026-02-18,2026-02-18,FO,NSE,STO,151091,,PIIND,,2026-04-28,2026-04-28,3400.0,PE,PIIND26APR3400PE,0.0,0.0,0.0,295.7,0.0,295.7,3028.65,364.65,0,0,0,0.0,0,F1,175,,,,,
2026-02-18,2026-02-18,FO,NSE,STO,151099,,PIIND,,2026-04-28,2026-04-28,3560.0,PE,PIIND26APR3560PE,0.0,0.0,0.0,412.45,0.0,412.45,3028.65,506.45,0,0,0,0.0,0,F1,175,,,,,
2026-02-18,2026-02-18,FO,NSE,STO,150836,,PIIND,,2026-03-30,2026-03-30,2620.0,CE,PIIND26MAR2620CE,0.0,0.0,0.0,571.2,0.0,571.2,3028.65,427.1,0,0,0,0.0,0,F1,175,,,,,
2026-02-18,2026-02-18,FO,NSE,STO,150848,,PIIND,,2026-03-30,2026-03-30,2820.0,CE,PIIND26MAR2820CE,0.0,0.0,0.0,393.3,0.0,393.3,3028.65,246.7,0,0,0,0.0,0,F1,175,,,,,
2026-02-18,2026-02-18,FO,NSE,STO,151062,,PIIND,,2026-04-28,2026-04-28,2840.0,CE,PIIND26APR2840CE,0.0,0.0,0.0,407.3,0.0,407.3,3028.65,261.75,0,0,0,0.0,0,F1,175,,,,,
2026-02-18,2026-02-18,FO,NSE,STO,151066,,PIIND,,2026-04-28,2026-04-28,2920.0,CE,PIIND26APR2920CE,0.0,0.0,0.0,348.15,0.0,348.15,3028.65,206.45,0,0,0,0.0,0,F1,175,,,,,
2026-02-18,2026-02-18,FO,NSE,STO,151086,,PIIND,,2026-04-28,2026-04-28,3320.0,CE,PIIND26APR3320CE,0.0,0.0,0.0,132.15,0.0,132.15,3028.65,42.35,0,0,0,0.0,0,F1,175,,,,,
2026-02-18,2026-02-18,FO,NSE,STO,151092,,PIIND,,2026-04-28,2026-04-28,3440.0,CE,PIIND26APR3440CE,0.0,0.0,0.0,93.15,0.0,93.15,3028.65,23.1,0,0,0,0.0,0,F1,175,,,,,
2026-02-18,2026-02-18,FO,NSE,STO,126846,,PIIND,,2026-02-24,2026-02-24,2700.0,CE,PIIND26FEB2700CE,0.0,0.0,0.0,356.95,356.95,356.95,3028.65,331.1,350,0,0,0.0,0,F1,175,,,,,
2026-02-18,2026-02-18,FO,NSE,STO,155116,,PIIND,,2026-02-24,2026-02-24,3220.0,CE,PIIND26FEB3220CE,11.0,11.0,3.9,4.1,4.2,9.5,3028.65,4.1,34300,875,213,120261452.5,197,F1,175,,,,,
2026-02-18,2026-02-18,FO,NSE,STO,155150,,PIIND,,2026-02-24,2026-02-24,3640.0,CE,PIIND26FEB3640CE,0.0,0.0,0.0,1.0,1.0,1.0,3028.65,0.05,3325,0,0,0.0,0,F1,175,,,,,
2026-02-18,2026-02-18,FO,NSE,STO,150875,,PIIND,,2026-03-30,2026-03-30,3340.0,PE,PIIND26MAR3340PE,0.0,0.0,0.0,236.95,0.0,236.95,3028.65,307.5,0,0,0,0.0,0,F1,175,,,,,
2026-02-18,2026-02-18,FO,NSE,STO,155261,,PIIND,,2026-03-30,2026-03-30,3280.0,PE,PIIND26MAR3280PE,317.7,317.7,317.7,317.7,317.7,180.4,3028.65,317.7,525,0,2,1259195.0,2,F1,175,,,,,
2026-02-18,2026-02-18,FO,NSE,STO,126886,,PIIND,,2026-02-24,2026-02-24,3800.0,PE,PIIND26FEB3800PE,0.0,0.0,0.0,393.55,0.0,393.55,3028.65,767.9,0,0,0,0.0,0,F1,175,,,,,
2026-02-18,2026-02-18,FO,NSE,STO,126884,,PIIND,,2026-02-24,2026-02-24,3700.0,PE,PIIND26FEB3700PE,0.0,0.0,0.0,572.8,572.8,572.8,3028.65,668.0,0,0,0,0.0,0,F1,175,,,,,
2026-02-18,2026-02-18,FO,NSE,STO,126883,,PIIND,,2026-02-24,2026-02-24,3700.0,CE,PIIND26FEB3700CE,0.35,0.45,0.35,0.35,0.35,0.85,3028.65,0.05,10675,-875,5,3237823.75,3,F1,175,,,,,
2026-02-18,2026-02-18,FO,NSE,STO,155224,,PIIND,,2026-03-30,2026-03-30,2560.0,CE,PIIND26MAR2560CE,0.0,0.0,0.0,671.1,0.0,671.1,3028.65,485.25,0,0,0,0.0,0,F1,175,,,,,
2026-02-18,2026-02-18,FO,NSE,STO,151094,,PIIND,,2026-04-28,2026-04-28,3480.0,CE,PIIND26APR3480CE,0.0,0.0,0.0,82.4,0.0,82.4,3028.65,18.65,0,0,0,0.0,0,F1,175,,,,,
2026-02-18,2026-02-18,FO,NSE,STO,151196,,PIIND,,2026-04-28,2026-04-28,3800.0,CE,PIIND26APR3800CE,0.0,0.0,0.0,28.1,0.0,28.1,3028.65,2.7,0,0,0,0.0,0,F1,175,,,,,
2026-02-18,2026-02-18,FO,NSE,STO,155081,,PIIND,,2026-02-24,2026-02-24,2760.0,PE,PIIND26FEB2760PE,3.05,3.5,3.05,3.5,3.5,4.85,3028.65,0.05,5425,-350,2,967146.25,2,F1,175,,,,,
2026-02-18,2026-02-18,FO,NSE,STO,155085,,PIIND,,2026-02-24,2026-02-24,2820.0,PE,PIIND26FEB2820PE,4.2,4.2,2.25,2.25,2.25,4.2,3028.65,2.25,5775,175,2,988128.75,2,F1,175,,,,,
2026-02-18,2026-02-18,FO,NSE,STO,155111,,PIIND,,2026-02-24,2026-02-24,3140.0,PE,PIIND26FEB3140PE,81.55,123.6,78.15,119.6,122.15,110.5,3028.65,119.6,19075,-4200,37,20984232.5,37,F1,175,,,,,
2026-02-18,2026-02-18,FO,NSE,STO,155115,,PIIND,,2026-02-24,2026-02-24,3180.0,PE,PIIND26FEB3180PE,109.7,160.0,109.7,158.1,160.0,153.95,3028.65,158.1,13125,-875,9,5242151.25,8,F1,175,,,,,
2026-02-18,2026-02-18,FO,NSE,STO,126880,,PIIND,,2026-02-24,2026-02-24,3500.0,PE,PIIND26FEB3500PE,475.0,475.0,475.0,475.0,475.0,444.0,3028.65,475.0,19250,-350,2,1391250.0,1,F1,175,,,,,
2026-02-18,2026-02-18,FO,NSE,STO,150924,,PIIND,,2026-03-30,2026-03-30,3460.0,CE,PIIND26MAR3460CE,0.0,0.0,0.0,91.95,91.95,91.95,3028.65,6.4,1225,0,0,0.0,0,F1,175,,,,,
2026-02-18,2026-02-18,FO,NSE,STO,155255,,PIIND,,2026-03-30,2026-03-30,3160.0,PE,PIIND26MAR3160PE,0.0,0.0,0.0,202.05,202.05,202.05,3028.65,165.35,1050,0,0,0.0,0,F1,175,,,,,
2026-02-18,2026-02-18,FO,NSE,STO,150867,,PIIND,,2026-03-30,2026-03-30,3180.0,PE,PIIND26MAR3180PE,0.0,0.0,0.0,164.95,164.95,164.95,3028.65,179.3,175,0,0,0.0,0,F1,175,,,,,
2026-02-18,2026-02-18,FO,NSE,STO,155273,,PIIND,,2026-03-30,2026-03-30,3520.0,PE,PIIND26MAR3520PE,0.0,0.0,0.0,366.15,0.0,366.15,3028.65,474.05,0,0,0,0.0,0,F1,175,,,,,
2026-02-18,2026-02-18,FO,NSE,STO,150939,,PIIND,,2026-03-30,2026-03-30,3740.0,PE,PIIND26MAR3740PE,0.0,0.0,0.0,560.2,0.0,560.2,3028.65,689.35,0,0,0,0.0,0,F1,175,,,,,
2026-02-18,2026-02-18,FO,NSE,STO,151053,,PIIND,,2026-04-28,2026-04-28,2640.0,PE,PIIND26APR2640PE,0.0,0.0,0.0,16.35,0.0,16.35,3028.65,11.05,0,0,0,0.0,0,F1,175,,,,,
2026-02-18,2026-02-18,FO,NSE,STO,151069,,PIIND,,2026-04-28,2026-04-28,2960.0,PE,PIIND26APR2960PE,0.0,0.0,0.0,77.75,0.0,77.75,3028.65,82.35,0,0,0,0.0,0,F1,175,,,,,
2026-02-18,2026-02-18,FO,NSE,STO,151073,,PIIND,,2026-04-28,2026-04-28,3040.0,PE,PIIND26APR3040PE,0.0,0.0,0.0,105.05,0.0,105.05,3028.65,117.7,0,0,0,0.0,0,F1,175,,,,,
2026-02-18,2026-02-18,FO,NSE,STO,151077,,PIIND,,2026-04-28,2026-04-28,3120.0,PE,PIIND26APR3120PE,0.0,0.0,0.0,137.85,0.0,137.85,3028.65,160.85,0,0,0,0.0,0,F1,175,,,,,
2026-02-18,2026-02-18,FO,NSE,STO,151050,,PIIND,,2026-04-28,2026-04-28,2600.0,CE,PIIND26APR2600CE,0.0,0.0,0.0,609.8,0.0,609.8,3028.65,463.45,0,0,0,0.0,0,F1,175,,,,,
2026-02-18,2026-02-18,FO,NSE,STO,151054,,PIIND,,2026-04-28,2026-04-28,2680.0,CE,PIIND26APR2680CE,0.0,0.0,0.0,538.85,0.0,538.85,3028.65,391.45,0,0,0,0.0,0,F1,175,,,,,
2026-02-18,2026-02-18,FO,NSE,STO,151102,,PIIND,,2026-04-28,2026-04-28,3640.0,CE,PIIND26APR3640CE,0.0,0.0,0.0,49.2,0.0,49.2,3028.65,7.45,0,0,0,0.0,0,F1,175,,,,,
2026-02-18,2026-02-18,FO,NSE,STO,151198,,PIIND,,2026-04-28,2026-04-28,3840.0,CE,PIIND26APR3840CE,0.0,0.0,0.0,24.25,0.0,24.25,3028.65,2.05,0,0,0,0.0,0,F1,175,,,,,
2026-02-18,2026-02-18,FO,NSE,STF,52007,,PIIND,,2026-03-30,2026-03-30,,,PIIND26MARFUT,3023.5,3051.0,2971.0,2981.1,2979.6,3007.7,3028.65,2981.1,815500,194425,1997,1049320930.0,1822,F1,175,,,,,
2026-02-18,2026-02-18,FO,NSE,STO,126848,,PIIND,,2026-02-24,2026-02-24,2800.0,CE,PIIND26FEB2800CE,0.0,0.0,0.0,242.15,242.15,242.15,3028.65,231.35,525,0,0,0.0,0,F1,175,,,,,
2026-02-18,2026-02-18,FO,NSE,STO,126851,,PIIND,,2026-02-24,2026-02-24,2900.0,CE,PIIND26FEB2900CE,0.0,0.0,0.0,284.25,284.25,284.25,3028.65,134.55,2275,0,0,0.0,0,F1,175,,,,,
2026-02-18,2026-02-18,FO,NSE,STO,126867,,PIIND,,2026-02-24,2026-02-24,3300.0,CE,PIIND26FEB3300CE,5.2,5.85,2.35,2.5,2.5,5.15,3028.65,2.5,154525,-13825,462,267079846.25,320,F1,175,,,,,
2026-02-18,2026-02-18,FO,NSE,STO,155128,,PIIND,,2026-02-24,2026-02-24,3360.0,CE,PIIND26FEB3360CE,1.8,2.0,1.75,2.0,2.0,3.75,3028.65,0.05,4725,-875,13,7648322.5,12,F1,175,,,,,
2026-02-18,2026-02-18,FO,NSE,STO,155130,,PIIND,,2026-02-24,2026-02-24,3380.0,CE,PIIND26FEB3380CE,1.6,1.75,1.5,1.55,1.6,3.2,3028.65,1.55,5250,875,10,5917826.25,9,F1,175,,,,,
2026-02-18,2026-02-18,FO,NSE,STO,155168,,PIIND,,2026-02-24,2026-02-24,3860.0,CE,PIIND26FEB3860CE,0.0,0.0,0.0,9.1,0.0,9.1,3028.65,0.05,0,0,0,0.0,0,F1,175,,,,,
2026-02-18,2026-02-18,FO,NSE,STO,155226,,PIIND,,2026-03-30,2026-03-30,2600.0,CE,PIIND26MAR2600CE,0.0,0.0,0.0,557.25,557.25,557.25,3028.65,446.35,175,0,0,0.0,0,F1,175,,,,,
2026-02-18,2026-02-18,FO,NSE,STO,150850,,PIIND,,2026-03-30,2026-03-30,2860.0,CE,PIIND26MAR2860CE,0.0,0.0,0.0,360.7,0.0,360.7,3028.65,215.0,0,0,0,0.0,0,F1,175,,,,,
2026-02-18,2026-02-18,FO,NSE,STO,155246,,PIIND,,2026-03-30,2026-03-30,3000.0,CE,PIIND26MAR3000CE,118.0,118.0,96.15,100.0,101.2,121.3,3028.65,100.0,18375,5250,59,32092576.25,59,F1,175,,,,,
2026-02-18,2026-02-18,FO,NSE,STO,155270,,PIIND,,2026-03-30,2026-03-30,3480.0,CE,PIIND26MAR3480CE,0.0,0.0,0.0,25.25,25.25,25.25,3028.65,5.4,350,0,0,0.0,0,F1,175,,,,,
2026-02-18,2026-02-18,FO,NSE,STO,150926,,PIIND,,2026-03-30,2026-03-30,3500.0,CE,PIIND26MAR3500CE,12.5,12.7,7.45,7.65,7.8,10.45,3028.65,7.65,30800,5425,98,60174336.25,66,F1,175,,,,,
2026-02-18,2026-02-18,FO,NSE,STO,150932,,PIIND,,2026-03-30,2026-03-30,3620.0,CE,PIIND26MAR3620CE,0.0,0.0,0.0,46.1,46.1,46.1,3028.65,1.55,350,0,0,0.0,0,F1,175,,,,,
2026-02-18,2026-02-18,FO,NSE,STO,155278,,PIIND,,2026-03-30,2026-03-30,3640.0,CE,PIIND26MAR3640CE,0.0,0.0,0.0,42.2,41.85,42.2,3028.65,1.3,700,0,0,0.0,0,F1,175,,,,,
2026-02-18,2026-02-18,FO,NSE,STO,155067,,PIIND,,2026-02-24,2026-02-24,2580.0,PE,PIIND26FEB2580PE,0.0,0.0,0.0,3.4,0.0,3.4,3028.65,0.05,0,0,0,0.0,0,F1,175,,,,,
2026-02-18,2026-02-18,FO,NSE,STO,155087,,PIIND,,2026-02-24,2026-02-24,2840.0,PE,PIIND26FEB2840PE,3.05,3.8,2.7,3.0,3.0,5.8,3028.65,3.0,29050,-875,40,19901560.0,37,F1,175,,,,,
2026-02-18,2026-02-18,FO,NSE,STO,155093,,PIIND,,2026-02-24,2026-02-24,2920.0,PE,PIIND26FEB2920PE,7.85,11.2,6.2,7.35,7.35,11.4,3028.65,5.2,59850,-2275,64,32789758.75,55,F1,175,,,,,
2026-02-18,2026-02-18,FO,NSE,STO,155095,,PIIND,,2026-02-24,2026-02-24,2940.0,PE,PIIND26FEB2940PE,10.35,15.15,7.75,12.15,13.25,14.65,3028.65,12.15,21525,1050,109,56287507.5,101,F1,175,,,,,
2026-02-18,2026-02-18,FO,NSE,STO,126856,,PIIND,,2026-02-24,2026-02-24,3100.0,PE,PIIND26FEB3100PE,63.8,95.0,50.15,88.85,92.7,78.15,3028.65,88.85,53200,-4025,493,273324782.5,407,F1,175,,,,,
2026-02-18,2026-02-18,FO,NSE,STO,155109,,PIIND,,2026-02-24,2026-02-24,3120.0,PE,PIIND26FEB3120PE,71.8,108.4,65.35,106.0,108.4,99.9,3028.65,106.0,14875,-2450,45,25257645.0,43,F1,175,,,,,
2026-02-18,2026-02-18,FO,NSE,STO,155127,,PIIND,,2026-02-24,2026-02-24,3340.0,PE,PIIND26FEB3340PE,0.0,0.0,0.0,195.05,195.05,195.05,3028.65,308.35,5600,0,0,0.0,0,F1,175,,,,,
2026-02-18,2026-02-18,FO,NSE,STO,155133,,PIIND,,2026-02-24,2026-02-24,3420.0,PE,PIIND26FEB3420PE,0.0,0.0,0.0,273.3,0.0,273.3,3028.65,388.25,0,0,0,0.0,0,F1,175,,,,,
2026-02-18,2026-02-18,FO,NSE,STO,155135,,PIIND,,2026-02-24,2026-02-24,3440.0,PE,PIIND26FEB3440PE,0.0,0.0,0.0,417.35,417.35,417.35,3028.65,408.25,525,0,0,0.0,0,F1,175,,,,,
2026-02-18,2026-02-18,FO,NSE,STO,155139,,PIIND,,2026-02-24,2026-02-24,3480.0,PE,PIIND26FEB3480PE,0.0,0.0,0.0,318.2,0.0,318.2,3028.65,448.2,0,0,0,0.0,0,F1,175,,,,,
2026-02-18,2026-02-18,FO,NSE,STO,155249,,PIIND,,2026-03-30,2026-03-30,3040.0,PE,PIIND26MAR3040PE,0.0,0.0,0.0,110.2,110.2,110.2,3028.65,93.9,875,0,0,0.0,0,F1,175,,,,,
2026-02-18,2026-02-18,FO,NSE,STO,155074,,PIIND,,2026-02-24,2026-02-24,2680.0,CE,PIIND26FEB2680CE,0.0,0.0,0.0,536.55,0.0,536.55,3028.65,351.05,0,0,0,0.0,0,F1,175,,,,,
2026-02-18,2026-02-18,FO,NSE,STO,155225,,PIIND,,2026-03-30,2026-03-30,2560.0,PE,PIIND26MAR2560PE,0.0,0.0,0.0,9.3,0.0,9.3,3028.65,1.25,0,0,0,0.0,0,F1,175,,,,,
2026-02-18,2026-02-18,FO,NSE,STO,155163,,PIIND,,2026-02-24,2026-02-24,3780.0,PE,PIIND26FEB3780PE,0.0,0.0,0.0,574.9,0.0,574.9,3028.65,747.95,0,0,0,0.0,0,F1,175,,,,,
2026-02-18,2026-02-18,FO,NSE,STO,150835,,PIIND,,2026-03-30,2026-03-30,2580.0,PE,PIIND26MAR2580PE,0.0,0.0,0.0,4.75,0.0,4.75,3028.65,1.6,0,0,0,0.0,0,F1,175,,,,,
2026-02-18,2026-02-18,FO,NSE,STO,150849,,PIIND,,2026-03-30,2026-03-30,2820.0,PE,PIIND26MAR2820PE,0.0,0.0,0.0,42.0,42.0,42.0,3028.65,21.1,175,0,0,0.0,0,F1,175,,,,,
2026-02-18,2026-02-18,FO,NSE,STO,150855,,PIIND,,2026-03-30,2026-03-30,2940.0,PE,PIIND26MAR2940PE,0.0,0.0,0.0,80.0,80.0,80.0,3028.65,51.8,350,0,0,0.0,0,F1,175,,,,,
2026-02-18,2026-02-18,FO,NSE,STO,150859,,PIIND,,2026-03-30,2026-03-30,3020.0,PE,PIIND26MAR3020PE,0.0,0.0,0.0,99.9,99.9,99.9,3028.65,84.15,525,0,0,0.0,0,F1,175,,,,,
2026-02-18,2026-02-18,FO,NSE,STO,155251,,PIIND,,2026-03-30,2026-03-30,3080.0,PE,PIIND26MAR3080PE,0.0,0.0,0.0,114.15,0.0,114.15,3028.65,115.25,0,0,0,0.0,0,F1,175,,,,,
2026-02-18,2026-02-18,FO,NSE,STO,126882,,PIIND,,2026-02-24,2026-02-24,3600.0,PE,PIIND26FEB3600PE,580.0,580.0,580.0,580.0,580.0,549.0,3028.65,568.1,5950,0,7,5120500.0,2,F1,175,,,,,
2026-02-18,2026-02-18,FO,NSE,STO,151199,,PIIND,,2026-04-28,2026-04-28,3840.0,PE,PIIND26APR3840PE,0.0,0.0,0.0,648.25,0.0,648.25,3028.65,773.7,0,0,0,0.0,0,F1,175,,,,,
2026-02-18,2026-02-18,FO,NSE,STO,151093,,PIIND,,2026-04-28,2026-04-28,3440.0,PE,PIIND26APR3440PE,0.0,0.0,0.0,323.3,0.0,323.3,3028.65,398.9,0,0,0,0.0,0,F1,175,,,,,
2026-02-18,2026-02-18,FO,NSE,STO,151079,,PIIND,,2026-04-28,2026-04-28,3160.0,PE,PIIND26APR3160PE,0.0,0.0,0.0,156.4,0.0,156.4,3028.65,185.25,0,0,0,0.0,0,F1,175,,,,,
2026-02-18,2026-02-18,FO,NSE,STO,155147,,PIIND,,2026-02-24,2026-02-24,3580.0,PE,PIIND26FEB3580PE,0.0,0.0,0.0,398.35,0.0,398.35,3028.65,548.1,0,0,0,0.0,0,F1,175,,,,,
2026-02-18,2026-02-18,FO,NSE,STO,151057,,PIIND,,2026-04-28,2026-04-28,2720.0,PE,PIIND26APR2720PE,0.0,0.0,0.0,25.65,0.0,25.65,3028.65,20.2,0,0,0,0.0,0,F1,175,,,,,
2026-02-18,2026-02-18,FO,NSE,STO,155100,,PIIND,,2026-02-24,2026-02-24,3020.0,CE,PIIND26FEB3020CE,73.65,89.45,41.8,44.45,41.8,71.05,3028.65,44.45,17150,-1750,85,45792635.0,83,F1,175,,,,,
2026-02-18,2026-02-18,FO,NSE,STO,155108,,PIIND,,2026-02-24,2026-02-24,3120.0,CE,PIIND26FEB3120CE,29.0,36.85,11.3,12.25,11.8,27.7,3028.65,12.25,21175,-2800,419,230441251.25,362,F1,175,,,,,
2026-02-18,2026-02-18,FO,NSE,STO,155120,,PIIND,,2026-02-24,2026-02-24,3260.0,CE,PIIND26FEB3260CE,7.8,7.8,3.0,3.1,3.1,6.75,3028.65,3.1,19600,-3325,115,65702210.0,109,F1,175,,,,,
2026-02-18,2026-02-18,FO,NSE,STO,155148,,PIIND,,2026-02-24,2026-02-24,3620.0,CE,PIIND26FEB3620CE,0.0,0.0,0.0,3.0,3.0,3.0,3028.65,0.05,0,0,0,0.0,0,F1,175,,,,,
2026-02-18,2026-02-18,FO,NSE,STO,155154,,PIIND,,2026-02-24,2026-02-24,3680.0,CE,PIIND26FEB3680CE,0.0,0.0,0.0,22.35,0.0,22.35,3028.65,0.05,0,0,0,0.0,0,F1,175,,,,,
2026-02-18,2026-02-18,FO,NSE,STO,155234,,PIIND,,2026-03-30,2026-03-30,2760.0,CE,PIIND26MAR2760CE,0.0,0.0,0.0,494.45,0.0,494.45,3028.65,297.6,0,0,0,0.0,0,F1,175,,,,,
2026-02-18,2026-02-18,FO,NSE,STO,155236,,PIIND,,2026-03-30,2026-03-30,2800.0,CE,PIIND26MAR2800CE,225.0,225.0,225.0,225.0,225.0,240.0,3028.65,263.25,1575,350,2,1058750.0,2,F1,175,,,,,
2026-02-18,2026-02-18,FO,NSE,STO,155252,,PIIND,,2026-03-30,2026-03-30,3120.0,CE,PIIND26MAR3120CE,0.0,0.0,0.0,84.5,84.5,84.5,3028.65,66.5,875,0,0,0.0,0,F1,175,,,,,
2026-02-18,2026-02-18,FO,NSE,STO,155256,,PIIND,,2026-03-30,2026-03-30,3200.0,CE,PIIND26MAR3200CE,57.2,58.5,35.45,36.0,36.35,51.5,3028.65,36.0,62475,33600,456,259028481.25,362,F1,175,,,,,
2026-02-18,2026-02-18,FO,NSE,STO,155262,,PIIND,,2026-03-30,2026-03-30,3320.0,CE,PIIND26MAR3320CE,17.2,19.6,17.2,18.65,18.85,50.75,3028.65,18.65,1400,875,9,5258680.0,9,F1,175,,,,,
2026-02-18,2026-02-18,FO,NSE,STO,150930,,PIIND,,2026-03-30,2026-03-30,3580.0,CE,PIIND26MAR3580CE,0.0,0.0,0.0,34.25,0.0,34.25,3028.65,2.25,0,0,0,0.0,0,F1,175,,,,,
2026-02-18,2026-02-18,FO,NSE,STO,151074,,PIIND,,2026-04-28,2026-04-28,3080.0,CE,PIIND26APR3080CE,0.0,0.0,0.0,245.15,0.0,245.15,3028.65,118.8,0,0,0,0.0,0,F1,175,,,,,
2026-02-18,2026-02-18,FO,NSE,STO,155091,,PIIND,,2026-02-24,2026-02-24,2880.0,PE,PIIND26FEB2880PE,4.0,6.35,3.9,4.95,4.9,7.55,3028.65,4.95,5075,-2625,86,43417710.0,86,F1,175,,,,,
2026-02-18,2026-02-18,FO,NSE,STO,155097,,PIIND,,2026-02-24,2026-02-24,2960.0,PE,PIIND26FEB2960PE,17.3,19.9,10.15,16.35,16.85,17.8,3028.65,16.35,9800,-2450,164,85349346.25,160,F1,175,,,,,
2026-02-18,2026-02-18,FO,NSE,STO,155101,,PIIND,,2026-02-24,2026-02-24,3020.0,PE,PIIND26FEB3020PE,28.0,42.95,20.6,37.25,39.1,36.9,3028.65,37.25,28175,700,349,186309182.5,295,F1,175,,,,,
2026-02-18,2026-02-18,FO,NSE,STO,155129,,PIIND,,2026-02-24,2026-02-24,3360.0,PE,PIIND26FEB3360PE,0.0,0.0,0.0,231.7,0.0,231.7,3028.65,328.35,0,0,0,0.0,0,F1,175,,,,,
2026-02-18,2026-02-18,FO,NSE,STO,155145,,PIIND,,2026-02-24,2026-02-24,3560.0,PE,PIIND26FEB3560PE,520.6,520.6,520.6,520.6,520.6,530.5,3028.65,520.6,2275,0,1,714105.0,1,F1,175,,,,,
2026-02-18,2026-02-18,FO,NSE,STO,151067,,PIIND,,2026-04-28,2026-04-28,2920.0,PE,PIIND26APR2920PE,0.0,0.0,0.0,66.25,0.0,66.25,3028.65,67.6,0,0,0,0.0,0,F1,175,,,,,
2026-02-18,2026-02-18,FO,NSE,STO,155281,,PIIND,,2026-03-30,2026-03-30,3680.0,PE,PIIND26MAR3680PE,0.0,0.0,0.0,680.0,680.0,680.0,3028.65,630.1,875,0,0,0.0,0,F1,175,,,,,
2026-02-18,2026-02-18,FO,NSE,STO,155279,,PIIND,,2026-03-30,2026-03-30,3640.0,PE,PIIND26MAR3640PE,0.0,0.0,0.0,458.55,0.0,458.55,3028.65,590.75,0,0,0,0.0,0,F1,175,,,,,
2026-02-18,2026-02-18,FO,NSE,STO,155277,,PIIND,,2026-03-30,2026-03-30,3600.0,PE,PIIND26MAR3600PE,0.0,0.0,0.0,585.0,585.0,585.0,3028.65,551.6,2625,0,0,0.0,0,F1,175,,,,,
2026-02-18,2026-02-18,FO,NSE,STO,150931,,PIIND,,2026-03-30,2026-03-30,3580.0,PE,PIIND26MAR3580PE,0.0,0.0,0.0,419.6,0.0,419.6,3028.65,532.1,0,0,0,0.0,0,F1,175,,,,,
2026-02-18,2026-02-18,FO,NSE,STO,155098,,PIIND,,2026-02-24,2026-02-24,2980.0,CE,PIIND26FEB2980CE,116.3,119.3,66.35,82.9,82.9,96.55,3028.65,68.55,7175,-1225,27,14504700.0,27,F1,175,,,,,
2026-02-18,2026-02-18,FO,NSE,STO,151103,,PIIND,,2026-04-28,2026-04-28,3640.0,PE,PIIND26APR3640PE,0.0,0.0,0.0,476.25,0.0,476.25,3028.65,581.15,0,0,0,0.0,0,F1,175,,,,,
2026-02-18,2026-02-18,FO,NSE,STO,151071,,PIIND,,2026-04-28,2026-04-28,3000.0,PE,PIIND26APR3000PE,0.0,0.0,0.0,123.0,123.0,123.0,3028.65,99.05,175,0,0,0.0,0,F1,175,,,,,
2026-02-18,2026-02-18,FO,NSE,STO,150943,,PIIND,,2026-03-30,2026-03-30,3820.0,PE,PIIND26MAR3820PE,0.0,0.0,0.0,634.05,0.0,634.05,3028.65,768.6,0,0,0,0.0,0,F1,175,,,,,
2026-02-18,2026-02-18,FO,NSE,STO,155267,,PIIND,,2026-03-30,2026-03-30,3400.0,PE,PIIND26MAR3400PE,393.2,421.15,393.2,421.15,421.15,402.5,3028.65,421.15,1400,700,4,2668461.25,4,F1,175,,,,,
2026-02-18,2026-02-18,FO,NSE,STO,150845,,PIIND,,2026-03-30,2026-03-30,2740.0,PE,PIIND26MAR2740PE,0.0,0.0,0.0,16.0,0.0,16.0,3028.65,10.15,0,0,0,0.0,0,F1,175,,,,,
2026-02-18,2026-02-18,FO,NSE,STO,155137,,PIIND,,2026-02-24,2026-02-24,3460.0,PE,PIIND26FEB3460PE,0.0,0.0,0.0,320.0,320.0,320.0,3028.65,428.2,0,0,0,0.0,0,F1,175,,,,,
2026-02-18,2026-02-18,FO,NSE,STO,168908,,TATACONSUM,,2026-03-30,2026-03-30,1010.0,CE,TATACONSUM26MAR1010CE,0.0,0.0,0.0,190.6,0.0,190.6,1169.65,166.45,0,0,0,0.0,0,F1,550,,,,,
2026-02-18,2026-02-18,FO,NSE,STO,160744,,TATACONSUM,,2026-03-30,2026-03-30,960.0,CE,TATACONSUM26MAR960CE,0.0,0.0,0.0,235.55,0.0,235.55,1169.65,215.55,0,0,0,0.0,0,F1,550,,,,,
2026-02-18,2026-02-18,FO,NSE,STO,160672,,TATACONSUM,,2026-02-24,2026-02-24,1150.0,CE,TATACONSUM26FEB1150CE,12.8,26.35,12.3,23.75,20.0,12.75,1169.65,23.75,98450,-74250,778,499751505.0,657,F1,550,,,,,
2026-02-18,2026-02-18,FO,NSE,STO,160664,,TATACONSUM,,2026-02-24,2026-02-24,1070.0,CE,TATACONSUM26FEB1070CE,82.0,88.45,82.0,87.9,87.9,64.45,1169.65,100.65,4400,-2200,4,2541275.0,4,F1,550,,,,,
2026-02-18,2026-02-18,FO,NSE,STO,160660,,TATACONSUM,,2026-02-24,2026-02-24,1030.0,CE,TATACONSUM26FEB1030CE,0.0,0.0,0.0,162.3,0.0,162.3,1169.65,140.6,0,0,0,0.0,0,F1,550,,,,,
2026-02-18,2026-02-18,FO,NSE,STO,168927,,TATACONSUM,,2026-03-30,2026-03-30,1190.0,PE,TATACONSUM26MAR1190PE,0.0,0.0,0.0,45.55,0.0,45.55,1169.65,43.2,0,0,0,0.0,0,F1,550,,,,,
2026-02-18,2026-02-18,FO,NSE,STO,160755,,TATACONSUM,,2026-03-30,2026-03-30,1060.0,PE,TATACONSUM26MAR1060PE,6.0,6.0,6.0,6.0,6.0,9.5,1169.65,3.5,3850,550,1,586300.0,1,F1,550,,,,,
2026-02-18,2026-02-18,FO,NSE,STO,160739,,TATACONSUM,,2026-03-30,2026-03-30,900.0,PE,TATACONSUM26MAR900PE,0.0,0.0,0.0,0.6,0.0,0.6,1169.65,0.05,0,0,0,0.0,0,F1,550,,,,,
2026-02-18,2026-02-18,FO,NSE,STO,160687,,TATACONSUM,,2026-02-24,2026-02-24,1290.0,PE,TATACONSUM26FEB1290PE,0.0,0.0,0.0,113.9,0.0,113.9,1169.65,119.2,0,0,0,0.0,0,F1,550,,,,,
2026-02-18,2026-02-18,FO,NSE,STO,139853,,TATACONSUM,,2026-02-24,2026-02-24,1080.0,PE,TATACONSUM26FEB1080PE,0.8,0.85,0.45,0.55,0.55,1.2,1169.65,0.55,67650,-24750,58,34473120.0,37,F1,550,,,,,
2026-02-18,2026-02-18,FO,NSE,STO,160663,,TATACONSUM,,2026-02-24,2026-02-24,1050.0,PE,TATACONSUM26FEB1050PE,0.7,0.7,0.25,0.3,0.3,0.9,1169.65,0.3,81950,-17050,98,56613287.5,74,F1,550,,,,,
2026-02-18,2026-02-18,FO,NSE,STO,168999,,TATACONSUM,,2026-04-28,2026-04-28,1020.0,PE,TATACONSUM26APR1020PE,0.0,0.0,0.0,6.55,0.0,6.55,1169.65,3.6,0,0,0,0.0,0,F1,550,,,,,
2026-02-18,2026-02-18,FO,NSE,STO,160749,,TATACONSUM,,2026-03-30,2026-03-30,1000.0,PE,TATACONSUM26MAR1000PE,0.0,0.0,0.0,5.0,0.0,5.0,1169.65,0.55,0,0,0,0.0,0,F1,550,,,,,
2026-02-18,2026-02-18,FO,NSE,STO,168913,,TATACONSUM,,2026-03-30,2026-03-30,1050.0,PE,TATACONSUM26MAR1050PE,0.0,0.0,0.0,6.0,0.0,6.0,1169.65,2.65,0,0,0,0.0,0,F1,550,,,,,
2026-02-18,2026-02-18,FO,NSE,STO,160747,,TATACONSUM,,2026-03-30,2026-03-30,980.0,PE,TATACONSUM26MAR980PE,0.0,0.0,0.0,3.45,0.0,3.45,1169.65,0.25,0,0,0,0.0,0,F1,550,,,,,
2026-02-18,2026-02-18,FO,NSE,STO,139879,,TATACONSUM,,2026-02-24,2026-02-24,1320.0,PE,TATACONSUM26FEB1320PE,0.0,0.0,0.0,144.15,0.0,144.15,1169.65,149.15,0,0,0,0.0,0,F1,550,,,,,
2026-02-18,2026-02-18,FO,NSE,STO,139871,,TATACONSUM,,2026-02-24,2026-02-24,1240.0,PE,TATACONSUM26FEB1240PE,0.0,0.0,0.0,111.0,111.0,111.0,1169.65,69.6,2200,0,0,0.0,0,F1,550,,,,,
2026-02-18,2026-02-18,FO,NSE,STO,139859,,TATACONSUM,,2026-02-24,2026-02-24,1140.0,PE,TATACONSUM26FEB1140PE,9.8,9.8,2.35,2.7,3.2,9.8,1169.65,2.7,138600,8250,492,309693697.5,431,F1,550,,,,,
2026-02-18,2026-02-18,FO,NSE,STO,139849,,TATACONSUM,,2026-02-24,2026-02-24,1040.0,PE,TATACONSUM26FEB1040PE,0.75,0.75,0.35,0.4,0.35,0.95,1169.65,0.4,100650,9900,82,46926165.0,75,F1,550,,,,,
2026-02-18,2026-02-18,FO,NSE,STO,160766,,TATACONSUM,,2026-03-30,2026-03-30,1180.0,CE,TATACONSUM26MAR1180CE,31.3,31.3,30.0,30.0,30.0,68.15,1169.65,30.0,2200,2200,4,2663265.0,4,F1,550,,,,,
2026-02-18,2026-02-18,FO,NSE,STO,139914,,TATACONSUM,,2026-02-24,2026-02-24,1380.0,CE,TATACONSUM26FEB1380CE,0.0,0.0,0.0,0.15,0.15,0.15,1169.65,0.05,8800,0,0,0.0,0,F1,550,,,,,
2026-02-18,2026-02-18,FO,NSE,STO,139876,,TATACONSUM,,2026-02-24,2026-02-24,1300.0,CE,TATACONSUM26FEB1300CE,0.1,0.1,0.05,0.1,0.1,0.2,1169.65,0.1,341000,-3300,100,71504977.5,33,F1,550,,,,,
2026-02-18,2026-02-18,FO,NSE,STO,160682,,TATACONSUM,,2026-02-24,2026-02-24,1250.0,CE,TATACONSUM26FEB1250CE,0.3,0.6,0.25,0.6,0.55,0.6,1169.65,0.6,234300,-6600,98,67401537.5,75,F1,550,,,,,
2026-02-18,2026-02-18,FO,NSE,STO,139862,,TATACONSUM,,2026-02-24,2026-02-24,1180.0,CE,TATACONSUM26FEB1180CE,3.9,8.4,3.25,7.0,5.8,3.65,1169.65,7.0,255750,-83050,1531,998594465.0,1240,F1,550,,,,,
2026-02-18,2026-02-18,FO,NSE,STO,139854,,TATACONSUM,,2026-02-24,2026-02-24,1100.0,CE,TATACONSUM26FEB1100CE,56.55,71.9,51.0,69.85,68.15,52.0,1169.65,69.85,88000,-27500,102,65037280.0,55,F1,550,,,,,
2026-02-18,2026-02-18,FO,NSE,STO,168907,,TATACONSUM,,2026-03-30,2026-03-30,990.0,PE,TATACONSUM26MAR990PE,0.0,0.0,0.0,1.65,0.0,1.65,1169.65,0.35,0,0,0,0.0,0,F1,550,,,,,
2026-02-18,2026-02-18,FO,NSE,STO,168993,,TATACONSUM,,2026-04-28,2026-04-28,960.0,PE,TATACONSUM26APR960PE,0.0,0.0,0.0,2.15,0.0,2.15,1169.65,0.8,0,0,0,0.0,0,F1,550,,,,,
2026-02-18,2026-02-18,FO,NSE,STO,169007,,TATACONSUM,,2026-04-28,2026-04-28,1100.0,PE,TATACONSUM26APR1100PE,0.0,0.0,0.0,23.4,23.4,23.4,1169.65,16.1,1100,0,0,0.0,0,F1,550,,,,,
2026-02-18,2026-02-18,FO,NSE,STO,169013,,TATACONSUM,,2026-04-28,2026-04-28,1160.0,PE,TATACONSUM26APR1160PE,0.0,0.0,0.0,40.15,0.0,40.15,1169.65,36.8,0,0,0,0.0,0,F1,550,,,,,
2026-02-18,2026-02-18,FO,NSE,STO,168921,,TATACONSUM,,2026-03-30,2026-03-30,1130.0,PE,TATACONSUM26MAR1130PE,17.0,17.5,17.0,17.5,17.5,33.7,1169.65,16.85,2200,0,3,1893100.0,3,F1,550,,,,,
2026-02-18,2026-02-18,FO,NSE,STO,160680,,TATACONSUM,,2026-02-24,2026-02-24,1230.0,CE,TATACONSUM26FEB1230CE,0.55,1.05,0.55,1.05,0.95,1.0,1169.65,1.05,101750,-1100,40,27080487.5,23,F1,550,,,,,
2026-02-18,2026-02-18,FO,NSE,STO,160782,,TATACONSUM,,2026-03-30,2026-03-30,1340.0,CE,TATACONSUM26MAR1340CE,0.0,0.0,0.0,16.4,0.0,16.4,1169.65,1.85,0,0,0,0.0,0,F1,550,,,,,
2026-02-18,2026-02-18,FO,NSE,STO,169004,,TATACONSUM,,2026-04-28,2026-04-28,1080.0,CE,TATACONSUM26APR1080CE,0.0,0.0,0.0,139.85,0.0,139.85,1169.65,112.45,0,0,0,0.0,0,F1,550,,,,,
2026-02-18,2026-02-18,FO,NSE,STO,169008,,TATACONSUM,,2026-04-28,2026-04-28,1120.0,CE,TATACONSUM26APR1120CE,0.0,0.0,0.0,110.7,0.0,110.7,1169.65,83.0,0,0,0,0.0,0,F1,550,,,,,
2026-02-18,2026-02-18,FO,NSE,STO,169010,,TATACONSUM,,2026-04-28,2026-04-28,1140.0,CE,TATACONSUM26APR1140CE,0.0,0.0,0.0,97.5,0.0,97.5,1169.65,70.1,0,0,0,0.0,0,F1,550,,,,,
2026-02-18,2026-02-18,FO,NSE,STO,169018,,TATACONSUM,,2026-04-28,2026-04-28,1220.0,CE,TATACONSUM26APR1220CE,0.0,0.0,0.0,54.85,0.0,54.85,1169.65,31.55,0,0,0,0.0,0,F1,550,,,,,
2026-02-18,2026-02-18,FO,NSE,STO,139747,,TATACONSUM,,2026-02-24,2026-02-24,940.0,PE,TATACONSUM26FEB940PE,0.0,0.0,0.0,1.95,0.0,1.95,1169.65,0.05,0,0,0,0.0,0,F1,550,,,,,
2026-02-18,2026-02-18,FO,NSE,STO,160659,,TATACONSUM,,2026-02-24,2026-02-24,1010.0,PE,TATACONSUM26FEB1010PE,0.25,0.25,0.25,0.25,0.25,0.3,1169.65,0.25,11000,-550,1,555637.5,1,F1,550,,,,,
2026-02-18,2026-02-18,FO,NSE,STO,160753,,TATACONSUM,,2026-03-30,2026-03-30,1040.0,PE,TATACONSUM26MAR1040PE,0.0,0.0,0.0,6.4,6.9,6.4,1169.65,1.95,22000,0,0,0.0,0,F1,550,,,,,
2026-02-18,2026-02-18,FO,NSE,STO,168925,,TATACONSUM,,2026-03-30,2026-03-30,1170.0,PE,TATACONSUM26MAR1170PE,0.0,0.0,0.0,36.5,0.0,36.5,1169.65,32.65,0,0,0,0.0,0,F1,550,,,,,
2026-02-18,2026-02-18,FO,NSE,STO,160769,,TATACONSUM,,2026-03-30,2026-03-30,1200.0,PE,TATACONSUM26MAR1200PE,58.0,58.0,45.0,45.75,47.25,60.0,1169.65,45.75,18700,8800,19,13089505.0,17,F1,550,,,,,
2026-02-18,2026-02-18,FO,NSE,STO,169029,,TATACONSUM,,2026-04-28,2026-04-28,1320.0,PE,TATACONSUM26APR1320PE,0.0,0.0,0.0,135.4,0.0,135.4,1169.65,145.45,0,0,0,0.0,0,F1,550,,,,,
2026-02-18,2026-02-18,FO,NSE,STO,160678,,TATACONSUM,,2026-02-24,2026-02-24,1210.0,CE,TATACONSUM26FEB1210CE,1.7,2.15,1.15,1.85,1.6,1.4,1169.65,1.85,243650,140250,532,354541742.5,384,F1,550,,,,,
2026-02-18,2026-02-18,FO,NSE,STO,139858,,TATACONSUM,,2026-02-24,2026-02-24,1140.0,CE,TATACONSUM26FEB1140CE,21.35,34.65,17.9,31.65,30.4,17.95,1169.65,31.65,97900,-87450,608,389385425.0,436,F1,550,,,,,
2026-02-18,2026-02-18,FO,NSE,STO,168918,,TATACONSUM,,2026-03-30,2026-03-30,1110.0,CE,TATACONSUM26MAR1110CE,0.0,0.0,0.0,105.6,0.0,105.6,1169.65,77.7,0,0,0,0.0,0,F1,550,,,,,
2026-02-18,2026-02-18,FO,NSE,STO,168998,,TATACONSUM,,2026-04-28,2026-04-28,1020.0,CE,TATACONSUM26APR1020CE,0.0,0.0,0.0,189.55,0.0,189.55,1169.65,163.8,0,0,0,0.0,0,F1,550,,,,,
2026-02-18,2026-02-18,FO,NSE,STO,169003,,TATACONSUM,,2026-04-28,2026-04-28,1060.0,PE,TATACONSUM26APR1060PE,0.0,0.0,0.0,12.1,0.0,12.1,1169.65,8.1,0,0,0,0.0,0,F1,550,,,,,
2026-02-18,2026-02-18,FO,NSE,STO,139864,,TATACONSUM,,2026-02-24,2026-02-24,1200.0,CE,TATACONSUM26FEB1200CE,1.95,3.55,1.55,2.9,2.55,1.95,1169.65,2.9,645150,53350,2196,1452439670.0,1475,F1,550,,,,,
2026-02-18,2026-02-18,FO,NSE,STO,160778,,TATACONSUM,,2026-03-30,2026-03-30,1300.0,CE,TATACONSUM26MAR1300CE,4.0,4.7,4.0,4.15,4.2,3.5,1169.65,4.15,9350,550,15,10759127.5,9,F1,550,,,,,
2026-02-18,2026-02-18,FO,NSE,STO,168992,,TATACONSUM,,2026-04-28,2026-04-28,960.0,CE,TATACONSUM26APR960CE,0.0,0.0,0.0,244.25,0.0,244.25,1169.65,220.35,0,0,0,0.0,0,F1,550,,,,,
2026-02-18,2026-02-18,FO,NSE,STO,160681,,TATACONSUM,,2026-02-24,2026-02-24,1230.0,PE,TATACONSUM26FEB1230PE,0.0,0.0,0.0,61.45,61.45,61.45,1169.65,59.95,550,0,0,0.0,0,F1,550,,,,,
2026-02-18,2026-02-18,FO,NSE,STO,168997,,TATACONSUM,,2026-04-28,2026-04-28,1000.0,PE,TATACONSUM26APR1000PE,0.0,0.0,0.0,4.65,0.0,4.65,1169.65,2.25,0,0,0,0.0,0,F1,550,,,,,
2026-02-18,2026-02-18,FO,NSE,STO,160683,,TATACONSUM,,2026-02-24,2026-02-24,1250.0,PE,TATACONSUM26FEB1250PE,0.0,0.0,0.0,92.55,92.55,92.55,1169.65,79.4,9900,0,0,0.0,0,F1,550,,,,,
2026-02-18,2026-02-18,FO,NSE,STO,160667,,TATACONSUM,,2026-02-24,2026-02-24,1090.0,PE,TATACONSUM26FEB1090PE,0.9,1.0,0.45,0.5,0.5,1.35,1169.65,0.5,222200,-66000,213,127778585.0,130,F1,550,,,,,
2026-02-18,2026-02-18,FO,NSE,STO,160661,,TATACONSUM,,2026-02-24,2026-02-24,1030.0,PE,TATACONSUM26FEB1030PE,0.3,0.35,0.25,0.3,0.3,0.75,1169.65,0.3,24200,-2200,37,20966027.5,28,F1,550,,,,,
2026-02-18,2026-02-18,FO,NSE,STO,139843,,TATACONSUM,,2026-02-24,2026-02-24,1000.0,PE,TATACONSUM26FEB1000PE,0.5,0.5,0.1,0.15,0.15,0.55,1169.65,0.15,123200,-172700,507,278906347.5,123,F1,550,,,,,
2026-02-18,2026-02-18,FO,NSE,STO,160657,,TATACONSUM,,2026-02-24,2026-02-24,990.0,PE,TATACONSUM26FEB990PE,0.1,0.25,0.05,0.1,0.05,0.8,1169.65,0.1,17600,550,12,6534990.0,9,F1,550,,,,,
2026-02-18,2026-02-18,FO,NSE,STO,169014,,TATACONSUM,,2026-04-28,2026-04-28,1180.0,CE,TATACONSUM26APR1180CE,0.0,0.0,0.0,74.15,0.0,74.15,1169.65,48.2,0,0,0,0.0,0,F1,550,,,,,
2026-02-18,2026-02-18,FO,NSE,STO,169000,,TATACONSUM,,2026-04-28,2026-04-28,1040.0,CE,TATACONSUM26APR1040CE,0.0,0.0,0.0,172.3,0.0,172.3,1169.65,145.9,0,0,0,0.0,0,F1,550,,,,,
2026-02-18,2026-02-18,FO,NSE,STO,139628,,TATACONSUM,,2026-02-24,2026-02-24,920.0,CE,TATACONSUM26FEB920CE,0.0,0.0,0.0,272.85,0.0,272.85,1169.65,250.5,0,0,0,0.0,0,F1,550,,,,,
2026-02-18,2026-02-18,FO,NSE,STO,169021,,TATACONSUM,,2026-04-28,2026-04-28,1240.0,PE,TATACONSUM26APR1240PE,0.0,0.0,0.0,80.3,0.0,80.3,1169.65,82.55,0,0,0,0.0,0,F1,550,,,,,
2026-02-18,2026-02-18,FO,NSE,STO,169019,,TATACONSUM,,2026-04-28,2026-04-28,1220.0,PE,TATACONSUM26APR1220PE,0.0,0.0,0.0,68.8,0.0,68.8,1169.65,69.25,0,0,0,0.0,0,F1,550,,,,,
2026-02-18,2026-02-18,FO,NSE,STO,160767,,TATACONSUM,,2026-03-30,2026-03-30,1180.0,PE,TATACONSUM26MAR1180PE,34.0,34.0,34.0,34.0,34.0,51.7,1169.65,37.7,550,550,1,667700.0,1,F1,550,,,,,
2026-02-18,2026-02-18,FO,NSE,STO,160765,,TATACONSUM,,2026-03-30,2026-03-30,1160.0,PE,TATACONSUM26MAR1160PE,31.0,31.0,21.45,21.45,21.45,39.85,1169.65,28.05,550,0,3,1958247.5,3,F1,550,,,,,
2026-02-18,2026-02-18,FO,NSE,STO,168917,,TATACONSUM,,2026-03-30,2026-03-30,1090.0,PE,TATACONSUM26MAR1090PE,0.0,0.0,0.0,14.0,14.0,14.0,1169.65,7.35,1100,0,0,0.0,0,F1,550,,,,,
2026-02-18,2026-02-18,FO,NSE,STO,160743,,TATACONSUM,,2026-03-30,2026-03-30,940.0,PE,TATACONSUM26MAR940PE,0.0,0.0,0.0,1.55,0.0,1.55,1169.65,0.05,0,0,0,0.0,0,F1,550,,,,,
2026-02-18,2026-02-18,FO,NSE,STO,139869,,TATACONSUM,,2026-02-24,2026-02-24,1220.0,PE,TATACONSUM26FEB1220PE,69.35,69.35,50.5,51.55,54.45,79.2,1169.65,51.55,7150,-1650,13,9115947.5,9,F1,550,,,,,
2026-02-18,2026-02-18,FO,NSE,STO,139855,,TATACONSUM,,2026-02-24,2026-02-24,1100.0,PE,TATACONSUM26FEB1100PE,1.6,1.7,0.6,0.7,0.75,2.0,1169.65,0.7,204600,-50050,380,230122475.0,292,F1,550,,,,,
2026-02-18,2026-02-18,FO,NSE,STO,160655,,TATACONSUM,,2026-02-24,2026-02-24,970.0,PE,TATACONSUM26FEB970PE,0.3,0.3,0.15,0.15,0.15,0.6,1169.65,0.05,10450,-4950,17,9071507.5,13,F1,550,,,,,
2026-02-18,2026-02-18,FO,NSE,STO,160772,,TATACONSUM,,2026-03-30,2026-03-30,1240.0,CE,TATACONSUM26MAR1240CE,9.45,12.2,9.1,11.7,11.5,11.65,1169.65,11.7,29700,24750,108,74272907.5,72,F1,550,,,,,
2026-02-18,2026-02-18,FO,NSE,STO,168930,,TATACONSUM,,2026-03-30,2026-03-30,1230.0,CE,TATACONSUM26MAR1230CE,11.0,11.0,11.0,11.0,11.0,9.8,1169.65,16.25,6050,550,1,682550.0,1,F1,550,,,,,
2026-02-18,2026-02-18,FO,NSE,STO,160768,,TATACONSUM,,2026-03-30,2026-03-30,1200.0,CE,TATACONSUM26MAR1200CE,17.8,24.2,17.8,22.75,22.1,17.35,1169.65,22.75,79750,7150,415,278633245.0,322,F1,550,,,,,
2026-02-18,2026-02-18,FO,NSE,STO,168912,,TATACONSUM,,2026-03-30,2026-03-30,1050.0,CE,TATACONSUM26MAR1050CE,0.0,0.0,0.0,154.4,0.0,154.4,1169.65,128.6,0,0,0,0.0,0,F1,550,,,,,
2026-02-18,2026-02-18,FO,NSE,STO,160748,,TATACONSUM,,2026-03-30,2026-03-30,1000.0,CE,TATACONSUM26MAR1000CE,168.5,168.5,168.5,168.5,168.5,175.0,1169.65,176.2,1100,550,1,642675.0,1,F1,550,,,,,
2026-02-18,2026-02-18,FO,NSE,STO,160688,,TATACONSUM,,2026-02-24,2026-02-24,1310.0,CE,TATACONSUM26FEB1310CE,0.0,0.0,0.0,1.15,1.15,1.15,1169.65,0.05,1650,0,0,0.0,0,F1,550,,,,,
2026-02-18,2026-02-18,FO,NSE,STO,139874,,TATACONSUM,,2026-02-24,2026-02-24,1280.0,CE,TATACONSUM26FEB1280CE,0.4,0.4,0.15,0.3,0.2,0.3,1169.65,0.3,56100,-550,16,11266145.0,12,F1,550,,,,,
2026-02-18,2026-02-18,FO,NSE,STO,139872,,TATACONSUM,,2026-02-24,2026-02-24,1260.0,CE,TATACONSUM26FEB1260CE,0.5,0.55,0.3,0.45,0.45,0.55,1169.65,0.45,187550,-7150,72,49912720.0,63,F1,550,,,,,
2026-02-18,2026-02-18,FO,NSE,STO,139866,,TATACONSUM,,2026-02-24,2026-02-24,1220.0,CE,TATACONSUM26FEB1220CE,1.2,1.5,0.9,1.35,1.2,1.15,1169.65,1.35,193600,-6050,229,153803870.0,179,F1,550,,,,,
2026-02-18,2026-02-18,FO,NSE,STO,160668,,TATACONSUM,,2026-02-24,2026-02-24,1110.0,CE,TATACONSUM26FEB1110CE,46.3,57.35,42.3,57.1,57.1,41.4,1169.65,57.1,54450,550,19,12113475.0,19,F1,550,,,,,
2026-02-18,2026-02-18,FO,NSE,STO,168929,,TATACONSUM,,2026-03-30,2026-03-30,1210.0,PE,TATACONSUM26MAR1210PE,0.0,0.0,0.0,55.9,0.0,55.9,1169.65,55.4,0,0,0,0.0,0,F1,550,,,,,
2026-02-18,2026-02-18,FO,NSE,STO,160759,,TATACONSUM,,2026-03-30,2026-03-30,1100.0,PE,TATACONSUM26MAR1100PE,12.0,12.15,8.25,8.9,8.7,13.0,1169.65,8.9,62700,11550,105,64143915.0,67,F1,550,,,,,
2026-02-18,2026-02-18,FO,NSE,STO,168915,,TATACONSUM,,2026-03-30,2026-03-30,1070.0,PE,TATACONSUM26MAR1070PE,0.0,0.0,0.0,16.0,16.0,16.0,1169.65,4.5,2200,0,0,0.0,0,F1,550,,,,,
2026-02-18,2026-02-18,FO,NSE,STO,160751,,TATACONSUM,,2026-03-30,2026-03-30,1020.0,PE,TATACONSUM26MAR1020PE,3.0,3.0,1.9,1.9,1.9,4.0,1169.65,1.05,22550,-5500,16,8996432.5,15,F1,550,,,,,
2026-02-18,2026-02-18,FO,NSE,STO,160741,,TATACONSUM,,2026-03-30,2026-03-30,920.0,PE,TATACONSUM26MAR920PE,0.0,0.0,0.0,0.95,0.0,0.95,1169.65,0.05,0,0,0,0.0,0,F1,550,,,,,
2026-02-18,2026-02-18,FO,NSE,STO,169020,,TATACONSUM,,2026-04-28,2026-04-28,1240.0,CE,TATACONSUM26APR1240CE,0.0,0.0,0.0,46.7,0.0,46.7,1169.65,25.0,0,0,0,0.0,0,F1,550,,,,,
2026-02-18,2026-02-18,FO,NSE,STO,169012,,TATACONSUM,,2026-04-28,2026-04-28,1160.0,CE,TATACONSUM26APR1160CE,0.0,0.0,0.0,85.3,0.0,85.3,1169.65,58.45,0,0,0,0.0,0,F1,550,,,,,
2026-02-18,2026-02-18,FO,NSE,STO,160780,,TATACONSUM,,2026-03-30,2026-03-30,1320.0,CE,TATACONSUM26MAR1320CE,3.85,3.85,2.7,2.7,2.7,5.25,1169.65,2.9,6600,3300,12,8733615.0,7,F1,550,,,,,
2026-02-18,2026-02-18,FO,NSE,STO,168936,,TATACONSUM,,2026-03-30,2026-03-30,1290.0,CE,TATACONSUM26MAR1290CE,0.0,0.0,0.0,19.55,0.0,19.55,1169.65,5.4,0,0,0,0.0,0,F1,550,,,,,
2026-02-18,2026-02-18,FO,NSE,STO,160754,,TATACONSUM,,2026-03-30,2026-03-30,1060.0,CE,TATACONSUM26MAR1060CE,0.0,0.0,0.0,147.65,0.0,147.65,1169.65,119.5,0,0,0,0.0,0,F1,550,,,,,
2026-02-18,2026-02-18,FO,NSE,STO,160686,,TATACONSUM,,2026-02-24,2026-02-24,1290.0,CE,TATACONSUM26FEB1290CE,0.0,0.0,0.0,0.3,0.3,0.3,1169.65,0.05,14300,0,0,0.0,0,F1,550,,,,,
2026-02-18,2026-02-18,FO,NSE,STO,160684,,TATACONSUM,,2026-02-24,2026-02-24,1270.0,CE,TATACONSUM26FEB1270CE,0.2,0.25,0.2,0.25,0.25,0.7,1169.65,0.05,57200,-3850,14,9780732.5,3,F1,550,,,,,
2026-02-18,2026-02-18,FO,NSE,STO,160670,,TATACONSUM,,2026-02-24,2026-02-24,1130.0,CE,TATACONSUM26FEB1130CE,29.0,44.0,28.5,41.95,39.95,24.5,1169.65,41.95,52800,-9900,54,34634352.5,53,F1,550,,,,,
2026-02-18,2026-02-18,FO,NSE,STO,139856,,TATACONSUM,,2026-02-24,2026-02-24,1120.0,CE,TATACONSUM26FEB1120CE,35.95,52.2,33.8,49.8,47.65,32.6,1169.65,49.8,73700,-6050,49,31337075.0,49,F1,550,,,,,
2026-02-18,2026-02-18,FO,NSE,STO,160666,,TATACONSUM,,2026-02-24,2026-02-24,1090.0,CE,TATACONSUM26FEB1090CE,76.95,81.0,76.95,80.6,80.0,65.65,1169.65,80.6,15400,-3850,8,5144700.0,6,F1,550,,,,,
2026-02-18,2026-02-18,FO,NSE,STO,139850,,TATACONSUM,,2026-02-24,2026-02-24,1060.0,CE,TATACONSUM26FEB1060CE,0.0,0.0,0.0,81.5,81.5,81.5,1169.65,110.6,30800,0,0,0.0,0,F1,550,,,,,
2026-02-18,2026-02-18,FO,NSE,STF,52049,,TATACONSUM,,2026-03-30,2026-03-30,,,TATACONSUM26MARFUT,1154.1,1179.6,1154.1,1176.9,1174.9,1155.7,1169.65,1176.9,1214400,301400,989,636493275.0,912,F1,550,,,,,
2026-02-18,2026-02-18,FO,NSE,STO,139632,,TATACONSUM,,2026-02-24,2026-02-24,940.0,CE,TATACONSUM26FEB940CE,0.0,0.0,0.0,253.8,0.0,253.8,1169.65,230.5,0,0,0,0.0,0,F1,550,,,,,
2026-02-18,2026-02-18,FO,NSE,STO,160654,,TATACONSUM,,2026-02-24,2026-02-24,970.0,CE,TATACONSUM26FEB970CE,0.0,0.0,0.0,218.8,0.0,218.8,1169.65,200.55,0,0,0,0.0,0,F1,550,,,,,
2026-02-18,2026-02-18,FO,NSE,STO,160656,,TATACONSUM,,2026-02-24,2026-02-24,990.0,CE,TATACONSUM26FEB990CE,0.0,0.0,0.0,199.6,0.0,199.6,1169.65,180.55,0,0,0,0.0,0,F1,550,,,,,
2026-02-18,2026-02-18,FO,NSE,STO,139870,,TATACONSUM,,2026-02-24,2026-02-24,1240.0,CE,TATACONSUM26FEB1240CE,1.0,1.0,0.45,0.8,0.7,1.0,1169.65,0.8,123200,-9350,44,30025297.5,36,F1,550,,,,,
2026-02-18,2026-02-18,FO,NSE,STO,160774,,TATACONSUM,,2026-03-30,2026-03-30,1260.0,CE,TATACONSUM26MAR1260CE,7.1,8.4,7.1,8.4,8.4,10.45,1169.65,9.65,3850,1100,4,2788555.0,4,F1,550,,,,,
2026-02-18,2026-02-18,FO,NSE,STO,169006,,TATACONSUM,,2026-04-28,2026-04-28,1100.0,CE,TATACONSUM26APR1100CE,0.0,0.0,0.0,124.9,0.0,124.9,1169.65,97.15,0,0,0,0.0,0,F1,550,,,,,
2026-02-18,2026-02-18,FO,NSE,STO,169022,,TATACONSUM,,2026-04-28,2026-04-28,1260.0,CE,TATACONSUM26APR1260CE,0.0,0.0,0.0,39.5,0.0,39.5,1169.65,19.6,0,0,0,0.0,0,F1,550,,,,,
2026-02-18,2026-02-18,FO,NSE,STO,139627,,TATACONSUM,,2026-02-24,2026-02-24,900.0,PE,TATACONSUM26FEB900PE,0.0,0.0,0.0,0.8,0.0,0.8,1169.65,0.05,0,0,0,0.0,0,F1,550,,,,,
2026-02-18,2026-02-18,FO,NSE,STO,139865,,TATACONSUM,,2026-02-24,2026-02-24,1200.0,PE,TATACONSUM26FEB1200PE,48.6,50.25,31.5,33.65,35.6,52.85,1169.65,33.65,54450,-3850,39,26614720.0,39,F1,550,,,,,
2026-02-18,2026-02-18,FO,NSE,STO,169015,,TATACONSUM,,2026-04-28,2026-04-28,1180.0,PE,TATACONSUM26APR1180PE,0.0,0.0,0.0,48.65,0.0,48.65,1169.65,46.35,0,0,0,0.0,0,F1,550,,,,,
2026-02-18,2026-02-18,FO,NSE,STO,169017,,TATACONSUM,,2026-04-28,2026-04-28,1200.0,PE,TATACONSUM26APR1200PE,0.0,0.0,0.0,58.2,0.0,58.2,1169.65,57.15,0,0,0,0.0,0,F1,550,,,,,
2026-02-18,2026-02-18,FO,NSE,STO,160757,,TATACONSUM,,2026-03-30,2026-03-30,1080.0,PE,TATACONSUM26MAR1080PE,0.0,0.0,0.0,21.8,21.8,21.8,1169.65,5.8,1100,0,0,0.0,0,F1,550,,,,,
2026-02-18,2026-02-18,FO,NSE,STO,160770,,TATACONSUM,,2026-03-30,2026-03-30,1220.0,CE,TATACONSUM26MAR1220CE,0.0,0.0,0.0,17.0,17.0,17.0,1169.65,19.1,14300,0,0,0.0,0,F1,550,,,,,
2026-02-18,2026-02-18,FO,NSE,STO,168920,,TATACONSUM,,2026-03-30,2026-03-30,1130.0,CE,TATACONSUM26MAR1130CE,49.55,49.55,49.55,49.55,49.55,42.0,1169.65,63.25,550,0,1,648752.5,1,F1,550,,,,,
2026-02-18,2026-02-18,FO,NSE,STO,160760,,TATACONSUM,,2026-03-30,2026-03-30,1120.0,CE,TATACONSUM26MAR1120CE,70.2,70.2,65.0,65.0,65.0,52.5,1169.65,70.3,1100,550,2,1306360.0,2,F1,550,,,,,
2026-02-18,2026-02-18,FO,NSE,STO,168904,,TATACONSUM,,2026-03-30,2026-03-30,970.0,CE,TATACONSUM26MAR970CE,0.0,0.0,0.0,228.55,0.0,228.55,1169.65,205.65,0,0,0,0.0,0,F1,550,,,,,
2026-02-18,2026-02-18,FO,NSE,STO,160738,,TATACONSUM,,2026-03-30,2026-03-30,900.0,CE,TATACONSUM26MAR900CE,0.0,0.0,0.0,292.95,0.0,292.95,1169.65,275.05,0,0,0,0.0,0,F1,550,,,,,
2026-02-18,2026-02-18,FO,NSE,STO,160783,,TATACONSUM,,2026-03-30,2026-03-30,1340.0,PE,TATACONSUM26MAR1340PE,0.0,0.0,0.0,157.55,0.0,157.55,1169.65,164.15,0,0,0,0.0,0,F1,550,,,,,
2026-02-18,2026-02-18,FO,NSE,STO,168937,,TATACONSUM,,2026-03-30,2026-03-30,1290.0,PE,TATACONSUM26MAR1290PE,0.0,0.0,0.0,108.65,0.0,108.65,1169.65,118.0,0,0,0,0.0,0,F1,550,,,,,
2026-02-18,2026-02-18,FO,NSE,STO,139877,,TATACONSUM,,2026-02-24,2026-02-24,1300.0,PE,TATACONSUM26FEB1300PE,0.0,0.0,0.0,131.25,131.25,131.25,1169.65,129.2,3300,0,0,0.0,0,F1,550,,,,,
2026-02-18,2026-02-18,FO,NSE,STO,160685,,TATACONSUM,,2026-02-24,2026-02-24,1270.0,PE,TATACONSUM26FEB1270PE,0.0,0.0,0.0,98.5,0.0,98.5,1169.65,99.25,0,0,0,0.0,0,F1,550,,,,,
2026-02-18,2026-02-18,FO,NSE,STO,169011,,TATACONSUM,,2026-04-28,2026-04-28,1140.0,PE,TATACONSUM26APR1140PE,0.0,0.0,0.0,32.65,0.0,32.65,1169.65,28.65,0,0,0,0.0,0,F1,550,,,,,
2026-02-18,2026-02-18,FO,NSE,STO,169009,,TATACONSUM,,2026-04-28,2026-04-28,1120.0,PE,TATACONSUM26APR1120PE,0.0,0.0,0.0,26.15,0.0,26.15,1169.65,21.75,0,0,0,0.0,0,F1,550,,,,,
2026-02-18,2026-02-18,FO,NSE,STO,169001,,TATACONSUM,,2026-04-28,2026-04-28,1040.0,PE,TATACONSUM26APR1040PE,0.0,0.0,0.0,9.0,0.0,9.0,1169.65,5.5,0,0,0,0.0,0,F1,550,,,,,
2026-02-18,2026-02-18,FO,NSE,STO,160742,,TATACONSUM,,2026-03-30,2026-03-30,940.0,CE,TATACONSUM26MAR940CE,0.0,0.0,0.0,254.45,0.0,254.45,1169.65,235.35,0,0,0,0.0,0,F1,550,,,,,
2026-02-18,2026-02-18,FO,NSE,STO,139880,,TATACONSUM,,2026-02-24,2026-02-24,1340.0,CE,TATACONSUM26FEB1340CE,0.0,0.0,0.0,0.2,0.2,0.2,1169.65,0.05,53350,0,0,0.0,0,F1,550,,,,,
2026-02-18,2026-02-18,FO,NSE,STO,160690,,TATACONSUM,,2026-02-24,2026-02-24,1330.0,CE,TATACONSUM26FEB1330CE,0.0,0.0,0.0,0.95,0.95,0.95,1169.65,0.05,3850,0,0,0.0,0,F1,550,,,,,
2026-02-18,2026-02-18,FO,NSE,STO,139860,,TATACONSUM,,2026-02-24,2026-02-24,1160.0,CE,TATACONSUM26FEB1160CE,10.45,19.1,8.0,16.6,14.6,8.6,1169.65,16.6,209550,-21450,2446,1578175390.0,1937,F1,550,,,,,
2026-02-18,2026-02-18,FO,NSE,STO,160662,,TATACONSUM,,2026-02-24,2026-02-24,1050.0,CE,TATACONSUM26FEB1050CE,0.0,0.0,0.0,69.65,69.65,69.65,1169.65,120.6,3300,0,0,0.0,0,F1,550,,,,,
2026-02-18,2026-02-18,FO,NSE,STO,139748,,TATACONSUM,,2026-02-24,2026-02-24,960.0,CE,TATACONSUM26FEB960CE,0.0,0.0,0.0,235.05,0.0,235.05,1169.65,210.5,0,0,0,0.0,0,F1,550,,,,,
2026-02-18,2026-02-18,FO,NSE,STO,139612,,TATACONSUM,,2026-02-24,2026-02-24,900.0,CE,TATACONSUM26FEB900CE,0.0,0.0,0.0,266.7,266.7,266.7,1169.65,270.45,1650,0,0,0.0,0,F1,550,,,,,
2026-02-18,2026-02-18,FO,NSE,STO,160775,,TATACONSUM,,2026-03-30,2026-03-30,1260.0,PE,TATACONSUM26MAR1260PE,0.0,0.0,0.0,97.7,0.0,97.7,1169.65,92.4,0,0,0,0.0,0,F1,550,,,,,
2026-02-18,2026-02-18,FO,NSE,STO,168909,,TATACONSUM,,2026-03-30,2026-03-30,1010.0,PE,TATACONSUM26MAR1010PE,0.0,0.0,0.0,2.65,0.0,2.65,1169.65,0.75,0,0,0,0.0,0,F1,550,,,,,
2026-02-18,2026-02-18,FO,NSE,STO,139873,,TATACONSUM,,2026-02-24,2026-02-24,1260.0,PE,TATACONSUM26FEB1260PE,0.0,0.0,0.0,104.0,104.0,104.0,1169.65,89.3,0,0,0,0.0,0,F1,550,,,,,
2026-02-18,2026-02-18,FO,NSE,STO,139751,,TATACONSUM,,2026-02-24,2026-02-24,980.0,PE,TATACONSUM26FEB980PE,0.3,0.3,0.05,0.05,0.05,0.3,1169.65,0.05,395450,-2750,44,23718035.0,25,F1,550,,,,,
2026-02-18,2026-02-18,FO,NSE,STO,168996,,TATACONSUM,,2026-04-28,2026-04-28,1000.0,CE,TATACONSUM26APR1000CE,0.0,0.0,0.0,207.35,0.0,207.35,1169.65,182.25,0,0,0,0.0,0,F1,550,,,,,
2026-02-18,2026-02-18,FO,NSE,STO,168994,,TATACONSUM,,2026-04-28,2026-04-28,980.0,CE,TATACONSUM26APR980CE,0.0,0.0,0.0,225.6,0.0,225.6,1169.65,201.15,0,0,0,0.0,0,F1,550,,,,,
2026-02-18,2026-02-18,FO,NSE,STO,168922,,TATACONSUM,,2026-03-30,2026-03-30,1150.0,CE,TATACONSUM26MAR1150CE,41.0,48.75,39.0,46.35,45.0,41.5,1169.65,46.35,15400,12650,60,39331875.0,44,F1,550,,,,,
2026-02-18,2026-02-18,FO,NSE,STO,168916,,TATACONSUM,,2026-03-30,2026-03-30,1090.0,CE,TATACONSUM26MAR1090CE,0.0,0.0,0.0,120.95,0.0,120.95,1169.65,93.55,0,0,0,0.0,0,F1,550,,,,,
2026-02-18,2026-02-18,FO,NSE,STO,160756,,TATACONSUM,,2026-03-30,2026-03-30,1080.0,CE,TATACONSUM26MAR1080CE,0.0,0.0,0.0,132.05,0.0,132.05,1169.65,101.95,0,0,0,0.0,0,F1,550,,,,,
2026-02-18,2026-02-18,FO,NSE,STO,168910,,TATACONSUM,,2026-03-30,2026-03-30,1030.0,CE,TATACONSUM26MAR1030CE,0.0,0.0,0.0,172.2,0.0,172.2,1169.65,147.3,0,0,0,0.0,0,F1,550,,,,,
2026-02-18,2026-02-18,FO,NSE,STF,59481,,TATACONSUM,,2026-02-24,2026-02-24,,,TATACONSUM26FEBFUT,1154.2,1172.8,1146.0,1170.0,1167.0,1148.4,1169.65,1170.0,12502600,-445500,2390,1528713230.0,2172,F1,550,,,,,
2026-02-18,2026-02-18,FO,NSE,STO,139750,,TATACONSUM,,2026-02-24,2026-02-24,980.0,CE,TATACONSUM26FEB980CE,0.0,0.0,0.0,216.65,0.0,216.65,1169.65,190.55,0,0,0,0.0,0,F1,550,,,,,
2026-02-18,2026-02-18,FO,NSE,STO,139752,,TATACONSUM,,2026-02-24,2026-02-24,1000.0,CE,TATACONSUM26FEB1000CE,165.0,165.0,165.0,165.0,165.0,151.5,1169.65,170.55,17600,0,1,640750.0,1,F1,550,,,,,
2026-02-18,2026-02-18,FO,NSE,STO,139844,,TATACONSUM,,2026-02-24,2026-02-24,1020.0,CE,TATACONSUM26FEB1020CE,0.0,0.0,0.0,181.25,0.0,181.25,1169.65,150.55,0,0,0,0.0,0,F1,550,,,,,
2026-02-18,2026-02-18,FO,NSE,STO,139960,,TATACONSUM,,2026-02-24,2026-02-24,1400.0,CE,TATACONSUM26FEB1400CE,0.1,0.2,0.1,0.15,0.1,0.05,1169.65,0.15,25300,-2750,6,4620385.0,4,F1,550,,,,,
2026-02-18,2026-02-18,FO,NSE,STO,168906,,TATACONSUM,,2026-03-30,2026-03-30,990.0,CE,TATACONSUM26MAR990CE,0.0,0.0,0.0,209.4,0.0,209.4,1169.65,185.95,0,0,0,0.0,0,F1,550,,,,,
2026-02-18,2026-02-18,FO,NSE,STO,160750,,TATACONSUM,,2026-03-30,2026-03-30,1020.0,CE,TATACONSUM26MAR1020CE,0.0,0.0,0.0,181.15,0.0,181.15,1169.65,156.85,0,0,0,0.0,0,F1,550,,,,,
2026-02-18,2026-02-18,FO,NSE,STO,168914,,TATACONSUM,,2026-03-30,2026-03-30,1070.0,CE,TATACONSUM26MAR1070CE,0.0,0.0,0.0,137.25,0.0,137.25,1169.65,110.6,0,0,0,0.0,0,F1,550,,,,,
2026-02-18,2026-02-18,FO,NSE,STO,160764,,TATACONSUM,,2026-03-30,2026-03-30,1160.0,CE,TATACONSUM26MAR1160CE,41.5,41.5,41.0,41.0,41.0,46.0,1169.65,41.0,1650,1100,2,1321375.0,2,F1,550,,,,,
2026-02-18,2026-02-18,FO,NSE,STO,168924,,TATACONSUM,,2026-03-30,2026-03-30,1170.0,CE,TATACONSUM26MAR1170CE,32.0,36.0,32.0,36.0,36.0,40.15,1169.65,36.0,3850,2200,5,3314300.0,5,F1,550,,,,,
2026-02-18,2026-02-18,FO,NSE,STO,168988,,TATACONSUM,,2026-04-28,2026-04-28,920.0,CE,TATACONSUM26APR920CE,0.0,0.0,0.0,282.4,0.0,282.4,1169.65,259.4,0,0,0,0.0,0,F1,550,,,,,
2026-02-18,2026-02-18,FO,NSE,STO,139631,,TATACONSUM,,2026-02-24,2026-02-24,920.0,PE,TATACONSUM26FEB920PE,0.0,0.0,0.0,1.25,0.0,1.25,1169.65,0.05,0,0,0,0.0,0,F1,550,,,,,
2026-02-18,2026-02-18,FO,NSE,STO,139847,,TATACONSUM,,2026-02-24,2026-02-24,1020.0,PE,TATACONSUM26FEB1020PE,0.5,0.5,0.25,0.3,0.35,0.75,1169.65,0.3,79200,-12650,42,23570305.0,37,F1,550,,,,,
2026-02-18,2026-02-18,FO,NSE,STO,139857,,TATACONSUM,,2026-02-24,2026-02-24,1120.0,PE,TATACONSUM26FEB1120PE,4.3,4.3,1.1,1.25,1.4,4.3,1169.65,1.25,523050,2200,715,441159812.5,592,F1,550,,,,,
2026-02-18,2026-02-18,FO,NSE,STO,160673,,TATACONSUM,,2026-02-24,2026-02-24,1150.0,PE,TATACONSUM26FEB1150PE,14.2,14.2,3.95,4.5,5.3,14.2,1169.65,4.5,269500,20350,526,334812390.0,409,F1,550,,,,,
2026-02-18,2026-02-18,FO,NSE,STO,139861,,TATACONSUM,,2026-02-24,2026-02-24,1160.0,PE,TATACONSUM26FEB1160PE,14.25,17.95,6.4,7.85,8.8,20.15,1169.65,7.85,175450,80300,530,341102355.0,436,F1,550,,,,,
2026-02-18,2026-02-18,FO,NSE,STO,139863,,TATACONSUM,,2026-02-24,2026-02-24,1180.0,PE,TATACONSUM26FEB1180PE,27.0,27.0,15.55,18.5,19.65,35.7,1169.65,18.5,48400,-9350,52,34292087.5,48,F1,550,,,,,
2026-02-18,2026-02-18,FO,NSE,STO,139875,,TATACONSUM,,2026-02-24,2026-02-24,1280.0,PE,TATACONSUM26FEB1280PE,0.0,0.0,0.0,97.85,97.85,97.85,1169.65,109.2,1650,0,0,0.0,0,F1,550,,,,,
2026-02-18,2026-02-18,FO,NSE,STO,139881,,TATACONSUM,,2026-02-24,2026-02-24,1340.0,PE,TATACONSUM26FEB1340PE,0.0,0.0,0.0,153.0,153.0,153.0,1169.65,169.15,0,0,0,0.0,0,F1,550,,,,,
2026-02-18,2026-02-18,FO,NSE,STO,160745,,TATACONSUM,,2026-03-30,2026-03-30,960.0,PE,TATACONSUM26MAR960PE,0.0,0.0,0.0,2.35,0.0,2.35,1169.65,0.1,0,0,0,0.0,0,F1,550,,,,,
2026-02-18,2026-02-18,FO,NSE,STO,168905,,TATACONSUM,,2026-03-30,2026-03-30,970.0,PE,TATACONSUM26MAR970PE,0.0,0.0,0.0,1.0,0.0,1.0,1169.65,0.15,0,0,0,0.0,0,F1,550,,,,,
2026-02-18,2026-02-18,FO,NSE,STO,168933,,TATACONSUM,,2026-03-30,2026-03-30,1250.0,PE,TATACONSUM26MAR1250PE,0.0,0.0,0.0,80.1,0.0,80.1,1169.65,84.35,0,0,0,0.0,0,F1,550,,,,,
2026-02-18,2026-02-18,FO,NSE,STO,168935,,TATACONSUM,,2026-03-30,2026-03-30,1270.0,PE,TATACONSUM26MAR1270PE,0.0,0.0,0.0,93.85,0.0,93.85,1169.65,100.7,0,0,0,0.0,0,F1,550,,,,,
2026-02-18,2026-02-18,FO,NSE,STO,168989,,TATACONSUM,,2026-04-28,2026-04-28,920.0,PE,TATACONSUM26APR920PE,0.0,0.0,0.0,0.9,0.0,0.9,1169.65,0.25,0,0,0,0.0,0,F1,550,,,,,
2026-02-18,2026-02-18,FO,NSE,STO,160773,,TATACONSUM,,2026-03-30,2026-03-30,1240.0,PE,TATACONSUM26MAR1240PE,0.0,0.0,0.0,84.75,0.0,84.75,1169.65,76.65,0,0,0,0.0,0,F1,550,,,,,
2026-02-18,2026-02-18,FO,NSE,STO,169023,,TATACONSUM,,2026-04-28,2026-04-28,1260.0,PE,TATACONSUM26APR1260PE,0.0,0.0,0.0,92.8,0.0,92.8,1169.65,96.95,0,0,0,0.0,0,F1,550,,,,,
2026-02-18,2026-02-18,FO,NSE,STO,169005,,TATACONSUM,,2026-04-28,2026-04-28,1080.0,PE,TATACONSUM26APR1080PE,0.0,0.0,0.0,15.95,0.0,15.95,1169.65,11.6,0,0,0,0.0,0,F1,550,,,,,
2026-02-18,2026-02-18,FO,NSE,STO,160781,,TATACONSUM,,2026-03-30,2026-03-30,1320.0,PE,TATACONSUM26MAR1320PE,0.0,0.0,0.0,141.55,0.0,141.55,1169.65,145.3,0,0,0,0.0,0,F1,550,,,,,
2026-02-18,2026-02-18,FO,NSE,STO,168931,,TATACONSUM,,2026-03-30,2026-03-30,1230.0,PE,TATACONSUM26MAR1230PE,0.0,0.0,0.0,67.4,0.0,67.4,1169.65,69.2,0,0,0,0.0,0,F1,550,,,,,
2026-02-18,2026-02-18,FO,NSE,STO,160669,,TATACONSUM,,2026-02-24,2026-02-24,1110.0,PE,TATACONSUM26FEB1110PE,2.25,2.25,0.8,0.85,0.9,2.8,1169.65,0.85,62700,-17050,195,119196522.5,173,F1,550,,,,,
2026-02-18,2026-02-18,FO,NSE,STO,160671,,TATACONSUM,,2026-02-24,2026-02-24,1130.0,PE,TATACONSUM26FEB1130PE,6.25,6.25,1.55,1.75,1.95,6.25,1169.65,1.75,113300,-3850,411,256108435.0,360,F1,550,,,,,
2026-02-18,2026-02-18,FO,NSE,STO,160679,,TATACONSUM,,2026-02-24,2026-02-24,1210.0,PE,TATACONSUM26FEB1210PE,0.0,0.0,0.0,58.3,0.0,58.3,1169.65,41.7,0,0,0,0.0,0,F1,550,,,,,
2026-02-18,2026-02-18,FO,NSE,STO,160761,,TATACONSUM,,2026-03-30,2026-03-30,1120.0,PE,TATACONSUM26MAR1120PE,0.0,0.0,0.0,20.0,20.0,20.0,1169.65,13.9,13750,0,0,0.0,0,F1,550,,,,,
2026-02-18,2026-02-18,FO,NSE,STO,139852,,TATACONSUM,,2026-02-24,2026-02-24,1080.0,CE,TATACONSUM26FEB1080CE,86.0,86.0,86.0,86.0,86.0,70.7,1169.65,86.0,70400,-1650,3,1923900.0,2,F1,550,,,,,
2026-02-18,2026-02-18,FO,NSE,STO,160771,,TATACONSUM,,2026-03-30,2026-03-30,1220.0,PE,TATACONSUM26MAR1220PE,56.9,56.9,56.9,56.9,56.9,72.7,1169.65,62.15,2750,2750,5,3511475.0,5,F1,550,,,,,
2026-02-18,2026-02-18,FO,NSE,STO,168995,,TATACONSUM,,2026-04-28,2026-04-28,980.0,PE,TATACONSUM26APR980PE,0.0,0.0,0.0,3.2,0.0,3.2,1169.65,1.35,0,0,0,0.0,0,F1,550,,,,,
2026-02-18,2026-02-18,FO,NSE,STO,160674,,TATACONSUM,,2026-02-24,2026-02-24,1170.0,CE,TATACONSUM26FEB1170CE,4.5,13.0,4.5,11.05,9.4,5.55,1169.65,11.05,266200,44550,1892,1226998162.5,1442,F1,550,,,,,
2026-02-18,2026-02-18,FO,NSE,STO,160658,,TATACONSUM,,2026-02-24,2026-02-24,1010.0,CE,TATACONSUM26FEB1010CE,0.0,0.0,0.0,146.25,146.25,146.25,1169.65,160.55,0,0,0,0.0,0,F1,550,,,,,
2026-02-18,2026-02-18,FO,NSE,STO,160665,,TATACONSUM,,2026-02-24,2026-02-24,1070.0,PE,TATACONSUM26FEB1070PE,0.85,0.85,0.35,0.45,0.45,1.1,1169.65,0.45,73700,-19800,69,40629517.5,52,F1,550,,,,,
2026-02-18,2026-02-18,FO,NSE,STO,169024,,TATACONSUM,,2026-04-28,2026-04-28,1280.0,CE,TATACONSUM26APR1280CE,0.0,0.0,0.0,33.2,0.0,33.2,1169.65,15.2,0,0,0,0.0,0,F1,550,,,,,
2026-02-18,2026-02-18,FO,NSE,STO,169002,,TATACONSUM,,2026-04-28,2026-04-28,1060.0,CE,TATACONSUM26APR1060CE,0.0,0.0,0.0,155.7,0.0,155.7,1169.65,128.75,0,0,0,0.0,0,F1,550,,,,,
2026-02-18,2026-02-18,FO,NSE,STO,160758,,TATACONSUM,,2026-03-30,2026-03-30,1100.0,CE,TATACONSUM26MAR1100CE,0.0,0.0,0.0,72.8,72.8,72.8,1169.65,85.45,5500,0,0,0.0,0,F1,550,,,,,
2026-02-18,2026-02-18,FO,NSE,STO,160746,,TATACONSUM,,2026-03-30,2026-03-30,980.0,CE,TATACONSUM26MAR980CE,0.0,0.0,0.0,216.95,0.0,216.95,1169.65,195.8,0,0,0,0.0,0,F1,550,,,,,
2026-02-18,2026-02-18,FO,NSE,STO,160740,,TATACONSUM,,2026-03-30,2026-03-30,920.0,CE,TATACONSUM26MAR920CE,0.0,0.0,0.0,273.6,0.0,273.6,1169.65,255.2,0,0,0,0.0,0,F1,550,,,,,
2026-02-18,2026-02-18,FO,NSE,STO,139878,,TATACONSUM,,2026-02-24,2026-02-24,1320.0,CE,TATACONSUM26FEB1320CE,0.0,0.0,0.0,0.05,0.05,0.05,1169.65,0.05,1100,0,0,0.0,0,F1,550,,,,,
2026-02-18,2026-02-18,FO,NSE,STO,160676,,TATACONSUM,,2026-02-24,2026-02-24,1190.0,CE,TATACONSUM26FEB1190CE,2.85,5.45,2.2,4.8,3.7,2.65,1169.65,4.8,141900,-55550,939,616767607.5,787,F1,550,,,,,
2026-02-18,2026-02-18,FO,NSE,STO,139851,,TATACONSUM,,2026-02-24,2026-02-24,1060.0,PE,TATACONSUM26FEB1060PE,0.6,0.7,0.3,0.4,0.4,0.9,1169.65,0.4,24200,-7700,31,18081057.5,28,F1,550,,,,,
2026-02-18,2026-02-18,FO,NSE,STO,139749,,TATACONSUM,,2026-02-24,2026-02-24,960.0,PE,TATACONSUM26FEB960PE,0.2,0.85,0.05,0.3,0.1,0.1,1169.65,0.3,63250,4950,183,96647705.0,59,F1,550,,,,,
2026-02-18,2026-02-18,FO,NSE,STO,169028,,TATACONSUM,,2026-04-28,2026-04-28,1320.0,CE,TATACONSUM26APR1320CE,0.0,0.0,0.0,23.05,0.0,23.05,1169.65,8.75,0,0,0,0.0,0,F1,550,,,,,
2026-02-18,2026-02-18,FO,NSE,STO,169016,,TATACONSUM,,2026-04-28,2026-04-28,1200.0,CE,TATACONSUM26APR1200CE,0.0,0.0,0.0,64.0,0.0,64.0,1169.65,39.2,0,0,0,0.0,0,F1,550,,,,,
2026-02-18,2026-02-18,FO,NSE,STO,168934,,TATACONSUM,,2026-03-30,2026-03-30,1270.0,CE,TATACONSUM26MAR1270CE,0.0,0.0,0.0,4.45,4.45,4.45,1169.65,8.0,11000,0,0,0.0,0,F1,550,,,,,
2026-02-18,2026-02-18,FO,NSE,STO,168926,,TATACONSUM,,2026-03-30,2026-03-30,1190.0,CE,TATACONSUM26MAR1190CE,23.0,28.1,23.0,26.75,26.75,14.65,1169.65,26.75,13200,11550,29,19411507.5,18,F1,550,,,,,
2026-02-18,2026-02-18,FO,NSE,STO,160762,,TATACONSUM,,2026-03-30,2026-03-30,1140.0,CE,TATACONSUM26MAR1140CE,51.1,52.5,50.1,52.5,52.5,37.85,1169.65,56.65,2200,1100,4,2621410.0,4,F1,550,,,,,
2026-02-18,2026-02-18,FO,NSE,STO,139882,,TATACONSUM,,2026-02-24,2026-02-24,1360.0,CE,TATACONSUM26FEB1360CE,0.0,0.0,0.0,0.35,0.35,0.35,1169.65,0.05,52250,0,0,0.0,0,F1,550,,,,,
2026-02-18,2026-02-18,FO,NSE,STO,139848,,TATACONSUM,,2026-02-24,2026-02-24,1040.0,CE,TATACONSUM26FEB1040CE,0.0,0.0,0.0,164.4,0.0,164.4,1169.65,130.6,0,0,0,0.0,0,F1,550,,,,,
2026-02-18,2026-02-18,FO,NSE,STF,67020,,TATACONSUM,,2026-04-28,2026-04-28,,,TATACONSUM26APRFUT,1170.0,1179.8,1170.0,1179.8,1179.8,1156.0,1169.65,1181.9,33000,-1100,7,4520725.0,7,F1,550,,,,,
2026-02-18,2026-02-18,FO,NSE,STO,160677,,TATACONSUM,,2026-02-24,2026-02-24,1190.0,PE,TATACONSUM26FEB1190PE,0.0,0.0,0.0,49.4,49.25,49.4,1169.65,25.75,30250,0,0,0.0,0,F1,550,,,,,
2026-02-18,2026-02-18,FO,NSE,STO,169025,,TATACONSUM,,2026-04-28,2026-04-28,1280.0,PE,TATACONSUM26APR1280PE,0.0,0.0,0.0,106.2,0.0,106.2,1169.65,112.3,0,0,0,0.0,0,F1,550,,,,,
2026-02-18,2026-02-18,FO,NSE,STO,160779,,TATACONSUM,,2026-03-30,2026-03-30,1300.0,PE,TATACONSUM26MAR1300PE,0.0,0.0,0.0,126.2,0.0,126.2,1169.65,126.95,0,0,0,0.0,0,F1,550,,,,,
2026-02-18,2026-02-18,FO,NSE,STO,168923,,TATACONSUM,,2026-03-30,2026-03-30,1150.0,PE,TATACONSUM26MAR1150PE,25.2,25.3,20.0,21.0,21.35,31.0,1169.65,21.0,9350,3300,13,8385217.5,13,F1,550,,,,,
2026-02-18,2026-02-18,FO,NSE,STO,160763,,TATACONSUM,,2026-03-30,2026-03-30,1140.0,PE,TATACONSUM26MAR1140PE,20.0,20.0,20.0,20.0,20.0,34.8,1169.65,20.15,3850,-550,1,638000.0,1,F1,550,,,,,
2026-02-18,2026-02-18,FO,NSE,STO,168919,,TATACONSUM,,2026-03-30,2026-03-30,1110.0,PE,TATACONSUM26MAR1110PE,0.0,0.0,0.0,20.05,20.05,20.05,1169.65,11.4,1650,0,0,0.0,0,F1,550,,,,,
2026-02-18,2026-02-18,FO,NSE,STO,168911,,TATACONSUM,,2026-03-30,2026-03-30,1030.0,PE,TATACONSUM26MAR1030PE,0.0,0.0,0.0,4.05,0.0,4.05,1169.65,1.45,0,0,0,0.0,0,F1,550,,,,,
2026-02-18,2026-02-18,FO,NSE,STO,160675,,TATACONSUM,,2026-02-24,2026-02-24,1170.0,PE,TATACONSUM26FEB1170PE,25.0,25.0,10.2,11.6,13.2,32.05,1169.65,11.6,101200,15950,282,183549740.0,165,F1,550,,,,,
2026-02-18,2026-02-18,FO,NSE,STO,160777,,TATACONSUM,,2026-03-30,2026-03-30,1280.0,PE,TATACONSUM26MAR1280PE,0.0,0.0,0.0,111.5,0.0,111.5,1169.65,109.25,0,0,0,0.0,0,F1,550,,,,,
2026-02-18,2026-02-18,FO,NSE,STO,160776,,TATACONSUM,,2026-03-30,2026-03-30,1280.0,CE,TATACONSUM26MAR1280CE,5.5,6.35,5.5,5.75,5.65,4.65,1169.65,5.75,7150,6050,13,9193580.0,9,F1,550,,,,,
2026-02-18,2026-02-18,FO,NSE,STO,168932,,TATACONSUM,,2026-03-30,2026-03-30,1250.0,CE,TATACONSUM26MAR1250CE,8.95,10.05,8.7,9.35,9.5,8.95,1169.65,9.35,27500,22000,59,40857657.5,29,F1,550,,,,,
2026-02-18,2026-02-18,FO,NSE,STO,168928,,TATACONSUM,,2026-03-30,2026-03-30,1210.0,CE,TATACONSUM26MAR1210CE,16.75,16.75,16.75,16.75,16.75,14.0,1169.65,22.35,3850,550,1,674712.5,1,F1,550,,,,,
2026-02-18,2026-02-18,FO,NSE,STO,160752,,TATACONSUM,,2026-03-30,2026-03-30,1040.0,CE,TATACONSUM26MAR1040CE,0.0,0.0,0.0,164.05,0.0,164.05,1169.65,137.85,0,0,0,0.0,0,F1,550,,,,,
2026-02-18,2026-02-18,FO,NSE,STO,172663,,WIPRO,,2026-02-24,2026-02-24,207.5,PE,WIPRO26FEB207.5PE,1.2,2.83,1.2,1.59,1.51,1.4,211.95,1.59,669000,84000,1041,654510660.0,878,F1,3000,,,,,
2026-02-18,2026-02-18,FO,NSE,STO,154686,,WIPRO,,2026-02-24,2026-02-24,209.0,PE,WIPRO26FEB209PE,2.13,3.44,1.93,2.01,2.01,1.7,211.95,2.01,1581000,-291000,674,428223870.0,470,F1,3000,,,,,
2026-02-18,2026-02-18,FO,NSE,STO,154690,,WIPRO,,2026-02-24,2026-02-24,219.0,PE,WIPRO26FEB219PE,6.75,9.25,6.75,7.69,7.65,5.64,211.95,7.69,417000,-54000,77,52533870.0,74,F1,3000,,,,,
2026-02-18,2026-02-18,FO,NSE,STO,172699,,WIPRO,,2026-02-24,2026-02-24,252.5,PE,WIPRO26FEB252.5PE,0.0,0.0,0.0,20.35,20.35,20.35,211.95,40.32,162000,0,0,0.0,0,F1,3000,,,,,
2026-02-18,2026-02-18,FO,NSE,STO,172705,,WIPRO,,2026-02-24,2026-02-24,260.0,PE,WIPRO26FEB260PE,47.0,49.0,47.0,48.2,48.2,43.65,211.95,47.82,120000,-12000,4,3698100.0,4,F1,3000,,,,,
2026-02-18,2026-02-18,FO,NSE,STO,172865,,WIPRO,,2026-03-30,2026-03-30,252.5,PE,WIPRO26MAR252.5PE,0.0,0.0,0.0,21.4,0.0,21.4,211.95,39.27,0,0,0,0.0,0,F1,3000,,,,,
2026-02-18,2026-02-18,FO,NSE,STO,172879,,WIPRO,,2026-03-30,2026-03-30,270.0,PE,WIPRO26MAR270PE,59.0,59.2,58.35,58.35,58.35,52.13,211.95,56.46,129000,27000,12,11830350.0,5,F1,3000,,,,,
2026-02-18,2026-02-18,FO,NSE,STO,172883,,WIPRO,,2026-03-30,2026-03-30,275.0,PE,WIPRO26MAR275PE,0.0,0.0,0.0,39.35,0.0,39.35,211.95,61.41,0,0,0,0.0,0,F1,3000,,,,,
2026-02-18,2026-02-18,FO,NSE,STO,172889,,WIPRO,,2026-03-30,2026-03-30,282.5,PE,WIPRO26MAR282.5PE,0.0,0.0,0.0,46.1,0.0,46.1,211.95,68.86,0,0,0,0.0,0,F1,3000,,,,,
2026-02-18,2026-02-18,FO,NSE,STO,172893,,WIPRO,,2026-03-30,2026-03-30,287.5,PE,WIPRO26MAR287.5PE,0.0,0.0,0.0,50.7,0.0,50.7,211.95,73.82,0,0,0,0.0,0,F1,3000,,,,,
2026-02-18,2026-02-18,FO,NSE,STO,172953,,WIPRO,,2026-04-28,2026-04-28,180.0,PE,WIPRO26APR180PE,0.0,0.0,0.0,0.45,0.0,0.45,211.95,0.71,0,0,0,0.0,0,F1,3000,,,,,
2026-02-18,2026-02-18,FO,NSE,STO,166354,,WIPRO,,2026-03-30,2026-03-30,304.0,CE,WIPRO26MAR304CE,0.14,0.15,0.14,0.15,0.15,0.35,211.95,0.01,57000,6000,2,1824870.0,2,F1,3000,,,,,
2026-02-18,2026-02-18,FO,NSE,STO,166342,,WIPRO,,2026-03-30,2026-03-30,274.0,CE,WIPRO26MAR274CE,0.0,0.0,0.0,0.39,0.39,0.39,211.95,0.02,99000,0,0,0.0,0,F1,3000,,,,,
2026-02-18,2026-02-18,FO,NSE,STO,172872,,WIPRO,,2026-03-30,2026-03-30,262.5,CE,WIPRO26MAR262.5CE,0.0,0.0,0.0,0.78,0.78,0.78,211.95,0.07,21000,0,0,0.0,0,F1,3000,,,,,
2026-02-18,2026-02-18,FO,NSE,STO,172812,,WIPRO,,2026-03-30,2026-03-30,187.5,CE,WIPRO26MAR187.5CE,0.0,0.0,0.0,49.65,0.0,49.65,211.95,26.19,0,0,0,0.0,0,F1,3000,,,,,
2026-02-18,2026-02-18,FO,NSE,STO,154715,,WIPRO,,2026-02-24,2026-02-24,284.0,CE,WIPRO26FEB284CE,0.04,0.04,0.01,0.03,0.03,0.04,211.95,0.01,321000,-75000,35,29822940.0,9,F1,3000,,,,,
2026-02-18,2026-02-18,FO,NSE,STO,172648,,WIPRO,,2026-02-24,2026-02-24,190.0,CE,WIPRO26FEB190CE,0.0,0.0,0.0,45.75,0.0,45.75,211.95,22.12,0,0,0,0.0,0,F1,3000,,,,,
2026-02-18,2026-02-18,FO,NSE,STO,172694,,WIPRO,,2026-02-24,2026-02-24,247.5,CE,WIPRO26FEB247.5CE,0.1,0.1,0.05,0.07,0.07,0.18,211.95,0.07,501000,-129000,140,103982040.0,105,F1,3000,,,,,
2026-02-18,2026-02-18,FO,NSE,STO,166250,,WIPRO,,2026-02-24,2026-02-24,246.5,CE,WIPRO26FEB246.5CE,0.12,0.12,0.05,0.06,0.06,0.16,211.95,0.06,855000,-60000,77,56958360.0,50,F1,3000,,,,,
2026-02-18,2026-02-18,FO,NSE,STO,166248,,WIPRO,,2026-02-24,2026-02-24,241.5,CE,WIPRO26FEB241.5CE,0.17,0.17,0.07,0.08,0.09,0.23,211.95,0.08,567000,-90000,174,126117840.0,160,F1,3000,,,,,
2026-02-18,2026-02-18,FO,NSE,STO,172686,,WIPRO,,2026-02-24,2026-02-24,237.5,CE,WIPRO26FEB237.5CE,0.21,0.21,0.11,0.12,0.12,0.33,211.95,0.12,738000,-27000,252,179661960.0,227,F1,3000,,,,,
2026-02-18,2026-02-18,FO,NSE,STO,172684,,WIPRO,,2026-02-24,2026-02-24,235.0,CE,WIPRO26FEB235CE,0.39,0.39,0.14,0.15,0.16,0.43,211.95,0.15,5628000,-606000,1469,1036505010.0,924,F1,3000,,,,,
2026-02-18,2026-02-18,FO,NSE,STO,154687,,WIPRO,,2026-02-24,2026-02-24,214.0,CE,WIPRO26FEB214CE,5.33,5.44,2.22,2.69,2.78,5.75,211.95,2.69,1875000,636000,2205,1434572460.0,1959,F1,3000,,,,,
2026-02-18,2026-02-18,FO,NSE,STO,172664,,WIPRO,,2026-02-24,2026-02-24,210.0,CE,WIPRO26FEB210CE,7.34,7.6,3.98,4.75,4.9,8.49,211.95,4.75,2790000,1389000,3483,2242922160.0,2686,F1,3000,,,,,
2026-02-18,2026-02-18,FO,NSE,STO,166240,,WIPRO,,2026-02-24,2026-02-24,221.5,CE,WIPRO26FEB221.5CE,2.0,2.0,0.67,0.79,0.81,2.3,211.95,0.79,804000,-54000,1298,866334000.0,1156,F1,3000,,,,,
2026-02-18,2026-02-18,FO,NSE,STO,166256,,WIPRO,,2026-02-24,2026-02-24,261.5,CE,WIPRO26FEB261.5CE,0.04,0.04,0.04,0.04,0.04,0.07,211.95,0.01,162000,-33000,15,11769300.0,9,F1,3000,,,,,
2026-02-18,2026-02-18,FO,NSE,STO,172818,,WIPRO,,2026-03-30,2026-03-30,195.0,CE,WIPRO26MAR195CE,0.0,0.0,0.0,42.6,0.0,42.6,211.95,19.65,0,0,0,0.0,0,F1,3000,,,,,
2026-02-18,2026-02-18,FO,NSE,STO,172856,,WIPRO,,2026-03-30,2026-03-30,242.5,CE,WIPRO26MAR242.5CE,1.48,1.48,1.42,1.42,1.42,2.06,211.95,0.69,66000,9000,3,2195640.0,2,F1,3000,,,,,
2026-02-18,2026-02-18,FO,NSE,STO,166338,,WIPRO,,2026-03-30,2026-03-30,264.0,CE,WIPRO26MAR264CE,0.36,0.5,0.36,0.4,0.4,0.7,211.95,0.06,327000,-3000,28,22214430.0,18,F1,3000,,,,,
2026-02-18,2026-02-18,FO,NSE,STO,172956,,WIPRO,,2026-04-28,2026-04-28,190.0,CE,WIPRO26APR190CE,0.0,0.0,0.0,48.8,0.0,48.8,211.95,25.82,0,0,0,0.0,0,F1,3000,,,,,
2026-02-18,2026-02-18,FO,NSE,STO,172970,,WIPRO,,2026-04-28,2026-04-28,225.0,CE,WIPRO26APR225CE,0.0,0.0,0.0,21.75,0.0,21.75,211.95,5.74,0,0,0,0.0,0,F1,3000,,,,,
2026-02-18,2026-02-18,FO,NSE,STO,172641,,WIPRO,,2026-02-24,2026-02-24,180.0,PE,WIPRO26FEB180PE,0.16,0.16,0.07,0.07,0.07,0.14,211.95,0.07,882000,-51000,72,38900280.0,53,F1,3000,,,,,
2026-02-18,2026-02-18,FO,NSE,STO,172649,,WIPRO,,2026-02-24,2026-02-24,190.0,PE,WIPRO26FEB190PE,0.32,0.34,0.13,0.14,0.14,0.27,211.95,0.14,1407000,42000,899,513022950.0,590,F1,3000,,,,,
2026-02-18,2026-02-18,FO,NSE,STO,172653,,WIPRO,,2026-02-24,2026-02-24,195.0,PE,WIPRO26FEB195PE,0.36,0.54,0.2,0.21,0.22,0.37,211.95,0.21,945000,-159000,1267,742503270.0,632,F1,3000,,,,,
2026-02-18,2026-02-18,FO,NSE,STO,172659,,WIPRO,,2026-02-24,2026-02-24,202.5,PE,WIPRO26FEB202.5PE,0.6,1.39,0.6,0.65,0.66,0.76,211.95,0.65,546000,138000,457,278931450.0,410,F1,3000,,,,,
2026-02-18,2026-02-18,FO,NSE,STO,166243,,WIPRO,,2026-02-24,2026-02-24,226.5,PE,WIPRO26FEB226.5PE,13.68,16.07,13.68,15.55,15.55,11.12,211.95,14.43,597000,15000,46,33328800.0,39,F1,3000,,,,,
2026-02-18,2026-02-18,FO,NSE,STO,172707,,WIPRO,,2026-02-24,2026-02-24,262.5,PE,WIPRO26FEB262.5PE,0.0,0.0,0.0,27.65,0.0,27.65,211.95,50.31,0,0,0,0.0,0,F1,3000,,,,,
2026-02-18,2026-02-18,FO,NSE,STO,154712,,WIPRO,,2026-02-24,2026-02-24,274.0,PE,WIPRO26FEB274PE,62.0,63.05,62.0,62.0,62.0,57.0,211.95,61.8,465000,-45000,16,16148400.0,12,F1,3000,,,,,
2026-02-18,2026-02-18,FO,NSE,STO,172721,,WIPRO,,2026-02-24,2026-02-24,280.0,PE,WIPRO26FEB280PE,0.0,0.0,0.0,36.0,36.0,36.0,211.95,67.8,3000,0,0,0.0,0,F1,3000,,,,,
2026-02-18,2026-02-18,FO,NSE,STO,172727,,WIPRO,,2026-02-24,2026-02-24,287.5,PE,WIPRO26FEB287.5PE,0.0,0.0,0.0,51.5,0.0,51.5,211.95,75.29,0,0,0,0.0,0,F1,3000,,,,,
2026-02-18,2026-02-18,FO,NSE,STO,172813,,WIPRO,,2026-03-30,2026-03-30,187.5,PE,WIPRO26MAR187.5PE,0.0,0.0,0.0,0.35,0.0,0.35,211.95,0.61,0,0,0,0.0,0,F1,3000,,,,,
2026-02-18,2026-02-18,FO,NSE,STO,172817,,WIPRO,,2026-03-30,2026-03-30,192.5,PE,WIPRO26MAR192.5PE,0.0,0.0,0.0,0.6,0.0,0.6,211.95,1.15,0,0,0,0.0,0,F1,3000,,,,,
2026-02-18,2026-02-18,FO,NSE,STO,172849,,WIPRO,,2026-03-30,2026-03-30,232.5,PE,WIPRO26MAR232.5PE,23.13,23.65,23.13,23.65,23.65,19.01,211.95,20.93,42000,-3000,2,1535340.0,2,F1,3000,,,,,
2026-02-18,2026-02-18,FO,NSE,STO,172863,,WIPRO,,2026-03-30,2026-03-30,250.0,PE,WIPRO26MAR250PE,39.2,40.0,38.5,38.52,38.5,34.3,211.95,38.52,582000,36000,15,13026690.0,15,F1,3000,,,,,
2026-02-18,2026-02-18,FO,NSE,STO,172969,,WIPRO,,2026-04-28,2026-04-28,220.0,PE,WIPRO26APR220PE,0.0,0.0,0.0,6.75,0.0,6.75,211.95,13.25,0,0,0,0.0,0,F1,3000,,,,,
2026-02-18,2026-02-18,FO,NSE,STO,172644,,WIPRO,,2026-02-24,2026-02-24,185.0,CE,WIPRO26FEB185CE,0.0,0.0,0.0,50.7,0.0,50.7,211.95,27.12,0,0,0,0.0,0,F1,3000,,,,,
2026-02-18,2026-02-18,FO,NSE,STO,172731,,WIPRO,,2026-02-24,2026-02-24,292.5,PE,WIPRO26FEB292.5PE,0.0,0.0,0.0,60.0,60.0,60.0,211.95,80.29,3000,0,0,0.0,0,F1,3000,,,,,
2026-02-18,2026-02-18,FO,NSE,STO,172833,,WIPRO,,2026-03-30,2026-03-30,212.5,PE,WIPRO26MAR212.5PE,8.78,9.96,8.61,8.85,8.72,6.89,211.95,8.85,729000,648000,296,197367000.0,83,F1,3000,,,,,
2026-02-18,2026-02-18,FO,NSE,STO,172845,,WIPRO,,2026-03-30,2026-03-30,227.5,PE,WIPRO26MAR227.5PE,0.0,0.0,0.0,15.83,15.83,15.83,211.95,16.89,99000,0,0,0.0,0,F1,3000,,,,,
2026-02-18,2026-02-18,FO,NSE,STO,166335,,WIPRO,,2026-03-30,2026-03-30,254.0,PE,WIPRO26MAR254PE,43.97,43.97,43.97,43.97,43.97,35.07,211.95,40.73,54000,6000,2,1787820.0,1,F1,3000,,,,,
2026-02-18,2026-02-18,FO,NSE,STO,172869,,WIPRO,,2026-03-30,2026-03-30,257.5,PE,WIPRO26MAR257.5PE,0.0,0.0,0.0,25.0,0.0,25.0,211.95,44.14,0,0,0,0.0,0,F1,3000,,,,,
2026-02-18,2026-02-18,FO,NSE,STO,172871,,WIPRO,,2026-03-30,2026-03-30,260.0,PE,WIPRO26MAR260PE,47.0,48.85,47.0,48.0,48.0,43.52,211.95,48.0,498000,63000,21,19413030.0,16,F1,3000,,,,,
2026-02-18,2026-02-18,FO,NSE,STO,172975,,WIPRO,,2026-04-28,2026-04-28,235.0,PE,WIPRO26APR235PE,0.0,0.0,0.0,12.85,0.0,12.85,211.95,23.84,0,0,0,0.0,0,F1,3000,,,,,
2026-02-18,2026-02-18,FO,NSE,STO,172997,,WIPRO,,2026-04-28,2026-04-28,290.0,PE,WIPRO26APR290PE,0.0,0.0,0.0,52.8,0.0,52.8,211.95,75.1,0,0,0,0.0,0,F1,3000,,,,,
2026-02-18,2026-02-18,FO,NSE,STO,172673,,WIPRO,,2026-02-24,2026-02-24,220.0,PE,WIPRO26FEB220PE,7.2,10.3,6.78,8.53,8.46,6.19,211.95,8.53,4443000,-57000,597,409549380.0,549,F1,3000,,,,,
2026-02-18,2026-02-18,FO,NSE,STO,154684,,WIPRO,,2026-02-24,2026-02-24,204.0,PE,WIPRO26FEB204PE,0.95,1.76,0.8,0.83,0.81,0.9,211.95,0.83,1482000,816000,968,596179950.0,659,F1,3000,,,,,
2026-02-18,2026-02-18,FO,NSE,STO,172645,,WIPRO,,2026-02-24,2026-02-24,185.0,PE,WIPRO26FEB185PE,0.17,0.22,0.06,0.08,0.09,0.17,211.95,0.08,381000,159000,246,136657680.0,193,F1,3000,,,,,
2026-02-18,2026-02-18,FO,NSE,STO,172948,,WIPRO,,2026-04-28,2026-04-28,170.0,CE,WIPRO26APR170CE,0.0,0.0,0.0,67.6,0.0,67.6,211.95,43.92,0,0,0,0.0,0,F1,3000,,,,,
2026-02-18,2026-02-18,FO,NSE,STO,172890,,WIPRO,,2026-03-30,2026-03-30,285.0,CE,WIPRO26MAR285CE,0.0,0.0,0.0,1.15,0.0,1.15,211.95,0.01,0,0,0,0.0,0,F1,3000,,,,,
2026-02-18,2026-02-18,FO,NSE,STO,172878,,WIPRO,,2026-03-30,2026-03-30,270.0,CE,WIPRO26MAR270CE,0.38,0.44,0.29,0.31,0.32,0.47,211.95,0.31,501000,126000,159,128955210.0,103,F1,3000,,,,,
2026-02-18,2026-02-18,FO,NSE,STO,172854,,WIPRO,,2026-03-30,2026-03-30,240.0,CE,WIPRO26MAR240CE,2.35,2.35,1.27,1.49,1.51,2.39,211.95,1.49,3417000,1323000,1247,904084830.0,946,F1,3000,,,,,
2026-02-18,2026-02-18,FO,NSE,STO,172850,,WIPRO,,2026-03-30,2026-03-30,235.0,CE,WIPRO26MAR235CE,2.8,2.8,1.88,2.04,2.02,3.23,211.95,2.04,606000,48000,243,172946670.0,209,F1,3000,,,,,
2026-02-18,2026-02-18,FO,NSE,STO,172846,,WIPRO,,2026-03-30,2026-03-30,230.0,CE,WIPRO26MAR230CE,4.0,4.17,2.55,2.76,2.77,4.33,211.95,2.76,3186000,1047000,1071,748627230.0,906,F1,3000,,,,,
2026-02-18,2026-02-18,FO,NSE,STO,172726,,WIPRO,,2026-02-24,2026-02-24,287.5,CE,WIPRO26FEB287.5CE,0.0,0.0,0.0,0.1,0.0,0.1,211.95,0.01,0,0,0,0.0,0,F1,3000,,,,,
2026-02-18,2026-02-18,FO,NSE,STO,172708,,WIPRO,,2026-02-24,2026-02-24,265.0,CE,WIPRO26FEB265CE,0.06,0.06,0.03,0.04,0.04,0.06,211.95,0.01,672000,-51000,55,43732170.0,42,F1,3000,,,,,
2026-02-18,2026-02-18,FO,NSE,STO,172670,,WIPRO,,2026-02-24,2026-02-24,217.5,CE,WIPRO26FEB217.5CE,4.1,4.1,1.28,1.52,1.58,3.86,211.95,1.52,1341000,54000,2702,1779265800.0,2258,F1,3000,,,,,
2026-02-18,2026-02-18,FO,NSE,STO,172640,,WIPRO,,2026-02-24,2026-02-24,180.0,CE,WIPRO26FEB180CE,0.0,0.0,0.0,55.65,0.0,55.65,211.95,32.11,0,0,0,0.0,0,F1,3000,,,,,
2026-02-18,2026-02-18,FO,NSE,STO,154704,,WIPRO,,2026-02-24,2026-02-24,254.0,PE,WIPRO26FEB254PE,43.0,43.25,41.76,41.76,41.76,37.52,211.95,41.76,795000,-69000,39,34720080.0,35,F1,3000,,,,,
2026-02-18,2026-02-18,FO,NSE,STO,154698,,WIPRO,,2026-02-24,2026-02-24,239.0,PE,WIPRO26FEB239PE,27.2,28.1,27.2,27.95,27.95,19.6,211.95,26.83,642000,-18000,8,6402720.0,7,F1,3000,,,,,
2026-02-18,2026-02-18,FO,NSE,STO,166247,,WIPRO,,2026-02-24,2026-02-24,236.5,PE,WIPRO26FEB236.5PE,25.33,25.33,24.69,24.69,24.69,18.75,211.95,24.34,600000,-9000,4,3139110.0,4,F1,3000,,,,,
2026-02-18,2026-02-18,FO,NSE,STO,172675,,WIPRO,,2026-02-24,2026-02-24,222.5,PE,WIPRO26FEB222.5PE,9.1,12.54,9.1,11.7,11.7,7.97,211.95,10.64,381000,9000,97,68032230.0,91,F1,3000,,,,,
2026-02-18,2026-02-18,FO,NSE,STO,172715,,WIPRO,,2026-02-24,2026-02-24,272.5,PE,WIPRO26FEB272.5PE,0.0,0.0,0.0,36.9,0.0,36.9,211.95,60.3,0,0,0,0.0,0,F1,3000,,,,,
2026-02-18,2026-02-18,FO,NSE,STO,154710,,WIPRO,,2026-02-24,2026-02-24,269.0,PE,WIPRO26FEB269PE,57.5,57.5,57.5,57.5,57.5,56.65,211.95,56.81,105000,-6000,3,2938500.0,1,F1,3000,,,,,
2026-02-18,2026-02-18,FO,NSE,STO,154708,,WIPRO,,2026-02-24,2026-02-24,264.0,PE,WIPRO26FEB264PE,53.0,53.2,51.5,51.7,51.55,47.23,211.95,51.7,453000,-66000,24,22769700.0,16,F1,3000,,,,,
2026-02-18,2026-02-18,FO,NSE,STO,154706,,WIPRO,,2026-02-24,2026-02-24,259.0,PE,WIPRO26FEB259PE,47.4,47.4,46.5,46.5,46.5,42.45,211.95,46.5,240000,-9000,4,3672900.0,4,F1,3000,,,,,
2026-02-18,2026-02-18,FO,NSE,STO,166251,,WIPRO,,2026-02-24,2026-02-24,246.5,PE,WIPRO26FEB246.5PE,35.49,35.5,35.49,35.5,35.5,33.31,211.95,34.33,627000,-6000,2,1691970.0,2,F1,3000,,,,,
2026-02-18,2026-02-18,FO,NSE,STO,172677,,WIPRO,,2026-02-24,2026-02-24,225.0,PE,WIPRO26FEB225PE,10.61,14.8,10.61,12.97,12.9,9.81,211.95,12.97,1029000,-333000,328,234593700.0,187,F1,3000,,,,,
2026-02-18,2026-02-18,FO,NSE,STO,166237,,WIPRO,,2026-02-24,2026-02-24,211.5,PE,WIPRO26FEB211.5PE,2.54,4.6,2.54,3.02,2.95,2.37,211.95,3.02,546000,-6000,1138,735247350.0,943,F1,3000,,,,,
2026-02-18,2026-02-18,FO,NSE,STO,172661,,WIPRO,,2026-02-24,2026-02-24,205.0,PE,WIPRO26FEB205PE,1.25,1.98,0.95,0.99,0.97,1.01,211.95,0.99,5208000,2007000,3065,1897981350.0,2085,F1,3000,,,,,
2026-02-18,2026-02-18,FO,NSE,STO,172994,,WIPRO,,2026-04-28,2026-04-28,285.0,CE,WIPRO26APR285CE,0.0,0.0,0.0,2.5,0.0,2.5,211.95,0.07,0,0,0,0.0,0,F1,3000,,,,,
2026-02-18,2026-02-18,FO,NSE,STO,172990,,WIPRO,,2026-04-28,2026-04-28,275.0,CE,WIPRO26APR275CE,0.0,0.0,0.0,3.85,0.0,3.85,211.95,0.17,0,0,0,0.0,0,F1,3000,,,,,
2026-02-18,2026-02-18,FO,NSE,STO,172980,,WIPRO,,2026-04-28,2026-04-28,250.0,CE,WIPRO26APR250CE,2.51,2.75,2.45,2.45,2.45,3.4,211.95,1.2,123000,18000,17,12883320.0,17,F1,3000,,,,,
2026-02-18,2026-02-18,FO,NSE,STO,172858,,WIPRO,,2026-03-30,2026-03-30,245.0,CE,WIPRO26MAR245CE,1.77,1.78,1.04,1.09,1.12,1.78,211.95,1.09,369000,87000,106,78319980.0,92,F1,3000,,,,,
2026-02-18,2026-02-18,FO,NSE,STO,166326,,WIPRO,,2026-03-30,2026-03-30,234.0,CE,WIPRO26MAR234CE,2.2,2.75,2.0,2.18,2.18,3.41,211.95,2.18,432000,132000,66,46796880.0,55,F1,3000,,,,,
2026-02-18,2026-02-18,FO,NSE,STO,172844,,WIPRO,,2026-03-30,2026-03-30,227.5,CE,WIPRO26MAR227.5CE,3.62,3.7,3.01,3.28,3.28,5.58,211.95,3.28,240000,177000,72,49883850.0,52,F1,3000,,,,,
2026-02-18,2026-02-18,FO,NSE,STO,172842,,WIPRO,,2026-03-30,2026-03-30,225.0,CE,WIPRO26MAR225CE,5.51,5.51,3.5,3.82,3.83,5.79,211.95,3.82,2322000,240000,783,538408920.0,654,F1,3000,,,,,
2026-02-18,2026-02-18,FO,NSE,STO,172810,,WIPRO,,2026-03-30,2026-03-30,185.0,CE,WIPRO26MAR185CE,0.0,0.0,0.0,52.0,0.0,52.0,211.95,28.49,0,0,0,0.0,0,F1,3000,,,,,
2026-02-18,2026-02-18,FO,NSE,STO,154705,,WIPRO,,2026-02-24,2026-02-24,259.0,CE,WIPRO26FEB259CE,0.07,0.07,0.05,0.05,0.05,0.12,211.95,0.05,348000,-18000,25,19429320.0,22,F1,3000,,,,,
2026-02-18,2026-02-18,FO,NSE,STO,172682,,WIPRO,,2026-02-24,2026-02-24,232.5,CE,WIPRO26FEB232.5CE,0.52,0.52,0.19,0.2,0.21,0.57,211.95,0.2,1869000,111000,317,221346990.0,283,F1,3000,,,,,
2026-02-18,2026-02-18,FO,NSE,STO,166242,,WIPRO,,2026-02-24,2026-02-24,226.5,CE,WIPRO26FEB226.5CE,1.25,1.25,0.34,0.38,0.4,1.13,211.95,0.38,858000,72000,817,556329180.0,556,F1,3000,,,,,
2026-02-18,2026-02-18,FO,NSE,STO,172636,,WIPRO,,2026-02-24,2026-02-24,175.0,CE,WIPRO26FEB175CE,0.0,0.0,0.0,60.6,0.0,60.6,211.95,37.11,0,0,0,0.0,0,F1,3000,,,,,
2026-02-18,2026-02-18,FO,NSE,STO,172897,,WIPRO,,2026-03-30,2026-03-30,292.5,PE,WIPRO26MAR292.5PE,0.0,0.0,0.0,55.4,0.0,55.4,211.95,78.79,0,0,0,0.0,0,F1,3000,,,,,
2026-02-18,2026-02-18,FO,NSE,STO,172895,,WIPRO,,2026-03-30,2026-03-30,290.0,PE,WIPRO26MAR290PE,0.0,0.0,0.0,53.05,0.0,53.05,211.95,76.31,0,0,0,0.0,0,F1,3000,,,,,
2026-02-18,2026-02-18,FO,NSE,STO,172885,,WIPRO,,2026-03-30,2026-03-30,277.5,PE,WIPRO26MAR277.5PE,0.0,0.0,0.0,41.6,0.0,41.6,211.95,63.89,0,0,0,0.0,0,F1,3000,,,,,
2026-02-18,2026-02-18,FO,NSE,STO,172867,,WIPRO,,2026-03-30,2026-03-30,255.0,PE,WIPRO26MAR255PE,44.0,44.5,43.0,43.0,43.0,39.1,211.95,43.0,162000,75000,25,22426650.0,22,F1,3000,,,,,
2026-02-18,2026-02-18,FO,NSE,STO,166327,,WIPRO,,2026-03-30,2026-03-30,234.0,PE,WIPRO26MAR234PE,22.71,25.07,22.71,25.07,25.07,20.95,211.95,22.2,120000,9000,5,3874890.0,5,F1,3000,,,,,
2026-02-18,2026-02-18,FO,NSE,STO,172837,,WIPRO,,2026-03-30,2026-03-30,217.5,PE,WIPRO26MAR217.5PE,10.35,12.4,10.35,11.6,11.6,9.72,211.95,11.6,162000,-9000,11,7561080.0,10,F1,3000,,,,,
2026-02-18,2026-02-18,FO,NSE,STO,172733,,WIPRO,,2026-02-24,2026-02-24,295.0,PE,WIPRO26FEB295PE,0.0,0.0,0.0,58.9,0.0,58.9,211.95,82.78,0,0,0,0.0,0,F1,3000,,,,,
2026-02-18,2026-02-18,FO,NSE,STO,172725,,WIPRO,,2026-02-24,2026-02-24,285.0,PE,WIPRO26FEB285PE,0.0,0.0,0.0,49.05,0.0,49.05,211.95,72.79,0,0,0,0.0,0,F1,3000,,,,,
2026-02-18,2026-02-18,FO,NSE,STO,154714,,WIPRO,,2026-02-24,2026-02-24,279.0,PE,WIPRO26FEB279PE,67.5,67.5,67.5,67.5,67.5,62.1,211.95,66.8,111000,-3000,1,1039500.0,1,F1,3000,,,,,
2026-02-18,2026-02-18,FO,NSE,STO,154694,,WIPRO,,2026-02-24,2026-02-24,229.0,PE,WIPRO26FEB229PE,14.44,18.59,14.44,16.82,16.87,13.3,211.95,16.82,849000,-21000,82,60500730.0,71,F1,3000,,,,,
2026-02-18,2026-02-18,FO,NSE,STO,172703,,WIPRO,,2026-02-24,2026-02-24,257.5,PE,WIPRO26FEB257.5PE,0.0,0.0,0.0,15.14,15.27,15.14,211.95,45.32,258000,0,0,0.0,0,F1,3000,,,,,
2026-02-18,2026-02-18,FO,NSE,STO,166257,,WIPRO,,2026-02-24,2026-02-24,261.5,PE,WIPRO26FEB261.5PE,0.0,0.0,0.0,19.03,18.55,19.03,211.95,49.31,21000,0,0,0.0,0,F1,3000,,,,,
2026-02-18,2026-02-18,FO,NSE,STO,172881,,WIPRO,,2026-03-30,2026-03-30,272.5,PE,WIPRO26MAR272.5PE,0.0,0.0,0.0,37.2,0.0,37.2,211.95,58.93,0,0,0,0.0,0,F1,3000,,,,,
2026-02-18,2026-02-18,FO,NSE,STO,154693,,WIPRO,,2026-02-24,2026-02-24,229.0,CE,WIPRO26FEB229CE,0.66,0.67,0.26,0.28,0.29,0.84,211.95,0.28,1095000,183000,581,399739770.0,456,F1,3000,,,,,
2026-02-18,2026-02-18,FO,NSE,STO,172690,,WIPRO,,2026-02-24,2026-02-24,242.5,CE,WIPRO26FEB242.5CE,0.17,0.17,0.05,0.07,0.07,0.2,211.95,0.07,1212000,-168000,278,202324650.0,224,F1,3000,,,,,
2026-02-18,2026-02-18,FO,NSE,STO,154699,,WIPRO,,2026-02-24,2026-02-24,244.0,CE,WIPRO26FEB244CE,0.16,0.16,0.03,0.07,0.07,0.19,211.95,0.07,2076000,-225000,520,380760930.0,368,F1,3000,,,,,
2026-02-18,2026-02-18,FO,NSE,STO,172692,,WIPRO,,2026-02-24,2026-02-24,245.0,CE,WIPRO26FEB245CE,0.11,0.15,0.05,0.06,0.07,0.18,211.95,0.06,2613000,-594000,640,470557740.0,489,F1,3000,,,,,
2026-02-18,2026-02-18,FO,NSE,STO,172702,,WIPRO,,2026-02-24,2026-02-24,257.5,CE,WIPRO26FEB257.5CE,0.06,0.06,0.05,0.05,0.05,0.11,211.95,0.01,102000,0,2,1545330.0,2,F1,3000,,,,,
2026-02-18,2026-02-18,FO,NSE,STO,172993,,WIPRO,,2026-04-28,2026-04-28,280.0,PE,WIPRO26APR280PE,0.0,0.0,0.0,44.05,0.0,44.05,211.95,65.27,0,0,0,0.0,0,F1,3000,,,,,
2026-02-18,2026-02-18,FO,NSE,STO,172985,,WIPRO,,2026-04-28,2026-04-28,260.0,PE,WIPRO26APR260PE,0.0,0.0,0.0,28.15,0.0,28.15,211.95,45.94,0,0,0,0.0,0,F1,3000,,,,,
2026-02-18,2026-02-18,FO,NSE,STO,172983,,WIPRO,,2026-04-28,2026-04-28,255.0,PE,WIPRO26APR255PE,0.0,0.0,0.0,24.6,0.0,24.6,211.95,41.25,0,0,0,0.0,0,F1,3000,,,,,
2026-02-18,2026-02-18,FO,NSE,STO,172979,,WIPRO,,2026-04-28,2026-04-28,245.0,PE,WIPRO26APR245PE,0.0,0.0,0.0,10.05,10.05,10.05,211.95,32.21,3000,0,0,0.0,0,F1,3000,,,,,
2026-02-18,2026-02-18,FO,NSE,STO,166258,,WIPRO,,2026-02-24,2026-02-24,266.5,CE,WIPRO26FEB266.5CE,0.08,0.08,0.03,0.04,0.04,0.06,211.95,0.04,324000,-189000,146,116758080.0,39,F1,3000,,,,,
2026-02-18,2026-02-18,FO,NSE,STO,154711,,WIPRO,,2026-02-24,2026-02-24,274.0,CE,WIPRO26FEB274CE,0.03,0.04,0.02,0.02,0.02,0.04,211.95,0.01,861000,-75000,32,26306400.0,18,F1,3000,,,,,
2026-02-18,2026-02-18,FO,NSE,STO,172720,,WIPRO,,2026-02-24,2026-02-24,280.0,CE,WIPRO26FEB280CE,0.04,0.05,0.02,0.02,0.02,0.04,211.95,0.02,1254000,-3000,177,148697790.0,60,F1,3000,,,,,
2026-02-18,2026-02-18,FO,NSE,STO,172722,,WIPRO,,2026-02-24,2026-02-24,282.5,CE,WIPRO26FEB282.5CE,0.0,0.0,0.0,0.15,0.0,0.15,211.95,0.01,0,0,0,0.0,0,F1,3000,,,,,
2026-02-18,2026-02-18,FO,NSE,STO,172728,,WIPRO,,2026-02-24,2026-02-24,290.0,CE,WIPRO26FEB290CE,0.0,0.0,0.0,0.1,0.0,0.1,211.95,0.01,0,0,0,0.0,0,F1,3000,,,,,
2026-02-18,2026-02-18,FO,NSE,STO,172816,,WIPRO,,2026-03-30,2026-03-30,192.5,CE,WIPRO26MAR192.5CE,0.0,0.0,0.0,44.95,0.0,44.95,211.95,21.75,0,0,0,0.0,0,F1,3000,,,,,
2026-02-18,2026-02-18,FO,NSE,STO,172888,,WIPRO,,2026-03-30,2026-03-30,282.5,CE,WIPRO26MAR282.5CE,0.0,0.0,0.0,1.35,0.0,1.35,211.95,0.01,0,0,0,0.0,0,F1,3000,,,,,
2026-02-18,2026-02-18,FO,NSE,STO,172958,,WIPRO,,2026-04-28,2026-04-28,195.0,CE,WIPRO26APR195CE,0.0,0.0,0.0,44.35,0.0,44.35,211.95,21.86,0,0,0,0.0,0,F1,3000,,,,,
2026-02-18,2026-02-18,FO,NSE,STO,172988,,WIPRO,,2026-04-28,2026-04-28,270.0,CE,WIPRO26APR270CE,0.0,0.0,0.0,4.7,0.0,4.7,211.95,0.26,0,0,0,0.0,0,F1,3000,,,,,
2026-02-18,2026-02-18,FO,NSE,STO,172992,,WIPRO,,2026-04-28,2026-04-28,280.0,CE,WIPRO26APR280CE,0.0,0.0,0.0,1.0,1.0,1.0,211.95,0.11,171000,0,0,0.0,0,F1,3000,,,,,
2026-02-18,2026-02-18,FO,NSE,STO,172996,,WIPRO,,2026-04-28,2026-04-28,290.0,CE,WIPRO26APR290CE,0.0,0.0,0.0,2.05,0.0,2.05,211.95,0.05,0,0,0,0.0,0,F1,3000,,,,,
2026-02-18,2026-02-18,FO,NSE,STO,172667,,WIPRO,,2026-02-24,2026-02-24,212.5,PE,WIPRO26FEB212.5PE,2.44,5.15,1.43,3.49,3.4,2.7,211.95,3.49,1128000,216000,2631,1709777730.0,2074,F1,3000,,,,,
2026-02-18,2026-02-18,FO,NSE,STO,154717,,WIPRO,,2026-02-24,2026-02-24,289.0,CE,WIPRO26FEB289CE,0.0,0.0,0.0,0.09,0.09,0.09,211.95,0.01,78000,0,0,0.0,0,F1,3000,,,,,
2026-02-18,2026-02-18,FO,NSE,STO,172718,,WIPRO,,2026-02-24,2026-02-24,277.5,CE,WIPRO26FEB277.5CE,0.0,0.0,0.0,0.3,0.0,0.3,211.95,0.01,0,0,0,0.0,0,F1,3000,,,,,
2026-02-18,2026-02-18,FO,NSE,STO,166260,,WIPRO,,2026-02-24,2026-02-24,271.5,CE,WIPRO26FEB271.5CE,0.14,0.14,0.03,0.03,0.03,0.05,211.95,0.01,192000,-42000,14,11406120.0,7,F1,3000,,,,,
2026-02-18,2026-02-18,FO,NSE,STO,172676,,WIPRO,,2026-02-24,2026-02-24,225.0,CE,WIPRO26FEB225CE,1.38,1.38,0.4,0.47,0.49,1.41,211.95,0.47,3765000,-1440000,3121,2111965560.0,2021,F1,3000,,,,,
2026-02-18,2026-02-18,FO,NSE,STO,172652,,WIPRO,,2026-02-24,2026-02-24,195.0,CE,WIPRO26FEB195CE,0.0,0.0,0.0,40.8,0.0,40.8,211.95,17.14,0,0,0,0.0,0,F1,3000,,,,,
2026-02-18,2026-02-18,FO,NSE,STO,172646,,WIPRO,,2026-02-24,2026-02-24,187.5,CE,WIPRO26FEB187.5CE,0.0,0.0,0.0,48.2,0.0,48.2,211.95,24.62,0,0,0,0.0,0,F1,3000,,,,,
2026-02-18,2026-02-18,FO,NSE,STO,172829,,WIPRO,,2026-03-30,2026-03-30,207.5,PE,WIPRO26MAR207.5PE,5.82,7.5,5.82,6.57,6.5,5.34,211.95,6.57,114000,69000,47,30247290.0,41,F1,3000,,,,,
2026-02-18,2026-02-18,FO,NSE,STO,172851,,WIPRO,,2026-03-30,2026-03-30,235.0,PE,WIPRO26MAR235PE,25.5,26.2,25.5,26.2,26.2,20.92,211.95,23.06,87000,9000,7,5475450.0,4,F1,3000,,,,,
2026-02-18,2026-02-18,FO,NSE,STO,172853,,WIPRO,,2026-03-30,2026-03-30,237.5,PE,WIPRO26MAR237.5PE,0.0,0.0,0.0,4.02,4.02,4.02,211.95,25.25,72000,0,0,0.0,0,F1,3000,,,,,
2026-02-18,2026-02-18,FO,NSE,STO,172873,,WIPRO,,2026-03-30,2026-03-30,262.5,PE,WIPRO26MAR262.5PE,0.0,0.0,0.0,28.9,0.0,28.9,211.95,49.05,0,0,0,0.0,0,F1,3000,,,,,
2026-02-18,2026-02-18,FO,NSE,STO,172891,,WIPRO,,2026-03-30,2026-03-30,285.0,PE,WIPRO26MAR285PE,0.0,0.0,0.0,69.52,69.52,69.52,211.95,71.34,3000,0,0,0.0,0,F1,3000,,,,,
2026-02-18,2026-02-18,FO,NSE,STO,172957,,WIPRO,,2026-04-28,2026-04-28,190.0,PE,WIPRO26APR190PE,0.0,0.0,0.0,1.05,0.0,1.05,211.95,1.9,0,0,0,0.0,0,F1,3000,,,,,
2026-02-18,2026-02-18,FO,NSE,STO,172987,,WIPRO,,2026-04-28,2026-04-28,265.0,PE,WIPRO26APR265PE,0.0,0.0,0.0,31.9,0.0,31.9,211.95,50.7,0,0,0,0.0,0,F1,3000,,,,,
2026-02-18,2026-02-18,FO,NSE,STO,172989,,WIPRO,,2026-04-28,2026-04-28,270.0,PE,WIPRO26APR270PE,0.0,0.0,0.0,35.75,0.0,35.75,211.95,55.52,0,0,0,0.0,0,F1,3000,,,,,
2026-02-18,2026-02-18,FO,NSE,STO,154724,,WIPRO,,2026-02-24,2026-02-24,304.0,PE,WIPRO26FEB304PE,0.0,0.0,0.0,56.6,56.6,56.6,211.95,91.78,93000,0,0,0.0,0,F1,3000,,,,,
2026-02-18,2026-02-18,FO,NSE,STO,154722,,WIPRO,,2026-02-24,2026-02-24,299.0,PE,WIPRO26FEB299PE,0.0,0.0,0.0,63.0,63.0,63.0,211.95,86.78,9000,0,0,0.0,0,F1,3000,,,,,
2026-02-18,2026-02-18,FO,NSE,STO,154716,,WIPRO,,2026-02-24,2026-02-24,284.0,PE,WIPRO26FEB284PE,0.0,0.0,0.0,64.5,64.5,64.5,211.95,71.79,240000,0,0,0.0,0,F1,3000,,,,,
2026-02-18,2026-02-18,FO,NSE,STO,172709,,WIPRO,,2026-02-24,2026-02-24,265.0,PE,WIPRO26FEB265PE,0.0,0.0,0.0,53.98,53.98,53.98,211.95,52.81,27000,0,0,0.0,0,F1,3000,,,,,
2026-02-18,2026-02-18,FO,NSE,STO,172701,,WIPRO,,2026-02-24,2026-02-24,255.0,PE,WIPRO26FEB255PE,0.0,0.0,0.0,35.79,35.79,35.79,211.95,42.82,63000,0,0,0.0,0,F1,3000,,,,,
2026-02-18,2026-02-18,FO,NSE,STO,166253,,WIPRO,,2026-02-24,2026-02-24,251.5,PE,WIPRO26FEB251.5PE,0.0,0.0,0.0,19.96,19.96,19.96,211.95,39.32,327000,0,0,0.0,0,F1,3000,,,,,
2026-02-18,2026-02-18,FO,NSE,STO,166245,,WIPRO,,2026-02-24,2026-02-24,231.5,PE,WIPRO26FEB231.5PE,20.3,20.43,20.12,20.41,20.41,15.51,211.95,19.36,789000,-9000,5,3777390.0,5,F1,3000,,,,,
2026-02-18,2026-02-18,FO,NSE,STO,166239,,WIPRO,,2026-02-24,2026-02-24,216.5,PE,WIPRO26FEB216.5PE,4.9,7.38,4.68,5.61,5.83,4.27,211.95,5.61,351000,-57000,147,98248410.0,130,F1,3000,,,,,
2026-02-18,2026-02-18,FO,NSE,STO,172655,,WIPRO,,2026-02-24,2026-02-24,197.5,PE,WIPRO26FEB197.5PE,0.46,0.72,0.29,0.3,0.3,0.46,211.95,0.3,225000,-465000,608,361131750.0,437,F1,3000,,,,,
2026-02-18,2026-02-18,FO,NSE,STO,172868,,WIPRO,,2026-03-30,2026-03-30,257.5,CE,WIPRO26MAR257.5CE,0.57,0.57,0.57,0.57,0.57,1.31,211.95,0.14,6000,3000,1,774210.0,1,F1,3000,,,,,
2026-02-18,2026-02-18,FO,NSE,STO,172848,,WIPRO,,2026-03-30,2026-03-30,232.5,CE,WIPRO26MAR232.5CE,3.04,3.04,2.17,2.17,2.17,3.73,211.95,1.77,276000,15000,23,16212330.0,22,F1,3000,,,,,
2026-02-18,2026-02-18,FO,NSE,STO,172838,,WIPRO,,2026-03-30,2026-03-30,220.0,CE,WIPRO26MAR220CE,7.7,7.7,4.76,5.21,5.24,7.66,211.95,5.21,3753000,1134000,1234,834986640.0,999,F1,3000,,,,,
2026-02-18,2026-02-18,FO,NSE,STO,172820,,WIPRO,,2026-03-30,2026-03-30,197.5,CE,WIPRO26MAR197.5CE,0.0,0.0,0.0,17.6,17.6,17.6,211.95,17.64,3000,0,0,0.0,0,F1,3000,,,,,
2026-02-18,2026-02-18,FO,NSE,STO,172814,,WIPRO,,2026-03-30,2026-03-30,190.0,CE,WIPRO26MAR190CE,25.1,25.1,22.17,23.45,23.45,28.6,211.95,23.45,231000,27000,24,15352140.0,14,F1,3000,,,,,
2026-02-18,2026-02-18,FO,NSE,STO,172802,,WIPRO,,2026-03-30,2026-03-30,175.0,CE,WIPRO26MAR175CE,0.0,0.0,0.0,61.75,0.0,61.75,211.95,38.09,0,0,0,0.0,0,F1,3000,,,,,
2026-02-18,2026-02-18,FO,NSE,STO,172859,,WIPRO,,2026-03-30,2026-03-30,245.0,PE,WIPRO26MAR245PE,29.0,35.3,29.0,35.3,35.3,29.9,211.95,32.11,141000,6000,3,2484900.0,3,F1,3000,,,,,
2026-02-18,2026-02-18,FO,NSE,STO,172861,,WIPRO,,2026-03-30,2026-03-30,247.5,PE,WIPRO26MAR247.5PE,0.0,0.0,0.0,30.0,30.0,30.0,211.95,34.48,15000,0,0,0.0,0,F1,3000,,,,,
2026-02-18,2026-02-18,FO,NSE,STO,172949,,WIPRO,,2026-04-28,2026-04-28,170.0,PE,WIPRO26APR170PE,0.0,0.0,0.0,0.2,0.0,0.2,211.95,0.21,0,0,0,0.0,0,F1,3000,,,,,
2026-02-18,2026-02-18,FO,NSE,STO,172991,,WIPRO,,2026-04-28,2026-04-28,275.0,PE,WIPRO26APR275PE,0.0,0.0,0.0,39.85,0.0,39.85,211.95,60.38,0,0,0,0.0,0,F1,3000,,,,,
2026-02-18,2026-02-18,FO,NSE,STO,172730,,WIPRO,,2026-02-24,2026-02-24,292.5,CE,WIPRO26FEB292.5CE,0.0,0.0,0.0,0.05,0.0,0.05,211.95,0.01,0,0,0,0.0,0,F1,3000,,,,,
2026-02-18,2026-02-18,FO,NSE,STO,172823,,WIPRO,,2026-03-30,2026-03-30,200.0,PE,WIPRO26MAR200PE,3.6,4.82,3.3,3.91,3.81,3.24,211.95,3.91,2562000,318000,852,522098100.0,635,F1,3000,,,,,
2026-02-18,2026-02-18,FO,NSE,STO,172729,,WIPRO,,2026-02-24,2026-02-24,290.0,PE,WIPRO26FEB290PE,0.0,0.0,0.0,53.95,0.0,53.95,211.95,77.79,0,0,0,0.0,0,F1,3000,,,,,
2026-02-18,2026-02-18,FO,NSE,STO,172719,,WIPRO,,2026-02-24,2026-02-24,277.5,PE,WIPRO26FEB277.5PE,0.0,0.0,0.0,41.7,0.0,41.7,211.95,65.3,0,0,0,0.0,0,F1,3000,,,,,
2026-02-18,2026-02-18,FO,NSE,STO,172695,,WIPRO,,2026-02-24,2026-02-24,247.5,PE,WIPRO26FEB247.5PE,0.0,0.0,0.0,28.06,28.06,28.06,211.95,35.33,609000,0,0,0.0,0,F1,3000,,,,,
2026-02-18,2026-02-18,FO,NSE,STO,154696,,WIPRO,,2026-02-24,2026-02-24,234.0,PE,WIPRO26FEB234PE,19.13,23.25,19.13,22.19,22.19,17.8,211.95,21.84,2064000,-39000,35,26854980.0,30,F1,3000,,,,,
2026-02-18,2026-02-18,FO,NSE,STO,172679,,WIPRO,,2026-02-24,2026-02-24,227.5,PE,WIPRO26FEB227.5PE,13.47,16.89,13.47,15.38,15.44,11.88,211.95,15.38,639000,-3000,41,29910270.0,37,F1,3000,,,,,
2026-02-18,2026-02-18,FO,NSE,STO,166241,,WIPRO,,2026-02-24,2026-02-24,221.5,PE,WIPRO26FEB221.5PE,8.12,11.4,8.09,9.84,9.84,7.15,211.95,9.84,747000,93000,132,91828500.0,127,F1,3000,,,,,
2026-02-18,2026-02-18,FO,NSE,STO,154679,,WIPRO,,2026-02-24,2026-02-24,194.0,CE,WIPRO26FEB194CE,0.0,0.0,0.0,17.99,17.99,17.99,211.95,18.14,21000,0,0,0.0,0,F1,3000,,,,,
2026-02-18,2026-02-18,FO,NSE,STO,166252,,WIPRO,,2026-02-24,2026-02-24,251.5,CE,WIPRO26FEB251.5CE,0.06,0.06,0.03,0.05,0.05,0.14,211.95,0.05,546000,-156000,68,51316860.0,32,F1,3000,,,,,
2026-02-18,2026-02-18,FO,NSE,STO,172637,,WIPRO,,2026-02-24,2026-02-24,175.0,PE,WIPRO26FEB175PE,0.1,0.1,0.05,0.07,0.07,0.08,211.95,0.07,288000,66000,94,49371360.0,42,F1,3000,,,,,
2026-02-18,2026-02-18,FO,NSE,STO,172998,,WIPRO,,2026-04-28,2026-04-28,295.0,CE,WIPRO26APR295CE,0.0,0.0,0.0,1.6,0.0,1.6,211.95,0.03,0,0,0,0.0,0,F1,3000,,,,,
2026-02-18,2026-02-18,FO,NSE,STO,166350,,WIPRO,,2026-03-30,2026-03-30,294.0,CE,WIPRO26MAR294CE,0.14,0.14,0.14,0.14,0.14,0.32,211.95,0.01,123000,-12000,5,4412100.0,5,F1,3000,,,,,
2026-02-18,2026-02-18,FO,NSE,STO,172896,,WIPRO,,2026-03-30,2026-03-30,292.5,CE,WIPRO26MAR292.5CE,0.0,0.0,0.0,0.75,0.0,0.75,211.95,0.01,0,0,0,0.0,0,F1,3000,,,,,
2026-02-18,2026-02-18,FO,NSE,STO,172860,,WIPRO,,2026-03-30,2026-03-30,247.5,CE,WIPRO26MAR247.5CE,0.0,0.0,0.0,2.53,2.53,2.53,211.95,0.41,6000,0,0,0.0,0,F1,3000,,,,,
2026-02-18,2026-02-18,FO,NSE,STO,172834,,WIPRO,,2026-03-30,2026-03-30,215.0,CE,WIPRO26MAR215CE,9.7,9.7,6.39,7.03,7.01,9.95,211.95,7.03,2604000,2094000,1363,909699990.0,1202,F1,3000,,,,,
2026-02-18,2026-02-18,FO,NSE,STO,172824,,WIPRO,,2026-03-30,2026-03-30,202.5,CE,WIPRO26MAR202.5CE,14.02,14.02,13.1,13.1,13.1,35.9,211.95,13.92,9000,9000,3,1943160.0,2,F1,3000,,,,,
2026-02-18,2026-02-18,FO,NSE,STO,154701,,WIPRO,,2026-02-24,2026-02-24,249.0,CE,WIPRO26FEB249CE,0.11,0.11,0.05,0.06,0.06,0.14,211.95,0.06,1218000,-144000,218,162891540.0,182,F1,3000,,,,,
2026-02-18,2026-02-18,FO,NSE,STO,172674,,WIPRO,,2026-02-24,2026-02-24,222.5,CE,WIPRO26FEB222.5CE,1.59,1.61,0.56,0.65,0.69,1.99,211.95,0.65,2700000,1878000,1613,1080647010.0,1000,F1,3000,,,,,
2026-02-18,2026-02-18,FO,NSE,STO,172654,,WIPRO,,2026-02-24,2026-02-24,197.5,CE,WIPRO26FEB197.5CE,0.0,0.0,0.0,38.35,0.0,38.35,211.95,14.68,0,0,0,0.0,0,F1,3000,,,,,
2026-02-18,2026-02-18,FO,NSE,STO,172841,,WIPRO,,2026-03-30,2026-03-30,222.5,PE,WIPRO26MAR222.5PE,0.0,0.0,0.0,11.02,11.02,11.02,211.95,13.22,264000,0,0,0.0,0,F1,3000,,,,,
2026-02-18,2026-02-18,FO,NSE,STO,172700,,WIPRO,,2026-02-24,2026-02-24,255.0,CE,WIPRO26FEB255CE,0.1,0.1,0.05,0.05,0.05,0.11,211.95,0.05,1422000,-303000,274,209663730.0,149,F1,3000,,,,,
2026-02-18,2026-02-18,FO,NSE,STO,154697,,WIPRO,,2026-02-24,2026-02-24,239.0,CE,WIPRO26FEB239CE,0.23,0.23,0.09,0.1,0.1,0.28,211.95,0.1,3543000,-96000,322,230995290.0,279,F1,3000,,,,,
2026-02-18,2026-02-18,FO,NSE,STO,154695,,WIPRO,,2026-02-24,2026-02-24,234.0,CE,WIPRO26FEB234CE,0.35,0.35,0.16,0.16,0.16,0.47,211.95,0.16,2799000,-252000,509,357646140.0,439,F1,3000,,,,,
2026-02-18,2026-02-18,FO,NSE,STO,166244,,WIPRO,,2026-02-24,2026-02-24,231.5,CE,WIPRO26FEB231.5CE,0.45,0.46,0.21,0.21,0.21,0.62,211.95,0.21,1065000,-66000,499,346951320.0,412,F1,3000,,,,,
2026-02-18,2026-02-18,FO,NSE,STO,172678,,WIPRO,,2026-02-24,2026-02-24,227.5,CE,WIPRO26FEB227.5CE,0.79,0.79,0.3,0.34,0.35,1.02,211.95,0.34,540000,-171000,459,313835820.0,390,F1,3000,,,,,
2026-02-18,2026-02-18,FO,NSE,STO,154691,,WIPRO,,2026-02-24,2026-02-24,224.0,CE,WIPRO26FEB224CE,1.3,1.32,0.46,0.53,0.54,1.62,211.95,0.53,1353000,48000,623,419830230.0,536,F1,3000,,,,,
2026-02-18,2026-02-18,FO,NSE,STO,172672,,WIPRO,,2026-02-24,2026-02-24,220.0,CE,WIPRO26FEB220CE,2.85,2.85,0.83,1.01,1.03,2.81,211.95,1.01,7176000,1545000,8603,5709555990.0,5830,F1,3000,,,,,
2026-02-18,2026-02-18,FO,NSE,STO,172884,,WIPRO,,2026-03-30,2026-03-30,277.5,CE,WIPRO26MAR277.5CE,0.0,0.0,0.0,1.8,0.0,1.8,211.95,0.01,0,0,0,0.0,0,F1,3000,,,,,
2026-02-18,2026-02-18,FO,NSE,STO,172894,,WIPRO,,2026-03-30,2026-03-30,290.0,CE,WIPRO26MAR290CE,0.0,0.0,0.0,0.85,0.0,0.85,211.95,0.01,0,0,0,0.0,0,F1,3000,,,,,
2026-02-18,2026-02-18,FO,NSE,STO,172960,,WIPRO,,2026-04-28,2026-04-28,200.0,CE,WIPRO26APR200CE,0.0,0.0,0.0,40.05,0.0,40.05,211.95,18.22,0,0,0,0.0,0,F1,3000,,,,,
2026-02-18,2026-02-18,FO,NSE,STO,172968,,WIPRO,,2026-04-28,2026-04-28,220.0,CE,WIPRO26APR220CE,0.0,0.0,0.0,24.95,0.0,24.95,211.95,7.48,0,0,0,0.0,0,F1,3000,,,,,
2026-02-18,2026-02-18,FO,NSE,STO,172671,,WIPRO,,2026-02-24,2026-02-24,217.5,PE,WIPRO26FEB217.5PE,5.9,8.43,5.33,6.52,6.48,4.79,211.95,6.52,603000,-33000,250,168387690.0,229,F1,3000,,,,,
2026-02-18,2026-02-18,FO,NSE,STO,172693,,WIPRO,,2026-02-24,2026-02-24,245.0,PE,WIPRO26FEB245PE,30.44,34.03,30.44,33.5,33.5,28.66,211.95,32.83,1074000,-9000,9,7508250.0,9,F1,3000,,,,,
2026-02-18,2026-02-18,FO,NSE,STO,172713,,WIPRO,,2026-02-24,2026-02-24,270.0,PE,WIPRO26FEB270PE,0.0,0.0,0.0,62.4,62.4,62.4,211.95,57.81,30000,0,0,0.0,0,F1,3000,,,,,
2026-02-18,2026-02-18,FO,NSE,STO,166267,,WIPRO,,2026-02-24,2026-02-24,286.5,PE,WIPRO26FEB286.5PE,0.0,0.0,0.0,52.2,52.2,52.2,211.95,74.29,3000,0,0,0.0,0,F1,3000,,,,,
2026-02-18,2026-02-18,FO,NSE,STO,154718,,WIPRO,,2026-02-24,2026-02-24,289.0,PE,WIPRO26FEB289PE,0.0,0.0,0.0,74.9,74.9,74.9,211.95,76.79,6000,0,0,0.0,0,F1,3000,,,,,
2026-02-18,2026-02-18,FO,NSE,STO,172811,,WIPRO,,2026-03-30,2026-03-30,185.0,PE,WIPRO26MAR185PE,1.3,1.73,1.27,1.29,1.28,1.19,211.95,1.29,678000,276000,287,160582740.0,227,F1,3000,,,,,
2026-02-18,2026-02-18,FO,NSE,STO,154713,,WIPRO,,2026-02-24,2026-02-24,279.0,CE,WIPRO26FEB279CE,0.0,0.0,0.0,0.04,0.04,0.04,211.95,0.01,204000,0,0,0.0,0,F1,3000,,,,,
2026-02-18,2026-02-18,FO,NSE,STO,172825,,WIPRO,,2026-03-30,2026-03-30,202.5,PE,WIPRO26MAR202.5PE,4.65,5.5,4.5,4.62,4.57,3.8,211.95,4.62,210000,87000,74,46093170.0,57,F1,3000,,,,,
2026-02-18,2026-02-18,FO,NSE,STO,166343,,WIPRO,,2026-03-30,2026-03-30,274.0,PE,WIPRO26MAR274PE,62.0,62.0,62.0,62.0,62.0,54.8,211.95,60.42,78000,3000,1,1008000.0,1,F1,3000,,,,,
2026-02-18,2026-02-18,FO,NSE,STO,172965,,WIPRO,,2026-04-28,2026-04-28,210.0,PE,WIPRO26APR210PE,10.25,10.5,10.25,10.5,10.5,4.0,211.95,7.95,12000,12000,4,2645250.0,2,F1,3000,,,,,
2026-02-18,2026-02-18,FO,NSE,STO,172866,,WIPRO,,2026-03-30,2026-03-30,255.0,CE,WIPRO26MAR255CE,1.15,1.15,0.69,0.69,0.69,1.15,211.95,0.18,54000,15000,6,4604190.0,5,F1,3000,,,,,
2026-02-18,2026-02-18,FO,NSE,STO,172828,,WIPRO,,2026-03-30,2026-03-30,207.5,CE,WIPRO26MAR207.5CE,12.08,12.08,9.85,10.44,10.44,14.94,211.95,10.68,12000,9000,11,7200360.0,11,F1,3000,,,,,
2026-02-18,2026-02-18,FO,NSE,STO,154723,,WIPRO,,2026-02-24,2026-02-24,304.0,CE,WIPRO26FEB304CE,0.06,0.06,0.02,0.02,0.02,0.04,211.95,0.01,534000,6000,3,2736390.0,3,F1,3000,,,,,
2026-02-18,2026-02-18,FO,NSE,STO,154719,,WIPRO,,2026-02-24,2026-02-24,294.0,CE,WIPRO26FEB294CE,0.01,0.02,0.01,0.02,0.02,0.02,211.95,0.01,945000,-12000,20,17641080.0,7,F1,3000,,,,,
2026-02-18,2026-02-18,FO,NSE,STO,172704,,WIPRO,,2026-02-24,2026-02-24,260.0,CE,WIPRO26FEB260CE,0.06,0.07,0.03,0.03,0.04,0.07,211.95,0.03,2838000,-633000,422,329223210.0,211,F1,3000,,,,,
2026-02-18,2026-02-18,FO,NSE,STO,172821,,WIPRO,,2026-03-30,2026-03-30,197.5,PE,WIPRO26MAR197.5PE,3.26,3.93,3.25,3.57,3.57,2.71,211.95,2.0,180000,27000,28,16889310.0,21,F1,3000,,,,,
2026-02-18,2026-02-18,FO,NSE,STO,172815,,WIPRO,,2026-03-30,2026-03-30,190.0,PE,WIPRO26MAR190PE,1.68,2.48,1.67,1.92,1.87,1.67,211.95,1.92,1140000,153000,463,266834820.0,338,F1,3000,,,,,
2026-02-18,2026-02-18,FO,NSE,STO,172803,,WIPRO,,2026-03-30,2026-03-30,175.0,PE,WIPRO26MAR175PE,0.86,0.9,0.6,0.62,0.6,0.85,211.95,0.62,384000,372000,282,148635390.0,135,F1,3000,,,,,
2026-02-18,2026-02-18,FO,NSE,STO,166265,,WIPRO,,2026-02-24,2026-02-24,281.5,PE,WIPRO26FEB281.5PE,0.0,0.0,0.0,47.65,47.65,47.65,211.95,69.3,6000,0,0,0.0,0,F1,3000,,,,,
2026-02-18,2026-02-18,FO,NSE,STO,172717,,WIPRO,,2026-02-24,2026-02-24,275.0,PE,WIPRO26FEB275PE,0.0,0.0,0.0,39.3,0.0,39.3,211.95,62.8,0,0,0,0.0,0,F1,3000,,,,,
2026-02-18,2026-02-18,FO,NSE,STO,172687,,WIPRO,,2026-02-24,2026-02-24,237.5,PE,WIPRO26FEB237.5PE,24.2,26.75,24.2,25.95,25.95,19.47,211.95,25.34,531000,-3000,3,2368200.0,3,F1,3000,,,,,
2026-02-18,2026-02-18,FO,NSE,STO,172683,,WIPRO,,2026-02-24,2026-02-24,232.5,PE,WIPRO26FEB232.5PE,18.21,21.5,18.21,21.5,21.5,16.39,211.95,20.35,1092000,-18000,21,15904530.0,18,F1,3000,,,,,
2026-02-18,2026-02-18,FO,NSE,STO,172665,,WIPRO,,2026-02-24,2026-02-24,210.0,PE,WIPRO26FEB210PE,2.05,3.9,2.0,2.38,2.28,1.93,211.95,2.38,3555000,-1668000,8607,5500765800.0,5950,F1,3000,,,,,
2026-02-18,2026-02-18,FO,NSE,STO,172647,,WIPRO,,2026-02-24,2026-02-24,187.5,PE,WIPRO26FEB187.5PE,0.2,0.2,0.15,0.19,0.19,0.05,211.95,0.01,3000,3000,3,1689120.0,3,F1,3000,,,,,
2026-02-18,2026-02-18,FO,NSE,STO,172978,,WIPRO,,2026-04-28,2026-04-28,245.0,CE,WIPRO26APR245CE,0.0,0.0,0.0,11.8,0.0,11.8,211.95,1.69,0,0,0,0.0,0,F1,3000,,,,,
2026-02-18,2026-02-18,FO,NSE,STO,172974,,WIPRO,,2026-04-28,2026-04-28,235.0,CE,WIPRO26APR235CE,0.0,0.0,0.0,16.25,0.0,16.25,211.95,3.22,0,0,0,0.0,0,F1,3000,,,,,
2026-02-18,2026-02-18,FO,NSE,STO,172964,,WIPRO,,2026-04-28,2026-04-28,210.0,CE,WIPRO26APR210CE,0.0,0.0,0.0,32.05,0.0,32.05,211.95,12.07,0,0,0,0.0,0,F1,3000,,,,,
2026-02-18,2026-02-18,FO,NSE,STO,172886,,WIPRO,,2026-03-30,2026-03-30,280.0,CE,WIPRO26MAR280CE,0.39,0.39,0.39,0.39,0.39,0.4,211.95,0.01,147000,3000,1,841170.0,1,F1,3000,,,,,
2026-02-18,2026-02-18,FO,NSE,STO,172840,,WIPRO,,2026-03-30,2026-03-30,222.5,CE,WIPRO26MAR222.5CE,6.5,6.5,4.12,4.51,4.51,6.5,211.95,4.51,300000,60000,118,80542740.0,106,F1,3000,,,,,
2026-02-18,2026-02-18,FO,NSE,STO,172830,,WIPRO,,2026-03-30,2026-03-30,210.0,CE,WIPRO26MAR210CE,12.0,12.26,8.6,9.38,9.45,12.74,211.95,9.38,1584000,801000,1010,665262120.0,728,F1,3000,,,,,
2026-02-18,2026-02-18,FO,NSE,STO,172806,,WIPRO,,2026-03-30,2026-03-30,180.0,CE,WIPRO26MAR180CE,0.0,0.0,0.0,32.85,32.85,32.85,211.95,33.23,39000,0,0,0.0,0,F1,3000,,,,,
2026-02-18,2026-02-18,FO,NSE,STO,172714,,WIPRO,,2026-02-24,2026-02-24,272.5,CE,WIPRO26FEB272.5CE,0.0,0.0,0.0,0.45,0.0,0.45,211.95,0.01,0,0,0,0.0,0,F1,3000,,,,,
2026-02-18,2026-02-18,FO,NSE,STO,166254,,WIPRO,,2026-02-24,2026-02-24,256.5,CE,WIPRO26FEB256.5CE,0.1,0.1,0.03,0.04,0.05,0.1,211.95,0.04,171000,-18000,9,6926760.0,7,F1,3000,,,,,
2026-02-18,2026-02-18,FO,NSE,STO,154703,,WIPRO,,2026-02-24,2026-02-24,254.0,CE,WIPRO26FEB254CE,0.11,0.11,0.05,0.05,0.05,0.12,211.95,0.05,3018000,87000,241,183690210.0,185,F1,3000,,,,,
2026-02-18,2026-02-18,FO,NSE,STO,166246,,WIPRO,,2026-02-24,2026-02-24,236.5,CE,WIPRO26FEB236.5CE,0.22,0.22,0.12,0.12,0.12,0.35,211.95,0.12,1095000,-132000,240,170400870.0,203,F1,3000,,,,,
2026-02-18,2026-02-18,FO,NSE,STO,172668,,WIPRO,,2026-02-24,2026-02-24,215.0,CE,WIPRO26FEB215CE,5.16,5.16,1.93,2.33,2.4,5.19,211.95,2.33,4539000,1914000,8237,5376108450.0,6433,F1,3000,,,,,
2026-02-18,2026-02-18,FO,NSE,STO,172999,,WIPRO,,2026-04-28,2026-04-28,295.0,PE,WIPRO26APR295PE,0.0,0.0,0.0,57.3,0.0,57.3,211.95,80.03,0,0,0,0.0,0,F1,3000,,,,,
2026-02-18,2026-02-18,FO,NSE,STO,172981,,WIPRO,,2026-04-28,2026-04-28,250.0,PE,WIPRO26APR250PE,0.0,0.0,0.0,21.3,0.0,21.3,211.95,36.66,0,0,0,0.0,0,F1,3000,,,,,
2026-02-18,2026-02-18,FO,NSE,STO,172977,,WIPRO,,2026-04-28,2026-04-28,240.0,PE,WIPRO26APR240PE,0.0,0.0,0.0,18.0,18.0,18.0,211.95,27.92,9000,0,0,0.0,0,F1,3000,,,,,
2026-02-18,2026-02-18,FO,NSE,STO,172961,,WIPRO,,2026-04-28,2026-04-28,200.0,PE,WIPRO26APR200PE,6.4,7.1,6.4,6.4,6.4,4.9,211.95,4.2,66000,33000,18,11159250.0,15,F1,3000,,,,,
2026-02-18,2026-02-18,FO,NSE,STO,172887,,WIPRO,,2026-03-30,2026-03-30,280.0,PE,WIPRO26MAR280PE,0.0,0.0,0.0,60.5,60.5,60.5,211.95,66.37,18000,0,0,0.0,0,F1,3000,,,,,
2026-02-18,2026-02-18,FO,NSE,STO,172984,,WIPRO,,2026-04-28,2026-04-28,260.0,CE,WIPRO26APR260CE,0.0,0.0,0.0,6.9,0.0,6.9,211.95,0.58,0,0,0,0.0,0,F1,3000,,,,,
2026-02-18,2026-02-18,FO,NSE,STO,172976,,WIPRO,,2026-04-28,2026-04-28,240.0,CE,WIPRO26APR240CE,4.65,4.65,3.5,3.97,3.97,4.65,211.95,3.97,39000,12000,6,4391010.0,6,F1,3000,,,,,
2026-02-18,2026-02-18,FO,NSE,STO,172952,,WIPRO,,2026-04-28,2026-04-28,180.0,CE,WIPRO26APR180CE,0.0,0.0,0.0,58.0,0.0,58.0,211.95,34.52,0,0,0,0.0,0,F1,3000,,,,,
2026-02-18,2026-02-18,FO,NSE,STO,172963,,WIPRO,,2026-04-28,2026-04-28,205.0,PE,WIPRO26APR205PE,0.0,0.0,0.0,3.0,0.0,3.0,211.95,5.88,0,0,0,0.0,0,F1,3000,,,,,
2026-02-18,2026-02-18,FO,NSE,STO,172959,,WIPRO,,2026-04-28,2026-04-28,195.0,PE,WIPRO26APR195PE,0.0,0.0,0.0,1.55,0.0,1.55,211.95,2.89,0,0,0,0.0,0,F1,3000,,,,,
2026-02-18,2026-02-18,FO,NSE,STO,172995,,WIPRO,,2026-04-28,2026-04-28,285.0,PE,WIPRO26APR285PE,0.0,0.0,0.0,48.35,0.0,48.35,211.95,70.18,0,0,0,0.0,0,F1,3000,,,,,
2026-02-18,2026-02-18,FO,NSE,STO,172807,,WIPRO,,2026-03-30,2026-03-30,180.0,PE,WIPRO26MAR180PE,0.8,1.27,0.8,0.91,0.89,0.91,211.95,0.91,495000,54000,153,83096940.0,133,F1,3000,,,,,
2026-02-18,2026-02-18,FO,NSE,STO,172827,,WIPRO,,2026-03-30,2026-03-30,205.0,PE,WIPRO26MAR205PE,5.0,6.66,5.0,5.51,5.42,4.55,211.95,5.51,678000,81000,144,91167630.0,113,F1,3000,,,,,
2026-02-18,2026-02-18,FO,NSE,STO,172831,,WIPRO,,2026-03-30,2026-03-30,210.0,PE,WIPRO26MAR210PE,6.3,8.92,6.29,7.56,7.42,6.26,211.95,7.56,2592000,216000,481,314639310.0,396,F1,3000,,,,,
2026-02-18,2026-02-18,FO,NSE,STO,172835,,WIPRO,,2026-03-30,2026-03-30,215.0,PE,WIPRO26MAR215PE,8.4,11.66,8.4,10.17,10.12,8.38,211.95,10.17,2040000,1125000,753,509385480.0,728,F1,3000,,,,,
2026-02-18,2026-02-18,FO,NSE,STO,172839,,WIPRO,,2026-03-30,2026-03-30,220.0,PE,WIPRO26MAR220PE,11.5,14.61,11.42,13.24,13.14,11.07,211.95,13.24,1392000,219000,207,144905730.0,158,F1,3000,,,,,
2026-02-18,2026-02-18,FO,NSE,STO,172843,,WIPRO,,2026-03-30,2026-03-30,225.0,PE,WIPRO26MAR225PE,15.19,18.42,15.19,16.81,16.81,14.14,211.95,16.81,744000,-93000,122,88693530.0,105,F1,3000,,,,,
2026-02-18,2026-02-18,FO,NSE,STO,172847,,WIPRO,,2026-03-30,2026-03-30,230.0,PE,WIPRO26MAR230PE,19.9,22.3,19.9,20.71,20.7,17.51,211.95,20.71,1137000,63000,67,50525910.0,34,F1,3000,,,,,
2026-02-18,2026-02-18,FO,NSE,STO,172877,,WIPRO,,2026-03-30,2026-03-30,267.5,PE,WIPRO26MAR267.5PE,0.0,0.0,0.0,32.95,0.0,32.95,211.95,53.98,0,0,0,0.0,0,F1,3000,,,,,
2026-02-18,2026-02-18,FO,NSE,STO,172898,,WIPRO,,2026-03-30,2026-03-30,295.0,CE,WIPRO26MAR295CE,0.0,0.0,0.0,0.65,0.0,0.65,211.95,0.01,0,0,0,0.0,0,F1,3000,,,,,
2026-02-18,2026-02-18,FO,NSE,STO,172882,,WIPRO,,2026-03-30,2026-03-30,275.0,CE,WIPRO26MAR275CE,0.0,0.0,0.0,0.84,0.84,0.84,211.95,0.01,30000,0,0,0.0,0,F1,3000,,,,,
2026-02-18,2026-02-18,FO,NSE,STO,172880,,WIPRO,,2026-03-30,2026-03-30,272.5,CE,WIPRO26MAR272.5CE,0.0,0.0,0.0,2.35,0.0,2.35,211.95,0.02,0,0,0,0.0,0,F1,3000,,,,,
2026-02-18,2026-02-18,FO,NSE,STO,172862,,WIPRO,,2026-03-30,2026-03-30,250.0,CE,WIPRO26MAR250CE,1.28,1.28,0.79,0.87,0.9,1.33,211.95,0.87,4032000,1287000,883,664740540.0,648,F1,3000,,,,,
2026-02-18,2026-02-18,FO,NSE,STO,172852,,WIPRO,,2026-03-30,2026-03-30,237.5,CE,WIPRO26MAR237.5CE,2.11,2.16,1.64,1.71,1.71,2.64,211.95,1.71,114000,6000,25,17956020.0,19,F1,3000,,,,,
2026-02-18,2026-02-18,FO,NSE,STO,172836,,WIPRO,,2026-03-30,2026-03-30,217.5,CE,WIPRO26MAR217.5CE,8.0,8.04,5.58,6.08,6.05,8.71,211.95,6.08,312000,93000,75,50394930.0,66,F1,3000,,,,,
2026-02-18,2026-02-18,FO,NSE,STO,172724,,WIPRO,,2026-02-24,2026-02-24,285.0,CE,WIPRO26FEB285CE,0.0,0.0,0.0,0.15,0.0,0.15,211.95,0.01,0,0,0,0.0,0,F1,3000,,,,,
2026-02-18,2026-02-18,FO,NSE,STO,154709,,WIPRO,,2026-02-24,2026-02-24,269.0,CE,WIPRO26FEB269CE,0.03,0.05,0.02,0.02,0.02,0.05,211.95,0.02,1137000,-147000,149,120261180.0,60,F1,3000,,,,,
2026-02-18,2026-02-18,FO,NSE,STO,172650,,WIPRO,,2026-02-24,2026-02-24,192.5,CE,WIPRO26FEB192.5CE,0.0,0.0,0.0,23.28,23.28,23.28,211.95,19.63,42000,0,0,0.0,0,F1,3000,,,,,
2026-02-18,2026-02-18,FO,NSE,STF,52074,,WIPRO,,2026-03-30,2026-03-30,,,WIPRO26MARFUT,215.26,216.92,209.8,211.7,211.9,216.27,211.95,211.7,76539000,24333000,13806,8746244640.0,11671,F1,3000,,,,,
2026-02-18,2026-02-18,FO,NSE,STO,154688,,WIPRO,,2026-02-24,2026-02-24,214.0,PE,WIPRO26FEB214PE,4.21,5.95,3.44,4.33,4.15,3.22,211.95,4.33,1455000,-264000,1156,758879550.0,1027,F1,3000,,,,,
2026-02-18,2026-02-18,FO,NSE,STO,154680,,WIPRO,,2026-02-24,2026-02-24,194.0,PE,WIPRO26FEB194PE,0.43,0.47,0.18,0.18,0.19,0.34,211.95,0.18,441000,27000,233,135829440.0,191,F1,3000,,,,,
2026-02-18,2026-02-18,FO,NSE,STO,172669,,WIPRO,,2026-02-24,2026-02-24,215.0,PE,WIPRO26FEB215PE,3.2,6.58,3.2,4.93,4.84,3.64,211.95,4.93,3195000,-594000,1732,1144745910.0,1381,F1,3000,,,,,
2026-02-18,2026-02-18,FO,NSE,STO,154692,,WIPRO,,2026-02-24,2026-02-24,224.0,PE,WIPRO26FEB224PE,10.46,13.83,10.2,12.04,11.92,9.06,211.95,12.04,1050000,-51000,140,99316710.0,120,F1,3000,,,,,
2026-02-18,2026-02-18,FO,NSE,STO,172691,,WIPRO,,2026-02-24,2026-02-24,242.5,PE,WIPRO26FEB242.5PE,0.0,0.0,0.0,24.4,24.4,24.4,211.95,30.33,348000,0,0,0.0,0,F1,3000,,,,,
2026-02-18,2026-02-18,FO,NSE,STO,172697,,WIPRO,,2026-02-24,2026-02-24,250.0,PE,WIPRO26FEB250PE,35.0,39.0,34.85,38.0,38.0,34.0,211.95,38.0,1068000,3000,20,17236470.0,13,F1,3000,,,,,
2026-02-18,2026-02-18,FO,NSE,STO,166255,,WIPRO,,2026-02-24,2026-02-24,256.5,PE,WIPRO26FEB256.5PE,0.0,0.0,0.0,13.75,13.75,13.75,211.95,44.32,111000,0,0,0.0,0,F1,3000,,,,,
2026-02-18,2026-02-18,FO,NSE,STO,166259,,WIPRO,,2026-02-24,2026-02-24,266.5,PE,WIPRO26FEB266.5PE,0.0,0.0,0.0,19.04,19.04,19.04,211.95,54.31,3000,0,0,0.0,0,F1,3000,,,,,
2026-02-18,2026-02-18,FO,NSE,STO,154720,,WIPRO,,2026-02-24,2026-02-24,294.0,PE,WIPRO26FEB294PE,83.0,83.0,82.5,82.5,82.5,74.85,211.95,81.78,126000,-9000,3,3390000.0,2,F1,3000,,,,,
2026-02-18,2026-02-18,FO,NSE,STO,172874,,WIPRO,,2026-03-30,2026-03-30,265.0,CE,WIPRO26MAR265CE,0.0,0.0,0.0,0.64,0.64,0.64,211.95,0.05,6000,0,0,0.0,0,F1,3000,,,,,
2026-02-18,2026-02-18,FO,NSE,STO,172870,,WIPRO,,2026-03-30,2026-03-30,260.0,CE,WIPRO26MAR260CE,0.8,0.8,0.45,0.52,0.53,0.77,211.95,0.52,765000,9000,64,50025870.0,53,F1,3000,,,,,
2026-02-18,2026-02-18,FO,NSE,STO,172826,,WIPRO,,2026-03-30,2026-03-30,205.0,CE,WIPRO26MAR205CE,0.0,0.0,0.0,33.75,0.0,33.75,211.95,12.24,0,0,0,0.0,0,F1,3000,,,,,
2026-02-18,2026-02-18,FO,NSE,STO,172716,,WIPRO,,2026-02-24,2026-02-24,275.0,CE,WIPRO26FEB275CE,0.0,0.0,0.0,0.03,0.04,0.03,211.95,0.01,234000,0,0,0.0,0,F1,3000,,,,,
2026-02-18,2026-02-18,FO,NSE,STO,172710,,WIPRO,,2026-02-24,2026-02-24,267.5,CE,WIPRO26FEB267.5CE,0.0,0.0,0.0,0.12,0.12,0.12,211.95,0.01,237000,0,0,0.0,0,F1,3000,,,,,
2026-02-18,2026-02-18,FO,NSE,STO,172706,,WIPRO,,2026-02-24,2026-02-24,262.5,CE,WIPRO26FEB262.5CE,0.0,0.0,0.0,0.14,0.14,0.14,211.95,0.01,120000,0,0,0.0,0,F1,3000,,,,,
2026-02-18,2026-02-18,FO,NSE,STO,172660,,WIPRO,,2026-02-24,2026-02-24,205.0,CE,WIPRO26FEB205CE,10.28,10.28,7.23,8.34,8.55,12.6,211.95,8.34,300000,96000,242,154703460.0,145,F1,3000,,,,,
2026-02-18,2026-02-18,FO,NSE,STO,154683,,WIPRO,,2026-02-24,2026-02-24,204.0,CE,WIPRO26FEB204CE,11.65,11.65,8.18,9.21,9.28,13.46,211.95,9.21,309000,189000,212,135583710.0,139,F1,3000,,,,,
2026-02-18,2026-02-18,FO,NSE,STO,172656,,WIPRO,,2026-02-24,2026-02-24,200.0,CE,WIPRO26FEB200CE,15.42,15.42,11.33,12.71,13.07,17.05,211.95,12.71,252000,-3000,148,94241700.0,133,F1,3000,,,,,
2026-02-18,2026-02-18,FO,NSE,STF,67043,,WIPRO,,2026-04-28,2026-04-28,,,WIPRO26APRFUT,216.3,216.3,210.13,211.78,211.82,216.44,211.95,211.78,5679000,825000,618,392457300.0,555,F1,3000,,,,,
2026-02-18,2026-02-18,FO,NSE,STO,172973,,WIPRO,,2026-04-28,2026-04-28,230.0,PE,WIPRO26APR230PE,0.0,0.0,0.0,10.55,0.0,10.55,211.95,20.0,0,0,0,0.0,0,F1,3000,,,,,
2026-02-18,2026-02-18,FO,NSE,STO,172971,,WIPRO,,2026-04-28,2026-04-28,225.0,PE,WIPRO26APR225PE,0.0,0.0,0.0,8.5,0.0,8.5,211.95,16.46,0,0,0,0.0,0,F1,3000,,,,,
2026-02-18,2026-02-18,FO,NSE,STO,172967,,WIPRO,,2026-04-28,2026-04-28,215.0,PE,WIPRO26APR215PE,0.0,0.0,0.0,5.3,0.0,5.3,211.95,10.41,0,0,0,0.0,0,F1,3000,,,,,
2026-02-18,2026-02-18,FO,NSE,STO,172857,,WIPRO,,2026-03-30,2026-03-30,242.5,PE,WIPRO26MAR242.5PE,0.0,0.0,0.0,27.0,27.0,27.0,211.95,29.79,36000,0,0,0.0,0,F1,3000,,,,,
2026-02-18,2026-02-18,FO,NSE,STO,172711,,WIPRO,,2026-02-24,2026-02-24,267.5,PE,WIPRO26FEB267.5PE,0.0,0.0,0.0,56.45,56.45,56.45,211.95,55.31,15000,0,0,0.0,0,F1,3000,,,,,
2026-02-18,2026-02-18,FO,NSE,STO,166249,,WIPRO,,2026-02-24,2026-02-24,241.5,PE,WIPRO26FEB241.5PE,0.0,0.0,0.0,31.24,31.24,31.24,211.95,29.33,312000,0,0,0.0,0,F1,3000,,,,,
2026-02-18,2026-02-18,FO,NSE,STO,172657,,WIPRO,,2026-02-24,2026-02-24,200.0,PE,WIPRO26FEB200PE,0.63,1.01,0.42,0.44,0.46,0.59,211.95,0.44,4113000,1185000,3779,2275069620.0,2248,F1,3000,,,,,
2026-02-18,2026-02-18,FO,NSE,STO,172651,,WIPRO,,2026-02-24,2026-02-24,192.5,PE,WIPRO26FEB192.5PE,0.35,0.4,0.15,0.15,0.16,0.3,211.95,0.15,783000,753000,613,354445950.0,356,F1,3000,,,,,
2026-02-18,2026-02-18,FO,NSE,STO,172962,,WIPRO,,2026-04-28,2026-04-28,205.0,CE,WIPRO26APR205CE,0.0,0.0,0.0,35.95,0.0,35.95,211.95,14.95,0,0,0,0.0,0,F1,3000,,,,,
2026-02-18,2026-02-18,FO,NSE,STO,172892,,WIPRO,,2026-03-30,2026-03-30,287.5,CE,WIPRO26MAR287.5CE,0.0,0.0,0.0,1.0,0.0,1.0,211.95,0.01,0,0,0,0.0,0,F1,3000,,,,,
2026-02-18,2026-02-18,FO,NSE,STO,172681,,WIPRO,,2026-02-24,2026-02-24,230.0,PE,WIPRO26FEB230PE,16.0,19.62,15.7,17.71,17.71,14.16,211.95,17.71,3084000,-87000,122,90868980.0,103,F1,3000,,,,,
2026-02-18,2026-02-18,FO,NSE,STO,154682,,WIPRO,,2026-02-24,2026-02-24,199.0,PE,WIPRO26FEB199PE,0.65,0.88,0.36,0.37,0.37,0.52,211.95,0.37,531000,189000,371,222184830.0,283,F1,3000,,,,,
2026-02-18,2026-02-18,FO,NSE,STO,172986,,WIPRO,,2026-04-28,2026-04-28,265.0,CE,WIPRO26APR265CE,0.0,0.0,0.0,5.75,0.0,5.75,211.95,0.39,0,0,0,0.0,0,F1,3000,,,,,
2026-02-18,2026-02-18,FO,NSE,STO,172723,,WIPRO,,2026-02-24,2026-02-24,282.5,PE,WIPRO26FEB282.5PE,0.0,0.0,0.0,46.55,0.0,46.55,211.95,70.29,0,0,0,0.0,0,F1,3000,,,,,
2026-02-18,2026-02-18,FO,NSE,STO,154702,,WIPRO,,2026-02-24,2026-02-24,249.0,PE,WIPRO26FEB249PE,39.0,39.0,39.0,39.0,39.0,32.7,211.95,36.82,651000,-6000,2,1728000.0,1,F1,3000,,,,,
2026-02-18,2026-02-18,FO,NSE,STO,166334,,WIPRO,,2026-03-30,2026-03-30,254.0,CE,WIPRO26MAR254CE,2.09,2.09,0.67,0.71,0.71,1.12,211.95,0.71,654000,129000,62,47405550.0,48,F1,3000,,,,,
2026-02-18,2026-02-18,FO,NSE,STO,172864,,WIPRO,,2026-03-30,2026-03-30,252.5,CE,WIPRO26MAR252.5CE,0.87,0.87,0.72,0.75,0.75,1.15,211.95,0.75,57000,33000,19,14437110.0,14,F1,3000,,,,,
2026-02-18,2026-02-18,FO,NSE,STO,172662,,WIPRO,,2026-02-24,2026-02-24,207.5,CE,WIPRO26FEB207.5CE,8.45,8.46,5.42,6.49,6.64,10.33,211.95,6.49,399000,186000,296,189868650.0,285,F1,3000,,,,,
2026-02-18,2026-02-18,FO,NSE,STO,172658,,WIPRO,,2026-02-24,2026-02-24,202.5,CE,WIPRO26FEB202.5CE,13.59,13.82,9.1,9.95,9.95,13.5,211.95,9.94,54000,24000,92,58743930.0,89,F1,3000,,,,,
2026-02-18,2026-02-18,FO,NSE,STO,172972,,WIPRO,,2026-04-28,2026-04-28,230.0,CE,WIPRO26APR230CE,0.0,0.0,0.0,18.85,0.0,18.85,211.95,4.33,0,0,0,0.0,0,F1,3000,,,,,
2026-02-18,2026-02-18,FO,NSE,STO,166348,,WIPRO,,2026-03-30,2026-03-30,289.0,CE,WIPRO26MAR289CE,0.0,0.0,0.0,0.9,0.9,0.9,211.95,0.01,15000,0,0,0.0,0,F1,3000,,,,,
2026-02-18,2026-02-18,FO,NSE,STO,172876,,WIPRO,,2026-03-30,2026-03-30,267.5,CE,WIPRO26MAR267.5CE,0.0,0.0,0.0,2.03,2.03,2.03,211.95,0.04,6000,0,0,0.0,0,F1,3000,,,,,
2026-02-18,2026-02-18,FO,NSE,STO,172822,,WIPRO,,2026-03-30,2026-03-30,200.0,CE,WIPRO26MAR200CE,18.0,18.0,14.5,15.71,15.65,19.6,211.95,15.71,558000,219000,132,85384200.0,76,F1,3000,,,,,
2026-02-18,2026-02-18,FO,NSE,STO,172832,,WIPRO,,2026-03-30,2026-03-30,212.5,CE,WIPRO26MAR212.5CE,9.06,9.4,7.5,8.16,8.25,11.35,211.95,8.16,432000,324000,270,178736100.0,202,F1,3000,,,,,
2026-02-18,2026-02-18,FO,NSE,STO,172680,,WIPRO,,2026-02-24,2026-02-24,230.0,CE,WIPRO26FEB230CE,0.75,0.75,0.24,0.25,0.25,0.74,211.95,0.25,8565000,-591000,3098,2140696470.0,1786,F1,3000,,,,,
2026-02-18,2026-02-18,FO,NSE,STO,166330,,WIPRO,,2026-03-30,2026-03-30,244.0,CE,WIPRO26MAR244CE,1.54,1.54,1.16,1.16,1.16,1.91,211.95,0.6,183000,66000,31,22815000.0,23,F1,3000,,,,,
2026-02-18,2026-02-18,FO,NSE,STO,154707,,WIPRO,,2026-02-24,2026-02-24,264.0,CE,WIPRO26FEB264CE,0.04,0.05,0.03,0.03,0.03,0.05,211.95,0.03,984000,-111000,46,36437130.0,36,F1,3000,,,,,
2026-02-18,2026-02-18,FO,NSE,STO,172712,,WIPRO,,2026-02-24,2026-02-24,270.0,CE,WIPRO26FEB270CE,0.04,0.07,0.02,0.03,0.04,0.05,211.95,0.03,1530000,-150000,332,268969980.0,131,F1,3000,,,,,
2026-02-18,2026-02-18,FO,NSE,STO,172732,,WIPRO,,2026-02-24,2026-02-24,295.0,CE,WIPRO26FEB295CE,0.0,0.0,0.0,0.04,0.04,0.04,211.95,0.01,3000,0,0,0.0,0,F1,3000,,,,,
2026-02-18,2026-02-18,FO,NSE,STO,172899,,WIPRO,,2026-03-30,2026-03-30,295.0,PE,WIPRO26MAR295PE,83.0,83.0,83.0,83.0,83.0,75.8,211.95,81.28,15000,3000,1,1134000.0,1,F1,3000,,,,,
2026-02-18,2026-02-18,FO,NSE,STO,154700,,WIPRO,,2026-02-24,2026-02-24,244.0,PE,WIPRO26FEB244PE,30.7,33.4,30.7,31.95,31.5,27.05,211.95,31.95,921000,-57000,57,47252580.0,32,F1,3000,,,,,
2026-02-18,2026-02-18,FO,NSE,STO,172689,,WIPRO,,2026-02-24,2026-02-24,240.0,PE,WIPRO26FEB240PE,26.12,29.33,26.12,27.73,27.73,23.7,211.95,27.73,990000,-36000,29,23353290.0,26,F1,3000,,,,,
2026-02-18,2026-02-18,FO,NSE,STO,172685,,WIPRO,,2026-02-24,2026-02-24,235.0,PE,WIPRO26FEB235PE,19.85,24.16,19.85,23.5,23.5,18.84,211.95,22.84,948000,0,17,13135260.0,17,F1,3000,,,,,
2026-02-18,2026-02-18,FO,NSE,STO,166351,,WIPRO,,2026-03-30,2026-03-30,294.0,PE,WIPRO26MAR294PE,78.9,78.9,78.9,78.9,78.9,75.25,211.95,80.28,66000,15000,5,5593500.0,1,F1,3000,,,,,
2026-02-18,2026-02-18,FO,NSE,STO,172875,,WIPRO,,2026-03-30,2026-03-30,265.0,PE,WIPRO26MAR265PE,54.0,54.0,53.2,53.7,53.7,48.7,211.95,51.51,75000,12000,6,5733750.0,5,F1,3000,,,,,
2026-02-18,2026-02-18,FO,NSE,STO,172855,,WIPRO,,2026-03-30,2026-03-30,240.0,PE,WIPRO26MAR240PE,26.5,30.5,26.5,29.42,29.5,26.0,211.95,29.42,525000,30000,24,19392870.0,20,F1,3000,,,,,
2026-02-18,2026-02-18,FO,NSE,STO,172819,,WIPRO,,2026-03-30,2026-03-30,195.0,PE,WIPRO26MAR195PE,2.43,3.5,2.43,2.75,2.75,2.31,211.95,2.75,414000,114000,101,60012180.0,76,F1,3000,,,,,
2026-02-18,2026-02-18,FO,NSE,STO,172696,,WIPRO,,2026-02-24,2026-02-24,250.0,CE,WIPRO26FEB250CE,0.11,0.12,0.06,0.07,0.07,0.14,211.95,0.07,14595000,291000,1121,841027320.0,465,F1,3000,,,,,
2026-02-18,2026-02-18,FO,NSE,STO,172698,,WIPRO,,2026-02-24,2026-02-24,252.5,CE,WIPRO26FEB252.5CE,0.07,0.08,0.04,0.04,0.04,0.11,211.95,0.04,2124000,-3000,194,146986650.0,163,F1,3000,,,,,
2026-02-18,2026-02-18,FO,NSE,STF,59519,,WIPRO,,2026-02-24,2026-02-24,,,WIPRO26FEBFUT,217.1,217.11,210.35,212.37,212.67,216.47,211.95,212.37,121605000,-9690000,22897,14546234400.0,20195,F1,3000,,,,,
2026-02-18,2026-02-18,FO,NSE,STO,172688,,WIPRO,,2026-02-24,2026-02-24,240.0,CE,WIPRO26FEB240CE,0.22,0.23,0.09,0.1,0.1,0.26,211.95,0.1,6906000,-588000,1469,1058252130.0,920,F1,3000,,,,,
2026-02-18,2026-02-18,FO,NSE,STO,172666,,WIPRO,,2026-02-24,2026-02-24,212.5,CE,WIPRO26FEB212.5CE,5.58,5.9,2.81,3.41,3.52,6.72,211.95,3.41,3054000,1533000,4037,2614573800.0,3284,F1,3000,,,,,
2026-02-18,2026-02-18,FO,NSE,STO,172966,,WIPRO,,2026-04-28,2026-04-28,215.0,CE,WIPRO26APR215CE,0.0,0.0,0.0,28.35,0.0,28.35,211.95,9.58,0,0,0,0.0,0,F1,3000,,,,,
2026-02-18,2026-02-18,FO,NSE,STO,172982,,WIPRO,,2026-04-28,2026-04-28,255.0,CE,WIPRO26APR255CE,0.0,0.0,0.0,8.3,0.0,8.3,211.95,0.84,0,0,0,0.0,0,F1,3000,,,,,
2026-02-18,2026-02-18,FO,NSE,STO,43601,,KPITTECH,,2026-03-30,2026-03-30,780.0,PE,KPITTECH26MAR780PE,15.0,15.0,15.0,15.0,15.0,15.0,861.6,10.3,3400,1700,4,1351500.0,2,F1,425,,,,,
2026-02-18,2026-02-18,FO,NSE,STO,134526,,KPITTECH,,2026-03-30,2026-03-30,700.0,PE,KPITTECH26MAR700PE,0.0,0.0,0.0,0.2,0.0,0.2,861.6,1.4,0,0,0,0.0,0,F1,425,,,,,
2026-02-18,2026-02-18,FO,NSE,STO,127419,,KPITTECH,,2026-03-30,2026-03-30,680.0,PE,KPITTECH26MAR680PE,0.0,0.0,0.0,0.3,0.0,0.3,861.6,0.75,0,0,0,0.0,0,F1,425,,,,,
2026-02-18,2026-02-18,FO,NSE,STO,134553,,KPITTECH,,2026-03-30,2026-03-30,1010.0,CE,KPITTECH26MAR1010CE,0.0,0.0,0.0,17.0,17.0,17.0,861.6,5.4,3400,0,0,0.0,0,F1,425,,,,,
2026-02-18,2026-02-18,FO,NSE,STO,127143,,KPITTECH,,2026-02-24,2026-02-24,1350.0,CE,KPITTECH26FEB1350CE,0.2,0.2,0.2,0.2,0.2,0.2,861.6,0.05,18700,0,16,9181360.0,8,F1,425,,,,,
2026-02-18,2026-02-18,FO,NSE,STO,127062,,KPITTECH,,2026-02-24,2026-02-24,1140.0,CE,KPITTECH26FEB1140CE,0.3,0.3,0.2,0.3,0.3,0.8,861.6,0.05,46325,-5100,24,11631017.5,10,F1,425,,,,,
2026-02-18,2026-02-18,FO,NSE,STO,127016,,KPITTECH,,2026-02-24,2026-02-24,850.0,CE,KPITTECH26FEB850CE,35.35,38.5,23.7,25.4,25.0,39.25,861.6,25.4,63750,5525,215,80127162.5,133,F1,425,,,,,
2026-02-18,2026-02-18,FO,NSE,STO,134826,,KPITTECH,,2026-04-28,2026-04-28,1120.0,PE,KPITTECH26APR1120PE,0.0,0.0,0.0,91.45,0.0,91.45,861.6,250.45,0,0,0,0.0,0,F1,425,,,,,
2026-02-18,2026-02-18,FO,NSE,STO,127425,,KPITTECH,,2026-03-30,2026-03-30,800.0,PE,KPITTECH26MAR800PE,20.5,23.65,20.45,21.05,20.95,19.1,861.6,21.05,49725,6800,137,47846457.5,121,F1,425,,,,,
2026-02-18,2026-02-18,FO,NSE,STO,127589,,KPITTECH,,2026-03-30,2026-03-30,940.0,PE,KPITTECH26MAR940PE,0.0,0.0,0.0,15.95,0.0,15.95,861.6,88.85,0,0,0,0.0,0,F1,425,,,,,
2026-02-18,2026-02-18,FO,NSE,STO,134570,,KPITTECH,,2026-03-30,2026-03-30,1170.0,PE,KPITTECH26MAR1170PE,0.0,0.0,0.0,107.6,0.0,107.6,861.6,301.6,0,0,0,0.0,0,F1,425,,,,,
2026-02-18,2026-02-18,FO,NSE,STO,134682,,KPITTECH,,2026-04-28,2026-04-28,720.0,PE,KPITTECH26APR720PE,0.0,0.0,0.0,1.2,0.0,1.2,861.6,6.9,0,0,0,0.0,0,F1,425,,,,,
2026-02-18,2026-02-18,FO,NSE,STO,127026,,KPITTECH,,2026-02-24,2026-02-24,910.0,CE,KPITTECH26FEB910CE,8.55,9.0,3.95,4.65,4.5,9.85,861.6,4.65,81175,1275,298,115912970.0,231,F1,425,,,,,
2026-02-18,2026-02-18,FO,NSE,STO,127024,,KPITTECH,,2026-02-24,2026-02-24,900.0,CE,KPITTECH26FEB900CE,10.85,12.0,5.3,6.2,6.1,12.9,861.6,6.2,340000,33575,1250,482042267.5,957,F1,425,,,,,
2026-02-18,2026-02-18,FO,NSE,STO,134688,,KPITTECH,,2026-04-28,2026-04-28,780.0,PE,KPITTECH26APR780PE,0.0,0.0,0.0,3.3,0.0,3.3,861.6,18.5,0,0,0,0.0,0,F1,425,,,,,
2026-02-18,2026-02-18,FO,NSE,STO,134812,,KPITTECH,,2026-04-28,2026-04-28,980.0,PE,KPITTECH26APR980PE,0.0,0.0,0.0,34.0,0.0,34.0,861.6,127.2,0,0,0,0.0,0,F1,425,,,,,
2026-02-18,2026-02-18,FO,NSE,STO,134686,,KPITTECH,,2026-04-28,2026-04-28,760.0,PE,KPITTECH26APR760PE,0.0,0.0,0.0,2.4,0.0,2.4,861.6,13.7,0,0,0,0.0,0,F1,425,,,,,
2026-02-18,2026-02-18,FO,NSE,STO,111807,,KPITTECH,,2026-02-24,2026-02-24,800.0,CE,KPITTECH26FEB800CE,80.1,80.1,62.6,64.5,64.5,77.05,861.6,64.5,23375,1275,8,2956810.0,8,F1,425,,,,,
2026-02-18,2026-02-18,FO,NSE,STO,134525,,KPITTECH,,2026-03-30,2026-03-30,700.0,CE,KPITTECH26MAR700CE,0.0,0.0,0.0,411.9,0.0,411.9,861.6,167.2,0,0,0,0.0,0,F1,425,,,,,
2026-02-18,2026-02-18,FO,NSE,STO,127141,,KPITTECH,,2026-02-24,2026-02-24,1340.0,CE,KPITTECH26FEB1340CE,0.0,0.0,0.0,0.4,0.4,0.4,861.6,0.05,12325,0,0,0.0,0,F1,425,,,,,
2026-02-18,2026-02-18,FO,NSE,STF,51958,,KPITTECH,,2026-03-30,2026-03-30,,,KPITTECH26MARFUT,873.4,880.2,856.0,863.5,862.5,878.4,861.6,863.5,1595450,362950,1778,652872675.0,1465,F1,425,,,,,
2026-02-18,2026-02-18,FO,NSE,STO,127121,,KPITTECH,,2026-02-24,2026-02-24,1210.0,CE,KPITTECH26FEB1210CE,0.0,0.0,0.0,0.3,0.25,0.3,861.6,0.05,4250,0,0,0.0,0,F1,425,,,,,
2026-02-18,2026-02-18,FO,NSE,STO,111823,,KPITTECH,,2026-02-24,2026-02-24,1120.0,CE,KPITTECH26FEB1120CE,0.25,0.3,0.15,0.2,0.2,0.4,861.6,0.2,50150,-16575,48,22852420.0,34,F1,425,,,,,
2026-02-18,2026-02-18,FO,NSE,STO,111819,,KPITTECH,,2026-02-24,2026-02-24,1040.0,CE,KPITTECH26FEB1040CE,0.7,0.7,0.3,0.4,0.35,0.85,861.6,0.4,118150,-45900,208,91976842.5,129,F1,425,,,,,
2026-02-18,2026-02-18,FO,NSE,STO,127053,,KPITTECH,,2026-02-24,2026-02-24,1070.0,PE,KPITTECH26FEB1070PE,0.0,0.0,0.0,109.05,109.05,109.05,861.6,207.45,81600,0,0,0.0,0,F1,425,,,,,
2026-02-18,2026-02-18,FO,NSE,STO,127013,,KPITTECH,,2026-02-24,2026-02-24,820.0,PE,KPITTECH26FEB820PE,6.25,8.35,4.4,5.8,5.85,5.3,861.6,5.8,125800,-1700,237,83252421.25,213,F1,425,,,,,
2026-02-18,2026-02-18,FO,NSE,STO,41683,,KPITTECH,,2026-02-24,2026-02-24,790.0,PE,KPITTECH26FEB790PE,0.0,0.0,0.0,3.8,4.15,3.8,861.6,0.45,16575,0,0,0.0,0,F1,425,,,,,
2026-02-18,2026-02-18,FO,NSE,STO,127007,,KPITTECH,,2026-02-24,2026-02-24,760.0,PE,KPITTECH26FEB760PE,1.4,2.0,1.3,1.4,1.45,1.65,861.6,1.4,70975,25075,219,70893208.75,148,F1,425,,,,,
2026-02-18,2026-02-18,FO,NSE,STO,134825,,KPITTECH,,2026-04-28,2026-04-28,1120.0,CE,KPITTECH26APR1120CE,0.0,0.0,0.0,93.0,0.0,93.0,861.6,3.65,0,0,0,0.0,0,F1,425,,,,,
2026-02-18,2026-02-18,FO,NSE,STO,134817,,KPITTECH,,2026-04-28,2026-04-28,1040.0,CE,KPITTECH26APR1040CE,0.0,0.0,0.0,134.8,0.0,134.8,861.6,9.7,0,0,0,0.0,0,F1,425,,,,,
2026-02-18,2026-02-18,FO,NSE,STO,134679,,KPITTECH,,2026-04-28,2026-04-28,680.0,CE,KPITTECH26APR680CE,0.0,0.0,0.0,435.35,0.0,435.35,861.6,191.65,0,0,0,0.0,0,F1,425,,,,,
2026-02-18,2026-02-18,FO,NSE,STO,134569,,KPITTECH,,2026-03-30,2026-03-30,1170.0,CE,KPITTECH26MAR1170CE,0.0,0.0,0.0,54.25,0.0,54.25,861.6,0.25,0,0,0,0.0,0,F1,425,,,,,
2026-02-18,2026-02-18,FO,NSE,STO,127610,,KPITTECH,,2026-03-30,2026-03-30,1160.0,CE,KPITTECH26MAR1160CE,0.0,0.0,0.0,6.75,6.75,6.75,861.6,0.3,425,0,0,0.0,0,F1,425,,,,,
2026-02-18,2026-02-18,FO,NSE,STO,134567,,KPITTECH,,2026-03-30,2026-03-30,1150.0,CE,KPITTECH26MAR1150CE,0.0,0.0,0.0,8.4,8.4,8.4,861.6,0.4,2125,0,0,0.0,0,F1,425,,,,,
2026-02-18,2026-02-18,FO,NSE,STO,134551,,KPITTECH,,2026-03-30,2026-03-30,990.0,CE,KPITTECH26MAR990CE,0.0,0.0,0.0,150.85,0.0,150.85,861.6,7.5,0,0,0,0.0,0,F1,425,,,,,
2026-02-18,2026-02-18,FO,NSE,STO,134543,,KPITTECH,,2026-03-30,2026-03-30,910.0,CE,KPITTECH26MAR910CE,0.0,0.0,0.0,214.05,0.0,214.05,861.6,24.3,0,0,0,0.0,0,F1,425,,,,,
2026-02-18,2026-02-18,FO,NSE,STO,127480,,KPITTECH,,2026-03-30,2026-03-30,880.0,CE,KPITTECH26MAR880CE,50.0,50.0,35.8,36.85,36.85,47.75,861.6,35.4,14025,6800,37,14427921.25,21,F1,425,,,,,
2026-02-18,2026-02-18,FO,NSE,STO,127428,,KPITTECH,,2026-03-30,2026-03-30,840.0,CE,KPITTECH26MAR840CE,0.0,0.0,0.0,69.4,69.4,69.4,861.6,55.4,850,0,0,0.0,0,F1,425,,,,,
2026-02-18,2026-02-18,FO,NSE,STO,134529,,KPITTECH,,2026-03-30,2026-03-30,770.0,CE,KPITTECH26MAR770CE,0.0,0.0,0.0,343.4,0.0,343.4,861.6,104.6,0,0,0,0.0,0,F1,425,,,,,
2026-02-18,2026-02-18,FO,NSE,STO,134527,,KPITTECH,,2026-03-30,2026-03-30,750.0,CE,KPITTECH26MAR750CE,0.0,0.0,0.0,362.85,0.0,362.85,861.6,121.45,0,0,0,0.0,0,F1,425,,,,,
2026-02-18,2026-02-18,FO,NSE,STO,38508,,KPITTECH,,2026-03-30,2026-03-30,730.0,CE,KPITTECH26MAR730CE,0.0,0.0,0.0,321.15,0.0,321.15,861.6,139.25,0,0,0,0.0,0,F1,425,,,,,
2026-02-18,2026-02-18,FO,NSE,STO,127004,,KPITTECH,,2026-02-24,2026-02-24,740.0,CE,KPITTECH26FEB740CE,0.0,0.0,0.0,428.7,0.0,428.7,861.6,122.25,0,0,0,0.0,0,F1,425,,,,,
2026-02-18,2026-02-18,FO,NSE,STO,127028,,KPITTECH,,2026-02-24,2026-02-24,930.0,CE,KPITTECH26FEB930CE,4.7,5.15,2.2,2.55,2.65,6.0,861.6,2.55,106675,850,389,154251880.0,288,F1,425,,,,,
2026-02-18,2026-02-18,FO,NSE,STO,127034,,KPITTECH,,2026-02-24,2026-02-24,970.0,CE,KPITTECH26FEB970CE,1.6,1.65,0.85,1.0,1.0,2.5,861.6,1.0,114325,-1700,250,103190552.5,154,F1,425,,,,,
2026-02-18,2026-02-18,FO,NSE,STO,127038,,KPITTECH,,2026-02-24,2026-02-24,990.0,CE,KPITTECH26FEB990CE,1.3,1.45,0.65,0.75,0.75,1.8,861.6,0.75,182325,-68850,451,189936665.0,246,F1,425,,,,,
2026-02-18,2026-02-18,FO,NSE,STO,111817,,KPITTECH,,2026-02-24,2026-02-24,1000.0,CE,KPITTECH26FEB1000CE,1.1,1.3,0.55,0.65,0.65,1.5,861.6,0.65,816425,-53975,820,348782816.25,491,F1,425,,,,,
2026-02-18,2026-02-18,FO,NSE,STO,127058,,KPITTECH,,2026-02-24,2026-02-24,1110.0,CE,KPITTECH26FEB1110CE,0.25,0.3,0.25,0.25,0.25,0.8,861.6,0.25,59500,-3400,19,8965481.25,10,F1,425,,,,,
2026-02-18,2026-02-18,FO,NSE,STO,134546,,KPITTECH,,2026-03-30,2026-03-30,930.0,PE,KPITTECH26MAR930PE,0.0,0.0,0.0,13.15,0.0,13.15,861.6,81.35,0,0,0,0.0,0,F1,425,,,,,
2026-02-18,2026-02-18,FO,NSE,STO,127587,,KPITTECH,,2026-03-30,2026-03-30,920.0,PE,KPITTECH26MAR920PE,77.4,77.4,77.4,77.4,77.4,27.0,861.6,77.4,2550,425,1,423895.0,1,F1,425,,,,,
2026-02-18,2026-02-18,FO,NSE,STO,134820,,KPITTECH,,2026-04-28,2026-04-28,1060.0,PE,KPITTECH26APR1060PE,0.0,0.0,0.0,62.65,0.0,62.65,861.6,195.1,0,0,0,0.0,0,F1,425,,,,,
2026-02-18,2026-02-18,FO,NSE,STO,134696,,KPITTECH,,2026-04-28,2026-04-28,860.0,PE,KPITTECH26APR860PE,0.0,0.0,0.0,9.95,0.0,9.95,861.6,48.85,0,0,0,0.0,0,F1,425,,,,,
2026-02-18,2026-02-18,FO,NSE,STO,134559,,KPITTECH,,2026-03-30,2026-03-30,1070.0,CE,KPITTECH26MAR1070CE,0.0,0.0,0.0,99.65,0.0,99.65,861.6,1.85,0,0,0,0.0,0,F1,425,,,,,
2026-02-18,2026-02-18,FO,NSE,STO,127000,,KPITTECH,,2026-02-24,2026-02-24,680.0,PE,KPITTECH26FEB680PE,0.0,0.0,0.0,0.05,0.0,0.05,861.6,0.05,0,0,0,0.0,0,F1,425,,,,,
2026-02-18,2026-02-18,FO,NSE,STO,127005,,KPITTECH,,2026-02-24,2026-02-24,740.0,PE,KPITTECH26FEB740PE,1.55,1.55,1.0,1.0,1.0,1.1,861.6,1.0,47175,15725,108,34020910.0,80,F1,425,,,,,
2026-02-18,2026-02-18,FO,NSE,STO,111814,,KPITTECH,,2026-02-24,2026-02-24,920.0,PE,KPITTECH26FEB920PE,48.9,64.3,48.9,61.55,61.55,48.6,861.6,61.55,99450,-5950,24,9985375.0,19,F1,425,,,,,
2026-02-18,2026-02-18,FO,NSE,STO,127031,,KPITTECH,,2026-02-24,2026-02-24,940.0,PE,KPITTECH26FEB940PE,81.45,83.6,79.8,80.65,80.65,68.85,861.6,80.65,85850,1700,20,8679371.25,14,F1,425,,,,,
2026-02-18,2026-02-18,FO,NSE,STO,127637,,KPITTECH,,2026-03-30,2026-03-30,1240.0,PE,KPITTECH26MAR1240PE,374.0,374.0,374.0,374.0,374.0,133.25,861.6,371.0,425,425,1,685950.0,1,F1,425,,,,,
2026-02-18,2026-02-18,FO,NSE,STO,127620,,KPITTECH,,2026-03-30,2026-03-30,1200.0,PE,KPITTECH26MAR1200PE,0.0,0.0,0.0,384.95,384.95,384.95,861.6,331.3,10200,0,0,0.0,0,F1,425,,,,,
2026-02-18,2026-02-18,FO,NSE,STO,134568,,KPITTECH,,2026-03-30,2026-03-30,1150.0,PE,KPITTECH26MAR1150PE,0.0,0.0,0.0,167.05,167.05,167.05,861.6,281.85,3400,0,0,0.0,0,F1,425,,,,,
2026-02-18,2026-02-18,FO,NSE,STO,134532,,KPITTECH,,2026-03-30,2026-03-30,790.0,PE,KPITTECH26MAR790PE,0.0,0.0,0.0,21.4,21.4,21.4,861.6,12.5,1275,0,0,0.0,0,F1,425,,,,,
2026-02-18,2026-02-18,FO,NSE,STO,38509,,KPITTECH,,2026-03-30,2026-03-30,730.0,PE,KPITTECH26MAR730PE,0.0,0.0,0.0,0.9,0.0,0.9,861.6,3.25,0,0,0,0.0,0,F1,425,,,,,
2026-02-18,2026-02-18,FO,NSE,STO,111832,,KPITTECH,,2026-02-24,2026-02-24,1240.0,PE,KPITTECH26FEB1240PE,379.8,380.0,378.4,378.4,378.4,383.9,861.6,377.3,10200,-2125,5,3441565.0,3,F1,425,,,,,
2026-02-18,2026-02-18,FO,NSE,STO,127120,,KPITTECH,,2026-02-24,2026-02-24,1190.0,PE,KPITTECH26FEB1190PE,0.0,0.0,0.0,86.85,0.0,86.85,861.6,327.3,0,0,0,0.0,0,F1,425,,,,,
2026-02-18,2026-02-18,FO,NSE,STO,127055,,KPITTECH,,2026-02-24,2026-02-24,1090.0,PE,KPITTECH26FEB1090PE,0.0,0.0,0.0,274.35,274.35,274.35,861.6,227.4,26775,0,0,0.0,0,F1,425,,,,,
2026-02-18,2026-02-18,FO,NSE,STO,127021,,KPITTECH,,2026-02-24,2026-02-24,870.0,PE,KPITTECH26FEB870PE,20.9,28.4,16.15,22.95,23.1,18.45,861.6,22.95,63750,-42500,427,161914885.0,380,F1,425,,,,,
2026-02-18,2026-02-18,FO,NSE,STO,127019,,KPITTECH,,2026-02-24,2026-02-24,860.0,PE,KPITTECH26FEB860PE,14.0,22.5,12.9,17.8,18.15,13.85,861.6,17.8,141950,61625,842,314289327.5,705,F1,425,,,,,
2026-02-18,2026-02-18,FO,NSE,STO,111808,,KPITTECH,,2026-02-24,2026-02-24,800.0,PE,KPITTECH26FEB800PE,4.0,5.05,2.9,3.5,3.6,3.45,861.6,3.5,187425,-5525,655,223793440.0,556,F1,425,,,,,
2026-02-18,2026-02-18,FO,NSE,STO,61516,,KPITTECH,,2026-02-24,2026-02-24,770.0,PE,KPITTECH26FEB770PE,2.0,2.55,1.7,1.8,1.85,1.95,861.6,1.8,28900,-11050,49,16077452.5,49,F1,425,,,,,
2026-02-18,2026-02-18,FO,NSE,STO,134819,,KPITTECH,,2026-04-28,2026-04-28,1060.0,CE,KPITTECH26APR1060CE,0.0,0.0,0.0,123.3,0.0,123.3,861.6,7.65,0,0,0,0.0,0,F1,425,,,,,
2026-02-18,2026-02-18,FO,NSE,STO,134811,,KPITTECH,,2026-04-28,2026-04-28,980.0,CE,KPITTECH26APR980CE,0.0,0.0,0.0,173.45,0.0,173.45,861.6,18.95,0,0,0,0.0,0,F1,425,,,,,
2026-02-18,2026-02-18,FO,NSE,STO,127640,,KPITTECH,,2026-03-30,2026-03-30,1260.0,CE,KPITTECH26MAR1260CE,0.0,0.0,0.0,66.4,0.0,66.4,861.6,0.05,0,0,0,0.0,0,F1,425,,,,,
2026-02-18,2026-02-18,FO,NSE,STO,134563,,KPITTECH,,2026-03-30,2026-03-30,1110.0,CE,KPITTECH26MAR1110CE,0.0,0.0,0.0,79.05,0.0,79.05,861.6,0.85,0,0,0,0.0,0,F1,425,,,,,
2026-02-18,2026-02-18,FO,NSE,STO,134549,,KPITTECH,,2026-03-30,2026-03-30,970.0,CE,KPITTECH26MAR970CE,13.15,13.15,13.1,13.1,13.1,17.5,861.6,10.3,7650,0,3,1253473.75,3,F1,425,,,,,
2026-02-18,2026-02-18,FO,NSE,STO,134541,,KPITTECH,,2026-03-30,2026-03-30,890.0,CE,KPITTECH26MAR890CE,0.0,0.0,0.0,46.35,46.35,46.35,861.6,31.35,4250,0,0,0.0,0,F1,425,,,,,
2026-02-18,2026-02-18,FO,NSE,STO,111813,,KPITTECH,,2026-02-24,2026-02-24,920.0,CE,KPITTECH26FEB920CE,6.1,6.85,2.95,3.45,3.5,7.8,861.6,3.45,165325,24225,526,206535188.75,466,F1,425,,,,,
2026-02-18,2026-02-18,FO,NSE,STO,127027,,KPITTECH,,2026-02-24,2026-02-24,910.0,PE,KPITTECH26FEB910PE,43.7,54.9,40.55,53.15,53.15,45.35,861.6,50.1,68000,-850,10,4058495.0,10,F1,425,,,,,
2026-02-18,2026-02-18,FO,NSE,STO,127025,,KPITTECH,,2026-02-24,2026-02-24,900.0,PE,KPITTECH26FEB900PE,39.85,50.5,33.0,44.35,45.2,34.4,861.6,44.35,123250,-8075,125,50081532.5,116,F1,425,,,,,
2026-02-18,2026-02-18,FO,NSE,STO,134848,,KPITTECH,,2026-04-28,2026-04-28,1320.0,CE,KPITTECH26APR1320CE,0.0,0.0,0.0,31.45,0.0,31.45,861.6,0.2,0,0,0,0.0,0,F1,425,,,,,
2026-02-18,2026-02-18,FO,NSE,STO,134835,,KPITTECH,,2026-04-28,2026-04-28,1220.0,CE,KPITTECH26APR1220CE,0.0,0.0,0.0,55.5,0.0,55.5,861.6,0.95,0,0,0,0.0,0,F1,425,,,,,
2026-02-18,2026-02-18,FO,NSE,STO,134566,,KPITTECH,,2026-03-30,2026-03-30,1130.0,PE,KPITTECH26MAR1130PE,0.0,0.0,0.0,83.8,0.0,83.8,861.6,262.2,0,0,0,0.0,0,F1,425,,,,,
2026-02-18,2026-02-18,FO,NSE,STO,134684,,KPITTECH,,2026-04-28,2026-04-28,740.0,PE,KPITTECH26APR740PE,0.0,0.0,0.0,1.7,0.0,1.7,861.6,9.85,0,0,0,0.0,0,F1,425,,,,,
2026-02-18,2026-02-18,FO,NSE,STO,134833,,KPITTECH,,2026-04-28,2026-04-28,1200.0,CE,KPITTECH26APR1200CE,0.0,0.0,0.0,61.8,0.0,61.8,861.6,1.25,0,0,0,0.0,0,F1,425,,,,,
2026-02-18,2026-02-18,FO,NSE,STO,134685,,KPITTECH,,2026-04-28,2026-04-28,760.0,CE,KPITTECH26APR760CE,0.0,0.0,0.0,358.45,0.0,358.45,861.6,123.15,0,0,0,0.0,0,F1,425,,,,,
2026-02-18,2026-02-18,FO,NSE,STO,127604,,KPITTECH,,2026-03-30,2026-03-30,1100.0,CE,KPITTECH26MAR1100CE,5.1,5.1,3.5,3.5,3.5,5.1,861.6,3.5,24650,3400,19,8911676.25,15,F1,425,,,,,
2026-02-18,2026-02-18,FO,NSE,STO,127594,,KPITTECH,,2026-03-30,2026-03-30,1000.0,CE,KPITTECH26MAR1000CE,13.0,13.25,8.95,9.35,9.5,13.55,861.6,9.35,100300,5525,115,49370890.0,84,F1,425,,,,,
2026-02-18,2026-02-18,FO,NSE,STO,134531,,KPITTECH,,2026-03-30,2026-03-30,790.0,CE,KPITTECH26MAR790CE,0.0,0.0,0.0,324.05,0.0,324.05,861.6,88.85,0,0,0,0.0,0,F1,425,,,,,
2026-02-18,2026-02-18,FO,NSE,STO,127139,,KPITTECH,,2026-02-24,2026-02-24,1330.0,CE,KPITTECH26FEB1330CE,0.0,0.0,0.0,0.7,0.7,0.7,861.6,0.05,11900,0,0,0.0,0,F1,425,,,,,
2026-02-18,2026-02-18,FO,NSE,STO,127129,,KPITTECH,,2026-02-24,2026-02-24,1260.0,CE,KPITTECH26FEB1260CE,0.0,0.0,0.0,0.65,0.65,0.65,861.6,0.05,27625,0,0,0.0,0,F1,425,,,,,
2026-02-18,2026-02-18,FO,NSE,STO,127085,,KPITTECH,,2026-02-24,2026-02-24,1190.0,CE,KPITTECH26FEB1190CE,0.05,0.1,0.05,0.1,0.1,0.35,861.6,0.05,0,-425,2,1011563.75,2,F1,425,,,,,
2026-02-18,2026-02-18,FO,NSE,STO,127060,,KPITTECH,,2026-02-24,2026-02-24,1130.0,CE,KPITTECH26FEB1130CE,0.2,0.3,0.2,0.3,0.3,0.7,861.6,0.3,35700,-2550,20,9607188.75,11,F1,425,,,,,
2026-02-18,2026-02-18,FO,NSE,STO,127048,,KPITTECH,,2026-02-24,2026-02-24,1050.0,CE,KPITTECH26FEB1050CE,0.7,0.7,0.2,0.35,0.35,0.75,861.6,0.35,137275,-87975,448,199985662.5,184,F1,425,,,,,
2026-02-18,2026-02-18,FO,NSE,STO,127012,,KPITTECH,,2026-02-24,2026-02-24,820.0,CE,KPITTECH26FEB820CE,45.5,47.55,45.5,47.55,47.55,66.2,861.6,45.15,33575,-425,6,2208703.75,3,F1,425,,,,,
2026-02-18,2026-02-18,FO,NSE,STO,127605,,KPITTECH,,2026-03-30,2026-03-30,1100.0,PE,KPITTECH26MAR1100PE,0.0,0.0,0.0,225.0,225.0,225.0,861.6,232.85,2125,0,0,0.0,0,F1,425,,,,,
2026-02-18,2026-02-18,FO,NSE,STO,127603,,KPITTECH,,2026-03-30,2026-03-30,1080.0,PE,KPITTECH26MAR1080PE,0.0,0.0,0.0,52.9,0.0,52.9,861.6,213.45,0,0,0,0.0,0,F1,425,,,,,
2026-02-18,2026-02-18,FO,NSE,STO,127601,,KPITTECH,,2026-03-30,2026-03-30,1060.0,PE,KPITTECH26MAR1060PE,0.0,0.0,0.0,45.75,0.0,45.75,861.6,194.25,0,0,0,0.0,0,F1,425,,,,,
2026-02-18,2026-02-18,FO,NSE,STO,127586,,KPITTECH,,2026-03-30,2026-03-30,920.0,CE,KPITTECH26MAR920CE,30.0,30.0,23.0,23.3,23.3,32.6,861.6,21.25,14025,5525,28,11233727.5,13,F1,425,,,,,
2026-02-18,2026-02-18,FO,NSE,STO,111806,,KPITTECH,,2026-02-24,2026-02-24,720.0,PE,KPITTECH26FEB720PE,0.8,1.0,0.65,0.75,0.75,0.8,861.6,0.75,34850,-10625,87,26654278.75,72,F1,425,,,,,
2026-02-18,2026-02-18,FO,NSE,STO,134813,,KPITTECH,,2026-04-28,2026-04-28,1000.0,CE,KPITTECH26APR1000CE,0.0,0.0,0.0,159.8,0.0,159.8,861.6,15.25,0,0,0,0.0,0,F1,425,,,,,
2026-02-18,2026-02-18,FO,NSE,STO,134681,,KPITTECH,,2026-04-28,2026-04-28,720.0,CE,KPITTECH26APR720CE,0.0,0.0,0.0,396.6,0.0,396.6,861.6,155.95,0,0,0,0.0,0,F1,425,,,,,
2026-02-18,2026-02-18,FO,NSE,STO,127606,,KPITTECH,,2026-03-30,2026-03-30,1120.0,CE,KPITTECH26MAR1120CE,0.0,0.0,0.0,5.9,5.9,5.9,861.6,0.7,850,0,0,0.0,0,F1,425,,,,,
2026-02-18,2026-02-18,FO,NSE,STO,127600,,KPITTECH,,2026-03-30,2026-03-30,1060.0,CE,KPITTECH26MAR1060CE,0.0,0.0,0.0,163.15,0.0,163.15,861.6,2.25,0,0,0,0.0,0,F1,425,,,,,
2026-02-18,2026-02-18,FO,NSE,STO,134555,,KPITTECH,,2026-03-30,2026-03-30,1030.0,CE,KPITTECH26MAR1030CE,0.0,0.0,0.0,50.0,50.0,50.0,861.6,3.85,425,0,0,0.0,0,F1,425,,,,,
2026-02-18,2026-02-18,FO,NSE,STO,127424,,KPITTECH,,2026-03-30,2026-03-30,800.0,CE,KPITTECH26MAR800CE,98.5,98.5,85.0,85.0,85.0,107.5,861.6,81.45,2125,850,2,757987.5,2,F1,425,,,,,
2026-02-18,2026-02-18,FO,NSE,STO,134824,,KPITTECH,,2026-04-28,2026-04-28,1100.0,PE,KPITTECH26APR1100PE,0.0,0.0,0.0,80.0,80.0,80.0,861.6,231.7,850,0,0,0.0,0,F1,425,,,,,
2026-02-18,2026-02-18,FO,NSE,STO,134704,,KPITTECH,,2026-04-28,2026-04-28,940.0,PE,KPITTECH26APR940PE,0.0,0.0,0.0,23.65,0.0,23.65,861.6,97.25,0,0,0,0.0,0,F1,425,,,,,
2026-02-18,2026-02-18,FO,NSE,STO,134692,,KPITTECH,,2026-04-28,2026-04-28,820.0,PE,KPITTECH26APR820PE,0.0,0.0,0.0,5.95,0.0,5.95,861.6,31.35,0,0,0,0.0,0,F1,425,,,,,
2026-02-18,2026-02-18,FO,NSE,STO,134562,,KPITTECH,,2026-03-30,2026-03-30,1090.0,PE,KPITTECH26MAR1090PE,0.0,0.0,0.0,63.15,0.0,63.15,861.6,223.1,0,0,0,0.0,0,F1,425,,,,,
2026-02-18,2026-02-18,FO,NSE,STO,134556,,KPITTECH,,2026-03-30,2026-03-30,1030.0,PE,KPITTECH26MAR1030PE,0.0,0.0,0.0,38.4,0.0,38.4,861.6,166.05,0,0,0,0.0,0,F1,425,,,,,
2026-02-18,2026-02-18,FO,NSE,STO,134548,,KPITTECH,,2026-03-30,2026-03-30,950.0,PE,KPITTECH26MAR950PE,0.0,0.0,0.0,95.4,95.4,95.4,861.6,96.6,4675,0,0,0.0,0,F1,425,,,,,
2026-02-18,2026-02-18,FO,NSE,STO,127431,,KPITTECH,,2026-03-30,2026-03-30,860.0,PE,KPITTECH26MAR860PE,44.95,47.95,43.55,44.15,44.5,41.0,861.6,44.15,75650,5100,21,8080928.75,21,F1,425,,,,,
2026-02-18,2026-02-18,FO,NSE,STO,111836,,KPITTECH,,2026-02-24,2026-02-24,1320.0,PE,KPITTECH26FEB1320PE,0.0,0.0,0.0,456.0,457.0,456.0,861.6,457.2,8075,0,0,0.0,0,F1,425,,,,,
2026-02-18,2026-02-18,FO,NSE,STO,127126,,KPITTECH,,2026-02-24,2026-02-24,1230.0,PE,KPITTECH26FEB1230PE,0.0,0.0,0.0,110.9,0.0,110.9,861.6,367.3,0,0,0,0.0,0,F1,425,,,,,
2026-02-18,2026-02-18,FO,NSE,STO,127122,,KPITTECH,,2026-02-24,2026-02-24,1210.0,PE,KPITTECH26FEB1210PE,0.0,0.0,0.0,260.95,260.95,260.95,861.6,347.3,0,0,0,0.0,0,F1,425,,,,,
2026-02-18,2026-02-18,FO,NSE,STO,111830,,KPITTECH,,2026-02-24,2026-02-24,1200.0,PE,KPITTECH26FEB1200PE,330.0,340.75,330.0,338.0,338.0,321.05,861.6,338.0,92650,-7225,45,29409468.75,45,F1,425,,,,,
2026-02-18,2026-02-18,FO,NSE,STO,111822,,KPITTECH,,2026-02-24,2026-02-24,1080.0,PE,KPITTECH26FEB1080PE,0.0,0.0,0.0,205.0,205.0,205.0,861.6,217.4,94350,0,0,0.0,0,F1,425,,,,,
2026-02-18,2026-02-18,FO,NSE,STO,127043,,KPITTECH,,2026-02-24,2026-02-24,1020.0,PE,KPITTECH26FEB1020PE,156.2,156.2,155.95,155.95,155.95,139.85,861.6,157.5,66725,-425,5,2499212.5,2,F1,425,,,,,
2026-02-18,2026-02-18,FO,NSE,STO,127035,,KPITTECH,,2026-02-24,2026-02-24,970.0,PE,KPITTECH26FEB970PE,94.6,112.4,94.6,108.15,108.15,99.3,861.6,108.15,69700,-2125,16,7327807.5,16,F1,425,,,,,
2026-02-18,2026-02-18,FO,NSE,STO,127023,,KPITTECH,,2026-02-24,2026-02-24,890.0,PE,KPITTECH26FEB890PE,28.35,39.75,28.35,36.7,36.7,27.8,861.6,33.65,81600,850,22,8643586.25,14,F1,425,,,,,
2026-02-18,2026-02-18,FO,NSE,STO,111812,,KPITTECH,,2026-02-24,2026-02-24,880.0,PE,KPITTECH26FEB880PE,23.35,34.25,20.45,29.1,29.95,22.65,861.6,29.1,53975,-9350,279,107620433.75,264,F1,425,,,,,
2026-02-18,2026-02-18,FO,NSE,STO,38489,,KPITTECH,,2026-02-24,2026-02-24,730.0,PE,KPITTECH26FEB730PE,0.0,0.0,0.0,0.05,0.0,0.05,861.6,0.05,0,0,0,0.0,0,F1,425,,,,,
2026-02-18,2026-02-18,FO,NSE,STF,66881,,KPITTECH,,2026-04-28,2026-04-28,,,KPITTECH26APRFUT,875.8,880.4,857.9,865.2,865.0,879.9,861.6,865.2,213775,9775,118,43538317.5,107,F1,425,,,,,
2026-02-18,2026-02-18,FO,NSE,STO,127001,,KPITTECH,,2026-02-24,2026-02-24,700.0,CE,KPITTECH26FEB700CE,161.0,162.0,161.0,162.0,162.0,468.25,861.6,162.25,850,850,2,732275.0,2,F1,425,,,,,
2026-02-18,2026-02-18,FO,NSE,STO,127020,,KPITTECH,,2026-02-24,2026-02-24,870.0,CE,KPITTECH26FEB870CE,24.25,24.25,13.0,15.15,14.45,26.2,861.6,15.15,124100,40800,587,220869695.0,464,F1,425,,,,,
2026-02-18,2026-02-18,FO,NSE,STO,127052,,KPITTECH,,2026-02-24,2026-02-24,1070.0,CE,KPITTECH26FEB1070CE,0.4,0.4,0.2,0.3,0.3,1.2,861.6,0.3,59925,-10625,63,28657771.25,34,F1,425,,,,,
2026-02-18,2026-02-18,FO,NSE,STO,127123,,KPITTECH,,2026-02-24,2026-02-24,1220.0,CE,KPITTECH26FEB1220CE,0.15,0.15,0.15,0.15,0.15,0.25,861.6,0.15,34425,0,3,1555691.25,2,F1,425,,,,,
2026-02-18,2026-02-18,FO,NSE,STO,127426,,KPITTECH,,2026-03-30,2026-03-30,820.0,CE,KPITTECH26MAR820CE,0.0,0.0,0.0,72.4,72.4,72.4,861.6,67.65,850,0,0,0.0,0,F1,425,,,,,
2026-02-18,2026-02-18,FO,NSE,STO,127044,,KPITTECH,,2026-02-24,2026-02-24,1030.0,CE,KPITTECH26FEB1030CE,0.8,0.8,0.15,0.25,0.35,0.95,861.6,0.25,60350,-18700,134,58684488.75,93,F1,425,,,,,
2026-02-18,2026-02-18,FO,NSE,STO,127010,,KPITTECH,,2026-02-24,2026-02-24,810.0,CE,KPITTECH26FEB810CE,0.0,0.0,0.0,64.15,64.15,64.15,861.6,53.95,16575,0,0,0.0,0,F1,425,,,,,
2026-02-18,2026-02-18,FO,NSE,STO,111821,,KPITTECH,,2026-02-24,2026-02-24,1080.0,CE,KPITTECH26FEB1080CE,0.3,0.35,0.2,0.3,0.2,0.7,861.6,0.3,112625,-27200,77,35352137.5,33,F1,425,,,,,
2026-02-18,2026-02-18,FO,NSE,STO,127147,,KPITTECH,,2026-02-24,2026-02-24,1380.0,CE,KPITTECH26FEB1380CE,0.0,0.0,0.0,0.5,0.5,0.5,861.6,0.05,3825,0,0,0.0,0,F1,425,,,,,
2026-02-18,2026-02-18,FO,NSE,STO,127590,,KPITTECH,,2026-03-30,2026-03-30,960.0,CE,KPITTECH26MAR960CE,14.5,14.5,14.5,14.5,14.5,25.0,861.6,12.0,1275,0,4,1656650.0,3,F1,425,,,,,
2026-02-18,2026-02-18,FO,NSE,STO,127592,,KPITTECH,,2026-03-30,2026-03-30,980.0,CE,KPITTECH26MAR980CE,0.0,0.0,0.0,219.8,0.0,219.8,861.6,8.8,0,0,0,0.0,0,F1,425,,,,,
2026-02-18,2026-02-18,FO,NSE,STO,127598,,KPITTECH,,2026-03-30,2026-03-30,1040.0,CE,KPITTECH26MAR1040CE,0.0,0.0,0.0,8.9,8.9,8.9,861.6,3.2,425,0,0,0.0,0,F1,425,,,,,
2026-02-18,2026-02-18,FO,NSE,STO,127602,,KPITTECH,,2026-03-30,2026-03-30,1080.0,CE,KPITTECH26MAR1080CE,0.0,0.0,0.0,150.6,0.0,150.6,861.6,1.55,0,0,0,0.0,0,F1,425,,,,,
2026-02-18,2026-02-18,FO,NSE,STO,134561,,KPITTECH,,2026-03-30,2026-03-30,1090.0,CE,KPITTECH26MAR1090CE,4.9,4.9,4.25,4.25,4.25,13.65,861.6,4.25,2550,1700,6,2791315.0,6,F1,425,,,,,
2026-02-18,2026-02-18,FO,NSE,STO,63257,,KPITTECH,,2026-02-24,2026-02-24,750.0,PE,KPITTECH26FEB750PE,0.0,0.0,0.0,1.5,1.5,1.5,861.6,0.05,31450,0,0,0.0,0,F1,425,,,,,
2026-02-18,2026-02-18,FO,NSE,STO,127051,,KPITTECH,,2026-02-24,2026-02-24,1060.0,PE,KPITTECH26FEB1060PE,189.0,204.0,189.0,199.15,199.15,175.0,861.6,197.45,30600,-2550,16,8552593.75,8,F1,425,,,,,
2026-02-18,2026-02-18,FO,NSE,STO,127057,,KPITTECH,,2026-02-24,2026-02-24,1100.0,PE,KPITTECH26FEB1100PE,232.0,243.95,232.0,240.0,240.0,220.0,861.6,237.4,120700,-2975,9,5123460.0,6,F1,425,,,,,
2026-02-18,2026-02-18,FO,NSE,STO,127148,,KPITTECH,,2026-02-24,2026-02-24,1380.0,PE,KPITTECH26FEB1380PE,0.0,0.0,0.0,245.0,245.0,245.0,861.6,517.15,1700,0,0,0.0,0,F1,425,,,,,
2026-02-18,2026-02-18,FO,NSE,STO,134528,,KPITTECH,,2026-03-30,2026-03-30,750.0,PE,KPITTECH26MAR750PE,12.0,12.0,10.0,10.3,10.35,10.0,861.6,10.3,16150,10200,36,11654732.5,21,F1,425,,,,,
2026-02-18,2026-02-18,FO,NSE,STO,134534,,KPITTECH,,2026-03-30,2026-03-30,810.0,PE,KPITTECH26MAR810PE,25.4,25.4,25.4,25.4,25.4,2.05,861.6,17.9,1700,1700,4,1420180.0,1,F1,425,,,,,
2026-02-18,2026-02-18,FO,NSE,STO,134544,,KPITTECH,,2026-03-30,2026-03-30,910.0,PE,KPITTECH26MAR910PE,0.0,0.0,0.0,20.3,20.3,20.3,861.6,67.25,850,0,0,0.0,0,F1,425,,,,,
2026-02-18,2026-02-18,FO,NSE,STO,127595,,KPITTECH,,2026-03-30,2026-03-30,1000.0,PE,KPITTECH26MAR1000PE,137.7,149.95,137.7,145.2,145.0,127.45,861.6,145.2,68000,15300,39,18987703.75,27,F1,425,,,,,
2026-02-18,2026-02-18,FO,NSE,STO,134554,,KPITTECH,,2026-03-30,2026-03-30,1010.0,PE,KPITTECH26MAR1010PE,0.0,0.0,0.0,42.95,43.0,42.95,861.6,147.75,2975,0,0,0.0,0,F1,425,,,,,
2026-02-18,2026-02-18,FO,NSE,STO,134576,,KPITTECH,,2026-03-30,2026-03-30,1230.0,PE,KPITTECH26MAR1230PE,0.0,0.0,0.0,246.6,246.6,246.6,861.6,361.05,425,0,0,0.0,0,F1,425,,,,,
2026-02-18,2026-02-18,FO,NSE,STO,134698,,KPITTECH,,2026-04-28,2026-04-28,880.0,PE,KPITTECH26APR880PE,0.0,0.0,0.0,12.6,0.0,12.6,861.6,59.3,0,0,0,0.0,0,F1,425,,,,,
2026-02-18,2026-02-18,FO,NSE,STO,134828,,KPITTECH,,2026-04-28,2026-04-28,1140.0,PE,KPITTECH26APR1140PE,0.0,0.0,0.0,102.4,0.0,102.4,861.6,269.4,0,0,0,0.0,0,F1,425,,,,,
2026-02-18,2026-02-18,FO,NSE,STO,127050,,KPITTECH,,2026-02-24,2026-02-24,1060.0,CE,KPITTECH26FEB1060CE,0.6,0.65,0.3,0.35,0.35,0.7,861.6,0.35,107525,-18700,117,52727603.75,74,F1,425,,,,,
2026-02-18,2026-02-18,FO,NSE,STO,127040,,KPITTECH,,2026-02-24,2026-02-24,1010.0,CE,KPITTECH26FEB1010CE,1.05,1.05,0.55,0.65,0.65,1.35,861.6,0.65,542300,-21675,163,70016115.0,103,F1,425,,,,,
2026-02-18,2026-02-18,FO,NSE,STO,127137,,KPITTECH,,2026-02-24,2026-02-24,1310.0,CE,KPITTECH26FEB1310CE,0.0,0.0,0.0,0.35,0.35,0.35,861.6,0.05,8075,0,0,0.0,0,F1,425,,,,,
2026-02-18,2026-02-18,FO,NSE,STO,111829,,KPITTECH,,2026-02-24,2026-02-24,1200.0,CE,KPITTECH26FEB1200CE,0.2,0.25,0.05,0.2,0.2,0.3,861.6,0.2,156400,-4250,59,30094292.5,40,F1,425,,,,,
2026-02-18,2026-02-18,FO,NSE,STO,127066,,KPITTECH,,2026-02-24,2026-02-24,1170.0,CE,KPITTECH26FEB1170CE,0.0,0.0,0.0,2.5,2.5,2.5,861.6,0.05,2550,0,0,0.0,0,F1,425,,,,,
2026-02-18,2026-02-18,FO,NSE,STO,111805,,KPITTECH,,2026-02-24,2026-02-24,720.0,CE,KPITTECH26FEB720CE,0.0,0.0,0.0,463.55,0.0,463.55,861.6,142.25,0,0,0,0.0,0,F1,425,,,,,
2026-02-18,2026-02-18,FO,NSE,STO,127422,,KPITTECH,,2026-03-30,2026-03-30,760.0,CE,KPITTECH26MAR760CE,0.0,0.0,0.0,414.35,0.0,414.35,861.6,112.9,0,0,0,0.0,0,F1,425,,,,,
2026-02-18,2026-02-18,FO,NSE,STO,134832,,KPITTECH,,2026-04-28,2026-04-28,1180.0,PE,KPITTECH26APR1180PE,0.0,0.0,0.0,126.2,0.0,126.2,861.6,307.85,0,0,0,0.0,0,F1,425,,,,,
2026-02-18,2026-02-18,FO,NSE,STO,134822,,KPITTECH,,2026-04-28,2026-04-28,1080.0,PE,KPITTECH26APR1080PE,0.0,0.0,0.0,71.55,0.0,71.55,861.6,213.25,0,0,0,0.0,0,F1,425,,,,,
2026-02-18,2026-02-18,FO,NSE,STO,127646,,KPITTECH,,2026-03-30,2026-03-30,1280.0,PE,KPITTECH26MAR1280PE,0.0,0.0,0.0,411.0,412.0,411.0,861.6,410.75,3400,0,0,0.0,0,F1,425,,,,,
2026-02-18,2026-02-18,FO,NSE,STO,127597,,KPITTECH,,2026-03-30,2026-03-30,1020.0,PE,KPITTECH26MAR1020PE,160.0,160.0,160.0,160.0,160.0,155.7,861.6,156.85,2975,425,1,501500.0,1,F1,425,,,,,
2026-02-18,2026-02-18,FO,NSE,STO,134540,,KPITTECH,,2026-03-30,2026-03-30,870.0,PE,KPITTECH26MAR870PE,0.0,0.0,0.0,46.55,46.55,46.55,861.6,43.0,850,0,0,0.0,0,F1,425,,,,,
2026-02-18,2026-02-18,FO,NSE,STO,127065,,KPITTECH,,2026-02-24,2026-02-24,1150.0,PE,KPITTECH26FEB1150PE,0.0,0.0,0.0,260.2,260.2,260.2,861.6,287.35,5525,0,0,0.0,0,F1,425,,,,,
2026-02-18,2026-02-18,FO,NSE,STO,127011,,KPITTECH,,2026-02-24,2026-02-24,810.0,PE,KPITTECH26FEB810PE,5.0,6.1,4.3,4.4,4.45,4.25,861.6,4.4,51000,-4250,95,32900482.5,79,F1,425,,,,,
2026-02-18,2026-02-18,FO,NSE,STO,134831,,KPITTECH,,2026-04-28,2026-04-28,1180.0,CE,KPITTECH26APR1180CE,0.0,0.0,0.0,68.7,0.0,68.7,861.6,1.65,0,0,0,0.0,0,F1,425,,,,,
2026-02-18,2026-02-18,FO,NSE,STO,134827,,KPITTECH,,2026-04-28,2026-04-28,1140.0,CE,KPITTECH26APR1140CE,0.0,0.0,0.0,84.25,0.0,84.25,861.6,2.8,0,0,0,0.0,0,F1,425,,,,,
2026-02-18,2026-02-18,FO,NSE,STO,134699,,KPITTECH,,2026-04-28,2026-04-28,900.0,CE,KPITTECH26APR900CE,0.0,0.0,0.0,233.95,0.0,233.95,861.6,41.85,0,0,0,0.0,0,F1,425,,,,,
2026-02-18,2026-02-18,FO,NSE,STO,134689,,KPITTECH,,2026-04-28,2026-04-28,800.0,CE,KPITTECH26APR800CE,0.0,0.0,0.0,321.1,0.0,321.1,861.6,94.25,0,0,0,0.0,0,F1,425,,,,,
2026-02-18,2026-02-18,FO,NSE,STO,127645,,KPITTECH,,2026-03-30,2026-03-30,1280.0,CE,KPITTECH26MAR1280CE,0.0,0.0,0.0,2.95,2.95,2.95,861.6,0.05,2550,0,0,0.0,0,F1,425,,,,,
2026-02-18,2026-02-18,FO,NSE,STO,127636,,KPITTECH,,2026-03-30,2026-03-30,1240.0,CE,KPITTECH26MAR1240CE,0.0,0.0,0.0,73.3,0.0,73.3,861.6,0.05,0,0,0,0.0,0,F1,425,,,,,
2026-02-18,2026-02-18,FO,NSE,STO,134535,,KPITTECH,,2026-03-30,2026-03-30,830.0,CE,KPITTECH26MAR830CE,0.0,0.0,0.0,77.15,77.15,77.15,861.6,61.35,425,0,0,0.0,0,F1,425,,,,,
2026-02-18,2026-02-18,FO,NSE,STO,43600,,KPITTECH,,2026-03-30,2026-03-30,780.0,CE,KPITTECH26MAR780CE,0.0,0.0,0.0,372.3,0.0,372.3,861.6,96.55,0,0,0,0.0,0,F1,425,,,,,
2026-02-18,2026-02-18,FO,NSE,STO,64335,,KPITTECH,,2026-03-30,2026-03-30,740.0,CE,KPITTECH26MAR740CE,0.0,0.0,0.0,378.1,0.0,378.1,861.6,130.25,0,0,0,0.0,0,F1,425,,,,,
2026-02-18,2026-02-18,FO,NSE,STO,127124,,KPITTECH,,2026-02-24,2026-02-24,1220.0,PE,KPITTECH26FEB1220PE,0.0,0.0,0.0,125.4,125.4,125.4,861.6,357.3,425,0,0,0.0,0,F1,425,,,,,
2026-02-18,2026-02-18,FO,NSE,STO,127421,,KPITTECH,,2026-03-30,2026-03-30,720.0,PE,KPITTECH26MAR720PE,8.2,8.5,6.3,6.45,6.45,6.8,861.6,6.45,36975,24225,115,35566677.5,53,F1,425,,,,,
2026-02-18,2026-02-18,FO,NSE,STO,127599,,KPITTECH,,2026-03-30,2026-03-30,1040.0,PE,KPITTECH26MAR1040PE,0.0,0.0,0.0,39.35,0.0,39.35,861.6,175.35,0,0,0,0.0,0,F1,425,,,,,
2026-02-18,2026-02-18,FO,NSE,STO,127607,,KPITTECH,,2026-03-30,2026-03-30,1120.0,PE,KPITTECH26MAR1120PE,0.0,0.0,0.0,69.15,0.0,69.15,861.6,252.35,0,0,0,0.0,0,F1,425,,,,,
2026-02-18,2026-02-18,FO,NSE,STO,127611,,KPITTECH,,2026-03-30,2026-03-30,1160.0,PE,KPITTECH26MAR1160PE,0.0,0.0,0.0,179.45,179.45,179.45,861.6,291.75,425,0,0,0.0,0,F1,425,,,,,
2026-02-18,2026-02-18,FO,NSE,STO,134572,,KPITTECH,,2026-03-30,2026-03-30,1190.0,PE,KPITTECH26MAR1190PE,0.0,0.0,0.0,213.35,213.35,213.35,861.6,321.4,850,0,0,0.0,0,F1,425,,,,,
2026-02-18,2026-02-18,FO,NSE,STO,134680,,KPITTECH,,2026-04-28,2026-04-28,680.0,PE,KPITTECH26APR680PE,0.0,0.0,0.0,0.55,0.0,0.55,861.6,3.05,0,0,0,0.0,0,F1,425,,,,,
2026-02-18,2026-02-18,FO,NSE,STO,134834,,KPITTECH,,2026-04-28,2026-04-28,1200.0,PE,KPITTECH26APR1200PE,0.0,0.0,0.0,139.0,0.0,139.0,861.6,327.25,0,0,0,0.0,0,F1,425,,,,,
2026-02-18,2026-02-18,FO,NSE,STO,134836,,KPITTECH,,2026-04-28,2026-04-28,1220.0,PE,KPITTECH26APR1220PE,0.0,0.0,0.0,152.4,0.0,152.4,861.6,346.7,0,0,0,0.0,0,F1,425,,,,,
2026-02-18,2026-02-18,FO,NSE,STO,127054,,KPITTECH,,2026-02-24,2026-02-24,1090.0,CE,KPITTECH26FEB1090CE,0.35,0.35,0.3,0.35,0.35,0.7,861.6,0.35,64175,-8075,51,23632975.0,29,F1,425,,,,,
2026-02-18,2026-02-18,FO,NSE,STO,111837,,KPITTECH,,2026-02-24,2026-02-24,1360.0,CE,KPITTECH26FEB1360CE,0.0,0.0,0.0,0.75,0.75,0.75,861.6,0.05,850,0,0,0.0,0,F1,425,,,,,
2026-02-18,2026-02-18,FO,NSE,STO,127127,,KPITTECH,,2026-02-24,2026-02-24,1250.0,CE,KPITTECH26FEB1250CE,0.0,0.0,0.0,0.25,0.25,0.25,861.6,0.05,9350,0,0,0.0,0,F1,425,,,,,
2026-02-18,2026-02-18,FO,NSE,STO,127613,,KPITTECH,,2026-03-30,2026-03-30,1180.0,PE,KPITTECH26MAR1180PE,0.0,0.0,0.0,98.4,0.0,98.4,861.6,311.5,0,0,0,0.0,0,F1,425,,,,,
2026-02-18,2026-02-18,FO,NSE,STO,127061,,KPITTECH,,2026-02-24,2026-02-24,1130.0,PE,KPITTECH26FEB1130PE,0.0,0.0,0.0,274.3,274.3,274.3,861.6,267.4,8925,0,0,0.0,0,F1,425,,,,,
2026-02-18,2026-02-18,FO,NSE,STO,127003,,KPITTECH,,2026-02-24,2026-02-24,700.0,PE,KPITTECH26FEB700PE,0.7,0.7,0.7,0.7,0.7,0.05,861.6,0.05,2125,2125,5,1488987.5,1,F1,425,,,,,
2026-02-18,2026-02-18,FO,NSE,STO,134814,,KPITTECH,,2026-04-28,2026-04-28,1000.0,PE,KPITTECH26APR1000PE,0.0,0.0,0.0,40.1,0.0,40.1,861.6,143.3,0,0,0,0.0,0,F1,425,,,,,
2026-02-18,2026-02-18,FO,NSE,STO,134702,,KPITTECH,,2026-04-28,2026-04-28,920.0,PE,KPITTECH26APR920PE,0.0,0.0,0.0,19.4,0.0,19.4,861.6,83.6,0,0,0,0.0,0,F1,425,,,,,
2026-02-18,2026-02-18,FO,NSE,STO,134839,,KPITTECH,,2026-04-28,2026-04-28,1240.0,CE,KPITTECH26APR1240CE,0.0,0.0,0.0,49.7,0.0,49.7,861.6,0.7,0,0,0,0.0,0,F1,425,,,,,
2026-02-18,2026-02-18,FO,NSE,STO,38488,,KPITTECH,,2026-02-24,2026-02-24,730.0,CE,KPITTECH26FEB730CE,0.0,0.0,0.0,315.95,0.0,315.95,861.6,132.25,0,0,0,0.0,0,F1,425,,,,,
2026-02-18,2026-02-18,FO,NSE,STO,127420,,KPITTECH,,2026-03-30,2026-03-30,720.0,CE,KPITTECH26MAR720CE,0.0,0.0,0.0,453.0,0.0,453.0,861.6,148.45,0,0,0,0.0,0,F1,425,,,,,
2026-02-18,2026-02-18,FO,NSE,STO,134537,,KPITTECH,,2026-03-30,2026-03-30,850.0,CE,KPITTECH26MAR850CE,56.05,56.15,50.0,52.35,52.75,67.8,861.6,52.35,26350,6375,49,18783108.75,37,F1,425,,,,,
2026-02-18,2026-02-18,FO,NSE,STO,127482,,KPITTECH,,2026-03-30,2026-03-30,900.0,CE,KPITTECH26MAR900CE,37.05,41.85,29.0,30.75,30.6,39.8,861.6,30.75,160650,75650,410,162269951.25,288,F1,425,,,,,
2026-02-18,2026-02-18,FO,NSE,STO,134849,,KPITTECH,,2026-04-28,2026-04-28,1320.0,PE,KPITTECH26APR1320PE,0.0,0.0,0.0,226.85,0.0,226.85,861.6,444.95,0,0,0,0.0,0,F1,425,,,,,
2026-02-18,2026-02-18,FO,NSE,STO,64337,,KPITTECH,,2026-03-30,2026-03-30,740.0,PE,KPITTECH26MAR740PE,0.0,0.0,0.0,15.0,15.0,15.0,861.6,4.2,850,0,0,0.0,0,F1,425,,,,,
2026-02-18,2026-02-18,FO,NSE,STO,134821,,KPITTECH,,2026-04-28,2026-04-28,1080.0,CE,KPITTECH26APR1080CE,0.0,0.0,0.0,112.5,0.0,112.5,861.6,6.0,0,0,0,0.0,0,F1,425,,,,,
2026-02-18,2026-02-18,FO,NSE,STO,134797,,KPITTECH,,2026-04-28,2026-04-28,960.0,CE,KPITTECH26APR960CE,0.0,0.0,0.0,187.65,0.0,187.65,861.6,23.35,0,0,0,0.0,0,F1,425,,,,,
2026-02-18,2026-02-18,FO,NSE,STO,134697,,KPITTECH,,2026-04-28,2026-04-28,880.0,CE,KPITTECH26APR880CE,0.0,0.0,0.0,250.5,0.0,250.5,861.6,50.0,0,0,0,0.0,0,F1,425,,,,,
2026-02-18,2026-02-18,FO,NSE,STO,134691,,KPITTECH,,2026-04-28,2026-04-28,820.0,CE,KPITTECH26APR820CE,0.0,0.0,0.0,302.9,0.0,302.9,861.6,81.45,0,0,0,0.0,0,F1,425,,,,,
2026-02-18,2026-02-18,FO,NSE,STO,127623,,KPITTECH,,2026-03-30,2026-03-30,1220.0,CE,KPITTECH26MAR1220CE,0.0,0.0,0.0,7.45,7.45,7.45,861.6,0.1,2550,0,0,0.0,0,F1,425,,,,,
2026-02-18,2026-02-18,FO,NSE,STO,127608,,KPITTECH,,2026-03-30,2026-03-30,1140.0,CE,KPITTECH26MAR1140CE,0.0,0.0,0.0,5.9,5.9,5.9,861.6,0.45,425,0,0,0.0,0,F1,425,,,,,
2026-02-18,2026-02-18,FO,NSE,STO,134574,,KPITTECH,,2026-03-30,2026-03-30,1210.0,PE,KPITTECH26MAR1210PE,0.0,0.0,0.0,181.15,181.15,181.15,861.6,341.25,1700,0,0,0.0,0,F1,425,,,,,
2026-02-18,2026-02-18,FO,NSE,STO,111827,,KPITTECH,,2026-02-24,2026-02-24,1160.0,CE,KPITTECH26FEB1160CE,0.35,0.35,0.2,0.25,0.25,0.4,861.6,0.05,17425,-2975,32,15779272.5,25,F1,425,,,,,
2026-02-18,2026-02-18,FO,NSE,STO,127056,,KPITTECH,,2026-02-24,2026-02-24,1100.0,CE,KPITTECH26FEB1100CE,0.55,0.55,0.25,0.25,0.25,0.5,861.6,0.25,641325,-204000,686,320790233.75,148,F1,425,,,,,
2026-02-18,2026-02-18,FO,NSE,STO,134536,,KPITTECH,,2026-03-30,2026-03-30,830.0,PE,KPITTECH26MAR830PE,0.0,0.0,0.0,2.95,0.0,2.95,861.6,24.75,0,0,0,0.0,0,F1,425,,,,,
2026-02-18,2026-02-18,FO,NSE,STO,134558,,KPITTECH,,2026-03-30,2026-03-30,1050.0,PE,KPITTECH26MAR1050PE,0.0,0.0,0.0,45.8,0.0,45.8,861.6,184.8,0,0,0,0.0,0,F1,425,,,,,
2026-02-18,2026-02-18,FO,NSE,STO,134539,,KPITTECH,,2026-03-30,2026-03-30,870.0,CE,KPITTECH26MAR870CE,52.0,52.0,40.55,44.0,44.0,52.0,861.6,39.85,2975,2125,10,3892681.25,10,F1,425,,,,,
2026-02-18,2026-02-18,FO,NSE,STO,127430,,KPITTECH,,2026-03-30,2026-03-30,860.0,CE,KPITTECH26MAR860CE,56.1,56.1,45.5,47.9,47.4,59.85,861.6,47.9,17425,5525,29,11185256.25,27,F1,425,,,,,
2026-02-18,2026-02-18,FO,NSE,STO,134687,,KPITTECH,,2026-04-28,2026-04-28,780.0,CE,KPITTECH26APR780CE,0.0,0.0,0.0,339.65,0.0,339.65,861.6,108.2,0,0,0,0.0,0,F1,425,,,,,
2026-02-18,2026-02-18,FO,NSE,STO,134695,,KPITTECH,,2026-04-28,2026-04-28,860.0,CE,KPITTECH26APR860CE,0.0,0.0,0.0,267.5,0.0,267.5,861.6,59.35,0,0,0,0.0,0,F1,425,,,,,
2026-02-18,2026-02-18,FO,NSE,STO,134815,,KPITTECH,,2026-04-28,2026-04-28,1020.0,CE,KPITTECH26APR1020CE,0.0,0.0,0.0,146.95,0.0,146.95,861.6,12.2,0,0,0,0.0,0,F1,425,,,,,
2026-02-18,2026-02-18,FO,NSE,STO,134844,,KPITTECH,,2026-04-28,2026-04-28,1280.0,CE,KPITTECH26APR1280CE,0.0,0.0,0.0,39.75,0.0,39.75,861.6,0.4,0,0,0,0.0,0,F1,425,,,,,
2026-02-18,2026-02-18,FO,NSE,STO,127039,,KPITTECH,,2026-02-24,2026-02-24,990.0,PE,KPITTECH26FEB990PE,0.0,0.0,0.0,112.7,112.7,112.7,861.6,127.5,51850,0,0,0.0,0,F1,425,,,,,
2026-02-18,2026-02-18,FO,NSE,STO,127041,,KPITTECH,,2026-02-24,2026-02-24,1010.0,PE,KPITTECH26FEB1010PE,0.0,0.0,0.0,126.65,126.65,126.65,861.6,147.5,19125,0,0,0.0,0,F1,425,,,,,
2026-02-18,2026-02-18,FO,NSE,STO,127036,,KPITTECH,,2026-02-24,2026-02-24,980.0,CE,KPITTECH26FEB980CE,1.7,1.7,0.75,0.9,0.9,2.05,861.6,0.9,107950,-20400,219,91314203.75,189,F1,425,,,,,
2026-02-18,2026-02-18,FO,NSE,STO,127619,,KPITTECH,,2026-03-30,2026-03-30,1200.0,CE,KPITTECH26MAR1200CE,1.75,1.75,1.65,1.65,1.65,1.7,861.6,0.15,42075,17850,44,22471598.75,33,F1,425,,,,,
2026-02-18,2026-02-18,FO,NSE,STO,134545,,KPITTECH,,2026-03-30,2026-03-30,930.0,CE,KPITTECH26MAR930CE,0.0,0.0,0.0,197.3,0.0,197.3,861.6,18.55,0,0,0,0.0,0,F1,425,,,,,
2026-02-18,2026-02-18,FO,NSE,STO,111811,,KPITTECH,,2026-02-24,2026-02-24,880.0,CE,KPITTECH26FEB880CE,20.0,20.5,9.8,11.25,10.75,20.95,861.6,11.25,260525,50575,1304,494791013.75,1064,F1,425,,,,,
2026-02-18,2026-02-18,FO,NSE,STO,127018,,KPITTECH,,2026-02-24,2026-02-24,860.0,CE,KPITTECH26FEB860CE,30.45,32.35,17.5,19.75,19.0,32.7,861.6,19.75,104975,25500,680,254267045.0,538,F1,425,,,,,
2026-02-18,2026-02-18,FO,NSE,STO,111824,,KPITTECH,,2026-02-24,2026-02-24,1120.0,PE,KPITTECH26FEB1120PE,0.0,0.0,0.0,221.0,221.0,221.0,861.6,257.4,12750,0,0,0.0,0,F1,425,,,,,
2026-02-18,2026-02-18,FO,NSE,STO,127130,,KPITTECH,,2026-02-24,2026-02-24,1260.0,PE,KPITTECH26FEB1260PE,399.0,399.0,399.0,399.0,399.0,381.0,861.6,397.25,3400,0,1,705075.0,1,F1,425,,,,,
2026-02-18,2026-02-18,FO,NSE,STO,127135,,KPITTECH,,2026-02-24,2026-02-24,1300.0,CE,KPITTECH26FEB1300CE,0.1,0.2,0.1,0.2,0.2,0.1,861.6,0.05,45475,-2550,6,3315340.0,4,F1,425,,,,,
2026-02-18,2026-02-18,FO,NSE,STO,134700,,KPITTECH,,2026-04-28,2026-04-28,900.0,PE,KPITTECH26APR900PE,0.0,0.0,0.0,15.75,0.0,15.75,861.6,70.9,0,0,0,0.0,0,F1,425,,,,,
2026-02-18,2026-02-18,FO,NSE,STO,134694,,KPITTECH,,2026-04-28,2026-04-28,840.0,PE,KPITTECH26APR840PE,0.0,0.0,0.0,7.75,0.0,7.75,861.6,39.5,0,0,0,0.0,0,F1,425,,,,,
2026-02-18,2026-02-18,FO,NSE,STO,127427,,KPITTECH,,2026-03-30,2026-03-30,820.0,PE,KPITTECH26MAR820PE,24.0,28.1,24.0,28.1,28.1,24.9,861.6,21.15,9775,1700,12,4323333.75,5,F1,425,,,,,
2026-02-18,2026-02-18,FO,NSE,STO,134530,,KPITTECH,,2026-03-30,2026-03-30,770.0,PE,KPITTECH26MAR770PE,0.0,0.0,0.0,22.1,22.1,22.1,861.6,8.35,425,0,0,0.0,0,F1,425,,,,,
2026-02-18,2026-02-18,FO,NSE,STO,127136,,KPITTECH,,2026-02-24,2026-02-24,1300.0,PE,KPITTECH26FEB1300PE,440.0,440.0,440.0,440.0,440.0,418.0,861.6,437.25,11900,-1275,3,2218500.0,1,F1,425,,,,,
2026-02-18,2026-02-18,FO,NSE,STO,127644,,KPITTECH,,2026-03-30,2026-03-30,1260.0,PE,KPITTECH26MAR1260PE,0.0,0.0,0.0,394.65,394.65,394.65,861.6,390.85,3825,0,0,0.0,0,F1,425,,,,,
2026-02-18,2026-02-18,FO,NSE,STO,127133,,KPITTECH,,2026-02-24,2026-02-24,1290.0,CE,KPITTECH26FEB1290CE,0.0,0.0,0.0,0.2,0.2,0.2,861.6,0.05,3825,0,0,0.0,0,F1,425,,,,,
2026-02-18,2026-02-18,FO,NSE,STO,111831,,KPITTECH,,2026-02-24,2026-02-24,1240.0,CE,KPITTECH26FEB1240CE,0.0,0.0,0.0,0.3,0.3,0.3,861.6,0.05,21675,0,0,0.0,0,F1,425,,,,,
2026-02-18,2026-02-18,FO,NSE,STO,111809,,KPITTECH,,2026-02-24,2026-02-24,840.0,CE,KPITTECH26FEB840CE,40.2,45.4,30.65,31.95,31.6,47.1,861.6,31.95,68425,-1700,31,11543680.0,30,F1,425,,,,,
2026-02-18,2026-02-18,FO,NSE,STF,59398,,KPITTECH,,2026-02-24,2026-02-24,,,KPITTECH26FEBFUT,877.9,881.8,854.7,862.0,861.0,878.3,861.6,862.0,4796975,512125,4707,1724422455.0,3910,F1,425,,,,,
2026-02-18,2026-02-18,FO,NSE,STO,41682,,KPITTECH,,2026-02-24,2026-02-24,790.0,CE,KPITTECH26FEB790CE,0.0,0.0,0.0,367.85,0.0,367.85,861.6,72.75,0,0,0,0.0,0,F1,425,,,,,
2026-02-18,2026-02-18,FO,NSE,STO,127082,,KPITTECH,,2026-02-24,2026-02-24,1180.0,PE,KPITTECH26FEB1180PE,0.0,0.0,0.0,88.0,88.0,88.0,861.6,317.35,2125,0,0,0.0,0,F1,425,,,,,
2026-02-18,2026-02-18,FO,NSE,STO,127049,,KPITTECH,,2026-02-24,2026-02-24,1050.0,PE,KPITTECH26FEB1050PE,0.0,0.0,0.0,172.0,172.0,172.0,861.6,187.45,107525,0,0,0.0,0,F1,425,,,,,
2026-02-18,2026-02-18,FO,NSE,STO,111820,,KPITTECH,,2026-02-24,2026-02-24,1040.0,PE,KPITTECH26FEB1040PE,164.85,179.55,164.85,179.55,179.55,173.5,861.6,177.45,97750,-425,6,3098016.25,6,F1,425,,,,,
2026-02-18,2026-02-18,FO,NSE,STO,134538,,KPITTECH,,2026-03-30,2026-03-30,850.0,PE,KPITTECH26MAR850PE,37.0,43.2,37.0,39.15,39.6,36.0,861.6,39.15,23800,17000,98,37090005.0,68,F1,425,,,,,
2026-02-18,2026-02-18,FO,NSE,STO,127624,,KPITTECH,,2026-03-30,2026-03-30,1220.0,PE,KPITTECH26MAR1220PE,0.0,0.0,0.0,254.9,254.9,254.9,861.6,351.15,3825,0,0,0.0,0,F1,425,,,,,
2026-02-18,2026-02-18,FO,NSE,STO,134830,,KPITTECH,,2026-04-28,2026-04-28,1160.0,PE,KPITTECH26APR1160PE,0.0,0.0,0.0,114.0,0.0,114.0,861.6,288.55,0,0,0,0.0,0,F1,425,,,,,
2026-02-18,2026-02-18,FO,NSE,STO,127047,,KPITTECH,,2026-02-24,2026-02-24,1030.0,PE,KPITTECH26FEB1030PE,0.0,0.0,0.0,172.6,172.6,172.6,861.6,167.45,46750,0,0,0.0,0,F1,425,,,,,
2026-02-18,2026-02-18,FO,NSE,STO,111818,,KPITTECH,,2026-02-24,2026-02-24,1000.0,PE,KPITTECH26FEB1000PE,134.4,145.0,134.4,138.0,138.0,128.0,861.6,138.0,355300,-5100,22,10652072.5,17,F1,425,,,,,
2026-02-18,2026-02-18,FO,NSE,STO,127037,,KPITTECH,,2026-02-24,2026-02-24,980.0,PE,KPITTECH26FEB980PE,122.0,125.25,118.35,118.35,118.35,105.55,861.6,117.55,63325,-850,10,4678803.75,10,F1,425,,,,,
2026-02-18,2026-02-18,FO,NSE,STO,111810,,KPITTECH,,2026-02-24,2026-02-24,840.0,PE,KPITTECH26FEB840PE,9.0,13.8,7.0,10.15,10.85,8.6,861.6,10.15,141525,-45050,476,172151668.75,344,F1,425,,,,,
2026-02-18,2026-02-18,FO,NSE,STO,134829,,KPITTECH,,2026-04-28,2026-04-28,1160.0,CE,KPITTECH26APR1160CE,0.0,0.0,0.0,76.15,0.0,76.15,861.6,2.15,0,0,0,0.0,0,F1,425,,,,,
2026-02-18,2026-02-18,FO,NSE,STO,134683,,KPITTECH,,2026-04-28,2026-04-28,740.0,CE,KPITTECH26APR740CE,0.0,0.0,0.0,377.45,0.0,377.45,861.6,139.15,0,0,0,0.0,0,F1,425,,,,,
2026-02-18,2026-02-18,FO,NSE,STO,127596,,KPITTECH,,2026-03-30,2026-03-30,1020.0,CE,KPITTECH26MAR1020CE,0.0,0.0,0.0,10.45,10.45,10.45,861.6,4.55,7225,0,0,0.0,0,F1,425,,,,,
2026-02-18,2026-02-18,FO,NSE,STO,134533,,KPITTECH,,2026-03-30,2026-03-30,810.0,CE,KPITTECH26MAR810CE,0.0,0.0,0.0,304.95,0.0,304.95,861.6,74.35,0,0,0,0.0,0,F1,425,,,,,
2026-02-18,2026-02-18,FO,NSE,STO,127070,,KPITTECH,,2026-02-24,2026-02-24,1180.0,CE,KPITTECH26FEB1180CE,0.1,0.1,0.1,0.1,0.1,0.45,861.6,0.05,25925,-1700,4,2006170.0,1,F1,425,,,,,
2026-02-18,2026-02-18,FO,NSE,STO,127064,,KPITTECH,,2026-02-24,2026-02-24,1150.0,CE,KPITTECH26FEB1150CE,0.35,0.35,0.15,0.15,0.15,0.4,861.6,0.05,159375,-110075,335,163762955.0,63,F1,425,,,,,
2026-02-18,2026-02-18,FO,NSE,STO,127042,,KPITTECH,,2026-02-24,2026-02-24,1020.0,CE,KPITTECH26FEB1020CE,0.7,0.7,0.4,0.5,0.45,1.15,861.6,0.5,136000,-17425,174,75469545.0,83,F1,425,,,,,
2026-02-18,2026-02-18,FO,NSE,STO,134552,,KPITTECH,,2026-03-30,2026-03-30,990.0,PE,KPITTECH26MAR990PE,0.0,0.0,0.0,26.1,0.0,26.1,861.6,129.95,0,0,0,0.0,0,F1,425,,,,,
2026-02-18,2026-02-18,FO,NSE,STO,111834,,KPITTECH,,2026-02-24,2026-02-24,1280.0,PE,KPITTECH26FEB1280PE,420.0,420.0,420.0,420.0,420.0,165.0,861.6,417.25,1700,-425,1,722500.0,1,F1,425,,,,,
2026-02-18,2026-02-18,FO,NSE,STO,127063,,KPITTECH,,2026-02-24,2026-02-24,1140.0,PE,KPITTECH26FEB1140PE,0.0,0.0,0.0,250.65,250.65,250.65,861.6,277.35,7650,0,0,0.0,0,F1,425,,,,,
2026-02-18,2026-02-18,FO,NSE,STO,127033,,KPITTECH,,2026-02-24,2026-02-24,950.0,PE,KPITTECH26FEB950PE,75.8,95.75,75.8,90.2,90.2,75.75,861.6,90.2,113900,-1275,47,20771811.25,30,F1,425,,,,,
2026-02-18,2026-02-18,FO,NSE,STO,127029,,KPITTECH,,2026-02-24,2026-02-24,930.0,PE,KPITTECH26FEB930PE,60.2,74.05,55.0,70.0,70.0,52.65,861.6,68.5,67575,-9350,35,14827485.0,26,F1,425,,,,,
2026-02-18,2026-02-18,FO,NSE,STO,134701,,KPITTECH,,2026-04-28,2026-04-28,920.0,CE,KPITTECH26APR920CE,0.0,0.0,0.0,217.9,0.0,217.9,861.6,34.7,0,0,0,0.0,0,F1,425,,,,,
2026-02-18,2026-02-18,FO,NSE,STO,134693,,KPITTECH,,2026-04-28,2026-04-28,840.0,CE,KPITTECH26APR840CE,0.0,0.0,0.0,285.0,0.0,285.0,861.6,69.8,0,0,0,0.0,0,F1,425,,,,,
2026-02-18,2026-02-18,FO,NSE,STO,134560,,KPITTECH,,2026-03-30,2026-03-30,1070.0,PE,KPITTECH26MAR1070PE,0.0,0.0,0.0,54.05,0.0,54.05,861.6,203.85,0,0,0,0.0,0,F1,425,,,,,
2026-02-18,2026-02-18,FO,NSE,STO,127609,,KPITTECH,,2026-03-30,2026-03-30,1140.0,PE,KPITTECH26MAR1140PE,0.0,0.0,0.0,161.85,161.85,161.85,861.6,272.0,425,0,0,0.0,0,F1,425,,,,,
2026-02-18,2026-02-18,FO,NSE,STO,134690,,KPITTECH,,2026-04-28,2026-04-28,800.0,PE,KPITTECH26APR800PE,0.0,0.0,0.0,4.45,0.0,4.45,861.6,24.35,0,0,0,0.0,0,F1,425,,,,,
2026-02-18,2026-02-18,FO,NSE,STO,134818,,KPITTECH,,2026-04-28,2026-04-28,1040.0,PE,KPITTECH26APR1040PE,0.0,0.0,0.0,54.45,0.0,54.45,861.6,177.35,0,0,0,0.0,0,F1,425,,,,,
2026-02-18,2026-02-18,FO,NSE,STO,134840,,KPITTECH,,2026-04-28,2026-04-28,1240.0,PE,KPITTECH26APR1240PE,0.0,0.0,0.0,166.35,0.0,166.35,861.6,366.3,0,0,0,0.0,0,F1,425,,,,,
2026-02-18,2026-02-18,FO,NSE,STO,127008,,KPITTECH,,2026-02-24,2026-02-24,780.0,CE,KPITTECH26FEB780CE,0.0,0.0,0.0,63.1,63.1,63.1,861.6,82.5,425,0,0,0.0,0,F1,425,,,,,
2026-02-18,2026-02-18,FO,NSE,STO,134575,,KPITTECH,,2026-03-30,2026-03-30,1230.0,CE,KPITTECH26MAR1230CE,0.0,0.0,0.0,2.9,2.9,2.9,861.6,0.05,1275,0,0,0.0,0,F1,425,,,,,
2026-02-18,2026-02-18,FO,NSE,STO,127612,,KPITTECH,,2026-03-30,2026-03-30,1180.0,CE,KPITTECH26MAR1180CE,0.0,0.0,0.0,6.4,6.4,6.4,861.6,0.2,2125,0,0,0.0,0,F1,425,,,,,
2026-02-18,2026-02-18,FO,NSE,STO,127588,,KPITTECH,,2026-03-30,2026-03-30,940.0,CE,KPITTECH26MAR940CE,0.0,0.0,0.0,29.4,29.4,29.4,861.6,16.1,850,0,0,0.0,0,F1,425,,,,,
2026-02-18,2026-02-18,FO,NSE,STO,127418,,KPITTECH,,2026-03-30,2026-03-30,680.0,CE,KPITTECH26MAR680CE,0.0,0.0,0.0,492.05,0.0,492.05,861.6,186.45,0,0,0,0.0,0,F1,425,,,,,
2026-02-18,2026-02-18,FO,NSE,STO,111835,,KPITTECH,,2026-02-24,2026-02-24,1320.0,CE,KPITTECH26FEB1320CE,0.0,0.0,0.0,0.2,0.2,0.2,861.6,0.05,6800,0,0,0.0,0,F1,425,,,,,
2026-02-18,2026-02-18,FO,NSE,STO,127125,,KPITTECH,,2026-02-24,2026-02-24,1230.0,CE,KPITTECH26FEB1230CE,0.0,0.0,0.0,4.5,4.5,4.5,861.6,0.05,425,0,0,0.0,0,F1,425,,,,,
2026-02-18,2026-02-18,FO,NSE,STO,127032,,KPITTECH,,2026-02-24,2026-02-24,950.0,CE,KPITTECH26FEB950CE,2.85,3.3,1.3,1.55,1.6,3.7,861.6,1.55,141525,-11050,427,172736596.25,298,F1,425,,,,,
2026-02-18,2026-02-18,FO,NSE,STO,127014,,KPITTECH,,2026-02-24,2026-02-24,830.0,CE,KPITTECH26FEB830CE,0.0,0.0,0.0,55.6,55.6,55.6,861.6,36.9,23375,0,0,0.0,0,F1,425,,,,,
2026-02-18,2026-02-18,FO,NSE,STO,134547,,KPITTECH,,2026-03-30,2026-03-30,950.0,CE,KPITTECH26MAR950CE,24.9,24.9,15.9,17.0,17.0,23.75,861.6,17.0,29750,5525,109,44826896.25,86,F1,425,,,,,
2026-02-18,2026-02-18,FO,NSE,STO,111847,,KPITTECH,,2026-02-24,2026-02-24,1440.0,CE,KPITTECH26FEB1440CE,0.3,0.3,0.15,0.25,0.15,0.5,861.6,0.25,5100,-1275,3,1836318.75,3,F1,425,,,,,
2026-02-18,2026-02-18,FO,NSE,STO,111833,,KPITTECH,,2026-02-24,2026-02-24,1280.0,CE,KPITTECH26FEB1280CE,0.0,0.0,0.0,1.5,1.5,1.5,861.6,0.05,0,0,0,0.0,0,F1,425,,,,,
2026-02-18,2026-02-18,FO,NSE,STO,134845,,KPITTECH,,2026-04-28,2026-04-28,1280.0,PE,KPITTECH26APR1280PE,0.0,0.0,0.0,195.75,0.0,195.75,861.6,405.55,0,0,0,0.0,0,F1,425,,,,,
2026-02-18,2026-02-18,FO,NSE,STO,134816,,KPITTECH,,2026-04-28,2026-04-28,1020.0,PE,KPITTECH26APR1020PE,0.0,0.0,0.0,46.95,0.0,46.95,861.6,160.05,0,0,0,0.0,0,F1,425,,,,,
2026-02-18,2026-02-18,FO,NSE,STO,134804,,KPITTECH,,2026-04-28,2026-04-28,960.0,PE,KPITTECH26APR960PE,0.0,0.0,0.0,28.55,0.0,28.55,861.6,111.8,0,0,0,0.0,0,F1,425,,,,,
2026-02-18,2026-02-18,FO,NSE,STO,127593,,KPITTECH,,2026-03-30,2026-03-30,980.0,PE,KPITTECH26MAR980PE,0.0,0.0,0.0,29.85,29.85,29.85,861.6,121.35,425,0,0,0.0,0,F1,425,,,,,
2026-02-18,2026-02-18,FO,NSE,STO,127483,,KPITTECH,,2026-03-30,2026-03-30,900.0,PE,KPITTECH26MAR900PE,67.7,70.5,64.55,64.55,64.55,60.75,861.6,64.55,38675,5525,46,18924272.5,45,F1,425,,,,,
2026-02-18,2026-02-18,FO,NSE,STO,134542,,KPITTECH,,2026-03-30,2026-03-30,890.0,PE,KPITTECH26MAR890PE,0.0,0.0,0.0,50.9,50.9,50.9,861.6,54.4,28475,0,0,0.0,0,F1,425,,,,,
2026-02-18,2026-02-18,FO,NSE,STO,127429,,KPITTECH,,2026-03-30,2026-03-30,840.0,PE,KPITTECH26MAR840PE,0.0,0.0,0.0,4.8,0.0,4.8,861.6,28.75,0,0,0,0.0,0,F1,425,,,,,
2026-02-18,2026-02-18,FO,NSE,STO,127423,,KPITTECH,,2026-03-30,2026-03-30,760.0,PE,KPITTECH26MAR760PE,12.0,12.0,12.0,12.0,12.0,19.65,861.6,12.0,425,0,1,328100.0,1,F1,425,,,,,
2026-02-18,2026-02-18,FO,NSE,STO,63256,,KPITTECH,,2026-02-24,2026-02-24,750.0,CE,KPITTECH26FEB750CE,0.0,0.0,0.0,100.0,100.0,100.0,861.6,112.3,425,0,0,0.0,0,F1,425,,,,,
2026-02-18,2026-02-18,FO,NSE,STO,111828,,KPITTECH,,2026-02-24,2026-02-24,1160.0,PE,KPITTECH26FEB1160PE,0.0,0.0,0.0,279.8,279.8,279.8,861.6,297.35,8075,0,0,0.0,0,F1,425,,,,,
2026-02-18,2026-02-18,FO,NSE,STO,127017,,KPITTECH,,2026-02-24,2026-02-24,850.0,PE,KPITTECH26FEB850PE,12.8,18.2,9.5,13.45,13.9,11.1,861.6,13.45,129625,1700,1254,461094378.75,1016,F1,425,,,,,
2026-02-18,2026-02-18,FO,NSE,STO,127022,,KPITTECH,,2026-02-24,2026-02-24,890.0,CE,KPITTECH26FEB890CE,16.5,16.5,7.2,8.3,8.0,16.5,861.6,8.3,91375,-7225,454,173713140.0,347,F1,425,,,,,
2026-02-18,2026-02-18,FO,NSE,STO,127030,,KPITTECH,,2026-02-24,2026-02-24,940.0,CE,KPITTECH26FEB940CE,3.95,3.95,1.75,2.0,2.0,4.8,861.6,2.0,104975,-8925,245,98131777.5,207,F1,425,,,,,
2026-02-18,2026-02-18,FO,NSE,STO,134703,,KPITTECH,,2026-04-28,2026-04-28,940.0,CE,KPITTECH26APR940CE,0.0,0.0,0.0,202.45,0.0,202.45,861.6,28.55,0,0,0,0.0,0,F1,425,,,,,
2026-02-18,2026-02-18,FO,NSE,STO,134823,,KPITTECH,,2026-04-28,2026-04-28,1100.0,CE,KPITTECH26APR1100CE,0.0,0.0,0.0,25.0,25.0,25.0,861.6,4.7,1275,0,0,0.0,0,F1,425,,,,,
2026-02-18,2026-02-18,FO,NSE,STO,127009,,KPITTECH,,2026-02-24,2026-02-24,780.0,PE,KPITTECH26FEB780PE,3.0,3.2,2.15,2.2,2.25,2.35,861.6,2.2,45475,-425,32,10641617.5,31,F1,425,,,,,
2026-02-18,2026-02-18,FO,NSE,STO,127015,,KPITTECH,,2026-02-24,2026-02-24,830.0,PE,KPITTECH26FEB830PE,6.6,10.65,5.9,7.55,7.75,6.7,861.6,7.55,46325,-30600,172,61318490.0,117,F1,425,,,,,
2026-02-18,2026-02-18,FO,NSE,STO,134565,,KPITTECH,,2026-03-30,2026-03-30,1130.0,CE,KPITTECH26MAR1130CE,0.0,0.0,0.0,70.0,0.0,70.0,861.6,0.55,0,0,0,0.0,0,F1,425,,,,,
2026-02-18,2026-02-18,FO,NSE,STO,134571,,KPITTECH,,2026-03-30,2026-03-30,1190.0,CE,KPITTECH26MAR1190CE,0.0,0.0,0.0,4.65,4.65,4.65,861.6,0.15,2975,0,0,0.0,0,F1,425,,,,,
2026-02-18,2026-02-18,FO,NSE,STO,134573,,KPITTECH,,2026-03-30,2026-03-30,1210.0,CE,KPITTECH26MAR1210CE,0.0,0.0,0.0,9.4,9.4,9.4,861.6,0.1,1275,0,0,0.0,0,F1,425,,,,,
2026-02-18,2026-02-18,FO,NSE,STO,111815,,KPITTECH,,2026-02-24,2026-02-24,960.0,CE,KPITTECH26FEB960CE,2.55,2.55,1.05,1.3,1.35,3.05,861.6,1.3,130900,-13175,355,145066673.75,252,F1,425,,,,,
2026-02-18,2026-02-18,FO,NSE,STO,134557,,KPITTECH,,2026-03-30,2026-03-30,1050.0,CE,KPITTECH26MAR1050CE,5.0,5.0,5.0,5.0,5.0,10.0,861.6,2.7,1700,850,3,1345125.0,1,F1,425,,,,,
2026-02-18,2026-02-18,FO,NSE,STO,134564,,KPITTECH,,2026-03-30,2026-03-30,1110.0,PE,KPITTECH26MAR1110PE,0.0,0.0,0.0,73.05,0.0,73.05,861.6,242.6,0,0,0,0.0,0,F1,425,,,,,
2026-02-18,2026-02-18,FO,NSE,STO,127067,,KPITTECH,,2026-02-24,2026-02-24,1170.0,PE,KPITTECH26FEB1170PE,0.0,0.0,0.0,88.65,88.65,88.65,861.6,307.35,23800,0,0,0.0,0,F1,425,,,,,
2026-02-18,2026-02-18,FO,NSE,STO,127059,,KPITTECH,,2026-02-24,2026-02-24,1110.0,PE,KPITTECH26FEB1110PE,0.0,0.0,0.0,107.6,107.85,107.6,861.6,247.4,26350,0,0,0.0,0,F1,425,,,,,
2026-02-18,2026-02-18,FO,NSE,STO,111816,,KPITTECH,,2026-02-24,2026-02-24,960.0,PE,KPITTECH26FEB960PE,100.25,102.0,98.0,99.4,99.4,83.1,861.6,99.4,75225,0,18,8111698.75,10,F1,425,,,,,
2026-02-18,2026-02-18,FO,NSE,STO,127006,,KPITTECH,,2026-02-24,2026-02-24,760.0,CE,KPITTECH26FEB760CE,0.0,0.0,0.0,408.95,0.0,408.95,861.6,102.35,0,0,0,0.0,0,F1,425,,,,,
2026-02-18,2026-02-18,FO,NSE,STO,126999,,KPITTECH,,2026-02-24,2026-02-24,680.0,CE,KPITTECH26FEB680CE,0.0,0.0,0.0,488.0,0.0,488.0,861.6,182.2,0,0,0,0.0,0,F1,425,,,,,
2026-02-18,2026-02-18,FO,NSE,STO,61515,,KPITTECH,,2026-02-24,2026-02-24,770.0,CE,KPITTECH26FEB770CE,0.0,0.0,0.0,365.85,0.0,365.85,861.6,92.4,0,0,0,0.0,0,F1,425,,,,,
2026-02-18,2026-02-18,FO,NSE,STO,134550,,KPITTECH,,2026-03-30,2026-03-30,970.0,PE,KPITTECH26MAR970PE,0.0,0.0,0.0,21.05,0.0,21.05,861.6,112.9,0,0,0,0.0,0,F1,425,,,,,
2026-02-18,2026-02-18,FO,NSE,STO,127591,,KPITTECH,,2026-03-30,2026-03-30,960.0,PE,KPITTECH26MAR960PE,0.0,0.0,0.0,19.5,0.0,19.5,861.6,104.65,0,0,0,0.0,0,F1,425,,,,,
2026-02-18,2026-02-18,FO,NSE,STO,127481,,KPITTECH,,2026-03-30,2026-03-30,880.0,PE,KPITTECH26MAR880PE,58.0,58.0,57.0,57.0,57.0,46.85,861.6,48.5,18700,13600,33,13142275.0,20,F1,425,,,,,
2026-02-18,2026-02-18,FO,NSE,STO,131341,,LT,,2026-02-24,2026-02-24,4060.0,CE,LT26FEB4060CE,211.55,259.55,195.75,251.2,247.15,214.25,4325.85,251.2,143150,-3325,89,66854733.75,84,F1,175,,,,,
2026-02-18,2026-02-18,FO,NSE,STO,114122,,LT,,2026-02-24,2026-02-24,3840.0,CE,LT26FEB3840CE,419.6,464.0,415.05,464.0,464.0,430.0,4325.85,489.3,249900,-1050,19,14176907.5,11,F1,175,,,,,
2026-02-18,2026-02-18,FO,NSE,STO,131323,,LT,,2026-02-24,2026-02-24,3860.0,CE,LT26FEB3860CE,410.5,420.25,410.5,420.25,420.25,314.85,4325.85,469.35,19075,-875,8,5981648.75,4,F1,175,,,,,
2026-02-18,2026-02-18,FO,NSE,STO,131359,,LT,,2026-02-24,2026-02-24,4420.0,CE,LT26FEB4420CE,6.0,8.55,3.45,7.45,5.8,5.2,4325.85,7.45,22050,-6300,1871,1449258545.0,1415,F1,175,,,,,
2026-02-18,2026-02-18,FO,NSE,STO,136790,,LT,,2026-03-30,2026-03-30,3620.0,CE,LT26MAR3620CE,0.0,0.0,0.0,279.4,0.0,279.4,4325.85,728.1,0,0,0,0.0,0,F1,175,,,,,
2026-02-18,2026-02-18,FO,NSE,STO,131677,,LT,,2026-03-30,2026-03-30,3720.0,CE,LT26MAR3720CE,0.0,0.0,0.0,447.45,0.0,447.45,4325.85,629.8,0,0,0,0.0,0,F1,175,,,,,
2026-02-18,2026-02-18,FO,NSE,STO,136836,,LT,,2026-03-30,2026-03-30,4060.0,CE,LT26MAR4060CE,0.0,0.0,0.0,235.25,235.25,235.25,4325.85,317.75,700,0,0,0.0,0,F1,175,,,,,
2026-02-18,2026-02-18,FO,NSE,STO,131700,,LT,,2026-03-30,2026-03-30,4080.0,CE,LT26MAR4080CE,0.0,0.0,0.0,221.7,0.0,221.7,4325.85,301.65,0,0,0,0.0,0,F1,175,,,,,
2026-02-18,2026-02-18,FO,NSE,STO,136906,,LT,,2026-03-30,2026-03-30,4180.0,CE,LT26MAR4180CE,0.0,0.0,0.0,162.85,162.85,162.85,4325.85,226.85,350,0,0,0.0,0,F1,175,,,,,
2026-02-18,2026-02-18,FO,NSE,STO,131735,,LT,,2026-03-30,2026-03-30,4280.0,CE,LT26MAR4280CE,103.55,120.0,103.55,120.0,120.0,137.95,4325.85,163.45,4200,4200,35,26889012.5,25,F1,175,,,,,
2026-02-18,2026-02-18,FO,NSE,STO,131344,,LT,,2026-02-24,2026-02-24,4100.0,PE,LT26FEB4100PE,2.0,2.5,0.5,0.85,1.0,2.4,4325.85,0.85,1064175,8225,5050,3624504677.5,2131,F1,175,,,,,
2026-02-18,2026-02-18,FO,NSE,STO,114078,,LT,,2026-02-24,2026-02-24,3280.0,PE,LT26FEB3280PE,0.1,0.15,0.1,0.15,0.15,0.1,4325.85,0.15,29750,-525,4,2296096.25,4,F1,175,,,,,
2026-02-18,2026-02-18,FO,NSE,STO,137370,,LT,,2026-04-28,2026-04-28,4640.0,CE,LT26APR4640CE,0.0,0.0,0.0,17.05,0.0,17.05,4325.85,68.85,0,0,0,0.0,0,F1,175,,,,,
2026-02-18,2026-02-18,FO,NSE,STO,137282,,LT,,2026-04-28,2026-04-28,4240.0,CE,LT26APR4240CE,0.0,0.0,0.0,65.75,0.0,65.75,4325.85,235.25,0,0,0,0.0,0,F1,175,,,,,
2026-02-18,2026-02-18,FO,NSE,STO,137357,,LT,,2026-04-28,2026-04-28,4320.0,PE,LT26APR4320PE,0.0,0.0,0.0,517.2,0.0,517.2,4325.85,139.75,0,0,0,0.0,0,F1,175,,,,,
2026-02-18,2026-02-18,FO,NSE,STO,131768,,LT,,2026-03-30,2026-03-30,4560.0,PE,LT26MAR4560PE,0.0,0.0,0.0,504.8,0.0,504.8,4325.85,257.4,0,0,0,0.0,0,F1,175,,,,,
2026-02-18,2026-02-18,FO,NSE,STO,114087,,LT,,2026-02-24,2026-02-24,3480.0,CE,LT26FEB3480CE,0.0,0.0,0.0,309.95,313.0,309.95,4325.85,849.0,2450,0,0,0.0,0,F1,175,,,,,
2026-02-18,2026-02-18,FO,NSE,STO,114245,,LT,,2026-02-24,2026-02-24,4160.0,CE,LT26FEB4160CE,125.0,161.75,101.0,157.45,152.0,118.2,4325.85,157.45,315350,-3500,267,200363520.0,231,F1,175,,,,,
2026-02-18,2026-02-18,FO,NSE,STO,114286,,LT,,2026-02-24,2026-02-24,4600.0,CE,LT26FEB4600CE,0.75,1.05,0.6,0.95,0.95,0.8,4325.85,0.95,7700,1225,17,13687642.5,17,F1,175,,,,,
2026-02-18,2026-02-18,FO,NSE,STO,114290,,LT,,2026-02-24,2026-02-24,4680.0,CE,LT26FEB4680CE,0.0,0.0,0.0,42.1,0.0,42.1,4325.85,0.1,0,0,0,0.0,0,F1,175,,,,,
2026-02-18,2026-02-18,FO,NSE,STO,136826,,LT,,2026-03-30,2026-03-30,3980.0,CE,LT26MAR3980CE,0.0,0.0,0.0,98.55,0.0,98.55,4325.85,385.65,0,0,0,0.0,0,F1,175,,,,,
2026-02-18,2026-02-18,FO,NSE,STO,137172,,LT,,2026-04-28,2026-04-28,4040.0,CE,LT26APR4040CE,0.0,0.0,0.0,117.5,0.0,117.5,4325.85,373.3,0,0,0,0.0,0,F1,175,,,,,
2026-02-18,2026-02-18,FO,NSE,STO,137280,,LT,,2026-04-28,2026-04-28,4200.0,CE,LT26APR4200CE,0.0,0.0,0.0,74.35,0.0,74.35,4325.85,260.05,0,0,0,0.0,0,F1,175,,,,,
2026-02-18,2026-02-18,FO,NSE,STO,131717,,LT,,2026-03-30,2026-03-30,4120.0,PE,LT26MAR4120PE,30.95,32.7,24.4,24.7,25.0,33.65,4325.85,24.7,7350,3500,37,26859140.0,35,F1,175,,,,,
2026-02-18,2026-02-18,FO,NSE,STO,136827,,LT,,2026-03-30,2026-03-30,3980.0,PE,LT26MAR3980PE,0.0,0.0,0.0,249.15,0.0,249.15,4325.85,15.9,0,0,0,0.0,0,F1,175,,,,,
2026-02-18,2026-02-18,FO,NSE,STO,131754,,LT,,2026-03-30,2026-03-30,4400.0,CE,LT26MAR4400CE,62.9,73.6,48.55,69.6,64.4,57.9,4325.85,69.6,90300,28525,889,694356127.5,682,F1,175,,,,,
2026-02-18,2026-02-18,FO,NSE,STO,131773,,LT,,2026-03-30,2026-03-30,4680.0,CE,LT26MAR4680CE,8.7,14.2,8.7,13.2,12.5,11.25,4325.85,13.2,22925,20825,161,132198482.5,127,F1,175,,,,,
2026-02-18,2026-02-18,FO,NSE,STO,137167,,LT,,2026-04-28,2026-04-28,3960.0,CE,LT26APR3960CE,0.0,0.0,0.0,145.55,0.0,145.55,4325.85,437.45,0,0,0,0.0,0,F1,175,,,,,
2026-02-18,2026-02-18,FO,NSE,STO,114252,,LT,,2026-02-24,2026-02-24,4240.0,PE,LT26FEB4240PE,18.35,29.35,8.1,10.15,13.15,25.5,4325.85,10.15,177275,21350,5557,4140129385.0,4793,F1,175,,,,,
2026-02-18,2026-02-18,FO,NSE,STO,114256,,LT,,2026-02-24,2026-02-24,4320.0,PE,LT26FEB4320PE,75.95,78.65,36.35,41.0,50.0,69.65,4325.85,41.0,114975,95900,2961,2265187435.0,2648,F1,175,,,,,
2026-02-18,2026-02-18,FO,NSE,STO,114293,,LT,,2026-02-24,2026-02-24,4680.0,PE,LT26FEB4680PE,0.0,0.0,0.0,654.9,0.0,654.9,4325.85,350.05,0,0,0,0.0,0,F1,175,,,,,
2026-02-18,2026-02-18,FO,NSE,STO,136810,,LT,,2026-03-30,2026-03-30,3940.0,PE,LT26MAR3940PE,10.5,10.6,9.4,9.55,9.55,11.05,4325.85,11.75,700,350,16,11059798.75,16,F1,175,,,,,
2026-02-18,2026-02-18,FO,NSE,STO,131719,,LT,,2026-03-30,2026-03-30,4160.0,PE,LT26MAR4160PE,0.0,0.0,0.0,104.0,104.0,104.0,4325.85,50.15,175,0,0,0.0,0,F1,175,,,,,
2026-02-18,2026-02-18,FO,NSE,STO,137373,,LT,,2026-04-28,2026-04-28,4720.0,PE,LT26APR4720PE,0.0,0.0,0.0,872.55,0.0,872.55,4325.85,396.5,0,0,0,0.0,0,F1,175,,,,,
2026-02-18,2026-02-18,FO,NSE,STO,137118,,LT,,2026-04-28,2026-04-28,3280.0,PE,LT26APR3280PE,0.0,0.0,0.0,23.05,0.0,23.05,4325.85,0.15,0,0,0,0.0,0,F1,175,,,,,
2026-02-18,2026-02-18,FO,NSE,STO,131766,,LT,,2026-03-30,2026-03-30,4520.0,PE,LT26MAR4520PE,0.0,0.0,0.0,473.3,0.0,473.3,4325.85,228.3,0,0,0,0.0,0,F1,175,,,,,
2026-02-18,2026-02-18,FO,NSE,STO,136931,,LT,,2026-03-30,2026-03-30,4420.0,PE,LT26MAR4420PE,0.0,0.0,0.0,603.25,0.0,603.25,4325.85,163.05,0,0,0,0.0,0,F1,175,,,,,
2026-02-18,2026-02-18,FO,NSE,STO,131753,,LT,,2026-03-30,2026-03-30,4360.0,PE,LT26MAR4360PE,0.0,0.0,0.0,355.65,0.0,355.65,4325.85,129.55,0,0,0,0.0,0,F1,175,,,,,
2026-02-18,2026-02-18,FO,NSE,STO,131751,,LT,,2026-03-30,2026-03-30,4320.0,PE,LT26MAR4320PE,104.55,104.55,81.0,83.9,90.0,328.6,4325.85,83.9,3850,3850,27,20812408.75,17,F1,175,,,,,
2026-02-18,2026-02-18,FO,NSE,STO,136913,,LT,,2026-03-30,2026-03-30,4300.0,PE,LT26MAR4300PE,99.75,101.4,72.0,76.0,84.0,95.45,4325.85,76.0,82950,57925,815,625061806.25,539,F1,175,,,,,
2026-02-18,2026-02-18,FO,NSE,STO,131723,,LT,,2026-03-30,2026-03-30,4240.0,PE,LT26MAR4240PE,68.55,73.45,50.75,51.9,56.0,68.55,4325.85,51.9,7350,2275,56,42132387.5,53,F1,175,,,,,
2026-02-18,2026-02-18,FO,NSE,STO,131686,,LT,,2026-03-30,2026-03-30,3880.0,PE,LT26MAR3880PE,0.0,0.0,0.0,105.9,0.0,105.9,4325.85,7.25,0,0,0,0.0,0,F1,175,,,,,
2026-02-18,2026-02-18,FO,NSE,STO,136804,,LT,,2026-03-30,2026-03-30,3860.0,PE,LT26MAR3860PE,0.0,0.0,0.0,176.85,0.0,176.85,4325.85,6.1,0,0,0,0.0,0,F1,175,,,,,
2026-02-18,2026-02-18,FO,NSE,STO,136791,,LT,,2026-03-30,2026-03-30,3620.0,PE,LT26MAR3620PE,0.0,0.0,0.0,73.75,0.0,73.75,4325.85,0.5,0,0,0,0.0,0,F1,175,,,,,
2026-02-18,2026-02-18,FO,NSE,STO,114263,,LT,,2026-02-24,2026-02-24,4440.0,PE,LT26FEB4440PE,0.0,0.0,0.0,530.0,530.0,530.0,4325.85,122.7,0,0,0,0.0,0,F1,175,,,,,
2026-02-18,2026-02-18,FO,NSE,STO,131352,,LT,,2026-02-24,2026-02-24,4260.0,PE,LT26FEB4260PE,30.45,39.8,12.1,14.45,18.5,34.1,4325.85,14.45,196000,85750,5942,4454743326.25,5152,F1,175,,,,,
2026-02-18,2026-02-18,FO,NSE,STO,114247,,LT,,2026-02-24,2026-02-24,4160.0,PE,LT26FEB4160PE,5.55,7.75,1.7,2.35,2.95,7.6,4325.85,2.35,297850,-93625,2333,1700265927.5,1754,F1,175,,,,,
2026-02-18,2026-02-18,FO,NSE,STO,131346,,LT,,2026-02-24,2026-02-24,4140.0,PE,LT26FEB4140PE,4.1,5.5,1.15,1.45,1.8,5.55,4325.85,1.45,314300,-187950,3214,2330321918.75,2069,F1,175,,,,,
2026-02-18,2026-02-18,FO,NSE,STO,114129,,LT,,2026-02-24,2026-02-24,3920.0,PE,LT26FEB3920PE,1.15,1.15,0.4,0.45,0.45,1.2,4325.85,0.45,85925,175,99,67925480.0,52,F1,175,,,,,
2026-02-18,2026-02-18,FO,NSE,STO,131319,,LT,,2026-02-24,2026-02-24,3820.0,PE,LT26FEB3820PE,0.4,0.6,0.2,0.6,0.6,0.6,4325.85,0.05,30800,-175,7,4679911.25,7,F1,175,,,,,
2026-02-18,2026-02-18,FO,NSE,STO,137284,,LT,,2026-04-28,2026-04-28,4280.0,CE,LT26APR4280CE,0.0,0.0,0.0,58.1,0.0,58.1,4325.85,212.0,0,0,0,0.0,0,F1,175,,,,,
2026-02-18,2026-02-18,FO,NSE,STO,137174,,LT,,2026-04-28,2026-04-28,4080.0,CE,LT26APR4080CE,0.0,0.0,0.0,105.15,0.0,105.15,4325.85,342.95,0,0,0,0.0,0,F1,175,,,,,
2026-02-18,2026-02-18,FO,NSE,STO,131765,,LT,,2026-03-30,2026-03-30,4520.0,CE,LT26MAR4520CE,0.0,0.0,0.0,72.25,0.0,72.25,4325.85,61.3,0,0,0,0.0,0,F1,175,,,,,
2026-02-18,2026-02-18,FO,NSE,STO,131763,,LT,,2026-03-30,2026-03-30,4480.0,CE,LT26MAR4480CE,34.0,46.6,30.0,44.3,43.35,35.6,4325.85,44.3,36925,3500,325,256996792.5,266,F1,175,,,,,
2026-02-18,2026-02-18,FO,NSE,STO,131761,,LT,,2026-03-30,2026-03-30,4440.0,CE,LT26MAR4440CE,0.0,0.0,0.0,90.55,0.0,90.55,4325.85,87.75,0,0,0,0.0,0,F1,175,,,,,
2026-02-18,2026-02-18,FO,NSE,STO,136916,,LT,,2026-03-30,2026-03-30,4380.0,CE,LT26MAR4380CE,69.0,82.1,58.0,78.05,78.55,64.5,4325.85,78.05,6475,5250,53,41252225.0,53,F1,175,,,,,
2026-02-18,2026-02-18,FO,NSE,STO,136914,,LT,,2026-03-30,2026-03-30,4340.0,CE,LT26MAR4340CE,0.0,0.0,0.0,24.65,0.0,24.65,4325.85,131.3,0,0,0,0.0,0,F1,175,,,,,
2026-02-18,2026-02-18,FO,NSE,STO,131698,,LT,,2026-03-30,2026-03-30,4040.0,CE,LT26MAR4040CE,290.0,292.0,290.0,290.0,290.0,250.0,4325.85,334.25,1400,525,3,2273600.0,3,F1,175,,,,,
2026-02-18,2026-02-18,FO,NSE,STO,114288,,LT,,2026-02-24,2026-02-24,4640.0,CE,LT26FEB4640CE,0.9,1.0,0.4,0.9,0.75,0.85,4325.85,0.9,24150,-2800,118,95830227.5,62,F1,175,,,,,
2026-02-18,2026-02-18,FO,NSE,STO,131363,,LT,,2026-02-24,2026-02-24,4500.0,CE,LT26FEB4500CE,8.0,8.0,1.2,1.95,1.75,39.15,4325.85,1.95,113925,113925,1824,1436991526.25,1134,F1,175,,,,,
2026-02-18,2026-02-18,FO,NSE,STO,131361,,LT,,2026-02-24,2026-02-24,4460.0,CE,LT26FEB4460CE,2.3,4.15,2.0,3.55,2.9,45.85,4325.85,3.55,27825,27825,449,350677941.25,333,F1,175,,,,,
2026-02-18,2026-02-18,FO,NSE,STO,114226,,LT,,2026-02-24,2026-02-24,4120.0,CE,LT26FEB4120CE,147.15,199.75,141.1,188.25,178.8,154.85,4325.85,188.25,195125,-5425,122,91625537.5,73,F1,175,,,,,
2026-02-18,2026-02-18,FO,NSE,STO,131318,,LT,,2026-02-24,2026-02-24,3820.0,CE,LT26FEB3820CE,434.65,474.15,434.65,474.15,474.15,349.2,4325.85,509.3,40425,-175,10,7492135.0,10,F1,175,,,,,
2026-02-18,2026-02-18,FO,NSE,STO,136834,,LT,,2026-03-30,2026-03-30,4020.0,CE,LT26MAR4020CE,0.0,0.0,0.0,85.9,0.0,85.9,4325.85,351.1,0,0,0,0.0,0,F1,175,,,,,
2026-02-18,2026-02-18,FO,NSE,STO,131692,,LT,,2026-03-30,2026-03-30,3920.0,CE,LT26MAR3920CE,0.0,0.0,0.0,310.2,0.0,310.2,4325.85,439.45,0,0,0,0.0,0,F1,175,,,,,
2026-02-18,2026-02-18,FO,NSE,STO,131679,,LT,,2026-03-30,2026-03-30,3760.0,CE,LT26MAR3760CE,0.0,0.0,0.0,417.95,0.0,417.95,4325.85,590.85,0,0,0,0.0,0,F1,175,,,,,
2026-02-18,2026-02-18,FO,NSE,STO,114253,,LT,,2026-02-24,2026-02-24,4280.0,CE,LT26FEB4280CE,35.6,57.2,25.25,52.35,41.3,35.95,4325.85,52.35,117600,-71225,6553,4952409752.5,5831,F1,175,,,,,
2026-02-18,2026-02-18,FO,NSE,STO,114248,,LT,,2026-02-24,2026-02-24,4200.0,CE,LT26FEB4200CE,77.85,122.0,67.95,114.55,102.5,83.75,4325.85,114.55,771400,-25200,3092,2322878565.0,2327,F1,175,,,,,
2026-02-18,2026-02-18,FO,NSE,STO,131314,,LT,,2026-02-24,2026-02-24,3780.0,CE,LT26FEB3780CE,480.4,490.3,476.05,490.3,490.3,453.7,4325.85,549.25,42700,-525,4,2982840.0,4,F1,175,,,,,
2026-02-18,2026-02-18,FO,NSE,STO,131272,,LT,,2026-02-24,2026-02-24,3620.0,CE,LT26FEB3620CE,0.0,0.0,0.0,522.0,522.0,522.0,4325.85,709.1,525,0,0,0.0,0,F1,175,,,,,
2026-02-18,2026-02-18,FO,NSE,STO,114089,,LT,,2026-02-24,2026-02-24,3520.0,CE,LT26FEB3520CE,0.0,0.0,0.0,748.0,748.0,748.0,4325.85,809.05,11550,0,0,0.0,0,F1,175,,,,,
2026-02-18,2026-02-18,FO,NSE,STO,114081,,LT,,2026-02-24,2026-02-24,3360.0,CE,LT26FEB3360CE,0.0,0.0,0.0,704.8,0.0,704.8,4325.85,968.9,0,0,0,0.0,0,F1,175,,,,,
2026-02-18,2026-02-18,FO,NSE,STO,136918,,LT,,2026-03-30,2026-03-30,4380.0,PE,LT26MAR4380PE,0.0,0.0,0.0,567.05,0.0,567.05,4325.85,140.25,0,0,0,0.0,0,F1,175,,,,,
2026-02-18,2026-02-18,FO,NSE,STO,136915,,LT,,2026-03-30,2026-03-30,4340.0,PE,LT26MAR4340PE,101.2,101.2,101.2,101.2,101.2,130.0,4325.85,101.2,350,175,1,777210.0,1,F1,175,,,,,
2026-02-18,2026-02-18,FO,NSE,STO,131772,,LT,,2026-03-30,2026-03-30,4640.0,PE,LT26MAR4640PE,0.0,0.0,0.0,569.95,0.0,569.95,4325.85,320.0,0,0,0,0.0,0,F1,175,,,,,
2026-02-18,2026-02-18,FO,NSE,STO,114255,,LT,,2026-02-24,2026-02-24,4320.0,CE,LT26FEB4320CE,26.0,35.3,14.25,31.75,25.6,21.7,4325.85,31.75,202125,112000,11512,8754034248.75,9452,F1,175,,,,,
2026-02-18,2026-02-18,FO,NSE,STO,137158,,LT,,2026-04-28,2026-04-28,3760.0,PE,LT26APR3760PE,0.0,0.0,0.0,151.65,0.0,151.65,4325.85,9.4,0,0,0,0.0,0,F1,175,,,,,
2026-02-18,2026-02-18,FO,NSE,STO,137130,,LT,,2026-04-28,2026-04-28,3520.0,PE,LT26APR3520PE,0.0,0.0,0.0,67.3,0.0,67.3,4325.85,1.5,0,0,0,0.0,0,F1,175,,,,,
2026-02-18,2026-02-18,FO,NSE,STF,51966,,LT,,2026-03-30,2026-03-30,,,LT26MARFUT,4305.0,4350.0,4283.2,4340.7,4325.0,4302.1,4325.85,4340.7,2560600,760200,7054,5331840202.5,5742,F1,175,,,,,
2026-02-18,2026-02-18,FO,NSE,STO,41213,,LT,,2026-02-24,2026-02-24,3320.0,CE,LT26FEB3320CE,990.0,990.0,990.0,990.0,990.0,629.5,4325.85,1008.85,175,-175,2,1508500.0,1,F1,175,,,,,
2026-02-18,2026-02-18,FO,NSE,STO,131265,,LT,,2026-02-24,2026-02-24,3580.0,CE,LT26FEB3580CE,0.0,0.0,0.0,345.1,345.1,345.1,4325.85,749.1,350,0,0,0.0,0,F1,175,,,,,
2026-02-18,2026-02-18,FO,NSE,STO,131278,,LT,,2026-02-24,2026-02-24,3700.0,CE,LT26FEB3700CE,0.0,0.0,0.0,569.0,569.0,569.0,4325.85,629.2,42000,0,0,0.0,0,F1,175,,,,,
2026-02-18,2026-02-18,FO,NSE,STO,114132,,LT,,2026-02-24,2026-02-24,4000.0,CE,LT26FEB4000CE,266.85,317.75,257.05,311.7,303.0,271.75,4325.85,311.7,733250,-12075,214,160881201.25,129,F1,175,,,,,
2026-02-18,2026-02-18,FO,NSE,STO,131339,,LT,,2026-02-24,2026-02-24,4020.0,CE,LT26FEB4020CE,0.0,0.0,0.0,256.05,256.05,256.05,4325.85,309.65,127400,0,0,0.0,0,F1,175,,,,,
2026-02-18,2026-02-18,FO,NSE,STO,131355,,LT,,2026-02-24,2026-02-24,4340.0,CE,LT26FEB4340CE,17.1,27.0,10.65,24.5,18.7,16.25,4325.85,24.5,209650,174650,8235,6283555836.25,6798,F1,175,,,,,
2026-02-18,2026-02-18,FO,NSE,STO,114261,,LT,,2026-02-24,2026-02-24,4440.0,CE,LT26FEB4440CE,3.55,6.15,2.5,5.0,4.2,3.4,4325.85,5.0,61425,23450,1546,1202374477.5,1228,F1,175,,,,,
2026-02-18,2026-02-18,FO,NSE,STO,114264,,LT,,2026-02-24,2026-02-24,4480.0,CE,LT26FEB4480CE,3.35,3.35,1.05,2.35,2.0,1.6,4325.85,2.35,380450,31150,2156,1691025743.75,1481,F1,175,,,,,
2026-02-18,2026-02-18,FO,NSE,STO,131658,,LT,,2026-03-30,2026-03-30,3400.0,CE,LT26MAR3400CE,0.0,0.0,0.0,716.4,0.0,716.4,4325.85,946.3,0,0,0,0.0,0,F1,175,,,,,
2026-02-18,2026-02-18,FO,NSE,STO,131664,,LT,,2026-03-30,2026-03-30,3520.0,CE,LT26MAR3520CE,0.0,0.0,0.0,680.0,680.0,680.0,4325.85,827.15,175,0,0,0.0,0,F1,175,,,,,
2026-02-18,2026-02-18,FO,NSE,STO,131671,,LT,,2026-03-30,2026-03-30,3640.0,CE,LT26MAR3640CE,0.0,0.0,0.0,509.75,0.0,509.75,4325.85,708.4,0,0,0,0.0,0,F1,175,,,,,
2026-02-18,2026-02-18,FO,NSE,STO,136792,,LT,,2026-03-30,2026-03-30,3660.0,CE,LT26MAR3660CE,0.0,0.0,0.0,253.1,0.0,253.1,4325.85,688.65,0,0,0,0.0,0,F1,175,,,,,
2026-02-18,2026-02-18,FO,NSE,STO,136798,,LT,,2026-03-30,2026-03-30,3780.0,CE,LT26MAR3780CE,0.0,0.0,0.0,183.55,0.0,183.55,4325.85,571.5,0,0,0,0.0,0,F1,175,,,,,
2026-02-18,2026-02-18,FO,NSE,STO,131681,,LT,,2026-03-30,2026-03-30,3800.0,CE,LT26MAR3800CE,502.0,509.45,502.0,509.45,509.45,355.0,4325.85,552.25,1400,700,4,3014007.5,2,F1,175,,,,,
2026-02-18,2026-02-18,FO,NSE,STO,131683,,LT,,2026-03-30,2026-03-30,3840.0,CE,LT26MAR3840CE,0.0,0.0,0.0,361.7,0.0,361.7,4325.85,514.05,0,0,0,0.0,0,F1,175,,,,,
2026-02-18,2026-02-18,FO,NSE,STO,136904,,LT,,2026-03-30,2026-03-30,4140.0,CE,LT26MAR4140CE,0.0,0.0,0.0,104.45,104.45,104.45,4325.85,255.5,350,0,0,0.0,0,F1,175,,,,,
2026-02-18,2026-02-18,FO,NSE,STO,131718,,LT,,2026-03-30,2026-03-30,4160.0,CE,LT26MAR4160CE,0.0,0.0,0.0,184.7,0.0,184.7,4325.85,240.95,0,0,0,0.0,0,F1,175,,,,,
2026-02-18,2026-02-18,FO,NSE,STO,137117,,LT,,2026-04-28,2026-04-28,3280.0,CE,LT26APR3280CE,0.0,0.0,0.0,581.05,0.0,581.05,4325.85,1079.9,0,0,0,0.0,0,F1,175,,,,,
2026-02-18,2026-02-18,FO,NSE,STO,137157,,LT,,2026-04-28,2026-04-28,3760.0,CE,LT26APR3760CE,0.0,0.0,0.0,237.05,0.0,237.05,4325.85,614.15,0,0,0,0.0,0,F1,175,,,,,
2026-02-18,2026-02-18,FO,NSE,STO,131264,,LT,,2026-02-24,2026-02-24,3540.0,PE,LT26FEB3540PE,0.65,0.75,0.65,0.75,0.75,0.75,4325.85,0.05,18900,-175,4,2478490.0,4,F1,175,,,,,
2026-02-18,2026-02-18,FO,NSE,STO,131340,,LT,,2026-02-24,2026-02-24,4020.0,PE,LT26FEB4020PE,1.05,1.05,0.25,0.4,0.35,1.3,4325.85,0.4,114625,-7000,868,610723461.25,336,F1,175,,,,,
2026-02-18,2026-02-18,FO,NSE,STO,131354,,LT,,2026-02-24,2026-02-24,4300.0,PE,LT26FEB4300PE,50.0,66.0,25.9,30.2,37.95,57.65,4325.85,30.2,198100,103250,7550,5734766773.75,6274,F1,175,,,,,
2026-02-18,2026-02-18,FO,NSE,STO,114258,,LT,,2026-02-24,2026-02-24,4360.0,PE,LT26FEB4360PE,70.8,78.35,61.15,65.85,76.55,446.4,4325.85,65.85,30450,30450,394,305195852.5,386,F1,175,,,,,
2026-02-18,2026-02-18,FO,NSE,STO,131358,,LT,,2026-02-24,2026-02-24,4380.0,PE,LT26FEB4380PE,0.0,0.0,0.0,349.85,0.0,349.85,4325.85,78.0,0,0,0,0.0,0,F1,175,,,,,
2026-02-18,2026-02-18,FO,NSE,STO,131680,,LT,,2026-03-30,2026-03-30,3760.0,PE,LT26MAR3760PE,4.0,5.0,4.0,4.35,4.35,4.0,4325.85,4.35,21175,10150,80,52700453.75,70,F1,175,,,,,
2026-02-18,2026-02-18,FO,NSE,STO,136799,,LT,,2026-03-30,2026-03-30,3780.0,PE,LT26MAR3780PE,0.0,0.0,0.0,136.2,0.0,136.2,4325.85,2.95,0,0,0,0.0,0,F1,175,,,,,
2026-02-18,2026-02-18,FO,NSE,STO,131682,,LT,,2026-03-30,2026-03-30,3800.0,PE,LT26MAR3800PE,6.0,6.0,4.4,5.5,5.75,6.0,4325.85,5.5,9800,3850,35,23308433.75,31,F1,175,,,,,
2026-02-18,2026-02-18,FO,NSE,STO,136808,,LT,,2026-03-30,2026-03-30,3900.0,PE,LT26MAR3900PE,8.6,9.35,7.4,8.1,8.6,8.25,4325.85,8.1,53900,8750,163,111485955.0,99,F1,175,,,,,
2026-02-18,2026-02-18,FO,NSE,STO,131697,,LT,,2026-03-30,2026-03-30,4000.0,PE,LT26MAR4000PE,15.05,16.65,12.25,13.25,14.5,15.85,4325.85,13.25,156275,-37275,623,437640901.25,425,F1,175,,,,,
2026-02-18,2026-02-18,FO,NSE,STO,131701,,LT,,2026-03-30,2026-03-30,4080.0,PE,LT26MAR4080PE,0.0,0.0,0.0,189.3,0.0,189.3,4325.85,31.25,0,0,0,0.0,0,F1,175,,,,,
2026-02-18,2026-02-18,FO,NSE,STO,136909,,LT,,2026-03-30,2026-03-30,4220.0,PE,LT26MAR4220PE,60.95,60.95,44.95,46.8,50.0,61.3,4325.85,46.8,8050,3500,64,47845393.75,63,F1,175,,,,,
2026-02-18,2026-02-18,FO,NSE,STO,131736,,LT,,2026-03-30,2026-03-30,4280.0,PE,LT26MAR4280PE,0.0,0.0,0.0,302.55,0.0,302.55,4325.85,91.85,0,0,0,0.0,0,F1,175,,,,,
2026-02-18,2026-02-18,FO,NSE,STO,131764,,LT,,2026-03-30,2026-03-30,4480.0,PE,LT26MAR4480PE,0.0,0.0,0.0,442.7,0.0,442.7,4325.85,200.85,0,0,0,0.0,0,F1,175,,,,,
2026-02-18,2026-02-18,FO,NSE,STO,136937,,LT,,2026-03-30,2026-03-30,4500.0,PE,LT26MAR4500PE,205.0,205.0,205.0,205.0,205.0,677.1,4325.85,214.4,175,175,1,823375.0,1,F1,175,,,,,
2026-02-18,2026-02-18,FO,NSE,STO,137150,,LT,,2026-04-28,2026-04-28,3600.0,PE,LT26APR3600PE,0.0,0.0,0.0,36.0,36.0,36.0,4325.85,2.9,1575,0,0,0.0,0,F1,175,,,,,
2026-02-18,2026-02-18,FO,NSE,STO,137162,,LT,,2026-04-28,2026-04-28,3840.0,PE,LT26APR3840PE,0.0,0.0,0.0,70.0,70.0,70.0,4325.85,15.6,175,0,0,0.0,0,F1,175,,,,,
2026-02-18,2026-02-18,FO,NSE,STO,131276,,LT,,2026-02-24,2026-02-24,3660.0,CE,LT26FEB3660CE,0.0,0.0,0.0,220.25,220.25,220.25,4325.85,669.15,350,0,0,0.0,0,F1,175,,,,,
2026-02-18,2026-02-18,FO,NSE,STO,114112,,LT,,2026-02-24,2026-02-24,3680.0,CE,LT26FEB3680CE,0.0,0.0,0.0,192.05,192.05,192.05,4325.85,649.2,875,0,0,0.0,0,F1,175,,,,,
2026-02-18,2026-02-18,FO,NSE,STO,131769,,LT,,2026-03-30,2026-03-30,4600.0,CE,LT26MAR4600CE,19.6,23.4,13.75,21.6,20.4,17.75,4325.85,21.6,103075,60550,825,666749326.25,568,F1,175,,,,,
2026-02-18,2026-02-18,FO,NSE,STO,131884,,LT,,2026-03-30,2026-03-30,4760.0,CE,LT26MAR4760CE,0.0,0.0,0.0,34.85,0.0,34.85,4325.85,17.25,0,0,0,0.0,0,F1,175,,,,,
2026-02-18,2026-02-18,FO,NSE,STO,137125,,LT,,2026-04-28,2026-04-28,3440.0,CE,LT26APR3440CE,0.0,0.0,0.0,449.05,0.0,449.05,4325.85,922.15,0,0,0,0.0,0,F1,175,,,,,
2026-02-18,2026-02-18,FO,NSE,STO,137129,,LT,,2026-04-28,2026-04-28,3520.0,CE,LT26APR3520CE,0.0,0.0,0.0,389.0,0.0,389.0,4325.85,843.75,0,0,0,0.0,0,F1,175,,,,,
2026-02-18,2026-02-18,FO,NSE,STO,137131,,LT,,2026-04-28,2026-04-28,3560.0,CE,LT26APR3560CE,0.0,0.0,0.0,360.6,0.0,360.6,4325.85,804.75,0,0,0,0.0,0,F1,175,,,,,
2026-02-18,2026-02-18,FO,NSE,STO,137159,,LT,,2026-04-28,2026-04-28,3800.0,CE,LT26APR3800CE,0.0,0.0,0.0,216.2,0.0,216.2,4325.85,577.35,0,0,0,0.0,0,F1,175,,,,,
2026-02-18,2026-02-18,FO,NSE,STO,137161,,LT,,2026-04-28,2026-04-28,3840.0,CE,LT26APR3840CE,0.0,0.0,0.0,196.65,0.0,196.65,4325.85,541.15,0,0,0,0.0,0,F1,175,,,,,
2026-02-18,2026-02-18,FO,NSE,STO,137372,,LT,,2026-04-28,2026-04-28,4720.0,CE,LT26APR4720CE,0.0,0.0,0.0,12.65,0.0,12.65,4325.85,51.15,0,0,0,0.0,0,F1,175,,,,,
2026-02-18,2026-02-18,FO,NSE,STO,41214,,LT,,2026-02-24,2026-02-24,3320.0,PE,LT26FEB3320PE,0.3,0.3,0.2,0.2,0.2,0.1,4325.85,0.05,29050,-700,4,2324192.5,2,F1,175,,,,,
2026-02-18,2026-02-18,FO,NSE,STO,114086,,LT,,2026-02-24,2026-02-24,3440.0,PE,LT26FEB3440PE,0.2,0.2,0.05,0.15,0.15,0.3,4325.85,0.15,82600,-1225,12,7224262.5,7,F1,175,,,,,
2026-02-18,2026-02-18,FO,NSE,STO,114097,,LT,,2026-02-24,2026-02-24,3600.0,PE,LT26FEB3600PE,0.3,0.45,0.25,0.3,0.35,0.4,4325.85,0.3,202125,7000,60,37804270.0,46,F1,175,,,,,
2026-02-18,2026-02-18,FO,NSE,STO,114104,,LT,,2026-02-24,2026-02-24,3640.0,PE,LT26FEB3640PE,0.15,0.2,0.15,0.15,0.15,0.2,4325.85,0.15,8225,-1050,7,4459192.5,7,F1,175,,,,,
2026-02-18,2026-02-18,FO,NSE,STO,114117,,LT,,2026-02-24,2026-02-24,3720.0,PE,LT26FEB3720PE,0.15,0.25,0.15,0.25,0.25,0.3,4325.85,0.05,8750,-2275,14,9114551.25,12,F1,175,,,,,
2026-02-18,2026-02-18,FO,NSE,STO,114119,,LT,,2026-02-24,2026-02-24,3760.0,PE,LT26FEB3760PE,0.25,0.35,0.1,0.1,0.1,0.35,4325.85,0.05,63350,-350,82,53958345.0,29,F1,175,,,,,
2026-02-18,2026-02-18,FO,NSE,STO,131328,,LT,,2026-02-24,2026-02-24,3860.0,PE,LT26FEB3860PE,0.2,0.2,0.2,0.2,0.2,0.8,4325.85,0.2,33075,0,1,675535.0,1,F1,175,,,,,
2026-02-18,2026-02-18,FO,NSE,STO,114135,,LT,,2026-02-24,2026-02-24,4040.0,PE,LT26FEB4040PE,1.4,1.7,0.2,0.65,0.6,1.45,4325.85,0.65,124075,-29575,784,554363197.5,326,F1,175,,,,,
2026-02-18,2026-02-18,FO,NSE,STO,131342,,LT,,2026-02-24,2026-02-24,4060.0,PE,LT26FEB4060PE,1.65,1.65,0.25,0.5,0.45,1.7,4325.85,0.5,222075,-8050,980,696436536.25,611,F1,175,,,,,
2026-02-18,2026-02-18,FO,NSE,STO,131362,,LT,,2026-02-24,2026-02-24,4460.0,PE,LT26FEB4460PE,0.0,0.0,0.0,412.65,0.0,412.65,4325.85,139.45,0,0,0,0.0,0,F1,175,,,,,
2026-02-18,2026-02-18,FO,NSE,STO,131364,,LT,,2026-02-24,2026-02-24,4500.0,PE,LT26FEB4500PE,0.0,0.0,0.0,445.6,0.0,445.6,4325.85,174.95,0,0,0,0.0,0,F1,175,,,,,
2026-02-18,2026-02-18,FO,NSE,STO,131661,,LT,,2026-03-30,2026-03-30,3440.0,PE,LT26MAR3440PE,0.0,0.0,0.0,17.35,0.0,17.35,4325.85,0.05,0,0,0,0.0,0,F1,175,,,,,
2026-02-18,2026-02-18,FO,NSE,STO,136793,,LT,,2026-03-30,2026-03-30,3660.0,PE,LT26MAR3660PE,2.85,2.85,2.85,2.85,2.85,87.05,4325.85,0.85,350,350,2,1281997.5,1,F1,175,,,,,
2026-02-18,2026-02-18,FO,NSE,STO,131693,,LT,,2026-03-30,2026-03-30,3920.0,PE,LT26MAR3920PE,0.0,0.0,0.0,120.2,0.0,120.2,4325.85,10.05,0,0,0,0.0,0,F1,175,,,,,
2026-02-18,2026-02-18,FO,NSE,STO,136837,,LT,,2026-03-30,2026-03-30,4060.0,PE,LT26MAR4060PE,0.0,0.0,0.0,304.3,0.0,304.3,4325.85,27.5,0,0,0,0.0,0,F1,175,,,,,
2026-02-18,2026-02-18,FO,NSE,STO,131755,,LT,,2026-03-30,2026-03-30,4400.0,PE,LT26MAR4400PE,153.7,163.25,122.5,126.35,136.45,153.7,4325.85,126.35,20125,18550,172,136486647.5,148,F1,175,,,,,
2026-02-18,2026-02-18,FO,NSE,STO,137361,,LT,,2026-04-28,2026-04-28,4400.0,PE,LT26APR4400PE,0.0,0.0,0.0,584.25,0.0,584.25,4325.85,180.0,0,0,0,0.0,0,F1,175,,,,,
2026-02-18,2026-02-18,FO,NSE,STO,137363,,LT,,2026-04-28,2026-04-28,4440.0,PE,LT26APR4440PE,0.0,0.0,0.0,618.7,0.0,618.7,4325.85,202.35,0,0,0,0.0,0,F1,175,,,,,
2026-02-18,2026-02-18,FO,NSE,STO,137369,,LT,,2026-04-28,2026-04-28,4560.0,PE,LT26APR4560PE,0.0,0.0,0.0,725.1,0.0,725.1,4325.85,278.0,0,0,0,0.0,0,F1,175,,,,,
2026-02-18,2026-02-18,FO,NSE,STO,114294,,LT,,2026-02-24,2026-02-24,4720.0,CE,LT26FEB4720CE,0.0,0.0,0.0,37.3,0.0,37.3,4325.85,0.05,0,0,0,0.0,0,F1,175,,,,,
2026-02-18,2026-02-18,FO,NSE,STO,114118,,LT,,2026-02-24,2026-02-24,3760.0,CE,LT26FEB3760CE,0.0,0.0,0.0,407.1,407.1,407.1,4325.85,569.25,38325,0,0,0.0,0,F1,175,,,,,
2026-02-18,2026-02-18,FO,NSE,STO,131353,,LT,,2026-02-24,2026-02-24,4300.0,CE,LT26FEB4300CE,29.95,45.0,19.0,40.0,32.95,28.15,4325.85,40.0,393400,-44800,23869,18092747706.25,18717,F1,175,,,,,
2026-02-18,2026-02-18,FO,NSE,STO,114259,,LT,,2026-02-24,2026-02-24,4400.0,CE,LT26FEB4400CE,7.55,12.0,4.7,10.4,8.6,7.5,4325.85,10.4,487025,-69300,9099,7019446341.25,6425,F1,175,,,,,
2026-02-18,2026-02-18,FO,NSE,STO,131722,,LT,,2026-03-30,2026-03-30,4240.0,CE,LT26MAR4240CE,0.0,0.0,0.0,152.4,0.0,152.4,4325.85,187.35,0,0,0,0.0,0,F1,175,,,,,
2026-02-18,2026-02-18,FO,NSE,STO,131277,,LT,,2026-02-24,2026-02-24,3660.0,PE,LT26FEB3660PE,0.25,0.25,0.1,0.15,0.15,0.15,4325.85,0.15,13125,-1575,12,7686376.25,12,F1,175,,,,,
2026-02-18,2026-02-18,FO,NSE,STO,114093,,LT,,2026-02-24,2026-02-24,3520.0,PE,LT26FEB3520PE,0.0,0.0,0.0,0.5,0.5,0.5,4325.85,0.05,134750,0,0,0.0,0,F1,175,,,,,
2026-02-18,2026-02-18,FO,NSE,STO,114088,,LT,,2026-02-24,2026-02-24,3480.0,PE,LT26FEB3480PE,0.35,0.35,0.2,0.2,0.2,0.3,4325.85,0.05,4200,175,2,1218096.25,2,F1,175,,,,,
2026-02-18,2026-02-18,FO,NSE,STO,137347,,LT,,2026-04-28,2026-04-28,4320.0,CE,LT26APR4320CE,0.0,0.0,0.0,51.2,0.0,51.2,4325.85,190.25,0,0,0,0.0,0,F1,175,,,,,
2026-02-18,2026-02-18,FO,NSE,STO,137153,,LT,,2026-04-28,2026-04-28,3680.0,CE,LT26APR3680CE,0.0,0.0,0.0,282.6,0.0,282.6,4325.85,689.3,0,0,0,0.0,0,F1,175,,,,,
2026-02-18,2026-02-18,FO,NSE,STO,137149,,LT,,2026-04-28,2026-04-28,3600.0,CE,LT26APR3600CE,0.0,0.0,0.0,333.25,0.0,333.25,4325.85,766.0,0,0,0,0.0,0,F1,175,,,,,
2026-02-18,2026-02-18,FO,NSE,STO,114284,,LT,,2026-02-24,2026-02-24,4560.0,CE,LT26FEB4560CE,1.25,1.25,1.25,1.25,1.25,59.85,4325.85,1.25,350,350,2,1596437.5,1,F1,175,,,,,
2026-02-18,2026-02-18,FO,NSE,STO,114130,,LT,,2026-02-24,2026-02-24,3960.0,CE,LT26FEB3960CE,301.9,353.85,297.7,351.95,353.85,314.6,4325.85,351.95,112525,-1050,13,9744892.5,13,F1,175,,,,,
2026-02-18,2026-02-18,FO,NSE,STO,131329,,LT,,2026-02-24,2026-02-24,3900.0,CE,LT26FEB3900CE,359.1,418.95,357.95,414.85,418.95,374.9,4325.85,414.85,255850,-5075,38,28531851.25,32,F1,175,,,,,
2026-02-18,2026-02-18,FO,NSE,STO,131310,,LT,,2026-02-24,2026-02-24,3740.0,CE,LT26FEB3740CE,0.0,0.0,0.0,451.9,451.9,451.9,4325.85,589.25,9100,0,0,0.0,0,F1,175,,,,,
2026-02-18,2026-02-18,FO,NSE,STO,114116,,LT,,2026-02-24,2026-02-24,3720.0,CE,LT26FEB3720CE,550.0,555.5,550.0,555.5,555.5,486.95,4325.85,609.2,12250,-350,3,2243675.0,2,F1,175,,,,,
2026-02-18,2026-02-18,FO,NSE,STO,114083,,LT,,2026-02-24,2026-02-24,3400.0,CE,LT26FEB3400CE,0.0,0.0,0.0,375.0,375.0,375.0,4325.85,928.9,175,0,0,0.0,0,F1,175,,,,,
2026-02-18,2026-02-18,FO,NSE,STO,114260,,LT,,2026-02-24,2026-02-24,4400.0,PE,LT26FEB4400PE,136.95,151.2,91.3,99.45,110.0,134.5,4325.85,99.45,69475,2450,396,312986126.25,342,F1,175,,,,,
2026-02-18,2026-02-18,FO,NSE,STO,114285,,LT,,2026-02-24,2026-02-24,4560.0,PE,LT26FEB4560PE,0.0,0.0,0.0,554.45,0.0,554.45,4325.85,231.65,0,0,0,0.0,0,F1,175,,,,,
2026-02-18,2026-02-18,FO,NSE,STO,37098,,LT,,2026-02-24,2026-02-24,4760.0,PE,LT26FEB4760PE,0.0,0.0,0.0,668.7,0.0,668.7,4325.85,429.85,0,0,0,0.0,0,F1,175,,,,,
2026-02-18,2026-02-18,FO,NSE,STO,45148,,LT,,2026-03-30,2026-03-30,3320.0,PE,LT26MAR3320PE,0.0,0.0,0.0,7.9,0.0,7.9,4325.85,0.05,0,0,0,0.0,0,F1,175,,,,,
2026-02-18,2026-02-18,FO,NSE,STO,131667,,LT,,2026-03-30,2026-03-30,3560.0,PE,LT26MAR3560PE,0.0,0.0,0.0,31.0,0.0,31.0,4325.85,0.25,0,0,0,0.0,0,F1,175,,,,,
2026-02-18,2026-02-18,FO,NSE,STO,131669,,LT,,2026-03-30,2026-03-30,3600.0,PE,LT26MAR3600PE,2.25,2.45,2.25,2.25,2.25,2.7,4325.85,2.25,11550,3150,20,12607962.5,17,F1,175,,,,,
2026-02-18,2026-02-18,FO,NSE,STO,136795,,LT,,2026-03-30,2026-03-30,3700.0,PE,LT26MAR3700PE,3.0,5.2,2.95,4.65,4.65,3.95,4325.85,1.3,18725,7875,62,40190605.0,25,F1,175,,,,,
2026-02-18,2026-02-18,FO,NSE,STO,114133,,LT,,2026-02-24,2026-02-24,4000.0,PE,LT26FEB4000PE,1.0,1.25,0.2,0.3,0.4,1.25,4325.85,0.3,842275,-36925,3048,2133900090.0,987,F1,175,,,,,
2026-02-18,2026-02-18,FO,NSE,STO,131678,,LT,,2026-03-30,2026-03-30,3720.0,PE,LT26MAR3720PE,0.0,0.0,0.0,60.4,0.0,60.4,4325.85,1.6,0,0,0,0.0,0,F1,175,,,,,
2026-02-18,2026-02-18,FO,NSE,STO,136911,,LT,,2026-03-30,2026-03-30,4260.0,PE,LT26MAR4260PE,76.1,77.0,57.7,60.45,66.0,80.35,4325.85,60.45,7525,5600,99,74971697.5,78,F1,175,,,,,
2026-02-18,2026-02-18,FO,NSE,STO,131885,,LT,,2026-03-30,2026-03-30,4760.0,PE,LT26MAR4760PE,0.0,0.0,0.0,672.35,0.0,672.35,4325.85,422.8,0,0,0,0.0,0,F1,175,,,,,
2026-02-18,2026-02-18,FO,NSE,STO,137170,,LT,,2026-04-28,2026-04-28,4000.0,PE,LT26APR4000PE,0.0,0.0,0.0,45.1,45.1,45.1,4325.85,37.6,525,0,0,0.0,0,F1,175,,,,,
2026-02-18,2026-02-18,FO,NSE,STO,137371,,LT,,2026-04-28,2026-04-28,4640.0,PE,LT26APR4640PE,0.0,0.0,0.0,798.2,0.0,798.2,4325.85,335.0,0,0,0,0.0,0,F1,175,,,,,
2026-02-18,2026-02-18,FO,NSE,STO,114243,,LT,,2026-02-24,2026-02-24,4120.0,PE,LT26FEB4120PE,3.45,3.7,0.8,1.25,1.4,3.8,4325.85,1.25,169750,-77700,1913,1379952752.5,1253,F1,175,,,,,
2026-02-18,2026-02-18,FO,NSE,STO,131338,,LT,,2026-02-24,2026-02-24,3980.0,PE,LT26FEB3980PE,0.9,0.9,0.25,0.4,0.25,1.35,4325.85,0.4,103250,-17325,300,208983608.75,236,F1,175,,,,,
2026-02-18,2026-02-18,FO,NSE,STO,131775,,LT,,2026-03-30,2026-03-30,4720.0,CE,LT26MAR4720CE,0.0,0.0,0.0,39.55,0.0,39.55,4325.85,21.75,0,0,0,0.0,0,F1,175,,,,,
2026-02-18,2026-02-18,FO,NSE,STO,137121,,LT,,2026-04-28,2026-04-28,3360.0,CE,LT26APR3360CE,0.0,0.0,0.0,513.25,0.0,513.25,4325.85,1000.9,0,0,0,0.0,0,F1,175,,,,,
2026-02-18,2026-02-18,FO,NSE,STO,137177,,LT,,2026-04-28,2026-04-28,4120.0,CE,LT26APR4120CE,0.0,0.0,0.0,93.85,0.0,93.85,4325.85,313.95,0,0,0,0.0,0,F1,175,,,,,
2026-02-18,2026-02-18,FO,NSE,STO,137368,,LT,,2026-04-28,2026-04-28,4560.0,CE,LT26APR4560CE,0.0,0.0,0.0,22.75,0.0,22.75,4325.85,91.05,0,0,0,0.0,0,F1,175,,,,,
2026-02-18,2026-02-18,FO,NSE,STO,114082,,LT,,2026-02-24,2026-02-24,3360.0,PE,LT26FEB3360PE,0.0,0.0,0.0,0.25,0.25,0.25,4325.85,0.05,9800,0,0,0.0,0,F1,175,,,,,
2026-02-18,2026-02-18,FO,NSE,STO,114095,,LT,,2026-02-24,2026-02-24,3560.0,PE,LT26FEB3560PE,0.0,0.0,0.0,5.05,5.05,5.05,4325.85,0.05,350,0,0,0.0,0,F1,175,,,,,
2026-02-18,2026-02-18,FO,NSE,STO,114113,,LT,,2026-02-24,2026-02-24,3680.0,PE,LT26FEB3680PE,0.0,0.0,0.0,0.15,0.15,0.15,4325.85,0.05,5600,0,0,0.0,0,F1,175,,,,,
2026-02-18,2026-02-18,FO,NSE,STO,114287,,LT,,2026-02-24,2026-02-24,4600.0,PE,LT26FEB4600PE,0.0,0.0,0.0,587.35,0.0,587.35,4325.85,270.7,0,0,0,0.0,0,F1,175,,,,,
2026-02-18,2026-02-18,FO,NSE,STO,131676,,LT,,2026-03-30,2026-03-30,3680.0,PE,LT26MAR3680PE,2.8,2.8,2.8,2.8,2.8,51.65,4325.85,1.05,350,350,2,1288980.0,1,F1,175,,,,,
2026-02-18,2026-02-18,FO,NSE,STO,136797,,LT,,2026-03-30,2026-03-30,3740.0,PE,LT26MAR3740PE,0.0,0.0,0.0,118.25,0.0,118.25,4325.85,1.95,0,0,0,0.0,0,F1,175,,,,,
2026-02-18,2026-02-18,FO,NSE,STO,136903,,LT,,2026-03-30,2026-03-30,4100.0,PE,LT26MAR4100PE,29.6,30.3,21.75,24.05,26.0,29.6,4325.85,24.05,216475,25200,799,576850303.75,533,F1,175,,,,,
2026-02-18,2026-02-18,FO,NSE,STO,136905,,LT,,2026-03-30,2026-03-30,4140.0,PE,LT26MAR4140PE,0.0,0.0,0.0,80.0,80.0,80.0,4325.85,44.8,1050,0,0,0.0,0,F1,175,,,,,
2026-02-18,2026-02-18,FO,NSE,STO,131721,,LT,,2026-03-30,2026-03-30,4200.0,PE,LT26MAR4200PE,52.05,57.8,39.7,42.95,46.9,54.65,4325.85,42.95,112175,18375,631,469034510.0,432,F1,175,,,,,
2026-02-18,2026-02-18,FO,NSE,STO,131770,,LT,,2026-03-30,2026-03-30,4600.0,PE,LT26MAR4600PE,279.0,279.0,279.0,279.0,279.0,537.05,4325.85,288.0,175,175,1,853825.0,1,F1,175,,,,,
2026-02-18,2026-02-18,FO,NSE,STO,137122,,LT,,2026-04-28,2026-04-28,3360.0,PE,LT26APR3360PE,0.0,0.0,0.0,34.0,0.0,34.0,4325.85,0.3,0,0,0,0.0,0,F1,175,,,,,
2026-02-18,2026-02-18,FO,NSE,STO,137168,,LT,,2026-04-28,2026-04-28,3960.0,PE,LT26APR3960PE,0.0,0.0,0.0,257.15,0.0,257.15,4325.85,30.65,0,0,0,0.0,0,F1,175,,,,,
2026-02-18,2026-02-18,FO,NSE,STO,137359,,LT,,2026-04-28,2026-04-28,4360.0,PE,LT26APR4360PE,0.0,0.0,0.0,550.4,0.0,550.4,4325.85,159.1,0,0,0,0.0,0,F1,175,,,,,
2026-02-18,2026-02-18,FO,NSE,STO,136809,,LT,,2026-03-30,2026-03-30,3940.0,CE,LT26MAR3940CE,0.0,0.0,0.0,295.0,295.0,295.0,4325.85,421.3,175,0,0,0.0,0,F1,175,,,,,
2026-02-18,2026-02-18,FO,NSE,STO,136794,,LT,,2026-03-30,2026-03-30,3700.0,CE,LT26MAR3700CE,0.0,0.0,0.0,228.35,0.0,228.35,4325.85,649.35,0,0,0,0.0,0,F1,175,,,,,
2026-02-18,2026-02-18,FO,NSE,STO,131675,,LT,,2026-03-30,2026-03-30,3680.0,CE,LT26MAR3680CE,0.0,0.0,0.0,478.15,0.0,478.15,4325.85,669.0,0,0,0,0.0,0,F1,175,,,,,
2026-02-18,2026-02-18,FO,NSE,STO,114279,,LT,,2026-02-24,2026-02-24,4520.0,CE,LT26FEB4520CE,1.5,2.2,0.9,1.4,1.35,1.55,4325.85,1.4,21000,1050,239,189111326.25,184,F1,175,,,,,
2026-02-18,2026-02-18,FO,NSE,STO,131335,,LT,,2026-02-24,2026-02-24,3940.0,CE,LT26FEB3940CE,324.0,366.7,314.0,355.0,355.0,329.8,4325.85,355.0,211050,-8400,73,54598985.0,72,F1,175,,,,,
2026-02-18,2026-02-18,FO,NSE,STO,114126,,LT,,2026-02-24,2026-02-24,3920.0,CE,LT26FEB3920CE,0.0,0.0,0.0,246.6,246.6,246.6,4325.85,409.4,58800,0,0,0.0,0,F1,175,,,,,
2026-02-18,2026-02-18,FO,NSE,STO,114124,,LT,,2026-02-24,2026-02-24,3880.0,CE,LT26FEB3880CE,0.0,0.0,0.0,390.35,390.35,390.35,4325.85,449.35,18025,0,0,0.0,0,F1,175,,,,,
2026-02-18,2026-02-18,FO,NSE,STO,114098,,LT,,2026-02-24,2026-02-24,3640.0,CE,LT26FEB3640CE,649.5,650.45,643.55,643.55,643.55,491.4,4325.85,689.15,22750,-2450,27,20259548.75,25,F1,175,,,,,
2026-02-18,2026-02-18,FO,NSE,STO,131720,,LT,,2026-03-30,2026-03-30,4200.0,CE,LT26MAR4200CE,159.0,189.15,141.0,184.55,185.15,155.75,4325.85,184.55,67200,350,486,371178272.5,365,F1,175,,,,,
2026-02-18,2026-02-18,FO,NSE,STO,131750,,LT,,2026-03-30,2026-03-30,4320.0,CE,LT26MAR4320CE,88.75,111.5,88.75,108.4,104.95,88.75,4325.85,108.4,7000,6825,58,44916672.5,55,F1,175,,,,,
2026-02-18,2026-02-18,FO,NSE,STO,136936,,LT,,2026-03-30,2026-03-30,4500.0,CE,LT26MAR4500CE,37.25,41.85,30.25,39.65,36.15,11.95,4325.85,39.65,29575,29575,550,436495307.5,422,F1,175,,,,,
2026-02-18,2026-02-18,FO,NSE,STO,137154,,LT,,2026-04-28,2026-04-28,3680.0,PE,LT26APR3680PE,0.0,0.0,0.0,118.4,0.0,118.4,4325.85,5.35,0,0,0,0.0,0,F1,175,,,,,
2026-02-18,2026-02-18,FO,NSE,STO,137126,,LT,,2026-04-28,2026-04-28,3440.0,PE,LT26APR3440PE,0.0,0.0,0.0,48.55,0.0,48.55,4325.85,0.7,0,0,0,0.0,0,F1,175,,,,,
2026-02-18,2026-02-18,FO,NSE,STO,136907,,LT,,2026-03-30,2026-03-30,4180.0,PE,LT26MAR4180PE,0.0,0.0,0.0,396.05,0.0,396.05,4325.85,55.9,0,0,0,0.0,0,F1,175,,,,,
2026-02-18,2026-02-18,FO,NSE,STO,136835,,LT,,2026-03-30,2026-03-30,4020.0,PE,LT26MAR4020PE,0.0,0.0,0.0,276.05,0.0,276.05,4325.85,21.1,0,0,0,0.0,0,F1,175,,,,,
2026-02-18,2026-02-18,FO,NSE,STO,136789,,LT,,2026-03-30,2026-03-30,3580.0,PE,LT26MAR3580PE,0.0,0.0,0.0,62.05,0.0,62.05,4325.85,0.3,0,0,0,0.0,0,F1,175,,,,,
2026-02-18,2026-02-18,FO,NSE,STO,131665,,LT,,2026-03-30,2026-03-30,3520.0,PE,LT26MAR3520PE,2.0,2.0,1.9,1.9,1.9,2.5,4325.85,0.15,5600,1750,16,9861556.25,7,F1,175,,,,,
2026-02-18,2026-02-18,FO,NSE,STO,114266,,LT,,2026-02-24,2026-02-24,4480.0,PE,LT26FEB4480PE,0.0,0.0,0.0,490.75,0.0,490.75,4325.85,156.9,0,0,0,0.0,0,F1,175,,,,,
2026-02-18,2026-02-18,FO,NSE,STO,131336,,LT,,2026-02-24,2026-02-24,3940.0,PE,LT26FEB3940PE,0.9,1.0,0.35,0.4,0.45,1.3,4325.85,0.4,124250,-5425,133,91721350.0,99,F1,175,,,,,
2026-02-18,2026-02-18,FO,NSE,STO,131334,,LT,,2026-02-24,2026-02-24,3900.0,PE,LT26FEB3900PE,1.0,1.0,0.3,0.4,0.5,1.05,4325.85,0.4,702100,3675,1014,692168050.0,444,F1,175,,,,,
2026-02-18,2026-02-18,FO,NSE,STO,131315,,LT,,2026-02-24,2026-02-24,3780.0,PE,LT26FEB3780PE,0.4,0.4,0.15,0.25,0.2,0.5,4325.85,0.25,54425,6125,49,32416676.25,48,F1,175,,,,,
2026-02-18,2026-02-18,FO,NSE,STO,131309,,LT,,2026-02-24,2026-02-24,3700.0,PE,LT26FEB3700PE,0.2,0.2,0.15,0.2,0.2,0.25,4325.85,0.2,166425,-6475,64,41442205.0,36,F1,175,,,,,
2026-02-18,2026-02-18,FO,NSE,STO,114084,,LT,,2026-02-24,2026-02-24,3400.0,PE,LT26FEB3400PE,0.0,0.0,0.0,0.35,0.3,0.35,4325.85,0.05,119175,0,0,0.0,0,F1,175,,,,,
2026-02-18,2026-02-18,FO,NSE,STO,137259,,LT,,2026-04-28,2026-04-28,4160.0,CE,LT26APR4160CE,0.0,0.0,0.0,83.7,0.0,83.7,4325.85,286.3,0,0,0,0.0,0,F1,175,,,,,
2026-02-18,2026-02-18,FO,NSE,STO,137169,,LT,,2026-04-28,2026-04-28,4000.0,CE,LT26APR4000CE,0.0,0.0,0.0,130.95,0.0,130.95,4325.85,404.8,0,0,0,0.0,0,F1,175,,,,,
2026-02-18,2026-02-18,FO,NSE,STO,137163,,LT,,2026-04-28,2026-04-28,3880.0,CE,LT26APR3880CE,0.0,0.0,0.0,178.4,0.0,178.4,4325.85,505.75,0,0,0,0.0,0,F1,175,,,,,
2026-02-18,2026-02-18,FO,NSE,STO,137151,,LT,,2026-04-28,2026-04-28,3640.0,CE,LT26APR3640CE,0.0,0.0,0.0,307.3,0.0,307.3,4325.85,727.5,0,0,0,0.0,0,F1,175,,,,,
2026-02-18,2026-02-18,FO,NSE,STO,131767,,LT,,2026-03-30,2026-03-30,4560.0,CE,LT26MAR4560CE,0.0,0.0,0.0,64.3,0.0,64.3,4325.85,50.65,0,0,0,0.0,0,F1,175,,,,,
2026-02-18,2026-02-18,FO,NSE,STO,131716,,LT,,2026-03-30,2026-03-30,4120.0,CE,LT26MAR4120CE,0.0,0.0,0.0,202.6,0.0,202.6,4325.85,270.5,0,0,0,0.0,0,F1,175,,,,,
2026-02-18,2026-02-18,FO,NSE,STO,131696,,LT,,2026-03-30,2026-03-30,4000.0,CE,LT26MAR4000CE,312.0,364.75,312.0,353.9,350.0,312.0,4325.85,353.9,22575,875,25,18971645.0,23,F1,175,,,,,
2026-02-18,2026-02-18,FO,NSE,STO,136800,,LT,,2026-03-30,2026-03-30,3820.0,CE,LT26MAR3820CE,0.0,0.0,0.0,163.5,0.0,163.5,4325.85,533.1,0,0,0,0.0,0,F1,175,,,,,
2026-02-18,2026-02-18,FO,NSE,STF,66886,,LT,,2026-04-28,2026-04-28,,,LT26APRFUT,4331.8,4376.2,4311.4,4368.8,4355.0,4326.9,4325.85,4368.8,88375,1750,179,136400180.0,166,F1,175,,,,,
2026-02-18,2026-02-18,FO,NSE,STF,59403,,LT,,2026-02-24,2026-02-24,,,LT26FEBFUT,4274.3,4322.2,4255.0,4313.5,4299.1,4273.4,4325.85,4313.5,12168625,-852075,15295,11488854580.0,12919,F1,175,,,,,
2026-02-18,2026-02-18,FO,NSE,STO,137283,,LT,,2026-04-28,2026-04-28,4240.0,PE,LT26APR4240PE,0.0,0.0,0.0,453.0,0.0,453.0,4325.85,105.55,0,0,0,0.0,0,F1,175,,,,,
2026-02-18,2026-02-18,FO,NSE,STO,137365,,LT,,2026-04-28,2026-04-28,4480.0,PE,LT26APR4480PE,0.0,0.0,0.0,653.7,0.0,653.7,4325.85,226.2,0,0,0,0.0,0,F1,175,,,,,
2026-02-18,2026-02-18,FO,NSE,STO,137346,,LT,,2026-04-28,2026-04-28,4280.0,PE,LT26APR4280PE,0.0,0.0,0.0,484.75,0.0,484.75,4325.85,121.9,0,0,0,0.0,0,F1,175,,,,,
2026-02-18,2026-02-18,FO,NSE,STO,137164,,LT,,2026-04-28,2026-04-28,3880.0,PE,LT26APR3880PE,0.0,0.0,0.0,211.15,0.0,211.15,4325.85,19.75,0,0,0,0.0,0,F1,175,,,,,
2026-02-18,2026-02-18,FO,NSE,STO,137152,,LT,,2026-04-28,2026-04-28,3640.0,PE,LT26APR3640PE,0.0,0.0,0.0,103.75,0.0,103.75,4325.85,4.0,0,0,0,0.0,0,F1,175,,,,,
2026-02-18,2026-02-18,FO,NSE,STO,131771,,LT,,2026-03-30,2026-03-30,4640.0,CE,LT26MAR4640CE,15.6,18.05,11.1,17.35,17.0,14.95,4325.85,17.35,7700,5250,62,50507362.5,54,F1,175,,,,,
2026-02-18,2026-02-18,FO,NSE,STO,131694,,LT,,2026-03-30,2026-03-30,3960.0,CE,LT26MAR3960CE,0.0,0.0,0.0,286.25,0.0,286.25,4325.85,403.35,0,0,0,0.0,0,F1,175,,,,,
2026-02-18,2026-02-18,FO,NSE,STO,136902,,LT,,2026-03-30,2026-03-30,4100.0,CE,LT26MAR4100CE,229.85,265.5,223.0,261.5,259.75,231.15,4325.85,261.5,29225,4550,66,50121531.25,38,F1,175,,,,,
2026-02-18,2026-02-18,FO,NSE,STO,136910,,LT,,2026-03-30,2026-03-30,4260.0,CE,LT26MAR4260CE,125.0,143.9,105.95,140.0,139.95,119.7,4325.85,140.0,12250,-2975,153,117336047.5,150,F1,175,,,,,
2026-02-18,2026-02-18,FO,NSE,STO,136919,,LT,,2026-03-30,2026-03-30,4420.0,CE,LT26MAR4420CE,0.0,0.0,0.0,17.3,0.0,17.3,4325.85,95.5,0,0,0,0.0,0,F1,175,,,,,
2026-02-18,2026-02-18,FO,NSE,STO,137360,,LT,,2026-04-28,2026-04-28,4400.0,CE,LT26APR4400CE,0.0,0.0,0.0,39.45,0.0,39.45,4325.85,151.35,0,0,0,0.0,0,F1,175,,,,,
2026-02-18,2026-02-18,FO,NSE,STO,131256,,LT,,2026-02-24,2026-02-24,3500.0,PE,LT26FEB3500PE,0.45,0.7,0.25,0.25,0.25,0.45,4325.85,0.05,116375,-875,9,5513322.5,9,F1,175,,,,,
2026-02-18,2026-02-18,FO,NSE,STO,114123,,LT,,2026-02-24,2026-02-24,3840.0,PE,LT26FEB3840PE,1.0,1.0,0.3,0.3,0.3,0.6,4325.85,0.05,44100,3500,26,17474485.0,26,F1,175,,,,,
2026-02-18,2026-02-18,FO,NSE,STO,131348,,LT,,2026-02-24,2026-02-24,4180.0,PE,LT26FEB4180PE,6.9,10.95,2.45,2.9,3.7,10.15,4325.85,2.9,243600,525,1683,1232997788.75,1372,F1,175,,,,,
2026-02-18,2026-02-18,FO,NSE,STO,114289,,LT,,2026-02-24,2026-02-24,4640.0,PE,LT26FEB4640PE,0.0,0.0,0.0,479.75,479.75,479.75,4325.85,310.25,11725,0,0,0.0,0,F1,175,,,,,
2026-02-18,2026-02-18,FO,NSE,STO,131657,,LT,,2026-03-30,2026-03-30,3360.0,PE,LT26MAR3360PE,0.0,0.0,0.0,11.25,0.0,11.25,4325.85,0.05,0,0,0,0.0,0,F1,175,,,,,
2026-02-18,2026-02-18,FO,NSE,STO,131672,,LT,,2026-03-30,2026-03-30,3640.0,PE,LT26MAR3640PE,0.0,0.0,0.0,43.9,0.0,43.9,4325.85,0.65,0,0,0,0.0,0,F1,175,,,,,
2026-02-18,2026-02-18,FO,NSE,STO,131695,,LT,,2026-03-30,2026-03-30,3960.0,PE,LT26MAR3960PE,0.0,0.0,0.0,135.65,0.0,135.65,4325.85,13.7,0,0,0,0.0,0,F1,175,,,,,
2026-02-18,2026-02-18,FO,NSE,STO,131699,,LT,,2026-03-30,2026-03-30,4040.0,PE,LT26MAR4040PE,0.0,0.0,0.0,170.2,0.0,170.2,4325.85,24.15,0,0,0,0.0,0,F1,175,,,,,
2026-02-18,2026-02-18,FO,NSE,STO,136935,,LT,,2026-03-30,2026-03-30,4460.0,PE,LT26MAR4460PE,0.0,0.0,0.0,639.95,0.0,639.95,4325.85,187.8,0,0,0,0.0,0,F1,175,,,,,
2026-02-18,2026-02-18,FO,NSE,STO,137132,,LT,,2026-04-28,2026-04-28,3560.0,PE,LT26APR3560PE,0.0,0.0,0.0,78.25,0.0,78.25,4325.85,2.1,0,0,0,0.0,0,F1,175,,,,,
2026-02-18,2026-02-18,FO,NSE,STO,137160,,LT,,2026-04-28,2026-04-28,3800.0,PE,LT26APR3800PE,0.0,0.0,0.0,170.2,0.0,170.2,4325.85,12.15,0,0,0,0.0,0,F1,175,,,,,
2026-02-18,2026-02-18,FO,NSE,STO,137176,,LT,,2026-04-28,2026-04-28,4080.0,PE,LT26APR4080PE,0.0,0.0,0.0,334.85,0.0,334.85,4325.85,54.9,0,0,0,0.0,0,F1,175,,,,,
2026-02-18,2026-02-18,FO,NSE,STO,114120,,LT,,2026-02-24,2026-02-24,3800.0,CE,LT26FEB3800CE,460.45,515.0,457.9,509.0,503.0,474.2,4325.85,509.0,115150,-1225,21,15723373.75,15,F1,175,,,,,
2026-02-18,2026-02-18,FO,NSE,STO,114139,,LT,,2026-02-24,2026-02-24,4080.0,CE,LT26FEB4080CE,183.5,239.8,179.25,230.15,226.35,192.15,4325.85,230.15,137025,7000,121,90793027.5,113,F1,175,,,,,
2026-02-18,2026-02-18,FO,NSE,STO,131343,,LT,,2026-02-24,2026-02-24,4100.0,CE,LT26FEB4100CE,180.0,218.0,156.0,211.35,206.0,173.7,4325.85,211.35,1732675,-16975,521,391230735.0,457,F1,175,,,,,
2026-02-18,2026-02-18,FO,NSE,STO,131345,,LT,,2026-02-24,2026-02-24,4140.0,CE,LT26FEB4140CE,125.45,180.95,119.2,174.25,164.35,135.25,4325.85,174.25,562450,0,188,140852460.0,174,F1,175,,,,,
2026-02-18,2026-02-18,FO,NSE,STO,114251,,LT,,2026-02-24,2026-02-24,4240.0,CE,LT26FEB4240CE,51.05,86.45,42.2,80.2,66.8,56.75,4325.85,80.2,439950,-24675,2277,1714348002.5,2016,F1,175,,,,,
2026-02-18,2026-02-18,FO,NSE,STO,131660,,LT,,2026-03-30,2026-03-30,3440.0,CE,LT26MAR3440CE,0.0,0.0,0.0,680.25,0.0,680.25,4325.85,906.55,0,0,0,0.0,0,F1,175,,,,,
2026-02-18,2026-02-18,FO,NSE,STO,114085,,LT,,2026-02-24,2026-02-24,3440.0,CE,LT26FEB3440CE,0.0,0.0,0.0,634.25,0.0,634.25,4325.85,888.95,0,0,0,0.0,0,F1,175,,,,,
2026-02-18,2026-02-18,FO,NSE,STO,131337,,LT,,2026-02-24,2026-02-24,3980.0,CE,LT26FEB3980CE,316.0,321.8,311.8,321.8,321.8,287.45,4325.85,349.5,212275,-175,5,3759052.5,5,F1,175,,,,,
2026-02-18,2026-02-18,FO,NSE,STO,137367,,LT,,2026-04-28,2026-04-28,4520.0,PE,LT26APR4520PE,0.0,0.0,0.0,689.2,0.0,689.2,4325.85,251.45,0,0,0,0.0,0,F1,175,,,,,
2026-02-18,2026-02-18,FO,NSE,STO,137281,,LT,,2026-04-28,2026-04-28,4200.0,PE,LT26APR4200PE,0.0,0.0,0.0,422.25,0.0,422.25,4325.85,90.75,0,0,0,0.0,0,F1,175,,,,,
2026-02-18,2026-02-18,FO,NSE,STO,137178,,LT,,2026-04-28,2026-04-28,4120.0,PE,LT26APR4120PE,0.0,0.0,0.0,362.95,0.0,362.95,4325.85,65.5,0,0,0,0.0,0,F1,175,,,,,
2026-02-18,2026-02-18,FO,NSE,STO,137173,,LT,,2026-04-28,2026-04-28,4040.0,PE,LT26APR4040PE,0.0,0.0,0.0,307.85,0.0,307.85,4325.85,45.65,0,0,0,0.0,0,F1,175,,,,,
2026-02-18,2026-02-18,FO,NSE,STO,131663,,LT,,2026-03-30,2026-03-30,3480.0,PE,LT26MAR3480PE,0.0,0.0,0.0,21.2,0.0,21.2,4325.85,0.1,0,0,0,0.0,0,F1,175,,,,,
2026-02-18,2026-02-18,FO,NSE,STO,114283,,LT,,2026-02-24,2026-02-24,4520.0,PE,LT26FEB4520PE,0.0,0.0,0.0,435.0,435.0,435.0,4325.85,193.5,0,0,0,0.0,0,F1,175,,,,,
2026-02-18,2026-02-18,FO,NSE,STO,131360,,LT,,2026-02-24,2026-02-24,4420.0,PE,LT26FEB4420PE,0.0,0.0,0.0,380.65,0.0,380.65,4325.85,106.8,0,0,0,0.0,0,F1,175,,,,,
2026-02-18,2026-02-18,FO,NSE,STO,114254,,LT,,2026-02-24,2026-02-24,4280.0,PE,LT26FEB4280PE,36.9,52.05,18.2,21.2,27.5,44.55,4325.85,21.2,152775,75425,6391,4822204380.0,5417,F1,175,,,,,
2026-02-18,2026-02-18,FO,NSE,STO,114121,,LT,,2026-02-24,2026-02-24,3800.0,PE,LT26FEB3800PE,0.4,0.45,0.25,0.3,0.25,0.45,4325.85,0.3,274225,-700,272,180898138.75,260,F1,175,,,,,
2026-02-18,2026-02-18,FO,NSE,STO,131313,,LT,,2026-02-24,2026-02-24,3740.0,PE,LT26FEB3740PE,3.95,3.95,0.1,0.15,0.15,0.35,4325.85,0.15,18375,-11025,160,104724698.75,29,F1,175,,,,,
2026-02-18,2026-02-18,FO,NSE,STO,137364,,LT,,2026-04-28,2026-04-28,4480.0,CE,LT26APR4480CE,0.0,0.0,0.0,30.1,0.0,30.1,4325.85,118.35,0,0,0,0.0,0,F1,175,,,,,
2026-02-18,2026-02-18,FO,NSE,STO,137362,,LT,,2026-04-28,2026-04-28,4440.0,CE,LT26APR4440CE,0.0,0.0,0.0,34.5,0.0,34.5,4325.85,134.15,0,0,0,0.0,0,F1,175,,,,,
2026-02-18,2026-02-18,FO,NSE,STO,137165,,LT,,2026-04-28,2026-04-28,3920.0,CE,LT26APR3920CE,0.0,0.0,0.0,161.35,0.0,161.35,4325.85,471.15,0,0,0,0.0,0,F1,175,,,,,
2026-02-18,2026-02-18,FO,NSE,STO,131685,,LT,,2026-03-30,2026-03-30,3880.0,CE,LT26MAR3880CE,0.0,0.0,0.0,335.35,0.0,335.35,4325.85,476.4,0,0,0,0.0,0,F1,175,,,,,
2026-02-18,2026-02-18,FO,NSE,STO,136803,,LT,,2026-03-30,2026-03-30,3860.0,CE,LT26MAR3860CE,0.0,0.0,0.0,145.0,0.0,145.0,4325.85,495.15,0,0,0,0.0,0,F1,175,,,,,
2026-02-18,2026-02-18,FO,NSE,STO,136796,,LT,,2026-03-30,2026-03-30,3740.0,CE,LT26MAR3740CE,0.0,0.0,0.0,205.15,0.0,205.15,4325.85,610.3,0,0,0,0.0,0,F1,175,,,,,
2026-02-18,2026-02-18,FO,NSE,STO,131668,,LT,,2026-03-30,2026-03-30,3600.0,CE,LT26MAR3600CE,0.0,0.0,0.0,651.05,651.05,651.05,4325.85,747.9,350,0,0,0.0,0,F1,175,,,,,
2026-02-18,2026-02-18,FO,NSE,STO,136788,,LT,,2026-03-30,2026-03-30,3580.0,CE,LT26MAR3580CE,0.0,0.0,0.0,307.3,0.0,307.3,4325.85,767.7,0,0,0,0.0,0,F1,175,,,,,
2026-02-18,2026-02-18,FO,NSE,STO,131351,,LT,,2026-02-24,2026-02-24,4260.0,CE,LT26FEB4260CE,47.95,71.0,32.75,64.5,54.0,44.95,4325.85,64.5,243950,-32200,4704,3547021257.5,4188,F1,175,,,,,
2026-02-18,2026-02-18,FO,NSE,STO,131349,,LT,,2026-02-24,2026-02-24,4220.0,CE,LT26FEB4220CE,63.8,103.45,54.6,96.95,85.35,70.0,4325.85,96.95,310275,-10675,1030,774430956.25,978,F1,175,,,,,
2026-02-18,2026-02-18,FO,NSE,STO,131347,,LT,,2026-02-24,2026-02-24,4180.0,CE,LT26FEB4180CE,106.7,142.7,83.6,132.85,124.65,101.2,4325.85,132.85,275975,-8050,300,225008376.25,284,F1,175,,,,,
2026-02-18,2026-02-18,FO,NSE,STO,114096,,LT,,2026-02-24,2026-02-24,3600.0,CE,LT26FEB3600CE,707.0,707.0,706.0,706.75,707.0,640.0,4325.85,706.75,12775,-350,4,3014725.0,4,F1,175,,,,,
2026-02-18,2026-02-18,FO,NSE,STO,131656,,LT,,2026-03-30,2026-03-30,3360.0,CE,LT26MAR3360CE,0.0,0.0,0.0,753.0,0.0,753.0,4325.85,986.05,0,0,0,0.0,0,F1,175,,,,,
2026-02-18,2026-02-18,FO,NSE,STO,45147,,LT,,2026-03-30,2026-03-30,3320.0,CE,LT26MAR3320CE,0.0,0.0,0.0,760.4,0.0,760.4,4325.85,1025.8,0,0,0,0.0,0,F1,175,,,,,
2026-02-18,2026-02-18,FO,NSE,STO,37097,,LT,,2026-02-24,2026-02-24,4760.0,CE,LT26FEB4760CE,0.0,0.0,0.0,41.65,0.0,41.65,4325.85,0.05,0,0,0,0.0,0,F1,175,,,,,
2026-02-18,2026-02-18,FO,NSE,STO,131357,,LT,,2026-02-24,2026-02-24,4380.0,CE,LT26FEB4380CE,10.0,15.25,6.1,13.6,11.05,9.7,4325.85,13.6,74375,-34475,3679,2826872903.75,3154,F1,175,,,,,
2026-02-18,2026-02-18,FO,NSE,STO,114257,,LT,,2026-02-24,2026-02-24,4360.0,CE,LT26FEB4360CE,14.05,20.4,7.75,18.3,14.25,12.75,4325.85,18.3,113050,21525,6068,4645064077.5,5394,F1,175,,,,,
2026-02-18,2026-02-18,FO,NSE,STO,114134,,LT,,2026-02-24,2026-02-24,4040.0,CE,LT26FEB4040CE,228.0,279.5,227.3,275.8,268.65,230.25,4325.85,275.8,93975,-4900,120,90018390.0,114,F1,175,,,,,
2026-02-18,2026-02-18,FO,NSE,STO,114094,,LT,,2026-02-24,2026-02-24,3560.0,CE,LT26FEB3560CE,0.0,0.0,0.0,349.6,349.6,349.6,4325.85,769.05,175,0,0,0.0,0,F1,175,,,,,
2026-02-18,2026-02-18,FO,NSE,STO,131255,,LT,,2026-02-24,2026-02-24,3500.0,CE,LT26FEB3500CE,786.75,786.75,786.7,786.7,786.7,640.2,4325.85,829.0,6475,-350,5,3750871.25,5,F1,175,,,,,
2026-02-18,2026-02-18,FO,NSE,STO,137166,,LT,,2026-04-28,2026-04-28,3920.0,PE,LT26APR3920PE,0.0,0.0,0.0,233.55,0.0,233.55,4325.85,24.75,0,0,0,0.0,0,F1,175,,,,,
2026-02-18,2026-02-18,FO,NSE,STO,137156,,LT,,2026-04-28,2026-04-28,3720.0,PE,LT26APR3720PE,0.0,0.0,0.0,134.4,0.0,134.4,4325.85,7.15,0,0,0,0.0,0,F1,175,,,,,
2026-02-18,2026-02-18,FO,NSE,STO,131762,,LT,,2026-03-30,2026-03-30,4440.0,PE,LT26MAR4440PE,0.0,0.0,0.0,412.8,0.0,412.8,4325.85,175.2,0,0,0,0.0,0,F1,175,,,,,
2026-02-18,2026-02-18,FO,NSE,STO,131684,,LT,,2026-03-30,2026-03-30,3840.0,PE,LT26MAR3840PE,0.0,0.0,0.0,92.8,0.0,92.8,4325.85,5.1,0,0,0,0.0,0,F1,175,,,,,
2026-02-18,2026-02-18,FO,NSE,STO,114131,,LT,,2026-02-24,2026-02-24,3960.0,PE,LT26FEB3960PE,1.1,1.1,0.3,0.35,0.4,1.25,4325.85,0.35,83650,-15400,216,149713795.0,160,F1,175,,,,,
2026-02-18,2026-02-18,FO,NSE,STO,131273,,LT,,2026-02-24,2026-02-24,3620.0,PE,LT26FEB3620PE,0.0,0.0,0.0,0.35,0.35,0.35,4325.85,0.05,8400,0,0,0.0,0,F1,175,,,,,
2026-02-18,2026-02-18,FO,NSE,STO,131266,,LT,,2026-02-24,2026-02-24,3580.0,PE,LT26FEB3580PE,0.0,0.0,0.0,0.5,0.5,0.5,4325.85,0.05,9450,0,0,0.0,0,F1,175,,,,,
2026-02-18,2026-02-18,FO,NSE,STO,137366,,LT,,2026-04-28,2026-04-28,4520.0,CE,LT26APR4520CE,0.0,0.0,0.0,26.2,0.0,26.2,4325.85,104.05,0,0,0,0.0,0,F1,175,,,,,
2026-02-18,2026-02-18,FO,NSE,STO,137358,,LT,,2026-04-28,2026-04-28,4360.0,CE,LT26APR4360CE,0.0,0.0,0.0,45.0,0.0,45.0,4325.85,170.05,0,0,0,0.0,0,F1,175,,,,,
2026-02-18,2026-02-18,FO,NSE,STO,137155,,LT,,2026-04-28,2026-04-28,3720.0,CE,LT26APR3720CE,0.0,0.0,0.0,259.15,0.0,259.15,4325.85,651.5,0,0,0,0.0,0,F1,175,,,,,
2026-02-18,2026-02-18,FO,NSE,STO,136934,,LT,,2026-03-30,2026-03-30,4460.0,CE,LT26MAR4460CE,0.0,0.0,0.0,14.4,0.0,14.4,4325.85,80.45,0,0,0,0.0,0,F1,175,,,,,
2026-02-18,2026-02-18,FO,NSE,STO,131752,,LT,,2026-03-30,2026-03-30,4360.0,CE,LT26MAR4360CE,0.0,0.0,0.0,112.2,0.0,112.2,4325.85,121.6,0,0,0,0.0,0,F1,175,,,,,
2026-02-18,2026-02-18,FO,NSE,STO,136908,,LT,,2026-03-30,2026-03-30,4220.0,CE,LT26MAR4220CE,135.25,167.95,135.25,162.7,165.35,143.85,4325.85,162.7,1400,-175,10,7662086.25,10,F1,175,,,,,
2026-02-18,2026-02-18,FO,NSE,STO,136805,,LT,,2026-03-30,2026-03-30,3900.0,CE,LT26MAR3900CE,400.0,417.0,400.0,417.0,417.0,406.15,4325.85,457.85,10150,525,3,2261700.0,3,F1,175,,,,,
2026-02-18,2026-02-18,FO,NSE,STO,131666,,LT,,2026-03-30,2026-03-30,3560.0,CE,LT26MAR3560CE,0.0,0.0,0.0,575.7,0.0,575.7,4325.85,787.5,0,0,0,0.0,0,F1,175,,,,,
2026-02-18,2026-02-18,FO,NSE,STO,131662,,LT,,2026-03-30,2026-03-30,3480.0,CE,LT26MAR3480CE,0.0,0.0,0.0,644.75,0.0,644.75,4325.85,866.85,0,0,0,0.0,0,F1,175,,,,,
2026-02-18,2026-02-18,FO,NSE,STO,136912,,LT,,2026-03-30,2026-03-30,4300.0,CE,LT26MAR4300CE,102.35,122.85,85.8,117.15,111.0,98.85,4325.85,117.15,88900,20825,1659,1279197640.0,1346,F1,175,,,,,
2026-02-18,2026-02-18,FO,NSE,STO,114125,,LT,,2026-02-24,2026-02-24,3880.0,PE,LT26FEB3880PE,0.35,0.5,0.3,0.5,0.5,0.9,4325.85,0.5,43400,-1225,12,8148805.0,11,F1,175,,,,,
2026-02-18,2026-02-18,FO,NSE,STO,114225,,LT,,2026-02-24,2026-02-24,4080.0,PE,LT26FEB4080PE,2.0,2.0,0.35,0.7,0.65,2.05,4325.85,0.7,180775,-60550,1643,1173348750.0,794,F1,175,,,,,
2026-02-18,2026-02-18,FO,NSE,STO,114250,,LT,,2026-02-24,2026-02-24,4200.0,PE,LT26FEB4200PE,11.65,15.2,3.0,5.05,6.15,13.65,4325.85,5.05,649425,106750,8817,6493193411.25,6132,F1,175,,,,,
2026-02-18,2026-02-18,FO,NSE,STO,131350,,LT,,2026-02-24,2026-02-24,4220.0,PE,LT26FEB4220PE,14.4,21.2,5.6,7.15,8.95,18.7,4325.85,7.15,353500,207550,6461,4787803221.25,5218,F1,175,,,,,
2026-02-18,2026-02-18,FO,NSE,STO,131356,,LT,,2026-02-24,2026-02-24,4340.0,PE,LT26FEB4340PE,92.95,94.85,48.0,53.35,64.35,86.25,4325.85,53.35,70175,56875,1321,1017889661.25,1263,F1,175,,,,,
2026-02-18,2026-02-18,FO,NSE,STO,114295,,LT,,2026-02-24,2026-02-24,4720.0,PE,LT26FEB4720PE,0.0,0.0,0.0,689.5,0.0,689.5,4325.85,389.9,0,0,0,0.0,0,F1,175,,,,,
2026-02-18,2026-02-18,FO,NSE,STO,131659,,LT,,2026-03-30,2026-03-30,3400.0,PE,LT26MAR3400PE,0.0,0.0,0.0,14.05,0.0,14.05,4325.85,0.05,0,0,0,0.0,0,F1,175,,,,,
2026-02-18,2026-02-18,FO,NSE,STO,136802,,LT,,2026-03-30,2026-03-30,3820.0,PE,LT26MAR3820PE,7.45,7.45,7.45,7.45,7.45,18.65,4325.85,4.25,350,175,1,669803.75,1,F1,175,,,,,
2026-02-18,2026-02-18,FO,NSE,STO,131774,,LT,,2026-03-30,2026-03-30,4680.0,PE,LT26MAR4680PE,0.0,0.0,0.0,603.5,0.0,603.5,4325.85,353.2,0,0,0,0.0,0,F1,175,,,,,
2026-02-18,2026-02-18,FO,NSE,STO,131776,,LT,,2026-03-30,2026-03-30,4720.0,PE,LT26MAR4720PE,0.0,0.0,0.0,637.65,0.0,637.65,4325.85,387.55,0,0,0,0.0,0,F1,175,,,,,
2026-02-18,2026-02-18,FO,NSE,STO,137260,,LT,,2026-04-28,2026-04-28,4160.0,PE,LT26APR4160PE,0.0,0.0,0.0,392.2,0.0,392.2,4325.85,77.4,0,0,0,0.0,0,F1,175,,,,,
2026-02-18,2026-02-18,FO,NSE,STO,145512,,NMDC,,2026-04-28,2026-04-28,93.5,PE,NMDC26APR93.5PE,0.0,0.0,0.0,17.11,0.0,17.11,80.09,13.44,0,0,0,0.0,0,F1,6750,,,,,
2026-02-18,2026-02-18,FO,NSE,STO,61397,,NMDC,,2026-04-28,2026-04-28,88.0,CE,NMDC26APR88CE,0.0,0.0,0.0,2.66,0.0,2.66,80.09,2.05,0,0,0,0.0,0,F1,6750,,,,,
2026-02-18,2026-02-18,FO,NSE,STO,61068,,NMDC,,2026-02-24,2026-02-24,77.0,PE,NMDC26FEB77PE,0.0,0.0,0.0,0.87,0.0,0.87,80.09,0.3,0,0,0,0.0,0,F1,6750,,,,,
2026-02-18,2026-02-18,FO,NSE,STO,121588,,NMDC,,2026-02-24,2026-02-24,83.5,PE,NMDC26FEB83.5PE,4.27,4.38,3.57,3.68,3.78,4.81,80.09,3.68,1532250,-128250,42,24784110.0,36,F1,6750,,,,,
2026-02-18,2026-02-18,FO,NSE,STO,121575,,NMDC,,2026-02-24,2026-02-24,71.5,CE,NMDC26FEB71.5CE,0.0,0.0,0.0,8.15,8.13,8.15,80.09,8.66,108000,0,0,0.0,0,F1,6750,,,,,
2026-02-18,2026-02-18,FO,NSE,STO,144081,,NMDC,,2026-03-30,2026-03-30,85.5,CE,NMDC26MAR85.5CE,1.66,1.66,1.52,1.57,1.57,1.42,80.09,1.57,432000,27000,18,10579207.5,14,F1,6750,,,,,
2026-02-18,2026-02-18,FO,NSE,STO,61245,,NMDC,,2026-03-30,2026-03-30,73.0,CE,NMDC26MAR73CE,0.0,0.0,0.0,8.41,0.0,8.41,80.09,8.35,0,0,0,0.0,0,F1,6750,,,,,
2026-02-18,2026-02-18,FO,NSE,STO,143818,,NMDC,,2026-02-24,2026-02-24,76.5,CE,NMDC26FEB76.5CE,3.84,4.0,3.8,3.88,3.8,3.18,80.09,3.88,560250,-6750,13,7055302.5,11,F1,6750,,,,,
2026-02-18,2026-02-18,FO,NSE,STO,121579,,NMDC,,2026-02-24,2026-02-24,75.5,CE,NMDC26FEB75.5CE,4.03,5.01,4.03,4.83,4.78,4.03,80.09,4.83,1383750,-40500,51,27594607.5,47,F1,6750,,,,,
2026-02-18,2026-02-18,FO,NSE,STO,145510,,NMDC,,2026-04-28,2026-04-28,91.5,PE,NMDC26APR91.5PE,0.0,0.0,0.0,15.45,0.0,15.45,80.09,11.77,0,0,0,0.0,0,F1,6750,,,,,
2026-02-18,2026-02-18,FO,NSE,STO,144088,,NMDC,,2026-03-30,2026-03-30,91.5,PE,NMDC26MAR91.5PE,0.0,0.0,0.0,11.58,11.58,11.58,80.09,11.41,27000,0,0,0.0,0,F1,6750,,,,,
2026-02-18,2026-02-18,FO,NSE,STO,144086,,NMDC,,2026-03-30,2026-03-30,89.5,PE,NMDC26MAR89.5PE,9.3,9.3,9.3,9.3,9.3,7.91,80.09,9.68,33750,13500,2,1333800.0,1,F1,6750,,,,,
2026-02-18,2026-02-18,FO,NSE,STO,61276,,NMDC,,2026-03-30,2026-03-30,85.0,PE,NMDC26MAR85PE,0.0,0.0,0.0,7.18,0.0,7.18,80.09,6.19,0,0,0,0.0,0,F1,6750,,,,,
2026-02-18,2026-02-18,FO,NSE,STO,61077,,NMDC,,2026-02-24,2026-02-24,79.0,PE,NMDC26FEB79PE,1.2,1.3,0.73,0.76,0.78,1.47,80.09,0.76,384750,-182250,418,225779737.5,402,F1,6750,,,,,
2026-02-18,2026-02-18,FO,NSE,STO,143815,,NMDC,,2026-02-24,2026-02-24,72.5,PE,NMDC26FEB72.5PE,0.17,0.18,0.08,0.08,0.09,0.17,80.09,0.08,3125250,-465750,168,82345950.0,134,F1,6750,,,,,
2026-02-18,2026-02-18,FO,NSE,STO,145509,,NMDC,,2026-04-28,2026-04-28,91.5,CE,NMDC26APR91.5CE,0.0,0.0,0.0,1.73,0.0,1.73,80.09,1.31,0,0,0,0.0,0,F1,6750,,,,,
2026-02-18,2026-02-18,FO,NSE,STO,143812,,NMDC,,2026-02-24,2026-02-24,70.5,CE,NMDC26FEB70.5CE,0.0,0.0,0.0,9.74,9.75,9.74,80.09,9.65,27000,0,0,0.0,0,F1,6750,,,,,
2026-02-18,2026-02-18,FO,NSE,STO,143816,,NMDC,,2026-02-24,2026-02-24,74.5,CE,NMDC26FEB74.5CE,5.5,5.62,5.06,5.54,5.54,6.3,80.09,5.71,2011500,-6750,7,3773452.5,7,F1,6750,,,,,
2026-02-18,2026-02-18,FO,NSE,STO,145505,,NMDC,,2026-04-28,2026-04-28,87.5,CE,NMDC26APR87.5CE,0.0,0.0,0.0,2.53,0.0,2.53,80.09,2.18,0,0,0,0.0,0,F1,6750,,,,,
2026-02-18,2026-02-18,FO,NSE,STO,61379,,NMDC,,2026-04-28,2026-04-28,84.0,CE,NMDC26APR84CE,0.0,0.0,0.0,3.92,0.0,3.92,80.09,3.28,0,0,0,0.0,0,F1,6750,,,,,
2026-02-18,2026-02-18,FO,NSE,STO,61357,,NMDC,,2026-04-28,2026-04-28,74.0,CE,NMDC26APR74CE,0.0,0.0,0.0,8.96,0.0,8.96,80.09,8.62,0,0,0,0.0,0,F1,6750,,,,,
2026-02-18,2026-02-18,FO,NSE,STO,61355,,NMDC,,2026-04-28,2026-04-28,72.0,CE,NMDC26APR72CE,0.0,0.0,0.0,10.32,0.0,10.32,80.09,10.09,0,0,0,0.0,0,F1,6750,,,,,
2026-02-18,2026-02-18,FO,NSE,STO,61258,,NMDC,,2026-03-30,2026-03-30,79.0,CE,NMDC26MAR79CE,4.27,4.27,3.96,4.22,4.2,3.73,80.09,4.22,209250,40500,15,8414820.0,13,F1,6750,,,,,
2026-02-18,2026-02-18,FO,NSE,STO,61233,,NMDC,,2026-03-30,2026-03-30,68.0,CE,NMDC26MAR68CE,0.0,0.0,0.0,12.45,0.0,12.45,80.09,12.7,0,0,0,0.0,0,F1,6750,,,,,
2026-02-18,2026-02-18,FO,NSE,STO,144061,,NMDC,,2026-03-30,2026-03-30,65.5,CE,NMDC26MAR65.5CE,0.0,0.0,0.0,17.26,17.26,17.26,80.09,15.07,27000,0,0,0.0,0,F1,6750,,,,,
2026-02-18,2026-02-18,FO,NSE,STO,143836,,NMDC,,2026-02-24,2026-02-24,92.5,CE,NMDC26FEB92.5CE,0.06,0.06,0.03,0.03,0.03,0.06,80.09,0.03,607500,-87750,45,28113952.5,30,F1,6750,,,,,
2026-02-18,2026-02-18,FO,NSE,STO,121609,,NMDC,,2026-02-24,2026-02-24,93.5,PE,NMDC26FEB93.5PE,0.0,0.0,0.0,17.92,17.92,17.92,80.09,13.33,6750,0,0,0.0,0,F1,6750,,,,,
2026-02-18,2026-02-18,FO,NSE,STO,144076,,NMDC,,2026-03-30,2026-03-30,79.5,PE,NMDC26MAR79.5PE,3.12,3.12,2.86,2.86,2.86,3.24,80.09,2.94,243000,13500,7,3896167.5,7,F1,6750,,,,,
2026-02-18,2026-02-18,FO,NSE,STO,61240,,NMDC,,2026-03-30,2026-03-30,70.0,PE,NMDC26MAR70PE,0.49,0.54,0.41,0.42,0.43,0.53,80.09,0.42,1053000,452250,230,109389892.5,149,F1,6750,,,,,
2026-02-18,2026-02-18,FO,NSE,STO,144062,,NMDC,,2026-03-30,2026-03-30,65.5,PE,NMDC26MAR65.5PE,0.21,0.23,0.21,0.21,0.21,0.26,80.09,0.09,67500,40500,6,2661660.0,6,F1,6750,,,,,
2026-02-18,2026-02-18,FO,NSE,STO,61111,,NMDC,,2026-02-24,2026-02-24,90.0,PE,NMDC26FEB90PE,0.0,0.0,0.0,10.2,10.2,10.2,80.09,9.83,20250,0,0,0.0,0,F1,6750,,,,,
2026-02-18,2026-02-18,FO,NSE,STO,143823,,NMDC,,2026-02-24,2026-02-24,80.5,PE,NMDC26FEB80.5PE,1.6,2.09,1.43,1.46,1.5,2.31,80.09,1.46,1404000,-47250,71,39367147.5,71,F1,6750,,,,,
2026-02-18,2026-02-18,FO,NSE,STF,51988,,NMDC,,2026-03-30,2026-03-30,,,NMDC26MARFUT,79.7,80.86,79.22,80.71,80.67,79.61,80.09,80.71,50193000,7553250,2728,1479441105.0,1862,F1,6750,,,,,
2026-02-18,2026-02-18,FO,NSE,STO,61010,,NMDC,,2026-02-24,2026-02-24,73.0,CE,NMDC26FEB73CE,0.0,0.0,0.0,6.69,0.0,6.69,80.09,7.17,0,0,0,0.0,0,F1,6750,,,,,
2026-02-18,2026-02-18,FO,NSE,STO,143830,,NMDC,,2026-02-24,2026-02-24,86.5,CE,NMDC26FEB86.5CE,0.19,0.24,0.12,0.14,0.14,0.2,80.09,0.14,965250,-182250,73,42706845.0,64,F1,6750,,,,,
2026-02-18,2026-02-18,FO,NSE,STO,143832,,NMDC,,2026-02-24,2026-02-24,88.5,CE,NMDC26FEB88.5CE,0.12,0.14,0.07,0.07,0.07,0.13,80.09,0.07,3138750,-13500,83,49637340.0,76,F1,6750,,,,,
2026-02-18,2026-02-18,FO,NSE,STO,121608,,NMDC,,2026-02-24,2026-02-24,93.5,CE,NMDC26FEB93.5CE,0.05,0.05,0.03,0.04,0.04,0.05,80.09,0.04,1329750,-108000,138,87137707.5,81,F1,6750,,,,,
2026-02-18,2026-02-18,FO,NSE,STO,145362,,NMDC,,2026-03-30,2026-03-30,68.5,CE,NMDC26MAR68.5CE,0.0,0.0,0.0,12.8,12.8,12.8,80.09,12.24,0,0,0,0.0,0,F1,6750,,,,,
2026-02-18,2026-02-18,FO,NSE,STO,144065,,NMDC,,2026-03-30,2026-03-30,69.5,CE,NMDC26MAR69.5CE,0.0,0.0,0.0,14.6,14.6,14.6,80.09,11.33,13500,0,0,0.0,0,F1,6750,,,,,
2026-02-18,2026-02-18,FO,NSE,STO,61237,,NMDC,,2026-03-30,2026-03-30,70.0,CE,NMDC26MAR70CE,11.0,11.4,11.0,11.18,11.19,10.75,80.09,11.18,303750,303750,48,26362192.5,23,F1,6750,,,,,
2026-02-18,2026-02-18,FO,NSE,STO,144090,,NMDC,,2026-03-30,2026-03-30,93.5,PE,NMDC26MAR93.5PE,0.0,0.0,0.0,13.59,0.0,13.59,80.09,13.22,0,0,0,0.0,0,F1,6750,,,,,
2026-02-18,2026-02-18,FO,NSE,STO,145438,,NMDC,,2026-03-30,2026-03-30,78.5,PE,NMDC26MAR78.5PE,2.31,2.31,2.31,2.31,2.31,2.6,80.09,2.49,33750,0,1,545467.5,1,F1,6750,,,,,
2026-02-18,2026-02-18,FO,NSE,STO,61254,,NMDC,,2026-03-30,2026-03-30,77.0,PE,NMDC26MAR77PE,1.85,2.03,1.84,2.03,2.03,2.13,80.09,1.91,54000,0,7,3728632.5,7,F1,6750,,,,,
2026-02-18,2026-02-18,FO,NSE,STO,121569,,NMDC,,2026-02-24,2026-02-24,65.5,CE,NMDC26FEB65.5CE,0.0,0.0,0.0,16.85,16.85,16.85,80.09,14.65,20250,0,0,0.0,0,F1,6750,,,,,
2026-02-18,2026-02-18,FO,NSE,STO,144079,,NMDC,,2026-03-30,2026-03-30,83.5,CE,NMDC26MAR83.5CE,2.1,2.25,2.06,2.18,2.18,1.97,80.09,2.27,702000,-6750,8,4626382.5,8,F1,6750,,,,,
2026-02-18,2026-02-18,FO,NSE,STO,61268,,NMDC,,2026-03-30,2026-03-30,83.0,CE,NMDC26MAR83CE,2.43,2.43,2.19,2.34,2.34,2.22,80.09,2.34,418500,378000,68,39164310.0,48,F1,6750,,,,,
2026-02-18,2026-02-18,FO,NSE,STO,61269,,NMDC,,2026-03-30,2026-03-30,83.0,PE,NMDC26MAR83PE,0.0,0.0,0.0,5.86,0.0,5.86,80.09,4.86,0,0,0,0.0,0,F1,6750,,,,,
2026-02-18,2026-02-18,FO,NSE,STO,145444,,NMDC,,2026-03-30,2026-03-30,84.5,PE,NMDC26MAR84.5PE,0.0,0.0,0.0,9.5,0.0,9.5,80.09,5.84,0,0,0,0.0,0,F1,6750,,,,,
2026-02-18,2026-02-18,FO,NSE,STO,144082,,NMDC,,2026-03-30,2026-03-30,85.5,PE,NMDC26MAR85.5PE,0.0,0.0,0.0,7.4,7.4,7.4,80.09,6.54,13500,0,0,0.0,0,F1,6750,,,,,
2026-02-18,2026-02-18,FO,NSE,STO,61378,,NMDC,,2026-04-28,2026-04-28,82.0,PE,NMDC26APR82PE,0.0,0.0,0.0,6.22,0.0,6.22,80.09,5.14,0,0,0,0.0,0,F1,6750,,,,,
2026-02-18,2026-02-18,FO,NSE,STO,145508,,NMDC,,2026-04-28,2026-04-28,89.5,PE,NMDC26APR89.5PE,0.0,0.0,0.0,13.85,0.0,13.85,80.09,10.18,0,0,0,0.0,0,F1,6750,,,,,
2026-02-18,2026-02-18,FO,NSE,STO,121577,,NMDC,,2026-02-24,2026-02-24,73.5,CE,NMDC26FEB73.5CE,6.69,6.92,6.05,6.92,6.92,5.6,80.09,6.68,573750,-40500,9,4866007.5,9,F1,6750,,,,,
2026-02-18,2026-02-18,FO,NSE,STO,61244,,NMDC,,2026-03-30,2026-03-30,72.0,PE,NMDC26MAR72PE,0.0,0.0,0.0,1.17,0.0,1.17,80.09,0.64,0,0,0,0.0,0,F1,6750,,,,,
2026-02-18,2026-02-18,FO,NSE,STO,143817,,NMDC,,2026-02-24,2026-02-24,74.5,PE,NMDC26FEB74.5PE,0.26,0.26,0.13,0.13,0.13,0.29,80.09,0.13,1532250,-243000,128,64533172.5,97,F1,6750,,,,,
2026-02-18,2026-02-18,FO,NSE,STO,60997,,NMDC,,2026-02-24,2026-02-24,70.0,PE,NMDC26FEB70PE,0.0,0.0,0.0,0.03,0.0,0.03,80.09,0.01,0,0,0,0.0,0,F1,6750,,,,,
2026-02-18,2026-02-18,FO,NSE,STO,61351,,NMDC,,2026-04-28,2026-04-28,68.0,CE,NMDC26APR68CE,0.0,0.0,0.0,13.35,0.0,13.35,80.09,13.36,0,0,0,0.0,0,F1,6750,,,,,
2026-02-18,2026-02-18,FO,NSE,STO,145485,,NMDC,,2026-04-28,2026-04-28,67.5,CE,NMDC26APR67.5CE,0.0,0.0,0.0,11.82,0.0,11.82,80.09,13.79,0,0,0,0.0,0,F1,6750,,,,,
2026-02-18,2026-02-18,FO,NSE,STO,121581,,NMDC,,2026-02-24,2026-02-24,77.5,CE,NMDC26FEB77.5CE,2.52,3.28,2.45,3.07,2.94,2.5,80.09,3.07,3172500,-290250,100,54339187.5,91,F1,6750,,,,,
2026-02-18,2026-02-18,FO,NSE,STO,144073,,NMDC,,2026-03-30,2026-03-30,77.5,CE,NMDC26MAR77.5CE,4.95,5.25,4.75,5.25,5.25,4.65,80.09,5.25,803250,229500,52,28948657.5,38,F1,6750,,,,,
2026-02-18,2026-02-18,FO,NSE,STO,144069,,NMDC,,2026-03-30,2026-03-30,73.5,CE,NMDC26MAR73.5CE,8.0,8.0,8.0,8.0,8.0,8.0,80.09,7.95,13500,0,1,550125.0,1,F1,6750,,,,,
2026-02-18,2026-02-18,FO,NSE,STO,143838,,NMDC,,2026-02-24,2026-02-24,94.5,CE,NMDC26FEB94.5CE,0.0,0.0,0.0,1.15,0.0,1.15,80.09,0.01,0,0,0,0.0,0,F1,6750,,,,,
2026-02-18,2026-02-18,FO,NSE,STO,61114,,NMDC,,2026-02-24,2026-02-24,92.0,CE,NMDC26FEB92CE,0.0,0.0,0.0,0.01,0.0,0.01,80.09,0.01,0,0,0,0.0,0,F1,6750,,,,,
2026-02-18,2026-02-18,FO,NSE,STO,61100,,NMDC,,2026-02-24,2026-02-24,85.0,CE,NMDC26FEB85CE,0.28,0.37,0.2,0.21,0.2,0.29,80.09,0.21,1235250,40500,135,77711602.5,123,F1,6750,,,,,
2026-02-18,2026-02-18,FO,NSE,STO,121585,,NMDC,,2026-02-24,2026-02-24,81.5,CE,NMDC26FEB81.5CE,0.84,1.05,0.66,0.79,0.73,0.81,80.09,0.79,4576500,-249750,332,184493632.5,265,F1,6750,,,,,
2026-02-18,2026-02-18,FO,NSE,STO,145418,,NMDC,,2026-03-30,2026-03-30,68.5,PE,NMDC26MAR68.5PE,0.0,0.0,0.0,0.68,0.68,0.68,80.09,0.24,27000,0,0,0.0,0,F1,6750,,,,,
2026-02-18,2026-02-18,FO,NSE,STO,61105,,NMDC,,2026-02-24,2026-02-24,87.0,PE,NMDC26FEB87PE,0.0,0.0,0.0,7.59,0.0,7.59,80.09,6.87,0,0,0,0.0,0,F1,6750,,,,,
2026-02-18,2026-02-18,FO,NSE,STO,61093,,NMDC,,2026-02-24,2026-02-24,81.0,PE,NMDC26FEB81PE,2.0,2.48,1.71,1.75,1.75,2.73,80.09,1.75,155250,155250,76,42626520.0,75,F1,6750,,,,,
2026-02-18,2026-02-18,FO,NSE,STO,143819,,NMDC,,2026-02-24,2026-02-24,76.5,PE,NMDC26FEB76.5PE,0.48,0.48,0.25,0.25,0.25,0.57,80.09,0.25,1404000,-54000,54,28009057.5,42,F1,6750,,,,,
2026-02-18,2026-02-18,FO,NSE,STO,121580,,NMDC,,2026-02-24,2026-02-24,75.5,PE,NMDC26FEB75.5PE,0.32,0.32,0.17,0.17,0.17,0.39,80.09,0.17,3300750,-27000,121,61857472.5,112,F1,6750,,,,,
2026-02-18,2026-02-18,FO,NSE,STO,143809,,NMDC,,2026-02-24,2026-02-24,66.5,PE,NMDC26FEB66.5PE,0.06,0.09,0.05,0.06,0.06,0.08,80.09,0.06,256500,-60750,10,4493272.5,10,F1,6750,,,,,
2026-02-18,2026-02-18,FO,NSE,STO,145483,,NMDC,,2026-04-28,2026-04-28,65.5,CE,NMDC26APR65.5CE,0.0,0.0,0.0,13.31,0.0,13.31,80.09,15.58,0,0,0,0.0,0,F1,6750,,,,,
2026-02-18,2026-02-18,FO,NSE,STO,144091,,NMDC,,2026-03-30,2026-03-30,95.5,CE,NMDC26MAR95.5CE,0.0,0.0,0.0,2.02,0.0,2.02,80.09,0.24,0,0,0,0.0,0,F1,6750,,,,,
2026-02-18,2026-02-18,FO,NSE,STO,61285,,NMDC,,2026-03-30,2026-03-30,90.0,CE,NMDC26MAR90CE,0.78,0.8,0.7,0.73,0.73,0.69,80.09,0.73,641250,195750,60,36754560.0,54,F1,6750,,,,,
2026-02-18,2026-02-18,FO,NSE,STO,144077,,NMDC,,2026-03-30,2026-03-30,81.5,CE,NMDC26MAR81.5CE,2.77,3.0,2.77,2.99,2.99,2.64,80.09,2.99,94500,13500,5,2848095.0,5,F1,6750,,,,,
2026-02-18,2026-02-18,FO,NSE,STO,145439,,NMDC,,2026-03-30,2026-03-30,80.5,CE,NMDC26MAR80.5CE,3.29,3.5,3.19,3.42,3.42,3.09,80.09,3.42,816750,0,78,44142907.5,54,F1,6750,,,,,
2026-02-18,2026-02-18,FO,NSE,STO,144075,,NMDC,,2026-03-30,2026-03-30,79.5,CE,NMDC26MAR79.5CE,3.64,4.06,3.64,4.06,4.06,3.55,80.09,4.01,330750,-20250,46,25861882.5,30,F1,6750,,,,,
2026-02-18,2026-02-18,FO,NSE,STO,145437,,NMDC,,2026-03-30,2026-03-30,78.5,CE,NMDC26MAR78.5CE,4.46,4.54,4.25,4.54,4.54,3.9,80.09,4.55,27000,13500,6,3358192.5,6,F1,6750,,,,,
2026-02-18,2026-02-18,FO,NSE,STO,144071,,NMDC,,2026-03-30,2026-03-30,75.5,CE,NMDC26MAR75.5CE,6.45,6.47,6.2,6.47,6.47,6.07,80.09,6.47,573750,108000,17,9392220.0,9,F1,6750,,,,,
2026-02-18,2026-02-18,FO,NSE,STO,61094,,NMDC,,2026-02-24,2026-02-24,82.0,CE,NMDC26FEB82CE,0.64,0.9,0.58,0.64,0.61,0.7,80.09,0.64,1343250,20250,192,107202352.5,151,F1,6750,,,,,
2026-02-18,2026-02-18,FO,NSE,STO,61090,,NMDC,,2026-02-24,2026-02-24,81.0,CE,NMDC26FEB81CE,0.86,1.23,0.77,0.94,0.88,0.93,80.09,0.94,951750,54000,573,317148952.5,536,F1,6750,,,,,
2026-02-18,2026-02-18,FO,NSE,STO,143822,,NMDC,,2026-02-24,2026-02-24,80.5,CE,NMDC26FEB80.5CE,1.09,1.41,0.91,1.14,1.05,1.09,80.09,1.14,3476250,108000,889,490070182.5,821,F1,6750,,,,,
2026-02-18,2026-02-18,FO,NSE,STO,143820,,NMDC,,2026-02-24,2026-02-24,78.5,CE,NMDC26FEB78.5CE,2.01,2.52,1.83,2.27,2.12,1.9,80.09,2.27,3267000,-27000,175,95332950.0,169,F1,6750,,,,,
2026-02-18,2026-02-18,FO,NSE,STO,121571,,NMDC,,2026-02-24,2026-02-24,67.5,CE,NMDC26FEB67.5CE,12.45,12.65,12.45,12.65,12.65,13.2,80.09,12.65,202500,-20250,4,2161012.5,3,F1,6750,,,,,
2026-02-18,2026-02-18,FO,NSE,STF,66947,,NMDC,,2026-04-28,2026-04-28,,,NMDC26APRFUT,80.25,81.22,80.25,81.2,81.22,80.2,80.09,81.2,2997000,-13500,53,28929487.5,51,F1,6750,,,,,
2026-02-18,2026-02-18,FO,NSE,STO,61398,,NMDC,,2026-04-28,2026-04-28,88.0,PE,NMDC26APR88PE,0.0,0.0,0.0,10.11,0.0,10.11,80.09,9.05,0,0,0,0.0,0,F1,6750,,,,,
2026-02-18,2026-02-18,FO,NSE,STO,37326,,NMDC,,2026-02-24,2026-02-24,95.5,PE,NMDC26FEB95.5PE,15.6,15.6,15.6,15.6,15.6,16.25,80.09,15.32,182250,0,1,749925.0,1,F1,6750,,,,,
2026-02-18,2026-02-18,FO,NSE,STO,61380,,NMDC,,2026-04-28,2026-04-28,84.0,PE,NMDC26APR84PE,0.0,0.0,0.0,7.41,0.0,7.41,80.09,6.32,0,0,0,0.0,0,F1,6750,,,,,
2026-02-18,2026-02-18,FO,NSE,STO,61364,,NMDC,,2026-04-28,2026-04-28,74.0,PE,NMDC26APR74PE,0.0,0.0,0.0,2.58,0.0,2.58,80.09,1.76,0,0,0,0.0,0,F1,6750,,,,,
2026-02-18,2026-02-18,FO,NSE,STO,61290,,NMDC,,2026-03-30,2026-03-30,92.0,PE,NMDC26MAR92PE,0.0,0.0,0.0,12.69,0.0,12.69,80.09,11.86,0,0,0,0.0,0,F1,6750,,,,,
2026-02-18,2026-02-18,FO,NSE,STO,61286,,NMDC,,2026-03-30,2026-03-30,90.0,PE,NMDC26MAR90PE,10.0,10.0,10.0,10.0,10.0,10.65,80.09,10.11,13500,6750,1,675000.0,1,F1,6750,,,,,
2026-02-18,2026-02-18,FO,NSE,STO,61278,,NMDC,,2026-03-30,2026-03-30,86.0,PE,NMDC26MAR86PE,0.0,0.0,0.0,7.89,0.0,7.89,80.09,6.91,0,0,0,0.0,0,F1,6750,,,,,
2026-02-18,2026-02-18,FO,NSE,STO,61250,,NMDC,,2026-03-30,2026-03-30,75.0,PE,NMDC26MAR75PE,1.2,1.43,1.11,1.11,1.12,1.48,80.09,1.11,1336500,668250,202,104010480.0,117,F1,6750,,,,,
2026-02-18,2026-02-18,FO,NSE,STO,143829,,NMDC,,2026-02-24,2026-02-24,84.5,PE,NMDC26FEB84.5PE,4.9,4.9,4.51,4.54,4.51,4.75,80.09,4.54,546750,-155250,30,18052942.5,26,F1,6750,,,,,
2026-02-18,2026-02-18,FO,NSE,STO,145491,,NMDC,,2026-04-28,2026-04-28,73.5,CE,NMDC26APR73.5CE,0.0,0.0,0.0,7.95,0.0,7.95,80.09,8.97,0,0,0,0.0,0,F1,6750,,,,,
2026-02-18,2026-02-18,FO,NSE,STO,145496,,NMDC,,2026-04-28,2026-04-28,77.5,PE,NMDC26APR77.5PE,0.0,0.0,0.0,3.6,3.6,3.6,80.09,2.97,6750,0,0,0.0,0,F1,6750,,,,,
2026-02-18,2026-02-18,FO,NSE,STO,61366,,NMDC,,2026-04-28,2026-04-28,76.0,PE,NMDC26APR76PE,0.0,0.0,0.0,3.31,0.0,3.31,80.09,2.4,0,0,0,0.0,0,F1,6750,,,,,
2026-02-18,2026-02-18,FO,NSE,STO,61261,,NMDC,,2026-03-30,2026-03-30,80.0,PE,NMDC26MAR80PE,3.15,3.41,2.75,2.85,2.91,3.58,80.09,2.85,958500,357750,146,81836325.0,123,F1,6750,,,,,
2026-02-18,2026-02-18,FO,NSE,STO,61030,,NMDC,,2026-02-24,2026-02-24,74.0,PE,NMDC26FEB74PE,0.0,0.0,0.0,0.26,0.0,0.26,80.09,0.04,0,0,0,0.0,0,F1,6750,,,,,
2026-02-18,2026-02-18,FO,NSE,STO,61002,,NMDC,,2026-02-24,2026-02-24,71.0,PE,NMDC26FEB71PE,0.0,0.0,0.0,0.05,0.0,0.05,80.09,0.01,0,0,0,0.0,0,F1,6750,,,,,
2026-02-18,2026-02-18,FO,NSE,STO,61377,,NMDC,,2026-04-28,2026-04-28,82.0,CE,NMDC26APR82CE,0.0,0.0,0.0,4.7,0.0,4.7,80.09,4.07,0,0,0,0.0,0,F1,6750,,,,,
2026-02-18,2026-02-18,FO,NSE,STO,60961,,NMDC,,2026-02-24,2026-02-24,68.0,CE,NMDC26FEB68CE,0.0,0.0,0.0,11.54,0.0,11.54,80.09,12.15,0,0,0,0.0,0,F1,6750,,,,,
2026-02-18,2026-02-18,FO,NSE,STO,121589,,NMDC,,2026-02-24,2026-02-24,85.5,CE,NMDC26FEB85.5CE,0.24,0.3,0.16,0.18,0.17,0.25,80.09,0.18,3888000,-486000,248,143493052.5,203,F1,6750,,,,,
2026-02-18,2026-02-18,FO,NSE,STO,37325,,NMDC,,2026-02-24,2026-02-24,95.5,CE,NMDC26FEB95.5CE,0.04,0.04,0.02,0.02,0.02,0.03,80.09,0.02,2592000,-87750,20,12895875.0,14,F1,6750,,,,,
2026-02-18,2026-02-18,FO,NSE,STO,145419,,NMDC,,2026-03-30,2026-03-30,70.5,CE,NMDC26MAR70.5CE,0.0,0.0,0.0,8.55,8.55,8.55,80.09,10.44,6750,0,0,0.0,0,F1,6750,,,,,
2026-02-18,2026-02-18,FO,NSE,STO,61255,,NMDC,,2026-03-30,2026-03-30,78.0,CE,NMDC26MAR78CE,0.0,0.0,0.0,4.28,4.24,4.28,80.09,4.84,40500,0,0,0.0,0,F1,6750,,,,,
2026-02-18,2026-02-18,FO,NSE,STO,61263,,NMDC,,2026-03-30,2026-03-30,81.0,CE,NMDC26MAR81CE,3.3,3.3,3.01,3.18,3.12,2.81,80.09,3.18,830250,20250,28,15907927.5,23,F1,6750,,,,,
2026-02-18,2026-02-18,FO,NSE,STO,61279,,NMDC,,2026-03-30,2026-03-30,87.0,CE,NMDC26MAR87CE,0.0,0.0,0.0,1.73,0.0,1.73,80.09,1.28,0,0,0,0.0,0,F1,6750,,,,,
2026-02-18,2026-02-18,FO,NSE,STO,144083,,NMDC,,2026-03-30,2026-03-30,87.5,CE,NMDC26MAR87.5CE,1.01,1.2,1.01,1.13,1.11,1.03,80.09,1.13,3665250,-175500,213,127423935.0,131,F1,6750,,,,,
2026-02-18,2026-02-18,FO,NSE,STO,145447,,NMDC,,2026-03-30,2026-03-30,88.5,CE,NMDC26MAR88.5CE,1.0,1.03,0.98,1.01,1.01,0.88,80.09,0.98,101250,-67500,12,7250647.5,7,F1,6750,,,,,
2026-02-18,2026-02-18,FO,NSE,STO,144093,,NMDC,,2026-03-30,2026-03-30,97.5,CE,NMDC26MAR97.5CE,0.21,0.25,0.21,0.25,0.25,0.24,80.09,0.25,2551500,13500,31,20449800.0,18,F1,6750,,,,,
2026-02-18,2026-02-18,FO,NSE,STO,61396,,NMDC,,2026-04-28,2026-04-28,86.0,PE,NMDC26APR86PE,0.0,0.0,0.0,8.71,0.0,8.71,80.09,7.63,0,0,0,0.0,0,F1,6750,,,,,
2026-02-18,2026-02-18,FO,NSE,STO,143839,,NMDC,,2026-02-24,2026-02-24,94.5,PE,NMDC26FEB94.5PE,0.0,0.0,0.0,13.84,0.0,13.84,80.09,14.32,0,0,0,0.0,0,F1,6750,,,,,
2026-02-18,2026-02-18,FO,NSE,STO,61246,,NMDC,,2026-03-30,2026-03-30,73.0,PE,NMDC26MAR73PE,0.91,1.01,0.74,0.85,0.82,1.42,80.09,0.85,27000,27000,4,1994490.0,4,F1,6750,,,,,
2026-02-18,2026-02-18,FO,NSE,STO,145452,,NMDC,,2026-03-30,2026-03-30,92.5,PE,NMDC26MAR92.5PE,0.0,0.0,0.0,16.01,0.0,16.01,80.09,12.31,0,0,0,0.0,0,F1,6750,,,,,
2026-02-18,2026-02-18,FO,NSE,STO,144092,,NMDC,,2026-03-30,2026-03-30,95.5,PE,NMDC26MAR95.5PE,0.0,0.0,0.0,15.8,15.8,15.8,80.09,15.08,87750,0,0,0.0,0,F1,6750,,,,,
2026-02-18,2026-02-18,FO,NSE,STO,145506,,NMDC,,2026-04-28,2026-04-28,87.5,PE,NMDC26APR87.5PE,0.0,0.0,0.0,12.31,0.0,12.31,80.09,8.68,0,0,0,0.0,0,F1,6750,,,,,
2026-02-18,2026-02-18,FO,NSE,STO,121574,,NMDC,,2026-02-24,2026-02-24,69.5,PE,NMDC26FEB69.5PE,0.09,0.09,0.04,0.04,0.04,0.09,80.09,0.04,1161000,-40500,101,47424285.0,70,F1,6750,,,,,
2026-02-18,2026-02-18,FO,NSE,STO,121584,,NMDC,,2026-02-24,2026-02-24,79.5,PE,NMDC26FEB79.5PE,1.77,1.87,0.91,0.95,0.97,1.71,80.09,0.95,1775250,-384750,509,277401577.5,487,F1,6750,,,,,
2026-02-18,2026-02-18,FO,NSE,STO,61365,,NMDC,,2026-04-28,2026-04-28,76.0,CE,NMDC26APR76CE,0.0,0.0,0.0,7.72,0.0,7.72,80.09,7.27,0,0,0,0.0,0,F1,6750,,,,,
2026-02-18,2026-02-18,FO,NSE,STO,145503,,NMDC,,2026-04-28,2026-04-28,85.5,CE,NMDC26APR85.5CE,0.0,0.0,0.0,3.03,0.0,3.03,80.09,2.76,0,0,0,0.0,0,F1,6750,,,,,
2026-02-18,2026-02-18,FO,NSE,STO,61003,,NMDC,,2026-02-24,2026-02-24,72.0,CE,NMDC26FEB72CE,0.0,0.0,0.0,7.63,0.0,7.63,80.09,8.16,0,0,0,0.0,0,F1,6750,,,,,
2026-02-18,2026-02-18,FO,NSE,STO,143814,,NMDC,,2026-02-24,2026-02-24,72.5,CE,NMDC26FEB72.5CE,7.75,7.75,7.03,7.75,7.75,6.89,80.09,7.75,1404000,-155250,45,24323422.5,22,F1,6750,,,,,
2026-02-18,2026-02-18,FO,NSE,STO,145430,,NMDC,,2026-03-30,2026-03-30,70.5,PE,NMDC26MAR70.5PE,0.0,0.0,0.0,0.67,0.67,0.67,80.09,0.43,155250,0,0,0.0,0,F1,6750,,,,,
2026-02-18,2026-02-18,FO,NSE,STO,144072,,NMDC,,2026-03-30,2026-03-30,75.5,PE,NMDC26MAR75.5PE,1.32,1.51,1.22,1.22,1.22,1.61,80.09,1.22,573750,6750,7,3631365.0,7,F1,6750,,,,,
2026-02-18,2026-02-18,FO,NSE,STO,145442,,NMDC,,2026-03-30,2026-03-30,82.5,PE,NMDC26MAR82.5PE,4.5,4.5,4.2,4.2,4.2,4.9,80.09,4.2,438750,40500,15,8796600.0,15,F1,6750,,,,,
2026-02-18,2026-02-18,FO,NSE,STO,145492,,NMDC,,2026-04-28,2026-04-28,73.5,PE,NMDC26APR73.5PE,0.0,0.0,0.0,3.94,0.0,3.94,80.09,1.62,0,0,0,0.0,0,F1,6750,,,,,
2026-02-18,2026-02-18,FO,NSE,STO,145494,,NMDC,,2026-04-28,2026-04-28,75.5,PE,NMDC26APR75.5PE,0.0,0.0,0.0,4.84,0.0,4.84,80.09,2.23,0,0,0,0.0,0,F1,6750,,,,,
2026-02-18,2026-02-18,FO,NSE,STO,145432,,NMDC,,2026-03-30,2026-03-30,72.5,PE,NMDC26MAR72.5PE,0.0,0.0,0.0,0.89,0.89,0.89,80.09,0.72,270000,0,0,0.0,0,F1,6750,,,,,
2026-02-18,2026-02-18,FO,NSE,STO,143808,,NMDC,,2026-02-24,2026-02-24,66.5,CE,NMDC26FEB66.5CE,0.0,0.0,0.0,15.48,0.0,15.48,80.09,13.65,0,0,0,0.0,0,F1,6750,,,,,
2026-02-18,2026-02-18,FO,NSE,STO,121573,,NMDC,,2026-02-24,2026-02-24,69.5,CE,NMDC26FEB69.5CE,0.0,0.0,0.0,6.31,0.0,6.31,80.09,10.65,0,0,0,0.0,0,F1,6750,,,,,
2026-02-18,2026-02-18,FO,NSE,STO,61071,,NMDC,,2026-02-24,2026-02-24,78.0,CE,NMDC26FEB78CE,2.59,2.8,2.14,2.69,2.65,2.29,80.09,2.69,189000,0,45,24473407.5,45,F1,6750,,,,,
2026-02-18,2026-02-18,FO,NSE,STO,61098,,NMDC,,2026-02-24,2026-02-24,84.0,CE,NMDC26FEB84CE,0.38,0.47,0.29,0.3,0.29,0.4,80.09,0.3,1066500,6750,86,48965175.0,57,F1,6750,,,,,
2026-02-18,2026-02-18,FO,NSE,STO,144063,,NMDC,,2026-03-30,2026-03-30,67.5,CE,NMDC26MAR67.5CE,0.0,0.0,0.0,16.95,16.95,16.95,80.09,13.17,20250,0,0,0.0,0,F1,6750,,,,,
2026-02-18,2026-02-18,FO,NSE,STO,61243,,NMDC,,2026-03-30,2026-03-30,72.0,CE,NMDC26MAR72CE,9.4,9.4,9.4,9.4,9.4,9.15,80.09,9.16,6750,6750,1,549450.0,1,F1,6750,,,,,
2026-02-18,2026-02-18,FO,NSE,STO,145431,,NMDC,,2026-03-30,2026-03-30,72.5,CE,NMDC26MAR72.5CE,0.0,0.0,0.0,7.38,0.0,7.38,80.09,8.75,0,0,0,0.0,0,F1,6750,,,,,
2026-02-18,2026-02-18,FO,NSE,STO,61253,,NMDC,,2026-03-30,2026-03-30,77.0,CE,NMDC26MAR77CE,5.4,5.4,5.4,5.4,5.4,4.9,80.09,5.46,364500,-6750,1,556200.0,1,F1,6750,,,,,
2026-02-18,2026-02-18,FO,NSE,STO,144089,,NMDC,,2026-03-30,2026-03-30,93.5,CE,NMDC26MAR93.5CE,0.43,0.43,0.39,0.41,0.42,0.4,80.09,0.41,202500,27000,9,5705302.5,9,F1,6750,,,,,
2026-02-18,2026-02-18,FO,NSE,STO,145493,,NMDC,,2026-04-28,2026-04-28,75.5,CE,NMDC26APR75.5CE,0.0,0.0,0.0,6.87,0.0,6.87,80.09,7.6,0,0,0,0.0,0,F1,6750,,,,,
2026-02-18,2026-02-18,FO,NSE,STO,61373,,NMDC,,2026-04-28,2026-04-28,80.0,CE,NMDC26APR80CE,0.0,0.0,0.0,5.59,0.0,5.59,80.09,5.0,0,0,0,0.0,0,F1,6750,,,,,
2026-02-18,2026-02-18,FO,NSE,STO,145499,,NMDC,,2026-04-28,2026-04-28,81.5,CE,NMDC26APR81.5CE,0.0,0.0,0.0,4.28,0.0,4.28,80.09,4.29,0,0,0,0.0,0,F1,6750,,,,,
2026-02-18,2026-02-18,FO,NSE,STO,61381,,NMDC,,2026-04-28,2026-04-28,86.0,CE,NMDC26APR86CE,0.0,0.0,0.0,3.24,0.0,3.24,80.09,2.61,0,0,0,0.0,0,F1,6750,,,,,
2026-02-18,2026-02-18,FO,NSE,STO,145507,,NMDC,,2026-04-28,2026-04-28,89.5,CE,NMDC26APR89.5CE,0.0,0.0,0.0,2.0,2.0,2.0,80.09,1.7,6750,0,0,0.0,0,F1,6750,,,,,
2026-02-18,2026-02-18,FO,NSE,STO,121568,,NMDC,,2026-02-24,2026-02-24,63.5,PE,NMDC26FEB63.5PE,0.0,0.0,0.0,0.03,0.03,0.03,80.09,0.01,2106000,0,0,0.0,0,F1,6750,,,,,
2026-02-18,2026-02-18,FO,NSE,STO,143813,,NMDC,,2026-02-24,2026-02-24,70.5,PE,NMDC26FEB70.5PE,0.12,0.12,0.06,0.06,0.06,0.12,80.09,0.06,290250,-81000,29,13817182.5,27,F1,6750,,,,,
2026-02-18,2026-02-18,FO,NSE,STO,61059,,NMDC,,2026-02-24,2026-02-24,76.0,PE,NMDC26FEB76PE,0.49,0.49,0.21,0.21,0.21,0.49,80.09,0.21,256500,13500,52,26774077.5,47,F1,6750,,,,,
2026-02-18,2026-02-18,FO,NSE,STO,121592,,NMDC,,2026-02-24,2026-02-24,87.5,PE,NMDC26FEB87.5PE,8.1,8.1,7.4,7.55,7.55,8.3,80.09,7.35,2666250,-290250,58,37324800.0,33,F1,6750,,,,,
2026-02-18,2026-02-18,FO,NSE,STO,143831,,NMDC,,2026-02-24,2026-02-24,86.5,PE,NMDC26FEB86.5PE,0.0,0.0,0.0,4.46,4.38,4.46,80.09,6.38,135000,0,0,0.0,0,F1,6750,,,,,
2026-02-18,2026-02-18,FO,NSE,STO,121590,,NMDC,,2026-02-24,2026-02-24,85.5,PE,NMDC26FEB85.5PE,5.68,6.15,5.4,5.4,5.4,6.63,80.09,5.43,391500,-87750,15,9254722.5,15,F1,6750,,,,,
2026-02-18,2026-02-18,FO,NSE,STO,61040,,NMDC,,2026-02-24,2026-02-24,75.0,PE,NMDC26FEB75PE,0.35,0.35,0.15,0.15,0.15,0.33,80.09,0.15,195750,-6750,99,50265225.0,92,F1,6750,,,,,
2026-02-18,2026-02-18,FO,NSE,STO,121576,,NMDC,,2026-02-24,2026-02-24,71.5,PE,NMDC26FEB71.5PE,0.13,0.13,0.07,0.07,0.07,0.14,80.09,0.07,891000,-27000,43,20779470.0,43,F1,6750,,,,,
2026-02-18,2026-02-18,FO,NSE,STO,121566,,NMDC,,2026-02-24,2026-02-24,61.5,PE,NMDC26FEB61.5PE,0.03,0.03,0.03,0.03,0.03,0.01,80.09,0.01,627750,-6750,1,415327.5,1,F1,6750,,,,,
2026-02-18,2026-02-18,FO,NSE,STO,61107,,NMDC,,2026-02-24,2026-02-24,88.0,PE,NMDC26FEB88PE,0.0,0.0,0.0,8.54,0.0,8.54,80.09,7.85,0,0,0,0.0,0,F1,6750,,,,,
2026-02-18,2026-02-18,FO,NSE,STO,145511,,NMDC,,2026-04-28,2026-04-28,93.5,CE,NMDC26APR93.5CE,0.0,0.0,0.0,1.42,0.0,1.42,80.09,1.0,0,0,0,0.0,0,F1,6750,,,,,
2026-02-18,2026-02-18,FO,NSE,STO,121604,,NMDC,,2026-02-24,2026-02-24,89.5,PE,NMDC26FEB89.5PE,0.0,0.0,0.0,9.15,9.15,9.15,80.09,9.33,175500,0,0,0.0,0,F1,6750,,,,,
2026-02-18,2026-02-18,FO,NSE,STO,61251,,NMDC,,2026-03-30,2026-03-30,76.0,CE,NMDC26MAR76CE,6.05,6.05,6.05,6.05,6.05,6.37,80.09,6.12,6750,6750,1,553837.5,1,F1,6750,,,,,
2026-02-18,2026-02-18,FO,NSE,STO,145441,,NMDC,,2026-03-30,2026-03-30,82.5,CE,NMDC26MAR82.5CE,2.48,2.65,2.31,2.52,2.52,2.23,80.09,2.52,2754000,6750,71,40741245.0,59,F1,6750,,,,,
2026-02-18,2026-02-18,FO,NSE,STO,144066,,NMDC,,2026-03-30,2026-03-30,69.5,PE,NMDC26MAR69.5PE,0.38,0.47,0.37,0.38,0.39,0.5,80.09,0.38,249750,-67500,38,17933535.0,34,F1,6750,,,,,
2026-02-18,2026-02-18,FO,NSE,STO,61248,,NMDC,,2026-03-30,2026-03-30,74.0,PE,NMDC26MAR74PE,1.02,1.16,0.89,0.89,0.89,1.25,80.09,0.89,654750,627750,119,60202440.0,61,F1,6750,,,,,
2026-02-18,2026-02-18,FO,NSE,STO,121587,,NMDC,,2026-02-24,2026-02-24,83.5,CE,NMDC26FEB83.5CE,0.45,0.55,0.32,0.36,0.34,0.45,80.09,0.36,4610250,-506250,346,196000560.0,289,F1,6750,,,,,
2026-02-18,2026-02-18,FO,NSE,STO,121591,,NMDC,,2026-02-24,2026-02-24,87.5,CE,NMDC26FEB87.5CE,0.14,0.19,0.09,0.1,0.09,0.15,80.09,0.1,14107500,-1775250,896,529973482.5,602,F1,6750,,,,,
2026-02-18,2026-02-18,FO,NSE,STO,61076,,NMDC,,2026-02-24,2026-02-24,79.0,CE,NMDC26FEB79CE,1.83,2.25,1.54,1.94,1.79,1.71,80.09,1.94,459000,-168750,664,362445502.5,588,F1,6750,,,,,
2026-02-18,2026-02-18,FO,NSE,STO,143824,,NMDC,,2026-02-24,2026-02-24,82.5,CE,NMDC26FEB82.5CE,0.57,0.82,0.49,0.57,0.51,0.62,80.09,0.57,22241250,-1404000,769,431468572.5,537,F1,6750,,,,,
2026-02-18,2026-02-18,FO,NSE,STO,61241,,NMDC,,2026-03-30,2026-03-30,71.0,CE,NMDC26MAR71CE,0.0,0.0,0.0,9.94,0.0,9.94,80.09,10.01,0,0,0,0.0,0,F1,6750,,,,,
2026-02-18,2026-02-18,FO,NSE,STO,144067,,NMDC,,2026-03-30,2026-03-30,71.5,CE,NMDC26MAR71.5CE,0.0,0.0,0.0,12.47,0.0,12.47,80.09,9.58,0,0,0,0.0,0,F1,6750,,,,,
2026-02-18,2026-02-18,FO,NSE,STO,145433,,NMDC,,2026-03-30,2026-03-30,74.5,CE,NMDC26MAR74.5CE,0.0,0.0,0.0,6.21,0.0,6.21,80.09,7.19,0,0,0,0.0,0,F1,6750,,,,,
2026-02-18,2026-02-18,FO,NSE,STO,61249,,NMDC,,2026-03-30,2026-03-30,75.0,CE,NMDC26MAR75CE,0.0,0.0,0.0,6.48,6.48,6.48,80.09,6.82,6750,0,0,0.0,0,F1,6750,,,,,
2026-02-18,2026-02-18,FO,NSE,STO,144087,,NMDC,,2026-03-30,2026-03-30,91.5,CE,NMDC26MAR91.5CE,0.0,0.0,0.0,1.5,1.5,1.5,80.09,0.55,20250,0,0,0.0,0,F1,6750,,,,,
2026-02-18,2026-02-18,FO,NSE,STO,145487,,NMDC,,2026-04-28,2026-04-28,69.5,CE,NMDC26APR69.5CE,0.0,0.0,0.0,10.42,0.0,10.42,80.09,12.08,0,0,0,0.0,0,F1,6750,,,,,
2026-02-18,2026-02-18,FO,NSE,STO,61008,,NMDC,,2026-02-24,2026-02-24,72.0,PE,NMDC26FEB72PE,0.0,0.0,0.0,0.09,0.0,0.09,80.09,0.01,0,0,0,0.0,0,F1,6750,,,,,
2026-02-18,2026-02-18,FO,NSE,STO,121607,,NMDC,,2026-02-24,2026-02-24,91.5,PE,NMDC26FEB91.5PE,0.0,0.0,0.0,12.92,12.92,12.92,80.09,11.33,148500,0,0,0.0,0,F1,6750,,,,,
2026-02-18,2026-02-18,FO,NSE,STO,61115,,NMDC,,2026-02-24,2026-02-24,92.0,PE,NMDC26FEB92PE,0.0,0.0,0.0,12.45,0.0,12.45,80.09,11.83,0,0,0,0.0,0,F1,6750,,,,,
2026-02-18,2026-02-18,FO,NSE,STO,61099,,NMDC,,2026-02-24,2026-02-24,84.0,PE,NMDC26FEB84PE,5.22,5.22,4.01,4.19,4.25,5.46,80.09,4.19,155250,-6750,51,30436222.5,50,F1,6750,,,,,
2026-02-18,2026-02-18,FO,NSE,STO,143837,,NMDC,,2026-02-24,2026-02-24,92.5,PE,NMDC26FEB92.5PE,0.0,0.0,0.0,12.19,0.0,12.19,80.09,12.33,0,0,0,0.0,0,F1,6750,,,,,
2026-02-18,2026-02-18,FO,NSE,STO,61352,,NMDC,,2026-04-28,2026-04-28,68.0,PE,NMDC26APR68PE,0.0,0.0,0.0,1.05,0.0,1.05,80.09,0.56,0,0,0,0.0,0,F1,6750,,,,,
2026-02-18,2026-02-18,FO,NSE,STO,145448,,NMDC,,2026-03-30,2026-03-30,88.5,PE,NMDC26MAR88.5PE,0.0,0.0,0.0,12.61,0.0,12.61,80.09,8.86,0,0,0,0.0,0,F1,6750,,,,,
2026-02-18,2026-02-18,FO,NSE,STO,145454,,NMDC,,2026-03-30,2026-03-30,94.5,PE,NMDC26MAR94.5PE,0.0,0.0,0.0,17.79,0.0,17.79,80.09,14.14,0,0,0,0.0,0,F1,6750,,,,,
2026-02-18,2026-02-18,FO,NSE,STF,59432,,NMDC,,2026-02-24,2026-02-24,,,NMDC26FEBFUT,79.3,80.37,78.95,80.2,80.15,79.13,80.09,80.2,308670750,-5366250,3712,2001189915.0,2626,F1,6750,,,,,
2026-02-18,2026-02-18,FO,NSE,STO,60996,,NMDC,,2026-02-24,2026-02-24,70.0,CE,NMDC26FEB70CE,0.0,0.0,0.0,9.56,0.0,9.56,80.09,10.15,0,0,0,0.0,0,F1,6750,,,,,
2026-02-18,2026-02-18,FO,NSE,STO,61104,,NMDC,,2026-02-24,2026-02-24,87.0,CE,NMDC26FEB87CE,0.0,0.0,0.0,0.15,0.0,0.15,80.09,0.03,0,0,0,0.0,0,F1,6750,,,,,
2026-02-18,2026-02-18,FO,NSE,STO,61260,,NMDC,,2026-03-30,2026-03-30,80.0,CE,NMDC26MAR80CE,3.26,3.8,3.2,3.69,3.64,3.3,80.09,3.69,2882250,776250,450,253905840.0,345,F1,6750,,,,,
2026-02-18,2026-02-18,FO,NSE,STO,61266,,NMDC,,2026-03-30,2026-03-30,82.0,CE,NMDC26MAR82CE,2.75,2.81,2.52,2.7,2.7,2.45,80.09,2.7,823500,54000,48,27443407.5,41,F1,6750,,,,,
2026-02-18,2026-02-18,FO,NSE,STO,145497,,NMDC,,2026-04-28,2026-04-28,79.5,CE,NMDC26APR79.5CE,0.0,0.0,0.0,5.04,0.0,5.04,80.09,5.26,0,0,0,0.0,0,F1,6750,,,,,
2026-02-18,2026-02-18,FO,NSE,STO,61409,,NMDC,,2026-04-28,2026-04-28,92.0,CE,NMDC26APR92CE,0.0,0.0,0.0,1.76,0.0,1.76,80.09,1.22,0,0,0,0.0,0,F1,6750,,,,,
2026-02-18,2026-02-18,FO,NSE,STO,121578,,NMDC,,2026-02-24,2026-02-24,73.5,PE,NMDC26FEB73.5PE,0.23,0.23,0.1,0.1,0.1,0.21,80.09,0.1,1154250,-60750,79,39268192.5,75,F1,6750,,,,,
2026-02-18,2026-02-18,FO,NSE,STO,121582,,NMDC,,2026-02-24,2026-02-24,77.5,PE,NMDC26FEB77.5PE,0.85,0.85,0.37,0.38,0.38,0.85,80.09,0.38,5035500,-391500,363,191272590.0,278,F1,6750,,,,,
2026-02-18,2026-02-18,FO,NSE,STO,121586,,NMDC,,2026-02-24,2026-02-24,81.5,PE,NMDC26FEB81.5PE,2.63,2.86,2.08,2.12,2.21,2.97,80.09,2.12,1431000,-101250,73,41367510.0,69,F1,6750,,,,,
2026-02-18,2026-02-18,FO,NSE,STO,143835,,NMDC,,2026-02-24,2026-02-24,90.5,PE,NMDC26FEB90.5PE,0.0,0.0,0.0,10.61,0.0,10.61,80.09,10.33,0,0,0,0.0,0,F1,6750,,,,,
2026-02-18,2026-02-18,FO,NSE,STO,61242,,NMDC,,2026-03-30,2026-03-30,71.0,PE,NMDC26MAR71PE,0.0,0.0,0.0,0.96,0.0,0.96,80.09,0.49,0,0,0,0.0,0,F1,6750,,,,,
2026-02-18,2026-02-18,FO,NSE,STO,61259,,NMDC,,2026-03-30,2026-03-30,79.0,PE,NMDC26MAR79PE,2.97,2.97,2.37,2.37,2.38,2.97,80.09,2.37,189000,60750,23,12671707.5,16,F1,6750,,,,,
2026-02-18,2026-02-18,FO,NSE,STO,145446,,NMDC,,2026-03-30,2026-03-30,86.5,PE,NMDC26MAR86.5PE,0.0,0.0,0.0,11.02,0.0,11.02,80.09,7.28,0,0,0,0.0,0,F1,6750,,,,,
2026-02-18,2026-02-18,FO,NSE,STO,61410,,NMDC,,2026-04-28,2026-04-28,92.0,PE,NMDC26APR92PE,0.0,0.0,0.0,13.15,0.0,13.15,80.09,12.18,0,0,0,0.0,0,F1,6750,,,,,
2026-02-18,2026-02-18,FO,NSE,STO,121572,,NMDC,,2026-02-24,2026-02-24,67.5,PE,NMDC26FEB67.5PE,0.06,0.06,0.03,0.04,0.04,0.09,80.09,0.01,5535000,-702000,150,68391472.5,51,F1,6750,,,,,
2026-02-18,2026-02-18,FO,NSE,STO,121570,,NMDC,,2026-02-24,2026-02-24,65.5,PE,NMDC26FEB65.5PE,0.05,0.05,0.05,0.05,0.05,0.05,80.09,0.05,776250,-6750,1,442462.5,1,F1,6750,,,,,
2026-02-18,2026-02-18,FO,NSE,STO,61106,,NMDC,,2026-02-24,2026-02-24,88.0,CE,NMDC26FEB88CE,0.0,0.0,0.0,0.1,0.0,0.1,80.09,0.02,0,0,0,0.0,0,F1,6750,,,,,
2026-02-18,2026-02-18,FO,NSE,STO,145498,,NMDC,,2026-04-28,2026-04-28,79.5,PE,NMDC26APR79.5PE,0.0,0.0,0.0,6.95,0.0,6.95,80.09,3.84,0,0,0,0.0,0,F1,6750,,,,,
2026-02-18,2026-02-18,FO,NSE,STO,61356,,NMDC,,2026-04-28,2026-04-28,72.0,PE,NMDC26APR72PE,0.0,0.0,0.0,1.97,0.0,1.97,80.09,1.25,0,0,0,0.0,0,F1,6750,,,,,
2026-02-18,2026-02-18,FO,NSE,STO,61267,,NMDC,,2026-03-30,2026-03-30,82.0,PE,NMDC26MAR82PE,0.0,0.0,0.0,5.24,0.0,5.24,80.09,4.25,0,0,0,0.0,0,F1,6750,,,,,
2026-02-18,2026-02-18,FO,NSE,STO,145440,,NMDC,,2026-03-30,2026-03-30,80.5,PE,NMDC26MAR80.5PE,0.0,0.0,0.0,3.65,3.65,3.65,80.09,3.43,141750,0,0,0.0,0,F1,6750,,,,,
2026-02-18,2026-02-18,FO,NSE,STO,145436,,NMDC,,2026-03-30,2026-03-30,76.5,PE,NMDC26MAR76.5PE,0.0,0.0,0.0,1.9,1.9,1.9,80.09,1.73,74250,0,0,0.0,0,F1,6750,,,,,
2026-02-18,2026-02-18,FO,NSE,STO,145435,,NMDC,,2026-03-30,2026-03-30,76.5,CE,NMDC26MAR76.5CE,0.0,0.0,0.0,5.17,0.0,5.17,80.09,5.78,0,0,0,0.0,0,F1,6750,,,,,
2026-02-18,2026-02-18,FO,NSE,STO,145278,,NMDC,,2026-03-30,2026-03-30,66.5,CE,NMDC26MAR66.5CE,0.0,0.0,0.0,11.64,0.0,11.64,80.09,14.11,0,0,0,0.0,0,F1,6750,,,,,
2026-02-18,2026-02-18,FO,NSE,STO,143834,,NMDC,,2026-02-24,2026-02-24,90.5,CE,NMDC26FEB90.5CE,0.08,0.09,0.05,0.05,0.05,0.09,80.09,0.05,810000,-20250,66,40349947.5,59,F1,6750,,,,,
2026-02-18,2026-02-18,FO,NSE,STO,145443,,NMDC,,2026-03-30,2026-03-30,84.5,CE,NMDC26MAR84.5CE,1.89,1.91,1.81,1.81,1.81,1.6,80.09,1.81,135000,-13500,5,2914920.0,5,F1,6750,,,,,
2026-02-18,2026-02-18,FO,NSE,STO,61277,,NMDC,,2026-03-30,2026-03-30,86.0,CE,NMDC26MAR86CE,1.49,1.49,1.35,1.45,1.45,1.3,80.09,1.45,47250,0,11,6491677.5,11,F1,6750,,,,,
2026-02-18,2026-02-18,FO,NSE,STO,61281,,NMDC,,2026-03-30,2026-03-30,88.0,CE,NMDC26MAR88CE,0.0,0.0,0.0,1.51,0.0,1.51,80.09,1.07,0,0,0,0.0,0,F1,6750,,,,,
2026-02-18,2026-02-18,FO,NSE,STO,144064,,NMDC,,2026-03-30,2026-03-30,67.5,PE,NMDC26MAR67.5PE,0.0,0.0,0.0,0.41,0.41,0.41,80.09,0.17,114750,0,0,0.0,0,F1,6750,,,,,
2026-02-18,2026-02-18,FO,NSE,STO,61103,,NMDC,,2026-02-24,2026-02-24,86.0,PE,NMDC26FEB86PE,0.0,0.0,0.0,6.67,0.0,6.67,80.09,5.9,0,0,0,0.0,0,F1,6750,,,,,
2026-02-18,2026-02-18,FO,NSE,STO,61097,,NMDC,,2026-02-24,2026-02-24,83.0,PE,NMDC26FEB83PE,0.0,0.0,0.0,4.55,4.55,4.55,80.09,3.23,276750,0,0,0.0,0,F1,6750,,,,,
2026-02-18,2026-02-18,FO,NSE,STO,61095,,NMDC,,2026-02-24,2026-02-24,82.0,PE,NMDC26FEB82PE,0.0,0.0,0.0,3.4,0.0,3.4,80.09,2.47,0,0,0,0.0,0,F1,6750,,,,,
2026-02-18,2026-02-18,FO,NSE,STO,61089,,NMDC,,2026-02-24,2026-02-24,80.0,PE,NMDC26FEB80PE,1.81,2.15,1.13,1.19,1.21,1.96,80.09,1.19,492750,13500,461,253403977.5,420,F1,6750,,,,,
2026-02-18,2026-02-18,FO,NSE,STO,61072,,NMDC,,2026-02-24,2026-02-24,78.0,PE,NMDC26FEB78PE,0.74,0.82,0.46,0.48,0.49,1.03,80.09,0.48,708750,27000,80,42458985.0,79,F1,6750,,,,,
2026-02-18,2026-02-18,FO,NSE,STO,61011,,NMDC,,2026-02-24,2026-02-24,73.0,PE,NMDC26FEB73PE,0.19,0.19,0.09,0.09,0.09,0.19,80.09,0.09,162000,47250,43,21226117.5,38,F1,6750,,,,,
2026-02-18,2026-02-18,FO,NSE,STO,143821,,NMDC,,2026-02-24,2026-02-24,78.5,PE,NMDC26FEB78.5PE,1.1,1.1,0.59,0.6,0.62,1.25,80.09,0.6,1120500,-108000,214,114597517.5,206,F1,6750,,,,,
2026-02-18,2026-02-18,FO,NSE,STO,61256,,NMDC,,2026-03-30,2026-03-30,78.0,PE,NMDC26MAR78PE,2.25,2.44,2.0,2.0,2.0,2.54,80.09,2.0,162000,128250,23,12440182.5,17,F1,6750,,,,,
2026-02-18,2026-02-18,FO,NSE,STO,61274,,NMDC,,2026-03-30,2026-03-30,84.0,PE,NMDC26MAR84PE,0.0,0.0,0.0,6.39,6.39,6.39,80.09,5.5,6750,0,0,0.0,0,F1,6750,,,,,
2026-02-18,2026-02-18,FO,NSE,STO,61282,,NMDC,,2026-03-30,2026-03-30,88.0,PE,NMDC26MAR88PE,0.0,0.0,0.0,9.4,0.0,9.4,80.09,8.45,0,0,0,0.0,0,F1,6750,,,,,
2026-02-18,2026-02-18,FO,NSE,STO,61376,,NMDC,,2026-04-28,2026-04-28,80.0,PE,NMDC26APR80PE,0.0,0.0,0.0,5.13,0.0,5.13,80.09,4.09,0,0,0,0.0,0,F1,6750,,,,,
2026-02-18,2026-02-18,FO,NSE,STO,145502,,NMDC,,2026-04-28,2026-04-28,83.5,PE,NMDC26APR83.5PE,0.0,0.0,0.0,9.45,0.0,9.45,80.09,6.01,0,0,0,0.0,0,F1,6750,,,,,
2026-02-18,2026-02-18,FO,NSE,STO,61001,,NMDC,,2026-02-24,2026-02-24,71.0,CE,NMDC26FEB71CE,0.0,0.0,0.0,7.9,7.9,7.9,80.09,9.16,20250,0,0,0.0,0,F1,6750,,,,,
2026-02-18,2026-02-18,FO,NSE,STO,143828,,NMDC,,2026-02-24,2026-02-24,84.5,CE,NMDC26FEB84.5CE,0.25,0.41,0.23,0.25,0.23,0.32,80.09,0.25,5676750,40500,231,132225345.0,192,F1,6750,,,,,
2026-02-18,2026-02-18,FO,NSE,STO,121593,,NMDC,,2026-02-24,2026-02-24,89.5,CE,NMDC26FEB89.5CE,0.1,0.11,0.06,0.06,0.06,0.1,80.09,0.06,1377000,-121500,163,98559652.5,146,F1,6750,,,,,
2026-02-18,2026-02-18,FO,NSE,STO,61247,,NMDC,,2026-03-30,2026-03-30,74.0,CE,NMDC26MAR74CE,7.65,7.65,7.65,7.65,7.65,7.69,80.09,7.57,6750,6750,1,551137.5,1,F1,6750,,,,,
2026-02-18,2026-02-18,FO,NSE,STO,61272,,NMDC,,2026-03-30,2026-03-30,84.0,CE,NMDC26MAR84CE,2.04,2.08,1.99,2.03,1.99,1.79,80.09,2.03,135000,60750,17,9872820.0,15,F1,6750,,,,,
2026-02-18,2026-02-18,FO,NSE,STO,145445,,NMDC,,2026-03-30,2026-03-30,86.5,CE,NMDC26MAR86.5CE,1.39,1.39,1.39,1.39,1.39,1.17,80.09,1.39,67500,6750,1,593257.5,1,F1,6750,,,,,
2026-02-18,2026-02-18,FO,NSE,STO,144085,,NMDC,,2026-03-30,2026-03-30,89.5,CE,NMDC26MAR89.5CE,0.76,0.83,0.75,0.78,0.78,0.74,80.09,0.78,3415500,-20250,67,40834260.0,50,F1,6750,,,,,
2026-02-18,2026-02-18,FO,NSE,STO,61289,,NMDC,,2026-03-30,2026-03-30,92.0,CE,NMDC26MAR92CE,0.0,0.0,0.0,0.83,0.0,0.83,80.09,0.5,0,0,0,0.0,0,F1,6750,,,,,
2026-02-18,2026-02-18,FO,NSE,STO,60992,,NMDC,,2026-02-24,2026-02-24,68.0,PE,NMDC26FEB68PE,0.0,0.0,0.0,0.01,0.0,0.01,80.09,0.01,0,0,0,0.0,0,F1,6750,,,,,
2026-02-18,2026-02-18,FO,NSE,STO,143811,,NMDC,,2026-02-24,2026-02-24,68.5,PE,NMDC26FEB68.5PE,0.02,0.03,0.02,0.03,0.03,0.09,80.09,0.01,108000,-6750,2,925087.5,2,F1,6750,,,,,
2026-02-18,2026-02-18,FO,NSE,STO,61060,,NMDC,,2026-02-24,2026-02-24,77.0,CE,NMDC26FEB77CE,0.0,0.0,0.0,3.03,3.03,3.03,80.09,3.46,6750,0,0,0.0,0,F1,6750,,,,,
2026-02-18,2026-02-18,FO,NSE,STO,61058,,NMDC,,2026-02-24,2026-02-24,76.0,CE,NMDC26FEB76CE,3.54,4.45,3.54,4.45,4.45,4.14,80.09,4.45,13500,13500,4,2155005.0,4,F1,6750,,,,,
2026-02-18,2026-02-18,FO,NSE,STO,61039,,NMDC,,2026-02-24,2026-02-24,75.0,CE,NMDC26FEB75CE,0.0,0.0,0.0,4.94,0.0,4.94,80.09,5.24,0,0,0,0.0,0,F1,6750,,,,,
2026-02-18,2026-02-18,FO,NSE,STO,61019,,NMDC,,2026-02-24,2026-02-24,74.0,CE,NMDC26FEB74CE,0.0,0.0,0.0,5.8,0.0,5.8,80.09,6.19,0,0,0,0.0,0,F1,6750,,,,,
2026-02-18,2026-02-18,FO,NSE,STO,143810,,NMDC,,2026-02-24,2026-02-24,68.5,CE,NMDC26FEB68.5CE,0.0,0.0,0.0,13.73,0.0,13.73,80.09,11.65,0,0,0,0.0,0,F1,6750,,,,,
2026-02-18,2026-02-18,FO,NSE,STO,121567,,NMDC,,2026-02-24,2026-02-24,63.5,CE,NMDC26FEB63.5CE,16.65,16.75,16.65,16.75,16.75,15.88,80.09,16.65,148500,-101250,16,8656875.0,6,F1,6750,,,,,
2026-02-18,2026-02-18,FO,NSE,STO,61367,,NMDC,,2026-04-28,2026-04-28,78.0,CE,NMDC26APR78CE,0.0,0.0,0.0,6.59,0.0,6.59,80.09,6.07,0,0,0,0.0,0,F1,6750,,,,,
2026-02-18,2026-02-18,FO,NSE,STO,145501,,NMDC,,2026-04-28,2026-04-28,83.5,CE,NMDC26APR83.5CE,0.0,0.0,0.0,3.61,0.0,3.61,80.09,3.47,0,0,0,0.0,0,F1,6750,,,,,
2026-02-18,2026-02-18,FO,NSE,STO,143825,,NMDC,,2026-02-24,2026-02-24,82.5,PE,NMDC26FEB82.5PE,3.0,3.61,2.8,2.84,2.91,3.89,80.09,2.84,4515750,-135000,59,34094115.0,57,F1,6750,,,,,
2026-02-18,2026-02-18,FO,NSE,STO,143833,,NMDC,,2026-02-24,2026-02-24,88.5,PE,NMDC26FEB88.5PE,0.0,0.0,0.0,9.1,9.1,9.1,80.09,8.34,94500,0,0,0.0,0,F1,6750,,,,,
2026-02-18,2026-02-18,FO,NSE,STO,144070,,NMDC,,2026-03-30,2026-03-30,73.5,PE,NMDC26MAR73.5PE,0.93,0.93,0.81,0.83,0.85,0.81,80.09,0.83,729000,702000,122,61261042.5,63,F1,6750,,,,,
2026-02-18,2026-02-18,FO,NSE,STO,144074,,NMDC,,2026-03-30,2026-03-30,77.5,PE,NMDC26MAR77.5PE,2.1,2.22,1.8,1.83,1.85,2.4,80.09,1.83,931500,6750,25,13414815.0,23,F1,6750,,,,,
2026-02-18,2026-02-18,FO,NSE,STO,144078,,NMDC,,2026-03-30,2026-03-30,81.5,PE,NMDC26MAR81.5PE,4.05,4.05,3.7,3.7,3.7,4.22,80.09,3.97,47250,0,3,1730025.0,3,F1,6750,,,,,
2026-02-18,2026-02-18,FO,NSE,STO,144080,,NMDC,,2026-03-30,2026-03-30,83.5,PE,NMDC26MAR83.5PE,0.0,0.0,0.0,5.59,5.59,5.59,80.09,5.18,74250,0,0,0.0,0,F1,6750,,,,,
2026-02-18,2026-02-18,FO,NSE,STO,61280,,NMDC,,2026-03-30,2026-03-30,87.0,PE,NMDC26MAR87PE,0.0,0.0,0.0,8.63,0.0,8.63,80.09,7.66,0,0,0,0.0,0,F1,6750,,,,,
2026-02-18,2026-02-18,FO,NSE,STO,144084,,NMDC,,2026-03-30,2026-03-30,87.5,PE,NMDC26MAR87.5PE,8.3,8.32,7.7,7.85,7.85,8.62,80.09,8.05,2335500,438750,79,50928750.0,64,F1,6750,,,,,
2026-02-18,2026-02-18,FO,NSE,STO,145450,,NMDC,,2026-03-30,2026-03-30,90.5,PE,NMDC26MAR90.5PE,0.0,0.0,0.0,14.28,0.0,14.28,80.09,10.54,0,0,0,0.0,0,F1,6750,,,,,
2026-02-18,2026-02-18,FO,NSE,STO,145490,,NMDC,,2026-04-28,2026-04-28,71.5,PE,NMDC26APR71.5PE,0.0,0.0,0.0,3.16,0.0,3.16,80.09,1.14,0,0,0,0.0,0,F1,6750,,,,,
2026-02-18,2026-02-18,FO,NSE,STO,61372,,NMDC,,2026-04-28,2026-04-28,78.0,PE,NMDC26APR78PE,0.0,0.0,0.0,4.16,0.0,4.16,80.09,3.17,0,0,0,0.0,0,F1,6750,,,,,
2026-02-18,2026-02-18,FO,NSE,STO,145500,,NMDC,,2026-04-28,2026-04-28,81.5,PE,NMDC26APR81.5PE,0.0,0.0,0.0,8.15,0.0,8.15,80.09,4.86,0,0,0,0.0,0,F1,6750,,,,,
2026-02-18,2026-02-18,FO,NSE,STO,145453,,NMDC,,2026-03-30,2026-03-30,94.5,CE,NMDC26MAR94.5CE,0.0,0.0,0.0,0.34,0.34,0.34,80.09,0.3,216000,0,0,0.0,0,F1,6750,,,,,
2026-02-18,2026-02-18,FO,NSE,STO,145451,,NMDC,,2026-03-30,2026-03-30,92.5,CE,NMDC26MAR92.5CE,0.52,0.52,0.46,0.48,0.48,0.47,80.09,0.48,492750,40500,51,32011605.0,37,F1,6750,,,,,
2026-02-18,2026-02-18,FO,NSE,STO,61275,,NMDC,,2026-03-30,2026-03-30,85.0,CE,NMDC26MAR85CE,1.55,1.8,1.55,1.7,1.7,1.55,80.09,1.7,1606500,729000,234,136953517.5,145,F1,6750,,,,,
2026-02-18,2026-02-18,FO,NSE,STO,144059,,NMDC,,2026-03-30,2026-03-30,63.5,CE,NMDC26MAR63.5CE,17.0,17.2,17.0,17.1,17.1,16.1,80.09,17.01,357750,101250,15,8162437.5,5,F1,6750,,,,,
2026-02-18,2026-02-18,FO,NSE,STO,61264,,NMDC,,2026-03-30,2026-03-30,81.0,PE,NMDC26MAR81PE,3.48,3.64,3.35,3.37,3.41,4.67,80.09,3.37,67500,67500,16,9124650.0,16,F1,6750,,,,,
2026-02-18,2026-02-18,FO,NSE,STO,61110,,NMDC,,2026-02-24,2026-02-24,90.0,CE,NMDC26FEB90CE,0.1,0.1,0.06,0.07,0.07,0.1,80.09,0.07,357750,216000,84,51080355.0,66,F1,6750,,,,,
2026-02-18,2026-02-18,FO,NSE,STO,61096,,NMDC,,2026-02-24,2026-02-24,83.0,CE,NMDC26FEB83CE,0.47,0.66,0.41,0.43,0.41,0.54,80.09,0.43,1046250,60750,61,34381125.0,61,F1,6750,,,,,
2026-02-18,2026-02-18,FO,NSE,STO,61078,,NMDC,,2026-02-24,2026-02-24,80.0,CE,NMDC26FEB80CE,1.27,1.67,1.0,1.29,1.25,1.27,80.09,1.29,2484000,-614250,2527,1387887480.0,2125,F1,6750,,,,,
2026-02-18,2026-02-18,FO,NSE,STO,145495,,NMDC,,2026-04-28,2026-04-28,77.5,CE,NMDC26APR77.5CE,0.0,0.0,0.0,5.9,0.0,5.9,80.09,6.36,0,0,0,0.0,0,F1,6750,,,,,
2026-02-18,2026-02-18,FO,NSE,STO,121583,,NMDC,,2026-02-24,2026-02-24,79.5,CE,NMDC26FEB79.5CE,1.4,1.9,1.29,1.62,1.52,1.45,80.09,1.62,4185000,-324000,1027,562279522.5,869,F1,6750,,,,,
2026-02-18,2026-02-18,FO,NSE,STO,145434,,NMDC,,2026-03-30,2026-03-30,74.5,PE,NMDC26MAR74.5PE,1.2,1.29,1.03,1.04,1.04,1.3,80.09,1.15,459000,-6750,15,7660237.5,14,F1,6750,,,,,
2026-02-18,2026-02-18,FO,NSE,STO,61102,,NMDC,,2026-02-24,2026-02-24,86.0,CE,NMDC26FEB86CE,0.23,0.27,0.14,0.15,0.14,0.24,80.09,0.15,459000,74250,59,34325100.0,51,F1,6750,,,,,
2026-02-18,2026-02-18,FO,NSE,STO,61101,,NMDC,,2026-02-24,2026-02-24,85.0,PE,NMDC26FEB85PE,5.62,5.68,5.01,5.07,5.07,6.37,80.09,5.07,81000,47250,16,9761242.5,16,F1,6750,,,,,
2026-02-18,2026-02-18,FO,NSE,STO,145489,,NMDC,,2026-04-28,2026-04-28,71.5,CE,NMDC26APR71.5CE,0.0,0.0,0.0,9.13,0.0,9.13,80.09,10.47,0,0,0,0.0,0,F1,6750,,,,,
2026-02-18,2026-02-18,FO,NSE,STO,145449,,NMDC,,2026-03-30,2026-03-30,90.5,CE,NMDC26MAR90.5CE,0.68,0.72,0.62,0.66,0.66,0.64,80.09,0.66,864000,94500,31,19079752.5,28,F1,6750,,,,,
2026-02-18,2026-02-18,FO,NSE,STO,145361,,NMDC,,2026-03-30,2026-03-30,66.5,PE,NMDC26MAR66.5PE,0.0,0.0,0.0,0.3,0.3,0.3,80.09,0.12,141750,0,0,0.0,0,F1,6750,,,,,
2026-02-18,2026-02-18,FO,NSE,STO,61234,,NMDC,,2026-03-30,2026-03-30,68.0,PE,NMDC26MAR68PE,0.0,0.0,0.0,0.49,0.0,0.49,80.09,0.2,0,0,0,0.0,0,F1,6750,,,,,
2026-02-18,2026-02-18,FO,NSE,STO,145504,,NMDC,,2026-04-28,2026-04-28,85.5,PE,NMDC26APR85.5PE,0.0,0.0,0.0,10.84,0.0,10.84,80.09,7.29,0,0,0,0.0,0,F1,6750,,,,,
2026-02-18,2026-02-18,FO,NSE,STO,145488,,NMDC,,2026-04-28,2026-04-28,69.5,PE,NMDC26APR69.5PE,0.0,0.0,0.0,2.48,0.0,2.48,80.09,0.77,0,0,0,0.0,0,F1,6750,,,,,
2026-02-18,2026-02-18,FO,NSE,STO,145486,,NMDC,,2026-04-28,2026-04-28,67.5,PE,NMDC26APR67.5PE,0.0,0.0,0.0,1.91,0.0,1.91,80.09,0.5,0,0,0,0.0,0,F1,6750,,,,,
2026-02-18,2026-02-18,FO,NSE,STO,145484,,NMDC,,2026-04-28,2026-04-28,65.5,PE,NMDC26APR65.5PE,0.0,0.0,0.0,1.43,0.0,1.43,80.09,0.31,0,0,0,0.0,0,F1,6750,,,,,
2026-02-18,2026-02-18,FO,NSE,STO,61252,,NMDC,,2026-03-30,2026-03-30,76.0,PE,NMDC26MAR76PE,1.69,1.7,1.64,1.64,1.64,1.71,80.09,1.57,148500,6750,3,1572952.5,3,F1,6750,,,,,
2026-02-18,2026-02-18,FO,NSE,STO,144068,,NMDC,,2026-03-30,2026-03-30,71.5,PE,NMDC26MAR71.5PE,0.6,0.6,0.54,0.55,0.56,0.82,80.09,0.55,189000,74250,14,6810210.0,12,F1,6750,,,,,
2026-02-18,2026-02-18,FO,NSE,STO,121605,,NMDC,,2026-02-24,2026-02-24,91.5,CE,NMDC26FEB91.5CE,0.07,0.08,0.01,0.05,0.05,0.07,80.09,0.05,2085750,-67500,76,46966702.5,66,F1,6750,,,,,
2026-02-18,2026-02-18,FO,NSE,STO,90743,,BHARATFORG,,2026-04-28,2026-04-28,1640.0,PE,BHARATFORG26APR1640PE,0.0,0.0,0.0,231.75,0.0,231.75,1771.4,35.65,0,0,0,0.0,0,F1,500,,,,,
2026-02-18,2026-02-18,FO,NSE,STO,90749,,BHARATFORG,,2026-04-28,2026-04-28,1720.0,PE,BHARATFORG26APR1720PE,0.0,0.0,0.0,297.25,0.0,297.25,1771.4,62.9,0,0,0,0.0,0,F1,500,,,,,
2026-02-18,2026-02-18,FO,NSE,STO,90755,,BHARATFORG,,2026-04-28,2026-04-28,1840.0,PE,BHARATFORG26APR1840PE,0.0,0.0,0.0,403.7,0.0,403.7,1771.4,123.45,0,0,0,0.0,0,F1,500,,,,,
2026-02-18,2026-02-18,FO,NSE,STO,78151,,BHARATFORG,,2026-03-30,2026-03-30,1240.0,PE,BHARATFORG26MAR1240PE,0.0,0.0,0.0,20.25,0.0,20.25,1771.4,0.05,0,0,0,0.0,0,F1,500,,,,,
2026-02-18,2026-02-18,FO,NSE,STO,78167,,BHARATFORG,,2026-03-30,2026-03-30,1520.0,PE,BHARATFORG26MAR1520PE,0.0,0.0,0.0,62.7,62.7,62.7,1771.4,4.4,4000,0,0,0.0,0,F1,500,,,,,
2026-02-18,2026-02-18,FO,NSE,STO,78176,,BHARATFORG,,2026-03-30,2026-03-30,1560.0,PE,BHARATFORG26MAR1560PE,0.0,0.0,0.0,69.6,69.6,69.6,1771.4,7.85,1000,0,0,0.0,0,F1,500,,,,,
2026-02-18,2026-02-18,FO,NSE,STO,90667,,BHARATFORG,,2026-03-30,2026-03-30,1740.0,PE,BHARATFORG26MAR1740PE,55.0,55.0,45.8,46.1,45.8,58.5,1771.4,46.1,35000,2000,20,17898900.0,19,F1,500,,,,,
2026-02-18,2026-02-18,FO,NSE,STO,90671,,BHARATFORG,,2026-03-30,2026-03-30,1820.0,PE,BHARATFORG26MAR1820PE,0.0,0.0,0.0,387.25,0.0,387.25,1771.4,93.75,0,0,0,0.0,0,F1,500,,,,,
2026-02-18,2026-02-18,FO,NSE,STO,90737,,BHARATFORG,,2026-04-28,2026-04-28,1520.0,PE,BHARATFORG26APR1520PE,0.0,0.0,0.0,145.5,0.0,145.5,1771.4,12.1,0,0,0,0.0,0,F1,500,,,,,
2026-02-18,2026-02-18,FO,NSE,STO,90747,,BHARATFORG,,2026-04-28,2026-04-28,1680.0,PE,BHARATFORG26APR1680PE,0.0,0.0,0.0,263.8,0.0,263.8,1771.4,48.0,0,0,0,0.0,0,F1,500,,,,,
2026-02-18,2026-02-18,FO,NSE,STO,46480,,BHARATFORG,,2026-02-24,2026-02-24,1900.0,PE,BHARATFORG26FEB1900PE,0.0,0.0,0.0,355.0,0.0,355.0,1771.4,128.1,0,0,0,0.0,0,F1,500,,,,,
2026-02-18,2026-02-18,FO,NSE,STO,77867,,BHARATFORG,,2026-02-24,2026-02-24,1820.0,PE,BHARATFORG26FEB1820PE,63.0,67.25,54.55,55.7,55.55,80.95,1771.4,55.7,30500,9500,73,68598650.0,73,F1,500,,,,,
2026-02-18,2026-02-18,FO,NSE,STO,79508,,BHARATFORG,,2026-02-24,2026-02-24,1720.0,PE,BHARATFORG26FEB1720PE,15.45,15.45,7.75,8.3,8.5,19.1,1771.4,8.3,134500,4000,949,821346475.0,799,F1,500,,,,,
2026-02-18,2026-02-18,FO,NSE,STO,77835,,BHARATFORG,,2026-02-24,2026-02-24,1580.0,PE,BHARATFORG26FEB1580PE,1.8,1.8,1.1,1.15,1.15,2.4,1771.4,1.15,85500,-1500,81,64048750.0,68,F1,500,,,,,
2026-02-18,2026-02-18,FO,NSE,STO,79398,,BHARATFORG,,2026-02-24,2026-02-24,1320.0,PE,BHARATFORG26FEB1320PE,0.6,2.9,0.3,0.3,0.3,0.6,1771.4,0.3,38500,3500,15,9903750.0,10,F1,500,,,,,
2026-02-18,2026-02-18,FO,NSE,STO,90666,,BHARATFORG,,2026-03-30,2026-03-30,1740.0,CE,BHARATFORG26MAR1740CE,89.0,92.0,83.0,88.65,88.65,79.8,1771.4,88.65,37000,12500,42,38337675.0,30,F1,500,,,,,
2026-02-18,2026-02-18,FO,NSE,STO,90660,,BHARATFORG,,2026-03-30,2026-03-30,1620.0,CE,BHARATFORG26MAR1620CE,0.0,0.0,0.0,149.0,149.0,149.0,1771.4,177.7,4000,0,0,0.0,0,F1,500,,,,,
2026-02-18,2026-02-18,FO,NSE,STO,78162,,BHARATFORG,,2026-03-30,2026-03-30,1440.0,CE,BHARATFORG26MAR1440CE,0.0,0.0,0.0,120.35,0.0,120.35,1771.4,341.2,0,0,0,0.0,0,F1,500,,,,,
2026-02-18,2026-02-18,FO,NSE,STO,90454,,BHARATFORG,,2026-03-30,2026-03-30,1220.0,CE,BHARATFORG26MAR1220CE,0.0,0.0,0.0,223.85,0.0,223.85,1771.4,558.75,0,0,0,0.0,0,F1,500,,,,,
2026-02-18,2026-02-18,FO,NSE,STO,79413,,BHARATFORG,,2026-02-24,2026-02-24,1440.0,CE,BHARATFORG26FEB1440CE,319.6,319.6,319.6,319.6,319.6,309.05,1771.4,332.7,70000,1000,2,1759600.0,1,F1,500,,,,,
2026-02-18,2026-02-18,FO,NSE,STO,77826,,BHARATFORG,,2026-02-24,2026-02-24,1420.0,CE,BHARATFORG26FEB1420CE,0.0,0.0,0.0,345.0,345.0,345.0,1771.4,352.7,52500,0,0,0.0,0,F1,500,,,,,
2026-02-18,2026-02-18,FO,NSE,STO,90523,,BHARATFORG,,2026-03-30,2026-03-30,1260.0,PE,BHARATFORG26MAR1260PE,0.0,0.0,0.0,19.6,0.0,19.6,1771.4,0.05,0,0,0,0.0,0,F1,500,,,,,
2026-02-18,2026-02-18,FO,NSE,STO,78153,,BHARATFORG,,2026-03-30,2026-03-30,1280.0,PE,BHARATFORG26MAR1280PE,0.0,0.0,0.0,18.5,18.5,18.5,1771.4,0.05,0,0,0,0.0,0,F1,500,,,,,
2026-02-18,2026-02-18,FO,NSE,STO,78163,,BHARATFORG,,2026-03-30,2026-03-30,1440.0,PE,BHARATFORG26MAR1440PE,3.0,3.0,3.0,3.0,3.0,16.0,1771.4,1.15,500,0,1,721500.0,1,F1,500,,,,,
2026-02-18,2026-02-18,FO,NSE,STO,90655,,BHARATFORG,,2026-03-30,2026-03-30,1500.0,PE,BHARATFORG26MAR1500PE,6.0,6.0,4.25,4.3,4.3,6.2,1771.4,4.3,69000,7000,35,26337125.0,34,F1,500,,,,,
2026-02-18,2026-02-18,FO,NSE,STF,59263,,BHARATFORG,,2026-02-24,2026-02-24,,,BHARATFORG26FEBFUT,1751.2,1781.8,1749.6,1774.6,1774.5,1752.6,1771.4,1774.6,8194000,-68000,3482,3080787650.0,3199,F1,500,,,,,
2026-02-18,2026-02-18,FO,NSE,STO,77834,,BHARATFORG,,2026-02-24,2026-02-24,1580.0,CE,BHARATFORG26FEB1580CE,200.0,200.0,200.0,200.0,200.0,180.0,1771.4,192.85,89000,0,1,890000.0,1,F1,500,,,,,
2026-02-18,2026-02-18,FO,NSE,STO,78133,,BHARATFORG,,2026-03-30,2026-03-30,1240.0,CE,BHARATFORG26MAR1240CE,0.0,0.0,0.0,253.2,0.0,253.2,1771.4,538.85,0,0,0,0.0,0,F1,500,,,,,
2026-02-18,2026-02-18,FO,NSE,STO,78158,,BHARATFORG,,2026-03-30,2026-03-30,1400.0,CE,BHARATFORG26MAR1400CE,0.0,0.0,0.0,365.0,365.0,365.0,1771.4,380.35,1500,0,0,0.0,0,F1,500,,,,,
2026-02-18,2026-02-18,FO,NSE,STO,90642,,BHARATFORG,,2026-03-30,2026-03-30,1420.0,CE,BHARATFORG26MAR1420CE,0.0,0.0,0.0,88.2,0.0,88.2,1771.4,360.7,0,0,0,0.0,0,F1,500,,,,,
2026-02-18,2026-02-18,FO,NSE,STO,78164,,BHARATFORG,,2026-03-30,2026-03-30,1480.0,CE,BHARATFORG26MAR1480CE,0.0,0.0,0.0,101.05,0.0,101.05,1771.4,302.6,0,0,0,0.0,0,F1,500,,,,,
2026-02-18,2026-02-18,FO,NSE,STO,78207,,BHARATFORG,,2026-03-30,2026-03-30,1840.0,CE,BHARATFORG26MAR1840CE,42.0,42.45,40.65,42.45,42.45,33.95,1771.4,42.45,9500,8500,26,24459125.0,21,F1,500,,,,,
2026-02-18,2026-02-18,FO,NSE,STO,46489,,BHARATFORG,,2026-03-30,2026-03-30,1900.0,CE,BHARATFORG26MAR1900CE,0.0,0.0,0.0,8.9,0.0,8.9,1771.4,30.5,0,0,0,0.0,0,F1,500,,,,,
2026-02-18,2026-02-18,FO,NSE,STO,79397,,BHARATFORG,,2026-02-24,2026-02-24,1320.0,CE,BHARATFORG26FEB1320CE,0.0,0.0,0.0,121.25,121.25,121.25,1771.4,452.6,3000,0,0,0.0,0,F1,500,,,,,
2026-02-18,2026-02-18,FO,NSE,STO,79529,,BHARATFORG,,2026-02-24,2026-02-24,1920.0,PE,BHARATFORG26FEB1920PE,0.0,0.0,0.0,488.8,0.0,488.8,1771.4,147.5,0,0,0,0.0,0,F1,500,,,,,
2026-02-18,2026-02-18,FO,NSE,STO,79525,,BHARATFORG,,2026-02-24,2026-02-24,1840.0,PE,BHARATFORG26FEB1840PE,0.0,0.0,0.0,109.95,114.65,109.95,1771.4,73.75,30000,0,0,0.0,0,F1,500,,,,,
2026-02-18,2026-02-18,FO,NSE,STO,77827,,BHARATFORG,,2026-02-24,2026-02-24,1420.0,PE,BHARATFORG26FEB1420PE,0.0,0.0,0.0,1.3,1.3,1.3,1771.4,0.05,33000,0,0,0.0,0,F1,500,,,,,
2026-02-18,2026-02-18,FO,NSE,STO,90736,,BHARATFORG,,2026-04-28,2026-04-28,1520.0,CE,BHARATFORG26APR1520CE,0.0,0.0,0.0,67.3,0.0,67.3,1771.4,279.2,0,0,0,0.0,0,F1,500,,,,,
2026-02-18,2026-02-18,FO,NSE,STO,90726,,BHARATFORG,,2026-04-28,2026-04-28,1320.0,CE,BHARATFORG26APR1320CE,0.0,0.0,0.0,165.7,0.0,165.7,1771.4,465.9,0,0,0,0.0,0,F1,500,,,,,
2026-02-18,2026-02-18,FO,NSE,STO,90722,,BHARATFORG,,2026-04-28,2026-04-28,1240.0,CE,BHARATFORG26APR1240CE,0.0,0.0,0.0,222.55,0.0,222.55,1771.4,544.4,0,0,0,0.0,0,F1,500,,,,,
2026-02-18,2026-02-18,FO,NSE,STO,90719,,BHARATFORG,,2026-04-28,2026-04-28,1160.0,PE,BHARATFORG26APR1160PE,0.0,0.0,0.0,11.6,0.0,11.6,1771.4,0.05,0,0,0,0.0,0,F1,500,,,,,
2026-02-18,2026-02-18,FO,NSE,STO,77815,,BHARATFORG,,2026-02-24,2026-02-24,1180.0,PE,BHARATFORG26FEB1180PE,0.0,0.0,0.0,0.1,0.1,0.1,1771.4,0.05,5000,0,0,0.0,0,F1,500,,,,,
2026-02-18,2026-02-18,FO,NSE,STO,79382,,BHARATFORG,,2026-02-24,2026-02-24,1160.0,PE,BHARATFORG26FEB1160PE,0.0,0.0,0.0,0.8,0.8,0.8,1771.4,0.05,0,0,0,0.0,0,F1,500,,,,,
2026-02-18,2026-02-18,FO,NSE,STO,90754,,BHARATFORG,,2026-04-28,2026-04-28,1840.0,CE,BHARATFORG26APR1840CE,0.0,0.0,0.0,10.35,0.0,10.35,1771.4,73.9,0,0,0,0.0,0,F1,500,,,,,
2026-02-18,2026-02-18,FO,NSE,STO,90718,,BHARATFORG,,2026-04-28,2026-04-28,1160.0,CE,BHARATFORG26APR1160CE,0.0,0.0,0.0,287.85,0.0,287.85,1771.4,623.45,0,0,0,0.0,0,F1,500,,,,,
2026-02-18,2026-02-18,FO,NSE,STO,90668,,BHARATFORG,,2026-03-30,2026-03-30,1780.0,CE,BHARATFORG26MAR1780CE,68.0,68.0,65.35,66.2,66.2,58.5,1771.4,66.2,3000,1500,5,4617425.0,5,F1,500,,,,,
2026-02-18,2026-02-18,FO,NSE,STO,78156,,BHARATFORG,,2026-03-30,2026-03-30,1360.0,CE,BHARATFORG26MAR1360CE,0.0,0.0,0.0,97.0,97.0,97.0,1771.4,419.8,1000,0,0,0.0,0,F1,500,,,,,
2026-02-18,2026-02-18,FO,NSE,STO,77873,,BHARATFORG,,2026-02-24,2026-02-24,1880.0,CE,BHARATFORG26FEB1880CE,3.75,5.2,2.35,2.9,3.1,3.75,1771.4,2.9,246000,-16000,1043,982342575.0,764,F1,500,,,,,
2026-02-18,2026-02-18,FO,NSE,STO,77828,,BHARATFORG,,2026-02-24,2026-02-24,1460.0,CE,BHARATFORG26FEB1460CE,300.0,305.0,300.0,305.0,305.0,273.0,1771.4,312.7,92000,-1000,2,1762500.0,2,F1,500,,,,,
2026-02-18,2026-02-18,FO,NSE,STO,77876,,BHARATFORG,,2026-02-24,2026-02-24,1880.0,PE,BHARATFORG26FEB1880PE,0.0,0.0,0.0,411.6,0.0,411.6,1771.4,109.15,0,0,0,0.0,0,F1,500,,,,,
2026-02-18,2026-02-18,FO,NSE,STO,79504,,BHARATFORG,,2026-02-24,2026-02-24,1680.0,PE,BHARATFORG26FEB1680PE,8.9,9.0,3.35,3.6,3.7,9.1,1771.4,3.6,238000,-28000,595,501330500.0,496,F1,500,,,,,
2026-02-18,2026-02-18,FO,NSE,STO,79407,,BHARATFORG,,2026-02-24,2026-02-24,1400.0,PE,BHARATFORG26FEB1400PE,0.7,0.7,0.5,0.55,0.5,0.85,1771.4,0.55,210500,22000,83,58126525.0,37,F1,500,,,,,
2026-02-18,2026-02-18,FO,NSE,STO,90669,,BHARATFORG,,2026-03-30,2026-03-30,1780.0,PE,BHARATFORG26MAR1780PE,70.0,72.1,63.0,64.95,65.25,80.75,1771.4,64.95,9000,7000,14,12931425.0,13,F1,500,,,,,
2026-02-18,2026-02-18,FO,NSE,STO,90659,,BHARATFORG,,2026-03-30,2026-03-30,1580.0,PE,BHARATFORG26MAR1580PE,11.5,11.5,10.0,10.55,10.55,177.2,1771.4,10.2,2500,2500,5,3977425.0,4,F1,500,,,,,
2026-02-18,2026-02-18,FO,NSE,STO,77839,,BHARATFORG,,2026-02-24,2026-02-24,1660.0,PE,BHARATFORG26FEB1660PE,8.75,8.8,2.5,2.75,2.85,6.45,1771.4,2.75,205000,-36500,583,485003900.0,489,F1,500,,,,,
2026-02-18,2026-02-18,FO,NSE,STO,77872,,BHARATFORG,,2026-02-24,2026-02-24,1860.0,PE,BHARATFORG26FEB1860PE,0.0,0.0,0.0,123.0,123.0,123.0,1771.4,90.95,1000,0,0,0.0,0,F1,500,,,,,
2026-02-18,2026-02-18,FO,NSE,STO,77878,,BHARATFORG,,2026-02-24,2026-02-24,1960.0,PE,BHARATFORG26FEB1960PE,0.0,0.0,0.0,488.95,0.0,488.95,1771.4,186.95,0,0,0,0.0,0,F1,500,,,,,
2026-02-18,2026-02-18,FO,NSE,STO,77814,,BHARATFORG,,2026-02-24,2026-02-24,1180.0,CE,BHARATFORG26FEB1180CE,0.0,0.0,0.0,290.15,0.0,290.15,1771.4,592.45,0,0,0,0.0,0,F1,500,,,,,
2026-02-18,2026-02-18,FO,NSE,STO,77816,,BHARATFORG,,2026-02-24,2026-02-24,1220.0,CE,BHARATFORG26FEB1220CE,0.0,0.0,0.0,537.65,537.65,537.65,1771.4,552.5,5000,0,0,0.0,0,F1,500,,,,,
2026-02-18,2026-02-18,FO,NSE,STO,77822,,BHARATFORG,,2026-02-24,2026-02-24,1340.0,CE,BHARATFORG26FEB1340CE,0.0,0.0,0.0,331.0,331.0,331.0,1771.4,432.6,15500,0,0,0.0,0,F1,500,,,,,
2026-02-18,2026-02-18,FO,NSE,STO,79406,,BHARATFORG,,2026-02-24,2026-02-24,1400.0,CE,BHARATFORG26FEB1400CE,0.0,0.0,0.0,353.0,353.0,353.0,1771.4,372.65,51000,0,0,0.0,0,F1,500,,,,,
2026-02-18,2026-02-18,FO,NSE,STO,79454,,BHARATFORG,,2026-02-24,2026-02-24,1640.0,CE,BHARATFORG26FEB1640CE,127.0,142.0,123.5,138.0,138.0,115.2,1771.4,138.0,145000,-3000,77,68129250.0,75,F1,500,,,,,
2026-02-18,2026-02-18,FO,NSE,STO,90647,,BHARATFORG,,2026-03-30,2026-03-30,1460.0,PE,BHARATFORG26MAR1460PE,4.4,4.4,2.9,2.9,2.9,4.4,1771.4,1.65,35500,-10500,43,31463150.0,34,F1,500,,,,,
2026-02-18,2026-02-18,FO,NSE,STO,78206,,BHARATFORG,,2026-03-30,2026-03-30,1800.0,PE,BHARATFORG26MAR1800PE,85.0,85.0,75.0,76.9,76.9,91.25,1771.4,82.2,33500,6500,26,24443950.0,25,F1,500,,,,,
2026-02-18,2026-02-18,FO,NSE,STO,90725,,BHARATFORG,,2026-04-28,2026-04-28,1280.0,PE,BHARATFORG26APR1280PE,0.0,0.0,0.0,34.9,0.0,34.9,1771.4,0.45,0,0,0,0.0,0,F1,500,,,,,
2026-02-18,2026-02-18,FO,NSE,STO,79510,,BHARATFORG,,2026-02-24,2026-02-24,1760.0,PE,BHARATFORG26FEB1760PE,37.0,37.0,18.25,19.7,20.0,36.75,1771.4,19.7,200500,71000,1743,1555192275.0,1469,F1,500,,,,,
2026-02-18,2026-02-18,FO,NSE,STO,90644,,BHARATFORG,,2026-03-30,2026-03-30,1460.0,CE,BHARATFORG26MAR1460CE,0.0,0.0,0.0,70.0,0.0,70.0,1771.4,321.8,0,0,0,0.0,0,F1,500,,,,,
2026-02-18,2026-02-18,FO,NSE,STO,79467,,BHARATFORG,,2026-02-24,2026-02-24,1680.0,CE,BHARATFORG26FEB1680CE,90.1,103.7,86.35,97.8,97.1,80.35,1771.4,97.8,197000,2000,52,46167150.0,50,F1,500,,,,,
2026-02-18,2026-02-18,FO,NSE,STO,90701,,BHARATFORG,,2026-04-28,2026-04-28,1120.0,CE,BHARATFORG26APR1120CE,0.0,0.0,0.0,323.05,0.0,323.05,1771.4,663.0,0,0,0,0.0,0,F1,500,,,,,
2026-02-18,2026-02-18,FO,NSE,STO,90658,,BHARATFORG,,2026-03-30,2026-03-30,1580.0,CE,BHARATFORG26MAR1580CE,0.0,0.0,0.0,202.0,202.0,202.0,1771.4,211.1,5500,0,0,0.0,0,F1,500,,,,,
2026-02-18,2026-02-18,FO,NSE,STO,90654,,BHARATFORG,,2026-03-30,2026-03-30,1500.0,CE,BHARATFORG26MAR1500CE,0.0,0.0,0.0,262.0,262.0,262.0,1771.4,283.65,1000,0,0,0.0,0,F1,500,,,,,
2026-02-18,2026-02-18,FO,NSE,STO,90742,,BHARATFORG,,2026-04-28,2026-04-28,1640.0,CE,BHARATFORG26APR1640CE,0.0,0.0,0.0,35.35,0.0,35.35,1771.4,184.0,0,0,0,0.0,0,F1,500,,,,,
2026-02-18,2026-02-18,FO,NSE,STO,90750,,BHARATFORG,,2026-04-28,2026-04-28,1760.0,CE,BHARATFORG26APR1760CE,0.0,0.0,0.0,17.3,0.0,17.3,1771.4,110.1,0,0,0,0.0,0,F1,500,,,,,
2026-02-18,2026-02-18,FO,NSE,STO,77819,,BHARATFORG,,2026-02-24,2026-02-24,1260.0,PE,BHARATFORG26FEB1260PE,0.2,0.2,0.2,0.2,0.2,0.3,1771.4,0.05,3000,-500,1,630100.0,1,F1,500,,,,,
2026-02-18,2026-02-18,FO,NSE,STO,79388,,BHARATFORG,,2026-02-24,2026-02-24,1280.0,PE,BHARATFORG26FEB1280PE,0.35,0.35,0.2,0.3,0.3,0.35,1771.4,0.05,10000,-1000,9,5761275.0,6,F1,500,,,,,
2026-02-18,2026-02-18,FO,NSE,STO,77825,,BHARATFORG,,2026-02-24,2026-02-24,1380.0,PE,BHARATFORG26FEB1380PE,0.7,0.7,0.45,0.65,0.65,0.75,1771.4,0.05,53500,-9500,82,56601325.0,29,F1,500,,,,,
2026-02-18,2026-02-18,FO,NSE,STO,46498,,BHARATFORG,,2026-03-30,2026-03-30,1900.0,PE,BHARATFORG26MAR1900PE,0.0,0.0,0.0,351.8,0.0,351.8,1771.4,147.7,0,0,0,0.0,0,F1,500,,,,,
2026-02-18,2026-02-18,FO,NSE,STO,78204,,BHARATFORG,,2026-03-30,2026-03-30,1760.0,PE,BHARATFORG26MAR1760PE,64.65,64.65,53.8,54.35,55.0,64.65,1771.4,54.35,16000,16000,57,51820250.0,48,F1,500,,,,,
2026-02-18,2026-02-18,FO,NSE,STO,90661,,BHARATFORG,,2026-03-30,2026-03-30,1620.0,PE,BHARATFORG26MAR1620PE,18.0,18.0,17.0,17.55,17.55,20.0,1771.4,17.55,7500,1500,4,3275150.0,4,F1,500,,,,,
2026-02-18,2026-02-18,FO,NSE,STO,78184,,BHARATFORG,,2026-03-30,2026-03-30,1600.0,PE,BHARATFORG26MAR1600PE,14.75,14.75,11.5,11.7,12.0,16.7,1771.4,11.7,105500,16500,66,53225800.0,63,F1,500,,,,,
2026-02-18,2026-02-18,FO,NSE,STO,90552,,BHARATFORG,,2026-03-30,2026-03-30,1340.0,PE,BHARATFORG26MAR1340PE,0.0,0.0,0.0,41.25,0.0,41.25,1771.4,0.15,0,0,0,0.0,0,F1,500,,,,,
2026-02-18,2026-02-18,FO,NSE,STO,90550,,BHARATFORG,,2026-03-30,2026-03-30,1300.0,PE,BHARATFORG26MAR1300PE,0.0,0.0,0.0,29.05,0.0,29.05,1771.4,0.05,0,0,0,0.0,0,F1,500,,,,,
2026-02-18,2026-02-18,FO,NSE,STO,79405,,BHARATFORG,,2026-02-24,2026-02-24,1360.0,PE,BHARATFORG26FEB1360PE,0.5,0.5,0.4,0.4,0.4,0.7,1771.4,0.4,81000,0,13,8843200.0,4,F1,500,,,,,
2026-02-18,2026-02-18,FO,NSE,STO,90732,,BHARATFORG,,2026-04-28,2026-04-28,1440.0,CE,BHARATFORG26APR1440CE,0.0,0.0,0.0,99.2,0.0,99.2,1771.4,351.15,0,0,0,0.0,0,F1,500,,,,,
2026-02-18,2026-02-18,FO,NSE,STO,90724,,BHARATFORG,,2026-04-28,2026-04-28,1280.0,CE,BHARATFORG26APR1280CE,0.0,0.0,0.0,193.0,0.0,193.0,1771.4,505.05,0,0,0,0.0,0,F1,500,,,,,
2026-02-18,2026-02-18,FO,NSE,STO,90664,,BHARATFORG,,2026-03-30,2026-03-30,1700.0,CE,BHARATFORG26MAR1700CE,110.0,117.0,108.05,114.5,114.0,102.85,1771.4,114.5,45000,3500,26,23556825.0,14,F1,500,,,,,
2026-02-18,2026-02-18,FO,NSE,STO,90758,,BHARATFORG,,2026-04-28,2026-04-28,1920.0,CE,BHARATFORG26APR1920CE,0.0,0.0,0.0,6.05,0.0,6.05,1771.4,47.45,0,0,0,0.0,0,F1,500,,,,,
2026-02-18,2026-02-18,FO,NSE,STO,90734,,BHARATFORG,,2026-04-28,2026-04-28,1480.0,CE,BHARATFORG26APR1480CE,0.0,0.0,0.0,82.1,0.0,82.1,1771.4,314.55,0,0,0,0.0,0,F1,500,,,,,
2026-02-18,2026-02-18,FO,NSE,STO,78205,,BHARATFORG,,2026-03-30,2026-03-30,1800.0,CE,BHARATFORG26MAR1800CE,55.95,64.15,53.75,57.95,59.15,53.95,1771.4,57.95,100000,16500,193,179283975.0,169,F1,500,,,,,
2026-02-18,2026-02-18,FO,NSE,STO,90662,,BHARATFORG,,2026-03-30,2026-03-30,1660.0,CE,BHARATFORG26MAR1660CE,145.8,145.8,145.8,145.8,145.8,120.5,1771.4,146.85,15500,0,1,902900.0,1,F1,500,,,,,
2026-02-18,2026-02-18,FO,NSE,STO,78166,,BHARATFORG,,2026-03-30,2026-03-30,1520.0,CE,BHARATFORG26MAR1520CE,0.0,0.0,0.0,244.5,244.5,244.5,1771.4,264.95,4500,0,0,0.0,0,F1,500,,,,,
2026-02-18,2026-02-18,FO,NSE,STO,77841,,BHARATFORG,,2026-02-24,2026-02-24,1700.0,CE,BHARATFORG26FEB1700CE,63.5,86.3,63.5,79.4,80.4,64.6,1771.4,79.4,167000,-53000,372,330348600.0,334,F1,500,,,,,
2026-02-18,2026-02-18,FO,NSE,STO,79417,,BHARATFORG,,2026-02-24,2026-02-24,1480.0,CE,BHARATFORG26FEB1480CE,0.0,0.0,0.0,284.65,284.65,284.65,1771.4,292.75,39500,0,0,0.0,0,F1,500,,,,,
2026-02-18,2026-02-18,FO,NSE,STO,90735,,BHARATFORG,,2026-04-28,2026-04-28,1480.0,PE,BHARATFORG26APR1480PE,0.0,0.0,0.0,120.9,0.0,120.9,1771.4,7.8,0,0,0,0.0,0,F1,500,,,,,
2026-02-18,2026-02-18,FO,NSE,STO,90708,,BHARATFORG,,2026-04-28,2026-04-28,1120.0,PE,BHARATFORG26APR1120PE,0.0,0.0,0.0,7.4,0.0,7.4,1771.4,0.05,0,0,0,0.0,0,F1,500,,,,,
2026-02-18,2026-02-18,FO,NSE,STO,35393,,BHARATFORG,,2026-03-30,2026-03-30,1960.0,PE,BHARATFORG26MAR1960PE,0.0,0.0,0.0,468.55,0.0,468.55,1771.4,195.1,0,0,0,0.0,0,F1,500,,,,,
2026-02-18,2026-02-18,FO,NSE,STO,90665,,BHARATFORG,,2026-03-30,2026-03-30,1700.0,PE,BHARATFORG26MAR1700PE,37.5,39.2,31.15,31.95,32.2,42.45,1771.4,31.95,40500,11000,111,96299575.0,103,F1,500,,,,,
2026-02-18,2026-02-18,FO,NSE,STO,78198,,BHARATFORG,,2026-03-30,2026-03-30,1640.0,PE,BHARATFORG26MAR1640PE,21.0,21.15,17.25,17.55,17.6,25.0,1771.4,17.55,12000,9000,27,22388850.0,21,F1,500,,,,,
2026-02-18,2026-02-18,FO,NSE,STO,78165,,BHARATFORG,,2026-03-30,2026-03-30,1480.0,PE,BHARATFORG26MAR1480PE,0.0,0.0,0.0,8.0,8.0,8.0,1771.4,2.3,8500,0,0,0.0,0,F1,500,,,,,
2026-02-18,2026-02-18,FO,NSE,STO,77829,,BHARATFORG,,2026-02-24,2026-02-24,1460.0,PE,BHARATFORG26FEB1460PE,0.9,0.9,0.9,0.9,0.9,1.1,1771.4,0.05,67500,0,1,730450.0,1,F1,500,,,,,
2026-02-18,2026-02-18,FO,NSE,STO,79386,,BHARATFORG,,2026-02-24,2026-02-24,1240.0,PE,BHARATFORG26FEB1240PE,0.3,0.3,0.3,0.3,0.3,0.3,1771.4,0.05,38000,-2000,5,3100750.0,3,F1,500,,,,,
2026-02-18,2026-02-18,FO,NSE,STO,78220,,BHARATFORG,,2026-03-30,2026-03-30,1880.0,PE,BHARATFORG26MAR1880PE,0.0,0.0,0.0,409.15,0.0,409.15,1771.4,133.1,0,0,0,0.0,0,F1,500,,,,,
2026-02-18,2026-02-18,FO,NSE,STO,78200,,BHARATFORG,,2026-03-30,2026-03-30,1680.0,PE,BHARATFORG26MAR1680PE,0.0,0.0,0.0,237.95,0.0,237.95,1771.4,31.1,0,0,0,0.0,0,F1,500,,,,,
2026-02-18,2026-02-18,FO,NSE,STO,79404,,BHARATFORG,,2026-02-24,2026-02-24,1360.0,CE,BHARATFORG26FEB1360CE,0.0,0.0,0.0,398.5,398.5,398.5,1771.4,412.65,15000,0,0,0.0,0,F1,500,,,,,
2026-02-18,2026-02-18,FO,NSE,STO,79425,,BHARATFORG,,2026-02-24,2026-02-24,1520.0,CE,BHARATFORG26FEB1520CE,0.0,0.0,0.0,211.0,211.0,211.0,1771.4,252.75,42000,0,0,0.0,0,F1,500,,,,,
2026-02-18,2026-02-18,FO,NSE,STO,77832,,BHARATFORG,,2026-02-24,2026-02-24,1540.0,CE,BHARATFORG26FEB1540CE,234.35,234.35,226.0,226.0,226.0,191.35,1771.4,232.8,45000,0,2,1770175.0,2,F1,500,,,,,
2026-02-18,2026-02-18,FO,NSE,STO,90657,,BHARATFORG,,2026-03-30,2026-03-30,1540.0,PE,BHARATFORG26MAR1540PE,0.0,0.0,0.0,10.0,10.0,10.0,1771.4,5.95,2500,0,0,0.0,0,F1,500,,,,,
2026-02-18,2026-02-18,FO,NSE,STO,90455,,BHARATFORG,,2026-03-30,2026-03-30,1220.0,PE,BHARATFORG26MAR1220PE,0.0,0.0,0.0,12.6,0.0,12.6,1771.4,0.05,0,0,0,0.0,0,F1,500,,,,,
2026-02-18,2026-02-18,FO,NSE,STO,78132,,BHARATFORG,,2026-03-30,2026-03-30,1200.0,PE,BHARATFORG26MAR1200PE,0.0,0.0,0.0,15.0,15.0,15.0,1771.4,0.05,0,0,0,0.0,0,F1,500,,,,,
2026-02-18,2026-02-18,FO,NSE,STO,35479,,BHARATFORG,,2026-02-24,2026-02-24,1800.0,PE,BHARATFORG26FEB1800PE,58.0,58.0,40.05,41.4,42.0,62.55,1771.4,41.4,92000,-7500,292,269627675.0,254,F1,500,,,,,
2026-02-18,2026-02-18,FO,NSE,STO,90757,,BHARATFORG,,2026-04-28,2026-04-28,1880.0,PE,BHARATFORG26APR1880PE,0.0,0.0,0.0,440.65,0.0,440.65,1771.4,148.7,0,0,0,0.0,0,F1,500,,,,,
2026-02-18,2026-02-18,FO,NSE,STO,79424,,BHARATFORG,,2026-02-24,2026-02-24,1480.0,PE,BHARATFORG26FEB1480PE,0.85,0.85,0.55,0.55,0.55,1.0,1771.4,0.55,39000,-3000,29,21469900.0,27,F1,500,,,,,
2026-02-18,2026-02-18,FO,NSE,STO,77821,,BHARATFORG,,2026-02-24,2026-02-24,1300.0,PE,BHARATFORG26FEB1300PE,0.15,0.25,0.15,0.25,0.25,0.55,1771.4,0.25,34500,-2500,10,6500975.0,5,F1,500,,,,,
2026-02-18,2026-02-18,FO,NSE,STO,90748,,BHARATFORG,,2026-04-28,2026-04-28,1720.0,CE,BHARATFORG26APR1720CE,0.0,0.0,0.0,22.1,0.0,22.1,1771.4,132.1,0,0,0,0.0,0,F1,500,,,,,
2026-02-18,2026-02-18,FO,NSE,STO,78199,,BHARATFORG,,2026-03-30,2026-03-30,1680.0,CE,BHARATFORG26MAR1680CE,0.0,0.0,0.0,108.35,108.35,108.35,1771.4,132.6,25000,0,0,0.0,0,F1,500,,,,,
2026-02-18,2026-02-18,FO,NSE,STO,78131,,BHARATFORG,,2026-03-30,2026-03-30,1200.0,CE,BHARATFORG26MAR1200CE,0.0,0.0,0.0,286.25,0.0,286.25,1771.4,578.6,0,0,0,0.0,0,F1,500,,,,,
2026-02-18,2026-02-18,FO,NSE,STO,79509,,BHARATFORG,,2026-02-24,2026-02-24,1760.0,CE,BHARATFORG26FEB1760CE,27.0,41.6,27.0,33.6,34.5,29.65,1771.4,33.6,262500,-190000,2858,2563795600.0,2404,F1,500,,,,,
2026-02-18,2026-02-18,FO,NSE,STO,77844,,BHARATFORG,,2026-02-24,2026-02-24,1740.0,CE,BHARATFORG26FEB1740CE,41.65,54.15,36.2,46.7,47.85,39.15,1771.4,46.7,168000,-52000,888,792841275.0,805,F1,500,,,,,
2026-02-18,2026-02-18,FO,NSE,STO,78175,,BHARATFORG,,2026-03-30,2026-03-30,1560.0,CE,BHARATFORG26MAR1560CE,0.0,0.0,0.0,18.15,18.15,18.15,1771.4,228.6,1000,0,0,0.0,0,F1,500,,,,,
2026-02-18,2026-02-18,FO,NSE,STO,90522,,BHARATFORG,,2026-03-30,2026-03-30,1260.0,CE,BHARATFORG26MAR1260CE,0.0,0.0,0.0,191.25,0.0,191.25,1771.4,519.0,0,0,0,0.0,0,F1,500,,,,,
2026-02-18,2026-02-18,FO,NSE,STO,90392,,BHARATFORG,,2026-03-30,2026-03-30,1180.0,CE,BHARATFORG26MAR1180CE,0.0,0.0,0.0,258.55,0.0,258.55,1771.4,598.5,0,0,0,0.0,0,F1,500,,,,,
2026-02-18,2026-02-18,FO,NSE,STO,79528,,BHARATFORG,,2026-02-24,2026-02-24,1920.0,CE,BHARATFORG26FEB1920CE,2.0,2.6,1.1,1.35,1.5,2.0,1771.4,1.35,165500,3000,324,311314950.0,283,F1,500,,,,,
2026-02-18,2026-02-18,FO,NSE,STO,79465,,BHARATFORG,,2026-02-24,2026-02-24,1640.0,PE,BHARATFORG26FEB1640PE,3.95,4.2,1.95,2.1,2.2,4.8,1771.4,2.1,131000,-39000,483,396730900.0,343,F1,500,,,,,
2026-02-18,2026-02-18,FO,NSE,STO,77845,,BHARATFORG,,2026-02-24,2026-02-24,1740.0,PE,BHARATFORG26FEB1740PE,27.0,27.0,11.9,12.95,12.9,26.9,1771.4,12.95,314500,58000,1415,1243137500.0,1048,F1,500,,,,,
2026-02-18,2026-02-18,FO,NSE,STO,90731,,BHARATFORG,,2026-04-28,2026-04-28,1400.0,PE,BHARATFORG26APR1400PE,0.0,0.0,0.0,78.9,0.0,78.9,1771.4,2.85,0,0,0,0.0,0,F1,500,,,,,
2026-02-18,2026-02-18,FO,NSE,STO,77818,,BHARATFORG,,2026-02-24,2026-02-24,1260.0,CE,BHARATFORG26FEB1260CE,0.0,0.0,0.0,219.35,0.0,219.35,1771.4,512.55,0,0,0,0.0,0,F1,500,,,,,
2026-02-18,2026-02-18,FO,NSE,STO,79381,,BHARATFORG,,2026-02-24,2026-02-24,1160.0,CE,BHARATFORG26FEB1160CE,0.0,0.0,0.0,597.85,597.85,597.85,1771.4,612.45,8000,0,0,0.0,0,F1,500,,,,,
2026-02-18,2026-02-18,FO,NSE,STO,78219,,BHARATFORG,,2026-03-30,2026-03-30,1880.0,CE,BHARATFORG26MAR1880CE,29.15,34.65,26.9,30.5,30.3,28.55,1771.4,30.5,26500,2500,50,47768150.0,42,F1,500,,,,,
2026-02-18,2026-02-18,FO,NSE,STO,90730,,BHARATFORG,,2026-04-28,2026-04-28,1400.0,CE,BHARATFORG26APR1400CE,0.0,0.0,0.0,118.85,0.0,118.85,1771.4,388.75,0,0,0,0.0,0,F1,500,,,,,
2026-02-18,2026-02-18,FO,NSE,STO,90740,,BHARATFORG,,2026-04-28,2026-04-28,1600.0,CE,BHARATFORG26APR1600CE,0.0,0.0,0.0,44.15,0.0,44.15,1771.4,213.65,0,0,0,0.0,0,F1,500,,,,,
2026-02-18,2026-02-18,FO,NSE,STO,77831,,BHARATFORG,,2026-02-24,2026-02-24,1500.0,PE,BHARATFORG26FEB1500PE,1.2,1.2,0.45,0.5,0.5,1.2,1771.4,0.5,202500,-59000,286,214622750.0,185,F1,500,,,,,
2026-02-18,2026-02-18,FO,NSE,STO,79445,,BHARATFORG,,2026-02-24,2026-02-24,1560.0,PE,BHARATFORG26FEB1560PE,1.45,1.5,0.9,1.0,0.95,2.0,1771.4,1.0,284500,-13500,106,82745250.0,80,F1,500,,,,,
2026-02-18,2026-02-18,FO,NSE,STO,35672,,BHARATFORG,,2026-03-30,2026-03-30,1860.0,CE,BHARATFORG26MAR1860CE,35.0,40.55,33.0,36.1,36.8,33.0,1771.4,36.1,22500,14500,68,64443650.0,60,F1,500,,,,,
2026-02-18,2026-02-18,FO,NSE,STO,90670,,BHARATFORG,,2026-03-30,2026-03-30,1820.0,CE,BHARATFORG26MAR1820CE,48.0,55.05,45.65,49.2,50.35,45.3,1771.4,49.2,23000,9500,39,36447950.0,33,F1,500,,,,,
2026-02-18,2026-02-18,FO,NSE,STO,78201,,BHARATFORG,,2026-03-30,2026-03-30,1720.0,CE,BHARATFORG26MAR1720CE,0.0,0.0,0.0,29.95,0.0,29.95,1771.4,106.4,0,0,0,0.0,0,F1,500,,,,,
2026-02-18,2026-02-18,FO,NSE,STO,78197,,BHARATFORG,,2026-03-30,2026-03-30,1640.0,CE,BHARATFORG26MAR1640CE,154.1,154.25,154.1,154.25,154.25,134.4,1771.4,161.95,9000,-1000,2,1794175.0,2,F1,500,,,,,
2026-02-18,2026-02-18,FO,NSE,STO,78208,,BHARATFORG,,2026-03-30,2026-03-30,1840.0,PE,BHARATFORG26MAR1840PE,0.0,0.0,0.0,372.95,0.0,372.95,1771.4,106.1,0,0,0,0.0,0,F1,500,,,,,
2026-02-18,2026-02-18,FO,NSE,STO,78222,,BHARATFORG,,2026-03-30,2026-03-30,1920.0,PE,BHARATFORG26MAR1920PE,157.0,157.0,157.0,157.0,157.0,193.5,1771.4,157.0,6000,4000,12,12462000.0,2,F1,500,,,,,
2026-02-18,2026-02-18,FO,NSE,STO,90759,,BHARATFORG,,2026-04-28,2026-04-28,1920.0,PE,BHARATFORG26APR1920PE,0.0,0.0,0.0,478.15,0.0,478.15,1771.4,176.2,0,0,0,0.0,0,F1,500,,,,,
2026-02-18,2026-02-18,FO,NSE,STO,79383,,BHARATFORG,,2026-02-24,2026-02-24,1200.0,CE,BHARATFORG26FEB1200CE,0.0,0.0,0.0,392.35,392.35,392.35,1771.4,572.5,5000,0,0,0.0,0,F1,500,,,,,
2026-02-18,2026-02-18,FO,NSE,STO,79385,,BHARATFORG,,2026-02-24,2026-02-24,1240.0,CE,BHARATFORG26FEB1240CE,0.0,0.0,0.0,340.75,340.75,340.75,1771.4,532.5,1500,0,0,0.0,0,F1,500,,,,,
2026-02-18,2026-02-18,FO,NSE,STO,77820,,BHARATFORG,,2026-02-24,2026-02-24,1300.0,CE,BHARATFORG26FEB1300CE,0.0,0.0,0.0,458.35,458.35,458.35,1771.4,472.55,5500,0,0,0.0,0,F1,500,,,,,
2026-02-18,2026-02-18,FO,NSE,STO,79444,,BHARATFORG,,2026-02-24,2026-02-24,1560.0,CE,BHARATFORG26FEB1560CE,0.0,0.0,0.0,197.0,197.0,197.0,1771.4,212.8,61000,0,0,0.0,0,F1,500,,,,,
2026-02-18,2026-02-18,FO,NSE,STO,77850,,BHARATFORG,,2026-02-24,2026-02-24,1780.0,CE,BHARATFORG26FEB1780CE,21.05,30.6,19.35,23.45,24.3,21.05,1771.4,23.45,314500,41000,2938,2650481275.0,2520,F1,500,,,,,
2026-02-18,2026-02-18,FO,NSE,STO,90720,,BHARATFORG,,2026-04-28,2026-04-28,1200.0,CE,BHARATFORG26APR1200CE,0.0,0.0,0.0,254.25,0.0,254.25,1771.4,583.9,0,0,0,0.0,0,F1,500,,,,,
2026-02-18,2026-02-18,FO,NSE,STO,90744,,BHARATFORG,,2026-04-28,2026-04-28,1680.0,CE,BHARATFORG26APR1680CE,0.0,0.0,0.0,28.05,0.0,28.05,1771.4,156.8,0,0,0,0.0,0,F1,500,,,,,
2026-02-18,2026-02-18,FO,NSE,STO,90760,,BHARATFORG,,2026-04-28,2026-04-28,2000.0,CE,BHARATFORG26APR2000CE,0.0,0.0,0.0,3.5,0.0,3.5,1771.4,29.2,0,0,0,0.0,0,F1,500,,,,,
2026-02-18,2026-02-18,FO,NSE,STO,79453,,BHARATFORG,,2026-02-24,2026-02-24,1600.0,PE,BHARATFORG26FEB1600PE,2.8,3.05,1.2,1.3,1.35,3.0,1771.4,1.3,331000,-53000,595,476527375.0,435,F1,500,,,,,
2026-02-18,2026-02-18,FO,NSE,STO,77853,,BHARATFORG,,2026-02-24,2026-02-24,1780.0,PE,BHARATFORG26FEB1780PE,47.7,47.7,27.65,29.65,29.5,49.2,1771.4,29.65,100000,38500,701,635987200.0,620,F1,500,,,,,
2026-02-18,2026-02-18,FO,NSE,STO,78155,,BHARATFORG,,2026-03-30,2026-03-30,1320.0,PE,BHARATFORG26MAR1320PE,2.0,2.0,1.0,1.1,1.1,4.75,1771.4,0.1,33500,-2000,10,6606500.0,10,F1,500,,,,,
2026-02-18,2026-02-18,FO,NSE,STO,79387,,BHARATFORG,,2026-02-24,2026-02-24,1280.0,CE,BHARATFORG26FEB1280CE,0.0,0.0,0.0,478.0,478.0,478.0,1771.4,492.55,3500,0,0,0.0,0,F1,500,,,,,
2026-02-18,2026-02-18,FO,NSE,STO,77824,,BHARATFORG,,2026-02-24,2026-02-24,1380.0,CE,BHARATFORG26FEB1380CE,0.0,0.0,0.0,379.0,379.0,379.0,1771.4,392.65,19000,0,0,0.0,0,F1,500,,,,,
2026-02-18,2026-02-18,FO,NSE,STO,77830,,BHARATFORG,,2026-02-24,2026-02-24,1500.0,CE,BHARATFORG26FEB1500CE,268.1,274.45,265.9,274.45,274.45,250.0,1771.4,274.45,184000,-2000,6,5306375.0,3,F1,500,,,,,
2026-02-18,2026-02-18,FO,NSE,STO,77864,,BHARATFORG,,2026-02-24,2026-02-24,1820.0,CE,BHARATFORG26FEB1820CE,9.15,15.35,8.3,10.15,10.8,10.8,1771.4,10.15,221000,29000,1575,1442432925.0,1381,F1,500,,,,,
2026-02-18,2026-02-18,FO,NSE,STO,77868,,BHARATFORG,,2026-02-24,2026-02-24,1860.0,CE,BHARATFORG26FEB1860CE,5.0,7.45,3.55,4.4,4.7,5.35,1771.4,4.4,96500,-9500,889,829054225.0,775,F1,500,,,,,
2026-02-18,2026-02-18,FO,NSE,STO,77877,,BHARATFORG,,2026-02-24,2026-02-24,1960.0,CE,BHARATFORG26FEB1960CE,2.1,2.1,0.1,0.7,0.7,1.7,1771.4,0.7,6500,6500,19,18627825.0,13,F1,500,,,,,
2026-02-18,2026-02-18,FO,NSE,STO,78123,,BHARATFORG,,2026-03-30,2026-03-30,1160.0,CE,BHARATFORG26MAR1160CE,0.0,0.0,0.0,320.9,0.0,320.9,1771.4,618.35,0,0,0,0.0,0,F1,500,,,,,
2026-02-18,2026-02-18,FO,NSE,STO,90610,,BHARATFORG,,2026-03-30,2026-03-30,1380.0,CE,BHARATFORG26MAR1380CE,0.0,0.0,0.0,109.4,0.0,109.4,1771.4,400.05,0,0,0,0.0,0,F1,500,,,,,
2026-02-18,2026-02-18,FO,NSE,STO,90656,,BHARATFORG,,2026-03-30,2026-03-30,1540.0,CE,BHARATFORG26MAR1540CE,0.0,0.0,0.0,210.0,210.0,210.0,1771.4,246.6,5000,0,0,0.0,0,F1,500,,,,,
2026-02-18,2026-02-18,FO,NSE,STO,78183,,BHARATFORG,,2026-03-30,2026-03-30,1600.0,CE,BHARATFORG26MAR1600CE,0.0,0.0,0.0,167.0,167.0,167.0,1771.4,194.1,33500,0,0,0.0,0,F1,500,,,,,
2026-02-18,2026-02-18,FO,NSE,STO,78221,,BHARATFORG,,2026-03-30,2026-03-30,1920.0,CE,BHARATFORG26MAR1920CE,21.55,25.0,19.35,21.0,21.4,20.35,1771.4,21.0,47000,8500,98,95144100.0,92,F1,500,,,,,
2026-02-18,2026-02-18,FO,NSE,STO,77817,,BHARATFORG,,2026-02-24,2026-02-24,1220.0,PE,BHARATFORG26FEB1220PE,0.0,0.0,0.0,2.75,2.75,2.75,1771.4,0.05,500,0,0,0.0,0,F1,500,,,,,
2026-02-18,2026-02-18,FO,NSE,STO,77823,,BHARATFORG,,2026-02-24,2026-02-24,1340.0,PE,BHARATFORG26FEB1340PE,0.5,0.5,0.25,0.3,0.25,0.5,1771.4,0.3,36000,2500,24,16084275.0,15,F1,500,,,,,
2026-02-18,2026-02-18,FO,NSE,STO,79414,,BHARATFORG,,2026-02-24,2026-02-24,1440.0,PE,BHARATFORG26FEB1440PE,0.65,0.7,0.5,0.6,0.5,0.85,1771.4,0.6,70000,-6000,25,18007375.0,20,F1,500,,,,,
2026-02-18,2026-02-18,FO,NSE,STO,90727,,BHARATFORG,,2026-04-28,2026-04-28,1320.0,PE,BHARATFORG26APR1320PE,0.0,0.0,0.0,47.0,0.0,47.0,1771.4,0.85,0,0,0,0.0,0,F1,500,,,,,
2026-02-18,2026-02-18,FO,NSE,STO,90729,,BHARATFORG,,2026-04-28,2026-04-28,1360.0,PE,BHARATFORG26APR1360PE,0.0,0.0,0.0,61.65,0.0,61.65,1771.4,1.6,0,0,0,0.0,0,F1,500,,,,,
2026-02-18,2026-02-18,FO,NSE,STO,90751,,BHARATFORG,,2026-04-28,2026-04-28,1760.0,PE,BHARATFORG26APR1760PE,0.0,0.0,0.0,331.8,0.0,331.8,1771.4,80.45,0,0,0,0.0,0,F1,500,,,,,
2026-02-18,2026-02-18,FO,NSE,STO,90761,,BHARATFORG,,2026-04-28,2026-04-28,2000.0,PE,BHARATFORG26APR2000PE,0.0,0.0,0.0,554.35,0.0,554.35,1771.4,237.1,0,0,0,0.0,0,F1,500,,,,,
2026-02-18,2026-02-18,FO,NSE,STF,66727,,BHARATFORG,,2026-04-28,2026-04-28,,,BHARATFORG26APRFUT,1778.0,1794.0,1771.2,1786.9,1789.7,1766.0,1771.4,1786.9,45500,1000,33,29414300.0,30,F1,500,,,,,
2026-02-18,2026-02-18,FO,NSE,STO,79442,,BHARATFORG,,2026-02-24,2026-02-24,1520.0,PE,BHARATFORG26FEB1520PE,0.95,1.05,0.6,0.65,0.6,1.4,1771.4,0.65,58500,-11000,48,36500125.0,38,F1,500,,,,,
2026-02-18,2026-02-18,FO,NSE,STO,90756,,BHARATFORG,,2026-04-28,2026-04-28,1880.0,CE,BHARATFORG26APR1880CE,0.0,0.0,0.0,7.95,0.0,7.95,1771.4,59.55,0,0,0,0.0,0,F1,500,,,,,
2026-02-18,2026-02-18,FO,NSE,STO,90752,,BHARATFORG,,2026-04-28,2026-04-28,1800.0,CE,BHARATFORG26APR1800CE,0.0,0.0,0.0,13.45,0.0,13.45,1771.4,90.7,0,0,0,0.0,0,F1,500,,,,,
2026-02-18,2026-02-18,FO,NSE,STO,90738,,BHARATFORG,,2026-04-28,2026-04-28,1560.0,CE,BHARATFORG26APR1560CE,0.0,0.0,0.0,54.7,0.0,54.7,1771.4,245.45,0,0,0,0.0,0,F1,500,,,,,
2026-02-18,2026-02-18,FO,NSE,STO,78203,,BHARATFORG,,2026-03-30,2026-03-30,1760.0,CE,BHARATFORG26MAR1760CE,72.4,82.3,72.4,78.65,79.6,70.8,1771.4,78.65,19000,7500,42,38573300.0,42,F1,500,,,,,
2026-02-18,2026-02-18,FO,NSE,STO,90551,,BHARATFORG,,2026-03-30,2026-03-30,1340.0,CE,BHARATFORG26MAR1340CE,0.0,0.0,0.0,133.75,0.0,133.75,1771.4,439.6,0,0,0,0.0,0,F1,500,,,,,
2026-02-18,2026-02-18,FO,NSE,STO,78154,,BHARATFORG,,2026-03-30,2026-03-30,1320.0,CE,BHARATFORG26MAR1320CE,0.0,0.0,0.0,193.1,0.0,193.1,1771.4,459.4,0,0,0,0.0,0,F1,500,,,,,
2026-02-18,2026-02-18,FO,NSE,STO,90524,,BHARATFORG,,2026-03-30,2026-03-30,1300.0,CE,BHARATFORG26MAR1300CE,0.0,0.0,0.0,161.15,0.0,161.15,1771.4,479.25,0,0,0,0.0,0,F1,500,,,,,
2026-02-18,2026-02-18,FO,NSE,STO,46449,,BHARATFORG,,2026-02-24,2026-02-24,1900.0,CE,BHARATFORG26FEB1900CE,2.9,3.75,1.75,2.1,2.2,0.5,1771.4,2.1,26000,26000,101,96083175.0,97,F1,500,,,,,
2026-02-18,2026-02-18,FO,NSE,STO,79505,,BHARATFORG,,2026-02-24,2026-02-24,1720.0,CE,BHARATFORG26FEB1720CE,51.65,69.6,50.75,61.9,63.0,51.65,1771.4,61.9,59500,-20500,225,200220850.0,201,F1,500,,,,,
2026-02-18,2026-02-18,FO,NSE,STF,51825,,BHARATFORG,,2026-03-30,2026-03-30,,,BHARATFORG26MARFUT,1759.4,1789.0,1759.1,1783.9,1785.0,1761.4,1771.4,1783.9,733000,372500,1355,1205097550.0,1260,F1,500,,,,,
2026-02-18,2026-02-18,FO,NSE,STO,90739,,BHARATFORG,,2026-04-28,2026-04-28,1560.0,PE,BHARATFORG26APR1560PE,0.0,0.0,0.0,172.3,0.0,172.3,1771.4,17.95,0,0,0,0.0,0,F1,500,,,,,
2026-02-18,2026-02-18,FO,NSE,STO,90721,,BHARATFORG,,2026-04-28,2026-04-28,1200.0,PE,BHARATFORG26APR1200PE,0.0,0.0,0.0,17.4,0.0,17.4,1771.4,0.1,0,0,0,0.0,0,F1,500,,,,,
2026-02-18,2026-02-18,FO,NSE,STO,78159,,BHARATFORG,,2026-03-30,2026-03-30,1400.0,PE,BHARATFORG26MAR1400PE,0.0,0.0,0.0,7.1,7.1,7.1,1771.4,0.5,1500,0,0,0.0,0,F1,500,,,,,
2026-02-18,2026-02-18,FO,NSE,STO,90611,,BHARATFORG,,2026-03-30,2026-03-30,1380.0,PE,BHARATFORG26MAR1380PE,0.0,0.0,0.0,56.5,0.0,56.5,1771.4,0.35,0,0,0,0.0,0,F1,500,,,,,
2026-02-18,2026-02-18,FO,NSE,STO,78130,,BHARATFORG,,2026-03-30,2026-03-30,1160.0,PE,BHARATFORG26MAR1160PE,0.0,0.0,0.0,9.15,0.0,9.15,1771.4,0.05,0,0,0,0.0,0,F1,500,,,,,
2026-02-18,2026-02-18,FO,NSE,STO,77837,,BHARATFORG,,2026-02-24,2026-02-24,1620.0,PE,BHARATFORG26FEB1620PE,3.0,3.0,1.6,1.75,1.85,3.7,1771.4,1.75,201000,-5000,129,104638850.0,117,F1,500,,,,,
2026-02-18,2026-02-18,FO,NSE,STO,77833,,BHARATFORG,,2026-02-24,2026-02-24,1540.0,PE,BHARATFORG26FEB1540PE,1.55,1.55,0.65,0.65,0.65,1.7,1771.4,0.65,154500,-7500,169,130215600.0,138,F1,500,,,,,
2026-02-18,2026-02-18,FO,NSE,STO,90753,,BHARATFORG,,2026-04-28,2026-04-28,1800.0,PE,BHARATFORG26APR1800PE,0.0,0.0,0.0,367.35,0.0,367.35,1771.4,100.7,0,0,0,0.0,0,F1,500,,,,,
2026-02-18,2026-02-18,FO,NSE,STO,35673,,BHARATFORG,,2026-03-30,2026-03-30,1860.0,PE,BHARATFORG26MAR1860PE,0.0,0.0,0.0,387.05,0.0,387.05,1771.4,119.25,0,0,0,0.0,0,F1,500,,,,,
2026-02-18,2026-02-18,FO,NSE,STO,79446,,BHARATFORG,,2026-02-24,2026-02-24,1600.0,CE,BHARATFORG26FEB1600CE,170.0,180.15,161.65,172.0,172.0,154.6,1771.4,172.95,106500,-24000,81,71670275.0,62,F1,500,,,,,
2026-02-18,2026-02-18,FO,NSE,STO,35478,,BHARATFORG,,2026-02-24,2026-02-24,1800.0,CE,BHARATFORG26FEB1800CE,15.6,21.9,12.75,15.65,16.25,15.25,1771.4,15.65,492000,-27000,3227,2931555600.0,2593,F1,500,,,,,
2026-02-18,2026-02-18,FO,NSE,STO,78152,,BHARATFORG,,2026-03-30,2026-03-30,1280.0,CE,BHARATFORG26MAR1280CE,0.0,0.0,0.0,222.1,0.0,222.1,1771.4,499.1,0,0,0,0.0,0,F1,500,,,,,
2026-02-18,2026-02-18,FO,NSE,STO,90393,,BHARATFORG,,2026-03-30,2026-03-30,1180.0,PE,BHARATFORG26MAR1180PE,0.0,0.0,0.0,7.7,0.0,7.7,1771.4,0.05,0,0,0,0.0,0,F1,500,,,,,
2026-02-18,2026-02-18,FO,NSE,STO,77843,,BHARATFORG,,2026-02-24,2026-02-24,1700.0,PE,BHARATFORG26FEB1700PE,12.9,12.9,5.05,5.4,5.55,13.25,1771.4,5.4,388000,35000,1390,1186757675.0,1106,F1,500,,,,,
2026-02-18,2026-02-18,FO,NSE,STO,79384,,BHARATFORG,,2026-02-24,2026-02-24,1200.0,PE,BHARATFORG26FEB1200PE,0.2,0.2,0.2,0.2,0.2,0.2,1771.4,0.05,53500,-4000,8,4800800.0,2,F1,500,,,,,
2026-02-18,2026-02-18,FO,NSE,STO,90728,,BHARATFORG,,2026-04-28,2026-04-28,1360.0,CE,BHARATFORG26APR1360CE,0.0,0.0,0.0,141.0,0.0,141.0,1771.4,427.1,0,0,0,0.0,0,F1,500,,,,,
2026-02-18,2026-02-18,FO,NSE,STO,35392,,BHARATFORG,,2026-03-30,2026-03-30,1960.0,CE,BHARATFORG26MAR1960CE,15.0,17.85,13.0,14.6,14.8,7.75,1771.4,14.6,17000,17000,48,47405350.0,41,F1,500,,,,,
2026-02-18,2026-02-18,FO,NSE,STO,79524,,BHARATFORG,,2026-02-24,2026-02-24,1840.0,CE,BHARATFORG26FEB1840CE,8.9,10.7,5.35,6.65,7.05,7.45,1771.4,6.65,207000,-17500,1376,1271190875.0,1218,F1,500,,,,,
2026-02-18,2026-02-18,FO,NSE,STO,77838,,BHARATFORG,,2026-02-24,2026-02-24,1660.0,CE,BHARATFORG26FEB1660CE,0.0,0.0,0.0,97.35,99.0,97.35,1771.4,114.3,80500,0,0,0.0,0,F1,500,,,,,
2026-02-18,2026-02-18,FO,NSE,STO,77836,,BHARATFORG,,2026-02-24,2026-02-24,1620.0,CE,BHARATFORG26FEB1620CE,152.95,158.0,144.45,157.15,156.25,139.0,1771.4,157.15,39000,0,9,7976125.0,9,F1,500,,,,,
2026-02-18,2026-02-18,FO,NSE,STO,78157,,BHARATFORG,,2026-03-30,2026-03-30,1360.0,PE,BHARATFORG26MAR1360PE,0.0,0.0,0.0,9.0,9.0,9.0,1771.4,0.2,1500,0,0,0.0,0,F1,500,,,,,
2026-02-18,2026-02-18,FO,NSE,STO,90643,,BHARATFORG,,2026-03-30,2026-03-30,1420.0,PE,BHARATFORG26MAR1420PE,0.0,0.0,0.0,21.6,21.6,21.6,1771.4,0.75,1500,0,0,0.0,0,F1,500,,,,,
2026-02-18,2026-02-18,FO,NSE,STO,90663,,BHARATFORG,,2026-03-30,2026-03-30,1660.0,PE,BHARATFORG26MAR1660PE,25.0,25.0,21.4,21.4,21.4,29.55,1771.4,21.4,17000,-1000,7,5891700.0,7,F1,500,,,,,
2026-02-18,2026-02-18,FO,NSE,STO,78202,,BHARATFORG,,2026-03-30,2026-03-30,1720.0,PE,BHARATFORG26MAR1720PE,0.0,0.0,0.0,269.85,0.0,269.85,1771.4,44.7,0,0,0,0.0,0,F1,500,,,,,
2026-02-18,2026-02-18,FO,NSE,STO,90723,,BHARATFORG,,2026-04-28,2026-04-28,1240.0,PE,BHARATFORG26APR1240PE,0.0,0.0,0.0,25.05,0.0,25.05,1771.4,0.2,0,0,0,0.0,0,F1,500,,,,,
2026-02-18,2026-02-18,FO,NSE,STO,90733,,BHARATFORG,,2026-04-28,2026-04-28,1440.0,PE,BHARATFORG26APR1440PE,0.0,0.0,0.0,98.65,0.0,98.65,1771.4,4.85,0,0,0,0.0,0,F1,500,,,,,
2026-02-18,2026-02-18,FO,NSE,STO,90741,,BHARATFORG,,2026-04-28,2026-04-28,1600.0,PE,BHARATFORG26APR1600PE,0.0,0.0,0.0,201.15,0.0,201.15,1771.4,25.7,0,0,0,0.0,0,F1,500,,,,,
2026-02-18,2026-02-18,FO,NSE,STO,89233,,CROMPTON,,2026-03-30,2026-03-30,230.0,CE,CROMPTON26MAR230CE,43.51,43.75,43.5,43.5,43.5,21.7,272.5,44.09,9000,3600,5,2461968.0,5,F1,1800,,,,,
2026-02-18,2026-02-18,FO,NSE,STO,101383,,CROMPTON,,2026-03-30,2026-03-30,202.5,CE,CROMPTON26MAR202.5CE,0.0,0.0,0.0,24.9,0.0,24.9,272.5,71.22,0,0,0,0.0,0,F1,1800,,,,,
2026-02-18,2026-02-18,FO,NSE,STO,87381,,CROMPTON,,2026-02-24,2026-02-24,230.0,CE,CROMPTON26FEB230CE,40.5,42.82,39.0,42.27,42.0,41.68,272.5,42.27,180000,-9000,11,5364954.0,9,F1,1800,,,,,
2026-02-18,2026-02-18,FO,NSE,STO,87311,,CROMPTON,,2026-02-24,2026-02-24,200.0,CE,CROMPTON26FEB200CE,0.0,0.0,0.0,63.21,62.98,63.21,272.5,72.68,10800,0,0,0.0,0,F1,1800,,,,,
2026-02-18,2026-02-18,FO,NSE,STF,66781,,CROMPTON,,2026-04-28,2026-04-28,,,CROMPTON26APRFUT,273.93,276.0,271.35,275.5,275.0,273.24,272.5,275.5,367200,41400,54,26617338.0,53,F1,1800,,,,,
2026-02-18,2026-02-18,FO,NSE,STO,101706,,CROMPTON,,2026-04-28,2026-04-28,215.0,CE,CROMPTON26APR215CE,0.0,0.0,0.0,19.15,0.0,19.15,272.5,59.91,0,0,0,0.0,0,F1,1800,,,,,
2026-02-18,2026-02-18,FO,NSE,STO,101719,,CROMPTON,,2026-04-28,2026-04-28,235.0,CE,CROMPTON26APR235CE,0.0,0.0,0.0,9.75,0.0,9.75,272.5,41.16,0,0,0,0.0,0,F1,1800,,,,,
2026-02-18,2026-02-18,FO,NSE,STO,89266,,CROMPTON,,2026-03-30,2026-03-30,295.0,PE,CROMPTON26MAR295PE,27.0,27.0,27.0,27.0,27.0,25.73,272.5,23.68,36000,9000,5,2898000.0,2,F1,1800,,,,,
2026-02-18,2026-02-18,FO,NSE,STO,101546,,CROMPTON,,2026-03-30,2026-03-30,252.5,CE,CROMPTON26MAR252.5CE,0.0,0.0,0.0,2.85,0.0,2.85,272.5,23.8,0,0,0,0.0,0,F1,1800,,,,,
2026-02-18,2026-02-18,FO,NSE,STO,89249,,CROMPTON,,2026-03-30,2026-03-30,260.0,CE,CROMPTON26MAR260CE,15.94,19.0,15.74,18.83,18.4,16.95,272.5,18.83,183600,-14400,13,6500484.0,13,F1,1800,,,,,
2026-02-18,2026-02-18,FO,NSE,STO,88697,,CROMPTON,,2026-02-24,2026-02-24,217.5,PE,CROMPTON26FEB217.5PE,0.0,0.0,0.0,0.46,0.46,0.46,272.5,0.01,18000,0,0,0.0,0,F1,1800,,,,,
2026-02-18,2026-02-18,FO,NSE,STO,88780,,CROMPTON,,2026-02-24,2026-02-24,277.5,PE,CROMPTON26FEB277.5PE,0.0,0.0,0.0,12.15,12.15,12.15,272.5,6.65,27000,0,0,0.0,0,F1,1800,,,,,
2026-02-18,2026-02-18,FO,NSE,STO,88804,,CROMPTON,,2026-02-24,2026-02-24,292.5,PE,CROMPTON26FEB292.5PE,0.0,0.0,0.0,40.05,0.0,40.05,272.5,19.82,0,0,0,0.0,0,F1,1800,,,,,
2026-02-18,2026-02-18,FO,NSE,STO,101384,,CROMPTON,,2026-03-30,2026-03-30,202.5,PE,CROMPTON26MAR202.5PE,0.0,0.0,0.0,3.15,0.0,3.15,272.5,0.01,0,0,0,0.0,0,F1,1800,,,,,
2026-02-18,2026-02-18,FO,NSE,STO,101388,,CROMPTON,,2026-03-30,2026-03-30,212.5,PE,CROMPTON26MAR212.5PE,0.0,0.0,0.0,6.02,6.02,6.02,272.5,0.01,9000,0,0,0.0,0,F1,1800,,,,,
2026-02-18,2026-02-18,FO,NSE,STO,101390,,CROMPTON,,2026-03-30,2026-03-30,217.5,PE,CROMPTON26MAR217.5PE,0.0,0.0,0.0,7.95,0.0,7.95,272.5,0.03,0,0,0,0.0,0,F1,1800,,,,,
2026-02-18,2026-02-18,FO,NSE,STO,101550,,CROMPTON,,2026-03-30,2026-03-30,257.5,PE,CROMPTON26MAR257.5PE,0.0,0.0,0.0,34.8,0.0,34.8,272.5,3.39,0,0,0,0.0,0,F1,1800,,,,,
2026-02-18,2026-02-18,FO,NSE,STO,101606,,CROMPTON,,2026-03-30,2026-03-30,282.5,PE,CROMPTON26MAR282.5PE,0.0,0.0,0.0,57.85,0.0,57.85,272.5,14.6,0,0,0,0.0,0,F1,1800,,,,,
2026-02-18,2026-02-18,FO,NSE,STO,101608,,CROMPTON,,2026-03-30,2026-03-30,287.5,PE,CROMPTON26MAR287.5PE,0.0,0.0,0.0,62.65,0.0,62.65,272.5,17.99,0,0,0,0.0,0,F1,1800,,,,,
2026-02-18,2026-02-18,FO,NSE,STO,101703,,CROMPTON,,2026-04-28,2026-04-28,205.0,PE,CROMPTON26APR205PE,0.0,0.0,0.0,5.25,0.0,5.25,272.5,0.05,0,0,0,0.0,0,F1,1800,,,,,
2026-02-18,2026-02-18,FO,NSE,STO,101688,,CROMPTON,,2026-04-28,2026-04-28,190.0,CE,CROMPTON26APR190CE,0.0,0.0,0.0,37.15,0.0,37.15,272.5,84.47,0,0,0,0.0,0,F1,1800,,,,,
2026-02-18,2026-02-18,FO,NSE,STO,89265,,CROMPTON,,2026-03-30,2026-03-30,295.0,CE,CROMPTON26MAR295CE,0.0,0.0,0.0,3.7,0.0,3.7,272.5,2.96,0,0,0,0.0,0,F1,1800,,,,,
2026-02-18,2026-02-18,FO,NSE,STO,89253,,CROMPTON,,2026-03-30,2026-03-30,270.0,CE,CROMPTON26MAR270CE,11.99,13.29,10.39,12.32,12.0,12.23,272.5,12.32,324000,54000,107,54224856.0,86,F1,1800,,,,,
2026-02-18,2026-02-18,FO,NSE,STO,101490,,CROMPTON,,2026-03-30,2026-03-30,242.5,CE,CROMPTON26MAR242.5CE,0.0,0.0,0.0,4.85,0.0,4.85,272.5,32.36,0,0,0,0.0,0,F1,1800,,,,,
2026-02-18,2026-02-18,FO,NSE,STO,101734,,CROMPTON,,2026-04-28,2026-04-28,265.0,PE,CROMPTON26APR265PE,0.0,0.0,0.0,41.6,0.0,41.6,272.5,8.1,0,0,0,0.0,0,F1,1800,,,,,
2026-02-18,2026-02-18,FO,NSE,STO,101689,,CROMPTON,,2026-04-28,2026-04-28,190.0,PE,CROMPTON26APR190PE,0.0,0.0,0.0,2.1,0.0,2.1,272.5,0.01,0,0,0,0.0,0,F1,1800,,,,,
2026-02-18,2026-02-18,FO,NSE,STO,89184,,CROMPTON,,2026-03-30,2026-03-30,210.0,CE,CROMPTON26MAR210CE,0.0,0.0,0.0,46.3,0.0,46.3,272.5,63.77,0,0,0,0.0,0,F1,1800,,,,,
2026-02-18,2026-02-18,FO,NSE,STO,87307,,CROMPTON,,2026-02-24,2026-02-24,180.0,CE,CROMPTON26FEB180CE,0.0,0.0,0.0,54.63,54.63,54.63,272.5,92.66,1800,0,0,0.0,0,F1,1800,,,,,
2026-02-18,2026-02-18,FO,NSE,STO,88706,,CROMPTON,,2026-02-24,2026-02-24,235.0,CE,CROMPTON26FEB235CE,0.0,0.0,0.0,35.62,35.62,35.62,272.5,37.71,385200,0,0,0.0,0,F1,1800,,,,,
2026-02-18,2026-02-18,FO,NSE,STO,89232,,CROMPTON,,2026-03-30,2026-03-30,225.0,PE,CROMPTON26MAR225PE,0.0,0.0,0.0,4.0,0.0,4.0,272.5,0.11,0,0,0,0.0,0,F1,1800,,,,,
2026-02-18,2026-02-18,FO,NSE,STO,101491,,CROMPTON,,2026-03-30,2026-03-30,242.5,PE,CROMPTON26MAR242.5PE,0.0,0.0,0.0,22.7,0.0,22.7,272.5,0.9,0,0,0,0.0,0,F1,1800,,,,,
2026-02-18,2026-02-18,FO,NSE,STO,101382,,CROMPTON,,2026-03-30,2026-03-30,197.5,PE,CROMPTON26MAR197.5PE,0.0,0.0,0.0,2.15,0.0,2.15,272.5,0.01,0,0,0,0.0,0,F1,1800,,,,,
2026-02-18,2026-02-18,FO,NSE,STO,89173,,CROMPTON,,2026-03-30,2026-03-30,190.0,PE,CROMPTON26MAR190PE,0.0,0.0,0.0,0.3,0.0,0.3,272.5,0.01,0,0,0,0.0,0,F1,1800,,,,,
2026-02-18,2026-02-18,FO,NSE,STO,101389,,CROMPTON,,2026-03-30,2026-03-30,217.5,CE,CROMPTON26MAR217.5CE,0.0,0.0,0.0,14.85,0.0,14.85,272.5,56.34,0,0,0,0.0,0,F1,1800,,,,,
2026-02-18,2026-02-18,FO,NSE,STO,88740,,CROMPTON,,2026-02-24,2026-02-24,262.5,PE,CROMPTON26FEB262.5PE,1.47,2.06,0.83,0.88,0.92,1.83,272.5,0.88,322200,-28800,52,24699600.0,51,F1,1800,,,,,
2026-02-18,2026-02-18,FO,NSE,STO,89256,,CROMPTON,,2026-03-30,2026-03-30,275.0,PE,CROMPTON26MAR275PE,0.0,0.0,0.0,11.0,11.0,11.0,272.5,10.19,1800,0,0,0.0,0,F1,1800,,,,,
2026-02-18,2026-02-18,FO,NSE,STO,101690,,CROMPTON,,2026-04-28,2026-04-28,195.0,CE,CROMPTON26APR195CE,0.0,0.0,0.0,33.05,0.0,33.05,272.5,79.53,0,0,0,0.0,0,F1,1800,,,,,
2026-02-18,2026-02-18,FO,NSE,STO,101589,,CROMPTON,,2026-03-30,2026-03-30,262.5,CE,CROMPTON26MAR262.5CE,0.0,0.0,0.0,1.6,0.0,1.6,272.5,16.43,0,0,0,0.0,0,F1,1800,,,,,
2026-02-18,2026-02-18,FO,NSE,STO,88710,,CROMPTON,,2026-02-24,2026-02-24,242.5,CE,CROMPTON26FEB242.5CE,0.0,0.0,0.0,31.26,31.26,31.26,272.5,30.22,325800,0,0,0.0,0,F1,1800,,,,,
2026-02-18,2026-02-18,FO,NSE,STO,88692,,CROMPTON,,2026-02-24,2026-02-24,212.5,CE,CROMPTON26FEB212.5CE,0.0,0.0,0.0,60.65,60.65,60.65,272.5,60.19,18000,0,0,0.0,0,F1,1800,,,,,
2026-02-18,2026-02-18,FO,NSE,STO,101704,,CROMPTON,,2026-04-28,2026-04-28,210.0,CE,CROMPTON26APR210CE,0.0,0.0,0.0,22.2,0.0,22.2,272.5,64.77,0,0,0,0.0,0,F1,1800,,,,,
2026-02-18,2026-02-18,FO,NSE,STO,101718,,CROMPTON,,2026-04-28,2026-04-28,230.0,PE,CROMPTON26APR230PE,0.0,0.0,0.0,16.0,0.0,16.0,272.5,0.81,0,0,0,0.0,0,F1,1800,,,,,
2026-02-18,2026-02-18,FO,NSE,STO,101745,,CROMPTON,,2026-04-28,2026-04-28,295.0,CE,CROMPTON26APR295CE,0.0,0.0,0.0,0.65,0.0,0.65,272.5,5.74,0,0,0,0.0,0,F1,1800,,,,,
2026-02-18,2026-02-18,FO,NSE,STO,88709,,CROMPTON,,2026-02-24,2026-02-24,237.5,PE,CROMPTON26FEB237.5PE,0.46,0.46,0.24,0.24,0.24,0.43,272.5,0.24,252000,-46800,110,47084994.0,107,F1,1800,,,,,
2026-02-18,2026-02-18,FO,NSE,STO,88738,,CROMPTON,,2026-02-24,2026-02-24,257.5,PE,CROMPTON26FEB257.5PE,0.96,1.17,0.47,0.5,0.53,1.15,272.5,0.5,693000,-99000,332,154293174.0,289,F1,1800,,,,,
2026-02-18,2026-02-18,FO,NSE,STO,89181,,CROMPTON,,2026-03-30,2026-03-30,205.0,PE,CROMPTON26MAR205PE,0.0,0.0,0.0,3.0,3.0,3.0,272.5,0.01,5400,0,0,0.0,0,F1,1800,,,,,
2026-02-18,2026-02-18,FO,NSE,STO,101471,,CROMPTON,,2026-03-30,2026-03-30,232.5,PE,CROMPTON26MAR232.5PE,0.0,0.0,0.0,2.59,2.59,2.59,272.5,0.29,5400,0,0,0.0,0,F1,1800,,,,,
2026-02-18,2026-02-18,FO,NSE,STO,89240,,CROMPTON,,2026-03-30,2026-03-30,245.0,PE,CROMPTON26MAR245PE,0.0,0.0,0.0,3.7,3.7,3.7,272.5,1.16,3600,0,0,0.0,0,F1,1800,,,,,
2026-02-18,2026-02-18,FO,NSE,STO,89260,,CROMPTON,,2026-03-30,2026-03-30,285.0,PE,CROMPTON26MAR285PE,0.0,0.0,0.0,34.65,0.0,34.65,272.5,16.25,0,0,0,0.0,0,F1,1800,,,,,
2026-02-18,2026-02-18,FO,NSE,STO,88793,,CROMPTON,,2026-02-24,2026-02-24,285.0,CE,CROMPTON26FEB285CE,0.82,0.85,0.49,0.68,0.6,0.82,272.5,0.68,509400,-109800,339,174295260.0,312,F1,1800,,,,,
2026-02-18,2026-02-18,FO,NSE,STO,87309,,CROMPTON,,2026-02-24,2026-02-24,190.0,CE,CROMPTON26FEB190CE,0.0,0.0,0.0,71.77,71.77,71.77,272.5,82.67,12600,0,0,0.0,0,F1,1800,,,,,
2026-02-18,2026-02-18,FO,NSE,STO,101598,,CROMPTON,,2026-03-30,2026-03-30,282.5,CE,CROMPTON26MAR282.5CE,0.0,0.0,0.0,0.45,0.0,0.45,272.5,6.29,0,0,0,0.0,0,F1,1800,,,,,
2026-02-18,2026-02-18,FO,NSE,STO,101393,,CROMPTON,,2026-03-30,2026-03-30,227.5,CE,CROMPTON26MAR227.5CE,0.0,0.0,0.0,9.85,0.0,9.85,272.5,46.52,0,0,0,0.0,0,F1,1800,,,,,
2026-02-18,2026-02-18,FO,NSE,STO,89180,,CROMPTON,,2026-03-30,2026-03-30,205.0,CE,CROMPTON26MAR205CE,0.0,0.0,0.0,50.75,0.0,50.75,272.5,68.74,0,0,0,0.0,0,F1,1800,,,,,
2026-02-18,2026-02-18,FO,NSE,STO,87410,,CROMPTON,,2026-02-24,2026-02-24,270.0,CE,CROMPTON26FEB270CE,4.75,5.12,3.03,4.72,4.28,4.61,272.5,4.72,1042200,-354600,1440,710529894.0,1032,F1,1800,,,,,
2026-02-18,2026-02-18,FO,NSE,STO,87406,,CROMPTON,,2026-02-24,2026-02-24,250.0,CE,CROMPTON26FEB250CE,18.09,22.78,18.0,22.23,21.59,20.38,272.5,22.23,779400,-3600,35,17047926.0,30,F1,1800,,,,,
2026-02-18,2026-02-18,FO,NSE,STO,87315,,CROMPTON,,2026-02-24,2026-02-24,220.0,CE,CROMPTON26FEB220CE,49.12,50.7,49.12,50.7,50.7,51.0,272.5,52.7,111600,-3600,5,2427768.0,3,F1,1800,,,,,
2026-02-18,2026-02-18,FO,NSE,STO,88696,,CROMPTON,,2026-02-24,2026-02-24,217.5,CE,CROMPTON26FEB217.5CE,53.1,53.1,52.97,52.97,52.97,55.71,272.5,55.2,57600,-1800,4,1947618.0,2,F1,1800,,,,,
2026-02-18,2026-02-18,FO,NSE,STO,89241,,CROMPTON,,2026-03-30,2026-03-30,250.0,CE,CROMPTON26MAR250CE,0.0,0.0,0.0,25.43,25.43,25.43,272.5,25.85,7200,0,0,0.0,0,F1,1800,,,,,
2026-02-18,2026-02-18,FO,NSE,STO,101744,,CROMPTON,,2026-04-28,2026-04-28,290.0,PE,CROMPTON26APR290PE,0.0,0.0,0.0,64.25,0.0,64.25,272.5,21.64,0,0,0,0.0,0,F1,1800,,,,,
2026-02-18,2026-02-18,FO,NSE,STO,101709,,CROMPTON,,2026-04-28,2026-04-28,220.0,PE,CROMPTON26APR220PE,0.0,0.0,0.0,10.85,0.0,10.85,272.5,0.31,0,0,0,0.0,0,F1,1800,,,,,
2026-02-18,2026-02-18,FO,NSE,STO,89258,,CROMPTON,,2026-03-30,2026-03-30,280.0,PE,CROMPTON26MAR280PE,14.65,16.3,14.0,14.6,14.6,15.9,272.5,13.03,46800,23400,19,10093752.0,18,F1,1800,,,,,
2026-02-18,2026-02-18,FO,NSE,STO,89254,,CROMPTON,,2026-03-30,2026-03-30,270.0,PE,CROMPTON26MAR270PE,9.75,10.65,8.35,8.45,8.5,10.2,272.5,8.45,174600,54000,59,29698200.0,45,F1,1800,,,,,
2026-02-18,2026-02-18,FO,NSE,STO,101392,,CROMPTON,,2026-03-30,2026-03-30,222.5,PE,CROMPTON26MAR222.5PE,0.0,0.0,0.0,10.2,0.0,10.2,272.5,0.07,0,0,0,0.0,0,F1,1800,,,,,
2026-02-18,2026-02-18,FO,NSE,STO,87427,,CROMPTON,,2026-02-24,2026-02-24,310.0,PE,CROMPTON26FEB310PE,0.0,0.0,0.0,44.65,0.0,44.65,272.5,37.22,0,0,0,0.0,0,F1,1800,,,,,
2026-02-18,2026-02-18,FO,NSE,STO,87414,,CROMPTON,,2026-02-24,2026-02-24,280.0,PE,CROMPTON26FEB280PE,10.99,12.3,8.84,9.39,9.88,11.2,272.5,9.39,117000,-21600,31,16209774.0,31,F1,1800,,,,,
2026-02-18,2026-02-18,FO,NSE,STO,88583,,CROMPTON,,2026-02-24,2026-02-24,185.0,PE,CROMPTON26FEB185PE,0.0,0.0,0.0,0.07,0.07,0.07,272.5,0.01,1800,0,0,0.0,0,F1,1800,,,,,
2026-02-18,2026-02-18,FO,NSE,STO,87308,,CROMPTON,,2026-02-24,2026-02-24,180.0,PE,CROMPTON26FEB180PE,0.0,0.0,0.0,0.02,0.02,0.02,272.5,0.01,27000,0,0,0.0,0,F1,1800,,,,,
2026-02-18,2026-02-18,FO,NSE,STO,89259,,CROMPTON,,2026-03-30,2026-03-30,285.0,CE,CROMPTON26MAR285CE,0.0,0.0,0.0,5.45,0.0,5.45,272.5,5.46,0,0,0,0.0,0,F1,1800,,,,,
2026-02-18,2026-02-18,FO,NSE,STO,101470,,CROMPTON,,2026-03-30,2026-03-30,232.5,CE,CROMPTON26MAR232.5CE,0.0,0.0,0.0,7.9,0.0,7.9,272.5,41.69,0,0,0,0.0,0,F1,1800,,,,,
2026-02-18,2026-02-18,FO,NSE,STO,88741,,CROMPTON,,2026-02-24,2026-02-24,265.0,CE,CROMPTON26FEB265CE,7.28,8.58,5.44,8.27,7.61,7.28,272.5,8.27,298800,-147600,170,83275596.0,97,F1,1800,,,,,
2026-02-18,2026-02-18,FO,NSE,STO,88795,,CROMPTON,,2026-02-24,2026-02-24,287.5,CE,CROMPTON26FEB287.5CE,0.44,0.58,0.41,0.52,0.41,0.66,272.5,0.52,264600,-28800,59,30585474.0,59,F1,1800,,,,,
2026-02-18,2026-02-18,FO,NSE,STO,87417,,CROMPTON,,2026-02-24,2026-02-24,300.0,CE,CROMPTON26FEB300CE,0.27,0.27,0.16,0.22,0.21,0.28,272.5,0.22,514800,-81000,206,111318606.0,167,F1,1800,,,,,
2026-02-18,2026-02-18,FO,NSE,STO,89169,,CROMPTON,,2026-03-30,2026-03-30,185.0,CE,CROMPTON26MAR185CE,0.0,0.0,0.0,69.55,0.0,69.55,272.5,88.61,0,0,0,0.0,0,F1,1800,,,,,
2026-02-18,2026-02-18,FO,NSE,STO,101591,,CROMPTON,,2026-03-30,2026-03-30,267.5,CE,CROMPTON26MAR267.5CE,0.0,0.0,0.0,4.85,4.85,4.85,272.5,13.29,3600,0,0,0.0,0,F1,1800,,,,,
2026-02-18,2026-02-18,FO,NSE,STO,89273,,CROMPTON,,2026-03-30,2026-03-30,315.0,CE,CROMPTON26MAR315CE,1.45,1.45,1.45,1.45,1.45,1.6,272.5,0.69,1800,1800,1,569610.0,1,F1,1800,,,,,
2026-02-18,2026-02-18,FO,NSE,STO,101664,,CROMPTON,,2026-04-28,2026-04-28,180.0,CE,CROMPTON26APR180CE,0.0,0.0,0.0,45.85,0.0,45.85,272.5,94.36,0,0,0,0.0,0,F1,1800,,,,,
2026-02-18,2026-02-18,FO,NSE,STO,101739,,CROMPTON,,2026-04-28,2026-04-28,280.0,CE,CROMPTON26APR280CE,0.0,0.0,0.0,1.4,0.0,1.4,272.5,10.74,0,0,0,0.0,0,F1,1800,,,,,
2026-02-18,2026-02-18,FO,NSE,STO,101725,,CROMPTON,,2026-04-28,2026-04-28,245.0,CE,CROMPTON26APR245CE,0.0,0.0,0.0,6.6,0.0,6.6,272.5,32.6,0,0,0,0.0,0,F1,1800,,,,,
2026-02-18,2026-02-18,FO,NSE,STO,101723,,CROMPTON,,2026-04-28,2026-04-28,240.0,CE,CROMPTON26APR240CE,0.0,0.0,0.0,8.05,0.0,8.05,272.5,36.78,0,0,0,0.0,0,F1,1800,,,,,
2026-02-18,2026-02-18,FO,NSE,STO,88589,,CROMPTON,,2026-02-24,2026-02-24,195.0,PE,CROMPTON26FEB195PE,0.0,0.0,0.0,0.15,0.0,0.15,272.5,0.01,0,0,0,0.0,0,F1,1800,,,,,
2026-02-18,2026-02-18,FO,NSE,STO,87382,,CROMPTON,,2026-02-24,2026-02-24,230.0,PE,CROMPTON26FEB230PE,0.36,0.36,0.17,0.18,0.17,0.33,272.5,0.18,558000,-81000,128,53040114.0,108,F1,1800,,,,,
2026-02-18,2026-02-18,FO,NSE,STO,87407,,CROMPTON,,2026-02-24,2026-02-24,250.0,PE,CROMPTON26FEB250PE,0.74,0.74,0.25,0.36,0.25,0.75,272.5,0.36,2194200,-399600,730,329146398.0,541,F1,1800,,,,,
2026-02-18,2026-02-18,FO,NSE,STO,88809,,CROMPTON,,2026-02-24,2026-02-24,297.5,PE,CROMPTON26FEB297.5PE,0.0,0.0,0.0,44.55,0.0,44.55,272.5,24.75,0,0,0,0.0,0,F1,1800,,,,,
2026-02-18,2026-02-18,FO,NSE,STO,89185,,CROMPTON,,2026-03-30,2026-03-30,210.0,PE,CROMPTON26MAR210PE,0.0,0.0,0.0,5.31,5.31,5.31,272.5,0.01,5400,0,0,0.0,0,F1,1800,,,,,
2026-02-18,2026-02-18,FO,NSE,STO,89234,,CROMPTON,,2026-03-30,2026-03-30,230.0,PE,CROMPTON26MAR230PE,0.0,0.0,0.0,2.75,2.75,2.75,272.5,0.21,7200,0,0,0.0,0,F1,1800,,,,,
2026-02-18,2026-02-18,FO,NSE,STO,89250,,CROMPTON,,2026-03-30,2026-03-30,260.0,PE,CROMPTON26MAR260PE,6.33,6.35,4.9,4.9,4.9,6.12,272.5,4.9,115200,3600,19,9084636.0,15,F1,1800,,,,,
2026-02-18,2026-02-18,FO,NSE,STO,101724,,CROMPTON,,2026-04-28,2026-04-28,240.0,PE,CROMPTON26APR240PE,0.0,0.0,0.0,22.25,0.0,22.25,272.5,1.8,0,0,0,0.0,0,F1,1800,,,,,
2026-02-18,2026-02-18,FO,NSE,STO,101705,,CROMPTON,,2026-04-28,2026-04-28,210.0,PE,CROMPTON26APR210PE,0.0,0.0,0.0,6.85,0.0,6.85,272.5,0.1,0,0,0,0.0,0,F1,1800,,,,,
2026-02-18,2026-02-18,FO,NSE,STO,89267,,CROMPTON,,2026-03-30,2026-03-30,300.0,CE,CROMPTON26MAR300CE,3.25,3.3,2.48,2.93,2.86,3.09,272.5,2.93,354600,48600,106,57791790.0,87,F1,1800,,,,,
2026-02-18,2026-02-18,FO,NSE,STO,101708,,CROMPTON,,2026-04-28,2026-04-28,220.0,CE,CROMPTON26APR220CE,0.0,0.0,0.0,16.35,0.0,16.35,272.5,55.09,0,0,0,0.0,0,F1,1800,,,,,
2026-02-18,2026-02-18,FO,NSE,STO,101710,,CROMPTON,,2026-04-28,2026-04-28,225.0,CE,CROMPTON26APR225CE,0.0,0.0,0.0,13.85,0.0,13.85,272.5,50.34,0,0,0,0.0,0,F1,1800,,,,,
2026-02-18,2026-02-18,FO,NSE,STO,101714,,CROMPTON,,2026-04-28,2026-04-28,230.0,CE,CROMPTON26APR230CE,0.0,0.0,0.0,11.65,0.0,11.65,272.5,45.69,0,0,0,0.0,0,F1,1800,,,,,
2026-02-18,2026-02-18,FO,NSE,STO,101733,,CROMPTON,,2026-04-28,2026-04-28,265.0,CE,CROMPTON26APR265CE,0.0,0.0,0.0,2.8,0.0,2.8,272.5,18.34,0,0,0,0.0,0,F1,1800,,,,,
2026-02-18,2026-02-18,FO,NSE,STO,101735,,CROMPTON,,2026-04-28,2026-04-28,270.0,CE,CROMPTON26APR270CE,0.0,0.0,0.0,2.25,0.0,2.25,272.5,15.5,0,0,0,0.0,0,F1,1800,,,,,
2026-02-18,2026-02-18,FO,NSE,STO,88672,,CROMPTON,,2026-02-24,2026-02-24,202.5,PE,CROMPTON26FEB202.5PE,0.0,0.0,0.0,1.01,1.01,1.01,272.5,0.01,297000,0,0,0.0,0,F1,1800,,,,,
2026-02-18,2026-02-18,FO,NSE,STO,88691,,CROMPTON,,2026-02-24,2026-02-24,207.5,PE,CROMPTON26FEB207.5PE,0.0,0.0,0.0,0.5,0.0,0.5,272.5,0.01,0,0,0,0.0,0,F1,1800,,,,,
2026-02-18,2026-02-18,FO,NSE,STO,101609,,CROMPTON,,2026-03-30,2026-03-30,292.5,CE,CROMPTON26MAR292.5CE,0.0,0.0,0.0,0.25,0.0,0.25,272.5,3.47,0,0,0,0.0,0,F1,1800,,,,,
2026-02-18,2026-02-18,FO,NSE,STO,101473,,CROMPTON,,2026-03-30,2026-03-30,237.5,CE,CROMPTON26MAR237.5CE,0.0,0.0,0.0,27.51,27.51,27.51,272.5,36.96,5400,0,0,0.0,0,F1,1800,,,,,
2026-02-18,2026-02-18,FO,NSE,STO,89176,,CROMPTON,,2026-03-30,2026-03-30,200.0,CE,CROMPTON26MAR200CE,0.0,0.0,0.0,27.0,27.0,27.0,272.5,73.7,1800,0,0,0.0,0,F1,1800,,,,,
2026-02-18,2026-02-18,FO,NSE,STO,88842,,CROMPTON,,2026-02-24,2026-02-24,305.0,CE,CROMPTON26FEB305CE,0.0,0.0,0.0,0.9,0.0,0.9,272.5,0.01,0,0,0,0.0,0,F1,1800,,,,,
2026-02-18,2026-02-18,FO,NSE,STO,88724,,CROMPTON,,2026-02-24,2026-02-24,252.5,CE,CROMPTON26FEB252.5CE,0.0,0.0,0.0,18.53,19.13,18.53,272.5,20.27,207000,0,0,0.0,0,F1,1800,,,,,
2026-02-18,2026-02-18,FO,NSE,STO,87404,,CROMPTON,,2026-02-24,2026-02-24,240.0,CE,CROMPTON26FEB240CE,30.7,32.77,29.85,32.32,31.88,30.03,272.5,32.32,552600,-223200,191,93062952.0,100,F1,1800,,,,,
2026-02-18,2026-02-18,FO,NSE,STO,87313,,CROMPTON,,2026-02-24,2026-02-24,210.0,CE,CROMPTON26FEB210CE,0.0,0.0,0.0,60.4,60.4,60.4,272.5,62.69,36000,0,0,0.0,0,F1,1800,,,,,
2026-02-18,2026-02-18,FO,NSE,STO,88657,,CROMPTON,,2026-02-24,2026-02-24,197.5,CE,CROMPTON26FEB197.5CE,0.0,0.0,0.0,34.0,34.0,34.0,272.5,75.18,0,0,0,0.0,0,F1,1800,,,,,
2026-02-18,2026-02-18,FO,NSE,STO,88695,,CROMPTON,,2026-02-24,2026-02-24,215.0,PE,CROMPTON26FEB215PE,0.2,0.21,0.2,0.21,0.21,0.2,272.5,0.01,108000,0,2,774738.0,2,F1,1800,,,,,
2026-02-18,2026-02-18,FO,NSE,STO,88711,,CROMPTON,,2026-02-24,2026-02-24,242.5,PE,CROMPTON26FEB242.5PE,0.45,0.48,0.29,0.29,0.29,0.51,272.5,0.29,126000,-54000,74,32355018.0,71,F1,1800,,,,,
2026-02-18,2026-02-18,FO,NSE,STO,88715,,CROMPTON,,2026-02-24,2026-02-24,245.0,PE,CROMPTON26FEB245PE,0.55,0.55,0.27,0.29,0.3,0.56,272.5,0.29,567000,-104400,277,122347674.0,250,F1,1800,,,,,
2026-02-18,2026-02-18,FO,NSE,STO,88725,,CROMPTON,,2026-02-24,2026-02-24,252.5,PE,CROMPTON26FEB252.5PE,0.71,0.79,0.36,0.37,0.4,0.79,272.5,0.37,284400,-190800,362,164871198.0,359,F1,1800,,,,,
2026-02-18,2026-02-18,FO,NSE,STO,88744,,CROMPTON,,2026-02-24,2026-02-24,267.5,PE,CROMPTON26FEB267.5PE,3.07,4.26,1.77,1.86,1.95,3.45,272.5,1.86,266400,72000,142,69054336.0,118,F1,1800,,,,,
2026-02-18,2026-02-18,FO,NSE,STO,89236,,CROMPTON,,2026-03-30,2026-03-30,235.0,PE,CROMPTON26MAR235PE,0.0,0.0,0.0,6.6,0.0,6.6,272.5,0.4,0,0,0,0.0,0,F1,1800,,,,,
2026-02-18,2026-02-18,FO,NSE,STO,101590,,CROMPTON,,2026-03-30,2026-03-30,262.5,PE,CROMPTON26MAR262.5PE,0.0,0.0,0.0,39.2,0.0,39.2,272.5,4.85,0,0,0,0.0,0,F1,1800,,,,,
2026-02-18,2026-02-18,FO,NSE,STO,89272,,CROMPTON,,2026-03-30,2026-03-30,310.0,PE,CROMPTON26MAR310PE,40.0,40.0,38.1,38.1,38.1,39.4,272.5,36.65,7200,3600,2,1256580.0,2,F1,1800,,,,,
2026-02-18,2026-02-18,FO,NSE,STO,101691,,CROMPTON,,2026-04-28,2026-04-28,195.0,PE,CROMPTON26APR195PE,0.0,0.0,0.0,2.9,0.0,2.9,272.5,0.01,0,0,0,0.0,0,F1,1800,,,,,
2026-02-18,2026-02-18,FO,NSE,STO,101701,,CROMPTON,,2026-04-28,2026-04-28,200.0,PE,CROMPTON26APR200PE,0.0,0.0,0.0,3.95,0.0,3.95,272.5,0.03,0,0,0,0.0,0,F1,1800,,,,,
2026-02-18,2026-02-18,FO,NSE,STO,88852,,CROMPTON,,2026-02-24,2026-02-24,315.0,PE,CROMPTON26FEB315PE,0.0,0.0,0.0,60.95,0.0,60.95,272.5,42.22,0,0,0,0.0,0,F1,1800,,,,,
2026-02-18,2026-02-18,FO,NSE,STO,101743,,CROMPTON,,2026-04-28,2026-04-28,290.0,CE,CROMPTON26APR290CE,0.0,0.0,0.0,0.85,0.0,0.85,272.5,7.14,0,0,0,0.0,0,F1,1800,,,,,
2026-02-18,2026-02-18,FO,NSE,STO,87316,,CROMPTON,,2026-02-24,2026-02-24,220.0,PE,CROMPTON26FEB220PE,0.28,0.28,0.17,0.21,0.21,0.28,272.5,0.01,621000,-21600,32,12683790.0,26,F1,1800,,,,,
2026-02-18,2026-02-18,FO,NSE,STO,87405,,CROMPTON,,2026-02-24,2026-02-24,240.0,PE,CROMPTON26FEB240PE,0.43,0.46,0.23,0.24,0.26,0.46,272.5,0.24,669600,10800,436,188614638.0,323,F1,1800,,,,,
2026-02-18,2026-02-18,FO,NSE,STO,88843,,CROMPTON,,2026-02-24,2026-02-24,305.0,PE,CROMPTON26FEB305PE,34.3,35.06,34.3,35.06,35.06,40.5,272.5,32.23,36000,-3600,3,1834902.0,3,F1,1800,,,,,
2026-02-18,2026-02-18,FO,NSE,STO,88702,,CROMPTON,,2026-02-24,2026-02-24,227.5,CE,CROMPTON26FEB227.5CE,0.0,0.0,0.0,39.72,39.72,39.72,272.5,45.21,167400,0,0,0.0,0,F1,1800,,,,,
2026-02-18,2026-02-18,FO,NSE,STO,88726,,CROMPTON,,2026-02-24,2026-02-24,255.0,CE,CROMPTON26FEB255CE,16.0,17.52,14.69,17.52,17.52,16.16,272.5,17.52,349200,0,17,8287182.0,17,F1,1800,,,,,
2026-02-18,2026-02-18,FO,NSE,STO,88743,,CROMPTON,,2026-02-24,2026-02-24,267.5,CE,CROMPTON26FEB267.5CE,6.0,6.74,4.1,6.41,5.78,6.02,272.5,6.41,590400,-86400,182,89407566.0,168,F1,1800,,,,,
2026-02-18,2026-02-18,FO,NSE,STO,89172,,CROMPTON,,2026-03-30,2026-03-30,190.0,CE,CROMPTON26MAR190CE,0.0,0.0,0.0,64.75,0.0,64.75,272.5,83.64,0,0,0,0.0,0,F1,1800,,,,,
2026-02-18,2026-02-18,FO,NSE,STO,89231,,CROMPTON,,2026-03-30,2026-03-30,225.0,CE,CROMPTON26MAR225CE,0.0,0.0,0.0,33.9,0.0,33.9,272.5,48.96,0,0,0,0.0,0,F1,1800,,,,,
2026-02-18,2026-02-18,FO,NSE,STO,89257,,CROMPTON,,2026-03-30,2026-03-30,280.0,CE,CROMPTON26MAR280CE,8.54,8.54,6.82,7.84,7.36,7.56,272.5,7.84,212400,48600,46,23808600.0,45,F1,1800,,,,,
2026-02-18,2026-02-18,FO,NSE,STO,101611,,CROMPTON,,2026-03-30,2026-03-30,297.5,CE,CROMPTON26MAR297.5CE,0.0,0.0,0.0,0.15,0.0,0.15,272.5,2.5,0,0,0,0.0,0,F1,1800,,,,,
2026-02-18,2026-02-18,FO,NSE,STO,101692,,CROMPTON,,2026-04-28,2026-04-28,200.0,CE,CROMPTON26APR200CE,0.0,0.0,0.0,29.2,0.0,29.2,272.5,74.6,0,0,0,0.0,0,F1,1800,,,,,
2026-02-18,2026-02-18,FO,NSE,STO,101702,,CROMPTON,,2026-04-28,2026-04-28,205.0,CE,CROMPTON26APR205CE,0.0,0.0,0.0,25.55,0.0,25.55,272.5,69.68,0,0,0,0.0,0,F1,1800,,,,,
2026-02-18,2026-02-18,FO,NSE,STO,88690,,CROMPTON,,2026-02-24,2026-02-24,207.5,CE,CROMPTON26FEB207.5CE,0.0,0.0,0.0,25.73,25.73,25.73,272.5,65.19,1800,0,0,0.0,0,F1,1800,,,,,
2026-02-18,2026-02-18,FO,NSE,STO,88588,,CROMPTON,,2026-02-24,2026-02-24,195.0,CE,CROMPTON26FEB195CE,0.0,0.0,0.0,58.55,0.0,58.55,272.5,77.68,0,0,0,0.0,0,F1,1800,,,,,
2026-02-18,2026-02-18,FO,NSE,STO,88661,,CROMPTON,,2026-02-24,2026-02-24,202.5,CE,CROMPTON26FEB202.5CE,0.0,0.0,0.0,70.62,70.62,70.62,272.5,70.18,10800,0,0,0.0,0,F1,1800,,,,,
2026-02-18,2026-02-18,FO,NSE,STO,101729,,CROMPTON,,2026-04-28,2026-04-28,255.0,CE,CROMPTON26APR255CE,0.0,0.0,0.0,4.35,0.0,4.35,272.5,24.92,0,0,0,0.0,0,F1,1800,,,,,
2026-02-18,2026-02-18,FO,NSE,STO,101737,,CROMPTON,,2026-04-28,2026-04-28,275.0,CE,CROMPTON26APR275CE,0.0,0.0,0.0,1.75,0.0,1.75,272.5,12.97,0,0,0,0.0,0,F1,1800,,,,,
2026-02-18,2026-02-18,FO,NSE,STO,101748,,CROMPTON,,2026-04-28,2026-04-28,300.0,PE,CROMPTON26APR300PE,0.0,0.0,0.0,73.75,0.0,73.75,272.5,28.96,0,0,0,0.0,0,F1,1800,,,,,
2026-02-18,2026-02-18,FO,NSE,STO,89264,,CROMPTON,,2026-03-30,2026-03-30,290.0,PE,CROMPTON26MAR290PE,22.4,22.6,20.25,20.25,20.25,23.3,272.5,20.25,21600,9000,8,4487994.0,6,F1,1800,,,,,
2026-02-18,2026-02-18,FO,NSE,STO,89238,,CROMPTON,,2026-03-30,2026-03-30,240.0,PE,CROMPTON26MAR240PE,2.22,2.3,1.95,1.95,1.95,2.27,272.5,0.7,153000,0,9,3923982.0,9,F1,1800,,,,,
2026-02-18,2026-02-18,FO,NSE,STO,101489,,CROMPTON,,2026-03-30,2026-03-30,237.5,PE,CROMPTON26MAR237.5PE,0.0,0.0,0.0,19.1,0.0,19.1,272.5,0.53,0,0,0,0.0,0,F1,1800,,,,,
2026-02-18,2026-02-18,FO,NSE,STO,101437,,CROMPTON,,2026-03-30,2026-03-30,227.5,PE,CROMPTON26MAR227.5PE,0.0,0.0,0.0,1.85,1.85,1.85,272.5,0.15,3600,0,0,0.0,0,F1,1800,,,,,
2026-02-18,2026-02-18,FO,NSE,STO,88729,,CROMPTON,,2026-02-24,2026-02-24,257.5,CE,CROMPTON26FEB257.5CE,0.0,0.0,0.0,16.34,16.46,16.34,272.5,15.42,77400,0,0,0.0,0,F1,1800,,,,,
2026-02-18,2026-02-18,FO,NSE,STO,88739,,CROMPTON,,2026-02-24,2026-02-24,262.5,CE,CROMPTON26FEB262.5CE,8.14,10.62,7.85,10.28,9.66,9.15,272.5,10.28,111600,9000,19,9296262.0,19,F1,1800,,,,,
2026-02-18,2026-02-18,FO,NSE,STO,88805,,CROMPTON,,2026-02-24,2026-02-24,295.0,CE,CROMPTON26FEB295CE,0.28,0.32,0.25,0.29,0.25,0.38,272.5,0.29,86400,-41400,112,59529852.0,103,F1,1800,,,,,
2026-02-18,2026-02-18,FO,NSE,STO,88807,,CROMPTON,,2026-02-24,2026-02-24,297.5,CE,CROMPTON26FEB297.5CE,0.0,0.0,0.0,1.4,0.0,1.4,272.5,0.02,0,0,0,0.0,0,F1,1800,,,,,
2026-02-18,2026-02-18,FO,NSE,STO,89195,,CROMPTON,,2026-03-30,2026-03-30,220.0,CE,CROMPTON26MAR220CE,0.0,0.0,0.0,16.0,16.0,16.0,272.5,53.87,1800,0,0,0.0,0,F1,1800,,,,,
2026-02-18,2026-02-18,FO,NSE,STO,89237,,CROMPTON,,2026-03-30,2026-03-30,240.0,CE,CROMPTON26MAR240CE,33.5,35.0,33.5,35.0,35.0,32.71,272.5,35.0,61200,3600,4,1973628.0,4,F1,1800,,,,,
2026-02-18,2026-02-18,FO,NSE,STO,101593,,CROMPTON,,2026-03-30,2026-03-30,272.5,CE,CROMPTON26MAR272.5CE,0.0,0.0,0.0,0.85,0.0,0.85,272.5,10.56,0,0,0,0.0,0,F1,1800,,,,,
2026-02-18,2026-02-18,FO,NSE,STO,88660,,CROMPTON,,2026-02-24,2026-02-24,197.5,PE,CROMPTON26FEB197.5PE,0.0,0.0,0.0,0.2,0.0,0.2,272.5,0.01,0,0,0,0.0,0,F1,1800,,,,,
2026-02-18,2026-02-18,FO,NSE,STO,87314,,CROMPTON,,2026-02-24,2026-02-24,210.0,PE,CROMPTON26FEB210PE,0.0,0.0,0.0,0.14,0.14,0.14,272.5,0.01,230400,0,0,0.0,0,F1,1800,,,,,
2026-02-18,2026-02-18,FO,NSE,STO,88727,,CROMPTON,,2026-02-24,2026-02-24,255.0,PE,CROMPTON26FEB255PE,0.77,0.89,0.39,0.41,0.44,0.89,272.5,0.41,1049400,-9000,525,241542828.0,465,F1,1800,,,,,
2026-02-18,2026-02-18,FO,NSE,STO,87411,,CROMPTON,,2026-02-24,2026-02-24,270.0,PE,CROMPTON26FEB270PE,4.66,5.66,2.46,2.75,3.04,4.66,272.5,2.75,567000,36000,402,198378594.0,317,F1,1800,,,,,
2026-02-18,2026-02-18,FO,NSE,STO,88798,,CROMPTON,,2026-02-24,2026-02-24,287.5,PE,CROMPTON26FEB287.5PE,0.0,0.0,0.0,35.7,0.0,35.7,272.5,15.01,0,0,0,0.0,0,F1,1800,,,,,
2026-02-18,2026-02-18,FO,NSE,STO,89192,,CROMPTON,,2026-03-30,2026-03-30,215.0,PE,CROMPTON26MAR215PE,0.0,0.0,0.0,5.19,5.19,5.19,272.5,0.02,3600,0,0,0.0,0,F1,1800,,,,,
2026-02-18,2026-02-18,FO,NSE,STO,101547,,CROMPTON,,2026-03-30,2026-03-30,252.5,PE,CROMPTON26MAR252.5PE,3.65,3.65,3.65,3.65,3.65,4.21,272.5,2.28,18000,9000,5,2305350.0,2,F1,1800,,,,,
2026-02-18,2026-02-18,FO,NSE,STO,89248,,CROMPTON,,2026-03-30,2026-03-30,255.0,PE,CROMPTON26MAR255PE,0.0,0.0,0.0,5.6,5.6,5.6,272.5,2.8,21600,0,0,0.0,0,F1,1800,,,,,
2026-02-18,2026-02-18,FO,NSE,STO,101592,,CROMPTON,,2026-03-30,2026-03-30,267.5,PE,CROMPTON26MAR267.5PE,0.0,0.0,0.0,43.75,0.0,43.75,272.5,6.69,0,0,0,0.0,0,F1,1800,,,,,
2026-02-18,2026-02-18,FO,NSE,STO,101594,,CROMPTON,,2026-03-30,2026-03-30,272.5,PE,CROMPTON26MAR272.5PE,11.31,11.31,11.31,11.31,11.31,48.35,272.5,11.31,1800,1800,1,510858.0,1,F1,1800,,,,,
2026-02-18,2026-02-18,FO,NSE,STO,101736,,CROMPTON,,2026-04-28,2026-04-28,270.0,PE,CROMPTON26APR270PE,0.0,0.0,0.0,45.95,0.0,45.95,272.5,10.21,0,0,0,0.0,0,F1,1800,,,,,
2026-02-18,2026-02-18,FO,NSE,STO,101740,,CROMPTON,,2026-04-28,2026-04-28,280.0,PE,CROMPTON26APR280PE,0.0,0.0,0.0,54.95,0.0,54.95,272.5,15.34,0,0,0,0.0,0,F1,1800,,,,,
2026-02-18,2026-02-18,FO,NSE,STO,88704,,CROMPTON,,2026-02-24,2026-02-24,232.5,CE,CROMPTON26FEB232.5CE,0.0,0.0,0.0,36.01,36.01,36.01,272.5,40.21,95400,0,0,0.0,0,F1,1800,,,,,
2026-02-18,2026-02-18,FO,NSE,STO,88673,,CROMPTON,,2026-02-24,2026-02-24,205.0,CE,CROMPTON26FEB205CE,0.0,0.0,0.0,34.9,34.9,34.9,272.5,67.69,1800,0,0,0.0,0,F1,1800,,,,,
2026-02-18,2026-02-18,FO,NSE,STO,88694,,CROMPTON,,2026-02-24,2026-02-24,215.0,CE,CROMPTON26FEB215CE,0.0,0.0,0.0,48.63,48.63,48.63,272.5,57.69,61200,0,0,0.0,0,F1,1800,,,,,
2026-02-18,2026-02-18,FO,NSE,STO,88714,,CROMPTON,,2026-02-24,2026-02-24,245.0,CE,CROMPTON26FEB245CE,26.2,27.94,25.15,27.52,27.28,25.18,272.5,27.52,880200,-531000,366,178632756.0,190,F1,1800,,,,,
2026-02-18,2026-02-18,FO,NSE,STO,88769,,CROMPTON,,2026-02-24,2026-02-24,275.0,PE,CROMPTON26FEB275PE,6.98,9.19,5.3,5.41,5.71,7.49,272.5,5.41,75600,0,44,22318254.0,41,F1,1800,,,,,
2026-02-18,2026-02-18,FO,NSE,STO,87416,,CROMPTON,,2026-02-24,2026-02-24,290.0,PE,CROMPTON26FEB290PE,20.22,21.51,17.86,18.26,17.86,21.01,272.5,18.26,142200,12600,18,10032984.0,16,F1,1800,,,,,
2026-02-18,2026-02-18,FO,NSE,STO,87425,,CROMPTON,,2026-02-24,2026-02-24,300.0,PE,CROMPTON26FEB300PE,29.75,31.11,29.2,29.25,29.25,29.75,272.5,27.24,448200,-9000,5,2967408.0,4,F1,1800,,,,,
2026-02-18,2026-02-18,FO,NSE,STO,89177,,CROMPTON,,2026-03-30,2026-03-30,200.0,PE,CROMPTON26MAR200PE,0.0,0.0,0.0,1.0,1.0,1.0,272.5,0.01,16200,0,0,0.0,0,F1,1800,,,,,
2026-02-18,2026-02-18,FO,NSE,STO,89196,,CROMPTON,,2026-03-30,2026-03-30,220.0,PE,CROMPTON26MAR220PE,0.66,0.98,0.66,0.98,0.98,0.61,272.5,0.98,45000,1800,2,794952.0,2,F1,1800,,,,,
2026-02-18,2026-02-18,FO,NSE,STO,89246,,CROMPTON,,2026-03-30,2026-03-30,250.0,PE,CROMPTON26MAR250PE,3.51,3.51,2.84,2.87,2.88,3.65,272.5,2.87,120600,45000,49,22329378.0,45,F1,1800,,,,,
2026-02-18,2026-02-18,FO,NSE,STO,89252,,CROMPTON,,2026-03-30,2026-03-30,265.0,PE,CROMPTON26MAR265PE,8.4,8.4,6.36,6.36,6.36,8.59,272.5,6.36,10800,1800,6,2938896.0,6,F1,1800,,,,,
2026-02-18,2026-02-18,FO,NSE,STO,101391,,CROMPTON,,2026-03-30,2026-03-30,222.5,CE,CROMPTON26MAR222.5CE,0.0,0.0,0.0,12.2,0.0,12.2,272.5,51.41,0,0,0,0.0,0,F1,1800,,,,,
2026-02-18,2026-02-18,FO,NSE,STO,88722,,CROMPTON,,2026-02-24,2026-02-24,247.5,CE,CROMPTON26FEB247.5CE,0.0,0.0,0.0,24.9,24.9,24.9,272.5,25.23,163800,0,0,0.0,0,F1,1800,,,,,
2026-02-18,2026-02-18,FO,NSE,STO,88801,,CROMPTON,,2026-02-24,2026-02-24,292.5,CE,CROMPTON26FEB292.5CE,0.3,0.38,0.3,0.35,0.34,0.47,272.5,0.35,34200,25200,96,50603238.0,96,F1,1800,,,,,
2026-02-18,2026-02-18,FO,NSE,STO,87426,,CROMPTON,,2026-02-24,2026-02-24,310.0,CE,CROMPTON26FEB310CE,0.0,0.0,0.0,0.24,0.24,0.24,272.5,0.01,102600,0,0,0.0,0,F1,1800,,,,,
2026-02-18,2026-02-18,FO,NSE,STO,101385,,CROMPTON,,2026-03-30,2026-03-30,207.5,CE,CROMPTON26MAR207.5CE,0.0,0.0,0.0,21.25,0.0,21.25,272.5,66.25,0,0,0,0.0,0,F1,1800,,,,,
2026-02-18,2026-02-18,FO,NSE,STO,101492,,CROMPTON,,2026-03-30,2026-03-30,247.5,CE,CROMPTON26MAR247.5CE,0.0,0.0,0.0,3.75,0.0,3.75,272.5,27.96,0,0,0,0.0,0,F1,1800,,,,,
2026-02-18,2026-02-18,FO,NSE,STO,89261,,CROMPTON,,2026-03-30,2026-03-30,290.0,CE,CROMPTON26MAR290CE,4.97,4.97,4.04,4.84,4.56,4.97,272.5,4.84,237600,36000,67,35534934.0,53,F1,1800,,,,,
2026-02-18,2026-02-18,FO,NSE,STO,101727,,CROMPTON,,2026-04-28,2026-04-28,250.0,CE,CROMPTON26APR250CE,0.0,0.0,0.0,5.4,0.0,5.4,272.5,28.63,0,0,0,0.0,0,F1,1800,,,,,
2026-02-18,2026-02-18,FO,NSE,STO,101731,,CROMPTON,,2026-04-28,2026-04-28,260.0,CE,CROMPTON26APR260CE,0.0,0.0,0.0,3.5,0.0,3.5,272.5,21.48,0,0,0,0.0,0,F1,1800,,,,,
2026-02-18,2026-02-18,FO,NSE,STO,101747,,CROMPTON,,2026-04-28,2026-04-28,300.0,CE,CROMPTON26APR300CE,0.0,0.0,0.0,0.5,0.0,0.5,272.5,4.56,0,0,0,0.0,0,F1,1800,,,,,
2026-02-18,2026-02-18,FO,NSE,STO,101749,,CROMPTON,,2026-04-28,2026-04-28,310.0,CE,CROMPTON26APR310CE,0.0,0.0,0.0,0.3,0.0,0.3,272.5,2.8,0,0,0,0.0,0,F1,1800,,,,,
2026-02-18,2026-02-18,FO,NSE,STO,88689,,CROMPTON,,2026-02-24,2026-02-24,205.0,PE,CROMPTON26FEB205PE,0.0,0.0,0.0,0.4,0.0,0.4,272.5,0.01,0,0,0,0.0,0,F1,1800,,,,,
2026-02-18,2026-02-18,FO,NSE,STO,88693,,CROMPTON,,2026-02-24,2026-02-24,212.5,PE,CROMPTON26FEB212.5PE,0.0,0.0,0.0,1.01,1.01,1.01,272.5,0.01,48600,0,0,0.0,0,F1,1800,,,,,
2026-02-18,2026-02-18,FO,NSE,STO,88705,,CROMPTON,,2026-02-24,2026-02-24,232.5,PE,CROMPTON26FEB232.5PE,0.2,0.24,0.2,0.2,0.2,0.37,272.5,0.2,109800,-28800,29,12148200.0,29,F1,1800,,,,,
2026-02-18,2026-02-18,FO,NSE,STO,88707,,CROMPTON,,2026-02-24,2026-02-24,235.0,PE,CROMPTON26FEB235PE,0.28,0.28,0.22,0.22,0.22,0.37,272.5,0.01,754200,-151200,97,41071068.0,18,F1,1800,,,,,
2026-02-18,2026-02-18,FO,NSE,STO,88742,,CROMPTON,,2026-02-24,2026-02-24,265.0,PE,CROMPTON26FEB265PE,2.02,3.1,1.16,1.29,1.27,2.54,272.5,1.29,410400,28800,268,128865456.0,214,F1,1800,,,,,
2026-02-18,2026-02-18,FO,NSE,STO,88749,,CROMPTON,,2026-02-24,2026-02-24,272.5,PE,CROMPTON26FEB272.5PE,5.54,7.12,3.86,3.97,4.19,5.82,272.5,3.97,95400,1800,34,17010630.0,33,F1,1800,,,,,
2026-02-18,2026-02-18,FO,NSE,STO,89235,,CROMPTON,,2026-03-30,2026-03-30,235.0,CE,CROMPTON26MAR235CE,0.0,0.0,0.0,26.7,0.0,26.7,272.5,39.31,0,0,0,0.0,0,F1,1800,,,,,
2026-02-18,2026-02-18,FO,NSE,STO,88699,,CROMPTON,,2026-02-24,2026-02-24,222.5,PE,CROMPTON26FEB222.5PE,0.04,0.2,0.04,0.2,0.2,0.6,272.5,0.01,198000,12600,26,10417626.0,17,F1,1800,,,,,
2026-02-18,2026-02-18,FO,NSE,STO,88701,,CROMPTON,,2026-02-24,2026-02-24,225.0,PE,CROMPTON26FEB225PE,0.22,0.26,0.14,0.14,0.14,0.29,272.5,0.14,369000,-90000,122,49456746.0,117,F1,1800,,,,,
2026-02-18,2026-02-18,FO,NSE,STO,87409,,CROMPTON,,2026-02-24,2026-02-24,260.0,PE,CROMPTON26FEB260PE,0.77,1.53,0.54,0.61,0.64,1.41,272.5,0.61,2372400,-34200,400,187905294.0,318,F1,1800,,,,,
2026-02-18,2026-02-18,FO,NSE,STO,88806,,CROMPTON,,2026-02-24,2026-02-24,295.0,PE,CROMPTON26FEB295PE,26.5,26.5,25.5,25.5,25.5,24.03,272.5,22.27,32400,-9000,8,4624200.0,3,F1,1800,,,,,
2026-02-18,2026-02-18,FO,NSE,STO,101545,,CROMPTON,,2026-03-30,2026-03-30,247.5,PE,CROMPTON26MAR247.5PE,0.0,0.0,0.0,26.5,0.0,26.5,272.5,1.47,0,0,0,0.0,0,F1,1800,,,,,
2026-02-18,2026-02-18,FO,NSE,STO,89268,,CROMPTON,,2026-03-30,2026-03-30,300.0,PE,CROMPTON26MAR300PE,31.15,31.15,30.55,30.55,30.55,30.37,272.5,27.81,136800,3600,2,1191060.0,2,F1,1800,,,,,
2026-02-18,2026-02-18,FO,NSE,STO,89270,,CROMPTON,,2026-03-30,2026-03-30,305.0,PE,CROMPTON26MAR305PE,34.0,34.13,34.0,34.13,34.13,51.3,272.5,32.15,3600,3600,2,1220634.0,2,F1,1800,,,,,
2026-02-18,2026-02-18,FO,NSE,STO,101707,,CROMPTON,,2026-04-28,2026-04-28,215.0,PE,CROMPTON26APR215PE,0.0,0.0,0.0,8.7,0.0,8.7,272.5,0.18,0,0,0,0.0,0,F1,1800,,,,,
2026-02-18,2026-02-18,FO,NSE,STO,101713,,CROMPTON,,2026-04-28,2026-04-28,225.0,PE,CROMPTON26APR225PE,0.0,0.0,0.0,13.25,0.0,13.25,272.5,0.51,0,0,0,0.0,0,F1,1800,,,,,
2026-02-18,2026-02-18,FO,NSE,STO,101746,,CROMPTON,,2026-04-28,2026-04-28,295.0,PE,CROMPTON26APR295PE,0.0,0.0,0.0,69.0,0.0,69.0,272.5,25.19,0,0,0,0.0,0,F1,1800,,,,,
2026-02-18,2026-02-18,FO,NSE,STO,101741,,CROMPTON,,2026-04-28,2026-04-28,285.0,CE,CROMPTON26APR285CE,0.0,0.0,0.0,1.1,0.0,1.1,272.5,8.8,0,0,0,0.0,0,F1,1800,,,,,
2026-02-18,2026-02-18,FO,NSE,STO,89167,,CROMPTON,,2026-03-30,2026-03-30,180.0,CE,CROMPTON26MAR180CE,0.0,0.0,0.0,74.4,0.0,74.4,272.5,93.58,0,0,0,0.0,0,F1,1800,,,,,
2026-02-18,2026-02-18,FO,NSE,STO,87415,,CROMPTON,,2026-02-24,2026-02-24,290.0,CE,CROMPTON26FEB290CE,0.6,0.6,0.33,0.44,0.4,0.55,272.5,0.44,1135800,-129600,453,236802294.0,371,F1,1800,,,,,
2026-02-18,2026-02-18,FO,NSE,STO,88789,,CROMPTON,,2026-02-24,2026-02-24,282.5,CE,CROMPTON26FEB282.5CE,1.11,1.11,0.63,0.88,0.78,1.09,272.5,0.88,579600,1800,78,39776544.0,78,F1,1800,,,,,
2026-02-18,2026-02-18,FO,NSE,STO,88698,,CROMPTON,,2026-02-24,2026-02-24,222.5,CE,CROMPTON26FEB222.5CE,47.4,47.4,45.57,45.57,45.57,46.16,272.5,50.2,178200,-3600,2,968346.0,2,F1,1800,,,,,
2026-02-18,2026-02-18,FO,NSE,STO,88582,,CROMPTON,,2026-02-24,2026-02-24,185.0,CE,CROMPTON26FEB185CE,0.0,0.0,0.0,66.93,66.93,66.93,272.5,87.67,1800,0,0,0.0,0,F1,1800,,,,,
2026-02-18,2026-02-18,FO,NSE,STF,51853,,CROMPTON,,2026-03-30,2026-03-30,,,CROMPTON26MARFUT,272.5,274.44,269.04,273.81,272.97,271.42,272.5,273.81,5095800,2068200,1667,816521634.0,1224,F1,1800,,,,,
2026-02-18,2026-02-18,FO,NSE,STF,59294,,CROMPTON,,2026-02-24,2026-02-24,,,CROMPTON26FEBFUT,270.67,272.69,267.27,272.06,271.2,270.19,272.5,272.06,46708200,-2334600,2674,1301186142.0,2110,F1,1800,,,,,
2026-02-18,2026-02-18,FO,NSE,STO,89255,,CROMPTON,,2026-03-30,2026-03-30,275.0,CE,CROMPTON26MAR275CE,10.19,10.2,8.39,10.01,9.73,9.64,272.5,10.01,82800,-160200,149,76390902.0,54,F1,1800,,,,,
2026-02-18,2026-02-18,FO,NSE,STO,89239,,CROMPTON,,2026-03-30,2026-03-30,245.0,CE,CROMPTON26MAR245CE,0.0,0.0,0.0,20.45,0.0,20.45,272.5,30.13,0,0,0,0.0,0,F1,1800,,,,,
2026-02-18,2026-02-18,FO,NSE,STO,101549,,CROMPTON,,2026-03-30,2026-03-30,257.5,CE,CROMPTON26MAR257.5CE,0.0,0.0,0.0,2.15,0.0,2.15,272.5,19.94,0,0,0,0.0,0,F1,1800,,,,,
2026-02-18,2026-02-18,FO,NSE,STO,89251,,CROMPTON,,2026-03-30,2026-03-30,265.0,CE,CROMPTON26MAR265CE,14.73,15.0,14.5,14.5,14.5,16.0,272.5,14.81,32400,16200,11,5541696.0,6,F1,1800,,,,,
2026-02-18,2026-02-18,FO,NSE,STO,101595,,CROMPTON,,2026-03-30,2026-03-30,277.5,CE,CROMPTON26MAR277.5CE,0.0,0.0,0.0,0.65,0.0,0.65,272.5,8.23,0,0,0,0.0,0,F1,1800,,,,,
2026-02-18,2026-02-18,FO,NSE,STO,89269,,CROMPTON,,2026-03-30,2026-03-30,305.0,CE,CROMPTON26MAR305CE,0.0,0.0,0.0,2.42,2.42,2.42,272.5,1.48,28800,0,0,0.0,0,F1,1800,,,,,
2026-02-18,2026-02-18,FO,NSE,STO,89271,,CROMPTON,,2026-03-30,2026-03-30,310.0,CE,CROMPTON26MAR310CE,0.0,0.0,0.0,2.02,2.02,2.02,272.5,1.02,16200,0,0,0.0,0,F1,1800,,,,,
2026-02-18,2026-02-18,FO,NSE,STO,101742,,CROMPTON,,2026-04-28,2026-04-28,285.0,PE,CROMPTON26APR285PE,0.0,0.0,0.0,59.55,0.0,59.55,272.5,18.35,0,0,0,0.0,0,F1,1800,,,,,
2026-02-18,2026-02-18,FO,NSE,STO,101738,,CROMPTON,,2026-04-28,2026-04-28,275.0,PE,CROMPTON26APR275PE,0.0,0.0,0.0,50.4,0.0,50.4,272.5,12.62,0,0,0,0.0,0,F1,1800,,,,,
2026-02-18,2026-02-18,FO,NSE,STO,101732,,CROMPTON,,2026-04-28,2026-04-28,260.0,PE,CROMPTON26APR260PE,0.0,0.0,0.0,37.4,0.0,37.4,272.5,6.29,0,0,0,0.0,0,F1,1800,,,,,
2026-02-18,2026-02-18,FO,NSE,STO,101387,,CROMPTON,,2026-03-30,2026-03-30,212.5,CE,CROMPTON26MAR212.5CE,0.0,0.0,0.0,17.85,0.0,17.85,272.5,61.29,0,0,0,0.0,0,F1,1800,,,,,
2026-02-18,2026-02-18,FO,NSE,STO,101728,,CROMPTON,,2026-04-28,2026-04-28,250.0,PE,CROMPTON26APR250PE,0.0,0.0,0.0,29.45,0.0,29.45,272.5,3.55,0,0,0,0.0,0,F1,1800,,,,,
2026-02-18,2026-02-18,FO,NSE,STO,101612,,CROMPTON,,2026-03-30,2026-03-30,297.5,PE,CROMPTON26MAR297.5PE,0.0,0.0,0.0,72.4,0.0,72.4,272.5,25.72,0,0,0,0.0,0,F1,1800,,,,,
2026-02-18,2026-02-18,FO,NSE,STO,89170,,CROMPTON,,2026-03-30,2026-03-30,185.0,PE,CROMPTON26MAR185PE,0.0,0.0,0.0,0.2,0.0,0.2,272.5,0.01,0,0,0,0.0,0,F1,1800,,,,,
2026-02-18,2026-02-18,FO,NSE,STO,88792,,CROMPTON,,2026-02-24,2026-02-24,282.5,PE,CROMPTON26FEB282.5PE,0.0,0.0,0.0,31.5,0.0,31.5,272.5,10.53,0,0,0,0.0,0,F1,1800,,,,,
2026-02-18,2026-02-18,FO,NSE,STO,88723,,CROMPTON,,2026-02-24,2026-02-24,247.5,PE,CROMPTON26FEB247.5PE,0.49,0.5,0.32,0.32,0.33,0.62,272.5,0.32,234000,-109800,152,67826646.0,146,F1,1800,,,,,
2026-02-18,2026-02-18,FO,NSE,STO,87312,,CROMPTON,,2026-02-24,2026-02-24,200.0,PE,CROMPTON26FEB200PE,0.1,0.17,0.1,0.13,0.13,0.13,272.5,0.01,261000,-3600,36,12969306.0,35,F1,1800,,,,,
2026-02-18,2026-02-18,FO,NSE,STO,87310,,CROMPTON,,2026-02-24,2026-02-24,190.0,PE,CROMPTON26FEB190PE,0.05,0.05,0.05,0.05,0.05,0.05,272.5,0.01,68400,-3600,2,684180.0,2,F1,1800,,,,,
2026-02-18,2026-02-18,FO,NSE,STO,88748,,CROMPTON,,2026-02-24,2026-02-24,272.5,CE,CROMPTON26FEB272.5CE,3.85,4.07,2.16,3.43,3.08,3.55,272.5,3.43,190800,-52200,476,236077866.0,436,F1,1800,,,,,
2026-02-18,2026-02-18,FO,NSE,STO,88851,,CROMPTON,,2026-02-24,2026-02-24,315.0,CE,CROMPTON26FEB315CE,0.0,0.0,0.0,0.5,0.0,0.5,272.5,0.01,0,0,0,0.0,0,F1,1800,,,,,
2026-02-18,2026-02-18,FO,NSE,STO,101381,,CROMPTON,,2026-03-30,2026-03-30,197.5,CE,CROMPTON26MAR197.5CE,0.0,0.0,0.0,28.9,0.0,28.9,272.5,76.19,0,0,0,0.0,0,F1,1800,,,,,
2026-02-18,2026-02-18,FO,NSE,STO,101610,,CROMPTON,,2026-03-30,2026-03-30,292.5,PE,CROMPTON26MAR292.5PE,0.0,0.0,0.0,67.5,0.0,67.5,272.5,21.71,0,0,0,0.0,0,F1,1800,,,,,
2026-02-18,2026-02-18,FO,NSE,STO,88700,,CROMPTON,,2026-02-24,2026-02-24,225.0,CE,CROMPTON26FEB225CE,43.25,47.16,43.25,47.15,47.15,46.15,272.5,47.15,309600,-50400,43,20958678.0,36,F1,1800,,,,,
2026-02-18,2026-02-18,FO,NSE,STO,88708,,CROMPTON,,2026-02-24,2026-02-24,237.5,CE,CROMPTON26FEB237.5CE,0.0,0.0,0.0,30.84,30.46,30.84,272.5,35.21,309600,0,0,0.0,0,F1,1800,,,,,
2026-02-18,2026-02-18,FO,NSE,STO,87408,,CROMPTON,,2026-02-24,2026-02-24,260.0,CE,CROMPTON26FEB260CE,11.8,12.92,8.92,12.41,12.0,11.4,272.5,12.41,820800,-30600,117,57030894.0,95,F1,1800,,,,,
2026-02-18,2026-02-18,FO,NSE,STO,88768,,CROMPTON,,2026-02-24,2026-02-24,275.0,CE,CROMPTON26FEB275CE,2.3,2.8,1.55,2.46,2.1,2.61,272.5,2.46,505800,-25200,687,342705582.0,551,F1,1800,,,,,
2026-02-18,2026-02-18,FO,NSE,STO,88779,,CROMPTON,,2026-02-24,2026-02-24,277.5,CE,CROMPTON26FEB277.5CE,1.98,1.98,1.21,1.78,1.69,1.91,272.5,1.78,147600,-3600,71,35666478.0,70,F1,1800,,,,,
2026-02-18,2026-02-18,FO,NSE,STO,87412,,CROMPTON,,2026-02-24,2026-02-24,280.0,CE,CROMPTON26FEB280CE,1.5,1.58,0.83,1.22,1.06,1.43,272.5,1.22,1870200,45000,670,339046326.0,521,F1,1800,,,,,
2026-02-18,2026-02-18,FO,NSE,STO,89174,,CROMPTON,,2026-03-30,2026-03-30,195.0,CE,CROMPTON26MAR195CE,0.0,0.0,0.0,60.0,0.0,60.0,272.5,78.67,0,0,0,0.0,0,F1,1800,,,,,
2026-02-18,2026-02-18,FO,NSE,STO,89191,,CROMPTON,,2026-03-30,2026-03-30,215.0,CE,CROMPTON26MAR215CE,0.0,0.0,0.0,42.0,0.0,42.0,272.5,58.81,0,0,0,0.0,0,F1,1800,,,,,
2026-02-18,2026-02-18,FO,NSE,STO,89247,,CROMPTON,,2026-03-30,2026-03-30,255.0,CE,CROMPTON26MAR255CE,0.0,0.0,0.0,20.3,20.3,20.3,272.5,21.83,12600,0,0,0.0,0,F1,1800,,,,,
2026-02-18,2026-02-18,FO,NSE,STO,101607,,CROMPTON,,2026-03-30,2026-03-30,287.5,CE,CROMPTON26MAR287.5CE,0.0,0.0,0.0,0.3,0.0,0.3,272.5,4.72,0,0,0,0.0,0,F1,1800,,,,,
2026-02-18,2026-02-18,FO,NSE,STO,88703,,CROMPTON,,2026-02-24,2026-02-24,227.5,PE,CROMPTON26FEB227.5PE,0.0,0.0,0.0,0.28,0.28,0.28,272.5,0.01,185400,0,0,0.0,0,F1,1800,,,,,
2026-02-18,2026-02-18,FO,NSE,STO,88794,,CROMPTON,,2026-02-24,2026-02-24,285.0,PE,CROMPTON26FEB285PE,0.0,0.0,0.0,39.78,39.78,39.78,272.5,12.72,12600,0,0,0.0,0,F1,1800,,,,,
2026-02-18,2026-02-18,FO,NSE,STO,89168,,CROMPTON,,2026-03-30,2026-03-30,180.0,PE,CROMPTON26MAR180PE,0.0,0.0,0.0,0.15,0.0,0.15,272.5,0.01,0,0,0,0.0,0,F1,1800,,,,,
2026-02-18,2026-02-18,FO,NSE,STO,89175,,CROMPTON,,2026-03-30,2026-03-30,195.0,PE,CROMPTON26MAR195PE,0.0,0.0,0.0,0.5,0.0,0.5,272.5,0.01,0,0,0,0.0,0,F1,1800,,,,,
2026-02-18,2026-02-18,FO,NSE,STO,101386,,CROMPTON,,2026-03-30,2026-03-30,207.5,PE,CROMPTON26MAR207.5PE,0.0,0.0,0.0,3.46,3.46,3.46,272.5,0.01,5400,0,0,0.0,0,F1,1800,,,,,
2026-02-18,2026-02-18,FO,NSE,STO,101597,,CROMPTON,,2026-03-30,2026-03-30,277.5,PE,CROMPTON26MAR277.5PE,0.0,0.0,0.0,53.05,0.0,53.05,272.5,11.56,0,0,0,0.0,0,F1,1800,,,,,
2026-02-18,2026-02-18,FO,NSE,STO,101730,,CROMPTON,,2026-04-28,2026-04-28,255.0,PE,CROMPTON26APR255PE,0.0,0.0,0.0,33.3,0.0,33.3,272.5,4.78,0,0,0,0.0,0,F1,1800,,,,,
2026-02-18,2026-02-18,FO,NSE,STO,101722,,CROMPTON,,2026-04-28,2026-04-28,235.0,PE,CROMPTON26APR235PE,0.0,0.0,0.0,19.0,0.0,19.0,272.5,1.23,0,0,0,0.0,0,F1,1800,,,,,
2026-02-18,2026-02-18,FO,NSE,STO,101665,,CROMPTON,,2026-04-28,2026-04-28,180.0,PE,CROMPTON26APR180PE,0.0,0.0,0.0,0.95,0.0,0.95,272.5,0.01,0,0,0,0.0,0,F1,1800,,,,,
2026-02-18,2026-02-18,FO,NSE,STO,89274,,CROMPTON,,2026-03-30,2026-03-30,315.0,PE,CROMPTON26MAR315PE,43.0,43.0,43.0,43.0,43.0,60.3,272.5,41.29,5400,5400,3,1933200.0,2,F1,1800,,,,,
2026-02-18,2026-02-18,FO,NSE,STO,101726,,CROMPTON,,2026-04-28,2026-04-28,245.0,PE,CROMPTON26APR245PE,0.0,0.0,0.0,25.7,0.0,25.7,272.5,2.56,0,0,0,0.0,0,F1,1800,,,,,
2026-02-18,2026-02-18,FO,NSE,STO,101750,,CROMPTON,,2026-04-28,2026-04-28,310.0,PE,CROMPTON26APR310PE,0.0,0.0,0.0,83.4,0.0,83.4,272.5,37.1,0,0,0,0.0,0,F1,1800,,,,,
2026-02-18,2026-02-18,FO,NSE,STO,152823,,POWERINDIA,,2026-03-30,2026-03-30,17250.0,PE,POWERINDIA26MAR17250PE,0.0,0.0,0.0,1768.2,0.0,1768.2,23569.9,33.7,0,0,0,0.0,0,F1,50,,,,,
2026-02-18,2026-02-18,FO,NSE,STO,40716,,POWERINDIA,,2026-03-30,2026-03-30,24750.0,PE,POWERINDIA26MAR24750PE,0.0,0.0,0.0,5952.7,0.0,5952.7,23569.9,2150.35,0,0,0,0.0,0,F1,50,,,,,
2026-02-18,2026-02-18,FO,NSE,STO,36477,,POWERINDIA,,2026-03-30,2026-03-30,24500.0,PE,POWERINDIA26MAR24500PE,0.0,0.0,0.0,6350.9,0.0,6350.9,23569.9,1995.7,0,0,0,0.0,0,F1,50,,,,,
2026-02-18,2026-02-18,FO,NSE,STO,39261,,POWERINDIA,,2026-03-30,2026-03-30,24250.0,PE,POWERINDIA26MAR24250PE,0.0,0.0,0.0,5979.5,0.0,5979.5,23569.9,1846.95,0,0,0,0.0,0,F1,50,,,,,
2026-02-18,2026-02-18,FO,NSE,STO,152817,,POWERINDIA,,2026-03-30,2026-03-30,15750.0,PE,POWERINDIA26MAR15750PE,0.0,0.0,0.0,1015.55,0.0,1015.55,23569.9,6.65,0,0,0,0.0,0,F1,50,,,,,
2026-02-18,2026-02-18,FO,NSE,STO,156119,,POWERINDIA,,2026-02-24,2026-02-24,23750.0,PE,POWERINDIA26FEB23750PE,546.7,607.55,546.7,568.1,607.55,5703.9,23569.9,568.1,50,50,3,3647712.5,3,F1,50,,,,,
2026-02-18,2026-02-18,FO,NSE,STO,129260,,POWERINDIA,,2026-02-24,2026-02-24,21500.0,PE,POWERINDIA26FEB21500PE,105.0,117.3,43.6,62.65,71.7,129.05,23569.9,62.65,29450,5000,2484,2678860942.5,1727,F1,50,,,,,
2026-02-18,2026-02-18,FO,NSE,STO,129253,,POWERINDIA,,2026-02-24,2026-02-24,21000.0,PE,POWERINDIA26FEB21000PE,65.05,78.0,33.0,45.55,53.85,86.85,23569.9,45.55,37050,-700,1276,1342917845.0,1011,F1,50,,,,,
2026-02-18,2026-02-18,FO,NSE,STO,129221,,POWERINDIA,,2026-02-24,2026-02-24,18500.0,PE,POWERINDIA26FEB18500PE,16.05,18.45,10.85,13.25,18.45,22.3,23569.9,13.25,8500,-2150,161,149034107.5,89,F1,50,,,,,
2026-02-18,2026-02-18,FO,NSE,STO,129217,,POWERINDIA,,2026-02-24,2026-02-24,17500.0,PE,POWERINDIA26FEB17500PE,12.2,13.0,7.55,12.65,13.0,18.0,23569.9,12.65,2800,-600,31,27141147.5,26,F1,50,,,,,
2026-02-18,2026-02-18,FO,NSE,STO,156089,,POWERINDIA,,2026-02-24,2026-02-24,16250.0,PE,POWERINDIA26FEB16250PE,9.0,9.0,9.0,9.0,9.0,19.75,23569.9,9.0,200,0,1,812950.0,1,F1,50,,,,,
2026-02-18,2026-02-18,FO,NSE,STO,156081,,POWERINDIA,,2026-02-24,2026-02-24,14250.0,PE,POWERINDIA26FEB14250PE,0.0,0.0,0.0,17.05,15.4,17.05,23569.9,0.05,350,0,0,0.0,0,F1,50,,,,,
2026-02-18,2026-02-18,FO,NSE,STO,129204,,POWERINDIA,,2026-02-24,2026-02-24,14000.0,PE,POWERINDIA26FEB14000PE,6.0,6.0,6.0,6.0,6.0,3.1,23569.9,0.05,400,-50,1,700300.0,1,F1,50,,,,,
2026-02-18,2026-02-18,FO,NSE,STO,156174,,POWERINDIA,,2026-03-30,2026-03-30,24000.0,CE,POWERINDIA26MAR24000CE,1292.85,1292.85,935.6,1010.35,970.0,558.45,23569.9,1010.35,1750,1750,50,62580452.5,42,F1,50,,,,,
2026-02-18,2026-02-18,FO,NSE,STO,152846,,POWERINDIA,,2026-03-30,2026-03-30,22750.0,CE,POWERINDIA26MAR22750CE,1350.0,1350.0,1350.0,1350.0,1350.0,1350.0,23569.9,2042.25,500,50,1,1205000.0,1,F1,50,,,,,
2026-02-18,2026-02-18,FO,NSE,STO,152838,,POWERINDIA,,2026-03-30,2026-03-30,20750.0,CE,POWERINDIA26MAR20750CE,0.0,0.0,0.0,456.2,0.0,456.2,23569.9,3373.0,0,0,0,0.0,0,F1,50,,,,,
2026-02-18,2026-02-18,FO,NSE,STO,156150,,POWERINDIA,,2026-03-30,2026-03-30,18000.0,CE,POWERINDIA26MAR18000CE,0.0,0.0,0.0,2232.75,0.0,2232.75,23569.9,5744.05,0,0,0,0.0,0,F1,50,,,,,
2026-02-18,2026-02-18,FO,NSE,STO,156136,,POWERINDIA,,2026-03-30,2026-03-30,14500.0,CE,POWERINDIA26MAR14500CE,0.0,0.0,0.0,4348.05,0.0,4348.05,23569.9,9158.25,0,0,0,0.0,0,F1,50,,,,,
2026-02-18,2026-02-18,FO,NSE,STO,156092,,POWERINDIA,,2026-02-24,2026-02-24,17250.0,CE,POWERINDIA26FEB17250CE,0.0,0.0,0.0,2142.95,0.0,2142.95,23569.9,6335.5,0,0,0,0.0,0,F1,50,,,,,
2026-02-18,2026-02-18,FO,NSE,STO,129212,,POWERINDIA,,2026-02-24,2026-02-24,16500.0,CE,POWERINDIA26FEB16500CE,6582.45,7059.9,6582.45,7059.9,7059.9,6382.55,23569.9,7059.9,3600,0,5,5818357.5,5,F1,50,,,,,
2026-02-18,2026-02-18,FO,NSE,STO,156171,,POWERINDIA,,2026-03-30,2026-03-30,23000.0,PE,POWERINDIA26MAR23000PE,1025.0,1150.0,755.0,837.45,875.0,1231.25,23569.9,837.45,6950,6750,218,260251017.5,154,F1,50,,,,,
2026-02-18,2026-02-18,FO,NSE,STO,152825,,POWERINDIA,,2026-03-30,2026-03-30,17750.0,PE,POWERINDIA26MAR17750PE,0.0,0.0,0.0,653.2,653.2,653.2,23569.9,53.2,450,0,0,0.0,0,F1,50,,,,,
2026-02-18,2026-02-18,FO,NSE,STO,152819,,POWERINDIA,,2026-03-30,2026-03-30,16250.0,PE,POWERINDIA26MAR16250PE,0.0,0.0,0.0,1241.0,0.0,1241.0,23569.9,12.0,0,0,0,0.0,0,F1,50,,,,,
2026-02-18,2026-02-18,FO,NSE,STO,129251,,POWERINDIA,,2026-02-24,2026-02-24,20500.0,PE,POWERINDIA26FEB20500PE,61.1,61.1,25.0,33.95,37.0,58.2,23569.9,33.95,9900,1000,297,304973717.5,221,F1,50,,,,,
2026-02-18,2026-02-18,FO,NSE,STO,129246,,POWERINDIA,,2026-02-24,2026-02-24,20000.0,PE,POWERINDIA26FEB20000PE,34.05,44.0,20.1,25.8,30.05,43.15,23569.9,25.8,40850,3450,2111,2113729185.0,1678,F1,50,,,,,
2026-02-18,2026-02-18,FO,NSE,STO,129211,,POWERINDIA,,2026-02-24,2026-02-24,16000.0,PE,POWERINDIA26FEB16000PE,8.95,11.55,5.45,7.35,8.5,11.55,23569.9,7.35,9850,-250,1207,966077547.5,1136,F1,50,,,,,
2026-02-18,2026-02-18,FO,NSE,STO,156087,,POWERINDIA,,2026-02-24,2026-02-24,15750.0,PE,POWERINDIA26FEB15750PE,1.25,1.25,1.25,1.25,1.25,55.55,23569.9,0.05,300,0,1,787562.5,1,F1,50,,,,,
2026-02-18,2026-02-18,FO,NSE,STO,129210,,POWERINDIA,,2026-02-24,2026-02-24,16000.0,CE,POWERINDIA26FEB16000CE,0.0,0.0,0.0,2550.0,2550.0,2550.0,23569.9,7584.35,350,0,0,0.0,0,F1,50,,,,,
2026-02-18,2026-02-18,FO,NSE,STO,129218,,POWERINDIA,,2026-02-24,2026-02-24,18000.0,CE,POWERINDIA26FEB18000CE,5700.0,5700.0,5700.0,5700.0,5700.0,4400.0,23569.9,5586.15,5200,0,1,1185000.0,1,F1,50,,,,,
2026-02-18,2026-02-18,FO,NSE,STO,156104,,POWERINDIA,,2026-02-24,2026-02-24,20250.0,CE,POWERINDIA26FEB20250CE,0.0,0.0,0.0,2425.0,2425.0,2425.0,23569.9,3342.05,350,0,0,0.0,0,F1,50,,,,,
2026-02-18,2026-02-18,FO,NSE,STO,129284,,POWERINDIA,,2026-02-24,2026-02-24,25000.0,CE,POWERINDIA26FEB25000CE,69.0,124.7,33.65,97.0,91.95,59.35,23569.9,97.0,27200,-750,3562,4466715695.0,2797,F1,50,,,,,
2026-02-18,2026-02-18,FO,NSE,STO,129302,,POWERINDIA,,2026-02-24,2026-02-24,26000.0,CE,POWERINDIA26FEB26000CE,35.0,40.0,14.0,26.45,21.1,40.65,23569.9,26.45,18800,18750,2576,3352097827.5,1774,F1,50,,,,,
2026-02-18,2026-02-18,FO,NSE,STO,152806,,POWERINDIA,,2026-03-30,2026-03-30,15250.0,CE,POWERINDIA26MAR15250CE,0.0,0.0,0.0,2434.8,0.0,2434.8,23569.9,8415.05,0,0,0,0.0,0,F1,50,,,,,
2026-02-18,2026-02-18,FO,NSE,STO,152844,,POWERINDIA,,2026-03-30,2026-03-30,22250.0,CE,POWERINDIA26MAR22250CE,0.0,0.0,0.0,1600.0,1600.0,1600.0,23569.9,2337.15,250,0,0,0.0,0,F1,50,,,,,
2026-02-18,2026-02-18,FO,NSE,STO,152900,,POWERINDIA,,2026-04-28,2026-04-28,21500.0,CE,POWERINDIA26APR21500CE,0.0,0.0,0.0,607.95,0.0,607.95,23569.9,3289.5,0,0,0,0.0,0,F1,50,,,,,
2026-02-18,2026-02-18,FO,NSE,STO,152841,,POWERINDIA,,2026-03-30,2026-03-30,21250.0,PE,POWERINDIA26MAR21250PE,0.0,0.0,0.0,4701.6,0.0,4701.6,23569.9,555.85,0,0,0,0.0,0,F1,50,,,,,
2026-02-18,2026-02-18,FO,NSE,STO,153011,,POWERINDIA,,2026-04-28,2026-04-28,23000.0,PE,POWERINDIA26APR23000PE,0.0,0.0,0.0,6343.15,0.0,6343.15,23569.9,1618.25,0,0,0,0.0,0,F1,50,,,,,
2026-02-18,2026-02-18,FO,NSE,STO,152877,,POWERINDIA,,2026-04-28,2026-04-28,16000.0,PE,POWERINDIA26APR16000PE,0.0,0.0,0.0,1401.1,0.0,1401.1,23569.9,54.0,0,0,0,0.0,0,F1,50,,,,,
2026-02-18,2026-02-18,FO,NSE,STO,156179,,POWERINDIA,,2026-03-30,2026-03-30,26000.0,PE,POWERINDIA26MAR26000PE,0.0,0.0,0.0,7841.45,0.0,7841.45,23569.9,3005.6,0,0,0,0.0,0,F1,50,,,,,
2026-02-18,2026-02-18,FO,NSE,STO,156177,,POWERINDIA,,2026-03-30,2026-03-30,25000.0,PE,POWERINDIA26MAR25000PE,0.0,0.0,0.0,6954.2,0.0,6954.2,23569.9,2310.7,0,0,0,0.0,0,F1,50,,,,,
2026-02-18,2026-02-18,FO,NSE,STO,156173,,POWERINDIA,,2026-03-30,2026-03-30,23500.0,PE,POWERINDIA26MAR23500PE,1149.0,1149.0,965.6,1015.0,1050.0,5674.15,23569.9,1015.0,1800,1800,61,74739575.0,36,F1,50,,,,,
2026-02-18,2026-02-18,FO,NSE,STO,129255,,POWERINDIA,,2026-02-24,2026-02-24,21500.0,CE,POWERINDIA26FEB21500CE,1800.0,2227.5,1554.9,2151.0,2073.0,1469.3,23569.9,2151.0,9100,-550,65,75659127.5,43,F1,50,,,,,
2026-02-18,2026-02-18,FO,NSE,STO,129214,,POWERINDIA,,2026-02-24,2026-02-24,17000.0,CE,POWERINDIA26FEB17000CE,0.0,0.0,0.0,5825.0,5825.0,5825.0,23569.9,6585.25,5250,0,0,0.0,0,F1,50,,,,,
2026-02-18,2026-02-18,FO,NSE,STO,156114,,POWERINDIA,,2026-02-24,2026-02-24,22750.0,CE,POWERINDIA26FEB22750CE,766.0,1180.0,575.0,1101.45,1070.2,680.4,23569.9,1101.45,11600,-600,103,121217360.0,73,F1,50,,,,,
2026-02-18,2026-02-18,FO,NSE,STO,129275,,POWERINDIA,,2026-02-24,2026-02-24,24000.0,CE,POWERINDIA26FEB24000CE,225.3,394.15,133.0,331.9,334.9,187.2,23569.9,331.9,45450,13000,6467,7858473457.5,5035,F1,50,,,,,
2026-02-18,2026-02-18,FO,NSE,STO,152824,,POWERINDIA,,2026-03-30,2026-03-30,17750.0,CE,POWERINDIA26MAR17750CE,0.0,0.0,0.0,1212.75,0.0,1212.75,23569.9,5979.8,0,0,0,0.0,0,F1,50,,,,,
2026-02-18,2026-02-18,FO,NSE,STO,156152,,POWERINDIA,,2026-03-30,2026-03-30,18500.0,CE,POWERINDIA26MAR18500CE,4740.0,4765.0,4740.0,4765.0,4765.0,4525.0,23569.9,5279.95,550,0,3,3488000.0,3,F1,50,,,,,
2026-02-18,2026-02-18,FO,NSE,STO,152832,,POWERINDIA,,2026-03-30,2026-03-30,19250.0,CE,POWERINDIA26MAR19250CE,0.0,0.0,0.0,756.7,0.0,756.7,23569.9,4606.7,0,0,0,0.0,0,F1,50,,,,,
2026-02-18,2026-02-18,FO,NSE,STO,37505,,POWERINDIA,,2026-03-30,2026-03-30,23250.0,CE,POWERINDIA26MAR23250CE,0.0,0.0,0.0,311.1,0.0,311.1,23569.9,1773.45,0,0,0,0.0,0,F1,50,,,,,
2026-02-18,2026-02-18,FO,NSE,STO,152884,,POWERINDIA,,2026-04-28,2026-04-28,18000.0,CE,POWERINDIA26APR18000CE,0.0,0.0,0.0,1484.6,0.0,1484.6,23569.9,5959.9,0,0,0,0.0,0,F1,50,,,,,
2026-02-18,2026-02-18,FO,NSE,STO,152892,,POWERINDIA,,2026-04-28,2026-04-28,20000.0,CE,POWERINDIA26APR20000CE,0.0,0.0,0.0,901.7,0.0,901.7,23569.9,4330.05,0,0,0,0.0,0,F1,50,,,,,
2026-02-18,2026-02-18,FO,NSE,STO,39278,,POWERINDIA,,2026-04-28,2026-04-28,24500.0,CE,POWERINDIA26APR24500CE,0.0,0.0,0.0,524.7,0.0,524.7,23569.9,1739.55,0,0,0,0.0,0,F1,50,,,,,
2026-02-18,2026-02-18,FO,NSE,STO,45020,,POWERINDIA,,2026-02-24,2026-02-24,14500.0,PE,POWERINDIA26FEB14500PE,0.0,0.0,0.0,9.0,9.0,9.0,23569.9,0.05,500,0,0,0.0,0,F1,50,,,,,
2026-02-18,2026-02-18,FO,NSE,STO,129213,,POWERINDIA,,2026-02-24,2026-02-24,16500.0,PE,POWERINDIA26FEB16500PE,11.85,13.25,6.8,8.1,8.6,13.55,23569.9,8.1,5600,-200,1794,1480796562.5,1756,F1,50,,,,,
2026-02-18,2026-02-18,FO,NSE,STO,129215,,POWERINDIA,,2026-02-24,2026-02-24,17000.0,PE,POWERINDIA26FEB17000PE,15.05,16.9,8.0,10.2,11.0,15.0,23569.9,10.2,20650,-1200,853,725496417.5,663,F1,50,,,,,
2026-02-18,2026-02-18,FO,NSE,STO,156113,,POWERINDIA,,2026-02-24,2026-02-24,22250.0,PE,POWERINDIA26FEB22250PE,205.0,258.4,94.4,116.95,137.8,261.85,23569.9,116.95,4150,250,203,227290830.0,153,F1,50,,,,,
2026-02-18,2026-02-18,FO,NSE,STO,129285,,POWERINDIA,,2026-02-24,2026-02-24,25000.0,PE,POWERINDIA26FEB25000PE,0.0,0.0,0.0,4364.5,0.0,4364.5,23569.9,1560.5,0,0,0,0.0,0,F1,50,,,,,
2026-02-18,2026-02-18,FO,NSE,STO,129301,,POWERINDIA,,2026-02-24,2026-02-24,25500.0,PE,POWERINDIA26FEB25500PE,0.0,0.0,0.0,4723.05,0.0,4723.05,23569.9,1991.4,0,0,0,0.0,0,F1,50,,,,,
2026-02-18,2026-02-18,FO,NSE,STO,156147,,POWERINDIA,,2026-03-30,2026-03-30,17000.0,PE,POWERINDIA26MAR17000PE,0.0,0.0,0.0,46.75,46.75,46.75,23569.9,26.45,300,0,0,0.0,0,F1,50,,,,,
2026-02-18,2026-02-18,FO,NSE,STO,156155,,POWERINDIA,,2026-03-30,2026-03-30,19000.0,PE,POWERINDIA26MAR19000PE,0.0,0.0,0.0,2413.25,0.0,2413.25,23569.9,143.55,0,0,0,0.0,0,F1,50,,,,,
2026-02-18,2026-02-18,FO,NSE,STO,37514,,POWERINDIA,,2026-03-30,2026-03-30,23750.0,PE,POWERINDIA26MAR23750PE,0.0,0.0,0.0,6084.35,0.0,6084.35,23569.9,1567.8,0,0,0,0.0,0,F1,50,,,,,
2026-02-18,2026-02-18,FO,NSE,STO,152873,,POWERINDIA,,2026-04-28,2026-04-28,15000.0,PE,POWERINDIA26APR15000PE,0.0,0.0,0.0,977.35,0.0,977.35,23569.9,23.6,0,0,0,0.0,0,F1,50,,,,,
2026-02-18,2026-02-18,FO,NSE,STO,152883,,POWERINDIA,,2026-04-28,2026-04-28,17500.0,PE,POWERINDIA26APR17500PE,0.0,0.0,0.0,2195.7,0.0,2195.7,23569.9,151.5,0,0,0,0.0,0,F1,50,,,,,
2026-02-18,2026-02-18,FO,NSE,STO,152901,,POWERINDIA,,2026-04-28,2026-04-28,21500.0,PE,POWERINDIA26APR21500PE,0.0,0.0,0.0,5069.7,0.0,5069.7,23569.9,997.25,0,0,0,0.0,0,F1,50,,,,,
2026-02-18,2026-02-18,FO,NSE,STO,39279,,POWERINDIA,,2026-04-28,2026-04-28,24500.0,PE,POWERINDIA26APR24500PE,0.0,0.0,0.0,6333.95,0.0,6333.95,23569.9,2416.25,0,0,0,0.0,0,F1,50,,,,,
2026-02-18,2026-02-18,FO,NSE,STO,152822,,POWERINDIA,,2026-03-30,2026-03-30,17250.0,CE,POWERINDIA26MAR17250CE,0.0,0.0,0.0,1407.65,0.0,1407.65,23569.9,6457.25,0,0,0,0.0,0,F1,50,,,,,
2026-02-18,2026-02-18,FO,NSE,STO,152834,,POWERINDIA,,2026-03-30,2026-03-30,19750.0,CE,POWERINDIA26MAR19750CE,0.0,0.0,0.0,641.8,0.0,641.8,23569.9,4176.75,0,0,0,0.0,0,F1,50,,,,,
2026-02-18,2026-02-18,FO,NSE,STO,152836,,POWERINDIA,,2026-03-30,2026-03-30,20250.0,CE,POWERINDIA26MAR20250CE,0.0,0.0,0.0,542.5,0.0,542.5,23569.9,3764.75,0,0,0,0.0,0,F1,50,,,,,
2026-02-18,2026-02-18,FO,NSE,STO,37524,,POWERINDIA,,2026-04-28,2026-04-28,23500.0,PE,POWERINDIA26APR23500PE,0.0,0.0,0.0,5993.8,0.0,5993.8,23569.9,1865.05,0,0,0,0.0,0,F1,50,,,,,
2026-02-18,2026-02-18,FO,NSE,STO,152905,,POWERINDIA,,2026-04-28,2026-04-28,22500.0,PE,POWERINDIA26APR22500PE,0.0,0.0,0.0,5910.3,0.0,5910.3,23569.9,1391.25,0,0,0,0.0,0,F1,50,,,,,
2026-02-18,2026-02-18,FO,NSE,STO,44121,,POWERINDIA,,2026-03-30,2026-03-30,25500.0,PE,POWERINDIA26MAR25500PE,0.0,0.0,0.0,6149.3,0.0,6149.3,23569.9,2647.9,0,0,0,0.0,0,F1,50,,,,,
2026-02-18,2026-02-18,FO,NSE,STO,156163,,POWERINDIA,,2026-03-30,2026-03-30,21000.0,PE,POWERINDIA26MAR21000PE,800.0,800.0,297.55,308.25,308.25,721.15,23569.9,308.25,2200,1750,68,72798790.0,53,F1,50,,,,,
2026-02-18,2026-02-18,FO,NSE,STO,129243,,POWERINDIA,,2026-02-24,2026-02-24,19500.0,PE,POWERINDIA26FEB19500PE,25.0,30.85,15.3,25.8,30.85,32.35,23569.9,25.8,9250,-8000,298,290883542.5,143,F1,50,,,,,
2026-02-18,2026-02-18,FO,NSE,STO,129219,,POWERINDIA,,2026-02-24,2026-02-24,18000.0,PE,POWERINDIA26FEB18000PE,20.5,20.5,9.1,13.85,16.0,18.25,23569.9,13.85,14850,-650,956,860972682.5,910,F1,50,,,,,
2026-02-18,2026-02-18,FO,NSE,STO,152886,,POWERINDIA,,2026-04-28,2026-04-28,18500.0,CE,POWERINDIA26APR18500CE,0.0,0.0,0.0,1314.5,0.0,1314.5,23569.9,5529.95,0,0,0,0.0,0,F1,50,,,,,
2026-02-18,2026-02-18,FO,NSE,STO,152872,,POWERINDIA,,2026-04-28,2026-04-28,15000.0,CE,POWERINDIA26APR15000CE,0.0,0.0,0.0,2916.05,0.0,2916.05,23569.9,8748.65,0,0,0,0.0,0,F1,50,,,,,
2026-02-18,2026-02-18,FO,NSE,STO,152842,,POWERINDIA,,2026-03-30,2026-03-30,21750.0,CE,POWERINDIA26MAR21750CE,0.0,0.0,0.0,320.35,0.0,320.35,23569.9,2657.75,0,0,0,0.0,0,F1,50,,,,,
2026-02-18,2026-02-18,FO,NSE,STO,152840,,POWERINDIA,,2026-03-30,2026-03-30,21250.0,CE,POWERINDIA26MAR21250CE,0.0,0.0,0.0,382.9,0.0,382.9,23569.9,3003.45,0,0,0,0.0,0,F1,50,,,,,
2026-02-18,2026-02-18,FO,NSE,STO,156084,,POWERINDIA,,2026-02-24,2026-02-24,15250.0,CE,POWERINDIA26FEB15250CE,0.0,0.0,0.0,3446.85,0.0,3446.85,23569.9,8333.7,0,0,0,0.0,0,F1,50,,,,,
2026-02-18,2026-02-18,FO,NSE,STO,156108,,POWERINDIA,,2026-02-24,2026-02-24,21250.0,CE,POWERINDIA26FEB21250CE,1837.0,2343.75,1837.0,2327.5,2327.5,1350.0,23569.9,2369.45,1700,-200,4,4692600.0,4,F1,50,,,,,
2026-02-18,2026-02-18,FO,NSE,STO,129269,,POWERINDIA,,2026-02-24,2026-02-24,23500.0,CE,POWERINDIA26FEB23500CE,390.0,650.0,249.9,553.75,548.05,335.45,23569.9,553.75,28700,11700,5284,6338571555.0,4417,F1,50,,,,,
2026-02-18,2026-02-18,FO,NSE,STO,156083,,POWERINDIA,,2026-02-24,2026-02-24,14750.0,PE,POWERINDIA26FEB14750PE,9.0,9.0,5.4,5.7,5.95,10.35,23569.9,5.7,550,-150,11,8116785.0,5,F1,50,,,,,
2026-02-18,2026-02-18,FO,NSE,STO,152807,,POWERINDIA,,2026-03-30,2026-03-30,15250.0,PE,POWERINDIA26MAR15250PE,0.0,0.0,0.0,816.3,0.0,816.3,23569.9,3.55,0,0,0,0.0,0,F1,50,,,,,
2026-02-18,2026-02-18,FO,NSE,STO,152843,,POWERINDIA,,2026-03-30,2026-03-30,21750.0,PE,POWERINDIA26MAR21750PE,0.0,0.0,0.0,5133.85,0.0,5133.85,23569.9,707.15,0,0,0,0.0,0,F1,50,,,,,
2026-02-18,2026-02-18,FO,NSE,STO,152845,,POWERINDIA,,2026-03-30,2026-03-30,22250.0,PE,POWERINDIA26MAR22250PE,0.0,0.0,0.0,5575.55,0.0,5575.55,23569.9,883.5,0,0,0,0.0,0,F1,50,,,,,
2026-02-18,2026-02-18,FO,NSE,STO,156175,,POWERINDIA,,2026-03-30,2026-03-30,24000.0,PE,POWERINDIA26MAR24000PE,0.0,0.0,0.0,6093.1,0.0,6093.1,23569.9,1704.3,0,0,0,0.0,0,F1,50,,,,,
2026-02-18,2026-02-18,FO,NSE,STO,152879,,POWERINDIA,,2026-04-28,2026-04-28,16500.0,PE,POWERINDIA26APR16500PE,0.0,0.0,0.0,1645.35,0.0,1645.35,23569.9,78.15,0,0,0,0.0,0,F1,50,,,,,
2026-02-18,2026-02-18,FO,NSE,STO,152881,,POWERINDIA,,2026-04-28,2026-04-28,17000.0,PE,POWERINDIA26APR17000PE,0.0,0.0,0.0,1910.5,0.0,1910.5,23569.9,110.1,0,0,0,0.0,0,F1,50,,,,,
2026-02-18,2026-02-18,FO,NSE,STO,152891,,POWERINDIA,,2026-04-28,2026-04-28,19500.0,PE,POWERINDIA26APR19500PE,0.0,0.0,0.0,3516.15,0.0,3516.15,23569.9,442.1,0,0,0,0.0,0,F1,50,,,,,
2026-02-18,2026-02-18,FO,NSE,STO,152895,,POWERINDIA,,2026-04-28,2026-04-28,20500.0,PE,POWERINDIA26APR20500PE,0.0,0.0,0.0,4269.3,0.0,4269.3,23569.9,682.3,0,0,0,0.0,0,F1,50,,,,,
2026-02-18,2026-02-18,FO,NSE,STO,156164,,POWERINDIA,,2026-03-30,2026-03-30,21500.0,CE,POWERINDIA26MAR21500CE,2150.0,2520.0,2149.95,2520.0,2520.0,2100.0,23569.9,2827.55,50,-100,4,4752497.5,4,F1,50,,,,,
2026-02-18,2026-02-18,FO,NSE,STO,156168,,POWERINDIA,,2026-03-30,2026-03-30,22500.0,CE,POWERINDIA26MAR22500CE,1688.0,1801.1,1575.0,1750.0,1750.0,1500.0,23569.9,2186.45,3000,100,13,15717055.0,13,F1,50,,,,,
2026-02-18,2026-02-18,FO,NSE,STF,52014,,POWERINDIA,,2026-03-30,2026-03-30,,,POWERINDIA26MARFUT,23205.0,23850.0,22981.0,23707.0,23698.0,23100.0,23569.9,23707.0,30300,11850,694,816776100.0,648,F1,50,,,,,
2026-02-18,2026-02-18,FO,NSE,STO,156116,,POWERINDIA,,2026-02-24,2026-02-24,23250.0,CE,POWERINDIA26FEB23250CE,529.7,793.35,347.5,707.8,678.85,431.6,23569.9,707.8,4000,-650,534,635831967.5,463,F1,50,,,,,
2026-02-18,2026-02-18,FO,NSE,STO,156160,,POWERINDIA,,2026-03-30,2026-03-30,20500.0,CE,POWERINDIA26MAR20500CE,0.0,0.0,0.0,1154.85,1154.85,1154.85,23569.9,3566.2,50,0,0,0.0,0,F1,50,,,,,
2026-02-18,2026-02-18,FO,NSE,STO,156170,,POWERINDIA,,2026-03-30,2026-03-30,23000.0,CE,POWERINDIA26MAR23000CE,1247.0,1603.15,1161.45,1482.9,1440.0,1247.0,23569.9,1482.9,2700,2050,107,130473605.0,84,F1,50,,,,,
2026-02-18,2026-02-18,FO,NSE,STO,156178,,POWERINDIA,,2026-03-30,2026-03-30,26000.0,CE,POWERINDIA26MAR26000CE,498.1,498.1,325.0,378.25,344.95,336.45,23569.9,378.25,4500,4500,158,208374055.0,132,F1,50,,,,,
2026-02-18,2026-02-18,FO,NSE,STO,152880,,POWERINDIA,,2026-04-28,2026-04-28,17000.0,CE,POWERINDIA26APR17000CE,0.0,0.0,0.0,1879.85,0.0,1879.85,23569.9,6855.85,0,0,0,0.0,0,F1,50,,,,,
2026-02-18,2026-02-18,FO,NSE,STO,129263,,POWERINDIA,,2026-02-24,2026-02-24,22000.0,CE,POWERINDIA26FEB22000CE,1313.0,1840.0,1100.0,1697.6,1602.45,1184.75,23569.9,1697.6,17550,-11200,429,501687950.0,261,F1,50,,,,,
2026-02-18,2026-02-18,FO,NSE,STO,39254,,POWERINDIA,,2026-02-24,2026-02-24,24250.0,CE,POWERINDIA26FEB24250CE,146.7,294.35,93.05,249.05,242.0,146.65,23569.9,249.05,9950,7650,522,639008197.5,363,F1,50,,,,,
2026-02-18,2026-02-18,FO,NSE,STO,156172,,POWERINDIA,,2026-03-30,2026-03-30,23500.0,CE,POWERINDIA26MAR23500CE,1000.0,1350.0,953.5,1257.25,1200.0,996.15,23569.9,1257.25,3250,1700,153,188897617.5,127,F1,50,,,,,
2026-02-18,2026-02-18,FO,NSE,STO,152876,,POWERINDIA,,2026-04-28,2026-04-28,16000.0,CE,POWERINDIA26APR16000CE,0.0,0.0,0.0,2355.15,0.0,2355.15,23569.9,7789.4,0,0,0,0.0,0,F1,50,,,,,
2026-02-18,2026-02-18,FO,NSE,STO,152878,,POWERINDIA,,2026-04-28,2026-04-28,16500.0,CE,POWERINDIA26APR16500CE,0.0,0.0,0.0,2107.05,0.0,2107.05,23569.9,7318.7,0,0,0,0.0,0,F1,50,,,,,
2026-02-18,2026-02-18,FO,NSE,STO,152888,,POWERINDIA,,2026-04-28,2026-04-28,19000.0,CE,POWERINDIA26APR19000CE,0.0,0.0,0.0,1161.3,0.0,1161.3,23569.9,5114.1,0,0,0,0.0,0,F1,50,,,,,
2026-02-18,2026-02-18,FO,NSE,STO,152894,,POWERINDIA,,2026-04-28,2026-04-28,20500.0,CE,POWERINDIA26APR20500CE,0.0,0.0,0.0,792.25,0.0,792.25,23569.9,3964.25,0,0,0,0.0,0,F1,50,,,,,
2026-02-18,2026-02-18,FO,NSE,STO,156095,,POWERINDIA,,2026-02-24,2026-02-24,17750.0,PE,POWERINDIA26FEB17750PE,8.0,8.0,5.1,5.1,5.1,6.0,23569.9,5.1,1150,-50,7,6214432.5,3,F1,50,,,,,
2026-02-18,2026-02-18,FO,NSE,STO,129264,,POWERINDIA,,2026-02-24,2026-02-24,22000.0,PE,POWERINDIA26FEB22000PE,171.75,194.25,66.3,98.8,105.0,202.7,23569.9,98.8,35750,-2950,2432,2689297390.0,1720,F1,50,,,,,
2026-02-18,2026-02-18,FO,NSE,STO,129266,,POWERINDIA,,2026-02-24,2026-02-24,22500.0,PE,POWERINDIA26FEB22500PE,250.0,340.85,121.65,158.15,177.5,340.45,23569.9,158.15,26950,6900,2106,2388983397.5,1564,F1,50,,,,,
2026-02-18,2026-02-18,FO,NSE,STO,156153,,POWERINDIA,,2026-03-30,2026-03-30,18500.0,PE,POWERINDIA26MAR18500PE,0.0,0.0,0.0,998.1,998.1,998.1,23569.9,98.85,50,0,0,0.0,0,F1,50,,,,,
2026-02-18,2026-02-18,FO,NSE,STO,152837,,POWERINDIA,,2026-03-30,2026-03-30,20250.0,PE,POWERINDIA26MAR20250PE,0.0,0.0,0.0,470.0,470.0,470.0,23569.9,323.15,50,0,0,0.0,0,F1,50,,,,,
2026-02-18,2026-02-18,FO,NSE,STO,152839,,POWERINDIA,,2026-03-30,2026-03-30,20750.0,PE,POWERINDIA26MAR20750PE,0.0,0.0,0.0,4280.15,0.0,4280.15,23569.9,428.4,0,0,0,0.0,0,F1,50,,,,,
2026-02-18,2026-02-18,FO,NSE,STO,156167,,POWERINDIA,,2026-03-30,2026-03-30,22000.0,PE,POWERINDIA26MAR22000PE,630.0,650.0,490.0,509.85,514.8,800.0,23569.9,509.85,900,800,43,48521012.5,41,F1,50,,,,,
2026-02-18,2026-02-18,FO,NSE,STO,156090,,POWERINDIA,,2026-02-24,2026-02-24,16750.0,CE,POWERINDIA26FEB16750CE,0.0,0.0,0.0,2234.4,2234.4,2234.4,23569.9,6835.05,2300,0,0,0.0,0,F1,50,,,,,
2026-02-18,2026-02-18,FO,NSE,STO,156176,,POWERINDIA,,2026-03-30,2026-03-30,25000.0,CE,POWERINDIA26MAR25000CE,0.0,0.0,0.0,434.35,0.0,434.35,23569.9,1030.85,0,0,0,0.0,0,F1,50,,,,,
2026-02-18,2026-02-18,FO,NSE,STO,156166,,POWERINDIA,,2026-03-30,2026-03-30,22000.0,CE,POWERINDIA26MAR22000CE,1780.0,1780.0,1770.0,1770.0,1770.0,1726.65,23569.9,2494.25,350,0,3,3566500.0,3,F1,50,,,,,
2026-02-18,2026-02-18,FO,NSE,STO,152830,,POWERINDIA,,2026-03-30,2026-03-30,18750.0,CE,POWERINDIA26MAR18750CE,0.0,0.0,0.0,888.55,0.0,888.55,23569.9,5052.15,0,0,0,0.0,0,F1,50,,,,,
2026-02-18,2026-02-18,FO,NSE,STO,156112,,POWERINDIA,,2026-02-24,2026-02-24,22250.0,CE,POWERINDIA26FEB22250CE,881.85,1500.0,881.85,1427.95,1396.4,939.2,23569.9,1427.95,2950,-100,22,26002070.0,14,F1,50,,,,,
2026-02-18,2026-02-18,FO,NSE,STO,156102,,POWERINDIA,,2026-02-24,2026-02-24,19750.0,CE,POWERINDIA26FEB19750CE,0.0,0.0,0.0,2940.0,2940.0,2940.0,23569.9,3838.85,1200,0,0,0.0,0,F1,50,,,,,
2026-02-18,2026-02-18,FO,NSE,STO,156098,,POWERINDIA,,2026-02-24,2026-02-24,18750.0,CE,POWERINDIA26FEB18750CE,4878.8,4878.8,4878.8,4878.8,4878.8,4080.15,23569.9,4836.9,1800,-50,1,1181440.0,1,F1,50,,,,,
2026-02-18,2026-02-18,FO,NSE,STO,129203,,POWERINDIA,,2026-02-24,2026-02-24,14000.0,CE,POWERINDIA26FEB14000CE,0.0,0.0,0.0,3674.65,3674.65,3674.65,23569.9,9582.55,50,0,0,0.0,0,F1,50,,,,,
2026-02-18,2026-02-18,FO,NSE,STO,156085,,POWERINDIA,,2026-02-24,2026-02-24,15250.0,PE,POWERINDIA26FEB15250PE,0.0,0.0,0.0,445.95,0.0,445.95,23569.9,0.05,0,0,0,0.0,0,F1,50,,,,,
2026-02-18,2026-02-18,FO,NSE,STO,156091,,POWERINDIA,,2026-02-24,2026-02-24,16750.0,PE,POWERINDIA26FEB16750PE,10.0,10.0,10.0,10.0,10.0,10.95,23569.9,10.0,3000,100,4,3352000.0,4,F1,50,,,,,
2026-02-18,2026-02-18,FO,NSE,STO,156099,,POWERINDIA,,2026-02-24,2026-02-24,18750.0,PE,POWERINDIA26FEB18750PE,19.95,20.0,15.0,20.0,20.0,18.8,23569.9,20.0,1350,0,3,2815247.5,3,F1,50,,,,,
2026-02-18,2026-02-18,FO,NSE,STO,156103,,POWERINDIA,,2026-02-24,2026-02-24,19750.0,PE,POWERINDIA26FEB19750PE,35.15,35.15,23.35,33.4,33.45,40.0,23569.9,33.4,1450,0,13,12857447.5,11,F1,50,,,,,
2026-02-18,2026-02-18,FO,NSE,STO,129283,,POWERINDIA,,2026-02-24,2026-02-24,24500.0,PE,POWERINDIA26FEB24500PE,1322.7,1322.7,996.6,997.0,997.15,4017.4,23569.9,997.0,300,300,8,10252425.0,8,F1,50,,,,,
2026-02-18,2026-02-18,FO,NSE,STO,129303,,POWERINDIA,,2026-02-24,2026-02-24,26000.0,PE,POWERINDIA26FEB26000PE,0.0,0.0,0.0,5093.55,0.0,5093.55,23569.9,2450.45,0,0,0,0.0,0,F1,50,,,,,
2026-02-18,2026-02-18,FO,NSE,STO,156157,,POWERINDIA,,2026-03-30,2026-03-30,19500.0,PE,POWERINDIA26MAR19500PE,0.0,0.0,0.0,2718.4,0.0,2718.4,23569.9,202.55,0,0,0,0.0,0,F1,50,,,,,
2026-02-18,2026-02-18,FO,NSE,STO,152835,,POWERINDIA,,2026-03-30,2026-03-30,19750.0,PE,POWERINDIA26MAR19750PE,0.0,0.0,0.0,3476.2,0.0,3476.2,23569.9,238.15,0,0,0,0.0,0,F1,50,,,,,
2026-02-18,2026-02-18,FO,NSE,STO,156161,,POWERINDIA,,2026-03-30,2026-03-30,20500.0,PE,POWERINDIA26MAR20500PE,0.0,0.0,0.0,3377.45,0.0,3377.45,23569.9,373.1,0,0,0,0.0,0,F1,50,,,,,
2026-02-18,2026-02-18,FO,NSE,STO,152889,,POWERINDIA,,2026-04-28,2026-04-28,19000.0,PE,POWERINDIA26APR19000PE,0.0,0.0,0.0,3161.35,0.0,3161.35,23569.9,347.65,0,0,0,0.0,0,F1,50,,,,,
2026-02-18,2026-02-18,FO,NSE,STO,153013,,POWERINDIA,,2026-04-28,2026-04-28,24000.0,PE,POWERINDIA26APR24000PE,0.0,0.0,0.0,7229.6,0.0,7229.6,23569.9,2131.25,0,0,0,0.0,0,F1,50,,,,,
2026-02-18,2026-02-18,FO,NSE,STO,37523,,POWERINDIA,,2026-04-28,2026-04-28,23500.0,CE,POWERINDIA26APR23500CE,0.0,0.0,0.0,532.75,0.0,532.75,23569.9,2178.05,0,0,0,0.0,0,F1,50,,,,,
2026-02-18,2026-02-18,FO,NSE,STO,152885,,POWERINDIA,,2026-04-28,2026-04-28,18000.0,PE,POWERINDIA26APR18000PE,0.0,0.0,0.0,900.0,900.0,900.0,23569.9,203.85,50,0,0,0.0,0,F1,50,,,,,
2026-02-18,2026-02-18,FO,NSE,STO,152833,,POWERINDIA,,2026-03-30,2026-03-30,19250.0,PE,POWERINDIA26MAR19250PE,0.0,0.0,0.0,1426.5,1426.5,1426.5,23569.9,171.1,100,0,0,0.0,0,F1,50,,,,,
2026-02-18,2026-02-18,FO,NSE,STO,153015,,POWERINDIA,,2026-04-28,2026-04-28,25000.0,PE,POWERINDIA26APR25000PE,0.0,0.0,0.0,8138.9,0.0,8138.9,23569.9,2719.3,0,0,0,0.0,0,F1,50,,,,,
2026-02-18,2026-02-18,FO,NSE,STO,129282,,POWERINDIA,,2026-02-24,2026-02-24,24500.0,CE,POWERINDIA26FEB24500CE,115.0,220.2,65.5,179.9,173.35,104.05,23569.9,179.9,17800,7500,1983,2445139080.0,1676,F1,50,,,,,
2026-02-18,2026-02-18,FO,NSE,STO,156118,,POWERINDIA,,2026-02-24,2026-02-24,23750.0,CE,POWERINDIA26FEB23750CE,236.0,520.0,200.0,450.75,433.6,250.7,23569.9,450.75,8100,3550,802,969921405.0,701,F1,50,,,,,
2026-02-18,2026-02-18,FO,NSE,STO,129265,,POWERINDIA,,2026-02-24,2026-02-24,22500.0,CE,POWERINDIA26FEB22500CE,904.8,1375.0,749.85,1254.8,1145.15,847.8,23569.9,1254.8,8500,-2000,133,156820177.5,114,F1,50,,,,,
2026-02-18,2026-02-18,FO,NSE,STO,129252,,POWERINDIA,,2026-02-24,2026-02-24,21000.0,CE,POWERINDIA26FEB21000CE,2134.6,2750.0,2037.4,2675.0,2675.0,2080.0,23569.9,2675.0,12200,-600,25,29338572.5,20,F1,50,,,,,
2026-02-18,2026-02-18,FO,NSE,STO,156106,,POWERINDIA,,2026-02-24,2026-02-24,20750.0,CE,POWERINDIA26FEB20750CE,0.0,0.0,0.0,2000.0,2000.0,2000.0,23569.9,2850.3,400,0,0,0.0,0,F1,50,,,,,
2026-02-18,2026-02-18,FO,NSE,STO,45019,,POWERINDIA,,2026-02-24,2026-02-24,14500.0,CE,POWERINDIA26FEB14500CE,0.0,0.0,0.0,6038.95,0.0,6038.95,23569.9,9083.0,0,0,0,0.0,0,F1,50,,,,,
2026-02-18,2026-02-18,FO,NSE,STF,66988,,POWERINDIA,,2026-04-28,2026-04-28,,,POWERINDIA26APRFUT,23256.0,23885.0,23206.0,23734.0,23700.0,23193.0,23569.9,23734.0,7200,1600,73,85682900.0,64,F1,50,,,,,
2026-02-18,2026-02-18,FO,NSE,STO,156140,,POWERINDIA,,2026-03-30,2026-03-30,15500.0,CE,POWERINDIA26MAR15500CE,0.0,0.0,0.0,3644.05,0.0,3644.05,23569.9,8167.95,0,0,0,0.0,0,F1,50,,,,,
2026-02-18,2026-02-18,FO,NSE,STO,152820,,POWERINDIA,,2026-03-30,2026-03-30,16750.0,CE,POWERINDIA26MAR16750CE,0.0,0.0,0.0,1626.3,0.0,1626.3,23569.9,6941.1,0,0,0,0.0,0,F1,50,,,,,
2026-02-18,2026-02-18,FO,NSE,STO,156148,,POWERINDIA,,2026-03-30,2026-03-30,17500.0,CE,POWERINDIA26MAR17500CE,0.0,0.0,0.0,2475.05,0.0,2475.05,23569.9,6217.6,0,0,0,0.0,0,F1,50,,,,,
2026-02-18,2026-02-18,FO,NSE,STO,156154,,POWERINDIA,,2026-03-30,2026-03-30,19000.0,CE,POWERINDIA26MAR19000CE,0.0,0.0,0.0,1334.0,1334.0,1334.0,23569.9,4827.65,150,0,0,0.0,0,F1,50,,,,,
2026-02-18,2026-02-18,FO,NSE,STO,39260,,POWERINDIA,,2026-03-30,2026-03-30,24250.0,CE,POWERINDIA26MAR24250CE,0.0,0.0,0.0,298.2,0.0,298.2,23569.9,1312.6,0,0,0,0.0,0,F1,50,,,,,
2026-02-18,2026-02-18,FO,NSE,STO,152890,,POWERINDIA,,2026-04-28,2026-04-28,19500.0,CE,POWERINDIA26APR19500CE,0.0,0.0,0.0,1023.75,0.0,1023.75,23569.9,4713.7,0,0,0,0.0,0,F1,50,,,,,
2026-02-18,2026-02-18,FO,NSE,STO,152896,,POWERINDIA,,2026-04-28,2026-04-28,21000.0,CE,POWERINDIA26APR21000CE,0.0,0.0,0.0,694.95,0.0,694.95,23569.9,3617.2,0,0,0,0.0,0,F1,50,,,,,
2026-02-18,2026-02-18,FO,NSE,STO,156105,,POWERINDIA,,2026-02-24,2026-02-24,20250.0,PE,POWERINDIA26FEB20250PE,30.0,30.05,25.4,26.15,26.15,53.65,23569.9,3.85,800,-250,13,13181192.5,7,F1,50,,,,,
2026-02-18,2026-02-18,FO,NSE,STO,129271,,POWERINDIA,,2026-02-24,2026-02-24,23500.0,PE,POWERINDIA26FEB23500PE,701.05,842.0,380.65,451.9,479.95,847.4,23569.9,451.9,15900,12400,1048,1257740380.0,665,F1,50,,,,,
2026-02-18,2026-02-18,FO,NSE,STO,129281,,POWERINDIA,,2026-02-24,2026-02-24,24000.0,PE,POWERINDIA26FEB24000PE,989.7,1162.55,644.9,738.85,784.5,1250.0,23569.9,738.85,2650,2500,169,209065587.5,111,F1,50,,,,,
2026-02-18,2026-02-18,FO,NSE,STO,156139,,POWERINDIA,,2026-03-30,2026-03-30,15000.0,PE,POWERINDIA26MAR15000PE,0.0,0.0,0.0,174.4,174.4,174.4,23569.9,2.5,100,0,0,0.0,0,F1,50,,,,,
2026-02-18,2026-02-18,FO,NSE,STO,152829,,POWERINDIA,,2026-03-30,2026-03-30,18250.0,PE,POWERINDIA26MAR18250PE,0.0,0.0,0.0,892.65,892.65,892.65,23569.9,81.1,100,0,0,0.0,0,F1,50,,,,,
2026-02-18,2026-02-18,FO,NSE,STO,152831,,POWERINDIA,,2026-03-30,2026-03-30,18750.0,PE,POWERINDIA26MAR18750PE,0.0,0.0,0.0,1131.15,1131.15,1131.15,23569.9,119.6,250,0,0,0.0,0,F1,50,,,,,
2026-02-18,2026-02-18,FO,NSE,STO,152816,,POWERINDIA,,2026-03-30,2026-03-30,15750.0,CE,POWERINDIA26MAR15750CE,0.0,0.0,0.0,2139.3,0.0,2139.3,23569.9,7921.2,0,0,0,0.0,0,F1,50,,,,,
2026-02-18,2026-02-18,FO,NSE,STO,156088,,POWERINDIA,,2026-02-24,2026-02-24,16250.0,CE,POWERINDIA26FEB16250CE,0.0,0.0,0.0,2745.25,0.0,2745.25,23569.9,7334.6,0,0,0,0.0,0,F1,50,,,,,
2026-02-18,2026-02-18,FO,NSE,STO,156110,,POWERINDIA,,2026-02-24,2026-02-24,21750.0,CE,POWERINDIA26FEB21750CE,1420.0,2002.8,1401.9,2002.8,2002.8,1391.95,23569.9,1909.15,3950,-400,15,17662190.0,12,F1,50,,,,,
2026-02-18,2026-02-18,FO,NSE,STO,153017,,POWERINDIA,,2026-04-28,2026-04-28,26000.0,PE,POWERINDIA26APR26000PE,0.0,0.0,0.0,9066.15,0.0,9066.15,23569.9,3376.25,0,0,0,0.0,0,F1,50,,,,,
2026-02-18,2026-02-18,FO,NSE,STO,152887,,POWERINDIA,,2026-04-28,2026-04-28,18500.0,PE,POWERINDIA26APR18500PE,0.0,0.0,0.0,2822.2,0.0,2822.2,23569.9,268.7,0,0,0,0.0,0,F1,50,,,,,
2026-02-18,2026-02-18,FO,NSE,STO,156169,,POWERINDIA,,2026-03-30,2026-03-30,22500.0,PE,POWERINDIA26MAR22500PE,0.0,0.0,0.0,1059.0,1059.0,1059.0,23569.9,981.35,100,0,0,0.0,0,F1,50,,,,,
2026-02-18,2026-02-18,FO,NSE,STO,39255,,POWERINDIA,,2026-02-24,2026-02-24,24250.0,PE,POWERINDIA26FEB24250PE,0.0,0.0,0.0,5871.5,0.0,5871.5,23569.9,993.25,0,0,0,0.0,0,F1,50,,,,,
2026-02-18,2026-02-18,FO,NSE,STO,129241,,POWERINDIA,,2026-02-24,2026-02-24,19000.0,PE,POWERINDIA26FEB19000PE,25.95,27.6,13.3,18.9,27.6,27.15,23569.9,18.9,22000,-4950,384,365136787.5,287,F1,50,,,,,
2026-02-18,2026-02-18,FO,NSE,STO,153010,,POWERINDIA,,2026-04-28,2026-04-28,23000.0,CE,POWERINDIA26APR23000CE,0.0,0.0,0.0,404.35,0.0,404.35,23569.9,2426.05,0,0,0,0.0,0,F1,50,,,,,
2026-02-18,2026-02-18,FO,NSE,STO,156162,,POWERINDIA,,2026-03-30,2026-03-30,21000.0,CE,POWERINDIA26MAR21000CE,0.0,0.0,0.0,2200.0,2200.0,2200.0,23569.9,3185.35,50,0,0,0.0,0,F1,50,,,,,
2026-02-18,2026-02-18,FO,NSE,STO,40706,,POWERINDIA,,2026-02-24,2026-02-24,24750.0,PE,POWERINDIA26FEB24750PE,0.0,0.0,0.0,5834.45,0.0,5834.45,23569.9,1359.3,0,0,0,0.0,0,F1,50,,,,,
2026-02-18,2026-02-18,FO,NSE,STO,156137,,POWERINDIA,,2026-03-30,2026-03-30,14500.0,PE,POWERINDIA26MAR14500PE,0.0,0.0,0.0,523.35,0.0,523.35,23569.9,1.2,0,0,0,0.0,0,F1,50,,,,,
2026-02-18,2026-02-18,FO,NSE,STO,156141,,POWERINDIA,,2026-03-30,2026-03-30,15500.0,PE,POWERINDIA26MAR15500PE,0.0,0.0,0.0,804.55,0.0,804.55,23569.9,4.9,0,0,0,0.0,0,F1,50,,,,,
2026-02-18,2026-02-18,FO,NSE,STO,156145,,POWERINDIA,,2026-03-30,2026-03-30,16500.0,PE,POWERINDIA26MAR16500PE,0.0,0.0,0.0,1164.4,0.0,1164.4,23569.9,15.75,0,0,0,0.0,0,F1,50,,,,,
2026-02-18,2026-02-18,FO,NSE,STO,156159,,POWERINDIA,,2026-03-30,2026-03-30,20000.0,PE,POWERINDIA26MAR20000PE,292.3,292.3,165.0,169.0,175.0,400.05,23569.9,169.0,1100,750,28,28285890.0,19,F1,50,,,,,
2026-02-18,2026-02-18,FO,NSE,STO,152847,,POWERINDIA,,2026-03-30,2026-03-30,22750.0,PE,POWERINDIA26MAR22750PE,0.0,0.0,0.0,6025.45,0.0,6025.45,23569.9,1085.65,0,0,0,0.0,0,F1,50,,,,,
2026-02-18,2026-02-18,FO,NSE,STO,156086,,POWERINDIA,,2026-02-24,2026-02-24,15750.0,CE,POWERINDIA26FEB15750CE,0.0,0.0,0.0,3084.8,0.0,3084.8,23569.9,7834.15,0,0,0,0.0,0,F1,50,,,,,
2026-02-18,2026-02-18,FO,NSE,STO,156094,,POWERINDIA,,2026-02-24,2026-02-24,17750.0,CE,POWERINDIA26FEB17750CE,0.0,0.0,0.0,4053.0,4053.0,4053.0,23569.9,5835.95,150,0,0,0.0,0,F1,50,,,,,
2026-02-18,2026-02-18,FO,NSE,STO,129220,,POWERINDIA,,2026-02-24,2026-02-24,18500.0,CE,POWERINDIA26FEB18500CE,4650.0,5079.5,4650.0,5079.5,5079.5,4328.95,23569.9,5079.5,7750,-300,6,7003750.0,6,F1,50,,,,,
2026-02-18,2026-02-18,FO,NSE,STO,129245,,POWERINDIA,,2026-02-24,2026-02-24,20000.0,CE,POWERINDIA26FEB20000CE,3210.0,3678.0,3210.0,3622.1,3586.55,2921.85,23569.9,3622.1,10700,-850,22,25824410.0,19,F1,50,,,,,
2026-02-18,2026-02-18,FO,NSE,STO,156138,,POWERINDIA,,2026-03-30,2026-03-30,15000.0,CE,POWERINDIA26MAR15000CE,0.0,0.0,0.0,2850.0,2850.0,2850.0,23569.9,8662.55,50,0,0,0.0,0,F1,50,,,,,
2026-02-18,2026-02-18,FO,NSE,STO,156142,,POWERINDIA,,2026-03-30,2026-03-30,16000.0,CE,POWERINDIA26MAR16000CE,0.0,0.0,0.0,3320.8,0.0,3320.8,23569.9,7675.05,0,0,0,0.0,0,F1,50,,,,,
2026-02-18,2026-02-18,FO,NSE,STO,156144,,POWERINDIA,,2026-03-30,2026-03-30,16500.0,CE,POWERINDIA26MAR16500CE,0.0,0.0,0.0,3018.75,0.0,3018.75,23569.9,7184.8,0,0,0,0.0,0,F1,50,,,,,
2026-02-18,2026-02-18,FO,NSE,STO,152828,,POWERINDIA,,2026-03-30,2026-03-30,18250.0,CE,POWERINDIA26MAR18250CE,0.0,0.0,0.0,1040.25,0.0,1040.25,23569.9,5510.65,0,0,0,0.0,0,F1,50,,,,,
2026-02-18,2026-02-18,FO,NSE,STO,156158,,POWERINDIA,,2026-03-30,2026-03-30,20000.0,CE,POWERINDIA26MAR20000CE,3350.0,3440.0,3350.0,3440.0,3440.0,1090.0,23569.9,3968.35,150,-250,5,5850250.0,5,F1,50,,,,,
2026-02-18,2026-02-18,FO,NSE,STO,36476,,POWERINDIA,,2026-03-30,2026-03-30,24500.0,CE,POWERINDIA26MAR24500CE,982.0,982.0,730.35,766.9,750.05,520.85,23569.9,766.9,1750,1750,50,63254012.5,35,F1,50,,,,,
2026-02-18,2026-02-18,FO,NSE,STO,152904,,POWERINDIA,,2026-04-28,2026-04-28,22500.0,CE,POWERINDIA26APR22500CE,0.0,0.0,0.0,463.85,0.0,463.85,23569.9,2693.85,0,0,0,0.0,0,F1,50,,,,,
2026-02-18,2026-02-18,FO,NSE,STO,153016,,POWERINDIA,,2026-04-28,2026-04-28,26000.0,CE,POWERINDIA26APR26000CE,0.0,0.0,0.0,173.3,0.0,173.3,23569.9,1215.1,0,0,0,0.0,0,F1,50,,,,,
2026-02-18,2026-02-18,FO,NSE,STO,129207,,POWERINDIA,,2026-02-24,2026-02-24,15000.0,PE,POWERINDIA26FEB15000PE,5.0,6.0,5.0,5.85,5.75,12.4,23569.9,5.85,2850,-250,9,6752572.5,9,F1,50,,,,,
2026-02-18,2026-02-18,FO,NSE,STO,156093,,POWERINDIA,,2026-02-24,2026-02-24,17250.0,PE,POWERINDIA26FEB17250PE,13.0,13.0,13.0,13.0,13.0,1123.55,23569.9,13.0,50,50,1,863150.0,1,F1,50,,,,,
2026-02-18,2026-02-18,FO,NSE,STO,156111,,POWERINDIA,,2026-02-24,2026-02-24,21750.0,PE,POWERINDIA26FEB21750PE,120.0,150.0,55.0,74.45,84.0,161.05,23569.9,74.45,5550,-1750,254,277255635.0,196,F1,50,,,,,
2026-02-18,2026-02-18,FO,NSE,STO,156151,,POWERINDIA,,2026-03-30,2026-03-30,18000.0,PE,POWERINDIA26MAR18000PE,95.0,95.0,90.0,90.0,90.0,115.0,23569.9,66.0,450,50,2,1809250.0,2,F1,50,,,,,
2026-02-18,2026-02-18,FO,NSE,STO,152902,,POWERINDIA,,2026-04-28,2026-04-28,22000.0,CE,POWERINDIA26APR22000CE,0.0,0.0,0.0,531.4,0.0,531.4,23569.9,2981.65,0,0,0,0.0,0,F1,50,,,,,
2026-02-18,2026-02-18,FO,NSE,STF,59455,,POWERINDIA,,2026-02-24,2026-02-24,,,POWERINDIA26FEBFUT,23150.0,23780.0,22900.0,23589.0,23587.0,23010.0,23569.9,23589.0,309800,-6200,2967,3472539850.0,2704,F1,50,,,,,
2026-02-18,2026-02-18,FO,NSE,STO,129206,,POWERINDIA,,2026-02-24,2026-02-24,15000.0,CE,POWERINDIA26FEB15000CE,0.0,0.0,0.0,3627.35,3627.35,3627.35,23569.9,8583.45,150,0,0,0.0,0,F1,50,,,,,
2026-02-18,2026-02-18,FO,NSE,STO,45021,,POWERINDIA,,2026-02-24,2026-02-24,15500.0,CE,POWERINDIA26FEB15500CE,0.0,0.0,0.0,3209.95,3209.95,3209.95,23569.9,8083.9,150,0,0,0.0,0,F1,50,,,,,
2026-02-18,2026-02-18,FO,NSE,STO,156097,,POWERINDIA,,2026-02-24,2026-02-24,18250.0,PE,POWERINDIA26FEB18250PE,28.2,28.2,12.0,16.15,20.85,26.85,23569.9,16.15,4800,-50,39,35617407.5,19,F1,50,,,,,
2026-02-18,2026-02-18,FO,NSE,STO,129222,,POWERINDIA,,2026-02-24,2026-02-24,19000.0,CE,POWERINDIA26FEB19000CE,3999.0,4651.0,3950.0,4651.0,4651.0,3991.4,23569.9,4587.2,4200,-200,13,15031350.0,7,F1,50,,,,,
2026-02-18,2026-02-18,FO,NSE,STO,129242,,POWERINDIA,,2026-02-24,2026-02-24,19500.0,CE,POWERINDIA26FEB19500CE,3600.0,4028.0,3600.0,4000.0,4000.0,3200.0,23569.9,4000.0,2250,-50,5,5854900.0,5,F1,50,,,,,
2026-02-18,2026-02-18,FO,NSE,STO,152818,,POWERINDIA,,2026-03-30,2026-03-30,16250.0,CE,POWERINDIA26MAR16250CE,0.0,0.0,0.0,1869.95,0.0,1869.95,23569.9,7429.55,0,0,0,0.0,0,F1,50,,,,,
2026-02-18,2026-02-18,FO,NSE,STO,156156,,POWERINDIA,,2026-03-30,2026-03-30,19500.0,CE,POWERINDIA26MAR19500CE,0.0,0.0,0.0,1617.15,0.0,1617.15,23569.9,4389.6,0,0,0,0.0,0,F1,50,,,,,
2026-02-18,2026-02-18,FO,NSE,STO,37513,,POWERINDIA,,2026-03-30,2026-03-30,23750.0,CE,POWERINDIA26MAR23750CE,0.0,0.0,0.0,685.0,685.0,685.0,23569.9,1530.4,50,0,0,0.0,0,F1,50,,,,,
2026-02-18,2026-02-18,FO,NSE,STO,40715,,POWERINDIA,,2026-03-30,2026-03-30,24750.0,CE,POWERINDIA26MAR24750CE,0.0,0.0,0.0,310.85,0.0,310.85,23569.9,1118.95,0,0,0,0.0,0,F1,50,,,,,
2026-02-18,2026-02-18,FO,NSE,STO,153012,,POWERINDIA,,2026-04-28,2026-04-28,24000.0,CE,POWERINDIA26APR24000CE,0.0,0.0,0.0,306.15,0.0,306.15,23569.9,1949.4,0,0,0,0.0,0,F1,50,,,,,
2026-02-18,2026-02-18,FO,NSE,STO,153014,,POWERINDIA,,2026-04-28,2026-04-28,25000.0,CE,POWERINDIA26APR25000CE,0.0,0.0,0.0,230.8,0.0,230.8,23569.9,1547.8,0,0,0,0.0,0,F1,50,,,,,
2026-02-18,2026-02-18,FO,NSE,STO,156109,,POWERINDIA,,2026-02-24,2026-02-24,21250.0,PE,POWERINDIA26FEB21250PE,77.0,79.55,37.95,44.25,55.0,105.1,23569.9,44.25,8000,2750,106,112942807.5,59,F1,50,,,,,
2026-02-18,2026-02-18,FO,NSE,STO,156149,,POWERINDIA,,2026-03-30,2026-03-30,17500.0,PE,POWERINDIA26MAR17500PE,0.0,0.0,0.0,1605.95,0.0,1605.95,23569.9,42.55,0,0,0,0.0,0,F1,50,,,,,
2026-02-18,2026-02-18,FO,NSE,STO,152821,,POWERINDIA,,2026-03-30,2026-03-30,16750.0,PE,POWERINDIA26MAR16750PE,0.0,0.0,0.0,1492.1,0.0,1492.1,23569.9,20.5,0,0,0,0.0,0,F1,50,,,,,
2026-02-18,2026-02-18,FO,NSE,STO,156143,,POWERINDIA,,2026-03-30,2026-03-30,16000.0,PE,POWERINDIA26MAR16000PE,52.85,56.45,52.85,56.45,56.45,68.45,23569.9,9.0,600,150,3,2408107.5,2,F1,50,,,,,
2026-02-18,2026-02-18,FO,NSE,STO,156117,,POWERINDIA,,2026-02-24,2026-02-24,23250.0,PE,POWERINDIA26FEB23250PE,650.65,651.25,298.15,365.75,380.35,751.0,23569.9,365.75,2250,1650,241,285220292.5,202,F1,50,,,,,
2026-02-18,2026-02-18,FO,NSE,STO,129268,,POWERINDIA,,2026-02-24,2026-02-24,23000.0,PE,POWERINDIA26FEB23000PE,466.0,550.0,227.0,287.15,292.75,553.4,23569.9,287.15,24750,14400,1912,2230500992.5,1438,F1,50,,,,,
2026-02-18,2026-02-18,FO,NSE,STO,156115,,POWERINDIA,,2026-02-24,2026-02-24,22750.0,PE,POWERINDIA26FEB22750PE,303.45,430.0,163.35,195.1,241.95,442.1,23569.9,195.1,9250,2750,460,529169407.5,386,F1,50,,,,,
2026-02-18,2026-02-18,FO,NSE,STO,156107,,POWERINDIA,,2026-02-24,2026-02-24,20750.0,PE,POWERINDIA26FEB20750PE,47.05,47.05,40.0,40.0,40.0,3228.0,23569.9,11.65,0,0,2,2079352.5,2,F1,50,,,,,
2026-02-18,2026-02-18,FO,NSE,STO,156101,,POWERINDIA,,2026-02-24,2026-02-24,19250.0,PE,POWERINDIA26FEB19250PE,29.15,32.9,21.85,26.4,27.0,27.55,23569.9,26.4,3000,50,16,15421155.0,12,F1,50,,,,,
2026-02-18,2026-02-18,FO,NSE,STO,45022,,POWERINDIA,,2026-02-24,2026-02-24,15500.0,PE,POWERINDIA26FEB15500PE,6.0,6.0,4.05,5.8,5.8,6.05,23569.9,0.05,1200,-100,6,4651535.0,6,F1,50,,,,,
2026-02-18,2026-02-18,FO,NSE,STO,129202,,POWERINDIA,,2026-02-24,2026-02-24,13000.0,PE,POWERINDIA26FEB13000PE,4.0,4.0,4.0,4.0,4.0,9.0,23569.9,0.05,200,-150,3,1950600.0,3,F1,50,,,,,
2026-02-18,2026-02-18,FO,NSE,STO,152882,,POWERINDIA,,2026-04-28,2026-04-28,17500.0,CE,POWERINDIA26APR17500CE,0.0,0.0,0.0,1672.7,0.0,1672.7,23569.9,6402.4,0,0,0,0.0,0,F1,50,,,,,
2026-02-18,2026-02-18,FO,NSE,STO,152874,,POWERINDIA,,2026-04-28,2026-04-28,15500.0,CE,POWERINDIA26APR15500CE,0.0,0.0,0.0,2624.65,0.0,2624.65,23569.9,8266.5,0,0,0,0.0,0,F1,50,,,,,
2026-02-18,2026-02-18,FO,NSE,STO,44120,,POWERINDIA,,2026-03-30,2026-03-30,25500.0,CE,POWERINDIA26MAR25500CE,0.0,0.0,0.0,573.3,0.0,573.3,23569.9,871.0,0,0,0,0.0,0,F1,50,,,,,
2026-02-18,2026-02-18,FO,NSE,STO,156146,,POWERINDIA,,2026-03-30,2026-03-30,17000.0,CE,POWERINDIA26MAR17000CE,0.0,0.0,0.0,5880.0,5880.0,5880.0,23569.9,6698.5,100,0,0,0.0,0,F1,50,,,,,
2026-02-18,2026-02-18,FO,NSE,STO,129286,,POWERINDIA,,2026-02-24,2026-02-24,25500.0,CE,POWERINDIA26FEB25500CE,35.95,62.8,20.95,46.8,40.05,32.85,23569.9,46.8,17050,3600,1992,2543924865.0,1699,F1,50,,,,,
2026-02-18,2026-02-18,FO,NSE,STO,40705,,POWERINDIA,,2026-02-24,2026-02-24,24750.0,CE,POWERINDIA26FEB24750CE,127.5,157.05,84.45,133.9,132.3,69.85,23569.9,133.9,3300,3050,221,274877342.5,160,F1,50,,,,,
2026-02-18,2026-02-18,FO,NSE,STO,129267,,POWERINDIA,,2026-02-24,2026-02-24,23000.0,CE,POWERINDIA26FEB23000CE,585.45,998.95,460.0,887.05,870.0,556.95,23569.9,887.05,19700,-10500,2194,2605197830.0,1927,F1,50,,,,,
2026-02-18,2026-02-18,FO,NSE,STO,129247,,POWERINDIA,,2026-02-24,2026-02-24,20500.0,CE,POWERINDIA26FEB20500CE,2650.05,2650.05,2600.0,2650.0,2650.0,2520.0,23569.9,3095.25,3550,-250,15,17350002.5,7,F1,50,,,,,
2026-02-18,2026-02-18,FO,NSE,STO,156100,,POWERINDIA,,2026-02-24,2026-02-24,19250.0,CE,POWERINDIA26FEB19250CE,4500.0,4500.0,4500.0,4500.0,4500.0,3500.0,23569.9,4500.0,3000,0,1,1187500.0,1,F1,50,,,,,
2026-02-18,2026-02-18,FO,NSE,STO,156096,,POWERINDIA,,2026-02-24,2026-02-24,18250.0,CE,POWERINDIA26FEB18250CE,4900.0,4900.0,4900.0,4900.0,4900.0,4540.6,23569.9,5336.4,3700,0,2,2315000.0,2,F1,50,,,,,
2026-02-18,2026-02-18,FO,NSE,STO,129216,,POWERINDIA,,2026-02-24,2026-02-24,17500.0,CE,POWERINDIA26FEB17500CE,0.0,0.0,0.0,4550.0,4550.0,4550.0,23569.9,6085.7,700,0,0,0.0,0,F1,50,,,,,
2026-02-18,2026-02-18,FO,NSE,STO,152903,,POWERINDIA,,2026-04-28,2026-04-28,22000.0,PE,POWERINDIA26APR22000PE,0.0,0.0,0.0,5485.5,0.0,5485.5,23569.9,1184.2,0,0,0,0.0,0,F1,50,,,,,
2026-02-18,2026-02-18,FO,NSE,STO,152897,,POWERINDIA,,2026-04-28,2026-04-28,21000.0,PE,POWERINDIA26APR21000PE,0.0,0.0,0.0,4664.35,0.0,4664.35,23569.9,830.05,0,0,0,0.0,0,F1,50,,,,,
2026-02-18,2026-02-18,FO,NSE,STO,152893,,POWERINDIA,,2026-04-28,2026-04-28,20000.0,PE,POWERINDIA26APR20000PE,0.0,0.0,0.0,3886.4,0.0,3886.4,23569.9,553.25,0,0,0,0.0,0,F1,50,,,,,
2026-02-18,2026-02-18,FO,NSE,STO,37506,,POWERINDIA,,2026-03-30,2026-03-30,23250.0,PE,POWERINDIA26MAR23250PE,0.0,0.0,0.0,5638.85,0.0,5638.85,23569.9,1313.8,0,0,0,0.0,0,F1,50,,,,,
2026-02-18,2026-02-18,FO,NSE,STO,156165,,POWERINDIA,,2026-03-30,2026-03-30,21500.0,PE,POWERINDIA26MAR21500PE,0.0,0.0,0.0,4095.8,0.0,4095.8,23569.9,628.45,0,0,0,0.0,0,F1,50,,,,,
2026-02-18,2026-02-18,FO,NSE,STO,152875,,POWERINDIA,,2026-04-28,2026-04-28,15500.0,PE,POWERINDIA26APR15500PE,0.0,0.0,0.0,1178.3,0.0,1178.3,23569.9,36.25,0,0,0,0.0,0,F1,50,,,,,
2026-02-18,2026-02-18,FO,NSE,STO,140381,,TATAPOWER,,2026-02-24,2026-02-24,370.0,CE,TATAPOWER26FEB370CE,12.75,13.15,9.65,10.6,10.2,10.45,379.6,10.6,1423900,-182700,348,192549922.5,293,F1,1450,,,,,
2026-02-18,2026-02-18,FO,NSE,STO,161240,,TATAPOWER,,2026-02-24,2026-02-24,402.5,CE,TATAPOWER26FEB402.5CE,0.3,0.5,0.3,0.45,0.45,0.6,379.6,0.45,114550,-15950,33,19278692.5,26,F1,1450,,,,,
2026-02-18,2026-02-18,FO,NSE,STO,161361,,TATAPOWER,,2026-03-30,2026-03-30,395.0,PE,TATAPOWER26MAR395PE,0.0,0.0,0.0,30.85,0.0,30.85,379.6,20.45,0,0,0,0.0,0,F1,1450,,,,,
2026-02-18,2026-02-18,FO,NSE,STO,161193,,TATAPOWER,,2026-02-24,2026-02-24,322.5,PE,TATAPOWER26FEB322.5PE,0.0,0.0,0.0,0.2,0.2,0.2,379.6,0.05,69600,0,0,0.0,0,F1,1450,,,,,
2026-02-18,2026-02-18,FO,NSE,STO,161213,,TATAPOWER,,2026-02-24,2026-02-24,355.0,PE,TATAPOWER26FEB355PE,0.4,0.5,0.35,0.4,0.4,0.6,379.6,0.4,752550,-142100,299,154085700.0,179,F1,1450,,,,,
2026-02-18,2026-02-18,FO,NSE,STO,161215,,TATAPOWER,,2026-02-24,2026-02-24,357.5,PE,TATAPOWER26FEB357.5PE,0.55,0.55,0.35,0.35,0.35,0.6,379.6,0.35,346550,13050,89,46194535.0,68,F1,1450,,,,,
2026-02-18,2026-02-18,FO,NSE,STO,169370,,TATAPOWER,,2026-04-28,2026-04-28,375.0,CE,TATAPOWER26APR375CE,0.0,0.0,0.0,12.35,0.0,12.35,379.6,21.05,0,0,0,0.0,0,F1,1450,,,,,
2026-02-18,2026-02-18,FO,NSE,STO,169364,,TATAPOWER,,2026-04-28,2026-04-28,360.0,CE,TATAPOWER26APR360CE,0.0,0.0,0.0,17.8,0.0,17.8,379.6,30.4,0,0,0,0.0,0,F1,1450,,,,,
2026-02-18,2026-02-18,FO,NSE,STO,169362,,TATAPOWER,,2026-04-28,2026-04-28,355.0,CE,TATAPOWER26APR355CE,0.0,0.0,0.0,19.95,0.0,19.95,379.6,34.0,0,0,0,0.0,0,F1,1450,,,,,
2026-02-18,2026-02-18,FO,NSE,STO,169288,,TATAPOWER,,2026-03-30,2026-03-30,412.5,CE,TATAPOWER26MAR412.5CE,4.05,4.05,4.05,4.05,4.05,2.15,379.6,3.2,1450,1450,1,603997.5,1,F1,1450,,,,,
2026-02-18,2026-02-18,FO,NSE,STO,161338,,TATAPOWER,,2026-03-30,2026-03-30,340.0,CE,TATAPOWER26MAR340CE,0.0,0.0,0.0,48.0,48.0,48.0,379.6,42.8,4350,0,0,0.0,0,F1,1450,,,,,
2026-02-18,2026-02-18,FO,NSE,STO,169256,,TATAPOWER,,2026-03-30,2026-03-30,332.5,CE,TATAPOWER26MAR332.5CE,0.0,0.0,0.0,27.7,0.0,27.7,379.6,49.7,0,0,0,0.0,0,F1,1450,,,,,
2026-02-18,2026-02-18,FO,NSE,STO,140312,,TATAPOWER,,2026-02-24,2026-02-24,310.0,CE,TATAPOWER26FEB310CE,70.7,70.7,70.7,70.7,70.7,74.15,379.6,69.9,14500,0,8,4416120.0,1,F1,1450,,,,,
2026-02-18,2026-02-18,FO,NSE,STO,169278,,TATAPOWER,,2026-03-30,2026-03-30,387.5,CE,TATAPOWER26MAR387.5CE,10.85,10.95,10.85,10.95,10.95,5.55,379.6,10.2,2900,2900,2,1155360.0,2,F1,1450,,,,,
2026-02-18,2026-02-18,FO,NSE,STO,169353,,TATAPOWER,,2026-04-28,2026-04-28,330.0,PE,TATAPOWER26APR330PE,0.0,0.0,0.0,10.7,0.0,10.7,379.6,1.55,0,0,0,0.0,0,F1,1450,,,,,
2026-02-18,2026-02-18,FO,NSE,STO,169349,,TATAPOWER,,2026-04-28,2026-04-28,320.0,PE,TATAPOWER26APR320PE,0.0,0.0,0.0,7.65,0.0,7.65,379.6,0.8,0,0,0,0.0,0,F1,1450,,,,,
2026-02-18,2026-02-18,FO,NSE,STO,161367,,TATAPOWER,,2026-03-30,2026-03-30,410.0,PE,TATAPOWER26MAR410PE,31.0,31.0,31.0,31.0,31.0,32.6,379.6,31.0,42050,7250,5,3197250.0,5,F1,1450,,,,,
2026-02-18,2026-02-18,FO,NSE,STO,161355,,TATAPOWER,,2026-03-30,2026-03-30,380.0,PE,TATAPOWER26MAR380PE,11.9,11.9,9.75,10.55,11.1,12.05,379.6,10.55,495900,104400,140,79285275.0,124,F1,1450,,,,,
2026-02-18,2026-02-18,FO,NSE,STO,161353,,TATAPOWER,,2026-03-30,2026-03-30,375.0,PE,TATAPOWER26MAR375PE,8.35,9.0,7.75,8.7,8.7,9.85,379.6,8.7,111650,21750,48,26697400.0,38,F1,1450,,,,,
2026-02-18,2026-02-18,FO,NSE,STO,161347,,TATAPOWER,,2026-03-30,2026-03-30,360.0,PE,TATAPOWER26MAR360PE,4.55,4.6,3.7,4.35,4.35,4.85,379.6,4.35,352350,23200,138,72861847.5,79,F1,1450,,,,,
2026-02-18,2026-02-18,FO,NSE,STO,169265,,TATAPOWER,,2026-03-30,2026-03-30,352.5,PE,TATAPOWER26MAR352.5PE,0.0,0.0,0.0,17.7,0.0,17.7,379.6,2.75,0,0,0,0.0,0,F1,1450,,,,,
2026-02-18,2026-02-18,FO,NSE,STO,169255,,TATAPOWER,,2026-03-30,2026-03-30,327.5,PE,TATAPOWER26MAR327.5PE,0.0,0.0,0.0,7.35,0.0,7.35,379.6,0.4,0,0,0,0.0,0,F1,1450,,,,,
2026-02-18,2026-02-18,FO,NSE,STO,140386,,TATAPOWER,,2026-02-24,2026-02-24,390.0,PE,TATAPOWER26FEB390PE,10.65,12.7,9.5,11.6,12.0,12.9,379.6,11.6,1218000,-15950,148,86073377.5,120,F1,1450,,,,,
2026-02-18,2026-02-18,FO,NSE,STO,161221,,TATAPOWER,,2026-02-24,2026-02-24,367.5,PE,TATAPOWER26FEB367.5PE,1.05,1.1,0.7,0.85,0.9,1.3,379.6,0.85,581450,5800,96,51277510.0,78,F1,1450,,,,,
2026-02-18,2026-02-18,FO,NSE,STO,161211,,TATAPOWER,,2026-02-24,2026-02-24,352.5,PE,TATAPOWER26FEB352.5PE,0.5,0.5,0.3,0.4,0.4,0.55,379.6,0.4,356700,-44950,51,26092677.5,46,F1,1450,,,,,
2026-02-18,2026-02-18,FO,NSE,STO,169388,,TATAPOWER,,2026-04-28,2026-04-28,420.0,CE,TATAPOWER26APR420CE,0.0,0.0,0.0,3.5,0.0,3.5,379.6,5.05,0,0,0,0.0,0,F1,1450,,,,,
2026-02-18,2026-02-18,FO,NSE,STO,169382,,TATAPOWER,,2026-04-28,2026-04-28,405.0,CE,TATAPOWER26APR405CE,0.0,0.0,0.0,5.5,0.0,5.5,379.6,8.55,0,0,0,0.0,0,F1,1450,,,,,
2026-02-18,2026-02-18,FO,NSE,STO,161349,,TATAPOWER,,2026-03-30,2026-03-30,365.0,PE,TATAPOWER26MAR365PE,5.3,5.7,5.0,5.1,5.1,6.1,379.6,5.8,266800,20300,28,15038312.5,22,F1,1450,,,,,
2026-02-18,2026-02-18,FO,NSE,STO,169273,,TATAPOWER,,2026-03-30,2026-03-30,372.5,PE,TATAPOWER26MAR372.5PE,0.0,0.0,0.0,16.8,16.8,16.8,379.6,8.4,1450,0,0,0.0,0,F1,1450,,,,,
2026-02-18,2026-02-18,FO,NSE,STO,169277,,TATAPOWER,,2026-03-30,2026-03-30,382.5,PE,TATAPOWER26MAR382.5PE,0.0,0.0,0.0,37.35,0.0,37.35,379.6,13.0,0,0,0,0.0,0,F1,1450,,,,,
2026-02-18,2026-02-18,FO,NSE,STO,161373,,TATAPOWER,,2026-03-30,2026-03-30,425.0,PE,TATAPOWER26MAR425PE,0.0,0.0,0.0,52.1,0.0,52.1,379.6,44.45,0,0,0,0.0,0,F1,1450,,,,,
2026-02-18,2026-02-18,FO,NSE,STO,161377,,TATAPOWER,,2026-03-30,2026-03-30,435.0,PE,TATAPOWER26MAR435PE,53.5,53.8,53.5,53.8,53.8,55.0,379.6,53.65,17400,15950,11,7795925.0,4,F1,1450,,,,,
2026-02-18,2026-02-18,FO,NSE,STO,169359,,TATAPOWER,,2026-04-28,2026-04-28,345.0,PE,TATAPOWER26APR345PE,0.0,0.0,0.0,16.75,0.0,16.75,379.6,3.55,0,0,0,0.0,0,F1,1450,,,,,
2026-02-18,2026-02-18,FO,NSE,STO,169379,,TATAPOWER,,2026-04-28,2026-04-28,395.0,PE,TATAPOWER26APR395PE,0.0,0.0,0.0,48.5,0.0,48.5,379.6,23.15,0,0,0,0.0,0,F1,1450,,,,,
2026-02-18,2026-02-18,FO,NSE,STO,140314,,TATAPOWER,,2026-02-24,2026-02-24,320.0,CE,TATAPOWER26FEB320CE,0.0,0.0,0.0,60.0,60.0,60.0,379.6,59.9,94250,0,0,0.0,0,F1,1450,,,,,
2026-02-18,2026-02-18,FO,NSE,STO,161208,,TATAPOWER,,2026-02-24,2026-02-24,347.5,CE,TATAPOWER26FEB347.5CE,32.5,32.5,31.6,31.65,31.65,19.75,379.6,31.65,121800,-5800,4,2201245.0,4,F1,1450,,,,,
2026-02-18,2026-02-18,FO,NSE,STO,161230,,TATAPOWER,,2026-02-24,2026-02-24,385.0,CE,TATAPOWER26FEB385CE,3.3,3.45,1.7,2.1,1.95,2.7,379.6,2.1,1648650,-76850,2968,1667304177.5,1807,F1,1450,,,,,
2026-02-18,2026-02-18,FO,NSE,STO,140385,,TATAPOWER,,2026-02-24,2026-02-24,390.0,CE,TATAPOWER26FEB390CE,1.85,2.15,0.95,1.2,1.15,1.65,379.6,1.2,2607100,-72500,2124,1205398122.5,1434,F1,1450,,,,,
2026-02-18,2026-02-18,FO,NSE,STO,140387,,TATAPOWER,,2026-02-24,2026-02-24,400.0,CE,TATAPOWER26FEB400CE,0.8,0.85,0.4,0.45,0.5,0.75,379.6,0.45,4608100,-375550,1760,1022177282.5,803,F1,1450,,,,,
2026-02-18,2026-02-18,FO,NSE,STO,169266,,TATAPOWER,,2026-03-30,2026-03-30,357.5,CE,TATAPOWER26MAR357.5CE,0.0,0.0,0.0,14.45,0.0,14.45,379.6,28.05,0,0,0,0.0,0,F1,1450,,,,,
2026-02-18,2026-02-18,FO,NSE,STO,161348,,TATAPOWER,,2026-03-30,2026-03-30,365.0,CE,TATAPOWER26MAR365CE,24.25,24.25,24.25,24.25,24.25,14.3,379.6,22.55,7250,1450,1,564412.5,1,F1,1450,,,,,
2026-02-18,2026-02-18,FO,NSE,STO,169282,,TATAPOWER,,2026-03-30,2026-03-30,397.5,CE,TATAPOWER26MAR397.5CE,0.0,0.0,0.0,4.5,4.5,4.5,379.6,6.65,1450,0,0,0.0,0,F1,1450,,,,,
2026-02-18,2026-02-18,FO,NSE,STO,169380,,TATAPOWER,,2026-04-28,2026-04-28,400.0,CE,TATAPOWER26APR400CE,0.0,0.0,0.0,6.3,0.0,6.3,379.6,10.1,0,0,0,0.0,0,F1,1450,,,,,
2026-02-18,2026-02-18,FO,NSE,STO,169384,,TATAPOWER,,2026-04-28,2026-04-28,410.0,CE,TATAPOWER26APR410CE,0.0,0.0,0.0,4.75,0.0,4.75,379.6,7.2,0,0,0,0.0,0,F1,1450,,,,,
2026-02-18,2026-02-18,FO,NSE,STO,161191,,TATAPOWER,,2026-02-24,2026-02-24,317.5,PE,TATAPOWER26FEB317.5PE,0.0,0.0,0.0,0.3,0.3,0.3,379.6,0.05,27550,0,0,0.0,0,F1,1450,,,,,
2026-02-18,2026-02-18,FO,NSE,STO,140315,,TATAPOWER,,2026-02-24,2026-02-24,320.0,PE,TATAPOWER26FEB320PE,0.1,0.2,0.1,0.15,0.1,0.2,379.6,0.15,510400,-8700,36,16711612.5,25,F1,1450,,,,,
2026-02-18,2026-02-18,FO,NSE,STO,140380,,TATAPOWER,,2026-02-24,2026-02-24,360.0,PE,TATAPOWER26FEB360PE,0.65,0.65,0.4,0.5,0.55,0.75,379.6,0.5,2385250,-110200,455,237844225.0,239,F1,1450,,,,,
2026-02-18,2026-02-18,FO,NSE,STO,161239,,TATAPOWER,,2026-02-24,2026-02-24,397.5,PE,TATAPOWER26FEB397.5PE,18.4,18.85,16.15,18.6,18.85,19.25,379.6,18.6,21750,20300,22,13245605.0,22,F1,1450,,,,,
2026-02-18,2026-02-18,FO,NSE,STO,161247,,TATAPOWER,,2026-02-24,2026-02-24,412.5,PE,TATAPOWER26FEB412.5PE,0.0,0.0,0.0,40.45,0.0,40.45,379.6,32.55,0,0,0,0.0,0,F1,1450,,,,,
2026-02-18,2026-02-18,FO,NSE,STO,161249,,TATAPOWER,,2026-02-24,2026-02-24,415.0,PE,TATAPOWER26FEB415PE,0.0,0.0,0.0,35.55,35.55,35.55,379.6,35.05,71050,0,0,0.0,0,F1,1450,,,,,
2026-02-18,2026-02-18,FO,NSE,STO,161329,,TATAPOWER,,2026-03-30,2026-03-30,315.0,PE,TATAPOWER26MAR315PE,0.0,0.0,0.0,2.55,0.0,2.55,379.6,0.1,0,0,0,0.0,0,F1,1450,,,,,
2026-02-18,2026-02-18,FO,NSE,STO,161331,,TATAPOWER,,2026-03-30,2026-03-30,320.0,PE,TATAPOWER26MAR320PE,0.75,0.75,0.75,0.75,0.75,3.2,379.6,0.75,1450,1450,1,465087.5,1,F1,1450,,,,,
2026-02-18,2026-02-18,FO,NSE,STO,161261,,TATAPOWER,,2026-02-24,2026-02-24,435.0,PE,TATAPOWER26FEB435PE,0.0,0.0,0.0,89.0,89.0,89.0,379.6,55.0,97150,0,0,0.0,0,F1,1450,,,,,
2026-02-18,2026-02-18,FO,NSE,STO,161333,,TATAPOWER,,2026-03-30,2026-03-30,325.0,PE,TATAPOWER26MAR325PE,0.9,0.95,0.85,0.9,0.9,1.0,379.6,0.9,178350,27550,64,30242505.0,40,F1,1450,,,,,
2026-02-18,2026-02-18,FO,NSE,STO,161335,,TATAPOWER,,2026-03-30,2026-03-30,330.0,PE,TATAPOWER26MAR330PE,1.1,1.15,1.05,1.1,1.1,1.25,379.6,1.1,82650,60900,60,28807222.5,33,F1,1450,,,,,
2026-02-18,2026-02-18,FO,NSE,STO,169285,,TATAPOWER,,2026-03-30,2026-03-30,402.5,PE,TATAPOWER26MAR402.5PE,0.0,0.0,0.0,53.75,0.0,53.75,379.6,25.75,0,0,0,0.0,0,F1,1450,,,,,
2026-02-18,2026-02-18,FO,NSE,STO,169363,,TATAPOWER,,2026-04-28,2026-04-28,355.0,PE,TATAPOWER26APR355PE,0.0,0.0,0.0,21.75,0.0,21.75,379.6,5.7,0,0,0,0.0,0,F1,1450,,,,,
2026-02-18,2026-02-18,FO,NSE,STO,169262,,TATAPOWER,,2026-03-30,2026-03-30,347.5,CE,TATAPOWER26MAR347.5CE,0.0,0.0,0.0,19.1,0.0,19.1,379.6,36.15,0,0,0,0.0,0,F1,1450,,,,,
2026-02-18,2026-02-18,FO,NSE,STO,140379,,TATAPOWER,,2026-02-24,2026-02-24,360.0,CE,TATAPOWER26FEB360CE,20.25,22.15,18.8,20.0,19.25,20.0,379.6,20.0,1634150,-34800,43,23730120.0,40,F1,1450,,,,,
2026-02-18,2026-02-18,FO,NSE,STO,161218,,TATAPOWER,,2026-02-24,2026-02-24,365.0,CE,TATAPOWER26FEB365CE,15.9,17.5,14.6,15.25,15.25,14.6,379.6,15.25,761250,-15950,17,9397305.0,13,F1,1450,,,,,
2026-02-18,2026-02-18,FO,NSE,STO,161222,,TATAPOWER,,2026-02-24,2026-02-24,372.5,CE,TATAPOWER26FEB372.5CE,9.15,10.9,7.65,8.55,8.6,8.65,379.6,8.55,288550,-8700,37,20491545.0,36,F1,1450,,,,,
2026-02-18,2026-02-18,FO,NSE,STO,169254,,TATAPOWER,,2026-03-30,2026-03-30,327.5,CE,TATAPOWER26MAR327.5CE,0.0,0.0,0.0,31.05,0.0,31.05,379.6,54.45,0,0,0,0.0,0,F1,1450,,,,,
2026-02-18,2026-02-18,FO,NSE,STO,161237,,TATAPOWER,,2026-02-24,2026-02-24,395.0,PE,TATAPOWER26FEB395PE,16.15,17.0,14.65,15.9,15.85,17.15,379.6,15.9,34800,10150,19,11320512.5,19,F1,1450,,,,,
2026-02-18,2026-02-18,FO,NSE,STO,169284,,TATAPOWER,,2026-03-30,2026-03-30,402.5,CE,TATAPOWER26MAR402.5CE,5.45,5.95,5.0,5.0,5.0,7.35,379.6,5.0,20300,11600,21,12417582.5,14,F1,1450,,,,,
2026-02-18,2026-02-18,FO,NSE,STO,161378,,TATAPOWER,,2026-03-30,2026-03-30,440.0,CE,TATAPOWER26MAR440CE,1.55,1.75,1.15,1.3,1.3,1.6,379.6,1.3,539400,-55100,145,92803335.0,118,F1,1450,,,,,
2026-02-18,2026-02-18,FO,NSE,STO,169344,,TATAPOWER,,2026-04-28,2026-04-28,310.0,CE,TATAPOWER26APR310CE,0.0,0.0,0.0,47.7,0.0,47.7,379.6,73.2,0,0,0,0.0,0,F1,1450,,,,,
2026-02-18,2026-02-18,FO,NSE,STO,169372,,TATAPOWER,,2026-04-28,2026-04-28,380.0,CE,TATAPOWER26APR380CE,0.0,0.0,0.0,10.9,0.0,10.9,379.6,18.4,0,0,0,0.0,0,F1,1450,,,,,
2026-02-18,2026-02-18,FO,NSE,STO,169369,,TATAPOWER,,2026-04-28,2026-04-28,370.0,PE,TATAPOWER26APR370PE,0.0,0.0,0.0,30.6,0.0,30.6,379.6,10.55,0,0,0,0.0,0,F1,1450,,,,,
2026-02-18,2026-02-18,FO,NSE,STO,161241,,TATAPOWER,,2026-02-24,2026-02-24,402.5,PE,TATAPOWER26FEB402.5PE,0.0,0.0,0.0,32.9,0.0,32.9,379.6,22.75,0,0,0,0.0,0,F1,1450,,,,,
2026-02-18,2026-02-18,FO,NSE,STO,161358,,TATAPOWER,,2026-03-30,2026-03-30,390.0,CE,TATAPOWER26MAR390CE,9.6,10.15,8.05,8.7,8.35,9.3,379.6,8.7,693100,227650,337,195129617.5,265,F1,1450,,,,,
2026-02-18,2026-02-18,FO,NSE,STO,161356,,TATAPOWER,,2026-03-30,2026-03-30,385.0,CE,TATAPOWER26MAR385CE,12.2,12.2,9.95,10.7,10.7,11.6,379.6,10.7,127600,49300,61,35048747.5,43,F1,1450,,,,,
2026-02-18,2026-02-18,FO,NSE,STO,161342,,TATAPOWER,,2026-03-30,2026-03-30,350.0,CE,TATAPOWER26MAR350CE,35.1,35.1,35.1,35.1,35.1,34.3,379.6,34.05,37700,1450,1,558395.0,1,F1,1450,,,,,
2026-02-18,2026-02-18,FO,NSE,STO,161196,,TATAPOWER,,2026-02-24,2026-02-24,327.5,CE,TATAPOWER26FEB327.5CE,0.0,0.0,0.0,52.1,0.0,52.1,379.6,52.4,0,0,0,0.0,0,F1,1450,,,,,
2026-02-18,2026-02-18,FO,NSE,STO,161188,,TATAPOWER,,2026-02-24,2026-02-24,315.0,CE,TATAPOWER26FEB315CE,65.0,65.0,64.9,65.0,65.0,65.0,379.6,65.0,13050,-4350,3,1652855.0,3,F1,1450,,,,,
2026-02-18,2026-02-18,FO,NSE,STO,161229,,TATAPOWER,,2026-02-24,2026-02-24,382.5,PE,TATAPOWER26FEB382.5PE,6.3,7.0,4.35,5.75,6.3,6.85,379.6,5.75,234900,-5800,388,218323962.5,357,F1,1450,,,,,
2026-02-18,2026-02-18,FO,NSE,STO,169261,,TATAPOWER,,2026-03-30,2026-03-30,342.5,PE,TATAPOWER26MAR342.5PE,0.0,0.0,0.0,3.55,3.55,3.55,379.6,1.4,1450,0,0,0.0,0,F1,1450,,,,,
2026-02-18,2026-02-18,FO,NSE,STO,169271,,TATAPOWER,,2026-03-30,2026-03-30,367.5,PE,TATAPOWER26MAR367.5PE,0.0,0.0,0.0,26.65,0.0,26.65,379.6,6.6,0,0,0,0.0,0,F1,1450,,,,,
2026-02-18,2026-02-18,FO,NSE,STO,169279,,TATAPOWER,,2026-03-30,2026-03-30,387.5,PE,TATAPOWER26MAR387.5PE,0.0,0.0,0.0,41.25,0.0,41.25,379.6,15.75,0,0,0,0.0,0,F1,1450,,,,,
2026-02-18,2026-02-18,FO,NSE,STO,161359,,TATAPOWER,,2026-03-30,2026-03-30,390.0,PE,TATAPOWER26MAR390PE,15.85,17.45,14.95,16.45,16.85,16.65,379.6,16.45,114550,49300,53,31214657.5,50,F1,1450,,,,,
2026-02-18,2026-02-18,FO,NSE,STO,161366,,TATAPOWER,,2026-03-30,2026-03-30,410.0,CE,TATAPOWER26MAR410CE,4.75,4.8,3.45,3.75,3.65,4.5,379.6,3.75,591600,278400,491,294754767.5,348,F1,1450,,,,,
2026-02-18,2026-02-18,FO,NSE,STO,161362,,TATAPOWER,,2026-03-30,2026-03-30,400.0,CE,TATAPOWER26MAR400CE,6.7,6.9,5.2,5.7,5.5,6.45,379.6,5.7,1587750,201550,887,522368082.5,594,F1,1450,,,,,
2026-02-18,2026-02-18,FO,NSE,STO,161363,,TATAPOWER,,2026-03-30,2026-03-30,400.0,PE,TATAPOWER26MAR400PE,22.8,24.55,21.45,22.7,23.9,24.85,379.6,22.7,539400,250850,273,167074872.5,140,F1,1450,,,,,
2026-02-18,2026-02-18,FO,NSE,STO,161374,,TATAPOWER,,2026-03-30,2026-03-30,430.0,CE,TATAPOWER26MAR430CE,2.25,2.25,1.65,1.75,1.85,2.3,379.6,1.75,410350,107300,160,100217620.0,136,F1,1450,,,,,
2026-02-18,2026-02-18,FO,NSE,STO,169336,,TATAPOWER,,2026-04-28,2026-04-28,290.0,CE,TATAPOWER26APR290CE,0.0,0.0,0.0,64.3,0.0,64.3,379.6,92.65,0,0,0,0.0,0,F1,1450,,,,,
2026-02-18,2026-02-18,FO,NSE,STO,169356,,TATAPOWER,,2026-04-28,2026-04-28,340.0,CE,TATAPOWER26APR340CE,0.0,0.0,0.0,27.5,0.0,27.5,379.6,45.85,0,0,0,0.0,0,F1,1450,,,,,
2026-02-18,2026-02-18,FO,NSE,STO,161189,,TATAPOWER,,2026-02-24,2026-02-24,315.0,PE,TATAPOWER26FEB315PE,0.1,0.1,0.05,0.1,0.1,0.2,379.6,0.1,102950,-10150,59,26955355.0,27,F1,1450,,,,,
2026-02-18,2026-02-18,FO,NSE,STO,161195,,TATAPOWER,,2026-02-24,2026-02-24,325.0,PE,TATAPOWER26FEB325PE,0.2,0.2,0.1,0.15,0.15,0.2,379.6,0.15,204450,-24650,27,12728970.0,14,F1,1450,,,,,
2026-02-18,2026-02-18,FO,NSE,STO,161201,,TATAPOWER,,2026-02-24,2026-02-24,335.0,PE,TATAPOWER26FEB335PE,0.25,0.25,0.15,0.2,0.2,0.35,379.6,0.2,129050,-2900,15,7290745.0,7,F1,1450,,,,,
2026-02-18,2026-02-18,FO,NSE,STO,161205,,TATAPOWER,,2026-02-24,2026-02-24,342.5,PE,TATAPOWER26FEB342.5PE,0.35,0.35,0.25,0.3,0.25,0.45,379.6,0.3,111650,-7250,9,4473612.5,9,F1,1450,,,,,
2026-02-18,2026-02-18,FO,NSE,STO,161360,,TATAPOWER,,2026-03-30,2026-03-30,395.0,CE,TATAPOWER26MAR395CE,7.55,8.2,6.9,6.9,6.9,7.7,379.6,6.9,275500,136300,119,69410340.0,70,F1,1450,,,,,
2026-02-18,2026-02-18,FO,NSE,STO,169280,,TATAPOWER,,2026-03-30,2026-03-30,392.5,CE,TATAPOWER26MAR392.5CE,0.0,0.0,0.0,9.2,9.2,9.2,379.6,8.3,2900,0,0,0.0,0,F1,1450,,,,,
2026-02-18,2026-02-18,FO,NSE,STO,169396,,TATAPOWER,,2026-04-28,2026-04-28,440.0,CE,TATAPOWER26APR440CE,0.0,0.0,0.0,1.85,0.0,1.85,379.6,2.3,0,0,0,0.0,0,F1,1450,,,,,
2026-02-18,2026-02-18,FO,NSE,STO,161177,,TATAPOWER,,2026-02-24,2026-02-24,295.0,PE,TATAPOWER26FEB295PE,0.1,0.1,0.1,0.1,0.1,0.1,379.6,0.05,39150,0,1,427895.0,1,F1,1450,,,,,
2026-02-18,2026-02-18,FO,NSE,STO,140394,,TATAPOWER,,2026-02-24,2026-02-24,430.0,PE,TATAPOWER26FEB430PE,48.4,51.15,48.4,51.15,51.15,49.45,379.6,50.0,452400,-2900,6,4169402.5,5,F1,1450,,,,,
2026-02-18,2026-02-18,FO,NSE,STO,169275,,TATAPOWER,,2026-03-30,2026-03-30,377.5,PE,TATAPOWER26MAR377.5PE,0.0,0.0,0.0,19.75,19.75,19.75,379.6,10.55,1450,0,0,0.0,0,F1,1450,,,,,
2026-02-18,2026-02-18,FO,NSE,STO,169383,,TATAPOWER,,2026-04-28,2026-04-28,405.0,PE,TATAPOWER26APR405PE,0.0,0.0,0.0,56.55,0.0,56.55,379.6,29.8,0,0,0,0.0,0,F1,1450,,,,,
2026-02-18,2026-02-18,FO,NSE,STO,140310,,TATAPOWER,,2026-02-24,2026-02-24,300.0,CE,TATAPOWER26FEB300CE,0.0,0.0,0.0,69.4,69.4,69.4,379.6,79.85,4350,0,0,0.0,0,F1,1450,,,,,
2026-02-18,2026-02-18,FO,NSE,STF,67022,,TATAPOWER,,2026-04-28,2026-04-28,,,TATAPOWER26APRFUT,386.0,387.0,383.5,384.15,383.7,383.3,379.6,384.15,671350,30450,64,35715095.0,60,F1,1450,,,,,
2026-02-18,2026-02-18,FO,NSE,STO,161248,,TATAPOWER,,2026-02-24,2026-02-24,415.0,CE,TATAPOWER26FEB415CE,0.25,0.25,0.15,0.2,0.2,0.2,379.6,0.2,307400,-7250,40,24081455.0,22,F1,1450,,,,,
2026-02-18,2026-02-18,FO,NSE,STO,169392,,TATAPOWER,,2026-04-28,2026-04-28,430.0,CE,TATAPOWER26APR430CE,0.0,0.0,0.0,2.55,0.0,2.55,379.6,3.45,0,0,0,0.0,0,F1,1450,,,,,
2026-02-18,2026-02-18,FO,NSE,STO,169348,,TATAPOWER,,2026-04-28,2026-04-28,320.0,CE,TATAPOWER26APR320CE,0.0,0.0,0.0,40.3,0.0,40.3,379.6,63.7,0,0,0,0.0,0,F1,1450,,,,,
2026-02-18,2026-02-18,FO,NSE,STO,161323,,TATAPOWER,,2026-03-30,2026-03-30,300.0,PE,TATAPOWER26MAR300PE,0.0,0.0,0.0,0.5,0.5,0.5,379.6,0.05,2900,0,0,0.0,0,F1,1450,,,,,
2026-02-18,2026-02-18,FO,NSE,STO,140421,,TATAPOWER,,2026-02-24,2026-02-24,450.0,PE,TATAPOWER26FEB450PE,70.45,72.0,68.0,72.0,72.0,71.25,379.6,72.0,901900,-13050,22,16586985.0,12,F1,1450,,,,,
2026-02-18,2026-02-18,FO,NSE,STO,161216,,TATAPOWER,,2026-02-24,2026-02-24,362.5,CE,TATAPOWER26FEB362.5CE,18.25,19.1,16.8,16.85,16.85,16.9,379.6,17.85,329150,2900,47,25940572.5,47,F1,1450,,,,,
2026-02-18,2026-02-18,FO,NSE,STO,161232,,TATAPOWER,,2026-02-24,2026-02-24,387.5,CE,TATAPOWER26FEB387.5CE,2.1,2.5,1.3,1.55,1.5,2.05,379.6,1.55,334950,44950,584,329713905.0,459,F1,1450,,,,,
2026-02-18,2026-02-18,FO,NSE,STO,161242,,TATAPOWER,,2026-02-24,2026-02-24,405.0,CE,TATAPOWER26FEB405CE,0.45,0.5,0.3,0.35,0.3,0.5,379.6,0.35,279850,18850,101,59364885.0,66,F1,1450,,,,,
2026-02-18,2026-02-18,FO,NSE,STO,161244,,TATAPOWER,,2026-02-24,2026-02-24,407.5,CE,TATAPOWER26FEB407.5CE,0.0,0.0,0.0,0.4,0.4,0.4,379.6,0.05,13050,0,0,0.0,0,F1,1450,,,,,
2026-02-18,2026-02-18,FO,NSE,STO,161254,,TATAPOWER,,2026-02-24,2026-02-24,425.0,CE,TATAPOWER26FEB425CE,0.15,0.15,0.1,0.1,0.1,0.15,379.6,0.05,69600,-17400,27,16642955.0,24,F1,1450,,,,,
2026-02-18,2026-02-18,FO,NSE,STO,140393,,TATAPOWER,,2026-02-24,2026-02-24,430.0,CE,TATAPOWER26FEB430CE,0.1,0.1,0.05,0.05,0.05,0.1,379.6,0.05,594500,-5800,13,8106587.5,9,F1,1450,,,,,
2026-02-18,2026-02-18,FO,NSE,STO,161260,,TATAPOWER,,2026-02-24,2026-02-24,435.0,CE,TATAPOWER26FEB435CE,0.05,0.05,0.05,0.05,0.05,0.1,379.6,0.05,39150,-1450,1,630822.5,1,F1,1450,,,,,
2026-02-18,2026-02-18,FO,NSE,STO,161332,,TATAPOWER,,2026-03-30,2026-03-30,325.0,CE,TATAPOWER26MAR325CE,0.0,0.0,0.0,58.1,0.0,58.1,379.6,56.85,0,0,0,0.0,0,F1,1450,,,,,
2026-02-18,2026-02-18,FO,NSE,STO,169258,,TATAPOWER,,2026-03-30,2026-03-30,337.5,CE,TATAPOWER26MAR337.5CE,0.0,0.0,0.0,24.6,0.0,24.6,379.6,45.05,0,0,0,0.0,0,F1,1450,,,,,
2026-02-18,2026-02-18,FO,NSE,STO,169268,,TATAPOWER,,2026-03-30,2026-03-30,362.5,CE,TATAPOWER26MAR362.5CE,0.0,0.0,0.0,12.5,0.0,12.5,379.6,24.35,0,0,0,0.0,0,F1,1450,,,,,
2026-02-18,2026-02-18,FO,NSE,STO,169270,,TATAPOWER,,2026-03-30,2026-03-30,367.5,CE,TATAPOWER26MAR367.5CE,0.0,0.0,0.0,14.0,14.0,14.0,379.6,20.9,0,0,0,0.0,0,F1,1450,,,,,
2026-02-18,2026-02-18,FO,NSE,STO,161372,,TATAPOWER,,2026-03-30,2026-03-30,425.0,CE,TATAPOWER26MAR425CE,2.8,2.8,1.95,2.15,2.15,2.65,379.6,2.15,143550,81200,112,69395405.0,74,F1,1450,,,,,
2026-02-18,2026-02-18,FO,NSE,STO,169352,,TATAPOWER,,2026-04-28,2026-04-28,330.0,CE,TATAPOWER26APR330CE,0.0,0.0,0.0,33.5,0.0,33.5,379.6,54.55,0,0,0,0.0,0,F1,1450,,,,,
2026-02-18,2026-02-18,FO,NSE,STO,169354,,TATAPOWER,,2026-04-28,2026-04-28,335.0,CE,TATAPOWER26APR335CE,0.0,0.0,0.0,30.45,0.0,30.45,379.6,50.15,0,0,0,0.0,0,F1,1450,,,,,
2026-02-18,2026-02-18,FO,NSE,STO,161183,,TATAPOWER,,2026-02-24,2026-02-24,305.0,PE,TATAPOWER26FEB305PE,0.1,0.1,0.1,0.1,0.1,0.15,379.6,0.05,5800,-1450,1,442395.0,1,F1,1450,,,,,
2026-02-18,2026-02-18,FO,NSE,STO,161255,,TATAPOWER,,2026-02-24,2026-02-24,425.0,PE,TATAPOWER26FEB425PE,0.0,0.0,0.0,77.3,77.3,77.3,379.6,45.0,147900,0,0,0.0,0,F1,1450,,,,,
2026-02-18,2026-02-18,FO,NSE,STO,169371,,TATAPOWER,,2026-04-28,2026-04-28,375.0,PE,TATAPOWER26APR375PE,0.0,0.0,0.0,33.85,0.0,33.85,379.6,12.6,0,0,0,0.0,0,F1,1450,,,,,
2026-02-18,2026-02-18,FO,NSE,STO,169361,,TATAPOWER,,2026-04-28,2026-04-28,350.0,PE,TATAPOWER26APR350PE,0.0,0.0,0.0,19.15,0.0,19.15,379.6,4.55,0,0,0,0.0,0,F1,1450,,,,,
2026-02-18,2026-02-18,FO,NSE,STO,169357,,TATAPOWER,,2026-04-28,2026-04-28,340.0,PE,TATAPOWER26APR340PE,0.0,0.0,0.0,14.55,0.0,14.55,379.6,2.75,0,0,0,0.0,0,F1,1450,,,,,
2026-02-18,2026-02-18,FO,NSE,STO,161369,,TATAPOWER,,2026-03-30,2026-03-30,415.0,PE,TATAPOWER26MAR415PE,0.0,0.0,0.0,36.2,36.2,36.2,379.6,35.7,7250,0,0,0.0,0,F1,1450,,,,,
2026-02-18,2026-02-18,FO,NSE,STO,161365,,TATAPOWER,,2026-03-30,2026-03-30,405.0,PE,TATAPOWER26MAR405PE,0.0,0.0,0.0,27.5,27.5,27.5,379.6,27.65,2900,0,0,0.0,0,F1,1450,,,,,
2026-02-18,2026-02-18,FO,NSE,STO,161357,,TATAPOWER,,2026-03-30,2026-03-30,385.0,PE,TATAPOWER26MAR385PE,13.8,13.8,13.5,13.5,13.5,14.0,379.6,13.5,33350,1450,2,1156085.0,2,F1,1450,,,,,
2026-02-18,2026-02-18,FO,NSE,STO,161345,,TATAPOWER,,2026-03-30,2026-03-30,355.0,PE,TATAPOWER26MAR355PE,3.25,3.4,3.15,3.25,3.25,3.95,379.6,3.25,36250,2900,7,3636237.5,7,F1,1450,,,,,
2026-02-18,2026-02-18,FO,NSE,STO,140318,,TATAPOWER,,2026-02-24,2026-02-24,340.0,CE,TATAPOWER26FEB340CE,39.2,39.8,39.2,39.8,39.8,39.2,379.6,39.9,232000,-2900,2,1100550.0,2,F1,1450,,,,,
2026-02-18,2026-02-18,FO,NSE,STO,161228,,TATAPOWER,,2026-02-24,2026-02-24,382.5,CE,TATAPOWER26FEB382.5CE,4.0,4.2,2.35,2.85,2.55,3.45,379.6,2.85,548100,76850,1299,726815907.5,1137,F1,1450,,,,,
2026-02-18,2026-02-18,FO,NSE,STO,161328,,TATAPOWER,,2026-03-30,2026-03-30,315.0,CE,TATAPOWER26MAR315CE,69.6,69.6,69.6,69.6,69.6,66.0,379.6,66.6,91350,1450,1,557670.0,1,F1,1450,,,,,
2026-02-18,2026-02-18,FO,NSE,STO,169260,,TATAPOWER,,2026-03-30,2026-03-30,342.5,CE,TATAPOWER26MAR342.5CE,0.0,0.0,0.0,21.75,0.0,21.75,379.6,40.55,0,0,0,0.0,0,F1,1450,,,,,
2026-02-18,2026-02-18,FO,NSE,STO,169264,,TATAPOWER,,2026-03-30,2026-03-30,352.5,CE,TATAPOWER26MAR352.5CE,0.0,0.0,0.0,16.65,0.0,16.65,379.6,32.0,0,0,0,0.0,0,F1,1450,,,,,
2026-02-18,2026-02-18,FO,NSE,STO,161223,,TATAPOWER,,2026-02-24,2026-02-24,372.5,PE,TATAPOWER26FEB372.5PE,1.9,2.1,1.15,1.55,1.75,2.35,379.6,1.55,546650,36250,465,252243015.0,394,F1,1450,,,,,
2026-02-18,2026-02-18,FO,NSE,STO,169272,,TATAPOWER,,2026-03-30,2026-03-30,372.5,CE,TATAPOWER26MAR372.5CE,0.0,0.0,0.0,18.7,18.7,18.7,379.6,17.75,7250,0,0,0.0,0,F1,1450,,,,,
2026-02-18,2026-02-18,FO,NSE,STO,140316,,TATAPOWER,,2026-02-24,2026-02-24,330.0,CE,TATAPOWER26FEB330CE,0.0,0.0,0.0,50.0,50.0,50.0,379.6,49.9,68150,0,0,0.0,0,F1,1450,,,,,
2026-02-18,2026-02-18,FO,NSE,STO,161364,,TATAPOWER,,2026-03-30,2026-03-30,405.0,CE,TATAPOWER26MAR405CE,0.0,0.0,0.0,12.75,0.0,12.75,379.6,4.7,0,0,0,0.0,0,F1,1450,,,,,
2026-02-18,2026-02-18,FO,NSE,STO,161368,,TATAPOWER,,2026-03-30,2026-03-30,415.0,CE,TATAPOWER26MAR415CE,3.95,3.95,3.0,3.1,3.1,3.8,379.6,3.1,107300,8700,15,9101650.0,10,F1,1450,,,,,
2026-02-18,2026-02-18,FO,NSE,STO,169366,,TATAPOWER,,2026-04-28,2026-04-28,365.0,CE,TATAPOWER26APR365CE,0.0,0.0,0.0,15.8,0.0,15.8,379.6,27.1,0,0,0,0.0,0,F1,1450,,,,,
2026-02-18,2026-02-18,FO,NSE,STO,140313,,TATAPOWER,,2026-02-24,2026-02-24,310.0,PE,TATAPOWER26FEB310PE,0.1,0.1,0.05,0.05,0.05,0.1,379.6,0.05,117450,-13050,18,8092957.5,11,F1,1450,,,,,
2026-02-18,2026-02-18,FO,NSE,STO,161197,,TATAPOWER,,2026-02-24,2026-02-24,327.5,PE,TATAPOWER26FEB327.5PE,0.0,0.0,0.0,0.6,0.6,0.6,379.6,0.05,2900,0,0,0.0,0,F1,1450,,,,,
2026-02-18,2026-02-18,FO,NSE,STO,140374,,TATAPOWER,,2026-02-24,2026-02-24,340.0,PE,TATAPOWER26FEB340PE,0.4,0.4,0.2,0.25,0.25,0.4,379.6,0.25,1927050,-49300,285,140614837.5,91,F1,1450,,,,,
2026-02-18,2026-02-18,FO,NSE,STO,161207,,TATAPOWER,,2026-02-24,2026-02-24,345.0,PE,TATAPOWER26FEB345PE,0.4,0.4,0.25,0.3,0.3,0.4,379.6,0.3,366850,2900,82,41053560.0,48,F1,1450,,,,,
2026-02-18,2026-02-18,FO,NSE,STO,161217,,TATAPOWER,,2026-02-24,2026-02-24,362.5,PE,TATAPOWER26FEB362.5PE,0.7,0.7,0.45,0.55,0.55,0.8,379.6,0.55,356700,23200,61,32117645.0,47,F1,1450,,,,,
2026-02-18,2026-02-18,FO,NSE,STO,161337,,TATAPOWER,,2026-03-30,2026-03-30,335.0,PE,TATAPOWER26MAR335PE,1.25,1.25,1.25,1.25,1.25,1.4,379.6,0.75,24650,-2900,3,1462687.5,3,F1,1450,,,,,
2026-02-18,2026-02-18,FO,NSE,STO,140383,,TATAPOWER,,2026-02-24,2026-02-24,380.0,CE,TATAPOWER26FEB380CE,4.65,5.8,3.2,3.85,3.55,4.45,379.6,3.85,3353850,-424850,4466,2488772822.5,3356,F1,1450,,,,,
2026-02-18,2026-02-18,FO,NSE,STO,169267,,TATAPOWER,,2026-03-30,2026-03-30,357.5,PE,TATAPOWER26MAR357.5PE,0.0,0.0,0.0,20.5,0.0,20.5,379.6,3.8,0,0,0,0.0,0,F1,1450,,,,,
2026-02-18,2026-02-18,FO,NSE,STO,169289,,TATAPOWER,,2026-03-30,2026-03-30,412.5,PE,TATAPOWER26MAR412.5PE,0.0,0.0,0.0,62.6,0.0,62.6,379.6,33.65,0,0,0,0.0,0,F1,1450,,,,,
2026-02-18,2026-02-18,FO,NSE,STO,161375,,TATAPOWER,,2026-03-30,2026-03-30,430.0,PE,TATAPOWER26MAR430PE,48.0,48.8,46.9,48.4,48.4,49.4,379.6,49.0,191400,15950,11,7621055.0,11,F1,1450,,,,,
2026-02-18,2026-02-18,FO,NSE,STO,169365,,TATAPOWER,,2026-04-28,2026-04-28,360.0,PE,TATAPOWER26APR360PE,0.0,0.0,0.0,24.5,0.0,24.5,379.6,7.1,0,0,0,0.0,0,F1,1450,,,,,
2026-02-18,2026-02-18,FO,NSE,STO,169375,,TATAPOWER,,2026-04-28,2026-04-28,385.0,PE,TATAPOWER26APR385PE,0.0,0.0,0.0,40.9,0.0,40.9,379.6,17.4,0,0,0,0.0,0,F1,1450,,,,,
2026-02-18,2026-02-18,FO,NSE,STO,169389,,TATAPOWER,,2026-04-28,2026-04-28,420.0,PE,TATAPOWER26APR420PE,0.0,0.0,0.0,69.3,0.0,69.3,379.6,41.1,0,0,0,0.0,0,F1,1450,,,,,
2026-02-18,2026-02-18,FO,NSE,STO,161198,,TATAPOWER,,2026-02-24,2026-02-24,332.5,CE,TATAPOWER26FEB332.5CE,0.0,0.0,0.0,47.85,0.0,47.85,379.6,47.4,0,0,0,0.0,0,F1,1450,,,,,
2026-02-18,2026-02-18,FO,NSE,STO,169381,,TATAPOWER,,2026-04-28,2026-04-28,400.0,PE,TATAPOWER26APR400PE,0.0,0.0,0.0,52.45,0.0,52.45,379.6,26.4,0,0,0,0.0,0,F1,1450,,,,,
2026-02-18,2026-02-18,FO,NSE,STO,161325,,TATAPOWER,,2026-03-30,2026-03-30,305.0,PE,TATAPOWER26MAR305PE,0.0,0.0,0.0,0.55,0.55,0.55,379.6,0.05,0,0,0,0.0,0,F1,1450,,,,,
2026-02-18,2026-02-18,FO,NSE,STO,140396,,TATAPOWER,,2026-02-24,2026-02-24,440.0,PE,TATAPOWER26FEB440PE,59.3,60.75,59.3,59.95,59.95,60.25,379.6,59.95,1242650,0,12,8699130.0,6,F1,1450,,,,,
2026-02-18,2026-02-18,FO,NSE,STO,161233,,TATAPOWER,,2026-02-24,2026-02-24,387.5,PE,TATAPOWER26FEB387.5PE,0.0,0.0,0.0,10.6,11.15,10.6,379.6,9.65,134850,0,0,0.0,0,F1,1450,,,,,
2026-02-18,2026-02-18,FO,NSE,STO,140384,,TATAPOWER,,2026-02-24,2026-02-24,380.0,PE,TATAPOWER26FEB380PE,5.0,5.35,3.05,4.3,4.75,5.45,379.6,4.3,1625450,-246500,2607,1452060087.5,2100,F1,1450,,,,,
2026-02-18,2026-02-18,FO,NSE,STO,161203,,TATAPOWER,,2026-02-24,2026-02-24,337.5,PE,TATAPOWER26FEB337.5PE,0.2,0.2,0.2,0.2,0.2,0.45,379.6,0.05,56550,-1450,1,489665.0,1,F1,1450,,,,,
2026-02-18,2026-02-18,FO,NSE,STO,140317,,TATAPOWER,,2026-02-24,2026-02-24,330.0,PE,TATAPOWER26FEB330PE,0.25,0.25,0.15,0.15,0.15,0.25,379.6,0.15,282750,-63800,89,42608902.5,46,F1,1450,,,,,
2026-02-18,2026-02-18,FO,NSE,STO,140395,,TATAPOWER,,2026-02-24,2026-02-24,440.0,CE,TATAPOWER26FEB440CE,0.05,0.1,0.05,0.05,0.05,0.05,379.6,0.05,723550,-2900,49,31265625.0,19,F1,1450,,,,,
2026-02-18,2026-02-18,FO,NSE,STO,140391,,TATAPOWER,,2026-02-24,2026-02-24,420.0,CE,TATAPOWER26FEB420CE,0.15,0.25,0.1,0.15,0.15,0.15,379.6,0.15,881600,-300150,869,529458437.5,513,F1,1450,,,,,
2026-02-18,2026-02-18,FO,NSE,STO,161246,,TATAPOWER,,2026-02-24,2026-02-24,412.5,CE,TATAPOWER26FEB412.5CE,0.0,0.0,0.0,6.1,0.0,6.1,379.6,0.05,0,0,0,0.0,0,F1,1450,,,,,
2026-02-18,2026-02-18,FO,NSE,STO,161220,,TATAPOWER,,2026-02-24,2026-02-24,367.5,CE,TATAPOWER26FEB367.5CE,14.5,15.25,12.0,13.05,13.05,12.25,379.6,13.05,265350,-10150,44,24305552.5,44,F1,1450,,,,,
2026-02-18,2026-02-18,FO,NSE,STO,161200,,TATAPOWER,,2026-02-24,2026-02-24,335.0,CE,TATAPOWER26FEB335CE,0.0,0.0,0.0,23.85,24.0,23.85,379.6,44.9,17400,0,0,0.0,0,F1,1450,,,,,
2026-02-18,2026-02-18,FO,NSE,STF,59483,,TATAPOWER,,2026-02-24,2026-02-24,,,TATAPOWER26FEBFUT,380.5,382.45,378.05,379.5,378.3,378.8,379.6,379.5,48863550,-3500300,5017,2765801195.0,4239,F1,1450,,,,,
2026-02-18,2026-02-18,FO,NSE,STO,169351,,TATAPOWER,,2026-04-28,2026-04-28,325.0,PE,TATAPOWER26APR325PE,0.0,0.0,0.0,9.05,0.0,9.05,379.6,1.1,0,0,0,0.0,0,F1,1450,,,,,
2026-02-18,2026-02-18,FO,NSE,STO,169259,,TATAPOWER,,2026-03-30,2026-03-30,337.5,PE,TATAPOWER26MAR337.5PE,0.0,0.0,0.0,10.8,0.0,10.8,379.6,0.95,0,0,0,0.0,0,F1,1450,,,,,
2026-02-18,2026-02-18,FO,NSE,STO,161339,,TATAPOWER,,2026-03-30,2026-03-30,340.0,PE,TATAPOWER26MAR340PE,1.8,1.8,1.5,1.6,1.6,1.95,379.6,1.15,143550,-4350,62,30709912.5,56,F1,1450,,,,,
2026-02-18,2026-02-18,FO,NSE,STO,169377,,TATAPOWER,,2026-04-28,2026-04-28,390.0,PE,TATAPOWER26APR390PE,0.0,0.0,0.0,44.65,0.0,44.65,379.6,20.2,0,0,0,0.0,0,F1,1450,,,,,
2026-02-18,2026-02-18,FO,NSE,STO,161212,,TATAPOWER,,2026-02-24,2026-02-24,355.0,CE,TATAPOWER26FEB355CE,25.6,27.2,23.55,25.2,25.05,29.2,379.6,25.2,925100,-4350,17,9372075.0,17,F1,1450,,,,,
2026-02-18,2026-02-18,FO,NSE,STO,140375,,TATAPOWER,,2026-02-24,2026-02-24,350.0,CE,TATAPOWER26FEB350CE,30.55,32.2,28.65,30.0,29.75,29.6,379.6,30.0,1699400,-76850,91,50116495.0,76,F1,1450,,,,,
2026-02-18,2026-02-18,FO,NSE,STO,161194,,TATAPOWER,,2026-02-24,2026-02-24,325.0,CE,TATAPOWER26FEB325CE,0.0,0.0,0.0,27.35,27.35,27.35,379.6,54.9,17400,0,0,0.0,0,F1,1450,,,,,
2026-02-18,2026-02-18,FO,NSE,STO,161227,,TATAPOWER,,2026-02-24,2026-02-24,377.5,PE,TATAPOWER26FEB377.5PE,3.7,3.95,2.2,3.1,3.55,3.95,379.6,3.1,474150,87000,1188,655544855.0,994,F1,1450,,,,,
2026-02-18,2026-02-18,FO,NSE,STO,161235,,TATAPOWER,,2026-02-24,2026-02-24,392.5,PE,TATAPOWER26FEB392.5PE,13.8,14.9,11.85,12.75,12.75,22.25,379.6,13.6,37700,10150,25,14716557.5,23,F1,1450,,,,,
2026-02-18,2026-02-18,FO,NSE,STO,140388,,TATAPOWER,,2026-02-24,2026-02-24,400.0,PE,TATAPOWER26FEB400PE,20.75,21.6,18.5,20.55,20.95,21.95,379.6,20.55,916400,-282750,241,146544902.5,104,F1,1450,,,,,
2026-02-18,2026-02-18,FO,NSE,STO,161245,,TATAPOWER,,2026-02-24,2026-02-24,407.5,PE,TATAPOWER26FEB407.5PE,0.0,0.0,0.0,36.6,0.0,36.6,379.6,27.6,0,0,0,0.0,0,F1,1450,,,,,
2026-02-18,2026-02-18,FO,NSE,STO,140392,,TATAPOWER,,2026-02-24,2026-02-24,420.0,PE,TATAPOWER26FEB420PE,39.0,41.75,39.0,40.6,40.85,41.7,379.6,40.6,452400,-810550,695,463351777.5,409,F1,1450,,,,,
2026-02-18,2026-02-18,FO,NSE,STO,161351,,TATAPOWER,,2026-03-30,2026-03-30,370.0,PE,TATAPOWER26MAR370PE,7.2,7.25,6.05,6.6,6.9,7.75,379.6,6.6,461100,81200,195,106544115.0,95,F1,1450,,,,,
2026-02-18,2026-02-18,FO,NSE,STO,169283,,TATAPOWER,,2026-03-30,2026-03-30,397.5,PE,TATAPOWER26MAR397.5PE,0.0,0.0,0.0,49.45,0.0,49.45,379.6,22.15,0,0,0,0.0,0,F1,1450,,,,,
2026-02-18,2026-02-18,FO,NSE,STO,169287,,TATAPOWER,,2026-03-30,2026-03-30,407.5,PE,TATAPOWER26MAR407.5PE,0.0,0.0,0.0,58.1,0.0,58.1,379.6,29.6,0,0,0,0.0,0,F1,1450,,,,,
2026-02-18,2026-02-18,FO,NSE,STO,169397,,TATAPOWER,,2026-04-28,2026-04-28,440.0,PE,TATAPOWER26APR440PE,0.0,0.0,0.0,87.35,0.0,87.35,379.6,58.15,0,0,0,0.0,0,F1,1450,,,,,
2026-02-18,2026-02-18,FO,NSE,STO,161219,,TATAPOWER,,2026-02-24,2026-02-24,365.0,PE,TATAPOWER26FEB365PE,0.9,0.9,0.55,0.7,0.75,1.05,379.6,0.7,1361550,-192850,357,189277997.5,200,F1,1450,,,,,
2026-02-18,2026-02-18,FO,NSE,STO,140376,,TATAPOWER,,2026-02-24,2026-02-24,350.0,PE,TATAPOWER26FEB350PE,0.5,0.5,0.25,0.35,0.4,0.5,379.6,0.35,3619200,266800,1046,531360402.5,349,F1,1450,,,,,
2026-02-18,2026-02-18,FO,NSE,STO,161376,,TATAPOWER,,2026-03-30,2026-03-30,435.0,CE,TATAPOWER26MAR435CE,1.85,1.85,1.55,1.55,1.55,5.95,379.6,1.55,1450,1450,2,1266430.0,2,F1,1450,,,,,
2026-02-18,2026-02-18,FO,NSE,STO,161350,,TATAPOWER,,2026-03-30,2026-03-30,370.0,CE,TATAPOWER26MAR370CE,20.35,21.4,18.9,21.05,21.05,19.5,379.6,19.3,220400,-2900,18,10188280.0,18,F1,1450,,,,,
2026-02-18,2026-02-18,FO,NSE,STO,161344,,TATAPOWER,,2026-03-30,2026-03-30,355.0,CE,TATAPOWER26MAR355CE,0.0,0.0,0.0,28.0,28.0,28.0,379.6,30.0,7250,0,0,0.0,0,F1,1450,,,,,
2026-02-18,2026-02-18,FO,NSE,STO,161334,,TATAPOWER,,2026-03-30,2026-03-30,330.0,CE,TATAPOWER26MAR330CE,54.5,54.5,54.1,54.1,54.1,53.25,379.6,52.05,13050,10150,9,5017145.0,3,F1,1450,,,,,
2026-02-18,2026-02-18,FO,NSE,STO,161352,,TATAPOWER,,2026-03-30,2026-03-30,375.0,CE,TATAPOWER26MAR375CE,17.55,17.55,15.5,15.5,15.5,16.3,379.6,15.5,68150,8700,21,11917550.0,19,F1,1450,,,,,
2026-02-18,2026-02-18,FO,NSE,STO,161346,,TATAPOWER,,2026-03-30,2026-03-30,360.0,CE,TATAPOWER26MAR360CE,0.0,0.0,0.0,27.0,27.0,27.0,379.6,26.15,69600,0,0,0.0,0,F1,1450,,,,,
2026-02-18,2026-02-18,FO,NSE,STO,161234,,TATAPOWER,,2026-02-24,2026-02-24,392.5,CE,TATAPOWER26FEB392.5CE,1.65,1.75,0.8,0.9,0.9,1.3,379.6,0.9,527800,2900,193,110159182.5,162,F1,1450,,,,,
2026-02-18,2026-02-18,FO,NSE,STO,161226,,TATAPOWER,,2026-02-24,2026-02-24,377.5,CE,TATAPOWER26FEB377.5CE,6.8,7.25,4.35,5.1,4.55,5.55,379.6,5.1,319000,-49300,517,287251017.5,443,F1,1450,,,,,
2026-02-18,2026-02-18,FO,NSE,STO,161182,,TATAPOWER,,2026-02-24,2026-02-24,305.0,CE,TATAPOWER26FEB305CE,0.0,0.0,0.0,72.7,0.0,72.7,379.6,74.9,0,0,0,0.0,0,F1,1450,,,,,
2026-02-18,2026-02-18,FO,NSE,STO,161214,,TATAPOWER,,2026-02-24,2026-02-24,357.5,CE,TATAPOWER26FEB357.5CE,22.25,25.25,22.25,23.6,23.6,25.9,379.6,22.55,131950,-11600,15,8300307.5,14,F1,1450,,,,,
2026-02-18,2026-02-18,FO,NSE,STO,161224,,TATAPOWER,,2026-02-24,2026-02-24,375.0,CE,TATAPOWER26FEB375CE,8.35,8.8,5.85,6.7,6.5,7.0,379.6,6.7,1283250,-108750,571,316672967.5,485,F1,1450,,,,,
2026-02-18,2026-02-18,FO,NSE,STO,169355,,TATAPOWER,,2026-04-28,2026-04-28,335.0,PE,TATAPOWER26APR335PE,0.0,0.0,0.0,12.55,0.0,12.55,379.6,2.05,0,0,0,0.0,0,F1,1450,,,,,
2026-02-18,2026-02-18,FO,NSE,STO,169341,,TATAPOWER,,2026-04-28,2026-04-28,300.0,PE,TATAPOWER26APR300PE,0.0,0.0,0.0,3.4,0.0,3.4,379.6,0.15,0,0,0,0.0,0,F1,1450,,,,,
2026-02-18,2026-02-18,FO,NSE,STO,140390,,TATAPOWER,,2026-02-24,2026-02-24,410.0,PE,TATAPOWER26FEB410PE,28.8,31.35,28.0,31.35,31.35,30.7,379.6,30.05,597400,-5800,10,6368110.0,10,F1,1450,,,,,
2026-02-18,2026-02-18,FO,NSE,STO,161199,,TATAPOWER,,2026-02-24,2026-02-24,332.5,PE,TATAPOWER26FEB332.5PE,0.0,0.0,0.0,1.4,1.4,1.4,379.6,0.05,11600,0,0,0.0,0,F1,1450,,,,,
2026-02-18,2026-02-18,FO,NSE,STO,140311,,TATAPOWER,,2026-02-24,2026-02-24,300.0,PE,TATAPOWER26FEB300PE,0.15,0.15,0.05,0.1,0.1,0.15,379.6,0.1,237800,-163850,138,60048850.0,32,F1,1450,,,,,
2026-02-18,2026-02-18,FO,NSE,STO,169374,,TATAPOWER,,2026-04-28,2026-04-28,385.0,CE,TATAPOWER26APR385CE,0.0,0.0,0.0,9.55,0.0,9.55,379.6,16.0,0,0,0,0.0,0,F1,1450,,,,,
2026-02-18,2026-02-18,FO,NSE,STO,169286,,TATAPOWER,,2026-03-30,2026-03-30,407.5,CE,TATAPOWER26MAR407.5CE,0.0,0.0,0.0,2.65,0.0,2.65,379.6,4.15,0,0,0,0.0,0,F1,1450,,,,,
2026-02-18,2026-02-18,FO,NSE,STO,169276,,TATAPOWER,,2026-03-30,2026-03-30,382.5,CE,TATAPOWER26MAR382.5CE,0.0,0.0,0.0,10.8,10.8,10.8,379.6,12.4,2900,0,0,0.0,0,F1,1450,,,,,
2026-02-18,2026-02-18,FO,NSE,STO,169274,,TATAPOWER,,2026-03-30,2026-03-30,377.5,CE,TATAPOWER26MAR377.5CE,15.9,16.1,13.85,13.85,13.85,14.5,379.6,13.85,17400,7250,14,7975145.0,12,F1,1450,,,,,
2026-02-18,2026-02-18,FO,NSE,STO,161322,,TATAPOWER,,2026-03-30,2026-03-30,300.0,CE,TATAPOWER26MAR300CE,0.0,0.0,0.0,80.0,0.0,80.0,379.6,81.4,0,0,0,0.0,0,F1,1450,,,,,
2026-02-18,2026-02-18,FO,NSE,STO,161324,,TATAPOWER,,2026-03-30,2026-03-30,305.0,CE,TATAPOWER26MAR305CE,0.0,0.0,0.0,75.45,0.0,75.45,379.6,76.45,0,0,0,0.0,0,F1,1450,,,,,
2026-02-18,2026-02-18,FO,NSE,STO,161330,,TATAPOWER,,2026-03-30,2026-03-30,320.0,CE,TATAPOWER26MAR320CE,0.0,0.0,0.0,51.0,51.0,51.0,379.6,61.7,13050,0,0,0.0,0,F1,1450,,,,,
2026-02-18,2026-02-18,FO,NSE,STO,161336,,TATAPOWER,,2026-03-30,2026-03-30,335.0,CE,TATAPOWER26MAR335CE,0.0,0.0,0.0,50.15,0.0,50.15,379.6,47.35,0,0,0,0.0,0,F1,1450,,,,,
2026-02-18,2026-02-18,FO,NSE,STO,161370,,TATAPOWER,,2026-03-30,2026-03-30,420.0,CE,TATAPOWER26MAR420CE,3.45,3.5,2.3,2.6,2.6,3.3,379.6,2.6,4103500,1051250,1582,969847145.0,1343,F1,1450,,,,,
2026-02-18,2026-02-18,FO,NSE,STO,161204,,TATAPOWER,,2026-02-24,2026-02-24,342.5,CE,TATAPOWER26FEB342.5CE,0.0,0.0,0.0,22.65,22.65,22.65,379.6,37.4,56550,0,0,0.0,0,F1,1450,,,,,
2026-02-18,2026-02-18,FO,NSE,STO,161202,,TATAPOWER,,2026-02-24,2026-02-24,337.5,CE,TATAPOWER26FEB337.5CE,0.0,0.0,0.0,43.75,0.0,43.75,379.6,42.4,0,0,0,0.0,0,F1,1450,,,,,
2026-02-18,2026-02-18,FO,NSE,STO,169385,,TATAPOWER,,2026-04-28,2026-04-28,410.0,PE,TATAPOWER26APR410PE,0.0,0.0,0.0,60.7,0.0,60.7,379.6,33.4,0,0,0,0.0,0,F1,1450,,,,,
2026-02-18,2026-02-18,FO,NSE,STO,169345,,TATAPOWER,,2026-04-28,2026-04-28,310.0,PE,TATAPOWER26APR310PE,0.0,0.0,0.0,5.2,0.0,5.2,379.6,0.4,0,0,0,0.0,0,F1,1450,,,,,
2026-02-18,2026-02-18,FO,NSE,STO,169257,,TATAPOWER,,2026-03-30,2026-03-30,332.5,PE,TATAPOWER26MAR332.5PE,0.0,0.0,0.0,9.0,0.0,9.0,379.6,0.6,0,0,0,0.0,0,F1,1450,,,,,
2026-02-18,2026-02-18,FO,NSE,STO,169269,,TATAPOWER,,2026-03-30,2026-03-30,362.5,PE,TATAPOWER26MAR362.5PE,0.0,0.0,0.0,23.45,0.0,23.45,379.6,5.05,0,0,0,0.0,0,F1,1450,,,,,
2026-02-18,2026-02-18,FO,NSE,STO,161238,,TATAPOWER,,2026-02-24,2026-02-24,397.5,CE,TATAPOWER26FEB397.5CE,0.8,0.95,0.5,0.55,0.55,0.85,379.6,0.45,504600,-8700,68,39256140.0,55,F1,1450,,,,,
2026-02-18,2026-02-18,FO,NSE,STO,161236,,TATAPOWER,,2026-02-24,2026-02-24,395.0,CE,TATAPOWER26FEB395CE,1.1,1.15,0.6,0.7,0.65,1.05,379.6,0.7,1022250,-159500,438,251387950.0,270,F1,1450,,,,,
2026-02-18,2026-02-18,FO,NSE,STO,169378,,TATAPOWER,,2026-04-28,2026-04-28,395.0,CE,TATAPOWER26APR395CE,0.0,0.0,0.0,7.3,0.0,7.3,379.6,11.85,0,0,0,0.0,0,F1,1450,,,,,
2026-02-18,2026-02-18,FO,NSE,STO,140309,,TATAPOWER,,2026-02-24,2026-02-24,290.0,PE,TATAPOWER26FEB290PE,0.0,0.0,0.0,0.1,0.1,0.1,379.6,0.05,350900,0,0,0.0,0,F1,1450,,,,,
2026-02-18,2026-02-18,FO,NSE,STO,161209,,TATAPOWER,,2026-02-24,2026-02-24,347.5,PE,TATAPOWER26FEB347.5PE,0.15,0.3,0.15,0.3,0.3,0.5,379.6,0.3,210250,-2900,4,2016950.0,4,F1,1450,,,,,
2026-02-18,2026-02-18,FO,NSE,STO,140382,,TATAPOWER,,2026-02-24,2026-02-24,370.0,PE,TATAPOWER26FEB370PE,1.25,1.55,0.85,1.2,1.3,1.75,379.6,1.2,1857450,75400,1225,659300645.0,905,F1,1450,,,,,
2026-02-18,2026-02-18,FO,NSE,STO,161231,,TATAPOWER,,2026-02-24,2026-02-24,385.0,PE,TATAPOWER26FEB385PE,7.35,8.35,5.75,7.5,7.9,8.95,379.6,7.5,387150,4350,154,87524030.0,153,F1,1450,,,,,
2026-02-18,2026-02-18,FO,NSE,STO,169263,,TATAPOWER,,2026-03-30,2026-03-30,347.5,PE,TATAPOWER26MAR347.5PE,0.0,0.0,0.0,15.2,0.0,15.2,379.6,2.0,0,0,0,0.0,0,F1,1450,,,,,
2026-02-18,2026-02-18,FO,NSE,STO,169281,,TATAPOWER,,2026-03-30,2026-03-30,392.5,PE,TATAPOWER26MAR392.5PE,0.0,0.0,0.0,45.3,0.0,45.3,379.6,18.8,0,0,0,0.0,0,F1,1450,,,,,
2026-02-18,2026-02-18,FO,NSE,STO,161371,,TATAPOWER,,2026-03-30,2026-03-30,420.0,PE,TATAPOWER26MAR420PE,38.5,40.5,38.25,39.75,39.75,41.6,379.6,40.0,1016450,968600,684,454968167.5,426,F1,1450,,,,,
2026-02-18,2026-02-18,FO,NSE,STO,161225,,TATAPOWER,,2026-02-24,2026-02-24,375.0,PE,TATAPOWER26FEB375PE,2.6,2.8,1.5,2.05,2.5,2.9,379.6,2.05,1374600,29000,1610,880186250.0,1065,F1,1450,,,,,
2026-02-18,2026-02-18,FO,NSE,STO,161243,,TATAPOWER,,2026-02-24,2026-02-24,405.0,PE,TATAPOWER26FEB405PE,0.0,0.0,0.0,22.35,22.35,22.35,379.6,25.15,14500,0,0,0.0,0,F1,1450,,,,,
2026-02-18,2026-02-18,FO,NSE,STO,161210,,TATAPOWER,,2026-02-24,2026-02-24,352.5,CE,TATAPOWER26FEB352.5CE,27.7,27.7,27.7,27.7,27.7,25.3,379.6,27.7,200100,-2900,2,1102580.0,2,F1,1450,,,,,
2026-02-18,2026-02-18,FO,NSE,STO,161206,,TATAPOWER,,2026-02-24,2026-02-24,345.0,CE,TATAPOWER26FEB345CE,0.0,0.0,0.0,38.25,38.25,38.25,379.6,34.9,366850,0,0,0.0,0,F1,1450,,,,,
2026-02-18,2026-02-18,FO,NSE,STO,161192,,TATAPOWER,,2026-02-24,2026-02-24,322.5,CE,TATAPOWER26FEB322.5CE,0.0,0.0,0.0,27.85,27.85,27.85,379.6,57.4,2900,0,0,0.0,0,F1,1450,,,,,
2026-02-18,2026-02-18,FO,NSE,STF,52051,,TATAPOWER,,2026-03-30,2026-03-30,,,TATAPOWER26MARFUT,380.0,384.75,380.0,381.95,381.0,381.25,379.6,381.95,9749800,3687350,3916,2172724660.0,3215,F1,1450,,,,,
2026-02-18,2026-02-18,FO,NSE,STO,161327,,TATAPOWER,,2026-03-30,2026-03-30,310.0,PE,TATAPOWER26MAR310PE,0.6,0.6,0.6,0.6,0.6,0.75,379.6,0.05,7250,1450,1,450370.0,1,F1,1450,,,,,
2026-02-18,2026-02-18,FO,NSE,STO,161341,,TATAPOWER,,2026-03-30,2026-03-30,345.0,PE,TATAPOWER26MAR345PE,2.1,2.1,1.95,2.1,2.1,2.3,379.6,2.1,65250,-15950,15,7547395.0,15,F1,1450,,,,,
2026-02-18,2026-02-18,FO,NSE,STO,161343,,TATAPOWER,,2026-03-30,2026-03-30,350.0,PE,TATAPOWER26MAR350PE,2.85,2.85,2.3,2.55,2.55,3.1,379.6,2.55,379900,47850,394,201387745.0,189,F1,1450,,,,,
2026-02-18,2026-02-18,FO,NSE,STO,169367,,TATAPOWER,,2026-04-28,2026-04-28,365.0,PE,TATAPOWER26APR365PE,0.0,0.0,0.0,27.45,0.0,27.45,379.6,8.7,0,0,0,0.0,0,F1,1450,,,,,
2026-02-18,2026-02-18,FO,NSE,STO,169337,,TATAPOWER,,2026-04-28,2026-04-28,290.0,PE,TATAPOWER26APR290PE,0.0,0.0,0.0,2.1,0.0,2.1,379.6,0.05,0,0,0,0.0,0,F1,1450,,,,,
2026-02-18,2026-02-18,FO,NSE,STO,169373,,TATAPOWER,,2026-04-28,2026-04-28,380.0,PE,TATAPOWER26APR380PE,0.0,0.0,0.0,37.3,0.0,37.3,379.6,14.9,0,0,0,0.0,0,F1,1450,,,,,
2026-02-18,2026-02-18,FO,NSE,STO,169393,,TATAPOWER,,2026-04-28,2026-04-28,430.0,PE,TATAPOWER26APR430PE,0.0,0.0,0.0,78.25,0.0,78.25,379.6,49.4,0,0,0,0.0,0,F1,1450,,,,,
2026-02-18,2026-02-18,FO,NSE,STO,140389,,TATAPOWER,,2026-02-24,2026-02-24,410.0,CE,TATAPOWER26FEB410CE,0.3,0.3,0.15,0.25,0.25,0.35,379.6,0.25,999050,84100,519,308728417.5,201,F1,1450,,,,,
2026-02-18,2026-02-18,FO,NSE,STO,140397,,TATAPOWER,,2026-02-24,2026-02-24,450.0,CE,TATAPOWER26FEB450CE,0.05,0.1,0.05,0.1,0.1,0.05,379.6,0.05,825050,-2900,3,1957862.5,3,F1,1450,,,,,
2026-02-18,2026-02-18,FO,NSE,STO,161326,,TATAPOWER,,2026-03-30,2026-03-30,310.0,CE,TATAPOWER26MAR310CE,74.2,74.2,71.4,71.9,72.0,71.2,379.6,71.9,33350,11600,8,4442800.0,6,F1,1450,,,,,
2026-02-18,2026-02-18,FO,NSE,STO,169358,,TATAPOWER,,2026-04-28,2026-04-28,345.0,CE,TATAPOWER26APR345CE,0.0,0.0,0.0,24.8,0.0,24.8,379.6,41.7,0,0,0,0.0,0,F1,1450,,,,,
2026-02-18,2026-02-18,FO,NSE,STO,169350,,TATAPOWER,,2026-04-28,2026-04-28,325.0,CE,TATAPOWER26APR325CE,0.0,0.0,0.0,36.8,0.0,36.8,379.6,59.1,0,0,0,0.0,0,F1,1450,,,,,
2026-02-18,2026-02-18,FO,NSE,STO,169340,,TATAPOWER,,2026-04-28,2026-04-28,300.0,CE,TATAPOWER26APR300CE,0.0,0.0,0.0,55.75,0.0,55.75,379.6,82.85,0,0,0,0.0,0,F1,1450,,,,,
2026-02-18,2026-02-18,FO,NSE,STO,161354,,TATAPOWER,,2026-03-30,2026-03-30,380.0,CE,TATAPOWER26MAR380CE,14.45,14.85,12.2,13.15,12.6,13.75,379.6,13.15,649600,158050,326,186085170.0,295,F1,1450,,,,,
2026-02-18,2026-02-18,FO,NSE,STO,161340,,TATAPOWER,,2026-03-30,2026-03-30,345.0,CE,TATAPOWER26MAR345CE,0.0,0.0,0.0,42.75,0.0,42.75,379.6,38.35,0,0,0,0.0,0,F1,1450,,,,,
2026-02-18,2026-02-18,FO,NSE,STO,169376,,TATAPOWER,,2026-04-28,2026-04-28,390.0,CE,TATAPOWER26APR390CE,0.0,0.0,0.0,8.35,0.0,8.35,379.6,13.8,0,0,0,0.0,0,F1,1450,,,,,
2026-02-18,2026-02-18,FO,NSE,STO,169368,,TATAPOWER,,2026-04-28,2026-04-28,370.0,CE,TATAPOWER26APR370CE,0.0,0.0,0.0,14.0,0.0,14.0,379.6,23.95,0,0,0,0.0,0,F1,1450,,,,,
2026-02-18,2026-02-18,FO,NSE,STO,169360,,TATAPOWER,,2026-04-28,2026-04-28,350.0,CE,TATAPOWER26APR350CE,0.0,0.0,0.0,22.3,0.0,22.3,379.6,37.75,0,0,0,0.0,0,F1,1450,,,,,
2026-02-18,2026-02-18,FO,NSE,STO,172481,,VOLTAS,,2026-04-28,2026-04-28,1160.0,PE,VOLTAS26APR1160PE,0.0,0.0,0.0,24.9,0.0,24.9,1543.4,0.85,0,0,0,0.0,0,F1,375,,,,,
2026-02-18,2026-02-18,FO,NSE,STO,172487,,VOLTAS,,2026-04-28,2026-04-28,1280.0,PE,VOLTAS26APR1280PE,0.0,0.0,0.0,62.55,0.0,62.55,1543.4,5.85,0,0,0,0.0,0,F1,375,,,,,
2026-02-18,2026-02-18,FO,NSE,STO,172495,,VOLTAS,,2026-04-28,2026-04-28,1440.0,PE,VOLTAS26APR1440PE,0.0,0.0,0.0,148.9,0.0,148.9,1543.4,33.9,0,0,0,0.0,0,F1,375,,,,,
2026-02-18,2026-02-18,FO,NSE,STO,165946,,VOLTAS,,2026-03-30,2026-03-30,1400.0,CE,VOLTAS26MAR1400CE,156.7,156.7,143.5,147.4,147.4,135.0,1543.4,164.0,10125,1875,8,4641393.75,5,F1,375,,,,,
2026-02-18,2026-02-18,FO,NSE,STO,165898,,VOLTAS,,2026-02-24,2026-02-24,1500.0,CE,VOLTAS26FEB1500CE,54.85,60.0,35.8,52.0,50.95,45.4,1543.4,52.0,244125,-61875,1189,690808837.5,946,F1,375,,,,,
2026-02-18,2026-02-18,FO,NSE,STO,154555,,VOLTAS,,2026-02-24,2026-02-24,1480.0,CE,VOLTAS26FEB1480CE,71.8,76.5,50.6,69.5,69.65,59.2,1543.4,69.5,75000,-2625,294,170286150.0,248,F1,375,,,,,
2026-02-18,2026-02-18,FO,NSE,STO,165896,,VOLTAS,,2026-02-24,2026-02-24,1460.0,CE,VOLTAS26FEB1460CE,89.0,94.5,66.5,88.05,88.7,76.4,1543.4,88.05,81750,-14250,161,93163387.5,147,F1,375,,,,,
2026-02-18,2026-02-18,FO,NSE,STO,165886,,VOLTAS,,2026-02-24,2026-02-24,1260.0,CE,VOLTAS26FEB1260CE,0.0,0.0,0.0,160.0,160.0,160.0,1543.4,284.55,12750,0,0,0.0,0,F1,375,,,,,
2026-02-18,2026-02-18,FO,NSE,STO,154559,,VOLTAS,,2026-02-24,2026-02-24,1560.0,CE,VOLTAS26FEB1560CE,17.95,22.5,9.9,15.5,14.8,14.2,1543.4,15.5,313125,98250,5623,3322742025.0,4472,F1,375,,,,,
2026-02-18,2026-02-18,FO,NSE,STO,165902,,VOLTAS,,2026-02-24,2026-02-24,1580.0,CE,VOLTAS26FEB1580CE,9.75,14.4,5.85,9.1,8.95,9.05,1543.4,9.1,212250,27000,2565,1528964062.5,1963,F1,375,,,,,
2026-02-18,2026-02-18,FO,NSE,STO,165930,,VOLTAS,,2026-03-30,2026-03-30,1080.0,CE,VOLTAS26MAR1080CE,0.0,0.0,0.0,295.65,0.0,295.65,1543.4,469.9,0,0,0,0.0,0,F1,375,,,,,
2026-02-18,2026-02-18,FO,NSE,STO,172442,,VOLTAS,,2026-03-30,2026-03-30,1380.0,CE,VOLTAS26MAR1380CE,0.0,0.0,0.0,164.5,164.5,164.5,1543.4,180.85,375,0,0,0.0,0,F1,375,,,,,
2026-02-18,2026-02-18,FO,NSE,STO,172444,,VOLTAS,,2026-03-30,2026-03-30,1420.0,CE,VOLTAS26MAR1420CE,0.0,0.0,0.0,138.0,138.0,138.0,1543.4,147.8,2250,0,0,0.0,0,F1,375,,,,,
2026-02-18,2026-02-18,FO,NSE,STO,172503,,VOLTAS,,2026-04-28,2026-04-28,1600.0,PE,VOLTAS26APR1600PE,0.0,0.0,0.0,269.7,0.0,269.7,1543.4,105.25,0,0,0,0.0,0,F1,375,,,,,
2026-02-18,2026-02-18,FO,NSE,STO,154552,,VOLTAS,,2026-02-24,2026-02-24,1400.0,PE,VOLTAS26FEB1400PE,1.65,2.1,1.0,1.15,1.0,1.95,1543.4,1.15,365250,-18750,636,334257131.25,415,F1,375,,,,,
2026-02-18,2026-02-18,FO,NSE,STO,154547,,VOLTAS,,2026-02-24,2026-02-24,1320.0,CE,VOLTAS26FEB1320CE,0.0,0.0,0.0,209.0,209.0,209.0,1543.4,224.6,67875,0,0,0.0,0,F1,375,,,,,
2026-02-18,2026-02-18,FO,NSE,STO,165938,,VOLTAS,,2026-03-30,2026-03-30,1240.0,CE,VOLTAS26MAR1240CE,0.0,0.0,0.0,169.85,0.0,169.85,1543.4,311.55,0,0,0,0.0,0,F1,375,,,,,
2026-02-18,2026-02-18,FO,NSE,STO,172493,,VOLTAS,,2026-04-28,2026-04-28,1400.0,PE,VOLTAS26APR1400PE,0.0,0.0,0.0,123.6,0.0,123.6,1543.4,23.4,0,0,0,0.0,0,F1,375,,,,,
2026-02-18,2026-02-18,FO,NSE,STO,172447,,VOLTAS,,2026-03-30,2026-03-30,1460.0,PE,VOLTAS26MAR1460PE,33.1,34.0,26.2,26.5,26.75,32.4,1543.4,26.5,31500,17250,79,44157281.25,39,F1,375,,,,,
2026-02-18,2026-02-18,FO,NSE,STO,154554,,VOLTAS,,2026-02-24,2026-02-24,1440.0,PE,VOLTAS26FEB1440PE,1.75,3.6,1.7,1.8,1.7,3.1,1543.4,1.8,284250,9000,444,240173437.5,369,F1,375,,,,,
2026-02-18,2026-02-18,FO,NSE,STO,165945,,VOLTAS,,2026-03-30,2026-03-30,1360.0,PE,VOLTAS26MAR1360PE,0.0,0.0,0.0,11.15,11.0,11.15,1543.4,6.75,11625,0,0,0.0,0,F1,375,,,,,
2026-02-18,2026-02-18,FO,NSE,STO,172485,,VOLTAS,,2026-04-28,2026-04-28,1240.0,PE,VOLTAS26APR1240PE,0.0,0.0,0.0,27.0,27.0,27.0,1543.4,3.3,375,0,0,0.0,0,F1,375,,,,,
2026-02-18,2026-02-18,FO,NSE,STO,154551,,VOLTAS,,2026-02-24,2026-02-24,1400.0,CE,VOLTAS26FEB1400CE,152.0,152.0,124.0,146.25,147.55,135.65,1543.4,146.25,117000,-16500,81,46800093.75,61,F1,375,,,,,
2026-02-18,2026-02-18,FO,NSE,STO,172432,,VOLTAS,,2026-03-30,2026-03-30,1180.0,CE,VOLTAS26MAR1180CE,0.0,0.0,0.0,182.6,0.0,182.6,1543.4,370.65,0,0,0,0.0,0,F1,375,,,,,
2026-02-18,2026-02-18,FO,NSE,STO,165942,,VOLTAS,,2026-03-30,2026-03-30,1320.0,CE,VOLTAS26MAR1320CE,0.0,0.0,0.0,121.25,0.0,121.25,1543.4,234.8,0,0,0,0.0,0,F1,375,,,,,
2026-02-18,2026-02-18,FO,NSE,STO,165954,,VOLTAS,,2026-03-30,2026-03-30,1560.0,CE,VOLTAS26MAR1560CE,59.0,59.0,43.95,51.6,52.05,49.95,1543.4,51.6,65625,57375,325,196229756.25,265,F1,375,,,,,
2026-02-18,2026-02-18,FO,NSE,STO,172454,,VOLTAS,,2026-03-30,2026-03-30,1620.0,CE,VOLTAS26MAR1620CE,39.8,39.8,28.4,30.05,30.2,15.35,1543.4,30.05,3750,3000,23,14236612.5,22,F1,375,,,,,
2026-02-18,2026-02-18,FO,NSE,STO,165882,,VOLTAS,,2026-02-24,2026-02-24,1180.0,CE,VOLTAS26FEB1180CE,0.0,0.0,0.0,195.55,0.0,195.55,1543.4,364.45,0,0,0,0.0,0,F1,375,,,,,
2026-02-18,2026-02-18,FO,NSE,STO,172488,,VOLTAS,,2026-04-28,2026-04-28,1320.0,CE,VOLTAS26APR1320CE,0.0,0.0,0.0,111.1,0.0,111.1,1543.4,246.85,0,0,0,0.0,0,F1,375,,,,,
2026-02-18,2026-02-18,FO,NSE,STO,172504,,VOLTAS,,2026-04-28,2026-04-28,1640.0,CE,VOLTAS26APR1640CE,0.0,0.0,0.0,19.4,0.0,19.4,1543.4,50.8,0,0,0,0.0,0,F1,375,,,,,
2026-02-18,2026-02-18,FO,NSE,STO,154538,,VOLTAS,,2026-02-24,2026-02-24,1120.0,PE,VOLTAS26FEB1120PE,0.2,0.2,0.2,0.2,0.2,0.1,1543.4,0.05,42375,-750,2,840150.0,2,F1,375,,,,,
2026-02-18,2026-02-18,FO,NSE,STO,154535,,VOLTAS,,2026-02-24,2026-02-24,1080.0,CE,VOLTAS26FEB1080CE,0.0,0.0,0.0,302.65,0.0,302.65,1543.4,464.4,0,0,0,0.0,0,F1,375,,,,,
2026-02-18,2026-02-18,FO,NSE,STO,172509,,VOLTAS,,2026-04-28,2026-04-28,1760.0,PE,VOLTAS26APR1760PE,0.0,0.0,0.0,411.3,0.0,411.3,1543.4,220.45,0,0,0,0.0,0,F1,375,,,,,
2026-02-18,2026-02-18,FO,NSE,STO,172492,,VOLTAS,,2026-04-28,2026-04-28,1400.0,CE,VOLTAS26APR1400CE,0.0,0.0,0.0,75.65,0.0,75.65,1543.4,181.3,0,0,0,0.0,0,F1,375,,,,,
2026-02-18,2026-02-18,FO,NSE,STO,165956,,VOLTAS,,2026-03-30,2026-03-30,1600.0,CE,VOLTAS26MAR1600CE,37.95,42.65,30.3,36.2,36.0,36.0,1543.4,36.2,282375,74625,1387,851201493.75,1064,F1,375,,,,,
2026-02-18,2026-02-18,FO,NSE,STO,165952,,VOLTAS,,2026-03-30,2026-03-30,1520.0,CE,VOLTAS26MAR1520CE,73.2,77.45,60.0,70.35,71.6,67.1,1543.4,70.35,13875,7125,78,46432181.25,55,F1,375,,,,,
2026-02-18,2026-02-18,FO,NSE,STO,172448,,VOLTAS,,2026-03-30,2026-03-30,1500.0,CE,VOLTAS26MAR1500CE,82.45,89.15,71.55,83.3,84.0,77.85,1543.4,83.3,40875,750,81,48033450.0,71,F1,375,,,,,
2026-02-18,2026-02-18,FO,NSE,STO,154557,,VOLTAS,,2026-02-24,2026-02-24,1520.0,CE,VOLTAS26FEB1520CE,38.8,44.9,22.5,36.75,36.5,31.45,1543.4,36.75,140625,-91500,2940,1713451068.75,2441,F1,375,,,,,
2026-02-18,2026-02-18,FO,NSE,STO,165892,,VOLTAS,,2026-02-24,2026-02-24,1380.0,CE,VOLTAS26FEB1380CE,150.05,159.8,145.75,159.8,159.8,157.35,1543.4,164.7,64875,-1875,6,3444600.0,5,F1,375,,,,,
2026-02-18,2026-02-18,FO,NSE,STO,154568,,VOLTAS,,2026-02-24,2026-02-24,1720.0,PE,VOLTAS26FEB1720PE,0.0,0.0,0.0,353.8,0.0,353.8,1543.4,175.1,0,0,0,0.0,0,F1,375,,,,,
2026-02-18,2026-02-18,FO,NSE,STO,165935,,VOLTAS,,2026-03-30,2026-03-30,1160.0,PE,VOLTAS26MAR1160PE,0.0,0.0,0.0,2.0,2.0,2.0,1543.4,0.1,750,0,0,0.0,0,F1,375,,,,,
2026-02-18,2026-02-18,FO,NSE,STO,165928,,VOLTAS,,2026-03-30,2026-03-30,1040.0,CE,VOLTAS26MAR1040CE,0.0,0.0,0.0,303.7,303.7,303.7,1543.4,509.65,1875,0,0,0.0,0,F1,375,,,,,
2026-02-18,2026-02-18,FO,NSE,STO,172446,,VOLTAS,,2026-03-30,2026-03-30,1460.0,CE,VOLTAS26MAR1460CE,0.0,0.0,0.0,108.6,108.6,108.6,1543.4,117.85,10125,0,0,0.0,0,F1,375,,,,,
2026-02-18,2026-02-18,FO,NSE,STO,154567,,VOLTAS,,2026-02-24,2026-02-24,1720.0,CE,VOLTAS26FEB1720CE,0.95,1.15,0.6,0.65,0.65,0.75,1543.4,0.65,168000,26250,377,243272718.75,210,F1,375,,,,,
2026-02-18,2026-02-18,FO,NSE,STO,165906,,VOLTAS,,2026-02-24,2026-02-24,1660.0,CE,VOLTAS26FEB1660CE,1.3,2.15,0.95,1.2,1.3,1.35,1543.4,1.2,87750,41250,744,463563806.25,393,F1,375,,,,,
2026-02-18,2026-02-18,FO,NSE,STO,165890,,VOLTAS,,2026-02-24,2026-02-24,1340.0,CE,VOLTAS26FEB1340CE,208.35,208.35,199.0,199.0,199.0,188.6,1543.4,204.6,74250,-750,4,2316881.25,4,F1,375,,,,,
2026-02-18,2026-02-18,FO,NSE,STO,154543,,VOLTAS,,2026-02-24,2026-02-24,1240.0,CE,VOLTAS26FEB1240CE,0.0,0.0,0.0,129.3,129.3,129.3,1543.4,304.5,5250,0,0,0.0,0,F1,375,,,,,
2026-02-18,2026-02-18,FO,NSE,STO,165884,,VOLTAS,,2026-02-24,2026-02-24,1220.0,CE,VOLTAS26FEB1220CE,0.0,0.0,0.0,311.2,311.2,311.2,1543.4,324.5,3000,0,0,0.0,0,F1,375,,,,,
2026-02-18,2026-02-18,FO,NSE,STO,172437,,VOLTAS,,2026-03-30,2026-03-30,1260.0,PE,VOLTAS26MAR1260PE,0.0,0.0,0.0,4.3,4.3,4.3,1543.4,1.05,51750,0,0,0.0,0,F1,375,,,,,
2026-02-18,2026-02-18,FO,NSE,STO,165941,,VOLTAS,,2026-03-30,2026-03-30,1280.0,PE,VOLTAS26MAR1280PE,0.0,0.0,0.0,6.0,6.0,6.0,1543.4,1.65,1125,0,0,0.0,0,F1,375,,,,,
2026-02-18,2026-02-18,FO,NSE,STO,172445,,VOLTAS,,2026-03-30,2026-03-30,1420.0,PE,VOLTAS26MAR1420PE,23.15,24.35,17.0,17.05,17.05,21.75,1543.4,17.05,18375,12000,42,22667662.5,41,F1,375,,,,,
2026-02-18,2026-02-18,FO,NSE,STO,165955,,VOLTAS,,2026-03-30,2026-03-30,1560.0,PE,VOLTAS26MAR1560PE,82.0,82.0,68.0,68.0,68.0,211.55,1543.4,68.0,3000,3000,11,6747581.25,11,F1,375,,,,,
2026-02-18,2026-02-18,FO,NSE,STO,172479,,VOLTAS,,2026-04-28,2026-04-28,1120.0,PE,VOLTAS26APR1120PE,0.0,0.0,0.0,17.05,0.0,17.05,1543.4,0.4,0,0,0,0.0,0,F1,375,,,,,
2026-02-18,2026-02-18,FO,NSE,STO,172489,,VOLTAS,,2026-04-28,2026-04-28,1320.0,PE,VOLTAS26APR1320PE,0.0,0.0,0.0,80.3,0.0,80.3,1543.4,9.8,0,0,0,0.0,0,F1,375,,,,,
2026-02-18,2026-02-18,FO,NSE,STO,154540,,VOLTAS,,2026-02-24,2026-02-24,1160.0,PE,VOLTAS26FEB1160PE,0.2,0.2,0.15,0.15,0.15,0.25,1543.4,0.05,31500,-1875,5,2175356.25,2,F1,375,,,,,
2026-02-18,2026-02-18,FO,NSE,STO,172498,,VOLTAS,,2026-04-28,2026-04-28,1520.0,CE,VOLTAS26APR1520CE,0.0,0.0,0.0,39.75,0.0,39.75,1543.4,102.6,0,0,0,0.0,0,F1,375,,,,,
2026-02-18,2026-02-18,FO,NSE,STO,165885,,VOLTAS,,2026-02-24,2026-02-24,1220.0,PE,VOLTAS26FEB1220PE,0.4,0.4,0.4,0.4,0.4,0.4,1543.4,0.05,21000,-375,1,457650.0,1,F1,375,,,,,
2026-02-18,2026-02-18,FO,NSE,STO,154544,,VOLTAS,,2026-02-24,2026-02-24,1240.0,PE,VOLTAS26FEB1240PE,0.9,0.9,0.45,0.6,0.6,0.9,1543.4,0.6,50250,-1875,5,2326312.5,4,F1,375,,,,,
2026-02-18,2026-02-18,FO,NSE,STO,165899,,VOLTAS,,2026-02-24,2026-02-24,1500.0,PE,VOLTAS26FEB1500PE,11.35,14.9,6.05,6.7,6.65,11.3,1543.4,6.7,318375,26250,1993,1128183731.25,1467,F1,375,,,,,
2026-02-18,2026-02-18,FO,NSE,STO,154564,,VOLTAS,,2026-02-24,2026-02-24,1640.0,PE,VOLTAS26FEB1640PE,95.0,116.2,91.35,96.3,96.3,107.45,1543.4,96.3,7500,-375,24,15686025.0,23,F1,375,,,,,
2026-02-18,2026-02-18,FO,NSE,STO,154542,,VOLTAS,,2026-02-24,2026-02-24,1200.0,PE,VOLTAS26FEB1200PE,0.55,0.6,0.5,0.55,0.5,0.55,1543.4,0.55,105750,6000,22,9904293.75,22,F1,375,,,,,
2026-02-18,2026-02-18,FO,NSE,STO,165897,,VOLTAS,,2026-02-24,2026-02-24,1460.0,PE,VOLTAS26FEB1460PE,4.5,5.3,2.35,2.45,2.4,4.35,1543.4,2.45,407250,-14250,809,443931825.0,672,F1,375,,,,,
2026-02-18,2026-02-18,FO,NSE,STO,165901,,VOLTAS,,2026-02-24,2026-02-24,1540.0,PE,VOLTAS26FEB1540PE,21.85,34.95,17.95,19.05,19.25,28.3,1543.4,19.05,147750,6000,1506,883160137.5,1182,F1,375,,,,,
2026-02-18,2026-02-18,FO,NSE,STO,165949,,VOLTAS,,2026-03-30,2026-03-30,1440.0,PE,VOLTAS26MAR1440PE,23.0,29.9,21.1,21.15,21.2,26.8,1543.4,21.15,26250,15000,99,54376237.5,76,F1,375,,,,,
2026-02-18,2026-02-18,FO,NSE,STO,165959,,VOLTAS,,2026-03-30,2026-03-30,1640.0,PE,VOLTAS26MAR1640PE,140.0,140.0,133.0,133.0,133.0,140.35,1543.4,117.1,375,0,2,1332375.0,2,F1,375,,,,,
2026-02-18,2026-02-18,FO,NSE,STO,154563,,VOLTAS,,2026-02-24,2026-02-24,1640.0,CE,VOLTAS26FEB1640CE,2.5,3.35,1.3,1.65,1.7,1.95,1543.4,1.65,228375,7875,1417,872359050.0,1091,F1,375,,,,,
2026-02-18,2026-02-18,FO,NSE,STO,154537,,VOLTAS,,2026-02-24,2026-02-24,1120.0,CE,VOLTAS26FEB1120CE,0.0,0.0,0.0,168.8,168.8,168.8,1543.4,424.4,1125,0,0,0.0,0,F1,375,,,,,
2026-02-18,2026-02-18,FO,NSE,STO,165936,,VOLTAS,,2026-03-30,2026-03-30,1200.0,CE,VOLTAS26MAR1200CE,0.0,0.0,0.0,198.1,0.0,198.1,1543.4,350.85,0,0,0,0.0,0,F1,375,,,,,
2026-02-18,2026-02-18,FO,NSE,STO,172434,,VOLTAS,,2026-03-30,2026-03-30,1220.0,CE,VOLTAS26MAR1220CE,0.0,0.0,0.0,143.55,143.55,143.55,1543.4,331.15,0,0,0,0.0,0,F1,375,,,,,
2026-02-18,2026-02-18,FO,NSE,STO,172484,,VOLTAS,,2026-04-28,2026-04-28,1240.0,CE,VOLTAS26APR1240CE,0.0,0.0,0.0,157.0,0.0,157.0,1543.4,319.55,0,0,0,0.0,0,F1,375,,,,,
2026-02-18,2026-02-18,FO,NSE,STO,165891,,VOLTAS,,2026-02-24,2026-02-24,1340.0,PE,VOLTAS26FEB1340PE,1.0,1.0,0.75,0.75,0.75,1.1,1543.4,0.75,117375,-9750,149,74922150.0,106,F1,375,,,,,
2026-02-18,2026-02-18,FO,NSE,STO,154558,,VOLTAS,,2026-02-24,2026-02-24,1520.0,PE,VOLTAS26FEB1520PE,13.05,23.45,10.6,11.15,11.35,18.4,1543.4,11.15,263250,37125,2471,1422826875.0,1624,F1,375,,,,,
2026-02-18,2026-02-18,FO,NSE,STO,165933,,VOLTAS,,2026-03-30,2026-03-30,1120.0,PE,VOLTAS26MAR1120PE,0.0,0.0,0.0,2.45,2.45,2.45,1543.4,0.05,375,0,0,0.0,0,F1,375,,,,,
2026-02-18,2026-02-18,FO,NSE,STO,172435,,VOLTAS,,2026-03-30,2026-03-30,1220.0,PE,VOLTAS26MAR1220PE,0.0,0.0,0.0,13.45,13.45,13.45,1543.4,0.45,1875,0,0,0.0,0,F1,375,,,,,
2026-02-18,2026-02-18,FO,NSE,STO,165943,,VOLTAS,,2026-03-30,2026-03-30,1320.0,PE,VOLTAS26MAR1320PE,0.0,0.0,0.0,10.35,10.35,10.35,1543.4,3.45,1875,0,0,0.0,0,F1,375,,,,,
2026-02-18,2026-02-18,FO,NSE,STO,165961,,VOLTAS,,2026-03-30,2026-03-30,1680.0,PE,VOLTAS26MAR1680PE,0.0,0.0,0.0,321.25,0.0,321.25,1543.4,147.25,0,0,0,0.0,0,F1,375,,,,,
2026-02-18,2026-02-18,FO,NSE,STF,67041,,VOLTAS,,2026-04-28,2026-04-28,,,VOLTAS26APRFUT,1537.4,1546.5,1519.7,1541.2,1542.0,1527.1,1543.4,1541.2,73125,6000,60,34591500.0,60,F1,375,,,,,
2026-02-18,2026-02-18,FO,NSE,STO,165904,,VOLTAS,,2026-02-24,2026-02-24,1620.0,CE,VOLTAS26FEB1620CE,3.35,5.6,2.0,2.9,2.9,3.25,1543.4,2.9,190125,-46125,828,504074306.25,614,F1,375,,,,,
2026-02-18,2026-02-18,FO,NSE,STO,154565,,VOLTAS,,2026-02-24,2026-02-24,1680.0,CE,VOLTAS26FEB1680CE,1.4,1.5,0.5,0.9,0.75,1.0,1543.4,0.9,90750,4125,349,219985237.5,259,F1,375,,,,,
2026-02-18,2026-02-18,FO,NSE,STO,172502,,VOLTAS,,2026-04-28,2026-04-28,1600.0,CE,VOLTAS26APR1600CE,0.0,0.0,0.0,24.8,0.0,24.8,1543.4,65.2,0,0,0,0.0,0,F1,375,,,,,
2026-02-18,2026-02-18,FO,NSE,STO,172500,,VOLTAS,,2026-04-28,2026-04-28,1560.0,CE,VOLTAS26APR1560CE,0.0,0.0,0.0,31.5,0.0,31.5,1543.4,82.4,0,0,0,0.0,0,F1,375,,,,,
2026-02-18,2026-02-18,FO,NSE,STO,172480,,VOLTAS,,2026-04-28,2026-04-28,1160.0,CE,VOLTAS26APR1160CE,0.0,0.0,0.0,213.25,0.0,213.25,1543.4,396.25,0,0,0,0.0,0,F1,375,,,,,
2026-02-18,2026-02-18,FO,NSE,STO,165950,,VOLTAS,,2026-03-30,2026-03-30,1480.0,CE,VOLTAS26MAR1480CE,91.35,91.35,82.7,82.7,82.7,87.0,1543.4,104.25,6750,1125,3,1761300.0,3,F1,375,,,,,
2026-02-18,2026-02-18,FO,NSE,STO,165944,,VOLTAS,,2026-03-30,2026-03-30,1360.0,CE,VOLTAS26MAR1360CE,0.0,0.0,0.0,184.3,184.3,184.3,1543.4,198.35,375,0,0,0.0,0,F1,375,,,,,
2026-02-18,2026-02-18,FO,NSE,STO,154561,,VOLTAS,,2026-02-24,2026-02-24,1600.0,CE,VOLTAS26FEB1600CE,5.75,9.05,3.35,5.35,5.0,5.35,1543.4,5.35,556875,-10875,3602,2169284625.0,2712,F1,375,,,,,
2026-02-18,2026-02-18,FO,NSE,STO,154553,,VOLTAS,,2026-02-24,2026-02-24,1440.0,CE,VOLTAS26FEB1440CE,108.1,113.85,84.95,107.05,108.3,97.85,1543.4,107.05,76875,-1125,105,60586481.25,94,F1,375,,,,,
2026-02-18,2026-02-18,FO,NSE,STO,165894,,VOLTAS,,2026-02-24,2026-02-24,1420.0,CE,VOLTAS26FEB1420CE,127.65,132.0,106.75,126.9,126.9,117.55,1543.4,126.9,87375,-1500,28,16138631.25,27,F1,375,,,,,
2026-02-18,2026-02-18,FO,NSE,STO,165881,,VOLTAS,,2026-02-24,2026-02-24,1140.0,PE,VOLTAS26FEB1140PE,0.0,0.0,0.0,0.2,0.2,0.2,1543.4,0.05,9000,0,0,0.0,0,F1,375,,,,,
2026-02-18,2026-02-18,FO,NSE,STO,172490,,VOLTAS,,2026-04-28,2026-04-28,1360.0,CE,VOLTAS26APR1360CE,0.0,0.0,0.0,92.1,0.0,92.1,1543.4,213.0,0,0,0,0.0,0,F1,375,,,,,
2026-02-18,2026-02-18,FO,NSE,STO,165960,,VOLTAS,,2026-03-30,2026-03-30,1680.0,CE,VOLTAS26MAR1680CE,20.0,21.6,14.8,16.8,17.2,17.9,1543.4,16.8,69000,17250,154,98051550.0,120,F1,375,,,,,
2026-02-18,2026-02-18,FO,NSE,STO,165900,,VOLTAS,,2026-02-24,2026-02-24,1540.0,CE,VOLTAS26FEB1540CE,22.95,32.4,16.0,24.65,24.15,22.0,1543.4,24.65,352500,-78750,8705,5104773112.5,6838,F1,375,,,,,
2026-02-18,2026-02-18,FO,NSE,STO,154545,,VOLTAS,,2026-02-24,2026-02-24,1280.0,CE,VOLTAS26FEB1280CE,0.0,0.0,0.0,249.8,249.8,249.8,1543.4,264.55,21750,0,0,0.0,0,F1,375,,,,,
2026-02-18,2026-02-18,FO,NSE,STO,154548,,VOLTAS,,2026-02-24,2026-02-24,1320.0,PE,VOLTAS26FEB1320PE,0.85,1.0,0.7,0.8,0.75,0.95,1543.4,0.8,45750,-10875,153,75782306.25,134,F1,375,,,,,
2026-02-18,2026-02-18,FO,NSE,STO,172441,,VOLTAS,,2026-03-30,2026-03-30,1340.0,PE,VOLTAS26MAR1340PE,7.9,10.4,7.1,7.25,7.1,8.6,1543.4,7.25,6375,-1500,15,7587862.5,15,F1,375,,,,,
2026-02-18,2026-02-18,FO,NSE,STO,165939,,VOLTAS,,2026-03-30,2026-03-30,1240.0,PE,VOLTAS26MAR1240PE,0.0,0.0,0.0,5.0,5.0,5.0,1543.4,0.7,2625,0,0,0.0,0,F1,375,,,,,
2026-02-18,2026-02-18,FO,NSE,STO,165931,,VOLTAS,,2026-03-30,2026-03-30,1080.0,PE,VOLTAS26MAR1080PE,0.0,0.0,0.0,2.05,2.05,2.05,1543.4,0.05,750,0,0,0.0,0,F1,375,,,,,
2026-02-18,2026-02-18,FO,NSE,STO,154549,,VOLTAS,,2026-02-24,2026-02-24,1360.0,CE,VOLTAS26FEB1360CE,188.0,188.0,168.45,183.0,183.0,177.1,1543.4,184.65,157125,-1875,9,5190825.0,9,F1,375,,,,,
2026-02-18,2026-02-18,FO,NSE,STO,165932,,VOLTAS,,2026-03-30,2026-03-30,1120.0,CE,VOLTAS26MAR1120CE,0.0,0.0,0.0,261.2,0.0,261.2,1543.4,430.15,0,0,0,0.0,0,F1,375,,,,,
2026-02-18,2026-02-18,FO,NSE,STO,172438,,VOLTAS,,2026-03-30,2026-03-30,1300.0,CE,VOLTAS26MAR1300CE,0.0,0.0,0.0,224.0,224.0,224.0,1543.4,253.6,2250,0,0,0.0,0,F1,375,,,,,
2026-02-18,2026-02-18,FO,NSE,STO,165962,,VOLTAS,,2026-03-30,2026-03-30,1720.0,CE,VOLTAS26MAR1720CE,13.85,13.85,10.2,11.65,11.95,12.75,1543.4,11.65,25125,15375,140,90900487.5,102,F1,375,,,,,
2026-02-18,2026-02-18,FO,NSE,STO,154566,,VOLTAS,,2026-02-24,2026-02-24,1680.0,PE,VOLTAS26FEB1680PE,0.0,0.0,0.0,179.1,179.1,179.1,1543.4,135.45,375,0,0,0.0,0,F1,375,,,,,
2026-02-18,2026-02-18,FO,NSE,STO,172449,,VOLTAS,,2026-03-30,2026-03-30,1500.0,PE,VOLTAS26MAR1500PE,40.25,50.75,38.7,39.45,39.75,49.25,1543.4,39.45,63375,22500,138,79812018.75,89,F1,375,,,,,
2026-02-18,2026-02-18,FO,NSE,STO,172497,,VOLTAS,,2026-04-28,2026-04-28,1480.0,PE,VOLTAS26APR1480PE,0.0,0.0,0.0,176.35,0.0,176.35,1543.4,47.2,0,0,0,0.0,0,F1,375,,,,,
2026-02-18,2026-02-18,FO,NSE,STO,172457,,VOLTAS,,2026-03-30,2026-03-30,1660.0,PE,VOLTAS26MAR1660PE,0.0,0.0,0.0,320.0,0.0,320.0,1543.4,131.8,0,0,0,0.0,0,F1,375,,,,,
2026-02-18,2026-02-18,FO,NSE,STO,172451,,VOLTAS,,2026-03-30,2026-03-30,1540.0,PE,VOLTAS26MAR1540PE,61.0,70.1,56.0,56.95,57.0,67.55,1543.4,56.95,18000,4875,79,47435081.25,74,F1,375,,,,,
2026-02-18,2026-02-18,FO,NSE,STO,165947,,VOLTAS,,2026-03-30,2026-03-30,1400.0,PE,VOLTAS26MAR1400PE,15.6,19.9,13.4,14.0,14.3,17.55,1543.4,14.0,90375,-9000,93,49370137.5,90,F1,375,,,,,
2026-02-18,2026-02-18,FO,NSE,STO,172439,,VOLTAS,,2026-03-30,2026-03-30,1300.0,PE,VOLTAS26MAR1300PE,5.05,6.5,4.9,4.9,4.9,6.1,1543.4,2.4,35250,-375,16,7831012.5,9,F1,375,,,,,
2026-02-18,2026-02-18,FO,NSE,STO,172433,,VOLTAS,,2026-03-30,2026-03-30,1180.0,PE,VOLTAS26MAR1180PE,0.0,0.0,0.0,8.75,8.75,8.75,1543.4,0.15,1500,0,0,0.0,0,F1,375,,,,,
2026-02-18,2026-02-18,FO,NSE,STO,172475,,VOLTAS,,2026-04-28,2026-04-28,1040.0,PE,VOLTAS26APR1040PE,0.0,0.0,0.0,7.05,0.0,7.05,1543.4,0.05,0,0,0,0.0,0,F1,375,,,,,
2026-02-18,2026-02-18,FO,NSE,STF,59518,,VOLTAS,,2026-02-24,2026-02-24,,,VOLTAS26FEBFUT,1536.0,1553.7,1520.4,1545.8,1545.9,1534.1,1543.4,1545.8,9286500,-346500,6121,3528279825.0,4877,F1,375,,,,,
2026-02-18,2026-02-18,FO,NSE,STO,172436,,VOLTAS,,2026-03-30,2026-03-30,1260.0,CE,VOLTAS26MAR1260CE,0.0,0.0,0.0,125.85,0.0,125.85,1543.4,292.05,0,0,0,0.0,0,F1,375,,,,,
2026-02-18,2026-02-18,FO,NSE,STO,172440,,VOLTAS,,2026-03-30,2026-03-30,1340.0,CE,VOLTAS26MAR1340CE,0.0,0.0,0.0,80.0,80.0,80.0,1543.4,216.35,375,0,0,0.0,0,F1,375,,,,,
2026-02-18,2026-02-18,FO,NSE,STO,172452,,VOLTAS,,2026-03-30,2026-03-30,1580.0,CE,VOLTAS26MAR1580CE,48.6,48.6,37.95,43.8,43.7,43.0,1543.4,43.8,15375,7875,45,27375825.0,41,F1,375,,,,,
2026-02-18,2026-02-18,FO,NSE,STO,172494,,VOLTAS,,2026-04-28,2026-04-28,1440.0,CE,VOLTAS26APR1440CE,0.0,0.0,0.0,61.55,0.0,61.55,1543.4,152.2,0,0,0,0.0,0,F1,375,,,,,
2026-02-18,2026-02-18,FO,NSE,STO,154539,,VOLTAS,,2026-02-24,2026-02-24,1160.0,CE,VOLTAS26FEB1160CE,0.0,0.0,0.0,365.8,365.8,365.8,1543.4,384.45,375,0,0,0.0,0,F1,375,,,,,
2026-02-18,2026-02-18,FO,NSE,STO,172453,,VOLTAS,,2026-03-30,2026-03-30,1580.0,PE,VOLTAS26MAR1580PE,0.0,0.0,0.0,248.35,0.0,248.35,1543.4,77.95,0,0,0,0.0,0,F1,375,,,,,
2026-02-18,2026-02-18,FO,NSE,STO,165963,,VOLTAS,,2026-03-30,2026-03-30,1720.0,PE,VOLTAS26MAR1720PE,0.0,0.0,0.0,206.7,206.7,206.7,1543.4,180.05,13125,0,0,0.0,0,F1,375,,,,,
2026-02-18,2026-02-18,FO,NSE,STO,172483,,VOLTAS,,2026-04-28,2026-04-28,1200.0,PE,VOLTAS26APR1200PE,0.0,0.0,0.0,34.95,0.0,34.95,1543.4,1.75,0,0,0,0.0,0,F1,375,,,,,
2026-02-18,2026-02-18,FO,NSE,STO,172501,,VOLTAS,,2026-04-28,2026-04-28,1560.0,PE,VOLTAS26APR1560PE,0.0,0.0,0.0,237.0,0.0,237.0,1543.4,82.85,0,0,0,0.0,0,F1,375,,,,,
2026-02-18,2026-02-18,FO,NSE,STO,172507,,VOLTAS,,2026-04-28,2026-04-28,1680.0,PE,VOLTAS26APR1680PE,0.0,0.0,0.0,338.7,0.0,338.7,1543.4,158.25,0,0,0,0.0,0,F1,375,,,,,
2026-02-18,2026-02-18,FO,NSE,STO,165887,,VOLTAS,,2026-02-24,2026-02-24,1260.0,PE,VOLTAS26FEB1260PE,0.0,0.0,0.0,0.65,0.65,0.65,1543.4,0.05,57750,0,0,0.0,0,F1,375,,,,,
2026-02-18,2026-02-18,FO,NSE,STO,165907,,VOLTAS,,2026-02-24,2026-02-24,1660.0,PE,VOLTAS26FEB1660PE,113.4,120.5,113.4,115.5,115.45,125.25,1543.4,115.5,1500,-750,7,4661850.0,7,F1,375,,,,,
2026-02-18,2026-02-18,FO,NSE,STO,154550,,VOLTAS,,2026-02-24,2026-02-24,1360.0,PE,VOLTAS26FEB1360PE,1.0,1.2,0.75,0.8,0.8,1.25,1543.4,0.8,203250,1125,167,85229400.0,138,F1,375,,,,,
2026-02-18,2026-02-18,FO,NSE,STO,154536,,VOLTAS,,2026-02-24,2026-02-24,1080.0,PE,VOLTAS26FEB1080PE,0.05,0.05,0.05,0.05,0.05,0.05,1543.4,0.05,131250,0,18,7290337.5,3,F1,375,,,,,
2026-02-18,2026-02-18,FO,NSE,STO,165937,,VOLTAS,,2026-03-30,2026-03-30,1200.0,PE,VOLTAS26MAR1200PE,0.0,0.0,0.0,5.15,5.15,5.15,1543.4,0.25,1125,0,0,0.0,0,F1,375,,,,,
2026-02-18,2026-02-18,FO,NSE,STO,165953,,VOLTAS,,2026-03-30,2026-03-30,1520.0,PE,VOLTAS26MAR1520PE,55.0,60.95,47.0,47.15,47.0,55.0,1543.4,47.15,8625,7125,57,33655912.5,49,F1,375,,,,,
2026-02-18,2026-02-18,FO,NSE,STO,165957,,VOLTAS,,2026-03-30,2026-03-30,1600.0,PE,VOLTAS26MAR1600PE,93.0,110.45,91.5,91.85,91.5,108.55,1543.4,91.85,17625,4125,29,18506175.0,28,F1,375,,,,,
2026-02-18,2026-02-18,FO,NSE,STO,172455,,VOLTAS,,2026-03-30,2026-03-30,1620.0,PE,VOLTAS26MAR1620PE,0.0,0.0,0.0,283.65,0.0,283.65,1543.4,103.15,0,0,0,0.0,0,F1,375,,,,,
2026-02-18,2026-02-18,FO,NSE,STO,172505,,VOLTAS,,2026-04-28,2026-04-28,1640.0,PE,VOLTAS26APR1640PE,0.0,0.0,0.0,303.65,0.0,303.65,1543.4,130.45,0,0,0,0.0,0,F1,375,,,,,
2026-02-18,2026-02-18,FO,NSE,STO,172491,,VOLTAS,,2026-04-28,2026-04-28,1360.0,PE,VOLTAS26APR1360PE,0.0,0.0,0.0,100.7,0.0,100.7,1543.4,15.5,0,0,0,0.0,0,F1,375,,,,,
2026-02-18,2026-02-18,FO,NSE,STF,52070,,VOLTAS,,2026-03-30,2026-03-30,,,VOLTAS26MARFUT,1537.4,1549.8,1516.1,1542.5,1543.5,1530.1,1543.4,1542.5,2131125,661125,3236,1860474112.5,2180,F1,375,,,,,
2026-02-18,2026-02-18,FO,NSE,STO,165934,,VOLTAS,,2026-03-30,2026-03-30,1160.0,CE,VOLTAS26MAR1160CE,0.0,0.0,0.0,228.55,0.0,228.55,1543.4,390.45,0,0,0,0.0,0,F1,375,,,,,
2026-02-18,2026-02-18,FO,NSE,STO,165940,,VOLTAS,,2026-03-30,2026-03-30,1280.0,CE,VOLTAS26MAR1280CE,0.0,0.0,0.0,144.25,0.0,144.25,1543.4,272.7,0,0,0,0.0,0,F1,375,,,,,
2026-02-18,2026-02-18,FO,NSE,STO,172496,,VOLTAS,,2026-04-28,2026-04-28,1480.0,CE,VOLTAS26APR1480CE,0.0,0.0,0.0,49.6,0.0,49.6,1543.4,125.9,0,0,0,0.0,0,F1,375,,,,,
2026-02-18,2026-02-18,FO,NSE,STO,172508,,VOLTAS,,2026-04-28,2026-04-28,1760.0,CE,VOLTAS26APR1760CE,0.0,0.0,0.0,8.85,0.0,8.85,1543.4,22.05,0,0,0,0.0,0,F1,375,,,,,
2026-02-18,2026-02-18,FO,NSE,STO,165883,,VOLTAS,,2026-02-24,2026-02-24,1180.0,PE,VOLTAS26FEB1180PE,0.1,0.1,0.1,0.1,0.1,0.4,1543.4,0.05,16125,0,4,1770150.0,1,F1,375,,,,,
2026-02-18,2026-02-18,FO,NSE,STO,165895,,VOLTAS,,2026-02-24,2026-02-24,1420.0,PE,VOLTAS26FEB1420PE,1.8,2.5,1.25,1.3,1.35,2.25,1543.4,1.3,173250,-12000,297,158355712.5,260,F1,375,,,,,
2026-02-18,2026-02-18,FO,NSE,STO,165903,,VOLTAS,,2026-02-24,2026-02-24,1580.0,PE,VOLTAS26FEB1580PE,44.8,62.6,41.15,43.55,43.3,54.8,1543.4,43.55,14625,1500,67,40953937.5,67,F1,375,,,,,
2026-02-18,2026-02-18,FO,NSE,STO,165888,,VOLTAS,,2026-02-24,2026-02-24,1300.0,CE,VOLTAS26FEB1300CE,0.0,0.0,0.0,236.55,236.6,236.55,1543.4,244.55,71625,0,0,0.0,0,F1,375,,,,,
2026-02-18,2026-02-18,FO,NSE,STO,154541,,VOLTAS,,2026-02-24,2026-02-24,1200.0,CE,VOLTAS26FEB1200CE,356.15,356.15,343.3,347.6,343.3,137.7,1543.4,347.6,9000,0,6,3486750.0,4,F1,375,,,,,
2026-02-18,2026-02-18,FO,NSE,STO,172499,,VOLTAS,,2026-04-28,2026-04-28,1520.0,PE,VOLTAS26APR1520PE,0.0,0.0,0.0,205.85,0.0,205.85,1543.4,63.5,0,0,0,0.0,0,F1,375,,,,,
2026-02-18,2026-02-18,FO,NSE,STO,165951,,VOLTAS,,2026-03-30,2026-03-30,1480.0,PE,VOLTAS26MAR1480PE,42.8,43.05,32.0,32.2,32.35,40.0,1543.4,32.2,27000,25875,92,52323056.25,66,F1,375,,,,,
2026-02-18,2026-02-18,FO,NSE,STO,172443,,VOLTAS,,2026-03-30,2026-03-30,1380.0,PE,VOLTAS26MAR1380PE,13.8,14.55,11.1,11.3,11.1,17.0,1543.4,11.3,7875,6375,33,17240756.25,33,F1,375,,,,,
2026-02-18,2026-02-18,FO,NSE,STO,165889,,VOLTAS,,2026-02-24,2026-02-24,1300.0,PE,VOLTAS26FEB1300PE,0.95,0.95,0.7,0.8,0.8,1.0,1543.4,0.8,400875,-3375,258,125853993.75,192,F1,375,,,,,
2026-02-18,2026-02-18,FO,NSE,STO,154546,,VOLTAS,,2026-02-24,2026-02-24,1280.0,PE,VOLTAS26FEB1280PE,0.6,0.8,0.6,0.75,0.75,0.8,1543.4,0.75,88875,-4500,39,18730556.25,37,F1,375,,,,,
2026-02-18,2026-02-18,FO,NSE,STO,172486,,VOLTAS,,2026-04-28,2026-04-28,1280.0,CE,VOLTAS26APR1280CE,0.0,0.0,0.0,132.75,0.0,132.75,1543.4,282.5,0,0,0,0.0,0,F1,375,,,,,
2026-02-18,2026-02-18,FO,NSE,STO,172456,,VOLTAS,,2026-03-30,2026-03-30,1660.0,CE,VOLTAS26MAR1660CE,19.75,20.65,19.75,20.55,20.65,7.95,1543.4,20.55,1125,1125,4,2520225.0,3,F1,375,,,,,
2026-02-18,2026-02-18,FO,NSE,STO,165958,,VOLTAS,,2026-03-30,2026-03-30,1640.0,CE,VOLTAS26MAR1640CE,28.6,30.35,21.75,24.85,25.0,25.8,1543.4,24.85,30375,9750,107,66795825.0,75,F1,375,,,,,
2026-02-18,2026-02-18,FO,NSE,STO,172450,,VOLTAS,,2026-03-30,2026-03-30,1540.0,CE,VOLTAS26MAR1540CE,63.0,68.3,52.05,61.0,61.0,57.6,1543.4,61.0,79875,21000,565,339182906.25,422,F1,375,,,,,
2026-02-18,2026-02-18,FO,NSE,STO,165948,,VOLTAS,,2026-03-30,2026-03-30,1440.0,CE,VOLTAS26MAR1440CE,0.0,0.0,0.0,111.15,111.15,111.15,1543.4,132.4,3750,0,0,0.0,0,F1,375,,,,,
2026-02-18,2026-02-18,FO,NSE,STO,172474,,VOLTAS,,2026-04-28,2026-04-28,1040.0,CE,VOLTAS26APR1040CE,0.0,0.0,0.0,313.55,0.0,313.55,1543.4,514.2,0,0,0,0.0,0,F1,375,,,,,
2026-02-18,2026-02-18,FO,NSE,STO,172478,,VOLTAS,,2026-04-28,2026-04-28,1120.0,CE,VOLTAS26APR1120CE,0.0,0.0,0.0,244.8,0.0,244.8,1543.4,435.4,0,0,0,0.0,0,F1,375,,,,,
2026-02-18,2026-02-18,FO,NSE,STO,172482,,VOLTAS,,2026-04-28,2026-04-28,1200.0,CE,VOLTAS26APR1200CE,0.0,0.0,0.0,183.95,0.0,183.95,1543.4,357.55,0,0,0,0.0,0,F1,375,,,,,
2026-02-18,2026-02-18,FO,NSE,STO,172506,,VOLTAS,,2026-04-28,2026-04-28,1680.0,CE,VOLTAS26APR1680CE,0.0,0.0,0.0,15.05,0.0,15.05,1543.4,39.0,0,0,0,0.0,0,F1,375,,,,,
2026-02-18,2026-02-18,FO,NSE,STO,165893,,VOLTAS,,2026-02-24,2026-02-24,1380.0,PE,VOLTAS26FEB1380PE,1.0,1.45,0.9,0.95,0.9,1.6,1543.4,0.95,65250,-7500,91,47131800.0,81,F1,375,,,,,
2026-02-18,2026-02-18,FO,NSE,STO,154556,,VOLTAS,,2026-02-24,2026-02-24,1480.0,PE,VOLTAS26FEB1480PE,9.4,9.4,3.6,3.85,3.8,6.85,1543.4,3.85,344625,-61875,1195,665693831.25,945,F1,375,,,,,
2026-02-18,2026-02-18,FO,NSE,STO,154560,,VOLTAS,,2026-02-24,2026-02-24,1560.0,PE,VOLTAS26FEB1560PE,31.8,48.65,28.9,30.0,29.55,40.9,1543.4,30.0,48750,21750,323,193185693.75,294,F1,375,,,,,
2026-02-18,2026-02-18,FO,NSE,STO,154562,,VOLTAS,,2026-02-24,2026-02-24,1600.0,PE,VOLTAS26FEB1600PE,60.75,79.45,55.8,58.85,58.85,69.9,1543.4,58.85,13875,-9375,77,48116700.0,71,F1,375,,,,,
2026-02-18,2026-02-18,FO,NSE,STO,165905,,VOLTAS,,2026-02-24,2026-02-24,1620.0,PE,VOLTAS26FEB1620PE,76.75,97.15,75.7,77.95,77.95,119.15,1543.4,77.95,3375,1875,33,21102787.5,33,F1,375,,,,,
2026-02-18,2026-02-18,FO,NSE,STO,115241,,INDUSTOWER,,2026-03-30,2026-03-30,360.0,CE,INDUSTOWER26MAR360CE,0.0,0.0,0.0,74.5,0.0,74.5,477.75,119.95,0,0,0,0.0,0,F1,1700,,,,,
2026-02-18,2026-02-18,FO,NSE,STO,115048,,INDUSTOWER,,2026-02-24,2026-02-24,505.0,CE,INDUSTOWER26FEB505CE,1.2,1.7,0.85,0.95,0.9,1.2,477.75,0.95,479400,23800,86,74017320.0,70,F1,1700,,,,,
2026-02-18,2026-02-18,FO,NSE,STO,126501,,INDUSTOWER,,2026-04-28,2026-04-28,400.0,PE,INDUSTOWER26APR400PE,0.0,0.0,0.0,18.4,0.0,18.4,477.75,2.3,0,0,0,0.0,0,F1,1700,,,,,
2026-02-18,2026-02-18,FO,NSE,STO,126543,,INDUSTOWER,,2026-04-28,2026-04-28,510.0,PE,INDUSTOWER26APR510PE,0.0,0.0,0.0,88.1,0.0,88.1,477.75,42.4,0,0,0,0.0,0,F1,1700,,,,,
2026-02-18,2026-02-18,FO,NSE,STO,105022,,INDUSTOWER,,2026-02-24,2026-02-24,380.0,CE,INDUSTOWER26FEB380CE,0.0,0.0,0.0,86.55,86.55,86.55,477.75,98.1,1700,0,0,0.0,0,F1,1700,,,,,
2026-02-18,2026-02-18,FO,NSE,STO,126512,,INDUSTOWER,,2026-04-28,2026-04-28,410.0,PE,INDUSTOWER26APR410PE,0.0,0.0,0.0,22.5,0.0,22.5,477.75,3.4,0,0,0,0.0,0,F1,1700,,,,,
2026-02-18,2026-02-18,FO,NSE,STO,115322,,INDUSTOWER,,2026-03-30,2026-03-30,450.0,PE,INDUSTOWER26MAR450PE,7.6,7.6,6.3,6.45,6.35,8.45,477.75,6.45,146200,8500,47,36518295.0,42,F1,1700,,,,,
2026-02-18,2026-02-18,FO,NSE,STO,105175,,INDUSTOWER,,2026-02-24,2026-02-24,520.0,PE,INDUSTOWER26FEB520PE,0.0,0.0,0.0,113.55,0.0,113.55,477.75,41.9,0,0,0,0.0,0,F1,1700,,,,,
2026-02-18,2026-02-18,FO,NSE,STO,105173,,INDUSTOWER,,2026-02-24,2026-02-24,510.0,PE,INDUSTOWER26FEB510PE,0.0,0.0,0.0,104.75,0.0,104.75,477.75,32.25,0,0,0,0.0,0,F1,1700,,,,,
2026-02-18,2026-02-18,FO,NSE,STO,105073,,INDUSTOWER,,2026-02-24,2026-02-24,450.0,PE,INDUSTOWER26FEB450PE,1.5,1.55,0.6,0.7,0.6,1.55,477.75,0.7,1251200,-256700,474,363475385.0,382,F1,1700,,,,,
2026-02-18,2026-02-18,FO,NSE,STO,126480,,INDUSTOWER,,2026-04-28,2026-04-28,380.0,CE,INDUSTOWER26APR380CE,0.0,0.0,0.0,60.1,0.0,60.1,477.75,102.6,0,0,0,0.0,0,F1,1700,,,,,
2026-02-18,2026-02-18,FO,NSE,STO,105105,,INDUSTOWER,,2026-02-24,2026-02-24,470.0,CE,INDUSTOWER26FEB470CE,8.9,13.55,8.0,10.75,10.75,9.35,477.75,10.75,1628600,-533800,2709,2216629490.0,2302,F1,1700,,,,,
2026-02-18,2026-02-18,FO,NSE,STO,105032,,INDUSTOWER,,2026-02-24,2026-02-24,410.0,CE,INDUSTOWER26FEB410CE,0.0,0.0,0.0,64.8,64.8,64.8,477.75,68.1,108800,0,0,0.0,0,F1,1700,,,,,
2026-02-18,2026-02-18,FO,NSE,STO,115309,,INDUSTOWER,,2026-03-30,2026-03-30,420.0,PE,INDUSTOWER26MAR420PE,2.9,3.05,2.3,2.35,2.35,3.2,477.75,2.35,156400,34000,69,49581775.0,60,F1,1700,,,,,
2026-02-18,2026-02-18,FO,NSE,STO,115325,,INDUSTOWER,,2026-03-30,2026-03-30,460.0,PE,INDUSTOWER26MAR460PE,11.3,12.0,8.9,9.1,9.0,11.3,477.75,9.1,91800,74800,65,51916640.0,52,F1,1700,,,,,
2026-02-18,2026-02-18,FO,NSE,STO,126535,,INDUSTOWER,,2026-04-28,2026-04-28,480.0,PE,INDUSTOWER26APR480PE,0.0,0.0,0.0,64.4,0.0,64.4,477.75,24.65,0,0,0,0.0,0,F1,1700,,,,,
2026-02-18,2026-02-18,FO,NSE,STO,126320,,INDUSTOWER,,2026-03-30,2026-03-30,475.0,PE,INDUSTOWER26MAR475PE,17.7,17.7,14.8,14.8,14.8,17.95,477.75,14.8,40800,22100,27,22547100.0,24,F1,1700,,,,,
2026-02-18,2026-02-18,FO,NSE,STO,115277,,INDUSTOWER,,2026-03-30,2026-03-30,370.0,PE,INDUSTOWER26MAR370PE,0.0,0.0,0.0,9.35,0.0,9.35,477.75,0.1,0,0,0,0.0,0,F1,1700,,,,,
2026-02-18,2026-02-18,FO,NSE,STO,115317,,INDUSTOWER,,2026-03-30,2026-03-30,430.0,CE,INDUSTOWER26MAR430CE,0.0,0.0,0.0,32.5,32.5,32.5,477.75,53.75,3400,0,0,0.0,0,F1,1700,,,,,
2026-02-18,2026-02-18,FO,NSE,STO,115319,,INDUSTOWER,,2026-03-30,2026-03-30,440.0,CE,INDUSTOWER26MAR440CE,43.8,47.25,42.3,43.85,43.85,40.25,477.75,45.65,56100,11900,12,9869435.0,8,F1,1700,,,,,
2026-02-18,2026-02-18,FO,NSE,STO,126492,,INDUSTOWER,,2026-04-28,2026-04-28,390.0,CE,INDUSTOWER26APR390CE,0.0,0.0,0.0,53.35,0.0,53.35,477.75,93.3,0,0,0,0.0,0,F1,1700,,,,,
2026-02-18,2026-02-18,FO,NSE,STO,126532,,INDUSTOWER,,2026-04-28,2026-04-28,470.0,CE,INDUSTOWER26APR470CE,0.0,0.0,0.0,16.9,0.0,16.9,477.75,32.5,0,0,0,0.0,0,F1,1700,,,,,
2026-02-18,2026-02-18,FO,NSE,STO,126536,,INDUSTOWER,,2026-04-28,2026-04-28,490.0,CE,INDUSTOWER26APR490CE,0.0,0.0,0.0,12.1,0.0,12.1,477.75,22.85,0,0,0,0.0,0,F1,1700,,,,,
2026-02-18,2026-02-18,FO,NSE,STO,126540,,INDUSTOWER,,2026-04-28,2026-04-28,500.0,CE,INDUSTOWER26APR500CE,0.0,0.0,0.0,10.15,0.0,10.15,477.75,18.85,0,0,0,0.0,0,F1,1700,,,,,
2026-02-18,2026-02-18,FO,NSE,STO,105019,,INDUSTOWER,,2026-02-24,2026-02-24,360.0,PE,INDUSTOWER26FEB360PE,0.1,0.15,0.1,0.15,0.15,0.1,477.75,0.05,149600,0,5,3061190.0,2,F1,1700,,,,,
2026-02-18,2026-02-18,FO,NSE,STO,105121,,INDUSTOWER,,2026-02-24,2026-02-24,490.0,PE,INDUSTOWER26FEB490PE,19.85,19.85,14.85,15.35,14.95,20.3,477.75,15.35,79900,28900,56,48213190.0,56,F1,1700,,,,,
2026-02-18,2026-02-18,FO,NSE,STO,105168,,INDUSTOWER,,2026-02-24,2026-02-24,500.0,PE,INDUSTOWER26FEB500PE,25.05,26.5,22.8,24.1,24.25,29.05,477.75,24.1,59500,20400,51,45457915.0,49,F1,1700,,,,,
2026-02-18,2026-02-18,FO,NSE,STO,126306,,INDUSTOWER,,2026-03-30,2026-03-30,405.0,PE,INDUSTOWER26MAR405PE,0.0,0.0,0.0,16.1,0.0,16.1,477.75,0.95,0,0,0,0.0,0,F1,1700,,,,,
2026-02-18,2026-02-18,FO,NSE,STO,115243,,INDUSTOWER,,2026-03-30,2026-03-30,360.0,PE,INDUSTOWER26MAR360PE,0.0,0.0,0.0,7.15,0.0,7.15,477.75,0.05,0,0,0,0.0,0,F1,1700,,,,,
2026-02-18,2026-02-18,FO,NSE,STO,105108,,INDUSTOWER,,2026-02-24,2026-02-24,480.0,PE,INDUSTOWER26FEB480PE,12.4,12.4,7.8,8.3,8.45,13.25,477.75,8.3,340000,35700,342,284561385.0,295,F1,1700,,,,,
2026-02-18,2026-02-18,FO,NSE,STO,115019,,INDUSTOWER,,2026-02-24,2026-02-24,425.0,PE,INDUSTOWER26FEB425PE,0.4,0.5,0.2,0.25,0.2,0.5,477.75,0.25,627300,-15300,19,13740250.0,18,F1,1700,,,,,
2026-02-18,2026-02-18,FO,NSE,STO,115017,,INDUSTOWER,,2026-02-24,2026-02-24,415.0,PE,INDUSTOWER26FEB415PE,0.2,0.2,0.1,0.15,0.15,0.35,477.75,0.15,243100,-8500,8,5646040.0,8,F1,1700,,,,,
2026-02-18,2026-02-18,FO,NSE,STO,105031,,INDUSTOWER,,2026-02-24,2026-02-24,400.0,PE,INDUSTOWER26FEB400PE,0.2,0.2,0.1,0.1,0.15,0.2,477.75,0.1,530400,-17000,106,72100315.0,32,F1,1700,,,,,
2026-02-18,2026-02-18,FO,NSE,STO,115276,,INDUSTOWER,,2026-03-30,2026-03-30,370.0,CE,INDUSTOWER26MAR370CE,0.0,0.0,0.0,66.9,0.0,66.9,477.75,110.05,0,0,0,0.0,0,F1,1700,,,,,
2026-02-18,2026-02-18,FO,NSE,STO,115032,,INDUSTOWER,,2026-02-24,2026-02-24,495.0,CE,INDUSTOWER26FEB495CE,1.65,2.95,1.45,1.75,1.8,2.0,477.75,1.75,826200,-20400,242,204515865.0,233,F1,1700,,,,,
2026-02-18,2026-02-18,FO,NSE,STO,105018,,INDUSTOWER,,2026-02-24,2026-02-24,360.0,CE,INDUSTOWER26FEB360CE,0.0,0.0,0.0,60.55,0.0,60.55,477.75,118.1,0,0,0,0.0,0,F1,1700,,,,,
2026-02-18,2026-02-18,FO,NSE,STO,126309,,INDUSTOWER,,2026-03-30,2026-03-30,425.0,CE,INDUSTOWER26MAR425CE,0.0,0.0,0.0,27.15,0.0,27.15,477.75,58.05,0,0,0,0.0,0,F1,1700,,,,,
2026-02-18,2026-02-18,FO,NSE,STO,126317,,INDUSTOWER,,2026-03-30,2026-03-30,465.0,CE,INDUSTOWER26MAR465CE,0.0,0.0,0.0,22.6,22.6,22.6,477.75,28.3,5100,0,0,0.0,0,F1,1700,,,,,
2026-02-18,2026-02-18,FO,NSE,STO,105017,,INDUSTOWER,,2026-02-24,2026-02-24,350.0,PE,INDUSTOWER26FEB350PE,0.15,0.15,0.05,0.05,0.05,0.2,477.75,0.05,137700,-1700,3,1785595.0,2,F1,1700,,,,,
2026-02-18,2026-02-18,FO,NSE,STO,126550,,INDUSTOWER,,2026-04-28,2026-04-28,540.0,CE,INDUSTOWER26APR540CE,0.0,0.0,0.0,4.85,0.0,4.85,477.75,8.05,0,0,0,0.0,0,F1,1700,,,,,
2026-02-18,2026-02-18,FO,NSE,STO,115318,,INDUSTOWER,,2026-03-30,2026-03-30,430.0,PE,INDUSTOWER26MAR430PE,3.85,3.85,3.4,3.5,3.5,4.15,477.75,3.45,132600,22100,14,10320700.0,12,F1,1700,,,,,
2026-02-18,2026-02-18,FO,NSE,STO,126318,,INDUSTOWER,,2026-03-30,2026-03-30,465.0,PE,INDUSTOWER26MAR465PE,12.35,12.4,10.55,10.9,10.55,15.0,477.75,10.9,15300,5100,16,12958590.0,14,F1,1700,,,,,
2026-02-18,2026-02-18,FO,NSE,STO,126538,,INDUSTOWER,,2026-04-28,2026-04-28,490.0,PE,INDUSTOWER26APR490PE,0.0,0.0,0.0,72.05,0.0,72.05,477.75,30.0,0,0,0,0.0,0,F1,1700,,,,,
2026-02-18,2026-02-18,FO,NSE,STO,126553,,INDUSTOWER,,2026-04-28,2026-04-28,540.0,PE,INDUSTOWER26APR540PE,0.0,0.0,0.0,114.0,0.0,114.0,477.75,64.7,0,0,0,0.0,0,F1,1700,,,,,
2026-02-18,2026-02-18,FO,NSE,STO,126296,,INDUSTOWER,,2026-03-30,2026-03-30,365.0,PE,INDUSTOWER26MAR365PE,0.0,0.0,0.0,5.0,0.0,5.0,477.75,0.05,0,0,0,0.0,0,F1,1700,,,,,
2026-02-18,2026-02-18,FO,NSE,STO,36918,,INDUSTOWER,,2026-02-24,2026-02-24,530.0,PE,INDUSTOWER26FEB530PE,0.0,0.0,0.0,120.75,0.0,120.75,477.75,51.8,0,0,0,0.0,0,F1,1700,,,,,
2026-02-18,2026-02-18,FO,NSE,STO,105029,,INDUSTOWER,,2026-02-24,2026-02-24,390.0,PE,INDUSTOWER26FEB390PE,0.15,0.15,0.15,0.15,0.15,0.2,477.75,0.05,83300,-5100,3,1989765.0,3,F1,1700,,,,,
2026-02-18,2026-02-18,FO,NSE,STO,126305,,INDUSTOWER,,2026-03-30,2026-03-30,405.0,CE,INDUSTOWER26MAR405CE,0.0,0.0,0.0,59.4,59.4,59.4,477.75,76.15,1700,0,0,0.0,0,F1,1700,,,,,
2026-02-18,2026-02-18,FO,NSE,STO,115290,,INDUSTOWER,,2026-03-30,2026-03-30,400.0,CE,INDUSTOWER26MAR400CE,82.0,82.0,80.0,80.0,80.0,77.0,477.75,80.85,6800,3400,2,1635400.0,2,F1,1700,,,,,
2026-02-18,2026-02-18,FO,NSE,STO,126301,,INDUSTOWER,,2026-03-30,2026-03-30,395.0,CE,INDUSTOWER26MAR395CE,0.0,0.0,0.0,44.15,0.0,44.15,477.75,85.65,0,0,0,0.0,0,F1,1700,,,,,
2026-02-18,2026-02-18,FO,NSE,STO,105172,,INDUSTOWER,,2026-02-24,2026-02-24,510.0,CE,INDUSTOWER26FEB510CE,0.85,1.3,0.6,0.65,0.7,0.85,477.75,0.65,108800,-28900,139,120725075.0,110,F1,1700,,,,,
2026-02-18,2026-02-18,FO,NSE,STO,105120,,INDUSTOWER,,2026-02-24,2026-02-24,490.0,CE,INDUSTOWER26FEB490CE,2.7,4.25,2.05,2.5,2.45,2.7,477.75,2.5,1883600,49300,1686,1413447915.0,1487,F1,1700,,,,,
2026-02-18,2026-02-18,FO,NSE,STO,105030,,INDUSTOWER,,2026-02-24,2026-02-24,400.0,CE,INDUSTOWER26FEB400CE,74.1,75.95,74.0,75.95,75.95,72.8,477.75,75.95,134300,-6800,5,4032655.0,5,F1,1700,,,,,
2026-02-18,2026-02-18,FO,NSE,STO,126326,,INDUSTOWER,,2026-03-30,2026-03-30,505.0,PE,INDUSTOWER26MAR505PE,0.0,0.0,0.0,82.3,0.0,82.3,477.75,34.7,0,0,0,0.0,0,F1,1700,,,,,
2026-02-18,2026-02-18,FO,NSE,STO,115007,,INDUSTOWER,,2026-02-24,2026-02-24,365.0,PE,INDUSTOWER26FEB365PE,0.0,0.0,0.0,4.6,0.0,4.6,477.75,0.05,0,0,0,0.0,0,F1,1700,,,,,
2026-02-18,2026-02-18,FO,NSE,STO,126307,,INDUSTOWER,,2026-03-30,2026-03-30,415.0,CE,INDUSTOWER26MAR415CE,0.0,0.0,0.0,32.2,0.0,32.2,477.75,66.9,0,0,0,0.0,0,F1,1700,,,,,
2026-02-18,2026-02-18,FO,NSE,STO,105076,,INDUSTOWER,,2026-02-24,2026-02-24,460.0,CE,INDUSTOWER26FEB460CE,14.0,21.1,13.65,19.0,18.1,15.3,477.75,19.0,627300,-136000,409,332578905.0,321,F1,1700,,,,,
2026-02-18,2026-02-18,FO,NSE,STO,115024,,INDUSTOWER,,2026-02-24,2026-02-24,455.0,CE,INDUSTOWER26FEB455CE,19.6,25.0,19.6,23.35,23.45,19.7,477.75,23.35,159800,-15300,76,61680845.0,62,F1,1700,,,,,
2026-02-18,2026-02-18,FO,NSE,STO,115342,,INDUSTOWER,,2026-03-30,2026-03-30,510.0,PE,INDUSTOWER26MAR510PE,0.0,0.0,0.0,88.85,0.0,88.85,477.75,38.25,0,0,0,0.0,0,F1,1700,,,,,
2026-02-18,2026-02-18,FO,NSE,STO,126322,,INDUSTOWER,,2026-03-30,2026-03-30,485.0,PE,INDUSTOWER26MAR485PE,0.0,0.0,0.0,65.55,0.0,65.55,477.75,22.2,0,0,0,0.0,0,F1,1700,,,,,
2026-02-18,2026-02-18,FO,NSE,STO,115047,,INDUSTOWER,,2026-02-24,2026-02-24,495.0,PE,INDUSTOWER26FEB495PE,0.0,0.0,0.0,23.55,23.75,23.55,477.75,18.95,27200,0,0,0.0,0,F1,1700,,,,,
2026-02-18,2026-02-18,FO,NSE,STO,105106,,INDUSTOWER,,2026-02-24,2026-02-24,470.0,PE,INDUSTOWER26FEB470PE,7.55,8.15,3.3,3.7,3.75,7.2,477.75,3.7,1139000,132600,1836,1482134290.0,1522,F1,1700,,,,,
2026-02-18,2026-02-18,FO,NSE,STO,115023,,INDUSTOWER,,2026-02-24,2026-02-24,445.0,PE,INDUSTOWER26FEB445PE,1.1,1.1,0.4,0.5,0.45,1.1,477.75,0.5,878900,-44200,129,97739630.0,105,F1,1700,,,,,
2026-02-18,2026-02-18,FO,NSE,STO,105035,,INDUSTOWER,,2026-02-24,2026-02-24,420.0,PE,INDUSTOWER26FEB420PE,0.35,0.35,0.2,0.2,0.2,0.4,477.75,0.2,501500,10200,70,50011280.0,52,F1,1700,,,,,
2026-02-18,2026-02-18,FO,NSE,STO,126542,,INDUSTOWER,,2026-04-28,2026-04-28,510.0,CE,INDUSTOWER26APR510CE,0.0,0.0,0.0,8.45,0.0,8.45,477.75,15.45,0,0,0,0.0,0,F1,1700,,,,,
2026-02-18,2026-02-18,FO,NSE,STO,126522,,INDUSTOWER,,2026-04-28,2026-04-28,450.0,CE,INDUSTOWER26APR450CE,0.0,0.0,0.0,23.25,0.0,23.25,477.75,44.6,0,0,0,0.0,0,F1,1700,,,,,
2026-02-18,2026-02-18,FO,NSE,STO,126511,,INDUSTOWER,,2026-04-28,2026-04-28,410.0,CE,INDUSTOWER26APR410CE,0.0,0.0,0.0,41.35,0.0,41.35,477.75,75.4,0,0,0,0.0,0,F1,1700,,,,,
2026-02-18,2026-02-18,FO,NSE,STO,126472,,INDUSTOWER,,2026-04-28,2026-04-28,360.0,CE,INDUSTOWER26APR360CE,0.0,0.0,0.0,74.95,0.0,74.95,477.75,121.8,0,0,0,0.0,0,F1,1700,,,,,
2026-02-18,2026-02-18,FO,NSE,STO,126327,,INDUSTOWER,,2026-03-30,2026-03-30,515.0,CE,INDUSTOWER26MAR515CE,6.3,6.3,6.3,6.3,6.3,6.3,477.75,7.85,6800,3400,2,1772420.0,2,F1,1700,,,,,
2026-02-18,2026-02-18,FO,NSE,STO,115333,,INDUSTOWER,,2026-03-30,2026-03-30,490.0,CE,INDUSTOWER26MAR490CE,13.85,15.35,12.5,13.85,13.85,12.1,477.75,13.85,100300,47600,78,66823685.0,73,F1,1700,,,,,
2026-02-18,2026-02-18,FO,NSE,STO,105034,,INDUSTOWER,,2026-02-24,2026-02-24,420.0,CE,INDUSTOWER26FEB420CE,57.6,58.1,54.75,57.35,58.1,51.6,477.75,57.35,333200,-129200,114,92235710.0,110,F1,1700,,,,,
2026-02-18,2026-02-18,FO,NSE,STF,59374,,INDUSTOWER,,2026-02-24,2026-02-24,,,INDUSTOWER26FEBFUT,473.0,479.9,469.95,477.55,476.85,472.55,477.75,477.55,69400800,-3355800,6442,5216298530.0,4392,F1,1700,,,,,
2026-02-18,2026-02-18,FO,NSE,STO,115321,,INDUSTOWER,,2026-03-30,2026-03-30,450.0,CE,INDUSTOWER26MAR450CE,36.65,38.3,35.0,36.0,36.0,33.3,477.75,36.0,64600,6800,11,9097295.0,5,F1,1700,,,,,
2026-02-18,2026-02-18,FO,NSE,STO,115285,,INDUSTOWER,,2026-03-30,2026-03-30,390.0,CE,INDUSTOWER26MAR390CE,0.0,0.0,0.0,85.25,85.25,85.25,477.75,90.45,32300,0,0,0.0,0,F1,1700,,,,,
2026-02-18,2026-02-18,FO,NSE,STO,36917,,INDUSTOWER,,2026-02-24,2026-02-24,530.0,CE,INDUSTOWER26FEB530CE,0.35,0.5,0.2,0.25,0.25,0.4,477.75,0.25,98600,6800,45,40571945.0,40,F1,1700,,,,,
2026-02-18,2026-02-18,FO,NSE,STO,105174,,INDUSTOWER,,2026-02-24,2026-02-24,520.0,CE,INDUSTOWER26FEB520CE,0.6,0.8,0.35,0.35,0.35,0.55,477.75,0.35,457300,-127500,555,491085290.0,268,F1,1700,,,,,
2026-02-18,2026-02-18,FO,NSE,STO,115008,,INDUSTOWER,,2026-02-24,2026-02-24,375.0,CE,INDUSTOWER26FEB375CE,0.0,0.0,0.0,97.95,97.95,97.95,477.75,103.1,1700,0,0,0.0,0,F1,1700,,,,,
2026-02-18,2026-02-18,FO,NSE,STO,126533,,INDUSTOWER,,2026-04-28,2026-04-28,470.0,PE,INDUSTOWER26APR470PE,0.0,0.0,0.0,57.15,0.0,57.15,477.75,19.9,0,0,0,0.0,0,F1,1700,,,,,
2026-02-18,2026-02-18,FO,NSE,STO,126316,,INDUSTOWER,,2026-03-30,2026-03-30,455.0,PE,INDUSTOWER26MAR455PE,8.5,8.95,7.55,7.75,7.55,11.5,477.75,7.75,35700,17000,14,11031470.0,14,F1,1700,,,,,
2026-02-18,2026-02-18,FO,NSE,STO,126314,,INDUSTOWER,,2026-03-30,2026-03-30,445.0,PE,INDUSTOWER26MAR445PE,0.0,0.0,0.0,8.2,8.2,8.2,477.75,6.4,10200,0,0,0.0,0,F1,1700,,,,,
2026-02-18,2026-02-18,FO,NSE,STO,115014,,INDUSTOWER,,2026-02-24,2026-02-24,405.0,CE,INDUSTOWER26FEB405CE,0.0,0.0,0.0,68.6,69.0,68.6,477.75,73.1,10200,0,0,0.0,0,F1,1700,,,,,
2026-02-18,2026-02-18,FO,NSE,STO,115341,,INDUSTOWER,,2026-03-30,2026-03-30,510.0,CE,INDUSTOWER26MAR510CE,7.05,8.65,6.95,7.6,7.7,7.05,477.75,7.6,112200,35700,53,46634825.0,51,F1,1700,,,,,
2026-02-18,2026-02-18,FO,NSE,STO,115354,,INDUSTOWER,,2026-03-30,2026-03-30,520.0,CE,INDUSTOWER26MAR520CE,5.15,6.75,5.15,5.65,5.7,5.15,477.75,5.65,362100,93500,181,161812630.0,141,F1,1700,,,,,
2026-02-18,2026-02-18,FO,NSE,STO,126528,,INDUSTOWER,,2026-04-28,2026-04-28,460.0,CE,INDUSTOWER26APR460CE,0.0,0.0,0.0,19.85,0.0,19.85,477.75,38.25,0,0,0,0.0,0,F1,1700,,,,,
2026-02-18,2026-02-18,FO,NSE,STO,105039,,INDUSTOWER,,2026-02-24,2026-02-24,440.0,PE,INDUSTOWER26FEB440PE,0.9,0.9,0.35,0.4,0.35,0.9,477.75,0.4,1200200,-90100,196,146812425.0,150,F1,1700,,,,,
2026-02-18,2026-02-18,FO,NSE,STO,115307,,INDUSTOWER,,2026-03-30,2026-03-30,410.0,PE,INDUSTOWER26MAR410PE,0.0,0.0,0.0,22.95,0.0,22.95,477.75,1.25,0,0,0,0.0,0,F1,1700,,,,,
2026-02-18,2026-02-18,FO,NSE,STO,126308,,INDUSTOWER,,2026-03-30,2026-03-30,415.0,PE,INDUSTOWER26MAR415PE,2.2,2.25,2.15,2.25,2.25,20.3,477.75,1.65,10200,10200,6,4255695.0,6,F1,1700,,,,,
2026-02-18,2026-02-18,FO,NSE,STO,115010,,INDUSTOWER,,2026-02-24,2026-02-24,385.0,CE,INDUSTOWER26FEB385CE,0.0,0.0,0.0,49.55,0.0,49.55,477.75,93.1,0,0,0,0.0,0,F1,1700,,,,,
2026-02-18,2026-02-18,FO,NSE,STO,115018,,INDUSTOWER,,2026-02-24,2026-02-24,425.0,CE,INDUSTOWER26FEB425CE,50.0,54.6,50.0,52.4,53.0,48.0,477.75,52.4,173400,-8500,9,7301415.0,8,F1,1700,,,,,
2026-02-18,2026-02-18,FO,NSE,STO,105036,,INDUSTOWER,,2026-02-24,2026-02-24,430.0,CE,INDUSTOWER26FEB430CE,46.75,49.5,44.3,47.2,47.7,44.45,477.75,47.2,226100,-54400,72,58312635.0,38,F1,1700,,,,,
2026-02-18,2026-02-18,FO,NSE,STO,115020,,INDUSTOWER,,2026-02-24,2026-02-24,435.0,CE,INDUSTOWER26FEB435CE,0.0,0.0,0.0,39.35,39.65,39.35,477.75,43.2,178500,0,0,0.0,0,F1,1700,,,,,
2026-02-18,2026-02-18,FO,NSE,STO,126311,,INDUSTOWER,,2026-03-30,2026-03-30,435.0,CE,INDUSTOWER26MAR435CE,47.8,47.8,47.8,47.8,47.8,24.9,477.75,49.65,5100,1700,1,820760.0,1,F1,1700,,,,,
2026-02-18,2026-02-18,FO,NSE,STO,126315,,INDUSTOWER,,2026-03-30,2026-03-30,455.0,CE,INDUSTOWER26MAR455CE,0.0,0.0,0.0,30.2,30.2,30.2,477.75,34.7,5100,0,0,0.0,0,F1,1700,,,,,
2026-02-18,2026-02-18,FO,NSE,STO,115324,,INDUSTOWER,,2026-03-30,2026-03-30,460.0,CE,INDUSTOWER26MAR460CE,28.6,31.15,27.5,29.7,30.0,27.3,477.75,29.7,66300,1700,15,12479020.0,11,F1,1700,,,,,
2026-02-18,2026-02-18,FO,NSE,STO,126328,,INDUSTOWER,,2026-03-30,2026-03-30,515.0,PE,INDUSTOWER26MAR515PE,0.0,0.0,0.0,91.1,0.0,91.1,477.75,42.0,0,0,0,0.0,0,F1,1700,,,,,
2026-02-18,2026-02-18,FO,NSE,STO,115286,,INDUSTOWER,,2026-03-30,2026-03-30,390.0,PE,INDUSTOWER26MAR390PE,0.0,0.0,0.0,15.2,0.0,15.2,477.75,0.35,0,0,0,0.0,0,F1,1700,,,,,
2026-02-18,2026-02-18,FO,NSE,STO,105020,,INDUSTOWER,,2026-02-24,2026-02-24,370.0,CE,INDUSTOWER26FEB370CE,0.0,0.0,0.0,97.0,96.85,97.0,477.75,108.1,8500,0,0,0.0,0,F1,1700,,,,,
2026-02-18,2026-02-18,FO,NSE,STF,51928,,INDUSTOWER,,2026-03-30,2026-03-30,,,INDUSTOWER26MARFUT,475.8,482.7,472.95,480.5,480.7,475.85,477.75,480.5,9016800,3296300,2822,2296794860.0,1511,F1,1700,,,,,
2026-02-18,2026-02-18,FO,NSE,STO,126321,,INDUSTOWER,,2026-03-30,2026-03-30,485.0,CE,INDUSTOWER26MAR485CE,15.4,15.6,15.4,15.6,15.6,8.15,477.75,17.85,1700,1700,2,1701700.0,2,F1,1700,,,,,
2026-02-18,2026-02-18,FO,NSE,STO,105021,,INDUSTOWER,,2026-02-24,2026-02-24,370.0,PE,INDUSTOWER26FEB370PE,0.15,0.2,0.15,0.15,0.15,0.2,477.75,0.15,229500,-23800,40,25170285.0,15,F1,1700,,,,,
2026-02-18,2026-02-18,FO,NSE,STO,115027,,INDUSTOWER,,2026-02-24,2026-02-24,465.0,PE,INDUSTOWER26FEB465PE,5.0,5.25,2.15,2.5,2.35,5.1,477.75,2.5,853400,37400,535,426076525.0,461,F1,1700,,,,,
2026-02-18,2026-02-18,FO,NSE,STO,126521,,INDUSTOWER,,2026-04-28,2026-04-28,440.0,PE,INDUSTOWER26APR440PE,0.0,0.0,0.0,37.75,0.0,37.75,477.75,9.25,0,0,0,0.0,0,F1,1700,,,,,
2026-02-18,2026-02-18,FO,NSE,STO,126531,,INDUSTOWER,,2026-04-28,2026-04-28,460.0,PE,INDUSTOWER26APR460PE,0.0,0.0,0.0,50.25,0.0,50.25,477.75,15.75,0,0,0,0.0,0,F1,1700,,,,,
2026-02-18,2026-02-18,FO,NSE,STO,105077,,INDUSTOWER,,2026-02-24,2026-02-24,460.0,PE,INDUSTOWER26FEB460PE,3.45,3.7,1.35,1.55,1.45,3.35,477.75,1.55,1001300,-357000,1390,1092496585.0,986,F1,1700,,,,,
2026-02-18,2026-02-18,FO,NSE,STO,115330,,INDUSTOWER,,2026-03-30,2026-03-30,480.0,CE,INDUSTOWER26MAR480CE,16.65,19.9,16.3,18.15,18.2,15.9,477.75,18.15,399500,32300,380,321825045.0,288,F1,1700,,,,,
2026-02-18,2026-02-18,FO,NSE,STO,115335,,INDUSTOWER,,2026-03-30,2026-03-30,500.0,CE,INDUSTOWER26MAR500CE,9.05,11.65,8.65,10.2,10.2,9.55,477.75,10.2,860200,0,445,386148880.0,361,F1,1700,,,,,
2026-02-18,2026-02-18,FO,NSE,STO,115356,,INDUSTOWER,,2026-03-30,2026-03-30,530.0,CE,INDUSTOWER26MAR530CE,4.5,5.0,3.8,4.25,4.25,3.95,477.75,4.25,117300,83300,97,88125280.0,77,F1,1700,,,,,
2026-02-18,2026-02-18,FO,NSE,STO,126516,,INDUSTOWER,,2026-04-28,2026-04-28,430.0,CE,INDUSTOWER26APR430CE,0.0,0.0,0.0,31.3,0.0,31.3,477.75,59.05,0,0,0,0.0,0,F1,1700,,,,,
2026-02-18,2026-02-18,FO,NSE,STO,115011,,INDUSTOWER,,2026-02-24,2026-02-24,385.0,PE,INDUSTOWER26FEB385PE,0.1,0.15,0.05,0.05,0.05,0.15,477.75,0.05,90100,-37400,54,35352860.0,24,F1,1700,,,,,
2026-02-18,2026-02-18,FO,NSE,STO,115284,,INDUSTOWER,,2026-03-30,2026-03-30,380.0,PE,INDUSTOWER26MAR380PE,0.0,0.0,0.0,12.05,0.0,12.05,477.75,0.2,0,0,0,0.0,0,F1,1700,,,,,
2026-02-18,2026-02-18,FO,NSE,STO,126298,,INDUSTOWER,,2026-03-30,2026-03-30,375.0,PE,INDUSTOWER26MAR375PE,0.0,0.0,0.0,6.95,0.0,6.95,477.75,0.15,0,0,0,0.0,0,F1,1700,,,,,
2026-02-18,2026-02-18,FO,NSE,STO,115031,,INDUSTOWER,,2026-02-24,2026-02-24,485.0,PE,INDUSTOWER26FEB485PE,16.0,16.0,11.1,11.5,11.35,15.8,477.75,11.5,66300,20400,76,64311085.0,74,F1,1700,,,,,
2026-02-18,2026-02-18,FO,NSE,STO,115029,,INDUSTOWER,,2026-02-24,2026-02-24,475.0,PE,INDUSTOWER26FEB475PE,10.45,11.1,5.25,5.8,5.55,9.95,477.75,5.8,239700,-102000,930,761946035.0,760,F1,1700,,,,,
2026-02-18,2026-02-18,FO,NSE,STO,105037,,INDUSTOWER,,2026-02-24,2026-02-24,430.0,PE,INDUSTOWER26FEB430PE,0.65,0.65,0.3,0.3,0.3,0.7,477.75,0.3,712300,-127500,197,144160595.0,151,F1,1700,,,,,
2026-02-18,2026-02-18,FO,NSE,STO,105072,,INDUSTOWER,,2026-02-24,2026-02-24,450.0,CE,INDUSTOWER26FEB450CE,23.9,30.25,23.9,27.75,28.15,24.15,477.75,27.75,1103300,-42500,88,71470720.0,81,F1,1700,,,,,
2026-02-18,2026-02-18,FO,NSE,STO,115026,,INDUSTOWER,,2026-02-24,2026-02-24,465.0,CE,INDUSTOWER26FEB465CE,11.45,17.1,11.45,14.6,14.8,12.25,477.75,14.6,545700,-102000,274,223339795.0,251,F1,1700,,,,,
2026-02-18,2026-02-18,FO,NSE,STO,105107,,INDUSTOWER,,2026-02-24,2026-02-24,480.0,CE,INDUSTOWER26FEB480CE,4.75,7.95,4.1,5.65,5.55,5.3,477.75,5.65,2150500,-273700,5328,4404306620.0,4299,F1,1700,,,,,
2026-02-18,2026-02-18,FO,NSE,STO,115030,,INDUSTOWER,,2026-02-24,2026-02-24,485.0,CE,INDUSTOWER26FEB485CE,3.25,5.85,3.05,3.8,3.65,3.75,477.75,3.8,425000,-37400,1582,1316640820.0,1268,F1,1700,,,,,
2026-02-18,2026-02-18,FO,NSE,STO,126297,,INDUSTOWER,,2026-03-30,2026-03-30,375.0,CE,INDUSTOWER26MAR375CE,0.0,0.0,0.0,58.45,0.0,58.45,477.75,105.15,0,0,0,0.0,0,F1,1700,,,,,
2026-02-18,2026-02-18,FO,NSE,STO,115306,,INDUSTOWER,,2026-03-30,2026-03-30,410.0,CE,INDUSTOWER26MAR410CE,0.0,0.0,0.0,41.1,0.0,41.1,477.75,71.5,0,0,0,0.0,0,F1,1700,,,,,
2026-02-18,2026-02-18,FO,NSE,STO,115357,,INDUSTOWER,,2026-03-30,2026-03-30,530.0,PE,INDUSTOWER26MAR530PE,54.3,54.3,53.0,53.0,53.0,105.95,477.75,53.0,5100,5100,3,2977635.0,3,F1,1700,,,,,
2026-02-18,2026-02-18,FO,NSE,STO,126541,,INDUSTOWER,,2026-04-28,2026-04-28,500.0,PE,INDUSTOWER26APR500PE,0.0,0.0,0.0,79.9,0.0,79.9,477.75,35.95,0,0,0,0.0,0,F1,1700,,,,,
2026-02-18,2026-02-18,FO,NSE,STO,126547,,INDUSTOWER,,2026-04-28,2026-04-28,520.0,PE,INDUSTOWER26APR520PE,0.0,0.0,0.0,96.55,0.0,96.55,477.75,49.4,0,0,0,0.0,0,F1,1700,,,,,
2026-02-18,2026-02-18,FO,NSE,STO,115006,,INDUSTOWER,,2026-02-24,2026-02-24,365.0,CE,INDUSTOWER26FEB365CE,0.0,0.0,0.0,65.0,0.0,65.0,477.75,113.1,0,0,0,0.0,0,F1,1700,,,,,
2026-02-18,2026-02-18,FO,NSE,STO,105028,,INDUSTOWER,,2026-02-24,2026-02-24,390.0,CE,INDUSTOWER26FEB390CE,0.0,0.0,0.0,45.9,46.0,45.9,477.75,88.1,10200,0,0,0.0,0,F1,1700,,,,,
2026-02-18,2026-02-18,FO,NSE,STO,115028,,INDUSTOWER,,2026-02-24,2026-02-24,475.0,CE,INDUSTOWER26FEB475CE,6.2,10.5,5.95,7.9,7.85,7.15,477.75,7.9,875500,-214200,1916,1574120015.0,1646,F1,1700,,,,,
2026-02-18,2026-02-18,FO,NSE,STO,126295,,INDUSTOWER,,2026-03-30,2026-03-30,365.0,CE,INDUSTOWER26MAR365CE,0.0,0.0,0.0,66.35,0.0,66.35,477.75,115.0,0,0,0,0.0,0,F1,1700,,,,,
2026-02-18,2026-02-18,FO,NSE,STO,126513,,INDUSTOWER,,2026-04-28,2026-04-28,420.0,CE,INDUSTOWER26APR420CE,0.0,0.0,0.0,36.1,0.0,36.1,477.75,67.0,0,0,0,0.0,0,F1,1700,,,,,
2026-02-18,2026-02-18,FO,NSE,STO,115308,,INDUSTOWER,,2026-03-30,2026-03-30,420.0,CE,INDUSTOWER26MAR420CE,0.0,0.0,0.0,57.35,57.35,57.35,477.75,62.4,1700,0,0,0.0,0,F1,1700,,,,,
2026-02-18,2026-02-18,FO,NSE,STO,126299,,INDUSTOWER,,2026-03-30,2026-03-30,385.0,CE,INDUSTOWER26MAR385CE,0.0,0.0,0.0,92.6,92.6,92.6,477.75,95.35,49300,0,0,0.0,0,F1,1700,,,,,
2026-02-18,2026-02-18,FO,NSE,STO,105033,,INDUSTOWER,,2026-02-24,2026-02-24,410.0,PE,INDUSTOWER26FEB410PE,0.2,0.2,0.15,0.15,0.15,0.25,477.75,0.15,215900,3400,13,9064485.0,6,F1,1700,,,,,
2026-02-18,2026-02-18,FO,NSE,STO,115025,,INDUSTOWER,,2026-02-24,2026-02-24,455.0,PE,INDUSTOWER26FEB455PE,2.15,2.15,0.9,1.0,0.95,2.2,477.75,1.0,1081200,-81600,355,275489080.0,321,F1,1700,,,,,
2026-02-18,2026-02-18,FO,NSE,STO,126300,,INDUSTOWER,,2026-03-30,2026-03-30,385.0,PE,INDUSTOWER26MAR385PE,0.0,0.0,0.0,9.45,0.0,9.45,477.75,0.25,0,0,0,0.0,0,F1,1700,,,,,
2026-02-18,2026-02-18,FO,NSE,STO,126302,,INDUSTOWER,,2026-03-30,2026-03-30,395.0,PE,INDUSTOWER26MAR395PE,0.0,0.0,0.0,12.45,0.0,12.45,477.75,0.5,0,0,0,0.0,0,F1,1700,,,,,
2026-02-18,2026-02-18,FO,NSE,STO,115320,,INDUSTOWER,,2026-03-30,2026-03-30,440.0,PE,INDUSTOWER26MAR440PE,5.2,5.35,4.55,4.6,4.55,6.4,477.75,4.6,185300,8500,14,10591085.0,14,F1,1700,,,,,
2026-02-18,2026-02-18,FO,NSE,STO,126324,,INDUSTOWER,,2026-03-30,2026-03-30,495.0,PE,INDUSTOWER26MAR495PE,0.0,0.0,0.0,29.6,29.6,29.6,477.75,28.1,1700,0,0,0.0,0,F1,1700,,,,,
2026-02-18,2026-02-18,FO,NSE,STO,115355,,INDUSTOWER,,2026-03-30,2026-03-30,520.0,PE,INDUSTOWER26MAR520PE,0.0,0.0,0.0,97.3,0.0,97.3,477.75,45.85,0,0,0,0.0,0,F1,1700,,,,,
2026-02-18,2026-02-18,FO,NSE,STO,115012,,INDUSTOWER,,2026-02-24,2026-02-24,395.0,CE,INDUSTOWER26FEB395CE,82.0,82.0,81.0,81.0,81.0,72.25,477.75,83.1,15300,0,2,1620100.0,2,F1,1700,,,,,
2026-02-18,2026-02-18,FO,NSE,STO,126319,,INDUSTOWER,,2026-03-30,2026-03-30,475.0,CE,INDUSTOWER26MAR475CE,19.25,22.1,19.0,20.55,20.4,17.5,477.75,20.55,40800,35700,40,33720180.0,27,F1,1700,,,,,
2026-02-18,2026-02-18,FO,NSE,STO,126312,,INDUSTOWER,,2026-03-30,2026-03-30,435.0,PE,INDUSTOWER26MAR435PE,4.4,4.5,4.1,4.5,4.5,5.0,477.75,4.25,45900,15300,11,8215930.0,9,F1,1700,,,,,
2026-02-18,2026-02-18,FO,NSE,STO,126515,,INDUSTOWER,,2026-04-28,2026-04-28,420.0,PE,INDUSTOWER26APR420PE,0.0,0.0,0.0,27.1,0.0,27.1,477.75,4.9,0,0,0,0.0,0,F1,1700,,,,,
2026-02-18,2026-02-18,FO,NSE,STO,115022,,INDUSTOWER,,2026-02-24,2026-02-24,445.0,CE,INDUSTOWER26FEB445CE,31.0,33.2,30.0,33.2,33.2,27.3,477.75,33.2,612000,-8500,18,14562030.0,9,F1,1700,,,,,
2026-02-18,2026-02-18,FO,NSE,STO,105166,,INDUSTOWER,,2026-02-24,2026-02-24,500.0,CE,INDUSTOWER26FEB500CE,1.25,2.3,1.1,1.3,1.2,1.55,477.75,1.3,2459900,-79900,996,849440445.0,811,F1,1700,,,,,
2026-02-18,2026-02-18,FO,NSE,STO,115326,,INDUSTOWER,,2026-03-30,2026-03-30,470.0,CE,INDUSTOWER26MAR470CE,20.7,25.3,20.7,23.45,23.15,21.1,477.75,23.45,827900,17000,170,142492300.0,130,F1,1700,,,,,
2026-02-18,2026-02-18,FO,NSE,STO,126325,,INDUSTOWER,,2026-03-30,2026-03-30,505.0,CE,INDUSTOWER26MAR505CE,9.9,9.9,9.4,9.4,9.4,8.7,477.75,10.5,30600,0,2,1749810.0,2,F1,1700,,,,,
2026-02-18,2026-02-18,FO,NSE,STO,105027,,INDUSTOWER,,2026-02-24,2026-02-24,380.0,PE,INDUSTOWER26FEB380PE,0.15,0.2,0.1,0.15,0.15,0.2,477.75,0.15,462400,-11900,29,18741480.0,23,F1,1700,,,,,
2026-02-18,2026-02-18,FO,NSE,STO,115013,,INDUSTOWER,,2026-02-24,2026-02-24,395.0,PE,INDUSTOWER26FEB395PE,0.1,0.1,0.1,0.1,0.1,0.2,477.75,0.1,64600,-10200,37,24851790.0,7,F1,1700,,,,,
2026-02-18,2026-02-18,FO,NSE,STO,115060,,INDUSTOWER,,2026-02-24,2026-02-24,515.0,CE,INDUSTOWER26FEB515CE,0.55,0.95,0.45,0.5,0.45,0.65,477.75,0.5,555900,-23800,168,147259780.0,145,F1,1700,,,,,
2026-02-18,2026-02-18,FO,NSE,STO,105038,,INDUSTOWER,,2026-02-24,2026-02-24,440.0,CE,INDUSTOWER26FEB440CE,36.9,40.0,34.5,37.45,38.0,34.2,477.75,37.45,698700,-28900,44,35721505.0,43,F1,1700,,,,,
2026-02-18,2026-02-18,FO,NSE,STO,115016,,INDUSTOWER,,2026-02-24,2026-02-24,415.0,CE,INDUSTOWER26FEB415CE,61.0,63.0,61.0,63.0,62.95,59.25,477.75,63.0,314500,-6800,4,3243515.0,3,F1,1700,,,,,
2026-02-18,2026-02-18,FO,NSE,STF,66864,,INDUSTOWER,,2026-04-28,2026-04-28,,,INDUSTOWER26APRFUT,480.0,484.75,480.0,483.5,484.0,478.05,477.75,483.5,137700,13600,33,27047510.0,32,F1,1700,,,,,
2026-02-18,2026-02-18,FO,NSE,STO,115021,,INDUSTOWER,,2026-02-24,2026-02-24,435.0,PE,INDUSTOWER26FEB435PE,0.6,0.65,0.25,0.3,0.3,0.7,477.75,0.3,365500,35700,79,58489435.0,74,F1,1700,,,,,
2026-02-18,2026-02-18,FO,NSE,STO,115057,,INDUSTOWER,,2026-02-24,2026-02-24,505.0,PE,INDUSTOWER26FEB505PE,0.0,0.0,0.0,82.7,0.0,82.7,477.75,27.6,0,0,0,0.0,0,F1,1700,,,,,
2026-02-18,2026-02-18,FO,NSE,STO,115015,,INDUSTOWER,,2026-02-24,2026-02-24,405.0,PE,INDUSTOWER26FEB405PE,0.25,0.25,0.15,0.15,0.15,0.2,477.75,0.05,74800,-11900,8,5510805.0,6,F1,1700,,,,,
2026-02-18,2026-02-18,FO,NSE,STO,115009,,INDUSTOWER,,2026-02-24,2026-02-24,375.0,PE,INDUSTOWER26FEB375PE,0.0,0.0,0.0,6.5,0.0,6.5,477.75,0.05,0,0,0,0.0,0,F1,1700,,,,,
2026-02-18,2026-02-18,FO,NSE,STO,126546,,INDUSTOWER,,2026-04-28,2026-04-28,520.0,CE,INDUSTOWER26APR520CE,0.0,0.0,0.0,7.05,0.0,7.05,477.75,12.55,0,0,0,0.0,0,F1,1700,,,,,
2026-02-18,2026-02-18,FO,NSE,STO,126520,,INDUSTOWER,,2026-04-28,2026-04-28,440.0,CE,INDUSTOWER26APR440CE,0.0,0.0,0.0,27.05,0.0,27.05,477.75,51.55,0,0,0,0.0,0,F1,1700,,,,,
2026-02-18,2026-02-18,FO,NSE,STO,126499,,INDUSTOWER,,2026-04-28,2026-04-28,400.0,CE,INDUSTOWER26APR400CE,0.0,0.0,0.0,47.1,0.0,47.1,477.75,84.2,0,0,0,0.0,0,F1,1700,,,,,
2026-02-18,2026-02-18,FO,NSE,STO,126478,,INDUSTOWER,,2026-04-28,2026-04-28,370.0,CE,INDUSTOWER26APR370CE,0.0,0.0,0.0,67.3,0.0,67.3,477.75,112.15,0,0,0,0.0,0,F1,1700,,,,,
2026-02-18,2026-02-18,FO,NSE,STO,126323,,INDUSTOWER,,2026-03-30,2026-03-30,495.0,CE,INDUSTOWER26MAR495CE,11.9,12.55,11.9,12.55,12.55,6.5,477.75,13.8,0,0,2,1724565.0,2,F1,1700,,,,,
2026-02-18,2026-02-18,FO,NSE,STO,126313,,INDUSTOWER,,2026-03-30,2026-03-30,445.0,CE,INDUSTOWER26MAR445CE,0.0,0.0,0.0,33.4,33.4,33.4,477.75,41.8,5100,0,0,0.0,0,F1,1700,,,,,
2026-02-18,2026-02-18,FO,NSE,STO,115280,,INDUSTOWER,,2026-03-30,2026-03-30,380.0,CE,INDUSTOWER26MAR380CE,0.0,0.0,0.0,59.75,0.0,59.75,477.75,100.2,0,0,0,0.0,0,F1,1700,,,,,
2026-02-18,2026-02-18,FO,NSE,STO,126527,,INDUSTOWER,,2026-04-28,2026-04-28,450.0,PE,INDUSTOWER26APR450PE,0.0,0.0,0.0,43.8,0.0,43.8,477.75,12.2,0,0,0,0.0,0,F1,1700,,,,,
2026-02-18,2026-02-18,FO,NSE,STO,126517,,INDUSTOWER,,2026-04-28,2026-04-28,430.0,PE,INDUSTOWER26APR430PE,0.0,0.0,0.0,32.2,0.0,32.2,477.75,6.85,0,0,0,0.0,0,F1,1700,,,,,
2026-02-18,2026-02-18,FO,NSE,STO,126498,,INDUSTOWER,,2026-04-28,2026-04-28,390.0,PE,INDUSTOWER26APR390PE,0.0,0.0,0.0,14.8,0.0,14.8,477.75,1.5,0,0,0,0.0,0,F1,1700,,,,,
2026-02-18,2026-02-18,FO,NSE,STO,126491,,INDUSTOWER,,2026-04-28,2026-04-28,380.0,PE,INDUSTOWER26APR380PE,0.0,0.0,0.0,11.75,0.0,11.75,477.75,0.95,0,0,0,0.0,0,F1,1700,,,,,
2026-02-18,2026-02-18,FO,NSE,STO,126479,,INDUSTOWER,,2026-04-28,2026-04-28,370.0,PE,INDUSTOWER26APR370PE,0.0,0.0,0.0,9.1,0.0,9.1,477.75,0.55,0,0,0,0.0,0,F1,1700,,,,,
2026-02-18,2026-02-18,FO,NSE,STO,126310,,INDUSTOWER,,2026-03-30,2026-03-30,425.0,PE,INDUSTOWER26MAR425PE,0.0,0.0,0.0,25.15,0.0,25.15,477.75,2.75,0,0,0,0.0,0,F1,1700,,,,,
2026-02-18,2026-02-18,FO,NSE,STO,115061,,INDUSTOWER,,2026-02-24,2026-02-24,515.0,PE,INDUSTOWER26FEB515PE,0.0,0.0,0.0,91.6,0.0,91.6,477.75,37.05,0,0,0,0.0,0,F1,1700,,,,,
2026-02-18,2026-02-18,FO,NSE,STO,115327,,INDUSTOWER,,2026-03-30,2026-03-30,470.0,PE,INDUSTOWER26MAR470PE,14.65,14.75,12.3,12.8,12.6,15.7,477.75,12.8,462400,-8500,26,21374610.0,24,F1,1700,,,,,
2026-02-18,2026-02-18,FO,NSE,STO,115291,,INDUSTOWER,,2026-03-30,2026-03-30,400.0,PE,INDUSTOWER26MAR400PE,1.45,1.45,1.1,1.15,1.1,1.75,477.75,1.15,117300,-1700,15,10233405.0,14,F1,1700,,,,,
2026-02-18,2026-02-18,FO,NSE,STO,115332,,INDUSTOWER,,2026-03-30,2026-03-30,480.0,PE,INDUSTOWER26MAR480PE,19.0,19.7,16.95,17.2,17.35,20.4,477.75,17.2,107100,37400,64,54200675.0,55,F1,1700,,,,,
2026-02-18,2026-02-18,FO,NSE,STO,115334,,INDUSTOWER,,2026-03-30,2026-03-30,490.0,PE,INDUSTOWER26MAR490PE,0.0,0.0,0.0,72.75,0.0,72.75,477.75,25.05,0,0,0,0.0,0,F1,1700,,,,,
2026-02-18,2026-02-18,FO,NSE,STO,115340,,INDUSTOWER,,2026-03-30,2026-03-30,500.0,PE,INDUSTOWER26MAR500PE,28.2,31.0,28.2,30.95,30.95,35.0,477.75,31.3,13600,8500,6,5408635.0,6,F1,1700,,,,,
2026-02-18,2026-02-18,FO,NSE,STO,126475,,INDUSTOWER,,2026-04-28,2026-04-28,360.0,PE,INDUSTOWER26APR360PE,0.0,0.0,0.0,6.9,0.0,6.9,477.75,0.3,0,0,0,0.0,0,F1,1700,,,,,
2026-02-18,2026-02-18,FO,NSE,STO,126534,,INDUSTOWER,,2026-04-28,2026-04-28,480.0,CE,INDUSTOWER26APR480CE,0.0,0.0,0.0,14.3,0.0,14.3,477.75,27.35,0,0,0,0.0,0,F1,1700,,,,,
2026-02-18,2026-02-18,FO,NSE,STO,124617,,PATANJALI,,2026-02-24,2026-02-24,440.0,PE,PATANJALI26FEB440PE,0.0,0.0,0.0,0.55,0.55,0.55,538.15,0.05,32400,0,0,0.0,0,F1,900,,,,,
2026-02-18,2026-02-18,FO,NSE,STO,124626,,PATANJALI,,2026-02-24,2026-02-24,470.0,PE,PATANJALI26FEB470PE,0.55,0.75,0.55,0.7,0.7,0.85,538.15,0.7,63000,-30600,69,29225745.0,43,F1,900,,,,,
2026-02-18,2026-02-18,FO,NSE,STO,148059,,PATANJALI,,2026-03-30,2026-03-30,515.0,PE,PATANJALI26MAR515PE,0.0,0.0,0.0,30.6,0.0,30.6,538.15,8.5,0,0,0,0.0,0,F1,900,,,,,
2026-02-18,2026-02-18,FO,NSE,STO,148022,,PATANJALI,,2026-03-30,2026-03-30,550.0,PE,PATANJALI26MAR550PE,25.0,25.5,22.0,24.2,25.5,39.0,538.15,24.2,17100,11700,14,7231860.0,14,F1,900,,,,,
2026-02-18,2026-02-18,FO,NSE,STO,147794,,PATANJALI,,2026-02-24,2026-02-24,445.0,PE,PATANJALI26FEB445PE,0.0,0.0,0.0,0.75,0.75,0.75,538.15,0.05,14400,0,0,0.0,0,F1,900,,,,,
2026-02-18,2026-02-18,FO,NSE,STF,51999,,PATANJALI,,2026-03-30,2026-03-30,,,PATANJALI26MARFUT,534.0,543.6,534.0,542.8,537.0,535.15,538.15,542.8,5657400,3895200,5127,2492908470.0,1391,F1,900,,,,,
2026-02-18,2026-02-18,FO,NSE,STO,124614,,PATANJALI,,2026-02-24,2026-02-24,430.0,CE,PATANJALI26FEB430CE,0.0,0.0,0.0,91.85,91.85,91.85,538.15,108.55,2700,0,0,0.0,0,F1,900,,,,,
2026-02-18,2026-02-18,FO,NSE,STO,124645,,PATANJALI,,2026-02-24,2026-02-24,530.0,CE,PATANJALI26FEB530CE,9.25,14.8,7.85,10.7,7.95,8.25,538.15,10.7,444600,-48600,1059,516525660.0,774,F1,900,,,,,
2026-02-18,2026-02-18,FO,NSE,STO,124663,,PATANJALI,,2026-02-24,2026-02-24,590.0,CE,PATANJALI26FEB590CE,0.85,1.15,0.55,0.6,0.55,0.75,538.15,0.6,108900,-9000,101,53702145.0,98,F1,900,,,,,
2026-02-18,2026-02-18,FO,NSE,STO,148046,,PATANJALI,,2026-03-30,2026-03-30,455.0,CE,PATANJALI26MAR455CE,0.0,0.0,0.0,60.3,0.0,60.3,538.15,86.35,0,0,0,0.0,0,F1,900,,,,,
2026-02-18,2026-02-18,FO,NSE,STO,124660,,PATANJALI,,2026-02-24,2026-02-24,580.0,CE,PATANJALI26FEB580CE,0.95,1.5,0.65,0.7,0.65,1.1,538.15,0.7,127800,-27000,304,158977305.0,179,F1,900,,,,,
2026-02-18,2026-02-18,FO,NSE,STO,147823,,PATANJALI,,2026-02-24,2026-02-24,595.0,CE,PATANJALI26FEB595CE,0.0,0.0,0.0,0.9,0.9,0.9,538.15,0.05,61200,0,0,0.0,0,F1,900,,,,,
2026-02-18,2026-02-18,FO,NSE,STO,124735,,PATANJALI,,2026-02-24,2026-02-24,610.0,CE,PATANJALI26FEB610CE,0.5,0.5,0.35,0.35,0.35,0.65,538.15,0.05,94500,900,10,5493780.0,10,F1,900,,,,,
2026-02-18,2026-02-18,FO,NSE,STO,148048,,PATANJALI,,2026-03-30,2026-03-30,465.0,CE,PATANJALI26MAR465CE,0.0,0.0,0.0,69.55,69.55,69.55,538.15,76.75,2700,0,0,0.0,0,F1,900,,,,,
2026-02-18,2026-02-18,FO,NSE,STO,148468,,PATANJALI,,2026-04-28,2026-04-28,420.0,CE,PATANJALI26APR420CE,0.0,0.0,0.0,93.75,0.0,93.75,538.15,122.75,0,0,0,0.0,0,F1,900,,,,,
2026-02-18,2026-02-18,FO,NSE,STO,148474,,PATANJALI,,2026-04-28,2026-04-28,450.0,CE,PATANJALI26APR450CE,0.0,0.0,0.0,69.65,0.0,69.65,538.15,94.15,0,0,0,0.0,0,F1,900,,,,,
2026-02-18,2026-02-18,FO,NSE,STO,148486,,PATANJALI,,2026-04-28,2026-04-28,510.0,CE,PATANJALI26APR510CE,0.0,0.0,0.0,33.2,0.0,33.2,538.15,44.75,0,0,0,0.0,0,F1,900,,,,,
2026-02-18,2026-02-18,FO,NSE,STO,147816,,PATANJALI,,2026-02-24,2026-02-24,555.0,PE,PATANJALI26FEB555PE,21.8,23.6,19.35,20.05,19.9,28.35,538.15,20.05,23400,9000,52,26970300.0,52,F1,900,,,,,
2026-02-18,2026-02-18,FO,NSE,STO,124734,,PATANJALI,,2026-02-24,2026-02-24,600.0,PE,PATANJALI26FEB600PE,66.0,66.2,60.75,60.75,60.75,68.85,538.15,61.3,81900,-12600,23,13745835.0,21,F1,900,,,,,
2026-02-18,2026-02-18,FO,NSE,STO,124754,,PATANJALI,,2026-02-24,2026-02-24,660.0,PE,PATANJALI26FEB660PE,0.0,0.0,0.0,144.2,144.2,144.2,538.15,121.25,40500,0,0,0.0,0,F1,900,,,,,
2026-02-18,2026-02-18,FO,NSE,STO,147996,,PATANJALI,,2026-03-30,2026-03-30,470.0,PE,PATANJALI26MAR470PE,2.7,2.7,2.7,2.7,2.7,3.9,538.15,1.1,29700,-2700,3,1276290.0,3,F1,900,,,,,
2026-02-18,2026-02-18,FO,NSE,STO,148473,,PATANJALI,,2026-04-28,2026-04-28,440.0,PE,PATANJALI26APR440PE,0.0,0.0,0.0,7.5,0.0,7.5,538.15,0.8,0,0,0,0.0,0,F1,900,,,,,
2026-02-18,2026-02-18,FO,NSE,STO,147793,,PATANJALI,,2026-02-24,2026-02-24,445.0,CE,PATANJALI26FEB445CE,0.0,0.0,0.0,77.45,77.45,77.45,538.15,93.55,4500,0,0,0.0,0,F1,900,,,,,
2026-02-18,2026-02-18,FO,NSE,STO,124621,,PATANJALI,,2026-02-24,2026-02-24,460.0,CE,PATANJALI26FEB460CE,0.0,0.0,0.0,63.3,64.35,63.3,538.15,78.55,17100,0,0,0.0,0,F1,900,,,,,
2026-02-18,2026-02-18,FO,NSE,STO,124649,,PATANJALI,,2026-02-24,2026-02-24,550.0,CE,PATANJALI26FEB550CE,2.95,5.3,2.2,2.75,2.2,2.85,538.15,2.75,414000,-242100,2226,1109693835.0,1628,F1,900,,,,,
2026-02-18,2026-02-18,FO,NSE,STO,148480,,PATANJALI,,2026-04-28,2026-04-28,480.0,CE,PATANJALI26APR480CE,0.0,0.0,0.0,49.3,0.0,49.3,538.15,67.55,0,0,0,0.0,0,F1,900,,,,,
2026-02-18,2026-02-18,FO,NSE,STO,147940,,PATANJALI,,2026-03-30,2026-03-30,450.0,PE,PATANJALI26MAR450PE,0.0,0.0,0.0,1.7,1.7,1.7,538.15,0.3,3600,0,0,0.0,0,F1,900,,,,,
2026-02-18,2026-02-18,FO,NSE,STO,148047,,PATANJALI,,2026-03-30,2026-03-30,455.0,PE,PATANJALI26MAR455PE,0.0,0.0,0.0,4.9,4.9,4.9,538.15,0.45,15300,0,0,0.0,0,F1,900,,,,,
2026-02-18,2026-02-18,FO,NSE,STO,148479,,PATANJALI,,2026-04-28,2026-04-28,470.0,PE,PATANJALI26APR470PE,0.0,0.0,0.0,15.3,0.0,15.3,538.15,3.05,0,0,0,0.0,0,F1,900,,,,,
2026-02-18,2026-02-18,FO,NSE,STO,148063,,PATANJALI,,2026-03-30,2026-03-30,535.0,PE,PATANJALI26MAR535PE,21.0,21.0,15.5,15.5,15.5,42.9,538.15,15.5,3600,3600,6,2986020.0,6,F1,900,,,,,
2026-02-18,2026-02-18,FO,NSE,STO,147820,,PATANJALI,,2026-02-24,2026-02-24,575.0,PE,PATANJALI26FEB575PE,0.0,0.0,0.0,44.9,44.9,44.9,538.15,36.55,900,0,0,0.0,0,F1,900,,,,,
2026-02-18,2026-02-18,FO,NSE,STO,147936,,PATANJALI,,2026-03-30,2026-03-30,430.0,PE,PATANJALI26MAR430PE,0.0,0.0,0.0,1.95,0.0,1.95,538.15,0.05,0,0,0,0.0,0,F1,900,,,,,
2026-02-18,2026-02-18,FO,NSE,STO,124637,,PATANJALI,,2026-02-24,2026-02-24,510.0,CE,PATANJALI26FEB510CE,27.0,32.0,26.5,28.5,27.35,21.45,538.15,28.5,66600,-20700,69,33458715.0,67,F1,900,,,,,
2026-02-18,2026-02-18,FO,NSE,STO,124641,,PATANJALI,,2026-02-24,2026-02-24,520.0,CE,PATANJALI26FEB520CE,14.75,23.0,14.75,19.4,18.2,13.9,538.15,19.4,151200,-48600,532,258299415.0,407,F1,900,,,,,
2026-02-18,2026-02-18,FO,NSE,STO,147811,,PATANJALI,,2026-02-24,2026-02-24,535.0,CE,PATANJALI26FEB535CE,7.6,11.4,7.0,8.1,7.0,6.4,538.15,8.1,102600,-34200,421,206162505.0,389,F1,900,,,,,
2026-02-18,2026-02-18,FO,NSE,STO,148060,,PATANJALI,,2026-03-30,2026-03-30,525.0,CE,PATANJALI26MAR525CE,0.0,0.0,0.0,20.1,0.0,20.1,538.15,28.25,0,0,0,0.0,0,F1,900,,,,,
2026-02-18,2026-02-18,FO,NSE,STO,148069,,PATANJALI,,2026-03-30,2026-03-30,565.0,PE,PATANJALI26MAR565PE,0.0,0.0,0.0,56.8,56.8,56.8,538.15,33.6,9000,0,0,0.0,0,F1,900,,,,,
2026-02-18,2026-02-18,FO,NSE,STO,148024,,PATANJALI,,2026-03-30,2026-03-30,560.0,PE,PATANJALI26MAR560PE,30.0,30.95,29.75,30.05,30.4,34.8,538.15,30.05,31500,3600,6,3186990.0,6,F1,900,,,,,
2026-02-18,2026-02-18,FO,NSE,STO,148058,,PATANJALI,,2026-03-30,2026-03-30,515.0,CE,PATANJALI26MAR515CE,0.0,0.0,0.0,24.1,0.0,24.1,538.15,34.75,0,0,0,0.0,0,F1,900,,,,,
2026-02-18,2026-02-18,FO,NSE,STO,148476,,PATANJALI,,2026-04-28,2026-04-28,460.0,CE,PATANJALI26APR460CE,0.0,0.0,0.0,62.45,0.0,62.45,538.15,84.95,0,0,0,0.0,0,F1,900,,,,,
2026-02-18,2026-02-18,FO,NSE,STO,147937,,PATANJALI,,2026-03-30,2026-03-30,440.0,CE,PATANJALI26MAR440CE,0.0,0.0,0.0,115.55,0.0,115.55,538.15,100.95,0,0,0,0.0,0,F1,900,,,,,
2026-02-18,2026-02-18,FO,NSE,STO,124627,,PATANJALI,,2026-02-24,2026-02-24,480.0,CE,PATANJALI26FEB480CE,57.5,59.55,56.0,59.55,59.55,48.35,538.15,58.6,45000,4500,15,7259265.0,10,F1,900,,,,,
2026-02-18,2026-02-18,FO,NSE,STO,148027,,PATANJALI,,2026-03-30,2026-03-30,580.0,CE,PATANJALI26MAR580CE,0.0,0.0,0.0,5.6,5.6,5.6,538.15,6.35,1800,0,0,0.0,0,F1,900,,,,,
2026-02-18,2026-02-18,FO,NSE,STO,148021,,PATANJALI,,2026-03-30,2026-03-30,550.0,CE,PATANJALI26MAR550CE,15.7,15.7,15.7,15.7,15.7,12.0,538.15,15.45,4500,900,1,509130.0,1,F1,900,,,,,
2026-02-18,2026-02-18,FO,NSE,STO,148068,,PATANJALI,,2026-03-30,2026-03-30,565.0,CE,PATANJALI26MAR565CE,0.0,0.0,0.0,14.5,14.5,14.5,538.15,10.15,6300,0,0,0.0,0,F1,900,,,,,
2026-02-18,2026-02-18,FO,NSE,STO,148072,,PATANJALI,,2026-03-30,2026-03-30,585.0,CE,PATANJALI26MAR585CE,0.0,0.0,0.0,5.65,0.0,5.65,538.15,5.4,0,0,0,0.0,0,F1,900,,,,,
2026-02-18,2026-02-18,FO,NSE,STO,148061,,PATANJALI,,2026-03-30,2026-03-30,525.0,PE,PATANJALI26MAR525PE,0.0,0.0,0.0,36.5,0.0,36.5,538.15,11.9,0,0,0,0.0,0,F1,900,,,,,
2026-02-18,2026-02-18,FO,NSE,STO,148006,,PATANJALI,,2026-03-30,2026-03-30,480.0,PE,PATANJALI26MAR480PE,3.45,3.7,3.2,3.2,3.2,4.3,538.15,1.9,25200,-5400,32,13923450.0,28,F1,900,,,,,
2026-02-18,2026-02-18,FO,NSE,STO,124619,,PATANJALI,,2026-02-24,2026-02-24,450.0,CE,PATANJALI26FEB450CE,0.0,0.0,0.0,79.55,79.55,79.55,538.15,88.55,30600,0,0,0.0,0,F1,900,,,,,
2026-02-18,2026-02-18,FO,NSE,STO,148064,,PATANJALI,,2026-03-30,2026-03-30,545.0,CE,PATANJALI26MAR545CE,0.0,0.0,0.0,13.55,0.0,13.55,538.15,17.6,0,0,0,0.0,0,F1,900,,,,,
2026-02-18,2026-02-18,FO,NSE,STO,148033,,PATANJALI,,2026-03-30,2026-03-30,610.0,CE,PATANJALI26MAR610CE,0.0,0.0,0.0,15.9,0.0,15.9,538.15,2.2,0,0,0,0.0,0,F1,900,,,,,
2026-02-18,2026-02-18,FO,NSE,STO,124622,,PATANJALI,,2026-02-24,2026-02-24,460.0,PE,PATANJALI26FEB460PE,0.35,0.55,0.35,0.55,0.55,0.95,538.15,0.55,53100,-6300,12,4973220.0,11,F1,900,,,,,
2026-02-18,2026-02-18,FO,NSE,STO,147798,,PATANJALI,,2026-02-24,2026-02-24,465.0,PE,PATANJALI26FEB465PE,0.0,0.0,0.0,1.05,1.05,1.05,538.15,0.05,4500,0,0,0.0,0,F1,900,,,,,
2026-02-18,2026-02-18,FO,NSE,STO,124628,,PATANJALI,,2026-02-24,2026-02-24,480.0,PE,PATANJALI26FEB480PE,0.65,1.05,0.65,0.8,0.8,1.1,538.15,0.8,565200,-24300,89,38519055.0,73,F1,900,,,,,
2026-02-18,2026-02-18,FO,NSE,STO,124738,,PATANJALI,,2026-02-24,2026-02-24,620.0,PE,PATANJALI26FEB620PE,0.0,0.0,0.0,106.55,106.55,106.55,538.15,81.3,10800,0,0,0.0,0,F1,900,,,,,
2026-02-18,2026-02-18,FO,NSE,STO,148485,,PATANJALI,,2026-04-28,2026-04-28,500.0,PE,PATANJALI26APR500PE,0.0,0.0,0.0,27.35,0.0,27.35,538.15,8.5,0,0,0,0.0,0,F1,900,,,,,
2026-02-18,2026-02-18,FO,NSE,STO,148051,,PATANJALI,,2026-03-30,2026-03-30,475.0,PE,PATANJALI26MAR475PE,0.0,0.0,0.0,12.9,0.0,12.9,538.15,1.45,0,0,0,0.0,0,F1,900,,,,,
2026-02-18,2026-02-18,FO,NSE,STO,124612,,PATANJALI,,2026-02-24,2026-02-24,420.0,CE,PATANJALI26FEB420CE,0.0,0.0,0.0,104.1,104.1,104.1,538.15,118.55,7200,0,0,0.0,0,F1,900,,,,,
2026-02-18,2026-02-18,FO,NSE,STO,124616,,PATANJALI,,2026-02-24,2026-02-24,440.0,CE,PATANJALI26FEB440CE,0.0,0.0,0.0,80.2,80.1,80.2,538.15,98.55,15300,0,0,0.0,0,F1,900,,,,,
2026-02-18,2026-02-18,FO,NSE,STO,148030,,PATANJALI,,2026-03-30,2026-03-30,590.0,PE,PATANJALI26MAR590PE,0.0,0.0,0.0,78.0,78.0,78.0,538.15,52.85,3600,0,0,0.0,0,F1,900,,,,,
2026-02-18,2026-02-18,FO,NSE,STO,147821,,PATANJALI,,2026-02-24,2026-02-24,585.0,CE,PATANJALI26FEB585CE,1.05,1.1,0.65,0.65,0.65,0.95,538.15,0.05,35100,-3600,26,13710330.0,26,F1,900,,,,,
2026-02-18,2026-02-18,FO,NSE,STO,148050,,PATANJALI,,2026-03-30,2026-03-30,475.0,CE,PATANJALI26MAR475CE,0.0,0.0,0.0,45.95,0.0,45.95,538.15,67.45,0,0,0,0.0,0,F1,900,,,,,
2026-02-18,2026-02-18,FO,NSE,STO,148054,,PATANJALI,,2026-03-30,2026-03-30,495.0,CE,PATANJALI26MAR495CE,0.0,0.0,0.0,33.85,0.0,33.85,538.15,50.0,0,0,0,0.0,0,F1,900,,,,,
2026-02-18,2026-02-18,FO,NSE,STO,124646,,PATANJALI,,2026-02-24,2026-02-24,530.0,PE,PATANJALI26FEB530PE,7.65,7.65,4.05,4.55,4.9,9.2,538.15,4.55,169200,49500,908,437773950.0,670,F1,900,,,,,
2026-02-18,2026-02-18,FO,NSE,STO,124732,,PATANJALI,,2026-02-24,2026-02-24,590.0,PE,PATANJALI26FEB590PE,54.7,55.35,51.4,53.2,53.2,60.85,538.15,53.2,37800,-1800,36,20851965.0,34,F1,900,,,,,
2026-02-18,2026-02-18,FO,NSE,STO,148053,,PATANJALI,,2026-03-30,2026-03-30,485.0,PE,PATANJALI26MAR485PE,0.0,0.0,0.0,16.45,0.0,16.45,538.15,2.45,0,0,0,0.0,0,F1,900,,,,,
2026-02-18,2026-02-18,FO,NSE,STO,148481,,PATANJALI,,2026-04-28,2026-04-28,480.0,PE,PATANJALI26APR480PE,0.0,0.0,0.0,18.85,0.0,18.85,538.15,4.45,0,0,0,0.0,0,F1,900,,,,,
2026-02-18,2026-02-18,FO,NSE,STO,148483,,PATANJALI,,2026-04-28,2026-04-28,490.0,PE,PATANJALI26APR490PE,0.0,0.0,0.0,22.85,0.0,22.85,538.15,6.25,0,0,0,0.0,0,F1,900,,,,,
2026-02-18,2026-02-18,FO,NSE,STO,148493,,PATANJALI,,2026-04-28,2026-04-28,540.0,PE,PATANJALI26APR540PE,0.0,0.0,0.0,49.95,0.0,49.95,538.15,23.4,0,0,0,0.0,0,F1,900,,,,,
2026-02-18,2026-02-18,FO,NSE,STO,148495,,PATANJALI,,2026-04-28,2026-04-28,550.0,PE,PATANJALI26APR550PE,0.0,0.0,0.0,56.65,0.0,56.65,538.15,28.65,0,0,0,0.0,0,F1,900,,,,,
2026-02-18,2026-02-18,FO,NSE,STF,59441,,PATANJALI,,2026-02-24,2026-02-24,,,PATANJALI26FEBFUT,532.0,540.95,529.9,538.65,533.5,530.85,538.15,538.65,33333300,-3537900,8773,4237735410.0,4433,F1,900,,,,,
2026-02-18,2026-02-18,FO,NSE,STO,147809,,PATANJALI,,2026-02-24,2026-02-24,525.0,CE,PATANJALI26FEB525CE,10.4,18.55,10.35,15.05,13.45,10.85,538.15,15.05,156600,-54000,265,128910420.0,252,F1,900,,,,,
2026-02-18,2026-02-18,FO,NSE,STO,147997,,PATANJALI,,2026-03-30,2026-03-30,480.0,CE,PATANJALI26MAR480CE,0.0,0.0,0.0,81.8,0.0,81.8,538.15,62.95,0,0,0,0.0,0,F1,900,,,,,
2026-02-18,2026-02-18,FO,NSE,STO,148478,,PATANJALI,,2026-04-28,2026-04-28,470.0,CE,PATANJALI26APR470CE,0.0,0.0,0.0,55.6,0.0,55.6,538.15,76.05,0,0,0,0.0,0,F1,900,,,,,
2026-02-18,2026-02-18,FO,NSE,STO,148500,,PATANJALI,,2026-04-28,2026-04-28,580.0,CE,PATANJALI26APR580CE,0.0,0.0,0.0,11.0,0.0,11.0,538.15,12.0,0,0,0,0.0,0,F1,900,,,,,
2026-02-18,2026-02-18,FO,NSE,STO,124632,,PATANJALI,,2026-02-24,2026-02-24,490.0,PE,PATANJALI26FEB490PE,1.35,1.35,0.85,0.9,1.0,1.35,538.15,0.9,117000,-36000,172,76019625.0,148,F1,900,,,,,
2026-02-18,2026-02-18,FO,NSE,STO,147795,,PATANJALI,,2026-02-24,2026-02-24,455.0,CE,PATANJALI26FEB455CE,0.0,0.0,0.0,78.65,78.65,78.65,538.15,83.55,14400,0,0,0.0,0,F1,900,,,,,
2026-02-18,2026-02-18,FO,NSE,STO,148034,,PATANJALI,,2026-03-30,2026-03-30,610.0,PE,PATANJALI26MAR610PE,0.0,0.0,0.0,70.55,0.0,70.55,538.15,70.4,0,0,0,0.0,0,F1,900,,,,,
2026-02-18,2026-02-18,FO,NSE,STO,148065,,PATANJALI,,2026-03-30,2026-03-30,545.0,PE,PATANJALI26MAR545PE,22.0,22.0,21.0,21.0,21.0,49.75,538.15,21.15,3600,3600,4,2039400.0,4,F1,900,,,,,
2026-02-18,2026-02-18,FO,NSE,STO,148016,,PATANJALI,,2026-03-30,2026-03-30,520.0,PE,PATANJALI26MAR520PE,10.6,17.9,10.6,17.9,17.9,13.5,538.15,17.9,20700,15300,33,15789285.0,24,F1,900,,,,,
2026-02-18,2026-02-18,FO,NSE,STO,148014,,PATANJALI,,2026-03-30,2026-03-30,510.0,PE,PATANJALI26MAR510PE,0.0,0.0,0.0,16.3,0.0,16.3,538.15,7.1,0,0,0,0.0,0,F1,900,,,,,
2026-02-18,2026-02-18,FO,NSE,STO,148012,,PATANJALI,,2026-03-30,2026-03-30,500.0,PE,PATANJALI26MAR500PE,6.0,6.0,6.0,6.0,6.0,8.0,538.15,6.0,2700,0,2,910800.0,2,F1,900,,,,,
2026-02-18,2026-02-18,FO,NSE,STO,147942,,PATANJALI,,2026-03-30,2026-03-30,460.0,PE,PATANJALI26MAR460PE,2.0,2.0,2.0,2.0,2.0,5.95,538.15,0.6,2700,-900,1,415800.0,1,F1,900,,,,,
2026-02-18,2026-02-18,FO,NSE,STO,148031,,PATANJALI,,2026-03-30,2026-03-30,600.0,CE,PATANJALI26MAR600CE,0.0,0.0,0.0,18.5,0.0,18.5,538.15,3.2,0,0,0,0.0,0,F1,900,,,,,
2026-02-18,2026-02-18,FO,NSE,STO,148056,,PATANJALI,,2026-03-30,2026-03-30,505.0,CE,PATANJALI26MAR505CE,0.0,0.0,0.0,28.7,0.0,28.7,538.15,42.05,0,0,0,0.0,0,F1,900,,,,,
2026-02-18,2026-02-18,FO,NSE,STO,148052,,PATANJALI,,2026-03-30,2026-03-30,485.0,CE,PATANJALI26MAR485CE,0.0,0.0,0.0,39.65,0.0,39.65,538.15,58.5,0,0,0,0.0,0,F1,900,,,,,
2026-02-18,2026-02-18,FO,NSE,STO,147799,,PATANJALI,,2026-02-24,2026-02-24,475.0,CE,PATANJALI26FEB475CE,0.0,0.0,0.0,42.0,42.0,42.0,538.15,63.6,27900,0,0,0.0,0,F1,900,,,,,
2026-02-18,2026-02-18,FO,NSE,STO,147796,,PATANJALI,,2026-02-24,2026-02-24,455.0,PE,PATANJALI26FEB455PE,0.0,0.0,0.0,0.7,0.7,0.7,538.15,0.05,11700,0,0,0.0,0,F1,900,,,,,
2026-02-18,2026-02-18,FO,NSE,STO,148070,,PATANJALI,,2026-03-30,2026-03-30,575.0,CE,PATANJALI26MAR575CE,0.0,0.0,0.0,7.1,0.0,7.1,538.15,7.45,0,0,0,0.0,0,F1,900,,,,,
2026-02-18,2026-02-18,FO,NSE,STO,148026,,PATANJALI,,2026-03-30,2026-03-30,570.0,PE,PATANJALI26MAR570PE,0.0,0.0,0.0,43.85,0.0,43.85,538.15,37.15,0,0,0,0.0,0,F1,900,,,,,
2026-02-18,2026-02-18,FO,NSE,STO,148487,,PATANJALI,,2026-04-28,2026-04-28,510.0,PE,PATANJALI26APR510PE,0.0,0.0,0.0,32.3,0.0,32.3,538.15,11.35,0,0,0,0.0,0,F1,900,,,,,
2026-02-18,2026-02-18,FO,NSE,STO,148501,,PATANJALI,,2026-04-28,2026-04-28,580.0,PE,PATANJALI26APR580PE,0.0,0.0,0.0,79.0,0.0,79.0,538.15,47.85,0,0,0,0.0,0,F1,900,,,,,
2026-02-18,2026-02-18,FO,NSE,STO,148484,,PATANJALI,,2026-04-28,2026-04-28,500.0,CE,PATANJALI26APR500CE,0.0,0.0,0.0,38.1,0.0,38.1,538.15,51.85,0,0,0,0.0,0,F1,900,,,,,
2026-02-18,2026-02-18,FO,NSE,STO,148490,,PATANJALI,,2026-04-28,2026-04-28,530.0,CE,PATANJALI26APR530CE,0.0,0.0,0.0,24.85,0.0,24.85,538.15,32.4,0,0,0,0.0,0,F1,900,,,,,
2026-02-18,2026-02-18,FO,NSE,STO,124620,,PATANJALI,,2026-02-24,2026-02-24,450.0,PE,PATANJALI26FEB450PE,0.55,0.6,0.45,0.5,0.5,0.65,538.15,0.05,57600,900,22,8920485.0,21,F1,900,,,,,
2026-02-18,2026-02-18,FO,NSE,STO,147800,,PATANJALI,,2026-02-24,2026-02-24,475.0,PE,PATANJALI26FEB475PE,0.75,0.75,0.75,0.75,0.75,0.95,538.15,0.05,35100,0,2,856350.0,2,F1,900,,,,,
2026-02-18,2026-02-18,FO,NSE,STO,124642,,PATANJALI,,2026-02-24,2026-02-24,520.0,PE,PATANJALI26FEB520PE,4.4,4.4,2.4,2.65,2.85,5.05,538.15,2.65,300600,21600,625,294375510.0,516,F1,900,,,,,
2026-02-18,2026-02-18,FO,NSE,STO,147818,,PATANJALI,,2026-02-24,2026-02-24,565.0,PE,PATANJALI26FEB565PE,30.65,31.9,27.7,29.7,29.95,37.8,538.15,29.7,14400,2700,30,16069815.0,30,F1,900,,,,,
2026-02-18,2026-02-18,FO,NSE,STO,147822,,PATANJALI,,2026-02-24,2026-02-24,585.0,PE,PATANJALI26FEB585PE,47.95,51.55,47.0,51.0,51.0,56.55,538.15,46.4,55800,900,23,13126770.0,23,F1,900,,,,,
2026-02-18,2026-02-18,FO,NSE,STO,148469,,PATANJALI,,2026-04-28,2026-04-28,420.0,PE,PATANJALI26APR420PE,0.0,0.0,0.0,4.2,0.0,4.2,538.15,0.3,0,0,0,0.0,0,F1,900,,,,,
2026-02-18,2026-02-18,FO,NSE,STO,147803,,PATANJALI,,2026-02-24,2026-02-24,495.0,CE,PATANJALI26FEB495CE,0.0,0.0,0.0,23.95,23.95,23.95,538.15,43.65,81900,0,0,0.0,0,F1,900,,,,,
2026-02-18,2026-02-18,FO,NSE,STO,147807,,PATANJALI,,2026-02-24,2026-02-24,515.0,CE,PATANJALI26FEB515CE,23.25,26.75,22.15,23.85,24.15,17.6,538.15,23.85,102600,-15300,71,34454475.0,71,F1,900,,,,,
2026-02-18,2026-02-18,FO,NSE,STO,124647,,PATANJALI,,2026-02-24,2026-02-24,540.0,CE,PATANJALI26FEB540CE,4.55,8.95,4.3,5.7,4.55,4.8,538.15,5.7,523800,99000,2441,1201613760.0,1948,F1,900,,,,,
2026-02-18,2026-02-18,FO,NSE,STO,147817,,PATANJALI,,2026-02-24,2026-02-24,565.0,CE,PATANJALI26FEB565CE,2.3,2.4,1.0,1.1,1.0,1.45,538.15,1.1,38700,-6300,73,37230975.0,61,F1,900,,,,,
2026-02-18,2026-02-18,FO,NSE,STO,147933,,PATANJALI,,2026-03-30,2026-03-30,420.0,CE,PATANJALI26MAR420CE,0.0,0.0,0.0,133.9,0.0,133.9,538.15,120.7,0,0,0,0.0,0,F1,900,,,,,
2026-02-18,2026-02-18,FO,NSE,STO,147943,,PATANJALI,,2026-03-30,2026-03-30,470.0,CE,PATANJALI26MAR470CE,0.0,0.0,0.0,89.75,0.0,89.75,538.15,72.1,0,0,0,0.0,0,F1,900,,,,,
2026-02-18,2026-02-18,FO,NSE,STO,148015,,PATANJALI,,2026-03-30,2026-03-30,520.0,CE,PATANJALI26MAR520CE,29.8,32.55,29.8,30.65,30.65,27.7,538.15,30.65,22500,-900,11,5458770.0,11,F1,900,,,,,
2026-02-18,2026-02-18,FO,NSE,STO,148017,,PATANJALI,,2026-03-30,2026-03-30,530.0,CE,PATANJALI26MAR530CE,26.2,26.2,23.5,23.5,23.5,21.0,538.15,23.5,3600,0,2,998730.0,2,F1,900,,,,,
2026-02-18,2026-02-18,FO,NSE,STO,148492,,PATANJALI,,2026-04-28,2026-04-28,540.0,CE,PATANJALI26APR540CE,0.0,0.0,0.0,21.3,0.0,21.3,538.15,27.1,0,0,0,0.0,0,F1,900,,,,,
2026-02-18,2026-02-18,FO,NSE,STO,148494,,PATANJALI,,2026-04-28,2026-04-28,550.0,CE,PATANJALI26APR550CE,0.0,0.0,0.0,18.2,0.0,18.2,538.15,22.5,0,0,0,0.0,0,F1,900,,,,,
2026-02-18,2026-02-18,FO,NSE,STO,148496,,PATANJALI,,2026-04-28,2026-04-28,560.0,CE,PATANJALI26APR560CE,0.0,0.0,0.0,15.45,0.0,15.45,538.15,18.45,0,0,0,0.0,0,F1,900,,,,,
2026-02-18,2026-02-18,FO,NSE,STO,148508,,PATANJALI,,2026-04-28,2026-04-28,620.0,CE,PATANJALI26APR620CE,0.0,0.0,0.0,5.25,0.0,5.25,538.15,4.55,0,0,0,0.0,0,F1,900,,,,,
2026-02-18,2026-02-18,FO,NSE,STO,124636,,PATANJALI,,2026-02-24,2026-02-24,500.0,PE,PATANJALI26FEB500PE,1.25,1.75,1.1,1.2,1.3,1.95,538.15,1.2,356400,-46800,256,115537815.0,214,F1,900,,,,,
2026-02-18,2026-02-18,FO,NSE,STO,124652,,PATANJALI,,2026-02-24,2026-02-24,560.0,PE,PATANJALI26FEB560PE,27.25,28.0,22.6,25.0,26.6,32.4,538.15,25.0,99000,900,252,132958845.0,146,F1,900,,,,,
2026-02-18,2026-02-18,FO,NSE,STO,124659,,PATANJALI,,2026-02-24,2026-02-24,570.0,PE,PATANJALI26FEB570PE,35.0,36.4,31.15,32.75,33.9,41.95,538.15,32.75,126900,-23400,79,42922170.0,79,F1,900,,,,,
2026-02-18,2026-02-18,FO,NSE,STO,148057,,PATANJALI,,2026-03-30,2026-03-30,505.0,PE,PATANJALI26MAR505PE,0.0,0.0,0.0,25.3,0.0,25.3,538.15,5.85,0,0,0,0.0,0,F1,900,,,,,
2026-02-18,2026-02-18,FO,NSE,STO,148020,,PATANJALI,,2026-03-30,2026-03-30,540.0,PE,PATANJALI26MAR540PE,19.0,19.5,19.0,19.5,19.5,28.05,538.15,18.55,5400,5400,6,3019050.0,6,F1,900,,,,,
2026-02-18,2026-02-18,FO,NSE,STO,124615,,PATANJALI,,2026-02-24,2026-02-24,430.0,PE,PATANJALI26FEB430PE,0.0,0.0,0.0,1.1,1.1,1.1,538.15,0.05,9900,0,0,0.0,0,F1,900,,,,,
2026-02-18,2026-02-18,FO,NSE,STO,124640,,PATANJALI,,2026-02-24,2026-02-24,510.0,PE,PATANJALI26FEB510PE,2.0,2.65,1.6,1.75,1.9,2.7,538.15,1.75,126900,-504000,1274,587067165.0,718,F1,900,,,,,
2026-02-18,2026-02-18,FO,NSE,STO,147808,,PATANJALI,,2026-02-24,2026-02-24,515.0,PE,PATANJALI26FEB515PE,2.45,3.25,1.95,2.1,2.35,3.65,538.15,2.1,88200,-12600,229,106697970.0,190,F1,900,,,,,
2026-02-18,2026-02-18,FO,NSE,STO,124650,,PATANJALI,,2026-02-24,2026-02-24,550.0,PE,PATANJALI26FEB550PE,17.55,19.4,14.15,16.05,17.6,23.1,538.15,16.05,60300,-10800,124,63269145.0,116,F1,900,,,,,
2026-02-18,2026-02-18,FO,NSE,STO,147938,,PATANJALI,,2026-03-30,2026-03-30,440.0,PE,PATANJALI26MAR440PE,0.0,0.0,0.0,2.7,0.0,2.7,538.15,0.15,0,0,0,0.0,0,F1,900,,,,,
2026-02-18,2026-02-18,FO,NSE,STO,148067,,PATANJALI,,2026-03-30,2026-03-30,555.0,PE,PATANJALI26MAR555PE,0.0,0.0,0.0,57.15,0.0,57.15,538.15,27.0,0,0,0,0.0,0,F1,900,,,,,
2026-02-18,2026-02-18,FO,NSE,STO,148477,,PATANJALI,,2026-04-28,2026-04-28,460.0,PE,PATANJALI26APR460PE,0.0,0.0,0.0,12.3,0.0,12.3,538.15,2.05,0,0,0,0.0,0,F1,900,,,,,
2026-02-18,2026-02-18,FO,NSE,STO,148505,,PATANJALI,,2026-04-28,2026-04-28,600.0,PE,PATANJALI26APR600PE,0.0,0.0,0.0,95.4,0.0,95.4,538.15,63.15,0,0,0,0.0,0,F1,900,,,,,
2026-02-18,2026-02-18,FO,NSE,STO,124629,,PATANJALI,,2026-02-24,2026-02-24,490.0,CE,PATANJALI26FEB490CE,48.0,50.1,46.1,48.0,48.0,40.0,538.15,48.0,50400,5400,15,7263630.0,13,F1,900,,,,,
2026-02-18,2026-02-18,FO,NSE,STO,147805,,PATANJALI,,2026-02-24,2026-02-24,505.0,CE,PATANJALI26FEB505CE,32.35,36.05,31.75,33.1,32.75,27.25,538.15,33.1,53100,13500,46,22303440.0,45,F1,900,,,,,
2026-02-18,2026-02-18,FO,NSE,STO,124653,,PATANJALI,,2026-02-24,2026-02-24,570.0,CE,PATANJALI26FEB570CE,1.2,2.15,0.9,1.05,0.95,1.25,538.15,1.05,145800,-105300,305,156875760.0,220,F1,900,,,,,
2026-02-18,2026-02-18,FO,NSE,STO,147819,,PATANJALI,,2026-02-24,2026-02-24,575.0,CE,PATANJALI26FEB575CE,1.1,1.75,0.7,0.75,0.7,1.15,538.15,0.75,58500,6300,51,26450955.0,43,F1,900,,,,,
2026-02-18,2026-02-18,FO,NSE,STO,147935,,PATANJALI,,2026-03-30,2026-03-30,430.0,CE,PATANJALI26MAR430CE,0.0,0.0,0.0,124.6,0.0,124.6,538.15,110.8,0,0,0,0.0,0,F1,900,,,,,
2026-02-18,2026-02-18,FO,NSE,STO,148007,,PATANJALI,,2026-03-30,2026-03-30,490.0,CE,PATANJALI26MAR490CE,0.0,0.0,0.0,74.2,0.0,74.2,538.15,54.2,0,0,0,0.0,0,F1,900,,,,,
2026-02-18,2026-02-18,FO,NSE,STO,148019,,PATANJALI,,2026-03-30,2026-03-30,540.0,CE,PATANJALI26MAR540CE,20.5,20.8,18.5,20.45,18.5,42.35,538.15,20.45,63000,63000,70,35297910.0,26,F1,900,,,,,
2026-02-18,2026-02-18,FO,NSE,STO,148488,,PATANJALI,,2026-04-28,2026-04-28,520.0,CE,PATANJALI26APR520CE,0.0,0.0,0.0,28.8,0.0,28.8,538.15,38.25,0,0,0,0.0,0,F1,900,,,,,
2026-02-18,2026-02-18,FO,NSE,STO,148498,,PATANJALI,,2026-04-28,2026-04-28,570.0,CE,PATANJALI26APR570CE,0.0,0.0,0.0,13.1,0.0,13.1,538.15,14.95,0,0,0,0.0,0,F1,900,,,,,
2026-02-18,2026-02-18,FO,NSE,STO,124613,,PATANJALI,,2026-02-24,2026-02-24,420.0,PE,PATANJALI26FEB420PE,0.3,0.3,0.3,0.3,0.3,0.3,538.15,0.3,44100,-900,2,756540.0,2,F1,900,,,,,
2026-02-18,2026-02-18,FO,NSE,STO,147801,,PATANJALI,,2026-02-24,2026-02-24,485.0,CE,PATANJALI26FEB485CE,53.0,53.0,50.3,51.95,51.95,39.9,538.15,53.6,36900,-1800,4,1933380.0,4,F1,900,,,,,
2026-02-18,2026-02-18,FO,NSE,STO,147815,,PATANJALI,,2026-02-24,2026-02-24,555.0,CE,PATANJALI26FEB555CE,2.75,3.8,1.65,1.9,1.65,2.15,538.15,1.9,58500,-18000,156,78321555.0,147,F1,900,,,,,
2026-02-18,2026-02-18,FO,NSE,STO,124651,,PATANJALI,,2026-02-24,2026-02-24,560.0,CE,PATANJALI26FEB560CE,1.9,3.3,1.1,1.55,1.1,1.95,538.15,1.55,193500,-57600,705,356687730.0,533,F1,900,,,,,
2026-02-18,2026-02-18,FO,NSE,STO,148044,,PATANJALI,,2026-03-30,2026-03-30,445.0,CE,PATANJALI26MAR445CE,0.0,0.0,0.0,68.2,0.0,68.2,538.15,96.05,0,0,0,0.0,0,F1,900,,,,,
2026-02-18,2026-02-18,FO,NSE,STO,147939,,PATANJALI,,2026-03-30,2026-03-30,450.0,CE,PATANJALI26MAR450CE,0.0,0.0,0.0,78.2,78.2,78.2,538.15,91.15,5400,0,0,0.0,0,F1,900,,,,,
2026-02-18,2026-02-18,FO,NSE,STO,148029,,PATANJALI,,2026-03-30,2026-03-30,590.0,CE,PATANJALI26MAR590CE,0.0,0.0,0.0,21.5,0.0,21.5,538.15,4.55,0,0,0,0.0,0,F1,900,,,,,
2026-02-18,2026-02-18,FO,NSE,STO,147797,,PATANJALI,,2026-02-24,2026-02-24,465.0,CE,PATANJALI26FEB465CE,0.0,0.0,0.0,58.85,59.9,58.85,538.15,73.55,5400,0,0,0.0,0,F1,900,,,,,
2026-02-18,2026-02-18,FO,NSE,STO,124662,,PATANJALI,,2026-02-24,2026-02-24,580.0,PE,PATANJALI26FEB580PE,45.15,46.0,41.85,43.7,43.65,50.7,538.15,43.7,18900,7200,29,16292025.0,28,F1,900,,,,,
2026-02-18,2026-02-18,FO,NSE,STO,124736,,PATANJALI,,2026-02-24,2026-02-24,610.0,PE,PATANJALI26FEB610PE,0.0,0.0,0.0,89.5,89.45,89.5,538.15,71.3,23400,0,0,0.0,0,F1,900,,,,,
2026-02-18,2026-02-18,FO,NSE,STO,124740,,PATANJALI,,2026-02-24,2026-02-24,630.0,PE,PATANJALI26FEB630PE,0.0,0.0,0.0,54.0,54.0,54.0,538.15,91.3,4500,0,0,0.0,0,F1,900,,,,,
2026-02-18,2026-02-18,FO,NSE,STO,148049,,PATANJALI,,2026-03-30,2026-03-30,465.0,PE,PATANJALI26MAR465PE,0.0,0.0,0.0,9.9,0.0,9.9,538.15,0.85,0,0,0,0.0,0,F1,900,,,,,
2026-02-18,2026-02-18,FO,NSE,STO,148018,,PATANJALI,,2026-03-30,2026-03-30,530.0,PE,PATANJALI26MAR530PE,16.1,16.1,13.55,14.4,15.1,24.9,538.15,14.4,3600,1800,4,1961280.0,4,F1,900,,,,,
2026-02-18,2026-02-18,FO,NSE,STO,148071,,PATANJALI,,2026-03-30,2026-03-30,575.0,PE,PATANJALI26MAR575PE,0.0,0.0,0.0,73.0,0.0,73.0,538.15,40.85,0,0,0,0.0,0,F1,900,,,,,
2026-02-18,2026-02-18,FO,NSE,STO,148028,,PATANJALI,,2026-03-30,2026-03-30,580.0,PE,PATANJALI26MAR580PE,0.0,0.0,0.0,49.95,0.0,49.95,538.15,44.75,0,0,0,0.0,0,F1,900,,,,,
2026-02-18,2026-02-18,FO,NSE,STO,148073,,PATANJALI,,2026-03-30,2026-03-30,585.0,PE,PATANJALI26MAR585PE,52.0,52.0,52.0,52.0,52.0,81.4,538.15,48.75,3600,3600,4,2293200.0,2,F1,900,,,,,
2026-02-18,2026-02-18,FO,NSE,STO,148475,,PATANJALI,,2026-04-28,2026-04-28,450.0,PE,PATANJALI26APR450PE,0.0,0.0,0.0,9.65,0.0,9.65,538.15,1.3,0,0,0,0.0,0,F1,900,,,,,
2026-02-18,2026-02-18,FO,NSE,STO,148489,,PATANJALI,,2026-04-28,2026-04-28,520.0,PE,PATANJALI26APR520PE,0.0,0.0,0.0,37.7,0.0,37.7,538.15,14.75,0,0,0,0.0,0,F1,900,,,,,
2026-02-18,2026-02-18,FO,NSE,STO,148491,,PATANJALI,,2026-04-28,2026-04-28,530.0,PE,PATANJALI26APR530PE,0.0,0.0,0.0,43.6,0.0,43.6,538.15,18.75,0,0,0,0.0,0,F1,900,,,,,
2026-02-18,2026-02-18,FO,NSE,STO,148499,,PATANJALI,,2026-04-28,2026-04-28,570.0,PE,PATANJALI26APR570PE,0.0,0.0,0.0,71.25,0.0,71.25,538.15,40.9,0,0,0,0.0,0,F1,900,,,,,
2026-02-18,2026-02-18,FO,NSE,STF,66962,,PATANJALI,,2026-04-28,2026-04-28,,,PATANJALI26APRFUT,542.0,545.25,540.0,540.65,540.0,535.25,538.15,540.65,45000,11700,18,8782740.0,18,F1,900,,,,,
2026-02-18,2026-02-18,FO,NSE,STO,124625,,PATANJALI,,2026-02-24,2026-02-24,470.0,CE,PATANJALI26FEB470CE,0.0,0.0,0.0,60.5,60.5,60.5,538.15,68.55,16200,0,0,0.0,0,F1,900,,,,,
2026-02-18,2026-02-18,FO,NSE,STO,148045,,PATANJALI,,2026-03-30,2026-03-30,445.0,PE,PATANJALI26MAR445PE,0.0,0.0,0.0,5.45,0.0,5.45,538.15,0.2,0,0,0,0.0,0,F1,900,,,,,
2026-02-18,2026-02-18,FO,NSE,STO,148010,,PATANJALI,,2026-03-30,2026-03-30,490.0,PE,PATANJALI26MAR490PE,0.0,0.0,0.0,10.6,0.0,10.6,538.15,3.1,0,0,0,0.0,0,F1,900,,,,,
2026-02-18,2026-02-18,FO,NSE,STO,148055,,PATANJALI,,2026-03-30,2026-03-30,495.0,PE,PATANJALI26MAR495PE,0.0,0.0,0.0,20.6,0.0,20.6,538.15,3.85,0,0,0,0.0,0,F1,900,,,,,
2026-02-18,2026-02-18,FO,NSE,STO,148504,,PATANJALI,,2026-04-28,2026-04-28,600.0,CE,PATANJALI26APR600CE,0.0,0.0,0.0,7.7,0.0,7.7,538.15,7.55,0,0,0,0.0,0,F1,900,,,,,
2026-02-18,2026-02-18,FO,NSE,STO,124633,,PATANJALI,,2026-02-24,2026-02-24,500.0,CE,PATANJALI26FEB500CE,38.0,40.9,35.25,38.35,36.6,30.6,538.15,38.35,123300,-34200,340,164426040.0,207,F1,900,,,,,
2026-02-18,2026-02-18,FO,NSE,STO,147893,,PATANJALI,,2026-02-24,2026-02-24,615.0,CE,PATANJALI26FEB615CE,0.3,0.3,0.3,0.3,0.3,0.5,538.15,0.05,80100,-1800,4,2215080.0,3,F1,900,,,,,
2026-02-18,2026-02-18,FO,NSE,STO,147941,,PATANJALI,,2026-03-30,2026-03-30,460.0,CE,PATANJALI26MAR460CE,0.0,0.0,0.0,98.05,0.0,98.05,538.15,81.55,0,0,0,0.0,0,F1,900,,,,,
2026-02-18,2026-02-18,FO,NSE,STO,148011,,PATANJALI,,2026-03-30,2026-03-30,500.0,CE,PATANJALI26MAR500CE,45.0,45.0,45.0,45.0,45.0,41.8,538.15,45.95,900,-1800,2,981000.0,1,F1,900,,,,,
2026-02-18,2026-02-18,FO,NSE,STO,148066,,PATANJALI,,2026-03-30,2026-03-30,555.0,CE,PATANJALI26MAR555CE,0.0,0.0,0.0,11.05,0.0,11.05,538.15,13.5,0,0,0,0.0,0,F1,900,,,,,
2026-02-18,2026-02-18,FO,NSE,STO,148472,,PATANJALI,,2026-04-28,2026-04-28,440.0,CE,PATANJALI26APR440CE,0.0,0.0,0.0,77.3,0.0,77.3,538.15,103.5,0,0,0,0.0,0,F1,900,,,,,
2026-02-18,2026-02-18,FO,NSE,STO,148482,,PATANJALI,,2026-04-28,2026-04-28,490.0,CE,PATANJALI26APR490CE,0.0,0.0,0.0,43.45,0.0,43.45,538.15,59.45,0,0,0,0.0,0,F1,900,,,,,
2026-02-18,2026-02-18,FO,NSE,STO,147802,,PATANJALI,,2026-02-24,2026-02-24,485.0,PE,PATANJALI26FEB485PE,0.75,1.1,0.75,0.8,0.8,1.15,538.15,0.05,45900,-15300,68,29739555.0,55,F1,900,,,,,
2026-02-18,2026-02-18,FO,NSE,STO,147810,,PATANJALI,,2026-02-24,2026-02-24,525.0,PE,PATANJALI26FEB525PE,4.1,5.45,3.1,3.45,3.65,6.4,538.15,3.45,230400,-38700,479,228135735.0,432,F1,900,,,,,
2026-02-18,2026-02-18,FO,NSE,STO,147812,,PATANJALI,,2026-02-24,2026-02-24,535.0,PE,PATANJALI26FEB535PE,8.5,9.6,5.9,6.5,6.75,11.1,538.15,6.5,99900,50400,309,150894675.0,278,F1,900,,,,,
2026-02-18,2026-02-18,FO,NSE,STO,124648,,PATANJALI,,2026-02-24,2026-02-24,540.0,PE,PATANJALI26FEB540PE,12.0,12.2,7.65,8.9,9.5,14.85,538.15,8.9,122400,36000,283,140052060.0,261,F1,900,,,,,
2026-02-18,2026-02-18,FO,NSE,STO,147814,,PATANJALI,,2026-02-24,2026-02-24,545.0,PE,PATANJALI26FEB545PE,13.75,15.55,10.95,12.1,13.65,20.85,538.15,12.1,25200,900,154,77397390.0,151,F1,900,,,,,
2026-02-18,2026-02-18,FO,NSE,STO,147806,,PATANJALI,,2026-02-24,2026-02-24,505.0,PE,PATANJALI26FEB505PE,1.4,2.1,1.3,1.35,1.6,2.15,538.15,1.35,324900,215100,911,415453275.0,539,F1,900,,,,,
2026-02-18,2026-02-18,FO,NSE,STO,147934,,PATANJALI,,2026-03-30,2026-03-30,420.0,PE,PATANJALI26MAR420PE,0.0,0.0,0.0,1.35,0.0,1.35,538.15,0.05,0,0,0,0.0,0,F1,900,,,,,
2026-02-18,2026-02-18,FO,NSE,STO,148032,,PATANJALI,,2026-03-30,2026-03-30,600.0,PE,PATANJALI26MAR600PE,0.0,0.0,0.0,78.0,78.0,78.0,538.15,61.45,1800,0,0,0.0,0,F1,900,,,,,
2026-02-18,2026-02-18,FO,NSE,STO,148497,,PATANJALI,,2026-04-28,2026-04-28,560.0,PE,PATANJALI26APR560PE,0.0,0.0,0.0,63.75,0.0,63.75,538.15,34.5,0,0,0,0.0,0,F1,900,,,,,
2026-02-18,2026-02-18,FO,NSE,STO,148509,,PATANJALI,,2026-04-28,2026-04-28,620.0,PE,PATANJALI26APR620PE,0.0,0.0,0.0,112.65,0.0,112.65,538.15,79.95,0,0,0,0.0,0,F1,900,,,,,
2026-02-18,2026-02-18,FO,NSE,STO,147813,,PATANJALI,,2026-02-24,2026-02-24,545.0,CE,PATANJALI26FEB545CE,4.7,6.45,3.05,3.85,3.05,3.75,538.15,3.85,51300,-20700,333,164771550.0,300,F1,900,,,,,
2026-02-18,2026-02-18,FO,NSE,STO,124733,,PATANJALI,,2026-02-24,2026-02-24,600.0,CE,PATANJALI26FEB600CE,0.7,0.85,0.4,0.4,0.4,0.7,538.15,0.4,109800,-26100,128,69189480.0,103,F1,900,,,,,
2026-02-18,2026-02-18,FO,NSE,STO,148013,,PATANJALI,,2026-03-30,2026-03-30,510.0,CE,PATANJALI26MAR510CE,0.0,0.0,0.0,32.55,32.55,32.55,538.15,38.3,2700,0,0,0.0,0,F1,900,,,,,
2026-02-18,2026-02-18,FO,NSE,STO,147804,,PATANJALI,,2026-02-24,2026-02-24,495.0,PE,PATANJALI26FEB495PE,1.3,1.3,1.0,1.0,1.05,1.75,538.15,1.0,109800,-9900,22,9823095.0,22,F1,900,,,,,
2026-02-18,2026-02-18,FO,NSE,STO,148062,,PATANJALI,,2026-03-30,2026-03-30,535.0,CE,PATANJALI26MAR535CE,0.0,0.0,0.0,16.6,0.0,16.6,538.15,22.5,0,0,0,0.0,0,F1,900,,,,,
2026-02-18,2026-02-18,FO,NSE,STO,148023,,PATANJALI,,2026-03-30,2026-03-30,560.0,CE,PATANJALI26MAR560CE,10.0,12.75,10.0,11.3,11.0,11.5,538.15,11.3,15300,6300,62,31909005.0,49,F1,900,,,,,
2026-02-18,2026-02-18,FO,NSE,STO,148025,,PATANJALI,,2026-03-30,2026-03-30,570.0,CE,PATANJALI26MAR570CE,0.0,0.0,0.0,28.6,0.0,28.6,538.15,8.7,0,0,0,0.0,0,F1,900,,,,,
2026-02-18,2026-02-18,FO,NSE,STO,158961,,SOLARINDS,,2026-02-24,2026-02-24,14400.0,PE,SOLARINDS26FEB14400PE,0.0,0.0,0.0,1800.0,1800.0,1800.0,13379.65,1019.4,50,0,0,0.0,0,F1,50,,,,,
2026-02-18,2026-02-18,FO,NSE,STO,158957,,SOLARINDS,,2026-02-24,2026-02-24,14200.0,PE,SOLARINDS26FEB14200PE,897.05,974.0,873.05,873.05,873.05,922.35,13379.65,832.45,5550,-450,10,7561497.5,10,F1,50,,,,,
2026-02-18,2026-02-18,FO,NSE,STO,158953,,SOLARINDS,,2026-02-24,2026-02-24,13900.0,PE,SOLARINDS26FEB13900PE,0.0,0.0,0.0,697.1,703.05,697.1,13379.65,572.7,6600,0,0,0.0,0,F1,50,,,,,
2026-02-18,2026-02-18,FO,NSE,STO,158945,,SOLARINDS,,2026-02-24,2026-02-24,13400.0,PE,SOLARINDS26FEB13400PE,265.75,265.75,172.95,199.6,196.25,324.7,13379.65,199.6,4600,0,98,66639072.5,67,F1,50,,,,,
2026-02-18,2026-02-18,FO,NSE,STO,136418,,SOLARINDS,,2026-02-24,2026-02-24,12000.0,PE,SOLARINDS26FEB12000PE,14.95,14.95,6.4,6.95,8.3,16.3,13379.65,6.95,14900,-2000,280,168129260.0,200,F1,50,,,,,
2026-02-18,2026-02-18,FO,NSE,STO,167926,,SOLARINDS,,2026-04-28,2026-04-28,14600.0,CE,SOLARINDS26APR14600CE,0.0,0.0,0.0,437.1,0.0,437.1,13379.65,393.85,0,0,0,0.0,0,F1,50,,,,,
2026-02-18,2026-02-18,FO,NSE,STO,167900,,SOLARINDS,,2026-04-28,2026-04-28,12000.0,CE,SOLARINDS26APR12000CE,0.0,0.0,0.0,1501.95,0.0,1501.95,13379.65,1725.2,0,0,0,0.0,0,F1,50,,,,,
2026-02-18,2026-02-18,FO,NSE,STO,167896,,SOLARINDS,,2026-04-28,2026-04-28,11600.0,CE,SOLARINDS26APR11600CE,0.0,0.0,0.0,1758.6,0.0,1758.6,13379.65,2042.15,0,0,0,0.0,0,F1,50,,,,,
2026-02-18,2026-02-18,FO,NSE,STO,167894,,SOLARINDS,,2026-04-28,2026-04-28,11400.0,CE,SOLARINDS26APR11400CE,0.0,0.0,0.0,1896.2,0.0,1896.2,13379.65,2209.6,0,0,0,0.0,0,F1,50,,,,,
2026-02-18,2026-02-18,FO,NSE,STO,36876,,SOLARINDS,,2026-03-30,2026-03-30,15800.0,CE,SOLARINDS26MAR15800CE,88.75,88.75,73.35,79.2,79.95,85.0,13379.65,79.2,900,300,7,5558237.5,5,F1,50,,,,,
2026-02-18,2026-02-18,FO,NSE,STO,158912,,SOLARINDS,,2026-02-24,2026-02-24,11400.0,CE,SOLARINDS26FEB11400CE,0.0,0.0,0.0,1140.25,0.0,1140.25,13379.65,1989.95,0,0,0,0.0,0,F1,50,,,,,
2026-02-18,2026-02-18,FO,NSE,STO,159066,,SOLARINDS,,2026-03-30,2026-03-30,14400.0,CE,SOLARINDS26MAR14400CE,0.0,0.0,0.0,497.65,497.65,497.65,13379.65,263.1,50,0,0,0.0,0,F1,50,,,,,
2026-02-18,2026-02-18,FO,NSE,STO,159060,,SOLARINDS,,2026-03-30,2026-03-30,13800.0,CE,SOLARINDS26MAR13800CE,492.65,492.65,459.7,459.7,459.7,642.05,13379.65,454.55,400,50,2,1427617.5,2,F1,50,,,,,
2026-02-18,2026-02-18,FO,NSE,STO,159040,,SOLARINDS,,2026-03-30,2026-03-30,11800.0,CE,SOLARINDS26MAR11800CE,0.0,0.0,0.0,1133.7,0.0,1133.7,13379.65,1734.8,0,0,0,0.0,0,F1,50,,,,,
2026-02-18,2026-02-18,FO,NSE,STO,167800,,SOLARINDS,,2026-03-30,2026-03-30,11100.0,CE,SOLARINDS26MAR11100CE,0.0,0.0,0.0,1961.1,0.0,1961.1,13379.65,2370.65,0,0,0,0.0,0,F1,50,,,,,
2026-02-18,2026-02-18,FO,NSE,STO,167829,,SOLARINDS,,2026-03-30,2026-03-30,13900.0,PE,SOLARINDS26MAR13900PE,0.0,0.0,0.0,1433.1,0.0,1433.1,13379.65,853.75,0,0,0,0.0,0,F1,50,,,,,
2026-02-18,2026-02-18,FO,NSE,STO,159041,,SOLARINDS,,2026-03-30,2026-03-30,11800.0,PE,SOLARINDS26MAR11800PE,100.45,112.3,100.45,112.3,112.3,140.0,13379.65,84.25,200,50,4,2381275.0,2,F1,50,,,,,
2026-02-18,2026-02-18,FO,NSE,STO,158971,,SOLARINDS,,2026-02-24,2026-02-24,15100.0,PE,SOLARINDS26FEB15100PE,0.0,0.0,0.0,3005.2,0.0,3005.2,13379.65,1707.25,0,0,0,0.0,0,F1,50,,,,,
2026-02-18,2026-02-18,FO,NSE,STO,136446,,SOLARINDS,,2026-02-24,2026-02-24,15000.0,PE,SOLARINDS26FEB15000PE,1650.0,1780.0,1600.0,1600.0,1600.0,1783.0,13379.65,1607.7,2450,-200,4,3335250.0,4,F1,50,,,,,
2026-02-18,2026-02-18,FO,NSE,STO,158929,,SOLARINDS,,2026-02-24,2026-02-24,12400.0,PE,SOLARINDS26FEB12400PE,17.2,17.2,15.55,15.55,15.55,32.45,13379.65,8.75,4400,-100,16,9933072.5,9,F1,50,,,,,
2026-02-18,2026-02-18,FO,NSE,STO,158923,,SOLARINDS,,2026-02-24,2026-02-24,12100.0,PE,SOLARINDS26FEB12100PE,0.0,0.0,0.0,151.7,151.7,151.7,13379.65,1.9,600,0,0,0.0,0,F1,50,,,,,
2026-02-18,2026-02-18,FO,NSE,STO,167934,,SOLARINDS,,2026-04-28,2026-04-28,15400.0,CE,SOLARINDS26APR15400CE,0.0,0.0,0.0,279.75,0.0,279.75,13379.65,219.5,0,0,0,0.0,0,F1,50,,,,,
2026-02-18,2026-02-18,FO,NSE,STO,167912,,SOLARINDS,,2026-04-28,2026-04-28,13200.0,CE,SOLARINDS26APR13200CE,0.0,0.0,0.0,887.25,0.0,887.25,13379.65,947.8,0,0,0,0.0,0,F1,50,,,,,
2026-02-18,2026-02-18,FO,NSE,STO,167840,,SOLARINDS,,2026-03-30,2026-03-30,15100.0,CE,SOLARINDS26MAR15100CE,132.65,142.0,131.1,137.0,137.0,144.0,13379.65,127.75,900,650,16,12189075.0,6,F1,50,,,,,
2026-02-18,2026-02-18,FO,NSE,STO,167820,,SOLARINDS,,2026-03-30,2026-03-30,13100.0,CE,SOLARINDS26MAR13100CE,711.0,776.1,711.0,776.1,776.1,689.3,13379.65,776.1,200,0,4,2767000.0,4,F1,50,,,,,
2026-02-18,2026-02-18,FO,NSE,STO,159048,,SOLARINDS,,2026-03-30,2026-03-30,12600.0,CE,SOLARINDS26MAR12600CE,0.0,0.0,0.0,768.6,0.0,768.6,13379.65,1106.5,0,0,0,0.0,0,F1,50,,,,,
2026-02-18,2026-02-18,FO,NSE,STO,36862,,SOLARINDS,,2026-02-24,2026-02-24,15700.0,CE,SOLARINDS26FEB15700CE,0.0,0.0,0.0,20.0,20.0,20.0,13379.65,0.05,1900,0,0,0.0,0,F1,50,,,,,
2026-02-18,2026-02-18,FO,NSE,STO,158906,,SOLARINDS,,2026-02-24,2026-02-24,11100.0,CE,SOLARINDS26FEB11100CE,0.0,0.0,0.0,1337.0,0.0,1337.0,13379.65,2289.7,0,0,0,0.0,0,F1,50,,,,,
2026-02-18,2026-02-18,FO,NSE,STO,158914,,SOLARINDS,,2026-02-24,2026-02-24,11600.0,CE,SOLARINDS26FEB11600CE,0.0,0.0,0.0,1019.65,0.0,1019.65,13379.65,1790.2,0,0,0,0.0,0,F1,50,,,,,
2026-02-18,2026-02-18,FO,NSE,STO,167925,,SOLARINDS,,2026-04-28,2026-04-28,14400.0,PE,SOLARINDS26APR14400PE,0.0,0.0,0.0,1899.25,0.0,1899.25,13379.65,1323.1,0,0,0,0.0,0,F1,50,,,,,
2026-02-18,2026-02-18,FO,NSE,STO,167921,,SOLARINDS,,2026-04-28,2026-04-28,14000.0,PE,SOLARINDS26APR14000PE,0.0,0.0,0.0,1618.15,0.0,1618.15,13379.65,1062.9,0,0,0,0.0,0,F1,50,,,,,
2026-02-18,2026-02-18,FO,NSE,STO,167913,,SOLARINDS,,2026-04-28,2026-04-28,13200.0,PE,SOLARINDS26APR13200PE,0.0,0.0,0.0,1119.1,0.0,1119.1,13379.65,631.6,0,0,0,0.0,0,F1,50,,,,,
2026-02-18,2026-02-18,FO,NSE,STO,167899,,SOLARINDS,,2026-04-28,2026-04-28,11800.0,PE,SOLARINDS26APR11800PE,0.0,0.0,0.0,480.1,0.0,480.1,13379.65,178.8,0,0,0,0.0,0,F1,50,,,,,
2026-02-18,2026-02-18,FO,NSE,STO,167841,,SOLARINDS,,2026-03-30,2026-03-30,15100.0,PE,SOLARINDS26MAR15100PE,0.0,0.0,0.0,2368.4,0.0,2368.4,13379.65,1757.35,0,0,0,0.0,0,F1,50,,,,,
2026-02-18,2026-02-18,FO,NSE,STO,159071,,SOLARINDS,,2026-03-30,2026-03-30,14800.0,PE,SOLARINDS26MAR14800PE,0.0,0.0,0.0,2773.1,0.0,2773.1,13379.65,1507.45,0,0,0,0.0,0,F1,50,,,,,
2026-02-18,2026-02-18,FO,NSE,STO,167835,,SOLARINDS,,2026-03-30,2026-03-30,14500.0,PE,SOLARINDS26MAR14500PE,1343.0,1343.0,1224.15,1224.15,1224.15,1380.0,13379.65,1224.15,500,450,9,7122607.5,6,F1,50,,,,,
2026-02-18,2026-02-18,FO,NSE,STO,167817,,SOLARINDS,,2026-03-30,2026-03-30,12700.0,PE,SOLARINDS26MAR12700PE,0.0,0.0,0.0,456.85,456.85,456.85,13379.65,281.95,100,0,0,0.0,0,F1,50,,,,,
2026-02-18,2026-02-18,FO,NSE,STO,158979,,SOLARINDS,,2026-02-24,2026-02-24,15600.0,PE,SOLARINDS26FEB15600PE,0.0,0.0,0.0,3473.3,0.0,3473.3,13379.65,2206.3,0,0,0,0.0,0,F1,50,,,,,
2026-02-18,2026-02-18,FO,NSE,STO,158977,,SOLARINDS,,2026-02-24,2026-02-24,15400.0,PE,SOLARINDS26FEB15400PE,0.0,0.0,0.0,2000.0,2000.0,2000.0,13379.65,2006.55,1100,0,0,0.0,0,F1,50,,,,,
2026-02-18,2026-02-18,FO,NSE,STO,158963,,SOLARINDS,,2026-02-24,2026-02-24,14600.0,PE,SOLARINDS26FEB14600PE,0.0,0.0,0.0,1164.65,1164.65,1164.65,13379.65,1212.6,350,0,0,0.0,0,F1,50,,,,,
2026-02-18,2026-02-18,FO,NSE,STO,158939,,SOLARINDS,,2026-02-24,2026-02-24,13100.0,PE,SOLARINDS26FEB13100PE,177.8,177.8,79.5,81.0,81.0,177.8,13379.65,81.0,4100,100,73,48337130.0,69,F1,50,,,,,
2026-02-18,2026-02-18,FO,NSE,STO,158917,,SOLARINDS,,2026-02-24,2026-02-24,11700.0,PE,SOLARINDS26FEB11700PE,11.2,11.2,5.0,5.0,5.0,11.2,13379.65,5.0,2000,-100,3,1756060.0,2,F1,50,,,,,
2026-02-18,2026-02-18,FO,NSE,STO,167918,,SOLARINDS,,2026-04-28,2026-04-28,13800.0,CE,SOLARINDS26APR13800CE,0.0,0.0,0.0,662.45,0.0,662.45,13379.65,665.9,0,0,0,0.0,0,F1,50,,,,,
2026-02-18,2026-02-18,FO,NSE,STO,167910,,SOLARINDS,,2026-04-28,2026-04-28,13000.0,CE,SOLARINDS26APR13000CE,0.0,0.0,0.0,973.95,0.0,973.95,13379.65,1057.7,0,0,0,0.0,0,F1,50,,,,,
2026-02-18,2026-02-18,FO,NSE,STO,167906,,SOLARINDS,,2026-04-28,2026-04-28,12600.0,CE,SOLARINDS26APR12600CE,0.0,0.0,0.0,1165.95,0.0,1165.95,13379.65,1301.6,0,0,0,0.0,0,F1,50,,,,,
2026-02-18,2026-02-18,FO,NSE,STO,167838,,SOLARINDS,,2026-03-30,2026-03-30,14900.0,CE,SOLARINDS26MAR14900CE,161.95,165.95,148.4,150.65,152.2,174.55,13379.65,150.65,950,450,19,14305855.0,16,F1,50,,,,,
2026-02-18,2026-02-18,FO,NSE,STO,167834,,SOLARINDS,,2026-03-30,2026-03-30,14500.0,CE,SOLARINDS26MAR14500CE,250.0,255.0,200.0,220.65,200.0,223.2,13379.65,220.65,1350,200,11,8107350.0,11,F1,50,,,,,
2026-02-18,2026-02-18,FO,NSE,STO,167830,,SOLARINDS,,2026-03-30,2026-03-30,14100.0,CE,SOLARINDS26MAR14100CE,0.0,0.0,0.0,479.5,479.5,479.5,13379.65,348.75,50,0,0,0.0,0,F1,50,,,,,
2026-02-18,2026-02-18,FO,NSE,STO,159034,,SOLARINDS,,2026-03-30,2026-03-30,11200.0,CE,SOLARINDS26MAR11200CE,0.0,0.0,0.0,1478.25,0.0,1478.25,13379.65,2276.5,0,0,0,0.0,0,F1,50,,,,,
2026-02-18,2026-02-18,FO,NSE,STO,136447,,SOLARINDS,,2026-02-24,2026-02-24,15500.0,CE,SOLARINDS26FEB15500CE,6.0,7.65,3.8,6.8,6.8,9.95,13379.65,0.05,3350,-550,30,23259887.5,22,F1,50,,,,,
2026-02-18,2026-02-18,FO,NSE,STO,158976,,SOLARINDS,,2026-02-24,2026-02-24,15400.0,CE,SOLARINDS26FEB15400CE,7.4,9.0,5.0,6.85,6.75,9.7,13379.65,6.85,10850,-1350,539,415232667.5,408,F1,50,,,,,
2026-02-18,2026-02-18,FO,NSE,STO,158968,,SOLARINDS,,2026-02-24,2026-02-24,14900.0,CE,SOLARINDS26FEB14900CE,13.6,14.0,9.55,9.75,9.75,51.7,13379.65,1.45,1250,-300,9,6710172.5,9,F1,50,,,,,
2026-02-18,2026-02-18,FO,NSE,STO,158946,,SOLARINDS,,2026-02-24,2026-02-24,13600.0,CE,SOLARINDS26FEB13600CE,170.0,180.0,98.0,128.3,118.3,146.25,13379.65,128.3,17550,-750,157,107883310.0,132,F1,50,,,,,
2026-02-18,2026-02-18,FO,NSE,STO,158942,,SOLARINDS,,2026-02-24,2026-02-24,13300.0,CE,SOLARINDS26FEB13300CE,230.0,319.45,180.1,248.35,241.05,247.05,13379.65,248.35,9550,-2800,883,598186342.5,700,F1,50,,,,,
2026-02-18,2026-02-18,FO,NSE,STO,158908,,SOLARINDS,,2026-02-24,2026-02-24,11200.0,CE,SOLARINDS26FEB11200CE,0.0,0.0,0.0,1269.35,0.0,1269.35,13379.65,2189.75,0,0,0,0.0,0,F1,50,,,,,
2026-02-18,2026-02-18,FO,NSE,STO,158902,,SOLARINDS,,2026-02-24,2026-02-24,10800.0,CE,SOLARINDS26FEB10800CE,0.0,0.0,0.0,1552.4,0.0,1552.4,13379.65,2589.4,0,0,0,0.0,0,F1,50,,,,,
2026-02-18,2026-02-18,FO,NSE,STF,59470,,SOLARINDS,,2026-02-24,2026-02-24,,,SOLARINDS26FEBFUT,13257.0,13499.0,13200.0,13392.0,13360.0,13279.0,13379.65,13392.0,732850,-39300,1974,1319501800.0,1799,F1,50,,,,,
2026-02-18,2026-02-18,FO,NSE,STF,52035,,SOLARINDS,,2026-03-30,2026-03-30,,,SOLARINDS26MARFUT,13359.0,13598.0,13287.0,13477.0,13454.0,13359.0,13379.65,13477.0,123800,32250,1209,813744950.0,1143,F1,50,,,,,
2026-02-18,2026-02-18,FO,NSE,STO,136413,,SOLARINDS,,2026-02-24,2026-02-24,11000.0,CE,SOLARINDS26FEB11000CE,0.0,0.0,0.0,2730.0,2730.0,2730.0,13379.65,2389.6,350,0,0,0.0,0,F1,50,,,,,
2026-02-18,2026-02-18,FO,NSE,STO,167810,,SOLARINDS,,2026-03-30,2026-03-30,12100.0,CE,SOLARINDS26MAR12100CE,0.0,0.0,0.0,1250.5,0.0,1250.5,13379.65,1484.0,0,0,0,0.0,0,F1,50,,,,,
2026-02-18,2026-02-18,FO,NSE,STO,159050,,SOLARINDS,,2026-03-30,2026-03-30,12800.0,CE,SOLARINDS26MAR12800CE,0.0,0.0,0.0,693.3,0.0,693.3,13379.65,971.85,0,0,0,0.0,0,F1,50,,,,,
2026-02-18,2026-02-18,FO,NSE,STO,159054,,SOLARINDS,,2026-03-30,2026-03-30,13200.0,CE,SOLARINDS26MAR13200CE,0.0,0.0,0.0,711.2,711.2,711.2,13379.65,733.45,350,0,0,0.0,0,F1,50,,,,,
2026-02-18,2026-02-18,FO,NSE,STO,167822,,SOLARINDS,,2026-03-30,2026-03-30,13300.0,CE,SOLARINDS26MAR13300CE,621.0,683.0,621.0,673.1,663.15,621.65,13379.65,673.1,250,50,4,2789407.5,4,F1,50,,,,,
2026-02-18,2026-02-18,FO,NSE,STO,159056,,SOLARINDS,,2026-03-30,2026-03-30,13400.0,CE,SOLARINDS26MAR13400CE,700.25,700.25,594.15,623.6,594.15,850.0,13379.65,623.6,250,150,5,3509732.5,5,F1,50,,,,,
2026-02-18,2026-02-18,FO,NSE,STO,167828,,SOLARINDS,,2026-03-30,2026-03-30,13900.0,CE,SOLARINDS26MAR13900CE,0.0,0.0,0.0,549.3,549.3,549.3,13379.65,416.9,50,0,0,0.0,0,F1,50,,,,,
2026-02-18,2026-02-18,FO,NSE,STO,167836,,SOLARINDS,,2026-03-30,2026-03-30,14700.0,CE,SOLARINDS26MAR14700CE,176.35,184.6,158.8,184.55,184.6,253.2,13379.65,184.55,400,150,5,3719030.0,4,F1,50,,,,,
2026-02-18,2026-02-18,FO,NSE,STO,167844,,SOLARINDS,,2026-03-30,2026-03-30,15500.0,CE,SOLARINDS26MAR15500CE,0.0,0.0,0.0,107.9,107.9,107.9,13379.65,81.25,550,0,0,0.0,0,F1,50,,,,,
2026-02-18,2026-02-18,FO,NSE,STO,167898,,SOLARINDS,,2026-04-28,2026-04-28,11800.0,CE,SOLARINDS26APR11800CE,0.0,0.0,0.0,1626.8,0.0,1626.8,13379.65,1880.5,0,0,0,0.0,0,F1,50,,,,,
2026-02-18,2026-02-18,FO,NSE,STO,158943,,SOLARINDS,,2026-02-24,2026-02-24,13300.0,PE,SOLARINDS26FEB13300PE,255.15,260.7,141.55,159.1,170.05,269.45,13379.65,159.1,4050,350,105,70839830.0,96,F1,50,,,,,
2026-02-18,2026-02-18,FO,NSE,STO,158947,,SOLARINDS,,2026-02-24,2026-02-24,13600.0,PE,SOLARINDS26FEB13600PE,400.0,442.6,277.75,335.2,357.5,529.05,13379.65,335.2,2600,-250,17,11852100.0,16,F1,50,,,,,
2026-02-18,2026-02-18,FO,NSE,STO,158951,,SOLARINDS,,2026-02-24,2026-02-24,13800.0,PE,SOLARINDS26FEB13800PE,0.0,0.0,0.0,618.1,618.1,618.1,13379.65,494.2,3650,0,0,0.0,0,F1,50,,,,,
2026-02-18,2026-02-18,FO,NSE,STO,136444,,SOLARINDS,,2026-02-24,2026-02-24,14500.0,PE,SOLARINDS26FEB14500PE,1278.0,1278.0,1085.0,1085.0,1085.0,1286.0,13379.65,1115.45,700,-450,10,7877277.5,5,F1,50,,,,,
2026-02-18,2026-02-18,FO,NSE,STO,158967,,SOLARINDS,,2026-02-24,2026-02-24,14800.0,PE,SOLARINDS26FEB14800PE,0.0,0.0,0.0,2140.0,2140.0,2140.0,13379.65,1409.25,2650,0,0,0.0,0,F1,50,,,,,
2026-02-18,2026-02-18,FO,NSE,STO,36863,,SOLARINDS,,2026-02-24,2026-02-24,15700.0,PE,SOLARINDS26FEB15700PE,0.0,0.0,0.0,2635.15,2635.15,2635.15,13379.65,2306.2,50,0,0,0.0,0,F1,50,,,,,
2026-02-18,2026-02-18,FO,NSE,STO,159031,,SOLARINDS,,2026-03-30,2026-03-30,10800.0,PE,SOLARINDS26MAR10800PE,0.0,0.0,0.0,354.55,0.0,354.55,13379.65,12.9,0,0,0,0.0,0,F1,50,,,,,
2026-02-18,2026-02-18,FO,NSE,STO,159037,,SOLARINDS,,2026-03-30,2026-03-30,11400.0,PE,SOLARINDS26MAR11400PE,0.0,0.0,0.0,559.75,0.0,559.75,13379.65,42.95,0,0,0,0.0,0,F1,50,,,,,
2026-02-18,2026-02-18,FO,NSE,STO,159039,,SOLARINDS,,2026-03-30,2026-03-30,11600.0,PE,SOLARINDS26MAR11600PE,0.0,0.0,0.0,98.0,98.0,98.0,13379.65,60.85,300,0,0,0.0,0,F1,50,,,,,
2026-02-18,2026-02-18,FO,NSE,STO,159047,,SOLARINDS,,2026-03-30,2026-03-30,12400.0,PE,SOLARINDS26MAR12400PE,0.0,0.0,0.0,245.0,245.0,245.0,13379.65,196.65,200,0,0,0.0,0,F1,50,,,,,
2026-02-18,2026-02-18,FO,NSE,STO,159063,,SOLARINDS,,2026-03-30,2026-03-30,14000.0,PE,SOLARINDS26MAR14000PE,951.0,951.0,830.0,854.15,866.3,923.3,13379.65,854.15,200,100,7,5201582.5,6,F1,50,,,,,
2026-02-18,2026-02-18,FO,NSE,STO,159075,,SOLARINDS,,2026-03-30,2026-03-30,15200.0,PE,SOLARINDS26MAR15200PE,0.0,0.0,0.0,3118.1,0.0,3118.1,13379.65,1843.4,0,0,0,0.0,0,F1,50,,,,,
2026-02-18,2026-02-18,FO,NSE,STO,159079,,SOLARINDS,,2026-03-30,2026-03-30,15600.0,PE,SOLARINDS26MAR15600PE,0.0,0.0,0.0,3473.1,0.0,3473.1,13379.65,2198.9,0,0,0,0.0,0,F1,50,,,,,
2026-02-18,2026-02-18,FO,NSE,STO,167847,,SOLARINDS,,2026-03-30,2026-03-30,15700.0,PE,SOLARINDS26MAR15700PE,0.0,0.0,0.0,2891.3,0.0,2891.3,13379.65,2290.15,0,0,0,0.0,0,F1,50,,,,,
2026-02-18,2026-02-18,FO,NSE,STO,167895,,SOLARINDS,,2026-04-28,2026-04-28,11400.0,PE,SOLARINDS26APR11400PE,0.0,0.0,0.0,355.6,0.0,355.6,13379.65,112.05,0,0,0,0.0,0,F1,50,,,,,
2026-02-18,2026-02-18,FO,NSE,STO,167927,,SOLARINDS,,2026-04-28,2026-04-28,14600.0,PE,SOLARINDS26APR14600PE,0.0,0.0,0.0,2047.5,0.0,2047.5,13379.65,1463.2,0,0,0,0.0,0,F1,50,,,,,
2026-02-18,2026-02-18,FO,NSE,STO,167935,,SOLARINDS,,2026-04-28,2026-04-28,15400.0,PE,SOLARINDS26APR15400PE,0.0,0.0,0.0,2677.9,0.0,2677.9,13379.65,2080.55,0,0,0,0.0,0,F1,50,,,,,
2026-02-18,2026-02-18,FO,NSE,STO,167825,,SOLARINDS,,2026-03-30,2026-03-30,13500.0,PE,SOLARINDS26MAR13500PE,625.0,679.4,520.0,547.35,564.1,691.35,13379.65,547.35,5950,2750,84,59166995.0,57,F1,50,,,,,
2026-02-18,2026-02-18,FO,NSE,STO,167893,,SOLARINDS,,2026-04-28,2026-04-28,11200.0,PE,SOLARINDS26APR11200PE,0.0,0.0,0.0,302.3,0.0,302.3,13379.65,86.8,0,0,0,0.0,0,F1,50,,,,,
2026-02-18,2026-02-18,FO,NSE,STO,167933,,SOLARINDS,,2026-04-28,2026-04-28,15200.0,PE,SOLARINDS26APR15200PE,0.0,0.0,0.0,2514.75,0.0,2514.75,13379.65,1918.55,0,0,0,0.0,0,F1,50,,,,,
2026-02-18,2026-02-18,FO,NSE,STO,167937,,SOLARINDS,,2026-04-28,2026-04-28,15600.0,PE,SOLARINDS26APR15600PE,0.0,0.0,0.0,2844.3,0.0,2844.3,13379.65,2247.0,0,0,0,0.0,0,F1,50,,,,,
2026-02-18,2026-02-18,FO,NSE,STO,167939,,SOLARINDS,,2026-04-28,2026-04-28,15800.0,PE,SOLARINDS26APR15800PE,0.0,0.0,0.0,3013.7,0.0,3013.7,13379.65,2417.4,0,0,0,0.0,0,F1,50,,,,,
2026-02-18,2026-02-18,FO,NSE,STF,67013,,SOLARINDS,,2026-04-28,2026-04-28,,,SOLARINDS26APRFUT,13500.0,13623.0,13398.0,13566.0,13551.0,13442.0,13379.65,13566.0,35150,-150,24,16238850.0,24,F1,50,,,,,
2026-02-18,2026-02-18,FO,NSE,STO,158928,,SOLARINDS,,2026-02-24,2026-02-24,12400.0,CE,SOLARINDS26FEB12400CE,0.0,0.0,0.0,793.65,793.65,793.65,13379.65,999.65,200,0,0,0.0,0,F1,50,,,,,
2026-02-18,2026-02-18,FO,NSE,STO,158932,,SOLARINDS,,2026-02-24,2026-02-24,12700.0,CE,SOLARINDS26FEB12700CE,0.0,0.0,0.0,624.3,624.3,624.3,13379.65,722.0,750,0,0,0.0,0,F1,50,,,,,
2026-02-18,2026-02-18,FO,NSE,STO,158936,,SOLARINDS,,2026-02-24,2026-02-24,12900.0,CE,SOLARINDS26FEB12900CE,0.0,0.0,0.0,493.0,493.0,493.0,13379.65,553.45,1700,0,0,0.0,0,F1,50,,,,,
2026-02-18,2026-02-18,FO,NSE,STO,158956,,SOLARINDS,,2026-02-24,2026-02-24,14200.0,CE,SOLARINDS26FEB14200CE,48.5,52.15,29.75,36.05,35.9,48.5,13379.65,36.05,12250,-1350,124,88283570.0,80,F1,50,,,,,
2026-02-18,2026-02-18,FO,NSE,STO,158958,,SOLARINDS,,2026-02-24,2026-02-24,14300.0,CE,SOLARINDS26FEB14300CE,33.8,43.45,27.85,29.35,27.85,44.0,13379.65,29.35,3850,-300,18,12901057.5,16,F1,50,,,,,
2026-02-18,2026-02-18,FO,NSE,STO,158960,,SOLARINDS,,2026-02-24,2026-02-24,14400.0,CE,SOLARINDS26FEB14400CE,27.2,36.0,21.9,36.0,36.0,35.25,13379.65,12.05,3750,-950,58,41841397.5,23,F1,50,,,,,
2026-02-18,2026-02-18,FO,NSE,STO,167804,,SOLARINDS,,2026-03-30,2026-03-30,11500.0,CE,SOLARINDS26MAR11500CE,0.0,0.0,0.0,1656.25,0.0,1656.25,13379.65,2000.05,0,0,0,0.0,0,F1,50,,,,,
2026-02-18,2026-02-18,FO,NSE,STO,159046,,SOLARINDS,,2026-03-30,2026-03-30,12400.0,CE,SOLARINDS26MAR12400CE,0.0,0.0,0.0,850.1,0.0,850.1,13379.65,1250.8,0,0,0,0.0,0,F1,50,,,,,
2026-02-18,2026-02-18,FO,NSE,STO,159058,,SOLARINDS,,2026-03-30,2026-03-30,13600.0,CE,SOLARINDS26MAR13600CE,0.0,0.0,0.0,485.35,485.35,485.35,13379.65,537.2,150,0,0,0.0,0,F1,50,,,,,
2026-02-18,2026-02-18,FO,NSE,STO,159062,,SOLARINDS,,2026-03-30,2026-03-30,14000.0,CE,SOLARINDS26MAR14000CE,366.0,405.0,320.0,356.85,354.85,355.15,13379.65,356.85,10550,2650,210,150852282.5,151,F1,50,,,,,
2026-02-18,2026-02-18,FO,NSE,STO,167890,,SOLARINDS,,2026-04-28,2026-04-28,11000.0,CE,SOLARINDS26APR11000CE,0.0,0.0,0.0,2188.7,0.0,2188.7,13379.65,2559.6,0,0,0,0.0,0,F1,50,,,,,
2026-02-18,2026-02-18,FO,NSE,STO,167922,,SOLARINDS,,2026-04-28,2026-04-28,14200.0,CE,SOLARINDS26APR14200CE,0.0,0.0,0.0,539.75,0.0,539.75,13379.65,516.05,0,0,0,0.0,0,F1,50,,,,,
2026-02-18,2026-02-18,FO,NSE,STO,158897,,SOLARINDS,,2026-02-24,2026-02-24,10400.0,PE,SOLARINDS26FEB10400PE,2.0,2.0,2.0,2.0,2.0,5.5,13379.65,0.05,850,-50,1,520100.0,1,F1,50,,,,,
2026-02-18,2026-02-18,FO,NSE,STO,158899,,SOLARINDS,,2026-02-24,2026-02-24,10600.0,PE,SOLARINDS26FEB10600PE,0.0,0.0,0.0,18.25,18.25,18.25,13379.65,0.05,300,0,0,0.0,0,F1,50,,,,,
2026-02-18,2026-02-18,FO,NSE,STO,136420,,SOLARINDS,,2026-02-24,2026-02-24,12500.0,PE,SOLARINDS26FEB12500PE,34.85,34.9,15.45,16.8,16.1,42.2,13379.65,16.8,26450,-3000,693,433887752.5,523,F1,50,,,,,
2026-02-18,2026-02-18,FO,NSE,STO,158933,,SOLARINDS,,2026-02-24,2026-02-24,12700.0,PE,SOLARINDS26FEB12700PE,66.85,66.85,24.1,27.2,27.15,66.85,13379.65,27.2,2450,-200,95,60512537.5,87,F1,50,,,,,
2026-02-18,2026-02-18,FO,NSE,STO,158965,,SOLARINDS,,2026-02-24,2026-02-24,14700.0,PE,SOLARINDS26FEB14700PE,0.0,0.0,0.0,1880.0,1880.0,1880.0,13379.65,1310.65,200,0,0,0.0,0,F1,50,,,,,
2026-02-18,2026-02-18,FO,NSE,STO,158975,,SOLARINDS,,2026-02-24,2026-02-24,15300.0,PE,SOLARINDS26FEB15300PE,0.0,0.0,0.0,3191.05,0.0,3191.05,13379.65,1906.7,0,0,0,0.0,0,F1,50,,,,,
2026-02-18,2026-02-18,FO,NSE,STO,167811,,SOLARINDS,,2026-03-30,2026-03-30,12100.0,PE,SOLARINDS26MAR12100PE,122.4,130.25,106.3,114.3,130.25,205.55,13379.65,114.3,350,200,6,3665577.5,4,F1,50,,,,,
2026-02-18,2026-02-18,FO,NSE,STO,159053,,SOLARINDS,,2026-03-30,2026-03-30,13000.0,PE,SOLARINDS26MAR13000PE,360.0,360.0,312.5,313.0,313.0,498.2,13379.65,313.0,1800,350,35,23332165.0,34,F1,50,,,,,
2026-02-18,2026-02-18,FO,NSE,STO,167816,,SOLARINDS,,2026-03-30,2026-03-30,12700.0,CE,SOLARINDS26MAR12700CE,0.0,0.0,0.0,914.5,0.0,914.5,13379.65,1037.95,0,0,0,0.0,0,F1,50,,,,,
2026-02-18,2026-02-18,FO,NSE,STO,167818,,SOLARINDS,,2026-03-30,2026-03-30,12900.0,CE,SOLARINDS26MAR12900CE,0.0,0.0,0.0,817.95,0.0,817.95,13379.65,908.35,0,0,0,0.0,0,F1,50,,,,,
2026-02-18,2026-02-18,FO,NSE,STO,167826,,SOLARINDS,,2026-03-30,2026-03-30,13700.0,CE,SOLARINDS26MAR13700CE,0.0,0.0,0.0,461.2,461.2,461.2,13379.65,494.6,50,0,0,0.0,0,F1,50,,,,,
2026-02-18,2026-02-18,FO,NSE,STO,167888,,SOLARINDS,,2026-04-28,2026-04-28,10800.0,CE,SOLARINDS26APR10800CE,0.0,0.0,0.0,2343.55,0.0,2343.55,13379.65,2741.0,0,0,0,0.0,0,F1,50,,,,,
2026-02-18,2026-02-18,FO,NSE,STO,158918,,SOLARINDS,,2026-02-24,2026-02-24,11800.0,CE,SOLARINDS26FEB11800CE,0.0,0.0,0.0,907.75,0.0,907.75,13379.65,1590.6,0,0,0,0.0,0,F1,50,,,,,
2026-02-18,2026-02-18,FO,NSE,STO,167892,,SOLARINDS,,2026-04-28,2026-04-28,11200.0,CE,SOLARINDS26APR11200CE,0.0,0.0,0.0,2039.85,0.0,2039.85,13379.65,2382.3,0,0,0,0.0,0,F1,50,,,,,
2026-02-18,2026-02-18,FO,NSE,STO,158905,,SOLARINDS,,2026-02-24,2026-02-24,10900.0,PE,SOLARINDS26FEB10900PE,0.0,0.0,0.0,250.4,0.0,250.4,13379.65,0.05,0,0,0,0.0,0,F1,50,,,,,
2026-02-18,2026-02-18,FO,NSE,STO,136414,,SOLARINDS,,2026-02-24,2026-02-24,11000.0,PE,SOLARINDS26FEB11000PE,3.95,4.05,1.5,1.75,1.65,4.45,13379.65,1.75,5400,-800,584,321264100.0,543,F1,50,,,,,
2026-02-18,2026-02-18,FO,NSE,STO,158925,,SOLARINDS,,2026-02-24,2026-02-24,12200.0,PE,SOLARINDS26FEB12200PE,0.0,0.0,0.0,69.0,69.0,69.0,13379.65,3.25,1200,0,0,0.0,0,F1,50,,,,,
2026-02-18,2026-02-18,FO,NSE,STO,158937,,SOLARINDS,,2026-02-24,2026-02-24,12900.0,PE,SOLARINDS26FEB12900PE,100.0,100.0,40.25,48.65,49.7,108.8,13379.65,48.65,4300,450,83,53793787.5,80,F1,50,,,,,
2026-02-18,2026-02-18,FO,NSE,STO,136422,,SOLARINDS,,2026-02-24,2026-02-24,13000.0,PE,SOLARINDS26FEB13000PE,138.85,138.85,53.3,62.35,70.6,135.4,13379.65,62.35,19500,-4900,505,330397472.5,443,F1,50,,,,,
2026-02-18,2026-02-18,FO,NSE,STO,136442,,SOLARINDS,,2026-02-24,2026-02-24,14000.0,PE,SOLARINDS26FEB14000PE,720.0,829.65,588.6,663.45,675.0,780.15,13379.65,663.45,15050,-850,31,22790152.5,25,F1,50,,,,,
2026-02-18,2026-02-18,FO,NSE,STO,158955,,SOLARINDS,,2026-02-24,2026-02-24,14100.0,PE,SOLARINDS26FEB14100PE,0.0,0.0,0.0,843.7,843.7,843.7,13379.65,742.5,1000,0,0,0.0,0,F1,50,,,,,
2026-02-18,2026-02-18,FO,NSE,STO,158959,,SOLARINDS,,2026-02-24,2026-02-24,14300.0,PE,SOLARINDS26FEB14300PE,0.0,0.0,0.0,713.1,713.1,713.1,13379.65,924.9,200,0,0,0.0,0,F1,50,,,,,
2026-02-18,2026-02-18,FO,NSE,STO,167907,,SOLARINDS,,2026-04-28,2026-04-28,12600.0,PE,SOLARINDS26APR12600PE,0.0,0.0,0.0,807.0,0.0,807.0,13379.65,391.65,0,0,0,0.0,0,F1,50,,,,,
2026-02-18,2026-02-18,FO,NSE,STO,136417,,SOLARINDS,,2026-02-24,2026-02-24,12000.0,CE,SOLARINDS26FEB12000CE,1440.9,1440.9,1440.9,1440.9,1440.9,1061.1,13379.65,1391.55,250,0,2,1344090.0,1,F1,50,,,,,
2026-02-18,2026-02-18,FO,NSE,STO,158924,,SOLARINDS,,2026-02-24,2026-02-24,12200.0,CE,SOLARINDS26FEB12200CE,1290.0,1290.0,1290.0,1290.0,1290.0,960.3,13379.65,1193.95,100,-50,1,674500.0,1,F1,50,,,,,
2026-02-18,2026-02-18,FO,NSE,STO,158926,,SOLARINDS,,2026-02-24,2026-02-24,12300.0,CE,SOLARINDS26FEB12300CE,0.0,0.0,0.0,895.6,895.6,895.6,13379.65,1096.2,350,0,0,0.0,0,F1,50,,,,,
2026-02-18,2026-02-18,FO,NSE,STO,136443,,SOLARINDS,,2026-02-24,2026-02-24,14500.0,CE,SOLARINDS26FEB14500CE,32.7,36.6,17.6,21.5,21.15,32.75,13379.65,21.5,61650,-7800,1496,1086549770.0,1016,F1,50,,,,,
2026-02-18,2026-02-18,FO,NSE,STO,158966,,SOLARINDS,,2026-02-24,2026-02-24,14800.0,CE,SOLARINDS26FEB14800CE,18.9,21.15,13.3,13.8,13.35,21.0,13379.65,13.8,3500,-1000,43,31857200.0,41,F1,50,,,,,
2026-02-18,2026-02-18,FO,NSE,STO,136445,,SOLARINDS,,2026-02-24,2026-02-24,15000.0,CE,SOLARINDS26FEB15000CE,16.0,19.2,9.0,10.3,9.4,15.95,13379.65,10.3,62750,-5300,711,533650905.0,477,F1,50,,,,,
2026-02-18,2026-02-18,FO,NSE,STO,158970,,SOLARINDS,,2026-02-24,2026-02-24,15100.0,CE,SOLARINDS26FEB15100CE,0.0,0.0,0.0,15.55,15.55,15.55,13379.65,0.55,3400,0,0,0.0,0,F1,50,,,,,
2026-02-18,2026-02-18,FO,NSE,STO,158974,,SOLARINDS,,2026-02-24,2026-02-24,15300.0,CE,SOLARINDS26FEB15300CE,4.7,9.0,4.25,4.25,4.25,10.65,13379.65,4.25,1700,-150,12,9183930.0,12,F1,50,,,,,
2026-02-18,2026-02-18,FO,NSE,STO,167806,,SOLARINDS,,2026-03-30,2026-03-30,11700.0,CE,SOLARINDS26MAR11700CE,0.0,0.0,0.0,1619.9,1619.9,1619.9,13379.65,1821.75,200,0,0,0.0,0,F1,50,,,,,
2026-02-18,2026-02-18,FO,NSE,STO,158898,,SOLARINDS,,2026-02-24,2026-02-24,10600.0,CE,SOLARINDS26FEB10600CE,0.0,0.0,0.0,2200.0,2200.0,2200.0,13379.65,2789.25,50,0,0,0.0,0,F1,50,,,,,
2026-02-18,2026-02-18,FO,NSE,STO,159077,,SOLARINDS,,2026-03-30,2026-03-30,15400.0,PE,SOLARINDS26MAR15400PE,0.0,0.0,0.0,3294.45,0.0,3294.45,13379.65,2019.05,0,0,0,0.0,0,F1,50,,,,,
2026-02-18,2026-02-18,FO,NSE,STO,158930,,SOLARINDS,,2026-02-24,2026-02-24,12600.0,CE,SOLARINDS26FEB12600CE,0.0,0.0,0.0,496.05,496.05,496.05,13379.65,811.9,1000,0,0,0.0,0,F1,50,,,,,
2026-02-18,2026-02-18,FO,NSE,STO,136423,,SOLARINDS,,2026-02-24,2026-02-24,13500.0,CE,SOLARINDS26FEB13500CE,163.95,217.0,118.65,159.45,153.6,173.55,13379.65,159.45,48100,-16100,3576,2444156807.5,2539,F1,50,,,,,
2026-02-18,2026-02-18,FO,NSE,STO,167808,,SOLARINDS,,2026-03-30,2026-03-30,11900.0,CE,SOLARINDS26MAR11900CE,0.0,0.0,0.0,1378.0,0.0,1378.0,13379.65,1649.45,0,0,0,0.0,0,F1,50,,,,,
2026-02-18,2026-02-18,FO,NSE,STO,159074,,SOLARINDS,,2026-03-30,2026-03-30,15200.0,CE,SOLARINDS26MAR15200CE,0.0,0.0,0.0,116.5,116.5,116.5,13379.65,114.4,250,0,0,0.0,0,F1,50,,,,,
2026-02-18,2026-02-18,FO,NSE,STO,167799,,SOLARINDS,,2026-03-30,2026-03-30,10900.0,PE,SOLARINDS26MAR10900PE,0.0,0.0,0.0,143.15,0.0,143.15,13379.65,16.05,0,0,0,0.0,0,F1,50,,,,,
2026-02-18,2026-02-18,FO,NSE,STO,159033,,SOLARINDS,,2026-03-30,2026-03-30,11000.0,PE,SOLARINDS26MAR11000PE,0.0,0.0,0.0,415.85,0.0,415.85,13379.65,19.8,0,0,0,0.0,0,F1,50,,,,,
2026-02-18,2026-02-18,FO,NSE,STO,167805,,SOLARINDS,,2026-03-30,2026-03-30,11500.0,PE,SOLARINDS26MAR11500PE,52.0,53.5,52.0,53.5,53.5,90.0,13379.65,53.5,850,0,2,1155275.0,2,F1,50,,,,,
2026-02-18,2026-02-18,FO,NSE,STO,167815,,SOLARINDS,,2026-03-30,2026-03-30,12500.0,PE,SOLARINDS26MAR12500PE,0.0,0.0,0.0,254.0,254.0,254.0,13379.65,222.7,2200,0,0,0.0,0,F1,50,,,,,
2026-02-18,2026-02-18,FO,NSE,STO,159057,,SOLARINDS,,2026-03-30,2026-03-30,13400.0,PE,SOLARINDS26MAR13400PE,0.0,0.0,0.0,626.95,626.95,626.95,13379.65,569.9,50,0,0,0.0,0,F1,50,,,,,
2026-02-18,2026-02-18,FO,NSE,STO,158978,,SOLARINDS,,2026-02-24,2026-02-24,15600.0,CE,SOLARINDS26FEB15600CE,8.45,8.5,4.45,7.05,7.55,8.45,13379.65,7.05,9600,-400,37,28872632.5,35,F1,50,,,,,
2026-02-18,2026-02-18,FO,NSE,STO,167802,,SOLARINDS,,2026-03-30,2026-03-30,11300.0,CE,SOLARINDS26MAR11300CE,0.0,0.0,0.0,1805.2,0.0,1805.2,13379.65,2183.3,0,0,0,0.0,0,F1,50,,,,,
2026-02-18,2026-02-18,FO,NSE,STO,159044,,SOLARINDS,,2026-03-30,2026-03-30,12200.0,CE,SOLARINDS26MAR12200CE,0.0,0.0,0.0,938.0,0.0,938.0,13379.65,1404.15,0,0,0,0.0,0,F1,50,,,,,
2026-02-18,2026-02-18,FO,NSE,STO,167812,,SOLARINDS,,2026-03-30,2026-03-30,12300.0,CE,SOLARINDS26MAR12300CE,0.0,0.0,0.0,1130.7,0.0,1130.7,13379.65,1326.4,0,0,0,0.0,0,F1,50,,,,,
2026-02-18,2026-02-18,FO,NSE,STO,167824,,SOLARINDS,,2026-03-30,2026-03-30,13500.0,CE,SOLARINDS26MAR13500CE,509.0,600.0,484.55,550.65,530.25,515.0,13379.65,550.65,4850,1050,32,22470985.0,31,F1,50,,,,,
2026-02-18,2026-02-18,FO,NSE,STO,159070,,SOLARINDS,,2026-03-30,2026-03-30,14800.0,CE,SOLARINDS26MAR14800CE,0.0,0.0,0.0,180.0,180.0,180.0,13379.65,176.05,250,0,0,0.0,0,F1,50,,,,,
2026-02-18,2026-02-18,FO,NSE,STO,167908,,SOLARINDS,,2026-04-28,2026-04-28,12800.0,CE,SOLARINDS26APR12800CE,0.0,0.0,0.0,1066.8,0.0,1066.8,13379.65,1175.65,0,0,0,0.0,0,F1,50,,,,,
2026-02-18,2026-02-18,FO,NSE,STO,167930,,SOLARINDS,,2026-04-28,2026-04-28,15000.0,CE,SOLARINDS26APR15000CE,0.0,0.0,0.0,351.3,0.0,351.3,13379.65,296.15,0,0,0,0.0,0,F1,50,,,,,
2026-02-18,2026-02-18,FO,NSE,STO,167914,,SOLARINDS,,2026-04-28,2026-04-28,13400.0,CE,SOLARINDS26APR13400CE,0.0,0.0,0.0,806.6,0.0,806.6,13379.65,845.9,0,0,0,0.0,0,F1,50,,,,,
2026-02-18,2026-02-18,FO,NSE,STO,158903,,SOLARINDS,,2026-02-24,2026-02-24,10800.0,PE,SOLARINDS26FEB10800PE,0.0,0.0,0.0,55.55,55.55,55.55,13379.65,0.05,150,0,0,0.0,0,F1,50,,,,,
2026-02-18,2026-02-18,FO,NSE,STO,158931,,SOLARINDS,,2026-02-24,2026-02-24,12600.0,PE,SOLARINDS26FEB12600PE,29.85,29.85,18.4,25.05,25.05,52.7,13379.65,20.9,1750,-100,5,3155842.5,5,F1,50,,,,,
2026-02-18,2026-02-18,FO,NSE,STO,159049,,SOLARINDS,,2026-03-30,2026-03-30,12600.0,PE,SOLARINDS26MAR12600PE,0.0,0.0,0.0,600.0,600.0,600.0,13379.65,251.1,500,0,0,0.0,0,F1,50,,,,,
2026-02-18,2026-02-18,FO,NSE,STO,159065,,SOLARINDS,,2026-03-30,2026-03-30,14200.0,PE,SOLARINDS26MAR14200PE,0.0,0.0,0.0,2279.0,0.0,2279.0,13379.65,1053.1,0,0,0,0.0,0,F1,50,,,,,
2026-02-18,2026-02-18,FO,NSE,STO,36884,,SOLARINDS,,2026-03-30,2026-03-30,15800.0,PE,SOLARINDS26MAR15800PE,0.0,0.0,0.0,3455.25,0.0,3455.25,13379.65,2382.25,0,0,0,0.0,0,F1,50,,,,,
2026-02-18,2026-02-18,FO,NSE,STO,167901,,SOLARINDS,,2026-04-28,2026-04-28,12000.0,PE,SOLARINDS26APR12000PE,0.0,0.0,0.0,552.2,0.0,552.2,13379.65,221.45,0,0,0,0.0,0,F1,50,,,,,
2026-02-18,2026-02-18,FO,NSE,STO,167931,,SOLARINDS,,2026-04-28,2026-04-28,15000.0,PE,SOLARINDS26APR15000PE,0.0,0.0,0.0,2355.55,0.0,2355.55,13379.65,1761.35,0,0,0,0.0,0,F1,50,,,,,
2026-02-18,2026-02-18,FO,NSE,STO,158972,,SOLARINDS,,2026-02-24,2026-02-24,15200.0,CE,SOLARINDS26FEB15200CE,13.7,13.7,7.35,8.6,8.6,12.8,13379.65,0.35,4050,1050,65,49427100.0,53,F1,50,,,,,
2026-02-18,2026-02-18,FO,NSE,STO,159064,,SOLARINDS,,2026-03-30,2026-03-30,14200.0,CE,SOLARINDS26MAR14200CE,288.0,288.0,288.0,288.0,288.0,510.4,13379.65,318.1,150,100,2,1448800.0,1,F1,50,,,,,
2026-02-18,2026-02-18,FO,NSE,STO,167846,,SOLARINDS,,2026-03-30,2026-03-30,15700.0,CE,SOLARINDS26MAR15700CE,0.0,0.0,0.0,72.0,77.85,72.0,13379.65,64.15,250,0,0,0.0,0,F1,50,,,,,
2026-02-18,2026-02-18,FO,NSE,STO,167902,,SOLARINDS,,2026-04-28,2026-04-28,12200.0,CE,SOLARINDS26APR12200CE,0.0,0.0,0.0,1383.5,0.0,1383.5,13379.65,1576.7,0,0,0,0.0,0,F1,50,,,,,
2026-02-18,2026-02-18,FO,NSE,STO,158934,,SOLARINDS,,2026-02-24,2026-02-24,12800.0,CE,SOLARINDS26FEB12800CE,0.0,0.0,0.0,562.35,573.2,562.35,13379.65,635.55,3100,0,0,0.0,0,F1,50,,,,,
2026-02-18,2026-02-18,FO,NSE,STO,158952,,SOLARINDS,,2026-02-24,2026-02-24,13900.0,CE,SOLARINDS26FEB13900CE,54.45,96.1,54.45,70.15,65.35,88.35,13379.65,70.15,16200,-700,108,75467817.5,81,F1,50,,,,,
2026-02-18,2026-02-18,FO,NSE,STO,158954,,SOLARINDS,,2026-02-24,2026-02-24,14100.0,CE,SOLARINDS26FEB14100CE,58.9,63.0,39.7,43.45,43.45,61.95,13379.65,43.45,8100,-400,36,25466875.0,26,F1,50,,,,,
2026-02-18,2026-02-18,FO,NSE,STO,167929,,SOLARINDS,,2026-04-28,2026-04-28,14800.0,PE,SOLARINDS26APR14800PE,0.0,0.0,0.0,2199.5,0.0,2199.5,13379.65,1609.4,0,0,0,0.0,0,F1,50,,,,,
2026-02-18,2026-02-18,FO,NSE,STO,167903,,SOLARINDS,,2026-04-28,2026-04-28,12200.0,PE,SOLARINDS26APR12200PE,0.0,0.0,0.0,630.65,0.0,630.65,13379.65,270.85,0,0,0,0.0,0,F1,50,,,,,
2026-02-18,2026-02-18,FO,NSE,STO,159073,,SOLARINDS,,2026-03-30,2026-03-30,15000.0,PE,SOLARINDS26MAR15000PE,1800.0,1800.0,1580.0,1580.0,1580.0,2944.2,13379.65,1672.6,150,150,4,3344500.0,4,F1,50,,,,,
2026-02-18,2026-02-18,FO,NSE,STO,158973,,SOLARINDS,,2026-02-24,2026-02-24,15200.0,PE,SOLARINDS26FEB15200PE,0.0,0.0,0.0,3097.85,0.0,3097.85,13379.65,1806.95,0,0,0,0.0,0,F1,50,,,,,
2026-02-18,2026-02-18,FO,NSE,STO,158949,,SOLARINDS,,2026-02-24,2026-02-24,13700.0,PE,SOLARINDS26FEB13700PE,450.0,468.3,348.65,408.7,417.75,546.3,13379.65,408.7,10150,-1050,41,28926520.0,37,F1,50,,,,,
2026-02-18,2026-02-18,FO,NSE,STO,167831,,SOLARINDS,,2026-03-30,2026-03-30,14100.0,PE,SOLARINDS26MAR14100PE,0.0,0.0,0.0,1576.0,0.0,1576.0,13379.65,984.4,0,0,0,0.0,0,F1,50,,,,,
2026-02-18,2026-02-18,FO,NSE,STO,167843,,SOLARINDS,,2026-03-30,2026-03-30,15300.0,PE,SOLARINDS26MAR15300PE,0.0,0.0,0.0,2539.45,0.0,2539.45,13379.65,1930.65,0,0,0,0.0,0,F1,50,,,,,
2026-02-18,2026-02-18,FO,NSE,STO,167905,,SOLARINDS,,2026-04-28,2026-04-28,12400.0,PE,SOLARINDS26APR12400PE,0.0,0.0,0.0,715.0,715.0,715.0,13379.65,327.45,50,0,0,0.0,0,F1,50,,,,,
2026-02-18,2026-02-18,FO,NSE,STO,167919,,SOLARINDS,,2026-04-28,2026-04-28,13800.0,PE,SOLARINDS26APR13800PE,0.0,0.0,0.0,1485.1,0.0,1485.1,13379.65,943.5,0,0,0,0.0,0,F1,50,,,,,
2026-02-18,2026-02-18,FO,NSE,STO,158909,,SOLARINDS,,2026-02-24,2026-02-24,11200.0,PE,SOLARINDS26FEB11200PE,0.0,0.0,0.0,97.2,97.2,97.2,13379.65,0.05,100,0,0,0.0,0,F1,50,,,,,
2026-02-18,2026-02-18,FO,NSE,STO,167936,,SOLARINDS,,2026-04-28,2026-04-28,15600.0,CE,SOLARINDS26APR15600CE,0.0,0.0,0.0,249.2,0.0,249.2,13379.65,188.0,0,0,0,0.0,0,F1,50,,,,,
2026-02-18,2026-02-18,FO,NSE,STO,167924,,SOLARINDS,,2026-04-28,2026-04-28,14400.0,CE,SOLARINDS26APR14400CE,0.0,0.0,0.0,485.75,0.0,485.75,13379.65,451.7,0,0,0,0.0,0,F1,50,,,,,
2026-02-18,2026-02-18,FO,NSE,STO,167920,,SOLARINDS,,2026-04-28,2026-04-28,14000.0,CE,SOLARINDS26APR14000CE,0.0,0.0,0.0,598.55,0.0,598.55,13379.65,587.35,0,0,0,0.0,0,F1,50,,,,,
2026-02-18,2026-02-18,FO,NSE,STO,167904,,SOLARINDS,,2026-04-28,2026-04-28,12400.0,CE,SOLARINDS26APR12400CE,0.0,0.0,0.0,1271.5,0.0,1271.5,13379.65,1435.4,0,0,0,0.0,0,F1,50,,,,,
2026-02-18,2026-02-18,FO,NSE,STO,159068,,SOLARINDS,,2026-03-30,2026-03-30,14600.0,CE,SOLARINDS26MAR14600CE,0.0,0.0,0.0,257.55,257.55,257.55,13379.65,216.0,600,0,0,0.0,0,F1,50,,,,,
2026-02-18,2026-02-18,FO,NSE,STO,158944,,SOLARINDS,,2026-02-24,2026-02-24,13400.0,CE,SOLARINDS26FEB13400CE,207.05,262.9,149.25,195.6,184.3,207.05,13379.65,195.6,12800,-600,548,372804565.0,429,F1,50,,,,,
2026-02-18,2026-02-18,FO,NSE,STO,158940,,SOLARINDS,,2026-02-24,2026-02-24,13200.0,CE,SOLARINDS26FEB13200CE,278.95,380.0,225.5,312.0,309.35,292.4,13379.65,312.0,6050,-4600,500,337731407.5,374,F1,50,,,,,
2026-02-18,2026-02-18,FO,NSE,STO,158941,,SOLARINDS,,2026-02-24,2026-02-24,13200.0,PE,SOLARINDS26FEB13200PE,221.15,225.0,99.0,115.25,117.45,221.35,13379.65,115.25,6500,-500,333,222461275.0,245,F1,50,,,,,
2026-02-18,2026-02-18,FO,NSE,STO,158921,,SOLARINDS,,2026-02-24,2026-02-24,11900.0,PE,SOLARINDS26FEB11900PE,0.0,0.0,0.0,187.55,187.55,187.55,13379.65,0.55,250,0,0,0.0,0,F1,50,,,,,
2026-02-18,2026-02-18,FO,NSE,STO,158915,,SOLARINDS,,2026-02-24,2026-02-24,11600.0,PE,SOLARINDS26FEB11600PE,0.0,0.0,0.0,25.0,25.0,25.0,13379.65,0.05,550,0,0,0.0,0,F1,50,,,,,
2026-02-18,2026-02-18,FO,NSE,STO,158913,,SOLARINDS,,2026-02-24,2026-02-24,11400.0,PE,SOLARINDS26FEB11400PE,0.0,0.0,0.0,99.45,99.45,99.45,13379.65,0.05,100,0,0,0.0,0,F1,50,,,,,
2026-02-18,2026-02-18,FO,NSE,STO,167807,,SOLARINDS,,2026-03-30,2026-03-30,11700.0,PE,SOLARINDS26MAR11700PE,89.55,100.1,63.7,67.4,74.35,186.45,13379.65,67.4,350,100,8,4712437.5,5,F1,50,,,,,
2026-02-18,2026-02-18,FO,NSE,STO,167813,,SOLARINDS,,2026-03-30,2026-03-30,12300.0,PE,SOLARINDS26MAR12300PE,0.0,0.0,0.0,229.55,229.55,229.55,13379.65,172.85,100,0,0,0.0,0,F1,50,,,,,
2026-02-18,2026-02-18,FO,NSE,STO,167823,,SOLARINDS,,2026-03-30,2026-03-30,13300.0,PE,SOLARINDS26MAR13300PE,485.15,485.15,485.15,485.15,485.15,500.35,13379.65,485.15,500,0,1,689257.5,1,F1,50,,,,,
2026-02-18,2026-02-18,FO,NSE,STO,159072,,SOLARINDS,,2026-03-30,2026-03-30,15000.0,CE,SOLARINDS26MAR15000CE,0.0,0.0,0.0,170.0,170.0,170.0,13379.65,142.4,350,0,0,0.0,0,F1,50,,,,,
2026-02-18,2026-02-18,FO,NSE,STO,158962,,SOLARINDS,,2026-02-24,2026-02-24,14600.0,CE,SOLARINDS26FEB14600CE,16.0,19.5,12.8,19.5,19.5,27.05,13379.65,19.5,4200,-750,47,34351770.0,20,F1,50,,,,,
2026-02-18,2026-02-18,FO,NSE,STO,158948,,SOLARINDS,,2026-02-24,2026-02-24,13700.0,CE,SOLARINDS26FEB13700CE,120.05,150.0,81.35,102.9,103.35,119.2,13379.65,102.9,10500,-2150,236,163009397.5,209,F1,50,,,,,
2026-02-18,2026-02-18,FO,NSE,STO,167928,,SOLARINDS,,2026-04-28,2026-04-28,14800.0,CE,SOLARINDS26APR14800CE,0.0,0.0,0.0,392.15,0.0,392.15,13379.65,342.15,0,0,0,0.0,0,F1,50,,,,,
2026-02-18,2026-02-18,FO,NSE,STO,136449,,SOLARINDS,,2026-02-24,2026-02-24,15500.0,PE,SOLARINDS26FEB15500PE,0.0,0.0,0.0,2080.0,2080.0,2080.0,13379.65,2106.4,0,0,0,0.0,0,F1,50,,,,,
2026-02-18,2026-02-18,FO,NSE,STO,167941,,SOLARINDS,,2026-04-28,2026-04-28,16000.0,PE,SOLARINDS26APR16000PE,0.0,0.0,0.0,3185.8,0.0,3185.8,13379.65,2591.35,0,0,0,0.0,0,F1,50,,,,,
2026-02-18,2026-02-18,FO,NSE,STO,167923,,SOLARINDS,,2026-04-28,2026-04-28,14200.0,PE,SOLARINDS26APR14200PE,0.0,0.0,0.0,1756.25,0.0,1756.25,13379.65,1189.55,0,0,0,0.0,0,F1,50,,,,,
2026-02-18,2026-02-18,FO,NSE,STO,167897,,SOLARINDS,,2026-04-28,2026-04-28,11600.0,PE,SOLARINDS26APR11600PE,0.0,0.0,0.0,414.95,0.0,414.95,13379.65,142.55,0,0,0,0.0,0,F1,50,,,,,
2026-02-18,2026-02-18,FO,NSE,STO,167891,,SOLARINDS,,2026-04-28,2026-04-28,11000.0,PE,SOLARINDS26APR11000PE,0.0,0.0,0.0,254.25,0.0,254.25,13379.65,66.2,0,0,0,0.0,0,F1,50,,,,,
2026-02-18,2026-02-18,FO,NSE,STO,167889,,SOLARINDS,,2026-04-28,2026-04-28,10800.0,PE,SOLARINDS26APR10800PE,0.0,0.0,0.0,212.15,0.0,212.15,13379.65,49.65,0,0,0,0.0,0,F1,50,,,,,
2026-02-18,2026-02-18,FO,NSE,STO,167845,,SOLARINDS,,2026-03-30,2026-03-30,15500.0,PE,SOLARINDS26MAR15500PE,0.0,0.0,0.0,2713.9,0.0,2713.9,13379.65,2108.5,0,0,0,0.0,0,F1,50,,,,,
2026-02-18,2026-02-18,FO,NSE,STO,159069,,SOLARINDS,,2026-03-30,2026-03-30,14600.0,PE,SOLARINDS26MAR14600PE,0.0,0.0,0.0,2605.0,0.0,2605.0,13379.65,1348.6,0,0,0,0.0,0,F1,50,,,,,
2026-02-18,2026-02-18,FO,NSE,STO,159061,,SOLARINDS,,2026-03-30,2026-03-30,13800.0,PE,SOLARINDS26MAR13800PE,0.0,0.0,0.0,1968.7,0.0,1968.7,13379.65,791.95,0,0,0,0.0,0,F1,50,,,,,
2026-02-18,2026-02-18,FO,NSE,STO,159035,,SOLARINDS,,2026-03-30,2026-03-30,11200.0,PE,SOLARINDS26MAR11200PE,0.0,0.0,0.0,484.4,0.0,484.4,13379.65,29.55,0,0,0,0.0,0,F1,50,,,,,
2026-02-18,2026-02-18,FO,NSE,STO,159045,,SOLARINDS,,2026-03-30,2026-03-30,12200.0,PE,SOLARINDS26MAR12200PE,137.0,141.15,137.0,140.4,141.15,238.6,13379.65,140.4,650,50,5,3084757.5,3,F1,50,,,,,
2026-02-18,2026-02-18,FO,NSE,STO,158911,,SOLARINDS,,2026-02-24,2026-02-24,11300.0,PE,SOLARINDS26FEB11300PE,0.0,0.0,0.0,57.0,57.0,57.0,13379.65,0.05,450,0,0,0.0,0,F1,50,,,,,
2026-02-18,2026-02-18,FO,NSE,STO,167940,,SOLARINDS,,2026-04-28,2026-04-28,16000.0,CE,SOLARINDS26APR16000CE,0.0,0.0,0.0,196.8,0.0,196.8,13379.65,136.5,0,0,0,0.0,0,F1,50,,,,,
2026-02-18,2026-02-18,FO,NSE,STO,167938,,SOLARINDS,,2026-04-28,2026-04-28,15800.0,CE,SOLARINDS26APR15800CE,0.0,0.0,0.0,221.65,0.0,221.65,13379.65,160.45,0,0,0,0.0,0,F1,50,,,,,
2026-02-18,2026-02-18,FO,NSE,STO,159078,,SOLARINDS,,2026-03-30,2026-03-30,15600.0,CE,SOLARINDS26MAR15600CE,87.95,87.95,77.1,80.15,83.15,80.0,13379.65,80.15,6700,150,23,18034582.5,11,F1,50,,,,,
2026-02-18,2026-02-18,FO,NSE,STO,167827,,SOLARINDS,,2026-03-30,2026-03-30,13700.0,PE,SOLARINDS26MAR13700PE,0.0,0.0,0.0,1296.3,0.0,1296.3,13379.65,732.6,0,0,0,0.0,0,F1,50,,,,,
2026-02-18,2026-02-18,FO,NSE,STO,167842,,SOLARINDS,,2026-03-30,2026-03-30,15300.0,CE,SOLARINDS26MAR15300CE,0.0,0.0,0.0,125.8,125.8,125.8,13379.65,102.25,100,0,0,0.0,0,F1,50,,,,,
2026-02-18,2026-02-18,FO,NSE,STO,159052,,SOLARINDS,,2026-03-30,2026-03-30,13000.0,CE,SOLARINDS26MAR13000CE,835.15,859.55,820.0,820.0,820.0,715.0,13379.65,847.4,1850,-100,3,2075735.0,3,F1,50,,,,,
2026-02-18,2026-02-18,FO,NSE,STO,159042,,SOLARINDS,,2026-03-30,2026-03-30,12000.0,CE,SOLARINDS26MAR12000CE,0.0,0.0,0.0,1032.45,0.0,1032.45,13379.65,1565.8,0,0,0,0.0,0,F1,50,,,,,
2026-02-18,2026-02-18,FO,NSE,STO,159032,,SOLARINDS,,2026-03-30,2026-03-30,11000.0,CE,SOLARINDS26MAR11000CE,0.0,0.0,0.0,1606.75,0.0,1606.75,13379.65,2465.55,0,0,0,0.0,0,F1,50,,,,,
2026-02-18,2026-02-18,FO,NSE,STO,158920,,SOLARINDS,,2026-02-24,2026-02-24,11900.0,CE,SOLARINDS26FEB11900CE,0.0,0.0,0.0,855.05,0.0,855.05,13379.65,1490.95,0,0,0,0.0,0,F1,50,,,,,
2026-02-18,2026-02-18,FO,NSE,STO,167814,,SOLARINDS,,2026-03-30,2026-03-30,12500.0,CE,SOLARINDS26MAR12500CE,0.0,0.0,0.0,1018.7,0.0,1018.7,13379.65,1177.45,0,0,0,0.0,0,F1,50,,,,,
2026-02-18,2026-02-18,FO,NSE,STO,159030,,SOLARINDS,,2026-03-30,2026-03-30,10800.0,CE,SOLARINDS26MAR10800CE,0.0,0.0,0.0,1742.45,0.0,1742.45,13379.65,2657.45,0,0,0,0.0,0,F1,50,,,,,
2026-02-18,2026-02-18,FO,NSE,STO,158938,,SOLARINDS,,2026-02-24,2026-02-24,13100.0,CE,SOLARINDS26FEB13100CE,369.95,453.45,286.7,394.1,350.05,352.75,13379.65,394.1,4350,-1900,148,99751990.0,117,F1,50,,,,,
2026-02-18,2026-02-18,FO,NSE,STO,136421,,SOLARINDS,,2026-02-24,2026-02-24,13000.0,CE,SOLARINDS26FEB13000CE,477.15,527.1,345.0,454.0,440.85,408.7,13379.65,454.0,10850,-1500,113,75985667.5,98,F1,50,,,,,
2026-02-18,2026-02-18,FO,NSE,STO,136419,,SOLARINDS,,2026-02-24,2026-02-24,12500.0,CE,SOLARINDS26FEB12500CE,0.0,0.0,0.0,821.2,821.2,821.2,13379.65,904.7,4500,0,0,0.0,0,F1,50,,,,,
2026-02-18,2026-02-18,FO,NSE,STO,158916,,SOLARINDS,,2026-02-24,2026-02-24,11700.0,CE,SOLARINDS26FEB11700CE,0.0,0.0,0.0,962.6,0.0,962.6,13379.65,1690.35,0,0,0,0.0,0,F1,50,,,,,
2026-02-18,2026-02-18,FO,NSE,STO,158910,,SOLARINDS,,2026-02-24,2026-02-24,11300.0,CE,SOLARINDS26FEB11300CE,0.0,0.0,0.0,1203.75,0.0,1203.75,13379.65,2089.85,0,0,0,0.0,0,F1,50,,,,,
2026-02-18,2026-02-18,FO,NSE,STO,158904,,SOLARINDS,,2026-02-24,2026-02-24,10900.0,CE,SOLARINDS26FEB10900CE,0.0,0.0,0.0,1479.15,0.0,1479.15,13379.65,2489.5,0,0,0,0.0,0,F1,50,,,,,
2026-02-18,2026-02-18,FO,NSE,STO,167839,,SOLARINDS,,2026-03-30,2026-03-30,14900.0,PE,SOLARINDS26MAR14900PE,0.0,0.0,0.0,2201.05,0.0,2201.05,13379.65,1589.3,0,0,0,0.0,0,F1,50,,,,,
2026-02-18,2026-02-18,FO,NSE,STO,167909,,SOLARINDS,,2026-04-28,2026-04-28,12800.0,PE,SOLARINDS26APR12800PE,0.0,0.0,0.0,904.75,0.0,904.75,13379.65,463.6,0,0,0,0.0,0,F1,50,,,,,
2026-02-18,2026-02-18,FO,NSE,STO,167915,,SOLARINDS,,2026-04-28,2026-04-28,13400.0,PE,SOLARINDS26APR13400PE,0.0,0.0,0.0,1235.35,0.0,1235.35,13379.65,727.65,0,0,0,0.0,0,F1,50,,,,,
2026-02-18,2026-02-18,FO,NSE,STO,167916,,SOLARINDS,,2026-04-28,2026-04-28,13600.0,CE,SOLARINDS26APR13600CE,0.0,0.0,0.0,731.7,0.0,731.7,13379.65,752.0,0,0,0,0.0,0,F1,50,,,,,
2026-02-18,2026-02-18,FO,NSE,STO,167917,,SOLARINDS,,2026-04-28,2026-04-28,13600.0,PE,SOLARINDS26APR13600PE,0.0,0.0,0.0,1357.45,0.0,1357.45,13379.65,831.7,0,0,0,0.0,0,F1,50,,,,,
2026-02-18,2026-02-18,FO,NSE,STO,159055,,SOLARINDS,,2026-03-30,2026-03-30,13200.0,PE,SOLARINDS26MAR13200PE,0.0,0.0,0.0,1536.8,0.0,1536.8,13379.65,474.5,0,0,0,0.0,0,F1,50,,,,,
2026-02-18,2026-02-18,FO,NSE,STO,167821,,SOLARINDS,,2026-03-30,2026-03-30,13100.0,PE,SOLARINDS26MAR13100PE,0.0,0.0,0.0,618.0,618.0,618.0,13379.65,430.75,100,0,0,0.0,0,F1,50,,,,,
2026-02-18,2026-02-18,FO,NSE,STO,167819,,SOLARINDS,,2026-03-30,2026-03-30,12900.0,PE,SOLARINDS26MAR12900PE,0.0,0.0,0.0,817.05,0.0,817.05,13379.65,351.2,0,0,0,0.0,0,F1,50,,,,,
2026-02-18,2026-02-18,FO,NSE,STO,167803,,SOLARINDS,,2026-03-30,2026-03-30,11300.0,PE,SOLARINDS26MAR11300PE,0.0,0.0,0.0,221.0,0.0,221.0,13379.65,35.75,0,0,0,0.0,0,F1,50,,,,,
2026-02-18,2026-02-18,FO,NSE,STO,136431,,SOLARINDS,,2026-02-24,2026-02-24,13500.0,PE,SOLARINDS26FEB13500PE,332.6,432.05,223.0,270.8,270.8,391.0,13379.65,270.8,21700,-2100,105,72290170.0,96,F1,50,,,,,
2026-02-18,2026-02-18,FO,NSE,STO,158935,,SOLARINDS,,2026-02-24,2026-02-24,12800.0,PE,SOLARINDS26FEB12800PE,88.35,88.35,31.35,36.55,37.1,84.15,13379.65,36.55,5550,1050,92,59068945.0,68,F1,50,,,,,
2026-02-18,2026-02-18,FO,NSE,STO,158927,,SOLARINDS,,2026-02-24,2026-02-24,12300.0,PE,SOLARINDS26FEB12300PE,19.05,19.05,11.25,11.45,11.8,29.45,13379.65,11.45,2400,0,9,5540697.5,8,F1,50,,,,,
2026-02-18,2026-02-18,FO,NSE,STO,167932,,SOLARINDS,,2026-04-28,2026-04-28,15200.0,CE,SOLARINDS26APR15200CE,0.0,0.0,0.0,313.5,0.0,313.5,13379.65,255.4,0,0,0,0.0,0,F1,50,,,,,
2026-02-18,2026-02-18,FO,NSE,STO,136416,,SOLARINDS,,2026-02-24,2026-02-24,11500.0,PE,SOLARINDS26FEB11500PE,6.0,6.0,2.1,2.35,2.2,7.0,13379.65,2.35,4850,-750,43,24732447.5,35,F1,50,,,,,
2026-02-18,2026-02-18,FO,NSE,STO,158907,,SOLARINDS,,2026-02-24,2026-02-24,11100.0,PE,SOLARINDS26FEB11100PE,0.0,0.0,0.0,22.3,22.3,22.3,13379.65,0.05,750,0,0,0.0,0,F1,50,,,,,
2026-02-18,2026-02-18,FO,NSE,STO,159076,,SOLARINDS,,2026-03-30,2026-03-30,15400.0,CE,SOLARINDS26MAR15400CE,0.0,0.0,0.0,111.1,111.1,111.1,13379.65,91.25,150,0,0,0.0,0,F1,50,,,,,
2026-02-18,2026-02-18,FO,NSE,STO,167832,,SOLARINDS,,2026-03-30,2026-03-30,14300.0,CE,SOLARINDS26MAR14300CE,0.0,0.0,0.0,485.5,485.5,485.5,13379.65,289.55,50,0,0,0.0,0,F1,50,,,,,
2026-02-18,2026-02-18,FO,NSE,STO,159038,,SOLARINDS,,2026-03-30,2026-03-30,11600.0,CE,SOLARINDS26MAR11600CE,0.0,0.0,0.0,1241.7,0.0,1241.7,13379.65,1910.2,0,0,0,0.0,0,F1,50,,,,,
2026-02-18,2026-02-18,FO,NSE,STO,159036,,SOLARINDS,,2026-03-30,2026-03-30,11400.0,CE,SOLARINDS26MAR11400CE,0.0,0.0,0.0,1356.55,0.0,1356.55,13379.65,2091.1,0,0,0,0.0,0,F1,50,,,,,
2026-02-18,2026-02-18,FO,NSE,STO,158964,,SOLARINDS,,2026-02-24,2026-02-24,14700.0,CE,SOLARINDS26FEB14700CE,15.2,21.65,15.0,16.05,16.25,24.0,13379.65,16.05,3050,-200,27,19867997.5,26,F1,50,,,,,
2026-02-18,2026-02-18,FO,NSE,STO,136415,,SOLARINDS,,2026-02-24,2026-02-24,11500.0,CE,SOLARINDS26FEB11500CE,0.0,0.0,0.0,1320.0,1320.0,1320.0,13379.65,1890.1,300,0,0,0.0,0,F1,50,,,,,
2026-02-18,2026-02-18,FO,NSE,STO,167911,,SOLARINDS,,2026-04-28,2026-04-28,13000.0,PE,SOLARINDS26APR13000PE,0.0,0.0,0.0,1008.85,0.0,1008.85,13379.65,543.6,0,0,0,0.0,0,F1,50,,,,,
2026-02-18,2026-02-18,FO,NSE,STO,159067,,SOLARINDS,,2026-03-30,2026-03-30,14400.0,PE,SOLARINDS26MAR14400PE,0.0,0.0,0.0,2440.2,0.0,2440.2,13379.65,1196.9,0,0,0,0.0,0,F1,50,,,,,
2026-02-18,2026-02-18,FO,NSE,STO,159059,,SOLARINDS,,2026-03-30,2026-03-30,13600.0,PE,SOLARINDS26MAR13600PE,0.0,0.0,0.0,1819.4,0.0,1819.4,13379.65,675.8,0,0,0,0.0,0,F1,50,,,,,
2026-02-18,2026-02-18,FO,NSE,STO,159043,,SOLARINDS,,2026-03-30,2026-03-30,12000.0,PE,SOLARINDS26MAR12000PE,100.0,102.0,100.0,102.0,102.0,142.0,13379.65,102.0,1100,50,2,1210100.0,2,F1,50,,,,,
2026-02-18,2026-02-18,FO,NSE,STO,167801,,SOLARINDS,,2026-03-30,2026-03-30,11100.0,PE,SOLARINDS26MAR11100PE,0.0,0.0,0.0,179.0,0.0,179.0,13379.65,24.3,0,0,0,0.0,0,F1,50,,,,,
2026-02-18,2026-02-18,FO,NSE,STO,158919,,SOLARINDS,,2026-02-24,2026-02-24,11800.0,PE,SOLARINDS26FEB11800PE,8.0,8.0,8.0,8.0,8.0,31.25,13379.65,0.3,2300,0,2,1180800.0,1,F1,50,,,,,
2026-02-18,2026-02-18,FO,NSE,STO,167798,,SOLARINDS,,2026-03-30,2026-03-30,10900.0,CE,SOLARINDS26MAR10900CE,0.0,0.0,0.0,2123.15,0.0,2123.15,13379.65,2561.2,0,0,0,0.0,0,F1,50,,,,,
2026-02-18,2026-02-18,FO,NSE,STO,136432,,SOLARINDS,,2026-02-24,2026-02-24,14000.0,CE,SOLARINDS26FEB14000CE,74.0,86.85,44.95,56.3,52.05,72.85,13379.65,56.3,75050,-15300,2098,1475213572.5,1332,F1,50,,,,,
2026-02-18,2026-02-18,FO,NSE,STO,158950,,SOLARINDS,,2026-02-24,2026-02-24,13800.0,CE,SOLARINDS26FEB13800CE,101.85,125.0,67.4,82.8,83.85,100.55,13379.65,82.8,14150,-1300,238,165318330.0,214,F1,50,,,,,
2026-02-18,2026-02-18,FO,NSE,STO,158922,,SOLARINDS,,2026-02-24,2026-02-24,12100.0,CE,SOLARINDS26FEB12100CE,0.0,0.0,0.0,1452.6,1452.6,1452.6,13379.65,1292.45,300,0,0,0.0,0,F1,50,,,,,
2026-02-18,2026-02-18,FO,NSE,STO,158980,,SOLARINDS,,2026-02-24,2026-02-24,15800.0,CE,SOLARINDS26FEB15800CE,4.0,5.55,2.2,4.2,4.2,6.25,13379.65,4.2,14200,-2000,82,64795277.5,53,F1,50,,,,,
2026-02-18,2026-02-18,FO,NSE,STO,167837,,SOLARINDS,,2026-03-30,2026-03-30,14700.0,PE,SOLARINDS26MAR14700PE,0.0,0.0,0.0,2037.75,0.0,2037.75,13379.65,1427.2,0,0,0,0.0,0,F1,50,,,,,
2026-02-18,2026-02-18,FO,NSE,STO,167833,,SOLARINDS,,2026-03-30,2026-03-30,14300.0,PE,SOLARINDS26MAR14300PE,0.0,0.0,0.0,1725.3,0.0,1725.3,13379.65,1124.0,0,0,0,0.0,0,F1,50,,,,,
2026-02-18,2026-02-18,FO,NSE,STO,159051,,SOLARINDS,,2026-03-30,2026-03-30,12800.0,PE,SOLARINDS26MAR12800PE,339.3,350.75,243.55,248.5,248.5,350.3,13379.65,248.5,7300,4050,156,101859317.5,84,F1,50,,,,,
2026-02-18,2026-02-18,FO,NSE,STO,167809,,SOLARINDS,,2026-03-30,2026-03-30,11900.0,PE,SOLARINDS26MAR11900PE,112.45,125.7,100.0,104.55,113.65,184.25,13379.65,104.55,400,-300,10,6006112.5,7,F1,50,,,,,
2026-02-18,2026-02-18,FO,NSE,STO,158981,,SOLARINDS,,2026-02-24,2026-02-24,15800.0,PE,SOLARINDS26FEB15800PE,0.0,0.0,0.0,2445.8,2445.8,2445.8,13379.65,2406.1,350,0,0,0.0,0,F1,50,,,,,
2026-02-18,2026-02-18,FO,NSE,STO,158969,,SOLARINDS,,2026-02-24,2026-02-24,14900.0,PE,SOLARINDS26FEB14900PE,0.0,0.0,0.0,2821.6,0.0,2821.6,13379.65,1508.35,0,0,0,0.0,0,F1,50,,,,,
2026-02-18,2026-02-18,FO,NSE,STO,67912,,APOLLOHOSP,,2026-03-30,2026-03-30,6300.0,CE,APOLLOHOSP26MAR6300CE,0.0,0.0,0.0,854.6,0.0,854.6,7647.55,1385.7,0,0,0,0.0,0,F1,125,,,,,
2026-02-18,2026-02-18,FO,NSE,STO,81576,,APOLLOHOSP,,2026-03-30,2026-03-30,6250.0,CE,APOLLOHOSP26MAR6250CE,0.0,0.0,0.0,673.65,0.0,673.65,7647.55,1435.3,0,0,0,0.0,0,F1,125,,,,,
2026-02-18,2026-02-18,FO,NSE,STO,67873,,APOLLOHOSP,,2026-03-30,2026-03-30,6200.0,CE,APOLLOHOSP26MAR6200CE,0.0,0.0,0.0,936.85,0.0,936.85,7647.55,1484.95,0,0,0,0.0,0,F1,125,,,,,
2026-02-18,2026-02-18,FO,NSE,STO,73721,,APOLLOHOSP,,2026-02-24,2026-02-24,8700.0,CE,APOLLOHOSP26FEB8700CE,0.0,0.0,0.0,53.65,0.0,53.65,7647.55,0.05,0,0,0,0.0,0,F1,125,,,,,
2026-02-18,2026-02-18,FO,NSE,STO,73663,,APOLLOHOSP,,2026-02-24,2026-02-24,7700.0,CE,APOLLOHOSP26FEB7700CE,45.25,62.5,39.35,43.7,42.4,43.75,7647.55,43.7,275750,153500,13449,13030679025.0,9943,F1,125,,,,,
2026-02-18,2026-02-18,FO,NSE,STO,67082,,APOLLOHOSP,,2026-02-24,2026-02-24,7450.0,CE,APOLLOHOSP26FEB7450CE,194.85,223.75,179.25,196.55,196.55,175.05,7647.55,196.55,14125,-1875,65,62197343.75,56,F1,125,,,,,
2026-02-18,2026-02-18,FO,NSE,STO,67076,,APOLLOHOSP,,2026-02-24,2026-02-24,7250.0,CE,APOLLOHOSP26FEB7250CE,0.0,0.0,0.0,350.6,350.6,350.6,7647.55,405.7,33375,0,0,0.0,0,F1,125,,,,,
2026-02-18,2026-02-18,FO,NSE,STO,73618,,APOLLOHOSP,,2026-02-24,2026-02-24,7000.0,CE,APOLLOHOSP26FEB7000CE,598.3,665.0,598.3,633.0,633.0,596.0,7647.55,633.0,50250,-1750,18,17177487.5,9,F1,125,,,,,
2026-02-18,2026-02-18,FO,NSE,STO,73604,,APOLLOHOSP,,2026-02-24,2026-02-24,6600.0,CE,APOLLOHOSP26FEB6600CE,1020.0,1020.0,1020.0,1020.0,1020.0,620.0,7647.55,1053.5,1125,0,2,1905000.0,1,F1,125,,,,,
2026-02-18,2026-02-18,FO,NSE,STO,66980,,APOLLOHOSP,,2026-02-24,2026-02-24,6350.0,CE,APOLLOHOSP26FEB6350CE,0.0,0.0,0.0,743.7,0.0,743.7,7647.55,1303.3,0,0,0,0.0,0,F1,125,,,,,
2026-02-18,2026-02-18,FO,NSE,STO,73584,,APOLLOHOSP,,2026-02-24,2026-02-24,5900.0,CE,APOLLOHOSP26FEB5900CE,0.0,0.0,0.0,1199.1,1199.1,1199.1,7647.55,1752.9,0,0,0,0.0,0,F1,125,,,,,
2026-02-18,2026-02-18,FO,NSE,STO,81833,,APOLLOHOSP,,2026-04-28,2026-04-28,6900.0,PE,APOLLOHOSP26APR6900PE,0.0,0.0,0.0,336.5,0.0,336.5,7647.55,33.55,0,0,0,0.0,0,F1,125,,,,,
2026-02-18,2026-02-18,FO,NSE,STO,81755,,APOLLOHOSP,,2026-04-28,2026-04-28,6000.0,PE,APOLLOHOSP26APR6000PE,0.0,0.0,0.0,51.4,0.0,51.4,7647.55,0.5,0,0,0,0.0,0,F1,125,,,,,
2026-02-18,2026-02-18,FO,NSE,STO,68041,,APOLLOHOSP,,2026-03-30,2026-03-30,7900.0,PE,APOLLOHOSP26MAR7900PE,0.0,0.0,0.0,395.0,395.0,395.0,7647.55,331.95,250,0,0,0.0,0,F1,125,,,,,
2026-02-18,2026-02-18,FO,NSE,STO,81855,,APOLLOHOSP,,2026-04-28,2026-04-28,8000.0,PE,APOLLOHOSP26APR8000PE,0.0,0.0,0.0,1135.75,0.0,1135.75,7647.55,437.35,0,0,0,0.0,0,F1,125,,,,,
2026-02-18,2026-02-18,FO,NSE,STO,81635,,APOLLOHOSP,,2026-03-30,2026-03-30,8150.0,PE,APOLLOHOSP26MAR8150PE,0.0,0.0,0.0,1286.05,0.0,1286.05,7647.55,515.35,0,0,0,0.0,0,F1,125,,,,,
2026-02-18,2026-02-18,FO,NSE,STO,81611,,APOLLOHOSP,,2026-03-30,2026-03-30,7850.0,PE,APOLLOHOSP26MAR7850PE,0.0,0.0,0.0,1007.75,0.0,1007.75,7647.55,299.9,0,0,0,0.0,0,F1,125,,,,,
2026-02-18,2026-02-18,FO,NSE,STO,81603,,APOLLOHOSP,,2026-03-30,2026-03-30,7450.0,PE,APOLLOHOSP26MAR7450PE,0.0,0.0,0.0,666.1,0.0,666.1,7647.55,108.75,0,0,0,0.0,0,F1,125,,,,,
2026-02-18,2026-02-18,FO,NSE,STO,81589,,APOLLOHOSP,,2026-03-30,2026-03-30,6850.0,PE,APOLLOHOSP26MAR6850PE,0.0,0.0,0.0,269.65,0.0,269.65,7647.55,9.65,0,0,0,0.0,0,F1,125,,,,,
2026-02-18,2026-02-18,FO,NSE,STO,81579,,APOLLOHOSP,,2026-03-30,2026-03-30,6350.0,PE,APOLLOHOSP26MAR6350PE,0.0,0.0,0.0,21.45,21.45,21.45,7647.55,0.4,125,0,0,0.0,0,F1,125,,,,,
2026-02-18,2026-02-18,FO,NSE,STO,67874,,APOLLOHOSP,,2026-03-30,2026-03-30,6200.0,PE,APOLLOHOSP26MAR6200PE,3.95,3.95,3.95,3.95,3.95,4.0,7647.55,3.95,2750,0,1,775493.75,1,F1,125,,,,,
2026-02-18,2026-02-18,FO,NSE,STO,73720,,APOLLOHOSP,,2026-02-24,2026-02-24,8600.0,PE,APOLLOHOSP26FEB8600PE,0.0,0.0,0.0,1204.05,0.0,1204.05,7647.55,944.7,0,0,0,0.0,0,F1,125,,,,,
2026-02-18,2026-02-18,FO,NSE,STO,67111,,APOLLOHOSP,,2026-02-24,2026-02-24,8250.0,PE,APOLLOHOSP26FEB8250PE,0.0,0.0,0.0,1200.1,0.0,1200.1,7647.55,595.15,0,0,0,0.0,0,F1,125,,,,,
2026-02-18,2026-02-18,FO,NSE,STO,73619,,APOLLOHOSP,,2026-02-24,2026-02-24,7000.0,PE,APOLLOHOSP26FEB7000PE,2.3,2.9,2.05,2.2,2.9,3.05,7647.55,2.2,106375,-13625,271,237206706.25,158,F1,125,,,,,
2026-02-18,2026-02-18,FO,NSE,STO,67065,,APOLLOHOSP,,2026-02-24,2026-02-24,6850.0,PE,APOLLOHOSP26FEB6850PE,1.5,1.5,1.5,1.5,1.5,2.45,7647.55,1.5,27250,0,2,1712875.0,2,F1,125,,,,,
2026-02-18,2026-02-18,FO,NSE,STO,73597,,APOLLOHOSP,,2026-02-24,2026-02-24,6200.0,PE,APOLLOHOSP26FEB6200PE,0.7,0.7,0.45,0.45,0.45,0.5,7647.55,0.05,25125,625,7,5425581.25,3,F1,125,,,,,
2026-02-18,2026-02-18,FO,NSE,STO,73694,,APOLLOHOSP,,2026-02-24,2026-02-24,8500.0,PE,APOLLOHOSP26FEB8500PE,0.0,0.0,0.0,1117.85,0.0,1117.85,7647.55,844.75,0,0,0,0.0,0,F1,125,,,,,
2026-02-18,2026-02-18,FO,NSE,STO,67930,,APOLLOHOSP,,2026-03-30,2026-03-30,6400.0,PE,APOLLOHOSP26MAR6400PE,0.0,0.0,0.0,20.0,20.0,20.0,7647.55,0.6,1375,0,0,0.0,0,F1,125,,,,,
2026-02-18,2026-02-18,FO,NSE,STO,67950,,APOLLOHOSP,,2026-03-30,2026-03-30,6800.0,PE,APOLLOHOSP26MAR6800PE,0.0,0.0,0.0,209.0,0.0,209.0,7647.55,7.4,0,0,0,0.0,0,F1,125,,,,,
2026-02-18,2026-02-18,FO,NSE,STO,81599,,APOLLOHOSP,,2026-03-30,2026-03-30,7250.0,PE,APOLLOHOSP26MAR7250PE,45.0,45.0,41.9,41.9,41.9,49.6,7647.55,55.7,500,375,5,4558625.0,4,F1,125,,,,,
2026-02-18,2026-02-18,FO,NSE,STO,68029,,APOLLOHOSP,,2026-03-30,2026-03-30,7400.0,PE,APOLLOHOSP26MAR7400PE,85.0,85.0,63.95,67.05,70.35,83.8,7647.55,67.05,18875,8000,121,113017743.75,89,F1,125,,,,,
2026-02-18,2026-02-18,FO,NSE,STO,68055,,APOLLOHOSP,,2026-03-30,2026-03-30,8200.0,PE,APOLLOHOSP26MAR8200PE,0.0,0.0,0.0,1142.4,0.0,1142.4,7647.55,556.05,0,0,0,0.0,0,F1,125,,,,,
2026-02-18,2026-02-18,FO,NSE,STO,81829,,APOLLOHOSP,,2026-04-28,2026-04-28,6700.0,PE,APOLLOHOSP26APR6700PE,0.0,0.0,0.0,242.35,0.0,242.35,7647.55,16.2,0,0,0,0.0,0,F1,125,,,,,
2026-02-18,2026-02-18,FO,NSE,STO,81867,,APOLLOHOSP,,2026-04-28,2026-04-28,8600.0,PE,APOLLOHOSP26APR8600PE,0.0,0.0,0.0,1689.15,0.0,1689.15,7647.55,906.65,0,0,0,0.0,0,F1,125,,,,,
2026-02-18,2026-02-18,FO,NSE,STO,73666,,APOLLOHOSP,,2026-02-24,2026-02-24,7800.0,PE,APOLLOHOSP26FEB7800PE,200.95,214.35,163.85,182.25,182.45,225.75,7647.55,182.25,3750,1750,104,103825968.75,102,F1,125,,,,,
2026-02-18,2026-02-18,FO,NSE,STO,67072,,APOLLOHOSP,,2026-02-24,2026-02-24,7050.0,CE,APOLLOHOSP26FEB7050CE,570.0,599.4,570.0,599.4,599.4,488.1,7647.55,599.4,11000,0,3,2863637.5,3,F1,125,,,,,
2026-02-18,2026-02-18,FO,NSE,STO,73648,,APOLLOHOSP,,2026-02-24,2026-02-24,7500.0,CE,APOLLOHOSP26FEB7500CE,140.35,183.0,140.0,159.0,155.05,139.95,7647.55,159.0,99000,-22750,1182,1132269331.25,1110,F1,125,,,,,
2026-02-18,2026-02-18,FO,NSE,STO,67093,,APOLLOHOSP,,2026-02-24,2026-02-24,7650.0,CE,APOLLOHOSP26FEB7650CE,60.0,84.15,55.3,60.85,60.0,60.0,7647.55,60.85,63250,-2500,4597,4435490850.0,3805,F1,125,,,,,
2026-02-18,2026-02-18,FO,NSE,STO,73689,,APOLLOHOSP,,2026-02-24,2026-02-24,8400.0,CE,APOLLOHOSP26FEB8400CE,0.0,0.0,0.0,90.65,0.0,90.65,7647.55,0.05,0,0,0,0.0,0,F1,125,,,,,
2026-02-18,2026-02-18,FO,NSE,STO,67155,,APOLLOHOSP,,2026-02-24,2026-02-24,8550.0,CE,APOLLOHOSP26FEB8550CE,0.0,0.0,0.0,6.55,0.0,6.55,7647.55,0.05,0,0,0,0.0,0,F1,125,,,,,
2026-02-18,2026-02-18,FO,NSE,STO,67988,,APOLLOHOSP,,2026-03-30,2026-03-30,7100.0,CE,APOLLOHOSP26MAR7100CE,0.0,0.0,0.0,339.25,0.0,339.25,7647.55,621.15,0,0,0,0.0,0,F1,125,,,,,
2026-02-18,2026-02-18,FO,NSE,STO,68030,,APOLLOHOSP,,2026-03-30,2026-03-30,7500.0,CE,APOLLOHOSP26MAR7500CE,265.0,304.95,262.75,288.0,283.8,259.0,7647.55,288.0,35625,20500,615,599130893.75,537,F1,125,,,,,
2026-02-18,2026-02-18,FO,NSE,STO,68038,,APOLLOHOSP,,2026-03-30,2026-03-30,7800.0,CE,APOLLOHOSP26MAR7800CE,137.0,137.0,137.0,137.0,137.0,113.3,7647.55,137.0,125,125,2,1984250.0,2,F1,125,,,,,
2026-02-18,2026-02-18,FO,NSE,STO,68058,,APOLLOHOSP,,2026-03-30,2026-03-30,8400.0,CE,APOLLOHOSP26MAR8400CE,23.35,28.0,20.75,23.0,23.0,23.0,7647.55,23.0,8875,3250,93,97933531.25,74,F1,125,,,,,
2026-02-18,2026-02-18,FO,NSE,STO,67105,,APOLLOHOSP,,2026-02-24,2026-02-24,7950.0,PE,APOLLOHOSP26FEB7950PE,341.85,341.85,316.85,319.25,316.85,448.2,7647.55,319.25,625,250,4,4139425.0,4,F1,125,,,,,
2026-02-18,2026-02-18,FO,NSE,STO,68059,,APOLLOHOSP,,2026-03-30,2026-03-30,8400.0,PE,APOLLOHOSP26MAR8400PE,0.0,0.0,0.0,1321.65,0.0,1321.65,7647.55,728.9,0,0,0,0.0,0,F1,125,,,,,
2026-02-18,2026-02-18,FO,NSE,STO,68057,,APOLLOHOSP,,2026-03-30,2026-03-30,8300.0,PE,APOLLOHOSP26MAR8300PE,0.0,0.0,0.0,1231.25,0.0,1231.25,7647.55,640.65,0,0,0,0.0,0,F1,125,,,,,
2026-02-18,2026-02-18,FO,NSE,STO,81597,,APOLLOHOSP,,2026-03-30,2026-03-30,7150.0,PE,APOLLOHOSP26MAR7150PE,0.0,0.0,0.0,446.05,0.0,446.05,7647.55,37.95,0,0,0,0.0,0,F1,125,,,,,
2026-02-18,2026-02-18,FO,NSE,STO,81587,,APOLLOHOSP,,2026-03-30,2026-03-30,6750.0,PE,APOLLOHOSP26MAR6750PE,0.0,0.0,0.0,221.85,0.0,221.85,7647.55,5.6,0,0,0,0.0,0,F1,125,,,,,
2026-02-18,2026-02-18,FO,NSE,STO,67872,,APOLLOHOSP,,2026-03-30,2026-03-30,6100.0,PE,APOLLOHOSP26MAR6100PE,0.0,0.0,0.0,41.75,0.0,41.75,7647.55,0.05,0,0,0,0.0,0,F1,125,,,,,
2026-02-18,2026-02-18,FO,NSE,STO,67680,,APOLLOHOSP,,2026-03-30,2026-03-30,5800.0,PE,APOLLOHOSP26MAR5800PE,0.0,0.0,0.0,16.25,0.0,16.25,7647.55,0.05,0,0,0,0.0,0,F1,125,,,,,
2026-02-18,2026-02-18,FO,NSE,STO,73690,,APOLLOHOSP,,2026-02-24,2026-02-24,8400.0,PE,APOLLOHOSP26FEB8400PE,0.0,0.0,0.0,1033.55,0.0,1033.55,7647.55,744.85,0,0,0,0.0,0,F1,125,,,,,
2026-02-18,2026-02-18,FO,NSE,STO,73662,,APOLLOHOSP,,2026-02-24,2026-02-24,7600.0,PE,APOLLOHOSP26FEB7600PE,76.95,76.95,40.5,47.4,48.0,85.85,7647.55,47.4,92000,4875,3223,3084444906.25,2517,F1,125,,,,,
2026-02-18,2026-02-18,FO,NSE,STO,73644,,APOLLOHOSP,,2026-02-24,2026-02-24,7300.0,PE,APOLLOHOSP26FEB7300PE,8.9,9.0,5.0,5.45,5.0,11.15,7647.55,5.45,40875,-11125,484,442047412.5,383,F1,125,,,,,
2026-02-18,2026-02-18,FO,NSE,STO,67075,,APOLLOHOSP,,2026-02-24,2026-02-24,7150.0,PE,APOLLOHOSP26FEB7150PE,3.2,3.95,2.6,2.85,2.6,4.65,7647.55,2.85,23625,875,82,73320631.25,69,F1,125,,,,,
2026-02-18,2026-02-18,FO,NSE,STO,73640,,APOLLOHOSP,,2026-02-24,2026-02-24,7100.0,PE,APOLLOHOSP26FEB7100PE,3.2,3.35,1.95,2.35,2.3,3.9,7647.55,2.35,106500,-2875,264,234383856.25,197,F1,125,,,,,
2026-02-18,2026-02-18,FO,NSE,STO,73603,,APOLLOHOSP,,2026-02-24,2026-02-24,6500.0,PE,APOLLOHOSP26FEB6500PE,0.2,1.0,0.2,0.9,0.9,1.1,7647.55,0.05,44125,-1250,10,8125918.75,9,F1,125,,,,,
2026-02-18,2026-02-18,FO,NSE,STO,66979,,APOLLOHOSP,,2026-02-24,2026-02-24,6250.0,PE,APOLLOHOSP26FEB6250PE,0.15,0.15,0.15,0.15,0.15,1.1,7647.55,0.05,5500,-125,1,781268.75,1,F1,125,,,,,
2026-02-18,2026-02-18,FO,NSE,STO,73591,,APOLLOHOSP,,2026-02-24,2026-02-24,5900.0,PE,APOLLOHOSP26FEB5900PE,0.05,0.05,0.05,0.05,0.05,0.05,7647.55,0.05,57250,0,24,17700150.0,1,F1,125,,,,,
2026-02-18,2026-02-18,FO,NSE,STO,73570,,APOLLOHOSP,,2026-02-24,2026-02-24,5700.0,PE,APOLLOHOSP26FEB5700PE,0.05,0.05,0.05,0.05,0.05,0.3,7647.55,0.05,1375,0,1,712506.25,1,F1,125,,,,,
2026-02-18,2026-02-18,FO,NSE,STO,81844,,APOLLOHOSP,,2026-04-28,2026-04-28,7500.0,CE,APOLLOHOSP26APR7500CE,0.0,0.0,0.0,131.65,0.0,131.65,7647.55,400.45,0,0,0,0.0,0,F1,125,,,,,
2026-02-18,2026-02-18,FO,NSE,STO,81838,,APOLLOHOSP,,2026-04-28,2026-04-28,7200.0,CE,APOLLOHOSP26APR7200CE,0.0,0.0,0.0,215.35,0.0,215.35,7647.55,605.9,0,0,0,0.0,0,F1,125,,,,,
2026-02-18,2026-02-18,FO,NSE,STO,81582,,APOLLOHOSP,,2026-03-30,2026-03-30,6550.0,CE,APOLLOHOSP26MAR6550CE,0.0,0.0,0.0,455.15,0.0,455.15,7647.55,1138.55,0,0,0,0.0,0,F1,125,,,,,
2026-02-18,2026-02-18,FO,NSE,STO,67078,,APOLLOHOSP,,2026-02-24,2026-02-24,7350.0,CE,APOLLOHOSP26FEB7350CE,284.0,294.6,270.0,294.6,294.6,259.95,7647.55,309.9,18500,0,9,8589150.0,4,F1,125,,,,,
2026-02-18,2026-02-18,FO,NSE,STO,66994,,APOLLOHOSP,,2026-02-24,2026-02-24,6650.0,CE,APOLLOHOSP26FEB6650CE,0.0,0.0,0.0,933.5,933.5,933.5,7647.55,1003.55,1250,0,0,0.0,0,F1,125,,,,,
2026-02-18,2026-02-18,FO,NSE,STO,81859,,APOLLOHOSP,,2026-04-28,2026-04-28,8200.0,PE,APOLLOHOSP26APR8200PE,0.0,0.0,0.0,1315.3,0.0,1315.3,7647.55,578.4,0,0,0,0.0,0,F1,125,,,,,
2026-02-18,2026-02-18,FO,NSE,STO,81835,,APOLLOHOSP,,2026-04-28,2026-04-28,7000.0,PE,APOLLOHOSP26APR7000PE,0.0,0.0,0.0,390.5,0.0,390.5,7647.55,46.55,0,0,0,0.0,0,F1,125,,,,,
2026-02-18,2026-02-18,FO,NSE,STO,68031,,APOLLOHOSP,,2026-03-30,2026-03-30,7500.0,PE,APOLLOHOSP26MAR7500PE,103.0,117.55,92.2,96.9,99.0,114.6,7647.55,96.9,28000,9500,212,201449950.0,190,F1,125,,,,,
2026-02-18,2026-02-18,FO,NSE,STO,67154,,APOLLOHOSP,,2026-02-24,2026-02-24,8450.0,PE,APOLLOHOSP26FEB8450PE,0.0,0.0,0.0,1390.9,0.0,1390.9,7647.55,794.8,0,0,0,0.0,0,F1,125,,,,,
2026-02-18,2026-02-18,FO,NSE,STO,67113,,APOLLOHOSP,,2026-02-24,2026-02-24,8350.0,PE,APOLLOHOSP26FEB8350PE,0.0,0.0,0.0,1295.0,0.0,1295.0,7647.55,694.95,0,0,0,0.0,0,F1,125,,,,,
2026-02-18,2026-02-18,FO,NSE,STO,67103,,APOLLOHOSP,,2026-02-24,2026-02-24,7850.0,PE,APOLLOHOSP26FEB7850PE,0.0,0.0,0.0,364.5,370.3,364.5,7647.55,214.7,375,0,0,0.0,0,F1,125,,,,,
2026-02-18,2026-02-18,FO,NSE,STO,73664,,APOLLOHOSP,,2026-02-24,2026-02-24,7700.0,PE,APOLLOHOSP26FEB7700PE,125.5,137.65,91.65,104.25,105.9,149.15,7647.55,104.25,21750,7625,575,561225687.5,542,F1,125,,,,,
2026-02-18,2026-02-18,FO,NSE,STO,73646,,APOLLOHOSP,,2026-02-24,2026-02-24,7400.0,PE,APOLLOHOSP26FEB7400PE,18.7,18.7,8.5,9.55,9.2,22.3,7647.55,9.55,82750,-2000,1097,1016408743.75,872,F1,125,,,,,
2026-02-18,2026-02-18,FO,NSE,STO,81858,,APOLLOHOSP,,2026-04-28,2026-04-28,8200.0,CE,APOLLOHOSP26APR8200CE,0.0,0.0,0.0,57.1,57.1,57.1,7647.55,110.75,0,0,0,0.0,0,F1,125,,,,,
2026-02-18,2026-02-18,FO,NSE,STO,81852,,APOLLOHOSP,,2026-04-28,2026-04-28,7900.0,CE,APOLLOHOSP26APR7900CE,0.0,0.0,0.0,63.0,0.0,63.0,7647.55,203.3,0,0,0,0.0,0,F1,125,,,,,
2026-02-18,2026-02-18,FO,NSE,STO,35383,,APOLLOHOSP,,2026-03-30,2026-03-30,8650.0,PE,APOLLOHOSP26MAR8650PE,0.0,0.0,0.0,1687.8,0.0,1687.8,7647.55,960.95,0,0,0,0.0,0,F1,125,,,,,
2026-02-18,2026-02-18,FO,NSE,STO,68062,,APOLLOHOSP,,2026-03-30,2026-03-30,8600.0,CE,APOLLOHOSP26MAR8600CE,15.0,17.5,15.0,16.1,16.1,15.75,7647.55,12.75,11000,-2125,31,33389350.0,30,F1,125,,,,,
2026-02-18,2026-02-18,FO,NSE,STO,81826,,APOLLOHOSP,,2026-04-28,2026-04-28,6600.0,CE,APOLLOHOSP26APR6600CE,0.0,0.0,0.0,496.8,0.0,496.8,7647.55,1126.6,0,0,0,0.0,0,F1,125,,,,,
2026-02-18,2026-02-18,FO,NSE,STO,81834,,APOLLOHOSP,,2026-04-28,2026-04-28,7000.0,CE,APOLLOHOSP26APR7000CE,0.0,0.0,0.0,291.2,0.0,291.2,7647.55,766.5,0,0,0,0.0,0,F1,125,,,,,
2026-02-18,2026-02-18,FO,NSE,STO,67913,,APOLLOHOSP,,2026-03-30,2026-03-30,6300.0,PE,APOLLOHOSP26MAR6300PE,0.0,0.0,0.0,71.35,0.0,71.35,7647.55,0.25,0,0,0,0.0,0,F1,125,,,,,
2026-02-18,2026-02-18,FO,NSE,STO,81595,,APOLLOHOSP,,2026-03-30,2026-03-30,7050.0,PE,APOLLOHOSP26MAR7050PE,0.0,0.0,0.0,293.9,293.9,293.9,7647.55,25.0,125,0,0,0.0,0,F1,125,,,,,
2026-02-18,2026-02-18,FO,NSE,STO,73569,,APOLLOHOSP,,2026-02-24,2026-02-24,5700.0,CE,APOLLOHOSP26FEB5700CE,0.0,0.0,0.0,1721.75,0.0,1721.75,7647.55,1952.7,0,0,0,0.0,0,F1,125,,,,,
2026-02-18,2026-02-18,FO,NSE,STO,67074,,APOLLOHOSP,,2026-02-24,2026-02-24,7150.0,CE,APOLLOHOSP26FEB7150CE,505.0,505.0,484.05,488.4,492.35,450.0,7647.55,488.4,21250,-375,10,9554231.25,8,F1,125,,,,,
2026-02-18,2026-02-18,FO,NSE,STO,73641,,APOLLOHOSP,,2026-02-24,2026-02-24,7200.0,CE,APOLLOHOSP26FEB7200CE,416.55,453.35,416.0,439.35,440.75,401.0,7647.55,439.35,46250,-4250,114,108839825.0,109,F1,125,,,,,
2026-02-18,2026-02-18,FO,NSE,STO,73718,,APOLLOHOSP,,2026-02-24,2026-02-24,8600.0,CE,APOLLOHOSP26FEB8600CE,0.0,0.0,0.0,2.5,2.5,2.5,7647.55,0.05,7000,0,0,0.0,0,F1,125,,,,,
2026-02-18,2026-02-18,FO,NSE,STO,81580,,APOLLOHOSP,,2026-03-30,2026-03-30,6450.0,CE,APOLLOHOSP26MAR6450CE,0.0,0.0,0.0,522.95,0.0,522.95,7647.55,1237.15,0,0,0,0.0,0,F1,125,,,,,
2026-02-18,2026-02-18,FO,NSE,STO,81602,,APOLLOHOSP,,2026-03-30,2026-03-30,7450.0,CE,APOLLOHOSP26MAR7450CE,0.0,0.0,0.0,250.9,250.9,250.9,7647.55,351.1,1000,0,0,0.0,0,F1,125,,,,,
2026-02-18,2026-02-18,FO,NSE,STO,68036,,APOLLOHOSP,,2026-03-30,2026-03-30,7700.0,CE,APOLLOHOSP26MAR7700CE,157.0,191.05,157.0,172.85,172.2,155.35,7647.55,172.85,47000,37000,2068,2036719062.5,1686,F1,125,,,,,
2026-02-18,2026-02-18,FO,NSE,STO,81608,,APOLLOHOSP,,2026-03-30,2026-03-30,7750.0,CE,APOLLOHOSP26MAR7750CE,152.1,163.2,152.1,157.8,157.8,130.9,7647.55,185.2,1625,875,11,10875137.5,11,F1,125,,,,,
2026-02-18,2026-02-18,FO,NSE,STO,81621,,APOLLOHOSP,,2026-03-30,2026-03-30,8050.0,CE,APOLLOHOSP26MAR8050CE,76.0,76.0,76.0,76.0,76.0,19.55,7647.55,83.6,125,125,1,1015750.0,1,F1,125,,,,,
2026-02-18,2026-02-18,FO,NSE,STO,68043,,APOLLOHOSP,,2026-03-30,2026-03-30,8000.0,PE,APOLLOHOSP26MAR8000PE,0.0,0.0,0.0,970.45,0.0,970.45,7647.55,400.9,0,0,0,0.0,0,F1,125,,,,,
2026-02-18,2026-02-18,FO,NSE,STO,81823,,APOLLOHOSP,,2026-04-28,2026-04-28,6400.0,PE,APOLLOHOSP26APR6400PE,0.0,0.0,0.0,135.95,0.0,135.95,7647.55,4.4,0,0,0,0.0,0,F1,125,,,,,
2026-02-18,2026-02-18,FO,NSE,STO,81853,,APOLLOHOSP,,2026-04-28,2026-04-28,7900.0,PE,APOLLOHOSP26APR7900PE,0.0,0.0,0.0,1048.55,0.0,1048.55,7647.55,374.05,0,0,0,0.0,0,F1,125,,,,,
2026-02-18,2026-02-18,FO,NSE,STO,67086,,APOLLOHOSP,,2026-02-24,2026-02-24,7550.0,CE,APOLLOHOSP26FEB7550CE,116.5,143.95,107.0,120.5,118.65,108.25,7647.55,120.5,71875,-11875,1472,1412787025.0,1239,F1,125,,,,,
2026-02-18,2026-02-18,FO,NSE,STO,67685,,APOLLOHOSP,,2026-03-30,2026-03-30,6000.0,CE,APOLLOHOSP26MAR6000CE,0.0,0.0,0.0,1109.95,0.0,1109.95,7647.55,1683.6,0,0,0,0.0,0,F1,125,,,,,
2026-02-18,2026-02-18,FO,NSE,STO,67939,,APOLLOHOSP,,2026-03-30,2026-03-30,6800.0,CE,APOLLOHOSP26MAR6800CE,0.0,0.0,0.0,499.7,0.0,499.7,7647.55,895.8,0,0,0,0.0,0,F1,125,,,,,
2026-02-18,2026-02-18,FO,NSE,STO,81588,,APOLLOHOSP,,2026-03-30,2026-03-30,6850.0,CE,APOLLOHOSP26MAR6850CE,0.0,0.0,0.0,800.0,800.0,800.0,7647.55,848.35,750,0,0,0.0,0,F1,125,,,,,
2026-02-18,2026-02-18,FO,NSE,STO,81638,,APOLLOHOSP,,2026-03-30,2026-03-30,8350.0,CE,APOLLOHOSP26MAR8350CE,0.0,0.0,0.0,8.3,0.0,8.3,7647.55,32.1,0,0,0,0.0,0,F1,125,,,,,
2026-02-18,2026-02-18,FO,NSE,STO,68060,,APOLLOHOSP,,2026-03-30,2026-03-30,8500.0,CE,APOLLOHOSP26MAR8500CE,19.55,20.05,16.65,17.1,16.65,19.55,7647.55,17.1,2000,-250,18,19166900.0,16,F1,125,,,,,
2026-02-18,2026-02-18,FO,NSE,STO,81866,,APOLLOHOSP,,2026-04-28,2026-04-28,8600.0,CE,APOLLOHOSP26APR8600CE,0.0,0.0,0.0,14.35,0.0,14.35,7647.55,43.15,0,0,0,0.0,0,F1,125,,,,,
2026-02-18,2026-02-18,FO,NSE,STO,81862,,APOLLOHOSP,,2026-04-28,2026-04-28,8400.0,CE,APOLLOHOSP26APR8400CE,0.0,0.0,0.0,22.4,0.0,22.4,7647.55,70.45,0,0,0,0.0,0,F1,125,,,,,
2026-02-18,2026-02-18,FO,NSE,STO,73595,,APOLLOHOSP,,2026-02-24,2026-02-24,6100.0,PE,APOLLOHOSP26FEB6100PE,0.0,0.0,0.0,0.15,0.15,0.15,7647.55,0.05,1750,0,0,0.0,0,F1,125,,,,,
2026-02-18,2026-02-18,FO,NSE,STO,73682,,APOLLOHOSP,,2026-02-24,2026-02-24,8100.0,PE,APOLLOHOSP26FEB8100PE,0.0,0.0,0.0,545.0,545.0,545.0,7647.55,446.45,125,0,0,0.0,0,F1,125,,,,,
2026-02-18,2026-02-18,FO,NSE,STO,73583,,APOLLOHOSP,,2026-02-24,2026-02-24,5800.0,PE,APOLLOHOSP26FEB5800PE,0.0,0.0,0.0,0.45,0.45,0.45,7647.55,0.05,250,0,0,0.0,0,F1,125,,,,,
2026-02-18,2026-02-18,FO,NSE,STO,81863,,APOLLOHOSP,,2026-04-28,2026-04-28,8400.0,PE,APOLLOHOSP26APR8400PE,0.0,0.0,0.0,1500.25,0.0,1500.25,7647.55,736.0,0,0,0,0.0,0,F1,125,,,,,
2026-02-18,2026-02-18,FO,NSE,STO,81861,,APOLLOHOSP,,2026-04-28,2026-04-28,8300.0,PE,APOLLOHOSP26APR8300PE,0.0,0.0,0.0,1407.2,0.0,1407.2,7647.55,655.35,0,0,0,0.0,0,F1,125,,,,,
2026-02-18,2026-02-18,FO,NSE,STO,81841,,APOLLOHOSP,,2026-04-28,2026-04-28,7300.0,PE,APOLLOHOSP26APR7300PE,0.0,0.0,0.0,578.35,0.0,578.35,7647.55,109.25,0,0,0,0.0,0,F1,125,,,,,
2026-02-18,2026-02-18,FO,NSE,STO,81825,,APOLLOHOSP,,2026-04-28,2026-04-28,6500.0,PE,APOLLOHOSP26APR6500PE,0.0,0.0,0.0,166.7,0.0,166.7,7647.55,7.0,0,0,0,0.0,0,F1,125,,,,,
2026-02-18,2026-02-18,FO,NSE,STO,81641,,APOLLOHOSP,,2026-03-30,2026-03-30,8450.0,PE,APOLLOHOSP26MAR8450PE,0.0,0.0,0.0,1574.25,0.0,1574.25,7647.55,774.15,0,0,0,0.0,0,F1,125,,,,,
2026-02-18,2026-02-18,FO,NSE,STO,81613,,APOLLOHOSP,,2026-03-30,2026-03-30,7950.0,PE,APOLLOHOSP26MAR7950PE,0.0,0.0,0.0,1099.0,0.0,1099.0,7647.55,365.65,0,0,0,0.0,0,F1,125,,,,,
2026-02-18,2026-02-18,FO,NSE,STO,68037,,APOLLOHOSP,,2026-03-30,2026-03-30,7700.0,PE,APOLLOHOSP26MAR7700PE,198.4,208.0,172.1,179.95,184.7,211.85,7647.55,179.95,20750,19000,259,255411443.75,207,F1,125,,,,,
2026-02-18,2026-02-18,FO,NSE,STO,68035,,APOLLOHOSP,,2026-03-30,2026-03-30,7600.0,PE,APOLLOHOSP26MAR7600PE,149.1,158.3,125.9,131.35,133.45,155.35,7647.55,131.35,11000,4375,82,79312137.5,75,F1,125,,,,,
2026-02-18,2026-02-18,FO,NSE,STO,68027,,APOLLOHOSP,,2026-03-30,2026-03-30,7300.0,PE,APOLLOHOSP26MAR7300PE,52.45,57.0,45.15,47.5,49.45,58.0,7647.55,47.5,6750,2375,47,43200387.5,31,F1,125,,,,,
2026-02-18,2026-02-18,FO,NSE,STO,68017,,APOLLOHOSP,,2026-03-30,2026-03-30,7200.0,PE,APOLLOHOSP26MAR7200PE,38.0,43.45,34.0,35.0,35.0,41.2,7647.55,35.0,29625,5750,150,135697318.75,100,F1,125,,,,,
2026-02-18,2026-02-18,FO,NSE,STO,81585,,APOLLOHOSP,,2026-03-30,2026-03-30,6650.0,PE,APOLLOHOSP26MAR6650PE,0.0,0.0,0.0,116.9,116.9,116.9,7647.55,3.15,375,0,0,0.0,0,F1,125,,,,,
2026-02-18,2026-02-18,FO,NSE,STO,67109,,APOLLOHOSP,,2026-02-24,2026-02-24,8150.0,PE,APOLLOHOSP26FEB8150PE,0.0,0.0,0.0,1106.45,0.0,1106.45,7647.55,495.8,0,0,0,0.0,0,F1,125,,,,,
2026-02-18,2026-02-18,FO,NSE,STO,73683,,APOLLOHOSP,,2026-02-24,2026-02-24,8200.0,CE,APOLLOHOSP26FEB8200CE,3.3,3.3,1.35,1.85,1.8,2.45,7647.55,1.85,65000,-1875,383,392684031.25,342,F1,125,,,,,
2026-02-18,2026-02-18,FO,NSE,STO,81578,,APOLLOHOSP,,2026-03-30,2026-03-30,6350.0,CE,APOLLOHOSP26MAR6350CE,0.0,0.0,0.0,596.0,0.0,596.0,7647.55,1336.1,0,0,0,0.0,0,F1,125,,,,,
2026-02-18,2026-02-18,FO,NSE,STO,81586,,APOLLOHOSP,,2026-03-30,2026-03-30,6750.0,CE,APOLLOHOSP26MAR6750CE,0.0,0.0,0.0,335.95,0.0,335.95,7647.55,943.75,0,0,0,0.0,0,F1,125,,,,,
2026-02-18,2026-02-18,FO,NSE,STO,68042,,APOLLOHOSP,,2026-03-30,2026-03-30,8000.0,CE,APOLLOHOSP26MAR8000CE,69.95,82.9,65.0,70.1,71.35,64.3,7647.55,70.1,35375,-10500,446,450211562.5,327,F1,125,,,,,
2026-02-18,2026-02-18,FO,NSE,STO,81836,,APOLLOHOSP,,2026-04-28,2026-04-28,7100.0,CE,APOLLOHOSP26APR7100CE,0.0,0.0,0.0,251.15,0.0,251.15,7647.55,684.15,0,0,0,0.0,0,F1,125,,,,,
2026-02-18,2026-02-18,FO,NSE,STO,68056,,APOLLOHOSP,,2026-03-30,2026-03-30,8300.0,CE,APOLLOHOSP26MAR8300CE,0.0,0.0,0.0,44.15,0.0,44.15,7647.55,38.05,0,0,0,0.0,0,F1,125,,,,,
2026-02-18,2026-02-18,FO,NSE,STO,68016,,APOLLOHOSP,,2026-03-30,2026-03-30,7200.0,CE,APOLLOHOSP26MAR7200CE,0.0,0.0,0.0,500.0,500.0,500.0,7647.55,537.0,3625,0,0,0.0,0,F1,125,,,,,
2026-02-18,2026-02-18,FO,NSE,STO,67957,,APOLLOHOSP,,2026-03-30,2026-03-30,7000.0,CE,APOLLOHOSP26MAR7000CE,0.0,0.0,0.0,388.15,0.0,388.15,7647.55,709.6,0,0,0,0.0,0,F1,125,,,,,
2026-02-18,2026-02-18,FO,NSE,STO,67101,,APOLLOHOSP,,2026-02-24,2026-02-24,7850.0,CE,APOLLOHOSP26FEB7850CE,17.75,21.9,10.4,11.8,11.0,16.4,7647.55,11.8,55000,2625,969,952631293.75,913,F1,125,,,,,
2026-02-18,2026-02-18,FO,NSE,STO,81640,,APOLLOHOSP,,2026-03-30,2026-03-30,8450.0,CE,APOLLOHOSP26MAR8450CE,0.0,0.0,0.0,28.8,28.8,28.8,7647.55,22.5,875,0,0,0.0,0,F1,125,,,,,
2026-02-18,2026-02-18,FO,NSE,STO,81822,,APOLLOHOSP,,2026-04-28,2026-04-28,6400.0,CE,APOLLOHOSP26APR6400CE,0.0,0.0,0.0,627.45,0.0,627.45,7647.55,1318.15,0,0,0,0.0,0,F1,125,,,,,
2026-02-18,2026-02-18,FO,NSE,STO,81842,,APOLLOHOSP,,2026-04-28,2026-04-28,7400.0,CE,APOLLOHOSP26APR7400CE,0.0,0.0,0.0,155.7,0.0,155.7,7647.55,463.7,0,0,0,0.0,0,F1,125,,,,,
2026-02-18,2026-02-18,FO,NSE,STO,81860,,APOLLOHOSP,,2026-04-28,2026-04-28,8300.0,CE,APOLLOHOSP26APR8300CE,0.0,0.0,0.0,27.8,0.0,27.8,7647.55,88.75,0,0,0,0.0,0,F1,125,,,,,
2026-02-18,2026-02-18,FO,NSE,STO,67067,,APOLLOHOSP,,2026-02-24,2026-02-24,6950.0,PE,APOLLOHOSP26FEB6950PE,2.1,2.9,1.45,1.5,1.5,3.05,7647.55,1.5,25750,-4125,71,61697418.75,52,F1,125,,,,,
2026-02-18,2026-02-18,FO,NSE,STO,67936,,APOLLOHOSP,,2026-03-30,2026-03-30,6600.0,PE,APOLLOHOSP26MAR6600PE,0.0,0.0,0.0,13.8,13.8,13.8,7647.55,2.3,2875,0,0,0.0,0,F1,125,,,,,
2026-02-18,2026-02-18,FO,NSE,STO,81605,,APOLLOHOSP,,2026-03-30,2026-03-30,7550.0,PE,APOLLOHOSP26MAR7550PE,126.5,134.0,126.5,134.0,134.0,144.55,7647.55,145.5,1125,250,2,1920062.5,2,F1,125,,,,,
2026-02-18,2026-02-18,FO,NSE,STF,59208,,APOLLOHOSP,,2026-02-24,2026-02-24,,,APOLLOHOSP26FEBFUT,7581.5,7663.5,7581.5,7640.5,7640.0,7597.5,7647.55,7640.5,3101875,-168250,2764,2639996562.5,2584,F1,125,,,,,
2026-02-18,2026-02-18,FO,NSE,STO,73596,,APOLLOHOSP,,2026-02-24,2026-02-24,6200.0,CE,APOLLOHOSP26FEB6200CE,1450.05,1450.05,1450.05,1450.05,1450.05,1252.85,7647.55,1453.15,1250,1250,10,9562562.5,3,F1,125,,,,,
2026-02-18,2026-02-18,FO,NSE,STO,66990,,APOLLOHOSP,,2026-02-24,2026-02-24,6450.0,CE,APOLLOHOSP26FEB6450CE,0.0,0.0,0.0,661.4,0.0,661.4,7647.55,1203.4,0,0,0,0.0,0,F1,125,,,,,
2026-02-18,2026-02-18,FO,NSE,STO,67953,,APOLLOHOSP,,2026-03-30,2026-03-30,6900.0,CE,APOLLOHOSP26MAR6900CE,0.0,0.0,0.0,295.3,295.3,295.3,7647.55,801.45,0,0,0,0.0,0,F1,125,,,,,
2026-02-18,2026-02-18,FO,NSE,STO,81837,,APOLLOHOSP,,2026-04-28,2026-04-28,7100.0,PE,APOLLOHOSP26APR7100PE,0.0,0.0,0.0,448.9,0.0,448.9,7647.55,63.15,0,0,0,0.0,0,F1,125,,,,,
2026-02-18,2026-02-18,FO,NSE,STO,68040,,APOLLOHOSP,,2026-03-30,2026-03-30,7900.0,CE,APOLLOHOSP26MAR7900CE,90.0,110.05,87.9,95.75,98.35,87.4,7647.55,95.75,20875,3500,88,87987075.0,71,F1,125,,,,,
2026-02-18,2026-02-18,FO,NSE,STO,81594,,APOLLOHOSP,,2026-03-30,2026-03-30,7050.0,CE,APOLLOHOSP26MAR7050CE,0.0,0.0,0.0,620.0,620.0,620.0,7647.55,664.9,125,0,0,0.0,0,F1,125,,,,,
2026-02-18,2026-02-18,FO,NSE,STF,66711,,APOLLOHOSP,,2026-04-28,2026-04-28,,,APOLLOHOSP26APRFUT,7721.5,7747.5,7714.5,7736.0,7736.0,7681.5,7647.55,7736.0,9750,-125,22,21275875.0,18,F1,125,,,,,
2026-02-18,2026-02-18,FO,NSE,STO,73592,,APOLLOHOSP,,2026-02-24,2026-02-24,6000.0,CE,APOLLOHOSP26FEB6000CE,0.0,0.0,0.0,1436.55,0.0,1436.55,7647.55,1652.95,0,0,0,0.0,0,F1,125,,,,,
2026-02-18,2026-02-18,FO,NSE,STO,81763,,APOLLOHOSP,,2026-04-28,2026-04-28,6200.0,PE,APOLLOHOSP26APR6200PE,0.0,0.0,0.0,86.2,0.0,86.2,7647.55,1.6,0,0,0,0.0,0,F1,125,,,,,
2026-02-18,2026-02-18,FO,NSE,STO,81821,,APOLLOHOSP,,2026-04-28,2026-04-28,6300.0,PE,APOLLOHOSP26APR6300PE,0.0,0.0,0.0,109.0,0.0,109.0,7647.55,2.7,0,0,0,0.0,0,F1,125,,,,,
2026-02-18,2026-02-18,FO,NSE,STO,81643,,APOLLOHOSP,,2026-03-30,2026-03-30,8550.0,PE,APOLLOHOSP26MAR8550PE,0.0,0.0,0.0,1671.55,0.0,1671.55,7647.55,866.55,0,0,0,0.0,0,F1,125,,,,,
2026-02-18,2026-02-18,FO,NSE,STO,81637,,APOLLOHOSP,,2026-03-30,2026-03-30,8250.0,PE,APOLLOHOSP26MAR8250PE,0.0,0.0,0.0,1381.3,0.0,1381.3,7647.55,597.85,0,0,0,0.0,0,F1,125,,,,,
2026-02-18,2026-02-18,FO,NSE,STO,67990,,APOLLOHOSP,,2026-03-30,2026-03-30,7100.0,PE,APOLLOHOSP26MAR7100PE,0.0,0.0,0.0,135.0,135.0,135.0,7647.55,30.95,125,0,0,0.0,0,F1,125,,,,,
2026-02-18,2026-02-18,FO,NSE,STO,73605,,APOLLOHOSP,,2026-02-24,2026-02-24,6600.0,PE,APOLLOHOSP26FEB6600PE,0.5,0.55,0.45,0.55,0.55,1.0,7647.55,0.05,31250,0,5,4125300.0,5,F1,125,,,,,
2026-02-18,2026-02-18,FO,NSE,STO,66993,,APOLLOHOSP,,2026-02-24,2026-02-24,6550.0,PE,APOLLOHOSP26FEB6550PE,0.0,0.0,0.0,1.15,1.15,1.15,7647.55,0.05,625,0,0,0.0,0,F1,125,,,,,
2026-02-18,2026-02-18,FO,NSE,STO,81846,,APOLLOHOSP,,2026-04-28,2026-04-28,7600.0,CE,APOLLOHOSP26APR7600CE,0.0,0.0,0.0,110.25,0.0,110.25,7647.55,342.75,0,0,0,0.0,0,F1,125,,,,,
2026-02-18,2026-02-18,FO,NSE,STO,81832,,APOLLOHOSP,,2026-04-28,2026-04-28,6900.0,CE,APOLLOHOSP26APR6900CE,0.0,0.0,0.0,335.65,0.0,335.65,7647.55,852.45,0,0,0,0.0,0,F1,125,,,,,
2026-02-18,2026-02-18,FO,NSE,STO,81830,,APOLLOHOSP,,2026-04-28,2026-04-28,6800.0,CE,APOLLOHOSP26APR6800CE,0.0,0.0,0.0,384.75,0.0,384.75,7647.55,941.5,0,0,0,0.0,0,F1,125,,,,,
2026-02-18,2026-02-18,FO,NSE,STO,73643,,APOLLOHOSP,,2026-02-24,2026-02-24,7300.0,CE,APOLLOHOSP26FEB7300CE,314.0,366.25,314.0,345.55,343.35,304.4,7647.55,345.55,61250,-3750,133,127187743.75,86,F1,125,,,,,
2026-02-18,2026-02-18,FO,NSE,STO,67095,,APOLLOHOSP,,2026-02-24,2026-02-24,7750.0,CE,APOLLOHOSP26FEB7750CE,34.85,44.65,25.95,28.3,27.35,31.65,7647.55,28.3,35000,15750,1360,1323276450.0,1199,F1,125,,,,,
2026-02-18,2026-02-18,FO,NSE,STO,73681,,APOLLOHOSP,,2026-02-24,2026-02-24,8100.0,CE,APOLLOHOSP26FEB8100CE,4.8,4.8,2.4,2.5,2.6,4.65,7647.55,2.5,11250,-4375,137,138770156.25,116,F1,125,,,,,
2026-02-18,2026-02-18,FO,NSE,STO,67121,,APOLLOHOSP,,2026-02-24,2026-02-24,8450.0,CE,APOLLOHOSP26FEB8450CE,0.0,0.0,0.0,9.0,0.0,9.0,7647.55,0.05,0,0,0,0.0,0,F1,125,,,,,
2026-02-18,2026-02-18,FO,NSE,STO,67934,,APOLLOHOSP,,2026-03-30,2026-03-30,6500.0,PE,APOLLOHOSP26MAR6500PE,7.0,7.0,7.0,7.0,7.0,7.0,7647.55,1.2,1625,125,1,813375.0,1,F1,125,,,,,
2026-02-18,2026-02-18,FO,NSE,STO,67678,,APOLLOHOSP,,2026-03-30,2026-03-30,5700.0,PE,APOLLOHOSP26MAR5700PE,0.0,0.0,0.0,11.4,0.0,11.4,7647.55,0.05,0,0,0,0.0,0,F1,125,,,,,
2026-02-18,2026-02-18,FO,NSE,STO,73684,,APOLLOHOSP,,2026-02-24,2026-02-24,8200.0,PE,APOLLOHOSP26FEB8200PE,0.0,0.0,0.0,871.8,0.0,871.8,7647.55,545.4,0,0,0,0.0,0,F1,125,,,,,
2026-02-18,2026-02-18,FO,NSE,STO,67100,,APOLLOHOSP,,2026-02-24,2026-02-24,7750.0,PE,APOLLOHOSP26FEB7750PE,162.75,173.75,126.05,143.1,143.8,186.55,7647.55,143.1,2250,500,109,107611381.25,109,F1,125,,,,,
2026-02-18,2026-02-18,FO,NSE,STO,67092,,APOLLOHOSP,,2026-02-24,2026-02-24,7550.0,PE,APOLLOHOSP26FEB7550PE,52.95,54.3,26.75,31.25,30.9,62.1,7647.55,31.25,30000,250,1291,1224417900.0,1127,F1,125,,,,,
2026-02-18,2026-02-18,FO,NSE,STO,73642,,APOLLOHOSP,,2026-02-24,2026-02-24,7200.0,PE,APOLLOHOSP26FEB7200PE,5.95,6.55,3.2,3.45,3.25,6.25,7647.55,3.45,107125,3250,781,703321968.75,634,F1,125,,,,,
2026-02-18,2026-02-18,FO,NSE,STO,66991,,APOLLOHOSP,,2026-02-24,2026-02-24,6450.0,PE,APOLLOHOSP26FEB6450PE,0.0,0.0,0.0,2.0,2.0,2.0,7647.55,0.05,14375,0,0,0.0,0,F1,125,,,,,
2026-02-18,2026-02-18,FO,NSE,STO,73601,,APOLLOHOSP,,2026-02-24,2026-02-24,6400.0,PE,APOLLOHOSP26FEB6400PE,0.1,0.2,0.1,0.1,0.1,0.45,7647.55,0.05,66375,0,13,10400181.25,4,F1,125,,,,,
2026-02-18,2026-02-18,FO,NSE,STO,81864,,APOLLOHOSP,,2026-04-28,2026-04-28,8500.0,CE,APOLLOHOSP26APR8500CE,0.0,0.0,0.0,17.95,0.0,17.95,7647.55,55.4,0,0,0,0.0,0,F1,125,,,,,
2026-02-18,2026-02-18,FO,NSE,STO,81854,,APOLLOHOSP,,2026-04-28,2026-04-28,8000.0,CE,APOLLOHOSP26APR8000CE,0.0,0.0,0.0,51.75,0.0,51.75,7647.55,167.65,0,0,0,0.0,0,F1,125,,,,,
2026-02-18,2026-02-18,FO,NSE,STO,81745,,APOLLOHOSP,,2026-04-28,2026-04-28,5800.0,CE,APOLLOHOSP26APR5800CE,0.0,0.0,0.0,1110.85,0.0,1110.85,7647.55,1907.65,0,0,0,0.0,0,F1,125,,,,,
2026-02-18,2026-02-18,FO,NSE,STO,81636,,APOLLOHOSP,,2026-03-30,2026-03-30,8250.0,CE,APOLLOHOSP26MAR8250CE,0.0,0.0,0.0,40.3,40.3,40.3,7647.55,44.95,500,0,0,0.0,0,F1,125,,,,,
2026-02-18,2026-02-18,FO,NSE,STO,67937,,APOLLOHOSP,,2026-03-30,2026-03-30,6700.0,CE,APOLLOHOSP26MAR6700CE,0.0,0.0,0.0,562.25,0.0,562.25,7647.55,992.05,0,0,0,0.0,0,F1,125,,,,,
2026-02-18,2026-02-18,FO,NSE,STO,81584,,APOLLOHOSP,,2026-03-30,2026-03-30,6650.0,CE,APOLLOHOSP26MAR6650CE,0.0,0.0,0.0,392.75,0.0,392.75,7647.55,1040.65,0,0,0,0.0,0,F1,125,,,,,
2026-02-18,2026-02-18,FO,NSE,STO,67914,,APOLLOHOSP,,2026-03-30,2026-03-30,6400.0,CE,APOLLOHOSP26MAR6400CE,0.0,0.0,0.0,775.75,0.0,775.75,7647.55,1286.6,0,0,0,0.0,0,F1,125,,,,,
2026-02-18,2026-02-18,FO,NSE,STO,73691,,APOLLOHOSP,,2026-02-24,2026-02-24,8500.0,CE,APOLLOHOSP26FEB8500CE,1.35,1.8,1.2,1.3,1.3,2.0,7647.55,1.3,19875,-6500,93,98828925.0,67,F1,125,,,,,
2026-02-18,2026-02-18,FO,NSE,STO,67112,,APOLLOHOSP,,2026-02-24,2026-02-24,8350.0,CE,APOLLOHOSP26FEB8350CE,0.0,0.0,0.0,12.15,0.0,12.15,7647.55,0.05,0,0,0,0.0,0,F1,125,,,,,
2026-02-18,2026-02-18,FO,NSE,STO,67110,,APOLLOHOSP,,2026-02-24,2026-02-24,8250.0,CE,APOLLOHOSP26FEB8250CE,10.95,11.0,2.15,2.25,2.25,16.35,7647.55,2.25,29625,29625,335,345681562.5,175,F1,125,,,,,
2026-02-18,2026-02-18,FO,NSE,STO,67108,,APOLLOHOSP,,2026-02-24,2026-02-24,8150.0,CE,APOLLOHOSP26FEB8150CE,0.0,0.0,0.0,21.75,0.0,21.75,7647.55,0.7,0,0,0,0.0,0,F1,125,,,,,
2026-02-18,2026-02-18,FO,NSE,STO,67104,,APOLLOHOSP,,2026-02-24,2026-02-24,7950.0,CE,APOLLOHOSP26FEB7950CE,7.4,10.55,4.85,5.5,5.6,9.1,7647.55,5.5,14000,2250,352,350146950.0,347,F1,125,,,,,
2026-02-18,2026-02-18,FO,NSE,STO,73667,,APOLLOHOSP,,2026-02-24,2026-02-24,7900.0,CE,APOLLOHOSP26FEB7900CE,11.45,15.2,6.9,7.85,7.65,11.65,7647.55,7.85,52500,1000,1229,1215227562.5,1080,F1,125,,,,,
2026-02-18,2026-02-18,FO,NSE,STO,66978,,APOLLOHOSP,,2026-02-24,2026-02-24,6250.0,CE,APOLLOHOSP26FEB6250CE,0.0,0.0,0.0,829.8,0.0,829.8,7647.55,1403.2,0,0,0,0.0,0,F1,125,,,,,
2026-02-18,2026-02-18,FO,NSE,STO,73582,,APOLLOHOSP,,2026-02-24,2026-02-24,5800.0,CE,APOLLOHOSP26FEB5800CE,0.0,0.0,0.0,1306.0,1306.0,1306.0,7647.55,1852.8,0,0,0,0.0,0,F1,125,,,,,
2026-02-18,2026-02-18,FO,NSE,STO,81581,,APOLLOHOSP,,2026-03-30,2026-03-30,6450.0,PE,APOLLOHOSP26MAR6450PE,0.0,0.0,0.0,13.25,12.25,13.25,7647.55,0.85,4625,0,0,0.0,0,F1,125,,,,,
2026-02-18,2026-02-18,FO,NSE,STO,81865,,APOLLOHOSP,,2026-04-28,2026-04-28,8500.0,PE,APOLLOHOSP26APR8500PE,0.0,0.0,0.0,1594.3,0.0,1594.3,7647.55,819.95,0,0,0,0.0,0,F1,125,,,,,
2026-02-18,2026-02-18,FO,NSE,STO,81847,,APOLLOHOSP,,2026-04-28,2026-04-28,7600.0,PE,APOLLOHOSP26APR7600PE,0.0,0.0,0.0,800.35,0.0,800.35,7647.55,216.55,0,0,0,0.0,0,F1,125,,,,,
2026-02-18,2026-02-18,FO,NSE,STO,68065,,APOLLOHOSP,,2026-03-30,2026-03-30,8700.0,PE,APOLLOHOSP26MAR8700PE,0.0,0.0,0.0,1600.2,0.0,1600.2,7647.55,1008.7,0,0,0,0.0,0,F1,125,,,,,
2026-02-18,2026-02-18,FO,NSE,STO,81593,,APOLLOHOSP,,2026-03-30,2026-03-30,6950.0,PE,APOLLOHOSP26MAR6950PE,0.0,0.0,0.0,323.05,0.0,323.05,7647.55,15.85,0,0,0,0.0,0,F1,125,,,,,
2026-02-18,2026-02-18,FO,NSE,STO,67956,,APOLLOHOSP,,2026-03-30,2026-03-30,6900.0,PE,APOLLOHOSP26MAR6900PE,0.0,0.0,0.0,249.45,0.0,249.45,7647.55,12.4,0,0,0,0.0,0,F1,125,,,,,
2026-02-18,2026-02-18,FO,NSE,STO,81839,,APOLLOHOSP,,2026-04-28,2026-04-28,7200.0,PE,APOLLOHOSP26APR7200PE,0.0,0.0,0.0,511.6,0.0,511.6,7647.55,83.9,0,0,0,0.0,0,F1,125,,,,,
2026-02-18,2026-02-18,FO,NSE,STO,81827,,APOLLOHOSP,,2026-04-28,2026-04-28,6600.0,PE,APOLLOHOSP26APR6600PE,0.0,0.0,0.0,202.25,0.0,202.25,7647.55,10.8,0,0,0,0.0,0,F1,125,,,,,
2026-02-18,2026-02-18,FO,NSE,STO,68063,,APOLLOHOSP,,2026-03-30,2026-03-30,8600.0,PE,APOLLOHOSP26MAR8600PE,0.0,0.0,0.0,1506.3,0.0,1506.3,7647.55,913.55,0,0,0,0.0,0,F1,125,,,,,
2026-02-18,2026-02-18,FO,NSE,STO,68061,,APOLLOHOSP,,2026-03-30,2026-03-30,8500.0,PE,APOLLOHOSP26MAR8500PE,0.0,0.0,0.0,1413.4,0.0,1413.4,7647.55,820.05,0,0,0,0.0,0,F1,125,,,,,
2026-02-18,2026-02-18,FO,NSE,STO,68045,,APOLLOHOSP,,2026-03-30,2026-03-30,8100.0,PE,APOLLOHOSP26MAR8100PE,0.0,0.0,0.0,1055.4,0.0,1055.4,7647.55,475.85,0,0,0,0.0,0,F1,125,,,,,
2026-02-18,2026-02-18,FO,NSE,STO,68039,,APOLLOHOSP,,2026-03-30,2026-03-30,7800.0,PE,APOLLOHOSP26MAR7800PE,262.0,262.0,230.4,230.4,230.4,807.8,7647.55,269.6,250,250,2,2011550.0,2,F1,125,,,,,
2026-02-18,2026-02-18,FO,NSE,STO,81583,,APOLLOHOSP,,2026-03-30,2026-03-30,6550.0,PE,APOLLOHOSP26MAR6550PE,0.0,0.0,0.0,8.75,8.75,8.75,7647.55,1.65,1375,0,0,0.0,0,F1,125,,,,,
2026-02-18,2026-02-18,FO,NSE,STO,67684,,APOLLOHOSP,,2026-03-30,2026-03-30,5900.0,PE,APOLLOHOSP26MAR5900PE,0.0,0.0,0.0,22.7,0.0,22.7,7647.55,0.05,0,0,0,0.0,0,F1,125,,,,,
2026-02-18,2026-02-18,FO,NSE,STO,73680,,APOLLOHOSP,,2026-02-24,2026-02-24,8000.0,PE,APOLLOHOSP26FEB8000PE,0.0,0.0,0.0,407.0,407.0,407.0,7647.55,349.6,875,0,0,0.0,0,F1,125,,,,,
2026-02-18,2026-02-18,FO,NSE,STO,67079,,APOLLOHOSP,,2026-02-24,2026-02-24,7350.0,PE,APOLLOHOSP26FEB7350PE,12.55,12.75,6.55,7.05,7.35,15.45,7647.55,7.05,25875,3125,375,344952600.0,367,F1,125,,,,,
2026-02-18,2026-02-18,FO,NSE,STO,73615,,APOLLOHOSP,,2026-02-24,2026-02-24,6800.0,PE,APOLLOHOSP26FEB6800PE,2.25,2.25,1.5,1.6,1.6,2.3,7647.55,0.05,105250,-125,47,39960612.5,22,F1,125,,,,,
2026-02-18,2026-02-18,FO,NSE,STO,73607,,APOLLOHOSP,,2026-02-24,2026-02-24,6700.0,PE,APOLLOHOSP26FEB6700PE,1.25,1.55,1.0,1.3,1.3,1.4,7647.55,0.05,31375,-2000,33,27642493.75,28,F1,125,,,,,
2026-02-18,2026-02-18,FO,NSE,STO,73599,,APOLLOHOSP,,2026-02-24,2026-02-24,6300.0,PE,APOLLOHOSP26FEB6300PE,0.65,0.65,0.65,0.65,0.65,0.75,7647.55,0.05,2125,-125,1,787581.25,1,F1,125,,,,,
2026-02-18,2026-02-18,FO,NSE,STO,73593,,APOLLOHOSP,,2026-02-24,2026-02-24,6000.0,PE,APOLLOHOSP26FEB6000PE,0.05,0.15,0.05,0.05,0.05,0.5,7647.55,0.05,18000,-375,12,9000106.25,5,F1,125,,,,,
2026-02-18,2026-02-18,FO,NSE,STO,81856,,APOLLOHOSP,,2026-04-28,2026-04-28,8100.0,CE,APOLLOHOSP26APR8100CE,0.0,0.0,0.0,42.3,0.0,42.3,7647.55,136.9,0,0,0,0.0,0,F1,125,,,,,
2026-02-18,2026-02-18,FO,NSE,STO,81848,,APOLLOHOSP,,2026-04-28,2026-04-28,7700.0,CE,APOLLOHOSP26APR7700CE,0.0,0.0,0.0,92.0,0.0,92.0,7647.55,290.65,0,0,0,0.0,0,F1,125,,,,,
2026-02-18,2026-02-18,FO,NSE,STO,81840,,APOLLOHOSP,,2026-04-28,2026-04-28,7300.0,CE,APOLLOHOSP26APR7300CE,0.0,0.0,0.0,183.65,0.0,183.65,7647.55,532.3,0,0,0,0.0,0,F1,125,,,,,
2026-02-18,2026-02-18,FO,NSE,STO,81828,,APOLLOHOSP,,2026-04-28,2026-04-28,6700.0,CE,APOLLOHOSP26APR6700CE,0.0,0.0,0.0,438.45,0.0,438.45,7647.55,1033.05,0,0,0,0.0,0,F1,125,,,,,
2026-02-18,2026-02-18,FO,NSE,STO,81754,,APOLLOHOSP,,2026-04-28,2026-04-28,6000.0,CE,APOLLOHOSP26APR6000CE,0.0,0.0,0.0,936.8,0.0,936.8,7647.55,1710.1,0,0,0,0.0,0,F1,125,,,,,
2026-02-18,2026-02-18,FO,NSE,STO,68064,,APOLLOHOSP,,2026-03-30,2026-03-30,8700.0,CE,APOLLOHOSP26MAR8700CE,13.0,14.8,12.45,12.45,12.45,12.75,7647.55,8.55,5750,3250,40,43566818.75,34,F1,125,,,,,
2026-02-18,2026-02-18,FO,NSE,STO,81612,,APOLLOHOSP,,2026-03-30,2026-03-30,7950.0,CE,APOLLOHOSP26MAR7950CE,0.0,0.0,0.0,25.65,0.0,25.65,7647.55,110.95,0,0,0,0.0,0,F1,125,,,,,
2026-02-18,2026-02-18,FO,NSE,STO,81590,,APOLLOHOSP,,2026-03-30,2026-03-30,6950.0,CE,APOLLOHOSP26MAR6950CE,0.0,0.0,0.0,689.0,689.0,689.0,7647.55,755.15,250,0,0,0.0,0,F1,125,,,,,
2026-02-18,2026-02-18,FO,NSE,STO,73673,,APOLLOHOSP,,2026-02-24,2026-02-24,8000.0,CE,APOLLOHOSP26FEB8000CE,6.95,7.95,3.1,3.8,3.55,7.15,7647.55,3.8,180875,-9125,1512,1512988431.25,1009,F1,125,,,,,
2026-02-18,2026-02-18,FO,NSE,STO,73656,,APOLLOHOSP,,2026-02-24,2026-02-24,7600.0,CE,APOLLOHOSP26FEB7600CE,88.55,110.9,79.25,86.7,84.5,81.8,7647.55,86.7,222375,-66250,6280,6039960306.25,5042,F1,125,,,,,
2026-02-18,2026-02-18,FO,NSE,STO,73614,,APOLLOHOSP,,2026-02-24,2026-02-24,6800.0,CE,APOLLOHOSP26FEB6800CE,0.0,0.0,0.0,806.85,800.3,806.85,7647.55,853.7,105000,0,0,0.0,0,F1,125,,,,,
2026-02-18,2026-02-18,FO,NSE,STO,66996,,APOLLOHOSP,,2026-02-24,2026-02-24,6750.0,CE,APOLLOHOSP26FEB6750CE,0.0,0.0,0.0,824.2,824.2,824.2,7647.55,903.65,15625,0,0,0.0,0,F1,125,,,,,
2026-02-18,2026-02-18,FO,NSE,STO,66992,,APOLLOHOSP,,2026-02-24,2026-02-24,6550.0,CE,APOLLOHOSP26FEB6550CE,0.0,0.0,0.0,583.3,0.0,583.3,7647.55,1103.45,0,0,0,0.0,0,F1,125,,,,,
2026-02-18,2026-02-18,FO,NSE,STO,73598,,APOLLOHOSP,,2026-02-24,2026-02-24,6300.0,CE,APOLLOHOSP26FEB6300CE,0.0,0.0,0.0,1163.8,0.0,1163.8,7647.55,1353.25,0,0,0,0.0,0,F1,125,,,,,
2026-02-18,2026-02-18,FO,NSE,STO,81851,,APOLLOHOSP,,2026-04-28,2026-04-28,7800.0,PE,APOLLOHOSP26APR7800PE,0.0,0.0,0.0,963.4,0.0,963.4,7647.55,316.0,0,0,0,0.0,0,F1,125,,,,,
2026-02-18,2026-02-18,FO,NSE,STO,81849,,APOLLOHOSP,,2026-04-28,2026-04-28,7700.0,PE,APOLLOHOSP26APR7700PE,0.0,0.0,0.0,880.55,0.0,880.55,7647.55,263.5,0,0,0,0.0,0,F1,125,,,,,
2026-02-18,2026-02-18,FO,NSE,STO,67166,,APOLLOHOSP,,2026-02-24,2026-02-24,8550.0,PE,APOLLOHOSP26FEB8550PE,0.0,0.0,0.0,1487.55,0.0,1487.55,7647.55,894.7,0,0,0,0.0,0,F1,125,,,,,
2026-02-18,2026-02-18,FO,NSE,STO,67870,,APOLLOHOSP,,2026-03-30,2026-03-30,6000.0,PE,APOLLOHOSP26MAR6000PE,0.0,0.0,0.0,31.1,0.0,31.1,7647.55,0.05,0,0,0,0.0,0,F1,125,,,,,
2026-02-18,2026-02-18,FO,NSE,STO,81831,,APOLLOHOSP,,2026-04-28,2026-04-28,6800.0,PE,APOLLOHOSP26APR6800PE,0.0,0.0,0.0,287.1,0.0,287.1,7647.55,23.6,0,0,0,0.0,0,F1,125,,,,,
2026-02-18,2026-02-18,FO,NSE,STO,73639,,APOLLOHOSP,,2026-02-24,2026-02-24,7100.0,CE,APOLLOHOSP26FEB7100CE,533.4,547.35,525.5,545.0,545.0,501.65,7647.55,545.0,10125,-1125,15,14320381.25,12,F1,125,,,,,
2026-02-18,2026-02-18,FO,NSE,STO,67066,,APOLLOHOSP,,2026-02-24,2026-02-24,6950.0,CE,APOLLOHOSP26FEB6950CE,695.0,696.8,687.45,687.45,687.45,648.1,7647.55,687.45,19000,125,5,4777581.25,5,F1,125,,,,,
2026-02-18,2026-02-18,FO,NSE,STO,73616,,APOLLOHOSP,,2026-02-24,2026-02-24,6900.0,CE,APOLLOHOSP26FEB6900CE,720.0,753.6,720.0,746.3,738.9,703.0,7647.55,746.3,50625,-250,23,21960681.25,21,F1,125,,,,,
2026-02-18,2026-02-18,FO,NSE,STO,73665,,APOLLOHOSP,,2026-02-24,2026-02-24,7800.0,CE,APOLLOHOSP26FEB7800CE,21.95,31.65,16.6,18.65,18.2,23.05,7647.55,18.65,141125,-31750,4026,3937208437.5,2996,F1,125,,,,,
2026-02-18,2026-02-18,FO,NSE,STO,73645,,APOLLOHOSP,,2026-02-24,2026-02-24,7400.0,CE,APOLLOHOSP26FEB7400CE,241.5,270.4,221.0,251.3,237.65,218.45,7647.55,251.3,46000,-5125,153,146271600.0,117,F1,125,,,,,
2026-02-18,2026-02-18,FO,NSE,STO,73685,,APOLLOHOSP,,2026-02-24,2026-02-24,8300.0,CE,APOLLOHOSP26FEB8300CE,4.0,4.0,1.9,2.0,1.9,3.2,7647.55,2.0,29500,5375,149,154632293.75,117,F1,125,,,,,
2026-02-18,2026-02-18,FO,NSE,STO,67677,,APOLLOHOSP,,2026-03-30,2026-03-30,5700.0,CE,APOLLOHOSP26MAR5700CE,0.0,0.0,0.0,1385.8,0.0,1385.8,7647.55,1981.8,0,0,0,0.0,0,F1,125,,,,,
2026-02-18,2026-02-18,FO,NSE,STO,67679,,APOLLOHOSP,,2026-03-30,2026-03-30,5800.0,CE,APOLLOHOSP26MAR5800CE,0.0,0.0,0.0,1292.15,0.0,1292.15,7647.55,1882.4,0,0,0,0.0,0,F1,125,,,,,
2026-02-18,2026-02-18,FO,NSE,STO,81598,,APOLLOHOSP,,2026-03-30,2026-03-30,7250.0,CE,APOLLOHOSP26MAR7250CE,0.0,0.0,0.0,138.3,138.3,138.3,7647.55,496.8,250,0,0,0.0,0,F1,125,,,,,
2026-02-18,2026-02-18,FO,NSE,STO,68032,,APOLLOHOSP,,2026-03-30,2026-03-30,7600.0,CE,APOLLOHOSP26MAR7600CE,210.0,240.0,205.35,229.45,227.7,203.15,7647.55,229.45,13750,-5500,218,213279875.0,176,F1,125,,,,,
2026-02-18,2026-02-18,FO,NSE,STO,68054,,APOLLOHOSP,,2026-03-30,2026-03-30,8200.0,CE,APOLLOHOSP26MAR8200CE,0.0,0.0,0.0,53.85,0.0,53.85,7647.55,52.85,0,0,0,0.0,0,F1,125,,,,,
2026-02-18,2026-02-18,FO,NSE,STO,81642,,APOLLOHOSP,,2026-03-30,2026-03-30,8550.0,CE,APOLLOHOSP26MAR8550CE,0.0,0.0,0.0,20.6,20.6,20.6,7647.55,15.5,500,0,0,0.0,0,F1,125,,,,,
2026-02-18,2026-02-18,FO,NSE,STO,67064,,APOLLOHOSP,,2026-02-24,2026-02-24,6850.0,CE,APOLLOHOSP26FEB6850CE,751.45,772.05,751.4,762.5,762.5,688.9,7647.55,803.75,25500,0,12,11419462.5,5,F1,125,,,,,
2026-02-18,2026-02-18,FO,NSE,STO,73600,,APOLLOHOSP,,2026-02-24,2026-02-24,6400.0,CE,APOLLOHOSP26FEB6400CE,0.0,0.0,0.0,1120.0,1120.0,1120.0,7647.55,1253.35,875,0,0,0.0,0,F1,125,,,,,
2026-02-18,2026-02-18,FO,NSE,STF,51756,,APOLLOHOSP,,2026-03-30,2026-03-30,,,APOLLOHOSP26MARFUT,7647.0,7714.0,7646.0,7689.0,7690.5,7643.0,7647.55,7689.0,267500,115250,1551,1490961750.0,1362,F1,125,,,,,
2026-02-18,2026-02-18,FO,NSE,STO,81820,,APOLLOHOSP,,2026-04-28,2026-04-28,6300.0,CE,APOLLOHOSP26APR6300CE,0.0,0.0,0.0,699.0,0.0,699.0,7647.55,1415.4,0,0,0,0.0,0,F1,125,,,,,
2026-02-18,2026-02-18,FO,NSE,STO,81824,,APOLLOHOSP,,2026-04-28,2026-04-28,6500.0,CE,APOLLOHOSP26APR6500CE,0.0,0.0,0.0,559.75,0.0,559.75,7647.55,1221.8,0,0,0,0.0,0,F1,125,,,,,
2026-02-18,2026-02-18,FO,NSE,STO,66989,,APOLLOHOSP,,2026-02-24,2026-02-24,6350.0,PE,APOLLOHOSP26FEB6350PE,0.0,0.0,0.0,1.35,1.35,1.35,7647.55,0.05,4125,0,0,0.0,0,F1,125,,,,,
2026-02-18,2026-02-18,FO,NSE,STO,67094,,APOLLOHOSP,,2026-02-24,2026-02-24,7650.0,PE,APOLLOHOSP26FEB7650PE,100.0,104.45,63.0,72.9,72.55,113.8,7647.55,72.9,32875,8375,1415,1366941193.75,1208,F1,125,,,,,
2026-02-18,2026-02-18,FO,NSE,STO,81843,,APOLLOHOSP,,2026-04-28,2026-04-28,7400.0,PE,APOLLOHOSP26APR7400PE,0.0,0.0,0.0,648.85,0.0,648.85,7647.55,139.6,0,0,0,0.0,0,F1,125,,,,,
2026-02-18,2026-02-18,FO,NSE,STO,67172,,APOLLOHOSP,,2026-02-24,2026-02-24,8650.0,PE,APOLLOHOSP26FEB8650PE,0.0,0.0,0.0,1584.85,0.0,1584.85,7647.55,994.65,0,0,0,0.0,0,F1,125,,,,,
2026-02-18,2026-02-18,FO,NSE,STO,67938,,APOLLOHOSP,,2026-03-30,2026-03-30,6700.0,PE,APOLLOHOSP26MAR6700PE,7.65,7.65,7.65,7.65,7.65,8.5,7647.55,4.2,4875,0,1,838456.25,1,F1,125,,,,,
2026-02-18,2026-02-18,FO,NSE,STO,67987,,APOLLOHOSP,,2026-03-30,2026-03-30,7000.0,PE,APOLLOHOSP26MAR7000PE,18.1,21.2,16.4,16.6,16.65,21.0,7647.55,16.6,28250,-1500,94,82465206.25,78,F1,125,,,,,
2026-02-18,2026-02-18,FO,NSE,STO,81622,,APOLLOHOSP,,2026-03-30,2026-03-30,8050.0,PE,APOLLOHOSP26MAR8050PE,0.0,0.0,0.0,1191.85,0.0,1191.85,7647.55,437.7,0,0,0,0.0,0,F1,125,,,,,
2026-02-18,2026-02-18,FO,NSE,STO,81639,,APOLLOHOSP,,2026-03-30,2026-03-30,8350.0,PE,APOLLOHOSP26MAR8350PE,0.0,0.0,0.0,1477.45,0.0,1477.45,7647.55,684.35,0,0,0,0.0,0,F1,125,,,,,
2026-02-18,2026-02-18,FO,NSE,STO,73668,,APOLLOHOSP,,2026-02-24,2026-02-24,7900.0,PE,APOLLOHOSP26FEB7900PE,0.0,0.0,0.0,403.45,402.15,403.45,7647.55,257.55,875,0,0,0.0,0,F1,125,,,,,
2026-02-18,2026-02-18,FO,NSE,STO,67107,,APOLLOHOSP,,2026-02-24,2026-02-24,8050.0,PE,APOLLOHOSP26FEB8050PE,0.0,0.0,0.0,1014.35,0.0,1014.35,7647.55,397.65,0,0,0,0.0,0,F1,125,,,,,
2026-02-18,2026-02-18,FO,NSE,STO,67871,,APOLLOHOSP,,2026-03-30,2026-03-30,6100.0,CE,APOLLOHOSP26MAR6100CE,0.0,0.0,0.0,1022.05,0.0,1022.05,7647.55,1584.25,0,0,0,0.0,0,F1,125,,,,,
2026-02-18,2026-02-18,FO,NSE,STO,67931,,APOLLOHOSP,,2026-03-30,2026-03-30,6500.0,CE,APOLLOHOSP26MAR6500CE,0.0,0.0,0.0,700.8,0.0,700.8,7647.55,1187.8,0,0,0,0.0,0,F1,125,,,,,
2026-02-18,2026-02-18,FO,NSE,STO,67935,,APOLLOHOSP,,2026-03-30,2026-03-30,6600.0,CE,APOLLOHOSP26MAR6600CE,0.0,0.0,0.0,629.2,0.0,629.2,7647.55,1089.5,0,0,0,0.0,0,F1,125,,,,,
2026-02-18,2026-02-18,FO,NSE,STO,81596,,APOLLOHOSP,,2026-03-30,2026-03-30,7150.0,CE,APOLLOHOSP26MAR7150CE,0.0,0.0,0.0,194.55,194.55,194.55,7647.55,578.5,125,0,0,0.0,0,F1,125,,,,,
2026-02-18,2026-02-18,FO,NSE,STO,73606,,APOLLOHOSP,,2026-02-24,2026-02-24,6700.0,CE,APOLLOHOSP26FEB6700CE,0.0,0.0,0.0,546.3,546.3,546.3,7647.55,953.6,19125,0,0,0.0,0,F1,125,,,,,
2026-02-18,2026-02-18,FO,NSE,STO,67106,,APOLLOHOSP,,2026-02-24,2026-02-24,8050.0,CE,APOLLOHOSP26FEB8050CE,3.5,4.35,2.95,3.15,3.05,5.35,7647.55,3.15,7625,2500,74,74497387.5,70,F1,125,,,,,
2026-02-18,2026-02-18,FO,NSE,STO,67171,,APOLLOHOSP,,2026-02-24,2026-02-24,8650.0,CE,APOLLOHOSP26FEB8650CE,0.0,0.0,0.0,4.75,0.0,4.75,7647.55,0.05,0,0,0,0.0,0,F1,125,,,,,
2026-02-18,2026-02-18,FO,NSE,STO,67681,,APOLLOHOSP,,2026-03-30,2026-03-30,5900.0,CE,APOLLOHOSP26MAR5900CE,0.0,0.0,0.0,1200.1,0.0,1200.1,7647.55,1783.0,0,0,0,0.0,0,F1,125,,,,,
2026-02-18,2026-02-18,FO,NSE,STO,73594,,APOLLOHOSP,,2026-02-24,2026-02-24,6100.0,CE,APOLLOHOSP26FEB6100CE,0.0,0.0,0.0,1343.85,0.0,1343.85,7647.55,1553.05,0,0,0,0.0,0,F1,125,,,,,
2026-02-18,2026-02-18,FO,NSE,STO,73602,,APOLLOHOSP,,2026-02-24,2026-02-24,6500.0,CE,APOLLOHOSP26FEB6500CE,0.0,0.0,0.0,510.0,510.0,510.0,7647.55,1153.4,250,0,0,0.0,0,F1,125,,,,,
2026-02-18,2026-02-18,FO,NSE,STO,81601,,APOLLOHOSP,,2026-03-30,2026-03-30,7350.0,PE,APOLLOHOSP26MAR7350PE,0.0,0.0,0.0,588.8,0.0,588.8,7647.55,79.05,0,0,0,0.0,0,F1,125,,,,,
2026-02-18,2026-02-18,FO,NSE,STO,81746,,APOLLOHOSP,,2026-04-28,2026-04-28,5800.0,PE,APOLLOHOSP26APR5800PE,0.0,0.0,0.0,28.5,0.0,28.5,7647.55,0.15,0,0,0,0.0,0,F1,125,,,,,
2026-02-18,2026-02-18,FO,NSE,STO,81845,,APOLLOHOSP,,2026-04-28,2026-04-28,7500.0,PE,APOLLOHOSP26APR7500PE,0.0,0.0,0.0,723.3,0.0,723.3,7647.55,175.3,0,0,0,0.0,0,F1,125,,,,,
2026-02-18,2026-02-18,FO,NSE,STO,81857,,APOLLOHOSP,,2026-04-28,2026-04-28,8100.0,PE,APOLLOHOSP26APR8100PE,0.0,0.0,0.0,1224.75,0.0,1224.75,7647.55,505.6,0,0,0,0.0,0,F1,125,,,,,
2026-02-18,2026-02-18,FO,NSE,STO,35382,,APOLLOHOSP,,2026-03-30,2026-03-30,8650.0,CE,APOLLOHOSP26MAR8650CE,0.0,0.0,0.0,15.95,15.95,15.95,7647.55,10.45,1375,0,0,0.0,0,F1,125,,,,,
2026-02-18,2026-02-18,FO,NSE,STO,81634,,APOLLOHOSP,,2026-03-30,2026-03-30,8150.0,CE,APOLLOHOSP26MAR8150CE,0.0,0.0,0.0,14.8,0.0,14.8,7647.55,61.9,0,0,0,0.0,0,F1,125,,,,,
2026-02-18,2026-02-18,FO,NSE,STO,68044,,APOLLOHOSP,,2026-03-30,2026-03-30,8100.0,CE,APOLLOHOSP26MAR8100CE,59.4,61.0,51.0,52.0,53.0,47.6,7647.55,52.0,11250,2875,120,122326437.5,86,F1,125,,,,,
2026-02-18,2026-02-18,FO,NSE,STO,73722,,APOLLOHOSP,,2026-02-24,2026-02-24,8700.0,PE,APOLLOHOSP26FEB8700PE,0.0,0.0,0.0,1292.05,0.0,1292.05,7647.55,1044.6,0,0,0,0.0,0,F1,125,,,,,
2026-02-18,2026-02-18,FO,NSE,STO,73688,,APOLLOHOSP,,2026-02-24,2026-02-24,8300.0,PE,APOLLOHOSP26FEB8300PE,0.0,0.0,0.0,951.45,0.0,951.45,7647.55,645.05,0,0,0,0.0,0,F1,125,,,,,
2026-02-18,2026-02-18,FO,NSE,STO,73649,,APOLLOHOSP,,2026-02-24,2026-02-24,7500.0,PE,APOLLOHOSP26FEB7500PE,36.0,39.5,17.45,20.25,20.2,44.6,7647.55,20.25,111250,750,2885,2713858700.0,2337,F1,125,,,,,
2026-02-18,2026-02-18,FO,NSE,STO,67073,,APOLLOHOSP,,2026-02-24,2026-02-24,7050.0,PE,APOLLOHOSP26FEB7050PE,3.0,3.0,1.8,2.0,1.8,3.65,7647.55,2.0,17125,-3375,69,60825975.0,62,F1,125,,,,,
2026-02-18,2026-02-18,FO,NSE,STO,66997,,APOLLOHOSP,,2026-02-24,2026-02-24,6750.0,PE,APOLLOHOSP26FEB6750PE,0.0,0.0,0.0,1.35,1.6,1.35,7647.55,0.05,22000,0,0,0.0,0,F1,125,,,,,
2026-02-18,2026-02-18,FO,NSE,STO,81610,,APOLLOHOSP,,2026-03-30,2026-03-30,7850.0,CE,APOLLOHOSP26MAR7850CE,103.0,124.1,95.0,111.75,111.2,100.5,7647.55,111.75,5500,2125,31,30843693.75,16,F1,125,,,,,
2026-02-18,2026-02-18,FO,NSE,STO,81604,,APOLLOHOSP,,2026-03-30,2026-03-30,7550.0,CE,APOLLOHOSP26MAR7550CE,260.0,271.0,260.0,271.0,271.0,228.35,7647.55,288.4,2250,125,3,2930125.0,3,F1,125,,,,,
2026-02-18,2026-02-18,FO,NSE,STO,68028,,APOLLOHOSP,,2026-03-30,2026-03-30,7400.0,CE,APOLLOHOSP26MAR7400CE,0.0,0.0,0.0,326.0,326.0,326.0,7647.55,385.1,11750,0,0,0.0,0,F1,125,,,,,
2026-02-18,2026-02-18,FO,NSE,STO,81609,,APOLLOHOSP,,2026-03-30,2026-03-30,7750.0,PE,APOLLOHOSP26MAR7750PE,0.0,0.0,0.0,918.45,0.0,918.45,7647.55,241.1,0,0,0,0.0,0,F1,125,,,,,
2026-02-18,2026-02-18,FO,NSE,STO,81607,,APOLLOHOSP,,2026-03-30,2026-03-30,7650.0,PE,APOLLOHOSP26MAR7650PE,175.45,175.45,150.0,150.0,150.0,285.0,7647.55,189.55,1000,750,10,9766343.75,7,F1,125,,,,,
2026-02-18,2026-02-18,FO,NSE,STO,81577,,APOLLOHOSP,,2026-03-30,2026-03-30,6250.0,PE,APOLLOHOSP26MAR6250PE,0.0,0.0,0.0,35.0,35.0,35.0,7647.55,0.2,250,0,0,0.0,0,F1,125,,,,,
2026-02-18,2026-02-18,FO,NSE,STO,67083,,APOLLOHOSP,,2026-02-24,2026-02-24,7450.0,PE,APOLLOHOSP26FEB7450PE,32.0,32.0,11.75,13.45,13.65,30.5,7647.55,13.45,38500,1375,694,647853481.25,673,F1,125,,,,,
2026-02-18,2026-02-18,FO,NSE,STO,67077,,APOLLOHOSP,,2026-02-24,2026-02-24,7250.0,PE,APOLLOHOSP26FEB7250PE,8.4,8.4,4.25,4.4,4.3,8.35,7647.55,4.4,34000,-2375,230,208580393.75,193,F1,125,,,,,
2026-02-18,2026-02-18,FO,NSE,STO,73617,,APOLLOHOSP,,2026-02-24,2026-02-24,6900.0,PE,APOLLOHOSP26FEB6900PE,1.65,2.35,1.15,1.6,1.4,2.15,7647.55,1.6,42750,-3375,43,37096900.0,37,F1,125,,,,,
2026-02-18,2026-02-18,FO,NSE,STO,66995,,APOLLOHOSP,,2026-02-24,2026-02-24,6650.0,PE,APOLLOHOSP26FEB6650PE,0.5,0.5,0.5,0.5,0.5,1.65,7647.55,0.05,6875,0,1,831312.5,1,F1,125,,,,,
2026-02-18,2026-02-18,FO,NSE,STO,81850,,APOLLOHOSP,,2026-04-28,2026-04-28,7800.0,CE,APOLLOHOSP26APR7800CE,0.0,0.0,0.0,76.35,0.0,76.35,7647.55,244.25,0,0,0,0.0,0,F1,125,,,,,
2026-02-18,2026-02-18,FO,NSE,STO,81760,,APOLLOHOSP,,2026-04-28,2026-04-28,6200.0,CE,APOLLOHOSP26APR6200CE,0.0,0.0,0.0,774.65,0.0,774.65,7647.55,1513.25,0,0,0,0.0,0,F1,125,,,,,
2026-02-18,2026-02-18,FO,NSE,STO,81606,,APOLLOHOSP,,2026-03-30,2026-03-30,7650.0,CE,APOLLOHOSP26MAR7650CE,194.15,214.0,178.75,204.65,204.65,194.15,7647.55,204.65,3500,3000,56,54957681.25,53,F1,125,,,,,
2026-02-18,2026-02-18,FO,NSE,STO,81600,,APOLLOHOSP,,2026-03-30,2026-03-30,7350.0,CE,APOLLOHOSP26MAR7350CE,0.0,0.0,0.0,320.0,320.0,320.0,7647.55,420.75,625,0,0,0.0,0,F1,125,,,,,
2026-02-18,2026-02-18,FO,NSE,STO,68026,,APOLLOHOSP,,2026-03-30,2026-03-30,7300.0,CE,APOLLOHOSP26MAR7300CE,460.5,460.5,460.5,460.5,460.5,407.0,7647.55,458.05,750,-250,2,1940125.0,2,F1,125,,,,,
2026-02-18,2026-02-18,FO,NSE,STO,103531,,DELHIVERY,,2026-03-30,2026-03-30,425.0,PE,DELHIVERY26MAR425PE,0.0,0.0,0.0,38.15,0.0,38.15,432.2,14.15,0,0,0,0.0,0,F1,2075,,,,,
2026-02-18,2026-02-18,FO,NSE,STO,103527,,DELHIVERY,,2026-03-30,2026-03-30,405.0,PE,DELHIVERY26MAR405PE,0.0,0.0,0.0,7.9,7.9,7.9,432.2,7.05,16600,0,0,0.0,0,F1,2075,,,,,
2026-02-18,2026-02-18,FO,NSE,STO,91119,,DELHIVERY,,2026-03-30,2026-03-30,400.0,PE,DELHIVERY26MAR400PE,3.95,4.7,3.65,4.35,4.4,4.2,432.2,4.35,182600,37350,77,64599107.5,59,F1,2075,,,,,
2026-02-18,2026-02-18,FO,NSE,STO,91029,,DELHIVERY,,2026-02-24,2026-02-24,485.0,PE,DELHIVERY26FEB485PE,0.0,0.0,0.0,82.65,0.0,82.65,432.2,52.4,0,0,0,0.0,0,F1,2075,,,,,
2026-02-18,2026-02-18,FO,NSE,STO,91112,,DELHIVERY,,2026-03-30,2026-03-30,380.0,PE,DELHIVERY26MAR380PE,1.75,1.9,1.75,1.9,1.9,3.95,432.2,2.3,16600,-12450,7,5545437.5,7,F1,2075,,,,,
2026-02-18,2026-02-18,FO,NSE,STO,103573,,DELHIVERY,,2026-04-28,2026-04-28,340.0,PE,DELHIVERY26APR340PE,0.0,0.0,0.0,7.35,0.0,7.35,432.2,0.9,0,0,0,0.0,0,F1,2075,,,,,
2026-02-18,2026-02-18,FO,NSE,STO,103595,,DELHIVERY,,2026-04-28,2026-04-28,430.0,PE,DELHIVERY26APR430PE,0.0,0.0,0.0,45.45,0.0,45.45,432.2,21.35,0,0,0,0.0,0,F1,2075,,,,,
2026-02-18,2026-02-18,FO,NSE,STO,91063,,DELHIVERY,,2026-03-30,2026-03-30,360.0,PE,DELHIVERY26MAR360PE,0.0,0.0,0.0,3.05,3.05,3.05,432.2,0.75,2075,0,0,0.0,0,F1,2075,,,,,
2026-02-18,2026-02-18,FO,NSE,STO,88626,,DELHIVERY,,2026-02-24,2026-02-24,510.0,PE,DELHIVERY26FEB510PE,0.0,0.0,0.0,99.75,0.0,99.75,432.2,77.35,0,0,0,0.0,0,F1,2075,,,,,
2026-02-18,2026-02-18,FO,NSE,STO,91015,,DELHIVERY,,2026-02-24,2026-02-24,435.0,PE,DELHIVERY26FEB435PE,7.6,9.35,5.2,7.35,7.65,7.85,432.2,7.35,358975,14525,293,268525542.5,236,F1,2075,,,,,
2026-02-18,2026-02-18,FO,NSE,STO,91009,,DELHIVERY,,2026-02-24,2026-02-24,405.0,PE,DELHIVERY26FEB405PE,0.7,0.7,0.45,0.55,0.55,0.85,432.2,0.55,728325,-43575,83,69845018.75,73,F1,2075,,,,,
2026-02-18,2026-02-18,FO,NSE,STO,91005,,DELHIVERY,,2026-02-24,2026-02-24,385.0,PE,DELHIVERY26FEB385PE,0.4,0.4,0.2,0.25,0.25,0.4,432.2,0.05,80925,-6225,13,10394920.0,7,F1,2075,,,,,
2026-02-18,2026-02-18,FO,NSE,STO,88552,,DELHIVERY,,2026-02-24,2026-02-24,360.0,PE,DELHIVERY26FEB360PE,0.15,0.15,0.1,0.15,0.15,0.2,432.2,0.05,37350,-4150,5,3736452.5,5,F1,2075,,,,,
2026-02-18,2026-02-18,FO,NSE,STO,91062,,DELHIVERY,,2026-03-30,2026-03-30,360.0,CE,DELHIVERY26MAR360CE,0.0,0.0,0.0,59.6,0.0,59.6,432.2,75.1,0,0,0,0.0,0,F1,2075,,,,,
2026-02-18,2026-02-18,FO,NSE,STO,91030,,DELHIVERY,,2026-02-24,2026-02-24,495.0,CE,DELHIVERY26FEB495CE,0.4,0.4,0.1,0.1,0.1,0.3,432.2,0.05,219950,-2075,2,2055287.5,2,F1,2075,,,,,
2026-02-18,2026-02-18,FO,NSE,STO,91150,,DELHIVERY,,2026-03-30,2026-03-30,490.0,PE,DELHIVERY26MAR490PE,0.0,0.0,0.0,88.95,0.0,88.95,432.2,58.35,0,0,0,0.0,0,F1,2075,,,,,
2026-02-18,2026-02-18,FO,NSE,STO,91008,,DELHIVERY,,2026-02-24,2026-02-24,405.0,CE,DELHIVERY26FEB405CE,31.75,31.75,28.05,28.75,28.75,20.8,432.2,28.75,151475,-4150,4,3603445.0,4,F1,2075,,,,,
2026-02-18,2026-02-18,FO,NSE,STO,91023,,DELHIVERY,,2026-02-24,2026-02-24,465.0,PE,DELHIVERY26FEB465PE,30.1,33.3,30.1,33.3,33.3,31.6,432.2,32.7,14525,0,7,7216642.5,7,F1,2075,,,,,
2026-02-18,2026-02-18,FO,NSE,STO,91140,,DELHIVERY,,2026-03-30,2026-03-30,440.0,PE,DELHIVERY26MAR440PE,16.85,19.0,15.65,18.25,18.25,17.3,432.2,18.25,62250,37350,44,41739040.0,43,F1,2075,,,,,
2026-02-18,2026-02-18,FO,NSE,STO,91151,,DELHIVERY,,2026-03-30,2026-03-30,500.0,CE,DELHIVERY26MAR500CE,2.7,3.15,1.8,2.2,2.1,2.8,432.2,2.2,327850,49800,189,197000188.75,145,F1,2075,,,,,
2026-02-18,2026-02-18,FO,NSE,STO,103594,,DELHIVERY,,2026-04-28,2026-04-28,430.0,CE,DELHIVERY26APR430CE,0.0,0.0,0.0,22.4,0.0,22.4,432.2,28.0,0,0,0,0.0,0,F1,2075,,,,,
2026-02-18,2026-02-18,FO,NSE,STO,91021,,DELHIVERY,,2026-02-24,2026-02-24,455.0,PE,DELHIVERY26FEB455PE,0.0,0.0,0.0,35.4,35.05,35.4,432.2,23.45,41500,0,0,0.0,0,F1,2075,,,,,
2026-02-18,2026-02-18,FO,NSE,STO,91122,,DELHIVERY,,2026-03-30,2026-03-30,420.0,CE,DELHIVERY26MAR420CE,26.5,28.7,25.5,25.5,25.5,26.5,432.2,25.5,26975,10375,11,10189910.0,9,F1,2075,,,,,
2026-02-18,2026-02-18,FO,NSE,STO,103528,,DELHIVERY,,2026-03-30,2026-03-30,415.0,CE,DELHIVERY26MAR415CE,0.0,0.0,0.0,21.7,0.0,21.7,432.2,29.9,0,0,0,0.0,0,F1,2075,,,,,
2026-02-18,2026-02-18,FO,NSE,STO,91032,,DELHIVERY,,2026-02-24,2026-02-24,505.0,CE,DELHIVERY26FEB505CE,0.25,0.25,0.1,0.1,0.1,0.3,432.2,0.05,259375,0,8,8385801.25,8,F1,2075,,,,,
2026-02-18,2026-02-18,FO,NSE,STO,91138,,DELHIVERY,,2026-03-30,2026-03-30,430.0,PE,DELHIVERY26MAR430PE,12.7,14.0,11.5,13.5,13.5,12.7,432.2,13.5,49800,4150,15,13772293.75,12,F1,2075,,,,,
2026-02-18,2026-02-18,FO,NSE,STF,66787,,DELHIVERY,,2026-04-28,2026-04-28,,,DELHIVERY26APRFUT,440.35,443.0,435.85,437.6,437.8,440.35,432.2,437.6,178450,6225,12,10957660.0,12,F1,2075,,,,,
2026-02-18,2026-02-18,FO,NSE,STO,88602,,DELHIVERY,,2026-02-24,2026-02-24,420.0,CE,DELHIVERY26FEB420CE,17.7,19.2,13.25,14.45,14.3,17.25,432.2,14.45,300875,-49800,79,71523071.25,61,F1,2075,,,,,
2026-02-18,2026-02-18,FO,NSE,STO,103523,,DELHIVERY,,2026-03-30,2026-03-30,385.0,PE,DELHIVERY26MAR385PE,0.0,0.0,0.0,17.05,0.0,17.05,432.2,2.95,0,0,0,0.0,0,F1,2075,,,,,
2026-02-18,2026-02-18,FO,NSE,STO,103607,,DELHIVERY,,2026-04-28,2026-04-28,490.0,PE,DELHIVERY26APR490PE,0.0,0.0,0.0,90.35,0.0,90.35,432.2,60.6,0,0,0,0.0,0,F1,2075,,,,,
2026-02-18,2026-02-18,FO,NSE,STF,59304,,DELHIVERY,,2026-02-24,2026-02-24,,,DELHIVERY26FEBFUT,436.0,438.45,430.25,432.9,431.8,434.75,432.2,432.9,23744225,-493850,1505,1355769517.5,1298,F1,2075,,,,,
2026-02-18,2026-02-18,FO,NSE,STO,103599,,DELHIVERY,,2026-04-28,2026-04-28,450.0,PE,DELHIVERY26APR450PE,0.0,0.0,0.0,59.05,0.0,59.05,432.2,32.2,0,0,0,0.0,0,F1,2075,,,,,
2026-02-18,2026-02-18,FO,NSE,STO,103581,,DELHIVERY,,2026-04-28,2026-04-28,370.0,PE,DELHIVERY26APR370PE,0.0,0.0,0.0,15.6,0.0,15.6,432.2,3.5,0,0,0,0.0,0,F1,2075,,,,,
2026-02-18,2026-02-18,FO,NSE,STO,103577,,DELHIVERY,,2026-04-28,2026-04-28,360.0,PE,DELHIVERY26APR360PE,0.0,0.0,0.0,12.4,0.0,12.4,432.2,2.3,0,0,0,0.0,0,F1,2075,,,,,
2026-02-18,2026-02-18,FO,NSE,STO,88558,,DELHIVERY,,2026-02-24,2026-02-24,390.0,PE,DELHIVERY26FEB390PE,0.45,0.5,0.25,0.35,0.35,0.45,432.2,0.35,307100,-72625,76,61558610.0,53,F1,2075,,,,,
2026-02-18,2026-02-18,FO,NSE,STO,88554,,DELHIVERY,,2026-02-24,2026-02-24,370.0,PE,DELHIVERY26FEB370PE,0.3,0.3,0.2,0.2,0.2,0.3,432.2,0.05,134875,-2075,2,1536537.5,2,F1,2075,,,,,
2026-02-18,2026-02-18,FO,NSE,STO,103608,,DELHIVERY,,2026-04-28,2026-04-28,500.0,CE,DELHIVERY26APR500CE,0.0,0.0,0.0,6.8,0.0,6.8,432.2,6.15,0,0,0,0.0,0,F1,2075,,,,,
2026-02-18,2026-02-18,FO,NSE,STO,103606,,DELHIVERY,,2026-04-28,2026-04-28,490.0,CE,DELHIVERY26APR490CE,0.0,0.0,0.0,8.2,0.0,8.2,432.2,7.85,0,0,0,0.0,0,F1,2075,,,,,
2026-02-18,2026-02-18,FO,NSE,STO,103542,,DELHIVERY,,2026-03-30,2026-03-30,485.0,CE,DELHIVERY26MAR485CE,0.0,0.0,0.0,9.4,9.4,9.4,432.2,4.15,4150,0,0,0.0,0,F1,2075,,,,,
2026-02-18,2026-02-18,FO,NSE,STO,88624,,DELHIVERY,,2026-02-24,2026-02-24,500.0,PE,DELHIVERY26FEB500PE,0.0,0.0,0.0,91.35,0.0,91.35,432.2,67.35,0,0,0,0.0,0,F1,2075,,,,,
2026-02-18,2026-02-18,FO,NSE,STO,88560,,DELHIVERY,,2026-02-24,2026-02-24,400.0,PE,DELHIVERY26FEB400PE,0.6,0.7,0.4,0.45,0.45,0.7,432.2,0.45,427450,-64325,112,93080661.25,95,F1,2075,,,,,
2026-02-18,2026-02-18,FO,NSE,STO,88544,,DELHIVERY,,2026-02-24,2026-02-24,330.0,PE,DELHIVERY26FEB330PE,2.5,2.5,0.5,0.5,0.5,0.95,432.2,0.05,24900,12450,6,4122817.5,6,F1,2075,,,,,
2026-02-18,2026-02-18,FO,NSE,STO,103596,,DELHIVERY,,2026-04-28,2026-04-28,440.0,CE,DELHIVERY26APR440CE,0.0,0.0,0.0,19.15,0.0,19.15,432.2,23.2,0,0,0,0.0,0,F1,2075,,,,,
2026-02-18,2026-02-18,FO,NSE,STO,91153,,DELHIVERY,,2026-03-30,2026-03-30,510.0,CE,DELHIVERY26MAR510CE,0.0,0.0,0.0,5.9,0.0,5.9,432.2,1.65,0,0,0,0.0,0,F1,2075,,,,,
2026-02-18,2026-02-18,FO,NSE,STO,103538,,DELHIVERY,,2026-03-30,2026-03-30,465.0,CE,DELHIVERY26MAR465CE,0.0,0.0,0.0,7.8,0.0,7.8,432.2,8.05,0,0,0,0.0,0,F1,2075,,,,,
2026-02-18,2026-02-18,FO,NSE,STO,91143,,DELHIVERY,,2026-03-30,2026-03-30,460.0,CE,DELHIVERY26MAR460CE,9.15,9.15,7.0,7.4,7.15,8.7,432.2,7.4,66400,14525,45,43677401.25,35,F1,2075,,,,,
2026-02-18,2026-02-18,FO,NSE,STO,91118,,DELHIVERY,,2026-03-30,2026-03-30,400.0,CE,DELHIVERY26MAR400CE,0.0,0.0,0.0,31.75,31.75,31.75,432.2,40.4,6225,0,0,0.0,0,F1,2075,,,,,
2026-02-18,2026-02-18,FO,NSE,STO,88625,,DELHIVERY,,2026-02-24,2026-02-24,510.0,CE,DELHIVERY26FEB510CE,0.1,0.1,0.1,0.1,0.1,0.2,432.2,0.05,136950,-35275,23,24344522.5,7,F1,2075,,,,,
2026-02-18,2026-02-18,FO,NSE,STO,88616,,DELHIVERY,,2026-02-24,2026-02-24,480.0,CE,DELHIVERY26FEB480CE,0.7,0.7,0.25,0.3,0.3,0.65,432.2,0.3,251075,-37350,68,67785996.25,61,F1,2075,,,,,
2026-02-18,2026-02-18,FO,NSE,STO,103601,,DELHIVERY,,2026-04-28,2026-04-28,460.0,PE,DELHIVERY26APR460PE,0.0,0.0,0.0,66.4,0.0,66.4,432.2,38.55,0,0,0,0.0,0,F1,2075,,,,,
2026-02-18,2026-02-18,FO,NSE,STO,91142,,DELHIVERY,,2026-03-30,2026-03-30,450.0,PE,DELHIVERY26MAR450PE,24.0,24.0,24.0,24.0,24.0,57.9,432.2,24.0,4150,4150,2,1967100.0,2,F1,2075,,,,,
2026-02-18,2026-02-18,FO,NSE,STO,91148,,DELHIVERY,,2026-03-30,2026-03-30,480.0,PE,DELHIVERY26MAR480PE,0.0,0.0,0.0,80.75,0.0,80.75,432.2,49.85,0,0,0,0.0,0,F1,2075,,,,,
2026-02-18,2026-02-18,FO,NSE,STO,91113,,DELHIVERY,,2026-03-30,2026-03-30,390.0,CE,DELHIVERY26MAR390CE,0.0,0.0,0.0,41.0,0.0,41.0,432.2,48.3,0,0,0,0.0,0,F1,2075,,,,,
2026-02-18,2026-02-18,FO,NSE,STO,91139,,DELHIVERY,,2026-03-30,2026-03-30,440.0,CE,DELHIVERY26MAR440CE,17.0,17.1,13.25,14.2,13.85,16.05,432.2,14.2,149400,58100,95,89688347.5,84,F1,2075,,,,,
2026-02-18,2026-02-18,FO,NSE,STO,91145,,DELHIVERY,,2026-03-30,2026-03-30,470.0,CE,DELHIVERY26MAR470CE,5.3,5.5,5.3,5.5,5.5,6.85,432.2,5.5,8300,6225,3,2959572.5,3,F1,2075,,,,,
2026-02-18,2026-02-18,FO,NSE,STO,103597,,DELHIVERY,,2026-04-28,2026-04-28,440.0,PE,DELHIVERY26APR440PE,0.0,0.0,0.0,52.05,0.0,52.05,432.2,26.45,0,0,0,0.0,0,F1,2075,,,,,
2026-02-18,2026-02-18,FO,NSE,STO,103593,,DELHIVERY,,2026-04-28,2026-04-28,420.0,PE,DELHIVERY26APR420PE,0.0,0.0,0.0,39.3,0.0,39.3,432.2,16.85,0,0,0,0.0,0,F1,2075,,,,,
2026-02-18,2026-02-18,FO,NSE,STO,103587,,DELHIVERY,,2026-04-28,2026-04-28,390.0,PE,DELHIVERY26APR390PE,0.0,0.0,0.0,23.6,0.0,23.6,432.2,7.15,0,0,0,0.0,0,F1,2075,,,,,
2026-02-18,2026-02-18,FO,NSE,STO,91152,,DELHIVERY,,2026-03-30,2026-03-30,500.0,PE,DELHIVERY26MAR500PE,0.0,0.0,0.0,97.4,0.0,97.4,432.2,67.2,0,0,0,0.0,0,F1,2075,,,,,
2026-02-18,2026-02-18,FO,NSE,STO,88611,,DELHIVERY,,2026-02-24,2026-02-24,450.0,PE,DELHIVERY26FEB450PE,17.1,19.75,14.5,18.35,18.35,18.15,432.2,18.35,282200,-4150,24,23239896.25,21,F1,2075,,,,,
2026-02-18,2026-02-18,FO,NSE,STO,103524,,DELHIVERY,,2026-03-30,2026-03-30,395.0,CE,DELHIVERY26MAR395CE,0.0,0.0,0.0,51.8,51.8,51.8,432.2,44.25,2075,0,0,0.0,0,F1,2075,,,,,
2026-02-18,2026-02-18,FO,NSE,STO,91141,,DELHIVERY,,2026-03-30,2026-03-30,450.0,CE,DELHIVERY26MAR450CE,12.4,12.85,9.65,10.5,10.45,11.75,432.2,10.5,213725,4150,115,110037665.0,106,F1,2075,,,,,
2026-02-18,2026-02-18,FO,NSE,STO,91149,,DELHIVERY,,2026-03-30,2026-03-30,490.0,CE,DELHIVERY26MAR490CE,0.0,0.0,0.0,7.85,7.85,7.85,432.2,3.45,6225,0,0,0.0,0,F1,2075,,,,,
2026-02-18,2026-02-18,FO,NSE,STO,88550,,DELHIVERY,,2026-02-24,2026-02-24,350.0,PE,DELHIVERY26FEB350PE,0.1,0.1,0.1,0.1,0.1,0.15,432.2,0.1,80925,-6225,3,2179372.5,2,F1,2075,,,,,
2026-02-18,2026-02-18,FO,NSE,STO,91004,,DELHIVERY,,2026-02-24,2026-02-24,385.0,CE,DELHIVERY26FEB385CE,0.0,0.0,0.0,43.0,43.0,43.0,432.2,47.55,24900,0,0,0.0,0,F1,2075,,,,,
2026-02-18,2026-02-18,FO,NSE,STO,103547,,DELHIVERY,,2026-03-30,2026-03-30,505.0,PE,DELHIVERY26MAR505PE,0.0,0.0,0.0,102.4,0.0,102.4,432.2,71.75,0,0,0,0.0,0,F1,2075,,,,,
2026-02-18,2026-02-18,FO,NSE,STO,88607,,DELHIVERY,,2026-02-24,2026-02-24,440.0,PE,DELHIVERY26FEB440PE,10.65,12.4,7.8,10.6,11.2,10.95,432.2,10.6,307100,-51875,252,235101753.75,179,F1,2075,,,,,
2026-02-18,2026-02-18,FO,NSE,STO,91027,,DELHIVERY,,2026-02-24,2026-02-24,475.0,PE,DELHIVERY26FEB475PE,0.0,0.0,0.0,74.0,0.0,74.0,432.2,42.45,0,0,0,0.0,0,F1,2075,,,,,
2026-02-18,2026-02-18,FO,NSE,STO,88619,,DELHIVERY,,2026-02-24,2026-02-24,480.0,PE,DELHIVERY26FEB480PE,0.0,0.0,0.0,75.4,0.0,75.4,432.2,47.4,0,0,0,0.0,0,F1,2075,,,,,
2026-02-18,2026-02-18,FO,NSE,STO,88559,,DELHIVERY,,2026-02-24,2026-02-24,400.0,CE,DELHIVERY26FEB400CE,34.3,38.35,32.8,35.75,35.75,35.6,432.2,32.8,275975,-4150,9,8124973.75,9,F1,2075,,,,,
2026-02-18,2026-02-18,FO,NSE,STO,91014,,DELHIVERY,,2026-02-24,2026-02-24,435.0,CE,DELHIVERY26FEB435CE,8.5,8.7,4.75,5.35,5.05,7.9,432.2,5.35,477250,41500,932,854053815.0,774,F1,2075,,,,,
2026-02-18,2026-02-18,FO,NSE,STO,91016,,DELHIVERY,,2026-02-24,2026-02-24,445.0,CE,DELHIVERY26FEB445CE,4.5,4.85,2.0,2.4,2.3,4.3,432.2,2.4,342375,-139025,634,589769053.75,526,F1,2075,,,,,
2026-02-18,2026-02-18,FO,NSE,STO,88610,,DELHIVERY,,2026-02-24,2026-02-24,450.0,CE,DELHIVERY26FEB450CE,3.45,3.55,1.3,1.65,1.6,3.2,432.2,1.65,2251375,-195050,1073,1007011091.25,882,F1,2075,,,,,
2026-02-18,2026-02-18,FO,NSE,STO,91018,,DELHIVERY,,2026-02-24,2026-02-24,455.0,CE,DELHIVERY26FEB455CE,2.55,2.55,0.85,1.05,1.0,2.4,432.2,1.05,670225,215800,358,339204296.25,319,F1,2075,,,,,
2026-02-18,2026-02-18,FO,NSE,STO,91022,,DELHIVERY,,2026-02-24,2026-02-24,465.0,CE,DELHIVERY26FEB465CE,1.4,1.4,0.55,0.6,0.6,1.4,432.2,0.6,112050,-22825,54,52195068.75,51,F1,2075,,,,,
2026-02-18,2026-02-18,FO,NSE,STO,103532,,DELHIVERY,,2026-03-30,2026-03-30,435.0,CE,DELHIVERY26MAR435CE,17.3,17.65,16.7,16.85,16.7,14.75,432.2,16.85,10375,10375,9,8445353.75,9,F1,2075,,,,,
2026-02-18,2026-02-18,FO,NSE,STO,103604,,DELHIVERY,,2026-04-28,2026-04-28,480.0,CE,DELHIVERY26APR480CE,0.0,0.0,0.0,9.8,0.0,9.8,432.2,9.95,0,0,0,0.0,0,F1,2075,,,,,
2026-02-18,2026-02-18,FO,NSE,STO,103533,,DELHIVERY,,2026-03-30,2026-03-30,435.0,PE,DELHIVERY26MAR435PE,14.5,14.9,13.8,14.9,14.9,44.85,432.2,18.9,16600,16600,8,7461907.5,7,F1,2075,,,,,
2026-02-18,2026-02-18,FO,NSE,STO,103543,,DELHIVERY,,2026-03-30,2026-03-30,485.0,PE,DELHIVERY26MAR485PE,0.0,0.0,0.0,84.5,0.0,84.5,432.2,54.05,0,0,0,0.0,0,F1,2075,,,,,
2026-02-18,2026-02-18,FO,NSE,STO,103525,,DELHIVERY,,2026-03-30,2026-03-30,395.0,PE,DELHIVERY26MAR395PE,0.0,0.0,0.0,21.45,0.0,21.45,432.2,4.7,0,0,0,0.0,0,F1,2075,,,,,
2026-02-18,2026-02-18,FO,NSE,STO,91146,,DELHIVERY,,2026-03-30,2026-03-30,470.0,PE,DELHIVERY26MAR470PE,0.0,0.0,0.0,72.85,0.0,72.85,432.2,41.85,0,0,0,0.0,0,F1,2075,,,,,
2026-02-18,2026-02-18,FO,NSE,STF,51862,,DELHIVERY,,2026-03-30,2026-03-30,,,DELHIVERY26MARFUT,437.85,440.65,433.15,435.5,434.8,437.5,432.2,435.5,1919375,846600,810,734422802.5,646,F1,2075,,,,,
2026-02-18,2026-02-18,FO,NSE,STO,88553,,DELHIVERY,,2026-02-24,2026-02-24,370.0,CE,DELHIVERY26FEB370CE,0.0,0.0,0.0,58.7,58.7,58.7,432.2,62.55,10375,0,0,0.0,0,F1,2075,,,,,
2026-02-18,2026-02-18,FO,NSE,STO,88555,,DELHIVERY,,2026-02-24,2026-02-24,380.0,CE,DELHIVERY26FEB380CE,49.7,49.7,49.7,49.7,49.7,48.8,432.2,52.55,49800,0,1,891627.5,1,F1,2075,,,,,
2026-02-18,2026-02-18,FO,NSE,STO,91006,,DELHIVERY,,2026-02-24,2026-02-24,395.0,CE,DELHIVERY26FEB395CE,0.0,0.0,0.0,31.2,31.2,31.2,432.2,37.65,112050,0,0,0.0,0,F1,2075,,,,,
2026-02-18,2026-02-18,FO,NSE,STO,91010,,DELHIVERY,,2026-02-24,2026-02-24,415.0,CE,DELHIVERY26FEB415CE,22.55,23.8,18.0,19.05,18.55,21.7,432.2,19.05,159775,-4150,23,20828642.5,22,F1,2075,,,,,
2026-02-18,2026-02-18,FO,NSE,STO,91028,,DELHIVERY,,2026-02-24,2026-02-24,485.0,CE,DELHIVERY26FEB485CE,0.7,0.7,0.4,0.4,0.4,0.3,432.2,0.05,53950,2075,2,2015032.5,2,F1,2075,,,,,
2026-02-18,2026-02-18,FO,NSE,STO,91120,,DELHIVERY,,2026-03-30,2026-03-30,410.0,CE,DELHIVERY26MAR410CE,0.0,0.0,0.0,31.1,0.0,31.1,432.2,33.2,0,0,0,0.0,0,F1,2075,,,,,
2026-02-18,2026-02-18,FO,NSE,STO,103530,,DELHIVERY,,2026-03-30,2026-03-30,425.0,CE,DELHIVERY26MAR425CE,22.85,23.8,22.85,23.8,23.8,22.0,432.2,23.9,4150,0,2,1860548.75,2,F1,2075,,,,,
2026-02-18,2026-02-18,FO,NSE,STO,91137,,DELHIVERY,,2026-03-30,2026-03-30,430.0,CE,DELHIVERY26MAR430CE,22.15,22.5,18.4,19.85,19.85,20.65,432.2,19.85,126575,14525,30,28031901.25,28,F1,2075,,,,,
2026-02-18,2026-02-18,FO,NSE,STO,103536,,DELHIVERY,,2026-03-30,2026-03-30,455.0,CE,DELHIVERY26MAR455CE,0.0,0.0,0.0,9.7,0.0,9.7,432.2,10.85,0,0,0,0.0,0,F1,2075,,,,,
2026-02-18,2026-02-18,FO,NSE,STO,103540,,DELHIVERY,,2026-03-30,2026-03-30,475.0,CE,DELHIVERY26MAR475CE,0.0,0.0,0.0,6.2,0.0,6.2,432.2,5.85,0,0,0,0.0,0,F1,2075,,,,,
2026-02-18,2026-02-18,FO,NSE,STO,103572,,DELHIVERY,,2026-04-28,2026-04-28,340.0,CE,DELHIVERY26APR340CE,0.0,0.0,0.0,72.9,0.0,72.9,432.2,96.6,0,0,0,0.0,0,F1,2075,,,,,
2026-02-18,2026-02-18,FO,NSE,STO,103578,,DELHIVERY,,2026-04-28,2026-04-28,370.0,CE,DELHIVERY26APR370CE,0.0,0.0,0.0,51.65,0.0,51.65,432.2,69.5,0,0,0,0.0,0,F1,2075,,,,,
2026-02-18,2026-02-18,FO,NSE,STO,103582,,DELHIVERY,,2026-04-28,2026-04-28,380.0,CE,DELHIVERY26APR380CE,0.0,0.0,0.0,45.5,0.0,45.5,432.2,61.2,0,0,0,0.0,0,F1,2075,,,,,
2026-02-18,2026-02-18,FO,NSE,STO,91007,,DELHIVERY,,2026-02-24,2026-02-24,395.0,PE,DELHIVERY26FEB395PE,0.4,0.4,0.35,0.35,0.35,0.6,432.2,0.1,217875,0,2,1640806.25,2,F1,2075,,,,,
2026-02-18,2026-02-18,FO,NSE,STO,91013,,DELHIVERY,,2026-02-24,2026-02-24,425.0,PE,DELHIVERY26FEB425PE,2.95,4.25,2.0,3.0,3.1,3.8,432.2,3.0,441975,-12450,365,324115103.75,326,F1,2075,,,,,
2026-02-18,2026-02-18,FO,NSE,STO,88605,,DELHIVERY,,2026-02-24,2026-02-24,430.0,PE,DELHIVERY26FEB430PE,4.95,6.2,3.2,5.05,5.2,5.5,432.2,5.05,612125,41500,587,529521013.75,498,F1,2075,,,,,
2026-02-18,2026-02-18,FO,NSE,STO,103521,,DELHIVERY,,2026-03-30,2026-03-30,375.0,PE,DELHIVERY26MAR375PE,0.0,0.0,0.0,13.25,0.0,13.25,432.2,1.75,0,0,0,0.0,0,F1,2075,,,,,
2026-02-18,2026-02-18,FO,NSE,STO,103603,,DELHIVERY,,2026-04-28,2026-04-28,470.0,PE,DELHIVERY26APR470PE,0.0,0.0,0.0,74.1,0.0,74.1,432.2,45.4,0,0,0,0.0,0,F1,2075,,,,,
2026-02-18,2026-02-18,FO,NSE,STO,91121,,DELHIVERY,,2026-03-30,2026-03-30,410.0,PE,DELHIVERY26MAR410PE,5.95,7.0,5.65,6.35,6.35,6.25,432.2,6.35,105825,51875,39,33696236.25,24,F1,2075,,,,,
2026-02-18,2026-02-18,FO,NSE,STO,91114,,DELHIVERY,,2026-03-30,2026-03-30,390.0,PE,DELHIVERY26MAR390PE,0.0,0.0,0.0,7.0,7.0,7.0,432.2,3.75,6225,0,0,0.0,0,F1,2075,,,,,
2026-02-18,2026-02-18,FO,NSE,STO,91033,,DELHIVERY,,2026-02-24,2026-02-24,505.0,PE,DELHIVERY26FEB505PE,0.0,0.0,0.0,100.7,0.0,100.7,432.2,72.35,0,0,0,0.0,0,F1,2075,,,,,
2026-02-18,2026-02-18,FO,NSE,STO,91017,,DELHIVERY,,2026-02-24,2026-02-24,445.0,PE,DELHIVERY26FEB445PE,13.0,15.4,11.2,14.2,14.2,14.1,432.2,14.2,226175,4150,43,40943070.0,38,F1,2075,,,,,
2026-02-18,2026-02-18,FO,NSE,STO,88603,,DELHIVERY,,2026-02-24,2026-02-24,420.0,PE,DELHIVERY26FEB420PE,2.0,2.65,1.1,1.8,1.9,2.4,432.2,1.8,522900,56025,414,362297801.25,368,F1,2075,,,,,
2026-02-18,2026-02-18,FO,NSE,STO,88556,,DELHIVERY,,2026-02-24,2026-02-24,380.0,PE,DELHIVERY26FEB380PE,0.35,0.35,0.25,0.25,0.25,0.4,432.2,0.25,319550,-20750,17,13414148.75,14,F1,2075,,,,,
2026-02-18,2026-02-18,FO,NSE,STO,103598,,DELHIVERY,,2026-04-28,2026-04-28,450.0,CE,DELHIVERY26APR450CE,0.0,0.0,0.0,16.3,0.0,16.3,432.2,19.05,0,0,0,0.0,0,F1,2075,,,,,
2026-02-18,2026-02-18,FO,NSE,STO,103534,,DELHIVERY,,2026-03-30,2026-03-30,445.0,CE,DELHIVERY26MAR445CE,0.0,0.0,0.0,12.0,0.0,12.0,432.2,14.4,0,0,0,0.0,0,F1,2075,,,,,
2026-02-18,2026-02-18,FO,NSE,STO,88561,,DELHIVERY,,2026-02-24,2026-02-24,410.0,CE,DELHIVERY26FEB410CE,26.5,28.55,22.85,23.4,23.2,25.3,432.2,23.4,168075,-6225,17,15379588.75,17,F1,2075,,,,,
2026-02-18,2026-02-18,FO,NSE,STO,88621,,DELHIVERY,,2026-02-24,2026-02-24,490.0,CE,DELHIVERY26FEB490CE,0.2,0.3,0.2,0.2,0.2,0.4,432.2,0.05,224100,10375,20,20344648.75,15,F1,2075,,,,,
2026-02-18,2026-02-18,FO,NSE,STO,103522,,DELHIVERY,,2026-03-30,2026-03-30,385.0,CE,DELHIVERY26MAR385CE,0.0,0.0,0.0,36.4,0.0,36.4,432.2,52.45,0,0,0,0.0,0,F1,2075,,,,,
2026-02-18,2026-02-18,FO,NSE,STO,103520,,DELHIVERY,,2026-03-30,2026-03-30,375.0,CE,DELHIVERY26MAR375CE,0.0,0.0,0.0,42.55,0.0,42.55,432.2,61.2,0,0,0,0.0,0,F1,2075,,,,,
2026-02-18,2026-02-18,FO,NSE,STO,103529,,DELHIVERY,,2026-03-30,2026-03-30,415.0,PE,DELHIVERY26MAR415PE,0.0,0.0,0.0,32.0,0.0,32.0,432.2,10.2,0,0,0,0.0,0,F1,2075,,,,,
2026-02-18,2026-02-18,FO,NSE,STO,103545,,DELHIVERY,,2026-03-30,2026-03-30,495.0,PE,DELHIVERY26MAR495PE,0.0,0.0,0.0,93.35,0.0,93.35,432.2,62.7,0,0,0,0.0,0,F1,2075,,,,,
2026-02-18,2026-02-18,FO,NSE,STO,103592,,DELHIVERY,,2026-04-28,2026-04-28,420.0,CE,DELHIVERY26APR420CE,0.0,0.0,0.0,26.05,0.0,26.05,432.2,33.4,0,0,0,0.0,0,F1,2075,,,,,
2026-02-18,2026-02-18,FO,NSE,STO,88604,,DELHIVERY,,2026-02-24,2026-02-24,430.0,CE,DELHIVERY26FEB430CE,10.4,11.75,6.75,7.55,7.15,10.4,432.2,7.55,892250,-145250,2204,2011994907.5,1957,F1,2075,,,,,
2026-02-18,2026-02-18,FO,NSE,STO,103588,,DELHIVERY,,2026-04-28,2026-04-28,400.0,CE,DELHIVERY26APR400CE,0.0,0.0,0.0,34.8,0.0,34.8,432.2,46.15,0,0,0,0.0,0,F1,2075,,,,,
2026-02-18,2026-02-18,FO,NSE,STO,103586,,DELHIVERY,,2026-04-28,2026-04-28,390.0,CE,DELHIVERY26APR390CE,0.0,0.0,0.0,39.9,0.0,39.9,432.2,53.4,0,0,0,0.0,0,F1,2075,,,,,
2026-02-18,2026-02-18,FO,NSE,STO,91064,,DELHIVERY,,2026-03-30,2026-03-30,370.0,CE,DELHIVERY26MAR370CE,0.0,0.0,0.0,52.9,0.0,52.9,432.2,65.75,0,0,0,0.0,0,F1,2075,,,,,
2026-02-18,2026-02-18,FO,NSE,STO,88623,,DELHIVERY,,2026-02-24,2026-02-24,500.0,CE,DELHIVERY26FEB500CE,0.35,0.35,0.15,0.15,0.15,0.35,432.2,0.15,1020900,-240700,296,307223670.0,126,F1,2075,,,,,
2026-02-18,2026-02-18,FO,NSE,STO,88614,,DELHIVERY,,2026-02-24,2026-02-24,470.0,CE,DELHIVERY26FEB470CE,1.1,1.1,0.35,0.4,0.4,1.05,432.2,0.4,423300,10375,160,156258497.5,138,F1,2075,,,,,
2026-02-18,2026-02-18,FO,NSE,STO,88551,,DELHIVERY,,2026-02-24,2026-02-24,360.0,CE,DELHIVERY26FEB360CE,71.45,73.4,71.45,73.4,73.4,61.6,432.2,72.55,14525,-4150,10,8966282.5,4,F1,2075,,,,,
2026-02-18,2026-02-18,FO,NSE,STO,88549,,DELHIVERY,,2026-02-24,2026-02-24,350.0,CE,DELHIVERY26FEB350CE,0.0,0.0,0.0,90.0,90.0,90.0,432.2,82.5,16600,0,0,0.0,0,F1,2075,,,,,
2026-02-18,2026-02-18,FO,NSE,STO,103589,,DELHIVERY,,2026-04-28,2026-04-28,400.0,PE,DELHIVERY26APR400PE,0.0,0.0,0.0,28.35,0.0,28.35,432.2,9.8,0,0,0,0.0,0,F1,2075,,,,,
2026-02-18,2026-02-18,FO,NSE,STO,103585,,DELHIVERY,,2026-04-28,2026-04-28,380.0,PE,DELHIVERY26APR380PE,0.0,0.0,0.0,19.35,0.0,19.35,432.2,5.1,0,0,0,0.0,0,F1,2075,,,,,
2026-02-18,2026-02-18,FO,NSE,STO,91065,,DELHIVERY,,2026-03-30,2026-03-30,370.0,PE,DELHIVERY26MAR370PE,1.2,1.2,1.1,1.1,1.1,2.55,432.2,1.35,29050,-8300,11,8471498.75,11,F1,2075,,,,,
2026-02-18,2026-02-18,FO,NSE,STO,88622,,DELHIVERY,,2026-02-24,2026-02-24,490.0,PE,DELHIVERY26FEB490PE,0.0,0.0,0.0,83.25,0.0,83.25,432.2,57.35,0,0,0,0.0,0,F1,2075,,,,,
2026-02-18,2026-02-18,FO,NSE,STO,91011,,DELHIVERY,,2026-02-24,2026-02-24,415.0,PE,DELHIVERY26FEB415PE,1.3,1.65,0.8,1.1,1.1,1.55,432.2,1.1,910925,12450,122,105361237.5,113,F1,2075,,,,,
2026-02-18,2026-02-18,FO,NSE,STO,88593,,DELHIVERY,,2026-02-24,2026-02-24,410.0,PE,DELHIVERY26FEB410PE,0.85,1.1,0.55,0.7,0.75,1.1,432.2,0.7,680600,-56025,265,225861986.25,218,F1,2075,,,,,
2026-02-18,2026-02-18,FO,NSE,STO,103605,,DELHIVERY,,2026-04-28,2026-04-28,480.0,PE,DELHIVERY26APR480PE,0.0,0.0,0.0,82.1,0.0,82.1,432.2,52.75,0,0,0,0.0,0,F1,2075,,,,,
2026-02-18,2026-02-18,FO,NSE,STO,88612,,DELHIVERY,,2026-02-24,2026-02-24,460.0,CE,DELHIVERY26FEB460CE,2.0,2.15,0.65,0.75,0.7,1.75,432.2,0.75,547800,-53950,275,263155650.0,252,F1,2075,,,,,
2026-02-18,2026-02-18,FO,NSE,STO,91111,,DELHIVERY,,2026-03-30,2026-03-30,380.0,CE,DELHIVERY26MAR380CE,0.0,0.0,0.0,46.7,0.0,46.7,432.2,56.8,0,0,0,0.0,0,F1,2075,,,,,
2026-02-18,2026-02-18,FO,NSE,STO,91147,,DELHIVERY,,2026-03-30,2026-03-30,480.0,CE,DELHIVERY26MAR480CE,4.8,5.0,3.65,3.85,3.85,4.8,432.2,3.85,43575,35275,24,24123120.0,16,F1,2075,,,,,
2026-02-18,2026-02-18,FO,NSE,STO,103576,,DELHIVERY,,2026-04-28,2026-04-28,360.0,CE,DELHIVERY26APR360CE,0.0,0.0,0.0,58.25,0.0,58.25,432.2,78.25,0,0,0,0.0,0,F1,2075,,,,,
2026-02-18,2026-02-18,FO,NSE,STO,91001,,DELHIVERY,,2026-02-24,2026-02-24,365.0,PE,DELHIVERY26FEB365PE,0.0,0.0,0.0,0.6,0.6,0.6,432.2,0.05,8300,0,0,0.0,0,F1,2075,,,,,
2026-02-18,2026-02-18,FO,NSE,STO,91003,,DELHIVERY,,2026-02-24,2026-02-24,375.0,PE,DELHIVERY26FEB375PE,0.25,0.25,0.25,0.25,0.25,0.4,432.2,0.05,24900,0,1,778643.75,1,F1,2075,,,,,
2026-02-18,2026-02-18,FO,NSE,STO,88615,,DELHIVERY,,2026-02-24,2026-02-24,470.0,PE,DELHIVERY26FEB470PE,34.1,38.95,33.65,38.1,38.1,42.75,432.2,37.55,62250,10375,8,8394516.25,8,F1,2075,,,,,
2026-02-18,2026-02-18,FO,NSE,STO,91057,,DELHIVERY,,2026-03-30,2026-03-30,350.0,PE,DELHIVERY26MAR350PE,0.0,0.0,0.0,1.6,1.6,1.6,432.2,0.35,4150,0,0,0.0,0,F1,2075,,,,,
2026-02-18,2026-02-18,FO,NSE,STO,91123,,DELHIVERY,,2026-03-30,2026-03-30,420.0,PE,DELHIVERY26MAR420PE,8.55,10.25,7.8,8.8,8.8,9.2,432.2,8.8,155625,4150,38,33816586.25,32,F1,2075,,,,,
2026-02-18,2026-02-18,FO,NSE,STO,91144,,DELHIVERY,,2026-03-30,2026-03-30,460.0,PE,DELHIVERY26MAR460PE,0.0,0.0,0.0,65.2,0.0,65.2,432.2,34.4,0,0,0,0.0,0,F1,2075,,,,,
2026-02-18,2026-02-18,FO,NSE,STO,103539,,DELHIVERY,,2026-03-30,2026-03-30,465.0,PE,DELHIVERY26MAR465PE,0.0,0.0,0.0,67.6,0.0,67.6,432.2,38.05,0,0,0,0.0,0,F1,2075,,,,,
2026-02-18,2026-02-18,FO,NSE,STO,91154,,DELHIVERY,,2026-03-30,2026-03-30,510.0,PE,DELHIVERY26MAR510PE,0.0,0.0,0.0,106.05,0.0,106.05,432.2,76.35,0,0,0,0.0,0,F1,2075,,,,,
2026-02-18,2026-02-18,FO,NSE,STO,103600,,DELHIVERY,,2026-04-28,2026-04-28,460.0,CE,DELHIVERY26APR460CE,0.0,0.0,0.0,13.8,0.0,13.8,432.2,15.5,0,0,0,0.0,0,F1,2075,,,,,
2026-02-18,2026-02-18,FO,NSE,STO,103602,,DELHIVERY,,2026-04-28,2026-04-28,470.0,CE,DELHIVERY26APR470CE,0.0,0.0,0.0,11.65,0.0,11.65,432.2,12.45,0,0,0,0.0,0,F1,2075,,,,,
2026-02-18,2026-02-18,FO,NSE,STO,88548,,DELHIVERY,,2026-02-24,2026-02-24,340.0,PE,DELHIVERY26FEB340PE,0.0,0.0,0.0,0.15,0.15,0.15,432.2,0.05,159775,0,0,0.0,0,F1,2075,,,,,
2026-02-18,2026-02-18,FO,NSE,STO,88613,,DELHIVERY,,2026-02-24,2026-02-24,460.0,PE,DELHIVERY26FEB460PE,25.65,28.5,23.25,27.9,28.25,26.4,432.2,27.9,70550,-2075,13,13102068.75,13,F1,2075,,,,,
2026-02-18,2026-02-18,FO,NSE,STO,91031,,DELHIVERY,,2026-02-24,2026-02-24,495.0,PE,DELHIVERY26FEB495PE,60.05,63.05,60.05,63.05,63.05,73.55,432.2,62.35,2075,-8300,6,6919710.0,3,F1,2075,,,,,
2026-02-18,2026-02-18,FO,NSE,STO,103537,,DELHIVERY,,2026-03-30,2026-03-30,455.0,PE,DELHIVERY26MAR455PE,0.0,0.0,0.0,59.6,0.0,59.6,432.2,30.95,0,0,0,0.0,0,F1,2075,,,,,
2026-02-18,2026-02-18,FO,NSE,STO,103541,,DELHIVERY,,2026-03-30,2026-03-30,475.0,PE,DELHIVERY26MAR475PE,0.0,0.0,0.0,75.9,0.0,75.9,432.2,45.75,0,0,0,0.0,0,F1,2075,,,,,
2026-02-18,2026-02-18,FO,NSE,STO,103591,,DELHIVERY,,2026-04-28,2026-04-28,410.0,PE,DELHIVERY26APR410PE,0.0,0.0,0.0,33.55,0.0,33.55,432.2,13.0,0,0,0,0.0,0,F1,2075,,,,,
2026-02-18,2026-02-18,FO,NSE,STO,103609,,DELHIVERY,,2026-04-28,2026-04-28,500.0,PE,DELHIVERY26APR500PE,0.0,0.0,0.0,98.8,0.0,98.8,432.2,68.75,0,0,0,0.0,0,F1,2075,,,,,
2026-02-18,2026-02-18,FO,NSE,STO,91002,,DELHIVERY,,2026-02-24,2026-02-24,375.0,CE,DELHIVERY26FEB375CE,0.0,0.0,0.0,53.05,53.05,53.05,432.2,57.55,18675,0,0,0.0,0,F1,2075,,,,,
2026-02-18,2026-02-18,FO,NSE,STO,88557,,DELHIVERY,,2026-02-24,2026-02-24,390.0,CE,DELHIVERY26FEB390CE,47.0,48.0,46.75,46.75,46.75,45.2,432.2,42.6,89225,-2075,5,4535846.25,5,F1,2075,,,,,
2026-02-18,2026-02-18,FO,NSE,STO,88606,,DELHIVERY,,2026-02-24,2026-02-24,440.0,CE,DELHIVERY26FEB440CE,5.85,6.65,3.05,3.65,3.3,5.85,432.2,3.65,1149550,143175,1956,1805045820.0,1627,F1,2075,,,,,
2026-02-18,2026-02-18,FO,NSE,STO,91024,,DELHIVERY,,2026-02-24,2026-02-24,475.0,CE,DELHIVERY26FEB475CE,0.65,0.75,0.3,0.35,0.35,0.85,432.2,0.35,80925,-6225,46,45381391.25,41,F1,2075,,,,,
2026-02-18,2026-02-18,FO,NSE,STO,91056,,DELHIVERY,,2026-03-30,2026-03-30,350.0,CE,DELHIVERY26MAR350CE,0.0,0.0,0.0,66.75,0.0,66.75,432.2,84.7,0,0,0,0.0,0,F1,2075,,,,,
2026-02-18,2026-02-18,FO,NSE,STO,103526,,DELHIVERY,,2026-03-30,2026-03-30,405.0,CE,DELHIVERY26MAR405CE,0.0,0.0,0.0,26.0,0.0,26.0,432.2,36.7,0,0,0,0.0,0,F1,2075,,,,,
2026-02-18,2026-02-18,FO,NSE,STO,103544,,DELHIVERY,,2026-03-30,2026-03-30,495.0,CE,DELHIVERY26MAR495CE,0.0,0.0,0.0,4.2,4.2,4.2,432.2,2.9,8300,0,0,0.0,0,F1,2075,,,,,
2026-02-18,2026-02-18,FO,NSE,STO,103546,,DELHIVERY,,2026-03-30,2026-03-30,505.0,CE,DELHIVERY26MAR505CE,0.0,0.0,0.0,5.65,5.65,5.65,432.2,2.0,2075,0,0,0.0,0,F1,2075,,,,,
2026-02-18,2026-02-18,FO,NSE,STO,103590,,DELHIVERY,,2026-04-28,2026-04-28,410.0,CE,DELHIVERY26APR410CE,0.0,0.0,0.0,30.2,0.0,30.2,432.2,39.45,0,0,0,0.0,0,F1,2075,,,,,
2026-02-18,2026-02-18,FO,NSE,STO,88542,,DELHIVERY,,2026-02-24,2026-02-24,320.0,PE,DELHIVERY26FEB320PE,0.0,0.0,0.0,0.2,0.2,0.2,432.2,0.05,51875,0,0,0.0,0,F1,2075,,,,,
2026-02-18,2026-02-18,FO,NSE,STO,91012,,DELHIVERY,,2026-02-24,2026-02-24,425.0,CE,DELHIVERY26FEB425CE,14.0,15.2,10.0,10.8,10.55,13.55,432.2,10.8,182600,-49800,85,77101293.75,80,F1,2075,,,,,
2026-02-18,2026-02-18,FO,NSE,STO,88541,,DELHIVERY,,2026-02-24,2026-02-24,320.0,CE,DELHIVERY26FEB320CE,111.5,111.5,111.5,111.5,111.5,109.95,432.2,112.5,24900,-2075,1,895362.5,1,F1,2075,,,,,
2026-02-18,2026-02-18,FO,NSE,STO,103535,,DELHIVERY,,2026-03-30,2026-03-30,445.0,PE,DELHIVERY26MAR445PE,21.75,22.0,21.1,21.1,21.1,52.0,432.2,24.55,12450,12450,7,6779751.25,3,F1,2075,,,,,
2026-02-18,2026-02-18,FO,NSE,STO,97028,,FORTIS,,2026-03-30,2026-03-30,1000.0,CE,FORTIS26MAR1000CE,8.15,8.25,6.5,7.9,8.0,8.45,914.95,7.9,111600,10850,90,70269482.5,78,F1,775,,,,,
2026-02-18,2026-02-18,FO,NSE,STO,93000,,FORTIS,,2026-02-24,2026-02-24,720.0,CE,FORTIS26FEB720CE,0.0,0.0,0.0,216.0,0.0,216.0,914.95,195.6,0,0,0,0.0,0,F1,775,,,,,
2026-02-18,2026-02-18,FO,NSE,STO,109461,,FORTIS,,2026-04-28,2026-04-28,760.0,CE,FORTIS26APR760CE,0.0,0.0,0.0,111.35,0.0,111.35,914.95,165.5,0,0,0,0.0,0,F1,775,,,,,
2026-02-18,2026-02-18,FO,NSE,STO,93043,,FORTIS,,2026-02-24,2026-02-24,980.0,CE,FORTIS26FEB980CE,1.35,1.35,0.65,1.25,1.2,1.5,914.95,1.25,1001300,3875,544,413603123.75,309,F1,775,,,,,
2026-02-18,2026-02-18,FO,NSE,STO,96947,,FORTIS,,2026-02-24,2026-02-24,930.0,CE,FORTIS26FEB930CE,7.35,7.4,4.0,6.5,6.95,7.35,914.95,6.5,360375,-116250,800,580198015.0,635,F1,775,,,,,
2026-02-18,2026-02-18,FO,NSE,STO,93021,,FORTIS,,2026-02-24,2026-02-24,900.0,CE,FORTIS26FEB900CE,19.05,21.65,14.0,19.95,20.6,18.65,914.95,19.95,310775,-48050,442,314449158.75,399,F1,775,,,,,
2026-02-18,2026-02-18,FO,NSE,STO,96924,,FORTIS,,2026-02-24,2026-02-24,750.0,CE,FORTIS26FEB750CE,0.0,0.0,0.0,152.25,152.25,152.25,914.95,165.65,4650,0,0,0.0,0,F1,775,,,,,
2026-02-18,2026-02-18,FO,NSE,STO,109653,,FORTIS,,2026-04-28,2026-04-28,1040.0,PE,FORTIS26APR1040PE,0.0,0.0,0.0,195.6,0.0,195.6,914.95,125.85,0,0,0,0.0,0,F1,775,,,,,
2026-02-18,2026-02-18,FO,NSE,STO,93050,,FORTIS,,2026-02-24,2026-02-24,1000.0,CE,FORTIS26FEB1000CE,0.7,0.75,0.4,0.6,0.65,0.85,914.95,0.6,250325,-23250,129,100028630.0,96,F1,775,,,,,
2026-02-18,2026-02-18,FO,NSE,STO,97012,,FORTIS,,2026-03-30,2026-03-30,880.0,CE,FORTIS26MAR880CE,0.0,0.0,0.0,54.8,54.8,54.8,914.95,58.1,4650,0,0,0.0,0,F1,775,,,,,
2026-02-18,2026-02-18,FO,NSE,STO,109377,,FORTIS,,2026-03-30,2026-03-30,930.0,CE,FORTIS26MAR930CE,24.5,27.25,24.5,27.25,27.25,31.0,914.95,27.25,7750,775,2,1481606.25,2,F1,775,,,,,
2026-02-18,2026-02-18,FO,NSE,STO,109630,,FORTIS,,2026-04-28,2026-04-28,920.0,PE,FORTIS26APR920PE,0.0,0.0,0.0,100.0,0.0,100.0,914.95,43.7,0,0,0,0.0,0,F1,775,,,,,
2026-02-18,2026-02-18,FO,NSE,STO,109346,,FORTIS,,2026-03-30,2026-03-30,750.0,PE,FORTIS26MAR750PE,0.0,0.0,0.0,12.45,0.0,12.45,914.95,0.45,0,0,0,0.0,0,F1,775,,,,,
2026-02-18,2026-02-18,FO,NSE,STO,96993,,FORTIS,,2026-03-30,2026-03-30,720.0,PE,FORTIS26MAR720PE,0.0,0.0,0.0,7.25,0.0,7.25,914.95,0.15,0,0,0,0.0,0,F1,775,,,,,
2026-02-18,2026-02-18,FO,NSE,STO,93032,,FORTIS,,2026-02-24,2026-02-24,960.0,PE,FORTIS26FEB960PE,56.1,56.1,47.75,49.5,50.6,55.45,914.95,49.5,7750,775,13,10189428.75,13,F1,775,,,,,
2026-02-18,2026-02-18,FO,NSE,STO,93007,,FORTIS,,2026-02-24,2026-02-24,760.0,PE,FORTIS26FEB760PE,0.0,0.0,0.0,9.2,0.0,9.2,914.95,0.05,0,0,0,0.0,0,F1,775,,,,,
2026-02-18,2026-02-18,FO,NSE,STO,93019,,FORTIS,,2026-02-24,2026-02-24,880.0,CE,FORTIS26FEB880CE,32.55,37.15,26.9,37.15,37.15,31.25,914.95,37.15,43400,-6200,30,21207216.25,30,F1,775,,,,,
2026-02-18,2026-02-18,FO,NSE,STO,109626,,FORTIS,,2026-04-28,2026-04-28,880.0,PE,FORTIS26APR880PE,0.0,0.0,0.0,74.1,0.0,74.1,914.95,26.25,0,0,0,0.0,0,F1,775,,,,,
2026-02-18,2026-02-18,FO,NSE,STO,109387,,FORTIS,,2026-03-30,2026-03-30,1010.0,PE,FORTIS26MAR1010PE,0.0,0.0,0.0,168.0,0.0,168.0,914.95,97.15,0,0,0,0.0,0,F1,775,,,,,
2026-02-18,2026-02-18,FO,NSE,STO,97011,,FORTIS,,2026-03-30,2026-03-30,860.0,PE,FORTIS26MAR860PE,0.0,0.0,0.0,33.0,33.0,33.0,914.95,11.95,3100,0,0,0.0,0,F1,775,,,,,
2026-02-18,2026-02-18,FO,NSE,STO,109381,,FORTIS,,2026-03-30,2026-03-30,970.0,CE,FORTIS26MAR970CE,0.0,0.0,0.0,11.95,0.0,11.95,914.95,16.6,0,0,0,0.0,0,F1,775,,,,,
2026-02-18,2026-02-18,FO,NSE,STO,109383,,FORTIS,,2026-03-30,2026-03-30,990.0,CE,FORTIS26MAR990CE,8.85,9.0,8.85,9.0,9.0,10.0,914.95,11.8,5425,1550,3,2322442.5,2,F1,775,,,,,
2026-02-18,2026-02-18,FO,NSE,STO,97000,,FORTIS,,2026-03-30,2026-03-30,780.0,CE,FORTIS26MAR780CE,0.0,0.0,0.0,128.45,0.0,128.45,914.95,141.05,0,0,0,0.0,0,F1,775,,,,,
2026-02-18,2026-02-18,FO,NSE,STO,97005,,FORTIS,,2026-03-30,2026-03-30,820.0,PE,FORTIS26MAR820PE,0.0,0.0,0.0,5.0,5.0,5.0,914.95,4.6,775,0,0,0.0,0,F1,775,,,,,
2026-02-18,2026-02-18,FO,NSE,STO,96995,,FORTIS,,2026-03-30,2026-03-30,740.0,PE,FORTIS26MAR740PE,0.0,0.0,0.0,10.1,0.0,10.1,914.95,0.3,0,0,0,0.0,0,F1,775,,,,,
2026-02-18,2026-02-18,FO,NSE,STO,97019,,FORTIS,,2026-03-30,2026-03-30,920.0,PE,FORTIS26MAR920PE,0.0,0.0,0.0,39.2,39.2,39.2,914.95,34.8,2325,0,0,0.0,0,F1,775,,,,,
2026-02-18,2026-02-18,FO,NSE,STO,109378,,FORTIS,,2026-03-30,2026-03-30,930.0,PE,FORTIS26MAR930PE,0.0,0.0,0.0,101.45,0.0,101.45,914.95,40.15,0,0,0,0.0,0,F1,775,,,,,
2026-02-18,2026-02-18,FO,NSE,STO,109466,,FORTIS,,2026-04-28,2026-04-28,780.0,PE,FORTIS26APR780PE,0.0,0.0,0.0,27.35,0.0,27.35,914.95,4.35,0,0,0,0.0,0,F1,775,,,,,
2026-02-18,2026-02-18,FO,NSE,STO,109533,,FORTIS,,2026-04-28,2026-04-28,840.0,PE,FORTIS26APR840PE,0.0,0.0,0.0,52.2,0.0,52.2,914.95,14.15,0,0,0,0.0,0,F1,775,,,,,
2026-02-18,2026-02-18,FO,NSE,STO,109349,,FORTIS,,2026-03-30,2026-03-30,790.0,CE,FORTIS26MAR790CE,0.0,0.0,0.0,80.1,0.0,80.1,914.95,131.65,0,0,0,0.0,0,F1,775,,,,,
2026-02-18,2026-02-18,FO,NSE,STO,109644,,FORTIS,,2026-04-28,2026-04-28,980.0,CE,FORTIS26APR980CE,0.0,0.0,0.0,18.5,0.0,18.5,914.95,24.9,0,0,0,0.0,0,F1,775,,,,,
2026-02-18,2026-02-18,FO,NSE,STO,97004,,FORTIS,,2026-03-30,2026-03-30,820.0,CE,FORTIS26MAR820CE,0.0,0.0,0.0,100.65,0.0,100.65,914.95,104.5,0,0,0,0.0,0,F1,775,,,,,
2026-02-18,2026-02-18,FO,NSE,STO,93029,,FORTIS,,2026-02-24,2026-02-24,940.0,CE,FORTIS26FEB940CE,5.2,5.2,2.6,4.3,4.55,5.25,914.95,4.3,316200,-42625,519,379627666.25,482,F1,775,,,,,
2026-02-18,2026-02-18,FO,NSE,STO,97024,,FORTIS,,2026-03-30,2026-03-30,960.0,CE,FORTIS26MAR960CE,15.5,16.0,15.5,16.0,16.0,16.95,914.95,16.0,13950,775,3,2268812.5,3,F1,775,,,,,
2026-02-18,2026-02-18,FO,NSE,STO,97032,,FORTIS,,2026-03-30,2026-03-30,1020.0,CE,FORTIS26MAR1020CE,0.0,0.0,0.0,8.45,8.45,8.45,914.95,6.75,9300,0,0,0.0,0,F1,775,,,,,
2026-02-18,2026-02-18,FO,NSE,STO,97034,,FORTIS,,2026-03-30,2026-03-30,1040.0,CE,FORTIS26MAR1040CE,4.0,4.0,3.3,3.95,3.95,4.1,914.95,3.95,26350,6200,20,16176575.0,19,F1,775,,,,,
2026-02-18,2026-02-18,FO,NSE,STO,92999,,FORTIS,,2026-02-24,2026-02-24,700.0,PE,FORTIS26FEB700PE,0.0,0.0,0.0,2.85,2.85,2.85,914.95,0.05,2325,0,0,0.0,0,F1,775,,,,,
2026-02-18,2026-02-18,FO,NSE,STO,96933,,FORTIS,,2026-02-24,2026-02-24,810.0,PE,FORTIS26FEB810PE,0.45,0.45,0.4,0.4,0.4,0.45,914.95,0.05,30225,775,2,1256158.75,2,F1,775,,,,,
2026-02-18,2026-02-18,FO,NSE,STO,96935,,FORTIS,,2026-02-24,2026-02-24,830.0,PE,FORTIS26FEB830PE,0.45,0.45,0.25,0.3,0.3,0.7,914.95,0.3,53475,-3100,24,15445246.25,24,F1,775,,,,,
2026-02-18,2026-02-18,FO,NSE,STO,96953,,FORTIS,,2026-02-24,2026-02-24,970.0,PE,FORTIS26FEB970PE,64.0,68.0,55.65,55.65,55.65,59.45,914.95,55.1,7750,-3875,9,7211723.75,7,F1,775,,,,,
2026-02-18,2026-02-18,FO,NSE,STO,109645,,FORTIS,,2026-04-28,2026-04-28,980.0,PE,FORTIS26APR980PE,0.0,0.0,0.0,145.05,0.0,145.05,914.95,79.8,0,0,0,0.0,0,F1,775,,,,,
2026-02-18,2026-02-18,FO,NSE,STO,109643,,FORTIS,,2026-04-28,2026-04-28,960.0,PE,FORTIS26APR960PE,0.0,0.0,0.0,129.35,0.0,129.35,914.95,66.55,0,0,0,0.0,0,F1,775,,,,,
2026-02-18,2026-02-18,FO,NSE,STO,97017,,FORTIS,,2026-03-30,2026-03-30,900.0,PE,FORTIS26MAR900PE,23.65,26.5,18.6,19.8,20.5,26.05,914.95,19.8,100750,11625,45,32191291.25,45,F1,775,,,,,
2026-02-18,2026-02-18,FO,NSE,STO,109531,,FORTIS,,2026-04-28,2026-04-28,820.0,PE,FORTIS26APR820PE,0.0,0.0,0.0,42.8,0.0,42.8,914.95,9.9,0,0,0,0.0,0,F1,775,,,,,
2026-02-18,2026-02-18,FO,NSE,STO,92998,,FORTIS,,2026-02-24,2026-02-24,700.0,CE,FORTIS26FEB700CE,0.0,0.0,0.0,224.55,224.55,224.55,914.95,215.6,2325,0,0,0.0,0,F1,775,,,,,
2026-02-18,2026-02-18,FO,NSE,STO,97008,,FORTIS,,2026-03-30,2026-03-30,840.0,CE,FORTIS26MAR840CE,0.0,0.0,0.0,88.3,0.0,88.3,914.95,87.65,0,0,0,0.0,0,F1,775,,,,,
2026-02-18,2026-02-18,FO,NSE,STO,109374,,FORTIS,,2026-03-30,2026-03-30,910.0,CE,FORTIS26MAR910CE,0.0,0.0,0.0,24.7,0.0,24.7,914.95,40.3,0,0,0,0.0,0,F1,775,,,,,
2026-02-18,2026-02-18,FO,NSE,STO,97020,,FORTIS,,2026-03-30,2026-03-30,940.0,CE,FORTIS26MAR940CE,24.0,24.0,24.0,24.0,24.0,26.75,914.95,24.0,13175,0,1,747100.0,1,F1,775,,,,,
2026-02-18,2026-02-18,FO,NSE,STO,97036,,FORTIS,,2026-03-30,2026-03-30,1060.0,CE,FORTIS26MAR1060CE,0.0,0.0,0.0,14.15,0.0,14.15,914.95,2.95,0,0,0,0.0,0,F1,775,,,,,
2026-02-18,2026-02-18,FO,NSE,STO,109528,,FORTIS,,2026-04-28,2026-04-28,820.0,CE,FORTIS26APR820CE,0.0,0.0,0.0,73.8,0.0,73.8,914.95,113.35,0,0,0,0.0,0,F1,775,,,,,
2026-02-18,2026-02-18,FO,NSE,STO,109582,,FORTIS,,2026-04-28,2026-04-28,880.0,CE,FORTIS26APR880CE,0.0,0.0,0.0,46.05,0.0,46.05,914.95,70.3,0,0,0,0.0,0,F1,775,,,,,
2026-02-18,2026-02-18,FO,NSE,STO,96925,,FORTIS,,2026-02-24,2026-02-24,750.0,PE,FORTIS26FEB750PE,0.0,0.0,0.0,1.05,1.05,1.05,914.95,0.05,6200,0,0,0.0,0,F1,775,,,,,
2026-02-18,2026-02-18,FO,NSE,STO,93012,,FORTIS,,2026-02-24,2026-02-24,800.0,PE,FORTIS26FEB800PE,0.2,0.2,0.2,0.2,0.2,0.3,914.95,0.05,72850,-2325,3,1860465.0,3,F1,775,,,,,
2026-02-18,2026-02-18,FO,NSE,STO,93026,,FORTIS,,2026-02-24,2026-02-24,920.0,PE,FORTIS26FEB920PE,20.7,24.1,13.5,14.55,15.65,22.95,914.95,14.55,155775,-3875,172,125168622.5,166,F1,775,,,,,
2026-02-18,2026-02-18,FO,NSE,STO,97003,,FORTIS,,2026-03-30,2026-03-30,800.0,PE,FORTIS26MAR800PE,0.0,0.0,0.0,4.65,4.65,4.65,914.95,2.6,3100,0,0,0.0,0,F1,775,,,,,
2026-02-18,2026-02-18,FO,NSE,STO,109370,,FORTIS,,2026-03-30,2026-03-30,870.0,PE,FORTIS26MAR870PE,13.0,13.9,13.0,13.9,13.9,17.1,914.95,14.7,2325,0,2,1369347.5,2,F1,775,,,,,
2026-02-18,2026-02-18,FO,NSE,STO,109527,,FORTIS,,2026-04-28,2026-04-28,800.0,PE,FORTIS26APR800PE,0.0,0.0,0.0,34.55,0.0,34.55,914.95,6.7,0,0,0,0.0,0,F1,775,,,,,
2026-02-18,2026-02-18,FO,NSE,STO,109462,,FORTIS,,2026-04-28,2026-04-28,760.0,PE,FORTIS26APR760PE,0.0,0.0,0.0,21.25,0.0,21.25,914.95,2.7,0,0,0,0.0,0,F1,775,,,,,
2026-02-18,2026-02-18,FO,NSE,STO,93002,,FORTIS,,2026-02-24,2026-02-24,740.0,CE,FORTIS26FEB740CE,0.0,0.0,0.0,185.1,185.1,185.1,914.95,175.6,2325,0,0,0.0,0,F1,775,,,,,
2026-02-18,2026-02-18,FO,NSE,STO,93023,,FORTIS,,2026-02-24,2026-02-24,920.0,CE,FORTIS26FEB920CE,10.05,11.4,6.15,9.75,10.0,10.2,914.95,9.75,373550,-120125,1017,731854045.0,898,F1,775,,,,,
2026-02-18,2026-02-18,FO,NSE,STO,96996,,FORTIS,,2026-03-30,2026-03-30,760.0,CE,FORTIS26MAR760CE,0.0,0.0,0.0,143.75,0.0,143.75,914.95,160.2,0,0,0,0.0,0,F1,775,,,,,
2026-02-18,2026-02-18,FO,NSE,STO,109347,,FORTIS,,2026-03-30,2026-03-30,770.0,CE,FORTIS26MAR770CE,0.0,0.0,0.0,93.85,0.0,93.85,914.95,150.55,0,0,0,0.0,0,F1,775,,,,,
2026-02-18,2026-02-18,FO,NSE,STO,96955,,FORTIS,,2026-02-24,2026-02-24,990.0,PE,FORTIS26FEB990PE,0.0,0.0,0.0,143.5,143.5,143.5,914.95,74.4,775,0,0,0.0,0,F1,775,,,,,
2026-02-18,2026-02-18,FO,NSE,STF,66827,,FORTIS,,2026-04-28,2026-04-28,,,FORTIS26APRFUT,918.2,925.7,914.85,925.7,925.7,916.5,914.95,925.7,27900,0,6,4284897.5,6,F1,775,,,,,
2026-02-18,2026-02-18,FO,NSE,STO,96992,,FORTIS,,2026-03-30,2026-03-30,720.0,CE,FORTIS26MAR720CE,0.0,0.0,0.0,176.7,0.0,176.7,914.95,199.4,0,0,0,0.0,0,F1,775,,,,,
2026-02-18,2026-02-18,FO,NSE,STO,96926,,FORTIS,,2026-02-24,2026-02-24,770.0,CE,FORTIS26FEB770CE,0.0,0.0,0.0,133.9,133.9,133.9,914.95,145.65,4650,0,0,0.0,0,F1,775,,,,,
2026-02-18,2026-02-18,FO,NSE,STO,96946,,FORTIS,,2026-02-24,2026-02-24,910.0,PE,FORTIS26FEB910PE,15.7,17.35,8.3,9.2,9.2,16.35,914.95,9.2,169725,17825,191,136388878.75,172,F1,775,,,,,
2026-02-18,2026-02-18,FO,NSE,STO,109534,,FORTIS,,2026-04-28,2026-04-28,860.0,CE,FORTIS26APR860CE,0.0,0.0,0.0,54.25,0.0,54.25,914.95,83.45,0,0,0,0.0,0,F1,775,,,,,
2026-02-18,2026-02-18,FO,NSE,STO,96957,,FORTIS,,2026-02-24,2026-02-24,1010.0,PE,FORTIS26FEB1010PE,0.0,0.0,0.0,133.75,0.0,133.75,914.95,94.2,0,0,0,0.0,0,F1,775,,,,,
2026-02-18,2026-02-18,FO,NSE,STO,97002,,FORTIS,,2026-03-30,2026-03-30,800.0,CE,FORTIS26MAR800CE,0.0,0.0,0.0,114.1,0.0,114.1,914.95,122.4,0,0,0,0.0,0,F1,775,,,,,
2026-02-18,2026-02-18,FO,NSE,STO,109458,,FORTIS,,2026-04-28,2026-04-28,720.0,PE,FORTIS26APR720PE,0.0,0.0,0.0,11.95,0.0,11.95,914.95,0.9,0,0,0,0.0,0,F1,775,,,,,
2026-02-18,2026-02-18,FO,NSE,STO,109628,,FORTIS,,2026-04-28,2026-04-28,900.0,PE,FORTIS26APR900PE,0.0,0.0,0.0,86.6,0.0,86.6,914.95,34.3,0,0,0,0.0,0,F1,775,,,,,
2026-02-18,2026-02-18,FO,NSE,STO,93015,,FORTIS,,2026-02-24,2026-02-24,840.0,CE,FORTIS26FEB840CE,72.95,76.1,72.95,74.55,76.1,94.3,914.95,74.55,32550,-775,2,1417513.75,2,F1,775,,,,,
2026-02-18,2026-02-18,FO,NSE,STO,97037,,FORTIS,,2026-03-30,2026-03-30,1060.0,PE,FORTIS26MAR1060PE,0.0,0.0,0.0,152.0,152.0,152.0,914.95,141.65,3875,0,0,0.0,0,F1,775,,,,,
2026-02-18,2026-02-18,FO,NSE,STO,109366,,FORTIS,,2026-03-30,2026-03-30,850.0,PE,FORTIS26MAR850PE,8.9,8.9,6.9,6.9,6.9,9.7,914.95,9.65,13950,0,5,3325253.75,5,F1,775,,,,,
2026-02-18,2026-02-18,FO,NSE,STO,97001,,FORTIS,,2026-03-30,2026-03-30,780.0,PE,FORTIS26MAR780PE,0.0,0.0,0.0,18.1,0.0,18.1,914.95,1.4,0,0,0,0.0,0,F1,775,,,,,
2026-02-18,2026-02-18,FO,NSE,STO,93014,,FORTIS,,2026-02-24,2026-02-24,820.0,PE,FORTIS26FEB820PE,0.3,0.3,0.3,0.3,0.3,0.6,914.95,0.3,101525,6975,12,7628790.0,9,F1,775,,,,,
2026-02-18,2026-02-18,FO,NSE,STO,109629,,FORTIS,,2026-04-28,2026-04-28,920.0,CE,FORTIS26APR920CE,0.0,0.0,0.0,32.55,0.0,32.55,914.95,48.15,0,0,0,0.0,0,F1,775,,,,,
2026-02-18,2026-02-18,FO,NSE,STO,109365,,FORTIS,,2026-03-30,2026-03-30,850.0,CE,FORTIS26MAR850CE,0.0,0.0,0.0,45.8,45.8,45.8,914.95,79.7,775,0,0,0.0,0,F1,775,,,,,
2026-02-18,2026-02-18,FO,NSE,STO,97027,,FORTIS,,2026-03-30,2026-03-30,980.0,PE,FORTIS26MAR980PE,0.0,0.0,0.0,70.25,70.5,70.25,914.95,73.2,3100,0,0,0.0,0,F1,775,,,,,
2026-02-18,2026-02-18,FO,NSE,STO,109567,,FORTIS,,2026-04-28,2026-04-28,860.0,PE,FORTIS26APR860PE,0.0,0.0,0.0,62.65,0.0,62.65,914.95,19.6,0,0,0,0.0,0,F1,775,,,,,
2026-02-18,2026-02-18,FO,NSE,STO,96928,,FORTIS,,2026-02-24,2026-02-24,790.0,CE,FORTIS26FEB790CE,0.0,0.0,0.0,133.35,133.35,133.35,914.95,125.65,2325,0,0,0.0,0,F1,775,,,,,
2026-02-18,2026-02-18,FO,NSE,STO,93010,,FORTIS,,2026-02-24,2026-02-24,800.0,CE,FORTIS26FEB800CE,0.0,0.0,0.0,120.0,120.0,120.0,914.95,115.65,24025,0,0,0.0,0,F1,775,,,,,
2026-02-18,2026-02-18,FO,NSE,STO,93055,,FORTIS,,2026-02-24,2026-02-24,1040.0,CE,FORTIS26FEB1040CE,0.25,0.25,0.2,0.25,0.25,0.35,914.95,0.05,22475,-9300,16,12899061.25,6,F1,775,,,,,
2026-02-18,2026-02-18,FO,NSE,STO,109353,,FORTIS,,2026-03-30,2026-03-30,810.0,CE,FORTIS26MAR810CE,0.0,0.0,0.0,67.65,0.0,67.65,914.95,113.35,0,0,0,0.0,0,F1,775,,,,,
2026-02-18,2026-02-18,FO,NSE,STO,109495,,FORTIS,,2026-04-28,2026-04-28,800.0,CE,FORTIS26APR800CE,0.0,0.0,0.0,85.25,0.0,85.25,914.95,129.95,0,0,0,0.0,0,F1,775,,,,,
2026-02-18,2026-02-18,FO,NSE,STO,109638,,FORTIS,,2026-04-28,2026-04-28,960.0,CE,FORTIS26APR960CE,0.0,0.0,0.0,22.5,0.0,22.5,914.95,31.4,0,0,0,0.0,0,F1,775,,,,,
2026-02-18,2026-02-18,FO,NSE,STO,93008,,FORTIS,,2026-02-24,2026-02-24,780.0,CE,FORTIS26FEB780CE,0.0,0.0,0.0,143.55,143.55,143.55,914.95,135.65,0,0,0,0.0,0,F1,775,,,,,
2026-02-18,2026-02-18,FO,NSE,STO,109652,,FORTIS,,2026-04-28,2026-04-28,1040.0,CE,FORTIS26APR1040CE,0.0,0.0,0.0,10.0,0.0,10.0,914.95,11.55,0,0,0,0.0,0,F1,775,,,,,
2026-02-18,2026-02-18,FO,NSE,STO,93046,,FORTIS,,2026-02-24,2026-02-24,980.0,PE,FORTIS26FEB980PE,75.05,75.05,65.3,67.35,67.35,65.9,914.95,67.35,11625,1550,6,4884515.0,6,F1,775,,,,,
2026-02-18,2026-02-18,FO,NSE,STO,96991,,FORTIS,,2026-03-30,2026-03-30,700.0,PE,FORTIS26MAR700PE,0.0,0.0,0.0,5.1,0.0,5.1,914.95,0.05,0,0,0,0.0,0,F1,775,,,,,
2026-02-18,2026-02-18,FO,NSE,STO,109372,,FORTIS,,2026-03-30,2026-03-30,890.0,PE,FORTIS26MAR890PE,0.0,0.0,0.0,26.55,26.55,26.55,914.95,21.4,2325,0,0,0.0,0,F1,775,,,,,
2026-02-18,2026-02-18,FO,NSE,STO,96944,,FORTIS,,2026-02-24,2026-02-24,890.0,PE,FORTIS26FEB890PE,7.5,7.5,2.6,2.7,3.05,7.4,914.95,2.7,113925,11625,265,183701776.25,230,F1,775,,,,,
2026-02-18,2026-02-18,FO,NSE,STO,93020,,FORTIS,,2026-02-24,2026-02-24,880.0,PE,FORTIS26FEB880PE,4.1,4.2,1.35,1.5,1.6,4.55,914.95,1.5,334800,37200,355,242764875.0,315,F1,775,,,,,
2026-02-18,2026-02-18,FO,NSE,STO,109633,,FORTIS,,2026-04-28,2026-04-28,940.0,CE,FORTIS26APR940CE,0.0,0.0,0.0,27.1,0.0,27.1,914.95,39.15,0,0,0,0.0,0,F1,775,,,,,
2026-02-18,2026-02-18,FO,NSE,STO,109627,,FORTIS,,2026-04-28,2026-04-28,900.0,CE,FORTIS26APR900CE,0.0,0.0,0.0,38.8,0.0,38.8,914.95,58.55,0,0,0,0.0,0,F1,775,,,,,
2026-02-18,2026-02-18,FO,NSE,STO,109532,,FORTIS,,2026-04-28,2026-04-28,840.0,CE,FORTIS26APR840CE,0.0,0.0,0.0,63.5,0.0,63.5,914.95,97.8,0,0,0,0.0,0,F1,775,,,,,
2026-02-18,2026-02-18,FO,NSE,STO,109457,,FORTIS,,2026-04-28,2026-04-28,720.0,CE,FORTIS26APR720CE,0.0,0.0,0.0,141.4,0.0,141.4,914.95,203.3,0,0,0,0.0,0,F1,775,,,,,
2026-02-18,2026-02-18,FO,NSE,STO,96952,,FORTIS,,2026-02-24,2026-02-24,970.0,CE,FORTIS26FEB970CE,1.7,1.7,0.65,1.55,1.65,1.9,914.95,1.55,400675,-159650,502,377800448.75,379,F1,775,,,,,
2026-02-18,2026-02-18,FO,NSE,STO,96936,,FORTIS,,2026-02-24,2026-02-24,850.0,CE,FORTIS26FEB850CE,66.0,66.4,66.0,66.3,66.4,59.3,914.95,66.3,71300,0,3,2130320.0,3,F1,775,,,,,
2026-02-18,2026-02-18,FO,NSE,STO,109364,,FORTIS,,2026-03-30,2026-03-30,830.0,PE,FORTIS26MAR830PE,0.0,0.0,0.0,6.05,6.05,6.05,914.95,6.0,6975,0,0,0.0,0,F1,775,,,,,
2026-02-18,2026-02-18,FO,NSE,STO,109636,,FORTIS,,2026-04-28,2026-04-28,940.0,PE,FORTIS26APR940PE,0.0,0.0,0.0,114.25,0.0,114.25,914.95,54.45,0,0,0,0.0,0,F1,775,,,,,
2026-02-18,2026-02-18,FO,NSE,STO,109647,,FORTIS,,2026-04-28,2026-04-28,1000.0,PE,FORTIS26APR1000PE,0.0,0.0,0.0,161.4,0.0,161.4,914.95,94.2,0,0,0,0.0,0,F1,775,,,,,
2026-02-18,2026-02-18,FO,NSE,STO,109375,,FORTIS,,2026-03-30,2026-03-30,910.0,PE,FORTIS26MAR910PE,24.45,24.45,24.2,24.35,24.2,29.2,914.95,24.35,1550,0,2,1448203.75,2,F1,775,,,,,
2026-02-18,2026-02-18,FO,NSE,STO,109380,,FORTIS,,2026-03-30,2026-03-30,950.0,PE,FORTIS26MAR950PE,47.2,48.05,47.2,48.05,48.05,51.0,914.95,52.2,5425,4650,8,6186980.0,7,F1,775,,,,,
2026-02-18,2026-02-18,FO,NSE,STO,93056,,FORTIS,,2026-02-24,2026-02-24,1040.0,PE,FORTIS26FEB1040PE,0.0,0.0,0.0,107.0,107.0,107.0,914.95,124.1,2325,0,0,0.0,0,F1,775,,,,,
2026-02-18,2026-02-18,FO,NSE,STF,59316,,FORTIS,,2026-02-24,2026-02-24,,,FORTIS26FEBFUT,903.25,916.8,901.65,914.7,916.15,907.0,914.95,914.7,11151475,-297600,1797,1268237667.5,1628,F1,775,,,,,
2026-02-18,2026-02-18,FO,NSE,STO,93016,,FORTIS,,2026-02-24,2026-02-24,840.0,PE,FORTIS26FEB840PE,0.55,0.65,0.3,0.3,0.3,0.9,914.95,0.3,68200,-17825,66,42987002.5,45,F1,775,,,,,
2026-02-18,2026-02-18,FO,NSE,STO,96930,,FORTIS,,2026-02-24,2026-02-24,810.0,CE,FORTIS26FEB810CE,0.0,0.0,0.0,86.15,86.15,86.15,914.95,105.7,6975,0,0,0.0,0,F1,775,,,,,
2026-02-18,2026-02-18,FO,NSE,STO,96934,,FORTIS,,2026-02-24,2026-02-24,830.0,CE,FORTIS26FEB830CE,0.0,0.0,0.0,86.75,86.75,86.75,914.95,85.75,48050,0,0,0.0,0,F1,775,,,,,
2026-02-18,2026-02-18,FO,NSE,STO,96943,,FORTIS,,2026-02-24,2026-02-24,890.0,CE,FORTIS26FEB890CE,23.3,26.95,19.4,25.8,25.8,24.3,914.95,30.0,52700,-1550,19,13458960.0,19,F1,775,,,,,
2026-02-18,2026-02-18,FO,NSE,STO,93053,,FORTIS,,2026-02-24,2026-02-24,1020.0,CE,FORTIS26FEB1020CE,0.35,0.5,0.2,0.4,0.4,0.5,914.95,0.4,187550,-24025,90,71171350.0,74,F1,775,,,,,
2026-02-18,2026-02-18,FO,NSE,STO,109345,,FORTIS,,2026-03-30,2026-03-30,750.0,CE,FORTIS26MAR750CE,0.0,0.0,0.0,108.75,0.0,108.75,914.95,169.95,0,0,0,0.0,0,F1,775,,,,,
2026-02-18,2026-02-18,FO,NSE,STO,93001,,FORTIS,,2026-02-24,2026-02-24,720.0,PE,FORTIS26FEB720PE,0.0,0.0,0.0,4.75,0.0,4.75,914.95,0.05,0,0,0,0.0,0,F1,775,,,,,
2026-02-18,2026-02-18,FO,NSE,STO,109646,,FORTIS,,2026-04-28,2026-04-28,1000.0,CE,FORTIS26APR1000CE,0.0,0.0,0.0,15.15,0.0,15.15,914.95,19.5,0,0,0,0.0,0,F1,775,,,,,
2026-02-18,2026-02-18,FO,NSE,STO,97033,,FORTIS,,2026-03-30,2026-03-30,1020.0,PE,FORTIS26MAR1020PE,0.0,0.0,0.0,102.5,102.5,102.5,914.95,105.65,1550,0,0,0.0,0,F1,775,,,,,
2026-02-18,2026-02-18,FO,NSE,STO,109384,,FORTIS,,2026-03-30,2026-03-30,990.0,PE,FORTIS26MAR990PE,0.0,0.0,0.0,150.4,0.0,150.4,914.95,80.9,0,0,0,0.0,0,F1,775,,,,,
2026-02-18,2026-02-18,FO,NSE,STO,97009,,FORTIS,,2026-03-30,2026-03-30,840.0,PE,FORTIS26MAR840PE,7.45,7.55,5.4,5.5,5.4,7.65,914.95,5.5,21700,2325,16,10493965.0,14,F1,775,,,,,
2026-02-18,2026-02-18,FO,NSE,STO,109350,,FORTIS,,2026-03-30,2026-03-30,790.0,PE,FORTIS26MAR790PE,0.0,0.0,0.0,23.35,0.0,23.35,914.95,1.95,0,0,0,0.0,0,F1,775,,,,,
2026-02-18,2026-02-18,FO,NSE,STO,109348,,FORTIS,,2026-03-30,2026-03-30,770.0,PE,FORTIS26MAR770PE,0.0,0.0,0.0,17.35,0.0,17.35,914.95,1.0,0,0,0,0.0,0,F1,775,,,,,
2026-02-18,2026-02-18,FO,NSE,STO,93058,,FORTIS,,2026-02-24,2026-02-24,1060.0,PE,FORTIS26FEB1060PE,0.0,0.0,0.0,152.0,152.0,152.0,914.95,144.1,3875,0,0,0.0,0,F1,775,,,,,
2026-02-18,2026-02-18,FO,NSE,STO,96948,,FORTIS,,2026-02-24,2026-02-24,930.0,PE,FORTIS26FEB930PE,27.45,29.95,20.7,21.75,21.2,29.85,914.95,21.75,236375,-4650,21,15518522.5,21,F1,775,,,,,
2026-02-18,2026-02-18,FO,NSE,STO,96942,,FORTIS,,2026-02-24,2026-02-24,870.0,PE,FORTIS26FEB870PE,2.35,2.4,0.65,0.75,0.75,2.7,914.95,0.75,413850,5425,247,166784185.0,193,F1,775,,,,,
2026-02-18,2026-02-18,FO,NSE,STO,97035,,FORTIS,,2026-03-30,2026-03-30,1040.0,PE,FORTIS26MAR1040PE,0.0,0.0,0.0,104.0,104.0,104.0,914.95,123.3,2325,0,0,0.0,0,F1,775,,,,,
2026-02-18,2026-02-18,FO,NSE,STO,93009,,FORTIS,,2026-02-24,2026-02-24,780.0,PE,FORTIS26FEB780PE,0.2,0.2,0.2,0.2,0.2,0.25,914.95,0.05,24025,0,1,604655.0,1,F1,775,,,,,
2026-02-18,2026-02-18,FO,NSE,STO,97029,,FORTIS,,2026-03-30,2026-03-30,1000.0,PE,FORTIS26MAR1000PE,89.95,92.55,86.0,86.0,86.0,101.0,914.95,86.0,19375,2325,18,15212823.75,18,F1,775,,,,,
2026-02-18,2026-02-18,FO,NSE,STO,109382,,FORTIS,,2026-03-30,2026-03-30,970.0,PE,FORTIS26MAR970PE,68.0,68.0,67.5,68.0,68.0,133.35,914.95,65.8,6200,6200,8,6434437.5,3,F1,775,,,,,
2026-02-18,2026-02-18,FO,NSE,STO,97026,,FORTIS,,2026-03-30,2026-03-30,980.0,CE,FORTIS26MAR980CE,0.0,0.0,0.0,29.7,0.0,29.7,914.95,14.05,0,0,0,0.0,0,F1,775,,,,,
2026-02-18,2026-02-18,FO,NSE,STO,109371,,FORTIS,,2026-03-30,2026-03-30,890.0,CE,FORTIS26MAR890CE,0.0,0.0,0.0,30.9,0.0,30.9,914.95,51.7,0,0,0,0.0,0,F1,775,,,,,
2026-02-18,2026-02-18,FO,NSE,STO,97010,,FORTIS,,2026-03-30,2026-03-30,860.0,CE,FORTIS26MAR860CE,0.0,0.0,0.0,76.95,0.0,76.95,914.95,72.1,0,0,0,0.0,0,F1,775,,,,,
2026-02-18,2026-02-18,FO,NSE,STO,97025,,FORTIS,,2026-03-30,2026-03-30,960.0,PE,FORTIS26MAR960PE,0.0,0.0,0.0,102.3,0.0,102.3,914.95,58.8,0,0,0,0.0,0,F1,775,,,,,
2026-02-18,2026-02-18,FO,NSE,STO,93054,,FORTIS,,2026-02-24,2026-02-24,1020.0,PE,FORTIS26FEB1020PE,0.0,0.0,0.0,105.0,105.0,105.0,914.95,104.15,0,0,0,0.0,0,F1,775,,,,,
2026-02-18,2026-02-18,FO,NSE,STO,96949,,FORTIS,,2026-02-24,2026-02-24,950.0,CE,FORTIS26FEB950CE,3.5,3.75,1.75,2.95,3.3,3.8,914.95,2.95,468100,-71300,698,515286960.0,616,F1,775,,,,,
2026-02-18,2026-02-18,FO,NSE,STO,96938,,FORTIS,,2026-02-24,2026-02-24,870.0,CE,FORTIS26FEB870CE,38.65,46.8,35.0,46.8,46.8,39.75,914.95,46.8,44950,-3875,13,9180068.75,13,F1,775,,,,,
2026-02-18,2026-02-18,FO,NSE,STO,93052,,FORTIS,,2026-02-24,2026-02-24,1000.0,PE,FORTIS26FEB1000PE,94.0,96.2,86.0,86.0,86.0,86.5,914.95,86.0,85250,-2325,11,9303526.25,9,F1,775,,,,,
2026-02-18,2026-02-18,FO,NSE,STO,96951,,FORTIS,,2026-02-24,2026-02-24,950.0,PE,FORTIS26FEB950PE,45.0,45.1,37.15,38.1,37.15,47.75,914.95,38.1,42625,-3875,19,14579726.25,15,F1,775,,,,,
2026-02-18,2026-02-18,FO,NSE,STO,93018,,FORTIS,,2026-02-24,2026-02-24,860.0,PE,FORTIS26FEB860PE,1.25,1.3,0.35,0.4,0.4,1.7,914.95,0.4,399125,4650,226,150766136.25,188,F1,775,,,,,
2026-02-18,2026-02-18,FO,NSE,STO,109354,,FORTIS,,2026-03-30,2026-03-30,810.0,PE,FORTIS26MAR810PE,0.0,0.0,0.0,30.7,0.0,30.7,914.95,3.5,0,0,0,0.0,0,F1,775,,,,,
2026-02-18,2026-02-18,FO,NSE,STO,97013,,FORTIS,,2026-03-30,2026-03-30,880.0,PE,FORTIS26MAR880PE,0.0,0.0,0.0,20.3,20.3,20.3,914.95,17.85,2325,0,0,0.0,0,F1,775,,,,,
2026-02-18,2026-02-18,FO,NSE,STO,97021,,FORTIS,,2026-03-30,2026-03-30,940.0,PE,FORTIS26MAR940PE,0.0,0.0,0.0,89.05,0.0,89.05,914.95,45.95,0,0,0,0.0,0,F1,775,,,,,
2026-02-18,2026-02-18,FO,NSE,STO,96929,,FORTIS,,2026-02-24,2026-02-24,790.0,PE,FORTIS26FEB790PE,0.0,0.0,0.0,0.4,0.4,0.4,914.95,0.05,9300,0,0,0.0,0,F1,775,,,,,
2026-02-18,2026-02-18,FO,NSE,STF,51878,,FORTIS,,2026-03-30,2026-03-30,,,FORTIS26MARFUT,912.8,922.65,907.15,920.85,921.55,912.8,914.95,920.85,863350,285975,777,551718625.0,733,F1,775,,,,,
2026-02-18,2026-02-18,FO,NSE,STO,93006,,FORTIS,,2026-02-24,2026-02-24,760.0,CE,FORTIS26FEB760CE,0.0,0.0,0.0,181.05,0.0,181.05,914.95,155.65,0,0,0,0.0,0,F1,775,,,,,
2026-02-18,2026-02-18,FO,NSE,STO,93013,,FORTIS,,2026-02-24,2026-02-24,820.0,CE,FORTIS26FEB820CE,0.0,0.0,0.0,103.9,103.9,103.9,914.95,95.7,26350,0,0,0.0,0,F1,775,,,,,
2026-02-18,2026-02-18,FO,NSE,STO,93017,,FORTIS,,2026-02-24,2026-02-24,860.0,CE,FORTIS26FEB860CE,49.5,56.0,48.5,56.0,56.0,58.1,914.95,56.0,44950,-3100,5,3536790.0,5,F1,775,,,,,
2026-02-18,2026-02-18,FO,NSE,STO,96945,,FORTIS,,2026-02-24,2026-02-24,910.0,CE,FORTIS26FEB910CE,14.35,15.2,9.45,14.2,15.0,13.85,914.95,14.2,237150,-51925,803,574163167.5,734,F1,775,,,,,
2026-02-18,2026-02-18,FO,NSE,STO,93057,,FORTIS,,2026-02-24,2026-02-24,1060.0,CE,FORTIS26FEB1060CE,0.25,0.25,0.15,0.25,0.25,0.3,914.95,0.05,98425,-9300,29,23828421.25,21,F1,775,,,,,
2026-02-18,2026-02-18,FO,NSE,STO,96994,,FORTIS,,2026-03-30,2026-03-30,740.0,CE,FORTIS26MAR740CE,0.0,0.0,0.0,159.85,0.0,159.85,914.95,179.7,0,0,0,0.0,0,F1,775,,,,,
2026-02-18,2026-02-18,FO,NSE,STO,109355,,FORTIS,,2026-03-30,2026-03-30,830.0,CE,FORTIS26MAR830CE,0.0,0.0,0.0,56.5,0.0,56.5,914.95,95.9,0,0,0,0.0,0,F1,775,,,,,
2026-02-18,2026-02-18,FO,NSE,STO,97016,,FORTIS,,2026-03-30,2026-03-30,900.0,CE,FORTIS26MAR900CE,37.65,42.0,35.1,41.4,40.3,40.8,914.95,41.4,57350,-775,60,43631337.5,41,F1,775,,,,,
2026-02-18,2026-02-18,FO,NSE,STO,109379,,FORTIS,,2026-03-30,2026-03-30,950.0,CE,FORTIS26MAR950CE,17.7,18.75,16.0,18.6,18.5,18.0,914.95,18.6,55800,8525,52,39011911.25,25,F1,775,,,,,
2026-02-18,2026-02-18,FO,NSE,STO,109386,,FORTIS,,2026-03-30,2026-03-30,1010.0,CE,FORTIS26MAR1010CE,0.0,0.0,0.0,11.8,11.8,11.8,914.95,8.15,2325,0,0,0.0,0,F1,775,,,,,
2026-02-18,2026-02-18,FO,NSE,STO,109465,,FORTIS,,2026-04-28,2026-04-28,780.0,CE,FORTIS26APR780CE,0.0,0.0,0.0,97.75,0.0,97.75,914.95,147.35,0,0,0,0.0,0,F1,775,,,,,
2026-02-18,2026-02-18,FO,NSE,STO,96997,,FORTIS,,2026-03-30,2026-03-30,760.0,PE,FORTIS26MAR760PE,0.0,0.0,0.0,13.7,0.0,13.7,914.95,0.7,0,0,0,0.0,0,F1,775,,,,,
2026-02-18,2026-02-18,FO,NSE,STO,93031,,FORTIS,,2026-02-24,2026-02-24,960.0,CE,FORTIS26FEB960CE,2.6,2.6,1.0,1.95,2.05,2.55,914.95,1.95,476625,-58900,207,154292812.5,150,F1,775,,,,,
2026-02-18,2026-02-18,FO,NSE,STO,96954,,FORTIS,,2026-02-24,2026-02-24,990.0,CE,FORTIS26FEB990CE,0.7,1.0,0.5,0.95,0.95,1.1,914.95,0.95,112375,-8525,96,73712226.25,82,F1,775,,,,,
2026-02-18,2026-02-18,FO,NSE,STO,97018,,FORTIS,,2026-03-30,2026-03-30,920.0,CE,FORTIS26MAR920CE,30.7,31.0,28.95,30.8,31.0,30.7,914.95,30.8,21700,6200,16,11779535.0,16,F1,775,,,,,
2026-02-18,2026-02-18,FO,NSE,STO,96990,,FORTIS,,2026-03-30,2026-03-30,700.0,CE,FORTIS26MAR700CE,0.0,0.0,0.0,194.25,0.0,194.25,914.95,219.2,0,0,0,0.0,0,F1,775,,,,,
2026-02-18,2026-02-18,FO,NSE,STO,96956,,FORTIS,,2026-02-24,2026-02-24,1010.0,CE,FORTIS26FEB1010CE,0.7,0.7,0.35,0.5,0.5,0.7,914.95,0.05,78275,-1550,11,8614900.0,7,F1,775,,,,,
2026-02-18,2026-02-18,FO,NSE,STO,93005,,FORTIS,,2026-02-24,2026-02-24,740.0,PE,FORTIS26FEB740PE,0.0,0.0,0.0,0.25,0.25,0.25,914.95,0.05,14725,0,0,0.0,0,F1,775,,,,,
2026-02-18,2026-02-18,FO,NSE,STO,96927,,FORTIS,,2026-02-24,2026-02-24,770.0,PE,FORTIS26FEB770PE,0.0,0.0,0.0,0.25,0.25,0.25,914.95,0.05,15500,0,0,0.0,0,F1,775,,,,,
2026-02-18,2026-02-18,FO,NSE,STO,96937,,FORTIS,,2026-02-24,2026-02-24,850.0,PE,FORTIS26FEB850PE,1.0,1.0,0.3,0.35,0.3,1.15,914.95,0.35,258075,-64325,216,142384588.75,132,F1,775,,,,,
2026-02-18,2026-02-18,FO,NSE,STO,93030,,FORTIS,,2026-02-24,2026-02-24,940.0,PE,FORTIS26FEB940PE,28.5,28.5,28.5,28.5,28.5,38.45,914.95,28.5,63550,0,1,750587.5,1,F1,775,,,,,
2026-02-18,2026-02-18,FO,NSE,STO,93022,,FORTIS,,2026-02-24,2026-02-24,900.0,PE,FORTIS26FEB900PE,13.3,13.3,4.75,5.25,5.3,11.75,914.95,5.25,310775,-16275,362,254791518.75,306,F1,775,,,,,
2026-02-18,2026-02-18,FO,NSE,STO,109369,,FORTIS,,2026-03-30,2026-03-30,870.0,CE,FORTIS26MAR870CE,0.0,0.0,0.0,86.5,86.5,86.5,914.95,64.9,0,0,0,0.0,0,F1,775,,,,,
2026-02-18,2026-02-18,FO,NSE,STO,110458,,GLENMARK,,2026-03-30,2026-03-30,1820.0,PE,GLENMARK26MAR1820PE,0.0,0.0,0.0,13.2,13.2,13.2,2030.2,10.55,3750,0,0,0.0,0,F1,375,,,,,
2026-02-18,2026-02-18,FO,NSE,STO,98821,,GLENMARK,,2026-03-30,2026-03-30,1760.0,PE,GLENMARK26MAR1760PE,0.0,0.0,0.0,33.55,0.0,33.55,2030.2,4.9,0,0,0,0.0,0,F1,375,,,,,
2026-02-18,2026-02-18,FO,NSE,STO,110445,,GLENMARK,,2026-03-30,2026-03-30,1620.0,PE,GLENMARK26MAR1620PE,0.0,0.0,0.0,7.2,0.0,7.2,2030.2,0.5,0,0,0,0.0,0,F1,375,,,,,
2026-02-18,2026-02-18,FO,NSE,STO,93933,,GLENMARK,,2026-02-24,2026-02-24,2200.0,PE,GLENMARK26FEB2200PE,178.5,178.5,178.5,178.5,178.5,160.15,2030.2,168.3,7125,0,1,891937.5,1,F1,375,,,,,
2026-02-18,2026-02-18,FO,NSE,STO,98636,,GLENMARK,,2026-02-24,2026-02-24,2060.0,PE,GLENMARK26FEB2060PE,47.0,57.1,39.25,40.7,42.95,43.2,2030.2,40.7,109500,-375,48,37918462.5,48,F1,375,,,,,
2026-02-18,2026-02-18,FO,NSE,STO,93714,,GLENMARK,,2026-02-24,2026-02-24,1880.0,PE,GLENMARK26FEB1880PE,1.95,2.0,1.25,1.3,1.3,2.4,2030.2,1.3,57000,-4125,49,34574137.5,49,F1,375,,,,,
2026-02-18,2026-02-18,FO,NSE,STO,93705,,GLENMARK,,2026-02-24,2026-02-24,1720.0,CE,GLENMARK26FEB1720CE,0.0,0.0,0.0,238.55,238.55,238.55,2030.2,311.75,1125,0,0,0.0,0,F1,375,,,,,
2026-02-18,2026-02-18,FO,NSE,STO,98428,,GLENMARK,,2026-02-24,2026-02-24,1740.0,CE,GLENMARK26FEB1740CE,0.0,0.0,0.0,321.25,0.0,321.25,2030.2,291.75,0,0,0,0.0,0,F1,375,,,,,
2026-02-18,2026-02-18,FO,NSE,STO,98432,,GLENMARK,,2026-02-24,2026-02-24,1780.0,CE,GLENMARK26FEB1780CE,0.0,0.0,0.0,194.55,194.55,194.55,2030.2,251.8,4125,0,0,0.0,0,F1,375,,,,,
2026-02-18,2026-02-18,FO,NSE,STO,98433,,GLENMARK,,2026-02-24,2026-02-24,1780.0,PE,GLENMARK26FEB1780PE,1.0,1.05,0.6,0.8,0.8,1.3,2030.2,0.8,20625,-1500,38,25378293.75,38,F1,375,,,,,
2026-02-18,2026-02-18,FO,NSE,STO,93833,,GLENMARK,,2026-02-24,2026-02-24,2160.0,PE,GLENMARK26FEB2160PE,0.0,0.0,0.0,149.25,149.25,149.25,2030.2,129.55,2250,0,0,0.0,0,F1,375,,,,,
2026-02-18,2026-02-18,FO,NSE,STO,110454,,GLENMARK,,2026-03-30,2026-03-30,1740.0,PE,GLENMARK26MAR1740PE,0.0,0.0,0.0,21.1,0.0,21.1,2030.2,3.65,0,0,0,0.0,0,F1,375,,,,,
2026-02-18,2026-02-18,FO,NSE,STO,98839,,GLENMARK,,2026-03-30,2026-03-30,2000.0,CE,GLENMARK26MAR2000CE,106.0,113.2,92.85,102.35,100.0,111.45,2030.2,102.35,21750,3750,44,34657687.5,38,F1,375,,,,,
2026-02-18,2026-02-18,FO,NSE,STO,110456,,GLENMARK,,2026-03-30,2026-03-30,1780.0,PE,GLENMARK26MAR1780PE,11.0,11.0,11.0,11.0,11.0,13.2,2030.2,6.4,3000,0,2,1343250.0,1,F1,375,,,,,
2026-02-18,2026-02-18,FO,NSE,STO,98889,,GLENMARK,,2026-03-30,2026-03-30,2240.0,PE,GLENMARK26MAR2240PE,0.0,0.0,0.0,213.0,213.0,213.0,2030.2,215.0,3375,0,0,0.0,0,F1,375,,,,,
2026-02-18,2026-02-18,FO,NSE,STO,110522,,GLENMARK,,2026-04-28,2026-04-28,1600.0,PE,GLENMARK26APR1600PE,0.0,0.0,0.0,12.55,0.0,12.55,2030.2,2.15,0,0,0,0.0,0,F1,375,,,,,
2026-02-18,2026-02-18,FO,NSE,STO,98637,,GLENMARK,,2026-02-24,2026-02-24,2100.0,CE,GLENMARK26FEB2100CE,8.4,11.1,4.9,6.5,6.0,11.0,2030.2,6.5,744375,96375,2184,1725981093.75,1341,F1,375,,,,,
2026-02-18,2026-02-18,FO,NSE,STO,98611,,GLENMARK,,2026-02-24,2026-02-24,2060.0,CE,GLENMARK26FEB2060CE,22.75,23.5,11.15,15.25,14.5,22.75,2030.2,15.25,136125,375,566,440558043.75,488,F1,375,,,,,
2026-02-18,2026-02-18,FO,NSE,STO,93770,,GLENMARK,,2026-02-24,2026-02-24,2000.0,CE,GLENMARK26FEB2000CE,45.75,57.5,34.4,44.75,43.0,56.1,2030.2,44.75,315375,-35250,707,541699856.25,605,F1,375,,,,,
2026-02-18,2026-02-18,FO,NSE,STO,93715,,GLENMARK,,2026-02-24,2026-02-24,1920.0,CE,GLENMARK26FEB1920CE,110.75,115.8,96.35,115.25,115.8,118.3,2030.2,115.25,24750,0,21,15950531.25,21,F1,375,,,,,
2026-02-18,2026-02-18,FO,NSE,STO,93702,,GLENMARK,,2026-02-24,2026-02-24,1640.0,PE,GLENMARK26FEB1640PE,0.0,0.0,0.0,36.6,0.0,36.6,2030.2,0.05,0,0,0,0.0,0,F1,375,,,,,
2026-02-18,2026-02-18,FO,NSE,STO,93700,,GLENMARK,,2026-02-24,2026-02-24,1600.0,PE,GLENMARK26FEB1600PE,0.0,0.0,0.0,28.3,0.0,28.3,2030.2,0.05,0,0,0,0.0,0,F1,375,,,,,
2026-02-18,2026-02-18,FO,NSE,STO,110561,,GLENMARK,,2026-04-28,2026-04-28,2080.0,CE,GLENMARK26APR2080CE,0.0,0.0,0.0,118.65,0.0,118.65,2030.2,90.0,0,0,0,0.0,0,F1,375,,,,,
2026-02-18,2026-02-18,FO,NSE,STO,110532,,GLENMARK,,2026-04-28,2026-04-28,1800.0,CE,GLENMARK26APR1800CE,0.0,0.0,0.0,275.55,0.0,275.55,2030.2,267.8,0,0,0,0.0,0,F1,375,,,,,
2026-02-18,2026-02-18,FO,NSE,STO,98840,,GLENMARK,,2026-03-30,2026-03-30,2000.0,PE,GLENMARK26MAR2000PE,60.0,64.0,52.35,64.0,64.0,55.6,2030.2,58.2,41625,3000,28,21618487.5,26,F1,375,,,,,
2026-02-18,2026-02-18,FO,NSE,STO,98638,,GLENMARK,,2026-02-24,2026-02-24,2100.0,PE,GLENMARK26FEB2100PE,70.0,90.55,69.4,72.15,76.2,70.05,2030.2,72.15,25125,2625,48,39219225.0,48,F1,375,,,,,
2026-02-18,2026-02-18,FO,NSE,STO,98427,,GLENMARK,,2026-02-24,2026-02-24,1700.0,PE,GLENMARK26FEB1700PE,0.0,0.0,0.0,10.7,0.0,10.7,2030.2,0.05,0,0,0,0.0,0,F1,375,,,,,
2026-02-18,2026-02-18,FO,NSE,STO,93704,,GLENMARK,,2026-02-24,2026-02-24,1680.0,PE,GLENMARK26FEB1680PE,0.55,0.65,0.5,0.5,0.5,0.75,2030.2,0.05,11250,-1500,7,4411481.25,7,F1,375,,,,,
2026-02-18,2026-02-18,FO,NSE,STO,110619,,GLENMARK,,2026-04-28,2026-04-28,2200.0,CE,GLENMARK26APR2200CE,0.0,0.0,0.0,77.25,0.0,77.25,2030.2,48.75,0,0,0,0.0,0,F1,375,,,,,
2026-02-18,2026-02-18,FO,NSE,STO,110617,,GLENMARK,,2026-04-28,2026-04-28,2160.0,CE,GLENMARK26APR2160CE,0.0,0.0,0.0,89.5,0.0,89.5,2030.2,60.35,0,0,0,0.0,0,F1,375,,,,,
2026-02-18,2026-02-18,FO,NSE,STO,110464,,GLENMARK,,2026-03-30,2026-03-30,1940.0,PE,GLENMARK26MAR1940PE,0.0,0.0,0.0,77.65,0.0,77.65,2030.2,35.95,0,0,0,0.0,0,F1,375,,,,,
2026-02-18,2026-02-18,FO,NSE,STO,93829,,GLENMARK,,2026-02-24,2026-02-24,2120.0,PE,GLENMARK26FEB2120PE,0.0,0.0,0.0,96.3,96.3,96.3,2030.2,92.9,10875,0,0,0.0,0,F1,375,,,,,
2026-02-18,2026-02-18,FO,NSE,STO,110601,,GLENMARK,,2026-04-28,2026-04-28,2120.0,CE,GLENMARK26APR2120CE,0.0,0.0,0.0,103.3,0.0,103.3,2030.2,74.1,0,0,0,0.0,0,F1,375,,,,,
2026-02-18,2026-02-18,FO,NSE,STO,98884,,GLENMARK,,2026-03-30,2026-03-30,2200.0,CE,GLENMARK26MAR2200CE,30.0,30.0,23.55,26.25,25.9,27.0,2030.2,26.25,5250,1500,50,41738156.25,38,F1,375,,,,,
2026-02-18,2026-02-18,FO,NSE,STO,110457,,GLENMARK,,2026-03-30,2026-03-30,1820.0,CE,GLENMARK26MAR1820CE,0.0,0.0,0.0,236.65,0.0,236.65,2030.2,231.7,0,0,0,0.0,0,F1,375,,,,,
2026-02-18,2026-02-18,FO,NSE,STO,98818,,GLENMARK,,2026-03-30,2026-03-30,1720.0,CE,GLENMARK26MAR1720CE,0.0,0.0,0.0,361.25,0.0,361.25,2030.2,323.25,0,0,0,0.0,0,F1,375,,,,,
2026-02-18,2026-02-18,FO,NSE,STO,93697,,GLENMARK,,2026-02-24,2026-02-24,1560.0,CE,GLENMARK26FEB1560CE,0.0,0.0,0.0,420.5,420.5,420.5,2030.2,471.6,1125,0,0,0.0,0,F1,375,,,,,
2026-02-18,2026-02-18,FO,NSE,STF,51880,,GLENMARK,,2026-03-30,2026-03-30,,,GLENMARK26MARFUT,2040.4,2059.5,2023.6,2046.2,2041.2,2050.3,2030.2,2046.2,1369875,239250,1149,878749575.0,1012,F1,375,,,,,
2026-02-18,2026-02-18,FO,NSE,STO,110548,,GLENMARK,,2026-04-28,2026-04-28,1960.0,PE,GLENMARK26APR1960PE,0.0,0.0,0.0,105.4,0.0,105.4,2030.2,61.7,0,0,0,0.0,0,F1,375,,,,,
2026-02-18,2026-02-18,FO,NSE,STO,110477,,GLENMARK,,2026-03-30,2026-03-30,2220.0,CE,GLENMARK26MAR2220CE,22.0,22.0,22.0,22.0,22.0,29.05,2030.2,22.05,10125,750,2,1681500.0,1,F1,375,,,,,
2026-02-18,2026-02-18,FO,NSE,STO,98876,,GLENMARK,,2026-03-30,2026-03-30,2120.0,CE,GLENMARK26MAR2120CE,48.7,48.7,48.7,48.7,48.7,57.5,2030.2,47.1,2250,-375,1,813262.5,1,F1,375,,,,,
2026-02-18,2026-02-18,FO,NSE,STO,93990,,GLENMARK,,2026-02-24,2026-02-24,2400.0,CE,GLENMARK26FEB2400CE,0.05,0.05,0.05,0.05,0.05,0.1,2030.2,0.05,31125,0,7,6300131.25,7,F1,375,,,,,
2026-02-18,2026-02-18,FO,NSE,STO,110442,,GLENMARK,,2026-03-30,2026-03-30,1580.0,CE,GLENMARK26MAR1580CE,0.0,0.0,0.0,440.95,0.0,440.95,2030.2,459.9,0,0,0,0.0,0,F1,375,,,,,
2026-02-18,2026-02-18,FO,NSE,STO,93779,,GLENMARK,,2026-02-24,2026-02-24,2080.0,CE,GLENMARK26FEB2080CE,12.75,14.8,7.5,9.9,9.1,16.8,2030.2,9.9,61125,-40500,531,416143012.5,349,F1,375,,,,,
2026-02-18,2026-02-18,FO,NSE,STO,93717,,GLENMARK,,2026-02-24,2026-02-24,1960.0,CE,GLENMARK26FEB1960CE,78.75,84.6,61.0,76.45,76.95,86.55,2030.2,76.45,135750,0,36,27419456.25,32,F1,375,,,,,
2026-02-18,2026-02-18,FO,NSE,STO,98424,,GLENMARK,,2026-02-24,2026-02-24,1700.0,CE,GLENMARK26FEB1700CE,0.0,0.0,0.0,339.0,339.0,339.0,2030.2,331.75,750,0,0,0.0,0,F1,375,,,,,
2026-02-18,2026-02-18,FO,NSE,STO,110469,,GLENMARK,,2026-03-30,2026-03-30,2060.0,CE,GLENMARK26MAR2060CE,0.0,0.0,0.0,98.3,0.0,98.3,2030.2,70.25,0,0,0,0.0,0,F1,375,,,,,
2026-02-18,2026-02-18,FO,NSE,STO,98864,,GLENMARK,,2026-03-30,2026-03-30,2080.0,CE,GLENMARK26MAR2080CE,0.0,0.0,0.0,62.15,62.15,62.15,2030.2,61.75,1125,0,0,0.0,0,F1,375,,,,,
2026-02-18,2026-02-18,FO,NSE,STO,110475,,GLENMARK,,2026-03-30,2026-03-30,2180.0,CE,GLENMARK26MAR2180CE,0.0,0.0,0.0,29.9,29.9,29.9,2030.2,30.3,1500,0,0,0.0,0,F1,375,,,,,
2026-02-18,2026-02-18,FO,NSE,STO,110534,,GLENMARK,,2026-04-28,2026-04-28,1840.0,CE,GLENMARK26APR1840CE,0.0,0.0,0.0,247.7,0.0,247.7,2030.2,235.75,0,0,0,0.0,0,F1,375,,,,,
2026-02-18,2026-02-18,FO,NSE,STO,93698,,GLENMARK,,2026-02-24,2026-02-24,1560.0,PE,GLENMARK26FEB1560PE,0.0,0.0,0.0,21.45,0.0,21.45,2030.2,0.05,0,0,0,0.0,0,F1,375,,,,,
2026-02-18,2026-02-18,FO,NSE,STO,93712,,GLENMARK,,2026-02-24,2026-02-24,1840.0,PE,GLENMARK26FEB1840PE,1.65,1.65,1.0,1.2,1.2,1.95,2030.2,1.2,26250,-4500,52,35902443.75,42,F1,375,,,,,
2026-02-18,2026-02-18,FO,NSE,STO,93723,,GLENMARK,,2026-02-24,2026-02-24,1960.0,PE,GLENMARK26FEB1960PE,8.4,9.25,4.45,5.0,5.25,7.65,2030.2,5.0,308250,-4125,275,202864837.5,204,F1,375,,,,,
2026-02-18,2026-02-18,FO,NSE,STO,98468,,GLENMARK,,2026-02-24,2026-02-24,1980.0,PE,GLENMARK26FEB1980PE,14.0,14.65,7.55,8.7,9.0,11.25,2030.2,8.7,108375,-4125,222,165751462.5,207,F1,375,,,,,
2026-02-18,2026-02-18,FO,NSE,STO,98817,,GLENMARK,,2026-03-30,2026-03-30,1680.0,PE,GLENMARK26MAR1680PE,0.0,0.0,0.0,19.75,0.0,19.75,2030.2,1.45,0,0,0,0.0,0,F1,375,,,,,
2026-02-18,2026-02-18,FO,NSE,STO,98819,,GLENMARK,,2026-03-30,2026-03-30,1720.0,PE,GLENMARK26MAR1720PE,5.0,5.0,5.0,5.0,5.0,22.95,2030.2,2.7,750,0,1,646875.0,1,F1,375,,,,,
2026-02-18,2026-02-18,FO,NSE,STO,110472,,GLENMARK,,2026-03-30,2026-03-30,2100.0,PE,GLENMARK26MAR2100PE,101.95,119.0,100.35,115.35,115.35,116.0,2030.2,111.25,10125,4875,14,11589750.0,13,F1,375,,,,,
2026-02-18,2026-02-18,FO,NSE,STO,110566,,GLENMARK,,2026-04-28,2026-04-28,2080.0,PE,GLENMARK26APR2080PE,0.0,0.0,0.0,167.1,0.0,167.1,2030.2,118.3,0,0,0,0.0,0,F1,375,,,,,
2026-02-18,2026-02-18,FO,NSE,STO,98822,,GLENMARK,,2026-03-30,2026-03-30,1800.0,CE,GLENMARK26MAR1800CE,0.0,0.0,0.0,216.0,216.0,216.0,2030.2,249.3,1875,0,0,0.0,0,F1,375,,,,,
2026-02-18,2026-02-18,FO,NSE,STO,98828,,GLENMARK,,2026-03-30,2026-03-30,1920.0,CE,GLENMARK26MAR1920CE,0.0,0.0,0.0,145.0,145.0,145.0,2030.2,151.8,375,0,0,0.0,0,F1,375,,,,,
2026-02-18,2026-02-18,FO,NSE,STO,98841,,GLENMARK,,2026-03-30,2026-03-30,2040.0,CE,GLENMARK26MAR2040CE,85.0,85.0,75.0,78.1,78.95,86.95,2030.2,78.1,9750,7875,38,30199443.75,29,F1,375,,,,,
2026-02-18,2026-02-18,FO,NSE,STO,110525,,GLENMARK,,2026-04-28,2026-04-28,1680.0,CE,GLENMARK26APR1680CE,0.0,0.0,0.0,368.25,0.0,368.25,2030.2,373.35,0,0,0,0.0,0,F1,375,,,,,
2026-02-18,2026-02-18,FO,NSE,STO,110618,,GLENMARK,,2026-04-28,2026-04-28,2160.0,PE,GLENMARK26APR2160PE,0.0,0.0,0.0,216.75,0.0,216.75,2030.2,167.85,0,0,0,0.0,0,F1,375,,,,,
2026-02-18,2026-02-18,FO,NSE,STO,110549,,GLENMARK,,2026-04-28,2026-04-28,2000.0,CE,GLENMARK26APR2000CE,0.0,0.0,0.0,154.5,0.0,154.5,2030.2,129.0,0,0,0,0.0,0,F1,375,,,,,
2026-02-18,2026-02-18,FO,NSE,STO,98423,,GLENMARK,,2026-02-24,2026-02-24,1660.0,PE,GLENMARK26FEB1660PE,0.0,0.0,0.0,7.25,0.0,7.25,2030.2,0.05,0,0,0,0.0,0,F1,375,,,,,
2026-02-18,2026-02-18,FO,NSE,STO,98932,,GLENMARK,,2026-03-30,2026-03-30,2280.0,PE,GLENMARK26MAR2280PE,0.0,0.0,0.0,282.5,0.0,282.5,2030.2,249.3,0,0,0,0.0,0,F1,375,,,,,
2026-02-18,2026-02-18,FO,NSE,STO,110541,,GLENMARK,,2026-04-28,2026-04-28,1920.0,PE,GLENMARK26APR1920PE,0.0,0.0,0.0,88.4,0.0,88.4,2030.2,47.7,0,0,0,0.0,0,F1,375,,,,,
2026-02-18,2026-02-18,FO,NSE,STO,93771,,GLENMARK,,2026-02-24,2026-02-24,2000.0,PE,GLENMARK26FEB2000PE,17.85,22.4,11.6,13.1,13.8,16.3,2030.2,13.1,132375,-17625,991,749434125.0,715,F1,375,,,,,
2026-02-18,2026-02-18,FO,NSE,STO,98883,,GLENMARK,,2026-03-30,2026-03-30,2160.0,PE,GLENMARK26MAR2160PE,0.0,0.0,0.0,200.25,0.0,200.25,2030.2,152.05,0,0,0,0.0,0,F1,375,,,,,
2026-02-18,2026-02-18,FO,NSE,STO,93935,,GLENMARK,,2026-02-24,2026-02-24,2240.0,PE,GLENMARK26FEB2240PE,0.0,0.0,0.0,209.85,209.85,209.85,2030.2,207.9,1125,0,0,0.0,0,F1,375,,,,,
2026-02-18,2026-02-18,FO,NSE,STO,93955,,GLENMARK,,2026-02-24,2026-02-24,2280.0,PE,GLENMARK26FEB2280PE,246.8,246.8,246.8,246.8,246.8,287.35,2030.2,247.75,0,-1125,3,2842650.0,1,F1,375,,,,,
2026-02-18,2026-02-18,FO,NSE,STO,93709,,GLENMARK,,2026-02-24,2026-02-24,1800.0,CE,GLENMARK26FEB1800CE,0.0,0.0,0.0,224.0,224.0,224.0,2030.2,231.85,7125,0,0,0.0,0,F1,375,,,,,
2026-02-18,2026-02-18,FO,NSE,STO,110444,,GLENMARK,,2026-03-30,2026-03-30,1620.0,CE,GLENMARK26MAR1620CE,0.0,0.0,0.0,403.85,0.0,403.85,2030.2,420.4,0,0,0,0.0,0,F1,375,,,,,
2026-02-18,2026-02-18,FO,NSE,STO,110533,,GLENMARK,,2026-04-28,2026-04-28,1800.0,PE,GLENMARK26APR1800PE,0.0,0.0,0.0,48.3,0.0,48.3,2030.2,19.0,0,0,0,0.0,0,F1,375,,,,,
2026-02-18,2026-02-18,FO,NSE,STF,66836,,GLENMARK,,2026-04-28,2026-04-28,,,GLENMARK26APRFUT,2058.6,2058.6,2056.5,2056.5,2056.5,2059.4,2030.2,2051.4,9750,375,2,1543162.5,2,F1,375,,,,,
2026-02-18,2026-02-18,FO,NSE,STO,98422,,GLENMARK,,2026-02-24,2026-02-24,1660.0,CE,GLENMARK26FEB1660CE,0.0,0.0,0.0,392.4,0.0,392.4,2030.2,371.7,0,0,0,0.0,0,F1,375,,,,,
2026-02-18,2026-02-18,FO,NSE,STO,110528,,GLENMARK,,2026-04-28,2026-04-28,1720.0,PE,GLENMARK26APR1720PE,0.0,0.0,0.0,29.8,0.0,29.8,2030.2,8.9,0,0,0,0.0,0,F1,375,,,,,
2026-02-18,2026-02-18,FO,NSE,STO,93832,,GLENMARK,,2026-02-24,2026-02-24,2160.0,CE,GLENMARK26FEB2160CE,2.55,2.95,1.3,1.6,1.3,3.55,2030.2,1.6,117375,-6000,130,105393993.75,114,F1,375,,,,,
2026-02-18,2026-02-18,FO,NSE,STO,93934,,GLENMARK,,2026-02-24,2026-02-24,2240.0,CE,GLENMARK26FEB2240CE,1.0,1.0,0.3,0.4,0.4,1.25,2030.2,0.1,34500,-3750,15,12603337.5,12,F1,375,,,,,
2026-02-18,2026-02-18,FO,NSE,STO,110453,,GLENMARK,,2026-03-30,2026-03-30,1740.0,CE,GLENMARK26MAR1740CE,0.0,0.0,0.0,299.0,0.0,299.0,2030.2,304.35,0,0,0,0.0,0,F1,375,,,,,
2026-02-18,2026-02-18,FO,NSE,STO,98837,,GLENMARK,,2026-03-30,2026-03-30,1960.0,CE,GLENMARK26MAR1960CE,0.0,0.0,0.0,194.0,0.0,194.0,2030.2,124.55,0,0,0,0.0,0,F1,375,,,,,
2026-02-18,2026-02-18,FO,NSE,STO,110465,,GLENMARK,,2026-03-30,2026-03-30,1980.0,CE,GLENMARK26MAR1980CE,0.0,0.0,0.0,104.65,104.65,104.65,2030.2,112.1,750,0,0,0.0,0,F1,375,,,,,
2026-02-18,2026-02-18,FO,NSE,STO,98888,,GLENMARK,,2026-03-30,2026-03-30,2240.0,CE,GLENMARK26MAR2240CE,0.0,0.0,0.0,22.2,22.2,22.2,2030.2,18.65,375,0,0,0.0,0,F1,375,,,,,
2026-02-18,2026-02-18,FO,NSE,STO,110527,,GLENMARK,,2026-04-28,2026-04-28,1720.0,CE,GLENMARK26APR1720CE,0.0,0.0,0.0,335.85,0.0,335.85,2030.2,336.9,0,0,0,0.0,0,F1,375,,,,,
2026-02-18,2026-02-18,FO,NSE,STO,93699,,GLENMARK,,2026-02-24,2026-02-24,1600.0,CE,GLENMARK26FEB1600CE,0.0,0.0,0.0,333.9,0.0,333.9,2030.2,431.65,0,0,0,0.0,0,F1,375,,,,,
2026-02-18,2026-02-18,FO,NSE,STO,110520,,GLENMARK,,2026-04-28,2026-04-28,1560.0,PE,GLENMARK26APR1560PE,0.0,0.0,0.0,9.0,0.0,9.0,2030.2,1.25,0,0,0,0.0,0,F1,375,,,,,
2026-02-18,2026-02-18,FO,NSE,STO,110478,,GLENMARK,,2026-03-30,2026-03-30,2220.0,PE,GLENMARK26MAR2220PE,0.0,0.0,0.0,244.45,0.0,244.45,2030.2,198.5,0,0,0,0.0,0,F1,375,,,,,
2026-02-18,2026-02-18,FO,NSE,STO,110476,,GLENMARK,,2026-03-30,2026-03-30,2180.0,PE,GLENMARK26MAR2180PE,0.0,0.0,0.0,214.85,0.0,214.85,2030.2,166.95,0,0,0,0.0,0,F1,375,,,,,
2026-02-18,2026-02-18,FO,NSE,STO,110474,,GLENMARK,,2026-03-30,2026-03-30,2140.0,PE,GLENMARK26MAR2140PE,0.0,0.0,0.0,132.0,132.0,132.0,2030.2,137.8,1125,0,0,0.0,0,F1,375,,,,,
2026-02-18,2026-02-18,FO,NSE,STO,98875,,GLENMARK,,2026-03-30,2026-03-30,2080.0,PE,GLENMARK26MAR2080PE,0.0,0.0,0.0,153.1,0.0,153.1,2030.2,99.05,0,0,0,0.0,0,F1,375,,,,,
2026-02-18,2026-02-18,FO,NSE,STO,110450,,GLENMARK,,2026-03-30,2026-03-30,1660.0,PE,GLENMARK26MAR1660PE,0.0,0.0,0.0,10.6,0.0,10.6,2030.2,1.0,0,0,0,0.0,0,F1,375,,,,,
2026-02-18,2026-02-18,FO,NSE,STO,93828,,GLENMARK,,2026-02-24,2026-02-24,2120.0,CE,GLENMARK26FEB2120CE,5.5,6.7,3.0,4.0,3.55,7.65,2030.2,4.0,204750,4875,297,236551256.25,275,F1,375,,,,,
2026-02-18,2026-02-18,FO,NSE,STO,110535,,GLENMARK,,2026-04-28,2026-04-28,1840.0,PE,GLENMARK26APR1840PE,0.0,0.0,0.0,59.85,0.0,59.85,2030.2,26.55,0,0,0,0.0,0,F1,375,,,,,
2026-02-18,2026-02-18,FO,NSE,STO,98836,,GLENMARK,,2026-03-30,2026-03-30,1920.0,PE,GLENMARK26MAR1920PE,0.0,0.0,0.0,79.4,0.0,79.4,2030.2,30.1,0,0,0,0.0,0,F1,375,,,,,
2026-02-18,2026-02-18,FO,NSE,STO,110462,,GLENMARK,,2026-03-30,2026-03-30,1900.0,PE,GLENMARK26MAR1900PE,26.2,30.0,23.25,23.25,23.25,26.7,2030.2,24.95,12375,-1500,69,49870143.75,52,F1,375,,,,,
2026-02-18,2026-02-18,FO,NSE,STO,110452,,GLENMARK,,2026-03-30,2026-03-30,1700.0,PE,GLENMARK26MAR1700PE,0.0,0.0,0.0,15.15,0.0,15.15,2030.2,2.0,0,0,0,0.0,0,F1,375,,,,,
2026-02-18,2026-02-18,FO,NSE,STO,98811,,GLENMARK,,2026-03-30,2026-03-30,1560.0,PE,GLENMARK26MAR1560PE,0.0,0.0,0.0,7.65,0.0,7.65,2030.2,0.15,0,0,0,0.0,0,F1,375,,,,,
2026-02-18,2026-02-18,FO,NSE,STO,93780,,GLENMARK,,2026-02-24,2026-02-24,2080.0,PE,GLENMARK26FEB2080PE,69.0,73.95,54.5,57.45,59.1,56.05,2030.2,57.45,9750,0,47,37798575.0,47,F1,375,,,,,
2026-02-18,2026-02-18,FO,NSE,STO,93776,,GLENMARK,,2026-02-24,2026-02-24,2040.0,PE,GLENMARK26FEB2040PE,40.0,44.0,27.2,30.3,31.4,32.9,2030.2,30.3,68625,-23250,428,332776143.75,276,F1,375,,,,,
2026-02-18,2026-02-18,FO,NSE,STO,98599,,GLENMARK,,2026-02-24,2026-02-24,2020.0,PE,GLENMARK26FEB2020PE,27.6,32.0,18.25,20.45,22.45,23.25,2030.2,20.45,60750,-6375,449,344208131.25,390,F1,375,,,,,
2026-02-18,2026-02-18,FO,NSE,STO,98442,,GLENMARK,,2026-02-24,2026-02-24,1940.0,PE,GLENMARK26FEB1940PE,5.8,5.9,3.05,3.2,3.4,5.35,2030.2,3.2,138000,-22125,475,346328531.25,425,F1,375,,,,,
2026-02-18,2026-02-18,FO,NSE,STO,98437,,GLENMARK,,2026-02-24,2026-02-24,1860.0,PE,GLENMARK26FEB1860PE,1.55,1.65,1.15,1.15,1.15,2.0,2030.2,0.2,32250,-2625,18,12564825.0,17,F1,375,,,,,
2026-02-18,2026-02-18,FO,NSE,STO,98435,,GLENMARK,,2026-02-24,2026-02-24,1820.0,PE,GLENMARK26FEB1820PE,0.0,0.0,0.0,1.45,1.5,1.45,2030.2,0.05,45000,0,0,0.0,0,F1,375,,,,,
2026-02-18,2026-02-18,FO,NSE,STO,98440,,GLENMARK,,2026-02-24,2026-02-24,1940.0,CE,GLENMARK26FEB1940CE,0.0,0.0,0.0,105.15,104.45,105.15,2030.2,95.8,42000,0,0,0.0,0,F1,375,,,,,
2026-02-18,2026-02-18,FO,NSE,STO,93706,,GLENMARK,,2026-02-24,2026-02-24,1720.0,PE,GLENMARK26FEB1720PE,0.8,0.8,0.7,0.7,0.7,1.1,2030.2,0.05,61125,-1125,3,1935862.5,2,F1,375,,,,,
2026-02-18,2026-02-18,FO,NSE,STO,98392,,GLENMARK,,2026-02-24,2026-02-24,1580.0,PE,GLENMARK26FEB1580PE,0.0,0.0,0.0,3.0,0.0,3.0,2030.2,0.05,0,0,0,0.0,0,F1,375,,,,,
2026-02-18,2026-02-18,FO,NSE,STO,110559,,GLENMARK,,2026-04-28,2026-04-28,2040.0,CE,GLENMARK26APR2040CE,0.0,0.0,0.0,135.7,0.0,135.7,2030.2,108.3,0,0,0,0.0,0,F1,375,,,,,
2026-02-18,2026-02-18,FO,NSE,STO,110545,,GLENMARK,,2026-04-28,2026-04-28,1960.0,CE,GLENMARK26APR1960CE,0.0,0.0,0.0,175.1,0.0,175.1,2030.2,152.15,0,0,0,0.0,0,F1,375,,,,,
2026-02-18,2026-02-18,FO,NSE,STO,110521,,GLENMARK,,2026-04-28,2026-04-28,1600.0,CE,GLENMARK26APR1600CE,0.0,0.0,0.0,436.75,0.0,436.75,2030.2,448.9,0,0,0,0.0,0,F1,375,,,,,
2026-02-18,2026-02-18,FO,NSE,STO,110466,,GLENMARK,,2026-03-30,2026-03-30,1980.0,PE,GLENMARK26MAR1980PE,0.0,0.0,0.0,95.3,0.0,95.3,2030.2,50.0,0,0,0,0.0,0,F1,375,,,,,
2026-02-18,2026-02-18,FO,NSE,STO,98641,,GLENMARK,,2026-02-24,2026-02-24,2180.0,CE,GLENMARK26FEB2180CE,1.85,2.35,0.9,1.15,1.15,2.65,2030.2,1.15,57750,-5250,113,92437143.75,89,F1,375,,,,,
2026-02-18,2026-02-18,FO,NSE,STO,93932,,GLENMARK,,2026-02-24,2026-02-24,2200.0,CE,GLENMARK26FEB2200CE,1.85,1.85,0.85,0.95,1.0,2.0,2030.2,0.95,160125,-9000,122,100700643.75,85,F1,375,,,,,
2026-02-18,2026-02-18,FO,NSE,STO,110446,,GLENMARK,,2026-03-30,2026-03-30,1660.0,CE,GLENMARK26MAR1660CE,0.0,0.0,0.0,367.7,0.0,367.7,2030.2,381.2,0,0,0,0.0,0,F1,375,,,,,
2026-02-18,2026-02-18,FO,NSE,STO,110463,,GLENMARK,,2026-03-30,2026-03-30,1940.0,CE,GLENMARK26MAR1940CE,0.0,0.0,0.0,157.65,0.0,157.65,2030.2,137.8,0,0,0,0.0,0,F1,375,,,,,
2026-02-18,2026-02-18,FO,NSE,STO,110473,,GLENMARK,,2026-03-30,2026-03-30,2140.0,CE,GLENMARK26MAR2140CE,0.0,0.0,0.0,69.1,0.0,69.1,2030.2,40.85,0,0,0,0.0,0,F1,375,,,,,
2026-02-18,2026-02-18,FO,NSE,STO,98823,,GLENMARK,,2026-03-30,2026-03-30,1800.0,PE,GLENMARK26MAR1800PE,0.0,0.0,0.0,11.25,11.25,11.25,2030.2,8.25,10875,0,0,0.0,0,F1,375,,,,,
2026-02-18,2026-02-18,FO,NSE,STO,98436,,GLENMARK,,2026-02-24,2026-02-24,1860.0,CE,GLENMARK26FEB1860CE,0.0,0.0,0.0,164.05,164.05,164.05,2030.2,172.1,21000,0,0,0.0,0,F1,375,,,,,
2026-02-18,2026-02-18,FO,NSE,STO,110540,,GLENMARK,,2026-04-28,2026-04-28,1920.0,CE,GLENMARK26APR1920CE,0.0,0.0,0.0,197.5,0.0,197.5,2030.2,177.75,0,0,0,0.0,0,F1,375,,,,,
2026-02-18,2026-02-18,FO,NSE,STO,110523,,GLENMARK,,2026-04-28,2026-04-28,1640.0,CE,GLENMARK26APR1640CE,0.0,0.0,0.0,401.9,0.0,401.9,2030.2,410.8,0,0,0,0.0,0,F1,375,,,,,
2026-02-18,2026-02-18,FO,NSE,STO,98937,,GLENMARK,,2026-03-30,2026-03-30,2320.0,CE,GLENMARK26MAR2320CE,0.0,0.0,0.0,56.7,0.0,56.7,2030.2,9.2,0,0,0,0.0,0,F1,375,,,,,
2026-02-18,2026-02-18,FO,NSE,STO,98878,,GLENMARK,,2026-03-30,2026-03-30,2160.0,CE,GLENMARK26MAR2160CE,0.0,0.0,0.0,47.5,47.5,47.5,2030.2,35.25,750,0,0,0.0,0,F1,375,,,,,
2026-02-18,2026-02-18,FO,NSE,STO,110455,,GLENMARK,,2026-03-30,2026-03-30,1780.0,CE,GLENMARK26MAR1780CE,0.0,0.0,0.0,266.9,0.0,266.9,2030.2,267.3,0,0,0,0.0,0,F1,375,,,,,
2026-02-18,2026-02-18,FO,NSE,STO,98816,,GLENMARK,,2026-03-30,2026-03-30,1680.0,CE,GLENMARK26MAR1680CE,0.0,0.0,0.0,394.45,0.0,394.45,2030.2,361.75,0,0,0,0.0,0,F1,375,,,,,
2026-02-18,2026-02-18,FO,NSE,STO,98814,,GLENMARK,,2026-03-30,2026-03-30,1640.0,CE,GLENMARK26MAR1640CE,0.0,0.0,0.0,428.8,0.0,428.8,2030.2,400.75,0,0,0,0.0,0,F1,375,,,,,
2026-02-18,2026-02-18,FO,NSE,STO,98810,,GLENMARK,,2026-03-30,2026-03-30,1560.0,CE,GLENMARK26MAR1560CE,0.0,0.0,0.0,500.55,0.0,500.55,2030.2,479.7,0,0,0,0.0,0,F1,375,,,,,
2026-02-18,2026-02-18,FO,NSE,STO,98744,,GLENMARK,,2026-02-24,2026-02-24,2300.0,CE,GLENMARK26FEB2300CE,0.25,0.35,0.15,0.15,0.15,0.55,2030.2,0.15,15375,-1500,24,20701931.25,15,F1,375,,,,,
2026-02-18,2026-02-18,FO,NSE,STO,98661,,GLENMARK,,2026-02-24,2026-02-24,2220.0,CE,GLENMARK26FEB2220CE,0.6,0.65,0.5,0.5,0.5,1.75,2030.2,0.25,17250,750,14,11658112.5,12,F1,375,,,,,
2026-02-18,2026-02-18,FO,NSE,STO,93713,,GLENMARK,,2026-02-24,2026-02-24,1880.0,CE,GLENMARK26FEB1880CE,0.0,0.0,0.0,137.0,137.0,137.0,2030.2,152.4,18750,0,0,0.0,0,F1,375,,,,,
2026-02-18,2026-02-18,FO,NSE,STO,110555,,GLENMARK,,2026-04-28,2026-04-28,2000.0,PE,GLENMARK26APR2000PE,0.0,0.0,0.0,124.2,0.0,124.2,2030.2,78.1,0,0,0,0.0,0,F1,375,,,,,
2026-02-18,2026-02-18,FO,NSE,STO,110468,,GLENMARK,,2026-03-30,2026-03-30,2020.0,PE,GLENMARK26MAR2020PE,0.0,0.0,0.0,115.1,0.0,115.1,2030.2,67.2,0,0,0,0.0,0,F1,375,,,,,
2026-02-18,2026-02-18,FO,NSE,STO,98812,,GLENMARK,,2026-03-30,2026-03-30,1600.0,CE,GLENMARK26MAR1600CE,0.0,0.0,0.0,464.2,0.0,464.2,2030.2,440.15,0,0,0,0.0,0,F1,375,,,,,
2026-02-18,2026-02-18,FO,NSE,STO,98684,,GLENMARK,,2026-02-24,2026-02-24,2260.0,CE,GLENMARK26FEB2260CE,0.45,0.45,0.45,0.45,0.45,0.95,2030.2,0.05,375,0,1,847668.75,1,F1,375,,,,,
2026-02-18,2026-02-18,FO,NSE,STO,98469,,GLENMARK,,2026-02-24,2026-02-24,2020.0,CE,GLENMARK26FEB2020CE,41.0,44.6,24.2,33.75,30.75,42.0,2030.2,33.75,120375,-11250,1203,925557300.0,953,F1,375,,,,,
2026-02-18,2026-02-18,FO,NSE,STO,110530,,GLENMARK,,2026-04-28,2026-04-28,1760.0,PE,GLENMARK26APR1760PE,0.0,0.0,0.0,38.25,0.0,38.25,2030.2,13.2,0,0,0,0.0,0,F1,375,,,,,
2026-02-18,2026-02-18,FO,NSE,STO,110470,,GLENMARK,,2026-03-30,2026-03-30,2060.0,PE,GLENMARK26MAR2060PE,0.0,0.0,0.0,104.0,104.0,104.0,2030.2,87.65,0,0,0,0.0,0,F1,375,,,,,
2026-02-18,2026-02-18,FO,NSE,STO,110460,,GLENMARK,,2026-03-30,2026-03-30,1860.0,PE,GLENMARK26MAR1860PE,19.0,19.0,16.75,17.95,17.95,19.8,2030.2,17.95,3750,375,9,6338925.0,8,F1,375,,,,,
2026-02-18,2026-02-18,FO,NSE,STO,110443,,GLENMARK,,2026-03-30,2026-03-30,1580.0,PE,GLENMARK26MAR1580PE,0.0,0.0,0.0,4.75,0.0,4.75,2030.2,0.2,0,0,0,0.0,0,F1,375,,,,,
2026-02-18,2026-02-18,FO,NSE,STO,98681,,GLENMARK,,2026-02-24,2026-02-24,2220.0,PE,GLENMARK26FEB2220PE,0.0,0.0,0.0,240.0,240.0,240.0,2030.2,188.05,375,0,0,0.0,0,F1,375,,,,,
2026-02-18,2026-02-18,FO,NSE,STO,98640,,GLENMARK,,2026-02-24,2026-02-24,2140.0,PE,GLENMARK26FEB2140PE,110.55,127.05,106.95,109.45,109.65,113.1,2030.2,109.45,2625,-750,17,14376712.5,17,F1,375,,,,,
2026-02-18,2026-02-18,FO,NSE,STO,93716,,GLENMARK,,2026-02-24,2026-02-24,1920.0,PE,GLENMARK26FEB1920PE,3.4,3.8,2.0,2.15,2.25,3.8,2030.2,2.15,91875,375,133,95899275.0,128,F1,375,,,,,
2026-02-18,2026-02-18,FO,NSE,STO,110519,,GLENMARK,,2026-04-28,2026-04-28,1560.0,CE,GLENMARK26APR1560CE,0.0,0.0,0.0,472.6,0.0,472.6,2030.2,487.6,0,0,0,0.0,0,F1,375,,,,,
2026-02-18,2026-02-18,FO,NSE,STO,110467,,GLENMARK,,2026-03-30,2026-03-30,2020.0,CE,GLENMARK26MAR2020CE,90.0,90.5,82.9,90.5,90.5,96.95,2030.2,90.5,4125,3750,16,12647531.25,16,F1,375,,,,,
2026-02-18,2026-02-18,FO,NSE,STO,110459,,GLENMARK,,2026-03-30,2026-03-30,1860.0,CE,GLENMARK26MAR1860CE,0.0,0.0,0.0,208.15,0.0,208.15,2030.2,197.95,0,0,0,0.0,0,F1,375,,,,,
2026-02-18,2026-02-18,FO,NSE,STO,98877,,GLENMARK,,2026-03-30,2026-03-30,2120.0,PE,GLENMARK26MAR2120PE,0.0,0.0,0.0,140.0,140.0,140.0,2030.2,124.15,4500,0,0,0.0,0,F1,375,,,,,
2026-02-18,2026-02-18,FO,NSE,STO,98467,,GLENMARK,,2026-02-24,2026-02-24,1980.0,CE,GLENMARK26FEB1980CE,65.9,65.9,48.0,59.15,59.8,71.05,2030.2,59.15,73500,-1125,28,21383512.5,28,F1,375,,,,,
2026-02-18,2026-02-18,FO,NSE,STO,110560,,GLENMARK,,2026-04-28,2026-04-28,2040.0,PE,GLENMARK26APR2040PE,0.0,0.0,0.0,144.8,0.0,144.8,2030.2,97.0,0,0,0,0.0,0,F1,375,,,,,
2026-02-18,2026-02-18,FO,NSE,STO,110620,,GLENMARK,,2026-04-28,2026-04-28,2200.0,PE,GLENMARK26APR2200PE,0.0,0.0,0.0,243.85,0.0,243.85,2030.2,195.8,0,0,0,0.0,0,F1,375,,,,,
2026-02-18,2026-02-18,FO,NSE,STO,110526,,GLENMARK,,2026-04-28,2026-04-28,1680.0,PE,GLENMARK26APR1680PE,0.0,0.0,0.0,22.8,0.0,22.8,2030.2,5.8,0,0,0,0.0,0,F1,375,,,,,
2026-02-18,2026-02-18,FO,NSE,STO,98940,,GLENMARK,,2026-03-30,2026-03-30,2320.0,PE,GLENMARK26MAR2320PE,0.0,0.0,0.0,312.55,0.0,312.55,2030.2,285.05,0,0,0,0.0,0,F1,375,,,,,
2026-02-18,2026-02-18,FO,NSE,STO,93775,,GLENMARK,,2026-02-24,2026-02-24,2040.0,CE,GLENMARK26FEB2040CE,31.0,33.0,17.0,23.25,21.2,31.9,2030.2,23.25,387000,-32250,2078,1607407593.75,1560,F1,375,,,,,
2026-02-18,2026-02-18,FO,NSE,STO,110537,,GLENMARK,,2026-04-28,2026-04-28,1880.0,CE,GLENMARK26APR1880CE,0.0,0.0,0.0,221.7,0.0,221.7,2030.2,205.65,0,0,0,0.0,0,F1,375,,,,,
2026-02-18,2026-02-18,FO,NSE,STO,98391,,GLENMARK,,2026-02-24,2026-02-24,1580.0,CE,GLENMARK26FEB1580CE,0.0,0.0,0.0,400.6,400.6,400.6,2030.2,451.65,1125,0,0,0.0,0,F1,375,,,,,
2026-02-18,2026-02-18,FO,NSE,STO,93936,,GLENMARK,,2026-02-24,2026-02-24,2280.0,CE,GLENMARK26FEB2280CE,0.5,0.6,0.2,0.2,0.2,1.0,2030.2,0.05,6000,-10125,40,34205512.5,35,F1,375,,,,,
2026-02-18,2026-02-18,FO,NSE,STO,98863,,GLENMARK,,2026-03-30,2026-03-30,2040.0,PE,GLENMARK26MAR2040PE,0.0,0.0,0.0,132.0,0.0,132.0,2030.2,77.05,0,0,0,0.0,0,F1,375,,,,,
2026-02-18,2026-02-18,FO,NSE,STO,110524,,GLENMARK,,2026-04-28,2026-04-28,1640.0,PE,GLENMARK26APR1640PE,0.0,0.0,0.0,17.1,0.0,17.1,2030.2,3.6,0,0,0,0.0,0,F1,375,,,,,
2026-02-18,2026-02-18,FO,NSE,STO,98820,,GLENMARK,,2026-03-30,2026-03-30,1760.0,CE,GLENMARK26MAR1760CE,0.0,0.0,0.0,329.4,0.0,329.4,2030.2,285.65,0,0,0,0.0,0,F1,375,,,,,
2026-02-18,2026-02-18,FO,NSE,STO,98887,,GLENMARK,,2026-03-30,2026-03-30,2200.0,PE,GLENMARK26MAR2200PE,0.0,0.0,0.0,170.0,170.0,170.0,2030.2,182.45,375,0,0,0.0,0,F1,375,,,,,
2026-02-18,2026-02-18,FO,NSE,STO,98429,,GLENMARK,,2026-02-24,2026-02-24,1740.0,PE,GLENMARK26FEB1740PE,0.0,0.0,0.0,1.4,1.4,1.4,2030.2,0.05,22875,0,0,0.0,0,F1,375,,,,,
2026-02-18,2026-02-18,FO,NSE,STO,93708,,GLENMARK,,2026-02-24,2026-02-24,1760.0,PE,GLENMARK26FEB1760PE,1.0,1.0,0.85,0.85,0.85,1.2,2030.2,0.05,19875,-750,3,1981068.75,2,F1,375,,,,,
2026-02-18,2026-02-18,FO,NSE,STO,98745,,GLENMARK,,2026-02-24,2026-02-24,2300.0,PE,GLENMARK26FEB2300PE,0.0,0.0,0.0,310.0,310.0,310.0,2030.2,267.75,38250,0,0,0.0,0,F1,375,,,,,
2026-02-18,2026-02-18,FO,NSE,STO,93961,,GLENMARK,,2026-02-24,2026-02-24,2320.0,PE,GLENMARK26FEB2320PE,292.3,292.3,286.7,286.7,286.7,432.05,2030.2,287.7,0,0,6,5871375.0,2,F1,375,,,,,
2026-02-18,2026-02-18,FO,NSE,STO,98813,,GLENMARK,,2026-03-30,2026-03-30,1600.0,PE,GLENMARK26MAR1600PE,0.0,0.0,0.0,10.75,0.0,10.75,2030.2,0.3,0,0,0,0.0,0,F1,375,,,,,
2026-02-18,2026-02-18,FO,NSE,STO,98434,,GLENMARK,,2026-02-24,2026-02-24,1820.0,CE,GLENMARK26FEB1820CE,0.0,0.0,0.0,130.95,131.95,130.95,2030.2,211.9,6000,0,0,0.0,0,F1,375,,,,,
2026-02-18,2026-02-18,FO,NSE,STO,93707,,GLENMARK,,2026-02-24,2026-02-24,1760.0,CE,GLENMARK26FEB1760CE,0.0,0.0,0.0,219.35,0.0,219.35,2030.2,271.8,0,0,0,0.0,0,F1,375,,,,,
2026-02-18,2026-02-18,FO,NSE,STO,110627,,GLENMARK,,2026-04-28,2026-04-28,2320.0,CE,GLENMARK26APR2320CE,0.0,0.0,0.0,48.5,0.0,48.5,2030.2,24.2,0,0,0,0.0,0,F1,375,,,,,
2026-02-18,2026-02-18,FO,NSE,STF,59322,,GLENMARK,,2026-02-24,2026-02-24,,,GLENMARK26FEBFUT,2031.5,2045.9,2012.3,2032.3,2028.4,2039.4,2030.2,2032.3,10028625,-150375,1859,1414101450.0,1674,F1,375,,,,,
2026-02-18,2026-02-18,FO,NSE,STO,93711,,GLENMARK,,2026-02-24,2026-02-24,1840.0,CE,GLENMARK26FEB1840CE,0.0,0.0,0.0,123.75,123.75,123.75,2030.2,191.95,7500,0,0,0.0,0,F1,375,,,,,
2026-02-18,2026-02-18,FO,NSE,STO,98838,,GLENMARK,,2026-03-30,2026-03-30,1960.0,PE,GLENMARK26MAR1960PE,0.0,0.0,0.0,95.15,0.0,95.15,2030.2,42.6,0,0,0,0.0,0,F1,375,,,,,
2026-02-18,2026-02-18,FO,NSE,STO,110471,,GLENMARK,,2026-03-30,2026-03-30,2100.0,CE,GLENMARK26MAR2100CE,55.0,62.0,48.25,54.1,53.15,61.7,2030.2,54.1,36375,16125,119,96126468.75,86,F1,375,,,,,
2026-02-18,2026-02-18,FO,NSE,STO,93710,,GLENMARK,,2026-02-24,2026-02-24,1800.0,PE,GLENMARK26FEB1800PE,1.05,1.05,1.05,1.05,1.05,1.45,2030.2,0.05,101250,375,3,2026181.25,2,F1,375,,,,,
2026-02-18,2026-02-18,FO,NSE,STO,110451,,GLENMARK,,2026-03-30,2026-03-30,1700.0,CE,GLENMARK26MAR1700CE,0.0,0.0,0.0,354.0,354.0,354.0,2030.2,342.4,3000,0,0,0.0,0,F1,375,,,,,
2026-02-18,2026-02-18,FO,NSE,STO,93956,,GLENMARK,,2026-02-24,2026-02-24,2320.0,CE,GLENMARK26FEB2320CE,0.15,0.15,0.1,0.1,0.1,0.65,2030.2,0.05,47625,0,14,12180656.25,14,F1,375,,,,,
2026-02-18,2026-02-18,FO,NSE,STO,98639,,GLENMARK,,2026-02-24,2026-02-24,2140.0,CE,GLENMARK26FEB2140CE,3.05,4.25,1.9,2.4,2.15,4.95,2030.2,2.4,167625,-4125,197,158297493.75,183,F1,375,,,,,
2026-02-18,2026-02-18,FO,NSE,STO,110529,,GLENMARK,,2026-04-28,2026-04-28,1760.0,CE,GLENMARK26APR1760CE,0.0,0.0,0.0,304.9,0.0,304.9,2030.2,301.6,0,0,0,0.0,0,F1,375,,,,,
2026-02-18,2026-02-18,FO,NSE,STO,98419,,GLENMARK,,2026-02-24,2026-02-24,1620.0,PE,GLENMARK26FEB1620PE,0.0,0.0,0.0,4.75,0.0,4.75,2030.2,0.05,0,0,0,0.0,0,F1,375,,,,,
2026-02-18,2026-02-18,FO,NSE,STO,98418,,GLENMARK,,2026-02-24,2026-02-24,1620.0,CE,GLENMARK26FEB1620CE,0.0,0.0,0.0,429.5,0.0,429.5,2030.2,411.65,0,0,0,0.0,0,F1,375,,,,,
2026-02-18,2026-02-18,FO,NSE,STO,98660,,GLENMARK,,2026-02-24,2026-02-24,2180.0,PE,GLENMARK26FEB2180PE,155.2,165.7,155.2,165.65,165.65,140.45,2030.2,148.75,4125,375,5,4386787.5,5,F1,375,,,,,
2026-02-18,2026-02-18,FO,NSE,STO,98439,,GLENMARK,,2026-02-24,2026-02-24,1900.0,PE,GLENMARK26FEB1900PE,3.05,3.05,1.4,1.5,1.55,2.85,2030.2,1.5,319500,-1875,192,136956375.0,174,F1,375,,,,,
2026-02-18,2026-02-18,FO,NSE,STO,110632,,GLENMARK,,2026-04-28,2026-04-28,2320.0,PE,GLENMARK26APR2320PE,0.0,0.0,0.0,333.25,0.0,333.25,2030.2,290.0,0,0,0,0.0,0,F1,375,,,,,
2026-02-18,2026-02-18,FO,NSE,STO,110624,,GLENMARK,,2026-04-28,2026-04-28,2240.0,PE,GLENMARK26APR2240PE,0.0,0.0,0.0,272.35,0.0,272.35,2030.2,225.6,0,0,0,0.0,0,F1,375,,,,,
2026-02-18,2026-02-18,FO,NSE,STO,110602,,GLENMARK,,2026-04-28,2026-04-28,2120.0,PE,GLENMARK26APR2120PE,0.0,0.0,0.0,191.15,0.0,191.15,2030.2,141.95,0,0,0,0.0,0,F1,375,,,,,
2026-02-18,2026-02-18,FO,NSE,STO,110538,,GLENMARK,,2026-04-28,2026-04-28,1880.0,PE,GLENMARK26APR1880PE,0.0,0.0,0.0,73.2,0.0,73.2,2030.2,36.0,0,0,0,0.0,0,F1,375,,,,,
2026-02-18,2026-02-18,FO,NSE,STO,98815,,GLENMARK,,2026-03-30,2026-03-30,1640.0,PE,GLENMARK26MAR1640PE,0.0,0.0,0.0,14.7,0.0,14.7,2030.2,0.7,0,0,0,0.0,0,F1,375,,,,,
2026-02-18,2026-02-18,FO,NSE,STO,110621,,GLENMARK,,2026-04-28,2026-04-28,2240.0,CE,GLENMARK26APR2240CE,0.0,0.0,0.0,66.35,0.0,66.35,2030.2,38.95,0,0,0,0.0,0,F1,375,,,,,
2026-02-18,2026-02-18,FO,NSE,STO,98890,,GLENMARK,,2026-03-30,2026-03-30,2280.0,CE,GLENMARK26MAR2280CE,0.0,0.0,0.0,14.0,14.0,14.0,2030.2,13.2,1125,0,0,0.0,0,F1,375,,,,,
2026-02-18,2026-02-18,FO,NSE,STO,110461,,GLENMARK,,2026-03-30,2026-03-30,1900.0,CE,GLENMARK26MAR1900CE,0.0,0.0,0.0,140.0,140.0,140.0,2030.2,166.55,12375,0,0,0.0,0,F1,375,,,,,
2026-02-18,2026-02-18,FO,NSE,STO,98826,,GLENMARK,,2026-03-30,2026-03-30,1880.0,CE,GLENMARK26MAR1880CE,0.0,0.0,0.0,175.0,175.0,175.0,2030.2,181.95,4500,0,0,0.0,0,F1,375,,,,,
2026-02-18,2026-02-18,FO,NSE,STO,98824,,GLENMARK,,2026-03-30,2026-03-30,1840.0,CE,GLENMARK26MAR1840CE,0.0,0.0,0.0,270.3,0.0,270.3,2030.2,214.55,0,0,0,0.0,0,F1,375,,,,,
2026-02-18,2026-02-18,FO,NSE,STO,93962,,GLENMARK,,2026-02-24,2026-02-24,2360.0,CE,GLENMARK26FEB2360CE,0.1,0.1,0.05,0.05,0.05,0.2,2030.2,0.05,12000,0,2,1770056.25,2,F1,375,,,,,
2026-02-18,2026-02-18,FO,NSE,STO,98438,,GLENMARK,,2026-02-24,2026-02-24,1900.0,CE,GLENMARK26FEB1900CE,118.05,133.65,116.55,133.65,133.65,142.2,2030.2,133.0,44250,-3375,21,15931537.5,21,F1,375,,,,,
2026-02-18,2026-02-18,FO,NSE,STO,93703,,GLENMARK,,2026-02-24,2026-02-24,1680.0,CE,GLENMARK26FEB1680CE,0.0,0.0,0.0,281.95,281.95,281.95,2030.2,351.7,375,0,0,0.0,0,F1,375,,,,,
2026-02-18,2026-02-18,FO,NSE,STO,93701,,GLENMARK,,2026-02-24,2026-02-24,1640.0,CE,GLENMARK26FEB1640CE,0.0,0.0,0.0,331.55,331.55,331.55,2030.2,391.7,0,0,0,0.0,0,F1,375,,,,,
2026-02-18,2026-02-18,FO,NSE,STO,98827,,GLENMARK,,2026-03-30,2026-03-30,1880.0,PE,GLENMARK26MAR1880PE,0.0,0.0,0.0,65.4,0.0,65.4,2030.2,20.45,0,0,0,0.0,0,F1,375,,,,,
2026-02-18,2026-02-18,FO,NSE,STO,98825,,GLENMARK,,2026-03-30,2026-03-30,1840.0,PE,GLENMARK26MAR1840PE,16.5,18.25,14.3,15.7,15.7,16.5,2030.2,13.3,21750,12375,62,43170112.5,51,F1,375,,,,,
2026-02-18,2026-02-18,FO,NSE,STO,100116,,HINDUNILVR,,2026-02-24,2026-02-24,2720.0,CE,HINDUNILVR26FEB2720CE,0.45,0.5,0.1,0.15,0.15,0.55,2323.5,0.15,190500,-4500,64,52229100.0,46,F1,300,,,,,
2026-02-18,2026-02-18,FO,NSE,STO,118420,,HINDUNILVR,,2026-03-30,2026-03-30,2060.0,CE,HINDUNILVR26MAR2060CE,0.0,0.0,0.0,365.3,0.0,365.3,2323.5,276.55,0,0,0,0.0,0,F1,300,,,,,
2026-02-18,2026-02-18,FO,NSE,STO,107183,,HINDUNILVR,,2026-03-30,2026-03-30,2080.0,CE,HINDUNILVR26MAR2080CE,0.0,0.0,0.0,260.1,0.0,260.1,2323.5,257.1,0,0,0,0.0,0,F1,300,,,,,
2026-02-18,2026-02-18,FO,NSE,STO,118979,,HINDUNILVR,,2026-04-28,2026-04-28,2800.0,CE,HINDUNILVR26APR2800CE,0.0,0.0,0.0,14.0,0.0,14.0,2323.5,0.75,0,0,0,0.0,0,F1,300,,,,,
2026-02-18,2026-02-18,FO,NSE,STO,107193,,HINDUNILVR,,2026-03-30,2026-03-30,2280.0,CE,HINDUNILVR26MAR2280CE,92.0,95.55,91.6,91.6,91.6,122.35,2323.5,91.6,1200,1200,5,3559590.0,5,F1,300,,,,,
2026-02-18,2026-02-18,FO,NSE,STO,107199,,HINDUNILVR,,2026-03-30,2026-03-30,2400.0,CE,HINDUNILVR26MAR2400CE,34.7,34.7,29.5,31.9,32.0,33.05,2323.5,31.9,278700,39300,742,541348905.0,530,F1,300,,,,,
2026-02-18,2026-02-18,FO,NSE,STO,118440,,HINDUNILVR,,2026-03-30,2026-03-30,2460.0,CE,HINDUNILVR26MAR2460CE,18.9,19.0,16.5,17.2,17.3,18.7,2323.5,17.2,54000,9900,102,75835545.0,79,F1,300,,,,,
2026-02-18,2026-02-18,FO,NSE,STO,118442,,HINDUNILVR,,2026-03-30,2026-03-30,2500.0,CE,HINDUNILVR26MAR2500CE,13.4,13.5,11.3,11.5,11.55,13.25,2323.5,11.5,495300,30600,741,558442395.0,497,F1,300,,,,,
2026-02-18,2026-02-18,FO,NSE,STO,107215,,HINDUNILVR,,2026-03-30,2026-03-30,2640.0,CE,HINDUNILVR26MAR2640CE,3.8,3.8,3.8,3.8,3.8,4.1,2323.5,1.0,10500,0,5,3965700.0,3,F1,300,,,,,
2026-02-18,2026-02-18,FO,NSE,STO,118452,,HINDUNILVR,,2026-03-30,2026-03-30,2700.0,CE,HINDUNILVR26MAR2700CE,2.6,2.65,2.25,2.25,2.25,2.7,2323.5,2.25,30600,1500,51,41348010.0,45,F1,300,,,,,
2026-02-18,2026-02-18,FO,NSE,STO,118729,,HINDUNILVR,,2026-04-28,2026-04-28,2200.0,CE,HINDUNILVR26APR2200CE,0.0,0.0,0.0,258.1,0.0,258.1,2323.5,165.35,0,0,0,0.0,0,F1,300,,,,,
2026-02-18,2026-02-18,FO,NSE,STO,118829,,HINDUNILVR,,2026-04-28,2026-04-28,2440.0,CE,HINDUNILVR26APR2440CE,0.0,0.0,0.0,104.2,0.0,104.2,2323.5,35.85,0,0,0,0.0,0,F1,300,,,,,
2026-02-18,2026-02-18,FO,NSE,STO,106922,,HINDUNILVR,,2026-02-24,2026-02-24,2580.0,PE,HINDUNILVR26FEB2580PE,0.0,0.0,0.0,165.0,165.0,165.0,2323.5,254.15,1200,0,0,0.0,0,F1,300,,,,,
2026-02-18,2026-02-18,FO,NSE,STO,118445,,HINDUNILVR,,2026-03-30,2026-03-30,2540.0,PE,HINDUNILVR26MAR2540PE,0.0,0.0,0.0,156.1,0.0,156.1,2323.5,206.2,0,0,0,0.0,0,F1,300,,,,,
2026-02-18,2026-02-18,FO,NSE,STO,118724,,HINDUNILVR,,2026-04-28,2026-04-28,2080.0,PE,HINDUNILVR26APR2080PE,0.0,0.0,0.0,8.05,0.0,8.05,2323.5,4.1,0,0,0,0.0,0,F1,300,,,,,
2026-02-18,2026-02-18,FO,NSE,STO,118828,,HINDUNILVR,,2026-04-28,2026-04-28,2400.0,PE,HINDUNILVR26APR2400PE,0.0,0.0,0.0,86.45,0.0,86.45,2323.5,100.7,0,0,0,0.0,0,F1,300,,,,,
2026-02-18,2026-02-18,FO,NSE,STO,118972,,HINDUNILVR,,2026-04-28,2026-04-28,2640.0,PE,HINDUNILVR26APR2640PE,0.0,0.0,0.0,236.25,0.0,236.25,2323.5,294.4,0,0,0,0.0,0,F1,300,,,,,
2026-02-18,2026-02-18,FO,NSE,STO,118423,,HINDUNILVR,,2026-03-30,2026-03-30,2100.0,PE,HINDUNILVR26MAR2100PE,5.55,5.8,4.35,4.45,4.45,6.45,2323.5,4.45,10800,2100,43,27154650.0,35,F1,300,,,,,
2026-02-18,2026-02-18,FO,NSE,STO,107173,,HINDUNILVR,,2026-03-30,2026-03-30,1960.0,CE,HINDUNILVR26MAR1960CE,0.0,0.0,0.0,365.1,0.0,365.1,2323.5,375.3,0,0,0,0.0,0,F1,300,,,,,
2026-02-18,2026-02-18,FO,NSE,STO,118436,,HINDUNILVR,,2026-03-30,2026-03-30,2380.0,CE,HINDUNILVR26MAR2380CE,40.0,41.5,36.6,39.35,38.4,39.8,2323.5,39.35,31800,21300,141,102283485.0,76,F1,300,,,,,
2026-02-18,2026-02-18,FO,NSE,STO,118438,,HINDUNILVR,,2026-03-30,2026-03-30,2420.0,CE,HINDUNILVR26MAR2420CE,27.0,28.1,24.7,26.0,26.5,27.35,2323.5,26.0,45900,5700,80,58709505.0,55,F1,300,,,,,
2026-02-18,2026-02-18,FO,NSE,STO,107230,,HINDUNILVR,,2026-03-30,2026-03-30,2720.0,CE,HINDUNILVR26MAR2720CE,2.5,2.7,2.5,2.7,2.7,4.0,2323.5,0.2,17100,2400,8,6534195.0,7,F1,300,,,,,
2026-02-18,2026-02-18,FO,NSE,STO,106899,,HINDUNILVR,,2026-02-24,2026-02-24,2340.0,PE,HINDUNILVR26FEB2340PE,40.2,40.25,23.25,26.05,25.85,39.0,2323.5,26.05,285000,26400,1322,940274295.0,1246,F1,300,,,,,
2026-02-18,2026-02-18,FO,NSE,STO,107182,,HINDUNILVR,,2026-03-30,2026-03-30,2040.0,PE,HINDUNILVR26MAR2040PE,0.0,0.0,0.0,13.3,0.0,13.3,2323.5,0.45,0,0,0,0.0,0,F1,300,,,,,
2026-02-18,2026-02-18,FO,NSE,STO,100110,,HINDUNILVR,,2026-02-24,2026-02-24,2600.0,PE,HINDUNILVR26FEB2600PE,284.9,285.35,272.7,275.0,275.0,275.35,2323.5,274.15,27600,1200,7,6051915.0,7,F1,300,,,,,
2026-02-18,2026-02-18,FO,NSE,STO,100093,,HINDUNILVR,,2026-02-24,2026-02-24,2280.0,PE,HINDUNILVR26FEB2280PE,11.85,12.4,4.0,4.65,4.65,11.3,2323.5,4.65,193800,16800,2680,1839366960.0,1977,F1,300,,,,,
2026-02-18,2026-02-18,FO,NSE,STO,106884,,HINDUNILVR,,2026-02-24,2026-02-24,2180.0,PE,HINDUNILVR26FEB2180PE,1.35,1.35,0.5,0.6,0.65,1.3,2323.5,0.6,39600,-6900,77,50375040.0,56,F1,300,,,,,
2026-02-18,2026-02-18,FO,NSE,STO,106941,,HINDUNILVR,,2026-02-24,2026-02-24,2700.0,CE,HINDUNILVR26FEB2700CE,0.35,0.55,0.2,0.3,0.2,0.6,2323.5,0.3,29700,-3900,88,71290470.0,57,F1,300,,,,,
2026-02-18,2026-02-18,FO,NSE,STO,100109,,HINDUNILVR,,2026-02-24,2026-02-24,2600.0,CE,HINDUNILVR26FEB2600CE,0.45,0.65,0.35,0.5,0.55,0.7,2323.5,0.5,399600,-69300,580,452482680.0,420,F1,300,,,,,
2026-02-18,2026-02-18,FO,NSE,STO,106898,,HINDUNILVR,,2026-02-24,2026-02-24,2340.0,CE,HINDUNILVR26FEB2340CE,15.25,16.0,10.4,13.45,13.5,15.25,2323.5,13.45,449100,46200,4526,3195384105.0,3912,F1,300,,,,,
2026-02-18,2026-02-18,FO,NSE,STO,100077,,HINDUNILVR,,2026-02-24,2026-02-24,2000.0,CE,HINDUNILVR26FEB2000CE,0.0,0.0,0.0,437.5,437.5,437.5,2323.5,325.3,300,0,0,0.0,0,F1,300,,,,,
2026-02-18,2026-02-18,FO,NSE,STO,118839,,HINDUNILVR,,2026-04-28,2026-04-28,2480.0,PE,HINDUNILVR26APR2480PE,0.0,0.0,0.0,127.75,0.0,127.75,2323.5,156.45,0,0,0,0.0,0,F1,300,,,,,
2026-02-18,2026-02-18,FO,NSE,STO,107236,,HINDUNILVR,,2026-03-30,2026-03-30,2720.0,PE,HINDUNILVR26MAR2720PE,0.0,0.0,0.0,360.0,360.0,360.0,2323.5,380.35,300,0,0,0.0,0,F1,300,,,,,
2026-02-18,2026-02-18,FO,NSE,STO,100079,,HINDUNILVR,,2026-02-24,2026-02-24,2040.0,CE,HINDUNILVR26FEB2040CE,0.0,0.0,0.0,409.9,0.0,409.9,2323.5,285.35,0,0,0,0.0,0,F1,300,,,,,
2026-02-18,2026-02-18,FO,NSE,STO,118447,,HINDUNILVR,,2026-03-30,2026-03-30,2580.0,PE,HINDUNILVR26MAR2580PE,0.0,0.0,0.0,185.45,0.0,185.45,2323.5,243.7,0,0,0,0.0,0,F1,300,,,,,
2026-02-18,2026-02-18,FO,NSE,STO,118826,,HINDUNILVR,,2026-04-28,2026-04-28,2360.0,PE,HINDUNILVR26APR2360PE,0.0,0.0,0.0,69.35,0.0,69.35,2323.5,77.55,0,0,0,0.0,0,F1,300,,,,,
2026-02-18,2026-02-18,FO,NSE,STO,118824,,HINDUNILVR,,2026-04-28,2026-04-28,2320.0,PE,HINDUNILVR26APR2320PE,0.0,0.0,0.0,40.0,40.0,40.0,2323.5,57.85,600,0,0,0.0,0,F1,300,,,,,
2026-02-18,2026-02-18,FO,NSE,STO,107196,,HINDUNILVR,,2026-03-30,2026-03-30,2320.0,PE,HINDUNILVR26MAR2320PE,50.0,55.9,43.9,45.55,45.55,56.5,2323.5,45.55,25800,11400,75,53301060.0,73,F1,300,,,,,
2026-02-18,2026-02-18,FO,NSE,STO,118425,,HINDUNILVR,,2026-03-30,2026-03-30,2140.0,PE,HINDUNILVR26MAR2140PE,9.4,9.4,6.5,6.55,6.55,9.35,2323.5,6.55,12000,300,54,34795365.0,42,F1,300,,,,,
2026-02-18,2026-02-18,FO,NSE,STO,100112,,HINDUNILVR,,2026-02-24,2026-02-24,2640.0,PE,HINDUNILVR26FEB2640PE,0.0,0.0,0.0,235.7,235.7,235.7,2323.5,314.1,300,0,0,0.0,0,F1,300,,,,,
2026-02-18,2026-02-18,FO,NSE,STO,106901,,HINDUNILVR,,2026-02-24,2026-02-24,2380.0,PE,HINDUNILVR26FEB2380PE,71.0,74.35,53.15,57.1,56.55,71.2,2323.5,57.1,155100,-21900,402,294575055.0,367,F1,300,,,,,
2026-02-18,2026-02-18,FO,NSE,STO,106897,,HINDUNILVR,,2026-02-24,2026-02-24,2300.0,PE,HINDUNILVR26FEB2300PE,17.95,19.65,7.4,8.55,8.55,17.95,2323.5,8.55,733500,-6300,3033,2104407750.0,2535,F1,300,,,,,
2026-02-18,2026-02-18,FO,NSE,STO,106886,,HINDUNILVR,,2026-02-24,2026-02-24,2220.0,PE,HINDUNILVR26FEB2220PE,2.55,2.55,0.9,1.15,1.1,2.75,2323.5,1.15,126600,-78900,1749,1165669230.0,780,F1,300,,,,,
2026-02-18,2026-02-18,FO,NSE,STO,100084,,HINDUNILVR,,2026-02-24,2026-02-24,2120.0,PE,HINDUNILVR26FEB2120PE,0.4,0.45,0.4,0.45,0.45,0.85,2323.5,0.45,67800,-900,11,6997380.0,7,F1,300,,,,,
2026-02-18,2026-02-18,FO,NSE,STO,100080,,HINDUNILVR,,2026-02-24,2026-02-24,2040.0,PE,HINDUNILVR26FEB2040PE,0.1,0.1,0.1,0.1,0.1,0.15,2323.5,0.05,116100,0,26,15912780.0,25,F1,300,,,,,
2026-02-18,2026-02-18,FO,NSE,STO,118973,,HINDUNILVR,,2026-04-28,2026-04-28,2680.0,CE,HINDUNILVR26APR2680CE,0.0,0.0,0.0,29.75,0.0,29.75,2323.5,3.3,0,0,0,0.0,0,F1,300,,,,,
2026-02-18,2026-02-18,FO,NSE,STO,118827,,HINDUNILVR,,2026-04-28,2026-04-28,2400.0,CE,HINDUNILVR26APR2400CE,0.0,0.0,0.0,124.1,0.0,124.1,2323.5,49.05,0,0,0,0.0,0,F1,300,,,,,
2026-02-18,2026-02-18,FO,NSE,STO,118448,,HINDUNILVR,,2026-03-30,2026-03-30,2620.0,CE,HINDUNILVR26MAR2620CE,3.3,3.3,3.3,3.3,3.3,8.3,2323.5,3.3,3000,600,5,3934950.0,3,F1,300,,,,,
2026-02-18,2026-02-18,FO,NSE,STO,106904,,HINDUNILVR,,2026-02-24,2026-02-24,2420.0,PE,HINDUNILVR26FEB2420PE,102.0,102.0,90.9,94.95,96.25,108.5,2323.5,94.95,110700,-600,22,16598970.0,22,F1,300,,,,,
2026-02-18,2026-02-18,FO,NSE,STO,100082,,HINDUNILVR,,2026-02-24,2026-02-24,2080.0,PE,HINDUNILVR26FEB2080PE,0.0,0.0,0.0,0.15,0.15,0.15,2323.5,0.05,259200,0,0,0.0,0,F1,300,,,,,
2026-02-18,2026-02-18,FO,NSE,STO,106878,,HINDUNILVR,,2026-02-24,2026-02-24,2060.0,PE,HINDUNILVR26FEB2060PE,0.0,0.0,0.0,7.9,0.0,7.9,2323.5,0.05,0,0,0,0.0,0,F1,300,,,,,
2026-02-18,2026-02-18,FO,NSE,STO,118831,,HINDUNILVR,,2026-04-28,2026-04-28,2480.0,CE,HINDUNILVR26APR2480CE,0.0,0.0,0.0,86.65,0.0,86.65,2323.5,25.6,0,0,0,0.0,0,F1,300,,,,,
2026-02-18,2026-02-18,FO,NSE,STO,118727,,HINDUNILVR,,2026-04-28,2026-04-28,2160.0,CE,HINDUNILVR26APR2160CE,0.0,0.0,0.0,290.9,0.0,290.9,2323.5,197.9,0,0,0,0.0,0,F1,300,,,,,
2026-02-18,2026-02-18,FO,NSE,STO,118723,,HINDUNILVR,,2026-04-28,2026-04-28,2080.0,CE,HINDUNILVR26APR2080CE,0.0,0.0,0.0,360.8,0.0,360.8,2323.5,269.15,0,0,0,0.0,0,F1,300,,,,,
2026-02-18,2026-02-18,FO,NSE,STO,107237,,HINDUNILVR,,2026-03-30,2026-03-30,2760.0,CE,HINDUNILVR26MAR2760CE,0.0,0.0,0.0,6.8,0.0,6.8,2323.5,0.1,0,0,0,0.0,0,F1,300,,,,,
2026-02-18,2026-02-18,FO,NSE,STO,118444,,HINDUNILVR,,2026-03-30,2026-03-30,2540.0,CE,HINDUNILVR26MAR2540CE,8.95,8.95,7.5,7.5,7.5,8.95,2323.5,7.5,15900,3300,50,38222085.0,31,F1,300,,,,,
2026-02-18,2026-02-18,FO,NSE,STO,107202,,HINDUNILVR,,2026-03-30,2026-03-30,2440.0,CE,HINDUNILVR26MAR2440CE,22.55,22.95,19.9,21.05,20.8,22.6,2323.5,21.05,72900,9000,171,126267780.0,104,F1,300,,,,,
2026-02-18,2026-02-18,FO,NSE,STO,107191,,HINDUNILVR,,2026-03-30,2026-03-30,2240.0,CE,HINDUNILVR26MAR2240CE,0.0,0.0,0.0,145.25,0.0,145.25,2323.5,115.05,0,0,0,0.0,0,F1,300,,,,,
2026-02-18,2026-02-18,FO,NSE,STO,107185,,HINDUNILVR,,2026-03-30,2026-03-30,2120.0,CE,HINDUNILVR26MAR2120CE,0.0,0.0,0.0,228.25,0.0,228.25,2323.5,218.8,0,0,0,0.0,0,F1,300,,,,,
2026-02-18,2026-02-18,FO,NSE,STO,107179,,HINDUNILVR,,2026-03-30,2026-03-30,2040.0,CE,HINDUNILVR26MAR2040CE,0.0,0.0,0.0,293.75,0.0,293.75,2323.5,296.2,0,0,0,0.0,0,F1,300,,,,,
2026-02-18,2026-02-18,FO,NSE,STO,106887,,HINDUNILVR,,2026-02-24,2026-02-24,2260.0,CE,HINDUNILVR26FEB2260CE,63.2,73.4,55.55,70.7,70.65,63.1,2323.5,70.7,13800,-5100,216,150518445.0,211,F1,300,,,,,
2026-02-18,2026-02-18,FO,NSE,STO,106940,,HINDUNILVR,,2026-02-24,2026-02-24,2660.0,PE,HINDUNILVR26FEB2660PE,0.0,0.0,0.0,240.0,240.0,240.0,2323.5,334.1,900,0,0,0.0,0,F1,300,,,,,
2026-02-18,2026-02-18,FO,NSE,STO,106880,,HINDUNILVR,,2026-02-24,2026-02-24,2100.0,PE,HINDUNILVR26FEB2100PE,0.35,0.35,0.1,0.15,0.1,0.35,2323.5,0.15,168600,-14400,173,108998700.0,42,F1,300,,,,,
2026-02-18,2026-02-18,FO,NSE,STO,118969,,HINDUNILVR,,2026-04-28,2026-04-28,2600.0,CE,HINDUNILVR26APR2600CE,0.0,0.0,0.0,46.95,0.0,46.95,2323.5,8.05,0,0,0,0.0,0,F1,300,,,,,
2026-02-18,2026-02-18,FO,NSE,STO,107245,,HINDUNILVR,,2026-03-30,2026-03-30,2800.0,CE,HINDUNILVR26MAR2800CE,1.2,1.5,1.2,1.5,1.5,1.75,2323.5,0.05,12600,-2100,9,7563960.0,7,F1,300,,,,,
2026-02-18,2026-02-18,FO,NSE,STO,118424,,HINDUNILVR,,2026-03-30,2026-03-30,2140.0,CE,HINDUNILVR26MAR2140CE,0.0,0.0,0.0,210.0,210.0,210.0,2323.5,200.1,600,0,0,0.0,0,F1,300,,,,,
2026-02-18,2026-02-18,FO,NSE,STO,107204,,HINDUNILVR,,2026-03-30,2026-03-30,2480.0,CE,HINDUNILVR26MAR2480CE,16.2,16.2,13.6,13.85,13.75,15.65,2323.5,13.85,59400,8700,86,64351170.0,61,F1,300,,,,,
2026-02-18,2026-02-18,FO,NSE,STO,118432,,HINDUNILVR,,2026-03-30,2026-03-30,2300.0,CE,HINDUNILVR26MAR2300CE,76.9,83.15,72.0,78.65,77.75,76.9,2323.5,78.65,134400,31200,389,277487340.0,339,F1,300,,,,,
2026-02-18,2026-02-18,FO,NSE,STO,118430,,HINDUNILVR,,2026-03-30,2026-03-30,2260.0,CE,HINDUNILVR26MAR2260CE,0.0,0.0,0.0,190.5,0.0,190.5,2323.5,100.45,0,0,0,0.0,0,F1,300,,,,,
2026-02-18,2026-02-18,FO,NSE,STO,100087,,HINDUNILVR,,2026-02-24,2026-02-24,2200.0,CE,HINDUNILVR26FEB2200CE,116.0,132.5,113.0,127.6,127.6,117.6,2323.5,127.6,24000,-3600,53,36906930.0,38,F1,300,,,,,
2026-02-18,2026-02-18,FO,NSE,STO,106879,,HINDUNILVR,,2026-02-24,2026-02-24,2100.0,CE,HINDUNILVR26FEB2100CE,0.0,0.0,0.0,222.2,0.0,222.2,2323.5,225.4,0,0,0,0.0,0,F1,300,,,,,
2026-02-18,2026-02-18,FO,NSE,STO,118830,,HINDUNILVR,,2026-04-28,2026-04-28,2440.0,PE,HINDUNILVR26APR2440PE,0.0,0.0,0.0,105.95,0.0,105.95,2323.5,127.1,0,0,0,0.0,0,F1,300,,,,,
2026-02-18,2026-02-18,FO,NSE,STF,51902,,HINDUNILVR,,2026-03-30,2026-03-30,,,HINDUNILVR26MARFUT,2326.0,2345.0,2322.7,2340.0,2341.7,2329.6,2323.5,2340.0,2208900,1017900,4574,3203770410.0,3723,F1,300,,,,,
2026-02-18,2026-02-18,FO,NSE,STO,118428,,HINDUNILVR,,2026-03-30,2026-03-30,2220.0,CE,HINDUNILVR26MAR2220CE,0.0,0.0,0.0,222.15,0.0,222.15,2323.5,130.55,0,0,0,0.0,0,F1,300,,,,,
2026-02-18,2026-02-18,FO,NSE,STO,100091,,HINDUNILVR,,2026-02-24,2026-02-24,2280.0,CE,HINDUNILVR26FEB2280CE,45.15,55.95,40.15,52.25,53.55,47.3,2323.5,52.25,30600,-23100,786,548776350.0,718,F1,300,,,,,
2026-02-18,2026-02-18,FO,NSE,STO,118422,,HINDUNILVR,,2026-03-30,2026-03-30,2100.0,CE,HINDUNILVR26MAR2100CE,0.0,0.0,0.0,327.65,0.0,327.65,2323.5,237.8,0,0,0,0.0,0,F1,300,,,,,
2026-02-18,2026-02-18,FO,NSE,STO,100085,,HINDUNILVR,,2026-02-24,2026-02-24,2160.0,CE,HINDUNILVR26FEB2160CE,0.0,0.0,0.0,302.75,0.0,302.75,2323.5,165.45,0,0,0,0.0,0,F1,300,,,,,
2026-02-18,2026-02-18,FO,NSE,STO,100081,,HINDUNILVR,,2026-02-24,2026-02-24,2080.0,CE,HINDUNILVR26FEB2080CE,0.0,0.0,0.0,373.1,0.0,373.1,2323.5,245.4,0,0,0,0.0,0,F1,300,,,,,
2026-02-18,2026-02-18,FO,NSE,STO,100075,,HINDUNILVR,,2026-02-24,2026-02-24,1960.0,CE,HINDUNILVR26FEB1960CE,0.0,0.0,0.0,485.65,0.0,485.65,2323.5,365.25,0,0,0,0.0,0,F1,300,,,,,
2026-02-18,2026-02-18,FO,NSE,STO,118446,,HINDUNILVR,,2026-03-30,2026-03-30,2580.0,CE,HINDUNILVR26MAR2580CE,5.2,5.55,5.2,5.55,5.55,6.85,2323.5,2.7,10200,2700,11,8531265.0,2,F1,300,,,,,
2026-02-18,2026-02-18,FO,NSE,STO,118725,,HINDUNILVR,,2026-04-28,2026-04-28,2120.0,CE,HINDUNILVR26APR2120CE,0.0,0.0,0.0,325.2,0.0,325.2,2323.5,232.65,0,0,0,0.0,0,F1,300,,,,,
2026-02-18,2026-02-18,FO,NSE,STO,118840,,HINDUNILVR,,2026-04-28,2026-04-28,2520.0,CE,HINDUNILVR26APR2520CE,0.0,0.0,0.0,71.3,0.0,71.3,2323.5,17.8,0,0,0,0.0,0,F1,300,,,,,
2026-02-18,2026-02-18,FO,NSE,STO,106877,,HINDUNILVR,,2026-02-24,2026-02-24,2060.0,CE,HINDUNILVR26FEB2060CE,0.0,0.0,0.0,257.1,0.0,257.1,2323.5,265.35,0,0,0,0.0,0,F1,300,,,,,
2026-02-18,2026-02-18,FO,NSE,STO,107208,,HINDUNILVR,,2026-03-30,2026-03-30,2520.0,PE,HINDUNILVR26MAR2520PE,0.0,0.0,0.0,227.35,0.0,227.35,2323.5,187.95,0,0,0,0.0,0,F1,300,,,,,
2026-02-18,2026-02-18,FO,NSE,STO,118433,,HINDUNILVR,,2026-03-30,2026-03-30,2300.0,PE,HINDUNILVR26MAR2300PE,46.5,47.45,35.8,37.0,36.5,45.9,2323.5,37.0,192900,30600,520,365214435.0,361,F1,300,,,,,
2026-02-18,2026-02-18,FO,NSE,STO,100115,,HINDUNILVR,,2026-02-24,2026-02-24,2680.0,PE,HINDUNILVR26FEB2680PE,0.0,0.0,0.0,248.25,248.25,248.25,2323.5,354.1,1200,0,0,0.0,0,F1,300,,,,,
2026-02-18,2026-02-18,FO,NSE,STO,118434,,HINDUNILVR,,2026-03-30,2026-03-30,2340.0,CE,HINDUNILVR26MAR2340CE,58.15,60.3,52.0,56.45,57.0,56.2,2323.5,56.45,50700,21300,152,109292310.0,136,F1,300,,,,,
2026-02-18,2026-02-18,FO,NSE,STO,107197,,HINDUNILVR,,2026-03-30,2026-03-30,2360.0,CE,HINDUNILVR26MAR2360CE,47.3,50.25,44.0,46.55,47.1,47.55,2323.5,46.55,39600,1500,105,75812790.0,80,F1,300,,,,,
2026-02-18,2026-02-18,FO,NSE,STO,100132,,HINDUNILVR,,2026-02-24,2026-02-24,2840.0,CE,HINDUNILVR26FEB2840CE,0.55,0.55,0.1,0.1,0.1,12.5,2323.5,0.05,0,0,2,1704195.0,2,F1,300,,,,,
2026-02-18,2026-02-18,FO,NSE,STO,107177,,HINDUNILVR,,2026-03-30,2026-03-30,2000.0,CE,HINDUNILVR26MAR2000CE,0.0,0.0,0.0,328.8,0.0,328.8,2323.5,335.65,0,0,0,0.0,0,F1,300,,,,,
2026-02-18,2026-02-18,FO,NSE,STO,107187,,HINDUNILVR,,2026-03-30,2026-03-30,2160.0,CE,HINDUNILVR26MAR2160CE,0.0,0.0,0.0,198.4,0.0,198.4,2323.5,181.8,0,0,0,0.0,0,F1,300,,,,,
2026-02-18,2026-02-18,FO,NSE,STO,107195,,HINDUNILVR,,2026-03-30,2026-03-30,2320.0,CE,HINDUNILVR26MAR2320CE,63.0,71.0,60.1,64.2,68.0,66.85,2323.5,64.2,48000,29700,489,349821630.0,273,F1,300,,,,,
2026-02-18,2026-02-18,FO,NSE,STO,107209,,HINDUNILVR,,2026-03-30,2026-03-30,2560.0,CE,HINDUNILVR26MAR2560CE,6.25,6.9,6.25,6.9,6.9,7.75,2323.5,3.65,10200,2100,9,6929640.0,6,F1,300,,,,,
2026-02-18,2026-02-18,FO,NSE,STO,118450,,HINDUNILVR,,2026-03-30,2026-03-30,2660.0,CE,HINDUNILVR26MAR2660CE,0.0,0.0,0.0,15.0,15.0,15.0,2323.5,0.7,1200,0,0,0.0,0,F1,300,,,,,
2026-02-18,2026-02-18,FO,NSE,STO,107217,,HINDUNILVR,,2026-03-30,2026-03-30,2680.0,CE,HINDUNILVR26MAR2680CE,0.0,0.0,0.0,12.2,0.0,12.2,2323.5,0.5,0,0,0,0.0,0,F1,300,,,,,
2026-02-18,2026-02-18,FO,NSE,STO,100083,,HINDUNILVR,,2026-02-24,2026-02-24,2120.0,CE,HINDUNILVR26FEB2120CE,0.0,0.0,0.0,337.3,0.0,337.3,2323.5,205.4,0,0,0,0.0,0,F1,300,,,,,
2026-02-18,2026-02-18,FO,NSE,STO,118726,,HINDUNILVR,,2026-04-28,2026-04-28,2120.0,PE,HINDUNILVR26APR2120PE,0.0,0.0,0.0,11.85,0.0,11.85,2323.5,7.25,0,0,0,0.0,0,F1,300,,,,,
2026-02-18,2026-02-18,FO,NSE,STO,118731,,HINDUNILVR,,2026-04-28,2026-04-28,2200.0,PE,HINDUNILVR26APR2200PE,0.0,0.0,0.0,23.5,0.0,23.5,2323.5,19.1,0,0,0,0.0,0,F1,300,,,,,
2026-02-18,2026-02-18,FO,NSE,STO,100111,,HINDUNILVR,,2026-02-24,2026-02-24,2640.0,CE,HINDUNILVR26FEB2640CE,0.5,0.55,0.3,0.4,0.4,0.65,2323.5,0.05,65400,-4800,36,28516200.0,34,F1,300,,,,,
2026-02-18,2026-02-18,FO,NSE,STO,118961,,HINDUNILVR,,2026-04-28,2026-04-28,2520.0,PE,HINDUNILVR26APR2520PE,0.0,0.0,0.0,151.85,0.0,151.85,2323.5,188.25,0,0,0,0.0,0,F1,300,,,,,
2026-02-18,2026-02-18,FO,NSE,STO,106930,,HINDUNILVR,,2026-02-24,2026-02-24,2620.0,PE,HINDUNILVR26FEB2620PE,0.0,0.0,0.0,173.85,173.85,173.85,2323.5,294.15,3300,0,0,0.0,0,F1,300,,,,,
2026-02-18,2026-02-18,FO,NSE,STO,100088,,HINDUNILVR,,2026-02-24,2026-02-24,2200.0,PE,HINDUNILVR26FEB2200PE,1.5,1.7,0.65,0.85,0.9,1.8,2323.5,0.85,193200,-72600,957,631904670.0,497,F1,300,,,,,
2026-02-18,2026-02-18,FO,NSE,STO,100086,,HINDUNILVR,,2026-02-24,2026-02-24,2160.0,PE,HINDUNILVR26FEB2160PE,0.7,0.7,0.35,0.4,0.4,0.85,2323.5,0.4,38400,-12000,86,55742160.0,58,F1,300,,,,,
2026-02-18,2026-02-18,FO,NSE,STO,107176,,HINDUNILVR,,2026-03-30,2026-03-30,1960.0,PE,HINDUNILVR26MAR1960PE,0.0,0.0,0.0,5.9,0.0,5.9,2323.5,0.05,0,0,0,0.0,0,F1,300,,,,,
2026-02-18,2026-02-18,FO,NSE,STO,107186,,HINDUNILVR,,2026-03-30,2026-03-30,2120.0,PE,HINDUNILVR26MAR2120PE,7.0,7.45,5.2,5.4,5.3,7.85,2323.5,5.4,29400,-5700,71,45291000.0,47,F1,300,,,,,
2026-02-18,2026-02-18,FO,NSE,STO,118720,,HINDUNILVR,,2026-04-28,2026-04-28,2000.0,PE,HINDUNILVR26APR2000PE,0.0,0.0,0.0,3.4,0.0,3.4,2323.5,1.1,0,0,0,0.0,0,F1,300,,,,,
2026-02-18,2026-02-18,FO,NSE,STO,106903,,HINDUNILVR,,2026-02-24,2026-02-24,2420.0,CE,HINDUNILVR26FEB2420CE,3.5,3.55,1.5,2.05,2.05,3.5,2323.5,2.05,447000,-12600,2795,2031116295.0,1262,F1,300,,,,,
2026-02-18,2026-02-18,FO,NSE,STO,100100,,HINDUNILVR,,2026-02-24,2026-02-24,2440.0,CE,HINDUNILVR26FEB2440CE,2.75,2.75,1.25,1.5,1.55,2.7,2323.5,1.5,431400,-105000,1559,1141990980.0,871,F1,300,,,,,
2026-02-18,2026-02-18,FO,NSE,STO,100102,,HINDUNILVR,,2026-02-24,2026-02-24,2480.0,CE,HINDUNILVR26FEB2480CE,1.8,1.8,0.75,0.8,0.8,1.9,2323.5,0.8,634200,-17400,1574,1171554645.0,834,F1,300,,,,,
2026-02-18,2026-02-18,FO,NSE,STO,100128,,HINDUNILVR,,2026-02-24,2026-02-24,2800.0,CE,HINDUNILVR26FEB2800CE,0.4,0.5,0.15,0.15,0.15,0.5,2323.5,0.15,121200,-10800,1099,923263665.0,681,F1,300,,,,,
2026-02-18,2026-02-18,FO,NSE,STO,100095,,HINDUNILVR,,2026-02-24,2026-02-24,2320.0,PE,HINDUNILVR26FEB2320PE,26.5,29.4,13.4,15.25,15.1,26.75,2323.5,15.25,347400,27000,2236,1569513375.0,2100,F1,300,,,,,
2026-02-18,2026-02-18,FO,NSE,STO,118964,,HINDUNILVR,,2026-04-28,2026-04-28,2560.0,CE,HINDUNILVR26APR2560CE,0.0,0.0,0.0,58.15,0.0,58.15,2323.5,12.1,0,0,0,0.0,0,F1,300,,,,,
2026-02-18,2026-02-18,FO,NSE,STO,100113,,HINDUNILVR,,2026-02-24,2026-02-24,2680.0,CE,HINDUNILVR26FEB2680CE,0.45,0.55,0.3,0.35,0.35,0.6,2323.5,0.35,122400,-6900,45,36184995.0,42,F1,300,,,,,
2026-02-18,2026-02-18,FO,NSE,STO,106912,,HINDUNILVR,,2026-02-24,2026-02-24,2540.0,CE,HINDUNILVR26FEB2540CE,1.15,1.15,0.65,0.7,0.7,1.3,2323.5,0.7,206400,-10200,387,294994665.0,308,F1,300,,,,,
2026-02-18,2026-02-18,FO,NSE,STO,100104,,HINDUNILVR,,2026-02-24,2026-02-24,2520.0,CE,HINDUNILVR26FEB2520CE,1.15,1.2,0.55,0.65,0.65,1.35,2323.5,0.65,148500,-49500,510,385687050.0,363,F1,300,,,,,
2026-02-18,2026-02-18,FO,NSE,STO,100098,,HINDUNILVR,,2026-02-24,2026-02-24,2400.0,CE,HINDUNILVR26FEB2400CE,4.85,4.9,2.5,3.05,3.15,4.85,2323.5,3.05,1058400,-114900,6542,4716402375.0,3100,F1,300,,,,,
2026-02-18,2026-02-18,FO,NSE,STO,100096,,HINDUNILVR,,2026-02-24,2026-02-24,2360.0,CE,HINDUNILVR26FEB2360CE,9.75,9.8,6.45,7.8,7.9,10.05,2323.5,7.8,406500,-18900,3594,2553120315.0,3105,F1,300,,,,,
2026-02-18,2026-02-18,FO,NSE,STO,100089,,HINDUNILVR,,2026-02-24,2026-02-24,2240.0,CE,HINDUNILVR26FEB2240CE,77.7,92.85,74.9,90.1,91.5,80.2,2323.5,90.1,9300,-5100,99,68929710.0,82,F1,300,,,,,
2026-02-18,2026-02-18,FO,NSE,STO,118975,,HINDUNILVR,,2026-04-28,2026-04-28,2720.0,CE,HINDUNILVR26APR2720CE,0.0,0.0,0.0,15.0,15.0,15.0,2323.5,2.05,2400,0,0,0.0,0,F1,300,,,,,
2026-02-18,2026-02-18,FO,NSE,STO,118976,,HINDUNILVR,,2026-04-28,2026-04-28,2720.0,PE,HINDUNILVR26APR2720PE,0.0,0.0,0.0,300.8,0.0,300.8,2323.5,370.4,0,0,0,0.0,0,F1,300,,,,,
2026-02-18,2026-02-18,FO,NSE,STO,107244,,HINDUNILVR,,2026-03-30,2026-03-30,2760.0,PE,HINDUNILVR26MAR2760PE,0.0,0.0,0.0,435.75,0.0,435.75,2323.5,420.0,0,0,0,0.0,0,F1,300,,,,,
2026-02-18,2026-02-18,FO,NSE,STO,118449,,HINDUNILVR,,2026-03-30,2026-03-30,2620.0,PE,HINDUNILVR26MAR2620PE,0.0,0.0,0.0,216.65,0.0,216.65,2323.5,282.15,0,0,0,0.0,0,F1,300,,,,,
2026-02-18,2026-02-18,FO,NSE,STO,107212,,HINDUNILVR,,2026-03-30,2026-03-30,2600.0,PE,HINDUNILVR26MAR2600PE,267.0,267.0,267.0,267.0,267.0,273.0,2323.5,262.8,2100,1500,5,4300500.0,1,F1,300,,,,,
2026-02-18,2026-02-18,FO,NSE,STO,107210,,HINDUNILVR,,2026-03-30,2026-03-30,2560.0,PE,HINDUNILVR26MAR2560PE,0.0,0.0,0.0,259.15,0.0,259.15,2323.5,224.8,0,0,0,0.0,0,F1,300,,,,,
2026-02-18,2026-02-18,FO,NSE,STO,118431,,HINDUNILVR,,2026-03-30,2026-03-30,2260.0,PE,HINDUNILVR26MAR2260PE,30.1,32.45,23.8,24.1,24.45,31.95,2323.5,24.1,22500,-9300,111,76127400.0,72,F1,300,,,,,
2026-02-18,2026-02-18,FO,NSE,STO,100119,,HINDUNILVR,,2026-02-24,2026-02-24,2720.0,PE,HINDUNILVR26FEB2720PE,0.0,0.0,0.0,306.0,306.0,306.0,2323.5,394.05,1500,0,0,0.0,0,F1,300,,,,,
2026-02-18,2026-02-18,FO,NSE,STO,106942,,HINDUNILVR,,2026-02-24,2026-02-24,2700.0,PE,HINDUNILVR26FEB2700PE,0.0,0.0,0.0,387.9,0.0,387.9,2323.5,374.05,0,0,0,0.0,0,F1,300,,,,,
2026-02-18,2026-02-18,FO,NSE,STO,100103,,HINDUNILVR,,2026-02-24,2026-02-24,2480.0,PE,HINDUNILVR26FEB2480PE,161.0,168.0,150.6,153.7,153.7,167.0,2323.5,154.3,30300,-1200,11,8708280.0,10,F1,300,,,,,
2026-02-18,2026-02-18,FO,NSE,STO,106911,,HINDUNILVR,,2026-02-24,2026-02-24,2500.0,PE,HINDUNILVR26FEB2500PE,186.0,188.5,170.4,173.3,173.3,187.9,2323.5,173.3,87000,-12900,119,95565255.0,49,F1,300,,,,,
2026-02-18,2026-02-18,FO,NSE,STO,100105,,HINDUNILVR,,2026-02-24,2026-02-24,2520.0,PE,HINDUNILVR26FEB2520PE,0.0,0.0,0.0,213.95,213.95,213.95,2323.5,194.25,22800,0,0,0.0,0,F1,300,,,,,
2026-02-18,2026-02-18,FO,NSE,STO,100127,,HINDUNILVR,,2026-02-24,2026-02-24,2760.0,PE,HINDUNILVR26FEB2760PE,0.0,0.0,0.0,338.0,338.0,338.0,2323.5,434.0,300,0,0,0.0,0,F1,300,,,,,
2026-02-18,2026-02-18,FO,NSE,STO,107188,,HINDUNILVR,,2026-03-30,2026-03-30,2160.0,PE,HINDUNILVR26MAR2160PE,12.0,12.0,7.85,8.05,8.15,11.1,2323.5,8.05,108900,20100,133,86556360.0,103,F1,300,,,,,
2026-02-18,2026-02-18,FO,NSE,STO,118427,,HINDUNILVR,,2026-03-30,2026-03-30,2180.0,PE,HINDUNILVR26MAR2180PE,12.5,13.0,9.75,10.1,10.15,14.2,2323.5,10.1,23100,16800,78,51258360.0,49,F1,300,,,,,
2026-02-18,2026-02-18,FO,NSE,STO,107206,,HINDUNILVR,,2026-03-30,2026-03-30,2480.0,PE,HINDUNILVR26MAR2480PE,0.0,0.0,0.0,68.0,68.0,68.0,2323.5,153.0,2700,0,0,0.0,0,F1,300,,,,,
2026-02-18,2026-02-18,FO,NSE,STO,107216,,HINDUNILVR,,2026-03-30,2026-03-30,2640.0,PE,HINDUNILVR26MAR2640PE,0.0,0.0,0.0,326.85,0.0,326.85,2323.5,301.6,0,0,0,0.0,0,F1,300,,,,,
2026-02-18,2026-02-18,FO,NSE,STO,118453,,HINDUNILVR,,2026-03-30,2026-03-30,2700.0,PE,HINDUNILVR26MAR2700PE,0.0,0.0,0.0,281.05,281.0,281.05,2323.5,360.6,15900,0,0,0.0,0,F1,300,,,,,
2026-02-18,2026-02-18,FO,NSE,STO,106907,,HINDUNILVR,,2026-02-24,2026-02-24,2460.0,PE,HINDUNILVR26FEB2460PE,141.8,149.15,129.65,135.0,135.0,143.95,2323.5,135.0,51600,-3300,30,23385555.0,29,F1,300,,,,,
2026-02-18,2026-02-18,FO,NSE,STO,107189,,HINDUNILVR,,2026-03-30,2026-03-30,2200.0,CE,HINDUNILVR26MAR2200CE,140.1,154.3,140.1,154.3,154.3,149.9,2323.5,146.95,16200,4800,22,15493395.0,17,F1,300,,,,,
2026-02-18,2026-02-18,FO,NSE,STO,118980,,HINDUNILVR,,2026-04-28,2026-04-28,2800.0,PE,HINDUNILVR26APR2800PE,0.0,0.0,0.0,370.2,0.0,370.2,2323.5,448.25,0,0,0,0.0,0,F1,300,,,,,
2026-02-18,2026-02-18,FO,NSE,STO,107343,,HINDUNILVR,,2026-03-30,2026-03-30,2800.0,PE,HINDUNILVR26MAR2800PE,0.0,0.0,0.0,446.95,446.95,446.95,2323.5,459.7,300,0,0,0.0,0,F1,300,,,,,
2026-02-18,2026-02-18,FO,NSE,STO,106882,,HINDUNILVR,,2026-02-24,2026-02-24,2140.0,PE,HINDUNILVR26FEB2140PE,0.45,0.45,0.2,0.35,0.4,0.75,2323.5,0.35,36900,-4800,45,28894455.0,40,F1,300,,,,,
2026-02-18,2026-02-18,FO,NSE,STO,107198,,HINDUNILVR,,2026-03-30,2026-03-30,2360.0,PE,HINDUNILVR26MAR2360PE,74.0,74.0,62.9,63.7,63.7,78.0,2323.5,66.3,7500,900,13,9459330.0,13,F1,300,,,,,
2026-02-18,2026-02-18,FO,NSE,STO,100107,,HINDUNILVR,,2026-02-24,2026-02-24,2560.0,PE,HINDUNILVR26FEB2560PE,0.0,0.0,0.0,229.5,229.5,229.5,2323.5,234.2,7500,0,0,0.0,0,F1,300,,,,,
2026-02-18,2026-02-18,FO,NSE,STO,106920,,HINDUNILVR,,2026-02-24,2026-02-24,2540.0,PE,HINDUNILVR26FEB2540PE,0.0,0.0,0.0,210.95,210.95,210.95,2323.5,214.2,7500,0,0,0.0,0,F1,300,,,,,
2026-02-18,2026-02-18,FO,NSE,STO,118823,,HINDUNILVR,,2026-04-28,2026-04-28,2320.0,CE,HINDUNILVR26APR2320CE,0.0,0.0,0.0,171.05,0.0,171.05,2323.5,85.35,0,0,0,0.0,0,F1,300,,,,,
2026-02-18,2026-02-18,FO,NSE,STO,118736,,HINDUNILVR,,2026-04-28,2026-04-28,2280.0,CE,HINDUNILVR26APR2280CE,0.0,0.0,0.0,198.05,0.0,198.05,2323.5,108.7,0,0,0,0.0,0,F1,300,,,,,
2026-02-18,2026-02-18,FO,NSE,STO,107344,,HINDUNILVR,,2026-03-30,2026-03-30,2840.0,CE,HINDUNILVR26MAR2840CE,0.0,0.0,0.0,3.65,0.0,3.65,2323.5,0.05,0,0,0,0.0,0,F1,300,,,,,
2026-02-18,2026-02-18,FO,NSE,STO,118426,,HINDUNILVR,,2026-03-30,2026-03-30,2180.0,CE,HINDUNILVR26MAR2180CE,0.0,0.0,0.0,255.75,0.0,255.75,2323.5,164.05,0,0,0,0.0,0,F1,300,,,,,
2026-02-18,2026-02-18,FO,NSE,STO,118437,,HINDUNILVR,,2026-03-30,2026-03-30,2380.0,PE,HINDUNILVR26MAR2380PE,88.5,88.5,75.75,75.75,75.75,95.0,2323.5,75.75,15000,300,2,1477275.0,2,F1,300,,,,,
2026-02-18,2026-02-18,FO,NSE,STO,118439,,HINDUNILVR,,2026-03-30,2026-03-30,2420.0,PE,HINDUNILVR26MAR2420PE,0.0,0.0,0.0,73.05,73.05,73.05,2323.5,105.55,1500,0,0,0.0,0,F1,300,,,,,
2026-02-18,2026-02-18,FO,NSE,STO,118443,,HINDUNILVR,,2026-03-30,2026-03-30,2500.0,PE,HINDUNILVR26MAR2500PE,179.5,179.5,163.85,165.9,165.9,181.0,2323.5,165.9,49200,5700,98,78483630.0,35,F1,300,,,,,
2026-02-18,2026-02-18,FO,NSE,STO,118974,,HINDUNILVR,,2026-04-28,2026-04-28,2680.0,PE,HINDUNILVR26APR2680PE,0.0,0.0,0.0,267.85,0.0,267.85,2323.5,332.05,0,0,0,0.0,0,F1,300,,,,,
2026-02-18,2026-02-18,FO,NSE,STO,106921,,HINDUNILVR,,2026-02-24,2026-02-24,2580.0,CE,HINDUNILVR26FEB2580CE,0.85,0.85,0.45,0.5,0.45,0.95,2323.5,0.5,60300,-7200,116,89805780.0,87,F1,300,,,,,
2026-02-18,2026-02-18,FO,NSE,STO,106881,,HINDUNILVR,,2026-02-24,2026-02-24,2140.0,CE,HINDUNILVR26FEB2140CE,0.0,0.0,0.0,189.3,0.0,189.3,2323.5,185.45,0,0,0,0.0,0,F1,300,,,,,
2026-02-18,2026-02-18,FO,NSE,STO,118970,,HINDUNILVR,,2026-04-28,2026-04-28,2600.0,PE,HINDUNILVR26APR2600PE,0.0,0.0,0.0,206.2,0.0,206.2,2323.5,257.65,0,0,0,0.0,0,F1,300,,,,,
2026-02-18,2026-02-18,FO,NSE,STO,118734,,HINDUNILVR,,2026-04-28,2026-04-28,2240.0,CE,HINDUNILVR26APR2240CE,0.0,0.0,0.0,227.05,0.0,227.05,2323.5,135.5,0,0,0,0.0,0,F1,300,,,,,
2026-02-18,2026-02-18,FO,NSE,STO,118719,,HINDUNILVR,,2026-04-28,2026-04-28,2000.0,CE,HINDUNILVR26APR2000CE,0.0,0.0,0.0,434.9,0.0,434.9,2323.5,345.3,0,0,0,0.0,0,F1,300,,,,,
2026-02-18,2026-02-18,FO,NSE,STO,106906,,HINDUNILVR,,2026-02-24,2026-02-24,2460.0,CE,HINDUNILVR26FEB2460CE,1.95,1.95,0.9,1.05,0.95,2.05,2323.5,1.05,739500,-108300,1604,1184360715.0,994,F1,300,,,,,
2026-02-18,2026-02-18,FO,NSE,STO,100094,,HINDUNILVR,,2026-02-24,2026-02-24,2320.0,CE,HINDUNILVR26FEB2320CE,22.2,26.25,17.0,22.8,23.0,22.95,2323.5,22.8,338400,-27600,5062,3556140180.0,4322,F1,300,,,,,
2026-02-18,2026-02-18,FO,NSE,STF,66851,,HINDUNILVR,,2026-04-28,2026-04-28,,,HINDUNILVR26APRFUT,2345.0,2360.0,2339.9,2356.0,2357.5,2345.2,2323.5,2356.0,104400,3600,50,35274870.0,41,F1,300,,,,,
2026-02-18,2026-02-18,FO,NSE,STO,118825,,HINDUNILVR,,2026-04-28,2026-04-28,2360.0,CE,HINDUNILVR26APR2360CE,0.0,0.0,0.0,146.4,0.0,146.4,2323.5,65.45,0,0,0,0.0,0,F1,300,,,,,
2026-02-18,2026-02-18,FO,NSE,STO,100078,,HINDUNILVR,,2026-02-24,2026-02-24,2000.0,PE,HINDUNILVR26FEB2000PE,0.15,0.15,0.05,0.05,0.05,0.15,2323.5,0.05,99900,-600,22,13200645.0,11,F1,300,,,,,
2026-02-18,2026-02-18,FO,NSE,STO,100090,,HINDUNILVR,,2026-02-24,2026-02-24,2240.0,PE,HINDUNILVR26FEB2240PE,4.0,4.4,1.3,1.55,1.8,4.3,2323.5,1.55,245100,25500,2596,1746406425.0,1309,F1,300,,,,,
2026-02-18,2026-02-18,FO,NSE,STO,100194,,HINDUNILVR,,2026-02-24,2026-02-24,2840.0,PE,HINDUNILVR26FEB2840PE,0.0,0.0,0.0,395.6,0.0,395.6,2323.5,513.95,0,0,0,0.0,0,F1,300,,,,,
2026-02-18,2026-02-18,FO,NSE,STO,118421,,HINDUNILVR,,2026-03-30,2026-03-30,2060.0,PE,HINDUNILVR26MAR2060PE,0.0,0.0,0.0,2.85,0.0,2.85,2323.5,0.7,0,0,0,0.0,0,F1,300,,,,,
2026-02-18,2026-02-18,FO,NSE,STO,118429,,HINDUNILVR,,2026-03-30,2026-03-30,2220.0,PE,HINDUNILVR26MAR2220PE,19.0,21.1,15.55,15.85,15.65,21.1,2323.5,15.85,15600,2400,46,30885195.0,39,F1,300,,,,,
2026-02-18,2026-02-18,FO,NSE,STO,107192,,HINDUNILVR,,2026-03-30,2026-03-30,2240.0,PE,HINDUNILVR26MAR2240PE,23.2,26.2,19.0,19.4,19.0,25.6,2323.5,19.4,11100,3600,37,25116030.0,37,F1,300,,,,,
2026-02-18,2026-02-18,FO,NSE,STO,118435,,HINDUNILVR,,2026-03-30,2026-03-30,2340.0,PE,HINDUNILVR26MAR2340PE,65.45,65.5,53.6,54.8,54.65,66.1,2323.5,54.8,36300,7800,96,69143190.0,56,F1,300,,,,,
2026-02-18,2026-02-18,FO,NSE,STO,107201,,HINDUNILVR,,2026-03-30,2026-03-30,2400.0,PE,HINDUNILVR26MAR2400PE,98.4,102.95,87.0,89.35,88.0,102.4,2323.5,89.35,137100,5400,77,57623160.0,64,F1,300,,,,,
2026-02-18,2026-02-18,FO,NSE,STO,118451,,HINDUNILVR,,2026-03-30,2026-03-30,2660.0,PE,HINDUNILVR26MAR2660PE,0.0,0.0,0.0,249.75,0.0,249.75,2323.5,321.2,0,0,0,0.0,0,F1,300,,,,,
2026-02-18,2026-02-18,FO,NSE,STO,107218,,HINDUNILVR,,2026-03-30,2026-03-30,2680.0,PE,HINDUNILVR26MAR2680PE,0.0,0.0,0.0,362.35,0.0,362.35,2323.5,340.85,0,0,0,0.0,0,F1,300,,,,,
2026-02-18,2026-02-18,FO,NSE,STO,100076,,HINDUNILVR,,2026-02-24,2026-02-24,1960.0,PE,HINDUNILVR26FEB1960PE,0.0,0.0,0.0,2.0,0.0,2.0,2323.5,0.05,0,0,0,0.0,0,F1,300,,,,,
2026-02-18,2026-02-18,FO,NSE,STO,118971,,HINDUNILVR,,2026-04-28,2026-04-28,2640.0,CE,HINDUNILVR26APR2640CE,0.0,0.0,0.0,37.6,0.0,37.6,2323.5,5.2,0,0,0,0.0,0,F1,300,,,,,
2026-02-18,2026-02-18,FO,NSE,STO,107211,,HINDUNILVR,,2026-03-30,2026-03-30,2600.0,CE,HINDUNILVR26MAR2600CE,5.1,5.3,4.3,4.45,4.45,5.5,2323.5,4.45,125100,7500,99,77360190.0,91,F1,300,,,,,
2026-02-18,2026-02-18,FO,NSE,STO,107207,,HINDUNILVR,,2026-03-30,2026-03-30,2520.0,CE,HINDUNILVR26MAR2520CE,10.7,10.7,9.2,9.4,9.45,10.9,2323.5,9.4,11400,3300,31,23526960.0,28,F1,300,,,,,
2026-02-18,2026-02-18,FO,NSE,STO,100120,,HINDUNILVR,,2026-02-24,2026-02-24,2760.0,CE,HINDUNILVR26FEB2760CE,0.55,0.55,0.15,0.25,0.25,0.6,2323.5,0.25,50400,-10200,72,59622375.0,40,F1,300,,,,,
2026-02-18,2026-02-18,FO,NSE,STO,106934,,HINDUNILVR,,2026-02-24,2026-02-24,2660.0,CE,HINDUNILVR26FEB2660CE,0.55,0.55,0.2,0.35,0.35,0.65,2323.5,0.35,77100,-5700,29,23144850.0,26,F1,300,,,,,
2026-02-18,2026-02-18,FO,NSE,STO,106908,,HINDUNILVR,,2026-02-24,2026-02-24,2500.0,CE,HINDUNILVR26FEB2500CE,1.6,1.6,0.65,0.75,0.8,1.6,2323.5,0.75,862800,-513900,3916,2938117185.0,1556,F1,300,,,,,
2026-02-18,2026-02-18,FO,NSE,STO,107356,,HINDUNILVR,,2026-03-30,2026-03-30,2840.0,PE,HINDUNILVR26MAR2840PE,0.0,0.0,0.0,511.4,0.0,511.4,2323.5,499.45,0,0,0,0.0,0,F1,300,,,,,
2026-02-18,2026-02-18,FO,NSE,STO,106893,,HINDUNILVR,,2026-02-24,2026-02-24,2260.0,PE,HINDUNILVR26FEB2260PE,7.25,7.4,2.3,2.65,2.8,7.1,2323.5,2.65,144300,-91800,3008,2043358605.0,1797,F1,300,,,,,
2026-02-18,2026-02-18,FO,NSE,STO,100099,,HINDUNILVR,,2026-02-24,2026-02-24,2400.0,PE,HINDUNILVR26FEB2400PE,88.05,91.35,70.9,75.1,73.6,88.25,2323.5,75.1,297000,-22200,201,149518695.0,170,F1,300,,,,,
2026-02-18,2026-02-18,FO,NSE,STO,107178,,HINDUNILVR,,2026-03-30,2026-03-30,2000.0,PE,HINDUNILVR26MAR2000PE,2.45,2.5,1.9,2.0,1.9,2.55,2323.5,2.0,11100,1200,25,15016125.0,21,F1,300,,,,,
2026-02-18,2026-02-18,FO,NSE,STO,106929,,HINDUNILVR,,2026-02-24,2026-02-24,2620.0,CE,HINDUNILVR26FEB2620CE,0.65,0.75,0.35,0.45,0.45,0.75,2323.5,0.45,28500,-9000,71,55815645.0,57,F1,300,,,,,
2026-02-18,2026-02-18,FO,NSE,STO,100106,,HINDUNILVR,,2026-02-24,2026-02-24,2560.0,CE,HINDUNILVR26FEB2560CE,0.95,0.95,0.5,0.55,0.55,1.0,2323.5,0.55,110400,-17100,153,117534525.0,130,F1,300,,,,,
2026-02-18,2026-02-18,FO,NSE,STO,106900,,HINDUNILVR,,2026-02-24,2026-02-24,2380.0,CE,HINDUNILVR26FEB2380CE,6.0,6.45,3.9,4.6,4.7,6.8,2323.5,4.6,442500,-32100,3195,2285889015.0,2464,F1,300,,,,,
2026-02-18,2026-02-18,FO,NSE,STO,106896,,HINDUNILVR,,2026-02-24,2026-02-24,2300.0,CE,HINDUNILVR26FEB2300CE,33.85,40.0,26.95,35.95,36.25,33.9,2323.5,35.95,252900,-92700,4048,2833593720.0,3445,F1,300,,,,,
2026-02-18,2026-02-18,FO,NSE,STF,59350,,HINDUNILVR,,2026-02-24,2026-02-24,,,HINDUNILVR26FEBFUT,2316.1,2332.5,2309.6,2327.7,2328.6,2315.2,2323.5,2327.7,15588600,-943500,6503,4527842760.0,4714,F1,300,,,,,
2026-02-18,2026-02-18,FO,NSE,STO,100101,,HINDUNILVR,,2026-02-24,2026-02-24,2440.0,PE,HINDUNILVR26FEB2440PE,121.8,129.55,109.05,114.2,113.0,125.75,2323.5,114.2,145200,-1500,26,19959540.0,26,F1,300,,,,,
2026-02-18,2026-02-18,FO,NSE,STO,118965,,HINDUNILVR,,2026-04-28,2026-04-28,2560.0,PE,HINDUNILVR26APR2560PE,0.0,0.0,0.0,178.05,0.0,178.05,2323.5,222.15,0,0,0,0.0,0,F1,300,,,,,
2026-02-18,2026-02-18,FO,NSE,STO,118735,,HINDUNILVR,,2026-04-28,2026-04-28,2240.0,PE,HINDUNILVR26APR2240PE,0.0,0.0,0.0,31.85,0.0,31.85,2323.5,28.8,0,0,0,0.0,0,F1,300,,,,,
2026-02-18,2026-02-18,FO,NSE,STO,118728,,HINDUNILVR,,2026-04-28,2026-04-28,2160.0,PE,HINDUNILVR26APR2160PE,0.0,0.0,0.0,16.9,0.0,16.9,2323.5,12.05,0,0,0,0.0,0,F1,300,,,,,
2026-02-18,2026-02-18,FO,NSE,STO,107194,,HINDUNILVR,,2026-03-30,2026-03-30,2280.0,PE,HINDUNILVR26MAR2280PE,37.5,37.5,29.85,30.25,30.1,39.5,2323.5,30.25,5100,-300,25,17339040.0,23,F1,300,,,,,
2026-02-18,2026-02-18,FO,NSE,STO,107190,,HINDUNILVR,,2026-03-30,2026-03-30,2200.0,PE,HINDUNILVR26MAR2200PE,17.15,17.3,12.15,12.65,12.35,17.1,2323.5,12.65,195600,47700,555,368740605.0,342,F1,300,,,,,
2026-02-18,2026-02-18,FO,NSE,STO,107184,,HINDUNILVR,,2026-03-30,2026-03-30,2080.0,PE,HINDUNILVR26MAR2080PE,4.0,4.0,4.0,4.0,4.0,5.85,2323.5,1.1,34200,0,4,2500800.0,3,F1,300,,,,,
2026-02-18,2026-02-18,FO,NSE,STO,100131,,HINDUNILVR,,2026-02-24,2026-02-24,2800.0,PE,HINDUNILVR26FEB2800PE,0.0,0.0,0.0,486.6,486.6,486.6,2323.5,473.95,3900,0,0,0.0,0,F1,300,,,,,
2026-02-18,2026-02-18,FO,NSE,STO,118822,,HINDUNILVR,,2026-04-28,2026-04-28,2280.0,PE,HINDUNILVR26APR2280PE,0.0,0.0,0.0,42.25,0.0,42.25,2323.5,41.6,0,0,0,0.0,0,F1,300,,,,,
2026-02-18,2026-02-18,FO,NSE,STO,107203,,HINDUNILVR,,2026-03-30,2026-03-30,2440.0,PE,HINDUNILVR26MAR2440PE,0.0,0.0,0.0,168.95,0.0,168.95,2323.5,120.55,0,0,0,0.0,0,F1,300,,,,,
2026-02-18,2026-02-18,FO,NSE,STO,100097,,HINDUNILVR,,2026-02-24,2026-02-24,2360.0,PE,HINDUNILVR26FEB2360PE,53.75,56.15,36.7,40.25,40.15,53.75,2323.5,40.25,210300,-4500,746,538354725.0,731,F1,300,,,,,
2026-02-18,2026-02-18,FO,NSE,STO,118441,,HINDUNILVR,,2026-03-30,2026-03-30,2460.0,PE,HINDUNILVR26MAR2460PE,0.0,0.0,0.0,151.0,151.0,151.0,2323.5,136.4,3300,0,0,0.0,0,F1,300,,,,,
2026-02-18,2026-02-18,FO,NSE,STO,106883,,HINDUNILVR,,2026-02-24,2026-02-24,2180.0,CE,HINDUNILVR26FEB2180CE,0.0,0.0,0.0,158.8,0.0,158.8,2323.5,145.5,0,0,0,0.0,0,F1,300,,,,,
2026-02-18,2026-02-18,FO,NSE,STO,106885,,HINDUNILVR,,2026-02-24,2026-02-24,2220.0,CE,HINDUNILVR26FEB2220CE,95.65,110.15,93.55,108.7,107.9,99.25,2323.5,108.7,5100,-4800,54,37585155.0,52,F1,300,,,,,
2026-02-18,2026-02-18,FO,NSE,STO,102501,,ICICIPRULI,,2026-02-24,2026-02-24,540.0,PE,ICICIPRULI26FEB540PE,0.0,0.0,0.0,0.6,0.6,0.6,648.85,0.05,3700,0,0,0.0,0,F1,925,,,,,
2026-02-18,2026-02-18,FO,NSE,STO,122089,,ICICIPRULI,,2026-04-28,2026-04-28,720.0,CE,ICICIPRULI26APR720CE,0.0,0.0,0.0,12.35,0.0,12.35,648.85,5.65,0,0,0,0.0,0,F1,925,,,,,
2026-02-18,2026-02-18,FO,NSE,STO,121820,,ICICIPRULI,,2026-04-28,2026-04-28,680.0,CE,ICICIPRULI26APR680CE,0.0,0.0,0.0,23.45,0.0,23.45,648.85,14.95,0,0,0,0.0,0,F1,925,,,,,
2026-02-18,2026-02-18,FO,NSE,STO,110043,,ICICIPRULI,,2026-03-30,2026-03-30,720.0,CE,ICICIPRULI26MAR720CE,0.0,0.0,0.0,15.35,0.0,15.35,648.85,2.05,0,0,0,0.0,0,F1,925,,,,,
2026-02-18,2026-02-18,FO,NSE,STO,110041,,ICICIPRULI,,2026-03-30,2026-03-30,710.0,CE,ICICIPRULI26MAR710CE,0.0,0.0,0.0,18.0,0.0,18.0,648.85,3.05,0,0,0,0.0,0,F1,925,,,,,
2026-02-18,2026-02-18,FO,NSE,STO,121401,,ICICIPRULI,,2026-03-30,2026-03-30,675.0,CE,ICICIPRULI26MAR675CE,0.0,0.0,0.0,7.45,7.45,7.45,648.85,10.1,3700,0,0,0.0,0,F1,925,,,,,
2026-02-18,2026-02-18,FO,NSE,STO,109839,,ICICIPRULI,,2026-03-30,2026-03-30,570.0,CE,ICICIPRULI26MAR570CE,0.0,0.0,0.0,98.3,0.0,98.3,648.85,82.8,0,0,0,0.0,0,F1,925,,,,,
2026-02-18,2026-02-18,FO,NSE,STO,110018,,ICICIPRULI,,2026-03-30,2026-03-30,680.0,CE,ICICIPRULI26MAR680CE,0.0,0.0,0.0,8.25,8.25,8.25,648.85,8.65,2775,0,0,0.0,0,F1,925,,,,,
2026-02-18,2026-02-18,FO,NSE,STO,109865,,ICICIPRULI,,2026-03-30,2026-03-30,660.0,CE,ICICIPRULI26MAR660CE,11.25,15.6,10.2,15.25,15.6,11.0,648.85,15.25,14800,925,17,10587827.5,16,F1,925,,,,,
2026-02-18,2026-02-18,FO,NSE,STO,102504,,ICICIPRULI,,2026-02-24,2026-02-24,550.0,CE,ICICIPRULI26FEB550CE,0.0,0.0,0.0,78.45,0.0,78.45,648.85,99.35,0,0,0,0.0,0,F1,925,,,,,
2026-02-18,2026-02-18,FO,NSE,STO,102517,,ICICIPRULI,,2026-02-24,2026-02-24,580.0,CE,ICICIPRULI26FEB580CE,0.0,0.0,0.0,56.7,0.0,56.7,648.85,69.35,0,0,0,0.0,0,F1,925,,,,,
2026-02-18,2026-02-18,FO,NSE,STO,109750,,ICICIPRULI,,2026-02-24,2026-02-24,625.0,CE,ICICIPRULI26FEB625CE,0.0,0.0,0.0,19.75,19.75,19.75,648.85,25.15,8325,0,0,0.0,0,F1,925,,,,,
2026-02-18,2026-02-18,FO,NSE,STO,121772,,ICICIPRULI,,2026-04-28,2026-04-28,620.0,PE,ICICIPRULI26APR620PE,0.0,0.0,0.0,19.2,0.0,19.2,648.85,10.45,0,0,0,0.0,0,F1,925,,,,,
2026-02-18,2026-02-18,FO,NSE,STO,121770,,ICICIPRULI,,2026-04-28,2026-04-28,610.0,PE,ICICIPRULI26APR610PE,0.0,0.0,0.0,15.8,0.0,15.8,648.85,7.8,0,0,0,0.0,0,F1,925,,,,,
2026-02-18,2026-02-18,FO,NSE,STO,121760,,ICICIPRULI,,2026-04-28,2026-04-28,570.0,PE,ICICIPRULI26APR570PE,0.0,0.0,0.0,6.25,0.0,6.25,648.85,1.85,0,0,0,0.0,0,F1,925,,,,,
2026-02-18,2026-02-18,FO,NSE,STO,110060,,ICICIPRULI,,2026-03-30,2026-03-30,750.0,PE,ICICIPRULI26MAR750PE,0.0,0.0,0.0,93.3,0.0,93.3,648.85,97.2,0,0,0,0.0,0,F1,925,,,,,
2026-02-18,2026-02-18,FO,NSE,STO,121406,,ICICIPRULI,,2026-03-30,2026-03-30,695.0,PE,ICICIPRULI26MAR695PE,0.0,0.0,0.0,56.2,0.0,56.2,648.85,47.25,0,0,0,0.0,0,F1,925,,,,,
2026-02-18,2026-02-18,FO,NSE,STO,109850,,ICICIPRULI,,2026-03-30,2026-03-30,620.0,PE,ICICIPRULI26MAR620PE,0.0,0.0,0.0,16.1,0.0,16.1,648.85,6.5,0,0,0,0.0,0,F1,925,,,,,
2026-02-18,2026-02-18,FO,NSE,STO,121388,,ICICIPRULI,,2026-03-30,2026-03-30,605.0,PE,ICICIPRULI26MAR605PE,0.0,0.0,0.0,11.3,11.3,11.3,648.85,3.5,1850,0,0,0.0,0,F1,925,,,,,
2026-02-18,2026-02-18,FO,NSE,STO,109728,,ICICIPRULI,,2026-02-24,2026-02-24,585.0,PE,ICICIPRULI26FEB585PE,0.4,0.5,0.3,0.3,0.3,0.6,648.85,0.05,110075,-2775,56,30319557.5,42,F1,925,,,,,
2026-02-18,2026-02-18,FO,NSE,STO,110059,,ICICIPRULI,,2026-03-30,2026-03-30,750.0,CE,ICICIPRULI26MAR750CE,0.0,0.0,0.0,9.25,0.0,9.25,648.85,0.55,0,0,0,0.0,0,F1,925,,,,,
2026-02-18,2026-02-18,FO,NSE,STO,121409,,ICICIPRULI,,2026-03-30,2026-03-30,715.0,CE,ICICIPRULI26MAR715CE,0.0,0.0,0.0,8.0,0.0,8.0,648.85,2.5,0,0,0,0.0,0,F1,925,,,,,
2026-02-18,2026-02-18,FO,NSE,STO,121405,,ICICIPRULI,,2026-03-30,2026-03-30,695.0,CE,ICICIPRULI26MAR695CE,0.0,0.0,0.0,12.3,0.0,12.3,648.85,5.25,0,0,0,0.0,0,F1,925,,,,,
2026-02-18,2026-02-18,FO,NSE,STO,102679,,ICICIPRULI,,2026-02-24,2026-02-24,740.0,PE,ICICIPRULI26FEB740PE,0.0,0.0,0.0,98.55,98.55,98.55,648.85,90.5,2775,0,0,0.0,0,F1,925,,,,,
2026-02-18,2026-02-18,FO,NSE,STO,109844,,ICICIPRULI,,2026-03-30,2026-03-30,590.0,PE,ICICIPRULI26MAR590PE,0.0,0.0,0.0,8.35,0.0,8.35,648.85,1.7,0,0,0,0.0,0,F1,925,,,,,
2026-02-18,2026-02-18,FO,NSE,STO,109852,,ICICIPRULI,,2026-03-30,2026-03-30,630.0,PE,ICICIPRULI26MAR630PE,9.5,9.5,7.3,7.35,7.4,11.0,648.85,7.35,13875,11100,12,7076620.0,12,F1,925,,,,,
2026-02-18,2026-02-18,FO,NSE,STF,66856,,ICICIPRULI,,2026-04-28,2026-04-28,,,ICICIPRULI26APRFUT,646.65,658.0,646.65,657.6,657.05,649.65,648.85,657.6,23125,925,32,19294575.0,31,F1,925,,,,,
2026-02-18,2026-02-18,FO,NSE,STO,109748,,ICICIPRULI,,2026-02-24,2026-02-24,615.0,CE,ICICIPRULI26FEB615CE,28.65,37.0,26.2,35.45,35.25,29.95,648.85,35.45,26825,15725,126,75440040.0,122,F1,925,,,,,
2026-02-18,2026-02-18,FO,NSE,STO,102560,,ICICIPRULI,,2026-02-24,2026-02-24,680.0,CE,ICICIPRULI26FEB680CE,0.55,0.95,0.4,0.8,0.7,0.55,648.85,0.8,126725,1850,186,117095195.0,152,F1,925,,,,,
2026-02-18,2026-02-18,FO,NSE,STO,109762,,ICICIPRULI,,2026-02-24,2026-02-24,685.0,CE,ICICIPRULI26FEB685CE,0.0,0.0,0.0,0.65,0.65,0.65,648.85,0.2,144300,0,0,0.0,0,F1,925,,,,,
2026-02-18,2026-02-18,FO,NSE,STO,121818,,ICICIPRULI,,2026-04-28,2026-04-28,670.0,CE,ICICIPRULI26APR670CE,0.0,0.0,0.0,27.2,0.0,27.2,648.85,18.55,0,0,0,0.0,0,F1,925,,,,,
2026-02-18,2026-02-18,FO,NSE,STO,109725,,ICICIPRULI,,2026-02-24,2026-02-24,575.0,CE,ICICIPRULI26FEB575CE,0.0,0.0,0.0,87.95,0.0,87.95,648.85,74.35,0,0,0,0.0,0,F1,925,,,,,
2026-02-18,2026-02-18,FO,NSE,STO,109729,,ICICIPRULI,,2026-02-24,2026-02-24,595.0,CE,ICICIPRULI26FEB595CE,47.1,47.1,47.1,47.1,47.1,47.55,648.85,54.4,2775,0,3,1781827.5,1,F1,925,,,,,
2026-02-18,2026-02-18,FO,NSE,STO,109760,,ICICIPRULI,,2026-02-24,2026-02-24,675.0,CE,ICICIPRULI26FEB675CE,0.55,1.25,0.55,1.15,1.05,0.65,648.85,1.15,83250,21275,90,56267287.5,82,F1,925,,,,,
2026-02-18,2026-02-18,FO,NSE,STO,102678,,ICICIPRULI,,2026-02-24,2026-02-24,740.0,CE,ICICIPRULI26FEB740CE,0.4,0.4,0.4,0.4,0.4,0.2,648.85,0.05,22200,-9250,21,14382270.0,4,F1,925,,,,,
2026-02-18,2026-02-18,FO,NSE,STO,102564,,ICICIPRULI,,2026-02-24,2026-02-24,700.0,CE,ICICIPRULI26FEB700CE,0.35,0.5,0.25,0.45,0.4,0.35,648.85,0.45,414400,6475,241,156126402.5,117,F1,925,,,,,
2026-02-18,2026-02-18,FO,NSE,STO,109831,,ICICIPRULI,,2026-03-30,2026-03-30,530.0,CE,ICICIPRULI26MAR530CE,0.0,0.0,0.0,134.15,0.0,134.15,648.85,122.05,0,0,0,0.0,0,F1,925,,,,,
2026-02-18,2026-02-18,FO,NSE,STO,121375,,ICICIPRULI,,2026-03-30,2026-03-30,575.0,CE,ICICIPRULI26MAR575CE,0.0,0.0,0.0,79.2,0.0,79.2,648.85,78.05,0,0,0,0.0,0,F1,925,,,,,
2026-02-18,2026-02-18,FO,NSE,STO,110037,,ICICIPRULI,,2026-03-30,2026-03-30,690.0,CE,ICICIPRULI26MAR690CE,0.0,0.0,0.0,24.4,0.0,24.4,648.85,6.25,0,0,0,0.0,0,F1,925,,,,,
2026-02-18,2026-02-18,FO,NSE,STO,110061,,ICICIPRULI,,2026-03-30,2026-03-30,760.0,CE,ICICIPRULI26MAR760CE,0.0,0.0,0.0,7.7,0.0,7.7,648.85,0.35,0,0,0,0.0,0,F1,925,,,,,
2026-02-18,2026-02-18,FO,NSE,STO,121753,,ICICIPRULI,,2026-04-28,2026-04-28,540.0,CE,ICICIPRULI26APR540CE,0.0,0.0,0.0,114.75,0.0,114.75,648.85,114.9,0,0,0,0.0,0,F1,925,,,,,
2026-02-18,2026-02-18,FO,NSE,STO,121757,,ICICIPRULI,,2026-04-28,2026-04-28,560.0,CE,ICICIPRULI26APR560CE,0.0,0.0,0.0,97.2,0.0,97.2,648.85,95.85,0,0,0,0.0,0,F1,925,,,,,
2026-02-18,2026-02-18,FO,NSE,STO,121806,,ICICIPRULI,,2026-04-28,2026-04-28,640.0,CE,ICICIPRULI26APR640CE,0.0,0.0,0.0,41.05,0.0,41.05,648.85,32.95,0,0,0,0.0,0,F1,925,,,,,
2026-02-18,2026-02-18,FO,NSE,STO,109730,,ICICIPRULI,,2026-02-24,2026-02-24,595.0,PE,ICICIPRULI26FEB595PE,0.0,0.0,0.0,0.85,0.85,0.85,648.85,0.05,1850,0,0,0.0,0,F1,925,,,,,
2026-02-18,2026-02-18,FO,NSE,STO,102544,,ICICIPRULI,,2026-02-24,2026-02-24,610.0,PE,ICICIPRULI26FEB610PE,0.9,0.95,0.4,0.45,0.45,1.1,648.85,0.45,99900,-3700,134,75694137.5,130,F1,925,,,,,
2026-02-18,2026-02-18,FO,NSE,STO,109751,,ICICIPRULI,,2026-02-24,2026-02-24,625.0,PE,ICICIPRULI26FEB625PE,2.6,2.75,0.8,0.9,0.85,2.75,648.85,0.9,73075,-10175,200,115914062.5,168,F1,925,,,,,
2026-02-18,2026-02-18,FO,NSE,STO,102557,,ICICIPRULI,,2026-02-24,2026-02-24,660.0,PE,ICICIPRULI26FEB660PE,22.4,24.4,12.25,12.95,13.2,22.4,648.85,12.95,116550,-1850,10,6282230.0,10,F1,925,,,,,
2026-02-18,2026-02-18,FO,NSE,STO,109763,,ICICIPRULI,,2026-02-24,2026-02-24,685.0,PE,ICICIPRULI26FEB685PE,0.0,0.0,0.0,41.5,0.0,41.5,648.85,35.75,0,0,0,0.0,0,F1,925,,,,,
2026-02-18,2026-02-18,FO,NSE,STO,102559,,ICICIPRULI,,2026-02-24,2026-02-24,670.0,PE,ICICIPRULI26FEB670PE,29.85,29.85,20.05,21.2,21.8,30.95,648.85,21.2,14800,-14800,23,14811285.0,20,F1,925,,,,,
2026-02-18,2026-02-18,FO,NSE,STO,109757,,ICICIPRULI,,2026-02-24,2026-02-24,655.0,PE,ICICIPRULI26FEB655PE,8.65,10.15,8.65,10.15,10.15,18.2,648.85,10.15,40700,925,3,1844357.5,3,F1,925,,,,,
2026-02-18,2026-02-18,FO,NSE,STO,122097,,ICICIPRULI,,2026-04-28,2026-04-28,740.0,CE,ICICIPRULI26APR740CE,0.0,0.0,0.0,8.65,0.0,8.65,648.85,3.2,0,0,0,0.0,0,F1,925,,,,,
2026-02-18,2026-02-18,FO,NSE,STO,109849,,ICICIPRULI,,2026-03-30,2026-03-30,620.0,CE,ICICIPRULI26MAR620CE,0.0,0.0,0.0,60.15,0.0,60.15,648.85,39.05,0,0,0,0.0,0,F1,925,,,,,
2026-02-18,2026-02-18,FO,NSE,STO,109752,,ICICIPRULI,,2026-02-24,2026-02-24,635.0,CE,ICICIPRULI26FEB635CE,11.6,18.55,8.7,17.15,16.35,9.35,648.85,17.15,70300,-4625,41,24558611.25,37,F1,925,,,,,
2026-02-18,2026-02-18,FO,NSE,STO,102552,,ICICIPRULI,,2026-02-24,2026-02-24,640.0,CE,ICICIPRULI26FEB640CE,7.0,14.55,4.75,12.9,12.05,6.95,648.85,12.9,170200,-86950,909,545238983.75,610,F1,925,,,,,
2026-02-18,2026-02-18,FO,NSE,STO,109768,,ICICIPRULI,,2026-02-24,2026-02-24,715.0,CE,ICICIPRULI26FEB715CE,0.0,0.0,0.0,9.45,0.0,9.45,648.85,0.05,0,0,0,0.0,0,F1,925,,,,,
2026-02-18,2026-02-18,FO,NSE,STO,121853,,ICICIPRULI,,2026-04-28,2026-04-28,700.0,CE,ICICIPRULI26APR700CE,0.0,0.0,0.0,17.15,0.0,17.15,648.85,9.4,0,0,0,0.0,0,F1,925,,,,,
2026-02-18,2026-02-18,FO,NSE,STO,121837,,ICICIPRULI,,2026-04-28,2026-04-28,690.0,CE,ICICIPRULI26APR690CE,0.0,0.0,0.0,20.1,0.0,20.1,648.85,11.95,0,0,0,0.0,0,F1,925,,,,,
2026-02-18,2026-02-18,FO,NSE,STO,121771,,ICICIPRULI,,2026-04-28,2026-04-28,620.0,CE,ICICIPRULI26APR620CE,0.0,0.0,0.0,52.55,0.0,52.55,648.85,45.7,0,0,0,0.0,0,F1,925,,,,,
2026-02-18,2026-02-18,FO,NSE,STO,121836,,ICICIPRULI,,2026-04-28,2026-04-28,680.0,PE,ICICIPRULI26APR680PE,0.0,0.0,0.0,49.15,0.0,49.15,648.85,39.1,0,0,0,0.0,0,F1,925,,,,,
2026-02-18,2026-02-18,FO,NSE,STO,110062,,ICICIPRULI,,2026-03-30,2026-03-30,760.0,PE,ICICIPRULI26MAR760PE,0.0,0.0,0.0,101.6,0.0,101.6,648.85,106.9,0,0,0,0.0,0,F1,925,,,,,
2026-02-18,2026-02-18,FO,NSE,STO,121767,,ICICIPRULI,,2026-04-28,2026-04-28,600.0,CE,ICICIPRULI26APR600CE,0.0,0.0,0.0,65.85,0.0,65.85,648.85,60.7,0,0,0,0.0,0,F1,925,,,,,
2026-02-18,2026-02-18,FO,NSE,STO,110045,,ICICIPRULI,,2026-03-30,2026-03-30,730.0,CE,ICICIPRULI26MAR730CE,0.0,0.0,0.0,13.05,0.0,13.05,648.85,1.35,0,0,0,0.0,0,F1,925,,,,,
2026-02-18,2026-02-18,FO,NSE,STO,109838,,ICICIPRULI,,2026-03-30,2026-03-30,560.0,PE,ICICIPRULI26MAR560PE,0.0,0.0,0.0,3.8,0.0,3.8,648.85,0.3,0,0,0,0.0,0,F1,925,,,,,
2026-02-18,2026-02-18,FO,NSE,STO,102536,,ICICIPRULI,,2026-02-24,2026-02-24,600.0,PE,ICICIPRULI26FEB600PE,0.6,0.65,0.45,0.45,0.45,0.8,648.85,0.05,600325,-925,38,21111275.0,35,F1,925,,,,,
2026-02-18,2026-02-18,FO,NSE,STO,102670,,ICICIPRULI,,2026-02-24,2026-02-24,710.0,PE,ICICIPRULI26FEB710PE,0.0,0.0,0.0,94.85,0.0,94.85,648.85,60.5,0,0,0,0.0,0,F1,925,,,,,
2026-02-18,2026-02-18,FO,NSE,STO,110040,,ICICIPRULI,,2026-03-30,2026-03-30,700.0,PE,ICICIPRULI26MAR700PE,0.0,0.0,0.0,55.8,0.0,55.8,648.85,51.35,0,0,0,0.0,0,F1,925,,,,,
2026-02-18,2026-02-18,FO,NSE,STO,121397,,ICICIPRULI,,2026-03-30,2026-03-30,655.0,CE,ICICIPRULI26MAR655CE,0.0,0.0,0.0,26.15,0.0,26.15,648.85,17.8,0,0,0,0.0,0,F1,925,,,,,
2026-02-18,2026-02-18,FO,NSE,STO,121376,,ICICIPRULI,,2026-03-30,2026-03-30,575.0,PE,ICICIPRULI26MAR575PE,0.0,0.0,0.0,4.35,0.0,4.35,648.85,0.75,0,0,0,0.0,0,F1,925,,,,,
2026-02-18,2026-02-18,FO,NSE,STO,121377,,ICICIPRULI,,2026-03-30,2026-03-30,585.0,CE,ICICIPRULI26MAR585CE,0.0,0.0,0.0,70.9,0.0,70.9,648.85,68.65,0,0,0,0.0,0,F1,925,,,,,
2026-02-18,2026-02-18,FO,NSE,STO,102546,,ICICIPRULI,,2026-02-24,2026-02-24,620.0,PE,ICICIPRULI26FEB620PE,1.0,1.35,0.65,0.7,0.7,2.0,648.85,0.7,163725,1850,121,69486231.25,121,F1,925,,,,,
2026-02-18,2026-02-18,FO,NSE,STO,121769,,ICICIPRULI,,2026-04-28,2026-04-28,610.0,CE,ICICIPRULI26APR610CE,0.0,0.0,0.0,58.95,0.0,58.95,648.85,52.95,0,0,0,0.0,0,F1,925,,,,,
2026-02-18,2026-02-18,FO,NSE,STO,121763,,ICICIPRULI,,2026-04-28,2026-04-28,590.0,CE,ICICIPRULI26APR590CE,0.0,0.0,0.0,73.15,0.0,73.15,648.85,68.95,0,0,0,0.0,0,F1,925,,,,,
2026-02-18,2026-02-18,FO,NSE,STO,109851,,ICICIPRULI,,2026-03-30,2026-03-30,630.0,CE,ICICIPRULI26MAR630CE,0.0,0.0,0.0,53.7,0.0,53.7,648.85,32.0,0,0,0,0.0,0,F1,925,,,,,
2026-02-18,2026-02-18,FO,NSE,STO,102500,,ICICIPRULI,,2026-02-24,2026-02-24,540.0,CE,ICICIPRULI26FEB540CE,0.0,0.0,0.0,86.5,0.0,86.5,648.85,109.35,0,0,0,0.0,0,F1,925,,,,,
2026-02-18,2026-02-18,FO,NSE,STO,102520,,ICICIPRULI,,2026-02-24,2026-02-24,590.0,CE,ICICIPRULI26FEB590CE,0.0,0.0,0.0,50.3,0.0,50.3,648.85,59.4,0,0,0,0.0,0,F1,925,,,,,
2026-02-18,2026-02-18,FO,NSE,STO,109738,,ICICIPRULI,,2026-02-24,2026-02-24,605.0,CE,ICICIPRULI26FEB605CE,0.0,0.0,0.0,62.8,0.0,62.8,648.85,44.45,0,0,0,0.0,0,F1,925,,,,,
2026-02-18,2026-02-18,FO,NSE,STO,109756,,ICICIPRULI,,2026-02-24,2026-02-24,655.0,CE,ICICIPRULI26FEB655CE,2.1,5.45,1.7,4.8,4.3,2.15,648.85,4.8,56425,-3700,211,128587487.5,178,F1,925,,,,,
2026-02-18,2026-02-18,FO,NSE,STO,102558,,ICICIPRULI,,2026-02-24,2026-02-24,670.0,CE,ICICIPRULI26FEB670CE,0.65,1.75,0.6,1.6,1.3,0.85,648.85,1.6,207200,-22200,351,217944753.75,255,F1,925,,,,,
2026-02-18,2026-02-18,FO,NSE,STO,102680,,ICICIPRULI,,2026-02-24,2026-02-24,750.0,CE,ICICIPRULI26FEB750CE,0.0,0.0,0.0,3.55,0.0,3.55,648.85,0.05,0,0,0,0.0,0,F1,925,,,,,
2026-02-18,2026-02-18,FO,NSE,STO,109843,,ICICIPRULI,,2026-03-30,2026-03-30,590.0,CE,ICICIPRULI26MAR590CE,0.0,0.0,0.0,81.95,0.0,81.95,648.85,64.1,0,0,0,0.0,0,F1,925,,,,,
2026-02-18,2026-02-18,FO,NSE,STO,121385,,ICICIPRULI,,2026-03-30,2026-03-30,595.0,CE,ICICIPRULI26MAR595CE,0.0,0.0,0.0,63.0,0.0,63.0,648.85,59.6,0,0,0,0.0,0,F1,925,,,,,
2026-02-18,2026-02-18,FO,NSE,STO,121762,,ICICIPRULI,,2026-04-28,2026-04-28,580.0,PE,ICICIPRULI26APR580PE,0.0,0.0,0.0,8.1,0.0,8.1,648.85,2.75,0,0,0,0.0,0,F1,925,,,,,
2026-02-18,2026-02-18,FO,NSE,STO,110036,,ICICIPRULI,,2026-03-30,2026-03-30,680.0,PE,ICICIPRULI26MAR680PE,0.0,0.0,0.0,43.25,0.0,43.25,648.85,35.7,0,0,0,0.0,0,F1,925,,,,,
2026-02-18,2026-02-18,FO,NSE,STO,110017,,ICICIPRULI,,2026-03-30,2026-03-30,670.0,PE,ICICIPRULI26MAR670PE,0.0,0.0,0.0,37.65,0.0,37.65,648.85,28.85,0,0,0,0.0,0,F1,925,,,,,
2026-02-18,2026-02-18,FO,NSE,STO,109854,,ICICIPRULI,,2026-03-30,2026-03-30,640.0,PE,ICICIPRULI26MAR640PE,14.4,14.85,9.1,10.85,11.05,14.4,648.85,10.85,33300,24050,49,29585061.25,42,F1,925,,,,,
2026-02-18,2026-02-18,FO,NSE,STO,121394,,ICICIPRULI,,2026-03-30,2026-03-30,635.0,PE,ICICIPRULI26MAR635PE,0.0,0.0,0.0,20.8,0.0,20.8,648.85,11.05,0,0,0,0.0,0,F1,925,,,,,
2026-02-18,2026-02-18,FO,NSE,STO,121374,,ICICIPRULI,,2026-03-30,2026-03-30,565.0,PE,ICICIPRULI26MAR565PE,0.0,0.0,0.0,3.1,0.0,3.1,648.85,0.4,0,0,0,0.0,0,F1,925,,,,,
2026-02-18,2026-02-18,FO,NSE,STO,109832,,ICICIPRULI,,2026-03-30,2026-03-30,530.0,PE,ICICIPRULI26MAR530PE,0.0,0.0,0.0,1.45,0.0,1.45,648.85,0.05,0,0,0,0.0,0,F1,925,,,,,
2026-02-18,2026-02-18,FO,NSE,STO,102675,,ICICIPRULI,,2026-02-24,2026-02-24,720.0,PE,ICICIPRULI26FEB720PE,0.0,0.0,0.0,103.35,0.0,103.35,648.85,70.5,0,0,0,0.0,0,F1,925,,,,,
2026-02-18,2026-02-18,FO,NSE,STO,109769,,ICICIPRULI,,2026-02-24,2026-02-24,715.0,PE,ICICIPRULI26FEB715PE,0.0,0.0,0.0,63.0,0.0,63.0,648.85,65.5,0,0,0,0.0,0,F1,925,,,,,
2026-02-18,2026-02-18,FO,NSE,STO,109761,,ICICIPRULI,,2026-02-24,2026-02-24,675.0,PE,ICICIPRULI26FEB675PE,0.0,0.0,0.0,36.25,36.25,36.25,648.85,26.25,5550,0,0,0.0,0,F1,925,,,,,
2026-02-18,2026-02-18,FO,NSE,STO,109990,,ICICIPRULI,,2026-03-30,2026-03-30,670.0,CE,ICICIPRULI26MAR670CE,7.5,11.9,7.45,11.0,10.75,7.5,648.85,11.0,21275,20350,47,29510876.25,45,F1,925,,,,,
2026-02-18,2026-02-18,FO,NSE,STO,109833,,ICICIPRULI,,2026-03-30,2026-03-30,540.0,CE,ICICIPRULI26MAR540CE,0.0,0.0,0.0,124.9,0.0,124.9,648.85,112.15,0,0,0,0.0,0,F1,925,,,,,
2026-02-18,2026-02-18,FO,NSE,STO,102671,,ICICIPRULI,,2026-02-24,2026-02-24,720.0,CE,ICICIPRULI26FEB720CE,0.3,0.4,0.15,0.3,0.25,0.2,648.85,0.3,114700,-3700,33,21985261.25,23,F1,925,,,,,
2026-02-18,2026-02-18,FO,NSE,STO,109754,,ICICIPRULI,,2026-02-24,2026-02-24,645.0,CE,ICICIPRULI26FEB645CE,3.5,11.15,3.5,9.85,8.9,4.85,648.85,9.85,132275,-57350,795,479672486.25,658,F1,925,,,,,
2026-02-18,2026-02-18,FO,NSE,STO,102498,,ICICIPRULI,,2026-02-24,2026-02-24,530.0,CE,ICICIPRULI26FEB530CE,115.3,115.3,115.3,115.3,115.3,110.45,648.85,119.35,7400,0,3,1790707.5,1,F1,925,,,,,
2026-02-18,2026-02-18,FO,NSE,STF,59355,,ICICIPRULI,,2026-02-24,2026-02-24,,,ICICIPRULI26FEBFUT,638.95,652.5,636.95,650.5,650.3,639.15,648.85,650.5,15154275,-428275,4511,2687038050.0,4353,F1,925,,,,,
2026-02-18,2026-02-18,FO,NSE,STO,110044,,ICICIPRULI,,2026-03-30,2026-03-30,720.0,PE,ICICIPRULI26MAR720PE,0.0,0.0,0.0,69.85,0.0,69.85,648.85,68.85,0,0,0,0.0,0,F1,925,,,,,
2026-02-18,2026-02-18,FO,NSE,STO,102505,,ICICIPRULI,,2026-02-24,2026-02-24,550.0,PE,ICICIPRULI26FEB550PE,0.25,0.55,0.25,0.55,0.55,0.4,648.85,0.55,37925,-2775,5,2545461.25,5,F1,925,,,,,
2026-02-18,2026-02-18,FO,NSE,STO,109753,,ICICIPRULI,,2026-02-24,2026-02-24,635.0,PE,ICICIPRULI26FEB635PE,4.3,5.15,1.6,1.8,1.8,5.5,648.85,1.8,70300,18500,213,125649502.5,184,F1,925,,,,,
2026-02-18,2026-02-18,FO,NSE,STO,102555,,ICICIPRULI,,2026-02-24,2026-02-24,650.0,PE,ICICIPRULI26FEB650PE,7.35,7.35,5.55,6.1,6.65,11.95,648.85,6.1,225700,93425,137,83149360.0,93,F1,925,,,,,
2026-02-18,2026-02-18,FO,NSE,STO,102563,,ICICIPRULI,,2026-02-24,2026-02-24,690.0,PE,ICICIPRULI26FEB690PE,45.6,45.6,39.9,39.9,39.9,51.45,648.85,39.9,6475,-925,4,2711036.25,4,F1,925,,,,,
2026-02-18,2026-02-18,FO,NSE,STO,102565,,ICICIPRULI,,2026-02-24,2026-02-24,700.0,PE,ICICIPRULI26FEB700PE,53.0,53.0,52.0,52.0,52.0,54.65,648.85,50.55,48100,925,3,2088650.0,3,F1,925,,,,,
2026-02-18,2026-02-18,FO,NSE,STO,102681,,ICICIPRULI,,2026-02-24,2026-02-24,750.0,PE,ICICIPRULI26FEB750PE,0.0,0.0,0.0,92.8,92.8,92.8,648.85,100.45,1850,0,0,0.0,0,F1,925,,,,,
2026-02-18,2026-02-18,FO,NSE,STO,109834,,ICICIPRULI,,2026-03-30,2026-03-30,540.0,PE,ICICIPRULI26MAR540PE,0.0,0.0,0.0,2.05,0.0,2.05,648.85,0.05,0,0,0,0.0,0,F1,925,,,,,
2026-02-18,2026-02-18,FO,NSE,STO,109842,,ICICIPRULI,,2026-03-30,2026-03-30,580.0,PE,ICICIPRULI26MAR580PE,0.0,0.0,0.0,6.55,0.0,6.55,648.85,1.0,0,0,0,0.0,0,F1,925,,,,,
2026-02-18,2026-02-18,FO,NSE,STO,109986,,ICICIPRULI,,2026-03-30,2026-03-30,660.0,PE,ICICIPRULI26MAR660PE,0.0,0.0,0.0,32.45,0.0,32.45,648.85,22.75,0,0,0,0.0,0,F1,925,,,,,
2026-02-18,2026-02-18,FO,NSE,STO,121819,,ICICIPRULI,,2026-04-28,2026-04-28,670.0,PE,ICICIPRULI26APR670PE,0.0,0.0,0.0,43.05,0.0,43.05,648.85,32.75,0,0,0,0.0,0,F1,925,,,,,
2026-02-18,2026-02-18,FO,NSE,STO,109739,,ICICIPRULI,,2026-02-24,2026-02-24,605.0,PE,ICICIPRULI26FEB605PE,0.0,0.0,0.0,1.4,1.55,1.4,648.85,0.05,49950,0,0,0.0,0,F1,925,,,,,
2026-02-18,2026-02-18,FO,NSE,STO,109846,,ICICIPRULI,,2026-03-30,2026-03-30,600.0,PE,ICICIPRULI26MAR600PE,0.0,0.0,0.0,10.55,0.0,10.55,648.85,2.75,0,0,0,0.0,0,F1,925,,,,,
2026-02-18,2026-02-18,FO,NSE,STO,121816,,ICICIPRULI,,2026-04-28,2026-04-28,660.0,CE,ICICIPRULI26APR660CE,0.0,0.0,0.0,31.35,0.0,31.35,648.85,22.75,0,0,0,0.0,0,F1,925,,,,,
2026-02-18,2026-02-18,FO,NSE,STO,110055,,ICICIPRULI,,2026-03-30,2026-03-30,740.0,CE,ICICIPRULI26MAR740CE,0.0,0.0,0.0,11.0,0.0,11.0,648.85,0.85,0,0,0,0.0,0,F1,925,,,,,
2026-02-18,2026-02-18,FO,NSE,STO,110039,,ICICIPRULI,,2026-03-30,2026-03-30,700.0,CE,ICICIPRULI26MAR700CE,3.4,5.1,2.8,4.8,4.5,3.05,648.85,4.8,173900,163725,316,205853477.5,177,F1,925,,,,,
2026-02-18,2026-02-18,FO,NSE,STO,121399,,ICICIPRULI,,2026-03-30,2026-03-30,665.0,CE,ICICIPRULI26MAR665CE,0.0,0.0,0.0,10.65,10.65,10.65,648.85,13.55,7400,0,0,0.0,0,F1,925,,,,,
2026-02-18,2026-02-18,FO,NSE,STO,121391,,ICICIPRULI,,2026-03-30,2026-03-30,625.0,CE,ICICIPRULI26MAR625CE,0.0,0.0,0.0,42.15,0.0,42.15,648.85,35.45,0,0,0,0.0,0,F1,925,,,,,
2026-02-18,2026-02-18,FO,NSE,STO,121387,,ICICIPRULI,,2026-03-30,2026-03-30,605.0,CE,ICICIPRULI26MAR605CE,0.0,0.0,0.0,55.55,0.0,55.55,648.85,50.95,0,0,0,0.0,0,F1,925,,,,,
2026-02-18,2026-02-18,FO,NSE,STO,102522,,ICICIPRULI,,2026-02-24,2026-02-24,600.0,CE,ICICIPRULI26FEB600CE,41.45,41.45,38.9,40.45,40.45,41.7,648.85,49.4,5550,2775,6,3551815.0,6,F1,925,,,,,
2026-02-18,2026-02-18,FO,NSE,STO,109723,,ICICIPRULI,,2026-02-24,2026-02-24,565.0,CE,ICICIPRULI26FEB565CE,0.0,0.0,0.0,97.0,0.0,97.0,648.85,84.35,0,0,0,0.0,0,F1,925,,,,,
2026-02-18,2026-02-18,FO,NSE,STO,122090,,ICICIPRULI,,2026-04-28,2026-04-28,720.0,PE,ICICIPRULI26APR720PE,0.0,0.0,0.0,77.45,0.0,77.45,648.85,69.35,0,0,0,0.0,0,F1,925,,,,,
2026-02-18,2026-02-18,FO,NSE,STO,121410,,ICICIPRULI,,2026-03-30,2026-03-30,715.0,PE,ICICIPRULI26MAR715PE,0.0,0.0,0.0,71.7,0.0,71.7,648.85,64.35,0,0,0,0.0,0,F1,925,,,,,
2026-02-18,2026-02-18,FO,NSE,STO,110042,,ICICIPRULI,,2026-03-30,2026-03-30,710.0,PE,ICICIPRULI26MAR710PE,0.0,0.0,0.0,62.6,0.0,62.6,648.85,59.9,0,0,0,0.0,0,F1,925,,,,,
2026-02-18,2026-02-18,FO,NSE,STO,109766,,ICICIPRULI,,2026-02-24,2026-02-24,705.0,CE,ICICIPRULI26FEB705CE,0.0,0.0,0.0,0.5,0.5,0.5,648.85,0.05,26825,0,0,0.0,0,F1,925,,,,,
2026-02-18,2026-02-18,FO,NSE,STO,109845,,ICICIPRULI,,2026-03-30,2026-03-30,600.0,CE,ICICIPRULI26MAR600CE,0.0,0.0,0.0,74.3,0.0,74.3,648.85,55.2,0,0,0,0.0,0,F1,925,,,,,
2026-02-18,2026-02-18,FO,NSE,STO,121407,,ICICIPRULI,,2026-03-30,2026-03-30,705.0,CE,ICICIPRULI26MAR705CE,0.0,0.0,0.0,10.0,0.0,10.0,648.85,3.65,0,0,0,0.0,0,F1,925,,,,,
2026-02-18,2026-02-18,FO,NSE,STO,121750,,ICICIPRULI,,2026-04-28,2026-04-28,520.0,PE,ICICIPRULI26APR520PE,0.0,0.0,0.0,1.35,0.0,1.35,648.85,0.15,0,0,0,0.0,0,F1,925,,,,,
2026-02-18,2026-02-18,FO,NSE,STO,109767,,ICICIPRULI,,2026-02-24,2026-02-24,705.0,PE,ICICIPRULI26FEB705PE,0.0,0.0,0.0,55.4,0.0,55.4,648.85,55.5,0,0,0,0.0,0,F1,925,,,,,
2026-02-18,2026-02-18,FO,NSE,STO,122049,,ICICIPRULI,,2026-04-28,2026-04-28,710.0,CE,ICICIPRULI26APR710CE,0.0,0.0,0.0,14.6,0.0,14.6,648.85,7.3,0,0,0,0.0,0,F1,925,,,,,
2026-02-18,2026-02-18,FO,NSE,STO,102556,,ICICIPRULI,,2026-02-24,2026-02-24,660.0,CE,ICICIPRULI26FEB660CE,1.2,3.7,1.15,3.25,2.85,1.45,648.85,3.25,500425,1850,1721,1054136151.25,1255,F1,925,,,,,
2026-02-18,2026-02-18,FO,NSE,STO,102550,,ICICIPRULI,,2026-02-24,2026-02-24,630.0,CE,ICICIPRULI26FEB630CE,10.1,22.4,10.1,21.75,20.9,13.4,648.85,21.75,107300,0,38,22685347.5,34,F1,925,,,,,
2026-02-18,2026-02-18,FO,NSE,STO,121773,,ICICIPRULI,,2026-04-28,2026-04-28,630.0,CE,ICICIPRULI26APR630CE,0.0,0.0,0.0,46.55,0.0,46.55,648.85,39.0,0,0,0,0.0,0,F1,925,,,,,
2026-02-18,2026-02-18,FO,NSE,STO,121393,,ICICIPRULI,,2026-03-30,2026-03-30,635.0,CE,ICICIPRULI26MAR635CE,0.0,0.0,0.0,36.25,0.0,36.25,648.85,28.75,0,0,0,0.0,0,F1,925,,,,,
2026-02-18,2026-02-18,FO,NSE,STO,109853,,ICICIPRULI,,2026-03-30,2026-03-30,640.0,CE,ICICIPRULI26MAR640CE,22.0,26.05,18.25,25.35,24.8,18.95,648.85,25.35,70300,54575,133,81487690.0,113,F1,925,,,,,
2026-02-18,2026-02-18,FO,NSE,STO,121395,,ICICIPRULI,,2026-03-30,2026-03-30,645.0,CE,ICICIPRULI26MAR645CE,0.0,0.0,0.0,30.95,0.0,30.95,648.85,22.85,0,0,0,0.0,0,F1,925,,,,,
2026-02-18,2026-02-18,FO,NSE,STO,122133,,ICICIPRULI,,2026-04-28,2026-04-28,760.0,CE,ICICIPRULI26APR760CE,0.0,0.0,0.0,5.95,0.0,5.95,648.85,1.75,0,0,0,0.0,0,F1,925,,,,,
2026-02-18,2026-02-18,FO,NSE,STO,102507,,ICICIPRULI,,2026-02-24,2026-02-24,560.0,PE,ICICIPRULI26FEB560PE,0.0,0.0,0.0,10.1,0.0,10.1,648.85,0.05,0,0,0,0.0,0,F1,925,,,,,
2026-02-18,2026-02-18,FO,NSE,STO,102506,,ICICIPRULI,,2026-02-24,2026-02-24,560.0,CE,ICICIPRULI26FEB560CE,0.0,0.0,0.0,70.8,0.0,70.8,648.85,89.35,0,0,0,0.0,0,F1,925,,,,,
2026-02-18,2026-02-18,FO,NSE,STO,109727,,ICICIPRULI,,2026-02-24,2026-02-24,585.0,CE,ICICIPRULI26FEB585CE,0.0,0.0,0.0,79.2,0.0,79.2,648.85,64.4,0,0,0,0.0,0,F1,925,,,,,
2026-02-18,2026-02-18,FO,NSE,STO,102537,,ICICIPRULI,,2026-02-24,2026-02-24,610.0,CE,ICICIPRULI26FEB610CE,0.0,0.0,0.0,32.3,32.3,32.3,648.85,39.5,9250,0,0,0.0,0,F1,925,,,,,
2026-02-18,2026-02-18,FO,NSE,STO,102551,,ICICIPRULI,,2026-02-24,2026-02-24,630.0,PE,ICICIPRULI26FEB630PE,4.15,4.15,1.05,1.2,1.15,3.9,648.85,1.2,87875,-11100,210,122777840.0,190,F1,925,,,,,
2026-02-18,2026-02-18,FO,NSE,STO,109840,,ICICIPRULI,,2026-03-30,2026-03-30,570.0,PE,ICICIPRULI26MAR570PE,0.0,0.0,0.0,5.0,0.0,5.0,648.85,0.55,0,0,0,0.0,0,F1,925,,,,,
2026-02-18,2026-02-18,FO,NSE,STO,121378,,ICICIPRULI,,2026-03-30,2026-03-30,585.0,PE,ICICIPRULI26MAR585PE,0.0,0.0,0.0,5.95,0.0,5.95,648.85,1.3,0,0,0,0.0,0,F1,925,,,,,
2026-02-18,2026-02-18,FO,NSE,STO,110038,,ICICIPRULI,,2026-03-30,2026-03-30,690.0,PE,ICICIPRULI26MAR690PE,0.0,0.0,0.0,49.3,0.0,49.3,648.85,43.25,0,0,0,0.0,0,F1,925,,,,,
2026-02-18,2026-02-18,FO,NSE,STO,110046,,ICICIPRULI,,2026-03-30,2026-03-30,730.0,PE,ICICIPRULI26MAR730PE,0.0,0.0,0.0,77.4,0.0,77.4,648.85,78.1,0,0,0,0.0,0,F1,925,,,,,
2026-02-18,2026-02-18,FO,NSE,STO,121817,,ICICIPRULI,,2026-04-28,2026-04-28,660.0,PE,ICICIPRULI26APR660PE,0.0,0.0,0.0,37.4,0.0,37.4,648.85,27.05,0,0,0,0.0,0,F1,925,,,,,
2026-02-18,2026-02-18,FO,NSE,STO,122135,,ICICIPRULI,,2026-04-28,2026-04-28,760.0,PE,ICICIPRULI26APR760PE,0.0,0.0,0.0,110.5,0.0,110.5,648.85,105.05,0,0,0,0.0,0,F1,925,,,,,
2026-02-18,2026-02-18,FO,NSE,STO,109758,,ICICIPRULI,,2026-02-24,2026-02-24,665.0,CE,ICICIPRULI26FEB665CE,1.0,2.5,0.85,2.1,1.95,1.0,648.85,2.1,246050,7400,166,102327755.0,166,F1,925,,,,,
2026-02-18,2026-02-18,FO,NSE,STO,102562,,ICICIPRULI,,2026-02-24,2026-02-24,690.0,CE,ICICIPRULI26FEB690CE,0.35,0.65,0.35,0.6,0.45,0.4,648.85,0.6,126725,0,59,37680615.0,58,F1,925,,,,,
2026-02-18,2026-02-18,FO,NSE,STO,102687,,ICICIPRULI,,2026-02-24,2026-02-24,780.0,CE,ICICIPRULI26FEB780CE,0.0,0.0,0.0,0.15,0.15,0.15,648.85,0.05,10175,0,0,0.0,0,F1,925,,,,,
2026-02-18,2026-02-18,FO,NSE,STO,109835,,ICICIPRULI,,2026-03-30,2026-03-30,550.0,CE,ICICIPRULI26MAR550CE,0.0,0.0,0.0,115.8,0.0,115.8,648.85,102.3,0,0,0,0.0,0,F1,925,,,,,
2026-02-18,2026-02-18,FO,NSE,STO,121373,,ICICIPRULI,,2026-03-30,2026-03-30,565.0,CE,ICICIPRULI26MAR565CE,0.0,0.0,0.0,87.85,0.0,87.85,648.85,87.65,0,0,0,0.0,0,F1,925,,,,,
2026-02-18,2026-02-18,FO,NSE,STO,121389,,ICICIPRULI,,2026-03-30,2026-03-30,615.0,CE,ICICIPRULI26MAR615CE,0.0,0.0,0.0,48.6,0.0,48.6,648.85,42.9,0,0,0,0.0,0,F1,925,,,,,
2026-02-18,2026-02-18,FO,NSE,STO,121759,,ICICIPRULI,,2026-04-28,2026-04-28,570.0,CE,ICICIPRULI26APR570CE,0.0,0.0,0.0,88.85,0.0,88.85,648.85,86.6,0,0,0,0.0,0,F1,925,,,,,
2026-02-18,2026-02-18,FO,NSE,STO,121761,,ICICIPRULI,,2026-04-28,2026-04-28,580.0,CE,ICICIPRULI26APR580CE,0.0,0.0,0.0,80.8,0.0,80.8,648.85,77.6,0,0,0,0.0,0,F1,925,,,,,
2026-02-18,2026-02-18,FO,NSE,STO,102499,,ICICIPRULI,,2026-02-24,2026-02-24,530.0,PE,ICICIPRULI26FEB530PE,0.0,0.0,0.0,4.6,0.0,4.6,648.85,0.05,0,0,0,0.0,0,F1,925,,,,,
2026-02-18,2026-02-18,FO,NSE,STO,121749,,ICICIPRULI,,2026-04-28,2026-04-28,520.0,CE,ICICIPRULI26APR520CE,0.0,0.0,0.0,133.15,0.0,133.15,648.85,134.35,0,0,0,0.0,0,F1,925,,,,,
2026-02-18,2026-02-18,FO,NSE,STO,121403,,ICICIPRULI,,2026-03-30,2026-03-30,685.0,CE,ICICIPRULI26MAR685CE,7.0,7.0,7.0,7.0,7.0,6.8,648.85,7.0,3700,0,1,640100.0,1,F1,925,,,,,
2026-02-18,2026-02-18,FO,NSE,STO,102516,,ICICIPRULI,,2026-02-24,2026-02-24,570.0,PE,ICICIPRULI26FEB570PE,0.0,0.0,0.0,0.55,0.55,0.55,648.85,0.05,26825,0,0,0.0,0,F1,925,,,,,
2026-02-18,2026-02-18,FO,NSE,STO,121758,,ICICIPRULI,,2026-04-28,2026-04-28,560.0,PE,ICICIPRULI26APR560PE,0.0,0.0,0.0,4.8,0.0,4.8,648.85,1.2,0,0,0,0.0,0,F1,925,,,,,
2026-02-18,2026-02-18,FO,NSE,STO,121768,,ICICIPRULI,,2026-04-28,2026-04-28,600.0,PE,ICICIPRULI26APR600PE,0.0,0.0,0.0,12.85,0.0,12.85,648.85,5.65,0,0,0,0.0,0,F1,925,,,,,
2026-02-18,2026-02-18,FO,NSE,STO,121807,,ICICIPRULI,,2026-04-28,2026-04-28,640.0,PE,ICICIPRULI26APR640PE,0.0,0.0,0.0,27.35,0.0,27.35,648.85,17.5,0,0,0,0.0,0,F1,925,,,,,
2026-02-18,2026-02-18,FO,NSE,STO,121815,,ICICIPRULI,,2026-04-28,2026-04-28,650.0,PE,ICICIPRULI26APR650PE,0.0,0.0,0.0,32.15,0.0,32.15,648.85,21.95,0,0,0,0.0,0,F1,925,,,,,
2026-02-18,2026-02-18,FO,NSE,STO,122042,,ICICIPRULI,,2026-04-28,2026-04-28,700.0,PE,ICICIPRULI26APR700PE,0.0,0.0,0.0,62.6,0.0,62.6,648.85,53.3,0,0,0,0.0,0,F1,925,,,,,
2026-02-18,2026-02-18,FO,NSE,STO,122067,,ICICIPRULI,,2026-04-28,2026-04-28,710.0,PE,ICICIPRULI26APR710PE,0.0,0.0,0.0,69.85,0.0,69.85,648.85,61.1,0,0,0,0.0,0,F1,925,,,,,
2026-02-18,2026-02-18,FO,NSE,STF,51912,,ICICIPRULI,,2026-03-30,2026-03-30,,,ICICIPRULI26MARFUT,641.75,655.9,640.8,653.9,653.2,642.6,648.85,653.9,1962850,1697375,2727,1630084117.5,2715,F1,925,,,,,
2026-02-18,2026-02-18,FO,NSE,STO,102545,,ICICIPRULI,,2026-02-24,2026-02-24,620.0,CE,ICICIPRULI26FEB620CE,0.0,0.0,0.0,28.25,27.8,28.25,648.85,29.8,25900,0,0,0.0,0,F1,925,,,,,
2026-02-18,2026-02-18,FO,NSE,STO,121398,,ICICIPRULI,,2026-03-30,2026-03-30,655.0,PE,ICICIPRULI26MAR655PE,0.0,0.0,0.0,30.45,0.0,30.45,648.85,20.0,0,0,0,0.0,0,F1,925,,,,,
2026-02-18,2026-02-18,FO,NSE,STO,102515,,ICICIPRULI,,2026-02-24,2026-02-24,570.0,CE,ICICIPRULI26FEB570CE,0.0,0.0,0.0,70.4,70.4,70.4,648.85,79.35,1850,0,0,0.0,0,F1,925,,,,,
2026-02-18,2026-02-18,FO,NSE,STO,109764,,ICICIPRULI,,2026-02-24,2026-02-24,695.0,CE,ICICIPRULI26FEB695CE,0.0,0.0,0.0,0.4,0.4,0.4,648.85,0.05,6475,0,0,0.0,0,F1,925,,,,,
2026-02-18,2026-02-18,FO,NSE,STO,102566,,ICICIPRULI,,2026-02-24,2026-02-24,710.0,CE,ICICIPRULI26FEB710CE,0.0,0.0,0.0,0.3,0.3,0.3,648.85,0.05,61975,0,0,0.0,0,F1,925,,,,,
2026-02-18,2026-02-18,FO,NSE,STO,102676,,ICICIPRULI,,2026-02-24,2026-02-24,730.0,CE,ICICIPRULI26FEB730CE,0.0,0.0,0.0,10.0,10.0,10.0,648.85,0.05,925,0,0,0.0,0,F1,925,,,,,
2026-02-18,2026-02-18,FO,NSE,STO,109772,,ICICIPRULI,,2026-02-24,2026-02-24,735.0,CE,ICICIPRULI26FEB735CE,0.0,0.0,0.0,1.85,1.85,1.85,648.85,0.05,925,0,0,0.0,0,F1,925,,,,,
2026-02-18,2026-02-18,FO,NSE,STO,102682,,ICICIPRULI,,2026-02-24,2026-02-24,760.0,CE,ICICIPRULI26FEB760CE,0.0,0.0,0.0,2.85,0.0,2.85,648.85,0.05,0,0,0,0.0,0,F1,925,,,,,
2026-02-18,2026-02-18,FO,NSE,STO,102561,,ICICIPRULI,,2026-02-24,2026-02-24,680.0,PE,ICICIPRULI26FEB680PE,39.25,39.25,29.75,30.5,31.2,38.95,648.85,30.5,16650,2775,17,11249896.25,13,F1,925,,,,,
2026-02-18,2026-02-18,FO,NSE,STO,102683,,ICICIPRULI,,2026-02-24,2026-02-24,760.0,PE,ICICIPRULI26FEB760PE,0.0,0.0,0.0,139.15,0.0,139.15,648.85,110.45,0,0,0,0.0,0,F1,925,,,,,
2026-02-18,2026-02-18,FO,NSE,STO,102554,,ICICIPRULI,,2026-02-24,2026-02-24,650.0,CE,ICICIPRULI26FEB650CE,3.15,7.95,2.6,6.9,6.3,3.2,648.85,6.9,354275,0,1572,952258270.0,1316,F1,925,,,,,
2026-02-18,2026-02-18,FO,NSE,STO,102553,,ICICIPRULI,,2026-02-24,2026-02-24,640.0,PE,ICICIPRULI26FEB640PE,6.95,8.1,2.4,2.75,3.0,7.55,648.85,2.75,247900,21275,342,203723202.5,276,F1,925,,,,,
2026-02-18,2026-02-18,FO,NSE,STO,121392,,ICICIPRULI,,2026-03-30,2026-03-30,625.0,PE,ICICIPRULI26MAR625PE,0.0,0.0,0.0,16.75,0.0,16.75,648.85,7.85,0,0,0,0.0,0,F1,925,,,,,
2026-02-18,2026-02-18,FO,NSE,STO,121386,,ICICIPRULI,,2026-03-30,2026-03-30,595.0,PE,ICICIPRULI26MAR595PE,0.0,0.0,0.0,7.95,0.0,7.95,648.85,2.2,0,0,0,0.0,0,F1,925,,,,,
2026-02-18,2026-02-18,FO,NSE,STO,121774,,ICICIPRULI,,2026-04-28,2026-04-28,630.0,PE,ICICIPRULI26APR630PE,0.0,0.0,0.0,23.05,0.0,23.05,648.85,13.65,0,0,0,0.0,0,F1,925,,,,,
2026-02-18,2026-02-18,FO,NSE,STO,121764,,ICICIPRULI,,2026-04-28,2026-04-28,590.0,PE,ICICIPRULI26APR590PE,0.0,0.0,0.0,10.25,0.0,10.25,648.85,4.0,0,0,0,0.0,0,F1,925,,,,,
2026-02-18,2026-02-18,FO,NSE,STO,121754,,ICICIPRULI,,2026-04-28,2026-04-28,540.0,PE,ICICIPRULI26APR540PE,0.0,0.0,0.0,2.65,0.0,2.65,648.85,0.45,0,0,0,0.0,0,F1,925,,,,,
2026-02-18,2026-02-18,FO,NSE,STO,121402,,ICICIPRULI,,2026-03-30,2026-03-30,675.0,PE,ICICIPRULI26MAR675PE,0.0,0.0,0.0,42.35,0.0,42.35,648.85,32.2,0,0,0,0.0,0,F1,925,,,,,
2026-02-18,2026-02-18,FO,NSE,STO,109864,,ICICIPRULI,,2026-03-30,2026-03-30,650.0,PE,ICICIPRULI26MAR650PE,0.0,0.0,0.0,27.65,0.0,27.65,648.85,17.45,0,0,0,0.0,0,F1,925,,,,,
2026-02-18,2026-02-18,FO,NSE,STO,121390,,ICICIPRULI,,2026-03-30,2026-03-30,615.0,PE,ICICIPRULI26MAR615PE,0.0,0.0,0.0,6.55,6.55,6.55,648.85,5.35,12025,0,0,0.0,0,F1,925,,,,,
2026-02-18,2026-02-18,FO,NSE,STO,109848,,ICICIPRULI,,2026-03-30,2026-03-30,610.0,PE,ICICIPRULI26MAR610PE,0.0,0.0,0.0,12.0,12.0,12.0,648.85,4.35,2775,0,0,0.0,0,F1,925,,,,,
2026-02-18,2026-02-18,FO,NSE,STO,102677,,ICICIPRULI,,2026-02-24,2026-02-24,730.0,PE,ICICIPRULI26FEB730PE,0.0,0.0,0.0,112.05,0.0,112.05,648.85,80.5,0,0,0,0.0,0,F1,925,,,,,
2026-02-18,2026-02-18,FO,NSE,STO,109765,,ICICIPRULI,,2026-02-24,2026-02-24,695.0,PE,ICICIPRULI26FEB695PE,0.0,0.0,0.0,48.2,0.0,48.2,648.85,45.55,0,0,0,0.0,0,F1,925,,,,,
2026-02-18,2026-02-18,FO,NSE,STO,109759,,ICICIPRULI,,2026-02-24,2026-02-24,665.0,PE,ICICIPRULI26FEB665PE,25.8,26.35,25.1,25.1,25.1,26.95,648.85,17.6,4625,3700,4,2556191.25,4,F1,925,,,,,
2026-02-18,2026-02-18,FO,NSE,STO,109755,,ICICIPRULI,,2026-02-24,2026-02-24,645.0,PE,ICICIPRULI26FEB645PE,11.3,11.3,3.6,4.15,4.25,11.1,648.85,4.15,115625,61050,166,99914430.0,158,F1,925,,,,,
2026-02-18,2026-02-18,FO,NSE,STO,109749,,ICICIPRULI,,2026-02-24,2026-02-24,615.0,PE,ICICIPRULI26FEB615PE,1.2,1.25,0.45,0.55,0.6,1.4,648.85,0.55,335775,2775,207,117924180.0,195,F1,925,,,,,
2026-02-18,2026-02-18,FO,NSE,STO,109726,,ICICIPRULI,,2026-02-24,2026-02-24,575.0,PE,ICICIPRULI26FEB575PE,0.0,0.0,0.0,0.6,0.6,0.6,648.85,0.05,89725,0,0,0.0,0,F1,925,,,,,
2026-02-18,2026-02-18,FO,NSE,STO,110056,,ICICIPRULI,,2026-03-30,2026-03-30,740.0,PE,ICICIPRULI26MAR740PE,0.0,0.0,0.0,85.2,0.0,85.2,648.85,87.55,0,0,0,0.0,0,F1,925,,,,,
2026-02-18,2026-02-18,FO,NSE,STO,121408,,ICICIPRULI,,2026-03-30,2026-03-30,705.0,PE,ICICIPRULI26MAR705PE,0.0,0.0,0.0,63.75,0.0,63.75,648.85,55.6,0,0,0,0.0,0,F1,925,,,,,
2026-02-18,2026-02-18,FO,NSE,STO,121404,,ICICIPRULI,,2026-03-30,2026-03-30,685.0,PE,ICICIPRULI26MAR685PE,0.0,0.0,0.0,49.05,0.0,49.05,648.85,39.4,0,0,0,0.0,0,F1,925,,,,,
2026-02-18,2026-02-18,FO,NSE,STO,121400,,ICICIPRULI,,2026-03-30,2026-03-30,665.0,PE,ICICIPRULI26MAR665PE,0.0,0.0,0.0,36.15,0.0,36.15,648.85,25.7,0,0,0,0.0,0,F1,925,,,,,
2026-02-18,2026-02-18,FO,NSE,STO,122098,,ICICIPRULI,,2026-04-28,2026-04-28,740.0,PE,ICICIPRULI26APR740PE,0.0,0.0,0.0,93.45,0.0,93.45,648.85,86.7,0,0,0,0.0,0,F1,925,,,,,
2026-02-18,2026-02-18,FO,NSE,STO,121852,,ICICIPRULI,,2026-04-28,2026-04-28,690.0,PE,ICICIPRULI26APR690PE,0.0,0.0,0.0,55.7,0.0,55.7,648.85,45.95,0,0,0,0.0,0,F1,925,,,,,
2026-02-18,2026-02-18,FO,NSE,STO,109837,,ICICIPRULI,,2026-03-30,2026-03-30,560.0,CE,ICICIPRULI26MAR560CE,0.0,0.0,0.0,106.95,0.0,106.95,648.85,92.5,0,0,0,0.0,0,F1,925,,,,,
2026-02-18,2026-02-18,FO,NSE,STO,109841,,ICICIPRULI,,2026-03-30,2026-03-30,580.0,CE,ICICIPRULI26MAR580CE,0.0,0.0,0.0,89.95,0.0,89.95,648.85,73.3,0,0,0,0.0,0,F1,925,,,,,
2026-02-18,2026-02-18,FO,NSE,STO,109847,,ICICIPRULI,,2026-03-30,2026-03-30,610.0,CE,ICICIPRULI26MAR610CE,0.0,0.0,0.0,67.05,0.0,67.05,648.85,46.85,0,0,0,0.0,0,F1,925,,,,,
2026-02-18,2026-02-18,FO,NSE,STO,109863,,ICICIPRULI,,2026-03-30,2026-03-30,650.0,CE,ICICIPRULI26MAR650CE,16.0,21.2,15.5,19.8,19.0,42.15,648.85,19.8,7400,7400,16,9891672.5,15,F1,925,,,,,
2026-02-18,2026-02-18,FO,NSE,STO,121814,,ICICIPRULI,,2026-04-28,2026-04-28,650.0,CE,ICICIPRULI26APR650CE,0.0,0.0,0.0,35.95,0.0,35.95,648.85,27.55,0,0,0,0.0,0,F1,925,,,,,
2026-02-18,2026-02-18,FO,NSE,STO,121396,,ICICIPRULI,,2026-03-30,2026-03-30,645.0,PE,ICICIPRULI26MAR645PE,0.0,0.0,0.0,25.35,0.0,25.35,648.85,15.1,0,0,0,0.0,0,F1,925,,,,,
2026-02-18,2026-02-18,FO,NSE,STO,109836,,ICICIPRULI,,2026-03-30,2026-03-30,550.0,PE,ICICIPRULI26MAR550PE,0.0,0.0,0.0,2.8,0.0,2.8,648.85,0.15,0,0,0,0.0,0,F1,925,,,,,
2026-02-18,2026-02-18,FO,NSE,STO,102521,,ICICIPRULI,,2026-02-24,2026-02-24,590.0,PE,ICICIPRULI26FEB590PE,0.45,0.45,0.35,0.35,0.35,0.65,648.85,0.35,87875,-5550,11,6007273.75,9,F1,925,,,,,
2026-02-18,2026-02-18,FO,NSE,STO,102518,,ICICIPRULI,,2026-02-24,2026-02-24,580.0,PE,ICICIPRULI26FEB580PE,0.3,0.3,0.3,0.3,0.3,0.6,648.85,0.05,12025,0,7,3757442.5,6,F1,925,,,,,
2026-02-18,2026-02-18,FO,NSE,STO,109724,,ICICIPRULI,,2026-02-24,2026-02-24,565.0,PE,ICICIPRULI26FEB565PE,0.0,0.0,0.0,1.95,0.0,1.95,648.85,0.05,0,0,0,0.0,0,F1,925,,,,,
2026-02-18,2026-02-18,FO,NSE,STO,110311,,IDEA,,2026-02-24,2026-02-24,15.0,CE,IDEA26FEB15CE,0.01,0.02,0.01,0.01,0.01,0.01,11.56,0.01,44314500,-3573750,150,160935254.25,63,F1,71475,,,,,
2026-02-18,2026-02-18,FO,NSE,STO,102835,,IDEA,,2026-02-24,2026-02-24,6.0,CE,IDEA26FEB6CE,5.58,5.62,5.58,5.61,5.61,5.4,11.56,5.57,13866150,214425,4,3317869.5,4,F1,71475,,,,,
2026-02-18,2026-02-18,FO,NSE,STO,122461,,IDEA,,2026-04-28,2026-04-28,18.0,PE,IDEA26APR18PE,0.0,0.0,0.0,7.97,0.0,7.97,11.56,6.3,0,0,0,0.0,0,F1,71475,,,,,
2026-02-18,2026-02-18,FO,NSE,STO,102836,,IDEA,,2026-02-24,2026-02-24,6.0,PE,IDEA26FEB6PE,0.01,0.01,0.01,0.01,0.01,0.01,11.56,0.01,10220925,428850,6,2577388.5,6,F1,71475,,,,,
2026-02-18,2026-02-18,FO,NSE,STO,102843,,IDEA,,2026-02-24,2026-02-24,14.0,CE,IDEA26FEB14CE,0.02,0.02,0.01,0.01,0.02,0.02,11.56,0.01,140662800,-1929825,201,201394392.75,66,F1,71475,,,,,
2026-02-18,2026-02-18,FO,NSE,STO,110396,,IDEA,,2026-03-30,2026-03-30,14.0,CE,IDEA26MAR14CE,0.18,0.21,0.17,0.17,0.17,0.18,11.56,0.17,134587425,1143600,1575,1597282559.25,457,F1,71475,,,,,
2026-02-18,2026-02-18,FO,NSE,STO,102838,,IDEA,,2026-02-24,2026-02-24,8.0,PE,IDEA26FEB8PE,0.01,0.01,0.01,0.01,0.01,0.01,11.56,0.01,69402225,-2287200,74,42366091.5,21,F1,71475,,,,,
2026-02-18,2026-02-18,FO,NSE,STO,110398,,IDEA,,2026-03-30,2026-03-30,16.0,CE,IDEA26MAR16CE,0.08,0.09,0.07,0.07,0.08,0.09,11.56,0.07,59824575,500325,89,102290016.75,50,F1,71475,,,,,
2026-02-18,2026-02-18,FO,NSE,STO,110392,,IDEA,,2026-03-30,2026-03-30,12.0,CE,IDEA26MAR12CE,0.58,0.68,0.56,0.56,0.57,0.57,11.56,0.56,144450975,34450950,1529,1378710579.75,875,F1,71475,,,,,
2026-02-18,2026-02-18,FO,NSE,STO,110385,,IDEA,,2026-03-30,2026-03-30,10.0,CE,IDEA26MAR10CE,1.8,1.92,1.8,1.85,1.86,1.73,11.56,1.85,29161800,3216375,125,106061037.75,104,F1,71475,,,,,
2026-02-18,2026-02-18,FO,NSE,STO,110259,,IDEA,,2026-02-24,2026-02-24,13.0,CE,IDEA26FEB13CE,0.03,0.04,0.02,0.02,0.02,0.02,11.56,0.02,218356125,-285900,1654,1540448498.25,530,F1,71475,,,,,
2026-02-18,2026-02-18,FO,NSE,STO,122453,,IDEA,,2026-04-28,2026-04-28,12.0,PE,IDEA26APR12PE,1.23,1.23,1.14,1.15,1.15,1.35,11.56,1.15,4431450,1358025,24,22602539.25,22,F1,71475,,,,,
2026-02-18,2026-02-18,FO,NSE,STO,122275,,IDEA,,2026-04-28,2026-04-28,8.0,CE,IDEA26APR8CE,0.0,0.0,0.0,2.4,0.0,2.4,11.56,3.7,0,0,0,0.0,0,F1,71475,,,,,
2026-02-18,2026-02-18,FO,NSE,STO,110257,,IDEA,,2026-02-24,2026-02-24,11.0,CE,IDEA26FEB11CE,0.56,0.76,0.55,0.65,0.62,0.54,11.56,0.65,190909725,-5575050,1928,1607998091.25,1435,F1,71475,,,,,
2026-02-18,2026-02-18,FO,NSE,STO,110400,,IDEA,,2026-03-30,2026-03-30,18.0,CE,IDEA26MAR18CE,0.04,0.05,0.04,0.04,0.04,0.05,11.56,0.04,22300200,2001300,57,73524903.0,38,F1,71475,,,,,
2026-02-18,2026-02-18,FO,NSE,STO,110245,,IDEA,,2026-02-24,2026-02-24,7.0,PE,IDEA26FEB7PE,0.01,0.01,0.01,0.01,0.01,0.01,11.56,0.01,12436650,-643275,90,45093577.5,32,F1,71475,,,,,
2026-02-18,2026-02-18,FO,NSE,STO,110384,,IDEA,,2026-03-30,2026-03-30,8.0,PE,IDEA26MAR8PE,0.04,0.04,0.04,0.04,0.04,0.05,11.56,0.01,5289150,142950,8,4597272.0,8,F1,71475,,,,,
2026-02-18,2026-02-18,FO,NSE,STO,122215,,IDEA,,2026-03-30,2026-03-30,11.0,PE,IDEA26MAR11PE,0.5,0.5,0.39,0.41,0.42,0.52,11.56,0.41,54892800,-1858350,432,352997871.0,337,F1,71475,,,,,
2026-02-18,2026-02-18,FO,NSE,STO,110393,,IDEA,,2026-03-30,2026-03-30,12.0,PE,IDEA26MAR12PE,1.1,1.1,0.86,0.88,0.88,1.05,11.56,0.88,29733600,6289800,256,236141249.25,207,F1,71475,,,,,
2026-02-18,2026-02-18,FO,NSE,STF,51913,,IDEA,,2026-03-30,2026-03-30,,,IDEA26MARFUT,11.51,11.76,11.5,11.67,11.67,11.49,11.56,11.67,1032027525,335503650,7165,5982435342.75,3543,F1,71475,,,,,
2026-02-18,2026-02-18,FO,NSE,STO,110244,,IDEA,,2026-02-24,2026-02-24,7.0,CE,IDEA26FEB7CE,4.49,4.65,4.49,4.65,4.65,4.38,11.56,4.57,3001950,-285900,7,5793048.75,5,F1,71475,,,,,
2026-02-18,2026-02-18,FO,NSE,STO,122235,,IDEA,,2026-04-28,2026-04-28,6.0,CE,IDEA26APR6CE,0.0,0.0,0.0,3.99,0.0,3.99,11.56,5.62,0,0,0,0.0,0,F1,71475,,,,,
2026-02-18,2026-02-18,FO,NSE,STO,122455,,IDEA,,2026-04-28,2026-04-28,14.0,PE,IDEA26APR14PE,0.0,0.0,0.0,4.28,0.0,4.28,11.56,2.7,0,0,0,0.0,0,F1,71475,,,,,
2026-02-18,2026-02-18,FO,NSE,STO,102840,,IDEA,,2026-02-24,2026-02-24,10.0,PE,IDEA26FEB10PE,0.03,0.03,0.02,0.02,0.02,0.03,11.56,0.02,195555600,-19083825,933,668527832.25,320,F1,71475,,,,,
2026-02-18,2026-02-18,FO,NSE,STO,122397,,IDEA,,2026-04-28,2026-04-28,10.0,CE,IDEA26APR10CE,2.02,2.02,2.02,2.02,2.02,1.95,11.56,2.07,2930475,0,1,859129.5,1,F1,71475,,,,,
2026-02-18,2026-02-18,FO,NSE,STO,122458,,IDEA,,2026-04-28,2026-04-28,18.0,CE,IDEA26APR18CE,0.12,0.12,0.11,0.11,0.11,0.12,11.56,0.11,1786875,214425,7,9062315.25,7,F1,71475,,,,,
2026-02-18,2026-02-18,FO,NSE,STO,110246,,IDEA,,2026-02-24,2026-02-24,9.0,CE,IDEA26FEB9CE,2.48,2.7,2.48,2.6,2.6,2.42,11.56,2.6,40168950,571800,69,57228603.0,53,F1,71475,,,,,
2026-02-18,2026-02-18,FO,NSE,STO,102844,,IDEA,,2026-02-24,2026-02-24,14.0,PE,IDEA26FEB14PE,2.48,2.48,2.34,2.42,2.42,2.6,11.56,2.42,7933725,-357375,28,32839188.75,22,F1,71475,,,,,
2026-02-18,2026-02-18,FO,NSE,STO,102847,,IDEA,,2026-02-24,2026-02-24,18.0,CE,IDEA26FEB18CE,0.01,0.01,0.01,0.01,0.01,0.01,11.56,0.01,23801175,-142950,4,5149059.0,2,F1,71475,,,,,
2026-02-18,2026-02-18,FO,NSE,STO,122454,,IDEA,,2026-04-28,2026-04-28,14.0,CE,IDEA26APR14CE,0.38,0.44,0.37,0.37,0.37,0.37,11.56,0.37,21728400,1143600,45,46275774.0,37,F1,71475,,,,,
2026-02-18,2026-02-18,FO,NSE,STO,110381,,IDEA,,2026-03-30,2026-03-30,6.0,PE,IDEA26MAR6PE,0.02,0.02,0.02,0.02,0.02,0.02,11.56,0.01,2215725,0,2,860559.0,2,F1,71475,,,,,
2026-02-18,2026-02-18,FO,NSE,STO,122451,,IDEA,,2026-04-28,2026-04-28,10.0,PE,IDEA26APR10PE,0.4,0.4,0.35,0.35,0.35,0.41,11.56,0.35,5217675,571800,44,32579019.75,37,F1,71475,,,,,
2026-02-18,2026-02-18,FO,NSE,STO,122210,,IDEA,,2026-03-30,2026-03-30,7.0,CE,IDEA26MAR7CE,0.0,0.0,0.0,3.02,0.0,3.02,11.56,4.6,0,0,0,0.0,0,F1,71475,,,,,
2026-02-18,2026-02-18,FO,NSE,STO,122218,,IDEA,,2026-03-30,2026-03-30,15.0,CE,IDEA26MAR15CE,0.11,0.13,0.1,0.1,0.1,0.11,11.56,0.1,26946075,16010400,392,423314261.25,146,F1,71475,,,,,
2026-02-18,2026-02-18,FO,NSE,STO,122456,,IDEA,,2026-04-28,2026-04-28,16.0,CE,IDEA26APR16CE,0.2,0.21,0.2,0.2,0.2,0.19,11.56,0.15,6718650,285900,8,9266733.75,8,F1,71475,,,,,
2026-02-18,2026-02-18,FO,NSE,STO,110386,,IDEA,,2026-03-30,2026-03-30,10.0,PE,IDEA26MAR10PE,0.22,0.22,0.16,0.18,0.19,0.22,11.56,0.18,90201450,29876550,863,627857127.75,482,F1,71475,,,,,
2026-02-18,2026-02-18,FO,NSE,STO,110397,,IDEA,,2026-03-30,2026-03-30,14.0,PE,IDEA26MAR14PE,2.5,2.52,2.44,2.46,2.49,2.65,11.56,2.46,10077975,1858350,31,36511574.25,25,F1,71475,,,,,
2026-02-18,2026-02-18,FO,NSE,STO,122219,,IDEA,,2026-03-30,2026-03-30,15.0,PE,IDEA26MAR15PE,3.4,3.4,3.36,3.39,3.39,3.57,11.56,3.39,4217025,786225,12,15770958.75,10,F1,71475,,,,,
2026-02-18,2026-02-18,FO,NSE,STO,102837,,IDEA,,2026-02-24,2026-02-24,8.0,CE,IDEA26FEB8CE,0.0,0.0,0.0,3.39,3.39,3.39,11.56,3.57,9935025,0,0,0.0,0,F1,71475,,,,,
2026-02-18,2026-02-18,FO,NSE,STO,122234,,IDEA,,2026-04-28,2026-04-28,4.0,PE,IDEA26APR4PE,0.0,0.0,0.0,0.01,0.0,0.01,11.56,0.01,0,0,0,0.0,0,F1,71475,,,,,
2026-02-18,2026-02-18,FO,NSE,STO,122274,,IDEA,,2026-04-28,2026-04-28,6.0,PE,IDEA26APR6PE,0.0,0.0,0.0,0.07,0.0,0.07,11.56,0.01,0,0,0,0.0,0,F1,71475,,,,,
2026-02-18,2026-02-18,FO,NSE,STO,110383,,IDEA,,2026-03-30,2026-03-30,8.0,CE,IDEA26MAR8CE,0.0,0.0,0.0,4.33,0.0,4.33,11.56,3.62,0,0,0,0.0,0,F1,71475,,,,,
2026-02-18,2026-02-18,FO,NSE,STO,122452,,IDEA,,2026-04-28,2026-04-28,12.0,CE,IDEA26APR12CE,0.96,1.01,0.93,0.94,0.93,0.92,11.56,0.94,13580250,929175,26,24116379.75,25,F1,71475,,,,,
2026-02-18,2026-02-18,FO,NSE,STO,102842,,IDEA,,2026-02-24,2026-02-24,12.0,PE,IDEA26FEB12PE,0.62,0.64,0.44,0.49,0.49,0.66,11.56,0.49,211137150,16796625,861,769269700.5,631,F1,71475,,,,,
2026-02-18,2026-02-18,FO,NSE,STO,110258,,IDEA,,2026-02-24,2026-02-24,11.0,PE,IDEA26FEB11PE,0.11,0.12,0.06,0.06,0.07,0.12,11.56,0.06,147309975,-4788825,2433,1926971718.0,1109,F1,71475,,,,,
2026-02-18,2026-02-18,FO,NSE,STO,110312,,IDEA,,2026-02-24,2026-02-24,15.0,PE,IDEA26FEB15PE,3.42,3.42,3.39,3.39,3.39,3.63,11.56,3.43,3001950,-142950,6,7891554.75,5,F1,71475,,,,,
2026-02-18,2026-02-18,FO,NSE,STO,122233,,IDEA,,2026-04-28,2026-04-28,4.0,CE,IDEA26APR4CE,0.0,0.0,0.0,5.89,0.0,5.89,11.56,7.6,0,0,0,0.0,0,F1,71475,,,,,
2026-02-18,2026-02-18,FO,NSE,STO,102845,,IDEA,,2026-02-24,2026-02-24,16.0,CE,IDEA26FEB16CE,0.01,0.01,0.01,0.01,0.01,0.01,11.56,0.01,29376225,-714750,12,13731777.0,10,F1,71475,,,,,
2026-02-18,2026-02-18,FO,NSE,STO,122457,,IDEA,,2026-04-28,2026-04-28,16.0,PE,IDEA26APR16PE,0.0,0.0,0.0,6.08,0.0,6.08,11.56,4.42,0,0,0,0.0,0,F1,71475,,,,,
2026-02-18,2026-02-18,FO,NSE,STO,102839,,IDEA,,2026-02-24,2026-02-24,10.0,CE,IDEA26FEB10CE,1.45,1.72,1.44,1.61,1.61,1.44,11.56,1.61,103066950,-6289800,343,284970825.0,169,F1,71475,,,,,
2026-02-18,2026-02-18,FO,NSE,STO,110247,,IDEA,,2026-02-24,2026-02-24,9.0,PE,IDEA26FEB9PE,0.01,0.02,0.01,0.01,0.02,0.01,11.56,0.01,162820050,-3287850,48,30917226.0,30,F1,71475,,,,,
2026-02-18,2026-02-18,FO,NSE,STO,122213,,IDEA,,2026-03-30,2026-03-30,9.0,PE,IDEA26MAR9PE,0.09,0.09,0.06,0.07,0.08,0.09,11.56,0.07,17725800,2644575,178,115414256.25,125,F1,71475,,,,,
2026-02-18,2026-02-18,FO,NSE,STF,59356,,IDEA,,2026-02-24,2026-02-24,,,IDEA26FEBFUT,11.43,11.69,11.42,11.59,11.57,11.41,11.56,11.59,6091671300,-369811650,8493,7040679183.0,4408,F1,71475,,,,,
2026-02-18,2026-02-18,FO,NSE,STO,122217,,IDEA,,2026-03-30,2026-03-30,13.0,PE,IDEA26MAR13PE,1.62,1.67,1.58,1.6,1.6,1.82,11.56,1.6,10220925,428850,29,30295393.5,29,F1,71475,,,,,
2026-02-18,2026-02-18,FO,NSE,STO,110260,,IDEA,,2026-02-24,2026-02-24,13.0,PE,IDEA26FEB13PE,1.51,1.51,1.36,1.42,1.42,1.59,11.56,1.42,37238475,-786225,40,41239645.5,39,F1,71475,,,,,
2026-02-18,2026-02-18,FO,NSE,STO,122216,,IDEA,,2026-03-30,2026-03-30,13.0,CE,IDEA26MAR13CE,0.32,0.37,0.31,0.31,0.32,0.31,11.56,0.31,43027950,8076675,549,523360677.75,376,F1,71475,,,,,
2026-02-18,2026-02-18,FO,NSE,STF,66857,,IDEA,,2026-04-28,2026-04-28,,,IDEA26APRFUT,11.68,11.83,11.68,11.75,11.75,11.56,11.56,11.75,55250175,3645225,144,121110099.0,143,F1,71475,,,,,
2026-02-18,2026-02-18,FO,NSE,STO,122211,,IDEA,,2026-03-30,2026-03-30,7.0,PE,IDEA26MAR7PE,0.0,0.0,0.0,0.03,0.03,0.03,11.56,0.01,1429500,0,0,0.0,0,F1,71475,,,,,
2026-02-18,2026-02-18,FO,NSE,STO,122212,,IDEA,,2026-03-30,2026-03-30,9.0,CE,IDEA26MAR9CE,2.7,2.77,2.7,2.77,2.77,2.55,11.56,2.68,643275,357375,5,4189864.5,5,F1,71475,,,,,
2026-02-18,2026-02-18,FO,NSE,STO,102841,,IDEA,,2026-02-24,2026-02-24,12.0,CE,IDEA26FEB12CE,0.1,0.14,0.08,0.09,0.1,0.09,11.56,0.09,394827900,-15009750,5474,4739344287.0,2492,F1,71475,,,,,
2026-02-18,2026-02-18,FO,NSE,STO,122396,,IDEA,,2026-04-28,2026-04-28,8.0,PE,IDEA26APR8PE,0.0,0.0,0.0,0.45,0.0,0.45,11.56,0.06,0,0,0,0.0,0,F1,71475,,,,,
2026-02-18,2026-02-18,FO,NSE,STO,122214,,IDEA,,2026-03-30,2026-03-30,11.0,CE,IDEA26MAR11CE,1.05,1.17,1.05,1.09,1.08,1.03,11.56,1.09,37095525,5718000,446,386424584.25,339,F1,71475,,,,,
2026-02-18,2026-02-18,FO,NSE,STO,142269,,NBCC,,2026-02-24,2026-02-24,101.0,CE,NBCC26FEB101CE,1.9,2.0,0.88,1.01,0.96,1.5,98.04,1.01,2145000,84500,218,144872910.0,201,F1,6500,,,,,
2026-02-18,2026-02-18,FO,NSE,STO,120256,,NBCC,,2026-02-24,2026-02-24,102.0,CE,NBCC26FEB102CE,1.5,1.62,0.68,0.77,0.75,1.24,98.04,0.77,2229500,-188500,348,233150320.0,323,F1,6500,,,,,
2026-02-18,2026-02-18,FO,NSE,STO,120310,,NBCC,,2026-02-24,2026-02-24,106.0,CE,NBCC26FEB106CE,0.61,0.61,0.29,0.35,0.34,0.57,98.04,0.35,500500,-13000,83,57384860.0,72,F1,6500,,,,,
2026-02-18,2026-02-18,FO,NSE,STO,142345,,NBCC,,2026-03-30,2026-03-30,80.0,CE,NBCC26MAR80CE,0.0,0.0,0.0,43.51,0.0,43.51,98.04,18.86,0,0,0,0.0,0,F1,6500,,,,,
2026-02-18,2026-02-18,FO,NSE,STO,144206,,NBCC,,2026-03-30,2026-03-30,93.0,CE,NBCC26MAR93CE,0.0,0.0,0.0,10.36,0.0,10.36,98.04,8.49,0,0,0,0.0,0,F1,6500,,,,,
2026-02-18,2026-02-18,FO,NSE,STO,142643,,NBCC,,2026-03-30,2026-03-30,94.0,CE,NBCC26MAR94CE,0.0,0.0,0.0,31.15,0.0,31.15,98.04,7.87,0,0,0,0.0,0,F1,6500,,,,,
2026-02-18,2026-02-18,FO,NSE,STO,142692,,NBCC,,2026-03-30,2026-03-30,104.0,CE,NBCC26MAR104CE,0.0,0.0,0.0,23.49,0.0,23.49,98.04,3.26,0,0,0,0.0,0,F1,6500,,,,,
2026-02-18,2026-02-18,FO,NSE,STO,142702,,NBCC,,2026-03-30,2026-03-30,114.0,CE,NBCC26MAR114CE,0.0,0.0,0.0,17.1,0.0,17.1,98.04,1.09,0,0,0,0.0,0,F1,6500,,,,,
2026-02-18,2026-02-18,FO,NSE,STO,144535,,NBCC,,2026-04-28,2026-04-28,116.0,CE,NBCC26APR116CE,0.0,0.0,0.0,3.96,0.0,3.96,98.04,2.01,0,0,0,0.0,0,F1,6500,,,,,
2026-02-18,2026-02-18,FO,NSE,STO,120205,,NBCC,,2026-02-24,2026-02-24,92.0,PE,NBCC26FEB92PE,0.34,0.46,0.33,0.33,0.36,0.52,98.04,0.33,351000,6500,49,29422185.0,48,F1,6500,,,,,
2026-02-18,2026-02-18,FO,NSE,STO,142262,,NBCC,,2026-02-24,2026-02-24,93.0,PE,NBCC26FEB93PE,0.48,0.58,0.42,0.44,0.44,0.66,98.04,0.44,383500,-39000,46,27954550.0,46,F1,6500,,,,,
2026-02-18,2026-02-18,FO,NSE,STO,142284,,NBCC,,2026-02-24,2026-02-24,115.0,PE,NBCC26FEB115PE,15.2,17.04,15.2,17.04,17.04,16.55,98.04,16.86,292500,-26000,7,5961280.0,6,F1,6500,,,,,
2026-02-18,2026-02-18,FO,NSE,STO,144458,,NBCC,,2026-04-28,2026-04-28,82.0,PE,NBCC26APR82PE,0.0,0.0,0.0,2.97,0.0,2.97,98.04,1.22,0,0,0,0.0,0,F1,6500,,,,,
2026-02-18,2026-02-18,FO,NSE,STO,142648,,NBCC,,2026-03-30,2026-03-30,96.0,PE,NBCC26MAR96PE,3.75,3.75,3.75,3.75,3.75,2.18,98.04,4.1,6500,6500,1,648375.0,1,F1,6500,,,,,
2026-02-18,2026-02-18,FO,NSE,STO,144220,,NBCC,,2026-03-30,2026-03-30,107.0,CE,NBCC26MAR107CE,0.0,0.0,0.0,4.53,0.0,4.53,98.04,2.4,0,0,0,0.0,0,F1,6500,,,,,
2026-02-18,2026-02-18,FO,NSE,STO,144208,,NBCC,,2026-03-30,2026-03-30,95.0,CE,NBCC26MAR95CE,0.0,0.0,0.0,9.3,0.0,9.3,98.04,7.27,0,0,0,0.0,0,F1,6500,,,,,
2026-02-18,2026-02-18,FO,NSE,STO,144196,,NBCC,,2026-03-30,2026-03-30,83.0,CE,NBCC26MAR83CE,0.0,0.0,0.0,16.89,0.0,16.89,98.04,16.16,0,0,0,0.0,0,F1,6500,,,,,
2026-02-18,2026-02-18,FO,NSE,STO,142299,,NBCC,,2026-02-24,2026-02-24,131.0,CE,NBCC26FEB131CE,0.0,0.0,0.0,0.82,0.82,0.82,98.04,0.01,19500,0,0,0.0,0,F1,6500,,,,,
2026-02-18,2026-02-18,FO,NSE,STO,120367,,NBCC,,2026-02-24,2026-02-24,120.0,CE,NBCC26FEB120CE,0.09,0.1,0.05,0.06,0.07,0.09,98.04,0.06,3120000,-201500,45,35119175.0,34,F1,6500,,,,,
2026-02-18,2026-02-18,FO,NSE,STO,142273,,NBCC,,2026-02-24,2026-02-24,105.0,CE,NBCC26FEB105CE,0.8,0.91,0.35,0.43,0.41,0.72,98.04,0.43,7208500,-123500,460,315659630.0,403,F1,6500,,,,,
2026-02-18,2026-02-18,FO,NSE,STO,142271,,NBCC,,2026-02-24,2026-02-24,103.0,CE,NBCC26FEB103CE,1.2,1.32,0.54,0.62,0.62,1.02,98.04,0.62,1209000,-13000,169,114079940.0,151,F1,6500,,,,,
2026-02-18,2026-02-18,FO,NSE,STO,142255,,NBCC,,2026-02-24,2026-02-24,87.0,CE,NBCC26FEB87CE,0.0,0.0,0.0,36.05,0.0,36.05,98.04,11.14,0,0,0,0.0,0,F1,6500,,,,,
2026-02-18,2026-02-18,FO,NSE,STO,44498,,NBCC,,2026-02-24,2026-02-24,78.0,CE,NBCC26FEB78CE,0.0,0.0,0.0,31.67,0.0,31.67,98.04,20.11,0,0,0,0.0,0,F1,6500,,,,,
2026-02-18,2026-02-18,FO,NSE,STF,59429,,NBCC,,2026-02-24,2026-02-24,,,NBCC26FEBFUT,99.25,100.24,97.57,98.2,97.97,98.58,98.04,98.2,86515000,-1956500,1772,1134976960.0,1371,F1,6500,,,,,
2026-02-18,2026-02-18,FO,NSE,STO,142704,,NBCC,,2026-03-30,2026-03-30,116.0,CE,NBCC26MAR116CE,0.0,0.0,0.0,15.98,0.0,15.98,98.04,0.85,0,0,0,0.0,0,F1,6500,,,,,
2026-02-18,2026-02-18,FO,NSE,STO,120197,,NBCC,,2026-02-24,2026-02-24,80.0,PE,NBCC26FEB80PE,0.07,0.07,0.06,0.06,0.06,0.09,98.04,0.01,500500,-6500,11,5724940.0,11,F1,6500,,,,,
2026-02-18,2026-02-18,FO,NSE,STO,40778,,NBCC,,2026-02-24,2026-02-24,81.0,PE,NBCC26FEB81PE,0.0,0.0,0.0,0.14,0.0,0.14,98.04,0.01,0,0,0,0.0,0,F1,6500,,,,,
2026-02-18,2026-02-18,FO,NSE,STO,142266,,NBCC,,2026-02-24,2026-02-24,97.0,PE,NBCC26FEB97PE,1.49,1.66,1.36,1.42,1.48,1.69,98.04,1.42,546000,-26000,47,30103385.0,45,F1,6500,,,,,
2026-02-18,2026-02-18,FO,NSE,STO,120223,,NBCC,,2026-02-24,2026-02-24,98.0,PE,NBCC26FEB98PE,1.4,2.15,1.4,1.86,1.97,2.17,98.04,1.86,1248000,-91000,174,112973965.0,144,F1,6500,,,,,
2026-02-18,2026-02-18,FO,NSE,STO,120255,,NBCC,,2026-02-24,2026-02-24,100.0,PE,NBCC26FEB100PE,2.18,3.41,2.18,3.06,3.21,3.24,98.04,3.06,3146000,-474500,283,189236905.0,229,F1,6500,,,,,
2026-02-18,2026-02-18,FO,NSE,STO,144197,,NBCC,,2026-03-30,2026-03-30,83.0,PE,NBCC26MAR83PE,0.0,0.0,0.0,2.19,0.0,2.19,98.04,0.62,0,0,0,0.0,0,F1,6500,,,,,
2026-02-18,2026-02-18,FO,NSE,STO,142642,,NBCC,,2026-03-30,2026-03-30,92.0,PE,NBCC26MAR92PE,0.0,0.0,0.0,1.53,0.0,1.53,98.04,2.55,0,0,0,0.0,0,F1,6500,,,,,
2026-02-18,2026-02-18,FO,NSE,STO,142644,,NBCC,,2026-03-30,2026-03-30,94.0,PE,NBCC26MAR94PE,0.0,0.0,0.0,1.83,0.0,1.83,98.04,3.26,0,0,0,0.0,0,F1,6500,,,,,
2026-02-18,2026-02-18,FO,NSE,STO,142650,,NBCC,,2026-03-30,2026-03-30,98.0,PE,NBCC26MAR98PE,4.0,4.75,4.0,4.48,4.48,4.88,98.04,4.48,58500,39000,11,7333950.0,11,F1,6500,,,,,
2026-02-18,2026-02-18,FO,NSE,STO,144217,,NBCC,,2026-03-30,2026-03-30,103.0,PE,NBCC26MAR103PE,7.2,7.83,7.2,7.83,7.83,10.91,98.04,7.83,6500,6500,2,1436695.0,2,F1,6500,,,,,
2026-02-18,2026-02-18,FO,NSE,STO,142701,,NBCC,,2026-03-30,2026-03-30,112.0,PE,NBCC26MAR112PE,0.0,0.0,0.0,6.69,0.0,6.69,98.04,14.66,0,0,0,0.0,0,F1,6500,,,,,
2026-02-18,2026-02-18,FO,NSE,STO,120200,,NBCC,,2026-02-24,2026-02-24,88.0,CE,NBCC26FEB88CE,0.0,0.0,0.0,32.38,0.0,32.38,98.04,10.16,0,0,0,0.0,0,F1,6500,,,,,
2026-02-18,2026-02-18,FO,NSE,STO,142265,,NBCC,,2026-02-24,2026-02-24,97.0,CE,NBCC26FEB97CE,3.7,4.0,2.35,2.65,2.52,3.31,98.04,2.65,422500,-39000,62,40217320.0,56,F1,6500,,,,,
2026-02-18,2026-02-18,FO,NSE,STO,120267,,NBCC,,2026-02-24,2026-02-24,104.0,CE,NBCC26FEB104CE,1.05,1.06,0.43,0.51,0.48,0.84,98.04,0.51,1378000,-104000,132,89791715.0,116,F1,6500,,,,,
2026-02-18,2026-02-18,FO,NSE,STO,120399,,NBCC,,2026-02-24,2026-02-24,134.0,CE,NBCC26FEB134CE,0.0,0.0,0.0,0.05,0.05,0.05,98.04,0.01,39000,0,0,0.0,0,F1,6500,,,,,
2026-02-18,2026-02-18,FO,NSE,STO,142590,,NBCC,,2026-03-30,2026-03-30,88.0,CE,NBCC26MAR88CE,0.0,0.0,0.0,36.25,0.0,36.25,98.04,12.02,0,0,0,0.0,0,F1,6500,,,,,
2026-02-18,2026-02-18,FO,NSE,STO,144457,,NBCC,,2026-04-28,2026-04-28,82.0,CE,NBCC26APR82CE,0.0,0.0,0.0,19.07,0.0,19.07,98.04,18.11,0,0,0,0.0,0,F1,6500,,,,,
2026-02-18,2026-02-18,FO,NSE,STO,144459,,NBCC,,2026-04-28,2026-04-28,84.0,CE,NBCC26APR84CE,0.0,0.0,0.0,17.67,0.0,17.67,98.04,16.5,0,0,0,0.0,0,F1,6500,,,,,
2026-02-18,2026-02-18,FO,NSE,STO,144463,,NBCC,,2026-04-28,2026-04-28,88.0,CE,NBCC26APR88CE,0.0,0.0,0.0,15.06,0.0,15.06,98.04,13.51,0,0,0,0.0,0,F1,6500,,,,,
2026-02-18,2026-02-18,FO,NSE,STO,144497,,NBCC,,2026-04-28,2026-04-28,110.0,CE,NBCC26APR110CE,0.0,0.0,0.0,5.42,0.0,5.42,98.04,3.24,0,0,0,0.0,0,F1,6500,,,,,
2026-02-18,2026-02-18,FO,NSE,STO,120199,,NBCC,,2026-02-24,2026-02-24,84.0,PE,NBCC26FEB84PE,0.0,0.0,0.0,0.13,0.15,0.13,98.04,0.01,162500,0,0,0.0,0,F1,6500,,,,,
2026-02-18,2026-02-18,FO,NSE,STO,41815,,NBCC,,2026-02-24,2026-02-24,85.0,PE,NBCC26FEB85PE,0.0,0.0,0.0,0.16,0.18,0.16,98.04,0.01,273000,0,0,0.0,0,F1,6500,,,,,
2026-02-18,2026-02-18,FO,NSE,STO,120326,,NBCC,,2026-02-24,2026-02-24,108.0,PE,NBCC26FEB108PE,9.21,10.17,9.21,10.12,10.12,8.28,98.04,10.12,91000,0,4,3063645.0,4,F1,6500,,,,,
2026-02-18,2026-02-18,FO,NSE,STO,144478,,NBCC,,2026-04-28,2026-04-28,102.0,PE,NBCC26APR102PE,0.0,0.0,0.0,11.66,0.0,11.66,98.04,8.7,0,0,0,0.0,0,F1,6500,,,,,
2026-02-18,2026-02-18,FO,NSE,STO,144496,,NBCC,,2026-04-28,2026-04-28,108.0,PE,NBCC26APR108PE,0.0,0.0,0.0,15.5,0.0,15.5,98.04,12.62,0,0,0,0.0,0,F1,6500,,,,,
2026-02-18,2026-02-18,FO,NSE,STO,142258,,NBCC,,2026-02-24,2026-02-24,89.0,PE,NBCC26FEB89PE,0.0,0.0,0.0,0.45,0.45,0.45,98.04,0.07,26000,0,0,0.0,0,F1,6500,,,,,
2026-02-18,2026-02-18,FO,NSE,STO,120209,,NBCC,,2026-02-24,2026-02-24,96.0,PE,NBCC26FEB96PE,0.95,1.26,0.9,1.04,1.08,1.38,98.04,1.04,637000,-65000,52,32832020.0,52,F1,6500,,,,,
2026-02-18,2026-02-18,FO,NSE,STO,120336,,NBCC,,2026-02-24,2026-02-24,112.0,PE,NBCC26FEB112PE,0.0,0.0,0.0,11.07,11.07,11.07,98.04,13.87,26000,0,0,0.0,0,F1,6500,,,,,
2026-02-18,2026-02-18,FO,NSE,STO,120345,,NBCC,,2026-02-24,2026-02-24,114.0,PE,NBCC26FEB114PE,0.0,0.0,0.0,9.22,0.0,9.22,98.04,15.86,0,0,0,0.0,0,F1,6500,,,,,
2026-02-18,2026-02-18,FO,NSE,STO,120366,,NBCC,,2026-02-24,2026-02-24,118.0,PE,NBCC26FEB118PE,0.0,0.0,0.0,19.57,19.57,19.57,98.04,19.85,45500,0,0,0.0,0,F1,6500,,,,,
2026-02-18,2026-02-18,FO,NSE,STO,144207,,NBCC,,2026-03-30,2026-03-30,93.0,PE,NBCC26MAR93PE,0.0,0.0,0.0,5.55,0.0,5.55,98.04,2.89,0,0,0,0.0,0,F1,6500,,,,,
2026-02-18,2026-02-18,FO,NSE,STO,144211,,NBCC,,2026-03-30,2026-03-30,97.0,PE,NBCC26MAR97PE,4.33,4.48,4.33,4.48,4.48,4.41,98.04,4.48,52000,6500,3,1977040.0,3,F1,6500,,,,,
2026-02-18,2026-02-18,FO,NSE,STO,142695,,NBCC,,2026-03-30,2026-03-30,106.0,PE,NBCC26MAR106PE,0.0,0.0,0.0,4.62,0.0,4.62,98.04,9.98,0,0,0,0.0,0,F1,6500,,,,,
2026-02-18,2026-02-18,FO,NSE,STO,142697,,NBCC,,2026-03-30,2026-03-30,108.0,PE,NBCC26MAR108PE,0.0,0.0,0.0,11.5,11.5,11.5,98.04,11.46,6500,0,0,0.0,0,F1,6500,,,,,
2026-02-18,2026-02-18,FO,NSE,STO,144245,,NBCC,,2026-03-30,2026-03-30,113.0,PE,NBCC26MAR113PE,0.0,0.0,0.0,18.02,0.0,18.02,98.04,15.51,0,0,0,0.0,0,F1,6500,,,,,
2026-02-18,2026-02-18,FO,NSE,STO,142707,,NBCC,,2026-03-30,2026-03-30,118.0,PE,NBCC26MAR118PE,0.0,0.0,0.0,9.25,0.0,9.25,98.04,19.92,0,0,0,0.0,0,F1,6500,,,,,
2026-02-18,2026-02-18,FO,NSE,STO,144476,,NBCC,,2026-04-28,2026-04-28,100.0,PE,NBCC26APR100PE,0.0,0.0,0.0,10.5,0.0,10.5,98.04,7.56,0,0,0,0.0,0,F1,6500,,,,,
2026-02-18,2026-02-18,FO,NSE,STO,144538,,NBCC,,2026-04-28,2026-04-28,116.0,PE,NBCC26APR116PE,0.0,0.0,0.0,21.34,0.0,21.34,98.04,18.77,0,0,0,0.0,0,F1,6500,,,,,
2026-02-18,2026-02-18,FO,NSE,STO,144199,,NBCC,,2026-03-30,2026-03-30,85.0,PE,NBCC26MAR85PE,0.93,0.93,0.89,0.89,0.89,1.1,98.04,0.89,65000,6500,2,1116830.0,2,F1,6500,,,,,
2026-02-18,2026-02-18,FO,NSE,STO,43727,,NBCC,,2026-03-30,2026-03-30,82.0,PE,NBCC26MAR82PE,0.5,0.6,0.5,0.54,0.54,0.69,98.04,0.54,123500,0,9,4830280.0,8,F1,6500,,,,,
2026-02-18,2026-02-18,FO,NSE,STO,120307,,NBCC,,2026-02-24,2026-02-24,104.0,PE,NBCC26FEB104PE,0.0,0.0,0.0,6.83,6.83,6.83,98.04,6.24,507000,0,0,0.0,0,F1,6500,,,,,
2026-02-18,2026-02-18,FO,NSE,STO,144529,,NBCC,,2026-04-28,2026-04-28,112.0,CE,NBCC26APR112CE,0.0,0.0,0.0,4.88,0.0,4.88,98.04,2.78,0,0,0,0.0,0,F1,6500,,,,,
2026-02-18,2026-02-18,FO,NSE,STO,142257,,NBCC,,2026-02-24,2026-02-24,89.0,CE,NBCC26FEB89CE,0.0,0.0,0.0,34.18,0.0,34.18,98.04,9.19,0,0,0,0.0,0,F1,6500,,,,,
2026-02-18,2026-02-18,FO,NSE,STO,120202,,NBCC,,2026-02-24,2026-02-24,90.0,CE,NBCC26FEB90CE,9.45,10.1,8.75,8.75,8.75,9.0,98.04,8.23,130000,-6500,3,1938950.0,3,F1,6500,,,,,
2026-02-18,2026-02-18,FO,NSE,STO,120386,,NBCC,,2026-02-24,2026-02-24,126.0,CE,NBCC26FEB126CE,0.0,0.0,0.0,0.1,0.1,0.1,98.04,0.01,0,0,0,0.0,0,F1,6500,,,,,
2026-02-18,2026-02-18,FO,NSE,STO,142301,,NBCC,,2026-02-24,2026-02-24,133.0,CE,NBCC26FEB133CE,0.01,0.01,0.01,0.01,0.01,0.25,98.04,0.01,39000,-6500,1,864565.0,1,F1,6500,,,,,
2026-02-18,2026-02-18,FO,NSE,STO,142526,,NBCC,,2026-03-30,2026-03-30,86.0,CE,NBCC26MAR86CE,0.0,0.0,0.0,38.02,0.0,38.02,98.04,13.61,0,0,0,0.0,0,F1,6500,,,,,
2026-02-18,2026-02-18,FO,NSE,STO,144475,,NBCC,,2026-04-28,2026-04-28,100.0,CE,NBCC26APR100CE,0.0,0.0,0.0,8.87,0.0,8.87,98.04,6.63,0,0,0,0.0,0,F1,6500,,,,,
2026-02-18,2026-02-18,FO,NSE,STO,120363,,NBCC,,2026-02-24,2026-02-24,118.0,CE,NBCC26FEB118CE,0.09,0.11,0.08,0.11,0.11,0.13,98.04,0.11,97500,-39000,11,8443110.0,9,F1,6500,,,,,
2026-02-18,2026-02-18,FO,NSE,STO,120397,,NBCC,,2026-02-24,2026-02-24,132.0,CE,NBCC26FEB132CE,0.0,0.0,0.0,0.61,0.61,0.61,98.04,0.01,117000,0,0,0.0,0,F1,6500,,,,,
2026-02-18,2026-02-18,FO,NSE,STO,144203,,NBCC,,2026-03-30,2026-03-30,89.0,PE,NBCC26MAR89PE,0.0,0.0,0.0,3.96,0.0,3.96,98.04,1.68,0,0,0,0.0,0,F1,6500,,,,,
2026-02-18,2026-02-18,FO,NSE,STO,142641,,NBCC,,2026-03-30,2026-03-30,92.0,CE,NBCC26MAR92CE,0.0,0.0,0.0,32.81,0.0,32.81,98.04,9.14,0,0,0,0.0,0,F1,6500,,,,,
2026-02-18,2026-02-18,FO,NSE,STO,142649,,NBCC,,2026-03-30,2026-03-30,98.0,CE,NBCC26MAR98CE,6.0,6.0,5.0,5.05,5.05,6.0,98.04,5.05,45500,6500,10,6715605.0,10,F1,6500,,,,,
2026-02-18,2026-02-18,FO,NSE,STO,144216,,NBCC,,2026-03-30,2026-03-30,103.0,CE,NBCC26MAR103CE,0.0,0.0,0.0,3.82,3.82,3.82,98.04,3.59,19500,0,0,0.0,0,F1,6500,,,,,
2026-02-18,2026-02-18,FO,NSE,STO,144248,,NBCC,,2026-03-30,2026-03-30,117.0,CE,NBCC26MAR117CE,0.0,0.0,0.0,1.23,1.22,1.23,98.04,0.75,13000,0,0,0.0,0,F1,6500,,,,,
2026-02-18,2026-02-18,FO,NSE,STO,144455,,NBCC,,2026-04-28,2026-04-28,80.0,CE,NBCC26APR80CE,0.0,0.0,0.0,20.53,0.0,20.53,98.04,19.79,0,0,0,0.0,0,F1,6500,,,,,
2026-02-18,2026-02-18,FO,NSE,STO,144534,,NBCC,,2026-04-28,2026-04-28,114.0,PE,NBCC26APR114PE,0.0,0.0,0.0,19.82,0.0,19.82,98.04,17.15,0,0,0,0.0,0,F1,6500,,,,,
2026-02-18,2026-02-18,FO,NSE,STO,144532,,NBCC,,2026-04-28,2026-04-28,112.0,PE,NBCC26APR112PE,0.0,0.0,0.0,18.33,0.0,18.33,98.04,15.58,0,0,0,0.0,0,F1,6500,,,,,
2026-02-18,2026-02-18,FO,NSE,STO,144480,,NBCC,,2026-04-28,2026-04-28,104.0,PE,NBCC26APR104PE,0.0,0.0,0.0,12.89,0.0,12.89,98.04,9.93,0,0,0,0.0,0,F1,6500,,,,,
2026-02-18,2026-02-18,FO,NSE,STO,144464,,NBCC,,2026-04-28,2026-04-28,88.0,PE,NBCC26APR88PE,0.0,0.0,0.0,4.87,0.0,4.87,98.04,2.56,0,0,0,0.0,0,F1,6500,,,,,
2026-02-18,2026-02-18,FO,NSE,STO,142691,,NBCC,,2026-03-30,2026-03-30,102.0,PE,NBCC26MAR102PE,0.0,0.0,0.0,3.5,0.0,3.5,98.04,7.3,0,0,0,0.0,0,F1,6500,,,,,
2026-02-18,2026-02-18,FO,NSE,STO,142703,,NBCC,,2026-03-30,2026-03-30,114.0,PE,NBCC26MAR114PE,0.0,0.0,0.0,7.49,0.0,7.49,98.04,16.36,0,0,0,0.0,0,F1,6500,,,,,
2026-02-18,2026-02-18,FO,NSE,STO,142711,,NBCC,,2026-03-30,2026-03-30,122.0,PE,NBCC26MAR122PE,22.7,23.65,22.7,23.65,23.65,23.85,98.04,23.62,338000,169000,26,24555570.0,8,F1,6500,,,,,
2026-02-18,2026-02-18,FO,NSE,STO,144468,,NBCC,,2026-04-28,2026-04-28,92.0,PE,NBCC26APR92PE,0.0,0.0,0.0,6.48,0.0,6.48,98.04,3.87,0,0,0,0.0,0,F1,6500,,,,,
2026-02-18,2026-02-18,FO,NSE,STO,144200,,NBCC,,2026-03-30,2026-03-30,87.0,CE,NBCC26MAR87CE,0.0,0.0,0.0,14.04,0.0,14.04,98.04,12.8,0,0,0,0.0,0,F1,6500,,,,,
2026-02-18,2026-02-18,FO,NSE,STO,144202,,NBCC,,2026-03-30,2026-03-30,89.0,CE,NBCC26MAR89CE,0.0,0.0,0.0,12.73,0.0,12.73,98.04,11.26,0,0,0,0.0,0,F1,6500,,,,,
2026-02-18,2026-02-18,FO,NSE,STO,142710,,NBCC,,2026-03-30,2026-03-30,122.0,CE,NBCC26MAR122CE,0.0,0.0,0.0,12.95,0.0,12.95,98.04,0.39,0,0,0,0.0,0,F1,6500,,,,,
2026-02-18,2026-02-18,FO,NSE,STO,144461,,NBCC,,2026-04-28,2026-04-28,86.0,CE,NBCC26APR86CE,0.0,0.0,0.0,16.33,0.0,16.33,98.04,14.97,0,0,0,0.0,0,F1,6500,,,,,
2026-02-18,2026-02-18,FO,NSE,STO,144473,,NBCC,,2026-04-28,2026-04-28,98.0,CE,NBCC26APR98CE,0.0,0.0,0.0,9.73,0.0,9.73,98.04,7.55,0,0,0,0.0,0,F1,6500,,,,,
2026-02-18,2026-02-18,FO,NSE,STO,144533,,NBCC,,2026-04-28,2026-04-28,114.0,CE,NBCC26APR114CE,0.0,0.0,0.0,4.4,0.0,4.4,98.04,2.37,0,0,0,0.0,0,F1,6500,,,,,
2026-02-18,2026-02-18,FO,NSE,STO,43725,,NBCC,,2026-02-24,2026-02-24,83.0,PE,NBCC26FEB83PE,0.0,0.0,0.0,0.23,0.23,0.23,98.04,0.01,65000,0,0,0.0,0,F1,6500,,,,,
2026-02-18,2026-02-18,FO,NSE,STO,142256,,NBCC,,2026-02-24,2026-02-24,87.0,PE,NBCC26FEB87PE,0.0,0.0,0.0,0.7,0.7,0.7,98.04,0.02,13000,0,0,0.0,0,F1,6500,,,,,
2026-02-18,2026-02-18,FO,NSE,STO,45196,,NBCC,,2026-03-30,2026-03-30,78.0,PE,NBCC26MAR78PE,0.0,0.0,0.0,0.51,0.0,0.51,98.04,0.22,0,0,0,0.0,0,F1,6500,,,,,
2026-02-18,2026-02-18,FO,NSE,STO,142527,,NBCC,,2026-03-30,2026-03-30,86.0,PE,NBCC26MAR86PE,0.0,0.0,0.0,1.1,1.1,1.1,98.04,1.05,13000,0,0,0.0,0,F1,6500,,,,,
2026-02-18,2026-02-18,FO,NSE,STO,142591,,NBCC,,2026-03-30,2026-03-30,88.0,PE,NBCC26MAR88PE,0.0,0.0,0.0,1.6,1.6,1.6,98.04,1.45,52000,0,0,0.0,0,F1,6500,,,,,
2026-02-18,2026-02-18,FO,NSE,STO,142654,,NBCC,,2026-03-30,2026-03-30,100.0,PE,NBCC26MAR100PE,5.74,5.93,5.55,5.71,5.71,5.96,98.04,5.71,747500,149500,54,37117730.0,47,F1,6500,,,,,
2026-02-18,2026-02-18,FO,NSE,STO,142709,,NBCC,,2026-03-30,2026-03-30,120.0,PE,NBCC26MAR120PE,21.75,22.06,21.75,22.06,22.06,19.1,98.04,22.06,123500,84500,14,12914200.0,11,F1,6500,,,,,
2026-02-18,2026-02-18,FO,NSE,STO,144466,,NBCC,,2026-04-28,2026-04-28,90.0,PE,NBCC26APR90PE,0.0,0.0,0.0,5.64,0.0,5.64,98.04,3.17,0,0,0,0.0,0,F1,6500,,,,,
2026-02-18,2026-02-18,FO,NSE,STF,51985,,NBCC,,2026-03-30,2026-03-30,,,NBCC26MARFUT,99.2,100.4,97.86,98.45,98.15,98.8,98.04,98.45,19383000,5382000,1364,875266535.0,1015,F1,6500,,,,,
2026-02-18,2026-02-18,FO,NSE,STO,120224,,NBCC,,2026-02-24,2026-02-24,100.0,CE,NBCC26FEB100CE,1.86,2.46,1.09,1.29,1.22,1.85,98.04,1.29,6493500,539500,1863,1230569080.0,1683,F1,6500,,,,,
2026-02-18,2026-02-18,FO,NSE,STO,120327,,NBCC,,2026-02-24,2026-02-24,110.0,CE,NBCC26FEB110CE,0.37,0.39,0.16,0.18,0.19,0.32,98.04,0.18,6493500,-897000,599,429144170.0,472,F1,6500,,,,,
2026-02-18,2026-02-18,FO,NSE,STO,142653,,NBCC,,2026-03-30,2026-03-30,100.0,CE,NBCC26MAR100CE,5.5,5.74,4.0,4.19,4.19,4.9,98.04,4.19,1664000,390000,182,123550635.0,151,F1,6500,,,,,
2026-02-18,2026-02-18,FO,NSE,STO,142696,,NBCC,,2026-03-30,2026-03-30,108.0,CE,NBCC26MAR108CE,0.0,0.0,0.0,20.78,0.0,20.78,98.04,2.15,0,0,0,0.0,0,F1,6500,,,,,
2026-02-18,2026-02-18,FO,NSE,STO,120201,,NBCC,,2026-02-24,2026-02-24,88.0,PE,NBCC26FEB88PE,0.2,0.2,0.15,0.15,0.15,0.25,98.04,0.15,455000,6500,2,1146275.0,2,F1,6500,,,,,
2026-02-18,2026-02-18,FO,NSE,STO,142270,,NBCC,,2026-02-24,2026-02-24,101.0,PE,NBCC26FEB101PE,3.77,4.02,3.68,3.88,3.91,4.65,98.04,3.88,617500,-71500,18,12271545.0,18,F1,6500,,,,,
2026-02-18,2026-02-18,FO,NSE,STO,120266,,NBCC,,2026-02-24,2026-02-24,102.0,PE,NBCC26FEB102PE,4.66,4.92,4.66,4.92,4.92,5.42,98.04,4.59,637000,-6500,4,2776605.0,4,F1,6500,,,,,
2026-02-18,2026-02-18,FO,NSE,STO,120324,,NBCC,,2026-02-24,2026-02-24,106.0,PE,NBCC26FEB106PE,7.47,8.4,7.47,8.4,8.4,6.79,98.04,8.04,331500,-13000,3,2222480.0,3,F1,6500,,,,,
2026-02-18,2026-02-18,FO,NSE,STO,142276,,NBCC,,2026-02-24,2026-02-24,107.0,PE,NBCC26FEB107PE,9.03,9.14,9.03,9.12,9.12,9.44,98.04,8.98,130000,0,4,3018080.0,4,F1,6500,,,,,
2026-02-18,2026-02-18,FO,NSE,STO,144471,,NBCC,,2026-04-28,2026-04-28,96.0,CE,NBCC26APR96CE,0.0,0.0,0.0,10.66,0.0,10.66,98.04,8.57,0,0,0,0.0,0,F1,6500,,,,,
2026-02-18,2026-02-18,FO,NSE,STO,144240,,NBCC,,2026-03-30,2026-03-30,109.0,CE,NBCC26MAR109CE,0.0,0.0,0.0,3.6,3.6,3.6,98.04,1.93,26000,0,0,0.0,0,F1,6500,,,,,
2026-02-18,2026-02-18,FO,NSE,STO,120395,,NBCC,,2026-02-24,2026-02-24,130.0,CE,NBCC26FEB130CE,0.0,0.0,0.0,0.04,0.04,0.04,98.04,0.01,357500,0,0,0.0,0,F1,6500,,,,,
2026-02-18,2026-02-18,FO,NSE,STO,120325,,NBCC,,2026-02-24,2026-02-24,108.0,CE,NBCC26FEB108CE,0.46,0.51,0.21,0.24,0.24,0.41,98.04,0.24,656500,-136500,88,61956180.0,84,F1,6500,,,,,
2026-02-18,2026-02-18,FO,NSE,STO,142263,,NBCC,,2026-02-24,2026-02-24,95.0,CE,NBCC26FEB95CE,5.49,5.79,3.68,4.0,3.9,4.77,98.04,4.0,286000,-6500,42,27139450.0,38,F1,6500,,,,,
2026-02-18,2026-02-18,FO,NSE,STO,144470,,NBCC,,2026-04-28,2026-04-28,94.0,PE,NBCC26APR94PE,0.0,0.0,0.0,7.38,0.0,7.38,98.04,4.65,0,0,0,0.0,0,F1,6500,,,,,
2026-02-18,2026-02-18,FO,NSE,STO,142705,,NBCC,,2026-03-30,2026-03-30,116.0,PE,NBCC26MAR116PE,0.0,0.0,0.0,8.35,0.0,8.35,98.04,18.12,0,0,0,0.0,0,F1,6500,,,,,
2026-02-18,2026-02-18,FO,NSE,STO,144221,,NBCC,,2026-03-30,2026-03-30,107.0,PE,NBCC26MAR107PE,0.0,0.0,0.0,13.57,0.0,13.57,98.04,10.71,0,0,0,0.0,0,F1,6500,,,,,
2026-02-18,2026-02-18,FO,NSE,STO,142346,,NBCC,,2026-03-30,2026-03-30,80.0,PE,NBCC26MAR80PE,0.42,0.51,0.4,0.51,0.51,0.52,98.04,0.51,149500,6500,7,3659240.0,6,F1,6500,,,,,
2026-02-18,2026-02-18,FO,NSE,STO,142292,,NBCC,,2026-02-24,2026-02-24,123.0,PE,NBCC26FEB123PE,0.0,0.0,0.0,20.38,20.38,20.38,98.04,24.85,91000,0,0,0.0,0,F1,6500,,,,,
2026-02-18,2026-02-18,FO,NSE,STO,120381,,NBCC,,2026-02-24,2026-02-24,120.0,PE,NBCC26FEB120PE,19.88,22.2,19.88,22.2,22.2,19.9,98.04,21.85,734500,-39000,7,6446570.0,7,F1,6500,,,,,
2026-02-18,2026-02-18,FO,NSE,STO,142288,,NBCC,,2026-02-24,2026-02-24,119.0,PE,NBCC26FEB119PE,0.0,0.0,0.0,16.5,16.5,16.5,98.04,20.85,13000,0,0,0.0,0,F1,6500,,,,,
2026-02-18,2026-02-18,FO,NSE,STO,142264,,NBCC,,2026-02-24,2026-02-24,95.0,PE,NBCC26FEB95PE,0.77,0.97,0.67,0.79,0.81,1.07,98.04,0.79,1261000,-149500,236,147014595.0,157,F1,6500,,,,,
2026-02-18,2026-02-18,FO,NSE,STO,120203,,NBCC,,2026-02-24,2026-02-24,90.0,PE,NBCC26FEB90PE,0.29,0.29,0.2,0.21,0.23,0.35,98.04,0.21,1612000,-110500,126,73918260.0,109,F1,6500,,,,,
2026-02-18,2026-02-18,FO,NSE,STO,44906,,NBCC,,2026-02-24,2026-02-24,82.0,PE,NBCC26FEB82PE,0.1,0.1,0.1,0.1,0.1,0.3,98.04,0.01,357500,-6500,1,533650.0,1,F1,6500,,,,,
2026-02-18,2026-02-18,FO,NSE,STO,144493,,NBCC,,2026-04-28,2026-04-28,108.0,CE,NBCC26APR108CE,0.0,0.0,0.0,6.0,0.0,6.0,98.04,3.77,0,0,0,0.0,0,F1,6500,,,,,
2026-02-18,2026-02-18,FO,NSE,STO,142293,,NBCC,,2026-02-24,2026-02-24,125.0,CE,NBCC26FEB125CE,0.05,0.05,0.03,0.04,0.03,0.06,98.04,0.04,968500,-136500,36,29258645.0,20,F1,6500,,,,,
2026-02-18,2026-02-18,FO,NSE,STO,142289,,NBCC,,2026-02-24,2026-02-24,121.0,CE,NBCC26FEB121CE,0.0,0.0,0.0,0.4,0.4,0.4,98.04,0.01,6500,0,0,0.0,0,F1,6500,,,,,
2026-02-18,2026-02-18,FO,NSE,STO,142285,,NBCC,,2026-02-24,2026-02-24,117.0,CE,NBCC26FEB117CE,0.0,0.0,0.0,0.34,0.33,0.34,98.04,0.01,32500,0,0,0.0,0,F1,6500,,,,,
2026-02-18,2026-02-18,FO,NSE,STO,142267,,NBCC,,2026-02-24,2026-02-24,99.0,CE,NBCC26FEB99CE,2.26,2.98,1.4,1.62,1.56,2.25,98.04,1.62,1690000,-78000,454,297877320.0,368,F1,6500,,,,,
2026-02-18,2026-02-18,FO,NSE,STO,120208,,NBCC,,2026-02-24,2026-02-24,96.0,CE,NBCC26FEB96CE,4.9,5.04,3.01,3.01,3.01,3.76,98.04,3.3,208000,-19500,10,6494800.0,10,F1,6500,,,,,
2026-02-18,2026-02-18,FO,NSE,STO,120204,,NBCC,,2026-02-24,2026-02-24,92.0,CE,NBCC26FEB92CE,0.0,0.0,0.0,10.5,10.5,10.5,98.04,6.4,39000,0,0,0.0,0,F1,6500,,,,,
2026-02-18,2026-02-18,FO,NSE,STO,40777,,NBCC,,2026-02-24,2026-02-24,81.0,CE,NBCC26FEB81CE,0.0,0.0,0.0,35.83,0.0,35.83,98.04,17.11,0,0,0,0.0,0,F1,6500,,,,,
2026-02-18,2026-02-18,FO,NSE,STO,142640,,NBCC,,2026-03-30,2026-03-30,90.0,PE,NBCC26MAR90PE,1.64,1.92,1.55,1.65,1.69,2.0,98.04,1.65,1053000,123500,89,53092715.0,67,F1,6500,,,,,
2026-02-18,2026-02-18,FO,NSE,STO,144201,,NBCC,,2026-03-30,2026-03-30,87.0,PE,NBCC26MAR87PE,0.0,0.0,0.0,3.29,0.0,3.29,98.04,1.24,0,0,0,0.0,0,F1,6500,,,,,
2026-02-18,2026-02-18,FO,NSE,STO,120396,,NBCC,,2026-02-24,2026-02-24,130.0,PE,NBCC26FEB130PE,0.0,0.0,0.0,32.0,32.0,32.0,98.04,31.84,19500,0,0,0.0,0,F1,6500,,,,,
2026-02-18,2026-02-18,FO,NSE,STO,142280,,NBCC,,2026-02-24,2026-02-24,111.0,PE,NBCC26FEB111PE,0.0,0.0,0.0,10.8,10.8,10.8,98.04,12.88,13000,0,0,0.0,0,F1,6500,,,,,
2026-02-18,2026-02-18,FO,NSE,STO,120332,,NBCC,,2026-02-24,2026-02-24,110.0,PE,NBCC26FEB110PE,11.0,12.28,11.0,12.18,12.18,12.33,98.04,11.89,858000,-19500,15,11877385.0,9,F1,6500,,,,,
2026-02-18,2026-02-18,FO,NSE,STO,142260,,NBCC,,2026-02-24,2026-02-24,91.0,PE,NBCC26FEB91PE,0.28,0.34,0.26,0.26,0.27,0.42,98.04,0.26,214500,-19500,29,17210505.0,29,F1,6500,,,,,
2026-02-18,2026-02-18,FO,NSE,STO,144479,,NBCC,,2026-04-28,2026-04-28,104.0,CE,NBCC26APR104CE,0.0,0.0,0.0,7.32,0.0,7.32,98.04,5.05,0,0,0,0.0,0,F1,6500,,,,,
2026-02-18,2026-02-18,FO,NSE,STO,144247,,NBCC,,2026-03-30,2026-03-30,115.0,PE,NBCC26MAR115PE,15.5,17.2,15.5,17.2,17.2,16.9,98.04,17.23,52000,32500,5,4253405.0,4,F1,6500,,,,,
2026-02-18,2026-02-18,FO,NSE,STO,144219,,NBCC,,2026-03-30,2026-03-30,105.0,PE,NBCC26MAR105PE,8.8,9.19,8.8,9.19,9.19,8.9,98.04,9.27,175500,149500,25,18513950.0,25,F1,6500,,,,,
2026-02-18,2026-02-18,FO,NSE,STO,144213,,NBCC,,2026-03-30,2026-03-30,99.0,PE,NBCC26MAR99PE,5.2,5.37,5.2,5.37,5.37,8.53,98.04,5.57,19500,19500,3,2033200.0,3,F1,6500,,,,,
2026-02-18,2026-02-18,FO,NSE,STO,144209,,NBCC,,2026-03-30,2026-03-30,95.0,PE,NBCC26MAR95PE,3.15,3.55,2.91,3.25,3.25,3.56,98.04,3.66,435500,117000,44,28118935.0,41,F1,6500,,,,,
2026-02-18,2026-02-18,FO,NSE,STO,144205,,NBCC,,2026-03-30,2026-03-30,91.0,PE,NBCC26MAR91PE,0.0,0.0,0.0,4.71,0.0,4.71,98.04,2.23,0,0,0,0.0,0,F1,6500,,,,,
2026-02-18,2026-02-18,FO,NSE,STO,142708,,NBCC,,2026-03-30,2026-03-30,120.0,CE,NBCC26MAR120CE,0.8,0.8,0.42,0.47,0.47,0.65,98.04,0.47,286000,97500,31,24289005.0,31,F1,6500,,,,,
2026-02-18,2026-02-18,FO,NSE,STO,142700,,NBCC,,2026-03-30,2026-03-30,112.0,CE,NBCC26MAR112CE,1.11,1.14,1.11,1.14,1.14,18.27,98.04,1.14,13000,13000,3,2205840.0,2,F1,6500,,,,,
2026-02-18,2026-02-18,FO,NSE,STO,144242,,NBCC,,2026-03-30,2026-03-30,111.0,CE,NBCC26MAR111CE,0.0,0.0,0.0,3.49,0.0,3.49,98.04,1.54,0,0,0,0.0,0,F1,6500,,,,,
2026-02-18,2026-02-18,FO,NSE,STO,144210,,NBCC,,2026-03-30,2026-03-30,97.0,CE,NBCC26MAR97CE,5.6,5.6,5.6,5.6,5.6,7.15,98.04,5.6,13000,6500,1,666900.0,1,F1,6500,,,,,
2026-02-18,2026-02-18,FO,NSE,STO,142522,,NBCC,,2026-03-30,2026-03-30,84.0,CE,NBCC26MAR84CE,0.0,0.0,0.0,39.83,0.0,39.83,98.04,15.29,0,0,0,0.0,0,F1,6500,,,,,
2026-02-18,2026-02-18,FO,NSE,STO,144194,,NBCC,,2026-03-30,2026-03-30,81.0,CE,NBCC26MAR81CE,0.0,0.0,0.0,18.43,0.0,18.43,98.04,17.94,0,0,0,0.0,0,F1,6500,,,,,
2026-02-18,2026-02-18,FO,NSE,STO,142295,,NBCC,,2026-02-24,2026-02-24,127.0,CE,NBCC26FEB127CE,0.0,0.0,0.0,0.06,0.06,0.06,98.04,0.01,13000,0,0,0.0,0,F1,6500,,,,,
2026-02-18,2026-02-18,FO,NSE,STO,142291,,NBCC,,2026-02-24,2026-02-24,123.0,CE,NBCC26FEB123CE,0.06,0.06,0.06,0.06,0.06,0.1,98.04,0.01,52000,-6500,1,799890.0,1,F1,6500,,,,,
2026-02-18,2026-02-18,FO,NSE,STO,142281,,NBCC,,2026-02-24,2026-02-24,113.0,CE,NBCC26FEB113CE,0.0,0.0,0.0,0.36,0.37,0.36,98.04,0.01,279500,0,0,0.0,0,F1,6500,,,,,
2026-02-18,2026-02-18,FO,NSE,STO,142275,,NBCC,,2026-02-24,2026-02-24,107.0,CE,NBCC26FEB107CE,0.49,0.62,0.25,0.29,0.28,0.5,98.04,0.29,643500,-6500,149,103992395.0,131,F1,6500,,,,,
2026-02-18,2026-02-18,FO,NSE,STO,43722,,NBCC,,2026-02-24,2026-02-24,83.0,CE,NBCC26FEB83CE,0.0,0.0,0.0,36.36,0.0,36.36,98.04,15.12,0,0,0,0.0,0,F1,6500,,,,,
2026-02-18,2026-02-18,FO,NSE,STO,120196,,NBCC,,2026-02-24,2026-02-24,80.0,CE,NBCC26FEB80CE,0.0,0.0,0.0,19.4,19.4,19.4,98.04,18.11,13000,0,0,0.0,0,F1,6500,,,,,
2026-02-18,2026-02-18,FO,NSE,STO,45190,,NBCC,,2026-02-24,2026-02-24,79.0,CE,NBCC26FEB79CE,0.0,0.0,0.0,33.85,0.0,33.85,98.04,19.11,0,0,0,0.0,0,F1,6500,,,,,
2026-02-18,2026-02-18,FO,NSE,STO,120207,,NBCC,,2026-02-24,2026-02-24,94.0,PE,NBCC26FEB94PE,0.69,0.74,0.53,0.59,0.61,0.82,98.04,0.59,624000,-39000,81,49828025.0,69,F1,6500,,,,,
2026-02-18,2026-02-18,FO,NSE,STO,144481,,NBCC,,2026-04-28,2026-04-28,106.0,CE,NBCC26APR106CE,0.0,0.0,0.0,6.63,0.0,6.63,98.04,4.37,0,0,0,0.0,0,F1,6500,,,,,
2026-02-18,2026-02-18,FO,NSE,STO,45191,,NBCC,,2026-02-24,2026-02-24,79.0,PE,NBCC26FEB79PE,0.0,0.0,0.0,0.15,0.0,0.15,98.04,0.01,0,0,0,0.0,0,F1,6500,,,,,
2026-02-18,2026-02-18,FO,NSE,STO,39148,,NBCC,,2026-02-24,2026-02-24,86.0,PE,NBCC26FEB86PE,0.11,0.14,0.09,0.09,0.09,0.17,98.04,0.09,136500,-19500,36,20152535.0,36,F1,6500,,,,,
2026-02-18,2026-02-18,FO,NSE,STO,142286,,NBCC,,2026-02-24,2026-02-24,117.0,PE,NBCC26FEB117PE,0.0,0.0,0.0,15.0,15.0,15.0,98.04,18.85,65000,0,0,0.0,0,F1,6500,,,,,
2026-02-18,2026-02-18,FO,NSE,STO,144467,,NBCC,,2026-04-28,2026-04-28,92.0,CE,NBCC26APR92CE,0.0,0.0,0.0,12.73,0.0,12.73,98.04,10.86,0,0,0,0.0,0,F1,6500,,,,,
2026-02-18,2026-02-18,FO,NSE,STO,144477,,NBCC,,2026-04-28,2026-04-28,102.0,CE,NBCC26APR102CE,0.0,0.0,0.0,8.06,0.0,8.06,98.04,5.8,0,0,0,0.0,0,F1,6500,,,,,
2026-02-18,2026-02-18,FO,NSE,STO,144218,,NBCC,,2026-03-30,2026-03-30,105.0,CE,NBCC26MAR105CE,3.5,3.53,2.33,2.49,2.5,3.11,98.04,2.49,1033500,474500,145,101439715.0,114,F1,6500,,,,,
2026-02-18,2026-02-18,FO,NSE,STO,142283,,NBCC,,2026-02-24,2026-02-24,115.0,CE,NBCC26FEB115CE,0.14,0.18,0.08,0.09,0.09,0.15,98.04,0.09,2145000,-143000,191,142907765.0,172,F1,6500,,,,,
2026-02-18,2026-02-18,FO,NSE,STO,144528,,NBCC,,2026-04-28,2026-04-28,110.0,PE,NBCC26APR110PE,0.0,0.0,0.0,16.89,0.0,16.89,98.04,14.07,0,0,0,0.0,0,F1,6500,,,,,
2026-02-18,2026-02-18,FO,NSE,STO,144460,,NBCC,,2026-04-28,2026-04-28,84.0,PE,NBCC26APR84PE,0.0,0.0,0.0,3.54,0.0,3.54,98.04,1.59,0,0,0,0.0,0,F1,6500,,,,,
2026-02-18,2026-02-18,FO,NSE,STO,144215,,NBCC,,2026-03-30,2026-03-30,101.0,PE,NBCC26MAR101PE,5.53,6.34,5.5,6.34,6.34,6.5,98.04,6.34,299000,266500,48,33242950.0,26,F1,6500,,,,,
2026-02-18,2026-02-18,FO,NSE,STO,142523,,NBCC,,2026-03-30,2026-03-30,84.0,PE,NBCC26MAR84PE,0.0,0.0,0.0,0.66,0.0,0.66,98.04,0.74,0,0,0,0.0,0,F1,6500,,,,,
2026-02-18,2026-02-18,FO,NSE,STO,120383,,NBCC,,2026-02-24,2026-02-24,122.0,PE,NBCC26FEB122PE,0.0,0.0,0.0,13.42,0.0,13.42,98.04,23.85,0,0,0,0.0,0,F1,6500,,,,,
2026-02-18,2026-02-18,FO,NSE,STO,142282,,NBCC,,2026-02-24,2026-02-24,113.0,PE,NBCC26FEB113PE,0.0,0.0,0.0,14.99,14.99,14.99,98.04,14.86,78000,0,0,0.0,0,F1,6500,,,,,
2026-02-18,2026-02-18,FO,NSE,STO,142268,,NBCC,,2026-02-24,2026-02-24,99.0,PE,NBCC26FEB99PE,1.8,2.65,1.8,2.54,2.54,2.65,98.04,2.56,1105000,26000,76,49971935.0,71,F1,6500,,,,,
2026-02-18,2026-02-18,FO,NSE,STO,142694,,NBCC,,2026-03-30,2026-03-30,106.0,CE,NBCC26MAR106CE,0.0,0.0,0.0,22.11,0.0,22.11,98.04,2.66,0,0,0,0.0,0,F1,6500,,,,,
2026-02-18,2026-02-18,FO,NSE,STO,142690,,NBCC,,2026-03-30,2026-03-30,102.0,CE,NBCC26MAR102CE,0.0,0.0,0.0,3.83,3.83,3.83,98.04,3.95,13000,0,0,0.0,0,F1,6500,,,,,
2026-02-18,2026-02-18,FO,NSE,STO,144212,,NBCC,,2026-03-30,2026-03-30,99.0,CE,NBCC26MAR99CE,6.15,6.15,4.38,4.38,4.38,5.35,98.04,5.2,162500,65000,19,12831260.0,18,F1,6500,,,,,
2026-02-18,2026-02-18,FO,NSE,STO,144204,,NBCC,,2026-03-30,2026-03-30,91.0,CE,NBCC26MAR91CE,0.0,0.0,0.0,11.51,0.0,11.51,98.04,9.82,0,0,0,0.0,0,F1,6500,,,,,
2026-02-18,2026-02-18,FO,NSE,STO,43726,,NBCC,,2026-03-30,2026-03-30,82.0,CE,NBCC26MAR82CE,0.0,0.0,0.0,38.19,0.0,38.19,98.04,17.04,0,0,0,0.0,0,F1,6500,,,,,
2026-02-18,2026-02-18,FO,NSE,STO,120407,,NBCC,,2026-02-24,2026-02-24,140.0,CE,NBCC26FEB140CE,0.0,0.0,0.0,0.03,0.03,0.03,98.04,0.01,175500,0,0,0.0,0,F1,6500,,,,,
2026-02-18,2026-02-18,FO,NSE,STO,120405,,NBCC,,2026-02-24,2026-02-24,138.0,CE,NBCC26FEB138CE,0.0,0.0,0.0,0.15,0.15,0.15,98.04,0.01,71500,0,0,0.0,0,F1,6500,,,,,
2026-02-18,2026-02-18,FO,NSE,STO,142303,,NBCC,,2026-02-24,2026-02-24,135.0,CE,NBCC26FEB135CE,0.0,0.0,0.0,0.04,0.04,0.04,98.04,0.01,208000,0,0,0.0,0,F1,6500,,,,,
2026-02-18,2026-02-18,FO,NSE,STO,142706,,NBCC,,2026-03-30,2026-03-30,118.0,CE,NBCC26MAR118CE,0.0,0.0,0.0,8.5,8.5,8.5,98.04,0.66,182000,0,0,0.0,0,F1,6500,,,,,
2026-02-18,2026-02-18,FO,NSE,STO,144465,,NBCC,,2026-04-28,2026-04-28,90.0,CE,NBCC26APR90CE,0.0,0.0,0.0,13.86,0.0,13.86,98.04,12.14,0,0,0,0.0,0,F1,6500,,,,,
2026-02-18,2026-02-18,FO,NSE,STO,142294,,NBCC,,2026-02-24,2026-02-24,125.0,PE,NBCC26FEB125PE,27.2,27.2,26.65,26.71,27.11,26.34,98.04,26.71,682500,-104000,16,15786940.0,10,F1,6500,,,,,
2026-02-18,2026-02-18,FO,NSE,STO,144193,,NBCC,,2026-03-30,2026-03-30,79.0,PE,NBCC26MAR79PE,0.0,0.0,0.0,1.37,0.0,1.37,98.04,0.27,0,0,0,0.0,0,F1,6500,,,,,
2026-02-18,2026-02-18,FO,NSE,STO,144195,,NBCC,,2026-03-30,2026-03-30,81.0,PE,NBCC26MAR81PE,0.0,0.0,0.0,1.74,0.0,1.74,98.04,0.42,0,0,0,0.0,0,F1,6500,,,,,
2026-02-18,2026-02-18,FO,NSE,STO,144243,,NBCC,,2026-03-30,2026-03-30,111.0,PE,NBCC26MAR111PE,0.0,0.0,0.0,16.48,0.0,16.48,98.04,13.84,0,0,0,0.0,0,F1,6500,,,,,
2026-02-18,2026-02-18,FO,NSE,STO,144462,,NBCC,,2026-04-28,2026-04-28,86.0,PE,NBCC26APR86PE,0.0,0.0,0.0,4.17,0.0,4.17,98.04,2.04,0,0,0,0.0,0,F1,6500,,,,,
2026-02-18,2026-02-18,FO,NSE,STO,144474,,NBCC,,2026-04-28,2026-04-28,98.0,PE,NBCC26APR98PE,0.0,0.0,0.0,9.39,0.0,9.39,98.04,6.5,0,0,0,0.0,0,F1,6500,,,,,
2026-02-18,2026-02-18,FO,NSE,STO,44903,,NBCC,,2026-02-24,2026-02-24,82.0,CE,NBCC26FEB82CE,0.0,0.0,0.0,17.6,17.6,17.6,98.04,16.11,6500,0,0,0.0,0,F1,6500,,,,,
2026-02-18,2026-02-18,FO,NSE,STO,120198,,NBCC,,2026-02-24,2026-02-24,84.0,CE,NBCC26FEB84CE,0.0,0.0,0.0,17.46,17.46,17.46,98.04,14.12,19500,0,0,0.0,0,F1,6500,,,,,
2026-02-18,2026-02-18,FO,NSE,STF,66907,,NBCC,,2026-04-28,2026-04-28,,,NBCC26APRFUT,100.0,100.97,98.88,98.93,98.91,99.5,98.04,98.93,1124500,195000,42,27270750.0,42,F1,6500,,,,,
2026-02-18,2026-02-18,FO,NSE,STO,142279,,NBCC,,2026-02-24,2026-02-24,111.0,CE,NBCC26FEB111CE,0.23,0.23,0.14,0.15,0.15,0.27,98.04,0.15,214500,-156000,51,36854675.0,38,F1,6500,,,,,
2026-02-18,2026-02-18,FO,NSE,STO,45195,,NBCC,,2026-03-30,2026-03-30,78.0,CE,NBCC26MAR78CE,0.0,0.0,0.0,35.64,0.0,35.64,98.04,20.72,0,0,0,0.0,0,F1,6500,,,,,
2026-02-18,2026-02-18,FO,NSE,STO,144244,,NBCC,,2026-03-30,2026-03-30,113.0,CE,NBCC26MAR113CE,0.0,0.0,0.0,3.04,0.0,3.04,98.04,1.23,0,0,0,0.0,0,F1,6500,,,,,
2026-02-18,2026-02-18,FO,NSE,STO,144636,,NBCC,,2026-04-28,2026-04-28,120.0,PE,NBCC26APR120PE,0.0,0.0,0.0,24.51,0.0,24.51,98.04,22.16,0,0,0,0.0,0,F1,6500,,,,,
2026-02-18,2026-02-18,FO,NSE,STO,41814,,NBCC,,2026-02-24,2026-02-24,85.0,CE,NBCC26FEB85CE,0.0,0.0,0.0,35.56,0.0,35.56,98.04,13.12,0,0,0,0.0,0,F1,6500,,,,,
2026-02-18,2026-02-18,FO,NSE,STO,142277,,NBCC,,2026-02-24,2026-02-24,109.0,CE,NBCC26FEB109CE,0.42,0.43,0.18,0.21,0.2,0.36,98.04,0.21,435500,-123500,64,45439160.0,53,F1,6500,,,,,
2026-02-18,2026-02-18,FO,NSE,STO,120333,,NBCC,,2026-02-24,2026-02-24,112.0,CE,NBCC26FEB112CE,0.07,0.21,0.07,0.14,0.14,0.22,98.04,0.14,286000,-130000,58,42281005.0,58,F1,6500,,,,,
2026-02-18,2026-02-18,FO,NSE,STO,120344,,NBCC,,2026-02-24,2026-02-24,114.0,CE,NBCC26FEB114CE,0.19,0.19,0.09,0.11,0.11,0.17,98.04,0.11,533000,-117000,123,91236860.0,111,F1,6500,,,,,
2026-02-18,2026-02-18,FO,NSE,STO,120382,,NBCC,,2026-02-24,2026-02-24,122.0,CE,NBCC26FEB122CE,0.0,0.0,0.0,10.85,0.0,10.85,98.04,0.01,0,0,0,0.0,0,F1,6500,,,,,
2026-02-18,2026-02-18,FO,NSE,STO,120401,,NBCC,,2026-02-24,2026-02-24,136.0,CE,NBCC26FEB136CE,0.0,0.0,0.0,0.65,0.65,0.65,98.04,0.01,78000,0,0,0.0,0,F1,6500,,,,,
2026-02-18,2026-02-18,FO,NSE,STO,144192,,NBCC,,2026-03-30,2026-03-30,79.0,CE,NBCC26MAR79CE,0.0,0.0,0.0,20.03,0.0,20.03,98.04,19.79,0,0,0,0.0,0,F1,6500,,,,,
2026-02-18,2026-02-18,FO,NSE,STO,144198,,NBCC,,2026-03-30,2026-03-30,85.0,CE,NBCC26MAR85CE,0.0,0.0,0.0,15.43,0.0,15.43,98.04,14.44,0,0,0,0.0,0,F1,6500,,,,,
2026-02-18,2026-02-18,FO,NSE,STO,142639,,NBCC,,2026-03-30,2026-03-30,90.0,CE,NBCC26MAR90CE,10.8,10.8,10.04,10.13,10.04,10.62,98.04,10.13,78000,-13000,7,4562610.0,5,F1,6500,,,,,
2026-02-18,2026-02-18,FO,NSE,STO,144214,,NBCC,,2026-03-30,2026-03-30,101.0,CE,NBCC26MAR101CE,0.0,0.0,0.0,6.58,0.0,6.58,98.04,4.34,0,0,0,0.0,0,F1,6500,,,,,
2026-02-18,2026-02-18,FO,NSE,STO,142698,,NBCC,,2026-03-30,2026-03-30,110.0,CE,NBCC26MAR110CE,2.35,2.35,1.31,1.41,1.38,1.87,98.04,1.41,1079000,305500,120,87014850.0,111,F1,6500,,,,,
2026-02-18,2026-02-18,FO,NSE,STO,144246,,NBCC,,2026-03-30,2026-03-30,115.0,CE,NBCC26MAR115CE,1.0,1.0,0.74,0.78,0.78,1.45,98.04,0.78,136500,91000,23,17313660.0,23,F1,6500,,,,,
2026-02-18,2026-02-18,FO,NSE,STO,144635,,NBCC,,2026-04-28,2026-04-28,120.0,CE,NBCC26APR120CE,0.0,0.0,0.0,3.18,0.0,3.18,98.04,1.44,0,0,0,0.0,0,F1,6500,,,,,
2026-02-18,2026-02-18,FO,NSE,STO,142272,,NBCC,,2026-02-24,2026-02-24,103.0,PE,NBCC26FEB103PE,0.0,0.0,0.0,5.6,5.6,5.6,98.04,5.39,513500,0,0,0.0,0,F1,6500,,,,,
2026-02-18,2026-02-18,FO,NSE,STO,142278,,NBCC,,2026-02-24,2026-02-24,109.0,PE,NBCC26FEB109PE,0.0,0.0,0.0,8.25,8.25,8.25,98.04,10.91,104000,0,0,0.0,0,F1,6500,,,,,
2026-02-18,2026-02-18,FO,NSE,STO,120362,,NBCC,,2026-02-24,2026-02-24,116.0,PE,NBCC26FEB116PE,0.0,0.0,0.0,15.0,15.0,15.0,98.04,17.86,6500,0,0,0.0,0,F1,6500,,,,,
2026-02-18,2026-02-18,FO,NSE,STO,142693,,NBCC,,2026-03-30,2026-03-30,104.0,PE,NBCC26MAR104PE,0.0,0.0,0.0,7.66,7.66,7.66,98.04,8.59,19500,0,0,0.0,0,F1,6500,,,,,
2026-02-18,2026-02-18,FO,NSE,STO,144241,,NBCC,,2026-03-30,2026-03-30,109.0,PE,NBCC26MAR109PE,0.0,0.0,0.0,15.0,0.0,15.0,98.04,12.24,0,0,0,0.0,0,F1,6500,,,,,
2026-02-18,2026-02-18,FO,NSE,STO,142699,,NBCC,,2026-03-30,2026-03-30,110.0,PE,NBCC26MAR110PE,12.73,12.73,12.73,12.73,12.73,13.3,98.04,13.03,169000,0,1,797745.0,1,F1,6500,,,,,
2026-02-18,2026-02-18,FO,NSE,STO,144492,,NBCC,,2026-04-28,2026-04-28,106.0,PE,NBCC26APR106PE,0.0,0.0,0.0,14.17,0.0,14.17,98.04,11.24,0,0,0,0.0,0,F1,6500,,,,,
2026-02-18,2026-02-18,FO,NSE,STO,144456,,NBCC,,2026-04-28,2026-04-28,80.0,PE,NBCC26APR80PE,0.0,0.0,0.0,2.47,0.0,2.47,98.04,0.92,0,0,0,0.0,0,F1,6500,,,,,
2026-02-18,2026-02-18,FO,NSE,STO,44499,,NBCC,,2026-02-24,2026-02-24,78.0,PE,NBCC26FEB78PE,0.0,0.0,0.0,0.11,0.11,0.11,98.04,0.01,26000,0,0,0.0,0,F1,6500,,,,,
2026-02-18,2026-02-18,FO,NSE,STO,144469,,NBCC,,2026-04-28,2026-04-28,94.0,CE,NBCC26APR94CE,0.0,0.0,0.0,11.66,0.0,11.66,98.04,9.67,0,0,0,0.0,0,F1,6500,,,,,
2026-02-18,2026-02-18,FO,NSE,STO,142647,,NBCC,,2026-03-30,2026-03-30,96.0,CE,NBCC26MAR96CE,0.0,0.0,0.0,29.52,0.0,29.52,98.04,6.71,0,0,0,0.0,0,F1,6500,,,,,
2026-02-18,2026-02-18,FO,NSE,STO,142261,,NBCC,,2026-02-24,2026-02-24,93.0,CE,NBCC26FEB93CE,5.58,5.58,5.3,5.52,5.52,7.87,98.04,5.54,91000,6500,3,1920100.0,3,F1,6500,,,,,
2026-02-18,2026-02-18,FO,NSE,STO,39147,,NBCC,,2026-02-24,2026-02-24,86.0,CE,NBCC26FEB86CE,0.0,0.0,0.0,33.04,0.0,33.04,98.04,12.13,0,0,0,0.0,0,F1,6500,,,,,
2026-02-18,2026-02-18,FO,NSE,STO,120359,,NBCC,,2026-02-24,2026-02-24,116.0,CE,NBCC26FEB116CE,0.0,0.0,0.0,0.24,0.24,0.24,98.04,0.01,117000,0,0,0.0,0,F1,6500,,,,,
2026-02-18,2026-02-18,FO,NSE,STO,142274,,NBCC,,2026-02-24,2026-02-24,105.0,PE,NBCC26FEB105PE,5.8,7.44,5.8,7.38,7.38,7.02,98.04,7.13,975000,-39000,17,12369760.0,17,F1,6500,,,,,
2026-02-18,2026-02-18,FO,NSE,STO,144249,,NBCC,,2026-03-30,2026-03-30,117.0,PE,NBCC26MAR117PE,0.0,0.0,0.0,21.24,0.0,21.24,98.04,19.01,0,0,0,0.0,0,F1,6500,,,,,
2026-02-18,2026-02-18,FO,NSE,STO,144472,,NBCC,,2026-04-28,2026-04-28,96.0,PE,NBCC26APR96PE,0.0,0.0,0.0,8.35,0.0,8.35,98.04,5.53,0,0,0,0.0,0,F1,6500,,,,,
2026-02-18,2026-02-18,FO,NSE,STO,142259,,NBCC,,2026-02-24,2026-02-24,91.0,CE,NBCC26FEB91CE,7.83,7.83,7.19,7.39,7.39,12.61,98.04,7.39,78000,6500,6,3837275.0,6,F1,6500,,,,,
2026-02-18,2026-02-18,FO,NSE,STO,120206,,NBCC,,2026-02-24,2026-02-24,94.0,CE,NBCC26FEB94CE,0.0,0.0,0.0,4.69,4.69,4.69,98.04,4.73,117000,0,0,0.0,0,F1,6500,,,,,
2026-02-18,2026-02-18,FO,NSE,STO,120222,,NBCC,,2026-02-24,2026-02-24,98.0,CE,NBCC26FEB98CE,2.93,3.57,1.78,2.07,1.98,2.73,98.04,2.07,1644500,84500,498,324636455.0,448,F1,6500,,,,,
2026-02-18,2026-02-18,FO,NSE,STO,128478,,POLYCAB,,2026-02-24,2026-02-24,7000.0,CE,POLYCAB26FEB7000CE,800.45,829.5,786.95,827.5,829.5,770.45,7829.95,827.5,51875,-1000,19,18555218.75,16,F1,125,,,,,
2026-02-18,2026-02-18,FO,NSE,STO,155875,,POLYCAB,,2026-03-30,2026-03-30,8400.0,PE,POLYCAB26MAR8400PE,0.0,0.0,0.0,1068.85,0.0,1068.85,7829.95,671.2,0,0,0,0.0,0,F1,125,,,,,
2026-02-18,2026-02-18,FO,NSE,STO,155867,,POLYCAB,,2026-03-30,2026-03-30,7600.0,PE,POLYCAB26MAR7600PE,0.0,0.0,0.0,566.7,0.0,566.7,7829.95,214.95,0,0,0,0.0,0,F1,125,,,,,
2026-02-18,2026-02-18,FO,NSE,STO,152197,,POLYCAB,,2026-03-30,2026-03-30,7500.0,PE,POLYCAB26MAR7500PE,101.0,114.8,98.0,98.15,98.45,134.85,7829.95,98.15,4500,875,44,41832875.0,37,F1,125,,,,,
2026-02-18,2026-02-18,FO,NSE,STO,155865,,POLYCAB,,2026-03-30,2026-03-30,7400.0,PE,POLYCAB26MAR7400PE,97.15,97.15,76.0,79.95,79.9,97.15,7829.95,79.95,13000,3000,58,54238725.0,53,F1,125,,,,,
2026-02-18,2026-02-18,FO,NSE,STO,155859,,POLYCAB,,2026-03-30,2026-03-30,6800.0,PE,POLYCAB26MAR6800PE,0.0,0.0,0.0,233.35,0.0,233.35,7829.95,32.7,0,0,0,0.0,0,F1,125,,,,,
2026-02-18,2026-02-18,FO,NSE,STO,155853,,POLYCAB,,2026-03-30,2026-03-30,6200.0,PE,POLYCAB26MAR6200PE,0.0,0.0,0.0,94.35,0.0,94.35,7829.95,3.8,0,0,0,0.0,0,F1,125,,,,,
2026-02-18,2026-02-18,FO,NSE,STO,128497,,POLYCAB,,2026-02-24,2026-02-24,8800.0,PE,POLYCAB26FEB8800PE,0.0,0.0,0.0,1422.75,0.0,1422.75,7829.95,962.4,0,0,0,0.0,0,F1,125,,,,,
2026-02-18,2026-02-18,FO,NSE,STO,152353,,POLYCAB,,2026-04-28,2026-04-28,7200.0,PE,POLYCAB26APR7200PE,0.0,0.0,0.0,714.05,0.0,714.05,7829.95,164.2,0,0,0,0.0,0,F1,125,,,,,
2026-02-18,2026-02-18,FO,NSE,STO,152347,,POLYCAB,,2026-04-28,2026-04-28,6600.0,PE,POLYCAB26APR6600PE,0.0,0.0,0.0,391.35,0.0,391.35,7829.95,50.3,0,0,0,0.0,0,F1,125,,,,,
2026-02-18,2026-02-18,FO,NSE,STO,155809,,POLYCAB,,2026-02-24,2026-02-24,7300.0,PE,POLYCAB26FEB7300PE,8.45,9.6,5.8,6.3,6.7,10.95,7829.95,6.3,55375,-4375,244,222873093.75,239,F1,125,,,,,
2026-02-18,2026-02-18,FO,NSE,STO,155797,,POLYCAB,,2026-02-24,2026-02-24,6100.0,PE,POLYCAB26FEB6100PE,1.5,1.8,1.5,1.7,1.7,3.15,7829.95,0.05,1125,250,5,3813537.5,4,F1,125,,,,,
2026-02-18,2026-02-18,FO,NSE,STO,128366,,POLYCAB,,2026-02-24,2026-02-24,5800.0,PE,POLYCAB26FEB5800PE,1.55,2.25,0.95,0.95,0.95,1.55,7829.95,0.05,1250,0,33,23931518.75,23,F1,125,,,,,
2026-02-18,2026-02-18,FO,NSE,STO,152412,,POLYCAB,,2026-04-28,2026-04-28,9200.0,CE,POLYCAB26APR9200CE,0.0,0.0,0.0,44.65,0.0,44.65,7829.95,91.15,0,0,0,0.0,0,F1,125,,,,,
2026-02-18,2026-02-18,FO,NSE,STO,152364,,POLYCAB,,2026-04-28,2026-04-28,7600.0,CE,POLYCAB26APR7600CE,0.0,0.0,0.0,265.5,0.0,265.5,7829.95,610.15,0,0,0,0.0,0,F1,125,,,,,
2026-02-18,2026-02-18,FO,NSE,STO,152362,,POLYCAB,,2026-04-28,2026-04-28,7400.0,CE,POLYCAB26APR7400CE,0.0,0.0,0.0,323.05,0.0,323.05,7829.95,732.5,0,0,0,0.0,0,F1,125,,,,,
2026-02-18,2026-02-18,FO,NSE,STO,152211,,POLYCAB,,2026-03-30,2026-03-30,8500.0,CE,POLYCAB26MAR8500CE,0.0,0.0,0.0,49.05,0.0,49.05,7829.95,127.5,0,0,0,0.0,0,F1,125,,,,,
2026-02-18,2026-02-18,FO,NSE,STO,152188,,POLYCAB,,2026-03-30,2026-03-30,6700.0,CE,POLYCAB26MAR6700CE,0.0,0.0,0.0,500.1,0.0,500.1,7829.95,1194.25,0,0,0,0.0,0,F1,125,,,,,
2026-02-18,2026-02-18,FO,NSE,STO,152186,,POLYCAB,,2026-03-30,2026-03-30,6500.0,CE,POLYCAB26MAR6500CE,0.0,0.0,0.0,610.05,0.0,610.05,7829.95,1381.25,0,0,0,0.0,0,F1,125,,,,,
2026-02-18,2026-02-18,FO,NSE,STO,155854,,POLYCAB,,2026-03-30,2026-03-30,6400.0,CE,POLYCAB26MAR6400CE,0.0,0.0,0.0,1322.9,0.0,1322.9,7829.95,1476.85,0,0,0,0.0,0,F1,125,,,,,
2026-02-18,2026-02-18,FO,NSE,STO,155870,,POLYCAB,,2026-03-30,2026-03-30,8000.0,CE,POLYCAB26MAR8000CE,0.0,0.0,0.0,414.05,0.0,414.05,7829.95,286.0,0,0,0,0.0,0,F1,125,,,,,
2026-02-18,2026-02-18,FO,NSE,STO,155866,,POLYCAB,,2026-03-30,2026-03-30,7600.0,CE,POLYCAB26MAR7600CE,393.0,393.0,381.05,381.05,381.05,362.95,7829.95,490.6,875,125,8,7986543.75,8,F1,125,,,,,
2026-02-18,2026-02-18,FO,NSE,STO,155862,,POLYCAB,,2026-03-30,2026-03-30,7200.0,CE,POLYCAB26MAR7200CE,0.0,0.0,0.0,781.25,0.0,781.25,7829.95,767.4,0,0,0,0.0,0,F1,125,,,,,
2026-02-18,2026-02-18,FO,NSE,STO,155820,,POLYCAB,,2026-02-24,2026-02-24,8500.0,CE,POLYCAB26FEB8500CE,5.05,5.05,2.65,2.85,2.75,3.25,7829.95,2.85,38000,125,123,130735050.0,106,F1,125,,,,,
2026-02-18,2026-02-18,FO,NSE,STO,155812,,POLYCAB,,2026-02-24,2026-02-24,7700.0,CE,POLYCAB26FEB7700CE,137.3,190.0,137.3,167.75,166.35,135.25,7829.95,167.75,48625,-18000,758,745259662.5,652,F1,125,,,,,
2026-02-18,2026-02-18,FO,NSE,STO,155808,,POLYCAB,,2026-02-24,2026-02-24,7300.0,CE,POLYCAB26FEB7300CE,504.0,531.9,502.0,527.5,531.0,474.85,7829.95,527.5,17875,-2500,37,36173656.25,30,F1,125,,,,,
2026-02-18,2026-02-18,FO,NSE,STO,155819,,POLYCAB,,2026-02-24,2026-02-24,8300.0,PE,POLYCAB26FEB8300PE,0.0,0.0,0.0,922.45,0.0,922.45,7829.95,476.25,0,0,0,0.0,0,F1,125,,,,,
2026-02-18,2026-02-18,FO,NSE,STO,152341,,POLYCAB,,2026-04-28,2026-04-28,6000.0,PE,POLYCAB26APR6000PE,0.0,0.0,0.0,176.6,0.0,176.6,7829.95,10.0,0,0,0,0.0,0,F1,125,,,,,
2026-02-18,2026-02-18,FO,NSE,STO,128471,,POLYCAB,,2026-02-24,2026-02-24,6600.0,PE,POLYCAB26FEB6600PE,2.15,2.45,1.2,1.2,1.2,2.8,7829.95,1.2,26250,-625,38,31359125.0,29,F1,125,,,,,
2026-02-18,2026-02-18,FO,NSE,STF,66986,,POLYCAB,,2026-04-28,2026-04-28,,,POLYCAB26APRFUT,7899.0,7917.5,7865.0,7914.0,7914.0,7842.5,7829.95,7914.0,13000,750,12,11848625.0,12,F1,125,,,,,
2026-02-18,2026-02-18,FO,NSE,STO,152409,,POLYCAB,,2026-04-28,2026-04-28,8800.0,PE,POLYCAB26APR8800PE,0.0,0.0,0.0,1971.25,0.0,1971.25,7829.95,1036.3,0,0,0,0.0,0,F1,125,,,,,
2026-02-18,2026-02-18,FO,NSE,STO,128368,,POLYCAB,,2026-02-24,2026-02-24,6000.0,PE,POLYCAB26FEB6000PE,1.55,1.85,1.3,1.85,1.85,2.15,7829.95,1.85,24125,-375,12,9002262.5,10,F1,125,,,,,
2026-02-18,2026-02-18,FO,NSE,STO,155876,,POLYCAB,,2026-03-30,2026-03-30,8600.0,CE,POLYCAB26MAR8600CE,0.0,0.0,0.0,123.0,123.0,123.0,7829.95,106.55,125,0,0,0.0,0,F1,125,,,,,
2026-02-18,2026-02-18,FO,NSE,STO,155872,,POLYCAB,,2026-03-30,2026-03-30,8200.0,CE,POLYCAB26MAR8200CE,0.0,0.0,0.0,211.0,211.0,211.0,7829.95,210.75,375,0,0,0.0,0,F1,125,,,,,
2026-02-18,2026-02-18,FO,NSE,STO,152349,,POLYCAB,,2026-04-28,2026-04-28,6800.0,PE,POLYCAB26APR6800PE,0.0,0.0,0.0,487.25,0.0,487.25,7829.95,77.75,0,0,0,0.0,0,F1,125,,,,,
2026-02-18,2026-02-18,FO,NSE,STO,128470,,POLYCAB,,2026-02-24,2026-02-24,6600.0,CE,POLYCAB26FEB6600CE,0.0,0.0,0.0,990.55,990.55,990.55,7829.95,1235.9,750,0,0,0.0,0,F1,125,,,,,
2026-02-18,2026-02-18,FO,NSE,STO,155802,,POLYCAB,,2026-02-24,2026-02-24,6700.0,CE,POLYCAB26FEB6700CE,0.0,0.0,0.0,936.35,936.35,936.35,7829.95,1136.0,12500,0,0,0.0,0,F1,125,,,,,
2026-02-18,2026-02-18,FO,NSE,STO,128480,,POLYCAB,,2026-02-24,2026-02-24,7200.0,CE,POLYCAB26FEB7200CE,590.0,630.0,590.0,630.0,630.0,563.35,7829.95,630.0,27500,-250,6,5857656.25,6,F1,125,,,,,
2026-02-18,2026-02-18,FO,NSE,STO,155814,,POLYCAB,,2026-02-24,2026-02-24,7900.0,CE,POLYCAB26FEB7900CE,51.8,81.05,51.8,58.9,55.6,50.15,7829.95,58.9,77250,13875,2101,2091391793.75,1580,F1,125,,,,,
2026-02-18,2026-02-18,FO,NSE,STO,155816,,POLYCAB,,2026-02-24,2026-02-24,8100.0,CE,POLYCAB26FEB8100CE,18.6,28.0,14.0,14.95,14.5,16.6,7829.95,14.95,66625,4125,767,778449481.25,635,F1,125,,,,,
2026-02-18,2026-02-18,FO,NSE,STO,155852,,POLYCAB,,2026-03-30,2026-03-30,6200.0,CE,POLYCAB26MAR6200CE,0.0,0.0,0.0,1483.15,0.0,1483.15,7829.95,1671.0,0,0,0,0.0,0,F1,125,,,,,
2026-02-18,2026-02-18,FO,NSE,STO,152190,,POLYCAB,,2026-03-30,2026-03-30,6900.0,CE,POLYCAB26MAR6900CE,0.0,0.0,0.0,404.75,0.0,404.75,7829.95,1015.05,0,0,0,0.0,0,F1,125,,,,,
2026-02-18,2026-02-18,FO,NSE,STO,155860,,POLYCAB,,2026-03-30,2026-03-30,7000.0,CE,POLYCAB26MAR7000CE,0.0,0.0,0.0,900.45,0.0,900.45,7829.95,929.35,0,0,0,0.0,0,F1,125,,,,,
2026-02-18,2026-02-18,FO,NSE,STO,128486,,POLYCAB,,2026-02-24,2026-02-24,7800.0,CE,POLYCAB26FEB7800CE,89.8,127.75,89.8,104.25,101.75,85.5,7829.95,104.25,110125,-42750,2990,2955349206.25,2378,F1,125,,,,,
2026-02-18,2026-02-18,FO,NSE,STO,128481,,POLYCAB,,2026-02-24,2026-02-24,7200.0,PE,POLYCAB26FEB7200PE,6.95,7.3,4.6,4.95,5.25,8.15,7829.95,4.95,37250,-9375,383,344956487.5,306,F1,125,,,,,
2026-02-18,2026-02-18,FO,NSE,STO,155811,,POLYCAB,,2026-02-24,2026-02-24,7500.0,PE,POLYCAB26FEB7500PE,23.0,25.05,15.4,16.4,16.7,27.6,7829.95,16.4,71000,-24500,1420,1334741118.75,854,F1,125,,,,,
2026-02-18,2026-02-18,FO,NSE,STO,155807,,POLYCAB,,2026-02-24,2026-02-24,7100.0,PE,POLYCAB26FEB7100PE,4.95,5.85,3.9,4.05,4.25,6.85,7829.95,4.05,21125,-500,61,54170750.0,56,F1,125,,,,,
2026-02-18,2026-02-18,FO,NSE,STO,128475,,POLYCAB,,2026-02-24,2026-02-24,6800.0,PE,POLYCAB26FEB6800PE,4.6,4.6,2.65,3.1,2.85,4.6,7829.95,3.1,39875,-6875,110,93542162.5,101,F1,125,,,,,
2026-02-18,2026-02-18,FO,NSE,STO,152348,,POLYCAB,,2026-04-28,2026-04-28,6800.0,CE,POLYCAB26APR6800CE,0.0,0.0,0.0,557.35,0.0,557.35,7829.95,1178.05,0,0,0,0.0,0,F1,125,,,,,
2026-02-18,2026-02-18,FO,NSE,STO,152336,,POLYCAB,,2026-04-28,2026-04-28,5600.0,CE,POLYCAB26APR5600CE,0.0,0.0,0.0,1341.4,0.0,1341.4,7829.95,2290.35,0,0,0,0.0,0,F1,125,,,,,
2026-02-18,2026-02-18,FO,NSE,STO,128492,,POLYCAB,,2026-02-24,2026-02-24,8400.0,CE,POLYCAB26FEB8400CE,4.45,5.85,3.3,3.6,3.3,4.05,7829.95,3.6,24000,500,45,47273481.25,42,F1,125,,,,,
2026-02-18,2026-02-18,FO,NSE,STO,152200,,POLYCAB,,2026-03-30,2026-03-30,7900.0,CE,POLYCAB26MAR7900CE,0.0,0.0,0.0,117.4,0.0,117.4,7829.95,330.25,0,0,0,0.0,0,F1,125,,,,,
2026-02-18,2026-02-18,FO,NSE,STO,155878,,POLYCAB,,2026-03-30,2026-03-30,8800.0,CE,POLYCAB26MAR8800CE,0.0,0.0,0.0,199.15,0.0,199.15,7829.95,73.15,0,0,0,0.0,0,F1,125,,,,,
2026-02-18,2026-02-18,FO,NSE,STO,152342,,POLYCAB,,2026-04-28,2026-04-28,6200.0,CE,POLYCAB26APR6200CE,0.0,0.0,0.0,896.9,0.0,896.9,7829.95,1712.2,0,0,0,0.0,0,F1,125,,,,,
2026-02-18,2026-02-18,FO,NSE,STO,128483,,POLYCAB,,2026-02-24,2026-02-24,7400.0,PE,POLYCAB26FEB7400PE,14.0,14.85,8.25,9.65,10.0,16.3,7829.95,9.65,61000,-1250,458,424297231.25,402,F1,125,,,,,
2026-02-18,2026-02-18,FO,NSE,STO,128485,,POLYCAB,,2026-02-24,2026-02-24,7600.0,PE,POLYCAB26FEB7600PE,40.4,42.0,26.45,27.7,28.45,47.05,7829.95,27.7,79125,-500,818,780469400.0,672,F1,125,,,,,
2026-02-18,2026-02-18,FO,NSE,STO,128495,,POLYCAB,,2026-02-24,2026-02-24,8600.0,PE,POLYCAB26FEB8600PE,0.0,0.0,0.0,1266.5,0.0,1266.5,7829.95,764.0,0,0,0,0.0,0,F1,125,,,,,
2026-02-18,2026-02-18,FO,NSE,STO,155855,,POLYCAB,,2026-03-30,2026-03-30,6400.0,PE,POLYCAB26MAR6400PE,0.0,0.0,0.0,131.15,0.0,131.15,7829.95,8.45,0,0,0,0.0,0,F1,125,,,,,
2026-02-18,2026-02-18,FO,NSE,STO,155871,,POLYCAB,,2026-03-30,2026-03-30,8000.0,PE,POLYCAB26MAR8000PE,0.0,0.0,0.0,798.6,0.0,798.6,7829.95,408.0,0,0,0,0.0,0,F1,125,,,,,
2026-02-18,2026-02-18,FO,NSE,STO,152407,,POLYCAB,,2026-04-28,2026-04-28,8600.0,PE,POLYCAB26APR8600PE,0.0,0.0,0.0,1793.1,0.0,1793.1,7829.95,884.25,0,0,0,0.0,0,F1,125,,,,,
2026-02-18,2026-02-18,FO,NSE,STO,155856,,POLYCAB,,2026-03-30,2026-03-30,6600.0,CE,POLYCAB26MAR6600CE,0.0,0.0,0.0,1172.15,0.0,1172.15,7829.95,1286.95,0,0,0,0.0,0,F1,125,,,,,
2026-02-18,2026-02-18,FO,NSE,STO,152184,,POLYCAB,,2026-03-30,2026-03-30,6300.0,CE,POLYCAB26MAR6300CE,0.0,0.0,0.0,734.7,0.0,734.7,7829.95,1573.55,0,0,0,0.0,0,F1,125,,,,,
2026-02-18,2026-02-18,FO,NSE,STO,155857,,POLYCAB,,2026-03-30,2026-03-30,6600.0,PE,POLYCAB26MAR6600PE,0.0,0.0,0.0,177.4,0.0,177.4,7829.95,17.3,0,0,0,0.0,0,F1,125,,,,,
2026-02-18,2026-02-18,FO,NSE,STO,152194,,POLYCAB,,2026-03-30,2026-03-30,7300.0,CE,POLYCAB26MAR7300CE,0.0,0.0,0.0,255.35,0.0,255.35,7829.95,691.9,0,0,0,0.0,0,F1,125,,,,,
2026-02-18,2026-02-18,FO,NSE,STO,155864,,POLYCAB,,2026-03-30,2026-03-30,7400.0,CE,POLYCAB26MAR7400CE,0.0,0.0,0.0,673.2,0.0,673.2,7829.95,620.45,0,0,0,0.0,0,F1,125,,,,,
2026-02-18,2026-02-18,FO,NSE,STO,152209,,POLYCAB,,2026-03-30,2026-03-30,8300.0,CE,POLYCAB26MAR8300CE,0.0,0.0,0.0,66.25,0.0,66.25,7829.95,179.3,0,0,0,0.0,0,F1,125,,,,,
2026-02-18,2026-02-18,FO,NSE,STO,152203,,POLYCAB,,2026-03-30,2026-03-30,8100.0,CE,POLYCAB26MAR8100CE,198.95,198.95,140.0,140.0,140.0,88.65,7829.95,246.25,3125,3125,30,30920193.75,29,F1,125,,,,,
2026-02-18,2026-02-18,FO,NSE,STO,155868,,POLYCAB,,2026-03-30,2026-03-30,7800.0,CE,POLYCAB26MAR7800CE,280.0,295.0,260.95,285.65,278.0,251.9,7829.95,285.65,19000,7000,133,134367081.25,88,F1,125,,,,,
2026-02-18,2026-02-18,FO,NSE,STO,152198,,POLYCAB,,2026-03-30,2026-03-30,7700.0,CE,POLYCAB26MAR7700CE,348.2,351.9,321.0,325.0,325.0,308.0,7829.95,432.5,625,375,12,12054018.75,12,F1,125,,,,,
2026-02-18,2026-02-18,FO,NSE,STO,152192,,POLYCAB,,2026-03-30,2026-03-30,7100.0,CE,POLYCAB26MAR7100CE,0.0,0.0,0.0,323.45,0.0,323.45,7829.95,846.65,0,0,0,0.0,0,F1,125,,,,,
2026-02-18,2026-02-18,FO,NSE,STO,155858,,POLYCAB,,2026-03-30,2026-03-30,6800.0,CE,POLYCAB26MAR6800CE,0.0,0.0,0.0,1031.05,0.0,1031.05,7829.95,1103.5,0,0,0,0.0,0,F1,125,,,,,
2026-02-18,2026-02-18,FO,NSE,STO,128474,,POLYCAB,,2026-02-24,2026-02-24,6800.0,CE,POLYCAB26FEB6800CE,997.0,1001.2,997.0,1001.2,1001.2,942.95,7829.95,1036.15,23250,-250,2,1949775.0,2,F1,125,,,,,
2026-02-18,2026-02-18,FO,NSE,STF,52012,,POLYCAB,,2026-03-30,2026-03-30,,,POLYCAB26MARFUT,7823.5,7886.0,7820.0,7867.0,7846.5,7800.5,7829.95,7867.0,136375,70625,1037,1018153875.0,943,F1,125,,,,,
2026-02-18,2026-02-18,FO,NSE,STO,128493,,POLYCAB,,2026-02-24,2026-02-24,8400.0,PE,POLYCAB26FEB8400PE,0.0,0.0,0.0,1116.55,0.0,1116.55,7829.95,569.7,0,0,0,0.0,0,F1,125,,,,,
2026-02-18,2026-02-18,FO,NSE,STO,155869,,POLYCAB,,2026-03-30,2026-03-30,7800.0,PE,POLYCAB26MAR7800PE,240.0,240.0,200.0,203.1,205.0,245.25,7829.95,203.1,10125,6375,80,80116493.75,67,F1,125,,,,,
2026-02-18,2026-02-18,FO,NSE,STO,152210,,POLYCAB,,2026-03-30,2026-03-30,8300.0,PE,POLYCAB26MAR8300PE,0.0,0.0,0.0,1513.45,0.0,1513.45,7829.95,599.45,0,0,0,0.0,0,F1,125,,,,,
2026-02-18,2026-02-18,FO,NSE,STO,155879,,POLYCAB,,2026-03-30,2026-03-30,8800.0,PE,POLYCAB26MAR8800PE,0.0,0.0,0.0,1371.85,0.0,1371.85,7829.95,990.35,0,0,0,0.0,0,F1,125,,,,,
2026-02-18,2026-02-18,FO,NSE,STO,152337,,POLYCAB,,2026-04-28,2026-04-28,5600.0,PE,POLYCAB26APR5600PE,0.0,0.0,0.0,89.65,0.0,89.65,7829.95,2.5,0,0,0,0.0,0,F1,125,,,,,
2026-02-18,2026-02-18,FO,NSE,STO,152345,,POLYCAB,,2026-04-28,2026-04-28,6400.0,PE,POLYCAB26APR6400PE,0.0,0.0,0.0,307.6,0.0,307.6,7829.95,31.0,0,0,0,0.0,0,F1,125,,,,,
2026-02-18,2026-02-18,FO,NSE,STO,152350,,POLYCAB,,2026-04-28,2026-04-28,7000.0,CE,POLYCAB26APR7000CE,0.0,0.0,0.0,468.2,0.0,468.2,7829.95,1017.55,0,0,0,0.0,0,F1,125,,,,,
2026-02-18,2026-02-18,FO,NSE,STO,152340,,POLYCAB,,2026-04-28,2026-04-28,6000.0,CE,POLYCAB26APR6000CE,0.0,0.0,0.0,1034.5,0.0,1034.5,7829.95,1902.0,0,0,0,0.0,0,F1,125,,,,,
2026-02-18,2026-02-18,FO,NSE,STO,128403,,POLYCAB,,2026-02-24,2026-02-24,6200.0,CE,POLYCAB26FEB6200CE,0.0,0.0,0.0,1440.0,0.0,1440.0,7829.95,1635.55,0,0,0,0.0,0,F1,125,,,,,
2026-02-18,2026-02-18,FO,NSE,STO,155806,,POLYCAB,,2026-02-24,2026-02-24,7100.0,CE,POLYCAB26FEB7100CE,0.0,0.0,0.0,651.0,651.0,651.0,7829.95,737.4,18250,0,0,0.0,0,F1,125,,,,,
2026-02-18,2026-02-18,FO,NSE,STO,152366,,POLYCAB,,2026-04-28,2026-04-28,7800.0,CE,POLYCAB26APR7800CE,0.0,0.0,0.0,217.15,0.0,217.15,7829.95,501.95,0,0,0,0.0,0,F1,125,,,,,
2026-02-18,2026-02-18,FO,NSE,STO,152408,,POLYCAB,,2026-04-28,2026-04-28,8800.0,CE,POLYCAB26APR8800CE,0.0,0.0,0.0,72.0,0.0,72.0,7829.95,157.3,0,0,0,0.0,0,F1,125,,,,,
2026-02-18,2026-02-18,FO,NSE,STO,155813,,POLYCAB,,2026-02-24,2026-02-24,7700.0,PE,POLYCAB26FEB7700PE,75.0,75.0,46.05,48.35,50.4,80.0,7829.95,48.35,62000,14250,1005,974682293.75,790,F1,125,,,,,
2026-02-18,2026-02-18,FO,NSE,STO,155817,,POLYCAB,,2026-02-24,2026-02-24,8100.0,PE,POLYCAB26FEB8100PE,0.0,0.0,0.0,777.85,0.0,777.85,7829.95,304.6,0,0,0,0.0,0,F1,125,,,,,
2026-02-18,2026-02-18,FO,NSE,STO,152189,,POLYCAB,,2026-03-30,2026-03-30,6700.0,PE,POLYCAB26MAR6700PE,0.0,0.0,0.0,364.0,0.0,364.0,7829.95,24.0,0,0,0,0.0,0,F1,125,,,,,
2026-02-18,2026-02-18,FO,NSE,STO,152193,,POLYCAB,,2026-03-30,2026-03-30,7100.0,PE,POLYCAB26MAR7100PE,0.0,0.0,0.0,583.2,0.0,583.2,7829.95,74.05,0,0,0,0.0,0,F1,125,,,,,
2026-02-18,2026-02-18,FO,NSE,STO,155863,,POLYCAB,,2026-03-30,2026-03-30,7200.0,PE,POLYCAB26MAR7200PE,0.0,0.0,0.0,377.65,0.0,377.65,7829.95,94.2,0,0,0,0.0,0,F1,125,,,,,
2026-02-18,2026-02-18,FO,NSE,STO,128365,,POLYCAB,,2026-02-24,2026-02-24,5800.0,CE,POLYCAB26FEB5800CE,0.0,0.0,0.0,1778.35,0.0,1778.35,7829.95,2035.2,0,0,0,0.0,0,F1,125,,,,,
2026-02-18,2026-02-18,FO,NSE,STO,152370,,POLYCAB,,2026-04-28,2026-04-28,8200.0,CE,POLYCAB26APR8200CE,0.0,0.0,0.0,142.0,0.0,142.0,7829.95,327.2,0,0,0,0.0,0,F1,125,,,,,
2026-02-18,2026-02-18,FO,NSE,STO,128488,,POLYCAB,,2026-02-24,2026-02-24,8000.0,CE,POLYCAB26FEB8000CE,31.95,47.4,28.25,31.1,29.3,28.85,7829.95,31.1,100625,4750,2404,2415012156.25,1516,F1,125,,,,,
2026-02-18,2026-02-18,FO,NSE,STO,155801,,POLYCAB,,2026-02-24,2026-02-24,6500.0,PE,POLYCAB26FEB6500PE,1.95,1.95,1.35,1.35,1.35,2.75,7829.95,1.35,29875,-3750,46,37383950.0,36,F1,125,,,,,
2026-02-18,2026-02-18,FO,NSE,STO,155798,,POLYCAB,,2026-02-24,2026-02-24,6300.0,CE,POLYCAB26FEB6300CE,0.0,0.0,0.0,1311.75,0.0,1311.75,7829.95,1535.65,0,0,0,0.0,0,F1,125,,,,,
2026-02-18,2026-02-18,FO,NSE,STO,155799,,POLYCAB,,2026-02-24,2026-02-24,6300.0,PE,POLYCAB26FEB6300PE,0.0,0.0,0.0,2.6,2.6,2.6,7829.95,0.05,6250,0,0,0.0,0,F1,125,,,,,
2026-02-18,2026-02-18,FO,NSE,STO,152368,,POLYCAB,,2026-04-28,2026-04-28,8000.0,CE,POLYCAB26APR8000CE,0.0,0.0,0.0,176.05,0.0,176.05,7829.95,407.8,0,0,0,0.0,0,F1,125,,,,,
2026-02-18,2026-02-18,FO,NSE,STO,128404,,POLYCAB,,2026-02-24,2026-02-24,6200.0,PE,POLYCAB26FEB6200PE,0.0,0.0,0.0,3.0,3.0,3.0,7829.95,0.05,8500,0,0,0.0,0,F1,125,,,,,
2026-02-18,2026-02-18,FO,NSE,STO,152371,,POLYCAB,,2026-04-28,2026-04-28,8200.0,PE,POLYCAB26APR8200PE,0.0,0.0,0.0,1450.4,0.0,1450.4,7829.95,612.45,0,0,0,0.0,0,F1,125,,,,,
2026-02-18,2026-02-18,FO,NSE,STO,155877,,POLYCAB,,2026-03-30,2026-03-30,8600.0,PE,POLYCAB26MAR8600PE,0.0,0.0,0.0,1217.0,0.0,1217.0,7829.95,824.95,0,0,0,0.0,0,F1,125,,,,,
2026-02-18,2026-02-18,FO,NSE,STO,152208,,POLYCAB,,2026-03-30,2026-03-30,8100.0,PE,POLYCAB26MAR8100PE,0.0,0.0,0.0,1337.95,0.0,1337.95,7829.95,467.6,0,0,0,0.0,0,F1,125,,,,,
2026-02-18,2026-02-18,FO,NSE,STO,152201,,POLYCAB,,2026-03-30,2026-03-30,7900.0,PE,POLYCAB26MAR7900PE,0.0,0.0,0.0,1168.8,0.0,1168.8,7829.95,352.8,0,0,0,0.0,0,F1,125,,,,,
2026-02-18,2026-02-18,FO,NSE,STO,152191,,POLYCAB,,2026-03-30,2026-03-30,6900.0,PE,POLYCAB26MAR6900PE,0.0,0.0,0.0,466.55,0.0,466.55,7829.95,43.65,0,0,0,0.0,0,F1,125,,,,,
2026-02-18,2026-02-18,FO,NSE,STO,152183,,POLYCAB,,2026-03-30,2026-03-30,6100.0,PE,POLYCAB26MAR6100PE,0.0,0.0,0.0,144.15,0.0,144.15,7829.95,2.45,0,0,0,0.0,0,F1,125,,,,,
2026-02-18,2026-02-18,FO,NSE,STO,155861,,POLYCAB,,2026-03-30,2026-03-30,7000.0,PE,POLYCAB26MAR7000PE,0.0,0.0,0.0,165.0,165.0,165.0,7829.95,57.3,125,0,0,0.0,0,F1,125,,,,,
2026-02-18,2026-02-18,FO,NSE,STO,152195,,POLYCAB,,2026-03-30,2026-03-30,7300.0,PE,POLYCAB26MAR7300PE,0.0,0.0,0.0,713.0,0.0,713.0,7829.95,118.1,0,0,0,0.0,0,F1,125,,,,,
2026-02-18,2026-02-18,FO,NSE,STO,155873,,POLYCAB,,2026-03-30,2026-03-30,8200.0,PE,POLYCAB26MAR8200PE,0.0,0.0,0.0,929.25,0.0,929.25,7829.95,531.5,0,0,0,0.0,0,F1,125,,,,,
2026-02-18,2026-02-18,FO,NSE,STO,152369,,POLYCAB,,2026-04-28,2026-04-28,8000.0,PE,POLYCAB26APR8000PE,0.0,0.0,0.0,1287.55,0.0,1287.55,7829.95,495.1,0,0,0,0.0,0,F1,125,,,,,
2026-02-18,2026-02-18,FO,NSE,STO,155804,,POLYCAB,,2026-02-24,2026-02-24,6900.0,CE,POLYCAB26FEB6900CE,0.0,0.0,0.0,777.45,777.45,777.45,7829.95,936.3,21750,0,0,0.0,0,F1,125,,,,,
2026-02-18,2026-02-18,FO,NSE,STO,152413,,POLYCAB,,2026-04-28,2026-04-28,9200.0,PE,POLYCAB26APR9200PE,0.0,0.0,0.0,2337.75,0.0,2337.75,7829.95,1366.05,0,0,0,0.0,0,F1,125,,,,,
2026-02-18,2026-02-18,FO,NSE,STO,128489,,POLYCAB,,2026-02-24,2026-02-24,8000.0,PE,POLYCAB26FEB8000PE,230.0,256.6,202.85,209.15,211.3,267.0,7829.95,209.15,4250,875,97,99721112.5,86,F1,125,,,,,
2026-02-18,2026-02-18,FO,NSE,STO,152346,,POLYCAB,,2026-04-28,2026-04-28,6600.0,CE,POLYCAB26APR6600CE,0.0,0.0,0.0,658.45,0.0,658.45,7829.95,1348.5,0,0,0,0.0,0,F1,125,,,,,
2026-02-18,2026-02-18,FO,NSE,STO,128496,,POLYCAB,,2026-02-24,2026-02-24,8800.0,CE,POLYCAB26FEB8800CE,2.1,2.1,1.5,1.95,2.05,1.5,7829.95,1.95,17250,500,45,49510156.25,40,F1,125,,,,,
2026-02-18,2026-02-18,FO,NSE,STO,128367,,POLYCAB,,2026-02-24,2026-02-24,6000.0,CE,POLYCAB26FEB6000CE,0.0,0.0,0.0,1605.45,0.0,1605.45,7829.95,1835.35,0,0,0,0.0,0,F1,125,,,,,
2026-02-18,2026-02-18,FO,NSE,STO,128491,,POLYCAB,,2026-02-24,2026-02-24,8200.0,PE,POLYCAB26FEB8200PE,0.0,0.0,0.0,974.95,0.0,974.95,7829.95,387.25,0,0,0,0.0,0,F1,125,,,,,
2026-02-18,2026-02-18,FO,NSE,STO,155849,,POLYCAB,,2026-03-30,2026-03-30,5800.0,PE,POLYCAB26MAR5800PE,0.0,0.0,0.0,44.2,0.0,44.2,7829.95,0.55,0,0,0,0.0,0,F1,125,,,,,
2026-02-18,2026-02-18,FO,NSE,STO,152185,,POLYCAB,,2026-03-30,2026-03-30,6300.0,PE,POLYCAB26MAR6300PE,6.1,6.1,6.1,6.1,6.1,202.8,7829.95,5.7,125,125,1,788262.5,1,F1,125,,,,,
2026-02-18,2026-02-18,FO,NSE,STO,155821,,POLYCAB,,2026-02-24,2026-02-24,8500.0,PE,POLYCAB26FEB8500PE,0.0,0.0,0.0,1076.55,0.0,1076.55,7829.95,666.0,0,0,0,0.0,0,F1,125,,,,,
2026-02-18,2026-02-18,FO,NSE,STO,152187,,POLYCAB,,2026-03-30,2026-03-30,6500.0,PE,POLYCAB26MAR6500PE,0.0,0.0,0.0,276.1,0.0,276.1,7829.95,12.25,0,0,0,0.0,0,F1,125,,,,,
2026-02-18,2026-02-18,FO,NSE,STO,152222,,POLYCAB,,2026-03-30,2026-03-30,8500.0,PE,POLYCAB26MAR8500PE,0.0,0.0,0.0,1694.15,0.0,1694.15,7829.95,746.45,0,0,0,0.0,0,F1,125,,,,,
2026-02-18,2026-02-18,FO,NSE,STO,152343,,POLYCAB,,2026-04-28,2026-04-28,6200.0,PE,POLYCAB26APR6200PE,0.0,0.0,0.0,235.95,0.0,235.95,7829.95,18.15,0,0,0,0.0,0,F1,125,,,,,
2026-02-18,2026-02-18,FO,NSE,STO,155796,,POLYCAB,,2026-02-24,2026-02-24,6100.0,CE,POLYCAB26FEB6100CE,0.0,0.0,0.0,1488.6,0.0,1488.6,7829.95,1735.45,0,0,0,0.0,0,F1,125,,,,,
2026-02-18,2026-02-18,FO,NSE,STO,128443,,POLYCAB,,2026-02-24,2026-02-24,6400.0,CE,POLYCAB26FEB6400CE,0.0,0.0,0.0,550.0,550.0,550.0,7829.95,1435.75,500,0,0,0.0,0,F1,125,,,,,
2026-02-18,2026-02-18,FO,NSE,STO,152365,,POLYCAB,,2026-04-28,2026-04-28,7600.0,PE,POLYCAB26APR7600PE,0.0,0.0,0.0,983.1,0.0,983.1,7829.95,301.6,0,0,0,0.0,0,F1,125,,,,,
2026-02-18,2026-02-18,FO,NSE,STO,155851,,POLYCAB,,2026-03-30,2026-03-30,6000.0,PE,POLYCAB26MAR6000PE,0.0,0.0,0.0,65.7,0.0,65.7,7829.95,1.55,0,0,0,0.0,0,F1,125,,,,,
2026-02-18,2026-02-18,FO,NSE,STO,128494,,POLYCAB,,2026-02-24,2026-02-24,8600.0,CE,POLYCAB26FEB8600CE,2.65,3.15,2.65,3.1,3.1,2.65,7829.95,3.1,2125,375,8,8602818.75,8,F1,125,,,,,
2026-02-18,2026-02-18,FO,NSE,STO,155850,,POLYCAB,,2026-03-30,2026-03-30,6000.0,CE,POLYCAB26MAR6000CE,0.0,0.0,0.0,1651.55,0.0,1651.55,7829.95,1867.55,0,0,0,0.0,0,F1,125,,,,,
2026-02-18,2026-02-18,FO,NSE,STO,155874,,POLYCAB,,2026-03-30,2026-03-30,8400.0,CE,POLYCAB26MAR8400CE,0.0,0.0,0.0,290.25,0.0,290.25,7829.95,151.65,0,0,0,0.0,0,F1,125,,,,,
2026-02-18,2026-02-18,FO,NSE,STO,152406,,POLYCAB,,2026-04-28,2026-04-28,8600.0,CE,POLYCAB26APR8600CE,0.0,0.0,0.0,90.8,0.0,90.8,7829.95,203.15,0,0,0,0.0,0,F1,125,,,,,
2026-02-18,2026-02-18,FO,NSE,STO,152199,,POLYCAB,,2026-03-30,2026-03-30,7700.0,PE,POLYCAB26MAR7700PE,0.0,0.0,0.0,1007.6,0.0,1007.6,7829.95,256.25,0,0,0,0.0,0,F1,125,,,,,
2026-02-18,2026-02-18,FO,NSE,STO,155805,,POLYCAB,,2026-02-24,2026-02-24,6900.0,PE,POLYCAB26FEB6900PE,3.45,3.95,3.0,3.5,3.6,5.45,7829.95,3.5,32500,-125,26,22436256.25,24,F1,125,,,,,
2026-02-18,2026-02-18,FO,NSE,STO,152344,,POLYCAB,,2026-04-28,2026-04-28,6400.0,CE,POLYCAB26APR6400CE,0.0,0.0,0.0,771.6,0.0,771.6,7829.95,1527.15,0,0,0,0.0,0,F1,125,,,,,
2026-02-18,2026-02-18,FO,NSE,STO,152196,,POLYCAB,,2026-03-30,2026-03-30,7500.0,CE,POLYCAB26MAR7500CE,0.0,0.0,0.0,199.2,0.0,199.2,7829.95,553.3,0,0,0,0.0,0,F1,125,,,,,
2026-02-18,2026-02-18,FO,NSE,STO,155818,,POLYCAB,,2026-02-24,2026-02-24,8300.0,CE,POLYCAB26FEB8300CE,6.4,9.95,4.75,5.3,5.85,6.55,7829.95,5.3,29750,2750,186,193135606.25,142,F1,125,,,,,
2026-02-18,2026-02-18,FO,NSE,STO,128484,,POLYCAB,,2026-02-24,2026-02-24,7600.0,CE,POLYCAB26FEB7600CE,196.05,268.5,196.05,250.65,250.25,202.1,7829.95,250.65,73500,8625,694,680400500.0,397,F1,125,,,,,
2026-02-18,2026-02-18,FO,NSE,STO,155800,,POLYCAB,,2026-02-24,2026-02-24,6500.0,CE,POLYCAB26FEB6500CE,0.0,0.0,0.0,1242.9,1242.9,1242.9,7829.95,1335.8,13125,0,0,0.0,0,F1,125,,,,,
2026-02-18,2026-02-18,FO,NSE,STF,59453,,POLYCAB,,2026-02-24,2026-02-24,,,POLYCAB26FEBFUT,7772.0,7841.0,7766.0,7822.0,7810.5,7753.5,7829.95,7822.0,2857250,-70125,2488,2427819687.5,2168,F1,125,,,,,
2026-02-18,2026-02-18,FO,NSE,STO,152405,,POLYCAB,,2026-04-28,2026-04-28,8400.0,PE,POLYCAB26APR8400PE,0.0,0.0,0.0,1619.2,0.0,1619.2,7829.95,742.55,0,0,0,0.0,0,F1,125,,,,,
2026-02-18,2026-02-18,FO,NSE,STO,152367,,POLYCAB,,2026-04-28,2026-04-28,7800.0,PE,POLYCAB26APR7800PE,0.0,0.0,0.0,1131.7,0.0,1131.7,7829.95,391.3,0,0,0,0.0,0,F1,125,,,,,
2026-02-18,2026-02-18,FO,NSE,STO,152363,,POLYCAB,,2026-04-28,2026-04-28,7400.0,PE,POLYCAB26APR7400PE,0.0,0.0,0.0,843.7,0.0,843.7,7829.95,226.05,0,0,0,0.0,0,F1,125,,,,,
2026-02-18,2026-02-18,FO,NSE,STO,152351,,POLYCAB,,2026-04-28,2026-04-28,7000.0,PE,POLYCAB26APR7000PE,0.0,0.0,0.0,595.0,0.0,595.0,7829.95,115.2,0,0,0,0.0,0,F1,125,,,,,
2026-02-18,2026-02-18,FO,NSE,STO,128487,,POLYCAB,,2026-02-24,2026-02-24,7800.0,PE,POLYCAB26FEB7800PE,118.8,118.8,78.95,82.65,85.15,129.85,7829.95,82.65,76750,19250,1099,1084716231.25,936,F1,125,,,,,
2026-02-18,2026-02-18,FO,NSE,STO,128479,,POLYCAB,,2026-02-24,2026-02-24,7000.0,PE,POLYCAB26FEB7000PE,5.15,5.15,3.2,3.35,3.4,5.55,7829.95,3.35,91500,-10250,408,357188175.0,316,F1,125,,,,,
2026-02-18,2026-02-18,FO,NSE,STO,155803,,POLYCAB,,2026-02-24,2026-02-24,6700.0,PE,POLYCAB26FEB6700PE,2.45,2.45,1.5,1.8,2.0,3.25,7829.95,1.8,34875,-3625,68,56966531.25,44,F1,125,,,,,
2026-02-18,2026-02-18,FO,NSE,STO,128444,,POLYCAB,,2026-02-24,2026-02-24,6400.0,PE,POLYCAB26FEB6400PE,1.35,1.5,1.05,1.05,1.05,3.8,7829.95,1.05,14125,0,5,4000806.25,5,F1,125,,,,,
2026-02-18,2026-02-18,FO,NSE,STO,152404,,POLYCAB,,2026-04-28,2026-04-28,8400.0,CE,POLYCAB26APR8400CE,0.0,0.0,0.0,113.85,0.0,113.85,7829.95,259.4,0,0,0,0.0,0,F1,125,,,,,
2026-02-18,2026-02-18,FO,NSE,STO,155810,,POLYCAB,,2026-02-24,2026-02-24,7500.0,CE,POLYCAB26FEB7500CE,328.35,352.0,307.2,340.5,332.5,279.55,7829.95,340.5,35000,-35500,506,494663843.75,238,F1,125,,,,,
2026-02-18,2026-02-18,FO,NSE,STO,155815,,POLYCAB,,2026-02-24,2026-02-24,7900.0,PE,POLYCAB26FEB7900PE,157.0,178.45,133.95,136.9,142.15,196.6,7829.95,136.9,6875,3250,126,126815512.5,125,F1,125,,,,,
2026-02-18,2026-02-18,FO,NSE,STO,128490,,POLYCAB,,2026-02-24,2026-02-24,8200.0,CE,POLYCAB26FEB8200CE,10.25,16.3,7.65,8.5,8.15,9.7,7829.95,8.5,68125,-2500,561,575804968.75,489,F1,125,,,,,
2026-02-18,2026-02-18,FO,NSE,STO,152352,,POLYCAB,,2026-04-28,2026-04-28,7200.0,CE,POLYCAB26APR7200CE,0.0,0.0,0.0,390.3,0.0,390.3,7829.95,868.6,0,0,0,0.0,0,F1,125,,,,,
2026-02-18,2026-02-18,FO,NSE,STO,152182,,POLYCAB,,2026-03-30,2026-03-30,6100.0,CE,POLYCAB26MAR6100CE,0.0,0.0,0.0,873.95,0.0,873.95,7829.95,1769.05,0,0,0,0.0,0,F1,125,,,,,
2026-02-18,2026-02-18,FO,NSE,STO,155848,,POLYCAB,,2026-03-30,2026-03-30,5800.0,CE,POLYCAB26MAR5800CE,0.0,0.0,0.0,1827.1,0.0,1827.1,7829.95,2065.35,0,0,0,0.0,0,F1,125,,,,,
2026-02-18,2026-02-18,FO,NSE,STO,128482,,POLYCAB,,2026-02-24,2026-02-24,7400.0,CE,POLYCAB26FEB7400CE,430.0,440.9,402.3,429.85,430.9,371.0,7829.95,429.85,33750,1250,39,38133900.0,39,F1,125,,,,,
2026-02-18,2026-02-18,FO,NSE,STO,104506,,DIXON,,2026-03-30,2026-03-30,10100.0,CE,DIXON26MAR10100CE,0.0,0.0,0.0,836.35,0.0,836.35,11517.6,1569.7,0,0,0,0.0,0,F1,50,,,,,
2026-02-18,2026-02-18,FO,NSE,STO,104691,,DIXON,,2026-03-30,2026-03-30,11500.0,CE,DIXON26MAR11500CE,750.0,750.0,505.9,623.9,620.0,717.7,11517.6,623.9,38250,29200,1779,1073372145.0,1208,F1,50,,,,,
2026-02-18,2026-02-18,FO,NSE,STO,92804,,DIXON,,2026-03-30,2026-03-30,11800.0,CE,DIXON26MAR11800CE,572.5,572.5,395.45,483.55,485.75,572.5,11517.6,483.55,13000,6700,317,194484200.0,243,F1,50,,,,,
2026-02-18,2026-02-18,FO,NSE,STO,104917,,DIXON,,2026-04-28,2026-04-28,8000.0,CE,DIXON26APR8000CE,0.0,0.0,0.0,2428.85,0.0,2428.85,11517.6,3606.2,0,0,0,0.0,0,F1,50,,,,,
2026-02-18,2026-02-18,FO,NSE,STO,89506,,DIXON,,2026-02-24,2026-02-24,10500.0,PE,DIXON26FEB10500PE,25.95,56.1,21.55,24.35,27.65,28.8,11517.6,24.35,92300,-4950,3806,2004812810.0,2414,F1,50,,,,,
2026-02-18,2026-02-18,FO,NSE,STO,92492,,DIXON,,2026-02-24,2026-02-24,12100.0,PE,DIXON26FEB12100PE,0.0,0.0,0.0,582.9,580.5,582.9,11517.6,618.6,6600,0,0,0.0,0,F1,50,,,,,
2026-02-18,2026-02-18,FO,NSE,STO,92780,,DIXON,,2026-03-30,2026-03-30,10200.0,PE,DIXON26MAR10200PE,170.0,189.3,143.0,143.0,143.0,136.0,11517.6,107.2,1450,150,6,3106940.0,6,F1,50,,,,,
2026-02-18,2026-02-18,FO,NSE,STO,104557,,DIXON,,2026-03-30,2026-03-30,10900.0,PE,DIXON26MAR10900PE,0.0,0.0,0.0,313.8,313.8,313.8,11517.6,279.15,50,0,0,0.0,0,F1,50,,,,,
2026-02-18,2026-02-18,FO,NSE,STO,92799,,DIXON,,2026-03-30,2026-03-30,11400.0,PE,DIXON26MAR11400PE,575.0,618.25,475.0,477.25,480.5,450.0,11517.6,477.25,1950,1700,56,33417550.0,44,F1,50,,,,,
2026-02-18,2026-02-18,FO,NSE,STO,92805,,DIXON,,2026-03-30,2026-03-30,11800.0,PE,DIXON26MAR11800PE,649.55,859.1,639.2,680.8,680.8,649.55,11517.6,689.35,9050,4550,162,101510415.0,150,F1,50,,,,,
2026-02-18,2026-02-18,FO,NSE,STO,104761,,DIXON,,2026-03-30,2026-03-30,11900.0,PE,DIXON26MAR11900PE,657.35,760.0,657.35,760.0,760.0,719.45,11517.6,748.6,1850,250,5,3153502.5,4,F1,50,,,,,
2026-02-18,2026-02-18,FO,NSE,STO,104771,,DIXON,,2026-03-30,2026-03-30,12700.0,PE,DIXON26MAR12700PE,1350.0,1450.0,1350.0,1450.0,1450.0,1200.0,11517.6,1307.8,300,50,2,1410000.0,2,F1,50,,,,,
2026-02-18,2026-02-18,FO,NSE,STO,104998,,DIXON,,2026-04-28,2026-04-28,9800.0,PE,DIXON26APR9800PE,0.0,0.0,0.0,636.4,0.0,636.4,11517.6,130.6,0,0,0,0.0,0,F1,50,,,,,
2026-02-18,2026-02-18,FO,NSE,STO,105008,,DIXON,,2026-04-28,2026-04-28,10800.0,PE,DIXON26APR10800PE,0.0,0.0,0.0,1164.1,0.0,1164.1,11517.6,383.5,0,0,0,0.0,0,F1,50,,,,,
2026-02-18,2026-02-18,FO,NSE,STO,105051,,DIXON,,2026-04-28,2026-04-28,12200.0,PE,DIXON26APR12200PE,0.0,0.0,0.0,2155.4,0.0,2155.4,11517.6,1079.1,0,0,0,0.0,0,F1,50,,,,,
2026-02-18,2026-02-18,FO,NSE,STO,105067,,DIXON,,2026-04-28,2026-04-28,12600.0,PE,DIXON26APR12600PE,0.0,0.0,0.0,2479.2,0.0,2479.2,11517.6,1348.4,0,0,0,0.0,0,F1,50,,,,,
2026-02-18,2026-02-18,FO,NSE,STO,105071,,DIXON,,2026-04-28,2026-04-28,12800.0,PE,DIXON26APR12800PE,0.0,0.0,0.0,2646.5,0.0,2646.5,11517.6,1493.0,0,0,0,0.0,0,F1,50,,,,,
2026-02-18,2026-02-18,FO,NSE,STO,92486,,DIXON,,2026-02-24,2026-02-24,11700.0,PE,DIXON26FEB11700PE,329.2,559.1,285.9,328.45,353.05,310.45,11517.6,328.45,35850,-13050,1276,771354067.5,1027,F1,50,,,,,
2026-02-18,2026-02-18,FO,NSE,STO,92828,,DIXON,,2026-03-30,2026-03-30,13400.0,PE,DIXON26MAR13400PE,1950.0,1950.0,1915.0,1915.0,1915.0,1965.95,11517.6,1894.5,150,150,3,2300500.0,3,F1,50,,,,,
2026-02-18,2026-02-18,FO,NSE,STO,92398,,DIXON,,2026-02-24,2026-02-24,8600.0,PE,DIXON26FEB8600PE,4.95,5.0,2.0,2.25,2.15,5.0,11517.6,2.25,13950,-950,29,12473990.0,16,F1,50,,,,,
2026-02-18,2026-02-18,FO,NSE,STO,105011,,DIXON,,2026-04-28,2026-04-28,11200.0,CE,DIXON26APR11200CE,0.0,0.0,0.0,575.95,0.0,575.95,11517.6,973.9,0,0,0,0.0,0,F1,50,,,,,
2026-02-18,2026-02-18,FO,NSE,STO,105007,,DIXON,,2026-04-28,2026-04-28,10800.0,CE,DIXON26APR10800CE,0.0,0.0,0.0,713.45,0.0,713.45,11517.6,1212.8,0,0,0,0.0,0,F1,50,,,,,
2026-02-18,2026-02-18,FO,NSE,STO,92788,,DIXON,,2026-03-30,2026-03-30,10800.0,CE,DIXON26MAR10800CE,1085.65,1085.65,1085.65,1085.65,1085.65,1654.35,11517.6,1029.75,50,50,1,594282.5,1,F1,50,,,,,
2026-02-18,2026-02-18,FO,NSE,STO,89536,,DIXON,,2026-02-24,2026-02-24,14500.0,CE,DIXON26FEB14500CE,3.6,3.6,2.4,2.95,2.55,4.5,11517.6,2.95,17600,-350,155,112397542.5,90,F1,50,,,,,
2026-02-18,2026-02-18,FO,NSE,STO,92481,,DIXON,,2026-02-24,2026-02-24,11400.0,CE,DIXON26FEB11400CE,310.0,341.8,192.0,294.5,283.7,400.7,11517.6,294.5,34400,11550,6565,3821135790.0,5327,F1,50,,,,,
2026-02-18,2026-02-18,FO,NSE,STF,66819,,DIXON,,2026-04-28,2026-04-28,,,DIXON26APRFUT,11770.0,11775.0,11400.0,11665.0,11650.0,11772.0,11517.6,11665.0,35550,4050,301,174058100.0,298,F1,50,,,,,
2026-02-18,2026-02-18,FO,NSE,STO,89508,,DIXON,,2026-02-24,2026-02-24,11000.0,PE,DIXON26FEB11000PE,59.95,159.95,54.4,62.65,72.4,69.95,11517.6,62.65,183100,8800,14539,8073437747.5,10062,F1,50,,,,,
2026-02-18,2026-02-18,FO,NSE,STO,92418,,DIXON,,2026-02-24,2026-02-24,8800.0,PE,DIXON26FEB8800PE,4.35,6.0,3.0,3.5,3.5,5.0,11517.6,3.5,13950,-700,22,9684230.0,20,F1,50,,,,,
2026-02-18,2026-02-18,FO,NSE,STO,89502,,DIXON,,2026-02-24,2026-02-24,9500.0,PE,DIXON26FEB9500PE,8.8,13.3,5.3,6.35,7.5,9.3,11517.6,6.35,53400,-5600,862,409836372.5,515,F1,50,,,,,
2026-02-18,2026-02-18,FO,NSE,STO,92468,,DIXON,,2026-02-24,2026-02-24,10600.0,PE,DIXON26FEB10600PE,28.9,67.0,26.5,27.4,29.9,33.7,11517.6,27.4,10000,150,429,228194142.5,241,F1,50,,,,,
2026-02-18,2026-02-18,FO,NSE,STO,92825,,DIXON,,2026-03-30,2026-03-30,13200.0,PE,DIXON26MAR13200PE,0.0,0.0,0.0,1823.3,0.0,1823.3,11517.6,1719.85,0,0,0,0.0,0,F1,50,,,,,
2026-02-18,2026-02-18,FO,NSE,STO,89512,,DIXON,,2026-02-24,2026-02-24,12000.0,PE,DIXON26FEB12000PE,534.0,800.0,480.0,552.25,551.95,502.95,11517.6,552.25,42400,-5800,641,404776460.0,414,F1,50,,,,,
2026-02-18,2026-02-18,FO,NSE,STO,92810,,DIXON,,2026-03-30,2026-03-30,12200.0,CE,DIXON26MAR12200CE,352.0,352.0,275.0,339.25,338.05,419.0,11517.6,339.25,2200,950,29,18121095.0,29,F1,50,,,,,
2026-02-18,2026-02-18,FO,NSE,STO,92570,,DIXON,,2026-02-24,2026-02-24,12900.0,PE,DIXON26FEB12900PE,0.0,0.0,0.0,1457.55,0.0,1457.55,11517.6,1372.7,0,0,0,0.0,0,F1,50,,,,,
2026-02-18,2026-02-18,FO,NSE,STO,92456,,DIXON,,2026-02-24,2026-02-24,9800.0,PE,DIXON26FEB9800PE,11.55,19.6,8.25,9.55,13.95,11.55,11517.6,9.55,11350,-3700,719,352787135.0,551,F1,50,,,,,
2026-02-18,2026-02-18,FO,NSE,STO,92445,,DIXON,,2026-02-24,2026-02-24,9200.0,CE,DIXON26FEB9200CE,0.0,0.0,0.0,2710.8,0.0,2710.8,11517.6,2325.9,0,0,0,0.0,0,F1,50,,,,,
2026-02-18,2026-02-18,FO,NSE,STO,92487,,DIXON,,2026-02-24,2026-02-24,11800.0,CE,DIXON26FEB11800CE,207.1,207.2,81.0,120.9,114.15,203.35,11517.6,120.9,139050,4450,9650,5748463830.0,6526,F1,50,,,,,
2026-02-18,2026-02-18,FO,NSE,STO,89538,,DIXON,,2026-02-24,2026-02-24,15000.0,CE,DIXON26FEB15000CE,2.7,3.6,1.7,2.1,2.0,3.55,11517.6,2.1,49250,-150,140,105015035.0,79,F1,50,,,,,
2026-02-18,2026-02-18,FO,NSE,STO,104493,,DIXON,,2026-03-30,2026-03-30,9900.0,CE,DIXON26MAR9900CE,0.0,0.0,0.0,940.45,0.0,940.45,11517.6,1742.35,0,0,0,0.0,0,F1,50,,,,,
2026-02-18,2026-02-18,FO,NSE,STO,92616,,DIXON,,2026-02-24,2026-02-24,13600.0,PE,DIXON26FEB13600PE,0.0,0.0,0.0,2270.0,2270.0,2270.0,11517.6,2070.15,100,0,0,0.0,0,F1,50,,,,,
2026-02-18,2026-02-18,FO,NSE,STO,104997,,DIXON,,2026-04-28,2026-04-28,9800.0,CE,DIXON26APR9800CE,0.0,0.0,0.0,1170.45,0.0,1170.45,11517.6,1949.55,0,0,0,0.0,0,F1,50,,,,,
2026-02-18,2026-02-18,FO,NSE,STO,89518,,DIXON,,2026-02-24,2026-02-24,13500.0,PE,DIXON26FEB13500PE,0.0,0.0,0.0,1885.0,1885.0,1885.0,11517.6,1970.3,3300,0,0,0.0,0,F1,50,,,,,
2026-02-18,2026-02-18,FO,NSE,STO,92777,,DIXON,,2026-03-30,2026-03-30,10000.0,CE,DIXON26MAR10000CE,1570.0,1640.0,1567.65,1640.0,1640.0,1950.0,11517.6,1655.2,2700,-50,7,4055742.5,5,F1,50,,,,,
2026-02-18,2026-02-18,FO,NSE,STO,92760,,DIXON,,2026-03-30,2026-03-30,8600.0,CE,DIXON26MAR8600CE,0.0,0.0,0.0,1835.05,1835.05,1835.05,11517.6,2972.7,100,0,0,0.0,0,F1,50,,,,,
2026-02-18,2026-02-18,FO,NSE,STO,92609,,DIXON,,2026-02-24,2026-02-24,13200.0,CE,DIXON26FEB13200CE,14.6,14.6,6.3,7.75,10.85,13.65,11517.6,7.75,11750,450,588,388315557.5,499,F1,50,,,,,
2026-02-18,2026-02-18,FO,NSE,STO,92613,,DIXON,,2026-02-24,2026-02-24,13400.0,CE,DIXON26FEB13400CE,6.25,9.2,5.15,6.0,6.0,10.0,11517.6,6.0,4300,-1450,108,72391740.0,55,F1,50,,,,,
2026-02-18,2026-02-18,FO,NSE,STO,105026,,DIXON,,2026-04-28,2026-04-28,11800.0,PE,DIXON26APR11800PE,0.0,0.0,0.0,1847.1,0.0,1847.1,11517.6,839.3,0,0,0,0.0,0,F1,50,,,,,
2026-02-18,2026-02-18,FO,NSE,STO,92823,,DIXON,,2026-03-30,2026-03-30,13000.0,PE,DIXON26MAR13000PE,1740.0,1740.0,1525.3,1540.05,1540.0,1470.0,11517.6,1540.05,6650,900,25,18250557.5,23,F1,50,,,,,
2026-02-18,2026-02-18,FO,NSE,STO,92813,,DIXON,,2026-03-30,2026-03-30,12400.0,PE,DIXON26MAR12400PE,0.0,0.0,0.0,1300.8,0.0,1300.8,11517.6,1081.65,0,0,0,0.0,0,F1,50,,,,,
2026-02-18,2026-02-18,FO,NSE,STO,104714,,DIXON,,2026-03-30,2026-03-30,11500.0,PE,DIXON26MAR11500PE,503.1,684.7,500.05,517.45,530.35,503.1,11517.6,517.45,29150,17250,1009,611387480.0,628,F1,50,,,,,
2026-02-18,2026-02-18,FO,NSE,STO,92793,,DIXON,,2026-03-30,2026-03-30,11200.0,PE,DIXON26MAR11200PE,509.0,529.4,401.1,402.0,402.0,386.0,11517.6,391.0,1650,500,24,13981977.5,23,F1,50,,,,,
2026-02-18,2026-02-18,FO,NSE,STO,92642,,DIXON,,2026-02-24,2026-02-24,14200.0,PE,DIXON26FEB14200PE,0.0,0.0,0.0,2516.7,2516.7,2516.7,11517.6,2669.55,11500,0,0,0.0,0,F1,50,,,,,
2026-02-18,2026-02-18,FO,NSE,STO,89503,,DIXON,,2026-02-24,2026-02-24,10000.0,CE,DIXON26FEB10000CE,1546.0,1546.0,1287.75,1500.0,1500.0,1640.0,11517.6,1526.9,26550,-400,50,28348597.5,46,F1,50,,,,,
2026-02-18,2026-02-18,FO,NSE,STO,89507,,DIXON,,2026-02-24,2026-02-24,11000.0,CE,DIXON26FEB11000CE,689.65,700.0,395.25,587.4,588.0,698.25,11517.6,587.4,63350,-6100,1280,736746267.5,957,F1,50,,,,,
2026-02-18,2026-02-18,FO,NSE,STO,92497,,DIXON,,2026-02-24,2026-02-24,12400.0,CE,DIXON26FEB12400CE,58.35,58.35,22.5,28.95,28.4,58.35,11517.6,28.95,20200,-9100,1762,1094914232.5,1286,F1,50,,,,,
2026-02-18,2026-02-18,FO,NSE,STO,89515,,DIXON,,2026-02-24,2026-02-24,13000.0,CE,DIXON26FEB13000CE,19.0,20.0,8.6,10.1,10.6,19.05,11517.6,10.1,173650,11350,4783,3111619707.5,3086,F1,50,,,,,
2026-02-18,2026-02-18,FO,NSE,STO,92494,,DIXON,,2026-02-24,2026-02-24,12200.0,PE,DIXON26FEB12200PE,0.0,0.0,0.0,657.85,656.3,657.85,11517.6,705.2,4400,0,0,0.0,0,F1,50,,,,,
2026-02-18,2026-02-18,FO,NSE,STO,92472,,DIXON,,2026-02-24,2026-02-24,10800.0,PE,DIXON26FEB10800PE,41.45,105.45,35.85,40.75,46.0,47.1,11517.6,40.75,30700,550,2442,1327422132.5,1948,F1,50,,,,,
2026-02-18,2026-02-18,FO,NSE,STO,92470,,DIXON,,2026-02-24,2026-02-24,10700.0,PE,DIXON26FEB10700PE,40.45,85.0,30.0,34.35,35.8,40.45,11517.6,34.35,17800,-3700,1436,772338895.0,975,F1,50,,,,,
2026-02-18,2026-02-18,FO,NSE,STO,89504,,DIXON,,2026-02-24,2026-02-24,10000.0,PE,DIXON26FEB10000PE,15.0,25.15,10.75,12.35,13.15,15.1,11517.6,12.35,96350,-6700,2697,1350742685.0,1614,F1,50,,,,,
2026-02-18,2026-02-18,FO,NSE,STO,105074,,DIXON,,2026-04-28,2026-04-28,13000.0,CE,DIXON26APR13000CE,0.0,0.0,0.0,200.0,0.0,200.0,11517.6,295.75,0,0,0,0.0,0,F1,50,,,,,
2026-02-18,2026-02-18,FO,NSE,STO,92832,,DIXON,,2026-03-30,2026-03-30,13800.0,CE,DIXON26MAR13800CE,0.0,0.0,0.0,436.15,0.0,436.15,11517.6,57.05,0,0,0,0.0,0,F1,50,,,,,
2026-02-18,2026-02-18,FO,NSE,STO,104744,,DIXON,,2026-03-30,2026-03-30,11900.0,CE,DIXON26MAR11900CE,491.2,495.2,369.65,442.7,441.8,523.4,11517.6,442.7,4100,1800,54,33272790.0,48,F1,50,,,,,
2026-02-18,2026-02-18,FO,NSE,STO,92792,,DIXON,,2026-03-30,2026-03-30,11200.0,CE,DIXON26MAR11200CE,682.0,778.0,665.0,778.0,778.0,1000.0,11517.6,775.9,700,550,29,17297777.5,28,F1,50,,,,,
2026-02-18,2026-02-18,FO,NSE,STO,104556,,DIXON,,2026-03-30,2026-03-30,10900.0,CE,DIXON26MAR10900CE,0.0,0.0,0.0,502.7,0.0,502.7,11517.6,962.25,0,0,0,0.0,0,F1,50,,,,,
2026-02-18,2026-02-18,FO,NSE,STO,92789,,DIXON,,2026-03-30,2026-03-30,10800.0,PE,DIXON26MAR10800PE,0.0,0.0,0.0,1000.0,1000.0,1000.0,11517.6,247.25,100,0,0,0.0,0,F1,50,,,,,
2026-02-18,2026-02-18,FO,NSE,STO,92807,,DIXON,,2026-03-30,2026-03-30,12000.0,PE,DIXON26MAR12000PE,780.0,995.0,763.0,792.95,796.65,772.7,11517.6,792.95,36650,5000,198,127685500.0,190,F1,50,,,,,
2026-02-18,2026-02-18,FO,NSE,STO,92811,,DIXON,,2026-03-30,2026-03-30,12200.0,PE,DIXON26MAR12200PE,0.0,0.0,0.0,903.05,903.05,903.05,11517.6,941.35,400,0,0,0.0,0,F1,50,,,,,
2026-02-18,2026-02-18,FO,NSE,STO,92821,,DIXON,,2026-03-30,2026-03-30,12800.0,PE,DIXON26MAR12800PE,0.0,0.0,0.0,1551.95,0.0,1551.95,11517.6,1387.0,0,0,0,0.0,0,F1,50,,,,,
2026-02-18,2026-02-18,FO,NSE,STO,104773,,DIXON,,2026-03-30,2026-03-30,12900.0,PE,DIXON26MAR12900PE,0.0,0.0,0.0,2691.3,0.0,2691.3,11517.6,1467.9,0,0,0,0.0,0,F1,50,,,,,
2026-02-18,2026-02-18,FO,NSE,STO,104994,,DIXON,,2026-04-28,2026-04-28,9400.0,PE,DIXON26APR9400PE,0.0,0.0,0.0,474.3,0.0,474.3,11517.6,76.15,0,0,0,0.0,0,F1,50,,,,,
2026-02-18,2026-02-18,FO,NSE,STO,92467,,DIXON,,2026-02-24,2026-02-24,10600.0,CE,DIXON26FEB10600CE,907.8,965.65,721.0,948.2,943.6,1050.1,11517.6,948.2,14350,-200,16,9170770.0,15,F1,50,,,,,
2026-02-18,2026-02-18,FO,NSE,STO,92475,,DIXON,,2026-02-24,2026-02-24,11100.0,CE,DIXON26FEB11100CE,532.0,532.0,344.7,504.05,493.3,610.9,11517.6,504.05,16300,-50,120,69119932.5,114,F1,50,,,,,
2026-02-18,2026-02-18,FO,NSE,STO,89509,,DIXON,,2026-02-24,2026-02-24,11500.0,CE,DIXON26FEB11500CE,341.35,341.4,156.0,241.1,231.75,341.35,11517.6,241.1,110550,20400,13921,8154886695.0,11150,F1,50,,,,,
2026-02-18,2026-02-18,FO,NSE,STO,92485,,DIXON,,2026-02-24,2026-02-24,11700.0,CE,DIXON26FEB11700CE,237.15,246.05,100.2,153.75,145.95,243.1,11517.6,153.75,115950,850,10268,6081549760.0,7703,F1,50,,,,,
2026-02-18,2026-02-18,FO,NSE,STO,89513,,DIXON,,2026-02-24,2026-02-24,12500.0,CE,DIXON26FEB12500CE,48.0,48.05,18.3,23.4,23.3,47.05,11517.6,23.4,104950,-11000,5478,3430364987.5,3664,F1,50,,,,,
2026-02-18,2026-02-18,FO,NSE,STO,92632,,DIXON,,2026-02-24,2026-02-24,13800.0,CE,DIXON26FEB13800CE,4.45,4.45,2.55,3.1,3.1,6.15,11517.6,3.1,4850,-950,56,38649710.0,45,F1,50,,,,,
2026-02-18,2026-02-18,FO,NSE,STO,92758,,DIXON,,2026-03-30,2026-03-30,8400.0,CE,DIXON26MAR8400CE,0.0,0.0,0.0,3544.4,0.0,3544.4,11517.6,3169.95,0,0,0,0.0,0,F1,50,,,,,
2026-02-18,2026-02-18,FO,NSE,STO,92764,,DIXON,,2026-03-30,2026-03-30,9000.0,CE,DIXON26MAR9000CE,0.0,0.0,0.0,3009.6,0.0,3009.6,11517.6,2581.65,0,0,0,0.0,0,F1,50,,,,,
2026-02-18,2026-02-18,FO,NSE,STO,92768,,DIXON,,2026-03-30,2026-03-30,9200.0,CE,DIXON26MAR9200CE,0.0,0.0,0.0,2838.85,0.0,2838.85,11517.6,2388.9,0,0,0,0.0,0,F1,50,,,,,
2026-02-18,2026-02-18,FO,NSE,STO,92771,,DIXON,,2026-03-30,2026-03-30,9400.0,CE,DIXON26MAR9400CE,0.0,0.0,0.0,2672.4,0.0,2672.4,11517.6,2198.95,0,0,0,0.0,0,F1,50,,,,,
2026-02-18,2026-02-18,FO,NSE,STO,104518,,DIXON,,2026-03-30,2026-03-30,10500.0,CE,DIXON26MAR10500CE,1315.0,1315.0,1131.0,1305.0,1305.0,1375.0,11517.6,1305.0,3250,600,25,14635935.0,21,F1,50,,,,,
2026-02-18,2026-02-18,FO,NSE,STO,104772,,DIXON,,2026-03-30,2026-03-30,12900.0,CE,DIXON26MAR12900CE,141.15,162.3,141.0,158.0,158.0,221.5,11517.6,163.0,1850,600,14,9140657.5,5,F1,50,,,,,
2026-02-18,2026-02-18,FO,NSE,STO,104991,,DIXON,,2026-04-28,2026-04-28,9200.0,CE,DIXON26APR9200CE,0.0,0.0,0.0,1528.9,0.0,1528.9,11517.6,2469.35,0,0,0,0.0,0,F1,50,,,,,
2026-02-18,2026-02-18,FO,NSE,STO,92446,,DIXON,,2026-02-24,2026-02-24,9200.0,PE,DIXON26FEB9200PE,6.0,11.45,4.15,4.15,4.15,8.15,11517.6,4.15,11100,750,27,12428662.5,8,F1,50,,,,,
2026-02-18,2026-02-18,FO,NSE,STO,92496,,DIXON,,2026-02-24,2026-02-24,12300.0,PE,DIXON26FEB12300PE,0.0,0.0,0.0,643.45,643.45,643.45,11517.6,795.1,2050,0,0,0.0,0,F1,50,,,,,
2026-02-18,2026-02-18,FO,NSE,STO,89514,,DIXON,,2026-02-24,2026-02-24,12500.0,PE,DIXON26FEB12500PE,986.65,1244.25,983.0,990.5,1006.5,848.9,11517.6,990.5,8950,-1700,41,27893225.0,38,F1,50,,,,,
2026-02-18,2026-02-18,FO,NSE,STO,92763,,DIXON,,2026-03-30,2026-03-30,8800.0,PE,DIXON26MAR8800PE,0.0,0.0,0.0,65.45,65.45,65.45,11517.6,5.95,200,0,0,0.0,0,F1,50,,,,,
2026-02-18,2026-02-18,FO,NSE,STO,92836,,DIXON,,2026-03-30,2026-03-30,14000.0,CE,DIXON26MAR14000CE,82.05,82.05,51.4,57.0,56.85,81.95,11517.6,57.0,21050,1350,270,189812502.5,216,F1,50,,,,,
2026-02-18,2026-02-18,FO,NSE,STO,92822,,DIXON,,2026-03-30,2026-03-30,13000.0,CE,DIXON26MAR13000CE,200.05,200.45,125.0,149.3,150.0,202.6,11517.6,149.3,40650,11900,983,646244292.5,717,F1,50,,,,,
2026-02-18,2026-02-18,FO,NSE,STO,104739,,DIXON,,2026-03-30,2026-03-30,11700.0,CE,DIXON26MAR11700CE,657.45,657.45,425.05,531.35,521.0,622.0,11517.6,531.35,16950,12600,468,286719120.0,346,F1,50,,,,,
2026-02-18,2026-02-18,FO,NSE,STO,92775,,DIXON,,2026-03-30,2026-03-30,9800.0,CE,DIXON26MAR9800CE,0.0,0.0,0.0,2354.0,0.0,2354.0,11517.6,1831.05,0,0,0,0.0,0,F1,50,,,,,
2026-02-18,2026-02-18,FO,NSE,STO,92491,,DIXON,,2026-02-24,2026-02-24,12100.0,CE,DIXON26FEB12100CE,112.3,112.3,41.4,58.0,56.9,109.85,11517.6,58.0,47100,8450,2701,1642055570.0,2107,F1,50,,,,,
2026-02-18,2026-02-18,FO,NSE,STO,92473,,DIXON,,2026-02-24,2026-02-24,10900.0,CE,DIXON26FEB10900CE,710.0,710.0,474.35,664.7,664.7,764.2,11517.6,664.7,11650,100,31,17787060.0,30,F1,50,,,,,
2026-02-18,2026-02-18,FO,NSE,STF,51866,,DIXON,,2026-03-30,2026-03-30,,,DIXON26MARFUT,11711.0,11733.0,11320.0,11597.0,11582.0,11682.0,11517.6,11597.0,594200,223850,8234,4735384050.0,5646,F1,50,,,,,
2026-02-18,2026-02-18,FO,NSE,STO,105049,,DIXON,,2026-04-28,2026-04-28,12000.0,PE,DIXON26APR12000PE,0.0,0.0,0.0,1999.1,0.0,1999.1,11517.6,955.35,0,0,0,0.0,0,F1,50,,,,,
2026-02-18,2026-02-18,FO,NSE,STO,105010,,DIXON,,2026-04-28,2026-04-28,11000.0,PE,DIXON26APR11000PE,0.0,0.0,0.0,1289.3,0.0,1289.3,11517.6,457.75,0,0,0,0.0,0,F1,50,,,,,
2026-02-18,2026-02-18,FO,NSE,STO,105006,,DIXON,,2026-04-28,2026-04-28,10600.0,PE,DIXON26APR10600PE,0.0,0.0,0.0,1045.1,0.0,1045.1,11517.6,317.55,0,0,0,0.0,0,F1,50,,,,,
2026-02-18,2026-02-18,FO,NSE,STO,105002,,DIXON,,2026-04-28,2026-04-28,10200.0,PE,DIXON26APR10200PE,0.0,0.0,0.0,826.9,0.0,826.9,11517.6,209.55,0,0,0,0.0,0,F1,50,,,,,
2026-02-18,2026-02-18,FO,NSE,STO,92614,,DIXON,,2026-02-24,2026-02-24,13400.0,PE,DIXON26FEB13400PE,0.0,0.0,0.0,1828.65,0.0,1828.65,11517.6,1870.45,0,0,0,0.0,0,F1,50,,,,,
2026-02-18,2026-02-18,FO,NSE,STO,104996,,DIXON,,2026-04-28,2026-04-28,9600.0,PE,DIXON26APR9600PE,0.0,0.0,0.0,551.75,0.0,551.75,11517.6,100.6,0,0,0,0.0,0,F1,50,,,,,
2026-02-18,2026-02-18,FO,NSE,STO,104990,,DIXON,,2026-04-28,2026-04-28,9000.0,PE,DIXON26APR9000PE,0.0,0.0,0.0,341.3,0.0,341.3,11517.6,41.2,0,0,0,0.0,0,F1,50,,,,,
2026-02-18,2026-02-18,FO,NSE,STO,104763,,DIXON,,2026-03-30,2026-03-30,12100.0,PE,DIXON26MAR12100PE,0.0,0.0,0.0,710.0,710.0,710.0,11517.6,874.65,50,0,0,0.0,0,F1,50,,,,,
2026-02-18,2026-02-18,FO,NSE,STO,104517,,DIXON,,2026-03-30,2026-03-30,10300.0,PE,DIXON26MAR10300PE,189.95,210.0,186.65,186.65,186.65,190.15,11517.6,124.9,250,50,4,2098827.5,3,F1,50,,,,,
2026-02-18,2026-02-18,FO,NSE,STO,92774,,DIXON,,2026-03-30,2026-03-30,9600.0,PE,DIXON26MAR9600PE,70.0,74.95,69.0,69.0,69.0,71.0,11517.6,69.0,2150,400,27,13056157.5,24,F1,50,,,,,
2026-02-18,2026-02-18,FO,NSE,STO,92453,,DIXON,,2026-02-24,2026-02-24,9700.0,CE,DIXON26FEB9700CE,0.0,0.0,0.0,1802.1,1802.1,1802.1,11517.6,1826.4,2100,0,0,0.0,0,F1,50,,,,,
2026-02-18,2026-02-18,FO,NSE,STO,92501,,DIXON,,2026-02-24,2026-02-24,12700.0,CE,DIXON26FEB12700CE,31.8,33.5,13.0,15.55,15.0,31.8,11517.6,15.55,14950,-3500,595,378325085.0,531,F1,50,,,,,
2026-02-18,2026-02-18,FO,NSE,STO,92607,,DIXON,,2026-02-24,2026-02-24,13100.0,CE,DIXON26FEB13100CE,13.2,13.2,6.45,7.2,6.45,16.5,11517.6,7.2,7300,-1100,95,62267987.5,61,F1,50,,,,,
2026-02-18,2026-02-18,FO,NSE,STO,89517,,DIXON,,2026-02-24,2026-02-24,13500.0,CE,DIXON26FEB13500CE,8.05,9.1,4.1,5.75,5.35,9.55,11517.6,5.75,62600,-13850,2548,1720575375.0,1318,F1,50,,,,,
2026-02-18,2026-02-18,FO,NSE,STO,104689,,DIXON,,2026-03-30,2026-03-30,11300.0,CE,DIXON26MAR11300CE,682.2,712.1,606.7,703.0,703.0,380.95,11517.6,719.3,1450,1450,43,25699622.5,37,F1,50,,,,,
2026-02-18,2026-02-18,FO,NSE,STO,92802,,DIXON,,2026-03-30,2026-03-30,11600.0,CE,DIXON26MAR11600CE,650.0,671.8,467.9,577.8,579.95,671.8,11517.6,577.8,7900,4700,198,120267657.5,164,F1,50,,,,,
2026-02-18,2026-02-18,FO,NSE,STO,104768,,DIXON,,2026-03-30,2026-03-30,12500.0,CE,DIXON26MAR12500CE,311.1,318.0,200.5,247.55,244.0,315.55,11517.6,247.55,18750,2350,414,263634285.0,356,F1,50,,,,,
2026-02-18,2026-02-18,FO,NSE,STO,92829,,DIXON,,2026-03-30,2026-03-30,13600.0,CE,DIXON26MAR13600CE,118.0,118.0,73.9,80.35,80.0,112.15,11517.6,80.35,2550,1050,60,41050955.0,48,F1,50,,,,,
2026-02-18,2026-02-18,FO,NSE,STO,104940,,DIXON,,2026-04-28,2026-04-28,8400.0,CE,DIXON26APR8400CE,0.0,0.0,0.0,2104.3,0.0,2104.3,11517.6,3218.35,0,0,0,0.0,0,F1,50,,,,,
2026-02-18,2026-02-18,FO,NSE,STO,104999,,DIXON,,2026-04-28,2026-04-28,10000.0,CE,DIXON26APR10000CE,0.0,0.0,0.0,1065.3,0.0,1065.3,11517.6,1787.75,0,0,0,0.0,0,F1,50,,,,,
2026-02-18,2026-02-18,FO,NSE,STO,105066,,DIXON,,2026-04-28,2026-04-28,12600.0,CE,DIXON26APR12600CE,0.0,0.0,0.0,256.15,0.0,256.15,11517.6,396.3,0,0,0,0.0,0,F1,50,,,,,
2026-02-18,2026-02-18,FO,NSE,STO,92776,,DIXON,,2026-03-30,2026-03-30,9800.0,PE,DIXON26MAR9800PE,120.0,120.0,120.0,120.0,120.0,241.9,11517.6,54.6,550,550,11,5456000.0,5,F1,50,,,,,
2026-02-18,2026-02-18,FO,NSE,STO,92480,,DIXON,,2026-02-24,2026-02-24,11300.0,PE,DIXON26FEB11300PE,142.0,294.15,100.0,132.95,146.0,134.3,11517.6,132.95,51550,9150,8634,4971111740.0,6919,F1,50,,,,,
2026-02-18,2026-02-18,FO,NSE,STO,105023,,DIXON,,2026-04-28,2026-04-28,11600.0,CE,DIXON26APR11600CE,0.0,0.0,0.0,461.05,0.0,461.05,11517.6,768.95,0,0,0,0.0,0,F1,50,,,,,
2026-02-18,2026-02-18,FO,NSE,STO,105003,,DIXON,,2026-04-28,2026-04-28,10400.0,CE,DIXON26APR10400CE,0.0,0.0,0.0,875.9,0.0,875.9,11517.6,1484.9,0,0,0,0.0,0,F1,50,,,,,
2026-02-18,2026-02-18,FO,NSE,STO,104995,,DIXON,,2026-04-28,2026-04-28,9600.0,CE,DIXON26APR9600CE,0.0,0.0,0.0,1282.8,0.0,1282.8,11517.6,2117.5,0,0,0,0.0,0,F1,50,,,,,
2026-02-18,2026-02-18,FO,NSE,STO,104987,,DIXON,,2026-04-28,2026-04-28,8800.0,CE,DIXON26APR8800CE,0.0,0.0,0.0,1803.85,0.0,1803.85,11517.6,2837.95,0,0,0,0.0,0,F1,50,,,,,
2026-02-18,2026-02-18,FO,NSE,STO,92342,,DIXON,,2026-02-24,2026-02-24,8400.0,CE,DIXON26FEB8400CE,0.0,0.0,0.0,3460.4,0.0,3460.4,11517.6,3125.2,0,0,0,0.0,0,F1,50,,,,,
2026-02-18,2026-02-18,FO,NSE,STO,92448,,DIXON,,2026-02-24,2026-02-24,9300.0,PE,DIXON26FEB9300PE,10.05,10.05,3.95,4.0,3.95,12.55,11517.6,4.0,4250,-600,44,20479287.5,22,F1,50,,,,,
2026-02-18,2026-02-18,FO,NSE,STO,105063,,DIXON,,2026-04-28,2026-04-28,12400.0,PE,DIXON26APR12400PE,0.0,0.0,0.0,2315.25,0.0,2315.25,11517.6,1210.25,0,0,0,0.0,0,F1,50,,,,,
2026-02-18,2026-02-18,FO,NSE,STO,92817,,DIXON,,2026-03-30,2026-03-30,12600.0,PE,DIXON26MAR12600PE,0.0,0.0,0.0,1423.75,0.0,1423.75,11517.6,1230.45,0,0,0,0.0,0,F1,50,,,,,
2026-02-18,2026-02-18,FO,NSE,STO,104690,,DIXON,,2026-03-30,2026-03-30,11300.0,PE,DIXON26MAR11300PE,460.0,580.35,403.75,423.35,433.9,431.5,11517.6,423.35,2050,1100,82,48377267.5,72,F1,50,,,,,
2026-02-18,2026-02-18,FO,NSE,STO,104522,,DIXON,,2026-03-30,2026-03-30,10500.0,PE,DIXON26MAR10500PE,190.95,276.0,187.0,192.1,196.15,191.0,11517.6,192.1,11700,3150,344,184736070.0,235,F1,50,,,,,
2026-02-18,2026-02-18,FO,NSE,STO,104489,,DIXON,,2026-03-30,2026-03-30,9700.0,PE,DIXON26MAR9700PE,0.0,0.0,0.0,80.0,80.0,80.0,11517.6,45.35,150,0,0,0.0,0,F1,50,,,,,
2026-02-18,2026-02-18,FO,NSE,STO,105078,,DIXON,,2026-04-28,2026-04-28,13200.0,CE,DIXON26APR13200CE,0.0,0.0,0.0,176.3,0.0,176.3,11517.6,254.1,0,0,0,0.0,0,F1,50,,,,,
2026-02-18,2026-02-18,FO,NSE,STO,92772,,DIXON,,2026-03-30,2026-03-30,9400.0,PE,DIXON26MAR9400PE,70.0,73.0,56.0,56.0,56.0,113.1,11517.6,24.85,350,250,8,3787892.5,8,F1,50,,,,,
2026-02-18,2026-02-18,FO,NSE,STO,104346,,DIXON,,2026-03-30,2026-03-30,9300.0,PE,DIXON26MAR9300PE,0.0,0.0,0.0,113.5,113.5,113.5,11517.6,20.05,150,0,0,0.0,0,F1,50,,,,,
2026-02-18,2026-02-18,FO,NSE,STO,92765,,DIXON,,2026-03-30,2026-03-30,9000.0,PE,DIXON26MAR9000PE,40.0,50.0,35.5,35.85,35.5,41.0,11517.6,35.85,2400,1100,67,30299097.5,39,F1,50,,,,,
2026-02-18,2026-02-18,FO,NSE,STO,89535,,DIXON,,2026-02-24,2026-02-24,14000.0,PE,DIXON26FEB14000PE,2465.0,2712.0,2465.0,2500.0,2500.0,2270.25,11517.6,2469.75,25550,-450,22,18186980.0,16,F1,50,,,,,
2026-02-18,2026-02-18,FO,NSE,STO,89516,,DIXON,,2026-02-24,2026-02-24,13000.0,PE,DIXON26FEB13000PE,1560.0,1740.0,1475.0,1477.5,1480.0,1385.0,11517.6,1477.5,17150,-650,20,14597110.0,17,F1,50,,,,,
2026-02-18,2026-02-18,FO,NSE,STO,92490,,DIXON,,2026-02-24,2026-02-24,11900.0,PE,DIXON26FEB11900PE,434.6,709.85,410.9,473.1,471.2,431.4,11517.6,473.1,15000,-1100,79,49151255.0,58,F1,50,,,,,
2026-02-18,2026-02-18,FO,NSE,STO,92488,,DIXON,,2026-02-24,2026-02-24,11800.0,PE,DIXON26FEB11800PE,370.0,622.6,347.25,396.2,404.55,368.0,11517.6,396.2,29050,-9600,558,343124912.5,507,F1,50,,,,,
2026-02-18,2026-02-18,FO,NSE,STO,92484,,DIXON,,2026-02-24,2026-02-24,11600.0,PE,DIXON26FEB11600PE,256.15,480.0,231.6,268.4,286.85,256.15,11517.6,268.4,26700,-7850,2168,1293366372.5,1691,F1,50,,,,,
2026-02-18,2026-02-18,FO,NSE,STO,92450,,DIXON,,2026-02-24,2026-02-24,9400.0,PE,DIXON26FEB9400PE,11.75,11.75,5.0,5.0,5.0,8.4,11517.6,0.05,12150,-150,13,6114582.5,10,F1,50,,,,,
2026-02-18,2026-02-18,FO,NSE,STO,92343,,DIXON,,2026-02-24,2026-02-24,8400.0,PE,DIXON26FEB8400PE,3.25,3.25,1.65,1.85,1.65,3.25,11517.6,1.85,10300,-1600,68,28566825.0,34,F1,50,,,,,
2026-02-18,2026-02-18,FO,NSE,STO,105009,,DIXON,,2026-04-28,2026-04-28,11000.0,CE,DIXON26APR11000CE,0.0,0.0,0.0,1000.0,1000.0,1000.0,11517.6,1089.1,500,0,0,0.0,0,F1,50,,,,,
2026-02-18,2026-02-18,FO,NSE,STO,92824,,DIXON,,2026-03-30,2026-03-30,13200.0,CE,DIXON26MAR13200CE,140.0,140.0,108.3,117.2,117.2,192.0,11517.6,116.75,1750,550,17,11317160.0,16,F1,50,,,,,
2026-02-18,2026-02-18,FO,NSE,STO,104770,,DIXON,,2026-03-30,2026-03-30,12700.0,CE,DIXON26MAR12700CE,200.0,204.0,176.9,204.0,204.0,272.0,11517.6,201.75,900,100,26,16766085.0,15,F1,50,,,,,
2026-02-18,2026-02-18,FO,NSE,STO,92812,,DIXON,,2026-03-30,2026-03-30,12400.0,CE,DIXON26MAR12400CE,256.0,256.0,256.0,256.0,256.0,190.5,11517.6,273.75,700,100,2,1265600.0,1,F1,50,,,,,
2026-02-18,2026-02-18,FO,NSE,STO,104762,,DIXON,,2026-03-30,2026-03-30,12100.0,CE,DIXON26MAR12100CE,428.75,428.75,307.75,363.45,363.45,450.0,11517.6,364.95,2500,1700,43,26738472.5,37,F1,50,,,,,
2026-02-18,2026-02-18,FO,NSE,STO,92773,,DIXON,,2026-03-30,2026-03-30,9600.0,CE,DIXON26MAR9600CE,0.0,0.0,0.0,2510.7,0.0,2510.7,11517.6,2012.7,0,0,0,0.0,0,F1,50,,,,,
2026-02-18,2026-02-18,FO,NSE,STO,104548,,DIXON,,2026-03-30,2026-03-30,10700.0,CE,DIXON26MAR10700CE,0.0,0.0,0.0,574.25,0.0,574.25,11517.6,1099.8,0,0,0,0.0,0,F1,50,,,,,
2026-02-18,2026-02-18,FO,NSE,STO,92790,,DIXON,,2026-03-30,2026-03-30,11000.0,CE,DIXON26MAR11000CE,850.0,933.45,760.0,926.5,920.85,1026.15,11517.6,926.5,15050,6950,198,117709910.0,98,F1,50,,,,,
2026-02-18,2026-02-18,FO,NSE,STO,104608,,DIXON,,2026-03-30,2026-03-30,11100.0,CE,DIXON26MAR11100CE,0.0,0.0,0.0,438.4,0.0,438.4,11517.6,835.25,0,0,0,0.0,0,F1,50,,,,,
2026-02-18,2026-02-18,FO,NSE,STO,92443,,DIXON,,2026-02-24,2026-02-24,9100.0,CE,DIXON26FEB9100CE,0.0,0.0,0.0,2410.9,2410.9,2410.9,11517.6,2425.8,150,0,0,0.0,0,F1,50,,,,,
2026-02-18,2026-02-18,FO,NSE,STO,92455,,DIXON,,2026-02-24,2026-02-24,9800.0,CE,DIXON26FEB9800CE,0.0,0.0,0.0,1933.15,1933.15,1933.15,11517.6,1726.5,3450,0,0,0.0,0,F1,50,,,,,
2026-02-18,2026-02-18,FO,NSE,STO,92459,,DIXON,,2026-02-24,2026-02-24,10100.0,CE,DIXON26FEB10100CE,1525.0,1545.0,1255.0,1452.55,1452.55,1578.45,11517.6,1452.55,11550,-250,9,5173877.5,9,F1,50,,,,,
2026-02-18,2026-02-18,FO,NSE,STO,105083,,DIXON,,2026-04-28,2026-04-28,13600.0,PE,DIXON26APR13600PE,0.0,0.0,0.0,3344.15,0.0,3344.15,11517.6,2127.25,0,0,0,0.0,0,F1,50,,,,,
2026-02-18,2026-02-18,FO,NSE,STO,89511,,DIXON,,2026-02-24,2026-02-24,12000.0,CE,DIXON26FEB12000CE,149.95,149.95,52.75,74.65,72.0,135.65,11517.6,74.65,301000,17850,18009,10872870232.5,11957,F1,50,,,,,
2026-02-18,2026-02-18,FO,NSE,STO,92495,,DIXON,,2026-02-24,2026-02-24,12300.0,CE,DIXON26FEB12300CE,73.0,73.0,27.2,36.4,35.3,71.3,11517.6,36.4,35550,-18600,1964,1211282180.0,1363,F1,50,,,,,
2026-02-18,2026-02-18,FO,NSE,STO,92512,,DIXON,,2026-02-24,2026-02-24,12800.0,CE,DIXON26FEB12800CE,19.2,24.9,11.15,13.1,12.95,25.8,11517.6,13.1,18200,-4600,967,619535947.5,771,F1,50,,,,,
2026-02-18,2026-02-18,FO,NSE,STO,104343,,DIXON,,2026-03-30,2026-03-30,9100.0,CE,DIXON26MAR9100CE,0.0,0.0,0.0,1443.05,0.0,1443.05,11517.6,2484.95,0,0,0,0.0,0,F1,50,,,,,
2026-02-18,2026-02-18,FO,NSE,STO,92461,,DIXON,,2026-02-24,2026-02-24,10200.0,CE,DIXON26FEB10200CE,1415.0,1415.0,1092.1,1340.1,1340.1,1606.65,11517.6,1340.1,21650,-900,67,37938592.5,67,F1,50,,,,,
2026-02-18,2026-02-18,FO,NSE,STO,89505,,DIXON,,2026-02-24,2026-02-24,10500.0,CE,DIXON26FEB10500CE,1142.9,1161.0,797.0,1041.35,1031.0,1176.45,11517.6,1041.35,36300,-8750,433,248388827.5,223,F1,50,,,,,
2026-02-18,2026-02-18,FO,NSE,STO,92477,,DIXON,,2026-02-24,2026-02-24,11200.0,CE,DIXON26FEB11200CE,460.0,460.0,282.75,426.4,418.4,542.75,11517.6,426.4,24750,800,741,427751082.5,600,F1,50,,,,,
2026-02-18,2026-02-18,FO,NSE,STO,92500,,DIXON,,2026-02-24,2026-02-24,12600.0,PE,DIXON26FEB12600PE,0.0,0.0,0.0,1252.85,0.0,1252.85,11517.6,1078.45,0,0,0,0.0,0,F1,50,,,,,
2026-02-18,2026-02-18,FO,NSE,STO,43025,,DIXON,,2026-03-30,2026-03-30,8200.0,PE,DIXON26MAR8200PE,24.45,24.45,23.0,23.0,23.0,28.0,11517.6,1.0,850,600,12,4934525.0,3,F1,50,,,,,
2026-02-18,2026-02-18,FO,NSE,STO,104549,,DIXON,,2026-03-30,2026-03-30,10700.0,PE,DIXON26MAR10700PE,250.0,250.0,250.0,250.0,250.0,261.95,11517.6,217.9,750,50,1,547500.0,1,F1,50,,,,,
2026-02-18,2026-02-18,FO,NSE,STO,89510,,DIXON,,2026-02-24,2026-02-24,11500.0,PE,DIXON26FEB11500PE,202.95,411.0,186.45,213.05,229.05,209.6,11517.6,213.05,63550,450,7831,4612808205.0,6094,F1,50,,,,,
2026-02-18,2026-02-18,FO,NSE,STO,92482,,DIXON,,2026-02-24,2026-02-24,11400.0,PE,DIXON26FEB11400PE,150.0,351.65,147.9,171.1,183.5,166.15,11517.6,171.1,33200,3550,5862,3415750385.0,4838,F1,50,,,,,
2026-02-18,2026-02-18,FO,NSE,STO,92464,,DIXON,,2026-02-24,2026-02-24,10300.0,PE,DIXON26FEB10300PE,19.05,40.9,16.1,17.85,20.95,22.0,11517.6,17.85,21150,-1750,539,278305200.0,380,F1,50,,,,,
2026-02-18,2026-02-18,FO,NSE,STO,105082,,DIXON,,2026-04-28,2026-04-28,13600.0,CE,DIXON26APR13600CE,0.0,0.0,0.0,136.4,0.0,136.4,11517.6,185.55,0,0,0,0.0,0,F1,50,,,,,
2026-02-18,2026-02-18,FO,NSE,STO,104929,,DIXON,,2026-04-28,2026-04-28,8000.0,PE,DIXON26APR8000PE,0.0,0.0,0.0,122.35,0.0,122.35,11517.6,5.85,0,0,0,0.0,0,F1,50,,,,,
2026-02-18,2026-02-18,FO,NSE,STO,104769,,DIXON,,2026-03-30,2026-03-30,12500.0,PE,DIXON26MAR12500PE,1210.0,1340.7,1120.0,1124.15,1134.0,1110.0,11517.6,1124.15,2650,800,20,13710020.0,16,F1,50,,,,,
2026-02-18,2026-02-18,FO,NSE,STO,104767,,DIXON,,2026-03-30,2026-03-30,12300.0,PE,DIXON26MAR12300PE,0.0,0.0,0.0,2167.05,0.0,2167.05,11517.6,1010.4,0,0,0,0.0,0,F1,50,,,,,
2026-02-18,2026-02-18,FO,NSE,STO,104741,,DIXON,,2026-03-30,2026-03-30,11700.0,PE,DIXON26MAR11700PE,631.5,787.5,620.9,775.0,775.0,623.65,11517.6,632.8,3550,1850,50,30938582.5,47,F1,50,,,,,
2026-02-18,2026-02-18,FO,NSE,STO,92769,,DIXON,,2026-03-30,2026-03-30,9200.0,PE,DIXON26MAR9200PE,0.0,0.0,0.0,41.25,41.25,41.25,11517.6,16.0,650,0,0,0.0,0,F1,50,,,,,
2026-02-18,2026-02-18,FO,NSE,STO,92513,,DIXON,,2026-02-24,2026-02-24,12800.0,PE,DIXON26FEB12800PE,0.0,0.0,0.0,1073.7,1073.7,1073.7,11517.6,1273.95,600,0,0,0.0,0,F1,50,,,,,
2026-02-18,2026-02-18,FO,NSE,STO,92476,,DIXON,,2026-02-24,2026-02-24,11100.0,PE,DIXON26FEB11100PE,81.1,197.85,71.7,80.65,86.95,86.05,11517.6,80.65,37700,-4300,3741,2103634455.0,3064,F1,50,,,,,
2026-02-18,2026-02-18,FO,NSE,STO,92462,,DIXON,,2026-02-24,2026-02-24,10200.0,PE,DIXON26FEB10200PE,20.05,35.55,13.9,15.45,17.75,20.05,11517.6,15.45,24650,-4800,543,277533247.5,414,F1,50,,,,,
2026-02-18,2026-02-18,FO,NSE,STO,105070,,DIXON,,2026-04-28,2026-04-28,12800.0,CE,DIXON26APR12800CE,0.0,0.0,0.0,226.5,0.0,226.5,11517.6,343.0,0,0,0,0.0,0,F1,50,,,,,
2026-02-18,2026-02-18,FO,NSE,STO,105062,,DIXON,,2026-04-28,2026-04-28,12400.0,CE,DIXON26APR12400CE,0.0,0.0,0.0,289.15,0.0,289.15,11517.6,456.1,0,0,0,0.0,0,F1,50,,,,,
2026-02-18,2026-02-18,FO,NSE,STO,105025,,DIXON,,2026-04-28,2026-04-28,11800.0,CE,DIXON26APR11800CE,0.0,0.0,0.0,411.8,0.0,411.8,11517.6,678.95,0,0,0,0.0,0,F1,50,,,,,
2026-02-18,2026-02-18,FO,NSE,STO,104993,,DIXON,,2026-04-28,2026-04-28,9400.0,CE,DIXON26APR9400CE,0.0,0.0,0.0,1402.25,0.0,1402.25,11517.6,2291.0,0,0,0,0.0,0,F1,50,,,,,
2026-02-18,2026-02-18,FO,NSE,STO,92827,,DIXON,,2026-03-30,2026-03-30,13400.0,CE,DIXON26MAR13400CE,120.0,120.0,103.55,103.55,103.55,142.2,11517.6,92.6,950,100,2,1351177.5,2,F1,50,,,,,
2026-02-18,2026-02-18,FO,NSE,STO,92798,,DIXON,,2026-03-30,2026-03-30,11400.0,CE,DIXON26MAR11400CE,589.0,688.4,560.0,667.2,667.2,840.0,11517.6,667.2,2050,1750,91,54705255.0,76,F1,50,,,,,
2026-02-18,2026-02-18,FO,NSE,STO,92786,,DIXON,,2026-03-30,2026-03-30,10600.0,CE,DIXON26MAR10600CE,0.0,0.0,0.0,1782.3,0.0,1782.3,11517.6,1172.45,0,0,0,0.0,0,F1,50,,,,,
2026-02-18,2026-02-18,FO,NSE,STO,92784,,DIXON,,2026-03-30,2026-03-30,10400.0,CE,DIXON26MAR10400CE,0.0,0.0,0.0,1600.0,1600.0,1600.0,11517.6,1324.85,50,0,0,0.0,0,F1,50,,,,,
2026-02-18,2026-02-18,FO,NSE,STO,104345,,DIXON,,2026-03-30,2026-03-30,9300.0,CE,DIXON26MAR9300CE,0.0,0.0,0.0,1304.3,0.0,1304.3,11517.6,2293.5,0,0,0,0.0,0,F1,50,,,,,
2026-02-18,2026-02-18,FO,NSE,STO,92762,,DIXON,,2026-03-30,2026-03-30,8800.0,CE,DIXON26MAR8800CE,0.0,0.0,0.0,3184.4,0.0,3184.4,11517.6,2776.45,0,0,0,0.0,0,F1,50,,,,,
2026-02-18,2026-02-18,FO,NSE,STO,89534,,DIXON,,2026-02-24,2026-02-24,14000.0,CE,DIXON26FEB14000CE,5.1,5.1,2.6,3.05,2.8,4.85,11517.6,3.05,70800,-5400,914,639952385.0,741,F1,50,,,,,
2026-02-18,2026-02-18,FO,NSE,STO,92471,,DIXON,,2026-02-24,2026-02-24,10800.0,CE,DIXON26FEB10800CE,850.0,880.5,569.55,764.75,761.45,861.5,11517.6,764.75,11050,-250,44,25327857.5,37,F1,50,,,,,
2026-02-18,2026-02-18,FO,NSE,STO,92451,,DIXON,,2026-02-24,2026-02-24,9600.0,CE,DIXON26FEB9600CE,0.0,0.0,0.0,1580.7,1580.7,1580.7,11517.6,1926.3,100,0,0,0.0,0,F1,50,,,,,
2026-02-18,2026-02-18,FO,NSE,STO,105012,,DIXON,,2026-04-28,2026-04-28,11200.0,PE,DIXON26APR11200PE,0.0,0.0,0.0,1420.45,0.0,1420.45,11517.6,540.45,0,0,0,0.0,0,F1,50,,,,,
2026-02-18,2026-02-18,FO,NSE,STO,105024,,DIXON,,2026-04-28,2026-04-28,11600.0,PE,DIXON26APR11600PE,0.0,0.0,0.0,1699.4,0.0,1699.4,11517.6,731.35,0,0,0,0.0,0,F1,50,,,,,
2026-02-18,2026-02-18,FO,NSE,STO,104988,,DIXON,,2026-04-28,2026-04-28,8800.0,PE,DIXON26APR8800PE,0.0,0.0,0.0,285.05,0.0,285.05,11517.6,29.35,0,0,0,0.0,0,F1,50,,,,,
2026-02-18,2026-02-18,FO,NSE,STO,104941,,DIXON,,2026-04-28,2026-04-28,8400.0,PE,DIXON26APR8400PE,0.0,0.0,0.0,191.65,0.0,191.65,11517.6,13.85,0,0,0,0.0,0,F1,50,,,,,
2026-02-18,2026-02-18,FO,NSE,STO,104766,,DIXON,,2026-03-30,2026-03-30,12300.0,CE,DIXON26MAR12300CE,367.2,367.2,261.65,301.15,295.0,378.4,11517.6,301.15,2100,1500,53,33378830.0,47,F1,50,,,,,
2026-02-18,2026-02-18,FO,NSE,STO,92785,,DIXON,,2026-03-30,2026-03-30,10400.0,PE,DIXON26MAR10400PE,165.0,165.0,165.0,165.0,165.0,165.0,11517.6,144.75,500,50,1,528250.0,1,F1,50,,,,,
2026-02-18,2026-02-18,FO,NSE,STO,104348,,DIXON,,2026-03-30,2026-03-30,9500.0,PE,DIXON26MAR9500PE,80.0,92.4,60.0,60.5,61.0,60.85,11517.6,60.5,6900,1300,126,60353067.5,88,F1,50,,,,,
2026-02-18,2026-02-18,FO,NSE,STO,92608,,DIXON,,2026-02-24,2026-02-24,13100.0,PE,DIXON26FEB13100PE,0.0,0.0,0.0,1601.55,0.0,1601.55,11517.6,1571.3,0,0,0,0.0,0,F1,50,,,,,
2026-02-18,2026-02-18,FO,NSE,STO,92610,,DIXON,,2026-02-24,2026-02-24,13200.0,PE,DIXON26FEB13200PE,0.0,0.0,0.0,2700.0,2700.0,2700.0,11517.6,1670.9,750,0,0,0.0,0,F1,50,,,,,
2026-02-18,2026-02-18,FO,NSE,STO,92759,,DIXON,,2026-03-30,2026-03-30,8400.0,PE,DIXON26MAR8400PE,0.0,0.0,0.0,80.0,80.0,80.0,11517.6,1.9,50,0,0,0.0,0,F1,50,,,,,
2026-02-18,2026-02-18,FO,NSE,STO,92483,,DIXON,,2026-02-24,2026-02-24,11600.0,CE,DIXON26FEB11600CE,300.05,303.4,126.45,194.25,185.0,289.25,11517.6,194.25,71000,22850,7452,4389408287.5,6016,F1,50,,,,,
2026-02-18,2026-02-18,FO,NSE,STO,105014,,DIXON,,2026-04-28,2026-04-28,11400.0,PE,DIXON26APR11400PE,0.0,0.0,0.0,1557.25,0.0,1557.25,11517.6,631.7,0,0,0,0.0,0,F1,50,,,,,
2026-02-18,2026-02-18,FO,NSE,STO,92835,,DIXON,,2026-03-30,2026-03-30,13800.0,PE,DIXON26MAR13800PE,2300.0,2300.0,2300.0,2300.0,2300.0,2180.0,11517.6,2256.55,650,100,2,1610000.0,2,F1,50,,,,,
2026-02-18,2026-02-18,FO,NSE,STO,92806,,DIXON,,2026-03-30,2026-03-30,12000.0,CE,DIXON26MAR12000CE,501.0,501.0,327.25,404.5,400.5,492.85,11517.6,404.5,107200,17600,1627,1007781885.0,1284,F1,50,,,,,
2026-02-18,2026-02-18,FO,NSE,STO,89554,,DIXON,,2026-02-24,2026-02-24,17000.0,CE,DIXON26FEB17000CE,1.1,1.5,0.75,0.75,0.75,1.0,11517.6,0.05,15400,-1600,45,38252490.0,13,F1,50,,,,,
2026-02-18,2026-02-18,FO,NSE,STO,92803,,DIXON,,2026-03-30,2026-03-30,11600.0,PE,DIXON26MAR11600PE,575.0,691.05,540.6,567.7,575.0,572.0,11517.6,567.7,5500,1900,77,47010535.0,69,F1,50,,,,,
2026-02-18,2026-02-18,FO,NSE,STO,92831,,DIXON,,2026-03-30,2026-03-30,13600.0,PE,DIXON26MAR13600PE,1985.0,2250.0,1985.0,2080.0,2080.0,1982.75,11517.6,2073.6,2950,1400,28,21929607.5,28,F1,50,,,,,
2026-02-18,2026-02-18,FO,NSE,STO,92469,,DIXON,,2026-02-24,2026-02-24,10700.0,CE,DIXON26FEB10700CE,820.05,864.0,651.75,864.0,864.0,960.0,11517.6,864.0,27500,50,21,12037052.5,20,F1,50,,,,,
2026-02-18,2026-02-18,FO,NSE,STO,92447,,DIXON,,2026-02-24,2026-02-24,9300.0,CE,DIXON26FEB9300CE,0.0,0.0,0.0,2620.75,0.0,2620.75,11517.6,2226.0,0,0,0,0.0,0,F1,50,,,,,
2026-02-18,2026-02-18,FO,NSE,STO,92397,,DIXON,,2026-02-24,2026-02-24,8600.0,CE,DIXON26FEB8600CE,0.0,0.0,0.0,3269.1,0.0,3269.1,11517.6,2925.35,0,0,0,0.0,0,F1,50,,,,,
2026-02-18,2026-02-18,FO,NSE,STO,92331,,DIXON,,2026-02-24,2026-02-24,8200.0,CE,DIXON26FEB8200CE,0.0,0.0,0.0,2214.4,2214.4,2214.4,11517.6,3325.0,100,0,0,0.0,0,F1,50,,,,,
2026-02-18,2026-02-18,FO,NSE,STO,92478,,DIXON,,2026-02-24,2026-02-24,11200.0,PE,DIXON26FEB11200PE,115.95,243.45,88.95,101.9,112.0,106.25,11517.6,101.9,40850,-22250,7293,4147338665.0,5566,F1,50,,,,,
2026-02-18,2026-02-18,FO,NSE,STO,92466,,DIXON,,2026-02-24,2026-02-24,10400.0,PE,DIXON26FEB10400PE,26.85,49.05,19.0,20.3,23.0,25.35,11517.6,20.3,25350,-2900,398,207601102.5,313,F1,50,,,,,
2026-02-18,2026-02-18,FO,NSE,STO,89500,,DIXON,,2026-02-24,2026-02-24,9000.0,PE,DIXON26FEB9000PE,4.55,7.5,4.1,4.75,5.0,6.8,11517.6,4.75,92100,-3650,185,83304410.0,115,F1,50,,,,,
2026-02-18,2026-02-18,FO,NSE,STO,92816,,DIXON,,2026-03-30,2026-03-30,12600.0,CE,DIXON26MAR12600CE,0.0,0.0,0.0,321.5,321.5,321.5,11517.6,223.8,50,0,0,0.0,0,F1,50,,,,,
2026-02-18,2026-02-18,FO,NSE,STO,105005,,DIXON,,2026-04-28,2026-04-28,10600.0,CE,DIXON26APR10600CE,0.0,0.0,0.0,791.45,0.0,791.45,11517.6,1344.8,0,0,0,0.0,0,F1,50,,,,,
2026-02-18,2026-02-18,FO,NSE,STO,104512,,DIXON,,2026-03-30,2026-03-30,10300.0,CE,DIXON26MAR10300CE,0.0,0.0,0.0,740.75,0.0,740.75,11517.6,1404.4,0,0,0,0.0,0,F1,50,,,,,
2026-02-18,2026-02-18,FO,NSE,STO,92499,,DIXON,,2026-02-24,2026-02-24,12600.0,CE,DIXON26FEB12600CE,40.05,40.05,15.0,18.65,18.0,38.15,11517.6,18.65,18150,-2600,679,428406090.0,565,F1,50,,,,,
2026-02-18,2026-02-18,FO,NSE,STO,92514,,DIXON,,2026-02-24,2026-02-24,12900.0,CE,DIXON26FEB12900CE,22.0,22.0,9.7,11.7,12.0,22.4,11517.6,11.7,8750,-2300,370,238873052.5,280,F1,50,,,,,
2026-02-18,2026-02-18,FO,NSE,STO,105075,,DIXON,,2026-04-28,2026-04-28,13000.0,PE,DIXON26APR13000PE,0.0,0.0,0.0,2816.9,0.0,2816.9,11517.6,1643.7,0,0,0,0.0,0,F1,50,,,,,
2026-02-18,2026-02-18,FO,NSE,STO,105000,,DIXON,,2026-04-28,2026-04-28,10000.0,PE,DIXON26APR10000PE,0.0,0.0,0.0,187.0,187.0,187.0,11517.6,166.7,500,0,0,0.0,0,F1,50,,,,,
2026-02-18,2026-02-18,FO,NSE,STO,104992,,DIXON,,2026-04-28,2026-04-28,9200.0,PE,DIXON26APR9200PE,0.0,0.0,0.0,404.0,0.0,404.0,11517.6,56.6,0,0,0,0.0,0,F1,50,,,,,
2026-02-18,2026-02-18,FO,NSE,STO,104775,,DIXON,,2026-03-30,2026-03-30,13100.0,PE,DIXON26MAR13100PE,0.0,0.0,0.0,2872.1,0.0,2872.1,11517.6,1634.4,0,0,0,0.0,0,F1,50,,,,,
2026-02-18,2026-02-18,FO,NSE,STO,104609,,DIXON,,2026-03-30,2026-03-30,11100.0,PE,DIXON26MAR11100PE,465.0,465.0,369.0,369.0,369.0,350.0,11517.6,350.95,800,650,28,16138645.0,12,F1,50,,,,,
2026-02-18,2026-02-18,FO,NSE,STO,92791,,DIXON,,2026-03-30,2026-03-30,11000.0,PE,DIXON26MAR11000PE,317.85,443.55,309.0,324.2,332.0,317.85,11517.6,324.2,26950,-4600,1257,714004587.5,736,F1,50,,,,,
2026-02-18,2026-02-18,FO,NSE,STO,92787,,DIXON,,2026-03-30,2026-03-30,10600.0,PE,DIXON26MAR10600PE,0.0,0.0,0.0,192.5,192.5,192.5,11517.6,191.15,150,0,0,0.0,0,F1,50,,,,,
2026-02-18,2026-02-18,FO,NSE,STO,92778,,DIXON,,2026-03-30,2026-03-30,10000.0,PE,DIXON26MAR10000PE,110.0,162.45,105.0,110.45,113.55,110.2,11517.6,110.45,18850,4550,582,294950382.5,411,F1,50,,,,,
2026-02-18,2026-02-18,FO,NSE,STO,104344,,DIXON,,2026-03-30,2026-03-30,9100.0,PE,DIXON26MAR9100PE,0.0,0.0,0.0,35.55,35.55,35.55,11517.6,12.7,50,0,0,0.0,0,F1,50,,,,,
2026-02-18,2026-02-18,FO,NSE,STO,92761,,DIXON,,2026-03-30,2026-03-30,8600.0,PE,DIXON26MAR8600PE,0.0,0.0,0.0,60.0,60.0,60.0,11517.6,3.45,100,0,0,0.0,0,F1,50,,,,,
2026-02-18,2026-02-18,FO,NSE,STO,92502,,DIXON,,2026-02-24,2026-02-24,12700.0,PE,DIXON26FEB12700PE,0.0,0.0,0.0,1204.95,1204.95,1204.95,11517.6,1175.8,50,0,0,0.0,0,F1,50,,,,,
2026-02-18,2026-02-18,FO,NSE,STO,92452,,DIXON,,2026-02-24,2026-02-24,9600.0,PE,DIXON26FEB9600PE,8.05,13.25,6.0,7.0,7.0,10.05,11517.6,7.0,6200,-50,44,21140722.5,36,F1,50,,,,,
2026-02-18,2026-02-18,FO,NSE,STO,89499,,DIXON,,2026-02-24,2026-02-24,9000.0,CE,DIXON26FEB9000CE,0.0,0.0,0.0,2782.0,2782.0,2782.0,11517.6,2525.75,400,0,0,0.0,0,F1,50,,,,,
2026-02-18,2026-02-18,FO,NSE,STO,92463,,DIXON,,2026-02-24,2026-02-24,10300.0,CE,DIXON26FEB10300CE,1254.5,1255.0,1038.6,1255.0,1255.0,1425.0,11517.6,1255.0,19000,-300,20,11464385.0,19,F1,50,,,,,
2026-02-18,2026-02-18,FO,NSE,STO,92479,,DIXON,,2026-02-24,2026-02-24,11300.0,CE,DIXON26FEB11300CE,466.2,466.2,231.25,361.0,357.4,467.9,11517.6,361.0,22850,4200,3294,1908361640.0,2660,F1,50,,,,,
2026-02-18,2026-02-18,FO,NSE,STO,92489,,DIXON,,2026-02-24,2026-02-24,11900.0,CE,DIXON26FEB11900CE,167.15,167.15,63.9,93.85,88.75,166.55,11517.6,93.85,65450,30100,4202,2518851287.5,3271,F1,50,,,,,
2026-02-18,2026-02-18,FO,NSE,STO,92332,,DIXON,,2026-02-24,2026-02-24,8200.0,PE,DIXON26FEB8200PE,2.95,4.0,2.0,2.25,2.0,4.0,11517.6,2.25,25050,450,60,24608325.0,47,F1,50,,,,,
2026-02-18,2026-02-18,FO,NSE,STO,105013,,DIXON,,2026-04-28,2026-04-28,11400.0,CE,DIXON26APR11400CE,0.0,0.0,0.0,515.85,0.0,515.85,11517.6,867.2,0,0,0,0.0,0,F1,50,,,,,
2026-02-18,2026-02-18,FO,NSE,STO,92633,,DIXON,,2026-02-24,2026-02-24,13800.0,PE,DIXON26FEB13800PE,0.0,0.0,0.0,2090.0,2090.0,2090.0,11517.6,2269.95,0,0,0,0.0,0,F1,50,,,,,
2026-02-18,2026-02-18,FO,NSE,STO,92498,,DIXON,,2026-02-24,2026-02-24,12400.0,PE,DIXON26FEB12400PE,0.0,0.0,0.0,830.45,830.45,830.45,11517.6,887.7,1600,0,0,0.0,0,F1,50,,,,,
2026-02-18,2026-02-18,FO,NSE,STO,92474,,DIXON,,2026-02-24,2026-02-24,10900.0,PE,DIXON26FEB10900PE,59.95,131.0,44.5,49.7,54.95,55.7,11517.6,49.7,31050,9200,3155,1733870787.5,2798,F1,50,,,,,
2026-02-18,2026-02-18,FO,NSE,STO,92460,,DIXON,,2026-02-24,2026-02-24,10100.0,PE,DIXON26FEB10100PE,25.0,28.8,13.0,13.05,13.0,18.25,11517.6,13.05,29100,-500,105,53138022.5,85,F1,50,,,,,
2026-02-18,2026-02-18,FO,NSE,STO,92458,,DIXON,,2026-02-24,2026-02-24,9900.0,PE,DIXON26FEB9900PE,10.9,22.0,9.6,9.6,9.6,13.6,11517.6,9.6,6100,-1950,248,122941942.5,204,F1,50,,,,,
2026-02-18,2026-02-18,FO,NSE,STO,92454,,DIXON,,2026-02-24,2026-02-24,9700.0,PE,DIXON26FEB9700PE,10.0,17.45,6.9,7.95,7.75,12.8,11517.6,7.95,6800,800,64,31078740.0,39,F1,50,,,,,
2026-02-18,2026-02-18,FO,NSE,STO,92444,,DIXON,,2026-02-24,2026-02-24,9100.0,PE,DIXON26FEB9100PE,6.6,6.6,6.6,6.6,6.6,6.6,11517.6,0.05,2700,0,1,455330.0,1,F1,50,,,,,
2026-02-18,2026-02-18,FO,NSE,STO,105050,,DIXON,,2026-04-28,2026-04-28,12200.0,CE,DIXON26APR12200CE,0.0,0.0,0.0,326.25,0.0,326.25,11517.6,522.9,0,0,0,0.0,0,F1,50,,,,,
2026-02-18,2026-02-18,FO,NSE,STO,105048,,DIXON,,2026-04-28,2026-04-28,12000.0,CE,DIXON26APR12000CE,0.0,0.0,0.0,366.85,0.0,366.85,11517.6,597.05,0,0,0,0.0,0,F1,50,,,,,
2026-02-18,2026-02-18,FO,NSE,STO,105001,,DIXON,,2026-04-28,2026-04-28,10200.0,CE,DIXON26APR10200CE,0.0,0.0,0.0,967.1,0.0,967.1,11517.6,1632.7,0,0,0,0.0,0,F1,50,,,,,
2026-02-18,2026-02-18,FO,NSE,STO,104989,,DIXON,,2026-04-28,2026-04-28,9000.0,CE,DIXON26APR9000CE,0.0,0.0,0.0,1663.1,0.0,1663.1,11517.6,2651.9,0,0,0,0.0,0,F1,50,,,,,
2026-02-18,2026-02-18,FO,NSE,STO,104774,,DIXON,,2026-03-30,2026-03-30,13100.0,CE,DIXON26MAR13100CE,129.5,129.9,120.0,126.1,126.1,211.5,11517.6,130.75,600,200,11,7272602.5,5,F1,50,,,,,
2026-02-18,2026-02-18,FO,NSE,STO,92449,,DIXON,,2026-02-24,2026-02-24,9400.0,CE,DIXON26FEB9400CE,0.0,0.0,0.0,2531.7,0.0,2531.7,11517.6,2126.1,0,0,0,0.0,0,F1,50,,,,,
2026-02-18,2026-02-18,FO,NSE,STF,59306,,DIXON,,2026-02-24,2026-02-24,,,DIXON26FEBFUT,11660.0,11697.0,11244.0,11533.0,11499.0,11620.0,11517.6,11533.0,1998900,-190000,14698,8404428300.0,11259,F1,50,,,,,
2026-02-18,2026-02-18,FO,NSE,STO,43024,,DIXON,,2026-03-30,2026-03-30,8200.0,CE,DIXON26MAR8200CE,0.0,0.0,0.0,3671.0,0.0,3671.0,11517.6,3367.85,0,0,0,0.0,0,F1,50,,,,,
2026-02-18,2026-02-18,FO,NSE,STO,104347,,DIXON,,2026-03-30,2026-03-30,9500.0,CE,DIXON26MAR9500CE,0.0,0.0,0.0,1174.45,0.0,1174.45,11517.6,2105.3,0,0,0,0.0,0,F1,50,,,,,
2026-02-18,2026-02-18,FO,NSE,STO,92779,,DIXON,,2026-03-30,2026-03-30,10200.0,CE,DIXON26MAR10200CE,0.0,0.0,0.0,2057.1,0.0,2057.1,11517.6,1486.1,0,0,0,0.0,0,F1,50,,,,,
2026-02-18,2026-02-18,FO,NSE,STO,92820,,DIXON,,2026-03-30,2026-03-30,12800.0,CE,DIXON26MAR12800CE,0.0,0.0,0.0,235.0,235.0,235.0,11517.6,181.5,300,0,0,0.0,0,F1,50,,,,,
2026-02-18,2026-02-18,FO,NSE,STO,105079,,DIXON,,2026-04-28,2026-04-28,13200.0,PE,DIXON26APR13200PE,0.0,0.0,0.0,2990.15,0.0,2990.15,11517.6,1799.95,0,0,0,0.0,0,F1,50,,,,,
2026-02-18,2026-02-18,FO,NSE,STO,105004,,DIXON,,2026-04-28,2026-04-28,10400.0,PE,DIXON26APR10400PE,0.0,0.0,0.0,932.65,0.0,932.65,11517.6,259.7,0,0,0,0.0,0,F1,50,,,,,
2026-02-18,2026-02-18,FO,NSE,STO,104510,,DIXON,,2026-03-30,2026-03-30,10100.0,PE,DIXON26MAR10100PE,0.0,0.0,0.0,131.0,131.0,131.0,11517.6,91.4,450,0,0,0.0,0,F1,50,,,,,
2026-02-18,2026-02-18,FO,NSE,STO,104494,,DIXON,,2026-03-30,2026-03-30,9900.0,PE,DIXON26MAR9900PE,0.0,0.0,0.0,497.5,498.15,497.5,11517.6,65.25,200,0,0,0.0,0,F1,50,,,,,
2026-02-18,2026-02-18,FO,NSE,STO,92417,,DIXON,,2026-02-24,2026-02-24,8800.0,CE,DIXON26FEB8800CE,0.0,0.0,0.0,3080.05,0.0,3080.05,11517.6,2725.55,0,0,0,0.0,0,F1,50,,,,,
2026-02-18,2026-02-18,FO,NSE,STO,89501,,DIXON,,2026-02-24,2026-02-24,9500.0,CE,DIXON26FEB9500CE,0.0,0.0,0.0,2121.0,2121.0,2121.0,11517.6,2026.2,3500,0,0,0.0,0,F1,50,,,,,
2026-02-18,2026-02-18,FO,NSE,STO,92457,,DIXON,,2026-02-24,2026-02-24,9900.0,CE,DIXON26FEB9900CE,0.0,0.0,0.0,1821.35,1821.35,1821.35,11517.6,1626.65,5350,0,0,0.0,0,F1,50,,,,,
2026-02-18,2026-02-18,FO,NSE,STO,92465,,DIXON,,2026-02-24,2026-02-24,10400.0,CE,DIXON26FEB10400CE,1231.7,1232.55,898.65,1096.15,1096.15,1231.95,11517.6,1130.1,16100,-400,45,25765215.0,44,F1,50,,,,,
2026-02-18,2026-02-18,FO,NSE,STO,92493,,DIXON,,2026-02-24,2026-02-24,12200.0,CE,DIXON26FEB12200CE,90.05,90.05,33.35,45.8,44.15,89.2,11517.6,45.8,61700,3200,3732,2284863477.5,2418,F1,50,,,,,
2026-02-18,2026-02-18,FO,NSE,STO,92615,,DIXON,,2026-02-24,2026-02-24,13600.0,CE,DIXON26FEB13600CE,5.55,8.5,3.6,4.45,4.45,8.3,11517.6,4.45,4100,-300,93,63263177.5,62,F1,50,,,,,
2026-02-18,2026-02-18,FO,NSE,STO,92641,,DIXON,,2026-02-24,2026-02-24,14200.0,CE,DIXON26FEB14200CE,2.55,3.45,2.4,2.7,2.9,4.7,11517.6,2.7,4550,-550,87,61782620.0,73,F1,50,,,,,
2026-02-18,2026-02-18,FO,NSE,STO,104488,,DIXON,,2026-03-30,2026-03-30,9700.0,CE,DIXON26MAR9700CE,0.0,0.0,0.0,1053.15,0.0,1053.15,11517.6,1921.25,0,0,0,0.0,0,F1,50,,,,,
2026-02-18,2026-02-18,FO,NSE,STO,100911,,HUDCO,,2026-02-24,2026-02-24,245.0,CE,HUDCO26FEB245CE,0.09,0.09,0.06,0.06,0.06,0.08,197.05,0.01,83250,-2775,11,7480900.5,11,F1,2775,,,,,
2026-02-18,2026-02-18,FO,NSE,STO,108382,,HUDCO,,2026-03-30,2026-03-30,195.0,CE,HUDCO26MAR195CE,11.24,12.1,9.59,10.72,10.48,9.85,197.05,10.72,363525,24975,138,78730884.75,117,F1,2775,,,,,
2026-02-18,2026-02-18,FO,NSE,STO,119799,,HUDCO,,2026-03-30,2026-03-30,202.5,CE,HUDCO26MAR202.5CE,0.0,0.0,0.0,3.27,3.27,3.27,197.05,8.87,2775,0,0,0.0,0,F1,2775,,,,,
2026-02-18,2026-02-18,FO,NSE,STO,108011,,HUDCO,,2026-02-24,2026-02-24,172.5,CE,HUDCO26FEB172.5CE,0.0,0.0,0.0,17.45,17.45,17.45,197.05,24.72,24975,0,0,0.0,0,F1,2775,,,,,
2026-02-18,2026-02-18,FO,NSE,STO,100824,,HUDCO,,2026-02-24,2026-02-24,195.0,CE,HUDCO26FEB195CE,3.99,5.82,3.24,4.62,4.3,3.79,197.05,4.62,3923850,-158175,1695,937817049.75,1464,F1,2775,,,,,
2026-02-18,2026-02-18,FO,NSE,STO,108042,,HUDCO,,2026-02-24,2026-02-24,232.5,CE,HUDCO26FEB232.5CE,0.12,0.12,0.1,0.1,0.1,0.28,197.05,0.01,19425,-5550,2,1290985.5,2,F1,2775,,,,,
2026-02-18,2026-02-18,FO,NSE,STO,100840,,HUDCO,,2026-02-24,2026-02-24,230.0,CE,HUDCO26FEB230CE,0.2,0.23,0.11,0.12,0.14,0.16,197.05,0.12,2439225,235875,369,235645396.5,178,F1,2775,,,,,
2026-02-18,2026-02-18,FO,NSE,STO,100938,,HUDCO,,2026-02-24,2026-02-24,260.0,CE,HUDCO26FEB260CE,0.02,0.02,0.02,0.02,0.02,0.02,197.05,0.01,382950,-11100,4,2886222.0,3,F1,2775,,,,,
2026-02-18,2026-02-18,FO,NSE,STO,119806,,HUDCO,,2026-03-30,2026-03-30,217.5,PE,HUDCO26MAR217.5PE,0.0,0.0,0.0,24.12,24.25,24.12,197.05,23.32,11100,0,0,0.0,0,F1,2775,,,,,
2026-02-18,2026-02-18,FO,NSE,STO,108387,,HUDCO,,2026-03-30,2026-03-30,205.0,PE,HUDCO26MAR205PE,13.9,14.0,12.44,12.44,12.44,11.84,197.05,12.44,19425,19425,9,5458341.75,6,F1,2775,,,,,
2026-02-18,2026-02-18,FO,NSE,STO,119800,,HUDCO,,2026-03-30,2026-03-30,202.5,PE,HUDCO26MAR202.5PE,0.0,0.0,0.0,17.31,0.0,17.31,197.05,13.1,0,0,0,0.0,0,F1,2775,,,,,
2026-02-18,2026-02-18,FO,NSE,STO,119792,,HUDCO,,2026-03-30,2026-03-30,182.5,PE,HUDCO26MAR182.5PE,0.0,0.0,0.0,4.5,4.5,4.5,197.05,4.32,2775,0,0,0.0,0,F1,2775,,,,,
2026-02-18,2026-02-18,FO,NSE,STO,119781,,HUDCO,,2026-03-30,2026-03-30,162.5,PE,HUDCO26MAR162.5PE,0.0,0.0,0.0,2.89,0.0,2.89,197.05,0.79,0,0,0,0.0,0,F1,2775,,,,,
2026-02-18,2026-02-18,FO,NSE,STO,100835,,HUDCO,,2026-02-24,2026-02-24,220.0,PE,HUDCO26FEB220PE,23.2,25.5,22.24,22.24,22.24,25.06,197.05,22.24,441225,-135975,64,43450117.5,29,F1,2775,,,,,
2026-02-18,2026-02-18,FO,NSE,STO,119961,,HUDCO,,2026-04-28,2026-04-28,195.0,CE,HUDCO26APR195CE,0.0,0.0,0.0,22.37,0.0,22.37,197.05,16.08,0,0,0,0.0,0,F1,2775,,,,,
2026-02-18,2026-02-18,FO,NSE,STO,119795,,HUDCO,,2026-03-30,2026-03-30,192.5,CE,HUDCO26MAR192.5CE,0.0,0.0,0.0,19.88,0.0,19.88,197.05,13.68,0,0,0,0.0,0,F1,2775,,,,,
2026-02-18,2026-02-18,FO,NSE,STO,108111,,HUDCO,,2026-03-30,2026-03-30,160.0,CE,HUDCO26MAR160CE,0.0,0.0,0.0,68.02,0.0,68.02,197.05,38.62,0,0,0,0.0,0,F1,2775,,,,,
2026-02-18,2026-02-18,FO,NSE,STO,108390,,HUDCO,,2026-03-30,2026-03-30,215.0,CE,HUDCO26MAR215CE,3.5,3.5,3.15,3.31,3.31,4.0,197.05,3.31,36075,33300,14,8477125.5,4,F1,2775,,,,,
2026-02-18,2026-02-18,FO,NSE,STO,108374,,HUDCO,,2026-03-30,2026-03-30,175.0,CE,HUDCO26MAR175CE,0.0,0.0,0.0,55.25,0.0,55.25,197.05,25.58,0,0,0,0.0,0,F1,2775,,,,,
2026-02-18,2026-02-18,FO,NSE,STF,51904,,HUDCO,,2026-03-30,2026-03-30,,,HUDCO26MARFUT,196.68,199.66,195.6,198.8,197.77,195.01,197.05,198.8,8591400,1828725,1477,810179343.0,1190,F1,2775,,,,,
2026-02-18,2026-02-18,FO,NSE,STO,100826,,HUDCO,,2026-02-24,2026-02-24,200.0,CE,HUDCO26FEB200CE,2.37,3.41,1.67,2.37,2.2,2.11,197.05,2.37,8488725,-394050,5662,3182486300.25,4592,F1,2775,,,,,
2026-02-18,2026-02-18,FO,NSE,STO,100834,,HUDCO,,2026-02-24,2026-02-24,220.0,CE,HUDCO26FEB220CE,0.27,0.43,0.21,0.23,0.22,0.27,197.05,0.23,3135750,13875,313,191311552.5,252,F1,2775,,,,,
2026-02-18,2026-02-18,FO,NSE,STO,108012,,HUDCO,,2026-02-24,2026-02-24,172.5,PE,HUDCO26FEB172.5PE,0.0,0.0,0.0,0.27,0.26,0.27,197.05,0.02,74925,0,0,0.0,0,F1,2775,,,,,
2026-02-18,2026-02-18,FO,NSE,STO,120107,,HUDCO,,2026-04-28,2026-04-28,220.0,PE,HUDCO26APR220PE,24.75,26.0,24.75,26.0,26.0,30.92,197.05,27.4,5550,5550,2,1361831.25,2,F1,2775,,,,,
2026-02-18,2026-02-18,FO,NSE,STO,108393,,HUDCO,,2026-03-30,2026-03-30,220.0,PE,HUDCO26MAR220PE,23.5,25.8,23.5,25.2,25.2,26.56,197.05,25.27,210900,133200,49,33339710.25,19,F1,2775,,,,,
2026-02-18,2026-02-18,FO,NSE,STO,119796,,HUDCO,,2026-03-30,2026-03-30,192.5,PE,HUDCO26MAR192.5PE,0.0,0.0,0.0,12.23,0.0,12.23,197.05,7.97,0,0,0,0.0,0,F1,2775,,,,,
2026-02-18,2026-02-18,FO,NSE,STO,108379,,HUDCO,,2026-03-30,2026-03-30,185.0,PE,HUDCO26MAR185PE,4.4,4.4,4.22,4.22,4.22,3.3,197.05,5.09,13875,8325,3,1576255.5,2,F1,2775,,,,,
2026-02-18,2026-02-18,FO,NSE,STO,119784,,HUDCO,,2026-03-30,2026-03-30,167.5,PE,HUDCO26MAR167.5PE,0.0,0.0,0.0,3.87,0.0,3.87,197.05,1.3,0,0,0,0.0,0,F1,2775,,,,,
2026-02-18,2026-02-18,FO,NSE,STO,100922,,HUDCO,,2026-02-24,2026-02-24,250.0,PE,HUDCO26FEB250PE,0.0,0.0,0.0,51.0,51.0,51.0,197.05,52.72,102675,0,0,0.0,0,F1,2775,,,,,
2026-02-18,2026-02-18,FO,NSE,STO,108043,,HUDCO,,2026-02-24,2026-02-24,232.5,PE,HUDCO26FEB232.5PE,0.0,0.0,0.0,37.9,37.9,37.9,197.05,35.24,5550,0,0,0.0,0,F1,2775,,,,,
2026-02-18,2026-02-18,FO,NSE,STO,100833,,HUDCO,,2026-02-24,2026-02-24,215.0,PE,HUDCO26FEB215PE,18.0,19.85,17.12,17.64,17.74,20.38,197.05,17.64,380175,5550,33,21354540.75,32,F1,2775,,,,,
2026-02-18,2026-02-18,FO,NSE,STO,100823,,HUDCO,,2026-02-24,2026-02-24,190.0,PE,HUDCO26FEB190PE,1.3,1.66,0.74,0.85,0.95,2.04,197.05,0.85,2561325,135975,842,446574450.75,645,F1,2775,,,,,
2026-02-18,2026-02-18,FO,NSE,STO,119949,,HUDCO,,2026-04-28,2026-04-28,175.0,CE,HUDCO26APR175CE,0.0,0.0,0.0,33.92,0.0,33.92,197.05,28.44,0,0,0,0.0,0,F1,2775,,,,,
2026-02-18,2026-02-18,FO,NSE,STO,108373,,HUDCO,,2026-03-30,2026-03-30,170.0,PE,HUDCO26MAR170PE,1.3,1.54,1.12,1.17,1.17,1.85,197.05,1.17,144300,52725,55,26149990.5,53,F1,2775,,,,,
2026-02-18,2026-02-18,FO,NSE,STO,108389,,HUDCO,,2026-03-30,2026-03-30,210.0,PE,HUDCO26MAR210PE,16.2,17.65,15.87,17.4,17.4,18.06,197.05,17.87,63825,16650,14,8809986.75,12,F1,2775,,,,,
2026-02-18,2026-02-18,FO,NSE,STO,108035,,HUDCO,,2026-02-24,2026-02-24,212.5,PE,HUDCO26FEB212.5PE,0.0,0.0,0.0,14.81,14.81,14.81,197.05,15.65,36075,0,0,0.0,0,F1,2775,,,,,
2026-02-18,2026-02-18,FO,NSE,STO,119953,,HUDCO,,2026-04-28,2026-04-28,180.0,CE,HUDCO26APR180CE,0.0,0.0,0.0,30.71,0.0,30.71,197.05,24.93,0,0,0,0.0,0,F1,2775,,,,,
2026-02-18,2026-02-18,FO,NSE,STO,120110,,HUDCO,,2026-04-28,2026-04-28,225.0,CE,HUDCO26APR225CE,0.0,0.0,0.0,10.96,0.0,10.96,197.05,5.54,0,0,0,0.0,0,F1,2775,,,,,
2026-02-18,2026-02-18,FO,NSE,STO,108391,,HUDCO,,2026-03-30,2026-03-30,215.0,PE,HUDCO26MAR215PE,19.65,21.2,19.5,19.5,19.5,21.7,197.05,19.5,94350,27750,10,6535097.25,10,F1,2775,,,,,
2026-02-18,2026-02-18,FO,NSE,STO,119944,,HUDCO,,2026-04-28,2026-04-28,165.0,PE,HUDCO26APR165PE,0.0,0.0,0.0,5.27,0.0,5.27,197.05,2.45,0,0,0,0.0,0,F1,2775,,,,,
2026-02-18,2026-02-18,FO,NSE,STO,119948,,HUDCO,,2026-04-28,2026-04-28,170.0,PE,HUDCO26APR170PE,0.0,0.0,0.0,6.59,0.0,6.59,197.05,3.39,0,0,0,0.0,0,F1,2775,,,,,
2026-02-18,2026-02-18,FO,NSE,STO,108027,,HUDCO,,2026-02-24,2026-02-24,192.5,PE,HUDCO26FEB192.5PE,1.68,2.44,1.18,1.37,1.54,3.1,197.05,1.37,765900,-80475,583,314185139.25,567,F1,2775,,,,,
2026-02-18,2026-02-18,FO,NSE,STO,108254,,HUDCO,,2026-03-30,2026-03-30,170.0,CE,HUDCO26MAR170CE,0.0,0.0,0.0,59.38,0.0,59.38,197.05,29.7,0,0,0,0.0,0,F1,2775,,,,,
2026-02-18,2026-02-18,FO,NSE,STO,100909,,HUDCO,,2026-02-24,2026-02-24,240.0,CE,HUDCO26FEB240CE,0.1,0.1,0.06,0.07,0.08,0.09,197.05,0.07,1043400,-47175,50,33310517.25,37,F1,2775,,,,,
2026-02-18,2026-02-18,FO,NSE,STO,108385,,HUDCO,,2026-03-30,2026-03-30,200.0,PE,HUDCO26MAR200PE,10.01,11.45,9.31,9.58,9.95,12.0,197.05,9.58,419025,111000,69,40326494.25,68,F1,2775,,,,,
2026-02-18,2026-02-18,FO,NSE,STO,120076,,HUDCO,,2026-04-28,2026-04-28,210.0,PE,HUDCO26APR210PE,0.0,0.0,0.0,24.5,0.0,24.5,197.05,20.5,0,0,0,0.0,0,F1,2775,,,,,
2026-02-18,2026-02-18,FO,NSE,STO,108040,,HUDCO,,2026-02-24,2026-02-24,227.5,CE,HUDCO26FEB227.5CE,0.0,0.0,0.0,0.42,0.42,0.42,197.05,0.01,61050,0,0,0.0,0,F1,2775,,,,,
2026-02-18,2026-02-18,FO,NSE,STO,108032,,HUDCO,,2026-02-24,2026-02-24,207.5,CE,HUDCO26FEB207.5CE,1.05,1.43,0.62,0.83,0.81,0.86,197.05,0.83,763125,141525,984,569114898.75,948,F1,2775,,,,,
2026-02-18,2026-02-18,FO,NSE,STO,119793,,HUDCO,,2026-03-30,2026-03-30,187.5,CE,HUDCO26MAR187.5CE,0.0,0.0,0.0,22.66,0.0,22.66,197.05,16.64,0,0,0,0.0,0,F1,2775,,,,,
2026-02-18,2026-02-18,FO,NSE,STO,120105,,HUDCO,,2026-04-28,2026-04-28,215.0,PE,HUDCO26APR215PE,0.0,0.0,0.0,27.63,0.0,27.63,197.05,23.84,0,0,0,0.0,0,F1,2775,,,,,
2026-02-18,2026-02-18,FO,NSE,STO,120111,,HUDCO,,2026-04-28,2026-04-28,225.0,PE,HUDCO26APR225PE,0.0,0.0,0.0,34.38,0.0,34.38,197.05,31.16,0,0,0,0.0,0,F1,2775,,,,,
2026-02-18,2026-02-18,FO,NSE,STO,119798,,HUDCO,,2026-03-30,2026-03-30,197.5,PE,HUDCO26MAR197.5PE,0.0,0.0,0.0,10.94,10.94,10.94,197.05,10.35,11100,0,0,0.0,0,F1,2775,,,,,
2026-02-18,2026-02-18,FO,NSE,STO,108034,,HUDCO,,2026-02-24,2026-02-24,212.5,CE,HUDCO26FEB212.5CE,0.63,0.79,0.35,0.45,0.42,0.54,197.05,0.45,754800,16650,544,321572244.75,523,F1,2775,,,,,
2026-02-18,2026-02-18,FO,NSE,STO,119803,,HUDCO,,2026-03-30,2026-03-30,212.5,CE,HUDCO26MAR212.5CE,0.0,0.0,0.0,3.62,3.75,3.62,197.05,5.44,22200,0,0,0.0,0,F1,2775,,,,,
2026-02-18,2026-02-18,FO,NSE,STO,44029,,HUDCO,,2026-02-24,2026-02-24,155.0,PE,HUDCO26FEB155PE,0.07,0.08,0.05,0.05,0.05,0.1,197.05,0.05,627150,-5550,31,13339119.75,29,F1,2775,,,,,
2026-02-18,2026-02-18,FO,NSE,STO,100811,,HUDCO,,2026-02-24,2026-02-24,160.0,PE,HUDCO26FEB160PE,0.11,0.11,0.06,0.07,0.07,0.18,197.05,0.07,593850,-197025,82,36423567.75,29,F1,2775,,,,,
2026-02-18,2026-02-18,FO,NSE,STO,100813,,HUDCO,,2026-02-24,2026-02-24,170.0,PE,HUDCO26FEB170PE,0.26,0.26,0.11,0.13,0.14,0.28,197.05,0.13,482850,-44400,77,36357051.0,58,F1,2775,,,,,
2026-02-18,2026-02-18,FO,NSE,STO,100932,,HUDCO,,2026-02-24,2026-02-24,255.0,PE,HUDCO26FEB255PE,0.0,0.0,0.0,58.99,58.99,58.99,197.05,57.72,11100,0,0,0.0,0,F1,2775,,,,,
2026-02-18,2026-02-18,FO,NSE,STO,119788,,HUDCO,,2026-03-30,2026-03-30,172.5,PE,HUDCO26MAR172.5PE,0.0,0.0,0.0,1.9,1.9,1.9,197.05,2.02,2775,0,0,0.0,0,F1,2775,,,,,
2026-02-18,2026-02-18,FO,NSE,STO,108395,,HUDCO,,2026-03-30,2026-03-30,225.0,PE,HUDCO26MAR225PE,28.65,28.65,28.65,28.65,28.65,30.95,197.05,29.34,16650,2775,1,703878.75,1,F1,2775,,,,,
2026-02-18,2026-02-18,FO,NSE,STO,108026,,HUDCO,,2026-02-24,2026-02-24,192.5,CE,HUDCO26FEB192.5CE,6.4,7.5,4.77,6.35,6.02,4.95,197.05,6.35,530025,-41625,150,82497198.0,138,F1,2775,,,,,
2026-02-18,2026-02-18,FO,NSE,STO,100830,,HUDCO,,2026-02-24,2026-02-24,210.0,CE,HUDCO26FEB210CE,0.69,1.05,0.47,0.63,0.6,0.66,197.05,0.63,3288375,-47175,1515,885737265.0,1303,F1,2775,,,,,
2026-02-18,2026-02-18,FO,NSE,STO,108041,,HUDCO,,2026-02-24,2026-02-24,227.5,PE,HUDCO26FEB227.5PE,0.0,0.0,0.0,18.26,0.0,18.26,197.05,30.26,0,0,0,0.0,0,F1,2775,,,,,
2026-02-18,2026-02-18,FO,NSE,STO,119808,,HUDCO,,2026-03-30,2026-03-30,222.5,PE,HUDCO26MAR222.5PE,0.0,0.0,0.0,30.2,0.0,30.2,197.05,27.28,0,0,0,0.0,0,F1,2775,,,,,
2026-02-18,2026-02-18,FO,NSE,STO,119810,,HUDCO,,2026-03-30,2026-03-30,227.5,PE,HUDCO26MAR227.5PE,0.0,0.0,0.0,33.92,0.0,33.92,197.05,31.45,0,0,0,0.0,0,F1,2775,,,,,
2026-02-18,2026-02-18,FO,NSE,STO,108399,,HUDCO,,2026-03-30,2026-03-30,235.0,PE,HUDCO26MAR235PE,38.5,38.5,38.5,38.5,38.5,26.49,197.05,38.04,2775,2775,1,758962.5,1,F1,2775,,,,,
2026-02-18,2026-02-18,FO,NSE,STO,119958,,HUDCO,,2026-04-28,2026-04-28,185.0,PE,HUDCO26APR185PE,0.0,0.0,0.0,11.76,0.0,11.76,197.05,7.73,0,0,0,0.0,0,F1,2775,,,,,
2026-02-18,2026-02-18,FO,NSE,STO,120034,,HUDCO,,2026-04-28,2026-04-28,200.0,PE,HUDCO26APR200PE,0.0,0.0,0.0,18.81,0.0,18.81,197.05,14.57,0,0,0,0.0,0,F1,2775,,,,,
2026-02-18,2026-02-18,FO,NSE,STO,119783,,HUDCO,,2026-03-30,2026-03-30,167.5,CE,HUDCO26MAR167.5CE,0.0,0.0,0.0,36.25,0.0,36.25,197.05,31.85,0,0,0,0.0,0,F1,2775,,,,,
2026-02-18,2026-02-18,FO,NSE,STF,59352,,HUDCO,,2026-02-24,2026-02-24,,,HUDCO26FEBFUT,195.33,198.5,194.51,197.54,196.89,194.42,197.05,197.54,40401225,-1509600,2619,1429313755.5,2105,F1,2775,,,,,
2026-02-18,2026-02-18,FO,NSE,STO,43222,,HUDCO,,2026-02-24,2026-02-24,157.5,CE,HUDCO26FEB157.5CE,0.0,0.0,0.0,40.51,40.51,40.51,197.05,39.69,0,0,0,0.0,0,F1,2775,,,,,
2026-02-18,2026-02-18,FO,NSE,STO,107999,,HUDCO,,2026-02-24,2026-02-24,167.5,CE,HUDCO26FEB167.5CE,0.0,0.0,0.0,59.07,0.0,59.07,197.05,29.7,0,0,0,0.0,0,F1,2775,,,,,
2026-02-18,2026-02-18,FO,NSE,STO,108024,,HUDCO,,2026-02-24,2026-02-24,187.5,CE,HUDCO26FEB187.5CE,9.26,11.23,9.26,10.73,10.11,8.81,197.05,10.73,302475,-8325,8,4396793.25,8,F1,2775,,,,,
2026-02-18,2026-02-18,FO,NSE,STO,100828,,HUDCO,,2026-02-24,2026-02-24,205.0,CE,HUDCO26FEB205CE,1.25,1.9,0.84,1.16,1.13,1.14,197.05,1.16,2067375,-72150,2093,1198011456.0,1901,F1,2775,,,,,
2026-02-18,2026-02-18,FO,NSE,STO,100836,,HUDCO,,2026-02-24,2026-02-24,225.0,CE,HUDCO26FEB225CE,0.24,0.29,0.13,0.15,0.16,0.22,197.05,0.15,779775,-13875,62,38740776.0,54,F1,2775,,,,,
2026-02-18,2026-02-18,FO,NSE,STO,108394,,HUDCO,,2026-03-30,2026-03-30,225.0,CE,HUDCO26MAR225CE,0.0,0.0,0.0,11.37,11.37,11.37,197.05,2.74,2775,0,0,0.0,0,F1,2775,,,,,
2026-02-18,2026-02-18,FO,NSE,STO,120035,,HUDCO,,2026-04-28,2026-04-28,205.0,CE,HUDCO26APR205CE,0.0,0.0,0.0,17.83,0.0,17.83,197.05,11.57,0,0,0,0.0,0,F1,2775,,,,,
2026-02-18,2026-02-18,FO,NSE,STO,120038,,HUDCO,,2026-04-28,2026-04-28,210.0,CE,HUDCO26APR210CE,0.0,0.0,0.0,15.85,0.0,15.85,197.05,9.72,0,0,0,0.0,0,F1,2775,,,,,
2026-02-18,2026-02-18,FO,NSE,STO,120112,,HUDCO,,2026-04-28,2026-04-28,230.0,CE,HUDCO26APR230CE,0.0,0.0,0.0,9.65,0.0,9.65,197.05,4.53,0,0,0,0.0,0,F1,2775,,,,,
2026-02-18,2026-02-18,FO,NSE,STO,42428,,HUDCO,,2026-02-24,2026-02-24,165.0,PE,HUDCO26FEB165PE,0.15,0.15,0.08,0.08,0.08,0.18,197.05,0.08,546675,47175,161,73768158.0,115,F1,2775,,,,,
2026-02-18,2026-02-18,FO,NSE,STO,108019,,HUDCO,,2026-02-24,2026-02-24,182.5,PE,HUDCO26FEB182.5PE,0.48,0.48,0.3,0.3,0.3,0.68,197.05,0.3,333000,24975,23,11671566.75,23,F1,2775,,,,,
2026-02-18,2026-02-18,FO,NSE,STO,100829,,HUDCO,,2026-02-24,2026-02-24,205.0,PE,HUDCO26FEB205PE,9.62,11.14,8.11,8.64,9.25,11.28,197.05,8.64,546675,2775,51,30367407.75,50,F1,2775,,,,,
2026-02-18,2026-02-18,FO,NSE,STO,100810,,HUDCO,,2026-02-24,2026-02-24,160.0,CE,HUDCO26FEB160CE,0.0,0.0,0.0,34.73,34.73,34.73,197.05,37.19,8325,0,0,0.0,0,F1,2775,,,,,
2026-02-18,2026-02-18,FO,NSE,STO,119938,,HUDCO,,2026-04-28,2026-04-28,155.0,PE,HUDCO26APR155PE,0.0,0.0,0.0,3.19,0.0,3.19,197.05,1.15,0,0,0,0.0,0,F1,2775,,,,,
2026-02-18,2026-02-18,FO,NSE,STO,100939,,HUDCO,,2026-02-24,2026-02-24,260.0,PE,HUDCO26FEB260PE,64.68,64.68,64.68,64.68,64.68,66.14,197.05,62.72,438450,8325,3,2702961.0,1,F1,2775,,,,,
2026-02-18,2026-02-18,FO,NSE,STO,43223,,HUDCO,,2026-02-24,2026-02-24,157.5,PE,HUDCO26FEB157.5PE,0.0,0.0,0.0,0.79,0.79,0.79,197.05,0.01,2775,0,0,0.0,0,F1,2775,,,,,
2026-02-18,2026-02-18,FO,NSE,STO,119955,,HUDCO,,2026-04-28,2026-04-28,185.0,CE,HUDCO26APR185CE,0.0,0.0,0.0,27.72,0.0,27.72,197.05,21.7,0,0,0,0.0,0,F1,2775,,,,,
2026-02-18,2026-02-18,FO,NSE,STO,119937,,HUDCO,,2026-04-28,2026-04-28,155.0,CE,HUDCO26APR155CE,0.0,0.0,0.0,48.7,0.0,48.7,197.05,44.81,0,0,0,0.0,0,F1,2775,,,,,
2026-02-18,2026-02-18,FO,NSE,STO,108028,,HUDCO,,2026-02-24,2026-02-24,197.5,CE,HUDCO26FEB197.5CE,3.2,4.48,2.38,3.26,3.11,2.77,197.05,3.26,1173825,8325,1850,1031309241.75,1662,F1,2775,,,,,
2026-02-18,2026-02-18,FO,NSE,STO,108036,,HUDCO,,2026-02-24,2026-02-24,217.5,CE,HUDCO26FEB217.5CE,0.45,0.51,0.23,0.3,0.32,0.33,197.05,0.3,294150,-8325,31,18743626.5,31,F1,2775,,,,,
2026-02-18,2026-02-18,FO,NSE,STO,46074,,HUDCO,,2026-03-30,2026-03-30,155.0,CE,HUDCO26MAR155CE,0.0,0.0,0.0,63.17,0.0,63.17,197.05,43.32,0,0,0,0.0,0,F1,2775,,,,,
2026-02-18,2026-02-18,FO,NSE,STO,108380,,HUDCO,,2026-03-30,2026-03-30,190.0,CE,HUDCO26MAR190CE,0.0,0.0,0.0,43.79,0.0,43.79,197.05,15.11,0,0,0,0.0,0,F1,2775,,,,,
2026-02-18,2026-02-18,FO,NSE,STO,119805,,HUDCO,,2026-03-30,2026-03-30,217.5,CE,HUDCO26MAR217.5CE,4.24,4.24,3.09,3.09,3.09,9.58,197.05,4.18,5550,5550,2,1227465.75,2,F1,2775,,,,,
2026-02-18,2026-02-18,FO,NSE,STO,108404,,HUDCO,,2026-03-30,2026-03-30,250.0,CE,HUDCO26MAR250CE,0.48,0.48,0.31,0.33,0.33,0.74,197.05,0.56,102675,52725,19,13201479.75,14,F1,2775,,,,,
2026-02-18,2026-02-18,FO,NSE,STO,119947,,HUDCO,,2026-04-28,2026-04-28,170.0,CE,HUDCO26APR170CE,0.0,0.0,0.0,37.33,0.0,37.33,197.05,32.2,0,0,0,0.0,0,F1,2775,,,,,
2026-02-18,2026-02-18,FO,NSE,STO,119963,,HUDCO,,2026-04-28,2026-04-28,200.0,CE,HUDCO26APR200CE,10.47,11.41,10.47,11.41,11.41,11.0,197.05,13.69,8325,5550,3,1757074.5,3,F1,2775,,,,,
2026-02-18,2026-02-18,FO,NSE,STO,100821,,HUDCO,,2026-02-24,2026-02-24,185.0,PE,HUDCO26FEB185PE,0.6,0.72,0.36,0.41,0.44,0.97,197.05,0.41,1187700,61050,293,150829602.75,260,F1,2775,,,,,
2026-02-18,2026-02-18,FO,NSE,STO,108033,,HUDCO,,2026-02-24,2026-02-24,207.5,PE,HUDCO26FEB207.5PE,0.0,0.0,0.0,11.57,11.22,11.57,197.05,11.23,191475,0,0,0.0,0,F1,2775,,,,,
2026-02-18,2026-02-18,FO,NSE,STO,100839,,HUDCO,,2026-02-24,2026-02-24,225.0,PE,HUDCO26FEB225PE,27.3,27.3,27.3,27.3,27.3,29.0,197.05,27.77,108225,-2775,1,700132.5,1,F1,2775,,,,,
2026-02-18,2026-02-18,FO,NSE,STO,108375,,HUDCO,,2026-03-30,2026-03-30,175.0,PE,HUDCO26MAR175PE,1.95,1.95,1.93,1.94,1.94,3.67,197.05,2.48,24975,24975,9,4419243.0,5,F1,2775,,,,,
2026-02-18,2026-02-18,FO,NSE,STO,108381,,HUDCO,,2026-03-30,2026-03-30,190.0,PE,HUDCO26MAR190PE,6.0,6.5,5.16,5.28,5.26,7.1,197.05,5.28,199800,86025,74,40197179.25,60,F1,2775,,,,,
2026-02-18,2026-02-18,FO,NSE,STO,108383,,HUDCO,,2026-03-30,2026-03-30,195.0,PE,HUDCO26MAR195PE,7.45,8.82,6.88,7.17,7.4,9.35,197.05,7.17,305250,58275,60,33775302.0,59,F1,2775,,,,,
2026-02-18,2026-02-18,FO,NSE,STO,108397,,HUDCO,,2026-03-30,2026-03-30,230.0,PE,HUDCO26MAR230PE,32.0,34.0,32.0,32.47,32.47,35.0,197.05,32.47,230325,47175,19,13864982.25,10,F1,2775,,,,,
2026-02-18,2026-02-18,FO,NSE,STO,107995,,HUDCO,,2026-02-24,2026-02-24,162.5,CE,HUDCO26FEB162.5CE,0.0,0.0,0.0,63.7,0.0,63.7,197.05,34.7,0,0,0,0.0,0,F1,2775,,,,,
2026-02-18,2026-02-18,FO,NSE,STO,100931,,HUDCO,,2026-02-24,2026-02-24,255.0,CE,HUDCO26FEB255CE,0.0,0.0,0.0,0.26,0.26,0.26,197.05,0.01,19425,0,0,0.0,0,F1,2775,,,,,
2026-02-18,2026-02-18,FO,NSE,STO,108376,,HUDCO,,2026-03-30,2026-03-30,180.0,CE,HUDCO26MAR180CE,19.8,20.0,19.8,19.8,19.8,19.14,197.05,21.76,41625,5550,3,1663890.0,3,F1,2775,,,,,
2026-02-18,2026-02-18,FO,NSE,STO,119791,,HUDCO,,2026-03-30,2026-03-30,182.5,CE,HUDCO26MAR182.5CE,18.0,18.1,18.0,18.1,18.1,25.69,197.05,19.96,11100,11100,4,2226105.0,3,F1,2775,,,,,
2026-02-18,2026-02-18,FO,NSE,STO,108378,,HUDCO,,2026-03-30,2026-03-30,185.0,CE,HUDCO26MAR185CE,0.0,0.0,0.0,15.36,15.36,15.36,197.05,18.26,5550,0,0,0.0,0,F1,2775,,,,,
2026-02-18,2026-02-18,FO,NSE,STO,119797,,HUDCO,,2026-03-30,2026-03-30,197.5,CE,HUDCO26MAR197.5CE,9.64,9.64,8.82,8.82,8.82,9.02,197.05,11.09,72150,27750,23,13180722.75,5,F1,2775,,,,,
2026-02-18,2026-02-18,FO,NSE,STO,108396,,HUDCO,,2026-03-30,2026-03-30,230.0,CE,HUDCO26MAR230CE,1.36,1.6,1.17,1.25,1.23,1.3,197.05,1.25,177600,44400,57,36585849.75,49,F1,2775,,,,,
2026-02-18,2026-02-18,FO,NSE,STO,119943,,HUDCO,,2026-04-28,2026-04-28,165.0,CE,HUDCO26APR165CE,0.0,0.0,0.0,40.93,0.0,40.93,197.05,36.2,0,0,0,0.0,0,F1,2775,,,,,
2026-02-18,2026-02-18,FO,NSE,STO,120106,,HUDCO,,2026-04-28,2026-04-28,220.0,CE,HUDCO26APR220CE,0.0,0.0,0.0,12.42,0.0,12.42,197.05,6.72,0,0,0,0.0,0,F1,2775,,,,,
2026-02-18,2026-02-18,FO,NSE,STO,108017,,HUDCO,,2026-02-24,2026-02-24,177.5,PE,HUDCO26FEB177.5PE,0.31,0.31,0.17,0.19,0.19,0.38,197.05,0.19,249750,-11100,35,17262303.75,34,F1,2775,,,,,
2026-02-18,2026-02-18,FO,NSE,STO,108025,,HUDCO,,2026-02-24,2026-02-24,187.5,PE,HUDCO26FEB187.5PE,0.81,1.08,0.5,0.55,0.64,1.47,197.05,0.55,563325,-241425,396,206819806.5,289,F1,2775,,,,,
2026-02-18,2026-02-18,FO,NSE,STO,108029,,HUDCO,,2026-02-24,2026-02-24,197.5,PE,HUDCO26FEB197.5PE,3.65,5.16,2.92,3.38,3.59,5.75,197.05,3.38,627150,180375,503,281012983.5,445,F1,2775,,,,,
2026-02-18,2026-02-18,FO,NSE,STO,108031,,HUDCO,,2026-02-24,2026-02-24,202.5,PE,HUDCO26FEB202.5PE,8.7,8.7,6.16,6.45,7.21,9.1,197.05,6.45,260850,-22200,20,11644788.0,20,F1,2775,,,,,
2026-02-18,2026-02-18,FO,NSE,STO,119790,,HUDCO,,2026-03-30,2026-03-30,177.5,PE,HUDCO26MAR177.5PE,0.0,0.0,0.0,6.49,0.0,6.49,197.05,3.01,0,0,0,0.0,0,F1,2775,,,,,
2026-02-18,2026-02-18,FO,NSE,STO,119942,,HUDCO,,2026-04-28,2026-04-28,160.0,PE,HUDCO26APR160PE,0.0,0.0,0.0,4.14,0.0,4.14,197.05,1.71,0,0,0,0.0,0,F1,2775,,,,,
2026-02-18,2026-02-18,FO,NSE,STO,120113,,HUDCO,,2026-04-28,2026-04-28,230.0,PE,HUDCO26APR230PE,0.0,0.0,0.0,38.0,0.0,38.0,197.05,35.1,0,0,0,0.0,0,F1,2775,,,,,
2026-02-18,2026-02-18,FO,NSE,STO,119786,,HUDCO,,2026-03-30,2026-03-30,172.5,CE,HUDCO26MAR172.5CE,0.0,0.0,0.0,32.5,0.0,32.5,197.05,27.61,0,0,0,0.0,0,F1,2775,,,,,
2026-02-18,2026-02-18,FO,NSE,STO,42427,,HUDCO,,2026-02-24,2026-02-24,165.0,CE,HUDCO26FEB165CE,0.0,0.0,0.0,27.63,27.63,27.63,197.05,32.2,244200,0,0,0.0,0,F1,2775,,,,,
2026-02-18,2026-02-18,FO,NSE,STO,100812,,HUDCO,,2026-02-24,2026-02-24,170.0,CE,HUDCO26FEB170CE,0.0,0.0,0.0,25.5,25.5,25.5,197.05,27.21,63825,0,0,0.0,0,F1,2775,,,,,
2026-02-18,2026-02-18,FO,NSE,STO,100842,,HUDCO,,2026-02-24,2026-02-24,235.0,CE,HUDCO26FEB235CE,0.1,0.14,0.08,0.08,0.08,0.13,197.05,0.08,363525,-44400,43,28053335.25,35,F1,2775,,,,,
2026-02-18,2026-02-18,FO,NSE,STO,119802,,HUDCO,,2026-03-30,2026-03-30,207.5,PE,HUDCO26MAR207.5PE,0.0,0.0,0.0,20.21,0.0,20.21,197.05,16.19,0,0,0,0.0,0,F1,2775,,,,,
2026-02-18,2026-02-18,FO,NSE,STO,100827,,HUDCO,,2026-02-24,2026-02-24,200.0,PE,HUDCO26FEB200PE,5.2,7.01,4.31,4.76,5.36,7.39,197.05,4.76,1562325,8325,223,127091670.0,211,F1,2775,,,,,
2026-02-18,2026-02-18,FO,NSE,STO,100951,,HUDCO,,2026-02-24,2026-02-24,270.0,CE,HUDCO26FEB270CE,0.0,0.0,0.0,0.32,0.32,0.32,197.05,0.01,8325,0,0,0.0,0,F1,2775,,,,,
2026-02-18,2026-02-18,FO,NSE,STO,100832,,HUDCO,,2026-02-24,2026-02-24,215.0,CE,HUDCO26FEB215CE,0.34,0.62,0.27,0.33,0.31,0.42,197.05,0.33,1531800,30525,216,129103572.75,194,F1,2775,,,,,
2026-02-18,2026-02-18,FO,NSE,STO,100822,,HUDCO,,2026-02-24,2026-02-24,190.0,CE,HUDCO26FEB190CE,8.1,9.5,6.25,8.08,7.82,6.56,197.05,8.08,979575,-47175,201,110422494.75,177,F1,2775,,,,,
2026-02-18,2026-02-18,FO,NSE,STO,108018,,HUDCO,,2026-02-24,2026-02-24,182.5,CE,HUDCO26FEB182.5CE,13.8,15.99,13.8,15.55,14.78,12.75,197.05,15.55,116550,-19425,16,8770248.75,15,F1,2775,,,,,
2026-02-18,2026-02-18,FO,NSE,STO,119952,,HUDCO,,2026-04-28,2026-04-28,175.0,PE,HUDCO26APR175PE,0.0,0.0,0.0,8.11,0.0,8.11,197.05,4.58,0,0,0,0.0,0,F1,2775,,,,,
2026-02-18,2026-02-18,FO,NSE,STO,119804,,HUDCO,,2026-03-30,2026-03-30,212.5,PE,HUDCO26MAR212.5PE,0.0,0.0,0.0,23.34,0.0,23.34,197.05,19.61,0,0,0,0.0,0,F1,2775,,,,,
2026-02-18,2026-02-18,FO,NSE,STO,100825,,HUDCO,,2026-02-24,2026-02-24,195.0,PE,HUDCO26FEB195PE,3.77,3.77,1.88,2.15,2.38,4.08,197.05,2.15,1662225,44400,964,528677182.5,823,F1,2775,,,,,
2026-02-18,2026-02-18,FO,NSE,STO,100831,,HUDCO,,2026-02-24,2026-02-24,210.0,PE,HUDCO26FEB210PE,13.03,15.15,12.63,13.02,13.49,15.79,197.05,13.02,632700,-11100,38,23611087.5,37,F1,2775,,,,,
2026-02-18,2026-02-18,FO,NSE,STO,100910,,HUDCO,,2026-02-24,2026-02-24,240.0,PE,HUDCO26FEB240PE,44.0,45.0,44.0,45.0,45.0,46.3,197.05,42.73,199800,-5550,3,2367075.0,3,F1,2775,,,,,
2026-02-18,2026-02-18,FO,NSE,STO,119794,,HUDCO,,2026-03-30,2026-03-30,187.5,PE,HUDCO26MAR187.5PE,0.0,0.0,0.0,10.06,0.0,10.06,197.05,5.96,0,0,0,0.0,0,F1,2775,,,,,
2026-02-18,2026-02-18,FO,NSE,STO,119960,,HUDCO,,2026-04-28,2026-04-28,190.0,PE,HUDCO26APR190PE,0.0,0.0,0.0,13.9,0.0,13.9,197.05,9.73,0,0,0,0.0,0,F1,2775,,,,,
2026-02-18,2026-02-18,FO,NSE,STO,119962,,HUDCO,,2026-04-28,2026-04-28,195.0,PE,HUDCO26APR195PE,0.0,0.0,0.0,16.25,0.0,16.25,197.05,12.01,0,0,0,0.0,0,F1,2775,,,,,
2026-02-18,2026-02-18,FO,NSE,STO,41091,,HUDCO,,2026-02-24,2026-02-24,175.0,CE,HUDCO26FEB175CE,0.0,0.0,0.0,19.3,19.87,19.3,197.05,22.25,44400,0,0,0.0,0,F1,2775,,,,,
2026-02-18,2026-02-18,FO,NSE,STO,108016,,HUDCO,,2026-02-24,2026-02-24,177.5,CE,HUDCO26FEB177.5CE,0.0,0.0,0.0,20.62,20.62,20.62,197.05,19.8,41625,0,0,0.0,0,F1,2775,,,,,
2026-02-18,2026-02-18,FO,NSE,STO,100820,,HUDCO,,2026-02-24,2026-02-24,185.0,CE,HUDCO26FEB185CE,0.0,0.0,0.0,10.74,10.71,10.74,197.05,12.77,604950,0,0,0.0,0,F1,2775,,,,,
2026-02-18,2026-02-18,FO,NSE,STO,108030,,HUDCO,,2026-02-24,2026-02-24,202.5,CE,HUDCO26FEB202.5CE,2.0,2.58,1.17,1.64,1.55,1.53,197.05,1.64,768675,-119325,1075,609191254.5,985,F1,2775,,,,,
2026-02-18,2026-02-18,FO,NSE,STO,119780,,HUDCO,,2026-03-30,2026-03-30,162.5,CE,HUDCO26MAR162.5CE,0.0,0.0,0.0,40.22,0.0,40.22,197.05,36.32,0,0,0,0.0,0,F1,2775,,,,,
2026-02-18,2026-02-18,FO,NSE,STO,108386,,HUDCO,,2026-03-30,2026-03-30,205.0,CE,HUDCO26MAR205CE,6.55,6.55,5.72,6.08,6.1,5.66,197.05,6.08,180375,135975,72,42167984.25,69,F1,2775,,,,,
2026-02-18,2026-02-18,FO,NSE,STO,108388,,HUDCO,,2026-03-30,2026-03-30,210.0,CE,HUDCO26MAR210CE,5.0,5.61,4.1,4.49,4.46,4.26,197.05,4.49,527250,235875,218,129895280.25,148,F1,2775,,,,,
2026-02-18,2026-02-18,FO,NSE,STO,108398,,HUDCO,,2026-03-30,2026-03-30,235.0,CE,HUDCO26MAR235CE,0.0,0.0,0.0,1.4,1.4,1.4,197.05,1.5,2775,0,0,0.0,0,F1,2775,,,,,
2026-02-18,2026-02-18,FO,NSE,STO,107997,,HUDCO,,2026-02-24,2026-02-24,162.5,PE,HUDCO26FEB162.5PE,0.0,0.0,0.0,0.71,0.0,0.71,197.05,0.01,0,0,0,0.0,0,F1,2775,,,,,
2026-02-18,2026-02-18,FO,NSE,STO,108377,,HUDCO,,2026-03-30,2026-03-30,180.0,PE,HUDCO26MAR180PE,2.7,3.24,2.42,2.51,2.55,3.48,197.05,2.51,296925,80475,64,32456816.25,48,F1,2775,,,,,
2026-02-18,2026-02-18,FO,NSE,STO,41595,,HUDCO,,2026-03-30,2026-03-30,165.0,PE,HUDCO26MAR165PE,0.0,0.0,0.0,1.75,0.0,1.75,197.05,1.02,0,0,0,0.0,0,F1,2775,,,,,
2026-02-18,2026-02-18,FO,NSE,STO,119779,,HUDCO,,2026-03-30,2026-03-30,157.5,PE,HUDCO26MAR157.5PE,0.0,0.0,0.0,2.1,0.0,2.1,197.05,0.46,0,0,0,0.0,0,F1,2775,,,,,
2026-02-18,2026-02-18,FO,NSE,STO,46076,,HUDCO,,2026-03-30,2026-03-30,155.0,PE,HUDCO26MAR155PE,0.0,0.0,0.0,1.28,0.0,1.28,197.05,0.34,0,0,0,0.0,0,F1,2775,,,,,
2026-02-18,2026-02-18,FO,NSE,STO,100920,,HUDCO,,2026-02-24,2026-02-24,245.0,PE,HUDCO26FEB245PE,48.95,48.95,47.97,47.97,47.97,50.0,197.05,47.97,33300,0,6,4886109.0,2,F1,2775,,,,,
2026-02-18,2026-02-18,FO,NSE,STO,100841,,HUDCO,,2026-02-24,2026-02-24,230.0,PE,HUDCO26FEB230PE,32.6,34.0,32.0,33.15,32.3,35.32,197.05,33.15,183150,-61050,22,16066417.5,6,F1,2775,,,,,
2026-02-18,2026-02-18,FO,NSE,STO,108037,,HUDCO,,2026-02-24,2026-02-24,217.5,PE,HUDCO26FEB217.5PE,0.0,0.0,0.0,13.24,0.0,13.24,197.05,20.39,0,0,0,0.0,0,F1,2775,,,,,
2026-02-18,2026-02-18,FO,NSE,STO,41092,,HUDCO,,2026-02-24,2026-02-24,175.0,PE,HUDCO26FEB175PE,0.2,0.24,0.15,0.16,0.15,0.34,197.05,0.16,535575,-74925,50,24306835.5,46,F1,2775,,,,,
2026-02-18,2026-02-18,FO,NSE,STO,120077,,HUDCO,,2026-04-28,2026-04-28,215.0,CE,HUDCO26APR215CE,0.0,0.0,0.0,14.05,0.0,14.05,197.05,8.11,0,0,0,0.0,0,F1,2775,,,,,
2026-02-18,2026-02-18,FO,NSE,STO,119941,,HUDCO,,2026-04-28,2026-04-28,160.0,CE,HUDCO26APR160CE,0.0,0.0,0.0,44.72,0.0,44.72,197.05,40.41,0,0,0,0.0,0,F1,2775,,,,,
2026-02-18,2026-02-18,FO,NSE,STO,108384,,HUDCO,,2026-03-30,2026-03-30,200.0,CE,HUDCO26MAR200CE,8.49,9.43,7.48,8.14,8.0,7.46,197.05,8.14,818625,238650,373,215629349.25,307,F1,2775,,,,,
2026-02-18,2026-02-18,FO,NSE,STO,119789,,HUDCO,,2026-03-30,2026-03-30,177.5,CE,HUDCO26MAR177.5CE,0.0,0.0,0.0,28.98,0.0,28.98,197.05,23.63,0,0,0,0.0,0,F1,2775,,,,,
2026-02-18,2026-02-18,FO,NSE,STO,119777,,HUDCO,,2026-03-30,2026-03-30,157.5,CE,HUDCO26MAR157.5CE,0.0,0.0,0.0,44.38,0.0,44.38,197.05,40.95,0,0,0,0.0,0,F1,2775,,,,,
2026-02-18,2026-02-18,FO,NSE,STO,100921,,HUDCO,,2026-02-24,2026-02-24,250.0,CE,HUDCO26FEB250CE,0.05,0.06,0.04,0.04,0.04,0.07,197.05,0.04,496725,-80475,41,28449327.75,32,F1,2775,,,,,
2026-02-18,2026-02-18,FO,NSE,STO,108038,,HUDCO,,2026-02-24,2026-02-24,222.5,CE,HUDCO26FEB222.5CE,0.1,0.19,0.1,0.18,0.19,0.29,197.05,0.18,108225,-16650,24,14827019.25,10,F1,2775,,,,,
2026-02-18,2026-02-18,FO,NSE,STO,100818,,HUDCO,,2026-02-24,2026-02-24,180.0,CE,HUDCO26FEB180CE,17.18,18.42,15.18,17.62,18.42,15.26,197.05,17.62,352425,-16650,25,13647228.0,22,F1,2775,,,,,
2026-02-18,2026-02-18,FO,NSE,STO,44028,,HUDCO,,2026-02-24,2026-02-24,155.0,CE,HUDCO26FEB155CE,0.0,0.0,0.0,61.37,0.0,61.37,197.05,42.19,0,0,0,0.0,0,F1,2775,,,,,
2026-02-18,2026-02-18,FO,NSE,STO,119954,,HUDCO,,2026-04-28,2026-04-28,180.0,PE,HUDCO26APR180PE,0.0,0.0,0.0,7.5,7.5,7.5,197.05,6.02,5550,0,0,0.0,0,F1,2775,,,,,
2026-02-18,2026-02-18,FO,NSE,STF,66853,,HUDCO,,2026-04-28,2026-04-28,,,HUDCO26APRFUT,197.98,200.33,197.0,199.74,199.86,196.37,197.05,199.74,352425,27750,27,14887070.25,27,F1,2775,,,,,
2026-02-18,2026-02-18,FO,NSE,STO,119959,,HUDCO,,2026-04-28,2026-04-28,190.0,CE,HUDCO26APR190CE,0.0,0.0,0.0,24.94,0.0,24.94,197.05,18.74,0,0,0,0.0,0,F1,2775,,,,,
2026-02-18,2026-02-18,FO,NSE,STO,100908,,HUDCO,,2026-02-24,2026-02-24,235.0,PE,HUDCO26FEB235PE,40.0,40.0,40.0,40.0,40.0,39.72,197.05,37.74,33300,-2775,1,763125.0,1,F1,2775,,,,,
2026-02-18,2026-02-18,FO,NSE,STO,108039,,HUDCO,,2026-02-24,2026-02-24,222.5,PE,HUDCO26FEB222.5PE,0.0,0.0,0.0,28.93,28.93,28.93,197.05,25.29,13875,0,0,0.0,0,F1,2775,,,,,
2026-02-18,2026-02-18,FO,NSE,STO,100819,,HUDCO,,2026-02-24,2026-02-24,180.0,PE,HUDCO26FEB180PE,0.38,0.39,0.21,0.23,0.22,0.51,197.05,0.23,1825950,-246975,438,219120660.0,326,F1,2775,,,,,
2026-02-18,2026-02-18,FO,NSE,STO,108002,,HUDCO,,2026-02-24,2026-02-24,167.5,PE,HUDCO26FEB167.5PE,0.0,0.0,0.0,1.41,1.41,1.41,197.05,0.01,2775,0,0,0.0,0,F1,2775,,,,,
2026-02-18,2026-02-18,FO,NSE,STO,119809,,HUDCO,,2026-03-30,2026-03-30,227.5,CE,HUDCO26MAR227.5CE,1.39,1.47,1.35,1.46,1.45,6.93,197.05,1.46,47175,47175,17,10797247.5,17,F1,2775,,,,,
2026-02-18,2026-02-18,FO,NSE,STO,119807,,HUDCO,,2026-03-30,2026-03-30,222.5,CE,HUDCO26MAR222.5CE,0.0,0.0,0.0,8.16,0.0,8.16,197.05,3.16,0,0,0,0.0,0,F1,2775,,,,,
2026-02-18,2026-02-18,FO,NSE,STO,108392,,HUDCO,,2026-03-30,2026-03-30,220.0,CE,HUDCO26MAR220CE,3.0,3.03,2.14,2.39,2.34,2.43,197.05,2.39,521700,191475,117,72213603.0,100,F1,2775,,,,,
2026-02-18,2026-02-18,FO,NSE,STO,119801,,HUDCO,,2026-03-30,2026-03-30,207.5,CE,HUDCO26MAR207.5CE,0.0,0.0,0.0,13.01,0.0,13.01,197.05,6.99,0,0,0,0.0,0,F1,2775,,,,,
2026-02-18,2026-02-18,FO,NSE,STO,120037,,HUDCO,,2026-04-28,2026-04-28,205.0,PE,HUDCO26APR205PE,0.0,0.0,0.0,21.56,0.0,21.56,197.05,17.4,0,0,0,0.0,0,F1,2775,,,,,
2026-02-18,2026-02-18,FO,NSE,STO,108047,,HUDCO,,2026-02-24,2026-02-24,242.5,PE,HUDCO26FEB242.5PE,0.0,0.0,0.0,47.24,47.24,47.24,197.05,45.23,5550,0,0,0.0,0,F1,2775,,,,,
2026-02-18,2026-02-18,FO,NSE,STO,41594,,HUDCO,,2026-03-30,2026-03-30,165.0,CE,HUDCO26MAR165CE,0.0,0.0,0.0,65.34,0.0,65.34,197.05,34.06,0,0,0,0.0,0,F1,2775,,,,,
2026-02-18,2026-02-18,FO,NSE,STO,108245,,HUDCO,,2026-03-30,2026-03-30,160.0,PE,HUDCO26MAR160PE,1.08,1.08,0.57,0.59,0.57,1.08,197.05,0.59,94350,86025,39,17394310.5,30,F1,2775,,,,,
2026-02-18,2026-02-18,FO,NSE,STO,68518,,ASHOKLEY,,2026-02-24,2026-02-24,217.5,CE,ASHOKLEY26FEB217.5CE,2.4,2.4,0.51,0.57,0.57,0.93,208.35,0.57,2530000,90000,851,928631650.0,741,F1,5000,,,,,
2026-02-18,2026-02-18,FO,NSE,STO,68703,,ASHOKLEY,,2026-03-30,2026-03-30,170.0,PE,ASHOKLEY26MAR170PE,0.65,0.65,0.5,0.5,0.5,0.75,208.35,0.5,665000,-15000,64,54576350.0,51,F1,5000,,,,,
2026-02-18,2026-02-18,FO,NSE,STO,68355,,ASHOKLEY,,2026-02-24,2026-02-24,197.5,CE,ASHOKLEY26FEB197.5CE,10.55,12.08,10.5,11.27,11.24,11.12,208.35,11.27,555000,-45000,34,35514700.0,32,F1,5000,,,,,
2026-02-18,2026-02-18,FO,NSE,STO,68713,,ASHOKLEY,,2026-03-30,2026-03-30,195.0,PE,ASHOKLEY26MAR195PE,4.0,4.0,3.21,3.29,3.27,4.14,208.35,3.29,725000,30000,74,73435200.0,64,F1,5000,,,,,
2026-02-18,2026-02-18,FO,NSE,STO,81921,,ASHOKLEY,,2026-03-30,2026-03-30,177.5,PE,ASHOKLEY26MAR177.5PE,0.0,0.0,0.0,4.15,0.0,4.15,208.35,0.38,0,0,0,0.0,0,F1,5000,,,,,
2026-02-18,2026-02-18,FO,NSE,STO,68516,,ASHOKLEY,,2026-02-24,2026-02-24,215.0,CE,ASHOKLEY26FEB215CE,1.3,1.44,0.78,0.88,0.88,1.3,208.35,0.88,9755000,-600000,2399,2591986800.0,2054,F1,5000,,,,,
2026-02-18,2026-02-18,FO,NSE,STO,82187,,ASHOKLEY,,2026-04-28,2026-04-28,215.0,CE,ASHOKLEY26APR215CE,0.0,0.0,0.0,6.71,0.0,6.71,208.35,8.95,0,0,0,0.0,0,F1,5000,,,,,
2026-02-18,2026-02-18,FO,NSE,STO,74370,,ASHOKLEY,,2026-02-24,2026-02-24,150.0,PE,ASHOKLEY26FEB150PE,0.02,0.02,0.01,0.02,0.02,0.02,208.35,0.01,705000,-20000,31,23252150.0,11,F1,5000,,,,,
2026-02-18,2026-02-18,FO,NSE,STO,68284,,ASHOKLEY,,2026-02-24,2026-02-24,167.5,PE,ASHOKLEY26FEB167.5PE,0.0,0.0,0.0,0.06,0.06,0.06,208.35,0.01,95000,0,0,0.0,0,F1,5000,,,,,
2026-02-18,2026-02-18,FO,NSE,STO,68410,,ASHOKLEY,,2026-02-24,2026-02-24,202.5,PE,ASHOKLEY26FEB202.5PE,1.24,1.37,0.73,0.79,0.75,1.39,208.35,0.79,1410000,260000,756,769111700.0,723,F1,5000,,,,,
2026-02-18,2026-02-18,FO,NSE,STO,68527,,ASHOKLEY,,2026-02-24,2026-02-24,230.0,PE,ASHOKLEY26FEB230PE,21.31,22.01,20.53,20.97,20.97,21.6,208.35,21.46,150000,-10000,14,17578950.0,6,F1,5000,,,,,
2026-02-18,2026-02-18,FO,NSE,STO,82063,,ASHOKLEY,,2026-04-28,2026-04-28,170.0,PE,ASHOKLEY26APR170PE,0.0,0.0,0.0,3.72,0.0,3.72,208.35,0.53,0,0,0,0.0,0,F1,5000,,,,,
2026-02-18,2026-02-18,FO,NSE,STO,82173,,ASHOKLEY,,2026-04-28,2026-04-28,185.0,PE,ASHOKLEY26APR185PE,0.0,0.0,0.0,8.41,0.0,8.41,208.35,2.2,0,0,0,0.0,0,F1,5000,,,,,
2026-02-18,2026-02-18,FO,NSE,STO,82190,,ASHOKLEY,,2026-04-28,2026-04-28,220.0,PE,ASHOKLEY26APR220PE,0.0,0.0,0.0,29.13,0.0,29.13,208.35,16.46,0,0,0,0.0,0,F1,5000,,,,,
2026-02-18,2026-02-18,FO,NSE,STO,36084,,ASHOKLEY,,2026-02-24,2026-02-24,190.0,CE,ASHOKLEY26FEB190CE,18.5,19.75,18.11,18.44,18.95,18.28,208.35,18.44,1470000,-165000,42,43929700.0,24,F1,5000,,,,,
2026-02-18,2026-02-18,FO,NSE,STO,68376,,ASHOKLEY,,2026-02-24,2026-02-24,202.5,CE,ASHOKLEY26FEB202.5CE,6.98,7.84,6.16,7.14,6.96,6.93,208.35,7.14,620000,-285000,245,256761650.0,236,F1,5000,,,,,
2026-02-18,2026-02-18,FO,NSE,STO,68706,,ASHOKLEY,,2026-03-30,2026-03-30,180.0,CE,ASHOKLEY26MAR180CE,27.2,27.2,27.2,27.2,27.2,26.5,208.35,29.97,115000,5000,1,1036000.0,1,F1,5000,,,,,
2026-02-18,2026-02-18,FO,NSE,STO,81968,,ASHOKLEY,,2026-03-30,2026-03-30,222.5,CE,ASHOKLEY26MAR222.5CE,3.3,3.38,2.8,2.8,2.8,3.12,208.35,3.64,70000,50000,15,16915000.0,12,F1,5000,,,,,
2026-02-18,2026-02-18,FO,NSE,STO,81958,,ASHOKLEY,,2026-03-30,2026-03-30,202.5,PE,ASHOKLEY26MAR202.5PE,6.2,6.53,5.7,5.86,5.86,15.43,208.35,5.11,95000,95000,22,22950000.0,21,F1,5000,,,,,
2026-02-18,2026-02-18,FO,NSE,STO,81967,,ASHOKLEY,,2026-03-30,2026-03-30,217.5,PE,ASHOKLEY26MAR217.5PE,0.0,0.0,0.0,26.08,0.0,26.08,208.35,12.96,0,0,0,0.0,0,F1,5000,,,,,
2026-02-18,2026-02-18,FO,NSE,STO,82195,,ASHOKLEY,,2026-04-28,2026-04-28,230.0,PE,ASHOKLEY26APR230PE,0.0,0.0,0.0,37.09,0.0,37.09,208.35,23.54,0,0,0,0.0,0,F1,5000,,,,,
2026-02-18,2026-02-18,FO,NSE,STO,74588,,ASHOKLEY,,2026-02-24,2026-02-24,170.0,CE,ASHOKLEY26FEB170CE,39.25,39.25,39.0,39.0,39.0,37.16,208.35,38.5,315000,-10000,2,2091250.0,2,F1,5000,,,,,
2026-02-18,2026-02-18,FO,NSE,STO,68352,,ASHOKLEY,,2026-02-24,2026-02-24,195.0,CE,ASHOKLEY26FEB195CE,13.5,14.35,13.2,13.65,13.8,13.06,208.35,13.65,780000,0,18,18783950.0,18,F1,5000,,,,,
2026-02-18,2026-02-18,FO,NSE,STO,68698,,ASHOKLEY,,2026-03-30,2026-03-30,165.0,CE,ASHOKLEY26MAR165CE,0.0,0.0,0.0,21.54,0.0,21.54,208.35,44.39,0,0,0,0.0,0,F1,5000,,,,,
2026-02-18,2026-02-18,FO,NSE,STO,74587,,ASHOKLEY,,2026-02-24,2026-02-24,168.0,PE,ASHOKLEY26FEB168PE,0.01,0.03,0.01,0.03,0.03,0.05,208.35,0.01,95000,-20000,7,5880950.0,7,F1,5000,,,,,
2026-02-18,2026-02-18,FO,NSE,STO,68315,,ASHOKLEY,,2026-02-24,2026-02-24,177.5,PE,ASHOKLEY26FEB177.5PE,0.11,0.12,0.05,0.05,0.05,0.12,208.35,0.01,400000,45000,49,43508250.0,37,F1,5000,,,,,
2026-02-18,2026-02-18,FO,NSE,STO,68521,,ASHOKLEY,,2026-02-24,2026-02-24,222.5,PE,ASHOKLEY26FEB222.5PE,0.0,0.0,0.0,15.46,15.46,15.46,208.35,14.11,5000,0,0,0.0,0,F1,5000,,,,,
2026-02-18,2026-02-18,FO,NSE,STO,74604,,ASHOKLEY,,2026-02-24,2026-02-24,180.0,CE,ASHOKLEY26FEB180CE,29.3,29.3,28.42,28.95,28.96,27.21,208.35,28.95,500000,0,4,4178150.0,4,F1,5000,,,,,
2026-02-18,2026-02-18,FO,NSE,STO,68708,,ASHOKLEY,,2026-03-30,2026-03-30,185.0,CE,ASHOKLEY26MAR185CE,22.79,22.79,22.79,22.79,22.79,21.0,208.35,25.45,5000,5000,1,1038950.0,1,F1,5000,,,,,
2026-02-18,2026-02-18,FO,NSE,STO,68714,,ASHOKLEY,,2026-03-30,2026-03-30,200.0,CE,ASHOKLEY26MAR200CE,12.51,12.55,11.49,11.57,11.8,11.78,208.35,11.57,565000,75000,29,30714900.0,25,F1,5000,,,,,
2026-02-18,2026-02-18,FO,NSE,STO,81957,,ASHOKLEY,,2026-03-30,2026-03-30,202.5,CE,ASHOKLEY26MAR202.5CE,10.5,10.5,10.5,10.5,10.5,10.58,208.35,12.18,30000,5000,1,1065000.0,1,F1,5000,,,,,
2026-02-18,2026-02-18,FO,NSE,STO,74375,,ASHOKLEY,,2026-02-24,2026-02-24,156.0,CE,ASHOKLEY26FEB156CE,0.0,0.0,0.0,50.5,50.5,50.5,208.35,52.49,35000,0,0,0.0,0,F1,5000,,,,,
2026-02-18,2026-02-18,FO,NSE,STO,68715,,ASHOKLEY,,2026-03-30,2026-03-30,200.0,PE,ASHOKLEY26MAR200PE,5.8,5.8,4.7,4.9,4.92,5.86,208.35,4.9,2125000,180000,230,235852700.0,185,F1,5000,,,,,
2026-02-18,2026-02-18,FO,NSE,STO,81952,,ASHOKLEY,,2026-03-30,2026-03-30,187.5,PE,ASHOKLEY26MAR187.5PE,2.05,2.06,1.2,1.78,1.8,3.39,208.35,1.78,240000,195000,49,46366100.0,37,F1,5000,,,,,
2026-02-18,2026-02-18,FO,NSE,STO,68707,,ASHOKLEY,,2026-03-30,2026-03-30,180.0,PE,ASHOKLEY26MAR180PE,1.28,1.28,0.98,1.02,1.0,1.31,208.35,1.02,705000,50000,48,43463950.0,47,F1,5000,,,,,
2026-02-18,2026-02-18,FO,NSE,STO,68523,,ASHOKLEY,,2026-02-24,2026-02-24,225.0,PE,ASHOKLEY26FEB225PE,16.26,16.51,16.04,16.24,16.51,20.25,208.35,16.24,160000,-5000,7,8443700.0,5,F1,5000,,,,,
2026-02-18,2026-02-18,FO,NSE,STO,68430,,ASHOKLEY,,2026-02-24,2026-02-24,205.0,PE,ASHOKLEY26FEB205PE,2.15,2.22,1.24,1.36,1.35,2.16,208.35,1.36,4100000,-545000,1849,1909714700.0,1539,F1,5000,,,,,
2026-02-18,2026-02-18,FO,NSE,STO,68282,,ASHOKLEY,,2026-02-24,2026-02-24,165.0,PE,ASHOKLEY26FEB165PE,0.03,0.03,0.02,0.02,0.02,0.04,208.35,0.02,480000,-55000,11,9076400.0,8,F1,5000,,,,,
2026-02-18,2026-02-18,FO,NSE,STO,74467,,ASHOKLEY,,2026-02-24,2026-02-24,160.0,PE,ASHOKLEY26FEB160PE,0.02,0.02,0.01,0.02,0.02,0.02,208.35,0.02,905000,-175000,44,35204350.0,32,F1,5000,,,,,
2026-02-18,2026-02-18,FO,NSE,STO,74280,,ASHOKLEY,,2026-02-24,2026-02-24,140.0,PE,ASHOKLEY26FEB140PE,0.01,0.01,0.01,0.01,0.01,0.01,208.35,0.01,420000,-5000,3,2100150.0,3,F1,5000,,,,,
2026-02-18,2026-02-18,FO,NSE,STO,68726,,ASHOKLEY,,2026-03-30,2026-03-30,230.0,CE,ASHOKLEY26MAR230CE,2.1,2.15,1.62,1.63,1.7,2.04,208.35,1.63,1810000,105000,136,157691400.0,116,F1,5000,,,,,
2026-02-18,2026-02-18,FO,NSE,STO,81959,,ASHOKLEY,,2026-03-30,2026-03-30,207.5,CE,ASHOKLEY26MAR207.5CE,8.0,8.45,7.35,7.62,7.65,8.03,208.35,7.62,430000,110000,48,51688050.0,45,F1,5000,,,,,
2026-02-18,2026-02-18,FO,NSE,STO,68716,,ASHOKLEY,,2026-03-30,2026-03-30,205.0,CE,ASHOKLEY26MAR205CE,8.52,9.75,8.52,8.95,8.94,9.21,208.35,8.95,840000,35000,148,158464500.0,107,F1,5000,,,,,
2026-02-18,2026-02-18,FO,NSE,STO,74594,,ASHOKLEY,,2026-02-24,2026-02-24,174.0,CE,ASHOKLEY26FEB174CE,35.64,35.64,35.04,35.04,35.04,31.92,208.35,34.51,15000,-5000,2,2093400.0,2,F1,5000,,,,,
2026-02-18,2026-02-18,FO,NSE,STO,68721,,ASHOKLEY,,2026-03-30,2026-03-30,215.0,PE,ASHOKLEY26MAR215PE,13.1,13.1,12.57,12.58,12.6,13.9,208.35,12.58,155000,5000,5,5694500.0,5,F1,5000,,,,,
2026-02-18,2026-02-18,FO,NSE,STO,68717,,ASHOKLEY,,2026-03-30,2026-03-30,205.0,PE,ASHOKLEY26MAR205PE,7.49,7.78,6.8,6.94,7.0,8.08,208.35,6.94,1055000,120000,81,85937450.0,74,F1,5000,,,,,
2026-02-18,2026-02-18,FO,NSE,STO,74466,,ASHOKLEY,,2026-02-24,2026-02-24,160.0,CE,ASHOKLEY26FEB160CE,48.25,48.9,47.75,48.83,48.83,53.0,208.35,48.49,120000,-20000,4,4168650.0,4,F1,5000,,,,,
2026-02-18,2026-02-18,FO,NSE,STO,82188,,ASHOKLEY,,2026-04-28,2026-04-28,215.0,PE,ASHOKLEY26APR215PE,0.0,0.0,0.0,25.42,0.0,25.42,208.35,13.38,0,0,0,0.0,0,F1,5000,,,,,
2026-02-18,2026-02-18,FO,NSE,STO,68723,,ASHOKLEY,,2026-03-30,2026-03-30,220.0,PE,ASHOKLEY26MAR220PE,17.0,17.45,16.01,16.01,16.01,17.64,208.35,16.01,180000,65000,20,23664850.0,19,F1,5000,,,,,
2026-02-18,2026-02-18,FO,NSE,STO,68711,,ASHOKLEY,,2026-03-30,2026-03-30,190.0,PE,ASHOKLEY26MAR190PE,2.84,2.84,2.15,2.24,2.21,2.84,208.35,2.24,1105000,90000,115,110599000.0,94,F1,5000,,,,,
2026-02-18,2026-02-18,FO,NSE,STO,68517,,ASHOKLEY,,2026-02-24,2026-02-24,215.0,PE,ASHOKLEY26FEB215PE,8.0,8.27,6.74,7.12,7.24,8.36,208.35,7.12,1925000,-30000,111,123351100.0,107,F1,5000,,,,,
2026-02-18,2026-02-18,FO,NSE,STO,68375,,ASHOKLEY,,2026-02-24,2026-02-24,197.5,PE,ASHOKLEY26FEB197.5PE,2.08,2.08,0.27,0.28,0.27,0.57,208.35,0.28,1330000,-560000,666,658916100.0,518,F1,5000,,,,,
2026-02-18,2026-02-18,FO,NSE,STO,68340,,ASHOKLEY,,2026-02-24,2026-02-24,187.5,PE,ASHOKLEY26FEB187.5PE,0.16,0.16,0.09,0.1,0.11,0.16,208.35,0.1,870000,-90000,104,97559000.0,98,F1,5000,,,,,
2026-02-18,2026-02-18,FO,NSE,STO,68722,,ASHOKLEY,,2026-03-30,2026-03-30,220.0,CE,ASHOKLEY26MAR220CE,3.8,4.05,3.29,3.4,3.42,3.83,208.35,3.4,3785000,680000,434,485329050.0,338,F1,5000,,,,,
2026-02-18,2026-02-18,FO,NSE,STO,81966,,ASHOKLEY,,2026-03-30,2026-03-30,217.5,CE,ASHOKLEY26MAR217.5CE,4.5,4.6,4.28,4.42,4.42,3.86,208.35,5.11,55000,25000,5,5548550.0,5,F1,5000,,,,,
2026-02-18,2026-02-18,FO,NSE,STO,81964,,ASHOKLEY,,2026-03-30,2026-03-30,212.5,CE,ASHOKLEY26MAR212.5CE,6.16,6.29,5.5,5.5,5.5,6.08,208.35,5.5,435000,70000,32,34936350.0,19,F1,5000,,,,,
2026-02-18,2026-02-18,FO,NSE,STO,81955,,ASHOKLEY,,2026-03-30,2026-03-30,197.5,CE,ASHOKLEY26MAR197.5CE,0.0,0.0,0.0,13.44,13.44,13.44,208.35,15.47,5000,0,0,0.0,0,F1,5000,,,,,
2026-02-18,2026-02-18,FO,NSE,STO,68289,,ASHOKLEY,,2026-02-24,2026-02-24,177.5,CE,ASHOKLEY26FEB177.5CE,0.0,0.0,0.0,11.63,11.63,11.63,208.35,31.01,15000,0,0,0.0,0,F1,5000,,,,,
2026-02-18,2026-02-18,FO,NSE,STO,82189,,ASHOKLEY,,2026-04-28,2026-04-28,220.0,CE,ASHOKLEY26APR220CE,4.6,4.6,4.6,4.6,4.6,5.1,208.35,7.08,30000,5000,1,1123000.0,1,F1,5000,,,,,
2026-02-18,2026-02-18,FO,NSE,STO,74380,,ASHOKLEY,,2026-02-24,2026-02-24,156.0,PE,ASHOKLEY26FEB156PE,0.01,0.02,0.01,0.01,0.01,0.01,208.35,0.01,90000,-45000,9,7020500.0,9,F1,5000,,,,,
2026-02-18,2026-02-18,FO,NSE,STO,68354,,ASHOKLEY,,2026-02-24,2026-02-24,195.0,PE,ASHOKLEY26FEB195PE,0.33,0.34,0.16,0.17,0.17,0.36,208.35,0.17,3715000,-1395000,884,862924400.0,577,F1,5000,,,,,
2026-02-18,2026-02-18,FO,NSE,STO,68693,,ASHOKLEY,,2026-03-30,2026-03-30,150.0,PE,ASHOKLEY26MAR150PE,0.37,0.37,0.37,0.37,0.37,0.37,208.35,0.01,215000,50000,10,7518500.0,1,F1,5000,,,,,
2026-02-18,2026-02-18,FO,NSE,STO,68697,,ASHOKLEY,,2026-03-30,2026-03-30,160.0,PE,ASHOKLEY26MAR160PE,0.38,0.38,0.3,0.3,0.3,0.4,208.35,0.02,50000,5000,3,2405300.0,2,F1,5000,,,,,
2026-02-18,2026-02-18,FO,NSE,STO,68705,,ASHOKLEY,,2026-03-30,2026-03-30,175.0,PE,ASHOKLEY26MAR175PE,0.7,0.73,0.68,0.69,0.71,0.93,208.35,0.69,175000,25000,9,7906950.0,7,F1,5000,,,,,
2026-02-18,2026-02-18,FO,NSE,STO,82182,,ASHOKLEY,,2026-04-28,2026-04-28,200.0,PE,ASHOKLEY26APR200PE,0.0,0.0,0.0,15.7,0.0,15.7,208.35,6.22,0,0,0,0.0,0,F1,5000,,,,,
2026-02-18,2026-02-18,FO,NSE,STO,68528,,ASHOKLEY,,2026-02-24,2026-02-24,235.0,CE,ASHOKLEY26FEB235CE,0.14,0.15,0.05,0.05,0.05,0.14,208.35,0.05,4405000,-570000,691,812263450.0,565,F1,5000,,,,,
2026-02-18,2026-02-18,FO,NSE,STF,59209,,ASHOKLEY,,2026-02-24,2026-02-24,,,ASHOKLEY26FEBFUT,208.06,209.75,207.11,208.58,208.68,207.88,208.35,208.58,141230000,-10550000,4788,4995481400.0,4324,F1,5000,,,,,
2026-02-18,2026-02-18,FO,NSE,STO,68281,,ASHOKLEY,,2026-02-24,2026-02-24,165.0,CE,ASHOKLEY26FEB165CE,0.0,0.0,0.0,41.85,41.85,41.85,208.35,43.5,25000,0,0,0.0,0,F1,5000,,,,,
2026-02-18,2026-02-18,FO,NSE,STO,68520,,ASHOKLEY,,2026-02-24,2026-02-24,222.5,CE,ASHOKLEY26FEB222.5CE,0.44,0.54,0.24,0.25,0.25,0.5,208.35,0.25,1805000,-275000,523,582750900.0,410,F1,5000,,,,,
2026-02-18,2026-02-18,FO,NSE,STO,68710,,ASHOKLEY,,2026-03-30,2026-03-30,190.0,CE,ASHOKLEY26MAR190CE,19.45,19.45,19.45,19.45,19.45,18.7,208.35,21.2,95000,5000,1,1047250.0,1,F1,5000,,,,,
2026-02-18,2026-02-18,FO,NSE,STO,82064,,ASHOKLEY,,2026-04-28,2026-04-28,175.0,CE,ASHOKLEY26APR175CE,0.0,0.0,0.0,25.69,0.0,25.69,208.35,36.06,0,0,0,0.0,0,F1,5000,,,,,
2026-02-18,2026-02-18,FO,NSE,STO,82153,,ASHOKLEY,,2026-04-28,2026-04-28,185.0,CE,ASHOKLEY26APR185CE,0.0,0.0,0.0,19.24,0.0,19.24,208.35,27.46,0,0,0,0.0,0,F1,5000,,,,,
2026-02-18,2026-02-18,FO,NSE,STO,82180,,ASHOKLEY,,2026-04-28,2026-04-28,200.0,CE,ASHOKLEY26APR200CE,0.0,0.0,0.0,11.76,0.0,11.76,208.35,16.64,0,0,0,0.0,0,F1,5000,,,,,
2026-02-18,2026-02-18,FO,NSE,STO,81954,,ASHOKLEY,,2026-03-30,2026-03-30,192.5,PE,ASHOKLEY26MAR192.5PE,3.26,3.26,2.68,2.73,2.73,3.42,208.35,2.73,185000,40000,20,19549400.0,17,F1,5000,,,,,
2026-02-18,2026-02-18,FO,NSE,STO,81960,,ASHOKLEY,,2026-03-30,2026-03-30,207.5,PE,ASHOKLEY26MAR207.5PE,8.25,9.0,8.0,8.21,8.3,9.31,208.35,8.21,285000,200000,56,60441750.0,52,F1,5000,,,,,
2026-02-18,2026-02-18,FO,NSE,STO,68719,,ASHOKLEY,,2026-03-30,2026-03-30,210.0,PE,ASHOKLEY26MAR210PE,10.66,10.66,9.35,9.64,9.67,10.63,208.35,9.64,925000,205000,92,101153200.0,87,F1,5000,,,,,
2026-02-18,2026-02-18,FO,NSE,STO,82008,,ASHOKLEY,,2026-03-30,2026-03-30,227.5,PE,ASHOKLEY26MAR227.5PE,22.0,22.14,22.0,22.14,22.14,34.35,208.35,20.3,10000,10000,2,2495700.0,2,F1,5000,,,,,
2026-02-18,2026-02-18,FO,NSE,STO,82067,,ASHOKLEY,,2026-04-28,2026-04-28,175.0,PE,ASHOKLEY26APR175PE,0.0,0.0,0.0,5.01,0.0,5.01,208.35,0.9,0,0,0,0.0,0,F1,5000,,,,,
2026-02-18,2026-02-18,FO,NSE,STO,74586,,ASHOKLEY,,2026-02-24,2026-02-24,168.0,CE,ASHOKLEY26FEB168CE,0.0,0.0,0.0,21.9,21.9,21.9,208.35,40.5,70000,0,0,0.0,0,F1,5000,,,,,
2026-02-18,2026-02-18,FO,NSE,STO,74598,,ASHOKLEY,,2026-02-24,2026-02-24,176.0,CE,ASHOKLEY26FEB176CE,0.0,0.0,0.0,18.8,18.8,18.8,208.35,32.51,15000,0,0,0.0,0,F1,5000,,,,,
2026-02-18,2026-02-18,FO,NSE,STO,81950,,ASHOKLEY,,2026-03-30,2026-03-30,182.5,PE,ASHOKLEY26MAR182.5PE,1.26,1.42,1.21,1.24,1.24,2.1,208.35,0.74,60000,5000,17,15622850.0,13,F1,5000,,,,,
2026-02-18,2026-02-18,FO,NSE,STO,81907,,ASHOKLEY,,2026-03-30,2026-03-30,172.5,PE,ASHOKLEY26MAR172.5PE,0.0,0.0,0.0,1.16,1.16,1.16,208.35,0.18,5000,0,0,0.0,0,F1,5000,,,,,
2026-02-18,2026-02-18,FO,NSE,STO,68699,,ASHOKLEY,,2026-03-30,2026-03-30,165.0,PE,ASHOKLEY26MAR165PE,0.0,0.0,0.0,0.5,0.5,0.5,208.35,0.05,60000,0,0,0.0,0,F1,5000,,,,,
2026-02-18,2026-02-18,FO,NSE,STO,68515,,ASHOKLEY,,2026-02-24,2026-02-24,212.5,PE,ASHOKLEY26FEB212.5PE,5.81,6.33,4.85,5.25,5.22,6.4,208.35,5.25,2220000,90000,158,172122700.0,154,F1,5000,,,,,
2026-02-18,2026-02-18,FO,NSE,STO,48881,,ASHOKLEY,,2026-02-24,2026-02-24,210.0,CE,ASHOKLEY26FEB210CE,2.7,3.07,1.96,2.22,2.19,2.63,208.35,2.22,11470000,655000,5044,5359774650.0,4656,F1,5000,,,,,
2026-02-18,2026-02-18,FO,NSE,STO,68522,,ASHOKLEY,,2026-02-24,2026-02-24,225.0,CE,ASHOKLEY26FEB225CE,0.35,0.41,0.17,0.18,0.19,0.4,208.35,0.18,4305000,-330000,716,806476200.0,516,F1,5000,,,,,
2026-02-18,2026-02-18,FO,NSE,STO,68712,,ASHOKLEY,,2026-03-30,2026-03-30,195.0,CE,ASHOKLEY26MAR195CE,0.0,0.0,0.0,15.36,15.11,15.36,208.35,17.28,100000,0,0,0.0,0,F1,5000,,,,,
2026-02-18,2026-02-18,FO,NSE,STO,82177,,ASHOKLEY,,2026-04-28,2026-04-28,195.0,PE,ASHOKLEY26APR195PE,0.0,0.0,0.0,12.98,0.0,12.98,208.35,4.56,0,0,0,0.0,0,F1,5000,,,,,
2026-02-18,2026-02-18,FO,NSE,STO,82184,,ASHOKLEY,,2026-04-28,2026-04-28,205.0,PE,ASHOKLEY26APR205PE,0.0,0.0,0.0,18.69,0.0,18.69,208.35,8.25,0,0,0,0.0,0,F1,5000,,,,,
2026-02-18,2026-02-18,FO,NSE,STO,68727,,ASHOKLEY,,2026-03-30,2026-03-30,230.0,PE,ASHOKLEY26MAR230PE,24.58,24.59,24.58,24.59,24.59,24.58,208.35,22.35,125000,45000,11,14002350.0,3,F1,5000,,,,,
2026-02-18,2026-02-18,FO,NSE,STF,66712,,ASHOKLEY,,2026-04-28,2026-04-28,,,ASHOKLEY26APRFUT,204.93,206.8,204.93,205.96,205.47,204.93,208.35,205.96,1195000,5000,42,43239200.0,42,F1,5000,,,,,
2026-02-18,2026-02-18,FO,NSE,STO,68275,,ASHOKLEY,,2026-02-24,2026-02-24,155.0,CE,ASHOKLEY26FEB155CE,53.9,53.9,53.9,53.9,53.9,53.15,208.35,53.49,230000,-10000,2,2089000.0,2,F1,5000,,,,,
2026-02-18,2026-02-18,FO,NSE,STO,68283,,ASHOKLEY,,2026-02-24,2026-02-24,167.5,CE,ASHOKLEY26FEB167.5CE,0.0,0.0,0.0,22.94,22.94,22.94,208.35,41.0,15000,0,0,0.0,0,F1,5000,,,,,
2026-02-18,2026-02-18,FO,NSE,STO,36068,,ASHOKLEY,,2026-02-24,2026-02-24,186.0,CE,ASHOKLEY26FEB186CE,22.5,22.5,22.5,22.5,22.5,21.65,208.35,22.52,80000,0,2,2085000.0,1,F1,5000,,,,,
2026-02-18,2026-02-18,FO,NSE,STO,74612,,ASHOKLEY,,2026-02-24,2026-02-24,192.0,CE,ASHOKLEY26FEB192CE,0.0,0.0,0.0,14.94,14.94,14.94,208.35,16.57,320000,0,0,0.0,0,F1,5000,,,,,
2026-02-18,2026-02-18,FO,NSE,STO,68411,,ASHOKLEY,,2026-02-24,2026-02-24,205.0,CE,ASHOKLEY26FEB205CE,5.0,6.09,4.32,4.98,4.94,5.1,208.35,4.98,2815000,-1225000,1537,1615763600.0,1395,F1,5000,,,,,
2026-02-18,2026-02-18,FO,NSE,STO,68497,,ASHOKLEY,,2026-02-24,2026-02-24,212.5,CE,ASHOKLEY26FEB212.5CE,1.83,2.07,1.28,1.41,1.38,1.83,208.35,1.41,3510000,135000,2080,2227491350.0,1925,F1,5000,,,,,
2026-02-18,2026-02-18,FO,NSE,STO,68692,,ASHOKLEY,,2026-03-30,2026-03-30,150.0,CE,ASHOKLEY26MAR150CE,0.0,0.0,0.0,56.0,56.0,56.0,208.35,59.25,35000,0,0,0.0,0,F1,5000,,,,,
2026-02-18,2026-02-18,FO,NSE,STO,68704,,ASHOKLEY,,2026-03-30,2026-03-30,175.0,CE,ASHOKLEY26MAR175CE,0.0,0.0,0.0,30.85,30.85,30.85,208.35,34.67,25000,0,0,0.0,0,F1,5000,,,,,
2026-02-18,2026-02-18,FO,NSE,STO,81953,,ASHOKLEY,,2026-03-30,2026-03-30,192.5,CE,ASHOKLEY26MAR192.5CE,0.0,0.0,0.0,12.38,0.0,12.38,208.35,19.19,0,0,0,0.0,0,F1,5000,,,,,
2026-02-18,2026-02-18,FO,NSE,STO,38865,,ASHOKLEY,,2026-03-30,2026-03-30,235.0,CE,ASHOKLEY26MAR235CE,1.45,1.59,1.14,1.18,1.19,1.54,208.35,1.18,1230000,250000,152,179631100.0,130,F1,5000,,,,,
2026-02-18,2026-02-18,FO,NSE,STO,82183,,ASHOKLEY,,2026-04-28,2026-04-28,205.0,CE,ASHOKLEY26APR205CE,0.0,0.0,0.0,9.83,0.0,9.83,208.35,13.72,0,0,0,0.0,0,F1,5000,,,,,
2026-02-18,2026-02-18,FO,NSE,STO,36145,,ASHOKLEY,,2026-02-24,2026-02-24,220.0,PE,ASHOKLEY26FEB220PE,0.0,0.0,0.0,15.27,15.27,15.27,208.35,11.77,495000,0,0,0.0,0,F1,5000,,,,,
2026-02-18,2026-02-18,FO,NSE,STO,68569,,ASHOKLEY,,2026-02-24,2026-02-24,235.0,PE,ASHOKLEY26FEB235PE,0.0,0.0,0.0,28.68,28.68,28.68,208.35,26.44,5000,0,0,0.0,0,F1,5000,,,,,
2026-02-18,2026-02-18,FO,NSE,STO,38866,,ASHOKLEY,,2026-03-30,2026-03-30,235.0,PE,ASHOKLEY26MAR235PE,0.0,0.0,0.0,44.9,0.0,44.9,208.35,26.62,0,0,0,0.0,0,F1,5000,,,,,
2026-02-18,2026-02-18,FO,NSE,STO,82186,,ASHOKLEY,,2026-04-28,2026-04-28,210.0,PE,ASHOKLEY26APR210PE,0.0,0.0,0.0,21.94,0.0,21.94,208.35,10.63,0,0,0,0.0,0,F1,5000,,,,,
2026-02-18,2026-02-18,FO,NSE,STO,82175,,ASHOKLEY,,2026-04-28,2026-04-28,190.0,PE,ASHOKLEY26APR190PE,3.85,3.95,3.85,3.95,3.95,4.21,208.35,3.22,50000,25000,7,6786500.0,6,F1,5000,,,,,
2026-02-18,2026-02-18,FO,NSE,STO,68725,,ASHOKLEY,,2026-03-30,2026-03-30,225.0,PE,ASHOKLEY26MAR225PE,20.35,20.4,20.1,20.23,20.1,21.7,208.35,20.23,245000,10000,4,4904750.0,3,F1,5000,,,,,
2026-02-18,2026-02-18,FO,NSE,STO,68709,,ASHOKLEY,,2026-03-30,2026-03-30,185.0,PE,ASHOKLEY26MAR185PE,1.77,1.77,1.47,1.49,1.49,1.91,208.35,1.49,740000,125000,119,111003800.0,83,F1,5000,,,,,
2026-02-18,2026-02-18,FO,NSE,STO,48882,,ASHOKLEY,,2026-02-24,2026-02-24,210.0,PE,ASHOKLEY26FEB210PE,4.99,5.04,3.23,3.56,3.5,4.65,208.35,3.56,4210000,350000,934,998587850.0,756,F1,5000,,,,,
2026-02-18,2026-02-18,FO,NSE,STO,68496,,ASHOKLEY,,2026-02-24,2026-02-24,207.5,PE,ASHOKLEY26FEB207.5PE,3.28,3.3,2.04,2.23,2.23,3.26,208.35,2.23,1955000,70000,919,965100200.0,803,F1,5000,,,,,
2026-02-18,2026-02-18,FO,NSE,STO,82191,,ASHOKLEY,,2026-04-28,2026-04-28,225.0,CE,ASHOKLEY26APR225CE,0.0,0.0,0.0,4.47,0.0,4.47,208.35,5.53,0,0,0,0.0,0,F1,5000,,,,,
2026-02-18,2026-02-18,FO,NSE,STO,68720,,ASHOKLEY,,2026-03-30,2026-03-30,215.0,CE,ASHOKLEY26MAR215CE,5.3,5.54,4.55,4.62,4.78,5.15,208.35,4.62,1455000,530000,279,306873400.0,198,F1,5000,,,,,
2026-02-18,2026-02-18,FO,NSE,STO,68702,,ASHOKLEY,,2026-03-30,2026-03-30,170.0,CE,ASHOKLEY26MAR170CE,37.2,37.2,37.0,37.0,37.0,36.5,208.35,39.49,75000,25000,5,5177000.0,5,F1,5000,,,,,
2026-02-18,2026-02-18,FO,NSE,STO,68286,,ASHOKLEY,,2026-02-24,2026-02-24,172.5,PE,ASHOKLEY26FEB172.5PE,0.0,0.0,0.0,0.22,0.22,0.22,208.35,0.01,340000,0,0,0.0,0,F1,5000,,,,,
2026-02-18,2026-02-18,FO,NSE,STO,68317,,ASHOKLEY,,2026-02-24,2026-02-24,182.5,PE,ASHOKLEY26FEB182.5PE,0.11,0.11,0.08,0.09,0.09,0.12,208.35,0.01,405000,-40000,18,16432750.0,14,F1,5000,,,,,
2026-02-18,2026-02-18,FO,NSE,STO,74617,,ASHOKLEY,,2026-02-24,2026-02-24,200.0,PE,ASHOKLEY26FEB200PE,0.8,0.97,0.45,0.47,0.46,0.9,208.35,0.47,6700000,400000,1169,1172530950.0,877,F1,5000,,,,,
2026-02-18,2026-02-18,FO,NSE,STO,81965,,ASHOKLEY,,2026-03-30,2026-03-30,212.5,PE,ASHOKLEY26MAR212.5PE,0.0,0.0,0.0,14.95,14.95,14.95,208.35,9.88,40000,0,0,0.0,0,F1,5000,,,,,
2026-02-18,2026-02-18,FO,NSE,STO,82192,,ASHOKLEY,,2026-04-28,2026-04-28,225.0,PE,ASHOKLEY26APR225PE,0.0,0.0,0.0,33.02,0.0,33.02,208.35,19.86,0,0,0,0.0,0,F1,5000,,,,,
2026-02-18,2026-02-18,FO,NSE,STO,68287,,ASHOKLEY,,2026-02-24,2026-02-24,175.0,CE,ASHOKLEY26FEB175CE,0.0,0.0,0.0,15.19,15.19,15.19,208.35,33.51,95000,0,0,0.0,0,F1,5000,,,,,
2026-02-18,2026-02-18,FO,NSE,STO,74602,,ASHOKLEY,,2026-02-24,2026-02-24,178.0,CE,ASHOKLEY26FEB178CE,31.62,31.62,30.92,30.92,30.92,17.0,208.35,30.51,95000,0,2,2092700.0,2,F1,5000,,,,,
2026-02-18,2026-02-18,FO,NSE,STO,68318,,ASHOKLEY,,2026-02-24,2026-02-24,185.0,CE,ASHOKLEY26FEB185CE,24.45,24.45,22.9,23.4,23.4,23.29,208.35,23.52,1175000,-10000,5,5211600.0,5,F1,5000,,,,,
2026-02-18,2026-02-18,FO,NSE,STO,74616,,ASHOKLEY,,2026-02-24,2026-02-24,200.0,CE,ASHOKLEY26FEB200CE,8.46,10.1,8.15,8.98,9.15,8.86,208.35,8.98,2915000,-455000,428,447879200.0,352,F1,5000,,,,,
2026-02-18,2026-02-18,FO,NSE,STO,81920,,ASHOKLEY,,2026-03-30,2026-03-30,177.5,CE,ASHOKLEY26MAR177.5CE,0.0,0.0,0.0,21.5,0.0,21.5,208.35,32.3,0,0,0,0.0,0,F1,5000,,,,,
2026-02-18,2026-02-18,FO,NSE,STO,82068,,ASHOKLEY,,2026-04-28,2026-04-28,180.0,CE,ASHOKLEY26APR180CE,0.0,0.0,0.0,22.32,0.0,22.32,208.35,31.65,0,0,0,0.0,0,F1,5000,,,,,
2026-02-18,2026-02-18,FO,NSE,STO,82150,,ASHOKLEY,,2026-04-28,2026-04-28,180.0,PE,ASHOKLEY26APR180PE,0.0,0.0,0.0,2.1,2.1,2.1,208.35,1.44,65000,0,0,0.0,0,F1,5000,,,,,
2026-02-18,2026-02-18,FO,NSE,STO,68279,,ASHOKLEY,,2026-02-24,2026-02-24,162.5,CE,ASHOKLEY26FEB162.5CE,0.0,0.0,0.0,39.2,39.2,39.2,208.35,46.0,10000,0,0,0.0,0,F1,5000,,,,,
2026-02-18,2026-02-18,FO,NSE,STO,68285,,ASHOKLEY,,2026-02-24,2026-02-24,172.5,CE,ASHOKLEY26FEB172.5CE,0.0,0.0,0.0,13.9,0.0,13.9,208.35,36.01,0,0,0,0.0,0,F1,5000,,,,,
2026-02-18,2026-02-18,FO,NSE,STO,68316,,ASHOKLEY,,2026-02-24,2026-02-24,182.5,CE,ASHOKLEY26FEB182.5CE,0.0,0.0,0.0,19.29,19.29,19.29,208.35,26.02,125000,0,0,0.0,0,F1,5000,,,,,
2026-02-18,2026-02-18,FO,NSE,STO,74614,,ASHOKLEY,,2026-02-24,2026-02-24,196.0,CE,ASHOKLEY26FEB196CE,0.0,0.0,0.0,12.5,12.5,12.5,208.35,12.71,380000,0,0,0.0,0,F1,5000,,,,,
2026-02-18,2026-02-18,FO,NSE,STO,68431,,ASHOKLEY,,2026-02-24,2026-02-24,207.5,CE,ASHOKLEY26FEB207.5CE,3.6,4.33,2.94,3.42,3.34,3.68,208.35,3.42,2495000,-1030000,1795,1895355250.0,1664,F1,5000,,,,,
2026-02-18,2026-02-18,FO,NSE,STO,68718,,ASHOKLEY,,2026-03-30,2026-03-30,210.0,CE,ASHOKLEY26MAR210CE,6.9,7.36,6.4,6.51,6.51,6.91,208.35,6.51,3255000,495000,483,523730450.0,422,F1,5000,,,,,
2026-02-18,2026-02-18,FO,NSE,STO,68339,,ASHOKLEY,,2026-02-24,2026-02-24,187.5,CE,ASHOKLEY26FEB187.5CE,21.5,21.5,21.5,21.5,21.5,18.35,208.35,21.03,1075000,-5000,1,1045000.0,1,F1,5000,,,,,
2026-02-18,2026-02-18,FO,NSE,STO,74610,,ASHOKLEY,,2026-02-24,2026-02-24,188.0,CE,ASHOKLEY26FEB188CE,20.7,20.7,20.7,20.7,20.7,25.78,208.35,20.53,380000,0,1,1043500.0,1,F1,5000,,,,,
2026-02-18,2026-02-18,FO,NSE,STO,68341,,ASHOKLEY,,2026-02-24,2026-02-24,192.5,CE,ASHOKLEY26FEB192.5CE,16.0,16.91,15.48,16.37,16.5,14.11,208.35,16.37,630000,-35000,37,38617650.0,33,F1,5000,,,,,
2026-02-18,2026-02-18,FO,NSE,STO,81906,,ASHOKLEY,,2026-03-30,2026-03-30,172.5,CE,ASHOKLEY26MAR172.5CE,0.0,0.0,0.0,25.21,0.0,25.21,208.35,37.07,0,0,0,0.0,0,F1,5000,,,,,
2026-02-18,2026-02-18,FO,NSE,STO,81951,,ASHOKLEY,,2026-03-30,2026-03-30,187.5,CE,ASHOKLEY26MAR187.5CE,0.0,0.0,0.0,15.06,0.0,15.06,208.35,23.29,0,0,0,0.0,0,F1,5000,,,,,
2026-02-18,2026-02-18,FO,NSE,STO,82007,,ASHOKLEY,,2026-03-30,2026-03-30,227.5,CE,ASHOKLEY26MAR227.5CE,1.92,2.0,1.92,2.0,2.0,2.47,208.35,2.52,35000,15000,9,10325650.0,8,F1,5000,,,,,
2026-02-18,2026-02-18,FO,NSE,STO,82199,,ASHOKLEY,,2026-04-28,2026-04-28,240.0,CE,ASHOKLEY26APR240CE,0.0,0.0,0.0,2.31,0.0,2.31,208.35,2.44,0,0,0,0.0,0,F1,5000,,,,,
2026-02-18,2026-02-18,FO,NSE,STO,74272,,ASHOKLEY,,2026-02-24,2026-02-24,132.0,PE,ASHOKLEY26FEB132PE,0.08,0.1,0.04,0.04,0.04,0.09,208.35,0.01,120000,35000,7,4622250.0,7,F1,5000,,,,,
2026-02-18,2026-02-18,FO,NSE,STO,68280,,ASHOKLEY,,2026-02-24,2026-02-24,162.5,PE,ASHOKLEY26FEB162.5PE,0.0,0.0,0.0,1.12,1.12,1.12,208.35,0.01,5000,0,0,0.0,0,F1,5000,,,,,
2026-02-18,2026-02-18,FO,NSE,STO,74605,,ASHOKLEY,,2026-02-24,2026-02-24,180.0,PE,ASHOKLEY26FEB180PE,0.1,0.1,0.06,0.06,0.06,0.1,208.35,0.06,2330000,-180000,96,86437750.0,70,F1,5000,,,,,
2026-02-18,2026-02-18,FO,NSE,STO,68338,,ASHOKLEY,,2026-02-24,2026-02-24,185.0,PE,ASHOKLEY26FEB185PE,0.15,0.15,0.09,0.09,0.09,0.14,208.35,0.09,3900000,-270000,257,237861950.0,206,F1,5000,,,,,
2026-02-18,2026-02-18,FO,NSE,STO,68525,,ASHOKLEY,,2026-02-24,2026-02-24,227.5,PE,ASHOKLEY26FEB227.5PE,0.0,0.0,0.0,47.28,0.0,47.28,208.35,18.98,0,0,0,0.0,0,F1,5000,,,,,
2026-02-18,2026-02-18,FO,NSE,STO,81956,,ASHOKLEY,,2026-03-30,2026-03-30,197.5,PE,ASHOKLEY26MAR197.5PE,4.21,4.27,4.01,4.1,4.1,6.46,208.35,3.43,50000,0,4,4032950.0,4,F1,5000,,,,,
2026-02-18,2026-02-18,FO,NSE,STO,81969,,ASHOKLEY,,2026-03-30,2026-03-30,222.5,PE,ASHOKLEY26MAR222.5PE,0.0,0.0,0.0,30.12,0.0,30.12,208.35,16.45,0,0,0,0.0,0,F1,5000,,,,,
2026-02-18,2026-02-18,FO,NSE,STF,51757,,ASHOKLEY,,2026-03-30,2026-03-30,,,ASHOKLEY26MARFUT,207.2,207.51,205.06,206.6,206.89,206.0,208.35,206.6,29035000,6080000,3315,3426142400.0,2947,F1,5000,,,,,
2026-02-18,2026-02-18,FO,NSE,STO,82174,,ASHOKLEY,,2026-04-28,2026-04-28,190.0,CE,ASHOKLEY26APR190CE,0.0,0.0,0.0,16.46,0.0,16.46,208.35,23.54,0,0,0,0.0,0,F1,5000,,,,,
2026-02-18,2026-02-18,FO,NSE,STO,68288,,ASHOKLEY,,2026-02-24,2026-02-24,175.0,PE,ASHOKLEY26FEB175PE,0.08,0.08,0.04,0.04,0.04,0.08,208.35,0.01,895000,-210000,49,42888200.0,20,F1,5000,,,,,
2026-02-18,2026-02-18,FO,NSE,STO,36085,,ASHOKLEY,,2026-02-24,2026-02-24,190.0,PE,ASHOKLEY26FEB190PE,0.14,0.21,0.11,0.11,0.13,0.21,208.35,0.11,3265000,-420000,549,521950450.0,381,F1,5000,,,,,
2026-02-18,2026-02-18,FO,NSE,STO,68351,,ASHOKLEY,,2026-02-24,2026-02-24,192.5,PE,ASHOKLEY26FEB192.5PE,0.23,0.23,0.13,0.13,0.13,0.27,208.35,0.13,735000,-185000,313,301525350.0,262,F1,5000,,,,,
2026-02-18,2026-02-18,FO,NSE,STO,68519,,ASHOKLEY,,2026-02-24,2026-02-24,217.5,PE,ASHOKLEY26FEB217.5PE,10.2,10.2,8.93,9.4,9.09,10.34,208.35,9.4,305000,40000,40,45371400.0,33,F1,5000,,,,,
2026-02-18,2026-02-18,FO,NSE,STO,82193,,ASHOKLEY,,2026-04-28,2026-04-28,230.0,CE,ASHOKLEY26APR230CE,3.0,3.0,3.0,3.0,3.0,3.0,208.35,4.27,20000,15000,3,3495000.0,2,F1,5000,,,,,
2026-02-18,2026-02-18,FO,NSE,STO,82185,,ASHOKLEY,,2026-04-28,2026-04-28,210.0,CE,ASHOKLEY26APR210CE,8.4,8.7,8.4,8.7,8.7,8.0,208.35,11.16,105000,5000,4,4370750.0,4,F1,5000,,,,,
2026-02-18,2026-02-18,FO,NSE,STO,82176,,ASHOKLEY,,2026-04-28,2026-04-28,195.0,CE,ASHOKLEY26APR195CE,0.0,0.0,0.0,13.96,0.0,13.96,208.35,19.92,0,0,0,0.0,0,F1,5000,,,,,
2026-02-18,2026-02-18,FO,NSE,STO,82059,,ASHOKLEY,,2026-04-28,2026-04-28,160.0,PE,ASHOKLEY26APR160PE,0.0,0.0,0.0,1.88,0.0,1.88,208.35,0.16,0,0,0,0.0,0,F1,5000,,,,,
2026-02-18,2026-02-18,FO,NSE,STO,74591,,ASHOKLEY,,2026-02-24,2026-02-24,170.0,PE,ASHOKLEY26FEB170PE,0.05,0.05,0.03,0.03,0.03,0.05,208.35,0.03,1855000,-295000,87,73966750.0,64,F1,5000,,,,,
2026-02-18,2026-02-18,FO,NSE,STO,82240,,ASHOKLEY,,2026-04-28,2026-04-28,240.0,PE,ASHOKLEY26APR240PE,0.0,0.0,0.0,45.64,0.0,45.64,208.35,31.61,0,0,0,0.0,0,F1,5000,,,,,
2026-02-18,2026-02-18,FO,NSE,STO,74608,,ASHOKLEY,,2026-02-24,2026-02-24,184.0,CE,ASHOKLEY26FEB184CE,0.0,0.0,0.0,22.75,22.75,22.75,208.35,24.52,60000,0,0,0.0,0,F1,5000,,,,,
2026-02-18,2026-02-18,FO,NSE,STO,36144,,ASHOKLEY,,2026-02-24,2026-02-24,220.0,CE,ASHOKLEY26FEB220CE,0.69,0.73,0.35,0.38,0.39,0.69,208.35,0.38,10570000,-730000,1701,1875448400.0,1196,F1,5000,,,,,
2026-02-18,2026-02-18,FO,NSE,STO,68524,,ASHOKLEY,,2026-02-24,2026-02-24,227.5,CE,ASHOKLEY26FEB227.5CE,0.26,0.31,0.11,0.13,0.14,0.31,208.35,0.13,680000,-75000,323,367726350.0,247,F1,5000,,,,,
2026-02-18,2026-02-18,FO,NSE,STO,68526,,ASHOKLEY,,2026-02-24,2026-02-24,230.0,CE,ASHOKLEY26FEB230CE,0.25,0.25,0.09,0.09,0.1,0.24,208.35,0.09,5435000,-1310000,1003,1154210750.0,669,F1,5000,,,,,
2026-02-18,2026-02-18,FO,NSE,STO,81949,,ASHOKLEY,,2026-03-30,2026-03-30,182.5,CE,ASHOKLEY26MAR182.5CE,0.0,0.0,0.0,18.11,0.0,18.11,208.35,27.68,0,0,0,0.0,0,F1,5000,,,,,
2026-02-18,2026-02-18,FO,NSE,STO,82062,,ASHOKLEY,,2026-04-28,2026-04-28,170.0,CE,ASHOKLEY26APR170CE,0.0,0.0,0.0,29.32,0.0,29.32,208.35,40.64,0,0,0,0.0,0,F1,5000,,,,,
2026-02-18,2026-02-18,FO,NSE,STO,82056,,ASHOKLEY,,2026-04-28,2026-04-28,160.0,CE,ASHOKLEY26APR160CE,0.0,0.0,0.0,37.33,0.0,37.33,208.35,50.16,0,0,0,0.0,0,F1,5000,,,,,
2026-02-18,2026-02-18,FO,NSE,STO,68724,,ASHOKLEY,,2026-03-30,2026-03-30,225.0,CE,ASHOKLEY26MAR225CE,2.75,2.96,2.3,2.35,2.43,2.78,208.35,2.35,1060000,255000,109,123977850.0,71,F1,5000,,,,,
2026-02-18,2026-02-18,FO,NSE,STO,75231,,ASTRAL,,2026-02-24,2026-02-24,1160.0,PE,ASTRAL26FEB1160PE,0.3,0.3,0.25,0.25,0.25,0.3,1636.6,0.05,13600,-2125,6,2958658.75,4,F1,425,,,,,
2026-02-18,2026-02-18,FO,NSE,STO,75251,,ASTRAL,,2026-02-24,2026-02-24,1320.0,PE,ASTRAL26FEB1320PE,0.3,0.5,0.3,0.5,0.5,0.5,1636.6,0.05,51000,-1275,5,2805956.25,4,F1,425,,,,,
2026-02-18,2026-02-18,FO,NSE,STO,69952,,ASTRAL,,2026-02-24,2026-02-24,1380.0,PE,ASTRAL26FEB1380PE,0.5,0.5,0.25,0.4,0.4,0.95,1636.6,0.4,48025,-17000,115,67465413.75,42,F1,425,,,,,
2026-02-18,2026-02-18,FO,NSE,STO,75264,,ASTRAL,,2026-02-24,2026-02-24,1400.0,PE,ASTRAL26FEB1400PE,0.75,0.85,0.55,0.65,0.75,0.8,1636.6,0.65,114325,1275,47,27979598.75,43,F1,425,,,,,
2026-02-18,2026-02-18,FO,NSE,STO,69959,,ASTRAL,,2026-02-24,2026-02-24,1420.0,PE,ASTRAL26FEB1420PE,0.8,0.8,0.5,0.5,0.5,1.25,1636.6,0.5,72675,-1275,7,4226731.25,7,F1,425,,,,,
2026-02-18,2026-02-18,FO,NSE,STO,75272,,ASTRAL,,2026-02-24,2026-02-24,1560.0,PE,ASTRAL26FEB1560PE,5.3,6.05,2.9,3.2,3.4,5.1,1636.6,3.2,173825,28900,647,430207482.5,530,F1,425,,,,,
2026-02-18,2026-02-18,FO,NSE,STO,75278,,ASTRAL,,2026-02-24,2026-02-24,1680.0,PE,ASTRAL26FEB1680PE,67.4,75.0,64.3,64.3,64.3,78.8,1636.6,50.45,5100,-2550,30,22315751.25,28,F1,425,,,,,
2026-02-18,2026-02-18,FO,NSE,STO,70159,,ASTRAL,,2026-03-30,2026-03-30,1320.0,PE,ASTRAL26MAR1320PE,2.0,2.0,2.0,2.0,2.0,6.0,1636.6,2.0,17000,-425,1,561850.0,1,F1,425,,,,,
2026-02-18,2026-02-18,FO,NSE,STO,70220,,ASTRAL,,2026-03-30,2026-03-30,1640.0,PE,ASTRAL26MAR1640PE,79.0,80.0,72.4,77.55,77.55,70.55,1636.6,57.6,9350,4675,16,11665527.5,16,F1,425,,,,,
2026-02-18,2026-02-18,FO,NSE,STO,70222,,ASTRAL,,2026-03-30,2026-03-30,1680.0,PE,ASTRAL26MAR1680PE,0.0,0.0,0.0,96.0,96.0,96.0,1636.6,79.6,2975,0,0,0.0,0,F1,425,,,,,
2026-02-18,2026-02-18,FO,NSE,STO,83535,,ASTRAL,,2026-04-28,2026-04-28,1840.0,PE,ASTRAL26APR1840PE,0.0,0.0,0.0,418.6,0.0,418.6,1636.6,206.75,0,0,0,0.0,0,F1,425,,,,,
2026-02-18,2026-02-18,FO,NSE,STO,69939,,ASTRAL,,2026-02-24,2026-02-24,1300.0,CE,ASTRAL26FEB1300CE,0.0,0.0,0.0,112.65,112.65,112.65,1636.6,337.75,425,0,0,0.0,0,F1,425,,,,,
2026-02-18,2026-02-18,FO,NSE,STO,69941,,ASTRAL,,2026-02-24,2026-02-24,1340.0,CE,ASTRAL26FEB1340CE,0.0,0.0,0.0,221.0,221.0,221.0,1636.6,297.8,11050,0,0,0.0,0,F1,425,,,,,
2026-02-18,2026-02-18,FO,NSE,STO,69964,,ASTRAL,,2026-02-24,2026-02-24,1540.0,CE,ASTRAL26FEB1540CE,81.1,82.95,69.95,80.3,77.0,84.4,1636.6,80.3,87550,-3825,64,43937010.0,54,F1,425,,,,,
2026-02-18,2026-02-18,FO,NSE,STO,69967,,ASTRAL,,2026-02-24,2026-02-24,1580.0,PE,ASTRAL26FEB1580PE,8.55,10.4,5.3,5.65,6.15,8.45,1636.6,5.65,238850,7225,325,219359478.75,300,F1,425,,,,,
2026-02-18,2026-02-18,FO,NSE,STO,75271,,ASTRAL,,2026-02-24,2026-02-24,1560.0,CE,ASTRAL26FEB1560CE,62.65,66.3,51.0,61.85,60.85,66.8,1636.6,61.85,98600,-6375,98,67360800.0,90,F1,425,,,,,
2026-02-18,2026-02-18,FO,NSE,STO,83498,,ASTRAL,,2026-04-28,2026-04-28,1720.0,PE,ASTRAL26APR1720PE,0.0,0.0,0.0,309.85,0.0,309.85,1636.6,118.5,0,0,0,0.0,0,F1,425,,,,,
2026-02-18,2026-02-18,FO,NSE,STO,83447,,ASTRAL,,2026-04-28,2026-04-28,1520.0,PE,ASTRAL26APR1520PE,0.0,0.0,0.0,152.5,0.0,152.5,1636.6,28.0,0,0,0,0.0,0,F1,425,,,,,
2026-02-18,2026-02-18,FO,NSE,STO,70228,,ASTRAL,,2026-03-30,2026-03-30,1800.0,PE,ASTRAL26MAR1800PE,0.0,0.0,0.0,418.5,0.0,418.5,1636.6,167.05,0,0,0,0.0,0,F1,425,,,,,
2026-02-18,2026-02-18,FO,NSE,STO,83075,,ASTRAL,,2026-03-30,2026-03-30,1460.0,PE,ASTRAL26MAR1460PE,10.35,11.9,10.25,10.4,10.5,10.4,1636.6,10.4,12750,1275,36,22508148.75,34,F1,425,,,,,
2026-02-18,2026-02-18,FO,NSE,STO,70167,,ASTRAL,,2026-03-30,2026-03-30,1440.0,PE,ASTRAL26MAR1440PE,8.9,8.9,8.9,8.9,8.9,10.25,1636.6,4.8,4675,425,1,615782.5,1,F1,425,,,,,
2026-02-18,2026-02-18,FO,NSE,STO,69977,,ASTRAL,,2026-02-24,2026-02-24,1740.0,PE,ASTRAL26FEB1740PE,0.0,0.0,0.0,366.1,0.0,366.1,1636.6,103.0,0,0,0,0.0,0,F1,425,,,,,
2026-02-18,2026-02-18,FO,NSE,STO,75247,,ASTRAL,,2026-02-24,2026-02-24,1240.0,PE,ASTRAL26FEB1240PE,0.0,0.0,0.0,0.45,0.45,0.45,1636.6,0.05,42925,0,0,0.0,0,F1,425,,,,,
2026-02-18,2026-02-18,FO,NSE,STO,83459,,ASTRAL,,2026-04-28,2026-04-28,1640.0,CE,ASTRAL26APR1640CE,0.0,0.0,0.0,27.85,0.0,27.85,1636.6,86.6,0,0,0,0.0,0,F1,425,,,,,
2026-02-18,2026-02-18,FO,NSE,STO,70225,,ASTRAL,,2026-03-30,2026-03-30,1760.0,CE,ASTRAL26MAR1760CE,10.05,10.05,8.2,8.7,8.7,11.2,1636.6,8.7,4250,850,13,9773321.25,13,F1,425,,,,,
2026-02-18,2026-02-18,FO,NSE,STO,83070,,ASTRAL,,2026-03-30,2026-03-30,1380.0,CE,ASTRAL26MAR1380CE,0.0,0.0,0.0,95.15,0.0,95.15,1636.6,266.45,0,0,0,0.0,0,F1,425,,,,,
2026-02-18,2026-02-18,FO,NSE,STO,75269,,ASTRAL,,2026-02-24,2026-02-24,1520.0,CE,ASTRAL26FEB1520CE,100.55,102.1,89.0,96.9,96.9,102.65,1636.6,96.9,103275,-2550,54,37056323.75,41,F1,425,,,,,
2026-02-18,2026-02-18,FO,NSE,STO,75275,,ASTRAL,,2026-02-24,2026-02-24,1640.0,CE,ASTRAL26FEB1640CE,14.85,17.4,7.85,10.2,9.1,16.75,1636.6,10.2,421175,-51000,3623,2542058450.0,2889,F1,425,,,,,
2026-02-18,2026-02-18,FO,NSE,STO,70171,,ASTRAL,,2026-03-30,2026-03-30,1520.0,CE,ASTRAL26MAR1520CE,101.0,101.5,92.0,100.0,100.0,105.0,1636.6,100.0,11050,1700,61,41926568.75,25,F1,425,,,,,
2026-02-18,2026-02-18,FO,NSE,STO,70221,,ASTRAL,,2026-03-30,2026-03-30,1680.0,CE,ASTRAL26MAR1680CE,24.0,24.45,19.55,21.6,20.85,25.7,1636.6,21.6,70550,13175,104,75213503.75,84,F1,425,,,,,
2026-02-18,2026-02-18,FO,NSE,STO,83195,,ASTRAL,,2026-04-28,2026-04-28,1200.0,CE,ASTRAL26APR1200CE,0.0,0.0,0.0,236.5,0.0,236.5,1636.6,449.25,0,0,0,0.0,0,F1,425,,,,,
2026-02-18,2026-02-18,FO,NSE,STO,83456,,ASTRAL,,2026-04-28,2026-04-28,1600.0,CE,ASTRAL26APR1600CE,0.0,0.0,0.0,35.6,0.0,35.6,1636.6,108.05,0,0,0,0.0,0,F1,425,,,,,
2026-02-18,2026-02-18,FO,NSE,STO,75244,,ASTRAL,,2026-02-24,2026-02-24,1200.0,CE,ASTRAL26FEB1200CE,0.0,0.0,0.0,388.0,388.0,388.0,1636.6,437.7,1275,0,0,0.0,0,F1,425,,,,,
2026-02-18,2026-02-18,FO,NSE,STO,75246,,ASTRAL,,2026-02-24,2026-02-24,1240.0,CE,ASTRAL26FEB1240CE,0.0,0.0,0.0,342.7,342.7,342.7,1636.6,397.7,2550,0,0,0.0,0,F1,425,,,,,
2026-02-18,2026-02-18,FO,NSE,STO,75265,,ASTRAL,,2026-02-24,2026-02-24,1440.0,CE,ASTRAL26FEB1440CE,173.95,173.95,173.95,173.95,173.95,169.0,1636.6,197.9,59925,-425,1,685928.75,1,F1,425,,,,,
2026-02-18,2026-02-18,FO,NSE,STO,69961,,ASTRAL,,2026-02-24,2026-02-24,1460.0,PE,ASTRAL26FEB1460PE,1.25,1.25,0.6,0.65,0.65,1.3,1636.6,0.65,78200,1700,108,67052611.25,103,F1,425,,,,,
2026-02-18,2026-02-18,FO,NSE,STO,83091,,ASTRAL,,2026-03-30,2026-03-30,1540.0,PE,ASTRAL26MAR1540PE,25.8,30.0,25.35,26.05,27.0,127.2,1636.6,26.05,6800,5950,27,17983110.0,26,F1,425,,,,,
2026-02-18,2026-02-18,FO,NSE,STF,51774,,ASTRAL,,2026-03-30,2026-03-30,,,ASTRAL26MARFUT,1621.0,1621.0,1587.1,1599.2,1594.6,1604.9,1636.6,1599.2,2034900,260950,1619,1097522380.0,1463,F1,425,,,,,
2026-02-18,2026-02-18,FO,NSE,STO,69960,,ASTRAL,,2026-02-24,2026-02-24,1460.0,CE,ASTRAL26FEB1460CE,157.9,157.9,151.5,151.5,151.5,167.0,1636.6,177.95,60775,425,5,3435253.75,5,F1,425,,,,,
2026-02-18,2026-02-18,FO,NSE,STO,69962,,ASTRAL,,2026-02-24,2026-02-24,1500.0,CE,ASTRAL26FEB1500CE,119.3,121.7,107.6,120.55,120.0,125.5,1636.6,120.55,116450,-10625,80,54885902.5,65,F1,425,,,,,
2026-02-18,2026-02-18,FO,NSE,STO,69972,,ASTRAL,,2026-02-24,2026-02-24,1700.0,CE,ASTRAL26FEB1700CE,4.5,4.55,1.85,2.05,1.95,4.4,1636.6,2.05,156400,-5100,430,311141161.25,353,F1,425,,,,,
2026-02-18,2026-02-18,FO,NSE,STO,83098,,ASTRAL,,2026-03-30,2026-03-30,1620.0,CE,ASTRAL26MAR1620CE,47.25,47.25,36.85,40.0,38.85,46.05,1636.6,40.0,50150,5950,177,124885995.0,136,F1,425,,,,,
2026-02-18,2026-02-18,FO,NSE,STO,70223,,ASTRAL,,2026-03-30,2026-03-30,1720.0,CE,ASTRAL26MAR1720CE,15.9,15.95,12.6,13.9,13.55,17.0,1636.6,13.9,25500,2550,55,40537711.25,51,F1,425,,,,,
2026-02-18,2026-02-18,FO,NSE,STO,70229,,ASTRAL,,2026-03-30,2026-03-30,1840.0,CE,ASTRAL26MAR1840CE,0.0,0.0,0.0,3.95,0.0,3.95,1636.6,9.2,0,0,0,0.0,0,F1,425,,,,,
2026-02-18,2026-02-18,FO,NSE,STO,83327,,ASTRAL,,2026-04-28,2026-04-28,1480.0,CE,ASTRAL26APR1480CE,0.0,0.0,0.0,69.85,0.0,69.85,1636.6,190.75,0,0,0,0.0,0,F1,425,,,,,
2026-02-18,2026-02-18,FO,NSE,STO,83448,,ASTRAL,,2026-04-28,2026-04-28,1560.0,CE,ASTRAL26APR1560CE,0.0,0.0,0.0,44.9,0.0,44.9,1636.6,132.65,0,0,0,0.0,0,F1,425,,,,,
2026-02-18,2026-02-18,FO,NSE,STO,75280,,ASTRAL,,2026-02-24,2026-02-24,1720.0,PE,ASTRAL26FEB1720PE,0.0,0.0,0.0,119.1,119.1,119.1,1636.6,84.3,5525,0,0,0.0,0,F1,425,,,,,
2026-02-18,2026-02-18,FO,NSE,STO,70165,,ASTRAL,,2026-03-30,2026-03-30,1400.0,PE,ASTRAL26MAR1400PE,6.05,6.15,5.2,5.65,5.2,6.0,1636.6,5.65,42075,18275,57,34059351.25,35,F1,425,,,,,
2026-02-18,2026-02-18,FO,NSE,STO,83322,,ASTRAL,,2026-04-28,2026-04-28,1360.0,PE,ASTRAL26APR1360PE,0.0,0.0,0.0,64.2,0.0,64.2,1636.6,4.25,0,0,0,0.0,0,F1,425,,,,,
2026-02-18,2026-02-18,FO,NSE,STO,83534,,ASTRAL,,2026-04-28,2026-04-28,1840.0,CE,ASTRAL26APR1840CE,0.0,0.0,0.0,7.3,0.0,7.3,1636.6,22.35,0,0,0,0.0,0,F1,425,,,,,
2026-02-18,2026-02-18,FO,NSE,STO,75249,,ASTRAL,,2026-02-24,2026-02-24,1280.0,PE,ASTRAL26FEB1280PE,0.0,0.0,0.0,0.55,0.55,0.55,1636.6,0.05,31450,0,0,0.0,0,F1,425,,,,,
2026-02-18,2026-02-18,FO,NSE,STO,83434,,ASTRAL,,2026-04-28,2026-04-28,1480.0,PE,ASTRAL26APR1480PE,0.0,0.0,0.0,126.7,0.0,126.7,1636.6,18.85,0,0,0,0.0,0,F1,425,,,,,
2026-02-18,2026-02-18,FO,NSE,STO,83069,,ASTRAL,,2026-03-30,2026-03-30,1340.0,PE,ASTRAL26MAR1340PE,0.0,0.0,0.0,19.65,19.65,19.65,1636.6,0.65,425,0,0,0.0,0,F1,425,,,,,
2026-02-18,2026-02-18,FO,NSE,STO,70226,,ASTRAL,,2026-03-30,2026-03-30,1760.0,PE,ASTRAL26MAR1760PE,0.0,0.0,0.0,381.05,0.0,381.05,1636.6,134.8,0,0,0,0.0,0,F1,425,,,,,
2026-02-18,2026-02-18,FO,NSE,STO,70224,,ASTRAL,,2026-03-30,2026-03-30,1720.0,PE,ASTRAL26MAR1720PE,0.0,0.0,0.0,344.3,0.0,344.3,1636.6,105.45,0,0,0,0.0,0,F1,425,,,,,
2026-02-18,2026-02-18,FO,NSE,STO,70181,,ASTRAL,,2026-03-30,2026-03-30,1600.0,PE,ASTRAL26MAR1600PE,53.0,56.55,49.0,50.25,52.2,49.8,1636.6,50.25,52700,22525,123,86410383.75,116,F1,425,,,,,
2026-02-18,2026-02-18,FO,NSE,STO,83077,,ASTRAL,,2026-03-30,2026-03-30,1500.0,PE,ASTRAL26MAR1500PE,16.6,19.4,16.0,16.1,16.25,16.15,1636.6,16.1,111350,43775,241,155469186.25,180,F1,425,,,,,
2026-02-18,2026-02-18,FO,NSE,STO,83071,,ASTRAL,,2026-03-30,2026-03-30,1380.0,PE,ASTRAL26MAR1380PE,5.3,5.3,4.8,5.0,5.0,28.8,1636.6,1.55,7225,5525,15,8828801.25,15,F1,425,,,,,
2026-02-18,2026-02-18,FO,NSE,STO,75284,,ASTRAL,,2026-02-24,2026-02-24,1800.0,PE,ASTRAL26FEB1800PE,0.0,0.0,0.0,324.35,0.0,324.35,1636.6,161.85,0,0,0,0.0,0,F1,425,,,,,
2026-02-18,2026-02-18,FO,NSE,STO,69971,,ASTRAL,,2026-02-24,2026-02-24,1660.0,PE,ASTRAL26FEB1660PE,53.0,59.0,46.3,46.3,46.3,47.8,1636.6,46.3,9775,-1700,62,45132365.0,60,F1,425,,,,,
2026-02-18,2026-02-18,FO,NSE,STO,75268,,ASTRAL,,2026-02-24,2026-02-24,1480.0,PE,ASTRAL26FEB1480PE,1.5,1.55,0.7,0.7,0.7,1.6,1636.6,0.7,79475,12750,182,114560258.75,147,F1,425,,,,,
2026-02-18,2026-02-18,FO,NSE,STO,75266,,ASTRAL,,2026-02-24,2026-02-24,1440.0,PE,ASTRAL26FEB1440PE,1.0,1.0,0.5,0.5,0.5,1.1,1636.6,0.5,26775,-9775,38,23268516.25,32,F1,425,,,,,
2026-02-18,2026-02-18,FO,NSE,STO,75253,,ASTRAL,,2026-02-24,2026-02-24,1360.0,PE,ASTRAL26FEB1360PE,0.0,0.0,0.0,0.4,0.4,0.4,1636.6,0.05,64600,0,0,0.0,0,F1,425,,,,,
2026-02-18,2026-02-18,FO,NSE,STO,83499,,ASTRAL,,2026-04-28,2026-04-28,1760.0,CE,ASTRAL26APR1760CE,0.0,0.0,0.0,12.75,0.0,12.75,1636.6,40.35,0,0,0,0.0,0,F1,425,,,,,
2026-02-18,2026-02-18,FO,NSE,STO,83470,,ASTRAL,,2026-04-28,2026-04-28,1720.0,CE,ASTRAL26APR1720CE,0.0,0.0,0.0,16.65,0.0,16.65,1636.6,52.9,0,0,0,0.0,0,F1,425,,,,,
2026-02-18,2026-02-18,FO,NSE,STO,70176,,ASTRAL,,2026-03-30,2026-03-30,1560.0,CE,ASTRAL26MAR1560CE,0.0,0.0,0.0,67.0,67.0,67.0,1636.6,111.9,850,0,0,0.0,0,F1,425,,,,,
2026-02-18,2026-02-18,FO,NSE,STO,69976,,ASTRAL,,2026-02-24,2026-02-24,1740.0,CE,ASTRAL26FEB1740CE,1.45,1.6,0.95,1.05,0.95,1.95,1636.6,1.05,31025,-11050,101,74740330.0,79,F1,425,,,,,
2026-02-18,2026-02-18,FO,NSE,STO,75277,,ASTRAL,,2026-02-24,2026-02-24,1680.0,CE,ASTRAL26FEB1680CE,6.15,6.15,2.8,3.4,3.0,6.75,1636.6,3.4,121975,-25500,910,651215111.25,741,F1,425,,,,,
2026-02-18,2026-02-18,FO,NSE,STO,75282,,ASTRAL,,2026-02-24,2026-02-24,1760.0,PE,ASTRAL26FEB1760PE,0.0,0.0,0.0,289.8,0.0,289.8,1636.6,122.35,0,0,0,0.0,0,F1,425,,,,,
2026-02-18,2026-02-18,FO,NSE,STO,70162,,ASTRAL,,2026-03-30,2026-03-30,1360.0,PE,ASTRAL26MAR1360PE,0.0,0.0,0.0,5.0,5.0,5.0,1636.6,1.05,6800,0,0,0.0,0,F1,425,,,,,
2026-02-18,2026-02-18,FO,NSE,STO,75286,,ASTRAL,,2026-02-24,2026-02-24,1840.0,PE,ASTRAL26FEB1840PE,222.2,230.55,221.7,230.55,230.55,359.85,1636.6,201.75,0,0,10,8779947.5,4,F1,425,,,,,
2026-02-18,2026-02-18,FO,NSE,STO,70143,,ASTRAL,,2026-03-30,2026-03-30,1240.0,CE,ASTRAL26MAR1240CE,0.0,0.0,0.0,348.2,348.2,348.2,1636.6,404.1,2550,0,0,0.0,0,F1,425,,,,,
2026-02-18,2026-02-18,FO,NSE,STO,83072,,ASTRAL,,2026-03-30,2026-03-30,1420.0,CE,ASTRAL26MAR1420CE,0.0,0.0,0.0,75.2,0.0,75.2,1636.6,228.55,0,0,0,0.0,0,F1,425,,,,,
2026-02-18,2026-02-18,FO,NSE,STO,83325,,ASTRAL,,2026-04-28,2026-04-28,1440.0,CE,ASTRAL26APR1440CE,0.0,0.0,0.0,85.8,0.0,85.8,1636.6,223.6,0,0,0,0.0,0,F1,425,,,,,
2026-02-18,2026-02-18,FO,NSE,STO,83501,,ASTRAL,,2026-04-28,2026-04-28,1800.0,CE,ASTRAL26APR1800CE,0.0,0.0,0.0,9.65,0.0,9.65,1636.6,30.25,0,0,0,0.0,0,F1,425,,,,,
2026-02-18,2026-02-18,FO,NSE,STO,69969,,ASTRAL,,2026-02-24,2026-02-24,1620.0,PE,ASTRAL26FEB1620PE,22.45,28.8,18.45,20.0,21.85,22.45,1636.6,20.0,131750,59925,815,569604550.0,646,F1,425,,,,,
2026-02-18,2026-02-18,FO,NSE,STO,70166,,ASTRAL,,2026-03-30,2026-03-30,1440.0,CE,ASTRAL26MAR1440CE,0.0,0.0,0.0,63.75,0.0,63.75,1636.6,210.1,0,0,0,0.0,0,F1,425,,,,,
2026-02-18,2026-02-18,FO,NSE,STO,70145,,ASTRAL,,2026-03-30,2026-03-30,1280.0,CE,ASTRAL26MAR1280CE,0.0,0.0,0.0,305.2,305.2,305.2,1636.6,364.45,2125,0,0,0.0,0,F1,425,,,,,
2026-02-18,2026-02-18,FO,NSE,STO,69968,,ASTRAL,,2026-02-24,2026-02-24,1620.0,CE,ASTRAL26FEB1620CE,24.05,24.45,13.6,17.3,15.3,24.55,1636.6,17.3,216750,-78625,1534,1067809907.5,1251,F1,425,,,,,
2026-02-18,2026-02-18,FO,NSE,STO,75267,,ASTRAL,,2026-02-24,2026-02-24,1480.0,CE,ASTRAL26FEB1480CE,142.6,142.6,137.05,138.7,138.7,148.2,1636.6,158.0,27200,425,9,6196287.5,6,F1,425,,,,,
2026-02-18,2026-02-18,FO,NSE,STO,83539,,ASTRAL,,2026-04-28,2026-04-28,1920.0,PE,ASTRAL26APR1920PE,0.0,0.0,0.0,494.15,0.0,494.15,1636.6,275.2,0,0,0,0.0,0,F1,425,,,,,
2026-02-18,2026-02-18,FO,NSE,STO,75263,,ASTRAL,,2026-02-24,2026-02-24,1400.0,CE,ASTRAL26FEB1400CE,0.0,0.0,0.0,188.0,188.0,188.0,1636.6,237.85,70550,0,0,0.0,0,F1,425,,,,,
2026-02-18,2026-02-18,FO,NSE,STO,69953,,ASTRAL,,2026-02-24,2026-02-24,1420.0,CE,ASTRAL26FEB1420CE,0.0,0.0,0.0,172.65,172.65,172.65,1636.6,217.9,20825,0,0,0.0,0,F1,425,,,,,
2026-02-18,2026-02-18,FO,NSE,STO,83103,,ASTRAL,,2026-03-30,2026-03-30,1700.0,PE,ASTRAL26MAR1700PE,0.0,0.0,0.0,291.0,0.0,291.0,1636.6,92.05,0,0,0,0.0,0,F1,425,,,,,
2026-02-18,2026-02-18,FO,NSE,STO,83109,,ASTRAL,,2026-03-30,2026-03-30,1740.0,PE,ASTRAL26MAR1740PE,0.0,0.0,0.0,170.0,170.0,170.0,1636.6,119.75,425,0,0,0.0,0,F1,425,,,,,
2026-02-18,2026-02-18,FO,NSE,STO,83435,,ASTRAL,,2026-04-28,2026-04-28,1520.0,CE,ASTRAL26APR1520CE,0.0,0.0,0.0,56.3,0.0,56.3,1636.6,160.3,0,0,0,0.0,0,F1,425,,,,,
2026-02-18,2026-02-18,FO,NSE,STO,83100,,ASTRAL,,2026-03-30,2026-03-30,1660.0,CE,ASTRAL26MAR1660CE,27.55,28.55,24.25,26.0,26.0,31.25,1636.6,26.0,23375,5525,48,34403006.25,37,F1,425,,,,,
2026-02-18,2026-02-18,FO,NSE,STO,70152,,ASTRAL,,2026-03-30,2026-03-30,1280.0,PE,ASTRAL26MAR1280PE,0.0,0.0,0.0,8.95,8.95,8.95,1636.6,0.15,850,0,0,0.0,0,F1,425,,,,,
2026-02-18,2026-02-18,FO,NSE,STO,83102,,ASTRAL,,2026-03-30,2026-03-30,1700.0,CE,ASTRAL26MAR1700CE,18.5,20.0,15.65,17.05,16.6,26.15,1636.6,17.05,73950,73100,256,187007628.75,141,F1,425,,,,,
2026-02-18,2026-02-18,FO,NSE,STO,70227,,ASTRAL,,2026-03-30,2026-03-30,1800.0,CE,ASTRAL26MAR1800CE,6.3,6.85,5.45,6.05,5.7,7.5,1636.6,6.05,42075,-4675,81,62177797.5,68,F1,425,,,,,
2026-02-18,2026-02-18,FO,NSE,STO,75248,,ASTRAL,,2026-02-24,2026-02-24,1280.0,CE,ASTRAL26FEB1280CE,0.0,0.0,0.0,217.55,217.55,217.55,1636.6,357.75,850,0,0,0.0,0,F1,425,,,,,
2026-02-18,2026-02-18,FO,NSE,STO,69978,,ASTRAL,,2026-02-24,2026-02-24,1780.0,CE,ASTRAL26FEB1780CE,0.9,1.0,0.7,0.75,0.7,1.25,1636.6,0.75,13175,-5525,42,31789617.5,31,F1,425,,,,,
2026-02-18,2026-02-18,FO,NSE,STO,83068,,ASTRAL,,2026-03-30,2026-03-30,1340.0,CE,ASTRAL26MAR1340CE,264.8,264.8,264.8,264.8,264.8,250.05,1636.6,305.3,1275,0,3,2046120.0,3,F1,425,,,,,
2026-02-18,2026-02-18,FO,NSE,STO,83461,,ASTRAL,,2026-04-28,2026-04-28,1680.0,CE,ASTRAL26APR1680CE,0.0,0.0,0.0,21.65,0.0,21.65,1636.6,68.25,0,0,0,0.0,0,F1,425,,,,,
2026-02-18,2026-02-18,FO,NSE,STO,83128,,ASTRAL,,2026-03-30,2026-03-30,1780.0,PE,ASTRAL26MAR1780PE,0.0,0.0,0.0,365.35,0.0,365.35,1636.6,150.6,0,0,0,0.0,0,F1,425,,,,,
2026-02-18,2026-02-18,FO,NSE,STO,70230,,ASTRAL,,2026-03-30,2026-03-30,1840.0,PE,ASTRAL26MAR1840PE,0.0,0.0,0.0,456.4,0.0,456.4,1636.6,201.55,0,0,0,0.0,0,F1,425,,,,,
2026-02-18,2026-02-18,FO,NSE,STO,69981,,ASTRAL,,2026-02-24,2026-02-24,1780.0,PE,ASTRAL26FEB1780PE,0.0,0.0,0.0,404.85,0.0,404.85,1636.6,142.0,0,0,0,0.0,0,F1,425,,,,,
2026-02-18,2026-02-18,FO,NSE,STO,75245,,ASTRAL,,2026-02-24,2026-02-24,1200.0,PE,ASTRAL26FEB1200PE,0.2,0.2,0.2,0.2,0.2,0.25,1636.6,0.2,14025,-850,3,1530255.0,3,F1,425,,,,,
2026-02-18,2026-02-18,FO,NSE,STO,83096,,ASTRAL,,2026-03-30,2026-03-30,1580.0,CE,ASTRAL26MAR1580CE,0.0,0.0,0.0,24.9,0.0,24.9,1636.6,98.45,0,0,0,0.0,0,F1,425,,,,,
2026-02-18,2026-02-18,FO,NSE,STO,75283,,ASTRAL,,2026-02-24,2026-02-24,1800.0,CE,ASTRAL26FEB1800CE,0.8,0.85,0.5,0.6,0.6,1.0,1636.6,0.1,82875,-13600,159,121683556.25,112,F1,425,,,,,
2026-02-18,2026-02-18,FO,NSE,STO,75281,,ASTRAL,,2026-02-24,2026-02-24,1760.0,CE,ASTRAL26FEB1760CE,1.2,1.2,0.8,0.85,0.85,1.55,1636.6,0.85,34000,-13175,73,54636597.5,62,F1,425,,,,,
2026-02-18,2026-02-18,FO,NSE,STO,69966,,ASTRAL,,2026-02-24,2026-02-24,1580.0,CE,ASTRAL26FEB1580CE,43.75,47.65,34.85,44.1,40.35,52.25,1636.6,44.1,150875,425,139,95771858.75,124,F1,425,,,,,
2026-02-18,2026-02-18,FO,NSE,STF,59211,,ASTRAL,,2026-02-24,2026-02-24,,,ASTRAL26FEBFUT,1623.2,1623.2,1606.3,1618.7,1614.3,1622.4,1636.6,1618.7,8032075,-198050,2810,1927527362.5,2486,F1,425,,,,,
2026-02-18,2026-02-18,FO,NSE,STO,83204,,ASTRAL,,2026-04-28,2026-04-28,1200.0,PE,ASTRAL26APR1200PE,0.0,0.0,0.0,17.6,0.0,17.6,1636.6,0.25,0,0,0,0.0,0,F1,425,,,,,
2026-02-18,2026-02-18,FO,NSE,STO,83458,,ASTRAL,,2026-04-28,2026-04-28,1600.0,PE,ASTRAL26APR1600PE,0.0,0.0,0.0,210.6,0.0,210.6,1636.6,54.9,0,0,0,0.0,0,F1,425,,,,,
2026-02-18,2026-02-18,FO,NSE,STO,83099,,ASTRAL,,2026-03-30,2026-03-30,1620.0,PE,ASTRAL26MAR1620PE,0.0,0.0,0.0,220.75,0.0,220.75,1636.6,48.15,0,0,0,0.0,0,F1,425,,,,,
2026-02-18,2026-02-18,FO,NSE,STO,83101,,ASTRAL,,2026-03-30,2026-03-30,1660.0,PE,ASTRAL26MAR1660PE,0.0,0.0,0.0,255.2,0.0,255.2,1636.6,68.1,0,0,0,0.0,0,F1,425,,,,,
2026-02-18,2026-02-18,FO,NSE,STO,70144,,ASTRAL,,2026-03-30,2026-03-30,1240.0,PE,ASTRAL26MAR1240PE,0.0,0.0,0.0,31.9,0.0,31.9,1636.6,0.05,0,0,0,0.0,0,F1,425,,,,,
2026-02-18,2026-02-18,FO,NSE,STO,70177,,ASTRAL,,2026-03-30,2026-03-30,1560.0,PE,ASTRAL26MAR1560PE,36.0,37.35,33.0,33.0,33.0,31.65,1636.6,33.0,14450,6800,34,23051426.25,29,F1,425,,,,,
2026-02-18,2026-02-18,FO,NSE,STO,83324,,ASTRAL,,2026-04-28,2026-04-28,1400.0,PE,ASTRAL26APR1400PE,0.0,0.0,0.0,82.4,0.0,82.4,1636.6,7.4,0,0,0,0.0,0,F1,425,,,,,
2026-02-18,2026-02-18,FO,NSE,STO,83455,,ASTRAL,,2026-04-28,2026-04-28,1560.0,PE,ASTRAL26APR1560PE,0.0,0.0,0.0,180.5,0.0,180.5,1636.6,39.95,0,0,0,0.0,0,F1,425,,,,,
2026-02-18,2026-02-18,FO,NSE,STF,66714,,ASTRAL,,2026-04-28,2026-04-28,,,ASTRAL26APRFUT,1589.6,1593.0,1575.0,1587.7,1580.9,1594.4,1636.6,1587.7,62050,4250,31,20857852.5,30,F1,425,,,,,
2026-02-18,2026-02-18,FO,NSE,STO,75230,,ASTRAL,,2026-02-24,2026-02-24,1160.0,CE,ASTRAL26FEB1160CE,0.0,0.0,0.0,442.85,442.85,442.85,1636.6,477.65,4250,0,0,0.0,0,F1,425,,,,,
2026-02-18,2026-02-18,FO,NSE,STO,70127,,ASTRAL,,2026-03-30,2026-03-30,1120.0,CE,ASTRAL26MAR1120CE,0.0,0.0,0.0,476.75,476.75,476.75,1636.6,523.35,1275,0,0,0.0,0,F1,425,,,,,
2026-02-18,2026-02-18,FO,NSE,STO,83064,,ASTRAL,,2026-03-30,2026-03-30,1260.0,CE,ASTRAL26MAR1260CE,0.0,0.0,0.0,193.45,193.45,193.45,1636.6,384.25,1275,0,0,0.0,0,F1,425,,,,,
2026-02-18,2026-02-18,FO,NSE,STO,70161,,ASTRAL,,2026-03-30,2026-03-30,1360.0,CE,ASTRAL26MAR1360CE,0.0,0.0,0.0,98.0,0.0,98.0,1636.6,285.8,0,0,0,0.0,0,F1,425,,,,,
2026-02-18,2026-02-18,FO,NSE,STO,70168,,ASTRAL,,2026-03-30,2026-03-30,1480.0,CE,ASTRAL26MAR1480CE,129.0,129.0,129.0,129.0,129.0,93.15,1636.6,174.6,17000,0,2,1367650.0,1,F1,425,,,,,
2026-02-18,2026-02-18,FO,NSE,STO,83078,,ASTRAL,,2026-03-30,2026-03-30,1540.0,CE,ASTRAL26MAR1540CE,0.0,0.0,0.0,60.15,60.15,60.15,1636.6,126.35,425,0,0,0.0,0,F1,425,,,,,
2026-02-18,2026-02-18,FO,NSE,STO,70178,,ASTRAL,,2026-03-30,2026-03-30,1600.0,CE,ASTRAL26MAR1600CE,52.05,52.8,45.0,50.85,48.0,55.7,1636.6,50.85,160650,4675,120,84123437.5,105,F1,425,,,,,
2026-02-18,2026-02-18,FO,NSE,STO,83308,,ASTRAL,,2026-04-28,2026-04-28,1360.0,CE,ASTRAL26APR1360CE,0.0,0.0,0.0,125.55,0.0,125.55,1636.6,294.95,0,0,0,0.0,0,F1,425,,,,,
2026-02-18,2026-02-18,FO,NSE,STO,69950,,ASTRAL,,2026-02-24,2026-02-24,1340.0,PE,ASTRAL26FEB1340PE,0.7,0.7,0.5,0.5,0.5,0.6,1636.6,0.5,51425,7225,38,21651688.75,36,F1,425,,,,,
2026-02-18,2026-02-18,FO,NSE,STO,69963,,ASTRAL,,2026-02-24,2026-02-24,1500.0,PE,ASTRAL26FEB1500PE,1.9,2.0,0.9,0.95,0.95,2.0,1636.6,0.95,253725,-58650,471,300541767.5,321,F1,425,,,,,
2026-02-18,2026-02-18,FO,NSE,STO,75276,,ASTRAL,,2026-02-24,2026-02-24,1640.0,PE,ASTRAL26FEB1640PE,34.6,42.05,30.25,31.85,33.8,35.35,1636.6,31.85,80325,-4250,369,263014628.75,332,F1,425,,,,,
2026-02-18,2026-02-18,FO,NSE,STO,69975,,ASTRAL,,2026-02-24,2026-02-24,1700.0,PE,ASTRAL26FEB1700PE,84.95,95.0,82.8,83.95,85.05,80.05,1636.6,83.95,6800,850,50,38041941.25,39,F1,425,,,,,
2026-02-18,2026-02-18,FO,NSE,STO,70169,,ASTRAL,,2026-03-30,2026-03-30,1480.0,PE,ASTRAL26MAR1480PE,13.85,13.85,13.85,13.85,13.85,18.0,1636.6,9.1,5525,0,1,634886.25,1,F1,425,,,,,
2026-02-18,2026-02-18,FO,NSE,STO,70175,,ASTRAL,,2026-03-30,2026-03-30,1520.0,PE,ASTRAL26MAR1520PE,0.0,0.0,0.0,26.9,27.65,26.9,1636.6,15.9,7650,0,0,0.0,0,F1,425,,,,,
2026-02-18,2026-02-18,FO,NSE,STO,83097,,ASTRAL,,2026-03-30,2026-03-30,1580.0,PE,ASTRAL26MAR1580PE,41.2,44.9,39.65,40.15,39.65,40.0,1636.6,40.15,5100,2125,9,6205871.25,8,F1,425,,,,,
2026-02-18,2026-02-18,FO,NSE,STO,83307,,ASTRAL,,2026-04-28,2026-04-28,1320.0,PE,ASTRAL26APR1320PE,0.0,0.0,0.0,48.75,0.0,48.75,1636.6,2.3,0,0,0,0.0,0,F1,425,,,,,
2026-02-18,2026-02-18,FO,NSE,STO,83460,,ASTRAL,,2026-04-28,2026-04-28,1640.0,PE,ASTRAL26APR1640PE,0.0,0.0,0.0,242.25,0.0,242.25,1636.6,73.0,0,0,0,0.0,0,F1,425,,,,,
2026-02-18,2026-02-18,FO,NSE,STO,83500,,ASTRAL,,2026-04-28,2026-04-28,1760.0,PE,ASTRAL26APR1760PE,0.0,0.0,0.0,345.3,0.0,345.3,1636.6,145.55,0,0,0,0.0,0,F1,425,,,,,
2026-02-18,2026-02-18,FO,NSE,STO,83533,,ASTRAL,,2026-04-28,2026-04-28,1800.0,PE,ASTRAL26APR1800PE,0.0,0.0,0.0,381.6,0.0,381.6,1636.6,175.05,0,0,0,0.0,0,F1,425,,,,,
2026-02-18,2026-02-18,FO,NSE,STO,69951,,ASTRAL,,2026-02-24,2026-02-24,1380.0,CE,ASTRAL26FEB1380CE,0.0,0.0,0.0,222.0,222.0,222.0,1636.6,257.85,26775,0,0,0.0,0,F1,425,,,,,
2026-02-18,2026-02-18,FO,NSE,STO,75285,,ASTRAL,,2026-02-24,2026-02-24,1840.0,CE,ASTRAL26FEB1840CE,0.0,0.0,0.0,13.1,0.0,13.1,1636.6,0.05,0,0,0,0.0,0,F1,425,,,,,
2026-02-18,2026-02-18,FO,NSE,STO,83074,,ASTRAL,,2026-03-30,2026-03-30,1460.0,CE,ASTRAL26MAR1460CE,0.0,0.0,0.0,127.0,127.0,127.0,1636.6,192.05,0,0,0,0.0,0,F1,425,,,,,
2026-02-18,2026-02-18,FO,NSE,STO,70219,,ASTRAL,,2026-03-30,2026-03-30,1640.0,CE,ASTRAL26MAR1640CE,38.05,38.05,30.2,32.75,32.85,38.05,1636.6,32.75,55675,15300,174,123727296.25,123,F1,425,,,,,
2026-02-18,2026-02-18,FO,NSE,STO,83306,,ASTRAL,,2026-04-28,2026-04-28,1320.0,CE,ASTRAL26APR1320CE,0.0,0.0,0.0,149.45,0.0,149.45,1636.6,332.55,0,0,0,0.0,0,F1,425,,,,,
2026-02-18,2026-02-18,FO,NSE,STO,83538,,ASTRAL,,2026-04-28,2026-04-28,1920.0,CE,ASTRAL26APR1920CE,0.0,0.0,0.0,4.05,0.0,4.05,1636.6,11.65,0,0,0,0.0,0,F1,425,,,,,
2026-02-18,2026-02-18,FO,NSE,STO,83073,,ASTRAL,,2026-03-30,2026-03-30,1420.0,PE,ASTRAL26MAR1420PE,0.0,0.0,0.0,8.45,8.45,8.45,1636.6,3.4,3400,0,0,0.0,0,F1,425,,,,,
2026-02-18,2026-02-18,FO,NSE,STO,75250,,ASTRAL,,2026-02-24,2026-02-24,1320.0,CE,ASTRAL26FEB1320CE,0.0,0.0,0.0,282.65,282.65,282.65,1636.6,317.8,15725,0,0,0.0,0,F1,425,,,,,
2026-02-18,2026-02-18,FO,NSE,STO,75252,,ASTRAL,,2026-02-24,2026-02-24,1360.0,CE,ASTRAL26FEB1360CE,0.0,0.0,0.0,230.0,230.0,230.0,1636.6,277.85,17000,0,0,0.0,0,F1,425,,,,,
2026-02-18,2026-02-18,FO,NSE,STO,75273,,ASTRAL,,2026-02-24,2026-02-24,1600.0,CE,ASTRAL26FEB1600CE,33.5,36.05,22.3,27.95,26.3,37.2,1636.6,27.95,288575,-43350,1146,792771030.0,887,F1,425,,,,,
2026-02-18,2026-02-18,FO,NSE,STO,75279,,ASTRAL,,2026-02-24,2026-02-24,1720.0,CE,ASTRAL26FEB1720CE,2.65,2.65,1.3,1.55,1.35,2.9,1636.6,1.55,258825,-31450,309,226096940.0,246,F1,425,,,,,
2026-02-18,2026-02-18,FO,NSE,STO,70157,,ASTRAL,,2026-03-30,2026-03-30,1320.0,CE,ASTRAL26MAR1320CE,0.0,0.0,0.0,119.3,0.0,119.3,1636.6,324.95,0,0,0,0.0,0,F1,425,,,,,
2026-02-18,2026-02-18,FO,NSE,STO,69938,,ASTRAL,,2026-02-24,2026-02-24,1260.0,PE,ASTRAL26FEB1260PE,0.0,0.0,0.0,0.45,0.45,0.45,1636.6,0.05,10200,0,0,0.0,0,F1,425,,,,,
2026-02-18,2026-02-18,FO,NSE,STO,69940,,ASTRAL,,2026-02-24,2026-02-24,1300.0,PE,ASTRAL26FEB1300PE,0.6,0.6,0.45,0.45,0.45,0.65,1636.6,0.05,59075,-5525,44,24319158.75,32,F1,425,,,,,
2026-02-18,2026-02-18,FO,NSE,STO,83305,,ASTRAL,,2026-04-28,2026-04-28,1280.0,PE,ASTRAL26APR1280PE,0.0,0.0,0.0,35.95,0.0,35.95,1636.6,1.15,0,0,0,0.0,0,F1,425,,,,,
2026-02-18,2026-02-18,FO,NSE,STO,83326,,ASTRAL,,2026-04-28,2026-04-28,1440.0,PE,ASTRAL26APR1440PE,0.0,0.0,0.0,103.25,0.0,103.25,1636.6,12.1,0,0,0,0.0,0,F1,425,,,,,
2026-02-18,2026-02-18,FO,NSE,STO,83462,,ASTRAL,,2026-04-28,2026-04-28,1680.0,PE,ASTRAL26APR1680PE,0.0,0.0,0.0,275.4,0.0,275.4,1636.6,94.25,0,0,0,0.0,0,F1,425,,,,,
2026-02-18,2026-02-18,FO,NSE,STO,75270,,ASTRAL,,2026-02-24,2026-02-24,1520.0,PE,ASTRAL26FEB1520PE,2.5,2.65,1.25,1.3,1.3,2.5,1636.6,1.3,71400,-14025,176,113843857.5,147,F1,425,,,,,
2026-02-18,2026-02-18,FO,NSE,STO,69965,,ASTRAL,,2026-02-24,2026-02-24,1540.0,PE,ASTRAL26FEB1540PE,3.75,3.8,1.75,1.9,1.9,3.5,1636.6,1.9,107100,-11050,401,262981457.5,345,F1,425,,,,,
2026-02-18,2026-02-18,FO,NSE,STO,75274,,ASTRAL,,2026-02-24,2026-02-24,1600.0,PE,ASTRAL26FEB1600PE,13.95,17.8,10.0,10.9,11.6,14.05,1636.6,10.9,153850,-425,770,528166433.75,682,F1,425,,,,,
2026-02-18,2026-02-18,FO,NSE,STO,69970,,ASTRAL,,2026-02-24,2026-02-24,1660.0,CE,ASTRAL26FEB1660CE,10.0,10.0,4.65,5.75,5.15,10.9,1636.6,5.75,116450,5100,905,640970422.5,782,F1,425,,,,,
2026-02-18,2026-02-18,FO,NSE,STO,70164,,ASTRAL,,2026-03-30,2026-03-30,1400.0,CE,ASTRAL26MAR1400CE,0.0,0.0,0.0,79.5,0.0,79.5,1636.6,247.35,0,0,0,0.0,0,F1,425,,,,,
2026-02-18,2026-02-18,FO,NSE,STO,83076,,ASTRAL,,2026-03-30,2026-03-30,1500.0,CE,ASTRAL26MAR1500CE,113.0,113.0,111.0,111.0,111.0,122.05,1636.6,157.75,17000,-425,7,4796125.0,4,F1,425,,,,,
2026-02-18,2026-02-18,FO,NSE,STO,83104,,ASTRAL,,2026-03-30,2026-03-30,1740.0,CE,ASTRAL26MAR1740CE,10.15,10.15,10.15,10.15,10.15,16.7,1636.6,26.8,2550,-425,1,743813.75,1,F1,425,,,,,
2026-02-18,2026-02-18,FO,NSE,STO,83110,,ASTRAL,,2026-03-30,2026-03-30,1780.0,CE,ASTRAL26MAR1780CE,0.0,0.0,0.0,4.45,0.0,4.45,1636.6,17.9,0,0,0,0.0,0,F1,425,,,,,
2026-02-18,2026-02-18,FO,NSE,STO,83304,,ASTRAL,,2026-04-28,2026-04-28,1280.0,CE,ASTRAL26APR1280CE,0.0,0.0,0.0,176.05,0.0,176.05,1636.6,371.0,0,0,0,0.0,0,F1,425,,,,,
2026-02-18,2026-02-18,FO,NSE,STO,83323,,ASTRAL,,2026-04-28,2026-04-28,1400.0,CE,ASTRAL26APR1400CE,0.0,0.0,0.0,104.35,0.0,104.35,1636.6,258.45,0,0,0,0.0,0,F1,425,,,,,
2026-02-18,2026-02-18,FO,NSE,STO,75898,,BANKBARODA,,2026-02-24,2026-02-24,302.5,CE,BANKBARODA26FEB302.5CE,5.7,7.5,5.15,5.6,5.15,5.25,305.15,5.6,1091025,-470925,1043,941544630.0,981,F1,2925,,,,,
2026-02-18,2026-02-18,FO,NSE,STO,75896,,BANKBARODA,,2026-02-24,2026-02-24,297.5,CE,BANKBARODA26FEB297.5CE,8.4,11.0,8.0,8.9,8.6,8.05,305.15,8.9,655200,-105300,154,138231990.0,147,F1,2925,,,,,
2026-02-18,2026-02-18,FO,NSE,STO,75886,,BANKBARODA,,2026-02-24,2026-02-24,272.5,CE,BANKBARODA26FEB272.5CE,0.0,0.0,0.0,15.5,15.5,15.5,305.15,32.9,310050,0,0,0.0,0,F1,2925,,,,,
2026-02-18,2026-02-18,FO,NSE,STO,88464,,BANKBARODA,,2026-03-30,2026-03-30,327.5,CE,BANKBARODA26MAR327.5CE,3.45,3.45,3.45,3.45,3.45,3.15,305.15,4.3,55575,8775,8,7744230.0,8,F1,2925,,,,,
2026-02-18,2026-02-18,FO,NSE,STO,75796,,BANKBARODA,,2026-02-24,2026-02-24,252.5,PE,BANKBARODA26FEB252.5PE,0.0,0.0,0.0,0.15,0.15,0.15,305.15,0.05,29250,0,0,0.0,0,F1,2925,,,,,
2026-02-18,2026-02-18,FO,NSE,STO,75900,,BANKBARODA,,2026-02-24,2026-02-24,307.5,CE,BANKBARODA26FEB307.5CE,3.35,4.7,2.75,3.15,2.8,3.2,305.15,3.15,1172925,432900,3397,3091912785.0,2525,F1,2925,,,,,
2026-02-18,2026-02-18,FO,NSE,STO,75906,,BANKBARODA,,2026-02-24,2026-02-24,322.5,CE,BANKBARODA26FEB322.5CE,0.6,0.8,0.35,0.4,0.4,0.6,305.15,0.4,585000,17550,261,246613038.75,185,F1,2925,,,,,
2026-02-18,2026-02-18,FO,NSE,STO,88421,,BANKBARODA,,2026-03-30,2026-03-30,282.5,CE,BANKBARODA26MAR282.5CE,0.0,0.0,0.0,29.55,0.0,29.55,305.15,27.15,0,0,0,0.0,0,F1,2925,,,,,
2026-02-18,2026-02-18,FO,NSE,STO,76137,,BANKBARODA,,2026-03-30,2026-03-30,295.0,CE,BANKBARODA26MAR295CE,15.65,18.55,15.65,17.3,16.95,15.6,305.15,17.3,266175,-17550,25,22825383.75,18,F1,2925,,,,,
2026-02-18,2026-02-18,FO,NSE,STF,59257,,BANKBARODA,,2026-02-24,2026-02-24,,,BANKBARODA26FEBFUT,304.0,307.35,303.15,305.5,304.5,303.1,305.15,305.5,75447450,-4609800,6888,6157535085.0,5927,F1,2925,,,,,
2026-02-18,2026-02-18,FO,NSE,STO,75890,,BANKBARODA,,2026-02-24,2026-02-24,282.5,CE,BANKBARODA26FEB282.5CE,22.3,22.3,22.3,22.3,22.3,21.15,305.15,22.95,280800,-2925,1,891540.0,1,F1,2925,,,,,
2026-02-18,2026-02-18,FO,NSE,STO,88797,,BANKBARODA,,2026-04-28,2026-04-28,335.0,PE,BANKBARODA26APR335PE,0.0,0.0,0.0,37.65,0.0,37.65,305.15,32.2,0,0,0,0.0,0,F1,2925,,,,,
2026-02-18,2026-02-18,FO,NSE,STO,88717,,BANKBARODA,,2026-04-28,2026-04-28,240.0,PE,BANKBARODA26APR240PE,0.0,0.0,0.0,1.35,0.0,1.35,305.15,0.25,0,0,0,0.0,0,F1,2925,,,,,
2026-02-18,2026-02-18,FO,NSE,STO,88463,,BANKBARODA,,2026-03-30,2026-03-30,322.5,PE,BANKBARODA26MAR322.5PE,0.0,0.0,0.0,26.85,0.0,26.85,305.15,20.95,0,0,0,0.0,0,F1,2925,,,,,
2026-02-18,2026-02-18,FO,NSE,STO,75903,,BANKBARODA,,2026-02-24,2026-02-24,312.5,PE,BANKBARODA26FEB312.5PE,9.7,9.9,7.75,8.85,9.2,22.9,305.15,8.85,99450,0,137,128751918.75,137,F1,2925,,,,,
2026-02-18,2026-02-18,FO,NSE,STO,78128,,BANKBARODA,,2026-02-24,2026-02-24,310.0,PE,BANKBARODA26FEB310PE,8.75,9.1,5.95,6.85,7.5,9.35,305.15,6.85,827775,-49725,814,755286041.25,751,F1,2925,,,,,
2026-02-18,2026-02-18,FO,NSE,STO,78124,,BANKBARODA,,2026-02-24,2026-02-24,300.0,PE,BANKBARODA26FEB300PE,3.35,3.35,1.55,1.95,2.1,3.45,305.15,1.95,4217850,1146600,4519,3994693998.75,2616,F1,2925,,,,,
2026-02-18,2026-02-18,FO,NSE,STO,75889,,BANKBARODA,,2026-02-24,2026-02-24,277.5,PE,BANKBARODA26FEB277.5PE,0.25,0.25,0.2,0.2,0.2,0.25,305.15,0.2,506025,-38025,37,30054375.0,28,F1,2925,,,,,
2026-02-18,2026-02-18,FO,NSE,STO,78106,,BANKBARODA,,2026-02-24,2026-02-24,260.0,PE,BANKBARODA26FEB260PE,0.1,0.1,0.05,0.05,0.05,0.1,305.15,0.05,742950,-81900,89,67709070.0,32,F1,2925,,,,,
2026-02-18,2026-02-18,FO,NSE,STO,88764,,BANKBARODA,,2026-04-28,2026-04-28,320.0,CE,BANKBARODA26APR320CE,0.0,0.0,0.0,14.45,0.0,14.45,305.15,10.15,0,0,0,0.0,0,F1,2925,,,,,
2026-02-18,2026-02-18,FO,NSE,STO,88756,,BANKBARODA,,2026-04-28,2026-04-28,300.0,CE,BANKBARODA26APR300CE,0.0,0.0,0.0,23.15,0.0,23.15,305.15,19.25,0,0,0,0.0,0,F1,2925,,,,,
2026-02-18,2026-02-18,FO,NSE,STO,76217,,BANKBARODA,,2026-03-30,2026-03-30,350.0,CE,BANKBARODA26MAR350CE,0.95,1.25,0.95,1.0,0.95,0.95,305.15,1.0,514800,96525,116,119126182.5,101,F1,2925,,,,,
2026-02-18,2026-02-18,FO,NSE,STO,76185,,BANKBARODA,,2026-03-30,2026-03-30,325.0,CE,BANKBARODA26MAR325CE,3.45,4.45,3.45,3.75,3.75,3.5,305.15,3.75,778050,687375,272,261975138.75,136,F1,2925,,,,,
2026-02-18,2026-02-18,FO,NSE,STO,88373,,BANKBARODA,,2026-03-30,2026-03-30,267.5,CE,BANKBARODA26MAR267.5CE,0.0,0.0,0.0,40.75,0.0,40.75,305.15,40.1,0,0,0,0.0,0,F1,2925,,,,,
2026-02-18,2026-02-18,FO,NSE,STO,75978,,BANKBARODA,,2026-03-30,2026-03-30,255.0,CE,BANKBARODA26MAR255CE,53.0,53.0,53.0,53.0,53.0,46.1,305.15,51.9,2925,2925,1,900900.0,1,F1,2925,,,,,
2026-02-18,2026-02-18,FO,NSE,STO,75970,,BANKBARODA,,2026-03-30,2026-03-30,235.0,CE,BANKBARODA26MAR235CE,0.0,0.0,0.0,63.05,0.0,63.05,305.15,71.6,0,0,0,0.0,0,F1,2925,,,,,
2026-02-18,2026-02-18,FO,NSE,STO,78297,,BANKBARODA,,2026-02-24,2026-02-24,355.0,CE,BANKBARODA26FEB355CE,0.05,0.1,0.05,0.05,0.05,0.05,305.15,0.05,570375,-55575,31,32195621.25,14,F1,2925,,,,,
2026-02-18,2026-02-18,FO,NSE,STO,78119,,BANKBARODA,,2026-02-24,2026-02-24,295.0,CE,BANKBARODA26FEB295CE,10.1,13.05,9.8,11.1,10.55,9.85,305.15,11.1,991575,-181350,310,277925310.0,233,F1,2925,,,,,
2026-02-18,2026-02-18,FO,NSE,STO,78095,,BANKBARODA,,2026-02-24,2026-02-24,240.0,CE,BANKBARODA26FEB240CE,0.0,0.0,0.0,53.75,0.0,53.75,305.15,65.35,0,0,0,0.0,0,F1,2925,,,,,
2026-02-18,2026-02-18,FO,NSE,STO,88732,,BANKBARODA,,2026-04-28,2026-04-28,260.0,PE,BANKBARODA26APR260PE,0.0,0.0,0.0,3.85,0.0,3.85,305.15,1.3,0,0,0,0.0,0,F1,2925,,,,,
2026-02-18,2026-02-18,FO,NSE,STO,76145,,BANKBARODA,,2026-03-30,2026-03-30,310.0,PE,BANKBARODA26MAR310PE,12.2,12.2,10.25,10.85,11.3,12.35,305.15,10.85,652275,295425,202,189684495.0,175,F1,2925,,,,,
2026-02-18,2026-02-18,FO,NSE,STO,78107,,BANKBARODA,,2026-02-24,2026-02-24,265.0,CE,BANKBARODA26FEB265CE,0.0,0.0,0.0,38.2,38.2,38.2,305.15,40.4,128700,0,0,0.0,0,F1,2925,,,,,
2026-02-18,2026-02-18,FO,NSE,STO,75854,,BANKBARODA,,2026-02-24,2026-02-24,267.5,CE,BANKBARODA26FEB267.5CE,0.0,0.0,0.0,20.7,20.7,20.7,305.15,37.9,29250,0,0,0.0,0,F1,2925,,,,,
2026-02-18,2026-02-18,FO,NSE,STO,78121,,BANKBARODA,,2026-02-24,2026-02-24,300.0,CE,BANKBARODA26FEB300CE,6.55,9.25,6.35,7.25,6.65,6.55,305.15,7.25,2524275,-1357200,2536,2282742832.5,2182,F1,2925,,,,,
2026-02-18,2026-02-18,FO,NSE,STO,78135,,BANKBARODA,,2026-02-24,2026-02-24,320.0,CE,BANKBARODA26FEB320CE,0.85,1.1,0.45,0.55,0.45,0.8,305.15,0.55,4481100,-435825,2292,2150263440.0,1129,F1,2925,,,,,
2026-02-18,2026-02-18,FO,NSE,STO,78229,,BANKBARODA,,2026-02-24,2026-02-24,325.0,CE,BANKBARODA26FEB325CE,0.45,0.6,0.25,0.3,0.25,0.5,305.15,0.3,810225,-78975,492,468275681.25,313,F1,2925,,,,,
2026-02-18,2026-02-18,FO,NSE,STO,78235,,BANKBARODA,,2026-02-24,2026-02-24,330.0,CE,BANKBARODA26FEB330CE,0.3,0.35,0.15,0.2,0.15,0.3,305.15,0.2,1816425,-14625,804,776614263.75,334,F1,2925,,,,,
2026-02-18,2026-02-18,FO,NSE,STO,75910,,BANKBARODA,,2026-02-24,2026-02-24,332.5,CE,BANKBARODA26FEB332.5CE,0.25,0.25,0.1,0.15,0.15,0.25,305.15,0.15,163800,-11700,28,27245790.0,27,F1,2925,,,,,
2026-02-18,2026-02-18,FO,NSE,STO,76129,,BANKBARODA,,2026-03-30,2026-03-30,285.0,CE,BANKBARODA26MAR285CE,26.0,26.0,24.6,24.6,24.6,23.0,305.15,25.2,17550,0,2,1815255.0,2,F1,2925,,,,,
2026-02-18,2026-02-18,FO,NSE,STO,88453,,BANKBARODA,,2026-03-30,2026-03-30,302.5,CE,BANKBARODA26MAR302.5CE,12.7,13.15,12.55,12.55,12.55,11.15,305.15,13.7,20475,0,6,5533222.5,6,F1,2925,,,,,
2026-02-18,2026-02-18,FO,NSE,STO,75853,,BANKBARODA,,2026-02-24,2026-02-24,262.5,PE,BANKBARODA26FEB262.5PE,0.0,0.0,0.0,0.15,0.15,0.15,305.15,0.05,64350,0,0,0.0,0,F1,2925,,,,,
2026-02-18,2026-02-18,FO,NSE,STO,78120,,BANKBARODA,,2026-02-24,2026-02-24,295.0,PE,BANKBARODA26FEB295PE,1.55,1.65,0.75,0.95,1.0,1.8,305.15,0.95,1939275,70200,1836,1589831246.25,885,F1,2925,,,,,
2026-02-18,2026-02-18,FO,NSE,STO,78134,,BANKBARODA,,2026-02-24,2026-02-24,315.0,PE,BANKBARODA26FEB315PE,12.1,12.1,9.8,10.65,11.25,12.65,305.15,10.65,310050,-52650,73,69524032.5,72,F1,2925,,,,,
2026-02-18,2026-02-18,FO,NSE,STO,75907,,BANKBARODA,,2026-02-24,2026-02-24,322.5,PE,BANKBARODA26FEB322.5PE,18.25,18.25,16.35,17.75,17.75,30.2,305.15,17.75,8775,-8775,11,10939792.5,11,F1,2925,,,,,
2026-02-18,2026-02-18,FO,NSE,STO,78240,,BANKBARODA,,2026-02-24,2026-02-24,340.0,PE,BANKBARODA26FEB340PE,0.0,0.0,0.0,50.25,50.25,50.25,305.15,34.55,8775,0,0,0.0,0,F1,2925,,,,,
2026-02-18,2026-02-18,FO,NSE,STO,78244,,BANKBARODA,,2026-02-24,2026-02-24,350.0,PE,BANKBARODA26FEB350PE,0.0,0.0,0.0,61.5,61.5,61.5,305.15,44.55,49725,0,0,0.0,0,F1,2925,,,,,
2026-02-18,2026-02-18,FO,NSE,STO,88245,,BANKBARODA,,2026-03-30,2026-03-30,247.5,PE,BANKBARODA26MAR247.5PE,0.0,0.0,0.0,1.0,0.0,1.0,305.15,0.1,0,0,0,0.0,0,F1,2925,,,,,
2026-02-18,2026-02-18,FO,NSE,STO,88454,,BANKBARODA,,2026-03-30,2026-03-30,302.5,PE,BANKBARODA26MAR302.5PE,7.6,7.8,7.3,7.3,7.3,8.3,305.15,9.2,49725,11700,10,9070571.25,9,F1,2925,,,,,
2026-02-18,2026-02-18,FO,NSE,STO,76218,,BANKBARODA,,2026-03-30,2026-03-30,350.0,PE,BANKBARODA26MAR350PE,0.0,0.0,0.0,45.0,45.0,45.0,305.15,43.85,43875,0,0,0.0,0,F1,2925,,,,,
2026-02-18,2026-02-18,FO,NSE,STO,88452,,BANKBARODA,,2026-03-30,2026-03-30,297.5,PE,BANKBARODA26MAR297.5PE,5.65,5.8,5.0,5.25,5.3,6.15,305.15,5.25,61425,20475,18,15948708.75,17,F1,2925,,,,,
2026-02-18,2026-02-18,FO,NSE,STO,88374,,BANKBARODA,,2026-03-30,2026-03-30,267.5,PE,BANKBARODA26MAR267.5PE,0.95,0.95,0.85,0.85,0.85,1.0,305.15,0.85,102375,5850,4,3140280.0,3,F1,2925,,,,,
2026-02-18,2026-02-18,FO,NSE,STO,88309,,BANKBARODA,,2026-03-30,2026-03-30,257.5,PE,BANKBARODA26MAR257.5PE,0.0,0.0,0.0,1.95,0.0,1.95,305.15,0.3,0,0,0,0.0,0,F1,2925,,,,,
2026-02-18,2026-02-18,FO,NSE,STO,75911,,BANKBARODA,,2026-02-24,2026-02-24,332.5,PE,BANKBARODA26FEB332.5PE,0.0,0.0,0.0,40.6,0.0,40.6,305.15,27.1,0,0,0,0.0,0,F1,2925,,,,,
2026-02-18,2026-02-18,FO,NSE,STO,75905,,BANKBARODA,,2026-02-24,2026-02-24,317.5,PE,BANKBARODA26FEB317.5PE,0.0,0.0,0.0,20.1,20.1,20.1,305.15,12.9,17550,0,0,0.0,0,F1,2925,,,,,
2026-02-18,2026-02-18,FO,NSE,STO,75899,,BANKBARODA,,2026-02-24,2026-02-24,302.5,PE,BANKBARODA26FEB302.5PE,4.1,4.5,2.35,2.75,3.1,4.6,305.15,2.75,976950,117000,1134,1013781161.25,914,F1,2925,,,,,
2026-02-18,2026-02-18,FO,NSE,STO,75895,,BANKBARODA,,2026-02-24,2026-02-24,292.5,PE,BANKBARODA26FEB292.5PE,1.15,1.3,0.55,0.65,0.65,1.3,305.15,0.65,1406925,473850,900,771870060.0,336,F1,2925,,,,,
2026-02-18,2026-02-18,FO,NSE,STO,75849,,BANKBARODA,,2026-02-24,2026-02-24,257.5,PE,BANKBARODA26FEB257.5PE,0.0,0.0,0.0,2.7,0.0,2.7,305.15,0.05,0,0,0,0.0,0,F1,2925,,,,,
2026-02-18,2026-02-18,FO,NSE,STO,78094,,BANKBARODA,,2026-02-24,2026-02-24,235.0,PE,BANKBARODA26FEB235PE,0.0,0.0,0.0,0.05,0.05,0.05,305.15,0.05,163800,0,0,0.0,0,F1,2925,,,,,
2026-02-18,2026-02-18,FO,NSE,STO,88752,,BANKBARODA,,2026-04-28,2026-04-28,290.0,CE,BANKBARODA26APR290CE,0.0,0.0,0.0,28.7,0.0,28.7,305.15,25.35,0,0,0,0.0,0,F1,2925,,,,,
2026-02-18,2026-02-18,FO,NSE,STO,88733,,BANKBARODA,,2026-04-28,2026-04-28,265.0,CE,BANKBARODA26APR265CE,0.0,0.0,0.0,45.85,0.0,45.85,305.15,44.7,0,0,0,0.0,0,F1,2925,,,,,
2026-02-18,2026-02-18,FO,NSE,STO,76187,,BANKBARODA,,2026-03-30,2026-03-30,330.0,CE,BANKBARODA26MAR330CE,2.65,3.45,2.6,2.75,2.6,2.65,305.15,2.75,1023750,29250,386,376014453.75,311,F1,2925,,,,,
2026-02-18,2026-02-18,FO,NSE,STO,88434,,BANKBARODA,,2026-03-30,2026-03-30,292.5,CE,BANKBARODA26MAR292.5CE,0.0,0.0,0.0,17.25,17.25,17.25,305.15,19.8,20475,0,0,0.0,0,F1,2925,,,,,
2026-02-18,2026-02-18,FO,NSE,STO,88310,,BANKBARODA,,2026-03-30,2026-03-30,262.5,CE,BANKBARODA26MAR262.5CE,0.0,0.0,0.0,44.85,0.0,44.85,305.15,44.75,0,0,0,0.0,0,F1,2925,,,,,
2026-02-18,2026-02-18,FO,NSE,STO,75894,,BANKBARODA,,2026-02-24,2026-02-24,292.5,CE,BANKBARODA26FEB292.5CE,11.8,14.35,11.8,13.0,12.75,11.85,305.15,13.0,348075,-46800,58,51896812.5,57,F1,2925,,,,,
2026-02-18,2026-02-18,FO,NSE,STO,88467,,BANKBARODA,,2026-03-30,2026-03-30,332.5,PE,BANKBARODA26MAR332.5PE,0.0,0.0,0.0,33.95,0.0,33.95,305.15,28.6,0,0,0,0.0,0,F1,2925,,,,,
2026-02-18,2026-02-18,FO,NSE,STO,88810,,BANKBARODA,,2026-04-28,2026-04-28,350.0,PE,BANKBARODA26APR350PE,0.0,0.0,0.0,49.1,0.0,49.1,305.15,44.35,0,0,0,0.0,0,F1,2925,,,,,
2026-02-18,2026-02-18,FO,NSE,STO,88761,,BANKBARODA,,2026-04-28,2026-04-28,310.0,PE,BANKBARODA26APR310PE,0.0,0.0,0.0,21.7,0.0,21.7,305.15,15.85,0,0,0,0.0,0,F1,2925,,,,,
2026-02-18,2026-02-18,FO,NSE,STO,88755,,BANKBARODA,,2026-04-28,2026-04-28,295.0,PE,BANKBARODA26APR295PE,0.0,0.0,0.0,14.3,0.0,14.3,305.15,8.95,0,0,0,0.0,0,F1,2925,,,,,
2026-02-18,2026-02-18,FO,NSE,STO,76170,,BANKBARODA,,2026-03-30,2026-03-30,320.0,PE,BANKBARODA26MAR320PE,17.8,18.0,16.5,17.35,17.35,19.05,305.15,17.35,102375,23400,42,41437451.25,33,F1,2925,,,,,
2026-02-18,2026-02-18,FO,NSE,STO,88375,,BANKBARODA,,2026-03-30,2026-03-30,272.5,CE,BANKBARODA26MAR272.5CE,0.0,0.0,0.0,36.8,0.0,36.8,305.15,35.6,0,0,0,0.0,0,F1,2925,,,,,
2026-02-18,2026-02-18,FO,NSE,STO,75986,,BANKBARODA,,2026-03-30,2026-03-30,275.0,CE,BANKBARODA26MAR275CE,33.2,33.5,33.2,33.5,33.5,32.15,305.15,33.4,35100,0,2,1803847.5,2,F1,2925,,,,,
2026-02-18,2026-02-18,FO,NSE,STO,76135,,BANKBARODA,,2026-03-30,2026-03-30,290.0,CE,BANKBARODA26MAR290CE,19.7,22.3,19.7,20.75,20.65,19.0,305.15,20.75,2182050,131625,97,88204252.5,64,F1,2925,,,,,
2026-02-18,2026-02-18,FO,NSE,STO,88458,,BANKBARODA,,2026-03-30,2026-03-30,312.5,CE,BANKBARODA26MAR312.5CE,7.95,7.95,7.55,7.55,7.55,6.95,305.15,8.95,67275,8775,8,7493118.75,8,F1,2925,,,,,
2026-02-18,2026-02-18,FO,NSE,STO,76195,,BANKBARODA,,2026-03-30,2026-03-30,345.0,CE,BANKBARODA26MAR345CE,1.35,1.55,1.3,1.3,1.3,1.25,305.15,1.55,152100,11700,15,15199031.25,10,F1,2925,,,,,
2026-02-18,2026-02-18,FO,NSE,STO,88762,,BANKBARODA,,2026-04-28,2026-04-28,315.0,CE,BANKBARODA26APR315CE,0.0,0.0,0.0,16.35,0.0,16.35,305.15,12.05,0,0,0,0.0,0,F1,2925,,,,,
2026-02-18,2026-02-18,FO,NSE,STO,75759,,BANKBARODA,,2026-02-24,2026-02-24,247.5,PE,BANKBARODA26FEB247.5PE,0.0,0.0,0.0,0.3,0.3,0.3,305.15,0.05,23400,0,0,0.0,0,F1,2925,,,,,
2026-02-18,2026-02-18,FO,NSE,STO,88734,,BANKBARODA,,2026-04-28,2026-04-28,265.0,PE,BANKBARODA26APR265PE,0.0,0.0,0.0,4.8,0.0,4.8,305.15,1.85,0,0,0,0.0,0,F1,2925,,,,,
2026-02-18,2026-02-18,FO,NSE,STO,88730,,BANKBARODA,,2026-04-28,2026-04-28,255.0,PE,BANKBARODA26APR255PE,0.0,0.0,0.0,3.05,0.0,3.05,305.15,0.9,0,0,0,0.0,0,F1,2925,,,,,
2026-02-18,2026-02-18,FO,NSE,STO,76192,,BANKBARODA,,2026-03-30,2026-03-30,340.0,PE,BANKBARODA26MAR340PE,0.0,0.0,0.0,48.15,0.0,48.15,305.15,34.9,0,0,0,0.0,0,F1,2925,,,,,
2026-02-18,2026-02-18,FO,NSE,STO,88457,,BANKBARODA,,2026-03-30,2026-03-30,307.5,PE,BANKBARODA26MAR307.5PE,9.5,10.2,9.4,9.4,9.4,16.05,305.15,11.65,23400,20475,17,15772477.5,16,F1,2925,,,,,
2026-02-18,2026-02-18,FO,NSE,STO,76140,,BANKBARODA,,2026-03-30,2026-03-30,300.0,PE,BANKBARODA26MAR300PE,7.1,7.1,5.85,6.25,6.4,7.2,305.15,6.25,2149875,181350,323,289462387.5,271,F1,2925,,,,,
2026-02-18,2026-02-18,FO,NSE,STO,76138,,BANKBARODA,,2026-03-30,2026-03-30,295.0,PE,BANKBARODA26MAR295PE,5.0,5.15,4.35,4.55,4.7,5.45,305.15,4.55,500175,175500,155,135866688.75,108,F1,2925,,,,,
2026-02-18,2026-02-18,FO,NSE,STO,76136,,BANKBARODA,,2026-03-30,2026-03-30,290.0,PE,BANKBARODA26MAR290PE,3.8,3.8,3.1,3.25,3.4,3.95,305.15,3.25,1287000,-301275,462,396511537.5,265,F1,2925,,,,,
2026-02-18,2026-02-18,FO,NSE,STO,88376,,BANKBARODA,,2026-03-30,2026-03-30,272.5,PE,BANKBARODA26MAR272.5PE,0.0,0.0,0.0,2.4,2.4,2.4,305.15,1.3,17550,0,0,0.0,0,F1,2925,,,,,
2026-02-18,2026-02-18,FO,NSE,STO,88243,,BANKBARODA,,2026-03-30,2026-03-30,242.5,PE,BANKBARODA26MAR242.5PE,0.0,0.0,0.0,0.7,0.0,0.7,305.15,0.05,0,0,0,0.0,0,F1,2925,,,,,
2026-02-18,2026-02-18,FO,NSE,STO,75885,,BANKBARODA,,2026-02-24,2026-02-24,267.5,PE,BANKBARODA26FEB267.5PE,0.15,0.15,0.1,0.1,0.1,0.2,305.15,0.05,295425,-8775,10,7828470.0,7,F1,2925,,,,,
2026-02-18,2026-02-18,FO,NSE,STO,78096,,BANKBARODA,,2026-02-24,2026-02-24,240.0,PE,BANKBARODA26FEB240PE,0.0,0.0,0.0,0.05,0.05,0.05,305.15,0.05,198900,0,0,0.0,0,F1,2925,,,,,
2026-02-18,2026-02-18,FO,NSE,STO,78241,,BANKBARODA,,2026-02-24,2026-02-24,345.0,CE,BANKBARODA26FEB345CE,0.15,0.15,0.1,0.1,0.1,0.1,305.15,0.05,333450,70200,81,81768667.5,30,F1,2925,,,,,
2026-02-18,2026-02-18,FO,NSE,STO,75892,,BANKBARODA,,2026-02-24,2026-02-24,287.5,CE,BANKBARODA26FEB287.5CE,18.9,18.9,17.4,17.8,17.4,16.15,305.15,17.8,751725,-11700,11,9848767.5,7,F1,2925,,,,,
2026-02-18,2026-02-18,FO,NSE,STO,88760,,BANKBARODA,,2026-04-28,2026-04-28,310.0,CE,BANKBARODA26APR310CE,0.0,0.0,0.0,18.45,0.0,18.45,305.15,14.2,0,0,0,0.0,0,F1,2925,,,,,
2026-02-18,2026-02-18,FO,NSE,STO,78101,,BANKBARODA,,2026-02-24,2026-02-24,255.0,CE,BANKBARODA26FEB255CE,51.0,51.0,51.0,51.0,51.0,48.5,305.15,50.4,8775,0,1,895050.0,1,F1,2925,,,,,
2026-02-18,2026-02-18,FO,NSE,STO,78097,,BANKBARODA,,2026-02-24,2026-02-24,245.0,CE,BANKBARODA26FEB245CE,0.0,0.0,0.0,49.6,0.0,49.6,305.15,60.35,0,0,0,0.0,0,F1,2925,,,,,
2026-02-18,2026-02-18,FO,NSE,STO,75756,,BANKBARODA,,2026-02-24,2026-02-24,242.5,CE,BANKBARODA26FEB242.5CE,0.0,0.0,0.0,53.75,0.0,53.75,305.15,62.85,0,0,0,0.0,0,F1,2925,,,,,
2026-02-18,2026-02-18,FO,NSE,STO,75985,,BANKBARODA,,2026-03-30,2026-03-30,270.0,PE,BANKBARODA26MAR270PE,1.15,1.2,1.05,1.1,1.05,1.25,305.15,1.1,778050,146250,138,109433025.0,97,F1,2925,,,,,
2026-02-18,2026-02-18,FO,NSE,STO,78236,,BANKBARODA,,2026-02-24,2026-02-24,330.0,PE,BANKBARODA26FEB330PE,25.1,25.25,24.3,24.75,24.75,26.95,305.15,24.6,342225,-29250,28,29064408.75,19,F1,2925,,,,,
2026-02-18,2026-02-18,FO,NSE,STO,78125,,BANKBARODA,,2026-02-24,2026-02-24,305.0,CE,BANKBARODA26FEB305CE,4.35,6.0,3.8,4.25,3.85,4.1,305.15,4.25,4018950,-377325,5785,5242918443.75,4702,F1,2925,,,,,
2026-02-18,2026-02-18,FO,NSE,STO,88757,,BANKBARODA,,2026-04-28,2026-04-28,300.0,PE,BANKBARODA26APR300PE,0.0,0.0,0.0,12.75,12.75,12.75,305.15,11.0,5850,0,0,0.0,0,F1,2925,,,,,
2026-02-18,2026-02-18,FO,NSE,STO,76164,,BANKBARODA,,2026-03-30,2026-03-30,315.0,PE,BANKBARODA26MAR315PE,13.9,14.2,13.9,14.0,14.2,14.95,305.15,14.0,14625,8775,3,2886975.0,3,F1,2925,,,,,
2026-02-18,2026-02-18,FO,NSE,STO,76142,,BANKBARODA,,2026-03-30,2026-03-30,305.0,PE,BANKBARODA26MAR305PE,8.25,9.25,7.9,8.45,8.65,9.6,305.15,8.45,307125,184275,162,148578007.5,145,F1,2925,,,,,
2026-02-18,2026-02-18,FO,NSE,STO,75983,,BANKBARODA,,2026-03-30,2026-03-30,265.0,PE,BANKBARODA26MAR265PE,0.85,0.85,0.85,0.85,0.85,6.65,305.15,0.65,5850,5850,2,1555222.5,2,F1,2925,,,,,
2026-02-18,2026-02-18,FO,NSE,STO,78098,,BANKBARODA,,2026-02-24,2026-02-24,245.0,PE,BANKBARODA26FEB245PE,0.0,0.0,0.0,3.7,0.0,3.7,305.15,0.05,0,0,0,0.0,0,F1,2925,,,,,
2026-02-18,2026-02-18,FO,NSE,STO,75758,,BANKBARODA,,2026-02-24,2026-02-24,247.5,CE,BANKBARODA26FEB247.5CE,0.0,0.0,0.0,49.2,0.0,49.2,305.15,57.85,0,0,0,0.0,0,F1,2925,,,,,
2026-02-18,2026-02-18,FO,NSE,STF,51821,,BANKBARODA,,2026-03-30,2026-03-30,,,BANKBARODA26MARFUT,306.15,309.0,305.1,307.5,306.75,305.1,305.15,307.5,14361750,5455125,3351,3014357726.25,2984,F1,2925,,,,,
2026-02-18,2026-02-18,FO,NSE,STO,88799,,BANKBARODA,,2026-04-28,2026-04-28,340.0,CE,BANKBARODA26APR340CE,0.0,0.0,0.0,8.55,0.0,8.55,305.15,4.75,0,0,0,0.0,0,F1,2925,,,,,
2026-02-18,2026-02-18,FO,NSE,STO,88728,,BANKBARODA,,2026-04-28,2026-04-28,255.0,CE,BANKBARODA26APR255CE,0.0,0.0,0.0,53.95,0.0,53.95,305.15,53.7,0,0,0,0.0,0,F1,2925,,,,,
2026-02-18,2026-02-18,FO,NSE,STO,88718,,BANKBARODA,,2026-04-28,2026-04-28,245.0,CE,BANKBARODA26APR245CE,0.0,0.0,0.0,62.55,0.0,62.55,305.15,63.1,0,0,0,0.0,0,F1,2925,,,,,
2026-02-18,2026-02-18,FO,NSE,STO,88244,,BANKBARODA,,2026-03-30,2026-03-30,247.5,CE,BANKBARODA26MAR247.5CE,0.0,0.0,0.0,58.1,0.0,58.1,305.15,59.25,0,0,0,0.0,0,F1,2925,,,,,
2026-02-18,2026-02-18,FO,NSE,STO,78112,,BANKBARODA,,2026-02-24,2026-02-24,275.0,PE,BANKBARODA26FEB275PE,0.2,0.2,0.15,0.2,0.2,0.25,305.15,0.2,1948050,-35100,107,86126478.75,69,F1,2925,,,,,
2026-02-18,2026-02-18,FO,NSE,STO,75897,,BANKBARODA,,2026-02-24,2026-02-24,297.5,PE,BANKBARODA26FEB297.5PE,2.25,2.3,1.1,1.35,1.45,2.5,305.15,1.35,1099800,35100,1306,1142245991.25,686,F1,2925,,,,,
2026-02-18,2026-02-18,FO,NSE,STO,78228,,BANKBARODA,,2026-02-24,2026-02-24,320.0,PE,BANKBARODA26FEB320PE,16.2,16.2,14.0,15.25,15.9,17.55,305.15,15.25,804375,-26325,62,60763365.0,55,F1,2925,,,,,
2026-02-18,2026-02-18,FO,NSE,STO,88750,,BANKBARODA,,2026-04-28,2026-04-28,285.0,CE,BANKBARODA26APR285CE,0.0,0.0,0.0,31.75,0.0,31.75,305.15,28.8,0,0,0,0.0,0,F1,2925,,,,,
2026-02-18,2026-02-18,FO,NSE,STO,88737,,BANKBARODA,,2026-04-28,2026-04-28,275.0,CE,BANKBARODA26APR275CE,0.0,0.0,0.0,38.45,0.0,38.45,305.15,36.35,0,0,0,0.0,0,F1,2925,,,,,
2026-02-18,2026-02-18,FO,NSE,STO,88720,,BANKBARODA,,2026-04-28,2026-04-28,250.0,CE,BANKBARODA26APR250CE,0.0,0.0,0.0,58.2,0.0,58.2,305.15,58.35,0,0,0,0.0,0,F1,2925,,,,,
2026-02-18,2026-02-18,FO,NSE,STO,75975,,BANKBARODA,,2026-03-30,2026-03-30,245.0,PE,BANKBARODA26MAR245PE,0.15,0.15,0.15,0.15,0.15,0.8,305.15,0.05,219375,-2925,3,2151191.25,2,F1,2925,,,,,
2026-02-18,2026-02-18,FO,NSE,STO,75979,,BANKBARODA,,2026-03-30,2026-03-30,255.0,PE,BANKBARODA26MAR255PE,0.0,0.0,0.0,3.0,3.0,3.0,305.15,0.25,5850,0,0,0.0,0,F1,2925,,,,,
2026-02-18,2026-02-18,FO,NSE,STO,88429,,BANKBARODA,,2026-03-30,2026-03-30,282.5,PE,BANKBARODA26MAR282.5PE,2.3,2.3,2.3,2.3,2.3,2.45,305.15,2.8,58500,-2925,1,833040.0,1,F1,2925,,,,,
2026-02-18,2026-02-18,FO,NSE,STO,88459,,BANKBARODA,,2026-03-30,2026-03-30,312.5,PE,BANKBARODA26MAR312.5PE,0.0,0.0,0.0,20.5,0.0,20.5,305.15,14.45,0,0,0,0.0,0,F1,2925,,,,,
2026-02-18,2026-02-18,FO,NSE,STO,76188,,BANKBARODA,,2026-03-30,2026-03-30,330.0,PE,BANKBARODA26MAR330PE,24.4,25.6,24.0,24.6,24.6,26.7,305.15,26.6,155025,96525,34,35304750.0,29,F1,2925,,,,,
2026-02-18,2026-02-18,FO,NSE,STO,88751,,BANKBARODA,,2026-04-28,2026-04-28,285.0,PE,BANKBARODA26APR285PE,3.6,4.0,3.6,3.85,3.85,4.05,305.15,5.7,58500,43875,18,15207367.5,18,F1,2925,,,,,
2026-02-18,2026-02-18,FO,NSE,STO,88788,,BANKBARODA,,2026-04-28,2026-04-28,330.0,PE,BANKBARODA26APR330PE,0.0,0.0,0.0,34.15,0.0,34.15,305.15,28.5,0,0,0,0.0,0,F1,2925,,,,,
2026-02-18,2026-02-18,FO,NSE,STO,75760,,BANKBARODA,,2026-02-24,2026-02-24,252.5,CE,BANKBARODA26FEB252.5CE,0.0,0.0,0.0,44.8,0.0,44.8,305.15,52.9,0,0,0,0.0,0,F1,2925,,,,,
2026-02-18,2026-02-18,FO,NSE,STO,78113,,BANKBARODA,,2026-02-24,2026-02-24,280.0,CE,BANKBARODA26FEB280CE,23.6,26.5,23.5,25.55,24.5,23.4,305.15,25.55,1307475,-137475,70,62387617.5,47,F1,2925,,,,,
2026-02-18,2026-02-18,FO,NSE,STO,75902,,BANKBARODA,,2026-02-24,2026-02-24,312.5,CE,BANKBARODA26FEB312.5CE,1.85,2.7,1.35,1.55,1.35,1.85,305.15,1.55,655200,-307125,1506,1385487821.25,825,F1,2925,,,,,
2026-02-18,2026-02-18,FO,NSE,STO,78110,,BANKBARODA,,2026-02-24,2026-02-24,270.0,PE,BANKBARODA26FEB270PE,0.15,0.2,0.1,0.15,0.15,0.15,305.15,0.15,1409850,8775,235,185693625.0,81,F1,2925,,,,,
2026-02-18,2026-02-18,FO,NSE,STO,78118,,BANKBARODA,,2026-02-24,2026-02-24,290.0,PE,BANKBARODA26FEB290PE,0.75,0.8,0.4,0.5,0.5,0.95,305.15,0.5,4276350,-511875,2162,1837316373.75,902,F1,2925,,,,,
2026-02-18,2026-02-18,FO,NSE,STO,88759,,BANKBARODA,,2026-04-28,2026-04-28,305.0,PE,BANKBARODA26APR305PE,0.0,0.0,0.0,19.05,0.0,19.05,305.15,13.3,0,0,0,0.0,0,F1,2925,,,,,
2026-02-18,2026-02-18,FO,NSE,STO,88747,,BANKBARODA,,2026-04-28,2026-04-28,280.0,PE,BANKBARODA26APR280PE,2.55,3.0,2.55,2.95,2.95,8.0,305.15,2.95,52650,49725,23,19027856.25,23,F1,2925,,,,,
2026-02-18,2026-02-18,FO,NSE,STO,76186,,BANKBARODA,,2026-03-30,2026-03-30,325.0,PE,BANKBARODA26MAR325PE,20.2,20.25,20.2,20.25,20.25,36.75,305.15,22.8,5850,5850,2,2019566.25,2,F1,2925,,,,,
2026-02-18,2026-02-18,FO,NSE,STO,88435,,BANKBARODA,,2026-03-30,2026-03-30,292.5,PE,BANKBARODA26MAR292.5PE,4.2,4.45,3.8,3.8,3.8,7.25,305.15,3.8,70200,64350,35,30365448.75,32,F1,2925,,,,,
2026-02-18,2026-02-18,FO,NSE,STO,76121,,BANKBARODA,,2026-03-30,2026-03-30,275.0,PE,BANKBARODA26MAR275PE,1.4,1.5,1.3,1.3,1.3,1.55,305.15,1.6,280800,67275,58,46892722.5,47,F1,2925,,,,,
2026-02-18,2026-02-18,FO,NSE,STO,78109,,BANKBARODA,,2026-02-24,2026-02-24,270.0,CE,BANKBARODA26FEB270CE,36.2,36.2,35.9,36.0,36.0,33.75,305.15,35.4,339300,-20475,8,7160985.0,3,F1,2925,,,,,
2026-02-18,2026-02-18,FO,NSE,STO,78105,,BANKBARODA,,2026-02-24,2026-02-24,260.0,CE,BANKBARODA26FEB260CE,44.7,44.7,44.7,44.7,44.7,40.8,305.15,45.4,137475,-2925,1,891247.5,1,F1,2925,,,,,
2026-02-18,2026-02-18,FO,NSE,STO,78099,,BANKBARODA,,2026-02-24,2026-02-24,250.0,CE,BANKBARODA26FEB250CE,54.8,55.8,54.8,55.8,55.8,53.25,305.15,55.4,105300,2925,5,4463988.75,5,F1,2925,,,,,
2026-02-18,2026-02-18,FO,NSE,STO,78243,,BANKBARODA,,2026-02-24,2026-02-24,350.0,CE,BANKBARODA26FEB350CE,0.15,0.15,0.1,0.1,0.1,0.15,305.15,0.1,1708200,-17550,100,102407321.25,30,F1,2925,,,,,
2026-02-18,2026-02-18,FO,NSE,STO,88377,,BANKBARODA,,2026-03-30,2026-03-30,277.5,CE,BANKBARODA26MAR277.5CE,0.0,0.0,0.0,33.05,0.0,33.05,305.15,31.25,0,0,0,0.0,0,F1,2925,,,,,
2026-02-18,2026-02-18,FO,NSE,STO,76139,,BANKBARODA,,2026-03-30,2026-03-30,300.0,CE,BANKBARODA26MAR300CE,12.55,15.2,12.55,13.75,13.05,12.55,305.15,13.75,1158300,-76050,381,349931497.5,288,F1,2925,,,,,
2026-02-18,2026-02-18,FO,NSE,STO,76141,,BANKBARODA,,2026-03-30,2026-03-30,305.0,CE,BANKBARODA26MAR305CE,10.3,12.3,9.9,10.85,10.5,9.95,305.15,10.85,1588275,889200,795,735116703.75,541,F1,2925,,,,,
2026-02-18,2026-02-18,FO,NSE,STO,88716,,BANKBARODA,,2026-04-28,2026-04-28,240.0,CE,BANKBARODA26APR240CE,0.0,0.0,0.0,67.05,0.0,67.05,305.15,67.9,0,0,0,0.0,0,F1,2925,,,,,
2026-02-18,2026-02-18,FO,NSE,STO,75757,,BANKBARODA,,2026-02-24,2026-02-24,242.5,PE,BANKBARODA26FEB242.5PE,0.0,0.0,0.0,1.0,0.0,1.0,305.15,0.05,0,0,0,0.0,0,F1,2925,,,,,
2026-02-18,2026-02-18,FO,NSE,STO,88774,,BANKBARODA,,2026-04-28,2026-04-28,330.0,CE,BANKBARODA26APR330CE,0.0,0.0,0.0,11.2,0.0,11.2,305.15,7.05,0,0,0,0.0,0,F1,2925,,,,,
2026-02-18,2026-02-18,FO,NSE,STO,76191,,BANKBARODA,,2026-03-30,2026-03-30,340.0,CE,BANKBARODA26MAR340CE,1.65,2.0,1.6,1.6,1.6,1.55,305.15,1.6,561600,76050,137,136981260.0,105,F1,2925,,,,,
2026-02-18,2026-02-18,FO,NSE,STO,88462,,BANKBARODA,,2026-03-30,2026-03-30,322.5,CE,BANKBARODA26MAR322.5CE,5.2,5.2,4.6,4.6,4.6,3.95,305.15,5.55,128700,2925,4,3830287.5,4,F1,2925,,,,,
2026-02-18,2026-02-18,FO,NSE,STO,88455,,BANKBARODA,,2026-03-30,2026-03-30,307.5,CE,BANKBARODA26MAR307.5CE,10.25,10.25,9.8,9.8,9.8,15.4,305.15,11.15,2925,2925,3,2785916.25,3,F1,2925,,,,,
2026-02-18,2026-02-18,FO,NSE,STO,76122,,BANKBARODA,,2026-03-30,2026-03-30,280.0,CE,BANKBARODA26MAR280CE,29.5,29.8,28.6,29.8,29.8,27.8,305.15,29.8,348075,14625,8,7234548.75,8,F1,2925,,,,,
2026-02-18,2026-02-18,FO,NSE,STO,88246,,BANKBARODA,,2026-03-30,2026-03-30,252.5,CE,BANKBARODA26MAR252.5CE,0.0,0.0,0.0,53.55,0.0,53.55,305.15,54.35,0,0,0,0.0,0,F1,2925,,,,,
2026-02-18,2026-02-18,FO,NSE,STO,78237,,BANKBARODA,,2026-02-24,2026-02-24,335.0,CE,BANKBARODA26FEB335CE,0.2,0.2,0.1,0.15,0.1,0.2,305.15,0.15,640575,35100,126,123525675.0,74,F1,2925,,,,,
2026-02-18,2026-02-18,FO,NSE,STO,75904,,BANKBARODA,,2026-02-24,2026-02-24,317.5,CE,BANKBARODA26FEB317.5CE,0.95,1.5,0.65,0.75,0.65,1.05,305.15,0.75,1187550,70200,664,618737827.5,324,F1,2925,,,,,
2026-02-18,2026-02-18,FO,NSE,STO,78129,,BANKBARODA,,2026-02-24,2026-02-24,315.0,CE,BANKBARODA26FEB315CE,1.5,2.0,1.05,1.15,1.05,1.4,305.15,1.15,2963025,-459225,2411,2231650980.0,1283,F1,2925,,,,,
2026-02-18,2026-02-18,FO,NSE,STO,75980,,BANKBARODA,,2026-03-30,2026-03-30,260.0,CE,BANKBARODA26MAR260CE,47.5,47.5,47.5,47.5,47.5,45.5,305.15,47.1,8775,2925,1,899437.5,1,F1,2925,,,,,
2026-02-18,2026-02-18,FO,NSE,STO,75976,,BANKBARODA,,2026-03-30,2026-03-30,250.0,CE,BANKBARODA26MAR250CE,57.0,57.5,57.0,57.5,57.5,55.15,305.15,56.8,40950,5850,2,1797412.5,2,F1,2925,,,,,
2026-02-18,2026-02-18,FO,NSE,STO,88440,,BANKBARODA,,2026-03-30,2026-03-30,297.5,CE,BANKBARODA26MAR297.5CE,0.0,0.0,0.0,13.75,13.75,13.75,305.15,16.55,17550,0,0,0.0,0,F1,2925,,,,,
2026-02-18,2026-02-18,FO,NSE,STO,88758,,BANKBARODA,,2026-04-28,2026-04-28,305.0,CE,BANKBARODA26APR305CE,0.0,0.0,0.0,20.7,0.0,20.7,305.15,16.6,0,0,0,0.0,0,F1,2925,,,,,
2026-02-18,2026-02-18,FO,NSE,STO,88796,,BANKBARODA,,2026-04-28,2026-04-28,335.0,CE,BANKBARODA26APR335CE,0.0,0.0,0.0,9.8,0.0,9.8,305.15,5.85,0,0,0,0.0,0,F1,2925,,,,,
2026-02-18,2026-02-18,FO,NSE,STO,78114,,BANKBARODA,,2026-02-24,2026-02-24,280.0,PE,BANKBARODA26FEB280PE,0.3,0.3,0.2,0.2,0.2,0.35,305.15,0.2,3588975,146250,442,362290938.75,139,F1,2925,,,,,
2026-02-18,2026-02-18,FO,NSE,STO,75909,,BANKBARODA,,2026-02-24,2026-02-24,327.5,PE,BANKBARODA26FEB327.5PE,0.0,0.0,0.0,36.55,0.0,36.55,305.15,22.15,0,0,0,0.0,0,F1,2925,,,,,
2026-02-18,2026-02-18,FO,NSE,STO,75971,,BANKBARODA,,2026-03-30,2026-03-30,235.0,PE,BANKBARODA26MAR235PE,0.0,0.0,0.0,1.55,0.0,1.55,305.15,0.05,0,0,0,0.0,0,F1,2925,,,,,
2026-02-18,2026-02-18,FO,NSE,STO,75973,,BANKBARODA,,2026-03-30,2026-03-30,240.0,PE,BANKBARODA26MAR240PE,0.0,0.0,0.0,2.05,0.0,2.05,305.15,0.05,0,0,0,0.0,0,F1,2925,,,,,
2026-02-18,2026-02-18,FO,NSE,STO,88753,,BANKBARODA,,2026-04-28,2026-04-28,290.0,PE,BANKBARODA26APR290PE,5.0,5.1,4.95,5.05,5.05,5.55,305.15,7.2,52650,32175,11,9492210.0,11,F1,2925,,,,,
2026-02-18,2026-02-18,FO,NSE,STO,88765,,BANKBARODA,,2026-04-28,2026-04-28,320.0,PE,BANKBARODA26APR320PE,0.0,0.0,0.0,27.55,0.0,27.55,305.15,21.7,0,0,0,0.0,0,F1,2925,,,,,
2026-02-18,2026-02-18,FO,NSE,STO,88800,,BANKBARODA,,2026-04-28,2026-04-28,340.0,PE,BANKBARODA26APR340PE,0.0,0.0,0.0,41.35,0.0,41.35,305.15,36.1,0,0,0,0.0,0,F1,2925,,,,,
2026-02-18,2026-02-18,FO,NSE,STO,78093,,BANKBARODA,,2026-02-24,2026-02-24,235.0,CE,BANKBARODA26FEB235CE,0.0,0.0,0.0,51.0,51.0,51.0,305.15,70.35,0,0,0,0.0,0,F1,2925,,,,,
2026-02-18,2026-02-18,FO,NSE,STO,75850,,BANKBARODA,,2026-02-24,2026-02-24,262.5,CE,BANKBARODA26FEB262.5CE,0.0,0.0,0.0,23.25,23.25,23.25,305.15,42.9,23400,0,0,0.0,0,F1,2925,,,,,
2026-02-18,2026-02-18,FO,NSE,STO,78127,,BANKBARODA,,2026-02-24,2026-02-24,310.0,CE,BANKBARODA26FEB310CE,2.4,3.6,1.95,2.25,2.0,2.4,305.15,2.25,5238675,-485550,6920,6330119591.25,4115,F1,2925,,,,,
2026-02-18,2026-02-18,FO,NSE,STO,75908,,BANKBARODA,,2026-02-24,2026-02-24,327.5,CE,BANKBARODA26FEB327.5CE,0.35,0.45,0.2,0.2,0.2,0.35,305.15,0.2,228150,-38025,81,77668695.0,62,F1,2925,,,,,
2026-02-18,2026-02-18,FO,NSE,STO,78239,,BANKBARODA,,2026-02-24,2026-02-24,340.0,CE,BANKBARODA26FEB340CE,0.15,0.15,0.05,0.1,0.1,0.15,305.15,0.1,1398150,-105300,260,258661552.5,96,F1,2925,,,,,
2026-02-18,2026-02-18,FO,NSE,STO,88240,,BANKBARODA,,2026-03-30,2026-03-30,242.5,CE,BANKBARODA26MAR242.5CE,0.0,0.0,0.0,62.75,0.0,62.75,305.15,64.15,0,0,0,0.0,0,F1,2925,,,,,
2026-02-18,2026-02-18,FO,NSE,STO,88754,,BANKBARODA,,2026-04-28,2026-04-28,295.0,CE,BANKBARODA26APR295CE,0.0,0.0,0.0,25.85,0.0,25.85,305.15,22.15,0,0,0,0.0,0,F1,2925,,,,,
2026-02-18,2026-02-18,FO,NSE,STO,88731,,BANKBARODA,,2026-04-28,2026-04-28,260.0,CE,BANKBARODA26APR260CE,0.0,0.0,0.0,49.85,0.0,49.85,305.15,49.15,0,0,0,0.0,0,F1,2925,,,,,
2026-02-18,2026-02-18,FO,NSE,STO,88466,,BANKBARODA,,2026-03-30,2026-03-30,332.5,CE,BANKBARODA26MAR332.5CE,2.8,2.8,2.4,2.5,2.45,2.55,305.15,2.5,99450,23400,9,8819460.0,8,F1,2925,,,,,
2026-02-18,2026-02-18,FO,NSE,STO,76169,,BANKBARODA,,2026-03-30,2026-03-30,320.0,CE,BANKBARODA26MAR320CE,5.0,6.05,4.6,5.05,4.85,4.6,305.15,5.05,2752425,1553175,1950,1856224012.5,1507,F1,2925,,,,,
2026-02-18,2026-02-18,FO,NSE,STO,88460,,BANKBARODA,,2026-03-30,2026-03-30,317.5,CE,BANKBARODA26MAR317.5CE,6.7,6.7,6.3,6.3,6.3,4.3,305.15,7.1,11700,5850,2,1895400.0,2,F1,2925,,,,,
2026-02-18,2026-02-18,FO,NSE,STO,76143,,BANKBARODA,,2026-03-30,2026-03-30,310.0,CE,BANKBARODA26MAR310CE,7.95,9.85,7.7,8.45,8.25,7.8,305.15,8.45,1292850,-26325,668,622942076.25,516,F1,2925,,,,,
2026-02-18,2026-02-18,FO,NSE,STO,75887,,BANKBARODA,,2026-02-24,2026-02-24,272.5,PE,BANKBARODA26FEB272.5PE,0.15,0.2,0.15,0.2,0.2,0.25,305.15,0.05,228150,-14625,6,4785153.75,5,F1,2925,,,,,
2026-02-18,2026-02-18,FO,NSE,STO,78108,,BANKBARODA,,2026-02-24,2026-02-24,265.0,PE,BANKBARODA26FEB265PE,0.1,0.15,0.1,0.1,0.1,0.15,305.15,0.05,532350,-49725,28,21713591.25,21,F1,2925,,,,,
2026-02-18,2026-02-18,FO,NSE,STO,88808,,BANKBARODA,,2026-04-28,2026-04-28,350.0,CE,BANKBARODA26APR350CE,0.0,0.0,0.0,6.45,0.0,6.45,305.15,3.15,0,0,0,0.0,0,F1,2925,,,,,
2026-02-18,2026-02-18,FO,NSE,STO,75982,,BANKBARODA,,2026-03-30,2026-03-30,265.0,CE,BANKBARODA26MAR265CE,0.0,0.0,0.0,38.55,0.0,38.55,305.15,42.4,0,0,0,0.0,0,F1,2925,,,,,
2026-02-18,2026-02-18,FO,NSE,STO,75972,,BANKBARODA,,2026-03-30,2026-03-30,240.0,CE,BANKBARODA26MAR240CE,0.0,0.0,0.0,41.0,41.0,41.0,305.15,66.65,2925,0,0,0.0,0,F1,2925,,,,,
2026-02-18,2026-02-18,FO,NSE,STO,75977,,BANKBARODA,,2026-03-30,2026-03-30,250.0,PE,BANKBARODA26MAR250PE,0.5,0.5,0.4,0.45,0.45,0.55,305.15,0.15,418275,-35100,24,17583198.75,13,F1,2925,,,,,
2026-02-18,2026-02-18,FO,NSE,STO,88461,,BANKBARODA,,2026-03-30,2026-03-30,317.5,PE,BANKBARODA26MAR317.5PE,0.0,0.0,0.0,23.55,0.0,23.55,305.15,17.55,0,0,0,0.0,0,F1,2925,,,,,
2026-02-18,2026-02-18,FO,NSE,STO,88465,,BANKBARODA,,2026-03-30,2026-03-30,327.5,PE,BANKBARODA26MAR327.5PE,0.0,0.0,0.0,30.3,0.0,30.3,305.15,24.65,0,0,0,0.0,0,F1,2925,,,,,
2026-02-18,2026-02-18,FO,NSE,STO,88721,,BANKBARODA,,2026-04-28,2026-04-28,250.0,PE,BANKBARODA26APR250PE,0.0,0.0,0.0,2.35,0.0,2.35,305.15,0.6,0,0,0,0.0,0,F1,2925,,,,,
2026-02-18,2026-02-18,FO,NSE,STO,88736,,BANKBARODA,,2026-04-28,2026-04-28,270.0,PE,BANKBARODA26APR270PE,0.0,0.0,0.0,5.95,0.0,5.95,305.15,2.5,0,0,0,0.0,0,F1,2925,,,,,
2026-02-18,2026-02-18,FO,NSE,STO,78238,,BANKBARODA,,2026-02-24,2026-02-24,335.0,PE,BANKBARODA26FEB335PE,0.0,0.0,0.0,49.0,0.0,49.0,305.15,29.55,0,0,0,0.0,0,F1,2925,,,,,
2026-02-18,2026-02-18,FO,NSE,STO,75984,,BANKBARODA,,2026-03-30,2026-03-30,270.0,CE,BANKBARODA26MAR270CE,0.0,0.0,0.0,22.5,22.5,22.5,305.15,37.8,14625,0,0,0.0,0,F1,2925,,,,,
2026-02-18,2026-02-18,FO,NSE,STO,76146,,BANKBARODA,,2026-03-30,2026-03-30,315.0,CE,BANKBARODA26MAR315CE,6.2,7.75,6.05,6.55,6.45,5.95,305.15,6.55,213525,76050,150,141214905.0,124,F1,2925,,,,,
2026-02-18,2026-02-18,FO,NSE,STO,78111,,BANKBARODA,,2026-02-24,2026-02-24,275.0,CE,BANKBARODA26FEB275CE,30.5,30.9,30.3,30.4,30.45,28.85,305.15,30.4,368550,-14625,12,10722757.5,11,F1,2925,,,,,
2026-02-18,2026-02-18,FO,NSE,STO,78230,,BANKBARODA,,2026-02-24,2026-02-24,325.0,PE,BANKBARODA26FEB325PE,20.05,20.45,19.45,20.45,20.45,22.3,305.15,20.45,17550,-5850,9,9080808.75,9,F1,2925,,,,,
2026-02-18,2026-02-18,FO,NSE,STO,88418,,BANKBARODA,,2026-03-30,2026-03-30,277.5,PE,BANKBARODA26MAR277.5PE,1.65,1.65,1.5,1.5,1.5,5.65,305.15,1.95,14625,14625,6,4897766.25,6,F1,2925,,,,,
2026-02-18,2026-02-18,FO,NSE,STO,76128,,BANKBARODA,,2026-03-30,2026-03-30,280.0,PE,BANKBARODA26MAR280PE,1.85,2.05,1.65,1.8,1.9,2.1,305.15,1.8,1231425,8775,418,344555640.0,283,F1,2925,,,,,
2026-02-18,2026-02-18,FO,NSE,STO,76134,,BANKBARODA,,2026-03-30,2026-03-30,285.0,PE,BANKBARODA26MAR285PE,2.6,2.7,2.35,2.45,2.5,2.9,305.15,2.45,783900,99450,96,80727660.0,65,F1,2925,,,,,
2026-02-18,2026-02-18,FO,NSE,STO,88433,,BANKBARODA,,2026-03-30,2026-03-30,287.5,PE,BANKBARODA26MAR287.5PE,3.05,3.25,2.75,2.85,2.95,3.3,305.15,2.85,119925,58500,31,26331288.75,29,F1,2925,,,,,
2026-02-18,2026-02-18,FO,NSE,STO,76202,,BANKBARODA,,2026-03-30,2026-03-30,345.0,PE,BANKBARODA26MAR345PE,0.0,0.0,0.0,52.25,0.0,52.25,305.15,39.3,0,0,0,0.0,0,F1,2925,,,,,
2026-02-18,2026-02-18,FO,NSE,STO,88719,,BANKBARODA,,2026-04-28,2026-04-28,245.0,PE,BANKBARODA26APR245PE,0.0,0.0,0.0,1.8,0.0,1.8,305.15,0.4,0,0,0,0.0,0,F1,2925,,,,,
2026-02-18,2026-02-18,FO,NSE,STO,88767,,BANKBARODA,,2026-04-28,2026-04-28,325.0,PE,BANKBARODA26APR325PE,0.0,0.0,0.0,30.75,0.0,30.75,305.15,25.0,0,0,0,0.0,0,F1,2925,,,,,
2026-02-18,2026-02-18,FO,NSE,STO,75888,,BANKBARODA,,2026-02-24,2026-02-24,277.5,CE,BANKBARODA26FEB277.5CE,29.7,29.7,29.7,29.7,29.7,11.6,305.15,27.9,228150,-2925,1,898560.0,1,F1,2925,,,,,
2026-02-18,2026-02-18,FO,NSE,STO,78115,,BANKBARODA,,2026-02-24,2026-02-24,285.0,CE,BANKBARODA26FEB285CE,18.85,22.3,18.85,20.65,20.5,18.6,305.15,20.65,1026675,-35100,31,27706623.75,29,F1,2925,,,,,
2026-02-18,2026-02-18,FO,NSE,STO,76189,,BANKBARODA,,2026-03-30,2026-03-30,335.0,CE,BANKBARODA26MAR335CE,2.35,2.65,2.1,2.1,2.1,1.95,305.15,2.1,163800,128700,76,74977110.0,68,F1,2925,,,,,
2026-02-18,2026-02-18,FO,NSE,STO,75901,,BANKBARODA,,2026-02-24,2026-02-24,307.5,PE,BANKBARODA26FEB307.5PE,6.15,6.55,4.5,5.35,5.45,7.55,305.15,5.35,242775,114075,377,345001848.75,370,F1,2925,,,,,
2026-02-18,2026-02-18,FO,NSE,STO,88766,,BANKBARODA,,2026-04-28,2026-04-28,325.0,CE,BANKBARODA26APR325CE,0.0,0.0,0.0,12.75,0.0,12.75,305.15,8.5,0,0,0,0.0,0,F1,2925,,,,,
2026-02-18,2026-02-18,FO,NSE,STO,78104,,BANKBARODA,,2026-02-24,2026-02-24,255.0,PE,BANKBARODA26FEB255PE,0.05,0.05,0.05,0.05,0.05,0.1,305.15,0.05,292500,-108225,110,82062337.5,15,F1,2925,,,,,
2026-02-18,2026-02-18,FO,NSE,STO,78116,,BANKBARODA,,2026-02-24,2026-02-24,285.0,PE,BANKBARODA26FEB285PE,0.5,0.5,0.2,0.25,0.25,0.55,305.15,0.25,1573650,-798525,1053,878790656.25,405,F1,2925,,,,,
2026-02-18,2026-02-18,FO,NSE,STO,75893,,BANKBARODA,,2026-02-24,2026-02-24,287.5,PE,BANKBARODA26FEB287.5PE,0.5,0.55,0.25,0.35,0.35,0.65,305.15,0.35,2062125,-155025,346,291363930.0,238,F1,2925,,,,,
2026-02-18,2026-02-18,FO,NSE,STO,88305,,BANKBARODA,,2026-03-30,2026-03-30,252.5,PE,BANKBARODA26MAR252.5PE,0.0,0.0,0.0,1.45,0.0,1.45,305.15,0.15,0,0,0,0.0,0,F1,2925,,,,,
2026-02-18,2026-02-18,FO,NSE,STO,75797,,BANKBARODA,,2026-02-24,2026-02-24,257.5,CE,BANKBARODA26FEB257.5CE,0.0,0.0,0.0,40.6,0.0,40.6,305.15,47.9,0,0,0,0.0,0,F1,2925,,,,,
2026-02-18,2026-02-18,FO,NSE,STF,66723,,BANKBARODA,,2026-04-28,2026-04-28,,,BANKBARODA26APRFUT,304.2,310.9,304.2,309.3,309.0,306.55,305.15,309.3,789750,70200,98,88722416.25,91,F1,2925,,,,,
2026-02-18,2026-02-18,FO,NSE,STO,78117,,BANKBARODA,,2026-02-24,2026-02-24,290.0,CE,BANKBARODA26FEB290CE,14.15,17.85,13.85,15.45,15.25,14.0,305.15,15.45,1301625,-204750,228,203978238.75,173,F1,2925,,,,,
2026-02-18,2026-02-18,FO,NSE,STO,88763,,BANKBARODA,,2026-04-28,2026-04-28,315.0,PE,BANKBARODA26APR315PE,0.0,0.0,0.0,24.55,0.0,24.55,305.15,18.65,0,0,0,0.0,0,F1,2925,,,,,
2026-02-18,2026-02-18,FO,NSE,STO,88745,,BANKBARODA,,2026-04-28,2026-04-28,275.0,PE,BANKBARODA26APR275PE,0.0,0.0,0.0,7.25,0.0,7.25,305.15,3.35,0,0,0,0.0,0,F1,2925,,,,,
2026-02-18,2026-02-18,FO,NSE,STO,76190,,BANKBARODA,,2026-03-30,2026-03-30,335.0,PE,BANKBARODA26MAR335PE,0.0,0.0,0.0,44.25,0.0,44.25,305.15,30.65,0,0,0,0.0,0,F1,2925,,,,,
2026-02-18,2026-02-18,FO,NSE,STO,88372,,BANKBARODA,,2026-03-30,2026-03-30,262.5,PE,BANKBARODA26MAR262.5PE,0.0,0.0,0.0,2.0,2.0,2.0,305.15,0.5,2925,0,0,0.0,0,F1,2925,,,,,
2026-02-18,2026-02-18,FO,NSE,STO,75981,,BANKBARODA,,2026-03-30,2026-03-30,260.0,PE,BANKBARODA26MAR260PE,0.7,0.7,0.65,0.65,0.65,0.8,305.15,0.65,365625,17550,25,19061201.25,20,F1,2925,,,,,
2026-02-18,2026-02-18,FO,NSE,STO,78242,,BANKBARODA,,2026-02-24,2026-02-24,345.0,PE,BANKBARODA26FEB345PE,0.0,0.0,0.0,57.25,0.0,57.25,305.15,39.55,0,0,0,0.0,0,F1,2925,,,,,
2026-02-18,2026-02-18,FO,NSE,STO,78126,,BANKBARODA,,2026-02-24,2026-02-24,305.0,PE,BANKBARODA26FEB305PE,5.45,5.85,3.25,3.85,4.2,6.0,305.15,3.85,1693575,353925,2280,2062061673.75,1922,F1,2925,,,,,
2026-02-18,2026-02-18,FO,NSE,STO,75891,,BANKBARODA,,2026-02-24,2026-02-24,282.5,PE,BANKBARODA26FEB282.5PE,0.35,0.35,0.2,0.2,0.2,0.4,305.15,0.2,737100,-23400,69,57066603.75,48,F1,2925,,,,,
2026-02-18,2026-02-18,FO,NSE,STO,78100,,BANKBARODA,,2026-02-24,2026-02-24,250.0,PE,BANKBARODA26FEB250PE,0.1,0.1,0.05,0.05,0.05,0.1,305.15,0.05,1026675,-32175,63,46078402.5,8,F1,2925,,,,,
2026-02-18,2026-02-18,FO,NSE,STO,88746,,BANKBARODA,,2026-04-28,2026-04-28,280.0,CE,BANKBARODA26APR280CE,0.0,0.0,0.0,35.0,0.0,35.0,305.15,32.45,0,0,0,0.0,0,F1,2925,,,,,
2026-02-18,2026-02-18,FO,NSE,STO,88735,,BANKBARODA,,2026-04-28,2026-04-28,270.0,CE,BANKBARODA26APR270CE,0.0,0.0,0.0,42.1,0.0,42.1,305.15,40.45,0,0,0,0.0,0,F1,2925,,,,,
2026-02-18,2026-02-18,FO,NSE,STO,88431,,BANKBARODA,,2026-03-30,2026-03-30,287.5,CE,BANKBARODA26MAR287.5CE,0.0,0.0,0.0,26.2,0.0,26.2,305.15,23.3,0,0,0,0.0,0,F1,2925,,,,,
2026-02-18,2026-02-18,FO,NSE,STO,88307,,BANKBARODA,,2026-03-30,2026-03-30,257.5,CE,BANKBARODA26MAR257.5CE,0.0,0.0,0.0,49.15,0.0,49.15,305.15,49.5,0,0,0,0.0,0,F1,2925,,,,,
2026-02-18,2026-02-18,FO,NSE,STO,75974,,BANKBARODA,,2026-03-30,2026-03-30,245.0,CE,BANKBARODA26MAR245CE,0.0,0.0,0.0,54.3,0.0,54.3,305.15,61.7,0,0,0,0.0,0,F1,2925,,,,,
2026-02-18,2026-02-18,FO,NSE,STO,78284,,BHARTIARTL,,2026-02-24,2026-02-24,1820.0,CE,BHARTIARTL26FEB1820CE,0.0,0.0,0.0,189.5,189.5,189.5,2021.8,203.45,475,0,0,0.0,0,F1,475,,,,,
2026-02-18,2026-02-18,FO,NSE,STO,79803,,BHARTIARTL,,2026-02-24,2026-02-24,1840.0,PE,BHARTIARTL26FEB1840PE,0.5,0.55,0.35,0.35,0.35,0.75,2021.8,0.05,264575,-2375,92,80427950.0,81,F1,475,,,,,
2026-02-18,2026-02-18,FO,NSE,STO,79832,,BHARTIARTL,,2026-02-24,2026-02-24,2240.0,CE,BHARTIARTL26FEB2240CE,0.5,0.7,0.25,0.3,0.3,0.4,2021.8,0.3,130150,-16150,93,98967485.0,64,F1,475,,,,,
2026-02-18,2026-02-18,FO,NSE,STO,78503,,BHARTIARTL,,2026-03-30,2026-03-30,1920.0,PE,BHARTIARTL26MAR1920PE,11.5,13.1,11.0,11.6,11.6,13.15,2021.8,11.6,39900,4275,27,24771107.5,24,F1,475,,,,,
2026-02-18,2026-02-18,FO,NSE,STO,78516,,BHARTIARTL,,2026-03-30,2026-03-30,1960.0,PE,BHARTIARTL26MAR1960PE,20.0,21.0,18.05,18.7,18.95,20.8,2021.8,18.7,71725,4750,32,30081797.5,32,F1,475,,,,,
2026-02-18,2026-02-18,FO,NSE,STO,78533,,BHARTIARTL,,2026-03-30,2026-03-30,2120.0,PE,BHARTIARTL26MAR2120PE,100.0,100.0,100.0,100.0,100.0,101.0,2021.8,106.85,2850,475,1,1054500.0,1,F1,475,,,,,
2026-02-18,2026-02-18,FO,NSE,STO,91227,,BHARTIARTL,,2026-04-28,2026-04-28,1760.0,PE,BHARTIARTL26APR1760PE,0.0,0.0,0.0,15.3,0.0,15.3,2021.8,2.65,0,0,0,0.0,0,F1,475,,,,,
2026-02-18,2026-02-18,FO,NSE,STO,91233,,BHARTIARTL,,2026-04-28,2026-04-28,1840.0,PE,BHARTIARTL26APR1840PE,10.0,10.0,10.0,10.0,10.0,8.25,2021.8,8.8,1900,475,2,1757500.0,2,F1,475,,,,,
2026-02-18,2026-02-18,FO,NSE,STO,91241,,BHARTIARTL,,2026-04-28,2026-04-28,2000.0,PE,BHARTIARTL26APR2000PE,0.0,0.0,0.0,91.4,0.0,91.4,2021.8,49.1,0,0,0,0.0,0,F1,475,,,,,
2026-02-18,2026-02-18,FO,NSE,STO,91240,,BHARTIARTL,,2026-04-28,2026-04-28,2000.0,CE,BHARTIARTL26APR2000CE,0.0,0.0,0.0,95.4,0.0,95.4,2021.8,91.6,0,0,0,0.0,0,F1,475,,,,,
2026-02-18,2026-02-18,FO,NSE,STO,91228,,BHARTIARTL,,2026-04-28,2026-04-28,1800.0,CE,BHARTIARTL26APR1800CE,0.0,0.0,0.0,223.15,0.0,223.15,2021.8,245.4,0,0,0,0.0,0,F1,475,,,,,
2026-02-18,2026-02-18,FO,NSE,STO,91216,,BHARTIARTL,,2026-04-28,2026-04-28,1600.0,CE,BHARTIARTL26APR1600CE,0.0,0.0,0.0,400.25,0.0,400.25,2021.8,438.45,0,0,0,0.0,0,F1,475,,,,,
2026-02-18,2026-02-18,FO,NSE,STO,78539,,BHARTIARTL,,2026-03-30,2026-03-30,2200.0,CE,BHARTIARTL26MAR2200CE,6.4,7.0,5.3,5.35,5.45,6.45,2021.8,5.35,85975,11875,87,91168483.75,69,F1,475,,,,,
2026-02-18,2026-02-18,FO,NSE,STO,90837,,BHARTIARTL,,2026-03-30,2026-03-30,2100.0,CE,BHARTIARTL26MAR2100CE,22.8,23.9,20.05,20.5,20.7,22.45,2021.8,20.5,247000,30400,331,333548491.25,261,F1,475,,,,,
2026-02-18,2026-02-18,FO,NSE,STO,78501,,BHARTIARTL,,2026-03-30,2026-03-30,1920.0,CE,BHARTIARTL26MAR1920CE,0.0,0.0,0.0,119.0,119.0,119.0,2021.8,126.55,950,0,0,0.0,0,F1,475,,,,,
2026-02-18,2026-02-18,FO,NSE,STO,90825,,BHARTIARTL,,2026-03-30,2026-03-30,1860.0,CE,BHARTIARTL26MAR1860CE,0.0,0.0,0.0,159.2,0.0,159.2,2021.8,177.9,0,0,0,0.0,0,F1,475,,,,,
2026-02-18,2026-02-18,FO,NSE,STO,78491,,BHARTIARTL,,2026-03-30,2026-03-30,1760.0,CE,BHARTIARTL26MAR1760CE,0.0,0.0,0.0,371.7,0.0,371.7,2021.8,272.95,0,0,0,0.0,0,F1,475,,,,,
2026-02-18,2026-02-18,FO,NSE,STO,79845,,BHARTIARTL,,2026-02-24,2026-02-24,2400.0,CE,BHARTIARTL26FEB2400CE,0.3,0.4,0.3,0.3,0.3,0.35,2021.8,0.3,149625,-950,4,4560617.5,4,F1,475,,,,,
2026-02-18,2026-02-18,FO,NSE,STO,91238,,BHARTIARTL,,2026-04-28,2026-04-28,1960.0,CE,BHARTIARTL26APR1960CE,0.0,0.0,0.0,115.8,0.0,115.8,2021.8,116.4,0,0,0,0.0,0,F1,475,,,,,
2026-02-18,2026-02-18,FO,NSE,STO,91242,,BHARTIARTL,,2026-04-28,2026-04-28,2040.0,CE,BHARTIARTL26APR2040CE,0.0,0.0,0.0,77.7,0.0,77.7,2021.8,70.4,0,0,0,0.0,0,F1,475,,,,,
2026-02-18,2026-02-18,FO,NSE,STO,91246,,BHARTIARTL,,2026-04-28,2026-04-28,2120.0,CE,BHARTIARTL26APR2120CE,0.0,0.0,0.0,49.65,0.0,49.65,2021.8,38.65,0,0,0,0.0,0,F1,475,,,,,
2026-02-18,2026-02-18,FO,NSE,STO,79751,,BHARTIARTL,,2026-02-24,2026-02-24,1720.0,PE,BHARTIARTL26FEB1720PE,0.1,0.15,0.1,0.15,0.15,0.2,2021.8,0.05,382375,0,88,71900655.0,28,F1,475,,,,,
2026-02-18,2026-02-18,FO,NSE,STO,78283,,BHARTIARTL,,2026-02-24,2026-02-24,1780.0,PE,BHARTIARTL26FEB1780PE,0.2,0.4,0.2,0.35,0.35,0.4,2021.8,0.35,28500,-1425,17,14376136.25,16,F1,475,,,,,
2026-02-18,2026-02-18,FO,NSE,STO,78470,,BHARTIARTL,,2026-03-30,2026-03-30,1720.0,PE,BHARTIARTL26MAR1720PE,0.0,0.0,0.0,3.65,0.0,3.65,2021.8,0.2,0,0,0,0.0,0,F1,475,,,,,
2026-02-18,2026-02-18,FO,NSE,STO,78340,,BHARTIARTL,,2026-02-24,2026-02-24,2220.0,CE,BHARTIARTL26FEB2220CE,0.4,0.4,0.25,0.3,0.3,0.5,2021.8,0.3,605150,3800,197,207765807.5,122,F1,475,,,,,
2026-02-18,2026-02-18,FO,NSE,STO,91229,,BHARTIARTL,,2026-04-28,2026-04-28,1800.0,PE,BHARTIARTL26APR1800PE,0.0,0.0,0.0,10.0,10.0,10.0,2021.8,5.0,475,0,0,0.0,0,F1,475,,,,,
2026-02-18,2026-02-18,FO,NSE,STO,90826,,BHARTIARTL,,2026-03-30,2026-03-30,1860.0,PE,BHARTIARTL26MAR1860PE,5.8,5.8,5.2,5.2,5.2,6.35,2021.8,5.2,21375,0,9,7974822.5,5,F1,475,,,,,
2026-02-18,2026-02-18,FO,NSE,STO,90833,,BHARTIARTL,,2026-03-30,2026-03-30,2020.0,CE,BHARTIARTL26MAR2020CE,58.15,60.0,52.15,54.5,55.2,56.35,2021.8,54.5,55100,24225,133,131111566.25,114,F1,475,,,,,
2026-02-18,2026-02-18,FO,NSE,STO,90822,,BHARTIARTL,,2026-03-30,2026-03-30,1780.0,PE,BHARTIARTL26MAR1780PE,0.0,0.0,0.0,12.75,12.75,12.75,2021.8,0.9,950,0,0,0.0,0,F1,475,,,,,
2026-02-18,2026-02-18,FO,NSE,STO,79748,,BHARTIARTL,,2026-02-24,2026-02-24,1680.0,CE,BHARTIARTL26FEB1680CE,0.0,0.0,0.0,508.35,0.0,508.35,2021.8,343.3,0,0,0,0.0,0,F1,475,,,,,
2026-02-18,2026-02-18,FO,NSE,STO,78280,,BHARTIARTL,,2026-02-24,2026-02-24,1740.0,CE,BHARTIARTL26FEB1740CE,0.0,0.0,0.0,377.25,0.0,377.25,2021.8,283.35,0,0,0,0.0,0,F1,475,,,,,
2026-02-18,2026-02-18,FO,NSE,STO,91235,,BHARTIARTL,,2026-04-28,2026-04-28,1880.0,PE,BHARTIARTL26APR1880PE,0.0,0.0,0.0,42.3,0.0,42.3,2021.8,14.6,0,0,0,0.0,0,F1,475,,,,,
2026-02-18,2026-02-18,FO,NSE,STO,90839,,BHARTIARTL,,2026-03-30,2026-03-30,2140.0,CE,BHARTIARTL26MAR2140CE,14.05,14.1,11.55,11.8,11.8,13.3,2021.8,16.8,77900,950,24,24544223.75,23,F1,475,,,,,
2026-02-18,2026-02-18,FO,NSE,STO,79760,,BHARTIARTL,,2026-02-24,2026-02-24,1760.0,PE,BHARTIARTL26FEB1760PE,0.35,0.35,0.2,0.25,0.25,0.45,2021.8,0.25,600875,-475,27,22575633.75,27,F1,475,,,,,
2026-02-18,2026-02-18,FO,NSE,STO,91253,,BHARTIARTL,,2026-04-28,2026-04-28,2240.0,PE,BHARTIARTL26APR2240PE,0.0,0.0,0.0,255.6,0.0,255.6,2021.8,208.05,0,0,0,0.0,0,F1,475,,,,,
2026-02-18,2026-02-18,FO,NSE,STO,79829,,BHARTIARTL,,2026-02-24,2026-02-24,2160.0,PE,BHARTIARTL26FEB2160PE,0.0,0.0,0.0,124.9,124.5,124.9,2021.8,136.35,9500,0,0,0.0,0,F1,475,,,,,
2026-02-18,2026-02-18,FO,NSE,STO,90840,,BHARTIARTL,,2026-03-30,2026-03-30,2140.0,PE,BHARTIARTL26MAR2140PE,0.0,0.0,0.0,116.8,116.8,116.8,2021.8,122.15,3800,0,0,0.0,0,F1,475,,,,,
2026-02-18,2026-02-18,FO,NSE,STO,90828,,BHARTIARTL,,2026-03-30,2026-03-30,1900.0,PE,BHARTIARTL26MAR1900PE,10.0,10.4,8.5,8.9,9.0,10.15,2021.8,8.9,121125,-950,86,77981676.25,60,F1,475,,,,,
2026-02-18,2026-02-18,FO,NSE,STO,79840,,BHARTIARTL,,2026-02-24,2026-02-24,2280.0,PE,BHARTIARTL26FEB2280PE,0.0,0.0,0.0,157.45,0.0,157.45,2021.8,256.15,0,0,0,0.0,0,F1,475,,,,,
2026-02-18,2026-02-18,FO,NSE,STO,91237,,BHARTIARTL,,2026-04-28,2026-04-28,1920.0,PE,BHARTIARTL26APR1920PE,0.0,0.0,0.0,56.0,0.0,56.0,2021.8,22.95,0,0,0,0.0,0,F1,475,,,,,
2026-02-18,2026-02-18,FO,NSE,STO,79808,,BHARTIARTL,,2026-02-24,2026-02-24,1960.0,CE,BHARTIARTL26FEB1960CE,70.0,70.3,59.9,63.5,63.35,65.95,2021.8,63.5,170050,-2375,94,90394875.0,89,F1,475,,,,,
2026-02-18,2026-02-18,FO,NSE,STO,79828,,BHARTIARTL,,2026-02-24,2026-02-24,2160.0,CE,BHARTIARTL26FEB2160CE,1.0,1.0,0.55,0.6,0.6,1.0,2021.8,0.6,438900,-110675,695,713301633.75,386,F1,475,,,,,
2026-02-18,2026-02-18,FO,NSE,STO,90831,,BHARTIARTL,,2026-03-30,2026-03-30,1980.0,CE,BHARTIARTL26MAR1980CE,82.6,82.6,80.85,80.85,80.85,77.5,2021.8,83.05,3325,475,3,2937542.5,2,F1,475,,,,,
2026-02-18,2026-02-18,FO,NSE,STO,78535,,BHARTIARTL,,2026-03-30,2026-03-30,2160.0,CE,BHARTIARTL26MAR2160CE,10.1,10.75,9.0,9.1,9.0,10.4,2021.8,9.1,58900,8550,47,48439241.25,41,F1,475,,,,,
2026-02-18,2026-02-18,FO,NSE,STO,79747,,BHARTIARTL,,2026-02-24,2026-02-24,1640.0,PE,BHARTIARTL26FEB1640PE,0.25,0.25,0.15,0.15,0.15,0.35,2021.8,0.15,72675,1425,32,24930755.0,12,F1,475,,,,,
2026-02-18,2026-02-18,FO,NSE,STO,79813,,BHARTIARTL,,2026-02-24,2026-02-24,2040.0,PE,BHARTIARTL26FEB2040PE,32.0,34.4,25.7,27.05,27.4,31.4,2021.8,27.05,268850,-59375,1580,1552316815.0,1517,F1,475,,,,,
2026-02-18,2026-02-18,FO,NSE,STF,59264,,BHARTIARTL,,2026-02-24,2026-02-24,,,BHARTIARTL26FEBFUT,2022.7,2028.0,2014.1,2021.9,2022.4,2021.5,2021.8,2021.9,40826250,-3083700,9018,8659482370.0,6021,F1,475,,,,,
2026-02-18,2026-02-18,FO,NSE,STO,90851,,BHARTIARTL,,2026-03-30,2026-03-30,2180.0,PE,BHARTIARTL26MAR2180PE,0.0,0.0,0.0,203.85,0.0,203.85,2021.8,155.15,0,0,0,0.0,0,F1,475,,,,,
2026-02-18,2026-02-18,FO,NSE,STO,90838,,BHARTIARTL,,2026-03-30,2026-03-30,2100.0,PE,BHARTIARTL26MAR2100PE,88.0,89.0,81.6,82.9,83.55,86.5,2021.8,82.9,100700,37525,92,95423913.75,78,F1,475,,,,,
2026-02-18,2026-02-18,FO,NSE,STO,78288,,BHARTIARTL,,2026-02-24,2026-02-24,1900.0,CE,BHARTIARTL26FEB1900CE,125.4,125.4,118.0,122.3,121.0,122.95,2021.8,122.3,148200,1900,13,12480838.75,10,F1,475,,,,,
2026-02-18,2026-02-18,FO,NSE,STO,79759,,BHARTIARTL,,2026-02-24,2026-02-24,1760.0,CE,BHARTIARTL26FEB1760CE,0.0,0.0,0.0,247.55,247.55,247.55,2021.8,263.4,950,0,0,0.0,0,F1,475,,,,,
2026-02-18,2026-02-18,FO,NSE,STO,90830,,BHARTIARTL,,2026-03-30,2026-03-30,1940.0,PE,BHARTIARTL26MAR1940PE,15.9,15.9,14.15,14.4,14.45,16.5,2021.8,14.4,49400,6175,19,17641333.75,17,F1,475,,,,,
2026-02-18,2026-02-18,FO,NSE,STO,79844,,BHARTIARTL,,2026-02-24,2026-02-24,2360.0,PE,BHARTIARTL26FEB2360PE,0.0,0.0,0.0,212.0,0.0,212.0,2021.8,336.05,0,0,0,0.0,0,F1,475,,,,,
2026-02-18,2026-02-18,FO,NSE,STO,91220,,BHARTIARTL,,2026-04-28,2026-04-28,1680.0,CE,BHARTIARTL26APR1680CE,0.0,0.0,0.0,325.7,0.0,325.7,2021.8,359.75,0,0,0,0.0,0,F1,475,,,,,
2026-02-18,2026-02-18,FO,NSE,STO,91236,,BHARTIARTL,,2026-04-28,2026-04-28,1920.0,CE,BHARTIARTL26APR1920CE,0.0,0.0,0.0,138.8,0.0,138.8,2021.8,144.6,0,0,0,0.0,0,F1,475,,,,,
2026-02-18,2026-02-18,FO,NSE,STO,78310,,BHARTIARTL,,2026-02-24,2026-02-24,2100.0,CE,BHARTIARTL26FEB2100CE,3.0,3.0,1.45,1.65,1.85,3.0,2021.8,1.65,2226325,-163875,3846,3840177661.25,1849,F1,475,,,,,
2026-02-18,2026-02-18,FO,NSE,STO,78292,,BHARTIARTL,,2026-02-24,2026-02-24,1980.0,CE,BHARTIARTL26FEB1980CE,51.15,52.25,42.05,45.7,45.45,49.15,2021.8,45.7,195700,-21375,253,243591851.25,247,F1,475,,,,,
2026-02-18,2026-02-18,FO,NSE,STO,78286,,BHARTIARTL,,2026-02-24,2026-02-24,1860.0,CE,BHARTIARTL26FEB1860CE,0.0,0.0,0.0,165.75,165.75,165.75,2021.8,163.5,34200,0,0,0.0,0,F1,475,,,,,
2026-02-18,2026-02-18,FO,NSE,STO,79802,,BHARTIARTL,,2026-02-24,2026-02-24,1840.0,CE,BHARTIARTL26FEB1840CE,0.0,0.0,0.0,195.0,195.0,195.0,2021.8,183.45,1425,0,0,0.0,0,F1,475,,,,,
2026-02-18,2026-02-18,FO,NSE,STO,79746,,BHARTIARTL,,2026-02-24,2026-02-24,1640.0,CE,BHARTIARTL26FEB1640CE,0.0,0.0,0.0,547.15,0.0,547.15,2021.8,383.3,0,0,0,0.0,0,F1,475,,,,,
2026-02-18,2026-02-18,FO,NSE,STF,51826,,BHARTIARTL,,2026-03-30,2026-03-30,,,BHARTIARTL26MARFUT,2038.5,2041.5,2027.3,2034.9,2035.9,2033.9,2021.8,2034.9,11516375,3227150,7422,7172054687.5,4641,F1,475,,,,,
2026-02-18,2026-02-18,FO,NSE,STO,78528,,BHARTIARTL,,2026-03-30,2026-03-30,2040.0,PE,BHARTIARTL26MAR2040PE,47.0,50.0,46.1,47.35,47.5,50.1,2021.8,47.35,28975,14725,59,58500335.0,55,F1,475,,,,,
2026-02-18,2026-02-18,FO,NSE,STO,78494,,BHARTIARTL,,2026-03-30,2026-03-30,1800.0,PE,BHARTIARTL26MAR1800PE,2.05,3.0,2.05,2.55,2.55,3.15,2021.8,1.45,17575,1900,16,13699878.75,14,F1,475,,,,,
2026-02-18,2026-02-18,FO,NSE,STO,78492,,BHARTIARTL,,2026-03-30,2026-03-30,1760.0,PE,BHARTIARTL26MAR1760PE,0.0,0.0,0.0,8.1,8.1,8.1,2021.8,0.55,12825,0,0,0.0,0,F1,475,,,,,
2026-02-18,2026-02-18,FO,NSE,STO,78291,,BHARTIARTL,,2026-02-24,2026-02-24,1940.0,PE,BHARTIARTL26FEB1940PE,1.8,2.35,1.15,1.35,1.4,2.6,2021.8,1.35,351500,25175,1010,931478016.25,517,F1,475,,,,,
2026-02-18,2026-02-18,FO,NSE,STO,79762,,BHARTIARTL,,2026-02-24,2026-02-24,1800.0,PE,BHARTIARTL26FEB1800PE,0.55,0.55,0.3,0.4,0.4,0.65,2021.8,0.4,647900,-33725,379,324113281.25,178,F1,475,,,,,
2026-02-18,2026-02-18,FO,NSE,STO,91230,,BHARTIARTL,,2026-04-28,2026-04-28,1840.0,CE,BHARTIARTL26APR1840CE,0.0,0.0,0.0,192.75,0.0,192.75,2021.8,209.6,0,0,0,0.0,0,F1,475,,,,,
2026-02-18,2026-02-18,FO,NSE,STO,78542,,BHARTIARTL,,2026-03-30,2026-03-30,2240.0,CE,BHARTIARTL26MAR2240CE,0.0,0.0,0.0,4.6,4.6,4.6,2021.8,4.25,7125,0,0,0.0,0,F1,475,,,,,
2026-02-18,2026-02-18,FO,NSE,STO,90852,,BHARTIARTL,,2026-03-30,2026-03-30,2220.0,CE,BHARTIARTL26MAR2220CE,4.05,5.6,4.0,4.3,4.3,5.25,2021.8,4.3,17575,4750,25,26417861.25,23,F1,475,,,,,
2026-02-18,2026-02-18,FO,NSE,STO,90829,,BHARTIARTL,,2026-03-30,2026-03-30,1940.0,CE,BHARTIARTL26MAR1940CE,0.0,0.0,0.0,105.95,0.0,105.95,2021.8,111.0,0,0,0,0.0,0,F1,475,,,,,
2026-02-18,2026-02-18,FO,NSE,STO,90819,,BHARTIARTL,,2026-03-30,2026-03-30,1740.0,CE,BHARTIARTL26MAR1740CE,0.0,0.0,0.0,258.4,0.0,258.4,2021.8,292.6,0,0,0,0.0,0,F1,475,,,,,
2026-02-18,2026-02-18,FO,NSE,STO,79839,,BHARTIARTL,,2026-02-24,2026-02-24,2280.0,CE,BHARTIARTL26FEB2280CE,0.35,0.35,0.25,0.3,0.3,0.45,2021.8,0.05,114000,1425,6,6498878.75,6,F1,475,,,,,
2026-02-18,2026-02-18,FO,NSE,STO,78324,,BHARTIARTL,,2026-02-24,2026-02-24,2180.0,CE,BHARTIARTL26FEB2180CE,0.8,0.8,0.5,0.55,0.5,0.85,2021.8,0.55,234175,-950,224,232012942.5,182,F1,475,,,,,
2026-02-18,2026-02-18,FO,NSE,STO,79809,,BHARTIARTL,,2026-02-24,2026-02-24,1960.0,PE,BHARTIARTL26FEB1960PE,3.45,3.9,1.9,2.2,2.4,4.2,2021.8,2.2,396625,-950,1655,1542881961.25,743,F1,475,,,,,
2026-02-18,2026-02-18,FO,NSE,STO,78309,,BHARTIARTL,,2026-02-24,2026-02-24,2060.0,PE,BHARTIARTL26FEB2060PE,42.75,49.55,39.35,42.4,42.8,45.5,2021.8,42.4,210900,-32300,417,416622357.5,377,F1,475,,,,,
2026-02-18,2026-02-18,FO,NSE,STO,78311,,BHARTIARTL,,2026-02-24,2026-02-24,2100.0,PE,BHARTIARTL26FEB2100PE,77.0,86.0,73.8,79.65,80.05,81.55,2021.8,79.65,259825,-34200,174,180169328.75,130,F1,475,,,,,
2026-02-18,2026-02-18,FO,NSE,STO,78323,,BHARTIARTL,,2026-02-24,2026-02-24,2140.0,PE,BHARTIARTL26FEB2140PE,0.0,0.0,0.0,119.0,119.0,119.0,2021.8,116.5,33725,0,0,0.0,0,F1,475,,,,,
2026-02-18,2026-02-18,FO,NSE,STO,79846,,BHARTIARTL,,2026-02-24,2026-02-24,2400.0,PE,BHARTIARTL26FEB2400PE,0.0,0.0,0.0,365.0,365.0,365.0,2021.8,376.05,2375,0,0,0.0,0,F1,475,,,,,
2026-02-18,2026-02-18,FO,NSE,STO,78457,,BHARTIARTL,,2026-03-30,2026-03-30,1640.0,PE,BHARTIARTL26MAR1640PE,0.0,0.0,0.0,1.3,0.0,1.3,2021.8,0.05,0,0,0,0.0,0,F1,475,,,,,
2026-02-18,2026-02-18,FO,NSE,STO,90836,,BHARTIARTL,,2026-03-30,2026-03-30,2060.0,PE,BHARTIARTL26MAR2060PE,57.0,62.75,57.0,62.75,62.75,61.5,2021.8,66.8,57000,-950,5,5032553.75,4,F1,475,,,,,
2026-02-18,2026-02-18,FO,NSE,STO,78530,,BHARTIARTL,,2026-03-30,2026-03-30,2080.0,PE,BHARTIARTL26MAR2080PE,0.0,0.0,0.0,71.35,71.35,71.35,2021.8,79.1,950,0,0,0.0,0,F1,475,,,,,
2026-02-18,2026-02-18,FO,NSE,STO,90853,,BHARTIARTL,,2026-03-30,2026-03-30,2220.0,PE,BHARTIARTL26MAR2220PE,0.0,0.0,0.0,237.6,0.0,237.6,2021.8,190.55,0,0,0,0.0,0,F1,475,,,,,
2026-02-18,2026-02-18,FO,NSE,STO,78543,,BHARTIARTL,,2026-03-30,2026-03-30,2240.0,PE,BHARTIARTL26MAR2240PE,0.0,0.0,0.0,166.7,0.0,166.7,2021.8,208.95,0,0,0,0.0,0,F1,475,,,,,
2026-02-18,2026-02-18,FO,NSE,STO,79830,,BHARTIARTL,,2026-02-24,2026-02-24,2200.0,CE,BHARTIARTL26FEB2200CE,0.7,0.75,0.35,0.45,0.5,0.7,2021.8,0.45,740525,-17100,392,409730630.0,223,F1,475,,,,,
2026-02-18,2026-02-18,FO,NSE,STO,78456,,BHARTIARTL,,2026-03-30,2026-03-30,1640.0,CE,BHARTIARTL26MAR1640CE,0.0,0.0,0.0,485.35,0.0,485.35,2021.8,391.65,0,0,0,0.0,0,F1,475,,,,,
2026-02-18,2026-02-18,FO,NSE,STO,78527,,BHARTIARTL,,2026-03-30,2026-03-30,2040.0,CE,BHARTIARTL26MAR2040CE,47.05,47.8,42.6,43.5,44.1,45.7,2021.8,43.5,98325,24700,131,129723925.0,105,F1,475,,,,,
2026-02-18,2026-02-18,FO,NSE,STO,78281,,BHARTIARTL,,2026-02-24,2026-02-24,1740.0,PE,BHARTIARTL26FEB1740PE,0.0,0.0,0.0,0.35,0.35,0.35,2021.8,0.05,68875,0,0,0.0,0,F1,475,,,,,
2026-02-18,2026-02-18,FO,NSE,STO,78302,,BHARTIARTL,,2026-02-24,2026-02-24,2020.0,CE,BHARTIARTL26FEB2020CE,23.0,23.8,16.0,17.0,17.3,22.05,2021.8,17.0,1780300,-45600,5145,4983653663.75,4258,F1,475,,,,,
2026-02-18,2026-02-18,FO,NSE,STO,79807,,BHARTIARTL,,2026-02-24,2026-02-24,1920.0,PE,BHARTIARTL26FEB1920PE,1.3,1.6,0.8,0.95,1.0,1.8,2021.8,0.95,213750,-20900,721,657933947.5,364,F1,475,,,,,
2026-02-18,2026-02-18,FO,NSE,STO,78469,,BHARTIARTL,,2026-03-30,2026-03-30,1720.0,CE,BHARTIARTL26MAR1720CE,0.0,0.0,0.0,408.95,0.0,408.95,2021.8,312.35,0,0,0,0.0,0,F1,475,,,,,
2026-02-18,2026-02-18,FO,NSE,STO,78540,,BHARTIARTL,,2026-03-30,2026-03-30,2200.0,PE,BHARTIARTL26MAR2200PE,165.0,170.0,165.0,166.0,166.0,162.4,2021.8,166.0,61750,2850,10,11240875.0,8,F1,475,,,,,
2026-02-18,2026-02-18,FO,NSE,STO,78290,,BHARTIARTL,,2026-02-24,2026-02-24,1940.0,CE,BHARTIARTL26FEB1940CE,84.55,89.0,79.15,82.45,82.45,84.1,2021.8,82.45,88350,-950,27,25969437.5,27,F1,475,,,,,
2026-02-18,2026-02-18,FO,NSE,STO,78529,,BHARTIARTL,,2026-03-30,2026-03-30,2080.0,CE,BHARTIARTL26MAR2080CE,29.5,29.5,25.3,25.3,25.3,29.0,2021.8,25.3,8075,475,13,13015498.75,12,F1,475,,,,,
2026-02-18,2026-02-18,FO,NSE,STO,90841,,BHARTIARTL,,2026-03-30,2026-03-30,2180.0,CE,BHARTIARTL26MAR2180CE,7.75,7.75,7.1,7.15,7.15,20.05,2021.8,10.05,950,950,3,3116950.0,3,F1,475,,,,,
2026-02-18,2026-02-18,FO,NSE,STO,78545,,BHARTIARTL,,2026-03-30,2026-03-30,2280.0,PE,BHARTIARTL26MAR2280PE,0.0,0.0,0.0,194.55,0.0,194.55,2021.8,246.75,0,0,0,0.0,0,F1,475,,,,,
2026-02-18,2026-02-18,FO,NSE,STO,91243,,BHARTIARTL,,2026-04-28,2026-04-28,2040.0,PE,BHARTIARTL26APR2040PE,0.0,0.0,0.0,113.05,0.0,113.05,2021.8,67.5,0,0,0,0.0,0,F1,475,,,,,
2026-02-18,2026-02-18,FO,NSE,STO,90824,,BHARTIARTL,,2026-03-30,2026-03-30,1820.0,PE,BHARTIARTL26MAR1820PE,0.0,0.0,0.0,4.1,4.1,4.1,2021.8,2.25,3800,0,0,0.0,0,F1,475,,,,,
2026-02-18,2026-02-18,FO,NSE,STO,78289,,BHARTIARTL,,2026-02-24,2026-02-24,1900.0,PE,BHARTIARTL26FEB1900PE,1.25,1.25,0.65,0.8,0.9,1.3,2021.8,0.8,350550,7125,494,446054901.25,279,F1,475,,,,,
2026-02-18,2026-02-18,FO,NSE,STO,90832,,BHARTIARTL,,2026-03-30,2026-03-30,1980.0,PE,BHARTIARTL26MAR1980PE,23.35,26.8,23.15,24.0,24.4,22.9,2021.8,24.0,20900,5700,21,19992370.0,21,F1,475,,,,,
2026-02-18,2026-02-18,FO,NSE,STO,78526,,BHARTIARTL,,2026-03-30,2026-03-30,2000.0,PE,BHARTIARTL26MAR2000PE,30.0,35.35,29.45,30.8,30.45,33.0,2021.8,30.8,140600,28025,152,146669217.5,133,F1,475,,,,,
2026-02-18,2026-02-18,FO,NSE,STO,90834,,BHARTIARTL,,2026-03-30,2026-03-30,2020.0,PE,BHARTIARTL26MAR2020PE,38.35,43.85,37.5,38.2,38.9,39.1,2021.8,38.2,42275,15675,64,62627610.0,61,F1,475,,,,,
2026-02-18,2026-02-18,FO,NSE,STO,79750,,BHARTIARTL,,2026-02-24,2026-02-24,1720.0,CE,BHARTIARTL26FEB1720CE,0.0,0.0,0.0,469.95,0.0,469.95,2021.8,303.35,0,0,0,0.0,0,F1,475,,,,,
2026-02-18,2026-02-18,FO,NSE,STO,79806,,BHARTIARTL,,2026-02-24,2026-02-24,1920.0,CE,BHARTIARTL26FEB1920CE,0.0,0.0,0.0,109.65,111.5,109.65,2021.8,103.85,94050,0,0,0.0,0,F1,475,,,,,
2026-02-18,2026-02-18,FO,NSE,STO,78364,,BHARTIARTL,,2026-02-24,2026-02-24,2300.0,CE,BHARTIARTL26FEB2300CE,0.4,0.4,0.25,0.3,0.3,0.4,2021.8,0.05,152950,-9500,55,60095480.0,23,F1,475,,,,,
2026-02-18,2026-02-18,FO,NSE,STO,79849,,BHARTIARTL,,2026-02-24,2026-02-24,2480.0,CE,BHARTIARTL26FEB2480CE,0.0,0.0,0.0,0.4,0.4,0.4,2021.8,0.05,18525,0,0,0.0,0,F1,475,,,,,
2026-02-18,2026-02-18,FO,NSE,STO,78497,,BHARTIARTL,,2026-03-30,2026-03-30,1880.0,CE,BHARTIARTL26MAR1880CE,0.0,0.0,0.0,266.6,0.0,266.6,2021.8,160.05,0,0,0,0.0,0,F1,475,,,,,
2026-02-18,2026-02-18,FO,NSE,STO,78515,,BHARTIARTL,,2026-03-30,2026-03-30,1960.0,CE,BHARTIARTL26MAR1960CE,0.0,0.0,0.0,96.0,96.0,96.0,2021.8,96.5,2375,0,0,0.0,0,F1,475,,,,,
2026-02-18,2026-02-18,FO,NSE,STO,78544,,BHARTIARTL,,2026-03-30,2026-03-30,2280.0,CE,BHARTIARTL26MAR2280CE,1.65,2.7,1.65,2.4,2.4,2.85,2021.8,2.4,43700,-475,14,15177746.25,13,F1,475,,,,,
2026-02-18,2026-02-18,FO,NSE,STO,78548,,BHARTIARTL,,2026-03-30,2026-03-30,2360.0,CE,BHARTIARTL26MAR2360CE,0.0,0.0,0.0,30.4,0.0,30.4,2021.8,0.55,0,0,0,0.0,0,F1,475,,,,,
2026-02-18,2026-02-18,FO,NSE,STO,78301,,BHARTIARTL,,2026-02-24,2026-02-24,1980.0,PE,BHARTIARTL26FEB1980PE,5.8,7.05,3.7,3.95,4.25,7.15,2021.8,3.95,365275,12350,2330,2196682173.75,1462,F1,475,,,,,
2026-02-18,2026-02-18,FO,NSE,STO,78307,,BHARTIARTL,,2026-02-24,2026-02-24,2020.0,PE,BHARTIARTL26FEB2020PE,19.0,22.0,14.3,15.25,15.7,20.1,2021.8,15.25,629375,-28500,3699,3578652470.0,3239,F1,475,,,,,
2026-02-18,2026-02-18,FO,NSE,STO,78339,,BHARTIARTL,,2026-02-24,2026-02-24,2180.0,PE,BHARTIARTL26FEB2180PE,0.0,0.0,0.0,168.0,168.0,168.0,2021.8,156.25,475,0,0,0.0,0,F1,475,,,,,
2026-02-18,2026-02-18,FO,NSE,STO,78365,,BHARTIARTL,,2026-02-24,2026-02-24,2300.0,PE,BHARTIARTL26FEB2300PE,0.0,0.0,0.0,279.25,279.25,279.25,2021.8,276.1,10450,0,0,0.0,0,F1,475,,,,,
2026-02-18,2026-02-18,FO,NSE,STO,78458,,BHARTIARTL,,2026-03-30,2026-03-30,1680.0,CE,BHARTIARTL26MAR1680CE,0.0,0.0,0.0,350.0,350.0,350.0,2021.8,351.95,950,0,0,0.0,0,F1,475,,,,,
2026-02-18,2026-02-18,FO,NSE,STO,79831,,BHARTIARTL,,2026-02-24,2026-02-24,2200.0,PE,BHARTIARTL26FEB2200PE,175.0,180.6,175.0,178.95,180.6,173.95,2021.8,178.95,57475,-6650,16,18076671.25,14,F1,475,,,,,
2026-02-18,2026-02-18,FO,NSE,STO,78468,,BHARTIARTL,,2026-03-30,2026-03-30,1680.0,PE,BHARTIARTL26MAR1680PE,0.0,0.0,0.0,2.2,0.0,2.2,2021.8,0.05,0,0,0,0.0,0,F1,475,,,,,
2026-02-18,2026-02-18,FO,NSE,STO,90820,,BHARTIARTL,,2026-03-30,2026-03-30,1740.0,PE,BHARTIARTL26MAR1740PE,0.0,0.0,0.0,6.8,0.0,6.8,2021.8,0.35,0,0,0,0.0,0,F1,475,,,,,
2026-02-18,2026-02-18,FO,NSE,STO,91245,,BHARTIARTL,,2026-04-28,2026-04-28,2080.0,PE,BHARTIARTL26APR2080PE,0.0,0.0,0.0,137.25,0.0,137.25,2021.8,89.5,0,0,0,0.0,0,F1,475,,,,,
2026-02-18,2026-02-18,FO,NSE,STO,91251,,BHARTIARTL,,2026-04-28,2026-04-28,2200.0,PE,BHARTIARTL26APR2200PE,0.0,0.0,0.0,223.25,0.0,223.25,2021.8,174.6,0,0,0,0.0,0,F1,475,,,,,
2026-02-18,2026-02-18,FO,NSE,STO,79842,,BHARTIARTL,,2026-02-24,2026-02-24,2320.0,PE,BHARTIARTL26FEB2320PE,0.0,0.0,0.0,183.8,0.0,183.8,2021.8,296.1,0,0,0,0.0,0,F1,475,,,,,
2026-02-18,2026-02-18,FO,NSE,STF,66728,,BHARTIARTL,,2026-04-28,2026-04-28,,,BHARTIARTL26APRFUT,2042.1,2050.5,2042.1,2047.4,2048.9,2046.0,2021.8,2047.4,158650,16150,55,53479062.5,54,F1,475,,,,,
2026-02-18,2026-02-18,FO,NSE,STO,79814,,BHARTIARTL,,2026-02-24,2026-02-24,2080.0,CE,BHARTIARTL26FEB2080CE,5.05,5.05,2.15,2.55,2.7,4.5,2021.8,2.55,1146650,-21850,2643,2615266423.75,1680,F1,475,,,,,
2026-02-18,2026-02-18,FO,NSE,STO,79825,,BHARTIARTL,,2026-02-24,2026-02-24,2120.0,CE,BHARTIARTL26FEB2120CE,2.0,2.0,0.8,1.0,1.05,1.9,2021.8,1.0,769975,95000,1637,1649453246.25,847,F1,475,,,,,
2026-02-18,2026-02-18,FO,NSE,STO,78362,,BHARTIARTL,,2026-02-24,2026-02-24,2260.0,CE,BHARTIARTL26FEB2260CE,0.4,0.4,0.25,0.25,0.25,0.5,2021.8,0.05,194275,475,10,10736591.25,10,F1,475,,,,,
2026-02-18,2026-02-18,FO,NSE,STO,79843,,BHARTIARTL,,2026-02-24,2026-02-24,2360.0,CE,BHARTIARTL26FEB2360CE,0.4,0.4,0.3,0.3,0.3,0.6,2021.8,0.05,16625,-475,14,15696280.0,6,F1,475,,,,,
2026-02-18,2026-02-18,FO,NSE,STO,78495,,BHARTIARTL,,2026-03-30,2026-03-30,1840.0,CE,BHARTIARTL26MAR1840CE,0.0,0.0,0.0,300.25,0.0,300.25,2021.8,196.2,0,0,0,0.0,0,F1,475,,,,,
2026-02-18,2026-02-18,FO,NSE,STO,78546,,BHARTIARTL,,2026-03-30,2026-03-30,2320.0,CE,BHARTIARTL26MAR2320CE,0.0,0.0,0.0,38.5,0.0,38.5,2021.8,1.15,0,0,0,0.0,0,F1,475,,,,,
2026-02-18,2026-02-18,FO,NSE,STO,91256,,BHARTIARTL,,2026-04-28,2026-04-28,2320.0,CE,BHARTIARTL26APR2320CE,0.0,0.0,0.0,13.3,0.0,13.3,2021.8,5.55,0,0,0,0.0,0,F1,475,,,,,
2026-02-18,2026-02-18,FO,NSE,STO,79811,,BHARTIARTL,,2026-02-24,2026-02-24,2000.0,PE,BHARTIARTL26FEB2000PE,10.35,12.9,7.35,7.9,8.2,12.1,2021.8,7.9,894900,11875,3660,3492928436.25,2987,F1,475,,,,,
2026-02-18,2026-02-18,FO,NSE,STO,79841,,BHARTIARTL,,2026-02-24,2026-02-24,2320.0,CE,BHARTIARTL26FEB2320CE,0.5,0.5,0.35,0.35,0.35,0.5,2021.8,0.05,46550,950,3,3306570.0,3,F1,475,,,,,
2026-02-18,2026-02-18,FO,NSE,STO,79805,,BHARTIARTL,,2026-02-24,2026-02-24,1880.0,PE,BHARTIARTL26FEB1880PE,0.75,0.95,0.6,0.65,0.7,1.05,2021.8,0.65,240825,65075,359,320725011.25,234,F1,475,,,,,
2026-02-18,2026-02-18,FO,NSE,STO,78536,,BHARTIARTL,,2026-03-30,2026-03-30,2160.0,PE,BHARTIARTL26MAR2160PE,0.0,0.0,0.0,135.3,135.3,135.3,2021.8,138.3,2375,0,0,0.0,0,F1,475,,,,,
2026-02-18,2026-02-18,FO,NSE,STO,78549,,BHARTIARTL,,2026-03-30,2026-03-30,2360.0,PE,BHARTIARTL26MAR2360PE,0.0,0.0,0.0,255.65,0.0,255.65,2021.8,324.55,0,0,0,0.0,0,F1,475,,,,,
2026-02-18,2026-02-18,FO,NSE,STO,91217,,BHARTIARTL,,2026-04-28,2026-04-28,1600.0,PE,BHARTIARTL26APR1600PE,0.0,0.0,0.0,2.35,0.0,2.35,2021.8,0.1,0,0,0,0.0,0,F1,475,,,,,
2026-02-18,2026-02-18,FO,NSE,STO,91221,,BHARTIARTL,,2026-04-28,2026-04-28,1680.0,PE,BHARTIARTL26APR1680PE,0.0,0.0,0.0,6.55,0.0,6.55,2021.8,0.6,0,0,0,0.0,0,F1,475,,,,,
2026-02-18,2026-02-18,FO,NSE,STO,78341,,BHARTIARTL,,2026-02-24,2026-02-24,2220.0,PE,BHARTIARTL26FEB2220PE,0.0,0.0,0.0,205.0,205.0,205.0,2021.8,196.2,950,0,0,0.0,0,F1,475,,,,,
2026-02-18,2026-02-18,FO,NSE,STO,91247,,BHARTIARTL,,2026-04-28,2026-04-28,2120.0,PE,BHARTIARTL26APR2120PE,0.0,0.0,0.0,163.8,0.0,163.8,2021.8,114.9,0,0,0,0.0,0,F1,475,,,,,
2026-02-18,2026-02-18,FO,NSE,STO,78496,,BHARTIARTL,,2026-03-30,2026-03-30,1840.0,PE,BHARTIARTL26MAR1840PE,4.2,4.2,4.0,4.1,4.1,4.9,2021.8,3.35,5700,-475,10,8759356.25,8,F1,475,,,,,
2026-02-18,2026-02-18,FO,NSE,STO,90827,,BHARTIARTL,,2026-03-30,2026-03-30,1900.0,CE,BHARTIARTL26MAR1900CE,0.0,0.0,0.0,153.0,153.0,153.0,2021.8,142.9,13300,0,0,0.0,0,F1,475,,,,,
2026-02-18,2026-02-18,FO,NSE,STO,91234,,BHARTIARTL,,2026-04-28,2026-04-28,1880.0,CE,BHARTIARTL26APR1880CE,0.0,0.0,0.0,164.45,0.0,164.45,2021.8,175.85,0,0,0,0.0,0,F1,475,,,,,
2026-02-18,2026-02-18,FO,NSE,STO,91249,,BHARTIARTL,,2026-04-28,2026-04-28,2160.0,PE,BHARTIARTL26APR2160PE,0.0,0.0,0.0,192.65,0.0,192.65,2021.8,143.4,0,0,0,0.0,0,F1,475,,,,,
2026-02-18,2026-02-18,FO,NSE,STO,91224,,BHARTIARTL,,2026-04-28,2026-04-28,1760.0,CE,BHARTIARTL26APR1760CE,0.0,0.0,0.0,255.65,0.0,255.65,2021.8,282.65,0,0,0,0.0,0,F1,475,,,,,
2026-02-18,2026-02-18,FO,NSE,STO,91244,,BHARTIARTL,,2026-04-28,2026-04-28,2080.0,CE,BHARTIARTL26APR2080CE,0.0,0.0,0.0,62.5,0.0,62.5,2021.8,52.8,0,0,0,0.0,0,F1,475,,,,,
2026-02-18,2026-02-18,FO,NSE,STO,78493,,BHARTIARTL,,2026-03-30,2026-03-30,1800.0,CE,BHARTIARTL26MAR1800CE,236.0,236.5,235.5,236.5,236.5,177.4,2021.8,234.05,5700,4275,10,9671475.0,10,F1,475,,,,,
2026-02-18,2026-02-18,FO,NSE,STO,90821,,BHARTIARTL,,2026-03-30,2026-03-30,1780.0,CE,BHARTIARTL26MAR1780CE,0.0,0.0,0.0,223.2,0.0,223.2,2021.8,253.4,0,0,0,0.0,0,F1,475,,,,,
2026-02-18,2026-02-18,FO,NSE,STO,91239,,BHARTIARTL,,2026-04-28,2026-04-28,1960.0,PE,BHARTIARTL26APR1960PE,0.0,0.0,0.0,72.35,0.0,72.35,2021.8,34.3,0,0,0,0.0,0,F1,475,,,,,
2026-02-18,2026-02-18,FO,NSE,STO,91257,,BHARTIARTL,,2026-04-28,2026-04-28,2320.0,PE,BHARTIARTL26APR2320PE,0.0,0.0,0.0,324.35,0.0,324.35,2021.8,279.75,0,0,0,0.0,0,F1,475,,,,,
2026-02-18,2026-02-18,FO,NSE,STO,78282,,BHARTIARTL,,2026-02-24,2026-02-24,1780.0,CE,BHARTIARTL26FEB1780CE,0.0,0.0,0.0,338.8,0.0,338.8,2021.8,243.4,0,0,0,0.0,0,F1,475,,,,,
2026-02-18,2026-02-18,FO,NSE,STO,90823,,BHARTIARTL,,2026-03-30,2026-03-30,1820.0,CE,BHARTIARTL26MAR1820CE,0.0,0.0,0.0,189.95,0.0,189.95,2021.8,215.0,0,0,0,0.0,0,F1,475,,,,,
2026-02-18,2026-02-18,FO,NSE,STO,90835,,BHARTIARTL,,2026-03-30,2026-03-30,2060.0,CE,BHARTIARTL26MAR2060CE,36.9,38.05,33.8,34.5,34.55,36.75,2021.8,34.5,52725,10450,67,66690047.5,53,F1,475,,,,,
2026-02-18,2026-02-18,FO,NSE,STO,79749,,BHARTIARTL,,2026-02-24,2026-02-24,1680.0,PE,BHARTIARTL26FEB1680PE,0.2,0.2,0.15,0.15,0.15,0.35,2021.8,0.05,91675,950,27,21548327.5,13,F1,475,,,,,
2026-02-18,2026-02-18,FO,NSE,STO,78287,,BHARTIARTL,,2026-02-24,2026-02-24,1860.0,PE,BHARTIARTL26FEB1860PE,0.6,0.65,0.45,0.5,0.45,0.85,2021.8,0.5,157225,18050,159,140522385.0,107,F1,475,,,,,
2026-02-18,2026-02-18,FO,NSE,STO,79838,,BHARTIARTL,,2026-02-24,2026-02-24,2240.0,PE,BHARTIARTL26FEB2240PE,0.0,0.0,0.0,133.15,0.0,133.15,2021.8,216.2,0,0,0,0.0,0,F1,475,,,,,
2026-02-18,2026-02-18,FO,NSE,STO,78285,,BHARTIARTL,,2026-02-24,2026-02-24,1820.0,PE,BHARTIARTL26FEB1820PE,0.7,0.7,0.35,0.35,0.35,0.75,2021.8,0.35,118275,-5225,22,19023702.5,22,F1,475,,,,,
2026-02-18,2026-02-18,FO,NSE,STO,79827,,BHARTIARTL,,2026-02-24,2026-02-24,2120.0,PE,BHARTIARTL26FEB2120PE,98.15,101.5,93.25,101.5,101.5,100.35,2021.8,96.95,15200,475,15,15801255.0,15,F1,475,,,,,
2026-02-18,2026-02-18,FO,NSE,STO,78498,,BHARTIARTL,,2026-03-30,2026-03-30,1880.0,PE,BHARTIARTL26MAR1880PE,7.5,8.0,7.35,8.0,8.0,7.1,2021.8,6.95,11400,950,4,3586345.0,3,F1,475,,,,,
2026-02-18,2026-02-18,FO,NSE,STO,78308,,BHARTIARTL,,2026-02-24,2026-02-24,2060.0,CE,BHARTIARTL26FEB2060CE,8.15,8.45,4.15,4.55,4.8,7.7,2021.8,4.55,1386525,-170050,6340,6220892837.5,3535,F1,475,,,,,
2026-02-18,2026-02-18,FO,NSE,STO,78518,,BHARTIARTL,,2026-03-30,2026-03-30,2000.0,CE,BHARTIARTL26MAR2000CE,69.25,71.1,63.45,66.55,67.0,68.7,2021.8,66.55,152475,32775,188,184578753.75,163,F1,475,,,,,
2026-02-18,2026-02-18,FO,NSE,STO,78531,,BHARTIARTL,,2026-03-30,2026-03-30,2120.0,CE,BHARTIARTL26MAR2120CE,18.0,18.0,16.15,16.2,16.2,18.3,2021.8,21.4,38950,2375,14,14208888.75,12,F1,475,,,,,
2026-02-18,2026-02-18,FO,NSE,STO,91248,,BHARTIARTL,,2026-04-28,2026-04-28,2160.0,CE,BHARTIARTL26APR2160CE,0.0,0.0,0.0,39.1,0.0,39.1,2021.8,27.55,0,0,0,0.0,0,F1,475,,,,,
2026-02-18,2026-02-18,FO,NSE,STO,91250,,BHARTIARTL,,2026-04-28,2026-04-28,2200.0,CE,BHARTIARTL26APR2200CE,0.0,0.0,0.0,30.35,0.0,30.35,2021.8,19.2,0,0,0,0.0,0,F1,475,,,,,
2026-02-18,2026-02-18,FO,NSE,STO,91252,,BHARTIARTL,,2026-04-28,2026-04-28,2240.0,CE,BHARTIARTL26APR2240CE,0.0,0.0,0.0,23.3,0.0,23.3,2021.8,13.0,0,0,0,0.0,0,F1,475,,,,,
2026-02-18,2026-02-18,FO,NSE,STO,79812,,BHARTIARTL,,2026-02-24,2026-02-24,2040.0,CE,BHARTIARTL26FEB2040CE,14.2,14.9,8.6,9.1,9.25,13.55,2021.8,9.1,2218725,16625,9210,8972771992.5,6866,F1,475,,,,,
2026-02-18,2026-02-18,FO,NSE,STO,79810,,BHARTIARTL,,2026-02-24,2026-02-24,2000.0,CE,BHARTIARTL26FEB2000CE,35.45,37.0,27.8,29.5,29.7,34.25,2021.8,29.5,815575,-52250,1646,1588198433.75,1448,F1,475,,,,,
2026-02-18,2026-02-18,FO,NSE,STO,79817,,BHARTIARTL,,2026-02-24,2026-02-24,2080.0,PE,BHARTIARTL26FEB2080PE,60.95,67.3,55.9,60.25,60.6,62.25,2021.8,60.25,43700,-5700,182,185063918.75,180,F1,475,,,,,
2026-02-18,2026-02-18,FO,NSE,STO,79761,,BHARTIARTL,,2026-02-24,2026-02-24,1800.0,CE,BHARTIARTL26FEB1800CE,224.0,224.0,221.55,221.55,221.55,210.0,2021.8,223.45,34200,-4275,11,10566802.5,9,F1,475,,,,,
2026-02-18,2026-02-18,FO,NSE,STO,78547,,BHARTIARTL,,2026-03-30,2026-03-30,2320.0,PE,BHARTIARTL26MAR2320PE,0.0,0.0,0.0,224.35,0.0,224.35,2021.8,285.4,0,0,0,0.0,0,F1,475,,,,,
2026-02-18,2026-02-18,FO,NSE,STO,79804,,BHARTIARTL,,2026-02-24,2026-02-24,1880.0,CE,BHARTIARTL26FEB1880CE,0.0,0.0,0.0,128.0,128.0,128.0,2021.8,143.5,22325,0,0,0.0,0,F1,475,,,,,
2026-02-18,2026-02-18,FO,NSE,STO,78312,,BHARTIARTL,,2026-02-24,2026-02-24,2140.0,CE,BHARTIARTL26FEB2140CE,1.1,1.25,0.6,0.65,0.7,1.3,2021.8,0.65,498750,119225,1594,1620961226.25,563,F1,475,,,,,
2026-02-18,2026-02-18,FO,NSE,STO,93727,,BPCL,,2026-03-30,2026-03-30,355.0,CE,BPCL26MAR355CE,0.0,0.0,0.0,19.9,19.9,19.9,380.9,31.4,3950,0,0,0.0,0,F1,1975,,,,,
2026-02-18,2026-02-18,FO,NSE,STO,93778,,BPCL,,2026-04-28,2026-04-28,320.0,PE,BPCL26APR320PE,0.0,0.0,0.0,9.35,0.0,9.35,380.9,0.9,0,0,0,0.0,0,F1,1975,,,,,
2026-02-18,2026-02-18,FO,NSE,STO,93773,,BPCL,,2026-04-28,2026-04-28,310.0,CE,BPCL26APR310CE,0.0,0.0,0.0,49.0,0.0,49.0,380.9,74.55,0,0,0,0.0,0,F1,1975,,,,,
2026-02-18,2026-02-18,FO,NSE,STO,81359,,BPCL,,2026-02-24,2026-02-24,335.0,CE,BPCL26FEB335CE,0.0,0.0,0.0,42.05,42.05,42.05,380.9,46.2,67150,0,0,0.0,0,F1,1975,,,,,
2026-02-18,2026-02-18,FO,NSE,STO,93741,,BPCL,,2026-03-30,2026-03-30,425.0,CE,BPCL26MAR425CE,0.0,0.0,0.0,3.7,3.7,3.7,380.9,2.05,1975,0,0,0.0,0,F1,1975,,,,,
2026-02-18,2026-02-18,FO,NSE,STO,81516,,BPCL,,2026-03-30,2026-03-30,430.0,CE,BPCL26MAR430CE,1.6,1.6,1.3,1.4,1.4,1.5,380.9,1.4,201450,0,34,28970583.75,31,F1,1975,,,,,
2026-02-18,2026-02-18,FO,NSE,STO,81518,,BPCL,,2026-03-30,2026-03-30,440.0,CE,BPCL26MAR440CE,1.1,1.1,0.9,0.9,0.9,1.25,380.9,0.9,73075,-3950,12,10452391.25,8,F1,1975,,,,,
2026-02-18,2026-02-18,FO,NSE,STO,93724,,BPCL,,2026-03-30,2026-03-30,335.0,PE,BPCL26MAR335PE,1.6,1.6,1.6,1.6,1.6,1.85,380.9,0.85,17775,1975,2,1329570.0,2,F1,1975,,,,,
2026-02-18,2026-02-18,FO,NSE,STO,93732,,BPCL,,2026-03-30,2026-03-30,375.0,PE,BPCL26MAR375PE,10.5,10.5,8.3,8.5,8.65,11.75,380.9,8.5,29625,15800,13,9870457.5,13,F1,1975,,,,,
2026-02-18,2026-02-18,FO,NSE,STO,81485,,BPCL,,2026-03-30,2026-03-30,410.0,PE,BPCL26MAR410PE,0.0,0.0,0.0,53.1,0.0,53.1,380.9,31.0,0,0,0,0.0,0,F1,1975,,,,,
2026-02-18,2026-02-18,FO,NSE,STO,93820,,BPCL,,2026-04-28,2026-04-28,330.0,PE,BPCL26APR330PE,0.0,0.0,0.0,12.7,0.0,12.7,380.9,1.7,0,0,0,0.0,0,F1,1975,,,,,
2026-02-18,2026-02-18,FO,NSE,STO,93822,,BPCL,,2026-04-28,2026-04-28,340.0,PE,BPCL26APR340PE,0.0,0.0,0.0,16.7,0.0,16.7,380.9,2.95,0,0,0,0.0,0,F1,1975,,,,,
2026-02-18,2026-02-18,FO,NSE,STO,81616,,BPCL,,2026-02-24,2026-02-24,310.0,CE,BPCL26FEB310CE,68.1,70.05,68.1,70.05,70.05,66.05,380.9,71.2,29625,-5925,11,8247995.0,7,F1,1975,,,,,
2026-02-18,2026-02-18,FO,NSE,STO,81620,,BPCL,,2026-02-24,2026-02-24,330.0,CE,BPCL26FEB330CE,0.0,0.0,0.0,39.3,39.3,39.3,380.9,51.2,120475,0,0,0.0,0,F1,1975,,,,,
2026-02-18,2026-02-18,FO,NSE,STO,81367,,BPCL,,2026-02-24,2026-02-24,375.0,CE,BPCL26FEB375CE,6.8,8.0,5.7,7.85,7.85,5.75,380.9,7.85,535225,-365375,563,424831782.5,530,F1,1975,,,,,
2026-02-18,2026-02-18,FO,NSE,STO,81373,,BPCL,,2026-02-24,2026-02-24,405.0,CE,BPCL26FEB405CE,0.5,0.6,0.25,0.3,0.25,0.45,380.9,0.3,610275,-25675,146,116890967.5,128,F1,1975,,,,,
2026-02-18,2026-02-18,FO,NSE,STO,81664,,BPCL,,2026-02-24,2026-02-24,410.0,CE,BPCL26FEB410CE,0.35,0.35,0.2,0.25,0.2,0.35,380.9,0.25,1188950,-21725,170,137741437.5,105,F1,1975,,,,,
2026-02-18,2026-02-18,FO,NSE,STO,93720,,BPCL,,2026-03-30,2026-03-30,325.0,CE,BPCL26MAR325CE,0.0,0.0,0.0,34.05,0.0,34.05,380.9,58.2,0,0,0,0.0,0,F1,1975,,,,,
2026-02-18,2026-02-18,FO,NSE,STO,81464,,BPCL,,2026-03-30,2026-03-30,360.0,CE,BPCL26MAR360CE,25.3,26.5,25.3,26.15,26.1,21.1,380.9,26.15,57275,1975,7,5338523.75,5,F1,1975,,,,,
2026-02-18,2026-02-18,FO,NSE,STO,81468,,BPCL,,2026-03-30,2026-03-30,370.0,CE,BPCL26MAR370CE,17.8,19.45,17.0,19.15,19.15,16.5,380.9,19.15,479925,0,45,34532183.75,41,F1,1975,,,,,
2026-02-18,2026-02-18,FO,NSE,STO,93967,,BPCL,,2026-04-28,2026-04-28,420.0,CE,BPCL26APR420CE,0.0,0.0,0.0,4.7,0.0,4.7,380.9,5.9,0,0,0,0.0,0,F1,1975,,,,,
2026-02-18,2026-02-18,FO,NSE,STO,81358,,BPCL,,2026-02-24,2026-02-24,325.0,PE,BPCL26FEB325PE,0.15,0.2,0.15,0.2,0.2,0.4,380.9,0.2,140225,-1975,2,1284441.25,2,F1,1975,,,,,
2026-02-18,2026-02-18,FO,NSE,STO,81368,,BPCL,,2026-02-24,2026-02-24,375.0,PE,BPCL26FEB375PE,5.0,5.0,2.15,2.4,2.35,5.6,380.9,2.4,699150,84925,643,480483431.25,563,F1,1975,,,,,
2026-02-18,2026-02-18,FO,NSE,STO,81457,,BPCL,,2026-03-30,2026-03-30,320.0,PE,BPCL26MAR320PE,0.85,0.85,0.65,0.7,0.7,1.2,380.9,0.7,59250,3950,6,3800690.0,6,F1,1975,,,,,
2026-02-18,2026-02-18,FO,NSE,STO,81483,,BPCL,,2026-03-30,2026-03-30,400.0,PE,BPCL26MAR400PE,24.9,25.05,22.5,22.7,22.7,27.45,380.9,22.7,86900,0,14,11705035.0,13,F1,1975,,,,,
2026-02-18,2026-02-18,FO,NSE,STO,93730,,BPCL,,2026-03-30,2026-03-30,365.0,PE,BPCL26MAR365PE,0.0,0.0,0.0,7.7,7.7,7.7,380.9,5.9,49375,0,0,0.0,0,F1,1975,,,,,
2026-02-18,2026-02-18,FO,NSE,STO,81617,,BPCL,,2026-02-24,2026-02-24,310.0,PE,BPCL26FEB310PE,0.05,0.1,0.05,0.1,0.1,0.1,380.9,0.1,110600,-17775,13,7961225.0,13,F1,1975,,,,,
2026-02-18,2026-02-18,FO,NSE,STO,81631,,BPCL,,2026-02-24,2026-02-24,370.0,PE,BPCL26FEB370PE,3.0,3.0,1.25,1.35,1.3,3.5,380.9,1.35,1188950,37525,1301,955820210.0,1119,F1,1975,,,,,
2026-02-18,2026-02-18,FO,NSE,STO,81378,,BPCL,,2026-02-24,2026-02-24,425.0,PE,BPCL26FEB425PE,0.0,0.0,0.0,64.2,0.0,64.2,380.9,43.7,0,0,0,0.0,0,F1,1975,,,,,
2026-02-18,2026-02-18,FO,NSE,STO,93772,,BPCL,,2026-04-28,2026-04-28,300.0,PE,BPCL26APR300PE,0.0,0.0,0.0,4.6,0.0,4.6,380.9,0.2,0,0,0,0.0,0,F1,1975,,,,,
2026-02-18,2026-02-18,FO,NSE,STO,93774,,BPCL,,2026-04-28,2026-04-28,310.0,PE,BPCL26APR310PE,0.0,0.0,0.0,6.7,0.0,6.7,380.9,0.45,0,0,0,0.0,0,F1,1975,,,,,
2026-02-18,2026-02-18,FO,NSE,STO,93954,,BPCL,,2026-04-28,2026-04-28,380.0,PE,BPCL26APR380PE,0.0,0.0,0.0,39.4,0.0,39.4,380.9,15.05,0,0,0,0.0,0,F1,1975,,,,,
2026-02-18,2026-02-18,FO,NSE,STO,81363,,BPCL,,2026-02-24,2026-02-24,355.0,CE,BPCL26FEB355CE,23.25,25.4,22.5,25.4,25.4,21.15,380.9,26.3,276500,-1975,5,3739563.75,5,F1,1975,,,,,
2026-02-18,2026-02-18,FO,NSE,STO,81628,,BPCL,,2026-02-24,2026-02-24,360.0,CE,BPCL26FEB360CE,19.15,21.25,17.2,21.0,21.15,16.6,380.9,21.0,667550,-51350,116,86844305.0,94,F1,1975,,,,,
2026-02-18,2026-02-18,FO,NSE,STO,81660,,BPCL,,2026-02-24,2026-02-24,390.0,CE,BPCL26FEB390CE,1.7,1.85,1.1,1.4,1.45,1.4,380.9,1.4,3088900,-75050,1187,917646817.5,1001,F1,1975,,,,,
2026-02-18,2026-02-18,FO,NSE,STO,81452,,BPCL,,2026-03-30,2026-03-30,300.0,CE,BPCL26MAR300CE,0.0,0.0,0.0,71.4,71.4,71.4,380.9,82.75,15800,0,0,0.0,0,F1,1975,,,,,
2026-02-18,2026-02-18,FO,NSE,STO,93722,,BPCL,,2026-03-30,2026-03-30,335.0,CE,BPCL26MAR335CE,0.0,0.0,0.0,27.6,0.0,27.6,380.9,48.75,0,0,0,0.0,0,F1,1975,,,,,
2026-02-18,2026-02-18,FO,NSE,STO,93735,,BPCL,,2026-03-30,2026-03-30,395.0,CE,BPCL26MAR395CE,7.0,7.0,7.0,7.0,7.0,5.4,380.9,8.45,3950,3950,2,1587900.0,2,F1,1975,,,,,
2026-02-18,2026-02-18,FO,NSE,STO,93737,,BPCL,,2026-03-30,2026-03-30,405.0,CE,BPCL26MAR405CE,4.2,4.65,4.2,4.4,4.4,4.15,380.9,5.5,59250,11850,10,8086242.5,9,F1,1975,,,,,
2026-02-18,2026-02-18,FO,NSE,STO,81486,,BPCL,,2026-03-30,2026-03-30,420.0,CE,BPCL26MAR420CE,2.5,2.5,2.05,2.2,2.15,2.15,380.9,2.2,25675,19750,16,13340236.25,16,F1,1975,,,,,
2026-02-18,2026-02-18,FO,NSE,STO,93863,,BPCL,,2026-04-28,2026-04-28,360.0,CE,BPCL26APR360CE,0.0,0.0,0.0,35.0,35.0,35.0,380.9,32.0,0,0,0,0.0,0,F1,1975,,,,,
2026-02-18,2026-02-18,FO,NSE,STO,81623,,BPCL,,2026-02-24,2026-02-24,330.0,PE,BPCL26FEB330PE,0.2,0.2,0.1,0.15,0.15,0.2,380.9,0.15,509550,-146150,123,80201293.75,51,F1,1975,,,,,
2026-02-18,2026-02-18,FO,NSE,STO,81663,,BPCL,,2026-02-24,2026-02-24,400.0,PE,BPCL26FEB400PE,22.0,23.0,20.5,20.9,20.9,25.35,380.9,19.2,118500,-1975,14,11662276.25,14,F1,1975,,,,,
2026-02-18,2026-02-18,FO,NSE,STO,93721,,BPCL,,2026-03-30,2026-03-30,325.0,PE,BPCL26MAR325PE,0.0,0.0,0.0,3.55,3.55,3.55,380.9,0.35,7900,0,0,0.0,0,F1,1975,,,,,
2026-02-18,2026-02-18,FO,NSE,STO,81666,,BPCL,,2026-02-24,2026-02-24,420.0,CE,BPCL26FEB420CE,0.2,0.25,0.05,0.1,0.05,0.2,380.9,0.1,1281775,-69125,315,261360143.75,125,F1,1975,,,,,
2026-02-18,2026-02-18,FO,NSE,STO,81454,,BPCL,,2026-03-30,2026-03-30,310.0,CE,BPCL26MAR310CE,69.5,71.8,69.5,71.7,71.8,66.9,380.9,71.7,41475,25675,13,9786520.0,13,F1,1975,,,,,
2026-02-18,2026-02-18,FO,NSE,STO,81469,,BPCL,,2026-03-30,2026-03-30,370.0,PE,BPCL26MAR370PE,8.5,8.5,6.65,6.8,6.7,9.4,380.9,6.8,250825,43450,83,61885538.75,70,F1,1975,,,,,
2026-02-18,2026-02-18,FO,NSE,STO,81471,,BPCL,,2026-03-30,2026-03-30,380.0,PE,BPCL26MAR380PE,13.3,13.75,10.4,10.55,10.5,14.2,380.9,10.55,130350,80975,62,47943223.75,61,F1,1975,,,,,
2026-02-18,2026-02-18,FO,NSE,STO,93864,,BPCL,,2026-04-28,2026-04-28,360.0,PE,BPCL26APR360PE,0.0,0.0,0.0,26.75,0.0,26.75,380.9,7.35,0,0,0,0.0,0,F1,1975,,,,,
2026-02-18,2026-02-18,FO,NSE,STO,93972,,BPCL,,2026-04-28,2026-04-28,440.0,PE,BPCL26APR440PE,0.0,0.0,0.0,88.4,0.0,88.4,380.9,57.4,0,0,0,0.0,0,F1,1975,,,,,
2026-02-18,2026-02-18,FO,NSE,STO,81357,,BPCL,,2026-02-24,2026-02-24,325.0,CE,BPCL26FEB325CE,0.0,0.0,0.0,48.5,48.5,48.5,380.9,56.2,55300,0,0,0.0,0,F1,1975,,,,,
2026-02-18,2026-02-18,FO,NSE,STO,81369,,BPCL,,2026-02-24,2026-02-24,385.0,CE,BPCL26FEB385CE,2.9,3.05,2.0,2.7,2.75,2.25,380.9,2.7,1291650,-681375,1632,1249266895.0,1333,F1,1975,,,,,
2026-02-18,2026-02-18,FO,NSE,STO,93971,,BPCL,,2026-04-28,2026-04-28,440.0,CE,BPCL26APR440CE,0.0,0.0,0.0,2.7,0.0,2.7,380.9,2.85,0,0,0,0.0,0,F1,1975,,,,,
2026-02-18,2026-02-18,FO,NSE,STO,93965,,BPCL,,2026-04-28,2026-04-28,410.0,CE,BPCL26APR410CE,0.0,0.0,0.0,6.15,0.0,6.15,380.9,8.25,0,0,0,0.0,0,F1,1975,,,,,
2026-02-18,2026-02-18,FO,NSE,STO,93769,,BPCL,,2026-04-28,2026-04-28,300.0,CE,BPCL26APR300CE,0.0,0.0,0.0,56.75,0.0,56.75,380.9,84.2,0,0,0,0.0,0,F1,1975,,,,,
2026-02-18,2026-02-18,FO,NSE,STO,93767,,BPCL,,2026-04-28,2026-04-28,290.0,CE,BPCL26APR290CE,0.0,0.0,0.0,65.05,0.0,65.05,380.9,94.0,0,0,0,0.0,0,F1,1975,,,,,
2026-02-18,2026-02-18,FO,NSE,STO,93739,,BPCL,,2026-03-30,2026-03-30,415.0,CE,BPCL26MAR415CE,0.0,0.0,0.0,2.75,0.0,2.75,380.9,3.4,0,0,0,0.0,0,F1,1975,,,,,
2026-02-18,2026-02-18,FO,NSE,STO,81670,,BPCL,,2026-02-24,2026-02-24,440.0,CE,BPCL26FEB440CE,0.05,0.05,0.05,0.05,0.05,0.2,380.9,0.05,15800,1975,5,4345493.75,5,F1,1975,,,,,
2026-02-18,2026-02-18,FO,NSE,STF,66733,,BPCL,,2026-04-28,2026-04-28,,,BPCL26APRFUT,382.0,385.0,381.0,384.85,384.7,379.1,380.9,384.85,258725,7900,53,40138320.0,50,F1,1975,,,,,
2026-02-18,2026-02-18,FO,NSE,STF,51831,,BPCL,,2026-03-30,2026-03-30,,,BPCL26MARFUT,379.4,383.45,378.0,382.95,383.45,377.2,380.9,382.95,3732750,2164600,1517,1142742011.25,1133,F1,1975,,,,,
2026-02-18,2026-02-18,FO,NSE,STO,93970,,BPCL,,2026-04-28,2026-04-28,430.0,PE,BPCL26APR430PE,0.0,0.0,0.0,79.45,0.0,79.45,380.9,48.8,0,0,0,0.0,0,F1,1975,,,,,
2026-02-18,2026-02-18,FO,NSE,STO,93740,,BPCL,,2026-03-30,2026-03-30,415.0,PE,BPCL26MAR415PE,0.0,0.0,0.0,65.9,0.0,65.9,380.9,35.05,0,0,0,0.0,0,F1,1975,,,,,
2026-02-18,2026-02-18,FO,NSE,STO,81667,,BPCL,,2026-02-24,2026-02-24,420.0,PE,BPCL26FEB420PE,0.0,0.0,0.0,40.35,40.35,40.35,380.9,38.75,9875,0,0,0.0,0,F1,1975,,,,,
2026-02-18,2026-02-18,FO,NSE,STO,81364,,BPCL,,2026-02-24,2026-02-24,355.0,PE,BPCL26FEB355PE,0.8,0.8,0.3,0.35,0.35,0.8,380.9,0.35,1467425,31600,272,190940136.25,199,F1,1975,,,,,
2026-02-18,2026-02-18,FO,NSE,STO,81354,,BPCL,,2026-02-24,2026-02-24,305.0,PE,BPCL26FEB305PE,0.0,0.0,0.0,0.1,0.1,0.1,380.9,0.05,136275,0,0,0.0,0,F1,1975,,,,,
2026-02-18,2026-02-18,FO,NSE,STO,93728,,BPCL,,2026-03-30,2026-03-30,355.0,PE,BPCL26MAR355PE,0.0,0.0,0.0,20.95,0.0,20.95,380.9,3.4,0,0,0,0.0,0,F1,1975,,,,,
2026-02-18,2026-02-18,FO,NSE,STO,81572,,BPCL,,2026-02-24,2026-02-24,290.0,PE,BPCL26FEB290PE,0.05,0.05,0.05,0.05,0.05,0.05,380.9,0.05,1147475,-1975,1,572848.75,1,F1,1975,,,,,
2026-02-18,2026-02-18,FO,NSE,STO,81467,,BPCL,,2026-03-30,2026-03-30,360.0,PE,BPCL26MAR360PE,5.3,5.5,4.1,4.15,4.1,6.1,380.9,4.15,191575,-29625,75,53998376.25,60,F1,1975,,,,,
2026-02-18,2026-02-18,FO,NSE,STO,81515,,BPCL,,2026-03-30,2026-03-30,420.0,PE,BPCL26MAR420PE,0.0,0.0,0.0,61.0,0.0,61.0,380.9,39.25,0,0,0,0.0,0,F1,1975,,,,,
2026-02-18,2026-02-18,FO,NSE,STO,93768,,BPCL,,2026-04-28,2026-04-28,290.0,PE,BPCL26APR290PE,0.0,0.0,0.0,3.05,0.0,3.05,380.9,0.1,0,0,0,0.0,0,F1,1975,,,,,
2026-02-18,2026-02-18,FO,NSE,STO,93968,,BPCL,,2026-04-28,2026-04-28,420.0,PE,BPCL26APR420PE,0.0,0.0,0.0,70.7,0.0,70.7,380.9,40.65,0,0,0,0.0,0,F1,1975,,,,,
2026-02-18,2026-02-18,FO,NSE,STO,81632,,BPCL,,2026-02-24,2026-02-24,380.0,CE,BPCL26FEB380CE,4.8,5.0,3.45,4.85,4.75,3.7,380.9,4.85,1092175,-857150,3465,2630582388.75,2798,F1,1975,,,,,
2026-02-18,2026-02-18,FO,NSE,STO,81371,,BPCL,,2026-02-24,2026-02-24,395.0,CE,BPCL26FEB395CE,1.15,1.15,0.7,0.8,0.8,0.95,380.9,0.8,1258075,254775,668,522286972.5,557,F1,1975,,,,,
2026-02-18,2026-02-18,FO,NSE,STO,93718,,BPCL,,2026-03-30,2026-03-30,315.0,CE,BPCL26MAR315CE,0.0,0.0,0.0,43.7,43.7,43.7,380.9,67.95,1975,0,0,0.0,0,F1,1975,,,,,
2026-02-18,2026-02-18,FO,NSE,STO,81458,,BPCL,,2026-03-30,2026-03-30,330.0,CE,BPCL26MAR330CE,0.0,0.0,0.0,45.9,45.9,45.9,380.9,53.45,15800,0,0,0.0,0,F1,1975,,,,,
2026-02-18,2026-02-18,FO,NSE,STO,93731,,BPCL,,2026-03-30,2026-03-30,375.0,CE,BPCL26MAR375CE,14.9,16.3,14.0,15.85,15.9,13.95,380.9,15.85,53325,-15800,55,42407792.5,44,F1,1975,,,,,
2026-02-18,2026-02-18,FO,NSE,STO,81470,,BPCL,,2026-03-30,2026-03-30,380.0,CE,BPCL26MAR380CE,13.0,13.6,11.6,13.25,13.2,11.5,380.9,13.25,357475,86900,152,117954011.25,144,F1,1975,,,,,
2026-02-18,2026-02-18,FO,NSE,STO,81484,,BPCL,,2026-03-30,2026-03-30,410.0,CE,BPCL26MAR410CE,3.8,3.8,3.25,3.45,3.5,3.3,380.9,3.45,67150,35550,37,30217302.5,35,F1,1975,,,,,
2026-02-18,2026-02-18,FO,NSE,STO,93808,,BPCL,,2026-04-28,2026-04-28,330.0,CE,BPCL26APR330CE,0.0,0.0,0.0,35.3,0.0,35.3,380.9,56.0,0,0,0,0.0,0,F1,1975,,,,,
2026-02-18,2026-02-18,FO,NSE,STO,81362,,BPCL,,2026-02-24,2026-02-24,345.0,PE,BPCL26FEB345PE,0.3,0.35,0.2,0.25,0.25,0.45,380.9,0.25,298225,-49375,112,76372361.25,69,F1,1975,,,,,
2026-02-18,2026-02-18,FO,NSE,STO,81370,,BPCL,,2026-02-24,2026-02-24,385.0,PE,BPCL26FEB385PE,9.5,11.0,6.85,7.15,7.1,11.95,380.9,7.15,949975,-15800,182,141642260.0,160,F1,1975,,,,,
2026-02-18,2026-02-18,FO,NSE,STO,93959,,BPCL,,2026-04-28,2026-04-28,400.0,CE,BPCL26APR400CE,0.0,0.0,0.0,7.9,0.0,7.9,380.9,11.3,0,0,0,0.0,0,F1,1975,,,,,
2026-02-18,2026-02-18,FO,NSE,STO,93725,,BPCL,,2026-03-30,2026-03-30,345.0,CE,BPCL26MAR345CE,0.0,0.0,0.0,30.4,30.4,30.4,380.9,39.75,5925,0,0,0.0,0,F1,1975,,,,,
2026-02-18,2026-02-18,FO,NSE,STO,81375,,BPCL,,2026-02-24,2026-02-24,415.0,CE,BPCL26FEB415CE,0.2,0.2,0.1,0.15,0.15,0.25,380.9,0.15,128375,-49375,32,26238270.0,21,F1,1975,,,,,
2026-02-18,2026-02-18,FO,NSE,STO,81365,,BPCL,,2026-02-24,2026-02-24,365.0,CE,BPCL26FEB365CE,14.75,16.4,12.9,16.3,16.0,12.35,380.9,16.3,446350,-33575,83,62253086.25,69,F1,1975,,,,,
2026-02-18,2026-02-18,FO,NSE,STO,81626,,BPCL,,2026-02-24,2026-02-24,350.0,CE,BPCL26FEB350CE,24.0,31.0,24.0,30.9,30.7,25.9,380.9,30.9,396975,-17775,40,29937247.5,31,F1,1975,,,,,
2026-02-18,2026-02-18,FO,NSE,STO,81624,,BPCL,,2026-02-24,2026-02-24,340.0,CE,BPCL26FEB340CE,38.0,40.4,38.0,40.35,40.35,33.15,380.9,41.2,268600,-5925,6,4488681.25,5,F1,1975,,,,,
2026-02-18,2026-02-18,FO,NSE,STF,59275,,BPCL,,2026-02-24,2026-02-24,,,BPCL26FEBFUT,378.0,381.05,375.6,380.65,380.85,375.15,380.9,380.65,31268200,-1643200,2198,1645033886.25,1752,F1,1975,,,,,
2026-02-18,2026-02-18,FO,NSE,STO,81519,,BPCL,,2026-03-30,2026-03-30,440.0,PE,BPCL26MAR440PE,0.0,0.0,0.0,77.95,0.0,77.95,380.9,57.35,0,0,0,0.0,0,F1,1975,,,,,
2026-02-18,2026-02-18,FO,NSE,STO,81481,,BPCL,,2026-03-30,2026-03-30,390.0,PE,BPCL26MAR390PE,19.7,19.7,15.55,15.85,15.8,20.0,380.9,15.85,86900,65175,41,32916140.0,39,F1,1975,,,,,
2026-02-18,2026-02-18,FO,NSE,STO,81661,,BPCL,,2026-02-24,2026-02-24,390.0,PE,BPCL26FEB390PE,13.55,14.85,10.6,10.75,10.85,16.0,380.9,10.75,347600,-19750,50,39738580.0,46,F1,1975,,,,,
2026-02-18,2026-02-18,FO,NSE,STO,81366,,BPCL,,2026-02-24,2026-02-24,365.0,PE,BPCL26FEB365PE,1.9,1.9,0.7,0.8,0.8,2.1,380.9,0.8,641875,41475,556,401985081.25,464,F1,1975,,,,,
2026-02-18,2026-02-18,FO,NSE,STO,81360,,BPCL,,2026-02-24,2026-02-24,335.0,PE,BPCL26FEB335PE,0.2,0.2,0.15,0.2,0.15,0.3,380.9,0.2,341675,-21725,24,15888183.75,23,F1,1975,,,,,
2026-02-18,2026-02-18,FO,NSE,STO,93966,,BPCL,,2026-04-28,2026-04-28,410.0,PE,BPCL26APR410PE,0.0,0.0,0.0,62.3,0.0,62.3,380.9,33.1,0,0,0,0.0,0,F1,1975,,,,,
2026-02-18,2026-02-18,FO,NSE,STO,81662,,BPCL,,2026-02-24,2026-02-24,400.0,CE,BPCL26FEB400CE,0.7,0.8,0.4,0.5,0.45,0.65,380.9,0.5,2559600,187625,899,711143681.25,575,F1,1975,,,,,
2026-02-18,2026-02-18,FO,NSE,STO,93729,,BPCL,,2026-03-30,2026-03-30,365.0,CE,BPCL26MAR365CE,24.85,24.85,24.85,24.85,24.85,17.0,380.9,24.85,3950,0,1,769953.75,1,F1,1975,,,,,
2026-02-18,2026-02-18,FO,NSE,STO,81619,,BPCL,,2026-02-24,2026-02-24,320.0,PE,BPCL26FEB320PE,0.15,0.15,0.05,0.1,0.1,0.2,380.9,0.1,444375,7900,104,65748342.5,81,F1,1975,,,,,
2026-02-18,2026-02-18,FO,NSE,STO,81376,,BPCL,,2026-02-24,2026-02-24,415.0,PE,BPCL26FEB415PE,0.0,0.0,0.0,55.45,0.0,55.45,380.9,33.75,0,0,0,0.0,0,F1,1975,,,,,
2026-02-18,2026-02-18,FO,NSE,STO,81669,,BPCL,,2026-02-24,2026-02-24,430.0,PE,BPCL26FEB430PE,0.0,0.0,0.0,81.15,0.0,81.15,380.9,48.7,0,0,0,0.0,0,F1,1975,,,,,
2026-02-18,2026-02-18,FO,NSE,STO,81463,,BPCL,,2026-03-30,2026-03-30,350.0,PE,BPCL26MAR350PE,3.35,3.45,2.5,2.55,2.5,3.85,380.9,2.55,300200,27650,75,52292568.75,62,F1,1975,,,,,
2026-02-18,2026-02-18,FO,NSE,STO,81571,,BPCL,,2026-02-24,2026-02-24,290.0,CE,BPCL26FEB290CE,89.75,89.75,89.75,89.75,89.75,84.9,380.9,91.15,75050,-1975,1,750006.25,1,F1,1975,,,,,
2026-02-18,2026-02-18,FO,NSE,STO,93719,,BPCL,,2026-03-30,2026-03-30,315.0,PE,BPCL26MAR315PE,0.0,0.0,0.0,4.35,4.35,4.35,380.9,0.15,1975,0,0,0.0,0,F1,1975,,,,,
2026-02-18,2026-02-18,FO,NSE,STO,81517,,BPCL,,2026-03-30,2026-03-30,430.0,PE,BPCL26MAR430PE,0.0,0.0,0.0,80.0,80.0,80.0,380.9,48.05,5925,0,0,0.0,0,F1,1975,,,,,
2026-02-18,2026-02-18,FO,NSE,STO,93742,,BPCL,,2026-03-30,2026-03-30,425.0,PE,BPCL26MAR425PE,0.0,0.0,0.0,74.95,0.0,74.95,380.9,43.6,0,0,0,0.0,0,F1,1975,,,,,
2026-02-18,2026-02-18,FO,NSE,STO,93734,,BPCL,,2026-03-30,2026-03-30,385.0,PE,BPCL26MAR385PE,0.0,0.0,0.0,17.0,17.0,17.0,380.9,14.25,15800,0,0,0.0,0,F1,1975,,,,,
2026-02-18,2026-02-18,FO,NSE,STO,93726,,BPCL,,2026-03-30,2026-03-30,345.0,PE,BPCL26MAR345PE,2.9,2.9,1.95,1.95,1.95,3.0,380.9,1.95,59250,31600,19,13039542.5,19,F1,1975,,,,,
2026-02-18,2026-02-18,FO,NSE,STO,93777,,BPCL,,2026-04-28,2026-04-28,320.0,CE,BPCL26APR320CE,0.0,0.0,0.0,41.8,0.0,41.8,380.9,65.15,0,0,0,0.0,0,F1,1975,,,,,
2026-02-18,2026-02-18,FO,NSE,STO,81453,,BPCL,,2026-03-30,2026-03-30,300.0,PE,BPCL26MAR300PE,0.4,0.4,0.3,0.3,0.3,0.6,380.9,0.05,25675,13825,8,4745628.75,8,F1,1975,,,,,
2026-02-18,2026-02-18,FO,NSE,STO,81374,,BPCL,,2026-02-24,2026-02-24,405.0,PE,BPCL26FEB405PE,0.0,0.0,0.0,47.1,0.0,47.1,380.9,23.95,0,0,0,0.0,0,F1,1975,,,,,
2026-02-18,2026-02-18,FO,NSE,STO,81372,,BPCL,,2026-02-24,2026-02-24,395.0,PE,BPCL26FEB395PE,0.0,0.0,0.0,22.3,22.15,22.3,380.9,14.75,45425,0,0,0.0,0,F1,1975,,,,,
2026-02-18,2026-02-18,FO,NSE,STO,81356,,BPCL,,2026-02-24,2026-02-24,315.0,PE,BPCL26FEB315PE,0.1,0.1,0.1,0.1,0.1,0.15,380.9,0.1,84925,21725,27,16802707.5,19,F1,1975,,,,,
2026-02-18,2026-02-18,FO,NSE,STO,93969,,BPCL,,2026-04-28,2026-04-28,430.0,CE,BPCL26APR430CE,0.0,0.0,0.0,3.6,0.0,3.6,380.9,4.15,0,0,0,0.0,0,F1,1975,,,,,
2026-02-18,2026-02-18,FO,NSE,STO,93733,,BPCL,,2026-03-30,2026-03-30,385.0,CE,BPCL26MAR385CE,0.0,0.0,0.0,5.65,5.65,5.65,380.9,12.45,1975,0,0,0.0,0,F1,1975,,,,,
2026-02-18,2026-02-18,FO,NSE,STO,81377,,BPCL,,2026-02-24,2026-02-24,425.0,CE,BPCL26FEB425CE,0.35,0.35,0.05,0.05,0.05,0.3,380.9,0.05,63200,-1975,6,5037632.5,6,F1,1975,,,,,
2026-02-18,2026-02-18,FO,NSE,STO,93825,,BPCL,,2026-04-28,2026-04-28,350.0,CE,BPCL26APR350CE,0.0,0.0,0.0,24.3,0.0,24.3,380.9,39.3,0,0,0,0.0,0,F1,1975,,,,,
2026-02-18,2026-02-18,FO,NSE,STO,81618,,BPCL,,2026-02-24,2026-02-24,320.0,CE,BPCL26FEB320CE,57.2,57.2,57.2,57.2,57.2,60.15,380.9,61.2,77025,-1975,1,744970.0,1,F1,1975,,,,,
2026-02-18,2026-02-18,FO,NSE,STO,81614,,BPCL,,2026-02-24,2026-02-24,300.0,CE,BPCL26FEB300CE,80.1,80.6,79.8,80.4,80.6,68.0,380.9,80.4,35550,-9875,10,7506382.5,10,F1,1975,,,,,
2026-02-18,2026-02-18,FO,NSE,STO,93862,,BPCL,,2026-04-28,2026-04-28,350.0,PE,BPCL26APR350PE,0.0,0.0,0.0,21.4,0.0,21.4,380.9,4.8,0,0,0,0.0,0,F1,1975,,,,,
2026-02-18,2026-02-18,FO,NSE,STO,81455,,BPCL,,2026-03-30,2026-03-30,310.0,PE,BPCL26MAR310PE,0.0,0.0,0.0,3.1,3.1,3.1,380.9,0.1,7900,0,0,0.0,0,F1,1975,,,,,
2026-02-18,2026-02-18,FO,NSE,STO,81451,,BPCL,,2026-03-30,2026-03-30,290.0,PE,BPCL26MAR290PE,0.0,0.0,0.0,2.5,2.5,2.5,380.9,0.05,7900,0,0,0.0,0,F1,1975,,,,,
2026-02-18,2026-02-18,FO,NSE,STO,81633,,BPCL,,2026-02-24,2026-02-24,380.0,PE,BPCL26FEB380PE,6.75,7.55,4.1,4.3,4.35,8.5,380.9,4.3,1123775,229100,589,448378423.75,459,F1,1975,,,,,
2026-02-18,2026-02-18,FO,NSE,STO,81627,,BPCL,,2026-02-24,2026-02-24,350.0,PE,BPCL26FEB350PE,0.45,0.45,0.25,0.3,0.3,0.55,380.9,0.3,1196850,-140225,350,242159983.75,232,F1,1975,,,,,
2026-02-18,2026-02-18,FO,NSE,STO,81615,,BPCL,,2026-02-24,2026-02-24,300.0,PE,BPCL26FEB300PE,0.1,0.1,0.05,0.05,0.05,0.1,380.9,0.05,229100,-5925,6,3555691.25,5,F1,1975,,,,,
2026-02-18,2026-02-18,FO,NSE,STO,93953,,BPCL,,2026-04-28,2026-04-28,380.0,CE,BPCL26APR380CE,0.0,0.0,0.0,12.75,0.0,12.75,380.9,19.9,0,0,0,0.0,0,F1,1975,,,,,
2026-02-18,2026-02-18,FO,NSE,STO,93929,,BPCL,,2026-04-28,2026-04-28,370.0,CE,BPCL26APR370CE,0.0,0.0,0.0,16.0,0.0,16.0,380.9,25.5,0,0,0,0.0,0,F1,1975,,,,,
2026-02-18,2026-02-18,FO,NSE,STO,93821,,BPCL,,2026-04-28,2026-04-28,340.0,CE,BPCL26APR340CE,0.0,0.0,0.0,29.45,0.0,29.45,380.9,47.35,0,0,0,0.0,0,F1,1975,,,,,
2026-02-18,2026-02-18,FO,NSE,STO,81482,,BPCL,,2026-03-30,2026-03-30,400.0,CE,BPCL26MAR400CE,5.9,6.0,5.1,5.6,5.65,5.25,380.9,5.6,400925,-15800,211,169015266.25,152,F1,1975,,,,,
2026-02-18,2026-02-18,FO,NSE,STO,81630,,BPCL,,2026-02-24,2026-02-24,370.0,CE,BPCL26FEB370CE,10.0,12.05,8.65,11.75,11.75,8.6,380.9,11.75,630025,-225150,382,287187218.75,356,F1,1975,,,,,
2026-02-18,2026-02-18,FO,NSE,STO,81461,,BPCL,,2026-03-30,2026-03-30,340.0,PE,BPCL26MAR340PE,0.0,0.0,0.0,12.5,0.0,12.5,380.9,1.25,0,0,0,0.0,0,F1,1975,,,,,
2026-02-18,2026-02-18,FO,NSE,STO,81459,,BPCL,,2026-03-30,2026-03-30,330.0,PE,BPCL26MAR330PE,1.15,1.15,1.15,1.15,1.15,9.25,380.9,0.55,1975,1975,1,654021.25,1,F1,1975,,,,,
2026-02-18,2026-02-18,FO,NSE,STO,81671,,BPCL,,2026-02-24,2026-02-24,440.0,PE,BPCL26FEB440PE,0.0,0.0,0.0,90.15,0.0,90.15,380.9,58.7,0,0,0,0.0,0,F1,1975,,,,,
2026-02-18,2026-02-18,FO,NSE,STO,81665,,BPCL,,2026-02-24,2026-02-24,410.0,PE,BPCL26FEB410PE,0.0,0.0,0.0,40.1,40.1,40.1,380.9,28.8,17775,0,0,0.0,0,F1,1975,,,,,
2026-02-18,2026-02-18,FO,NSE,STO,93957,,BPCL,,2026-04-28,2026-04-28,390.0,CE,BPCL26APR390CE,0.0,0.0,0.0,10.1,0.0,10.1,380.9,15.15,0,0,0,0.0,0,F1,1975,,,,,
2026-02-18,2026-02-18,FO,NSE,STO,81480,,BPCL,,2026-03-30,2026-03-30,390.0,CE,BPCL26MAR390CE,9.0,9.2,7.7,8.6,8.6,7.65,380.9,8.6,643850,331800,529,416307485.0,334,F1,1975,,,,,
2026-02-18,2026-02-18,FO,NSE,STO,81668,,BPCL,,2026-02-24,2026-02-24,430.0,CE,BPCL26FEB430CE,0.1,0.1,0.05,0.05,0.05,0.15,380.9,0.05,908500,-23700,80,67949183.75,36,F1,1975,,,,,
2026-02-18,2026-02-18,FO,NSE,STO,81361,,BPCL,,2026-02-24,2026-02-24,345.0,CE,BPCL26FEB345CE,35.0,35.0,35.0,35.0,35.0,29.6,380.9,36.2,300200,0,3,2251500.0,3,F1,1975,,,,,
2026-02-18,2026-02-18,FO,NSE,STO,93960,,BPCL,,2026-04-28,2026-04-28,400.0,PE,BPCL26APR400PE,0.0,0.0,0.0,54.25,0.0,54.25,380.9,26.3,0,0,0,0.0,0,F1,1975,,,,,
2026-02-18,2026-02-18,FO,NSE,STO,93958,,BPCL,,2026-04-28,2026-04-28,390.0,PE,BPCL26APR390PE,0.0,0.0,0.0,46.6,0.0,46.6,380.9,20.25,0,0,0,0.0,0,F1,1975,,,,,
2026-02-18,2026-02-18,FO,NSE,STO,93930,,BPCL,,2026-04-28,2026-04-28,370.0,PE,BPCL26APR370PE,0.0,0.0,0.0,32.8,0.0,32.8,380.9,10.75,0,0,0,0.0,0,F1,1975,,,,,
2026-02-18,2026-02-18,FO,NSE,STO,93736,,BPCL,,2026-03-30,2026-03-30,395.0,PE,BPCL26MAR395PE,0.0,0.0,0.0,48.75,0.0,48.75,380.9,20.15,0,0,0,0.0,0,F1,1975,,,,,
2026-02-18,2026-02-18,FO,NSE,STO,81625,,BPCL,,2026-02-24,2026-02-24,340.0,PE,BPCL26FEB340PE,0.3,0.3,0.2,0.3,0.25,0.4,380.9,0.3,2593175,1054650,729,489922548.75,249,F1,1975,,,,,
2026-02-18,2026-02-18,FO,NSE,STO,81629,,BPCL,,2026-02-24,2026-02-24,360.0,PE,BPCL26FEB360PE,1.25,1.25,0.45,0.5,0.55,1.25,380.9,0.5,837400,23700,656,467248462.5,503,F1,1975,,,,,
2026-02-18,2026-02-18,FO,NSE,STO,93738,,BPCL,,2026-03-30,2026-03-30,405.0,PE,BPCL26MAR405PE,0.0,0.0,0.0,57.15,0.0,57.15,380.9,27.15,0,0,0,0.0,0,F1,1975,,,,,
2026-02-18,2026-02-18,FO,NSE,STO,81355,,BPCL,,2026-02-24,2026-02-24,315.0,CE,BPCL26FEB315CE,0.0,0.0,0.0,53.15,53.15,53.15,380.9,66.2,9875,0,0,0.0,0,F1,1975,,,,,
2026-02-18,2026-02-18,FO,NSE,STO,81450,,BPCL,,2026-03-30,2026-03-30,290.0,CE,BPCL26MAR290CE,0.0,0.0,0.0,81.75,81.75,81.75,380.9,92.65,49375,0,0,0.0,0,F1,1975,,,,,
2026-02-18,2026-02-18,FO,NSE,STO,81456,,BPCL,,2026-03-30,2026-03-30,320.0,CE,BPCL26MAR320CE,0.0,0.0,0.0,53.0,53.0,53.0,380.9,63.05,7900,0,0,0.0,0,F1,1975,,,,,
2026-02-18,2026-02-18,FO,NSE,STO,81460,,BPCL,,2026-03-30,2026-03-30,340.0,CE,BPCL26MAR340CE,0.0,0.0,0.0,37.2,37.2,37.2,380.9,44.2,1975,0,0,0.0,0,F1,1975,,,,,
2026-02-18,2026-02-18,FO,NSE,STO,81462,,BPCL,,2026-03-30,2026-03-30,350.0,CE,BPCL26MAR350CE,32.0,33.3,32.0,33.3,33.3,30.0,380.9,35.5,55300,0,2,1511467.5,2,F1,1975,,,,,
2026-02-18,2026-02-18,FO,NSE,STO,84056,,CHOLAFIN,,2026-02-24,2026-02-24,1840.0,PE,CHOLAFIN26FEB1840PE,0.0,0.0,0.0,109.9,109.9,109.9,1717.0,122.6,10000,0,0,0.0,0,F1,625,,,,,
2026-02-18,2026-02-18,FO,NSE,STO,84044,,CHOLAFIN,,2026-02-24,2026-02-24,1600.0,PE,CHOLAFIN26FEB1600PE,2.1,2.35,1.4,1.45,1.4,2.35,1717.0,1.45,224375,-95000,406,406470406.25,254,F1,625,,,,,
2026-02-18,2026-02-18,FO,NSE,STO,84038,,CHOLAFIN,,2026-02-24,2026-02-24,1480.0,PE,CHOLAFIN26FEB1480PE,0.0,0.0,0.0,0.5,0.5,0.5,1717.0,0.05,19375,0,0,0.0,0,F1,625,,,,,
2026-02-18,2026-02-18,FO,NSE,STO,84027,,CHOLAFIN,,2026-02-24,2026-02-24,1400.0,PE,CHOLAFIN26FEB1400PE,0.15,0.3,0.15,0.3,0.3,0.65,1717.0,0.05,26250,-15000,24,21002343.75,6,F1,625,,,,,
2026-02-18,2026-02-18,FO,NSE,STO,84040,,CHOLAFIN,,2026-02-24,2026-02-24,1520.0,PE,CHOLAFIN26FEB1520PE,0.8,1.75,0.8,0.8,0.8,1.3,1717.0,0.05,46250,-3750,25,23765250.0,23,F1,625,,,,,
2026-02-18,2026-02-18,FO,NSE,STO,84679,,CHOLAFIN,,2026-02-24,2026-02-24,1580.0,PE,CHOLAFIN26FEB1580PE,1.7,1.7,1.1,1.15,1.2,2.0,1717.0,1.15,75625,-625,69,68201531.25,68,F1,625,,,,,
2026-02-18,2026-02-18,FO,NSE,STO,84048,,CHOLAFIN,,2026-02-24,2026-02-24,1680.0,PE,CHOLAFIN26FEB1680PE,9.1,9.5,6.4,6.7,6.55,7.4,1717.0,6.7,153125,12500,241,254254687.5,204,F1,625,,,,,
2026-02-18,2026-02-18,FO,NSE,STO,84954,,CHOLAFIN,,2026-03-30,2026-03-30,1440.0,PE,CHOLAFIN26MAR1440PE,2.0,2.0,2.0,2.0,2.0,2.0,1717.0,2.5,1875,0,1,901250.0,1,F1,625,,,,,
2026-02-18,2026-02-18,FO,NSE,STO,85023,,CHOLAFIN,,2026-03-30,2026-03-30,1560.0,PE,CHOLAFIN26MAR1560PE,0.0,0.0,0.0,22.7,22.7,22.7,1717.0,14.25,3750,0,0,0.0,0,F1,625,,,,,
2026-02-18,2026-02-18,FO,NSE,STO,97618,,CHOLAFIN,,2026-03-30,2026-03-30,1660.0,PE,CHOLAFIN26MAR1660PE,0.0,0.0,0.0,101.15,0.0,101.15,1717.0,40.7,0,0,0,0.0,0,F1,625,,,,,
2026-02-18,2026-02-18,FO,NSE,STO,85074,,CHOLAFIN,,2026-03-30,2026-03-30,2040.0,PE,CHOLAFIN26MAR2040PE,0.0,0.0,0.0,343.4,0.0,343.4,1717.0,315.0,0,0,0,0.0,0,F1,625,,,,,
2026-02-18,2026-02-18,FO,NSE,STO,97724,,CHOLAFIN,,2026-04-28,2026-04-28,1360.0,CE,CHOLAFIN26APR1360CE,0.0,0.0,0.0,319.45,0.0,319.45,1717.0,374.0,0,0,0,0.0,0,F1,625,,,,,
2026-02-18,2026-02-18,FO,NSE,STO,84862,,CHOLAFIN,,2026-03-30,2026-03-30,1360.0,PE,CHOLAFIN26MAR1360PE,0.0,0.0,0.0,13.35,0.0,13.35,1717.0,0.55,0,0,0,0.0,0,F1,625,,,,,
2026-02-18,2026-02-18,FO,NSE,STO,84784,,CHOLAFIN,,2026-02-24,2026-02-24,1940.0,PE,CHOLAFIN26FEB1940PE,0.0,0.0,0.0,251.0,0.0,251.0,1717.0,221.25,0,0,0,0.0,0,F1,625,,,,,
2026-02-18,2026-02-18,FO,NSE,STO,84684,,CHOLAFIN,,2026-02-24,2026-02-24,1660.0,PE,CHOLAFIN26FEB1660PE,6.0,6.0,3.6,3.75,3.75,4.8,1717.0,3.75,298125,-10625,197,204952718.75,171,F1,625,,,,,
2026-02-18,2026-02-18,FO,NSE,STO,84658,,CHOLAFIN,,2026-02-24,2026-02-24,1460.0,PE,CHOLAFIN26FEB1460PE,1.0,1.0,1.0,1.0,1.0,0.8,1717.0,0.05,20000,-625,1,913125.0,1,F1,625,,,,,
2026-02-18,2026-02-18,FO,NSE,STO,85065,,CHOLAFIN,,2026-03-30,2026-03-30,1880.0,CE,CHOLAFIN26MAR1880CE,0.0,0.0,0.0,17.55,17.55,17.55,1717.0,21.25,625,0,0,0.0,0,F1,625,,,,,
2026-02-18,2026-02-18,FO,NSE,STO,84691,,CHOLAFIN,,2026-02-24,2026-02-24,1820.0,CE,CHOLAFIN26FEB1820CE,2.4,2.9,1.35,1.45,1.35,3.85,1717.0,1.45,182500,53750,266,302897937.5,241,F1,625,,,,,
2026-02-18,2026-02-18,FO,NSE,STO,84683,,CHOLAFIN,,2026-02-24,2026-02-24,1660.0,CE,CHOLAFIN26FEB1660CE,63.0,65.7,60.7,64.75,64.75,80.25,1717.0,64.75,113125,-4375,13,14005093.75,12,F1,625,,,,,
2026-02-18,2026-02-18,FO,NSE,STO,84678,,CHOLAFIN,,2026-02-24,2026-02-24,1580.0,CE,CHOLAFIN26FEB1580CE,145.45,145.45,137.85,142.3,142.3,144.55,1717.0,138.85,68750,-3125,12,12923250.0,12,F1,625,,,,,
2026-02-18,2026-02-18,FO,NSE,STO,84655,,CHOLAFIN,,2026-02-24,2026-02-24,1420.0,CE,CHOLAFIN26FEB1420CE,0.0,0.0,0.0,305.2,0.0,305.2,1717.0,298.3,0,0,0,0.0,0,F1,625,,,,,
2026-02-18,2026-02-18,FO,NSE,STO,97731,,CHOLAFIN,,2026-04-28,2026-04-28,1480.0,PE,CHOLAFIN26APR1480PE,0.0,0.0,0.0,45.15,0.0,45.15,1717.0,12.6,0,0,0,0.0,0,F1,625,,,,,
2026-02-18,2026-02-18,FO,NSE,STO,97565,,CHOLAFIN,,2026-03-30,2026-03-30,1540.0,PE,CHOLAFIN26MAR1540PE,0.0,0.0,0.0,49.0,0.0,49.0,1717.0,11.1,0,0,0,0.0,0,F1,625,,,,,
2026-02-18,2026-02-18,FO,NSE,STO,97562,,CHOLAFIN,,2026-03-30,2026-03-30,1500.0,PE,CHOLAFIN26MAR1500PE,0.0,0.0,0.0,5.5,5.5,5.5,1717.0,6.4,13750,0,0,0.0,0,F1,625,,,,,
2026-02-18,2026-02-18,FO,NSE,STO,97560,,CHOLAFIN,,2026-03-30,2026-03-30,1460.0,PE,CHOLAFIN26MAR1460PE,0.0,0.0,0.0,26.7,0.0,26.7,1717.0,3.45,0,0,0,0.0,0,F1,625,,,,,
2026-02-18,2026-02-18,FO,NSE,STO,97790,,CHOLAFIN,,2026-04-28,2026-04-28,2000.0,CE,CHOLAFIN26APR2000CE,0.0,0.0,0.0,28.05,0.0,28.05,1717.0,18.75,0,0,0,0.0,0,F1,625,,,,,
2026-02-18,2026-02-18,FO,NSE,STO,97780,,CHOLAFIN,,2026-04-28,2026-04-28,1920.0,CE,CHOLAFIN26APR1920CE,0.0,0.0,0.0,41.05,0.0,41.05,1717.0,31.95,0,0,0,0.0,0,F1,625,,,,,
2026-02-18,2026-02-18,FO,NSE,STO,97737,,CHOLAFIN,,2026-04-28,2026-04-28,1560.0,CE,CHOLAFIN26APR1560CE,0.0,0.0,0.0,175.75,0.0,175.75,1717.0,200.2,0,0,0,0.0,0,F1,625,,,,,
2026-02-18,2026-02-18,FO,NSE,STO,84783,,CHOLAFIN,,2026-02-24,2026-02-24,1940.0,CE,CHOLAFIN26FEB1940CE,0.25,0.25,0.15,0.2,0.2,0.4,1717.0,0.2,70625,0,7,8488312.5,7,F1,625,,,,,
2026-02-18,2026-02-18,FO,NSE,STO,84861,,CHOLAFIN,,2026-03-30,2026-03-30,1360.0,CE,CHOLAFIN26MAR1360CE,0.0,0.0,0.0,375.0,0.0,375.0,1717.0,365.7,0,0,0,0.0,0,F1,625,,,,,
2026-02-18,2026-02-18,FO,NSE,STO,85009,,CHOLAFIN,,2026-03-30,2026-03-30,1520.0,CE,CHOLAFIN26MAR1520CE,0.0,0.0,0.0,247.65,0.0,247.65,1717.0,214.65,0,0,0,0.0,0,F1,625,,,,,
2026-02-18,2026-02-18,FO,NSE,STO,85053,,CHOLAFIN,,2026-03-30,2026-03-30,1760.0,CE,CHOLAFIN26MAR1760CE,0.0,0.0,0.0,50.0,50.0,50.0,1717.0,56.05,625,0,0,0.0,0,F1,625,,,,,
2026-02-18,2026-02-18,FO,NSE,STO,97616,,CHOLAFIN,,2026-03-30,2026-03-30,1660.0,CE,CHOLAFIN26MAR1660CE,0.0,0.0,0.0,83.8,83.8,83.8,1717.0,107.65,625,0,0,0.0,0,F1,625,,,,,
2026-02-18,2026-02-18,FO,NSE,STO,84980,,CHOLAFIN,,2026-03-30,2026-03-30,1480.0,PE,CHOLAFIN26MAR1480PE,0.0,0.0,0.0,33.6,0.0,33.6,1717.0,4.75,0,0,0,0.0,0,F1,625,,,,,
2026-02-18,2026-02-18,FO,NSE,STO,84053,,CHOLAFIN,,2026-02-24,2026-02-24,1800.0,CE,CHOLAFIN26FEB1800CE,3.6,4.85,2.2,2.45,2.2,6.05,1717.0,2.45,276875,-8750,588,662660750.0,502,F1,625,,,,,
2026-02-18,2026-02-18,FO,NSE,STO,97555,,CHOLAFIN,,2026-03-30,2026-03-30,1420.0,CE,CHOLAFIN26MAR1420CE,0.0,0.0,0.0,253.35,0.0,253.35,1717.0,307.3,0,0,0,0.0,0,F1,625,,,,,
2026-02-18,2026-02-18,FO,NSE,STO,97557,,CHOLAFIN,,2026-03-30,2026-03-30,1460.0,CE,CHOLAFIN26MAR1460CE,0.0,0.0,0.0,221.65,0.0,221.65,1717.0,269.25,0,0,0,0.0,0,F1,625,,,,,
2026-02-18,2026-02-18,FO,NSE,STO,84904,,CHOLAFIN,,2026-03-30,2026-03-30,1400.0,PE,CHOLAFIN26MAR1400PE,0.0,0.0,0.0,18.65,0.0,18.65,1717.0,1.2,0,0,0,0.0,0,F1,625,,,,,
2026-02-18,2026-02-18,FO,NSE,STO,84860,,CHOLAFIN,,2026-03-30,2026-03-30,1320.0,PE,CHOLAFIN26MAR1320PE,0.0,0.0,0.0,9.3,0.0,9.3,1717.0,0.2,0,0,0,0.0,0,F1,625,,,,,
2026-02-18,2026-02-18,FO,NSE,STO,97765,,CHOLAFIN,,2026-04-28,2026-04-28,1760.0,PE,CHOLAFIN26APR1760PE,0.0,0.0,0.0,176.2,0.0,176.2,1717.0,106.1,0,0,0,0.0,0,F1,625,,,,,
2026-02-18,2026-02-18,FO,NSE,STO,84022,,CHOLAFIN,,2026-02-24,2026-02-24,1360.0,CE,CHOLAFIN26FEB1360CE,0.0,0.0,0.0,361.1,0.0,361.1,1717.0,358.25,0,0,0,0.0,0,F1,625,,,,,
2026-02-18,2026-02-18,FO,NSE,STO,97631,,CHOLAFIN,,2026-03-30,2026-03-30,1900.0,CE,CHOLAFIN26MAR1900CE,10.0,10.3,9.15,9.7,9.7,13.45,1717.0,9.7,14375,12500,33,39387656.25,32,F1,625,,,,,
2026-02-18,2026-02-18,FO,NSE,STO,84039,,CHOLAFIN,,2026-02-24,2026-02-24,1520.0,CE,CHOLAFIN26FEB1520CE,203.85,209.65,203.85,209.65,209.65,215.65,1717.0,198.4,5625,0,2,2158437.5,2,F1,625,,,,,
2026-02-18,2026-02-18,FO,NSE,STO,84045,,CHOLAFIN,,2026-02-24,2026-02-24,1640.0,CE,CHOLAFIN26FEB1640CE,0.0,0.0,0.0,85.25,81.95,85.25,1717.0,82.45,106250,0,0,0.0,0,F1,625,,,,,
2026-02-18,2026-02-18,FO,NSE,STO,84051,,CHOLAFIN,,2026-02-24,2026-02-24,1760.0,CE,CHOLAFIN26FEB1760CE,15.05,15.05,6.8,7.25,7.05,15.05,1717.0,7.25,206250,-1250,413,456678281.25,386,F1,625,,,,,
2026-02-18,2026-02-18,FO,NSE,STO,84689,,CHOLAFIN,,2026-02-24,2026-02-24,1780.0,CE,CHOLAFIN26FEB1780CE,8.55,8.6,3.85,4.15,4.0,9.25,1717.0,4.15,228125,24375,373,416148781.25,296,F1,625,,,,,
2026-02-18,2026-02-18,FO,NSE,STO,97633,,CHOLAFIN,,2026-03-30,2026-03-30,1940.0,CE,CHOLAFIN26MAR1940CE,0.0,0.0,0.0,21.1,0.0,21.1,1717.0,12.15,0,0,0,0.0,0,F1,625,,,,,
2026-02-18,2026-02-18,FO,NSE,STF,51844,,CHOLAFIN,,2026-03-30,2026-03-30,,,CHOLAFIN26MARFUT,1732.6,1743.1,1722.5,1730.3,1731.1,1742.0,1717.0,1730.3,1137500,838750,2360,2552297312.5,2328,F1,625,,,,,
2026-02-18,2026-02-18,FO,NSE,STO,84043,,CHOLAFIN,,2026-02-24,2026-02-24,1600.0,CE,CHOLAFIN26FEB1600CE,126.3,127.05,119.3,119.85,119.85,133.3,1717.0,119.4,88750,-6250,19,20464656.25,12,F1,625,,,,,
2026-02-18,2026-02-18,FO,NSE,STO,84680,,CHOLAFIN,,2026-02-24,2026-02-24,1620.0,CE,CHOLAFIN26FEB1620CE,0.0,0.0,0.0,105.95,105.95,105.95,1717.0,100.5,43125,0,0,0.0,0,F1,625,,,,,
2026-02-18,2026-02-18,FO,NSE,STO,84685,,CHOLAFIN,,2026-02-24,2026-02-24,1700.0,CE,CHOLAFIN26FEB1700CE,40.65,44.5,30.4,32.8,32.4,47.25,1717.0,32.8,314375,-13125,507,549823843.75,412,F1,625,,,,,
2026-02-18,2026-02-18,FO,NSE,STO,84953,,CHOLAFIN,,2026-03-30,2026-03-30,1440.0,CE,CHOLAFIN26MAR1440CE,0.0,0.0,0.0,293.05,293.05,293.05,1717.0,288.15,625,0,0,0.0,0,F1,625,,,,,
2026-02-18,2026-02-18,FO,NSE,STO,97591,,CHOLAFIN,,2026-03-30,2026-03-30,1580.0,CE,CHOLAFIN26MAR1580CE,0.0,0.0,0.0,155.0,154.95,155.0,1717.0,164.5,625,0,0,0.0,0,F1,625,,,,,
2026-02-18,2026-02-18,FO,NSE,STO,97729,,CHOLAFIN,,2026-04-28,2026-04-28,1440.0,PE,CHOLAFIN26APR1440PE,0.0,0.0,0.0,34.6,0.0,34.6,1717.0,8.1,0,0,0,0.0,0,F1,625,,,,,
2026-02-18,2026-02-18,FO,NSE,STO,85070,,CHOLAFIN,,2026-03-30,2026-03-30,1960.0,PE,CHOLAFIN26MAR1960PE,0.0,0.0,0.0,279.6,0.0,279.6,1717.0,241.2,0,0,0,0.0,0,F1,625,,,,,
2026-02-18,2026-02-18,FO,NSE,STO,84013,,CHOLAFIN,,2026-02-24,2026-02-24,1280.0,PE,CHOLAFIN26FEB1280PE,0.0,0.0,0.0,7.3,0.0,7.3,1717.0,0.05,0,0,0,0.0,0,F1,625,,,,,
2026-02-18,2026-02-18,FO,NSE,STO,84656,,CHOLAFIN,,2026-02-24,2026-02-24,1420.0,PE,CHOLAFIN26FEB1420PE,0.2,0.2,0.2,0.2,0.2,0.4,1717.0,0.05,1875,-625,1,887625.0,1,F1,625,,,,,
2026-02-18,2026-02-18,FO,NSE,STO,84660,,CHOLAFIN,,2026-02-24,2026-02-24,1500.0,PE,CHOLAFIN26FEB1500PE,0.5,0.5,0.25,0.35,0.3,1.0,1717.0,0.35,85625,-6250,16,15003437.5,14,F1,625,,,,,
2026-02-18,2026-02-18,FO,NSE,STO,84688,,CHOLAFIN,,2026-02-24,2026-02-24,1740.0,PE,CHOLAFIN26FEB1740PE,30.0,36.95,28.25,31.5,32.05,28.45,1717.0,31.5,57500,-15000,109,120743843.75,81,F1,625,,,,,
2026-02-18,2026-02-18,FO,NSE,STO,97625,,CHOLAFIN,,2026-03-30,2026-03-30,1780.0,CE,CHOLAFIN26MAR1780CE,0.0,0.0,0.0,34.0,34.0,34.0,1717.0,48.4,8750,0,0,0.0,0,F1,625,,,,,
2026-02-18,2026-02-18,FO,NSE,STO,85067,,CHOLAFIN,,2026-03-30,2026-03-30,1920.0,CE,CHOLAFIN26MAR1920CE,0.0,0.0,0.0,7.0,7.0,7.0,1717.0,14.7,7500,0,0,0.0,0,F1,625,,,,,
2026-02-18,2026-02-18,FO,NSE,STO,85068,,CHOLAFIN,,2026-03-30,2026-03-30,1920.0,PE,CHOLAFIN26MAR1920PE,0.0,0.0,0.0,249.4,0.0,249.4,1717.0,206.15,0,0,0,0.0,0,F1,625,,,,,
2026-02-18,2026-02-18,FO,NSE,STO,84041,,CHOLAFIN,,2026-02-24,2026-02-24,1560.0,CE,CHOLAFIN26FEB1560CE,0.0,0.0,0.0,181.0,181.0,181.0,1717.0,158.55,43750,0,0,0.0,0,F1,625,,,,,
2026-02-18,2026-02-18,FO,NSE,STO,84052,,CHOLAFIN,,2026-02-24,2026-02-24,1760.0,PE,CHOLAFIN26FEB1760PE,45.2,49.75,40.0,45.7,45.7,39.15,1717.0,45.7,60625,-3125,18,20320531.25,17,F1,625,,,,,
2026-02-18,2026-02-18,FO,NSE,STO,97751,,CHOLAFIN,,2026-04-28,2026-04-28,1560.0,PE,CHOLAFIN26APR1560PE,0.0,0.0,0.0,72.15,0.0,72.15,1717.0,27.05,0,0,0,0.0,0,F1,625,,,,,
2026-02-18,2026-02-18,FO,NSE,STO,97761,,CHOLAFIN,,2026-04-28,2026-04-28,1720.0,PE,CHOLAFIN26APR1720PE,0.0,0.0,0.0,151.4,0.0,151.4,1717.0,84.9,0,0,0,0.0,0,F1,625,,,,,
2026-02-18,2026-02-18,FO,NSE,STO,97620,,CHOLAFIN,,2026-03-30,2026-03-30,1700.0,PE,CHOLAFIN26MAR1700PE,38.5,42.8,38.5,39.8,40.2,36.85,1717.0,39.8,33125,16875,57,62010187.5,44,F1,625,,,,,
2026-02-18,2026-02-18,FO,NSE,STO,97781,,CHOLAFIN,,2026-04-28,2026-04-28,1920.0,PE,CHOLAFIN26APR1920PE,0.0,0.0,0.0,291.95,0.0,291.95,1717.0,215.1,0,0,0,0.0,0,F1,625,,,,,
2026-02-18,2026-02-18,FO,NSE,STO,84023,,CHOLAFIN,,2026-02-24,2026-02-24,1360.0,PE,CHOLAFIN26FEB1360PE,0.0,0.0,0.0,0.15,0.15,0.15,1717.0,0.05,120625,0,0,0.0,0,F1,625,,,,,
2026-02-18,2026-02-18,FO,NSE,STO,84037,,CHOLAFIN,,2026-02-24,2026-02-24,1480.0,CE,CHOLAFIN26FEB1480CE,0.0,0.0,0.0,264.95,0.0,264.95,1717.0,238.35,0,0,0,0.0,0,F1,625,,,,,
2026-02-18,2026-02-18,FO,NSE,STO,84659,,CHOLAFIN,,2026-02-24,2026-02-24,1500.0,CE,CHOLAFIN26FEB1500CE,0.0,0.0,0.0,237.05,237.05,237.05,1717.0,218.35,6250,0,0,0.0,0,F1,625,,,,,
2026-02-18,2026-02-18,FO,NSE,STO,84057,,CHOLAFIN,,2026-02-24,2026-02-24,1880.0,CE,CHOLAFIN26FEB1880CE,0.75,0.8,0.45,0.6,0.5,1.3,1717.0,0.6,53125,-3125,44,51716562.5,32,F1,625,,,,,
2026-02-18,2026-02-18,FO,NSE,STO,84061,,CHOLAFIN,,2026-02-24,2026-02-24,1960.0,CE,CHOLAFIN26FEB1960CE,0.2,0.2,0.1,0.2,0.2,0.3,1717.0,0.2,21250,-6875,24,29402406.25,11,F1,625,,,,,
2026-02-18,2026-02-18,FO,NSE,STO,84063,,CHOLAFIN,,2026-02-24,2026-02-24,2000.0,CE,CHOLAFIN26FEB2000CE,0.0,0.0,0.0,0.25,0.25,0.25,1717.0,0.05,45000,0,0,0.0,0,F1,625,,,,,
2026-02-18,2026-02-18,FO,NSE,STO,84857,,CHOLAFIN,,2026-03-30,2026-03-30,1280.0,CE,CHOLAFIN26MAR1280CE,0.0,0.0,0.0,446.75,0.0,446.75,1717.0,444.75,0,0,0,0.0,0,F1,625,,,,,
2026-02-18,2026-02-18,FO,NSE,STO,97561,,CHOLAFIN,,2026-03-30,2026-03-30,1500.0,CE,CHOLAFIN26MAR1500CE,0.0,0.0,0.0,192.15,0.0,192.15,1717.0,232.45,0,0,0,0.0,0,F1,625,,,,,
2026-02-18,2026-02-18,FO,NSE,STO,97563,,CHOLAFIN,,2026-03-30,2026-03-30,1540.0,CE,CHOLAFIN26MAR1540CE,0.0,0.0,0.0,164.8,0.0,164.8,1717.0,197.35,0,0,0,0.0,0,F1,625,,,,,
2026-02-18,2026-02-18,FO,NSE,STO,84657,,CHOLAFIN,,2026-02-24,2026-02-24,1460.0,CE,CHOLAFIN26FEB1460CE,0.0,0.0,0.0,270.75,0.0,270.75,1717.0,258.3,0,0,0,0.0,0,F1,625,,,,,
2026-02-18,2026-02-18,FO,NSE,STO,84030,,CHOLAFIN,,2026-02-24,2026-02-24,1440.0,CE,CHOLAFIN26FEB1440CE,0.0,0.0,0.0,295.4,0.0,295.4,1717.0,278.3,0,0,0,0.0,0,F1,625,,,,,
2026-02-18,2026-02-18,FO,NSE,STO,84026,,CHOLAFIN,,2026-02-24,2026-02-24,1400.0,CE,CHOLAFIN26FEB1400CE,0.0,0.0,0.0,253.0,253.0,253.0,1717.0,318.25,10000,0,0,0.0,0,F1,625,,,,,
2026-02-18,2026-02-18,FO,NSE,STF,66753,,CHOLAFIN,,2026-04-28,2026-04-28,,,CHOLAFIN26APRFUT,1742.5,1746.6,1733.0,1733.0,1733.0,1742.5,1717.0,1734.9,18125,3125,11,11962187.5,10,F1,625,,,,,
2026-02-18,2026-02-18,FO,NSE,STO,97767,,CHOLAFIN,,2026-04-28,2026-04-28,1800.0,PE,CHOLAFIN26APR1800PE,0.0,0.0,0.0,202.75,0.0,202.75,1717.0,129.9,0,0,0,0.0,0,F1,625,,,,,
2026-02-18,2026-02-18,FO,NSE,STO,97759,,CHOLAFIN,,2026-04-28,2026-04-28,1680.0,PE,CHOLAFIN26APR1680PE,0.0,0.0,0.0,128.55,0.0,128.55,1717.0,66.4,0,0,0,0.0,0,F1,625,,,,,
2026-02-18,2026-02-18,FO,NSE,STO,97634,,CHOLAFIN,,2026-03-30,2026-03-30,1940.0,PE,CHOLAFIN26MAR1940PE,0.0,0.0,0.0,301.1,0.0,301.1,1717.0,223.5,0,0,0,0.0,0,F1,625,,,,,
2026-02-18,2026-02-18,FO,NSE,STO,97632,,CHOLAFIN,,2026-03-30,2026-03-30,1900.0,PE,CHOLAFIN26MAR1900PE,0.0,0.0,0.0,267.4,0.0,267.4,1717.0,189.3,0,0,0,0.0,0,F1,625,,,,,
2026-02-18,2026-02-18,FO,NSE,STO,97630,,CHOLAFIN,,2026-03-30,2026-03-30,1860.0,PE,CHOLAFIN26MAR1860PE,0.0,0.0,0.0,154.0,154.0,154.0,1717.0,157.15,1875,0,0,0.0,0,F1,625,,,,,
2026-02-18,2026-02-18,FO,NSE,STO,85060,,CHOLAFIN,,2026-03-30,2026-03-30,1800.0,PE,CHOLAFIN26MAR1800PE,94.0,100.2,94.0,96.55,96.55,97.95,1717.0,96.55,8125,5000,11,13045781.25,11,F1,625,,,,,
2026-02-18,2026-02-18,FO,NSE,STO,97626,,CHOLAFIN,,2026-03-30,2026-03-30,1780.0,PE,CHOLAFIN26MAR1780PE,0.0,0.0,0.0,175.25,0.0,175.25,1717.0,100.7,0,0,0,0.0,0,F1,625,,,,,
2026-02-18,2026-02-18,FO,NSE,STO,85038,,CHOLAFIN,,2026-03-30,2026-03-30,1640.0,PE,CHOLAFIN26MAR1640PE,0.0,0.0,0.0,96.55,96.55,96.55,1717.0,33.8,1250,0,0,0.0,0,F1,625,,,,,
2026-02-18,2026-02-18,FO,NSE,STO,84066,,CHOLAFIN,,2026-02-24,2026-02-24,2040.0,PE,CHOLAFIN26FEB2040PE,0.0,0.0,0.0,356.5,0.0,356.5,1717.0,321.15,0,0,0,0.0,0,F1,625,,,,,
2026-02-18,2026-02-18,FO,NSE,STO,97773,,CHOLAFIN,,2026-04-28,2026-04-28,1840.0,CE,CHOLAFIN26APR1840CE,0.0,0.0,0.0,58.9,0.0,58.9,1717.0,52.15,0,0,0,0.0,0,F1,625,,,,,
2026-02-18,2026-02-18,FO,NSE,STO,85073,,CHOLAFIN,,2026-03-30,2026-03-30,2040.0,CE,CHOLAFIN26MAR2040CE,0.0,0.0,0.0,35.1,0.0,35.1,1717.0,4.3,0,0,0,0.0,0,F1,625,,,,,
2026-02-18,2026-02-18,FO,NSE,STO,85022,,CHOLAFIN,,2026-03-30,2026-03-30,1560.0,CE,CHOLAFIN26MAR1560CE,0.0,0.0,0.0,220.0,0.0,220.0,1717.0,180.6,0,0,0,0.0,0,F1,625,,,,,
2026-02-18,2026-02-18,FO,NSE,STO,85066,,CHOLAFIN,,2026-03-30,2026-03-30,1880.0,PE,CHOLAFIN26MAR1880PE,0.0,0.0,0.0,220.75,0.0,220.75,1717.0,172.95,0,0,0,0.0,0,F1,625,,,,,
2026-02-18,2026-02-18,FO,NSE,STO,84046,,CHOLAFIN,,2026-02-24,2026-02-24,1640.0,PE,CHOLAFIN26FEB1640PE,3.7,4.05,2.4,2.45,2.45,3.4,1717.0,2.45,288750,-10625,265,272164843.75,217,F1,625,,,,,
2026-02-18,2026-02-18,FO,NSE,STO,84681,,CHOLAFIN,,2026-02-24,2026-02-24,1620.0,PE,CHOLAFIN26FEB1620PE,2.5,2.75,1.7,1.75,1.7,2.65,1717.0,1.75,193125,-1875,163,165263000.0,151,F1,625,,,,,
2026-02-18,2026-02-18,FO,NSE,STO,84042,,CHOLAFIN,,2026-02-24,2026-02-24,1560.0,PE,CHOLAFIN26FEB1560PE,1.5,1.5,1.0,1.0,1.0,1.7,1717.0,1.0,56875,-1250,59,57568250.0,58,F1,625,,,,,
2026-02-18,2026-02-18,FO,NSE,STF,59288,,CHOLAFIN,,2026-02-24,2026-02-24,,,CHOLAFIN26FEBFUT,1734.8,1734.8,1714.0,1720.6,1720.9,1734.8,1717.0,1720.6,14009375,-40000,3332,3585617187.5,3224,F1,625,,,,,
2026-02-18,2026-02-18,FO,NSE,STO,85035,,CHOLAFIN,,2026-03-30,2026-03-30,1640.0,CE,CHOLAFIN26MAR1640CE,0.0,0.0,0.0,82.1,82.1,82.1,1717.0,120.65,625,0,0,0.0,0,F1,625,,,,,
2026-02-18,2026-02-18,FO,NSE,STO,97621,,CHOLAFIN,,2026-03-30,2026-03-30,1740.0,CE,CHOLAFIN26MAR1740CE,54.75,60.0,50.25,50.4,50.4,60.0,1717.0,50.4,11875,4375,13,14570250.0,12,F1,625,,,,,
2026-02-18,2026-02-18,FO,NSE,STO,85071,,CHOLAFIN,,2026-03-30,2026-03-30,2000.0,CE,CHOLAFIN26MAR2000CE,0.0,0.0,0.0,6.25,6.25,6.25,1717.0,6.6,1250,0,0,0.0,0,F1,625,,,,,
2026-02-18,2026-02-18,FO,NSE,STO,97732,,CHOLAFIN,,2026-04-28,2026-04-28,1520.0,CE,CHOLAFIN26APR1520CE,0.0,0.0,0.0,200.55,0.0,200.55,1717.0,231.55,0,0,0,0.0,0,F1,625,,,,,
2026-02-18,2026-02-18,FO,NSE,STO,97762,,CHOLAFIN,,2026-04-28,2026-04-28,1760.0,CE,CHOLAFIN26APR1760CE,0.0,0.0,0.0,82.85,0.0,82.85,1717.0,81.3,0,0,0,0.0,0,F1,625,,,,,
2026-02-18,2026-02-18,FO,NSE,STO,97766,,CHOLAFIN,,2026-04-28,2026-04-28,1800.0,CE,CHOLAFIN26APR1800CE,0.0,0.0,0.0,70.05,0.0,70.05,1717.0,65.5,0,0,0,0.0,0,F1,625,,,,,
2026-02-18,2026-02-18,FO,NSE,STO,84050,,CHOLAFIN,,2026-02-24,2026-02-24,1720.0,PE,CHOLAFIN26FEB1720PE,19.7,25.0,18.1,20.2,20.3,18.6,1717.0,20.2,195000,21250,316,343972500.0,284,F1,625,,,,,
2026-02-18,2026-02-18,FO,NSE,STO,97779,,CHOLAFIN,,2026-04-28,2026-04-28,1880.0,PE,CHOLAFIN26APR1880PE,0.0,0.0,0.0,260.85,0.0,260.85,1717.0,184.6,0,0,0,0.0,0,F1,625,,,,,
2026-02-18,2026-02-18,FO,NSE,STO,97774,,CHOLAFIN,,2026-04-28,2026-04-28,1840.0,PE,CHOLAFIN26APR1840PE,0.0,0.0,0.0,231.0,0.0,231.0,1717.0,156.15,0,0,0,0.0,0,F1,625,,,,,
2026-02-18,2026-02-18,FO,NSE,STO,84062,,CHOLAFIN,,2026-02-24,2026-02-24,1960.0,PE,CHOLAFIN26FEB1960PE,240.2,240.2,240.2,240.2,240.2,241.1,1717.0,240.2,1875,0,2,2750250.0,2,F1,625,,,,,
2026-02-18,2026-02-18,FO,NSE,STO,85055,,CHOLAFIN,,2026-03-30,2026-03-30,1800.0,CE,CHOLAFIN26MAR1800CE,32.05,33.5,27.35,28.0,28.0,36.05,1717.0,28.0,52500,625,50,57188500.0,32,F1,625,,,,,
2026-02-18,2026-02-18,FO,NSE,STO,85024,,CHOLAFIN,,2026-03-30,2026-03-30,1600.0,CE,CHOLAFIN26MAR1600CE,145.0,145.0,143.75,144.15,144.15,157.6,1717.0,149.1,16250,3750,12,13086187.5,11,F1,625,,,,,
2026-02-18,2026-02-18,FO,NSE,STO,84065,,CHOLAFIN,,2026-02-24,2026-02-24,2040.0,CE,CHOLAFIN26FEB2040CE,0.0,0.0,0.0,0.4,0.4,0.4,1717.0,0.05,6250,0,0,0.0,0,F1,625,,,,,
2026-02-18,2026-02-18,FO,NSE,STO,84058,,CHOLAFIN,,2026-02-24,2026-02-24,1880.0,PE,CHOLAFIN26FEB1880PE,0.0,0.0,0.0,111.1,111.1,111.1,1717.0,161.6,5625,0,0,0.0,0,F1,625,,,,,
2026-02-18,2026-02-18,FO,NSE,STO,84060,,CHOLAFIN,,2026-02-24,2026-02-24,1920.0,PE,CHOLAFIN26FEB1920PE,0.0,0.0,0.0,176.7,176.7,176.7,1717.0,201.3,1875,0,0,0.0,0,F1,625,,,,,
2026-02-18,2026-02-18,FO,NSE,STO,97556,,CHOLAFIN,,2026-03-30,2026-03-30,1420.0,PE,CHOLAFIN26MAR1420PE,0.0,0.0,0.0,18.8,0.0,18.8,1717.0,1.75,0,0,0,0.0,0,F1,625,,,,,
2026-02-18,2026-02-18,FO,NSE,STO,97613,,CHOLAFIN,,2026-03-30,2026-03-30,1580.0,PE,CHOLAFIN26MAR1580PE,10.9,11.0,10.9,11.0,11.0,9.8,1717.0,18.0,6250,1250,3,2983062.5,2,F1,625,,,,,
2026-02-18,2026-02-18,FO,NSE,STO,85042,,CHOLAFIN,,2026-03-30,2026-03-30,1720.0,PE,CHOLAFIN26MAR1720PE,0.0,0.0,0.0,45.0,45.0,45.0,1717.0,66.7,1250,0,0,0.0,0,F1,625,,,,,
2026-02-18,2026-02-18,FO,NSE,STO,85054,,CHOLAFIN,,2026-03-30,2026-03-30,1760.0,PE,CHOLAFIN26MAR1760PE,0.0,0.0,0.0,144.5,0.0,144.5,1717.0,88.5,0,0,0,0.0,0,F1,625,,,,,
2026-02-18,2026-02-18,FO,NSE,STO,84858,,CHOLAFIN,,2026-03-30,2026-03-30,1280.0,PE,CHOLAFIN26MAR1280PE,0.0,0.0,0.0,6.3,0.0,6.3,1717.0,0.1,0,0,0,0.0,0,F1,625,,,,,
2026-02-18,2026-02-18,FO,NSE,STO,84753,,CHOLAFIN,,2026-02-24,2026-02-24,1860.0,CE,CHOLAFIN26FEB1860CE,1.15,1.15,0.75,0.8,0.75,1.9,1717.0,0.8,65000,-5000,90,104675968.75,56,F1,625,,,,,
2026-02-18,2026-02-18,FO,NSE,STO,84067,,CHOLAFIN,,2026-02-24,2026-02-24,2080.0,CE,CHOLAFIN26FEB2080CE,0.0,0.0,0.0,0.15,0.15,0.15,1717.0,0.05,2500,0,0,0.0,0,F1,625,,,,,
2026-02-18,2026-02-18,FO,NSE,STO,97614,,CHOLAFIN,,2026-03-30,2026-03-30,1620.0,CE,CHOLAFIN26MAR1620CE,0.0,0.0,0.0,51.0,51.0,51.0,1717.0,134.45,1250,0,0,0.0,0,F1,625,,,,,
2026-02-18,2026-02-18,FO,NSE,STO,85039,,CHOLAFIN,,2026-03-30,2026-03-30,1680.0,CE,CHOLAFIN26MAR1680CE,0.0,0.0,0.0,60.0,60.0,60.0,1717.0,95.55,2500,0,0,0.0,0,F1,625,,,,,
2026-02-18,2026-02-18,FO,NSE,STO,85061,,CHOLAFIN,,2026-03-30,2026-03-30,1840.0,CE,CHOLAFIN26MAR1840CE,0.0,0.0,0.0,82.35,0.0,82.35,1717.0,30.05,0,0,0,0.0,0,F1,625,,,,,
2026-02-18,2026-02-18,FO,NSE,STO,85069,,CHOLAFIN,,2026-03-30,2026-03-30,1960.0,CE,CHOLAFIN26MAR1960CE,0.0,0.0,0.0,50.1,0.0,50.1,1717.0,9.95,0,0,0,0.0,0,F1,625,,,,,
2026-02-18,2026-02-18,FO,NSE,STO,97728,,CHOLAFIN,,2026-04-28,2026-04-28,1440.0,CE,CHOLAFIN26APR1440CE,0.0,0.0,0.0,256.35,0.0,256.35,1717.0,300.0,0,0,0,0.0,0,F1,625,,,,,
2026-02-18,2026-02-18,FO,NSE,STO,97752,,CHOLAFIN,,2026-04-28,2026-04-28,1600.0,CE,CHOLAFIN26APR1600CE,0.0,0.0,0.0,153.05,0.0,153.05,1717.0,171.15,0,0,0,0.0,0,F1,625,,,,,
2026-02-18,2026-02-18,FO,NSE,STO,97778,,CHOLAFIN,,2026-04-28,2026-04-28,1880.0,CE,CHOLAFIN26APR1880CE,0.0,0.0,0.0,49.35,0.0,49.35,1717.0,41.05,0,0,0,0.0,0,F1,625,,,,,
2026-02-18,2026-02-18,FO,NSE,STO,85040,,CHOLAFIN,,2026-03-30,2026-03-30,1680.0,PE,CHOLAFIN26MAR1680PE,34.25,34.25,32.0,32.0,32.0,38.05,1717.0,32.0,5625,0,5,5353500.0,5,F1,625,,,,,
2026-02-18,2026-02-18,FO,NSE,STO,97615,,CHOLAFIN,,2026-03-30,2026-03-30,1620.0,PE,CHOLAFIN26MAR1620PE,0.0,0.0,0.0,81.2,0.0,81.2,1717.0,27.75,0,0,0,0.0,0,F1,625,,,,,
2026-02-18,2026-02-18,FO,NSE,STO,84765,,CHOLAFIN,,2026-02-24,2026-02-24,1860.0,PE,CHOLAFIN26FEB1860PE,0.0,0.0,0.0,95.0,95.0,95.0,1717.0,141.95,1250,0,0,0.0,0,F1,625,,,,,
2026-02-18,2026-02-18,FO,NSE,STO,84692,,CHOLAFIN,,2026-02-24,2026-02-24,1820.0,PE,CHOLAFIN26FEB1820PE,0.0,0.0,0.0,97.55,97.55,97.55,1717.0,103.7,10000,0,0,0.0,0,F1,625,,,,,
2026-02-18,2026-02-18,FO,NSE,STO,97627,,CHOLAFIN,,2026-03-30,2026-03-30,1820.0,CE,CHOLAFIN26MAR1820CE,0.0,0.0,0.0,43.05,0.0,43.05,1717.0,35.4,0,0,0,0.0,0,F1,625,,,,,
2026-02-18,2026-02-18,FO,NSE,STO,84979,,CHOLAFIN,,2026-03-30,2026-03-30,1480.0,CE,CHOLAFIN26MAR1480CE,0.0,0.0,0.0,255.45,255.45,255.45,1717.0,250.65,0,0,0,0.0,0,F1,625,,,,,
2026-02-18,2026-02-18,FO,NSE,STO,84059,,CHOLAFIN,,2026-02-24,2026-02-24,1920.0,CE,CHOLAFIN26FEB1920CE,0.0,0.0,0.0,0.5,0.5,0.5,1717.0,0.05,15000,0,0,0.0,0,F1,625,,,,,
2026-02-18,2026-02-18,FO,NSE,STO,84055,,CHOLAFIN,,2026-02-24,2026-02-24,1840.0,CE,CHOLAFIN26FEB1840CE,1.85,1.85,1.0,1.05,1.0,2.75,1717.0,1.05,148750,-20000,190,218645500.0,138,F1,625,,,,,
2026-02-18,2026-02-18,FO,NSE,STO,84049,,CHOLAFIN,,2026-02-24,2026-02-24,1720.0,CE,CHOLAFIN26FEB1720CE,31.25,31.5,19.6,21.35,20.9,33.9,1717.0,21.35,368750,95000,1055,1149463343.75,839,F1,625,,,,,
2026-02-18,2026-02-18,FO,NSE,STO,97757,,CHOLAFIN,,2026-04-28,2026-04-28,1640.0,PE,CHOLAFIN26APR1640PE,0.0,0.0,0.0,107.65,0.0,107.65,1717.0,50.65,0,0,0,0.0,0,F1,625,,,,,
2026-02-18,2026-02-18,FO,NSE,STO,97791,,CHOLAFIN,,2026-04-28,2026-04-28,2000.0,PE,CHOLAFIN26APR2000PE,0.0,0.0,0.0,357.7,0.0,357.7,1717.0,281.05,0,0,0,0.0,0,F1,625,,,,,
2026-02-18,2026-02-18,FO,NSE,STO,97736,,CHOLAFIN,,2026-04-28,2026-04-28,1520.0,PE,CHOLAFIN26APR1520PE,0.0,0.0,0.0,57.6,0.0,57.6,1717.0,18.8,0,0,0,0.0,0,F1,625,,,,,
2026-02-18,2026-02-18,FO,NSE,STO,97758,,CHOLAFIN,,2026-04-28,2026-04-28,1680.0,CE,CHOLAFIN26APR1680CE,0.0,0.0,0.0,113.95,0.0,113.95,1717.0,120.8,0,0,0,0.0,0,F1,625,,,,,
2026-02-18,2026-02-18,FO,NSE,STO,84663,,CHOLAFIN,,2026-02-24,2026-02-24,1540.0,PE,CHOLAFIN26FEB1540PE,0.95,1.5,0.9,1.0,1.0,1.55,1717.0,1.0,186875,-11250,80,77059125.0,78,F1,625,,,,,
2026-02-18,2026-02-18,FO,NSE,STO,85021,,CHOLAFIN,,2026-03-30,2026-03-30,1520.0,PE,CHOLAFIN26MAR1520PE,0.0,0.0,0.0,15.75,15.75,15.75,1717.0,8.5,5000,0,0,0.0,0,F1,625,,,,,
2026-02-18,2026-02-18,FO,NSE,STO,85034,,CHOLAFIN,,2026-03-30,2026-03-30,1600.0,PE,CHOLAFIN26MAR1600PE,13.05,14.1,12.4,13.1,13.25,12.0,1717.0,13.1,76250,11875,42,42347562.5,39,F1,625,,,,,
2026-02-18,2026-02-18,FO,NSE,STO,97628,,CHOLAFIN,,2026-03-30,2026-03-30,1820.0,PE,CHOLAFIN26MAR1820PE,0.0,0.0,0.0,204.3,0.0,204.3,1717.0,127.5,0,0,0,0.0,0,F1,625,,,,,
2026-02-18,2026-02-18,FO,NSE,STO,85064,,CHOLAFIN,,2026-03-30,2026-03-30,1840.0,PE,CHOLAFIN26MAR1840PE,0.0,0.0,0.0,193.65,0.0,193.65,1717.0,142.0,0,0,0,0.0,0,F1,625,,,,,
2026-02-18,2026-02-18,FO,NSE,STO,97727,,CHOLAFIN,,2026-04-28,2026-04-28,1400.0,PE,CHOLAFIN26APR1400PE,0.0,0.0,0.0,25.9,0.0,25.9,1717.0,5.0,0,0,0,0.0,0,F1,625,,,,,
2026-02-18,2026-02-18,FO,NSE,STO,84064,,CHOLAFIN,,2026-02-24,2026-02-24,2000.0,PE,CHOLAFIN26FEB2000PE,0.0,0.0,0.0,310.0,310.0,310.0,1717.0,281.2,2500,0,0,0.0,0,F1,625,,,,,
2026-02-18,2026-02-18,FO,NSE,STO,84054,,CHOLAFIN,,2026-02-24,2026-02-24,1800.0,PE,CHOLAFIN26FEB1800PE,84.75,87.15,80.9,81.9,81.9,66.7,1717.0,81.9,27500,-5625,15,17662281.25,14,F1,625,,,,,
2026-02-18,2026-02-18,FO,NSE,STO,85041,,CHOLAFIN,,2026-03-30,2026-03-30,1720.0,CE,CHOLAFIN26MAR1720CE,63.95,63.95,61.9,62.15,61.9,69.85,1717.0,62.15,22500,1875,3,3342625.0,3,F1,625,,,,,
2026-02-18,2026-02-18,FO,NSE,STO,84047,,CHOLAFIN,,2026-02-24,2026-02-24,1680.0,CE,CHOLAFIN26FEB1680CE,59.15,59.15,44.25,46.1,46.1,60.5,1717.0,50.5,168750,-2500,49,52908937.5,25,F1,625,,,,,
2026-02-18,2026-02-18,FO,NSE,STO,97725,,CHOLAFIN,,2026-04-28,2026-04-28,1360.0,PE,CHOLAFIN26APR1360PE,0.0,0.0,0.0,18.9,0.0,18.9,1717.0,2.9,0,0,0,0.0,0,F1,625,,,,,
2026-02-18,2026-02-18,FO,NSE,STO,85072,,CHOLAFIN,,2026-03-30,2026-03-30,2000.0,PE,CHOLAFIN26MAR2000PE,0.0,0.0,0.0,310.9,0.0,310.9,1717.0,277.6,0,0,0,0.0,0,F1,625,,,,,
2026-02-18,2026-02-18,FO,NSE,STO,84903,,CHOLAFIN,,2026-03-30,2026-03-30,1400.0,CE,CHOLAFIN26MAR1400CE,0.0,0.0,0.0,340.9,0.0,340.9,1717.0,326.6,0,0,0,0.0,0,F1,625,,,,,
2026-02-18,2026-02-18,FO,NSE,STO,84859,,CHOLAFIN,,2026-03-30,2026-03-30,1320.0,CE,CHOLAFIN26MAR1320CE,0.0,0.0,0.0,410.35,0.0,410.35,1717.0,405.15,0,0,0,0.0,0,F1,625,,,,,
2026-02-18,2026-02-18,FO,NSE,STO,84777,,CHOLAFIN,,2026-02-24,2026-02-24,1900.0,CE,CHOLAFIN26FEB1900CE,0.6,0.75,0.45,0.55,0.55,0.85,1717.0,0.55,98125,11250,55,65332656.25,46,F1,625,,,,,
2026-02-18,2026-02-18,FO,NSE,STO,84687,,CHOLAFIN,,2026-02-24,2026-02-24,1740.0,CE,CHOLAFIN26FEB1740CE,23.0,23.0,11.75,12.7,12.3,22.85,1717.0,12.7,321250,54375,613,672550000.0,505,F1,625,,,,,
2026-02-18,2026-02-18,FO,NSE,STO,84662,,CHOLAFIN,,2026-02-24,2026-02-24,1540.0,CE,CHOLAFIN26FEB1540CE,0.0,0.0,0.0,178.0,178.0,178.0,1717.0,178.45,66250,0,0,0.0,0,F1,625,,,,,
2026-02-18,2026-02-18,FO,NSE,STO,84012,,CHOLAFIN,,2026-02-24,2026-02-24,1280.0,CE,CHOLAFIN26FEB1280CE,0.0,0.0,0.0,450.45,450.45,450.45,1717.0,438.15,3125,0,0,0.0,0,F1,625,,,,,
2026-02-18,2026-02-18,FO,NSE,STO,97622,,CHOLAFIN,,2026-03-30,2026-03-30,1740.0,PE,CHOLAFIN26MAR1740PE,0.0,0.0,0.0,59.0,59.0,59.0,1717.0,77.15,1875,0,0,0.0,0,F1,625,,,,,
2026-02-18,2026-02-18,FO,NSE,STO,84690,,CHOLAFIN,,2026-02-24,2026-02-24,1780.0,PE,CHOLAFIN26FEB1780PE,66.2,68.4,62.0,62.9,63.35,54.35,1717.0,62.9,66250,-3125,22,25366875.0,22,F1,625,,,,,
2026-02-18,2026-02-18,FO,NSE,STO,84686,,CHOLAFIN,,2026-02-24,2026-02-24,1700.0,PE,CHOLAFIN26FEB1700PE,14.5,15.9,11.05,12.0,11.4,11.7,1717.0,12.0,568750,-26250,424,454035468.75,360,F1,625,,,,,
2026-02-18,2026-02-18,FO,NSE,STO,84031,,CHOLAFIN,,2026-02-24,2026-02-24,1440.0,PE,CHOLAFIN26FEB1440PE,0.1,0.2,0.1,0.2,0.2,0.3,1717.0,0.05,26250,-4375,8,7200781.25,6,F1,625,,,,,
2026-02-18,2026-02-18,FO,NSE,STO,84021,,CHOLAFIN,,2026-02-24,2026-02-24,1320.0,PE,CHOLAFIN26FEB1320PE,0.0,0.0,0.0,0.2,0.2,0.2,1717.0,0.05,10625,0,0,0.0,0,F1,625,,,,,
2026-02-18,2026-02-18,FO,NSE,STO,97730,,CHOLAFIN,,2026-04-28,2026-04-28,1480.0,CE,CHOLAFIN26APR1480CE,0.0,0.0,0.0,227.5,0.0,227.5,1717.0,264.9,0,0,0,0.0,0,F1,625,,,,,
2026-02-18,2026-02-18,FO,NSE,STO,97726,,CHOLAFIN,,2026-04-28,2026-04-28,1400.0,CE,CHOLAFIN26APR1400CE,0.0,0.0,0.0,287.05,0.0,287.05,1717.0,336.45,0,0,0,0.0,0,F1,625,,,,,
2026-02-18,2026-02-18,FO,NSE,STO,97760,,CHOLAFIN,,2026-04-28,2026-04-28,1720.0,CE,CHOLAFIN26APR1720CE,0.0,0.0,0.0,97.45,0.0,97.45,1717.0,99.65,0,0,0,0.0,0,F1,625,,,,,
2026-02-18,2026-02-18,FO,NSE,STO,97754,,CHOLAFIN,,2026-04-28,2026-04-28,1640.0,CE,CHOLAFIN26APR1640CE,0.0,0.0,0.0,132.45,0.0,132.45,1717.0,144.6,0,0,0,0.0,0,F1,625,,,,,
2026-02-18,2026-02-18,FO,NSE,STO,97629,,CHOLAFIN,,2026-03-30,2026-03-30,1860.0,CE,CHOLAFIN26MAR1860CE,0.0,0.0,0.0,34.2,0.0,34.2,1717.0,25.35,0,0,0,0.0,0,F1,625,,,,,
2026-02-18,2026-02-18,FO,NSE,STO,97619,,CHOLAFIN,,2026-03-30,2026-03-30,1700.0,CE,CHOLAFIN26MAR1700CE,70.0,73.3,68.3,70.0,70.0,69.75,1717.0,70.0,40000,13750,25,27657718.75,18,F1,625,,,,,
2026-02-18,2026-02-18,FO,NSE,STO,84791,,CHOLAFIN,,2026-02-24,2026-02-24,1980.0,CE,CHOLAFIN26FEB1980CE,0.0,0.0,0.0,10.85,10.85,10.85,1717.0,0.05,1875,0,0,0.0,0,F1,625,,,,,
2026-02-18,2026-02-18,FO,NSE,STO,84020,,CHOLAFIN,,2026-02-24,2026-02-24,1320.0,CE,CHOLAFIN26FEB1320CE,0.0,0.0,0.0,396.0,0.0,396.0,1717.0,398.2,0,0,0,0.0,0,F1,625,,,,,
2026-02-18,2026-02-18,FO,NSE,STO,97753,,CHOLAFIN,,2026-04-28,2026-04-28,1600.0,PE,CHOLAFIN26APR1600PE,0.0,0.0,0.0,88.85,0.0,88.85,1717.0,37.6,0,0,0,0.0,0,F1,625,,,,,
2026-02-18,2026-02-18,FO,NSE,STO,84778,,CHOLAFIN,,2026-02-24,2026-02-24,1900.0,PE,CHOLAFIN26FEB1900PE,0.0,0.0,0.0,219.45,0.0,219.45,1717.0,181.4,0,0,0,0.0,0,F1,625,,,,,
2026-02-18,2026-02-18,FO,NSE,STO,101949,,CUMMINSIND,,2026-03-30,2026-03-30,4850.0,CE,CUMMINSIND26MAR4850CE,147.95,147.95,130.0,130.0,130.0,20.2,4725.8,136.05,600,600,3,2993950.0,3,F1,200,,,,,
2026-02-18,2026-02-18,FO,NSE,STO,89498,,CUMMINSIND,,2026-03-30,2026-03-30,4600.0,CE,CUMMINSIND26MAR4600CE,175.0,286.3,175.0,259.1,260.0,166.5,4725.8,259.1,14000,0,254,244887820.0,223,F1,200,,,,,
2026-02-18,2026-02-18,FO,NSE,STO,101901,,CUMMINSIND,,2026-03-30,2026-03-30,3950.0,CE,CUMMINSIND26MAR3950CE,0.0,0.0,0.0,226.85,0.0,226.85,4725.8,803.3,0,0,0,0.0,0,F1,200,,,,,
2026-02-18,2026-02-18,FO,NSE,STO,87574,,CUMMINSIND,,2026-02-24,2026-02-24,4900.0,CE,CUMMINSIND26FEB4900CE,4.5,33.6,4.5,18.45,17.75,4.5,4725.8,18.45,123800,69800,9888,9732362560.0,7985,F1,200,,,,,
2026-02-18,2026-02-18,FO,NSE,STO,89366,,CUMMINSIND,,2026-02-24,2026-02-24,4750.0,CE,CUMMINSIND26FEB4750CE,17.0,88.4,16.85,59.85,57.4,15.1,4725.8,59.85,91000,21000,11726,11278682100.0,9314,F1,200,,,,,
2026-02-18,2026-02-18,FO,NSE,STO,89342,,CUMMINSIND,,2026-02-24,2026-02-24,3750.0,CE,CUMMINSIND26FEB3750CE,0.0,0.0,0.0,645.3,645.3,645.3,4725.8,979.2,600,0,0,0.0,0,F1,200,,,,,
2026-02-18,2026-02-18,FO,NSE,STO,102117,,CUMMINSIND,,2026-04-28,2026-04-28,3700.0,PE,CUMMINSIND26APR3700PE,0.0,0.0,0.0,136.25,0.0,136.25,4725.8,3.75,0,0,0,0.0,0,F1,200,,,,,
2026-02-18,2026-02-18,FO,NSE,STO,102078,,CUMMINSIND,,2026-04-28,2026-04-28,3500.0,PE,CUMMINSIND26APR3500PE,0.0,0.0,0.0,77.3,0.0,77.3,4725.8,1.0,0,0,0,0.0,0,F1,200,,,,,
2026-02-18,2026-02-18,FO,NSE,STO,89519,,CUMMINSIND,,2026-03-30,2026-03-30,4600.0,PE,CUMMINSIND26MAR4600PE,150.0,150.0,87.05,96.75,97.95,150.0,4725.8,96.75,24400,19200,228,214452480.0,182,F1,200,,,,,
2026-02-18,2026-02-18,FO,NSE,STO,89527,,CUMMINSIND,,2026-03-30,2026-03-30,5000.0,PE,CUMMINSIND26MAR5000PE,310.0,318.0,300.0,311.45,315.0,560.0,4725.8,311.45,3400,3200,22,23371580.0,19,F1,200,,,,,
2026-02-18,2026-02-18,FO,NSE,STO,101937,,CUMMINSIND,,2026-03-30,2026-03-30,4350.0,CE,CUMMINSIND26MAR4350CE,0.0,0.0,0.0,79.25,79.25,79.25,4725.8,441.5,2600,0,0,0.0,0,F1,200,,,,,
2026-02-18,2026-02-18,FO,NSE,STO,89466,,CUMMINSIND,,2026-03-30,2026-03-30,4200.0,CE,CUMMINSIND26MAR4200CE,582.55,582.55,582.55,582.55,582.55,400.0,4725.8,582.55,1800,-200,1,956510.0,1,F1,200,,,,,
2026-02-18,2026-02-18,FO,NSE,STO,89462,,CUMMINSIND,,2026-03-30,2026-03-30,4000.0,CE,CUMMINSIND26MAR4000CE,0.0,0.0,0.0,556.25,0.0,556.25,4725.8,755.2,0,0,0,0.0,0,F1,200,,,,,
2026-02-18,2026-02-18,FO,NSE,STO,89368,,CUMMINSIND,,2026-02-24,2026-02-24,4850.0,CE,CUMMINSIND26FEB4850CE,6.25,46.75,5.8,27.9,26.5,6.2,4725.8,27.9,65800,23200,7768,7581170610.0,6362,F1,200,,,,,
2026-02-18,2026-02-18,FO,NSE,STO,102144,,CUMMINSIND,,2026-04-28,2026-04-28,4200.0,PE,CUMMINSIND26APR4200PE,0.0,0.0,0.0,386.45,0.0,386.45,4725.8,42.65,0,0,0,0.0,0,F1,200,,,,,
2026-02-18,2026-02-18,FO,NSE,STO,101896,,CUMMINSIND,,2026-03-30,2026-03-30,3650.0,PE,CUMMINSIND26MAR3650PE,0.0,0.0,0.0,87.6,0.0,87.6,4725.8,0.3,0,0,0,0.0,0,F1,200,,,,,
2026-02-18,2026-02-18,FO,NSE,STO,87575,,CUMMINSIND,,2026-02-24,2026-02-24,4900.0,PE,CUMMINSIND26FEB4900PE,0.0,0.0,0.0,634.75,0.0,634.75,4725.8,185.4,0,0,0,0.0,0,F1,200,,,,,
2026-02-18,2026-02-18,FO,NSE,STO,87539,,CUMMINSIND,,2026-02-24,2026-02-24,3700.0,PE,CUMMINSIND26FEB3700PE,1.2,1.4,1.1,1.3,1.3,1.55,4725.8,0.05,62800,-2200,33,24428490.0,26,F1,200,,,,,
2026-02-18,2026-02-18,FO,NSE,STO,102116,,CUMMINSIND,,2026-04-28,2026-04-28,3700.0,CE,CUMMINSIND26APR3700CE,0.0,0.0,0.0,421.2,0.0,421.2,4725.8,1067.8,0,0,0,0.0,0,F1,200,,,,,
2026-02-18,2026-02-18,FO,NSE,STO,101943,,CUMMINSIND,,2026-03-30,2026-03-30,4550.0,CE,CUMMINSIND26MAR4550CE,213.55,300.45,213.55,268.95,267.15,185.0,4725.8,268.95,1600,-800,12,11593830.0,8,F1,200,,,,,
2026-02-18,2026-02-18,FO,NSE,STO,89464,,CUMMINSIND,,2026-03-30,2026-03-30,4100.0,CE,CUMMINSIND26MAR4100CE,0.0,0.0,0.0,350.7,360.0,350.7,4725.8,660.75,4600,0,0,0.0,0,F1,200,,,,,
2026-02-18,2026-02-18,FO,NSE,STO,89452,,CUMMINSIND,,2026-03-30,2026-03-30,3600.0,CE,CUMMINSIND26MAR3600CE,0.0,0.0,0.0,873.95,0.0,873.95,4725.8,1147.6,0,0,0,0.0,0,F1,200,,,,,
2026-02-18,2026-02-18,FO,NSE,STO,87576,,CUMMINSIND,,2026-02-24,2026-02-24,5000.0,CE,CUMMINSIND26FEB5000CE,4.0,17.65,2.6,9.55,9.05,2.6,4725.8,9.55,162400,142200,10491,10516127980.0,8112,F1,200,,,,,
2026-02-18,2026-02-18,FO,NSE,STO,87548,,CUMMINSIND,,2026-02-24,2026-02-24,4100.0,CE,CUMMINSIND26FEB4100CE,560.0,648.15,560.0,648.15,648.15,497.35,4725.8,629.5,14800,-400,4,3771070.0,4,F1,200,,,,,
2026-02-18,2026-02-18,FO,NSE,STO,87534,,CUMMINSIND,,2026-02-24,2026-02-24,3500.0,CE,CUMMINSIND26FEB3500CE,0.0,0.0,0.0,893.9,0.0,893.9,4725.8,1228.95,0,0,0,0.0,0,F1,200,,,,,
2026-02-18,2026-02-18,FO,NSE,STF,66784,,CUMMINSIND,,2026-04-28,2026-04-28,,,CUMMINSIND26APRFUT,4667.7,4815.3,4667.7,4777.4,4773.7,4635.3,4725.8,4777.4,9800,3600,44,41879580.0,43,F1,200,,,,,
2026-02-18,2026-02-18,FO,NSE,STO,101950,,CUMMINSIND,,2026-03-30,2026-03-30,4850.0,PE,CUMMINSIND26MAR4850PE,0.0,0.0,0.0,891.15,0.0,891.15,4725.8,231.1,0,0,0,0.0,0,F1,200,,,,,
2026-02-18,2026-02-18,FO,NSE,STO,101945,,CUMMINSIND,,2026-03-30,2026-03-30,4650.0,CE,CUMMINSIND26MAR4650CE,0.0,0.0,0.0,37.55,0.0,37.55,4725.8,232.55,0,0,0,0.0,0,F1,200,,,,,
2026-02-18,2026-02-18,FO,NSE,STO,89526,,CUMMINSIND,,2026-03-30,2026-03-30,5000.0,CE,CUMMINSIND26MAR5000CE,42.0,90.0,42.0,76.05,74.7,39.45,4725.8,76.05,29600,21800,777,788149750.0,595,F1,200,,,,,
2026-02-18,2026-02-18,FO,NSE,STO,102310,,CUMMINSIND,,2026-04-28,2026-04-28,4900.0,CE,CUMMINSIND26APR4900CE,0.0,0.0,0.0,39.3,0.0,39.3,4725.8,179.85,0,0,0,0.0,0,F1,200,,,,,
2026-02-18,2026-02-18,FO,NSE,STO,89453,,CUMMINSIND,,2026-03-30,2026-03-30,3600.0,PE,CUMMINSIND26MAR3600PE,0.0,0.0,0.0,30.75,0.0,30.75,4725.8,0.2,0,0,0,0.0,0,F1,200,,,,,
2026-02-18,2026-02-18,FO,NSE,STO,101906,,CUMMINSIND,,2026-03-30,2026-03-30,4150.0,PE,CUMMINSIND26MAR4150PE,0.0,0.0,0.0,322.75,0.0,322.75,4725.8,13.95,0,0,0,0.0,0,F1,200,,,,,
2026-02-18,2026-02-18,FO,NSE,STO,89338,,CUMMINSIND,,2026-02-24,2026-02-24,3550.0,CE,CUMMINSIND26FEB3550CE,1105.45,1105.45,1105.45,1105.45,1105.45,972.1,4725.8,1179.0,600,0,3,2793270.0,1,F1,200,,,,,
2026-02-18,2026-02-18,FO,NSE,STO,89340,,CUMMINSIND,,2026-02-24,2026-02-24,3650.0,CE,CUMMINSIND26FEB3650CE,0.0,0.0,0.0,789.6,0.0,789.6,4725.8,1079.1,0,0,0,0.0,0,F1,200,,,,,
2026-02-18,2026-02-18,FO,NSE,STO,89356,,CUMMINSIND,,2026-02-24,2026-02-24,4450.0,CE,CUMMINSIND26FEB4450CE,192.0,313.5,192.0,291.25,289.8,159.55,4725.8,291.25,19000,-3000,118,111149120.0,87,F1,200,,,,,
2026-02-18,2026-02-18,FO,NSE,STO,89426,,CUMMINSIND,,2026-03-30,2026-03-30,3500.0,CE,CUMMINSIND26MAR3500CE,0.0,0.0,0.0,962.7,0.0,962.7,4725.8,1246.9,0,0,0,0.0,0,F1,200,,,,,
2026-02-18,2026-02-18,FO,NSE,STO,89454,,CUMMINSIND,,2026-03-30,2026-03-30,3700.0,CE,CUMMINSIND26MAR3700CE,0.0,0.0,0.0,714.1,714.1,714.1,4725.8,1048.5,0,0,0,0.0,0,F1,200,,,,,
2026-02-18,2026-02-18,FO,NSE,STO,89522,,CUMMINSIND,,2026-03-30,2026-03-30,4800.0,CE,CUMMINSIND26MAR4800CE,92.0,169.0,92.0,146.55,143.1,86.25,4725.8,146.55,18400,18200,374,370048790.0,253,F1,200,,,,,
2026-02-18,2026-02-18,FO,NSE,STO,89706,,CUMMINSIND,,2026-03-30,2026-03-30,5200.0,CE,CUMMINSIND26MAR5200CE,0.0,0.0,0.0,74.6,0.0,74.6,4725.8,42.65,0,0,0,0.0,0,F1,200,,,,,
2026-02-18,2026-02-18,FO,NSE,STO,102145,,CUMMINSIND,,2026-04-28,2026-04-28,4300.0,CE,CUMMINSIND26APR4300CE,0.0,0.0,0.0,147.3,0.0,147.3,4725.8,531.75,0,0,0,0.0,0,F1,200,,,,,
2026-02-18,2026-02-18,FO,NSE,STO,102293,,CUMMINSIND,,2026-04-28,2026-04-28,4700.0,CE,CUMMINSIND26APR4700CE,0.0,0.0,0.0,62.75,0.0,62.75,4725.8,270.7,0,0,0,0.0,0,F1,200,,,,,
2026-02-18,2026-02-18,FO,NSE,STO,87547,,CUMMINSIND,,2026-02-24,2026-02-24,4000.0,PE,CUMMINSIND26FEB4000PE,1.75,2.3,1.7,1.8,1.75,2.85,4725.8,1.8,71400,-8600,174,139266550.0,128,F1,200,,,,,
2026-02-18,2026-02-18,FO,NSE,STO,89351,,CUMMINSIND,,2026-02-24,2026-02-24,4150.0,PE,CUMMINSIND26FEB4150PE,3.3,3.35,2.0,2.65,2.55,4.4,4725.8,2.65,14000,-4600,66,54813490.0,62,F1,200,,,,,
2026-02-18,2026-02-18,FO,NSE,STO,87583,,CUMMINSIND,,2026-02-24,2026-02-24,5300.0,PE,CUMMINSIND26FEB5300PE,0.0,0.0,0.0,962.95,0.0,962.95,4725.8,569.45,0,0,0,0.0,0,F1,200,,,,,
2026-02-18,2026-02-18,FO,NSE,STO,89523,,CUMMINSIND,,2026-03-30,2026-03-30,4800.0,PE,CUMMINSIND26MAR4800PE,175.0,185.0,165.0,183.3,182.0,500.6,4725.8,183.3,1000,1000,22,21908450.0,18,F1,200,,,,,
2026-02-18,2026-02-18,FO,NSE,STO,102132,,CUMMINSIND,,2026-04-28,2026-04-28,3900.0,PE,CUMMINSIND26APR3900PE,0.0,0.0,0.0,218.75,0.0,218.75,4725.8,11.35,0,0,0,0.0,0,F1,200,,,,,
2026-02-18,2026-02-18,FO,NSE,STO,102288,,CUMMINSIND,,2026-04-28,2026-04-28,4500.0,PE,CUMMINSIND26APR4500PE,0.0,0.0,0.0,600.45,0.0,600.45,4725.8,116.05,0,0,0,0.0,0,F1,200,,,,,
2026-02-18,2026-02-18,FO,NSE,STO,89344,,CUMMINSIND,,2026-02-24,2026-02-24,3850.0,CE,CUMMINSIND26FEB3850CE,0.0,0.0,0.0,270.05,270.05,270.05,4725.8,879.3,3600,0,0,0.0,0,F1,200,,,,,
2026-02-18,2026-02-18,FO,NSE,STO,87550,,CUMMINSIND,,2026-02-24,2026-02-24,4200.0,CE,CUMMINSIND26FEB4200CE,459.1,570.0,451.5,540.0,540.0,396.65,4725.8,529.6,36400,-1600,22,20760840.0,21,F1,200,,,,,
2026-02-18,2026-02-18,FO,NSE,STO,89456,,CUMMINSIND,,2026-03-30,2026-03-30,3800.0,CE,CUMMINSIND26MAR3800CE,970.0,990.0,970.0,990.0,990.0,765.0,4725.8,949.8,3600,600,5,4781400.0,5,F1,200,,,,,
2026-02-18,2026-02-18,FO,NSE,STO,89457,,CUMMINSIND,,2026-03-30,2026-03-30,3800.0,PE,CUMMINSIND26MAR3800PE,6.0,7.0,5.0,5.0,5.0,8.95,4725.8,1.15,10400,-200,13,9894280.0,12,F1,200,,,,,
2026-02-18,2026-02-18,FO,NSE,STO,89525,,CUMMINSIND,,2026-03-30,2026-03-30,4900.0,PE,CUMMINSIND26MAR4900PE,0.0,0.0,0.0,571.85,0.0,571.85,4725.8,262.05,0,0,0,0.0,0,F1,200,,,,,
2026-02-18,2026-02-18,FO,NSE,STO,89521,,CUMMINSIND,,2026-03-30,2026-03-30,4700.0,PE,CUMMINSIND26MAR4700PE,145.0,145.0,122.9,135.2,138.0,433.6,4725.8,135.2,9800,9800,111,107282050.0,95,F1,200,,,,,
2026-02-18,2026-02-18,FO,NSE,STO,87553,,CUMMINSIND,,2026-02-24,2026-02-24,4300.0,PE,CUMMINSIND26FEB4300PE,6.5,6.5,3.05,3.55,3.45,7.2,4725.8,3.55,76600,-29000,840,723080480.0,641,F1,200,,,,,
2026-02-18,2026-02-18,FO,NSE,STO,101952,,CUMMINSIND,,2026-03-30,2026-03-30,4950.0,CE,CUMMINSIND26MAR4950CE,0.0,0.0,0.0,14.6,0.0,14.6,4725.8,100.55,0,0,0,0.0,0,F1,200,,,,,
2026-02-18,2026-02-18,FO,NSE,STO,89524,,CUMMINSIND,,2026-03-30,2026-03-30,4900.0,CE,CUMMINSIND26MAR4900CE,0.0,0.0,0.0,134.35,0.0,134.35,4725.8,117.3,0,0,0,0.0,0,F1,200,,,,,
2026-02-18,2026-02-18,FO,NSE,STO,89422,,CUMMINSIND,,2026-03-30,2026-03-30,3300.0,CE,CUMMINSIND26MAR3300CE,0.0,0.0,0.0,1147.5,0.0,1147.5,4725.8,1445.65,0,0,0,0.0,0,F1,200,,,,,
2026-02-18,2026-02-18,FO,NSE,STO,87582,,CUMMINSIND,,2026-02-24,2026-02-24,5300.0,CE,CUMMINSIND26FEB5300CE,2.0,4.05,2.0,2.2,2.0,54.1,4725.8,2.2,18000,18000,524,555753550.0,448,F1,200,,,,,
2026-02-18,2026-02-18,FO,NSE,STO,87578,,CUMMINSIND,,2026-02-24,2026-02-24,5100.0,CE,CUMMINSIND26FEB5100CE,2.9,9.75,2.9,5.8,5.1,81.35,4725.8,5.8,39000,39000,1418,1448318100.0,1149,F1,200,,,,,
2026-02-18,2026-02-18,FO,NSE,STO,89370,,CUMMINSIND,,2026-02-24,2026-02-24,4950.0,CE,CUMMINSIND26FEB4950CE,6.05,24.0,3.55,12.9,12.35,3.4,4725.8,12.9,63600,45000,3969,3942450330.0,3525,F1,200,,,,,
2026-02-18,2026-02-18,FO,NSE,STO,89350,,CUMMINSIND,,2026-02-24,2026-02-24,4150.0,CE,CUMMINSIND26FEB4150CE,547.35,582.45,547.35,582.45,582.45,449.95,4725.8,579.55,11200,-400,6,5656330.0,6,F1,200,,,,,
2026-02-18,2026-02-18,FO,NSE,STO,101940,,CUMMINSIND,,2026-03-30,2026-03-30,4350.0,PE,CUMMINSIND26MAR4350PE,0.0,0.0,0.0,463.75,0.0,463.75,4725.8,39.6,0,0,0,0.0,0,F1,200,,,,,
2026-02-18,2026-02-18,FO,NSE,STO,102297,,CUMMINSIND,,2026-04-28,2026-04-28,4700.0,PE,CUMMINSIND26APR4700PE,0.0,0.0,0.0,762.45,0.0,762.45,4725.8,196.3,0,0,0,0.0,0,F1,200,,,,,
2026-02-18,2026-02-18,FO,NSE,STO,102341,,CUMMINSIND,,2026-04-28,2026-04-28,5100.0,PE,CUMMINSIND26APR5100PE,0.0,0.0,0.0,1117.6,0.0,1117.6,4725.8,435.3,0,0,0,0.0,0,F1,200,,,,,
2026-02-18,2026-02-18,FO,NSE,STO,89878,,CUMMINSIND,,2026-03-30,2026-03-30,5300.0,PE,CUMMINSIND26MAR5300PE,0.0,0.0,0.0,892.25,0.0,892.25,4725.8,571.45,0,0,0,0.0,0,F1,200,,,,,
2026-02-18,2026-02-18,FO,NSE,STF,59301,,CUMMINSIND,,2026-02-24,2026-02-24,,,CUMMINSIND26FEBFUT,4607.1,4779.9,4597.1,4738.1,4733.5,4594.9,4725.8,4738.1,3275800,-10400,6921,6522933320.0,6240,F1,200,,,,,
2026-02-18,2026-02-18,FO,NSE,STO,89352,,CUMMINSIND,,2026-02-24,2026-02-24,4250.0,CE,CUMMINSIND26FEB4250CE,410.0,410.0,405.7,405.7,405.7,330.75,4725.8,479.7,19600,-600,3,2794300.0,3,F1,200,,,,,
2026-02-18,2026-02-18,FO,NSE,STO,101899,,CUMMINSIND,,2026-03-30,2026-03-30,3850.0,CE,CUMMINSIND26MAR3850CE,0.0,0.0,0.0,278.65,0.0,278.65,4725.8,900.7,0,0,0,0.0,0,F1,200,,,,,
2026-02-18,2026-02-18,FO,NSE,STO,89458,,CUMMINSIND,,2026-03-30,2026-03-30,3900.0,CE,CUMMINSIND26MAR3900CE,0.0,0.0,0.0,550.0,550.0,550.0,4725.8,851.85,200,0,0,0.0,0,F1,200,,,,,
2026-02-18,2026-02-18,FO,NSE,STO,101947,,CUMMINSIND,,2026-03-30,2026-03-30,4750.0,CE,CUMMINSIND26MAR4750CE,166.55,183.35,149.85,168.5,161.05,63.0,4725.8,168.5,3600,2600,35,34456000.0,31,F1,200,,,,,
2026-02-18,2026-02-18,FO,NSE,STO,89339,,CUMMINSIND,,2026-02-24,2026-02-24,3550.0,PE,CUMMINSIND26FEB3550PE,0.0,0.0,0.0,9.6,0.0,9.6,4725.8,0.05,0,0,0,0.0,0,F1,200,,,,,
2026-02-18,2026-02-18,FO,NSE,STO,87581,,CUMMINSIND,,2026-02-24,2026-02-24,5200.0,PE,CUMMINSIND26FEB5200PE,0.0,0.0,0.0,876.85,0.0,876.85,4725.8,469.75,0,0,0,0.0,0,F1,200,,,,,
2026-02-18,2026-02-18,FO,NSE,STO,101894,,CUMMINSIND,,2026-03-30,2026-03-30,3550.0,PE,CUMMINSIND26MAR3550PE,0.0,0.0,0.0,61.5,0.0,61.5,4725.8,0.1,0,0,0,0.0,0,F1,200,,,,,
2026-02-18,2026-02-18,FO,NSE,STO,87544,,CUMMINSIND,,2026-02-24,2026-02-24,4000.0,CE,CUMMINSIND26FEB4000CE,0.0,0.0,0.0,603.1,609.05,603.1,4725.8,729.4,23400,0,0,0.0,0,F1,200,,,,,
2026-02-18,2026-02-18,FO,NSE,STO,87536,,CUMMINSIND,,2026-02-24,2026-02-24,3600.0,CE,CUMMINSIND26FEB3600CE,1056.65,1056.65,1056.65,1056.65,1056.65,922.2,4725.8,1129.05,1200,0,3,2793990.0,1,F1,200,,,,,
2026-02-18,2026-02-18,FO,NSE,STO,87540,,CUMMINSIND,,2026-02-24,2026-02-24,3800.0,CE,CUMMINSIND26FEB3800CE,0.0,0.0,0.0,715.0,715.0,715.0,4725.8,929.25,22200,0,0,0.0,0,F1,200,,,,,
2026-02-18,2026-02-18,FO,NSE,STO,102337,,CUMMINSIND,,2026-04-28,2026-04-28,4900.0,PE,CUMMINSIND26APR4900PE,0.0,0.0,0.0,935.95,0.0,935.95,4725.8,303.35,0,0,0,0.0,0,F1,200,,,,,
2026-02-18,2026-02-18,FO,NSE,STO,101942,,CUMMINSIND,,2026-03-30,2026-03-30,4450.0,PE,CUMMINSIND26MAR4450PE,75.0,75.0,49.15,49.15,49.15,90.0,4725.8,61.45,400,200,6,5407830.0,6,F1,200,,,,,
2026-02-18,2026-02-18,FO,NSE,STO,89483,,CUMMINSIND,,2026-03-30,2026-03-30,4300.0,PE,CUMMINSIND26MAR4300PE,29.0,31.75,29.0,31.75,31.75,70.0,4725.8,31.75,2800,1600,16,13858240.0,13,F1,200,,,,,
2026-02-18,2026-02-18,FO,NSE,STO,101936,,CUMMINSIND,,2026-03-30,2026-03-30,4250.0,PE,CUMMINSIND26MAR4250PE,0.0,0.0,0.0,390.3,0.0,390.3,4725.8,24.2,0,0,0,0.0,0,F1,200,,,,,
2026-02-18,2026-02-18,FO,NSE,STO,89451,,CUMMINSIND,,2026-03-30,2026-03-30,3500.0,PE,CUMMINSIND26MAR3500PE,2.6,2.6,2.6,2.6,2.6,28.1,4725.8,0.05,600,0,1,700520.0,1,F1,200,,,,,
2026-02-18,2026-02-18,FO,NSE,STO,89425,,CUMMINSIND,,2026-03-30,2026-03-30,3400.0,PE,CUMMINSIND26MAR3400PE,0.0,0.0,0.0,13.8,0.0,13.8,4725.8,0.05,0,0,0,0.0,0,F1,200,,,,,
2026-02-18,2026-02-18,FO,NSE,STO,89369,,CUMMINSIND,,2026-02-24,2026-02-24,4850.0,PE,CUMMINSIND26FEB4850PE,124.4,139.05,124.4,135.95,136.0,587.9,4725.8,135.95,1600,1600,18,17944030.0,18,F1,200,,,,,
2026-02-18,2026-02-18,FO,NSE,STO,87564,,CUMMINSIND,,2026-02-24,2026-02-24,4500.0,PE,CUMMINSIND26FEB4500PE,28.4,28.4,7.75,8.65,9.0,30.5,4725.8,8.65,187600,66400,4157,3750929810.0,3226,F1,200,,,,,
2026-02-18,2026-02-18,FO,NSE,STO,87551,,CUMMINSIND,,2026-02-24,2026-02-24,4200.0,PE,CUMMINSIND26FEB4200PE,3.05,4.0,2.25,2.5,2.25,4.9,4725.8,2.5,100600,13800,607,510224200.0,474,F1,200,,,,,
2026-02-18,2026-02-18,FO,NSE,STO,87543,,CUMMINSIND,,2026-02-24,2026-02-24,3900.0,PE,CUMMINSIND26FEB3900PE,1.4,2.95,1.25,2.0,2.0,2.3,4725.8,2.0,54400,-400,110,85839320.0,77,F1,200,,,,,
2026-02-18,2026-02-18,FO,NSE,STO,87541,,CUMMINSIND,,2026-02-24,2026-02-24,3800.0,PE,CUMMINSIND26FEB3800PE,1.3,1.55,1.2,1.3,1.35,1.7,4725.8,1.3,57400,-2600,39,29650370.0,28,F1,200,,,,,
2026-02-18,2026-02-18,FO,NSE,STO,87531,,CUMMINSIND,,2026-02-24,2026-02-24,3300.0,PE,CUMMINSIND26FEB3300PE,0.25,0.6,0.25,0.25,0.25,0.4,4725.8,0.25,41200,-1600,25,16502560.0,13,F1,200,,,,,
2026-02-18,2026-02-18,FO,NSE,STO,89484,,CUMMINSIND,,2026-03-30,2026-03-30,4400.0,CE,CUMMINSIND26MAR4400CE,340.0,425.3,325.75,410.0,410.0,302.0,4725.8,401.85,3200,-800,15,14346570.0,14,F1,200,,,,,
2026-02-18,2026-02-18,FO,NSE,STO,89424,,CUMMINSIND,,2026-03-30,2026-03-30,3400.0,CE,CUMMINSIND26MAR3400CE,0.0,0.0,0.0,1054.05,0.0,1054.05,4725.8,1346.25,0,0,0,0.0,0,F1,200,,,,,
2026-02-18,2026-02-18,FO,NSE,STO,87572,,CUMMINSIND,,2026-02-24,2026-02-24,4800.0,CE,CUMMINSIND26FEB4800CE,10.6,64.8,8.3,40.65,39.05,9.65,4725.8,40.65,188000,112600,21982,21296013790.0,17135,F1,200,,,,,
2026-02-18,2026-02-18,FO,NSE,STO,87565,,CUMMINSIND,,2026-02-24,2026-02-24,4600.0,CE,CUMMINSIND26FEB4600CE,64.5,193.95,60.4,157.9,154.0,61.15,4725.8,157.9,52600,-123400,8991,8470135540.0,6871,F1,200,,,,,
2026-02-18,2026-02-18,FO,NSE,STO,101941,,CUMMINSIND,,2026-03-30,2026-03-30,4450.0,CE,CUMMINSIND26MAR4450CE,0.0,0.0,0.0,57.7,57.7,57.7,4725.8,364.0,400,0,0,0.0,0,F1,200,,,,,
2026-02-18,2026-02-18,FO,NSE,STO,102079,,CUMMINSIND,,2026-04-28,2026-04-28,3600.0,CE,CUMMINSIND26APR3600CE,0.0,0.0,0.0,487.5,0.0,487.5,4725.8,1165.0,0,0,0,0.0,0,F1,200,,,,,
2026-02-18,2026-02-18,FO,NSE,STO,102139,,CUMMINSIND,,2026-04-28,2026-04-28,4100.0,CE,CUMMINSIND26APR4100CE,0.0,0.0,0.0,216.05,0.0,216.05,4725.8,696.75,0,0,0,0.0,0,F1,200,,,,,
2026-02-18,2026-02-18,FO,NSE,STO,102289,,CUMMINSIND,,2026-04-28,2026-04-28,4600.0,CE,CUMMINSIND26APR4600CE,0.0,0.0,0.0,78.5,0.0,78.5,4725.8,326.2,0,0,0,0.0,0,F1,200,,,,,
2026-02-18,2026-02-18,FO,NSE,STO,102298,,CUMMINSIND,,2026-04-28,2026-04-28,4800.0,CE,CUMMINSIND26APR4800CE,0.0,0.0,0.0,49.8,0.0,49.8,4725.8,221.95,0,0,0,0.0,0,F1,200,,,,,
2026-02-18,2026-02-18,FO,NSE,STO,87533,,CUMMINSIND,,2026-02-24,2026-02-24,3400.0,PE,CUMMINSIND26FEB3400PE,0.65,1.1,0.65,1.1,1.1,1.0,4725.8,0.05,5200,1800,19,12923250.0,11,F1,200,,,,,
2026-02-18,2026-02-18,FO,NSE,STO,87537,,CUMMINSIND,,2026-02-24,2026-02-24,3600.0,PE,CUMMINSIND26FEB3600PE,0.75,1.1,0.25,1.1,1.1,0.8,4725.8,0.05,42000,-400,8,5761520.0,4,F1,200,,,,,
2026-02-18,2026-02-18,FO,NSE,STO,89461,,CUMMINSIND,,2026-03-30,2026-03-30,3900.0,PE,CUMMINSIND26MAR3900PE,7.55,7.55,7.55,7.55,7.55,88.55,4725.8,2.6,1000,0,2,1563020.0,2,F1,200,,,,,
2026-02-18,2026-02-18,FO,NSE,STO,101902,,CUMMINSIND,,2026-03-30,2026-03-30,3950.0,PE,CUMMINSIND26MAR3950PE,0.0,0.0,0.0,56.0,56.0,56.0,4725.8,3.8,400,0,0,0.0,0,F1,200,,,,,
2026-02-18,2026-02-18,FO,NSE,STO,101946,,CUMMINSIND,,2026-03-30,2026-03-30,4650.0,PE,CUMMINSIND26MAR4650PE,120.0,120.0,107.85,113.0,113.0,710.6,4725.8,128.8,1400,1400,12,11428090.0,12,F1,200,,,,,
2026-02-18,2026-02-18,FO,NSE,STO,101948,,CUMMINSIND,,2026-03-30,2026-03-30,4750.0,PE,CUMMINSIND26MAR4750PE,156.95,169.85,156.95,167.7,169.85,799.7,4725.8,167.7,600,600,3,2948470.0,3,F1,200,,,,,
2026-02-18,2026-02-18,FO,NSE,STO,102115,,CUMMINSIND,,2026-04-28,2026-04-28,3600.0,PE,CUMMINSIND26APR3600PE,0.0,0.0,0.0,104.1,0.0,104.1,4725.8,1.95,0,0,0,0.0,0,F1,200,,,,,
2026-02-18,2026-02-18,FO,NSE,STO,102292,,CUMMINSIND,,2026-04-28,2026-04-28,4600.0,PE,CUMMINSIND26APR4600PE,0.0,0.0,0.0,679.75,0.0,679.75,4725.8,152.8,0,0,0,0.0,0,F1,200,,,,,
2026-02-18,2026-02-18,FO,NSE,STO,87554,,CUMMINSIND,,2026-02-24,2026-02-24,4400.0,CE,CUMMINSIND26FEB4400CE,226.35,370.0,226.35,344.25,334.65,206.4,4725.8,344.25,57000,-9000,120,112718590.0,108,F1,200,,,,,
2026-02-18,2026-02-18,FO,NSE,STO,87532,,CUMMINSIND,,2026-02-24,2026-02-24,3400.0,CE,CUMMINSIND26FEB3400CE,1341.3,1341.3,1341.3,1341.3,1341.3,966.5,4725.8,1341.3,1200,0,3,2844780.0,1,F1,200,,,,,
2026-02-18,2026-02-18,FO,NSE,STO,87563,,CUMMINSIND,,2026-02-24,2026-02-24,4500.0,CE,CUMMINSIND26FEB4500CE,128.75,281.0,128.7,248.5,246.7,121.85,4725.8,248.5,73200,-14000,710,666464740.0,638,F1,200,,,,,
2026-02-18,2026-02-18,FO,NSE,STO,101963,,CUMMINSIND,,2026-03-30,2026-03-30,5050.0,PE,CUMMINSIND26MAR5050PE,0.0,0.0,0.0,1079.3,0.0,1079.3,4725.8,366.45,0,0,0,0.0,0,F1,200,,,,,
2026-02-18,2026-02-18,FO,NSE,STO,89474,,CUMMINSIND,,2026-03-30,2026-03-30,4200.0,PE,CUMMINSIND26MAR4200PE,36.0,39.05,20.55,22.1,22.0,30.1,4725.8,22.1,7400,5600,50,42228720.0,39,F1,200,,,,,
2026-02-18,2026-02-18,FO,NSE,STO,89455,,CUMMINSIND,,2026-03-30,2026-03-30,3700.0,PE,CUMMINSIND26MAR3700PE,0.0,0.0,0.0,43.75,0.0,43.75,4725.8,0.5,0,0,0,0.0,0,F1,200,,,,,
2026-02-18,2026-02-18,FO,NSE,STO,89346,,CUMMINSIND,,2026-02-24,2026-02-24,3950.0,CE,CUMMINSIND26FEB3950CE,0.0,0.0,0.0,650.3,650.3,650.3,4725.8,779.35,4800,0,0,0.0,0,F1,200,,,,,
2026-02-18,2026-02-18,FO,NSE,STO,87530,,CUMMINSIND,,2026-02-24,2026-02-24,3300.0,CE,CUMMINSIND26FEB3300CE,0.0,0.0,0.0,1074.4,0.0,1074.4,4725.8,1428.8,0,0,0,0.0,0,F1,200,,,,,
2026-02-18,2026-02-18,FO,NSE,STO,102339,,CUMMINSIND,,2026-04-28,2026-04-28,5000.0,PE,CUMMINSIND26APR5000PE,0.0,0.0,0.0,1025.95,0.0,1025.95,4725.8,366.45,0,0,0,0.0,0,F1,200,,,,,
2026-02-18,2026-02-18,FO,NSE,STO,102146,,CUMMINSIND,,2026-04-28,2026-04-28,4300.0,PE,CUMMINSIND26APR4300PE,0.0,0.0,0.0,453.15,0.0,453.15,4725.8,61.45,0,0,0,0.0,0,F1,200,,,,,
2026-02-18,2026-02-18,FO,NSE,STO,89465,,CUMMINSIND,,2026-03-30,2026-03-30,4100.0,PE,CUMMINSIND26MAR4100PE,21.0,21.0,13.05,14.1,14.1,24.2,4725.8,10.3,4800,-3000,37,30451840.0,18,F1,200,,,,,
2026-02-18,2026-02-18,FO,NSE,STO,101898,,CUMMINSIND,,2026-03-30,2026-03-30,3750.0,PE,CUMMINSIND26MAR3750PE,4.5,4.7,4.5,4.7,4.7,16.0,4725.8,0.75,3000,0,4,3003700.0,4,F1,200,,,,,
2026-02-18,2026-02-18,FO,NSE,STO,87571,,CUMMINSIND,,2026-02-24,2026-02-24,4700.0,PE,CUMMINSIND26FEB4700PE,94.65,102.65,40.0,46.25,48.0,135.45,4725.8,46.25,154800,151800,8263,7850838590.0,6028,F1,200,,,,,
2026-02-18,2026-02-18,FO,NSE,STO,87566,,CUMMINSIND,,2026-02-24,2026-02-24,4600.0,PE,CUMMINSIND26FEB4600PE,64.35,64.35,16.1,18.75,20.4,68.45,4725.8,18.75,105000,72600,6028,5577180050.0,4950,F1,200,,,,,
2026-02-18,2026-02-18,FO,NSE,STO,89361,,CUMMINSIND,,2026-02-24,2026-02-24,4550.0,PE,CUMMINSIND26FEB4550PE,47.0,47.0,11.1,12.15,13.15,46.85,4725.8,12.15,84200,7400,4685,4277140060.0,3051,F1,200,,,,,
2026-02-18,2026-02-18,FO,NSE,STO,89357,,CUMMINSIND,,2026-02-24,2026-02-24,4450.0,PE,CUMMINSIND26FEB4450PE,8.5,17.15,5.7,6.3,6.45,19.85,4725.8,6.3,59400,16000,2527,2253388260.0,2207,F1,200,,,,,
2026-02-18,2026-02-18,FO,NSE,STO,87555,,CUMMINSIND,,2026-02-24,2026-02-24,4400.0,PE,CUMMINSIND26FEB4400PE,11.0,12.65,3.9,5.1,4.95,13.3,4725.8,5.1,135000,-2000,2348,2069199800.0,1736,F1,200,,,,,
2026-02-18,2026-02-18,FO,NSE,STO,87549,,CUMMINSIND,,2026-02-24,2026-02-24,4100.0,PE,CUMMINSIND26FEB4100PE,3.0,3.1,1.8,2.2,2.2,3.55,4725.8,2.2,89800,-14800,423,347048600.0,305,F1,200,,,,,
2026-02-18,2026-02-18,FO,NSE,STO,89341,,CUMMINSIND,,2026-02-24,2026-02-24,3650.0,PE,CUMMINSIND26FEB3650PE,0.0,0.0,0.0,2.55,2.55,2.55,4725.8,0.05,3800,0,0,0.0,0,F1,200,,,,,
2026-02-18,2026-02-18,FO,NSE,STO,87535,,CUMMINSIND,,2026-02-24,2026-02-24,3500.0,PE,CUMMINSIND26FEB3500PE,0.6,1.05,0.6,1.05,1.05,0.95,4725.8,0.05,8800,-600,11,7701770.0,10,F1,200,,,,,
2026-02-18,2026-02-18,FO,NSE,STO,102340,,CUMMINSIND,,2026-04-28,2026-04-28,5100.0,CE,CUMMINSIND26APR5100CE,0.0,0.0,0.0,24.05,0.0,24.05,4725.8,113.85,0,0,0,0.0,0,F1,200,,,,,
2026-02-18,2026-02-18,FO,NSE,STO,102133,,CUMMINSIND,,2026-04-28,2026-04-28,4000.0,CE,CUMMINSIND26APR4000CE,0.0,0.0,0.0,258.5,0.0,258.5,4725.8,785.55,0,0,0,0.0,0,F1,200,,,,,
2026-02-18,2026-02-18,FO,NSE,STO,101962,,CUMMINSIND,,2026-03-30,2026-03-30,5050.0,CE,CUMMINSIND26MAR5050CE,0.0,0.0,0.0,10.4,0.0,10.4,4725.8,72.6,0,0,0,0.0,0,F1,200,,,,,
2026-02-18,2026-02-18,FO,NSE,STO,89520,,CUMMINSIND,,2026-03-30,2026-03-30,4700.0,CE,CUMMINSIND26MAR4700CE,141.45,222.8,141.45,197.4,195.85,120.55,4725.8,197.4,31200,23200,670,654224980.0,555,F1,200,,,,,
2026-02-18,2026-02-18,FO,NSE,STO,101905,,CUMMINSIND,,2026-03-30,2026-03-30,4150.0,CE,CUMMINSIND26MAR4150CE,0.0,0.0,0.0,175.6,175.6,175.6,4725.8,614.65,200,0,0,0.0,0,F1,200,,,,,
2026-02-18,2026-02-18,FO,NSE,STO,101903,,CUMMINSIND,,2026-03-30,2026-03-30,4050.0,CE,CUMMINSIND26MAR4050CE,0.0,0.0,0.0,247.55,247.55,247.55,4725.8,707.65,200,0,0,0.0,0,F1,200,,,,,
2026-02-18,2026-02-18,FO,NSE,STO,101897,,CUMMINSIND,,2026-03-30,2026-03-30,3750.0,CE,CUMMINSIND26MAR3750CE,0.0,0.0,0.0,337.7,0.0,337.7,4725.8,999.1,0,0,0,0.0,0,F1,200,,,,,
2026-02-18,2026-02-18,FO,NSE,STO,101895,,CUMMINSIND,,2026-03-30,2026-03-30,3650.0,CE,CUMMINSIND26MAR3650CE,0.0,0.0,0.0,404.1,0.0,404.1,4725.8,1098.05,0,0,0,0.0,0,F1,200,,,,,
2026-02-18,2026-02-18,FO,NSE,STO,89372,,CUMMINSIND,,2026-02-24,2026-02-24,5050.0,CE,CUMMINSIND26FEB5050CE,4.0,12.95,3.05,7.6,6.85,51.2,4725.8,7.6,24200,24200,729,737607480.0,652,F1,200,,,,,
2026-02-18,2026-02-18,FO,NSE,STO,102119,,CUMMINSIND,,2026-04-28,2026-04-28,3800.0,PE,CUMMINSIND26APR3800PE,0.0,0.0,0.0,174.5,0.0,174.5,4725.8,6.65,0,0,0,0.0,0,F1,200,,,,,
2026-02-18,2026-02-18,FO,NSE,STO,101944,,CUMMINSIND,,2026-03-30,2026-03-30,4550.0,PE,CUMMINSIND26MAR4550PE,99.3,99.3,91.3,91.3,91.3,624.5,4725.8,90.9,400,400,2,1858120.0,2,F1,200,,,,,
2026-02-18,2026-02-18,FO,NSE,STO,89463,,CUMMINSIND,,2026-03-30,2026-03-30,4000.0,PE,CUMMINSIND26MAR4000PE,17.0,17.0,10.0,11.95,11.95,17.05,4725.8,11.95,12400,-400,41,32902130.0,33,F1,200,,,,,
2026-02-18,2026-02-18,FO,NSE,STO,89423,,CUMMINSIND,,2026-03-30,2026-03-30,3300.0,PE,CUMMINSIND26MAR3300PE,0.0,0.0,0.0,8.75,0.0,8.75,4725.8,0.05,0,0,0,0.0,0,F1,200,,,,,
2026-02-18,2026-02-18,FO,NSE,STO,87579,,CUMMINSIND,,2026-02-24,2026-02-24,5100.0,PE,CUMMINSIND26FEB5100PE,0.0,0.0,0.0,1160.0,1160.0,1160.0,4725.8,370.9,600,0,0,0.0,0,F1,200,,,,,
2026-02-18,2026-02-18,FO,NSE,STO,87577,,CUMMINSIND,,2026-02-24,2026-02-24,5000.0,PE,CUMMINSIND26FEB5000PE,279.95,279.95,255.0,264.15,264.15,464.55,4725.8,274.65,400,200,4,4213240.0,4,F1,200,,,,,
2026-02-18,2026-02-18,FO,NSE,STO,102075,,CUMMINSIND,,2026-04-28,2026-04-28,3500.0,CE,CUMMINSIND26APR3500CE,0.0,0.0,0.0,559.2,0.0,559.2,4725.8,1263.0,0,0,0,0.0,0,F1,200,,,,,
2026-02-18,2026-02-18,FO,NSE,STO,89877,,CUMMINSIND,,2026-03-30,2026-03-30,5300.0,CE,CUMMINSIND26MAR5300CE,30.0,32.0,26.0,27.25,27.9,60.6,4725.8,27.25,9400,9400,108,115096550.0,89,F1,200,,,,,
2026-02-18,2026-02-18,FO,NSE,STO,89354,,CUMMINSIND,,2026-02-24,2026-02-24,4350.0,CE,CUMMINSIND26FEB4350CE,305.0,393.0,305.0,393.0,393.0,252.85,4725.8,393.0,15800,-600,5,4699230.0,5,F1,200,,,,,
2026-02-18,2026-02-18,FO,NSE,STO,87552,,CUMMINSIND,,2026-02-24,2026-02-24,4300.0,CE,CUMMINSIND26FEB4300CE,385.0,468.6,385.0,448.0,448.0,293.5,4725.8,448.0,38200,-2400,23,21812690.0,23,F1,200,,,,,
2026-02-18,2026-02-18,FO,NSE,STO,87538,,CUMMINSIND,,2026-02-24,2026-02-24,3700.0,CE,CUMMINSIND26FEB3700CE,0.0,0.0,0.0,725.8,0.0,725.8,4725.8,1029.15,0,0,0,0.0,0,F1,200,,,,,
2026-02-18,2026-02-18,FO,NSE,STO,89347,,CUMMINSIND,,2026-02-24,2026-02-24,3950.0,PE,CUMMINSIND26FEB3950PE,1.5,2.3,1.5,2.0,2.0,2.5,4725.8,0.05,25000,-600,5,3951960.0,5,F1,200,,,,,
2026-02-18,2026-02-18,FO,NSE,STO,102264,,CUMMINSIND,,2026-04-28,2026-04-28,4500.0,CE,CUMMINSIND26APR4500CE,0.0,0.0,0.0,97.7,0.0,97.7,4725.8,388.35,0,0,0,0.0,0,F1,200,,,,,
2026-02-18,2026-02-18,FO,NSE,STO,89696,,CUMMINSIND,,2026-03-30,2026-03-30,5100.0,CE,CUMMINSIND26MAR5100CE,0.0,0.0,0.0,91.3,0.0,91.3,4725.8,61.15,0,0,0,0.0,0,F1,200,,,,,
2026-02-18,2026-02-18,FO,NSE,STO,89489,,CUMMINSIND,,2026-03-30,2026-03-30,4400.0,PE,CUMMINSIND26MAR4400PE,70.0,70.0,42.0,45.75,46.85,80.0,4725.8,45.75,11200,5000,88,78344820.0,83,F1,200,,,,,
2026-02-18,2026-02-18,FO,NSE,STO,87542,,CUMMINSIND,,2026-02-24,2026-02-24,3900.0,CE,CUMMINSIND26FEB3900CE,0.0,0.0,0.0,500.9,500.9,500.9,4725.8,829.3,9600,0,0,0.0,0,F1,200,,,,,
2026-02-18,2026-02-18,FO,NSE,STO,89360,,CUMMINSIND,,2026-02-24,2026-02-24,4550.0,CE,CUMMINSIND26FEB4550CE,92.7,230.5,92.65,201.35,192.95,88.25,4725.8,201.35,24000,-17000,525,493791910.0,510,F1,200,,,,,
2026-02-18,2026-02-18,FO,NSE,STO,89364,,CUMMINSIND,,2026-02-24,2026-02-24,4650.0,CE,CUMMINSIND26FEB4650CE,40.85,151.65,40.8,117.95,115.8,40.5,4725.8,117.95,28200,-7800,4782,4530964500.0,4051,F1,200,,,,,
2026-02-18,2026-02-18,FO,NSE,STO,101934,,CUMMINSIND,,2026-03-30,2026-03-30,4250.0,CE,CUMMINSIND26MAR4250CE,0.0,0.0,0.0,113.05,0.0,113.05,4725.8,525.5,0,0,0,0.0,0,F1,200,,,,,
2026-02-18,2026-02-18,FO,NSE,STO,89490,,CUMMINSIND,,2026-03-30,2026-03-30,4500.0,CE,CUMMINSIND26MAR4500CE,269.8,345.0,255.0,330.95,330.95,219.75,4725.8,330.95,20800,10000,88,84889690.0,59,F1,200,,,,,
2026-02-18,2026-02-18,FO,NSE,STO,102309,,CUMMINSIND,,2026-04-28,2026-04-28,4800.0,PE,CUMMINSIND26APR4800PE,0.0,0.0,0.0,848.0,0.0,848.0,4725.8,246.5,0,0,0,0.0,0,F1,200,,,,,
2026-02-18,2026-02-18,FO,NSE,STO,102140,,CUMMINSIND,,2026-04-28,2026-04-28,4100.0,PE,CUMMINSIND26APR4100PE,0.0,0.0,0.0,324.95,0.0,324.95,4725.8,28.55,0,0,0,0.0,0,F1,200,,,,,
2026-02-18,2026-02-18,FO,NSE,STO,102138,,CUMMINSIND,,2026-04-28,2026-04-28,4000.0,PE,CUMMINSIND26APR4000PE,0.0,0.0,0.0,268.95,0.0,268.95,4725.8,18.35,0,0,0,0.0,0,F1,200,,,,,
2026-02-18,2026-02-18,FO,NSE,STO,101904,,CUMMINSIND,,2026-03-30,2026-03-30,4050.0,PE,CUMMINSIND26MAR4050PE,0.0,0.0,0.0,261.6,0.0,261.6,4725.8,7.5,0,0,0,0.0,0,F1,200,,,,,
2026-02-18,2026-02-18,FO,NSE,STO,89371,,CUMMINSIND,,2026-02-24,2026-02-24,4950.0,PE,CUMMINSIND26FEB4950PE,0.0,0.0,0.0,581.55,0.0,581.55,4725.8,228.75,0,0,0,0.0,0,F1,200,,,,,
2026-02-18,2026-02-18,FO,NSE,STO,89365,,CUMMINSIND,,2026-02-24,2026-02-24,4650.0,PE,CUMMINSIND26FEB4650PE,76.45,76.45,25.15,29.35,32.0,97.85,4725.8,29.35,66000,58200,3633,3405429560.0,3038,F1,200,,,,,
2026-02-18,2026-02-18,FO,NSE,STO,89355,,CUMMINSIND,,2026-02-24,2026-02-24,4350.0,PE,CUMMINSIND26FEB4350PE,6.2,7.55,3.8,4.1,4.1,9.15,4725.8,4.1,40600,-43000,733,638491090.0,520,F1,200,,,,,
2026-02-18,2026-02-18,FO,NSE,STO,89349,,CUMMINSIND,,2026-02-24,2026-02-24,4050.0,PE,CUMMINSIND26FEB4050PE,2.5,2.5,1.05,2.3,2.3,3.3,4725.8,0.05,13800,-1200,15,12156440.0,12,F1,200,,,,,
2026-02-18,2026-02-18,FO,NSE,STF,51859,,CUMMINSIND,,2026-03-30,2026-03-30,,,CUMMINSIND26MARFUT,4633.7,4803.2,4633.7,4762.1,4760.0,4618.9,4725.8,4762.1,388000,264400,2730,2586261980.0,2430,F1,200,,,,,
2026-02-18,2026-02-18,FO,NSE,STO,89343,,CUMMINSIND,,2026-02-24,2026-02-24,3750.0,PE,CUMMINSIND26FEB3750PE,0.0,0.0,0.0,3.65,3.65,3.65,4725.8,0.05,5200,0,0,0.0,0,F1,200,,,,,
2026-02-18,2026-02-18,FO,NSE,STO,89373,,CUMMINSIND,,2026-02-24,2026-02-24,5050.0,PE,CUMMINSIND26FEB5050PE,0.0,0.0,0.0,664.6,0.0,664.6,4725.8,322.25,0,0,0,0.0,0,F1,200,,,,,
2026-02-18,2026-02-18,FO,NSE,STO,87573,,CUMMINSIND,,2026-02-24,2026-02-24,4800.0,PE,CUMMINSIND26FEB4800PE,169.1,172.3,87.15,101.7,104.75,350.75,4725.8,101.7,16000,15200,883,865336740.0,771,F1,200,,,,,
2026-02-18,2026-02-18,FO,NSE,STO,89367,,CUMMINSIND,,2026-02-24,2026-02-24,4750.0,PE,CUMMINSIND26FEB4750PE,70.0,75.6,60.0,69.75,73.75,374.65,4725.8,69.75,27000,26800,1927,1856993930.0,1636,F1,200,,,,,
2026-02-18,2026-02-18,FO,NSE,STO,89353,,CUMMINSIND,,2026-02-24,2026-02-24,4250.0,PE,CUMMINSIND26FEB4250PE,4.65,5.0,2.75,3.05,3.0,6.15,4725.8,3.05,30600,-800,77,65504580.0,61,F1,200,,,,,
2026-02-18,2026-02-18,FO,NSE,STO,89345,,CUMMINSIND,,2026-02-24,2026-02-24,3850.0,PE,CUMMINSIND26FEB3850PE,0.25,1.3,0.25,0.4,0.4,2.4,4725.8,0.05,7600,-400,3,2310390.0,3,F1,200,,,,,
2026-02-18,2026-02-18,FO,NSE,STO,87529,,CUMMINSIND,,2026-02-24,2026-02-24,3200.0,PE,CUMMINSIND26FEB3200PE,0.7,0.7,0.7,0.7,0.7,0.7,4725.8,0.05,2600,200,1,640140.0,1,F1,200,,,,,
2026-02-18,2026-02-18,FO,NSE,STO,102215,,CUMMINSIND,,2026-04-28,2026-04-28,4400.0,CE,CUMMINSIND26APR4400CE,0.0,0.0,0.0,120.4,0.0,120.4,4725.8,457.05,0,0,0,0.0,0,F1,200,,,,,
2026-02-18,2026-02-18,FO,NSE,STO,102143,,CUMMINSIND,,2026-04-28,2026-04-28,4200.0,CE,CUMMINSIND26APR4200CE,0.0,0.0,0.0,179.1,0.0,179.1,4725.8,611.9,0,0,0,0.0,0,F1,200,,,,,
2026-02-18,2026-02-18,FO,NSE,STO,89475,,CUMMINSIND,,2026-03-30,2026-03-30,4300.0,CE,CUMMINSIND26MAR4300CE,400.0,493.9,400.0,490.2,490.2,321.0,4725.8,482.8,1200,-200,6,5699160.0,6,F1,200,,,,,
2026-02-18,2026-02-18,FO,NSE,STO,101893,,CUMMINSIND,,2026-03-30,2026-03-30,3550.0,CE,CUMMINSIND26MAR3550CE,0.0,0.0,0.0,476.95,0.0,476.95,4725.8,1197.25,0,0,0,0.0,0,F1,200,,,,,
2026-02-18,2026-02-18,FO,NSE,STO,87580,,CUMMINSIND,,2026-02-24,2026-02-24,5200.0,CE,CUMMINSIND26FEB5200CE,1.15,5.9,1.05,3.75,3.4,1.5,4725.8,3.75,330200,320800,8013,8340812780.0,4518,F1,200,,,,,
2026-02-18,2026-02-18,FO,NSE,STO,87570,,CUMMINSIND,,2026-02-24,2026-02-24,4700.0,CE,CUMMINSIND26FEB4700CE,35.0,118.7,25.8,85.65,84.4,25.5,4725.8,85.65,130400,-15800,16135,15390022580.0,13134,F1,200,,,,,
2026-02-18,2026-02-18,FO,NSE,STO,89348,,CUMMINSIND,,2026-02-24,2026-02-24,4050.0,CE,CUMMINSIND26FEB4050CE,0.0,0.0,0.0,529.45,529.45,529.45,4725.8,679.45,25400,0,0,0.0,0,F1,200,,,,,
2026-02-18,2026-02-18,FO,NSE,STO,101953,,CUMMINSIND,,2026-03-30,2026-03-30,4950.0,PE,CUMMINSIND26MAR4950PE,0.0,0.0,0.0,984.5,0.0,984.5,4725.8,295.0,0,0,0,0.0,0,F1,200,,,,,
2026-02-18,2026-02-18,FO,NSE,STO,89697,,CUMMINSIND,,2026-03-30,2026-03-30,5100.0,PE,CUMMINSIND26MAR5100PE,0.0,0.0,0.0,700.0,700.0,700.0,4725.8,404.7,200,0,0,0.0,0,F1,200,,,,,
2026-02-18,2026-02-18,FO,NSE,STO,102074,,CUMMINSIND,,2026-04-28,2026-04-28,3400.0,PE,CUMMINSIND26APR3400PE,0.0,0.0,0.0,55.85,0.0,55.85,4725.8,0.45,0,0,0,0.0,0,F1,200,,,,,
2026-02-18,2026-02-18,FO,NSE,STO,102343,,CUMMINSIND,,2026-04-28,2026-04-28,5200.0,PE,CUMMINSIND26APR5200PE,0.0,0.0,0.0,1210.7,0.0,1210.7,4725.8,509.45,0,0,0,0.0,0,F1,200,,,,,
2026-02-18,2026-02-18,FO,NSE,STO,89497,,CUMMINSIND,,2026-03-30,2026-03-30,4500.0,PE,CUMMINSIND26MAR4500PE,95.0,95.0,60.1,66.7,69.45,109.4,4725.8,66.7,39800,33200,308,281392380.0,292,F1,200,,,,,
2026-02-18,2026-02-18,FO,NSE,STO,101900,,CUMMINSIND,,2026-03-30,2026-03-30,3850.0,PE,CUMMINSIND26MAR3850PE,0.0,0.0,0.0,160.1,0.0,160.1,4725.8,1.75,0,0,0,0.0,0,F1,200,,,,,
2026-02-18,2026-02-18,FO,NSE,STO,89707,,CUMMINSIND,,2026-03-30,2026-03-30,5200.0,PE,CUMMINSIND26MAR5200PE,0.0,0.0,0.0,807.7,0.0,807.7,4725.8,485.65,0,0,0,0.0,0,F1,200,,,,,
2026-02-18,2026-02-18,FO,NSE,STO,102216,,CUMMINSIND,,2026-04-28,2026-04-28,4400.0,PE,CUMMINSIND26APR4400PE,0.0,0.0,0.0,524.75,0.0,524.75,4725.8,85.75,0,0,0,0.0,0,F1,200,,,,,
2026-02-18,2026-02-18,FO,NSE,STO,102342,,CUMMINSIND,,2026-04-28,2026-04-28,5200.0,CE,CUMMINSIND26APR5200CE,0.0,0.0,0.0,18.65,0.0,18.65,4725.8,89.0,0,0,0,0.0,0,F1,200,,,,,
2026-02-18,2026-02-18,FO,NSE,STO,102338,,CUMMINSIND,,2026-04-28,2026-04-28,5000.0,CE,CUMMINSIND26APR5000CE,0.0,0.0,0.0,30.8,0.0,30.8,4725.8,143.95,0,0,0,0.0,0,F1,200,,,,,
2026-02-18,2026-02-18,FO,NSE,STO,102120,,CUMMINSIND,,2026-04-28,2026-04-28,3900.0,CE,CUMMINSIND26APR3900CE,0.0,0.0,0.0,306.75,0.0,306.75,4725.8,877.45,0,0,0,0.0,0,F1,200,,,,,
2026-02-18,2026-02-18,FO,NSE,STO,102118,,CUMMINSIND,,2026-04-28,2026-04-28,3800.0,CE,CUMMINSIND26APR3800CE,0.0,0.0,0.0,361.0,0.0,361.0,4725.8,971.75,0,0,0,0.0,0,F1,200,,,,,
2026-02-18,2026-02-18,FO,NSE,STO,102068,,CUMMINSIND,,2026-04-28,2026-04-28,3400.0,CE,CUMMINSIND26APR3400CE,0.0,0.0,0.0,636.2,0.0,636.2,4725.8,1361.4,0,0,0,0.0,0,F1,200,,,,,
2026-02-18,2026-02-18,FO,NSE,STO,91525,,DIVISLAB,,2026-03-30,2026-03-30,5100.0,PE,DIVISLAB26MAR5100PE,0.0,0.0,0.0,20.15,0.0,20.15,6283.5,0.9,0,0,0,0.0,0,F1,100,,,,,
2026-02-18,2026-02-18,FO,NSE,STO,91533,,DIVISLAB,,2026-03-30,2026-03-30,5400.0,PE,DIVISLAB26MAR5400PE,0.0,0.0,0.0,17.5,17.5,17.5,6283.5,6.2,200,0,0,0.0,0,F1,100,,,,,
2026-02-18,2026-02-18,FO,NSE,STO,91580,,DIVISLAB,,2026-03-30,2026-03-30,5800.0,PE,DIVISLAB26MAR5800PE,54.1,54.1,45.0,45.0,45.0,71.8,6283.5,41.8,500,-200,8,4679310.0,7,F1,100,,,,,
2026-02-18,2026-02-18,FO,NSE,STO,104031,,DIVISLAB,,2026-03-30,2026-03-30,6250.0,PE,DIVISLAB26MAR6250PE,0.0,0.0,0.0,231.95,231.95,231.95,6283.5,178.6,1200,0,0,0.0,0,F1,100,,,,,
2026-02-18,2026-02-18,FO,NSE,STO,91600,,DIVISLAB,,2026-03-30,2026-03-30,6500.0,PE,DIVISLAB26MAR6500PE,345.0,345.0,291.75,297.9,304.0,360.0,6283.5,297.9,1200,0,11,7493455.0,11,F1,100,,,,,
2026-02-18,2026-02-18,FO,NSE,STO,91602,,DIVISLAB,,2026-03-30,2026-03-30,6600.0,PE,DIVISLAB26MAR6600PE,0.0,0.0,0.0,440.0,440.0,440.0,6283.5,383.9,300,0,0,0.0,0,F1,100,,,,,
2026-02-18,2026-02-18,FO,NSE,STO,104040,,DIVISLAB,,2026-03-30,2026-03-30,6650.0,PE,DIVISLAB26MAR6650PE,0.0,0.0,0.0,639.75,0.0,639.75,6283.5,419.85,0,0,0,0.0,0,F1,100,,,,,
2026-02-18,2026-02-18,FO,NSE,STO,104212,,DIVISLAB,,2026-04-28,2026-04-28,6700.0,PE,DIVISLAB26APR6700PE,0.0,0.0,0.0,705.9,0.0,705.9,6283.5,494.25,0,0,0,0.0,0,F1,100,,,,,
2026-02-18,2026-02-18,FO,NSE,STO,104221,,DIVISLAB,,2026-04-28,2026-04-28,7200.0,CE,DIVISLAB26APR7200CE,0.0,0.0,0.0,72.35,0.0,72.35,6283.5,48.9,0,0,0,0.0,0,F1,100,,,,,
2026-02-18,2026-02-18,FO,NSE,STO,89027,,DIVISLAB,,2026-02-24,2026-02-24,5400.0,PE,DIVISLAB26FEB5400PE,1.55,1.55,0.9,0.95,0.95,1.8,6283.5,0.05,29100,-3700,141,76156650.0,113,F1,100,,,,,
2026-02-18,2026-02-18,FO,NSE,STO,104032,,DIVISLAB,,2026-03-30,2026-03-30,6350.0,CE,DIVISLAB26MAR6350CE,158.8,185.5,158.8,185.5,185.5,201.55,6283.5,200.05,100,100,2,1304430.0,2,F1,100,,,,,
2026-02-18,2026-02-18,FO,NSE,STO,91593,,DIVISLAB,,2026-03-30,2026-03-30,6200.0,CE,DIVISLAB26MAR6200CE,220.0,269.0,211.55,262.45,253.6,213.3,6283.5,262.45,12000,4100,257,165600460.0,172,F1,100,,,,,
2026-02-18,2026-02-18,FO,NSE,STO,103972,,DIVISLAB,,2026-03-30,2026-03-30,5450.0,CE,DIVISLAB26MAR5450CE,0.0,0.0,0.0,727.9,0.0,727.9,6283.5,874.45,0,0,0,0.0,0,F1,100,,,,,
2026-02-18,2026-02-18,FO,NSE,STO,91444,,DIVISLAB,,2026-02-24,2026-02-24,6550.0,PE,DIVISLAB26FEB6550PE,0.0,0.0,0.0,369.0,0.0,369.0,6283.5,271.7,0,0,0,0.0,0,F1,100,,,,,
2026-02-18,2026-02-18,FO,NSE,STO,89037,,DIVISLAB,,2026-02-24,2026-02-24,5700.0,PE,DIVISLAB26FEB5700PE,5.45,5.45,2.4,2.5,2.6,5.35,6283.5,2.5,25100,-3700,162,92390240.0,122,F1,100,,,,,
2026-02-18,2026-02-18,FO,NSE,STO,89035,,DIVISLAB,,2026-02-24,2026-02-24,5600.0,PE,DIVISLAB26FEB5600PE,2.5,3.2,1.85,2.25,1.85,4.05,6283.5,2.25,12800,-2100,134,75073335.0,76,F1,100,,,,,
2026-02-18,2026-02-18,FO,NSE,STO,104199,,DIVISLAB,,2026-04-28,2026-04-28,6200.0,CE,DIVISLAB26APR6200CE,0.0,0.0,0.0,336.25,0.0,336.25,6283.5,357.0,0,0,0,0.0,0,F1,100,,,,,
2026-02-18,2026-02-18,FO,NSE,STO,91599,,DIVISLAB,,2026-03-30,2026-03-30,6500.0,CE,DIVISLAB26MAR6500CE,96.35,128.0,95.65,119.05,115.0,96.1,6283.5,119.05,24700,5200,241,159365985.0,131,F1,100,,,,,
2026-02-18,2026-02-18,FO,NSE,STO,91443,,DIVISLAB,,2026-02-24,2026-02-24,6550.0,CE,DIVISLAB26FEB6550CE,9.2,11.9,7.3,8.1,7.85,9.3,6283.5,8.1,39500,0,268,175801700.0,253,F1,100,,,,,
2026-02-18,2026-02-18,FO,NSE,STO,89091,,DIVISLAB,,2026-02-24,2026-02-24,6400.0,CE,DIVISLAB26FEB6400CE,22.5,32.6,17.95,26.55,24.05,23.45,6283.5,26.55,107500,-14500,3863,2482458800.0,3152,F1,100,,,,,
2026-02-18,2026-02-18,FO,NSE,STO,89028,,DIVISLAB,,2026-02-24,2026-02-24,5500.0,CE,DIVISLAB26FEB5500CE,0.0,0.0,0.0,1059.75,0.0,1059.75,6283.5,788.45,0,0,0,0.0,0,F1,100,,,,,
2026-02-18,2026-02-18,FO,NSE,STO,89023,,DIVISLAB,,2026-02-24,2026-02-24,5300.0,CE,DIVISLAB26FEB5300CE,0.0,0.0,0.0,1230.95,0.0,1230.95,6283.5,988.3,0,0,0,0.0,0,F1,100,,,,,
2026-02-18,2026-02-18,FO,NSE,STF,59305,,DIVISLAB,,2026-02-24,2026-02-24,,,DIVISLAB26FEBFUT,6162.0,6293.0,6161.5,6273.5,6260.0,6189.5,6283.5,6273.5,2953600,-243100,7406,4621501500.0,5254,F1,100,,,,,
2026-02-18,2026-02-18,FO,NSE,STO,91453,,DIVISLAB,,2026-02-24,2026-02-24,6650.0,PE,DIVISLAB26FEB6650PE,0.0,0.0,0.0,430.0,0.0,430.0,6283.5,364.45,0,0,0,0.0,0,F1,100,,,,,
2026-02-18,2026-02-18,FO,NSE,STO,91465,,DIVISLAB,,2026-02-24,2026-02-24,6850.0,PE,DIVISLAB26FEB6850PE,0.0,0.0,0.0,566.0,0.0,566.0,6283.5,560.65,0,0,0,0.0,0,F1,100,,,,,
2026-02-18,2026-02-18,FO,NSE,STO,91531,,DIVISLAB,,2026-03-30,2026-03-30,5300.0,PE,DIVISLAB26MAR5300PE,0.0,0.0,0.0,36.75,0.0,36.75,6283.5,3.45,0,0,0,0.0,0,F1,100,,,,,
2026-02-18,2026-02-18,FO,NSE,STO,104173,,DIVISLAB,,2026-04-28,2026-04-28,5000.0,PE,DIVISLAB26APR5000PE,0.0,0.0,0.0,30.3,0.0,30.3,6283.5,3.65,0,0,0,0.0,0,F1,100,,,,,
2026-02-18,2026-02-18,FO,NSE,STO,104177,,DIVISLAB,,2026-04-28,2026-04-28,5200.0,PE,DIVISLAB26APR5200PE,0.0,0.0,0.0,53.7,0.0,53.7,6283.5,9.4,0,0,0,0.0,0,F1,100,,,,,
2026-02-18,2026-02-18,FO,NSE,STO,104230,,DIVISLAB,,2026-04-28,2026-04-28,7400.0,PE,DIVISLAB26APR7400PE,0.0,0.0,0.0,1281.3,0.0,1281.3,6283.5,1069.7,0,0,0,0.0,0,F1,100,,,,,
2026-02-18,2026-02-18,FO,NSE,STO,104189,,DIVISLAB,,2026-04-28,2026-04-28,5800.0,CE,DIVISLAB26APR5800CE,0.0,0.0,0.0,547.75,0.0,547.75,6283.5,622.95,0,0,0,0.0,0,F1,100,,,,,
2026-02-18,2026-02-18,FO,NSE,STO,89085,,DIVISLAB,,2026-02-24,2026-02-24,6200.0,CE,DIVISLAB26FEB6200CE,73.9,126.0,68.8,112.8,103.5,81.0,6283.5,112.8,153300,-48200,6297,3965963475.0,5022,F1,100,,,,,
2026-02-18,2026-02-18,FO,NSE,STO,91385,,DIVISLAB,,2026-02-24,2026-02-24,6250.0,CE,DIVISLAB26FEB6250CE,57.5,93.9,50.85,81.5,74.8,59.35,6283.5,81.5,58900,-13100,3823,2417856585.0,2991,F1,100,,,,,
2026-02-18,2026-02-18,FO,NSE,STO,91669,,DIVISLAB,,2026-03-30,2026-03-30,7100.0,PE,DIVISLAB26MAR7100PE,0.0,0.0,0.0,790.95,0.0,790.95,6283.5,796.35,0,0,0,0.0,0,F1,100,,,,,
2026-02-18,2026-02-18,FO,NSE,STO,104033,,DIVISLAB,,2026-03-30,2026-03-30,6350.0,PE,DIVISLAB26MAR6350PE,0.0,0.0,0.0,429.15,0.0,429.15,6283.5,228.4,0,0,0,0.0,0,F1,100,,,,,
2026-02-18,2026-02-18,FO,NSE,STO,91590,,DIVISLAB,,2026-03-30,2026-03-30,6000.0,PE,DIVISLAB26MAR6000PE,98.0,101.0,78.5,80.25,81.85,106.0,6283.5,80.25,9700,1700,117,71248670.0,52,F1,100,,,,,
2026-02-18,2026-02-18,FO,NSE,STO,89127,,DIVISLAB,,2026-02-24,2026-02-24,7400.0,PE,DIVISLAB26FEB7400PE,0.0,0.0,0.0,998.85,0.0,998.85,6283.5,1109.8,0,0,0,0.0,0,F1,100,,,,,
2026-02-18,2026-02-18,FO,NSE,STO,91374,,DIVISLAB,,2026-02-24,2026-02-24,5750.0,PE,DIVISLAB26FEB5750PE,7.3,7.3,2.5,2.65,2.65,6.35,6283.5,2.65,5700,-2000,85,48905555.0,69,F1,100,,,,,
2026-02-18,2026-02-18,FO,NSE,STO,91370,,DIVISLAB,,2026-02-24,2026-02-24,5550.0,PE,DIVISLAB26FEB5550PE,0.0,0.0,0.0,4.0,4.0,4.0,6283.5,0.05,9200,0,0,0.0,0,F1,100,,,,,
2026-02-18,2026-02-18,FO,NSE,STO,104215,,DIVISLAB,,2026-04-28,2026-04-28,6900.0,CE,DIVISLAB26APR6900CE,0.0,0.0,0.0,120.0,0.0,120.0,6283.5,97.05,0,0,0,0.0,0,F1,100,,,,,
2026-02-18,2026-02-18,FO,NSE,STO,104191,,DIVISLAB,,2026-04-28,2026-04-28,5900.0,CE,DIVISLAB26APR5900CE,0.0,0.0,0.0,488.3,0.0,488.3,6283.5,548.7,0,0,0,0.0,0,F1,100,,,,,
2026-02-18,2026-02-18,FO,NSE,STO,91609,,DIVISLAB,,2026-03-30,2026-03-30,7000.0,CE,DIVISLAB26MAR7000CE,25.95,35.0,19.35,27.6,27.75,24.95,6283.5,27.6,9400,2500,58,40766475.0,42,F1,100,,,,,
2026-02-18,2026-02-18,FO,NSE,STO,91601,,DIVISLAB,,2026-03-30,2026-03-30,6600.0,CE,DIVISLAB26MAR6600CE,65.0,91.5,65.0,89.7,88.0,72.25,6283.5,89.7,4900,900,24,16044070.0,21,F1,100,,,,,
2026-02-18,2026-02-18,FO,NSE,STO,104216,,DIVISLAB,,2026-04-28,2026-04-28,6900.0,PE,DIVISLAB26APR6900PE,0.0,0.0,0.0,858.3,0.0,858.3,6283.5,642.2,0,0,0,0.0,0,F1,100,,,,,
2026-02-18,2026-02-18,FO,NSE,STO,104184,,DIVISLAB,,2026-04-28,2026-04-28,5500.0,PE,DIVISLAB26APR5500PE,0.0,0.0,0.0,111.35,0.0,111.35,6283.5,30.8,0,0,0,0.0,0,F1,100,,,,,
2026-02-18,2026-02-18,FO,NSE,STO,91694,,DIVISLAB,,2026-03-30,2026-03-30,7300.0,PE,DIVISLAB26MAR7300PE,0.0,0.0,0.0,946.5,0.0,946.5,6283.5,983.4,0,0,0,0.0,0,F1,100,,,,,
2026-02-18,2026-02-18,FO,NSE,STO,91441,,DIVISLAB,,2026-02-24,2026-02-24,6450.0,CE,DIVISLAB26FEB6450CE,16.3,23.1,14.0,17.65,16.85,16.85,6283.5,17.65,40500,1100,1250,808633155.0,1182,F1,100,,,,,
2026-02-18,2026-02-18,FO,NSE,STO,89093,,DIVISLAB,,2026-02-24,2026-02-24,6500.0,CE,DIVISLAB26FEB6500CE,13.05,16.7,9.7,12.6,11.75,13.05,6283.5,12.6,157400,-11500,2641,1720199505.0,1899,F1,100,,,,,
2026-02-18,2026-02-18,FO,NSE,STO,91524,,DIVISLAB,,2026-03-30,2026-03-30,5100.0,CE,DIVISLAB26MAR5100CE,0.0,0.0,0.0,1356.2,0.0,1356.2,6283.5,1215.05,0,0,0,0.0,0,F1,100,,,,,
2026-02-18,2026-02-18,FO,NSE,STO,91583,,DIVISLAB,,2026-03-30,2026-03-30,6000.0,CE,DIVISLAB26MAR6000CE,340.0,400.0,340.0,400.0,400.0,341.85,6283.5,405.65,7500,-1700,22,14074000.0,6,F1,100,,,,,
2026-02-18,2026-02-18,FO,NSE,STO,91591,,DIVISLAB,,2026-03-30,2026-03-30,6100.0,CE,DIVISLAB26MAR6100CE,0.0,0.0,0.0,182.05,182.05,182.05,6283.5,337.9,100,0,0,0.0,0,F1,100,,,,,
2026-02-18,2026-02-18,FO,NSE,STO,89017,,DIVISLAB,,2026-02-24,2026-02-24,5000.0,CE,DIVISLAB26FEB5000CE,0.0,0.0,0.0,1503.45,0.0,1503.45,6283.5,1288.0,0,0,0,0.0,0,F1,100,,,,,
2026-02-18,2026-02-18,FO,NSE,STO,91367,,DIVISLAB,,2026-02-24,2026-02-24,5450.0,CE,DIVISLAB26FEB5450CE,0.0,0.0,0.0,986.25,0.0,986.25,6283.5,838.45,0,0,0,0.0,0,F1,100,,,,,
2026-02-18,2026-02-18,FO,NSE,STO,89083,,DIVISLAB,,2026-02-24,2026-02-24,6100.0,CE,DIVISLAB26FEB6100CE,119.9,208.5,119.85,191.25,183.35,138.1,6283.5,191.25,48500,-6300,595,372818515.0,567,F1,100,,,,,
2026-02-18,2026-02-18,FO,NSE,STO,91386,,DIVISLAB,,2026-02-24,2026-02-24,6250.0,PE,DIVISLAB26FEB6250PE,120.0,120.0,52.0,56.7,62.15,120.05,6283.5,56.7,22100,6100,1093,691060000.0,920,F1,100,,,,,
2026-02-18,2026-02-18,FO,NSE,STO,89018,,DIVISLAB,,2026-02-24,2026-02-24,5000.0,PE,DIVISLAB26FEB5000PE,0.4,0.7,0.35,0.45,0.35,0.5,6283.5,0.45,43700,-400,76,38003575.0,20,F1,100,,,,,
2026-02-18,2026-02-18,FO,NSE,STO,103989,,DIVISLAB,,2026-03-30,2026-03-30,5650.0,CE,DIVISLAB26MAR5650CE,0.0,0.0,0.0,576.0,0.0,576.0,6283.5,689.6,0,0,0,0.0,0,F1,100,,,,,
2026-02-18,2026-02-18,FO,NSE,STO,104024,,DIVISLAB,,2026-03-30,2026-03-30,5950.0,CE,DIVISLAB26MAR5950CE,0.0,0.0,0.0,406.2,406.2,406.2,6283.5,442.0,100,0,0,0.0,0,F1,100,,,,,
2026-02-18,2026-02-18,FO,NSE,STO,104183,,DIVISLAB,,2026-04-28,2026-04-28,5500.0,CE,DIVISLAB26APR5500CE,0.0,0.0,0.0,751.6,0.0,751.6,6283.5,871.2,0,0,0,0.0,0,F1,100,,,,,
2026-02-18,2026-02-18,FO,NSE,STO,104207,,DIVISLAB,,2026-04-28,2026-04-28,6500.0,CE,DIVISLAB26APR6500CE,0.0,0.0,0.0,222.0,0.0,222.0,6283.5,215.2,0,0,0,0.0,0,F1,100,,,,,
2026-02-18,2026-02-18,FO,NSE,STO,104217,,DIVISLAB,,2026-04-28,2026-04-28,7000.0,CE,DIVISLAB26APR7000CE,0.0,0.0,0.0,101.8,0.0,101.8,6283.5,77.9,0,0,0,0.0,0,F1,100,,,,,
2026-02-18,2026-02-18,FO,NSE,STO,104226,,DIVISLAB,,2026-04-28,2026-04-28,7400.0,CE,DIVISLAB26APR7400CE,0.0,0.0,0.0,50.6,0.0,50.6,6283.5,29.75,0,0,0,0.0,0,F1,100,,,,,
2026-02-18,2026-02-18,FO,NSE,STO,104018,,DIVISLAB,,2026-03-30,2026-03-30,5750.0,PE,DIVISLAB26MAR5750PE,0.0,0.0,0.0,50.0,50.0,50.0,6283.5,34.15,400,0,0,0.0,0,F1,100,,,,,
2026-02-18,2026-02-18,FO,NSE,STO,89026,,DIVISLAB,,2026-02-24,2026-02-24,5400.0,CE,DIVISLAB26FEB5400CE,0.0,0.0,0.0,1144.1,0.0,1144.1,6283.5,888.4,0,0,0,0.0,0,F1,100,,,,,
2026-02-18,2026-02-18,FO,NSE,STO,91369,,DIVISLAB,,2026-02-24,2026-02-24,5550.0,CE,DIVISLAB26FEB5550CE,0.0,0.0,0.0,897.45,0.0,897.45,6283.5,738.5,0,0,0,0.0,0,F1,100,,,,,
2026-02-18,2026-02-18,FO,NSE,STO,89077,,DIVISLAB,,2026-02-24,2026-02-24,5900.0,CE,DIVISLAB26FEB5900CE,327.0,393.1,297.95,375.85,368.0,298.2,6283.5,375.85,7700,-300,67,41924000.0,48,F1,100,,,,,
2026-02-18,2026-02-18,FO,NSE,STO,89109,,DIVISLAB,,2026-02-24,2026-02-24,7100.0,CE,DIVISLAB26FEB7100CE,0.7,0.7,0.25,0.35,0.45,0.6,6283.5,0.35,179000,-300,201,142717995.0,87,F1,100,,,,,
2026-02-18,2026-02-18,FO,NSE,STO,103970,,DIVISLAB,,2026-03-30,2026-03-30,5350.0,CE,DIVISLAB26MAR5350CE,0.0,0.0,0.0,810.1,0.0,810.1,6283.5,970.3,0,0,0,0.0,0,F1,100,,,,,
2026-02-18,2026-02-18,FO,NSE,STO,91575,,DIVISLAB,,2026-03-30,2026-03-30,5600.0,CE,DIVISLAB26MAR5600CE,0.0,0.0,0.0,922.9,0.0,922.9,6283.5,734.7,0,0,0,0.0,0,F1,100,,,,,
2026-02-18,2026-02-18,FO,NSE,STO,104200,,DIVISLAB,,2026-04-28,2026-04-28,6200.0,PE,DIVISLAB26APR6200PE,0.0,0.0,0.0,385.3,0.0,385.3,6283.5,209.4,0,0,0,0.0,0,F1,100,,,,,
2026-02-18,2026-02-18,FO,NSE,STO,104038,,DIVISLAB,,2026-03-30,2026-03-30,6550.0,PE,DIVISLAB26MAR6550PE,0.0,0.0,0.0,565.1,0.0,565.1,6283.5,349.45,0,0,0,0.0,0,F1,100,,,,,
2026-02-18,2026-02-18,FO,NSE,STO,89119,,DIVISLAB,,2026-02-24,2026-02-24,7200.0,PE,DIVISLAB26FEB7200PE,0.0,0.0,0.0,843.0,0.0,843.0,6283.5,910.0,0,0,0,0.0,0,F1,100,,,,,
2026-02-18,2026-02-18,FO,NSE,STO,91668,,DIVISLAB,,2026-03-30,2026-03-30,7100.0,CE,DIVISLAB26MAR7100CE,27.95,27.95,20.85,20.85,20.85,46.1,6283.5,22.5,500,-300,4,2849760.0,2,F1,100,,,,,
2026-02-18,2026-02-18,FO,NSE,STO,91530,,DIVISLAB,,2026-03-30,2026-03-30,5300.0,CE,DIVISLAB26MAR5300CE,0.0,0.0,0.0,1175.75,0.0,1175.75,6283.5,1018.8,0,0,0,0.0,0,F1,100,,,,,
2026-02-18,2026-02-18,FO,NSE,STO,89120,,DIVISLAB,,2026-02-24,2026-02-24,7300.0,CE,DIVISLAB26FEB7300CE,0.35,0.9,0.35,0.55,0.55,0.65,6283.5,0.55,3700,-200,4,2920235.0,3,F1,100,,,,,
2026-02-18,2026-02-18,FO,NSE,STO,91681,,DIVISLAB,,2026-03-30,2026-03-30,7200.0,PE,DIVISLAB26MAR7200PE,0.0,0.0,0.0,867.6,0.0,867.6,6283.5,888.95,0,0,0,0.0,0,F1,100,,,,,
2026-02-18,2026-02-18,FO,NSE,STO,104046,,DIVISLAB,,2026-03-30,2026-03-30,6950.0,PE,DIVISLAB26MAR6950PE,0.0,0.0,0.0,882.9,0.0,882.9,6283.5,662.25,0,0,0,0.0,0,F1,100,,,,,
2026-02-18,2026-02-18,FO,NSE,STO,91604,,DIVISLAB,,2026-03-30,2026-03-30,6700.0,PE,DIVISLAB26MAR6700PE,475.0,475.0,475.0,475.0,475.0,520.0,6283.5,457.25,600,100,1,717500.0,1,F1,100,,,,,
2026-02-18,2026-02-18,FO,NSE,STO,103990,,DIVISLAB,,2026-03-30,2026-03-30,5650.0,PE,DIVISLAB26MAR5650PE,0.0,0.0,0.0,35.55,35.55,35.55,6283.5,22.15,400,0,0,0.0,0,F1,100,,,,,
2026-02-18,2026-02-18,FO,NSE,STO,89095,,DIVISLAB,,2026-02-24,2026-02-24,6600.0,CE,DIVISLAB26FEB6600CE,6.2,8.55,5.1,5.7,5.45,6.95,6283.5,5.7,136700,-1600,464,306549820.0,410,F1,100,,,,,
2026-02-18,2026-02-18,FO,NSE,STO,89107,,DIVISLAB,,2026-02-24,2026-02-24,7000.0,CE,DIVISLAB26FEB7000CE,1.5,1.9,0.8,1.15,1.15,1.8,6283.5,1.15,107100,-19700,387,270952075.0,265,F1,100,,,,,
2026-02-18,2026-02-18,FO,NSE,STO,89108,,DIVISLAB,,2026-02-24,2026-02-24,7000.0,PE,DIVISLAB26FEB7000PE,0.0,0.0,0.0,930.0,930.0,930.0,6283.5,710.2,1100,0,0,0.0,0,F1,100,,,,,
2026-02-18,2026-02-18,FO,NSE,STO,104211,,DIVISLAB,,2026-04-28,2026-04-28,6700.0,CE,DIVISLAB26APR6700CE,0.0,0.0,0.0,164.5,0.0,164.5,6283.5,147.05,0,0,0,0.0,0,F1,100,,,,,
2026-02-18,2026-02-18,FO,NSE,STO,104176,,DIVISLAB,,2026-04-28,2026-04-28,5200.0,CE,DIVISLAB26APR5200CE,0.0,0.0,0.0,989.35,0.0,989.35,6283.5,1146.7,0,0,0,0.0,0,F1,100,,,,,
2026-02-18,2026-02-18,FO,NSE,STO,91464,,DIVISLAB,,2026-02-24,2026-02-24,6850.0,CE,DIVISLAB26FEB6850CE,1.95,3.3,1.95,2.7,2.65,3.25,6283.5,2.7,45500,-600,28,19187655.0,26,F1,100,,,,,
2026-02-18,2026-02-18,FO,NSE,STO,89038,,DIVISLAB,,2026-02-24,2026-02-24,5800.0,CE,DIVISLAB26FEB5800CE,460.0,487.0,460.0,487.0,487.0,353.7,6283.5,489.2,3600,-200,5,3135320.0,5,F1,100,,,,,
2026-02-18,2026-02-18,FO,NSE,STO,91577,,DIVISLAB,,2026-03-30,2026-03-30,5700.0,CE,DIVISLAB26MAR5700CE,0.0,0.0,0.0,844.6,0.0,844.6,6283.5,645.4,0,0,0,0.0,0,F1,100,,,,,
2026-02-18,2026-02-18,FO,NSE,STO,104030,,DIVISLAB,,2026-03-30,2026-03-30,6250.0,CE,DIVISLAB26MAR6250CE,197.45,240.0,197.45,223.45,223.45,207.8,6283.5,223.45,1000,200,14,9054515.0,14,F1,100,,,,,
2026-02-18,2026-02-18,FO,NSE,STO,91607,,DIVISLAB,,2026-03-30,2026-03-30,6900.0,CE,DIVISLAB26MAR6900CE,34.15,34.15,34.15,34.15,34.15,36.3,6283.5,44.1,2500,300,3,2080245.0,1,F1,100,,,,,
2026-02-18,2026-02-18,FO,NSE,STO,104039,,DIVISLAB,,2026-03-30,2026-03-30,6650.0,CE,DIVISLAB26MAR6650CE,0.0,0.0,0.0,108.3,108.3,108.3,6283.5,93.3,200,0,0,0.0,0,F1,100,,,,,
2026-02-18,2026-02-18,FO,NSE,STO,91695,,DIVISLAB,,2026-03-30,2026-03-30,7400.0,CE,DIVISLAB26MAR7400CE,0.0,0.0,0.0,98.2,0.0,98.2,6283.5,7.3,0,0,0,0.0,0,F1,100,,,,,
2026-02-18,2026-02-18,FO,NSE,STO,89029,,DIVISLAB,,2026-02-24,2026-02-24,5500.0,PE,DIVISLAB26FEB5500PE,2.95,2.95,1.55,1.55,1.55,3.65,6283.5,0.05,88400,-2100,85,46769625.0,58,F1,100,,,,,
2026-02-18,2026-02-18,FO,NSE,STO,89080,,DIVISLAB,,2026-02-24,2026-02-24,5900.0,PE,DIVISLAB26FEB5900PE,13.55,14.2,3.5,3.7,3.85,13.55,6283.5,3.7,69600,-7800,937,553473215.0,716,F1,100,,,,,
2026-02-18,2026-02-18,FO,NSE,STO,91467,,DIVISLAB,,2026-02-24,2026-02-24,6950.0,PE,DIVISLAB26FEB6950PE,0.0,0.0,0.0,640.65,0.0,640.65,6283.5,660.3,0,0,0,0.0,0,F1,100,,,,,
2026-02-18,2026-02-18,FO,NSE,STO,104186,,DIVISLAB,,2026-04-28,2026-04-28,5600.0,PE,DIVISLAB26APR5600PE,0.0,0.0,0.0,137.95,0.0,137.95,6283.5,43.3,0,0,0,0.0,0,F1,100,,,,,
2026-02-18,2026-02-18,FO,NSE,STO,104204,,DIVISLAB,,2026-04-28,2026-04-28,6300.0,PE,DIVISLAB26APR6300PE,0.0,0.0,0.0,441.65,0.0,441.65,6283.5,255.5,0,0,0,0.0,0,F1,100,,,,,
2026-02-18,2026-02-18,FO,NSE,STO,89086,,DIVISLAB,,2026-02-24,2026-02-24,6200.0,PE,DIVISLAB26FEB6200PE,88.05,101.4,34.3,38.5,43.0,91.6,6283.5,38.5,111800,-8800,3136,1962117095.0,2535,F1,100,,,,,
2026-02-18,2026-02-18,FO,NSE,STO,91376,,DIVISLAB,,2026-02-24,2026-02-24,5850.0,PE,DIVISLAB26FEB5850PE,9.25,10.0,2.9,2.9,2.9,9.85,6283.5,2.9,24800,-900,117,68502600.0,102,F1,100,,,,,
2026-02-18,2026-02-18,FO,NSE,STO,89020,,DIVISLAB,,2026-02-24,2026-02-24,5100.0,PE,DIVISLAB26FEB5100PE,0.0,0.0,0.0,1.85,1.8,1.85,6283.5,0.05,700,0,0,0.0,0,F1,100,,,,,
2026-02-18,2026-02-18,FO,NSE,STO,104219,,DIVISLAB,,2026-04-28,2026-04-28,7100.0,CE,DIVISLAB26APR7100CE,0.0,0.0,0.0,86.0,0.0,86.0,6283.5,61.95,0,0,0,0.0,0,F1,100,,,,,
2026-02-18,2026-02-18,FO,NSE,STO,104213,,DIVISLAB,,2026-04-28,2026-04-28,6800.0,CE,DIVISLAB26APR6800CE,0.0,0.0,0.0,141.05,0.0,141.05,6283.5,120.0,0,0,0,0.0,0,F1,100,,,,,
2026-02-18,2026-02-18,FO,NSE,STO,104181,,DIVISLAB,,2026-04-28,2026-04-28,5400.0,CE,DIVISLAB26APR5400CE,0.0,0.0,0.0,827.4,0.0,827.4,6283.5,960.7,0,0,0,0.0,0,F1,100,,,,,
2026-02-18,2026-02-18,FO,NSE,STO,104172,,DIVISLAB,,2026-04-28,2026-04-28,5000.0,CE,DIVISLAB26APR5000CE,0.0,0.0,0.0,1162.9,0.0,1162.9,6283.5,1338.85,0,0,0,0.0,0,F1,100,,,,,
2026-02-18,2026-02-18,FO,NSE,STO,104028,,DIVISLAB,,2026-03-30,2026-03-30,6150.0,CE,DIVISLAB26MAR6150CE,0.0,0.0,0.0,245.7,248.0,245.7,6283.5,306.65,3400,0,0,0.0,0,F1,100,,,,,
2026-02-18,2026-02-18,FO,NSE,STO,91579,,DIVISLAB,,2026-03-30,2026-03-30,5800.0,CE,DIVISLAB26MAR5800CE,0.0,0.0,0.0,476.3,476.3,476.3,6283.5,560.15,100,0,0,0.0,0,F1,100,,,,,
2026-02-18,2026-02-18,FO,NSE,STO,89128,,DIVISLAB,,2026-02-24,2026-02-24,7500.0,CE,DIVISLAB26FEB7500CE,0.45,0.45,0.45,0.45,0.45,0.75,6283.5,0.05,2900,0,1,750045.0,1,F1,100,,,,,
2026-02-18,2026-02-18,FO,NSE,STO,104045,,DIVISLAB,,2026-03-30,2026-03-30,6950.0,CE,DIVISLAB26MAR6950CE,0.0,0.0,0.0,36.3,36.3,36.3,6283.5,37.5,600,0,0,0.0,0,F1,100,,,,,
2026-02-18,2026-02-18,FO,NSE,STO,91693,,DIVISLAB,,2026-03-30,2026-03-30,7300.0,CE,DIVISLAB26MAR7300CE,13.75,16.5,12.0,16.5,16.5,15.5,6283.5,16.5,3400,1800,23,16822940.0,20,F1,100,,,,,
2026-02-18,2026-02-18,FO,NSE,STO,104188,,DIVISLAB,,2026-04-28,2026-04-28,5700.0,PE,DIVISLAB26APR5700PE,0.0,0.0,0.0,168.2,0.0,168.2,6283.5,59.3,0,0,0,0.0,0,F1,100,,,,,
2026-02-18,2026-02-18,FO,NSE,STO,104034,,DIVISLAB,,2026-03-30,2026-03-30,6450.0,CE,DIVISLAB26MAR6450CE,0.0,0.0,0.0,200.0,200.0,200.0,6283.5,157.75,400,0,0,0.0,0,F1,100,,,,,
2026-02-18,2026-02-18,FO,NSE,STO,91522,,DIVISLAB,,2026-03-30,2026-03-30,5000.0,CE,DIVISLAB26MAR5000CE,0.0,0.0,0.0,1449.05,0.0,1449.05,6283.5,1313.95,0,0,0,0.0,0,F1,100,,,,,
2026-02-18,2026-02-18,FO,NSE,STO,104182,,DIVISLAB,,2026-04-28,2026-04-28,5400.0,PE,DIVISLAB26APR5400PE,0.0,0.0,0.0,88.7,0.0,88.7,6283.5,21.35,0,0,0,0.0,0,F1,100,,,,,
2026-02-18,2026-02-18,FO,NSE,STO,91610,,DIVISLAB,,2026-03-30,2026-03-30,7000.0,PE,DIVISLAB26MAR7000PE,0.0,0.0,0.0,717.0,0.0,717.0,6283.5,706.2,0,0,0,0.0,0,F1,100,,,,,
2026-02-18,2026-02-18,FO,NSE,STO,104044,,DIVISLAB,,2026-03-30,2026-03-30,6850.0,PE,DIVISLAB26MAR6850PE,0.0,0.0,0.0,798.75,0.0,798.75,6283.5,577.0,0,0,0,0.0,0,F1,100,,,,,
2026-02-18,2026-02-18,FO,NSE,STO,91582,,DIVISLAB,,2026-03-30,2026-03-30,5900.0,PE,DIVISLAB26MAR5900PE,74.55,74.55,58.0,60.15,63.45,95.9,6283.5,60.15,4600,2800,40,23846225.0,25,F1,100,,,,,
2026-02-18,2026-02-18,FO,NSE,STO,104023,,DIVISLAB,,2026-03-30,2026-03-30,5850.0,PE,DIVISLAB26MAR5850PE,0.0,0.0,0.0,145.4,145.4,145.4,6283.5,50.75,400,0,0,0.0,0,F1,100,,,,,
2026-02-18,2026-02-18,FO,NSE,STO,103979,,DIVISLAB,,2026-03-30,2026-03-30,5550.0,PE,DIVISLAB26MAR5550PE,0.0,0.0,0.0,37.0,37.0,37.0,6283.5,13.75,1000,0,0,0.0,0,F1,100,,,,,
2026-02-18,2026-02-18,FO,NSE,STO,89102,,DIVISLAB,,2026-02-24,2026-02-24,6700.0,PE,DIVISLAB26FEB6700PE,0.0,0.0,0.0,485.0,485.0,485.0,6283.5,412.7,400,0,0,0.0,0,F1,100,,,,,
2026-02-18,2026-02-18,FO,NSE,STO,89090,,DIVISLAB,,2026-02-24,2026-02-24,6300.0,PE,DIVISLAB26FEB6300PE,137.75,149.65,76.0,81.05,90.0,153.0,6283.5,81.05,56900,-14700,981,627622875.0,815,F1,100,,,,,
2026-02-18,2026-02-18,FO,NSE,STO,91378,,DIVISLAB,,2026-02-24,2026-02-24,5950.0,PE,DIVISLAB26FEB5950PE,18.5,18.5,4.75,5.25,5.7,18.7,6283.5,5.25,55100,-100,537,320050205.0,460,F1,100,,,,,
2026-02-18,2026-02-18,FO,NSE,STO,104209,,DIVISLAB,,2026-04-28,2026-04-28,6600.0,CE,DIVISLAB26APR6600CE,0.0,0.0,0.0,191.55,0.0,191.55,6283.5,178.65,0,0,0,0.0,0,F1,100,,,,,
2026-02-18,2026-02-18,FO,NSE,STO,104201,,DIVISLAB,,2026-04-28,2026-04-28,6300.0,CE,DIVISLAB26APR6300CE,0.0,0.0,0.0,294.15,0.0,294.15,6283.5,304.2,0,0,0,0.0,0,F1,100,,,,,
2026-02-18,2026-02-18,FO,NSE,STO,89034,,DIVISLAB,,2026-02-24,2026-02-24,5600.0,CE,DIVISLAB26FEB5600CE,0.0,0.0,0.0,500.0,500.0,500.0,6283.5,688.55,300,0,0,0.0,0,F1,100,,,,,
2026-02-18,2026-02-18,FO,NSE,STO,89087,,DIVISLAB,,2026-02-24,2026-02-24,6300.0,CE,DIVISLAB26FEB6300CE,40.7,67.1,36.0,57.4,53.0,43.45,6283.5,57.4,224000,-12700,6518,4141746725.0,4960,F1,100,,,,,
2026-02-18,2026-02-18,FO,NSE,STO,89019,,DIVISLAB,,2026-02-24,2026-02-24,5100.0,CE,DIVISLAB26FEB5100CE,0.0,0.0,0.0,1410.9,0.0,1410.9,6283.5,1188.1,0,0,0,0.0,0,F1,100,,,,,
2026-02-18,2026-02-18,FO,NSE,STO,103971,,DIVISLAB,,2026-03-30,2026-03-30,5350.0,PE,DIVISLAB26MAR5350PE,0.0,0.0,0.0,48.15,0.0,48.15,6283.5,4.65,0,0,0,0.0,0,F1,100,,,,,
2026-02-18,2026-02-18,FO,NSE,STO,89111,,DIVISLAB,,2026-02-24,2026-02-24,7200.0,CE,DIVISLAB26FEB7200CE,0.35,0.55,0.3,0.35,0.35,0.95,6283.5,0.35,27600,1200,45,32402295.0,20,F1,100,,,,,
2026-02-18,2026-02-18,FO,NSE,STO,91468,,DIVISLAB,,2026-02-24,2026-02-24,7050.0,CE,DIVISLAB26FEB7050CE,0.0,0.0,0.0,7.3,7.3,7.3,6283.5,0.05,100,0,0,0.0,0,F1,100,,,,,
2026-02-18,2026-02-18,FO,NSE,STO,89103,,DIVISLAB,,2026-02-24,2026-02-24,6800.0,CE,DIVISLAB26FEB6800CE,2.25,3.8,2.25,3.0,2.65,3.45,6283.5,3.0,45400,3000,358,243550335.0,270,F1,100,,,,,
2026-02-18,2026-02-18,FO,NSE,STO,89081,,DIVISLAB,,2026-02-24,2026-02-24,6000.0,CE,DIVISLAB26FEB6000CE,240.0,296.85,209.65,278.65,275.0,214.6,6283.5,278.65,35700,-2300,103,64428625.0,100,F1,100,,,,,
2026-02-18,2026-02-18,FO,NSE,STO,91377,,DIVISLAB,,2026-02-24,2026-02-24,5950.0,CE,DIVISLAB26FEB5950CE,263.8,338.85,251.1,332.75,332.75,240.2,6283.5,342.75,11900,-1400,83,51846780.0,77,F1,100,,,,,
2026-02-18,2026-02-18,FO,NSE,STO,91373,,DIVISLAB,,2026-02-24,2026-02-24,5750.0,CE,DIVISLAB26FEB5750CE,0.0,0.0,0.0,382.95,382.95,382.95,6283.5,538.9,300,0,0,0.0,0,F1,100,,,,,
2026-02-18,2026-02-18,FO,NSE,STO,89036,,DIVISLAB,,2026-02-24,2026-02-24,5700.0,CE,DIVISLAB26FEB5700CE,0.0,0.0,0.0,460.0,460.0,460.0,6283.5,588.75,1100,0,0,0.0,0,F1,100,,,,,
2026-02-18,2026-02-18,FO,NSE,STF,66788,,DIVISLAB,,2026-04-28,2026-04-28,,,DIVISLAB26APRFUT,6281.5,6372.0,6276.0,6349.5,6343.0,6267.5,6283.5,6349.5,7400,-1900,48,30362100.0,44,F1,100,,,,,
2026-02-18,2026-02-18,FO,NSE,STO,91371,,DIVISLAB,,2026-02-24,2026-02-24,5650.0,CE,DIVISLAB26FEB5650CE,0.0,0.0,0.0,811.7,0.0,811.7,6283.5,638.65,0,0,0,0.0,0,F1,100,,,,,
2026-02-18,2026-02-18,FO,NSE,STO,91365,,DIVISLAB,,2026-02-24,2026-02-24,5350.0,CE,DIVISLAB26FEB5350CE,0.0,0.0,0.0,1077.55,0.0,1077.55,6283.5,938.35,0,0,0,0.0,0,F1,100,,,,,
2026-02-18,2026-02-18,FO,NSE,STO,104206,,DIVISLAB,,2026-04-28,2026-04-28,6400.0,PE,DIVISLAB26APR6400PE,0.0,0.0,0.0,502.1,0.0,502.1,6283.5,307.25,0,0,0,0.0,0,F1,100,,,,,
2026-02-18,2026-02-18,FO,NSE,STO,91578,,DIVISLAB,,2026-03-30,2026-03-30,5700.0,PE,DIVISLAB26MAR5700PE,38.75,38.75,30.15,31.65,31.65,41.25,6283.5,31.65,1000,0,6,3439675.0,5,F1,100,,,,,
2026-02-18,2026-02-18,FO,NSE,STO,103976,,DIVISLAB,,2026-03-30,2026-03-30,5450.0,PE,DIVISLAB26MAR5450PE,0.0,0.0,0.0,36.05,36.05,36.05,6283.5,8.2,200,0,0,0.0,0,F1,100,,,,,
2026-02-18,2026-02-18,FO,NSE,STO,91529,,DIVISLAB,,2026-03-30,2026-03-30,5200.0,PE,DIVISLAB26MAR5200PE,0.0,0.0,0.0,27.5,0.0,27.5,6283.5,1.8,0,0,0,0.0,0,F1,100,,,,,
2026-02-18,2026-02-18,FO,NSE,STO,91469,,DIVISLAB,,2026-02-24,2026-02-24,7050.0,PE,DIVISLAB26FEB7050PE,0.0,0.0,0.0,718.45,0.0,718.45,6283.5,760.15,0,0,0,0.0,0,F1,100,,,,,
2026-02-18,2026-02-18,FO,NSE,STO,91442,,DIVISLAB,,2026-02-24,2026-02-24,6450.0,PE,DIVISLAB26FEB6450PE,261.9,261.9,181.6,198.8,198.85,284.05,6283.5,198.8,9100,900,59,39302280.0,58,F1,100,,,,,
2026-02-18,2026-02-18,FO,NSE,STO,104190,,DIVISLAB,,2026-04-28,2026-04-28,5800.0,PE,DIVISLAB26APR5800PE,0.0,0.0,0.0,202.9,0.0,202.9,6283.5,79.45,0,0,0,0.0,0,F1,100,,,,,
2026-02-18,2026-02-18,FO,NSE,STO,104196,,DIVISLAB,,2026-04-28,2026-04-28,6000.0,PE,DIVISLAB26APR6000PE,0.0,0.0,0.0,285.4,0.0,285.4,6283.5,133.85,0,0,0,0.0,0,F1,100,,,,,
2026-02-18,2026-02-18,FO,NSE,STO,104208,,DIVISLAB,,2026-04-28,2026-04-28,6500.0,PE,DIVISLAB26APR6500PE,0.0,0.0,0.0,566.45,0.0,566.45,6283.5,364.45,0,0,0,0.0,0,F1,100,,,,,
2026-02-18,2026-02-18,FO,NSE,STO,104218,,DIVISLAB,,2026-04-28,2026-04-28,7000.0,PE,DIVISLAB26APR7000PE,0.0,0.0,0.0,938.6,0.0,938.6,6283.5,721.95,0,0,0,0.0,0,F1,100,,,,,
2026-02-18,2026-02-18,FO,NSE,STO,104205,,DIVISLAB,,2026-04-28,2026-04-28,6400.0,CE,DIVISLAB26APR6400CE,0.0,0.0,0.0,256.1,0.0,256.1,6283.5,256.95,0,0,0,0.0,0,F1,100,,,,,
2026-02-18,2026-02-18,FO,NSE,STO,91366,,DIVISLAB,,2026-02-24,2026-02-24,5350.0,PE,DIVISLAB26FEB5350PE,0.0,0.0,0.0,17.6,0.0,17.6,6283.5,0.05,0,0,0,0.0,0,F1,100,,,,,
2026-02-18,2026-02-18,FO,NSE,STO,91368,,DIVISLAB,,2026-02-24,2026-02-24,5450.0,PE,DIVISLAB26FEB5450PE,0.0,0.0,0.0,8.5,8.5,8.5,6283.5,0.05,500,0,0,0.0,0,F1,100,,,,,
2026-02-18,2026-02-18,FO,NSE,STO,89125,,DIVISLAB,,2026-02-24,2026-02-24,7300.0,PE,DIVISLAB26FEB7300PE,0.0,0.0,0.0,919.85,0.0,919.85,6283.5,1009.9,0,0,0,0.0,0,F1,100,,,,,
2026-02-18,2026-02-18,FO,NSE,STO,91596,,DIVISLAB,,2026-03-30,2026-03-30,6300.0,PE,DIVISLAB26MAR6300PE,210.0,210.0,185.0,187.65,192.95,235.0,6283.5,187.65,3800,2100,23,14933500.0,16,F1,100,,,,,
2026-02-18,2026-02-18,FO,NSE,STO,104042,,DIVISLAB,,2026-03-30,2026-03-30,6750.0,PE,DIVISLAB26MAR6750PE,0.0,0.0,0.0,717.5,0.0,717.5,6283.5,495.95,0,0,0,0.0,0,F1,100,,,,,
2026-02-18,2026-02-18,FO,NSE,STO,91696,,DIVISLAB,,2026-03-30,2026-03-30,7400.0,PE,DIVISLAB26MAR7400PE,0.0,0.0,0.0,1028.1,0.0,1028.1,6283.5,1079.3,0,0,0,0.0,0,F1,100,,,,,
2026-02-18,2026-02-18,FO,NSE,STO,104210,,DIVISLAB,,2026-04-28,2026-04-28,6600.0,PE,DIVISLAB26APR6600PE,0.0,0.0,0.0,634.45,0.0,634.45,6283.5,426.85,0,0,0,0.0,0,F1,100,,,,,
2026-02-18,2026-02-18,FO,NSE,STO,104220,,DIVISLAB,,2026-04-28,2026-04-28,7100.0,PE,DIVISLAB26APR7100PE,0.0,0.0,0.0,1021.25,0.0,1021.25,6283.5,805.05,0,0,0,0.0,0,F1,100,,,,,
2026-02-18,2026-02-18,FO,NSE,STO,91445,,DIVISLAB,,2026-02-24,2026-02-24,6650.0,CE,DIVISLAB26FEB6650CE,5.5,6.5,4.3,4.65,4.6,5.55,6283.5,4.65,18900,-100,59,39265345.0,58,F1,100,,,,,
2026-02-18,2026-02-18,FO,NSE,STO,104222,,DIVISLAB,,2026-04-28,2026-04-28,7200.0,PE,DIVISLAB26APR7200PE,0.0,0.0,0.0,1106.1,0.0,1106.1,6283.5,890.95,0,0,0,0.0,0,F1,100,,,,,
2026-02-18,2026-02-18,FO,NSE,STO,91466,,DIVISLAB,,2026-02-24,2026-02-24,6950.0,CE,DIVISLAB26FEB6950CE,1.65,1.65,1.65,1.65,1.65,2.7,6283.5,0.1,22600,-500,5,3475825.0,3,F1,100,,,,,
2026-02-18,2026-02-18,FO,NSE,STO,104017,,DIVISLAB,,2026-03-30,2026-03-30,5750.0,CE,DIVISLAB26MAR5750CE,0.0,0.0,0.0,506.65,0.0,506.65,6283.5,602.2,0,0,0,0.0,0,F1,100,,,,,
2026-02-18,2026-02-18,FO,NSE,STO,91597,,DIVISLAB,,2026-03-30,2026-03-30,6400.0,CE,DIVISLAB26MAR6400CE,124.0,169.0,124.0,158.45,155.0,124.0,6283.5,158.45,6300,3100,64,41961115.0,38,F1,100,,,,,
2026-02-18,2026-02-18,FO,NSE,STO,104043,,DIVISLAB,,2026-03-30,2026-03-30,6850.0,CE,DIVISLAB26MAR6850CE,0.0,0.0,0.0,94.2,94.2,94.2,6283.5,51.65,200,0,0,0.0,0,F1,100,,,,,
2026-02-18,2026-02-18,FO,NSE,STF,51865,,DIVISLAB,,2026-03-30,2026-03-30,,,DIVISLAB26MARFUT,6219.5,6334.5,6205.5,6311.0,6304.5,6226.0,6283.5,6311.0,252400,105800,1966,1231901000.0,1253,F1,100,,,,,
2026-02-18,2026-02-18,FO,NSE,STO,89021,,DIVISLAB,,2026-02-24,2026-02-24,5200.0,CE,DIVISLAB26FEB5200CE,0.0,0.0,0.0,1071.55,1071.55,1071.55,6283.5,1088.2,0,0,0,0.0,0,F1,100,,,,,
2026-02-18,2026-02-18,FO,NSE,STO,91439,,DIVISLAB,,2026-02-24,2026-02-24,6350.0,CE,DIVISLAB26FEB6350CE,29.95,46.75,27.05,39.25,36.75,31.9,6283.5,39.25,52200,3100,2240,1430891165.0,1855,F1,100,,,,,
2026-02-18,2026-02-18,FO,NSE,STO,91680,,DIVISLAB,,2026-03-30,2026-03-30,7200.0,CE,DIVISLAB26MAR7200CE,17.6,19.95,17.6,19.95,19.95,17.55,6283.5,15.7,3400,300,5,3609290.0,5,F1,100,,,,,
2026-02-18,2026-02-18,FO,NSE,STO,104187,,DIVISLAB,,2026-04-28,2026-04-28,5700.0,CE,DIVISLAB26APR5700CE,0.0,0.0,0.0,611.45,0.0,611.45,6283.5,701.75,0,0,0,0.0,0,F1,100,,,,,
2026-02-18,2026-02-18,FO,NSE,STO,104193,,DIVISLAB,,2026-04-28,2026-04-28,6000.0,CE,DIVISLAB26APR6000CE,0.0,0.0,0.0,433.25,0.0,433.25,6283.5,479.4,0,0,0,0.0,0,F1,100,,,,,
2026-02-18,2026-02-18,FO,NSE,STO,104197,,DIVISLAB,,2026-04-28,2026-04-28,6100.0,CE,DIVISLAB26APR6100CE,0.0,0.0,0.0,382.6,0.0,382.6,6283.5,415.45,0,0,0,0.0,0,F1,100,,,,,
2026-02-18,2026-02-18,FO,NSE,STO,91382,,DIVISLAB,,2026-02-24,2026-02-24,6150.0,PE,DIVISLAB26FEB6150PE,62.0,75.2,23.0,26.35,27.95,68.85,6283.5,26.35,23600,-900,1311,811689620.0,1131,F1,100,,,,,
2026-02-18,2026-02-18,FO,NSE,STO,89082,,DIVISLAB,,2026-02-24,2026-02-24,6000.0,PE,DIVISLAB26FEB6000PE,28.0,29.0,7.2,7.75,8.95,25.85,6283.5,7.75,101400,800,1432,861237995.0,1010,F1,100,,,,,
2026-02-18,2026-02-18,FO,NSE,STO,91595,,DIVISLAB,,2026-03-30,2026-03-30,6300.0,CE,DIVISLAB26MAR6300CE,165.0,217.7,165.0,204.15,198.4,165.7,6283.5,204.15,20500,14100,421,273441955.0,268,F1,100,,,,,
2026-02-18,2026-02-18,FO,NSE,STO,89126,,DIVISLAB,,2026-02-24,2026-02-24,7400.0,CE,DIVISLAB26FEB7400CE,0.7,0.7,0.6,0.65,0.65,1.1,6283.5,0.65,10600,-400,10,7400655.0,8,F1,100,,,,,
2026-02-18,2026-02-18,FO,NSE,STO,91472,,DIVISLAB,,2026-02-24,2026-02-24,7250.0,CE,DIVISLAB26FEB7250CE,0.9,0.9,0.15,0.45,0.45,1.5,6283.5,0.45,2300,-1200,19,13776265.0,6,F1,100,,,,,
2026-02-18,2026-02-18,FO,NSE,STO,89105,,DIVISLAB,,2026-02-24,2026-02-24,6900.0,CE,DIVISLAB26FEB6900CE,2.7,2.7,1.4,2.05,2.25,2.6,6283.5,2.05,21500,-3500,101,69711145.0,59,F1,100,,,,,
2026-02-18,2026-02-18,FO,NSE,STO,91375,,DIVISLAB,,2026-02-24,2026-02-24,5850.0,CE,DIVISLAB26FEB5850CE,0.0,0.0,0.0,356.95,356.95,356.95,6283.5,439.8,200,0,0,0.0,0,F1,100,,,,,
2026-02-18,2026-02-18,FO,NSE,STO,89100,,DIVISLAB,,2026-02-24,2026-02-24,6600.0,PE,DIVISLAB26FEB6600PE,410.0,410.0,315.05,330.75,330.75,420.55,6283.5,330.75,10700,-100,35,24343650.0,34,F1,100,,,,,
2026-02-18,2026-02-18,FO,NSE,STO,91608,,DIVISLAB,,2026-03-30,2026-03-30,6900.0,PE,DIVISLAB26MAR6900PE,0.0,0.0,0.0,646.45,0.0,646.45,6283.5,619.15,0,0,0,0.0,0,F1,100,,,,,
2026-02-18,2026-02-18,FO,NSE,STO,104048,,DIVISLAB,,2026-03-30,2026-03-30,7050.0,PE,DIVISLAB26MAR7050PE,0.0,0.0,0.0,969.6,0.0,969.6,6283.5,750.95,0,0,0,0.0,0,F1,100,,,,,
2026-02-18,2026-02-18,FO,NSE,STO,104036,,DIVISLAB,,2026-03-30,2026-03-30,6450.0,PE,DIVISLAB26MAR6450PE,0.0,0.0,0.0,494.9,0.0,494.9,6283.5,285.45,0,0,0,0.0,0,F1,100,,,,,
2026-02-18,2026-02-18,FO,NSE,STO,104027,,DIVISLAB,,2026-03-30,2026-03-30,6050.0,PE,DIVISLAB26MAR6050PE,88.95,91.95,88.95,91.95,91.95,261.25,6283.5,101.05,200,200,3,1842280.0,3,F1,100,,,,,
2026-02-18,2026-02-18,FO,NSE,STO,104029,,DIVISLAB,,2026-03-30,2026-03-30,6150.0,PE,DIVISLAB26MAR6150PE,0.0,0.0,0.0,312.05,0.0,312.05,6283.5,136.2,0,0,0,0.0,0,F1,100,,,,,
2026-02-18,2026-02-18,FO,NSE,STO,91606,,DIVISLAB,,2026-03-30,2026-03-30,6800.0,PE,DIVISLAB26MAR6800PE,0.0,0.0,0.0,579.3,0.0,579.3,6283.5,535.9,0,0,0,0.0,0,F1,100,,,,,
2026-02-18,2026-02-18,FO,NSE,STO,104192,,DIVISLAB,,2026-04-28,2026-04-28,5900.0,PE,DIVISLAB26APR5900PE,0.0,0.0,0.0,241.95,0.0,241.95,6283.5,104.15,0,0,0,0.0,0,F1,100,,,,,
2026-02-18,2026-02-18,FO,NSE,STO,104198,,DIVISLAB,,2026-04-28,2026-04-28,6100.0,PE,DIVISLAB26APR6100PE,0.0,0.0,0.0,333.15,0.0,333.15,6283.5,168.85,0,0,0,0.0,0,F1,100,,,,,
2026-02-18,2026-02-18,FO,NSE,STO,89092,,DIVISLAB,,2026-02-24,2026-02-24,6400.0,PE,DIVISLAB26FEB6400PE,191.0,213.2,140.0,153.25,156.8,248.0,6283.5,153.25,16300,-2900,174,114277975.0,153,F1,100,,,,,
2026-02-18,2026-02-18,FO,NSE,STO,91454,,DIVISLAB,,2026-02-24,2026-02-24,6750.0,CE,DIVISLAB26FEB6750CE,3.5,4.15,2.5,3.55,3.55,6.15,6283.5,3.55,5500,-2600,53,35792645.0,53,F1,100,,,,,
2026-02-18,2026-02-18,FO,NSE,STO,91372,,DIVISLAB,,2026-02-24,2026-02-24,5650.0,PE,DIVISLAB26FEB5650PE,2.4,2.5,2.15,2.5,2.5,4.35,6283.5,0.05,3500,-1200,21,11870015.0,15,F1,100,,,,,
2026-02-18,2026-02-18,FO,NSE,STO,89025,,DIVISLAB,,2026-02-24,2026-02-24,5300.0,PE,DIVISLAB26FEB5300PE,0.0,0.0,0.0,2.15,2.15,2.15,6283.5,0.05,2000,0,0,0.0,0,F1,100,,,,,
2026-02-18,2026-02-18,FO,NSE,STO,89022,,DIVISLAB,,2026-02-24,2026-02-24,5200.0,PE,DIVISLAB26FEB5200PE,0.45,0.45,0.3,0.3,0.3,0.65,6283.5,0.3,18200,-1200,13,6760555.0,4,F1,100,,,,,
2026-02-18,2026-02-18,FO,NSE,STO,91603,,DIVISLAB,,2026-03-30,2026-03-30,6700.0,CE,DIVISLAB26MAR6700CE,70.0,70.0,68.75,68.75,68.75,121.1,6283.5,68.75,500,300,3,2030750.0,3,F1,100,,,,,
2026-02-18,2026-02-18,FO,NSE,STO,104026,,DIVISLAB,,2026-03-30,2026-03-30,6050.0,CE,DIVISLAB26MAR6050CE,0.0,0.0,0.0,345.15,345.15,345.15,6283.5,370.9,100,0,0,0.0,0,F1,100,,,,,
2026-02-18,2026-02-18,FO,NSE,STO,104022,,DIVISLAB,,2026-03-30,2026-03-30,5850.0,CE,DIVISLAB26MAR5850CE,0.0,0.0,0.0,454.9,454.9,454.9,6283.5,519.4,100,0,0,0.0,0,F1,100,,,,,
2026-02-18,2026-02-18,FO,NSE,STO,103977,,DIVISLAB,,2026-03-30,2026-03-30,5550.0,CE,DIVISLAB26MAR5550CE,0.0,0.0,0.0,649.65,0.0,649.65,6283.5,780.6,0,0,0,0.0,0,F1,100,,,,,
2026-02-18,2026-02-18,FO,NSE,STO,91456,,DIVISLAB,,2026-02-24,2026-02-24,6750.0,PE,DIVISLAB26FEB6750PE,0.0,0.0,0.0,495.8,0.0,495.8,6283.5,461.65,0,0,0,0.0,0,F1,100,,,,,
2026-02-18,2026-02-18,FO,NSE,STO,89104,,DIVISLAB,,2026-02-24,2026-02-24,6800.0,PE,DIVISLAB26FEB6800PE,0.0,0.0,0.0,466.0,466.0,466.0,6283.5,511.0,600,0,0,0.0,0,F1,100,,,,,
2026-02-18,2026-02-18,FO,NSE,STO,91572,,DIVISLAB,,2026-03-30,2026-03-30,5500.0,PE,DIVISLAB26MAR5500PE,25.0,25.0,25.0,25.0,25.0,62.45,6283.5,10.7,100,100,1,552500.0,1,F1,100,,,,,
2026-02-18,2026-02-18,FO,NSE,STO,91576,,DIVISLAB,,2026-03-30,2026-03-30,5600.0,PE,DIVISLAB26MAR5600PE,0.0,0.0,0.0,30.0,30.0,30.0,6283.5,17.55,3100,0,0,0.0,0,F1,100,,,,,
2026-02-18,2026-02-18,FO,NSE,STO,91381,,DIVISLAB,,2026-02-24,2026-02-24,6150.0,CE,DIVISLAB26FEB6150CE,99.95,163.5,94.0,147.9,145.8,106.05,6283.5,147.9,25400,-400,705,442823250.0,611,F1,100,,,,,
2026-02-18,2026-02-18,FO,NSE,STO,89101,,DIVISLAB,,2026-02-24,2026-02-24,6700.0,CE,DIVISLAB26FEB6700CE,3.75,5.45,3.2,3.75,3.55,4.8,6283.5,3.75,39900,-8200,819,549069125.0,637,F1,100,,,,,
2026-02-18,2026-02-18,FO,NSE,STO,104214,,DIVISLAB,,2026-04-28,2026-04-28,6800.0,PE,DIVISLAB26APR6800PE,0.0,0.0,0.0,780.9,0.0,780.9,6283.5,566.15,0,0,0,0.0,0,F1,100,,,,,
2026-02-18,2026-02-18,FO,NSE,STO,91598,,DIVISLAB,,2026-03-30,2026-03-30,6400.0,PE,DIVISLAB26MAR6400PE,235.0,235.0,235.0,235.0,235.0,320.0,6283.5,256.05,500,100,1,663500.0,1,F1,100,,,,,
2026-02-18,2026-02-18,FO,NSE,STO,91594,,DIVISLAB,,2026-03-30,2026-03-30,6200.0,PE,DIVISLAB26MAR6200PE,182.4,182.4,139.0,142.45,146.0,182.4,6283.5,142.45,15700,2000,95,60411290.0,87,F1,100,,,,,
2026-02-18,2026-02-18,FO,NSE,STO,91592,,DIVISLAB,,2026-03-30,2026-03-30,6100.0,PE,DIVISLAB26MAR6100PE,127.6,127.6,118.0,119.0,119.0,131.55,6283.5,117.75,300,0,8,4976500.0,8,F1,100,,,,,
2026-02-18,2026-02-18,FO,NSE,STO,104025,,DIVISLAB,,2026-03-30,2026-03-30,5950.0,PE,DIVISLAB26MAR5950PE,73.5,73.5,73.25,73.25,73.25,103.0,6283.5,72.75,200,0,2,1204675.0,2,F1,100,,,,,
2026-02-18,2026-02-18,FO,NSE,STO,89110,,DIVISLAB,,2026-02-24,2026-02-24,7100.0,PE,DIVISLAB26FEB7100PE,0.0,0.0,0.0,1025.0,1025.0,1025.0,6283.5,810.1,200,0,0,0.0,0,F1,100,,,,,
2026-02-18,2026-02-18,FO,NSE,STO,91571,,DIVISLAB,,2026-03-30,2026-03-30,5500.0,CE,DIVISLAB26MAR5500CE,0.0,0.0,0.0,1004.4,0.0,1004.4,6283.5,827.25,0,0,0,0.0,0,F1,100,,,,,
2026-02-18,2026-02-18,FO,NSE,STO,91581,,DIVISLAB,,2026-03-30,2026-03-30,5900.0,CE,DIVISLAB26MAR5900CE,0.0,0.0,0.0,400.0,400.0,400.0,6283.5,479.95,200,0,0,0.0,0,F1,100,,,,,
2026-02-18,2026-02-18,FO,NSE,STO,104037,,DIVISLAB,,2026-03-30,2026-03-30,6550.0,CE,DIVISLAB26MAR6550CE,99.95,109.95,99.95,109.5,109.5,106.4,6283.5,122.35,1800,200,6,3993345.0,6,F1,100,,,,,
2026-02-18,2026-02-18,FO,NSE,STO,89039,,DIVISLAB,,2026-02-24,2026-02-24,5800.0,PE,DIVISLAB26FEB5800PE,7.6,8.2,2.45,2.65,2.8,7.85,6283.5,2.65,25400,-14600,370,214746975.0,237,F1,100,,,,,
2026-02-18,2026-02-18,FO,NSE,STO,91380,,DIVISLAB,,2026-02-24,2026-02-24,6050.0,PE,DIVISLAB26FEB6050PE,37.95,38.0,10.65,12.05,13.1,35.55,6283.5,12.05,25700,400,1195,725380375.0,1079,F1,100,,,,,
2026-02-18,2026-02-18,FO,NSE,STO,89084,,DIVISLAB,,2026-02-24,2026-02-24,6100.0,PE,DIVISLAB26FEB6100PE,48.05,57.0,15.7,17.85,19.9,49.7,6283.5,17.85,128500,7800,1544,946416040.0,1130,F1,100,,,,,
2026-02-18,2026-02-18,FO,NSE,STO,91379,,DIVISLAB,,2026-02-24,2026-02-24,6050.0,CE,DIVISLAB26FEB6050CE,160.0,251.4,160.0,239.5,240.3,174.35,6283.5,239.5,20100,-1600,124,77543980.0,119,F1,100,,,,,
2026-02-18,2026-02-18,FO,NSE,STO,91532,,DIVISLAB,,2026-03-30,2026-03-30,5400.0,CE,DIVISLAB26MAR5400CE,0.0,0.0,0.0,1088.75,0.0,1088.75,6283.5,922.15,0,0,0,0.0,0,F1,100,,,,,
2026-02-18,2026-02-18,FO,NSE,STO,91528,,DIVISLAB,,2026-03-30,2026-03-30,5200.0,CE,DIVISLAB26MAR5200CE,0.0,0.0,0.0,1265.0,0.0,1265.0,6283.5,1116.55,0,0,0,0.0,0,F1,100,,,,,
2026-02-18,2026-02-18,FO,NSE,STO,104185,,DIVISLAB,,2026-04-28,2026-04-28,5600.0,CE,DIVISLAB26APR5600CE,0.0,0.0,0.0,679.7,0.0,679.7,6283.5,784.7,0,0,0,0.0,0,F1,100,,,,,
2026-02-18,2026-02-18,FO,NSE,STO,104047,,DIVISLAB,,2026-03-30,2026-03-30,7050.0,CE,DIVISLAB26MAR7050CE,21.4,21.4,21.4,21.4,21.4,25.95,6283.5,26.8,300,-100,1,707140.0,1,F1,100,,,,,
2026-02-18,2026-02-18,FO,NSE,STO,91605,,DIVISLAB,,2026-03-30,2026-03-30,6800.0,CE,DIVISLAB26MAR6800CE,0.0,0.0,0.0,56.8,56.8,56.8,6283.5,60.25,900,0,0,0.0,0,F1,100,,,,,
2026-02-18,2026-02-18,FO,NSE,STO,104041,,DIVISLAB,,2026-03-30,2026-03-30,6750.0,CE,DIVISLAB26MAR6750CE,49.3,58.7,46.4,57.75,57.75,65.0,6283.5,70.0,3400,2000,42,28557435.0,27,F1,100,,,,,
2026-02-18,2026-02-18,FO,NSE,STO,91440,,DIVISLAB,,2026-02-24,2026-02-24,6350.0,PE,DIVISLAB26FEB6350PE,170.6,174.6,104.6,113.3,119.45,191.95,6283.5,113.3,23200,-1600,240,155536700.0,223,F1,100,,,,,
2026-02-18,2026-02-18,FO,NSE,STO,89094,,DIVISLAB,,2026-02-24,2026-02-24,6500.0,PE,DIVISLAB26FEB6500PE,261.0,261.0,223.65,238.95,238.95,320.0,6283.5,238.95,16200,-500,30,20230705.0,30,F1,100,,,,,
2026-02-18,2026-02-18,FO,NSE,STO,89106,,DIVISLAB,,2026-02-24,2026-02-24,6900.0,PE,DIVISLAB26FEB6900PE,0.0,0.0,0.0,592.45,592.45,592.45,6283.5,610.4,100,0,0,0.0,0,F1,100,,,,,
2026-02-18,2026-02-18,FO,NSE,STO,91523,,DIVISLAB,,2026-03-30,2026-03-30,5000.0,PE,DIVISLAB26MAR5000PE,0.0,0.0,0.0,14.5,0.0,14.5,6283.5,0.4,0,0,0,0.0,0,F1,100,,,,,
2026-02-18,2026-02-18,FO,NSE,STO,111956,,IEX,,2026-02-24,2026-02-24,138.0,PE,IEX26FEB138PE,0.0,0.0,0.0,13.05,13.05,13.05,126.15,11.92,7500,0,0,0.0,0,F1,3750,,,,,
2026-02-18,2026-02-18,FO,NSE,STO,103150,,IEX,,2026-02-24,2026-02-24,140.0,PE,IEX26FEB140PE,13.0,14.8,12.95,13.75,14.0,13.58,126.15,13.75,4297500,-626250,188,108529875.0,151,F1,3750,,,,,
2026-02-18,2026-02-18,FO,NSE,STO,112012,,IEX,,2026-02-24,2026-02-24,151.0,PE,IEX26FEB151PE,0.0,0.0,0.0,15.04,15.04,15.04,126.15,24.72,7500,0,0,0.0,0,F1,3750,,,,,
2026-02-18,2026-02-18,FO,NSE,STO,112035,,IEX,,2026-02-24,2026-02-24,154.0,PE,IEX26FEB154PE,0.0,0.0,0.0,18.46,18.46,18.46,126.15,27.71,3750,0,0,0.0,0,F1,3750,,,,,
2026-02-18,2026-02-18,FO,NSE,STO,103210,,IEX,,2026-02-24,2026-02-24,170.0,PE,IEX26FEB170PE,44.0,44.5,43.46,43.5,43.5,43.9,126.15,43.7,1166250,-116250,65,52151850.0,33,F1,3750,,,,,
2026-02-18,2026-02-18,FO,NSE,STO,123073,,IEX,,2026-03-30,2026-03-30,117.0,PE,IEX26MAR117PE,1.94,1.94,1.84,1.86,1.89,4.74,126.15,1.86,33750,15000,5,2229000.0,5,F1,3750,,,,,
2026-02-18,2026-02-18,FO,NSE,STO,123133,,IEX,,2026-03-30,2026-03-30,131.0,PE,IEX26MAR131PE,0.0,0.0,0.0,12.54,0.0,12.54,126.15,9.71,0,0,0,0.0,0,F1,3750,,,,,
2026-02-18,2026-02-18,FO,NSE,STO,111871,,IEX,,2026-02-24,2026-02-24,109.0,CE,IEX26FEB109CE,0.0,0.0,0.0,26.16,0.0,26.16,126.15,17.26,0,0,0,0.0,0,F1,3750,,,,,
2026-02-18,2026-02-18,FO,NSE,STO,111848,,IEX,,2026-02-24,2026-02-24,102.0,CE,IEX26FEB102CE,0.0,0.0,0.0,32.04,0.0,32.04,126.15,24.24,0,0,0,0.0,0,F1,3750,,,,,
2026-02-18,2026-02-18,FO,NSE,STO,112228,,IEX,,2026-03-30,2026-03-30,136.0,PE,IEX26MAR136PE,11.2,11.2,11.2,11.2,11.2,14.81,126.15,13.0,3750,3750,1,552000.0,1,F1,3750,,,,,
2026-02-18,2026-02-18,FO,NSE,STO,112255,,IEX,,2026-03-30,2026-03-30,142.0,PE,IEX26MAR142PE,0.0,0.0,0.0,18.4,0.0,18.4,126.15,17.5,0,0,0,0.0,0,F1,3750,,,,,
2026-02-18,2026-02-18,FO,NSE,STO,111906,,IEX,,2026-02-24,2026-02-24,128.0,CE,IEX26FEB128CE,1.49,1.88,1.0,1.27,1.16,1.68,126.15,1.27,1747500,-7500,582,282151425.0,470,F1,3750,,,,,
2026-02-18,2026-02-18,FO,NSE,STO,112042,,IEX,,2026-02-24,2026-02-24,159.0,CE,IEX26FEB159CE,0.0,0.0,0.0,0.04,0.04,0.04,126.15,0.01,11250,0,0,0.0,0,F1,3750,,,,,
2026-02-18,2026-02-18,FO,NSE,STO,122957,,IEX,,2026-03-30,2026-03-30,103.0,CE,IEX26MAR103CE,0.0,0.0,0.0,27.75,0.0,27.75,126.15,24.35,0,0,0,0.0,0,F1,3750,,,,,
2026-02-18,2026-02-18,FO,NSE,STO,112244,,IEX,,2026-03-30,2026-03-30,142.0,CE,IEX26MAR142CE,0.0,0.0,0.0,3.2,3.2,3.2,126.15,2.5,3750,0,0,0.0,0,F1,3750,,,,,
2026-02-18,2026-02-18,FO,NSE,STO,123522,,IEX,,2026-04-28,2026-04-28,100.0,CE,IEX26APR100CE,0.0,0.0,0.0,31.84,0.0,31.84,126.15,28.25,0,0,0,0.0,0,F1,3750,,,,,
2026-02-18,2026-02-18,FO,NSE,STO,111884,,IEX,,2026-02-24,2026-02-24,117.0,PE,IEX26FEB117PE,0.28,0.28,0.23,0.23,0.23,0.34,126.15,0.23,311250,-41250,19,8353725.0,18,F1,3750,,,,,
2026-02-18,2026-02-18,FO,NSE,STO,111913,,IEX,,2026-02-24,2026-02-24,131.0,PE,IEX26FEB131PE,5.19,6.13,4.83,5.36,5.3,6.28,126.15,5.36,243750,3750,32,16362225.0,32,F1,3750,,,,,
2026-02-18,2026-02-18,FO,NSE,STO,103154,,IEX,,2026-02-24,2026-02-24,145.0,PE,IEX26FEB145PE,18.61,18.61,18.51,18.51,18.51,18.53,126.15,18.74,1226250,-15000,4,2453025.0,2,F1,3750,,,,,
2026-02-18,2026-02-18,FO,NSE,STO,112224,,IEX,,2026-03-30,2026-03-30,132.0,PE,IEX26MAR132PE,0.0,0.0,0.0,10.7,10.7,10.7,126.15,10.33,7500,0,0,0.0,0,F1,3750,,,,,
2026-02-18,2026-02-18,FO,NSE,STO,111994,,IEX,,2026-02-24,2026-02-24,148.0,PE,IEX26FEB148PE,0.0,0.0,0.0,23.0,23.0,23.0,126.15,21.72,0,0,0,0.0,0,F1,3750,,,,,
2026-02-18,2026-02-18,FO,NSE,STO,123539,,IEX,,2026-04-28,2026-04-28,116.0,PE,IEX26APR116PE,0.0,0.0,0.0,7.44,0.0,7.44,126.15,4.66,0,0,0,0.0,0,F1,3750,,,,,
2026-02-18,2026-02-18,FO,NSE,STF,51918,,IEX,,2026-03-30,2026-03-30,,,IEX26MARFUT,127.25,127.98,125.87,127.09,126.92,127.25,126.15,127.09,17013750,4522500,1916,911510475.0,1710,F1,3750,,,,,
2026-02-18,2026-02-18,FO,NSE,STO,111869,,IEX,,2026-02-24,2026-02-24,108.0,CE,IEX26FEB108CE,0.0,0.0,0.0,26.97,0.0,26.97,126.15,18.25,0,0,0,0.0,0,F1,3750,,,,,
2026-02-18,2026-02-18,FO,NSE,STO,111892,,IEX,,2026-02-24,2026-02-24,119.0,CE,IEX26FEB119CE,7.57,7.62,7.48,7.53,7.48,7.96,126.15,7.53,243750,3750,5,2372925.0,5,F1,3750,,,,,
2026-02-18,2026-02-18,FO,NSE,STO,111902,,IEX,,2026-02-24,2026-02-24,126.0,CE,IEX26FEB126CE,2.35,2.8,1.59,2.03,1.91,2.52,126.15,2.03,1503750,-60000,561,269470837.5,507,F1,3750,,,,,
2026-02-18,2026-02-18,FO,NSE,STO,123563,,IEX,,2026-04-28,2026-04-28,136.0,PE,IEX26APR136PE,0.0,0.0,0.0,17.52,0.0,17.52,126.15,14.8,0,0,0,0.0,0,F1,3750,,,,,
2026-02-18,2026-02-18,FO,NSE,STO,123064,,IEX,,2026-03-30,2026-03-30,111.0,PE,IEX26MAR111PE,0.0,0.0,0.0,1.42,1.42,1.42,126.15,1.7,75000,0,0,0.0,0,F1,3750,,,,,
2026-02-18,2026-02-18,FO,NSE,STO,111959,,IEX,,2026-02-24,2026-02-24,141.0,CE,IEX26FEB141CE,0.15,0.15,0.1,0.11,0.11,0.19,126.15,0.11,120000,-101250,46,24344250.0,27,F1,3750,,,,,
2026-02-18,2026-02-18,FO,NSE,STO,111993,,IEX,,2026-02-24,2026-02-24,148.0,CE,IEX26FEB148CE,0.1,0.1,0.09,0.09,0.09,0.2,126.15,0.01,22500,0,2,1110712.5,2,F1,3750,,,,,
2026-02-18,2026-02-18,FO,NSE,STO,122955,,IEX,,2026-03-30,2026-03-30,101.0,CE,IEX26MAR101CE,0.0,0.0,0.0,29.38,0.0,29.38,126.15,26.18,0,0,0,0.0,0,F1,3750,,,,,
2026-02-18,2026-02-18,FO,NSE,STO,122958,,IEX,,2026-03-30,2026-03-30,103.0,PE,IEX26MAR103PE,0.0,0.0,0.0,2.12,0.0,2.12,126.15,0.58,0,0,0,0.0,0,F1,3750,,,,,
2026-02-18,2026-02-18,FO,NSE,STO,123134,,IEX,,2026-03-30,2026-03-30,133.0,CE,IEX26MAR133CE,0.0,0.0,0.0,9.64,0.0,9.64,126.15,4.92,0,0,0,0.0,0,F1,3750,,,,,
2026-02-18,2026-02-18,FO,NSE,STO,112227,,IEX,,2026-03-30,2026-03-30,136.0,CE,IEX26MAR136CE,0.0,0.0,0.0,9.0,9.0,9.0,126.15,3.96,3750,0,0,0.0,0,F1,3750,,,,,
2026-02-18,2026-02-18,FO,NSE,STO,112371,,IEX,,2026-03-30,2026-03-30,146.0,CE,IEX26MAR146CE,0.0,0.0,0.0,4.55,4.55,4.55,126.15,1.8,56250,0,0,0.0,0,F1,3750,,,,,
2026-02-18,2026-02-18,FO,NSE,STO,111957,,IEX,,2026-02-24,2026-02-24,139.0,CE,IEX26FEB139CE,0.31,0.31,0.09,0.09,0.09,0.2,126.15,0.14,120000,-3750,4,2087550.0,4,F1,3750,,,,,
2026-02-18,2026-02-18,FO,NSE,STO,103149,,IEX,,2026-02-24,2026-02-24,140.0,CE,IEX26FEB140CE,0.17,0.18,0.1,0.12,0.11,0.18,126.15,0.12,7245000,-735000,595,312662625.0,500,F1,3750,,,,,
2026-02-18,2026-02-18,FO,NSE,STO,112109,,IEX,,2026-03-30,2026-03-30,104.0,CE,IEX26MAR104CE,0.0,0.0,0.0,32.21,0.0,32.21,126.15,23.45,0,0,0,0.0,0,F1,3750,,,,,
2026-02-18,2026-02-18,FO,NSE,STO,122961,,IEX,,2026-03-30,2026-03-30,107.0,CE,IEX26MAR107CE,0.0,0.0,0.0,24.62,0.0,24.62,126.15,20.82,0,0,0,0.0,0,F1,3750,,,,,
2026-02-18,2026-02-18,FO,NSE,STO,112205,,IEX,,2026-03-30,2026-03-30,128.0,CE,IEX26MAR128CE,0.0,0.0,0.0,6.05,6.05,6.05,126.15,6.89,11250,0,0,0.0,0,F1,3750,,,,,
2026-02-18,2026-02-18,FO,NSE,STO,112221,,IEX,,2026-03-30,2026-03-30,130.0,CE,IEX26MAR130CE,5.0,5.11,4.06,4.3,4.24,4.95,126.15,4.3,2366250,438750,335,169082625.0,324,F1,3750,,,,,
2026-02-18,2026-02-18,FO,NSE,STO,123528,,IEX,,2026-04-28,2026-04-28,106.0,CE,IEX26APR106CE,0.0,0.0,0.0,27.35,0.0,27.35,126.15,23.25,0,0,0,0.0,0,F1,3750,,,,,
2026-02-18,2026-02-18,FO,NSE,STO,103111,,IEX,,2026-02-24,2026-02-24,105.0,PE,IEX26FEB105PE,0.0,0.0,0.0,0.9,0.9,0.9,126.15,0.01,18750,0,0,0.0,0,F1,3750,,,,,
2026-02-18,2026-02-18,FO,NSE,STO,111882,,IEX,,2026-02-24,2026-02-24,116.0,PE,IEX26FEB116PE,0.23,0.27,0.2,0.2,0.2,0.28,126.15,0.2,412500,-112500,52,22666500.0,52,F1,3750,,,,,
2026-02-18,2026-02-18,FO,NSE,STO,103142,,IEX,,2026-02-24,2026-02-24,130.0,PE,IEX26FEB130PE,4.73,5.57,4.1,4.48,4.6,4.61,126.15,4.48,3000000,-198750,100,50462250.0,83,F1,3750,,,,,
2026-02-18,2026-02-18,FO,NSE,STO,111921,,IEX,,2026-02-24,2026-02-24,136.0,PE,IEX26FEB136PE,0.0,0.0,0.0,12.6,12.6,12.6,126.15,10.06,7500,0,0,0.0,0,F1,3750,,,,,
2026-02-18,2026-02-18,FO,NSE,STO,103187,,IEX,,2026-02-24,2026-02-24,160.0,PE,IEX26FEB160PE,33.0,33.9,33.0,33.55,33.55,33.45,126.15,33.55,423750,-30000,11,7981537.5,9,F1,3750,,,,,
2026-02-18,2026-02-18,FO,NSE,STO,103193,,IEX,,2026-02-24,2026-02-24,165.0,PE,IEX26FEB165PE,0.0,0.0,0.0,39.15,39.15,39.15,126.15,38.7,198750,0,0,0.0,0,F1,3750,,,,,
2026-02-18,2026-02-18,FO,NSE,STO,112112,,IEX,,2026-03-30,2026-03-30,106.0,PE,IEX26MAR106PE,0.8,0.8,0.6,0.6,0.6,3.75,126.15,0.9,187500,22500,18,7203862.5,16,F1,3750,,,,,
2026-02-18,2026-02-18,FO,NSE,STO,112114,,IEX,,2026-03-30,2026-03-30,108.0,PE,IEX26MAR108PE,0.0,0.0,0.0,3.53,0.0,3.53,126.15,1.17,0,0,0,0.0,0,F1,3750,,,,,
2026-02-18,2026-02-18,FO,NSE,STO,112120,,IEX,,2026-03-30,2026-03-30,114.0,PE,IEX26MAR114PE,0.0,0.0,0.0,5.17,0.0,5.17,126.15,2.38,0,0,0,0.0,0,F1,3750,,,,,
2026-02-18,2026-02-18,FO,NSE,STO,123071,,IEX,,2026-03-30,2026-03-30,115.0,PE,IEX26MAR115PE,1.8,1.9,1.44,1.48,1.54,1.8,126.15,1.48,198750,67500,28,12252937.5,27,F1,3750,,,,,
2026-02-18,2026-02-18,FO,NSE,STO,123075,,IEX,,2026-03-30,2026-03-30,119.0,PE,IEX26MAR119PE,0.0,0.0,0.0,4.71,4.71,4.71,126.15,3.9,30000,0,0,0.0,0,F1,3750,,,,,
2026-02-18,2026-02-18,FO,NSE,STO,103110,,IEX,,2026-02-24,2026-02-24,105.0,CE,IEX26FEB105CE,0.0,0.0,0.0,39.0,0.0,39.0,126.15,21.25,0,0,0,0.0,0,F1,3750,,,,,
2026-02-18,2026-02-18,FO,NSE,STO,111867,,IEX,,2026-02-24,2026-02-24,107.0,CE,IEX26FEB107CE,0.0,0.0,0.0,27.78,0.0,27.78,126.15,19.25,0,0,0,0.0,0,F1,3750,,,,,
2026-02-18,2026-02-18,FO,NSE,STO,112004,,IEX,,2026-02-24,2026-02-24,149.0,CE,IEX26FEB149CE,0.0,0.0,0.0,0.07,0.07,0.07,126.15,0.01,37500,0,0,0.0,0,F1,3750,,,,,
2026-02-18,2026-02-18,FO,NSE,STO,112119,,IEX,,2026-03-30,2026-03-30,114.0,CE,IEX26MAR114CE,0.0,0.0,0.0,24.87,0.0,24.87,126.15,15.21,0,0,0,0.0,0,F1,3750,,,,,
2026-02-18,2026-02-18,FO,NSE,STO,123529,,IEX,,2026-04-28,2026-04-28,106.0,PE,IEX26APR106PE,0.0,0.0,0.0,4.17,0.0,4.17,126.15,2.0,0,0,0,0.0,0,F1,3750,,,,,
2026-02-18,2026-02-18,FO,NSE,STO,112373,,IEX,,2026-03-30,2026-03-30,146.0,PE,IEX26MAR146PE,19.42,19.52,19.35,19.52,19.52,20.0,126.15,20.78,18750,15000,4,2481150.0,3,F1,3750,,,,,
2026-02-18,2026-02-18,FO,NSE,STO,112126,,IEX,,2026-03-30,2026-03-30,118.0,PE,IEX26MAR118PE,2.24,2.24,2.12,2.14,2.14,2.78,126.15,2.14,52500,15000,4,1802662.5,4,F1,3750,,,,,
2026-02-18,2026-02-18,FO,NSE,STO,111927,,IEX,,2026-02-24,2026-02-24,137.0,PE,IEX26FEB137PE,11.55,12.11,11.0,11.0,11.0,13.76,126.15,10.98,120000,-18750,6,3343837.5,6,F1,3750,,,,,
2026-02-18,2026-02-18,FO,NSE,STO,111880,,IEX,,2026-02-24,2026-02-24,114.0,PE,IEX26FEB114PE,0.22,0.22,0.18,0.18,0.18,0.23,126.15,0.18,431250,-97500,44,18841725.0,44,F1,3750,,,,,
2026-02-18,2026-02-18,FO,NSE,STO,123136,,IEX,,2026-03-30,2026-03-30,135.0,CE,IEX26MAR135CE,3.29,3.29,2.46,2.62,2.55,3.16,126.15,2.62,735000,236250,197,101823525.0,165,F1,3750,,,,,
2026-02-18,2026-02-18,FO,NSE,STO,123544,,IEX,,2026-04-28,2026-04-28,122.0,CE,IEX26APR122CE,0.0,0.0,0.0,17.4,0.0,17.4,126.15,12.44,0,0,0,0.0,0,F1,3750,,,,,
2026-02-18,2026-02-18,FO,NSE,STO,123548,,IEX,,2026-04-28,2026-04-28,124.0,CE,IEX26APR124CE,0.0,0.0,0.0,16.37,0.0,16.37,126.15,11.38,0,0,0,0.0,0,F1,3750,,,,,
2026-02-18,2026-02-18,FO,NSE,STO,123558,,IEX,,2026-04-28,2026-04-28,132.0,CE,IEX26APR132CE,0.0,0.0,0.0,12.72,0.0,12.72,126.15,7.78,0,0,0,0.0,0,F1,3750,,,,,
2026-02-18,2026-02-18,FO,NSE,STO,111870,,IEX,,2026-02-24,2026-02-24,108.0,PE,IEX26FEB108PE,0.07,0.12,0.07,0.12,0.12,0.18,126.15,0.01,168750,-7500,2,810712.5,2,F1,3750,,,,,
2026-02-18,2026-02-18,FO,NSE,STO,111850,,IEX,,2026-02-24,2026-02-24,103.0,CE,IEX26FEB103CE,0.0,0.0,0.0,31.17,0.0,31.17,126.15,23.24,0,0,0,0.0,0,F1,3750,,,,,
2026-02-18,2026-02-18,FO,NSE,STO,111885,,IEX,,2026-02-24,2026-02-24,118.0,CE,IEX26FEB118CE,0.0,0.0,0.0,8.77,8.77,8.77,126.15,8.65,135000,0,0,0.0,0,F1,3750,,,,,
2026-02-18,2026-02-18,FO,NSE,STO,103120,,IEX,,2026-02-24,2026-02-24,120.0,CE,IEX26FEB120CE,7.2,7.6,5.6,6.6,6.5,6.98,126.15,6.6,1147500,-112500,45,21350662.5,44,F1,3750,,,,,
2026-02-18,2026-02-18,FO,NSE,STO,103171,,IEX,,2026-02-24,2026-02-24,155.0,CE,IEX26FEB155CE,0.03,0.05,0.03,0.04,0.04,0.05,126.15,0.04,648750,-93750,36,20930250.0,24,F1,3750,,,,,
2026-02-18,2026-02-18,FO,NSE,STO,123549,,IEX,,2026-04-28,2026-04-28,124.0,PE,IEX26APR124PE,0.0,0.0,0.0,10.92,0.0,10.92,126.15,7.94,0,0,0,0.0,0,F1,3750,,,,,
2026-02-18,2026-02-18,FO,NSE,STO,123557,,IEX,,2026-04-28,2026-04-28,130.0,PE,IEX26APR130PE,0.0,0.0,0.0,11.0,11.0,11.0,126.15,11.09,7500,0,0,0.0,0,F1,3750,,,,,
2026-02-18,2026-02-18,FO,NSE,STO,111920,,IEX,,2026-02-24,2026-02-24,136.0,CE,IEX26FEB136CE,0.4,0.4,0.17,0.2,0.18,0.35,126.15,0.2,450000,0,16,8172000.0,15,F1,3750,,,,,
2026-02-18,2026-02-18,FO,NSE,STO,123524,,IEX,,2026-04-28,2026-04-28,102.0,CE,IEX26APR102CE,0.0,0.0,0.0,30.3,0.0,30.3,126.15,26.54,0,0,0,0.0,0,F1,3750,,,,,
2026-02-18,2026-02-18,FO,NSE,STO,123542,,IEX,,2026-04-28,2026-04-28,120.0,CE,IEX26APR120CE,0.0,0.0,0.0,18.47,0.0,18.47,126.15,13.56,0,0,0,0.0,0,F1,3750,,,,,
2026-02-18,2026-02-18,FO,NSE,STO,123572,,IEX,,2026-04-28,2026-04-28,144.0,CE,IEX26APR144CE,0.0,0.0,0.0,8.5,0.0,8.5,126.15,4.13,0,0,0,0.0,0,F1,3750,,,,,
2026-02-18,2026-02-18,FO,NSE,STO,103138,,IEX,,2026-02-24,2026-02-24,120.0,PE,IEX26FEB120PE,0.5,0.58,0.35,0.36,0.38,0.49,126.15,0.36,3465000,-416250,440,198715800.0,324,F1,3750,,,,,
2026-02-18,2026-02-18,FO,NSE,STO,123535,,IEX,,2026-04-28,2026-04-28,112.0,PE,IEX26APR112PE,0.0,0.0,0.0,5.99,0.0,5.99,126.15,3.42,0,0,0,0.0,0,F1,3750,,,,,
2026-02-18,2026-02-18,FO,NSE,STO,123533,,IEX,,2026-04-28,2026-04-28,110.0,PE,IEX26APR110PE,0.0,0.0,0.0,5.34,0.0,5.34,126.15,2.89,0,0,0,0.0,0,F1,3750,,,,,
2026-02-18,2026-02-18,FO,NSE,STO,112369,,IEX,,2026-03-30,2026-03-30,144.0,PE,IEX26MAR144PE,0.0,0.0,0.0,18.98,18.98,18.98,126.15,19.11,3750,0,0,0.0,0,F1,3750,,,,,
2026-02-18,2026-02-18,FO,NSE,STO,112203,,IEX,,2026-03-30,2026-03-30,126.0,PE,IEX26MAR126PE,5.35,5.35,4.87,4.93,5.0,6.23,126.15,4.93,22500,11250,3,1474575.0,3,F1,3750,,,,,
2026-02-18,2026-02-18,FO,NSE,STO,111917,,IEX,,2026-02-24,2026-02-24,133.0,PE,IEX26FEB133PE,0.0,0.0,0.0,8.31,8.37,8.31,126.15,7.45,120000,0,0,0.0,0,F1,3750,,,,,
2026-02-18,2026-02-18,FO,NSE,STO,111855,,IEX,,2026-02-24,2026-02-24,106.0,PE,IEX26FEB106PE,0.11,0.11,0.1,0.1,0.1,0.12,126.15,0.1,607500,-101250,53,21088125.0,42,F1,3750,,,,,
2026-02-18,2026-02-18,FO,NSE,STO,123576,,IEX,,2026-04-28,2026-04-28,148.0,CE,IEX26APR148CE,0.0,0.0,0.0,7.39,0.0,7.39,126.15,3.29,0,0,0,0.0,0,F1,3750,,,,,
2026-02-18,2026-02-18,FO,NSE,STO,112393,,IEX,,2026-03-30,2026-03-30,160.0,CE,IEX26MAR160CE,0.45,0.5,0.37,0.37,0.37,0.48,126.15,0.37,266250,56250,26,15640200.0,23,F1,3750,,,,,
2026-02-18,2026-02-18,FO,NSE,STO,123138,,IEX,,2026-03-30,2026-03-30,137.0,CE,IEX26MAR137CE,0.0,0.0,0.0,8.15,0.0,8.15,126.15,3.68,0,0,0,0.0,0,F1,3750,,,,,
2026-02-18,2026-02-18,FO,NSE,STO,112223,,IEX,,2026-03-30,2026-03-30,132.0,CE,IEX26MAR132CE,3.61,3.76,3.53,3.59,3.53,5.0,126.15,3.59,18750,15000,10,5087175.0,10,F1,3750,,,,,
2026-02-18,2026-02-18,FO,NSE,STO,123078,,IEX,,2026-03-30,2026-03-30,123.0,CE,IEX26MAR123CE,0.0,0.0,0.0,14.27,0.0,14.27,126.15,9.38,0,0,0,0.0,0,F1,3750,,,,,
2026-02-18,2026-02-18,FO,NSE,STO,112121,,IEX,,2026-03-30,2026-03-30,116.0,CE,IEX26MAR116CE,0.0,0.0,0.0,23.54,0.0,23.54,126.15,13.77,0,0,0,0.0,0,F1,3750,,,,,
2026-02-18,2026-02-18,FO,NSE,STO,122963,,IEX,,2026-03-30,2026-03-30,109.0,CE,IEX26MAR109CE,0.0,0.0,0.0,23.14,0.0,23.14,126.15,19.14,0,0,0,0.0,0,F1,3750,,,,,
2026-02-18,2026-02-18,FO,NSE,STO,111981,,IEX,,2026-02-24,2026-02-24,147.0,CE,IEX26FEB147CE,0.09,0.09,0.03,0.07,0.07,0.15,126.15,0.07,198750,-116250,81,44665312.5,33,F1,3750,,,,,
2026-02-18,2026-02-18,FO,NSE,STO,111971,,IEX,,2026-02-24,2026-02-24,143.0,CE,IEX26FEB143CE,0.08,0.08,0.08,0.08,0.08,0.14,126.15,0.08,138750,-7500,2,1073100.0,2,F1,3750,,,,,
2026-02-18,2026-02-18,FO,NSE,STO,103143,,IEX,,2026-02-24,2026-02-24,135.0,CE,IEX26FEB135CE,0.33,0.47,0.2,0.24,0.22,0.43,126.15,0.24,4136250,-202500,564,286118212.5,460,F1,3750,,,,,
2026-02-18,2026-02-18,FO,NSE,STO,111898,,IEX,,2026-02-24,2026-02-24,123.0,CE,IEX26FEB123CE,4.42,4.88,3.52,4.03,4.1,4.42,126.15,4.03,603750,-45000,37,17631900.0,27,F1,3750,,,,,
2026-02-18,2026-02-18,FO,NSE,STO,111896,,IEX,,2026-02-24,2026-02-24,122.0,CE,IEX26FEB122CE,5.0,5.28,3.89,4.8,4.78,5.28,126.15,4.8,592500,-30000,21,9964837.5,20,F1,3750,,,,,
2026-02-18,2026-02-18,FO,NSE,STO,112124,,IEX,,2026-03-30,2026-03-30,116.0,PE,IEX26MAR116PE,0.0,0.0,0.0,3.2,3.2,3.2,126.15,2.93,22500,0,0,0.0,0,F1,3750,,,,,
2026-02-18,2026-02-18,FO,NSE,STO,122960,,IEX,,2026-03-30,2026-03-30,105.0,PE,IEX26MAR105PE,0.0,0.0,0.0,2.51,0.0,2.51,126.15,0.78,0,0,0,0.0,0,F1,3750,,,,,
2026-02-18,2026-02-18,FO,NSE,STO,112051,,IEX,,2026-02-24,2026-02-24,164.0,PE,IEX26FEB164PE,0.0,0.0,0.0,26.59,26.59,26.59,126.15,37.7,3750,0,0,0.0,0,F1,3750,,,,,
2026-02-18,2026-02-18,FO,NSE,STO,111966,,IEX,,2026-02-24,2026-02-24,141.0,PE,IEX26FEB141PE,0.0,0.0,0.0,15.39,0.0,15.39,126.15,14.8,0,0,0,0.0,0,F1,3750,,,,,
2026-02-18,2026-02-18,FO,NSE,STO,123565,,IEX,,2026-04-28,2026-04-28,138.0,PE,IEX26APR138PE,0.0,0.0,0.0,18.77,0.0,18.77,126.15,16.15,0,0,0,0.0,0,F1,3750,,,,,
2026-02-18,2026-02-18,FO,NSE,STO,123559,,IEX,,2026-04-28,2026-04-28,132.0,PE,IEX26APR132PE,0.0,0.0,0.0,15.15,0.0,15.15,126.15,12.27,0,0,0,0.0,0,F1,3750,,,,,
2026-02-18,2026-02-18,FO,NSE,STO,112118,,IEX,,2026-03-30,2026-03-30,112.0,PE,IEX26MAR112PE,1.35,1.38,1.16,1.16,1.16,1.56,126.15,1.91,195000,-7500,10,4249387.5,10,F1,3750,,,,,
2026-02-18,2026-02-18,FO,NSE,STO,123139,,IEX,,2026-03-30,2026-03-30,137.0,PE,IEX26MAR137PE,12.3,12.3,12.3,12.3,12.3,16.17,126.15,13.71,11250,11250,3,1679625.0,3,F1,3750,,,,,
2026-02-18,2026-02-18,FO,NSE,STO,111876,,IEX,,2026-02-24,2026-02-24,112.0,PE,IEX26FEB112PE,0.25,0.25,0.16,0.16,0.16,0.2,126.15,0.16,648750,-18750,29,12199687.5,29,F1,3750,,,,,
2026-02-18,2026-02-18,FO,NSE,STO,111872,,IEX,,2026-02-24,2026-02-24,109.0,PE,IEX26FEB109PE,0.0,0.0,0.0,0.19,0.19,0.19,126.15,0.01,90000,0,0,0.0,0,F1,3750,,,,,
2026-02-18,2026-02-18,FO,NSE,STO,111851,,IEX,,2026-02-24,2026-02-24,103.0,PE,IEX26FEB103PE,0.0,0.0,0.0,0.34,0.34,0.34,126.15,0.01,7500,0,0,0.0,0,F1,3750,,,,,
2026-02-18,2026-02-18,FO,NSE,STO,111729,,IEX,,2026-02-24,2026-02-24,98.0,PE,IEX26FEB98PE,0.09,0.09,0.02,0.06,0.06,0.09,126.15,0.01,37500,3750,15,5516025.0,15,F1,3750,,,,,
2026-02-18,2026-02-18,FO,NSE,STO,123534,,IEX,,2026-04-28,2026-04-28,112.0,CE,IEX26APR112CE,0.0,0.0,0.0,23.26,0.0,23.26,126.15,18.72,0,0,0,0.0,0,F1,3750,,,,,
2026-02-18,2026-02-18,FO,NSE,STO,112225,,IEX,,2026-03-30,2026-03-30,134.0,CE,IEX26MAR134CE,0.0,0.0,0.0,13.7,0.0,13.7,126.15,4.58,0,0,0,0.0,0,F1,3750,,,,,
2026-02-18,2026-02-18,FO,NSE,STO,112133,,IEX,,2026-03-30,2026-03-30,126.0,CE,IEX26MAR126CE,0.0,0.0,0.0,5.94,5.94,5.94,126.15,7.82,3750,0,0,0.0,0,F1,3750,,,,,
2026-02-18,2026-02-18,FO,NSE,STO,123076,,IEX,,2026-03-30,2026-03-30,121.0,CE,IEX26MAR121CE,0.0,0.0,0.0,15.37,0.0,15.37,126.15,10.53,0,0,0,0.0,0,F1,3750,,,,,
2026-02-18,2026-02-18,FO,NSE,STO,123072,,IEX,,2026-03-30,2026-03-30,117.0,CE,IEX26MAR117CE,0.0,0.0,0.0,17.73,0.0,17.73,126.15,13.08,0,0,0,0.0,0,F1,3750,,,,,
2026-02-18,2026-02-18,FO,NSE,STO,123070,,IEX,,2026-03-30,2026-03-30,115.0,CE,IEX26MAR115CE,0.0,0.0,0.0,19.0,0.0,19.0,126.15,14.48,0,0,0,0.0,0,F1,3750,,,,,
2026-02-18,2026-02-18,FO,NSE,STO,112105,,IEX,,2026-03-30,2026-03-30,100.0,CE,IEX26MAR100CE,0.0,0.0,0.0,35.44,0.0,35.44,126.15,27.11,0,0,0,0.0,0,F1,3750,,,,,
2026-02-18,2026-02-18,FO,NSE,STO,112061,,IEX,,2026-02-24,2026-02-24,168.0,CE,IEX26FEB168CE,0.01,0.02,0.01,0.02,0.02,0.1,126.15,0.01,7500,-3750,2,1260112.5,2,F1,3750,,,,,
2026-02-18,2026-02-18,FO,NSE,STO,112030,,IEX,,2026-02-24,2026-02-24,152.0,CE,IEX26FEB152CE,0.0,0.0,0.0,0.13,0.13,0.13,126.15,0.01,11250,0,0,0.0,0,F1,3750,,,,,
2026-02-18,2026-02-18,FO,NSE,STO,103139,,IEX,,2026-02-24,2026-02-24,125.0,CE,IEX26FEB125CE,2.76,3.48,2.0,2.58,2.41,3.05,126.15,2.58,3191250,-532500,1036,495782025.0,867,F1,3750,,,,,
2026-02-18,2026-02-18,FO,NSE,STO,111852,,IEX,,2026-02-24,2026-02-24,104.0,CE,IEX26FEB104CE,0.0,0.0,0.0,21.0,21.0,21.0,126.15,22.24,3750,0,0,0.0,0,F1,3750,,,,,
2026-02-18,2026-02-18,FO,NSE,STF,66859,,IEX,,2026-04-28,2026-04-28,,,IEX26APRFUT,128.0,128.51,126.8,127.8,127.7,128.0,126.15,127.8,1151250,41250,33,15800625.0,33,F1,3750,,,,,
2026-02-18,2026-02-18,FO,NSE,STO,111895,,IEX,,2026-02-24,2026-02-24,121.0,PE,IEX26FEB121PE,0.6,0.68,0.42,0.44,0.46,0.58,126.15,0.44,1031250,-120000,227,103421775.0,214,F1,3750,,,,,
2026-02-18,2026-02-18,FO,NSE,STO,111897,,IEX,,2026-02-24,2026-02-24,122.0,PE,IEX26FEB122PE,0.73,0.86,0.52,0.56,0.56,0.73,126.15,0.56,1297500,-228750,266,122331112.5,221,F1,3750,,,,,
2026-02-18,2026-02-18,FO,NSE,STO,103140,,IEX,,2026-02-24,2026-02-24,125.0,PE,IEX26FEB125PE,1.55,2.01,1.18,1.32,1.41,1.55,126.15,1.32,3018750,-191250,741,351505387.5,654,F1,3750,,,,,
2026-02-18,2026-02-18,FO,NSE,STO,111915,,IEX,,2026-02-24,2026-02-24,132.0,PE,IEX26FEB132PE,6.6,6.6,6.18,6.18,6.18,6.28,126.15,6.18,251250,-3750,2,1037925.0,2,F1,3750,,,,,
2026-02-18,2026-02-18,FO,NSE,STO,103148,,IEX,,2026-02-24,2026-02-24,135.0,PE,IEX26FEB135PE,9.16,10.01,8.34,8.89,8.8,8.9,126.15,8.89,1706250,-78750,44,23803462.5,38,F1,3750,,,,,
2026-02-18,2026-02-18,FO,NSE,STO,103178,,IEX,,2026-02-24,2026-02-24,155.0,PE,IEX26FEB155PE,0.0,0.0,0.0,29.5,29.5,29.5,126.15,28.71,165000,0,0,0.0,0,F1,3750,,,,,
2026-02-18,2026-02-18,FO,NSE,STO,112106,,IEX,,2026-03-30,2026-03-30,100.0,PE,IEX26MAR100PE,0.0,0.0,0.0,1.95,0.0,1.95,126.15,0.36,0,0,0,0.0,0,F1,3750,,,,,
2026-02-18,2026-02-18,FO,NSE,STO,123122,,IEX,,2026-03-30,2026-03-30,125.0,PE,IEX26MAR125PE,4.87,5.19,4.29,4.42,4.5,4.87,126.15,4.42,753750,150000,95,46158900.0,82,F1,3750,,,,,
2026-02-18,2026-02-18,FO,NSE,STO,112110,,IEX,,2026-03-30,2026-03-30,104.0,PE,IEX26MAR104PE,0.0,0.0,0.0,1.17,1.15,1.17,126.15,0.68,191250,0,0,0.0,0,F1,3750,,,,,
2026-02-18,2026-02-18,FO,NSE,STO,112222,,IEX,,2026-03-30,2026-03-30,130.0,PE,IEX26MAR130PE,7.0,7.96,6.82,6.96,7.2,7.51,126.15,6.96,727500,345000,137,70483950.0,135,F1,3750,,,,,
2026-02-18,2026-02-18,FO,NSE,STO,112232,,IEX,,2026-03-30,2026-03-30,140.0,PE,IEX26MAR140PE,14.0,15.3,13.7,14.09,14.22,14.27,126.15,14.09,1706250,615000,174,100695187.5,148,F1,3750,,,,,
2026-02-18,2026-02-18,FO,NSE,STO,123545,,IEX,,2026-04-28,2026-04-28,122.0,PE,IEX26APR122PE,0.0,0.0,0.0,9.98,0.0,9.98,126.15,7.02,0,0,0,0.0,0,F1,3750,,,,,
2026-02-18,2026-02-18,FO,NSE,STO,123577,,IEX,,2026-04-28,2026-04-28,148.0,PE,IEX26APR148PE,0.0,0.0,0.0,25.57,0.0,25.57,126.15,23.61,0,0,0,0.0,0,F1,3750,,,,,
2026-02-18,2026-02-18,FO,NSE,STO,103116,,IEX,,2026-02-24,2026-02-24,110.0,CE,IEX26FEB110CE,0.0,0.0,0.0,13.55,13.55,13.55,126.15,16.27,11250,0,0,0.0,0,F1,3750,,,,,
2026-02-18,2026-02-18,FO,NSE,STO,111875,,IEX,,2026-02-24,2026-02-24,112.0,CE,IEX26FEB112CE,0.0,0.0,0.0,13.82,13.82,13.82,126.15,14.29,41250,0,0,0.0,0,F1,3750,,,,,
2026-02-18,2026-02-18,FO,NSE,STO,112131,,IEX,,2026-03-30,2026-03-30,124.0,CE,IEX26MAR124CE,7.16,7.35,7.16,7.35,7.35,7.87,126.15,7.35,52500,-7500,3,1476262.5,3,F1,3750,,,,,
2026-02-18,2026-02-18,FO,NSE,STO,103118,,IEX,,2026-02-24,2026-02-24,115.0,CE,IEX26FEB115CE,0.0,0.0,0.0,9.75,9.55,9.75,126.15,11.4,97500,0,0,0.0,0,F1,3750,,,,,
2026-02-18,2026-02-18,FO,NSE,STO,103141,,IEX,,2026-02-24,2026-02-24,130.0,CE,IEX26FEB130CE,1.23,1.32,0.66,0.82,0.78,1.17,126.15,0.82,13346250,86250,2146,1053813300.0,1781,F1,3750,,,,,
2026-02-18,2026-02-18,FO,NSE,STO,112063,,IEX,,2026-02-24,2026-02-24,172.0,CE,IEX26FEB172CE,0.01,0.02,0.01,0.02,0.02,0.1,126.15,0.01,0,-7500,4,2580225.0,4,F1,3750,,,,,
2026-02-18,2026-02-18,FO,NSE,STO,122959,,IEX,,2026-03-30,2026-03-30,105.0,CE,IEX26MAR105CE,0.0,0.0,0.0,26.16,0.0,26.16,126.15,22.56,0,0,0,0.0,0,F1,3750,,,,,
2026-02-18,2026-02-18,FO,NSE,STO,112113,,IEX,,2026-03-30,2026-03-30,108.0,CE,IEX26MAR108CE,0.0,0.0,0.0,29.14,0.0,29.14,126.15,19.97,0,0,0,0.0,0,F1,3750,,,,,
2026-02-18,2026-02-18,FO,NSE,STO,122965,,IEX,,2026-03-30,2026-03-30,111.0,CE,IEX26MAR111CE,0.0,0.0,0.0,21.71,0.0,21.71,126.15,17.52,0,0,0,0.0,0,F1,3750,,,,,
2026-02-18,2026-02-18,FO,NSE,STO,112231,,IEX,,2026-03-30,2026-03-30,140.0,CE,IEX26MAR140CE,1.9,2.05,1.47,1.55,1.52,1.97,126.15,1.55,2130000,761250,456,242336737.5,360,F1,3750,,,,,
2026-02-18,2026-02-18,FO,NSE,STO,123142,,IEX,,2026-03-30,2026-03-30,141.0,CE,IEX26MAR141CE,1.52,1.53,1.33,1.41,1.39,1.9,126.15,1.41,101250,56250,15,8013562.5,15,F1,3750,,,,,
2026-02-18,2026-02-18,FO,NSE,STO,112368,,IEX,,2026-03-30,2026-03-30,144.0,CE,IEX26MAR144CE,1.15,1.18,1.02,1.06,1.08,9.82,126.15,1.06,187500,187500,51,27751800.0,45,F1,3750,,,,,
2026-02-18,2026-02-18,FO,NSE,STO,123538,,IEX,,2026-04-28,2026-04-28,116.0,CE,IEX26APR116CE,0.0,0.0,0.0,20.77,0.0,20.77,126.15,16.01,0,0,0,0.0,0,F1,3750,,,,,
2026-02-18,2026-02-18,FO,NSE,STO,123556,,IEX,,2026-04-28,2026-04-28,130.0,CE,IEX26APR130CE,0.0,0.0,0.0,6.6,6.6,6.6,126.15,8.59,3750,0,0,0.0,0,F1,3750,,,,,
2026-02-18,2026-02-18,FO,NSE,STO,123560,,IEX,,2026-04-28,2026-04-28,134.0,CE,IEX26APR134CE,0.0,0.0,0.0,11.91,0.0,11.91,126.15,7.04,0,0,0,0.0,0,F1,3750,,,,,
2026-02-18,2026-02-18,FO,NSE,STO,123562,,IEX,,2026-04-28,2026-04-28,136.0,CE,IEX26APR136CE,0.0,0.0,0.0,11.15,0.0,11.15,126.15,6.35,0,0,0,0.0,0,F1,3750,,,,,
2026-02-18,2026-02-18,FO,NSE,STO,111893,,IEX,,2026-02-24,2026-02-24,119.0,PE,IEX26FEB119PE,0.39,0.44,0.29,0.3,0.31,0.41,126.15,0.3,622500,-26250,129,57726562.5,129,F1,3750,,,,,
2026-02-18,2026-02-18,FO,NSE,STO,111901,,IEX,,2026-02-24,2026-02-24,124.0,PE,IEX26FEB124PE,1.05,1.52,0.92,0.98,1.04,1.19,126.15,0.98,1350000,-176250,172,80648925.0,127,F1,3750,,,,,
2026-02-18,2026-02-18,FO,NSE,STO,111908,,IEX,,2026-02-24,2026-02-24,128.0,PE,IEX26FEB128PE,0.0,0.0,0.0,3.16,3.16,3.16,126.15,3.83,525000,0,0,0.0,0,F1,3750,,,,,
2026-02-18,2026-02-18,FO,NSE,STO,111992,,IEX,,2026-02-24,2026-02-24,147.0,PE,IEX26FEB147PE,0.0,0.0,0.0,24.84,24.84,24.84,126.15,20.73,7500,0,0,0.0,0,F1,3750,,,,,
2026-02-18,2026-02-18,FO,NSE,STO,111919,,IEX,,2026-02-24,2026-02-24,134.0,PE,IEX26FEB134PE,0.0,0.0,0.0,8.05,8.05,8.05,126.15,8.29,63750,0,0,0.0,0,F1,3750,,,,,
2026-02-18,2026-02-18,FO,NSE,STO,111923,,IEX,,2026-02-24,2026-02-24,137.0,CE,IEX26FEB137CE,0.2,0.2,0.15,0.17,0.17,0.3,126.15,0.17,442500,26250,52,26747925.0,49,F1,3750,,,,,
2026-02-18,2026-02-18,FO,NSE,STO,111979,,IEX,,2026-02-24,2026-02-24,146.0,CE,IEX26FEB146CE,0.0,0.0,0.0,0.9,0.9,0.9,126.15,0.01,45000,0,0,0.0,0,F1,3750,,,,,
2026-02-18,2026-02-18,FO,NSE,STO,112065,,IEX,,2026-02-24,2026-02-24,174.0,CE,IEX26FEB174CE,0.01,0.02,0.01,0.02,0.02,0.1,126.15,0.01,11250,-3750,4,2610187.5,4,F1,3750,,,,,
2026-02-18,2026-02-18,FO,NSE,STO,112115,,IEX,,2026-03-30,2026-03-30,110.0,CE,IEX26MAR110CE,17.85,17.85,17.85,17.85,17.85,27.68,126.15,18.32,3750,3750,1,479437.5,1,F1,3750,,,,,
2026-02-18,2026-02-18,FO,NSE,STO,123074,,IEX,,2026-03-30,2026-03-30,119.0,CE,IEX26MAR119CE,0.0,0.0,0.0,10.55,10.55,10.55,126.15,11.76,11250,0,0,0.0,0,F1,3750,,,,,
2026-02-18,2026-02-18,FO,NSE,STO,123132,,IEX,,2026-03-30,2026-03-30,131.0,CE,IEX26MAR131CE,0.0,0.0,0.0,10.46,0.0,10.46,126.15,5.65,0,0,0,0.0,0,F1,3750,,,,,
2026-02-18,2026-02-18,FO,NSE,STO,111883,,IEX,,2026-02-24,2026-02-24,117.0,CE,IEX26FEB117CE,0.0,0.0,0.0,7.68,7.68,7.68,126.15,9.54,22500,0,0,0.0,0,F1,3750,,,,,
2026-02-18,2026-02-18,FO,NSE,STF,59358,,IEX,,2026-02-24,2026-02-24,,,IEX26FEBFUT,126.0,127.22,125.04,126.28,126.0,126.54,126.15,126.28,66798750,-4012500,2267,1072133362.5,2040,F1,3750,,,,,
2026-02-18,2026-02-18,FO,NSE,STO,112381,,IEX,,2026-03-30,2026-03-30,148.0,CE,IEX26MAR148CE,0.0,0.0,0.0,8.54,0.0,8.54,126.15,1.52,0,0,0,0.0,0,F1,3750,,,,,
2026-02-18,2026-02-18,FO,NSE,STO,111849,,IEX,,2026-02-24,2026-02-24,102.0,PE,IEX26FEB102PE,0.06,0.06,0.06,0.06,0.06,0.1,126.15,0.01,195000,-3750,1,382725.0,1,F1,3750,,,,,
2026-02-18,2026-02-18,FO,NSE,STO,103119,,IEX,,2026-02-24,2026-02-24,115.0,PE,IEX26FEB115PE,0.24,0.25,0.19,0.19,0.2,0.26,126.15,0.19,1293750,-262500,160,69131625.0,132,F1,3750,,,,,
2026-02-18,2026-02-18,FO,NSE,STO,123569,,IEX,,2026-04-28,2026-04-28,140.0,PE,IEX26APR140PE,0.0,0.0,0.0,18.0,18.0,18.0,126.15,17.55,7500,0,0,0.0,0,F1,3750,,,,,
2026-02-18,2026-02-18,FO,NSE,STO,112382,,IEX,,2026-03-30,2026-03-30,148.0,PE,IEX26MAR148PE,0.0,0.0,0.0,22.34,0.0,22.34,126.15,22.48,0,0,0,0.0,0,F1,3750,,,,,
2026-02-18,2026-02-18,FO,NSE,STO,112130,,IEX,,2026-03-30,2026-03-30,122.0,PE,IEX26MAR122PE,0.0,0.0,0.0,2.57,2.57,2.57,126.15,5.06,3750,0,0,0.0,0,F1,3750,,,,,
2026-02-18,2026-02-18,FO,NSE,STO,112108,,IEX,,2026-03-30,2026-03-30,102.0,PE,IEX26MAR102PE,0.0,0.0,0.0,0.8,0.8,0.8,126.15,0.5,7500,0,0,0.0,0,F1,3750,,,,,
2026-02-18,2026-02-18,FO,NSE,STO,103170,,IEX,,2026-02-24,2026-02-24,150.0,PE,IEX26FEB150PE,24.5,24.5,23.65,23.65,23.65,23.6,126.15,23.72,1875000,-15000,4,2612400.0,4,F1,3750,,,,,
2026-02-18,2026-02-18,FO,NSE,STO,123531,,IEX,,2026-04-28,2026-04-28,108.0,PE,IEX26APR108PE,0.0,0.0,0.0,4.73,0.0,4.73,126.15,2.42,0,0,0,0.0,0,F1,3750,,,,,
2026-02-18,2026-02-18,FO,NSE,STO,123537,,IEX,,2026-04-28,2026-04-28,114.0,PE,IEX26APR114PE,0.0,0.0,0.0,6.69,0.0,6.69,126.15,4.01,0,0,0,0.0,0,F1,3750,,,,,
2026-02-18,2026-02-18,FO,NSE,STO,123554,,IEX,,2026-04-28,2026-04-28,128.0,CE,IEX26APR128CE,0.0,0.0,0.0,14.45,0.0,14.45,126.15,9.45,0,0,0,0.0,0,F1,3750,,,,,
2026-02-18,2026-02-18,FO,NSE,STO,111854,,IEX,,2026-02-24,2026-02-24,106.0,CE,IEX26FEB106CE,0.0,0.0,0.0,28.61,0.0,28.61,126.15,20.25,0,0,0,0.0,0,F1,3750,,,,,
2026-02-18,2026-02-18,FO,NSE,STO,111873,,IEX,,2026-02-24,2026-02-24,111.0,CE,IEX26FEB111CE,15.5,15.5,14.85,14.85,14.85,14.75,126.15,15.28,18750,7500,2,946312.5,2,F1,3750,,,,,
2026-02-18,2026-02-18,FO,NSE,STO,111881,,IEX,,2026-02-24,2026-02-24,116.0,CE,IEX26FEB116CE,0.0,0.0,0.0,10.38,10.38,10.38,126.15,10.46,52500,0,0,0.0,0,F1,3750,,,,,
2026-02-18,2026-02-18,FO,NSE,STO,111894,,IEX,,2026-02-24,2026-02-24,121.0,CE,IEX26FEB121CE,5.2,5.98,4.83,5.73,5.71,6.15,126.15,5.73,555000,-7500,16,7591050.0,16,F1,3750,,,,,
2026-02-18,2026-02-18,FO,NSE,STO,123526,,IEX,,2026-04-28,2026-04-28,104.0,CE,IEX26APR104CE,0.0,0.0,0.0,28.8,0.0,28.8,126.15,24.87,0,0,0,0.0,0,F1,3750,,,,,
2026-02-18,2026-02-18,FO,NSE,STO,103209,,IEX,,2026-02-24,2026-02-24,170.0,CE,IEX26FEB170CE,0.03,0.03,0.02,0.02,0.02,0.04,126.15,0.01,1147500,-52500,34,21677962.5,19,F1,3750,,,,,
2026-02-18,2026-02-18,FO,NSE,STO,123568,,IEX,,2026-04-28,2026-04-28,140.0,CE,IEX26APR140CE,3.5,3.5,3.4,3.4,3.4,3.7,126.15,5.14,45000,-3750,4,2151750.0,4,F1,3750,,,,,
2026-02-18,2026-02-18,FO,NSE,STO,123564,,IEX,,2026-04-28,2026-04-28,138.0,CE,IEX26APR138CE,0.0,0.0,0.0,10.43,0.0,10.43,126.15,5.72,0,0,0,0.0,0,F1,3750,,,,,
2026-02-18,2026-02-18,FO,NSE,STO,111760,,IEX,,2026-02-24,2026-02-24,101.0,PE,IEX26FEB101PE,0.0,0.0,0.0,0.08,0.08,0.08,126.15,0.01,3750,0,0,0.0,0,F1,3750,,,,,
2026-02-18,2026-02-18,FO,NSE,STO,111853,,IEX,,2026-02-24,2026-02-24,104.0,PE,IEX26FEB104PE,0.07,0.08,0.07,0.07,0.08,0.1,126.15,0.07,611250,-11250,4,1561162.5,4,F1,3750,,,,,
2026-02-18,2026-02-18,FO,NSE,STO,111905,,IEX,,2026-02-24,2026-02-24,127.0,PE,IEX26FEB127PE,2.2,3.23,2.08,2.33,2.41,2.5,126.15,2.33,690000,-26250,111,53924100.0,111,F1,3750,,,,,
2026-02-18,2026-02-18,FO,NSE,STO,111916,,IEX,,2026-02-24,2026-02-24,133.0,CE,IEX26FEB133CE,0.69,0.69,0.35,0.39,0.37,0.65,126.15,0.39,1436250,48750,50,25012950.0,44,F1,3750,,,,,
2026-02-18,2026-02-18,FO,NSE,STO,111928,,IEX,,2026-02-24,2026-02-24,138.0,CE,IEX26FEB138CE,0.19,0.19,0.13,0.15,0.15,0.21,126.15,0.15,397500,7500,23,11914800.0,19,F1,3750,,,,,
2026-02-18,2026-02-18,FO,NSE,STO,111967,,IEX,,2026-02-24,2026-02-24,142.0,CE,IEX26FEB142CE,0.09,0.1,0.07,0.07,0.07,0.14,126.15,0.05,142500,-7500,8,4262737.5,7,F1,3750,,,,,
2026-02-18,2026-02-18,FO,NSE,STO,112104,,IEX,,2026-03-30,2026-03-30,98.0,PE,IEX26MAR98PE,0.43,0.45,0.43,0.45,0.45,1.65,126.15,0.26,7500,7500,2,738300.0,2,F1,3750,,,,,
2026-02-18,2026-02-18,FO,NSE,STO,112132,,IEX,,2026-03-30,2026-03-30,124.0,PE,IEX26MAR124PE,0.0,0.0,0.0,7.53,7.53,7.53,126.15,5.94,3750,0,0,0.0,0,F1,3750,,,,,
2026-02-18,2026-02-18,FO,NSE,STO,123147,,IEX,,2026-03-30,2026-03-30,141.0,PE,IEX26MAR141PE,0.0,0.0,0.0,18.83,0.0,18.83,126.15,16.71,0,0,0,0.0,0,F1,3750,,,,,
2026-02-18,2026-02-18,FO,NSE,STO,111975,,IEX,,2026-02-24,2026-02-24,144.0,CE,IEX26FEB144CE,0.1,0.11,0.07,0.07,0.07,0.13,126.15,0.03,131250,-33750,24,12968662.5,19,F1,3750,,,,,
2026-02-18,2026-02-18,FO,NSE,STO,103168,,IEX,,2026-02-24,2026-02-24,150.0,CE,IEX26FEB150CE,0.06,0.09,0.06,0.06,0.07,0.09,126.15,0.06,6798750,-270000,220,123805275.0,126,F1,3750,,,,,
2026-02-18,2026-02-18,FO,NSE,STO,112125,,IEX,,2026-03-30,2026-03-30,118.0,CE,IEX26MAR118CE,0.0,0.0,0.0,22.25,0.0,22.25,126.15,12.41,0,0,0,0.0,0,F1,3750,,,,,
2026-02-18,2026-02-18,FO,NSE,STO,123130,,IEX,,2026-03-30,2026-03-30,129.0,CE,IEX26MAR129CE,0.0,0.0,0.0,11.33,0.0,11.33,126.15,6.45,0,0,0,0.0,0,F1,3750,,,,,
2026-02-18,2026-02-18,FO,NSE,STO,112229,,IEX,,2026-03-30,2026-03-30,138.0,CE,IEX26MAR138CE,2.05,2.05,1.95,1.95,1.95,12.02,126.15,3.41,7500,7500,2,1050000.0,2,F1,3750,,,,,
2026-02-18,2026-02-18,FO,NSE,STO,112383,,IEX,,2026-03-30,2026-03-30,150.0,CE,IEX26MAR150CE,0.83,0.88,0.62,0.65,0.64,0.85,126.15,0.65,645000,75000,118,66682912.5,96,F1,3750,,,,,
2026-02-18,2026-02-18,FO,NSE,STO,112036,,IEX,,2026-02-24,2026-02-24,156.0,CE,IEX26FEB156CE,0.0,0.0,0.0,0.53,0.53,0.53,126.15,0.01,11250,0,0,0.0,0,F1,3750,,,,,
2026-02-18,2026-02-18,FO,NSE,STO,112128,,IEX,,2026-03-30,2026-03-30,120.0,PE,IEX26MAR120PE,2.92,3.1,2.54,2.61,2.63,2.92,126.15,2.61,877500,315000,186,85657387.5,145,F1,3750,,,,,
2026-02-18,2026-02-18,FO,NSE,STO,122964,,IEX,,2026-03-30,2026-03-30,109.0,PE,IEX26MAR109PE,0.0,0.0,0.0,3.45,0.0,3.45,126.15,1.33,0,0,0,0.0,0,F1,3750,,,,,
2026-02-18,2026-02-18,FO,NSE,STO,103105,,IEX,,2026-02-24,2026-02-24,100.0,CE,IEX26FEB100CE,0.0,0.0,0.0,23.41,23.41,23.41,126.15,26.24,52500,0,0,0.0,0,F1,3750,,,,,
2026-02-18,2026-02-18,FO,NSE,STO,112116,,IEX,,2026-03-30,2026-03-30,110.0,PE,IEX26MAR110PE,1.05,1.14,0.85,0.87,0.9,1.13,126.15,0.87,412500,26250,66,27470850.0,62,F1,3750,,,,,
2026-02-18,2026-02-18,FO,NSE,STO,111911,,IEX,,2026-02-24,2026-02-24,129.0,PE,IEX26FEB129PE,4.3,4.3,3.6,3.75,3.6,3.86,126.15,3.75,341250,-11250,12,5975362.5,12,F1,3750,,,,,
2026-02-18,2026-02-18,FO,NSE,STO,111903,,IEX,,2026-02-24,2026-02-24,126.0,PE,IEX26FEB126PE,2.0,2.51,1.6,1.76,1.84,1.97,126.15,1.76,888750,86250,305,146224687.5,258,F1,3750,,,,,
2026-02-18,2026-02-18,FO,NSE,STO,43400,,IEX,,2026-02-24,2026-02-24,173.0,CE,IEX26FEB173CE,0.0,0.0,0.0,1.85,1.85,1.85,126.15,0.01,3750,0,0,0.0,0,F1,3750,,,,,
2026-02-18,2026-02-18,FO,NSE,STO,111969,,IEX,,2026-02-24,2026-02-24,142.0,PE,IEX26FEB142PE,0.0,0.0,0.0,22.0,22.0,22.0,126.15,15.78,3750,0,0,0.0,0,F1,3750,,,,,
2026-02-18,2026-02-18,FO,NSE,STO,112032,,IEX,,2026-02-24,2026-02-24,153.0,CE,IEX26FEB153CE,0.0,0.0,0.0,0.07,0.07,0.07,126.15,0.01,22500,0,0,0.0,0,F1,3750,,,,,
2026-02-18,2026-02-18,FO,NSE,STO,103180,,IEX,,2026-02-24,2026-02-24,160.0,CE,IEX26FEB160CE,0.04,0.04,0.02,0.02,0.03,0.04,126.15,0.02,1057500,-112500,57,34207125.0,52,F1,3750,,,,,
2026-02-18,2026-02-18,FO,NSE,STO,112038,,IEX,,2026-02-24,2026-02-24,157.0,CE,IEX26FEB157CE,0.0,0.0,0.0,0.07,0.07,0.07,126.15,0.01,37500,0,0,0.0,0,F1,3750,,,,,
2026-02-18,2026-02-18,FO,NSE,STO,123129,,IEX,,2026-03-30,2026-03-30,127.0,PE,IEX26MAR127PE,0.0,0.0,0.0,7.0,7.0,7.0,126.15,7.43,7500,0,0,0.0,0,F1,3750,,,,,
2026-02-18,2026-02-18,FO,NSE,STO,123523,,IEX,,2026-04-28,2026-04-28,100.0,PE,IEX26APR100PE,0.0,0.0,0.0,2.76,0.0,2.76,126.15,1.07,0,0,0,0.0,0,F1,3750,,,,,
2026-02-18,2026-02-18,FO,NSE,STO,123553,,IEX,,2026-04-28,2026-04-28,126.0,PE,IEX26APR126PE,0.0,0.0,0.0,11.91,0.0,11.91,126.15,8.93,0,0,0,0.0,0,F1,3750,,,,,
2026-02-18,2026-02-18,FO,NSE,STO,123555,,IEX,,2026-04-28,2026-04-28,128.0,PE,IEX26APR128PE,0.0,0.0,0.0,12.94,0.0,12.94,126.15,9.98,0,0,0,0.0,0,F1,3750,,,,,
2026-02-18,2026-02-18,FO,NSE,STO,112107,,IEX,,2026-03-30,2026-03-30,102.0,CE,IEX26MAR102CE,0.0,0.0,0.0,33.81,0.0,33.81,126.15,25.26,0,0,0,0.0,0,F1,3750,,,,,
2026-02-18,2026-02-18,FO,NSE,STO,112111,,IEX,,2026-03-30,2026-03-30,106.0,CE,IEX26MAR106CE,0.0,0.0,0.0,30.66,0.0,30.66,126.15,21.69,0,0,0,0.0,0,F1,3750,,,,,
2026-02-18,2026-02-18,FO,NSE,STO,112117,,IEX,,2026-03-30,2026-03-30,112.0,CE,IEX26MAR112CE,0.0,0.0,0.0,26.25,0.0,26.25,126.15,16.73,0,0,0,0.0,0,F1,3750,,,,,
2026-02-18,2026-02-18,FO,NSE,STO,123065,,IEX,,2026-03-30,2026-03-30,113.0,CE,IEX26MAR113CE,0.0,0.0,0.0,20.33,0.0,20.33,126.15,15.96,0,0,0,0.0,0,F1,3750,,,,,
2026-02-18,2026-02-18,FO,NSE,STO,43404,,IEX,,2026-02-24,2026-02-24,177.0,CE,IEX26FEB177CE,0.01,0.02,0.01,0.02,0.02,0.05,126.15,0.01,0,-3750,2,1327612.5,2,F1,3750,,,,,
2026-02-18,2026-02-18,FO,NSE,STO,111759,,IEX,,2026-02-24,2026-02-24,101.0,CE,IEX26FEB101CE,0.0,0.0,0.0,32.92,0.0,32.92,126.15,25.24,0,0,0,0.0,0,F1,3750,,,,,
2026-02-18,2026-02-18,FO,NSE,STO,123561,,IEX,,2026-04-28,2026-04-28,134.0,PE,IEX26APR134PE,0.0,0.0,0.0,16.31,0.0,16.31,126.15,13.5,0,0,0,0.0,0,F1,3750,,,,,
2026-02-18,2026-02-18,FO,NSE,STO,103218,,IEX,,2026-02-24,2026-02-24,180.0,CE,IEX26FEB180CE,0.02,0.02,0.01,0.01,0.01,0.03,126.15,0.01,873750,-11250,57,38477662.5,17,F1,3750,,,,,
2026-02-18,2026-02-18,FO,NSE,STO,112127,,IEX,,2026-03-30,2026-03-30,120.0,CE,IEX26MAR120CE,10.53,10.53,9.36,9.9,9.83,10.54,126.15,9.9,172500,33750,15,7305337.5,15,F1,3750,,,,,
2026-02-18,2026-02-18,FO,NSE,STO,123140,,IEX,,2026-03-30,2026-03-30,139.0,CE,IEX26MAR139CE,0.0,0.0,0.0,7.48,0.0,7.48,126.15,3.16,0,0,0,0.0,0,F1,3750,,,,,
2026-02-18,2026-02-18,FO,NSE,STO,123530,,IEX,,2026-04-28,2026-04-28,108.0,CE,IEX26APR108CE,0.0,0.0,0.0,25.94,0.0,25.94,126.15,21.68,0,0,0,0.0,0,F1,3750,,,,,
2026-02-18,2026-02-18,FO,NSE,STO,123532,,IEX,,2026-04-28,2026-04-28,110.0,CE,IEX26APR110CE,0.0,0.0,0.0,24.57,0.0,24.57,126.15,20.17,0,0,0,0.0,0,F1,3750,,,,,
2026-02-18,2026-02-18,FO,NSE,STO,123536,,IEX,,2026-04-28,2026-04-28,114.0,CE,IEX26APR114CE,0.0,0.0,0.0,21.99,0.0,21.99,126.15,17.34,0,0,0,0.0,0,F1,3750,,,,,
2026-02-18,2026-02-18,FO,NSE,STO,111878,,IEX,,2026-02-24,2026-02-24,113.0,PE,IEX26FEB113PE,0.0,0.0,0.0,3.0,0.0,3.0,126.15,0.07,0,0,0,0.0,0,F1,3750,,,,,
2026-02-18,2026-02-18,FO,NSE,STO,111976,,IEX,,2026-02-24,2026-02-24,144.0,PE,IEX26FEB144PE,0.0,0.0,0.0,17.37,0.0,17.37,126.15,17.75,0,0,0,0.0,0,F1,3750,,,,,
2026-02-18,2026-02-18,FO,NSE,STO,123069,,IEX,,2026-03-30,2026-03-30,113.0,PE,IEX26MAR113PE,0.0,0.0,0.0,4.59,0.0,4.59,126.15,2.13,0,0,0,0.0,0,F1,3750,,,,,
2026-02-18,2026-02-18,FO,NSE,STO,123077,,IEX,,2026-03-30,2026-03-30,121.0,PE,IEX26MAR121PE,0.0,0.0,0.0,5.6,5.6,5.6,126.15,4.65,3750,0,0,0.0,0,F1,3750,,,,,
2026-02-18,2026-02-18,FO,NSE,STO,112220,,IEX,,2026-03-30,2026-03-30,128.0,PE,IEX26MAR128PE,0.0,0.0,0.0,10.65,0.0,10.65,126.15,7.97,0,0,0,0.0,0,F1,3750,,,,,
2026-02-18,2026-02-18,FO,NSE,STO,123135,,IEX,,2026-03-30,2026-03-30,133.0,PE,IEX26MAR133PE,0.0,0.0,0.0,13.7,0.0,13.7,126.15,10.97,0,0,0,0.0,0,F1,3750,,,,,
2026-02-18,2026-02-18,FO,NSE,STO,112226,,IEX,,2026-03-30,2026-03-30,134.0,PE,IEX26MAR134PE,0.0,0.0,0.0,12.0,12.0,12.0,126.15,11.63,7500,0,0,0.0,0,F1,3750,,,,,
2026-02-18,2026-02-18,FO,NSE,STO,123137,,IEX,,2026-03-30,2026-03-30,135.0,PE,IEX26MAR135PE,11.15,11.3,10.19,10.28,10.37,11.0,126.15,10.28,360000,78750,33,18037237.5,31,F1,3750,,,,,
2026-02-18,2026-02-18,FO,NSE,STO,111877,,IEX,,2026-02-24,2026-02-24,113.0,CE,IEX26FEB113CE,0.0,0.0,0.0,23.05,0.0,23.05,126.15,13.32,0,0,0,0.0,0,F1,3750,,,,,
2026-02-18,2026-02-18,FO,NSE,STO,111900,,IEX,,2026-02-24,2026-02-24,124.0,CE,IEX26FEB124CE,3.5,4.13,2.56,3.22,3.17,3.69,126.15,3.22,930000,-202500,107,51114487.5,87,F1,3750,,,,,
2026-02-18,2026-02-18,FO,NSE,STO,111904,,IEX,,2026-02-24,2026-02-24,127.0,CE,IEX26FEB127CE,2.1,2.3,1.26,1.59,1.49,2.04,126.15,1.59,2662500,63750,644,310752112.5,586,F1,3750,,,,,
2026-02-18,2026-02-18,FO,NSE,STO,111910,,IEX,,2026-02-24,2026-02-24,129.0,CE,IEX26FEB129CE,1.33,1.48,0.8,1.01,1.01,1.37,126.15,1.01,1698750,3750,123,59993062.5,109,F1,3750,,,,,
2026-02-18,2026-02-18,FO,NSE,STO,111914,,IEX,,2026-02-24,2026-02-24,132.0,CE,IEX26FEB132CE,0.78,0.86,0.41,0.49,0.49,0.78,126.15,0.49,1140000,-146250,253,125792250.0,213,F1,3750,,,,,
2026-02-18,2026-02-18,FO,NSE,STO,103188,,IEX,,2026-02-24,2026-02-24,165.0,CE,IEX26FEB165CE,0.0,0.0,0.0,0.03,0.03,0.03,126.15,0.01,101250,0,0,0.0,0,F1,3750,,,,,
2026-02-18,2026-02-18,FO,NSE,STO,35898,,IEX,,2026-02-24,2026-02-24,169.0,CE,IEX26FEB169CE,0.0,0.0,0.0,2.2,2.2,2.2,126.15,0.01,3750,0,0,0.0,0,F1,3750,,,,,
2026-02-18,2026-02-18,FO,NSE,STO,112103,,IEX,,2026-03-30,2026-03-30,98.0,CE,IEX26MAR98CE,0.0,0.0,0.0,37.11,0.0,37.11,126.15,29.0,0,0,0,0.0,0,F1,3750,,,,,
2026-02-18,2026-02-18,FO,NSE,STO,112129,,IEX,,2026-03-30,2026-03-30,122.0,CE,IEX26MAR122CE,0.0,0.0,0.0,8.78,8.78,8.78,126.15,9.94,11250,0,0,0.0,0,F1,3750,,,,,
2026-02-18,2026-02-18,FO,NSE,STO,123121,,IEX,,2026-03-30,2026-03-30,125.0,CE,IEX26MAR125CE,7.0,7.55,6.37,6.69,6.62,7.26,126.15,6.69,667500,161250,116,57361687.5,102,F1,3750,,,,,
2026-02-18,2026-02-18,FO,NSE,STO,123128,,IEX,,2026-03-30,2026-03-30,127.0,CE,IEX26MAR127CE,5.9,5.9,5.66,5.68,5.71,7.0,126.15,5.68,11250,7500,3,1493512.5,3,F1,3750,,,,,
2026-02-18,2026-02-18,FO,NSE,STO,123540,,IEX,,2026-04-28,2026-04-28,118.0,CE,IEX26APR118CE,0.0,0.0,0.0,19.6,0.0,19.6,126.15,14.75,0,0,0,0.0,0,F1,3750,,,,,
2026-02-18,2026-02-18,FO,NSE,STO,123552,,IEX,,2026-04-28,2026-04-28,126.0,CE,IEX26APR126CE,0.0,0.0,0.0,15.39,0.0,15.39,126.15,10.38,0,0,0,0.0,0,F1,3750,,,,,
2026-02-18,2026-02-18,FO,NSE,STO,103109,,IEX,,2026-02-24,2026-02-24,100.0,PE,IEX26FEB100PE,0.08,0.08,0.06,0.06,0.06,0.1,126.15,0.06,615000,15000,56,21013537.5,38,F1,3750,,,,,
2026-02-18,2026-02-18,FO,NSE,STO,111868,,IEX,,2026-02-24,2026-02-24,107.0,PE,IEX26FEB107PE,0.0,0.0,0.0,1.79,0.0,1.79,126.15,0.01,0,0,0,0.0,0,F1,3750,,,,,
2026-02-18,2026-02-18,FO,NSE,STO,103117,,IEX,,2026-02-24,2026-02-24,110.0,PE,IEX26FEB110PE,0.16,0.18,0.12,0.13,0.14,0.17,126.15,0.13,2636250,-165000,101,41720512.5,85,F1,3750,,,,,
2026-02-18,2026-02-18,FO,NSE,STO,111874,,IEX,,2026-02-24,2026-02-24,111.0,PE,IEX26FEB111PE,0.0,0.0,0.0,0.2,0.2,0.2,126.15,0.03,3750,0,0,0.0,0,F1,3750,,,,,
2026-02-18,2026-02-18,FO,NSE,STO,111890,,IEX,,2026-02-24,2026-02-24,118.0,PE,IEX26FEB118PE,0.33,0.36,0.25,0.26,0.27,0.36,126.15,0.26,581250,-75000,67,29721637.5,66,F1,3750,,,,,
2026-02-18,2026-02-18,FO,NSE,STO,111958,,IEX,,2026-02-24,2026-02-24,139.0,PE,IEX26FEB139PE,13.0,13.0,13.0,13.0,13.0,14.2,126.15,12.87,3750,0,1,570000.0,1,F1,3750,,,,,
2026-02-18,2026-02-18,FO,NSE,STO,111980,,IEX,,2026-02-24,2026-02-24,146.0,PE,IEX26FEB146PE,0.0,0.0,0.0,20.16,20.16,20.16,126.15,19.73,3750,0,0,0.0,0,F1,3750,,,,,
2026-02-18,2026-02-18,FO,NSE,STO,123573,,IEX,,2026-04-28,2026-04-28,144.0,PE,IEX26APR144PE,0.0,0.0,0.0,22.74,0.0,22.74,126.15,20.49,0,0,0,0.0,0,F1,3750,,,,,
2026-02-18,2026-02-18,FO,NSE,STO,103219,,IEX,,2026-02-24,2026-02-24,180.0,PE,IEX26FEB180PE,0.0,0.0,0.0,42.0,42.0,42.0,126.15,53.69,3750,0,0,0.0,0,F1,3750,,,,,
2026-02-18,2026-02-18,FO,NSE,STO,122956,,IEX,,2026-03-30,2026-03-30,101.0,PE,IEX26MAR101PE,0.0,0.0,0.0,1.77,0.0,1.77,126.15,0.43,0,0,0,0.0,0,F1,3750,,,,,
2026-02-18,2026-02-18,FO,NSE,STO,122962,,IEX,,2026-03-30,2026-03-30,107.0,PE,IEX26MAR107PE,0.0,0.0,0.0,2.96,0.0,2.96,126.15,1.03,0,0,0,0.0,0,F1,3750,,,,,
2026-02-18,2026-02-18,FO,NSE,STO,123120,,IEX,,2026-03-30,2026-03-30,123.0,PE,IEX26MAR123PE,3.95,3.95,3.8,3.8,3.8,4.15,126.15,5.49,26250,11250,3,1427062.5,3,F1,3750,,,,,
2026-02-18,2026-02-18,FO,NSE,STO,123131,,IEX,,2026-03-30,2026-03-30,129.0,PE,IEX26MAR129PE,6.8,6.8,6.4,6.4,6.4,11.43,126.15,6.4,7500,7500,2,1017000.0,2,F1,3750,,,,,
2026-02-18,2026-02-18,FO,NSE,STO,112230,,IEX,,2026-03-30,2026-03-30,138.0,PE,IEX26MAR138PE,0.0,0.0,0.0,15.97,0.0,15.97,126.15,14.44,0,0,0,0.0,0,F1,3750,,,,,
2026-02-18,2026-02-18,FO,NSE,STO,123525,,IEX,,2026-04-28,2026-04-28,102.0,PE,IEX26APR102PE,0.0,0.0,0.0,3.18,0.0,3.18,126.15,1.33,0,0,0,0.0,0,F1,3750,,,,,
2026-02-18,2026-02-18,FO,NSE,STO,123541,,IEX,,2026-04-28,2026-04-28,118.0,PE,IEX26APR118PE,0.0,0.0,0.0,8.24,0.0,8.24,126.15,5.38,0,0,0,0.0,0,F1,3750,,,,,
2026-02-18,2026-02-18,FO,NSE,STO,123543,,IEX,,2026-04-28,2026-04-28,120.0,PE,IEX26APR120PE,0.0,0.0,0.0,9.09,0.0,9.09,126.15,6.17,0,0,0,0.0,0,F1,3750,,,,,
2026-02-18,2026-02-18,FO,NSE,STO,111728,,IEX,,2026-02-24,2026-02-24,98.0,CE,IEX26FEB98CE,0.0,0.0,0.0,26.87,26.87,26.87,126.15,28.24,11250,0,0,0.0,0,F1,3750,,,,,
2026-02-18,2026-02-18,FO,NSE,STO,111879,,IEX,,2026-02-24,2026-02-24,114.0,CE,IEX26FEB114CE,0.0,0.0,0.0,8.42,8.42,8.42,126.15,12.35,26250,0,0,0.0,0,F1,3750,,,,,
2026-02-18,2026-02-18,FO,NSE,STO,111912,,IEX,,2026-02-24,2026-02-24,131.0,CE,IEX26FEB131CE,0.86,1.03,0.51,0.62,0.62,0.95,126.15,0.62,1147500,11250,145,71568487.5,102,F1,3750,,,,,
2026-02-18,2026-02-18,FO,NSE,STO,123141,,IEX,,2026-03-30,2026-03-30,139.0,PE,IEX26MAR139PE,13.5,13.5,13.5,13.5,13.5,17.48,126.15,15.18,3750,3750,1,571875.0,1,F1,3750,,,,,
2026-02-18,2026-02-18,FO,NSE,STO,112384,,IEX,,2026-03-30,2026-03-30,150.0,PE,IEX26MAR150PE,23.0,24.0,22.8,23.1,23.1,23.26,126.15,24.23,198750,48750,15,9743962.5,12,F1,3750,,,,,
2026-02-18,2026-02-18,FO,NSE,STO,35901,,IEX,,2026-03-30,2026-03-30,170.0,PE,IEX26MAR170PE,41.44,43.72,41.44,42.55,42.55,42.5,126.15,43.02,135000,127500,50,39905700.0,29,F1,3750,,,,,
2026-02-18,2026-02-18,FO,NSE,STO,123527,,IEX,,2026-04-28,2026-04-28,104.0,PE,IEX26APR104PE,0.0,0.0,0.0,3.66,0.0,3.66,126.15,1.64,0,0,0,0.0,0,F1,3750,,,,,
2026-02-18,2026-02-18,FO,NSE,STO,111918,,IEX,,2026-02-24,2026-02-24,134.0,CE,IEX26FEB134CE,0.34,0.34,0.27,0.3,0.31,0.52,126.15,0.3,412500,60000,81,40796812.5,78,F1,3750,,,,,
2026-02-18,2026-02-18,FO,NSE,STO,103152,,IEX,,2026-02-24,2026-02-24,145.0,CE,IEX26FEB145CE,0.08,0.1,0.06,0.07,0.06,0.11,126.15,0.07,2006250,-217500,145,78892612.5,96,F1,3750,,,,,
2026-02-18,2026-02-18,FO,NSE,STO,43402,,IEX,,2026-02-24,2026-02-24,175.0,CE,IEX26FEB175CE,0.02,0.02,0.01,0.01,0.01,0.02,126.15,0.01,146250,-18750,28,18376687.5,16,F1,3750,,,,,
2026-02-18,2026-02-18,FO,NSE,STO,111899,,IEX,,2026-02-24,2026-02-24,123.0,PE,IEX26FEB123PE,1.01,1.12,0.66,0.72,0.76,0.93,126.15,0.72,1102500,-135000,175,81268762.5,147,F1,3750,,,,,
2026-02-18,2026-02-18,FO,NSE,STO,114467,,INDUSINDBK,,2026-02-24,2026-02-24,1010.0,PE,INDUSINDBK26FEB1010PE,0.0,0.0,0.0,171.85,0.0,171.85,944.65,65.8,0,0,0,0.0,0,F1,700,,,,,
2026-02-18,2026-02-18,FO,NSE,STO,114442,,INDUSINDBK,,2026-02-24,2026-02-24,910.0,PE,INDUSINDBK26FEB910PE,5.1,5.85,2.35,2.8,2.8,5.1,944.65,2.8,529900,-700,914,584674125.0,707,F1,700,,,,,
2026-02-18,2026-02-18,FO,NSE,STO,114445,,INDUSINDBK,,2026-02-24,2026-02-24,950.0,CE,INDUSINDBK26FEB950CE,12.55,12.6,6.65,8.95,9.35,11.05,944.65,8.95,1003100,-79800,3421,2295824440.0,2757,F1,700,,,,,
2026-02-18,2026-02-18,FO,NSE,STO,114813,,INDUSINDBK,,2026-03-30,2026-03-30,940.0,PE,INDUSINDBK26MAR940PE,33.5,34.55,26.65,27.95,28.2,31.95,944.65,27.95,30100,18200,54,36676570.0,52,F1,700,,,,,
2026-02-18,2026-02-18,FO,NSE,STO,126176,,INDUSINDBK,,2026-04-28,2026-04-28,800.0,PE,INDUSINDBK26APR800PE,0.0,0.0,0.0,30.85,0.0,30.85,944.65,7.9,0,0,0,0.0,0,F1,700,,,,,
2026-02-18,2026-02-18,FO,NSE,STO,126102,,INDUSINDBK,,2026-03-30,2026-03-30,990.0,PE,INDUSINDBK26MAR990PE,0.0,0.0,0.0,117.25,0.0,117.25,944.65,66.9,0,0,0,0.0,0,F1,700,,,,,
2026-02-18,2026-02-18,FO,NSE,STO,114793,,INDUSINDBK,,2026-03-30,2026-03-30,880.0,CE,INDUSINDBK26MAR880CE,0.0,0.0,0.0,74.35,74.35,74.35,944.65,85.85,700,0,0,0.0,0,F1,700,,,,,
2026-02-18,2026-02-18,FO,NSE,STO,126191,,INDUSINDBK,,2026-04-28,2026-04-28,960.0,CE,INDUSINDBK26APR960CE,0.0,0.0,0.0,56.15,0.0,56.15,944.65,54.65,0,0,0,0.0,0,F1,700,,,,,
2026-02-18,2026-02-18,FO,NSE,STO,126203,,INDUSINDBK,,2026-04-28,2026-04-28,1020.0,CE,INDUSINDBK26APR1020CE,0.0,0.0,0.0,38.0,0.0,38.0,944.65,32.25,0,0,0,0.0,0,F1,700,,,,,
2026-02-18,2026-02-18,FO,NSE,STO,126082,,INDUSINDBK,,2026-03-30,2026-03-30,910.0,PE,INDUSINDBK26MAR910PE,0.0,0.0,0.0,66.45,0.0,66.45,944.65,25.5,0,0,0,0.0,0,F1,700,,,,,
2026-02-18,2026-02-18,FO,NSE,STO,126080,,INDUSINDBK,,2026-03-30,2026-03-30,890.0,PE,INDUSINDBK26MAR890PE,13.0,13.0,11.5,11.5,11.5,12.5,944.65,11.5,18200,16100,28,17687635.0,23,F1,700,,,,,
2026-02-18,2026-02-18,FO,NSE,STO,126183,,INDUSINDBK,,2026-04-28,2026-04-28,880.0,CE,INDUSINDBK26APR880CE,0.0,0.0,0.0,90.45,0.0,90.45,944.65,99.45,0,0,0,0.0,0,F1,700,,,,,
2026-02-18,2026-02-18,FO,NSE,STO,114810,,INDUSINDBK,,2026-03-30,2026-03-30,920.0,CE,INDUSINDBK26MAR920CE,45.6,49.7,45.55,47.0,47.0,49.25,944.65,59.6,11200,-2800,16,10831940.0,12,F1,700,,,,,
2026-02-18,2026-02-18,FO,NSE,STO,126081,,INDUSINDBK,,2026-03-30,2026-03-30,910.0,CE,INDUSINDBK26MAR910CE,0.0,0.0,0.0,60.75,0.0,60.75,944.65,65.65,0,0,0,0.0,0,F1,700,,,,,
2026-02-18,2026-02-18,FO,NSE,STO,126058,,INDUSINDBK,,2026-03-30,2026-03-30,830.0,PE,INDUSINDBK26MAR830PE,0.0,0.0,0.0,8.7,8.7,8.7,944.65,6.05,6300,0,0,0.0,0,F1,700,,,,,
2026-02-18,2026-02-18,FO,NSE,STO,126213,,INDUSINDBK,,2026-04-28,2026-04-28,1040.0,PE,INDUSINDBK26APR1040PE,0.0,0.0,0.0,162.55,0.0,162.55,944.65,111.25,0,0,0,0.0,0,F1,700,,,,,
2026-02-18,2026-02-18,FO,NSE,STO,104745,,INDUSINDBK,,2026-02-24,2026-02-24,1000.0,CE,INDUSINDBK26FEB1000CE,1.8,1.8,0.85,1.1,1.0,1.9,944.65,1.1,1094800,11200,1455,1019611565.0,808,F1,700,,,,,
2026-02-18,2026-02-18,FO,NSE,STO,126061,,INDUSINDBK,,2026-03-30,2026-03-30,870.0,CE,INDUSINDBK26MAR870CE,0.0,0.0,0.0,80.55,0.0,80.55,944.65,93.25,0,0,0,0.0,0,F1,700,,,,,
2026-02-18,2026-02-18,FO,NSE,STO,104655,,INDUSINDBK,,2026-02-24,2026-02-24,860.0,CE,INDUSINDBK26FEB860CE,78.95,82.4,78.6,82.4,82.4,78.95,944.65,85.7,104300,0,9,5920845.0,7,F1,700,,,,,
2026-02-18,2026-02-18,FO,NSE,STO,126071,,INDUSINDBK,,2026-03-30,2026-03-30,890.0,CE,INDUSINDBK26MAR890CE,0.0,0.0,0.0,70.15,0.0,70.15,944.65,78.75,0,0,0,0.0,0,F1,700,,,,,
2026-02-18,2026-02-18,FO,NSE,STO,114447,,INDUSINDBK,,2026-02-24,2026-02-24,970.0,CE,INDUSINDBK26FEB970CE,5.35,5.35,2.8,3.6,3.7,5.55,944.65,3.6,373800,1400,792,539776720.0,717,F1,700,,,,,
2026-02-18,2026-02-18,FO,NSE,STO,104659,,INDUSINDBK,,2026-02-24,2026-02-24,900.0,CE,INDUSINDBK26FEB900CE,40.0,47.95,35.7,44.55,44.0,43.15,944.65,44.55,912100,19600,340,224341635.0,236,F1,700,,,,,
2026-02-18,2026-02-18,FO,NSE,STO,114777,,INDUSINDBK,,2026-03-30,2026-03-30,820.0,PE,INDUSINDBK26MAR820PE,0.0,0.0,0.0,14.5,14.5,14.5,944.65,4.85,4200,0,0,0.0,0,F1,700,,,,,
2026-02-18,2026-02-18,FO,NSE,STO,104660,,INDUSINDBK,,2026-02-24,2026-02-24,900.0,PE,INDUSINDBK26FEB900PE,3.25,3.85,1.6,1.9,1.8,3.6,944.65,1.9,1041600,-70700,699,441662375.0,614,F1,700,,,,,
2026-02-18,2026-02-18,FO,NSE,STO,104652,,INDUSINDBK,,2026-02-24,2026-02-24,820.0,PE,INDUSINDBK26FEB820PE,0.55,0.55,0.25,0.25,0.25,0.6,944.65,0.25,64400,-16800,64,36748530.0,37,F1,700,,,,,
2026-02-18,2026-02-18,FO,NSE,STO,114842,,INDUSINDBK,,2026-03-30,2026-03-30,980.0,CE,INDUSINDBK26MAR980CE,20.35,21.75,18.0,20.15,20.0,22.2,944.65,20.15,15400,11200,25,17496955.0,25,F1,700,,,,,
2026-02-18,2026-02-18,FO,NSE,STO,114848,,INDUSINDBK,,2026-03-30,2026-03-30,1040.0,CE,INDUSINDBK26MAR1040CE,7.6,8.3,6.8,7.2,7.1,8.35,944.65,7.2,34300,9100,56,41059585.0,44,F1,700,,,,,
2026-02-18,2026-02-18,FO,NSE,STO,126200,,INDUSINDBK,,2026-04-28,2026-04-28,1000.0,PE,INDUSINDBK26APR1000PE,0.0,0.0,0.0,133.35,0.0,133.35,944.65,83.75,0,0,0,0.0,0,F1,700,,,,,
2026-02-18,2026-02-18,FO,NSE,STO,114437,,INDUSINDBK,,2026-02-24,2026-02-24,890.0,PE,INDUSINDBK26FEB890PE,2.4,2.6,1.15,1.25,1.3,2.55,944.65,1.25,314300,-44100,334,208513235.0,315,F1,700,,,,,
2026-02-18,2026-02-18,FO,NSE,STO,114794,,INDUSINDBK,,2026-03-30,2026-03-30,880.0,PE,INDUSINDBK26MAR880PE,11.0,11.0,9.25,9.6,9.4,12.05,944.65,9.6,21700,1400,24,14957670.0,20,F1,700,,,,,
2026-02-18,2026-02-18,FO,NSE,STO,126070,,INDUSINDBK,,2026-03-30,2026-03-30,870.0,PE,INDUSINDBK26MAR870PE,8.9,9.0,8.05,8.15,8.05,18.0,944.65,8.15,10500,0,8,4918795.0,5,F1,700,,,,,
2026-02-18,2026-02-18,FO,NSE,STO,114465,,INDUSINDBK,,2026-02-24,2026-02-24,990.0,PE,INDUSINDBK26FEB990PE,0.0,0.0,0.0,154.95,0.0,154.95,944.65,47.85,0,0,0,0.0,0,F1,700,,,,,
2026-02-18,2026-02-18,FO,NSE,STO,104668,,INDUSINDBK,,2026-02-24,2026-02-24,940.0,PE,INDUSINDBK26FEB940PE,15.25,18.5,9.45,10.85,11.3,15.3,944.65,10.85,443800,26600,1183,789615015.0,984,F1,700,,,,,
2026-02-18,2026-02-18,FO,NSE,STO,114422,,INDUSINDBK,,2026-02-24,2026-02-24,850.0,CE,INDUSINDBK26FEB850CE,88.0,92.35,83.0,91.6,91.6,91.2,944.65,91.6,79100,-2100,8,5257945.0,8,F1,700,,,,,
2026-02-18,2026-02-18,FO,NSE,STO,114779,,INDUSINDBK,,2026-03-30,2026-03-30,840.0,PE,INDUSINDBK26MAR840PE,0.0,0.0,0.0,11.85,11.85,11.85,944.65,7.5,7700,0,0,0.0,0,F1,700,,,,,
2026-02-18,2026-02-18,FO,NSE,STO,114851,,INDUSINDBK,,2026-03-30,2026-03-30,1060.0,PE,INDUSINDBK26MAR1060PE,0.0,0.0,0.0,110.0,110.0,110.0,944.65,119.65,700,0,0,0.0,0,F1,700,,,,,
2026-02-18,2026-02-18,FO,NSE,STO,104643,,INDUSINDBK,,2026-02-24,2026-02-24,780.0,CE,INDUSINDBK26FEB780CE,0.0,0.0,0.0,114.15,0.0,114.15,944.65,165.35,0,0,0,0.0,0,F1,700,,,,,
2026-02-18,2026-02-18,FO,NSE,STO,126221,,INDUSINDBK,,2026-04-28,2026-04-28,1080.0,PE,INDUSINDBK26APR1080PE,0.0,0.0,0.0,193.8,0.0,193.8,944.65,142.05,0,0,0,0.0,0,F1,700,,,,,
2026-02-18,2026-02-18,FO,NSE,STO,126086,,INDUSINDBK,,2026-03-30,2026-03-30,950.0,CE,INDUSINDBK26MAR950CE,31.25,34.75,28.3,31.55,32.25,32.8,944.65,31.55,159600,52500,319,219075815.0,254,F1,700,,,,,
2026-02-18,2026-02-18,FO,NSE,STO,126105,,INDUSINDBK,,2026-03-30,2026-03-30,1030.0,CE,INDUSINDBK26MAR1030CE,8.35,9.5,7.95,8.65,8.65,22.95,944.65,16.3,8400,8400,14,10179645.0,13,F1,700,,,,,
2026-02-18,2026-02-18,FO,NSE,STO,126177,,INDUSINDBK,,2026-04-28,2026-04-28,820.0,CE,INDUSINDBK26APR820CE,0.0,0.0,0.0,124.75,0.0,124.75,944.65,144.15,0,0,0,0.0,0,F1,700,,,,,
2026-02-18,2026-02-18,FO,NSE,STO,126216,,INDUSINDBK,,2026-04-28,2026-04-28,1080.0,CE,INDUSINDBK26APR1080CE,0.0,0.0,0.0,25.1,0.0,25.1,944.65,17.85,0,0,0,0.0,0,F1,700,,,,,
2026-02-18,2026-02-18,FO,NSE,STO,114335,,INDUSINDBK,,2026-02-24,2026-02-24,810.0,PE,INDUSINDBK26FEB810PE,0.3,0.3,0.3,0.3,0.3,0.45,944.65,0.05,11900,0,2,1134420.0,2,F1,700,,,,,
2026-02-18,2026-02-18,FO,NSE,STO,114423,,INDUSINDBK,,2026-02-24,2026-02-24,850.0,PE,INDUSINDBK26FEB850PE,0.9,0.9,0.5,0.55,0.55,1.05,944.65,0.55,217700,-24500,91,54183745.0,76,F1,700,,,,,
2026-02-18,2026-02-18,FO,NSE,STO,104748,,INDUSINDBK,,2026-02-24,2026-02-24,1020.0,PE,INDUSINDBK26FEB1020PE,0.0,0.0,0.0,121.05,121.05,121.05,944.65,75.25,7700,0,0,0.0,0,F1,700,,,,,
2026-02-18,2026-02-18,FO,NSE,STO,114780,,INDUSINDBK,,2026-03-30,2026-03-30,860.0,CE,INDUSINDBK26MAR860CE,99.0,99.0,97.1,97.1,97.1,92.15,944.65,97.1,15400,700,2,1341270.0,2,F1,700,,,,,
2026-02-18,2026-02-18,FO,NSE,STO,114815,,INDUSINDBK,,2026-03-30,2026-03-30,960.0,PE,INDUSINDBK26MAR960PE,40.0,40.3,40.0,40.3,40.3,43.05,944.65,48.7,2800,2100,3,2100210.0,2,F1,700,,,,,
2026-02-18,2026-02-18,FO,NSE,STO,114800,,INDUSINDBK,,2026-03-30,2026-03-30,900.0,PE,INDUSINDBK26MAR900PE,17.4,17.95,13.35,14.25,13.4,16.6,944.65,14.25,303800,63000,325,208236525.0,225,F1,700,,,,,
2026-02-18,2026-02-18,FO,NSE,STO,104672,,INDUSINDBK,,2026-02-24,2026-02-24,960.0,PE,INDUSINDBK26FEB960PE,28.3,32.65,21.2,23.2,24.05,28.3,944.65,23.2,167300,-8400,64,44190265.0,64,F1,700,,,,,
2026-02-18,2026-02-18,FO,NSE,STO,104738,,INDUSINDBK,,2026-02-24,2026-02-24,980.0,PE,INDUSINDBK26FEB980PE,46.05,49.75,37.0,40.35,41.3,44.55,944.65,40.35,40600,-30100,149,106834455.0,72,F1,700,,,,,
2026-02-18,2026-02-18,FO,NSE,STO,114429,,INDUSINDBK,,2026-02-24,2026-02-24,870.0,PE,INDUSINDBK26FEB870PE,1.25,1.3,0.65,0.75,0.8,1.4,944.65,0.75,256200,-6300,99,60359425.0,98,F1,700,,,,,
2026-02-18,2026-02-18,FO,NSE,STO,114321,,INDUSINDBK,,2026-02-24,2026-02-24,790.0,PE,INDUSINDBK26FEB790PE,0.15,0.15,0.15,0.15,0.15,0.3,944.65,0.15,54600,0,27,14933835.0,19,F1,700,,,,,
2026-02-18,2026-02-18,FO,NSE,STO,104644,,INDUSINDBK,,2026-02-24,2026-02-24,780.0,PE,INDUSINDBK26FEB780PE,0.0,0.0,0.0,0.3,0.25,0.3,944.65,0.05,20300,0,0,0.0,0,F1,700,,,,,
2026-02-18,2026-02-18,FO,NSE,STO,104640,,INDUSINDBK,,2026-02-24,2026-02-24,760.0,PE,INDUSINDBK26FEB760PE,0.2,0.2,0.1,0.1,0.1,0.25,944.65,0.1,27300,0,3,1596315.0,3,F1,700,,,,,
2026-02-18,2026-02-18,FO,NSE,STO,126182,,INDUSINDBK,,2026-04-28,2026-04-28,860.0,PE,INDUSINDBK26APR860PE,0.0,0.0,0.0,53.1,0.0,53.1,944.65,19.85,0,0,0,0.0,0,F1,700,,,,,
2026-02-18,2026-02-18,FO,NSE,STO,126104,,INDUSINDBK,,2026-03-30,2026-03-30,1010.0,PE,INDUSINDBK26MAR1010PE,0.0,0.0,0.0,132.0,0.0,132.0,944.65,80.6,0,0,0,0.0,0,F1,700,,,,,
2026-02-18,2026-02-18,FO,NSE,STO,126100,,INDUSINDBK,,2026-03-30,2026-03-30,970.0,PE,INDUSINDBK26MAR970PE,49.15,50.05,44.0,44.0,44.0,49.0,944.65,54.4,9800,-700,7,4988620.0,7,F1,700,,,,,
2026-02-18,2026-02-18,FO,NSE,STO,114796,,INDUSINDBK,,2026-03-30,2026-03-30,900.0,CE,INDUSINDBK26MAR900CE,59.5,65.0,56.2,63.6,63.0,60.95,944.65,63.6,52500,-4900,58,38962315.0,36,F1,700,,,,,
2026-02-18,2026-02-18,FO,NSE,STO,114850,,INDUSINDBK,,2026-03-30,2026-03-30,1060.0,CE,INDUSINDBK26MAR1060CE,0.0,0.0,0.0,16.9,0.0,16.9,944.65,10.65,0,0,0,0.0,0,F1,700,,,,,
2026-02-18,2026-02-18,FO,NSE,STO,126187,,INDUSINDBK,,2026-04-28,2026-04-28,920.0,CE,INDUSINDBK26APR920CE,0.0,0.0,0.0,71.75,0.0,71.75,944.65,74.85,0,0,0,0.0,0,F1,700,,,,,
2026-02-18,2026-02-18,FO,NSE,STO,104651,,INDUSINDBK,,2026-02-24,2026-02-24,820.0,CE,INDUSINDBK26FEB820CE,0.0,0.0,0.0,118.0,118.0,118.0,944.65,125.4,7700,0,0,0.0,0,F1,700,,,,,
2026-02-18,2026-02-18,FO,NSE,STO,114438,,INDUSINDBK,,2026-02-24,2026-02-24,910.0,CE,INDUSINDBK26FEB910CE,33.5,38.5,26.95,35.2,33.6,35.0,944.65,35.2,469000,-14000,91,60040575.0,89,F1,700,,,,,
2026-02-18,2026-02-18,FO,NSE,STO,104663,,INDUSINDBK,,2026-02-24,2026-02-24,940.0,CE,INDUSINDBK26FEB940CE,15.45,16.1,9.95,13.5,13.7,15.3,944.65,13.5,607600,-127400,3661,2440811940.0,2708,F1,700,,,,,
2026-02-18,2026-02-18,FO,NSE,STO,126171,,INDUSINDBK,,2026-04-28,2026-04-28,760.0,CE,INDUSINDBK26APR760CE,0.0,0.0,0.0,166.45,0.0,166.45,944.65,196.25,0,0,0,0.0,0,F1,700,,,,,
2026-02-18,2026-02-18,FO,NSE,STO,114776,,INDUSINDBK,,2026-03-30,2026-03-30,820.0,CE,INDUSINDBK26MAR820CE,0.0,0.0,0.0,89.05,0.0,89.05,944.65,134.4,0,0,0,0.0,0,F1,700,,,,,
2026-02-18,2026-02-18,FO,NSE,STO,114469,,INDUSINDBK,,2026-02-24,2026-02-24,1030.0,PE,INDUSINDBK26FEB1030PE,0.0,0.0,0.0,189.2,0.0,189.2,944.65,84.9,0,0,0,0.0,0,F1,700,,,,,
2026-02-18,2026-02-18,FO,NSE,STO,126193,,INDUSINDBK,,2026-04-28,2026-04-28,980.0,CE,INDUSINDBK26APR980CE,0.0,0.0,0.0,49.45,0.0,49.45,944.65,46.15,0,0,0,0.0,0,F1,700,,,,,
2026-02-18,2026-02-18,FO,NSE,STO,126189,,INDUSINDBK,,2026-04-28,2026-04-28,940.0,CE,INDUSINDBK26APR940CE,0.0,0.0,0.0,63.55,0.0,63.55,944.65,64.2,0,0,0,0.0,0,F1,700,,,,,
2026-02-18,2026-02-18,FO,NSE,STO,126179,,INDUSINDBK,,2026-04-28,2026-04-28,840.0,CE,INDUSINDBK26APR840CE,0.0,0.0,0.0,112.45,0.0,112.45,944.65,128.3,0,0,0,0.0,0,F1,700,,,,,
2026-02-18,2026-02-18,FO,NSE,STO,114844,,INDUSINDBK,,2026-03-30,2026-03-30,1000.0,CE,INDUSINDBK26MAR1000CE,14.95,15.85,12.95,14.55,14.05,15.75,944.65,14.55,423500,16100,306,217326445.0,237,F1,700,,,,,
2026-02-18,2026-02-18,FO,NSE,STO,114771,,INDUSINDBK,,2026-03-30,2026-03-30,780.0,CE,INDUSINDBK26MAR780CE,0.0,0.0,0.0,111.8,0.0,111.8,944.65,171.1,0,0,0,0.0,0,F1,700,,,,,
2026-02-18,2026-02-18,FO,NSE,STO,114845,,INDUSINDBK,,2026-03-30,2026-03-30,1000.0,PE,INDUSINDBK26MAR1000PE,70.0,72.5,63.15,63.15,63.15,67.0,944.65,73.6,74200,72100,110,82189100.0,45,F1,700,,,,,
2026-02-18,2026-02-18,FO,NSE,STF,51923,,INDUSINDBK,,2026-03-30,2026-03-30,,,INDUSINDBK26MARFUT,946.15,952.8,937.45,949.0,950.3,945.6,944.65,949.0,5220600,2626400,4769,3156421835.0,2715,F1,700,,,,,
2026-02-18,2026-02-18,FO,NSE,STO,114434,,INDUSINDBK,,2026-02-24,2026-02-24,890.0,CE,INDUSINDBK26FEB890CE,46.0,53.4,44.45,52.4,52.4,51.85,944.65,52.4,177100,700,25,16456265.0,25,F1,700,,,,,
2026-02-18,2026-02-18,FO,NSE,STO,104669,,INDUSINDBK,,2026-02-24,2026-02-24,960.0,CE,INDUSINDBK26FEB960CE,6.95,7.45,4.3,5.7,5.9,7.8,944.65,5.7,786800,22400,1794,1212719620.0,1503,F1,700,,,,,
2026-02-18,2026-02-18,FO,NSE,STO,114847,,INDUSINDBK,,2026-03-30,2026-03-30,1020.0,PE,INDUSINDBK26MAR1020PE,0.0,0.0,0.0,186.4,0.0,186.4,944.65,87.9,0,0,0,0.0,0,F1,700,,,,,
2026-02-18,2026-02-18,FO,NSE,STO,126195,,INDUSINDBK,,2026-04-28,2026-04-28,1000.0,CE,INDUSINDBK26APR1000CE,0.0,0.0,0.0,43.4,0.0,43.4,944.65,38.75,0,0,0,0.0,0,F1,700,,,,,
2026-02-18,2026-02-18,FO,NSE,STO,126181,,INDUSINDBK,,2026-04-28,2026-04-28,860.0,CE,INDUSINDBK26APR860CE,0.0,0.0,0.0,101.05,0.0,101.05,944.65,113.4,0,0,0,0.0,0,F1,700,,,,,
2026-02-18,2026-02-18,FO,NSE,STO,126036,,INDUSINDBK,,2026-03-30,2026-03-30,810.0,CE,INDUSINDBK26MAR810CE,0.0,0.0,0.0,117.85,0.0,117.85,944.65,143.35,0,0,0,0.0,0,F1,700,,,,,
2026-02-18,2026-02-18,FO,NSE,STO,114774,,INDUSINDBK,,2026-03-30,2026-03-30,800.0,CE,INDUSINDBK26MAR800CE,0.0,0.0,0.0,156.0,156.0,156.0,944.65,152.45,2100,0,0,0.0,0,F1,700,,,,,
2026-02-18,2026-02-18,FO,NSE,STO,104749,,INDUSINDBK,,2026-02-24,2026-02-24,1040.0,CE,INDUSINDBK26FEB1040CE,0.4,0.4,0.2,0.4,0.4,0.55,944.65,0.25,195300,-11200,69,50244775.0,36,F1,700,,,,,
2026-02-18,2026-02-18,FO,NSE,STO,104737,,INDUSINDBK,,2026-02-24,2026-02-24,980.0,CE,INDUSINDBK26FEB980CE,5.0,5.0,1.7,2.35,2.15,3.8,944.65,2.35,522900,-28000,758,521208030.0,590,F1,700,,,,,
2026-02-18,2026-02-18,FO,NSE,STO,114443,,INDUSINDBK,,2026-02-24,2026-02-24,930.0,CE,INDUSINDBK26FEB930CE,19.05,22.45,14.4,19.4,19.15,20.65,944.65,19.4,472500,-9100,478,317226455.0,443,F1,700,,,,,
2026-02-18,2026-02-18,FO,NSE,STO,126212,,INDUSINDBK,,2026-04-28,2026-04-28,1040.0,CE,INDUSINDBK26APR1040CE,0.0,0.0,0.0,33.2,0.0,33.2,944.65,26.65,0,0,0,0.0,0,F1,700,,,,,
2026-02-18,2026-02-18,FO,NSE,STO,126103,,INDUSINDBK,,2026-03-30,2026-03-30,1010.0,CE,INDUSINDBK26MAR1010CE,11.0,13.2,11.0,12.1,12.1,16.2,944.65,12.1,11200,5600,10,7157780.0,9,F1,700,,,,,
2026-02-18,2026-02-18,FO,NSE,STO,126175,,INDUSINDBK,,2026-04-28,2026-04-28,800.0,CE,INDUSINDBK26APR800CE,0.0,0.0,0.0,137.85,0.0,137.85,944.65,160.85,0,0,0,0.0,0,F1,700,,,,,
2026-02-18,2026-02-18,FO,NSE,STO,104656,,INDUSINDBK,,2026-02-24,2026-02-24,860.0,PE,INDUSINDBK26FEB860PE,0.9,0.95,0.5,0.65,0.6,1.15,944.65,0.65,277900,-4200,289,174114360.0,207,F1,700,,,,,
2026-02-18,2026-02-18,FO,NSE,STO,104648,,INDUSINDBK,,2026-02-24,2026-02-24,800.0,PE,INDUSINDBK26FEB800PE,0.3,0.35,0.2,0.2,0.2,0.45,944.65,0.2,227500,-20300,98,54896065.0,45,F1,700,,,,,
2026-02-18,2026-02-18,FO,NSE,STO,104636,,INDUSINDBK,,2026-02-24,2026-02-24,740.0,PE,INDUSINDBK26FEB740PE,0.15,0.15,0.05,0.05,0.05,0.25,944.65,0.05,86100,0,3,1554210.0,3,F1,700,,,,,
2026-02-18,2026-02-18,FO,NSE,STO,126211,,INDUSINDBK,,2026-04-28,2026-04-28,1020.0,PE,INDUSINDBK26APR1020PE,0.0,0.0,0.0,147.6,0.0,147.6,944.65,97.05,0,0,0,0.0,0,F1,700,,,,,
2026-02-18,2026-02-18,FO,NSE,STO,126192,,INDUSINDBK,,2026-04-28,2026-04-28,960.0,PE,INDUSINDBK26APR960PE,0.0,0.0,0.0,106.7,0.0,106.7,944.65,60.05,0,0,0,0.0,0,F1,700,,,,,
2026-02-18,2026-02-18,FO,NSE,STO,126184,,INDUSINDBK,,2026-04-28,2026-04-28,880.0,PE,INDUSINDBK26APR880PE,0.0,0.0,0.0,62.2,0.0,62.2,944.65,25.7,0,0,0,0.0,0,F1,700,,,,,
2026-02-18,2026-02-18,FO,NSE,STO,126089,,INDUSINDBK,,2026-03-30,2026-03-30,950.0,PE,INDUSINDBK26MAR950PE,37.05,40.1,30.9,32.6,31.5,37.05,944.65,32.6,196000,170800,320,220652005.0,130,F1,700,,,,,
2026-02-18,2026-02-18,FO,NSE,STO,114843,,INDUSINDBK,,2026-03-30,2026-03-30,980.0,PE,INDUSINDBK26MAR980PE,0.0,0.0,0.0,154.95,0.0,154.95,944.65,60.5,0,0,0,0.0,0,F1,700,,,,,
2026-02-18,2026-02-18,FO,NSE,STO,114849,,INDUSINDBK,,2026-03-30,2026-03-30,1040.0,PE,INDUSINDBK26MAR1040PE,0.0,0.0,0.0,102.95,102.95,102.95,944.65,103.3,2100,0,0,0.0,0,F1,700,,,,,
2026-02-18,2026-02-18,FO,NSE,STO,114334,,INDUSINDBK,,2026-02-24,2026-02-24,810.0,CE,INDUSINDBK26FEB810CE,0.0,0.0,0.0,103.9,103.9,103.9,944.65,135.4,11200,0,0,0.0,0,F1,700,,,,,
2026-02-18,2026-02-18,FO,NSE,STO,104657,,INDUSINDBK,,2026-02-24,2026-02-24,880.0,CE,INDUSINDBK26FEB880CE,61.4,63.0,59.05,63.0,63.0,61.15,944.65,63.0,140000,-31500,69,45530555.0,17,F1,700,,,,,
2026-02-18,2026-02-18,FO,NSE,STO,104751,,INDUSINDBK,,2026-02-24,2026-02-24,1060.0,CE,INDUSINDBK26FEB1060CE,0.2,0.2,0.15,0.15,0.15,0.35,944.65,0.15,93100,-21700,83,61596010.0,41,F1,700,,,,,
2026-02-18,2026-02-18,FO,NSE,STO,114814,,INDUSINDBK,,2026-03-30,2026-03-30,960.0,CE,INDUSINDBK26MAR960CE,30.0,30.0,24.6,27.85,27.85,30.0,944.65,27.85,60200,24500,97,67038475.0,65,F1,700,,,,,
2026-02-18,2026-02-18,FO,NSE,STO,126099,,INDUSINDBK,,2026-03-30,2026-03-30,970.0,CE,INDUSINDBK26MAR970CE,23.0,25.0,22.1,23.55,23.25,24.95,944.65,23.55,30100,9100,36,25038475.0,33,F1,700,,,,,
2026-02-18,2026-02-18,FO,NSE,STO,104658,,INDUSINDBK,,2026-02-24,2026-02-24,880.0,PE,INDUSINDBK26FEB880PE,1.75,1.75,0.8,0.9,0.9,1.8,944.65,0.9,714000,-125300,405,249789925.0,343,F1,700,,,,,
2026-02-18,2026-02-18,FO,NSE,STO,126101,,INDUSINDBK,,2026-03-30,2026-03-30,990.0,CE,INDUSINDBK26MAR990CE,15.25,18.2,15.25,16.55,16.55,15.85,944.65,27.5,52500,46900,80,56412930.0,54,F1,700,,,,,
2026-02-18,2026-02-18,FO,NSE,STO,126185,,INDUSINDBK,,2026-04-28,2026-04-28,900.0,CE,INDUSINDBK26APR900CE,0.0,0.0,0.0,80.7,0.0,80.7,944.65,86.6,0,0,0,0.0,0,F1,700,,,,,
2026-02-18,2026-02-18,FO,NSE,STO,114444,,INDUSINDBK,,2026-02-24,2026-02-24,930.0,PE,INDUSINDBK26FEB930PE,10.75,13.0,5.95,7.05,6.5,10.95,944.65,7.05,413700,-55300,1400,920180415.0,943,F1,700,,,,,
2026-02-18,2026-02-18,FO,NSE,STO,114446,,INDUSINDBK,,2026-02-24,2026-02-24,950.0,PE,INDUSINDBK26FEB950PE,21.25,25.0,14.55,16.4,15.5,21.05,944.65,16.4,254100,-60200,823,558488245.0,613,F1,700,,,,,
2026-02-18,2026-02-18,FO,NSE,STO,114319,,INDUSINDBK,,2026-02-24,2026-02-24,770.0,PE,INDUSINDBK26FEB770PE,0.2,0.2,0.1,0.1,0.1,0.3,944.65,0.05,30800,-3500,18,9703540.0,8,F1,700,,,,,
2026-02-18,2026-02-18,FO,NSE,STO,104647,,INDUSINDBK,,2026-02-24,2026-02-24,800.0,CE,INDUSINDBK26FEB800CE,141.0,141.0,138.0,138.0,138.0,143.05,944.65,145.35,18900,-1400,5,3286325.0,5,F1,700,,,,,
2026-02-18,2026-02-18,FO,NSE,STO,126194,,INDUSINDBK,,2026-04-28,2026-04-28,980.0,PE,INDUSINDBK26APR980PE,0.0,0.0,0.0,119.7,0.0,119.7,944.65,71.4,0,0,0,0.0,0,F1,700,,,,,
2026-02-18,2026-02-18,FO,NSE,STO,104662,,INDUSINDBK,,2026-02-24,2026-02-24,920.0,PE,INDUSINDBK26FEB920PE,7.0,8.8,3.7,4.3,4.35,7.55,944.65,4.3,632800,-32900,1049,679907865.0,843,F1,700,,,,,
2026-02-18,2026-02-18,FO,NSE,STO,104654,,INDUSINDBK,,2026-02-24,2026-02-24,840.0,PE,INDUSINDBK26FEB840PE,0.6,0.75,0.4,0.4,0.4,0.8,944.65,0.4,117600,-7000,21,12355525.0,19,F1,700,,,,,
2026-02-18,2026-02-18,FO,NSE,STO,126188,,INDUSINDBK,,2026-04-28,2026-04-28,920.0,PE,INDUSINDBK26APR920PE,0.0,0.0,0.0,82.9,0.0,82.9,944.65,40.65,0,0,0,0.0,0,F1,700,,,,,
2026-02-18,2026-02-18,FO,NSE,STO,114340,,INDUSINDBK,,2026-02-24,2026-02-24,830.0,PE,INDUSINDBK26FEB830PE,0.65,0.65,0.3,0.3,0.3,0.65,944.65,0.3,65100,-4900,14,8137640.0,10,F1,700,,,,,
2026-02-18,2026-02-18,FO,NSE,STF,66863,,INDUSINDBK,,2026-04-28,2026-04-28,,,INDUSINDBK26APRFUT,951.3,957.8,944.0,954.2,954.5,951.0,944.65,954.2,564200,32200,95,63199115.0,86,F1,700,,,,,
2026-02-18,2026-02-18,FO,NSE,STO,126180,,INDUSINDBK,,2026-04-28,2026-04-28,840.0,PE,INDUSINDBK26APR840PE,0.0,0.0,0.0,44.85,0.0,44.85,944.65,15.0,0,0,0,0.0,0,F1,700,,,,,
2026-02-18,2026-02-18,FO,NSE,STO,114337,,INDUSINDBK,,2026-02-24,2026-02-24,830.0,CE,INDUSINDBK26FEB830CE,0.0,0.0,0.0,103.2,103.2,103.2,944.65,115.4,4200,0,0,0.0,0,F1,700,,,,,
2026-02-18,2026-02-18,FO,NSE,STO,114449,,INDUSINDBK,,2026-02-24,2026-02-24,990.0,CE,INDUSINDBK26FEB990CE,2.8,2.8,1.1,1.5,1.45,2.65,944.65,1.5,297500,11200,303,210311360.0,275,F1,700,,,,,
2026-02-18,2026-02-18,FO,NSE,STO,104747,,INDUSINDBK,,2026-02-24,2026-02-24,1020.0,CE,INDUSINDBK26FEB1020CE,0.7,0.7,0.4,0.5,0.45,0.95,944.65,0.5,161000,-15400,137,97871410.0,116,F1,700,,,,,
2026-02-18,2026-02-18,FO,NSE,STO,126059,,INDUSINDBK,,2026-03-30,2026-03-30,850.0,CE,INDUSINDBK26MAR850CE,0.0,0.0,0.0,95.3,95.0,95.3,944.65,108.95,4200,0,0,0.0,0,F1,700,,,,,
2026-02-18,2026-02-18,FO,NSE,STO,104750,,INDUSINDBK,,2026-02-24,2026-02-24,1040.0,PE,INDUSINDBK26FEB1040PE,0.0,0.0,0.0,124.0,124.0,124.0,944.65,94.7,1400,0,0,0.0,0,F1,700,,,,,
2026-02-18,2026-02-18,FO,NSE,STO,126060,,INDUSINDBK,,2026-03-30,2026-03-30,850.0,PE,INDUSINDBK26MAR850PE,7.1,7.5,5.45,5.85,5.95,7.1,944.65,5.85,107100,21700,78,46749395.0,71,F1,700,,,,,
2026-02-18,2026-02-18,FO,NSE,STO,114448,,INDUSINDBK,,2026-02-24,2026-02-24,970.0,PE,INDUSINDBK26FEB970PE,37.55,40.8,28.6,31.05,31.4,37.25,944.65,31.05,26600,-2100,30,21076090.0,30,F1,700,,,,,
2026-02-18,2026-02-18,FO,NSE,STO,114846,,INDUSINDBK,,2026-03-30,2026-03-30,1020.0,CE,INDUSINDBK26MAR1020CE,10.0,11.3,9.5,10.5,10.5,11.65,944.65,10.5,59500,2800,27,19471760.0,25,F1,700,,,,,
2026-02-18,2026-02-18,FO,NSE,STO,114812,,INDUSINDBK,,2026-03-30,2026-03-30,940.0,CE,INDUSINDBK26MAR940CE,34.6,39.45,32.85,37.8,37.0,37.95,944.65,37.8,55300,37800,140,95746525.0,109,F1,700,,,,,
2026-02-18,2026-02-18,FO,NSE,STO,114778,,INDUSINDBK,,2026-03-30,2026-03-30,840.0,CE,INDUSINDBK26MAR840CE,0.0,0.0,0.0,79.05,0.0,79.05,944.65,117.2,0,0,0,0.0,0,F1,700,,,,,
2026-02-18,2026-02-18,FO,NSE,STO,126057,,INDUSINDBK,,2026-03-30,2026-03-30,830.0,CE,INDUSINDBK26MAR830CE,0.0,0.0,0.0,104.35,0.0,104.35,944.65,125.7,0,0,0,0.0,0,F1,700,,,,,
2026-02-18,2026-02-18,FO,NSE,STO,104753,,INDUSINDBK,,2026-02-24,2026-02-24,1080.0,CE,INDUSINDBK26FEB1080CE,0.15,0.2,0.15,0.2,0.2,0.3,944.65,0.05,48300,-4200,12,9073400.0,9,F1,700,,,,,
2026-02-18,2026-02-18,FO,NSE,STO,104653,,INDUSINDBK,,2026-02-24,2026-02-24,840.0,CE,INDUSINDBK26FEB840CE,0.0,0.0,0.0,83.2,83.2,83.2,944.65,105.45,5600,0,0,0.0,0,F1,700,,,,,
2026-02-18,2026-02-18,FO,NSE,STO,114318,,INDUSINDBK,,2026-02-24,2026-02-24,770.0,CE,INDUSINDBK26FEB770CE,0.0,0.0,0.0,137.0,137.0,137.0,944.65,175.35,2100,0,0,0.0,0,F1,700,,,,,
2026-02-18,2026-02-18,FO,NSE,STO,114782,,INDUSINDBK,,2026-03-30,2026-03-30,860.0,PE,INDUSINDBK26MAR860PE,8.65,9.0,6.45,6.95,7.0,8.45,944.65,6.95,28700,700,11,6679085.0,11,F1,700,,,,,
2026-02-18,2026-02-18,FO,NSE,STO,126190,,INDUSINDBK,,2026-04-28,2026-04-28,940.0,PE,INDUSINDBK26APR940PE,0.0,0.0,0.0,94.4,0.0,94.4,944.65,49.8,0,0,0,0.0,0,F1,700,,,,,
2026-02-18,2026-02-18,FO,NSE,STO,126186,,INDUSINDBK,,2026-04-28,2026-04-28,900.0,PE,INDUSINDBK26APR900PE,0.0,0.0,0.0,72.15,0.0,72.15,944.65,32.65,0,0,0,0.0,0,F1,700,,,,,
2026-02-18,2026-02-18,FO,NSE,STO,126178,,INDUSINDBK,,2026-04-28,2026-04-28,820.0,PE,INDUSINDBK26APR820PE,0.0,0.0,0.0,37.4,0.0,37.4,944.65,11.05,0,0,0,0.0,0,F1,700,,,,,
2026-02-18,2026-02-18,FO,NSE,STO,114772,,INDUSINDBK,,2026-03-30,2026-03-30,780.0,PE,INDUSINDBK26MAR780PE,0.0,0.0,0.0,7.0,7.0,7.0,944.65,1.75,4900,0,0,0.0,0,F1,700,,,,,
2026-02-18,2026-02-18,FO,NSE,STO,104661,,INDUSINDBK,,2026-02-24,2026-02-24,920.0,CE,INDUSINDBK26FEB920CE,24.05,30.0,20.1,27.05,27.15,27.15,944.65,27.05,445200,-23800,389,257296830.0,336,F1,700,,,,,
2026-02-18,2026-02-18,FO,NSE,STO,104746,,INDUSINDBK,,2026-02-24,2026-02-24,1000.0,PE,INDUSINDBK26FEB1000PE,67.5,67.5,57.5,57.5,57.5,62.55,944.65,57.5,49000,-2100,22,16336880.0,22,F1,700,,,,,
2026-02-18,2026-02-18,FO,NSE,STO,114811,,INDUSINDBK,,2026-03-30,2026-03-30,920.0,PE,INDUSINDBK26MAR920PE,25.2,25.25,19.0,19.6,19.9,23.3,944.65,19.6,25200,2800,21,13827100.0,17,F1,700,,,,,
2026-02-18,2026-02-18,FO,NSE,STO,126085,,INDUSINDBK,,2026-03-30,2026-03-30,930.0,PE,INDUSINDBK26MAR930PE,29.0,29.2,22.7,23.5,23.8,27.0,944.65,23.5,15400,14000,30,20069770.0,23,F1,700,,,,,
2026-02-18,2026-02-18,FO,NSE,STO,126106,,INDUSINDBK,,2026-03-30,2026-03-30,1030.0,PE,INDUSINDBK26MAR1030PE,0.0,0.0,0.0,147.4,0.0,147.4,944.65,95.5,0,0,0,0.0,0,F1,700,,,,,
2026-02-18,2026-02-18,FO,NSE,STO,126172,,INDUSINDBK,,2026-04-28,2026-04-28,760.0,PE,INDUSINDBK26APR760PE,0.0,0.0,0.0,20.05,0.0,20.05,944.65,3.75,0,0,0,0.0,0,F1,700,,,,,
2026-02-18,2026-02-18,FO,NSE,STF,59373,,INDUSINDBK,,2026-02-24,2026-02-24,,,INDUSINDBK26FEBFUT,942.0,946.85,931.15,942.6,943.9,939.75,944.65,942.6,32145400,-993300,7903,5192736780.0,4713,F1,700,,,,,
2026-02-18,2026-02-18,FO,NSE,STO,114424,,INDUSINDBK,,2026-02-24,2026-02-24,870.0,CE,INDUSINDBK26FEB870CE,0.0,0.0,0.0,54.85,55.25,54.85,944.65,75.95,90300,0,0,0.0,0,F1,700,,,,,
2026-02-18,2026-02-18,FO,NSE,STO,114466,,INDUSINDBK,,2026-02-24,2026-02-24,1010.0,CE,INDUSINDBK26FEB1010CE,1.5,1.5,0.55,0.75,0.65,1.3,944.65,0.75,191100,-3500,229,162024485.0,190,F1,700,,,,,
2026-02-18,2026-02-18,FO,NSE,STO,114468,,INDUSINDBK,,2026-02-24,2026-02-24,1030.0,CE,INDUSINDBK26FEB1030CE,0.45,0.45,0.4,0.4,0.4,0.7,944.65,0.4,58100,0,22,15868720.0,12,F1,700,,,,,
2026-02-18,2026-02-18,FO,NSE,STO,126083,,INDUSINDBK,,2026-03-30,2026-03-30,930.0,CE,INDUSINDBK26MAR930CE,42.0,44.55,38.0,44.55,44.55,45.0,944.65,53.95,3500,2100,21,14288155.0,14,F1,700,,,,,
2026-02-18,2026-02-18,FO,NSE,STO,114852,,INDUSINDBK,,2026-03-30,2026-03-30,1080.0,CE,INDUSINDBK26MAR1080CE,4.6,4.6,3.65,3.9,3.75,4.6,944.65,3.9,135800,54600,125,94842650.0,73,F1,700,,,,,
2026-02-18,2026-02-18,FO,NSE,STO,114775,,INDUSINDBK,,2026-03-30,2026-03-30,800.0,PE,INDUSINDBK26MAR800PE,3.5,3.5,2.6,2.7,2.7,3.25,944.65,2.7,37800,2800,22,12363190.0,19,F1,700,,,,,
2026-02-18,2026-02-18,FO,NSE,STO,104752,,INDUSINDBK,,2026-02-24,2026-02-24,1060.0,PE,INDUSINDBK26FEB1060PE,0.0,0.0,0.0,223.4,0.0,223.4,944.65,114.45,0,0,0,0.0,0,F1,700,,,,,
2026-02-18,2026-02-18,FO,NSE,STO,126054,,INDUSINDBK,,2026-03-30,2026-03-30,810.0,PE,INDUSINDBK26MAR810PE,3.25,3.35,3.0,3.0,3.0,3.65,944.65,3.0,6300,1400,7,3984750.0,7,F1,700,,,,,
2026-02-18,2026-02-18,FO,NSE,STO,109320,,JSWENERGY,,2026-02-24,2026-02-24,560.0,CE,JSWENERGY26FEB560CE,0.0,0.0,0.0,0.25,0.25,0.25,486.25,0.05,36000,0,0,0.0,0,F1,1000,,,,,
2026-02-18,2026-02-18,FO,NSE,STO,109314,,JSWENERGY,,2026-02-24,2026-02-24,500.0,CE,JSWENERGY26FEB500CE,2.0,2.8,1.3,1.6,1.5,2.3,486.25,1.6,1381000,62000,1566,786009200.0,1109,F1,1000,,,,,
2026-02-18,2026-02-18,FO,NSE,STO,131125,,JSWENERGY,,2026-04-28,2026-04-28,380.0,PE,JSWENERGY26APR380PE,0.0,0.0,0.0,11.35,0.0,11.35,486.25,1.3,0,0,0,0.0,0,F1,1000,,,,,
2026-02-18,2026-02-18,FO,NSE,STO,109319,,JSWENERGY,,2026-02-24,2026-02-24,540.0,PE,JSWENERGY26FEB540PE,55.15,55.2,54.35,55.2,55.2,65.65,486.25,53.35,259000,-1000,7,4163800.0,3,F1,1000,,,,,
2026-02-18,2026-02-18,FO,NSE,STO,122343,,JSWENERGY,,2026-02-24,2026-02-24,475.0,PE,JSWENERGY26FEB475PE,1.85,3.0,1.65,1.9,1.85,2.6,486.25,1.9,213000,-2000,355,169472000.0,341,F1,1000,,,,,
2026-02-18,2026-02-18,FO,NSE,STO,122335,,JSWENERGY,,2026-02-24,2026-02-24,450.0,PE,JSWENERGY26FEB450PE,0.6,0.65,0.5,0.55,0.55,0.7,486.25,0.55,385000,-81000,176,79298100.0,109,F1,1000,,,,,
2026-02-18,2026-02-18,FO,NSE,STO,122224,,JSWENERGY,,2026-02-24,2026-02-24,405.0,PE,JSWENERGY26FEB405PE,0.0,0.0,0.0,0.2,0.2,0.2,486.25,0.05,81000,0,0,0.0,0,F1,1000,,,,,
2026-02-18,2026-02-18,FO,NSE,STO,131184,,JSWENERGY,,2026-04-28,2026-04-28,560.0,CE,JSWENERGY26APR560CE,0.0,0.0,0.0,8.05,0.0,8.05,486.25,8.85,0,0,0,0.0,0,F1,1000,,,,,
2026-02-18,2026-02-18,FO,NSE,STO,122507,,JSWENERGY,,2026-03-30,2026-03-30,550.0,CE,JSWENERGY26MAR550CE,2.7,2.7,2.1,2.2,2.25,2.4,486.25,2.2,22000,9000,11,6075250.0,7,F1,1000,,,,,
2026-02-18,2026-02-18,FO,NSE,STO,122492,,JSWENERGY,,2026-03-30,2026-03-30,500.0,CE,JSWENERGY26MAR500CE,12.55,13.1,9.95,10.7,11.0,12.25,486.25,10.7,407000,-23000,201,102824700.0,147,F1,1000,,,,,
2026-02-18,2026-02-18,FO,NSE,STO,122223,,JSWENERGY,,2026-02-24,2026-02-24,405.0,CE,JSWENERGY26FEB405CE,0.0,0.0,0.0,75.0,0.0,75.0,486.25,81.6,0,0,0,0.0,0,F1,1000,,,,,
2026-02-18,2026-02-18,FO,NSE,STO,131006,,JSWENERGY,,2026-03-30,2026-03-30,475.0,CE,JSWENERGY26MAR475CE,0.0,0.0,0.0,19.4,0.0,19.4,486.25,30.25,0,0,0,0.0,0,F1,1000,,,,,
2026-02-18,2026-02-18,FO,NSE,STO,130990,,JSWENERGY,,2026-03-30,2026-03-30,405.0,CE,JSWENERGY26MAR405CE,0.0,0.0,0.0,53.4,0.0,53.4,486.25,84.9,0,0,0,0.0,0,F1,1000,,,,,
2026-02-18,2026-02-18,FO,NSE,STO,122447,,JSWENERGY,,2026-03-30,2026-03-30,370.0,CE,JSWENERGY26MAR370CE,0.0,0.0,0.0,109.95,0.0,109.95,486.25,118.6,0,0,0,0.0,0,F1,1000,,,,,
2026-02-18,2026-02-18,FO,NSE,STO,122368,,JSWENERGY,,2026-02-24,2026-02-24,550.0,CE,JSWENERGY26FEB550CE,0.0,0.0,0.0,0.15,0.15,0.15,486.25,0.05,58000,0,0,0.0,0,F1,1000,,,,,
2026-02-18,2026-02-18,FO,NSE,STO,122338,,JSWENERGY,,2026-02-24,2026-02-24,465.0,CE,JSWENERGY26FEB465CE,0.0,0.0,0.0,23.15,22.75,23.15,486.25,23.45,115000,0,0,0.0,0,F1,1000,,,,,
2026-02-18,2026-02-18,FO,NSE,STO,122334,,JSWENERGY,,2026-02-24,2026-02-24,450.0,CE,JSWENERGY26FEB450CE,38.6,38.9,34.55,37.25,37.25,37.4,486.25,37.25,273000,-5000,30,14597250.0,30,F1,1000,,,,,
2026-02-18,2026-02-18,FO,NSE,STO,122322,,JSWENERGY,,2026-02-24,2026-02-24,430.0,CE,JSWENERGY26FEB430CE,0.0,0.0,0.0,61.8,62.05,61.8,486.25,56.65,83000,0,0,0.0,0,F1,1000,,,,,
2026-02-18,2026-02-18,FO,NSE,STO,109256,,JSWENERGY,,2026-02-24,2026-02-24,420.0,CE,JSWENERGY26FEB420CE,0.0,0.0,0.0,47.45,47.45,47.45,486.25,66.65,12000,0,0,0.0,0,F1,1000,,,,,
2026-02-18,2026-02-18,FO,NSE,STO,131159,,JSWENERGY,,2026-04-28,2026-04-28,540.0,PE,JSWENERGY26APR540PE,0.0,0.0,0.0,102.5,0.0,102.5,486.25,61.2,0,0,0,0.0,0,F1,1000,,,,,
2026-02-18,2026-02-18,FO,NSE,STO,131140,,JSWENERGY,,2026-04-28,2026-04-28,450.0,PE,JSWENERGY26APR450PE,0.0,0.0,0.0,39.35,0.0,39.35,486.25,12.75,0,0,0,0.0,0,F1,1000,,,,,
2026-02-18,2026-02-18,FO,NSE,STO,109322,,JSWENERGY,,2026-02-24,2026-02-24,580.0,CE,JSWENERGY26FEB580CE,0.0,0.0,0.0,0.35,0.35,0.35,486.25,0.05,33000,0,0,0.0,0,F1,1000,,,,,
2026-02-18,2026-02-18,FO,NSE,STO,109318,,JSWENERGY,,2026-02-24,2026-02-24,540.0,CE,JSWENERGY26FEB540CE,0.0,0.0,0.0,0.25,0.25,0.25,486.25,0.1,221000,0,0,0.0,0,F1,1000,,,,,
2026-02-18,2026-02-18,FO,NSE,STO,122364,,JSWENERGY,,2026-02-24,2026-02-24,535.0,CE,JSWENERGY26FEB535CE,0.15,0.25,0.15,0.2,0.2,0.4,486.25,0.2,85000,16000,17,9098600.0,16,F1,1000,,,,,
2026-02-18,2026-02-18,FO,NSE,STO,122355,,JSWENERGY,,2026-02-24,2026-02-24,515.0,PE,JSWENERGY26FEB515PE,0.0,0.0,0.0,28.4,28.4,28.4,486.25,29.45,4000,0,0,0.0,0,F1,1000,,,,,
2026-02-18,2026-02-18,FO,NSE,STO,109323,,JSWENERGY,,2026-02-24,2026-02-24,580.0,PE,JSWENERGY26FEB580PE,96.0,96.25,96.0,96.25,96.25,111.05,486.25,93.25,9000,0,2,1352250.0,2,F1,1000,,,,,
2026-02-18,2026-02-18,FO,NSE,STO,130991,,JSWENERGY,,2026-03-30,2026-03-30,405.0,PE,JSWENERGY26MAR405PE,0.0,0.0,0.0,14.1,0.0,14.1,486.25,1.2,0,0,0,0.0,0,F1,1000,,,,,
2026-02-18,2026-02-18,FO,NSE,STO,131127,,JSWENERGY,,2026-04-28,2026-04-28,390.0,PE,JSWENERGY26APR390PE,0.0,0.0,0.0,14.1,0.0,14.1,486.25,2.0,0,0,0,0.0,0,F1,1000,,,,,
2026-02-18,2026-02-18,FO,NSE,STO,131144,,JSWENERGY,,2026-04-28,2026-04-28,470.0,PE,JSWENERGY26APR470PE,0.0,0.0,0.0,51.1,0.0,51.1,486.25,19.95,0,0,0,0.0,0,F1,1000,,,,,
2026-02-18,2026-02-18,FO,NSE,STO,122470,,JSWENERGY,,2026-03-30,2026-03-30,400.0,CE,JSWENERGY26MAR400CE,0.0,0.0,0.0,85.75,0.0,85.75,486.25,89.55,0,0,0,0.0,0,F1,1000,,,,,
2026-02-18,2026-02-18,FO,NSE,STO,109151,,JSWENERGY,,2026-02-24,2026-02-24,400.0,CE,JSWENERGY26FEB400CE,0.0,0.0,0.0,88.85,88.85,88.85,486.25,86.6,11000,0,0,0.0,0,F1,1000,,,,,
2026-02-18,2026-02-18,FO,NSE,STO,122174,,JSWENERGY,,2026-02-24,2026-02-24,395.0,CE,JSWENERGY26FEB395CE,0.0,0.0,0.0,83.2,0.0,83.2,486.25,91.6,0,0,0,0.0,0,F1,1000,,,,,
2026-02-18,2026-02-18,FO,NSE,STO,122486,,JSWENERGY,,2026-03-30,2026-03-30,480.0,CE,JSWENERGY26MAR480CE,21.0,21.7,20.5,21.7,21.7,25.05,486.25,21.7,11000,-1000,4,2003700.0,3,F1,1000,,,,,
2026-02-18,2026-02-18,FO,NSE,STO,122509,,JSWENERGY,,2026-03-30,2026-03-30,560.0,CE,JSWENERGY26MAR560CE,0.0,0.0,0.0,13.5,0.0,13.5,486.25,3.8,0,0,0,0.0,0,F1,1000,,,,,
2026-02-18,2026-02-18,FO,NSE,STO,131137,,JSWENERGY,,2026-04-28,2026-04-28,440.0,CE,JSWENERGY26APR440CE,0.0,0.0,0.0,40.9,0.0,40.9,486.25,60.7,0,0,0,0.0,0,F1,1000,,,,,
2026-02-18,2026-02-18,FO,NSE,STO,131147,,JSWENERGY,,2026-04-28,2026-04-28,490.0,CE,JSWENERGY26APR490CE,0.0,0.0,0.0,21.85,0.0,21.85,486.25,30.55,0,0,0,0.0,0,F1,1000,,,,,
2026-02-18,2026-02-18,FO,NSE,STO,122167,,JSWENERGY,,2026-02-24,2026-02-24,370.0,PE,JSWENERGY26FEB370PE,0.0,0.0,0.0,2.0,0.0,2.0,486.25,0.05,0,0,0,0.0,0,F1,1000,,,,,
2026-02-18,2026-02-18,FO,NSE,STO,122326,,JSWENERGY,,2026-02-24,2026-02-24,435.0,CE,JSWENERGY26FEB435CE,0.0,0.0,0.0,45.65,45.65,45.65,486.25,51.7,31000,0,0,0.0,0,F1,1000,,,,,
2026-02-18,2026-02-18,FO,NSE,STO,122318,,JSWENERGY,,2026-02-24,2026-02-24,415.0,CE,JSWENERGY26FEB415CE,0.0,0.0,0.0,67.2,0.0,67.2,486.25,71.65,0,0,0,0.0,0,F1,1000,,,,,
2026-02-18,2026-02-18,FO,NSE,STO,122166,,JSWENERGY,,2026-02-24,2026-02-24,370.0,CE,JSWENERGY26FEB370CE,0.0,0.0,0.0,105.15,0.0,105.15,486.25,116.6,0,0,0,0.0,0,F1,1000,,,,,
2026-02-18,2026-02-18,FO,NSE,STO,122490,,JSWENERGY,,2026-03-30,2026-03-30,490.0,CE,JSWENERGY26MAR490CE,17.4,18.55,14.05,15.9,14.05,16.45,486.25,15.9,72000,39000,69,34893250.0,58,F1,1000,,,,,
2026-02-18,2026-02-18,FO,NSE,STO,131004,,JSWENERGY,,2026-03-30,2026-03-30,465.0,CE,JSWENERGY26MAR465CE,0.0,0.0,0.0,22.8,0.0,22.8,486.25,36.3,0,0,0,0.0,0,F1,1000,,,,,
2026-02-18,2026-02-18,FO,NSE,STO,122348,,JSWENERGY,,2026-02-24,2026-02-24,495.0,CE,JSWENERGY26FEB495CE,3.5,4.4,2.25,2.65,2.35,3.5,486.25,2.65,148000,-8000,695,346134250.0,568,F1,1000,,,,,
2026-02-18,2026-02-18,FO,NSE,STO,122342,,JSWENERGY,,2026-02-24,2026-02-24,475.0,CE,JSWENERGY26FEB475CE,14.35,14.65,11.8,13.3,13.15,14.35,486.25,13.3,121000,5000,42,20496550.0,42,F1,1000,,,,,
2026-02-18,2026-02-18,FO,NSE,STO,122336,,JSWENERGY,,2026-02-24,2026-02-24,455.0,CE,JSWENERGY26FEB455CE,30.9,32.25,30.55,31.9,31.9,32.5,486.25,31.9,140000,-1000,6,2918200.0,6,F1,1000,,,,,
2026-02-18,2026-02-18,FO,NSE,STO,122172,,JSWENERGY,,2026-02-24,2026-02-24,390.0,CE,JSWENERGY26FEB390CE,0.0,0.0,0.0,87.45,0.0,87.45,486.25,96.6,0,0,0,0.0,0,F1,1000,,,,,
2026-02-18,2026-02-18,FO,NSE,STO,109076,,JSWENERGY,,2026-02-24,2026-02-24,380.0,CE,JSWENERGY26FEB380CE,0.0,0.0,0.0,86.65,86.65,86.65,486.25,106.6,0,0,0,0.0,0,F1,1000,,,,,
2026-02-18,2026-02-18,FO,NSE,STO,109310,,JSWENERGY,,2026-02-24,2026-02-24,460.0,CE,JSWENERGY26FEB460CE,28.4,28.95,25.4,26.95,26.95,27.75,486.25,26.95,355000,-11000,22,10714350.0,20,F1,1000,,,,,
2026-02-18,2026-02-18,FO,NSE,STO,122505,,JSWENERGY,,2026-03-30,2026-03-30,540.0,CE,JSWENERGY26MAR540CE,3.0,3.45,3.0,3.15,3.0,3.3,486.25,3.15,26000,3000,4,2172450.0,4,F1,1000,,,,,
2026-02-18,2026-02-18,FO,NSE,STO,131128,,JSWENERGY,,2026-04-28,2026-04-28,400.0,CE,JSWENERGY26APR400CE,0.0,0.0,0.0,63.4,0.0,63.4,486.25,93.25,0,0,0,0.0,0,F1,1000,,,,,
2026-02-18,2026-02-18,FO,NSE,STO,122165,,JSWENERGY,,2026-02-24,2026-02-24,365.0,PE,JSWENERGY26FEB365PE,0.0,0.0,0.0,1.15,1.15,1.15,486.25,0.05,5000,0,0,0.0,0,F1,1000,,,,,
2026-02-18,2026-02-18,FO,NSE,STO,122349,,JSWENERGY,,2026-02-24,2026-02-24,495.0,PE,JSWENERGY26FEB495PE,0.0,0.0,0.0,11.8,11.95,11.8,486.25,13.65,34000,0,0,0.0,0,F1,1000,,,,,
2026-02-18,2026-02-18,FO,NSE,STO,122448,,JSWENERGY,,2026-03-30,2026-03-30,370.0,PE,JSWENERGY26MAR370PE,0.0,0.0,0.0,4.75,0.0,4.75,486.25,0.15,0,0,0,0.0,0,F1,1000,,,,,
2026-02-18,2026-02-18,FO,NSE,STO,122491,,JSWENERGY,,2026-03-30,2026-03-30,490.0,PE,JSWENERGY26MAR490PE,18.0,18.0,15.95,16.0,15.95,16.15,486.25,16.0,36000,16000,16,8102950.0,8,F1,1000,,,,,
2026-02-18,2026-02-18,FO,NSE,STO,122468,,JSWENERGY,,2026-03-30,2026-03-30,390.0,CE,JSWENERGY26MAR390CE,0.0,0.0,0.0,93.5,0.0,93.5,486.25,99.1,0,0,0,0.0,0,F1,1000,,,,,
2026-02-18,2026-02-18,FO,NSE,STO,131000,,JSWENERGY,,2026-03-30,2026-03-30,445.0,CE,JSWENERGY26MAR445CE,0.0,0.0,0.0,31.0,0.0,31.0,486.25,50.4,0,0,0,0.0,0,F1,1000,,,,,
2026-02-18,2026-02-18,FO,NSE,STO,122466,,JSWENERGY,,2026-03-30,2026-03-30,380.0,CE,JSWENERGY26MAR380CE,0.0,0.0,0.0,101.55,0.0,101.55,486.25,108.8,0,0,0,0.0,0,F1,1000,,,,,
2026-02-18,2026-02-18,FO,NSE,STO,122374,,JSWENERGY,,2026-02-24,2026-02-24,570.0,CE,JSWENERGY26FEB570CE,0.0,0.0,0.0,3.0,3.0,3.0,486.25,0.05,4000,0,0,0.0,0,F1,1000,,,,,
2026-02-18,2026-02-18,FO,NSE,STO,122360,,JSWENERGY,,2026-02-24,2026-02-24,525.0,CE,JSWENERGY26FEB525CE,0.0,0.0,0.0,0.35,0.35,0.35,486.25,0.45,54000,0,0,0.0,0,F1,1000,,,,,
2026-02-18,2026-02-18,FO,NSE,STO,109316,,JSWENERGY,,2026-02-24,2026-02-24,520.0,CE,JSWENERGY26FEB520CE,0.55,0.55,0.25,0.3,0.3,0.55,486.25,0.75,187000,-50000,92,47871750.0,48,F1,1000,,,,,
2026-02-18,2026-02-18,FO,NSE,STO,109312,,JSWENERGY,,2026-02-24,2026-02-24,480.0,CE,JSWENERGY26FEB480CE,10.3,12.7,8.05,9.7,9.15,10.8,486.25,9.7,428000,-19000,365,178748850.0,312,F1,1000,,,,,
2026-02-18,2026-02-18,FO,NSE,STF,51948,,JSWENERGY,,2026-03-30,2026-03-30,,,JSWENERGY26MARFUT,489.75,493.4,486.7,489.6,489.7,489.5,486.25,489.6,2416000,1112000,1886,921871250.0,1218,F1,1000,,,,,
2026-02-18,2026-02-18,FO,NSE,STF,59390,,JSWENERGY,,2026-02-24,2026-02-24,,,JSWENERGY26FEBFUT,485.75,490.1,483.55,486.55,485.9,486.9,486.25,486.55,30750000,-1431000,2849,1384757900.0,1968,F1,1000,,,,,
2026-02-18,2026-02-18,FO,NSE,STO,122487,,JSWENERGY,,2026-03-30,2026-03-30,480.0,PE,JSWENERGY26MAR480PE,9.0,12.1,9.0,11.8,11.8,11.7,486.25,18.3,51000,7000,8,3931750.0,7,F1,1000,,,,,
2026-02-18,2026-02-18,FO,NSE,STO,131009,,JSWENERGY,,2026-03-30,2026-03-30,485.0,PE,JSWENERGY26MAR485PE,0.0,0.0,0.0,14.0,14.0,14.0,486.25,20.7,24000,0,0,0.0,0,F1,1000,,,,,
2026-02-18,2026-02-18,FO,NSE,STO,122500,,JSWENERGY,,2026-03-30,2026-03-30,510.0,PE,JSWENERGY26MAR510PE,29.0,29.65,27.8,28.75,29.65,28.25,486.25,28.75,15000,2000,4,2155450.0,3,F1,1000,,,,,
2026-02-18,2026-02-18,FO,NSE,STO,131005,,JSWENERGY,,2026-03-30,2026-03-30,465.0,PE,JSWENERGY26MAR465PE,0.0,0.0,0.0,7.05,7.05,7.05,486.25,12.25,1000,0,0,0.0,0,F1,1000,,,,,
2026-02-18,2026-02-18,FO,NSE,STO,131003,,JSWENERGY,,2026-03-30,2026-03-30,455.0,PE,JSWENERGY26MAR455PE,0.0,0.0,0.0,6.1,6.1,6.1,486.25,9.05,10000,0,0,0.0,0,F1,1000,,,,,
2026-02-18,2026-02-18,FO,NSE,STO,122477,,JSWENERGY,,2026-03-30,2026-03-30,430.0,PE,JSWENERGY26MAR430PE,2.35,2.35,2.1,2.1,2.1,2.15,486.25,3.7,187000,-23000,23,9942250.0,9,F1,1000,,,,,
2026-02-18,2026-02-18,FO,NSE,STO,130993,,JSWENERGY,,2026-03-30,2026-03-30,415.0,PE,JSWENERGY26MAR415PE,0.0,0.0,0.0,17.65,0.0,17.65,486.25,1.95,0,0,0,0.0,0,F1,1000,,,,,
2026-02-18,2026-02-18,FO,NSE,STO,122473,,JSWENERGY,,2026-03-30,2026-03-30,410.0,PE,JSWENERGY26MAR410PE,0.0,0.0,0.0,12.5,0.0,12.5,486.25,1.55,0,0,0,0.0,0,F1,1000,,,,,
2026-02-18,2026-02-18,FO,NSE,STO,131139,,JSWENERGY,,2026-04-28,2026-04-28,450.0,CE,JSWENERGY26APR450CE,0.0,0.0,0.0,36.3,0.0,36.3,486.25,53.65,0,0,0,0.0,0,F1,1000,,,,,
2026-02-18,2026-02-18,FO,NSE,STO,109077,,JSWENERGY,,2026-02-24,2026-02-24,380.0,PE,JSWENERGY26FEB380PE,0.05,0.05,0.05,0.05,0.05,0.05,486.25,0.05,21000,-2000,2,760100.0,1,F1,1000,,,,,
2026-02-18,2026-02-18,FO,NSE,STO,122321,,JSWENERGY,,2026-02-24,2026-02-24,425.0,PE,JSWENERGY26FEB425PE,0.25,0.35,0.25,0.25,0.25,0.4,486.25,0.25,41000,-2000,5,2126350.0,3,F1,1000,,,,,
2026-02-18,2026-02-18,FO,NSE,STO,109313,,JSWENERGY,,2026-02-24,2026-02-24,480.0,PE,JSWENERGY26FEB480PE,3.95,4.65,2.6,3.15,3.1,3.95,486.25,3.15,361000,13000,547,264558750.0,511,F1,1000,,,,,
2026-02-18,2026-02-18,FO,NSE,STO,122173,,JSWENERGY,,2026-02-24,2026-02-24,390.0,PE,JSWENERGY26FEB390PE,0.0,0.0,0.0,0.05,0.05,0.05,486.25,0.05,46000,0,0,0.0,0,F1,1000,,,,,
2026-02-18,2026-02-18,FO,NSE,STO,109257,,JSWENERGY,,2026-02-24,2026-02-24,420.0,PE,JSWENERGY26FEB420PE,0.35,0.4,0.25,0.25,0.25,0.35,486.25,0.25,123000,-16000,18,7565250.0,15,F1,1000,,,,,
2026-02-18,2026-02-18,FO,NSE,STO,122327,,JSWENERGY,,2026-02-24,2026-02-24,435.0,PE,JSWENERGY26FEB435PE,0.35,0.5,0.35,0.45,0.45,0.55,486.25,0.45,97000,-6000,38,16547600.0,28,F1,1000,,,,,
2026-02-18,2026-02-18,FO,NSE,STO,131017,,JSWENERGY,,2026-03-30,2026-03-30,525.0,PE,JSWENERGY26MAR525PE,0.0,0.0,0.0,87.45,0.0,87.45,486.25,45.6,0,0,0,0.0,0,F1,1000,,,,,
2026-02-18,2026-02-18,FO,NSE,STO,131145,,JSWENERGY,,2026-04-28,2026-04-28,480.0,CE,JSWENERGY26APR480CE,0.0,0.0,0.0,24.9,0.0,24.9,486.25,35.55,0,0,0,0.0,0,F1,1000,,,,,
2026-02-18,2026-02-18,FO,NSE,STO,122350,,JSWENERGY,,2026-02-24,2026-02-24,505.0,CE,JSWENERGY26FEB505CE,1.45,1.7,0.8,0.95,0.8,1.45,486.25,0.95,734000,4000,436,220709850.0,350,F1,1000,,,,,
2026-02-18,2026-02-18,FO,NSE,STO,122329,,JSWENERGY,,2026-02-24,2026-02-24,445.0,PE,JSWENERGY26FEB445PE,0.55,0.55,0.45,0.55,0.55,0.65,486.25,0.55,143000,-4000,14,6237200.0,14,F1,1000,,,,,
2026-02-18,2026-02-18,FO,NSE,STO,122316,,JSWENERGY,,2026-02-24,2026-02-24,410.0,CE,JSWENERGY26FEB410CE,0.0,0.0,0.0,77.8,77.8,77.8,486.25,76.6,26000,0,0,0.0,0,F1,1000,,,,,
2026-02-18,2026-02-18,FO,NSE,STO,122339,,JSWENERGY,,2026-02-24,2026-02-24,465.0,PE,JSWENERGY26FEB465PE,0.65,1.2,0.65,0.85,0.8,1.15,486.25,0.85,370000,-32000,198,92265600.0,193,F1,1000,,,,,
2026-02-18,2026-02-18,FO,NSE,STO,131015,,JSWENERGY,,2026-03-30,2026-03-30,515.0,PE,JSWENERGY26MAR515PE,0.0,0.0,0.0,32.0,32.0,32.0,486.25,38.45,1000,0,0,0.0,0,F1,1000,,,,,
2026-02-18,2026-02-18,FO,NSE,STO,122510,,JSWENERGY,,2026-03-30,2026-03-30,560.0,PE,JSWENERGY26MAR560PE,73.0,73.0,72.5,72.5,72.5,95.45,486.25,74.2,2000,2000,2,1265500.0,2,F1,1000,,,,,
2026-02-18,2026-02-18,FO,NSE,STO,131121,,JSWENERGY,,2026-04-28,2026-04-28,360.0,PE,JSWENERGY26APR360PE,0.0,0.0,0.0,7.0,0.0,7.0,486.25,0.55,0,0,0,0.0,0,F1,1000,,,,,
2026-02-18,2026-02-18,FO,NSE,STO,122478,,JSWENERGY,,2026-03-30,2026-03-30,440.0,CE,JSWENERGY26MAR440CE,0.0,0.0,0.0,58.45,0.0,58.45,486.25,54.35,0,0,0,0.0,0,F1,1000,,,,,
2026-02-18,2026-02-18,FO,NSE,STO,109317,,JSWENERGY,,2026-02-24,2026-02-24,520.0,PE,JSWENERGY26FEB520PE,0.0,0.0,0.0,34.35,34.35,34.35,486.25,34.05,256000,0,0,0.0,0,F1,1000,,,,,
2026-02-18,2026-02-18,FO,NSE,STO,122363,,JSWENERGY,,2026-02-24,2026-02-24,530.0,PE,JSWENERGY26FEB530PE,44.75,45.25,43.7,43.7,43.7,43.2,486.25,43.7,905000,-2000,17,9769050.0,7,F1,1000,,,,,
2026-02-18,2026-02-18,FO,NSE,STO,131150,,JSWENERGY,,2026-04-28,2026-04-28,500.0,PE,JSWENERGY26APR500PE,0.0,0.0,0.0,71.35,0.0,71.35,486.25,34.7,0,0,0,0.0,0,F1,1000,,,,,
2026-02-18,2026-02-18,FO,NSE,STO,131019,,JSWENERGY,,2026-03-30,2026-03-30,535.0,PE,JSWENERGY26MAR535PE,0.0,0.0,0.0,95.95,0.0,95.95,486.25,53.25,0,0,0,0.0,0,F1,1000,,,,,
2026-02-18,2026-02-18,FO,NSE,STO,122467,,JSWENERGY,,2026-03-30,2026-03-30,380.0,PE,JSWENERGY26MAR380PE,0.0,0.0,0.0,0.25,0.25,0.25,486.25,0.3,0,0,0,0.0,0,F1,1000,,,,,
2026-02-18,2026-02-18,FO,NSE,STO,122345,,JSWENERGY,,2026-02-24,2026-02-24,485.0,PE,JSWENERGY26FEB485PE,4.7,7.0,4.05,4.9,5.0,5.9,486.25,4.9,182000,6000,222,108913850.0,216,F1,1000,,,,,
2026-02-18,2026-02-18,FO,NSE,STO,122317,,JSWENERGY,,2026-02-24,2026-02-24,410.0,PE,JSWENERGY26FEB410PE,0.3,0.3,0.2,0.2,0.2,0.3,486.25,0.05,76000,3000,8,3282300.0,4,F1,1000,,,,,
2026-02-18,2026-02-18,FO,NSE,STO,131157,,JSWENERGY,,2026-04-28,2026-04-28,540.0,CE,JSWENERGY26APR540CE,0.0,0.0,0.0,10.85,0.0,10.85,486.25,13.05,0,0,0,0.0,0,F1,1000,,,,,
2026-02-18,2026-02-18,FO,NSE,STO,131151,,JSWENERGY,,2026-04-28,2026-04-28,510.0,CE,JSWENERGY26APR510CE,0.0,0.0,0.0,16.65,0.0,16.65,486.25,22.15,0,0,0,0.0,0,F1,1000,,,,,
2026-02-18,2026-02-18,FO,NSE,STO,122476,,JSWENERGY,,2026-03-30,2026-03-30,430.0,CE,JSWENERGY26MAR430CE,0.0,0.0,0.0,64.65,0.0,64.65,486.25,62.55,0,0,0,0.0,0,F1,1000,,,,,
2026-02-18,2026-02-18,FO,NSE,STO,122474,,JSWENERGY,,2026-03-30,2026-03-30,420.0,CE,JSWENERGY26MAR420CE,0.0,0.0,0.0,71.3,0.0,71.3,486.25,71.2,0,0,0,0.0,0,F1,1000,,,,,
2026-02-18,2026-02-18,FO,NSE,STO,122352,,JSWENERGY,,2026-02-24,2026-02-24,510.0,CE,JSWENERGY26FEB510CE,1.5,1.5,0.55,0.65,0.6,1.0,486.25,0.65,764000,-11000,235,120020400.0,180,F1,1000,,,,,
2026-02-18,2026-02-18,FO,NSE,STO,122328,,JSWENERGY,,2026-02-24,2026-02-24,445.0,CE,JSWENERGY26FEB445CE,0.0,0.0,0.0,42.3,42.5,42.3,486.25,41.85,111000,0,0,0.0,0,F1,1000,,,,,
2026-02-18,2026-02-18,FO,NSE,STO,122351,,JSWENERGY,,2026-02-24,2026-02-24,505.0,PE,JSWENERGY26FEB505PE,0.0,0.0,0.0,28.35,28.35,28.35,486.25,20.95,4000,0,0,0.0,0,F1,1000,,,,,
2026-02-18,2026-02-18,FO,NSE,STO,130995,,JSWENERGY,,2026-03-30,2026-03-30,425.0,PE,JSWENERGY26MAR425PE,0.0,0.0,0.0,3.55,3.55,3.55,486.25,3.0,5000,0,0,0.0,0,F1,1000,,,,,
2026-02-18,2026-02-18,FO,NSE,STO,109321,,JSWENERGY,,2026-02-24,2026-02-24,560.0,PE,JSWENERGY26FEB560PE,0.0,0.0,0.0,82.5,82.5,82.5,486.25,73.25,29000,0,0,0.0,0,F1,1000,,,,,
2026-02-18,2026-02-18,FO,NSE,STO,122485,,JSWENERGY,,2026-03-30,2026-03-30,470.0,PE,JSWENERGY26MAR470PE,0.0,0.0,0.0,8.3,8.3,8.3,486.25,14.1,17000,0,0,0.0,0,F1,1000,,,,,
2026-02-18,2026-02-18,FO,NSE,STO,131013,,JSWENERGY,,2026-03-30,2026-03-30,505.0,PE,JSWENERGY26MAR505PE,0.0,0.0,0.0,71.25,0.0,71.25,486.25,31.9,0,0,0,0.0,0,F1,1000,,,,,
2026-02-18,2026-02-18,FO,NSE,STO,122346,,JSWENERGY,,2026-02-24,2026-02-24,490.0,CE,JSWENERGY26FEB490CE,4.6,7.45,3.6,4.2,3.85,5.1,486.25,4.2,904000,8000,1393,689067100.0,1194,F1,1000,,,,,
2026-02-18,2026-02-18,FO,NSE,STO,122354,,JSWENERGY,,2026-02-24,2026-02-24,515.0,CE,JSWENERGY26FEB515CE,0.55,0.6,0.4,0.4,0.4,0.7,486.25,0.4,149000,-25000,45,23196950.0,41,F1,1000,,,,,
2026-02-18,2026-02-18,FO,NSE,STO,131153,,JSWENERGY,,2026-04-28,2026-04-28,520.0,CE,JSWENERGY26APR520CE,0.0,0.0,0.0,14.45,0.0,14.45,486.25,18.7,0,0,0,0.0,0,F1,1000,,,,,
2026-02-18,2026-02-18,FO,NSE,STO,122171,,JSWENERGY,,2026-02-24,2026-02-24,385.0,PE,JSWENERGY26FEB385PE,0.0,0.0,0.0,0.3,0.3,0.3,486.25,0.05,21000,0,0,0.0,0,F1,1000,,,,,
2026-02-18,2026-02-18,FO,NSE,STO,122482,,JSWENERGY,,2026-03-30,2026-03-30,460.0,CE,JSWENERGY26MAR460CE,0.0,0.0,0.0,27.2,27.2,27.2,486.25,39.6,5000,0,0,0.0,0,F1,1000,,,,,
2026-02-18,2026-02-18,FO,NSE,STO,131185,,JSWENERGY,,2026-04-28,2026-04-28,560.0,PE,JSWENERGY26APR560PE,0.0,0.0,0.0,119.4,0.0,119.4,486.25,76.8,0,0,0,0.0,0,F1,1000,,,,,
2026-02-18,2026-02-18,FO,NSE,STO,131001,,JSWENERGY,,2026-03-30,2026-03-30,445.0,PE,JSWENERGY26MAR445PE,0.0,0.0,0.0,31.3,0.0,31.3,486.25,6.5,0,0,0,0.0,0,F1,1000,,,,,
2026-02-18,2026-02-18,FO,NSE,STO,122369,,JSWENERGY,,2026-02-24,2026-02-24,550.0,PE,JSWENERGY26FEB550PE,0.0,0.0,0.0,90.95,90.95,90.95,486.25,63.3,21000,0,0,0.0,0,F1,1000,,,,,
2026-02-18,2026-02-18,FO,NSE,STO,109315,,JSWENERGY,,2026-02-24,2026-02-24,500.0,PE,JSWENERGY26FEB500PE,13.35,17.4,12.5,14.65,14.7,15.7,486.25,14.65,127000,-62000,136,70062200.0,101,F1,1000,,,,,
2026-02-18,2026-02-18,FO,NSE,STO,131018,,JSWENERGY,,2026-03-30,2026-03-30,535.0,CE,JSWENERGY26MAR535CE,0.0,0.0,0.0,6.6,0.0,6.6,486.25,7.7,0,0,0,0.0,0,F1,1000,,,,,
2026-02-18,2026-02-18,FO,NSE,STO,131014,,JSWENERGY,,2026-03-30,2026-03-30,515.0,CE,JSWENERGY26MAR515CE,8.2,8.2,6.9,6.9,6.9,6.95,486.25,12.8,1000,1000,2,1045100.0,2,F1,1000,,,,,
2026-02-18,2026-02-18,FO,NSE,STO,122480,,JSWENERGY,,2026-03-30,2026-03-30,450.0,CE,JSWENERGY26MAR450CE,0.0,0.0,0.0,24.2,24.2,24.2,486.25,46.65,2000,0,0,0.0,0,F1,1000,,,,,
2026-02-18,2026-02-18,FO,NSE,STO,131134,,JSWENERGY,,2026-04-28,2026-04-28,420.0,PE,JSWENERGY26APR420PE,0.0,0.0,0.0,24.8,0.0,24.8,486.25,5.6,0,0,0,0.0,0,F1,1000,,,,,
2026-02-18,2026-02-18,FO,NSE,STO,131152,,JSWENERGY,,2026-04-28,2026-04-28,510.0,PE,JSWENERGY26APR510PE,0.0,0.0,0.0,78.8,0.0,78.8,486.25,40.65,0,0,0,0.0,0,F1,1000,,,,,
2026-02-18,2026-02-18,FO,NSE,STO,131149,,JSWENERGY,,2026-04-28,2026-04-28,500.0,CE,JSWENERGY26APR500CE,0.0,0.0,0.0,19.05,0.0,19.05,486.25,26.1,0,0,0,0.0,0,F1,1000,,,,,
2026-02-18,2026-02-18,FO,NSE,STO,131142,,JSWENERGY,,2026-04-28,2026-04-28,460.0,PE,JSWENERGY26APR460PE,0.0,0.0,0.0,45.05,0.0,45.05,486.25,16.1,0,0,0,0.0,0,F1,1000,,,,,
2026-02-18,2026-02-18,FO,NSE,STO,131130,,JSWENERGY,,2026-04-28,2026-04-28,410.0,CE,JSWENERGY26APR410CE,0.0,0.0,0.0,57.15,0.0,57.15,486.25,84.55,0,0,0,0.0,0,F1,1000,,,,,
2026-02-18,2026-02-18,FO,NSE,STO,131143,,JSWENERGY,,2026-04-28,2026-04-28,470.0,CE,JSWENERGY26APR470CE,0.0,0.0,0.0,28.35,0.0,28.35,486.25,41.05,0,0,0,0.0,0,F1,1000,,,,,
2026-02-18,2026-02-18,FO,NSE,STO,131120,,JSWENERGY,,2026-04-28,2026-04-28,360.0,CE,JSWENERGY26APR360CE,0.0,0.0,0.0,92.55,0.0,92.55,486.25,130.5,0,0,0,0.0,0,F1,1000,,,,,
2026-02-18,2026-02-18,FO,NSE,STO,131016,,JSWENERGY,,2026-03-30,2026-03-30,525.0,CE,JSWENERGY26MAR525CE,0.0,0.0,0.0,7.95,7.95,7.95,486.25,10.0,1000,0,0,0.0,0,F1,1000,,,,,
2026-02-18,2026-02-18,FO,NSE,STO,122481,,JSWENERGY,,2026-03-30,2026-03-30,450.0,PE,JSWENERGY26MAR450PE,0.0,0.0,0.0,4.45,4.45,4.45,486.25,7.7,48000,0,0,0.0,0,F1,1000,,,,,
2026-02-18,2026-02-18,FO,NSE,STO,109311,,JSWENERGY,,2026-02-24,2026-02-24,460.0,PE,JSWENERGY26FEB460PE,0.75,0.9,0.65,0.75,0.7,0.9,486.25,0.75,458000,-26000,250,115193100.0,226,F1,1000,,,,,
2026-02-18,2026-02-18,FO,NSE,STO,122341,,JSWENERGY,,2026-02-24,2026-02-24,470.0,PE,JSWENERGY26FEB470PE,1.6,1.85,0.95,1.15,1.25,1.7,486.25,1.15,1002000,-23000,551,259811700.0,338,F1,1000,,,,,
2026-02-18,2026-02-18,FO,NSE,STO,122347,,JSWENERGY,,2026-02-24,2026-02-24,490.0,PE,JSWENERGY26FEB490PE,8.15,10.05,6.2,7.4,7.75,8.3,486.25,7.4,274000,27000,342,170216500.0,324,F1,1000,,,,,
2026-02-18,2026-02-18,FO,NSE,STO,131007,,JSWENERGY,,2026-03-30,2026-03-30,475.0,PE,JSWENERGY26MAR475PE,0.0,0.0,0.0,9.8,9.8,9.8,486.25,16.15,3000,0,0,0.0,0,F1,1000,,,,,
2026-02-18,2026-02-18,FO,NSE,STO,122508,,JSWENERGY,,2026-03-30,2026-03-30,550.0,PE,JSWENERGY26MAR550PE,0.0,0.0,0.0,87.6,0.0,87.6,486.25,65.55,0,0,0,0.0,0,F1,1000,,,,,
2026-02-18,2026-02-18,FO,NSE,STO,122362,,JSWENERGY,,2026-02-24,2026-02-24,530.0,CE,JSWENERGY26FEB530CE,0.2,0.2,0.1,0.15,0.15,0.3,486.25,0.15,548000,0,138,73159200.0,44,F1,1000,,,,,
2026-02-18,2026-02-18,FO,NSE,STF,66873,,JSWENERGY,,2026-04-28,2026-04-28,,,JSWENERGY26APRFUT,494.15,494.15,490.4,490.6,490.6,491.8,486.25,491.35,47000,0,4,1967800.0,4,F1,1000,,,,,
2026-02-18,2026-02-18,FO,NSE,STO,130992,,JSWENERGY,,2026-03-30,2026-03-30,415.0,CE,JSWENERGY26MAR415CE,0.0,0.0,0.0,47.05,0.0,47.05,486.25,75.7,0,0,0,0.0,0,F1,1000,,,,,
2026-02-18,2026-02-18,FO,NSE,STO,131012,,JSWENERGY,,2026-03-30,2026-03-30,505.0,CE,JSWENERGY26MAR505CE,0.0,0.0,0.0,11.6,0.0,11.6,486.25,16.15,0,0,0,0.0,0,F1,1000,,,,,
2026-02-18,2026-02-18,FO,NSE,STO,130986,,JSWENERGY,,2026-03-30,2026-03-30,395.0,CE,JSWENERGY26MAR395CE,0.0,0.0,0.0,60.3,0.0,60.3,486.25,94.3,0,0,0,0.0,0,F1,1000,,,,,
2026-02-18,2026-02-18,FO,NSE,STO,131138,,JSWENERGY,,2026-04-28,2026-04-28,440.0,PE,JSWENERGY26APR440PE,0.0,0.0,0.0,34.1,0.0,34.1,486.25,9.9,0,0,0,0.0,0,F1,1000,,,,,
2026-02-18,2026-02-18,FO,NSE,STO,131136,,JSWENERGY,,2026-04-28,2026-04-28,430.0,PE,JSWENERGY26APR430PE,0.0,0.0,0.0,29.25,0.0,29.25,486.25,7.55,0,0,0,0.0,0,F1,1000,,,,,
2026-02-18,2026-02-18,FO,NSE,STO,122498,,JSWENERGY,,2026-03-30,2026-03-30,500.0,PE,JSWENERGY26MAR500PE,19.25,22.95,19.25,22.05,22.05,21.0,486.25,28.85,102000,12000,27,14093000.0,23,F1,1000,,,,,
2026-02-18,2026-02-18,FO,NSE,STO,122344,,JSWENERGY,,2026-02-24,2026-02-24,485.0,CE,JSWENERGY26FEB485CE,8.05,9.25,5.5,6.55,6.05,7.7,486.25,6.55,347000,-130000,722,354822300.0,509,F1,1000,,,,,
2026-02-18,2026-02-18,FO,NSE,STO,122340,,JSWENERGY,,2026-02-24,2026-02-24,470.0,CE,JSWENERGY26FEB470CE,19.45,20.65,16.05,17.55,17.05,18.6,486.25,17.55,183000,-2000,73,35613450.0,63,F1,1000,,,,,
2026-02-18,2026-02-18,FO,NSE,STO,131126,,JSWENERGY,,2026-04-28,2026-04-28,390.0,CE,JSWENERGY26APR390CE,0.0,0.0,0.0,70.15,0.0,70.15,486.25,102.25,0,0,0,0.0,0,F1,1000,,,,,
2026-02-18,2026-02-18,FO,NSE,STO,122484,,JSWENERGY,,2026-03-30,2026-03-30,470.0,CE,JSWENERGY26MAR470CE,0.0,0.0,0.0,24.8,24.8,24.8,486.25,33.2,19000,0,0,0.0,0,F1,1000,,,,,
2026-02-18,2026-02-18,FO,NSE,STO,131002,,JSWENERGY,,2026-03-30,2026-03-30,455.0,CE,JSWENERGY26MAR455CE,0.0,0.0,0.0,29.0,29.0,29.0,486.25,43.05,2000,0,0,0.0,0,F1,1000,,,,,
2026-02-18,2026-02-18,FO,NSE,STO,122472,,JSWENERGY,,2026-03-30,2026-03-30,410.0,CE,JSWENERGY26MAR410CE,0.0,0.0,0.0,78.35,0.0,78.35,486.25,80.25,0,0,0,0.0,0,F1,1000,,,,,
2026-02-18,2026-02-18,FO,NSE,STO,109294,,JSWENERGY,,2026-02-24,2026-02-24,440.0,CE,JSWENERGY26FEB440CE,50.25,50.25,45.65,45.65,45.65,51.45,486.25,46.75,333000,-6000,8,3898300.0,8,F1,1000,,,,,
2026-02-18,2026-02-18,FO,NSE,STO,122320,,JSWENERGY,,2026-02-24,2026-02-24,425.0,CE,JSWENERGY26FEB425CE,0.0,0.0,0.0,30.35,30.35,30.35,486.25,61.65,3000,0,0,0.0,0,F1,1000,,,,,
2026-02-18,2026-02-18,FO,NSE,STO,131156,,JSWENERGY,,2026-04-28,2026-04-28,530.0,PE,JSWENERGY26APR530PE,0.0,0.0,0.0,94.35,0.0,94.35,486.25,53.9,0,0,0,0.0,0,F1,1000,,,,,
2026-02-18,2026-02-18,FO,NSE,STO,131146,,JSWENERGY,,2026-04-28,2026-04-28,480.0,PE,JSWENERGY26APR480PE,0.0,0.0,0.0,57.5,0.0,57.5,486.25,24.35,0,0,0,0.0,0,F1,1000,,,,,
2026-02-18,2026-02-18,FO,NSE,STO,122504,,JSWENERGY,,2026-03-30,2026-03-30,530.0,PE,JSWENERGY26MAR530PE,44.0,44.0,44.0,44.0,44.0,42.25,486.25,49.35,16000,1000,1,574000.0,1,F1,1000,,,,,
2026-02-18,2026-02-18,FO,NSE,STO,130997,,JSWENERGY,,2026-03-30,2026-03-30,435.0,PE,JSWENERGY26MAR435PE,0.0,0.0,0.0,26.25,0.0,26.25,486.25,4.5,0,0,0,0.0,0,F1,1000,,,,,
2026-02-18,2026-02-18,FO,NSE,STO,131124,,JSWENERGY,,2026-04-28,2026-04-28,380.0,CE,JSWENERGY26APR380CE,0.0,0.0,0.0,77.25,0.0,77.25,486.25,111.5,0,0,0,0.0,0,F1,1000,,,,,
2026-02-18,2026-02-18,FO,NSE,STO,131008,,JSWENERGY,,2026-03-30,2026-03-30,485.0,CE,JSWENERGY26MAR485CE,20.55,20.55,19.0,19.05,19.1,20.55,486.25,19.05,13000,3000,5,2523200.0,4,F1,1000,,,,,
2026-02-18,2026-02-18,FO,NSE,STO,131010,,JSWENERGY,,2026-03-30,2026-03-30,495.0,CE,JSWENERGY26MAR495CE,0.0,0.0,0.0,13.8,0.0,13.8,486.25,20.2,0,0,0,0.0,0,F1,1000,,,,,
2026-02-18,2026-02-18,FO,NSE,STO,122499,,JSWENERGY,,2026-03-30,2026-03-30,510.0,CE,JSWENERGY26MAR510CE,0.0,0.0,0.0,26.2,0.0,26.2,486.25,14.4,0,0,0,0.0,0,F1,1000,,,,,
2026-02-18,2026-02-18,FO,NSE,STO,122501,,JSWENERGY,,2026-03-30,2026-03-30,520.0,CE,JSWENERGY26MAR520CE,6.45,6.55,3.75,5.65,5.95,6.85,486.25,5.65,108000,-31000,124,65119550.0,70,F1,1000,,,,,
2026-02-18,2026-02-18,FO,NSE,STO,122503,,JSWENERGY,,2026-03-30,2026-03-30,530.0,CE,JSWENERGY26MAR530CE,0.0,0.0,0.0,20.25,0.0,20.25,486.25,8.8,0,0,0,0.0,0,F1,1000,,,,,
2026-02-18,2026-02-18,FO,NSE,STO,131133,,JSWENERGY,,2026-04-28,2026-04-28,420.0,CE,JSWENERGY26APR420CE,0.0,0.0,0.0,51.3,0.0,51.3,486.25,76.2,0,0,0,0.0,0,F1,1000,,,,,
2026-02-18,2026-02-18,FO,NSE,STO,131155,,JSWENERGY,,2026-04-28,2026-04-28,530.0,CE,JSWENERGY26APR530CE,0.0,0.0,0.0,12.5,0.0,12.5,486.25,15.65,0,0,0,0.0,0,F1,1000,,,,,
2026-02-18,2026-02-18,FO,NSE,STO,122175,,JSWENERGY,,2026-02-24,2026-02-24,395.0,PE,JSWENERGY26FEB395PE,0.0,0.0,0.0,1.3,1.3,1.3,486.25,0.05,2000,0,0,0.0,0,F1,1000,,,,,
2026-02-18,2026-02-18,FO,NSE,STO,122319,,JSWENERGY,,2026-02-24,2026-02-24,415.0,PE,JSWENERGY26FEB415PE,0.25,0.25,0.25,0.25,0.25,0.4,486.25,0.05,70000,-2000,2,830500.0,1,F1,1000,,,,,
2026-02-18,2026-02-18,FO,NSE,STO,122365,,JSWENERGY,,2026-02-24,2026-02-24,535.0,PE,JSWENERGY26FEB535PE,0.0,0.0,0.0,71.45,0.0,71.45,486.25,48.45,0,0,0,0.0,0,F1,1000,,,,,
2026-02-18,2026-02-18,FO,NSE,STO,122479,,JSWENERGY,,2026-03-30,2026-03-30,440.0,PE,JSWENERGY26MAR440PE,0.0,0.0,0.0,2.8,2.85,2.8,486.25,5.45,13000,0,0,0.0,0,F1,1000,,,,,
2026-02-18,2026-02-18,FO,NSE,STO,122483,,JSWENERGY,,2026-03-30,2026-03-30,460.0,PE,JSWENERGY26MAR460PE,5.2,5.2,5.2,5.2,5.2,5.25,486.25,5.2,79000,0,1,465200.0,1,F1,1000,,,,,
2026-02-18,2026-02-18,FO,NSE,STO,131011,,JSWENERGY,,2026-03-30,2026-03-30,495.0,PE,JSWENERGY26MAR495PE,0.0,0.0,0.0,63.6,0.0,63.6,486.25,25.95,0,0,0,0.0,0,F1,1000,,,,,
2026-02-18,2026-02-18,FO,NSE,STO,122506,,JSWENERGY,,2026-03-30,2026-03-30,540.0,PE,JSWENERGY26MAR540PE,0.0,0.0,0.0,60.7,60.7,60.7,486.25,57.25,16000,0,0,0.0,0,F1,1000,,,,,
2026-02-18,2026-02-18,FO,NSE,STO,131129,,JSWENERGY,,2026-04-28,2026-04-28,400.0,PE,JSWENERGY26APR400PE,0.0,0.0,0.0,17.25,0.0,17.25,486.25,2.9,0,0,0,0.0,0,F1,1000,,,,,
2026-02-18,2026-02-18,FO,NSE,STO,131148,,JSWENERGY,,2026-04-28,2026-04-28,490.0,PE,JSWENERGY26APR490PE,0.0,0.0,0.0,64.25,0.0,64.25,486.25,29.25,0,0,0,0.0,0,F1,1000,,,,,
2026-02-18,2026-02-18,FO,NSE,STO,109152,,JSWENERGY,,2026-02-24,2026-02-24,400.0,PE,JSWENERGY26FEB400PE,0.3,0.4,0.1,0.1,0.1,0.15,486.25,0.05,270000,-3000,37,14810950.0,18,F1,1000,,,,,
2026-02-18,2026-02-18,FO,NSE,STO,122353,,JSWENERGY,,2026-02-24,2026-02-24,510.0,PE,JSWENERGY26FEB510PE,0.0,0.0,0.0,23.75,24.75,23.75,486.25,25.1,63000,0,0,0.0,0,F1,1000,,,,,
2026-02-18,2026-02-18,FO,NSE,STO,122475,,JSWENERGY,,2026-03-30,2026-03-30,420.0,PE,JSWENERGY26MAR420PE,0.0,0.0,0.0,2.25,2.25,2.25,486.25,2.45,25000,0,0,0.0,0,F1,1000,,,,,
2026-02-18,2026-02-18,FO,NSE,STO,131154,,JSWENERGY,,2026-04-28,2026-04-28,520.0,PE,JSWENERGY26APR520PE,0.0,0.0,0.0,86.45,0.0,86.45,486.25,47.05,0,0,0,0.0,0,F1,1000,,,,,
2026-02-18,2026-02-18,FO,NSE,STO,122325,,JSWENERGY,,2026-02-24,2026-02-24,430.0,PE,JSWENERGY26FEB430PE,0.35,0.45,0.3,0.3,0.3,0.4,486.25,0.3,137000,-10000,17,7316200.0,16,F1,1000,,,,,
2026-02-18,2026-02-18,FO,NSE,STO,131141,,JSWENERGY,,2026-04-28,2026-04-28,460.0,CE,JSWENERGY26APR460CE,0.0,0.0,0.0,32.15,0.0,32.15,486.25,47.1,0,0,0,0.0,0,F1,1000,,,,,
2026-02-18,2026-02-18,FO,NSE,STO,131132,,JSWENERGY,,2026-04-28,2026-04-28,410.0,PE,JSWENERGY26APR410PE,0.0,0.0,0.0,20.8,0.0,20.8,486.25,4.1,0,0,0,0.0,0,F1,1000,,,,,
2026-02-18,2026-02-18,FO,NSE,STO,122502,,JSWENERGY,,2026-03-30,2026-03-30,520.0,PE,JSWENERGY26MAR520PE,36.5,36.5,36.5,36.5,36.5,36.0,486.25,41.95,3000,2000,2,1113000.0,2,F1,1000,,,,,
2026-02-18,2026-02-18,FO,NSE,STO,122471,,JSWENERGY,,2026-03-30,2026-03-30,400.0,PE,JSWENERGY26MAR400PE,0.0,0.0,0.0,0.8,0.8,0.8,486.25,0.9,0,0,0,0.0,0,F1,1000,,,,,
2026-02-18,2026-02-18,FO,NSE,STO,130989,,JSWENERGY,,2026-03-30,2026-03-30,395.0,PE,JSWENERGY26MAR395PE,0.0,0.0,0.0,11.1,0.0,11.1,486.25,0.7,0,0,0,0.0,0,F1,1000,,,,,
2026-02-18,2026-02-18,FO,NSE,STO,122469,,JSWENERGY,,2026-03-30,2026-03-30,390.0,PE,JSWENERGY26MAR390PE,0.0,0.0,0.0,7.95,0.0,7.95,486.25,0.55,0,0,0,0.0,0,F1,1000,,,,,
2026-02-18,2026-02-18,FO,NSE,STO,122361,,JSWENERGY,,2026-02-24,2026-02-24,525.0,PE,JSWENERGY26FEB525PE,0.0,0.0,0.0,38.35,38.35,38.35,486.25,38.75,3000,0,0,0.0,0,F1,1000,,,,,
2026-02-18,2026-02-18,FO,NSE,STO,122337,,JSWENERGY,,2026-02-24,2026-02-24,455.0,PE,JSWENERGY26FEB455PE,0.65,0.7,0.55,0.55,0.55,0.7,486.25,0.55,441000,6000,99,45110050.0,98,F1,1000,,,,,
2026-02-18,2026-02-18,FO,NSE,STO,109296,,JSWENERGY,,2026-02-24,2026-02-24,440.0,PE,JSWENERGY26FEB440PE,0.7,0.7,0.45,0.5,0.5,0.65,486.25,0.5,407000,-48000,76,33478450.0,37,F1,1000,,,,,
2026-02-18,2026-02-18,FO,NSE,STO,131135,,JSWENERGY,,2026-04-28,2026-04-28,430.0,CE,JSWENERGY26APR430CE,0.0,0.0,0.0,45.9,0.0,45.9,486.25,68.25,0,0,0,0.0,0,F1,1000,,,,,
2026-02-18,2026-02-18,FO,NSE,STO,130996,,JSWENERGY,,2026-03-30,2026-03-30,435.0,CE,JSWENERGY26MAR435CE,0.0,0.0,0.0,35.85,0.0,35.85,486.25,58.35,0,0,0,0.0,0,F1,1000,,,,,
2026-02-18,2026-02-18,FO,NSE,STO,130994,,JSWENERGY,,2026-03-30,2026-03-30,425.0,CE,JSWENERGY26MAR425CE,0.0,0.0,0.0,41.15,0.0,41.15,486.25,66.8,0,0,0,0.0,0,F1,1000,,,,,
2026-02-18,2026-02-18,FO,NSE,STO,110194,,KALYANKJIL,,2026-02-24,2026-02-24,460.0,PE,KALYANKJIL26FEB460PE,49.0,49.0,43.45,43.45,43.45,39.05,418.4,41.7,54050,-3525,5,2974571.25,5,F1,1175,,,,,
2026-02-18,2026-02-18,FO,NSE,STO,44269,,KALYANKJIL,,2026-02-24,2026-02-24,300.0,PE,KALYANKJIL26FEB300PE,0.15,0.2,0.1,0.1,0.1,0.15,418.4,0.1,370125,-32900,41,14458140.0,22,F1,1175,,,,,
2026-02-18,2026-02-18,FO,NSE,STO,132897,,KALYANKJIL,,2026-04-28,2026-04-28,480.0,CE,KALYANKJIL26APR480CE,0.0,0.0,0.0,8.9,0.0,8.9,418.4,13.0,0,0,0,0.0,0,F1,1175,,,,,
2026-02-18,2026-02-18,FO,NSE,STO,132243,,KALYANKJIL,,2026-03-30,2026-03-30,365.0,CE,KALYANKJIL26MAR365CE,0.0,0.0,0.0,29.3,29.3,29.3,418.4,60.55,2350,0,0,0.0,0,F1,1175,,,,,
2026-02-18,2026-02-18,FO,NSE,STO,110201,,KALYANKJIL,,2026-02-24,2026-02-24,540.0,CE,KALYANKJIL26FEB540CE,0.2,0.2,0.1,0.1,0.1,0.2,418.4,0.1,97525,-27025,31,19673730.0,14,F1,1175,,,,,
2026-02-18,2026-02-18,FO,NSE,STO,110199,,KALYANKJIL,,2026-02-24,2026-02-24,520.0,CE,KALYANKJIL26FEB520CE,0.2,0.2,0.15,0.15,0.15,0.25,418.4,0.15,444150,-68150,124,75789027.5,40,F1,1175,,,,,
2026-02-18,2026-02-18,FO,NSE,STO,110189,,KALYANKJIL,,2026-02-24,2026-02-24,420.0,CE,KALYANKJIL26FEB420CE,9.7,9.75,4.35,7.2,6.75,9.35,418.4,7.2,2231325,273775,3860,1933300056.25,3010,F1,1175,,,,,
2026-02-18,2026-02-18,FO,NSE,STO,37865,,KALYANKJIL,,2026-03-30,2026-03-30,330.0,PE,KALYANKJIL26MAR330PE,0.0,0.0,0.0,1.5,1.5,1.5,418.4,1.1,0,0,0,0.0,0,F1,1175,,,,,
2026-02-18,2026-02-18,FO,NSE,STO,124685,,KALYANKJIL,,2026-02-24,2026-02-24,525.0,PE,KALYANKJIL26FEB525PE,0.0,0.0,0.0,67.0,67.0,67.0,418.4,106.15,4700,0,0,0.0,0,F1,1175,,,,,
2026-02-18,2026-02-18,FO,NSE,STO,110188,,KALYANKJIL,,2026-02-24,2026-02-24,400.0,PE,KALYANKJIL26FEB400PE,2.0,3.85,1.3,1.55,1.7,2.1,418.4,1.55,1244325,-143350,2465,1166152073.75,1669,F1,1175,,,,,
2026-02-18,2026-02-18,FO,NSE,STO,124452,,KALYANKJIL,,2026-02-24,2026-02-24,375.0,PE,KALYANKJIL26FEB375PE,0.15,0.4,0.15,0.2,0.2,0.3,418.4,0.2,646250,9400,136,59964597.5,76,F1,1175,,,,,
2026-02-18,2026-02-18,FO,NSE,STO,124447,,KALYANKJIL,,2026-02-24,2026-02-24,365.0,PE,KALYANKJIL26FEB365PE,0.15,0.2,0.05,0.1,0.05,0.15,418.4,0.1,705000,-19975,55,23596467.5,38,F1,1175,,,,,
2026-02-18,2026-02-18,FO,NSE,STO,110184,,KALYANKJIL,,2026-02-24,2026-02-24,360.0,PE,KALYANKJIL26FEB360PE,0.1,0.1,0.05,0.05,0.05,0.1,418.4,0.05,465300,-11750,34,14384702.5,13,F1,1175,,,,,
2026-02-18,2026-02-18,FO,NSE,STO,132889,,KALYANKJIL,,2026-04-28,2026-04-28,450.0,CE,KALYANKJIL26APR450CE,0.0,0.0,0.0,13.75,0.0,13.75,418.4,21.3,0,0,0,0.0,0,F1,1175,,,,,
2026-02-18,2026-02-18,FO,NSE,STO,124866,,KALYANKJIL,,2026-03-30,2026-03-30,340.0,CE,KALYANKJIL26MAR340CE,0.0,0.0,0.0,149.4,0.0,149.4,418.4,82.2,0,0,0,0.0,0,F1,1175,,,,,
2026-02-18,2026-02-18,FO,NSE,STO,132233,,KALYANKJIL,,2026-03-30,2026-03-30,315.0,CE,KALYANKJIL26MAR315CE,106.05,106.05,106.05,106.05,106.05,69.1,418.4,105.75,0,-1175,1,494733.75,1,F1,1175,,,,,
2026-02-18,2026-02-18,FO,NSE,STO,110193,,KALYANKJIL,,2026-02-24,2026-02-24,460.0,CE,KALYANKJIL26FEB460CE,1.25,1.25,0.6,0.85,0.9,1.4,418.4,0.85,636850,-75200,1073,580936920.0,576,F1,1175,,,,,
2026-02-18,2026-02-18,FO,NSE,STO,44268,,KALYANKJIL,,2026-02-24,2026-02-24,300.0,CE,KALYANKJIL26FEB300CE,0.0,0.0,0.0,60.0,60.0,60.0,418.4,118.65,25850,0,0,0.0,0,F1,1175,,,,,
2026-02-18,2026-02-18,FO,NSE,STF,66876,,KALYANKJIL,,2026-04-28,2026-04-28,,,KALYANKJIL26APRFUT,423.95,425.95,416.2,423.9,423.55,426.05,418.4,423.9,312550,28200,71,35124803.75,63,F1,1175,,,,,
2026-02-18,2026-02-18,FO,NSE,STO,132888,,KALYANKJIL,,2026-04-28,2026-04-28,440.0,PE,KALYANKJIL26APR440PE,0.0,0.0,0.0,80.15,0.0,80.15,418.4,41.85,0,0,0,0.0,0,F1,1175,,,,,
2026-02-18,2026-02-18,FO,NSE,STO,124960,,KALYANKJIL,,2026-03-30,2026-03-30,510.0,PE,KALYANKJIL26MAR510PE,95.0,95.0,94.5,94.5,94.5,92.0,418.4,91.5,15275,7050,6,4263605.0,5,F1,1175,,,,,
2026-02-18,2026-02-18,FO,NSE,STO,124936,,KALYANKJIL,,2026-03-30,2026-03-30,440.0,PE,KALYANKJIL26MAR440PE,35.85,36.1,35.85,36.1,36.1,30.5,418.4,35.55,35250,-4700,4,2236788.75,2,F1,1175,,,,,
2026-02-18,2026-02-18,FO,NSE,STO,124934,,KALYANKJIL,,2026-03-30,2026-03-30,430.0,PE,KALYANKJIL26MAR430PE,26.55,29.8,25.35,27.95,27.95,25.0,418.4,29.4,31725,0,17,9124403.75,17,F1,1175,,,,,
2026-02-18,2026-02-18,FO,NSE,STO,132253,,KALYANKJIL,,2026-03-30,2026-03-30,405.0,PE,KALYANKJIL26MAR405PE,0.0,0.0,0.0,50.15,0.0,50.15,418.4,16.8,0,0,0,0.0,0,F1,1175,,,,,
2026-02-18,2026-02-18,FO,NSE,STO,132246,,KALYANKJIL,,2026-03-30,2026-03-30,375.0,PE,KALYANKJIL26MAR375PE,0.0,0.0,0.0,31.6,0.0,31.6,418.4,7.05,0,0,0,0.0,0,F1,1175,,,,,
2026-02-18,2026-02-18,FO,NSE,STO,124892,,KALYANKJIL,,2026-03-30,2026-03-30,370.0,PE,KALYANKJIL26MAR370PE,6.0,6.0,5.0,5.0,5.0,5.45,418.4,5.95,14100,0,3,1323637.5,3,F1,1175,,,,,
2026-02-18,2026-02-18,FO,NSE,STO,124887,,KALYANKJIL,,2026-03-30,2026-03-30,360.0,PE,KALYANKJIL26MAR360PE,4.2,4.3,3.4,3.4,3.4,4.1,418.4,3.4,28200,10575,35,14961627.5,23,F1,1175,,,,,
2026-02-18,2026-02-18,FO,NSE,STO,124945,,KALYANKJIL,,2026-03-30,2026-03-30,490.0,CE,KALYANKJIL26MAR490CE,0.0,0.0,0.0,9.1,9.1,9.1,418.4,5.1,7050,0,0,0.0,0,F1,1175,,,,,
2026-02-18,2026-02-18,FO,NSE,STO,132699,,KALYANKJIL,,2026-04-28,2026-04-28,420.0,CE,KALYANKJIL26APR420CE,0.0,0.0,0.0,20.7,0.0,20.7,418.4,33.3,0,0,0,0.0,0,F1,1175,,,,,
2026-02-18,2026-02-18,FO,NSE,STO,132901,,KALYANKJIL,,2026-04-28,2026-04-28,500.0,CE,KALYANKJIL26APR500CE,0.0,0.0,0.0,6.65,0.0,6.65,418.4,9.15,0,0,0,0.0,0,F1,1175,,,,,
2026-02-18,2026-02-18,FO,NSE,STO,132908,,KALYANKJIL,,2026-04-28,2026-04-28,520.0,CE,KALYANKJIL26APR520CE,0.0,0.0,0.0,4.9,0.0,4.9,418.4,6.35,0,0,0,0.0,0,F1,1175,,,,,
2026-02-18,2026-02-18,FO,NSE,STO,110186,,KALYANKJIL,,2026-02-24,2026-02-24,380.0,PE,KALYANKJIL26FEB380PE,0.55,0.65,0.25,0.4,0.45,0.45,418.4,0.4,1535725,0,595,265997968.75,331,F1,1175,,,,,
2026-02-18,2026-02-18,FO,NSE,STO,124456,,KALYANKJIL,,2026-02-24,2026-02-24,385.0,PE,KALYANKJIL26FEB385PE,0.55,0.95,0.45,0.45,0.45,0.7,418.4,0.45,473525,-11750,68,30811437.5,55,F1,1175,,,,,
2026-02-18,2026-02-18,FO,NSE,STO,132238,,KALYANKJIL,,2026-03-30,2026-03-30,335.0,PE,KALYANKJIL26MAR335PE,0.0,0.0,0.0,13.95,0.0,13.95,418.4,1.4,0,0,0,0.0,0,F1,1175,,,,,
2026-02-18,2026-02-18,FO,NSE,STO,124894,,KALYANKJIL,,2026-03-30,2026-03-30,380.0,PE,KALYANKJIL26MAR380PE,6.95,8.1,6.5,6.5,6.5,7.45,418.4,8.3,83425,42300,97,44143105.0,82,F1,1175,,,,,
2026-02-18,2026-02-18,FO,NSE,STO,124938,,KALYANKJIL,,2026-03-30,2026-03-30,450.0,PE,KALYANKJIL26MAR450PE,42.2,43.0,39.0,39.5,39.5,38.5,418.4,42.25,37600,5875,14,8083295.0,13,F1,1175,,,,,
2026-02-18,2026-02-18,FO,NSE,STO,124940,,KALYANKJIL,,2026-03-30,2026-03-30,460.0,PE,KALYANKJIL26MAR460PE,0.0,0.0,0.0,30.95,0.0,30.95,418.4,49.5,0,0,0,0.0,0,F1,1175,,,,,
2026-02-18,2026-02-18,FO,NSE,STO,132412,,KALYANKJIL,,2026-04-28,2026-04-28,320.0,PE,KALYANKJIL26APR320PE,0.0,0.0,0.0,13.75,0.0,13.75,418.4,2.3,0,0,0,0.0,0,F1,1175,,,,,
2026-02-18,2026-02-18,FO,NSE,STO,132235,,KALYANKJIL,,2026-03-30,2026-03-30,325.0,CE,KALYANKJIL26MAR325CE,0.0,0.0,0.0,58.15,0.0,58.15,418.4,96.2,0,0,0,0.0,0,F1,1175,,,,,
2026-02-18,2026-02-18,FO,NSE,STO,110195,,KALYANKJIL,,2026-02-24,2026-02-24,480.0,CE,KALYANKJIL26FEB480CE,0.65,0.65,0.3,0.4,0.45,0.7,418.4,0.4,580450,52875,544,307086720.0,266,F1,1175,,,,,
2026-02-18,2026-02-18,FO,NSE,STO,124859,,KALYANKJIL,,2026-03-30,2026-03-30,300.0,CE,KALYANKJIL26MAR300CE,0.0,0.0,0.0,186.9,0.0,186.9,418.4,120.4,0,0,0,0.0,0,F1,1175,,,,,
2026-02-18,2026-02-18,FO,NSE,STO,51650,,KALYANKJIL,,2026-03-30,2026-03-30,310.0,CE,KALYANKJIL26MAR310CE,0.0,0.0,0.0,153.2,0.0,153.2,418.4,110.6,0,0,0,0.0,0,F1,1175,,,,,
2026-02-18,2026-02-18,FO,NSE,STO,132266,,KALYANKJIL,,2026-03-30,2026-03-30,465.0,CE,KALYANKJIL26MAR465CE,0.0,0.0,0.0,6.25,0.0,6.25,418.4,9.45,0,0,0,0.0,0,F1,1175,,,,,
2026-02-18,2026-02-18,FO,NSE,STO,124639,,KALYANKJIL,,2026-02-24,2026-02-24,495.0,CE,KALYANKJIL26FEB495CE,0.25,0.35,0.25,0.25,0.25,0.45,418.4,0.05,83425,-2350,10,5819657.5,6,F1,1175,,,,,
2026-02-18,2026-02-18,FO,NSE,STO,124905,,KALYANKJIL,,2026-03-30,2026-03-30,400.0,CE,KALYANKJIL26MAR400CE,32.0,32.0,31.55,31.55,31.55,41.0,418.4,35.6,104575,0,4,2029518.75,3,F1,1175,,,,,
2026-02-18,2026-02-18,FO,NSE,STO,132256,,KALYANKJIL,,2026-03-30,2026-03-30,425.0,CE,KALYANKJIL26MAR425CE,22.0,22.6,16.1,19.45,19.0,22.85,418.4,19.45,145700,125725,425,222317931.25,182,F1,1175,,,,,
2026-02-18,2026-02-18,FO,NSE,STO,132666,,KALYANKJIL,,2026-04-28,2026-04-28,370.0,CE,KALYANKJIL26APR370CE,0.0,0.0,0.0,38.95,0.0,38.95,418.4,63.05,0,0,0,0.0,0,F1,1175,,,,,
2026-02-18,2026-02-18,FO,NSE,STO,124302,,KALYANKJIL,,2026-02-24,2026-02-24,290.0,PE,KALYANKJIL26FEB290PE,0.0,0.0,0.0,0.25,0.25,0.25,418.4,0.05,35250,0,0,0.0,0,F1,1175,,,,,
2026-02-18,2026-02-18,FO,NSE,STO,124403,,KALYANKJIL,,2026-02-24,2026-02-24,345.0,PE,KALYANKJIL26FEB345PE,0.05,0.05,0.05,0.05,0.05,0.05,418.4,0.05,284350,-1175,3,1216301.25,2,F1,1175,,,,,
2026-02-18,2026-02-18,FO,NSE,STO,110206,,KALYANKJIL,,2026-02-24,2026-02-24,580.0,PE,KALYANKJIL26FEB580PE,0.0,0.0,0.0,192.0,192.0,192.0,418.4,161.1,5875,0,0,0.0,0,F1,1175,,,,,
2026-02-18,2026-02-18,FO,NSE,STO,124942,,KALYANKJIL,,2026-03-30,2026-03-30,470.0,PE,KALYANKJIL26MAR470PE,0.0,0.0,0.0,52.0,52.0,52.0,418.4,57.15,5875,0,0,0.0,0,F1,1175,,,,,
2026-02-18,2026-02-18,FO,NSE,STO,132374,,KALYANKJIL,,2026-04-28,2026-04-28,280.0,PE,KALYANKJIL26APR280PE,0.0,0.0,0.0,3.0,3.0,3.0,418.4,0.35,1175,0,0,0.0,0,F1,1175,,,,,
2026-02-18,2026-02-18,FO,NSE,STO,132669,,KALYANKJIL,,2026-04-28,2026-04-28,380.0,PE,KALYANKJIL26APR380PE,0.0,0.0,0.0,39.8,0.0,39.8,418.4,13.75,0,0,0,0.0,0,F1,1175,,,,,
2026-02-18,2026-02-18,FO,NSE,STO,132898,,KALYANKJIL,,2026-04-28,2026-04-28,480.0,PE,KALYANKJIL26APR480PE,0.0,0.0,0.0,112.65,0.0,112.65,418.4,69.65,0,0,0,0.0,0,F1,1175,,,,,
2026-02-18,2026-02-18,FO,NSE,STO,124438,,KALYANKJIL,,2026-02-24,2026-02-24,350.0,CE,KALYANKJIL26FEB350CE,0.0,0.0,0.0,70.5,70.5,70.5,418.4,68.7,123375,0,0,0.0,0,F1,1175,,,,,
2026-02-18,2026-02-18,FO,NSE,STO,110191,,KALYANKJIL,,2026-02-24,2026-02-24,440.0,CE,KALYANKJIL26FEB440CE,4.25,4.25,1.45,2.3,2.2,3.5,418.4,2.3,1788350,57575,2431,1262904217.5,1409,F1,1175,,,,,
2026-02-18,2026-02-18,FO,NSE,STO,124644,,KALYANKJIL,,2026-02-24,2026-02-24,505.0,CE,KALYANKJIL26FEB505CE,0.15,0.2,0.15,0.2,0.2,0.45,418.4,0.2,77550,-1175,4,2374322.5,4,F1,1175,,,,,
2026-02-18,2026-02-18,FO,NSE,STO,124888,,KALYANKJIL,,2026-03-30,2026-03-30,370.0,CE,KALYANKJIL26MAR370CE,0.0,0.0,0.0,33.5,33.5,33.5,418.4,56.55,0,0,0,0.0,0,F1,1175,,,,,
2026-02-18,2026-02-18,FO,NSE,STO,124946,,KALYANKJIL,,2026-03-30,2026-03-30,490.0,PE,KALYANKJIL26MAR490PE,0.0,0.0,0.0,45.65,0.0,45.65,418.4,73.75,0,0,0,0.0,0,F1,1175,,,,,
2026-02-18,2026-02-18,FO,NSE,STO,110202,,KALYANKJIL,,2026-02-24,2026-02-24,540.0,PE,KALYANKJIL26FEB540PE,127.0,127.0,126.75,126.75,126.75,122.5,418.4,121.1,38775,-4700,4,3134312.5,4,F1,1175,,,,,
2026-02-18,2026-02-18,FO,NSE,STO,132902,,KALYANKJIL,,2026-04-28,2026-04-28,500.0,PE,KALYANKJIL26APR500PE,0.0,0.0,0.0,130.05,0.0,130.05,418.4,85.6,0,0,0,0.0,0,F1,1175,,,,,
2026-02-18,2026-02-18,FO,NSE,STO,132404,,KALYANKJIL,,2026-04-28,2026-04-28,310.0,PE,KALYANKJIL26APR310PE,0.0,0.0,0.0,10.95,0.0,10.95,418.4,1.55,0,0,0,0.0,0,F1,1175,,,,,
2026-02-18,2026-02-18,FO,NSE,STO,132402,,KALYANKJIL,,2026-04-28,2026-04-28,300.0,PE,KALYANKJIL26APR300PE,0.0,0.0,0.0,8.55,0.0,8.55,418.4,1.0,0,0,0,0.0,0,F1,1175,,,,,
2026-02-18,2026-02-18,FO,NSE,STO,124301,,KALYANKJIL,,2026-02-24,2026-02-24,290.0,CE,KALYANKJIL26FEB290CE,0.0,0.0,0.0,194.6,0.0,194.6,418.4,128.65,0,0,0,0.0,0,F1,1175,,,,,
2026-02-18,2026-02-18,FO,NSE,STO,110183,,KALYANKJIL,,2026-02-24,2026-02-24,360.0,CE,KALYANKJIL26FEB360CE,0.0,0.0,0.0,58.55,58.55,58.55,418.4,58.75,203275,0,0,0.0,0,F1,1175,,,,,
2026-02-18,2026-02-18,FO,NSE,STO,124513,,KALYANKJIL,,2026-02-24,2026-02-24,450.0,CE,KALYANKJIL26FEB450CE,1.9,1.9,0.9,1.35,1.35,2.15,418.4,1.35,1840050,-122200,1685,893484570.0,906,F1,1175,,,,,
2026-02-18,2026-02-18,FO,NSE,STO,124618,,KALYANKJIL,,2026-02-24,2026-02-24,470.0,CE,KALYANKJIL26FEB470CE,0.85,0.85,0.4,0.6,0.6,0.95,418.4,0.6,444150,55225,536,296344811.25,339,F1,1175,,,,,
2026-02-18,2026-02-18,FO,NSE,STO,124624,,KALYANKJIL,,2026-02-24,2026-02-24,475.0,CE,KALYANKJIL26FEB475CE,0.65,0.7,0.45,0.45,0.45,0.75,418.4,0.45,206800,-7050,27,15085355.0,24,F1,1175,,,,,
2026-02-18,2026-02-18,FO,NSE,STO,110197,,KALYANKJIL,,2026-02-24,2026-02-24,500.0,CE,KALYANKJIL26FEB500CE,0.35,0.4,0.15,0.25,0.25,0.4,418.4,0.25,1502825,-227950,772,453745520.0,210,F1,1175,,,,,
2026-02-18,2026-02-18,FO,NSE,STO,124929,,KALYANKJIL,,2026-03-30,2026-03-30,430.0,CE,KALYANKJIL26MAR430CE,20.9,20.9,14.45,16.95,17.0,21.0,418.4,16.95,124550,-49350,194,101980717.5,149,F1,1175,,,,,
2026-02-18,2026-02-18,FO,NSE,STO,132411,,KALYANKJIL,,2026-04-28,2026-04-28,320.0,CE,KALYANKJIL26APR320CE,0.0,0.0,0.0,67.55,0.0,67.55,418.4,104.0,0,0,0,0.0,0,F1,1175,,,,,
2026-02-18,2026-02-18,FO,NSE,STO,132649,,KALYANKJIL,,2026-04-28,2026-04-28,350.0,CE,KALYANKJIL26APR350CE,0.0,0.0,0.0,49.05,0.0,49.05,418.4,78.3,0,0,0,0.0,0,F1,1175,,,,,
2026-02-18,2026-02-18,FO,NSE,STO,132688,,KALYANKJIL,,2026-04-28,2026-04-28,390.0,CE,KALYANKJIL26APR390CE,0.0,0.0,0.0,30.5,0.0,30.5,418.4,49.65,0,0,0,0.0,0,F1,1175,,,,,
2026-02-18,2026-02-18,FO,NSE,STO,110180,,KALYANKJIL,,2026-02-24,2026-02-24,320.0,PE,KALYANKJIL26FEB320PE,0.05,0.15,0.05,0.1,0.05,0.15,418.4,0.1,177425,-9400,19,7145880.0,12,F1,1175,,,,,
2026-02-18,2026-02-18,FO,NSE,STO,124473,,KALYANKJIL,,2026-02-24,2026-02-24,430.0,PE,KALYANKJIL26FEB430PE,16.25,22.0,13.85,14.8,15.4,15.1,418.4,14.8,348975,-111625,298,156342151.25,284,F1,1175,,,,,
2026-02-18,2026-02-18,FO,NSE,STO,124623,,KALYANKJIL,,2026-02-24,2026-02-24,470.0,PE,KALYANKJIL26FEB470PE,0.0,0.0,0.0,45.15,45.15,45.15,418.4,51.35,16450,0,0,0.0,0,F1,1175,,,,,
2026-02-18,2026-02-18,FO,NSE,STF,59393,,KALYANKJIL,,2026-02-24,2026-02-24,,,KALYANKJIL26FEBFUT,418.05,423.55,410.1,419.3,418.0,420.45,418.4,419.3,27779350,-1133875,3155,1542426083.75,2857,F1,1175,,,,,
2026-02-18,2026-02-18,FO,NSE,STO,132909,,KALYANKJIL,,2026-04-28,2026-04-28,520.0,PE,KALYANKJIL26APR520PE,0.0,0.0,0.0,148.05,0.0,148.05,418.4,102.6,0,0,0,0.0,0,F1,1175,,,,,
2026-02-18,2026-02-18,FO,NSE,STO,132698,,KALYANKJIL,,2026-04-28,2026-04-28,410.0,PE,KALYANKJIL26APR410PE,0.0,0.0,0.0,58.45,0.0,58.45,418.4,25.6,0,0,0,0.0,0,F1,1175,,,,,
2026-02-18,2026-02-18,FO,NSE,STO,132694,,KALYANKJIL,,2026-04-28,2026-04-28,390.0,PE,KALYANKJIL26APR390PE,0.0,0.0,0.0,45.65,0.0,45.65,418.4,17.2,0,0,0,0.0,0,F1,1175,,,,,
2026-02-18,2026-02-18,FO,NSE,STO,132665,,KALYANKJIL,,2026-04-28,2026-04-28,360.0,PE,KALYANKJIL26APR360PE,0.0,0.0,0.0,29.35,0.0,29.35,418.4,8.3,0,0,0,0.0,0,F1,1175,,,,,
2026-02-18,2026-02-18,FO,NSE,STO,132265,,KALYANKJIL,,2026-03-30,2026-03-30,455.0,PE,KALYANKJIL26MAR455PE,0.0,0.0,0.0,88.9,0.0,88.9,418.4,45.8,0,0,0,0.0,0,F1,1175,,,,,
2026-02-18,2026-02-18,FO,NSE,STO,124928,,KALYANKJIL,,2026-03-30,2026-03-30,420.0,PE,KALYANKJIL26MAR420PE,20.35,23.9,19.35,19.35,19.35,20.4,418.4,19.35,62275,-7050,47,24396818.75,36,F1,1175,,,,,
2026-02-18,2026-02-18,FO,NSE,STO,124862,,KALYANKJIL,,2026-03-30,2026-03-30,320.0,PE,KALYANKJIL26MAR320PE,0.0,0.0,0.0,2.0,2.0,2.0,418.4,0.65,21150,0,0,0.0,0,F1,1175,,,,,
2026-02-18,2026-02-18,FO,NSE,STO,110198,,KALYANKJIL,,2026-02-24,2026-02-24,500.0,PE,KALYANKJIL26FEB500PE,84.5,84.5,84.5,84.5,84.5,77.0,418.4,81.15,185650,0,1,686787.5,1,F1,1175,,,,,
2026-02-18,2026-02-18,FO,NSE,STO,124638,,KALYANKJIL,,2026-02-24,2026-02-24,490.0,PE,KALYANKJIL26FEB490PE,0.0,0.0,0.0,61.7,61.7,61.7,418.4,71.2,10575,0,0,0.0,0,F1,1175,,,,,
2026-02-18,2026-02-18,FO,NSE,STO,50828,,KALYANKJIL,,2026-02-24,2026-02-24,325.0,PE,KALYANKJIL26FEB325PE,0.0,0.0,0.0,0.15,0.15,0.15,418.4,0.05,17625,0,0,0.0,0,F1,1175,,,,,
2026-02-18,2026-02-18,FO,NSE,STO,132668,,KALYANKJIL,,2026-04-28,2026-04-28,380.0,CE,KALYANKJIL26APR380CE,0.0,0.0,0.0,34.5,0.0,34.5,418.4,56.1,0,0,0,0.0,0,F1,1175,,,,,
2026-02-18,2026-02-18,FO,NSE,STO,124937,,KALYANKJIL,,2026-03-30,2026-03-30,450.0,CE,KALYANKJIL26MAR450CE,13.15,13.25,8.75,10.55,10.15,13.35,418.4,10.55,243225,41125,265,143261346.25,230,F1,1175,,,,,
2026-02-18,2026-02-18,FO,NSE,STO,132261,,KALYANKJIL,,2026-03-30,2026-03-30,445.0,CE,KALYANKJIL26MAR445CE,0.0,0.0,0.0,25.6,25.6,25.6,418.4,14.9,1175,0,0,0.0,0,F1,1175,,,,,
2026-02-18,2026-02-18,FO,NSE,STO,132259,,KALYANKJIL,,2026-03-30,2026-03-30,435.0,CE,KALYANKJIL26MAR435CE,16.8,16.8,16.8,16.8,16.8,22.25,418.4,16.8,12925,1175,1,530865.0,1,F1,1175,,,,,
2026-02-18,2026-02-18,FO,NSE,STO,124927,,KALYANKJIL,,2026-03-30,2026-03-30,420.0,CE,KALYANKJIL26MAR420CE,24.05,24.05,18.25,21.55,22.1,25.25,418.4,21.55,112800,21150,82,42420202.5,74,F1,1175,,,,,
2026-02-18,2026-02-18,FO,NSE,STO,132245,,KALYANKJIL,,2026-03-30,2026-03-30,375.0,CE,KALYANKJIL26MAR375CE,52.05,52.05,52.05,52.05,52.05,28.0,418.4,52.7,0,-1175,1,501783.75,1,F1,1175,,,,,
2026-02-18,2026-02-18,FO,NSE,STO,124881,,KALYANKJIL,,2026-03-30,2026-03-30,350.0,CE,KALYANKJIL26MAR350CE,72.0,72.0,72.0,72.0,72.0,69.0,418.4,73.25,4700,4700,4,1983400.0,1,F1,1175,,,,,
2026-02-18,2026-02-18,FO,NSE,STO,124700,,KALYANKJIL,,2026-02-24,2026-02-24,575.0,CE,KALYANKJIL26FEB575CE,0.0,0.0,0.0,0.5,0.5,0.5,418.4,0.05,12925,0,0,0.0,0,F1,1175,,,,,
2026-02-18,2026-02-18,FO,NSE,STO,124446,,KALYANKJIL,,2026-02-24,2026-02-24,365.0,CE,KALYANKJIL26FEB365CE,0.0,0.0,0.0,52.2,52.2,52.2,418.4,53.8,213850,0,0,0.0,0,F1,1175,,,,,
2026-02-18,2026-02-18,FO,NSE,STO,51648,,KALYANKJIL,,2026-02-24,2026-02-24,315.0,CE,KALYANKJIL26FEB315CE,0.0,0.0,0.0,84.35,84.35,84.35,418.4,103.7,4700,0,0,0.0,0,F1,1175,,,,,
2026-02-18,2026-02-18,FO,NSE,STO,51649,,KALYANKJIL,,2026-02-24,2026-02-24,315.0,PE,KALYANKJIL26FEB315PE,0.1,0.1,0.1,0.1,0.1,0.2,418.4,0.1,184475,0,5,1851212.5,3,F1,1175,,,,,
2026-02-18,2026-02-18,FO,NSE,STO,132857,,KALYANKJIL,,2026-04-28,2026-04-28,440.0,CE,KALYANKJIL26APR440CE,0.0,0.0,0.0,15.8,0.0,15.8,418.4,24.8,0,0,0,0.0,0,F1,1175,,,,,
2026-02-18,2026-02-18,FO,NSE,STO,124943,,KALYANKJIL,,2026-03-30,2026-03-30,480.0,CE,KALYANKJIL26MAR480CE,6.65,6.65,4.2,4.8,4.75,6.8,418.4,4.8,111625,12925,114,64911053.75,75,F1,1175,,,,,
2026-02-18,2026-02-18,FO,NSE,STO,132270,,KALYANKJIL,,2026-03-30,2026-03-30,475.0,CE,KALYANKJIL26MAR475CE,0.0,0.0,0.0,5.15,0.0,5.15,418.4,7.45,0,0,0,0.0,0,F1,1175,,,,,
2026-02-18,2026-02-18,FO,NSE,STO,124935,,KALYANKJIL,,2026-03-30,2026-03-30,440.0,CE,KALYANKJIL26MAR440CE,15.7,16.6,11.5,13.25,13.2,16.75,418.4,13.25,157450,-2350,207,110352063.75,158,F1,1175,,,,,
2026-02-18,2026-02-18,FO,NSE,STO,132241,,KALYANKJIL,,2026-03-30,2026-03-30,355.0,CE,KALYANKJIL26MAR355CE,68.45,68.45,67.7,67.7,67.7,78.9,418.4,68.9,2350,-5875,6,2983560.0,3,F1,1175,,,,,
2026-02-18,2026-02-18,FO,NSE,STO,110203,,KALYANKJIL,,2026-02-24,2026-02-24,560.0,CE,KALYANKJIL26FEB560CE,0.1,0.15,0.05,0.1,0.1,0.15,418.4,0.05,30550,-5875,23,15135762.5,7,F1,1175,,,,,
2026-02-18,2026-02-18,FO,NSE,STO,124631,,KALYANKJIL,,2026-02-24,2026-02-24,485.0,CE,KALYANKJIL26FEB485CE,0.55,0.55,0.3,0.35,0.35,0.55,418.4,0.05,54050,2350,38,21671288.75,28,F1,1175,,,,,
2026-02-18,2026-02-18,FO,NSE,STO,124523,,KALYANKJIL,,2026-02-24,2026-02-24,455.0,CE,KALYANKJIL26FEB455CE,1.3,1.4,0.8,1.1,1.1,1.6,418.4,1.1,258500,-10575,293,156986345.0,212,F1,1175,,,,,
2026-02-18,2026-02-18,FO,NSE,STO,124464,,KALYANKJIL,,2026-02-24,2026-02-24,405.0,CE,KALYANKJIL26FEB405CE,14.45,17.5,10.7,16.25,15.95,18.4,418.4,16.25,499375,-34075,205,100823577.5,205,F1,1175,,,,,
2026-02-18,2026-02-18,FO,NSE,STO,124398,,KALYANKJIL,,2026-02-24,2026-02-24,330.0,CE,KALYANKJIL26FEB330CE,0.0,0.0,0.0,95.5,95.5,95.5,418.4,88.7,7050,0,0,0.0,0,F1,1175,,,,,
2026-02-18,2026-02-18,FO,NSE,STO,50827,,KALYANKJIL,,2026-02-24,2026-02-24,325.0,CE,KALYANKJIL26FEB325CE,0.0,0.0,0.0,110.55,110.55,110.55,418.4,93.7,5875,0,0,0.0,0,F1,1175,,,,,
2026-02-18,2026-02-18,FO,NSE,STO,110179,,KALYANKJIL,,2026-02-24,2026-02-24,320.0,CE,KALYANKJIL26FEB320CE,91.65,92.7,91.65,92.7,92.7,106.9,418.4,98.7,115150,-2350,2,968611.25,2,F1,1175,,,,,
2026-02-18,2026-02-18,FO,NSE,STF,51951,,KALYANKJIL,,2026-03-30,2026-03-30,,,KALYANKJIL26MARFUT,421.8,424.1,412.8,421.65,421.4,423.4,418.4,421.65,3599025,1011675,1687,830634995.0,1535,F1,1175,,,,,
2026-02-18,2026-02-18,FO,NSE,STO,132702,,KALYANKJIL,,2026-04-28,2026-04-28,420.0,PE,KALYANKJIL26APR420PE,0.0,0.0,0.0,65.35,0.0,65.35,418.4,30.55,0,0,0,0.0,0,F1,1175,,,,,
2026-02-18,2026-02-18,FO,NSE,STO,124948,,KALYANKJIL,,2026-03-30,2026-03-30,500.0,PE,KALYANKJIL26MAR500PE,83.5,83.5,83.5,83.5,83.5,77.0,418.4,82.5,11750,1175,1,685612.5,1,F1,1175,,,,,
2026-02-18,2026-02-18,FO,NSE,STO,132262,,KALYANKJIL,,2026-03-30,2026-03-30,445.0,PE,KALYANKJIL26MAR445PE,0.0,0.0,0.0,80.55,0.0,80.55,418.4,38.8,0,0,0,0.0,0,F1,1175,,,,,
2026-02-18,2026-02-18,FO,NSE,STO,132251,,KALYANKJIL,,2026-03-30,2026-03-30,395.0,PE,KALYANKJIL26MAR395PE,0.0,0.0,0.0,43.55,0.0,43.55,418.4,12.95,0,0,0,0.0,0,F1,1175,,,,,
2026-02-18,2026-02-18,FO,NSE,STO,124526,,KALYANKJIL,,2026-02-24,2026-02-24,465.0,PE,KALYANKJIL26FEB465PE,0.0,0.0,0.0,41.45,41.45,41.45,418.4,46.5,15275,0,0,0.0,0,F1,1175,,,,,
2026-02-18,2026-02-18,FO,NSE,STO,124514,,KALYANKJIL,,2026-02-24,2026-02-24,450.0,PE,KALYANKJIL26FEB450PE,40.5,40.5,34.0,34.0,34.0,31.2,418.4,32.4,239700,-17625,46,26328342.5,28,F1,1175,,,,,
2026-02-18,2026-02-18,FO,NSE,STO,124475,,KALYANKJIL,,2026-02-24,2026-02-24,435.0,PE,KALYANKJIL26FEB435PE,19.4,26.0,19.15,19.75,19.75,19.25,418.4,19.75,386575,-11750,45,24174215.0,45,F1,1175,,,,,
2026-02-18,2026-02-18,FO,NSE,STO,124443,,KALYANKJIL,,2026-02-24,2026-02-24,355.0,PE,KALYANKJIL26FEB355PE,0.05,0.1,0.05,0.05,0.05,0.1,418.4,0.05,290225,0,37,15437091.25,17,F1,1175,,,,,
2026-02-18,2026-02-18,FO,NSE,STO,124439,,KALYANKJIL,,2026-02-24,2026-02-24,350.0,PE,KALYANKJIL26FEB350PE,0.1,0.1,0.05,0.05,0.05,0.1,418.4,0.05,468825,-30550,48,19744347.5,23,F1,1175,,,,,
2026-02-18,2026-02-18,FO,NSE,STO,124399,,KALYANKJIL,,2026-02-24,2026-02-24,330.0,PE,KALYANKJIL26FEB330PE,0.15,0.15,0.1,0.1,0.1,0.2,418.4,0.1,237350,-4700,24,9308878.75,23,F1,1175,,,,,
2026-02-18,2026-02-18,FO,NSE,STO,132896,,KALYANKJIL,,2026-04-28,2026-04-28,470.0,PE,KALYANKJIL26APR470PE,0.0,0.0,0.0,104.2,0.0,104.2,418.4,62.15,0,0,0,0.0,0,F1,1175,,,,,
2026-02-18,2026-02-18,FO,NSE,STO,132696,,KALYANKJIL,,2026-04-28,2026-04-28,400.0,PE,KALYANKJIL26APR400PE,0.0,0.0,0.0,51.85,0.0,51.85,418.4,21.15,0,0,0,0.0,0,F1,1175,,,,,
2026-02-18,2026-02-18,FO,NSE,STO,132273,,KALYANKJIL,,2026-03-30,2026-03-30,485.0,PE,KALYANKJIL26MAR485PE,0.0,0.0,0.0,115.25,0.0,115.25,418.4,69.45,0,0,0,0.0,0,F1,1175,,,,,
2026-02-18,2026-02-18,FO,NSE,STO,124944,,KALYANKJIL,,2026-03-30,2026-03-30,480.0,PE,KALYANKJIL26MAR480PE,0.0,0.0,0.0,40.4,0.0,40.4,418.4,65.3,0,0,0,0.0,0,F1,1175,,,,,
2026-02-18,2026-02-18,FO,NSE,STO,132269,,KALYANKJIL,,2026-03-30,2026-03-30,465.0,PE,KALYANKJIL26MAR465PE,0.0,0.0,0.0,97.5,0.0,97.5,418.4,53.25,0,0,0,0.0,0,F1,1175,,,,,
2026-02-18,2026-02-18,FO,NSE,STO,124904,,KALYANKJIL,,2026-03-30,2026-03-30,390.0,PE,KALYANKJIL26MAR390PE,10.0,10.0,9.9,9.9,9.9,10.1,418.4,11.25,14100,2350,2,939882.5,2,F1,1175,,,,,
2026-02-18,2026-02-18,FO,NSE,STO,124634,,KALYANKJIL,,2026-02-24,2026-02-24,485.0,PE,KALYANKJIL26FEB485PE,0.0,0.0,0.0,34.95,0.0,34.95,418.4,66.2,0,0,0,0.0,0,F1,1175,,,,,
2026-02-18,2026-02-18,FO,NSE,STO,124400,,KALYANKJIL,,2026-02-24,2026-02-24,335.0,CE,KALYANKJIL26FEB335CE,0.0,0.0,0.0,86.25,86.25,86.25,418.4,83.7,9400,0,0,0.0,0,F1,1175,,,,,
2026-02-18,2026-02-18,FO,NSE,STO,124690,,KALYANKJIL,,2026-02-24,2026-02-24,545.0,CE,KALYANKJIL26FEB545CE,0.0,0.0,0.0,0.35,0.35,0.35,418.4,0.05,2350,0,0,0.0,0,F1,1175,,,,,
2026-02-18,2026-02-18,FO,NSE,STO,124463,,KALYANKJIL,,2026-02-24,2026-02-24,395.0,PE,KALYANKJIL26FEB395PE,1.25,2.45,0.9,0.9,0.9,1.45,418.4,0.9,217375,-27025,227,105793005.0,174,F1,1175,,,,,
2026-02-18,2026-02-18,FO,NSE,STO,124448,,KALYANKJIL,,2026-02-24,2026-02-24,370.0,CE,KALYANKJIL26FEB370CE,50.75,50.75,41.6,49.55,49.55,50.25,418.4,49.55,596900,-2350,7,3438461.25,7,F1,1175,,,,,
2026-02-18,2026-02-18,FO,NSE,STO,132415,,KALYANKJIL,,2026-04-28,2026-04-28,340.0,CE,KALYANKJIL26APR340CE,0.0,0.0,0.0,54.75,0.0,54.75,418.4,86.5,0,0,0,0.0,0,F1,1175,,,,,
2026-02-18,2026-02-18,FO,NSE,STO,132252,,KALYANKJIL,,2026-03-30,2026-03-30,405.0,CE,KALYANKJIL26MAR405CE,0.0,0.0,0.0,18.3,0.0,18.3,418.4,32.65,0,0,0,0.0,0,F1,1175,,,,,
2026-02-18,2026-02-18,FO,NSE,STO,132239,,KALYANKJIL,,2026-03-30,2026-03-30,345.0,CE,KALYANKJIL26MAR345CE,0.0,0.0,0.0,45.05,0.0,45.05,418.4,77.7,0,0,0,0.0,0,F1,1175,,,,,
2026-02-18,2026-02-18,FO,NSE,STO,37864,,KALYANKJIL,,2026-03-30,2026-03-30,330.0,CE,KALYANKJIL26MAR330CE,0.0,0.0,0.0,160.6,0.0,160.6,418.4,91.45,0,0,0,0.0,0,F1,1175,,,,,
2026-02-18,2026-02-18,FO,NSE,STO,124861,,KALYANKJIL,,2026-03-30,2026-03-30,320.0,CE,KALYANKJIL26MAR320CE,0.0,0.0,0.0,123.5,123.5,123.5,418.4,100.95,3525,0,0,0.0,0,F1,1175,,,,,
2026-02-18,2026-02-18,FO,NSE,STO,110200,,KALYANKJIL,,2026-02-24,2026-02-24,520.0,PE,KALYANKJIL26FEB520PE,0.0,0.0,0.0,152.0,152.0,152.0,418.4,101.15,85775,0,0,0.0,0,F1,1175,,,,,
2026-02-18,2026-02-18,FO,NSE,STO,124686,,KALYANKJIL,,2026-02-24,2026-02-24,530.0,CE,KALYANKJIL26FEB530CE,0.2,0.2,0.1,0.15,0.15,0.25,418.4,0.05,153925,-7050,11,6852130.0,6,F1,1175,,,,,
2026-02-18,2026-02-18,FO,NSE,STO,110207,,KALYANKJIL,,2026-02-24,2026-02-24,600.0,CE,KALYANKJIL26FEB600CE,0.05,0.05,0.05,0.05,0.05,0.05,418.4,0.05,329000,-2350,3,2115176.25,3,F1,1175,,,,,
2026-02-18,2026-02-18,FO,NSE,STO,124884,,KALYANKJIL,,2026-03-30,2026-03-30,360.0,CE,KALYANKJIL26MAR360CE,0.0,0.0,0.0,131.6,0.0,131.6,418.4,64.65,0,0,0,0.0,0,F1,1175,,,,,
2026-02-18,2026-02-18,FO,NSE,STO,132272,,KALYANKJIL,,2026-03-30,2026-03-30,485.0,CE,KALYANKJIL26MAR485CE,0.0,0.0,0.0,7.85,7.85,7.85,418.4,5.8,1175,0,0,0.0,0,F1,1175,,,,,
2026-02-18,2026-02-18,FO,NSE,STO,124947,,KALYANKJIL,,2026-03-30,2026-03-30,500.0,CE,KALYANKJIL26MAR500CE,4.35,4.35,2.6,3.05,3.0,4.5,418.4,3.05,90475,15275,82,48469455.0,71,F1,1175,,,,,
2026-02-18,2026-02-18,FO,NSE,STO,132695,,KALYANKJIL,,2026-04-28,2026-04-28,400.0,CE,KALYANKJIL26APR400CE,0.0,0.0,0.0,26.9,0.0,26.9,418.4,43.7,0,0,0,0.0,0,F1,1175,,,,,
2026-02-18,2026-02-18,FO,NSE,STO,132899,,KALYANKJIL,,2026-04-28,2026-04-28,490.0,CE,KALYANKJIL26APR490CE,0.0,0.0,0.0,7.7,0.0,7.7,418.4,10.95,0,0,0,0.0,0,F1,1175,,,,,
2026-02-18,2026-02-18,FO,NSE,STO,124462,,KALYANKJIL,,2026-02-24,2026-02-24,395.0,CE,KALYANKJIL26FEB395CE,24.55,26.95,18.65,23.9,23.9,29.8,418.4,25.55,542850,-7050,18,8812558.75,18,F1,1175,,,,,
2026-02-18,2026-02-18,FO,NSE,STO,124472,,KALYANKJIL,,2026-02-24,2026-02-24,430.0,CE,KALYANKJIL26FEB430CE,5.6,5.8,2.45,4.0,3.8,5.75,418.4,4.0,1140925,-233825,4346,2214563683.75,2908,F1,1175,,,,,
2026-02-18,2026-02-18,FO,NSE,STO,124635,,KALYANKJIL,,2026-02-24,2026-02-24,490.0,CE,KALYANKJIL26FEB490CE,0.35,0.4,0.25,0.35,0.35,0.5,418.4,0.35,224425,1175,111,63949492.5,69,F1,1175,,,,,
2026-02-18,2026-02-18,FO,NSE,STO,132900,,KALYANKJIL,,2026-04-28,2026-04-28,490.0,PE,KALYANKJIL26APR490PE,0.0,0.0,0.0,121.3,0.0,121.3,418.4,77.5,0,0,0,0.0,0,F1,1175,,,,,
2026-02-18,2026-02-18,FO,NSE,STO,132667,,KALYANKJIL,,2026-04-28,2026-04-28,370.0,PE,KALYANKJIL26APR370PE,0.0,0.0,0.0,34.35,0.0,34.35,418.4,10.8,0,0,0,0.0,0,F1,1175,,,,,
2026-02-18,2026-02-18,FO,NSE,STO,124860,,KALYANKJIL,,2026-03-30,2026-03-30,300.0,PE,KALYANKJIL26MAR300PE,0.0,0.0,0.0,0.8,0.8,0.8,418.4,0.2,17625,0,0,0.0,0,F1,1175,,,,,
2026-02-18,2026-02-18,FO,NSE,STO,124460,,KALYANKJIL,,2026-02-24,2026-02-24,390.0,PE,KALYANKJIL26FEB390PE,0.85,1.7,0.6,0.65,0.7,0.95,418.4,0.65,663875,-4700,857,393759243.75,403,F1,1175,,,,,
2026-02-18,2026-02-18,FO,NSE,STO,124474,,KALYANKJIL,,2026-02-24,2026-02-24,435.0,CE,KALYANKJIL26FEB435CE,4.35,4.35,1.9,3.0,2.75,4.45,418.4,3.0,687375,84600,2227,1145262630.0,1320,F1,1175,,,,,
2026-02-18,2026-02-18,FO,NSE,STO,124396,,KALYANKJIL,,2026-02-24,2026-02-24,310.0,CE,KALYANKJIL26FEB310CE,0.0,0.0,0.0,174.9,0.0,174.9,418.4,108.7,0,0,0,0.0,0,F1,1175,,,,,
2026-02-18,2026-02-18,FO,NSE,STO,132893,,KALYANKJIL,,2026-04-28,2026-04-28,460.0,CE,KALYANKJIL26APR460CE,0.0,0.0,0.0,11.9,0.0,11.9,418.4,18.15,0,0,0,0.0,0,F1,1175,,,,,
2026-02-18,2026-02-18,FO,NSE,STO,124449,,KALYANKJIL,,2026-02-24,2026-02-24,370.0,PE,KALYANKJIL26FEB370PE,0.2,0.3,0.1,0.1,0.1,0.25,418.4,0.1,883600,16450,227,98742476.25,89,F1,1175,,,,,
2026-02-18,2026-02-18,FO,NSE,STO,110190,,KALYANKJIL,,2026-02-24,2026-02-24,420.0,PE,KALYANKJIL26FEB420PE,8.55,14.2,7.25,8.05,8.7,8.75,418.4,8.05,1266650,-51700,1513,765486238.75,1245,F1,1175,,,,,
2026-02-18,2026-02-18,FO,NSE,STO,110192,,KALYANKJIL,,2026-02-24,2026-02-24,440.0,PE,KALYANKJIL26FEB440PE,24.85,31.15,24.0,24.0,24.0,22.55,418.4,23.75,290225,-16450,29,15923482.5,28,F1,1175,,,,,
2026-02-18,2026-02-18,FO,NSE,STO,124499,,KALYANKJIL,,2026-02-24,2026-02-24,445.0,PE,KALYANKJIL26FEB445PE,27.15,34.3,26.6,28.3,28.3,21.85,418.4,28.3,81075,-17625,40,22322238.75,39,F1,1175,,,,,
2026-02-18,2026-02-18,FO,NSE,STO,124687,,KALYANKJIL,,2026-02-24,2026-02-24,530.0,PE,KALYANKJIL26FEB530PE,0.0,0.0,0.0,107.0,107.0,107.0,418.4,111.1,5875,0,0,0.0,0,F1,1175,,,,,
2026-02-18,2026-02-18,FO,NSE,STO,124924,,KALYANKJIL,,2026-03-30,2026-03-30,400.0,PE,KALYANKJIL26MAR400PE,12.5,15.0,11.15,11.55,11.75,13.1,418.4,11.55,113975,9400,107,51969133.75,100,F1,1175,,,,,
2026-02-18,2026-02-18,FO,NSE,STO,132414,,KALYANKJIL,,2026-04-28,2026-04-28,330.0,PE,KALYANKJIL26APR330PE,0.0,0.0,0.0,16.95,0.0,16.95,418.4,3.3,0,0,0,0.0,0,F1,1175,,,,,
2026-02-18,2026-02-18,FO,NSE,STO,132703,,KALYANKJIL,,2026-04-28,2026-04-28,430.0,CE,KALYANKJIL26APR430CE,0.0,0.0,0.0,18.1,0.0,18.1,418.4,28.8,0,0,0,0.0,0,F1,1175,,,,,
2026-02-18,2026-02-18,FO,NSE,STO,132664,,KALYANKJIL,,2026-04-28,2026-04-28,360.0,CE,KALYANKJIL26APR360CE,0.0,0.0,0.0,43.75,0.0,43.75,418.4,70.45,0,0,0,0.0,0,F1,1175,,,,,
2026-02-18,2026-02-18,FO,NSE,STO,124925,,KALYANKJIL,,2026-03-30,2026-03-30,410.0,CE,KALYANKJIL26MAR410CE,29.75,29.75,22.6,27.45,27.55,32.15,418.4,27.45,28200,23500,42,21517011.25,41,F1,1175,,,,,
2026-02-18,2026-02-18,FO,NSE,STO,132247,,KALYANKJIL,,2026-03-30,2026-03-30,385.0,CE,KALYANKJIL26MAR385CE,0.0,0.0,0.0,25.25,0.0,25.25,418.4,45.4,0,0,0,0.0,0,F1,1175,,,,,
2026-02-18,2026-02-18,FO,NSE,STO,124397,,KALYANKJIL,,2026-02-24,2026-02-24,310.0,PE,KALYANKJIL26FEB310PE,0.1,0.1,0.1,0.1,0.1,0.1,418.4,0.1,131600,2350,9,3279307.5,7,F1,1175,,,,,
2026-02-18,2026-02-18,FO,NSE,STO,132244,,KALYANKJIL,,2026-03-30,2026-03-30,365.0,PE,KALYANKJIL26MAR365PE,0.0,0.0,0.0,26.4,0.0,26.4,418.4,4.95,0,0,0,0.0,0,F1,1175,,,,,
2026-02-18,2026-02-18,FO,NSE,STO,132260,,KALYANKJIL,,2026-03-30,2026-03-30,435.0,PE,KALYANKJIL26MAR435PE,0.0,0.0,0.0,28.2,28.2,28.2,418.4,32.4,1175,0,0,0.0,0,F1,1175,,,,,
2026-02-18,2026-02-18,FO,NSE,STO,132650,,KALYANKJIL,,2026-04-28,2026-04-28,350.0,PE,KALYANKJIL26APR350PE,0.0,0.0,0.0,24.8,0.0,24.8,418.4,6.25,0,0,0,0.0,0,F1,1175,,,,,
2026-02-18,2026-02-18,FO,NSE,STO,132856,,KALYANKJIL,,2026-04-28,2026-04-28,430.0,PE,KALYANKJIL26APR430PE,0.0,0.0,0.0,72.6,0.0,72.6,418.4,35.95,0,0,0,0.0,0,F1,1175,,,,,
2026-02-18,2026-02-18,FO,NSE,STO,132697,,KALYANKJIL,,2026-04-28,2026-04-28,410.0,CE,KALYANKJIL26APR410CE,0.0,0.0,0.0,23.6,0.0,23.6,418.4,38.25,0,0,0,0.0,0,F1,1175,,,,,
2026-02-18,2026-02-18,FO,NSE,STO,132403,,KALYANKJIL,,2026-04-28,2026-04-28,310.0,CE,KALYANKJIL26APR310CE,0.0,0.0,0.0,74.6,0.0,74.6,418.4,113.15,0,0,0,0.0,0,F1,1175,,,,,
2026-02-18,2026-02-18,FO,NSE,STO,132264,,KALYANKJIL,,2026-03-30,2026-03-30,455.0,CE,KALYANKJIL26MAR455CE,0.0,0.0,0.0,12.2,12.2,12.2,418.4,11.95,4700,0,0,0.0,0,F1,1175,,,,,
2026-02-18,2026-02-18,FO,NSE,STO,132254,,KALYANKJIL,,2026-03-30,2026-03-30,415.0,CE,KALYANKJIL26MAR415CE,21.25,24.7,20.8,24.7,24.7,35.35,418.4,24.7,11750,10575,16,8222650.0,16,F1,1175,,,,,
2026-02-18,2026-02-18,FO,NSE,STO,132250,,KALYANKJIL,,2026-03-30,2026-03-30,395.0,CE,KALYANKJIL26MAR395CE,0.0,0.0,0.0,21.55,0.0,21.55,418.4,38.7,0,0,0,0.0,0,F1,1175,,,,,
2026-02-18,2026-02-18,FO,NSE,STO,124895,,KALYANKJIL,,2026-03-30,2026-03-30,390.0,CE,KALYANKJIL26MAR390CE,0.0,0.0,0.0,106.7,0.0,106.7,418.4,41.95,0,0,0,0.0,0,F1,1175,,,,,
2026-02-18,2026-02-18,FO,NSE,STO,63142,,KALYANKJIL,,2026-03-30,2026-03-30,290.0,CE,KALYANKJIL26MAR290CE,0.0,0.0,0.0,111.95,0.0,111.95,418.4,130.25,0,0,0,0.0,0,F1,1175,,,,,
2026-02-18,2026-02-18,FO,NSE,STO,124692,,KALYANKJIL,,2026-02-24,2026-02-24,550.0,CE,KALYANKJIL26FEB550CE,0.2,0.2,0.1,0.1,0.1,0.25,418.4,0.05,336050,-11750,55,35554266.25,17,F1,1175,,,,,
2026-02-18,2026-02-18,FO,NSE,STO,124525,,KALYANKJIL,,2026-02-24,2026-02-24,465.0,CE,KALYANKJIL26FEB465CE,1.0,1.0,0.5,0.7,0.65,1.15,418.4,0.7,184475,-14100,137,74956951.25,128,F1,1175,,,,,
2026-02-18,2026-02-18,FO,NSE,STO,124470,,KALYANKJIL,,2026-02-24,2026-02-24,425.0,CE,KALYANKJIL26FEB425CE,7.0,7.15,3.3,5.4,5.2,7.4,418.4,5.4,1266650,84600,2734,1380945540.0,2178,F1,1175,,,,,
2026-02-18,2026-02-18,FO,NSE,STO,124459,,KALYANKJIL,,2026-02-24,2026-02-24,390.0,CE,KALYANKJIL26FEB390CE,29.6,30.5,23.25,30.05,29.9,38.2,418.4,30.05,452375,-9400,17,8333335.0,17,F1,1175,,,,,
2026-02-18,2026-02-18,FO,NSE,STO,124455,,KALYANKJIL,,2026-02-24,2026-02-24,385.0,CE,KALYANKJIL26FEB385CE,29.25,33.5,29.25,33.5,33.5,43.35,418.4,34.45,363075,0,5,2444763.75,5,F1,1175,,,,,
2026-02-18,2026-02-18,FO,NSE,STO,110181,,KALYANKJIL,,2026-02-24,2026-02-24,340.0,CE,KALYANKJIL26FEB340CE,0.0,0.0,0.0,86.55,86.55,86.55,418.4,78.7,34075,0,0,0.0,0,F1,1175,,,,,
2026-02-18,2026-02-18,FO,NSE,STO,132895,,KALYANKJIL,,2026-04-28,2026-04-28,470.0,CE,KALYANKJIL26APR470CE,0.0,0.0,0.0,10.3,0.0,10.3,418.4,15.4,0,0,0,0.0,0,F1,1175,,,,,
2026-02-18,2026-02-18,FO,NSE,STO,124401,,KALYANKJIL,,2026-02-24,2026-02-24,335.0,PE,KALYANKJIL26FEB335PE,0.1,0.1,0.05,0.05,0.05,0.1,418.4,0.05,119850,-1175,2,787426.25,2,F1,1175,,,,,
2026-02-18,2026-02-18,FO,NSE,STO,124469,,KALYANKJIL,,2026-02-24,2026-02-24,415.0,PE,KALYANKJIL26FEB415PE,6.35,10.85,5.0,5.5,5.65,6.3,418.4,5.5,321950,-14100,1069,530821055.0,975,F1,1175,,,,,
2026-02-18,2026-02-18,FO,NSE,STO,132236,,KALYANKJIL,,2026-03-30,2026-03-30,325.0,PE,KALYANKJIL26MAR325PE,0.0,0.0,0.0,10.85,0.0,10.85,418.4,0.85,0,0,0,0.0,0,F1,1175,,,,,
2026-02-18,2026-02-18,FO,NSE,STO,132240,,KALYANKJIL,,2026-03-30,2026-03-30,345.0,PE,KALYANKJIL26MAR345PE,0.0,0.0,0.0,17.55,0.0,17.55,418.4,2.2,0,0,0,0.0,0,F1,1175,,,,,
2026-02-18,2026-02-18,FO,NSE,STO,124882,,KALYANKJIL,,2026-03-30,2026-03-30,350.0,PE,KALYANKJIL26MAR350PE,0.0,0.0,0.0,3.35,0.0,3.35,418.4,2.75,0,0,0,0.0,0,F1,1175,,,,,
2026-02-18,2026-02-18,FO,NSE,STO,132373,,KALYANKJIL,,2026-04-28,2026-04-28,280.0,CE,KALYANKJIL26APR280CE,0.0,0.0,0.0,98.05,0.0,98.05,418.4,141.65,0,0,0,0.0,0,F1,1175,,,,,
2026-02-18,2026-02-18,FO,NSE,STO,132401,,KALYANKJIL,,2026-04-28,2026-04-28,300.0,CE,KALYANKJIL26APR300CE,0.0,0.0,0.0,82.0,0.0,82.0,418.4,122.5,0,0,0,0.0,0,F1,1175,,,,,
2026-02-18,2026-02-18,FO,NSE,STO,132413,,KALYANKJIL,,2026-04-28,2026-04-28,330.0,CE,KALYANKJIL26APR330CE,0.0,0.0,0.0,60.95,0.0,60.95,418.4,95.1,0,0,0,0.0,0,F1,1175,,,,,
2026-02-18,2026-02-18,FO,NSE,STO,110182,,KALYANKJIL,,2026-02-24,2026-02-24,340.0,PE,KALYANKJIL26FEB340PE,0.1,0.1,0.05,0.05,0.1,0.15,418.4,0.05,360725,-24675,50,19978466.25,20,F1,1175,,,,,
2026-02-18,2026-02-18,FO,NSE,STO,124465,,KALYANKJIL,,2026-02-24,2026-02-24,405.0,PE,KALYANKJIL26FEB405PE,2.95,5.6,2.05,2.3,2.5,3.05,418.4,2.3,373650,15275,1685,808725827.5,1310,F1,1175,,,,,
2026-02-18,2026-02-18,FO,NSE,STO,124467,,KALYANKJIL,,2026-02-24,2026-02-24,410.0,PE,KALYANKJIL26FEB410PE,5.1,8.0,3.2,3.65,4.0,4.3,418.4,3.65,703825,-69325,2672,1305100876.25,2287,F1,1175,,,,,
2026-02-18,2026-02-18,FO,NSE,STO,124471,,KALYANKJIL,,2026-02-24,2026-02-24,425.0,PE,KALYANKJIL26FEB425PE,12.5,17.75,10.4,11.15,11.9,11.55,418.4,11.15,307850,-112800,397,204479786.25,356,F1,1175,,,,,
2026-02-18,2026-02-18,FO,NSE,STO,124524,,KALYANKJIL,,2026-02-24,2026-02-24,455.0,PE,KALYANKJIL26FEB455PE,0.0,0.0,0.0,32.35,32.35,32.35,418.4,36.95,34075,0,0,0.0,0,F1,1175,,,,,
2026-02-18,2026-02-18,FO,NSE,STO,51651,,KALYANKJIL,,2026-03-30,2026-03-30,310.0,PE,KALYANKJIL26MAR310PE,0.0,0.0,0.0,0.75,0.0,0.75,418.4,0.35,0,0,0,0.0,0,F1,1175,,,,,
2026-02-18,2026-02-18,FO,NSE,STO,132234,,KALYANKJIL,,2026-03-30,2026-03-30,315.0,PE,KALYANKJIL26MAR315PE,0.0,0.0,0.0,8.25,0.0,8.25,418.4,0.45,0,0,0,0.0,0,F1,1175,,,,,
2026-02-18,2026-02-18,FO,NSE,STO,124867,,KALYANKJIL,,2026-03-30,2026-03-30,340.0,PE,KALYANKJIL26MAR340PE,0.0,0.0,0.0,2.1,2.1,2.1,418.4,1.75,12925,0,0,0.0,0,F1,1175,,,,,
2026-02-18,2026-02-18,FO,NSE,STO,124926,,KALYANKJIL,,2026-03-30,2026-03-30,410.0,PE,KALYANKJIL26MAR410PE,17.3,17.3,15.2,15.2,15.2,21.9,418.4,15.2,19975,8225,9,4506830.0,9,F1,1175,,,,,
2026-02-18,2026-02-18,FO,NSE,STO,132255,,KALYANKJIL,,2026-03-30,2026-03-30,415.0,PE,KALYANKJIL26MAR415PE,19.55,19.55,16.8,16.8,16.8,18.0,418.4,16.8,3525,2350,5,2544286.25,5,F1,1175,,,,,
2026-02-18,2026-02-18,FO,NSE,STO,132257,,KALYANKJIL,,2026-03-30,2026-03-30,425.0,PE,KALYANKJIL26MAR425PE,22.9,24.8,22.1,22.2,22.1,23.9,418.4,22.2,72850,71675,73,38417036.25,32,F1,1175,,,,,
2026-02-18,2026-02-18,FO,NSE,STO,132271,,KALYANKJIL,,2026-03-30,2026-03-30,475.0,PE,KALYANKJIL26MAR475PE,0.0,0.0,0.0,106.3,0.0,106.3,418.4,61.2,0,0,0,0.0,0,F1,1175,,,,,
2026-02-18,2026-02-18,FO,NSE,STO,132890,,KALYANKJIL,,2026-04-28,2026-04-28,450.0,PE,KALYANKJIL26APR450PE,0.0,0.0,0.0,87.95,0.0,87.95,418.4,48.2,0,0,0,0.0,0,F1,1175,,,,,
2026-02-18,2026-02-18,FO,NSE,STO,132894,,KALYANKJIL,,2026-04-28,2026-04-28,460.0,PE,KALYANKJIL26APR460PE,0.0,0.0,0.0,95.95,0.0,95.95,418.4,55.0,0,0,0,0.0,0,F1,1175,,,,,
2026-02-18,2026-02-18,FO,NSE,STO,110185,,KALYANKJIL,,2026-02-24,2026-02-24,380.0,CE,KALYANKJIL26FEB380CE,41.0,41.0,31.3,40.0,40.0,40.6,418.4,40.0,546375,-18800,42,20528366.25,33,F1,1175,,,,,
2026-02-18,2026-02-18,FO,NSE,STO,110187,,KALYANKJIL,,2026-02-24,2026-02-24,400.0,CE,KALYANKJIL26FEB400CE,21.8,22.7,13.8,20.55,19.95,22.45,418.4,20.55,628625,-34075,206,100986080.0,182,F1,1175,,,,,
2026-02-18,2026-02-18,FO,NSE,STO,124498,,KALYANKJIL,,2026-02-24,2026-02-24,445.0,CE,KALYANKJIL26FEB445CE,2.3,2.5,1.15,1.75,1.6,2.7,418.4,1.75,478225,12925,738,387336752.5,389,F1,1175,,,,,
2026-02-18,2026-02-18,FO,NSE,STO,124655,,KALYANKJIL,,2026-02-24,2026-02-24,510.0,CE,KALYANKJIL26FEB510CE,0.25,0.25,0.15,0.15,0.15,0.35,418.4,0.15,326650,-8225,54,32371896.25,23,F1,1175,,,,,
2026-02-18,2026-02-18,FO,NSE,STO,110205,,KALYANKJIL,,2026-02-24,2026-02-24,580.0,CE,KALYANKJIL26FEB580CE,0.05,0.05,0.05,0.05,0.05,0.2,418.4,0.05,76375,-4700,4,2726235.0,2,F1,1175,,,,,
2026-02-18,2026-02-18,FO,NSE,STO,132237,,KALYANKJIL,,2026-03-30,2026-03-30,335.0,CE,KALYANKJIL26MAR335CE,0.0,0.0,0.0,51.35,0.0,51.35,418.4,86.8,0,0,0,0.0,0,F1,1175,,,,,
2026-02-18,2026-02-18,FO,NSE,STO,124893,,KALYANKJIL,,2026-03-30,2026-03-30,380.0,CE,KALYANKJIL26MAR380CE,44.0,44.0,44.0,44.0,44.0,59.0,418.4,48.95,4700,1175,1,498200.0,1,F1,1175,,,,,
2026-02-18,2026-02-18,FO,NSE,STO,124941,,KALYANKJIL,,2026-03-30,2026-03-30,470.0,CE,KALYANKJIL26MAR470CE,0.0,0.0,0.0,54.3,0.0,54.3,418.4,8.4,0,0,0,0.0,0,F1,1175,,,,,
2026-02-18,2026-02-18,FO,NSE,STO,124949,,KALYANKJIL,,2026-03-30,2026-03-30,510.0,CE,KALYANKJIL26MAR510CE,2.5,2.5,2.5,2.5,2.5,36.55,418.4,2.95,1175,1175,1,602187.5,1,F1,1175,,,,,
2026-02-18,2026-02-18,FO,NSE,STO,124468,,KALYANKJIL,,2026-02-24,2026-02-24,415.0,CE,KALYANKJIL26FEB415CE,11.6,11.7,5.9,9.65,9.1,12.1,418.4,9.65,341925,62275,1560,775106551.25,1387,F1,1175,,,,,
2026-02-18,2026-02-18,FO,NSE,STO,124466,,KALYANKJIL,,2026-02-24,2026-02-24,410.0,CE,KALYANKJIL26FEB410CE,14.65,15.15,8.0,12.75,12.3,15.15,418.4,12.75,621575,-81075,631,311816565.0,581,F1,1175,,,,,
2026-02-18,2026-02-18,FO,NSE,STO,124451,,KALYANKJIL,,2026-02-24,2026-02-24,375.0,CE,KALYANKJIL26FEB375CE,44.0,44.0,44.0,44.0,44.0,55.55,418.4,43.95,330175,0,1,492325.0,1,F1,1175,,,,,
2026-02-18,2026-02-18,FO,NSE,STO,124442,,KALYANKJIL,,2026-02-24,2026-02-24,355.0,CE,KALYANKJIL26FEB355CE,0.0,0.0,0.0,72.95,72.95,72.95,418.4,63.75,72850,0,0,0.0,0,F1,1175,,,,,
2026-02-18,2026-02-18,FO,NSE,STO,124402,,KALYANKJIL,,2026-02-24,2026-02-24,345.0,CE,KALYANKJIL26FEB345CE,0.0,0.0,0.0,41.95,41.9,41.95,418.4,73.7,25850,0,0,0.0,0,F1,1175,,,,,
2026-02-18,2026-02-18,FO,NSE,STO,124939,,KALYANKJIL,,2026-03-30,2026-03-30,460.0,CE,KALYANKJIL26MAR460CE,9.9,9.9,7.1,8.05,8.05,10.6,418.4,8.05,126900,29375,128,70377682.5,104,F1,1175,,,,,
2026-02-18,2026-02-18,FO,NSE,STO,132416,,KALYANKJIL,,2026-04-28,2026-04-28,340.0,PE,KALYANKJIL26APR340PE,0.0,0.0,0.0,20.65,0.0,20.65,418.4,4.6,0,0,0,0.0,0,F1,1175,,,,,
2026-02-18,2026-02-18,FO,NSE,STO,132249,,KALYANKJIL,,2026-03-30,2026-03-30,385.0,PE,KALYANKJIL26MAR385PE,0.0,0.0,0.0,37.35,0.0,37.35,418.4,9.7,0,0,0,0.0,0,F1,1175,,,,,
2026-02-18,2026-02-18,FO,NSE,STO,132242,,KALYANKJIL,,2026-03-30,2026-03-30,355.0,PE,KALYANKJIL26MAR355PE,2.5,3.05,2.5,3.0,3.0,3.5,418.4,3.35,9400,-1175,5,2102133.75,4,F1,1175,,,,,
2026-02-18,2026-02-18,FO,NSE,STO,63143,,KALYANKJIL,,2026-03-30,2026-03-30,290.0,PE,KALYANKJIL26MAR290PE,0.0,0.0,0.0,2.1,0.0,2.1,418.4,0.1,0,0,0,0.0,0,F1,1175,,,,,
2026-02-18,2026-02-18,FO,NSE,STO,124656,,KALYANKJIL,,2026-02-24,2026-02-24,510.0,PE,KALYANKJIL26FEB510PE,0.0,0.0,0.0,78.0,78.0,78.0,418.4,91.15,16450,0,0,0.0,0,F1,1175,,,,,
2026-02-18,2026-02-18,FO,NSE,STO,110196,,KALYANKJIL,,2026-02-24,2026-02-24,480.0,PE,KALYANKJIL26FEB480PE,68.0,68.0,68.0,68.0,68.0,54.0,418.4,61.25,37600,-1175,5,3219500.0,1,F1,1175,,,,,
2026-02-18,2026-02-18,FO,NSE,STO,124630,,KALYANKJIL,,2026-02-24,2026-02-24,475.0,PE,KALYANKJIL26FEB475PE,0.0,0.0,0.0,108.3,108.3,108.3,418.4,56.3,5875,0,0,0.0,0,F1,1175,,,,,
2026-02-18,2026-02-18,FO,NSE,STO,128032,,LAURUSLABS,,2026-03-30,2026-03-30,1000.0,CE,LAURUSLABS26MAR1000CE,55.55,69.4,54.0,68.15,69.4,53.6,1037.45,68.15,515100,-40800,161,145563902.5,124,F1,850,,,,,
2026-02-18,2026-02-18,FO,NSE,STO,135072,,LAURUSLABS,,2026-03-30,2026-03-30,1010.0,CE,LAURUSLABS26MAR1010CE,50.65,62.95,50.65,62.65,62.95,49.35,1037.45,62.65,28050,850,6,5453940.0,5,F1,850,,,,,
2026-02-18,2026-02-18,FO,NSE,STO,128054,,LAURUSLABS,,2026-03-30,2026-03-30,1060.0,CE,LAURUSLABS26MAR1060CE,27.0,36.6,26.0,36.1,36.6,29.0,1037.45,36.1,21250,14450,45,41802447.5,44,F1,850,,,,,
2026-02-18,2026-02-18,FO,NSE,STO,128064,,LAURUSLABS,,2026-03-30,2026-03-30,1120.0,CE,LAURUSLABS26MAR1120CE,13.75,17.5,13.75,17.25,16.9,12.0,1037.45,17.25,20400,16150,43,41523647.5,35,F1,850,,,,,
2026-02-18,2026-02-18,FO,NSE,STO,135127,,LAURUSLABS,,2026-04-28,2026-04-28,800.0,CE,LAURUSLABS26APR800CE,0.0,0.0,0.0,220.95,0.0,220.95,1037.45,247.05,0,0,0,0.0,0,F1,850,,,,,
2026-02-18,2026-02-18,FO,NSE,STO,127858,,LAURUSLABS,,2026-02-24,2026-02-24,970.0,PE,LAURUSLABS26FEB970PE,3.65,3.65,1.05,1.15,1.05,3.3,1037.45,1.15,309400,-47600,340,280849945.0,292,F1,850,,,,,
2026-02-18,2026-02-18,FO,NSE,STO,112355,,LAURUSLABS,,2026-02-24,2026-02-24,1000.0,PE,LAURUSLABS26FEB1000PE,9.8,9.8,2.95,3.25,3.0,9.85,1037.45,3.25,764150,6800,1264,1080076342.5,1008,F1,850,,,,,
2026-02-18,2026-02-18,FO,NSE,STO,112372,,LAURUSLABS,,2026-02-24,2026-02-24,1080.0,PE,LAURUSLABS26FEB1080PE,0.0,0.0,0.0,69.4,69.4,69.4,1037.45,45.55,23800,0,0,0.0,0,F1,850,,,,,
2026-02-18,2026-02-18,FO,NSE,STO,127880,,LAURUSLABS,,2026-02-24,2026-02-24,1090.0,PE,LAURUSLABS26FEB1090PE,0.0,0.0,0.0,140.5,140.5,140.5,1037.45,54.15,1700,0,0,0.0,0,F1,850,,,,,
2026-02-18,2026-02-18,FO,NSE,STO,128015,,LAURUSLABS,,2026-03-30,2026-03-30,820.0,PE,LAURUSLABS26MAR820PE,0.0,0.0,0.0,4.1,0.0,4.1,1037.45,0.4,0,0,0,0.0,0,F1,850,,,,,
2026-02-18,2026-02-18,FO,NSE,STO,135073,,LAURUSLABS,,2026-03-30,2026-03-30,1010.0,PE,LAURUSLABS26MAR1010PE,33.85,33.85,33.85,33.85,33.85,62.25,1037.45,28.7,850,850,1,887272.5,1,F1,850,,,,,
2026-02-18,2026-02-18,FO,NSE,STO,128063,,LAURUSLABS,,2026-03-30,2026-03-30,1100.0,PE,LAURUSLABS26MAR1100PE,89.0,91.0,74.0,75.2,74.0,91.0,1037.45,75.2,74800,45900,63,63261590.0,44,F1,850,,,,,
2026-02-18,2026-02-18,FO,NSE,STO,135132,,LAURUSLABS,,2026-04-28,2026-04-28,840.0,PE,LAURUSLABS26APR840PE,0.0,0.0,0.0,14.45,0.0,14.45,1037.45,3.15,0,0,0,0.0,0,F1,850,,,,,
2026-02-18,2026-02-18,FO,NSE,STO,135213,,LAURUSLABS,,2026-04-28,2026-04-28,1020.0,PE,LAURUSLABS26APR1020PE,0.0,0.0,0.0,78.1,0.0,78.1,1037.45,44.25,0,0,0,0.0,0,F1,850,,,,,
2026-02-18,2026-02-18,FO,NSE,STO,112432,,LAURUSLABS,,2026-02-24,2026-02-24,1280.0,CE,LAURUSLABS26FEB1280CE,0.0,0.0,0.0,0.65,0.65,0.65,1037.45,0.05,7650,0,0,0.0,0,F1,850,,,,,
2026-02-18,2026-02-18,FO,NSE,STF,66882,,LAURUSLABS,,2026-04-28,2026-04-28,,,LAURUSLABS26APRFUT,1034.05,1052.0,1029.0,1051.35,1052.0,1028.8,1037.45,1051.35,135150,32300,101,89439082.5,81,F1,850,,,,,
2026-02-18,2026-02-18,FO,NSE,STO,127823,,LAURUSLABS,,2026-02-24,2026-02-24,830.0,CE,LAURUSLABS26FEB830CE,0.0,0.0,0.0,160.7,160.7,160.7,1037.45,208.2,2550,0,0,0.0,0,F1,850,,,,,
2026-02-18,2026-02-18,FO,NSE,STO,127881,,LAURUSLABS,,2026-02-24,2026-02-24,1110.0,CE,LAURUSLABS26FEB1110CE,1.3,1.9,1.05,1.75,1.65,1.3,1037.45,1.75,113900,-9350,105,99198697.5,90,F1,850,,,,,
2026-02-18,2026-02-18,FO,NSE,STO,128020,,LAURUSLABS,,2026-03-30,2026-03-30,880.0,CE,LAURUSLABS26MAR880CE,0.0,0.0,0.0,144.0,144.0,144.0,1037.45,165.1,2550,0,0,0.0,0,F1,850,,,,,
2026-02-18,2026-02-18,FO,NSE,STO,128027,,LAURUSLABS,,2026-03-30,2026-03-30,940.0,PE,LAURUSLABS26MAR940PE,0.0,0.0,0.0,14.0,14.0,14.0,1037.45,9.05,2550,0,0,0.0,0,F1,850,,,,,
2026-02-18,2026-02-18,FO,NSE,STO,128034,,LAURUSLABS,,2026-03-30,2026-03-30,1020.0,CE,LAURUSLABS26MAR1020CE,43.0,57.3,42.6,55.95,57.3,41.5,1037.45,55.95,114750,11900,166,150758167.5,151,F1,850,,,,,
2026-02-18,2026-02-18,FO,NSE,STO,135146,,LAURUSLABS,,2026-04-28,2026-04-28,880.0,CE,LAURUSLABS26APR880CE,0.0,0.0,0.0,156.75,0.0,156.75,1037.45,173.3,0,0,0,0.0,0,F1,850,,,,,
2026-02-18,2026-02-18,FO,NSE,STO,135156,,LAURUSLABS,,2026-04-28,2026-04-28,980.0,CE,LAURUSLABS26APR980CE,0.0,0.0,0.0,93.4,0.0,93.4,1037.45,96.2,0,0,0,0.0,0,F1,850,,,,,
2026-02-18,2026-02-18,FO,NSE,STO,127849,,LAURUSLABS,,2026-02-24,2026-02-24,910.0,PE,LAURUSLABS26FEB910PE,0.6,0.6,0.45,0.45,0.45,0.85,1037.45,0.45,41650,-1700,24,18574370.0,23,F1,850,,,,,
2026-02-18,2026-02-18,FO,NSE,STO,112344,,LAURUSLABS,,2026-02-24,2026-02-24,960.0,CE,LAURUSLABS26FEB960CE,61.0,79.3,59.0,78.6,79.3,59.2,1037.45,78.6,126650,-53550,114,99763565.0,79,F1,850,,,,,
2026-02-18,2026-02-18,FO,NSE,STO,135159,,LAURUSLABS,,2026-04-28,2026-04-28,1000.0,PE,LAURUSLABS26APR1000PE,0.0,0.0,0.0,67.7,0.0,67.7,1037.45,35.9,0,0,0,0.0,0,F1,850,,,,,
2026-02-18,2026-02-18,FO,NSE,STO,135151,,LAURUSLABS,,2026-04-28,2026-04-28,920.0,PE,LAURUSLABS26APR920PE,0.0,0.0,0.0,34.65,0.0,34.65,1037.45,12.9,0,0,0,0.0,0,F1,850,,,,,
2026-02-18,2026-02-18,FO,NSE,STO,135069,,LAURUSLABS,,2026-03-30,2026-03-30,970.0,PE,LAURUSLABS26MAR970PE,16.5,17.55,15.15,15.2,15.2,21.0,1037.45,15.2,11900,10200,17,14244725.0,15,F1,850,,,,,
2026-02-18,2026-02-18,FO,NSE,STO,127875,,LAURUSLABS,,2026-02-24,2026-02-24,1050.0,PE,LAURUSLABS26FEB1050PE,33.5,35.65,21.0,21.95,21.15,41.35,1037.45,21.95,502350,97750,269,245940190.0,183,F1,850,,,,,
2026-02-18,2026-02-18,FO,NSE,STO,127864,,LAURUSLABS,,2026-02-24,2026-02-24,1030.0,PE,LAURUSLABS26FEB1030PE,24.0,24.0,10.3,11.15,10.5,25.85,1037.45,11.15,257550,136000,480,426229057.5,390,F1,850,,,,,
2026-02-18,2026-02-18,FO,NSE,STO,127854,,LAURUSLABS,,2026-02-24,2026-02-24,930.0,PE,LAURUSLABS26FEB930PE,1.1,1.1,0.5,0.6,0.6,1.2,1037.45,0.6,73950,-37400,163,128971180.0,153,F1,850,,,,,
2026-02-18,2026-02-18,FO,NSE,STO,112430,,LAURUSLABS,,2026-02-24,2026-02-24,1260.0,CE,LAURUSLABS26FEB1260CE,0.0,0.0,0.0,3.0,3.0,3.0,1037.45,0.05,1700,0,0,0.0,0,F1,850,,,,,
2026-02-18,2026-02-18,FO,NSE,STO,112354,,LAURUSLABS,,2026-02-24,2026-02-24,1000.0,CE,LAURUSLABS26FEB1000CE,24.9,43.4,24.05,41.25,42.5,25.95,1037.45,41.25,713150,-189550,1335,1172613207.5,1127,F1,850,,,,,
2026-02-18,2026-02-18,FO,NSE,STO,112291,,LAURUSLABS,,2026-02-24,2026-02-24,840.0,PE,LAURUSLABS26FEB840PE,0.0,0.0,0.0,1.3,1.3,1.3,1037.45,0.05,0,0,0,0.0,0,F1,850,,,,,
2026-02-18,2026-02-18,FO,NSE,STO,135226,,LAURUSLABS,,2026-04-28,2026-04-28,1080.0,CE,LAURUSLABS26APR1080CE,0.0,0.0,0.0,50.6,0.0,50.6,1037.45,44.45,0,0,0,0.0,0,F1,850,,,,,
2026-02-18,2026-02-18,FO,NSE,STO,128061,,LAURUSLABS,,2026-03-30,2026-03-30,1100.0,CE,LAURUSLABS26MAR1100CE,16.0,22.65,16.0,22.2,22.2,16.05,1037.45,22.2,300050,49300,613,583446587.5,476,F1,850,,,,,
2026-02-18,2026-02-18,FO,NSE,STO,128052,,LAURUSLABS,,2026-03-30,2026-03-30,1040.0,CE,LAURUSLABS26MAR1040CE,37.2,46.15,34.5,45.45,46.0,35.0,1037.45,45.45,238850,204850,418,384245135.0,282,F1,850,,,,,
2026-02-18,2026-02-18,FO,NSE,STO,112292,,LAURUSLABS,,2026-02-24,2026-02-24,860.0,CE,LAURUSLABS26FEB860CE,0.0,0.0,0.0,115.0,115.0,115.0,1037.45,178.25,850,0,0,0.0,0,F1,850,,,,,
2026-02-18,2026-02-18,FO,NSE,STO,127861,,LAURUSLABS,,2026-02-24,2026-02-24,1010.0,CE,LAURUSLABS26FEB1010CE,19.7,33.45,17.3,32.75,33.3,19.6,1037.45,32.75,192950,-49300,569,500640352.5,503,F1,850,,,,,
2026-02-18,2026-02-18,FO,NSE,STO,127883,,LAURUSLABS,,2026-02-24,2026-02-24,1130.0,CE,LAURUSLABS26FEB1130CE,0.7,1.15,0.7,1.05,1.05,0.95,1037.45,1.05,206550,33150,186,178807445.0,141,F1,850,,,,,
2026-02-18,2026-02-18,FO,NSE,STO,128026,,LAURUSLABS,,2026-03-30,2026-03-30,940.0,CE,LAURUSLABS26MAR940CE,0.0,0.0,0.0,56.0,56.0,56.0,1037.45,112.15,1700,0,0,0.0,0,F1,850,,,,,
2026-02-18,2026-02-18,FO,NSE,STO,135085,,LAURUSLABS,,2026-03-30,2026-03-30,1110.0,PE,LAURUSLABS26MAR1110PE,0.0,0.0,0.0,126.15,0.0,126.15,1037.45,85.85,0,0,0,0.0,0,F1,850,,,,,
2026-02-18,2026-02-18,FO,NSE,STO,128075,,LAURUSLABS,,2026-03-30,2026-03-30,1180.0,PE,LAURUSLABS26MAR1180PE,155.0,155.0,155.0,155.0,155.0,161.5,1037.45,142.75,3400,850,1,1134750.0,1,F1,850,,,,,
2026-02-18,2026-02-18,FO,NSE,STO,112345,,LAURUSLABS,,2026-02-24,2026-02-24,960.0,PE,LAURUSLABS26FEB960PE,2.05,2.05,0.8,0.85,0.85,2.35,1037.45,0.85,294100,-24650,213,174047360.0,170,F1,850,,,,,
2026-02-18,2026-02-18,FO,NSE,STO,135071,,LAURUSLABS,,2026-03-30,2026-03-30,990.0,PE,LAURUSLABS26MAR990PE,24.85,24.85,19.9,20.0,19.9,34.05,1037.45,20.0,26350,18700,33,28383965.0,20,F1,850,,,,,
2026-02-18,2026-02-18,FO,NSE,STO,128019,,LAURUSLABS,,2026-03-30,2026-03-30,860.0,PE,LAURUSLABS26MAR860PE,0.0,0.0,0.0,7.45,0.0,7.45,1037.45,1.4,0,0,0,0.0,0,F1,850,,,,,
2026-02-18,2026-02-18,FO,NSE,STO,112418,,LAURUSLABS,,2026-02-24,2026-02-24,1160.0,PE,LAURUSLABS26FEB1160PE,0.0,0.0,0.0,190.15,0.0,190.15,1037.45,121.55,0,0,0,0.0,0,F1,850,,,,,
2026-02-18,2026-02-18,FO,NSE,STO,112375,,LAURUSLABS,,2026-02-24,2026-02-24,1100.0,PE,LAURUSLABS26FEB1100PE,81.3,84.65,62.5,63.95,62.5,87.55,1037.45,63.95,183600,-16150,92,91640880.0,77,F1,850,,,,,
2026-02-18,2026-02-18,FO,NSE,STO,112303,,LAURUSLABS,,2026-02-24,2026-02-24,920.0,PE,LAURUSLABS26FEB920PE,0.95,0.95,0.6,0.6,0.6,1.1,1037.45,0.6,113050,-9350,33,25824615.0,30,F1,850,,,,,
2026-02-18,2026-02-18,FO,NSE,STO,112374,,LAURUSLABS,,2026-02-24,2026-02-24,1100.0,CE,LAURUSLABS26FEB1100CE,1.55,2.55,1.35,2.25,2.35,1.65,1037.45,2.25,1665150,21250,1922,1800347345.0,1193,F1,850,,,,,
2026-02-18,2026-02-18,FO,NSE,STO,128016,,LAURUSLABS,,2026-03-30,2026-03-30,840.0,CE,LAURUSLABS26MAR840CE,188.0,188.0,188.0,188.0,188.0,269.95,1037.45,203.25,850,850,1,873800.0,1,F1,850,,,,,
2026-02-18,2026-02-18,FO,NSE,STO,128022,,LAURUSLABS,,2026-03-30,2026-03-30,900.0,CE,LAURUSLABS26MAR900CE,0.0,0.0,0.0,136.0,136.0,136.0,1037.45,146.7,20400,0,0,0.0,0,F1,850,,,,,
2026-02-18,2026-02-18,FO,NSE,STO,135068,,LAURUSLABS,,2026-03-30,2026-03-30,970.0,CE,LAURUSLABS26MAR970CE,0.0,0.0,0.0,75.0,75.0,75.0,1037.45,88.85,10200,0,0,0.0,0,F1,850,,,,,
2026-02-18,2026-02-18,FO,NSE,STO,128030,,LAURUSLABS,,2026-03-30,2026-03-30,980.0,CE,LAURUSLABS26MAR980CE,0.0,0.0,0.0,34.0,34.0,34.0,1037.45,81.7,1700,0,0,0.0,0,F1,850,,,,,
2026-02-18,2026-02-18,FO,NSE,STO,128074,,LAURUSLABS,,2026-03-30,2026-03-30,1180.0,CE,LAURUSLABS26MAR1180CE,7.5,7.5,7.5,7.5,7.5,53.8,1037.45,7.5,850,850,1,1009375.0,1,F1,850,,,,,
2026-02-18,2026-02-18,FO,NSE,STO,112289,,LAURUSLABS,,2026-02-24,2026-02-24,820.0,PE,LAURUSLABS26FEB820PE,0.2,0.3,0.2,0.3,0.3,0.35,1037.45,0.3,79900,-16150,24,16732590.0,17,F1,850,,,,,
2026-02-18,2026-02-18,FO,NSE,STO,112425,,LAURUSLABS,,2026-02-24,2026-02-24,1200.0,PE,LAURUSLABS26FEB1200PE,176.3,176.3,170.7,170.7,170.7,184.0,1037.45,161.45,6800,850,2,2334950.0,2,F1,850,,,,,
2026-02-18,2026-02-18,FO,NSE,STO,128029,,LAURUSLABS,,2026-03-30,2026-03-30,960.0,PE,LAURUSLABS26MAR960PE,0.0,0.0,0.0,24.5,0.0,24.5,1037.45,13.1,0,0,0,0.0,0,F1,850,,,,,
2026-02-18,2026-02-18,FO,NSE,STO,135081,,LAURUSLABS,,2026-03-30,2026-03-30,1070.0,PE,LAURUSLABS26MAR1070PE,0.0,0.0,0.0,97.95,0.0,97.95,1037.45,58.95,0,0,0,0.0,0,F1,850,,,,,
2026-02-18,2026-02-18,FO,NSE,STO,135234,,LAURUSLABS,,2026-04-28,2026-04-28,1080.0,PE,LAURUSLABS26APR1080PE,0.0,0.0,0.0,113.85,0.0,113.85,1037.45,75.85,0,0,0,0.0,0,F1,850,,,,,
2026-02-18,2026-02-18,FO,NSE,STO,127863,,LAURUSLABS,,2026-02-24,2026-02-24,1030.0,CE,LAURUSLABS26FEB1030CE,10.35,20.1,9.3,19.35,20.0,10.75,1037.45,19.35,474300,80750,3620,3216834435.0,3165,F1,850,,,,,
2026-02-18,2026-02-18,FO,NSE,STO,127848,,LAURUSLABS,,2026-02-24,2026-02-24,910.0,CE,LAURUSLABS26FEB910CE,0.0,0.0,0.0,111.4,111.4,111.4,1037.45,128.3,8500,0,0,0.0,0,F1,850,,,,,
2026-02-18,2026-02-18,FO,NSE,STO,112284,,LAURUSLABS,,2026-02-24,2026-02-24,780.0,CE,LAURUSLABS26FEB780CE,0.0,0.0,0.0,218.35,0.0,218.35,1037.45,258.15,0,0,0,0.0,0,F1,850,,,,,
2026-02-18,2026-02-18,FO,NSE,STO,127884,,LAURUSLABS,,2026-02-24,2026-02-24,1130.0,PE,LAURUSLABS26FEB1130PE,0.0,0.0,0.0,113.35,113.35,113.35,1037.45,91.85,4250,0,0,0.0,0,F1,850,,,,,
2026-02-18,2026-02-18,FO,NSE,STO,112419,,LAURUSLABS,,2026-02-24,2026-02-24,1180.0,CE,LAURUSLABS26FEB1180CE,0.5,0.6,0.45,0.55,0.55,1.3,1037.45,0.05,83300,850,70,70242215.0,40,F1,850,,,,,
2026-02-18,2026-02-18,FO,NSE,STO,112380,,LAURUSLABS,,2026-02-24,2026-02-24,1160.0,CE,LAURUSLABS26FEB1160CE,0.0,0.0,0.0,0.85,0.85,0.85,1037.45,0.05,89250,0,0,0.0,0,F1,850,,,,,
2026-02-18,2026-02-18,FO,NSE,STO,112349,,LAURUSLABS,,2026-02-24,2026-02-24,980.0,PE,LAURUSLABS26FEB980PE,5.0,5.05,1.35,1.5,1.35,4.8,1037.45,1.5,374000,-39950,658,549497842.5,569,F1,850,,,,,
2026-02-18,2026-02-18,FO,NSE,STO,112287,,LAURUSLABS,,2026-02-24,2026-02-24,800.0,PE,LAURUSLABS26FEB800PE,0.0,0.0,0.0,11.85,0.0,11.85,1037.45,0.05,0,0,0,0.0,0,F1,850,,,,,
2026-02-18,2026-02-18,FO,NSE,STO,135158,,LAURUSLABS,,2026-04-28,2026-04-28,1000.0,CE,LAURUSLABS26APR1000CE,0.0,0.0,0.0,83.25,0.0,83.25,1037.45,83.7,0,0,0,0.0,0,F1,850,,,,,
2026-02-18,2026-02-18,FO,NSE,STO,135089,,LAURUSLABS,,2026-03-30,2026-03-30,1150.0,CE,LAURUSLABS26MAR1150CE,9.0,12.0,8.75,11.85,11.95,19.4,1037.45,11.85,60350,60350,108,106544907.5,86,F1,850,,,,,
2026-02-18,2026-02-18,FO,NSE,STO,128069,,LAURUSLABS,,2026-03-30,2026-03-30,1140.0,CE,LAURUSLABS26MAR1140CE,11.45,13.6,11.45,13.6,13.6,68.35,1037.45,13.6,7650,7650,12,11750230.0,11,F1,850,,,,,
2026-02-18,2026-02-18,FO,NSE,STO,135048,,LAURUSLABS,,2026-03-30,2026-03-30,890.0,CE,LAURUSLABS26MAR890CE,0.0,0.0,0.0,136.9,0.0,136.9,1037.45,155.85,0,0,0,0.0,0,F1,850,,,,,
2026-02-18,2026-02-18,FO,NSE,STO,46496,,LAURUSLABS,,2026-03-30,2026-03-30,780.0,CE,LAURUSLABS26MAR780CE,0.0,0.0,0.0,314.45,0.0,314.45,1037.45,262.25,0,0,0,0.0,0,F1,850,,,,,
2026-02-18,2026-02-18,FO,NSE,STO,112361,,LAURUSLABS,,2026-02-24,2026-02-24,1040.0,CE,LAURUSLABS26FEB1040CE,7.65,14.9,6.5,14.3,14.8,7.8,1037.45,14.3,649400,256700,4266,3814745770.0,3444,F1,850,,,,,
2026-02-18,2026-02-18,FO,NSE,STO,112306,,LAURUSLABS,,2026-02-24,2026-02-24,940.0,CE,LAURUSLABS26FEB940CE,91.0,98.6,89.9,98.6,98.6,78.4,1037.45,98.6,62050,-9350,19,16672240.0,13,F1,850,,,,,
2026-02-18,2026-02-18,FO,NSE,STO,112296,,LAURUSLABS,,2026-02-24,2026-02-24,900.0,CE,LAURUSLABS26FEB900CE,125.0,125.0,118.55,124.35,124.35,115.85,1037.45,138.25,79050,0,7,6081792.5,6,F1,850,,,,,
2026-02-18,2026-02-18,FO,NSE,STO,127841,,LAURUSLABS,,2026-02-24,2026-02-24,850.0,PE,LAURUSLABS26FEB850PE,0.3,0.35,0.25,0.35,0.35,0.4,1037.45,0.35,248200,-1700,14,10118910.0,13,F1,850,,,,,
2026-02-18,2026-02-18,FO,NSE,STO,135237,,LAURUSLABS,,2026-04-28,2026-04-28,1120.0,CE,LAURUSLABS26APR1120CE,0.0,0.0,0.0,38.6,0.0,38.6,1037.45,31.0,0,0,0,0.0,0,F1,850,,,,,
2026-02-18,2026-02-18,FO,NSE,STO,135150,,LAURUSLABS,,2026-04-28,2026-04-28,920.0,CE,LAURUSLABS26APR920CE,0.0,0.0,0.0,128.9,0.0,128.9,1037.45,139.85,0,0,0,0.0,0,F1,850,,,,,
2026-02-18,2026-02-18,FO,NSE,STO,135131,,LAURUSLABS,,2026-04-28,2026-04-28,840.0,CE,LAURUSLABS26APR840CE,0.0,0.0,0.0,187.55,0.0,187.55,1037.45,209.3,0,0,0,0.0,0,F1,850,,,,,
2026-02-18,2026-02-18,FO,NSE,STO,128071,,LAURUSLABS,,2026-03-30,2026-03-30,1160.0,CE,LAURUSLABS26MAR1160CE,10.9,10.9,10.9,10.9,10.9,60.75,1037.45,10.9,850,850,1,995265.0,1,F1,850,,,,,
2026-02-18,2026-02-18,FO,NSE,STO,135070,,LAURUSLABS,,2026-03-30,2026-03-30,990.0,CE,LAURUSLABS26MAR990CE,0.0,0.0,0.0,61.0,61.0,61.0,1037.45,74.85,850,0,0,0.0,0,F1,850,,,,,
2026-02-18,2026-02-18,FO,NSE,STO,112424,,LAURUSLABS,,2026-02-24,2026-02-24,1200.0,CE,LAURUSLABS26FEB1200CE,0.45,1.0,0.35,0.5,0.5,0.5,1037.45,0.5,1252900,84150,303,309196935.0,191,F1,850,,,,,
2026-02-18,2026-02-18,FO,NSE,STO,112370,,LAURUSLABS,,2026-02-24,2026-02-24,1080.0,CE,LAURUSLABS26FEB1080CE,2.45,4.1,1.95,3.85,4.0,2.3,1037.45,3.85,359550,101150,842,775158010.0,658,F1,850,,,,,
2026-02-18,2026-02-18,FO,NSE,STO,112359,,LAURUSLABS,,2026-02-24,2026-02-24,1020.0,CE,LAURUSLABS26FEB1020CE,16.05,26.55,13.0,25.5,26.05,14.85,1037.45,25.5,742050,-400350,4612,4074135722.5,3928,F1,850,,,,,
2026-02-18,2026-02-18,FO,NSE,STO,135077,,LAURUSLABS,,2026-03-30,2026-03-30,1030.0,PE,LAURUSLABS26MAR1030PE,40.75,40.75,34.0,34.0,34.0,73.15,1037.45,34.0,9350,9350,20,18136280.0,15,F1,850,,,,,
2026-02-18,2026-02-18,FO,NSE,STO,128055,,LAURUSLABS,,2026-03-30,2026-03-30,1060.0,PE,LAURUSLABS26MAR1060PE,51.0,51.0,48.8,48.8,48.8,58.5,1037.45,48.8,2550,2550,3,2831180.0,3,F1,850,,,,,
2026-02-18,2026-02-18,FO,NSE,STO,112288,,LAURUSLABS,,2026-02-24,2026-02-24,820.0,CE,LAURUSLABS26FEB820CE,0.0,0.0,0.0,195.0,195.0,195.0,1037.45,218.2,1700,0,0,0.0,0,F1,850,,,,,
2026-02-18,2026-02-18,FO,NSE,STO,128068,,LAURUSLABS,,2026-03-30,2026-03-30,1120.0,PE,LAURUSLABS26MAR1120PE,0.0,0.0,0.0,106.0,106.0,106.0,1037.45,93.3,4250,0,0,0.0,0,F1,850,,,,,
2026-02-18,2026-02-18,FO,NSE,STO,135145,,LAURUSLABS,,2026-04-28,2026-04-28,860.0,PE,LAURUSLABS26APR860PE,0.0,0.0,0.0,18.4,0.0,18.4,1037.45,4.7,0,0,0,0.0,0,F1,850,,,,,
2026-02-18,2026-02-18,FO,NSE,STF,59399,,LAURUSLABS,,2026-02-24,2026-02-24,,,LAURUSLABS26FEBFUT,1024.0,1040.0,1012.5,1038.3,1039.1,1015.55,1037.45,1038.3,18278400,-930750,4330,3782231697.5,3525,F1,850,,,,,
2026-02-18,2026-02-18,FO,NSE,STF,51961,,LAURUSLABS,,2026-03-30,2026-03-30,,,LAURUSLABS26MARFUT,1023.5,1046.0,1018.95,1044.85,1045.0,1021.6,1037.45,1044.85,3562350,1376150,2743,2412396475.0,2158,F1,850,,,,,
2026-02-18,2026-02-18,FO,NSE,STO,127845,,LAURUSLABS,,2026-02-24,2026-02-24,890.0,CE,LAURUSLABS26FEB890CE,0.0,0.0,0.0,96.4,96.4,96.4,1037.45,148.25,17850,0,0,0.0,0,F1,850,,,,,
2026-02-18,2026-02-18,FO,NSE,STO,127882,,LAURUSLABS,,2026-02-24,2026-02-24,1110.0,PE,LAURUSLABS26FEB1110PE,0.0,0.0,0.0,98.7,98.7,98.7,1037.45,72.55,1700,0,0,0.0,0,F1,850,,,,,
2026-02-18,2026-02-18,FO,NSE,STO,112302,,LAURUSLABS,,2026-02-24,2026-02-24,920.0,CE,LAURUSLABS26FEB920CE,111.0,118.0,111.0,118.0,118.0,96.95,1037.45,118.0,45050,0,4,3517555.0,4,F1,850,,,,,
2026-02-18,2026-02-18,FO,NSE,STO,135144,,LAURUSLABS,,2026-04-28,2026-04-28,860.0,CE,LAURUSLABS26APR860CE,0.0,0.0,0.0,171.8,0.0,171.8,1037.45,191.05,0,0,0,0.0,0,F1,850,,,,,
2026-02-18,2026-02-18,FO,NSE,STO,135214,,LAURUSLABS,,2026-04-28,2026-04-28,1040.0,CE,LAURUSLABS26APR1040CE,0.0,0.0,0.0,65.35,0.0,65.35,1037.45,61.95,0,0,0,0.0,0,F1,850,,,,,
2026-02-18,2026-02-18,FO,NSE,STO,135239,,LAURUSLABS,,2026-04-28,2026-04-28,1140.0,CE,LAURUSLABS26APR1140CE,0.0,0.0,0.0,33.65,0.0,33.65,1037.45,25.6,0,0,0,0.0,0,F1,850,,,,,
2026-02-18,2026-02-18,FO,NSE,STO,127846,,LAURUSLABS,,2026-02-24,2026-02-24,890.0,PE,LAURUSLABS26FEB890PE,0.4,0.45,0.35,0.35,0.35,1.2,1037.45,0.05,34000,-1700,3,2270520.0,3,F1,850,,,,,
2026-02-18,2026-02-18,FO,NSE,STO,46497,,LAURUSLABS,,2026-03-30,2026-03-30,780.0,PE,LAURUSLABS26MAR780PE,0.0,0.0,0.0,1.5,0.0,1.5,1037.45,0.1,0,0,0,0.0,0,F1,850,,,,,
2026-02-18,2026-02-18,FO,NSE,STO,135049,,LAURUSLABS,,2026-03-30,2026-03-30,890.0,PE,LAURUSLABS26MAR890PE,0.0,0.0,0.0,5.15,5.15,5.15,1037.45,3.05,32300,0,0,0.0,0,F1,850,,,,,
2026-02-18,2026-02-18,FO,NSE,STO,127860,,LAURUSLABS,,2026-02-24,2026-02-24,990.0,PE,LAURUSLABS26FEB990PE,7.5,7.5,1.95,2.15,1.95,7.1,1037.45,2.15,277100,60350,767,647785000.0,672,F1,850,,,,,
2026-02-18,2026-02-18,FO,NSE,STO,135157,,LAURUSLABS,,2026-04-28,2026-04-28,980.0,PE,LAURUSLABS26APR980PE,0.0,0.0,0.0,58.2,0.0,58.2,1037.45,28.6,0,0,0,0.0,0,F1,850,,,,,
2026-02-18,2026-02-18,FO,NSE,STO,135147,,LAURUSLABS,,2026-04-28,2026-04-28,880.0,PE,LAURUSLABS26APR880PE,0.0,0.0,0.0,23.1,0.0,23.1,1037.45,6.75,0,0,0,0.0,0,F1,850,,,,,
2026-02-18,2026-02-18,FO,NSE,STO,112362,,LAURUSLABS,,2026-02-24,2026-02-24,1040.0,PE,LAURUSLABS26FEB1040PE,28.15,30.0,15.0,16.0,15.0,31.05,1037.45,16.0,218450,111350,350,315415025.0,242,F1,850,,,,,
2026-02-18,2026-02-18,FO,NSE,STO,135160,,LAURUSLABS,,2026-04-28,2026-04-28,1020.0,CE,LAURUSLABS26APR1020CE,0.0,0.0,0.0,73.9,0.0,73.9,1037.45,72.25,0,0,0,0.0,0,F1,850,,,,,
2026-02-18,2026-02-18,FO,NSE,STO,135086,,LAURUSLABS,,2026-03-30,2026-03-30,1130.0,CE,LAURUSLABS26MAR1130CE,0.0,0.0,0.0,23.35,0.0,23.35,1037.45,15.25,0,0,0,0.0,0,F1,850,,,,,
2026-02-18,2026-02-18,FO,NSE,STO,135076,,LAURUSLABS,,2026-03-30,2026-03-30,1030.0,CE,LAURUSLABS26MAR1030CE,40.0,51.0,38.05,50.25,51.0,37.0,1037.45,50.25,56950,23800,164,150033160.0,135,F1,850,,,,,
2026-02-18,2026-02-18,FO,NSE,STO,135046,,LAURUSLABS,,2026-03-30,2026-03-30,870.0,CE,LAURUSLABS26MAR870CE,0.0,0.0,0.0,152.55,0.0,152.55,1037.45,174.5,0,0,0,0.0,0,F1,850,,,,,
2026-02-18,2026-02-18,FO,NSE,STO,135044,,LAURUSLABS,,2026-03-30,2026-03-30,850.0,CE,LAURUSLABS26MAR850CE,0.0,0.0,0.0,168.95,0.0,168.95,1037.45,193.6,0,0,0,0.0,0,F1,850,,,,,
2026-02-18,2026-02-18,FO,NSE,STO,127855,,LAURUSLABS,,2026-02-24,2026-02-24,950.0,CE,LAURUSLABS26FEB950CE,71.25,87.5,67.0,87.5,87.5,67.35,1037.45,87.5,111350,-41650,67,58316502.5,56,F1,850,,,,,
2026-02-18,2026-02-18,FO,NSE,STO,112346,,LAURUSLABS,,2026-02-24,2026-02-24,980.0,CE,LAURUSLABS26FEB980CE,44.0,59.85,41.75,59.25,59.65,40.55,1037.45,59.25,216750,-12750,52,45580187.5,46,F1,850,,,,,
2026-02-18,2026-02-18,FO,NSE,STO,128024,,LAURUSLABS,,2026-03-30,2026-03-30,920.0,CE,LAURUSLABS26MAR920CE,0.0,0.0,0.0,109.0,109.0,109.0,1037.45,129.0,850,0,0,0.0,0,F1,850,,,,,
2026-02-18,2026-02-18,FO,NSE,STO,135082,,LAURUSLABS,,2026-03-30,2026-03-30,1090.0,CE,LAURUSLABS26MAR1090CE,0.0,0.0,0.0,33.2,0.0,33.2,1037.45,25.8,0,0,0,0.0,0,F1,850,,,,,
2026-02-18,2026-02-18,FO,NSE,STO,135123,,LAURUSLABS,,2026-04-28,2026-04-28,760.0,CE,LAURUSLABS26APR760CE,0.0,0.0,0.0,256.4,0.0,256.4,1037.45,285.75,0,0,0,0.0,0,F1,850,,,,,
2026-02-18,2026-02-18,FO,NSE,STO,135241,,LAURUSLABS,,2026-04-28,2026-04-28,1160.0,CE,LAURUSLABS26APR1160CE,0.0,0.0,0.0,29.15,0.0,29.15,1037.45,21.0,0,0,0,0.0,0,F1,850,,,,,
2026-02-18,2026-02-18,FO,NSE,STO,112297,,LAURUSLABS,,2026-02-24,2026-02-24,900.0,PE,LAURUSLABS26FEB900PE,0.55,0.6,0.4,0.45,0.4,0.75,1037.45,0.45,340000,-11900,72,55110217.5,45,F1,850,,,,,
2026-02-18,2026-02-18,FO,NSE,STO,112360,,LAURUSLABS,,2026-02-24,2026-02-24,1020.0,PE,LAURUSLABS26FEB1020PE,19.9,20.6,6.9,7.45,6.9,18.7,1037.45,7.45,384200,28900,1105,969286322.5,870,F1,850,,,,,
2026-02-18,2026-02-18,FO,NSE,STO,135043,,LAURUSLABS,,2026-03-30,2026-03-30,830.0,PE,LAURUSLABS26MAR830PE,0.0,0.0,0.0,7.15,0.0,7.15,1037.45,0.55,0,0,0,0.0,0,F1,850,,,,,
2026-02-18,2026-02-18,FO,NSE,STO,128025,,LAURUSLABS,,2026-03-30,2026-03-30,920.0,PE,LAURUSLABS26MAR920PE,0.0,0.0,0.0,15.9,0.0,15.9,1037.45,6.05,0,0,0,0.0,0,F1,850,,,,,
2026-02-18,2026-02-18,FO,NSE,STO,135067,,LAURUSLABS,,2026-03-30,2026-03-30,950.0,PE,LAURUSLABS26MAR950PE,14.0,14.0,11.3,11.4,11.4,35.35,1037.45,11.4,16150,16150,29,23721970.0,26,F1,850,,,,,
2026-02-18,2026-02-18,FO,NSE,STO,128053,,LAURUSLABS,,2026-03-30,2026-03-30,1040.0,PE,LAURUSLABS26MAR1040PE,49.0,50.15,38.7,39.2,39.4,49.7,1037.45,39.2,61200,43350,79,72708405.0,62,F1,850,,,,,
2026-02-18,2026-02-18,FO,NSE,STO,135079,,LAURUSLABS,,2026-03-30,2026-03-30,1050.0,PE,LAURUSLABS26MAR1050PE,55.95,55.95,43.8,44.8,43.8,56.0,1037.45,44.8,25500,20400,51,47549765.0,32,F1,850,,,,,
2026-02-18,2026-02-18,FO,NSE,STO,135149,,LAURUSLABS,,2026-04-28,2026-04-28,900.0,PE,LAURUSLABS26APR900PE,0.0,0.0,0.0,28.5,0.0,28.5,1037.45,9.45,0,0,0,0.0,0,F1,850,,,,,
2026-02-18,2026-02-18,FO,NSE,STO,135153,,LAURUSLABS,,2026-04-28,2026-04-28,940.0,PE,LAURUSLABS26APR940PE,0.0,0.0,0.0,41.65,0.0,41.65,1037.45,17.2,0,0,0,0.0,0,F1,850,,,,,
2026-02-18,2026-02-18,FO,NSE,STO,135042,,LAURUSLABS,,2026-03-30,2026-03-30,830.0,CE,LAURUSLABS26MAR830CE,0.0,0.0,0.0,186.05,0.0,186.05,1037.45,213.0,0,0,0,0.0,0,F1,850,,,,,
2026-02-18,2026-02-18,FO,NSE,STO,128018,,LAURUSLABS,,2026-03-30,2026-03-30,860.0,CE,LAURUSLABS26MAR860CE,0.0,0.0,0.0,156.0,156.0,156.0,1037.45,184.0,850,0,0,0.0,0,F1,850,,,,,
2026-02-18,2026-02-18,FO,NSE,STO,128021,,LAURUSLABS,,2026-03-30,2026-03-30,880.0,PE,LAURUSLABS26MAR880PE,0.0,0.0,0.0,9.75,0.0,9.75,1037.45,2.35,0,0,0,0.0,0,F1,850,,,,,
2026-02-18,2026-02-18,FO,NSE,STO,135063,,LAURUSLABS,,2026-03-30,2026-03-30,930.0,PE,LAURUSLABS26MAR930PE,10.5,10.9,8.45,8.55,8.45,12.3,1037.45,8.55,22100,5100,41,32745145.0,35,F1,850,,,,,
2026-02-18,2026-02-18,FO,NSE,STO,135087,,LAURUSLABS,,2026-03-30,2026-03-30,1130.0,PE,LAURUSLABS26MAR1130PE,0.0,0.0,0.0,125.0,125.0,125.0,1037.45,101.0,35700,0,0,0.0,0,F1,850,,,,,
2026-02-18,2026-02-18,FO,NSE,STO,128073,,LAURUSLABS,,2026-03-30,2026-03-30,1160.0,PE,LAURUSLABS26MAR1160PE,0.0,0.0,0.0,111.65,0.0,111.65,1037.45,125.5,0,0,0,0.0,0,F1,850,,,,,
2026-02-18,2026-02-18,FO,NSE,STO,135236,,LAURUSLABS,,2026-04-28,2026-04-28,1100.0,PE,LAURUSLABS26APR1100PE,0.0,0.0,0.0,127.25,0.0,127.25,1037.45,88.45,0,0,0,0.0,0,F1,850,,,,,
2026-02-18,2026-02-18,FO,NSE,STO,135240,,LAURUSLABS,,2026-04-28,2026-04-28,1140.0,PE,LAURUSLABS26APR1140PE,0.0,0.0,0.0,155.95,0.0,155.95,1037.45,116.35,0,0,0,0.0,0,F1,850,,,,,
2026-02-18,2026-02-18,FO,NSE,STO,135050,,LAURUSLABS,,2026-03-30,2026-03-30,910.0,CE,LAURUSLABS26MAR910CE,0.0,0.0,0.0,82.45,82.45,82.45,1037.45,137.75,850,0,0,0.0,0,F1,850,,,,,
2026-02-18,2026-02-18,FO,NSE,STO,128012,,LAURUSLABS,,2026-03-30,2026-03-30,800.0,CE,LAURUSLABS26MAR800CE,0.0,0.0,0.0,225.0,225.0,225.0,1037.45,242.45,850,0,0,0.0,0,F1,850,,,,,
2026-02-18,2026-02-18,FO,NSE,STO,112378,,LAURUSLABS,,2026-02-24,2026-02-24,1140.0,CE,LAURUSLABS26FEB1140CE,0.85,1.0,0.65,0.9,0.95,0.9,1037.45,0.9,201450,2550,141,136734187.5,100,F1,850,,,,,
2026-02-18,2026-02-18,FO,NSE,STO,112290,,LAURUSLABS,,2026-02-24,2026-02-24,840.0,CE,LAURUSLABS26FEB840CE,0.0,0.0,0.0,165.0,165.0,165.0,1037.45,198.2,4250,0,0,0.0,0,F1,850,,,,,
2026-02-18,2026-02-18,FO,NSE,STO,135078,,LAURUSLABS,,2026-03-30,2026-03-30,1050.0,CE,LAURUSLABS26MAR1050CE,31.5,41.2,29.75,40.45,41.2,29.0,1037.45,40.45,62900,44200,237,218912230.0,187,F1,850,,,,,
2026-02-18,2026-02-18,FO,NSE,STO,128058,,LAURUSLABS,,2026-03-30,2026-03-30,1080.0,CE,LAURUSLABS26MAR1080CE,22.2,28.95,20.4,28.4,28.45,95.5,1037.45,28.4,14450,14450,43,40399182.5,40,F1,850,,,,,
2026-02-18,2026-02-18,FO,NSE,STO,135152,,LAURUSLABS,,2026-04-28,2026-04-28,940.0,CE,LAURUSLABS26APR940CE,0.0,0.0,0.0,116.25,0.0,116.25,1037.45,124.35,0,0,0,0.0,0,F1,850,,,,,
2026-02-18,2026-02-18,FO,NSE,STO,135235,,LAURUSLABS,,2026-04-28,2026-04-28,1100.0,CE,LAURUSLABS26APR1100CE,0.0,0.0,0.0,44.3,0.0,44.3,1037.45,37.25,0,0,0,0.0,0,F1,850,,,,,
2026-02-18,2026-02-18,FO,NSE,STO,112364,,LAURUSLABS,,2026-02-24,2026-02-24,1060.0,PE,LAURUSLABS26FEB1060PE,34.0,34.35,28.8,29.4,28.8,48.4,1037.45,29.4,54400,-5100,19,17622795.0,15,F1,850,,,,,
2026-02-18,2026-02-18,FO,NSE,STO,112420,,LAURUSLABS,,2026-02-24,2026-02-24,1180.0,PE,LAURUSLABS26FEB1180PE,0.0,0.0,0.0,166.0,166.0,166.0,1037.45,141.5,10200,0,0,0.0,0,F1,850,,,,,
2026-02-18,2026-02-18,FO,NSE,STO,135225,,LAURUSLABS,,2026-04-28,2026-04-28,1060.0,PE,LAURUSLABS26APR1060PE,0.0,0.0,0.0,101.2,0.0,101.2,1037.45,64.25,0,0,0,0.0,0,F1,850,,,,,
2026-02-18,2026-02-18,FO,NSE,STO,127876,,LAURUSLABS,,2026-02-24,2026-02-24,1070.0,CE,LAURUSLABS26FEB1070CE,2.8,5.6,2.5,5.25,5.5,3.05,1037.45,5.25,455600,87550,735,671316357.5,621,F1,850,,,,,
2026-02-18,2026-02-18,FO,NSE,STO,127840,,LAURUSLABS,,2026-02-24,2026-02-24,850.0,CE,LAURUSLABS26FEB850CE,170.0,170.0,170.0,170.0,170.0,121.85,1037.45,188.2,4250,0,1,867000.0,1,F1,850,,,,,
2026-02-18,2026-02-18,FO,NSE,STO,127885,,LAURUSLABS,,2026-02-24,2026-02-24,1150.0,CE,LAURUSLABS26FEB1150CE,0.65,0.9,0.65,0.85,0.8,0.8,1037.45,0.85,557600,850,297,290514360.0,171,F1,850,,,,,
2026-02-18,2026-02-18,FO,NSE,STO,127889,,LAURUSLABS,,2026-02-24,2026-02-24,1190.0,CE,LAURUSLABS26FEB1190CE,0.85,0.85,0.3,0.55,0.55,1.15,1037.45,0.05,1700,0,3,3035945.0,3,F1,850,,,,,
2026-02-18,2026-02-18,FO,NSE,STO,112428,,LAURUSLABS,,2026-02-24,2026-02-24,1240.0,CE,LAURUSLABS26FEB1240CE,0.35,0.35,0.2,0.2,0.2,0.35,1037.45,0.05,32300,-11050,13,13705740.0,7,F1,850,,,,,
2026-02-18,2026-02-18,FO,NSE,STO,135080,,LAURUSLABS,,2026-03-30,2026-03-30,1070.0,CE,LAURUSLABS26MAR1070CE,0.0,0.0,0.0,39.3,0.0,39.3,1037.45,32.85,0,0,0,0.0,0,F1,850,,,,,
2026-02-18,2026-02-18,FO,NSE,STO,135084,,LAURUSLABS,,2026-03-30,2026-03-30,1110.0,CE,LAURUSLABS26MAR1110CE,0.0,0.0,0.0,27.95,0.0,27.95,1037.45,19.95,0,0,0,0.0,0,F1,850,,,,,
2026-02-18,2026-02-18,FO,NSE,STO,135154,,LAURUSLABS,,2026-04-28,2026-04-28,960.0,CE,LAURUSLABS26APR960CE,0.0,0.0,0.0,104.4,0.0,104.4,1037.45,109.8,0,0,0,0.0,0,F1,850,,,,,
2026-02-18,2026-02-18,FO,NSE,STO,112285,,LAURUSLABS,,2026-02-24,2026-02-24,780.0,PE,LAURUSLABS26FEB780PE,0.0,0.0,0.0,9.05,0.0,9.05,1037.45,0.05,0,0,0,0.0,0,F1,850,,,,,
2026-02-18,2026-02-18,FO,NSE,STO,128033,,LAURUSLABS,,2026-03-30,2026-03-30,1000.0,PE,LAURUSLABS26MAR1000PE,29.9,29.9,22.8,23.25,23.15,31.4,1037.45,23.25,196350,28900,120,104620082.5,96,F1,850,,,,,
2026-02-18,2026-02-18,FO,NSE,STO,135124,,LAURUSLABS,,2026-04-28,2026-04-28,760.0,PE,LAURUSLABS26APR760PE,0.0,0.0,0.0,4.6,0.0,4.6,1037.45,0.45,0,0,0,0.0,0,F1,850,,,,,
2026-02-18,2026-02-18,FO,NSE,STO,135128,,LAURUSLABS,,2026-04-28,2026-04-28,800.0,PE,LAURUSLABS26APR800PE,0.0,0.0,0.0,8.45,0.0,8.45,1037.45,1.3,0,0,0,0.0,0,F1,850,,,,,
2026-02-18,2026-02-18,FO,NSE,STO,135062,,LAURUSLABS,,2026-03-30,2026-03-30,930.0,CE,LAURUSLABS26MAR930CE,0.0,0.0,0.0,106.5,106.5,106.5,1037.45,120.45,850,0,0,0.0,0,F1,850,,,,,
2026-02-18,2026-02-18,FO,NSE,STO,127893,,LAURUSLABS,,2026-02-24,2026-02-24,1230.0,CE,LAURUSLABS26FEB1230CE,0.0,0.0,0.0,4.5,4.5,4.5,1037.45,0.05,850,0,0,0.0,0,F1,850,,,,,
2026-02-18,2026-02-18,FO,NSE,STO,127857,,LAURUSLABS,,2026-02-24,2026-02-24,970.0,CE,LAURUSLABS26FEB970CE,59.95,68.9,59.95,68.9,68.9,49.1,1037.45,68.9,164050,-9350,20,17562657.5,16,F1,850,,,,,
2026-02-18,2026-02-18,FO,NSE,STO,127850,,LAURUSLABS,,2026-02-24,2026-02-24,930.0,CE,LAURUSLABS26FEB930CE,0.0,0.0,0.0,87.0,87.0,87.0,1037.45,108.35,46750,0,0,0.0,0,F1,850,,,,,
2026-02-18,2026-02-18,FO,NSE,STO,128013,,LAURUSLABS,,2026-03-30,2026-03-30,800.0,PE,LAURUSLABS26MAR800PE,0.0,0.0,0.0,2.95,0.0,2.95,1037.45,0.2,0,0,0,0.0,0,F1,850,,,,,
2026-02-18,2026-02-18,FO,NSE,STO,128031,,LAURUSLABS,,2026-03-30,2026-03-30,980.0,PE,LAURUSLABS26MAR980PE,19.7,22.5,17.65,17.7,17.7,23.0,1037.45,17.7,23800,5950,40,33996175.0,32,F1,850,,,,,
2026-02-18,2026-02-18,FO,NSE,STO,135242,,LAURUSLABS,,2026-04-28,2026-04-28,1160.0,PE,LAURUSLABS26APR1160PE,0.0,0.0,0.0,171.2,0.0,171.2,1037.45,131.55,0,0,0,0.0,0,F1,850,,,,,
2026-02-18,2026-02-18,FO,NSE,STO,112379,,LAURUSLABS,,2026-02-24,2026-02-24,1140.0,PE,LAURUSLABS26FEB1140PE,118.0,118.0,102.0,102.0,102.0,123.5,1037.45,102.0,18700,-850,3,3191410.0,3,F1,850,,,,,
2026-02-18,2026-02-18,FO,NSE,STO,112377,,LAURUSLABS,,2026-02-24,2026-02-24,1120.0,PE,LAURUSLABS26FEB1120PE,81.3,81.3,81.3,81.3,81.3,101.0,1037.45,81.3,6800,-850,1,1021105.0,1,F1,850,,,,,
2026-02-18,2026-02-18,FO,NSE,STO,127862,,LAURUSLABS,,2026-02-24,2026-02-24,1010.0,PE,LAURUSLABS26FEB1010PE,13.85,13.85,4.5,4.95,4.7,13.85,1037.45,4.95,174250,-23800,659,570138095.0,563,F1,850,,,,,
2026-02-18,2026-02-18,FO,NSE,STO,127843,,LAURUSLABS,,2026-02-24,2026-02-24,870.0,PE,LAURUSLABS26FEB870PE,0.4,0.4,0.4,0.4,0.4,0.5,1037.45,0.05,21250,-1700,2,1479680.0,1,F1,850,,,,,
2026-02-18,2026-02-18,FO,NSE,STO,135148,,LAURUSLABS,,2026-04-28,2026-04-28,900.0,CE,LAURUSLABS26APR900CE,0.0,0.0,0.0,142.45,0.0,142.45,1037.45,156.2,0,0,0,0.0,0,F1,850,,,,,
2026-02-18,2026-02-18,FO,NSE,STO,135064,,LAURUSLABS,,2026-03-30,2026-03-30,950.0,CE,LAURUSLABS26MAR950CE,90.0,108.0,90.0,107.05,104.55,88.65,1037.45,107.05,15300,11900,19,16895195.0,19,F1,850,,,,,
2026-02-18,2026-02-18,FO,NSE,STO,127856,,LAURUSLABS,,2026-02-24,2026-02-24,950.0,PE,LAURUSLABS26FEB950PE,1.8,1.8,0.75,0.85,0.8,1.95,1037.45,0.85,213350,-124100,427,345218107.5,265,F1,850,,,,,
2026-02-18,2026-02-18,FO,NSE,STO,128070,,LAURUSLABS,,2026-03-30,2026-03-30,1140.0,PE,LAURUSLABS26MAR1140PE,0.0,0.0,0.0,131.0,131.0,131.0,1037.45,108.95,850,0,0,0.0,0,F1,850,,,,,
2026-02-18,2026-02-18,FO,NSE,STO,112427,,LAURUSLABS,,2026-02-24,2026-02-24,1220.0,PE,LAURUSLABS26FEB1220PE,199.0,199.0,199.0,199.0,199.0,202.0,1037.45,181.45,1700,0,1,1206150.0,1,F1,850,,,,,
2026-02-18,2026-02-18,FO,NSE,STO,128059,,LAURUSLABS,,2026-03-30,2026-03-30,1080.0,PE,LAURUSLABS26MAR1080PE,0.0,0.0,0.0,78.0,78.0,78.0,1037.45,65.2,3400,0,0,0.0,0,F1,850,,,,,
2026-02-18,2026-02-18,FO,NSE,STO,112429,,LAURUSLABS,,2026-02-24,2026-02-24,1240.0,PE,LAURUSLABS26FEB1240PE,0.0,0.0,0.0,234.0,234.0,234.0,1037.45,201.45,850,0,0,0.0,0,F1,850,,,,,
2026-02-18,2026-02-18,FO,NSE,STO,112433,,LAURUSLABS,,2026-02-24,2026-02-24,1280.0,PE,LAURUSLABS26FEB1280PE,257.0,257.0,257.0,257.0,257.0,170.0,1037.45,241.4,850,-850,1,1306450.0,1,F1,850,,,,,
2026-02-18,2026-02-18,FO,NSE,STO,135045,,LAURUSLABS,,2026-03-30,2026-03-30,850.0,PE,LAURUSLABS26MAR850PE,0.0,0.0,0.0,9.85,0.0,9.85,1037.45,1.05,0,0,0,0.0,0,F1,850,,,,,
2026-02-18,2026-02-18,FO,NSE,STO,112286,,LAURUSLABS,,2026-02-24,2026-02-24,800.0,CE,LAURUSLABS26FEB800CE,218.0,218.0,218.0,218.0,218.0,218.0,1037.45,238.15,0,-850,1,865300.0,1,F1,850,,,,,
2026-02-18,2026-02-18,FO,NSE,STO,127842,,LAURUSLABS,,2026-02-24,2026-02-24,870.0,CE,LAURUSLABS26FEB870CE,0.0,0.0,0.0,153.55,153.55,153.55,1037.45,168.25,850,0,0,0.0,0,F1,850,,,,,
2026-02-18,2026-02-18,FO,NSE,STO,135216,,LAURUSLABS,,2026-04-28,2026-04-28,1060.0,CE,LAURUSLABS26APR1060CE,0.0,0.0,0.0,57.6,0.0,57.6,1037.45,52.65,0,0,0,0.0,0,F1,850,,,,,
2026-02-18,2026-02-18,FO,NSE,STO,127824,,LAURUSLABS,,2026-02-24,2026-02-24,830.0,PE,LAURUSLABS26FEB830PE,0.0,0.0,0.0,0.3,0.3,0.3,1037.45,0.05,3400,0,0,0.0,0,F1,850,,,,,
2026-02-18,2026-02-18,FO,NSE,STO,112293,,LAURUSLABS,,2026-02-24,2026-02-24,860.0,PE,LAURUSLABS26FEB860PE,0.0,0.0,0.0,0.45,0.45,0.45,1037.45,0.05,5950,0,0,0.0,0,F1,850,,,,,
2026-02-18,2026-02-18,FO,NSE,STO,112295,,LAURUSLABS,,2026-02-24,2026-02-24,880.0,PE,LAURUSLABS26FEB880PE,0.35,0.4,0.3,0.35,0.35,0.55,1037.45,0.35,78200,-18700,39,29183815.0,36,F1,850,,,,,
2026-02-18,2026-02-18,FO,NSE,STO,112294,,LAURUSLABS,,2026-02-24,2026-02-24,880.0,CE,LAURUSLABS26FEB880CE,142.0,142.0,142.0,142.0,142.0,134.0,1037.45,158.25,1700,0,2,1737400.0,1,F1,850,,,,,
2026-02-18,2026-02-18,FO,NSE,STO,127859,,LAURUSLABS,,2026-02-24,2026-02-24,990.0,CE,LAURUSLABS26FEB990CE,34.0,51.1,33.5,50.15,51.1,33.2,1037.45,50.15,155550,-38250,104,91498505.0,77,F1,850,,,,,
2026-02-18,2026-02-18,FO,NSE,STO,127874,,LAURUSLABS,,2026-02-24,2026-02-24,1050.0,CE,LAURUSLABS26FEB1050CE,5.7,10.9,4.7,10.35,10.75,5.7,1037.45,10.35,726750,99450,3680,3311029692.5,2950,F1,850,,,,,
2026-02-18,2026-02-18,FO,NSE,STO,112363,,LAURUSLABS,,2026-02-24,2026-02-24,1060.0,CE,LAURUSLABS26FEB1060CE,3.9,7.9,3.2,7.55,7.45,4.15,1037.45,7.55,430100,1700,1836,1664465537.5,1137,F1,850,,,,,
2026-02-18,2026-02-18,FO,NSE,STO,127879,,LAURUSLABS,,2026-02-24,2026-02-24,1090.0,CE,LAURUSLABS26FEB1090CE,1.6,3.15,1.5,3.0,2.8,1.95,1037.45,3.0,266050,6800,391,363104785.0,301,F1,850,,,,,
2026-02-18,2026-02-18,FO,NSE,STO,135238,,LAURUSLABS,,2026-04-28,2026-04-28,1120.0,PE,LAURUSLABS26APR1120PE,0.0,0.0,0.0,141.25,0.0,141.25,1037.45,101.95,0,0,0,0.0,0,F1,850,,,,,
2026-02-18,2026-02-18,FO,NSE,STO,112376,,LAURUSLABS,,2026-02-24,2026-02-24,1120.0,CE,LAURUSLABS26FEB1120CE,1.0,1.5,0.85,1.35,1.35,1.15,1037.45,1.35,374000,120700,448,426965200.0,313,F1,850,,,,,
2026-02-18,2026-02-18,FO,NSE,STO,112307,,LAURUSLABS,,2026-02-24,2026-02-24,940.0,PE,LAURUSLABS26FEB940PE,1.2,1.25,0.65,0.7,0.65,1.5,1037.45,0.7,153850,-12750,91,72786307.5,61,F1,850,,,,,
2026-02-18,2026-02-18,FO,NSE,STO,127877,,LAURUSLABS,,2026-02-24,2026-02-24,1070.0,PE,LAURUSLABS26FEB1070PE,45.0,46.7,36.05,37.2,36.05,58.95,1037.45,37.2,11900,-3400,23,21710360.0,20,F1,850,,,,,
2026-02-18,2026-02-18,FO,NSE,STO,127886,,LAURUSLABS,,2026-02-24,2026-02-24,1150.0,PE,LAURUSLABS26FEB1150PE,120.8,120.8,116.25,116.25,116.25,139.25,1037.45,111.6,35700,-850,4,4316852.5,2,F1,850,,,,,
2026-02-18,2026-02-18,FO,NSE,STO,128017,,LAURUSLABS,,2026-03-30,2026-03-30,840.0,PE,LAURUSLABS26MAR840PE,0.0,0.0,0.0,5.6,0.0,5.6,1037.45,0.75,0,0,0,0.0,0,F1,850,,,,,
2026-02-18,2026-02-18,FO,NSE,STO,135047,,LAURUSLABS,,2026-03-30,2026-03-30,870.0,PE,LAURUSLABS26MAR870PE,0.0,0.0,0.0,13.25,0.0,13.25,1037.45,1.8,0,0,0,0.0,0,F1,850,,,,,
2026-02-18,2026-02-18,FO,NSE,STO,128023,,LAURUSLABS,,2026-03-30,2026-03-30,900.0,PE,LAURUSLABS26MAR900PE,6.95,7.2,5.55,5.6,5.6,7.35,1037.45,5.6,123250,4250,58,44686370.0,51,F1,850,,,,,
2026-02-18,2026-02-18,FO,NSE,STO,135055,,LAURUSLABS,,2026-03-30,2026-03-30,910.0,PE,LAURUSLABS26MAR910PE,0.0,0.0,0.0,9.0,9.0,9.0,1037.45,4.85,8500,0,0,0.0,0,F1,850,,,,,
2026-02-18,2026-02-18,FO,NSE,STO,128051,,LAURUSLABS,,2026-03-30,2026-03-30,1020.0,PE,LAURUSLABS26MAR1020PE,38.7,39.05,30.0,30.7,30.4,65.75,1037.45,30.7,48450,45900,76,68123207.5,53,F1,850,,,,,
2026-02-18,2026-02-18,FO,NSE,STO,135083,,LAURUSLABS,,2026-03-30,2026-03-30,1090.0,PE,LAURUSLABS26MAR1090PE,0.0,0.0,0.0,111.6,0.0,111.6,1037.45,71.8,0,0,0,0.0,0,F1,850,,,,,
2026-02-18,2026-02-18,FO,NSE,STO,135090,,LAURUSLABS,,2026-03-30,2026-03-30,1150.0,PE,LAURUSLABS26MAR1150PE,0.0,0.0,0.0,157.15,0.0,157.15,1037.45,117.1,0,0,0,0.0,0,F1,850,,,,,
2026-02-18,2026-02-18,FO,NSE,STO,135155,,LAURUSLABS,,2026-04-28,2026-04-28,960.0,PE,LAURUSLABS26APR960PE,0.0,0.0,0.0,49.5,0.0,49.5,1037.45,22.4,0,0,0,0.0,0,F1,850,,,,,
2026-02-18,2026-02-18,FO,NSE,STO,128014,,LAURUSLABS,,2026-03-30,2026-03-30,820.0,CE,LAURUSLABS26MAR820CE,0.0,0.0,0.0,288.15,0.0,288.15,1037.45,222.8,0,0,0,0.0,0,F1,850,,,,,
2026-02-18,2026-02-18,FO,NSE,STO,135215,,LAURUSLABS,,2026-04-28,2026-04-28,1040.0,PE,LAURUSLABS26APR1040PE,0.0,0.0,0.0,89.25,0.0,89.25,1037.45,53.7,0,0,0,0.0,0,F1,850,,,,,
2026-02-18,2026-02-18,FO,NSE,STO,127887,,LAURUSLABS,,2026-02-24,2026-02-24,1170.0,CE,LAURUSLABS26FEB1170CE,0.55,0.65,0.5,0.55,0.55,0.65,1037.45,0.55,52700,6800,27,26864335.0,26,F1,850,,,,,
2026-02-18,2026-02-18,FO,NSE,STO,128028,,LAURUSLABS,,2026-03-30,2026-03-30,960.0,CE,LAURUSLABS26MAR960CE,0.0,0.0,0.0,53.5,53.5,53.5,1037.45,96.35,4250,0,0,0.0,0,F1,850,,,,,
2026-02-18,2026-02-18,FO,NSE,STO,138659,,MANAPPURAM,,2026-03-30,2026-03-30,232.5,PE,MANAPPURAM26MAR232.5PE,0.0,0.0,0.0,1.55,0.0,1.55,310.15,0.05,0,0,0,0.0,0,F1,3000,,,,,
2026-02-18,2026-02-18,FO,NSE,STO,116405,,MANAPPURAM,,2026-02-24,2026-02-24,315.0,CE,MANAPPURAM26FEB315CE,3.5,4.1,2.6,3.05,2.8,3.5,310.15,3.05,939000,195000,1019,972968100.0,866,F1,3000,,,,,
2026-02-18,2026-02-18,FO,NSE,STO,116407,,MANAPPURAM,,2026-02-24,2026-02-24,320.0,CE,MANAPPURAM26FEB320CE,2.35,2.55,1.5,1.75,1.5,2.35,310.15,1.75,1143000,-399000,875,845318100.0,717,F1,3000,,,,,
2026-02-18,2026-02-18,FO,NSE,STO,116414,,MANAPPURAM,,2026-02-24,2026-02-24,330.0,CE,MANAPPURAM26FEB330CE,0.9,0.95,0.5,0.55,0.55,0.95,310.15,0.55,753000,-87000,153,151787550.0,127,F1,3000,,,,,
2026-02-18,2026-02-18,FO,NSE,STO,134329,,MANAPPURAM,,2026-03-30,2026-03-30,300.0,PE,MANAPPURAM26MAR300PE,9.5,9.5,7.95,8.3,8.1,9.6,310.15,8.3,600000,63000,91,84222150.0,88,F1,3000,,,,,
2026-02-18,2026-02-18,FO,NSE,STO,138661,,MANAPPURAM,,2026-03-30,2026-03-30,237.5,PE,MANAPPURAM26MAR237.5PE,0.0,0.0,0.0,2.05,0.0,2.05,310.15,0.1,0,0,0,0.0,0,F1,3000,,,,,
2026-02-18,2026-02-18,FO,NSE,STO,116442,,MANAPPURAM,,2026-02-24,2026-02-24,360.0,CE,MANAPPURAM26FEB360CE,0.1,0.1,0.05,0.1,0.1,0.15,310.15,0.05,297000,-33000,21,22685550.0,15,F1,3000,,,,,
2026-02-18,2026-02-18,FO,NSE,STO,134340,,MANAPPURAM,,2026-03-30,2026-03-30,330.0,CE,MANAPPURAM26MAR330CE,7.1,7.1,6.05,6.2,6.05,6.8,310.15,6.2,15000,6000,4,4039650.0,4,F1,3000,,,,,
2026-02-18,2026-02-18,FO,NSE,STO,133979,,MANAPPURAM,,2026-02-24,2026-02-24,272.5,PE,MANAPPURAM26FEB272.5PE,0.5,0.5,0.3,0.4,0.3,0.55,310.15,0.4,282000,66000,32,26197800.0,31,F1,3000,,,,,
2026-02-18,2026-02-18,FO,NSE,STO,116314,,MANAPPURAM,,2026-02-24,2026-02-24,275.0,PE,MANAPPURAM26FEB275PE,0.55,0.55,0.35,0.35,0.35,0.65,310.15,0.05,600000,33000,42,34704150.0,33,F1,3000,,,,,
2026-02-18,2026-02-18,FO,NSE,STO,116316,,MANAPPURAM,,2026-02-24,2026-02-24,280.0,PE,MANAPPURAM26FEB280PE,0.7,0.75,0.35,0.4,0.4,0.8,310.15,0.4,1113000,-102000,153,128747850.0,129,F1,3000,,,,,
2026-02-18,2026-02-18,FO,NSE,STO,134003,,MANAPPURAM,,2026-02-24,2026-02-24,322.5,PE,MANAPPURAM26FEB322.5PE,0.0,0.0,0.0,17.5,18.2,17.5,310.15,13.7,27000,0,0,0.0,0,F1,3000,,,,,
2026-02-18,2026-02-18,FO,NSE,STO,116431,,MANAPPURAM,,2026-02-24,2026-02-24,335.0,PE,MANAPPURAM26FEB335PE,0.0,0.0,0.0,58.3,0.0,58.3,310.15,24.85,0,0,0,0.0,0,F1,3000,,,,,
2026-02-18,2026-02-18,FO,NSE,STO,134307,,MANAPPURAM,,2026-03-30,2026-03-30,260.0,PE,MANAPPURAM26MAR260PE,1.3,1.3,1.3,1.3,1.3,2.5,310.15,0.9,12000,9000,3,2351700.0,1,F1,3000,,,,,
2026-02-18,2026-02-18,FO,NSE,STO,138675,,MANAPPURAM,,2026-03-30,2026-03-30,257.5,PE,MANAPPURAM26MAR257.5PE,0.0,0.0,0.0,5.3,0.0,5.3,310.15,0.75,0,0,0,0.0,0,F1,3000,,,,,
2026-02-18,2026-02-18,FO,NSE,STO,138665,,MANAPPURAM,,2026-03-30,2026-03-30,247.5,PE,MANAPPURAM26MAR247.5PE,0.0,0.0,0.0,3.4,0.0,3.4,310.15,0.3,0,0,0,0.0,0,F1,3000,,,,,
2026-02-18,2026-02-18,FO,NSE,STO,138683,,MANAPPURAM,,2026-03-30,2026-03-30,277.5,PE,MANAPPURAM26MAR277.5PE,0.0,0.0,0.0,4.5,4.5,4.5,310.15,2.9,15000,0,0,0.0,0,F1,3000,,,,,
2026-02-18,2026-02-18,FO,NSE,STO,134007,,MANAPPURAM,,2026-02-24,2026-02-24,332.5,PE,MANAPPURAM26FEB332.5PE,0.0,0.0,0.0,31.8,0.0,31.8,310.15,22.5,0,0,0,0.0,0,F1,3000,,,,,
2026-02-18,2026-02-18,FO,NSE,STO,134005,,MANAPPURAM,,2026-02-24,2026-02-24,327.5,PE,MANAPPURAM26FEB327.5PE,0.0,0.0,0.0,22.6,22.6,22.6,310.15,17.9,15000,0,0,0.0,0,F1,3000,,,,,
2026-02-18,2026-02-18,FO,NSE,STO,134001,,MANAPPURAM,,2026-02-24,2026-02-24,317.5,PE,MANAPPURAM26FEB317.5PE,0.0,0.0,0.0,18.4,19.25,18.4,310.15,9.95,30000,0,0,0.0,0,F1,3000,,,,,
2026-02-18,2026-02-18,FO,NSE,STO,133991,,MANAPPURAM,,2026-02-24,2026-02-24,292.5,PE,MANAPPURAM26FEB292.5PE,1.5,1.55,0.85,0.9,0.9,2.1,310.15,0.9,624000,-51000,138,121594500.0,104,F1,3000,,,,,
2026-02-18,2026-02-18,FO,NSE,STO,116179,,MANAPPURAM,,2026-02-24,2026-02-24,250.0,PE,MANAPPURAM26FEB250PE,0.1,0.15,0.1,0.1,0.1,0.2,310.15,0.1,798000,-36000,71,53272500.0,41,F1,3000,,,,,
2026-02-18,2026-02-18,FO,NSE,STO,138943,,MANAPPURAM,,2026-04-28,2026-04-28,305.0,CE,MANAPPURAM26APR305CE,0.0,0.0,0.0,22.45,0.0,22.45,310.15,23.35,0,0,0,0.0,0,F1,3000,,,,,
2026-02-18,2026-02-18,FO,NSE,STO,138932,,MANAPPURAM,,2026-04-28,2026-04-28,295.0,CE,MANAPPURAM26APR295CE,0.0,0.0,0.0,26.95,0.0,26.95,310.15,29.1,0,0,0,0.0,0,F1,3000,,,,,
2026-02-18,2026-02-18,FO,NSE,STO,138658,,MANAPPURAM,,2026-03-30,2026-03-30,232.5,CE,MANAPPURAM26MAR232.5CE,0.0,0.0,0.0,66.6,0.0,66.6,310.15,79.1,0,0,0,0.0,0,F1,3000,,,,,
2026-02-18,2026-02-18,FO,NSE,STO,116432,,MANAPPURAM,,2026-02-24,2026-02-24,340.0,CE,MANAPPURAM26FEB340CE,0.35,0.4,0.2,0.25,0.25,0.5,310.15,0.25,393000,-84000,161,164380950.0,104,F1,3000,,,,,
2026-02-18,2026-02-18,FO,NSE,STO,116399,,MANAPPURAM,,2026-02-24,2026-02-24,305.0,CE,MANAPPURAM26FEB305CE,7.55,9.2,6.4,7.7,7.05,7.6,310.15,7.7,657000,-294000,624,585160800.0,560,F1,3000,,,,,
2026-02-18,2026-02-18,FO,NSE,STO,116397,,MANAPPURAM,,2026-02-24,2026-02-24,300.0,CE,MANAPPURAM26FEB300CE,10.45,12.95,9.65,11.4,10.6,10.55,310.15,11.4,3129000,-375000,892,832717950.0,625,F1,3000,,,,,
2026-02-18,2026-02-18,FO,NSE,STO,133980,,MANAPPURAM,,2026-02-24,2026-02-24,277.5,CE,MANAPPURAM26FEB277.5CE,0.0,0.0,0.0,28.5,28.5,28.5,310.15,32.95,111000,0,0,0.0,0,F1,3000,,,,,
2026-02-18,2026-02-18,FO,NSE,STF,51972,,MANAPPURAM,,2026-03-30,2026-03-30,,,MANAPPURAM26MARFUT,309.15,313.25,308.4,311.9,311.25,308.8,310.15,311.9,6522000,3471000,2048,1909161900.0,1255,F1,3000,,,,,
2026-02-18,2026-02-18,FO,NSE,STO,138976,,MANAPPURAM,,2026-04-28,2026-04-28,350.0,PE,MANAPPURAM26APR350PE,0.0,0.0,0.0,58.55,0.0,58.55,310.15,43.35,0,0,0,0.0,0,F1,3000,,,,,
2026-02-18,2026-02-18,FO,NSE,STO,138933,,MANAPPURAM,,2026-04-28,2026-04-28,295.0,PE,MANAPPURAM26APR295PE,0.0,0.0,0.0,22.3,0.0,22.3,310.15,10.9,0,0,0,0.0,0,F1,3000,,,,,
2026-02-18,2026-02-18,FO,NSE,STO,138846,,MANAPPURAM,,2026-04-28,2026-04-28,250.0,PE,MANAPPURAM26APR250PE,0.0,0.0,0.0,6.1,0.0,6.1,310.15,1.4,0,0,0,0.0,0,F1,3000,,,,,
2026-02-18,2026-02-18,FO,NSE,STO,134331,,MANAPPURAM,,2026-03-30,2026-03-30,305.0,PE,MANAPPURAM26MAR305PE,10.85,10.9,10.85,10.85,10.85,11.85,310.15,11.25,60000,3000,3,2842800.0,3,F1,3000,,,,,
2026-02-18,2026-02-18,FO,NSE,STO,134319,,MANAPPURAM,,2026-03-30,2026-03-30,275.0,PE,MANAPPURAM26MAR275PE,0.0,0.0,0.0,9.0,0.0,9.0,310.15,2.5,0,0,0,0.0,0,F1,3000,,,,,
2026-02-18,2026-02-18,FO,NSE,STO,138681,,MANAPPURAM,,2026-03-30,2026-03-30,272.5,PE,MANAPPURAM26MAR272.5PE,0.0,0.0,0.0,9.4,0.0,9.4,310.15,2.15,0,0,0,0.0,0,F1,3000,,,,,
2026-02-18,2026-02-18,FO,NSE,STO,134298,,MANAPPURAM,,2026-03-30,2026-03-30,250.0,PE,MANAPPURAM26MAR250PE,0.0,0.0,0.0,3.65,0.0,3.65,310.15,0.4,0,0,0,0.0,0,F1,3000,,,,,
2026-02-18,2026-02-18,FO,NSE,STO,116439,,MANAPPURAM,,2026-02-24,2026-02-24,350.0,PE,MANAPPURAM26FEB350PE,0.0,0.0,0.0,70.8,0.0,70.8,310.15,39.55,0,0,0,0.0,0,F1,3000,,,,,
2026-02-18,2026-02-18,FO,NSE,STO,134337,,MANAPPURAM,,2026-03-30,2026-03-30,320.0,PE,MANAPPURAM26MAR320PE,19.0,19.3,17.4,17.4,17.4,20.3,310.15,19.1,300000,0,7,7116450.0,7,F1,3000,,,,,
2026-02-18,2026-02-18,FO,NSE,STO,134364,,MANAPPURAM,,2026-03-30,2026-03-30,345.0,PE,MANAPPURAM26MAR345PE,0.0,0.0,0.0,44.1,0.0,44.1,310.15,37.0,0,0,0,0.0,0,F1,3000,,,,,
2026-02-18,2026-02-18,FO,NSE,STO,138954,,MANAPPURAM,,2026-04-28,2026-04-28,330.0,PE,MANAPPURAM26APR330PE,0.0,0.0,0.0,43.6,0.0,43.6,310.15,29.0,0,0,0,0.0,0,F1,3000,,,,,
2026-02-18,2026-02-18,FO,NSE,STO,138771,,MANAPPURAM,,2026-03-30,2026-03-30,322.5,CE,MANAPPURAM26MAR322.5CE,0.0,0.0,0.0,10.3,10.3,10.3,310.15,10.25,3000,0,0,0.0,0,F1,3000,,,,,
2026-02-18,2026-02-18,FO,NSE,STO,116436,,MANAPPURAM,,2026-02-24,2026-02-24,345.0,PE,MANAPPURAM26FEB345PE,0.0,0.0,0.0,48.6,48.6,48.6,310.15,34.6,0,0,0,0.0,0,F1,3000,,,,,
2026-02-18,2026-02-18,FO,NSE,STO,134334,,MANAPPURAM,,2026-03-30,2026-03-30,315.0,CE,MANAPPURAM26MAR315CE,10.0,13.1,10.0,12.0,11.95,11.85,310.15,12.0,15000,6000,6,5883150.0,6,F1,3000,,,,,
2026-02-18,2026-02-18,FO,NSE,STO,134330,,MANAPPURAM,,2026-03-30,2026-03-30,305.0,CE,MANAPPURAM26MAR305CE,16.0,18.0,15.45,16.8,16.8,16.4,310.15,16.8,84000,30000,39,37626300.0,19,F1,3000,,,,,
2026-02-18,2026-02-18,FO,NSE,STO,134328,,MANAPPURAM,,2026-03-30,2026-03-30,300.0,CE,MANAPPURAM26MAR300CE,18.85,21.2,18.35,20.4,20.5,18.85,310.15,20.4,285000,-33000,105,100761900.0,79,F1,3000,,,,,
2026-02-18,2026-02-18,FO,NSE,STO,134004,,MANAPPURAM,,2026-02-24,2026-02-24,327.5,CE,MANAPPURAM26FEB327.5CE,0.0,0.0,0.0,1.3,1.3,1.3,310.15,0.85,87000,0,0,0.0,0,F1,3000,,,,,
2026-02-18,2026-02-18,FO,NSE,STO,134339,,MANAPPURAM,,2026-03-30,2026-03-30,325.0,PE,MANAPPURAM26MAR325PE,0.0,0.0,0.0,31.1,0.0,31.1,310.15,22.25,0,0,0,0.0,0,F1,3000,,,,,
2026-02-18,2026-02-18,FO,NSE,STO,133996,,MANAPPURAM,,2026-02-24,2026-02-24,307.5,CE,MANAPPURAM26FEB307.5CE,5.85,7.35,5.3,6.25,5.45,6.3,310.15,6.25,198000,-84000,294,276563850.0,272,F1,3000,,,,,
2026-02-18,2026-02-18,FO,NSE,STO,133990,,MANAPPURAM,,2026-02-24,2026-02-24,292.5,CE,MANAPPURAM26FEB292.5CE,17.0,19.0,15.65,17.65,17.45,15.75,310.15,17.65,528000,-27000,18,16732200.0,17,F1,3000,,,,,
2026-02-18,2026-02-18,FO,NSE,STO,133988,,MANAPPURAM,,2026-02-24,2026-02-24,287.5,CE,MANAPPURAM26FEB287.5CE,0.0,0.0,0.0,20.0,19.85,20.0,310.15,23.15,177000,0,0,0.0,0,F1,3000,,,,,
2026-02-18,2026-02-18,FO,NSE,STO,116302,,MANAPPURAM,,2026-02-24,2026-02-24,275.0,CE,MANAPPURAM26FEB275CE,0.0,0.0,0.0,32.0,32.0,32.0,310.15,35.4,156000,0,0,0.0,0,F1,3000,,,,,
2026-02-18,2026-02-18,FO,NSE,STO,116160,,MANAPPURAM,,2026-02-24,2026-02-24,245.0,CE,MANAPPURAM26FEB245CE,0.0,0.0,0.0,45.35,0.0,45.35,310.15,65.35,0,0,0,0.0,0,F1,3000,,,,,
2026-02-18,2026-02-18,FO,NSE,STO,116157,,MANAPPURAM,,2026-02-24,2026-02-24,240.0,CE,MANAPPURAM26FEB240CE,0.0,0.0,0.0,61.9,61.9,61.9,310.15,70.35,15000,0,0,0.0,0,F1,3000,,,,,
2026-02-18,2026-02-18,FO,NSE,STO,133836,,MANAPPURAM,,2026-02-24,2026-02-24,232.5,CE,MANAPPURAM26FEB232.5CE,0.0,0.0,0.0,79.75,0.0,79.75,310.15,77.85,0,0,0,0.0,0,F1,3000,,,,,
2026-02-18,2026-02-18,FO,NSE,STF,59416,,MANAPPURAM,,2026-02-24,2026-02-24,,,MANAPPURAM26FEBFUT,306.45,311.4,305.95,309.8,308.55,306.65,310.15,309.8,42264000,-2463000,4036,3738866700.0,3024,F1,3000,,,,,
2026-02-18,2026-02-18,FO,NSE,STO,116392,,MANAPPURAM,,2026-02-24,2026-02-24,285.0,PE,MANAPPURAM26FEB285PE,0.95,1.1,0.45,0.5,0.45,1.1,310.15,0.5,534000,-42000,74,63421950.0,69,F1,3000,,,,,
2026-02-18,2026-02-18,FO,NSE,STO,138934,,MANAPPURAM,,2026-04-28,2026-04-28,300.0,CE,MANAPPURAM26APR300CE,0.0,0.0,0.0,24.6,0.0,24.6,310.15,26.15,0,0,0,0.0,0,F1,3000,,,,,
2026-02-18,2026-02-18,FO,NSE,STO,138843,,MANAPPURAM,,2026-04-28,2026-04-28,245.0,CE,MANAPPURAM26APR245CE,0.0,0.0,0.0,58.95,0.0,58.95,310.15,68.7,0,0,0,0.0,0,F1,3000,,,,,
2026-02-18,2026-02-18,FO,NSE,STO,138841,,MANAPPURAM,,2026-04-28,2026-04-28,240.0,CE,MANAPPURAM26APR240CE,0.0,0.0,0.0,62.95,0.0,62.95,310.15,73.35,0,0,0,0.0,0,F1,3000,,,,,
2026-02-18,2026-02-18,FO,NSE,STO,134368,,MANAPPURAM,,2026-03-30,2026-03-30,355.0,CE,MANAPPURAM26MAR355CE,0.0,0.0,0.0,11.2,0.0,11.2,310.15,2.7,0,0,0,0.0,0,F1,3000,,,,,
2026-02-18,2026-02-18,FO,NSE,STO,138677,,MANAPPURAM,,2026-03-30,2026-03-30,262.5,PE,MANAPPURAM26MAR262.5PE,0.0,0.0,0.0,6.5,0.0,6.5,310.15,1.05,0,0,0,0.0,0,F1,3000,,,,,
2026-02-18,2026-02-18,FO,NSE,STO,134287,,MANAPPURAM,,2026-03-30,2026-03-30,225.0,PE,MANAPPURAM26MAR225PE,0.0,0.0,0.0,1.1,0.0,1.1,310.15,0.05,0,0,0,0.0,0,F1,3000,,,,,
2026-02-18,2026-02-18,FO,NSE,STO,138692,,MANAPPURAM,,2026-03-30,2026-03-30,302.5,CE,MANAPPURAM26MAR302.5CE,0.0,0.0,0.0,18.55,0.0,18.55,310.15,19.6,0,0,0,0.0,0,F1,3000,,,,,
2026-02-18,2026-02-18,FO,NSE,STO,138690,,MANAPPURAM,,2026-03-30,2026-03-30,297.5,CE,MANAPPURAM26MAR297.5CE,0.0,0.0,0.0,20.75,0.0,20.75,310.15,22.65,0,0,0,0.0,0,F1,3000,,,,,
2026-02-18,2026-02-18,FO,NSE,STO,116428,,MANAPPURAM,,2026-02-24,2026-02-24,335.0,CE,MANAPPURAM26FEB335CE,0.65,0.65,0.3,0.3,0.3,0.65,310.15,0.3,189000,-18000,31,31199550.0,28,F1,3000,,,,,
2026-02-18,2026-02-18,FO,NSE,STO,133998,,MANAPPURAM,,2026-02-24,2026-02-24,312.5,CE,MANAPPURAM26FEB312.5CE,3.6,5.05,3.3,3.95,3.65,4.25,310.15,3.95,171000,-39000,351,333382050.0,331,F1,3000,,,,,
2026-02-18,2026-02-18,FO,NSE,STO,138852,,MANAPPURAM,,2026-04-28,2026-04-28,265.0,PE,MANAPPURAM26APR265PE,0.0,0.0,0.0,10.1,0.0,10.1,310.15,3.15,0,0,0,0.0,0,F1,3000,,,,,
2026-02-18,2026-02-18,FO,NSE,STO,138838,,MANAPPURAM,,2026-04-28,2026-04-28,230.0,PE,MANAPPURAM26APR230PE,0.0,0.0,0.0,2.75,0.0,2.75,310.15,0.35,0,0,0,0.0,0,F1,3000,,,,,
2026-02-18,2026-02-18,FO,NSE,STO,134342,,MANAPPURAM,,2026-03-30,2026-03-30,330.0,PE,MANAPPURAM26MAR330PE,0.0,0.0,0.0,34.15,0.0,34.15,310.15,25.6,0,0,0,0.0,0,F1,3000,,,,,
2026-02-18,2026-02-18,FO,NSE,STO,138767,,MANAPPURAM,,2026-03-30,2026-03-30,317.5,PE,MANAPPURAM26MAR317.5PE,0.0,0.0,0.0,32.0,0.0,32.0,310.15,17.6,0,0,0,0.0,0,F1,3000,,,,,
2026-02-18,2026-02-18,FO,NSE,STO,138693,,MANAPPURAM,,2026-03-30,2026-03-30,302.5,PE,MANAPPURAM26MAR302.5PE,0.0,0.0,0.0,10.95,10.95,10.95,310.15,10.15,30000,0,0,0.0,0,F1,3000,,,,,
2026-02-18,2026-02-18,FO,NSE,STO,138861,,MANAPPURAM,,2026-04-28,2026-04-28,270.0,PE,MANAPPURAM26APR270PE,0.0,0.0,0.0,11.7,0.0,11.7,310.15,4.0,0,0,0,0.0,0,F1,3000,,,,,
2026-02-18,2026-02-18,FO,NSE,STO,138860,,MANAPPURAM,,2026-04-28,2026-04-28,270.0,CE,MANAPPURAM26APR270CE,0.0,0.0,0.0,40.95,0.0,40.95,310.15,46.95,0,0,0,0.0,0,F1,3000,,,,,
2026-02-18,2026-02-18,FO,NSE,STO,138945,,MANAPPURAM,,2026-04-28,2026-04-28,310.0,CE,MANAPPURAM26APR310CE,0.0,0.0,0.0,20.4,0.0,20.4,310.15,20.8,0,0,0,0.0,0,F1,3000,,,,,
2026-02-18,2026-02-18,FO,NSE,STO,138955,,MANAPPURAM,,2026-04-28,2026-04-28,335.0,CE,MANAPPURAM26APR335CE,0.0,0.0,0.0,12.4,0.0,12.4,310.15,10.95,0,0,0,0.0,0,F1,3000,,,,,
2026-02-18,2026-02-18,FO,NSE,STO,133839,,MANAPPURAM,,2026-02-24,2026-02-24,237.5,PE,MANAPPURAM26FEB237.5PE,0.0,0.0,0.0,0.2,0.2,0.2,310.15,0.05,18000,0,0,0.0,0,F1,3000,,,,,
2026-02-18,2026-02-18,FO,NSE,STO,133843,,MANAPPURAM,,2026-02-24,2026-02-24,247.5,PE,MANAPPURAM26FEB247.5PE,0.0,0.0,0.0,0.5,0.5,0.5,310.15,0.05,45000,0,0,0.0,0,F1,3000,,,,,
2026-02-18,2026-02-18,FO,NSE,STO,134009,,MANAPPURAM,,2026-02-24,2026-02-24,337.5,PE,MANAPPURAM26FEB337.5PE,0.0,0.0,0.0,42.3,42.3,42.3,310.15,27.25,0,0,0,0.0,0,F1,3000,,,,,
2026-02-18,2026-02-18,FO,NSE,STO,133986,,MANAPPURAM,,2026-02-24,2026-02-24,282.5,CE,MANAPPURAM26FEB282.5CE,0.0,0.0,0.0,24.8,24.8,24.8,310.15,28.0,93000,0,0,0.0,0,F1,3000,,,,,
2026-02-18,2026-02-18,FO,NSE,STO,138679,,MANAPPURAM,,2026-03-30,2026-03-30,267.5,PE,MANAPPURAM26MAR267.5PE,0.0,0.0,0.0,7.85,0.0,7.85,310.15,1.55,0,0,0,0.0,0,F1,3000,,,,,
2026-02-18,2026-02-18,FO,NSE,STO,116217,,MANAPPURAM,,2026-02-24,2026-02-24,260.0,CE,MANAPPURAM26FEB260CE,49.5,50.55,49.5,50.55,50.55,42.65,310.15,50.4,132000,-6000,2,1860150.0,2,F1,3000,,,,,
2026-02-18,2026-02-18,FO,NSE,STF,66891,,MANAPPURAM,,2026-04-28,2026-04-28,,,MANAPPURAM26APRFUT,312.5,314.6,310.7,313.1,313.1,310.2,310.15,313.4,252000,21000,23,21577200.0,22,F1,3000,,,,,
2026-02-18,2026-02-18,FO,NSE,STO,134002,,MANAPPURAM,,2026-02-24,2026-02-24,322.5,CE,MANAPPURAM26FEB322.5CE,1.8,1.85,1.15,1.25,1.15,1.9,310.15,1.25,81000,-12000,20,19436700.0,18,F1,3000,,,,,
2026-02-18,2026-02-18,FO,NSE,STO,134332,,MANAPPURAM,,2026-03-30,2026-03-30,310.0,CE,MANAPPURAM26MAR310CE,14.45,15.5,12.85,14.4,14.15,13.5,310.15,14.4,504000,129000,176,171213900.0,147,F1,3000,,,,,
2026-02-18,2026-02-18,FO,NSE,STO,134366,,MANAPPURAM,,2026-03-30,2026-03-30,350.0,CE,MANAPPURAM26MAR350CE,2.8,3.25,2.35,2.6,2.45,3.0,310.15,2.6,471000,333000,214,226508400.0,133,F1,3000,,,,,
2026-02-18,2026-02-18,FO,NSE,STO,134280,,MANAPPURAM,,2026-03-30,2026-03-30,225.0,CE,MANAPPURAM26MAR225CE,0.0,0.0,0.0,89.0,0.0,89.0,310.15,86.55,0,0,0,0.0,0,F1,3000,,,,,
2026-02-18,2026-02-18,FO,NSE,STO,116438,,MANAPPURAM,,2026-02-24,2026-02-24,350.0,CE,MANAPPURAM26FEB350CE,0.3,0.3,0.15,0.2,0.15,0.3,310.15,0.2,669000,-48000,102,107158800.0,52,F1,3000,,,,,
2026-02-18,2026-02-18,FO,NSE,STO,138775,,MANAPPURAM,,2026-03-30,2026-03-30,332.5,CE,MANAPPURAM26MAR332.5CE,0.0,0.0,0.0,5.75,5.75,5.75,310.15,7.05,3000,0,0,0.0,0,F1,3000,,,,,
2026-02-18,2026-02-18,FO,NSE,STO,116151,,MANAPPURAM,,2026-02-24,2026-02-24,225.0,CE,MANAPPURAM26FEB225CE,0.0,0.0,0.0,60.85,0.0,60.85,310.15,85.35,0,0,0,0.0,0,F1,3000,,,,,
2026-02-18,2026-02-18,FO,NSE,STO,116155,,MANAPPURAM,,2026-02-24,2026-02-24,235.0,CE,MANAPPURAM26FEB235CE,0.0,0.0,0.0,76.55,76.55,76.55,310.15,75.35,12000,0,0,0.0,0,F1,3000,,,,,
2026-02-18,2026-02-18,FO,NSE,STO,138766,,MANAPPURAM,,2026-03-30,2026-03-30,317.5,CE,MANAPPURAM26MAR317.5CE,0.0,0.0,0.0,12.9,0.0,12.9,310.15,12.2,0,0,0,0.0,0,F1,3000,,,,,
2026-02-18,2026-02-18,FO,NSE,STO,138688,,MANAPPURAM,,2026-03-30,2026-03-30,292.5,CE,MANAPPURAM26MAR292.5CE,0.0,0.0,0.0,23.2,0.0,23.2,310.15,25.9,0,0,0,0.0,0,F1,3000,,,,,
2026-02-18,2026-02-18,FO,NSE,STO,134322,,MANAPPURAM,,2026-03-30,2026-03-30,285.0,CE,MANAPPURAM26MAR285CE,0.0,0.0,0.0,40.9,0.0,40.9,310.15,31.3,0,0,0,0.0,0,F1,3000,,,,,
2026-02-18,2026-02-18,FO,NSE,STO,138684,,MANAPPURAM,,2026-03-30,2026-03-30,282.5,CE,MANAPPURAM26MAR282.5CE,0.0,0.0,0.0,28.65,0.0,28.65,310.15,33.25,0,0,0,0.0,0,F1,3000,,,,,
2026-02-18,2026-02-18,FO,NSE,STO,138678,,MANAPPURAM,,2026-03-30,2026-03-30,267.5,CE,MANAPPURAM26MAR267.5CE,0.0,0.0,0.0,38.25,0.0,38.25,310.15,45.8,0,0,0,0.0,0,F1,3000,,,,,
2026-02-18,2026-02-18,FO,NSE,STO,138694,,MANAPPURAM,,2026-03-30,2026-03-30,307.5,CE,MANAPPURAM26MAR307.5CE,15.85,15.85,15.85,15.85,15.85,16.5,310.15,15.85,3000,3000,1,970050.0,1,F1,3000,,,,,
2026-02-18,2026-02-18,FO,NSE,STO,138662,,MANAPPURAM,,2026-03-30,2026-03-30,242.5,CE,MANAPPURAM26MAR242.5CE,0.0,0.0,0.0,57.8,0.0,57.8,310.15,69.3,0,0,0,0.0,0,F1,3000,,,,,
2026-02-18,2026-02-18,FO,NSE,STO,116435,,MANAPPURAM,,2026-02-24,2026-02-24,345.0,CE,MANAPPURAM26FEB345CE,0.25,0.25,0.2,0.2,0.2,0.4,310.15,0.05,87000,-9000,7,7249500.0,7,F1,3000,,,,,
2026-02-18,2026-02-18,FO,NSE,STO,134006,,MANAPPURAM,,2026-02-24,2026-02-24,332.5,CE,MANAPPURAM26FEB332.5CE,0.0,0.0,0.0,0.9,0.9,0.9,310.15,0.45,132000,0,0,0.0,0,F1,3000,,,,,
2026-02-18,2026-02-18,FO,NSE,STO,116315,,MANAPPURAM,,2026-02-24,2026-02-24,280.0,CE,MANAPPURAM26FEB280CE,28.4,31.5,27.5,31.45,31.45,27.5,310.15,30.45,678000,-36000,23,21376350.0,20,F1,3000,,,,,
2026-02-18,2026-02-18,FO,NSE,STO,133896,,MANAPPURAM,,2026-02-24,2026-02-24,267.5,CE,MANAPPURAM26FEB267.5CE,0.0,0.0,0.0,41.15,41.15,41.15,310.15,42.9,78000,0,0,0.0,0,F1,3000,,,,,
2026-02-18,2026-02-18,FO,NSE,STO,116162,,MANAPPURAM,,2026-02-24,2026-02-24,250.0,CE,MANAPPURAM26FEB250CE,0.0,0.0,0.0,62.05,62.05,62.05,310.15,60.4,18000,0,0,0.0,0,F1,3000,,,,,
2026-02-18,2026-02-18,FO,NSE,STO,133842,,MANAPPURAM,,2026-02-24,2026-02-24,247.5,CE,MANAPPURAM26FEB247.5CE,0.0,0.0,0.0,65.75,0.0,65.75,310.15,62.85,0,0,0,0.0,0,F1,3000,,,,,
2026-02-18,2026-02-18,FO,NSE,STO,138958,,MANAPPURAM,,2026-04-28,2026-04-28,340.0,PE,MANAPPURAM26APR340PE,0.0,0.0,0.0,50.85,0.0,50.85,310.15,35.85,0,0,0,0.0,0,F1,3000,,,,,
2026-02-18,2026-02-18,FO,NSE,STO,138950,,MANAPPURAM,,2026-04-28,2026-04-28,320.0,PE,MANAPPURAM26APR320PE,0.0,0.0,0.0,36.8,0.0,36.8,310.15,22.85,0,0,0,0.0,0,F1,3000,,,,,
2026-02-18,2026-02-18,FO,NSE,STO,138850,,MANAPPURAM,,2026-04-28,2026-04-28,260.0,PE,MANAPPURAM26APR260PE,0.0,0.0,0.0,8.65,0.0,8.65,310.15,2.45,0,0,0,0.0,0,F1,3000,,,,,
2026-02-18,2026-02-18,FO,NSE,STO,138774,,MANAPPURAM,,2026-03-30,2026-03-30,327.5,PE,MANAPPURAM26MAR327.5PE,0.0,0.0,0.0,38.95,0.0,38.95,310.15,23.9,0,0,0,0.0,0,F1,3000,,,,,
2026-02-18,2026-02-18,FO,NSE,STO,138763,,MANAPPURAM,,2026-03-30,2026-03-30,312.5,PE,MANAPPURAM26MAR312.5PE,0.0,0.0,0.0,28.75,0.0,28.75,310.15,14.85,0,0,0,0.0,0,F1,3000,,,,,
2026-02-18,2026-02-18,FO,NSE,STO,134291,,MANAPPURAM,,2026-03-30,2026-03-30,235.0,PE,MANAPPURAM26MAR235PE,0.0,0.0,0.0,1.85,0.0,1.85,310.15,0.1,0,0,0,0.0,0,F1,3000,,,,,
2026-02-18,2026-02-18,FO,NSE,STO,116394,,MANAPPURAM,,2026-02-24,2026-02-24,290.0,PE,MANAPPURAM26FEB290PE,1.7,1.7,0.7,0.75,0.85,1.7,310.15,0.75,3003000,-30000,507,442695150.0,364,F1,3000,,,,,
2026-02-18,2026-02-18,FO,NSE,STO,116216,,MANAPPURAM,,2026-02-24,2026-02-24,255.0,PE,MANAPPURAM26FEB255PE,0.1,0.15,0.1,0.15,0.15,0.4,310.15,0.05,126000,0,2,1530750.0,2,F1,3000,,,,,
2026-02-18,2026-02-18,FO,NSE,STO,133847,,MANAPPURAM,,2026-02-24,2026-02-24,252.5,PE,MANAPPURAM26FEB252.5PE,0.0,0.0,0.0,1.9,0.0,1.9,310.15,0.05,0,0,0,0.0,0,F1,3000,,,,,
2026-02-18,2026-02-18,FO,NSE,STO,138949,,MANAPPURAM,,2026-04-28,2026-04-28,320.0,CE,MANAPPURAM26APR320CE,0.0,0.0,0.0,16.8,0.0,16.8,310.15,16.3,0,0,0,0.0,0,F1,3000,,,,,
2026-02-18,2026-02-18,FO,NSE,STO,138947,,MANAPPURAM,,2026-04-28,2026-04-28,315.0,CE,MANAPPURAM26APR315CE,0.0,0.0,0.0,18.55,0.0,18.55,310.15,18.45,0,0,0,0.0,0,F1,3000,,,,,
2026-02-18,2026-02-18,FO,NSE,STO,138849,,MANAPPURAM,,2026-04-28,2026-04-28,260.0,CE,MANAPPURAM26APR260CE,0.0,0.0,0.0,47.7,0.0,47.7,310.15,55.3,0,0,0,0.0,0,F1,3000,,,,,
2026-02-18,2026-02-18,FO,NSE,STO,138664,,MANAPPURAM,,2026-03-30,2026-03-30,247.5,CE,MANAPPURAM26MAR247.5CE,0.0,0.0,0.0,53.6,0.0,53.6,310.15,64.45,0,0,0,0.0,0,F1,3000,,,,,
2026-02-18,2026-02-18,FO,NSE,STO,116294,,MANAPPURAM,,2026-02-24,2026-02-24,270.0,CE,MANAPPURAM26FEB270CE,39.25,39.25,38.4,38.4,38.4,33.2,310.15,40.4,387000,-6000,2,1852950.0,2,F1,3000,,,,,
2026-02-18,2026-02-18,FO,NSE,STO,138946,,MANAPPURAM,,2026-04-28,2026-04-28,310.0,PE,MANAPPURAM26APR310PE,0.0,0.0,0.0,30.55,0.0,30.55,310.15,17.45,0,0,0,0.0,0,F1,3000,,,,,
2026-02-18,2026-02-18,FO,NSE,STO,134294,,MANAPPURAM,,2026-03-30,2026-03-30,245.0,CE,MANAPPURAM26MAR245CE,0.0,0.0,0.0,71.1,0.0,71.1,310.15,66.85,0,0,0,0.0,0,F1,3000,,,,,
2026-02-18,2026-02-18,FO,NSE,STO,138904,,MANAPPURAM,,2026-04-28,2026-04-28,285.0,PE,MANAPPURAM26APR285PE,0.0,0.0,0.0,17.6,0.0,17.6,310.15,7.6,0,0,0,0.0,0,F1,3000,,,,,
2026-02-18,2026-02-18,FO,NSE,STO,138842,,MANAPPURAM,,2026-04-28,2026-04-28,240.0,PE,MANAPPURAM26APR240PE,0.0,0.0,0.0,4.2,0.0,4.2,310.15,0.75,0,0,0,0.0,0,F1,3000,,,,,
2026-02-18,2026-02-18,FO,NSE,STO,138776,,MANAPPURAM,,2026-03-30,2026-03-30,332.5,PE,MANAPPURAM26MAR332.5PE,0.0,0.0,0.0,42.7,0.0,42.7,310.15,27.4,0,0,0,0.0,0,F1,3000,,,,,
2026-02-18,2026-02-18,FO,NSE,STO,134317,,MANAPPURAM,,2026-03-30,2026-03-30,270.0,PE,MANAPPURAM26MAR270PE,2.45,2.45,2.1,2.25,2.25,2.75,310.15,2.25,129000,24000,36,29402100.0,33,F1,3000,,,,,
2026-02-18,2026-02-18,FO,NSE,STO,138667,,MANAPPURAM,,2026-03-30,2026-03-30,252.5,PE,MANAPPURAM26MAR252.5PE,0.0,0.0,0.0,4.25,0.0,4.25,310.15,0.5,0,0,0,0.0,0,F1,3000,,,,,
2026-02-18,2026-02-18,FO,NSE,STO,116441,,MANAPPURAM,,2026-02-24,2026-02-24,355.0,PE,MANAPPURAM26FEB355PE,45.9,45.9,45.9,45.9,45.9,75.1,310.15,44.55,3000,3000,1,1202700.0,1,F1,3000,,,,,
2026-02-18,2026-02-18,FO,NSE,STO,116434,,MANAPPURAM,,2026-02-24,2026-02-24,340.0,PE,MANAPPURAM26FEB340PE,0.0,0.0,0.0,40.85,40.85,40.85,310.15,29.65,48000,0,0,0.0,0,F1,3000,,,,,
2026-02-18,2026-02-18,FO,NSE,STO,133993,,MANAPPURAM,,2026-02-24,2026-02-24,297.5,PE,MANAPPURAM26FEB297.5PE,3.2,3.2,1.35,1.4,1.4,3.15,310.15,1.4,471000,-6000,200,179681700.0,173,F1,3000,,,,,
2026-02-18,2026-02-18,FO,NSE,STO,133987,,MANAPPURAM,,2026-02-24,2026-02-24,282.5,PE,MANAPPURAM26FEB282.5PE,0.75,0.75,0.35,0.4,0.4,0.9,310.15,0.4,456000,-24000,33,28014900.0,29,F1,3000,,,,,
2026-02-18,2026-02-18,FO,NSE,STO,133899,,MANAPPURAM,,2026-02-24,2026-02-24,267.5,PE,MANAPPURAM26FEB267.5PE,0.3,0.3,0.3,0.3,0.3,0.7,310.15,0.05,87000,-3000,1,803400.0,1,F1,3000,,,,,
2026-02-18,2026-02-18,FO,NSE,STO,134296,,MANAPPURAM,,2026-03-30,2026-03-30,250.0,CE,MANAPPURAM26MAR250CE,0.0,0.0,0.0,66.9,0.0,66.9,310.15,62.05,0,0,0,0.0,0,F1,3000,,,,,
2026-02-18,2026-02-18,FO,NSE,STO,134000,,MANAPPURAM,,2026-02-24,2026-02-24,317.5,CE,MANAPPURAM26FEB317.5CE,2.85,3.2,2.05,2.4,2.2,2.9,310.15,2.4,120000,-75000,96,92142000.0,87,F1,3000,,,,,
2026-02-18,2026-02-18,FO,NSE,STO,133894,,MANAPPURAM,,2026-02-24,2026-02-24,262.5,CE,MANAPPURAM26FEB262.5CE,0.0,0.0,0.0,44.75,44.75,44.75,310.15,47.9,51000,0,0,0.0,0,F1,3000,,,,,
2026-02-18,2026-02-18,FO,NSE,STO,138948,,MANAPPURAM,,2026-04-28,2026-04-28,315.0,PE,MANAPPURAM26APR315PE,0.0,0.0,0.0,33.6,0.0,33.6,310.15,20.05,0,0,0,0.0,0,F1,3000,,,,,
2026-02-18,2026-02-18,FO,NSE,STO,138848,,MANAPPURAM,,2026-04-28,2026-04-28,255.0,PE,MANAPPURAM26APR255PE,0.0,0.0,0.0,7.3,0.0,7.3,310.15,1.85,0,0,0,0.0,0,F1,3000,,,,,
2026-02-18,2026-02-18,FO,NSE,STO,134369,,MANAPPURAM,,2026-03-30,2026-03-30,355.0,PE,MANAPPURAM26MAR355PE,0.0,0.0,0.0,51.4,0.0,51.4,310.15,45.45,0,0,0,0.0,0,F1,3000,,,,,
2026-02-18,2026-02-18,FO,NSE,STO,134362,,MANAPPURAM,,2026-03-30,2026-03-30,340.0,PE,MANAPPURAM26MAR340PE,0.0,0.0,0.0,40.65,0.0,40.65,310.15,33.05,0,0,0,0.0,0,F1,3000,,,,,
2026-02-18,2026-02-18,FO,NSE,STO,134333,,MANAPPURAM,,2026-03-30,2026-03-30,310.0,PE,MANAPPURAM26MAR310PE,14.2,14.2,12.0,12.25,12.25,14.55,310.15,12.25,234000,75000,68,65902050.0,55,F1,3000,,,,,
2026-02-18,2026-02-18,FO,NSE,STO,138691,,MANAPPURAM,,2026-03-30,2026-03-30,297.5,PE,MANAPPURAM26MAR297.5PE,0.0,0.0,0.0,20.05,0.0,20.05,310.15,8.2,0,0,0,0.0,0,F1,3000,,,,,
2026-02-18,2026-02-18,FO,NSE,STO,138687,,MANAPPURAM,,2026-03-30,2026-03-30,287.5,PE,MANAPPURAM26MAR287.5PE,0.0,0.0,0.0,15.2,0.0,15.2,310.15,5.1,0,0,0,0.0,0,F1,3000,,,,,
2026-02-18,2026-02-18,FO,NSE,STO,134295,,MANAPPURAM,,2026-03-30,2026-03-30,245.0,PE,MANAPPURAM26MAR245PE,0.0,0.0,0.0,2.95,0.0,2.95,310.15,0.25,0,0,0,0.0,0,F1,3000,,,,,
2026-02-18,2026-02-18,FO,NSE,STO,116406,,MANAPPURAM,,2026-02-24,2026-02-24,315.0,PE,MANAPPURAM26FEB315PE,8.0,8.85,8.0,8.5,8.55,14.2,310.15,8.5,159000,-24000,10,9703950.0,7,F1,3000,,,,,
2026-02-18,2026-02-18,FO,NSE,STO,116404,,MANAPPURAM,,2026-02-24,2026-02-24,310.0,PE,MANAPPURAM26FEB310PE,8.4,8.4,5.15,5.4,5.7,8.7,310.15,5.4,822000,48000,536,509034900.0,424,F1,3000,,,,,
2026-02-18,2026-02-18,FO,NSE,STO,134290,,MANAPPURAM,,2026-03-30,2026-03-30,235.0,CE,MANAPPURAM26MAR235CE,0.0,0.0,0.0,79.9,0.0,79.9,310.15,76.65,0,0,0,0.0,0,F1,3000,,,,,
2026-02-18,2026-02-18,FO,NSE,STO,116161,,MANAPPURAM,,2026-02-24,2026-02-24,245.0,PE,MANAPPURAM26FEB245PE,0.3,0.3,0.3,0.3,0.3,0.3,310.15,0.05,84000,0,1,735900.0,1,F1,3000,,,,,
2026-02-18,2026-02-18,FO,NSE,STO,133841,,MANAPPURAM,,2026-02-24,2026-02-24,242.5,PE,MANAPPURAM26FEB242.5PE,0.0,0.0,0.0,0.25,0.25,0.25,310.15,0.05,3000,0,0,0.0,0,F1,3000,,,,,
2026-02-18,2026-02-18,FO,NSE,STO,116158,,MANAPPURAM,,2026-02-24,2026-02-24,240.0,PE,MANAPPURAM26FEB240PE,0.1,0.1,0.1,0.1,0.1,0.15,310.15,0.05,516000,0,2,1440600.0,2,F1,3000,,,,,
2026-02-18,2026-02-18,FO,NSE,STO,138975,,MANAPPURAM,,2026-04-28,2026-04-28,350.0,CE,MANAPPURAM26APR350CE,0.0,0.0,0.0,9.0,0.0,9.0,310.15,7.1,0,0,0,0.0,0,F1,3000,,,,,
2026-02-18,2026-02-18,FO,NSE,STO,138953,,MANAPPURAM,,2026-04-28,2026-04-28,330.0,CE,MANAPPURAM26APR330CE,0.0,0.0,0.0,13.75,0.0,13.75,310.15,12.55,0,0,0,0.0,0,F1,3000,,,,,
2026-02-18,2026-02-18,FO,NSE,STO,138777,,MANAPPURAM,,2026-03-30,2026-03-30,337.5,CE,MANAPPURAM26MAR337.5CE,0.0,0.0,0.0,7.75,7.75,7.75,310.15,5.8,12000,0,0,0.0,0,F1,3000,,,,,
2026-02-18,2026-02-18,FO,NSE,STO,134336,,MANAPPURAM,,2026-03-30,2026-03-30,320.0,CE,MANAPPURAM26MAR320CE,9.5,10.6,8.65,9.9,9.9,9.3,310.15,9.9,531000,54000,109,107919750.0,77,F1,3000,,,,,
2026-02-18,2026-02-18,FO,NSE,STO,134299,,MANAPPURAM,,2026-03-30,2026-03-30,255.0,CE,MANAPPURAM26MAR255CE,0.0,0.0,0.0,62.75,0.0,62.75,310.15,57.3,0,0,0,0.0,0,F1,3000,,,,,
2026-02-18,2026-02-18,FO,NSE,STO,138845,,MANAPPURAM,,2026-04-28,2026-04-28,250.0,CE,MANAPPURAM26APR250CE,0.0,0.0,0.0,55.05,0.0,55.05,310.15,64.15,0,0,0,0.0,0,F1,3000,,,,,
2026-02-18,2026-02-18,FO,NSE,STO,138839,,MANAPPURAM,,2026-04-28,2026-04-28,235.0,CE,MANAPPURAM26APR235CE,0.0,0.0,0.0,67.1,0.0,67.1,310.15,78.1,0,0,0,0.0,0,F1,3000,,,,,
2026-02-18,2026-02-18,FO,NSE,STO,138837,,MANAPPURAM,,2026-04-28,2026-04-28,230.0,CE,MANAPPURAM26APR230CE,0.0,0.0,0.0,71.35,0.0,71.35,310.15,82.9,0,0,0,0.0,0,F1,3000,,,,,
2026-02-18,2026-02-18,FO,NSE,STO,138773,,MANAPPURAM,,2026-03-30,2026-03-30,327.5,CE,MANAPPURAM26MAR327.5CE,0.0,0.0,0.0,10.0,0.0,10.0,310.15,8.5,0,0,0,0.0,0,F1,3000,,,,,
2026-02-18,2026-02-18,FO,NSE,STO,134320,,MANAPPURAM,,2026-03-30,2026-03-30,280.0,CE,MANAPPURAM26MAR280CE,35.0,35.0,35.0,35.0,35.0,27.5,310.15,35.0,6000,3000,1,945000.0,1,F1,3000,,,,,
2026-02-18,2026-02-18,FO,NSE,STO,134318,,MANAPPURAM,,2026-03-30,2026-03-30,275.0,CE,MANAPPURAM26MAR275CE,0.0,0.0,0.0,47.6,0.0,47.6,310.15,39.3,0,0,0,0.0,0,F1,3000,,,,,
2026-02-18,2026-02-18,FO,NSE,STO,134308,,MANAPPURAM,,2026-03-30,2026-03-30,265.0,CE,MANAPPURAM26MAR265CE,0.0,0.0,0.0,54.9,0.0,54.9,310.15,48.05,0,0,0,0.0,0,F1,3000,,,,,
2026-02-18,2026-02-18,FO,NSE,STO,134292,,MANAPPURAM,,2026-03-30,2026-03-30,240.0,CE,MANAPPURAM26MAR240CE,0.0,0.0,0.0,75.45,0.0,75.45,310.15,71.75,0,0,0,0.0,0,F1,3000,,,,,
2026-02-18,2026-02-18,FO,NSE,STO,138956,,MANAPPURAM,,2026-04-28,2026-04-28,335.0,PE,MANAPPURAM26APR335PE,0.0,0.0,0.0,47.15,0.0,47.15,310.15,32.35,0,0,0,0.0,0,F1,3000,,,,,
2026-02-18,2026-02-18,FO,NSE,STO,134293,,MANAPPURAM,,2026-03-30,2026-03-30,240.0,PE,MANAPPURAM26MAR240PE,0.0,0.0,0.0,2.25,2.25,2.25,310.15,0.15,6000,0,0,0.0,0,F1,3000,,,,,
2026-02-18,2026-02-18,FO,NSE,STO,116293,,MANAPPURAM,,2026-02-24,2026-02-24,265.0,PE,MANAPPURAM26FEB265PE,0.35,0.35,0.3,0.3,0.3,0.4,310.15,0.3,555000,72000,54,42983850.0,25,F1,3000,,,,,
2026-02-18,2026-02-18,FO,NSE,STO,138944,,MANAPPURAM,,2026-04-28,2026-04-28,305.0,PE,MANAPPURAM26APR305PE,0.0,0.0,0.0,27.65,0.0,27.65,310.15,15.05,0,0,0,0.0,0,F1,3000,,,,,
2026-02-18,2026-02-18,FO,NSE,STO,134335,,MANAPPURAM,,2026-03-30,2026-03-30,315.0,PE,MANAPPURAM26MAR315PE,0.0,0.0,0.0,25.4,0.0,25.4,310.15,16.2,0,0,0,0.0,0,F1,3000,,,,,
2026-02-18,2026-02-18,FO,NSE,STO,138695,,MANAPPURAM,,2026-03-30,2026-03-30,307.5,PE,MANAPPURAM26MAR307.5PE,0.0,0.0,0.0,25.65,0.0,25.65,310.15,12.35,0,0,0,0.0,0,F1,3000,,,,,
2026-02-18,2026-02-18,FO,NSE,STO,134323,,MANAPPURAM,,2026-03-30,2026-03-30,285.0,PE,MANAPPURAM26MAR285PE,4.3,4.55,4.3,4.5,4.55,12.15,310.15,4.5,57000,57000,23,19968150.0,18,F1,3000,,,,,
2026-02-18,2026-02-18,FO,NSE,STO,138951,,MANAPPURAM,,2026-04-28,2026-04-28,325.0,CE,MANAPPURAM26APR325CE,0.0,0.0,0.0,15.2,0.0,15.2,310.15,14.35,0,0,0,0.0,0,F1,3000,,,,,
2026-02-18,2026-02-18,FO,NSE,STO,134324,,MANAPPURAM,,2026-03-30,2026-03-30,290.0,CE,MANAPPURAM26MAR290CE,28.5,28.5,28.5,28.5,28.5,23.0,310.15,27.65,9000,0,1,955500.0,1,F1,3000,,,,,
2026-02-18,2026-02-18,FO,NSE,STO,134326,,MANAPPURAM,,2026-03-30,2026-03-30,295.0,CE,MANAPPURAM26MAR295CE,0.0,0.0,0.0,34.85,0.0,34.85,310.15,24.25,0,0,0,0.0,0,F1,3000,,,,,
2026-02-18,2026-02-18,FO,NSE,STO,138851,,MANAPPURAM,,2026-04-28,2026-04-28,265.0,CE,MANAPPURAM26APR265CE,0.0,0.0,0.0,44.25,0.0,44.25,310.15,51.05,0,0,0,0.0,0,F1,3000,,,,,
2026-02-18,2026-02-18,FO,NSE,STO,138862,,MANAPPURAM,,2026-04-28,2026-04-28,275.0,CE,MANAPPURAM26APR275CE,0.0,0.0,0.0,37.85,0.0,37.85,310.15,43.0,0,0,0,0.0,0,F1,3000,,,,,
2026-02-18,2026-02-18,FO,NSE,STO,133837,,MANAPPURAM,,2026-02-24,2026-02-24,232.5,PE,MANAPPURAM26FEB232.5PE,0.0,0.0,0.0,0.55,0.0,0.55,310.15,0.05,0,0,0,0.0,0,F1,3000,,,,,
2026-02-18,2026-02-18,FO,NSE,STO,116156,,MANAPPURAM,,2026-02-24,2026-02-24,235.0,PE,MANAPPURAM26FEB235PE,0.0,0.0,0.0,0.15,0.15,0.15,310.15,0.05,12000,0,0,0.0,0,F1,3000,,,,,
2026-02-18,2026-02-18,FO,NSE,STO,116291,,MANAPPURAM,,2026-02-24,2026-02-24,260.0,PE,MANAPPURAM26FEB260PE,0.3,0.3,0.25,0.3,0.3,0.4,310.15,0.3,1995000,-9000,86,67153350.0,35,F1,3000,,,,,
2026-02-18,2026-02-18,FO,NSE,STO,133985,,MANAPPURAM,,2026-02-24,2026-02-24,277.5,PE,MANAPPURAM26FEB277.5PE,0.65,0.65,0.35,0.35,0.35,0.65,310.15,0.35,213000,-39000,28,23340300.0,28,F1,3000,,,,,
2026-02-18,2026-02-18,FO,NSE,STO,116398,,MANAPPURAM,,2026-02-24,2026-02-24,300.0,PE,MANAPPURAM26FEB300PE,3.7,3.8,1.65,1.75,1.85,3.9,310.15,1.75,2697000,-42000,1088,987273600.0,868,F1,3000,,,,,
2026-02-18,2026-02-18,FO,NSE,STO,116400,,MANAPPURAM,,2026-02-24,2026-02-24,305.0,PE,MANAPPURAM26FEB305PE,5.95,5.95,2.95,3.15,3.4,5.95,310.15,3.15,834000,198000,661,613036500.0,620,F1,3000,,,,,
2026-02-18,2026-02-18,FO,NSE,STO,133997,,MANAPPURAM,,2026-02-24,2026-02-24,307.5,PE,MANAPPURAM26FEB307.5PE,6.15,6.25,3.95,4.15,4.5,7.2,310.15,4.15,156000,-63000,261,244834350.0,226,F1,3000,,,,,
2026-02-18,2026-02-18,FO,NSE,STO,116412,,MANAPPURAM,,2026-02-24,2026-02-24,325.0,PE,MANAPPURAM26FEB325PE,18.6,18.95,15.8,15.8,15.8,20.3,310.15,15.75,36000,-3000,17,17491350.0,16,F1,3000,,,,,
2026-02-18,2026-02-18,FO,NSE,STO,134315,,MANAPPURAM,,2026-03-30,2026-03-30,265.0,PE,MANAPPURAM26MAR265PE,0.0,0.0,0.0,6.45,0.0,6.45,310.15,1.3,0,0,0,0.0,0,F1,3000,,,,,
2026-02-18,2026-02-18,FO,NSE,STO,134321,,MANAPPURAM,,2026-03-30,2026-03-30,280.0,PE,MANAPPURAM26MAR280PE,4.3,4.3,3.3,3.55,3.6,4.3,310.15,3.55,222000,-90000,114,96981900.0,87,F1,3000,,,,,
2026-02-18,2026-02-18,FO,NSE,STO,134325,,MANAPPURAM,,2026-03-30,2026-03-30,290.0,PE,MANAPPURAM26MAR290PE,5.5,6.0,5.2,5.75,6.0,9.2,310.15,5.75,729000,681000,267,236739750.0,144,F1,3000,,,,,
2026-02-18,2026-02-18,FO,NSE,STO,134288,,MANAPPURAM,,2026-03-30,2026-03-30,230.0,CE,MANAPPURAM26MAR230CE,0.0,0.0,0.0,84.4,0.0,84.4,310.15,81.6,0,0,0,0.0,0,F1,3000,,,,,
2026-02-18,2026-02-18,FO,NSE,STO,116393,,MANAPPURAM,,2026-02-24,2026-02-24,290.0,CE,MANAPPURAM26FEB290CE,18.1,21.85,17.95,20.0,20.0,18.25,310.15,20.0,1014000,-147000,221,204821100.0,120,F1,3000,,,,,
2026-02-18,2026-02-18,FO,NSE,STO,116391,,MANAPPURAM,,2026-02-24,2026-02-24,285.0,CE,MANAPPURAM26FEB285CE,23.15,25.4,22.1,25.4,25.4,22.05,310.15,25.55,255000,-51000,33,30515100.0,33,F1,3000,,,,,
2026-02-18,2026-02-18,FO,NSE,STO,133838,,MANAPPURAM,,2026-02-24,2026-02-24,237.5,CE,MANAPPURAM26FEB237.5CE,0.0,0.0,0.0,74.3,74.3,74.3,310.15,72.85,12000,0,0,0.0,0,F1,3000,,,,,
2026-02-18,2026-02-18,FO,NSE,STO,138952,,MANAPPURAM,,2026-04-28,2026-04-28,325.0,PE,MANAPPURAM26APR325PE,0.0,0.0,0.0,40.15,0.0,40.15,310.15,25.8,0,0,0,0.0,0,F1,3000,,,,,
2026-02-18,2026-02-18,FO,NSE,STO,138935,,MANAPPURAM,,2026-04-28,2026-04-28,300.0,PE,MANAPPURAM26APR300PE,0.0,0.0,0.0,24.9,0.0,24.9,310.15,12.9,0,0,0,0.0,0,F1,3000,,,,,
2026-02-18,2026-02-18,FO,NSE,STO,138931,,MANAPPURAM,,2026-04-28,2026-04-28,290.0,PE,MANAPPURAM26APR290PE,0.0,0.0,0.0,19.85,0.0,19.85,310.15,9.15,0,0,0,0.0,0,F1,3000,,,,,
2026-02-18,2026-02-18,FO,NSE,STO,138772,,MANAPPURAM,,2026-03-30,2026-03-30,322.5,PE,MANAPPURAM26MAR322.5PE,0.0,0.0,0.0,35.4,0.0,35.4,310.15,20.65,0,0,0,0.0,0,F1,3000,,,,,
2026-02-18,2026-02-18,FO,NSE,STO,133992,,MANAPPURAM,,2026-02-24,2026-02-24,297.5,CE,MANAPPURAM26FEB297.5CE,13.0,14.35,11.5,13.25,13.05,11.75,310.15,13.25,408000,-30000,41,38164500.0,41,F1,3000,,,,,
2026-02-18,2026-02-18,FO,NSE,STO,116153,,MANAPPURAM,,2026-02-24,2026-02-24,230.0,CE,MANAPPURAM26FEB230CE,0.0,0.0,0.0,56.8,0.0,56.8,310.15,80.35,0,0,0,0.0,0,F1,3000,,,,,
2026-02-18,2026-02-18,FO,NSE,STO,138668,,MANAPPURAM,,2026-03-30,2026-03-30,257.5,CE,MANAPPURAM26MAR257.5CE,0.0,0.0,0.0,45.6,0.0,45.6,310.15,54.95,0,0,0,0.0,0,F1,3000,,,,,
2026-02-18,2026-02-18,FO,NSE,STO,138686,,MANAPPURAM,,2026-03-30,2026-03-30,287.5,CE,MANAPPURAM26MAR287.5CE,0.0,0.0,0.0,25.8,0.0,25.8,310.15,29.45,0,0,0,0.0,0,F1,3000,,,,,
2026-02-18,2026-02-18,FO,NSE,STO,116152,,MANAPPURAM,,2026-02-24,2026-02-24,225.0,PE,MANAPPURAM26FEB225PE,0.0,0.0,0.0,0.25,0.25,0.25,310.15,0.05,15000,0,0,0.0,0,F1,3000,,,,,
2026-02-18,2026-02-18,FO,NSE,STO,133840,,MANAPPURAM,,2026-02-24,2026-02-24,242.5,CE,MANAPPURAM26FEB242.5CE,0.0,0.0,0.0,69.3,69.3,69.3,310.15,67.85,12000,0,0,0.0,0,F1,3000,,,,,
2026-02-18,2026-02-18,FO,NSE,STO,133994,,MANAPPURAM,,2026-02-24,2026-02-24,302.5,CE,MANAPPURAM26FEB302.5CE,9.0,11.05,8.0,9.4,9.15,8.9,310.15,9.4,699000,-39000,163,152328900.0,157,F1,3000,,,,,
2026-02-18,2026-02-18,FO,NSE,STO,116403,,MANAPPURAM,,2026-02-24,2026-02-24,310.0,CE,MANAPPURAM26FEB310CE,4.4,6.35,4.2,5.0,4.45,5.15,310.15,5.0,2856000,-276000,2272,2148892500.0,1949,F1,3000,,,,,
2026-02-18,2026-02-18,FO,NSE,STO,134008,,MANAPPURAM,,2026-02-24,2026-02-24,337.5,CE,MANAPPURAM26FEB337.5CE,0.65,0.65,0.65,0.65,0.65,0.65,310.15,0.2,36000,3000,1,1014450.0,1,F1,3000,,,,,
2026-02-18,2026-02-18,FO,NSE,STO,138666,,MANAPPURAM,,2026-03-30,2026-03-30,252.5,CE,MANAPPURAM26MAR252.5CE,0.0,0.0,0.0,49.5,0.0,49.5,310.15,59.65,0,0,0,0.0,0,F1,3000,,,,,
2026-02-18,2026-02-18,FO,NSE,STO,138676,,MANAPPURAM,,2026-03-30,2026-03-30,262.5,CE,MANAPPURAM26MAR262.5CE,0.0,0.0,0.0,41.85,0.0,41.85,310.15,50.3,0,0,0,0.0,0,F1,3000,,,,,
2026-02-18,2026-02-18,FO,NSE,STO,138682,,MANAPPURAM,,2026-03-30,2026-03-30,277.5,CE,MANAPPURAM26MAR277.5CE,0.0,0.0,0.0,31.65,0.0,31.65,310.15,37.25,0,0,0,0.0,0,F1,3000,,,,,
2026-02-18,2026-02-18,FO,NSE,STO,134345,,MANAPPURAM,,2026-03-30,2026-03-30,335.0,CE,MANAPPURAM26MAR335CE,5.8,5.8,5.15,5.2,5.15,6.0,310.15,5.2,30000,24000,14,14309400.0,10,F1,3000,,,,,
2026-02-18,2026-02-18,FO,NSE,STO,134348,,MANAPPURAM,,2026-03-30,2026-03-30,340.0,CE,MANAPPURAM26MAR340CE,4.5,4.65,4.05,4.35,4.35,4.35,310.15,4.35,105000,21000,22,22735350.0,17,F1,3000,,,,,
2026-02-18,2026-02-18,FO,NSE,STO,138902,,MANAPPURAM,,2026-04-28,2026-04-28,285.0,CE,MANAPPURAM26APR285CE,0.0,0.0,0.0,32.05,0.0,32.05,310.15,35.7,0,0,0,0.0,0,F1,3000,,,,,
2026-02-18,2026-02-18,FO,NSE,STO,138905,,MANAPPURAM,,2026-04-28,2026-04-28,290.0,CE,MANAPPURAM26APR290CE,0.0,0.0,0.0,29.4,0.0,29.4,310.15,32.3,0,0,0,0.0,0,F1,3000,,,,,
2026-02-18,2026-02-18,FO,NSE,STO,138685,,MANAPPURAM,,2026-03-30,2026-03-30,282.5,PE,MANAPPURAM26MAR282.5PE,0.0,0.0,0.0,4.95,4.95,4.95,310.15,3.9,9000,0,0,0.0,0,F1,3000,,,,,
2026-02-18,2026-02-18,FO,NSE,STO,134289,,MANAPPURAM,,2026-03-30,2026-03-30,230.0,PE,MANAPPURAM26MAR230PE,0.0,0.0,0.0,1.45,0.0,1.45,310.15,0.05,0,0,0,0.0,0,F1,3000,,,,,
2026-02-18,2026-02-18,FO,NSE,STO,116396,,MANAPPURAM,,2026-02-24,2026-02-24,295.0,PE,MANAPPURAM26FEB295PE,2.35,2.35,1.05,1.1,1.15,2.5,310.15,1.1,540000,-111000,321,285677100.0,256,F1,3000,,,,,
2026-02-18,2026-02-18,FO,NSE,STO,133890,,MANAPPURAM,,2026-02-24,2026-02-24,257.5,PE,MANAPPURAM26FEB257.5PE,0.0,0.0,0.0,0.8,0.8,0.8,310.15,0.05,12000,0,0,0.0,0,F1,3000,,,,,
2026-02-18,2026-02-18,FO,NSE,STO,116154,,MANAPPURAM,,2026-02-24,2026-02-24,230.0,PE,MANAPPURAM26FEB230PE,0.1,0.1,0.1,0.1,0.1,0.15,310.15,0.05,204000,-3000,2,1380600.0,2,F1,3000,,,,,
2026-02-18,2026-02-18,FO,NSE,STO,133995,,MANAPPURAM,,2026-02-24,2026-02-24,302.5,PE,MANAPPURAM26FEB302.5PE,3.7,4.0,2.3,2.45,2.75,4.9,310.15,2.45,435000,-9000,227,208164600.0,214,F1,3000,,,,,
2026-02-18,2026-02-18,FO,NSE,STO,133895,,MANAPPURAM,,2026-02-24,2026-02-24,262.5,PE,MANAPPURAM26FEB262.5PE,0.0,0.0,0.0,1.0,1.0,1.0,310.15,0.05,129000,0,0,0.0,0,F1,3000,,,,,
2026-02-18,2026-02-18,FO,NSE,STO,138900,,MANAPPURAM,,2026-04-28,2026-04-28,280.0,CE,MANAPPURAM26APR280CE,0.0,0.0,0.0,34.85,0.0,34.85,310.15,39.25,0,0,0,0.0,0,F1,3000,,,,,
2026-02-18,2026-02-18,FO,NSE,STO,134363,,MANAPPURAM,,2026-03-30,2026-03-30,345.0,CE,MANAPPURAM26MAR345CE,0.0,0.0,0.0,13.75,0.0,13.75,310.15,4.25,0,0,0,0.0,0,F1,3000,,,,,
2026-02-18,2026-02-18,FO,NSE,STO,134338,,MANAPPURAM,,2026-03-30,2026-03-30,325.0,CE,MANAPPURAM26MAR325CE,7.7,8.4,7.15,8.4,8.4,7.6,310.15,9.35,90000,6000,9,8980950.0,9,F1,3000,,,,,
2026-02-18,2026-02-18,FO,NSE,STO,134316,,MANAPPURAM,,2026-03-30,2026-03-30,270.0,CE,MANAPPURAM26MAR270CE,0.0,0.0,0.0,51.2,0.0,51.2,310.15,43.6,0,0,0,0.0,0,F1,3000,,,,,
2026-02-18,2026-02-18,FO,NSE,STO,134303,,MANAPPURAM,,2026-03-30,2026-03-30,260.0,CE,MANAPPURAM26MAR260CE,0.0,0.0,0.0,58.8,0.0,58.8,310.15,52.6,0,0,0,0.0,0,F1,3000,,,,,
2026-02-18,2026-02-18,FO,NSE,STO,138660,,MANAPPURAM,,2026-03-30,2026-03-30,237.5,CE,MANAPPURAM26MAR237.5CE,0.0,0.0,0.0,62.15,0.0,62.15,310.15,74.2,0,0,0,0.0,0,F1,3000,,,,,
2026-02-18,2026-02-18,FO,NSE,STO,116440,,MANAPPURAM,,2026-02-24,2026-02-24,355.0,CE,MANAPPURAM26FEB355CE,0.0,0.0,0.0,0.3,0.3,0.3,310.15,0.05,27000,0,0,0.0,0,F1,3000,,,,,
2026-02-18,2026-02-18,FO,NSE,STO,116395,,MANAPPURAM,,2026-02-24,2026-02-24,295.0,CE,MANAPPURAM26FEB295CE,15.0,16.8,13.5,15.45,14.5,13.85,310.15,15.45,513000,-3000,52,48360450.0,45,F1,3000,,,,,
2026-02-18,2026-02-18,FO,NSE,STO,116292,,MANAPPURAM,,2026-02-24,2026-02-24,265.0,CE,MANAPPURAM26FEB265CE,0.0,0.0,0.0,37.0,37.0,37.0,310.15,45.4,81000,0,0,0.0,0,F1,3000,,,,,
2026-02-18,2026-02-18,FO,NSE,STO,133848,,MANAPPURAM,,2026-02-24,2026-02-24,257.5,CE,MANAPPURAM26FEB257.5CE,0.0,0.0,0.0,52.8,52.8,52.8,310.15,52.9,9000,0,0,0.0,0,F1,3000,,,,,
2026-02-18,2026-02-18,FO,NSE,STO,133989,,MANAPPURAM,,2026-02-24,2026-02-24,287.5,PE,MANAPPURAM26FEB287.5PE,1.15,1.25,0.6,0.65,0.6,1.45,310.15,0.65,501000,-18000,32,27672600.0,28,F1,3000,,,,,
2026-02-18,2026-02-18,FO,NSE,STO,138778,,MANAPPURAM,,2026-03-30,2026-03-30,337.5,PE,MANAPPURAM26MAR337.5PE,0.0,0.0,0.0,46.5,0.0,46.5,310.15,31.1,0,0,0,0.0,0,F1,3000,,,,,
2026-02-18,2026-02-18,FO,NSE,STO,134347,,MANAPPURAM,,2026-03-30,2026-03-30,335.0,PE,MANAPPURAM26MAR335PE,0.0,0.0,0.0,37.3,0.0,37.3,310.15,29.25,0,0,0,0.0,0,F1,3000,,,,,
2026-02-18,2026-02-18,FO,NSE,STO,134302,,MANAPPURAM,,2026-03-30,2026-03-30,255.0,PE,MANAPPURAM26MAR255PE,0.0,0.0,0.0,4.45,0.0,4.45,310.15,0.6,0,0,0,0.0,0,F1,3000,,,,,
2026-02-18,2026-02-18,FO,NSE,STO,116408,,MANAPPURAM,,2026-02-24,2026-02-24,320.0,PE,MANAPPURAM26FEB320PE,15.0,15.25,11.7,12.35,12.9,15.85,310.15,12.35,129000,-33000,180,180411000.0,67,F1,3000,,,,,
2026-02-18,2026-02-18,FO,NSE,STO,133999,,MANAPPURAM,,2026-02-24,2026-02-24,312.5,PE,MANAPPURAM26FEB312.5PE,8.95,9.1,6.55,7.05,7.25,9.95,310.15,7.05,108000,12000,56,53828850.0,55,F1,3000,,,,,
2026-02-18,2026-02-18,FO,NSE,STO,134012,,MANAPPURAM,,2026-02-24,2026-02-24,347.5,CE,MANAPPURAM26FEB347.5CE,0.0,0.0,0.0,0.35,0.35,0.35,310.15,0.05,57000,0,0,0.0,0,F1,3000,,,,,
2026-02-18,2026-02-18,FO,NSE,STO,133900,,MANAPPURAM,,2026-02-24,2026-02-24,272.5,CE,MANAPPURAM26FEB272.5CE,0.0,0.0,0.0,29.85,29.85,29.85,310.15,37.9,132000,0,0,0.0,0,F1,3000,,,,,
2026-02-18,2026-02-18,FO,NSE,STO,116180,,MANAPPURAM,,2026-02-24,2026-02-24,255.0,CE,MANAPPURAM26FEB255CE,0.0,0.0,0.0,38.55,0.0,38.55,310.15,55.4,0,0,0,0.0,0,F1,3000,,,,,
2026-02-18,2026-02-18,FO,NSE,STO,133844,,MANAPPURAM,,2026-02-24,2026-02-24,252.5,CE,MANAPPURAM26FEB252.5CE,0.0,0.0,0.0,57.9,57.9,57.9,310.15,57.9,9000,0,0,0.0,0,F1,3000,,,,,
2026-02-18,2026-02-18,FO,NSE,STO,116411,,MANAPPURAM,,2026-02-24,2026-02-24,325.0,CE,MANAPPURAM26FEB325CE,1.25,1.5,0.8,1.0,0.8,1.5,310.15,1.0,699000,-72000,145,141885600.0,118,F1,3000,,,,,
2026-02-18,2026-02-18,FO,NSE,STO,138901,,MANAPPURAM,,2026-04-28,2026-04-28,280.0,PE,MANAPPURAM26APR280PE,0.0,0.0,0.0,15.45,0.0,15.45,310.15,6.2,0,0,0,0.0,0,F1,3000,,,,,
2026-02-18,2026-02-18,FO,NSE,STO,138863,,MANAPPURAM,,2026-04-28,2026-04-28,275.0,PE,MANAPPURAM26APR275PE,0.0,0.0,0.0,13.5,0.0,13.5,310.15,5.0,0,0,0,0.0,0,F1,3000,,,,,
2026-02-18,2026-02-18,FO,NSE,STO,138844,,MANAPPURAM,,2026-04-28,2026-04-28,245.0,PE,MANAPPURAM26APR245PE,0.0,0.0,0.0,5.1,0.0,5.1,310.15,1.0,0,0,0,0.0,0,F1,3000,,,,,
2026-02-18,2026-02-18,FO,NSE,STO,138840,,MANAPPURAM,,2026-04-28,2026-04-28,235.0,PE,MANAPPURAM26APR235PE,0.0,0.0,0.0,3.4,0.0,3.4,310.15,0.5,0,0,0,0.0,0,F1,3000,,,,,
2026-02-18,2026-02-18,FO,NSE,STO,134367,,MANAPPURAM,,2026-03-30,2026-03-30,350.0,PE,MANAPPURAM26MAR350PE,0.0,0.0,0.0,47.7,0.0,47.7,310.15,41.15,0,0,0,0.0,0,F1,3000,,,,,
2026-02-18,2026-02-18,FO,NSE,STO,134327,,MANAPPURAM,,2026-03-30,2026-03-30,295.0,PE,MANAPPURAM26MAR295PE,0.0,0.0,0.0,15.9,0.0,15.9,310.15,7.35,0,0,0,0.0,0,F1,3000,,,,,
2026-02-18,2026-02-18,FO,NSE,STO,138689,,MANAPPURAM,,2026-03-30,2026-03-30,292.5,PE,MANAPPURAM26MAR292.5PE,0.0,0.0,0.0,17.55,0.0,17.55,310.15,6.5,0,0,0,0.0,0,F1,3000,,,,,
2026-02-18,2026-02-18,FO,NSE,STO,138663,,MANAPPURAM,,2026-03-30,2026-03-30,242.5,PE,MANAPPURAM26MAR242.5PE,0.0,0.0,0.0,2.65,0.0,2.65,310.15,0.2,0,0,0,0.0,0,F1,3000,,,,,
2026-02-18,2026-02-18,FO,NSE,STO,116427,,MANAPPURAM,,2026-02-24,2026-02-24,330.0,PE,MANAPPURAM26FEB330PE,20.05,20.95,20.05,20.95,20.95,23.9,310.15,20.15,24000,-9000,7,7359300.0,7,F1,3000,,,,,
2026-02-18,2026-02-18,FO,NSE,STO,116301,,MANAPPURAM,,2026-02-24,2026-02-24,270.0,PE,MANAPPURAM26FEB270PE,0.35,0.35,0.25,0.3,0.25,0.45,310.15,0.3,966000,-138000,80,64873500.0,48,F1,3000,,,,,
2026-02-18,2026-02-18,FO,NSE,STO,138957,,MANAPPURAM,,2026-04-28,2026-04-28,340.0,CE,MANAPPURAM26APR340CE,0.0,0.0,0.0,11.15,0.0,11.15,310.15,9.5,0,0,0,0.0,0,F1,3000,,,,,
2026-02-18,2026-02-18,FO,NSE,STO,138847,,MANAPPURAM,,2026-04-28,2026-04-28,255.0,CE,MANAPPURAM26APR255CE,0.0,0.0,0.0,51.3,0.0,51.3,310.15,59.65,0,0,0,0.0,0,F1,3000,,,,,
2026-02-18,2026-02-18,FO,NSE,STO,138762,,MANAPPURAM,,2026-03-30,2026-03-30,312.5,CE,MANAPPURAM26MAR312.5CE,13.0,13.15,13.0,13.15,13.15,12.85,310.15,14.4,9000,3000,3,2929950.0,3,F1,3000,,,,,
2026-02-18,2026-02-18,FO,NSE,STO,138680,,MANAPPURAM,,2026-03-30,2026-03-30,272.5,CE,MANAPPURAM26MAR272.5CE,0.0,0.0,0.0,34.85,0.0,34.85,310.15,41.45,0,0,0,0.0,0,F1,3000,,,,,
2026-02-18,2026-02-18,FO,NSE,STO,116444,,MANAPPURAM,,2026-02-24,2026-02-24,365.0,CE,MANAPPURAM26FEB365CE,0.0,0.0,0.0,0.1,0.1,0.1,310.15,0.05,105000,0,0,0.0,0,F1,3000,,,,,
2026-02-18,2026-02-18,FO,NSE,STO,136331,,MARICO,,2026-03-30,2026-03-30,710.0,PE,MARICO26MAR710PE,0.0,0.0,0.0,10.35,10.35,10.35,795.95,0.75,2400,0,0,0.0,0,F1,1200,,,,,
2026-02-18,2026-02-18,FO,NSE,STO,136068,,MARICO,,2026-02-24,2026-02-24,835.0,CE,MARICO26FEB835CE,0.45,0.9,0.45,0.65,0.65,0.35,795.95,0.65,61200,15600,38,38108160.0,37,F1,1200,,,,,
2026-02-18,2026-02-18,FO,NSE,STO,139934,,MARICO,,2026-04-28,2026-04-28,740.0,CE,MARICO26APR740CE,0.0,0.0,0.0,44.75,0.0,44.75,795.95,69.8,0,0,0,0.0,0,F1,1200,,,,,
2026-02-18,2026-02-18,FO,NSE,STO,139958,,MARICO,,2026-04-28,2026-04-28,860.0,CE,MARICO26APR860CE,0.0,0.0,0.0,7.25,0.0,7.25,795.95,9.35,0,0,0,0.0,0,F1,1200,,,,,
2026-02-18,2026-02-18,FO,NSE,STO,116745,,MARICO,,2026-02-24,2026-02-24,680.0,PE,MARICO26FEB680PE,0.2,0.25,0.15,0.15,0.15,0.25,795.95,0.05,40800,-61200,79,64481760.0,47,F1,1200,,,,,
2026-02-18,2026-02-18,FO,NSE,STO,116749,,MARICO,,2026-02-24,2026-02-24,720.0,PE,MARICO26FEB720PE,0.25,0.45,0.15,0.35,0.35,0.35,795.95,0.35,367200,6000,248,214372260.0,167,F1,1200,,,,,
2026-02-18,2026-02-18,FO,NSE,STO,136079,,MARICO,,2026-02-24,2026-02-24,870.0,PE,MARICO26FEB870PE,0.0,0.0,0.0,124.65,0.0,124.65,795.95,73.25,0,0,0,0.0,0,F1,1200,,,,,
2026-02-18,2026-02-18,FO,NSE,STO,116768,,MARICO,,2026-02-24,2026-02-24,880.0,PE,MARICO26FEB880PE,0.0,0.0,0.0,139.45,0.0,139.45,795.95,83.25,0,0,0,0.0,0,F1,1200,,,,,
2026-02-18,2026-02-18,FO,NSE,STO,136313,,MARICO,,2026-03-30,2026-03-30,620.0,PE,MARICO26MAR620PE,0.0,0.0,0.0,2.05,0.0,2.05,795.95,0.05,0,0,0,0.0,0,F1,1200,,,,,
2026-02-18,2026-02-18,FO,NSE,STO,136317,,MARICO,,2026-03-30,2026-03-30,640.0,PE,MARICO26MAR640PE,0.0,0.0,0.0,3.75,0.0,3.75,795.95,0.05,0,0,0,0.0,0,F1,1200,,,,,
2026-02-18,2026-02-18,FO,NSE,STO,136319,,MARICO,,2026-03-30,2026-03-30,650.0,PE,MARICO26MAR650PE,0.0,0.0,0.0,4.9,0.0,4.9,795.95,0.05,0,0,0,0.0,0,F1,1200,,,,,
2026-02-18,2026-02-18,FO,NSE,STO,139759,,MARICO,,2026-03-30,2026-03-30,735.0,PE,MARICO26MAR735PE,0.0,0.0,0.0,28.5,28.5,28.5,795.95,2.45,9600,0,0,0.0,0,F1,1200,,,,,
2026-02-18,2026-02-18,FO,NSE,STO,139761,,MARICO,,2026-03-30,2026-03-30,745.0,PE,MARICO26MAR745PE,0.0,0.0,0.0,34.6,34.6,34.6,795.95,3.7,1200,0,0,0.0,0,F1,1200,,,,,
2026-02-18,2026-02-18,FO,NSE,STO,136497,,MARICO,,2026-03-30,2026-03-30,880.0,PE,MARICO26MAR880PE,0.0,0.0,0.0,132.2,0.0,132.2,795.95,80.8,0,0,0,0.0,0,F1,1200,,,,,
2026-02-18,2026-02-18,FO,NSE,STO,136340,,MARICO,,2026-03-30,2026-03-30,760.0,CE,MARICO26MAR760CE,41.35,41.7,41.35,41.7,41.7,29.05,795.95,47.0,16800,2400,2,1923660.0,2,F1,1200,,,,,
2026-02-18,2026-02-18,FO,NSE,STO,139776,,MARICO,,2026-03-30,2026-03-30,825.0,CE,MARICO26MAR825CE,7.65,10.0,7.65,9.8,9.6,7.75,795.95,9.8,7200,7200,10,10007340.0,9,F1,1200,,,,,
2026-02-18,2026-02-18,FO,NSE,STO,139980,,MARICO,,2026-04-28,2026-04-28,880.0,CE,MARICO26APR880CE,0.0,0.0,0.0,5.0,0.0,5.0,795.95,5.85,0,0,0,0.0,0,F1,1200,,,,,
2026-02-18,2026-02-18,FO,NSE,STO,139922,,MARICO,,2026-04-28,2026-04-28,680.0,CE,MARICO26APR680CE,0.0,0.0,0.0,84.9,0.0,84.9,795.95,123.7,0,0,0,0.0,0,F1,1200,,,,,
2026-02-18,2026-02-18,FO,NSE,STO,139924,,MARICO,,2026-04-28,2026-04-28,690.0,CE,MARICO26APR690CE,0.0,0.0,0.0,77.25,0.0,77.25,795.95,114.15,0,0,0,0.0,0,F1,1200,,,,,
2026-02-18,2026-02-18,FO,NSE,STO,139952,,MARICO,,2026-04-28,2026-04-28,830.0,CE,MARICO26APR830CE,0.0,0.0,0.0,12.2,0.0,12.2,795.95,17.45,0,0,0,0.0,0,F1,1200,,,,,
2026-02-18,2026-02-18,FO,NSE,STO,136032,,MARICO,,2026-02-24,2026-02-24,750.0,CE,MARICO26FEB750CE,30.5,45.8,30.5,45.8,45.8,27.4,795.95,45.8,121200,-14400,43,40659600.0,43,F1,1200,,,,,
2026-02-18,2026-02-18,FO,NSE,STO,136046,,MARICO,,2026-02-24,2026-02-24,795.0,CE,MARICO26FEB795CE,2.55,8.95,2.4,7.65,8.0,2.0,795.95,7.65,213600,-75600,3109,2990663640.0,2562,F1,1200,,,,,
2026-02-18,2026-02-18,FO,NSE,STO,136050,,MARICO,,2026-02-24,2026-02-24,810.0,CE,MARICO26FEB810CE,1.1,3.85,0.85,3.05,3.25,0.7,795.95,3.05,368400,226800,3812,3717578820.0,2680,F1,1200,,,,,
2026-02-18,2026-02-18,FO,NSE,STO,136310,,MARICO,,2026-03-30,2026-03-30,610.0,CE,MARICO26MAR610CE,0.0,0.0,0.0,139.65,0.0,139.65,795.95,189.6,0,0,0,0.0,0,F1,1200,,,,,
2026-02-18,2026-02-18,FO,NSE,STO,136312,,MARICO,,2026-03-30,2026-03-30,620.0,CE,MARICO26MAR620CE,0.0,0.0,0.0,130.35,0.0,130.35,795.95,179.7,0,0,0,0.0,0,F1,1200,,,,,
2026-02-18,2026-02-18,FO,NSE,STO,139597,,MARICO,,2026-03-30,2026-03-30,665.0,CE,MARICO26MAR665CE,0.0,0.0,0.0,91.25,0.0,91.25,795.95,135.0,0,0,0,0.0,0,F1,1200,,,,,
2026-02-18,2026-02-18,FO,NSE,STO,136332,,MARICO,,2026-03-30,2026-03-30,720.0,CE,MARICO26MAR720CE,0.0,0.0,0.0,43.25,43.25,43.25,795.95,81.5,12000,0,0,0.0,0,F1,1200,,,,,
2026-02-18,2026-02-18,FO,NSE,STO,139778,,MARICO,,2026-03-30,2026-03-30,835.0,CE,MARICO26MAR835CE,0.0,0.0,0.0,6.2,0.0,6.2,795.95,8.85,0,0,0,0.0,0,F1,1200,,,,,
2026-02-18,2026-02-18,FO,NSE,STO,136484,,MARICO,,2026-03-30,2026-03-30,860.0,CE,MARICO26MAR860CE,0.0,0.0,0.0,6.35,0.0,6.35,795.95,4.05,0,0,0,0.0,0,F1,1200,,,,,
2026-02-18,2026-02-18,FO,NSE,STO,135997,,MARICO,,2026-02-24,2026-02-24,630.0,PE,MARICO26FEB630PE,0.0,0.0,0.0,0.3,0.3,0.3,795.95,0.05,1200,0,0,0.0,0,F1,1200,,,,,
2026-02-18,2026-02-18,FO,NSE,STO,136013,,MARICO,,2026-02-24,2026-02-24,685.0,PE,MARICO26FEB685PE,0.0,0.0,0.0,7.0,0.0,7.0,795.95,0.05,0,0,0,0.0,0,F1,1200,,,,,
2026-02-18,2026-02-18,FO,NSE,STO,136037,,MARICO,,2026-02-24,2026-02-24,765.0,PE,MARICO26FEB765PE,1.95,2.0,0.6,0.65,0.6,3.35,795.95,0.65,320400,202800,869,798949080.0,693,F1,1200,,,,,
2026-02-18,2026-02-18,FO,NSE,STO,136039,,MARICO,,2026-02-24,2026-02-24,770.0,PE,MARICO26FEB770PE,5.75,5.8,0.75,0.85,0.85,4.9,795.95,0.85,752400,528000,1743,1613975760.0,1417,F1,1200,,,,,
2026-02-18,2026-02-18,FO,NSE,STO,139683,,MARICO,,2026-03-30,2026-03-30,685.0,PE,MARICO26MAR685PE,0.0,0.0,0.0,7.85,8.25,7.85,795.95,0.15,6000,0,0,0.0,0,F1,1200,,,,,
2026-02-18,2026-02-18,FO,NSE,STO,139753,,MARICO,,2026-03-30,2026-03-30,705.0,PE,MARICO26MAR705PE,0.0,0.0,0.0,2.55,2.55,2.55,795.95,0.55,2400,0,0,0.0,0,F1,1200,,,,,
2026-02-18,2026-02-18,FO,NSE,STO,139918,,MARICO,,2026-04-28,2026-04-28,660.0,CE,MARICO26APR660CE,0.0,0.0,0.0,101.25,0.0,101.25,795.95,143.05,0,0,0,0.0,0,F1,1200,,,,,
2026-02-18,2026-02-18,FO,NSE,STO,139949,,MARICO,,2026-04-28,2026-04-28,810.0,PE,MARICO26APR810PE,0.0,0.0,0.0,68.65,0.0,68.65,795.95,31.0,0,0,0,0.0,0,F1,1200,,,,,
2026-02-18,2026-02-18,FO,NSE,STO,139925,,MARICO,,2026-04-28,2026-04-28,690.0,PE,MARICO26APR690PE,0.0,0.0,0.0,10.9,0.0,10.9,795.95,1.1,0,0,0,0.0,0,F1,1200,,,,,
2026-02-18,2026-02-18,FO,NSE,STO,136034,,MARICO,,2026-02-24,2026-02-24,755.0,CE,MARICO26FEB755CE,0.0,0.0,0.0,23.1,23.1,23.1,795.95,41.75,102000,0,0,0.0,0,F1,1200,,,,,
2026-02-18,2026-02-18,FO,NSE,STO,136028,,MARICO,,2026-02-24,2026-02-24,735.0,CE,MARICO26FEB735CE,61.5,61.5,61.5,61.5,61.5,36.9,795.95,61.5,48000,-1200,1,955800.0,1,F1,1200,,,,,
2026-02-18,2026-02-18,FO,NSE,STO,135996,,MARICO,,2026-02-24,2026-02-24,630.0,CE,MARICO26FEB630CE,0.0,0.0,0.0,141.0,141.0,141.0,795.95,166.5,13200,0,0,0.0,0,F1,1200,,,,,
2026-02-18,2026-02-18,FO,NSE,STO,136463,,MARICO,,2026-03-30,2026-03-30,840.0,CE,MARICO26MAR840CE,5.3,6.6,5.3,6.6,6.5,4.2,795.95,6.6,12000,10800,13,13200180.0,12,F1,1200,,,,,
2026-02-18,2026-02-18,FO,NSE,STO,136051,,MARICO,,2026-02-24,2026-02-24,810.0,PE,MARICO26FEB810PE,0.0,0.0,0.0,71.45,0.0,71.45,795.95,16.6,0,0,0,0.0,0,F1,1200,,,,,
2026-02-18,2026-02-18,FO,NSE,STO,139625,,MARICO,,2026-03-30,2026-03-30,675.0,PE,MARICO26MAR675PE,0.0,0.0,0.0,5.9,5.9,5.9,795.95,0.1,2400,0,0,0.0,0,F1,1200,,,,,
2026-02-18,2026-02-18,FO,NSE,STO,139765,,MARICO,,2026-03-30,2026-03-30,765.0,PE,MARICO26MAR765PE,0.0,0.0,0.0,35.8,0.0,35.8,795.95,7.7,0,0,0,0.0,0,F1,1200,,,,,
2026-02-18,2026-02-18,FO,NSE,STO,136336,,MARICO,,2026-03-30,2026-03-30,740.0,CE,MARICO26MAR740CE,0.0,0.0,0.0,26.0,26.0,26.0,795.95,63.4,4800,0,0,0.0,0,F1,1200,,,,,
2026-02-18,2026-02-18,FO,NSE,STO,139756,,MARICO,,2026-03-30,2026-03-30,725.0,CE,MARICO26MAR725CE,0.0,0.0,0.0,22.55,22.55,22.55,795.95,76.85,1200,0,0,0.0,0,F1,1200,,,,,
2026-02-18,2026-02-18,FO,NSE,STO,139836,,MARICO,,2026-04-28,2026-04-28,600.0,CE,MARICO26APR600CE,0.0,0.0,0.0,155.85,0.0,155.85,795.95,202.15,0,0,0,0.0,0,F1,1200,,,,,
2026-02-18,2026-02-18,FO,NSE,STO,139837,,MARICO,,2026-04-28,2026-04-28,600.0,PE,MARICO26APR600PE,0.0,0.0,0.0,0.85,0.0,0.85,795.95,0.05,0,0,0,0.0,0,F1,1200,,,,,
2026-02-18,2026-02-18,FO,NSE,STO,136031,,MARICO,,2026-02-24,2026-02-24,745.0,PE,MARICO26FEB745PE,0.75,0.75,0.4,0.4,0.4,0.75,795.95,0.4,120000,-13200,27,24156420.0,18,F1,1200,,,,,
2026-02-18,2026-02-18,FO,NSE,STO,136029,,MARICO,,2026-02-24,2026-02-24,735.0,PE,MARICO26FEB735PE,0.35,0.45,0.3,0.35,0.35,0.4,795.95,0.35,306000,-390000,507,447416040.0,304,F1,1200,,,,,
2026-02-18,2026-02-18,FO,NSE,STO,139930,,MARICO,,2026-04-28,2026-04-28,720.0,CE,MARICO26APR720CE,0.0,0.0,0.0,56.5,0.0,56.5,795.95,86.7,0,0,0,0.0,0,F1,1200,,,,,
2026-02-18,2026-02-18,FO,NSE,STO,139617,,MARICO,,2026-03-30,2026-03-30,665.0,PE,MARICO26MAR665PE,0.0,0.0,0.0,3.5,0.0,3.5,795.95,0.05,0,0,0,0.0,0,F1,1200,,,,,
2026-02-18,2026-02-18,FO,NSE,STO,136040,,MARICO,,2026-02-24,2026-02-24,775.0,CE,MARICO26FEB775CE,7.0,21.8,7.0,21.1,21.0,8.45,795.95,21.1,76800,-24000,192,182047800.0,187,F1,1200,,,,,
2026-02-18,2026-02-18,FO,NSE,STO,139692,,MARICO,,2026-03-30,2026-03-30,705.0,CE,MARICO26MAR705CE,0.0,0.0,0.0,59.05,0.0,59.05,795.95,95.75,0,0,0,0.0,0,F1,1200,,,,,
2026-02-18,2026-02-18,FO,NSE,STO,135991,,MARICO,,2026-02-24,2026-02-24,610.0,PE,MARICO26FEB610PE,0.0,0.0,0.0,0.45,0.0,0.45,795.95,0.05,0,0,0,0.0,0,F1,1200,,,,,
2026-02-18,2026-02-18,FO,NSE,STO,136007,,MARICO,,2026-02-24,2026-02-24,665.0,PE,MARICO26FEB665PE,0.0,0.0,0.0,3.8,0.0,3.8,795.95,0.05,0,0,0,0.0,0,F1,1200,,,,,
2026-02-18,2026-02-18,FO,NSE,STO,136041,,MARICO,,2026-02-24,2026-02-24,775.0,PE,MARICO26FEB775PE,5.15,5.15,1.15,1.3,1.15,7.05,795.95,1.3,372000,308400,820,764838180.0,741,F1,1200,,,,,
2026-02-18,2026-02-18,FO,NSE,STO,136053,,MARICO,,2026-02-24,2026-02-24,815.0,PE,MARICO26FEB815PE,0.0,0.0,0.0,75.55,0.0,75.55,795.95,20.5,0,0,0,0.0,0,F1,1200,,,,,
2026-02-18,2026-02-18,FO,NSE,STO,139763,,MARICO,,2026-03-30,2026-03-30,755.0,PE,MARICO26MAR755PE,0.0,0.0,0.0,30.35,0.0,30.35,795.95,5.4,0,0,0,0.0,0,F1,1200,,,,,
2026-02-18,2026-02-18,FO,NSE,STO,136353,,MARICO,,2026-03-30,2026-03-30,810.0,PE,MARICO26MAR810PE,0.0,0.0,0.0,73.9,0.0,73.9,795.95,26.3,0,0,0,0.0,0,F1,1200,,,,,
2026-02-18,2026-02-18,FO,NSE,STO,139927,,MARICO,,2026-04-28,2026-04-28,700.0,PE,MARICO26APR700PE,0.0,0.0,0.0,13.45,0.0,13.45,795.95,1.6,0,0,0,0.0,0,F1,1200,,,,,
2026-02-18,2026-02-18,FO,NSE,STO,139935,,MARICO,,2026-04-28,2026-04-28,740.0,PE,MARICO26APR740PE,0.0,0.0,0.0,27.6,0.0,27.6,795.95,6.2,0,0,0,0.0,0,F1,1200,,,,,
2026-02-18,2026-02-18,FO,NSE,STO,139945,,MARICO,,2026-04-28,2026-04-28,790.0,PE,MARICO26APR790PE,0.0,0.0,0.0,54.95,0.0,54.95,795.95,21.2,0,0,0,0.0,0,F1,1200,,,,,
2026-02-18,2026-02-18,FO,NSE,STO,116744,,MARICO,,2026-02-24,2026-02-24,680.0,CE,MARICO26FEB680CE,0.0,0.0,0.0,74.1,0.0,74.1,795.95,116.55,0,0,0,0.0,0,F1,1200,,,,,
2026-02-18,2026-02-18,FO,NSE,STO,116757,,MARICO,,2026-02-24,2026-02-24,800.0,PE,MARICO26FEB800PE,14.4,15.1,9.6,10.3,10.0,24.3,795.95,10.3,61200,21600,135,131525460.0,129,F1,1200,,,,,
2026-02-18,2026-02-18,FO,NSE,STO,136002,,MARICO,,2026-02-24,2026-02-24,650.0,CE,MARICO26FEB650CE,0.0,0.0,0.0,116.6,116.6,116.6,795.95,146.55,1200,0,0,0.0,0,F1,1200,,,,,
2026-02-18,2026-02-18,FO,NSE,STO,116742,,MARICO,,2026-02-24,2026-02-24,660.0,CE,MARICO26FEB660CE,0.0,0.0,0.0,85.95,85.95,85.95,795.95,136.55,3600,0,0,0.0,0,F1,1200,,,,,
2026-02-18,2026-02-18,FO,NSE,STO,136010,,MARICO,,2026-02-24,2026-02-24,675.0,CE,MARICO26FEB675CE,0.0,0.0,0.0,75.55,0.0,75.55,795.95,121.55,0,0,0,0.0,0,F1,1200,,,,,
2026-02-18,2026-02-18,FO,NSE,STO,136016,,MARICO,,2026-02-24,2026-02-24,695.0,CE,MARICO26FEB695CE,0.0,0.0,0.0,59.7,0.0,59.7,795.95,101.6,0,0,0,0.0,0,F1,1200,,,,,
2026-02-18,2026-02-18,FO,NSE,STO,116746,,MARICO,,2026-02-24,2026-02-24,700.0,CE,MARICO26FEB700CE,0.0,0.0,0.0,62.75,62.75,62.75,795.95,96.6,32400,0,0,0.0,0,F1,1200,,,,,
2026-02-18,2026-02-18,FO,NSE,STO,136052,,MARICO,,2026-02-24,2026-02-24,815.0,CE,MARICO26FEB815CE,1.0,2.9,0.75,2.1,2.45,0.45,795.95,2.1,181200,141600,650,637125720.0,593,F1,1200,,,,,
2026-02-18,2026-02-18,FO,NSE,STO,139626,,MARICO,,2026-03-30,2026-03-30,685.0,CE,MARICO26MAR685CE,0.0,0.0,0.0,74.4,0.0,74.4,795.95,115.25,0,0,0,0.0,0,F1,1200,,,,,
2026-02-18,2026-02-18,FO,NSE,STO,139762,,MARICO,,2026-03-30,2026-03-30,755.0,CE,MARICO26MAR755CE,0.0,0.0,0.0,13.45,13.45,13.45,795.95,50.9,2400,0,0,0.0,0,F1,1200,,,,,
2026-02-18,2026-02-18,FO,NSE,STO,136342,,MARICO,,2026-03-30,2026-03-30,770.0,CE,MARICO26MAR770CE,32.0,36.0,32.0,34.5,34.5,23.95,795.95,39.65,33600,15600,13,12536400.0,6,F1,1200,,,,,
2026-02-18,2026-02-18,FO,NSE,STO,136045,,MARICO,,2026-02-24,2026-02-24,790.0,PE,MARICO26FEB790PE,12.2,12.75,4.45,5.0,4.55,16.25,795.95,5.0,314400,307200,1266,1210354860.0,998,F1,1200,,,,,
2026-02-18,2026-02-18,FO,NSE,STO,116759,,MARICO,,2026-02-24,2026-02-24,820.0,PE,MARICO26FEB820PE,0.0,0.0,0.0,88.05,0.0,88.05,795.95,24.7,0,0,0,0.0,0,F1,1200,,,,,
2026-02-18,2026-02-18,FO,NSE,STO,136069,,MARICO,,2026-02-24,2026-02-24,835.0,PE,MARICO26FEB835PE,0.0,0.0,0.0,92.65,0.0,92.65,795.95,38.6,0,0,0,0.0,0,F1,1200,,,,,
2026-02-18,2026-02-18,FO,NSE,STO,136321,,MARICO,,2026-03-30,2026-03-30,660.0,PE,MARICO26MAR660PE,0.0,0.0,0.0,1.15,1.15,1.15,795.95,0.05,25200,0,0,0.0,0,F1,1200,,,,,
2026-02-18,2026-02-18,FO,NSE,STO,136323,,MARICO,,2026-03-30,2026-03-30,670.0,PE,MARICO26MAR670PE,0.0,0.0,0.0,3.95,3.95,3.95,795.95,0.05,3600,0,0,0.0,0,F1,1200,,,,,
2026-02-18,2026-02-18,FO,NSE,STO,136329,,MARICO,,2026-03-30,2026-03-30,700.0,PE,MARICO26MAR700PE,1.35,1.4,1.15,1.2,1.15,1.65,795.95,1.2,33600,7200,16,13464660.0,16,F1,1200,,,,,
2026-02-18,2026-02-18,FO,NSE,STO,136351,,MARICO,,2026-03-30,2026-03-30,800.0,PE,MARICO26MAR800PE,29.65,29.65,21.35,21.7,21.95,66.6,795.95,21.7,40800,40800,48,47503920.0,48,F1,1200,,,,,
2026-02-18,2026-02-18,FO,NSE,STO,139775,,MARICO,,2026-03-30,2026-03-30,815.0,PE,MARICO26MAR815PE,0.0,0.0,0.0,70.25,0.0,70.25,795.95,29.3,0,0,0,0.0,0,F1,1200,,,,,
2026-02-18,2026-02-18,FO,NSE,STO,139933,,MARICO,,2026-04-28,2026-04-28,730.0,PE,MARICO26APR730PE,0.0,0.0,0.0,23.4,0.0,23.4,795.95,4.6,0,0,0,0.0,0,F1,1200,,,,,
2026-02-18,2026-02-18,FO,NSE,STO,139774,,MARICO,,2026-03-30,2026-03-30,815.0,CE,MARICO26MAR815CE,0.0,0.0,0.0,9.55,0.0,9.55,795.95,15.15,0,0,0,0.0,0,F1,1200,,,,,
2026-02-18,2026-02-18,FO,NSE,STO,136008,,MARICO,,2026-02-24,2026-02-24,670.0,CE,MARICO26FEB670CE,0.0,0.0,0.0,79.75,0.0,79.75,795.95,126.55,0,0,0,0.0,0,F1,1200,,,,,
2026-02-18,2026-02-18,FO,NSE,STO,136038,,MARICO,,2026-02-24,2026-02-24,770.0,CE,MARICO26FEB770CE,11.0,26.55,11.0,26.25,26.5,11.35,795.95,26.25,138000,-133200,544,514699260.0,475,F1,1200,,,,,
2026-02-18,2026-02-18,FO,NSE,STO,136320,,MARICO,,2026-03-30,2026-03-30,660.0,CE,MARICO26MAR660CE,0.0,0.0,0.0,95.25,0.0,95.25,795.95,139.95,0,0,0,0.0,0,F1,1200,,,,,
2026-02-18,2026-02-18,FO,NSE,STO,136326,,MARICO,,2026-03-30,2026-03-30,690.0,CE,MARICO26MAR690CE,0.0,0.0,0.0,71.9,0.0,71.9,795.95,110.3,0,0,0,0.0,0,F1,1200,,,,,
2026-02-18,2026-02-18,FO,NSE,STO,139764,,MARICO,,2026-03-30,2026-03-30,765.0,CE,MARICO26MAR765CE,0.0,0.0,0.0,10.75,10.75,10.75,795.95,43.25,1200,0,0,0.0,0,F1,1200,,,,,
2026-02-18,2026-02-18,FO,NSE,STO,139766,,MARICO,,2026-03-30,2026-03-30,775.0,CE,MARICO26MAR775CE,22.0,33.75,22.0,33.75,33.75,21.0,795.95,33.75,1200,0,2,1926900.0,2,F1,1200,,,,,
2026-02-18,2026-02-18,FO,NSE,STO,139768,,MARICO,,2026-03-30,2026-03-30,785.0,CE,MARICO26MAR785CE,0.0,0.0,0.0,17.25,0.0,17.25,795.95,29.85,0,0,0,0.0,0,F1,1200,,,,,
2026-02-18,2026-02-18,FO,NSE,STO,136346,,MARICO,,2026-03-30,2026-03-30,790.0,CE,MARICO26MAR790CE,19.95,24.0,19.95,23.55,23.75,20.45,795.95,23.55,36000,36000,97,94537560.0,92,F1,1200,,,,,
2026-02-18,2026-02-18,FO,NSE,STO,136469,,MARICO,,2026-03-30,2026-03-30,850.0,CE,MARICO26MAR850CE,3.3,5.25,2.85,4.9,5.1,2.7,795.95,4.9,102000,75600,187,191732580.0,165,F1,1200,,,,,
2026-02-18,2026-02-18,FO,NSE,STO,139932,,MARICO,,2026-04-28,2026-04-28,730.0,CE,MARICO26APR730CE,0.0,0.0,0.0,50.4,0.0,50.4,795.95,78.1,0,0,0,0.0,0,F1,1200,,,,,
2026-02-18,2026-02-18,FO,NSE,STO,136009,,MARICO,,2026-02-24,2026-02-24,670.0,PE,MARICO26FEB670PE,0.0,0.0,0.0,0.2,0.2,0.2,795.95,0.05,22800,0,0,0.0,0,F1,1200,,,,,
2026-02-18,2026-02-18,FO,NSE,STO,136015,,MARICO,,2026-02-24,2026-02-24,690.0,PE,MARICO26FEB690PE,0.25,0.3,0.2,0.2,0.2,0.25,795.95,0.05,112800,-40800,52,43070280.0,38,F1,1200,,,,,
2026-02-18,2026-02-18,FO,NSE,STO,136017,,MARICO,,2026-02-24,2026-02-24,695.0,PE,MARICO26FEB695PE,0.0,0.0,0.0,0.45,0.45,0.45,795.95,0.05,24000,0,0,0.0,0,F1,1200,,,,,
2026-02-18,2026-02-18,FO,NSE,STO,116747,,MARICO,,2026-02-24,2026-02-24,700.0,PE,MARICO26FEB700PE,0.4,0.4,0.2,0.25,0.25,0.45,795.95,0.05,103200,-10800,24,20168820.0,21,F1,1200,,,,,
2026-02-18,2026-02-18,FO,NSE,STO,136043,,MARICO,,2026-02-24,2026-02-24,785.0,PE,MARICO26FEB785PE,9.15,9.25,2.9,3.25,3.0,40.15,795.95,3.25,194400,192000,641,607820280.0,537,F1,1200,,,,,
2026-02-18,2026-02-18,FO,NSE,STO,136311,,MARICO,,2026-03-30,2026-03-30,610.0,PE,MARICO26MAR610PE,0.0,0.0,0.0,1.5,0.0,1.5,795.95,0.05,0,0,0,0.0,0,F1,1200,,,,,
2026-02-18,2026-02-18,FO,NSE,STO,136327,,MARICO,,2026-03-30,2026-03-30,690.0,PE,MARICO26MAR690PE,0.0,0.0,0.0,7.0,7.0,7.0,795.95,0.25,7200,0,0,0.0,0,F1,1200,,,,,
2026-02-18,2026-02-18,FO,NSE,STO,136337,,MARICO,,2026-03-30,2026-03-30,740.0,PE,MARICO26MAR740PE,4.45,4.85,3.35,3.4,3.4,6.35,795.95,3.4,37200,14400,53,47314920.0,44,F1,1200,,,,,
2026-02-18,2026-02-18,FO,NSE,STO,136341,,MARICO,,2026-03-30,2026-03-30,760.0,PE,MARICO26MAR760PE,12.05,12.05,6.4,6.65,6.7,11.6,795.95,6.65,46800,19200,52,47921520.0,48,F1,1200,,,,,
2026-02-18,2026-02-18,FO,NSE,STO,139921,,MARICO,,2026-04-28,2026-04-28,670.0,PE,MARICO26APR670PE,0.0,0.0,0.0,6.9,0.0,6.9,795.95,0.45,0,0,0,0.0,0,F1,1200,,,,,
2026-02-18,2026-02-18,FO,NSE,STO,139929,,MARICO,,2026-04-28,2026-04-28,710.0,PE,MARICO26APR710PE,0.0,0.0,0.0,16.3,0.0,16.3,795.95,2.35,0,0,0,0.0,0,F1,1200,,,,,
2026-02-18,2026-02-18,FO,NSE,STO,139951,,MARICO,,2026-04-28,2026-04-28,820.0,PE,MARICO26APR820PE,0.0,0.0,0.0,76.05,0.0,76.05,795.95,36.7,0,0,0,0.0,0,F1,1200,,,,,
2026-02-18,2026-02-18,FO,NSE,STO,139961,,MARICO,,2026-04-28,2026-04-28,860.0,PE,MARICO26APR860PE,0.0,0.0,0.0,108.3,0.0,108.3,795.95,64.5,0,0,0,0.0,0,F1,1200,,,,,
2026-02-18,2026-02-18,FO,NSE,STO,136026,,MARICO,,2026-02-24,2026-02-24,730.0,CE,MARICO26FEB730CE,45.0,48.7,45.0,48.7,48.7,33.2,795.95,66.6,104400,-6000,14,13038000.0,9,F1,1200,,,,,
2026-02-18,2026-02-18,FO,NSE,STO,136020,,MARICO,,2026-02-24,2026-02-24,710.0,CE,MARICO26FEB710CE,0.0,0.0,0.0,19.8,19.8,19.8,795.95,86.6,10800,0,0,0.0,0,F1,1200,,,,,
2026-02-18,2026-02-18,FO,NSE,STO,116750,,MARICO,,2026-02-24,2026-02-24,740.0,CE,MARICO26FEB740CE,55.15,55.15,53.1,53.1,53.1,37.2,795.95,56.65,72000,-1200,4,3809700.0,4,F1,1200,,,,,
2026-02-18,2026-02-18,FO,NSE,STO,116760,,MARICO,,2026-02-24,2026-02-24,840.0,CE,MARICO26FEB840CE,0.4,0.75,0.4,0.5,0.5,0.15,795.95,0.5,78000,-9600,100,100862880.0,81,F1,1200,,,,,
2026-02-18,2026-02-18,FO,NSE,STO,139950,,MARICO,,2026-04-28,2026-04-28,820.0,CE,MARICO26APR820CE,0.0,0.0,0.0,14.4,0.0,14.4,795.95,21.15,0,0,0,0.0,0,F1,1200,,,,,
2026-02-18,2026-02-18,FO,NSE,STO,139920,,MARICO,,2026-04-28,2026-04-28,670.0,CE,MARICO26APR670CE,0.0,0.0,0.0,92.95,0.0,92.95,795.95,133.3,0,0,0,0.0,0,F1,1200,,,,,
2026-02-18,2026-02-18,FO,NSE,STO,136502,,MARICO,,2026-03-30,2026-03-30,900.0,CE,MARICO26MAR900CE,1.0,2.95,1.0,1.5,1.5,1.0,795.95,1.5,51600,40800,48,51925140.0,39,F1,1200,,,,,
2026-02-18,2026-02-18,FO,NSE,STO,136356,,MARICO,,2026-03-30,2026-03-30,830.0,CE,MARICO26MAR830CE,0.0,0.0,0.0,10.75,0.0,10.75,795.95,10.15,0,0,0,0.0,0,F1,1200,,,,,
2026-02-18,2026-02-18,FO,NSE,STO,136350,,MARICO,,2026-03-30,2026-03-30,800.0,CE,MARICO26MAR800CE,12.0,19.0,11.85,18.65,19.0,11.15,795.95,18.65,231600,134400,502,491962740.0,466,F1,1200,,,,,
2026-02-18,2026-02-18,FO,NSE,STO,139758,,MARICO,,2026-03-30,2026-03-30,735.0,CE,MARICO26MAR735CE,0.0,0.0,0.0,30.0,30.0,30.0,795.95,67.8,3600,0,0,0.0,0,F1,1200,,,,,
2026-02-18,2026-02-18,FO,NSE,STO,136328,,MARICO,,2026-03-30,2026-03-30,700.0,CE,MARICO26MAR700CE,0.0,0.0,0.0,64.85,0.0,64.85,795.95,100.55,0,0,0,0.0,0,F1,1200,,,,,
2026-02-18,2026-02-18,FO,NSE,STO,139946,,MARICO,,2026-04-28,2026-04-28,800.0,CE,MARICO26APR800CE,0.0,0.0,0.0,19.7,0.0,19.7,795.95,30.05,0,0,0,0.0,0,F1,1200,,,,,
2026-02-18,2026-02-18,FO,NSE,STO,139954,,MARICO,,2026-04-28,2026-04-28,840.0,CE,MARICO26APR840CE,0.0,0.0,0.0,10.3,0.0,10.3,795.95,14.3,0,0,0,0.0,0,F1,1200,,,,,
2026-02-18,2026-02-18,FO,NSE,STO,139984,,MARICO,,2026-04-28,2026-04-28,900.0,CE,MARICO26APR900CE,0.0,0.0,0.0,3.4,0.0,3.4,795.95,3.55,0,0,0,0.0,0,F1,1200,,,,,
2026-02-18,2026-02-18,FO,NSE,STO,136023,,MARICO,,2026-02-24,2026-02-24,715.0,PE,MARICO26FEB715PE,0.0,0.0,0.0,0.35,0.35,0.35,795.95,0.05,60000,0,0,0.0,0,F1,1200,,,,,
2026-02-18,2026-02-18,FO,NSE,STO,136049,,MARICO,,2026-02-24,2026-02-24,805.0,PE,MARICO26FEB805PE,0.0,0.0,0.0,35.75,35.75,35.75,795.95,13.1,6000,0,0,0.0,0,F1,1200,,,,,
2026-02-18,2026-02-18,FO,NSE,STO,136315,,MARICO,,2026-03-30,2026-03-30,630.0,PE,MARICO26MAR630PE,0.0,0.0,0.0,2.8,0.0,2.8,795.95,0.05,0,0,0,0.0,0,F1,1200,,,,,
2026-02-18,2026-02-18,FO,NSE,STO,136339,,MARICO,,2026-03-30,2026-03-30,750.0,PE,MARICO26MAR750PE,6.9,6.9,4.7,4.8,4.7,9.0,795.95,4.8,52800,40800,71,64349040.0,60,F1,1200,,,,,
2026-02-18,2026-02-18,FO,NSE,STO,139773,,MARICO,,2026-03-30,2026-03-30,805.0,PE,MARICO26MAR805PE,0.0,0.0,0.0,62.55,0.0,62.55,795.95,23.5,0,0,0,0.0,0,F1,1200,,,,,
2026-02-18,2026-02-18,FO,NSE,STO,139777,,MARICO,,2026-03-30,2026-03-30,825.0,PE,MARICO26MAR825PE,0.0,0.0,0.0,78.3,0.0,78.3,795.95,35.75,0,0,0,0.0,0,F1,1200,,,,,
2026-02-18,2026-02-18,FO,NSE,STO,136036,,MARICO,,2026-02-24,2026-02-24,765.0,CE,MARICO26FEB765CE,19.0,30.55,18.0,30.15,30.15,14.9,795.95,30.15,82800,-10800,49,46431000.0,44,F1,1200,,,,,
2026-02-18,2026-02-18,FO,NSE,STO,136024,,MARICO,,2026-02-24,2026-02-24,725.0,CE,MARICO26FEB725CE,0.0,0.0,0.0,31.35,31.35,31.35,795.95,71.6,36000,0,0,0.0,0,F1,1200,,,,,
2026-02-18,2026-02-18,FO,NSE,STO,136022,,MARICO,,2026-02-24,2026-02-24,715.0,CE,MARICO26FEB715CE,0.0,0.0,0.0,19.8,19.8,19.8,795.95,81.6,3600,0,0,0.0,0,F1,1200,,,,,
2026-02-18,2026-02-18,FO,NSE,STO,116758,,MARICO,,2026-02-24,2026-02-24,820.0,CE,MARICO26FEB820CE,0.6,2.2,0.5,1.55,1.75,0.5,795.95,1.55,279600,69600,998,983723400.0,844,F1,1200,,,,,
2026-02-18,2026-02-18,FO,NSE,STO,116762,,MARICO,,2026-02-24,2026-02-24,860.0,CE,MARICO26FEB860CE,0.4,0.55,0.35,0.4,0.4,0.15,795.95,0.4,72000,44400,65,67115640.0,44,F1,1200,,,,,
2026-02-18,2026-02-18,FO,NSE,STO,139618,,MARICO,,2026-03-30,2026-03-30,675.0,CE,MARICO26MAR675CE,0.0,0.0,0.0,82.65,0.0,82.65,795.95,125.1,0,0,0,0.0,0,F1,1200,,,,,
2026-02-18,2026-02-18,FO,NSE,STO,136344,,MARICO,,2026-03-30,2026-03-30,780.0,CE,MARICO26MAR780CE,22.1,29.65,20.7,27.8,26.5,18.45,795.95,27.8,33600,4800,73,70611960.0,69,F1,1200,,,,,
2026-02-18,2026-02-18,FO,NSE,STO,136462,,MARICO,,2026-03-30,2026-03-30,830.0,PE,MARICO26MAR830PE,0.0,0.0,0.0,89.4,0.0,89.4,795.95,39.25,0,0,0,0.0,0,F1,1200,,,,,
2026-02-18,2026-02-18,FO,NSE,STO,139779,,MARICO,,2026-03-30,2026-03-30,835.0,PE,MARICO26MAR835PE,0.0,0.0,0.0,86.65,0.0,86.65,795.95,42.85,0,0,0,0.0,0,F1,1200,,,,,
2026-02-18,2026-02-18,FO,NSE,STO,139939,,MARICO,,2026-04-28,2026-04-28,760.0,PE,MARICO26APR760PE,0.0,0.0,0.0,37.3,0.0,37.3,795.95,10.7,0,0,0,0.0,0,F1,1200,,,,,
2026-02-18,2026-02-18,FO,NSE,STO,136486,,MARICO,,2026-03-30,2026-03-30,870.0,CE,MARICO26MAR870CE,0.0,0.0,0.0,5.25,0.0,5.25,795.95,2.9,0,0,0,0.0,0,F1,1200,,,,,
2026-02-18,2026-02-18,FO,NSE,STO,139760,,MARICO,,2026-03-30,2026-03-30,745.0,CE,MARICO26MAR745CE,0.0,0.0,0.0,34.0,0.0,34.0,795.95,59.15,0,0,0,0.0,0,F1,1200,,,,,
2026-02-18,2026-02-18,FO,NSE,STO,139754,,MARICO,,2026-03-30,2026-03-30,715.0,CE,MARICO26MAR715CE,0.0,0.0,0.0,52.0,0.0,52.0,795.95,86.2,0,0,0,0.0,0,F1,1200,,,,,
2026-02-18,2026-02-18,FO,NSE,STO,139684,,MARICO,,2026-03-30,2026-03-30,695.0,CE,MARICO26MAR695CE,0.0,0.0,0.0,66.5,0.0,66.5,795.95,105.45,0,0,0,0.0,0,F1,1200,,,,,
2026-02-18,2026-02-18,FO,NSE,STO,136355,,MARICO,,2026-03-30,2026-03-30,820.0,PE,MARICO26MAR820PE,0.0,0.0,0.0,81.5,0.0,81.5,795.95,32.45,0,0,0,0.0,0,F1,1200,,,,,
2026-02-18,2026-02-18,FO,NSE,STO,136468,,MARICO,,2026-03-30,2026-03-30,840.0,PE,MARICO26MAR840PE,0.0,0.0,0.0,97.5,0.0,97.5,795.95,46.65,0,0,0,0.0,0,F1,1200,,,,,
2026-02-18,2026-02-18,FO,NSE,STO,139923,,MARICO,,2026-04-28,2026-04-28,680.0,PE,MARICO26APR680PE,0.0,0.0,0.0,8.7,0.0,8.7,795.95,0.7,0,0,0,0.0,0,F1,1200,,,,,
2026-02-18,2026-02-18,FO,NSE,STO,139931,,MARICO,,2026-04-28,2026-04-28,720.0,PE,MARICO26APR720PE,0.0,0.0,0.0,19.65,0.0,19.65,795.95,3.3,0,0,0,0.0,0,F1,1200,,,,,
2026-02-18,2026-02-18,FO,NSE,STO,139955,,MARICO,,2026-04-28,2026-04-28,840.0,PE,MARICO26APR840PE,0.0,0.0,0.0,91.65,0.0,91.65,795.95,49.65,0,0,0,0.0,0,F1,1200,,,,,
2026-02-18,2026-02-18,FO,NSE,STO,139953,,MARICO,,2026-04-28,2026-04-28,830.0,PE,MARICO26APR830PE,0.0,0.0,0.0,83.7,0.0,83.7,795.95,42.95,0,0,0,0.0,0,F1,1200,,,,,
2026-02-18,2026-02-18,FO,NSE,STO,116764,,MARICO,,2026-02-24,2026-02-24,880.0,CE,MARICO26FEB880CE,0.1,0.25,0.1,0.15,0.15,0.1,795.95,0.05,26400,-3600,15,15843300.0,15,F1,1200,,,,,
2026-02-18,2026-02-18,FO,NSE,STO,139937,,MARICO,,2026-04-28,2026-04-28,750.0,PE,MARICO26APR750PE,0.0,0.0,0.0,32.2,0.0,32.2,795.95,8.25,0,0,0,0.0,0,F1,1200,,,,,
2026-02-18,2026-02-18,FO,NSE,STO,139947,,MARICO,,2026-04-28,2026-04-28,800.0,PE,MARICO26APR800PE,0.0,0.0,0.0,61.65,0.0,61.65,795.95,25.8,0,0,0,0.0,0,F1,1200,,,,,
2026-02-18,2026-02-18,FO,NSE,STO,136314,,MARICO,,2026-03-30,2026-03-30,630.0,CE,MARICO26MAR630CE,0.0,0.0,0.0,121.25,0.0,121.25,795.95,169.75,0,0,0,0.0,0,F1,1200,,,,,
2026-02-18,2026-02-18,FO,NSE,STO,139772,,MARICO,,2026-03-30,2026-03-30,805.0,CE,MARICO26MAR805CE,0.0,0.0,0.0,11.75,0.0,11.75,795.95,19.3,0,0,0,0.0,0,F1,1200,,,,,
2026-02-18,2026-02-18,FO,NSE,STO,139868,,MARICO,,2026-04-28,2026-04-28,640.0,CE,MARICO26APR640CE,0.0,0.0,0.0,118.7,0.0,118.7,795.95,162.65,0,0,0,0.0,0,F1,1200,,,,,
2026-02-18,2026-02-18,FO,NSE,STO,116741,,MARICO,,2026-02-24,2026-02-24,640.0,PE,MARICO26FEB640PE,0.0,0.0,0.0,0.15,0.15,0.15,795.95,0.05,54000,0,0,0.0,0,F1,1200,,,,,
2026-02-18,2026-02-18,FO,NSE,STO,136025,,MARICO,,2026-02-24,2026-02-24,725.0,PE,MARICO26FEB725PE,0.3,0.4,0.3,0.35,0.35,0.4,795.95,0.35,48000,-27600,73,63542340.0,43,F1,1200,,,,,
2026-02-18,2026-02-18,FO,NSE,STO,139691,,MARICO,,2026-03-30,2026-03-30,695.0,PE,MARICO26MAR695PE,0.0,0.0,0.0,10.0,10.0,10.0,795.95,0.3,2400,0,0,0.0,0,F1,1200,,,,,
2026-02-18,2026-02-18,FO,NSE,STO,139757,,MARICO,,2026-03-30,2026-03-30,725.0,PE,MARICO26MAR725PE,0.0,0.0,0.0,24.9,24.9,24.9,795.95,1.55,2400,0,0,0.0,0,F1,1200,,,,,
2026-02-18,2026-02-18,FO,NSE,STO,139771,,MARICO,,2026-03-30,2026-03-30,795.0,PE,MARICO26MAR795PE,0.0,0.0,0.0,55.15,0.0,55.15,795.95,18.45,0,0,0,0.0,0,F1,1200,,,,,
2026-02-18,2026-02-18,FO,NSE,STO,116738,,MARICO,,2026-02-24,2026-02-24,620.0,CE,MARICO26FEB620CE,0.0,0.0,0.0,123.55,0.0,123.55,795.95,176.5,0,0,0,0.0,0,F1,1200,,,,,
2026-02-18,2026-02-18,FO,NSE,STO,116740,,MARICO,,2026-02-24,2026-02-24,640.0,CE,MARICO26FEB640CE,0.0,0.0,0.0,105.95,0.0,105.95,795.95,156.55,0,0,0,0.0,0,F1,1200,,,,,
2026-02-18,2026-02-18,FO,NSE,STO,136012,,MARICO,,2026-02-24,2026-02-24,685.0,CE,MARICO26FEB685CE,0.0,0.0,0.0,67.4,0.0,67.4,795.95,111.55,0,0,0,0.0,0,F1,1200,,,,,
2026-02-18,2026-02-18,FO,NSE,STO,116752,,MARICO,,2026-02-24,2026-02-24,760.0,CE,MARICO26FEB760CE,20.15,35.8,20.15,35.8,35.8,18.75,795.95,35.8,139200,-34800,91,86176380.0,84,F1,1200,,,,,
2026-02-18,2026-02-18,FO,NSE,STO,116754,,MARICO,,2026-02-24,2026-02-24,780.0,CE,MARICO26FEB780CE,6.6,18.4,5.15,16.9,18.4,6.05,795.95,16.9,214800,-320400,1725,1637134680.0,1387,F1,1200,,,,,
2026-02-18,2026-02-18,FO,NSE,STO,136084,,MARICO,,2026-02-24,2026-02-24,890.0,CE,MARICO26FEB890CE,0.05,0.05,0.05,0.05,0.05,0.05,795.95,0.05,21600,-15600,14,14952840.0,3,F1,1200,,,,,
2026-02-18,2026-02-18,FO,NSE,STO,136054,,MARICO,,2026-02-24,2026-02-24,825.0,CE,MARICO26FEB825CE,0.45,1.65,0.45,1.2,1.3,0.5,795.95,1.2,180000,13200,523,518413500.0,381,F1,1200,,,,,
2026-02-18,2026-02-18,FO,NSE,STF,51974,,MARICO,,2026-03-30,2026-03-30,,,MARICO26MARFUT,779.15,797.8,777.75,796.6,797.75,778.0,795.95,796.6,1052400,782400,1072,1018593900.0,804,F1,1200,,,,,
2026-02-18,2026-02-18,FO,NSE,STF,59418,,MARICO,,2026-02-24,2026-02-24,,,MARICO26FEBFUT,784.7,797.45,773.9,795.6,796.15,776.55,795.95,795.6,27752400,-195600,3392,3216631140.0,2897,F1,1200,,,,,
2026-02-18,2026-02-18,FO,NSE,STO,139936,,MARICO,,2026-04-28,2026-04-28,750.0,CE,MARICO26APR750CE,0.0,0.0,0.0,39.5,0.0,39.5,795.95,61.95,0,0,0,0.0,0,F1,1200,,,,,
2026-02-18,2026-02-18,FO,NSE,STO,139941,,MARICO,,2026-04-28,2026-04-28,770.0,PE,MARICO26APR770PE,0.0,0.0,0.0,42.75,0.0,42.75,795.95,13.7,0,0,0,0.0,0,F1,1200,,,,,
2026-02-18,2026-02-18,FO,NSE,STO,139915,,MARICO,,2026-04-28,2026-04-28,640.0,PE,MARICO26APR640PE,0.0,0.0,0.0,3.1,0.0,3.1,795.95,0.1,0,0,0,0.0,0,F1,1200,,,,,
2026-02-18,2026-02-18,FO,NSE,STO,136491,,MARICO,,2026-03-30,2026-03-30,870.0,PE,MARICO26MAR870PE,0.0,0.0,0.0,123.25,0.0,123.25,795.95,71.7,0,0,0,0.0,0,F1,1200,,,,,
2026-02-18,2026-02-18,FO,NSE,STO,136349,,MARICO,,2026-03-30,2026-03-30,790.0,PE,MARICO26MAR790PE,20.0,20.0,16.2,16.5,16.25,59.65,795.95,16.5,36000,36000,65,63020160.0,62,F1,1200,,,,,
2026-02-18,2026-02-18,FO,NSE,STO,139769,,MARICO,,2026-03-30,2026-03-30,785.0,PE,MARICO26MAR785PE,0.0,0.0,0.0,48.25,0.0,48.25,795.95,14.15,0,0,0,0.0,0,F1,1200,,,,,
2026-02-18,2026-02-18,FO,NSE,STO,136345,,MARICO,,2026-03-30,2026-03-30,780.0,PE,MARICO26MAR780PE,14.0,14.4,12.25,12.25,12.25,53.1,795.95,12.25,10800,10800,12,11421480.0,12,F1,1200,,,,,
2026-02-18,2026-02-18,FO,NSE,STO,136343,,MARICO,,2026-03-30,2026-03-30,770.0,PE,MARICO26MAR770PE,14.0,14.0,9.3,9.55,9.55,46.9,795.95,9.05,8400,8400,12,11244660.0,12,F1,1200,,,,,
2026-02-18,2026-02-18,FO,NSE,STO,136333,,MARICO,,2026-03-30,2026-03-30,720.0,PE,MARICO26MAR720PE,2.6,2.6,1.85,1.85,1.85,4.1,795.95,1.2,7200,3600,15,13002360.0,15,F1,1200,,,,,
2026-02-18,2026-02-18,FO,NSE,STO,136067,,MARICO,,2026-02-24,2026-02-24,830.0,PE,MARICO26FEB830PE,0.0,0.0,0.0,88.25,0.0,88.25,795.95,33.8,0,0,0,0.0,0,F1,1200,,,,,
2026-02-18,2026-02-18,FO,NSE,STO,136035,,MARICO,,2026-02-24,2026-02-24,755.0,PE,MARICO26FEB755PE,1.0,1.05,0.45,0.5,0.45,1.5,795.95,0.5,60000,-21600,165,149629080.0,122,F1,1200,,,,,
2026-02-18,2026-02-18,FO,NSE,STO,116751,,MARICO,,2026-02-24,2026-02-24,740.0,PE,MARICO26FEB740PE,0.45,0.5,0.25,0.45,0.45,0.6,795.95,0.45,339600,-99600,203,180369000.0,132,F1,1200,,,,,
2026-02-18,2026-02-18,FO,NSE,STO,136019,,MARICO,,2026-02-24,2026-02-24,705.0,PE,MARICO26FEB705PE,0.0,0.0,0.0,0.35,0.35,0.35,795.95,0.05,13200,0,0,0.0,0,F1,1200,,,,,
2026-02-18,2026-02-18,FO,NSE,STO,136011,,MARICO,,2026-02-24,2026-02-24,675.0,PE,MARICO26FEB675PE,0.0,0.0,0.0,5.2,0.0,5.2,795.95,0.05,0,0,0,0.0,0,F1,1200,,,,,
2026-02-18,2026-02-18,FO,NSE,STO,116739,,MARICO,,2026-02-24,2026-02-24,620.0,PE,MARICO26FEB620PE,0.0,0.0,0.0,0.1,0.1,0.1,795.95,0.05,6000,0,0,0.0,0,F1,1200,,,,,
2026-02-18,2026-02-18,FO,NSE,STO,136018,,MARICO,,2026-02-24,2026-02-24,705.0,CE,MARICO26FEB705CE,0.0,0.0,0.0,26.15,26.15,26.15,795.95,91.6,3600,0,0,0.0,0,F1,1200,,,,,
2026-02-18,2026-02-18,FO,NSE,STO,136078,,MARICO,,2026-02-24,2026-02-24,870.0,CE,MARICO26FEB870CE,0.0,0.0,0.0,0.15,0.15,0.15,795.95,0.05,21600,0,0,0.0,0,F1,1200,,,,,
2026-02-18,2026-02-18,FO,NSE,STO,136322,,MARICO,,2026-03-30,2026-03-30,670.0,CE,MARICO26MAR670CE,0.0,0.0,0.0,87.1,0.0,87.1,795.95,130.05,0,0,0,0.0,0,F1,1200,,,,,
2026-02-18,2026-02-18,FO,NSE,STO,116753,,MARICO,,2026-02-24,2026-02-24,760.0,PE,MARICO26FEB760PE,1.75,1.75,0.55,0.6,0.6,2.25,795.95,0.6,200400,-38400,702,640998300.0,481,F1,1200,,,,,
2026-02-18,2026-02-18,FO,NSE,STO,139948,,MARICO,,2026-04-28,2026-04-28,810.0,CE,MARICO26APR810CE,0.0,0.0,0.0,16.85,0.0,16.85,795.95,25.3,0,0,0,0.0,0,F1,1200,,,,,
2026-02-18,2026-02-18,FO,NSE,STO,136483,,MARICO,,2026-03-30,2026-03-30,850.0,PE,MARICO26MAR850PE,0.0,0.0,0.0,105.9,0.0,105.9,795.95,54.55,0,0,0,0.0,0,F1,1200,,,,,
2026-02-18,2026-02-18,FO,NSE,STO,139845,,MARICO,,2026-04-28,2026-04-28,620.0,PE,MARICO26APR620PE,0.0,0.0,0.0,1.7,0.0,1.7,795.95,0.05,0,0,0,0.0,0,F1,1200,,,,,
2026-02-18,2026-02-18,FO,NSE,STO,136003,,MARICO,,2026-02-24,2026-02-24,650.0,PE,MARICO26FEB650PE,0.1,0.15,0.1,0.15,0.15,0.2,795.95,0.05,79200,-20400,20,15602580.0,9,F1,1200,,,,,
2026-02-18,2026-02-18,FO,NSE,STO,136027,,MARICO,,2026-02-24,2026-02-24,730.0,PE,MARICO26FEB730PE,0.1,0.45,0.1,0.4,0.4,0.4,795.95,0.4,152400,-121200,238,208599540.0,167,F1,1200,,,,,
2026-02-18,2026-02-18,FO,NSE,STO,136334,,MARICO,,2026-03-30,2026-03-30,730.0,CE,MARICO26MAR730CE,0.0,0.0,0.0,45.6,45.6,45.6,795.95,72.3,1200,0,0,0.0,0,F1,1200,,,,,
2026-02-18,2026-02-18,FO,NSE,STO,139770,,MARICO,,2026-03-30,2026-03-30,795.0,CE,MARICO26MAR795CE,0.0,0.0,0.0,14.3,0.0,14.3,795.95,24.2,0,0,0,0.0,0,F1,1200,,,,,
2026-02-18,2026-02-18,FO,NSE,STO,136335,,MARICO,,2026-03-30,2026-03-30,730.0,PE,MARICO26MAR730PE,0.0,0.0,0.0,5.65,5.4,5.65,795.95,1.95,16800,0,0,0.0,0,F1,1200,,,,,
2026-02-18,2026-02-18,FO,NSE,STO,136354,,MARICO,,2026-03-30,2026-03-30,820.0,CE,MARICO26MAR820CE,7.0,11.6,7.0,11.35,11.6,5.95,795.95,11.35,75600,54000,175,174309060.0,156,F1,1200,,,,,
2026-02-18,2026-02-18,FO,NSE,STO,139926,,MARICO,,2026-04-28,2026-04-28,700.0,CE,MARICO26APR700CE,0.0,0.0,0.0,69.95,0.0,69.95,795.95,104.8,0,0,0,0.0,0,F1,1200,,,,,
2026-02-18,2026-02-18,FO,NSE,STO,139938,,MARICO,,2026-04-28,2026-04-28,760.0,CE,MARICO26APR760CE,0.0,0.0,0.0,34.7,0.0,34.7,795.95,54.5,0,0,0,0.0,0,F1,1200,,,,,
2026-02-18,2026-02-18,FO,NSE,STF,66896,,MARICO,,2026-04-28,2026-04-28,,,MARICO26APRFUT,790.6,799.0,790.6,798.65,799.0,779.5,795.95,798.65,36000,8400,14,13380060.0,14,F1,1200,,,,,
2026-02-18,2026-02-18,FO,NSE,STO,139944,,MARICO,,2026-04-28,2026-04-28,790.0,CE,MARICO26APR790CE,0.0,0.0,0.0,22.85,0.0,22.85,795.95,35.35,0,0,0,0.0,0,F1,1200,,,,,
2026-02-18,2026-02-18,FO,NSE,STO,136325,,MARICO,,2026-03-30,2026-03-30,680.0,PE,MARICO26MAR680PE,0.0,0.0,0.0,10.15,0.0,10.15,795.95,0.1,0,0,0,0.0,0,F1,1200,,,,,
2026-02-18,2026-02-18,FO,NSE,STO,116763,,MARICO,,2026-02-24,2026-02-24,860.0,PE,MARICO26FEB860PE,0.0,0.0,0.0,121.55,0.0,121.55,795.95,63.3,0,0,0,0.0,0,F1,1200,,,,,
2026-02-18,2026-02-18,FO,NSE,STO,135990,,MARICO,,2026-02-24,2026-02-24,610.0,CE,MARICO26FEB610CE,0.0,0.0,0.0,135.15,0.0,135.15,795.95,186.5,0,0,0,0.0,0,F1,1200,,,,,
2026-02-18,2026-02-18,FO,NSE,STO,136042,,MARICO,,2026-02-24,2026-02-24,785.0,CE,MARICO26FEB785CE,5.1,14.3,4.65,13.2,13.45,4.35,795.95,13.2,96000,-121200,930,885364680.0,802,F1,1200,,,,,
2026-02-18,2026-02-18,FO,NSE,STO,136338,,MARICO,,2026-03-30,2026-03-30,750.0,CE,MARICO26MAR750CE,50.0,50.0,50.0,50.0,50.0,30.0,795.95,54.95,3600,2400,2,1920000.0,2,F1,1200,,,,,
2026-02-18,2026-02-18,FO,NSE,STO,136352,,MARICO,,2026-03-30,2026-03-30,810.0,CE,MARICO26MAR810CE,0.0,0.0,0.0,15.0,0.0,15.0,795.95,17.15,0,0,0,0.0,0,F1,1200,,,,,
2026-02-18,2026-02-18,FO,NSE,STO,136492,,MARICO,,2026-03-30,2026-03-30,880.0,CE,MARICO26MAR880CE,0.0,0.0,0.0,4.35,0.0,4.35,795.95,2.0,0,0,0,0.0,0,F1,1200,,,,,
2026-02-18,2026-02-18,FO,NSE,STO,139940,,MARICO,,2026-04-28,2026-04-28,770.0,CE,MARICO26APR770CE,0.0,0.0,0.0,30.35,0.0,30.35,795.95,47.6,0,0,0,0.0,0,F1,1200,,,,,
2026-02-18,2026-02-18,FO,NSE,STO,139942,,MARICO,,2026-04-28,2026-04-28,780.0,CE,MARICO26APR780CE,0.0,0.0,0.0,26.4,0.0,26.4,795.95,41.2,0,0,0,0.0,0,F1,1200,,,,,
2026-02-18,2026-02-18,FO,NSE,STO,136021,,MARICO,,2026-02-24,2026-02-24,710.0,PE,MARICO26FEB710PE,0.35,0.35,0.25,0.3,0.3,0.4,795.95,0.05,68400,-34800,34,28980240.0,21,F1,1200,,,,,
2026-02-18,2026-02-18,FO,NSE,STO,136047,,MARICO,,2026-02-24,2026-02-24,795.0,PE,MARICO26FEB795PE,12.05,12.05,7.05,7.5,7.05,59.7,795.95,7.5,67200,67200,128,123422460.0,114,F1,1200,,,,,
2026-02-18,2026-02-18,FO,NSE,STO,136073,,MARICO,,2026-02-24,2026-02-24,850.0,PE,MARICO26FEB850PE,0.0,0.0,0.0,106.1,0.0,106.1,795.95,53.35,0,0,0,0.0,0,F1,1200,,,,,
2026-02-18,2026-02-18,FO,NSE,STO,136044,,MARICO,,2026-02-24,2026-02-24,790.0,CE,MARICO26FEB790CE,4.05,11.5,3.75,10.15,11.0,3.0,795.95,10.15,326400,122400,4377,4192519680.0,3592,F1,1200,,,,,
2026-02-18,2026-02-18,FO,NSE,STO,136060,,MARICO,,2026-02-24,2026-02-24,830.0,CE,MARICO26FEB830CE,0.5,1.2,0.35,0.85,0.95,0.3,795.95,0.85,184800,66000,347,345961560.0,293,F1,1200,,,,,
2026-02-18,2026-02-18,FO,NSE,STO,136072,,MARICO,,2026-02-24,2026-02-24,850.0,CE,MARICO26FEB850CE,0.15,0.55,0.15,0.35,0.4,0.15,795.95,0.35,147600,-1200,248,253070940.0,193,F1,1200,,,,,
2026-02-18,2026-02-18,FO,NSE,STO,136330,,MARICO,,2026-03-30,2026-03-30,710.0,CE,MARICO26MAR710CE,0.0,0.0,0.0,58.2,0.0,58.2,795.95,90.95,0,0,0,0.0,0,F1,1200,,,,,
2026-02-18,2026-02-18,FO,NSE,STO,139985,,MARICO,,2026-04-28,2026-04-28,900.0,PE,MARICO26APR900PE,0.0,0.0,0.0,143.8,0.0,143.8,795.95,98.3,0,0,0,0.0,0,F1,1200,,,,,
2026-02-18,2026-02-18,FO,NSE,STO,139943,,MARICO,,2026-04-28,2026-04-28,780.0,PE,MARICO26APR780PE,0.0,0.0,0.0,48.65,0.0,48.65,795.95,17.2,0,0,0,0.0,0,F1,1200,,,,,
2026-02-18,2026-02-18,FO,NSE,STO,136485,,MARICO,,2026-03-30,2026-03-30,860.0,PE,MARICO26MAR860PE,0.0,0.0,0.0,114.5,0.0,114.5,795.95,62.95,0,0,0,0.0,0,F1,1200,,,,,
2026-02-18,2026-02-18,FO,NSE,STO,116761,,MARICO,,2026-02-24,2026-02-24,840.0,PE,MARICO26FEB840PE,0.0,0.0,0.0,104.35,0.0,104.35,795.95,43.45,0,0,0,0.0,0,F1,1200,,,,,
2026-02-18,2026-02-18,FO,NSE,STO,116755,,MARICO,,2026-02-24,2026-02-24,780.0,PE,MARICO26FEB780PE,9.45,9.45,1.8,2.1,1.9,9.6,795.95,2.1,324000,273600,1237,1163180040.0,1079,F1,1200,,,,,
2026-02-18,2026-02-18,FO,NSE,STO,136033,,MARICO,,2026-02-24,2026-02-24,750.0,PE,MARICO26FEB750PE,1.15,1.15,0.45,0.45,0.45,1.05,795.95,0.45,205200,-20400,264,237795180.0,205,F1,1200,,,,,
2026-02-18,2026-02-18,FO,NSE,STO,116743,,MARICO,,2026-02-24,2026-02-24,660.0,PE,MARICO26FEB660PE,0.2,0.2,0.1,0.15,0.15,0.2,795.95,0.05,28800,-1200,11,8713980.0,10,F1,1200,,,,,
2026-02-18,2026-02-18,FO,NSE,STO,139928,,MARICO,,2026-04-28,2026-04-28,710.0,CE,MARICO26APR710CE,0.0,0.0,0.0,63.0,0.0,63.0,795.95,95.65,0,0,0,0.0,0,F1,1200,,,,,
2026-02-18,2026-02-18,FO,NSE,STO,139840,,MARICO,,2026-04-28,2026-04-28,620.0,CE,MARICO26APR620CE,0.0,0.0,0.0,136.95,0.0,136.95,795.95,182.4,0,0,0,0.0,0,F1,1200,,,,,
2026-02-18,2026-02-18,FO,NSE,STO,136059,,MARICO,,2026-02-24,2026-02-24,825.0,PE,MARICO26FEB825PE,0.0,0.0,0.0,83.95,0.0,83.95,795.95,29.15,0,0,0,0.0,0,F1,1200,,,,,
2026-02-18,2026-02-18,FO,NSE,STO,136006,,MARICO,,2026-02-24,2026-02-24,665.0,CE,MARICO26FEB665CE,0.0,0.0,0.0,84.05,0.0,84.05,795.95,131.55,0,0,0,0.0,0,F1,1200,,,,,
2026-02-18,2026-02-18,FO,NSE,STO,136324,,MARICO,,2026-03-30,2026-03-30,680.0,CE,MARICO26MAR680CE,0.0,0.0,0.0,79.35,0.0,79.35,795.95,120.15,0,0,0,0.0,0,F1,1200,,,,,
2026-02-18,2026-02-18,FO,NSE,STO,136318,,MARICO,,2026-03-30,2026-03-30,650.0,CE,MARICO26MAR650CE,0.0,0.0,0.0,103.65,0.0,103.65,795.95,149.85,0,0,0,0.0,0,F1,1200,,,,,
2026-02-18,2026-02-18,FO,NSE,STO,136316,,MARICO,,2026-03-30,2026-03-30,640.0,CE,MARICO26MAR640CE,0.0,0.0,0.0,112.35,0.0,112.35,795.95,159.8,0,0,0,0.0,0,F1,1200,,,,,
2026-02-18,2026-02-18,FO,NSE,STO,136048,,MARICO,,2026-02-24,2026-02-24,805.0,CE,MARICO26FEB805CE,1.75,5.2,1.25,4.15,4.55,1.0,795.95,4.15,261600,134400,1307,1268215800.0,1036,F1,1200,,,,,
2026-02-18,2026-02-18,FO,NSE,STO,116756,,MARICO,,2026-02-24,2026-02-24,800.0,CE,MARICO26FEB800CE,1.5,6.9,1.45,5.7,6.0,1.35,795.95,5.7,1208400,97200,8979,8672883420.0,6888,F1,1200,,,,,
2026-02-18,2026-02-18,FO,NSE,STO,116748,,MARICO,,2026-02-24,2026-02-24,720.0,CE,MARICO26FEB720CE,71.1,71.1,71.1,71.1,71.1,49.8,795.95,71.1,194400,0,1,949320.0,1,F1,1200,,,,,
2026-02-18,2026-02-18,FO,NSE,STO,139755,,MARICO,,2026-03-30,2026-03-30,715.0,PE,MARICO26MAR715PE,0.0,0.0,0.0,13.7,0.0,13.7,795.95,0.95,0,0,0,0.0,0,F1,1200,,,,,
2026-02-18,2026-02-18,FO,NSE,STO,136014,,MARICO,,2026-02-24,2026-02-24,690.0,CE,MARICO26FEB690CE,0.0,0.0,0.0,80.0,80.0,80.0,795.95,106.55,4800,0,0,0.0,0,F1,1200,,,,,
2026-02-18,2026-02-18,FO,NSE,STO,136030,,MARICO,,2026-02-24,2026-02-24,745.0,CE,MARICO26FEB745CE,34.45,48.2,34.45,48.2,48.2,29.1,795.95,51.65,88800,-2400,6,5654100.0,6,F1,1200,,,,,
2026-02-18,2026-02-18,FO,NSE,STO,139981,,MARICO,,2026-04-28,2026-04-28,880.0,PE,MARICO26APR880PE,0.0,0.0,0.0,125.75,0.0,125.75,795.95,80.8,0,0,0,0.0,0,F1,1200,,,,,
2026-02-18,2026-02-18,FO,NSE,STO,139919,,MARICO,,2026-04-28,2026-04-28,660.0,PE,MARICO26APR660PE,0.0,0.0,0.0,5.35,0.0,5.35,795.95,0.25,0,0,0,0.0,0,F1,1200,,,,,
2026-02-18,2026-02-18,FO,NSE,STO,139767,,MARICO,,2026-03-30,2026-03-30,775.0,PE,MARICO26MAR775PE,0.0,0.0,0.0,41.8,0.0,41.8,795.95,10.6,0,0,0,0.0,0,F1,1200,,,,,
2026-02-18,2026-02-18,FO,NSE,STO,140521,,MOTHERSON,,2026-03-30,2026-03-30,138.0,CE,MOTHERSON26MAR138CE,4.1,4.1,4.06,4.06,4.06,3.46,133.9,4.31,12300,6150,2,1747584.0,2,F1,6150,,,,,
2026-02-18,2026-02-18,FO,NSE,STO,140531,,MOTHERSON,,2026-03-30,2026-03-30,148.0,CE,MOTHERSON26MAR148CE,1.4,1.88,1.37,1.41,1.38,1.44,133.9,1.41,590400,-30750,41,37701468.0,30,F1,6150,,,,,
2026-02-18,2026-02-18,FO,NSE,STO,118682,,MOTHERSON,,2026-02-24,2026-02-24,92.0,PE,MOTHERSON26FEB92PE,0.0,0.0,0.0,0.02,0.02,0.02,133.9,0.01,221400,0,0,0.0,0,F1,6150,,,,,
2026-02-18,2026-02-18,FO,NSE,STO,118694,,MOTHERSON,,2026-02-24,2026-02-24,104.0,PE,MOTHERSON26FEB104PE,0.0,0.0,0.0,0.08,0.08,0.08,133.9,0.01,141450,0,0,0.0,0,F1,6150,,,,,
2026-02-18,2026-02-18,FO,NSE,STO,118750,,MOTHERSON,,2026-02-24,2026-02-24,130.0,PE,MOTHERSON26FEB130PE,1.39,1.67,0.55,0.82,0.86,1.53,133.9,0.82,6316050,12300,1372,1104494305.5,1108,F1,6150,,,,,
2026-02-18,2026-02-18,FO,NSE,STO,140489,,MOTHERSON,,2026-03-30,2026-03-30,106.0,CE,MOTHERSON26MAR106CE,0.0,0.0,0.0,18.28,0.0,18.28,133.9,28.59,0,0,0,0.0,0,F1,6150,,,,,
2026-02-18,2026-02-18,FO,NSE,STO,140213,,MOTHERSON,,2026-02-24,2026-02-24,145.0,PE,MOTHERSON26FEB145PE,0.0,0.0,0.0,12.3,12.3,12.3,133.9,11.03,6150,0,0,0.0,0,F1,6150,,,,,
2026-02-18,2026-02-18,FO,NSE,STO,140215,,MOTHERSON,,2026-02-24,2026-02-24,147.0,PE,MOTHERSON26FEB147PE,12.3,12.3,12.3,12.3,12.3,14.79,133.9,12.99,18450,0,3,2939085.0,1,F1,6150,,,,,
2026-02-18,2026-02-18,FO,NSE,STO,118765,,MOTHERSON,,2026-02-24,2026-02-24,148.0,PE,MOTHERSON26FEB148PE,0.0,0.0,0.0,36.43,0.0,36.43,133.9,13.98,0,0,0,0.0,0,F1,6150,,,,,
2026-02-18,2026-02-18,FO,NSE,STO,140372,,MOTHERSON,,2026-03-30,2026-03-30,96.0,PE,MOTHERSON26MAR96PE,0.0,0.0,0.0,1.06,0.0,1.06,133.9,0.01,0,0,0,0.0,0,F1,6150,,,,,
2026-02-18,2026-02-18,FO,NSE,STO,140494,,MOTHERSON,,2026-03-30,2026-03-30,110.0,PE,MOTHERSON26MAR110PE,0.32,0.48,0.32,0.32,0.35,0.52,133.9,0.32,633450,86100,81,54976756.5,71,F1,6150,,,,,
2026-02-18,2026-02-18,FO,NSE,STO,142672,,MOTHERSON,,2026-03-30,2026-03-30,143.0,PE,MOTHERSON26MAR143PE,0.0,0.0,0.0,32.25,0.0,32.25,133.9,10.92,0,0,0,0.0,0,F1,6150,,,,,
2026-02-18,2026-02-18,FO,NSE,STO,142862,,MOTHERSON,,2026-04-28,2026-04-28,102.0,PE,MOTHERSON26APR102PE,0.0,0.0,0.0,4.14,0.0,4.14,133.9,0.14,0,0,0,0.0,0,F1,6150,,,,,
2026-02-18,2026-02-18,FO,NSE,STO,142937,,MOTHERSON,,2026-04-28,2026-04-28,142.0,PE,MOTHERSON26APR142PE,0.0,0.0,0.0,31.26,0.0,31.26,133.9,11.48,0,0,0,0.0,0,F1,6150,,,,,
2026-02-18,2026-02-18,FO,NSE,STO,139977,,MOTHERSON,,2026-02-24,2026-02-24,107.0,CE,MOTHERSON26FEB107CE,0.0,0.0,0.0,25.49,25.49,25.49,133.9,27.0,61500,0,0,0.0,0,F1,6150,,,,,
2026-02-18,2026-02-18,FO,NSE,STO,118703,,MOTHERSON,,2026-02-24,2026-02-24,114.0,CE,MOTHERSON26FEB114CE,19.0,19.0,19.0,19.0,19.0,18.6,133.9,20.0,455100,0,3,2453850.0,2,F1,6150,,,,,
2026-02-18,2026-02-18,FO,NSE,STO,118742,,MOTHERSON,,2026-02-24,2026-02-24,130.0,CE,MOTHERSON26FEB130CE,3.61,5.99,3.61,4.81,4.75,4.06,133.9,4.81,4163550,-565800,424,351594147.0,353,F1,6150,,,,,
2026-02-18,2026-02-18,FO,NSE,STO,118751,,MOTHERSON,,2026-02-24,2026-02-24,132.0,CE,MOTHERSON26FEB132CE,2.7,4.4,2.41,3.41,3.32,2.9,133.9,3.41,1254600,-904050,902,751083694.5,791,F1,6150,,,,,
2026-02-18,2026-02-18,FO,NSE,STO,118753,,MOTHERSON,,2026-02-24,2026-02-24,134.0,CE,MOTHERSON26FEB134CE,1.99,3.07,1.63,2.28,2.25,1.99,133.9,2.28,2343150,-49200,1290,1082302707.0,1195,F1,6150,,,,,
2026-02-18,2026-02-18,FO,NSE,STO,38171,,MOTHERSON,,2026-02-24,2026-02-24,146.0,CE,MOTHERSON26FEB146CE,0.0,0.0,0.0,1.75,0.0,1.75,133.9,0.04,0,0,0,0.0,0,F1,6150,,,,,
2026-02-18,2026-02-18,FO,NSE,STO,140491,,MOTHERSON,,2026-03-30,2026-03-30,108.0,CE,MOTHERSON26MAR108CE,0.0,0.0,0.0,16.86,0.0,16.86,133.9,26.64,0,0,0,0.0,0,F1,6150,,,,,
2026-02-18,2026-02-18,FO,NSE,STO,118740,,MOTHERSON,,2026-02-24,2026-02-24,128.0,CE,MOTHERSON26FEB128CE,5.51,7.6,5.35,6.26,6.3,5.47,133.9,6.26,756450,-49200,21,17327071.5,21,F1,6150,,,,,
2026-02-18,2026-02-18,FO,NSE,STO,140024,,MOTHERSON,,2026-02-24,2026-02-24,131.0,PE,MOTHERSON26FEB131PE,2.0,2.0,0.73,1.08,1.14,1.94,133.9,1.08,1236150,239850,508,412994824.5,464,F1,6150,,,,,
2026-02-18,2026-02-18,FO,NSE,STO,142879,,MOTHERSON,,2026-04-28,2026-04-28,120.0,CE,MOTHERSON26APR120CE,0.0,0.0,0.0,5.0,0.0,5.0,133.9,17.09,0,0,0,0.0,0,F1,6150,,,,,
2026-02-18,2026-02-18,FO,NSE,STO,142869,,MOTHERSON,,2026-04-28,2026-04-28,110.0,CE,MOTHERSON26APR110CE,0.0,0.0,0.0,8.91,0.0,8.91,133.9,25.57,0,0,0,0.0,0,F1,6150,,,,,
2026-02-18,2026-02-18,FO,NSE,STO,142861,,MOTHERSON,,2026-04-28,2026-04-28,102.0,CE,MOTHERSON26APR102CE,0.0,0.0,0.0,13.37,0.0,13.37,133.9,33.09,0,0,0,0.0,0,F1,6150,,,,,
2026-02-18,2026-02-18,FO,NSE,STO,142859,,MOTHERSON,,2026-04-28,2026-04-28,100.0,CE,MOTHERSON26APR100CE,0.0,0.0,0.0,14.68,0.0,14.68,133.9,35.03,0,0,0,0.0,0,F1,6150,,,,,
2026-02-18,2026-02-18,FO,NSE,STO,140511,,MOTHERSON,,2026-03-30,2026-03-30,128.0,CE,MOTHERSON26MAR128CE,10.34,10.34,10.34,10.34,10.34,8.61,133.9,9.54,18450,6150,1,850791.0,1,F1,6150,,,,,
2026-02-18,2026-02-18,FO,NSE,STO,142645,,MOTHERSON,,2026-03-30,2026-03-30,123.0,CE,MOTHERSON26MAR123CE,0.0,0.0,0.0,12.01,12.01,12.01,133.9,13.16,6150,0,0,0.0,0,F1,6150,,,,,
2026-02-18,2026-02-18,FO,NSE,STO,140505,,MOTHERSON,,2026-03-30,2026-03-30,122.0,CE,MOTHERSON26MAR122CE,0.0,0.0,0.0,15.2,15.2,15.2,133.9,13.95,0,0,0,0.0,0,F1,6150,,,,,
2026-02-18,2026-02-18,FO,NSE,STO,142918,,MOTHERSON,,2026-04-28,2026-04-28,136.0,PE,MOTHERSON26APR136PE,0.0,0.0,0.0,25.96,0.0,25.96,133.9,7.9,0,0,0,0.0,0,F1,6150,,,,,
2026-02-18,2026-02-18,FO,NSE,STO,142915,,MOTHERSON,,2026-04-28,2026-04-28,134.0,PE,MOTHERSON26APR134PE,0.0,0.0,0.0,24.26,0.0,24.26,133.9,6.87,0,0,0,0.0,0,F1,6150,,,,,
2026-02-18,2026-02-18,FO,NSE,STO,38799,,MOTHERSON,,2026-03-30,2026-03-30,149.0,PE,MOTHERSON26MAR149PE,14.7,14.7,14.7,14.7,14.7,33.98,133.9,15.62,6150,6150,1,1006755.0,1,F1,6150,,,,,
2026-02-18,2026-02-18,FO,NSE,STO,140526,,MOTHERSON,,2026-03-30,2026-03-30,142.0,PE,MOTHERSON26MAR142PE,0.0,0.0,0.0,23.03,0.0,23.03,133.9,10.21,0,0,0,0.0,0,F1,6150,,,,,
2026-02-18,2026-02-18,FO,NSE,STO,142668,,MOTHERSON,,2026-03-30,2026-03-30,139.0,PE,MOTHERSON26MAR139PE,0.0,0.0,0.0,28.51,0.0,28.51,133.9,8.2,0,0,0,0.0,0,F1,6150,,,,,
2026-02-18,2026-02-18,FO,NSE,STO,142656,,MOTHERSON,,2026-03-30,2026-03-30,127.0,PE,MOTHERSON26MAR127PE,0.0,0.0,0.0,3.18,3.18,3.18,133.9,2.55,159900,0,0,0.0,0,F1,6150,,,,,
2026-02-18,2026-02-18,FO,NSE,STO,142532,,MOTHERSON,,2026-03-30,2026-03-30,107.0,CE,MOTHERSON26MAR107CE,0.0,0.0,0.0,27.0,27.0,27.0,133.9,27.62,6150,0,0,0.0,0,F1,6150,,,,,
2026-02-18,2026-02-18,FO,NSE,STO,37285,,MOTHERSON,,2026-02-24,2026-02-24,142.0,CE,MOTHERSON26FEB142CE,0.33,0.54,0.29,0.43,0.4,0.39,133.9,0.43,1888050,-49200,240,210213027.0,224,F1,6150,,,,,
2026-02-18,2026-02-18,FO,NSE,STO,118759,,MOTHERSON,,2026-02-24,2026-02-24,140.0,CE,MOTHERSON26FEB140CE,0.61,0.87,0.46,0.64,0.61,0.59,133.9,0.64,9415650,1150050,2327,2013343581.0,1850,F1,6150,,,,,
2026-02-18,2026-02-18,FO,NSE,STO,118738,,MOTHERSON,,2026-02-24,2026-02-24,126.0,CE,MOTHERSON26FEB126CE,8.25,9.07,8.16,8.97,8.97,8.24,133.9,8.18,694950,-49200,14,11567842.5,7,F1,6150,,,,,
2026-02-18,2026-02-18,FO,NSE,STO,118699,,MOTHERSON,,2026-02-24,2026-02-24,110.0,CE,MOTHERSON26FEB110CE,24.0,24.91,24.0,24.91,24.91,22.5,133.9,24.0,1199250,-12300,2,1653796.5,2,F1,6150,,,,,
2026-02-18,2026-02-18,FO,NSE,STO,140510,,MOTHERSON,,2026-03-30,2026-03-30,126.0,PE,MOTHERSON26MAR126PE,0.0,0.0,0.0,2.39,2.39,2.39,133.9,2.26,67650,0,0,0.0,0,F1,6150,,,,,
2026-02-18,2026-02-18,FO,NSE,STO,140377,,MOTHERSON,,2026-03-30,2026-03-30,98.0,PE,MOTHERSON26MAR98PE,0.13,2.0,0.1,0.11,0.11,0.48,133.9,0.01,30750,-61500,15,9066576.0,11,F1,6150,,,,,
2026-02-18,2026-02-18,FO,NSE,STO,38172,,MOTHERSON,,2026-02-24,2026-02-24,146.0,PE,MOTHERSON26FEB146PE,0.0,0.0,0.0,29.47,0.0,29.47,133.9,12.01,0,0,0,0.0,0,F1,6150,,,,,
2026-02-18,2026-02-18,FO,NSE,STO,140492,,MOTHERSON,,2026-03-30,2026-03-30,108.0,PE,MOTHERSON26MAR108PE,0.0,0.0,0.0,3.34,3.34,3.34,133.9,0.09,12300,0,0,0.0,0,F1,6150,,,,,
2026-02-18,2026-02-18,FO,NSE,STO,142595,,MOTHERSON,,2026-03-30,2026-03-30,113.0,PE,MOTHERSON26MAR113PE,0.0,0.0,0.0,8.02,0.0,8.02,133.9,0.28,0,0,0,0.0,0,F1,6150,,,,,
2026-02-18,2026-02-18,FO,NSE,STO,142662,,MOTHERSON,,2026-03-30,2026-03-30,133.0,PE,MOTHERSON26MAR133PE,5.6,5.6,4.53,4.53,4.53,5.65,133.9,4.89,92250,36900,14,11882107.5,12,F1,6150,,,,,
2026-02-18,2026-02-18,FO,NSE,STO,140522,,MOTHERSON,,2026-03-30,2026-03-30,138.0,PE,MOTHERSON26MAR138PE,0.0,0.0,0.0,19.89,0.0,19.89,133.9,7.58,0,0,0,0.0,0,F1,6150,,,,,
2026-02-18,2026-02-18,FO,NSE,STO,142864,,MOTHERSON,,2026-04-28,2026-04-28,104.0,PE,MOTHERSON26APR104PE,0.0,0.0,0.0,4.88,0.0,4.88,133.9,0.2,0,0,0,0.0,0,F1,6150,,,,,
2026-02-18,2026-02-18,FO,NSE,STO,142934,,MOTHERSON,,2026-04-28,2026-04-28,140.0,PE,MOTHERSON26APR140PE,0.0,0.0,0.0,29.47,0.0,29.47,133.9,10.21,0,0,0,0.0,0,F1,6150,,,,,
2026-02-18,2026-02-18,FO,NSE,STO,139999,,MOTHERSON,,2026-02-24,2026-02-24,117.0,PE,MOTHERSON26FEB117PE,0.11,0.11,0.07,0.08,0.08,0.15,133.9,0.08,332100,-36900,10,7200912.0,10,F1,6150,,,,,
2026-02-18,2026-02-18,FO,NSE,STO,139976,,MOTHERSON,,2026-02-24,2026-02-24,105.0,PE,MOTHERSON26FEB105PE,0.09,0.09,0.05,0.05,0.05,0.07,133.9,0.01,2361600,-18450,30,19383447.0,29,F1,6150,,,,,
2026-02-18,2026-02-18,FO,NSE,STO,142904,,MOTHERSON,,2026-04-28,2026-04-28,126.0,CE,MOTHERSON26APR126CE,0.0,0.0,0.0,3.42,0.0,3.42,133.9,12.78,0,0,0,0.0,0,F1,6150,,,,,
2026-02-18,2026-02-18,FO,NSE,STO,142900,,MOTHERSON,,2026-04-28,2026-04-28,122.0,CE,MOTHERSON26APR122CE,0.0,0.0,0.0,4.41,0.0,4.41,133.9,15.58,0,0,0,0.0,0,F1,6150,,,,,
2026-02-18,2026-02-18,FO,NSE,STO,142877,,MOTHERSON,,2026-04-28,2026-04-28,118.0,CE,MOTHERSON26APR118CE,0.0,0.0,0.0,5.64,0.0,5.64,133.9,18.67,0,0,0,0.0,0,F1,6150,,,,,
2026-02-18,2026-02-18,FO,NSE,STO,142863,,MOTHERSON,,2026-04-28,2026-04-28,104.0,CE,MOTHERSON26APR104CE,0.0,0.0,0.0,12.14,0.0,12.14,133.9,31.18,0,0,0,0.0,0,F1,6150,,,,,
2026-02-18,2026-02-18,FO,NSE,STO,140533,,MOTHERSON,,2026-03-30,2026-03-30,150.0,CE,MOTHERSON26MAR150CE,1.0,1.54,1.0,1.13,1.09,1.22,133.9,1.13,1580550,596550,376,349979403.0,269,F1,6150,,,,,
2026-02-18,2026-02-18,FO,NSE,STO,140527,,MOTHERSON,,2026-03-30,2026-03-30,144.0,CE,MOTHERSON26MAR144CE,0.0,0.0,0.0,2.55,0.0,2.55,133.9,2.42,0,0,0,0.0,0,F1,6150,,,,,
2026-02-18,2026-02-18,FO,NSE,STO,140525,,MOTHERSON,,2026-03-30,2026-03-30,142.0,CE,MOTHERSON26MAR142CE,2.83,3.45,2.68,2.68,2.68,2.71,133.9,2.68,344400,184500,54,48197427.0,41,F1,6150,,,,,
2026-02-18,2026-02-18,FO,NSE,STO,140501,,MOTHERSON,,2026-03-30,2026-03-30,118.0,CE,MOTHERSON26MAR118CE,0.0,0.0,0.0,10.82,0.0,10.82,133.9,17.31,0,0,0,0.0,0,F1,6150,,,,,
2026-02-18,2026-02-18,FO,NSE,STO,140495,,MOTHERSON,,2026-03-30,2026-03-30,112.0,CE,MOTHERSON26MAR112CE,0.0,0.0,0.0,14.23,0.0,14.23,133.9,22.8,0,0,0,0.0,0,F1,6150,,,,,
2026-02-18,2026-02-18,FO,NSE,STO,140493,,MOTHERSON,,2026-03-30,2026-03-30,110.0,CE,MOTHERSON26MAR110CE,0.0,0.0,0.0,24.25,24.25,24.25,133.9,24.71,30750,0,0,0.0,0,F1,6150,,,,,
2026-02-18,2026-02-18,FO,NSE,STO,142530,,MOTHERSON,,2026-03-30,2026-03-30,105.0,CE,MOTHERSON26MAR105CE,0.0,0.0,0.0,10.3,10.3,10.3,133.9,29.57,12300,0,0,0.0,0,F1,6150,,,,,
2026-02-18,2026-02-18,FO,NSE,STO,118757,,MOTHERSON,,2026-02-24,2026-02-24,138.0,CE,MOTHERSON26FEB138CE,0.8,1.33,0.75,0.98,0.96,0.88,133.9,0.98,1605150,110700,548,468594022.5,513,F1,6150,,,,,
2026-02-18,2026-02-18,FO,NSE,STO,140186,,MOTHERSON,,2026-02-24,2026-02-24,135.0,CE,MOTHERSON26FEB135CE,1.39,2.56,1.34,1.92,1.85,1.65,133.9,1.92,9864600,-787200,5343,4504073901.0,4449,F1,6150,,,,,
2026-02-18,2026-02-18,FO,NSE,STO,140175,,MOTHERSON,,2026-02-24,2026-02-24,133.0,CE,MOTHERSON26FEB133CE,2.25,3.7,2.03,2.84,2.76,2.4,133.9,2.84,2109450,-621150,1020,852138834.0,927,F1,6150,,,,,
2026-02-18,2026-02-18,FO,NSE,STO,118741,,MOTHERSON,,2026-02-24,2026-02-24,128.0,PE,MOTHERSON26FEB128PE,0.97,0.97,0.32,0.47,0.5,0.97,133.9,0.47,2103300,830250,520,410740849.5,369,F1,6150,,,,,
2026-02-18,2026-02-18,FO,NSE,STO,140199,,MOTHERSON,,2026-02-24,2026-02-24,135.0,PE,MOTHERSON26FEB135PE,4.68,4.68,2.05,2.9,3.0,4.28,133.9,2.9,1660500,424350,525,444606808.5,473,F1,6150,,,,,
2026-02-18,2026-02-18,FO,NSE,STO,118756,,MOTHERSON,,2026-02-24,2026-02-24,136.0,PE,MOTHERSON26FEB136PE,5.17,5.17,2.6,3.46,3.59,5.0,133.9,3.46,461250,-61500,126,108106299.0,121,F1,6150,,,,,
2026-02-18,2026-02-18,FO,NSE,STO,140207,,MOTHERSON,,2026-02-24,2026-02-24,139.0,PE,MOTHERSON26FEB139PE,0.0,0.0,0.0,7.08,7.08,7.08,133.9,5.57,36900,0,0,0.0,0,F1,6150,,,,,
2026-02-18,2026-02-18,FO,NSE,STO,140363,,MOTHERSON,,2026-03-30,2026-03-30,94.0,PE,MOTHERSON26MAR94PE,0.0,0.0,0.0,0.83,0.0,0.83,133.9,0.01,0,0,0,0.0,0,F1,6150,,,,,
2026-02-18,2026-02-18,FO,NSE,STO,140399,,MOTHERSON,,2026-03-30,2026-03-30,100.0,PE,MOTHERSON26MAR100PE,0.14,0.14,0.14,0.14,0.14,0.22,133.9,0.01,55350,0,1,615861.0,1,F1,6150,,,,,
2026-02-18,2026-02-18,FO,NSE,STO,140490,,MOTHERSON,,2026-03-30,2026-03-30,106.0,PE,MOTHERSON26MAR106PE,0.0,0.0,0.0,2.96,0.0,2.96,133.9,0.06,0,0,0,0.0,0,F1,6150,,,,,
2026-02-18,2026-02-18,FO,NSE,STO,139997,,MOTHERSON,,2026-02-24,2026-02-24,115.0,PE,MOTHERSON26FEB115PE,0.15,0.15,0.06,0.08,0.09,0.15,133.9,0.08,3979050,-571950,242,171294597.0,152,F1,6150,,,,,
2026-02-18,2026-02-18,FO,NSE,STO,140001,,MOTHERSON,,2026-02-24,2026-02-24,119.0,PE,MOTHERSON26FEB119PE,0.21,0.21,0.08,0.1,0.1,0.19,133.9,0.01,1057800,6150,98,71789011.5,76,F1,6150,,,,,
2026-02-18,2026-02-18,FO,NSE,STO,140176,,MOTHERSON,,2026-02-24,2026-02-24,133.0,PE,MOTHERSON26FEB133PE,3.11,3.11,1.25,1.85,1.91,2.81,133.9,1.85,1168500,0,603,500055331.5,566,F1,6150,,,,,
2026-02-18,2026-02-18,FO,NSE,STO,118754,,MOTHERSON,,2026-02-24,2026-02-24,134.0,PE,MOTHERSON26FEB134PE,3.84,3.84,1.63,2.34,2.37,3.44,133.9,2.34,1230000,301350,565,473053080.0,526,F1,6150,,,,,
2026-02-18,2026-02-18,FO,NSE,STO,142529,,MOTHERSON,,2026-03-30,2026-03-30,103.0,PE,MOTHERSON26MAR103PE,0.0,0.0,0.0,2.08,2.34,2.08,133.9,0.03,24600,0,0,0.0,0,F1,6150,,,,,
2026-02-18,2026-02-18,FO,NSE,STO,142533,,MOTHERSON,,2026-03-30,2026-03-30,107.0,PE,MOTHERSON26MAR107PE,0.0,0.0,0.0,4.98,0.0,4.98,133.9,0.07,0,0,0,0.0,0,F1,6150,,,,,
2026-02-18,2026-02-18,FO,NSE,STO,142585,,MOTHERSON,,2026-03-30,2026-03-30,109.0,PE,MOTHERSON26MAR109PE,0.0,0.0,0.0,5.9,0.0,5.9,133.9,0.12,0,0,0,0.0,0,F1,6150,,,,,
2026-02-18,2026-02-18,FO,NSE,STO,142674,,MOTHERSON,,2026-03-30,2026-03-30,145.0,PE,MOTHERSON26MAR145PE,0.0,0.0,0.0,34.16,0.0,34.16,133.9,12.41,0,0,0,0.0,0,F1,6150,,,,,
2026-02-18,2026-02-18,FO,NSE,STO,140530,,MOTHERSON,,2026-03-30,2026-03-30,146.0,PE,MOTHERSON26MAR146PE,0.0,0.0,0.0,26.33,0.0,26.33,133.9,13.19,0,0,0,0.0,0,F1,6150,,,,,
2026-02-18,2026-02-18,FO,NSE,STO,36879,,MOTHERSON,,2026-03-30,2026-03-30,147.0,PE,MOTHERSON26MAR147PE,0.0,0.0,0.0,34.4,0.0,34.4,133.9,13.98,0,0,0,0.0,0,F1,6150,,,,,
2026-02-18,2026-02-18,FO,NSE,STO,142872,,MOTHERSON,,2026-04-28,2026-04-28,112.0,PE,MOTHERSON26APR112PE,0.0,0.0,0.0,8.6,0.0,8.6,133.9,0.72,0,0,0,0.0,0,F1,6150,,,,,
2026-02-18,2026-02-18,FO,NSE,STF,59424,,MOTHERSON,,2026-02-24,2026-02-24,,,MOTHERSON26FEBFUT,133.24,135.49,131.78,133.91,133.89,132.53,133.9,133.91,150718050,-8474700,4435,3654159768.0,3591,F1,6150,,,,,
2026-02-18,2026-02-18,FO,NSE,STO,139992,,MOTHERSON,,2026-02-24,2026-02-24,111.0,CE,MOTHERSON26FEB111CE,0.0,0.0,0.0,20.34,20.34,20.34,133.9,23.0,430500,0,0,0.0,0,F1,6150,,,,,
2026-02-18,2026-02-18,FO,NSE,STO,118730,,MOTHERSON,,2026-02-24,2026-02-24,122.0,CE,MOTHERSON26FEB122CE,11.53,13.0,11.53,12.9,12.9,10.54,133.9,12.03,713400,-12300,4,3310729.5,4,F1,6150,,,,,
2026-02-18,2026-02-18,FO,NSE,STO,41271,,MOTHERSON,,2026-02-24,2026-02-24,150.0,CE,MOTHERSON26FEB150CE,0.09,0.1,0.06,0.09,0.1,0.1,133.9,0.09,707250,313650,63,58149172.5,41,F1,6150,,,,,
2026-02-18,2026-02-18,FO,NSE,STO,140485,,MOTHERSON,,2026-03-30,2026-03-30,102.0,CE,MOTHERSON26MAR102CE,0.0,0.0,0.0,21.29,0.0,21.29,133.9,32.53,0,0,0,0.0,0,F1,6150,,,,,
2026-02-18,2026-02-18,FO,NSE,STO,140529,,MOTHERSON,,2026-03-30,2026-03-30,146.0,CE,MOTHERSON26MAR146CE,0.0,0.0,0.0,2.24,0.0,2.24,133.9,1.96,0,0,0,0.0,0,F1,6150,,,,,
2026-02-18,2026-02-18,FO,NSE,STO,139912,,MOTHERSON,,2026-02-24,2026-02-24,101.0,PE,MOTHERSON26FEB101PE,0.05,0.05,0.05,0.05,0.05,0.12,133.9,0.01,110700,6150,1,621457.5,1,F1,6150,,,,,
2026-02-18,2026-02-18,FO,NSE,STO,118690,,MOTHERSON,,2026-02-24,2026-02-24,100.0,PE,MOTHERSON26FEB100PE,0.04,0.04,0.01,0.02,0.02,0.04,133.9,0.02,1014750,-116850,28,17223813.0,26,F1,6150,,,,,
2026-02-18,2026-02-18,FO,NSE,STO,118686,,MOTHERSON,,2026-02-24,2026-02-24,96.0,PE,MOTHERSON26FEB96PE,0.04,0.04,0.01,0.01,0.01,0.03,133.9,0.01,602700,-215250,35,20666890.5,32,F1,6150,,,,,
2026-02-18,2026-02-18,FO,NSE,STO,118684,,MOTHERSON,,2026-02-24,2026-02-24,94.0,PE,MOTHERSON26FEB94PE,0.0,0.0,0.0,0.02,0.02,0.02,133.9,0.01,301350,0,0,0.0,0,F1,6150,,,,,
2026-02-18,2026-02-18,FO,NSE,STO,143066,,MOTHERSON,,2026-04-28,2026-04-28,152.0,CE,MOTHERSON26APR152CE,0.0,0.0,0.0,0.51,0.0,0.51,133.9,2.3,0,0,0,0.0,0,F1,6150,,,,,
2026-02-18,2026-02-18,FO,NSE,STO,142938,,MOTHERSON,,2026-04-28,2026-04-28,144.0,CE,MOTHERSON26APR144CE,0.0,0.0,0.0,0.95,0.0,0.95,133.9,4.21,0,0,0,0.0,0,F1,6150,,,,,
2026-02-18,2026-02-18,FO,NSE,STO,142912,,MOTHERSON,,2026-04-28,2026-04-28,132.0,CE,MOTHERSON26APR132CE,0.0,0.0,0.0,2.28,0.0,2.28,133.9,9.18,0,0,0,0.0,0,F1,6150,,,,,
2026-02-18,2026-02-18,FO,NSE,STO,142855,,MOTHERSON,,2026-04-28,2026-04-28,96.0,CE,MOTHERSON26APR96CE,0.0,0.0,0.0,17.52,0.0,17.52,133.9,38.93,0,0,0,0.0,0,F1,6150,,,,,
2026-02-18,2026-02-18,FO,NSE,STO,140486,,MOTHERSON,,2026-03-30,2026-03-30,102.0,PE,MOTHERSON26MAR102PE,0.0,0.0,0.0,3.0,3.0,3.0,133.9,0.02,6150,0,0,0.0,0,F1,6150,,,,,
2026-02-18,2026-02-18,FO,NSE,STO,142593,,MOTHERSON,,2026-03-30,2026-03-30,111.0,PE,MOTHERSON26MAR111PE,0.0,0.0,0.0,6.92,0.0,6.92,133.9,0.18,0,0,0,0.0,0,F1,6150,,,,,
2026-02-18,2026-02-18,FO,NSE,STO,142870,,MOTHERSON,,2026-04-28,2026-04-28,110.0,PE,MOTHERSON26APR110PE,0.0,0.0,0.0,7.5,7.5,7.5,133.9,0.54,123000,0,0,0.0,0,F1,6150,,,,,
2026-02-18,2026-02-18,FO,NSE,STO,140509,,MOTHERSON,,2026-03-30,2026-03-30,126.0,CE,MOTHERSON26MAR126CE,0.0,0.0,0.0,7.24,0.0,7.24,133.9,10.92,0,0,0,0.0,0,F1,6150,,,,,
2026-02-18,2026-02-18,FO,NSE,STO,140007,,MOTHERSON,,2026-02-24,2026-02-24,125.0,PE,MOTHERSON26FEB125PE,0.49,0.49,0.17,0.24,0.24,0.49,133.9,0.24,4003650,-86100,475,365935332.0,389,F1,6150,,,,,
2026-02-18,2026-02-18,FO,NSE,STO,140497,,MOTHERSON,,2026-03-30,2026-03-30,114.0,CE,MOTHERSON26MAR114CE,0.0,0.0,0.0,13.03,0.0,13.03,133.9,20.93,0,0,0,0.0,0,F1,6150,,,,,
2026-02-18,2026-02-18,FO,NSE,STO,142594,,MOTHERSON,,2026-03-30,2026-03-30,113.0,CE,MOTHERSON26MAR113CE,0.0,0.0,0.0,11.0,11.0,11.0,133.9,21.86,6150,0,0,0.0,0,F1,6150,,,,,
2026-02-18,2026-02-18,FO,NSE,STO,140398,,MOTHERSON,,2026-03-30,2026-03-30,100.0,CE,MOTHERSON26MAR100CE,0.0,0.0,0.0,19.05,19.05,19.05,133.9,34.51,36900,0,0,0.0,0,F1,6150,,,,,
2026-02-18,2026-02-18,FO,NSE,STO,140373,,MOTHERSON,,2026-03-30,2026-03-30,98.0,CE,MOTHERSON26MAR98CE,0.0,0.0,0.0,24.53,0.0,24.53,133.9,36.49,0,0,0,0.0,0,F1,6150,,,,,
2026-02-18,2026-02-18,FO,NSE,STO,140337,,MOTHERSON,,2026-03-30,2026-03-30,94.0,CE,MOTHERSON26MAR94CE,0.0,0.0,0.0,27.97,0.0,27.97,133.9,40.47,0,0,0,0.0,0,F1,6150,,,,,
2026-02-18,2026-02-18,FO,NSE,STO,118733,,MOTHERSON,,2026-02-24,2026-02-24,124.0,CE,MOTHERSON26FEB124CE,10.15,11.5,10.15,11.5,11.5,9.1,133.9,10.08,270600,-12300,2,1658347.5,2,F1,6150,,,,,
2026-02-18,2026-02-18,FO,NSE,STO,142880,,MOTHERSON,,2026-04-28,2026-04-28,120.0,PE,MOTHERSON26APR120PE,0.0,0.0,0.0,13.49,0.0,13.49,133.9,1.95,0,0,0,0.0,0,F1,6150,,,,,
2026-02-18,2026-02-18,FO,NSE,STO,142913,,MOTHERSON,,2026-04-28,2026-04-28,132.0,PE,MOTHERSON26APR132PE,0.0,0.0,0.0,22.59,0.0,22.59,133.9,5.92,0,0,0,0.0,0,F1,6150,,,,,
2026-02-18,2026-02-18,FO,NSE,STO,143063,,MOTHERSON,,2026-04-28,2026-04-28,146.0,PE,MOTHERSON26APR146PE,0.0,0.0,0.0,34.91,0.0,34.91,133.9,14.23,0,0,0,0.0,0,F1,6150,,,,,
2026-02-18,2026-02-18,FO,NSE,STO,139995,,MOTHERSON,,2026-02-24,2026-02-24,113.0,PE,MOTHERSON26FEB113PE,0.13,0.13,0.04,0.06,0.06,0.12,133.9,0.01,276750,-393600,187,130040766.0,111,F1,6150,,,,,
2026-02-18,2026-02-18,FO,NSE,STO,139973,,MOTHERSON,,2026-02-24,2026-02-24,103.0,CE,MOTHERSON26FEB103CE,31.93,31.93,31.93,31.93,31.93,28.29,133.9,30.99,6150,0,1,829819.5,1,F1,6150,,,,,
2026-02-18,2026-02-18,FO,NSE,STO,139975,,MOTHERSON,,2026-02-24,2026-02-24,105.0,CE,MOTHERSON26FEB105CE,30.0,30.0,30.0,30.0,30.0,25.6,133.9,28.99,332100,-6150,1,830250.0,1,F1,6150,,,,,
2026-02-18,2026-02-18,FO,NSE,STO,139987,,MOTHERSON,,2026-02-24,2026-02-24,109.0,PE,MOTHERSON26FEB109PE,0.0,0.0,0.0,0.06,0.06,0.06,133.9,0.01,356700,0,0,0.0,0,F1,6150,,,,,
2026-02-18,2026-02-18,FO,NSE,STO,142866,,MOTHERSON,,2026-04-28,2026-04-28,106.0,PE,MOTHERSON26APR106PE,0.0,0.0,0.0,5.69,0.0,5.69,133.9,0.28,0,0,0,0.0,0,F1,6150,,,,,
2026-02-18,2026-02-18,FO,NSE,STO,142856,,MOTHERSON,,2026-04-28,2026-04-28,96.0,PE,MOTHERSON26APR96PE,0.0,0.0,0.0,2.38,0.0,2.38,133.9,0.04,0,0,0,0.0,0,F1,6150,,,,,
2026-02-18,2026-02-18,FO,NSE,STO,140524,,MOTHERSON,,2026-03-30,2026-03-30,140.0,PE,MOTHERSON26MAR140PE,8.1,8.62,7.93,8.49,8.62,9.94,133.9,8.49,153750,86100,17,15492403.5,17,F1,6150,,,,,
2026-02-18,2026-02-18,FO,NSE,STO,140516,,MOTHERSON,,2026-03-30,2026-03-30,132.0,PE,MOTHERSON26MAR132PE,4.89,4.89,3.79,4.29,4.29,5.01,133.9,4.29,166050,-30750,28,23483898.0,27,F1,6150,,,,,
2026-02-18,2026-02-18,FO,NSE,STO,142609,,MOTHERSON,,2026-03-30,2026-03-30,121.0,PE,MOTHERSON26MAR121PE,1.17,1.25,1.11,1.21,1.21,1.44,133.9,1.21,159900,36900,12,9016515.0,8,F1,6150,,,,,
2026-02-18,2026-02-18,FO,NSE,STO,140488,,MOTHERSON,,2026-03-30,2026-03-30,104.0,PE,MOTHERSON26MAR104PE,0.0,0.0,0.0,0.89,0.89,0.89,133.9,0.03,12300,0,0,0.0,0,F1,6150,,,,,
2026-02-18,2026-02-18,FO,NSE,STO,142520,,MOTHERSON,,2026-03-30,2026-03-30,99.0,PE,MOTHERSON26MAR99PE,0.0,0.0,0.0,2.23,0.0,2.23,133.9,0.01,0,0,0,0.0,0,F1,6150,,,,,
2026-02-18,2026-02-18,FO,NSE,STO,142931,,MOTHERSON,,2026-04-28,2026-04-28,140.0,CE,MOTHERSON26APR140CE,0.0,0.0,0.0,5.0,5.0,5.0,133.9,5.55,18450,0,0,0.0,0,F1,6150,,,,,
2026-02-18,2026-02-18,FO,NSE,STO,142867,,MOTHERSON,,2026-04-28,2026-04-28,108.0,CE,MOTHERSON26APR108CE,0.0,0.0,0.0,9.91,0.0,9.91,133.9,27.41,0,0,0,0.0,0,F1,6150,,,,,
2026-02-18,2026-02-18,FO,NSE,STO,142865,,MOTHERSON,,2026-04-28,2026-04-28,106.0,CE,MOTHERSON26APR106CE,0.0,0.0,0.0,10.99,0.0,10.99,133.9,29.28,0,0,0,0.0,0,F1,6150,,,,,
2026-02-18,2026-02-18,FO,NSE,STO,36878,,MOTHERSON,,2026-03-30,2026-03-30,147.0,CE,MOTHERSON26MAR147CE,0.0,0.0,0.0,1.9,1.9,1.9,133.9,1.76,6150,0,0,0.0,0,F1,6150,,,,,
2026-02-18,2026-02-18,FO,NSE,STO,142673,,MOTHERSON,,2026-03-30,2026-03-30,145.0,CE,MOTHERSON26MAR145CE,2.0,2.6,1.9,1.94,1.95,2.0,133.9,1.94,461250,381300,112,101484409.5,89,F1,6150,,,,,
2026-02-18,2026-02-18,FO,NSE,STO,142669,,MOTHERSON,,2026-03-30,2026-03-30,141.0,CE,MOTHERSON26MAR141CE,3.0,3.75,2.88,2.89,2.9,3.02,133.9,2.89,239850,79950,26,23039007.0,18,F1,6150,,,,,
2026-02-18,2026-02-18,FO,NSE,STO,142651,,MOTHERSON,,2026-03-30,2026-03-30,125.0,CE,MOTHERSON26MAR125CE,11.1,13.0,10.95,11.57,11.57,11.0,133.9,11.64,209100,-24600,11,9248677.5,10,F1,6150,,,,,
2026-02-18,2026-02-18,FO,NSE,STO,140487,,MOTHERSON,,2026-03-30,2026-03-30,104.0,CE,MOTHERSON26MAR104CE,0.0,0.0,0.0,17.47,17.47,17.47,133.9,30.56,6150,0,0,0.0,0,F1,6150,,,,,
2026-02-18,2026-02-18,FO,NSE,STO,142524,,MOTHERSON,,2026-03-30,2026-03-30,101.0,CE,MOTHERSON26MAR101CE,0.0,0.0,0.0,12.51,0.0,12.51,133.9,33.52,0,0,0,0.0,0,F1,6150,,,,,
2026-02-18,2026-02-18,FO,NSE,STO,140214,,MOTHERSON,,2026-02-24,2026-02-24,147.0,CE,MOTHERSON26FEB147CE,0.0,0.0,0.0,0.23,0.23,0.23,133.9,0.03,1869600,0,0,0.0,0,F1,6150,,,,,
2026-02-18,2026-02-18,FO,NSE,STO,140023,,MOTHERSON,,2026-02-24,2026-02-24,131.0,CE,MOTHERSON26FEB131CE,3.43,5.15,3.1,4.1,3.91,3.46,133.9,4.1,959400,-190650,121,100398012.0,110,F1,6150,,,,,
2026-02-18,2026-02-18,FO,NSE,STO,140004,,MOTHERSON,,2026-02-24,2026-02-24,123.0,CE,MOTHERSON26FEB123CE,9.8,11.9,9.8,11.9,11.9,10.05,133.9,11.05,276750,0,18,14776236.0,14,F1,6150,,,,,
2026-02-18,2026-02-18,FO,NSE,STO,118710,,MOTHERSON,,2026-02-24,2026-02-24,120.0,CE,MOTHERSON26FEB120CE,12.9,15.45,12.9,14.3,14.3,12.65,133.9,14.01,3228750,-86100,24,19839469.5,22,F1,6150,,,,,
2026-02-18,2026-02-18,FO,NSE,STO,118689,,MOTHERSON,,2026-02-24,2026-02-24,100.0,CE,MOTHERSON26FEB100CE,0.0,0.0,0.0,33.0,33.0,33.0,133.9,33.99,178350,0,0,0.0,0,F1,6150,,,,,
2026-02-18,2026-02-18,FO,NSE,STO,118683,,MOTHERSON,,2026-02-24,2026-02-24,94.0,CE,MOTHERSON26FEB94CE,0.0,0.0,0.0,19.67,0.0,19.67,133.9,39.98,0,0,0,0.0,0,F1,6150,,,,,
2026-02-18,2026-02-18,FO,NSE,STO,142874,,MOTHERSON,,2026-04-28,2026-04-28,114.0,PE,MOTHERSON26APR114PE,0.0,0.0,0.0,9.72,0.0,9.72,133.9,0.94,0,0,0,0.0,0,F1,6150,,,,,
2026-02-18,2026-02-18,FO,NSE,STO,142878,,MOTHERSON,,2026-04-28,2026-04-28,118.0,PE,MOTHERSON26APR118PE,0.0,0.0,0.0,12.17,0.0,12.17,133.9,1.55,0,0,0,0.0,0,F1,6150,,,,,
2026-02-18,2026-02-18,FO,NSE,STO,142868,,MOTHERSON,,2026-04-28,2026-04-28,108.0,PE,MOTHERSON26APR108PE,0.0,0.0,0.0,6.59,0.0,6.59,133.9,0.39,0,0,0,0.0,0,F1,6150,,,,,
2026-02-18,2026-02-18,FO,NSE,STO,140364,,MOTHERSON,,2026-03-30,2026-03-30,96.0,CE,MOTHERSON26MAR96CE,0.0,0.0,0.0,26.23,0.0,26.23,133.9,38.48,0,0,0,0.0,0,F1,6150,,,,,
2026-02-18,2026-02-18,FO,NSE,STO,38794,,MOTHERSON,,2026-02-24,2026-02-24,149.0,CE,MOTHERSON26FEB149CE,0.11,0.12,0.07,0.1,0.1,0.11,133.9,0.1,1420650,-43050,62,56850784.5,56,F1,6150,,,,,
2026-02-18,2026-02-18,FO,NSE,STO,118685,,MOTHERSON,,2026-02-24,2026-02-24,96.0,CE,MOTHERSON26FEB96CE,0.0,0.0,0.0,29.84,29.84,29.84,133.9,37.99,24600,0,0,0.0,0,F1,6150,,,,,
2026-02-18,2026-02-18,FO,NSE,STO,118687,,MOTHERSON,,2026-02-24,2026-02-24,98.0,CE,MOTHERSON26FEB98CE,0.0,0.0,0.0,25.42,25.42,25.42,133.9,35.99,0,0,0,0.0,0,F1,6150,,,,,
2026-02-18,2026-02-18,FO,NSE,STO,118695,,MOTHERSON,,2026-02-24,2026-02-24,106.0,CE,MOTHERSON26FEB106CE,28.94,28.94,28.94,28.94,28.94,25.32,133.9,28.0,67650,0,1,829881.0,1,F1,6150,,,,,
2026-02-18,2026-02-18,FO,NSE,STO,118701,,MOTHERSON,,2026-02-24,2026-02-24,112.0,CE,MOTHERSON26FEB112CE,0.0,0.0,0.0,20.53,20.53,20.53,133.9,22.0,442800,0,0,0.0,0,F1,6150,,,,,
2026-02-18,2026-02-18,FO,NSE,STO,142951,,MOTHERSON,,2026-04-28,2026-04-28,144.0,PE,MOTHERSON26APR144PE,0.0,0.0,0.0,33.07,0.0,33.07,133.9,12.82,0,0,0,0.0,0,F1,6150,,,,,
2026-02-18,2026-02-18,FO,NSE,STO,142926,,MOTHERSON,,2026-04-28,2026-04-28,138.0,PE,MOTHERSON26APR138PE,0.0,0.0,0.0,27.7,0.0,27.7,133.9,9.01,0,0,0,0.0,0,F1,6150,,,,,
2026-02-18,2026-02-18,FO,NSE,STO,142905,,MOTHERSON,,2026-04-28,2026-04-28,126.0,PE,MOTHERSON26APR126PE,0.0,0.0,0.0,17.82,0.0,17.82,133.9,3.57,0,0,0,0.0,0,F1,6150,,,,,
2026-02-18,2026-02-18,FO,NSE,STO,142876,,MOTHERSON,,2026-04-28,2026-04-28,116.0,PE,MOTHERSON26APR116PE,0.0,0.0,0.0,10.91,0.0,10.91,133.9,1.22,0,0,0,0.0,0,F1,6150,,,,,
2026-02-18,2026-02-18,FO,NSE,STO,140528,,MOTHERSON,,2026-03-30,2026-03-30,144.0,PE,MOTHERSON26MAR144PE,0.0,0.0,0.0,24.67,0.0,24.67,133.9,11.65,0,0,0,0.0,0,F1,6150,,,,,
2026-02-18,2026-02-18,FO,NSE,STO,140498,,MOTHERSON,,2026-03-30,2026-03-30,114.0,PE,MOTHERSON26MAR114PE,0.0,0.0,0.0,0.84,0.84,0.84,133.9,0.34,12300,0,0,0.0,0,F1,6150,,,,,
2026-02-18,2026-02-18,FO,NSE,STO,38795,,MOTHERSON,,2026-02-24,2026-02-24,149.0,PE,MOTHERSON26FEB149PE,15.99,15.99,15.99,15.99,15.99,14.49,133.9,14.98,24600,-6150,1,1014688.5,1,F1,6150,,,,,
2026-02-18,2026-02-18,FO,NSE,STO,143067,,MOTHERSON,,2026-04-28,2026-04-28,152.0,PE,MOTHERSON26APR152PE,0.0,0.0,0.0,40.51,0.0,40.51,133.9,18.82,0,0,0,0.0,0,F1,6150,,,,,
2026-02-18,2026-02-18,FO,NSE,STO,118762,,MOTHERSON,,2026-02-24,2026-02-24,144.0,PE,MOTHERSON26FEB144PE,0.0,0.0,0.0,10.35,10.35,10.35,133.9,10.07,30750,0,0,0.0,0,F1,6150,,,,,
2026-02-18,2026-02-18,FO,NSE,STO,140205,,MOTHERSON,,2026-02-24,2026-02-24,137.0,PE,MOTHERSON26FEB137PE,4.61,4.61,3.2,4.15,4.35,5.89,133.9,4.15,319800,-135300,43,37215064.5,31,F1,6150,,,,,
2026-02-18,2026-02-18,FO,NSE,STO,140022,,MOTHERSON,,2026-02-24,2026-02-24,129.0,PE,MOTHERSON26FEB129PE,1.15,1.15,0.42,0.61,0.64,1.23,133.9,0.61,922500,-252150,377,300626575.5,330,F1,6150,,,,,
2026-02-18,2026-02-18,FO,NSE,STO,140003,,MOTHERSON,,2026-02-24,2026-02-24,121.0,PE,MOTHERSON26FEB121PE,0.25,0.25,0.1,0.12,0.12,0.25,133.9,0.01,1027050,-98400,84,62583445.5,65,F1,6150,,,,,
2026-02-18,2026-02-18,FO,NSE,STO,142902,,MOTHERSON,,2026-04-28,2026-04-28,124.0,CE,MOTHERSON26APR124CE,0.0,0.0,0.0,3.88,0.0,3.88,133.9,14.14,0,0,0,0.0,0,F1,6150,,,,,
2026-02-18,2026-02-18,FO,NSE,STO,142663,,MOTHERSON,,2026-03-30,2026-03-30,135.0,CE,MOTHERSON26MAR135CE,5.0,6.49,4.7,5.33,5.35,5.09,133.9,5.33,1691250,719550,340,294440905.5,297,F1,6150,,,,,
2026-02-18,2026-02-18,FO,NSE,STO,118737,,MOTHERSON,,2026-02-24,2026-02-24,124.0,PE,MOTHERSON26FEB124PE,0.36,0.37,0.15,0.18,0.2,0.4,133.9,0.18,2724450,-86100,197,150509995.5,162,F1,6150,,,,,
2026-02-18,2026-02-18,FO,NSE,STO,140005,,MOTHERSON,,2026-02-24,2026-02-24,123.0,PE,MOTHERSON26FEB123PE,0.29,0.29,0.13,0.16,0.16,0.33,133.9,0.16,2060250,12300,129,97736415.0,117,F1,6150,,,,,
2026-02-18,2026-02-18,FO,NSE,STO,118755,,MOTHERSON,,2026-02-24,2026-02-24,136.0,CE,MOTHERSON26FEB136CE,1.15,2.07,1.08,1.53,1.51,1.33,133.9,1.53,2121750,184500,1036,877240981.5,970,F1,6150,,,,,
2026-02-18,2026-02-18,FO,NSE,STO,118702,,MOTHERSON,,2026-02-24,2026-02-24,112.0,PE,MOTHERSON26FEB112PE,0.06,0.08,0.04,0.06,0.06,0.15,133.9,0.06,627300,-159900,104,71672715.0,39,F1,6150,,,,,
2026-02-18,2026-02-18,FO,NSE,STO,139978,,MOTHERSON,,2026-02-24,2026-02-24,107.0,PE,MOTHERSON26FEB107PE,0.02,0.07,0.02,0.07,0.07,0.08,133.9,0.01,135300,-12300,3,1975134.0,3,F1,6150,,,,,
2026-02-18,2026-02-18,FO,NSE,STO,142873,,MOTHERSON,,2026-04-28,2026-04-28,114.0,CE,MOTHERSON26APR114CE,0.0,0.0,0.0,7.14,0.0,7.14,133.9,22.02,0,0,0,0.0,0,F1,6150,,,,,
2026-02-18,2026-02-18,FO,NSE,STO,38798,,MOTHERSON,,2026-03-30,2026-03-30,149.0,CE,MOTHERSON26MAR149CE,0.0,0.0,0.0,1.96,1.96,1.96,133.9,1.41,12300,0,0,0.0,0,F1,6150,,,,,
2026-02-18,2026-02-18,FO,NSE,STO,142671,,MOTHERSON,,2026-03-30,2026-03-30,143.0,CE,MOTHERSON26MAR143CE,2.53,2.53,2.53,2.53,2.53,0.42,133.9,2.68,6150,6150,1,895009.5,1,F1,6150,,,,,
2026-02-18,2026-02-18,FO,NSE,STO,142667,,MOTHERSON,,2026-03-30,2026-03-30,139.0,CE,MOTHERSON26MAR139CE,3.85,4.4,3.64,3.76,3.64,3.53,133.9,3.76,172200,-12300,19,16715577.0,13,F1,6150,,,,,
2026-02-18,2026-02-18,FO,NSE,STO,142659,,MOTHERSON,,2026-03-30,2026-03-30,131.0,CE,MOTHERSON26MAR131CE,7.9,7.9,7.9,7.9,7.9,7.12,133.9,7.69,12300,0,1,854235.0,1,F1,6150,,,,,
2026-02-18,2026-02-18,FO,NSE,STO,140503,,MOTHERSON,,2026-03-30,2026-03-30,120.0,CE,MOTHERSON26MAR120CE,15.2,16.5,15.2,15.75,15.75,15.6,133.9,15.59,393600,0,6,5010405.0,6,F1,6150,,,,,
2026-02-18,2026-02-18,FO,NSE,STO,142598,,MOTHERSON,,2026-03-30,2026-03-30,117.0,CE,MOTHERSON26MAR117CE,0.0,0.0,0.0,4.38,0.0,4.38,133.9,18.2,0,0,0,0.0,0,F1,6150,,,,,
2026-02-18,2026-02-18,FO,NSE,STO,118761,,MOTHERSON,,2026-02-24,2026-02-24,144.0,CE,MOTHERSON26FEB144CE,0.21,0.36,0.19,0.31,0.28,0.3,133.9,0.31,559650,86100,63,55912417.5,43,F1,6150,,,,,
2026-02-18,2026-02-18,FO,NSE,STO,140208,,MOTHERSON,,2026-02-24,2026-02-24,141.0,CE,MOTHERSON26FEB141CE,0.41,0.67,0.36,0.5,0.5,0.48,133.9,0.5,2429250,-202950,161,140104441.5,142,F1,6150,,,,,
2026-02-18,2026-02-18,FO,NSE,STO,140206,,MOTHERSON,,2026-02-24,2026-02-24,139.0,CE,MOTHERSON26FEB139CE,0.58,1.07,0.51,0.79,0.8,0.72,133.9,0.79,381300,-98400,118,101488776.0,112,F1,6150,,,,,
2026-02-18,2026-02-18,FO,NSE,STO,140002,,MOTHERSON,,2026-02-24,2026-02-24,121.0,CE,MOTHERSON26FEB121CE,12.54,13.97,12.48,13.97,13.97,11.57,133.9,13.02,356700,0,6,4944969.0,6,F1,6150,,,,,
2026-02-18,2026-02-18,FO,NSE,STO,140000,,MOTHERSON,,2026-02-24,2026-02-24,119.0,CE,MOTHERSON26FEB119CE,0.0,0.0,0.0,13.34,13.34,13.34,133.9,15.01,369000,0,0,0.0,0,F1,6150,,,,,
2026-02-18,2026-02-18,FO,NSE,STO,118705,,MOTHERSON,,2026-02-24,2026-02-24,116.0,CE,MOTHERSON26FEB116CE,0.0,0.0,0.0,14.5,14.5,14.5,133.9,18.01,405900,0,0,0.0,0,F1,6150,,,,,
2026-02-18,2026-02-18,FO,NSE,STO,118693,,MOTHERSON,,2026-02-24,2026-02-24,104.0,CE,MOTHERSON26FEB104CE,0.0,0.0,0.0,27.3,27.3,27.3,133.9,29.99,6150,0,0,0.0,0,F1,6150,,,,,
2026-02-18,2026-02-18,FO,NSE,STO,139911,,MOTHERSON,,2026-02-24,2026-02-24,101.0,CE,MOTHERSON26FEB101CE,0.0,0.0,0.0,20.62,0.0,20.62,133.9,32.99,0,0,0,0.0,0,F1,6150,,,,,
2026-02-18,2026-02-18,FO,NSE,STO,140514,,MOTHERSON,,2026-03-30,2026-03-30,130.0,PE,MOTHERSON26MAR130PE,4.15,4.15,3.05,3.41,3.39,4.24,133.9,3.41,535050,252150,107,87790573.5,102,F1,6150,,,,,
2026-02-18,2026-02-18,FO,NSE,STO,140209,,MOTHERSON,,2026-02-24,2026-02-24,141.0,PE,MOTHERSON26FEB141PE,0.0,0.0,0.0,18.08,18.08,18.08,133.9,7.28,18450,0,0,0.0,0,F1,6150,,,,,
2026-02-18,2026-02-18,FO,NSE,STO,142652,,MOTHERSON,,2026-03-30,2026-03-30,125.0,PE,MOTHERSON26MAR125PE,2.45,2.45,1.78,1.96,1.98,2.6,133.9,1.96,1082400,123000,55,42953691.0,46,F1,6150,,,,,
2026-02-18,2026-02-18,FO,NSE,STO,140506,,MOTHERSON,,2026-03-30,2026-03-30,122.0,PE,MOTHERSON26MAR122PE,1.59,1.76,1.25,1.25,1.25,9.34,133.9,1.32,30750,30750,6,4560778.5,6,F1,6150,,,,,
2026-02-18,2026-02-18,FO,NSE,STO,142597,,MOTHERSON,,2026-03-30,2026-03-30,115.0,PE,MOTHERSON26MAR115PE,0.25,0.78,0.25,0.59,0.59,0.81,133.9,0.59,295200,-12300,13,9241113.0,12,F1,6150,,,,,
2026-02-18,2026-02-18,FO,NSE,STO,142531,,MOTHERSON,,2026-03-30,2026-03-30,105.0,PE,MOTHERSON26MAR105PE,0.0,0.0,0.0,2.48,2.52,2.48,133.9,0.04,18450,0,0,0.0,0,F1,6150,,,,,
2026-02-18,2026-02-18,FO,NSE,STO,140211,,MOTHERSON,,2026-02-24,2026-02-24,143.0,PE,MOTHERSON26FEB143PE,0.0,0.0,0.0,23.23,0.0,23.23,133.9,9.12,0,0,0,0.0,0,F1,6150,,,,,
2026-02-18,2026-02-18,FO,NSE,STO,118758,,MOTHERSON,,2026-02-24,2026-02-24,138.0,PE,MOTHERSON26FEB138PE,0.0,0.0,0.0,6.55,6.55,6.55,133.9,4.78,24600,0,0,0.0,0,F1,6150,,,,,
2026-02-18,2026-02-18,FO,NSE,STO,142601,,MOTHERSON,,2026-03-30,2026-03-30,119.0,PE,MOTHERSON26MAR119PE,0.0,0.0,0.0,2.5,2.5,2.5,133.9,0.83,6150,0,0,0.0,0,F1,6150,,,,,
2026-02-18,2026-02-18,FO,NSE,STO,118691,,MOTHERSON,,2026-02-24,2026-02-24,102.0,CE,MOTHERSON26FEB102CE,32.73,32.73,32.73,32.73,32.73,29.27,133.9,31.99,6150,0,1,828589.5,1,F1,6150,,,,,
2026-02-18,2026-02-18,FO,NSE,STO,142852,,MOTHERSON,,2026-04-28,2026-04-28,92.0,PE,MOTHERSON26APR92PE,0.0,0.0,0.0,1.54,0.0,1.54,133.9,0.01,0,0,0,0.0,0,F1,6150,,,,,
2026-02-18,2026-02-18,FO,NSE,STO,142860,,MOTHERSON,,2026-04-28,2026-04-28,100.0,PE,MOTHERSON26APR100PE,0.0,0.0,0.0,3.48,0.0,3.48,133.9,0.09,0,0,0,0.0,0,F1,6150,,,,,
2026-02-18,2026-02-18,FO,NSE,STO,142909,,MOTHERSON,,2026-04-28,2026-04-28,128.0,PE,MOTHERSON26APR128PE,0.0,0.0,0.0,19.36,0.0,19.36,133.9,4.27,0,0,0,0.0,0,F1,6150,,,,,
2026-02-18,2026-02-18,FO,NSE,STO,139910,,MOTHERSON,,2026-02-24,2026-02-24,99.0,PE,MOTHERSON26FEB99PE,0.01,0.01,0.01,0.01,0.01,0.04,133.9,0.01,55350,0,2,1217823.0,1,F1,6150,,,,,
2026-02-18,2026-02-18,FO,NSE,STO,118692,,MOTHERSON,,2026-02-24,2026-02-24,102.0,PE,MOTHERSON26FEB102PE,0.0,0.0,0.0,0.03,0.03,0.03,133.9,0.01,319800,0,0,0.0,0,F1,6150,,,,,
2026-02-18,2026-02-18,FO,NSE,STO,139974,,MOTHERSON,,2026-02-24,2026-02-24,103.0,PE,MOTHERSON26FEB103PE,0.03,0.03,0.02,0.02,0.02,0.03,133.9,0.02,116850,-6150,4,2534353.5,4,F1,6150,,,,,
2026-02-18,2026-02-18,FO,NSE,STF,66902,,MOTHERSON,,2026-04-28,2026-04-28,,,MOTHERSON26APRFUT,134.42,136.95,134.42,135.54,135.51,133.99,133.9,135.54,738000,-141450,63,52734097.5,56,F1,6150,,,,,
2026-02-18,2026-02-18,FO,NSE,STO,142664,,MOTHERSON,,2026-03-30,2026-03-30,135.0,PE,MOTHERSON26MAR135PE,6.88,6.88,5.03,5.65,5.68,6.91,133.9,5.65,485850,381300,152,131355021.0,128,F1,6150,,,,,
2026-02-18,2026-02-18,FO,NSE,STO,142911,,MOTHERSON,,2026-04-28,2026-04-28,130.0,PE,MOTHERSON26APR130PE,0.0,0.0,0.0,20.95,0.0,20.95,133.9,5.05,0,0,0,0.0,0,F1,6150,,,,,
2026-02-18,2026-02-18,FO,NSE,STF,51980,,MOTHERSON,,2026-03-30,2026-03-30,,,MOTHERSON26MARFUT,133.74,136.31,132.6,134.63,134.5,133.31,133.9,134.63,16014600,10393500,3001,2489135010.0,2322,F1,6150,,,,,
2026-02-18,2026-02-18,FO,NSE,STO,139996,,MOTHERSON,,2026-02-24,2026-02-24,115.0,CE,MOTHERSON26FEB115CE,19.27,19.27,19.27,19.27,19.27,17.1,133.9,19.0,602700,0,1,825760.5,1,F1,6150,,,,,
2026-02-18,2026-02-18,FO,NSE,STO,118707,,MOTHERSON,,2026-02-24,2026-02-24,118.0,CE,MOTHERSON26FEB118CE,16.2,17.0,15.64,16.7,16.7,14.1,133.9,16.01,289050,-18450,5,4135506.0,5,F1,6150,,,,,
2026-02-18,2026-02-18,FO,NSE,STO,140210,,MOTHERSON,,2026-02-24,2026-02-24,143.0,CE,MOTHERSON26FEB143CE,0.24,0.44,0.23,0.37,0.33,0.34,133.9,0.37,258300,-43050,88,77582127.0,85,F1,6150,,,,,
2026-02-18,2026-02-18,FO,NSE,STO,142519,,MOTHERSON,,2026-03-30,2026-03-30,99.0,CE,MOTHERSON26MAR99CE,0.0,0.0,0.0,13.93,0.0,13.93,133.9,35.5,0,0,0,0.0,0,F1,6150,,,,,
2026-02-18,2026-02-18,FO,NSE,STO,142584,,MOTHERSON,,2026-03-30,2026-03-30,109.0,CE,MOTHERSON26MAR109CE,0.0,0.0,0.0,7.71,0.0,7.71,133.9,25.67,0,0,0,0.0,0,F1,6150,,,,,
2026-02-18,2026-02-18,FO,NSE,STO,142592,,MOTHERSON,,2026-03-30,2026-03-30,111.0,CE,MOTHERSON26MAR111CE,0.0,0.0,0.0,6.75,0.0,6.75,133.9,23.75,0,0,0,0.0,0,F1,6150,,,,,
2026-02-18,2026-02-18,FO,NSE,STO,118704,,MOTHERSON,,2026-02-24,2026-02-24,114.0,PE,MOTHERSON26FEB114PE,0.12,0.12,0.06,0.06,0.06,0.13,133.9,0.06,387450,-18450,31,21749967.0,31,F1,6150,,,,,
2026-02-18,2026-02-18,FO,NSE,STO,142596,,MOTHERSON,,2026-03-30,2026-03-30,115.0,CE,MOTHERSON26MAR115CE,0.0,0.0,0.0,18.0,18.0,18.0,133.9,20.0,184500,0,0,0.0,0,F1,6150,,,,,
2026-02-18,2026-02-18,FO,NSE,STO,140499,,MOTHERSON,,2026-03-30,2026-03-30,116.0,CE,MOTHERSON26MAR116CE,0.0,0.0,0.0,11.89,0.0,11.89,133.9,19.09,0,0,0,0.0,0,F1,6150,,,,,
2026-02-18,2026-02-18,FO,NSE,STO,142655,,MOTHERSON,,2026-03-30,2026-03-30,127.0,CE,MOTHERSON26MAR127CE,0.0,0.0,0.0,1.94,0.0,1.94,133.9,10.22,0,0,0,0.0,0,F1,6150,,,,,
2026-02-18,2026-02-18,FO,NSE,STO,142851,,MOTHERSON,,2026-04-28,2026-04-28,92.0,CE,MOTHERSON26APR92CE,0.0,0.0,0.0,20.62,0.0,20.62,133.9,42.87,0,0,0,0.0,0,F1,6150,,,,,
2026-02-18,2026-02-18,FO,NSE,STO,142871,,MOTHERSON,,2026-04-28,2026-04-28,112.0,CE,MOTHERSON26APR112CE,0.0,0.0,0.0,7.99,0.0,7.99,133.9,23.77,0,0,0,0.0,0,F1,6150,,,,,
2026-02-18,2026-02-18,FO,NSE,STO,142875,,MOTHERSON,,2026-04-28,2026-04-28,116.0,CE,MOTHERSON26APR116CE,0.0,0.0,0.0,6.36,0.0,6.36,133.9,20.32,0,0,0,0.0,0,F1,6150,,,,,
2026-02-18,2026-02-18,FO,NSE,STO,142908,,MOTHERSON,,2026-04-28,2026-04-28,128.0,CE,MOTHERSON26APR128CE,0.0,0.0,0.0,2.99,0.0,2.99,133.9,11.49,0,0,0,0.0,0,F1,6150,,,,,
2026-02-18,2026-02-18,FO,NSE,STO,142914,,MOTHERSON,,2026-04-28,2026-04-28,134.0,CE,MOTHERSON26APR134CE,0.0,0.0,0.0,1.98,0.0,1.98,133.9,8.15,0,0,0,0.0,0,F1,6150,,,,,
2026-02-18,2026-02-18,FO,NSE,STO,142919,,MOTHERSON,,2026-04-28,2026-04-28,138.0,CE,MOTHERSON26APR138CE,0.0,0.0,0.0,1.49,0.0,1.49,133.9,6.34,0,0,0,0.0,0,F1,6150,,,,,
2026-02-18,2026-02-18,FO,NSE,STO,139908,,MOTHERSON,,2026-02-24,2026-02-24,97.0,PE,MOTHERSON26FEB97PE,0.0,0.0,0.0,0.07,0.07,0.07,133.9,0.01,104550,0,0,0.0,0,F1,6150,,,,,
2026-02-18,2026-02-18,FO,NSE,STO,118688,,MOTHERSON,,2026-02-24,2026-02-24,98.0,PE,MOTHERSON26FEB98PE,0.0,0.0,0.0,0.14,0.14,0.14,133.9,0.01,0,0,0,0.0,0,F1,6150,,,,,
2026-02-18,2026-02-18,FO,NSE,STO,118706,,MOTHERSON,,2026-02-24,2026-02-24,116.0,PE,MOTHERSON26FEB116PE,0.1,0.1,0.06,0.08,0.08,0.16,133.9,0.08,504300,-209100,83,59253774.0,59,F1,6150,,,,,
2026-02-18,2026-02-18,FO,NSE,STO,118732,,MOTHERSON,,2026-02-24,2026-02-24,122.0,PE,MOTHERSON26FEB122PE,0.19,0.2,0.11,0.13,0.13,0.28,133.9,0.13,1826550,-18450,72,54087774.0,62,F1,6150,,,,,
2026-02-18,2026-02-18,FO,NSE,STO,118752,,MOTHERSON,,2026-02-24,2026-02-24,132.0,PE,MOTHERSON26FEB132PE,2.49,2.49,0.96,1.43,1.5,2.37,133.9,1.43,1439100,282900,709,582198360.0,639,F1,6150,,,,,
2026-02-18,2026-02-18,FO,NSE,STO,140502,,MOTHERSON,,2026-03-30,2026-03-30,118.0,PE,MOTHERSON26MAR118PE,0.0,0.0,0.0,7.32,0.0,7.32,133.9,0.7,0,0,0,0.0,0,F1,6150,,,,,
2026-02-18,2026-02-18,FO,NSE,STO,140504,,MOTHERSON,,2026-03-30,2026-03-30,120.0,PE,MOTHERSON26MAR120PE,1.3,1.3,0.99,1.07,1.09,1.45,133.9,1.07,1420650,276750,149,110980686.0,120,F1,6150,,,,,
2026-02-18,2026-02-18,FO,NSE,STO,142646,,MOTHERSON,,2026-03-30,2026-03-30,123.0,PE,MOTHERSON26MAR123PE,1.47,1.59,1.4,1.54,1.55,2.2,133.9,1.54,129150,67650,19,14547456.0,18,F1,6150,,,,,
2026-02-18,2026-02-18,FO,NSE,STO,140508,,MOTHERSON,,2026-03-30,2026-03-30,124.0,PE,MOTHERSON26MAR124PE,0.0,0.0,0.0,10.45,0.0,10.45,133.9,1.74,0,0,0,0.0,0,F1,6150,,,,,
2026-02-18,2026-02-18,FO,NSE,STO,140520,,MOTHERSON,,2026-03-30,2026-03-30,136.0,PE,MOTHERSON26MAR136PE,0.0,0.0,0.0,18.38,0.0,18.38,133.9,6.42,0,0,0,0.0,0,F1,6150,,,,,
2026-02-18,2026-02-18,FO,NSE,STO,142666,,MOTHERSON,,2026-03-30,2026-03-30,137.0,PE,MOTHERSON26MAR137PE,0.0,0.0,0.0,26.67,0.0,26.67,133.9,6.99,0,0,0,0.0,0,F1,6150,,,,,
2026-02-18,2026-02-18,FO,NSE,STO,142670,,MOTHERSON,,2026-03-30,2026-03-30,141.0,PE,MOTHERSON26MAR141PE,0.0,0.0,0.0,30.37,0.0,30.37,133.9,9.51,0,0,0,0.0,0,F1,6150,,,,,
2026-02-18,2026-02-18,FO,NSE,STO,37286,,MOTHERSON,,2026-02-24,2026-02-24,142.0,PE,MOTHERSON26FEB142PE,0.0,0.0,0.0,12.07,12.07,12.07,133.9,8.19,79950,0,0,0.0,0,F1,6150,,,,,
2026-02-18,2026-02-18,FO,NSE,STO,140020,,MOTHERSON,,2026-02-24,2026-02-24,127.0,PE,MOTHERSON26FEB127PE,0.77,0.77,0.26,0.38,0.39,0.77,133.9,0.38,2398500,270600,305,238974117.0,274,F1,6150,,,,,
2026-02-18,2026-02-18,FO,NSE,STO,118700,,MOTHERSON,,2026-02-24,2026-02-24,110.0,PE,MOTHERSON26FEB110PE,0.09,0.09,0.06,0.06,0.06,0.11,133.9,0.06,3616200,-86100,67,45353052.0,44,F1,6150,,,,,
2026-02-18,2026-02-18,FO,NSE,STO,142608,,MOTHERSON,,2026-03-30,2026-03-30,121.0,CE,MOTHERSON26MAR121CE,0.0,0.0,0.0,15.83,15.83,15.83,133.9,14.76,6150,0,0,0.0,0,F1,6150,,,,,
2026-02-18,2026-02-18,FO,NSE,STO,140507,,MOTHERSON,,2026-03-30,2026-03-30,124.0,CE,MOTHERSON26MAR124CE,0.0,0.0,0.0,8.6,8.6,8.6,133.9,12.39,49200,0,0,0.0,0,F1,6150,,,,,
2026-02-18,2026-02-18,FO,NSE,STO,140515,,MOTHERSON,,2026-03-30,2026-03-30,132.0,CE,MOTHERSON26MAR132CE,6.6,7.87,6.6,7.04,7.04,6.48,133.9,7.12,12300,6150,12,10266379.5,12,F1,6150,,,,,
2026-02-18,2026-02-18,FO,NSE,STO,142661,,MOTHERSON,,2026-03-30,2026-03-30,133.0,CE,MOTHERSON26MAR133CE,6.0,7.4,6.0,6.39,6.39,5.75,133.9,6.39,202950,86100,43,36976813.5,38,F1,6150,,,,,
2026-02-18,2026-02-18,FO,NSE,STO,140519,,MOTHERSON,,2026-03-30,2026-03-30,136.0,CE,MOTHERSON26MAR136CE,4.9,5.96,4.8,4.85,4.87,4.45,133.9,4.85,153750,86100,29,25261678.5,27,F1,6150,,,,,
2026-02-18,2026-02-18,FO,NSE,STO,142936,,MOTHERSON,,2026-04-28,2026-04-28,142.0,CE,MOTHERSON26APR142CE,0.0,0.0,0.0,1.11,0.0,1.11,133.9,4.85,0,0,0,0.0,0,F1,6150,,,,,
2026-02-18,2026-02-18,FO,NSE,STO,143064,,MOTHERSON,,2026-04-28,2026-04-28,148.0,CE,MOTHERSON26APR148CE,0.0,0.0,0.0,0.7,0.0,0.7,133.9,3.13,0,0,0,0.0,0,F1,6150,,,,,
2026-02-18,2026-02-18,FO,NSE,STO,140204,,MOTHERSON,,2026-02-24,2026-02-24,137.0,CE,MOTHERSON26FEB137CE,0.9,1.67,0.9,1.22,1.21,1.08,133.9,1.22,1371450,264450,672,571813162.5,643,F1,6150,,,,,
2026-02-18,2026-02-18,FO,NSE,STO,140021,,MOTHERSON,,2026-02-24,2026-02-24,129.0,CE,MOTHERSON26FEB129CE,5.0,6.58,5.0,5.48,5.51,4.7,133.9,5.48,848700,-6150,14,11625099.0,12,F1,6150,,,,,
2026-02-18,2026-02-18,FO,NSE,STO,140019,,MOTHERSON,,2026-02-24,2026-02-24,127.0,CE,MOTHERSON26FEB127CE,6.6,8.17,6.54,8.17,8.17,6.26,133.9,7.26,738000,-110700,28,23082180.0,24,F1,6150,,,,,
2026-02-18,2026-02-18,FO,NSE,STO,140006,,MOTHERSON,,2026-02-24,2026-02-24,125.0,CE,MOTHERSON26FEB125CE,7.95,10.6,7.95,9.13,9.12,8.03,133.9,9.13,3321000,-86100,83,68603127.0,69,F1,6150,,,,,
2026-02-18,2026-02-18,FO,NSE,STO,139994,,MOTHERSON,,2026-02-24,2026-02-24,113.0,CE,MOTHERSON26FEB113CE,0.0,0.0,0.0,19.1,19.1,19.1,133.9,21.0,719550,0,0,0.0,0,F1,6150,,,,,
2026-02-18,2026-02-18,FO,NSE,STO,118696,,MOTHERSON,,2026-02-24,2026-02-24,106.0,PE,MOTHERSON26FEB106PE,0.1,0.1,0.07,0.07,0.07,0.1,133.9,0.01,1162350,61500,12,7829811.0,3,F1,6150,,,,,
2026-02-18,2026-02-18,FO,NSE,STO,142903,,MOTHERSON,,2026-04-28,2026-04-28,124.0,PE,MOTHERSON26APR124PE,0.0,0.0,0.0,16.32,0.0,16.32,133.9,2.95,0,0,0,0.0,0,F1,6150,,,,,
2026-02-18,2026-02-18,FO,NSE,STO,142599,,MOTHERSON,,2026-03-30,2026-03-30,117.0,PE,MOTHERSON26MAR117PE,0.0,0.0,0.0,10.49,0.0,10.49,133.9,0.59,0,0,0,0.0,0,F1,6150,,,,,
2026-02-18,2026-02-18,FO,NSE,STO,140500,,MOTHERSON,,2026-03-30,2026-03-30,116.0,PE,MOTHERSON26MAR116PE,0.0,0.0,0.0,6.42,0.0,6.42,133.9,0.5,0,0,0,0.0,0,F1,6150,,,,,
2026-02-18,2026-02-18,FO,NSE,STO,140496,,MOTHERSON,,2026-03-30,2026-03-30,112.0,PE,MOTHERSON26MAR112PE,0.0,0.0,0.0,2.05,2.05,2.05,133.9,0.23,43050,0,0,0.0,0,F1,6150,,,,,
2026-02-18,2026-02-18,FO,NSE,STO,41276,,MOTHERSON,,2026-02-24,2026-02-24,150.0,PE,MOTHERSON26FEB150PE,0.0,0.0,0.0,30.25,0.0,30.25,133.9,15.97,0,0,0,0.0,0,F1,6150,,,,,
2026-02-18,2026-02-18,FO,NSE,STO,118760,,MOTHERSON,,2026-02-24,2026-02-24,140.0,PE,MOTHERSON26FEB140PE,8.51,8.51,5.71,6.81,6.81,8.27,133.9,6.4,356700,-18450,30,27053542.5,30,F1,6150,,,,,
2026-02-18,2026-02-18,FO,NSE,STO,118714,,MOTHERSON,,2026-02-24,2026-02-24,120.0,PE,MOTHERSON26FEB120PE,0.21,0.21,0.1,0.11,0.12,0.22,133.9,0.11,5448900,-215250,192,141864202.5,151,F1,6150,,,,,
2026-02-18,2026-02-18,FO,NSE,STO,118708,,MOTHERSON,,2026-02-24,2026-02-24,118.0,PE,MOTHERSON26FEB118PE,0.1,0.1,0.08,0.08,0.08,0.17,133.9,0.08,744150,12300,16,11620056.0,16,F1,6150,,,,,
2026-02-18,2026-02-18,FO,NSE,STO,118698,,MOTHERSON,,2026-02-24,2026-02-24,108.0,PE,MOTHERSON26FEB108PE,0.06,0.06,0.05,0.05,0.05,0.06,133.9,0.01,645750,-18450,33,21929547.0,11,F1,6150,,,,,
2026-02-18,2026-02-18,FO,NSE,STO,142916,,MOTHERSON,,2026-04-28,2026-04-28,136.0,CE,MOTHERSON26APR136CE,0.0,0.0,0.0,1.72,0.0,1.72,133.9,7.2,0,0,0,0.0,0,F1,6150,,,,,
2026-02-18,2026-02-18,FO,NSE,STO,142600,,MOTHERSON,,2026-03-30,2026-03-30,119.0,CE,MOTHERSON26MAR119CE,0.0,0.0,0.0,3.76,0.0,3.76,133.9,16.45,0,0,0,0.0,0,F1,6150,,,,,
2026-02-18,2026-02-18,FO,NSE,STO,142528,,MOTHERSON,,2026-03-30,2026-03-30,103.0,CE,MOTHERSON26MAR103CE,0.0,0.0,0.0,11.17,0.0,11.17,133.9,31.54,0,0,0,0.0,0,F1,6150,,,,,
2026-02-18,2026-02-18,FO,NSE,STO,139998,,MOTHERSON,,2026-02-24,2026-02-24,117.0,CE,MOTHERSON26FEB117CE,16.51,18.5,16.51,17.73,17.73,14.8,133.9,17.01,510450,-12300,3,2483001.0,3,F1,6150,,,,,
2026-02-18,2026-02-18,FO,NSE,STO,139909,,MOTHERSON,,2026-02-24,2026-02-24,99.0,CE,MOTHERSON26FEB99CE,0.0,0.0,0.0,22.37,0.0,22.37,133.9,34.99,0,0,0,0.0,0,F1,6150,,,,,
2026-02-18,2026-02-18,FO,NSE,STO,140532,,MOTHERSON,,2026-03-30,2026-03-30,148.0,PE,MOTHERSON26MAR148PE,0.0,0.0,0.0,28.03,0.0,28.03,133.9,14.79,0,0,0,0.0,0,F1,6150,,,,,
2026-02-18,2026-02-18,FO,NSE,STO,142901,,MOTHERSON,,2026-04-28,2026-04-28,122.0,PE,MOTHERSON26APR122PE,0.0,0.0,0.0,14.87,0.0,14.87,133.9,2.42,0,0,0,0.0,0,F1,6150,,,,,
2026-02-18,2026-02-18,FO,NSE,STO,143065,,MOTHERSON,,2026-04-28,2026-04-28,148.0,PE,MOTHERSON26APR148PE,0.0,0.0,0.0,36.76,0.0,36.76,133.9,15.7,0,0,0,0.0,0,F1,6150,,,,,
2026-02-18,2026-02-18,FO,NSE,STO,118739,,MOTHERSON,,2026-02-24,2026-02-24,126.0,PE,MOTHERSON26FEB126PE,0.6,0.6,0.22,0.3,0.31,0.63,133.9,0.3,940950,-824100,412,320062359.0,234,F1,6150,,,,,
2026-02-18,2026-02-18,FO,NSE,STO,139993,,MOTHERSON,,2026-02-24,2026-02-24,111.0,PE,MOTHERSON26FEB111PE,0.05,0.05,0.05,0.05,0.05,0.12,133.9,0.01,1728150,0,8,5463660.0,1,F1,6150,,,,,
2026-02-18,2026-02-18,FO,NSE,STO,118680,,MOTHERSON,,2026-02-24,2026-02-24,90.0,PE,MOTHERSON26FEB90PE,0.01,0.02,0.01,0.01,0.01,0.01,133.9,0.01,504300,-123000,22,12178414.5,21,F1,6150,,,,,
2026-02-18,2026-02-18,FO,NSE,STO,142952,,MOTHERSON,,2026-04-28,2026-04-28,146.0,CE,MOTHERSON26APR146CE,0.0,0.0,0.0,0.82,0.0,0.82,133.9,3.64,0,0,0,0.0,0,F1,6150,,,,,
2026-02-18,2026-02-18,FO,NSE,STO,142910,,MOTHERSON,,2026-04-28,2026-04-28,130.0,CE,MOTHERSON26APR130CE,0.0,0.0,0.0,7.0,7.0,7.0,133.9,10.3,6150,0,0,0.0,0,F1,6150,,,,,
2026-02-18,2026-02-18,FO,NSE,STO,140523,,MOTHERSON,,2026-03-30,2026-03-30,140.0,CE,MOTHERSON26MAR140CE,3.2,4.2,3.2,3.29,3.28,3.26,133.9,3.29,3591600,1863450,664,586124397.0,451,F1,6150,,,,,
2026-02-18,2026-02-18,FO,NSE,STO,142665,,MOTHERSON,,2026-03-30,2026-03-30,137.0,CE,MOTHERSON26MAR137CE,5.39,5.48,4.54,4.57,4.54,4.3,133.9,4.57,258300,227550,44,38514744.0,23,F1,6150,,,,,
2026-02-18,2026-02-18,FO,NSE,STO,140513,,MOTHERSON,,2026-03-30,2026-03-30,130.0,CE,MOTHERSON26MAR130CE,7.55,9.46,7.55,8.19,8.1,7.68,133.9,8.19,1027050,184500,149,126871548.0,95,F1,6150,,,,,
2026-02-18,2026-02-18,FO,NSE,STO,118763,,MOTHERSON,,2026-02-24,2026-02-24,148.0,CE,MOTHERSON26FEB148CE,0.11,0.15,0.09,0.13,0.12,0.14,133.9,0.13,510450,-49200,93,84720124.5,88,F1,6150,,,,,
2026-02-18,2026-02-18,FO,NSE,STO,140212,,MOTHERSON,,2026-02-24,2026-02-24,145.0,CE,MOTHERSON26FEB145CE,0.2,0.28,0.14,0.22,0.21,0.22,133.9,0.22,3364050,-184500,358,319701907.5,325,F1,6150,,,,,
2026-02-18,2026-02-18,FO,NSE,STO,139986,,MOTHERSON,,2026-02-24,2026-02-24,109.0,CE,MOTHERSON26FEB109CE,0.0,0.0,0.0,23.33,23.33,23.33,133.9,25.0,805650,0,0,0.0,0,F1,6150,,,,,
2026-02-18,2026-02-18,FO,NSE,STO,118697,,MOTHERSON,,2026-02-24,2026-02-24,108.0,CE,MOTHERSON26FEB108CE,0.0,0.0,0.0,24.33,24.33,24.33,133.9,26.0,430500,0,0,0.0,0,F1,6150,,,,,
2026-02-18,2026-02-18,FO,NSE,STO,140518,,MOTHERSON,,2026-03-30,2026-03-30,134.0,PE,MOTHERSON26MAR134PE,0.0,0.0,0.0,16.92,0.0,16.92,133.9,5.37,0,0,0,0.0,0,F1,6150,,,,,
2026-02-18,2026-02-18,FO,NSE,STO,142660,,MOTHERSON,,2026-03-30,2026-03-30,131.0,PE,MOTHERSON26MAR131PE,4.15,4.15,3.4,3.4,3.4,4.67,133.9,4.0,36900,0,3,2486445.0,3,F1,6150,,,,,
2026-02-18,2026-02-18,FO,NSE,STO,142658,,MOTHERSON,,2026-03-30,2026-03-30,129.0,PE,MOTHERSON26MAR129PE,3.31,3.45,2.72,3.05,3.09,3.91,133.9,3.05,43050,12300,13,10554384.0,13,F1,6150,,,,,
2026-02-18,2026-02-18,FO,NSE,STO,140512,,MOTHERSON,,2026-03-30,2026-03-30,128.0,PE,MOTHERSON26MAR128PE,2.65,2.74,2.65,2.74,2.74,3.79,133.9,2.88,24600,12300,3,2411046.0,3,F1,6150,,,,,
2026-02-18,2026-02-18,FO,NSE,STO,142525,,MOTHERSON,,2026-03-30,2026-03-30,101.0,PE,MOTHERSON26MAR101PE,0.0,0.0,0.0,2.78,0.0,2.78,133.9,0.01,0,0,0,0.0,0,F1,6150,,,,,
2026-02-18,2026-02-18,FO,NSE,STO,140534,,MOTHERSON,,2026-03-30,2026-03-30,150.0,PE,MOTHERSON26MAR150PE,0.0,0.0,0.0,29.76,0.0,29.76,133.9,16.46,0,0,0,0.0,0,F1,6150,,,,,
2026-02-18,2026-02-18,FO,NSE,STO,142657,,MOTHERSON,,2026-03-30,2026-03-30,129.0,CE,MOTHERSON26MAR129CE,0.0,0.0,0.0,1.62,0.0,1.62,133.9,8.9,0,0,0,0.0,0,F1,6150,,,,,
2026-02-18,2026-02-18,FO,NSE,STO,140517,,MOTHERSON,,2026-03-30,2026-03-30,134.0,CE,MOTHERSON26MAR134CE,5.68,6.7,5.67,5.77,5.77,5.56,133.9,5.77,79950,24600,11,9481824.0,11,F1,6150,,,,,
2026-02-18,2026-02-18,FO,NSE,STO,162545,,RELIANCE,,2026-04-28,2026-04-28,1400.0,PE,RELIANCE26APR1400PE,30.05,33.2,26.15,26.3,26.2,32.65,1441.3,26.3,104500,74000,239,170994500.0,219,F1,500,,,,,
2026-02-18,2026-02-18,FO,NSE,STO,162385,,RELIANCE,,2026-04-28,2026-04-28,1340.0,PE,RELIANCE26APR1340PE,0.0,0.0,0.0,38.45,0.0,38.45,1441.3,12.15,0,0,0,0.0,0,F1,500,,,,,
2026-02-18,2026-02-18,FO,NSE,STO,157329,,RELIANCE,,2026-03-30,2026-03-30,1480.0,PE,RELIANCE26MAR1480PE,64.0,65.25,51.3,51.5,51.85,65.45,1441.3,51.5,60000,13500,53,40760650.0,50,F1,500,,,,,
2026-02-18,2026-02-18,FO,NSE,STO,158079,,RELIANCE,,2026-03-30,2026-03-30,1370.0,PE,RELIANCE26MAR1370PE,14.5,16.15,9.7,9.85,9.9,15.45,1441.3,9.85,99500,-10500,149,102948500.0,112,F1,500,,,,,
2026-02-18,2026-02-18,FO,NSE,STO,131554,,RELIANCE,,2026-02-24,2026-02-24,1700.0,PE,RELIANCE26FEB1700PE,274.0,279.0,260.0,260.0,260.0,275.0,1441.3,260.0,803500,-14500,45,44310275.0,34,F1,500,,,,,
2026-02-18,2026-02-18,FO,NSE,STO,131492,,RELIANCE,,2026-02-24,2026-02-24,1220.0,CE,RELIANCE26FEB1220CE,0.0,0.0,0.0,234.5,234.5,234.5,1441.3,222.4,54000,0,0,0.0,0,F1,500,,,,,
2026-02-18,2026-02-18,FO,NSE,STO,131494,,RELIANCE,,2026-02-24,2026-02-24,1240.0,CE,RELIANCE26FEB1240CE,0.0,0.0,0.0,320.1,0.0,320.1,1441.3,202.4,0,0,0,0.0,0,F1,500,,,,,
2026-02-18,2026-02-18,FO,NSE,STO,157200,,RELIANCE,,2026-02-24,2026-02-24,1330.0,CE,RELIANCE26FEB1330CE,0.0,0.0,0.0,95.7,95.1,95.7,1441.3,112.5,43500,0,0,0.0,0,F1,500,,,,,
2026-02-18,2026-02-18,FO,NSE,STO,157356,,RELIANCE,,2026-03-30,2026-03-30,1760.0,CE,RELIANCE26MAR1760CE,1.15,1.15,1.15,1.15,1.15,1.2,1441.3,0.1,52000,500,1,880575.0,1,F1,500,,,,,
2026-02-18,2026-02-18,FO,NSE,STO,131552,,RELIANCE,,2026-02-24,2026-02-24,1680.0,PE,RELIANCE26FEB1680PE,254.5,261.25,251.0,251.0,251.0,215.0,1441.3,237.2,1000,-8500,18,17439700.0,14,F1,500,,,,,
2026-02-18,2026-02-18,FO,NSE,STO,157233,,RELIANCE,,2026-02-24,2026-02-24,1650.0,PE,RELIANCE26FEB1650PE,227.45,227.45,211.0,211.0,211.0,226.05,1441.3,207.2,361000,-6500,31,28994100.0,13,F1,500,,,,,
2026-02-18,2026-02-18,FO,NSE,STO,131525,,RELIANCE,,2026-02-24,2026-02-24,1420.0,CE,RELIANCE26FEB1420CE,17.5,23.95,11.8,23.0,22.8,16.6,1441.3,23.0,2629500,-643000,18908,13588435150.0,14703,F1,500,,,,,
2026-02-18,2026-02-18,FO,NSE,STO,157214,,RELIANCE,,2026-02-24,2026-02-24,1470.0,CE,RELIANCE26FEB1470CE,4.0,4.0,1.75,3.2,3.2,3.25,1441.3,3.2,2704000,-55500,12125,8927560625.0,6539,F1,500,,,,,
2026-02-18,2026-02-18,FO,NSE,STO,131537,,RELIANCE,,2026-02-24,2026-02-24,1540.0,CE,RELIANCE26FEB1540CE,0.9,0.9,0.55,0.7,0.8,0.9,1441.3,0.7,880000,-162000,1295,997557900.0,695,F1,500,,,,,
2026-02-18,2026-02-18,FO,NSE,STO,131555,,RELIANCE,,2026-02-24,2026-02-24,1720.0,CE,RELIANCE26FEB1720CE,0.1,0.15,0.05,0.15,0.15,0.2,1441.3,0.05,24500,-9500,45,38702100.0,18,F1,500,,,,,
2026-02-18,2026-02-18,FO,NSE,STO,131563,,RELIANCE,,2026-02-24,2026-02-24,1800.0,CE,RELIANCE26FEB1800CE,0.2,0.2,0.15,0.15,0.15,0.2,1441.3,0.15,304500,-11500,43,38703375.0,20,F1,500,,,,,
2026-02-18,2026-02-18,FO,NSE,STO,157778,,RELIANCE,,2026-03-30,2026-03-30,1250.0,CE,RELIANCE26MAR1250CE,0.0,0.0,0.0,152.25,0.0,152.25,1441.3,199.35,0,0,0,0.0,0,F1,500,,,,,
2026-02-18,2026-02-18,FO,NSE,STO,157310,,RELIANCE,,2026-03-30,2026-03-30,1300.0,CE,RELIANCE26MAR1300CE,140.0,151.75,134.0,151.4,151.0,137.8,1441.3,151.4,46500,13000,90,64958500.0,39,F1,500,,,,,
2026-02-18,2026-02-18,FO,NSE,STO,158470,,RELIANCE,,2026-03-30,2026-03-30,1450.0,CE,RELIANCE26MAR1450CE,31.6,35.35,28.05,34.75,34.5,31.25,1441.3,34.75,604000,53000,1747,1295226725.0,1343,F1,500,,,,,
2026-02-18,2026-02-18,FO,NSE,STO,158706,,RELIANCE,,2026-03-30,2026-03-30,1590.0,CE,RELIANCE26MAR1590CE,3.7,3.85,3.7,3.85,3.85,7.1,1441.3,3.85,2000,500,3,2390700.0,3,F1,500,,,,,
2026-02-18,2026-02-18,FO,NSE,STO,157779,,RELIANCE,,2026-03-30,2026-03-30,1250.0,PE,RELIANCE26MAR1250PE,2.7,2.75,1.7,1.75,1.8,2.7,1441.3,1.75,44000,27000,95,59472200.0,85,F1,500,,,,,
2026-02-18,2026-02-18,FO,NSE,STO,157297,,RELIANCE,,2026-03-30,2026-03-30,1160.0,PE,RELIANCE26MAR1160PE,0.0,0.0,0.0,1.5,1.5,1.5,1441.3,0.05,9500,0,0,0.0,0,F1,500,,,,,
2026-02-18,2026-02-18,FO,NSE,STO,163197,,RELIANCE,,2026-04-28,2026-04-28,1600.0,PE,RELIANCE26APR1600PE,0.0,0.0,0.0,207.05,0.0,207.05,1441.3,152.75,0,0,0,0.0,0,F1,500,,,,,
2026-02-18,2026-02-18,FO,NSE,STO,161615,,RELIANCE,,2026-04-28,2026-04-28,1220.0,PE,RELIANCE26APR1220PE,0.0,0.0,0.0,9.4,0.0,9.4,1441.3,1.15,0,0,0,0.0,0,F1,500,,,,,
2026-02-18,2026-02-18,FO,NSE,STO,157325,,RELIANCE,,2026-03-30,2026-03-30,1440.0,PE,RELIANCE26MAR1440PE,40.65,43.3,29.5,30.2,30.25,41.5,1441.3,30.2,424500,205000,676,498932925.0,575,F1,500,,,,,
2026-02-18,2026-02-18,FO,NSE,STO,158375,,RELIANCE,,2026-03-30,2026-03-30,1430.0,PE,RELIANCE26MAR1430PE,34.5,38.2,25.4,25.95,26.1,36.6,1441.3,25.95,346500,94000,577,421775475.0,490,F1,500,,,,,
2026-02-18,2026-02-18,FO,NSE,STO,157225,,RELIANCE,,2026-02-24,2026-02-24,1570.0,PE,RELIANCE26FEB1570PE,145.25,145.25,135.0,135.0,135.0,147.5,1441.3,127.3,64000,-1500,4,3418875.0,4,F1,500,,,,,
2026-02-18,2026-02-18,FO,NSE,STO,131538,,RELIANCE,,2026-02-24,2026-02-24,1540.0,PE,RELIANCE26FEB1540PE,119.75,120.0,101.5,101.5,101.5,116.0,1441.3,101.5,216000,-5500,14,11550900.0,14,F1,500,,,,,
2026-02-18,2026-02-18,FO,NSE,STO,158374,,RELIANCE,,2026-03-30,2026-03-30,1430.0,CE,RELIANCE26MAR1430CE,40.8,46.5,37.35,45.75,45.4,40.8,1441.3,45.75,392500,114000,1140,839303075.0,894,F1,500,,,,,
2026-02-18,2026-02-18,FO,NSE,STO,157922,,RELIANCE,,2026-03-30,2026-03-30,1330.0,CE,RELIANCE26MAR1330CE,0.0,0.0,0.0,91.45,0.0,91.45,1441.3,124.1,0,0,0,0.0,0,F1,500,,,,,
2026-02-18,2026-02-18,FO,NSE,STO,157838,,RELIANCE,,2026-03-30,2026-03-30,1270.0,CE,RELIANCE26MAR1270CE,0.0,0.0,0.0,135.7,0.0,135.7,1441.3,179.9,0,0,0,0.0,0,F1,500,,,,,
2026-02-18,2026-02-18,FO,NSE,STO,157306,,RELIANCE,,2026-03-30,2026-03-30,1260.0,CE,RELIANCE26MAR1260CE,0.0,0.0,0.0,300.35,0.0,300.35,1441.3,189.6,0,0,0,0.0,0,F1,500,,,,,
2026-02-18,2026-02-18,FO,NSE,STO,157224,,RELIANCE,,2026-02-24,2026-02-24,1570.0,CE,RELIANCE26FEB1570CE,0.4,0.55,0.4,0.5,0.55,0.6,1441.3,0.5,437000,-132000,651,511186400.0,262,F1,500,,,,,
2026-02-18,2026-02-18,FO,NSE,STO,131535,,RELIANCE,,2026-02-24,2026-02-24,1520.0,CE,RELIANCE26FEB1520CE,1.0,1.05,0.7,0.95,0.9,1.2,1441.3,0.95,1390000,-316000,3813,2899490075.0,1539,F1,500,,,,,
2026-02-18,2026-02-18,FO,NSE,STO,131531,,RELIANCE,,2026-02-24,2026-02-24,1480.0,CE,RELIANCE26FEB1480CE,2.5,2.55,1.15,2.1,2.15,2.45,1441.3,2.1,3619500,-139500,8918,6607050675.0,4841,F1,500,,,,,
2026-02-18,2026-02-18,FO,NSE,STO,131490,,RELIANCE,,2026-02-24,2026-02-24,1200.0,CE,RELIANCE26FEB1200CE,224.55,239.0,220.0,238.7,238.5,224.45,1441.3,238.7,1069000,-11000,29,20776825.0,14,F1,500,,,,,
2026-02-18,2026-02-18,FO,NSE,STO,157212,,RELIANCE,,2026-02-24,2026-02-24,1450.0,CE,RELIANCE26FEB1450CE,6.4,7.65,3.6,7.35,7.25,6.1,1441.3,7.35,4302500,210000,27177,19781895200.0,17626,F1,500,,,,,
2026-02-18,2026-02-18,FO,NSE,STO,131523,,RELIANCE,,2026-02-24,2026-02-24,1400.0,CE,RELIANCE26FEB1400CE,30.95,41.2,23.65,40.05,40.1,29.25,1441.3,40.05,6725000,-139000,5119,3664384050.0,4250,F1,500,,,,,
2026-02-18,2026-02-18,FO,NSE,STO,157217,,RELIANCE,,2026-02-24,2026-02-24,1490.0,PE,RELIANCE26FEB1490PE,65.6,71.45,51.85,52.35,52.95,68.0,1441.3,52.35,205500,-6500,77,59815900.0,77,F1,500,,,,,
2026-02-18,2026-02-18,FO,NSE,STO,131534,,RELIANCE,,2026-02-24,2026-02-24,1500.0,PE,RELIANCE26FEB1500PE,75.7,81.0,61.2,62.0,62.25,77.15,1441.3,62.0,1391000,-60000,224,175814175.0,197,F1,500,,,,,
2026-02-18,2026-02-18,FO,NSE,STO,157191,,RELIANCE,,2026-02-24,2026-02-24,1230.0,PE,RELIANCE26FEB1230PE,0.3,0.35,0.15,0.25,0.25,0.45,1441.3,0.25,17500,-1500,16,9842050.0,9,F1,500,,,,,
2026-02-18,2026-02-18,FO,NSE,STO,41432,,RELIANCE,,2026-02-24,2026-02-24,1180.0,PE,RELIANCE26FEB1180PE,0.25,0.25,0.15,0.15,0.15,0.25,1441.3,0.15,61000,-12500,31,18293100.0,10,F1,500,,,,,
2026-02-18,2026-02-18,FO,NSE,STO,157185,,RELIANCE,,2026-02-24,2026-02-24,1140.0,PE,RELIANCE26FEB1140PE,0.2,0.2,0.2,0.2,0.2,0.3,1441.3,0.2,214500,-500,39,22233900.0,13,F1,500,,,,,
2026-02-18,2026-02-18,FO,NSE,STO,162950,,RELIANCE,,2026-04-28,2026-04-28,1520.0,CE,RELIANCE26APR1520CE,0.0,0.0,0.0,25.7,0.0,25.7,1441.3,27.6,0,0,0,0.0,0,F1,500,,,,,
2026-02-18,2026-02-18,FO,NSE,STO,157226,,RELIANCE,,2026-02-24,2026-02-24,1590.0,CE,RELIANCE26FEB1590CE,0.55,0.55,0.35,0.45,0.4,0.6,1441.3,0.45,526000,-9500,132,104967350.0,79,F1,500,,,,,
2026-02-18,2026-02-18,FO,NSE,STO,157216,,RELIANCE,,2026-02-24,2026-02-24,1490.0,CE,RELIANCE26FEB1490CE,1.7,2.0,1.1,1.7,1.7,2.05,1441.3,1.7,832000,-76500,3745,2792821350.0,1835,F1,500,,,,,
2026-02-18,2026-02-18,FO,NSE,STO,131519,,RELIANCE,,2026-02-24,2026-02-24,1380.0,CE,RELIANCE26FEB1380CE,46.0,61.0,40.8,60.05,59.8,46.5,1441.3,60.05,342000,-24500,402,287462650.0,341,F1,500,,,,,
2026-02-18,2026-02-18,FO,NSE,STO,157194,,RELIANCE,,2026-02-24,2026-02-24,1270.0,CE,RELIANCE26FEB1270CE,164.25,164.25,164.25,164.25,164.25,179.4,1441.3,172.45,7000,-1000,2,1434250.0,1,F1,500,,,,,
2026-02-18,2026-02-18,FO,NSE,STO,163788,,RELIANCE,,2026-04-28,2026-04-28,1660.0,CE,RELIANCE26APR1660CE,0.0,0.0,0.0,4.8,4.8,4.8,1441.3,4.65,10000,0,0,0.0,0,F1,500,,,,,
2026-02-18,2026-02-18,FO,NSE,STO,157195,,RELIANCE,,2026-02-24,2026-02-24,1270.0,PE,RELIANCE26FEB1270PE,0.45,0.5,0.3,0.35,0.4,0.65,1441.3,0.35,222000,-6500,89,56530550.0,75,F1,500,,,,,
2026-02-18,2026-02-18,FO,NSE,STO,131532,,RELIANCE,,2026-02-24,2026-02-24,1480.0,PE,RELIANCE26FEB1480PE,54.5,62.6,42.4,42.95,43.0,58.65,1441.3,42.95,654000,-29500,204,156137525.0,178,F1,500,,,,,
2026-02-18,2026-02-18,FO,NSE,STO,131548,,RELIANCE,,2026-02-24,2026-02-24,1640.0,PE,RELIANCE26FEB1640PE,207.0,207.0,206.5,206.5,206.5,271.25,1441.3,197.2,32000,-3000,9,8310250.0,2,F1,500,,,,,
2026-02-18,2026-02-18,FO,NSE,STO,161587,,RELIANCE,,2026-04-28,2026-04-28,1200.0,PE,RELIANCE26APR1200PE,4.0,4.0,2.75,2.75,2.75,4.0,1441.3,0.7,10500,1000,4,2406750.0,4,F1,500,,,,,
2026-02-18,2026-02-18,FO,NSE,STO,162951,,RELIANCE,,2026-04-28,2026-04-28,1520.0,PE,RELIANCE26APR1520PE,0.0,0.0,0.0,141.9,0.0,141.9,1441.3,90.55,0,0,0,0.0,0,F1,500,,,,,
2026-02-18,2026-02-18,FO,NSE,STO,162544,,RELIANCE,,2026-04-28,2026-04-28,1400.0,CE,RELIANCE26APR1400CE,0.0,0.0,0.0,66.8,0.0,66.8,1441.3,83.75,0,0,0,0.0,0,F1,500,,,,,
2026-02-18,2026-02-18,FO,NSE,STO,162276,,RELIANCE,,2026-04-28,2026-04-28,1300.0,CE,RELIANCE26APR1300CE,0.0,0.0,0.0,126.0,0.0,126.0,1441.3,160.95,0,0,0,0.0,0,F1,500,,,,,
2026-02-18,2026-02-18,FO,NSE,STO,131522,,RELIANCE,,2026-02-24,2026-02-24,1380.0,PE,RELIANCE26FEB1380PE,2.55,2.55,0.75,0.8,0.8,2.55,1441.3,0.8,990000,-65500,3966,2739326375.0,1627,F1,500,,,,,
2026-02-18,2026-02-18,FO,NSE,STO,131524,,RELIANCE,,2026-02-24,2026-02-24,1400.0,PE,RELIANCE26FEB1400PE,5.15,5.4,1.3,1.35,1.35,5.4,1441.3,1.35,4398500,413500,13086,9180490600.0,7441,F1,500,,,,,
2026-02-18,2026-02-18,FO,NSE,STO,131499,,RELIANCE,,2026-02-24,2026-02-24,1280.0,PE,RELIANCE26FEB1280PE,0.55,0.6,0.2,0.35,0.35,0.65,1441.3,0.35,316500,-142500,409,261832950.0,336,F1,500,,,,,
2026-02-18,2026-02-18,FO,NSE,STO,162836,,RELIANCE,,2026-04-28,2026-04-28,1460.0,CE,RELIANCE26APR1460CE,0.0,0.0,0.0,42.5,0.0,42.5,1441.3,50.4,0,0,0,0.0,0,F1,500,,,,,
2026-02-18,2026-02-18,FO,NSE,STO,161586,,RELIANCE,,2026-04-28,2026-04-28,1200.0,CE,RELIANCE26APR1200CE,0.0,0.0,0.0,205.9,0.0,205.9,1441.3,254.4,0,0,0,0.0,0,F1,500,,,,,
2026-02-18,2026-02-18,FO,NSE,STO,157348,,RELIANCE,,2026-03-30,2026-03-30,1680.0,CE,RELIANCE26MAR1680CE,0.0,0.0,0.0,1.9,1.9,1.9,1441.3,0.65,1500,0,0,0.0,0,F1,500,,,,,
2026-02-18,2026-02-18,FO,NSE,STO,158994,,RELIANCE,,2026-03-30,2026-03-30,1630.0,CE,RELIANCE26MAR1630CE,0.0,0.0,0.0,3.9,3.9,3.9,1441.3,1.95,10500,0,0,0.0,0,F1,500,,,,,
2026-02-18,2026-02-18,FO,NSE,STO,157334,,RELIANCE,,2026-03-30,2026-03-30,1540.0,CE,RELIANCE26MAR1540CE,8.25,8.45,7.05,8.35,8.35,8.3,1441.3,8.35,239000,27000,325,251531850.0,195,F1,500,,,,,
2026-02-18,2026-02-18,FO,NSE,STO,157332,,RELIANCE,,2026-03-30,2026-03-30,1520.0,CE,RELIANCE26MAR1520CE,10.3,11.75,9.55,11.35,11.55,11.2,1441.3,11.35,227000,57000,478,365890225.0,364,F1,500,,,,,
2026-02-18,2026-02-18,FO,NSE,STO,157326,,RELIANCE,,2026-03-30,2026-03-30,1460.0,CE,RELIANCE26MAR1460CE,27.15,30.5,24.2,30.3,29.9,27.15,1441.3,30.3,285000,95000,614,457073500.0,496,F1,500,,,,,
2026-02-18,2026-02-18,FO,NSE,STO,157324,,RELIANCE,,2026-03-30,2026-03-30,1440.0,CE,RELIANCE26MAR1440CE,35.5,40.6,32.65,40.1,40.0,35.4,1441.3,40.1,692500,333000,2726,2014227575.0,1724,F1,500,,,,,
2026-02-18,2026-02-18,FO,NSE,STO,157314,,RELIANCE,,2026-03-30,2026-03-30,1340.0,CE,RELIANCE26MAR1340CE,112.0,112.0,112.0,112.0,112.0,119.85,1441.3,115.35,500,500,1,726000.0,1,F1,500,,,,,
2026-02-18,2026-02-18,FO,NSE,STO,131559,,RELIANCE,,2026-02-24,2026-02-24,1760.0,CE,RELIANCE26FEB1760CE,0.5,0.5,0.15,0.15,0.15,0.2,1441.3,0.05,52000,-3000,17,14961725.0,12,F1,500,,,,,
2026-02-18,2026-02-18,FO,NSE,STO,131562,,RELIANCE,,2026-02-24,2026-02-24,1780.0,PE,RELIANCE26FEB1780PE,0.0,0.0,0.0,314.25,314.25,314.25,1441.3,337.1,5500,0,0,0.0,0,F1,500,,,,,
2026-02-18,2026-02-18,FO,NSE,STO,43849,,RELIANCE,,2026-03-30,2026-03-30,1180.0,PE,RELIANCE26MAR1180PE,1.25,1.25,1.25,1.25,1.25,1.25,1441.3,0.05,5000,-500,3,1771875.0,3,F1,500,,,,,
2026-02-18,2026-02-18,FO,NSE,STO,157303,,RELIANCE,,2026-03-30,2026-03-30,1220.0,PE,RELIANCE26MAR1220PE,2.0,2.05,1.7,1.7,1.7,2.05,1441.3,0.2,3500,-500,4,2443900.0,4,F1,500,,,,,
2026-02-18,2026-02-18,FO,NSE,STO,157909,,RELIANCE,,2026-03-30,2026-03-30,1310.0,PE,RELIANCE26MAR1310PE,5.5,6.35,3.75,3.8,3.75,6.0,1441.3,3.8,16500,3000,41,26957825.0,35,F1,500,,,,,
2026-02-18,2026-02-18,FO,NSE,STO,158707,,RELIANCE,,2026-03-30,2026-03-30,1590.0,PE,RELIANCE26MAR1590PE,0.0,0.0,0.0,199.2,0.0,199.2,1441.3,143.55,0,0,0,0.0,0,F1,500,,,,,
2026-02-18,2026-02-18,FO,NSE,STO,161411,,RELIANCE,,2026-04-28,2026-04-28,1120.0,PE,RELIANCE26APR1120PE,0.0,0.0,0.0,1.75,0.0,1.75,1441.3,0.05,0,0,0,0.0,0,F1,500,,,,,
2026-02-18,2026-02-18,FO,NSE,STO,162293,,RELIANCE,,2026-04-28,2026-04-28,1320.0,PE,RELIANCE26APR1320PE,12.0,12.0,8.5,8.5,8.5,31.55,1441.3,8.5,5000,5000,10,6651250.0,6,F1,500,,,,,
2026-02-18,2026-02-18,FO,NSE,STO,162405,,RELIANCE,,2026-04-28,2026-04-28,1360.0,PE,RELIANCE26APR1360PE,0.0,0.0,0.0,46.35,0.0,46.35,1441.3,16.4,0,0,0,0.0,0,F1,500,,,,,
2026-02-18,2026-02-18,FO,NSE,STO,163041,,RELIANCE,,2026-04-28,2026-04-28,1540.0,PE,RELIANCE26APR1540PE,0.0,0.0,0.0,157.35,0.0,157.35,1441.3,104.85,0,0,0,0.0,0,F1,500,,,,,
2026-02-18,2026-02-18,FO,NSE,STO,163801,,RELIANCE,,2026-04-28,2026-04-28,1680.0,PE,RELIANCE26APR1680PE,0.0,0.0,0.0,278.95,0.0,278.95,1441.3,224.8,0,0,0,0.0,0,F1,500,,,,,
2026-02-18,2026-02-18,FO,NSE,STO,157218,,RELIANCE,,2026-02-24,2026-02-24,1510.0,CE,RELIANCE26FEB1510CE,1.2,1.25,0.75,1.1,1.15,1.4,1441.3,1.1,860500,84000,3246,2452295025.0,1733,F1,500,,,,,
2026-02-18,2026-02-18,FO,NSE,STO,131533,,RELIANCE,,2026-02-24,2026-02-24,1500.0,CE,RELIANCE26FEB1500CE,1.75,1.75,0.95,1.4,1.45,1.75,1441.3,1.4,6749500,-1111500,12735,9559082350.0,4966,F1,500,,,,,
2026-02-18,2026-02-18,FO,NSE,STO,157210,,RELIANCE,,2026-02-24,2026-02-24,1430.0,CE,RELIANCE26FEB1430CE,12.5,16.7,7.85,15.9,15.85,11.8,1441.3,15.9,2940000,-538500,29901,21556997400.0,22435,F1,500,,,,,
2026-02-18,2026-02-18,FO,NSE,STO,131503,,RELIANCE,,2026-02-24,2026-02-24,1320.0,CE,RELIANCE26FEB1320CE,110.85,118.0,107.6,118.0,118.0,107.25,1441.3,122.5,76000,-4000,12,8582050.0,12,F1,500,,,,,
2026-02-18,2026-02-18,FO,NSE,STO,157184,,RELIANCE,,2026-02-24,2026-02-24,1140.0,CE,RELIANCE26FEB1140CE,282.0,295.1,282.0,295.1,295.1,286.35,1441.3,302.35,7500,-29500,59,41980750.0,7,F1,500,,,,,
2026-02-18,2026-02-18,FO,NSE,STF,52023,,RELIANCE,,2026-03-30,2026-03-30,,,RELIANCE26MARFUT,1435.3,1450.1,1428.0,1449.0,1448.7,1433.0,1441.3,1449.0,24460500,5643000,15303,11014186900.0,11996,F1,500,,,,,
2026-02-18,2026-02-18,FO,NSE,STO,131501,,RELIANCE,,2026-02-24,2026-02-24,1300.0,PE,RELIANCE26FEB1300PE,0.7,0.8,0.25,0.3,0.3,0.75,1441.3,0.3,1574500,-366500,1652,1074146725.0,766,F1,500,,,,,
2026-02-18,2026-02-18,FO,NSE,STO,131551,,RELIANCE,,2026-02-24,2026-02-24,1680.0,CE,RELIANCE26FEB1680CE,0.25,0.25,0.2,0.25,0.25,0.35,1441.3,0.25,553500,2000,98,82331800.0,50,F1,500,,,,,
2026-02-18,2026-02-18,FO,NSE,STO,157230,,RELIANCE,,2026-02-24,2026-02-24,1630.0,CE,RELIANCE26FEB1630CE,0.25,0.35,0.25,0.35,0.35,0.4,1441.3,0.35,44000,-1000,17,13857425.0,15,F1,500,,,,,
2026-02-18,2026-02-18,FO,NSE,STO,131529,,RELIANCE,,2026-02-24,2026-02-24,1460.0,CE,RELIANCE26FEB1460CE,4.65,5.1,2.45,4.8,4.8,4.4,1441.3,4.8,3714500,-70500,23954,17531395950.0,12519,F1,500,,,,,
2026-02-18,2026-02-18,FO,NSE,STO,157198,,RELIANCE,,2026-02-24,2026-02-24,1310.0,CE,RELIANCE26FEB1310CE,0.0,0.0,0.0,87.5,87.0,87.5,1441.3,132.5,1000,0,0,0.0,0,F1,500,,,,,
2026-02-18,2026-02-18,FO,NSE,STO,163885,,RELIANCE,,2026-04-28,2026-04-28,1720.0,PE,RELIANCE26APR1720PE,0.0,0.0,0.0,316.45,0.0,316.45,1441.3,262.75,0,0,0,0.0,0,F1,500,,,,,
2026-02-18,2026-02-18,FO,NSE,STO,131486,,RELIANCE,,2026-02-24,2026-02-24,1160.0,CE,RELIANCE26FEB1160CE,0.0,0.0,0.0,397.55,0.0,397.55,1441.3,282.35,0,0,0,0.0,0,F1,500,,,,,
2026-02-18,2026-02-18,FO,NSE,STO,157308,,RELIANCE,,2026-03-30,2026-03-30,1280.0,CE,RELIANCE26MAR1280CE,0.0,0.0,0.0,281.45,0.0,281.45,1441.3,170.3,0,0,0,0.0,0,F1,500,,,,,
2026-02-18,2026-02-18,FO,NSE,STO,158609,,RELIANCE,,2026-03-30,2026-03-30,1530.0,PE,RELIANCE26MAR1530PE,105.0,105.0,94.0,94.0,94.0,104.0,1441.3,92.25,13500,1500,8,6518500.0,5,F1,500,,,,,
2026-02-18,2026-02-18,FO,NSE,STO,162525,,RELIANCE,,2026-04-28,2026-04-28,1380.0,PE,RELIANCE26APR1380PE,22.0,22.0,20.9,20.9,20.9,26.2,1441.3,21.65,5000,0,2,1401450.0,2,F1,500,,,,,
2026-02-18,2026-02-18,FO,NSE,STO,162949,,RELIANCE,,2026-04-28,2026-04-28,1500.0,PE,RELIANCE26APR1500PE,86.4,86.4,73.85,75.9,75.9,72.0,1441.3,77.25,26500,500,4,3155025.0,4,F1,500,,,,,
2026-02-18,2026-02-18,FO,NSE,STO,158553,,RELIANCE,,2026-03-30,2026-03-30,1510.0,PE,RELIANCE26MAR1510PE,0.0,0.0,0.0,61.0,61.0,61.0,1441.3,77.1,1000,0,0,0.0,0,F1,500,,,,,
2026-02-18,2026-02-18,FO,NSE,STO,157321,,RELIANCE,,2026-03-30,2026-03-30,1400.0,PE,RELIANCE26MAR1400PE,24.7,25.5,15.95,16.2,16.05,24.0,1441.3,16.2,852000,71000,1476,1048280350.0,1225,F1,500,,,,,
2026-02-18,2026-02-18,FO,NSE,STO,158095,,RELIANCE,,2026-03-30,2026-03-30,1390.0,PE,RELIANCE26MAR1390PE,19.6,21.45,13.55,13.7,13.9,20.6,1441.3,13.7,47500,10000,153,107639875.0,114,F1,500,,,,,
2026-02-18,2026-02-18,FO,NSE,STO,157317,,RELIANCE,,2026-03-30,2026-03-30,1360.0,PE,RELIANCE26MAR1360PE,12.0,13.75,8.25,8.4,8.4,13.1,1441.3,8.4,103500,13000,185,126824550.0,124,F1,500,,,,,
2026-02-18,2026-02-18,FO,NSE,STO,157307,,RELIANCE,,2026-03-30,2026-03-30,1260.0,PE,RELIANCE26MAR1260PE,3.1,3.25,3.1,3.25,3.25,3.05,1441.3,0.7,4500,1000,3,1894725.0,3,F1,500,,,,,
2026-02-18,2026-02-18,FO,NSE,STO,49066,,RELIANCE,,2026-03-30,2026-03-30,1100.0,PE,RELIANCE26MAR1100PE,1.0,1.0,0.9,0.9,0.9,0.2,1441.3,0.9,1500,1500,3,1651400.0,3,F1,500,,,,,
2026-02-18,2026-02-18,FO,NSE,STO,131560,,RELIANCE,,2026-02-24,2026-02-24,1760.0,PE,RELIANCE26FEB1760PE,334.0,339.0,328.0,328.0,328.0,336.0,1441.3,317.1,86000,-12000,47,49168500.0,10,F1,500,,,,,
2026-02-18,2026-02-18,FO,NSE,STO,131550,,RELIANCE,,2026-02-24,2026-02-24,1660.0,PE,RELIANCE26FEB1660PE,0.0,0.0,0.0,270.0,270.0,270.0,1441.3,217.2,1500,0,0,0.0,0,F1,500,,,,,
2026-02-18,2026-02-18,FO,NSE,STO,131546,,RELIANCE,,2026-02-24,2026-02-24,1620.0,PE,RELIANCE26FEB1620PE,195.0,197.0,183.7,183.7,183.7,197.5,1441.3,177.25,16000,-2000,4,3626350.0,3,F1,500,,,,,
2026-02-18,2026-02-18,FO,NSE,STO,157227,,RELIANCE,,2026-02-24,2026-02-24,1590.0,PE,RELIANCE26FEB1590PE,0.0,0.0,0.0,195.0,195.0,195.0,1441.3,147.25,5000,0,0,0.0,0,F1,500,,,,,
2026-02-18,2026-02-18,FO,NSE,STO,157221,,RELIANCE,,2026-02-24,2026-02-24,1530.0,PE,RELIANCE26FEB1530PE,104.0,104.0,92.1,92.6,92.6,106.7,1441.3,87.5,101500,-17500,41,33336450.0,24,F1,500,,,,,
2026-02-18,2026-02-18,FO,NSE,STO,157213,,RELIANCE,,2026-02-24,2026-02-24,1450.0,PE,RELIANCE26FEB1450PE,30.55,34.9,17.25,18.0,17.9,31.95,1441.3,18.0,938000,64000,3224,2375369800.0,2812,F1,500,,,,,
2026-02-18,2026-02-18,FO,NSE,STO,131497,,RELIANCE,,2026-02-24,2026-02-24,1260.0,PE,RELIANCE26FEB1260PE,0.55,0.55,0.25,0.35,0.3,0.6,1441.3,0.35,508000,-1000,335,211107850.0,226,F1,500,,,,,
2026-02-18,2026-02-18,FO,NSE,STO,158078,,RELIANCE,,2026-03-30,2026-03-30,1370.0,CE,RELIANCE26MAR1370CE,85.0,85.0,85.0,85.0,85.0,43.0,1441.3,90.7,1000,0,1,727500.0,1,F1,500,,,,,
2026-02-18,2026-02-18,FO,NSE,STO,157900,,RELIANCE,,2026-03-30,2026-03-30,1290.0,CE,RELIANCE26MAR1290CE,0.0,0.0,0.0,120.0,0.0,120.0,1441.3,160.8,0,0,0,0.0,0,F1,500,,,,,
2026-02-18,2026-02-18,FO,NSE,STO,157296,,RELIANCE,,2026-03-30,2026-03-30,1160.0,CE,RELIANCE26MAR1160CE,271.0,275.5,270.6,275.0,275.0,275.6,1441.3,288.3,14500,1000,7,5015350.0,5,F1,500,,,,,
2026-02-18,2026-02-18,FO,NSE,STO,157223,,RELIANCE,,2026-02-24,2026-02-24,1550.0,PE,RELIANCE26FEB1550PE,125.5,128.5,110.3,111.65,111.3,126.7,1441.3,111.65,796500,-18500,49,40950600.0,36,F1,500,,,,,
2026-02-18,2026-02-18,FO,NSE,STO,131516,,RELIANCE,,2026-02-24,2026-02-24,1340.0,PE,RELIANCE26FEB1340PE,1.1,1.1,0.45,0.6,0.6,1.15,1441.3,0.6,639000,-211000,1484,994769800.0,889,F1,500,,,,,
2026-02-18,2026-02-18,FO,NSE,STO,131514,,RELIANCE,,2026-02-24,2026-02-24,1320.0,PE,RELIANCE26FEB1320PE,0.8,0.9,0.35,0.45,0.45,0.95,1441.3,0.45,683000,-228000,1054,695927225.0,810,F1,500,,,,,
2026-02-18,2026-02-18,FO,NSE,STO,131493,,RELIANCE,,2026-02-24,2026-02-24,1220.0,PE,RELIANCE26FEB1220PE,0.4,0.4,0.2,0.25,0.2,0.5,1441.3,0.25,232500,-10500,65,39658000.0,44,F1,500,,,,,
2026-02-18,2026-02-18,FO,NSE,STO,162524,,RELIANCE,,2026-04-28,2026-04-28,1380.0,CE,RELIANCE26APR1380CE,0.0,0.0,0.0,76.75,0.0,76.75,1441.3,97.25,0,0,0,0.0,0,F1,500,,,,,
2026-02-18,2026-02-18,FO,NSE,STO,157318,,RELIANCE,,2026-03-30,2026-03-30,1380.0,CE,RELIANCE26MAR1380CE,71.0,80.65,71.0,80.55,80.55,72.2,1441.3,83.05,28000,10500,34,24756675.0,26,F1,500,,,,,
2026-02-18,2026-02-18,FO,NSE,STO,157316,,RELIANCE,,2026-03-30,2026-03-30,1360.0,CE,RELIANCE26MAR1360CE,0.0,0.0,0.0,85.0,85.0,85.0,1441.3,98.65,20500,0,0,0.0,0,F1,500,,,,,
2026-02-18,2026-02-18,FO,NSE,STO,157220,,RELIANCE,,2026-02-24,2026-02-24,1530.0,CE,RELIANCE26FEB1530CE,0.95,0.95,0.6,0.75,0.8,1.0,1441.3,0.75,988500,-73000,1404,1074564825.0,719,F1,500,,,,,
2026-02-18,2026-02-18,FO,NSE,STF,67003,,RELIANCE,,2026-04-28,2026-04-28,,,RELIANCE26APRFUT,1442.5,1458.4,1436.3,1457.5,1457.0,1442.4,1441.3,1457.5,1995000,322500,1172,847351300.0,1088,F1,500,,,,,
2026-02-18,2026-02-18,FO,NSE,STO,157182,,RELIANCE,,2026-02-24,2026-02-24,1100.0,CE,RELIANCE26FEB1100CE,0.0,0.0,0.0,354.0,354.0,354.0,1441.3,342.3,10000,0,0,0.0,0,F1,500,,,,,
2026-02-18,2026-02-18,FO,NSE,STO,157208,,RELIANCE,,2026-02-24,2026-02-24,1410.0,CE,RELIANCE26FEB1410CE,16.05,32.25,16.05,31.05,31.0,22.4,1441.3,31.05,498500,-93000,2917,2091491175.0,2722,F1,500,,,,,
2026-02-18,2026-02-18,FO,NSE,STO,157229,,RELIANCE,,2026-02-24,2026-02-24,1610.0,PE,RELIANCE26FEB1610PE,185.4,185.4,173.0,173.0,173.0,185.45,1441.3,167.25,21000,-1500,3,2686650.0,3,F1,500,,,,,
2026-02-18,2026-02-18,FO,NSE,STO,162701,,RELIANCE,,2026-04-28,2026-04-28,1440.0,PE,RELIANCE26APR1440PE,0.0,0.0,0.0,41.0,41.0,41.0,1441.3,44.15,3500,0,0,0.0,0,F1,500,,,,,
2026-02-18,2026-02-18,FO,NSE,STO,162277,,RELIANCE,,2026-04-28,2026-04-28,1300.0,PE,RELIANCE26APR1300PE,9.8,9.85,7.65,7.85,7.65,8.8,1441.3,7.85,17500,-500,22,14398075.0,20,F1,500,,,,,
2026-02-18,2026-02-18,FO,NSE,STO,161761,,RELIANCE,,2026-04-28,2026-04-28,1260.0,PE,RELIANCE26APR1260PE,0.0,0.0,0.0,16.0,0.0,16.0,1441.3,2.85,0,0,0,0.0,0,F1,500,,,,,
2026-02-18,2026-02-18,FO,NSE,STO,157343,,RELIANCE,,2026-03-30,2026-03-30,1620.0,PE,RELIANCE26MAR1620PE,0.0,0.0,0.0,220.0,220.0,220.0,1441.3,171.35,500,0,0,0.0,0,F1,500,,,,,
2026-02-18,2026-02-18,FO,NSE,STO,157335,,RELIANCE,,2026-03-30,2026-03-30,1540.0,PE,RELIANCE26MAR1540PE,114.5,114.5,100.0,100.0,100.0,113.0,1441.3,100.25,8000,3500,11,9045875.0,11,F1,500,,,,,
2026-02-18,2026-02-18,FO,NSE,STO,157315,,RELIANCE,,2026-03-30,2026-03-30,1340.0,PE,RELIANCE26MAR1340PE,9.0,10.0,5.9,6.05,6.05,9.55,1441.3,6.05,135500,3500,148,99734650.0,128,F1,500,,,,,
2026-02-18,2026-02-18,FO,NSE,STO,157923,,RELIANCE,,2026-03-30,2026-03-30,1330.0,PE,RELIANCE26MAR1330PE,7.3,8.55,5.1,5.15,5.1,8.3,1441.3,5.15,38000,-1000,75,50129650.0,51,F1,500,,,,,
2026-02-18,2026-02-18,FO,NSE,STO,131542,,RELIANCE,,2026-02-24,2026-02-24,1580.0,PE,RELIANCE26FEB1580PE,155.6,155.6,147.25,147.25,147.25,156.9,1441.3,137.3,135000,-3500,7,6060525.0,6,F1,500,,,,,
2026-02-18,2026-02-18,FO,NSE,STO,131484,,RELIANCE,,2026-02-24,2026-02-24,1120.0,CE,RELIANCE26FEB1120CE,0.0,0.0,0.0,436.75,0.0,436.75,1441.3,322.3,0,0,0,0.0,0,F1,500,,,,,
2026-02-18,2026-02-18,FO,NSE,STO,157202,,RELIANCE,,2026-02-24,2026-02-24,1350.0,CE,RELIANCE26FEB1350CE,76.0,90.7,70.0,89.2,88.6,74.8,1441.3,89.2,176000,-10500,37,26465925.0,35,F1,500,,,,,
2026-02-18,2026-02-18,FO,NSE,STO,131539,,RELIANCE,,2026-02-24,2026-02-24,1560.0,CE,RELIANCE26FEB1560CE,0.6,0.6,0.45,0.55,0.5,0.7,1441.3,0.55,550500,-13000,642,500924300.0,351,F1,500,,,,,
2026-02-18,2026-02-18,FO,NSE,STO,131543,,RELIANCE,,2026-02-24,2026-02-24,1600.0,CE,RELIANCE26FEB1600CE,0.4,0.5,0.35,0.45,0.45,0.55,1441.3,0.45,3882500,-192000,2638,2110946775.0,689,F1,500,,,,,
2026-02-18,2026-02-18,FO,NSE,STO,131545,,RELIANCE,,2026-02-24,2026-02-24,1620.0,CE,RELIANCE26FEB1620CE,0.35,0.45,0.3,0.4,0.35,0.45,1441.3,0.4,569500,-103500,323,261685225.0,109,F1,500,,,,,
2026-02-18,2026-02-18,FO,NSE,STO,131547,,RELIANCE,,2026-02-24,2026-02-24,1640.0,CE,RELIANCE26FEB1640CE,0.35,0.4,0.15,0.3,0.35,0.3,1441.3,0.3,117500,-32500,232,190273200.0,113,F1,500,,,,,
2026-02-18,2026-02-18,FO,NSE,STO,157236,,RELIANCE,,2026-02-24,2026-02-24,1690.0,CE,RELIANCE26FEB1690CE,0.0,0.0,0.0,0.25,0.25,0.25,1441.3,0.05,11500,0,0,0.0,0,F1,500,,,,,
2026-02-18,2026-02-18,FO,NSE,STO,158204,,RELIANCE,,2026-03-30,2026-03-30,1410.0,CE,RELIANCE26MAR1410CE,53.0,59.0,48.5,58.4,58.5,52.35,1441.3,58.4,25000,-11000,102,74664350.0,77,F1,500,,,,,
2026-02-18,2026-02-18,FO,NSE,STO,158472,,RELIANCE,,2026-03-30,2026-03-30,1470.0,CE,RELIANCE26MAR1470CE,23.9,26.2,20.95,25.6,25.85,23.45,1441.3,25.6,310500,-14000,510,381035100.0,375,F1,500,,,,,
2026-02-18,2026-02-18,FO,NSE,STO,158610,,RELIANCE,,2026-03-30,2026-03-30,1550.0,CE,RELIANCE26MAR1550CE,7.25,7.3,6.1,7.05,7.1,7.2,1441.3,7.05,324000,53500,403,313691325.0,293,F1,500,,,,,
2026-02-18,2026-02-18,FO,NSE,STO,157336,,RELIANCE,,2026-03-30,2026-03-30,1560.0,CE,RELIANCE26MAR1560CE,7.15,7.2,5.25,6.1,6.0,6.2,1441.3,6.1,282500,35000,311,243464400.0,236,F1,500,,,,,
2026-02-18,2026-02-18,FO,NSE,STO,158850,,RELIANCE,,2026-03-30,2026-03-30,1610.0,CE,RELIANCE26MAR1610CE,3.15,3.15,3.0,3.0,3.0,3.85,1441.3,3.0,8000,3000,7,5645700.0,7,F1,500,,,,,
2026-02-18,2026-02-18,FO,NSE,STO,161442,,RELIANCE,,2026-04-28,2026-04-28,1160.0,CE,RELIANCE26APR1160CE,0.0,0.0,0.0,241.95,0.0,241.95,1441.3,293.55,0,0,0,0.0,0,F1,500,,,,,
2026-02-18,2026-02-18,FO,NSE,STO,163040,,RELIANCE,,2026-04-28,2026-04-28,1540.0,CE,RELIANCE26APR1540CE,0.0,0.0,0.0,21.4,0.0,21.4,1441.3,22.05,0,0,0,0.0,0,F1,500,,,,,
2026-02-18,2026-02-18,FO,NSE,STO,163058,,RELIANCE,,2026-04-28,2026-04-28,1560.0,CE,RELIANCE26APR1560CE,0.0,0.0,0.0,17.8,0.0,17.8,1441.3,17.5,0,0,0,0.0,0,F1,500,,,,,
2026-02-18,2026-02-18,FO,NSE,STO,157364,,RELIANCE,,2026-03-30,2026-03-30,1840.0,CE,RELIANCE26MAR1840CE,0.0,0.0,0.0,1.5,1.5,1.5,1441.3,0.05,2000,0,0,0.0,0,F1,500,,,,,
2026-02-18,2026-02-18,FO,NSE,STO,157183,,RELIANCE,,2026-02-24,2026-02-24,1100.0,PE,RELIANCE26FEB1100PE,0.15,0.15,0.05,0.1,0.1,0.15,1441.3,0.05,30000,-9000,22,12101050.0,13,F1,500,,,,,
2026-02-18,2026-02-18,FO,NSE,STO,131544,,RELIANCE,,2026-02-24,2026-02-24,1600.0,PE,RELIANCE26FEB1600PE,175.0,179.0,160.6,161.1,161.9,175.45,1441.3,161.1,1266000,-47000,107,94527825.0,80,F1,500,,,,,
2026-02-18,2026-02-18,FO,NSE,STO,157231,,RELIANCE,,2026-02-24,2026-02-24,1630.0,PE,RELIANCE26FEB1630PE,0.0,0.0,0.0,102.25,0.0,102.25,1441.3,187.25,0,0,0,0.0,0,F1,500,,,,,
2026-02-18,2026-02-18,FO,NSE,STO,131564,,RELIANCE,,2026-02-24,2026-02-24,1800.0,PE,RELIANCE26FEB1800PE,372.0,372.0,364.0,367.4,367.4,334.0,1441.3,357.05,48500,-1000,24,26034025.0,8,F1,500,,,,,
2026-02-18,2026-02-18,FO,NSE,STO,131568,,RELIANCE,,2026-02-24,2026-02-24,1840.0,PE,RELIANCE26FEB1840PE,412.5,412.5,405.5,408.1,408.1,373.0,1441.3,397.05,11000,-59000,129,145076600.0,18,F1,500,,,,,
2026-02-18,2026-02-18,FO,NSE,STO,157295,,RELIANCE,,2026-03-30,2026-03-30,1120.0,PE,RELIANCE26MAR1120PE,0.0,0.0,0.0,0.1,0.0,0.1,1441.3,0.05,0,0,0,0.0,0,F1,500,,,,,
2026-02-18,2026-02-18,FO,NSE,STO,157901,,RELIANCE,,2026-03-30,2026-03-30,1290.0,PE,RELIANCE26MAR1290PE,3.9,3.9,3.9,3.9,3.9,4.6,1441.3,1.75,15000,500,1,646950.0,1,F1,500,,,,,
2026-02-18,2026-02-18,FO,NSE,STO,157319,,RELIANCE,,2026-03-30,2026-03-30,1380.0,PE,RELIANCE26MAR1380PE,17.1,18.8,11.5,11.7,11.5,18.05,1441.3,11.7,134500,19000,609,424802925.0,393,F1,500,,,,,
2026-02-18,2026-02-18,FO,NSE,STO,157327,,RELIANCE,,2026-03-30,2026-03-30,1460.0,PE,RELIANCE26MAR1460PE,52.45,52.5,39.3,40.05,40.35,52.45,1441.3,40.05,144500,32000,116,87221850.0,114,F1,500,,,,,
2026-02-18,2026-02-18,FO,NSE,STO,159251,,RELIANCE,,2026-03-30,2026-03-30,1650.0,PE,RELIANCE26MAR1650PE,220.0,220.0,204.5,204.5,204.5,217.05,1441.3,200.05,7000,6000,16,14866350.0,8,F1,500,,,,,
2026-02-18,2026-02-18,FO,NSE,STO,163789,,RELIANCE,,2026-04-28,2026-04-28,1660.0,PE,RELIANCE26APR1660PE,0.0,0.0,0.0,260.55,0.0,260.55,1441.3,206.15,0,0,0,0.0,0,F1,500,,,,,
2026-02-18,2026-02-18,FO,NSE,STO,163152,,RELIANCE,,2026-04-28,2026-04-28,1580.0,CE,RELIANCE26APR1580CE,0.0,0.0,0.0,14.7,0.0,14.7,1441.3,13.7,0,0,0,0.0,0,F1,500,,,,,
2026-02-18,2026-02-18,FO,NSE,STF,59460,,RELIANCE,,2026-02-24,2026-02-24,,,RELIANCE26FEBFUT,1427.4,1441.0,1418.9,1439.9,1440.0,1424.4,1441.3,1439.9,82604500,-4952500,22830,16337460150.0,17582,F1,500,,,,,
2026-02-18,2026-02-18,FO,NSE,STO,158664,,RELIANCE,,2026-03-30,2026-03-30,1570.0,CE,RELIANCE26MAR1570CE,5.25,5.35,4.65,5.05,5.15,5.4,1441.3,5.05,76500,27500,122,96080750.0,96,F1,500,,,,,
2026-02-18,2026-02-18,FO,NSE,STO,162837,,RELIANCE,,2026-04-28,2026-04-28,1460.0,PE,RELIANCE26APR1460PE,0.0,0.0,0.0,99.65,0.0,99.65,1441.3,54.0,0,0,0,0.0,0,F1,500,,,,,
2026-02-18,2026-02-18,FO,NSE,STO,162681,,RELIANCE,,2026-04-28,2026-04-28,1420.0,PE,RELIANCE26APR1420PE,0.0,0.0,0.0,75.55,0.0,75.55,1441.3,35.45,0,0,0,0.0,0,F1,500,,,,,
2026-02-18,2026-02-18,FO,NSE,STO,161443,,RELIANCE,,2026-04-28,2026-04-28,1160.0,PE,RELIANCE26APR1160PE,0.0,0.0,0.0,3.65,0.0,3.65,1441.3,0.25,0,0,0,0.0,0,F1,500,,,,,
2026-02-18,2026-02-18,FO,NSE,STO,158851,,RELIANCE,,2026-03-30,2026-03-30,1610.0,PE,RELIANCE26MAR1610PE,0.0,0.0,0.0,217.5,0.0,217.5,1441.3,162.0,0,0,0,0.0,0,F1,500,,,,,
2026-02-18,2026-02-18,FO,NSE,STO,158473,,RELIANCE,,2026-03-30,2026-03-30,1470.0,PE,RELIANCE26MAR1470PE,55.0,60.5,45.6,45.7,45.75,59.1,1441.3,45.7,37500,18500,54,41083650.0,51,F1,500,,,,,
2026-02-18,2026-02-18,FO,NSE,STO,158007,,RELIANCE,,2026-03-30,2026-03-30,1350.0,PE,RELIANCE26MAR1350PE,10.95,11.9,6.95,7.1,7.05,11.15,1441.3,7.1,235500,27000,442,300336750.0,348,F1,500,,,,,
2026-02-18,2026-02-18,FO,NSE,STO,157313,,RELIANCE,,2026-03-30,2026-03-30,1320.0,PE,RELIANCE26MAR1320PE,6.5,7.35,4.4,4.45,4.5,7.15,1441.3,4.45,73500,9000,124,82193000.0,94,F1,500,,,,,
2026-02-18,2026-02-18,FO,NSE,STO,157301,,RELIANCE,,2026-03-30,2026-03-30,1200.0,PE,RELIANCE26MAR1200PE,1.55,1.75,1.3,1.4,1.4,1.75,1441.3,1.4,140000,8500,179,107536675.0,130,F1,500,,,,,
2026-02-18,2026-02-18,FO,NSE,STO,43847,,RELIANCE,,2026-03-30,2026-03-30,1140.0,PE,RELIANCE26MAR1140PE,0.0,0.0,0.0,1.2,1.2,1.2,1441.3,0.05,2000,0,0,0.0,0,F1,500,,,,,
2026-02-18,2026-02-18,FO,NSE,STO,131540,,RELIANCE,,2026-02-24,2026-02-24,1560.0,PE,RELIANCE26FEB1560PE,140.0,140.2,124.0,124.0,124.0,136.85,1441.3,117.3,83500,-8500,22,18616425.0,16,F1,500,,,,,
2026-02-18,2026-02-18,FO,NSE,STO,163800,,RELIANCE,,2026-04-28,2026-04-28,1680.0,CE,RELIANCE26APR1680CE,4.25,4.25,3.3,3.3,3.3,4.25,1441.3,3.3,4500,500,2,1683775.0,2,F1,500,,,,,
2026-02-18,2026-02-18,FO,NSE,STO,163196,,RELIANCE,,2026-04-28,2026-04-28,1600.0,CE,RELIANCE26APR1600CE,10.55,11.3,10.1,11.0,10.9,11.05,1441.3,11.0,167000,7500,50,40266300.0,45,F1,500,,,,,
2026-02-18,2026-02-18,FO,NSE,STO,161760,,RELIANCE,,2026-04-28,2026-04-28,1260.0,CE,RELIANCE26APR1260CE,0.0,0.0,0.0,155.8,0.0,155.8,1441.3,197.15,0,0,0,0.0,0,F1,500,,,,,
2026-02-18,2026-02-18,FO,NSE,STO,161618,,RELIANCE,,2026-04-28,2026-04-28,1240.0,CE,RELIANCE26APR1240CE,0.0,0.0,0.0,171.85,0.0,171.85,1441.3,215.95,0,0,0,0.0,0,F1,500,,,,,
2026-02-18,2026-02-18,FO,NSE,STO,157346,,RELIANCE,,2026-03-30,2026-03-30,1660.0,CE,RELIANCE26MAR1660CE,0.0,0.0,0.0,34.6,0.0,34.6,1441.3,1.0,0,0,0,0.0,0,F1,500,,,,,
2026-02-18,2026-02-18,FO,NSE,STO,157300,,RELIANCE,,2026-03-30,2026-03-30,1200.0,CE,RELIANCE26MAR1200CE,248.0,248.5,247.95,248.2,247.95,179.0,1441.3,248.2,10500,4500,12,8688975.0,8,F1,500,,,,,
2026-02-18,2026-02-18,FO,NSE,STO,131553,,RELIANCE,,2026-02-24,2026-02-24,1700.0,CE,RELIANCE26FEB1700CE,0.15,0.2,0.1,0.15,0.15,0.2,1441.3,0.15,370500,-15000,65,55254450.0,40,F1,500,,,,,
2026-02-18,2026-02-18,FO,NSE,STO,131541,,RELIANCE,,2026-02-24,2026-02-24,1580.0,CE,RELIANCE26FEB1580CE,0.45,0.5,0.4,0.45,0.45,0.6,1441.3,0.45,322000,-49500,252,199135725.0,89,F1,500,,,,,
2026-02-18,2026-02-18,FO,NSE,STO,131500,,RELIANCE,,2026-02-24,2026-02-24,1300.0,CE,RELIANCE26FEB1300CE,128.0,140.0,119.85,139.9,139.5,124.85,1441.3,139.9,110000,-7500,54,38570525.0,37,F1,500,,,,,
2026-02-18,2026-02-18,FO,NSE,STO,41431,,RELIANCE,,2026-02-24,2026-02-24,1180.0,CE,RELIANCE26FEB1180CE,0.0,0.0,0.0,383.05,0.0,383.05,1441.3,262.35,0,0,0,0.0,0,F1,500,,,,,
2026-02-18,2026-02-18,FO,NSE,STO,157192,,RELIANCE,,2026-02-24,2026-02-24,1250.0,CE,RELIANCE26FEB1250CE,0.0,0.0,0.0,301.7,0.0,301.7,1441.3,192.45,0,0,0,0.0,0,F1,500,,,,,
2026-02-18,2026-02-18,FO,NSE,STO,161410,,RELIANCE,,2026-04-28,2026-04-28,1120.0,CE,RELIANCE26APR1120CE,0.0,0.0,0.0,279.4,0.0,279.4,1441.3,332.95,0,0,0,0.0,0,F1,500,,,,,
2026-02-18,2026-02-18,FO,NSE,STO,161780,,RELIANCE,,2026-04-28,2026-04-28,1280.0,CE,RELIANCE26APR1280CE,0.0,0.0,0.0,140.45,0.0,140.45,1441.3,178.8,0,0,0,0.0,0,F1,500,,,,,
2026-02-18,2026-02-18,FO,NSE,STO,162700,,RELIANCE,,2026-04-28,2026-04-28,1440.0,CE,RELIANCE26APR1440CE,0.0,0.0,0.0,49.7,0.0,49.7,1441.3,60.3,0,0,0,0.0,0,F1,500,,,,,
2026-02-18,2026-02-18,FO,NSE,STO,157197,,RELIANCE,,2026-02-24,2026-02-24,1290.0,PE,RELIANCE26FEB1290PE,0.55,0.55,0.3,0.35,0.35,0.7,1441.3,0.35,195000,-38000,191,123234550.0,120,F1,500,,,,,
2026-02-18,2026-02-18,FO,NSE,STO,131530,,RELIANCE,,2026-02-24,2026-02-24,1460.0,PE,RELIANCE26FEB1460PE,37.8,43.65,24.65,25.7,25.6,40.4,1441.3,25.7,1289500,-55000,838,624866575.0,669,F1,500,,,,,
2026-02-18,2026-02-18,FO,NSE,STO,131556,,RELIANCE,,2026-02-24,2026-02-24,1720.0,PE,RELIANCE26FEB1720PE,0.0,0.0,0.0,275.0,275.0,275.0,1441.3,277.15,5000,0,0,0.0,0,F1,500,,,,,
2026-02-18,2026-02-18,FO,NSE,STO,157305,,RELIANCE,,2026-03-30,2026-03-30,1240.0,PE,RELIANCE26MAR1240PE,1.95,1.95,1.65,1.7,1.65,2.75,1441.3,1.7,3500,1000,3,1862650.0,3,F1,500,,,,,
2026-02-18,2026-02-18,FO,NSE,STO,158471,,RELIANCE,,2026-03-30,2026-03-30,1450.0,PE,RELIANCE26MAR1450PE,44.5,48.5,34.15,34.85,35.15,46.3,1441.3,34.85,418000,170000,745,554811025.0,458,F1,500,,,,,
2026-02-18,2026-02-18,FO,NSE,STO,158545,,RELIANCE,,2026-03-30,2026-03-30,1490.0,PE,RELIANCE26MAR1490PE,68.85,74.5,57.5,57.5,57.5,72.5,1441.3,57.5,12500,1000,3,2335425.0,3,F1,500,,,,,
2026-02-18,2026-02-18,FO,NSE,STO,157331,,RELIANCE,,2026-03-30,2026-03-30,1500.0,PE,RELIANCE26MAR1500PE,76.0,83.4,64.3,65.15,65.75,79.55,1441.3,65.15,529000,69000,282,221458375.0,243,F1,500,,,,,
2026-02-18,2026-02-18,FO,NSE,STO,157339,,RELIANCE,,2026-03-30,2026-03-30,1580.0,PE,RELIANCE26MAR1580PE,144.0,144.0,136.55,137.05,137.05,65.0,1441.3,134.55,2000,2000,4,3437075.0,3,F1,500,,,,,
2026-02-18,2026-02-18,FO,NSE,STO,131498,,RELIANCE,,2026-02-24,2026-02-24,1280.0,CE,RELIANCE26FEB1280CE,156.25,158.3,152.55,158.3,158.3,171.7,1441.3,162.45,30500,-7500,15,10762050.0,7,F1,500,,,,,
2026-02-18,2026-02-18,FO,NSE,STO,157340,,RELIANCE,,2026-03-30,2026-03-30,1600.0,CE,RELIANCE26MAR1600CE,4.6,4.6,3.35,3.6,3.6,3.9,1441.3,3.6,1202000,135000,866,694316550.0,575,F1,500,,,,,
2026-02-18,2026-02-18,FO,NSE,STO,162934,,RELIANCE,,2026-04-28,2026-04-28,1480.0,CE,RELIANCE26APR1480CE,0.0,0.0,0.0,36.1,0.0,36.1,1441.3,41.65,0,0,0,0.0,0,F1,500,,,,,
2026-02-18,2026-02-18,FO,NSE,STO,157320,,RELIANCE,,2026-03-30,2026-03-30,1400.0,CE,RELIANCE26MAR1400CE,60.0,66.35,54.25,65.4,65.2,58.15,1441.3,65.4,756500,49000,1037,757496550.0,805,F1,500,,,,,
2026-02-18,2026-02-18,FO,NSE,STO,43846,,RELIANCE,,2026-03-30,2026-03-30,1140.0,CE,RELIANCE26MAR1140CE,291.5,306.5,291.0,306.1,306.5,295.5,1441.3,306.1,33500,31500,63,45128725.0,32,F1,500,,,,,
2026-02-18,2026-02-18,FO,NSE,STO,157294,,RELIANCE,,2026-03-30,2026-03-30,1120.0,CE,RELIANCE26MAR1120CE,0.0,0.0,0.0,436.5,0.0,436.5,1441.3,328.05,0,0,0,0.0,0,F1,500,,,,,
2026-02-18,2026-02-18,FO,NSE,STO,131527,,RELIANCE,,2026-02-24,2026-02-24,1440.0,CE,RELIANCE26FEB1440CE,9.3,11.45,5.2,10.8,10.6,8.35,1441.3,10.8,3381000,-261000,37535,27184850700.0,26222,F1,500,,,,,
2026-02-18,2026-02-18,FO,NSE,STO,157311,,RELIANCE,,2026-03-30,2026-03-30,1300.0,PE,RELIANCE26MAR1300PE,4.4,5.6,3.3,3.45,3.6,5.35,1441.3,3.45,483500,82500,710,463042450.0,560,F1,500,,,,,
2026-02-18,2026-02-18,FO,NSE,STO,131515,,RELIANCE,,2026-02-24,2026-02-24,1340.0,CE,RELIANCE26FEB1340CE,91.5,100.0,91.5,98.05,98.05,84.75,1441.3,102.55,100500,500,6,4305625.0,6,F1,500,,,,,
2026-02-18,2026-02-18,FO,NSE,STO,157196,,RELIANCE,,2026-02-24,2026-02-24,1290.0,CE,RELIANCE26FEB1290CE,137.75,137.75,133.1,134.85,134.85,85.0,1441.3,152.45,1000,500,3,2137850.0,3,F1,500,,,,,
2026-02-18,2026-02-18,FO,NSE,STO,131496,,RELIANCE,,2026-02-24,2026-02-24,1260.0,CE,RELIANCE26FEB1260CE,160.0,160.0,160.0,160.0,160.0,194.0,1441.3,182.45,10000,-500,1,710000.0,1,F1,500,,,,,
2026-02-18,2026-02-18,FO,NSE,STO,131528,,RELIANCE,,2026-02-24,2026-02-24,1440.0,PE,RELIANCE26FEB1440PE,21.45,26.7,11.05,11.6,11.4,24.1,1441.3,11.6,951500,136500,6089,4432124700.0,5261,F1,500,,,,,
2026-02-18,2026-02-18,FO,NSE,STO,157211,,RELIANCE,,2026-02-24,2026-02-24,1430.0,PE,RELIANCE26FEB1430PE,15.3,19.5,6.5,6.85,6.7,17.55,1441.3,6.85,1176500,406000,11461,8256637925.0,9183,F1,500,,,,,
2026-02-18,2026-02-18,FO,NSE,STO,131526,,RELIANCE,,2026-02-24,2026-02-24,1420.0,PE,RELIANCE26FEB1420PE,10.0,13.55,3.7,3.95,3.95,12.4,1441.3,3.95,1652500,-8000,15705,11212394000.0,11384,F1,500,,,,,
2026-02-18,2026-02-18,FO,NSE,STO,157201,,RELIANCE,,2026-02-24,2026-02-24,1330.0,PE,RELIANCE26FEB1330PE,1.0,1.0,0.45,0.55,0.6,1.05,1441.3,0.55,593500,-65500,744,494985200.0,505,F1,500,,,,,
2026-02-18,2026-02-18,FO,NSE,STO,157770,,RELIANCE,,2026-03-30,2026-03-30,1230.0,CE,RELIANCE26MAR1230CE,0.0,0.0,0.0,169.55,0.0,169.55,1441.3,218.95,0,0,0,0.0,0,F1,500,,,,,
2026-02-18,2026-02-18,FO,NSE,STO,157302,,RELIANCE,,2026-03-30,2026-03-30,1220.0,CE,RELIANCE26MAR1220CE,0.0,0.0,0.0,338.75,0.0,338.75,1441.3,228.8,0,0,0,0.0,0,F1,500,,,,,
2026-02-18,2026-02-18,FO,NSE,STO,43848,,RELIANCE,,2026-03-30,2026-03-30,1180.0,CE,RELIANCE26MAR1180CE,0.0,0.0,0.0,344.25,0.0,344.25,1441.3,268.45,0,0,0,0.0,0,F1,500,,,,,
2026-02-18,2026-02-18,FO,NSE,STO,157234,,RELIANCE,,2026-02-24,2026-02-24,1670.0,CE,RELIANCE26FEB1670CE,0.3,0.4,0.3,0.35,0.35,0.3,1441.3,0.35,24000,500,6,5011075.0,4,F1,500,,,,,
2026-02-18,2026-02-18,FO,NSE,STO,157206,,RELIANCE,,2026-02-24,2026-02-24,1390.0,CE,RELIANCE26FEB1390CE,38.85,50.8,31.85,49.8,49.5,37.5,1441.3,49.8,1876500,-4500,332,237653750.0,320,F1,500,,,,,
2026-02-18,2026-02-18,FO,NSE,STO,157204,,RELIANCE,,2026-02-24,2026-02-24,1370.0,CE,RELIANCE26FEB1370CE,56.4,70.0,50.45,69.65,70.0,55.6,1441.3,69.65,1072500,-1000,80,57143050.0,74,F1,500,,,,,
2026-02-18,2026-02-18,FO,NSE,STO,163153,,RELIANCE,,2026-04-28,2026-04-28,1580.0,PE,RELIANCE26APR1580PE,0.0,0.0,0.0,190.0,0.0,190.0,1441.3,136.05,0,0,0,0.0,0,F1,500,,,,,
2026-02-18,2026-02-18,FO,NSE,STO,163059,,RELIANCE,,2026-04-28,2026-04-28,1560.0,PE,RELIANCE26APR1560PE,0.0,0.0,0.0,173.4,0.0,173.4,1441.3,120.05,0,0,0,0.0,0,F1,500,,,,,
2026-02-18,2026-02-18,FO,NSE,STO,162935,,RELIANCE,,2026-04-28,2026-04-28,1480.0,PE,RELIANCE26APR1480PE,0.0,0.0,0.0,112.95,0.0,112.95,1441.3,65.05,0,0,0,0.0,0,F1,500,,,,,
2026-02-18,2026-02-18,FO,NSE,STO,157365,,RELIANCE,,2026-03-30,2026-03-30,1840.0,PE,RELIANCE26MAR1840PE,400.0,407.0,385.0,385.25,385.5,422.0,1441.3,385.25,94500,94000,212,236853675.0,115,F1,500,,,,,
2026-02-18,2026-02-18,FO,NSE,STO,157351,,RELIANCE,,2026-03-30,2026-03-30,1700.0,PE,RELIANCE26MAR1700PE,261.85,268.0,247.5,248.2,249.0,263.95,1441.3,248.2,188000,18500,46,45007425.0,35,F1,500,,,,,
2026-02-18,2026-02-18,FO,NSE,STO,159277,,RELIANCE,,2026-03-30,2026-03-30,1670.0,PE,RELIANCE26MAR1670PE,0.0,0.0,0.0,274.1,0.0,274.1,1441.3,219.45,0,0,0,0.0,0,F1,500,,,,,
2026-02-18,2026-02-18,FO,NSE,STO,157347,,RELIANCE,,2026-03-30,2026-03-30,1660.0,PE,RELIANCE26MAR1660PE,215.0,216.0,215.0,216.0,216.0,130.25,1441.3,209.75,4500,4500,9,8441000.0,6,F1,500,,,,,
2026-02-18,2026-02-18,FO,NSE,STO,158995,,RELIANCE,,2026-03-30,2026-03-30,1630.0,PE,RELIANCE26MAR1630PE,0.0,0.0,0.0,236.1,0.0,236.1,1441.3,180.85,0,0,0,0.0,0,F1,500,,,,,
2026-02-18,2026-02-18,FO,NSE,STO,158665,,RELIANCE,,2026-03-30,2026-03-30,1570.0,PE,RELIANCE26MAR1570PE,0.0,0.0,0.0,141.0,141.0,141.0,1441.3,125.65,2500,0,0,0.0,0,F1,500,,,,,
2026-02-18,2026-02-18,FO,NSE,STO,158205,,RELIANCE,,2026-03-30,2026-03-30,1410.0,PE,RELIANCE26MAR1410PE,26.3,29.1,18.85,19.1,18.85,27.5,1441.3,19.1,71500,25000,166,118884525.0,151,F1,500,,,,,
2026-02-18,2026-02-18,FO,NSE,STO,157839,,RELIANCE,,2026-03-30,2026-03-30,1270.0,PE,RELIANCE26MAR1270PE,0.0,0.0,0.0,11.95,0.0,11.95,1441.3,1.0,0,0,0,0.0,0,F1,500,,,,,
2026-02-18,2026-02-18,FO,NSE,STO,157771,,RELIANCE,,2026-03-30,2026-03-30,1230.0,PE,RELIANCE26MAR1230PE,0.0,0.0,0.0,6.2,0.0,6.2,1441.3,0.25,0,0,0,0.0,0,F1,500,,,,,
2026-02-18,2026-02-18,FO,NSE,STO,131536,,RELIANCE,,2026-02-24,2026-02-24,1520.0,PE,RELIANCE26FEB1520PE,96.5,96.5,80.75,81.1,81.45,97.7,1441.3,81.1,167000,-8000,31,24960400.0,20,F1,500,,,,,
2026-02-18,2026-02-18,FO,NSE,STO,157215,,RELIANCE,,2026-02-24,2026-02-24,1470.0,PE,RELIANCE26FEB1470PE,43.1,52.75,33.3,34.2,34.0,49.15,1441.3,34.2,467000,-13500,215,162323975.0,176,F1,500,,,,,
2026-02-18,2026-02-18,FO,NSE,STO,157209,,RELIANCE,,2026-02-24,2026-02-24,1410.0,PE,RELIANCE26FEB1410PE,7.6,8.7,2.1,2.25,2.15,8.25,1441.3,2.25,1143000,39000,7344,5194327850.0,4655,F1,500,,,,,
2026-02-18,2026-02-18,FO,NSE,STO,157205,,RELIANCE,,2026-02-24,2026-02-24,1370.0,PE,RELIANCE26FEB1370PE,1.55,1.85,0.6,0.65,0.65,1.85,1441.3,0.65,757000,-111500,2306,1580963450.0,1186,F1,500,,,,,
2026-02-18,2026-02-18,FO,NSE,STO,157203,,RELIANCE,,2026-02-24,2026-02-24,1350.0,PE,RELIANCE26FEB1350PE,1.0,1.25,0.5,0.6,0.55,1.3,1441.3,0.6,713000,-80000,2090,1411534400.0,1112,F1,500,,,,,
2026-02-18,2026-02-18,FO,NSE,STO,157193,,RELIANCE,,2026-02-24,2026-02-24,1250.0,PE,RELIANCE26FEB1250PE,0.35,0.35,0.2,0.2,0.2,0.5,1441.3,0.2,152500,-14500,119,74390525.0,60,F1,500,,,,,
2026-02-18,2026-02-18,FO,NSE,STO,131495,,RELIANCE,,2026-02-24,2026-02-24,1240.0,PE,RELIANCE26FEB1240PE,0.35,0.45,0.25,0.3,0.3,0.55,1441.3,0.3,566000,-9000,82,50853150.0,46,F1,500,,,,,
2026-02-18,2026-02-18,FO,NSE,STO,131487,,RELIANCE,,2026-02-24,2026-02-24,1160.0,PE,RELIANCE26FEB1160PE,0.2,0.2,0.15,0.15,0.15,0.3,1441.3,0.05,74000,-1000,5,2900475.0,4,F1,500,,,,,
2026-02-18,2026-02-18,FO,NSE,STO,163282,,RELIANCE,,2026-04-28,2026-04-28,1640.0,CE,RELIANCE26APR1640CE,0.0,0.0,0.0,3.9,3.9,3.9,1441.3,6.2,22500,0,0,0.0,0,F1,500,,,,,
2026-02-18,2026-02-18,FO,NSE,STO,161614,,RELIANCE,,2026-04-28,2026-04-28,1220.0,CE,RELIANCE26APR1220CE,0.0,0.0,0.0,188.55,0.0,188.55,1441.3,235.05,0,0,0,0.0,0,F1,500,,,,,
2026-02-18,2026-02-18,FO,NSE,STO,159276,,RELIANCE,,2026-03-30,2026-03-30,1670.0,CE,RELIANCE26MAR1670CE,1.55,1.55,1.55,1.55,1.55,2.9,1441.3,0.8,1500,500,1,835775.0,1,F1,500,,,,,
2026-02-18,2026-02-18,FO,NSE,STO,157322,,RELIANCE,,2026-03-30,2026-03-30,1420.0,CE,RELIANCE26MAR1420CE,47.0,52.8,42.5,52.1,51.35,45.9,1441.3,52.1,397500,43000,1030,755925950.0,812,F1,500,,,,,
2026-02-18,2026-02-18,FO,NSE,STO,158094,,RELIANCE,,2026-03-30,2026-03-30,1390.0,CE,RELIANCE26MAR1390CE,62.55,72.5,61.75,72.2,71.9,65.5,1441.3,72.2,16000,0,12,8722300.0,12,F1,500,,,,,
2026-02-18,2026-02-18,FO,NSE,STO,157338,,RELIANCE,,2026-03-30,2026-03-30,1580.0,CE,RELIANCE26MAR1580CE,4.65,4.65,4.1,4.45,4.4,4.8,1441.3,4.45,79000,12500,67,53074700.0,58,F1,500,,,,,
2026-02-18,2026-02-18,FO,NSE,STO,157330,,RELIANCE,,2026-03-30,2026-03-30,1500.0,CE,RELIANCE26MAR1500CE,15.1,16.35,13.0,15.95,15.95,15.1,1441.3,15.95,1549000,272000,4053,3070218600.0,2834,F1,500,,,,,
2026-02-18,2026-02-18,FO,NSE,STO,157328,,RELIANCE,,2026-03-30,2026-03-30,1480.0,CE,RELIANCE26MAR1480CE,20.55,22.4,17.9,21.85,22.0,20.35,1441.3,21.85,324000,9000,732,549228650.0,610,F1,500,,,,,
2026-02-18,2026-02-18,FO,NSE,STO,158006,,RELIANCE,,2026-03-30,2026-03-30,1350.0,CE,RELIANCE26MAR1350CE,90.8,106.55,90.8,106.0,106.0,96.0,1441.3,106.9,27500,23000,47,34151150.0,19,F1,500,,,,,
2026-02-18,2026-02-18,FO,NSE,STO,157304,,RELIANCE,,2026-03-30,2026-03-30,1240.0,CE,RELIANCE26MAR1240CE,0.0,0.0,0.0,319.45,0.0,319.45,1441.3,209.1,0,0,0,0.0,0,F1,500,,,,,
2026-02-18,2026-02-18,FO,NSE,STO,158544,,RELIANCE,,2026-03-30,2026-03-30,1490.0,CE,RELIANCE26MAR1490CE,17.5,19.1,15.3,18.9,18.7,17.55,1441.3,18.9,81000,17500,118,88956400.0,111,F1,500,,,,,
2026-02-18,2026-02-18,FO,NSE,STO,157342,,RELIANCE,,2026-03-30,2026-03-30,1620.0,CE,RELIANCE26MAR1620CE,2.85,2.85,2.55,2.75,2.75,3.1,1441.3,2.4,37000,500,3,2434075.0,3,F1,500,,,,,
2026-02-18,2026-02-18,FO,NSE,STO,162292,,RELIANCE,,2026-04-28,2026-04-28,1320.0,CE,RELIANCE26APR1320CE,0.0,0.0,0.0,112.25,0.0,112.25,1441.3,143.75,0,0,0,0.0,0,F1,500,,,,,
2026-02-18,2026-02-18,FO,NSE,STO,158552,,RELIANCE,,2026-03-30,2026-03-30,1510.0,CE,RELIANCE26MAR1510CE,13.85,13.85,11.25,13.35,13.5,13.05,1441.3,13.35,53000,13000,153,116488525.0,96,F1,500,,,,,
2026-02-18,2026-02-18,FO,NSE,STO,157341,,RELIANCE,,2026-03-30,2026-03-30,1600.0,PE,RELIANCE26MAR1600PE,166.0,170.0,150.7,151.5,152.05,166.9,1441.3,151.5,121000,37500,95,83452025.0,74,F1,500,,,,,
2026-02-18,2026-02-18,FO,NSE,STO,161619,,RELIANCE,,2026-04-28,2026-04-28,1240.0,PE,RELIANCE26APR1240PE,0.0,0.0,0.0,12.35,0.0,12.35,1441.3,1.85,0,0,0,0.0,0,F1,500,,,,,
2026-02-18,2026-02-18,FO,NSE,STO,161781,,RELIANCE,,2026-04-28,2026-04-28,1280.0,PE,RELIANCE26APR1280PE,0.0,0.0,0.0,20.35,0.0,20.35,1441.3,4.25,0,0,0,0.0,0,F1,500,,,,,
2026-02-18,2026-02-18,FO,NSE,STO,163203,,RELIANCE,,2026-04-28,2026-04-28,1620.0,PE,RELIANCE26APR1620PE,0.0,0.0,0.0,224.55,0.0,224.55,1441.3,170.1,0,0,0,0.0,0,F1,500,,,,,
2026-02-18,2026-02-18,FO,NSE,STO,163283,,RELIANCE,,2026-04-28,2026-04-28,1640.0,PE,RELIANCE26APR1640PE,0.0,0.0,0.0,242.4,0.0,242.4,1441.3,187.9,0,0,0,0.0,0,F1,500,,,,,
2026-02-18,2026-02-18,FO,NSE,STO,162384,,RELIANCE,,2026-04-28,2026-04-28,1340.0,CE,RELIANCE26APR1340CE,0.0,0.0,0.0,99.5,0.0,99.5,1441.3,127.3,0,0,0,0.0,0,F1,500,,,,,
2026-02-18,2026-02-18,FO,NSE,STO,162948,,RELIANCE,,2026-04-28,2026-04-28,1500.0,CE,RELIANCE26APR1500CE,29.05,33.6,26.05,32.3,31.8,29.6,1441.3,32.3,181500,26000,168,128490450.0,148,F1,500,,,,,
2026-02-18,2026-02-18,FO,NSE,STO,163884,,RELIANCE,,2026-04-28,2026-04-28,1720.0,CE,RELIANCE26APR1720CE,2.0,3.5,2.0,3.5,3.5,2.75,1441.3,1.85,0,0,2,1722750.0,2,F1,500,,,,,
2026-02-18,2026-02-18,FO,NSE,STO,131491,,RELIANCE,,2026-02-24,2026-02-24,1200.0,PE,RELIANCE26FEB1200PE,0.3,0.3,0.15,0.15,0.15,0.3,1441.3,0.15,771500,-26500,148,88816575.0,70,F1,500,,,,,
2026-02-18,2026-02-18,FO,NSE,STO,157337,,RELIANCE,,2026-03-30,2026-03-30,1560.0,PE,RELIANCE26MAR1560PE,132.0,132.7,114.8,114.8,114.8,130.6,1441.3,114.8,142500,6500,14,11809850.0,13,F1,500,,,,,
2026-02-18,2026-02-18,FO,NSE,STO,157345,,RELIANCE,,2026-03-30,2026-03-30,1640.0,PE,RELIANCE26MAR1640PE,210.0,210.0,206.25,206.25,206.25,116.4,1441.3,190.4,5500,5500,11,10165500.0,10,F1,500,,,,,
2026-02-18,2026-02-18,FO,NSE,STO,157349,,RELIANCE,,2026-03-30,2026-03-30,1680.0,PE,RELIANCE26MAR1680PE,0.0,0.0,0.0,144.85,0.0,144.85,1441.3,229.25,0,0,0,0.0,0,F1,500,,,,,
2026-02-18,2026-02-18,FO,NSE,STO,131517,,RELIANCE,,2026-02-24,2026-02-24,1360.0,CE,RELIANCE26FEB1360CE,64.55,79.25,59.6,79.15,79.0,65.5,1441.3,79.15,189500,-10000,59,42160150.0,40,F1,500,,,,,
2026-02-18,2026-02-18,FO,NSE,STO,157222,,RELIANCE,,2026-02-24,2026-02-24,1550.0,CE,RELIANCE26FEB1550CE,0.6,0.65,0.45,0.6,0.6,0.75,1441.3,0.6,1304500,-428500,2183,1692434825.0,809,F1,500,,,,,
2026-02-18,2026-02-18,FO,NSE,STO,157228,,RELIANCE,,2026-02-24,2026-02-24,1610.0,CE,RELIANCE26FEB1610CE,0.4,0.45,0.35,0.45,0.4,0.5,1441.3,0.45,162000,-7500,74,59584550.0,33,F1,500,,,,,
2026-02-18,2026-02-18,FO,NSE,STO,157232,,RELIANCE,,2026-02-24,2026-02-24,1650.0,CE,RELIANCE26FEB1650CE,0.35,0.4,0.25,0.4,0.4,0.4,1441.3,0.4,464000,-17000,76,62711600.0,57,F1,500,,,,,
2026-02-18,2026-02-18,FO,NSE,STO,131549,,RELIANCE,,2026-02-24,2026-02-24,1660.0,CE,RELIANCE26FEB1660CE,0.25,0.3,0.25,0.3,0.3,0.4,1441.3,0.05,74000,4500,31,25734225.0,14,F1,500,,,,,
2026-02-18,2026-02-18,FO,NSE,STO,157238,,RELIANCE,,2026-02-24,2026-02-24,1710.0,CE,RELIANCE26FEB1710CE,0.0,0.0,0.0,0.35,0.35,0.35,1441.3,0.05,2500,0,0,0.0,0,F1,500,,,,,
2026-02-18,2026-02-18,FO,NSE,STO,131557,,RELIANCE,,2026-02-24,2026-02-24,1740.0,CE,RELIANCE26FEB1740CE,0.15,0.15,0.1,0.15,0.15,0.15,1441.3,0.05,12000,-5000,13,11310825.0,10,F1,500,,,,,
2026-02-18,2026-02-18,FO,NSE,STO,131567,,RELIANCE,,2026-02-24,2026-02-24,1840.0,CE,RELIANCE26FEB1840CE,0.0,0.0,0.0,0.4,0.3,0.4,1441.3,0.05,23500,0,0,0.0,0,F1,500,,,,,
2026-02-18,2026-02-18,FO,NSE,STO,49065,,RELIANCE,,2026-03-30,2026-03-30,1100.0,CE,RELIANCE26MAR1100CE,0.0,0.0,0.0,366.7,0.0,366.7,1441.3,347.9,0,0,0,0.0,0,F1,500,,,,,
2026-02-18,2026-02-18,FO,NSE,STO,157908,,RELIANCE,,2026-03-30,2026-03-30,1310.0,CE,RELIANCE26MAR1310CE,0.0,0.0,0.0,105.25,0.0,105.25,1441.3,142.15,0,0,0,0.0,0,F1,500,,,,,
2026-02-18,2026-02-18,FO,NSE,STO,157312,,RELIANCE,,2026-03-30,2026-03-30,1320.0,CE,RELIANCE26MAR1320CE,118.0,118.25,115.45,118.25,118.25,123.0,1441.3,133.0,8500,2000,12,8623375.0,5,F1,500,,,,,
2026-02-18,2026-02-18,FO,NSE,STO,158608,,RELIANCE,,2026-03-30,2026-03-30,1530.0,CE,RELIANCE26MAR1530CE,9.7,9.95,8.25,9.75,9.6,9.7,1441.3,9.75,98500,42500,196,150852325.0,163,F1,500,,,,,
2026-02-18,2026-02-18,FO,NSE,STO,159250,,RELIANCE,,2026-03-30,2026-03-30,1650.0,CE,RELIANCE26MAR1650CE,2.3,2.3,1.9,1.95,1.9,2.35,1441.3,1.95,82000,21500,140,115643000.0,106,F1,500,,,,,
2026-02-18,2026-02-18,FO,NSE,STO,162404,,RELIANCE,,2026-04-28,2026-04-28,1360.0,CE,RELIANCE26APR1360CE,0.0,0.0,0.0,87.65,0.0,87.65,1441.3,111.8,0,0,0,0.0,0,F1,500,,,,,
2026-02-18,2026-02-18,FO,NSE,STO,162680,,RELIANCE,,2026-04-28,2026-04-28,1420.0,CE,RELIANCE26APR1420CE,0.0,0.0,0.0,57.8,0.0,57.8,1441.3,71.45,0,0,0,0.0,0,F1,500,,,,,
2026-02-18,2026-02-18,FO,NSE,STO,131485,,RELIANCE,,2026-02-24,2026-02-24,1120.0,PE,RELIANCE26FEB1120PE,0.0,0.0,0.0,0.15,0.0,0.15,1441.3,0.05,0,0,0,0.0,0,F1,500,,,,,
2026-02-18,2026-02-18,FO,NSE,STO,131518,,RELIANCE,,2026-02-24,2026-02-24,1360.0,PE,RELIANCE26FEB1360PE,1.35,1.55,0.6,0.65,0.65,1.55,1441.3,0.65,687500,-107500,2040,1388267250.0,1301,F1,500,,,,,
2026-02-18,2026-02-18,FO,NSE,STO,157219,,RELIANCE,,2026-02-24,2026-02-24,1510.0,PE,RELIANCE26FEB1510PE,85.0,90.45,78.25,78.25,78.25,74.1,1441.3,68.05,78000,1000,11,8750550.0,11,F1,500,,,,,
2026-02-18,2026-02-18,FO,NSE,STO,157235,,RELIANCE,,2026-02-24,2026-02-24,1670.0,PE,RELIANCE26FEB1670PE,0.0,0.0,0.0,132.35,0.0,132.35,1441.3,227.2,0,0,0,0.0,0,F1,500,,,,,
2026-02-18,2026-02-18,FO,NSE,STO,157309,,RELIANCE,,2026-03-30,2026-03-30,1280.0,PE,RELIANCE26MAR1280PE,3.65,4.1,2.45,2.45,2.45,4.1,1441.3,2.45,76000,35500,174,111643300.0,111,F1,500,,,,,
2026-02-18,2026-02-18,FO,NSE,STO,157323,,RELIANCE,,2026-03-30,2026-03-30,1420.0,PE,RELIANCE26MAR1420PE,31.3,33.5,21.8,22.2,22.35,31.7,1441.3,22.2,455500,139500,644,466374800.0,533,F1,500,,,,,
2026-02-18,2026-02-18,FO,NSE,STO,157333,,RELIANCE,,2026-03-30,2026-03-30,1520.0,PE,RELIANCE26MAR1520PE,94.0,95.0,82.0,82.0,82.0,96.0,1441.3,84.55,14500,10000,22,17700475.0,16,F1,500,,,,,
2026-02-18,2026-02-18,FO,NSE,STO,158611,,RELIANCE,,2026-03-30,2026-03-30,1550.0,PE,RELIANCE26MAR1550PE,123.0,125.0,108.0,108.0,108.0,120.9,1441.3,108.5,36500,10500,21,17500350.0,16,F1,500,,,,,
2026-02-18,2026-02-18,FO,NSE,STO,157344,,RELIANCE,,2026-03-30,2026-03-30,1640.0,CE,RELIANCE26MAR1640CE,3.25,3.25,2.0,2.3,2.3,2.35,1441.3,2.3,54000,-13500,118,96894900.0,93,F1,500,,,,,
2026-02-18,2026-02-18,FO,NSE,STO,163202,,RELIANCE,,2026-04-28,2026-04-28,1620.0,CE,RELIANCE26APR1620CE,0.0,0.0,0.0,9.0,9.0,9.0,1441.3,8.15,15000,0,0,0.0,0,F1,500,,,,,
2026-02-18,2026-02-18,FO,NSE,STO,157350,,RELIANCE,,2026-03-30,2026-03-30,1700.0,CE,RELIANCE26MAR1700CE,1.45,1.45,1.15,1.25,1.25,1.45,1441.3,1.25,300000,24000,126,107180875.0,87,F1,500,,,,,
2026-02-18,2026-02-18,FO,NSE,STO,157207,,RELIANCE,,2026-02-24,2026-02-24,1390.0,PE,RELIANCE26FEB1390PE,2.7,3.4,0.9,0.95,0.95,3.5,1441.3,0.95,920000,217000,4625,3218580975.0,2478,F1,500,,,,,
2026-02-18,2026-02-18,FO,NSE,STO,157199,,RELIANCE,,2026-02-24,2026-02-24,1310.0,PE,RELIANCE26FEB1310PE,0.65,0.65,0.35,0.4,0.4,0.85,1441.3,0.4,265500,-155000,676,442927075.0,528,F1,500,,,,,
2026-02-18,2026-02-18,FO,NSE,STO,157190,,RELIANCE,,2026-02-24,2026-02-24,1230.0,CE,RELIANCE26FEB1230CE,0.0,0.0,0.0,321.4,0.0,321.4,1441.3,212.4,0,0,0,0.0,0,F1,500,,,,,
2026-02-18,2026-02-18,FO,NSE,STO,159640,,SRF,,2026-03-30,2026-03-30,3120.0,CE,SRF26MAR3120CE,0.0,0.0,0.0,14.05,14.05,14.05,2730.4,9.85,2600,0,0,0.0,0,F1,200,,,,,
2026-02-18,2026-02-18,FO,NSE,STO,168255,,SRF,,2026-04-28,2026-04-28,2800.0,PE,SRF26APR2800PE,0.0,0.0,0.0,211.85,0.0,211.85,2730.4,152.9,0,0,0,0.0,0,F1,200,,,,,
2026-02-18,2026-02-18,FO,NSE,STO,168189,,SRF,,2026-03-30,2026-03-30,3380.0,PE,SRF26MAR3380PE,0.0,0.0,0.0,669.9,0.0,669.9,2730.4,630.4,0,0,0,0.0,0,F1,200,,,,,
2026-02-18,2026-02-18,FO,NSE,STO,159651,,SRF,,2026-03-30,2026-03-30,3320.0,PE,SRF26MAR3320PE,0.0,0.0,0.0,329.3,0.0,329.3,2730.4,571.55,0,0,0,0.0,0,F1,200,,,,,
2026-02-18,2026-02-18,FO,NSE,STO,168171,,SRF,,2026-03-30,2026-03-30,3020.0,PE,SRF26MAR3020PE,0.0,0.0,0.0,348.75,0.0,348.75,2730.4,291.7,0,0,0,0.0,0,F1,200,,,,,
2026-02-18,2026-02-18,FO,NSE,STO,168161,,SRF,,2026-03-30,2026-03-30,2820.0,PE,SRF26MAR2820PE,0.0,0.0,0.0,118.5,118.5,118.5,2730.4,141.25,1600,0,0,0.0,0,F1,200,,,,,
2026-02-18,2026-02-18,FO,NSE,STO,159625,,SRF,,2026-03-30,2026-03-30,2800.0,PE,SRF26MAR2800PE,140.05,145.35,117.0,123.35,123.0,115.8,2730.4,123.35,19400,6200,106,62116470.0,103,F1,200,,,,,
2026-02-18,2026-02-18,FO,NSE,STO,159619,,SRF,,2026-03-30,2026-03-30,2680.0,PE,SRF26MAR2680PE,75.0,75.0,62.0,62.0,62.0,50.0,2730.4,68.55,400,200,5,2745340.0,5,F1,200,,,,,
2026-02-18,2026-02-18,FO,NSE,STO,168153,,SRF,,2026-03-30,2026-03-30,2660.0,PE,SRF26MAR2660PE,58.0,58.0,58.0,58.0,58.0,62.45,2730.4,60.7,1000,0,1,543600.0,1,F1,200,,,,,
2026-02-18,2026-02-18,FO,NSE,STO,159617,,SRF,,2026-03-30,2026-03-30,2640.0,PE,SRF26MAR2640PE,0.0,0.0,0.0,60.0,60.0,60.0,2730.4,53.45,200,0,0,0.0,0,F1,200,,,,,
2026-02-18,2026-02-18,FO,NSE,STO,159615,,SRF,,2026-03-30,2026-03-30,2600.0,PE,SRF26MAR2600PE,52.9,55.05,37.5,40.3,39.85,46.6,2730.4,40.3,33800,-7800,271,143261080.0,159,F1,200,,,,,
2026-02-18,2026-02-18,FO,NSE,STO,159499,,SRF,,2026-02-24,2026-02-24,3040.0,PE,SRF26FEB3040PE,0.0,0.0,0.0,340.0,340.0,340.0,2730.4,306.9,400,0,0,0.0,0,F1,200,,,,,
2026-02-18,2026-02-18,FO,NSE,STO,159475,,SRF,,2026-02-24,2026-02-24,2740.0,PE,SRF26FEB2740PE,59.8,69.0,36.7,42.05,41.65,49.4,2730.4,42.05,42000,-24200,2621,1462032800.0,2051,F1,200,,,,,
2026-02-18,2026-02-18,FO,NSE,STO,137081,,SRF,,2026-02-24,2026-02-24,2600.0,PE,SRF26FEB2600PE,15.65,16.3,5.35,6.05,5.7,12.15,2730.4,6.05,64600,-14200,2273,1186751360.0,1838,F1,200,,,,,
2026-02-18,2026-02-18,FO,NSE,STO,168276,,SRF,,2026-04-28,2026-04-28,3240.0,CE,SRF26APR3240CE,0.0,0.0,0.0,32.2,0.0,32.2,2730.4,14.8,0,0,0,0.0,0,F1,200,,,,,
2026-02-18,2026-02-18,FO,NSE,STO,159461,,SRF,,2026-02-24,2026-02-24,2560.0,PE,SRF26FEB2560PE,9.65,11.1,3.45,3.95,4.05,8.7,2730.4,3.95,22200,-1200,266,136523120.0,238,F1,200,,,,,
2026-02-18,2026-02-18,FO,NSE,STO,159455,,SRF,,2026-02-24,2026-02-24,2480.0,PE,SRF26FEB2480PE,4.2,4.2,1.5,1.9,1.85,4.55,2730.4,1.9,11000,3600,171,84901290.0,142,F1,200,,,,,
2026-02-18,2026-02-18,FO,NSE,STO,159453,,SRF,,2026-02-24,2026-02-24,2460.0,PE,SRF26FEB2460PE,0.0,0.0,0.0,1.0,1.0,1.0,2730.4,0.05,1000,0,0,0.0,0,F1,200,,,,,
2026-02-18,2026-02-18,FO,NSE,STO,168282,,SRF,,2026-04-28,2026-04-28,3360.0,CE,SRF26APR3360CE,0.0,0.0,0.0,20.45,0.0,20.45,2730.4,7.6,0,0,0,0.0,0,F1,200,,,,,
2026-02-18,2026-02-18,FO,NSE,STO,168252,,SRF,,2026-04-28,2026-04-28,2760.0,CE,SRF26APR2760CE,0.0,0.0,0.0,153.35,0.0,153.35,2730.4,130.1,0,0,0,0.0,0,F1,200,,,,,
2026-02-18,2026-02-18,FO,NSE,STO,168235,,SRF,,2026-04-28,2026-04-28,2400.0,PE,SRF26APR2400PE,0.0,0.0,0.0,48.1,0.0,48.1,2730.4,18.5,0,0,0,0.0,0,F1,200,,,,,
2026-02-18,2026-02-18,FO,NSE,STO,168239,,SRF,,2026-04-28,2026-04-28,2480.0,PE,SRF26APR2480PE,0.0,0.0,0.0,69.35,0.0,69.35,2730.4,31.8,0,0,0,0.0,0,F1,200,,,,,
2026-02-18,2026-02-18,FO,NSE,STO,168261,,SRF,,2026-04-28,2026-04-28,2920.0,PE,SRF26APR2920PE,0.0,0.0,0.0,288.65,0.0,288.65,2730.4,228.85,0,0,0,0.0,0,F1,200,,,,,
2026-02-18,2026-02-18,FO,NSE,STO,168287,,SRF,,2026-04-28,2026-04-28,3440.0,PE,SRF26APR3440PE,0.0,0.0,0.0,720.05,0.0,720.05,2730.4,678.75,0,0,0,0.0,0,F1,200,,,,,
2026-02-18,2026-02-18,FO,NSE,STO,137194,,SRF,,2026-02-24,2026-02-24,3000.0,CE,SRF26FEB3000CE,2.9,2.9,1.5,1.55,1.5,2.85,2730.4,1.55,319400,-15600,1244,746910930.0,688,F1,200,,,,,
2026-02-18,2026-02-18,FO,NSE,STO,159500,,SRF,,2026-02-24,2026-02-24,3060.0,CE,SRF26FEB3060CE,2.0,2.05,1.1,1.2,1.15,1.95,2730.4,1.2,8600,-6000,79,48370500.0,78,F1,200,,,,,
2026-02-18,2026-02-18,FO,NSE,STO,159502,,SRF,,2026-02-24,2026-02-24,3080.0,CE,SRF26FEB3080CE,1.0,1.65,1.0,1.2,1.2,1.8,2730.4,0.05,28400,-2600,20,12324700.0,11,F1,200,,,,,
2026-02-18,2026-02-18,FO,NSE,STO,137198,,SRF,,2026-02-24,2026-02-24,3200.0,CE,SRF26FEB3200CE,0.95,1.05,0.55,0.65,0.6,0.9,2730.4,0.65,61600,6000,79,50574970.0,32,F1,200,,,,,
2026-02-18,2026-02-18,FO,NSE,STO,159512,,SRF,,2026-02-24,2026-02-24,3220.0,CE,SRF26FEB3220CE,0.0,0.0,0.0,2.05,2.05,2.05,2730.4,0.05,800,0,0,0.0,0,F1,200,,,,,
2026-02-18,2026-02-18,FO,NSE,STO,137204,,SRF,,2026-02-24,2026-02-24,3400.0,CE,SRF26FEB3400CE,0.0,0.0,0.0,0.75,0.75,0.75,2730.4,0.05,7800,0,0,0.0,0,F1,200,,,,,
2026-02-18,2026-02-18,FO,NSE,STO,159610,,SRF,,2026-03-30,2026-03-30,2520.0,CE,SRF26MAR2520CE,0.0,0.0,0.0,573.5,0.0,573.5,2730.4,247.65,0,0,0,0.0,0,F1,200,,,,,
2026-02-18,2026-02-18,FO,NSE,STO,168150,,SRF,,2026-03-30,2026-03-30,2620.0,CE,SRF26MAR2620CE,0.0,0.0,0.0,186.95,0.0,186.95,2730.4,172.95,0,0,0,0.0,0,F1,200,,,,,
2026-02-18,2026-02-18,FO,NSE,STO,159618,,SRF,,2026-03-30,2026-03-30,2680.0,CE,SRF26MAR2680CE,0.0,0.0,0.0,439.35,0.0,439.35,2730.4,135.05,0,0,0,0.0,0,F1,200,,,,,
2026-02-18,2026-02-18,FO,NSE,STO,168154,,SRF,,2026-03-30,2026-03-30,2700.0,CE,SRF26MAR2700CE,125.0,133.0,115.0,115.25,115.5,132.0,2730.4,115.25,2600,2400,19,10714850.0,18,F1,200,,,,,
2026-02-18,2026-02-18,FO,NSE,STO,168254,,SRF,,2026-04-28,2026-04-28,2800.0,CE,SRF26APR2800CE,0.0,0.0,0.0,136.9,0.0,136.9,2730.4,112.25,0,0,0,0.0,0,F1,200,,,,,
2026-02-18,2026-02-18,FO,NSE,STO,159459,,SRF,,2026-02-24,2026-02-24,2540.0,PE,SRF26FEB2540PE,8.0,8.0,2.95,3.2,3.25,6.3,2730.4,3.2,13800,8800,144,73298810.0,138,F1,200,,,,,
2026-02-18,2026-02-18,FO,NSE,STO,159481,,SRF,,2026-02-24,2026-02-24,2820.0,PE,SRF26FEB2820PE,111.95,113.05,86.6,98.15,100.1,98.45,2730.4,98.15,17800,-1200,38,22234880.0,36,F1,200,,,,,
2026-02-18,2026-02-18,FO,NSE,STO,159487,,SRF,,2026-02-24,2026-02-24,2880.0,PE,SRF26FEB2880PE,166.2,166.2,139.7,139.7,139.7,147.85,2730.4,150.0,9800,0,4,2425910.0,4,F1,200,,,,,
2026-02-18,2026-02-18,FO,NSE,STO,137193,,SRF,,2026-02-24,2026-02-24,2900.0,PE,SRF26FEB2900PE,178.1,183.8,158.5,171.55,170.4,155.1,2730.4,171.55,42600,-3800,68,41759480.0,62,F1,200,,,,,
2026-02-18,2026-02-18,FO,NSE,STO,168145,,SRF,,2026-03-30,2026-03-30,2500.0,PE,SRF26MAR2500PE,30.1,31.45,20.3,22.0,22.55,24.5,2730.4,22.0,18000,6400,158,79818050.0,100,F1,200,,,,,
2026-02-18,2026-02-18,FO,NSE,STO,168157,,SRF,,2026-03-30,2026-03-30,2740.0,PE,SRF26MAR2740PE,100.0,100.0,85.6,86.15,86.15,97.0,2730.4,86.15,2600,2200,15,8488450.0,13,F1,200,,,,,
2026-02-18,2026-02-18,FO,NSE,STO,159623,,SRF,,2026-03-30,2026-03-30,2760.0,PE,SRF26MAR2760PE,110.0,110.0,109.1,109.1,109.1,85.8,2730.4,106.35,800,200,2,1147820.0,2,F1,200,,,,,
2026-02-18,2026-02-18,FO,NSE,STO,168169,,SRF,,2026-03-30,2026-03-30,2980.0,PE,SRF26MAR2980PE,0.0,0.0,0.0,317.2,0.0,317.2,2730.4,258.15,0,0,0,0.0,0,F1,200,,,,,
2026-02-18,2026-02-18,FO,NSE,STO,159526,,SRF,,2026-02-24,2026-02-24,3380.0,CE,SRF26FEB3380CE,0.0,0.0,0.0,45.0,0.0,45.0,2730.4,0.05,0,0,0,0.0,0,F1,200,,,,,
2026-02-18,2026-02-18,FO,NSE,STO,159600,,SRF,,2026-03-30,2026-03-30,2320.0,CE,SRF26MAR2320CE,0.0,0.0,0.0,757.4,0.0,757.4,2730.4,427.25,0,0,0,0.0,0,F1,200,,,,,
2026-02-18,2026-02-18,FO,NSE,STO,159622,,SRF,,2026-03-30,2026-03-30,2760.0,CE,SRF26MAR2760CE,101.65,101.65,86.6,89.8,86.6,110.55,2730.4,89.8,1400,1200,9,5138970.0,8,F1,200,,,,,
2026-02-18,2026-02-18,FO,NSE,STO,159656,,SRF,,2026-03-30,2026-03-30,3440.0,CE,SRF26MAR3440CE,0.0,0.0,0.0,67.5,0.0,67.5,2730.4,0.65,0,0,0,0.0,0,F1,200,,,,,
2026-02-18,2026-02-18,FO,NSE,STO,168264,,SRF,,2026-04-28,2026-04-28,3000.0,CE,SRF26APR3000CE,0.0,0.0,0.0,74.15,0.0,74.15,2730.4,48.9,0,0,0,0.0,0,F1,200,,,,,
2026-02-18,2026-02-18,FO,NSE,STO,159491,,SRF,,2026-02-24,2026-02-24,2940.0,PE,SRF26FEB2940PE,198.0,214.25,198.0,214.25,214.25,206.9,2730.4,214.25,18200,-200,3,1887350.0,3,F1,200,,,,,
2026-02-18,2026-02-18,FO,NSE,STO,159519,,SRF,,2026-02-24,2026-02-24,3280.0,PE,SRF26FEB3280PE,0.0,0.0,0.0,515.95,515.95,515.95,2730.4,546.65,600,0,0,0.0,0,F1,200,,,,,
2026-02-18,2026-02-18,FO,NSE,STO,159607,,SRF,,2026-03-30,2026-03-30,2440.0,PE,SRF26MAR2440PE,0.0,0.0,0.0,10.95,0.0,10.95,2730.4,10.75,0,0,0,0.0,0,F1,200,,,,,
2026-02-18,2026-02-18,FO,NSE,STO,159613,,SRF,,2026-03-30,2026-03-30,2560.0,PE,SRF26MAR2560PE,0.0,0.0,0.0,15.2,15.2,15.2,2730.4,30.4,400,0,0,0.0,0,F1,200,,,,,
2026-02-18,2026-02-18,FO,NSE,STO,168165,,SRF,,2026-03-30,2026-03-30,2900.0,PE,SRF26MAR2900PE,201.0,201.0,185.0,187.15,188.0,186.0,2730.4,187.15,6200,600,8,4942200.0,7,F1,200,,,,,
2026-02-18,2026-02-18,FO,NSE,STO,168283,,SRF,,2026-04-28,2026-04-28,3360.0,PE,SRF26APR3360PE,0.0,0.0,0.0,646.8,0.0,646.8,2730.4,602.4,0,0,0,0.0,0,F1,200,,,,,
2026-02-18,2026-02-18,FO,NSE,STO,159470,,SRF,,2026-02-24,2026-02-24,2680.0,CE,SRF26FEB2680CE,84.5,84.5,66.3,66.9,67.05,89.65,2730.4,66.9,5600,0,61,33611870.0,60,F1,200,,,,,
2026-02-18,2026-02-18,FO,NSE,STO,159490,,SRF,,2026-02-24,2026-02-24,2940.0,CE,SRF26FEB2940CE,4.6,4.6,1.9,2.05,2.0,4.5,2730.4,2.05,32200,-2400,236,138915670.0,210,F1,200,,,,,
2026-02-18,2026-02-18,FO,NSE,STO,137202,,SRF,,2026-02-24,2026-02-24,3300.0,CE,SRF26FEB3300CE,13.35,13.35,0.25,0.3,0.3,0.3,2730.4,0.05,35000,-2400,58,38286820.0,27,F1,200,,,,,
2026-02-18,2026-02-18,FO,NSE,STO,159445,,SRF,,2026-02-24,2026-02-24,2360.0,PE,SRF26FEB2360PE,1.0,1.0,0.9,0.9,0.9,2.4,2730.4,0.05,800,-1000,6,2833180.0,2,F1,200,,,,,
2026-02-18,2026-02-18,FO,NSE,STO,136965,,SRF,,2026-02-24,2026-02-24,2400.0,PE,SRF26FEB2400PE,3.15,3.2,0.95,1.05,1.05,2.8,2730.4,1.05,14200,-4000,74,35547710.0,57,F1,200,,,,,
2026-02-18,2026-02-18,FO,NSE,STO,159457,,SRF,,2026-02-24,2026-02-24,2520.0,PE,SRF26FEB2520PE,0.0,0.0,0.0,1.3,1.3,1.3,2730.4,0.35,4200,0,0,0.0,0,F1,200,,,,,
2026-02-18,2026-02-18,FO,NSE,STO,137195,,SRF,,2026-02-24,2026-02-24,3000.0,PE,SRF26FEB3000PE,276.85,287.0,255.1,255.95,255.95,259.35,2730.4,267.0,48600,-24600,161,105399160.0,79,F1,200,,,,,
2026-02-18,2026-02-18,FO,NSE,STO,159505,,SRF,,2026-02-24,2026-02-24,3120.0,PE,SRF26FEB3120PE,0.0,0.0,0.0,174.35,0.0,174.35,2730.4,386.8,0,0,0,0.0,0,F1,200,,,,,
2026-02-18,2026-02-18,FO,NSE,STO,159509,,SRF,,2026-02-24,2026-02-24,3160.0,PE,SRF26FEB3160PE,0.0,0.0,0.0,400.9,400.9,400.9,2730.4,426.75,0,0,0,0.0,0,F1,200,,,,,
2026-02-18,2026-02-18,FO,NSE,STO,159521,,SRF,,2026-02-24,2026-02-24,3320.0,PE,SRF26FEB3320PE,0.0,0.0,0.0,308.8,0.0,308.8,2730.4,586.6,0,0,0,0.0,0,F1,200,,,,,
2026-02-18,2026-02-18,FO,NSE,STO,159527,,SRF,,2026-02-24,2026-02-24,3380.0,PE,SRF26FEB3380PE,0.0,0.0,0.0,355.5,0.0,355.5,2730.4,646.55,0,0,0,0.0,0,F1,200,,,,,
2026-02-18,2026-02-18,FO,NSE,STO,159603,,SRF,,2026-03-30,2026-03-30,2360.0,PE,SRF26MAR2360PE,0.0,0.0,0.0,6.4,0.0,6.4,2730.4,4.65,0,0,0,0.0,0,F1,200,,,,,
2026-02-18,2026-02-18,FO,NSE,STO,159609,,SRF,,2026-03-30,2026-03-30,2480.0,PE,SRF26MAR2480PE,17.1,17.1,17.1,17.1,17.1,17.0,2730.4,15.65,400,200,1,499420.0,1,F1,200,,,,,
2026-02-18,2026-02-18,FO,NSE,STO,168155,,SRF,,2026-03-30,2026-03-30,2700.0,PE,SRF26MAR2700PE,88.05,91.35,67.4,72.9,74.2,80.5,2730.4,72.9,22600,9000,246,136682600.0,210,F1,200,,,,,
2026-02-18,2026-02-18,FO,NSE,STO,168241,,SRF,,2026-04-28,2026-04-28,2520.0,PE,SRF26APR2520PE,0.0,0.0,0.0,81.9,0.0,81.9,2730.4,40.65,0,0,0,0.0,0,F1,200,,,,,
2026-02-18,2026-02-18,FO,NSE,STO,168279,,SRF,,2026-04-28,2026-04-28,3280.0,PE,SRF26APR3280PE,0.0,0.0,0.0,575.3,0.0,575.3,2730.4,527.6,0,0,0,0.0,0,F1,200,,,,,
2026-02-18,2026-02-18,FO,NSE,STO,168258,,SRF,,2026-04-28,2026-04-28,2880.0,CE,SRF26APR2880CE,0.0,0.0,0.0,106.0,106.0,106.0,2730.4,82.0,200,0,0,0.0,0,F1,200,,,,,
2026-02-18,2026-02-18,FO,NSE,STO,136966,,SRF,,2026-02-24,2026-02-24,2500.0,CE,SRF26FEB2500CE,250.0,250.0,245.15,245.15,245.15,385.0,2730.4,232.85,1600,200,4,2197090.0,4,F1,200,,,,,
2026-02-18,2026-02-18,FO,NSE,STO,159460,,SRF,,2026-02-24,2026-02-24,2560.0,CE,SRF26FEB2560CE,0.0,0.0,0.0,511.6,0.0,511.6,2730.4,173.9,0,0,0,0.0,0,F1,200,,,,,
2026-02-18,2026-02-18,FO,NSE,STO,137080,,SRF,,2026-02-24,2026-02-24,2600.0,CE,SRF26FEB2600CE,136.95,150.85,133.9,135.3,133.9,151.1,2730.4,135.3,4400,0,18,9875270.0,18,F1,200,,,,,
2026-02-18,2026-02-18,FO,NSE,STO,159468,,SRF,,2026-02-24,2026-02-24,2660.0,CE,SRF26FEB2660CE,0.0,0.0,0.0,195.7,195.7,195.7,2730.4,85.0,4200,0,0,0.0,0,F1,200,,,,,
2026-02-18,2026-02-18,FO,NSE,STO,159484,,SRF,,2026-02-24,2026-02-24,2860.0,CE,SRF26FEB2860CE,8.9,10.9,4.2,4.45,4.35,11.75,2730.4,4.45,78800,-10400,494,283306150.0,407,F1,200,,,,,
2026-02-18,2026-02-18,FO,NSE,STO,159474,,SRF,,2026-02-24,2026-02-24,2740.0,CE,SRF26FEB2740CE,41.2,50.7,29.75,32.25,31.65,50.7,2730.4,32.25,80800,34200,3915,2176412640.0,3235,F1,200,,,,,
2026-02-18,2026-02-18,FO,NSE,STO,137180,,SRF,,2026-02-24,2026-02-24,2800.0,CE,SRF26FEB2800CE,20.0,25.0,11.35,12.1,12.15,26.85,2730.4,12.1,195600,-7600,3532,1990152610.0,2910,F1,200,,,,,
2026-02-18,2026-02-18,FO,NSE,STO,137182,,SRF,,2026-02-24,2026-02-24,2900.0,CE,SRF26FEB2900CE,7.8,7.8,2.8,2.95,3.0,7.2,2730.4,2.95,228000,25000,1665,967227650.0,1235,F1,200,,,,,
2026-02-18,2026-02-18,FO,NSE,STO,159496,,SRF,,2026-02-24,2026-02-24,3020.0,CE,SRF26FEB3020CE,2.65,2.65,1.3,1.35,1.35,2.45,2730.4,1.35,18400,-33000,428,258668790.0,225,F1,200,,,,,
2026-02-18,2026-02-18,FO,NSE,STO,159614,,SRF,,2026-03-30,2026-03-30,2600.0,CE,SRF26MAR2600CE,0.0,0.0,0.0,199.0,199.0,199.0,2730.4,186.8,400,0,0,0.0,0,F1,200,,,,,
2026-02-18,2026-02-18,FO,NSE,STO,168156,,SRF,,2026-03-30,2026-03-30,2740.0,CE,SRF26MAR2740CE,0.0,0.0,0.0,126.55,0.0,126.55,2730.4,102.8,0,0,0,0.0,0,F1,200,,,,,
2026-02-18,2026-02-18,FO,NSE,STO,159644,,SRF,,2026-03-30,2026-03-30,3200.0,CE,SRF26MAR3200CE,0.0,0.0,0.0,135.75,0.0,135.75,2730.4,5.25,0,0,0,0.0,0,F1,200,,,,,
2026-02-18,2026-02-18,FO,NSE,STO,159654,,SRF,,2026-03-30,2026-03-30,3400.0,CE,SRF26MAR3400CE,0.0,0.0,0.0,76.3,0.0,76.3,2730.4,0.9,0,0,0,0.0,0,F1,200,,,,,
2026-02-18,2026-02-18,FO,NSE,STO,168238,,SRF,,2026-04-28,2026-04-28,2480.0,CE,SRF26APR2480CE,0.0,0.0,0.0,309.5,0.0,309.5,2730.4,307.85,0,0,0,0.0,0,F1,200,,,,,
2026-02-18,2026-02-18,FO,NSE,STO,168240,,SRF,,2026-04-28,2026-04-28,2520.0,CE,SRF26APR2520CE,0.0,0.0,0.0,282.7,0.0,282.7,2730.4,277.1,0,0,0,0.0,0,F1,200,,,,,
2026-02-18,2026-02-18,FO,NSE,STO,168244,,SRF,,2026-04-28,2026-04-28,2600.0,CE,SRF26APR2600CE,0.0,0.0,0.0,233.65,0.0,233.65,2730.4,220.65,0,0,0,0.0,0,F1,200,,,,,
2026-02-18,2026-02-18,FO,NSE,STO,168284,,SRF,,2026-04-28,2026-04-28,3400.0,CE,SRF26APR3400CE,0.0,0.0,0.0,17.5,0.0,17.5,2730.4,6.0,0,0,0,0.0,0,F1,200,,,,,
2026-02-18,2026-02-18,FO,NSE,STO,159478,,SRF,,2026-02-24,2026-02-24,2780.0,CE,SRF26FEB2780CE,20.0,30.75,15.65,17.3,16.8,33.9,2730.4,17.3,32600,-9400,1199,672174770.0,984,F1,200,,,,,
2026-02-18,2026-02-18,FO,NSE,STO,159494,,SRF,,2026-02-24,2026-02-24,2980.0,CE,SRF26FEB2980CE,3.1,3.15,1.6,1.65,1.65,3.15,2730.4,1.65,52000,-16600,239,142544310.0,157,F1,200,,,,,
2026-02-18,2026-02-18,FO,NSE,STO,159506,,SRF,,2026-02-24,2026-02-24,3140.0,CE,SRF26FEB3140CE,1.05,1.2,1.0,1.0,1.0,1.3,2730.4,0.05,5400,-800,5,3141060.0,4,F1,200,,,,,
2026-02-18,2026-02-18,FO,NSE,STO,159536,,SRF,,2026-02-24,2026-02-24,3520.0,CE,SRF26FEB3520CE,0.35,0.35,0.35,0.35,0.35,0.35,2730.4,0.05,14200,-8400,42,29570940.0,12,F1,200,,,,,
2026-02-18,2026-02-18,FO,NSE,STO,168271,,SRF,,2026-04-28,2026-04-28,3120.0,PE,SRF26APR3120PE,0.0,0.0,0.0,439.5,0.0,439.5,2730.4,384.95,0,0,0,0.0,0,F1,200,,,,,
2026-02-18,2026-02-18,FO,NSE,STO,168267,,SRF,,2026-04-28,2026-04-28,3040.0,PE,SRF26APR3040PE,0.0,0.0,0.0,376.3,0.0,376.3,2730.4,318.8,0,0,0,0.0,0,F1,200,,,,,
2026-02-18,2026-02-18,FO,NSE,STO,168247,,SRF,,2026-04-28,2026-04-28,2640.0,PE,SRF26APR2640PE,0.0,0.0,0.0,128.75,0.0,128.75,2730.4,77.45,0,0,0,0.0,0,F1,200,,,,,
2026-02-18,2026-02-18,FO,NSE,STO,168231,,SRF,,2026-04-28,2026-04-28,2320.0,PE,SRF26APR2320PE,0.0,0.0,0.0,31.95,0.0,31.95,2730.4,9.95,0,0,0,0.0,0,F1,200,,,,,
2026-02-18,2026-02-18,FO,NSE,STO,168181,,SRF,,2026-03-30,2026-03-30,3220.0,PE,SRF26MAR3220PE,0.0,0.0,0.0,521.0,0.0,521.0,2730.4,474.75,0,0,0,0.0,0,F1,200,,,,,
2026-02-18,2026-02-18,FO,NSE,STO,168179,,SRF,,2026-03-30,2026-03-30,3180.0,PE,SRF26MAR3180PE,0.0,0.0,0.0,485.0,0.0,485.0,2730.4,436.7,0,0,0,0.0,0,F1,200,,,,,
2026-02-18,2026-02-18,FO,NSE,STO,159531,,SRF,,2026-02-24,2026-02-24,3440.0,PE,SRF26FEB3440PE,0.0,0.0,0.0,745.0,745.0,745.0,2730.4,706.5,4000,0,0,0.0,0,F1,200,,,,,
2026-02-18,2026-02-18,FO,NSE,STO,159517,,SRF,,2026-02-24,2026-02-24,3260.0,PE,SRF26FEB3260PE,0.0,0.0,0.0,259.45,259.45,259.45,2730.4,526.65,600,0,0,0.0,0,F1,200,,,,,
2026-02-18,2026-02-18,FO,NSE,STO,137181,,SRF,,2026-02-24,2026-02-24,2800.0,PE,SRF26FEB2800PE,102.0,107.55,71.85,81.2,83.4,80.4,2730.4,81.2,75400,-25600,565,326425110.0,490,F1,200,,,,,
2026-02-18,2026-02-18,FO,NSE,STO,168246,,SRF,,2026-04-28,2026-04-28,2640.0,CE,SRF26APR2640CE,0.0,0.0,0.0,211.35,0.0,211.35,2730.4,195.15,0,0,0,0.0,0,F1,200,,,,,
2026-02-18,2026-02-18,FO,NSE,STO,168164,,SRF,,2026-03-30,2026-03-30,2900.0,CE,SRF26MAR2900CE,46.5,47.0,37.0,37.45,37.5,48.85,2730.4,37.45,30000,14600,215,126476650.0,131,F1,200,,,,,
2026-02-18,2026-02-18,FO,NSE,STO,168144,,SRF,,2026-03-30,2026-03-30,2500.0,CE,SRF26MAR2500CE,0.0,0.0,0.0,263.6,0.0,263.6,2730.4,264.1,0,0,0,0.0,0,F1,200,,,,,
2026-02-18,2026-02-18,FO,NSE,STO,159608,,SRF,,2026-03-30,2026-03-30,2480.0,CE,SRF26MAR2480CE,0.0,0.0,0.0,609.1,0.0,609.1,2730.4,280.95,0,0,0,0.0,0,F1,200,,,,,
2026-02-18,2026-02-18,FO,NSE,STO,159606,,SRF,,2026-03-30,2026-03-30,2440.0,CE,SRF26MAR2440CE,0.0,0.0,0.0,645.4,0.0,645.4,2730.4,315.8,0,0,0,0.0,0,F1,200,,,,,
2026-02-18,2026-02-18,FO,NSE,STO,159462,,SRF,,2026-02-24,2026-02-24,2580.0,CE,SRF26FEB2580CE,0.0,0.0,0.0,493.35,0.0,493.35,2730.4,154.8,0,0,0,0.0,0,F1,200,,,,,
2026-02-18,2026-02-18,FO,NSE,STO,159464,,SRF,,2026-02-24,2026-02-24,2620.0,CE,SRF26FEB2620CE,123.3,128.6,115.75,116.8,115.75,319.75,2730.4,116.8,2400,1800,14,7680860.0,9,F1,200,,,,,
2026-02-18,2026-02-18,FO,NSE,STO,159621,,SRF,,2026-03-30,2026-03-30,2720.0,PE,SRF26MAR2720PE,80.8,80.8,80.8,80.8,80.8,69.1,2730.4,86.15,1200,0,2,1120320.0,1,F1,200,,,,,
2026-02-18,2026-02-18,FO,NSE,STO,168227,,SRF,,2026-04-28,2026-04-28,2240.0,PE,SRF26APR2240PE,0.0,0.0,0.0,20.2,0.0,20.2,2730.4,4.9,0,0,0,0.0,0,F1,200,,,,,
2026-02-18,2026-02-18,FO,NSE,STO,159657,,SRF,,2026-03-30,2026-03-30,3440.0,PE,SRF26MAR3440PE,0.0,0.0,0.0,418.25,0.0,418.25,2730.4,689.55,0,0,0,0.0,0,F1,200,,,,,
2026-02-18,2026-02-18,FO,NSE,STO,159649,,SRF,,2026-03-30,2026-03-30,3280.0,PE,SRF26MAR3280PE,0.0,0.0,0.0,301.75,0.0,301.75,2730.4,532.6,0,0,0,0.0,0,F1,200,,,,,
2026-02-18,2026-02-18,FO,NSE,STO,168173,,SRF,,2026-03-30,2026-03-30,3060.0,PE,SRF26MAR3060PE,0.0,0.0,0.0,381.45,0.0,381.45,2730.4,326.55,0,0,0,0.0,0,F1,200,,,,,
2026-02-18,2026-02-18,FO,NSE,STO,159611,,SRF,,2026-03-30,2026-03-30,2520.0,PE,SRF26MAR2520PE,0.0,0.0,0.0,22.7,22.7,22.7,2730.4,22.1,200,0,0,0.0,0,F1,200,,,,,
2026-02-18,2026-02-18,FO,NSE,STO,52104,,SRF,,2026-03-30,2026-03-30,2280.0,PE,SRF26MAR2280PE,0.0,0.0,0.0,2.4,0.0,2.4,2730.4,1.75,0,0,0,0.0,0,F1,200,,,,,
2026-02-18,2026-02-18,FO,NSE,STO,137199,,SRF,,2026-02-24,2026-02-24,3200.0,PE,SRF26FEB3200PE,457.45,473.4,457.45,473.4,473.4,445.95,2730.4,473.4,6000,0,6,4398510.0,2,F1,200,,,,,
2026-02-18,2026-02-18,FO,NSE,STO,159511,,SRF,,2026-02-24,2026-02-24,3180.0,PE,SRF26FEB3180PE,0.0,0.0,0.0,210.7,0.0,210.7,2730.4,446.75,0,0,0,0.0,0,F1,200,,,,,
2026-02-18,2026-02-18,FO,NSE,STO,159503,,SRF,,2026-02-24,2026-02-24,3080.0,PE,SRF26FEB3080PE,0.0,0.0,0.0,152.2,0.0,152.2,2730.4,346.85,0,0,0,0.0,0,F1,200,,,,,
2026-02-18,2026-02-18,FO,NSE,STO,159473,,SRF,,2026-02-24,2026-02-24,2720.0,PE,SRF26FEB2720PE,56.3,56.3,27.1,32.65,33.0,42.35,2730.4,32.65,48400,4000,2149,1186480780.0,1739,F1,200,,,,,
2026-02-18,2026-02-18,FO,NSE,STO,159465,,SRF,,2026-02-24,2026-02-24,2620.0,PE,SRF26FEB2620PE,15.65,20.5,6.8,7.75,7.45,15.5,2730.4,7.75,52200,10400,525,276465480.0,494,F1,200,,,,,
2026-02-18,2026-02-18,FO,NSE,STO,168278,,SRF,,2026-04-28,2026-04-28,3280.0,CE,SRF26APR3280CE,0.0,0.0,0.0,27.75,0.0,27.75,2730.4,11.9,0,0,0,0.0,0,F1,200,,,,,
2026-02-18,2026-02-18,FO,NSE,STO,168260,,SRF,,2026-04-28,2026-04-28,2920.0,CE,SRF26APR2920CE,0.0,0.0,0.0,95.55,0.0,95.55,2730.4,69.45,0,0,0,0.0,0,F1,200,,,,,
2026-02-18,2026-02-18,FO,NSE,STO,159636,,SRF,,2026-03-30,2026-03-30,3040.0,CE,SRF26MAR3040CE,0.0,0.0,0.0,61.7,61.7,61.7,2730.4,17.65,400,0,0,0.0,0,F1,200,,,,,
2026-02-18,2026-02-18,FO,NSE,STO,159634,,SRF,,2026-03-30,2026-03-30,3000.0,CE,SRF26MAR3000CE,24.85,27.3,20.15,21.15,20.75,27.9,2730.4,21.15,52200,14800,302,182587780.0,265,F1,200,,,,,
2026-02-18,2026-02-18,FO,NSE,STO,159510,,SRF,,2026-02-24,2026-02-24,3180.0,CE,SRF26FEB3180CE,0.0,0.0,0.0,98.4,0.0,98.4,2730.4,0.05,0,0,0,0.0,0,F1,200,,,,,
2026-02-18,2026-02-18,FO,NSE,STO,159492,,SRF,,2026-02-24,2026-02-24,2960.0,CE,SRF26FEB2960CE,2.95,3.85,1.7,1.75,1.7,3.6,2730.4,1.75,35000,-16000,318,188414190.0,234,F1,200,,,,,
2026-02-18,2026-02-18,FO,NSE,STO,159486,,SRF,,2026-02-24,2026-02-24,2880.0,CE,SRF26FEB2880CE,9.2,9.2,3.35,3.5,3.35,9.1,2730.4,3.5,37800,-21600,341,196830680.0,294,F1,200,,,,,
2026-02-18,2026-02-18,FO,NSE,STO,159480,,SRF,,2026-02-24,2026-02-24,2820.0,CE,SRF26FEB2820CE,15.0,19.05,7.95,8.4,8.5,20.5,2730.4,8.4,38200,-10400,720,407946670.0,612,F1,200,,,,,
2026-02-18,2026-02-18,FO,NSE,STO,137082,,SRF,,2026-02-24,2026-02-24,2700.0,CE,SRF26FEB2700CE,60.0,73.05,50.0,54.1,54.65,74.75,2730.4,54.1,64600,11800,1142,630845770.0,1019,F1,200,,,,,
2026-02-18,2026-02-18,FO,NSE,STO,159438,,SRF,,2026-02-24,2026-02-24,2280.0,CE,SRF26FEB2280CE,0.0,0.0,0.0,780.05,0.0,780.05,2730.4,452.45,0,0,0,0.0,0,F1,200,,,,,
2026-02-18,2026-02-18,FO,NSE,STO,159653,,SRF,,2026-03-30,2026-03-30,3360.0,PE,SRF26MAR3360PE,0.0,0.0,0.0,600.0,600.0,600.0,2730.4,610.75,200,0,0,0.0,0,F1,200,,,,,
2026-02-18,2026-02-18,FO,NSE,STO,168259,,SRF,,2026-04-28,2026-04-28,2880.0,PE,SRF26APR2880PE,0.0,0.0,0.0,261.75,0.0,261.75,2730.4,201.8,0,0,0,0.0,0,F1,200,,,,,
2026-02-18,2026-02-18,FO,NSE,STO,168277,,SRF,,2026-04-28,2026-04-28,3240.0,PE,SRF26APR3240PE,0.0,0.0,0.0,540.35,0.0,540.35,2730.4,490.9,0,0,0,0.0,0,F1,200,,,,,
2026-02-18,2026-02-18,FO,NSE,STO,159633,,SRF,,2026-03-30,2026-03-30,2960.0,PE,SRF26MAR2960PE,0.0,0.0,0.0,121.0,121.0,121.0,2730.4,241.95,200,0,0,0.0,0,F1,200,,,,,
2026-02-18,2026-02-18,FO,NSE,STO,159627,,SRF,,2026-03-30,2026-03-30,2840.0,PE,SRF26MAR2840PE,0.0,0.0,0.0,140.05,140.05,140.05,2730.4,154.05,2200,0,0,0.0,0,F1,200,,,,,
2026-02-18,2026-02-18,FO,NSE,STO,159605,,SRF,,2026-03-30,2026-03-30,2400.0,PE,SRF26MAR2400PE,0.0,0.0,0.0,18.3,18.3,18.3,2730.4,7.15,200,0,0,0.0,0,F1,200,,,,,
2026-02-18,2026-02-18,FO,NSE,STO,159525,,SRF,,2026-02-24,2026-02-24,3360.0,PE,SRF26FEB3360PE,0.0,0.0,0.0,595.8,595.8,595.8,2730.4,626.55,600,0,0,0.0,0,F1,200,,,,,
2026-02-18,2026-02-18,FO,NSE,STO,159497,,SRF,,2026-02-24,2026-02-24,3020.0,PE,SRF26FEB3020PE,0.0,0.0,0.0,122.15,0.0,122.15,2730.4,286.95,0,0,0,0.0,0,F1,200,,,,,
2026-02-18,2026-02-18,FO,NSE,STO,159495,,SRF,,2026-02-24,2026-02-24,2980.0,PE,SRF26FEB2980PE,0.0,0.0,0.0,136.9,136.9,136.9,2730.4,247.15,9000,0,0,0.0,0,F1,200,,,,,
2026-02-18,2026-02-18,FO,NSE,STO,159463,,SRF,,2026-02-24,2026-02-24,2580.0,PE,SRF26FEB2580PE,12.05,12.05,4.35,4.8,4.95,10.05,2730.4,4.8,7600,400,121,62602800.0,112,F1,200,,,,,
2026-02-18,2026-02-18,FO,NSE,STO,137079,,SRF,,2026-02-24,2026-02-24,2500.0,PE,SRF26FEB2500PE,6.05,6.9,2.15,2.45,2.4,4.95,2730.4,2.45,33400,-8400,635,318029040.0,487,F1,200,,,,,
2026-02-18,2026-02-18,FO,NSE,STO,159439,,SRF,,2026-02-24,2026-02-24,2280.0,PE,SRF26FEB2280PE,0.0,0.0,0.0,0.7,0.0,0.7,2730.4,0.05,0,0,0,0.0,0,F1,200,,,,,
2026-02-18,2026-02-18,FO,NSE,STO,168270,,SRF,,2026-04-28,2026-04-28,3120.0,CE,SRF26APR3120CE,0.0,0.0,0.0,49.45,0.0,49.45,2730.4,27.6,0,0,0,0.0,0,F1,200,,,,,
2026-02-18,2026-02-18,FO,NSE,STO,168256,,SRF,,2026-04-28,2026-04-28,2840.0,CE,SRF26APR2840CE,0.0,0.0,0.0,121.85,0.0,121.85,2730.4,96.25,0,0,0,0.0,0,F1,200,,,,,
2026-02-18,2026-02-18,FO,NSE,STO,168234,,SRF,,2026-04-28,2026-04-28,2400.0,CE,SRF26APR2400CE,0.0,0.0,0.0,367.05,0.0,367.05,2730.4,373.75,0,0,0,0.0,0,F1,200,,,,,
2026-02-18,2026-02-18,FO,NSE,STO,159660,,SRF,,2026-03-30,2026-03-30,3520.0,CE,SRF26MAR3520CE,2.5,2.5,2.5,2.5,2.5,3.0,2730.4,0.3,400,0,1,704500.0,1,F1,200,,,,,
2026-02-18,2026-02-18,FO,NSE,STO,168186,,SRF,,2026-03-30,2026-03-30,3340.0,CE,SRF26MAR3340CE,0.0,0.0,0.0,9.9,9.9,9.9,2730.4,1.6,0,0,0,0.0,0,F1,200,,,,,
2026-02-18,2026-02-18,FO,NSE,STO,159646,,SRF,,2026-03-30,2026-03-30,3240.0,CE,SRF26MAR3240CE,0.0,0.0,0.0,121.6,0.0,121.6,2730.4,3.8,0,0,0,0.0,0,F1,200,,,,,
2026-02-18,2026-02-18,FO,NSE,STO,168174,,SRF,,2026-03-30,2026-03-30,3100.0,CE,SRF26MAR3100CE,13.4,14.4,10.8,11.35,10.8,15.55,2730.4,11.35,9800,2000,57,35485440.0,48,F1,200,,,,,
2026-02-18,2026-02-18,FO,NSE,STO,168160,,SRF,,2026-03-30,2026-03-30,2820.0,CE,SRF26MAR2820CE,0.0,0.0,0.0,80.0,80.0,80.0,2730.4,68.6,400,0,0,0.0,0,F1,200,,,,,
2026-02-18,2026-02-18,FO,NSE,STO,159534,,SRF,,2026-02-24,2026-02-24,3480.0,CE,SRF26FEB3480CE,0.0,0.0,0.0,18.5,18.5,18.5,2730.4,0.05,400,0,0,0.0,0,F1,200,,,,,
2026-02-18,2026-02-18,FO,NSE,STO,159504,,SRF,,2026-02-24,2026-02-24,3120.0,CE,SRF26FEB3120CE,1.35,1.45,0.6,0.95,0.95,1.45,2730.4,0.95,7800,-1000,20,12484000.0,16,F1,200,,,,,
2026-02-18,2026-02-18,FO,NSE,STO,159488,,SRF,,2026-02-24,2026-02-24,2920.0,CE,SRF26FEB2920CE,5.0,5.8,2.3,2.45,2.55,5.65,2730.4,2.45,31200,-800,326,190635210.0,297,F1,200,,,,,
2026-02-18,2026-02-18,FO,NSE,STO,168262,,SRF,,2026-04-28,2026-04-28,2960.0,CE,SRF26APR2960CE,0.0,0.0,0.0,84.25,0.0,84.25,2730.4,58.45,0,0,0,0.0,0,F1,200,,,,,
2026-02-18,2026-02-18,FO,NSE,STO,159467,,SRF,,2026-02-24,2026-02-24,2640.0,PE,SRF26FEB2640PE,24.6,24.95,8.8,10.15,10.15,16.8,2730.4,10.15,50000,-12800,807,428778220.0,688,F1,200,,,,,
2026-02-18,2026-02-18,FO,NSE,STO,137197,,SRF,,2026-02-24,2026-02-24,3100.0,PE,SRF26FEB3100PE,0.0,0.0,0.0,342.85,342.85,342.85,2730.4,366.8,9400,0,0,0.0,0,F1,200,,,,,
2026-02-18,2026-02-18,FO,NSE,STO,137205,,SRF,,2026-02-24,2026-02-24,3400.0,PE,SRF26FEB3400PE,0.0,0.0,0.0,636.25,636.25,636.25,2730.4,666.55,3400,0,0,0.0,0,F1,200,,,,,
2026-02-18,2026-02-18,FO,NSE,STO,168151,,SRF,,2026-03-30,2026-03-30,2620.0,PE,SRF26MAR2620PE,0.0,0.0,0.0,21.05,21.05,21.05,2730.4,46.8,200,0,0,0.0,0,F1,200,,,,,
2026-02-18,2026-02-18,FO,NSE,STO,159537,,SRF,,2026-02-24,2026-02-24,3520.0,PE,SRF26FEB3520PE,0.0,0.0,0.0,778.0,778.0,778.0,2730.4,786.4,200,0,0,0.0,0,F1,200,,,,,
2026-02-18,2026-02-18,FO,NSE,STO,168285,,SRF,,2026-04-28,2026-04-28,3400.0,PE,SRF26APR3400PE,0.0,0.0,0.0,683.25,0.0,683.25,2730.4,640.45,0,0,0,0.0,0,F1,200,,,,,
2026-02-18,2026-02-18,FO,NSE,STO,159641,,SRF,,2026-03-30,2026-03-30,3120.0,PE,SRF26MAR3120PE,0.0,0.0,0.0,203.3,0.0,203.3,2730.4,380.7,0,0,0,0.0,0,F1,200,,,,,
2026-02-18,2026-02-18,FO,NSE,STF,59472,,SRF,,2026-02-24,2026-02-24,,,SRF26FEBFUT,2727.0,2749.0,2705.0,2729.5,2731.3,2742.9,2730.4,2729.5,3499200,-131200,4074,2224412860.0,3725,F1,200,,,,,
2026-02-18,2026-02-18,FO,NSE,STO,159440,,SRF,,2026-02-24,2026-02-24,2320.0,CE,SRF26FEB2320CE,0.0,0.0,0.0,437.95,437.95,437.95,2730.4,412.5,600,0,0,0.0,0,F1,200,,,,,
2026-02-18,2026-02-18,FO,NSE,STO,159444,,SRF,,2026-02-24,2026-02-24,2360.0,CE,SRF26FEB2360CE,0.0,0.0,0.0,403.25,403.25,403.25,2730.4,372.55,200,0,0,0.0,0,F1,200,,,,,
2026-02-18,2026-02-18,FO,NSE,STO,159518,,SRF,,2026-02-24,2026-02-24,3280.0,CE,SRF26FEB3280CE,0.0,0.0,0.0,67.55,0.0,67.55,2730.4,0.05,0,0,0,0.0,0,F1,200,,,,,
2026-02-18,2026-02-18,FO,NSE,STO,159520,,SRF,,2026-02-24,2026-02-24,3320.0,CE,SRF26FEB3320CE,0.0,0.0,0.0,1.5,1.5,1.5,2730.4,0.05,1000,0,0,0.0,0,F1,200,,,,,
2026-02-18,2026-02-18,FO,NSE,STO,52097,,SRF,,2026-03-30,2026-03-30,2280.0,CE,SRF26MAR2280CE,0.0,0.0,0.0,711.35,0.0,711.35,2730.4,465.85,0,0,0,0.0,0,F1,200,,,,,
2026-02-18,2026-02-18,FO,NSE,STO,168162,,SRF,,2026-03-30,2026-03-30,2860.0,CE,SRF26MAR2860CE,54.65,54.65,54.0,54.0,54.0,65.0,2730.4,55.05,1400,400,4,2331460.0,3,F1,200,,,,,
2026-02-18,2026-02-18,FO,NSE,STO,159630,,SRF,,2026-03-30,2026-03-30,2920.0,CE,SRF26MAR2920CE,0.0,0.0,0.0,75.05,75.05,75.05,2730.4,38.7,200,0,0,0.0,0,F1,200,,,,,
2026-02-18,2026-02-18,FO,NSE,STO,38369,,SRF,,2026-02-24,2026-02-24,2340.0,PE,SRF26FEB2340PE,2.5,2.5,1.05,1.15,1.15,2.0,2730.4,0.05,10400,1000,39,18264430.0,21,F1,200,,,,,
2026-02-18,2026-02-18,FO,NSE,STO,159632,,SRF,,2026-03-30,2026-03-30,2960.0,CE,SRF26MAR2960CE,0.0,0.0,0.0,65.15,65.15,65.15,2730.4,30.1,200,0,0,0.0,0,F1,200,,,,,
2026-02-18,2026-02-18,FO,NSE,STO,159642,,SRF,,2026-03-30,2026-03-30,3160.0,CE,SRF26MAR3160CE,0.0,0.0,0.0,30.25,30.25,30.25,2730.4,7.25,800,0,0,0.0,0,F1,200,,,,,
2026-02-18,2026-02-18,FO,NSE,STO,159482,,SRF,,2026-02-24,2026-02-24,2840.0,CE,SRF26FEB2840CE,11.5,15.1,5.7,6.15,5.75,16.0,2730.4,6.15,80800,-30200,1360,774931290.0,1063,F1,200,,,,,
2026-02-18,2026-02-18,FO,NSE,STO,137196,,SRF,,2026-02-24,2026-02-24,3100.0,CE,SRF26FEB3100CE,1.6,1.75,0.85,0.95,0.9,1.6,2730.4,0.95,102800,4800,471,292132150.0,290,F1,200,,,,,
2026-02-18,2026-02-18,FO,NSE,STO,159516,,SRF,,2026-02-24,2026-02-24,3260.0,CE,SRF26FEB3260CE,0.0,0.0,0.0,0.95,0.95,0.95,2730.4,0.05,0,0,0,0.0,0,F1,200,,,,,
2026-02-18,2026-02-18,FO,NSE,STO,159530,,SRF,,2026-02-24,2026-02-24,3440.0,CE,SRF26FEB3440CE,0.0,0.0,0.0,16.85,16.85,16.85,2730.4,0.05,600,0,0,0.0,0,F1,200,,,,,
2026-02-18,2026-02-18,FO,NSE,STO,168146,,SRF,,2026-03-30,2026-03-30,2540.0,CE,SRF26MAR2540CE,0.0,0.0,0.0,236.25,0.0,236.25,2730.4,231.65,0,0,0,0.0,0,F1,200,,,,,
2026-02-18,2026-02-18,FO,NSE,STO,168152,,SRF,,2026-03-30,2026-03-30,2660.0,CE,SRF26MAR2660CE,0.0,0.0,0.0,165.05,0.0,165.05,2730.4,147.05,0,0,0,0.0,0,F1,200,,,,,
2026-02-18,2026-02-18,FO,NSE,STO,168166,,SRF,,2026-03-30,2026-03-30,2940.0,CE,SRF26MAR2940CE,0.0,0.0,0.0,67.2,67.2,67.2,2730.4,34.2,600,0,0,0.0,0,F1,200,,,,,
2026-02-18,2026-02-18,FO,NSE,STO,168176,,SRF,,2026-03-30,2026-03-30,3140.0,CE,SRF26MAR3140CE,0.0,0.0,0.0,24.75,0.0,24.75,2730.4,8.45,0,0,0,0.0,0,F1,200,,,,,
2026-02-18,2026-02-18,FO,NSE,STO,168266,,SRF,,2026-04-28,2026-04-28,3040.0,CE,SRF26APR3040CE,0.0,0.0,0.0,65.05,0.0,65.05,2730.4,40.65,0,0,0,0.0,0,F1,200,,,,,
2026-02-18,2026-02-18,FO,NSE,STO,168268,,SRF,,2026-04-28,2026-04-28,3080.0,CE,SRF26APR3080CE,0.0,0.0,0.0,56.75,0.0,56.75,2730.4,33.6,0,0,0,0.0,0,F1,200,,,,,
2026-02-18,2026-02-18,FO,NSE,STO,168274,,SRF,,2026-04-28,2026-04-28,3200.0,CE,SRF26APR3200CE,0.0,0.0,0.0,37.25,0.0,37.25,2730.4,18.35,0,0,0,0.0,0,F1,200,,,,,
2026-02-18,2026-02-18,FO,NSE,STO,159441,,SRF,,2026-02-24,2026-02-24,2320.0,PE,SRF26FEB2320PE,1.6,1.8,0.85,0.85,0.85,1.75,2730.4,0.85,6600,-800,21,9749160.0,21,F1,200,,,,,
2026-02-18,2026-02-18,FO,NSE,STO,159489,,SRF,,2026-02-24,2026-02-24,2920.0,PE,SRF26FEB2920PE,183.6,195.0,177.05,190.35,189.4,184.25,2730.4,190.35,15600,600,14,8693420.0,14,F1,200,,,,,
2026-02-18,2026-02-18,FO,NSE,STO,159523,,SRF,,2026-02-24,2026-02-24,3340.0,PE,SRF26FEB3340PE,0.0,0.0,0.0,324.1,0.0,324.1,2730.4,606.6,0,0,0,0.0,0,F1,200,,,,,
2026-02-18,2026-02-18,FO,NSE,STO,168147,,SRF,,2026-03-30,2026-03-30,2540.0,PE,SRF26MAR2540PE,0.0,0.0,0.0,35.25,35.25,35.25,2730.4,26.0,600,0,0,0.0,0,F1,200,,,,,
2026-02-18,2026-02-18,FO,NSE,STO,159635,,SRF,,2026-03-30,2026-03-30,3000.0,PE,SRF26MAR3000PE,278.0,279.0,265.0,266.0,266.0,140.0,2730.4,266.0,26800,25600,129,84443700.0,77,F1,200,,,,,
2026-02-18,2026-02-18,FO,NSE,STO,168243,,SRF,,2026-04-28,2026-04-28,2560.0,PE,SRF26APR2560PE,0.0,0.0,0.0,96.05,0.0,96.05,2730.4,51.15,0,0,0,0.0,0,F1,200,,,,,
2026-02-18,2026-02-18,FO,NSE,STO,168263,,SRF,,2026-04-28,2026-04-28,2960.0,PE,SRF26APR2960PE,0.0,0.0,0.0,316.7,0.0,316.7,2730.4,257.45,0,0,0,0.0,0,F1,200,,,,,
2026-02-18,2026-02-18,FO,NSE,STO,168281,,SRF,,2026-04-28,2026-04-28,3320.0,PE,SRF26APR3320PE,0.0,0.0,0.0,610.8,0.0,610.8,2730.4,564.8,0,0,0,0.0,0,F1,200,,,,,
2026-02-18,2026-02-18,FO,NSE,STF,52037,,SRF,,2026-03-30,2026-03-30,,,SRF26MARFUT,2750.8,2764.0,2724.4,2744.0,2744.6,2760.0,2730.4,2744.0,477000,298800,2861,1571616420.0,2551,F1,200,,,,,
2026-02-18,2026-02-18,FO,NSE,STO,136964,,SRF,,2026-02-24,2026-02-24,2400.0,CE,SRF26FEB2400CE,0.0,0.0,0.0,372.6,372.6,372.6,2730.4,332.55,600,0,0,0.0,0,F1,200,,,,,
2026-02-18,2026-02-18,FO,NSE,STO,159458,,SRF,,2026-02-24,2026-02-24,2540.0,CE,SRF26FEB2540CE,0.0,0.0,0.0,530.05,0.0,530.05,2730.4,193.35,0,0,0,0.0,0,F1,200,,,,,
2026-02-18,2026-02-18,FO,NSE,STO,159476,,SRF,,2026-02-24,2026-02-24,2760.0,CE,SRF26FEB2760CE,29.2,39.85,22.0,23.4,23.3,41.95,2730.4,23.4,107600,44800,2775,1548808080.0,2176,F1,200,,,,,
2026-02-18,2026-02-18,FO,NSE,STO,159638,,SRF,,2026-03-30,2026-03-30,3080.0,CE,SRF26MAR3080CE,0.0,0.0,0.0,30.0,30.0,30.0,2730.4,13.25,800,0,0,0.0,0,F1,200,,,,,
2026-02-18,2026-02-18,FO,NSE,STO,168226,,SRF,,2026-04-28,2026-04-28,2240.0,CE,SRF26APR2240CE,0.0,0.0,0.0,496.7,0.0,496.7,2730.4,518.5,0,0,0,0.0,0,F1,200,,,,,
2026-02-18,2026-02-18,FO,NSE,STO,168242,,SRF,,2026-04-28,2026-04-28,2560.0,CE,SRF26APR2560CE,0.0,0.0,0.0,257.45,0.0,257.45,2730.4,248.0,0,0,0,0.0,0,F1,200,,,,,
2026-02-18,2026-02-18,FO,NSE,STO,168250,,SRF,,2026-04-28,2026-04-28,2720.0,CE,SRF26APR2720CE,0.0,0.0,0.0,171.25,0.0,171.25,2730.4,149.85,0,0,0,0.0,0,F1,200,,,,,
2026-02-18,2026-02-18,FO,NSE,STO,168286,,SRF,,2026-04-28,2026-04-28,3440.0,CE,SRF26APR3440CE,0.0,0.0,0.0,14.95,0.0,14.95,2730.4,4.7,0,0,0,0.0,0,F1,200,,,,,
2026-02-18,2026-02-18,FO,NSE,STO,159471,,SRF,,2026-02-24,2026-02-24,2680.0,PE,SRF26FEB2680PE,32.8,37.95,16.0,18.55,17.9,28.3,2730.4,18.55,34800,-1800,1485,803854310.0,1133,F1,200,,,,,
2026-02-18,2026-02-18,FO,NSE,STO,159507,,SRF,,2026-02-24,2026-02-24,3140.0,PE,SRF26FEB3140PE,0.0,0.0,0.0,178.4,178.4,178.4,2730.4,406.75,200,0,0,0.0,0,F1,200,,,,,
2026-02-18,2026-02-18,FO,NSE,STO,159513,,SRF,,2026-02-24,2026-02-24,3220.0,PE,SRF26FEB3220PE,0.0,0.0,0.0,350.1,350.1,350.1,2730.4,486.7,0,0,0,0.0,0,F1,200,,,,,
2026-02-18,2026-02-18,FO,NSE,STO,159601,,SRF,,2026-03-30,2026-03-30,2320.0,PE,SRF26MAR2320PE,0.0,0.0,0.0,4.75,0.0,4.75,2730.4,2.9,0,0,0,0.0,0,F1,200,,,,,
2026-02-18,2026-02-18,FO,NSE,STO,159639,,SRF,,2026-03-30,2026-03-30,3080.0,PE,SRF26MAR3080PE,0.0,0.0,0.0,181.9,0.0,181.9,2730.4,344.35,0,0,0,0.0,0,F1,200,,,,,
2026-02-18,2026-02-18,FO,NSE,STO,159643,,SRF,,2026-03-30,2026-03-30,3160.0,PE,SRF26MAR3160PE,0.0,0.0,0.0,226.05,0.0,226.05,2730.4,417.85,0,0,0,0.0,0,F1,200,,,,,
2026-02-18,2026-02-18,FO,NSE,STO,159645,,SRF,,2026-03-30,2026-03-30,3200.0,PE,SRF26MAR3200PE,442.05,471.0,410.0,445.0,445.0,250.05,2730.4,455.65,1400,1400,13,9464010.0,8,F1,200,,,,,
2026-02-18,2026-02-18,FO,NSE,STO,168187,,SRF,,2026-03-30,2026-03-30,3340.0,PE,SRF26MAR3340PE,0.0,0.0,0.0,632.05,0.0,632.05,2730.4,591.1,0,0,0,0.0,0,F1,200,,,,,
2026-02-18,2026-02-18,FO,NSE,STO,168245,,SRF,,2026-04-28,2026-04-28,2600.0,PE,SRF26APR2600PE,0.0,0.0,0.0,111.65,0.0,111.65,2730.4,63.35,0,0,0,0.0,0,F1,200,,,,,
2026-02-18,2026-02-18,FO,NSE,STO,168257,,SRF,,2026-04-28,2026-04-28,2840.0,PE,SRF26APR2840PE,0.0,0.0,0.0,236.15,0.0,236.15,2730.4,176.45,0,0,0,0.0,0,F1,200,,,,,
2026-02-18,2026-02-18,FO,NSE,STO,168265,,SRF,,2026-04-28,2026-04-28,3000.0,PE,SRF26APR3000PE,0.0,0.0,0.0,346.0,0.0,346.0,2730.4,287.45,0,0,0,0.0,0,F1,200,,,,,
2026-02-18,2026-02-18,FO,NSE,STO,168269,,SRF,,2026-04-28,2026-04-28,3080.0,PE,SRF26APR3080PE,0.0,0.0,0.0,407.4,0.0,407.4,2730.4,351.35,0,0,0,0.0,0,F1,200,,,,,
2026-02-18,2026-02-18,FO,NSE,STO,168273,,SRF,,2026-04-28,2026-04-28,3160.0,PE,SRF26APR3160PE,0.0,0.0,0.0,472.4,0.0,472.4,2730.4,419.5,0,0,0,0.0,0,F1,200,,,,,
2026-02-18,2026-02-18,FO,NSE,STO,168275,,SRF,,2026-04-28,2026-04-28,3200.0,PE,SRF26APR3200PE,0.0,0.0,0.0,506.05,0.0,506.05,2730.4,454.85,0,0,0,0.0,0,F1,200,,,,,
2026-02-18,2026-02-18,FO,NSE,STO,168188,,SRF,,2026-03-30,2026-03-30,3380.0,CE,SRF26MAR3380CE,0.0,0.0,0.0,7.45,0.0,7.45,2730.4,1.1,0,0,0,0.0,0,F1,200,,,,,
2026-02-18,2026-02-18,FO,NSE,STO,159498,,SRF,,2026-02-24,2026-02-24,3040.0,CE,SRF26FEB3040CE,2.2,2.2,1.2,1.3,1.25,2.2,2730.4,1.3,11800,-7400,146,88813880.0,61,F1,200,,,,,
2026-02-18,2026-02-18,FO,NSE,STO,159602,,SRF,,2026-03-30,2026-03-30,2360.0,CE,SRF26MAR2360CE,0.0,0.0,0.0,719.65,0.0,719.65,2730.4,389.2,0,0,0,0.0,0,F1,200,,,,,
2026-02-18,2026-02-18,FO,NSE,STO,159624,,SRF,,2026-03-30,2026-03-30,2800.0,CE,SRF26MAR2800CE,77.0,83.0,66.5,67.35,67.0,85.15,2730.4,67.35,42800,27600,478,274810910.0,334,F1,200,,,,,
2026-02-18,2026-02-18,FO,NSE,STO,159493,,SRF,,2026-02-24,2026-02-24,2960.0,PE,SRF26FEB2960PE,0.0,0.0,0.0,142.8,142.8,142.8,2730.4,227.35,7800,0,0,0.0,0,F1,200,,,,,
2026-02-18,2026-02-18,FO,NSE,STO,159515,,SRF,,2026-02-24,2026-02-24,3240.0,PE,SRF26FEB3240PE,0.0,0.0,0.0,448.25,448.25,448.25,2730.4,506.65,600,0,0,0.0,0,F1,200,,,,,
2026-02-18,2026-02-18,FO,NSE,STO,137203,,SRF,,2026-02-24,2026-02-24,3300.0,PE,SRF26FEB3300PE,556.9,556.9,556.9,556.9,556.9,360.0,2730.4,566.6,5200,0,3,2314140.0,1,F1,200,,,,,
2026-02-18,2026-02-18,FO,NSE,STO,168149,,SRF,,2026-03-30,2026-03-30,2580.0,PE,SRF26MAR2580PE,0.0,0.0,0.0,17.2,17.2,17.2,2730.4,35.3,800,0,0,0.0,0,F1,200,,,,,
2026-02-18,2026-02-18,FO,NSE,STO,168159,,SRF,,2026-03-30,2026-03-30,2780.0,PE,SRF26MAR2780PE,0.0,0.0,0.0,91.9,91.9,91.9,2730.4,117.35,200,0,0,0.0,0,F1,200,,,,,
2026-02-18,2026-02-18,FO,NSE,STO,159629,,SRF,,2026-03-30,2026-03-30,2880.0,PE,SRF26MAR2880PE,0.0,0.0,0.0,101.0,101.0,101.0,2730.4,181.35,1200,0,0,0.0,0,F1,200,,,,,
2026-02-18,2026-02-18,FO,NSE,STO,168175,,SRF,,2026-03-30,2026-03-30,3100.0,PE,SRF26MAR3100PE,0.0,0.0,0.0,232.0,232.0,232.0,2730.4,362.4,400,0,0,0.0,0,F1,200,,,,,
2026-02-18,2026-02-18,FO,NSE,STO,168183,,SRF,,2026-03-30,2026-03-30,3260.0,PE,SRF26MAR3260PE,0.0,0.0,0.0,557.55,0.0,557.55,2730.4,513.2,0,0,0,0.0,0,F1,200,,,,,
2026-02-18,2026-02-18,FO,NSE,STO,168253,,SRF,,2026-04-28,2026-04-28,2760.0,PE,SRF26APR2760PE,0.0,0.0,0.0,188.9,0.0,188.9,2730.4,131.15,0,0,0,0.0,0,F1,200,,,,,
2026-02-18,2026-02-18,FO,NSE,STO,159604,,SRF,,2026-03-30,2026-03-30,2400.0,CE,SRF26MAR2400CE,0.0,0.0,0.0,682.25,0.0,682.25,2730.4,352.0,0,0,0,0.0,0,F1,200,,,,,
2026-02-18,2026-02-18,FO,NSE,STO,159450,,SRF,,2026-02-24,2026-02-24,2440.0,CE,SRF26FEB2440CE,0.0,0.0,0.0,560.65,560.65,560.65,2730.4,292.6,600,0,0,0.0,0,F1,200,,,,,
2026-02-18,2026-02-18,FO,NSE,STO,159454,,SRF,,2026-02-24,2026-02-24,2480.0,CE,SRF26FEB2480CE,0.0,0.0,0.0,586.25,0.0,586.25,2730.4,252.75,0,0,0,0.0,0,F1,200,,,,,
2026-02-18,2026-02-18,FO,NSE,STO,159456,,SRF,,2026-02-24,2026-02-24,2520.0,CE,SRF26FEB2520CE,0.0,0.0,0.0,473.2,473.2,473.2,2730.4,213.0,600,0,0,0.0,0,F1,200,,,,,
2026-02-18,2026-02-18,FO,NSE,STO,159466,,SRF,,2026-02-24,2026-02-24,2640.0,CE,SRF26FEB2640CE,0.0,0.0,0.0,151.3,151.3,151.3,2730.4,101.05,200,0,0,0.0,0,F1,200,,,,,
2026-02-18,2026-02-18,FO,NSE,STO,159508,,SRF,,2026-02-24,2026-02-24,3160.0,CE,SRF26FEB3160CE,1.25,1.25,0.75,0.85,0.85,1.05,2730.4,0.85,6400,-800,16,10114960.0,7,F1,200,,,,,
2026-02-18,2026-02-18,FO,NSE,STO,159514,,SRF,,2026-02-24,2026-02-24,3240.0,CE,SRF26FEB3240CE,0.0,0.0,0.0,1.2,1.2,1.2,2730.4,0.05,15400,0,0,0.0,0,F1,200,,,,,
2026-02-18,2026-02-18,FO,NSE,STO,159524,,SRF,,2026-02-24,2026-02-24,3360.0,CE,SRF26FEB3360CE,0.0,0.0,0.0,0.8,0.8,0.8,2730.4,0.05,4000,0,0,0.0,0,F1,200,,,,,
2026-02-18,2026-02-18,FO,NSE,STO,168148,,SRF,,2026-03-30,2026-03-30,2580.0,CE,SRF26MAR2580CE,0.0,0.0,0.0,210.7,0.0,210.7,2730.4,201.2,0,0,0,0.0,0,F1,200,,,,,
2026-02-18,2026-02-18,FO,NSE,STO,159616,,SRF,,2026-03-30,2026-03-30,2640.0,CE,SRF26MAR2640CE,0.0,0.0,0.0,471.45,0.0,471.45,2730.4,159.7,0,0,0,0.0,0,F1,200,,,,,
2026-02-18,2026-02-18,FO,NSE,STO,159626,,SRF,,2026-03-30,2026-03-30,2840.0,CE,SRF26MAR2840CE,57.5,57.5,53.65,53.85,53.65,67.2,2730.4,53.85,3600,400,5,2895290.0,5,F1,200,,,,,
2026-02-18,2026-02-18,FO,NSE,STO,168172,,SRF,,2026-03-30,2026-03-30,3060.0,CE,SRF26MAR3060CE,0.0,0.0,0.0,35.65,0.0,35.65,2730.4,15.3,0,0,0,0.0,0,F1,200,,,,,
2026-02-18,2026-02-18,FO,NSE,STO,168178,,SRF,,2026-03-30,2026-03-30,3180.0,CE,SRF26MAR3180CE,0.0,0.0,0.0,20.5,0.0,20.5,2730.4,6.2,0,0,0,0.0,0,F1,200,,,,,
2026-02-18,2026-02-18,FO,NSE,STO,168180,,SRF,,2026-03-30,2026-03-30,3220.0,CE,SRF26MAR3220CE,0.0,0.0,0.0,14.45,14.45,14.45,2730.4,4.5,800,0,0,0.0,0,F1,200,,,,,
2026-02-18,2026-02-18,FO,NSE,STO,168182,,SRF,,2026-03-30,2026-03-30,3260.0,CE,SRF26MAR3260CE,0.0,0.0,0.0,13.85,0.0,13.85,2730.4,3.2,0,0,0,0.0,0,F1,200,,,,,
2026-02-18,2026-02-18,FO,NSE,STO,159648,,SRF,,2026-03-30,2026-03-30,3280.0,CE,SRF26MAR3280CE,0.0,0.0,0.0,108.6,0.0,108.6,2730.4,2.7,0,0,0,0.0,0,F1,200,,,,,
2026-02-18,2026-02-18,FO,NSE,STO,168184,,SRF,,2026-03-30,2026-03-30,3300.0,CE,SRF26MAR3300CE,0.0,0.0,0.0,11.3,0.0,11.3,2730.4,2.25,0,0,0,0.0,0,F1,200,,,,,
2026-02-18,2026-02-18,FO,NSE,STO,168230,,SRF,,2026-04-28,2026-04-28,2320.0,CE,SRF26APR2320CE,0.0,0.0,0.0,429.65,0.0,429.65,2730.4,444.35,0,0,0,0.0,0,F1,200,,,,,
2026-02-18,2026-02-18,FO,NSE,STO,168280,,SRF,,2026-04-28,2026-04-28,3320.0,CE,SRF26APR3320CE,0.0,0.0,0.0,23.85,0.0,23.85,2730.4,9.5,0,0,0,0.0,0,F1,200,,,,,
2026-02-18,2026-02-18,FO,NSE,STO,159483,,SRF,,2026-02-24,2026-02-24,2840.0,PE,SRF26FEB2840PE,131.65,131.65,103.6,115.6,118.35,109.15,2730.4,115.6,54000,-3600,58,34282530.0,58,F1,200,,,,,
2026-02-18,2026-02-18,FO,NSE,STO,159485,,SRF,,2026-02-24,2026-02-24,2860.0,PE,SRF26FEB2860PE,148.1,148.65,121.95,136.25,136.15,123.75,2730.4,136.25,13000,0,20,11991960.0,20,F1,200,,,,,
2026-02-18,2026-02-18,FO,NSE,STO,159451,,SRF,,2026-02-24,2026-02-24,2440.0,PE,SRF26FEB2440PE,2.0,2.7,1.4,1.45,1.45,3.55,2730.4,1.45,7200,-600,20,9767590.0,20,F1,200,,,,,
2026-02-18,2026-02-18,FO,NSE,STO,159469,,SRF,,2026-02-24,2026-02-24,2660.0,PE,SRF26FEB2660PE,27.95,30.85,11.85,13.75,13.5,21.05,2730.4,13.75,38600,-25600,1313,703804180.0,1070,F1,200,,,,,
2026-02-18,2026-02-18,FO,NSE,STO,137179,,SRF,,2026-02-24,2026-02-24,2700.0,PE,SRF26FEB2700PE,45.65,49.4,21.15,24.7,24.05,33.9,2730.4,24.7,128600,-5000,6259,3422257190.0,4899,F1,200,,,,,
2026-02-18,2026-02-18,FO,NSE,STO,159477,,SRF,,2026-02-24,2026-02-24,2760.0,PE,SRF26FEB2760PE,77.5,78.6,46.9,52.65,54.5,58.05,2730.4,52.65,30200,-26000,655,369538660.0,556,F1,200,,,,,
2026-02-18,2026-02-18,FO,NSE,STO,159479,,SRF,,2026-02-24,2026-02-24,2780.0,PE,SRF26FEB2780PE,75.0,89.65,58.75,65.4,70.2,68.9,2730.4,65.4,20400,-9000,275,156838750.0,236,F1,200,,,,,
2026-02-18,2026-02-18,FO,NSE,STO,159501,,SRF,,2026-02-24,2026-02-24,3060.0,PE,SRF26FEB3060PE,0.0,0.0,0.0,191.8,191.8,191.8,2730.4,326.85,20000,0,0,0.0,0,F1,200,,,,,
2026-02-18,2026-02-18,FO,NSE,STO,168163,,SRF,,2026-03-30,2026-03-30,2860.0,PE,SRF26MAR2860PE,0.0,0.0,0.0,140.0,140.0,140.0,2730.4,167.45,2000,0,0,0.0,0,F1,200,,,,,
2026-02-18,2026-02-18,FO,NSE,STO,159631,,SRF,,2026-03-30,2026-03-30,2920.0,PE,SRF26MAR2920PE,0.0,0.0,0.0,155.5,155.5,155.5,2730.4,210.75,0,0,0,0.0,0,F1,200,,,,,
2026-02-18,2026-02-18,FO,NSE,STO,168167,,SRF,,2026-03-30,2026-03-30,2940.0,PE,SRF26MAR2940PE,0.0,0.0,0.0,286.65,0.0,286.65,2730.4,226.1,0,0,0,0.0,0,F1,200,,,,,
2026-02-18,2026-02-18,FO,NSE,STO,159637,,SRF,,2026-03-30,2026-03-30,3040.0,PE,SRF26MAR3040PE,0.0,0.0,0.0,161.8,0.0,161.8,2730.4,308.95,0,0,0,0.0,0,F1,200,,,,,
2026-02-18,2026-02-18,FO,NSE,STO,168177,,SRF,,2026-03-30,2026-03-30,3140.0,PE,SRF26MAR3140PE,0.0,0.0,0.0,449.7,0.0,449.7,2730.4,399.2,0,0,0,0.0,0,F1,200,,,,,
2026-02-18,2026-02-18,FO,NSE,STO,159647,,SRF,,2026-03-30,2026-03-30,3240.0,PE,SRF26MAR3240PE,0.0,0.0,0.0,275.3,0.0,275.3,2730.4,493.9,0,0,0,0.0,0,F1,200,,,,,
2026-02-18,2026-02-18,FO,NSE,STO,168185,,SRF,,2026-03-30,2026-03-30,3300.0,PE,SRF26MAR3300PE,0.0,0.0,0.0,594.55,0.0,594.55,2730.4,552.05,0,0,0,0.0,0,F1,200,,,,,
2026-02-18,2026-02-18,FO,NSE,STO,159655,,SRF,,2026-03-30,2026-03-30,3400.0,PE,SRF26MAR3400PE,0.0,0.0,0.0,387.65,0.0,387.65,2730.4,650.1,0,0,0,0.0,0,F1,200,,,,,
2026-02-18,2026-02-18,FO,NSE,STO,168249,,SRF,,2026-04-28,2026-04-28,2680.0,PE,SRF26APR2680PE,0.0,0.0,0.0,147.35,0.0,147.35,2730.4,93.4,0,0,0,0.0,0,F1,200,,,,,
2026-02-18,2026-02-18,FO,NSE,STO,168251,,SRF,,2026-04-28,2026-04-28,2720.0,PE,SRF26APR2720PE,0.0,0.0,0.0,167.4,0.0,167.4,2730.4,111.3,0,0,0,0.0,0,F1,200,,,,,
2026-02-18,2026-02-18,FO,NSE,STO,168170,,SRF,,2026-03-30,2026-03-30,3020.0,CE,SRF26MAR3020CE,0.0,0.0,0.0,42.5,0.0,42.5,2730.4,20.25,0,0,0,0.0,0,F1,200,,,,,
2026-02-18,2026-02-18,FO,NSE,STF,67015,,SRF,,2026-04-28,2026-04-28,,,SRF26APRFUT,2773.2,2777.7,2744.0,2760.0,2766.0,2773.2,2730.4,2760.0,17800,2000,32,17675180.0,32,F1,200,,,,,
2026-02-18,2026-02-18,FO,NSE,STO,159472,,SRF,,2026-02-24,2026-02-24,2720.0,CE,SRF26FEB2720CE,50.0,60.4,39.15,42.05,42.5,61.8,2730.4,42.05,25200,11200,997,552219760.0,884,F1,200,,,,,
2026-02-18,2026-02-18,FO,NSE,STO,159522,,SRF,,2026-02-24,2026-02-24,3340.0,CE,SRF26FEB3340CE,0.0,0.0,0.0,2.4,2.4,2.4,2730.4,0.05,2000,0,0,0.0,0,F1,200,,,,,
2026-02-18,2026-02-18,FO,NSE,STO,159612,,SRF,,2026-03-30,2026-03-30,2560.0,CE,SRF26MAR2560CE,0.0,0.0,0.0,538.65,0.0,538.65,2730.4,216.2,0,0,0,0.0,0,F1,200,,,,,
2026-02-18,2026-02-18,FO,NSE,STO,159620,,SRF,,2026-03-30,2026-03-30,2720.0,CE,SRF26MAR2720CE,127.75,127.75,106.0,107.05,106.65,408.3,2730.4,107.05,4600,4600,48,27191800.0,44,F1,200,,,,,
2026-02-18,2026-02-18,FO,NSE,STO,168158,,SRF,,2026-03-30,2026-03-30,2780.0,CE,SRF26MAR2780CE,90.0,90.0,80.0,80.0,80.0,130.45,2730.4,84.45,800,600,6,3438840.0,6,F1,200,,,,,
2026-02-18,2026-02-18,FO,NSE,STO,159628,,SRF,,2026-03-30,2026-03-30,2880.0,CE,SRF26MAR2880CE,0.0,0.0,0.0,185.0,185.0,185.0,2730.4,49.1,0,0,0,0.0,0,F1,200,,,,,
2026-02-18,2026-02-18,FO,NSE,STO,168168,,SRF,,2026-03-30,2026-03-30,2980.0,CE,SRF26MAR2980CE,0.0,0.0,0.0,161.1,161.1,161.1,2730.4,26.45,400,0,0,0.0,0,F1,200,,,,,
2026-02-18,2026-02-18,FO,NSE,STO,168272,,SRF,,2026-04-28,2026-04-28,3160.0,CE,SRF26APR3160CE,0.0,0.0,0.0,43.0,0.0,43.0,2730.4,22.55,0,0,0,0.0,0,F1,200,,,,,
2026-02-18,2026-02-18,FO,NSE,STO,168248,,SRF,,2026-04-28,2026-04-28,2680.0,CE,SRF26APR2680CE,0.0,0.0,0.0,190.55,0.0,190.55,2730.4,171.55,0,0,0,0.0,0,F1,200,,,,,
2026-02-18,2026-02-18,FO,NSE,STO,159652,,SRF,,2026-03-30,2026-03-30,3360.0,CE,SRF26MAR3360CE,0.0,0.0,0.0,85.95,0.0,85.95,2730.4,1.3,0,0,0,0.0,0,F1,200,,,,,
2026-02-18,2026-02-18,FO,NSE,STO,159650,,SRF,,2026-03-30,2026-03-30,3320.0,CE,SRF26MAR3320CE,0.0,0.0,0.0,9.45,9.45,9.45,2730.4,1.9,2600,0,0,0.0,0,F1,200,,,,,
2026-02-18,2026-02-18,FO,NSE,STO,173100,,ZYDUSLIFE,,2026-03-30,2026-03-30,870.0,CE,ZYDUSLIFE26MAR870CE,0.0,0.0,0.0,57.35,0.0,57.35,910.05,55.4,0,0,0,0.0,0,F1,900,,,,,
2026-02-18,2026-02-18,FO,NSE,STO,173098,,ZYDUSLIFE,,2026-03-30,2026-03-30,850.0,CE,ZYDUSLIFE26MAR850CE,0.0,0.0,0.0,70.15,0.0,70.15,910.05,71.0,0,0,0,0.0,0,F1,900,,,,,
2026-02-18,2026-02-18,FO,NSE,STO,173096,,ZYDUSLIFE,,2026-03-30,2026-03-30,830.0,CE,ZYDUSLIFE26MAR830CE,0.0,0.0,0.0,84.5,0.0,84.5,910.05,88.1,0,0,0,0.0,0,F1,900,,,,,
2026-02-18,2026-02-18,FO,NSE,STO,166516,,ZYDUSLIFE,,2026-03-30,2026-03-30,760.0,CE,ZYDUSLIFE26MAR760CE,0.0,0.0,0.0,157.2,0.0,157.2,910.05,154.75,0,0,0,0.0,0,F1,900,,,,,
2026-02-18,2026-02-18,FO,NSE,STO,166472,,ZYDUSLIFE,,2026-02-24,2026-02-24,970.0,CE,ZYDUSLIFE26FEB970CE,1.2,1.25,0.6,0.75,0.7,1.25,910.05,0.75,426600,0,202,176493420.0,171,F1,900,,,,,
2026-02-18,2026-02-18,FO,NSE,STO,173158,,ZYDUSLIFE,,2026-04-28,2026-04-28,780.0,CE,ZYDUSLIFE26APR780CE,0.0,0.0,0.0,132.7,0.0,132.7,910.05,139.85,0,0,0,0.0,0,F1,900,,,,,
2026-02-18,2026-02-18,FO,NSE,STO,173112,,ZYDUSLIFE,,2026-03-30,2026-03-30,990.0,CE,ZYDUSLIFE26MAR990CE,0.0,0.0,0.0,1.3,1.3,1.3,910.05,5.7,1800,0,0,0.0,0,F1,900,,,,,
2026-02-18,2026-02-18,FO,NSE,STO,173106,,ZYDUSLIFE,,2026-03-30,2026-03-30,930.0,CE,ZYDUSLIFE26MAR930CE,17.0,17.9,16.2,17.9,17.9,22.35,910.05,21.25,4500,0,8,6819840.0,5,F1,900,,,,,
2026-02-18,2026-02-18,FO,NSE,STO,166528,,ZYDUSLIFE,,2026-03-30,2026-03-30,880.0,CE,ZYDUSLIFE26MAR880CE,0.0,0.0,0.0,67.3,0.0,67.3,910.05,48.35,0,0,0,0.0,0,F1,900,,,,,
2026-02-18,2026-02-18,FO,NSE,STO,166478,,ZYDUSLIFE,,2026-02-24,2026-02-24,1030.0,CE,ZYDUSLIFE26FEB1030CE,0.0,0.0,0.0,0.65,0.65,0.65,910.05,0.05,19800,0,0,0.0,0,F1,900,,,,,
2026-02-18,2026-02-18,FO,NSE,STO,154919,,ZYDUSLIFE,,2026-02-24,2026-02-24,1020.0,CE,ZYDUSLIFE26FEB1020CE,0.5,0.55,0.25,0.3,0.3,0.6,910.05,0.3,136800,-51300,131,120298680.0,63,F1,900,,,,,
2026-02-18,2026-02-18,FO,NSE,STO,173185,,ZYDUSLIFE,,2026-04-28,2026-04-28,1040.0,PE,ZYDUSLIFE26APR1040PE,0.0,0.0,0.0,141.3,0.0,141.3,910.05,124.3,0,0,0,0.0,0,F1,900,,,,,
2026-02-18,2026-02-18,FO,NSE,STO,166454,,ZYDUSLIFE,,2026-02-24,2026-02-24,790.0,CE,ZYDUSLIFE26FEB790CE,0.0,0.0,0.0,122.8,0.0,122.8,910.05,120.75,0,0,0,0.0,0,F1,900,,,,,
2026-02-18,2026-02-18,FO,NSE,STO,166460,,ZYDUSLIFE,,2026-02-24,2026-02-24,850.0,CE,ZYDUSLIFE26FEB850CE,59.2,62.2,59.2,62.2,62.2,61.1,910.05,62.2,7200,-3600,7,5736870.0,4,F1,900,,,,,
2026-02-18,2026-02-18,FO,NSE,STO,166518,,ZYDUSLIFE,,2026-03-30,2026-03-30,780.0,CE,ZYDUSLIFE26MAR780CE,0.0,0.0,0.0,139.8,0.0,139.8,910.05,135.15,0,0,0,0.0,0,F1,900,,,,,
2026-02-18,2026-02-18,FO,NSE,STO,166530,,ZYDUSLIFE,,2026-03-30,2026-03-30,900.0,CE,ZYDUSLIFE26MAR900CE,33.3,33.35,28.45,30.85,30.85,33.05,910.05,35.8,91800,-2700,72,60353595.0,37,F1,900,,,,,
2026-02-18,2026-02-18,FO,NSE,STO,166540,,ZYDUSLIFE,,2026-03-30,2026-03-30,1000.0,CE,ZYDUSLIFE26MAR1000CE,4.55,5.1,3.8,4.25,4.15,5.3,910.05,4.25,160200,18900,86,77728590.0,72,F1,900,,,,,
2026-02-18,2026-02-18,FO,NSE,STO,173162,,ZYDUSLIFE,,2026-04-28,2026-04-28,820.0,CE,ZYDUSLIFE26APR820CE,0.0,0.0,0.0,101.0,0.0,101.0,910.05,103.9,0,0,0,0.0,0,F1,900,,,,,
2026-02-18,2026-02-18,FO,NSE,STO,173182,,ZYDUSLIFE,,2026-04-28,2026-04-28,1020.0,CE,ZYDUSLIFE26APR1020CE,0.0,0.0,0.0,13.65,0.0,13.65,910.05,7.45,0,0,0,0.0,0,F1,900,,,,,
2026-02-18,2026-02-18,FO,NSE,STO,173108,,ZYDUSLIFE,,2026-03-30,2026-03-30,950.0,CE,ZYDUSLIFE26MAR950CE,13.55,13.8,10.75,12.1,12.2,13.5,910.05,12.1,164700,6300,104,90015300.0,86,F1,900,,,,,
2026-02-18,2026-02-18,FO,NSE,STO,166526,,ZYDUSLIFE,,2026-03-30,2026-03-30,860.0,CE,ZYDUSLIFE26MAR860CE,0.0,0.0,0.0,79.45,0.0,79.45,910.05,63.0,0,0,0,0.0,0,F1,900,,,,,
2026-02-18,2026-02-18,FO,NSE,STO,154904,,ZYDUSLIFE,,2026-02-24,2026-02-24,860.0,PE,ZYDUSLIFE26FEB860PE,0.85,1.2,0.5,0.55,0.55,1.05,910.05,0.55,108000,-27000,249,192916260.0,167,F1,900,,,,,
2026-02-18,2026-02-18,FO,NSE,STO,166469,,ZYDUSLIFE,,2026-02-24,2026-02-24,930.0,PE,ZYDUSLIFE26FEB930PE,27.5,27.9,20.55,21.75,20.55,25.5,910.05,21.75,180000,-58500,166,142545105.0,144,F1,900,,,,,
2026-02-18,2026-02-18,FO,NSE,STO,154912,,ZYDUSLIFE,,2026-02-24,2026-02-24,940.0,PE,ZYDUSLIFE26FEB940PE,34.0,34.0,29.9,30.2,30.15,35.05,910.05,30.2,53100,-1800,10,8737560.0,10,F1,900,,,,,
2026-02-18,2026-02-18,FO,NSE,STO,166517,,ZYDUSLIFE,,2026-03-30,2026-03-30,760.0,PE,ZYDUSLIFE26MAR760PE,0.0,0.0,0.0,4.5,0.0,4.5,910.05,0.15,0,0,0,0.0,0,F1,900,,,,,
2026-02-18,2026-02-18,FO,NSE,STO,173093,,ZYDUSLIFE,,2026-03-30,2026-03-30,790.0,PE,ZYDUSLIFE26MAR790PE,0.0,0.0,0.0,5.3,0.0,5.3,910.05,0.65,0,0,0,0.0,0,F1,900,,,,,
2026-02-18,2026-02-18,FO,NSE,STO,166523,,ZYDUSLIFE,,2026-03-30,2026-03-30,820.0,PE,ZYDUSLIFE26MAR820PE,0.0,0.0,0.0,3.0,3.0,3.0,910.05,2.15,1800,0,0,0.0,0,F1,900,,,,,
2026-02-18,2026-02-18,FO,NSE,STO,166527,,ZYDUSLIFE,,2026-03-30,2026-03-30,860.0,PE,ZYDUSLIFE26MAR860PE,0.0,0.0,0.0,11.05,11.05,11.05,910.05,7.75,9000,0,0,0.0,0,F1,900,,,,,
2026-02-18,2026-02-18,FO,NSE,STO,173161,,ZYDUSLIFE,,2026-04-28,2026-04-28,800.0,PE,ZYDUSLIFE26APR800PE,0.0,0.0,0.0,9.0,9.0,9.0,910.05,3.15,900,0,0,0.0,0,F1,900,,,,,
2026-02-18,2026-02-18,FO,NSE,STO,154916,,ZYDUSLIFE,,2026-02-24,2026-02-24,980.0,PE,ZYDUSLIFE26FEB980PE,75.5,75.5,70.4,70.4,70.4,72.5,910.05,69.1,19800,-1800,2,1895310.0,2,F1,900,,,,,
2026-02-18,2026-02-18,FO,NSE,STO,154893,,ZYDUSLIFE,,2026-02-24,2026-02-24,760.0,CE,ZYDUSLIFE26FEB760CE,0.0,0.0,0.0,183.5,0.0,183.5,910.05,150.75,0,0,0,0.0,0,F1,900,,,,,
2026-02-18,2026-02-18,FO,NSE,STO,166456,,ZYDUSLIFE,,2026-02-24,2026-02-24,810.0,CE,ZYDUSLIFE26FEB810CE,0.0,0.0,0.0,105.5,0.0,105.5,910.05,100.8,0,0,0,0.0,0,F1,900,,,,,
2026-02-18,2026-02-18,FO,NSE,STO,166464,,ZYDUSLIFE,,2026-02-24,2026-02-24,890.0,CE,ZYDUSLIFE26FEB890CE,23.0,24.05,16.75,23.55,23.8,22.75,910.05,23.55,106200,-7200,60,49192650.0,60,F1,900,,,,,
2026-02-18,2026-02-18,FO,NSE,STO,166531,,ZYDUSLIFE,,2026-03-30,2026-03-30,900.0,PE,ZYDUSLIFE26MAR900PE,18.65,21.0,16.5,16.65,16.5,19.6,910.05,16.65,92700,18900,44,36375660.0,42,F1,900,,,,,
2026-02-18,2026-02-18,FO,NSE,STO,173107,,ZYDUSLIFE,,2026-03-30,2026-03-30,930.0,PE,ZYDUSLIFE26MAR930PE,0.0,0.0,0.0,55.2,0.0,55.2,910.05,35.65,0,0,0,0.0,0,F1,900,,,,,
2026-02-18,2026-02-18,FO,NSE,STO,173181,,ZYDUSLIFE,,2026-04-28,2026-04-28,1000.0,PE,ZYDUSLIFE26APR1000PE,0.0,0.0,0.0,108.85,0.0,108.85,910.05,90.25,0,0,0,0.0,0,F1,900,,,,,
2026-02-18,2026-02-18,FO,NSE,STO,154911,,ZYDUSLIFE,,2026-02-24,2026-02-24,940.0,CE,ZYDUSLIFE26FEB940CE,3.0,3.1,1.55,2.0,2.1,3.0,910.05,2.0,537300,6300,494,418805145.0,333,F1,900,,,,,
2026-02-18,2026-02-18,FO,NSE,STO,154905,,ZYDUSLIFE,,2026-02-24,2026-02-24,880.0,CE,ZYDUSLIFE26FEB880CE,33.05,33.05,25.1,31.05,31.1,31.35,910.05,31.05,57600,-5400,37,30277170.0,36,F1,900,,,,,
2026-02-18,2026-02-18,FO,NSE,STO,173179,,ZYDUSLIFE,,2026-04-28,2026-04-28,980.0,PE,ZYDUSLIFE26APR980PE,0.0,0.0,0.0,93.8,0.0,93.8,910.05,74.75,0,0,0,0.0,0,F1,900,,,,,
2026-02-18,2026-02-18,FO,NSE,STO,173177,,ZYDUSLIFE,,2026-04-28,2026-04-28,960.0,PE,ZYDUSLIFE26APR960PE,0.0,0.0,0.0,79.75,0.0,79.75,910.05,60.5,0,0,0,0.0,0,F1,900,,,,,
2026-02-18,2026-02-18,FO,NSE,STO,173097,,ZYDUSLIFE,,2026-03-30,2026-03-30,830.0,PE,ZYDUSLIFE26MAR830PE,0.0,0.0,0.0,6.4,6.4,6.4,910.05,3.1,2700,0,0,0.0,0,F1,900,,,,,
2026-02-18,2026-02-18,FO,NSE,STO,166515,,ZYDUSLIFE,,2026-03-30,2026-03-30,740.0,PE,ZYDUSLIFE26MAR740PE,0.75,0.75,0.6,0.6,0.6,1.15,910.05,0.05,900,-6300,9,5999805.0,7,F1,900,,,,,
2026-02-18,2026-02-18,FO,NSE,STO,154920,,ZYDUSLIFE,,2026-02-24,2026-02-24,1020.0,PE,ZYDUSLIFE26FEB1020PE,0.0,0.0,0.0,126.0,126.0,126.0,910.05,109.05,44100,0,0,0.0,0,F1,900,,,,,
2026-02-18,2026-02-18,FO,NSE,STO,154918,,ZYDUSLIFE,,2026-02-24,2026-02-24,1000.0,PE,ZYDUSLIFE26FEB1000PE,95.2,95.2,94.8,94.8,94.8,86.8,910.05,89.05,89100,-1800,3,2956680.0,2,F1,900,,,,,
2026-02-18,2026-02-18,FO,NSE,STO,166475,,ZYDUSLIFE,,2026-02-24,2026-02-24,990.0,PE,ZYDUSLIFE26FEB990PE,0.0,0.0,0.0,91.95,0.0,91.95,910.05,79.05,0,0,0,0.0,0,F1,900,,,,,
2026-02-18,2026-02-18,FO,NSE,STO,154910,,ZYDUSLIFE,,2026-02-24,2026-02-24,920.0,PE,ZYDUSLIFE26FEB920PE,15.65,22.65,13.05,13.95,13.05,18.25,910.05,13.95,318600,-78300,214,180613350.0,160,F1,900,,,,,
2026-02-18,2026-02-18,FO,NSE,STO,154902,,ZYDUSLIFE,,2026-02-24,2026-02-24,840.0,PE,ZYDUSLIFE26FEB840PE,0.55,0.7,0.35,0.45,0.35,0.9,910.05,0.45,121500,-80100,114,86229900.0,80,F1,900,,,,,
2026-02-18,2026-02-18,FO,NSE,STO,166457,,ZYDUSLIFE,,2026-02-24,2026-02-24,810.0,PE,ZYDUSLIFE26FEB810PE,0.35,0.35,0.35,0.35,0.35,0.6,910.05,0.35,8100,-900,1,729315.0,1,F1,900,,,,,
2026-02-18,2026-02-18,FO,NSE,STO,166542,,ZYDUSLIFE,,2026-03-30,2026-03-30,1020.0,CE,ZYDUSLIFE26MAR1020CE,0.0,0.0,0.0,7.0,7.0,7.0,910.05,2.55,0,0,0,0.0,0,F1,900,,,,,
2026-02-18,2026-02-18,FO,NSE,STO,173183,,ZYDUSLIFE,,2026-04-28,2026-04-28,1020.0,PE,ZYDUSLIFE26APR1020PE,0.0,0.0,0.0,124.7,0.0,124.7,910.05,106.85,0,0,0,0.0,0,F1,900,,,,,
2026-02-18,2026-02-18,FO,NSE,STO,166481,,ZYDUSLIFE,,2026-02-24,2026-02-24,1050.0,PE,ZYDUSLIFE26FEB1050PE,0.0,0.0,0.0,143.3,0.0,143.3,910.05,139.0,0,0,0,0.0,0,F1,900,,,,,
2026-02-18,2026-02-18,FO,NSE,STO,166471,,ZYDUSLIFE,,2026-02-24,2026-02-24,950.0,PE,ZYDUSLIFE26FEB950PE,41.95,43.55,39.95,39.95,39.95,46.1,910.05,39.95,53100,-1800,10,8929620.0,10,F1,900,,,,,
2026-02-18,2026-02-18,FO,NSE,STO,166524,,ZYDUSLIFE,,2026-03-30,2026-03-30,840.0,CE,ZYDUSLIFE26MAR840CE,0.0,0.0,0.0,92.95,0.0,92.95,910.05,79.4,0,0,0,0.0,0,F1,900,,,,,
2026-02-18,2026-02-18,FO,NSE,STO,166466,,ZYDUSLIFE,,2026-02-24,2026-02-24,910.0,CE,ZYDUSLIFE26FEB910CE,11.3,11.3,6.7,9.55,9.95,10.5,910.05,9.55,286200,-27900,1173,969856245.0,1057,F1,900,,,,,
2026-02-18,2026-02-18,FO,NSE,STO,173157,,ZYDUSLIFE,,2026-04-28,2026-04-28,760.0,PE,ZYDUSLIFE26APR760PE,0.0,0.0,0.0,4.95,0.0,4.95,910.05,0.9,0,0,0,0.0,0,F1,900,,,,,
2026-02-18,2026-02-18,FO,NSE,STO,173117,,ZYDUSLIFE,,2026-03-30,2026-03-30,1030.0,PE,ZYDUSLIFE26MAR1030PE,0.0,0.0,0.0,132.1,0.0,132.1,910.05,115.7,0,0,0,0.0,0,F1,900,,,,,
2026-02-18,2026-02-18,FO,NSE,STO,166521,,ZYDUSLIFE,,2026-03-30,2026-03-30,800.0,PE,ZYDUSLIFE26MAR800PE,0.0,0.0,0.0,2.7,2.7,2.7,910.05,1.0,6300,0,0,0.0,0,F1,900,,,,,
2026-02-18,2026-02-18,FO,NSE,STO,173169,,ZYDUSLIFE,,2026-04-28,2026-04-28,880.0,PE,ZYDUSLIFE26APR880PE,0.0,0.0,0.0,31.05,31.05,31.05,910.05,19.3,1800,0,0,0.0,0,F1,900,,,,,
2026-02-18,2026-02-18,FO,NSE,STO,173113,,ZYDUSLIFE,,2026-03-30,2026-03-30,990.0,PE,ZYDUSLIFE26MAR990PE,0.0,0.0,0.0,98.25,0.0,98.25,910.05,79.7,0,0,0,0.0,0,F1,900,,,,,
2026-02-18,2026-02-18,FO,NSE,STO,173186,,ZYDUSLIFE,,2026-04-28,2026-04-28,1060.0,CE,ZYDUSLIFE26APR1060CE,0.0,0.0,0.0,8.1,0.0,8.1,910.05,3.4,0,0,0,0.0,0,F1,900,,,,,
2026-02-18,2026-02-18,FO,NSE,STO,173118,,ZYDUSLIFE,,2026-03-30,2026-03-30,1050.0,CE,ZYDUSLIFE26MAR1050CE,0.0,0.0,0.0,4.35,0.0,4.35,910.05,1.05,0,0,0,0.0,0,F1,900,,,,,
2026-02-18,2026-02-18,FO,NSE,STO,173104,,ZYDUSLIFE,,2026-03-30,2026-03-30,910.0,CE,ZYDUSLIFE26MAR910CE,27.65,28.85,25.0,27.95,28.85,29.0,910.05,27.95,20700,3600,18,15169815.0,16,F1,900,,,,,
2026-02-18,2026-02-18,FO,NSE,STO,154921,,ZYDUSLIFE,,2026-02-24,2026-02-24,1040.0,CE,ZYDUSLIFE26FEB1040CE,0.35,0.35,0.2,0.25,0.25,0.45,910.05,0.25,55800,-26100,35,32769045.0,17,F1,900,,,,,
2026-02-18,2026-02-18,FO,NSE,STO,166474,,ZYDUSLIFE,,2026-02-24,2026-02-24,990.0,CE,ZYDUSLIFE26FEB990CE,0.85,0.85,0.4,0.5,0.5,0.85,910.05,0.5,141300,9000,87,77559345.0,67,F1,900,,,,,
2026-02-18,2026-02-18,FO,NSE,STO,154909,,ZYDUSLIFE,,2026-02-24,2026-02-24,920.0,CE,ZYDUSLIFE26FEB920CE,6.8,7.2,4.0,5.55,6.05,6.8,910.05,5.55,495900,-54900,1096,912497670.0,1018,F1,900,,,,,
2026-02-18,2026-02-18,FO,NSE,STO,166458,,ZYDUSLIFE,,2026-02-24,2026-02-24,830.0,CE,ZYDUSLIFE26FEB830CE,0.0,0.0,0.0,80.55,80.55,80.55,910.05,80.8,4500,0,0,0.0,0,F1,900,,,,,
2026-02-18,2026-02-18,FO,NSE,STO,173114,,ZYDUSLIFE,,2026-03-30,2026-03-30,1010.0,CE,ZYDUSLIFE26MAR1010CE,0.0,0.0,0.0,4.8,4.8,4.8,910.05,3.4,900,0,0,0.0,0,F1,900,,,,,
2026-02-18,2026-02-18,FO,NSE,STO,154908,,ZYDUSLIFE,,2026-02-24,2026-02-24,900.0,PE,ZYDUSLIFE26FEB900PE,7.75,9.45,3.9,4.15,3.9,7.25,910.05,4.15,431100,9000,477,389066850.0,406,F1,900,,,,,
2026-02-18,2026-02-18,FO,NSE,STO,166479,,ZYDUSLIFE,,2026-02-24,2026-02-24,1030.0,PE,ZYDUSLIFE26FEB1030PE,0.0,0.0,0.0,125.45,0.0,125.45,910.05,119.0,0,0,0,0.0,0,F1,900,,,,,
2026-02-18,2026-02-18,FO,NSE,STO,173111,,ZYDUSLIFE,,2026-03-30,2026-03-30,970.0,PE,ZYDUSLIFE26MAR970PE,0.0,0.0,0.0,82.75,0.0,82.75,910.05,63.35,0,0,0,0.0,0,F1,900,,,,,
2026-02-18,2026-02-18,FO,NSE,STO,166545,,ZYDUSLIFE,,2026-03-30,2026-03-30,1040.0,PE,ZYDUSLIFE26MAR1040PE,0.0,0.0,0.0,135.45,0.0,135.45,910.05,125.15,0,0,0,0.0,0,F1,900,,,,,
2026-02-18,2026-02-18,FO,NSE,STO,173165,,ZYDUSLIFE,,2026-04-28,2026-04-28,840.0,PE,ZYDUSLIFE26APR840PE,0.0,0.0,0.0,20.55,0.0,20.55,910.05,8.65,0,0,0,0.0,0,F1,900,,,,,
2026-02-18,2026-02-18,FO,NSE,STO,154895,,ZYDUSLIFE,,2026-02-24,2026-02-24,780.0,CE,ZYDUSLIFE26FEB780CE,0.0,0.0,0.0,165.6,0.0,165.6,910.05,130.75,0,0,0,0.0,0,F1,900,,,,,
2026-02-18,2026-02-18,FO,NSE,STO,173173,,ZYDUSLIFE,,2026-04-28,2026-04-28,920.0,PE,ZYDUSLIFE26APR920PE,0.0,0.0,0.0,55.0,0.0,55.0,910.05,36.5,0,0,0,0.0,0,F1,900,,,,,
2026-02-18,2026-02-18,FO,NSE,STO,166539,,ZYDUSLIFE,,2026-03-30,2026-03-30,980.0,PE,ZYDUSLIFE26MAR980PE,75.0,75.0,75.0,75.0,75.0,71.75,910.05,71.35,4500,900,1,949500.0,1,F1,900,,,,,
2026-02-18,2026-02-18,FO,NSE,STO,166462,,ZYDUSLIFE,,2026-02-24,2026-02-24,870.0,CE,ZYDUSLIFE26FEB870CE,0.0,0.0,0.0,39.95,39.9,39.95,910.05,41.5,32400,0,0,0.0,0,F1,900,,,,,
2026-02-18,2026-02-18,FO,NSE,STO,154925,,ZYDUSLIFE,,2026-02-24,2026-02-24,1080.0,CE,ZYDUSLIFE26FEB1080CE,0.15,0.15,0.1,0.1,0.1,0.15,910.05,0.05,85500,-3600,4,3888405.0,4,F1,900,,,,,
2026-02-18,2026-02-18,FO,NSE,STO,173092,,ZYDUSLIFE,,2026-03-30,2026-03-30,790.0,CE,ZYDUSLIFE26MAR790CE,0.0,0.0,0.0,116.9,0.0,116.9,910.05,125.45,0,0,0,0.0,0,F1,900,,,,,
2026-02-18,2026-02-18,FO,NSE,STO,166522,,ZYDUSLIFE,,2026-03-30,2026-03-30,820.0,CE,ZYDUSLIFE26MAR820CE,0.0,0.0,0.0,107.5,0.0,107.5,910.05,97.15,0,0,0,0.0,0,F1,900,,,,,
2026-02-18,2026-02-18,FO,NSE,STO,173160,,ZYDUSLIFE,,2026-04-28,2026-04-28,800.0,CE,ZYDUSLIFE26APR800CE,0.0,0.0,0.0,116.35,0.0,116.35,910.05,121.5,0,0,0,0.0,0,F1,900,,,,,
2026-02-18,2026-02-18,FO,NSE,STO,173164,,ZYDUSLIFE,,2026-04-28,2026-04-28,840.0,CE,ZYDUSLIFE26APR840CE,0.0,0.0,0.0,86.75,0.0,86.75,910.05,87.4,0,0,0,0.0,0,F1,900,,,,,
2026-02-18,2026-02-18,FO,NSE,STO,173170,,ZYDUSLIFE,,2026-04-28,2026-04-28,900.0,CE,ZYDUSLIFE26APR900CE,0.0,0.0,0.0,51.55,0.0,51.55,910.05,46.4,0,0,0,0.0,0,F1,900,,,,,
2026-02-18,2026-02-18,FO,NSE,STO,173172,,ZYDUSLIFE,,2026-04-28,2026-04-28,920.0,CE,ZYDUSLIFE26APR920CE,0.0,0.0,0.0,42.4,0.0,42.4,910.05,36.1,0,0,0,0.0,0,F1,900,,,,,
2026-02-18,2026-02-18,FO,NSE,STO,154896,,ZYDUSLIFE,,2026-02-24,2026-02-24,780.0,PE,ZYDUSLIFE26FEB780PE,0.3,0.3,0.3,0.3,0.3,0.75,910.05,0.3,143100,0,1,702270.0,1,F1,900,,,,,
2026-02-18,2026-02-18,FO,NSE,STO,154898,,ZYDUSLIFE,,2026-02-24,2026-02-24,800.0,PE,ZYDUSLIFE26FEB800PE,0.35,0.45,0.25,0.3,0.25,0.5,910.05,0.3,229500,-16200,82,59065560.0,55,F1,900,,,,,
2026-02-18,2026-02-18,FO,NSE,STO,154906,,ZYDUSLIFE,,2026-02-24,2026-02-24,880.0,PE,ZYDUSLIFE26FEB880PE,2.1,3.0,1.05,1.15,1.2,2.45,910.05,1.15,179100,-18000,246,195240870.0,214,F1,900,,,,,
2026-02-18,2026-02-18,FO,NSE,STO,166537,,ZYDUSLIFE,,2026-03-30,2026-03-30,960.0,PE,ZYDUSLIFE26MAR960PE,0.0,0.0,0.0,75.5,0.0,75.5,910.05,55.7,0,0,0,0.0,0,F1,900,,,,,
2026-02-18,2026-02-18,FO,NSE,STO,166543,,ZYDUSLIFE,,2026-03-30,2026-03-30,1020.0,PE,ZYDUSLIFE26MAR1020PE,0.0,0.0,0.0,119.2,0.0,119.2,910.05,106.4,0,0,0,0.0,0,F1,900,,,,,
2026-02-18,2026-02-18,FO,NSE,STF,67045,,ZYDUSLIFE,,2026-04-28,2026-04-28,,,ZYDUSLIFE26APRFUT,915.95,921.5,912.95,921.4,921.5,918.35,910.05,921.4,83700,9900,17,14049450.0,16,F1,900,,,,,
2026-02-18,2026-02-18,FO,NSE,STF,59521,,ZYDUSLIFE,,2026-02-24,2026-02-24,,,ZYDUSLIFE26FEBFUT,907.05,913.25,900.85,911.55,913.25,908.05,910.05,911.55,7822800,-1816200,2885,2356396785.0,2017,F1,900,,,,,
2026-02-18,2026-02-18,FO,NSE,STO,173109,,ZYDUSLIFE,,2026-03-30,2026-03-30,950.0,PE,ZYDUSLIFE26MAR950PE,47.7,47.7,44.7,44.8,44.7,48.0,910.05,44.8,21600,3600,5,4481820.0,5,F1,900,,,,,
2026-02-18,2026-02-18,FO,NSE,STO,154891,,ZYDUSLIFE,,2026-02-24,2026-02-24,740.0,CE,ZYDUSLIFE26FEB740CE,0.0,0.0,0.0,146.5,146.5,146.5,910.05,170.7,2700,0,0,0.0,0,F1,900,,,,,
2026-02-18,2026-02-18,FO,NSE,STO,154899,,ZYDUSLIFE,,2026-02-24,2026-02-24,820.0,CE,ZYDUSLIFE26FEB820CE,0.0,0.0,0.0,90.1,90.1,90.1,910.05,90.8,6300,0,0,0.0,0,F1,900,,,,,
2026-02-18,2026-02-18,FO,NSE,STO,166470,,ZYDUSLIFE,,2026-02-24,2026-02-24,950.0,CE,ZYDUSLIFE26FEB950CE,2.05,2.15,1.1,1.35,1.4,2.15,910.05,1.35,646200,34200,410,351070065.0,317,F1,900,,,,,
2026-02-18,2026-02-18,FO,NSE,STO,154915,,ZYDUSLIFE,,2026-02-24,2026-02-24,980.0,CE,ZYDUSLIFE26FEB980CE,1.05,1.05,0.45,0.6,0.65,1.05,910.05,0.6,353700,-63000,248,218879955.0,188,F1,900,,,,,
2026-02-18,2026-02-18,FO,NSE,STO,166514,,ZYDUSLIFE,,2026-03-30,2026-03-30,740.0,CE,ZYDUSLIFE26MAR740CE,0.0,0.0,0.0,175.3,0.0,175.3,910.05,174.55,0,0,0,0.0,0,F1,900,,,,,
2026-02-18,2026-02-18,FO,NSE,STO,166536,,ZYDUSLIFE,,2026-03-30,2026-03-30,960.0,CE,ZYDUSLIFE26MAR960CE,9.0,9.8,8.7,9.8,9.8,10.1,910.05,9.8,9000,7200,12,10465650.0,9,F1,900,,,,,
2026-02-18,2026-02-18,FO,NSE,STO,166538,,ZYDUSLIFE,,2026-03-30,2026-03-30,980.0,CE,ZYDUSLIFE26MAR980CE,6.8,7.2,5.65,6.85,6.85,7.35,910.05,6.85,54000,9900,18,15979410.0,15,F1,900,,,,,
2026-02-18,2026-02-18,FO,NSE,STO,166546,,ZYDUSLIFE,,2026-03-30,2026-03-30,1060.0,CE,ZYDUSLIFE26MAR1060CE,0.0,0.0,0.0,9.5,0.0,9.5,910.05,0.75,0,0,0,0.0,0,F1,900,,,,,
2026-02-18,2026-02-18,FO,NSE,STO,166461,,ZYDUSLIFE,,2026-02-24,2026-02-24,850.0,PE,ZYDUSLIFE26FEB850PE,0.85,0.85,0.35,0.45,0.35,0.85,910.05,0.45,97200,-41400,106,81148050.0,75,F1,900,,,,,
2026-02-18,2026-02-18,FO,NSE,STO,154924,,ZYDUSLIFE,,2026-02-24,2026-02-24,1060.0,PE,ZYDUSLIFE26FEB1060PE,0.0,0.0,0.0,161.0,161.0,161.0,910.05,149.0,12600,0,0,0.0,0,F1,900,,,,,
2026-02-18,2026-02-18,FO,NSE,STO,154926,,ZYDUSLIFE,,2026-02-24,2026-02-24,1080.0,PE,ZYDUSLIFE26FEB1080PE,0.0,0.0,0.0,186.0,186.0,186.0,910.05,168.95,120600,0,0,0.0,0,F1,900,,,,,
2026-02-18,2026-02-18,FO,NSE,STO,173103,,ZYDUSLIFE,,2026-03-30,2026-03-30,890.0,PE,ZYDUSLIFE26MAR890PE,14.8,14.8,14.8,14.8,14.8,16.65,910.05,16.4,21600,0,1,814320.0,1,F1,900,,,,,
2026-02-18,2026-02-18,FO,NSE,STO,173175,,ZYDUSLIFE,,2026-04-28,2026-04-28,940.0,PE,ZYDUSLIFE26APR940PE,0.0,0.0,0.0,66.75,0.0,66.75,910.05,47.7,0,0,0,0.0,0,F1,900,,,,,
2026-02-18,2026-02-18,FO,NSE,STO,154903,,ZYDUSLIFE,,2026-02-24,2026-02-24,860.0,CE,ZYDUSLIFE26FEB860CE,49.8,52.6,48.35,52.5,52.6,51.4,910.05,52.5,15300,900,10,8189325.0,8,F1,900,,,,,
2026-02-18,2026-02-18,FO,NSE,STO,166520,,ZYDUSLIFE,,2026-03-30,2026-03-30,800.0,CE,ZYDUSLIFE26MAR800CE,0.0,0.0,0.0,123.2,0.0,123.2,910.05,115.85,0,0,0,0.0,0,F1,900,,,,,
2026-02-18,2026-02-18,FO,NSE,STO,173159,,ZYDUSLIFE,,2026-04-28,2026-04-28,780.0,PE,ZYDUSLIFE26APR780PE,0.0,0.0,0.0,7.4,0.0,7.4,910.05,1.75,0,0,0,0.0,0,F1,900,,,,,
2026-02-18,2026-02-18,FO,NSE,STO,173119,,ZYDUSLIFE,,2026-03-30,2026-03-30,1050.0,PE,ZYDUSLIFE26MAR1050PE,0.0,0.0,0.0,150.05,0.0,150.05,910.05,134.7,0,0,0,0.0,0,F1,900,,,,,
2026-02-18,2026-02-18,FO,NSE,STO,166535,,ZYDUSLIFE,,2026-03-30,2026-03-30,940.0,PE,ZYDUSLIFE26MAR940PE,0.0,0.0,0.0,63.0,0.0,63.0,910.05,41.8,0,0,0,0.0,0,F1,900,,,,,
2026-02-18,2026-02-18,FO,NSE,STO,166529,,ZYDUSLIFE,,2026-03-30,2026-03-30,880.0,PE,ZYDUSLIFE26MAR880PE,11.55,14.3,10.1,10.15,10.2,12.4,910.05,10.15,70200,13500,41,32909265.0,37,F1,900,,,,,
2026-02-18,2026-02-18,FO,NSE,STO,154914,,ZYDUSLIFE,,2026-02-24,2026-02-24,960.0,PE,ZYDUSLIFE26FEB960PE,0.0,0.0,0.0,53.0,53.0,53.0,910.05,49.5,27000,0,0,0.0,0,F1,900,,,,,
2026-02-18,2026-02-18,FO,NSE,STO,166463,,ZYDUSLIFE,,2026-02-24,2026-02-24,870.0,PE,ZYDUSLIFE26FEB870PE,1.1,1.65,0.65,0.7,0.65,1.45,910.05,0.7,503100,-29700,150,117583290.0,116,F1,900,,,,,
2026-02-18,2026-02-18,FO,NSE,STO,166455,,ZYDUSLIFE,,2026-02-24,2026-02-24,790.0,PE,ZYDUSLIFE26FEB790PE,0.0,0.0,0.0,4.05,0.0,4.05,910.05,0.05,0,0,0,0.0,0,F1,900,,,,,
2026-02-18,2026-02-18,FO,NSE,STO,154894,,ZYDUSLIFE,,2026-02-24,2026-02-24,760.0,PE,ZYDUSLIFE26FEB760PE,0.1,0.1,0.05,0.05,0.05,0.1,910.05,0.05,225000,-1800,9,6156585.0,4,F1,900,,,,,
2026-02-18,2026-02-18,FO,NSE,STO,154892,,ZYDUSLIFE,,2026-02-24,2026-02-24,740.0,PE,ZYDUSLIFE26FEB740PE,0.0,0.0,0.0,2.25,0.0,2.25,910.05,0.05,0,0,0,0.0,0,F1,900,,,,,
2026-02-18,2026-02-18,FO,NSE,STO,173166,,ZYDUSLIFE,,2026-04-28,2026-04-28,860.0,CE,ZYDUSLIFE26APR860CE,0.0,0.0,0.0,73.75,0.0,73.75,910.05,72.15,0,0,0,0.0,0,F1,900,,,,,
2026-02-18,2026-02-18,FO,NSE,STO,173110,,ZYDUSLIFE,,2026-03-30,2026-03-30,970.0,CE,ZYDUSLIFE26MAR970CE,0.0,0.0,0.0,16.25,0.0,16.25,910.05,9.2,0,0,0,0.0,0,F1,900,,,,,
2026-02-18,2026-02-18,FO,NSE,STO,166534,,ZYDUSLIFE,,2026-03-30,2026-03-30,940.0,CE,ZYDUSLIFE26MAR940CE,13.3,15.0,13.3,14.0,14.0,18.0,910.05,17.5,3600,1800,4,3434670.0,4,F1,900,,,,,
2026-02-18,2026-02-18,FO,NSE,STO,173102,,ZYDUSLIFE,,2026-03-30,2026-03-30,890.0,CE,ZYDUSLIFE26MAR890CE,0.0,0.0,0.0,46.1,0.0,46.1,910.05,41.8,0,0,0,0.0,0,F1,900,,,,,
2026-02-18,2026-02-18,FO,NSE,STO,166468,,ZYDUSLIFE,,2026-02-24,2026-02-24,930.0,CE,ZYDUSLIFE26FEB930CE,4.5,4.65,2.45,3.25,3.55,4.5,910.05,3.25,284400,-36900,762,639909855.0,698,F1,900,,,,,
2026-02-18,2026-02-18,FO,NSE,STO,173187,,ZYDUSLIFE,,2026-04-28,2026-04-28,1060.0,PE,ZYDUSLIFE26APR1060PE,0.0,0.0,0.0,158.5,0.0,158.5,910.05,142.4,0,0,0,0.0,0,F1,900,,,,,
2026-02-18,2026-02-18,FO,NSE,STO,166480,,ZYDUSLIFE,,2026-02-24,2026-02-24,1050.0,CE,ZYDUSLIFE26FEB1050CE,0.0,0.0,0.0,4.45,0.0,4.45,910.05,0.05,0,0,0,0.0,0,F1,900,,,,,
2026-02-18,2026-02-18,FO,NSE,STO,166476,,ZYDUSLIFE,,2026-02-24,2026-02-24,1010.0,CE,ZYDUSLIFE26FEB1010CE,0.65,0.85,0.4,0.4,0.4,0.7,910.05,0.4,278100,18000,53,48207105.0,39,F1,900,,,,,
2026-02-18,2026-02-18,FO,NSE,STO,154907,,ZYDUSLIFE,,2026-02-24,2026-02-24,900.0,CE,ZYDUSLIFE26FEB900CE,15.5,17.1,10.75,15.75,16.85,15.95,910.05,15.75,433800,-135900,772,635084640.0,659,F1,900,,,,,
2026-02-18,2026-02-18,FO,NSE,STO,154901,,ZYDUSLIFE,,2026-02-24,2026-02-24,840.0,CE,ZYDUSLIFE26FEB840CE,0.0,0.0,0.0,51.1,51.7,51.1,910.05,70.85,4500,0,0,0.0,0,F1,900,,,,,
2026-02-18,2026-02-18,FO,NSE,STO,154897,,ZYDUSLIFE,,2026-02-24,2026-02-24,800.0,CE,ZYDUSLIFE26FEB800CE,0.0,0.0,0.0,148.35,0.0,148.35,910.05,110.75,0,0,0,0.0,0,F1,900,,,,,
2026-02-18,2026-02-18,FO,NSE,STO,166467,,ZYDUSLIFE,,2026-02-24,2026-02-24,910.0,PE,ZYDUSLIFE26FEB910PE,9.6,15.2,7.2,8.0,7.7,11.8,910.05,8.0,165600,12600,248,205398045.0,242,F1,900,,,,,
2026-02-18,2026-02-18,FO,NSE,STF,52090,,ZYDUSLIFE,,2026-03-30,2026-03-30,,,ZYDUSLIFE26MARFUT,913.15,918.3,905.55,916.15,916.75,913.15,910.05,916.15,2888100,1559700,2273,1865121255.0,1417,F1,900,,,,,
2026-02-18,2026-02-18,FO,NSE,STO,166473,,ZYDUSLIFE,,2026-02-24,2026-02-24,970.0,PE,ZYDUSLIFE26FEB970PE,0.0,0.0,0.0,77.0,77.0,77.0,910.05,59.25,4500,0,0,0.0,0,F1,900,,,,,
2026-02-18,2026-02-18,FO,NSE,STO,173099,,ZYDUSLIFE,,2026-03-30,2026-03-30,850.0,PE,ZYDUSLIFE26MAR850PE,5.75,6.75,4.6,4.65,4.6,6.3,910.05,4.65,90900,-9900,37,28495935.0,36,F1,900,,,,,
2026-02-18,2026-02-18,FO,NSE,STO,173115,,ZYDUSLIFE,,2026-03-30,2026-03-30,1010.0,PE,ZYDUSLIFE26MAR1010PE,0.0,0.0,0.0,114.8,0.0,114.8,910.05,97.25,0,0,0,0.0,0,F1,900,,,,,
2026-02-18,2026-02-18,FO,NSE,STO,154900,,ZYDUSLIFE,,2026-02-24,2026-02-24,820.0,PE,ZYDUSLIFE26FEB820PE,0.4,0.6,0.3,0.35,0.35,0.7,910.05,0.35,136800,-36000,137,101159820.0,96,F1,900,,,,,
2026-02-18,2026-02-18,FO,NSE,STO,166544,,ZYDUSLIFE,,2026-03-30,2026-03-30,1040.0,CE,ZYDUSLIFE26MAR1040CE,2.5,2.5,2.5,2.5,2.5,2.5,910.05,2.5,3600,900,1,938250.0,1,F1,900,,,,,
2026-02-18,2026-02-18,FO,NSE,STO,154923,,ZYDUSLIFE,,2026-02-24,2026-02-24,1060.0,CE,ZYDUSLIFE26FEB1060CE,0.3,0.3,0.2,0.25,0.25,0.4,910.05,0.25,235800,-14400,32,30534930.0,12,F1,900,,,,,
2026-02-18,2026-02-18,FO,NSE,STO,173171,,ZYDUSLIFE,,2026-04-28,2026-04-28,900.0,PE,ZYDUSLIFE26APR900PE,0.0,0.0,0.0,44.45,0.0,44.45,910.05,27.05,0,0,0,0.0,0,F1,900,,,,,
2026-02-18,2026-02-18,FO,NSE,STO,173163,,ZYDUSLIFE,,2026-04-28,2026-04-28,820.0,PE,ZYDUSLIFE26APR820PE,0.0,0.0,0.0,15.1,0.0,15.1,910.05,5.4,0,0,0,0.0,0,F1,900,,,,,
2026-02-18,2026-02-18,FO,NSE,STO,166547,,ZYDUSLIFE,,2026-03-30,2026-03-30,1060.0,PE,ZYDUSLIFE26MAR1060PE,0.0,0.0,0.0,152.35,0.0,152.35,910.05,144.35,0,0,0,0.0,0,F1,900,,,,,
2026-02-18,2026-02-18,FO,NSE,STO,173095,,ZYDUSLIFE,,2026-03-30,2026-03-30,810.0,PE,ZYDUSLIFE26MAR810PE,0.0,0.0,0.0,8.3,0.0,8.3,910.05,1.5,0,0,0,0.0,0,F1,900,,,,,
2026-02-18,2026-02-18,FO,NSE,STO,166477,,ZYDUSLIFE,,2026-02-24,2026-02-24,1010.0,PE,ZYDUSLIFE26FEB1010PE,0.0,0.0,0.0,108.25,0.0,108.25,910.05,99.05,0,0,0,0.0,0,F1,900,,,,,
2026-02-18,2026-02-18,FO,NSE,STO,154890,,ZYDUSLIFE,,2026-02-24,2026-02-24,720.0,PE,ZYDUSLIFE26FEB720PE,0.0,0.0,0.0,0.1,0.1,0.1,910.05,0.05,5400,0,0,0.0,0,F1,900,,,,,
2026-02-18,2026-02-18,FO,NSE,STO,173184,,ZYDUSLIFE,,2026-04-28,2026-04-28,1040.0,CE,ZYDUSLIFE26APR1040CE,0.0,0.0,0.0,10.55,0.0,10.55,910.05,5.1,0,0,0,0.0,0,F1,900,,,,,
2026-02-18,2026-02-18,FO,NSE,STO,173180,,ZYDUSLIFE,,2026-04-28,2026-04-28,1000.0,CE,ZYDUSLIFE26APR1000CE,0.0,0.0,0.0,17.5,0.0,17.5,910.05,10.65,0,0,0,0.0,0,F1,900,,,,,
2026-02-18,2026-02-18,FO,NSE,STO,166533,,ZYDUSLIFE,,2026-03-30,2026-03-30,920.0,PE,ZYDUSLIFE26MAR920PE,25.9,26.15,25.9,26.1,26.15,25.0,910.05,26.1,9900,6300,7,5960475.0,7,F1,900,,,,,
2026-02-18,2026-02-18,FO,NSE,STO,173105,,ZYDUSLIFE,,2026-03-30,2026-03-30,910.0,PE,ZYDUSLIFE26MAR910PE,23.15,24.9,23.1,24.9,24.9,24.7,910.05,24.9,8100,4500,6,5042025.0,6,F1,900,,,,,
2026-02-18,2026-02-18,FO,NSE,STO,173101,,ZYDUSLIFE,,2026-03-30,2026-03-30,870.0,PE,ZYDUSLIFE26MAR870PE,7.0,7.0,7.0,7.0,7.0,9.8,910.05,7.0,4500,900,1,789300.0,1,F1,900,,,,,
2026-02-18,2026-02-18,FO,NSE,STO,166525,,ZYDUSLIFE,,2026-03-30,2026-03-30,840.0,PE,ZYDUSLIFE26MAR840PE,0.0,0.0,0.0,19.05,0.0,19.05,910.05,4.3,0,0,0,0.0,0,F1,900,,,,,
2026-02-18,2026-02-18,FO,NSE,STO,166519,,ZYDUSLIFE,,2026-03-30,2026-03-30,780.0,PE,ZYDUSLIFE26MAR780PE,1.4,1.4,1.4,1.4,1.4,6.8,910.05,0.4,900,900,1,703260.0,1,F1,900,,,,,
2026-02-18,2026-02-18,FO,NSE,STO,154922,,ZYDUSLIFE,,2026-02-24,2026-02-24,1040.0,PE,ZYDUSLIFE26FEB1040PE,132.1,132.1,132.1,132.1,132.1,129.7,910.05,129.0,5400,0,3,3164670.0,1,F1,900,,,,,
2026-02-18,2026-02-18,FO,NSE,STO,166465,,ZYDUSLIFE,,2026-02-24,2026-02-24,890.0,PE,ZYDUSLIFE26FEB890PE,3.0,5.4,2.0,2.15,2.05,4.15,910.05,2.15,210600,2700,457,367520625.0,422,F1,900,,,,,
2026-02-18,2026-02-18,FO,NSE,STO,166459,,ZYDUSLIFE,,2026-02-24,2026-02-24,830.0,PE,ZYDUSLIFE26FEB830PE,0.4,0.4,0.3,0.35,0.3,0.75,910.05,0.35,54900,-6300,32,23913765.0,17,F1,900,,,,,
2026-02-18,2026-02-18,FO,NSE,STO,173178,,ZYDUSLIFE,,2026-04-28,2026-04-28,980.0,CE,ZYDUSLIFE26APR980CE,0.0,0.0,0.0,22.15,0.0,22.15,910.05,14.9,0,0,0,0.0,0,F1,900,,,,,
2026-02-18,2026-02-18,FO,NSE,STO,173116,,ZYDUSLIFE,,2026-03-30,2026-03-30,1030.0,CE,ZYDUSLIFE26MAR1030CE,0.0,0.0,0.0,5.8,5.8,5.8,910.05,1.95,900,0,0,0.0,0,F1,900,,,,,
2026-02-18,2026-02-18,FO,NSE,STO,166532,,ZYDUSLIFE,,2026-03-30,2026-03-30,920.0,CE,ZYDUSLIFE26MAR920CE,27.1,27.1,20.85,22.85,22.65,25.85,910.05,22.85,36000,13500,40,33912225.0,32,F1,900,,,,,
2026-02-18,2026-02-18,FO,NSE,STO,173094,,ZYDUSLIFE,,2026-03-30,2026-03-30,810.0,CE,ZYDUSLIFE26MAR810CE,0.0,0.0,0.0,100.1,0.0,100.1,910.05,106.4,0,0,0,0.0,0,F1,900,,,,,
2026-02-18,2026-02-18,FO,NSE,STO,154917,,ZYDUSLIFE,,2026-02-24,2026-02-24,1000.0,CE,ZYDUSLIFE26FEB1000CE,0.55,0.85,0.4,0.45,0.55,0.8,910.05,0.45,1285200,-131400,366,329567355.0,215,F1,900,,,,,
2026-02-18,2026-02-18,FO,NSE,STO,154913,,ZYDUSLIFE,,2026-02-24,2026-02-24,960.0,CE,ZYDUSLIFE26FEB960CE,2.3,2.3,0.9,1.05,1.1,1.65,910.05,1.05,1214100,21600,628,543225915.0,397,F1,900,,,,,
2026-02-18,2026-02-18,FO,NSE,STO,173167,,ZYDUSLIFE,,2026-04-28,2026-04-28,860.0,PE,ZYDUSLIFE26APR860PE,0.0,0.0,0.0,27.2,0.0,27.2,910.05,13.25,0,0,0,0.0,0,F1,900,,,,,
2026-02-18,2026-02-18,FO,NSE,STO,166541,,ZYDUSLIFE,,2026-03-30,2026-03-30,1000.0,PE,ZYDUSLIFE26MAR1000PE,0.0,0.0,0.0,91.25,91.5,91.25,910.05,88.35,5400,0,0,0.0,0,F1,900,,,,,
2026-02-18,2026-02-18,FO,NSE,STO,173176,,ZYDUSLIFE,,2026-04-28,2026-04-28,960.0,CE,ZYDUSLIFE26APR960CE,0.0,0.0,0.0,27.8,0.0,27.8,910.05,20.45,0,0,0,0.0,0,F1,900,,,,,
2026-02-18,2026-02-18,FO,NSE,STO,173174,,ZYDUSLIFE,,2026-04-28,2026-04-28,940.0,CE,ZYDUSLIFE26APR940CE,0.0,0.0,0.0,34.5,0.0,34.5,910.05,27.45,0,0,0,0.0,0,F1,900,,,,,
2026-02-18,2026-02-18,FO,NSE,STO,173168,,ZYDUSLIFE,,2026-04-28,2026-04-28,880.0,CE,ZYDUSLIFE26APR880CE,0.0,0.0,0.0,62.0,0.0,62.0,910.05,58.45,0,0,0,0.0,0,F1,900,,,,,
2026-02-18,2026-02-18,FO,NSE,STO,173156,,ZYDUSLIFE,,2026-04-28,2026-04-28,760.0,CE,ZYDUSLIFE26APR760CE,0.0,0.0,0.0,149.9,0.0,149.9,910.05,158.8,0,0,0,0.0,0,F1,900,,,,,
2026-02-18,2026-02-18,FO,NSE,STO,78947,,ALKEM,,2026-03-30,2026-03-30,4850.0,PE,ALKEM26MAR4850PE,0.0,0.0,0.0,9.55,0.0,9.55,5464.0,8.35,0,0,0,0.0,0,F1,125,,,,,
2026-02-18,2026-02-18,FO,NSE,STO,61867,,ALKEM,,2026-02-24,2026-02-24,4750.0,PE,ALKEM26FEB4750PE,0.0,0.0,0.0,15.35,0.0,15.35,5464.0,0.05,0,0,0,0.0,0,F1,125,,,,,
2026-02-18,2026-02-18,FO,NSE,STO,78958,,ALKEM,,2026-03-30,2026-03-30,5450.0,CE,ALKEM26MAR5450CE,161.1,176.25,158.65,169.45,169.45,457.3,5464.0,169.45,125,125,6,4211887.5,6,F1,125,,,,,
2026-02-18,2026-02-18,FO,NSE,STO,71422,,ALKEM,,2026-02-24,2026-02-24,5500.0,PE,ALKEM26FEB5500PE,140.65,170.0,115.6,119.85,119.9,140.65,5464.0,119.85,36625,-3625,75,52888262.5,65,F1,125,,,,,
2026-02-18,2026-02-18,FO,NSE,STO,71443,,ALKEM,,2026-02-24,2026-02-24,5900.0,CE,ALKEM26FEB5900CE,4.6,5.5,2.75,3.15,3.1,4.85,5464.0,3.15,49000,1375,196,144637800.0,113,F1,125,,,,,
2026-02-18,2026-02-18,FO,NSE,STO,71421,,ALKEM,,2026-02-24,2026-02-24,5500.0,CE,ALKEM26FEB5500CE,44.0,48.45,25.65,33.45,30.0,47.7,5464.0,33.45,71250,-10375,1746,1208068925.0,1344,F1,125,,,,,
2026-02-18,2026-02-18,FO,NSE,STO,71384,,ALKEM,,2026-02-24,2026-02-24,5100.0,CE,ALKEM26FEB5100CE,329.4,333.9,298.8,298.8,298.8,316.0,5464.0,369.1,875,-125,10,6783537.5,10,F1,125,,,,,
2026-02-18,2026-02-18,FO,NSE,STO,71382,,ALKEM,,2026-02-24,2026-02-24,5000.0,CE,ALKEM26FEB5000CE,0.0,0.0,0.0,826.7,826.7,826.7,5464.0,468.55,0,0,0,0.0,0,F1,125,,,,,
2026-02-18,2026-02-18,FO,NSE,STO,71437,,ALKEM,,2026-02-24,2026-02-24,5700.0,PE,ALKEM26FEB5700PE,308.0,308.0,306.85,306.85,306.85,302.5,5464.0,236.95,16250,0,3,2252718.75,3,F1,125,,,,,
2026-02-18,2026-02-18,FO,NSE,STO,71458,,ALKEM,,2026-02-24,2026-02-24,6100.0,PE,ALKEM26FEB6100PE,0.0,0.0,0.0,618.55,618.55,618.55,5464.0,630.5,875,0,0,0.0,0,F1,125,,,,,
2026-02-18,2026-02-18,FO,NSE,STO,62075,,ALKEM,,2026-02-24,2026-02-24,6450.0,PE,ALKEM26FEB6450PE,0.0,0.0,0.0,937.15,0.0,937.15,5464.0,980.15,0,0,0,0.0,0,F1,125,,,,,
2026-02-18,2026-02-18,FO,NSE,STO,78975,,ALKEM,,2026-03-30,2026-03-30,6250.0,PE,ALKEM26MAR6250PE,0.0,0.0,0.0,522.5,0.0,522.5,5464.0,757.05,0,0,0,0.0,0,F1,125,,,,,
2026-02-18,2026-02-18,FO,NSE,STO,79309,,ALKEM,,2026-04-28,2026-04-28,5400.0,PE,ALKEM26APR5400PE,0.0,0.0,0.0,115.15,0.0,115.15,5464.0,161.9,0,0,0,0.0,0,F1,125,,,,,
2026-02-18,2026-02-18,FO,NSE,STO,79350,,ALKEM,,2026-04-28,2026-04-28,6400.0,PE,ALKEM26APR6400PE,0.0,0.0,0.0,655.15,0.0,655.15,5464.0,888.35,0,0,0,0.0,0,F1,125,,,,,
2026-02-18,2026-02-18,FO,NSE,STO,62628,,ALKEM,,2026-03-30,2026-03-30,6600.0,PE,ALKEM26MAR6600PE,0.0,0.0,0.0,1064.15,0.0,1064.15,5464.0,1097.6,0,0,0,0.0,0,F1,125,,,,,
2026-02-18,2026-02-18,FO,NSE,STO,61869,,ALKEM,,2026-02-24,2026-02-24,4850.0,CE,ALKEM26FEB4850CE,0.0,0.0,0.0,688.15,0.0,688.15,5464.0,618.4,0,0,0,0.0,0,F1,125,,,,,
2026-02-18,2026-02-18,FO,NSE,STO,71408,,ALKEM,,2026-02-24,2026-02-24,5200.0,CE,ALKEM26FEB5200CE,0.0,0.0,0.0,489.25,489.25,489.25,5464.0,271.55,125,0,0,0.0,0,F1,125,,,,,
2026-02-18,2026-02-18,FO,NSE,STO,61880,,ALKEM,,2026-02-24,2026-02-24,5350.0,CE,ALKEM26FEB5350CE,0.0,0.0,0.0,113.75,106.75,113.75,5464.0,140.15,2625,0,0,0.0,0,F1,125,,,,,
2026-02-18,2026-02-18,FO,NSE,STO,61886,,ALKEM,,2026-02-24,2026-02-24,5550.0,CE,ALKEM26FEB5550CE,29.65,33.2,18.15,22.5,20.75,34.55,5464.0,22.5,22875,-3625,566,394342168.75,496,F1,125,,,,,
2026-02-18,2026-02-18,FO,NSE,STO,71438,,ALKEM,,2026-02-24,2026-02-24,5800.0,CE,ALKEM26FEB5800CE,7.7,7.85,4.0,4.8,4.35,7.75,5464.0,4.8,52625,-10500,351,254708062.5,278,F1,125,,,,,
2026-02-18,2026-02-18,FO,NSE,STO,62560,,ALKEM,,2026-03-30,2026-03-30,6300.0,CE,ALKEM26MAR6300CE,12.0,12.0,12.0,12.0,12.0,14.8,5464.0,12.0,500,-125,3,2367000.0,1,F1,125,,,,,
2026-02-18,2026-02-18,FO,NSE,STO,78976,,ALKEM,,2026-03-30,2026-03-30,6350.0,CE,ALKEM26MAR6350CE,0.0,0.0,0.0,71.1,0.0,71.1,5464.0,5.15,0,0,0,0.0,0,F1,125,,,,,
2026-02-18,2026-02-18,FO,NSE,STO,71417,,ALKEM,,2026-02-24,2026-02-24,5300.0,CE,ALKEM26FEB5300CE,137.55,155.2,105.7,132.0,132.0,149.0,5464.0,132.0,9250,125,50,33976612.5,40,F1,125,,,,,
2026-02-18,2026-02-18,FO,NSE,STO,79290,,ALKEM,,2026-04-28,2026-04-28,4700.0,CE,ALKEM26APR4700CE,0.0,0.0,0.0,1137.75,0.0,1137.75,5464.0,824.3,0,0,0,0.0,0,F1,125,,,,,
2026-02-18,2026-02-18,FO,NSE,STO,62627,,ALKEM,,2026-03-30,2026-03-30,6600.0,CE,ALKEM26MAR6600CE,0.0,0.0,0.0,30.85,0.0,30.85,5464.0,1.3,0,0,0,0.0,0,F1,125,,,,,
2026-02-18,2026-02-18,FO,NSE,STO,71379,,ALKEM,,2026-02-24,2026-02-24,4800.0,PE,ALKEM26FEB4800PE,1.8,2.2,1.4,1.7,2.0,2.65,5464.0,1.7,9750,-1750,30,18006537.5,22,F1,125,,,,,
2026-02-18,2026-02-18,FO,NSE,STO,79312,,ALKEM,,2026-04-28,2026-04-28,5600.0,CE,ALKEM26APR5600CE,0.0,0.0,0.0,421.7,0.0,421.7,5464.0,183.7,0,0,0,0.0,0,F1,125,,,,,
2026-02-18,2026-02-18,FO,NSE,STO,79310,,ALKEM,,2026-04-28,2026-04-28,5500.0,CE,ALKEM26APR5500CE,0.0,0.0,0.0,484.1,0.0,484.1,5464.0,229.15,0,0,0,0.0,0,F1,125,,,,,
2026-02-18,2026-02-18,FO,NSE,STO,78964,,ALKEM,,2026-03-30,2026-03-30,5750.0,CE,ALKEM26MAR5750CE,0.0,0.0,0.0,273.25,0.0,273.25,5464.0,73.5,0,0,0,0.0,0,F1,125,,,,,
2026-02-18,2026-02-18,FO,NSE,STO,71377,,ALKEM,,2026-02-24,2026-02-24,4800.0,CE,ALKEM26FEB4800CE,0.0,0.0,0.0,950.0,950.0,950.0,5464.0,668.35,125,0,0,0.0,0,F1,125,,,,,
2026-02-18,2026-02-18,FO,NSE,STO,61966,,ALKEM,,2026-02-24,2026-02-24,5850.0,CE,ALKEM26FEB5850CE,5.5,5.8,3.35,4.1,4.1,6.15,5464.0,4.1,14125,-2625,79,57814006.25,65,F1,125,,,,,
2026-02-18,2026-02-18,FO,NSE,STO,62356,,ALKEM,,2026-03-30,2026-03-30,4800.0,CE,ALKEM26MAR4800CE,0.0,0.0,0.0,781.4,0.0,781.4,5464.0,698.8,0,0,0,0.0,0,F1,125,,,,,
2026-02-18,2026-02-18,FO,NSE,STO,79335,,ALKEM,,2026-04-28,2026-04-28,6300.0,PE,ALKEM26APR6300PE,0.0,0.0,0.0,579.65,0.0,579.65,5464.0,796.75,0,0,0,0.0,0,F1,125,,,,,
2026-02-18,2026-02-18,FO,NSE,STO,79333,,ALKEM,,2026-04-28,2026-04-28,6200.0,PE,ALKEM26APR6200PE,0.0,0.0,0.0,508.45,0.0,508.45,5464.0,707.7,0,0,0,0.0,0,F1,125,,,,,
2026-02-18,2026-02-18,FO,NSE,STO,79313,,ALKEM,,2026-04-28,2026-04-28,5600.0,PE,ALKEM26APR5600PE,0.0,0.0,0.0,181.95,0.0,181.95,5464.0,261.75,0,0,0,0.0,0,F1,125,,,,,
2026-02-18,2026-02-18,FO,NSE,STO,78951,,ALKEM,,2026-03-30,2026-03-30,5050.0,PE,ALKEM26MAR5050PE,0.0,0.0,0.0,23.55,0.0,23.55,5464.0,27.0,0,0,0,0.0,0,F1,125,,,,,
2026-02-18,2026-02-18,FO,NSE,STO,71466,,ALKEM,,2026-02-24,2026-02-24,6500.0,PE,ALKEM26FEB6500PE,0.0,0.0,0.0,951.95,951.95,951.95,5464.0,1030.15,0,0,0,0.0,0,F1,125,,,,,
2026-02-18,2026-02-18,FO,NSE,STO,61965,,ALKEM,,2026-02-24,2026-02-24,5750.0,PE,ALKEM26FEB5750PE,0.0,0.0,0.0,316.8,316.8,316.8,5464.0,283.9,4500,0,0,0.0,0,F1,125,,,,,
2026-02-18,2026-02-18,FO,NSE,STO,61881,,ALKEM,,2026-02-24,2026-02-24,5350.0,PE,ALKEM26FEB5350PE,53.95,69.0,33.0,35.7,39.35,53.1,5464.0,35.7,9625,-375,385,259791243.75,357,F1,125,,,,,
2026-02-18,2026-02-18,FO,NSE,STO,62525,,ALKEM,,2026-03-30,2026-03-30,5400.0,CE,ALKEM26MAR5400CE,205.95,205.95,159.45,159.45,159.45,205.95,5464.0,217.95,1625,625,8,5590281.25,8,F1,125,,,,,
2026-02-18,2026-02-18,FO,NSE,STO,79293,,ALKEM,,2026-04-28,2026-04-28,4800.0,PE,ALKEM26APR4800PE,0.0,0.0,0.0,17.6,0.0,17.6,5464.0,19.05,0,0,0,0.0,0,F1,125,,,,,
2026-02-18,2026-02-18,FO,NSE,STO,79295,,ALKEM,,2026-04-28,2026-04-28,4900.0,PE,ALKEM26APR4900PE,0.0,0.0,0.0,25.6,0.0,25.6,5464.0,29.75,0,0,0,0.0,0,F1,125,,,,,
2026-02-18,2026-02-18,FO,NSE,STO,79311,,ALKEM,,2026-04-28,2026-04-28,5500.0,PE,ALKEM26APR5500PE,0.0,0.0,0.0,145.85,0.0,145.85,5464.0,208.25,0,0,0,0.0,0,F1,125,,,,,
2026-02-18,2026-02-18,FO,NSE,STO,79360,,ALKEM,,2026-04-28,2026-04-28,6600.0,PE,ALKEM26APR6600PE,0.0,0.0,0.0,815.5,0.0,815.5,5464.0,1076.8,0,0,0,0.0,0,F1,125,,,,,
2026-02-18,2026-02-18,FO,NSE,STO,61878,,ALKEM,,2026-02-24,2026-02-24,5250.0,CE,ALKEM26FEB5250CE,142.4,174.25,142.35,174.25,174.25,185.65,5464.0,224.85,1500,1125,11,7433043.75,11,F1,125,,,,,
2026-02-18,2026-02-18,FO,NSE,STO,71423,,ALKEM,,2026-02-24,2026-02-24,5600.0,CE,ALKEM26FEB5600CE,20.9,24.45,12.95,15.5,14.2,24.95,5464.0,15.5,38875,1625,372,261163762.5,329,F1,125,,,,,
2026-02-18,2026-02-18,FO,NSE,STO,71429,,ALKEM,,2026-02-24,2026-02-24,5700.0,CE,ALKEM26FEB5700CE,13.15,13.5,6.6,7.85,7.3,13.35,5464.0,7.85,47500,-4375,816,582318593.75,719,F1,125,,,,,
2026-02-18,2026-02-18,FO,NSE,STO,71455,,ALKEM,,2026-02-24,2026-02-24,6000.0,CE,ALKEM26FEB6000CE,3.0,3.5,1.9,2.15,2.15,3.0,5464.0,2.15,71750,-1125,469,351912100.0,295,F1,125,,,,,
2026-02-18,2026-02-18,FO,NSE,STO,61970,,ALKEM,,2026-02-24,2026-02-24,6050.0,CE,ALKEM26FEB6050CE,3.85,3.85,3.85,3.85,3.85,2.6,5464.0,0.05,4875,0,6,4540387.5,1,F1,125,,,,,
2026-02-18,2026-02-18,FO,NSE,STO,62072,,ALKEM,,2026-02-24,2026-02-24,6450.0,CE,ALKEM26FEB6450CE,0.0,0.0,0.0,15.75,0.0,15.75,5464.0,0.05,0,0,0,0.0,0,F1,125,,,,,
2026-02-18,2026-02-18,FO,NSE,STO,62519,,ALKEM,,2026-03-30,2026-03-30,5200.0,CE,ALKEM26MAR5200CE,0.0,0.0,0.0,477.1,0.0,477.1,5464.0,350.8,0,0,0,0.0,0,F1,125,,,,,
2026-02-18,2026-02-18,FO,NSE,STO,78956,,ALKEM,,2026-03-30,2026-03-30,5350.0,CE,ALKEM26MAR5350CE,0.0,0.0,0.0,530.65,0.0,530.65,5464.0,247.8,0,0,0,0.0,0,F1,125,,,,,
2026-02-18,2026-02-18,FO,NSE,STO,62529,,ALKEM,,2026-03-30,2026-03-30,5500.0,CE,ALKEM26MAR5500CE,161.7,161.7,132.45,145.85,144.0,154.0,5464.0,145.85,10375,125,20,14120843.75,15,F1,125,,,,,
2026-02-18,2026-02-18,FO,NSE,STO,62538,,ALKEM,,2026-03-30,2026-03-30,5900.0,CE,ALKEM26MAR5900CE,38.0,38.0,35.0,35.8,35.8,40.15,5464.0,41.55,1625,-125,4,2968056.25,4,F1,125,,,,,
2026-02-18,2026-02-18,FO,NSE,STO,78972,,ALKEM,,2026-03-30,2026-03-30,6150.0,CE,ALKEM26MAR6150CE,0.0,0.0,0.0,116.7,0.0,116.7,5464.0,13.95,0,0,0,0.0,0,F1,125,,,,,
2026-02-18,2026-02-18,FO,NSE,STO,78978,,ALKEM,,2026-03-30,2026-03-30,6450.0,CE,ALKEM26MAR6450CE,0.0,0.0,0.0,54.55,0.0,54.55,5464.0,3.0,0,0,0,0.0,0,F1,125,,,,,
2026-02-18,2026-02-18,FO,NSE,STO,62040,,ALKEM,,2026-02-24,2026-02-24,6150.0,PE,ALKEM26FEB6150PE,0.0,0.0,0.0,343.4,343.4,343.4,5464.0,680.45,125,0,0,0.0,0,F1,125,,,,,
2026-02-18,2026-02-18,FO,NSE,STO,78955,,ALKEM,,2026-03-30,2026-03-30,5250.0,PE,ALKEM26MAR5250PE,0.0,0.0,0.0,50.55,0.0,50.55,5464.0,68.8,0,0,0,0.0,0,F1,125,,,,,
2026-02-18,2026-02-18,FO,NSE,STO,62524,,ALKEM,,2026-03-30,2026-03-30,5300.0,PE,ALKEM26MAR5300PE,125.0,125.0,103.75,103.9,104.1,127.65,5464.0,103.9,2625,-125,7,4731962.5,7,F1,125,,,,,
2026-02-18,2026-02-18,FO,NSE,STO,78977,,ALKEM,,2026-03-30,2026-03-30,6350.0,PE,ALKEM26MAR6350PE,0.0,0.0,0.0,600.7,0.0,600.7,5464.0,853.0,0,0,0,0.0,0,F1,125,,,,,
2026-02-18,2026-02-18,FO,NSE,STO,78960,,ALKEM,,2026-03-30,2026-03-30,5550.0,CE,ALKEM26MAR5550CE,0.0,0.0,0.0,389.5,0.0,389.5,5464.0,142.55,0,0,0,0.0,0,F1,125,,,,,
2026-02-18,2026-02-18,FO,NSE,STO,61874,,ALKEM,,2026-02-24,2026-02-24,5050.0,CE,ALKEM26FEB5050CE,0.0,0.0,0.0,520.25,0.0,520.25,5464.0,418.75,0,0,0,0.0,0,F1,125,,,,,
2026-02-18,2026-02-18,FO,NSE,STO,61866,,ALKEM,,2026-02-24,2026-02-24,4750.0,CE,ALKEM26FEB4750CE,0.0,0.0,0.0,649.75,649.75,649.75,5464.0,718.3,375,0,0,0.0,0,F1,125,,,,,
2026-02-18,2026-02-18,FO,NSE,STF,66706,,ALKEM,,2026-04-28,2026-04-28,,,ALKEM26APRFUT,5462.0,5475.0,5429.0,5466.0,5457.5,5460.0,5464.0,5466.0,750,250,8,5448187.5,8,F1,125,,,,,
2026-02-18,2026-02-18,FO,NSE,STF,59203,,ALKEM,,2026-02-24,2026-02-24,,,ALKEM26FEBFUT,5411.0,5436.0,5353.5,5414.0,5401.5,5412.0,5464.0,5414.0,1190625,-43875,1583,1068950687.5,1297,F1,125,,,,,
2026-02-18,2026-02-18,FO,NSE,STO,78954,,ALKEM,,2026-03-30,2026-03-30,5250.0,CE,ALKEM26MAR5250CE,0.0,0.0,0.0,609.45,0.0,609.45,5464.0,314.35,0,0,0,0.0,0,F1,125,,,,,
2026-02-18,2026-02-18,FO,NSE,STO,79319,,ALKEM,,2026-04-28,2026-04-28,5900.0,PE,ALKEM26APR5900PE,0.0,0.0,0.0,322.15,0.0,322.15,5464.0,461.6,0,0,0,0.0,0,F1,125,,,,,
2026-02-18,2026-02-18,FO,NSE,STO,78949,,ALKEM,,2026-03-30,2026-03-30,4950.0,PE,ALKEM26MAR4950PE,0.0,0.0,0.0,15.25,0.0,15.25,5464.0,15.55,0,0,0,0.0,0,F1,125,,,,,
2026-02-18,2026-02-18,FO,NSE,STO,71480,,ALKEM,,2026-02-24,2026-02-24,6700.0,PE,ALKEM26FEB6700PE,0.0,0.0,0.0,1304.5,1304.5,1304.5,5464.0,1229.95,375,0,0,0.0,0,F1,125,,,,,
2026-02-18,2026-02-18,FO,NSE,STO,62071,,ALKEM,,2026-02-24,2026-02-24,6350.0,PE,ALKEM26FEB6350PE,0.0,0.0,0.0,958.35,958.35,958.35,5464.0,880.25,1125,0,0,0.0,0,F1,125,,,,,
2026-02-18,2026-02-18,FO,NSE,STO,71454,,ALKEM,,2026-02-24,2026-02-24,5900.0,PE,ALKEM26FEB5900PE,0.0,0.0,0.0,526.75,526.75,526.75,5464.0,430.95,11500,0,0,0.0,0,F1,125,,,,,
2026-02-18,2026-02-18,FO,NSE,STO,71420,,ALKEM,,2026-02-24,2026-02-24,5400.0,PE,ALKEM26FEB5400PE,73.4,99.75,52.5,57.25,59.5,75.7,5464.0,57.25,28250,375,826,565044075.0,662,F1,125,,,,,
2026-02-18,2026-02-18,FO,NSE,STO,71418,,ALKEM,,2026-02-24,2026-02-24,5300.0,PE,ALKEM26FEB5300PE,36.0,46.8,20.0,21.9,23.05,37.5,5464.0,21.9,40500,2750,625,416532137.5,536,F1,125,,,,,
2026-02-18,2026-02-18,FO,NSE,STO,61870,,ALKEM,,2026-02-24,2026-02-24,4850.0,PE,ALKEM26FEB4850PE,0.0,0.0,0.0,3.0,3.0,3.0,5464.0,0.05,750,0,0,0.0,0,F1,125,,,,,
2026-02-18,2026-02-18,FO,NSE,STO,79349,,ALKEM,,2026-04-28,2026-04-28,6400.0,CE,ALKEM26APR6400CE,0.0,0.0,0.0,107.15,0.0,107.15,5464.0,18.55,0,0,0,0.0,0,F1,125,,,,,
2026-02-18,2026-02-18,FO,NSE,STO,79308,,ALKEM,,2026-04-28,2026-04-28,5400.0,CE,ALKEM26APR5400CE,0.0,0.0,0.0,551.85,0.0,551.85,5464.0,281.75,0,0,0,0.0,0,F1,125,,,,,
2026-02-18,2026-02-18,FO,NSE,STO,79292,,ALKEM,,2026-04-28,2026-04-28,4800.0,CE,ALKEM26APR4800CE,0.0,0.0,0.0,1045.15,0.0,1045.15,5464.0,732.7,0,0,0,0.0,0,F1,125,,,,,
2026-02-18,2026-02-18,FO,NSE,STO,62629,,ALKEM,,2026-03-30,2026-03-30,6700.0,CE,ALKEM26MAR6700CE,0.0,0.0,0.0,23.95,0.0,23.95,5464.0,0.7,0,0,0,0.0,0,F1,125,,,,,
2026-02-18,2026-02-18,FO,NSE,STO,62611,,ALKEM,,2026-03-30,2026-03-30,6500.0,CE,ALKEM26MAR6500CE,0.0,0.0,0.0,19.05,19.05,19.05,5464.0,2.3,625,0,0,0.0,0,F1,125,,,,,
2026-02-18,2026-02-18,FO,NSE,STO,61875,,ALKEM,,2026-02-24,2026-02-24,5050.0,PE,ALKEM26FEB5050PE,0.0,0.0,0.0,54.6,0.0,54.6,5464.0,0.15,0,0,0,0.0,0,F1,125,,,,,
2026-02-18,2026-02-18,FO,NSE,STO,61963,,ALKEM,,2026-02-24,2026-02-24,5650.0,PE,ALKEM26FEB5650PE,271.4,297.55,233.55,233.55,233.55,232.15,5464.0,192.2,5875,-375,15,11078537.5,15,F1,125,,,,,
2026-02-18,2026-02-18,FO,NSE,STO,61969,,ALKEM,,2026-02-24,2026-02-24,5950.0,PE,ALKEM26FEB5950PE,0.0,0.0,0.0,587.65,587.65,587.65,5464.0,480.75,750,0,0,0.0,0,F1,125,,,,,
2026-02-18,2026-02-18,FO,NSE,STO,71464,,ALKEM,,2026-02-24,2026-02-24,6400.0,PE,ALKEM26FEB6400PE,0.0,0.0,0.0,720.0,720.0,720.0,5464.0,930.2,125,0,0,0.0,0,F1,125,,,,,
2026-02-18,2026-02-18,FO,NSE,STO,71407,,ALKEM,,2026-02-24,2026-02-24,5100.0,PE,ALKEM26FEB5100PE,6.9,8.9,3.45,3.7,3.9,15.7,5464.0,3.7,16750,-11875,541,345323831.25,452,F1,125,,,,,
2026-02-18,2026-02-18,FO,NSE,STO,61872,,ALKEM,,2026-02-24,2026-02-24,4950.0,CE,ALKEM26FEB4950CE,0.0,0.0,0.0,601.9,0.0,601.9,5464.0,518.5,0,0,0,0.0,0,F1,125,,,,,
2026-02-18,2026-02-18,FO,NSE,STO,71463,,ALKEM,,2026-02-24,2026-02-24,6400.0,CE,ALKEM26FEB6400CE,1.0,1.0,0.35,0.35,0.35,0.8,5464.0,0.35,10250,-1125,33,26402893.75,17,F1,125,,,,,
2026-02-18,2026-02-18,FO,NSE,STO,71467,,ALKEM,,2026-02-24,2026-02-24,6600.0,CE,ALKEM26FEB6600CE,0.6,0.6,0.6,0.6,0.6,0.6,5464.0,0.05,3500,-250,2,1650150.0,1,F1,125,,,,,
2026-02-18,2026-02-18,FO,NSE,STO,79294,,ALKEM,,2026-04-28,2026-04-28,4900.0,CE,ALKEM26APR4900CE,0.0,0.0,0.0,954.65,0.0,954.65,5464.0,644.4,0,0,0,0.0,0,F1,125,,,,,
2026-02-18,2026-02-18,FO,NSE,STO,79300,,ALKEM,,2026-04-28,2026-04-28,5200.0,CE,ALKEM26APR5200CE,0.0,0.0,0.0,701.1,0.0,701.1,5464.0,408.15,0,0,0,0.0,0,F1,125,,,,,
2026-02-18,2026-02-18,FO,NSE,STO,79304,,ALKEM,,2026-04-28,2026-04-28,5300.0,CE,ALKEM26APR5300CE,0.0,0.0,0.0,624.15,0.0,624.15,5464.0,341.45,0,0,0,0.0,0,F1,125,,,,,
2026-02-18,2026-02-18,FO,NSE,STO,79315,,ALKEM,,2026-04-28,2026-04-28,5700.0,PE,ALKEM26APR5700PE,0.0,0.0,0.0,223.35,0.0,223.35,5464.0,322.15,0,0,0,0.0,0,F1,125,,,,,
2026-02-18,2026-02-18,FO,NSE,STO,79299,,ALKEM,,2026-04-28,2026-04-28,5100.0,PE,ALKEM26APR5100PE,0.0,0.0,0.0,50.05,0.0,50.05,5464.0,64.55,0,0,0,0.0,0,F1,125,,,,,
2026-02-18,2026-02-18,FO,NSE,STO,79289,,ALKEM,,2026-04-28,2026-04-28,4600.0,PE,ALKEM26APR4600PE,0.0,0.0,0.0,7.65,0.0,7.65,5464.0,6.85,0,0,0,0.0,0,F1,125,,,,,
2026-02-18,2026-02-18,FO,NSE,STO,78973,,ALKEM,,2026-03-30,2026-03-30,6150.0,PE,ALKEM26MAR6150PE,0.0,0.0,0.0,448.35,0.0,448.35,5464.0,663.0,0,0,0,0.0,0,F1,125,,,,,
2026-02-18,2026-02-18,FO,NSE,STO,78963,,ALKEM,,2026-03-30,2026-03-30,5650.0,PE,ALKEM26MAR5650PE,0.0,0.0,0.0,165.05,0.0,165.05,5464.0,255.85,0,0,0,0.0,0,F1,125,,,,,
2026-02-18,2026-02-18,FO,NSE,STO,78945,,ALKEM,,2026-03-30,2026-03-30,4750.0,PE,ALKEM26MAR4750PE,0.0,0.0,0.0,5.7,0.0,5.7,5464.0,4.2,0,0,0,0.0,0,F1,125,,,,,
2026-02-18,2026-02-18,FO,NSE,STO,71374,,ALKEM,,2026-02-24,2026-02-24,4600.0,PE,ALKEM26FEB4600PE,0.0,0.0,0.0,1.2,1.2,1.2,5464.0,0.05,625,0,0,0.0,0,F1,125,,,,,
2026-02-18,2026-02-18,FO,NSE,STO,71376,,ALKEM,,2026-02-24,2026-02-24,4700.0,PE,ALKEM26FEB4700PE,1.0,1.1,0.75,0.8,0.8,1.25,5464.0,0.8,19500,-1125,53,31143218.75,36,F1,125,,,,,
2026-02-18,2026-02-18,FO,NSE,STO,78957,,ALKEM,,2026-03-30,2026-03-30,5350.0,PE,ALKEM26MAR5350PE,0.0,0.0,0.0,70.7,0.0,70.7,5464.0,101.65,0,0,0,0.0,0,F1,125,,,,,
2026-02-18,2026-02-18,FO,NSE,STO,79359,,ALKEM,,2026-04-28,2026-04-28,6600.0,CE,ALKEM26APR6600CE,0.0,0.0,0.0,70.55,0.0,70.55,5464.0,9.1,0,0,0,0.0,0,F1,125,,,,,
2026-02-18,2026-02-18,FO,NSE,STO,79277,,ALKEM,,2026-04-28,2026-04-28,4600.0,CE,ALKEM26APR4600CE,0.0,0.0,0.0,1232.05,0.0,1232.05,5464.0,918.45,0,0,0,0.0,0,F1,125,,,,,
2026-02-18,2026-02-18,FO,NSE,STO,78970,,ALKEM,,2026-03-30,2026-03-30,6050.0,CE,ALKEM26MAR6050CE,0.0,0.0,0.0,102.0,102.0,102.0,5464.0,22.05,125,0,0,0.0,0,F1,125,,,,,
2026-02-18,2026-02-18,FO,NSE,STO,78962,,ALKEM,,2026-03-30,2026-03-30,5650.0,CE,ALKEM26MAR5650CE,0.0,0.0,0.0,328.15,0.0,328.15,5464.0,103.8,0,0,0,0.0,0,F1,125,,,,,
2026-02-18,2026-02-18,FO,NSE,STO,78948,,ALKEM,,2026-03-30,2026-03-30,4950.0,CE,ALKEM26MAR4950CE,0.0,0.0,0.0,871.05,0.0,871.05,5464.0,559.25,0,0,0,0.0,0,F1,125,,,,,
2026-02-18,2026-02-18,FO,NSE,STO,62358,,ALKEM,,2026-03-30,2026-03-30,4900.0,CE,ALKEM26MAR4900CE,0.0,0.0,0.0,698.7,0.0,698.7,5464.0,604.95,0,0,0,0.0,0,F1,125,,,,,
2026-02-18,2026-02-18,FO,NSE,STO,61968,,ALKEM,,2026-02-24,2026-02-24,5950.0,CE,ALKEM26FEB5950CE,3.0,3.0,2.3,2.6,2.5,3.65,5464.0,2.6,4625,-1875,47,34971400.0,45,F1,125,,,,,
2026-02-18,2026-02-18,FO,NSE,STO,71419,,ALKEM,,2026-02-24,2026-02-24,5400.0,CE,ALKEM26FEB5400CE,73.3,91.3,53.0,70.75,65.2,86.6,5464.0,70.75,22375,1500,661,451804375.0,540,F1,125,,,,,
2026-02-18,2026-02-18,FO,NSE,STF,51735,,ALKEM,,2026-03-30,2026-03-30,,,ALKEM26MARFUT,5442.0,5467.0,5394.5,5448.5,5448.0,5445.0,5464.0,5448.5,105625,49625,727,493950375.0,610,F1,125,,,,,
2026-02-18,2026-02-18,FO,NSE,STO,61961,,ALKEM,,2026-02-24,2026-02-24,5550.0,PE,ALKEM26FEB5550PE,0.0,0.0,0.0,168.65,180.8,168.65,5464.0,113.4,3375,0,0,0.0,0,F1,125,,,,,
2026-02-18,2026-02-18,FO,NSE,STO,79329,,ALKEM,,2026-04-28,2026-04-28,6000.0,PE,ALKEM26APR6000PE,0.0,0.0,0.0,379.4,0.0,379.4,5464.0,539.4,0,0,0,0.0,0,F1,125,,,,,
2026-02-18,2026-02-18,FO,NSE,STO,79297,,ALKEM,,2026-04-28,2026-04-28,5000.0,PE,ALKEM26APR5000PE,0.0,0.0,0.0,36.25,0.0,36.25,5464.0,44.6,0,0,0,0.0,0,F1,125,,,,,
2026-02-18,2026-02-18,FO,NSE,STO,62584,,ALKEM,,2026-03-30,2026-03-30,6300.0,PE,ALKEM26MAR6300PE,0.0,0.0,0.0,800.85,0.0,800.85,5464.0,804.8,0,0,0,0.0,0,F1,125,,,,,
2026-02-18,2026-02-18,FO,NSE,STO,62530,,ALKEM,,2026-03-30,2026-03-30,5500.0,PE,ALKEM26MAR5500PE,205.0,230.8,190.0,193.5,193.0,210.0,5464.0,193.5,11750,-125,21,14973493.75,19,F1,125,,,,,
2026-02-18,2026-02-18,FO,NSE,STO,79352,,ALKEM,,2026-04-28,2026-04-28,6500.0,PE,ALKEM26APR6500PE,0.0,0.0,0.0,733.6,0.0,733.6,5464.0,981.85,0,0,0,0.0,0,F1,125,,,,,
2026-02-18,2026-02-18,FO,NSE,STO,79301,,ALKEM,,2026-04-28,2026-04-28,5200.0,PE,ALKEM26APR5200PE,0.0,0.0,0.0,67.45,0.0,67.45,5464.0,90.35,0,0,0,0.0,0,F1,125,,,,,
2026-02-18,2026-02-18,FO,NSE,STO,78967,,ALKEM,,2026-03-30,2026-03-30,5850.0,PE,ALKEM26MAR5850PE,0.0,0.0,0.0,259.7,0.0,259.7,5464.0,401.45,0,0,0,0.0,0,F1,125,,,,,
2026-02-18,2026-02-18,FO,NSE,STO,78965,,ALKEM,,2026-03-30,2026-03-30,5750.0,PE,ALKEM26MAR5750PE,0.0,0.0,0.0,209.1,0.0,209.1,5464.0,324.95,0,0,0,0.0,0,F1,125,,,,,
2026-02-18,2026-02-18,FO,NSE,STO,78959,,ALKEM,,2026-03-30,2026-03-30,5450.0,PE,ALKEM26MAR5450PE,0.0,0.0,0.0,96.3,0.0,96.3,5464.0,143.7,0,0,0,0.0,0,F1,125,,,,,
2026-02-18,2026-02-18,FO,NSE,STO,62514,,ALKEM,,2026-03-30,2026-03-30,4900.0,PE,ALKEM26MAR4900PE,0.0,0.0,0.0,57.15,0.0,57.15,5464.0,11.5,0,0,0,0.0,0,F1,125,,,,,
2026-02-18,2026-02-18,FO,NSE,STO,62355,,ALKEM,,2026-03-30,2026-03-30,4700.0,PE,ALKEM26MAR4700PE,0.0,0.0,0.0,29.1,0.0,29.1,5464.0,2.9,0,0,0,0.0,0,F1,125,,,,,
2026-02-18,2026-02-18,FO,NSE,STO,71460,,ALKEM,,2026-02-24,2026-02-24,6200.0,PE,ALKEM26FEB6200PE,0.0,0.0,0.0,556.15,0.0,556.15,5464.0,730.4,0,0,0,0.0,0,F1,125,,,,,
2026-02-18,2026-02-18,FO,NSE,STO,71442,,ALKEM,,2026-02-24,2026-02-24,5800.0,PE,ALKEM26FEB5800PE,372.05,443.1,372.05,394.7,394.7,372.05,5464.0,332.25,17500,-875,17,13204981.25,17,F1,125,,,,,
2026-02-18,2026-02-18,FO,NSE,STO,79330,,ALKEM,,2026-04-28,2026-04-28,6100.0,CE,ALKEM26APR6100CE,0.0,0.0,0.0,189.0,0.0,189.0,5464.0,48.75,0,0,0,0.0,0,F1,125,,,,,
2026-02-18,2026-02-18,FO,NSE,STO,78946,,ALKEM,,2026-03-30,2026-03-30,4850.0,CE,ALKEM26MAR4850CE,0.0,0.0,0.0,964.25,0.0,964.25,5464.0,651.5,0,0,0,0.0,0,F1,125,,,,,
2026-02-18,2026-02-18,FO,NSE,STO,61882,,ALKEM,,2026-02-24,2026-02-24,5450.0,CE,ALKEM26FEB5450CE,60.05,66.8,37.2,48.75,45.0,65.4,5464.0,48.75,15375,-5000,759,521795106.25,644,F1,125,,,,,
2026-02-18,2026-02-18,FO,NSE,STO,61876,,ALKEM,,2026-02-24,2026-02-24,5150.0,CE,ALKEM26FEB5150CE,0.0,0.0,0.0,444.3,0.0,444.3,5464.0,319.9,0,0,0,0.0,0,F1,125,,,,,
2026-02-18,2026-02-18,FO,NSE,STO,79317,,ALKEM,,2026-04-28,2026-04-28,5800.0,PE,ALKEM26APR5800PE,0.0,0.0,0.0,270.1,0.0,270.1,5464.0,388.95,0,0,0,0.0,0,F1,125,,,,,
2026-02-18,2026-02-18,FO,NSE,STO,62626,,ALKEM,,2026-03-30,2026-03-30,6500.0,PE,ALKEM26MAR6500PE,0.0,0.0,0.0,974.2,0.0,974.2,5464.0,999.2,0,0,0,0.0,0,F1,125,,,,,
2026-02-18,2026-02-18,FO,NSE,STO,62559,,ALKEM,,2026-03-30,2026-03-30,6200.0,PE,ALKEM26MAR6200PE,0.0,0.0,0.0,718.15,0.0,718.15,5464.0,709.75,0,0,0,0.0,0,F1,125,,,,,
2026-02-18,2026-02-18,FO,NSE,STO,62548,,ALKEM,,2026-03-30,2026-03-30,6100.0,PE,ALKEM26MAR6100PE,0.0,0.0,0.0,638.65,0.0,638.65,5464.0,616.95,0,0,0,0.0,0,F1,125,,,,,
2026-02-18,2026-02-18,FO,NSE,STO,62528,,ALKEM,,2026-03-30,2026-03-30,5400.0,PE,ALKEM26MAR5400PE,165.0,174.05,140.0,142.35,142.0,206.5,5464.0,142.35,625,625,8,5554525.0,8,F1,125,,,,,
2026-02-18,2026-02-18,FO,NSE,STO,62520,,ALKEM,,2026-03-30,2026-03-30,5200.0,PE,ALKEM26MAR5200PE,92.0,92.0,92.0,92.0,92.0,92.0,5464.0,55.55,625,0,4,2646000.0,2,F1,125,,,,,
2026-02-18,2026-02-18,FO,NSE,STO,62357,,ALKEM,,2026-03-30,2026-03-30,4800.0,PE,ALKEM26MAR4800PE,0.0,0.0,0.0,41.35,0.0,41.35,5464.0,6.0,0,0,0,0.0,0,F1,125,,,,,
2026-02-18,2026-02-18,FO,NSE,STO,71456,,ALKEM,,2026-02-24,2026-02-24,6000.0,PE,ALKEM26FEB6000PE,0.0,0.0,0.0,285.25,285.25,285.25,5464.0,530.6,625,0,0,0.0,0,F1,125,,,,,
2026-02-18,2026-02-18,FO,NSE,STO,61967,,ALKEM,,2026-02-24,2026-02-24,5850.0,PE,ALKEM26FEB5850PE,466.7,466.7,435.15,435.15,435.15,434.1,5464.0,381.4,500,-375,6,4723325.0,6,F1,125,,,,,
2026-02-18,2026-02-18,FO,NSE,STO,71424,,ALKEM,,2026-02-24,2026-02-24,5600.0,PE,ALKEM26FEB5600PE,194.35,253.0,190.15,196.5,206.0,218.15,5464.0,196.5,34375,-7625,92,66809681.25,59,F1,125,,,,,
2026-02-18,2026-02-18,FO,NSE,STO,61885,,ALKEM,,2026-02-24,2026-02-24,5450.0,PE,ALKEM26FEB5450PE,109.0,128.85,81.05,85.8,88.2,100.9,5464.0,85.8,5625,-1125,80,55498356.25,77,F1,125,,,,,
2026-02-18,2026-02-18,FO,NSE,STO,61879,,ALKEM,,2026-02-24,2026-02-24,5250.0,PE,ALKEM26FEB5250PE,20.35,31.3,12.45,13.75,13.75,26.1,5464.0,6.1,9750,2375,80,52708037.5,71,F1,125,,,,,
2026-02-18,2026-02-18,FO,NSE,STO,71381,,ALKEM,,2026-02-24,2026-02-24,4900.0,PE,ALKEM26FEB4900PE,2.0,2.45,2.0,2.45,2.45,3.65,5464.0,0.05,2250,-1125,26,15932050.0,15,F1,125,,,,,
2026-02-18,2026-02-18,FO,NSE,STO,79351,,ALKEM,,2026-04-28,2026-04-28,6500.0,CE,ALKEM26APR6500CE,0.0,0.0,0.0,87.15,0.0,87.15,5464.0,13.05,0,0,0,0.0,0,F1,125,,,,,
2026-02-18,2026-02-18,FO,NSE,STO,78979,,ALKEM,,2026-03-30,2026-03-30,6450.0,PE,ALKEM26MAR6450PE,0.0,0.0,0.0,683.1,0.0,683.1,5464.0,950.25,0,0,0,0.0,0,F1,125,,,,,
2026-02-18,2026-02-18,FO,NSE,STO,79334,,ALKEM,,2026-04-28,2026-04-28,6300.0,CE,ALKEM26APR6300CE,0.0,0.0,0.0,130.1,0.0,130.1,5464.0,25.95,0,0,0,0.0,0,F1,125,,,,,
2026-02-18,2026-02-18,FO,NSE,STO,79314,,ALKEM,,2026-04-28,2026-04-28,5700.0,CE,ALKEM26APR5700CE,0.0,0.0,0.0,364.65,0.0,364.65,5464.0,145.1,0,0,0,0.0,0,F1,125,,,,,
2026-02-18,2026-02-18,FO,NSE,STO,62536,,ALKEM,,2026-03-30,2026-03-30,5800.0,CE,ALKEM26MAR5800CE,70.1,70.1,48.35,48.4,48.4,70.1,5464.0,61.2,1750,-125,6,4391787.5,6,F1,125,,,,,
2026-02-18,2026-02-18,FO,NSE,STO,62041,,ALKEM,,2026-02-24,2026-02-24,6250.0,CE,ALKEM26FEB6250CE,0.0,0.0,0.0,1.9,1.9,1.9,5464.0,0.05,3625,0,0,0.0,0,F1,125,,,,,
2026-02-18,2026-02-18,FO,NSE,STO,71457,,ALKEM,,2026-02-24,2026-02-24,6100.0,CE,ALKEM26FEB6100CE,2.3,2.6,1.25,1.3,1.3,2.25,5464.0,1.3,17875,-1375,106,80847150.0,91,F1,125,,,,,
2026-02-18,2026-02-18,FO,NSE,STO,71380,,ALKEM,,2026-02-24,2026-02-24,4900.0,CE,ALKEM26FEB4900CE,0.0,0.0,0.0,749.95,749.95,749.95,5464.0,568.45,750,0,0,0.0,0,F1,125,,,,,
2026-02-18,2026-02-18,FO,NSE,STO,79305,,ALKEM,,2026-04-28,2026-04-28,5300.0,PE,ALKEM26APR5300PE,0.0,0.0,0.0,88.95,0.0,88.95,5464.0,122.65,0,0,0,0.0,0,F1,125,,,,,
2026-02-18,2026-02-18,FO,NSE,STO,79291,,ALKEM,,2026-04-28,2026-04-28,4700.0,PE,ALKEM26APR4700PE,0.0,0.0,0.0,11.8,0.0,11.8,5464.0,11.7,0,0,0,0.0,0,F1,125,,,,,
2026-02-18,2026-02-18,FO,NSE,STO,71459,,ALKEM,,2026-02-24,2026-02-24,6200.0,CE,ALKEM26FEB6200CE,1.5,2.65,1.2,1.4,1.2,1.95,5464.0,1.4,18000,-2875,221,171326393.75,93,F1,125,,,,,
2026-02-18,2026-02-18,FO,NSE,STO,71383,,ALKEM,,2026-02-24,2026-02-24,5000.0,PE,ALKEM26FEB5000PE,5.15,5.15,1.75,1.95,2.0,5.45,5464.0,1.95,25875,-3375,211,131961556.25,167,F1,125,,,,,
2026-02-18,2026-02-18,FO,NSE,STO,62038,,ALKEM,,2026-02-24,2026-02-24,6050.0,PE,ALKEM26FEB6050PE,0.0,0.0,0.0,569.2,569.2,569.2,5464.0,580.55,2000,0,0,0.0,0,F1,125,,,,,
2026-02-18,2026-02-18,FO,NSE,STO,62050,,ALKEM,,2026-02-24,2026-02-24,6250.0,PE,ALKEM26FEB6250PE,0.0,0.0,0.0,754.05,0.0,754.05,5464.0,780.35,0,0,0,0.0,0,F1,125,,,,,
2026-02-18,2026-02-18,FO,NSE,STO,78953,,ALKEM,,2026-03-30,2026-03-30,5150.0,PE,ALKEM26MAR5150PE,0.0,0.0,0.0,35.05,0.0,35.05,5464.0,44.3,0,0,0,0.0,0,F1,125,,,,,
2026-02-18,2026-02-18,FO,NSE,STO,78961,,ALKEM,,2026-03-30,2026-03-30,5550.0,PE,ALKEM26MAR5550PE,0.0,0.0,0.0,127.45,0.0,127.45,5464.0,195.2,0,0,0,0.0,0,F1,125,,,,,
2026-02-18,2026-02-18,FO,NSE,STO,78969,,ALKEM,,2026-03-30,2026-03-30,5950.0,PE,ALKEM26MAR5950PE,0.0,0.0,0.0,316.65,0.0,316.65,5464.0,484.1,0,0,0,0.0,0,F1,125,,,,,
2026-02-18,2026-02-18,FO,NSE,STO,78971,,ALKEM,,2026-03-30,2026-03-30,6050.0,PE,ALKEM26MAR6050PE,0.0,0.0,0.0,379.65,0.0,379.65,5464.0,571.7,0,0,0,0.0,0,F1,125,,,,,
2026-02-18,2026-02-18,FO,NSE,STO,79320,,ALKEM,,2026-04-28,2026-04-28,6000.0,CE,ALKEM26APR6000CE,0.0,0.0,0.0,225.3,0.0,225.3,5464.0,65.45,0,0,0,0.0,0,F1,125,,,,,
2026-02-18,2026-02-18,FO,NSE,STO,79298,,ALKEM,,2026-04-28,2026-04-28,5100.0,CE,ALKEM26APR5100CE,0.0,0.0,0.0,782.15,0.0,782.15,5464.0,481.3,0,0,0,0.0,0,F1,125,,,,,
2026-02-18,2026-02-18,FO,NSE,STO,62585,,ALKEM,,2026-03-30,2026-03-30,6400.0,CE,ALKEM26MAR6400CE,0.0,0.0,0.0,41.0,41.0,41.0,5464.0,3.95,0,0,0,0.0,0,F1,125,,,,,
2026-02-18,2026-02-18,FO,NSE,STO,62549,,ALKEM,,2026-03-30,2026-03-30,6200.0,CE,ALKEM26MAR6200CE,0.0,0.0,0.0,78.95,0.0,78.95,5464.0,11.0,0,0,0,0.0,0,F1,125,,,,,
2026-02-18,2026-02-18,FO,NSE,STO,62543,,ALKEM,,2026-03-30,2026-03-30,6100.0,CE,ALKEM26MAR6100CE,0.0,0.0,0.0,133.05,133.05,133.05,5464.0,17.6,250,0,0,0.0,0,F1,125,,,,,
2026-02-18,2026-02-18,FO,NSE,STO,78968,,ALKEM,,2026-03-30,2026-03-30,5950.0,CE,ALKEM26MAR5950CE,0.0,0.0,0.0,182.85,0.0,182.85,5464.0,33.9,0,0,0,0.0,0,F1,125,,,,,
2026-02-18,2026-02-18,FO,NSE,STO,62533,,ALKEM,,2026-03-30,2026-03-30,5700.0,CE,ALKEM26MAR5700CE,0.0,0.0,0.0,168.9,168.9,168.9,5464.0,87.65,0,0,0,0.0,0,F1,125,,,,,
2026-02-18,2026-02-18,FO,NSE,STO,62521,,ALKEM,,2026-03-30,2026-03-30,5300.0,CE,ALKEM26MAR5300CE,232.0,235.0,231.0,235.0,235.0,263.5,5464.0,279.95,6750,125,5,3457625.0,5,F1,125,,,,,
2026-02-18,2026-02-18,FO,NSE,STO,78952,,ALKEM,,2026-03-30,2026-03-30,5150.0,CE,ALKEM26MAR5150CE,0.0,0.0,0.0,692.95,0.0,692.95,5464.0,389.25,0,0,0,0.0,0,F1,125,,,,,
2026-02-18,2026-02-18,FO,NSE,STO,78950,,ALKEM,,2026-03-30,2026-03-30,5050.0,CE,ALKEM26MAR5050CE,0.0,0.0,0.0,780.35,0.0,780.35,5464.0,471.35,0,0,0,0.0,0,F1,125,,,,,
2026-02-18,2026-02-18,FO,NSE,STO,62515,,ALKEM,,2026-03-30,2026-03-30,5000.0,CE,ALKEM26MAR5000CE,0.0,0.0,0.0,620.1,0.0,620.1,5464.0,514.7,0,0,0,0.0,0,F1,125,,,,,
2026-02-18,2026-02-18,FO,NSE,STO,78944,,ALKEM,,2026-03-30,2026-03-30,4750.0,CE,ALKEM26MAR4750CE,0.0,0.0,0.0,1059.4,0.0,1059.4,5464.0,746.75,0,0,0,0.0,0,F1,125,,,,,
2026-02-18,2026-02-18,FO,NSE,STO,71461,,ALKEM,,2026-02-24,2026-02-24,6300.0,CE,ALKEM26FEB6300CE,2.5,2.5,0.8,1.0,1.0,1.3,5464.0,0.05,5875,-2250,38,29930100.0,30,F1,125,,,,,
2026-02-18,2026-02-18,FO,NSE,STO,79332,,ALKEM,,2026-04-28,2026-04-28,6200.0,CE,ALKEM26APR6200CE,0.0,0.0,0.0,157.4,0.0,157.4,5464.0,35.8,0,0,0,0.0,0,F1,125,,,,,
2026-02-18,2026-02-18,FO,NSE,STO,62610,,ALKEM,,2026-03-30,2026-03-30,6400.0,PE,ALKEM26MAR6400PE,0.0,0.0,0.0,886.3,0.0,886.3,5464.0,901.5,0,0,0,0.0,0,F1,125,,,,,
2026-02-18,2026-02-18,FO,NSE,STO,71373,,ALKEM,,2026-02-24,2026-02-24,4600.0,CE,ALKEM26FEB4600CE,0.0,0.0,0.0,1181.8,0.0,1181.8,5464.0,868.15,0,0,0,0.0,0,F1,125,,,,,
2026-02-18,2026-02-18,FO,NSE,STO,71375,,ALKEM,,2026-02-24,2026-02-24,4700.0,CE,ALKEM26FEB4700CE,0.0,0.0,0.0,1088.95,0.0,1088.95,5464.0,768.25,0,0,0,0.0,0,F1,125,,,,,
2026-02-18,2026-02-18,FO,NSE,STO,61964,,ALKEM,,2026-02-24,2026-02-24,5750.0,CE,ALKEM26FEB5750CE,8.25,9.25,5.1,6.2,5.4,10.3,5464.0,6.2,27875,-500,124,89234600.0,95,F1,125,,,,,
2026-02-18,2026-02-18,FO,NSE,STO,62542,,ALKEM,,2026-03-30,2026-03-30,6000.0,PE,ALKEM26MAR6000PE,0.0,0.0,0.0,562.95,0.0,562.95,5464.0,527.35,0,0,0,0.0,0,F1,125,,,,,
2026-02-18,2026-02-18,FO,NSE,STO,71479,,ALKEM,,2026-02-24,2026-02-24,6700.0,CE,ALKEM26FEB6700CE,0.0,0.0,0.0,55.8,0.0,55.8,5464.0,0.05,0,0,0,0.0,0,F1,125,,,,,
2026-02-18,2026-02-18,FO,NSE,STO,62517,,ALKEM,,2026-03-30,2026-03-30,5100.0,CE,ALKEM26MAR5100CE,0.0,0.0,0.0,546.3,0.0,546.3,5464.0,429.5,0,0,0,0.0,0,F1,125,,,,,
2026-02-18,2026-02-18,FO,NSE,STO,78966,,ALKEM,,2026-03-30,2026-03-30,5850.0,CE,ALKEM26MAR5850CE,0.0,0.0,0.0,221.0,221.0,221.0,5464.0,50.6,125,0,0,0.0,0,F1,125,,,,,
2026-02-18,2026-02-18,FO,NSE,STO,79318,,ALKEM,,2026-04-28,2026-04-28,5900.0,CE,ALKEM26APR5900CE,0.0,0.0,0.0,266.5,0.0,266.5,5464.0,86.6,0,0,0,0.0,0,F1,125,,,,,
2026-02-18,2026-02-18,FO,NSE,STO,79331,,ALKEM,,2026-04-28,2026-04-28,6100.0,PE,ALKEM26APR6100PE,0.0,0.0,0.0,441.6,0.0,441.6,5464.0,621.65,0,0,0,0.0,0,F1,125,,,,,
2026-02-18,2026-02-18,FO,NSE,STO,61877,,ALKEM,,2026-02-24,2026-02-24,5150.0,PE,ALKEM26FEB5150PE,11.0,13.55,5.0,5.45,5.7,13.0,5464.0,5.45,14875,-2625,230,148324675.0,208,F1,125,,,,,
2026-02-18,2026-02-18,FO,NSE,STO,62051,,ALKEM,,2026-02-24,2026-02-24,6350.0,CE,ALKEM26FEB6350CE,0.0,0.0,0.0,22.2,0.0,22.2,5464.0,0.05,0,0,0,0.0,0,F1,125,,,,,
2026-02-18,2026-02-18,FO,NSE,STO,62340,,ALKEM,,2026-03-30,2026-03-30,4600.0,PE,ALKEM26MAR4600PE,0.0,0.0,0.0,19.9,0.0,19.9,5464.0,1.3,0,0,0,0.0,0,F1,125,,,,,
2026-02-18,2026-02-18,FO,NSE,STO,62539,,ALKEM,,2026-03-30,2026-03-30,5900.0,PE,ALKEM26MAR5900PE,501.4,501.4,486.8,486.8,486.8,490.95,5464.0,442.1,0,0,6,4795575.0,2,F1,125,,,,,
2026-02-18,2026-02-18,FO,NSE,STO,62537,,ALKEM,,2026-03-30,2026-03-30,5800.0,PE,ALKEM26MAR5800PE,0.0,0.0,0.0,449.55,449.55,449.55,5464.0,362.35,250,0,0,0.0,0,F1,125,,,,,
2026-02-18,2026-02-18,FO,NSE,STO,62518,,ALKEM,,2026-03-30,2026-03-30,5100.0,PE,ALKEM26MAR5100PE,70.5,70.5,70.5,70.5,70.5,70.5,5464.0,34.85,375,125,1,646312.5,1,F1,125,,,,,
2026-02-18,2026-02-18,FO,NSE,STO,62516,,ALKEM,,2026-03-30,2026-03-30,5000.0,PE,ALKEM26MAR5000PE,43.5,51.05,34.6,35.5,36.35,51.0,5464.0,35.5,7250,-1750,40,25223250.0,29,F1,125,,,,,
2026-02-18,2026-02-18,FO,NSE,STO,71468,,ALKEM,,2026-02-24,2026-02-24,6600.0,PE,ALKEM26FEB6600PE,0.0,0.0,0.0,868.45,0.0,868.45,5464.0,1130.05,0,0,0,0.0,0,F1,125,,,,,
2026-02-18,2026-02-18,FO,NSE,STO,71462,,ALKEM,,2026-02-24,2026-02-24,6300.0,PE,ALKEM26FEB6300PE,902.5,902.5,902.5,902.5,902.5,901.65,5464.0,830.3,250,-125,1,900312.5,1,F1,125,,,,,
2026-02-18,2026-02-18,FO,NSE,STO,71416,,ALKEM,,2026-02-24,2026-02-24,5200.0,PE,ALKEM26FEB5200PE,18.05,20.9,7.3,8.15,9.1,18.35,5464.0,8.15,40875,375,544,354532381.25,501,F1,125,,,,,
2026-02-18,2026-02-18,FO,NSE,STO,61873,,ALKEM,,2026-02-24,2026-02-24,4950.0,PE,ALKEM26FEB4950PE,0.0,0.0,0.0,6.4,6.4,6.4,5464.0,0.05,375,0,0,0.0,0,F1,125,,,,,
2026-02-18,2026-02-18,FO,NSE,STO,79316,,ALKEM,,2026-04-28,2026-04-28,5800.0,CE,ALKEM26APR5800CE,0.0,0.0,0.0,312.9,0.0,312.9,5464.0,112.9,0,0,0,0.0,0,F1,125,,,,,
2026-02-18,2026-02-18,FO,NSE,STO,79296,,ALKEM,,2026-04-28,2026-04-28,5000.0,CE,ALKEM26APR5000CE,0.0,0.0,0.0,866.85,0.0,866.85,5464.0,560.35,0,0,0,0.0,0,F1,125,,,,,
2026-02-18,2026-02-18,FO,NSE,STO,78974,,ALKEM,,2026-03-30,2026-03-30,6250.0,CE,ALKEM26MAR6250CE,0.0,0.0,0.0,60.0,60.0,60.0,5464.0,8.6,125,0,0,0.0,0,F1,125,,,,,
2026-02-18,2026-02-18,FO,NSE,STO,62638,,ALKEM,,2026-03-30,2026-03-30,6700.0,PE,ALKEM26MAR6700PE,0.0,0.0,0.0,1155.75,0.0,1155.75,5464.0,1196.45,0,0,0,0.0,0,F1,125,,,,,
2026-02-18,2026-02-18,FO,NSE,STO,62540,,ALKEM,,2026-03-30,2026-03-30,6000.0,CE,ALKEM26MAR6000CE,29.75,30.0,25.0,27.05,27.05,30.55,5464.0,27.45,2625,-125,10,7534593.75,10,F1,125,,,,,
2026-02-18,2026-02-18,FO,NSE,STO,62531,,ALKEM,,2026-03-30,2026-03-30,5600.0,CE,ALKEM26MAR5600CE,90.0,130.4,90.0,113.65,105.75,135.5,5464.0,113.65,1250,750,12,8567475.0,12,F1,125,,,,,
2026-02-18,2026-02-18,FO,NSE,STO,62341,,ALKEM,,2026-03-30,2026-03-30,4700.0,CE,ALKEM26MAR4700CE,0.0,0.0,0.0,867.7,0.0,867.7,5464.0,795.15,0,0,0,0.0,0,F1,125,,,,,
2026-02-18,2026-02-18,FO,NSE,STO,62317,,ALKEM,,2026-03-30,2026-03-30,4600.0,CE,ALKEM26MAR4600CE,0.0,0.0,0.0,957.05,0.0,957.05,5464.0,892.95,0,0,0,0.0,0,F1,125,,,,,
2026-02-18,2026-02-18,FO,NSE,STO,71465,,ALKEM,,2026-02-24,2026-02-24,6500.0,CE,ALKEM26FEB6500CE,0.25,0.35,0.25,0.35,0.35,0.4,5464.0,0.05,6250,-125,2,1625075.0,2,F1,125,,,,,
2026-02-18,2026-02-18,FO,NSE,STO,62039,,ALKEM,,2026-02-24,2026-02-24,6150.0,CE,ALKEM26FEB6150CE,1.2,2.55,1.2,2.55,2.55,1.8,5464.0,0.05,4375,-875,15,11534343.75,4,F1,125,,,,,
2026-02-18,2026-02-18,FO,NSE,STO,61962,,ALKEM,,2026-02-24,2026-02-24,5650.0,CE,ALKEM26FEB5650CE,14.35,16.65,9.05,10.75,10.0,18.2,5464.0,10.75,16250,-1000,224,158518362.5,199,F1,125,,,,,
2026-02-18,2026-02-18,FO,NSE,STO,62535,,ALKEM,,2026-03-30,2026-03-30,5700.0,PE,ALKEM26MAR5700PE,0.0,0.0,0.0,361.4,0.0,361.4,5464.0,289.4,0,0,0,0.0,0,F1,125,,,,,
2026-02-18,2026-02-18,FO,NSE,STO,62532,,ALKEM,,2026-03-30,2026-03-30,5600.0,PE,ALKEM26MAR5600PE,0.0,0.0,0.0,185.0,185.0,185.0,5464.0,224.4,125,0,0,0.0,0,F1,125,,,,,
2026-02-18,2026-02-18,FO,NSE,STO,114534,,LTF,,2026-02-24,2026-02-24,270.0,PE,LTF26FEB270PE,0.45,0.45,0.25,0.25,0.25,0.5,300.25,0.25,1500750,339750,420,255454987.5,175,F1,2250,,,,,
2026-02-18,2026-02-18,FO,NSE,STO,114557,,LTF,,2026-02-24,2026-02-24,320.0,PE,LTF26FEB320PE,20.0,21.75,18.15,19.55,19.7,21.6,300.25,19.55,110250,-13500,42,32076112.5,36,F1,2250,,,,,
2026-02-18,2026-02-18,FO,NSE,STO,132016,,LTF,,2026-03-30,2026-03-30,230.0,PE,LTF26MAR230PE,0.0,0.0,0.0,1.2,0.0,1.2,300.25,0.05,0,0,0,0.0,0,F1,2250,,,,,
2026-02-18,2026-02-18,FO,NSE,STO,137407,,LTF,,2026-03-30,2026-03-30,265.0,PE,LTF26MAR265PE,2.5,2.8,2.3,2.65,2.65,5.8,300.25,1.5,36000,18000,11,6621187.5,9,F1,2250,,,,,
2026-02-18,2026-02-18,FO,NSE,STO,137423,,LTF,,2026-03-30,2026-03-30,275.0,PE,LTF26MAR275PE,4.5,4.5,3.75,3.8,3.75,5.0,300.25,3.8,168750,67500,58,36401175.0,46,F1,2250,,,,,
2026-02-18,2026-02-18,FO,NSE,STO,132151,,LTF,,2026-03-30,2026-03-30,310.0,PE,LTF26MAR310PE,19.45,19.5,17.8,18.35,18.55,21.25,300.25,18.35,578250,540000,342,252984487.5,158,F1,2250,,,,,
2026-02-18,2026-02-18,FO,NSE,STO,137576,,LTF,,2026-04-28,2026-04-28,300.0,PE,LTF26APR300PE,0.0,0.0,0.0,27.35,0.0,27.35,300.25,14.7,0,0,0,0.0,0,F1,2250,,,,,
2026-02-18,2026-02-18,FO,NSE,STO,114549,,LTF,,2026-02-24,2026-02-24,305.0,PE,LTF26FEB305PE,8.6,8.6,6.15,6.75,6.75,9.8,300.25,6.75,211500,22500,190,133440637.5,179,F1,2250,,,,,
2026-02-18,2026-02-18,FO,NSE,STO,114555,,LTF,,2026-02-24,2026-02-24,315.0,PE,LTF26FEB315PE,14.0,15.6,13.9,14.65,14.75,18.0,300.25,14.65,92250,13500,31,22987350.0,27,F1,2250,,,,,
2026-02-18,2026-02-18,FO,NSE,STO,114587,,LTF,,2026-02-24,2026-02-24,350.0,PE,LTF26FEB350PE,49.15,49.15,49.15,49.15,49.15,54.8,300.25,49.45,11250,0,3,2694262.5,1,F1,2250,,,,,
2026-02-18,2026-02-18,FO,NSE,STO,137530,,LTF,,2026-03-30,2026-03-30,285.0,PE,LTF26MAR285PE,6.9,7.2,6.05,6.35,6.45,8.4,300.25,6.35,99000,65250,51,33433875.0,39,F1,2250,,,,,
2026-02-18,2026-02-18,FO,NSE,STO,137534,,LTF,,2026-03-30,2026-03-30,305.0,PE,LTF26MAR305PE,0.0,0.0,0.0,18.5,18.5,18.5,300.25,14.1,9000,0,0,0.0,0,F1,2250,,,,,
2026-02-18,2026-02-18,FO,NSE,STO,137565,,LTF,,2026-04-28,2026-04-28,250.0,CE,LTF26APR250CE,0.0,0.0,0.0,45.35,0.0,45.35,300.25,54.15,0,0,0,0.0,0,F1,2250,,,,,
2026-02-18,2026-02-18,FO,NSE,STO,114533,,LTF,,2026-02-24,2026-02-24,270.0,CE,LTF26FEB270CE,30.9,32.75,30.6,31.0,31.0,26.25,300.25,31.0,492750,-6750,9,6105825.0,9,F1,2250,,,,,
2026-02-18,2026-02-18,FO,NSE,STO,114536,,LTF,,2026-02-24,2026-02-24,275.0,CE,LTF26FEB275CE,24.8,28.05,24.1,26.1,26.1,23.1,300.25,26.1,504000,-11250,20,13555125.0,17,F1,2250,,,,,
2026-02-18,2026-02-18,FO,NSE,STO,114552,,LTF,,2026-02-24,2026-02-24,310.0,CE,LTF26FEB310CE,1.7,2.35,1.0,1.3,1.2,1.85,300.25,1.3,3978000,128250,4201,2946384112.5,2890,F1,2250,,,,,
2026-02-18,2026-02-18,FO,NSE,STO,114509,,LTF,,2026-02-24,2026-02-24,230.0,CE,LTF26FEB230CE,0.0,0.0,0.0,72.25,0.0,72.25,300.25,70.45,0,0,0,0.0,0,F1,2250,,,,,
2026-02-18,2026-02-18,FO,NSE,STO,132152,,LTF,,2026-03-30,2026-03-30,320.0,CE,LTF26MAR320CE,5.55,7.0,4.9,6.0,5.85,5.85,300.25,6.0,2522250,2202750,1645,1206844650.0,858,F1,2250,,,,,
2026-02-18,2026-02-18,FO,NSE,STO,132181,,LTF,,2026-03-30,2026-03-30,330.0,CE,LTF26MAR330CE,4.1,4.7,3.2,3.9,3.7,3.8,300.25,3.9,378000,276750,273,205287075.0,157,F1,2250,,,,,
2026-02-18,2026-02-18,FO,NSE,STO,137563,,LTF,,2026-04-28,2026-04-28,240.0,CE,LTF26APR240CE,0.0,0.0,0.0,53.05,0.0,53.05,300.25,63.4,0,0,0,0.0,0,F1,2250,,,,,
2026-02-18,2026-02-18,FO,NSE,STO,114547,,LTF,,2026-02-24,2026-02-24,300.0,PE,LTF26FEB300PE,6.45,6.5,3.5,3.75,3.95,6.35,300.25,3.75,4383000,254250,1358,929594700.0,1115,F1,2250,,,,,
2026-02-18,2026-02-18,FO,NSE,STO,132027,,LTF,,2026-03-30,2026-03-30,260.0,CE,LTF26MAR260CE,0.0,0.0,0.0,54.25,0.0,54.25,300.25,42.8,0,0,0,0.0,0,F1,2250,,,,,
2026-02-18,2026-02-18,FO,NSE,STO,114591,,LTF,,2026-02-24,2026-02-24,360.0,CE,LTF26FEB360CE,0.1,0.1,0.1,0.1,0.1,0.1,300.25,0.05,252000,-2250,3,2430675.0,3,F1,2250,,,,,
2026-02-18,2026-02-18,FO,NSE,STO,137584,,LTF,,2026-04-28,2026-04-28,340.0,PE,LTF26APR340PE,0.0,0.0,0.0,56.0,0.0,56.0,300.25,41.2,0,0,0,0.0,0,F1,2250,,,,,
2026-02-18,2026-02-18,FO,NSE,STO,132147,,LTF,,2026-03-30,2026-03-30,300.0,PE,LTF26MAR300PE,13.5,14.15,12.2,12.5,12.45,14.85,300.25,12.5,672750,443250,311,218959987.5,270,F1,2250,,,,,
2026-02-18,2026-02-18,FO,NSE,STO,137577,,LTF,,2026-04-28,2026-04-28,310.0,CE,LTF26APR310CE,0.0,0.0,0.0,13.65,0.0,13.65,300.25,13.55,0,0,0,0.0,0,F1,2250,,,,,
2026-02-18,2026-02-18,FO,NSE,STO,137537,,LTF,,2026-03-30,2026-03-30,325.0,CE,LTF26MAR325CE,5.25,5.25,4.15,4.8,4.8,3.6,300.25,4.8,87750,83250,58,43034737.5,43,F1,2250,,,,,
2026-02-18,2026-02-18,FO,NSE,STO,132052,,LTF,,2026-03-30,2026-03-30,280.0,CE,LTF26MAR280CE,24.5,25.95,24.5,25.1,25.1,22.6,300.25,25.1,38250,31500,14,9616500.0,11,F1,2250,,,,,
2026-02-18,2026-02-18,FO,NSE,STO,114512,,LTF,,2026-02-24,2026-02-24,235.0,PE,LTF26FEB235PE,0.0,0.0,0.0,0.1,0.1,0.1,300.25,0.05,146250,0,0,0.0,0,F1,2250,,,,,
2026-02-18,2026-02-18,FO,NSE,STO,114530,,LTF,,2026-02-24,2026-02-24,260.0,PE,LTF26FEB260PE,0.2,0.25,0.15,0.15,0.15,0.3,300.25,0.15,1296000,-101250,132,77274675.0,65,F1,2250,,,,,
2026-02-18,2026-02-18,FO,NSE,STO,114537,,LTF,,2026-02-24,2026-02-24,275.0,PE,LTF26FEB275PE,0.5,0.55,0.3,0.3,0.3,0.65,300.25,0.3,1284750,-40500,613,379848037.5,308,F1,2250,,,,,
2026-02-18,2026-02-18,FO,NSE,STO,114539,,LTF,,2026-02-24,2026-02-24,280.0,PE,LTF26FEB280PE,0.85,0.85,0.4,0.4,0.4,0.95,300.25,0.4,2605500,-202500,989,624318412.5,568,F1,2250,,,,,
2026-02-18,2026-02-18,FO,NSE,STO,114523,,LTF,,2026-02-24,2026-02-24,250.0,CE,LTF26FEB250CE,0.0,0.0,0.0,36.45,36.45,36.45,300.25,50.5,60750,0,0,0.0,0,F1,2250,,,,,
2026-02-18,2026-02-18,FO,NSE,STO,137571,,LTF,,2026-04-28,2026-04-28,280.0,CE,LTF26APR280CE,0.0,0.0,0.0,26.25,0.0,26.25,300.25,30.0,0,0,0,0.0,0,F1,2250,,,,,
2026-02-18,2026-02-18,FO,NSE,STF,51967,,LTF,,2026-03-30,2026-03-30,,,LTF26MARFUT,297.0,302.45,296.95,300.1,299.25,297.45,300.25,300.1,7393500,2121750,2318,1564536150.0,2005,F1,2250,,,,,
2026-02-18,2026-02-18,FO,NSE,STO,132018,,LTF,,2026-03-30,2026-03-30,240.0,PE,LTF26MAR240PE,0.8,0.8,0.7,0.7,0.7,0.8,300.25,0.15,22500,-4500,2,1083375.0,2,F1,2250,,,,,
2026-02-18,2026-02-18,FO,NSE,STO,132150,,LTF,,2026-03-30,2026-03-30,310.0,CE,LTF26MAR310CE,8.45,10.3,7.65,8.7,8.55,8.5,300.25,8.7,1242000,1001250,775,555658987.5,485,F1,2250,,,,,
2026-02-18,2026-02-18,FO,NSE,STO,114559,,LTF,,2026-02-24,2026-02-24,325.0,PE,LTF26FEB325PE,24.05,26.25,23.55,24.15,24.0,27.95,300.25,24.15,78750,0,23,18076050.0,21,F1,2250,,,,,
2026-02-18,2026-02-18,FO,NSE,STO,137564,,LTF,,2026-04-28,2026-04-28,240.0,PE,LTF26APR240PE,0.0,0.0,0.0,4.15,0.0,4.15,300.25,0.65,0,0,0,0.0,0,F1,2250,,,,,
2026-02-18,2026-02-18,FO,NSE,STO,114600,,LTF,,2026-02-24,2026-02-24,370.0,PE,LTF26FEB370PE,69.1,69.1,69.1,69.1,69.1,74.45,300.25,69.4,13500,0,3,2963925.0,1,F1,2250,,,,,
2026-02-18,2026-02-18,FO,NSE,STO,137529,,LTF,,2026-03-30,2026-03-30,285.0,CE,LTF26MAR285CE,0.0,0.0,0.0,19.75,19.75,19.75,300.25,22.45,6750,0,0,0.0,0,F1,2250,,,,,
2026-02-18,2026-02-18,FO,NSE,STO,114515,,LTF,,2026-02-24,2026-02-24,240.0,CE,LTF26FEB240CE,61.35,61.35,60.95,60.95,60.95,64.35,300.25,60.45,18000,-2250,3,2033212.5,3,F1,2250,,,,,
2026-02-18,2026-02-18,FO,NSE,STO,137573,,LTF,,2026-04-28,2026-04-28,290.0,CE,LTF26APR290CE,0.0,0.0,0.0,21.35,0.0,21.35,300.25,23.55,0,0,0,0.0,0,F1,2250,,,,,
2026-02-18,2026-02-18,FO,NSE,STO,137579,,LTF,,2026-04-28,2026-04-28,320.0,CE,LTF26APR320CE,0.0,0.0,0.0,10.75,0.0,10.75,300.25,9.9,0,0,0,0.0,0,F1,2250,,,,,
2026-02-18,2026-02-18,FO,NSE,STO,114516,,LTF,,2026-02-24,2026-02-24,240.0,PE,LTF26FEB240PE,0.05,0.05,0.05,0.05,0.05,0.1,300.25,0.05,279000,-2250,14,7561575.0,12,F1,2250,,,,,
2026-02-18,2026-02-18,FO,NSE,STO,114541,,LTF,,2026-02-24,2026-02-24,285.0,PE,LTF26FEB285PE,1.2,1.35,0.55,0.6,0.6,1.35,300.25,0.6,2502000,-495000,1166,749726325.0,701,F1,2250,,,,,
2026-02-18,2026-02-18,FO,NSE,STO,132030,,LTF,,2026-03-30,2026-03-30,270.0,PE,LTF26MAR270PE,3.7,3.7,2.8,2.9,2.9,4.0,300.25,2.9,276750,42750,80,49159350.0,67,F1,2250,,,,,
2026-02-18,2026-02-18,FO,NSE,STO,137538,,LTF,,2026-03-30,2026-03-30,325.0,PE,LTF26MAR325PE,28.7,28.9,28.7,28.7,28.7,43.0,300.25,27.45,15750,13500,6,4775850.0,3,F1,2250,,,,,
2026-02-18,2026-02-18,FO,NSE,STO,132017,,LTF,,2026-03-30,2026-03-30,240.0,CE,LTF26MAR240CE,0.0,0.0,0.0,71.05,0.0,71.05,300.25,61.85,0,0,0,0.0,0,F1,2250,,,,,
2026-02-18,2026-02-18,FO,NSE,STO,137572,,LTF,,2026-04-28,2026-04-28,280.0,PE,LTF26APR280PE,0.0,0.0,0.0,16.7,0.0,16.7,300.25,6.85,0,0,0,0.0,0,F1,2250,,,,,
2026-02-18,2026-02-18,FO,NSE,STO,137408,,LTF,,2026-03-30,2026-03-30,275.0,CE,LTF26MAR275CE,29.0,29.0,29.0,29.0,29.0,14.5,300.25,29.0,6750,2250,1,684000.0,1,F1,2250,,,,,
2026-02-18,2026-02-18,FO,NSE,STO,137578,,LTF,,2026-04-28,2026-04-28,310.0,PE,LTF26APR310PE,0.0,0.0,0.0,33.65,0.0,33.65,300.25,20.1,0,0,0,0.0,0,F1,2250,,,,,
2026-02-18,2026-02-18,FO,NSE,STF,59404,,LTF,,2026-02-24,2026-02-24,,,LTF26FEBFUT,298.0,302.85,297.05,300.8,300.1,298.15,300.25,300.8,48883500,-1521000,4130,2793646012.5,3550,F1,2250,,,,,
2026-02-18,2026-02-18,FO,NSE,STO,132025,,LTF,,2026-03-30,2026-03-30,250.0,CE,LTF26MAR250CE,51.35,51.35,51.35,51.35,51.35,41.75,300.25,52.15,18000,4500,2,1356075.0,2,F1,2250,,,,,
2026-02-18,2026-02-18,FO,NSE,STO,132185,,LTF,,2026-03-30,2026-03-30,350.0,CE,LTF26MAR350CE,1.9,2.0,1.35,1.6,1.5,1.7,300.25,1.6,121500,114750,110,87043275.0,94,F1,2250,,,,,
2026-02-18,2026-02-18,FO,NSE,STO,137567,,LTF,,2026-04-28,2026-04-28,260.0,CE,LTF26APR260CE,0.0,0.0,0.0,38.25,0.0,38.25,300.25,45.45,0,0,0,0.0,0,F1,2250,,,,,
2026-02-18,2026-02-18,FO,NSE,STO,114553,,LTF,,2026-02-24,2026-02-24,310.0,PE,LTF26FEB310PE,11.75,12.2,9.45,10.4,10.75,13.8,300.25,10.4,283500,13500,113,81516037.5,110,F1,2250,,,,,
2026-02-18,2026-02-18,FO,NSE,STO,114583,,LTF,,2026-02-24,2026-02-24,340.0,PE,LTF26FEB340PE,38.0,38.0,38.0,38.0,38.0,44.8,300.25,39.45,29250,-2250,1,850500.0,1,F1,2250,,,,,
2026-02-18,2026-02-18,FO,NSE,STO,132182,,LTF,,2026-03-30,2026-03-30,330.0,PE,LTF26MAR330PE,31.5,31.5,31.5,31.5,31.5,34.8,300.25,31.4,4500,2250,1,813375.0,1,F1,2250,,,,,
2026-02-18,2026-02-18,FO,NSE,STO,132186,,LTF,,2026-03-30,2026-03-30,350.0,PE,LTF26MAR350PE,0.0,0.0,0.0,48.95,0.0,48.95,300.25,48.85,0,0,0,0.0,0,F1,2250,,,,,
2026-02-18,2026-02-18,FO,NSE,STO,137568,,LTF,,2026-04-28,2026-04-28,260.0,PE,LTF26APR260PE,0.0,0.0,0.0,9.0,0.0,9.0,300.25,2.5,0,0,0,0.0,0,F1,2250,,,,,
2026-02-18,2026-02-18,FO,NSE,STO,137582,,LTF,,2026-04-28,2026-04-28,330.0,PE,LTF26APR330PE,0.0,0.0,0.0,48.1,0.0,48.1,300.25,33.45,0,0,0,0.0,0,F1,2250,,,,,
2026-02-18,2026-02-18,FO,NSE,STO,114586,,LTF,,2026-02-24,2026-02-24,350.0,CE,LTF26FEB350CE,0.15,0.15,0.05,0.05,0.05,0.15,300.25,0.05,1066500,-45000,41,32294812.5,22,F1,2250,,,,,
2026-02-18,2026-02-18,FO,NSE,STO,114542,,LTF,,2026-02-24,2026-02-24,290.0,CE,LTF26FEB290CE,10.15,13.9,10.0,11.8,11.4,10.6,300.25,11.8,2056500,-74250,224,152242312.5,204,F1,2250,,,,,
2026-02-18,2026-02-18,FO,NSE,STO,114599,,LTF,,2026-02-24,2026-02-24,370.0,CE,LTF26FEB370CE,0.05,0.05,0.05,0.05,0.05,0.15,300.25,0.05,126000,-2250,1,832612.5,1,F1,2250,,,,,
2026-02-18,2026-02-18,FO,NSE,STO,137535,,LTF,,2026-03-30,2026-03-30,315.0,CE,LTF26MAR315CE,7.8,8.3,6.05,7.3,7.2,7.1,300.25,7.3,51750,13500,35,25360425.0,32,F1,2250,,,,,
2026-02-18,2026-02-18,FO,NSE,STO,114532,,LTF,,2026-02-24,2026-02-24,265.0,PE,LTF26FEB265PE,0.3,0.3,0.2,0.2,0.2,0.4,300.25,0.2,427500,-83250,67,39982612.5,39,F1,2250,,,,,
2026-02-18,2026-02-18,FO,NSE,STO,132184,,LTF,,2026-03-30,2026-03-30,340.0,PE,LTF26MAR340PE,0.0,0.0,0.0,41.55,0.0,41.55,300.25,39.85,0,0,0,0.0,0,F1,2250,,,,,
2026-02-18,2026-02-18,FO,NSE,STO,137533,,LTF,,2026-03-30,2026-03-30,305.0,CE,LTF26MAR305CE,11.0,12.3,9.75,10.8,10.45,10.85,300.25,10.8,141750,123750,103,73229512.5,81,F1,2250,,,,,
2026-02-18,2026-02-18,FO,NSE,STO,137583,,LTF,,2026-04-28,2026-04-28,340.0,CE,LTF26APR340CE,0.0,0.0,0.0,6.45,0.0,6.45,300.25,4.95,0,0,0,0.0,0,F1,2250,,,,,
2026-02-18,2026-02-18,FO,NSE,STO,114543,,LTF,,2026-02-24,2026-02-24,290.0,PE,LTF26FEB290PE,2.3,2.3,0.95,1.0,1.05,2.35,300.25,1.0,3046500,243000,1886,1235988337.5,1245,F1,2250,,,,,
2026-02-18,2026-02-18,FO,NSE,STO,137580,,LTF,,2026-04-28,2026-04-28,320.0,PE,LTF26APR320PE,0.0,0.0,0.0,40.6,0.0,40.6,300.25,26.35,0,0,0,0.0,0,F1,2250,,,,,
2026-02-18,2026-02-18,FO,NSE,STO,132026,,LTF,,2026-03-30,2026-03-30,250.0,PE,LTF26MAR250PE,1.15,1.25,1.0,1.0,1.0,1.4,300.25,1.0,65250,18000,19,10734187.5,16,F1,2250,,,,,
2026-02-18,2026-02-18,FO,NSE,STO,132153,,LTF,,2026-03-30,2026-03-30,320.0,PE,LTF26MAR320PE,24.4,26.3,24.1,25.45,25.55,27.8,300.25,25.45,96750,47250,47,36507487.5,38,F1,2250,,,,,
2026-02-18,2026-02-18,FO,NSE,STO,114529,,LTF,,2026-02-24,2026-02-24,260.0,CE,LTF26FEB260CE,0.0,0.0,0.0,34.65,34.6,34.65,300.25,40.5,173250,0,0,0.0,0,F1,2250,,,,,
2026-02-18,2026-02-18,FO,NSE,STO,114548,,LTF,,2026-02-24,2026-02-24,305.0,CE,LTF26FEB305CE,2.75,4.1,2.0,2.6,2.3,3.1,300.25,2.6,1876500,744750,3947,2736664875.0,3353,F1,2250,,,,,
2026-02-18,2026-02-18,FO,NSE,STO,132028,,LTF,,2026-03-30,2026-03-30,260.0,PE,LTF26MAR260PE,1.95,2.05,1.65,1.7,1.7,2.3,300.25,1.7,144000,-4500,23,13550400.0,23,F1,2250,,,,,
2026-02-18,2026-02-18,FO,NSE,STO,114592,,LTF,,2026-02-24,2026-02-24,360.0,PE,LTF26FEB360PE,0.0,0.0,0.0,62.95,62.95,62.95,300.25,59.4,0,0,0,0.0,0,F1,2250,,,,,
2026-02-18,2026-02-18,FO,NSE,STO,137581,,LTF,,2026-04-28,2026-04-28,330.0,CE,LTF26APR330CE,0.0,0.0,0.0,8.4,0.0,8.4,300.25,7.1,0,0,0,0.0,0,F1,2250,,,,,
2026-02-18,2026-02-18,FO,NSE,STO,132029,,LTF,,2026-03-30,2026-03-30,270.0,CE,LTF26MAR270CE,34.7,35.0,34.7,35.0,35.0,30.45,300.25,34.0,49500,20250,9,6171187.5,3,F1,2250,,,,,
2026-02-18,2026-02-18,FO,NSE,STO,132015,,LTF,,2026-03-30,2026-03-30,230.0,CE,LTF26MAR230CE,0.0,0.0,0.0,80.05,0.0,80.05,300.25,71.65,0,0,0,0.0,0,F1,2250,,,,,
2026-02-18,2026-02-18,FO,NSE,STO,114558,,LTF,,2026-02-24,2026-02-24,325.0,CE,LTF26FEB325CE,0.5,0.55,0.25,0.35,0.25,0.55,300.25,0.35,666000,-13500,192,140566725.0,118,F1,2250,,,,,
2026-02-18,2026-02-18,FO,NSE,STO,114531,,LTF,,2026-02-24,2026-02-24,265.0,CE,LTF26FEB265CE,0.0,0.0,0.0,21.2,21.35,21.2,300.25,35.5,195750,0,0,0.0,0,F1,2250,,,,,
2026-02-18,2026-02-18,FO,NSE,STO,137570,,LTF,,2026-04-28,2026-04-28,270.0,PE,LTF26APR270PE,0.0,0.0,0.0,12.5,0.0,12.5,300.25,4.25,0,0,0,0.0,0,F1,2250,,,,,
2026-02-18,2026-02-18,FO,NSE,STO,137536,,LTF,,2026-03-30,2026-03-30,315.0,PE,LTF26MAR315PE,0.0,0.0,0.0,25.5,25.5,25.5,300.25,20.2,36000,0,0,0.0,0,F1,2250,,,,,
2026-02-18,2026-02-18,FO,NSE,STO,137540,,LTF,,2026-03-30,2026-03-30,335.0,PE,LTF26MAR335PE,0.0,0.0,0.0,56.75,56.75,56.75,300.25,35.55,11250,0,0,0.0,0,F1,2250,,,,,
2026-02-18,2026-02-18,FO,NSE,STO,137566,,LTF,,2026-04-28,2026-04-28,250.0,PE,LTF26APR250PE,0.0,0.0,0.0,6.25,0.0,6.25,300.25,1.35,0,0,0,0.0,0,F1,2250,,,,,
2026-02-18,2026-02-18,FO,NSE,STO,137574,,LTF,,2026-04-28,2026-04-28,290.0,PE,LTF26APR290PE,0.0,0.0,0.0,21.65,0.0,21.65,300.25,10.3,0,0,0,0.0,0,F1,2250,,,,,
2026-02-18,2026-02-18,FO,NSE,STO,132144,,LTF,,2026-03-30,2026-03-30,290.0,CE,LTF26MAR290CE,18.5,20.8,17.0,18.3,18.25,17.9,300.25,18.3,294750,-9000,73,50748075.0,73,F1,2250,,,,,
2026-02-18,2026-02-18,FO,NSE,STO,132183,,LTF,,2026-03-30,2026-03-30,340.0,CE,LTF26MAR340CE,2.65,3.05,2.0,2.55,2.5,2.45,300.25,2.55,117000,-9000,100,77064187.5,86,F1,2250,,,,,
2026-02-18,2026-02-18,FO,NSE,STO,114582,,LTF,,2026-02-24,2026-02-24,340.0,CE,LTF26FEB340CE,0.2,0.25,0.1,0.1,0.1,0.25,300.25,0.1,661500,-81000,156,119403675.0,66,F1,2250,,,,,
2026-02-18,2026-02-18,FO,NSE,STO,114544,,LTF,,2026-02-24,2026-02-24,295.0,CE,LTF26FEB295CE,6.35,9.9,6.35,7.75,7.5,7.5,300.25,7.75,1064250,-382500,827,564647400.0,716,F1,2250,,,,,
2026-02-18,2026-02-18,FO,NSE,STO,114527,,LTF,,2026-02-24,2026-02-24,255.0,CE,LTF26FEB255CE,0.0,0.0,0.0,31.1,31.1,31.1,300.25,45.5,2250,0,0,0.0,0,F1,2250,,,,,
2026-02-18,2026-02-18,FO,NSE,STO,114528,,LTF,,2026-02-24,2026-02-24,255.0,PE,LTF26FEB255PE,0.15,0.2,0.1,0.1,0.1,0.25,300.25,0.1,319500,-69750,49,28130962.5,30,F1,2250,,,,,
2026-02-18,2026-02-18,FO,NSE,STO,114580,,LTF,,2026-02-24,2026-02-24,335.0,PE,LTF26FEB335PE,0.0,0.0,0.0,56.25,56.25,56.25,300.25,34.45,6750,0,0,0.0,0,F1,2250,,,,,
2026-02-18,2026-02-18,FO,NSE,STO,137531,,LTF,,2026-03-30,2026-03-30,295.0,CE,LTF26MAR295CE,15.65,17.3,14.95,15.6,15.6,14.7,300.25,15.6,45000,29250,17,11886975.0,17,F1,2250,,,,,
2026-02-18,2026-02-18,FO,NSE,STO,137532,,LTF,,2026-03-30,2026-03-30,295.0,PE,LTF26MAR295PE,12.75,12.75,9.95,10.05,10.0,12.1,300.25,10.05,94500,65250,50,34376962.5,42,F1,2250,,,,,
2026-02-18,2026-02-18,FO,NSE,STO,132145,,LTF,,2026-03-30,2026-03-30,290.0,PE,LTF26MAR290PE,9.0,9.0,7.75,8.05,8.05,9.8,300.25,8.05,328500,76500,95,63762525.0,74,F1,2250,,,,,
2026-02-18,2026-02-18,FO,NSE,STO,137569,,LTF,,2026-04-28,2026-04-28,270.0,CE,LTF26APR270CE,0.0,0.0,0.0,31.9,0.0,31.9,300.25,37.3,0,0,0,0.0,0,F1,2250,,,,,
2026-02-18,2026-02-18,FO,NSE,STO,132146,,LTF,,2026-03-30,2026-03-30,300.0,CE,LTF26MAR300CE,12.8,14.95,11.85,13.0,12.7,12.85,300.25,13.0,2011500,609750,969,683258850.0,804,F1,2250,,,,,
2026-02-18,2026-02-18,FO,NSE,STF,66887,,LTF,,2026-04-28,2026-04-28,,,LTF26APRFUT,298.55,302.05,298.25,300.05,299.95,297.65,300.25,300.05,328500,15750,72,48617550.0,71,F1,2250,,,,,
2026-02-18,2026-02-18,FO,NSE,STO,114538,,LTF,,2026-02-24,2026-02-24,280.0,CE,LTF26FEB280CE,20.0,23.2,19.75,21.0,21.0,19.2,300.25,21.0,1334250,-101250,85,57673012.5,70,F1,2250,,,,,
2026-02-18,2026-02-18,FO,NSE,STO,114545,,LTF,,2026-02-24,2026-02-24,295.0,PE,LTF26FEB295PE,3.95,4.05,1.85,1.95,2.05,4.0,300.25,1.95,1683000,193500,1375,920074837.5,1188,F1,2250,,,,,
2026-02-18,2026-02-18,FO,NSE,STO,114554,,LTF,,2026-02-24,2026-02-24,315.0,CE,LTF26FEB315CE,0.9,1.35,0.6,0.7,0.65,1.2,300.25,0.7,1298250,-76500,961,683205750.0,724,F1,2250,,,,,
2026-02-18,2026-02-18,FO,NSE,STO,114556,,LTF,,2026-02-24,2026-02-24,320.0,CE,LTF26FEB320CE,0.8,0.9,0.4,0.45,0.4,0.85,300.25,0.45,2038500,94500,2620,1890329737.5,1220,F1,2250,,,,,
2026-02-18,2026-02-18,FO,NSE,STO,114576,,LTF,,2026-02-24,2026-02-24,330.0,CE,LTF26FEB330CE,0.4,0.45,0.15,0.2,0.15,0.45,300.25,0.2,1860750,-436500,955,709719187.5,403,F1,2250,,,,,
2026-02-18,2026-02-18,FO,NSE,STO,137406,,LTF,,2026-03-30,2026-03-30,265.0,CE,LTF26MAR265CE,0.0,0.0,0.0,18.3,18.3,18.3,300.25,38.3,2250,0,0,0.0,0,F1,2250,,,,,
2026-02-18,2026-02-18,FO,NSE,STO,137404,,LTF,,2026-03-30,2026-03-30,255.0,CE,LTF26MAR255CE,0.0,0.0,0.0,38.1,0.0,38.1,300.25,47.4,0,0,0,0.0,0,F1,2250,,,,,
2026-02-18,2026-02-18,FO,NSE,STO,114579,,LTF,,2026-02-24,2026-02-24,335.0,CE,LTF26FEB335CE,0.3,0.3,0.15,0.2,0.2,0.35,300.25,0.2,321750,-40500,75,56564887.5,34,F1,2250,,,,,
2026-02-18,2026-02-18,FO,NSE,STO,132053,,LTF,,2026-03-30,2026-03-30,280.0,PE,LTF26MAR280PE,5.4,5.5,4.8,4.9,4.95,6.35,300.25,4.9,416250,267750,178,114156675.0,96,F1,2250,,,,,
2026-02-18,2026-02-18,FO,NSE,STO,137405,,LTF,,2026-03-30,2026-03-30,255.0,PE,LTF26MAR255PE,1.45,1.6,1.45,1.6,1.6,1.9,300.25,0.65,6750,2250,2,1154362.5,2,F1,2250,,,,,
2026-02-18,2026-02-18,FO,NSE,STO,114578,,LTF,,2026-02-24,2026-02-24,330.0,PE,LTF26FEB330PE,0.0,0.0,0.0,31.35,31.6,31.35,300.25,29.5,45000,0,0,0.0,0,F1,2250,,,,,
2026-02-18,2026-02-18,FO,NSE,STO,114524,,LTF,,2026-02-24,2026-02-24,250.0,PE,LTF26FEB250PE,0.15,0.15,0.05,0.05,0.05,0.15,300.25,0.05,814500,-20250,22,12378712.5,16,F1,2250,,,,,
2026-02-18,2026-02-18,FO,NSE,STO,114540,,LTF,,2026-02-24,2026-02-24,285.0,CE,LTF26FEB285CE,15.2,18.5,14.65,16.1,16.0,14.55,300.25,16.1,1212750,-96750,135,91527750.0,91,F1,2250,,,,,
2026-02-18,2026-02-18,FO,NSE,STO,114546,,LTF,,2026-02-24,2026-02-24,300.0,CE,LTF26FEB300CE,4.05,6.5,3.7,4.6,4.35,4.75,300.25,4.6,5213250,-1179000,4689,3219321600.0,3974,F1,2250,,,,,
2026-02-18,2026-02-18,FO,NSE,STO,114510,,LTF,,2026-02-24,2026-02-24,230.0,PE,LTF26FEB230PE,0.0,0.0,0.0,1.85,0.0,1.85,300.25,0.05,0,0,0,0.0,0,F1,2250,,,,,
2026-02-18,2026-02-18,FO,NSE,STO,137575,,LTF,,2026-04-28,2026-04-28,300.0,CE,LTF26APR300CE,0.0,0.0,0.0,17.15,17.15,17.15,300.25,18.05,2250,0,0,0.0,0,F1,2250,,,,,
2026-02-18,2026-02-18,FO,NSE,STO,137539,,LTF,,2026-03-30,2026-03-30,335.0,CE,LTF26MAR335CE,3.5,3.5,2.5,3.1,3.1,3.05,300.25,2.8,58500,33750,65,49449712.5,51,F1,2250,,,,,
2026-02-18,2026-02-18,FO,NSE,STO,114518,,LTF,,2026-02-24,2026-02-24,245.0,PE,LTF26FEB245PE,0.1,0.1,0.1,0.1,0.1,0.15,300.25,0.05,76500,-4500,2,1102950.0,2,F1,2250,,,,,
2026-02-18,2026-02-18,FO,NSE,STO,36940,,SWIGGY,,2026-02-24,2026-02-24,265.0,CE,SWIGGY26FEB265CE,0.0,0.0,0.0,64.6,64.6,64.6,333.95,69.2,7800,0,0,0.0,0,F1,1300,,,,,
2026-02-18,2026-02-18,FO,NSE,STO,160346,,SWIGGY,,2026-02-24,2026-02-24,260.0,CE,SWIGGY26FEB260CE,0.0,0.0,0.0,68.55,68.55,68.55,333.95,74.2,3900,0,0,0.0,0,F1,1300,,,,,
2026-02-18,2026-02-18,FO,NSE,STO,168795,,SWIGGY,,2026-04-28,2026-04-28,390.0,PE,SWIGGY26APR390PE,0.0,0.0,0.0,78.9,0.0,78.9,333.95,58.15,0,0,0,0.0,0,F1,1300,,,,,
2026-02-18,2026-02-18,FO,NSE,STO,168783,,SWIGGY,,2026-04-28,2026-04-28,330.0,PE,SWIGGY26APR330PE,0.0,0.0,0.0,34.7,0.0,34.7,333.95,18.15,0,0,0,0.0,0,F1,1300,,,,,
2026-02-18,2026-02-18,FO,NSE,STO,168732,,SWIGGY,,2026-03-30,2026-03-30,355.0,CE,SWIGGY26MAR355CE,0.0,0.0,0.0,9.35,0.0,9.35,333.95,9.3,0,0,0,0.0,0,F1,1300,,,,,
2026-02-18,2026-02-18,FO,NSE,STO,160380,,SWIGGY,,2026-02-24,2026-02-24,350.0,CE,SWIGGY26FEB350CE,2.9,3.3,1.15,1.6,1.6,2.35,333.95,1.6,1131000,-122200,1125,514383675.0,728,F1,1300,,,,,
2026-02-18,2026-02-18,FO,NSE,STO,160378,,SWIGGY,,2026-02-24,2026-02-24,345.0,CE,SWIGGY26FEB345CE,3.95,4.85,1.85,2.5,2.5,3.4,333.95,2.5,274300,-28600,851,384626710.0,629,F1,1300,,,,,
2026-02-18,2026-02-18,FO,NSE,STO,160356,,SWIGGY,,2026-02-24,2026-02-24,290.0,CE,SWIGGY26FEB290CE,0.0,0.0,0.0,25.0,25.5,25.0,333.95,44.2,15600,0,0,0.0,0,F1,1300,,,,,
2026-02-18,2026-02-18,FO,NSE,STO,160352,,SWIGGY,,2026-02-24,2026-02-24,280.0,CE,SWIGGY26FEB280CE,0.0,0.0,0.0,55.95,55.95,55.95,333.95,54.2,5200,0,0,0.0,0,F1,1300,,,,,
2026-02-18,2026-02-18,FO,NSE,STO,160392,,SWIGGY,,2026-02-24,2026-02-24,380.0,CE,SWIGGY26FEB380CE,0.2,0.2,0.1,0.1,0.1,0.3,333.95,0.1,174200,-20800,33,16307785.0,26,F1,1300,,,,,
2026-02-18,2026-02-18,FO,NSE,STO,160479,,SWIGGY,,2026-03-30,2026-03-30,330.0,PE,SWIGGY26MAR330PE,18.35,19.05,16.7,17.3,17.3,8.25,333.95,13.7,14300,14300,21,9499555.0,21,F1,1300,,,,,
2026-02-18,2026-02-18,FO,NSE,STO,160377,,SWIGGY,,2026-02-24,2026-02-24,340.0,PE,SWIGGY26FEB340PE,13.05,14.6,9.35,10.75,10.95,14.3,333.95,10.75,698100,-322400,775,354242655.0,657,F1,1300,,,,,
2026-02-18,2026-02-18,FO,NSE,STO,168778,,SWIGGY,,2026-04-28,2026-04-28,310.0,CE,SWIGGY26APR310CE,0.0,0.0,0.0,30.7,0.0,30.7,333.95,37.3,0,0,0,0.0,0,F1,1300,,,,,
2026-02-18,2026-02-18,FO,NSE,STO,168730,,SWIGGY,,2026-03-30,2026-03-30,345.0,CE,SWIGGY26MAR345CE,10.85,10.85,9.45,9.45,9.45,11.9,333.95,12.75,1300,-1300,2,923390.0,2,F1,1300,,,,,
2026-02-18,2026-02-18,FO,NSE,STO,160464,,SWIGGY,,2026-03-30,2026-03-30,260.0,CE,SWIGGY26MAR260CE,0.0,0.0,0.0,87.65,87.65,87.65,333.95,75.8,3900,0,0,0.0,0,F1,1300,,,,,
2026-02-18,2026-02-18,FO,NSE,STO,160382,,SWIGGY,,2026-02-24,2026-02-24,355.0,CE,SWIGGY26FEB355CE,2.0,2.1,0.75,1.05,1.1,1.65,333.95,1.05,293800,32500,254,117550810.0,198,F1,1300,,,,,
2026-02-18,2026-02-18,FO,NSE,STO,160374,,SWIGGY,,2026-02-24,2026-02-24,335.0,CE,SWIGGY26FEB335CE,7.7,8.9,4.55,5.85,5.8,6.75,333.95,5.85,570700,50700,1323,586314560.0,1066,F1,1300,,,,,
2026-02-18,2026-02-18,FO,NSE,STO,168793,,SWIGGY,,2026-04-28,2026-04-28,380.0,PE,SWIGGY26APR380PE,0.0,0.0,0.0,70.6,0.0,70.6,333.95,50.1,0,0,0,0.0,0,F1,1300,,,,,
2026-02-18,2026-02-18,FO,NSE,STO,168771,,SWIGGY,,2026-04-28,2026-04-28,270.0,PE,SWIGGY26APR270PE,0.0,0.0,0.0,8.6,0.0,8.6,333.95,1.95,0,0,0,0.0,0,F1,1300,,,,,
2026-02-18,2026-02-18,FO,NSE,STO,168765,,SWIGGY,,2026-04-28,2026-04-28,240.0,PE,SWIGGY26APR240PE,0.0,0.0,0.0,2.95,0.0,2.95,333.95,0.3,0,0,0,0.0,0,F1,1300,,,,,
2026-02-18,2026-02-18,FO,NSE,STO,168723,,SWIGGY,,2026-03-30,2026-03-30,305.0,PE,SWIGGY26MAR305PE,0.0,0.0,0.0,9.05,9.05,9.05,333.95,5.0,15600,0,0,0.0,0,F1,1300,,,,,
2026-02-18,2026-02-18,FO,NSE,STO,160469,,SWIGGY,,2026-03-30,2026-03-30,280.0,PE,SWIGGY26MAR280PE,3.55,3.6,3.2,3.2,3.2,3.6,333.95,1.25,28600,1300,3,1105455.0,3,F1,1300,,,,,
2026-02-18,2026-02-18,FO,NSE,STO,43957,,SWIGGY,,2026-03-30,2026-03-30,250.0,PE,SWIGGY26MAR250PE,0.0,0.0,0.0,1.0,1.0,1.0,333.95,0.1,18200,0,0,0.0,0,F1,1300,,,,,
2026-02-18,2026-02-18,FO,NSE,STO,160375,,SWIGGY,,2026-02-24,2026-02-24,335.0,PE,SWIGGY26FEB335PE,8.7,11.0,7.7,7.9,8.1,11.0,333.95,7.9,202800,-14300,381,170316445.0,342,F1,1300,,,,,
2026-02-18,2026-02-18,FO,NSE,STO,160369,,SWIGGY,,2026-02-24,2026-02-24,320.0,PE,SWIGGY26FEB320PE,3.8,4.05,2.45,2.6,2.65,4.45,333.95,2.6,691600,-16900,991,416245765.0,739,F1,1300,,,,,
2026-02-18,2026-02-18,FO,NSE,STO,160359,,SWIGGY,,2026-02-24,2026-02-24,295.0,PE,SWIGGY26FEB295PE,0.7,0.8,0.55,0.6,0.55,0.95,333.95,0.6,280800,-6500,22,8456175.0,22,F1,1300,,,,,
2026-02-18,2026-02-18,FO,NSE,STO,168790,,SWIGGY,,2026-04-28,2026-04-28,370.0,CE,SWIGGY26APR370CE,0.0,0.0,0.0,10.6,0.0,10.6,333.95,10.3,0,0,0,0.0,0,F1,1300,,,,,
2026-02-18,2026-02-18,FO,NSE,STO,168736,,SWIGGY,,2026-03-30,2026-03-30,375.0,CE,SWIGGY26MAR375CE,0.0,0.0,0.0,5.65,0.0,5.65,333.95,4.6,0,0,0,0.0,0,F1,1300,,,,,
2026-02-18,2026-02-18,FO,NSE,STO,160468,,SWIGGY,,2026-03-30,2026-03-30,280.0,CE,SWIGGY26MAR280CE,0.0,0.0,0.0,119.8,0.0,119.8,333.95,56.85,0,0,0,0.0,0,F1,1300,,,,,
2026-02-18,2026-02-18,FO,NSE,STO,168726,,SWIGGY,,2026-03-30,2026-03-30,325.0,CE,SWIGGY26MAR325CE,0.0,0.0,0.0,18.55,0.0,18.55,333.95,22.4,0,0,0,0.0,0,F1,1300,,,,,
2026-02-18,2026-02-18,FO,NSE,STO,168792,,SWIGGY,,2026-04-28,2026-04-28,380.0,CE,SWIGGY26APR380CE,0.0,0.0,0.0,8.7,0.0,8.7,333.95,8.0,0,0,0,0.0,0,F1,1300,,,,,
2026-02-18,2026-02-18,FO,NSE,STO,168794,,SWIGGY,,2026-04-28,2026-04-28,390.0,CE,SWIGGY26APR390CE,0.0,0.0,0.0,7.1,0.0,7.1,333.95,6.1,0,0,0,0.0,0,F1,1300,,,,,
2026-02-18,2026-02-18,FO,NSE,STO,160395,,SWIGGY,,2026-02-24,2026-02-24,385.0,PE,SWIGGY26FEB385PE,0.0,0.0,0.0,20.95,0.0,20.95,333.95,50.7,0,0,0,0.0,0,F1,1300,,,,,
2026-02-18,2026-02-18,FO,NSE,STO,160397,,SWIGGY,,2026-02-24,2026-02-24,390.0,PE,SWIGGY26FEB390PE,0.0,0.0,0.0,56.0,56.0,56.0,333.95,55.7,13000,0,0,0.0,0,F1,1300,,,,,
2026-02-18,2026-02-18,FO,NSE,STO,160465,,SWIGGY,,2026-03-30,2026-03-30,260.0,PE,SWIGGY26MAR260PE,0.0,0.0,0.0,0.7,0.0,0.7,333.95,0.25,0,0,0,0.0,0,F1,1300,,,,,
2026-02-18,2026-02-18,FO,NSE,STO,160493,,SWIGGY,,2026-03-30,2026-03-30,400.0,PE,SWIGGY26MAR400PE,0.0,0.0,0.0,34.5,0.0,34.5,333.95,65.35,0,0,0,0.0,0,F1,1300,,,,,
2026-02-18,2026-02-18,FO,NSE,STO,160390,,SWIGGY,,2026-02-24,2026-02-24,375.0,CE,SWIGGY26FEB375CE,0.35,0.35,0.1,0.2,0.25,0.35,333.95,0.2,91000,0,37,18046210.0,31,F1,1300,,,,,
2026-02-18,2026-02-18,FO,NSE,STO,168791,,SWIGGY,,2026-04-28,2026-04-28,370.0,PE,SWIGGY26APR370PE,0.0,0.0,0.0,62.65,0.0,62.65,333.95,42.55,0,0,0,0.0,0,F1,1300,,,,,
2026-02-18,2026-02-18,FO,NSE,STO,168800,,SWIGGY,,2026-04-28,2026-04-28,420.0,CE,SWIGGY26APR420CE,0.0,0.0,0.0,3.8,0.0,3.8,333.95,2.6,0,0,0,0.0,0,F1,1300,,,,,
2026-02-18,2026-02-18,FO,NSE,STO,36941,,SWIGGY,,2026-02-24,2026-02-24,265.0,PE,SWIGGY26FEB265PE,0.0,0.0,0.0,0.3,0.3,0.3,333.95,0.05,1300,0,0,0.0,0,F1,1300,,,,,
2026-02-18,2026-02-18,FO,NSE,STO,168717,,SWIGGY,,2026-03-30,2026-03-30,275.0,PE,SWIGGY26MAR275PE,0.0,0.0,0.0,6.85,0.0,6.85,333.95,0.85,0,0,0,0.0,0,F1,1300,,,,,
2026-02-18,2026-02-18,FO,NSE,STO,168733,,SWIGGY,,2026-03-30,2026-03-30,355.0,PE,SWIGGY26MAR355PE,0.0,0.0,0.0,48.4,0.0,48.4,333.95,28.2,0,0,0,0.0,0,F1,1300,,,,,
2026-02-18,2026-02-18,FO,NSE,STO,160491,,SWIGGY,,2026-03-30,2026-03-30,390.0,PE,SWIGGY26MAR390PE,63.5,63.5,62.05,62.05,62.05,54.3,333.95,62.05,1300,-2600,8,4705285.0,3,F1,1300,,,,,
2026-02-18,2026-02-18,FO,NSE,STO,160348,,SWIGGY,,2026-02-24,2026-02-24,270.0,CE,SWIGGY26FEB270CE,0.0,0.0,0.0,126.8,0.0,126.8,333.95,64.2,0,0,0,0.0,0,F1,1300,,,,,
2026-02-18,2026-02-18,FO,NSE,STO,160354,,SWIGGY,,2026-02-24,2026-02-24,285.0,CE,SWIGGY26FEB285CE,0.0,0.0,0.0,25.3,25.3,25.3,333.95,49.2,1300,0,0,0.0,0,F1,1300,,,,,
2026-02-18,2026-02-18,FO,NSE,STO,160364,,SWIGGY,,2026-02-24,2026-02-24,310.0,CE,SWIGGY26FEB310CE,0.0,0.0,0.0,23.2,23.55,23.2,333.95,24.65,269100,0,0,0.0,0,F1,1300,,,,,
2026-02-18,2026-02-18,FO,NSE,STO,43956,,SWIGGY,,2026-03-30,2026-03-30,250.0,CE,SWIGGY26MAR250CE,0.0,0.0,0.0,115.3,0.0,115.3,333.95,85.55,0,0,0,0.0,0,F1,1300,,,,,
2026-02-18,2026-02-18,FO,NSE,STO,168714,,SWIGGY,,2026-03-30,2026-03-30,265.0,CE,SWIGGY26MAR265CE,0.0,0.0,0.0,82.95,82.95,82.95,333.95,70.95,3900,0,0,0.0,0,F1,1300,,,,,
2026-02-18,2026-02-18,FO,NSE,STO,160478,,SWIGGY,,2026-03-30,2026-03-30,330.0,CE,SWIGGY26MAR330CE,17.75,18.2,15.8,16.9,17.0,17.8,333.95,16.9,54600,7800,44,19831175.0,38,F1,1300,,,,,
2026-02-18,2026-02-18,FO,NSE,STO,160494,,SWIGGY,,2026-03-30,2026-03-30,410.0,CE,SWIGGY26MAR410CE,1.0,1.0,1.0,1.0,1.0,30.15,333.95,1.1,1300,1300,1,534300.0,1,F1,1300,,,,,
2026-02-18,2026-02-18,FO,NSE,STO,160399,,SWIGGY,,2026-02-24,2026-02-24,395.0,PE,SWIGGY26FEB395PE,62.8,62.8,62.8,62.8,62.8,57.65,333.95,60.7,3900,0,3,1785420.0,1,F1,1300,,,,,
2026-02-18,2026-02-18,FO,NSE,STO,160472,,SWIGGY,,2026-03-30,2026-03-30,300.0,CE,SWIGGY26MAR300CE,0.0,0.0,0.0,35.35,35.35,35.35,333.95,39.65,5200,0,0,0.0,0,F1,1300,,,,,
2026-02-18,2026-02-18,FO,NSE,STO,160372,,SWIGGY,,2026-02-24,2026-02-24,330.0,CE,SWIGGY26FEB330CE,10.15,11.7,6.65,8.4,8.3,8.75,333.95,8.4,631800,-46800,882,387775895.0,839,F1,1300,,,,,
2026-02-18,2026-02-18,FO,NSE,STO,160362,,SWIGGY,,2026-02-24,2026-02-24,305.0,CE,SWIGGY26FEB305CE,0.0,0.0,0.0,31.75,31.45,31.75,333.95,29.4,54600,0,0,0.0,0,F1,1300,,,,,
2026-02-18,2026-02-18,FO,NSE,STF,67019,,SWIGGY,,2026-04-28,2026-04-28,,,SWIGGY26APRFUT,331.0,331.0,326.0,329.0,329.0,326.35,333.95,329.0,226200,33800,33,14072825.0,31,F1,1300,,,,,
2026-02-18,2026-02-18,FO,NSE,STO,160496,,SWIGGY,,2026-03-30,2026-03-30,420.0,CE,SWIGGY26MAR420CE,1.0,1.0,1.0,1.0,1.0,1.75,333.95,1.0,3900,1300,1,547300.0,1,F1,1300,,,,,
2026-02-18,2026-02-18,FO,NSE,STO,168796,,SWIGGY,,2026-04-28,2026-04-28,400.0,CE,SWIGGY26APR400CE,0.0,0.0,0.0,5.8,0.0,5.8,333.95,4.65,0,0,0,0.0,0,F1,1300,,,,,
2026-02-18,2026-02-18,FO,NSE,STO,160349,,SWIGGY,,2026-02-24,2026-02-24,270.0,PE,SWIGGY26FEB270PE,0.2,0.2,0.2,0.2,0.2,0.35,333.95,0.2,150800,1300,1,351260.0,1,F1,1300,,,,,
2026-02-18,2026-02-18,FO,NSE,STO,168789,,SWIGGY,,2026-04-28,2026-04-28,360.0,PE,SWIGGY26APR360PE,0.0,0.0,0.0,55.05,0.0,55.05,333.95,35.5,0,0,0,0.0,0,F1,1300,,,,,
2026-02-18,2026-02-18,FO,NSE,STO,160497,,SWIGGY,,2026-03-30,2026-03-30,420.0,PE,SWIGGY26MAR420PE,0.0,0.0,0.0,46.05,0.0,46.05,333.95,84.2,0,0,0,0.0,0,F1,1300,,,,,
2026-02-18,2026-02-18,FO,NSE,STO,160483,,SWIGGY,,2026-03-30,2026-03-30,350.0,PE,SWIGGY26MAR350PE,29.5,30.6,28.85,28.9,28.9,30.9,333.95,28.9,36400,3900,19,9388600.0,17,F1,1300,,,,,
2026-02-18,2026-02-18,FO,NSE,STO,168725,,SWIGGY,,2026-03-30,2026-03-30,315.0,PE,SWIGGY26MAR315PE,0.0,0.0,0.0,22.3,0.0,22.3,333.95,7.8,0,0,0,0.0,0,F1,1300,,,,,
2026-02-18,2026-02-18,FO,NSE,STO,160473,,SWIGGY,,2026-03-30,2026-03-30,300.0,PE,SWIGGY26MAR300PE,6.2,7.5,5.95,6.15,6.15,7.4,333.95,6.15,274300,19500,109,43435080.0,77,F1,1300,,,,,
2026-02-18,2026-02-18,FO,NSE,STO,168715,,SWIGGY,,2026-03-30,2026-03-30,265.0,PE,SWIGGY26MAR265PE,0.0,0.0,0.0,4.65,0.0,4.65,333.95,0.4,0,0,0,0.0,0,F1,1300,,,,,
2026-02-18,2026-02-18,FO,NSE,STO,160367,,SWIGGY,,2026-02-24,2026-02-24,315.0,PE,SWIGGY26FEB315PE,2.2,2.8,1.8,1.85,1.85,3.15,333.95,1.85,132600,-13000,109,44936450.0,84,F1,1300,,,,,
2026-02-18,2026-02-18,FO,NSE,STO,168728,,SWIGGY,,2026-03-30,2026-03-30,335.0,CE,SWIGGY26MAR335CE,15.35,15.5,13.35,14.35,14.4,15.35,333.95,14.35,49400,20800,25,11353745.0,24,F1,1300,,,,,
2026-02-18,2026-02-18,FO,NSE,STO,160488,,SWIGGY,,2026-03-30,2026-03-30,380.0,CE,SWIGGY26MAR380CE,0.0,0.0,0.0,4.0,4.0,4.0,333.95,3.8,7800,0,0,0.0,0,F1,1300,,,,,
2026-02-18,2026-02-18,FO,NSE,STO,168739,,SWIGGY,,2026-03-30,2026-03-30,385.0,PE,SWIGGY26MAR385PE,0.0,0.0,0.0,73.05,0.0,73.05,333.95,51.85,0,0,0,0.0,0,F1,1300,,,,,
2026-02-18,2026-02-18,FO,NSE,STO,160393,,SWIGGY,,2026-02-24,2026-02-24,380.0,PE,SWIGGY26FEB380PE,0.0,0.0,0.0,29.3,30.65,29.3,333.95,45.75,32500,0,0,0.0,0,F1,1300,,,,,
2026-02-18,2026-02-18,FO,NSE,STO,160385,,SWIGGY,,2026-02-24,2026-02-24,360.0,PE,SWIGGY26FEB360PE,29.2,29.75,27.55,27.85,27.55,30.1,333.95,27.85,179400,-2600,10,5051085.0,10,F1,1300,,,,,
2026-02-18,2026-02-18,FO,NSE,STO,160361,,SWIGGY,,2026-02-24,2026-02-24,300.0,PE,SWIGGY26FEB300PE,1.05,1.15,0.75,0.8,0.75,1.35,333.95,0.8,1231100,-63700,328,128333400.0,221,F1,1300,,,,,
2026-02-18,2026-02-18,FO,NSE,STO,160351,,SWIGGY,,2026-02-24,2026-02-24,275.0,PE,SWIGGY26FEB275PE,0.0,0.0,0.0,0.3,0.3,0.3,333.95,0.05,16900,0,0,0.0,0,F1,1300,,,,,
2026-02-18,2026-02-18,FO,NSE,STO,160347,,SWIGGY,,2026-02-24,2026-02-24,260.0,PE,SWIGGY26FEB260PE,0.15,0.15,0.15,0.15,0.15,0.25,333.95,0.05,91000,-6500,5,1690975.0,2,F1,1300,,,,,
2026-02-18,2026-02-18,FO,NSE,STO,168788,,SWIGGY,,2026-04-28,2026-04-28,360.0,CE,SWIGGY26APR360CE,0.0,0.0,0.0,12.8,0.0,12.8,333.95,13.15,0,0,0,0.0,0,F1,1300,,,,,
2026-02-18,2026-02-18,FO,NSE,STO,160490,,SWIGGY,,2026-03-30,2026-03-30,390.0,CE,SWIGGY26MAR390CE,3.65,3.65,2.15,2.35,2.35,2.95,333.95,2.35,65000,-5200,73,37262745.0,59,F1,1300,,,,,
2026-02-18,2026-02-18,FO,NSE,STO,168720,,SWIGGY,,2026-03-30,2026-03-30,295.0,CE,SWIGGY26MAR295CE,0.0,0.0,0.0,33.5,0.0,33.5,333.95,43.75,0,0,0,0.0,0,F1,1300,,,,,
2026-02-18,2026-02-18,FO,NSE,STO,160404,,SWIGGY,,2026-02-24,2026-02-24,410.0,CE,SWIGGY26FEB410CE,0.0,0.0,0.0,0.85,0.85,0.85,333.95,0.05,1300,0,0,0.0,0,F1,1300,,,,,
2026-02-18,2026-02-18,FO,NSE,STO,168770,,SWIGGY,,2026-04-28,2026-04-28,270.0,CE,SWIGGY26APR270CE,0.0,0.0,0.0,55.0,0.0,55.0,333.95,68.7,0,0,0,0.0,0,F1,1300,,,,,
2026-02-18,2026-02-18,FO,NSE,STO,160368,,SWIGGY,,2026-02-24,2026-02-24,320.0,CE,SWIGGY26FEB320CE,18.0,18.7,13.15,15.45,15.35,15.3,333.95,15.45,390000,-19500,71,30923555.0,66,F1,1300,,,,,
2026-02-18,2026-02-18,FO,NSE,STO,168782,,SWIGGY,,2026-04-28,2026-04-28,330.0,CE,SWIGGY26APR330CE,0.0,0.0,0.0,22.0,0.0,22.0,333.95,25.5,0,0,0,0.0,0,F1,1300,,,,,
2026-02-18,2026-02-18,FO,NSE,STO,168741,,SWIGGY,,2026-03-30,2026-03-30,395.0,PE,SWIGGY26MAR395PE,0.0,0.0,0.0,81.95,0.0,81.95,333.95,60.75,0,0,0,0.0,0,F1,1300,,,,,
2026-02-18,2026-02-18,FO,NSE,STO,168774,,SWIGGY,,2026-04-28,2026-04-28,290.0,CE,SWIGGY26APR290CE,0.0,0.0,0.0,41.65,0.0,41.65,333.95,51.85,0,0,0,0.0,0,F1,1300,,,,,
2026-02-18,2026-02-18,FO,NSE,STO,168764,,SWIGGY,,2026-04-28,2026-04-28,240.0,CE,SWIGGY26APR240CE,0.0,0.0,0.0,78.85,0.0,78.85,333.95,96.75,0,0,0,0.0,0,F1,1300,,,,,
2026-02-18,2026-02-18,FO,NSE,STO,168776,,SWIGGY,,2026-04-28,2026-04-28,300.0,CE,SWIGGY26APR300CE,0.0,0.0,0.0,35.9,0.0,35.9,333.95,44.25,0,0,0,0.0,0,F1,1300,,,,,
2026-02-18,2026-02-18,FO,NSE,STO,168786,,SWIGGY,,2026-04-28,2026-04-28,350.0,CE,SWIGGY26APR350CE,0.0,0.0,0.0,15.4,0.0,15.4,333.95,16.6,0,0,0,0.0,0,F1,1300,,,,,
2026-02-18,2026-02-18,FO,NSE,STO,160353,,SWIGGY,,2026-02-24,2026-02-24,280.0,PE,SWIGGY26FEB280PE,0.45,0.45,0.35,0.35,0.35,0.55,333.95,0.35,535600,-59800,115,41919930.0,65,F1,1300,,,,,
2026-02-18,2026-02-18,FO,NSE,STO,160363,,SWIGGY,,2026-02-24,2026-02-24,305.0,PE,SWIGGY26FEB305PE,1.05,1.45,0.9,1.0,1.0,1.75,333.95,1.0,89700,-14300,48,19099860.0,34,F1,1300,,,,,
2026-02-18,2026-02-18,FO,NSE,STO,168727,,SWIGGY,,2026-03-30,2026-03-30,325.0,PE,SWIGGY26MAR325PE,15.8,16.2,15.8,16.15,16.15,16.2,333.95,11.5,33800,3900,3,1330095.0,3,F1,1300,,,,,
2026-02-18,2026-02-18,FO,NSE,STO,160476,,SWIGGY,,2026-03-30,2026-03-30,320.0,CE,SWIGGY26MAR320CE,24.05,24.05,21.35,21.35,21.35,24.0,333.95,25.4,29900,19500,28,12477920.0,28,F1,1300,,,,,
2026-02-18,2026-02-18,FO,NSE,STO,168785,,SWIGGY,,2026-04-28,2026-04-28,340.0,PE,SWIGGY26APR340PE,0.0,0.0,0.0,41.0,0.0,41.0,333.95,23.25,0,0,0,0.0,0,F1,1300,,,,,
2026-02-18,2026-02-18,FO,NSE,STO,168769,,SWIGGY,,2026-04-28,2026-04-28,260.0,PE,SWIGGY26APR260PE,0.0,0.0,0.0,6.2,0.0,6.2,333.95,1.15,0,0,0,0.0,0,F1,1300,,,,,
2026-02-18,2026-02-18,FO,NSE,STO,168731,,SWIGGY,,2026-03-30,2026-03-30,345.0,PE,SWIGGY26MAR345PE,0.0,0.0,0.0,24.0,24.0,24.0,333.95,21.75,1300,0,0,0.0,0,F1,1300,,,,,
2026-02-18,2026-02-18,FO,NSE,STF,52045,,SWIGGY,,2026-02-24,2026-02-24,,,SWIGGY26FEBFUT,332.05,336.2,328.45,332.9,332.45,330.9,333.95,332.9,42290300,635700,5610,2417964835.0,5046,F1,1300,,,,,
2026-02-18,2026-02-18,FO,NSE,STO,160376,,SWIGGY,,2026-02-24,2026-02-24,340.0,CE,SWIGGY26FEB340CE,5.75,6.7,2.95,3.9,3.85,4.85,333.95,3.9,445900,-92300,1815,811948280.0,1444,F1,1300,,,,,
2026-02-18,2026-02-18,FO,NSE,STO,160484,,SWIGGY,,2026-03-30,2026-03-30,360.0,CE,SWIGGY26MAR360CE,7.15,7.2,6.3,6.55,6.6,7.6,333.95,6.55,187200,41600,95,45276465.0,63,F1,1300,,,,,
2026-02-18,2026-02-18,FO,NSE,STO,160358,,SWIGGY,,2026-02-24,2026-02-24,295.0,CE,SWIGGY26FEB295CE,0.0,0.0,0.0,41.65,41.65,41.65,333.95,39.25,14300,0,0,0.0,0,F1,1300,,,,,
2026-02-18,2026-02-18,FO,NSE,STO,160396,,SWIGGY,,2026-02-24,2026-02-24,390.0,CE,SWIGGY26FEB390CE,0.05,0.1,0.05,0.1,0.1,0.2,333.95,0.05,109200,-6500,23,11663340.0,13,F1,1300,,,,,
2026-02-18,2026-02-18,FO,NSE,STO,160408,,SWIGGY,,2026-02-24,2026-02-24,420.0,CE,SWIGGY26FEB420CE,0.0,0.0,0.0,18.3,0.0,18.3,333.95,0.05,0,0,0,0.0,0,F1,1300,,,,,
2026-02-18,2026-02-18,FO,NSE,STO,160416,,SWIGGY,,2026-02-24,2026-02-24,440.0,CE,SWIGGY26FEB440CE,0.05,0.05,0.05,0.05,0.05,0.05,333.95,0.05,76700,0,4,2288260.0,4,F1,1300,,,,,
2026-02-18,2026-02-18,FO,NSE,STO,160474,,SWIGGY,,2026-03-30,2026-03-30,310.0,CE,SWIGGY26MAR310CE,0.0,0.0,0.0,93.3,0.0,93.3,333.95,32.1,0,0,0,0.0,0,F1,1300,,,,,
2026-02-18,2026-02-18,FO,NSE,STO,160480,,SWIGGY,,2026-03-30,2026-03-30,340.0,CE,SWIGGY26MAR340CE,14.0,14.7,11.6,12.5,12.6,13.6,333.95,12.5,101400,20800,92,42167125.0,75,F1,1300,,,,,
2026-02-18,2026-02-18,FO,NSE,STO,168738,,SWIGGY,,2026-03-30,2026-03-30,385.0,CE,SWIGGY26MAR385CE,0.0,0.0,0.0,4.35,0.0,4.35,333.95,3.15,0,0,0,0.0,0,F1,1300,,,,,
2026-02-18,2026-02-18,FO,NSE,STO,160492,,SWIGGY,,2026-03-30,2026-03-30,400.0,CE,SWIGGY26MAR400CE,3.0,3.0,1.6,1.65,1.65,3.0,333.95,1.65,15600,6500,12,6270160.0,10,F1,1300,,,,,
2026-02-18,2026-02-18,FO,NSE,STO,160381,,SWIGGY,,2026-02-24,2026-02-24,350.0,PE,SWIGGY26FEB350PE,18.0,21.7,18.0,18.7,18.75,21.65,333.95,18.7,327600,0,45,21627320.0,44,F1,1300,,,,,
2026-02-18,2026-02-18,FO,NSE,STO,168801,,SWIGGY,,2026-04-28,2026-04-28,420.0,PE,SWIGGY26APR420PE,0.0,0.0,0.0,105.1,0.0,105.1,333.95,84.3,0,0,0,0.0,0,F1,1300,,,,,
2026-02-18,2026-02-18,FO,NSE,STO,160389,,SWIGGY,,2026-02-24,2026-02-24,370.0,PE,SWIGGY26FEB370PE,0.0,0.0,0.0,39.55,39.05,39.55,333.95,35.85,27300,0,0,0.0,0,F1,1300,,,,,
2026-02-18,2026-02-18,FO,NSE,STO,160481,,SWIGGY,,2026-03-30,2026-03-30,340.0,PE,SWIGGY26MAR340PE,23.1,24.0,22.1,22.3,22.25,25.0,333.95,22.3,63700,-2600,35,16523975.0,33,F1,1300,,,,,
2026-02-18,2026-02-18,FO,NSE,STO,160495,,SWIGGY,,2026-03-30,2026-03-30,410.0,PE,SWIGGY26MAR410PE,0.0,0.0,0.0,40.05,0.0,40.05,333.95,74.7,0,0,0,0.0,0,F1,1300,,,,,
2026-02-18,2026-02-18,FO,NSE,STO,168777,,SWIGGY,,2026-04-28,2026-04-28,300.0,PE,SWIGGY26APR300PE,0.0,0.0,0.0,8.1,8.1,8.1,333.95,7.2,35100,0,0,0.0,0,F1,1300,,,,,
2026-02-18,2026-02-18,FO,NSE,STO,160344,,SWIGGY,,2026-02-24,2026-02-24,250.0,CE,SWIGGY26FEB250CE,0.0,0.0,0.0,78.4,78.4,78.4,333.95,84.2,3900,0,0,0.0,0,F1,1300,,,,,
2026-02-18,2026-02-18,FO,NSE,STO,160366,,SWIGGY,,2026-02-24,2026-02-24,315.0,CE,SWIGGY26FEB315CE,18.45,19.55,18.35,19.55,19.5,19.3,333.95,19.55,153400,5200,9,3905200.0,9,F1,1300,,,,,
2026-02-18,2026-02-18,FO,NSE,STO,160350,,SWIGGY,,2026-02-24,2026-02-24,275.0,CE,SWIGGY26FEB275CE,0.0,0.0,0.0,54.6,54.6,54.6,333.95,59.2,0,0,0,0.0,0,F1,1300,,,,,
2026-02-18,2026-02-18,FO,NSE,STO,168735,,SWIGGY,,2026-03-30,2026-03-30,365.0,PE,SWIGGY26MAR365PE,0.0,0.0,0.0,56.25,0.0,56.25,333.95,35.45,0,0,0,0.0,0,F1,1300,,,,,
2026-02-18,2026-02-18,FO,NSE,STO,168797,,SWIGGY,,2026-04-28,2026-04-28,400.0,PE,SWIGGY26APR400PE,0.0,0.0,0.0,87.4,0.0,87.4,333.95,66.55,0,0,0,0.0,0,F1,1300,,,,,
2026-02-18,2026-02-18,FO,NSE,STO,168737,,SWIGGY,,2026-03-30,2026-03-30,375.0,PE,SWIGGY26MAR375PE,0.0,0.0,0.0,64.5,0.0,64.5,333.95,43.4,0,0,0,0.0,0,F1,1300,,,,,
2026-02-18,2026-02-18,FO,NSE,STO,168729,,SWIGGY,,2026-03-30,2026-03-30,335.0,PE,SWIGGY26MAR335PE,19.2,19.2,19.0,19.1,19.0,20.95,333.95,19.1,11700,0,2,920660.0,2,F1,1300,,,,,
2026-02-18,2026-02-18,FO,NSE,STO,168740,,SWIGGY,,2026-03-30,2026-03-30,395.0,CE,SWIGGY26MAR395CE,0.0,0.0,0.0,3.3,0.0,3.3,333.95,2.1,0,0,0,0.0,0,F1,1300,,,,,
2026-02-18,2026-02-18,FO,NSE,STO,160471,,SWIGGY,,2026-03-30,2026-03-30,290.0,PE,SWIGGY26MAR290PE,5.25,5.25,3.4,3.8,4.15,5.25,333.95,3.8,22100,7800,10,3824990.0,9,F1,1300,,,,,
2026-02-18,2026-02-18,FO,NSE,STO,160409,,SWIGGY,,2026-02-24,2026-02-24,420.0,PE,SWIGGY26FEB420PE,0.0,0.0,0.0,93.2,93.2,93.2,333.95,85.65,0,0,0,0.0,0,F1,1300,,,,,
2026-02-18,2026-02-18,FO,NSE,STO,160401,,SWIGGY,,2026-02-24,2026-02-24,400.0,PE,SWIGGY26FEB400PE,0.0,0.0,0.0,81.05,81.05,81.05,333.95,65.7,15600,0,0,0.0,0,F1,1300,,,,,
2026-02-18,2026-02-18,FO,NSE,STO,160391,,SWIGGY,,2026-02-24,2026-02-24,375.0,PE,SWIGGY26FEB375PE,43.75,43.75,42.05,42.05,42.05,44.05,333.95,42.05,5200,-3900,6,3259945.0,6,F1,1300,,,,,
2026-02-18,2026-02-18,FO,NSE,STO,160373,,SWIGGY,,2026-02-24,2026-02-24,330.0,PE,SWIGGY26FEB330PE,7.45,8.15,5.25,5.6,5.7,8.3,333.95,5.6,674700,-62400,1362,595577710.0,1064,F1,1300,,,,,
2026-02-18,2026-02-18,FO,NSE,STO,168775,,SWIGGY,,2026-04-28,2026-04-28,290.0,PE,SWIGGY26APR290PE,0.0,0.0,0.0,14.95,0.0,14.95,333.95,4.9,0,0,0,0.0,0,F1,1300,,,,,
2026-02-18,2026-02-18,FO,NSE,STO,160357,,SWIGGY,,2026-02-24,2026-02-24,290.0,PE,SWIGGY26FEB290PE,0.65,0.7,0.4,0.45,0.4,0.9,333.95,0.45,230100,-5200,86,32484205.0,58,F1,1300,,,,,
2026-02-18,2026-02-18,FO,NSE,STO,160345,,SWIGGY,,2026-02-24,2026-02-24,250.0,PE,SWIGGY26FEB250PE,0.1,0.15,0.1,0.15,0.15,0.2,333.95,0.05,152100,-1300,23,7478250.0,12,F1,1300,,,,,
2026-02-18,2026-02-18,FO,NSE,STO,168784,,SWIGGY,,2026-04-28,2026-04-28,340.0,CE,SWIGGY26APR340CE,0.0,0.0,0.0,18.5,0.0,18.5,333.95,20.7,0,0,0,0.0,0,F1,1300,,,,,
2026-02-18,2026-02-18,FO,NSE,STO,168772,,SWIGGY,,2026-04-28,2026-04-28,280.0,CE,SWIGGY26APR280CE,0.0,0.0,0.0,48.05,0.0,48.05,333.95,60.05,0,0,0,0.0,0,F1,1300,,,,,
2026-02-18,2026-02-18,FO,NSE,STO,160482,,SWIGGY,,2026-03-30,2026-03-30,350.0,CE,SWIGGY26MAR350CE,11.4,12.1,8.3,9.1,9.2,10.05,333.95,9.1,439400,117000,391,182689195.0,275,F1,1300,,,,,
2026-02-18,2026-02-18,FO,NSE,STO,160371,,SWIGGY,,2026-02-24,2026-02-24,325.0,PE,SWIGGY26FEB325PE,5.15,5.9,3.65,3.75,3.95,6.15,333.95,3.75,322400,70200,858,367511430.0,672,F1,1300,,,,,
2026-02-18,2026-02-18,FO,NSE,STF,52046,,SWIGGY,,2026-03-30,2026-03-30,,,SWIGGY26MARFUT,330.7,334.05,326.1,330.15,330.65,328.5,333.95,330.15,12123800,2458300,3400,1453815610.0,2924,F1,1300,,,,,
2026-02-18,2026-02-18,FO,NSE,STO,160400,,SWIGGY,,2026-02-24,2026-02-24,400.0,CE,SWIGGY26FEB400CE,0.05,0.1,0.05,0.1,0.1,0.1,333.95,0.05,273000,-57200,82,42645525.0,36,F1,1300,,,,,
2026-02-18,2026-02-18,FO,NSE,STO,168781,,SWIGGY,,2026-04-28,2026-04-28,320.0,PE,SWIGGY26APR320PE,0.0,0.0,0.0,28.95,0.0,28.95,333.95,13.75,0,0,0,0.0,0,F1,1300,,,,,
2026-02-18,2026-02-18,FO,NSE,STO,168773,,SWIGGY,,2026-04-28,2026-04-28,280.0,PE,SWIGGY26APR280PE,0.0,0.0,0.0,11.5,0.0,11.5,333.95,3.2,0,0,0,0.0,0,F1,1300,,,,,
2026-02-18,2026-02-18,FO,NSE,STO,160383,,SWIGGY,,2026-02-24,2026-02-24,355.0,PE,SWIGGY26FEB355PE,24.55,25.5,22.6,23.05,23.05,18.0,333.95,23.05,88400,5200,9,4435210.0,9,F1,1300,,,,,
2026-02-18,2026-02-18,FO,NSE,STO,160387,,SWIGGY,,2026-02-24,2026-02-24,365.0,PE,SWIGGY26FEB365PE,0.0,0.0,0.0,30.75,30.75,30.75,333.95,30.95,37700,0,0,0.0,0,F1,1300,,,,,
2026-02-18,2026-02-18,FO,NSE,STO,160475,,SWIGGY,,2026-03-30,2026-03-30,310.0,PE,SWIGGY26MAR310PE,10.25,10.5,8.85,9.6,9.6,4.65,333.95,6.3,6500,6500,12,4988490.0,12,F1,1300,,,,,
2026-02-18,2026-02-18,FO,NSE,STO,160487,,SWIGGY,,2026-03-30,2026-03-30,370.0,PE,SWIGGY26MAR370PE,0.0,0.0,0.0,46.0,46.0,46.0,333.95,39.35,5200,0,0,0.0,0,F1,1300,,,,,
2026-02-18,2026-02-18,FO,NSE,STO,168718,,SWIGGY,,2026-03-30,2026-03-30,285.0,CE,SWIGGY26MAR285CE,0.0,0.0,0.0,39.9,0.0,39.9,333.95,52.35,0,0,0,0.0,0,F1,1300,,,,,
2026-02-18,2026-02-18,FO,NSE,STO,160466,,SWIGGY,,2026-03-30,2026-03-30,270.0,CE,SWIGGY26MAR270CE,0.0,0.0,0.0,129.1,0.0,129.1,333.95,66.2,0,0,0,0.0,0,F1,1300,,,,,
2026-02-18,2026-02-18,FO,NSE,STO,160388,,SWIGGY,,2026-02-24,2026-02-24,370.0,CE,SWIGGY26FEB370CE,0.5,0.55,0.2,0.25,0.25,0.55,333.95,0.25,172900,-32500,87,41879045.0,61,F1,1300,,,,,
2026-02-18,2026-02-18,FO,NSE,STO,160489,,SWIGGY,,2026-03-30,2026-03-30,380.0,PE,SWIGGY26MAR380PE,0.0,0.0,0.0,76.2,76.2,76.2,333.95,47.55,0,0,0,0.0,0,F1,1300,,,,,
2026-02-18,2026-02-18,FO,NSE,STO,160386,,SWIGGY,,2026-02-24,2026-02-24,365.0,CE,SWIGGY26FEB365CE,0.75,1.05,0.2,0.45,0.45,0.75,333.95,0.45,184600,-10400,71,33735520.0,67,F1,1300,,,,,
2026-02-18,2026-02-18,FO,NSE,STO,160370,,SWIGGY,,2026-02-24,2026-02-24,325.0,CE,SWIGGY26FEB325CE,13.3,13.3,9.75,11.65,11.65,11.95,333.95,11.65,197600,-10400,133,58078605.0,131,F1,1300,,,,,
2026-02-18,2026-02-18,FO,NSE,STO,160360,,SWIGGY,,2026-02-24,2026-02-24,300.0,CE,SWIGGY26FEB300CE,32.9,34.4,30.0,32.55,32.55,32.45,333.95,34.3,200200,-5200,41,17705805.0,35,F1,1300,,,,,
2026-02-18,2026-02-18,FO,NSE,STO,160486,,SWIGGY,,2026-03-30,2026-03-30,370.0,CE,SWIGGY26MAR370CE,0.0,0.0,0.0,6.35,6.35,6.35,333.95,5.55,9100,0,0,0.0,0,F1,1300,,,,,
2026-02-18,2026-02-18,FO,NSE,STO,168768,,SWIGGY,,2026-04-28,2026-04-28,260.0,CE,SWIGGY26APR260CE,0.0,0.0,0.0,62.45,0.0,62.45,333.95,77.8,0,0,0,0.0,0,F1,1300,,,,,
2026-02-18,2026-02-18,FO,NSE,STO,160379,,SWIGGY,,2026-02-24,2026-02-24,345.0,PE,SWIGGY26FEB345PE,16.95,17.6,13.85,14.55,14.5,17.7,333.95,14.55,120900,6500,54,25327575.0,54,F1,1300,,,,,
2026-02-18,2026-02-18,FO,NSE,STO,160394,,SWIGGY,,2026-02-24,2026-02-24,385.0,CE,SWIGGY26FEB385CE,0.0,0.0,0.0,0.2,0.2,0.2,333.95,0.05,6500,0,0,0.0,0,F1,1300,,,,,
2026-02-18,2026-02-18,FO,NSE,STO,168716,,SWIGGY,,2026-03-30,2026-03-30,275.0,CE,SWIGGY26MAR275CE,0.0,0.0,0.0,47.0,0.0,47.0,333.95,61.5,0,0,0,0.0,0,F1,1300,,,,,
2026-02-18,2026-02-18,FO,NSE,STO,168719,,SWIGGY,,2026-03-30,2026-03-30,285.0,PE,SWIGGY26MAR285PE,0.0,0.0,0.0,9.65,0.0,9.65,333.95,1.7,0,0,0,0.0,0,F1,1300,,,,,
2026-02-18,2026-02-18,FO,NSE,STO,168734,,SWIGGY,,2026-03-30,2026-03-30,365.0,CE,SWIGGY26MAR365CE,0.0,0.0,0.0,7.3,0.0,7.3,333.95,6.6,0,0,0,0.0,0,F1,1300,,,,,
2026-02-18,2026-02-18,FO,NSE,STO,160477,,SWIGGY,,2026-03-30,2026-03-30,320.0,PE,SWIGGY26MAR320PE,12.15,14.3,12.15,12.25,12.35,13.95,333.95,12.25,66300,23400,65,28123680.0,54,F1,1300,,,,,
2026-02-18,2026-02-18,FO,NSE,STO,168787,,SWIGGY,,2026-04-28,2026-04-28,350.0,PE,SWIGGY26APR350PE,0.0,0.0,0.0,47.8,0.0,47.8,333.95,29.05,0,0,0,0.0,0,F1,1300,,,,,
2026-02-18,2026-02-18,FO,NSE,STO,168721,,SWIGGY,,2026-03-30,2026-03-30,295.0,PE,SWIGGY26MAR295PE,0.0,0.0,0.0,13.2,0.0,13.2,333.95,3.0,0,0,0,0.0,0,F1,1300,,,,,
2026-02-18,2026-02-18,FO,NSE,STO,160384,,SWIGGY,,2026-02-24,2026-02-24,360.0,CE,SWIGGY26FEB360CE,1.35,1.5,0.5,0.65,0.7,1.1,333.95,0.65,605800,-11700,269,126125870.0,206,F1,1300,,,,,
2026-02-18,2026-02-18,FO,NSE,STO,160398,,SWIGGY,,2026-02-24,2026-02-24,395.0,CE,SWIGGY26FEB395CE,0.0,0.0,0.0,1.1,1.1,1.1,333.95,0.05,2600,0,0,0.0,0,F1,1300,,,,,
2026-02-18,2026-02-18,FO,NSE,STO,160470,,SWIGGY,,2026-03-30,2026-03-30,290.0,CE,SWIGGY26MAR290CE,0.0,0.0,0.0,110.7,0.0,110.7,333.95,47.95,0,0,0,0.0,0,F1,1300,,,,,
2026-02-18,2026-02-18,FO,NSE,STO,168722,,SWIGGY,,2026-03-30,2026-03-30,305.0,CE,SWIGGY26MAR305CE,0.0,0.0,0.0,27.85,0.0,27.85,333.95,35.8,0,0,0,0.0,0,F1,1300,,,,,
2026-02-18,2026-02-18,FO,NSE,STO,168780,,SWIGGY,,2026-04-28,2026-04-28,320.0,CE,SWIGGY26APR320CE,0.0,0.0,0.0,26.1,0.0,26.1,333.95,31.0,0,0,0,0.0,0,F1,1300,,,,,
2026-02-18,2026-02-18,FO,NSE,STO,160355,,SWIGGY,,2026-02-24,2026-02-24,285.0,PE,SWIGGY26FEB285PE,0.0,0.0,0.0,0.4,0.4,0.4,333.95,0.05,35100,0,0,0.0,0,F1,1300,,,,,
2026-02-18,2026-02-18,FO,NSE,STO,160365,,SWIGGY,,2026-02-24,2026-02-24,310.0,PE,SWIGGY26FEB310PE,1.9,2.05,1.25,1.35,1.4,2.35,333.95,1.35,410800,-78000,379,153530195.0,273,F1,1300,,,,,
2026-02-18,2026-02-18,FO,NSE,STO,160405,,SWIGGY,,2026-02-24,2026-02-24,410.0,PE,SWIGGY26FEB410PE,0.0,0.0,0.0,34.15,0.0,34.15,333.95,75.7,0,0,0,0.0,0,F1,1300,,,,,
2026-02-18,2026-02-18,FO,NSE,STO,160467,,SWIGGY,,2026-03-30,2026-03-30,270.0,PE,SWIGGY26MAR270PE,0.0,0.0,0.0,2.5,2.5,2.5,333.95,0.6,3900,0,0,0.0,0,F1,1300,,,,,
2026-02-18,2026-02-18,FO,NSE,STO,160485,,SWIGGY,,2026-03-30,2026-03-30,360.0,PE,SWIGGY26MAR360PE,35.55,35.55,35.55,35.55,35.55,38.0,333.95,35.55,19500,0,1,514215.0,1,F1,1300,,,,,
2026-02-18,2026-02-18,FO,NSE,STO,168779,,SWIGGY,,2026-04-28,2026-04-28,310.0,PE,SWIGGY26APR310PE,0.0,0.0,0.0,23.7,0.0,23.7,333.95,10.1,0,0,0,0.0,0,F1,1300,,,,,
2026-02-18,2026-02-18,FO,NSE,STO,168724,,SWIGGY,,2026-03-30,2026-03-30,315.0,CE,SWIGGY26MAR315CE,0.0,0.0,0.0,22.85,0.0,22.85,333.95,28.65,0,0,0,0.0,0,F1,1300,,,,,
2026-02-18,2026-02-18,FO,NSE,STO,77676,,ADANIGREEN,,2026-03-30,2026-03-30,950.0,CE,ADANIGREEN26MAR950CE,85.15,85.15,81.45,82.4,82.4,98.25,1000.1,82.4,9600,1800,4,2478840.0,4,F1,600,,,,,
2026-02-18,2026-02-18,FO,NSE,STO,77966,,ADANIGREEN,,2026-04-28,2026-04-28,780.0,PE,ADANIGREEN26APR780PE,0.0,0.0,0.0,74.05,0.0,74.05,1000.1,10.0,0,0,0,0.0,0,F1,600,,,,,
2026-02-18,2026-02-18,FO,NSE,STO,77990,,ADANIGREEN,,2026-04-28,2026-04-28,1000.0,PE,ADANIGREEN26APR1000PE,0.0,0.0,0.0,219.55,0.0,219.55,1000.1,79.0,0,0,0,0.0,0,F1,600,,,,,
2026-02-18,2026-02-18,FO,NSE,STO,78002,,ADANIGREEN,,2026-04-28,2026-04-28,1120.0,PE,ADANIGREEN26APR1120PE,0.0,0.0,0.0,320.95,0.0,320.95,1000.1,153.5,0,0,0,0.0,0,F1,600,,,,,
2026-02-18,2026-02-18,FO,NSE,STO,59219,,ADANIGREEN,,2026-03-30,2026-03-30,940.0,CE,ADANIGREEN26MAR940CE,0.0,0.0,0.0,59.5,59.5,59.5,1000.1,100.6,600,0,0,0.0,0,F1,600,,,,,
2026-02-18,2026-02-18,FO,NSE,STO,59166,,ADANIGREEN,,2026-03-30,2026-03-30,920.0,CE,ADANIGREEN26MAR920CE,109.0,109.0,109.0,109.0,109.0,124.0,1000.1,113.7,3600,600,1,617400.0,1,F1,600,,,,,
2026-02-18,2026-02-18,FO,NSE,STO,59162,,ADANIGREEN,,2026-03-30,2026-03-30,880.0,CE,ADANIGREEN26MAR880CE,0.0,0.0,0.0,117.35,117.35,117.35,1000.1,142.65,0,0,0,0.0,0,F1,600,,,,,
2026-02-18,2026-02-18,FO,NSE,STO,77660,,ADANIGREEN,,2026-03-30,2026-03-30,790.0,CE,ADANIGREEN26MAR790CE,0.0,0.0,0.0,82.95,0.0,82.95,1000.1,219.1,0,0,0,0.0,0,F1,600,,,,,
2026-02-18,2026-02-18,FO,NSE,STO,44532,,ADANIGREEN,,2026-03-30,2026-03-30,700.0,CE,ADANIGREEN26MAR700CE,0.0,0.0,0.0,305.35,0.0,305.35,1000.1,304.9,0,0,0,0.0,0,F1,600,,,,,
2026-02-18,2026-02-18,FO,NSE,STO,45696,,ADANIGREEN,,2026-03-30,2026-03-30,660.0,CE,ADANIGREEN26MAR660CE,0.0,0.0,0.0,300.25,0.0,300.25,1000.1,344.25,0,0,0,0.0,0,F1,600,,,,,
2026-02-18,2026-02-18,FO,NSE,STO,59007,,ADANIGREEN,,2026-02-24,2026-02-24,1060.0,CE,ADANIGREEN26FEB1060CE,9.2,9.2,3.45,4.2,4.0,9.1,1000.1,4.2,156000,-25200,766,489364860.0,684,F1,600,,,,,
2026-02-18,2026-02-18,FO,NSE,STO,77983,,ADANIGREEN,,2026-04-28,2026-04-28,940.0,CE,ADANIGREEN26APR940CE,0.0,0.0,0.0,47.0,0.0,47.0,1000.1,121.2,0,0,0,0.0,0,F1,600,,,,,
2026-02-18,2026-02-18,FO,NSE,STO,70190,,ADANIGREEN,,2026-02-24,2026-02-24,760.0,CE,ADANIGREEN26FEB760CE,241.0,241.0,241.0,241.0,241.0,219.6,1000.1,240.8,27600,0,3,1801800.0,1,F1,600,,,,,
2026-02-18,2026-02-18,FO,NSE,STO,58952,,ADANIGREEN,,2026-02-24,2026-02-24,810.0,CE,ADANIGREEN26FEB810CE,0.0,0.0,0.0,177.5,177.95,177.5,1000.1,190.85,87000,0,0,0.0,0,F1,600,,,,,
2026-02-18,2026-02-18,FO,NSE,STO,58993,,ADANIGREEN,,2026-02-24,2026-02-24,970.0,CE,ADANIGREEN26FEB970CE,54.9,54.9,31.2,39.25,39.95,53.65,1000.1,39.25,216000,-6600,127,76819620.0,125,F1,600,,,,,
2026-02-18,2026-02-18,FO,NSE,STO,59003,,ADANIGREEN,,2026-02-24,2026-02-24,1030.0,CE,ADANIGREEN26FEB1030CE,17.8,17.8,7.35,9.1,8.75,17.8,1000.1,9.1,154200,-9600,1560,973236000.0,1387,F1,600,,,,,
2026-02-18,2026-02-18,FO,NSE,STO,59005,,ADANIGREEN,,2026-02-24,2026-02-24,1050.0,CE,ADANIGREEN26FEB1050CE,12.0,12.05,4.45,5.5,5.3,11.35,1000.1,5.5,400800,143400,2496,1581408870.0,1894,F1,600,,,,,
2026-02-18,2026-02-18,FO,NSE,STO,58990,,ADANIGREEN,,2026-02-24,2026-02-24,940.0,PE,ADANIGREEN26FEB940PE,3.0,6.3,3.0,3.25,3.3,3.3,1000.1,3.25,555000,-35400,438,248144310.0,336,F1,600,,,,,
2026-02-18,2026-02-18,FO,NSE,STO,77655,,ADANIGREEN,,2026-03-30,2026-03-30,730.0,PE,ADANIGREEN26MAR730PE,0.0,0.0,0.0,7.35,7.35,7.35,1000.1,1.2,0,0,0,0.0,0,F1,600,,,,,
2026-02-18,2026-02-18,FO,NSE,STO,77657,,ADANIGREEN,,2026-03-30,2026-03-30,750.0,PE,ADANIGREEN26MAR750PE,5.95,5.95,5.9,5.9,5.9,2.35,1000.1,1.9,14400,1200,2,907110.0,2,F1,600,,,,,
2026-02-18,2026-02-18,FO,NSE,STO,77659,,ADANIGREEN,,2026-03-30,2026-03-30,770.0,PE,ADANIGREEN26MAR770PE,0.0,0.0,0.0,33.25,33.25,33.25,1000.1,2.9,1800,0,0,0.0,0,F1,600,,,,,
2026-02-18,2026-02-18,FO,NSE,STO,59247,,ADANIGREEN,,2026-03-30,2026-03-30,1140.0,CE,ADANIGREEN26MAR1140CE,18.0,18.2,12.95,12.95,12.95,17.5,1000.1,21.65,43200,-600,16,11094300.0,13,F1,600,,,,,
2026-02-18,2026-02-18,FO,NSE,STO,59231,,ADANIGREEN,,2026-03-30,2026-03-30,1040.0,CE,ADANIGREEN26MAR1040CE,42.85,43.05,33.05,34.85,34.85,46.25,1000.1,34.85,40200,16200,52,33618780.0,50,F1,600,,,,,
2026-02-18,2026-02-18,FO,NSE,STO,77662,,ADANIGREEN,,2026-03-30,2026-03-30,810.0,CE,ADANIGREEN26MAR810CE,0.0,0.0,0.0,73.7,0.0,73.7,1000.1,201.0,0,0,0,0.0,0,F1,600,,,,,
2026-02-18,2026-02-18,FO,NSE,STO,59136,,ADANIGREEN,,2026-03-30,2026-03-30,640.0,CE,ADANIGREEN26MAR640CE,0.0,0.0,0.0,380.15,0.0,380.15,1000.1,364.05,0,0,0,0.0,0,F1,600,,,,,
2026-02-18,2026-02-18,FO,NSE,STO,59033,,ADANIGREEN,,2026-02-24,2026-02-24,1130.0,CE,ADANIGREEN26FEB1130CE,2.0,2.2,0.8,1.45,1.45,2.0,1000.1,1.45,6600,3000,17,11542410.0,17,F1,600,,,,,
2026-02-18,2026-02-18,FO,NSE,STO,59031,,ADANIGREEN,,2026-02-24,2026-02-24,1110.0,CE,ADANIGREEN26FEB1110CE,1.9,2.9,1.4,1.45,1.45,3.15,1000.1,1.45,27000,14400,66,44028810.0,50,F1,600,,,,,
2026-02-18,2026-02-18,FO,NSE,STO,59023,,ADANIGREEN,,2026-02-24,2026-02-24,1090.0,CE,ADANIGREEN26FEB1090CE,4.75,4.8,1.8,2.2,2.05,4.75,1000.1,2.2,161400,64200,408,267373350.0,179,F1,600,,,,,
2026-02-18,2026-02-18,FO,NSE,STO,70207,,ADANIGREEN,,2026-02-24,2026-02-24,1040.0,CE,ADANIGREEN26FEB1040CE,13.0,13.9,5.7,6.95,6.85,14.05,1000.1,6.95,376800,-149400,3689,2318532030.0,2618,F1,600,,,,,
2026-02-18,2026-02-18,FO,NSE,STO,77986,,ADANIGREEN,,2026-04-28,2026-04-28,960.0,PE,ADANIGREEN26APR960PE,0.0,0.0,0.0,188.45,0.0,188.45,1000.1,59.8,0,0,0,0.0,0,F1,600,,,,,
2026-02-18,2026-02-18,FO,NSE,STO,77708,,ADANIGREEN,,2026-03-30,2026-03-30,1110.0,PE,ADANIGREEN26MAR1110PE,0.0,0.0,0.0,308.25,0.0,308.25,1000.1,131.5,0,0,0,0.0,0,F1,600,,,,,
2026-02-18,2026-02-18,FO,NSE,STO,77667,,ADANIGREEN,,2026-03-30,2026-03-30,850.0,PE,ADANIGREEN26MAR850PE,9.0,9.2,6.95,7.25,7.25,9.0,1000.1,11.4,13200,6000,29,14934870.0,28,F1,600,,,,,
2026-02-18,2026-02-18,FO,NSE,STO,77661,,ADANIGREEN,,2026-03-30,2026-03-30,790.0,PE,ADANIGREEN26MAR790PE,0.0,0.0,0.0,5.0,5.0,5.0,1000.1,4.25,2400,0,0,0.0,0,F1,600,,,,,
2026-02-18,2026-02-18,FO,NSE,STO,59223,,ADANIGREEN,,2026-03-30,2026-03-30,960.0,CE,ADANIGREEN26MAR960CE,0.0,0.0,0.0,80.6,80.6,80.6,1000.1,88.5,10800,0,0,0.0,0,F1,600,,,,,
2026-02-18,2026-02-18,FO,NSE,STO,59243,,ADANIGREEN,,2026-03-30,2026-03-30,1100.0,CE,ADANIGREEN26MAR1100CE,24.45,24.45,17.2,17.85,17.45,25.65,1000.1,17.85,163200,-13800,415,278595690.0,307,F1,600,,,,,
2026-02-18,2026-02-18,FO,NSE,STO,59249,,ADANIGREEN,,2026-03-30,2026-03-30,1160.0,CE,ADANIGREEN26MAR1160CE,14.1,14.95,9.3,9.35,9.35,14.1,1000.1,18.05,57600,25800,88,61817280.0,62,F1,600,,,,,
2026-02-18,2026-02-18,FO,NSE,STO,77963,,ADANIGREEN,,2026-04-28,2026-04-28,760.0,CE,ADANIGREEN26APR760CE,0.0,0.0,0.0,115.3,0.0,115.3,1000.1,255.6,0,0,0,0.0,0,F1,600,,,,,
2026-02-18,2026-02-18,FO,NSE,STO,77967,,ADANIGREEN,,2026-04-28,2026-04-28,800.0,CE,ADANIGREEN26APR800CE,0.0,0.0,0.0,95.65,0.0,95.65,1000.1,221.3,0,0,0,0.0,0,F1,600,,,,,
2026-02-18,2026-02-18,FO,NSE,STO,70187,,ADANIGREEN,,2026-02-24,2026-02-24,680.0,PE,ADANIGREEN26FEB680PE,0.0,0.0,0.0,0.9,0.9,0.9,1000.1,0.05,53400,0,0,0.0,0,F1,600,,,,,
2026-02-18,2026-02-18,FO,NSE,STO,58976,,ADANIGREEN,,2026-02-24,2026-02-24,870.0,PE,ADANIGREEN26FEB870PE,1.1,1.9,1.1,1.15,1.15,1.65,1000.1,1.15,50400,5400,132,69032820.0,74,F1,600,,,,,
2026-02-18,2026-02-18,FO,NSE,STO,77988,,ADANIGREEN,,2026-04-28,2026-04-28,980.0,PE,ADANIGREEN26APR980PE,0.0,0.0,0.0,203.8,0.0,203.8,1000.1,69.05,0,0,0,0.0,0,F1,600,,,,,
2026-02-18,2026-02-18,FO,NSE,STO,77958,,ADANIGREEN,,2026-04-28,2026-04-28,700.0,PE,ADANIGREEN26APR700PE,0.0,0.0,0.0,40.35,0.0,40.35,1000.1,3.0,0,0,0,0.0,0,F1,600,,,,,
2026-02-18,2026-02-18,FO,NSE,STO,59234,,ADANIGREEN,,2026-03-30,2026-03-30,1060.0,PE,ADANIGREEN26MAR1060PE,0.0,0.0,0.0,73.5,73.5,73.5,1000.1,96.35,600,0,0,0.0,0,F1,600,,,,,
2026-02-18,2026-02-18,FO,NSE,STO,59228,,ADANIGREEN,,2026-03-30,2026-03-30,1000.0,PE,ADANIGREEN26MAR1000PE,41.8,54.45,41.75,44.4,45.0,42.45,1000.1,44.4,291000,-44400,443,277871820.0,293,F1,600,,,,,
2026-02-18,2026-02-18,FO,NSE,STO,59242,,ADANIGREEN,,2026-03-30,2026-03-30,1080.0,PE,ADANIGREEN26MAR1080PE,0.0,0.0,0.0,141.55,0.0,141.55,1000.1,109.8,0,0,0,0.0,0,F1,600,,,,,
2026-02-18,2026-02-18,FO,NSE,STO,77656,,ADANIGREEN,,2026-03-30,2026-03-30,750.0,CE,ADANIGREEN26MAR750CE,0.0,0.0,0.0,104.1,0.0,104.1,1000.1,256.5,0,0,0,0.0,0,F1,600,,,,,
2026-02-18,2026-02-18,FO,NSE,STO,59150,,ADANIGREEN,,2026-03-30,2026-03-30,760.0,CE,ADANIGREEN26MAR760CE,0.0,0.0,0.0,274.3,0.0,274.3,1000.1,247.0,0,0,0,0.0,0,F1,600,,,,,
2026-02-18,2026-02-18,FO,NSE,STO,77658,,ADANIGREEN,,2026-03-30,2026-03-30,770.0,CE,ADANIGREEN26MAR770CE,0.0,0.0,0.0,93.1,0.0,93.1,1000.1,237.6,0,0,0,0.0,0,F1,600,,,,,
2026-02-18,2026-02-18,FO,NSE,STO,77686,,ADANIGREEN,,2026-03-30,2026-03-30,1050.0,CE,ADANIGREEN26MAR1050CE,0.0,0.0,0.0,14.2,0.0,14.2,1000.1,46.3,0,0,0,0.0,0,F1,600,,,,,
2026-02-18,2026-02-18,FO,NSE,STO,77707,,ADANIGREEN,,2026-03-30,2026-03-30,1110.0,CE,ADANIGREEN26MAR1110CE,0.0,0.0,0.0,8.95,0.0,8.95,1000.1,28.25,0,0,0,0.0,0,F1,600,,,,,
2026-02-18,2026-02-18,FO,NSE,STO,77959,,ADANIGREEN,,2026-04-28,2026-04-28,720.0,CE,ADANIGREEN26APR720CE,0.0,0.0,0.0,137.8,0.0,137.8,1000.1,291.75,0,0,0,0.0,0,F1,600,,,,,
2026-02-18,2026-02-18,FO,NSE,STO,77961,,ADANIGREEN,,2026-04-28,2026-04-28,740.0,CE,ADANIGREEN26APR740CE,0.0,0.0,0.0,126.2,0.0,126.2,1000.1,273.45,0,0,0,0.0,0,F1,600,,,,,
2026-02-18,2026-02-18,FO,NSE,STO,77997,,ADANIGREEN,,2026-04-28,2026-04-28,1080.0,CE,ADANIGREEN26APR1080CE,0.0,0.0,0.0,21.65,0.0,21.65,1000.1,57.35,0,0,0,0.0,0,F1,600,,,,,
2026-02-18,2026-02-18,FO,NSE,STO,35728,,ADANIGREEN,,2026-04-28,2026-04-28,1140.0,CE,ADANIGREEN26APR1140CE,0.0,0.0,0.0,25.35,0.0,25.35,1000.1,39.95,0,0,0,0.0,0,F1,600,,,,,
2026-02-18,2026-02-18,FO,NSE,STO,77962,,ADANIGREEN,,2026-04-28,2026-04-28,740.0,PE,ADANIGREEN26APR740PE,0.0,0.0,0.0,55.75,0.0,55.75,1000.1,5.7,0,0,0,0.0,0,F1,600,,,,,
2026-02-18,2026-02-18,FO,NSE,STO,59212,,ADANIGREEN,,2026-03-30,2026-03-30,920.0,PE,ADANIGREEN26MAR920PE,18.75,21.0,16.45,17.15,17.15,17.1,1000.1,17.15,13800,0,12,6752790.0,11,F1,600,,,,,
2026-02-18,2026-02-18,FO,NSE,STO,77992,,ADANIGREEN,,2026-04-28,2026-04-28,1020.0,PE,ADANIGREEN26APR1020PE,0.0,0.0,0.0,235.7,0.0,235.7,1000.1,89.7,0,0,0,0.0,0,F1,600,,,,,
2026-02-18,2026-02-18,FO,NSE,STO,70197,,ADANIGREEN,,2026-02-24,2026-02-24,840.0,CE,ADANIGREEN26FEB840CE,160.0,160.1,160.0,160.1,160.1,154.05,1000.1,160.9,169200,-2400,4,2400120.0,4,F1,600,,,,,
2026-02-18,2026-02-18,FO,NSE,STO,58983,,ADANIGREEN,,2026-02-24,2026-02-24,930.0,CE,ADANIGREEN26FEB930CE,82.0,82.0,62.85,71.9,71.9,89.95,1000.1,71.9,120600,1800,33,19864110.0,31,F1,600,,,,,
2026-02-18,2026-02-18,FO,NSE,STO,58997,,ADANIGREEN,,2026-02-24,2026-02-24,990.0,CE,ADANIGREEN26FEB990CE,35.0,35.15,19.9,25.0,24.8,39.55,1000.1,25.0,208800,10800,685,417044130.0,594,F1,600,,,,,
2026-02-18,2026-02-18,FO,NSE,STO,77633,,ADANIGREEN,,2026-03-30,2026-03-30,690.0,CE,ADANIGREEN26MAR690CE,0.0,0.0,0.0,142.4,0.0,142.4,1000.1,314.7,0,0,0,0.0,0,F1,600,,,,,
2026-02-18,2026-02-18,FO,NSE,STO,77664,,ADANIGREEN,,2026-03-30,2026-03-30,830.0,CE,ADANIGREEN26MAR830CE,0.0,0.0,0.0,65.2,0.0,65.2,1000.1,183.45,0,0,0,0.0,0,F1,600,,,,,
2026-02-18,2026-02-18,FO,NSE,STO,77680,,ADANIGREEN,,2026-03-30,2026-03-30,990.0,CE,ADANIGREEN26MAR990CE,61.55,61.55,56.5,56.5,56.5,50.4,1000.1,72.25,3000,3000,8,5035410.0,8,F1,600,,,,,
2026-02-18,2026-02-18,FO,NSE,STO,77682,,ADANIGREEN,,2026-03-30,2026-03-30,1010.0,CE,ADANIGREEN26MAR1010CE,43.0,43.0,43.0,43.0,43.0,62.0,1000.1,62.65,1200,600,1,631800.0,1,F1,600,,,,,
2026-02-18,2026-02-18,FO,NSE,STO,77709,,ADANIGREEN,,2026-03-30,2026-03-30,1130.0,CE,ADANIGREEN26MAR1130CE,0.0,0.0,0.0,7.65,0.0,7.65,1000.1,23.7,0,0,0,0.0,0,F1,600,,,,,
2026-02-18,2026-02-18,FO,NSE,STO,77975,,ADANIGREEN,,2026-04-28,2026-04-28,860.0,CE,ADANIGREEN26APR860CE,0.0,0.0,0.0,71.25,0.0,71.25,1000.1,174.2,0,0,0,0.0,0,F1,600,,,,,
2026-02-18,2026-02-18,FO,NSE,STO,77977,,ADANIGREEN,,2026-04-28,2026-04-28,880.0,CE,ADANIGREEN26APR880CE,0.0,0.0,0.0,64.35,0.0,64.35,1000.1,159.85,0,0,0,0.0,0,F1,600,,,,,
2026-02-18,2026-02-18,FO,NSE,STO,58998,,ADANIGREEN,,2026-02-24,2026-02-24,990.0,PE,ADANIGREEN26FEB990PE,11.85,23.45,11.75,14.6,15.0,12.1,1000.1,14.6,154200,-102600,1554,939428940.0,1391,F1,600,,,,,
2026-02-18,2026-02-18,FO,NSE,STO,59037,,ADANIGREEN,,2026-02-24,2026-02-24,1140.0,PE,ADANIGREEN26FEB1140PE,0.0,0.0,0.0,164.25,0.0,164.25,1000.1,139.35,0,0,0,0.0,0,F1,600,,,,,
2026-02-18,2026-02-18,FO,NSE,STO,44533,,ADANIGREEN,,2026-03-30,2026-03-30,700.0,PE,ADANIGREEN26MAR700PE,0.0,0.0,0.0,3.25,3.25,3.25,1000.1,0.6,3000,0,0,0.0,0,F1,600,,,,,
2026-02-18,2026-02-18,FO,NSE,STO,59151,,ADANIGREEN,,2026-03-30,2026-03-30,760.0,PE,ADANIGREEN26MAR760PE,6.9,6.9,4.15,5.55,4.15,10.8,1000.1,5.55,1200,-1200,2,918630.0,2,F1,600,,,,,
2026-02-18,2026-02-18,FO,NSE,STO,59163,,ADANIGREEN,,2026-03-30,2026-03-30,880.0,PE,ADANIGREEN26MAR880PE,0.0,0.0,0.0,23.4,23.4,23.4,1000.1,17.25,3000,0,0,0.0,0,F1,600,,,,,
2026-02-18,2026-02-18,FO,NSE,STO,59244,,ADANIGREEN,,2026-03-30,2026-03-30,1100.0,PE,ADANIGREEN26MAR1100PE,107.0,107.0,107.0,107.0,107.0,100.0,1000.1,124.05,153600,0,1,724200.0,1,F1,600,,,,,
2026-02-18,2026-02-18,FO,NSE,STO,59034,,ADANIGREEN,,2026-02-24,2026-02-24,1130.0,PE,ADANIGREEN26FEB1130PE,0.0,0.0,0.0,157.0,0.0,157.0,1000.1,129.55,0,0,0,0.0,0,F1,600,,,,,
2026-02-18,2026-02-18,FO,NSE,STO,59140,,ADANIGREEN,,2026-03-30,2026-03-30,680.0,CE,ADANIGREEN26MAR680CE,0.0,0.0,0.0,343.4,0.0,343.4,1000.1,324.5,0,0,0,0.0,0,F1,600,,,,,
2026-02-18,2026-02-18,FO,NSE,STO,77971,,ADANIGREEN,,2026-04-28,2026-04-28,840.0,CE,ADANIGREEN26APR840CE,0.0,0.0,0.0,78.75,0.0,78.75,1000.1,189.25,0,0,0,0.0,0,F1,600,,,,,
2026-02-18,2026-02-18,FO,NSE,STO,58929,,ADANIGREEN,,2026-02-24,2026-02-24,730.0,PE,ADANIGREEN26FEB730PE,0.0,0.0,0.0,0.65,0.65,0.65,1000.1,0.05,29400,0,0,0.0,0,F1,600,,,,,
2026-02-18,2026-02-18,FO,NSE,STO,58963,,ADANIGREEN,,2026-02-24,2026-02-24,830.0,PE,ADANIGREEN26FEB830PE,0.0,0.0,0.0,1.15,1.15,1.15,1000.1,0.05,158400,0,0,0.0,0,F1,600,,,,,
2026-02-18,2026-02-18,FO,NSE,STO,58994,,ADANIGREEN,,2026-02-24,2026-02-24,970.0,PE,ADANIGREEN26FEB970PE,7.45,14.25,6.45,7.85,8.05,7.05,1000.1,7.85,192000,-24000,624,366855330.0,566,F1,600,,,,,
2026-02-18,2026-02-18,FO,NSE,STO,58977,,ADANIGREEN,,2026-02-24,2026-02-24,890.0,CE,ADANIGREEN26FEB890CE,0.0,0.0,0.0,70.1,68.15,70.1,1000.1,111.6,88200,0,0,0.0,0,F1,600,,,,,
2026-02-18,2026-02-18,FO,NSE,STO,58920,,ADANIGREEN,,2026-02-24,2026-02-24,660.0,CE,ADANIGREEN26FEB660CE,0.0,0.0,0.0,277.75,277.75,277.75,1000.1,340.7,0,0,0,0.0,0,F1,600,,,,,
2026-02-18,2026-02-18,FO,NSE,STO,58931,,ADANIGREEN,,2026-02-24,2026-02-24,740.0,PE,ADANIGREEN26FEB740PE,0.25,0.5,0.25,0.5,0.5,0.55,1000.1,0.05,56400,0,2,888450.0,2,F1,600,,,,,
2026-02-18,2026-02-18,FO,NSE,STO,70191,,ADANIGREEN,,2026-02-24,2026-02-24,760.0,PE,ADANIGREEN26FEB760PE,0.95,0.95,0.95,0.95,0.95,0.95,1000.1,0.05,119400,-3600,6,2739420.0,1,F1,600,,,,,
2026-02-18,2026-02-18,FO,NSE,STO,58974,,ADANIGREEN,,2026-02-24,2026-02-24,860.0,PE,ADANIGREEN26FEB860PE,1.2,1.7,1.05,1.05,1.05,1.35,1000.1,1.05,81000,-27600,199,102842580.0,123,F1,600,,,,,
2026-02-18,2026-02-18,FO,NSE,STO,58982,,ADANIGREEN,,2026-02-24,2026-02-24,910.0,PE,ADANIGREEN26FEB910PE,2.05,3.25,1.85,1.9,1.9,2.3,1000.1,1.9,180000,-3000,254,139037280.0,214,F1,600,,,,,
2026-02-18,2026-02-18,FO,NSE,STO,58992,,ADANIGREEN,,2026-02-24,2026-02-24,950.0,PE,ADANIGREEN26FEB950PE,3.7,8.2,3.6,4.15,4.3,4.1,1000.1,4.15,489000,-16200,773,443133510.0,614,F1,600,,,,,
2026-02-18,2026-02-18,FO,NSE,STO,70208,,ADANIGREEN,,2026-02-24,2026-02-24,1040.0,PE,ADANIGREEN26FEB1040PE,47.45,57.75,45.6,46.1,45.75,37.45,1000.1,46.1,110400,-2400,26,16958910.0,23,F1,600,,,,,
2026-02-18,2026-02-18,FO,NSE,STO,77669,,ADANIGREEN,,2026-03-30,2026-03-30,870.0,PE,ADANIGREEN26MAR870PE,13.95,13.95,13.95,13.95,13.95,10.6,1000.1,15.1,22800,0,1,530370.0,1,F1,600,,,,,
2026-02-18,2026-02-18,FO,NSE,STO,77679,,ADANIGREEN,,2026-03-30,2026-03-30,970.0,PE,ADANIGREEN26MAR970PE,0.0,0.0,0.0,186.4,0.0,186.4,1000.1,46.95,0,0,0,0.0,0,F1,600,,,,,
2026-02-18,2026-02-18,FO,NSE,STO,77683,,ADANIGREEN,,2026-03-30,2026-03-30,1010.0,PE,ADANIGREEN26MAR1010PE,0.0,0.0,0.0,219.5,0.0,219.5,1000.1,66.5,0,0,0,0.0,0,F1,600,,,,,
2026-02-18,2026-02-18,FO,NSE,STO,77693,,ADANIGREEN,,2026-03-30,2026-03-30,1050.0,PE,ADANIGREEN26MAR1050PE,0.0,0.0,0.0,69.0,69.0,69.0,1000.1,89.9,2400,0,0,0.0,0,F1,600,,,,,
2026-02-18,2026-02-18,FO,NSE,STO,77996,,ADANIGREEN,,2026-04-28,2026-04-28,1060.0,PE,ADANIGREEN26APR1060PE,0.0,0.0,0.0,268.95,0.0,268.95,1000.1,113.3,0,0,0,0.0,0,F1,600,,,,,
2026-02-18,2026-02-18,FO,NSE,STO,59047,,ADANIGREEN,,2026-02-24,2026-02-24,1180.0,CE,ADANIGREEN26FEB1180CE,1.35,1.35,0.45,0.45,0.45,1.4,1000.1,0.1,4200,0,3,2125500.0,3,F1,600,,,,,
2026-02-18,2026-02-18,FO,NSE,STO,58946,,ADANIGREEN,,2026-02-24,2026-02-24,780.0,PE,ADANIGREEN26FEB780PE,0.25,0.6,0.25,0.55,0.55,1.3,1000.1,0.55,214800,-3600,8,3745980.0,5,F1,600,,,,,
2026-02-18,2026-02-18,FO,NSE,STO,70200,,ADANIGREEN,,2026-02-24,2026-02-24,880.0,PE,ADANIGREEN26FEB880PE,1.3,2.0,1.25,1.3,1.25,1.65,1000.1,1.3,117000,-8400,70,37031160.0,39,F1,600,,,,,
2026-02-18,2026-02-18,FO,NSE,STO,70206,,ADANIGREEN,,2026-02-24,2026-02-24,1000.0,PE,ADANIGREEN26FEB1000PE,15.4,29.25,14.3,19.3,19.5,15.4,1000.1,19.3,399600,-19800,1820,1115387400.0,1586,F1,600,,,,,
2026-02-18,2026-02-18,FO,NSE,STO,59022,,ADANIGREEN,,2026-02-24,2026-02-24,1070.0,PE,ADANIGREEN26FEB1070PE,0.0,0.0,0.0,116.4,0.0,116.4,1000.1,73.7,0,0,0,0.0,0,F1,600,,,,,
2026-02-18,2026-02-18,FO,NSE,STO,70212,,ADANIGREEN,,2026-02-24,2026-02-24,1120.0,PE,ADANIGREEN26FEB1120PE,0.0,0.0,0.0,162.05,162.05,162.05,1000.1,119.85,1800,0,0,0.0,0,F1,600,,,,,
2026-02-18,2026-02-18,FO,NSE,STO,70214,,ADANIGREEN,,2026-02-24,2026-02-24,1160.0,PE,ADANIGREEN26FEB1160PE,0.0,0.0,0.0,200.1,200.1,200.1,1000.1,159.05,9000,0,0,0.0,0,F1,600,,,,,
2026-02-18,2026-02-18,FO,NSE,STO,77650,,ADANIGREEN,,2026-03-30,2026-03-30,690.0,PE,ADANIGREEN26MAR690PE,0.0,0.0,0.0,26.1,0.0,26.1,1000.1,0.45,0,0,0,0.0,0,F1,600,,,,,
2026-02-18,2026-02-18,FO,NSE,STO,58979,,ADANIGREEN,,2026-02-24,2026-02-24,900.0,CE,ADANIGREEN26FEB900CE,115.6,115.6,99.1,101.0,101.0,120.0,1000.1,102.0,407400,-6600,15,9027390.0,10,F1,600,,,,,
2026-02-18,2026-02-18,FO,NSE,STF,59201,,ADANIGREEN,,2026-02-24,2026-02-24,,,ADANIGREEN26FEBFUT,1019.6,1019.9,986.65,1000.7,999.9,1017.75,1000.1,1000.7,16361400,-2820000,7803,4671870120.0,3658,F1,600,,,,,
2026-02-18,2026-02-18,FO,NSE,STO,58949,,ADANIGREEN,,2026-02-24,2026-02-24,790.0,CE,ADANIGREEN26FEB790CE,0.0,0.0,0.0,191.05,190.8,191.05,1000.1,210.8,123000,0,0,0.0,0,F1,600,,,,,
2026-02-18,2026-02-18,FO,NSE,STO,58975,,ADANIGREEN,,2026-02-24,2026-02-24,870.0,CE,ADANIGREEN26FEB870CE,0.0,0.0,0.0,142.0,142.0,142.0,1000.1,131.15,112800,0,0,0.0,0,F1,600,,,,,
2026-02-18,2026-02-18,FO,NSE,STO,77712,,ADANIGREEN,,2026-03-30,2026-03-30,1130.0,PE,ADANIGREEN26MAR1130PE,0.0,0.0,0.0,326.75,0.0,326.75,1000.1,146.8,0,0,0,0.0,0,F1,600,,,,,
2026-02-18,2026-02-18,FO,NSE,STO,70201,,ADANIGREEN,,2026-02-24,2026-02-24,920.0,CE,ADANIGREEN26FEB920CE,92.2,92.2,72.0,83.0,83.0,100.4,1000.1,83.4,124800,-1800,8,4818210.0,8,F1,600,,,,,
2026-02-18,2026-02-18,FO,NSE,STO,77668,,ADANIGREEN,,2026-03-30,2026-03-30,870.0,CE,ADANIGREEN26MAR870CE,0.0,0.0,0.0,140.0,140.0,140.0,1000.1,150.4,2400,0,0,0.0,0,F1,600,,,,,
2026-02-18,2026-02-18,FO,NSE,STO,59158,,ADANIGREEN,,2026-03-30,2026-03-30,840.0,CE,ADANIGREEN26MAR840CE,0.0,0.0,0.0,212.8,0.0,212.8,1000.1,174.95,0,0,0,0.0,0,F1,600,,,,,
2026-02-18,2026-02-18,FO,NSE,STO,59152,,ADANIGREEN,,2026-03-30,2026-03-30,780.0,CE,ADANIGREEN26MAR780CE,0.0,0.0,0.0,258.1,0.0,258.1,1000.1,228.3,0,0,0,0.0,0,F1,600,,,,,
2026-02-18,2026-02-18,FO,NSE,STO,70213,,ADANIGREEN,,2026-02-24,2026-02-24,1160.0,CE,ADANIGREEN26FEB1160CE,0.9,1.15,0.7,0.8,0.8,1.45,1000.1,0.8,81600,-1200,25,17412660.0,16,F1,600,,,,,
2026-02-18,2026-02-18,FO,NSE,STO,70211,,ADANIGREEN,,2026-02-24,2026-02-24,1120.0,CE,ADANIGREEN26FEB1120CE,2.75,2.75,1.1,1.25,1.15,2.8,1000.1,1.25,126000,-5400,323,217325730.0,210,F1,600,,,,,
2026-02-18,2026-02-18,FO,NSE,STO,70209,,ADANIGREEN,,2026-02-24,2026-02-24,1080.0,CE,ADANIGREEN26FEB1080CE,5.9,6.85,2.2,2.5,2.5,5.9,1000.1,2.5,408600,-2400,392,254793510.0,269,F1,600,,,,,
2026-02-18,2026-02-18,FO,NSE,STO,59011,,ADANIGREEN,,2026-02-24,2026-02-24,1070.0,CE,ADANIGREEN26FEB1070CE,7.0,7.05,2.8,3.2,3.15,7.3,1000.1,3.2,228600,-36000,502,323445030.0,311,F1,600,,,,,
2026-02-18,2026-02-18,FO,NSE,STO,35729,,ADANIGREEN,,2026-04-28,2026-04-28,1140.0,PE,ADANIGREEN26APR1140PE,0.0,0.0,0.0,289.35,0.0,289.35,1000.1,168.1,0,0,0,0.0,0,F1,600,,,,,
2026-02-18,2026-02-18,FO,NSE,STO,77998,,ADANIGREEN,,2026-04-28,2026-04-28,1080.0,PE,ADANIGREEN26APR1080PE,0.0,0.0,0.0,286.0,0.0,286.0,1000.1,126.05,0,0,0,0.0,0,F1,600,,,,,
2026-02-18,2026-02-18,FO,NSE,STO,77994,,ADANIGREEN,,2026-04-28,2026-04-28,1040.0,PE,ADANIGREEN26APR1040PE,0.0,0.0,0.0,252.15,0.0,252.15,1000.1,101.15,0,0,0,0.0,0,F1,600,,,,,
2026-02-18,2026-02-18,FO,NSE,STO,77980,,ADANIGREEN,,2026-04-28,2026-04-28,900.0,PE,ADANIGREEN26APR900PE,0.0,0.0,0.0,145.15,0.0,145.15,1000.1,36.8,0,0,0,0.0,0,F1,600,,,,,
2026-02-18,2026-02-18,FO,NSE,STO,77957,,ADANIGREEN,,2026-04-28,2026-04-28,700.0,CE,ADANIGREEN26APR700CE,0.0,0.0,0.0,150.2,0.0,150.2,1000.1,310.35,0,0,0,0.0,0,F1,600,,,,,
2026-02-18,2026-02-18,FO,NSE,STO,77993,,ADANIGREEN,,2026-04-28,2026-04-28,1040.0,CE,ADANIGREEN26APR1040CE,0.0,0.0,0.0,27.15,0.0,27.15,1000.1,72.0,0,0,0,0.0,0,F1,600,,,,,
2026-02-18,2026-02-18,FO,NSE,STO,58938,,ADANIGREEN,,2026-02-24,2026-02-24,770.0,PE,ADANIGREEN26FEB770PE,0.0,0.0,0.0,0.75,0.75,0.75,1000.1,0.05,136800,0,0,0.0,0,F1,600,,,,,
2026-02-18,2026-02-18,FO,NSE,STO,59252,,ADANIGREEN,,2026-03-30,2026-03-30,1180.0,PE,ADANIGREEN26MAR1180PE,0.0,0.0,0.0,209.85,0.0,209.85,1000.1,187.75,0,0,0,0.0,0,F1,600,,,,,
2026-02-18,2026-02-18,FO,NSE,STO,77948,,ADANIGREEN,,2026-04-28,2026-04-28,640.0,PE,ADANIGREEN26APR640PE,0.0,0.0,0.0,22.8,0.0,22.8,1000.1,0.95,0,0,0,0.0,0,F1,600,,,,,
2026-02-18,2026-02-18,FO,NSE,STO,77964,,ADANIGREEN,,2026-04-28,2026-04-28,760.0,PE,ADANIGREEN26APR760PE,0.0,0.0,0.0,64.55,0.0,64.55,1000.1,7.65,0,0,0,0.0,0,F1,600,,,,,
2026-02-18,2026-02-18,FO,NSE,STO,77982,,ADANIGREEN,,2026-04-28,2026-04-28,920.0,PE,ADANIGREEN26APR920PE,0.0,0.0,0.0,159.1,0.0,159.1,1000.1,43.7,0,0,0,0.0,0,F1,600,,,,,
2026-02-18,2026-02-18,FO,NSE,STO,59245,,ADANIGREEN,,2026-03-30,2026-03-30,1120.0,CE,ADANIGREEN26MAR1120CE,20.0,20.0,14.0,14.45,14.0,20.85,1000.1,14.45,30000,19800,55,37486950.0,42,F1,600,,,,,
2026-02-18,2026-02-18,FO,NSE,STO,59233,,ADANIGREEN,,2026-03-30,2026-03-30,1060.0,CE,ADANIGREEN26MAR1060CE,28.9,30.45,27.0,30.45,30.45,37.8,1000.1,42.8,5400,3600,8,5226540.0,6,F1,600,,,,,
2026-02-18,2026-02-18,FO,NSE,STO,77651,,ADANIGREEN,,2026-03-30,2026-03-30,710.0,CE,ADANIGREEN26MAR710CE,0.0,0.0,0.0,128.8,0.0,128.8,1000.1,295.1,0,0,0,0.0,0,F1,600,,,,,
2026-02-18,2026-02-18,FO,NSE,STO,70205,,ADANIGREEN,,2026-02-24,2026-02-24,1000.0,CE,ADANIGREEN26FEB1000CE,33.0,33.35,15.7,19.75,19.3,33.0,1000.1,19.75,914400,5400,4759,2912336520.0,3648,F1,600,,,,,
2026-02-18,2026-02-18,FO,NSE,STO,58981,,ADANIGREEN,,2026-02-24,2026-02-24,910.0,CE,ADANIGREEN26FEB910CE,0.0,0.0,0.0,109.8,109.8,109.8,1000.1,92.6,61200,0,0,0.0,0,F1,600,,,,,
2026-02-18,2026-02-18,FO,NSE,STO,59141,,ADANIGREEN,,2026-03-30,2026-03-30,680.0,PE,ADANIGREEN26MAR680PE,0.0,0.0,0.0,12.25,12.25,12.25,1000.1,0.35,3600,0,0,0.0,0,F1,600,,,,,
2026-02-18,2026-02-18,FO,NSE,STO,59006,,ADANIGREEN,,2026-02-24,2026-02-24,1050.0,PE,ADANIGREEN26FEB1050PE,60.2,63.5,54.05,55.3,55.3,44.3,1000.1,55.3,21600,0,13,8625270.0,13,F1,600,,,,,
2026-02-18,2026-02-18,FO,NSE,STO,59002,,ADANIGREEN,,2026-02-24,2026-02-24,1020.0,PE,ADANIGREEN26FEB1020PE,23.85,41.65,23.85,31.05,31.2,24.55,1000.1,31.05,104400,-10200,284,179434770.0,276,F1,600,,,,,
2026-02-18,2026-02-18,FO,NSE,STO,59000,,ADANIGREEN,,2026-02-24,2026-02-24,1010.0,PE,ADANIGREEN26FEB1010PE,18.0,35.0,18.0,24.85,25.25,19.75,1000.1,24.85,89400,-37200,649,403328700.0,612,F1,600,,,,,
2026-02-18,2026-02-18,FO,NSE,STO,58956,,ADANIGREEN,,2026-02-24,2026-02-24,810.0,PE,ADANIGREEN26FEB810PE,0.75,0.85,0.3,0.6,0.6,0.95,1000.1,0.6,157800,0,14,6809850.0,8,F1,600,,,,,
2026-02-18,2026-02-18,FO,NSE,STO,58951,,ADANIGREEN,,2026-02-24,2026-02-24,790.0,PE,ADANIGREEN26FEB790PE,0.6,0.6,0.3,0.3,0.3,1.0,1000.1,0.3,135000,-1800,3,1422720.0,3,F1,600,,,,,
2026-02-18,2026-02-18,FO,NSE,STO,58927,,ADANIGREEN,,2026-02-24,2026-02-24,710.0,PE,ADANIGREEN26FEB710PE,0.0,0.0,0.0,0.65,0.65,0.65,1000.1,0.05,45000,0,0,0.0,0,F1,600,,,,,
2026-02-18,2026-02-18,FO,NSE,STO,78003,,ADANIGREEN,,2026-04-28,2026-04-28,1160.0,CE,ADANIGREEN26APR1160CE,0.0,0.0,0.0,13.6,0.0,13.6,1000.1,35.25,0,0,0,0.0,0,F1,600,,,,,
2026-02-18,2026-02-18,FO,NSE,STO,78001,,ADANIGREEN,,2026-04-28,2026-04-28,1120.0,CE,ADANIGREEN26APR1120CE,0.0,0.0,0.0,17.2,0.0,17.2,1000.1,45.2,0,0,0,0.0,0,F1,600,,,,,
2026-02-18,2026-02-18,FO,NSE,STO,77999,,ADANIGREEN,,2026-04-28,2026-04-28,1100.0,CE,ADANIGREEN26APR1100CE,0.0,0.0,0.0,19.3,0.0,19.3,1000.1,50.95,0,0,0,0.0,0,F1,600,,,,,
2026-02-18,2026-02-18,FO,NSE,STO,59161,,ADANIGREEN,,2026-03-30,2026-03-30,860.0,PE,ADANIGREEN26MAR860PE,0.0,0.0,0.0,18.0,18.0,18.0,1000.1,13.15,6000,0,0,0.0,0,F1,600,,,,,
2026-02-18,2026-02-18,FO,NSE,STO,59165,,ADANIGREEN,,2026-03-30,2026-03-30,900.0,PE,ADANIGREEN26MAR900PE,15.4,18.9,12.6,13.5,13.6,14.3,1000.1,13.5,87000,-117000,273,149708130.0,95,F1,600,,,,,
2026-02-18,2026-02-18,FO,NSE,STO,59226,,ADANIGREEN,,2026-03-30,2026-03-30,980.0,PE,ADANIGREEN26MAR980PE,36.0,43.55,34.65,36.3,36.3,34.1,1000.1,51.45,24000,-3600,34,20752320.0,26,F1,600,,,,,
2026-02-18,2026-02-18,FO,NSE,STO,77681,,ADANIGREEN,,2026-03-30,2026-03-30,990.0,PE,ADANIGREEN26MAR990PE,0.0,0.0,0.0,202.7,0.0,202.7,1000.1,56.2,0,0,0,0.0,0,F1,600,,,,,
2026-02-18,2026-02-18,FO,NSE,STO,77705,,ADANIGREEN,,2026-03-30,2026-03-30,1090.0,PE,ADANIGREEN26MAR1090PE,0.0,0.0,0.0,289.95,0.0,289.95,1000.1,116.85,0,0,0,0.0,0,F1,600,,,,,
2026-02-18,2026-02-18,FO,NSE,STO,70192,,ADANIGREEN,,2026-02-24,2026-02-24,800.0,CE,ADANIGREEN26FEB800CE,207.85,210.05,207.85,210.05,210.05,215.45,1000.1,200.85,305400,-4200,8,4839000.0,3,F1,600,,,,,
2026-02-18,2026-02-18,FO,NSE,STO,58958,,ADANIGREEN,,2026-02-24,2026-02-24,820.0,CE,ADANIGREEN26FEB820CE,0.0,0.0,0.0,173.5,173.5,173.5,1000.1,180.85,111600,0,0,0.0,0,F1,600,,,,,
2026-02-18,2026-02-18,FO,NSE,STO,58999,,ADANIGREEN,,2026-02-24,2026-02-24,1010.0,CE,ADANIGREEN26FEB1010CE,24.7,26.95,12.25,15.35,15.0,27.05,1000.1,15.35,198600,22200,1644,1012443450.0,1529,F1,600,,,,,
2026-02-18,2026-02-18,FO,NSE,STO,77672,,ADANIGREEN,,2026-03-30,2026-03-30,910.0,CE,ADANIGREEN26MAR910CE,0.0,0.0,0.0,38.8,0.0,38.8,1000.1,120.6,0,0,0,0.0,0,F1,600,,,,,
2026-02-18,2026-02-18,FO,NSE,STO,77670,,ADANIGREEN,,2026-03-30,2026-03-30,890.0,CE,ADANIGREEN26MAR890CE,0.0,0.0,0.0,36.85,36.85,36.85,1000.1,135.05,1200,0,0,0.0,0,F1,600,,,,,
2026-02-18,2026-02-18,FO,NSE,STO,77663,,ADANIGREEN,,2026-03-30,2026-03-30,810.0,PE,ADANIGREEN26MAR810PE,0.0,0.0,0.0,7.75,7.75,7.75,1000.1,6.05,10200,0,0,0.0,0,F1,600,,,,,
2026-02-18,2026-02-18,FO,NSE,STO,59155,,ADANIGREEN,,2026-03-30,2026-03-30,800.0,PE,ADANIGREEN26MAR800PE,6.5,6.6,4.9,4.9,4.9,5.4,1000.1,4.9,27600,0,18,8703270.0,18,F1,600,,,,,
2026-02-18,2026-02-18,FO,NSE,STO,77652,,ADANIGREEN,,2026-03-30,2026-03-30,710.0,PE,ADANIGREEN26MAR710PE,0.0,0.0,0.0,7.35,7.35,7.35,1000.1,0.75,1800,0,0,0.0,0,F1,600,,,,,
2026-02-18,2026-02-18,FO,NSE,STO,59032,,ADANIGREEN,,2026-02-24,2026-02-24,1110.0,PE,ADANIGREEN26FEB1110PE,0.0,0.0,0.0,142.85,0.0,142.85,1000.1,110.25,0,0,0,0.0,0,F1,600,,,,,
2026-02-18,2026-02-18,FO,NSE,STO,58996,,ADANIGREEN,,2026-02-24,2026-02-24,980.0,PE,ADANIGREEN26FEB980PE,9.0,19.3,8.7,11.05,11.25,9.5,1000.1,11.05,630000,-45600,1244,741893760.0,1100,F1,600,,,,,
2026-02-18,2026-02-18,FO,NSE,STO,70204,,ADANIGREEN,,2026-02-24,2026-02-24,960.0,PE,ADANIGREEN26FEB960PE,4.75,11.0,4.75,5.85,6.15,5.3,1000.1,5.85,378600,-5400,1231,714589260.0,997,F1,600,,,,,
2026-02-18,2026-02-18,FO,NSE,STO,58988,,ADANIGREEN,,2026-02-24,2026-02-24,930.0,PE,ADANIGREEN26FEB930PE,2.65,4.95,2.45,2.6,2.6,2.85,1000.1,2.6,291000,-59400,355,198775350.0,277,F1,600,,,,,
2026-02-18,2026-02-18,FO,NSE,STO,77654,,ADANIGREEN,,2026-03-30,2026-03-30,730.0,CE,ADANIGREEN26MAR730CE,0.0,0.0,0.0,116.0,0.0,116.0,1000.1,275.7,0,0,0,0.0,0,F1,600,,,,,
2026-02-18,2026-02-18,FO,NSE,STO,77694,,ADANIGREEN,,2026-03-30,2026-03-30,1070.0,CE,ADANIGREEN26MAR1070CE,0.0,0.0,0.0,38.45,38.45,38.45,1000.1,39.5,600,0,0,0.0,0,F1,600,,,,,
2026-02-18,2026-02-18,FO,NSE,STO,59241,,ADANIGREEN,,2026-03-30,2026-03-30,1080.0,CE,ADANIGREEN26MAR1080CE,25.0,25.0,22.0,22.0,22.0,31.4,1000.1,36.4,30000,1800,10,6619650.0,10,F1,600,,,,,
2026-02-18,2026-02-18,FO,NSE,STO,77991,,ADANIGREEN,,2026-04-28,2026-04-28,1020.0,CE,ADANIGREEN26APR1020CE,0.0,0.0,0.0,30.45,0.0,30.45,1000.1,80.35,0,0,0,0.0,0,F1,600,,,,,
2026-02-18,2026-02-18,FO,NSE,STO,58980,,ADANIGREEN,,2026-02-24,2026-02-24,900.0,PE,ADANIGREEN26FEB900PE,2.0,2.9,1.65,1.75,1.8,2.1,1000.1,1.75,613800,-72600,658,356152770.0,416,F1,600,,,,,
2026-02-18,2026-02-18,FO,NSE,STO,59154,,ADANIGREEN,,2026-03-30,2026-03-30,800.0,CE,ADANIGREEN26MAR800CE,0.0,0.0,0.0,181.2,181.2,181.2,1000.1,210.0,3600,0,0,0.0,0,F1,600,,,,,
2026-02-18,2026-02-18,FO,NSE,STF,66704,,ADANIGREEN,,2026-04-28,2026-04-28,,,ADANIGREEN26APRFUT,1029.15,1029.2,1000.0,1013.4,1013.15,1029.15,1000.1,1013.4,143400,12600,40,24330720.0,38,F1,600,,,,,
2026-02-18,2026-02-18,FO,NSE,STO,70163,,ADANIGREEN,,2026-02-24,2026-02-24,640.0,CE,ADANIGREEN26FEB640CE,0.0,0.0,0.0,312.8,312.8,312.8,1000.1,360.7,0,0,0,0.0,0,F1,600,,,,,
2026-02-18,2026-02-18,FO,NSE,STO,45697,,ADANIGREEN,,2026-03-30,2026-03-30,660.0,PE,ADANIGREEN26MAR660PE,0.0,0.0,0.0,9.7,9.7,9.7,1000.1,0.2,6000,0,0,0.0,0,F1,600,,,,,
2026-02-18,2026-02-18,FO,NSE,STO,58924,,ADANIGREEN,,2026-02-24,2026-02-24,700.0,CE,ADANIGREEN26FEB700CE,0.0,0.0,0.0,269.0,269.0,269.0,1000.1,300.75,1800,0,0,0.0,0,F1,600,,,,,
2026-02-18,2026-02-18,FO,NSE,STO,58926,,ADANIGREEN,,2026-02-24,2026-02-24,710.0,CE,ADANIGREEN26FEB710CE,0.0,0.0,0.0,307.0,0.0,307.0,1000.1,290.75,0,0,0,0.0,0,F1,600,,,,,
2026-02-18,2026-02-18,FO,NSE,STO,70199,,ADANIGREEN,,2026-02-24,2026-02-24,880.0,CE,ADANIGREEN26FEB880CE,0.0,0.0,0.0,137.9,137.9,137.9,1000.1,121.3,132600,0,0,0.0,0,F1,600,,,,,
2026-02-18,2026-02-18,FO,NSE,STO,58995,,ADANIGREEN,,2026-02-24,2026-02-24,980.0,CE,ADANIGREEN26FEB980CE,42.0,42.0,25.5,31.4,30.95,46.8,1000.1,31.4,709800,7800,292,177190230.0,270,F1,600,,,,,
2026-02-18,2026-02-18,FO,NSE,STO,58923,,ADANIGREEN,,2026-02-24,2026-02-24,690.0,PE,ADANIGREEN26FEB690PE,0.0,0.0,0.0,0.75,0.75,0.75,1000.1,0.05,13800,0,0,0.0,0,F1,600,,,,,
2026-02-18,2026-02-18,FO,NSE,STO,77981,,ADANIGREEN,,2026-04-28,2026-04-28,920.0,CE,ADANIGREEN26APR920CE,0.0,0.0,0.0,52.25,0.0,52.25,1000.1,133.3,0,0,0,0.0,0,F1,600,,,,,
2026-02-18,2026-02-18,FO,NSE,STO,77979,,ADANIGREEN,,2026-04-28,2026-04-28,900.0,CE,ADANIGREEN26APR900CE,0.0,0.0,0.0,58.05,0.0,58.05,1000.1,146.2,0,0,0,0.0,0,F1,600,,,,,
2026-02-18,2026-02-18,FO,NSE,STO,59248,,ADANIGREEN,,2026-03-30,2026-03-30,1140.0,PE,ADANIGREEN26MAR1140PE,0.0,0.0,0.0,181.15,0.0,181.15,1000.1,154.7,0,0,0,0.0,0,F1,600,,,,,
2026-02-18,2026-02-18,FO,NSE,STO,59250,,ADANIGREEN,,2026-03-30,2026-03-30,1160.0,PE,ADANIGREEN26MAR1160PE,0.0,0.0,0.0,195.25,0.0,195.25,1000.1,171.0,0,0,0,0.0,0,F1,600,,,,,
2026-02-18,2026-02-18,FO,NSE,STO,77956,,ADANIGREEN,,2026-04-28,2026-04-28,680.0,PE,ADANIGREEN26APR680PE,0.0,0.0,0.0,33.85,0.0,33.85,1000.1,2.1,0,0,0,0.0,0,F1,600,,,,,
2026-02-18,2026-02-18,FO,NSE,STO,77960,,ADANIGREEN,,2026-04-28,2026-04-28,720.0,PE,ADANIGREEN26APR720PE,0.0,0.0,0.0,47.7,0.0,47.7,1000.1,4.2,0,0,0,0.0,0,F1,600,,,,,
2026-02-18,2026-02-18,FO,NSE,STO,77968,,ADANIGREEN,,2026-04-28,2026-04-28,800.0,PE,ADANIGREEN26APR800PE,0.0,0.0,0.0,84.3,0.0,84.3,1000.1,12.9,0,0,0,0.0,0,F1,600,,,,,
2026-02-18,2026-02-18,FO,NSE,STO,77970,,ADANIGREEN,,2026-04-28,2026-04-28,820.0,PE,ADANIGREEN26APR820PE,12.0,15.0,10.5,10.5,10.5,12.0,1000.1,16.35,12600,1800,5,2496000.0,5,F1,600,,,,,
2026-02-18,2026-02-18,FO,NSE,STO,77974,,ADANIGREEN,,2026-04-28,2026-04-28,840.0,PE,ADANIGREEN26APR840PE,0.0,0.0,0.0,106.75,0.0,106.75,1000.1,20.45,0,0,0,0.0,0,F1,600,,,,,
2026-02-18,2026-02-18,FO,NSE,STO,78004,,ADANIGREEN,,2026-04-28,2026-04-28,1160.0,PE,ADANIGREEN26APR1160PE,0.0,0.0,0.0,356.75,0.0,356.75,1000.1,183.15,0,0,0,0.0,0,F1,600,,,,,
2026-02-18,2026-02-18,FO,NSE,STO,59001,,ADANIGREEN,,2026-02-24,2026-02-24,1020.0,CE,ADANIGREEN26FEB1020CE,22.8,22.8,9.55,11.95,11.55,22.2,1000.1,11.95,428400,64800,3332,2064777300.0,2760,F1,600,,,,,
2026-02-18,2026-02-18,FO,NSE,STO,70203,,ADANIGREEN,,2026-02-24,2026-02-24,960.0,CE,ADANIGREEN26FEB960CE,62.5,62.5,38.35,45.5,45.5,62.5,1000.1,45.5,276600,-11400,91,54916320.0,75,F1,600,,,,,
2026-02-18,2026-02-18,FO,NSE,STO,58939,,ADANIGREEN,,2026-02-24,2026-02-24,780.0,CE,ADANIGREEN26FEB780CE,0.0,0.0,0.0,174.5,175.55,174.5,1000.1,220.8,97800,0,0,0.0,0,F1,600,,,,,
2026-02-18,2026-02-18,FO,NSE,STO,77704,,ADANIGREEN,,2026-03-30,2026-03-30,1090.0,CE,ADANIGREEN26MAR1090CE,0.0,0.0,0.0,10.45,0.0,10.45,1000.1,33.5,0,0,0,0.0,0,F1,600,,,,,
2026-02-18,2026-02-18,FO,NSE,STO,77684,,ADANIGREEN,,2026-03-30,2026-03-30,1030.0,CE,ADANIGREEN26MAR1030CE,0.0,0.0,0.0,16.5,0.0,16.5,1000.1,54.05,0,0,0,0.0,0,F1,600,,,,,
2026-02-18,2026-02-18,FO,NSE,STO,59229,,ADANIGREEN,,2026-03-30,2026-03-30,1020.0,CE,ADANIGREEN26MAR1020CE,55.15,55.2,40.9,42.5,42.5,56.6,1000.1,58.25,40800,13200,34,21770400.0,32,F1,600,,,,,
2026-02-18,2026-02-18,FO,NSE,STO,59227,,ADANIGREEN,,2026-03-30,2026-03-30,1000.0,CE,ADANIGREEN26MAR1000CE,65.0,65.0,49.7,52.65,52.4,67.15,1000.1,52.65,450000,-68400,624,394586280.0,409,F1,600,,,,,
2026-02-18,2026-02-18,FO,NSE,STO,77678,,ADANIGREEN,,2026-03-30,2026-03-30,970.0,CE,ADANIGREEN26MAR970CE,0.0,0.0,0.0,75.85,75.85,75.85,1000.1,82.85,1800,0,0,0.0,0,F1,600,,,,,
2026-02-18,2026-02-18,FO,NSE,STO,59164,,ADANIGREEN,,2026-03-30,2026-03-30,900.0,CE,ADANIGREEN26MAR900CE,121.0,121.5,121.0,121.25,121.5,120.4,1000.1,121.25,29400,0,2,1225500.0,2,F1,600,,,,,
2026-02-18,2026-02-18,FO,NSE,STO,59160,,ADANIGREEN,,2026-03-30,2026-03-30,860.0,CE,ADANIGREEN26MAR860CE,0.0,0.0,0.0,47.5,47.5,47.5,1000.1,158.4,3600,0,0,0.0,0,F1,600,,,,,
2026-02-18,2026-02-18,FO,NSE,STO,77677,,ADANIGREEN,,2026-03-30,2026-03-30,950.0,PE,ADANIGREEN26MAR950PE,29.5,30.45,24.55,25.6,25.6,24.6,1000.1,38.65,36000,-3000,29,17016330.0,18,F1,600,,,,,
2026-02-18,2026-02-18,FO,NSE,STO,59220,,ADANIGREEN,,2026-03-30,2026-03-30,940.0,PE,ADANIGREEN26MAR940PE,0.0,0.0,0.0,22.2,22.2,22.2,1000.1,34.85,2400,0,0,0.0,0,F1,600,,,,,
2026-02-18,2026-02-18,FO,NSE,STO,77671,,ADANIGREEN,,2026-03-30,2026-03-30,890.0,PE,ADANIGREEN26MAR890PE,13.3,16.0,11.45,11.65,11.65,13.3,1000.1,11.65,13200,4200,16,8668230.0,16,F1,600,,,,,
2026-02-18,2026-02-18,FO,NSE,STO,77665,,ADANIGREEN,,2026-03-30,2026-03-30,830.0,PE,ADANIGREEN26MAR830PE,0.0,0.0,0.0,8.1,8.1,8.1,1000.1,8.4,2400,0,0,0.0,0,F1,600,,,,,
2026-02-18,2026-02-18,FO,NSE,STO,59157,,ADANIGREEN,,2026-03-30,2026-03-30,820.0,PE,ADANIGREEN26MAR820PE,7.15,7.15,6.4,6.4,6.4,11.0,1000.1,7.15,1800,1200,2,992130.0,2,F1,600,,,,,
2026-02-18,2026-02-18,FO,NSE,STO,70218,,ADANIGREEN,,2026-02-24,2026-02-24,1200.0,PE,ADANIGREEN26FEB1200PE,0.0,0.0,0.0,183.65,183.65,183.65,1000.1,198.85,31800,0,0,0.0,0,F1,600,,,,,
2026-02-18,2026-02-18,FO,NSE,STO,77666,,ADANIGREEN,,2026-03-30,2026-03-30,850.0,CE,ADANIGREEN26MAR850CE,0.0,0.0,0.0,140.0,140.0,140.0,1000.1,166.6,1200,0,0,0.0,0,F1,600,,,,,
2026-02-18,2026-02-18,FO,NSE,STO,59156,,ADANIGREEN,,2026-03-30,2026-03-30,820.0,CE,ADANIGREEN26MAR820CE,0.0,0.0,0.0,227.35,0.0,227.35,1000.1,192.15,0,0,0,0.0,0,F1,600,,,,,
2026-02-18,2026-02-18,FO,NSE,STO,59146,,ADANIGREEN,,2026-03-30,2026-03-30,740.0,CE,ADANIGREEN26MAR740CE,0.0,0.0,0.0,290.95,0.0,290.95,1000.1,266.1,0,0,0,0.0,0,F1,600,,,,,
2026-02-18,2026-02-18,FO,NSE,STO,59144,,ADANIGREEN,,2026-03-30,2026-03-30,720.0,CE,ADANIGREEN26MAR720CE,0.0,0.0,0.0,308.05,0.0,308.05,1000.1,285.4,0,0,0,0.0,0,F1,600,,,,,
2026-02-18,2026-02-18,FO,NSE,STO,58937,,ADANIGREEN,,2026-02-24,2026-02-24,770.0,CE,ADANIGREEN26FEB770CE,0.0,0.0,0.0,243.65,243.65,243.65,1000.1,230.8,13800,0,0,0.0,0,F1,600,,,,,
2026-02-18,2026-02-18,FO,NSE,STO,58930,,ADANIGREEN,,2026-02-24,2026-02-24,740.0,CE,ADANIGREEN26FEB740CE,0.0,0.0,0.0,213.35,213.35,213.35,1000.1,260.75,6000,0,0,0.0,0,F1,600,,,,,
2026-02-18,2026-02-18,FO,NSE,STO,58928,,ADANIGREEN,,2026-02-24,2026-02-24,730.0,CE,ADANIGREEN26FEB730CE,0.0,0.0,0.0,288.5,0.0,288.5,1000.1,270.75,0,0,0,0.0,0,F1,600,,,,,
2026-02-18,2026-02-18,FO,NSE,STO,58922,,ADANIGREEN,,2026-02-24,2026-02-24,690.0,CE,ADANIGREEN26FEB690CE,0.0,0.0,0.0,278.15,278.15,278.15,1000.1,310.7,1800,0,0,0.0,0,F1,600,,,,,
2026-02-18,2026-02-18,FO,NSE,STO,70186,,ADANIGREEN,,2026-02-24,2026-02-24,680.0,CE,ADANIGREEN26FEB680CE,0.0,0.0,0.0,272.7,272.7,272.7,1000.1,320.7,1800,0,0,0.0,0,F1,600,,,,,
2026-02-18,2026-02-18,FO,NSE,STO,78000,,ADANIGREEN,,2026-04-28,2026-04-28,1100.0,PE,ADANIGREEN26APR1100PE,0.0,0.0,0.0,303.35,0.0,303.35,1000.1,139.5,0,0,0,0.0,0,F1,600,,,,,
2026-02-18,2026-02-18,FO,NSE,STO,77984,,ADANIGREEN,,2026-04-28,2026-04-28,940.0,PE,ADANIGREEN26APR940PE,0.0,0.0,0.0,173.5,0.0,173.5,1000.1,51.4,0,0,0,0.0,0,F1,600,,,,,
2026-02-18,2026-02-18,FO,NSE,STO,77685,,ADANIGREEN,,2026-03-30,2026-03-30,1030.0,PE,ADANIGREEN26MAR1030PE,0.0,0.0,0.0,236.65,0.0,236.65,1000.1,77.75,0,0,0,0.0,0,F1,600,,,,,
2026-02-18,2026-02-18,FO,NSE,STO,59230,,ADANIGREEN,,2026-03-30,2026-03-30,1020.0,PE,ADANIGREEN26MAR1020PE,53.95,62.1,53.3,54.55,54.5,106.55,1000.1,54.55,10800,10800,24,15518220.0,21,F1,600,,,,,
2026-02-18,2026-02-18,FO,NSE,STO,77675,,ADANIGREEN,,2026-03-30,2026-03-30,930.0,PE,ADANIGREEN26MAR930PE,0.0,0.0,0.0,155.05,0.0,155.05,1000.1,31.35,0,0,0,0.0,0,F1,600,,,,,
2026-02-18,2026-02-18,FO,NSE,STO,59010,,ADANIGREEN,,2026-02-24,2026-02-24,1060.0,PE,ADANIGREEN26FEB1060PE,55.1,70.3,55.1,62.85,62.85,51.75,1000.1,65.25,12000,1800,14,9437940.0,14,F1,600,,,,,
2026-02-18,2026-02-18,FO,NSE,STO,58925,,ADANIGREEN,,2026-02-24,2026-02-24,700.0,PE,ADANIGREEN26FEB700PE,0.5,0.6,0.45,0.55,0.55,0.6,1000.1,0.05,181200,-7200,74,31102380.0,32,F1,600,,,,,
2026-02-18,2026-02-18,FO,NSE,STO,77989,,ADANIGREEN,,2026-04-28,2026-04-28,1000.0,CE,ADANIGREEN26APR1000CE,0.0,0.0,0.0,34.0,0.0,34.0,1000.1,89.45,0,0,0,0.0,0,F1,600,,,,,
2026-02-18,2026-02-18,FO,NSE,STO,77969,,ADANIGREEN,,2026-04-28,2026-04-28,820.0,CE,ADANIGREEN26APR820CE,0.0,0.0,0.0,86.85,0.0,86.85,1000.1,204.95,0,0,0,0.0,0,F1,600,,,,,
2026-02-18,2026-02-18,FO,NSE,STO,77955,,ADANIGREEN,,2026-04-28,2026-04-28,680.0,CE,ADANIGREEN26APR680CE,0.0,0.0,0.0,163.35,0.0,163.35,1000.1,329.25,0,0,0,0.0,0,F1,600,,,,,
2026-02-18,2026-02-18,FO,NSE,STO,77965,,ADANIGREEN,,2026-04-28,2026-04-28,780.0,CE,ADANIGREEN26APR780CE,0.0,0.0,0.0,105.1,0.0,105.1,1000.1,238.2,0,0,0,0.0,0,F1,600,,,,,
2026-02-18,2026-02-18,FO,NSE,STO,77985,,ADANIGREEN,,2026-04-28,2026-04-28,960.0,CE,ADANIGREEN26APR960CE,0.0,0.0,0.0,42.25,0.0,42.25,1000.1,109.85,0,0,0,0.0,0,F1,600,,,,,
2026-02-18,2026-02-18,FO,NSE,STO,77995,,ADANIGREEN,,2026-04-28,2026-04-28,1060.0,CE,ADANIGREEN26APR1060CE,0.0,0.0,0.0,24.25,0.0,24.25,1000.1,64.35,0,0,0,0.0,0,F1,600,,,,,
2026-02-18,2026-02-18,FO,NSE,STO,70196,,ADANIGREEN,,2026-02-24,2026-02-24,800.0,PE,ADANIGREEN26FEB800PE,0.75,0.95,0.7,0.75,0.75,0.9,1000.1,0.75,306000,-11400,159,76394490.0,88,F1,600,,,,,
2026-02-18,2026-02-18,FO,NSE,STO,70198,,ADANIGREEN,,2026-02-24,2026-02-24,840.0,PE,ADANIGREEN26FEB840PE,1.0,1.0,0.85,0.85,0.85,1.1,1000.1,0.05,117000,-1200,2,1009110.0,2,F1,600,,,,,
2026-02-18,2026-02-18,FO,NSE,STO,59159,,ADANIGREEN,,2026-03-30,2026-03-30,840.0,PE,ADANIGREEN26MAR840PE,0.0,0.0,0.0,33.25,0.0,33.25,1000.1,9.8,0,0,0,0.0,0,F1,600,,,,,
2026-02-18,2026-02-18,FO,NSE,STO,77976,,ADANIGREEN,,2026-04-28,2026-04-28,860.0,PE,ADANIGREEN26APR860PE,0.0,0.0,0.0,118.95,0.0,118.95,1000.1,25.2,0,0,0,0.0,0,F1,600,,,,,
2026-02-18,2026-02-18,FO,NSE,STO,59232,,ADANIGREEN,,2026-03-30,2026-03-30,1040.0,PE,ADANIGREEN26MAR1040PE,62.45,76.6,62.45,66.9,66.9,60.15,1000.1,83.7,182400,4200,37,24569400.0,33,F1,600,,,,,
2026-02-18,2026-02-18,FO,NSE,STO,59224,,ADANIGREEN,,2026-03-30,2026-03-30,960.0,PE,ADANIGREEN26MAR960PE,0.0,0.0,0.0,76.65,0.0,76.65,1000.1,42.65,0,0,0,0.0,0,F1,600,,,,,
2026-02-18,2026-02-18,FO,NSE,STO,59246,,ADANIGREEN,,2026-03-30,2026-03-30,1120.0,PE,ADANIGREEN26MAR1120PE,0.0,0.0,0.0,165.0,165.0,165.0,1000.1,139.05,1200,0,0,0.0,0,F1,600,,,,,
2026-02-18,2026-02-18,FO,NSE,STO,59153,,ADANIGREEN,,2026-03-30,2026-03-30,780.0,PE,ADANIGREEN26MAR780PE,0.0,0.0,0.0,19.45,0.0,19.45,1000.1,3.5,0,0,0,0.0,0,F1,600,,,,,
2026-02-18,2026-02-18,FO,NSE,STO,58961,,ADANIGREEN,,2026-02-24,2026-02-24,820.0,PE,ADANIGREEN26FEB820PE,0.0,0.0,0.0,0.95,0.95,0.95,1000.1,0.05,178800,0,0,0.0,0,F1,600,,,,,
2026-02-18,2026-02-18,FO,NSE,STO,58972,,ADANIGREEN,,2026-02-24,2026-02-24,850.0,PE,ADANIGREEN26FEB850PE,1.6,1.6,0.95,0.95,0.95,1.2,1000.1,0.95,135000,-13200,160,81712680.0,107,F1,600,,,,,
2026-02-18,2026-02-18,FO,NSE,STO,59026,,ADANIGREEN,,2026-02-24,2026-02-24,1090.0,PE,ADANIGREEN26FEB1090PE,0.0,0.0,0.0,129.3,0.0,129.3,1000.1,91.55,0,0,0,0.0,0,F1,600,,,,,
2026-02-18,2026-02-18,FO,NSE,STF,51729,,ADANIGREEN,,2026-03-30,2026-03-30,,,ADANIGREEN26MARFUT,1027.0,1027.0,993.2,1007.1,1006.0,1023.7,1000.1,1007.1,7651200,3375000,7213,4345449570.0,2929,F1,600,,,,,
2026-02-18,2026-02-18,FO,NSE,STO,58991,,ADANIGREEN,,2026-02-24,2026-02-24,950.0,CE,ADANIGREEN26FEB950CE,65.0,65.0,45.95,54.25,53.8,71.05,1000.1,54.25,199200,-3000,56,33730500.0,56,F1,600,,,,,
2026-02-18,2026-02-18,FO,NSE,STO,59027,,ADANIGREEN,,2026-02-24,2026-02-24,1100.0,CE,ADANIGREEN26FEB1100CE,3.8,3.85,1.55,1.75,1.7,3.95,1000.1,1.75,629400,-73200,898,593748750.0,572,F1,600,,,,,
2026-02-18,2026-02-18,FO,NSE,STO,77674,,ADANIGREEN,,2026-03-30,2026-03-30,930.0,CE,ADANIGREEN26MAR930CE,0.0,0.0,0.0,75.0,75.0,75.0,1000.1,107.05,1800,0,0,0.0,0,F1,600,,,,,
2026-02-18,2026-02-18,FO,NSE,STO,59225,,ADANIGREEN,,2026-03-30,2026-03-30,980.0,CE,ADANIGREEN26MAR980CE,64.0,64.0,64.0,64.0,64.0,80.0,1000.1,64.0,28800,0,1,626400.0,1,F1,600,,,,,
2026-02-18,2026-02-18,FO,NSE,STO,59030,,ADANIGREEN,,2026-02-24,2026-02-24,1100.0,PE,ADANIGREEN26FEB1100PE,102.0,107.15,101.8,101.8,101.8,85.7,1000.1,101.8,33600,-1200,4,2889330.0,4,F1,600,,,,,
2026-02-18,2026-02-18,FO,NSE,STO,59048,,ADANIGREEN,,2026-02-24,2026-02-24,1180.0,PE,ADANIGREEN26FEB1180PE,0.0,0.0,0.0,194.7,0.0,194.7,1000.1,178.9,0,0,0,0.0,0,F1,600,,,,,
2026-02-18,2026-02-18,FO,NSE,STO,59139,,ADANIGREEN,,2026-03-30,2026-03-30,640.0,PE,ADANIGREEN26MAR640PE,0.0,0.0,0.0,3.55,3.55,3.55,1000.1,0.1,19800,0,0,0.0,0,F1,600,,,,,
2026-02-18,2026-02-18,FO,NSE,STO,59145,,ADANIGREEN,,2026-03-30,2026-03-30,720.0,PE,ADANIGREEN26MAR720PE,0.0,0.0,0.0,8.0,8.0,8.0,1000.1,0.95,5400,0,0,0.0,0,F1,600,,,,,
2026-02-18,2026-02-18,FO,NSE,STO,77703,,ADANIGREEN,,2026-03-30,2026-03-30,1070.0,PE,ADANIGREEN26MAR1070PE,0.0,0.0,0.0,271.9,0.0,271.9,1000.1,102.95,0,0,0,0.0,0,F1,600,,,,,
2026-02-18,2026-02-18,FO,NSE,STO,77978,,ADANIGREEN,,2026-04-28,2026-04-28,880.0,PE,ADANIGREEN26APR880PE,0.0,0.0,0.0,131.8,0.0,131.8,1000.1,30.6,0,0,0,0.0,0,F1,600,,,,,
2026-02-18,2026-02-18,FO,NSE,STO,70185,,ADANIGREEN,,2026-02-24,2026-02-24,640.0,PE,ADANIGREEN26FEB640PE,0.0,0.0,0.0,0.45,0.45,0.45,1000.1,0.05,47400,0,0,0.0,0,F1,600,,,,,
2026-02-18,2026-02-18,FO,NSE,STO,77987,,ADANIGREEN,,2026-04-28,2026-04-28,980.0,CE,ADANIGREEN26APR980CE,0.0,0.0,0.0,37.9,0.0,37.9,1000.1,99.25,0,0,0,0.0,0,F1,600,,,,,
2026-02-18,2026-02-18,FO,NSE,STO,77947,,ADANIGREEN,,2026-04-28,2026-04-28,640.0,CE,ADANIGREEN26APR640CE,0.0,0.0,0.0,191.7,0.0,191.7,1000.1,367.65,0,0,0,0.0,0,F1,600,,,,,
2026-02-18,2026-02-18,FO,NSE,STO,59251,,ADANIGREEN,,2026-03-30,2026-03-30,1180.0,CE,ADANIGREEN26MAR1180CE,8.0,8.45,7.5,7.65,7.5,54.4,1000.1,7.65,11400,11400,22,15679170.0,20,F1,600,,,,,
2026-02-18,2026-02-18,FO,NSE,STO,70217,,ADANIGREEN,,2026-02-24,2026-02-24,1200.0,CE,ADANIGREEN26FEB1200CE,0.95,0.95,0.45,0.5,0.5,0.95,1000.1,0.5,318600,91200,431,310515180.0,156,F1,600,,,,,
2026-02-18,2026-02-18,FO,NSE,STO,59035,,ADANIGREEN,,2026-02-24,2026-02-24,1140.0,CE,ADANIGREEN26FEB1140CE,1.5,1.5,0.85,0.95,0.9,2.0,1000.1,0.95,41400,-34200,169,115701780.0,100,F1,600,,,,,
2026-02-18,2026-02-18,FO,NSE,STO,58973,,ADANIGREEN,,2026-02-24,2026-02-24,860.0,CE,ADANIGREEN26FEB860CE,0.0,0.0,0.0,134.4,132.9,134.4,1000.1,141.0,131400,0,0,0.0,0,F1,600,,,,,
2026-02-18,2026-02-18,FO,NSE,STO,58962,,ADANIGREEN,,2026-02-24,2026-02-24,830.0,CE,ADANIGREEN26FEB830CE,170.0,170.0,170.0,170.0,170.0,170.0,1000.1,170.85,118800,-600,1,600000.0,1,F1,600,,,,,
2026-02-18,2026-02-18,FO,NSE,STO,58932,,ADANIGREEN,,2026-02-24,2026-02-24,750.0,CE,ADANIGREEN26FEB750CE,0.0,0.0,0.0,219.65,219.65,219.65,1000.1,250.8,0,0,0,0.0,0,F1,600,,,,,
2026-02-18,2026-02-18,FO,NSE,STO,70188,,ADANIGREEN,,2026-02-24,2026-02-24,720.0,CE,ADANIGREEN26FEB720CE,0.0,0.0,0.0,291.3,291.3,291.3,1000.1,280.75,35400,0,0,0.0,0,F1,600,,,,,
2026-02-18,2026-02-18,FO,NSE,STO,58921,,ADANIGREEN,,2026-02-24,2026-02-24,660.0,PE,ADANIGREEN26FEB660PE,0.0,0.0,0.0,0.25,0.25,0.25,1000.1,0.05,195600,0,0,0.0,0,F1,600,,,,,
2026-02-18,2026-02-18,FO,NSE,STO,70202,,ADANIGREEN,,2026-02-24,2026-02-24,920.0,PE,ADANIGREEN26FEB920PE,2.35,4.0,2.15,2.25,2.3,2.6,1000.1,2.25,542400,-7200,199,110191680.0,167,F1,600,,,,,
2026-02-18,2026-02-18,FO,NSE,STO,59004,,ADANIGREEN,,2026-02-24,2026-02-24,1030.0,PE,ADANIGREEN26FEB1030PE,33.35,46.85,31.75,38.7,39.1,30.05,1000.1,38.7,19200,-4800,61,39132300.0,61,F1,600,,,,,
2026-02-18,2026-02-18,FO,NSE,STO,58989,,ADANIGREEN,,2026-02-24,2026-02-24,940.0,CE,ADANIGREEN26FEB940CE,62.0,65.2,56.35,63.1,63.3,80.15,1000.1,63.1,83400,-2400,46,27627330.0,33,F1,600,,,,,
2026-02-18,2026-02-18,FO,NSE,STO,77673,,ADANIGREEN,,2026-03-30,2026-03-30,910.0,PE,ADANIGREEN26MAR910PE,0.0,0.0,0.0,22.1,22.1,22.1,1000.1,25.0,0,0,0,0.0,0,F1,600,,,,,
2026-02-18,2026-02-18,FO,NSE,STO,59149,,ADANIGREEN,,2026-03-30,2026-03-30,740.0,PE,ADANIGREEN26MAR740PE,0.0,0.0,0.0,12.9,0.0,12.9,1000.1,1.55,0,0,0,0.0,0,F1,600,,,,,
2026-02-18,2026-02-18,FO,NSE,STO,70210,,ADANIGREEN,,2026-02-24,2026-02-24,1080.0,PE,ADANIGREEN26FEB1080PE,73.35,93.8,72.55,83.25,83.25,219.0,1000.1,82.5,22800,21600,43,30016320.0,43,F1,600,,,,,
2026-02-18,2026-02-18,FO,NSE,STO,58978,,ADANIGREEN,,2026-02-24,2026-02-24,890.0,PE,ADANIGREEN26FEB890PE,1.1,2.35,1.1,1.5,1.5,1.8,1000.1,0.7,93000,9600,204,109155690.0,151,F1,600,,,,,
2026-02-18,2026-02-18,FO,NSE,STO,58936,,ADANIGREEN,,2026-02-24,2026-02-24,750.0,PE,ADANIGREEN26FEB750PE,0.6,0.75,0.6,0.65,0.65,0.8,1000.1,0.65,91800,-42600,96,43240080.0,31,F1,600,,,,,
2026-02-18,2026-02-18,FO,NSE,STO,70189,,ADANIGREEN,,2026-02-24,2026-02-24,720.0,PE,ADANIGREEN26FEB720PE,0.35,0.65,0.2,0.2,0.2,0.75,1000.1,0.05,89400,-11400,24,10373970.0,13,F1,600,,,,,
2026-02-18,2026-02-18,FO,NSE,STO,44531,,ADANIGREEN,,2026-02-24,2026-02-24,670.0,PE,ADANIGREEN26FEB670PE,0.0,0.0,0.0,1.1,1.1,1.1,1000.1,0.05,12600,0,0,0.0,0,F1,600,,,,,
2026-02-18,2026-02-18,FO,NSE,STO,58965,,ADANIGREEN,,2026-02-24,2026-02-24,850.0,CE,ADANIGREEN26FEB850CE,0.0,0.0,0.0,162.0,162.0,162.0,1000.1,150.95,248400,0,0,0.0,0,F1,600,,,,,
2026-02-18,2026-02-18,FO,NSE,STO,58911,,ADANIGREEN,,2026-02-24,2026-02-24,620.0,PE,ADANIGREEN26FEB620PE,0.45,0.45,0.45,0.45,0.45,0.35,1000.1,0.05,132600,0,1,372270.0,1,F1,600,,,,,
2026-02-18,2026-02-18,FO,NSE,STO,78596,,ADANIPORTS,,2026-03-30,2026-03-30,1380.0,PE,ADANIPORTS26MAR1380PE,0.0,0.0,0.0,8.0,8.0,8.0,1550.8,9.75,1900,0,0,0.0,0,F1,475,,,,,
2026-02-18,2026-02-18,FO,NSE,STO,78407,,ADANIPORTS,,2026-03-30,2026-03-30,1140.0,PE,ADANIPORTS26MAR1140PE,0.0,0.0,0.0,9.35,0.0,9.35,1550.8,0.05,0,0,0,0.0,0,F1,475,,,,,
2026-02-18,2026-02-18,FO,NSE,STO,70680,,ADANIPORTS,,2026-02-24,2026-02-24,1400.0,CE,ADANIPORTS26FEB1400CE,152.0,153.7,142.1,152.0,152.0,165.65,1550.8,152.0,239400,-3325,37,27186553.75,28,F1,475,,,,,
2026-02-18,2026-02-18,FO,NSE,STO,70752,,ADANIPORTS,,2026-02-24,2026-02-24,1600.0,PE,ADANIPORTS26FEB1600PE,49.2,63.5,49.15,52.2,53.5,46.3,1550.8,52.2,133000,-9025,206,162143957.5,201,F1,475,,,,,
2026-02-18,2026-02-18,FO,NSE,STO,78788,,ADANIPORTS,,2026-04-28,2026-04-28,1560.0,CE,ADANIPORTS26APR1560CE,0.0,0.0,0.0,41.1,0.0,41.1,1550.8,90.2,0,0,0,0.0,0,F1,475,,,,,
2026-02-18,2026-02-18,FO,NSE,STO,61370,,ADANIPORTS,,2026-03-30,2026-03-30,1520.0,CE,ADANIPORTS26MAR1520CE,75.1,75.1,71.0,71.5,71.5,80.1,1550.8,71.5,13775,-2375,21,15882028.75,17,F1,475,,,,,
2026-02-18,2026-02-18,FO,NSE,STO,61265,,ADANIPORTS,,2026-03-30,2026-03-30,1280.0,CE,ADANIPORTS26MAR1280CE,0.0,0.0,0.0,227.3,0.0,227.3,1550.8,280.4,0,0,0,0.0,0,F1,475,,,,,
2026-02-18,2026-02-18,FO,NSE,STO,60855,,ADANIPORTS,,2026-03-30,2026-03-30,1160.0,CE,ADANIPORTS26MAR1160CE,0.0,0.0,0.0,326.95,0.0,326.95,1550.8,397.9,0,0,0,0.0,0,F1,475,,,,,
2026-02-18,2026-02-18,FO,NSE,STO,59997,,ADANIPORTS,,2026-02-24,2026-02-24,1580.0,CE,ADANIPORTS26FEB1580CE,19.0,19.0,8.45,9.1,9.0,18.3,1550.8,9.1,503500,-26125,3523,2660888796.25,2884,F1,475,,,,,
2026-02-18,2026-02-18,FO,NSE,STO,70692,,ADANIPORTS,,2026-02-24,2026-02-24,1560.0,CE,ADANIPORTS26FEB1560CE,25.0,25.0,14.8,16.2,15.65,27.8,1550.8,16.2,836000,-16625,5160,3864964681.25,4128,F1,475,,,,,
2026-02-18,2026-02-18,FO,NSE,STO,59814,,ADANIPORTS,,2026-02-24,2026-02-24,1140.0,CE,ADANIPORTS26FEB1140CE,0.0,0.0,0.0,334.0,0.0,334.0,1550.8,411.85,0,0,0,0.0,0,F1,475,,,,,
2026-02-18,2026-02-18,FO,NSE,STO,70774,,ADANIPORTS,,2026-02-24,2026-02-24,1800.0,PE,ADANIPORTS26FEB1800PE,0.0,0.0,0.0,316.15,0.0,316.15,1550.8,247.6,0,0,0,0.0,0,F1,475,,,,,
2026-02-18,2026-02-18,FO,NSE,STO,60006,,ADANIPORTS,,2026-02-24,2026-02-24,1660.0,PE,ADANIPORTS26FEB1660PE,109.65,118.05,107.65,107.65,107.65,98.45,1550.8,109.15,16625,-5225,20,16848843.75,18,F1,475,,,,,
2026-02-18,2026-02-18,FO,NSE,STO,78445,,ADANIPORTS,,2026-03-30,2026-03-30,1180.0,PE,ADANIPORTS26MAR1180PE,0.0,0.0,0.0,15.0,0.0,15.0,1550.8,0.2,0,0,0,0.0,0,F1,475,,,,,
2026-02-18,2026-02-18,FO,NSE,STO,70768,,ADANIPORTS,,2026-02-24,2026-02-24,1720.0,PE,ADANIPORTS26FEB1720PE,0.0,0.0,0.0,251.35,0.0,251.35,1550.8,167.8,0,0,0,0.0,0,F1,475,,,,,
2026-02-18,2026-02-18,FO,NSE,STO,60009,,ADANIPORTS,,2026-02-24,2026-02-24,1700.0,PE,ADANIPORTS26FEB1700PE,0.0,0.0,0.0,140.0,140.0,140.0,1550.8,148.0,475,0,0,0.0,0,F1,475,,,,,
2026-02-18,2026-02-18,FO,NSE,STO,59998,,ADANIPORTS,,2026-02-24,2026-02-24,1580.0,PE,ADANIPORTS26FEB1580PE,35.0,47.25,34.7,36.15,37.45,32.6,1550.8,36.15,85025,-13775,605,466155120.0,552,F1,475,,,,,
2026-02-18,2026-02-18,FO,NSE,STO,70661,,ADANIPORTS,,2026-02-24,2026-02-24,1280.0,PE,ADANIPORTS26FEB1280PE,0.55,0.7,0.5,0.65,0.65,0.6,1550.8,0.65,67450,2850,23,13990650.0,23,F1,475,,,,,
2026-02-18,2026-02-18,FO,NSE,STO,70584,,ADANIPORTS,,2026-02-24,2026-02-24,1080.0,PE,ADANIPORTS26FEB1080PE,0.05,0.05,0.05,0.05,0.05,0.05,1550.8,0.05,161500,0,9,4617213.75,9,F1,475,,,,,
2026-02-18,2026-02-18,FO,NSE,STF,66705,,ADANIPORTS,,2026-04-28,2026-04-28,,,ADANIPORTS26APRFUT,1570.0,1576.5,1563.0,1573.9,1573.4,1585.2,1550.8,1573.9,159600,9500,45,33562122.5,38,F1,475,,,,,
2026-02-18,2026-02-18,FO,NSE,STO,70657,,ADANIPORTS,,2026-02-24,2026-02-24,1240.0,PE,ADANIPORTS26FEB1240PE,0.5,0.5,0.4,0.45,0.45,0.5,1550.8,0.45,68875,-475,16,9427301.25,9,F1,475,,,,,
2026-02-18,2026-02-18,FO,NSE,STO,61361,,ADANIPORTS,,2026-03-30,2026-03-30,1400.0,PE,ADANIPORTS26MAR1400PE,9.0,9.3,6.8,6.95,6.9,8.0,1550.8,6.95,132050,-5700,114,76278326.25,85,F1,475,,,,,
2026-02-18,2026-02-18,FO,NSE,STO,78664,,ADANIPORTS,,2026-03-30,2026-03-30,1700.0,PE,ADANIPORTS26MAR1700PE,0.0,0.0,0.0,144.0,144.0,144.0,1550.8,159.7,1425,0,0,0.0,0,F1,475,,,,,
2026-02-18,2026-02-18,FO,NSE,STO,61510,,ADANIPORTS,,2026-03-30,2026-03-30,1720.0,PE,ADANIPORTS26MAR1720PE,0.0,0.0,0.0,264.5,0.0,264.5,1550.8,176.0,0,0,0,0.0,0,F1,475,,,,,
2026-02-18,2026-02-18,FO,NSE,STO,78765,,ADANIPORTS,,2026-04-28,2026-04-28,1440.0,PE,ADANIPORTS26APR1440PE,0.0,0.0,0.0,130.6,0.0,130.6,1550.8,35.1,0,0,0,0.0,0,F1,475,,,,,
2026-02-18,2026-02-18,FO,NSE,STO,78605,,ADANIPORTS,,2026-03-30,2026-03-30,1540.0,CE,ADANIPORTS26MAR1540CE,72.05,72.05,58.0,59.5,59.0,72.05,1550.8,59.5,58900,8075,80,60825246.25,77,F1,475,,,,,
2026-02-18,2026-02-18,FO,NSE,STO,61481,,ADANIPORTS,,2026-03-30,2026-03-30,1680.0,CE,ADANIPORTS26MAR1680CE,15.5,15.5,12.85,12.85,12.85,19.05,1550.8,12.85,116850,7125,129,103811226.25,98,F1,475,,,,,
2026-02-18,2026-02-18,FO,NSE,STO,78764,,ADANIPORTS,,2026-04-28,2026-04-28,1440.0,CE,ADANIPORTS26APR1440CE,0.0,0.0,0.0,76.55,0.0,76.55,1550.8,160.8,0,0,0,0.0,0,F1,475,,,,,
2026-02-18,2026-02-18,FO,NSE,STO,78766,,ADANIPORTS,,2026-04-28,2026-04-28,1480.0,CE,ADANIPORTS26APR1480CE,0.0,0.0,0.0,62.7,0.0,62.7,1550.8,134.4,0,0,0,0.0,0,F1,475,,,,,
2026-02-18,2026-02-18,FO,NSE,STO,78768,,ADANIPORTS,,2026-04-28,2026-04-28,1520.0,CE,ADANIPORTS26APR1520CE,0.0,0.0,0.0,50.9,0.0,50.9,1550.8,110.85,0,0,0,0.0,0,F1,475,,,,,
2026-02-18,2026-02-18,FO,NSE,STO,61302,,ADANIPORTS,,2026-03-30,2026-03-30,1320.0,CE,ADANIPORTS26MAR1320CE,0.0,0.0,0.0,198.0,0.0,198.0,1550.8,242.6,0,0,0,0.0,0,F1,475,,,,,
2026-02-18,2026-02-18,FO,NSE,STO,78446,,ADANIPORTS,,2026-03-30,2026-03-30,1220.0,CE,ADANIPORTS26MAR1220CE,0.0,0.0,0.0,179.6,0.0,179.6,1550.8,338.65,0,0,0,0.0,0,F1,475,,,,,
2026-02-18,2026-02-18,FO,NSE,STO,60008,,ADANIPORTS,,2026-02-24,2026-02-24,1700.0,CE,ADANIPORTS26FEB1700CE,0.8,0.8,0.25,0.4,0.4,0.85,1550.8,0.4,290225,-7125,221,178509655.0,172,F1,475,,,,,
2026-02-18,2026-02-18,FO,NSE,STO,59992,,ADANIPORTS,,2026-02-24,2026-02-24,1500.0,CE,ADANIPORTS26FEB1500CE,71.35,71.35,49.6,56.95,56.55,71.25,1550.8,56.95,612275,-39425,475,350721831.25,434,F1,475,,,,,
2026-02-18,2026-02-18,FO,NSE,STO,59832,,ADANIPORTS,,2026-02-24,2026-02-24,1340.0,CE,ADANIPORTS26FEB1340CE,207.9,210.45,207.9,210.45,210.45,206.3,1550.8,212.0,86925,-475,5,3678993.75,5,F1,475,,,,,
2026-02-18,2026-02-18,FO,NSE,STO,59828,,ADANIPORTS,,2026-02-24,2026-02-24,1300.0,CE,ADANIPORTS26FEB1300CE,0.0,0.0,0.0,266.0,266.0,266.0,1550.8,251.95,76000,0,0,0.0,0,F1,475,,,,,
2026-02-18,2026-02-18,FO,NSE,STO,78511,,ADANIPORTS,,2026-03-30,2026-03-30,1260.0,CE,ADANIPORTS26MAR1260CE,0.0,0.0,0.0,150.6,0.0,150.6,1550.8,299.65,0,0,0,0.0,0,F1,475,,,,,
2026-02-18,2026-02-18,FO,NSE,STO,78767,,ADANIPORTS,,2026-04-28,2026-04-28,1480.0,PE,ADANIPORTS26APR1480PE,0.0,0.0,0.0,156.1,0.0,156.1,1550.8,48.3,0,0,0,0.0,0,F1,475,,,,,
2026-02-18,2026-02-18,FO,NSE,STO,78769,,ADANIPORTS,,2026-04-28,2026-04-28,1520.0,PE,ADANIPORTS26APR1520PE,0.0,0.0,0.0,183.7,0.0,183.7,1550.8,64.3,0,0,0,0.0,0,F1,475,,,,,
2026-02-18,2026-02-18,FO,NSE,STO,78804,,ADANIPORTS,,2026-04-28,2026-04-28,1720.0,PE,ADANIPORTS26APR1720PE,0.0,0.0,0.0,345.85,0.0,345.85,1550.8,186.1,0,0,0,0.0,0,F1,475,,,,,
2026-02-18,2026-02-18,FO,NSE,STO,78812,,ADANIPORTS,,2026-04-28,2026-04-28,1840.0,PE,ADANIPORTS26APR1840PE,0.0,0.0,0.0,455.4,0.0,455.4,1550.8,285.05,0,0,0,0.0,0,F1,475,,,,,
2026-02-18,2026-02-18,FO,NSE,STO,78512,,ADANIPORTS,,2026-03-30,2026-03-30,1260.0,PE,ADANIPORTS26MAR1260PE,0.0,0.0,0.0,33.5,0.0,33.5,1550.8,1.3,0,0,0,0.0,0,F1,475,,,,,
2026-02-18,2026-02-18,FO,NSE,STO,59819,,ADANIPORTS,,2026-02-24,2026-02-24,1180.0,CE,ADANIPORTS26FEB1180CE,0.0,0.0,0.0,296.35,0.0,296.35,1550.8,371.85,0,0,0,0.0,0,F1,475,,,,,
2026-02-18,2026-02-18,FO,NSE,STO,70660,,ADANIPORTS,,2026-02-24,2026-02-24,1280.0,CE,ADANIPORTS26FEB1280CE,0.0,0.0,0.0,121.8,121.3,121.8,1550.8,271.95,8075,0,0,0.0,0,F1,475,,,,,
2026-02-18,2026-02-18,FO,NSE,STO,59976,,ADANIPORTS,,2026-02-24,2026-02-24,1420.0,CE,ADANIPORTS26FEB1420CE,132.95,134.25,124.5,134.25,134.25,146.15,1550.8,132.45,152475,950,13,9559968.75,11,F1,475,,,,,
2026-02-18,2026-02-18,FO,NSE,STO,70688,,ADANIPORTS,,2026-02-24,2026-02-24,1480.0,CE,ADANIPORTS26FEB1480CE,76.75,78.75,66.5,75.85,76.0,88.9,1550.8,75.85,491150,-8075,116,85500997.5,106,F1,475,,,,,
2026-02-18,2026-02-18,FO,NSE,STO,61505,,ADANIPORTS,,2026-03-30,2026-03-30,1720.0,CE,ADANIPORTS26MAR1720CE,9.0,9.4,8.35,8.7,8.7,12.9,1550.8,8.7,50350,5700,31,25458123.75,24,F1,475,,,,,
2026-02-18,2026-02-18,FO,NSE,STO,78754,,ADANIPORTS,,2026-04-28,2026-04-28,1280.0,CE,ADANIPORTS26APR1280CE,0.0,0.0,0.0,156.05,0.0,156.05,1550.8,290.65,0,0,0,0.0,0,F1,475,,,,,
2026-02-18,2026-02-18,FO,NSE,STO,61476,,ADANIPORTS,,2026-03-30,2026-03-30,1640.0,CE,ADANIPORTS26MAR1640CE,22.6,23.05,20.55,20.8,20.9,28.7,1550.8,20.8,70775,7125,55,43412173.75,47,F1,475,,,,,
2026-02-18,2026-02-18,FO,NSE,STO,61368,,ADANIPORTS,,2026-03-30,2026-03-30,1480.0,CE,ADANIPORTS26MAR1480CE,0.0,0.0,0.0,114.5,114.5,114.5,1550.8,112.0,2375,0,0,0.0,0,F1,475,,,,,
2026-02-18,2026-02-18,FO,NSE,STO,61166,,ADANIPORTS,,2026-03-30,2026-03-30,1200.0,CE,ADANIPORTS26MAR1200CE,0.0,0.0,0.0,292.05,0.0,292.05,1550.8,358.35,0,0,0,0.0,0,F1,475,,,,,
2026-02-18,2026-02-18,FO,NSE,STO,59824,,ADANIPORTS,,2026-02-24,2026-02-24,1220.0,CE,ADANIPORTS26FEB1220CE,0.0,0.0,0.0,351.05,353.0,351.05,1550.8,331.9,55100,0,0,0.0,0,F1,475,,,,,
2026-02-18,2026-02-18,FO,NSE,STO,70678,,ADANIPORTS,,2026-02-24,2026-02-24,1360.0,CE,ADANIPORTS26FEB1360CE,192.0,194.8,190.1,194.8,194.8,204.75,1550.8,192.05,135850,-475,12,8841887.5,10,F1,475,,,,,
2026-02-18,2026-02-18,FO,NSE,STO,70585,,ADANIPORTS,,2026-02-24,2026-02-24,1120.0,CE,ADANIPORTS26FEB1120CE,0.0,0.0,0.0,386.35,0.0,386.35,1550.8,431.8,0,0,0,0.0,0,F1,475,,,,,
2026-02-18,2026-02-18,FO,NSE,STO,70597,,ADANIPORTS,,2026-02-24,2026-02-24,1200.0,CE,ADANIPORTS26FEB1200CE,0.0,0.0,0.0,345.1,344.0,345.1,1550.8,351.9,14250,0,0,0.0,0,F1,475,,,,,
2026-02-18,2026-02-18,FO,NSE,STO,78789,,ADANIPORTS,,2026-04-28,2026-04-28,1560.0,PE,ADANIPORTS26APR1560PE,0.0,0.0,0.0,213.3,0.0,213.3,1550.8,83.25,0,0,0,0.0,0,F1,475,,,,,
2026-02-18,2026-02-18,FO,NSE,STO,70676,,ADANIPORTS,,2026-02-24,2026-02-24,1320.0,CE,ADANIPORTS26FEB1320CE,227.9,233.75,227.9,233.75,233.75,220.15,1550.8,232.0,171000,-475,14,10320657.5,14,F1,475,,,,,
2026-02-18,2026-02-18,FO,NSE,STO,60001,,ADANIPORTS,,2026-02-24,2026-02-24,1620.0,CE,ADANIPORTS26FEB1620CE,5.65,6.05,2.4,2.65,2.55,6.95,1550.8,2.65,326800,-27075,946,729384160.0,647,F1,475,,,,,
2026-02-18,2026-02-18,FO,NSE,STO,70762,,ADANIPORTS,,2026-02-24,2026-02-24,1680.0,CE,ADANIPORTS26FEB1680CE,1.45,1.45,0.55,0.65,0.65,1.45,1550.8,0.65,238925,-30400,377,300978121.25,236,F1,475,,,,,
2026-02-18,2026-02-18,FO,NSE,STO,78613,,ADANIPORTS,,2026-03-30,2026-03-30,1700.0,CE,ADANIPORTS26MAR1700CE,14.05,14.05,10.2,10.6,10.45,15.35,1550.8,10.6,112575,9500,227,184524627.5,152,F1,475,,,,,
2026-02-18,2026-02-18,FO,NSE,STO,78593,,ADANIPORTS,,2026-03-30,2026-03-30,1340.0,PE,ADANIPORTS26MAR1340PE,0.0,0.0,0.0,5.8,5.8,5.8,1550.8,5.35,1425,0,0,0.0,0,F1,475,,,,,
2026-02-18,2026-02-18,FO,NSE,STO,70656,,ADANIPORTS,,2026-02-24,2026-02-24,1240.0,CE,ADANIPORTS26FEB1240CE,0.0,0.0,0.0,325.0,325.0,325.0,1550.8,311.9,19475,0,0,0.0,0,F1,475,,,,,
2026-02-18,2026-02-18,FO,NSE,STO,70773,,ADANIPORTS,,2026-02-24,2026-02-24,1800.0,CE,ADANIPORTS26FEB1800CE,0.4,0.4,0.3,0.35,0.35,0.4,1550.8,0.05,69825,-7125,23,19668657.5,21,F1,475,,,,,
2026-02-18,2026-02-18,FO,NSE,STO,60088,,ADANIPORTS,,2026-03-30,2026-03-30,1120.0,CE,ADANIPORTS26MAR1120CE,0.0,0.0,0.0,363.15,0.0,363.15,1550.8,437.55,0,0,0,0.0,0,F1,475,,,,,
2026-02-18,2026-02-18,FO,NSE,STO,70690,,ADANIPORTS,,2026-02-24,2026-02-24,1520.0,CE,ADANIPORTS26FEB1520CE,50.0,50.3,35.3,39.85,40.1,54.9,1550.8,39.85,340100,-16625,445,329685767.5,418,F1,475,,,,,
2026-02-18,2026-02-18,FO,NSE,STO,59825,,ADANIPORTS,,2026-02-24,2026-02-24,1220.0,PE,ADANIPORTS26FEB1220PE,0.0,0.0,0.0,0.5,0.5,0.5,1550.8,0.05,52725,0,0,0.0,0,F1,475,,,,,
2026-02-18,2026-02-18,FO,NSE,STO,78803,,ADANIPORTS,,2026-04-28,2026-04-28,1720.0,CE,ADANIPORTS26APR1720CE,0.0,0.0,0.0,16.1,0.0,16.1,1550.8,34.7,0,0,0,0.0,0,F1,475,,,,,
2026-02-18,2026-02-18,FO,NSE,STO,61420,,ADANIPORTS,,2026-03-30,2026-03-30,1600.0,CE,ADANIPORTS26MAR1600CE,45.0,45.0,31.4,33.0,31.85,42.75,1550.8,33.0,216600,16625,341,264630052.5,289,F1,475,,,,,
2026-02-18,2026-02-18,FO,NSE,STO,59874,,ADANIPORTS,,2026-02-24,2026-02-24,1380.0,CE,ADANIPORTS26FEB1380CE,0.0,0.0,0.0,187.25,187.25,187.25,1550.8,172.1,185725,0,0,0.0,0,F1,475,,,,,
2026-02-18,2026-02-18,FO,NSE,STO,59826,,ADANIPORTS,,2026-02-24,2026-02-24,1260.0,CE,ADANIPORTS26FEB1260CE,0.0,0.0,0.0,321.6,305.2,321.6,1550.8,291.95,40850,0,0,0.0,0,F1,475,,,,,
2026-02-18,2026-02-18,FO,NSE,STO,78721,,ADANIPORTS,,2026-04-28,2026-04-28,1160.0,PE,ADANIPORTS26APR1160PE,0.0,0.0,0.0,20.15,0.0,20.15,1550.8,1.1,0,0,0,0.0,0,F1,475,,,,,
2026-02-18,2026-02-18,FO,NSE,STO,78609,,ADANIPORTS,,2026-03-30,2026-03-30,1620.0,CE,ADANIPORTS26MAR1620CE,0.0,0.0,0.0,16.25,0.0,16.25,1550.8,41.85,0,0,0,0.0,0,F1,475,,,,,
2026-02-18,2026-02-18,FO,NSE,STO,61358,,ADANIPORTS,,2026-03-30,2026-03-30,1360.0,CE,ADANIPORTS26MAR1360CE,0.0,0.0,0.0,170.85,0.0,170.85,1550.8,206.3,0,0,0,0.0,0,F1,475,,,,,
2026-02-18,2026-02-18,FO,NSE,STO,61418,,ADANIPORTS,,2026-03-30,2026-03-30,1560.0,CE,ADANIPORTS26MAR1560CE,55.85,55.85,47.35,49.6,49.0,61.4,1550.8,49.6,88825,44650,286,218685131.25,247,F1,475,,,,,
2026-02-18,2026-02-18,FO,NSE,STO,78794,,ADANIPORTS,,2026-04-28,2026-04-28,1600.0,PE,ADANIPORTS26APR1600PE,0.0,0.0,0.0,244.45,0.0,244.45,1550.8,105.1,0,0,0,0.0,0,F1,475,,,,,
2026-02-18,2026-02-18,FO,NSE,STO,61421,,ADANIPORTS,,2026-03-30,2026-03-30,1600.0,PE,ADANIPORTS26MAR1600PE,74.0,77.5,67.25,68.25,69.85,65.15,1550.8,68.25,42275,2850,43,34128275.0,40,F1,475,,,,,
2026-02-18,2026-02-18,FO,NSE,STO,61262,,ADANIPORTS,,2026-03-30,2026-03-30,1240.0,PE,ADANIPORTS26MAR1240PE,0.0,0.0,0.0,19.15,0.0,19.15,1550.8,0.85,0,0,0,0.0,0,F1,475,,,,,
2026-02-18,2026-02-18,FO,NSE,STO,61167,,ADANIPORTS,,2026-03-30,2026-03-30,1200.0,PE,ADANIPORTS26MAR1200PE,2.0,2.0,1.4,1.9,1.9,2.3,1550.8,0.35,27550,-950,7,3996317.5,6,F1,475,,,,,
2026-02-18,2026-02-18,FO,NSE,STO,59823,,ADANIPORTS,,2026-02-24,2026-02-24,1180.0,PE,ADANIPORTS26FEB1180PE,0.35,0.4,0.35,0.4,0.4,0.35,1550.8,0.05,9025,475,4,2242712.5,4,F1,475,,,,,
2026-02-18,2026-02-18,FO,NSE,STO,78720,,ADANIPORTS,,2026-04-28,2026-04-28,1160.0,CE,ADANIPORTS26APR1160CE,0.0,0.0,0.0,241.8,0.0,241.8,1550.8,403.9,0,0,0,0.0,0,F1,475,,,,,
2026-02-18,2026-02-18,FO,NSE,STO,78665,,ADANIPORTS,,2026-03-30,2026-03-30,1740.0,CE,ADANIPORTS26MAR1740CE,7.65,8.35,6.65,7.1,7.0,10.35,1550.8,7.1,20900,1900,31,25731272.5,26,F1,475,,,,,
2026-02-18,2026-02-18,FO,NSE,STO,59991,,ADANIPORTS,,2026-02-24,2026-02-24,1460.0,PE,ADANIPORTS26FEB1460PE,2.25,3.4,1.4,1.5,1.6,2.25,1550.8,1.5,405650,-135850,834,579257845.0,578,F1,475,,,,,
2026-02-18,2026-02-18,FO,NSE,STO,70689,,ADANIPORTS,,2026-02-24,2026-02-24,1480.0,PE,ADANIPORTS26FEB1480PE,3.0,5.35,2.25,2.4,2.65,3.45,1550.8,2.4,502075,-31350,734,517283502.5,618,F1,475,,,,,
2026-02-18,2026-02-18,FO,NSE,STO,60011,,ADANIPORTS,,2026-02-24,2026-02-24,1740.0,PE,ADANIPORTS26FEB1740PE,0.0,0.0,0.0,275.5,0.0,275.5,1550.8,187.7,0,0,0,0.0,0,F1,475,,,,,
2026-02-18,2026-02-18,FO,NSE,STO,61371,,ADANIPORTS,,2026-03-30,2026-03-30,1520.0,PE,ADANIPORTS26MAR1520PE,0.0,0.0,0.0,123.25,0.0,123.25,1550.8,47.3,0,0,0,0.0,0,F1,475,,,,,
2026-02-18,2026-02-18,FO,NSE,STO,78606,,ADANIPORTS,,2026-03-30,2026-03-30,1540.0,PE,ADANIPORTS26MAR1540PE,39.0,44.85,36.1,36.6,37.3,35.65,1550.8,36.6,64600,7125,74,55549540.0,63,F1,475,,,,,
2026-02-18,2026-02-18,FO,NSE,STO,78612,,ADANIPORTS,,2026-03-30,2026-03-30,1660.0,PE,ADANIPORTS26MAR1660PE,0.0,0.0,0.0,290.6,0.0,290.6,1550.8,129.05,0,0,0,0.0,0,F1,475,,,,,
2026-02-18,2026-02-18,FO,NSE,STO,70749,,ADANIPORTS,,2026-02-24,2026-02-24,1600.0,CE,ADANIPORTS26FEB1600CE,9.55,11.0,4.55,4.9,4.8,11.5,1550.8,4.9,1135250,140600,4757,3628607460.0,2694,F1,475,,,,,
2026-02-18,2026-02-18,FO,NSE,STO,70755,,ADANIPORTS,,2026-02-24,2026-02-24,1640.0,CE,ADANIPORTS26FEB1640CE,3.35,3.55,1.4,1.5,1.5,4.2,1550.8,1.5,269325,-29925,803,626290373.75,517,F1,475,,,,,
2026-02-18,2026-02-18,FO,NSE,STO,70770,,ADANIPORTS,,2026-02-24,2026-02-24,1760.0,CE,ADANIPORTS26FEB1760CE,0.45,0.45,0.3,0.4,0.4,0.5,1550.8,0.05,259350,950,83,69403580.0,73,F1,475,,,,,
2026-02-18,2026-02-18,FO,NSE,STO,78444,,ADANIPORTS,,2026-03-30,2026-03-30,1180.0,CE,ADANIPORTS26MAR1180CE,0.0,0.0,0.0,211.25,0.0,211.25,1550.8,378.1,0,0,0,0.0,0,F1,475,,,,,
2026-02-18,2026-02-18,FO,NSE,STO,78728,,ADANIPORTS,,2026-04-28,2026-04-28,1200.0,PE,ADANIPORTS26APR1200PE,0.0,0.0,0.0,28.65,0.0,28.65,1550.8,2.1,0,0,0,0.0,0,F1,475,,,,,
2026-02-18,2026-02-18,FO,NSE,STO,78592,,ADANIPORTS,,2026-03-30,2026-03-30,1340.0,CE,ADANIPORTS26MAR1340CE,220.0,220.0,220.0,220.0,220.0,101.25,1550.8,224.2,475,475,1,741000.0,1,F1,475,,,,,
2026-02-18,2026-02-18,FO,NSE,STO,70677,,ADANIPORTS,,2026-02-24,2026-02-24,1320.0,PE,ADANIPORTS26FEB1320PE,0.8,0.9,0.6,0.7,0.8,0.8,1550.8,0.7,263150,-38950,240,150564763.75,154,F1,475,,,,,
2026-02-18,2026-02-18,FO,NSE,STO,61511,,ADANIPORTS,,2026-03-30,2026-03-30,1760.0,CE,ADANIPORTS26MAR1760CE,7.1,7.15,5.85,6.05,6.05,8.75,1550.8,6.05,498750,9500,157,131733626.25,133,F1,475,,,,,
2026-02-18,2026-02-18,FO,NSE,STO,78716,,ADANIPORTS,,2026-04-28,2026-04-28,1120.0,CE,ADANIPORTS26APR1120CE,0.0,0.0,0.0,274.65,0.0,274.65,1550.8,442.9,0,0,0,0.0,0,F1,475,,,,,
2026-02-18,2026-02-18,FO,NSE,STO,78731,,ADANIPORTS,,2026-04-28,2026-04-28,1240.0,CE,ADANIPORTS26APR1240CE,0.0,0.0,0.0,182.3,0.0,182.3,1550.8,327.5,0,0,0,0.0,0,F1,475,,,,,
2026-02-18,2026-02-18,FO,NSE,STO,78805,,ADANIPORTS,,2026-04-28,2026-04-28,1760.0,CE,ADANIPORTS26APR1760CE,0.0,0.0,0.0,12.55,0.0,12.55,1550.8,26.45,0,0,0,0.0,0,F1,475,,,,,
2026-02-18,2026-02-18,FO,NSE,STO,70586,,ADANIPORTS,,2026-02-24,2026-02-24,1120.0,PE,ADANIPORTS26FEB1120PE,0.15,0.2,0.1,0.1,0.1,0.25,1550.8,0.1,61275,-1425,13,6917092.5,12,F1,475,,,,,
2026-02-18,2026-02-18,FO,NSE,STO,59818,,ADANIPORTS,,2026-02-24,2026-02-24,1140.0,PE,ADANIPORTS26FEB1140PE,0.25,0.25,0.25,0.25,0.25,0.25,1550.8,0.25,9025,-950,2,1083237.5,2,F1,475,,,,,
2026-02-18,2026-02-18,FO,NSE,STO,70590,,ADANIPORTS,,2026-02-24,2026-02-24,1160.0,PE,ADANIPORTS26FEB1160PE,0.25,0.25,0.1,0.15,0.1,0.3,1550.8,0.15,55575,-2375,14,7715211.25,12,F1,475,,,,,
2026-02-18,2026-02-18,FO,NSE,STO,70679,,ADANIPORTS,,2026-02-24,2026-02-24,1360.0,PE,ADANIPORTS26FEB1360PE,0.75,0.85,0.6,0.7,0.7,0.9,1550.8,0.7,168150,-21375,113,73037852.5,94,F1,475,,,,,
2026-02-18,2026-02-18,FO,NSE,STO,78449,,ADANIPORTS,,2026-03-30,2026-03-30,1220.0,PE,ADANIPORTS26MAR1220PE,0.0,0.0,0.0,22.95,0.0,22.95,1550.8,0.55,0,0,0,0.0,0,F1,475,,,,,
2026-02-18,2026-02-18,FO,NSE,STO,61270,,ADANIPORTS,,2026-03-30,2026-03-30,1280.0,PE,ADANIPORTS26MAR1280PE,0.0,0.0,0.0,3.0,3.0,3.0,1550.8,1.9,2850,0,0,0.0,0,F1,475,,,,,
2026-02-18,2026-02-18,FO,NSE,STO,61303,,ADANIPORTS,,2026-03-30,2026-03-30,1320.0,PE,ADANIPORTS26MAR1320PE,5.35,5.35,2.6,2.85,3.2,5.5,1550.8,2.85,5700,-475,5,3144096.25,4,F1,475,,,,,
2026-02-18,2026-02-18,FO,NSE,STO,78604,,ADANIPORTS,,2026-03-30,2026-03-30,1500.0,PE,ADANIPORTS26MAR1500PE,25.95,29.1,22.5,22.85,23.6,23.7,1550.8,22.85,174325,9975,259,187712566.25,208,F1,475,,,,,
2026-02-18,2026-02-18,FO,NSE,STO,61504,,ADANIPORTS,,2026-03-30,2026-03-30,1680.0,PE,ADANIPORTS26MAR1680PE,0.0,0.0,0.0,232.85,0.0,232.85,1550.8,144.05,0,0,0,0.0,0,F1,475,,,,,
2026-02-18,2026-02-18,FO,NSE,STO,78718,,ADANIPORTS,,2026-04-28,2026-04-28,1120.0,PE,ADANIPORTS26APR1120PE,0.0,0.0,0.0,13.6,0.0,13.6,1550.8,0.5,0,0,0,0.0,0,F1,475,,,,,
2026-02-18,2026-02-18,FO,NSE,STF,59202,,ADANIPORTS,,2026-02-24,2026-02-24,,,ADANIPORTS26FEBFUT,1573.0,1573.0,1541.5,1553.7,1551.3,1565.9,1550.8,1553.7,19172900,-504450,4918,3622190162.5,3583,F1,475,,,,,
2026-02-18,2026-02-18,FO,NSE,STO,59988,,ADANIPORTS,,2026-02-24,2026-02-24,1460.0,CE,ADANIPORTS26FEB1460CE,90.0,95.55,84.25,94.25,92.2,106.8,1550.8,94.25,587100,-57000,243,178804796.25,128,F1,475,,,,,
2026-02-18,2026-02-18,FO,NSE,STO,60004,,ADANIPORTS,,2026-02-24,2026-02-24,1660.0,CE,ADANIPORTS26FEB1660CE,2.5,2.5,0.8,0.9,0.9,2.55,1550.8,0.9,203300,-6175,441,347965216.25,309,F1,475,,,,,
2026-02-18,2026-02-18,FO,NSE,STO,78597,,ADANIPORTS,,2026-03-30,2026-03-30,1420.0,CE,ADANIPORTS26MAR1420CE,0.0,0.0,0.0,64.25,0.0,64.25,1550.8,155.8,0,0,0,0.0,0,F1,475,,,,,
2026-02-18,2026-02-18,FO,NSE,STO,78513,,ADANIPORTS,,2026-03-30,2026-03-30,1300.0,CE,ADANIPORTS26MAR1300CE,0.0,0.0,0.0,266.0,266.0,266.0,1550.8,261.35,475,0,0,0.0,0,F1,475,,,,,
2026-02-18,2026-02-18,FO,NSE,STO,59831,,ADANIPORTS,,2026-02-24,2026-02-24,1300.0,PE,ADANIPORTS26FEB1300PE,0.85,1.1,0.4,0.6,0.75,0.8,1550.8,0.6,319200,-13300,170,105026418.75,112,F1,475,,,,,
2026-02-18,2026-02-18,FO,NSE,STO,70702,,ADANIPORTS,,2026-02-24,2026-02-24,1560.0,PE,ADANIPORTS26FEB1560PE,24.45,33.8,21.85,23.2,24.3,22.25,1550.8,23.2,306375,-28975,1447,1091535275.0,1234,F1,475,,,,,
2026-02-18,2026-02-18,FO,NSE,STO,60002,,ADANIPORTS,,2026-02-24,2026-02-24,1620.0,PE,ADANIPORTS26FEB1620PE,72.1,80.4,67.55,67.95,67.95,61.2,1550.8,67.95,30400,475,61,49086001.25,57,F1,475,,,,,
2026-02-18,2026-02-18,FO,NSE,STO,78514,,ADANIPORTS,,2026-03-30,2026-03-30,1300.0,PE,ADANIPORTS26MAR1300PE,3.85,3.85,2.65,2.75,2.7,3.3,1550.8,2.75,104025,1425,25,15473528.75,22,F1,475,,,,,
2026-02-18,2026-02-18,FO,NSE,STO,61359,,ADANIPORTS,,2026-03-30,2026-03-30,1360.0,PE,ADANIPORTS26MAR1360PE,8.8,8.8,8.8,8.8,8.8,5.5,1550.8,7.3,40375,475,1,650180.0,1,F1,475,,,,,
2026-02-18,2026-02-18,FO,NSE,STO,78598,,ADANIPORTS,,2026-03-30,2026-03-30,1420.0,PE,ADANIPORTS26MAR1420PE,11.4,11.45,8.55,8.75,9.0,9.8,1550.8,8.75,32300,6650,34,23090106.25,31,F1,475,,,,,
2026-02-18,2026-02-18,FO,NSE,STO,78603,,ADANIPORTS,,2026-03-30,2026-03-30,1500.0,CE,ADANIPORTS26MAR1500CE,88.0,88.45,81.4,87.2,86.2,101.0,1550.8,87.2,86925,6175,97,73031843.75,82,F1,475,,,,,
2026-02-18,2026-02-18,FO,NSE,STO,78608,,ADANIPORTS,,2026-03-30,2026-03-30,1580.0,PE,ADANIPORTS26MAR1580PE,64.0,64.5,55.65,55.65,55.65,54.85,1550.8,76.9,12825,475,3,2338971.25,3,F1,475,,,,,
2026-02-18,2026-02-18,FO,NSE,STO,78759,,ADANIPORTS,,2026-04-28,2026-04-28,1360.0,PE,ADANIPORTS26APR1360PE,0.0,0.0,0.0,86.55,0.0,86.55,1550.8,16.65,0,0,0,0.0,0,F1,475,,,,,
2026-02-18,2026-02-18,FO,NSE,STF,51734,,ADANIPORTS,,2026-03-30,2026-03-30,,,ADANIPORTS26MARFUT,1576.0,1576.0,1550.3,1563.2,1561.7,1576.0,1550.8,1563.2,2246750,1024575,3292,2440834192.5,2243,F1,475,,,,,
2026-02-18,2026-02-18,FO,NSE,STO,70767,,ADANIPORTS,,2026-02-24,2026-02-24,1720.0,CE,ADANIPORTS26FEB1720CE,0.4,0.5,0.25,0.35,0.35,0.55,1550.8,0.35,123975,-1900,41,33504647.5,25,F1,475,,,,,
2026-02-18,2026-02-18,FO,NSE,STO,61257,,ADANIPORTS,,2026-03-30,2026-03-30,1240.0,CE,ADANIPORTS26MAR1240CE,0.0,0.0,0.0,258.75,0.0,258.75,1550.8,319.1,0,0,0,0.0,0,F1,475,,,,,
2026-02-18,2026-02-18,FO,NSE,STO,61565,,ADANIPORTS,,2026-03-30,2026-03-30,1800.0,PE,ADANIPORTS26MAR1800PE,0.0,0.0,0.0,331.85,0.0,331.85,1550.8,245.9,0,0,0,0.0,0,F1,475,,,,,
2026-02-18,2026-02-18,FO,NSE,STO,78666,,ADANIPORTS,,2026-03-30,2026-03-30,1740.0,PE,ADANIPORTS26MAR1740PE,0.0,0.0,0.0,364.05,0.0,364.05,1550.8,192.8,0,0,0,0.0,0,F1,475,,,,,
2026-02-18,2026-02-18,FO,NSE,STO,61369,,ADANIPORTS,,2026-03-30,2026-03-30,1480.0,PE,ADANIPORTS26MAR1480PE,20.15,23.25,17.75,18.15,18.3,18.7,1550.8,18.15,49400,9025,43,30640991.25,36,F1,475,,,,,
2026-02-18,2026-02-18,FO,NSE,STO,70683,,ADANIPORTS,,2026-02-24,2026-02-24,1440.0,PE,ADANIPORTS26FEB1440PE,1.7,2.25,1.05,1.2,1.25,1.6,1550.8,1.2,328225,-2375,328,224610590.0,234,F1,475,,,,,
2026-02-18,2026-02-18,FO,NSE,STO,59987,,ADANIPORTS,,2026-02-24,2026-02-24,1420.0,PE,ADANIPORTS26FEB1420PE,1.55,1.75,0.8,0.95,1.1,1.35,1550.8,0.95,133000,-6650,355,239623535.0,246,F1,475,,,,,
2026-02-18,2026-02-18,FO,NSE,STO,61163,,ADANIPORTS,,2026-03-30,2026-03-30,1160.0,PE,ADANIPORTS26MAR1160PE,0.0,0.0,0.0,8.55,0.0,8.55,1550.8,0.1,0,0,0,0.0,0,F1,475,,,,,
2026-02-18,2026-02-18,FO,NSE,STO,70681,,ADANIPORTS,,2026-02-24,2026-02-24,1400.0,PE,ADANIPORTS26FEB1400PE,1.2,1.45,0.8,0.9,0.9,1.2,1550.8,0.9,744800,-67925,324,215614565.0,228,F1,475,,,,,
2026-02-18,2026-02-18,FO,NSE,STO,78760,,ADANIPORTS,,2026-04-28,2026-04-28,1400.0,CE,ADANIPORTS26APR1400CE,0.0,0.0,0.0,92.7,0.0,92.7,1550.8,189.95,0,0,0,0.0,0,F1,475,,,,,
2026-02-18,2026-02-18,FO,NSE,STO,78758,,ADANIPORTS,,2026-04-28,2026-04-28,1360.0,CE,ADANIPORTS26APR1360CE,0.0,0.0,0.0,111.3,0.0,111.3,1550.8,221.5,0,0,0,0.0,0,F1,475,,,,,
2026-02-18,2026-02-18,FO,NSE,STO,78756,,ADANIPORTS,,2026-04-28,2026-04-28,1320.0,CE,ADANIPORTS26APR1320CE,0.0,0.0,0.0,132.4,0.0,132.4,1550.8,255.2,0,0,0,0.0,0,F1,475,,,,,
2026-02-18,2026-02-18,FO,NSE,STO,78611,,ADANIPORTS,,2026-03-30,2026-03-30,1660.0,CE,ADANIPORTS26MAR1660CE,19.0,19.0,16.0,16.35,16.3,23.25,1550.8,16.35,44175,6650,54,43029181.25,37,F1,475,,,,,
2026-02-18,2026-02-18,FO,NSE,STO,78406,,ADANIPORTS,,2026-03-30,2026-03-30,1140.0,CE,ADANIPORTS26MAR1140CE,0.0,0.0,0.0,245.15,0.0,245.15,1550.8,417.7,0,0,0,0.0,0,F1,475,,,,,
2026-02-18,2026-02-18,FO,NSE,STO,60010,,ADANIPORTS,,2026-02-24,2026-02-24,1740.0,CE,ADANIPORTS26FEB1740CE,0.3,0.35,0.3,0.35,0.35,0.55,1550.8,0.05,29925,475,3,2479951.25,3,F1,475,,,,,
2026-02-18,2026-02-18,FO,NSE,STO,59995,,ADANIPORTS,,2026-02-24,2026-02-24,1540.0,CE,ADANIPORTS26FEB1540CE,35.0,36.0,23.2,26.4,25.8,40.0,1550.8,26.4,597075,28025,2478,1844126676.25,2072,F1,475,,,,,
2026-02-18,2026-02-18,FO,NSE,STO,78797,,ADANIPORTS,,2026-04-28,2026-04-28,1680.0,CE,ADANIPORTS26APR1680CE,0.0,0.0,0.0,20.55,0.0,20.55,1550.8,44.9,0,0,0,0.0,0,F1,475,,,,,
2026-02-18,2026-02-18,FO,NSE,STO,70772,,ADANIPORTS,,2026-02-24,2026-02-24,1760.0,PE,ADANIPORTS26FEB1760PE,0.0,0.0,0.0,283.1,0.0,283.1,1550.8,207.65,0,0,0,0.0,0,F1,475,,,,,
2026-02-18,2026-02-18,FO,NSE,STO,70760,,ADANIPORTS,,2026-02-24,2026-02-24,1640.0,PE,ADANIPORTS26FEB1640PE,90.2,99.05,88.4,89.5,89.5,79.1,1550.8,90.55,12825,1425,31,25523198.75,31,F1,475,,,,,
2026-02-18,2026-02-18,FO,NSE,STO,59875,,ADANIPORTS,,2026-02-24,2026-02-24,1380.0,PE,ADANIPORTS26FEB1380PE,0.95,0.95,0.65,0.8,0.75,0.95,1550.8,0.8,167675,-5700,92,60340366.25,76,F1,475,,,,,
2026-02-18,2026-02-18,FO,NSE,STO,59863,,ADANIPORTS,,2026-02-24,2026-02-24,1340.0,PE,ADANIPORTS26FEB1340PE,0.7,0.85,0.55,0.65,0.65,0.75,1550.8,0.65,155325,-19950,114,72596838.75,102,F1,475,,,,,
2026-02-18,2026-02-18,FO,NSE,STO,78793,,ADANIPORTS,,2026-04-28,2026-04-28,1600.0,CE,ADANIPORTS26APR1600CE,0.0,0.0,0.0,32.85,0.0,32.85,1550.8,72.45,0,0,0,0.0,0,F1,475,,,,,
2026-02-18,2026-02-18,FO,NSE,STO,78727,,ADANIPORTS,,2026-04-28,2026-04-28,1200.0,CE,ADANIPORTS26APR1200CE,0.0,0.0,0.0,210.9,0.0,210.9,1550.8,365.3,0,0,0,0.0,0,F1,475,,,,,
2026-02-18,2026-02-18,FO,NSE,STO,61561,,ADANIPORTS,,2026-03-30,2026-03-30,1800.0,CE,ADANIPORTS26MAR1800CE,5.95,5.95,3.9,4.15,4.15,6.0,1550.8,4.15,94525,8075,82,70286676.25,64,F1,475,,,,,
2026-02-18,2026-02-18,FO,NSE,STO,78607,,ADANIPORTS,,2026-03-30,2026-03-30,1580.0,CE,ADANIPORTS26MAR1580CE,42.2,43.0,39.0,40.85,40.45,51.4,1550.8,40.85,53675,22325,95,73148741.25,74,F1,475,,,,,
2026-02-18,2026-02-18,FO,NSE,STO,61362,,ADANIPORTS,,2026-03-30,2026-03-30,1440.0,CE,ADANIPORTS26MAR1440CE,0.0,0.0,0.0,120.0,120.0,120.0,1550.8,140.4,15200,0,0,0.0,0,F1,475,,,,,
2026-02-18,2026-02-18,FO,NSE,STO,78806,,ADANIPORTS,,2026-04-28,2026-04-28,1760.0,PE,ADANIPORTS26APR1760PE,0.0,0.0,0.0,381.7,0.0,381.7,1550.8,217.45,0,0,0,0.0,0,F1,475,,,,,
2026-02-18,2026-02-18,FO,NSE,STO,60218,,ADANIPORTS,,2026-03-30,2026-03-30,1120.0,PE,ADANIPORTS26MAR1120PE,0.0,0.0,0.0,5.35,0.0,5.35,1550.8,0.05,0,0,0,0.0,0,F1,475,,,,,
2026-02-18,2026-02-18,FO,NSE,STO,59827,,ADANIPORTS,,2026-02-24,2026-02-24,1260.0,PE,ADANIPORTS26FEB1260PE,0.6,0.65,0.45,0.45,0.45,0.7,1550.8,0.05,70300,5225,28,16765243.75,18,F1,475,,,,,
2026-02-18,2026-02-18,FO,NSE,STO,78811,,ADANIPORTS,,2026-04-28,2026-04-28,1840.0,CE,ADANIPORTS26APR1840CE,0.0,0.0,0.0,7.45,0.0,7.45,1550.8,14.85,0,0,0,0.0,0,F1,475,,,,,
2026-02-18,2026-02-18,FO,NSE,STO,70598,,ADANIPORTS,,2026-02-24,2026-02-24,1200.0,PE,ADANIPORTS26FEB1200PE,0.5,0.55,0.35,0.35,0.35,0.45,1550.8,0.05,225625,-4750,19,10833800.0,16,F1,475,,,,,
2026-02-18,2026-02-18,FO,NSE,STO,70691,,ADANIPORTS,,2026-02-24,2026-02-24,1520.0,PE,ADANIPORTS26FEB1520PE,9.3,14.55,7.35,8.0,8.4,9.3,1550.8,8.0,791825,8550,1811,1317248838.75,1526,F1,475,,,,,
2026-02-18,2026-02-18,FO,NSE,STO,70763,,ADANIPORTS,,2026-02-24,2026-02-24,1680.0,PE,ADANIPORTS26FEB1680PE,128.15,133.2,128.15,133.2,133.2,131.1,1550.8,128.4,5700,-1425,3,2580033.75,3,F1,475,,,,,
2026-02-18,2026-02-18,FO,NSE,STO,78600,,ADANIPORTS,,2026-03-30,2026-03-30,1460.0,PE,ADANIPORTS26MAR1460PE,17.2,18.55,14.2,14.45,14.5,14.9,1550.8,14.45,86925,11875,67,46999278.75,54,F1,475,,,,,
2026-02-18,2026-02-18,FO,NSE,STO,61477,,ADANIPORTS,,2026-03-30,2026-03-30,1640.0,PE,ADANIPORTS26MAR1640PE,0.0,0.0,0.0,202.55,0.0,202.55,1550.8,114.8,0,0,0,0.0,0,F1,475,,,,,
2026-02-18,2026-02-18,FO,NSE,STO,78732,,ADANIPORTS,,2026-04-28,2026-04-28,1240.0,PE,ADANIPORTS26APR1240PE,0.0,0.0,0.0,39.45,0.0,39.45,1550.8,3.85,0,0,0,0.0,0,F1,475,,,,,
2026-02-18,2026-02-18,FO,NSE,STO,78757,,ADANIPORTS,,2026-04-28,2026-04-28,1320.0,PE,ADANIPORTS26APR1320PE,0.0,0.0,0.0,68.3,0.0,68.3,1550.8,10.75,0,0,0,0.0,0,F1,475,,,,,
2026-02-18,2026-02-18,FO,NSE,STO,70589,,ADANIPORTS,,2026-02-24,2026-02-24,1160.0,CE,ADANIPORTS26FEB1160CE,0.0,0.0,0.0,218.0,218.0,218.0,1550.8,391.85,0,0,0,0.0,0,F1,475,,,,,
2026-02-18,2026-02-18,FO,NSE,STO,61419,,ADANIPORTS,,2026-03-30,2026-03-30,1560.0,PE,ADANIPORTS26MAR1560PE,51.75,54.0,45.05,45.9,46.8,44.95,1550.8,45.9,16150,3800,26,19878488.75,24,F1,475,,,,,
2026-02-18,2026-02-18,FO,NSE,STO,61560,,ADANIPORTS,,2026-03-30,2026-03-30,1760.0,PE,ADANIPORTS26MAR1760PE,0.0,0.0,0.0,297.6,0.0,297.6,1550.8,210.1,0,0,0,0.0,0,F1,475,,,,,
2026-02-18,2026-02-18,FO,NSE,STO,78798,,ADANIPORTS,,2026-04-28,2026-04-28,1680.0,PE,ADANIPORTS26APR1680PE,0.0,0.0,0.0,310.95,0.0,310.95,1550.8,156.75,0,0,0,0.0,0,F1,475,,,,,
2026-02-18,2026-02-18,FO,NSE,STO,70682,,ADANIPORTS,,2026-02-24,2026-02-24,1440.0,CE,ADANIPORTS26FEB1440CE,109.0,116.05,104.8,112.3,112.3,123.8,1550.8,112.95,261725,-6175,29,21366236.25,27,F1,475,,,,,
2026-02-18,2026-02-18,FO,NSE,STO,78595,,ADANIPORTS,,2026-03-30,2026-03-30,1380.0,CE,ADANIPORTS26MAR1380CE,0.0,0.0,0.0,64.0,64.0,64.0,1550.8,188.85,0,0,0,0.0,0,F1,475,,,,,
2026-02-18,2026-02-18,FO,NSE,STO,61360,,ADANIPORTS,,2026-03-30,2026-03-30,1400.0,CE,ADANIPORTS26MAR1400CE,165.0,169.0,165.0,168.0,168.0,190.0,1550.8,172.0,23750,1425,5,3723905.0,4,F1,475,,,,,
2026-02-18,2026-02-18,FO,NSE,STO,78599,,ADANIPORTS,,2026-03-30,2026-03-30,1460.0,CE,ADANIPORTS26MAR1460CE,110.0,110.0,110.0,110.0,110.0,129.9,1550.8,125.75,6650,475,1,745750.0,1,F1,475,,,,,
2026-02-18,2026-02-18,FO,NSE,STO,78761,,ADANIPORTS,,2026-04-28,2026-04-28,1400.0,PE,ADANIPORTS26APR1400PE,0.0,0.0,0.0,107.4,0.0,107.4,1550.8,24.65,0,0,0,0.0,0,F1,475,,,,,
2026-02-18,2026-02-18,FO,NSE,STO,78755,,ADANIPORTS,,2026-04-28,2026-04-28,1280.0,PE,ADANIPORTS26APR1280PE,0.0,0.0,0.0,52.55,0.0,52.55,1550.8,6.6,0,0,0,0.0,0,F1,475,,,,,
2026-02-18,2026-02-18,FO,NSE,STO,78610,,ADANIPORTS,,2026-03-30,2026-03-30,1620.0,PE,ADANIPORTS26MAR1620PE,0.0,0.0,0.0,255.4,0.0,255.4,1550.8,101.3,0,0,0,0.0,0,F1,475,,,,,
2026-02-18,2026-02-18,FO,NSE,STO,59996,,ADANIPORTS,,2026-02-24,2026-02-24,1540.0,PE,ADANIPORTS26FEB1540PE,15.9,22.5,13.0,13.65,14.4,14.5,1550.8,13.65,515850,-20425,3598,2663283508.75,2928,F1,475,,,,,
2026-02-18,2026-02-18,FO,NSE,STO,59993,,ADANIPORTS,,2026-02-24,2026-02-24,1500.0,PE,ADANIPORTS26FEB1500PE,5.9,9.05,4.15,4.5,4.85,5.7,1550.8,4.5,1245925,14250,2480,1775066165.0,1814,F1,475,,,,,
2026-02-18,2026-02-18,FO,NSE,STO,78795,,ADANIPORTS,,2026-04-28,2026-04-28,1640.0,CE,ADANIPORTS26APR1640CE,0.0,0.0,0.0,26.05,0.0,26.05,1550.8,57.4,0,0,0,0.0,0,F1,475,,,,,
2026-02-18,2026-02-18,FO,NSE,STO,78796,,ADANIPORTS,,2026-04-28,2026-04-28,1640.0,PE,ADANIPORTS26APR1640PE,0.0,0.0,0.0,277.05,0.0,277.05,1550.8,129.65,0,0,0,0.0,0,F1,475,,,,,
2026-02-18,2026-02-18,FO,NSE,STO,61363,,ADANIPORTS,,2026-03-30,2026-03-30,1440.0,PE,ADANIPORTS26MAR1440PE,14.2,14.7,10.8,10.85,10.8,12.25,1550.8,10.85,98325,2375,44,30368602.5,41,F1,475,,,,,
2026-02-18,2026-02-18,FO,NSE,STO,85932,,BAJAJFINSV,,2026-03-30,2026-03-30,1780.0,PE,BAJAJFINSV26MAR1780PE,0.0,0.0,0.0,27.25,0.0,27.25,2060.6,1.2,0,0,0,0.0,0,F1,250,,,,,
2026-02-18,2026-02-18,FO,NSE,STO,73109,,BAJAJFINSV,,2026-02-24,2026-02-24,1700.0,PE,BAJAJFINSV26FEB1700PE,0.15,0.15,0.15,0.15,0.15,0.25,2060.6,0.05,11250,-1250,5,2125187.5,2,F1,250,,,,,
2026-02-18,2026-02-18,FO,NSE,STO,86137,,BAJAJFINSV,,2026-04-28,2026-04-28,2320.0,CE,BAJAJFINSV26APR2320CE,0.0,0.0,0.0,13.75,0.0,13.75,2060.6,15.15,0,0,0,0.0,0,F1,250,,,,,
2026-02-18,2026-02-18,FO,NSE,STO,86131,,BAJAJFINSV,,2026-04-28,2026-04-28,2240.0,CE,BAJAJFINSV26APR2240CE,0.0,0.0,0.0,22.6,0.0,22.6,2060.6,28.55,0,0,0,0.0,0,F1,250,,,,,
2026-02-18,2026-02-18,FO,NSE,STO,86077,,BAJAJFINSV,,2026-04-28,2026-04-28,1800.0,CE,BAJAJFINSV26APR1800CE,0.0,0.0,0.0,189.65,0.0,189.65,2060.6,285.25,0,0,0,0.0,0,F1,250,,,,,
2026-02-18,2026-02-18,FO,NSE,STO,85968,,BAJAJFINSV,,2026-03-30,2026-03-30,2300.0,CE,BAJAJFINSV26MAR2300CE,5.0,5.5,3.85,4.05,4.05,5.0,2060.6,4.05,19000,15500,114,65688125.0,68,F1,250,,,,,
2026-02-18,2026-02-18,FO,NSE,STO,73153,,BAJAJFINSV,,2026-02-24,2026-02-24,2100.0,PE,BAJAJFINSV26FEB2100PE,52.0,55.85,42.55,44.7,43.95,58.45,2060.6,44.7,74000,-18500,583,312922400.0,508,F1,250,,,,,
2026-02-18,2026-02-18,FO,NSE,STO,73255,,BAJAJFINSV,,2026-03-30,2026-03-30,2320.0,PE,BAJAJFINSV26MAR2320PE,0.0,0.0,0.0,291.05,0.0,291.05,2060.6,250.45,0,0,0,0.0,0,F1,250,,,,,
2026-02-18,2026-02-18,FO,NSE,STO,85955,,BAJAJFINSV,,2026-03-30,2026-03-30,2100.0,PE,BAJAJFINSV26MAR2100PE,70.0,72.35,63.65,65.25,64.5,75.35,2060.6,65.25,48750,40000,225,121826787.5,169,F1,250,,,,,
2026-02-18,2026-02-18,FO,NSE,STF,59254,,BAJAJFINSV,,2026-02-24,2026-02-24,,,BAJAJFINSV26FEBFUT,2046.5,2067.2,2044.9,2059.2,2059.0,2047.0,2060.6,2059.2,11720750,-310750,4574,2353276425.0,3679,F1,250,,,,,
2026-02-18,2026-02-18,FO,NSE,STO,77261,,BAJAJFINSV,,2026-02-24,2026-02-24,1920.0,CE,BAJAJFINSV26FEB1920CE,0.0,0.0,0.0,128.25,127.35,128.25,2060.6,142.45,55250,0,0,0.0,0,F1,250,,,,,
2026-02-18,2026-02-18,FO,NSE,STO,77263,,BAJAJFINSV,,2026-02-24,2026-02-24,1960.0,CE,BAJAJFINSV26FEB1960CE,95.7,106.0,90.15,98.0,98.0,90.65,2060.6,98.0,235000,-750,16,8227437.5,16,F1,250,,,,,
2026-02-18,2026-02-18,FO,NSE,STO,77265,,BAJAJFINSV,,2026-02-24,2026-02-24,2000.0,CE,BAJAJFINSV26FEB2000CE,50.0,69.0,49.95,60.75,61.75,53.3,2060.6,60.75,468000,-45000,1363,702046237.5,1139,F1,250,,,,,
2026-02-18,2026-02-18,FO,NSE,STO,77305,,BAJAJFINSV,,2026-02-24,2026-02-24,2320.0,CE,BAJAJFINSV26FEB2320CE,0.2,0.2,0.2,0.2,0.2,0.2,2060.6,0.05,15250,-250,1,580050.0,1,F1,250,,,,,
2026-02-18,2026-02-18,FO,NSE,STO,85954,,BAJAJFINSV,,2026-03-30,2026-03-30,2100.0,CE,BAJAJFINSV26MAR2100CE,37.95,44.45,34.45,38.65,38.0,37.95,2060.6,38.65,125750,16250,730,390653950.0,471,F1,250,,,,,
2026-02-18,2026-02-18,FO,NSE,STO,73248,,BAJAJFINSV,,2026-03-30,2026-03-30,2200.0,CE,BAJAJFINSV26MAR2200CE,16.45,16.45,11.75,12.75,12.7,13.5,2060.6,12.75,42500,10000,112,61988887.5,85,F1,250,,,,,
2026-02-18,2026-02-18,FO,NSE,STO,73244,,BAJAJFINSV,,2026-03-30,2026-03-30,2120.0,CE,BAJAJFINSV26MAR2120CE,35.05,36.0,28.2,30.75,30.75,31.3,2060.6,30.75,13750,-2000,120,64573062.5,63,F1,250,,,,,
2026-02-18,2026-02-18,FO,NSE,STO,73241,,BAJAJFINSV,,2026-03-30,2026-03-30,2080.0,CE,BAJAJFINSV26MAR2080CE,48.7,53.25,43.35,46.6,46.3,45.25,2060.6,46.6,17000,4750,50,26626212.5,45,F1,250,,,,,
2026-02-18,2026-02-18,FO,NSE,STO,73219,,BAJAJFINSV,,2026-03-30,2026-03-30,1720.0,CE,BAJAJFINSV26MAR1720CE,345.05,354.5,324.0,354.0,354.0,343.9,2060.6,351.25,4500,4500,24,12391062.5,16,F1,250,,,,,
2026-02-18,2026-02-18,FO,NSE,STO,77297,,BAJAJFINSV,,2026-02-24,2026-02-24,2160.0,CE,BAJAJFINSV26FEB2160CE,1.3,2.0,0.9,0.95,0.9,1.4,2060.6,0.95,102000,-10000,717,387427800.0,377,F1,250,,,,,
2026-02-18,2026-02-18,FO,NSE,STO,77267,,BAJAJFINSV,,2026-02-24,2026-02-24,2040.0,CE,BAJAJFINSV26FEB2040CE,26.9,35.65,20.6,26.15,26.6,24.95,2060.6,26.15,680250,-152250,6166,3189424087.5,5016,F1,250,,,,,
2026-02-18,2026-02-18,FO,NSE,STO,73146,,BAJAJFINSV,,2026-02-24,2026-02-24,1980.0,CE,BAJAJFINSV26FEB1980CE,77.25,87.25,73.25,79.6,80.5,70.3,2060.6,79.6,377500,-1250,86,44313462.5,83,F1,250,,,,,
2026-02-18,2026-02-18,FO,NSE,STO,73112,,BAJAJFINSV,,2026-02-24,2026-02-24,1740.0,CE,BAJAJFINSV26FEB1740CE,0.0,0.0,0.0,308.8,0.0,308.8,2060.6,322.15,0,0,0,0.0,0,F1,250,,,,,
2026-02-18,2026-02-18,FO,NSE,STO,86136,,BAJAJFINSV,,2026-04-28,2026-04-28,2280.0,PE,BAJAJFINSV26APR2280PE,0.0,0.0,0.0,345.1,0.0,345.1,2060.6,216.8,0,0,0,0.0,0,F1,250,,,,,
2026-02-18,2026-02-18,FO,NSE,STO,77264,,BAJAJFINSV,,2026-02-24,2026-02-24,1960.0,PE,BAJAJFINSV26FEB1960PE,2.55,2.6,1.25,1.3,1.3,2.85,2060.6,1.3,116000,-13500,868,425703775.0,382,F1,250,,,,,
2026-02-18,2026-02-18,FO,NSE,STO,77310,,BAJAJFINSV,,2026-02-24,2026-02-24,2400.0,PE,BAJAJFINSV26FEB2400PE,343.0,343.9,337.85,337.85,337.85,347.5,2060.6,337.85,15750,-41500,188,128889475.0,46,F1,250,,,,,
2026-02-18,2026-02-18,FO,NSE,STO,77256,,BAJAJFINSV,,2026-02-24,2026-02-24,1800.0,PE,BAJAJFINSV26FEB1800PE,0.35,0.45,0.25,0.3,0.3,0.65,2060.6,0.3,213500,-750,181,81465425.0,89,F1,250,,,,,
2026-02-18,2026-02-18,FO,NSE,STO,73246,,BAJAJFINSV,,2026-03-30,2026-03-30,2160.0,CE,BAJAJFINSV26MAR2160CE,23.9,24.0,18.05,20.15,20.4,20.5,2060.6,20.15,13750,9250,64,34909737.5,56,F1,250,,,,,
2026-02-18,2026-02-18,FO,NSE,STO,77299,,BAJAJFINSV,,2026-02-24,2026-02-24,2200.0,CE,BAJAJFINSV26FEB2200CE,0.9,1.0,0.4,0.5,0.45,0.8,2060.6,0.5,542500,-96750,1115,613445587.5,408,F1,250,,,,,
2026-02-18,2026-02-18,FO,NSE,STO,85930,,BAJAJFINSV,,2026-03-30,2026-03-30,1780.0,CE,BAJAJFINSV26MAR1780CE,0.0,0.0,0.0,183.55,0.0,183.55,2060.6,292.5,0,0,0,0.0,0,F1,250,,,,,
2026-02-18,2026-02-18,FO,NSE,STO,73239,,BAJAJFINSV,,2026-03-30,2026-03-30,2040.0,CE,BAJAJFINSV26MAR2040CE,66.85,75.15,63.15,68.45,68.0,65.05,2060.6,68.45,16250,-250,48,25317862.5,41,F1,250,,,,,
2026-02-18,2026-02-18,FO,NSE,STO,85956,,BAJAJFINSV,,2026-03-30,2026-03-30,2140.0,CE,BAJAJFINSV26MAR2140CE,0.0,0.0,0.0,27.0,27.0,27.0,2060.6,35.4,500,0,0,0.0,0,F1,250,,,,,
2026-02-18,2026-02-18,FO,NSE,STO,86090,,BAJAJFINSV,,2026-04-28,2026-04-28,2000.0,PE,BAJAJFINSV26APR2000PE,0.0,0.0,0.0,134.05,0.0,134.05,2060.6,45.85,0,0,0,0.0,0,F1,250,,,,,
2026-02-18,2026-02-18,FO,NSE,STO,86088,,BAJAJFINSV,,2026-04-28,2026-04-28,1960.0,PE,BAJAJFINSV26APR1960PE,0.0,0.0,0.0,111.4,0.0,111.4,2060.6,33.05,0,0,0,0.0,0,F1,250,,,,,
2026-02-18,2026-02-18,FO,NSE,STO,86080,,BAJAJFINSV,,2026-04-28,2026-04-28,1840.0,PE,BAJAJFINSV26APR1840PE,0.0,0.0,0.0,57.6,0.0,57.6,2060.6,9.85,0,0,0,0.0,0,F1,250,,,,,
2026-02-18,2026-02-18,FO,NSE,STO,73251,,BAJAJFINSV,,2026-03-30,2026-03-30,2240.0,PE,BAJAJFINSV26MAR2240PE,0.0,0.0,0.0,182.5,182.5,182.5,2060.6,178.85,1000,0,0,0.0,0,F1,250,,,,,
2026-02-18,2026-02-18,FO,NSE,STO,73235,,BAJAJFINSV,,2026-03-30,2026-03-30,1960.0,PE,BAJAJFINSV26MAR1960PE,18.6,18.6,13.95,14.25,13.95,19.15,2060.6,14.25,45250,-17000,109,53832212.5,64,F1,250,,,,,
2026-02-18,2026-02-18,FO,NSE,STO,73227,,BAJAJFINSV,,2026-03-30,2026-03-30,1840.0,PE,BAJAJFINSV26MAR1840PE,3.15,3.95,3.15,3.4,3.4,3.15,2060.6,3.4,3250,1500,17,7836100.0,16,F1,250,,,,,
2026-02-18,2026-02-18,FO,NSE,STO,73218,,BAJAJFINSV,,2026-03-30,2026-03-30,1680.0,PE,BAJAJFINSV26MAR1680PE,0.0,0.0,0.0,8.2,0.0,8.2,2060.6,0.1,0,0,0,0.0,0,F1,250,,,,,
2026-02-18,2026-02-18,FO,NSE,STO,77304,,BAJAJFINSV,,2026-02-24,2026-02-24,2280.0,PE,BAJAJFINSV26FEB2280PE,0.0,0.0,0.0,257.0,257.0,257.0,2060.6,217.35,12250,0,0,0.0,0,F1,250,,,,,
2026-02-18,2026-02-18,FO,NSE,STO,77302,,BAJAJFINSV,,2026-02-24,2026-02-24,2240.0,PE,BAJAJFINSV26FEB2240PE,0.0,0.0,0.0,189.0,189.0,189.0,2060.6,177.4,9750,0,0,0.0,0,F1,250,,,,,
2026-02-18,2026-02-18,FO,NSE,STO,73159,,BAJAJFINSV,,2026-02-24,2026-02-24,2220.0,PE,BAJAJFINSV26FEB2220PE,0.0,0.0,0.0,268.55,268.55,268.55,2060.6,157.5,250,0,0,0.0,0,F1,250,,,,,
2026-02-18,2026-02-18,FO,NSE,STO,73149,,BAJAJFINSV,,2026-02-24,2026-02-24,2020.0,PE,BAJAJFINSV26FEB2020PE,10.3,10.3,3.8,4.35,4.15,11.0,2060.6,4.35,218000,-7250,1869,946814587.5,1431,F1,250,,,,,
2026-02-18,2026-02-18,FO,NSE,STO,77266,,BAJAJFINSV,,2026-02-24,2026-02-24,2000.0,PE,BAJAJFINSV26FEB2000PE,6.05,6.1,2.45,2.6,2.6,6.85,2060.6,2.6,638500,-36750,2618,1311415825.0,1297,F1,250,,,,,
2026-02-18,2026-02-18,FO,NSE,STO,77254,,BAJAJFINSV,,2026-02-24,2026-02-24,1760.0,PE,BAJAJFINSV26FEB1760PE,0.0,0.0,0.0,0.6,0.6,0.6,2060.6,0.05,117250,0,0,0.0,0,F1,250,,,,,
2026-02-18,2026-02-18,FO,NSE,STO,73152,,BAJAJFINSV,,2026-02-24,2026-02-24,2100.0,CE,BAJAJFINSV26FEB2100CE,5.75,8.7,3.55,4.35,4.0,5.75,2060.6,4.35,527250,23750,6477,3410393712.5,3791,F1,250,,,,,
2026-02-18,2026-02-18,FO,NSE,STO,73158,,BAJAJFINSV,,2026-02-24,2026-02-24,2220.0,CE,BAJAJFINSV26FEB2220CE,0.6,0.7,0.25,0.3,0.3,0.5,2060.6,0.3,160750,-2250,243,134898125.0,170,F1,250,,,,,
2026-02-18,2026-02-18,FO,NSE,STO,85947,,BAJAJFINSV,,2026-03-30,2026-03-30,1980.0,CE,BAJAJFINSV26MAR1980CE,0.0,0.0,0.0,68.25,0.0,68.25,2060.6,117.9,0,0,0,0.0,0,F1,250,,,,,
2026-02-18,2026-02-18,FO,NSE,STO,77252,,BAJAJFINSV,,2026-02-24,2026-02-24,1720.0,PE,BAJAJFINSV26FEB1720PE,0.3,0.4,0.3,0.4,0.4,0.3,2060.6,0.05,31000,-250,2,860175.0,2,F1,250,,,,,
2026-02-18,2026-02-18,FO,NSE,STO,73137,,BAJAJFINSV,,2026-02-24,2026-02-24,1780.0,PE,BAJAJFINSV26FEB1780PE,0.0,0.0,0.0,1.6,1.6,1.6,2060.6,0.05,22000,0,0,0.0,0,F1,250,,,,,
2026-02-18,2026-02-18,FO,NSE,STO,73147,,BAJAJFINSV,,2026-02-24,2026-02-24,1980.0,PE,BAJAJFINSV26FEB1980PE,4.1,4.1,1.65,1.75,1.7,4.1,2060.6,1.75,150750,-9750,1170,579857525.0,721,F1,250,,,,,
2026-02-18,2026-02-18,FO,NSE,STO,77298,,BAJAJFINSV,,2026-02-24,2026-02-24,2160.0,PE,BAJAJFINSV26FEB2160PE,102.8,113.3,101.7,113.3,113.3,113.25,2060.6,98.95,3750,250,7,3969950.0,6,F1,250,,,,,
2026-02-18,2026-02-18,FO,NSE,STO,85937,,BAJAJFINSV,,2026-03-30,2026-03-30,1860.0,CE,BAJAJFINSV26MAR1860CE,0.0,0.0,0.0,128.9,0.0,128.9,2060.6,216.8,0,0,0,0.0,0,F1,250,,,,,
2026-02-18,2026-02-18,FO,NSE,STO,86084,,BAJAJFINSV,,2026-04-28,2026-04-28,1920.0,PE,BAJAJFINSV26APR1920PE,0.0,0.0,0.0,91.05,0.0,91.05,2060.6,22.95,0,0,0,0.0,0,F1,250,,,,,
2026-02-18,2026-02-18,FO,NSE,STO,86078,,BAJAJFINSV,,2026-04-28,2026-04-28,1800.0,PE,BAJAJFINSV26APR1800PE,0.0,0.0,0.0,44.35,0.0,44.35,2060.6,6.05,0,0,0,0.0,0,F1,250,,,,,
2026-02-18,2026-02-18,FO,NSE,STO,85948,,BAJAJFINSV,,2026-03-30,2026-03-30,1980.0,PE,BAJAJFINSV26MAR1980PE,21.0,21.0,17.65,18.0,17.65,48.0,2060.6,18.0,3250,3000,26,12993475.0,23,F1,250,,,,,
2026-02-18,2026-02-18,FO,NSE,STO,73161,,BAJAJFINSV,,2026-02-24,2026-02-24,2260.0,PE,BAJAJFINSV26FEB2260PE,0.0,0.0,0.0,235.65,0.0,235.65,2060.6,197.35,0,0,0,0.0,0,F1,250,,,,,
2026-02-18,2026-02-18,FO,NSE,STF,51815,,BAJAJFINSV,,2026-03-30,2026-03-30,,,BAJAJFINSV26MARFUT,2060.0,2080.1,2058.2,2072.7,2073.1,2059.7,2060.6,2072.7,1073000,568250,2870,1485817775.0,2261,F1,250,,,,,
2026-02-18,2026-02-18,FO,NSE,STO,77259,,BAJAJFINSV,,2026-02-24,2026-02-24,1880.0,CE,BAJAJFINSV26FEB1880CE,0.0,0.0,0.0,167.4,167.45,167.4,2060.6,182.3,11000,0,0,0.0,0,F1,250,,,,,
2026-02-18,2026-02-18,FO,NSE,STO,86075,,BAJAJFINSV,,2026-04-28,2026-04-28,1760.0,CE,BAJAJFINSV26APR1760CE,0.0,0.0,0.0,218.1,0.0,218.1,2060.6,322.3,0,0,0,0.0,0,F1,250,,,,,
2026-02-18,2026-02-18,FO,NSE,STO,73252,,BAJAJFINSV,,2026-03-30,2026-03-30,2280.0,CE,BAJAJFINSV26MAR2280CE,4.65,5.4,4.65,5.4,5.4,39.35,2060.6,8.15,2500,2500,11,6282975.0,3,F1,250,,,,,
2026-02-18,2026-02-18,FO,NSE,STO,77268,,BAJAJFINSV,,2026-02-24,2026-02-24,2040.0,PE,BAJAJFINSV26FEB2040PE,18.55,18.75,7.15,8.35,7.5,18.2,2060.6,8.35,336250,56500,3836,1967104562.5,3221,F1,250,,,,,
2026-02-18,2026-02-18,FO,NSE,STO,73155,,BAJAJFINSV,,2026-02-24,2026-02-24,2140.0,PE,BAJAJFINSV26FEB2140PE,0.0,0.0,0.0,93.35,93.35,93.35,2060.6,80.5,7500,0,0,0.0,0,F1,250,,,,,
2026-02-18,2026-02-18,FO,NSE,STO,85946,,BAJAJFINSV,,2026-03-30,2026-03-30,1940.0,PE,BAJAJFINSV26MAR1940PE,13.0,13.0,10.65,11.05,10.65,18.0,2060.6,11.05,3000,2250,14,6830612.5,9,F1,250,,,,,
2026-02-18,2026-02-18,FO,NSE,STO,85951,,BAJAJFINSV,,2026-03-30,2026-03-30,2020.0,PE,BAJAJFINSV26MAR2020PE,0.0,0.0,0.0,134.8,0.0,134.8,2060.6,38.6,0,0,0,0.0,0,F1,250,,,,,
2026-02-18,2026-02-18,FO,NSE,STO,73240,,BAJAJFINSV,,2026-03-30,2026-03-30,2040.0,PE,BAJAJFINSV26MAR2040PE,40.0,40.85,35.5,35.8,35.65,44.8,2060.6,35.8,25500,10250,53,27538575.0,50,F1,250,,,,,
2026-02-18,2026-02-18,FO,NSE,STO,73138,,BAJAJFINSV,,2026-02-24,2026-02-24,1820.0,CE,BAJAJFINSV26FEB1820CE,0.0,0.0,0.0,214.7,214.7,214.7,2060.6,242.25,3250,0,0,0.0,0,F1,250,,,,,
2026-02-18,2026-02-18,FO,NSE,STO,77253,,BAJAJFINSV,,2026-02-24,2026-02-24,1760.0,CE,BAJAJFINSV26FEB1760CE,0.0,0.0,0.0,249.0,249.0,249.0,2060.6,302.2,500,0,0,0.0,0,F1,250,,,,,
2026-02-18,2026-02-18,FO,NSE,STO,77246,,BAJAJFINSV,,2026-02-24,2026-02-24,1640.0,PE,BAJAJFINSV26FEB1640PE,0.0,0.0,0.0,0.15,0.15,0.15,2060.6,0.05,72750,0,0,0.0,0,F1,250,,,,,
2026-02-18,2026-02-18,FO,NSE,STO,86143,,BAJAJFINSV,,2026-04-28,2026-04-28,2400.0,CE,BAJAJFINSV26APR2400CE,0.0,0.0,0.0,8.15,0.0,8.15,2060.6,7.55,0,0,0,0.0,0,F1,250,,,,,
2026-02-18,2026-02-18,FO,NSE,STO,86087,,BAJAJFINSV,,2026-04-28,2026-04-28,1960.0,CE,BAJAJFINSV26APR1960CE,0.0,0.0,0.0,99.1,0.0,99.1,2060.6,153.9,0,0,0,0.0,0,F1,250,,,,,
2026-02-18,2026-02-18,FO,NSE,STO,86071,,BAJAJFINSV,,2026-04-28,2026-04-28,1680.0,CE,BAJAJFINSV26APR1680CE,0.0,0.0,0.0,280.95,0.0,280.95,2060.6,399.0,0,0,0,0.0,0,F1,250,,,,,
2026-02-18,2026-02-18,FO,NSE,STO,73256,,BAJAJFINSV,,2026-03-30,2026-03-30,2360.0,CE,BAJAJFINSV26MAR2360CE,0.0,0.0,0.0,25.55,0.0,25.55,2060.6,2.95,0,0,0,0.0,0,F1,250,,,,,
2026-02-18,2026-02-18,FO,NSE,STO,85945,,BAJAJFINSV,,2026-03-30,2026-03-30,1940.0,CE,BAJAJFINSV26MAR1940CE,144.0,144.0,144.0,144.0,144.0,136.5,2060.6,148.05,500,-500,4,2084000.0,1,F1,250,,,,,
2026-02-18,2026-02-18,FO,NSE,STO,73162,,BAJAJFINSV,,2026-02-24,2026-02-24,2300.0,CE,BAJAJFINSV26FEB2300CE,0.2,0.25,0.15,0.15,0.15,0.15,2060.6,0.15,5000,2750,27,15526375.0,14,F1,250,,,,,
2026-02-18,2026-02-18,FO,NSE,STO,73156,,BAJAJFINSV,,2026-02-24,2026-02-24,2180.0,CE,BAJAJFINSV26FEB2180CE,1.35,1.4,0.7,0.75,0.9,0.85,2060.6,0.75,108750,-3250,238,129775450.0,179,F1,250,,,,,
2026-02-18,2026-02-18,FO,NSE,STO,73144,,BAJAJFINSV,,2026-02-24,2026-02-24,1940.0,CE,BAJAJFINSV26FEB1940CE,0.0,0.0,0.0,113.75,114.25,113.75,2060.6,122.75,84500,0,0,0.0,0,F1,250,,,,,
2026-02-18,2026-02-18,FO,NSE,STF,66719,,BAJAJFINSV,,2026-04-28,2026-04-28,,,BAJAJFINSV26APRFUT,2080.1,2090.4,2076.3,2086.1,2086.1,2071.7,2060.6,2086.1,35250,3750,47,24479325.0,45,F1,250,,,,,
2026-02-18,2026-02-18,FO,NSE,STO,85953,,BAJAJFINSV,,2026-03-30,2026-03-30,2060.0,PE,BAJAJFINSV26MAR2060PE,49.0,50.15,43.0,44.05,43.0,53.55,2060.6,44.05,35000,6500,63,33169975.0,43,F1,250,,,,,
2026-02-18,2026-02-18,FO,NSE,STO,85969,,BAJAJFINSV,,2026-03-30,2026-03-30,2300.0,PE,BAJAJFINSV26MAR2300PE,0.0,0.0,0.0,255.0,255.0,255.0,2060.6,231.95,250,0,0,0.0,0,F1,250,,,,,
2026-02-18,2026-02-18,FO,NSE,STO,86104,,BAJAJFINSV,,2026-04-28,2026-04-28,2120.0,PE,BAJAJFINSV26APR2120PE,0.0,0.0,0.0,214.7,0.0,214.7,2060.6,102.5,0,0,0,0.0,0,F1,250,,,,,
2026-02-18,2026-02-18,FO,NSE,STO,73143,,BAJAJFINSV,,2026-02-24,2026-02-24,1900.0,PE,BAJAJFINSV26FEB1900PE,1.5,1.55,0.95,1.0,0.95,1.8,2060.6,1.0,193500,-72500,482,229088262.5,374,F1,250,,,,,
2026-02-18,2026-02-18,FO,NSE,STO,73140,,BAJAJFINSV,,2026-02-24,2026-02-24,1860.0,CE,BAJAJFINSV26FEB1860CE,0.0,0.0,0.0,175.15,175.15,175.15,2060.6,202.3,2500,0,0,0.0,0,F1,250,,,,,
2026-02-18,2026-02-18,FO,NSE,STO,77255,,BAJAJFINSV,,2026-02-24,2026-02-24,1800.0,CE,BAJAJFINSV26FEB1800CE,257.0,257.0,256.0,256.0,256.0,249.15,2060.6,262.25,12000,-500,3,1542250.0,2,F1,250,,,,,
2026-02-18,2026-02-18,FO,NSE,STO,73136,,BAJAJFINSV,,2026-02-24,2026-02-24,1780.0,CE,BAJAJFINSV26FEB1780CE,0.0,0.0,0.0,162.75,164.9,162.75,2060.6,282.2,2250,0,0,0.0,0,F1,250,,,,,
2026-02-18,2026-02-18,FO,NSE,STO,73108,,BAJAJFINSV,,2026-02-24,2026-02-24,1700.0,CE,BAJAJFINSV26FEB1700CE,0.0,0.0,0.0,345.95,0.0,345.95,2060.6,362.15,0,0,0,0.0,0,F1,250,,,,,
2026-02-18,2026-02-18,FO,NSE,STO,86098,,BAJAJFINSV,,2026-04-28,2026-04-28,2080.0,PE,BAJAJFINSV26APR2080PE,0.0,0.0,0.0,185.8,0.0,185.8,2060.6,80.55,0,0,0,0.0,0,F1,250,,,,,
2026-02-18,2026-02-18,FO,NSE,STO,73245,,BAJAJFINSV,,2026-03-30,2026-03-30,2120.0,PE,BAJAJFINSV26MAR2120PE,0.0,0.0,0.0,147.55,0.0,147.55,2060.6,88.95,0,0,0,0.0,0,F1,250,,,,,
2026-02-18,2026-02-18,FO,NSE,STO,73242,,BAJAJFINSV,,2026-03-30,2026-03-30,2080.0,PE,BAJAJFINSV26MAR2080PE,58.8,60.0,52.5,54.0,54.0,67.1,2060.6,65.8,27500,500,8,4272025.0,8,F1,250,,,,,
2026-02-18,2026-02-18,FO,NSE,STO,73216,,BAJAJFINSV,,2026-03-30,2026-03-30,1640.0,PE,BAJAJFINSV26MAR1640PE,0.0,0.0,0.0,5.45,0.0,5.45,2060.6,0.05,0,0,0,0.0,0,F1,250,,,,,
2026-02-18,2026-02-18,FO,NSE,STO,77300,,BAJAJFINSV,,2026-02-24,2026-02-24,2200.0,PE,BAJAJFINSV26FEB2200PE,142.0,152.35,135.2,143.2,143.5,153.9,2060.6,143.2,30750,-17000,153,89410637.5,74,F1,250,,,,,
2026-02-18,2026-02-18,FO,NSE,STO,77260,,BAJAJFINSV,,2026-02-24,2026-02-24,1880.0,PE,BAJAJFINSV26FEB1880PE,1.0,1.1,0.8,0.85,0.85,1.55,2060.6,0.85,60000,500,72,33857187.5,70,F1,250,,,,,
2026-02-18,2026-02-18,FO,NSE,STO,73141,,BAJAJFINSV,,2026-02-24,2026-02-24,1860.0,PE,BAJAJFINSV26FEB1860PE,0.8,0.85,0.7,0.8,0.8,1.2,2060.6,0.8,38750,-4250,49,22794162.5,38,F1,250,,,,,
2026-02-18,2026-02-18,FO,NSE,STO,73139,,BAJAJFINSV,,2026-02-24,2026-02-24,1820.0,PE,BAJAJFINSV26FEB1820PE,0.6,0.6,0.55,0.55,0.55,0.95,2060.6,0.05,345250,-1500,41,18660850.0,27,F1,250,,,,,
2026-02-18,2026-02-18,FO,NSE,STO,86089,,BAJAJFINSV,,2026-04-28,2026-04-28,2000.0,CE,BAJAJFINSV26APR2000CE,0.0,0.0,0.0,82.35,0.0,82.35,2060.6,127.15,0,0,0,0.0,0,F1,250,,,,,
2026-02-18,2026-02-18,FO,NSE,STO,86079,,BAJAJFINSV,,2026-04-28,2026-04-28,1840.0,CE,BAJAJFINSV26APR1840CE,0.0,0.0,0.0,163.45,0.0,163.45,2060.6,249.5,0,0,0,0.0,0,F1,250,,,,,
2026-02-18,2026-02-18,FO,NSE,STO,73254,,BAJAJFINSV,,2026-03-30,2026-03-30,2320.0,CE,BAJAJFINSV26MAR2320CE,4.1,4.1,4.0,4.1,4.1,4.2,2060.6,4.95,1750,750,3,1743050.0,3,F1,250,,,,,
2026-02-18,2026-02-18,FO,NSE,STO,85952,,BAJAJFINSV,,2026-03-30,2026-03-30,2060.0,CE,BAJAJFINSV26MAR2060CE,61.0,63.7,50.95,56.9,56.3,41.55,2060.6,56.9,47250,47250,355,188045600.0,256,F1,250,,,,,
2026-02-18,2026-02-18,FO,NSE,STO,73234,,BAJAJFINSV,,2026-03-30,2026-03-30,1960.0,CE,BAJAJFINSV26MAR1960CE,0.0,0.0,0.0,163.65,0.0,163.65,2060.6,132.55,0,0,0,0.0,0,F1,250,,,,,
2026-02-18,2026-02-18,FO,NSE,STO,73229,,BAJAJFINSV,,2026-03-30,2026-03-30,1880.0,CE,BAJAJFINSV26MAR1880CE,0.0,0.0,0.0,216.2,0.0,216.2,2060.6,198.75,0,0,0,0.0,0,F1,250,,,,,
2026-02-18,2026-02-18,FO,NSE,STO,73225,,BAJAJFINSV,,2026-03-30,2026-03-30,1840.0,CE,BAJAJFINSV26MAR1840CE,0.0,0.0,0.0,245.45,0.0,245.45,2060.6,235.25,0,0,0,0.0,0,F1,250,,,,,
2026-02-18,2026-02-18,FO,NSE,STO,73154,,BAJAJFINSV,,2026-02-24,2026-02-24,2140.0,CE,BAJAJFINSV26FEB2140CE,2.4,3.0,1.3,1.4,1.4,2.05,2060.6,1.4,142250,-10750,887,474994737.5,463,F1,250,,,,,
2026-02-18,2026-02-18,FO,NSE,STO,77251,,BAJAJFINSV,,2026-02-24,2026-02-24,1720.0,CE,BAJAJFINSV26FEB1720CE,338.0,338.0,338.0,338.0,338.0,216.05,2060.6,342.15,2000,-1250,9,4630500.0,2,F1,250,,,,,
2026-02-18,2026-02-18,FO,NSE,STO,77289,,BAJAJFINSV,,2026-02-24,2026-02-24,2120.0,CE,BAJAJFINSV26FEB2120CE,3.8,5.0,2.1,2.4,2.35,3.35,2060.6,2.4,195500,4000,1657,879642462.5,1024,F1,250,,,,,
2026-02-18,2026-02-18,FO,NSE,STO,77301,,BAJAJFINSV,,2026-02-24,2026-02-24,2240.0,CE,BAJAJFINSV26FEB2240CE,0.25,0.4,0.1,0.1,0.1,0.3,2060.6,0.1,292750,-2000,46,25762812.5,35,F1,250,,,,,
2026-02-18,2026-02-18,FO,NSE,STO,73160,,BAJAJFINSV,,2026-02-24,2026-02-24,2260.0,CE,BAJAJFINSV26FEB2260CE,0.35,0.4,0.15,0.2,0.2,0.3,2060.6,0.2,46000,-250,30,16951962.5,28,F1,250,,,,,
2026-02-18,2026-02-18,FO,NSE,STO,77303,,BAJAJFINSV,,2026-02-24,2026-02-24,2280.0,CE,BAJAJFINSV26FEB2280CE,0.25,0.25,0.1,0.15,0.15,0.25,2060.6,0.05,62750,0,17,9690787.5,12,F1,250,,,,,
2026-02-18,2026-02-18,FO,NSE,STO,73223,,BAJAJFINSV,,2026-03-30,2026-03-30,1800.0,CE,BAJAJFINSV26MAR1800CE,270.0,270.0,270.0,270.0,270.0,276.65,2060.6,273.15,500,500,2,1035000.0,1,F1,250,,,,,
2026-02-18,2026-02-18,FO,NSE,STO,85943,,BAJAJFINSV,,2026-03-30,2026-03-30,1900.0,CE,BAJAJFINSV26MAR1900CE,181.0,181.0,169.05,177.0,177.0,170.0,2060.6,177.0,6250,1250,11,5709512.5,10,F1,250,,,,,
2026-02-18,2026-02-18,FO,NSE,STO,85962,,BAJAJFINSV,,2026-03-30,2026-03-30,2220.0,CE,BAJAJFINSV26MAR2220CE,9.3,10.35,9.3,10.15,10.0,14.55,2060.6,10.15,7750,5250,29,16166312.5,26,F1,250,,,,,
2026-02-18,2026-02-18,FO,NSE,STO,73250,,BAJAJFINSV,,2026-03-30,2026-03-30,2240.0,CE,BAJAJFINSV26MAR2240CE,10.15,10.45,9.15,9.15,9.15,9.0,2060.6,12.9,10250,3000,26,14625025.0,25,F1,250,,,,,
2026-02-18,2026-02-18,FO,NSE,STO,86083,,BAJAJFINSV,,2026-04-28,2026-04-28,1920.0,CE,BAJAJFINSV26APR1920CE,0.0,0.0,0.0,118.15,0.0,118.15,2060.6,183.45,0,0,0,0.0,0,F1,250,,,,,
2026-02-18,2026-02-18,FO,NSE,STO,86091,,BAJAJFINSV,,2026-04-28,2026-04-28,2040.0,CE,BAJAJFINSV26APR2040CE,0.0,0.0,0.0,67.85,0.0,67.85,2060.6,103.4,0,0,0,0.0,0,F1,250,,,,,
2026-02-18,2026-02-18,FO,NSE,STO,86103,,BAJAJFINSV,,2026-04-28,2026-04-28,2120.0,CE,BAJAJFINSV26APR2120CE,0.0,0.0,0.0,44.9,0.0,44.9,2060.6,65.0,0,0,0,0.0,0,F1,250,,,,,
2026-02-18,2026-02-18,FO,NSE,STO,77248,,BAJAJFINSV,,2026-02-24,2026-02-24,1680.0,PE,BAJAJFINSV26FEB1680PE,0.05,0.05,0.05,0.05,0.05,0.1,2060.6,0.05,670500,0,44,18480550.0,11,F1,250,,,,,
2026-02-18,2026-02-18,FO,NSE,STO,77258,,BAJAJFINSV,,2026-02-24,2026-02-24,1840.0,PE,BAJAJFINSV26FEB1840PE,0.65,0.65,0.4,0.45,0.4,1.0,2060.6,0.45,260250,-2000,110,50614087.5,67,F1,250,,,,,
2026-02-18,2026-02-18,FO,NSE,STO,77262,,BAJAJFINSV,,2026-02-24,2026-02-24,1920.0,PE,BAJAJFINSV26FEB1920PE,1.75,1.75,1.0,1.15,1.1,2.0,2060.6,1.15,72000,-14750,280,134494812.5,166,F1,250,,,,,
2026-02-18,2026-02-18,FO,NSE,STO,73151,,BAJAJFINSV,,2026-02-24,2026-02-24,2060.0,PE,BAJAJFINSV26FEB2060PE,25.55,26.25,14.75,16.4,16.35,29.05,2060.6,16.4,128500,2500,2150,1117661000.0,1870,F1,250,,,,,
2026-02-18,2026-02-18,FO,NSE,STO,73163,,BAJAJFINSV,,2026-02-24,2026-02-24,2300.0,PE,BAJAJFINSV26FEB2300PE,0.0,0.0,0.0,269.4,0.0,269.4,2060.6,237.3,0,0,0,0.0,0,F1,250,,,,,
2026-02-18,2026-02-18,FO,NSE,STO,77308,,BAJAJFINSV,,2026-02-24,2026-02-24,2360.0,PE,BAJAJFINSV26FEB2360PE,0.0,0.0,0.0,345.5,345.5,345.5,2060.6,297.25,1000,0,0,0.0,0,F1,250,,,,,
2026-02-18,2026-02-18,FO,NSE,STO,73214,,BAJAJFINSV,,2026-03-30,2026-03-30,1600.0,PE,BAJAJFINSV26MAR1600PE,0.0,0.0,0.0,1.0,1.0,1.0,2060.6,0.05,250,0,0,0.0,0,F1,250,,,,,
2026-02-18,2026-02-18,FO,NSE,STO,73222,,BAJAJFINSV,,2026-03-30,2026-03-30,1760.0,PE,BAJAJFINSV26MAR1760PE,0.0,0.0,0.0,17.05,0.0,17.05,2060.6,0.8,0,0,0,0.0,0,F1,250,,,,,
2026-02-18,2026-02-18,FO,NSE,STO,73224,,BAJAJFINSV,,2026-03-30,2026-03-30,1800.0,PE,BAJAJFINSV26MAR1800PE,2.5,2.5,2.5,2.5,2.5,5.1,2060.6,2.5,5250,0,2,901250.0,1,F1,250,,,,,
2026-02-18,2026-02-18,FO,NSE,STO,73233,,BAJAJFINSV,,2026-03-30,2026-03-30,1920.0,PE,BAJAJFINSV26MAR1920PE,10.7,10.85,8.8,8.95,8.8,11.95,2060.6,8.95,15750,6750,62,29909475.0,58,F1,250,,,,,
2026-02-18,2026-02-18,FO,NSE,STO,86096,,BAJAJFINSV,,2026-04-28,2026-04-28,2040.0,PE,BAJAJFINSV26APR2040PE,0.0,0.0,0.0,158.9,0.0,158.9,2060.6,61.7,0,0,0,0.0,0,F1,250,,,,,
2026-02-18,2026-02-18,FO,NSE,STO,86130,,BAJAJFINSV,,2026-04-28,2026-04-28,2200.0,PE,BAJAJFINSV26APR2200PE,0.0,0.0,0.0,277.25,0.0,277.25,2060.6,154.85,0,0,0,0.0,0,F1,250,,,,,
2026-02-18,2026-02-18,FO,NSE,STO,77306,,BAJAJFINSV,,2026-02-24,2026-02-24,2320.0,PE,BAJAJFINSV26FEB2320PE,0.0,0.0,0.0,290.75,0.0,290.75,2060.6,257.3,0,0,0,0.0,0,F1,250,,,,,
2026-02-18,2026-02-18,FO,NSE,STO,85964,,BAJAJFINSV,,2026-03-30,2026-03-30,2260.0,CE,BAJAJFINSV26MAR2260CE,5.9,6.55,5.9,6.25,6.25,5.45,2060.6,6.25,6500,3500,23,13030100.0,16,F1,250,,,,,
2026-02-18,2026-02-18,FO,NSE,STO,85933,,BAJAJFINSV,,2026-03-30,2026-03-30,1820.0,CE,BAJAJFINSV26MAR1820CE,0.0,0.0,0.0,154.85,0.0,154.85,2060.6,254.1,0,0,0,0.0,0,F1,250,,,,,
2026-02-18,2026-02-18,FO,NSE,STO,73148,,BAJAJFINSV,,2026-02-24,2026-02-24,2020.0,CE,BAJAJFINSV26FEB2020CE,42.95,51.45,34.0,42.55,42.0,37.6,2060.6,42.55,138500,-23000,933,481345775.0,823,F1,250,,,,,
2026-02-18,2026-02-18,FO,NSE,STO,86132,,BAJAJFINSV,,2026-04-28,2026-04-28,2240.0,PE,BAJAJFINSV26APR2240PE,0.0,0.0,0.0,310.6,0.0,310.6,2060.6,184.8,0,0,0,0.0,0,F1,250,,,,,
2026-02-18,2026-02-18,FO,NSE,STO,73249,,BAJAJFINSV,,2026-03-30,2026-03-30,2200.0,PE,BAJAJFINSV26MAR2200PE,134.0,138.0,134.0,137.0,137.0,151.0,2060.6,137.0,30000,26250,105,61284800.0,25,F1,250,,,,,
2026-02-18,2026-02-18,FO,NSE,STO,85927,,BAJAJFINSV,,2026-03-30,2026-03-30,1700.0,PE,BAJAJFINSV26MAR1700PE,1.2,1.2,1.2,1.2,1.2,1.9,2060.6,1.2,1000,250,1,425300.0,1,F1,250,,,,,
2026-02-18,2026-02-18,FO,NSE,STO,77274,,BAJAJFINSV,,2026-02-24,2026-02-24,2080.0,PE,BAJAJFINSV26FEB2080PE,37.55,39.0,27.45,29.6,28.5,42.5,2060.6,29.6,63250,10250,661,349028237.5,600,F1,250,,,,,
2026-02-18,2026-02-18,FO,NSE,STO,73113,,BAJAJFINSV,,2026-02-24,2026-02-24,1740.0,PE,BAJAJFINSV26FEB1740PE,0.3,0.3,0.2,0.2,0.2,0.7,2060.6,0.05,22000,-250,3,1305187.5,3,F1,250,,,,,
2026-02-18,2026-02-18,FO,NSE,STO,85967,,BAJAJFINSV,,2026-03-30,2026-03-30,2260.0,PE,BAJAJFINSV26MAR2260PE,0.0,0.0,0.0,328.1,0.0,328.1,2060.6,196.1,0,0,0,0.0,0,F1,250,,,,,
2026-02-18,2026-02-18,FO,NSE,STO,85963,,BAJAJFINSV,,2026-03-30,2026-03-30,2220.0,PE,BAJAJFINSV26MAR2220PE,0.0,0.0,0.0,292.15,0.0,292.15,2060.6,162.1,0,0,0,0.0,0,F1,250,,,,,
2026-02-18,2026-02-18,FO,NSE,STO,73230,,BAJAJFINSV,,2026-03-30,2026-03-30,1880.0,PE,BAJAJFINSV26MAR1880PE,0.0,0.0,0.0,8.1,8.1,8.1,2060.6,6.85,15500,0,0,0.0,0,F1,250,,,,,
2026-02-18,2026-02-18,FO,NSE,STO,85929,,BAJAJFINSV,,2026-03-30,2026-03-30,1740.0,PE,BAJAJFINSV26MAR1740PE,0.0,0.0,0.0,12.65,12.65,12.65,2060.6,0.5,500,0,0,0.0,0,F1,250,,,,,
2026-02-18,2026-02-18,FO,NSE,STO,73220,,BAJAJFINSV,,2026-03-30,2026-03-30,1720.0,PE,BAJAJFINSV26MAR1720PE,0.0,0.0,0.0,1.8,1.8,1.8,2060.6,0.3,1000,0,0,0.0,0,F1,250,,,,,
2026-02-18,2026-02-18,FO,NSE,STO,73157,,BAJAJFINSV,,2026-02-24,2026-02-24,2180.0,PE,BAJAJFINSV26FEB2180PE,125.2,125.2,125.2,125.2,125.2,138.35,2060.6,118.15,750,0,1,576300.0,1,F1,250,,,,,
2026-02-18,2026-02-18,FO,NSE,STO,77244,,BAJAJFINSV,,2026-02-24,2026-02-24,1600.0,PE,BAJAJFINSV26FEB1600PE,0.0,0.0,0.0,0.25,0.25,0.25,2060.6,0.05,15000,0,0,0.0,0,F1,250,,,,,
2026-02-18,2026-02-18,FO,NSE,STO,86109,,BAJAJFINSV,,2026-04-28,2026-04-28,2160.0,CE,BAJAJFINSV26APR2160CE,0.0,0.0,0.0,36.0,0.0,36.0,2060.6,50.25,0,0,0,0.0,0,F1,250,,,,,
2026-02-18,2026-02-18,FO,NSE,STO,86097,,BAJAJFINSV,,2026-04-28,2026-04-28,2080.0,CE,BAJAJFINSV26APR2080CE,0.0,0.0,0.0,55.35,0.0,55.35,2060.6,82.7,0,0,0,0.0,0,F1,250,,,,,
2026-02-18,2026-02-18,FO,NSE,STO,86081,,BAJAJFINSV,,2026-04-28,2026-04-28,1880.0,CE,BAJAJFINSV26APR1880CE,0.0,0.0,0.0,139.6,0.0,139.6,2060.6,215.4,0,0,0,0.0,0,F1,250,,,,,
2026-02-18,2026-02-18,FO,NSE,STO,85949,,BAJAJFINSV,,2026-03-30,2026-03-30,2020.0,CE,BAJAJFINSV26MAR2020CE,83.75,86.25,82.3,82.3,82.3,77.0,2060.6,82.3,1500,-250,3,1578075.0,3,F1,250,,,,,
2026-02-18,2026-02-18,FO,NSE,STO,73237,,BAJAJFINSV,,2026-03-30,2026-03-30,2000.0,CE,BAJAJFINSV26MAR2000CE,100.0,102.4,87.5,95.45,97.3,91.5,2060.6,95.45,28500,3250,38,19917662.5,35,F1,250,,,,,
2026-02-18,2026-02-18,FO,NSE,STO,73221,,BAJAJFINSV,,2026-03-30,2026-03-30,1760.0,CE,BAJAJFINSV26MAR1760CE,0.0,0.0,0.0,309.5,0.0,309.5,2060.6,311.95,0,0,0,0.0,0,F1,250,,,,,
2026-02-18,2026-02-18,FO,NSE,STO,73213,,BAJAJFINSV,,2026-03-30,2026-03-30,1600.0,CE,BAJAJFINSV26MAR1600CE,468.0,468.0,466.0,467.5,467.5,383.0,2060.6,470.25,10000,9750,39,20149625.0,12,F1,250,,,,,
2026-02-18,2026-02-18,FO,NSE,STO,86068,,BAJAJFINSV,,2026-04-28,2026-04-28,1600.0,PE,BAJAJFINSV26APR1600PE,0.0,0.0,0.0,8.15,0.0,8.15,2060.6,0.2,0,0,0,0.0,0,F1,250,,,,,
2026-02-18,2026-02-18,FO,NSE,STO,86138,,BAJAJFINSV,,2026-04-28,2026-04-28,2320.0,PE,BAJAJFINSV26APR2320PE,0.0,0.0,0.0,380.55,0.0,380.55,2060.6,250.55,0,0,0,0.0,0,F1,250,,,,,
2026-02-18,2026-02-18,FO,NSE,STO,86074,,BAJAJFINSV,,2026-04-28,2026-04-28,1720.0,PE,BAJAJFINSV26APR1720PE,0.0,0.0,0.0,24.55,0.0,24.55,2060.6,1.95,0,0,0,0.0,0,F1,250,,,,,
2026-02-18,2026-02-18,FO,NSE,STO,86072,,BAJAJFINSV,,2026-04-28,2026-04-28,1680.0,PE,BAJAJFINSV26APR1680PE,0.0,0.0,0.0,17.55,0.0,17.55,2060.6,1.0,0,0,0,0.0,0,F1,250,,,,,
2026-02-18,2026-02-18,FO,NSE,STO,73257,,BAJAJFINSV,,2026-03-30,2026-03-30,2360.0,PE,BAJAJFINSV26MAR2360PE,0.0,0.0,0.0,324.2,0.0,324.2,2060.6,288.15,0,0,0,0.0,0,F1,250,,,,,
2026-02-18,2026-02-18,FO,NSE,STO,73142,,BAJAJFINSV,,2026-02-24,2026-02-24,1900.0,CE,BAJAJFINSV26FEB1900CE,157.0,164.0,155.6,157.65,157.65,146.65,2060.6,162.35,83250,-1250,28,14414500.0,20,F1,250,,,,,
2026-02-18,2026-02-18,FO,NSE,STO,86144,,BAJAJFINSV,,2026-04-28,2026-04-28,2400.0,PE,BAJAJFINSV26APR2400PE,0.0,0.0,0.0,453.7,0.0,453.7,2060.6,322.1,0,0,0,0.0,0,F1,250,,,,,
2026-02-18,2026-02-18,FO,NSE,STO,73253,,BAJAJFINSV,,2026-03-30,2026-03-30,2280.0,PE,BAJAJFINSV26MAR2280PE,0.0,0.0,0.0,259.15,0.0,259.15,2060.6,213.85,0,0,0,0.0,0,F1,250,,,,,
2026-02-18,2026-02-18,FO,NSE,STO,73238,,BAJAJFINSV,,2026-03-30,2026-03-30,2000.0,PE,BAJAJFINSV26MAR2000PE,27.0,27.25,22.0,22.5,22.0,29.55,2060.6,22.5,80750,29250,258,130592725.0,167,F1,250,,,,,
2026-02-18,2026-02-18,FO,NSE,STO,73145,,BAJAJFINSV,,2026-02-24,2026-02-24,1940.0,PE,BAJAJFINSV26FEB1940PE,2.05,2.05,1.1,1.15,1.15,2.25,2060.6,1.15,99000,-24500,910,441689687.5,521,F1,250,,,,,
2026-02-18,2026-02-18,FO,NSE,STO,86073,,BAJAJFINSV,,2026-04-28,2026-04-28,1720.0,CE,BAJAJFINSV26APR1720CE,0.0,0.0,0.0,248.6,0.0,248.6,2060.6,360.35,0,0,0,0.0,0,F1,250,,,,,
2026-02-18,2026-02-18,FO,NSE,STO,86067,,BAJAJFINSV,,2026-04-28,2026-04-28,1600.0,CE,BAJAJFINSV26APR1600CE,0.0,0.0,0.0,350.35,0.0,350.35,2060.6,477.35,0,0,0,0.0,0,F1,250,,,,,
2026-02-18,2026-02-18,FO,NSE,STO,73231,,BAJAJFINSV,,2026-03-30,2026-03-30,1920.0,CE,BAJAJFINSV26MAR1920CE,0.0,0.0,0.0,146.0,146.0,146.0,2060.6,164.3,750,0,0,0.0,0,F1,250,,,,,
2026-02-18,2026-02-18,FO,NSE,STO,85928,,BAJAJFINSV,,2026-03-30,2026-03-30,1740.0,CE,BAJAJFINSV26MAR1740CE,0.0,0.0,0.0,282.5,282.5,282.5,2060.6,331.55,250,0,0,0.0,0,F1,250,,,,,
2026-02-18,2026-02-18,FO,NSE,STO,77307,,BAJAJFINSV,,2026-02-24,2026-02-24,2360.0,CE,BAJAJFINSV26FEB2360CE,0.0,0.0,0.0,29.2,0.0,29.2,2060.6,0.05,0,0,0,0.0,0,F1,250,,,,,
2026-02-18,2026-02-18,FO,NSE,STO,73150,,BAJAJFINSV,,2026-02-24,2026-02-24,2060.0,CE,BAJAJFINSV26FEB2060CE,16.0,23.2,11.65,14.9,14.05,15.95,2060.6,14.9,589000,-272250,13541,7034957187.5,10512,F1,250,,,,,
2026-02-18,2026-02-18,FO,NSE,STO,85944,,BAJAJFINSV,,2026-03-30,2026-03-30,1900.0,PE,BAJAJFINSV26MAR1900PE,9.4,9.4,7.05,7.25,7.1,10.15,2060.6,7.25,43250,1750,118,56285425.0,95,F1,250,,,,,
2026-02-18,2026-02-18,FO,NSE,STO,85942,,BAJAJFINSV,,2026-03-30,2026-03-30,1860.0,PE,BAJAJFINSV26MAR1860PE,4.9,5.25,4.7,5.25,5.25,12.4,2060.6,5.05,4500,-750,25,11655012.5,25,F1,250,,,,,
2026-02-18,2026-02-18,FO,NSE,STO,77290,,BAJAJFINSV,,2026-02-24,2026-02-24,2120.0,PE,BAJAJFINSV26FEB2120PE,67.9,73.95,58.95,63.45,63.05,76.3,2060.6,63.45,7500,5000,67,36593750.0,67,F1,250,,,,,
2026-02-18,2026-02-18,FO,NSE,STO,86135,,BAJAJFINSV,,2026-04-28,2026-04-28,2280.0,CE,BAJAJFINSV26APR2280CE,0.0,0.0,0.0,17.7,0.0,17.7,2060.6,21.0,0,0,0,0.0,0,F1,250,,,,,
2026-02-18,2026-02-18,FO,NSE,STO,86129,,BAJAJFINSV,,2026-04-28,2026-04-28,2200.0,CE,BAJAJFINSV26APR2200CE,0.0,0.0,0.0,28.65,0.0,28.65,2060.6,38.2,0,0,0,0.0,0,F1,250,,,,,
2026-02-18,2026-02-18,FO,NSE,STO,85958,,BAJAJFINSV,,2026-03-30,2026-03-30,2180.0,CE,BAJAJFINSV26MAR2180CE,18.0,19.4,14.7,16.05,16.1,17.8,2060.6,16.05,5500,5500,32,17582462.5,32,F1,250,,,,,
2026-02-18,2026-02-18,FO,NSE,STO,77257,,BAJAJFINSV,,2026-02-24,2026-02-24,1840.0,CE,BAJAJFINSV26FEB1840CE,0.0,0.0,0.0,158.9,158.9,158.9,2060.6,222.25,6500,0,0,0.0,0,F1,250,,,,,
2026-02-18,2026-02-18,FO,NSE,STO,77243,,BAJAJFINSV,,2026-02-24,2026-02-24,1600.0,CE,BAJAJFINSV26FEB1600CE,458.0,458.0,457.5,458.0,458.0,428.0,2060.6,462.05,250,-3500,15,7717125.0,4,F1,250,,,,,
2026-02-18,2026-02-18,FO,NSE,STO,86082,,BAJAJFINSV,,2026-04-28,2026-04-28,1880.0,PE,BAJAJFINSV26APR1880PE,0.0,0.0,0.0,73.15,0.0,73.15,2060.6,15.35,0,0,0,0.0,0,F1,250,,,,,
2026-02-18,2026-02-18,FO,NSE,STO,86110,,BAJAJFINSV,,2026-04-28,2026-04-28,2160.0,PE,BAJAJFINSV26APR2160PE,0.0,0.0,0.0,245.2,0.0,245.2,2060.6,127.3,0,0,0,0.0,0,F1,250,,,,,
2026-02-18,2026-02-18,FO,NSE,STO,85957,,BAJAJFINSV,,2026-03-30,2026-03-30,2140.0,PE,BAJAJFINSV26MAR2140PE,0.0,0.0,0.0,118.4,118.4,118.4,2060.6,101.95,250,0,0,0.0,0,F1,250,,,,,
2026-02-18,2026-02-18,FO,NSE,STO,85925,,BAJAJFINSV,,2026-03-30,2026-03-30,1700.0,CE,BAJAJFINSV26MAR1700CE,369.0,369.0,367.65,368.35,368.0,247.95,2060.6,368.35,23000,23000,92,47572162.5,19,F1,250,,,,,
2026-02-18,2026-02-18,FO,NSE,STO,73217,,BAJAJFINSV,,2026-03-30,2026-03-30,1680.0,CE,BAJAJFINSV26MAR1680CE,389.0,390.5,389.0,390.1,390.0,379.5,2060.6,390.1,4500,4500,18,9315412.5,8,F1,250,,,,,
2026-02-18,2026-02-18,FO,NSE,STO,73215,,BAJAJFINSV,,2026-03-30,2026-03-30,1640.0,CE,BAJAJFINSV26MAR1640CE,0.0,0.0,0.0,416.1,0.0,416.1,2060.6,430.5,0,0,0,0.0,0,F1,250,,,,,
2026-02-18,2026-02-18,FO,NSE,STO,77273,,BAJAJFINSV,,2026-02-24,2026-02-24,2080.0,CE,BAJAJFINSV26FEB2080CE,9.45,14.3,6.45,7.95,7.2,9.7,2060.6,7.95,231750,75250,5247,2742913250.0,4189,F1,250,,,,,
2026-02-18,2026-02-18,FO,NSE,STO,77247,,BAJAJFINSV,,2026-02-24,2026-02-24,1680.0,CE,BAJAJFINSV26FEB1680CE,377.0,379.5,376.5,377.45,377.5,344.0,2060.6,377.45,5000,-26750,126,64805400.0,16,F1,250,,,,,
2026-02-18,2026-02-18,FO,NSE,STO,77245,,BAJAJFINSV,,2026-02-24,2026-02-24,1640.0,CE,BAJAJFINSV26FEB1640CE,0.0,0.0,0.0,421.2,0.0,421.2,2060.6,422.1,0,0,0,0.0,0,F1,250,,,,,
2026-02-18,2026-02-18,FO,NSE,STO,86076,,BAJAJFINSV,,2026-04-28,2026-04-28,1760.0,PE,BAJAJFINSV26APR1760PE,0.0,0.0,0.0,33.45,0.0,33.45,2060.6,3.5,0,0,0,0.0,0,F1,250,,,,,
2026-02-18,2026-02-18,FO,NSE,STO,73259,,BAJAJFINSV,,2026-03-30,2026-03-30,2400.0,PE,BAJAJFINSV26MAR2400PE,321.0,327.5,321.0,325.0,325.0,332.5,2060.6,325.0,47750,47250,189,128774700.0,42,F1,250,,,,,
2026-02-18,2026-02-18,FO,NSE,STO,85959,,BAJAJFINSV,,2026-03-30,2026-03-30,2180.0,PE,BAJAJFINSV26MAR2180PE,0.0,0.0,0.0,153.5,153.5,153.5,2060.6,130.55,0,0,0,0.0,0,F1,250,,,,,
2026-02-18,2026-02-18,FO,NSE,STO,73247,,BAJAJFINSV,,2026-03-30,2026-03-30,2160.0,PE,BAJAJFINSV26MAR2160PE,114.7,114.7,114.7,114.7,114.7,172.75,2060.6,115.85,1000,1000,4,2274700.0,2,F1,250,,,,,
2026-02-18,2026-02-18,FO,NSE,STO,85934,,BAJAJFINSV,,2026-03-30,2026-03-30,1820.0,PE,BAJAJFINSV26MAR1820PE,0.0,0.0,0.0,7.1,7.35,7.1,2060.6,2.55,7250,0,0,0.0,0,F1,250,,,,,
2026-02-18,2026-02-18,FO,NSE,STO,92592,,BLUESTARCO,,2026-03-30,2026-03-30,1700.0,PE,BLUESTARCO26MAR1700PE,1.55,7.4,1.55,6.7,6.7,8.0,2016.75,4.0,2925,0,6,3323417.5,5,F1,325,,,,,
2026-02-18,2026-02-18,FO,NSE,STO,79526,,BLUESTARCO,,2026-02-24,2026-02-24,1860.0,PE,BLUESTARCO26FEB1860PE,2.45,5.05,1.5,1.85,1.85,2.75,2016.75,1.85,34125,-3250,59,35703768.75,49,F1,325,,,,,
2026-02-18,2026-02-18,FO,NSE,STO,93096,,BLUESTARCO,,2026-04-28,2026-04-28,1640.0,CE,BLUESTARCO26APR1640CE,0.0,0.0,0.0,154.5,0.0,154.5,2016.75,400.35,0,0,0,0.0,0,F1,325,,,,,
2026-02-18,2026-02-18,FO,NSE,STO,92669,,BLUESTARCO,,2026-03-30,2026-03-30,2100.0,CE,BLUESTARCO26MAR2100CE,38.75,49.6,31.15,45.4,44.3,37.05,2016.75,45.4,17875,9100,78,54305907.5,61,F1,325,,,,,
2026-02-18,2026-02-18,FO,NSE,STO,93158,,BLUESTARCO,,2026-04-28,2026-04-28,1920.0,PE,BLUESTARCO26APR1920PE,0.0,0.0,0.0,276.5,0.0,276.5,2016.75,60.95,0,0,0,0.0,0,F1,325,,,,,
2026-02-18,2026-02-18,FO,NSE,STO,93170,,BLUESTARCO,,2026-04-28,2026-04-28,2160.0,PE,BLUESTARCO26APR2160PE,0.0,0.0,0.0,477.55,0.0,477.55,2016.75,186.45,0,0,0,0.0,0,F1,325,,,,,
2026-02-18,2026-02-18,FO,NSE,STO,93172,,BLUESTARCO,,2026-04-28,2026-04-28,2200.0,PE,BLUESTARCO26APR2200PE,0.0,0.0,0.0,513.75,0.0,513.75,2016.75,214.55,0,0,0,0.0,0,F1,325,,,,,
2026-02-18,2026-02-18,FO,NSE,STO,79522,,BLUESTARCO,,2026-02-24,2026-02-24,1820.0,PE,BLUESTARCO26FEB1820PE,2.7,3.65,1.05,1.2,1.2,1.9,2016.75,0.15,23725,-3575,66,39072637.5,60,F1,325,,,,,
2026-02-18,2026-02-18,FO,NSE,STO,79519,,BLUESTARCO,,2026-02-24,2026-02-24,1820.0,CE,BLUESTARCO26FEB1820CE,0.0,0.0,0.0,152.45,152.45,152.45,2016.75,198.55,12025,0,0,0.0,0,F1,325,,,,,
2026-02-18,2026-02-18,FO,NSE,STO,92600,,BLUESTARCO,,2026-03-30,2026-03-30,1780.0,CE,BLUESTARCO26MAR1780CE,0.0,0.0,0.0,68.5,0.0,68.5,2016.75,258.2,0,0,0,0.0,0,F1,325,,,,,
2026-02-18,2026-02-18,FO,NSE,STO,92667,,BLUESTARCO,,2026-03-30,2026-03-30,2060.0,CE,BLUESTARCO26MAR2060CE,0.0,0.0,0.0,14.65,0.0,14.65,2016.75,72.0,0,0,0,0.0,0,F1,325,,,,,
2026-02-18,2026-02-18,FO,NSE,STO,80044,,BLUESTARCO,,2026-03-30,2026-03-30,2280.0,CE,BLUESTARCO26MAR2280CE,0.0,0.0,0.0,14.45,0.0,14.45,2016.75,15.9,0,0,0,0.0,0,F1,325,,,,,
2026-02-18,2026-02-18,FO,NSE,STO,93101,,BLUESTARCO,,2026-04-28,2026-04-28,1680.0,CE,BLUESTARCO26APR1680CE,0.0,0.0,0.0,134.7,0.0,134.7,2016.75,364.05,0,0,0,0.0,0,F1,325,,,,,
2026-02-18,2026-02-18,FO,NSE,STO,93120,,BLUESTARCO,,2026-04-28,2026-04-28,1720.0,CE,BLUESTARCO26APR1720CE,0.0,0.0,0.0,116.8,0.0,116.8,2016.75,328.85,0,0,0,0.0,0,F1,325,,,,,
2026-02-18,2026-02-18,FO,NSE,STO,93125,,BLUESTARCO,,2026-04-28,2026-04-28,1800.0,CE,BLUESTARCO26APR1800CE,0.0,0.0,0.0,86.55,0.0,86.55,2016.75,262.8,0,0,0,0.0,0,F1,325,,,,,
2026-02-18,2026-02-18,FO,NSE,STO,80881,,BLUESTARCO,,2026-02-24,2026-02-24,1400.0,PE,BLUESTARCO26FEB1400PE,0.0,0.0,0.0,0.25,0.25,0.25,2016.75,0.05,12675,0,0,0.0,0,F1,325,,,,,
2026-02-18,2026-02-18,FO,NSE,STO,80934,,BLUESTARCO,,2026-02-24,2026-02-24,1640.0,PE,BLUESTARCO26FEB1640PE,0.0,0.0,0.0,1.0,1.0,1.0,2016.75,0.05,5850,0,0,0.0,0,F1,325,,,,,
2026-02-18,2026-02-18,FO,NSE,STO,79728,,BLUESTARCO,,2026-02-24,2026-02-24,2020.0,PE,BLUESTARCO26FEB2020PE,41.0,58.1,24.45,29.85,29.0,39.85,2016.75,29.85,24700,10075,84,55980112.5,83,F1,325,,,,,
2026-02-18,2026-02-18,FO,NSE,STO,81009,,BLUESTARCO,,2026-02-24,2026-02-24,2200.0,PE,BLUESTARCO26FEB2200PE,0.0,0.0,0.0,450.25,0.0,450.25,2016.75,181.85,0,0,0,0.0,0,F1,325,,,,,
2026-02-18,2026-02-18,FO,NSE,STO,79912,,BLUESTARCO,,2026-03-30,2026-03-30,2000.0,CE,BLUESTARCO26MAR2000CE,73.0,94.15,64.5,86.8,87.0,75.0,2016.75,86.8,17225,3575,108,73027272.5,89,F1,325,,,,,
2026-02-18,2026-02-18,FO,NSE,STO,93166,,BLUESTARCO,,2026-04-28,2026-04-28,2080.0,PE,BLUESTARCO26APR2080PE,0.0,0.0,0.0,407.0,0.0,407.0,2016.75,136.05,0,0,0,0.0,0,F1,325,,,,,
2026-02-18,2026-02-18,FO,NSE,STO,92602,,BLUESTARCO,,2026-03-30,2026-03-30,1820.0,CE,BLUESTARCO26MAR1820CE,0.0,0.0,0.0,56.15,0.0,56.15,2016.75,224.1,0,0,0,0.0,0,F1,325,,,,,
2026-02-18,2026-02-18,FO,NSE,STO,79895,,BLUESTARCO,,2026-03-30,2026-03-30,1760.0,CE,BLUESTARCO26MAR1760CE,237.55,237.55,237.55,237.55,237.55,226.3,2016.75,275.85,0,-975,3,1947611.25,2,F1,325,,,,,
2026-02-18,2026-02-18,FO,NSE,STO,93130,,BLUESTARCO,,2026-04-28,2026-04-28,1840.0,PE,BLUESTARCO26APR1840PE,0.0,0.0,0.0,218.3,0.0,218.3,2016.75,36.6,0,0,0,0.0,0,F1,325,,,,,
2026-02-18,2026-02-18,FO,NSE,STO,93121,,BLUESTARCO,,2026-04-28,2026-04-28,1720.0,PE,BLUESTARCO26APR1720PE,0.0,0.0,0.0,142.95,0.0,142.95,2016.75,14.3,0,0,0,0.0,0,F1,325,,,,,
2026-02-18,2026-02-18,FO,NSE,STO,79903,,BLUESTARCO,,2026-03-30,2026-03-30,1840.0,PE,BLUESTARCO26MAR1840PE,0.0,0.0,0.0,19.85,19.85,19.85,2016.75,20.0,0,0,0,0.0,0,F1,325,,,,,
2026-02-18,2026-02-18,FO,NSE,STO,79894,,BLUESTARCO,,2026-03-30,2026-03-30,1720.0,PE,BLUESTARCO26MAR1720PE,0.0,0.0,0.0,126.85,0.0,126.85,2016.75,5.2,0,0,0,0.0,0,F1,325,,,,,
2026-02-18,2026-02-18,FO,NSE,STO,81005,,BLUESTARCO,,2026-02-24,2026-02-24,2120.0,PE,BLUESTARCO26FEB2120PE,0.0,0.0,0.0,382.85,0.0,382.85,2016.75,106.3,0,0,0,0.0,0,F1,325,,,,,
2026-02-18,2026-02-18,FO,NSE,STO,93165,,BLUESTARCO,,2026-04-28,2026-04-28,2080.0,CE,BLUESTARCO26APR2080CE,0.0,0.0,0.0,26.35,0.0,26.35,2016.75,94.3,0,0,0,0.0,0,F1,325,,,,,
2026-02-18,2026-02-18,FO,NSE,STO,79478,,BLUESTARCO,,2026-02-24,2026-02-24,1540.0,PE,BLUESTARCO26FEB1540PE,0.0,0.0,0.0,18.0,18.0,18.0,2016.75,0.05,1300,0,0,0.0,0,F1,325,,,,,
2026-02-18,2026-02-18,FO,NSE,STO,80947,,BLUESTARCO,,2026-02-24,2026-02-24,1800.0,PE,BLUESTARCO26FEB1800PE,1.7,2.8,0.9,1.1,1.1,1.6,2016.75,0.05,58175,650,201,117692233.75,172,F1,325,,,,,
2026-02-18,2026-02-18,FO,NSE,STO,79883,,BLUESTARCO,,2026-03-30,2026-03-30,1560.0,PE,BLUESTARCO26MAR1560PE,0.0,0.0,0.0,59.5,0.0,59.5,2016.75,0.45,0,0,0,0.0,0,F1,325,,,,,
2026-02-18,2026-02-18,FO,NSE,STO,79901,,BLUESTARCO,,2026-03-30,2026-03-30,1800.0,PE,BLUESTARCO26MAR1800PE,15.95,17.65,12.0,12.0,12.0,17.0,2016.75,13.35,7150,-325,5,2950723.75,5,F1,325,,,,,
2026-02-18,2026-02-18,FO,NSE,STO,92665,,BLUESTARCO,,2026-03-30,2026-03-30,2020.0,PE,BLUESTARCO26MAR2020PE,0.0,0.0,0.0,350.05,0.0,350.05,2016.75,81.35,0,0,0,0.0,0,F1,325,,,,,
2026-02-18,2026-02-18,FO,NSE,STO,93091,,BLUESTARCO,,2026-04-28,2026-04-28,1520.0,PE,BLUESTARCO26APR1520PE,0.0,0.0,0.0,54.95,0.0,54.95,2016.75,1.6,0,0,0,0.0,0,F1,325,,,,,
2026-02-18,2026-02-18,FO,NSE,STO,79723,,BLUESTARCO,,2026-02-24,2026-02-24,2020.0,CE,BLUESTARCO26FEB2020CE,23.45,36.0,14.35,28.65,30.0,23.1,2016.75,28.65,105300,11700,1474,981123568.75,1056,F1,325,,,,,
2026-02-18,2026-02-18,FO,NSE,STO,79888,,BLUESTARCO,,2026-03-30,2026-03-30,1680.0,CE,BLUESTARCO26MAR1680CE,0.0,0.0,0.0,160.05,0.0,160.05,2016.75,349.9,0,0,0,0.0,0,F1,325,,,,,
2026-02-18,2026-02-18,FO,NSE,STO,92618,,BLUESTARCO,,2026-03-30,2026-03-30,1940.0,CE,BLUESTARCO26MAR1940CE,0.0,0.0,0.0,29.65,0.0,29.65,2016.75,135.5,0,0,0,0.0,0,F1,325,,,,,
2026-02-18,2026-02-18,FO,NSE,STO,79755,,BLUESTARCO,,2026-02-24,2026-02-24,2100.0,CE,BLUESTARCO26FEB2100CE,5.05,9.2,3.35,5.45,5.75,4.75,2016.75,5.45,216775,91975,2440,1670972858.75,1900,F1,325,,,,,
2026-02-18,2026-02-18,FO,NSE,STO,79837,,BLUESTARCO,,2026-03-30,2026-03-30,1480.0,CE,BLUESTARCO26MAR1480CE,0.0,0.0,0.0,287.05,0.0,287.05,2016.75,545.75,0,0,0,0.0,0,F1,325,,,,,
2026-02-18,2026-02-18,FO,NSE,STO,92663,,BLUESTARCO,,2026-03-30,2026-03-30,2020.0,CE,BLUESTARCO26MAR2020CE,63.85,69.45,63.85,69.45,69.45,18.65,2016.75,90.25,0,0,2,1356322.5,2,F1,325,,,,,
2026-02-18,2026-02-18,FO,NSE,STO,93128,,BLUESTARCO,,2026-04-28,2026-04-28,1840.0,CE,BLUESTARCO26APR1840CE,0.0,0.0,0.0,73.95,0.0,73.95,2016.75,232.35,0,0,0,0.0,0,F1,325,,,,,
2026-02-18,2026-02-18,FO,NSE,STO,79482,,BLUESTARCO,,2026-02-24,2026-02-24,1620.0,PE,BLUESTARCO26FEB1620PE,0.0,0.0,0.0,3.3,3.3,3.3,2016.75,0.05,13000,0,0,0.0,0,F1,325,,,,,
2026-02-18,2026-02-18,FO,NSE,STO,79486,,BLUESTARCO,,2026-02-24,2026-02-24,1700.0,PE,BLUESTARCO26FEB1700PE,0.75,1.05,0.5,0.65,0.65,0.75,2016.75,0.65,55575,-8450,59,32610955.0,56,F1,325,,,,,
2026-02-18,2026-02-18,FO,NSE,STO,79566,,BLUESTARCO,,2026-02-24,2026-02-24,1940.0,PE,BLUESTARCO26FEB1940PE,7.05,18.05,4.0,5.2,5.1,8.5,2016.75,5.2,86775,25350,287,181531805.0,259,F1,325,,,,,
2026-02-18,2026-02-18,FO,NSE,STO,79756,,BLUESTARCO,,2026-02-24,2026-02-24,2100.0,PE,BLUESTARCO26FEB2100PE,0.0,0.0,0.0,386.85,0.0,386.85,2016.75,89.05,0,0,0,0.0,0,F1,325,,,,,
2026-02-18,2026-02-18,FO,NSE,STO,79875,,BLUESTARCO,,2026-03-30,2026-03-30,1520.0,PE,BLUESTARCO26MAR1520PE,0.0,0.0,0.0,47.5,0.0,47.5,2016.75,0.2,0,0,0,0.0,0,F1,325,,,,,
2026-02-18,2026-02-18,FO,NSE,STO,92573,,BLUESTARCO,,2026-03-30,2026-03-30,1620.0,PE,BLUESTARCO26MAR1620PE,0.0,0.0,0.0,74.95,0.0,74.95,2016.75,1.2,0,0,0,0.0,0,F1,325,,,,,
2026-02-18,2026-02-18,FO,NSE,STO,79564,,BLUESTARCO,,2026-02-24,2026-02-24,1900.0,PE,BLUESTARCO26FEB1900PE,4.25,9.2,2.0,2.6,2.25,3.6,2016.75,2.6,69225,-14300,281,173842922.5,249,F1,325,,,,,
2026-02-18,2026-02-18,FO,NSE,STO,79908,,BLUESTARCO,,2026-03-30,2026-03-30,1920.0,CE,BLUESTARCO26MAR1920CE,0.0,0.0,0.0,67.9,0.0,67.9,2016.75,148.65,0,0,0,0.0,0,F1,325,,,,,
2026-02-18,2026-02-18,FO,NSE,STO,80937,,BLUESTARCO,,2026-02-24,2026-02-24,1680.0,PE,BLUESTARCO26FEB1680PE,0.6,1.0,0.6,0.6,0.6,0.8,2016.75,0.05,17875,1300,30,16386532.5,30,F1,325,,,,,
2026-02-18,2026-02-18,FO,NSE,STO,79480,,BLUESTARCO,,2026-02-24,2026-02-24,1580.0,PE,BLUESTARCO26FEB1580PE,0.0,0.0,0.0,0.9,0.9,0.9,2016.75,0.05,1300,0,0,0.0,0,F1,325,,,,,
2026-02-18,2026-02-18,FO,NSE,STO,93169,,BLUESTARCO,,2026-04-28,2026-04-28,2160.0,CE,BLUESTARCO26APR2160CE,0.0,0.0,0.0,18.15,0.0,18.15,2016.75,65.55,0,0,0,0.0,0,F1,325,,,,,
2026-02-18,2026-02-18,FO,NSE,STO,93131,,BLUESTARCO,,2026-04-28,2026-04-28,1880.0,CE,BLUESTARCO26APR1880CE,0.0,0.0,0.0,62.95,0.0,62.95,2016.75,203.9,0,0,0,0.0,0,F1,325,,,,,
2026-02-18,2026-02-18,FO,NSE,STO,79975,,BLUESTARCO,,2026-03-30,2026-03-30,2080.0,CE,BLUESTARCO26MAR2080CE,0.0,0.0,0.0,35.35,0.0,35.35,2016.75,63.95,0,0,0,0.0,0,F1,325,,,,,
2026-02-18,2026-02-18,FO,NSE,STO,93122,,BLUESTARCO,,2026-04-28,2026-04-28,1760.0,CE,BLUESTARCO26APR1760CE,0.0,0.0,0.0,100.8,0.0,100.8,2016.75,295.05,0,0,0,0.0,0,F1,325,,,,,
2026-02-18,2026-02-18,FO,NSE,STO,93163,,BLUESTARCO,,2026-04-28,2026-04-28,2040.0,CE,BLUESTARCO26APR2040CE,0.0,0.0,0.0,31.65,0.0,31.65,2016.75,111.8,0,0,0,0.0,0,F1,325,,,,,
2026-02-18,2026-02-18,FO,NSE,STO,79484,,BLUESTARCO,,2026-02-24,2026-02-24,1660.0,PE,BLUESTARCO26FEB1660PE,0.5,1.05,0.4,0.65,0.65,0.5,2016.75,0.05,40300,-1625,9,4857612.5,9,F1,325,,,,,
2026-02-18,2026-02-18,FO,NSE,STO,80939,,BLUESTARCO,,2026-02-24,2026-02-24,1720.0,PE,BLUESTARCO26FEB1720PE,0.7,0.7,0.6,0.65,0.65,0.9,2016.75,0.65,11375,-9100,41,22927336.25,39,F1,325,,,,,
2026-02-18,2026-02-18,FO,NSE,STO,80944,,BLUESTARCO,,2026-02-24,2026-02-24,1760.0,PE,BLUESTARCO26FEB1760PE,0.6,1.05,0.35,0.4,0.4,1.2,2016.75,0.4,20475,0,4,2288780.0,4,F1,325,,,,,
2026-02-18,2026-02-18,FO,NSE,STO,79863,,BLUESTARCO,,2026-03-30,2026-03-30,1480.0,PE,BLUESTARCO26MAR1480PE,0.0,0.0,0.0,37.1,0.0,37.1,2016.75,0.1,0,0,0,0.0,0,F1,325,,,,,
2026-02-18,2026-02-18,FO,NSE,STO,79836,,BLUESTARCO,,2026-03-30,2026-03-30,1440.0,PE,BLUESTARCO26MAR1440PE,0.0,0.0,0.0,28.45,0.0,28.45,2016.75,0.05,0,0,0,0.0,0,F1,325,,,,,
2026-02-18,2026-02-18,FO,NSE,STO,80993,,BLUESTARCO,,2026-02-24,2026-02-24,2040.0,PE,BLUESTARCO26FEB2040PE,0.0,0.0,0.0,52.45,52.45,52.45,2016.75,45.25,8450,0,0,0.0,0,F1,325,,,,,
2026-02-18,2026-02-18,FO,NSE,STO,93167,,BLUESTARCO,,2026-04-28,2026-04-28,2120.0,CE,BLUESTARCO26APR2120CE,0.0,0.0,0.0,21.9,0.0,21.9,2016.75,78.95,0,0,0,0.0,0,F1,325,,,,,
2026-02-18,2026-02-18,FO,NSE,STO,93094,,BLUESTARCO,,2026-04-28,2026-04-28,1600.0,CE,BLUESTARCO26APR1600CE,0.0,0.0,0.0,176.25,0.0,176.25,2016.75,437.6,0,0,0,0.0,0,F1,325,,,,,
2026-02-18,2026-02-18,FO,NSE,STO,80023,,BLUESTARCO,,2026-03-30,2026-03-30,2200.0,CE,BLUESTARCO26MAR2200CE,15.95,22.0,13.75,20.05,20.7,15.95,2016.75,20.05,3900,1625,27,19463876.25,27,F1,325,,,,,
2026-02-18,2026-02-18,FO,NSE,STO,92675,,BLUESTARCO,,2026-03-30,2026-03-30,2180.0,CE,BLUESTARCO26MAR2180CE,15.6,17.25,14.9,17.25,17.25,19.0,2016.75,33.4,5200,3575,14,9989720.0,10,F1,325,,,,,
2026-02-18,2026-02-18,FO,NSE,STO,79905,,BLUESTARCO,,2026-03-30,2026-03-30,1880.0,CE,BLUESTARCO26MAR1880CE,175.0,175.0,175.0,175.0,175.0,79.0,2016.75,176.95,325,-325,1,667875.0,1,F1,325,,,,,
2026-02-18,2026-02-18,FO,NSE,STO,79902,,BLUESTARCO,,2026-03-30,2026-03-30,1840.0,CE,BLUESTARCO26MAR1840CE,0.0,0.0,0.0,91.95,0.0,91.95,2016.75,207.85,0,0,0,0.0,0,F1,325,,,,,
2026-02-18,2026-02-18,FO,NSE,STO,79890,,BLUESTARCO,,2026-03-30,2026-03-30,1720.0,CE,BLUESTARCO26MAR1720CE,0.0,0.0,0.0,140.3,0.0,140.3,2016.75,312.3,0,0,0,0.0,0,F1,325,,,,,
2026-02-18,2026-02-18,FO,NSE,STO,92574,,BLUESTARCO,,2026-03-30,2026-03-30,1660.0,CE,BLUESTARCO26MAR1660CE,0.0,0.0,0.0,118.2,0.0,118.2,2016.75,369.0,0,0,0,0.0,0,F1,325,,,,,
2026-02-18,2026-02-18,FO,NSE,STO,79886,,BLUESTARCO,,2026-03-30,2026-03-30,1640.0,CE,BLUESTARCO26MAR1640CE,0.0,0.0,0.0,181.65,0.0,181.65,2016.75,388.3,0,0,0,0.0,0,F1,325,,,,,
2026-02-18,2026-02-18,FO,NSE,STO,92569,,BLUESTARCO,,2026-03-30,2026-03-30,1580.0,CE,BLUESTARCO26MAR1580CE,0.0,0.0,0.0,163.05,0.0,163.05,2016.75,446.85,0,0,0,0.0,0,F1,325,,,,,
2026-02-18,2026-02-18,FO,NSE,STO,79876,,BLUESTARCO,,2026-03-30,2026-03-30,1560.0,CE,BLUESTARCO26MAR1560CE,0.0,0.0,0.0,230.6,0.0,230.6,2016.75,466.55,0,0,0,0.0,0,F1,325,,,,,
2026-02-18,2026-02-18,FO,NSE,STO,79763,,BLUESTARCO,,2026-02-24,2026-02-24,2180.0,CE,BLUESTARCO26FEB2180CE,0.0,0.0,0.0,8.55,0.0,8.55,2016.75,1.05,0,0,0,0.0,0,F1,325,,,,,
2026-02-18,2026-02-18,FO,NSE,STO,79757,,BLUESTARCO,,2026-02-24,2026-02-24,2140.0,CE,BLUESTARCO26FEB2140CE,3.75,4.2,2.65,2.75,2.75,2.55,2016.75,2.75,16250,-650,16,11146183.75,16,F1,325,,,,,
2026-02-18,2026-02-18,FO,NSE,STO,81004,,BLUESTARCO,,2026-02-24,2026-02-24,2120.0,CE,BLUESTARCO26FEB2120CE,2.9,6.05,2.55,3.95,3.75,3.5,2016.75,3.95,64025,325,62,42799623.75,51,F1,325,,,,,
2026-02-18,2026-02-18,FO,NSE,STO,80965,,BLUESTARCO,,2026-02-24,2026-02-24,1920.0,CE,BLUESTARCO26FEB1920CE,106.0,106.55,104.25,104.35,104.35,71.0,2016.75,102.95,11700,0,7,4607411.25,7,F1,325,,,,,
2026-02-18,2026-02-18,FO,NSE,STO,80940,,BLUESTARCO,,2026-02-24,2026-02-24,1760.0,CE,BLUESTARCO26FEB1760CE,247.75,264.6,241.7,264.6,264.6,220.0,2016.75,264.6,15600,-325,4,2618281.25,4,F1,325,,,,,
2026-02-18,2026-02-18,FO,NSE,STO,79523,,BLUESTARCO,,2026-02-24,2026-02-24,1860.0,CE,BLUESTARCO26FEB1860CE,122.0,161.8,122.0,161.6,161.15,157.75,2016.75,161.6,22425,-1300,10,6529526.25,10,F1,325,,,,,
2026-02-18,2026-02-18,FO,NSE,STO,81006,,BLUESTARCO,,2026-02-24,2026-02-24,2160.0,CE,BLUESTARCO26FEB2160CE,2.0,3.1,1.5,2.6,2.6,2.1,2016.75,1.85,84825,-2600,37,26001478.75,37,F1,325,,,,,
2026-02-18,2026-02-18,FO,NSE,STO,92593,,BLUESTARCO,,2026-03-30,2026-03-30,1740.0,CE,BLUESTARCO26MAR1740CE,0.0,0.0,0.0,82.85,0.0,82.85,2016.75,293.9,0,0,0,0.0,0,F1,325,,,,,
2026-02-18,2026-02-18,FO,NSE,STO,93161,,BLUESTARCO,,2026-04-28,2026-04-28,2000.0,CE,BLUESTARCO26APR2000CE,0.0,0.0,0.0,37.8,0.0,37.8,2016.75,131.45,0,0,0,0.0,0,F1,325,,,,,
2026-02-18,2026-02-18,FO,NSE,STO,81013,,BLUESTARCO,,2026-02-24,2026-02-24,2280.0,PE,BLUESTARCO26FEB2280PE,0.0,0.0,0.0,520.6,0.0,520.6,2016.75,261.25,0,0,0,0.0,0,F1,325,,,,,
2026-02-18,2026-02-18,FO,NSE,STO,92575,,BLUESTARCO,,2026-03-30,2026-03-30,1660.0,PE,BLUESTARCO26MAR1660PE,0.0,0.0,0.0,93.35,0.0,93.35,2016.75,2.25,0,0,0,0.0,0,F1,325,,,,,
2026-02-18,2026-02-18,FO,NSE,STO,92601,,BLUESTARCO,,2026-03-30,2026-03-30,1780.0,PE,BLUESTARCO26MAR1780PE,0.0,0.0,0.0,12.95,12.95,12.95,2016.75,10.75,325,0,0,0.0,0,F1,325,,,,,
2026-02-18,2026-02-18,FO,NSE,STO,80036,,BLUESTARCO,,2026-03-30,2026-03-30,2200.0,PE,BLUESTARCO26MAR2200PE,0.0,0.0,0.0,480.3,0.0,480.3,2016.75,199.05,0,0,0,0.0,0,F1,325,,,,,
2026-02-18,2026-02-18,FO,NSE,STO,79481,,BLUESTARCO,,2026-02-24,2026-02-24,1620.0,CE,BLUESTARCO26FEB1620CE,0.0,0.0,0.0,129.4,129.4,129.4,2016.75,398.2,325,0,0,0.0,0,F1,325,,,,,
2026-02-18,2026-02-18,FO,NSE,STO,79485,,BLUESTARCO,,2026-02-24,2026-02-24,1700.0,CE,BLUESTARCO26FEB1700CE,0.0,0.0,0.0,262.0,262.0,262.0,2016.75,318.3,23400,0,0,0.0,0,F1,325,,,,,
2026-02-18,2026-02-18,FO,NSE,STO,81007,,BLUESTARCO,,2026-02-24,2026-02-24,2160.0,PE,BLUESTARCO26FEB2160PE,0.0,0.0,0.0,416.15,0.0,416.15,2016.75,143.15,0,0,0,0.0,0,F1,325,,,,,
2026-02-18,2026-02-18,FO,NSE,STO,79518,,BLUESTARCO,,2026-02-24,2026-02-24,1780.0,PE,BLUESTARCO26FEB1780PE,1.5,2.1,0.75,0.9,0.9,1.3,2016.75,0.05,13325,1625,33,19103500.0,27,F1,325,,,,,
2026-02-18,2026-02-18,FO,NSE,STO,93171,,BLUESTARCO,,2026-04-28,2026-04-28,2200.0,CE,BLUESTARCO26APR2200CE,0.0,0.0,0.0,14.95,0.0,14.95,2016.75,54.05,0,0,0,0.0,0,F1,325,,,,,
2026-02-18,2026-02-18,FO,NSE,STO,92568,,BLUESTARCO,,2026-03-30,2026-03-30,1540.0,PE,BLUESTARCO26MAR1540PE,0.0,0.0,0.0,45.4,0.0,45.4,2016.75,0.3,0,0,0,0.0,0,F1,325,,,,,
2026-02-18,2026-02-18,FO,NSE,STO,92571,,BLUESTARCO,,2026-03-30,2026-03-30,1580.0,PE,BLUESTARCO26MAR1580PE,0.0,0.0,0.0,59.0,0.0,59.0,2016.75,0.6,0,0,0,0.0,0,F1,325,,,,,
2026-02-18,2026-02-18,FO,NSE,STO,92599,,BLUESTARCO,,2026-03-30,2026-03-30,1740.0,PE,BLUESTARCO26MAR1740PE,0.0,0.0,0.0,102.0,102.0,102.0,2016.75,6.7,325,0,0,0.0,0,F1,325,,,,,
2026-02-18,2026-02-18,FO,NSE,STO,92657,,BLUESTARCO,,2026-03-30,2026-03-30,1980.0,PE,BLUESTARCO26MAR1980PE,58.45,58.45,57.1,57.1,57.1,315.4,2016.75,57.1,975,975,3,1986611.25,3,F1,325,,,,,
2026-02-18,2026-02-18,FO,NSE,STO,79483,,BLUESTARCO,,2026-02-24,2026-02-24,1660.0,CE,BLUESTARCO26FEB1660CE,0.0,0.0,0.0,157.95,157.95,157.95,2016.75,358.25,5850,0,0,0.0,0,F1,325,,,,,
2026-02-18,2026-02-18,FO,NSE,STO,80950,,BLUESTARCO,,2026-02-24,2026-02-24,1880.0,CE,BLUESTARCO26FEB1880CE,144.0,144.7,144.0,144.5,144.7,121.0,2016.75,144.5,11700,-325,4,2631687.5,4,F1,325,,,,,
2026-02-18,2026-02-18,FO,NSE,STO,79479,,BLUESTARCO,,2026-02-24,2026-02-24,1580.0,CE,BLUESTARCO26FEB1580CE,0.0,0.0,0.0,188.15,0.0,188.15,2016.75,438.2,0,0,0,0.0,0,F1,325,,,,,
2026-02-18,2026-02-18,FO,NSE,STO,80946,,BLUESTARCO,,2026-02-24,2026-02-24,1800.0,CE,BLUESTARCO26FEB1800CE,202.05,202.05,191.45,191.45,191.45,200.0,2016.75,218.45,50375,-650,3,1945385.0,3,F1,325,,,,,
2026-02-18,2026-02-18,FO,NSE,STO,93174,,BLUESTARCO,,2026-04-28,2026-04-28,2240.0,PE,BLUESTARCO26APR2240PE,0.0,0.0,0.0,550.5,0.0,550.5,2016.75,244.3,0,0,0,0.0,0,F1,325,,,,,
2026-02-18,2026-02-18,FO,NSE,STO,93168,,BLUESTARCO,,2026-04-28,2026-04-28,2120.0,PE,BLUESTARCO26APR2120PE,0.0,0.0,0.0,441.95,0.0,441.95,2016.75,160.25,0,0,0,0.0,0,F1,325,,,,,
2026-02-18,2026-02-18,FO,NSE,STO,93164,,BLUESTARCO,,2026-04-28,2026-04-28,2040.0,PE,BLUESTARCO26APR2040PE,0.0,0.0,0.0,372.9,0.0,372.9,2016.75,113.95,0,0,0,0.0,0,F1,325,,,,,
2026-02-18,2026-02-18,FO,NSE,STO,93115,,BLUESTARCO,,2026-04-28,2026-04-28,1680.0,PE,BLUESTARCO26APR1680PE,0.0,0.0,0.0,121.45,0.0,121.45,2016.75,9.9,0,0,0,0.0,0,F1,325,,,,,
2026-02-18,2026-02-18,FO,NSE,STO,79976,,BLUESTARCO,,2026-03-30,2026-03-30,2080.0,PE,BLUESTARCO26MAR2080PE,0.0,0.0,0.0,376.55,0.0,376.55,2016.75,114.7,0,0,0,0.0,0,F1,325,,,,,
2026-02-18,2026-02-18,FO,NSE,STO,92617,,BLUESTARCO,,2026-03-30,2026-03-30,1900.0,PE,BLUESTARCO26MAR1900PE,45.5,46.0,31.15,33.9,33.9,35.65,2016.75,33.9,2275,975,11,6937320.0,10,F1,325,,,,,
2026-02-18,2026-02-18,FO,NSE,STO,80969,,BLUESTARCO,,2026-02-24,2026-02-24,1920.0,PE,BLUESTARCO26FEB1920PE,4.2,13.65,2.45,3.4,3.3,4.65,2016.75,3.4,223600,-83200,741,463790226.25,522,F1,325,,,,,
2026-02-18,2026-02-18,FO,NSE,STO,79910,,BLUESTARCO,,2026-03-30,2026-03-30,1960.0,CE,BLUESTARCO26MAR1960CE,0.0,0.0,0.0,58.05,0.0,58.05,2016.75,123.1,0,0,0,0.0,0,F1,325,,,,,
2026-02-18,2026-02-18,FO,NSE,STO,80890,,BLUESTARCO,,2026-02-24,2026-02-24,1520.0,PE,BLUESTARCO26FEB1520PE,0.0,0.0,0.0,0.2,0.2,0.2,2016.75,0.05,8775,0,0,0.0,0,F1,325,,,,,
2026-02-18,2026-02-18,FO,NSE,STO,92572,,BLUESTARCO,,2026-03-30,2026-03-30,1620.0,CE,BLUESTARCO26MAR1620CE,0.0,0.0,0.0,139.4,0.0,139.4,2016.75,407.7,0,0,0,0.0,0,F1,325,,,,,
2026-02-18,2026-02-18,FO,NSE,STO,79864,,BLUESTARCO,,2026-03-30,2026-03-30,1520.0,CE,BLUESTARCO26MAR1520CE,0.0,0.0,0.0,258.0,0.0,258.0,2016.75,506.1,0,0,0,0.0,0,F1,325,,,,,
2026-02-18,2026-02-18,FO,NSE,STO,81012,,BLUESTARCO,,2026-02-24,2026-02-24,2280.0,CE,BLUESTARCO26FEB2280CE,0.0,0.0,0.0,21.65,0.0,21.65,2016.75,0.05,0,0,0,0.0,0,F1,325,,,,,
2026-02-18,2026-02-18,FO,NSE,STO,81010,,BLUESTARCO,,2026-02-24,2026-02-24,2240.0,CE,BLUESTARCO26FEB2240CE,0.8,1.15,0.4,0.85,0.85,0.8,2016.75,0.15,22100,-1950,16,11652095.0,14,F1,325,,,,,
2026-02-18,2026-02-18,FO,NSE,STO,79729,,BLUESTARCO,,2026-02-24,2026-02-24,2060.0,CE,BLUESTARCO26FEB2060CE,10.75,19.15,6.6,13.35,13.55,10.3,2016.75,13.35,82875,-62725,628,423456946.25,505,F1,325,,,,,
2026-02-18,2026-02-18,FO,NSE,STO,80992,,BLUESTARCO,,2026-02-24,2026-02-24,2040.0,CE,BLUESTARCO26FEB2040CE,16.8,26.45,9.8,20.45,22.15,15.75,2016.75,20.45,57525,9100,765,512307753.75,547,F1,325,,,,,
2026-02-18,2026-02-18,FO,NSE,STF,51829,,BLUESTARCO,,2026-03-30,2026-03-30,,,BLUESTARCO26MARFUT,1995.6,2033.1,1976.0,2022.2,2029.8,2003.1,2016.75,2022.2,491400,126100,932,609503277.5,899,F1,325,,,,,
2026-02-18,2026-02-18,FO,NSE,STO,79906,,BLUESTARCO,,2026-03-30,2026-03-30,1880.0,PE,BLUESTARCO26MAR1880PE,30.2,35.7,22.05,26.25,26.25,29.0,2016.75,26.25,325,-325,9,5577162.5,8,F1,325,,,,,
2026-02-18,2026-02-18,FO,NSE,STO,93137,,BLUESTARCO,,2026-04-28,2026-04-28,1880.0,PE,BLUESTARCO26APR1880PE,0.0,0.0,0.0,246.65,0.0,246.65,2016.75,47.7,0,0,0,0.0,0,F1,325,,,,,
2026-02-18,2026-02-18,FO,NSE,STO,93095,,BLUESTARCO,,2026-04-28,2026-04-28,1600.0,PE,BLUESTARCO26APR1600PE,0.0,0.0,0.0,84.25,0.0,84.25,2016.75,4.3,0,0,0,0.0,0,F1,325,,,,,
2026-02-18,2026-02-18,FO,NSE,STO,80046,,BLUESTARCO,,2026-03-30,2026-03-30,2280.0,PE,BLUESTARCO26MAR2280PE,0.0,0.0,0.0,552.7,0.0,552.7,2016.75,265.45,0,0,0,0.0,0,F1,325,,,,,
2026-02-18,2026-02-18,FO,NSE,STO,80042,,BLUESTARCO,,2026-03-30,2026-03-30,2240.0,PE,BLUESTARCO26MAR2240PE,0.0,0.0,0.0,516.2,0.0,516.2,2016.75,231.4,0,0,0,0.0,0,F1,325,,,,,
2026-02-18,2026-02-18,FO,NSE,STO,92668,,BLUESTARCO,,2026-03-30,2026-03-30,2060.0,PE,BLUESTARCO26MAR2060PE,0.0,0.0,0.0,385.6,0.0,385.6,2016.75,102.85,0,0,0,0.0,0,F1,325,,,,,
2026-02-18,2026-02-18,FO,NSE,STO,79953,,BLUESTARCO,,2026-03-30,2026-03-30,2040.0,PE,BLUESTARCO26MAR2040PE,0.0,0.0,0.0,343.65,0.0,343.65,2016.75,91.75,0,0,0,0.0,0,F1,325,,,,,
2026-02-18,2026-02-18,FO,NSE,STO,79911,,BLUESTARCO,,2026-03-30,2026-03-30,1960.0,PE,BLUESTARCO26MAR1960PE,0.0,0.0,0.0,281.05,0.0,281.05,2016.75,54.55,0,0,0,0.0,0,F1,325,,,,,
2026-02-18,2026-02-18,FO,NSE,STO,92619,,BLUESTARCO,,2026-03-30,2026-03-30,1940.0,PE,BLUESTARCO26MAR1940PE,40.0,40.0,40.0,40.0,40.0,281.85,2016.75,47.1,325,325,1,643500.0,1,F1,325,,,,,
2026-02-18,2026-02-18,FO,NSE,STO,79766,,BLUESTARCO,,2026-02-24,2026-02-24,2180.0,PE,BLUESTARCO26FEB2180PE,0.0,0.0,0.0,460.4,0.0,460.4,2016.75,162.35,0,0,0,0.0,0,F1,325,,,,,
2026-02-18,2026-02-18,FO,NSE,STO,92674,,BLUESTARCO,,2026-03-30,2026-03-30,2140.0,PE,BLUESTARCO26MAR2140PE,0.0,0.0,0.0,459.0,0.0,459.0,2016.75,154.2,0,0,0,0.0,0,F1,325,,,,,
2026-02-18,2026-02-18,FO,NSE,STO,93083,,BLUESTARCO,,2026-04-28,2026-04-28,1440.0,PE,BLUESTARCO26APR1440PE,0.0,0.0,0.0,33.4,0.0,33.4,2016.75,0.5,0,0,0,0.0,0,F1,325,,,,,
2026-02-18,2026-02-18,FO,NSE,STO,93097,,BLUESTARCO,,2026-04-28,2026-04-28,1640.0,PE,BLUESTARCO26APR1640PE,0.0,0.0,0.0,101.85,0.0,101.85,2016.75,6.65,0,0,0,0.0,0,F1,325,,,,,
2026-02-18,2026-02-18,FO,NSE,STO,93126,,BLUESTARCO,,2026-04-28,2026-04-28,1800.0,PE,BLUESTARCO26APR1800PE,0.0,0.0,0.0,191.5,0.0,191.5,2016.75,27.45,0,0,0,0.0,0,F1,325,,,,,
2026-02-18,2026-02-18,FO,NSE,STO,81011,,BLUESTARCO,,2026-02-24,2026-02-24,2240.0,PE,BLUESTARCO26FEB2240PE,0.0,0.0,0.0,485.1,0.0,485.1,2016.75,221.4,0,0,0,0.0,0,F1,325,,,,,
2026-02-18,2026-02-18,FO,NSE,STO,79754,,BLUESTARCO,,2026-02-24,2026-02-24,2060.0,PE,BLUESTARCO26FEB2060PE,0.0,0.0,0.0,72.5,72.5,72.5,2016.75,58.3,650,0,0,0.0,0,F1,325,,,,,
2026-02-18,2026-02-18,FO,NSE,STO,80956,,BLUESTARCO,,2026-02-24,2026-02-24,1880.0,PE,BLUESTARCO26FEB1880PE,2.65,6.3,1.65,2.0,1.8,2.9,2016.75,2.0,30225,0,122,74644423.75,110,F1,325,,,,,
2026-02-18,2026-02-18,FO,NSE,STO,80892,,BLUESTARCO,,2026-02-24,2026-02-24,1560.0,PE,BLUESTARCO26FEB1560PE,0.0,0.0,0.0,54.35,0.0,54.35,2016.75,0.05,0,0,0,0.0,0,F1,325,,,,,
2026-02-18,2026-02-18,FO,NSE,STO,80883,,BLUESTARCO,,2026-02-24,2026-02-24,1440.0,PE,BLUESTARCO26FEB1440PE,0.05,0.05,0.05,0.05,0.05,0.05,2016.75,0.05,13000,0,1,468016.25,1,F1,325,,,,,
2026-02-18,2026-02-18,FO,NSE,STO,93092,,BLUESTARCO,,2026-04-28,2026-04-28,1560.0,CE,BLUESTARCO26APR1560CE,0.0,0.0,0.0,200.0,0.0,200.0,2016.75,475.6,0,0,0,0.0,0,F1,325,,,,,
2026-02-18,2026-02-18,FO,NSE,STO,93082,,BLUESTARCO,,2026-04-28,2026-04-28,1440.0,CE,BLUESTARCO26APR1440CE,0.0,0.0,0.0,282.95,0.0,282.95,2016.75,592.15,0,0,0,0.0,0,F1,325,,,,,
2026-02-18,2026-02-18,FO,NSE,STO,92606,,BLUESTARCO,,2026-03-30,2026-03-30,1900.0,CE,BLUESTARCO26MAR1900CE,0.0,0.0,0.0,130.0,130.0,130.0,2016.75,162.45,1625,0,0,0.0,0,F1,325,,,,,
2026-02-18,2026-02-18,FO,NSE,STO,92576,,BLUESTARCO,,2026-03-30,2026-03-30,1700.0,CE,BLUESTARCO26MAR1700CE,0.0,0.0,0.0,99.35,0.0,99.35,2016.75,330.95,0,0,0,0.0,0,F1,325,,,,,
2026-02-18,2026-02-18,FO,NSE,STO,79884,,BLUESTARCO,,2026-03-30,2026-03-30,1600.0,CE,BLUESTARCO26MAR1600CE,0.0,0.0,0.0,205.2,0.0,205.2,2016.75,427.25,0,0,0,0.0,0,F1,325,,,,,
2026-02-18,2026-02-18,FO,NSE,STO,92567,,BLUESTARCO,,2026-03-30,2026-03-30,1540.0,CE,BLUESTARCO26MAR1540CE,0.0,0.0,0.0,189.05,0.0,189.05,2016.75,486.3,0,0,0,0.0,0,F1,325,,,,,
2026-02-18,2026-02-18,FO,NSE,STO,81008,,BLUESTARCO,,2026-02-24,2026-02-24,2200.0,CE,BLUESTARCO26FEB2200CE,1.0,1.75,0.95,1.0,0.95,1.25,2016.75,1.0,14300,-1300,60,42927576.25,34,F1,325,,,,,
2026-02-18,2026-02-18,FO,NSE,STO,80974,,BLUESTARCO,,2026-02-24,2026-02-24,2000.0,CE,BLUESTARCO26FEB2000CE,27.0,47.5,20.6,40.0,41.15,31.85,2016.75,40.0,142025,-46800,1511,999309691.25,1200,F1,325,,,,,
2026-02-18,2026-02-18,FO,NSE,STO,80948,,BLUESTARCO,,2026-02-24,2026-02-24,1840.0,CE,BLUESTARCO26FEB1840CE,164.65,164.65,164.65,164.65,164.65,164.85,2016.75,178.75,33150,0,1,651511.25,1,F1,325,,,,,
2026-02-18,2026-02-18,FO,NSE,STO,79517,,BLUESTARCO,,2026-02-24,2026-02-24,1780.0,CE,BLUESTARCO26FEB1780CE,0.0,0.0,0.0,200.65,201.0,200.65,2016.75,238.4,8125,0,0,0.0,0,F1,325,,,,,
2026-02-18,2026-02-18,FO,NSE,STO,80938,,BLUESTARCO,,2026-02-24,2026-02-24,1720.0,CE,BLUESTARCO26FEB1720CE,0.0,0.0,0.0,257.5,257.5,257.5,2016.75,298.3,26000,0,0,0.0,0,F1,325,,,,,
2026-02-18,2026-02-18,FO,NSE,STO,80936,,BLUESTARCO,,2026-02-24,2026-02-24,1680.0,CE,BLUESTARCO26FEB1680CE,0.0,0.0,0.0,282.85,282.85,282.85,2016.75,338.25,16575,0,0,0.0,0,F1,325,,,,,
2026-02-18,2026-02-18,FO,NSE,STO,80903,,BLUESTARCO,,2026-02-24,2026-02-24,1640.0,CE,BLUESTARCO26FEB1640CE,0.0,0.0,0.0,179.2,179.2,179.2,2016.75,378.25,3250,0,0,0.0,0,F1,325,,,,,
2026-02-18,2026-02-18,FO,NSE,STO,80891,,BLUESTARCO,,2026-02-24,2026-02-24,1560.0,CE,BLUESTARCO26FEB1560CE,0.0,0.0,0.0,400.2,400.2,400.2,2016.75,458.15,975,0,0,0.0,0,F1,325,,,,,
2026-02-18,2026-02-18,FO,NSE,STO,79477,,BLUESTARCO,,2026-02-24,2026-02-24,1540.0,CE,BLUESTARCO26FEB1540CE,0.0,0.0,0.0,216.55,0.0,216.55,2016.75,478.15,0,0,0,0.0,0,F1,325,,,,,
2026-02-18,2026-02-18,FO,NSE,STO,79887,,BLUESTARCO,,2026-03-30,2026-03-30,1640.0,PE,BLUESTARCO26MAR1640PE,0.0,0.0,0.0,89.35,0.0,89.35,2016.75,1.7,0,0,0,0.0,0,F1,325,,,,,
2026-02-18,2026-02-18,FO,NSE,STO,79915,,BLUESTARCO,,2026-03-30,2026-03-30,2040.0,CE,BLUESTARCO26MAR2040CE,70.45,70.45,67.5,67.5,67.5,41.85,2016.75,80.75,975,975,4,2741375.0,4,F1,325,,,,,
2026-02-18,2026-02-18,FO,NSE,STO,79977,,BLUESTARCO,,2026-03-30,2026-03-30,2120.0,CE,BLUESTARCO26MAR2120CE,0.0,0.0,0.0,24.0,24.0,24.0,2016.75,49.9,650,0,0,0.0,0,F1,325,,,,,
2026-02-18,2026-02-18,FO,NSE,STO,93088,,BLUESTARCO,,2026-04-28,2026-04-28,1520.0,CE,BLUESTARCO26APR1520CE,0.0,0.0,0.0,225.75,0.0,225.75,2016.75,514.1,0,0,0,0.0,0,F1,325,,,,,
2026-02-18,2026-02-18,FO,NSE,STO,80015,,BLUESTARCO,,2026-03-30,2026-03-30,2160.0,CE,BLUESTARCO26MAR2160CE,0.0,0.0,0.0,24.95,0.0,24.95,2016.75,38.35,0,0,0,0.0,0,F1,325,,,,,
2026-02-18,2026-02-18,FO,NSE,STO,79900,,BLUESTARCO,,2026-03-30,2026-03-30,1800.0,CE,BLUESTARCO26MAR1800CE,212.1,238.0,203.75,238.0,238.0,183.35,2016.75,238.0,975,-650,4,2618736.25,4,F1,325,,,,,
2026-02-18,2026-02-18,FO,NSE,STO,92605,,BLUESTARCO,,2026-03-30,2026-03-30,1860.0,PE,BLUESTARCO26MAR1860PE,28.55,30.0,21.0,22.0,22.0,25.1,2016.75,24.15,325,0,26,15935481.25,15,F1,325,,,,,
2026-02-18,2026-02-18,FO,NSE,STO,80900,,BLUESTARCO,,2026-02-24,2026-02-24,1600.0,CE,BLUESTARCO26FEB1600CE,0.0,0.0,0.0,398.45,398.45,398.45,2016.75,418.2,5850,0,0,0.0,0,F1,325,,,,,
2026-02-18,2026-02-18,FO,NSE,STF,59269,,BLUESTARCO,,2026-02-24,2026-02-24,,,BLUESTARCO26FEBFUT,1998.1,2031.8,1972.5,2020.5,2022.2,2003.3,2016.75,2020.5,2754700,45500,2697,1759085607.5,2495,F1,325,,,,,
2026-02-18,2026-02-18,FO,NSE,STO,80971,,BLUESTARCO,,2026-02-24,2026-02-24,1960.0,CE,BLUESTARCO26FEB1960CE,57.75,74.0,39.25,68.65,68.65,56.3,2016.75,68.65,29575,-975,53,34739006.25,51,F1,325,,,,,
2026-02-18,2026-02-18,FO,NSE,STO,80886,,BLUESTARCO,,2026-02-24,2026-02-24,1520.0,CE,BLUESTARCO26FEB1520CE,0.0,0.0,0.0,292.95,0.0,292.95,2016.75,498.1,0,0,0,0.0,0,F1,325,,,,,
2026-02-18,2026-02-18,FO,NSE,STO,92655,,BLUESTARCO,,2026-03-30,2026-03-30,1980.0,CE,BLUESTARCO26MAR1980CE,85.0,85.0,70.55,74.95,74.95,88.25,2016.75,111.4,1300,0,6,4008030.0,6,F1,325,,,,,
2026-02-18,2026-02-18,FO,NSE,STO,92671,,BLUESTARCO,,2026-03-30,2026-03-30,2140.0,CE,BLUESTARCO26MAR2140CE,0.0,0.0,0.0,8.9,0.0,8.9,2016.75,43.8,0,0,0,0.0,0,F1,325,,,,,
2026-02-18,2026-02-18,FO,NSE,STO,80038,,BLUESTARCO,,2026-03-30,2026-03-30,2240.0,CE,BLUESTARCO26MAR2240CE,16.25,16.25,16.25,16.25,16.25,16.6,2016.75,21.65,975,325,1,733281.25,1,F1,325,,,,,
2026-02-18,2026-02-18,FO,NSE,STO,93173,,BLUESTARCO,,2026-04-28,2026-04-28,2240.0,CE,BLUESTARCO26APR2240CE,0.0,0.0,0.0,12.3,0.0,12.3,2016.75,44.2,0,0,0,0.0,0,F1,325,,,,,
2026-02-18,2026-02-18,FO,NSE,STO,80885,,BLUESTARCO,,2026-02-24,2026-02-24,1480.0,PE,BLUESTARCO26FEB1480PE,0.0,0.0,0.0,33.95,0.0,33.95,2016.75,0.05,0,0,0,0.0,0,F1,325,,,,,
2026-02-18,2026-02-18,FO,NSE,STO,79476,,BLUESTARCO,,2026-02-24,2026-02-24,1500.0,PE,BLUESTARCO26FEB1500PE,0.3,0.3,0.25,0.25,0.25,0.25,2016.75,0.05,8450,-325,2,975178.75,2,F1,325,,,,,
2026-02-18,2026-02-18,FO,NSE,STO,80902,,BLUESTARCO,,2026-02-24,2026-02-24,1600.0,PE,BLUESTARCO26FEB1600PE,0.7,0.75,0.5,0.5,0.5,0.7,2016.75,0.05,151775,-1625,27,14045492.5,26,F1,325,,,,,
2026-02-18,2026-02-18,FO,NSE,STO,80949,,BLUESTARCO,,2026-02-24,2026-02-24,1840.0,PE,BLUESTARCO26FEB1840PE,2.85,4.2,1.3,1.7,1.7,2.85,2016.75,1.7,51025,-14950,246,147270987.5,169,F1,325,,,,,
2026-02-18,2026-02-18,FO,NSE,STO,79722,,BLUESTARCO,,2026-02-24,2026-02-24,1980.0,PE,BLUESTARCO26FEB1980PE,22.0,36.65,10.6,13.8,12.9,20.45,2016.75,13.8,84175,13325,599,390229937.5,504,F1,325,,,,,
2026-02-18,2026-02-18,FO,NSE,STO,79758,,BLUESTARCO,,2026-02-24,2026-02-24,2140.0,PE,BLUESTARCO26FEB2140PE,0.0,0.0,0.0,423.3,0.0,423.3,2016.75,124.4,0,0,0,0.0,0,F1,325,,,,,
2026-02-18,2026-02-18,FO,NSE,STO,79885,,BLUESTARCO,,2026-03-30,2026-03-30,1600.0,PE,BLUESTARCO26MAR1600PE,0.0,0.0,0.0,73.5,0.0,73.5,2016.75,0.85,0,0,0,0.0,0,F1,325,,,,,
2026-02-18,2026-02-18,FO,NSE,STO,79889,,BLUESTARCO,,2026-03-30,2026-03-30,1680.0,PE,BLUESTARCO26MAR1680PE,0.0,0.0,0.0,8.3,8.3,8.3,2016.75,3.05,650,0,0,0.0,0,F1,325,,,,,
2026-02-18,2026-02-18,FO,NSE,STO,79897,,BLUESTARCO,,2026-03-30,2026-03-30,1760.0,PE,BLUESTARCO26MAR1760PE,11.2,11.2,11.2,11.2,11.2,16.8,2016.75,8.55,3900,325,1,575640.0,1,F1,325,,,,,
2026-02-18,2026-02-18,FO,NSE,STO,79909,,BLUESTARCO,,2026-03-30,2026-03-30,1920.0,PE,BLUESTARCO26MAR1920PE,49.45,62.3,33.65,33.65,33.65,62.3,2016.75,40.35,1625,975,20,12806657.5,16,F1,325,,,,,
2026-02-18,2026-02-18,FO,NSE,STO,92670,,BLUESTARCO,,2026-03-30,2026-03-30,2100.0,PE,BLUESTARCO26MAR2100PE,141.95,141.95,116.65,120.05,120.05,422.0,2016.75,127.2,650,650,8,5799137.5,6,F1,325,,,,,
2026-02-18,2026-02-18,FO,NSE,STO,80014,,BLUESTARCO,,2026-03-30,2026-03-30,2120.0,PE,BLUESTARCO26MAR2120PE,0.0,0.0,0.0,410.35,0.0,410.35,2016.75,140.4,0,0,0,0.0,0,F1,325,,,,,
2026-02-18,2026-02-18,FO,NSE,STO,80022,,BLUESTARCO,,2026-03-30,2026-03-30,2160.0,PE,BLUESTARCO26MAR2160PE,0.0,0.0,0.0,444.95,0.0,444.95,2016.75,168.6,0,0,0,0.0,0,F1,325,,,,,
2026-02-18,2026-02-18,FO,NSE,STO,93123,,BLUESTARCO,,2026-04-28,2026-04-28,1760.0,PE,BLUESTARCO26APR1760PE,0.0,0.0,0.0,166.35,0.0,166.35,2016.75,20.05,0,0,0,0.0,0,F1,325,,,,,
2026-02-18,2026-02-18,FO,NSE,STO,93160,,BLUESTARCO,,2026-04-28,2026-04-28,1960.0,PE,BLUESTARCO26APR1960PE,0.0,0.0,0.0,307.55,0.0,307.55,2016.75,76.35,0,0,0,0.0,0,F1,325,,,,,
2026-02-18,2026-02-18,FO,NSE,STO,93162,,BLUESTARCO,,2026-04-28,2026-04-28,2000.0,PE,BLUESTARCO26APR2000PE,0.0,0.0,0.0,339.7,0.0,339.7,2016.75,94.0,0,0,0,0.0,0,F1,325,,,,,
2026-02-18,2026-02-18,FO,NSE,STO,93139,,BLUESTARCO,,2026-04-28,2026-04-28,1920.0,CE,BLUESTARCO26APR1920CE,0.0,0.0,0.0,53.4,0.0,53.4,2016.75,177.55,0,0,0,0.0,0,F1,325,,,,,
2026-02-18,2026-02-18,FO,NSE,STO,80975,,BLUESTARCO,,2026-02-24,2026-02-24,2000.0,PE,BLUESTARCO26FEB2000PE,29.25,47.7,16.7,20.4,17.35,29.25,2016.75,20.4,106925,19500,390,256718442.5,301,F1,325,,,,,
2026-02-18,2026-02-18,FO,NSE,STO,79516,,BLUESTARCO,,2026-02-24,2026-02-24,1740.0,PE,BLUESTARCO26FEB1740PE,1.0,1.2,1.0,1.15,1.15,0.95,2016.75,0.05,12675,-325,4,2263478.75,4,F1,325,,,,,
2026-02-18,2026-02-18,FO,NSE,STO,93159,,BLUESTARCO,,2026-04-28,2026-04-28,1960.0,CE,BLUESTARCO26APR1960CE,0.0,0.0,0.0,45.05,0.0,45.05,2016.75,153.35,0,0,0,0.0,0,F1,325,,,,,
2026-02-18,2026-02-18,FO,NSE,STO,80998,,BLUESTARCO,,2026-02-24,2026-02-24,2080.0,CE,BLUESTARCO26FEB2080CE,5.0,12.2,2.5,7.85,8.9,6.7,2016.75,7.85,247325,24375,336,227993463.75,240,F1,325,,,,,
2026-02-18,2026-02-18,FO,NSE,STO,79567,,BLUESTARCO,,2026-02-24,2026-02-24,1980.0,CE,BLUESTARCO26FEB1980CE,39.9,62.0,28.4,52.65,53.4,43.25,2016.75,52.65,68900,-23725,306,201107091.25,289,F1,325,,,,,
2026-02-18,2026-02-18,FO,NSE,STO,79527,,BLUESTARCO,,2026-02-24,2026-02-24,1900.0,CE,BLUESTARCO26FEB1900CE,124.0,133.0,117.0,122.75,122.65,108.05,2016.75,122.75,35100,-650,12,7894640.0,11,F1,325,,,,,
2026-02-18,2026-02-18,FO,NSE,STO,80999,,BLUESTARCO,,2026-02-24,2026-02-24,2080.0,PE,BLUESTARCO26FEB2080PE,69.1,69.15,68.6,68.6,68.6,80.1,2016.75,72.95,2275,0,3,2095226.25,3,F1,325,,,,,
2026-02-18,2026-02-18,FO,NSE,STO,92603,,BLUESTARCO,,2026-03-30,2026-03-30,1820.0,PE,BLUESTARCO26MAR1820PE,0.0,0.0,0.0,16.85,16.85,16.85,2016.75,16.45,0,0,0,0.0,0,F1,325,,,,,
2026-02-18,2026-02-18,FO,NSE,STO,93093,,BLUESTARCO,,2026-04-28,2026-04-28,1560.0,PE,BLUESTARCO26APR1560PE,0.0,0.0,0.0,68.6,0.0,68.6,2016.75,2.7,0,0,0,0.0,0,F1,325,,,,,
2026-02-18,2026-02-18,FO,NSE,STO,79515,,BLUESTARCO,,2026-02-24,2026-02-24,1740.0,CE,BLUESTARCO26FEB1740CE,0.0,0.0,0.0,228.0,228.0,228.0,2016.75,278.35,17875,0,0,0.0,0,F1,325,,,,,
2026-02-18,2026-02-18,FO,NSE,STO,80882,,BLUESTARCO,,2026-02-24,2026-02-24,1440.0,CE,BLUESTARCO26FEB1440CE,588.25,588.25,588.25,588.25,588.25,572.35,2016.75,578.05,975,0,3,1977543.75,1,F1,325,,,,,
2026-02-18,2026-02-18,FO,NSE,STO,80973,,BLUESTARCO,,2026-02-24,2026-02-24,1960.0,PE,BLUESTARCO26FEB1960PE,10.95,26.55,6.45,8.2,7.55,13.6,2016.75,8.2,91000,30875,393,251805352.5,351,F1,325,,,,,
2026-02-18,2026-02-18,FO,NSE,STO,92676,,BLUESTARCO,,2026-03-30,2026-03-30,2180.0,PE,BLUESTARCO26MAR2180PE,0.0,0.0,0.0,496.55,0.0,496.55,2016.75,183.55,0,0,0,0.0,0,F1,325,,,,,
2026-02-18,2026-02-18,FO,NSE,STO,79565,,BLUESTARCO,,2026-02-24,2026-02-24,1940.0,CE,BLUESTARCO26FEB1940CE,77.05,91.5,55.35,85.15,85.15,71.45,2016.75,85.15,43875,-2275,22,14449760.0,21,F1,325,,,,,
2026-02-18,2026-02-18,FO,NSE,STO,79835,,BLUESTARCO,,2026-03-30,2026-03-30,1440.0,CE,BLUESTARCO26MAR1440CE,0.0,0.0,0.0,317.8,0.0,317.8,2016.75,585.45,0,0,0,0.0,0,F1,325,,,,,
2026-02-18,2026-02-18,FO,NSE,STO,92604,,BLUESTARCO,,2026-03-30,2026-03-30,1860.0,CE,BLUESTARCO26MAR1860CE,0.0,0.0,0.0,45.8,0.0,45.8,2016.75,192.1,0,0,0,0.0,0,F1,325,,,,,
2026-02-18,2026-02-18,FO,NSE,STF,66731,,BLUESTARCO,,2026-04-28,2026-04-28,,,BLUESTARCO26APRFUT,2009.3,2030.0,1986.7,2024.2,2022.1,1967.6,2016.75,2024.2,6825,1625,11,7195045.0,11,F1,325,,,,,
2026-02-18,2026-02-18,FO,NSE,STO,80884,,BLUESTARCO,,2026-02-24,2026-02-24,1480.0,CE,BLUESTARCO26FEB1480CE,0.0,0.0,0.0,532.4,532.4,532.4,2016.75,538.1,975,0,0,0.0,0,F1,325,,,,,
2026-02-18,2026-02-18,FO,NSE,STO,79914,,BLUESTARCO,,2026-03-30,2026-03-30,2000.0,PE,BLUESTARCO26MAR2000PE,84.05,84.75,56.2,63.8,65.0,74.75,2016.75,63.8,9100,6825,32,21571290.0,30,F1,325,,,,,
2026-02-18,2026-02-18,FO,NSE,STO,102690,,DABUR,,2026-04-28,2026-04-28,550.0,PE,DABUR26APR550PE,0.0,0.0,0.0,42.35,0.0,42.35,510.6,39.95,0,0,0,0.0,0,F1,1250,,,,,
2026-02-18,2026-02-18,FO,NSE,STO,89937,,DABUR,,2026-02-24,2026-02-24,465.0,PE,DABUR26FEB465PE,0.2,0.25,0.15,0.2,0.2,0.25,510.6,0.05,125000,-1250,21,12211562.5,12,F1,1250,,,,,
2026-02-18,2026-02-18,FO,NSE,STO,87894,,DABUR,,2026-02-24,2026-02-24,560.0,PE,DABUR26FEB560PE,0.0,0.0,0.0,42.5,42.5,42.5,510.6,48.9,23750,0,0,0.0,0,F1,1250,,,,,
2026-02-18,2026-02-18,FO,NSE,STO,102404,,DABUR,,2026-03-30,2026-03-30,475.0,PE,DABUR26MAR475PE,3.0,3.15,2.95,3.15,3.15,2.4,510.6,1.9,11250,-1250,6,3585312.5,5,F1,1250,,,,,
2026-02-18,2026-02-18,FO,NSE,STO,90275,,DABUR,,2026-03-30,2026-03-30,560.0,CE,DABUR26MAR560CE,3.7,3.7,2.2,2.65,2.75,3.6,510.6,2.65,132500,36250,137,96373437.5,104,F1,1250,,,,,
2026-02-18,2026-02-18,FO,NSE,STO,102408,,DABUR,,2026-03-30,2026-03-30,495.0,PE,DABUR26MAR495PE,0.0,0.0,0.0,10.7,0.0,10.7,510.6,6.05,0,0,0,0.0,0,F1,1250,,,,,
2026-02-18,2026-02-18,FO,NSE,STO,90260,,DABUR,,2026-03-30,2026-03-30,530.0,CE,DABUR26MAR530CE,12.5,13.05,6.7,8.25,8.2,10.9,510.6,8.25,340000,105000,569,382834750.0,475,F1,1250,,,,,
2026-02-18,2026-02-18,FO,NSE,STO,102409,,DABUR,,2026-03-30,2026-03-30,505.0,CE,DABUR26MAR505CE,0.0,0.0,0.0,28.1,0.0,28.1,510.6,18.2,0,0,0,0.0,0,F1,1250,,,,,
2026-02-18,2026-02-18,FO,NSE,STO,87899,,DABUR,,2026-02-24,2026-02-24,590.0,CE,DABUR26FEB590CE,0.05,0.05,0.05,0.05,0.05,0.05,510.6,0.05,603750,-10000,12,8850750.0,3,F1,1250,,,,,
2026-02-18,2026-02-18,FO,NSE,STO,87887,,DABUR,,2026-02-24,2026-02-24,530.0,CE,DABUR26FEB530CE,2.25,2.9,0.6,0.85,0.85,1.8,510.6,0.85,1263750,-3750,3408,2262991875.0,2145,F1,1250,,,,,
2026-02-18,2026-02-18,FO,NSE,STO,102605,,DABUR,,2026-04-28,2026-04-28,450.0,PE,DABUR26APR450PE,0.0,0.0,0.0,3.35,0.0,3.35,510.6,1.05,0,0,0,0.0,0,F1,1250,,,,,
2026-02-18,2026-02-18,FO,NSE,STO,87870,,DABUR,,2026-02-24,2026-02-24,450.0,PE,DABUR26FEB450PE,0.15,0.15,0.05,0.05,0.05,0.15,510.6,0.05,156250,-31250,61,34321562.5,32,F1,1250,,,,,
2026-02-18,2026-02-18,FO,NSE,STO,102603,,DABUR,,2026-04-28,2026-04-28,440.0,PE,DABUR26APR440PE,0.0,0.0,0.0,2.25,0.0,2.25,510.6,0.55,0,0,0,0.0,0,F1,1250,,,,,
2026-02-18,2026-02-18,FO,NSE,STO,87909,,DABUR,,2026-02-24,2026-02-24,600.0,PE,DABUR26FEB600PE,95.0,95.0,92.35,92.35,92.35,81.0,510.6,88.85,2500,0,2,1734187.5,2,F1,1250,,,,,
2026-02-18,2026-02-18,FO,NSE,STO,90238,,DABUR,,2026-03-30,2026-03-30,510.0,PE,DABUR26MAR510PE,10.8,16.3,10.8,12.75,12.6,10.2,510.6,12.75,112500,48750,181,118578500.0,155,F1,1250,,,,,
2026-02-18,2026-02-18,FO,NSE,STO,102622,,DABUR,,2026-04-28,2026-04-28,510.0,CE,DABUR26APR510CE,0.0,0.0,0.0,30.9,0.0,30.9,510.6,20.8,0,0,0,0.0,0,F1,1250,,,,,
2026-02-18,2026-02-18,FO,NSE,STO,90269,,DABUR,,2026-03-30,2026-03-30,550.0,CE,DABUR26MAR550CE,5.4,5.4,3.25,3.75,3.85,5.2,510.6,3.75,461250,110000,364,252039125.0,282,F1,1250,,,,,
2026-02-18,2026-02-18,FO,NSE,STO,102599,,DABUR,,2026-04-28,2026-04-28,420.0,PE,DABUR26APR420PE,0.0,0.0,0.0,0.9,0.0,0.9,510.6,0.15,0,0,0,0.0,0,F1,1250,,,,,
2026-02-18,2026-02-18,FO,NSE,STO,102610,,DABUR,,2026-04-28,2026-04-28,480.0,CE,DABUR26APR480CE,0.0,0.0,0.0,49.85,0.0,49.85,510.6,40.5,0,0,0,0.0,0,F1,1250,,,,,
2026-02-18,2026-02-18,FO,NSE,STO,89955,,DABUR,,2026-02-24,2026-02-24,535.0,PE,DABUR26FEB535PE,25.7,30.35,25.35,25.4,25.4,22.75,510.6,25.4,13750,0,25,17584437.5,25,F1,1250,,,,,
2026-02-18,2026-02-18,FO,NSE,STO,90236,,DABUR,,2026-03-30,2026-03-30,500.0,PE,DABUR26MAR500PE,9.4,11.2,8.2,8.65,8.6,6.9,510.6,8.65,288750,117500,378,240840250.0,275,F1,1250,,,,,
2026-02-18,2026-02-18,FO,NSE,STO,102503,,DABUR,,2026-03-30,2026-03-30,565.0,PE,DABUR26MAR565PE,0.0,0.0,0.0,51.8,0.0,51.8,510.6,52.25,0,0,0,0.0,0,F1,1250,,,,,
2026-02-18,2026-02-18,FO,NSE,STO,90282,,DABUR,,2026-03-30,2026-03-30,590.0,PE,DABUR26MAR590PE,0.0,0.0,0.0,88.45,0.0,88.45,510.6,76.1,0,0,0,0.0,0,F1,1250,,,,,
2026-02-18,2026-02-18,FO,NSE,STO,102607,,DABUR,,2026-04-28,2026-04-28,460.0,PE,DABUR26APR460PE,0.0,0.0,0.0,4.8,0.0,4.8,510.6,1.85,0,0,0,0.0,0,F1,1250,,,,,
2026-02-18,2026-02-18,FO,NSE,STF,59302,,DABUR,,2026-02-24,2026-02-24,,,DABUR26FEBFUT,524.0,524.0,503.8,509.8,510.0,516.5,510.6,509.8,24122500,60000,5245,3336186687.5,4684,F1,1250,,,,,
2026-02-18,2026-02-18,FO,NSE,STO,87875,,DABUR,,2026-02-24,2026-02-24,470.0,CE,DABUR26FEB470CE,0.0,0.0,0.0,44.65,44.65,44.65,510.6,41.05,5000,0,0,0.0,0,F1,1250,,,,,
2026-02-18,2026-02-18,FO,NSE,STO,87879,,DABUR,,2026-02-24,2026-02-24,490.0,CE,DABUR26FEB490CE,22.75,22.75,16.15,20.85,21.25,26.75,510.6,20.85,101250,-5000,34,21673250.0,33,F1,1250,,,,,
2026-02-18,2026-02-18,FO,NSE,STO,87881,,DABUR,,2026-02-24,2026-02-24,500.0,CE,DABUR26FEB500CE,19.75,19.75,8.1,11.65,12.25,17.75,510.6,11.65,627500,43750,570,363942000.0,503,F1,1250,,,,,
2026-02-18,2026-02-18,FO,NSE,STO,87889,,DABUR,,2026-02-24,2026-02-24,540.0,CE,DABUR26FEB540CE,1.2,1.6,0.35,0.45,0.45,0.8,510.6,0.45,1145000,-101250,994,671685937.5,675,F1,1250,,,,,
2026-02-18,2026-02-18,FO,NSE,STO,89956,,DABUR,,2026-02-24,2026-02-24,545.0,CE,DABUR26FEB545CE,0.75,0.85,0.3,0.3,0.3,0.6,510.6,0.3,696250,-185000,343,233837687.5,237,F1,1250,,,,,
2026-02-18,2026-02-18,FO,NSE,STO,90065,,DABUR,,2026-02-24,2026-02-24,575.0,CE,DABUR26FEB575CE,0.0,0.0,0.0,0.2,0.2,0.2,510.6,0.05,52500,0,0,0.0,0,F1,1250,,,,,
2026-02-18,2026-02-18,FO,NSE,STO,87897,,DABUR,,2026-02-24,2026-02-24,580.0,CE,DABUR26FEB580CE,0.2,0.2,0.05,0.05,0.05,0.15,510.6,0.05,461250,-2500,39,28281500.0,22,F1,1250,,,,,
2026-02-18,2026-02-18,FO,NSE,STO,90217,,DABUR,,2026-03-30,2026-03-30,430.0,CE,DABUR26MAR430CE,0.0,0.0,0.0,74.55,0.0,74.55,510.6,83.2,0,0,0,0.0,0,F1,1250,,,,,
2026-02-18,2026-02-18,FO,NSE,STO,102485,,DABUR,,2026-03-30,2026-03-30,535.0,CE,DABUR26MAR535CE,6.1,6.5,5.6,6.5,6.5,11.95,510.6,6.5,12500,10000,12,8115062.5,11,F1,1250,,,,,
2026-02-18,2026-02-18,FO,NSE,STO,89947,,DABUR,,2026-02-24,2026-02-24,495.0,PE,DABUR26FEB495PE,0.8,2.5,0.8,1.0,0.95,0.6,510.6,1.0,940000,-187500,1079,669863937.5,840,F1,1250,,,,,
2026-02-18,2026-02-18,FO,NSE,STO,102413,,DABUR,,2026-03-30,2026-03-30,525.0,CE,DABUR26MAR525CE,13.05,13.05,8.8,10.1,10.25,13.5,510.6,10.1,67500,40000,67,44887625.0,52,F1,1250,,,,,
2026-02-18,2026-02-18,FO,NSE,STO,90237,,DABUR,,2026-03-30,2026-03-30,510.0,CE,DABUR26MAR510CE,19.0,19.0,13.8,16.8,16.95,19.7,510.6,16.8,143750,88750,259,170243750.0,193,F1,1250,,,,,
2026-02-18,2026-02-18,FO,NSE,STO,87809,,DABUR,,2026-02-24,2026-02-24,440.0,CE,DABUR26FEB440CE,0.0,0.0,0.0,83.55,0.0,83.55,510.6,71.0,0,0,0,0.0,0,F1,1250,,,,,
2026-02-18,2026-02-18,FO,NSE,STO,90280,,DABUR,,2026-03-30,2026-03-30,580.0,PE,DABUR26MAR580PE,0.0,0.0,0.0,79.55,0.0,79.55,510.6,66.4,0,0,0,0.0,0,F1,1250,,,,,
2026-02-18,2026-02-18,FO,NSE,STO,102406,,DABUR,,2026-03-30,2026-03-30,485.0,PE,DABUR26MAR485PE,0.0,0.0,0.0,3.45,3.45,3.45,510.6,3.55,3750,0,0,0.0,0,F1,1250,,,,,
2026-02-18,2026-02-18,FO,NSE,STO,90221,,DABUR,,2026-03-30,2026-03-30,440.0,PE,DABUR26MAR440PE,0.0,0.0,0.0,4.85,4.85,4.85,510.6,0.1,1250,0,0,0.0,0,F1,1250,,,,,
2026-02-18,2026-02-18,FO,NSE,STO,102401,,DABUR,,2026-03-30,2026-03-30,465.0,CE,DABUR26MAR465CE,0.0,0.0,0.0,56.8,0.0,56.8,510.6,49.35,0,0,0,0.0,0,F1,1250,,,,,
2026-02-18,2026-02-18,FO,NSE,STO,90227,,DABUR,,2026-03-30,2026-03-30,470.0,CE,DABUR26MAR470CE,0.0,0.0,0.0,42.95,0.0,42.95,510.6,44.8,0,0,0,0.0,0,F1,1250,,,,,
2026-02-18,2026-02-18,FO,NSE,STO,102736,,DABUR,,2026-04-28,2026-04-28,600.0,CE,DABUR26APR600CE,0.0,0.0,0.0,4.3,0.0,4.3,510.6,0.85,0,0,0,0.0,0,F1,1250,,,,,
2026-02-18,2026-02-18,FO,NSE,STO,87810,,DABUR,,2026-02-24,2026-02-24,440.0,PE,DABUR26FEB440PE,0.05,0.05,0.05,0.05,0.05,0.05,510.6,0.05,315000,0,10,5500625.0,6,F1,1250,,,,,
2026-02-18,2026-02-18,FO,NSE,STO,87896,,DABUR,,2026-02-24,2026-02-24,570.0,PE,DABUR26FEB570PE,0.0,0.0,0.0,68.5,68.5,68.5,510.6,58.9,11250,0,0,0.0,0,F1,1250,,,,,
2026-02-18,2026-02-18,FO,NSE,STF,51860,,DABUR,,2026-03-30,2026-03-30,,,DABUR26MARFUT,523.5,525.0,507.0,512.95,513.3,519.3,510.6,512.95,2313750,1570000,2271,1452462875.0,1965,F1,1250,,,,,
2026-02-18,2026-02-18,FO,NSE,STO,90276,,DABUR,,2026-03-30,2026-03-30,560.0,PE,DABUR26MAR560PE,0.0,0.0,0.0,43.2,43.2,43.2,510.6,47.65,2500,0,0,0.0,0,F1,1250,,,,,
2026-02-18,2026-02-18,FO,NSE,STO,102414,,DABUR,,2026-03-30,2026-03-30,525.0,PE,DABUR26MAR525PE,18.3,23.9,18.3,23.85,23.85,16.25,510.6,20.05,11250,8750,22,15036625.0,21,F1,1250,,,,,
2026-02-18,2026-02-18,FO,NSE,STO,102405,,DABUR,,2026-03-30,2026-03-30,485.0,CE,DABUR26MAR485CE,0.0,0.0,0.0,41.15,0.0,41.15,510.6,32.05,0,0,0,0.0,0,F1,1250,,,,,
2026-02-18,2026-02-18,FO,NSE,STO,102598,,DABUR,,2026-04-28,2026-04-28,420.0,CE,DABUR26APR420CE,0.0,0.0,0.0,100.75,0.0,100.75,510.6,95.05,0,0,0,0.0,0,F1,1250,,,,,
2026-02-18,2026-02-18,FO,NSE,STO,90277,,DABUR,,2026-03-30,2026-03-30,570.0,CE,DABUR26MAR570CE,1.9,1.9,1.65,1.65,1.65,2.05,510.6,0.9,33750,-1250,14,10006250.0,11,F1,1250,,,,,
2026-02-18,2026-02-18,FO,NSE,STO,102489,,DABUR,,2026-03-30,2026-03-30,555.0,CE,DABUR26MAR555CE,0.0,0.0,0.0,8.2,0.0,8.2,510.6,2.15,0,0,0,0.0,0,F1,1250,,,,,
2026-02-18,2026-02-18,FO,NSE,STO,90257,,DABUR,,2026-03-30,2026-03-30,520.0,CE,DABUR26MAR520CE,17.75,17.75,9.8,12.0,11.9,15.2,510.6,12.0,478750,177500,444,295225062.5,366,F1,1250,,,,,
2026-02-18,2026-02-18,FO,NSE,STO,102411,,DABUR,,2026-03-30,2026-03-30,515.0,CE,DABUR26MAR515CE,15.05,15.05,12.3,13.0,13.0,15.85,510.6,12.95,47500,41250,46,30391437.5,22,F1,1250,,,,,
2026-02-18,2026-02-18,FO,NSE,STO,102407,,DABUR,,2026-03-30,2026-03-30,495.0,CE,DABUR26MAR495CE,0.0,0.0,0.0,34.25,0.0,34.25,510.6,24.6,0,0,0,0.0,0,F1,1250,,,,,
2026-02-18,2026-02-18,FO,NSE,STO,89941,,DABUR,,2026-02-24,2026-02-24,485.0,PE,DABUR26FEB485PE,0.9,0.95,0.3,0.35,0.4,0.45,510.6,0.35,336250,180000,450,273140000.0,350,F1,1250,,,,,
2026-02-18,2026-02-18,FO,NSE,STO,89939,,DABUR,,2026-02-24,2026-02-24,475.0,PE,DABUR26FEB475PE,0.45,0.5,0.2,0.3,0.35,0.3,510.6,0.3,191250,-11250,40,23767875.0,37,F1,1250,,,,,
2026-02-18,2026-02-18,FO,NSE,STO,102704,,DABUR,,2026-04-28,2026-04-28,580.0,PE,DABUR26APR580PE,0.0,0.0,0.0,64.85,0.0,64.85,510.6,65.4,0,0,0,0.0,0,F1,1250,,,,,
2026-02-18,2026-02-18,FO,NSE,STO,102619,,DABUR,,2026-04-28,2026-04-28,500.0,PE,DABUR26APR500PE,0.0,0.0,0.0,15.55,0.0,15.55,510.6,10.75,0,0,0,0.0,0,F1,1250,,,,,
2026-02-18,2026-02-18,FO,NSE,STO,102611,,DABUR,,2026-04-28,2026-04-28,480.0,PE,DABUR26APR480PE,0.0,0.0,0.0,9.1,0.0,9.1,510.6,4.95,0,0,0,0.0,0,F1,1250,,,,,
2026-02-18,2026-02-18,FO,NSE,STO,102400,,DABUR,,2026-03-30,2026-03-30,455.0,PE,DABUR26MAR455PE,0.0,0.0,0.0,2.3,0.0,2.3,510.6,0.45,0,0,0,0.0,0,F1,1250,,,,,
2026-02-18,2026-02-18,FO,NSE,STO,87880,,DABUR,,2026-02-24,2026-02-24,490.0,PE,DABUR26FEB490PE,0.65,1.55,0.55,0.6,0.6,0.5,510.6,0.6,530000,61250,808,495899687.5,683,F1,1250,,,,,
2026-02-18,2026-02-18,FO,NSE,STF,66785,,DABUR,,2026-04-28,2026-04-28,,,DABUR26APRFUT,521.6,521.6,510.75,516.95,516.95,521.6,510.6,516.95,82500,18750,27,17358250.0,27,F1,1250,,,,,
2026-02-18,2026-02-18,FO,NSE,STO,87807,,DABUR,,2026-02-24,2026-02-24,430.0,CE,DABUR26FEB430CE,0.0,0.0,0.0,76.0,76.0,76.0,510.6,81.0,1250,0,0,0.0,0,F1,1250,,,,,
2026-02-18,2026-02-18,FO,NSE,STO,89938,,DABUR,,2026-02-24,2026-02-24,475.0,CE,DABUR26FEB475CE,0.0,0.0,0.0,39.0,39.0,39.0,510.6,36.05,38750,0,0,0.0,0,F1,1250,,,,,
2026-02-18,2026-02-18,FO,NSE,STO,87883,,DABUR,,2026-02-24,2026-02-24,510.0,CE,DABUR26FEB510CE,14.7,14.7,3.6,5.3,5.35,9.45,510.6,5.3,615000,217500,4231,2725046375.0,3405,F1,1250,,,,,
2026-02-18,2026-02-18,FO,NSE,STO,102399,,DABUR,,2026-03-30,2026-03-30,455.0,CE,DABUR26MAR455CE,0.0,0.0,0.0,65.45,0.0,65.45,510.6,58.75,0,0,0,0.0,0,F1,1250,,,,,
2026-02-18,2026-02-18,FO,NSE,STO,87884,,DABUR,,2026-02-24,2026-02-24,510.0,PE,DABUR26FEB510PE,2.85,9.5,2.0,5.35,5.2,3.2,510.6,5.35,386250,42500,2603,1680836500.0,2206,F1,1250,,,,,
2026-02-18,2026-02-18,FO,NSE,STO,89951,,DABUR,,2026-02-24,2026-02-24,515.0,PE,DABUR26FEB515PE,4.0,13.45,3.95,8.45,7.95,5.2,510.6,8.45,158750,-102500,569,373044687.5,523,F1,1250,,,,,
2026-02-18,2026-02-18,FO,NSE,STO,89957,,DABUR,,2026-02-24,2026-02-24,545.0,PE,DABUR26FEB545PE,0.0,0.0,0.0,32.75,32.75,32.75,510.6,33.95,1250,0,0,0.0,0,F1,1250,,,,,
2026-02-18,2026-02-18,FO,NSE,STO,89963,,DABUR,,2026-02-24,2026-02-24,555.0,PE,DABUR26FEB555PE,0.0,0.0,0.0,38.7,38.7,38.7,510.6,43.9,6250,0,0,0.0,0,F1,1250,,,,,
2026-02-18,2026-02-18,FO,NSE,STO,102613,,DABUR,,2026-04-28,2026-04-28,490.0,PE,DABUR26APR490PE,0.0,0.0,0.0,12.05,0.0,12.05,510.6,7.45,0,0,0,0.0,0,F1,1250,,,,,
2026-02-18,2026-02-18,FO,NSE,STO,90228,,DABUR,,2026-03-30,2026-03-30,470.0,PE,DABUR26MAR470PE,3.2,3.2,2.25,2.35,2.25,1.6,510.6,2.35,62500,52500,84,49633937.5,66,F1,1250,,,,,
2026-02-18,2026-02-18,FO,NSE,STO,102486,,DABUR,,2026-03-30,2026-03-30,535.0,PE,DABUR26MAR535PE,0.0,0.0,0.0,30.1,0.0,30.1,510.6,26.95,0,0,0,0.0,0,F1,1250,,,,,
2026-02-18,2026-02-18,FO,NSE,STO,102490,,DABUR,,2026-03-30,2026-03-30,555.0,PE,DABUR26MAR555PE,0.0,0.0,0.0,44.0,0.0,44.0,510.6,43.2,0,0,0,0.0,0,F1,1250,,,,,
2026-02-18,2026-02-18,FO,NSE,STO,89950,,DABUR,,2026-02-24,2026-02-24,515.0,CE,DABUR26FEB515CE,7.8,7.8,2.3,3.35,3.3,6.6,510.6,3.35,765000,535000,4625,2999029125.0,3362,F1,1250,,,,,
2026-02-18,2026-02-18,FO,NSE,STO,89962,,DABUR,,2026-02-24,2026-02-24,555.0,CE,DABUR26FEB555CE,0.5,0.55,0.2,0.2,0.2,0.35,510.6,0.2,128750,-13750,57,39563187.5,48,F1,1250,,,,,
2026-02-18,2026-02-18,FO,NSE,STO,87893,,DABUR,,2026-02-24,2026-02-24,560.0,CE,DABUR26FEB560CE,0.4,0.45,0.15,0.2,0.2,0.3,510.6,0.2,543750,-193750,402,281529625.0,152,F1,1250,,,,,
2026-02-18,2026-02-18,FO,NSE,STO,90224,,DABUR,,2026-03-30,2026-03-30,460.0,CE,DABUR26MAR460CE,0.0,0.0,0.0,50.1,0.0,50.1,510.6,54.0,0,0,0,0.0,0,F1,1250,,,,,
2026-02-18,2026-02-18,FO,NSE,STO,90233,,DABUR,,2026-03-30,2026-03-30,490.0,CE,DABUR26MAR490CE,0.0,0.0,0.0,30.6,0.0,30.6,510.6,28.2,0,0,0,0.0,0,F1,1250,,,,,
2026-02-18,2026-02-18,FO,NSE,STO,90279,,DABUR,,2026-03-30,2026-03-30,580.0,CE,DABUR26MAR580CE,0.0,0.0,0.0,3.8,0.0,3.8,510.6,0.5,0,0,0,0.0,0,F1,1250,,,,,
2026-02-18,2026-02-18,FO,NSE,STO,102604,,DABUR,,2026-04-28,2026-04-28,450.0,CE,DABUR26APR450CE,0.0,0.0,0.0,73.65,0.0,73.65,510.6,66.3,0,0,0,0.0,0,F1,1250,,,,,
2026-02-18,2026-02-18,FO,NSE,STO,89964,,DABUR,,2026-02-24,2026-02-24,565.0,CE,DABUR26FEB565CE,0.45,0.45,0.15,0.15,0.15,0.3,510.6,0.15,71250,-16250,43,30379437.5,29,F1,1250,,,,,
2026-02-18,2026-02-18,FO,NSE,STO,89954,,DABUR,,2026-02-24,2026-02-24,535.0,CE,DABUR26FEB535CE,2.0,2.0,0.5,0.65,0.65,1.2,510.6,0.65,292500,-52500,566,379145812.5,421,F1,1250,,,,,
2026-02-18,2026-02-18,FO,NSE,STO,102502,,DABUR,,2026-03-30,2026-03-30,565.0,CE,DABUR26MAR565CE,2.0,3.0,2.0,2.05,2.05,6.1,510.6,1.2,13750,13750,15,10642062.5,14,F1,1250,,,,,
2026-02-18,2026-02-18,FO,NSE,STO,102662,,DABUR,,2026-04-28,2026-04-28,540.0,CE,DABUR26APR540CE,0.0,0.0,0.0,17.5,0.0,17.5,510.6,8.75,0,0,0,0.0,0,F1,1250,,,,,
2026-02-18,2026-02-18,FO,NSE,STO,102699,,DABUR,,2026-04-28,2026-04-28,570.0,CE,DABUR26APR570CE,0.0,0.0,0.0,9.05,0.0,9.05,510.6,2.95,0,0,0,0.0,0,F1,1250,,,,,
2026-02-18,2026-02-18,FO,NSE,STO,102701,,DABUR,,2026-04-28,2026-04-28,580.0,CE,DABUR26APR580CE,0.0,0.0,0.0,7.15,0.0,7.15,510.6,2.0,0,0,0,0.0,0,F1,1250,,,,,
2026-02-18,2026-02-18,FO,NSE,STO,87886,,DABUR,,2026-02-24,2026-02-24,520.0,PE,DABUR26FEB520PE,5.8,17.4,5.8,12.0,11.75,7.8,510.6,12.0,446250,-57500,642,427793250.0,586,F1,1250,,,,,
2026-02-18,2026-02-18,FO,NSE,STO,87898,,DABUR,,2026-02-24,2026-02-24,580.0,PE,DABUR26FEB580PE,0.0,0.0,0.0,68.1,68.1,68.1,510.6,68.9,10000,0,0,0.0,0,F1,1250,,,,,
2026-02-18,2026-02-18,FO,NSE,STO,87808,,DABUR,,2026-02-24,2026-02-24,430.0,PE,DABUR26FEB430PE,0.0,0.0,0.0,0.05,0.05,0.05,510.6,0.05,256250,0,0,0.0,0,F1,1250,,,,,
2026-02-18,2026-02-18,FO,NSE,STO,102402,,DABUR,,2026-03-30,2026-03-30,465.0,PE,DABUR26MAR465PE,2.3,2.45,1.95,2.05,2.05,3.55,510.6,0.95,22500,22500,46,26862062.5,39,F1,1250,,,,,
2026-02-18,2026-02-18,FO,NSE,STO,90234,,DABUR,,2026-03-30,2026-03-30,490.0,PE,DABUR26MAR490PE,5.7,7.35,5.45,5.7,5.5,4.6,510.6,5.7,103750,62500,130,80612500.0,115,F1,1250,,,,,
2026-02-18,2026-02-18,FO,NSE,STO,90261,,DABUR,,2026-03-30,2026-03-30,530.0,PE,DABUR26MAR530PE,28.0,28.0,25.2,25.2,25.2,21.0,510.6,25.2,8750,6250,5,3473500.0,2,F1,1250,,,,,
2026-02-18,2026-02-18,FO,NSE,STO,102623,,DABUR,,2026-04-28,2026-04-28,510.0,PE,DABUR26APR510PE,0.0,0.0,0.0,19.7,0.0,19.7,510.6,14.9,0,0,0,0.0,0,F1,1250,,,,,
2026-02-18,2026-02-18,FO,NSE,STO,89940,,DABUR,,2026-02-24,2026-02-24,485.0,CE,DABUR26FEB485CE,25.75,26.05,21.6,26.05,26.05,26.5,510.6,26.05,63750,3750,19,12077125.0,18,F1,1250,,,,,
2026-02-18,2026-02-18,FO,NSE,STO,89952,,DABUR,,2026-02-24,2026-02-24,525.0,CE,DABUR26FEB525CE,3.95,4.15,0.95,1.3,1.3,2.8,510.6,1.3,767500,327500,2053,1352069250.0,1382,F1,1250,,,,,
2026-02-18,2026-02-18,FO,NSE,STO,102403,,DABUR,,2026-03-30,2026-03-30,475.0,CE,DABUR26MAR475CE,0.0,0.0,0.0,48.7,0.0,48.7,510.6,40.4,0,0,0,0.0,0,F1,1250,,,,,
2026-02-18,2026-02-18,FO,NSE,STO,87891,,DABUR,,2026-02-24,2026-02-24,550.0,CE,DABUR26FEB550CE,0.95,1.0,0.25,0.3,0.25,0.5,510.6,0.3,1093750,-86250,678,466455375.0,406,F1,1250,,,,,
2026-02-18,2026-02-18,FO,NSE,STO,90222,,DABUR,,2026-03-30,2026-03-30,450.0,CE,DABUR26MAR450CE,0.0,0.0,0.0,57.8,0.0,57.8,510.6,63.6,0,0,0,0.0,0,F1,1250,,,,,
2026-02-18,2026-02-18,FO,NSE,STO,90229,,DABUR,,2026-03-30,2026-03-30,480.0,CE,DABUR26MAR480CE,38.05,38.05,35.0,37.0,37.0,48.65,510.6,37.0,12500,1250,3,1937562.5,3,F1,1250,,,,,
2026-02-18,2026-02-18,FO,NSE,STO,102608,,DABUR,,2026-04-28,2026-04-28,470.0,CE,DABUR26APR470CE,0.0,0.0,0.0,57.3,0.0,57.3,510.6,48.6,0,0,0,0.0,0,F1,1250,,,,,
2026-02-18,2026-02-18,FO,NSE,STO,90220,,DABUR,,2026-03-30,2026-03-30,440.0,CE,DABUR26MAR440CE,0.0,0.0,0.0,65.95,0.0,65.95,510.6,73.35,0,0,0,0.0,0,F1,1250,,,,,
2026-02-18,2026-02-18,FO,NSE,STO,102697,,DABUR,,2026-04-28,2026-04-28,560.0,CE,DABUR26APR560CE,0.0,0.0,0.0,11.4,0.0,11.4,510.6,4.35,0,0,0,0.0,0,F1,1250,,,,,
2026-02-18,2026-02-18,FO,NSE,STO,87874,,DABUR,,2026-02-24,2026-02-24,460.0,PE,DABUR26FEB460PE,0.25,0.25,0.05,0.15,0.15,0.2,510.6,0.05,182500,-81250,335,192682000.0,164,F1,1250,,,,,
2026-02-18,2026-02-18,FO,NSE,STO,87888,,DABUR,,2026-02-24,2026-02-24,530.0,PE,DABUR26FEB530PE,12.5,25.7,12.5,21.85,20.7,15.25,510.6,21.85,162500,-16250,87,59978687.5,73,F1,1250,,,,,
2026-02-18,2026-02-18,FO,NSE,STO,90225,,DABUR,,2026-03-30,2026-03-30,460.0,PE,DABUR26MAR460PE,0.0,0.0,0.0,7.65,0.0,7.65,510.6,0.65,0,0,0,0.0,0,F1,1250,,,,,
2026-02-18,2026-02-18,FO,NSE,STO,102412,,DABUR,,2026-03-30,2026-03-30,515.0,PE,DABUR26MAR515PE,0.0,0.0,0.0,18.9,0.0,18.9,510.6,14.25,0,0,0,0.0,0,F1,1250,,,,,
2026-02-18,2026-02-18,FO,NSE,STO,90278,,DABUR,,2026-03-30,2026-03-30,570.0,PE,DABUR26MAR570PE,0.0,0.0,0.0,70.9,0.0,70.9,510.6,56.9,0,0,0,0.0,0,F1,1250,,,,,
2026-02-18,2026-02-18,FO,NSE,STO,102664,,DABUR,,2026-04-28,2026-04-28,540.0,PE,DABUR26APR540PE,0.0,0.0,0.0,35.85,0.0,35.85,510.6,32.55,0,0,0,0.0,0,F1,1250,,,,,
2026-02-18,2026-02-18,FO,NSE,STO,87877,,DABUR,,2026-02-24,2026-02-24,480.0,CE,DABUR26FEB480CE,0.0,0.0,0.0,36.3,36.1,36.3,510.6,31.05,22500,0,0,0.0,0,F1,1250,,,,,
2026-02-18,2026-02-18,FO,NSE,STO,89934,,DABUR,,2026-02-24,2026-02-24,455.0,CE,DABUR26FEB455CE,0.0,0.0,0.0,48.65,0.0,48.65,510.6,56.0,0,0,0,0.0,0,F1,1250,,,,,
2026-02-18,2026-02-18,FO,NSE,STO,89935,,DABUR,,2026-02-24,2026-02-24,455.0,PE,DABUR26FEB455PE,0.2,0.2,0.1,0.1,0.1,0.2,510.6,0.05,15000,-8750,14,7965000.0,12,F1,1250,,,,,
2026-02-18,2026-02-18,FO,NSE,STO,90262,,DABUR,,2026-03-30,2026-03-30,540.0,CE,DABUR26MAR540CE,10.0,10.0,4.7,5.65,5.7,7.4,510.6,5.65,131250,51250,162,110520812.5,138,F1,1250,,,,,
2026-02-18,2026-02-18,FO,NSE,STO,87876,,DABUR,,2026-02-24,2026-02-24,470.0,PE,DABUR26FEB470PE,0.4,0.6,0.15,0.2,0.15,0.2,510.6,0.2,235000,-5000,156,91706812.5,119,F1,1250,,,,,
2026-02-18,2026-02-18,FO,NSE,STO,102410,,DABUR,,2026-03-30,2026-03-30,505.0,PE,DABUR26MAR505PE,8.4,11.85,8.4,11.85,11.85,7.4,510.6,9.55,5000,1250,3,1931250.0,3,F1,1250,,,,,
2026-02-18,2026-02-18,FO,NSE,STO,90263,,DABUR,,2026-03-30,2026-03-30,540.0,PE,DABUR26MAR540PE,30.25,35.9,30.25,32.0,32.0,27.5,510.6,30.7,25000,8750,18,12896562.5,16,F1,1250,,,,,
2026-02-18,2026-02-18,FO,NSE,STO,102657,,DABUR,,2026-04-28,2026-04-28,520.0,PE,DABUR26APR520PE,0.0,0.0,0.0,24.5,0.0,24.5,510.6,19.95,0,0,0,0.0,0,F1,1250,,,,,
2026-02-18,2026-02-18,FO,NSE,STO,87901,,DABUR,,2026-02-24,2026-02-24,600.0,CE,DABUR26FEB600CE,0.05,0.05,0.05,0.05,0.05,0.1,510.6,0.05,610000,-7500,10,7500625.0,8,F1,1250,,,,,
2026-02-18,2026-02-18,FO,NSE,STO,89948,,DABUR,,2026-02-24,2026-02-24,505.0,CE,DABUR26FEB505CE,10.55,12.1,5.45,8.05,8.6,13.3,510.6,8.05,385000,0,773,494998312.5,666,F1,1250,,,,,
2026-02-18,2026-02-18,FO,NSE,STO,87873,,DABUR,,2026-02-24,2026-02-24,460.0,CE,DABUR26FEB460CE,0.0,0.0,0.0,66.5,0.0,66.5,510.6,51.0,0,0,0,0.0,0,F1,1250,,,,,
2026-02-18,2026-02-18,FO,NSE,STO,89953,,DABUR,,2026-02-24,2026-02-24,525.0,PE,DABUR26FEB525PE,7.4,21.5,7.4,15.9,15.7,12.25,510.6,15.9,208750,-32500,138,93476625.0,134,F1,1250,,,,,
2026-02-18,2026-02-18,FO,NSE,STO,87890,,DABUR,,2026-02-24,2026-02-24,540.0,PE,DABUR26FEB540PE,25.05,35.3,25.05,32.3,32.3,24.1,510.6,29.0,121250,-3750,29,20703437.5,26,F1,1250,,,,,
2026-02-18,2026-02-18,FO,NSE,STO,87900,,DABUR,,2026-02-24,2026-02-24,590.0,PE,DABUR26FEB590PE,80.0,80.0,79.5,79.5,79.5,76.9,510.6,78.85,6250,1250,2,1674375.0,2,F1,1250,,,,,
2026-02-18,2026-02-18,FO,NSE,STO,90223,,DABUR,,2026-03-30,2026-03-30,450.0,PE,DABUR26MAR450PE,1.1,1.3,0.85,0.95,0.95,0.8,510.6,0.3,101250,57500,57,32134687.5,38,F1,1250,,,,,
2026-02-18,2026-02-18,FO,NSE,STO,90258,,DABUR,,2026-03-30,2026-03-30,520.0,PE,DABUR26MAR520PE,18.0,22.0,18.0,18.75,18.05,15.45,510.6,18.75,105000,1250,31,20895625.0,25,F1,1250,,,,,
2026-02-18,2026-02-18,FO,NSE,STO,102488,,DABUR,,2026-03-30,2026-03-30,545.0,PE,DABUR26MAR545PE,0.0,0.0,0.0,36.75,0.0,36.75,510.6,34.7,0,0,0,0.0,0,F1,1250,,,,,
2026-02-18,2026-02-18,FO,NSE,STO,102661,,DABUR,,2026-04-28,2026-04-28,530.0,PE,DABUR26APR530PE,0.0,0.0,0.0,29.85,0.0,29.85,510.6,25.85,0,0,0,0.0,0,F1,1250,,,,,
2026-02-18,2026-02-18,FO,NSE,STO,102698,,DABUR,,2026-04-28,2026-04-28,560.0,PE,DABUR26APR560PE,0.0,0.0,0.0,49.4,0.0,49.4,510.6,47.95,0,0,0,0.0,0,F1,1250,,,,,
2026-02-18,2026-02-18,FO,NSE,STO,87869,,DABUR,,2026-02-24,2026-02-24,450.0,CE,DABUR26FEB450CE,0.0,0.0,0.0,74.85,0.0,74.85,510.6,61.0,0,0,0,0.0,0,F1,1250,,,,,
2026-02-18,2026-02-18,FO,NSE,STO,90117,,DABUR,,2026-02-24,2026-02-24,585.0,CE,DABUR26FEB585CE,0.0,0.0,0.0,0.3,0.3,0.3,510.6,0.05,0,0,0,0.0,0,F1,1250,,,,,
2026-02-18,2026-02-18,FO,NSE,STO,90235,,DABUR,,2026-03-30,2026-03-30,500.0,CE,DABUR26MAR500CE,28.3,28.3,19.1,22.3,22.6,26.15,510.6,22.3,52500,20000,54,35212500.0,52,F1,1250,,,,,
2026-02-18,2026-02-18,FO,NSE,STO,102487,,DABUR,,2026-03-30,2026-03-30,545.0,CE,DABUR26MAR545CE,0.0,0.0,0.0,5.7,5.7,5.7,510.6,3.6,3750,0,0,0.0,0,F1,1250,,,,,
2026-02-18,2026-02-18,FO,NSE,STO,102614,,DABUR,,2026-04-28,2026-04-28,500.0,CE,DABUR26APR500CE,0.0,0.0,0.0,36.6,0.0,36.6,510.6,26.55,0,0,0,0.0,0,F1,1250,,,,,
2026-02-18,2026-02-18,FO,NSE,STO,102656,,DABUR,,2026-04-28,2026-04-28,520.0,CE,DABUR26APR520CE,0.0,0.0,0.0,25.85,0.0,25.85,510.6,15.95,0,0,0,0.0,0,F1,1250,,,,,
2026-02-18,2026-02-18,FO,NSE,STO,87878,,DABUR,,2026-02-24,2026-02-24,480.0,PE,DABUR26FEB480PE,0.55,0.6,0.25,0.3,0.25,0.25,510.6,0.3,356250,27500,181,108706312.5,152,F1,1250,,,,,
2026-02-18,2026-02-18,FO,NSE,STO,87882,,DABUR,,2026-02-24,2026-02-24,500.0,PE,DABUR26FEB500PE,0.8,4.1,0.8,1.85,1.75,1.1,510.6,1.85,1278750,425000,3222,2024837312.5,2456,F1,1250,,,,,
2026-02-18,2026-02-18,FO,NSE,STO,89949,,DABUR,,2026-02-24,2026-02-24,505.0,PE,DABUR26FEB505PE,1.4,6.4,1.25,3.25,3.15,1.95,510.6,3.25,253750,77500,2130,1356723625.0,1826,F1,1250,,,,,
2026-02-18,2026-02-18,FO,NSE,STO,102668,,DABUR,,2026-04-28,2026-04-28,550.0,CE,DABUR26APR550CE,0.0,0.0,0.0,14.2,0.0,14.2,510.6,6.25,0,0,0,0.0,0,F1,1250,,,,,
2026-02-18,2026-02-18,FO,NSE,STO,87892,,DABUR,,2026-02-24,2026-02-24,550.0,PE,DABUR26FEB550PE,38.0,43.25,38.0,42.9,42.9,33.5,510.6,38.9,127500,2500,10,7384250.0,9,F1,1250,,,,,
2026-02-18,2026-02-18,FO,NSE,STO,89965,,DABUR,,2026-02-24,2026-02-24,565.0,PE,DABUR26FEB565PE,0.0,0.0,0.0,66.55,0.0,66.55,510.6,53.9,0,0,0,0.0,0,F1,1250,,,,,
2026-02-18,2026-02-18,FO,NSE,STO,90232,,DABUR,,2026-03-30,2026-03-30,480.0,PE,DABUR26MAR480PE,2.8,5.0,2.8,3.7,3.6,2.75,510.6,3.7,191250,97500,278,168275000.0,210,F1,1250,,,,,
2026-02-18,2026-02-18,FO,NSE,STO,90219,,DABUR,,2026-03-30,2026-03-30,430.0,PE,DABUR26MAR430PE,0.0,0.0,0.0,2.55,0.0,2.55,510.6,0.05,0,0,0,0.0,0,F1,1250,,,,,
2026-02-18,2026-02-18,FO,NSE,STO,102737,,DABUR,,2026-04-28,2026-04-28,600.0,PE,DABUR26APR600PE,0.0,0.0,0.0,81.7,0.0,81.7,510.6,84.0,0,0,0,0.0,0,F1,1250,,,,,
2026-02-18,2026-02-18,FO,NSE,STO,102700,,DABUR,,2026-04-28,2026-04-28,570.0,PE,DABUR26APR570PE,0.0,0.0,0.0,56.95,0.0,56.95,510.6,56.5,0,0,0,0.0,0,F1,1250,,,,,
2026-02-18,2026-02-18,FO,NSE,STO,102609,,DABUR,,2026-04-28,2026-04-28,470.0,PE,DABUR26APR470PE,0.0,0.0,0.0,6.7,0.0,6.7,510.6,3.1,0,0,0,0.0,0,F1,1250,,,,,
2026-02-18,2026-02-18,FO,NSE,STO,90270,,DABUR,,2026-03-30,2026-03-30,550.0,PE,DABUR26MAR550PE,44.0,44.0,41.5,41.5,41.5,33.65,510.6,38.9,7500,2500,3,2223125.0,3,F1,1250,,,,,
2026-02-18,2026-02-18,FO,NSE,STO,102606,,DABUR,,2026-04-28,2026-04-28,460.0,CE,DABUR26APR460CE,0.0,0.0,0.0,65.25,0.0,65.25,510.6,57.25,0,0,0,0.0,0,F1,1250,,,,,
2026-02-18,2026-02-18,FO,NSE,STO,102602,,DABUR,,2026-04-28,2026-04-28,440.0,CE,DABUR26APR440CE,0.0,0.0,0.0,82.4,0.0,82.4,510.6,75.7,0,0,0,0.0,0,F1,1250,,,,,
2026-02-18,2026-02-18,FO,NSE,STO,90281,,DABUR,,2026-03-30,2026-03-30,590.0,CE,DABUR26MAR590CE,1.0,1.0,0.9,1.0,1.0,0.65,510.6,1.0,13750,2500,6,4432187.5,6,F1,1250,,,,,
2026-02-18,2026-02-18,FO,NSE,STO,87895,,DABUR,,2026-02-24,2026-02-24,570.0,CE,DABUR26FEB570CE,0.3,0.3,0.1,0.15,0.15,0.2,510.6,0.15,303750,-36250,63,44900687.5,37,F1,1250,,,,,
2026-02-18,2026-02-18,FO,NSE,STO,87885,,DABUR,,2026-02-24,2026-02-24,520.0,CE,DABUR26FEB520CE,7.55,7.55,1.55,2.15,2.1,4.3,510.6,2.15,1952500,833750,5956,3891906500.0,3898,F1,1250,,,,,
2026-02-18,2026-02-18,FO,NSE,STO,89944,,DABUR,,2026-02-24,2026-02-24,495.0,CE,DABUR26FEB495CE,12.95,15.1,12.25,15.1,15.1,21.7,510.6,16.7,130000,6250,9,5721437.5,8,F1,1250,,,,,
2026-02-18,2026-02-18,FO,NSE,STO,89936,,DABUR,,2026-02-24,2026-02-24,465.0,CE,DABUR26FEB465CE,0.0,0.0,0.0,40.75,0.0,40.75,510.6,46.0,0,0,0,0.0,0,F1,1250,,,,,
2026-02-18,2026-02-18,FO,NSE,STO,102612,,DABUR,,2026-04-28,2026-04-28,490.0,CE,DABUR26APR490CE,0.0,0.0,0.0,42.95,0.0,42.95,510.6,33.15,0,0,0,0.0,0,F1,1250,,,,,
2026-02-18,2026-02-18,FO,NSE,STO,102658,,DABUR,,2026-04-28,2026-04-28,530.0,CE,DABUR26APR530CE,0.0,0.0,0.0,21.4,0.0,21.4,510.6,11.95,0,0,0,0.0,0,F1,1250,,,,,
2026-02-18,2026-02-18,FO,NSE,STO,115521,,HDFCAMC,,2026-04-28,2026-04-28,2440.0,CE,HDFCAMC26APR2440CE,0.0,0.0,0.0,180.1,0.0,180.1,2812.6,414.8,0,0,0,0.0,0,F1,300,,,,,
2026-02-18,2026-02-18,FO,NSE,STO,103810,,HDFCAMC,,2026-02-24,2026-02-24,2260.0,CE,HDFCAMC26FEB2260CE,0.0,0.0,0.0,409.1,0.0,409.1,2812.6,554.65,0,0,0,0.0,0,F1,300,,,,,
2026-02-18,2026-02-18,FO,NSE,STO,103870,,HDFCAMC,,2026-02-24,2026-02-24,2620.0,CE,HDFCAMC26FEB2620CE,0.0,0.0,0.0,231.8,227.05,231.8,2812.6,195.9,16800,0,0,0.0,0,F1,300,,,,,
2026-02-18,2026-02-18,FO,NSE,STO,36684,,HDFCAMC,,2026-02-24,2026-02-24,3240.0,CE,HDFCAMC26FEB3240CE,0.0,0.0,0.0,37.45,0.0,37.45,2812.6,0.05,0,0,0,0.0,0,F1,300,,,,,
2026-02-18,2026-02-18,FO,NSE,STO,103997,,HDFCAMC,,2026-03-30,2026-03-30,2120.0,CE,HDFCAMC26MAR2120CE,0.0,0.0,0.0,557.4,0.0,557.4,2812.6,705.4,0,0,0,0.0,0,F1,300,,,,,
2026-02-18,2026-02-18,FO,NSE,STO,104123,,HDFCAMC,,2026-03-30,2026-03-30,2520.0,CE,HDFCAMC26MAR2520CE,0.0,0.0,0.0,110.1,110.1,110.1,2812.6,321.0,600,0,0,0.0,0,F1,300,,,,,
2026-02-18,2026-02-18,FO,NSE,STO,115092,,HDFCAMC,,2026-03-30,2026-03-30,2740.0,CE,HDFCAMC26MAR2740CE,0.0,0.0,0.0,45.5,0.0,45.5,2812.6,154.65,0,0,0,0.0,0,F1,300,,,,,
2026-02-18,2026-02-18,FO,NSE,STO,115140,,HDFCAMC,,2026-03-30,2026-03-30,2900.0,CE,HDFCAMC26MAR2900CE,89.85,98.4,56.05,59.7,56.55,81.35,2812.6,59.7,28200,25800,180,160527750.0,155,F1,300,,,,,
2026-02-18,2026-02-18,FO,NSE,STO,104003,,HDFCAMC,,2026-03-30,2026-03-30,2240.0,CE,HDFCAMC26MAR2240CE,0.0,0.0,0.0,455.0,0.0,455.0,2812.6,586.55,0,0,0,0.0,0,F1,300,,,,,
2026-02-18,2026-02-18,FO,NSE,STO,97006,,HDFCAMC,,2026-02-24,2026-02-24,2800.0,CE,HDFCAMC26FEB2800CE,87.35,105.0,34.25,42.35,40.0,78.05,2812.6,42.35,111300,-8700,901,771764910.0,798,F1,300,,,,,
2026-02-18,2026-02-18,FO,NSE,STO,36646,,HDFCAMC,,2026-02-24,2026-02-24,2760.0,CE,HDFCAMC26FEB2760CE,121.0,138.3,62.75,72.7,72.7,110.25,2812.6,72.7,47700,600,34,29094180.0,34,F1,300,,,,,
2026-02-18,2026-02-18,FO,NSE,STO,36638,,HDFCAMC,,2026-02-24,2026-02-24,2640.0,CE,HDFCAMC26FEB2640CE,0.0,0.0,0.0,232.2,232.2,232.2,2812.6,176.55,18000,0,0,0.0,0,F1,300,,,,,
2026-02-18,2026-02-18,FO,NSE,STO,103856,,HDFCAMC,,2026-02-24,2026-02-24,2460.0,CE,HDFCAMC26FEB2460CE,0.0,0.0,0.0,400.95,406.1,400.95,2812.6,354.85,14400,0,0,0.0,0,F1,300,,,,,
2026-02-18,2026-02-18,FO,NSE,STO,36600,,HDFCAMC,,2026-02-24,2026-02-24,2280.0,CE,HDFCAMC26FEB2280CE,0.0,0.0,0.0,463.95,0.0,463.95,2812.6,534.65,0,0,0,0.0,0,F1,300,,,,,
2026-02-18,2026-02-18,FO,NSE,STO,36598,,HDFCAMC,,2026-02-24,2026-02-24,2240.0,CE,HDFCAMC26FEB2240CE,0.0,0.0,0.0,497.3,0.0,497.3,2812.6,574.6,0,0,0,0.0,0,F1,300,,,,,
2026-02-18,2026-02-18,FO,NSE,STO,104132,,HDFCAMC,,2026-03-30,2026-03-30,2680.0,PE,HDFCAMC26MAR2680PE,0.0,0.0,0.0,182.75,0.0,182.75,2812.6,45.25,0,0,0,0.0,0,F1,300,,,,,
2026-02-18,2026-02-18,FO,NSE,STO,103996,,HDFCAMC,,2026-03-30,2026-03-30,2080.0,PE,HDFCAMC26MAR2080PE,0.0,0.0,0.0,12.2,0.0,12.2,2812.6,0.05,0,0,0,0.0,0,F1,300,,,,,
2026-02-18,2026-02-18,FO,NSE,STO,104006,,HDFCAMC,,2026-03-30,2026-03-30,2280.0,PE,HDFCAMC26MAR2280PE,0.0,0.0,0.0,19.05,19.05,19.05,2812.6,0.9,1800,0,0,0.0,0,F1,300,,,,,
2026-02-18,2026-02-18,FO,NSE,STO,104035,,HDFCAMC,,2026-03-30,2026-03-30,2400.0,PE,HDFCAMC26MAR2400PE,3.95,3.95,3.95,3.95,3.95,7.0,2812.6,4.0,2400,0,1,721185.0,1,F1,300,,,,,
2026-02-18,2026-02-18,FO,NSE,STO,114643,,HDFCAMC,,2026-03-30,2026-03-30,2300.0,PE,HDFCAMC26MAR2300PE,0.0,0.0,0.0,21.6,21.6,21.6,2812.6,1.2,1200,0,0,0.0,0,F1,300,,,,,
2026-02-18,2026-02-18,FO,NSE,STO,104010,,HDFCAMC,,2026-03-30,2026-03-30,2360.0,PE,HDFCAMC26MAR2360PE,0.0,0.0,0.0,57.0,0.0,57.0,2812.6,2.5,0,0,0,0.0,0,F1,300,,,,,
2026-02-18,2026-02-18,FO,NSE,STO,104229,,HDFCAMC,,2026-03-30,2026-03-30,3120.0,PE,HDFCAMC26MAR3120PE,0.0,0.0,0.0,490.05,0.0,490.05,2812.6,310.3,0,0,0,0.0,0,F1,300,,,,,
2026-02-18,2026-02-18,FO,NSE,STO,114636,,HDFCAMC,,2026-03-30,2026-03-30,2260.0,CE,HDFCAMC26MAR2260CE,0.0,0.0,0.0,253.75,0.0,253.75,2812.6,566.85,0,0,0,0.0,0,F1,300,,,,,
2026-02-18,2026-02-18,FO,NSE,STO,115076,,HDFCAMC,,2026-03-30,2026-03-30,2460.0,CE,HDFCAMC26MAR2460CE,0.0,0.0,0.0,136.3,0.0,136.3,2812.6,374.9,0,0,0,0.0,0,F1,300,,,,,
2026-02-18,2026-02-18,FO,NSE,STO,115064,,HDFCAMC,,2026-03-30,2026-03-30,2340.0,CE,HDFCAMC26MAR2340CE,0.0,0.0,0.0,201.15,0.0,201.15,2812.6,488.65,0,0,0,0.0,0,F1,300,,,,,
2026-02-18,2026-02-18,FO,NSE,STO,114634,,HDFCAMC,,2026-03-30,2026-03-30,2220.0,CE,HDFCAMC26MAR2220CE,0.0,0.0,0.0,282.55,0.0,282.55,2812.6,606.3,0,0,0,0.0,0,F1,300,,,,,
2026-02-18,2026-02-18,FO,NSE,STF,66845,,HDFCAMC,,2026-04-28,2026-04-28,,,HDFCAMC26APRFUT,2916.0,2927.7,2841.1,2847.8,2842.0,2890.5,2812.6,2847.8,8100,600,21,18101790.0,17,F1,300,,,,,
2026-02-18,2026-02-18,FO,NSE,STO,115581,,HDFCAMC,,2026-04-28,2026-04-28,3280.0,CE,HDFCAMC26APR3280CE,0.0,0.0,0.0,9.3,0.0,9.3,2812.6,22.9,0,0,0,0.0,0,F1,300,,,,,
2026-02-18,2026-02-18,FO,NSE,STO,36597,,HDFCAMC,,2026-02-24,2026-02-24,2160.0,PE,HDFCAMC26FEB2160PE,0.45,0.45,0.45,0.45,0.45,0.1,2812.6,0.05,5700,-1500,13,8425755.0,9,F1,300,,,,,
2026-02-18,2026-02-18,FO,NSE,STO,36595,,HDFCAMC,,2026-02-24,2026-02-24,2120.0,PE,HDFCAMC26FEB2120PE,0.0,0.0,0.0,0.2,0.2,0.2,2812.6,0.05,10800,0,0,0.0,0,F1,300,,,,,
2026-02-18,2026-02-18,FO,NSE,STO,115564,,HDFCAMC,,2026-04-28,2026-04-28,2920.0,PE,HDFCAMC26APR2920PE,0.0,0.0,0.0,476.95,0.0,476.95,2812.6,182.8,0,0,0,0.0,0,F1,300,,,,,
2026-02-18,2026-02-18,FO,NSE,STO,115547,,HDFCAMC,,2026-04-28,2026-04-28,2720.0,PE,HDFCAMC26APR2720PE,0.0,0.0,0.0,318.7,0.0,318.7,2812.6,84.0,0,0,0,0.0,0,F1,300,,,,,
2026-02-18,2026-02-18,FO,NSE,STO,104258,,HDFCAMC,,2026-03-30,2026-03-30,3280.0,PE,HDFCAMC26MAR3280PE,0.0,0.0,0.0,628.0,0.0,628.0,2812.6,454.9,0,0,0,0.0,0,F1,300,,,,,
2026-02-18,2026-02-18,FO,NSE,STO,104144,,HDFCAMC,,2026-03-30,2026-03-30,2920.0,PE,HDFCAMC26MAR2920PE,0.0,0.0,0.0,334.25,0.0,334.25,2812.6,158.35,0,0,0,0.0,0,F1,300,,,,,
2026-02-18,2026-02-18,FO,NSE,STO,104124,,HDFCAMC,,2026-03-30,2026-03-30,2520.0,PE,HDFCAMC26MAR2520PE,0.0,0.0,0.0,14.6,14.6,14.6,2812.6,13.25,1500,0,0,0.0,0,F1,300,,,,,
2026-02-18,2026-02-18,FO,NSE,STO,115073,,HDFCAMC,,2026-03-30,2026-03-30,2380.0,PE,HDFCAMC26MAR2380PE,0.0,0.0,0.0,95.95,0.0,95.95,2812.6,3.2,0,0,0,0.0,0,F1,300,,,,,
2026-02-18,2026-02-18,FO,NSE,STO,36693,,HDFCAMC,,2026-02-24,2026-02-24,3280.0,PE,HDFCAMC26FEB3280PE,0.0,0.0,0.0,584.75,0.0,584.75,2812.6,464.45,0,0,0,0.0,0,F1,300,,,,,
2026-02-18,2026-02-18,FO,NSE,STO,36667,,HDFCAMC,,2026-02-24,2026-02-24,3080.0,PE,HDFCAMC26FEB3080PE,0.0,0.0,0.0,634.0,634.0,634.0,2812.6,264.85,1200,0,0,0.0,0,F1,300,,,,,
2026-02-18,2026-02-18,FO,NSE,STO,36621,,HDFCAMC,,2026-02-24,2026-02-24,2440.0,PE,HDFCAMC26FEB2440PE,1.0,1.45,1.0,1.45,1.45,1.25,2812.6,0.05,31800,-600,3,2197155.0,3,F1,300,,,,,
2026-02-18,2026-02-18,FO,NSE,STO,104135,,HDFCAMC,,2026-03-30,2026-03-30,2760.0,CE,HDFCAMC26MAR2760CE,0.0,0.0,0.0,139.3,0.0,139.3,2812.6,142.7,0,0,0,0.0,0,F1,300,,,,,
2026-02-18,2026-02-18,FO,NSE,STO,104231,,HDFCAMC,,2026-03-30,2026-03-30,3160.0,CE,HDFCAMC26MAR3160CE,20.0,20.0,10.4,11.6,11.6,22.5,2812.6,11.6,7800,1800,46,43786080.0,44,F1,300,,,,,
2026-02-18,2026-02-18,FO,NSE,STO,103816,,HDFCAMC,,2026-02-24,2026-02-24,2300.0,PE,HDFCAMC26FEB2300PE,0.4,1.1,0.4,0.8,0.75,0.6,2812.6,0.8,40800,1800,43,29681430.0,34,F1,300,,,,,
2026-02-18,2026-02-18,FO,NSE,STO,115136,,HDFCAMC,,2026-03-30,2026-03-30,2820.0,CE,HDFCAMC26MAR2820CE,0.0,0.0,0.0,31.75,0.0,31.75,2812.6,110.5,0,0,0,0.0,0,F1,300,,,,,
2026-02-18,2026-02-18,FO,NSE,STO,115084,,HDFCAMC,,2026-03-30,2026-03-30,2620.0,CE,HDFCAMC26MAR2620CE,0.0,0.0,0.0,75.1,0.0,75.1,2812.6,238.15,0,0,0,0.0,0,F1,300,,,,,
2026-02-18,2026-02-18,FO,NSE,STO,104007,,HDFCAMC,,2026-03-30,2026-03-30,2320.0,CE,HDFCAMC26MAR2320CE,0.0,0.0,0.0,391.85,0.0,391.85,2812.6,508.05,0,0,0,0.0,0,F1,300,,,,,
2026-02-18,2026-02-18,FO,NSE,STO,115065,,HDFCAMC,,2026-03-30,2026-03-30,2340.0,PE,HDFCAMC26MAR2340PE,0.0,0.0,0.0,79.85,0.0,79.85,2812.6,1.95,0,0,0,0.0,0,F1,300,,,,,
2026-02-18,2026-02-18,FO,NSE,STO,115077,,HDFCAMC,,2026-03-30,2026-03-30,2460.0,PE,HDFCAMC26MAR2460PE,0.0,0.0,0.0,58.1,58.1,58.1,2812.6,7.5,9900,0,0,0.0,0,F1,300,,,,,
2026-02-18,2026-02-18,FO,NSE,STO,104130,,HDFCAMC,,2026-03-30,2026-03-30,2640.0,PE,HDFCAMC26MAR2640PE,0.0,0.0,0.0,135.8,135.8,135.8,2812.6,34.45,5400,0,0,0.0,0,F1,300,,,,,
2026-02-18,2026-02-18,FO,NSE,STO,104138,,HDFCAMC,,2026-03-30,2026-03-30,2800.0,PE,HDFCAMC26MAR2800PE,50.7,77.7,40.65,70.3,72.5,50.7,2812.6,70.3,28800,8700,110,94375515.0,96,F1,300,,,,,
2026-02-18,2026-02-18,FO,NSE,STO,115152,,HDFCAMC,,2026-03-30,2026-03-30,3100.0,PE,HDFCAMC26MAR3100PE,0.0,0.0,0.0,638.55,0.0,638.55,2812.6,293.35,0,0,0,0.0,0,F1,300,,,,,
2026-02-18,2026-02-18,FO,NSE,STO,115518,,HDFCAMC,,2026-04-28,2026-04-28,2360.0,PE,HDFCAMC26APR2360PE,0.0,0.0,0.0,109.6,0.0,109.6,2812.6,9.3,0,0,0,0.0,0,F1,300,,,,,
2026-02-18,2026-02-18,FO,NSE,STO,115539,,HDFCAMC,,2026-04-28,2026-04-28,2560.0,PE,HDFCAMC26APR2560PE,0.0,0.0,0.0,211.75,0.0,211.75,2812.6,36.75,0,0,0,0.0,0,F1,300,,,,,
2026-02-18,2026-02-18,FO,NSE,STO,36594,,HDFCAMC,,2026-02-24,2026-02-24,2120.0,CE,HDFCAMC26FEB2120CE,0.0,0.0,0.0,602.6,0.0,602.6,2812.6,694.5,0,0,0,0.0,0,F1,300,,,,,
2026-02-18,2026-02-18,FO,NSE,STO,103850,,HDFCAMC,,2026-02-24,2026-02-24,2380.0,CE,HDFCAMC26FEB2380CE,0.0,0.0,0.0,127.45,127.45,127.45,2812.6,434.75,600,0,0,0.0,0,F1,300,,,,,
2026-02-18,2026-02-18,FO,NSE,STO,103872,,HDFCAMC,,2026-02-24,2026-02-24,2660.0,CE,HDFCAMC26FEB2660CE,0.0,0.0,0.0,176.85,176.85,176.85,2812.6,157.6,9900,0,0,0.0,0,F1,300,,,,,
2026-02-18,2026-02-18,FO,NSE,STO,103874,,HDFCAMC,,2026-02-24,2026-02-24,2700.0,CE,HDFCAMC26FEB2700CE,184.0,200.0,114.95,120.9,118.0,169.35,2812.6,120.9,44400,-15000,95,81523020.0,56,F1,300,,,,,
2026-02-18,2026-02-18,FO,NSE,STO,36650,,HDFCAMC,,2026-02-24,2026-02-24,2880.0,CE,HDFCAMC26FEB2880CE,30.0,43.5,8.75,10.35,10.0,26.35,2812.6,10.35,41700,-4200,1005,874935945.0,855,F1,300,,,,,
2026-02-18,2026-02-18,FO,NSE,STO,103999,,HDFCAMC,,2026-03-30,2026-03-30,2160.0,CE,HDFCAMC26MAR2160CE,0.0,0.0,0.0,522.35,0.0,522.35,2812.6,665.7,0,0,0,0.0,0,F1,300,,,,,
2026-02-18,2026-02-18,FO,NSE,STO,115082,,HDFCAMC,,2026-03-30,2026-03-30,2580.0,CE,HDFCAMC26MAR2580CE,0.0,0.0,0.0,82.6,82.6,82.6,2812.6,270.05,600,0,0,0.0,0,F1,300,,,,,
2026-02-18,2026-02-18,FO,NSE,STO,104133,,HDFCAMC,,2026-03-30,2026-03-30,2720.0,CE,HDFCAMC26MAR2720CE,155.3,155.3,153.5,153.5,153.5,155.3,2812.6,167.2,600,600,2,1724640.0,2,F1,300,,,,,
2026-02-18,2026-02-18,FO,NSE,STO,115509,,HDFCAMC,,2026-04-28,2026-04-28,2240.0,CE,HDFCAMC26APR2240CE,0.0,0.0,0.0,297.9,0.0,297.9,2812.6,599.0,0,0,0,0.0,0,F1,300,,,,,
2026-02-18,2026-02-18,FO,NSE,STO,115523,,HDFCAMC,,2026-04-28,2026-04-28,2480.0,CE,HDFCAMC26APR2480CE,0.0,0.0,0.0,161.15,0.0,161.15,2812.6,380.6,0,0,0,0.0,0,F1,300,,,,,
2026-02-18,2026-02-18,FO,NSE,STO,115548,,HDFCAMC,,2026-04-28,2026-04-28,2760.0,CE,HDFCAMC26APR2760CE,0.0,0.0,0.0,67.65,0.0,67.65,2812.6,181.3,0,0,0,0.0,0,F1,300,,,,,
2026-02-18,2026-02-18,FO,NSE,STO,115550,,HDFCAMC,,2026-04-28,2026-04-28,2800.0,CE,HDFCAMC26APR2800CE,0.0,0.0,0.0,59.05,0.0,59.05,2812.6,159.7,0,0,0,0.0,0,F1,300,,,,,
2026-02-18,2026-02-18,FO,NSE,STO,115559,,HDFCAMC,,2026-04-28,2026-04-28,2840.0,CE,HDFCAMC26APR2840CE,0.0,0.0,0.0,51.25,0.0,51.25,2812.6,139.9,0,0,0,0.0,0,F1,300,,,,,
2026-02-18,2026-02-18,FO,NSE,STO,96960,,HDFCAMC,,2026-02-24,2026-02-24,2400.0,PE,HDFCAMC26FEB2400PE,0.55,1.2,0.55,1.0,1.0,0.95,2812.6,1.0,82800,-7200,82,59065635.0,55,F1,300,,,,,
2026-02-18,2026-02-18,FO,NSE,STO,36665,,HDFCAMC,,2026-02-24,2026-02-24,3040.0,PE,HDFCAMC26FEB3040PE,0.0,0.0,0.0,387.6,0.0,387.6,2812.6,225.35,0,0,0,0.0,0,F1,300,,,,,
2026-02-18,2026-02-18,FO,NSE,STO,114635,,HDFCAMC,,2026-03-30,2026-03-30,2220.0,PE,HDFCAMC26MAR2220PE,0.0,0.0,0.0,42.55,0.0,42.55,2812.6,0.4,0,0,0,0.0,0,F1,300,,,,,
2026-02-18,2026-02-18,FO,NSE,STO,103886,,HDFCAMC,,2026-02-24,2026-02-24,2940.0,CE,HDFCAMC26FEB2940CE,10.25,16.6,2.75,3.1,3.05,8.95,2812.6,3.1,84900,-90000,1266,1120450335.0,1006,F1,300,,,,,
2026-02-18,2026-02-18,FO,NSE,STO,103892,,HDFCAMC,,2026-02-24,2026-02-24,3060.0,CE,HDFCAMC26FEB3060CE,1.0,1.0,1.0,1.0,1.0,3.25,2812.6,0.4,9900,-300,1,918300.0,1,F1,300,,,,,
2026-02-18,2026-02-18,FO,NSE,STO,104127,,HDFCAMC,,2026-03-30,2026-03-30,2600.0,CE,HDFCAMC26MAR2600CE,304.0,304.0,251.0,251.0,251.0,285.5,2812.6,253.9,2100,600,2,1726500.0,2,F1,300,,,,,
2026-02-18,2026-02-18,FO,NSE,STO,104137,,HDFCAMC,,2026-03-30,2026-03-30,2800.0,CE,HDFCAMC26MAR2800CE,147.0,157.0,98.0,105.85,101.5,134.8,2812.6,105.85,45600,4200,120,104997240.0,92,F1,300,,,,,
2026-02-18,2026-02-18,FO,NSE,STO,104223,,HDFCAMC,,2026-03-30,2026-03-30,3120.0,CE,HDFCAMC26MAR3120CE,0.0,0.0,0.0,46.45,0.0,46.45,2812.6,21.65,0,0,0,0.0,0,F1,300,,,,,
2026-02-18,2026-02-18,FO,NSE,STO,104257,,HDFCAMC,,2026-03-30,2026-03-30,3280.0,CE,HDFCAMC26MAR3280CE,0.0,0.0,0.0,26.75,0.0,26.75,2812.6,7.2,0,0,0,0.0,0,F1,300,,,,,
2026-02-18,2026-02-18,FO,NSE,STO,115571,,HDFCAMC,,2026-04-28,2026-04-28,3080.0,CE,HDFCAMC26APR3080CE,0.0,0.0,0.0,20.95,0.0,20.95,2812.6,56.4,0,0,0,0.0,0,F1,300,,,,,
2026-02-18,2026-02-18,FO,NSE,STO,36592,,HDFCAMC,,2026-02-24,2026-02-24,2080.0,CE,HDFCAMC26FEB2080CE,0.0,0.0,0.0,639.15,0.0,639.15,2812.6,734.5,0,0,0,0.0,0,F1,300,,,,,
2026-02-18,2026-02-18,FO,NSE,STO,115573,,HDFCAMC,,2026-04-28,2026-04-28,3120.0,CE,HDFCAMC26APR3120CE,0.0,0.0,0.0,17.9,0.0,17.9,2812.6,47.6,0,0,0,0.0,0,F1,300,,,,,
2026-02-18,2026-02-18,FO,NSE,STO,36611,,HDFCAMC,,2026-02-24,2026-02-24,2320.0,PE,HDFCAMC26FEB2320PE,0.35,0.35,0.35,0.35,0.35,0.4,2812.6,0.05,12600,0,1,696105.0,1,F1,300,,,,,
2026-02-18,2026-02-18,FO,NSE,STO,103869,,HDFCAMC,,2026-02-24,2026-02-24,2580.0,PE,HDFCAMC26FEB2580PE,1.5,2.8,1.5,2.1,2.8,2.05,2812.6,2.1,10800,-600,10,7745970.0,10,F1,300,,,,,
2026-02-18,2026-02-18,FO,NSE,STO,104001,,HDFCAMC,,2026-03-30,2026-03-30,2200.0,CE,HDFCAMC26MAR2200CE,0.0,0.0,0.0,488.2,0.0,488.2,2812.6,626.1,0,0,0,0.0,0,F1,300,,,,,
2026-02-18,2026-02-18,FO,NSE,STO,36649,,HDFCAMC,,2026-02-24,2026-02-24,2840.0,PE,HDFCAMC26FEB2840PE,14.45,56.05,10.95,42.15,44.0,20.0,2812.6,42.15,41100,300,1211,1042856490.0,1064,F1,300,,,,,
2026-02-18,2026-02-18,FO,NSE,STO,36651,,HDFCAMC,,2026-02-24,2026-02-24,2880.0,PE,HDFCAMC26FEB2880PE,25.0,85.8,23.0,72.65,72.65,38.45,2812.6,72.65,20400,11400,220,192695535.0,204,F1,300,,,,,
2026-02-18,2026-02-18,FO,NSE,STO,103998,,HDFCAMC,,2026-03-30,2026-03-30,2120.0,PE,HDFCAMC26MAR2120PE,0.0,0.0,0.0,15.8,0.0,15.8,2812.6,0.05,0,0,0,0.0,0,F1,300,,,,,
2026-02-18,2026-02-18,FO,NSE,STO,104004,,HDFCAMC,,2026-03-30,2026-03-30,2240.0,PE,HDFCAMC26MAR2240PE,0.0,0.0,0.0,14.25,14.25,14.25,2812.6,0.5,2100,0,0,0.0,0,F1,300,,,,,
2026-02-18,2026-02-18,FO,NSE,STO,115085,,HDFCAMC,,2026-03-30,2026-03-30,2620.0,PE,HDFCAMC26MAR2620PE,12.2,22.7,12.2,22.7,22.7,51.9,2812.6,29.85,3900,-4200,31,24487260.0,15,F1,300,,,,,
2026-02-18,2026-02-18,FO,NSE,STO,115083,,HDFCAMC,,2026-03-30,2026-03-30,2580.0,PE,HDFCAMC26MAR2580PE,0.0,0.0,0.0,101.35,101.35,101.35,2812.6,21.95,300,0,0,0.0,0,F1,300,,,,,
2026-02-18,2026-02-18,FO,NSE,STO,103893,,HDFCAMC,,2026-02-24,2026-02-24,3060.0,PE,HDFCAMC26FEB3060PE,0.0,0.0,0.0,429.3,0.0,429.3,2812.6,245.05,0,0,0,0.0,0,F1,300,,,,,
2026-02-18,2026-02-18,FO,NSE,STO,36633,,HDFCAMC,,2026-02-24,2026-02-24,2520.0,PE,HDFCAMC26FEB2520PE,0.0,0.0,0.0,2.0,2.0,2.0,2812.6,0.05,38700,0,0,0.0,0,F1,300,,,,,
2026-02-18,2026-02-18,FO,NSE,STO,36618,,HDFCAMC,,2026-02-24,2026-02-24,2360.0,PE,HDFCAMC26FEB2360PE,0.0,0.0,0.0,1.45,1.45,1.45,2812.6,0.05,5400,0,0,0.0,0,F1,300,,,,,
2026-02-18,2026-02-18,FO,NSE,STO,36601,,HDFCAMC,,2026-02-24,2026-02-24,2280.0,PE,HDFCAMC26FEB2280PE,0.0,0.0,0.0,31.0,0.0,31.0,2812.6,0.05,0,0,0,0.0,0,F1,300,,,,,
2026-02-18,2026-02-18,FO,NSE,STO,115579,,HDFCAMC,,2026-04-28,2026-04-28,3200.0,CE,HDFCAMC26APR3200CE,0.0,0.0,0.0,12.95,0.0,12.95,2812.6,33.35,0,0,0,0.0,0,F1,300,,,,,
2026-02-18,2026-02-18,FO,NSE,STO,104253,,HDFCAMC,,2026-03-30,2026-03-30,3240.0,CE,HDFCAMC26MAR3240CE,0.0,0.0,0.0,10.55,10.55,10.55,2812.6,9.6,300,0,0,0.0,0,F1,300,,,,,
2026-02-18,2026-02-18,FO,NSE,STO,115148,,HDFCAMC,,2026-03-30,2026-03-30,3060.0,CE,HDFCAMC26MAR3060CE,0.0,0.0,0.0,9.65,0.0,9.65,2812.6,31.45,0,0,0,0.0,0,F1,300,,,,,
2026-02-18,2026-02-18,FO,NSE,STO,104153,,HDFCAMC,,2026-03-30,2026-03-30,3000.0,CE,HDFCAMC26MAR3000CE,43.15,54.95,28.6,30.9,30.6,43.15,2812.6,30.9,33000,24300,150,136679775.0,142,F1,300,,,,,
2026-02-18,2026-02-18,FO,NSE,STO,115138,,HDFCAMC,,2026-03-30,2026-03-30,2860.0,CE,HDFCAMC26MAR2860CE,104.35,114.15,71.55,74.4,74.4,100.75,2812.6,91.95,11400,900,26,22964625.0,26,F1,300,,,,,
2026-02-18,2026-02-18,FO,NSE,STO,115095,,HDFCAMC,,2026-03-30,2026-03-30,2780.0,CE,HDFCAMC26MAR2780CE,130.0,130.0,130.0,130.0,130.0,130.0,2812.6,131.4,300,0,1,873000.0,1,F1,300,,,,,
2026-02-18,2026-02-18,FO,NSE,STO,115080,,HDFCAMC,,2026-03-30,2026-03-30,2540.0,CE,HDFCAMC26MAR2540CE,0.0,0.0,0.0,99.55,99.55,99.55,2812.6,303.65,900,0,0,0.0,0,F1,300,,,,,
2026-02-18,2026-02-18,FO,NSE,STO,114642,,HDFCAMC,,2026-03-30,2026-03-30,2300.0,CE,HDFCAMC26MAR2300CE,0.0,0.0,0.0,226.5,0.0,226.5,2812.6,527.6,0,0,0,0.0,0,F1,300,,,,,
2026-02-18,2026-02-18,FO,NSE,STO,36632,,HDFCAMC,,2026-02-24,2026-02-24,2520.0,CE,HDFCAMC26FEB2520CE,0.0,0.0,0.0,206.1,206.1,206.1,2812.6,294.9,20100,0,0,0.0,0,F1,300,,,,,
2026-02-18,2026-02-18,FO,NSE,STO,36620,,HDFCAMC,,2026-02-24,2026-02-24,2440.0,CE,HDFCAMC26FEB2440CE,0.0,0.0,0.0,373.0,373.0,373.0,2812.6,374.8,8400,0,0,0.0,0,F1,300,,,,,
2026-02-18,2026-02-18,FO,NSE,STO,103807,,HDFCAMC,,2026-02-24,2026-02-24,2220.0,CE,HDFCAMC26FEB2220CE,0.0,0.0,0.0,444.2,0.0,444.2,2812.6,594.6,0,0,0,0.0,0,F1,300,,,,,
2026-02-18,2026-02-18,FO,NSE,STO,115566,,HDFCAMC,,2026-04-28,2026-04-28,2960.0,PE,HDFCAMC26APR2960PE,0.0,0.0,0.0,511.05,0.0,511.05,2812.6,207.8,0,0,0,0.0,0,F1,300,,,,,
2026-02-18,2026-02-18,FO,NSE,STO,115526,,HDFCAMC,,2026-04-28,2026-04-28,2480.0,PE,HDFCAMC26APR2480PE,0.0,0.0,0.0,166.4,0.0,166.4,2812.6,22.35,0,0,0,0.0,0,F1,300,,,,,
2026-02-18,2026-02-18,FO,NSE,STO,115522,,HDFCAMC,,2026-04-28,2026-04-28,2440.0,PE,HDFCAMC26APR2440PE,0.0,0.0,0.0,145.95,0.0,145.95,2812.6,17.0,0,0,0,0.0,0,F1,300,,,,,
2026-02-18,2026-02-18,FO,NSE,STO,115520,,HDFCAMC,,2026-04-28,2026-04-28,2400.0,PE,HDFCAMC26APR2400PE,0.0,0.0,0.0,127.0,0.0,127.0,2812.6,12.7,0,0,0,0.0,0,F1,300,,,,,
2026-02-18,2026-02-18,FO,NSE,STO,115506,,HDFCAMC,,2026-04-28,2026-04-28,2160.0,PE,HDFCAMC26APR2160PE,0.0,0.0,0.0,45.5,0.0,45.5,2812.6,1.4,0,0,0,0.0,0,F1,300,,,,,
2026-02-18,2026-02-18,FO,NSE,STO,115502,,HDFCAMC,,2026-04-28,2026-04-28,2080.0,PE,HDFCAMC26APR2080PE,0.0,0.0,0.0,29.55,0.0,29.55,2812.6,0.55,0,0,0,0.0,0,F1,300,,,,,
2026-02-18,2026-02-18,FO,NSE,STO,104250,,HDFCAMC,,2026-03-30,2026-03-30,3200.0,PE,HDFCAMC26MAR3200PE,365.0,365.0,365.0,365.0,365.0,557.85,2812.6,380.9,600,600,2,2139000.0,1,F1,300,,,,,
2026-02-18,2026-02-18,FO,NSE,STO,115093,,HDFCAMC,,2026-03-30,2026-03-30,2740.0,PE,HDFCAMC26MAR2740PE,0.0,0.0,0.0,320.05,0.0,320.05,2812.6,65.6,0,0,0,0.0,0,F1,300,,,,,
2026-02-18,2026-02-18,FO,NSE,STO,115091,,HDFCAMC,,2026-03-30,2026-03-30,2700.0,PE,HDFCAMC26MAR2700PE,20.65,39.3,20.0,33.9,34.0,24.9,2812.6,33.9,59700,21300,194,159002010.0,110,F1,300,,,,,
2026-02-18,2026-02-18,FO,NSE,STO,36678,,HDFCAMC,,2026-02-24,2026-02-24,3160.0,CE,HDFCAMC26FEB3160CE,0.0,0.0,0.0,48.95,0.0,48.95,2812.6,0.05,0,0,0,0.0,0,F1,300,,,,,
2026-02-18,2026-02-18,FO,NSE,STO,104005,,HDFCAMC,,2026-03-30,2026-03-30,2280.0,CE,HDFCAMC26MAR2280CE,0.0,0.0,0.0,422.85,0.0,422.85,2812.6,547.2,0,0,0,0.0,0,F1,300,,,,,
2026-02-18,2026-02-18,FO,NSE,STO,104151,,HDFCAMC,,2026-03-30,2026-03-30,2960.0,CE,HDFCAMC26MAR2960CE,0.0,0.0,0.0,77.75,0.0,77.75,2812.6,55.55,0,0,0,0.0,0,F1,300,,,,,
2026-02-18,2026-02-18,FO,NSE,STO,104249,,HDFCAMC,,2026-03-30,2026-03-30,3200.0,CE,HDFCAMC26MAR3200CE,0.0,0.0,0.0,19.55,19.55,19.55,2812.6,12.75,300,0,0,0.0,0,F1,300,,,,,
2026-02-18,2026-02-18,FO,NSE,STO,115538,,HDFCAMC,,2026-04-28,2026-04-28,2560.0,CE,HDFCAMC26APR2560CE,0.0,0.0,0.0,127.75,0.0,127.75,2812.6,315.85,0,0,0,0.0,0,F1,300,,,,,
2026-02-18,2026-02-18,FO,NSE,STO,115540,,HDFCAMC,,2026-04-28,2026-04-28,2600.0,CE,HDFCAMC26APR2600CE,0.0,0.0,0.0,113.2,0.0,113.2,2812.6,285.6,0,0,0,0.0,0,F1,300,,,,,
2026-02-18,2026-02-18,FO,NSE,STO,36591,,HDFCAMC,,2026-02-24,2026-02-24,2040.0,PE,HDFCAMC26FEB2040PE,0.0,0.0,0.0,0.2,0.2,0.2,2812.6,0.05,0,0,0,0.0,0,F1,300,,,,,
2026-02-18,2026-02-18,FO,NSE,STO,96950,,HDFCAMC,,2026-02-24,2026-02-24,2200.0,PE,HDFCAMC26FEB2200PE,1.0,1.0,0.95,0.95,0.95,0.2,2812.6,0.05,14400,-300,2,1320585.0,2,F1,300,,,,,
2026-02-18,2026-02-18,FO,NSE,STO,36631,,HDFCAMC,,2026-02-24,2026-02-24,2480.0,PE,HDFCAMC26FEB2480PE,1.2,1.45,1.2,1.45,1.45,1.2,2812.6,0.05,27300,-1500,14,10421715.0,8,F1,300,,,,,
2026-02-18,2026-02-18,FO,NSE,STO,36653,,HDFCAMC,,2026-02-24,2026-02-24,2920.0,PE,HDFCAMC26FEB2920PE,50.0,121.0,47.5,105.3,105.3,114.95,2812.6,113.45,1800,-300,17,15313320.0,17,F1,300,,,,,
2026-02-18,2026-02-18,FO,NSE,STO,97023,,HDFCAMC,,2026-02-24,2026-02-24,3200.0,PE,HDFCAMC26FEB3200PE,0.0,0.0,0.0,1050.8,0.0,1050.8,2812.6,384.5,0,0,0,0.0,0,F1,300,,,,,
2026-02-18,2026-02-18,FO,NSE,STO,104126,,HDFCAMC,,2026-03-30,2026-03-30,2560.0,PE,HDFCAMC26MAR2560PE,12.0,14.05,12.0,13.8,13.65,12.05,2812.6,13.8,1200,-1200,9,6947550.0,7,F1,300,,,,,
2026-02-18,2026-02-18,FO,NSE,STO,115139,,HDFCAMC,,2026-03-30,2026-03-30,2860.0,PE,HDFCAMC26MAR2860PE,0.0,0.0,0.0,419.6,0.0,419.6,2812.6,122.15,0,0,0,0.0,0,F1,300,,,,,
2026-02-18,2026-02-18,FO,NSE,STO,115145,,HDFCAMC,,2026-03-30,2026-03-30,2980.0,PE,HDFCAMC26MAR2980PE,0.0,0.0,0.0,526.65,0.0,526.65,2812.6,199.35,0,0,0,0.0,0,F1,300,,,,,
2026-02-18,2026-02-18,FO,NSE,STO,104162,,HDFCAMC,,2026-03-30,2026-03-30,3080.0,PE,HDFCAMC26MAR3080PE,0.0,0.0,0.0,457.25,0.0,457.25,2812.6,276.75,0,0,0,0.0,0,F1,300,,,,,
2026-02-18,2026-02-18,FO,NSE,STO,104254,,HDFCAMC,,2026-03-30,2026-03-30,3240.0,PE,HDFCAMC26MAR3240PE,0.0,0.0,0.0,592.65,0.0,592.65,2812.6,417.55,0,0,0,0.0,0,F1,300,,,,,
2026-02-18,2026-02-18,FO,NSE,STO,115512,,HDFCAMC,,2026-04-28,2026-04-28,2280.0,PE,HDFCAMC26APR2280PE,0.0,0.0,0.0,79.5,0.0,79.5,2812.6,4.7,0,0,0,0.0,0,F1,300,,,,,
2026-02-18,2026-02-18,FO,NSE,STO,115562,,HDFCAMC,,2026-04-28,2026-04-28,2880.0,PE,HDFCAMC26APR2880PE,0.0,0.0,0.0,443.55,0.0,443.55,2812.6,159.5,0,0,0,0.0,0,F1,300,,,,,
2026-02-18,2026-02-18,FO,NSE,STO,36596,,HDFCAMC,,2026-02-24,2026-02-24,2160.0,CE,HDFCAMC26FEB2160CE,0.0,0.0,0.0,566.7,0.0,566.7,2812.6,654.55,0,0,0,0.0,0,F1,300,,,,,
2026-02-18,2026-02-18,FO,NSE,STO,104131,,HDFCAMC,,2026-03-30,2026-03-30,2680.0,CE,HDFCAMC26MAR2680CE,0.0,0.0,0.0,172.65,0.0,172.65,2812.6,193.95,0,0,0,0.0,0,F1,300,,,,,
2026-02-18,2026-02-18,FO,NSE,STO,115150,,HDFCAMC,,2026-03-30,2026-03-30,3100.0,CE,HDFCAMC26MAR3100CE,0.0,0.0,0.0,7.8,0.0,7.8,2812.6,24.6,0,0,0,0.0,0,F1,300,,,,,
2026-02-18,2026-02-18,FO,NSE,STO,36637,,HDFCAMC,,2026-02-24,2026-02-24,2560.0,PE,HDFCAMC26FEB2560PE,2.75,2.75,1.7,1.85,1.8,1.7,2812.6,1.85,28200,2400,47,36123225.0,31,F1,300,,,,,
2026-02-18,2026-02-18,FO,NSE,STO,104134,,HDFCAMC,,2026-03-30,2026-03-30,2720.0,PE,HDFCAMC26MAR2720PE,0.0,0.0,0.0,42.6,42.6,42.6,2812.6,58.25,11100,0,0,0.0,0,F1,300,,,,,
2026-02-18,2026-02-18,FO,NSE,STO,115137,,HDFCAMC,,2026-03-30,2026-03-30,2820.0,PE,HDFCAMC26MAR2820PE,0.0,0.0,0.0,385.45,0.0,385.45,2812.6,100.95,0,0,0,0.0,0,F1,300,,,,,
2026-02-18,2026-02-18,FO,NSE,STO,104152,,HDFCAMC,,2026-03-30,2026-03-30,2960.0,PE,HDFCAMC26MAR2960PE,0.0,0.0,0.0,363.7,0.0,363.7,2812.6,185.15,0,0,0,0.0,0,F1,300,,,,,
2026-02-18,2026-02-18,FO,NSE,STO,115541,,HDFCAMC,,2026-04-28,2026-04-28,2600.0,PE,HDFCAMC26APR2600PE,0.0,0.0,0.0,236.55,0.0,236.55,2812.6,46.1,0,0,0,0.0,0,F1,300,,,,,
2026-02-18,2026-02-18,FO,NSE,STO,36636,,HDFCAMC,,2026-02-24,2026-02-24,2560.0,CE,HDFCAMC26FEB2560CE,330.0,330.0,330.0,330.0,330.0,300.0,2812.6,255.05,38400,0,10,8670000.0,1,F1,300,,,,,
2026-02-18,2026-02-18,FO,NSE,STO,103880,,HDFCAMC,,2026-02-24,2026-02-24,2820.0,CE,HDFCAMC26FEB2820CE,70.0,85.0,25.4,30.5,30.3,60.95,2812.6,30.5,54600,6300,698,598099920.0,568,F1,300,,,,,
2026-02-18,2026-02-18,FO,NSE,STO,36666,,HDFCAMC,,2026-02-24,2026-02-24,3080.0,CE,HDFCAMC26FEB3080CE,0.0,0.0,0.0,1.5,1.5,1.5,2812.6,0.25,1200,0,0,0.0,0,F1,300,,,,,
2026-02-18,2026-02-18,FO,NSE,STO,36692,,HDFCAMC,,2026-02-24,2026-02-24,3280.0,CE,HDFCAMC26FEB3280CE,0.0,0.0,0.0,32.6,0.0,32.6,2812.6,0.05,0,0,0,0.0,0,F1,300,,,,,
2026-02-18,2026-02-18,FO,NSE,STO,115086,,HDFCAMC,,2026-03-30,2026-03-30,2660.0,CE,HDFCAMC26MAR2660CE,0.0,0.0,0.0,160.0,160.0,160.0,2812.6,208.2,13200,0,0,0.0,0,F1,300,,,,,
2026-02-18,2026-02-18,FO,NSE,STO,36647,,HDFCAMC,,2026-02-24,2026-02-24,2760.0,PE,HDFCAMC26FEB2760PE,4.05,19.5,2.9,11.55,12.95,4.95,2812.6,11.55,54300,-7500,948,787662960.0,811,F1,300,,,,,
2026-02-18,2026-02-18,FO,NSE,STO,115075,,HDFCAMC,,2026-03-30,2026-03-30,2420.0,PE,HDFCAMC26MAR2420PE,0.0,0.0,0.0,50.0,50.0,50.0,2812.6,4.95,600,0,0,0.0,0,F1,300,,,,,
2026-02-18,2026-02-18,FO,NSE,STO,115141,,HDFCAMC,,2026-03-30,2026-03-30,2900.0,PE,HDFCAMC26MAR2900PE,90.0,132.1,90.0,118.45,118.45,454.6,2812.6,118.45,2700,2700,15,13558335.0,14,F1,300,,,,,
2026-02-18,2026-02-18,FO,NSE,STO,104158,,HDFCAMC,,2026-03-30,2026-03-30,3040.0,PE,HDFCAMC26MAR3040PE,0.0,0.0,0.0,425.15,0.0,425.15,2812.6,244.55,0,0,0,0.0,0,F1,300,,,,,
2026-02-18,2026-02-18,FO,NSE,STO,115560,,HDFCAMC,,2026-04-28,2026-04-28,2840.0,PE,HDFCAMC26APR2840PE,0.0,0.0,0.0,411.0,0.0,411.0,2812.6,137.9,0,0,0,0.0,0,F1,300,,,,,
2026-02-18,2026-02-18,FO,NSE,STO,115580,,HDFCAMC,,2026-04-28,2026-04-28,3200.0,PE,HDFCAMC26APR3200PE,0.0,0.0,0.0,727.15,0.0,727.15,2812.6,387.65,0,0,0,0.0,0,F1,300,,,,,
2026-02-18,2026-02-18,FO,NSE,STO,115527,,HDFCAMC,,2026-04-28,2026-04-28,2520.0,CE,HDFCAMC26APR2520CE,0.0,0.0,0.0,143.75,0.0,143.75,2812.6,347.55,0,0,0,0.0,0,F1,300,,,,,
2026-02-18,2026-02-18,FO,NSE,STO,103875,,HDFCAMC,,2026-02-24,2026-02-24,2700.0,PE,HDFCAMC26FEB2700PE,3.0,7.7,1.8,4.9,5.6,3.0,2812.6,4.9,117000,-24300,849,688880085.0,744,F1,300,,,,,
2026-02-18,2026-02-18,FO,NSE,STO,36668,,HDFCAMC,,2026-02-24,2026-02-24,3120.0,CE,HDFCAMC26FEB3120CE,0.0,0.0,0.0,1.95,2.05,1.95,2812.6,0.1,20400,0,0,0.0,0,F1,300,,,,,
2026-02-18,2026-02-18,FO,NSE,STO,103894,,HDFCAMC,,2026-02-24,2026-02-24,3100.0,CE,HDFCAMC26FEB3100CE,1.5,1.5,0.6,0.65,0.65,1.1,2812.6,0.65,35400,-900,35,32560455.0,26,F1,300,,,,,
2026-02-18,2026-02-18,FO,NSE,STO,103815,,HDFCAMC,,2026-02-24,2026-02-24,2300.0,CE,HDFCAMC26FEB2300CE,0.0,0.0,0.0,515.85,515.85,515.85,2812.6,514.7,1200,0,0,0.0,0,F1,300,,,,,
2026-02-18,2026-02-18,FO,NSE,STO,115511,,HDFCAMC,,2026-04-28,2026-04-28,2280.0,CE,HDFCAMC26APR2280CE,0.0,0.0,0.0,271.2,0.0,271.2,2812.6,560.9,0,0,0,0.0,0,F1,300,,,,,
2026-02-18,2026-02-18,FO,NSE,STO,115090,,HDFCAMC,,2026-03-30,2026-03-30,2700.0,CE,HDFCAMC26MAR2700CE,205.75,222.3,165.0,170.0,170.0,206.3,2812.6,180.3,9000,2100,16,13884195.0,13,F1,300,,,,,
2026-02-18,2026-02-18,FO,NSE,STO,103891,,HDFCAMC,,2026-02-24,2026-02-24,3020.0,PE,HDFCAMC26FEB3020PE,0.0,0.0,0.0,395.2,0.0,395.2,2812.6,205.8,0,0,0,0.0,0,F1,300,,,,,
2026-02-18,2026-02-18,FO,NSE,STO,36670,,HDFCAMC,,2026-02-24,2026-02-24,3120.0,PE,HDFCAMC26FEB3120PE,0.0,0.0,0.0,450.25,0.0,450.25,2812.6,304.65,0,0,0,0.0,0,F1,300,,,,,
2026-02-18,2026-02-18,FO,NSE,STO,104002,,HDFCAMC,,2026-03-30,2026-03-30,2200.0,PE,HDFCAMC26MAR2200PE,0.0,0.0,0.0,25.45,0.0,25.45,2812.6,0.3,0,0,0,0.0,0,F1,300,,,,,
2026-02-18,2026-02-18,FO,NSE,STO,97015,,HDFCAMC,,2026-02-24,2026-02-24,3000.0,PE,HDFCAMC26FEB3000PE,0.0,0.0,0.0,137.55,137.55,137.55,2812.6,186.45,2400,0,0,0.0,0,F1,300,,,,,
2026-02-18,2026-02-18,FO,NSE,STO,104069,,HDFCAMC,,2026-03-30,2026-03-30,2440.0,CE,HDFCAMC26MAR2440CE,0.0,0.0,0.0,306.25,0.0,306.25,2812.6,393.4,0,0,0,0.0,0,F1,300,,,,,
2026-02-18,2026-02-18,FO,NSE,STO,104092,,HDFCAMC,,2026-03-30,2026-03-30,2480.0,CE,HDFCAMC26MAR2480CE,0.0,0.0,0.0,280.4,0.0,280.4,2812.6,356.65,0,0,0,0.0,0,F1,300,,,,,
2026-02-18,2026-02-18,FO,NSE,STO,115072,,HDFCAMC,,2026-03-30,2026-03-30,2380.0,CE,HDFCAMC26MAR2380CE,0.0,0.0,0.0,177.65,0.0,177.65,2812.6,450.1,0,0,0,0.0,0,F1,300,,,,,
2026-02-18,2026-02-18,FO,NSE,STO,104009,,HDFCAMC,,2026-03-30,2026-03-30,2360.0,CE,HDFCAMC26MAR2360CE,0.0,0.0,0.0,362.1,0.0,362.1,2812.6,469.3,0,0,0,0.0,0,F1,300,,,,,
2026-02-18,2026-02-18,FO,NSE,STO,36664,,HDFCAMC,,2026-02-24,2026-02-24,3040.0,CE,HDFCAMC26FEB3040CE,2.0,2.95,0.8,0.9,0.8,2.05,2812.6,0.9,24900,-5700,155,141421695.0,150,F1,300,,,,,
2026-02-18,2026-02-18,FO,NSE,STO,103888,,HDFCAMC,,2026-02-24,2026-02-24,2980.0,CE,HDFCAMC26FEB2980CE,4.75,8.4,1.45,1.55,1.45,4.75,2812.6,1.55,63000,25800,605,541495440.0,473,F1,300,,,,,
2026-02-18,2026-02-18,FO,NSE,STO,36640,,HDFCAMC,,2026-02-24,2026-02-24,2680.0,CE,HDFCAMC26FEB2680CE,145.0,145.7,137.25,141.5,137.25,188.6,2812.6,141.5,18000,0,5,4233075.0,5,F1,300,,,,,
2026-02-18,2026-02-18,FO,NSE,STO,103864,,HDFCAMC,,2026-02-24,2026-02-24,2500.0,CE,HDFCAMC26FEB2500CE,350.0,350.0,309.65,325.6,325.6,369.0,2812.6,314.85,99600,-1200,6,5092335.0,6,F1,300,,,,,
2026-02-18,2026-02-18,FO,NSE,STO,36630,,HDFCAMC,,2026-02-24,2026-02-24,2480.0,CE,HDFCAMC26FEB2480CE,0.0,0.0,0.0,330.85,334.65,330.85,2812.6,334.85,14100,0,0,0.0,0,F1,300,,,,,
2026-02-18,2026-02-18,FO,NSE,STF,51892,,HDFCAMC,,2026-03-30,2026-03-30,,,HDFCAMC26MARFUT,2887.8,2914.1,2818.0,2834.3,2830.0,2883.7,2812.6,2834.3,420300,210300,1558,1333820370.0,1421,F1,300,,,,,
2026-02-18,2026-02-18,FO,NSE,STF,59344,,HDFCAMC,,2026-02-24,2026-02-24,,,HDFCAMC26FEBFUT,2850.7,2901.2,2799.2,2819.8,2818.9,2868.0,2812.6,2819.8,5363400,-262200,4801,4098512040.0,4391,F1,300,,,,,
2026-02-18,2026-02-18,FO,NSE,STO,115576,,HDFCAMC,,2026-04-28,2026-04-28,3120.0,PE,HDFCAMC26APR3120PE,0.0,0.0,0.0,653.3,0.0,653.3,2812.6,322.7,0,0,0,0.0,0,F1,300,,,,,
2026-02-18,2026-02-18,FO,NSE,STO,115568,,HDFCAMC,,2026-04-28,2026-04-28,3000.0,PE,HDFCAMC26APR3000PE,0.0,0.0,0.0,545.8,0.0,545.8,2812.6,234.35,0,0,0,0.0,0,F1,300,,,,,
2026-02-18,2026-02-18,FO,NSE,STO,115149,,HDFCAMC,,2026-03-30,2026-03-30,3060.0,PE,HDFCAMC26MAR3060PE,0.0,0.0,0.0,600.85,0.0,600.85,2812.6,260.45,0,0,0,0.0,0,F1,300,,,,,
2026-02-18,2026-02-18,FO,NSE,STO,104140,,HDFCAMC,,2026-03-30,2026-03-30,2840.0,PE,HDFCAMC26MAR2840PE,0.0,0.0,0.0,278.9,0.0,278.9,2812.6,111.25,0,0,0,0.0,0,F1,300,,,,,
2026-02-18,2026-02-18,FO,NSE,STO,114637,,HDFCAMC,,2026-03-30,2026-03-30,2260.0,PE,HDFCAMC26MAR2260PE,0.0,0.0,0.0,17.6,17.6,17.6,2812.6,0.7,2100,0,0,0.0,0,F1,300,,,,,
2026-02-18,2026-02-18,FO,NSE,STO,115514,,HDFCAMC,,2026-04-28,2026-04-28,2320.0,PE,HDFCAMC26APR2320PE,0.0,0.0,0.0,93.8,0.0,93.8,2812.6,6.7,0,0,0,0.0,0,F1,300,,,,,
2026-02-18,2026-02-18,FO,NSE,STO,115551,,HDFCAMC,,2026-04-28,2026-04-28,2800.0,PE,HDFCAMC26APR2800PE,0.0,0.0,0.0,379.35,0.0,379.35,2812.6,118.1,0,0,0,0.0,0,F1,300,,,,,
2026-02-18,2026-02-18,FO,NSE,STO,115572,,HDFCAMC,,2026-04-28,2026-04-28,3080.0,PE,HDFCAMC26APR3080PE,0.0,0.0,0.0,617.0,0.0,617.0,2812.6,291.95,0,0,0,0.0,0,F1,300,,,,,
2026-02-18,2026-02-18,FO,NSE,STO,97022,,HDFCAMC,,2026-02-24,2026-02-24,3200.0,CE,HDFCAMC26FEB3200CE,0.0,0.0,0.0,83.7,0.0,83.7,2812.6,0.05,0,0,0,0.0,0,F1,300,,,,,
2026-02-18,2026-02-18,FO,NSE,STO,115519,,HDFCAMC,,2026-04-28,2026-04-28,2400.0,CE,HDFCAMC26APR2400CE,0.0,0.0,0.0,200.55,0.0,200.55,2812.6,450.1,0,0,0,0.0,0,F1,300,,,,,
2026-02-18,2026-02-18,FO,NSE,STO,104141,,HDFCAMC,,2026-03-30,2026-03-30,2880.0,CE,HDFCAMC26MAR2880CE,0.0,0.0,0.0,98.85,0.0,98.85,2812.6,83.55,0,0,0,0.0,0,F1,300,,,,,
2026-02-18,2026-02-18,FO,NSE,STO,115142,,HDFCAMC,,2026-03-30,2026-03-30,2940.0,CE,HDFCAMC26MAR2940CE,0.0,0.0,0.0,17.85,0.0,17.85,2812.6,61.75,0,0,0,0.0,0,F1,300,,,,,
2026-02-18,2026-02-18,FO,NSE,STO,115549,,HDFCAMC,,2026-04-28,2026-04-28,2760.0,PE,HDFCAMC26APR2760PE,0.0,0.0,0.0,348.6,0.0,348.6,2812.6,100.15,0,0,0,0.0,0,F1,300,,,,,
2026-02-18,2026-02-18,FO,NSE,STO,115545,,HDFCAMC,,2026-04-28,2026-04-28,2680.0,PE,HDFCAMC26APR2680PE,0.0,0.0,0.0,290.1,0.0,290.1,2812.6,69.65,0,0,0,0.0,0,F1,300,,,,,
2026-02-18,2026-02-18,FO,NSE,STO,103877,,HDFCAMC,,2026-02-24,2026-02-24,2740.0,PE,HDFCAMC26FEB2740PE,3.05,13.65,2.4,7.9,9.0,3.8,2812.6,7.9,145800,20100,712,586633020.0,658,F1,300,,,,,
2026-02-18,2026-02-18,FO,NSE,STO,104157,,HDFCAMC,,2026-03-30,2026-03-30,3040.0,CE,HDFCAMC26MAR3040CE,0.0,0.0,0.0,60.4,0.0,60.4,2812.6,35.4,0,0,0,0.0,0,F1,300,,,,,
2026-02-18,2026-02-18,FO,NSE,STO,115096,,HDFCAMC,,2026-03-30,2026-03-30,2780.0,PE,HDFCAMC26MAR2780PE,0.0,0.0,0.0,352.2,0.0,352.2,2812.6,82.05,0,0,0,0.0,0,F1,300,,,,,
2026-02-18,2026-02-18,FO,NSE,STO,115079,,HDFCAMC,,2026-03-30,2026-03-30,2500.0,PE,HDFCAMC26MAR2500PE,9.0,11.4,6.5,10.0,10.0,9.35,2812.6,10.0,11400,1200,27,20331135.0,21,F1,300,,,,,
2026-02-18,2026-02-18,FO,NSE,STO,104142,,HDFCAMC,,2026-03-30,2026-03-30,2880.0,PE,HDFCAMC26MAR2880PE,108.4,108.4,108.4,108.4,108.4,306.05,2812.6,133.65,300,300,1,896520.0,1,F1,300,,,,,
2026-02-18,2026-02-18,FO,NSE,STO,103851,,HDFCAMC,,2026-02-24,2026-02-24,2380.0,PE,HDFCAMC26FEB2380PE,0.0,0.0,0.0,1.5,1.5,1.5,2812.6,0.05,900,0,0,0.0,0,F1,300,,,,,
2026-02-18,2026-02-18,FO,NSE,STO,103871,,HDFCAMC,,2026-02-24,2026-02-24,2620.0,PE,HDFCAMC26FEB2620PE,1.7,3.25,1.55,3.25,3.25,2.15,2812.6,0.9,33300,-300,17,13373745.0,14,F1,300,,,,,
2026-02-18,2026-02-18,FO,NSE,STO,36641,,HDFCAMC,,2026-02-24,2026-02-24,2680.0,PE,HDFCAMC26FEB2680PE,2.9,5.25,2.0,3.95,4.2,2.6,2812.6,3.95,17700,-9600,169,136063815.0,154,F1,300,,,,,
2026-02-18,2026-02-18,FO,NSE,STO,36661,,HDFCAMC,,2026-02-24,2026-02-24,2960.0,PE,HDFCAMC26FEB2960PE,0.0,0.0,0.0,271.95,271.95,271.95,2812.6,148.8,900,0,0,0.0,0,F1,300,,,,,
2026-02-18,2026-02-18,FO,NSE,STO,103885,,HDFCAMC,,2026-02-24,2026-02-24,2900.0,PE,HDFCAMC26FEB2900PE,44.4,103.65,32.85,90.35,92.75,51.8,2812.6,90.35,40200,20400,674,597321390.0,549,F1,300,,,,,
2026-02-18,2026-02-18,FO,NSE,STO,115565,,HDFCAMC,,2026-04-28,2026-04-28,2960.0,CE,HDFCAMC26APR2960CE,0.0,0.0,0.0,33.15,0.0,33.15,2812.6,91.0,0,0,0,0.0,0,F1,300,,,,,
2026-02-18,2026-02-18,FO,NSE,STO,115561,,HDFCAMC,,2026-04-28,2026-04-28,2880.0,CE,HDFCAMC26APR2880CE,0.0,0.0,0.0,44.45,0.0,44.45,2812.6,121.85,0,0,0,0.0,0,F1,300,,,,,
2026-02-18,2026-02-18,FO,NSE,STO,115544,,HDFCAMC,,2026-04-28,2026-04-28,2680.0,CE,HDFCAMC26APR2680CE,0.0,0.0,0.0,87.95,0.0,87.95,2812.6,230.0,0,0,0,0.0,0,F1,300,,,,,
2026-02-18,2026-02-18,FO,NSE,STO,115513,,HDFCAMC,,2026-04-28,2026-04-28,2320.0,CE,HDFCAMC26APR2320CE,0.0,0.0,0.0,246.1,0.0,246.1,2812.6,523.3,0,0,0,0.0,0,F1,300,,,,,
2026-02-18,2026-02-18,FO,NSE,STO,115584,,HDFCAMC,,2026-04-28,2026-04-28,3280.0,PE,HDFCAMC26APR3280PE,0.0,0.0,0.0,802.25,0.0,802.25,2812.6,456.4,0,0,0,0.0,0,F1,300,,,,,
2026-02-18,2026-02-18,FO,NSE,STO,115143,,HDFCAMC,,2026-03-30,2026-03-30,2940.0,PE,HDFCAMC26MAR2940PE,0.0,0.0,0.0,490.3,0.0,490.3,2812.6,171.5,0,0,0,0.0,0,F1,300,,,,,
2026-02-18,2026-02-18,FO,NSE,STO,115146,,HDFCAMC,,2026-03-30,2026-03-30,3020.0,CE,HDFCAMC26MAR3020CE,0.0,0.0,0.0,11.9,0.0,11.9,2812.6,39.8,0,0,0,0.0,0,F1,300,,,,,
2026-02-18,2026-02-18,FO,NSE,STO,104143,,HDFCAMC,,2026-03-30,2026-03-30,2920.0,CE,HDFCAMC26MAR2920CE,0.0,0.0,0.0,87.7,0.0,87.7,2812.6,68.5,0,0,0,0.0,0,F1,300,,,,,
2026-02-18,2026-02-18,FO,NSE,STO,115074,,HDFCAMC,,2026-03-30,2026-03-30,2420.0,CE,HDFCAMC26MAR2420CE,0.0,0.0,0.0,360.95,360.95,360.95,2812.6,412.1,600,0,0,0.0,0,F1,300,,,,,
2026-02-18,2026-02-18,FO,NSE,STO,103995,,HDFCAMC,,2026-03-30,2026-03-30,2080.0,CE,HDFCAMC26MAR2080CE,0.0,0.0,0.0,593.2,0.0,593.2,2812.6,745.15,0,0,0,0.0,0,F1,300,,,,,
2026-02-18,2026-02-18,FO,NSE,STO,103890,,HDFCAMC,,2026-02-24,2026-02-24,3020.0,CE,HDFCAMC26FEB3020CE,2.45,3.85,0.95,1.05,1.0,2.45,2812.6,1.05,26700,1200,109,98796255.0,99,F1,300,,,,,
2026-02-18,2026-02-18,FO,NSE,STO,36652,,HDFCAMC,,2026-02-24,2026-02-24,2920.0,CE,HDFCAMC26FEB2920CE,16.25,23.0,3.85,4.75,4.55,13.05,2812.6,4.75,59700,27000,764,671474160.0,646,F1,300,,,,,
2026-02-18,2026-02-18,FO,NSE,STO,103884,,HDFCAMC,,2026-02-24,2026-02-24,2900.0,CE,HDFCAMC26FEB2900CE,16.0,32.35,5.7,7.1,6.75,18.65,2812.6,7.1,275100,121800,5846,5117170140.0,4485,F1,300,,,,,
2026-02-18,2026-02-18,FO,NSE,STO,36648,,HDFCAMC,,2026-02-24,2026-02-24,2840.0,CE,HDFCAMC26FEB2840CE,53.3,67.5,18.0,22.05,21.5,47.2,2812.6,22.05,77700,9600,1360,1171236855.0,980,F1,300,,,,,
2026-02-18,2026-02-18,FO,NSE,STO,97007,,HDFCAMC,,2026-02-24,2026-02-24,2800.0,PE,HDFCAMC26FEB2800PE,8.15,35.0,5.3,22.8,23.85,9.85,2812.6,22.8,307200,12600,3184,2693492385.0,2552,F1,300,,,,,
2026-02-18,2026-02-18,FO,NSE,STO,103887,,HDFCAMC,,2026-02-24,2026-02-24,2940.0,PE,HDFCAMC26FEB2940PE,0.0,0.0,0.0,116.9,116.9,116.9,2812.6,130.8,600,0,0,0.0,0,F1,300,,,,,
2026-02-18,2026-02-18,FO,NSE,STO,103895,,HDFCAMC,,2026-02-24,2026-02-24,3100.0,PE,HDFCAMC26FEB3100PE,0.0,0.0,0.0,464.2,0.0,464.2,2812.6,284.75,0,0,0,0.0,0,F1,300,,,,,
2026-02-18,2026-02-18,FO,NSE,STO,104000,,HDFCAMC,,2026-03-30,2026-03-30,2160.0,PE,HDFCAMC26MAR2160PE,0.0,0.0,0.0,20.2,0.0,20.2,2812.6,0.15,0,0,0,0.0,0,F1,300,,,,,
2026-02-18,2026-02-18,FO,NSE,STO,103867,,HDFCAMC,,2026-02-24,2026-02-24,2540.0,PE,HDFCAMC26FEB2540PE,0.0,0.0,0.0,1.6,1.6,1.6,2812.6,0.05,15000,0,0,0.0,0,F1,300,,,,,
2026-02-18,2026-02-18,FO,NSE,STO,103852,,HDFCAMC,,2026-02-24,2026-02-24,2420.0,CE,HDFCAMC26FEB2420CE,399.3,403.1,399.3,403.1,403.1,326.8,2812.6,394.8,3900,-1200,4,3384300.0,2,F1,300,,,,,
2026-02-18,2026-02-18,FO,NSE,STO,103857,,HDFCAMC,,2026-02-24,2026-02-24,2460.0,PE,HDFCAMC26FEB2460PE,1.0,1.0,1.0,1.0,1.0,1.0,2812.6,0.05,29400,-300,1,738300.0,1,F1,300,,,,,
2026-02-18,2026-02-18,FO,NSE,STO,36599,,HDFCAMC,,2026-02-24,2026-02-24,2240.0,PE,HDFCAMC26FEB2240PE,0.0,0.0,0.0,3.0,3.0,3.0,2812.6,0.05,6300,0,0,0.0,0,F1,300,,,,,
2026-02-18,2026-02-18,FO,NSE,STO,104232,,HDFCAMC,,2026-03-30,2026-03-30,3160.0,PE,HDFCAMC26MAR3160PE,0.0,0.0,0.0,523.65,0.0,523.65,2812.6,345.1,0,0,0,0.0,0,F1,300,,,,,
2026-02-18,2026-02-18,FO,NSE,STO,103868,,HDFCAMC,,2026-02-24,2026-02-24,2580.0,CE,HDFCAMC26FEB2580CE,308.3,308.3,308.3,308.3,308.3,191.15,2812.6,235.2,21300,300,1,866490.0,1,F1,300,,,,,
2026-02-18,2026-02-18,FO,NSE,STO,96998,,HDFCAMC,,2026-02-24,2026-02-24,2600.0,CE,HDFCAMC26FEB2600CE,288.0,296.0,203.0,218.2,215.65,269.15,2812.6,218.2,74100,-5400,22,18841455.0,21,F1,300,,,,,
2026-02-18,2026-02-18,FO,NSE,STO,115144,,HDFCAMC,,2026-03-30,2026-03-30,2980.0,CE,HDFCAMC26MAR2980CE,0.0,0.0,0.0,14.6,0.0,14.6,2812.6,49.85,0,0,0,0.0,0,F1,300,,,,,
2026-02-18,2026-02-18,FO,NSE,STO,115505,,HDFCAMC,,2026-04-28,2026-04-28,2160.0,CE,HDFCAMC26APR2160CE,0.0,0.0,0.0,355.4,0.0,355.4,2812.6,676.35,0,0,0,0.0,0,F1,300,,,,,
2026-02-18,2026-02-18,FO,NSE,STO,103853,,HDFCAMC,,2026-02-24,2026-02-24,2420.0,PE,HDFCAMC26FEB2420PE,1.1,1.1,1.1,1.1,1.1,1.8,2812.6,1.1,20400,-300,1,726330.0,1,F1,300,,,,,
2026-02-18,2026-02-18,FO,NSE,STO,103865,,HDFCAMC,,2026-02-24,2026-02-24,2500.0,PE,HDFCAMC26FEB2500PE,2.4,3.0,0.55,1.65,1.5,1.4,2812.6,1.65,107700,-15600,226,169600800.0,154,F1,300,,,,,
2026-02-18,2026-02-18,FO,NSE,STO,96999,,HDFCAMC,,2026-02-24,2026-02-24,2600.0,PE,HDFCAMC26FEB2600PE,1.4,3.3,1.2,2.2,2.4,1.8,2812.6,2.2,142800,-6000,359,280256715.0,292,F1,300,,,,,
2026-02-18,2026-02-18,FO,NSE,STO,36645,,HDFCAMC,,2026-02-24,2026-02-24,2720.0,PE,HDFCAMC26FEB2720PE,1.75,10.3,1.75,5.75,7.15,3.25,2812.6,5.75,60300,19500,253,206969025.0,247,F1,300,,,,,
2026-02-18,2026-02-18,FO,NSE,STO,36679,,HDFCAMC,,2026-02-24,2026-02-24,3160.0,PE,HDFCAMC26FEB3160PE,0.0,0.0,0.0,482.85,0.0,482.85,2812.6,344.55,0,0,0,0.0,0,F1,300,,,,,
2026-02-18,2026-02-18,FO,NSE,STO,104122,,HDFCAMC,,2026-03-30,2026-03-30,2480.0,PE,HDFCAMC26MAR2480PE,0.0,0.0,0.0,93.5,0.0,93.5,2812.6,9.15,0,0,0,0.0,0,F1,300,,,,,
2026-02-18,2026-02-18,FO,NSE,STO,115081,,HDFCAMC,,2026-03-30,2026-03-30,2540.0,PE,HDFCAMC26MAR2540PE,0.0,0.0,0.0,86.45,86.45,86.45,2812.6,15.75,300,0,0,0.0,0,F1,300,,,,,
2026-02-18,2026-02-18,FO,NSE,STO,115147,,HDFCAMC,,2026-03-30,2026-03-30,3020.0,PE,HDFCAMC26MAR3020PE,0.0,0.0,0.0,563.5,0.0,563.5,2812.6,229.05,0,0,0,0.0,0,F1,300,,,,,
2026-02-18,2026-02-18,FO,NSE,STO,36639,,HDFCAMC,,2026-02-24,2026-02-24,2640.0,PE,HDFCAMC26FEB2640PE,1.5,3.75,1.5,2.9,2.95,2.1,2812.6,2.9,22500,1200,94,74525040.0,76,F1,300,,,,,
2026-02-18,2026-02-18,FO,NSE,STO,36593,,HDFCAMC,,2026-02-24,2026-02-24,2080.0,PE,HDFCAMC26FEB2080PE,0.0,0.0,0.0,0.05,0.05,0.05,2812.6,0.05,12300,0,0,0.0,0,F1,300,,,,,
2026-02-18,2026-02-18,FO,NSE,STO,115569,,HDFCAMC,,2026-04-28,2026-04-28,3040.0,CE,HDFCAMC26APR3040CE,0.0,0.0,0.0,24.5,0.0,24.5,2812.6,66.5,0,0,0,0.0,0,F1,300,,,,,
2026-02-18,2026-02-18,FO,NSE,STO,115542,,HDFCAMC,,2026-04-28,2026-04-28,2640.0,CE,HDFCAMC26APR2640CE,0.0,0.0,0.0,99.95,0.0,99.95,2812.6,256.95,0,0,0,0.0,0,F1,300,,,,,
2026-02-18,2026-02-18,FO,NSE,STO,115517,,HDFCAMC,,2026-04-28,2026-04-28,2360.0,CE,HDFCAMC26APR2360CE,0.0,0.0,0.0,222.55,0.0,222.55,2812.6,486.3,0,0,0,0.0,0,F1,300,,,,,
2026-02-18,2026-02-18,FO,NSE,STO,115501,,HDFCAMC,,2026-04-28,2026-04-28,2080.0,CE,HDFCAMC26APR2080CE,0.0,0.0,0.0,418.2,0.0,418.2,2812.6,754.7,0,0,0,0.0,0,F1,300,,,,,
2026-02-18,2026-02-18,FO,NSE,STO,104125,,HDFCAMC,,2026-03-30,2026-03-30,2560.0,CE,HDFCAMC26MAR2560CE,0.0,0.0,0.0,85.35,85.35,85.35,2812.6,286.65,6300,0,0,0.0,0,F1,300,,,,,
2026-02-18,2026-02-18,FO,NSE,STO,104129,,HDFCAMC,,2026-03-30,2026-03-30,2640.0,CE,HDFCAMC26MAR2640CE,0.0,0.0,0.0,191.35,0.0,191.35,2812.6,222.95,0,0,0,0.0,0,F1,300,,,,,
2026-02-18,2026-02-18,FO,NSE,STO,115543,,HDFCAMC,,2026-04-28,2026-04-28,2640.0,PE,HDFCAMC26APR2640PE,0.0,0.0,0.0,262.7,0.0,262.7,2812.6,57.05,0,0,0,0.0,0,F1,300,,,,,
2026-02-18,2026-02-18,FO,NSE,STO,103879,,HDFCAMC,,2026-02-24,2026-02-24,2780.0,PE,HDFCAMC26FEB2780PE,5.0,26.0,3.8,16.4,17.0,6.7,2812.6,16.4,49200,-13500,607,508564485.0,486,F1,300,,,,,
2026-02-18,2026-02-18,FO,NSE,STO,103808,,HDFCAMC,,2026-02-24,2026-02-24,2220.0,PE,HDFCAMC26FEB2220PE,0.0,0.0,0.0,13.45,0.0,13.45,2812.6,0.05,0,0,0,0.0,0,F1,300,,,,,
2026-02-18,2026-02-18,FO,NSE,STO,115567,,HDFCAMC,,2026-04-28,2026-04-28,3000.0,CE,HDFCAMC26APR3000CE,0.0,0.0,0.0,28.55,0.0,28.55,2812.6,78.0,0,0,0,0.0,0,F1,300,,,,,
2026-02-18,2026-02-18,FO,NSE,STO,104008,,HDFCAMC,,2026-03-30,2026-03-30,2320.0,PE,HDFCAMC26MAR2320PE,0.0,0.0,0.0,47.3,0.0,47.3,2812.6,1.55,0,0,0,0.0,0,F1,300,,,,,
2026-02-18,2026-02-18,FO,NSE,STO,104128,,HDFCAMC,,2026-03-30,2026-03-30,2600.0,PE,HDFCAMC26MAR2600PE,11.05,18.8,11.05,18.45,18.45,13.1,2812.6,25.65,20700,1200,17,13337325.0,17,F1,300,,,,,
2026-02-18,2026-02-18,FO,NSE,STO,115546,,HDFCAMC,,2026-04-28,2026-04-28,2720.0,CE,HDFCAMC26APR2720CE,0.0,0.0,0.0,77.15,0.0,77.15,2812.6,204.75,0,0,0,0.0,0,F1,300,,,,,
2026-02-18,2026-02-18,FO,NSE,STO,115563,,HDFCAMC,,2026-04-28,2026-04-28,2920.0,CE,HDFCAMC26APR2920CE,0.0,0.0,0.0,38.45,0.0,38.45,2812.6,105.6,0,0,0,0.0,0,F1,300,,,,,
2026-02-18,2026-02-18,FO,NSE,STO,103811,,HDFCAMC,,2026-02-24,2026-02-24,2260.0,PE,HDFCAMC26FEB2260PE,0.0,0.0,0.0,18.0,0.0,18.0,2812.6,0.05,0,0,0,0.0,0,F1,300,,,,,
2026-02-18,2026-02-18,FO,NSE,STO,36642,,HDFCAMC,,2026-02-24,2026-02-24,2720.0,CE,HDFCAMC26FEB2720CE,148.6,148.6,102.8,108.0,108.0,127.8,2812.6,108.0,21300,-600,11,9340170.0,11,F1,300,,,,,
2026-02-18,2026-02-18,FO,NSE,STO,36685,,HDFCAMC,,2026-02-24,2026-02-24,3240.0,PE,HDFCAMC26FEB3240PE,0.0,0.0,0.0,550.15,0.0,550.15,2812.6,424.45,0,0,0,0.0,0,F1,300,,,,,
2026-02-18,2026-02-18,FO,NSE,STO,104091,,HDFCAMC,,2026-03-30,2026-03-30,2440.0,PE,HDFCAMC26MAR2440PE,0.0,0.0,0.0,79.9,0.0,79.9,2812.6,6.15,0,0,0,0.0,0,F1,300,,,,,
2026-02-18,2026-02-18,FO,NSE,STO,96939,,HDFCAMC,,2026-02-24,2026-02-24,2200.0,CE,HDFCAMC26FEB2200CE,615.9,632.05,615.9,632.05,632.05,612.1,2812.6,614.6,8700,-1800,6,5083155.0,2,F1,300,,,,,
2026-02-18,2026-02-18,FO,NSE,STO,115510,,HDFCAMC,,2026-04-28,2026-04-28,2240.0,PE,HDFCAMC26APR2240PE,0.0,0.0,0.0,66.8,0.0,66.8,2812.6,3.25,0,0,0,0.0,0,F1,300,,,,,
2026-02-18,2026-02-18,FO,NSE,STO,115537,,HDFCAMC,,2026-04-28,2026-04-28,2520.0,PE,HDFCAMC26APR2520PE,0.0,0.0,0.0,188.35,0.0,188.35,2812.6,28.9,0,0,0,0.0,0,F1,300,,,,,
2026-02-18,2026-02-18,FO,NSE,STO,115570,,HDFCAMC,,2026-04-28,2026-04-28,3040.0,PE,HDFCAMC26APR3040PE,0.0,0.0,0.0,581.1,0.0,581.1,2812.6,262.45,0,0,0,0.0,0,F1,300,,,,,
2026-02-18,2026-02-18,FO,NSE,STO,36610,,HDFCAMC,,2026-02-24,2026-02-24,2320.0,CE,HDFCAMC26FEB2320CE,0.0,0.0,0.0,163.9,163.9,163.9,2812.6,494.7,900,0,0,0.0,0,F1,300,,,,,
2026-02-18,2026-02-18,FO,NSE,STO,103817,,HDFCAMC,,2026-02-24,2026-02-24,2340.0,CE,HDFCAMC26FEB2340CE,0.0,0.0,0.0,150.4,150.4,150.4,2812.6,474.7,1500,0,0,0.0,0,F1,300,,,,,
2026-02-18,2026-02-18,FO,NSE,STO,36616,,HDFCAMC,,2026-02-24,2026-02-24,2360.0,CE,HDFCAMC26FEB2360CE,0.0,0.0,0.0,141.75,141.75,141.75,2812.6,454.75,900,0,0,0.0,0,F1,300,,,,,
2026-02-18,2026-02-18,FO,NSE,STO,103876,,HDFCAMC,,2026-02-24,2026-02-24,2740.0,CE,HDFCAMC26FEB2740CE,156.0,156.0,76.05,90.1,90.3,130.75,2812.6,90.1,24300,-3300,39,33229215.0,39,F1,300,,,,,
2026-02-18,2026-02-18,FO,NSE,STO,96959,,HDFCAMC,,2026-02-24,2026-02-24,2400.0,CE,HDFCAMC26FEB2400CE,485.6,485.6,417.55,417.55,417.55,462.4,2812.6,414.75,12300,-1500,9,7698780.0,8,F1,300,,,,,
2026-02-18,2026-02-18,FO,NSE,STO,36660,,HDFCAMC,,2026-02-24,2026-02-24,2960.0,CE,HDFCAMC26FEB2960CE,7.3,11.3,1.8,2.05,1.8,6.6,2812.6,2.05,78300,-1800,528,469565460.0,426,F1,300,,,,,
2026-02-18,2026-02-18,FO,NSE,STO,103866,,HDFCAMC,,2026-02-24,2026-02-24,2540.0,CE,HDFCAMC26FEB2540CE,0.0,0.0,0.0,291.85,291.85,291.85,2812.6,274.95,15000,0,0,0.0,0,F1,300,,,,,
2026-02-18,2026-02-18,FO,NSE,STO,103818,,HDFCAMC,,2026-02-24,2026-02-24,2340.0,PE,HDFCAMC26FEB2340PE,0.0,0.0,0.0,1.0,1.0,1.0,2812.6,0.05,7500,0,0,0.0,0,F1,300,,,,,
2026-02-18,2026-02-18,FO,NSE,STO,103878,,HDFCAMC,,2026-02-24,2026-02-24,2780.0,CE,HDFCAMC26FEB2780CE,113.2,117.3,48.25,55.5,54.4,92.5,2812.6,55.5,15900,-1200,32,27329715.0,30,F1,300,,,,,
2026-02-18,2026-02-18,FO,NSE,STO,103882,,HDFCAMC,,2026-02-24,2026-02-24,2860.0,CE,HDFCAMC26FEB2860CE,37.5,56.45,12.4,14.85,14.8,35.6,2812.6,14.85,72600,22200,1077,932810235.0,830,F1,300,,,,,
2026-02-18,2026-02-18,FO,NSE,STO,103873,,HDFCAMC,,2026-02-24,2026-02-24,2660.0,PE,HDFCAMC26FEB2660PE,1.95,4.9,1.6,3.3,3.5,2.15,2812.6,3.3,47100,-900,183,146208210.0,179,F1,300,,,,,
2026-02-18,2026-02-18,FO,NSE,STO,103881,,HDFCAMC,,2026-02-24,2026-02-24,2820.0,PE,HDFCAMC26FEB2820PE,11.0,45.4,7.3,30.75,37.0,14.15,2812.6,30.75,54600,-3300,1079,921641490.0,888,F1,300,,,,,
2026-02-18,2026-02-18,FO,NSE,STO,103883,,HDFCAMC,,2026-02-24,2026-02-24,2860.0,PE,HDFCAMC26FEB2860PE,25.0,72.0,15.95,56.5,59.55,27.05,2812.6,56.5,53700,-2700,757,656080515.0,604,F1,300,,,,,
2026-02-18,2026-02-18,FO,NSE,STO,104156,,HDFCAMC,,2026-03-30,2026-03-30,3000.0,PE,HDFCAMC26MAR3000PE,179.55,179.55,179.55,179.55,179.55,159.65,2812.6,213.95,3600,600,2,1907730.0,1,F1,300,,,,,
2026-02-18,2026-02-18,FO,NSE,STO,104136,,HDFCAMC,,2026-03-30,2026-03-30,2760.0,PE,HDFCAMC26MAR2760PE,0.0,0.0,0.0,230.0,230.0,230.0,2812.6,73.55,600,0,0,0.0,0,F1,300,,,,,
2026-02-18,2026-02-18,FO,NSE,STO,115087,,HDFCAMC,,2026-03-30,2026-03-30,2660.0,PE,HDFCAMC26MAR2660PE,0.0,0.0,0.0,163.65,163.65,163.65,2812.6,39.6,300,0,0,0.0,0,F1,300,,,,,
2026-02-18,2026-02-18,FO,NSE,STO,103889,,HDFCAMC,,2026-02-24,2026-02-24,2980.0,PE,HDFCAMC26FEB2980PE,0.0,0.0,0.0,151.7,151.7,151.7,2812.6,167.4,600,0,0,0.0,0,F1,300,,,,,
2026-02-18,2026-02-18,FO,NSE,STO,97014,,HDFCAMC,,2026-02-24,2026-02-24,3000.0,CE,HDFCAMC26FEB3000CE,3.75,5.9,1.15,1.25,1.2,3.55,2812.6,1.25,214200,-54000,1856,1672006785.0,1362,F1,300,,,,,
2026-02-18,2026-02-18,FO,NSE,STO,104011,,HDFCAMC,,2026-03-30,2026-03-30,2400.0,CE,HDFCAMC26MAR2400CE,0.0,0.0,0.0,475.0,475.0,475.0,2812.6,431.0,2100,0,0,0.0,0,F1,300,,,,,
2026-02-18,2026-02-18,FO,NSE,STO,115078,,HDFCAMC,,2026-03-30,2026-03-30,2500.0,CE,HDFCAMC26MAR2500CE,0.0,0.0,0.0,275.0,275.0,275.0,2812.6,338.65,300,0,0,0.0,0,F1,300,,,,,
2026-02-18,2026-02-18,FO,NSE,STO,104139,,HDFCAMC,,2026-03-30,2026-03-30,2840.0,CE,HDFCAMC26MAR2840CE,0.0,0.0,0.0,111.15,0.0,111.15,2812.6,100.9,0,0,0,0.0,0,F1,300,,,,,
2026-02-18,2026-02-18,FO,NSE,STO,104161,,HDFCAMC,,2026-03-30,2026-03-30,3080.0,CE,HDFCAMC26MAR3080CE,0.0,0.0,0.0,53.05,0.0,53.05,2812.6,27.85,0,0,0,0.0,0,F1,300,,,,,
2026-02-18,2026-02-18,FO,NSE,STO,116680,,IOC,,2026-03-30,2026-03-30,136.0,PE,IOC26MAR136PE,0.0,0.0,0.0,1.12,0.0,1.12,178.75,0.01,0,0,0,0.0,0,F1,4875,,,,,
2026-02-18,2026-02-18,FO,NSE,STO,48651,,IOC,,2026-02-24,2026-02-24,182.0,PE,IOC26FEB182PE,6.34,6.34,4.22,4.33,4.61,7.51,178.75,4.33,292500,92625,40,36476553.75,40,F1,4875,,,,,
2026-02-18,2026-02-18,FO,NSE,STO,116140,,IOC,,2026-02-24,2026-02-24,181.0,PE,IOC26FEB181PE,5.0,5.0,3.5,3.51,3.5,7.2,178.75,3.51,341250,97500,34,30704115.0,26,F1,4875,,,,,
2026-02-18,2026-02-18,FO,NSE,STO,127853,,IOC,,2026-04-28,2026-04-28,170.0,CE,IOC26APR170CE,0.0,0.0,0.0,6.09,0.0,6.09,178.75,14.09,0,0,0,0.0,0,F1,4875,,,,,
2026-02-18,2026-02-18,FO,NSE,STO,127805,,IOC,,2026-04-28,2026-04-28,160.0,CE,IOC26APR160CE,0.0,0.0,0.0,10.15,0.0,10.15,178.75,21.73,0,0,0,0.0,0,F1,4875,,,,,
2026-02-18,2026-02-18,FO,NSE,STO,127621,,IOC,,2026-04-28,2026-04-28,156.0,CE,IOC26APR156CE,0.0,0.0,0.0,12.23,0.0,12.23,178.75,25.19,0,0,0,0.0,0,F1,4875,,,,,
2026-02-18,2026-02-18,FO,NSE,STO,106279,,IOC,,2026-02-24,2026-02-24,171.0,CE,IOC26FEB171CE,5.96,7.95,5.8,7.81,7.67,5.47,178.75,7.81,336375,-175500,58,50300055.0,42,F1,4875,,,,,
2026-02-18,2026-02-18,FO,NSE,STO,128130,,IOC,,2026-04-28,2026-04-28,180.0,PE,IOC26APR180PE,0.0,0.0,0.0,21.78,0.0,21.78,178.75,7.64,0,0,0,0.0,0,F1,4875,,,,,
2026-02-18,2026-02-18,FO,NSE,STO,128160,,IOC,,2026-04-28,2026-04-28,194.0,PE,IOC26APR194PE,0.0,0.0,0.0,33.52,0.0,33.52,178.75,16.51,0,0,0,0.0,0,F1,4875,,,,,
2026-02-18,2026-02-18,FO,NSE,STO,127800,,IOC,,2026-04-28,2026-04-28,158.0,PE,IOC26APR158PE,0.0,0.0,0.0,7.84,0.0,7.84,178.75,1.05,0,0,0,0.0,0,F1,4875,,,,,
2026-02-18,2026-02-18,FO,NSE,STO,48542,,IOC,,2026-02-24,2026-02-24,144.0,CE,IOC26FEB144CE,0.0,0.0,0.0,21.14,0.0,21.14,178.75,34.88,0,0,0,0.0,0,F1,4875,,,,,
2026-02-18,2026-02-18,FO,NSE,STO,106157,,IOC,,2026-02-24,2026-02-24,145.0,CE,IOC26FEB145CE,0.0,0.0,0.0,30.0,30.0,30.0,178.75,33.88,160875,0,0,0.0,0,F1,4875,,,,,
2026-02-18,2026-02-18,FO,NSE,STO,48633,,IOC,,2026-02-24,2026-02-24,166.0,CE,IOC26FEB166CE,0.0,0.0,0.0,9.47,9.47,9.47,178.75,12.92,287625,0,0,0.0,0,F1,4875,,,,,
2026-02-18,2026-02-18,FO,NSE,STO,106283,,IOC,,2026-02-24,2026-02-24,175.0,CE,IOC26FEB175CE,2.8,4.6,2.73,4.37,4.24,2.82,178.75,4.37,3315000,-565500,1004,874031145.0,856,F1,4875,,,,,
2026-02-18,2026-02-18,FO,NSE,STO,48643,,IOC,,2026-02-24,2026-02-24,176.0,CE,IOC26FEB176CE,1.4,3.84,0.02,3.69,3.63,2.32,178.75,3.69,1053000,-248625,394,343835553.75,363,F1,4875,,,,,
2026-02-18,2026-02-18,FO,NSE,STO,127580,,IOC,,2026-04-28,2026-04-28,154.0,CE,IOC26APR154CE,0.0,0.0,0.0,13.36,0.0,13.36,178.75,26.98,0,0,0,0.0,0,F1,4875,,,,,
2026-02-18,2026-02-18,FO,NSE,STO,127913,,IOC,,2026-04-28,2026-04-28,172.0,CE,IOC26APR172CE,0.0,0.0,0.0,5.45,0.0,5.45,178.75,12.77,0,0,0,0.0,0,F1,4875,,,,,
2026-02-18,2026-02-18,FO,NSE,STO,128127,,IOC,,2026-04-28,2026-04-28,178.0,CE,IOC26APR178CE,0.0,0.0,0.0,3.87,0.0,3.87,178.75,9.27,0,0,0,0.0,0,F1,4875,,,,,
2026-02-18,2026-02-18,FO,NSE,STO,128163,,IOC,,2026-04-28,2026-04-28,200.0,CE,IOC26APR200CE,1.25,1.4,1.25,1.4,1.4,0.91,178.75,2.06,9750,9750,2,1962918.75,2,F1,4875,,,,,
2026-02-18,2026-02-18,FO,NSE,STO,48535,,IOC,,2026-02-24,2026-02-24,136.0,PE,IOC26FEB136PE,0.0,0.0,0.0,0.32,0.32,0.32,178.75,0.01,9750,0,0,0.0,0,F1,4875,,,,,
2026-02-18,2026-02-18,FO,NSE,STO,48537,,IOC,,2026-02-24,2026-02-24,138.0,PE,IOC26FEB138PE,0.02,0.03,0.02,0.02,0.02,0.07,178.75,0.01,136500,-92625,20,13457145.0,10,F1,4875,,,,,
2026-02-18,2026-02-18,FO,NSE,STO,48539,,IOC,,2026-02-24,2026-02-24,140.0,PE,IOC26FEB140PE,0.03,0.03,0.02,0.02,0.02,0.04,178.75,0.01,448500,-107250,33,22525912.5,15,F1,4875,,,,,
2026-02-18,2026-02-18,FO,NSE,STO,106162,,IOC,,2026-02-24,2026-02-24,149.0,PE,IOC26FEB149PE,0.09,0.09,0.04,0.05,0.05,0.08,178.75,0.01,185250,9750,16,11628240.0,16,F1,4875,,,,,
2026-02-18,2026-02-18,FO,NSE,STO,48626,,IOC,,2026-02-24,2026-02-24,158.0,PE,IOC26FEB158PE,0.08,0.09,0.06,0.06,0.06,0.09,178.75,0.06,273000,-121875,108,83223903.75,106,F1,4875,,,,,
2026-02-18,2026-02-18,FO,NSE,STO,48642,,IOC,,2026-02-24,2026-02-24,174.0,PE,IOC26FEB174PE,1.24,1.63,0.56,0.59,0.63,1.57,178.75,0.59,853125,316875,582,496231563.75,533,F1,4875,,,,,
2026-02-18,2026-02-18,FO,NSE,STO,106292,,IOC,,2026-02-24,2026-02-24,183.0,PE,IOC26FEB183PE,0.0,0.0,0.0,7.47,7.47,7.47,178.75,4.96,151125,0,0,0.0,0,F1,4875,,,,,
2026-02-18,2026-02-18,FO,NSE,STO,48653,,IOC,,2026-02-24,2026-02-24,184.0,PE,IOC26FEB184PE,0.0,0.0,0.0,10.75,10.75,10.75,178.75,5.74,48750,0,0,0.0,0,F1,4875,,,,,
2026-02-18,2026-02-18,FO,NSE,STO,127312,,IOC,,2026-03-30,2026-03-30,159.0,PE,IOC26MAR159PE,0.0,0.0,0.0,1.08,1.08,1.08,178.75,0.47,39000,0,0,0.0,0,F1,4875,,,,,
2026-02-18,2026-02-18,FO,NSE,STO,127322,,IOC,,2026-03-30,2026-03-30,169.0,PE,IOC26MAR169PE,0.0,0.0,0.0,2.67,2.67,2.67,178.75,2.0,9750,0,0,0.0,0,F1,4875,,,,,
2026-02-18,2026-02-18,FO,NSE,STO,116898,,IOC,,2026-03-30,2026-03-30,172.0,PE,IOC26MAR172PE,2.25,2.25,2.25,2.25,2.25,3.56,178.75,2.25,9750,4875,2,1698937.5,2,F1,4875,,,,,
2026-02-18,2026-02-18,FO,NSE,STO,127356,,IOC,,2026-03-30,2026-03-30,185.0,PE,IOC26MAR185PE,9.3,9.72,8.3,8.36,8.4,10.8,178.75,8.36,204750,39000,19,17962863.75,18,F1,4875,,,,,
2026-02-18,2026-02-18,FO,NSE,STO,127360,,IOC,,2026-03-30,2026-03-30,189.0,PE,IOC26MAR189PE,0.0,0.0,0.0,29.07,0.0,29.07,178.75,11.81,0,0,0,0.0,0,F1,4875,,,,,
2026-02-18,2026-02-18,FO,NSE,STO,127368,,IOC,,2026-03-30,2026-03-30,206.0,PE,IOC26MAR206PE,0.0,0.0,0.0,45.13,0.0,45.13,178.75,26.39,0,0,0,0.0,0,F1,4875,,,,,
2026-02-18,2026-02-18,FO,NSE,STO,127570,,IOC,,2026-04-28,2026-04-28,152.0,PE,IOC26APR152PE,0.0,0.0,0.0,5.34,0.0,5.34,178.75,0.48,0,0,0,0.0,0,F1,4875,,,,,
2026-02-18,2026-02-18,FO,NSE,STO,127622,,IOC,,2026-04-28,2026-04-28,156.0,PE,IOC26APR156PE,0.0,0.0,0.0,6.94,0.0,6.94,178.75,0.82,0,0,0,0.0,0,F1,4875,,,,,
2026-02-18,2026-02-18,FO,NSE,STO,127810,,IOC,,2026-04-28,2026-04-28,162.0,PE,IOC26APR162PE,0.0,0.0,0.0,9.83,0.0,9.83,178.75,1.65,0,0,0,0.0,0,F1,4875,,,,,
2026-02-18,2026-02-18,FO,NSE,STO,128136,,IOC,,2026-04-28,2026-04-28,186.0,PE,IOC26APR186PE,0.0,0.0,0.0,26.61,0.0,26.61,178.75,11.02,0,0,0,0.0,0,F1,4875,,,,,
2026-02-18,2026-02-18,FO,NSE,STO,106193,,IOC,,2026-02-24,2026-02-24,153.0,CE,IOC26FEB153CE,0.0,0.0,0.0,22.65,22.65,22.65,178.75,25.89,4875,0,0,0.0,0,F1,4875,,,,,
2026-02-18,2026-02-18,FO,NSE,STO,106234,,IOC,,2026-02-24,2026-02-24,159.0,CE,IOC26FEB159CE,0.0,0.0,0.0,13.9,13.9,13.9,178.75,19.89,229125,0,0,0.0,0,F1,4875,,,,,
2026-02-18,2026-02-18,FO,NSE,STO,106265,,IOC,,2026-02-24,2026-02-24,161.0,CE,IOC26FEB161CE,0.0,0.0,0.0,16.9,16.9,16.9,178.75,17.9,204750,0,0,0.0,0,F1,4875,,,,,
2026-02-18,2026-02-18,FO,NSE,STO,116139,,IOC,,2026-02-24,2026-02-24,181.0,CE,IOC26FEB181CE,0.93,1.33,0.83,1.22,1.21,0.81,178.75,1.22,936000,-273000,422,374582520.0,269,F1,4875,,,,,
2026-02-18,2026-02-18,FO,NSE,STO,116187,,IOC,,2026-02-24,2026-02-24,191.0,CE,IOC26FEB191CE,0.16,0.19,0.15,0.18,0.18,0.16,178.75,0.18,263250,-14625,41,38209957.5,36,F1,4875,,,,,
2026-02-18,2026-02-18,FO,NSE,STO,116679,,IOC,,2026-03-30,2026-03-30,136.0,CE,IOC26MAR136CE,0.0,0.0,0.0,28.7,0.0,28.7,178.75,43.57,0,0,0,0.0,0,F1,4875,,,,,
2026-02-18,2026-02-18,FO,NSE,STO,116685,,IOC,,2026-03-30,2026-03-30,140.0,CE,IOC26MAR140CE,0.0,0.0,0.0,35.8,35.8,35.8,178.75,39.6,4875,0,0,0.0,0,F1,4875,,,,,
2026-02-18,2026-02-18,FO,NSE,STO,116855,,IOC,,2026-03-30,2026-03-30,158.0,CE,IOC26MAR158CE,0.0,0.0,0.0,12.71,0.0,12.71,178.75,22.1,0,0,0,0.0,0,F1,4875,,,,,
2026-02-18,2026-02-18,FO,NSE,STO,127311,,IOC,,2026-03-30,2026-03-30,159.0,CE,IOC26MAR159CE,0.0,0.0,0.0,8.61,0.0,8.61,178.75,21.18,0,0,0,0.0,0,F1,4875,,,,,
2026-02-18,2026-02-18,FO,NSE,STO,116883,,IOC,,2026-03-30,2026-03-30,160.0,CE,IOC26MAR160CE,18.5,19.92,18.5,19.92,19.92,17.4,178.75,20.27,146250,9750,4,3492547.5,3,F1,4875,,,,,
2026-02-18,2026-02-18,FO,NSE,STO,127327,,IOC,,2026-03-30,2026-03-30,173.0,CE,IOC26MAR173CE,0.0,0.0,0.0,3.44,0.0,3.44,178.75,9.95,0,0,0,0.0,0,F1,4875,,,,,
2026-02-18,2026-02-18,FO,NSE,STO,127345,,IOC,,2026-03-30,2026-03-30,179.0,CE,IOC26MAR179CE,5.09,5.9,5.0,5.9,5.9,4.25,178.75,5.9,39000,14625,8,7184775.0,7,F1,4875,,,,,
2026-02-18,2026-02-18,FO,NSE,STO,127361,,IOC,,2026-03-30,2026-03-30,191.0,CE,IOC26MAR191CE,0.0,0.0,0.0,0.79,0.0,0.79,178.75,2.2,0,0,0,0.0,0,F1,4875,,,,,
2026-02-18,2026-02-18,FO,NSE,STO,117005,,IOC,,2026-03-30,2026-03-30,204.0,CE,IOC26MAR204CE,0.0,0.0,0.0,0.87,0.0,0.87,178.75,0.49,0,0,0,0.0,0,F1,4875,,,,,
2026-02-18,2026-02-18,FO,NSE,STO,116977,,IOC,,2026-03-30,2026-03-30,178.0,CE,IOC26MAR178CE,5.6,6.41,5.55,6.37,6.41,5.05,178.75,6.37,160875,53625,21,18841095.0,18,F1,4875,,,,,
2026-02-18,2026-02-18,FO,NSE,STO,116889,,IOC,,2026-03-30,2026-03-30,166.0,CE,IOC26MAR166CE,0.0,0.0,0.0,8.75,0.0,8.75,178.75,15.11,0,0,0,0.0,0,F1,4875,,,,,
2026-02-18,2026-02-18,FO,NSE,STO,116849,,IOC,,2026-03-30,2026-03-30,152.0,CE,IOC26MAR152CE,0.0,0.0,0.0,16.37,0.0,16.37,178.75,27.79,0,0,0,0.0,0,F1,4875,,,,,
2026-02-18,2026-02-18,FO,NSE,STO,116978,,IOC,,2026-03-30,2026-03-30,178.0,PE,IOC26MAR178PE,5.04,5.3,4.35,4.37,4.4,7.85,178.75,4.37,190125,78000,34,30294420.0,26,F1,4875,,,,,
2026-02-18,2026-02-18,FO,NSE,STO,116982,,IOC,,2026-03-30,2026-03-30,182.0,PE,IOC26MAR182PE,6.45,6.45,6.45,6.45,6.45,11.5,178.75,6.45,9750,4875,1,918693.75,1,F1,4875,,,,,
2026-02-18,2026-02-18,FO,NSE,STO,48671,,IOC,,2026-02-24,2026-02-24,198.0,CE,IOC26FEB198CE,0.08,0.08,0.08,0.08,0.08,0.08,178.75,0.01,126750,0,1,965640.0,1,F1,4875,,,,,
2026-02-18,2026-02-18,FO,NSE,STO,48631,,IOC,,2026-02-24,2026-02-24,164.0,CE,IOC26FEB164CE,0.0,0.0,0.0,12.95,12.95,12.95,178.75,14.91,370500,0,0,0.0,0,F1,4875,,,,,
2026-02-18,2026-02-18,FO,NSE,STO,117000,,IOC,,2026-03-30,2026-03-30,196.0,PE,IOC26MAR196PE,0.0,0.0,0.0,33.04,0.0,33.04,178.75,17.36,0,0,0,0.0,0,F1,4875,,,,,
2026-02-18,2026-02-18,FO,NSE,STO,35957,,IOC,,2026-03-30,2026-03-30,202.0,PE,IOC26MAR202PE,0.0,0.0,0.0,34.13,0.0,34.13,178.75,22.67,0,0,0,0.0,0,F1,4875,,,,,
2026-02-18,2026-02-18,FO,NSE,STO,127847,,IOC,,2026-04-28,2026-04-28,166.0,PE,IOC26APR166PE,0.0,0.0,0.0,12.09,0.0,12.09,178.75,2.48,0,0,0,0.0,0,F1,4875,,,,,
2026-02-18,2026-02-18,FO,NSE,STO,127566,,IOC,,2026-04-28,2026-04-28,150.0,PE,IOC26APR150PE,0.0,0.0,0.0,4.63,0.0,4.63,178.75,0.36,0,0,0,0.0,0,F1,4875,,,,,
2026-02-18,2026-02-18,FO,NSE,STO,127560,,IOC,,2026-04-28,2026-04-28,144.0,PE,IOC26APR144PE,0.0,0.0,0.0,2.91,0.0,2.91,178.75,0.14,0,0,0,0.0,0,F1,4875,,,,,
2026-02-18,2026-02-18,FO,NSE,STO,127351,,IOC,,2026-03-30,2026-03-30,183.0,CE,IOC26MAR183CE,0.0,0.0,0.0,1.58,0.0,1.58,178.75,4.67,0,0,0,0.0,0,F1,4875,,,,,
2026-02-18,2026-02-18,FO,NSE,STO,106161,,IOC,,2026-02-24,2026-02-24,149.0,CE,IOC26FEB149CE,0.0,0.0,0.0,17.28,0.0,17.28,178.75,29.88,0,0,0,0.0,0,F1,4875,,,,,
2026-02-18,2026-02-18,FO,NSE,STO,116188,,IOC,,2026-02-24,2026-02-24,191.0,PE,IOC26FEB191PE,0.0,0.0,0.0,28.53,0.0,28.53,178.75,12.13,0,0,0,0.0,0,F1,4875,,,,,
2026-02-18,2026-02-18,FO,NSE,STO,106288,,IOC,,2026-02-24,2026-02-24,179.0,PE,IOC26FEB179PE,4.09,4.09,2.22,2.3,2.42,4.45,178.75,2.3,628875,-160875,101,89495103.75,66,F1,4875,,,,,
2026-02-18,2026-02-18,FO,NSE,STO,48640,,IOC,,2026-02-24,2026-02-24,172.0,PE,IOC26FEB172PE,0.76,0.83,0.33,0.34,0.37,0.95,178.75,0.34,1589250,-297375,429,360776276.25,303,F1,4875,,,,,
2026-02-18,2026-02-18,FO,NSE,STO,48638,,IOC,,2026-02-24,2026-02-24,170.0,PE,IOC26FEB170PE,0.57,0.58,0.2,0.21,0.22,0.54,178.75,0.21,2486250,-312000,805,668396820.0,544,F1,4875,,,,,
2026-02-18,2026-02-18,FO,NSE,STO,106158,,IOC,,2026-02-24,2026-02-24,145.0,PE,IOC26FEB145PE,0.09,0.09,0.03,0.04,0.04,0.08,178.75,0.01,1101750,-34125,26,18383478.75,12,F1,4875,,,,,
2026-02-18,2026-02-18,FO,NSE,STO,116824,,IOC,,2026-03-30,2026-03-30,148.0,PE,IOC26MAR148PE,0.0,0.0,0.0,1.57,1.57,1.57,178.75,0.05,24375,0,0,0.0,0,F1,4875,,,,,
2026-02-18,2026-02-18,FO,NSE,STO,127320,,IOC,,2026-03-30,2026-03-30,167.0,PE,IOC26MAR167PE,0.0,0.0,0.0,11.58,0.0,11.58,178.75,1.55,0,0,0,0.0,0,F1,4875,,,,,
2026-02-18,2026-02-18,FO,NSE,STO,116797,,IOC,,2026-03-30,2026-03-30,144.0,CE,IOC26MAR144CE,0.0,0.0,0.0,22.12,0.0,22.12,178.75,35.63,0,0,0,0.0,0,F1,4875,,,,,
2026-02-18,2026-02-18,FO,NSE,STO,116799,,IOC,,2026-03-30,2026-03-30,146.0,CE,IOC26MAR146CE,0.0,0.0,0.0,20.59,0.0,20.59,178.75,33.66,0,0,0,0.0,0,F1,4875,,,,,
2026-02-18,2026-02-18,FO,NSE,STO,127309,,IOC,,2026-03-30,2026-03-30,157.0,CE,IOC26MAR157CE,0.0,0.0,0.0,9.66,0.0,9.66,178.75,23.03,0,0,0,0.0,0,F1,4875,,,,,
2026-02-18,2026-02-18,FO,NSE,STO,127313,,IOC,,2026-03-30,2026-03-30,161.0,CE,IOC26MAR161CE,0.0,0.0,0.0,7.65,0.0,7.65,178.75,19.37,0,0,0,0.0,0,F1,4875,,,,,
2026-02-18,2026-02-18,FO,NSE,STO,116893,,IOC,,2026-03-30,2026-03-30,170.0,CE,IOC26MAR170CE,10.0,11.8,9.9,11.71,11.44,9.24,178.75,11.71,828750,34125,22,19400501.25,18,F1,4875,,,,,
2026-02-18,2026-02-18,FO,NSE,STO,127569,,IOC,,2026-04-28,2026-04-28,152.0,CE,IOC26APR152CE,0.0,0.0,0.0,14.56,0.0,14.56,178.75,28.81,0,0,0,0.0,0,F1,4875,,,,,
2026-02-18,2026-02-18,FO,NSE,STO,127563,,IOC,,2026-04-28,2026-04-28,148.0,CE,IOC26APR148CE,0.0,0.0,0.0,17.16,0.0,17.16,178.75,32.55,0,0,0,0.0,0,F1,4875,,,,,
2026-02-18,2026-02-18,FO,NSE,STO,116785,,IOC,,2026-03-30,2026-03-30,142.0,CE,IOC26MAR142CE,0.0,0.0,0.0,34.45,34.4,34.45,178.75,37.61,19500,0,0,0.0,0,F1,4875,,,,,
2026-02-18,2026-02-18,FO,NSE,STO,116683,,IOC,,2026-03-30,2026-03-30,138.0,CE,IOC26MAR138CE,0.0,0.0,0.0,26.99,0.0,26.99,178.75,41.58,0,0,0,0.0,0,F1,4875,,,,,
2026-02-18,2026-02-18,FO,NSE,STO,48675,,IOC,,2026-02-24,2026-02-24,204.0,CE,IOC26FEB204CE,0.0,0.0,0.0,0.08,0.08,0.08,178.75,0.01,185250,0,0,0.0,0,F1,4875,,,,,
2026-02-18,2026-02-18,FO,NSE,STO,116181,,IOC,,2026-02-24,2026-02-24,185.0,CE,IOC26FEB185CE,0.44,0.54,0.36,0.47,0.48,0.38,178.75,0.47,3846375,677625,681,615648686.25,465,F1,4875,,,,,
2026-02-18,2026-02-18,FO,NSE,STO,48652,,IOC,,2026-02-24,2026-02-24,184.0,CE,IOC26FEB184CE,0.45,0.65,0.43,0.59,0.58,0.47,178.75,0.59,1282125,234000,144,129549517.5,111,F1,4875,,,,,
2026-02-18,2026-02-18,FO,NSE,STO,48641,,IOC,,2026-02-24,2026-02-24,174.0,CE,IOC26FEB174CE,3.47,5.45,3.41,5.31,5.12,3.38,178.75,5.31,663000,-331500,125,108594427.5,118,F1,4875,,,,,
2026-02-18,2026-02-18,FO,NSE,STO,48621,,IOC,,2026-02-24,2026-02-24,154.0,CE,IOC26FEB154CE,0.0,0.0,0.0,13.84,0.0,13.84,178.75,24.89,0,0,0,0.0,0,F1,4875,,,,,
2026-02-18,2026-02-18,FO,NSE,STO,106163,,IOC,,2026-02-24,2026-02-24,151.0,CE,IOC26FEB151CE,0.0,0.0,0.0,10.0,10.0,10.0,178.75,27.89,4875,0,0,0.0,0,F1,4875,,,,,
2026-02-18,2026-02-18,FO,NSE,STO,48544,,IOC,,2026-02-24,2026-02-24,146.0,CE,IOC26FEB146CE,0.0,0.0,0.0,19.55,0.0,19.55,178.75,32.88,0,0,0,0.0,0,F1,4875,,,,,
2026-02-18,2026-02-18,FO,NSE,STO,127325,,IOC,,2026-03-30,2026-03-30,171.0,CE,IOC26MAR171CE,0.0,0.0,0.0,3.96,0.0,3.96,178.75,11.31,0,0,0,0.0,0,F1,4875,,,,,
2026-02-18,2026-02-18,FO,NSE,STO,128134,,IOC,,2026-04-28,2026-04-28,184.0,PE,IOC26APR184PE,0.0,0.0,0.0,24.96,0.0,24.96,178.75,9.82,0,0,0,0.0,0,F1,4875,,,,,
2026-02-18,2026-02-18,FO,NSE,STO,127808,,IOC,,2026-04-28,2026-04-28,160.0,PE,IOC26APR160PE,0.0,0.0,0.0,8.8,0.0,8.8,178.75,1.33,0,0,0,0.0,0,F1,4875,,,,,
2026-02-18,2026-02-18,FO,NSE,STO,116996,,IOC,,2026-03-30,2026-03-30,192.0,PE,IOC26MAR192PE,0.0,0.0,0.0,13.5,13.5,13.5,178.75,14.09,4875,0,0,0.0,0,F1,4875,,,,,
2026-02-18,2026-02-18,FO,NSE,STO,116992,,IOC,,2026-03-30,2026-03-30,188.0,PE,IOC26MAR188PE,0.0,0.0,0.0,26.19,0.0,26.19,178.75,11.09,0,0,0,0.0,0,F1,4875,,,,,
2026-02-18,2026-02-18,FO,NSE,STO,127330,,IOC,,2026-03-30,2026-03-30,175.0,PE,IOC26MAR175PE,4.5,4.5,3.15,3.19,3.35,4.5,178.75,3.19,960375,492375,225,195797988.75,106,F1,4875,,,,,
2026-02-18,2026-02-18,FO,NSE,STO,127326,,IOC,,2026-03-30,2026-03-30,171.0,PE,IOC26MAR171PE,0.0,0.0,0.0,14.28,0.0,14.28,178.75,2.53,0,0,0,0.0,0,F1,4875,,,,,
2026-02-18,2026-02-18,FO,NSE,STO,116892,,IOC,,2026-03-30,2026-03-30,168.0,PE,IOC26MAR168PE,0.0,0.0,0.0,11.86,0.0,11.86,178.75,1.76,0,0,0,0.0,0,F1,4875,,,,,
2026-02-18,2026-02-18,FO,NSE,STO,48636,,IOC,,2026-02-24,2026-02-24,168.0,PE,IOC26FEB168PE,0.31,0.31,0.14,0.14,0.14,0.33,178.75,0.14,1691625,-141375,221,181214572.5,156,F1,4875,,,,,
2026-02-18,2026-02-18,FO,NSE,STO,128129,,IOC,,2026-04-28,2026-04-28,180.0,CE,IOC26APR180CE,7.25,7.85,7.25,7.85,7.85,6.7,178.75,8.26,117000,9750,5,4569581.25,5,F1,4875,,,,,
2026-02-18,2026-02-18,FO,NSE,STO,127799,,IOC,,2026-04-28,2026-04-28,158.0,CE,IOC26APR158CE,0.0,0.0,0.0,11.16,0.0,11.16,178.75,23.44,0,0,0,0.0,0,F1,4875,,,,,
2026-02-18,2026-02-18,FO,NSE,STO,116887,,IOC,,2026-03-30,2026-03-30,164.0,CE,IOC26MAR164CE,15.2,15.2,15.2,15.2,15.2,6.34,178.75,16.76,63375,4875,1,873600.0,1,F1,4875,,,,,
2026-02-18,2026-02-18,FO,NSE,STO,116891,,IOC,,2026-03-30,2026-03-30,168.0,CE,IOC26MAR168CE,0.0,0.0,0.0,12.0,12.0,12.0,178.75,13.52,4875,0,0,0.0,0,F1,4875,,,,,
2026-02-18,2026-02-18,FO,NSE,STO,116897,,IOC,,2026-03-30,2026-03-30,172.0,CE,IOC26MAR172CE,0.0,0.0,0.0,6.43,0.0,6.43,178.75,10.62,0,0,0,0.0,0,F1,4875,,,,,
2026-02-18,2026-02-18,FO,NSE,STO,127353,,IOC,,2026-03-30,2026-03-30,185.0,CE,IOC26MAR185CE,2.97,3.35,2.81,3.28,3.2,2.53,178.75,3.28,292500,68250,74,67833918.75,60,F1,4875,,,,,
2026-02-18,2026-02-18,FO,NSE,STO,48547,,IOC,,2026-02-24,2026-02-24,148.0,PE,IOC26FEB148PE,0.09,0.09,0.05,0.05,0.05,0.09,178.75,0.01,175500,-68250,14,10104607.5,5,F1,4875,,,,,
2026-02-18,2026-02-18,FO,NSE,STO,48662,,IOC,,2026-02-24,2026-02-24,190.0,PE,IOC26FEB190PE,0.0,0.0,0.0,14.19,14.19,14.19,178.75,11.16,404625,0,0,0.0,0,F1,4875,,,,,
2026-02-18,2026-02-18,FO,NSE,STO,116852,,IOC,,2026-03-30,2026-03-30,154.0,PE,IOC26MAR154PE,0.0,0.0,0.0,1.0,1.0,1.0,178.75,0.19,4875,0,0,0.0,0,F1,4875,,,,,
2026-02-18,2026-02-18,FO,NSE,STO,127346,,IOC,,2026-03-30,2026-03-30,179.0,PE,IOC26MAR179PE,0.0,0.0,0.0,5.63,5.63,5.63,178.75,5.64,4875,0,0,0.0,0,F1,4875,,,,,
2026-02-18,2026-02-18,FO,NSE,STO,127319,,IOC,,2026-03-30,2026-03-30,167.0,CE,IOC26MAR167CE,0.0,0.0,0.0,13.0,13.0,13.0,178.75,14.31,4875,0,0,0.0,0,F1,4875,,,,,
2026-02-18,2026-02-18,FO,NSE,STO,106201,,IOC,,2026-02-24,2026-02-24,155.0,CE,IOC26FEB155CE,0.0,0.0,0.0,20.15,20.15,20.15,178.75,23.89,755625,0,0,0.0,0,F1,4875,,,,,
2026-02-18,2026-02-18,FO,NSE,STO,48639,,IOC,,2026-02-24,2026-02-24,172.0,CE,IOC26FEB172CE,5.39,7.12,5.39,6.98,7.02,4.79,178.75,6.98,516750,-224250,56,48633585.0,53,F1,4875,,,,,
2026-02-18,2026-02-18,FO,NSE,STO,127317,,IOC,,2026-03-30,2026-03-30,165.0,CE,IOC26MAR165CE,0.0,0.0,0.0,14.8,14.8,14.8,178.75,15.93,29250,0,0,0.0,0,F1,4875,,,,,
2026-02-18,2026-02-18,FO,NSE,STO,116185,,IOC,,2026-02-24,2026-02-24,189.0,CE,IOC26FEB189CE,0.21,0.25,0.17,0.23,0.23,0.2,178.75,0.23,677625,-39000,51,47044676.25,47,F1,4875,,,,,
2026-02-18,2026-02-18,FO,NSE,STO,48635,,IOC,,2026-02-24,2026-02-24,168.0,CE,IOC26FEB168CE,0.0,0.0,0.0,7.42,7.42,7.42,178.75,10.96,931125,0,0,0.0,0,F1,4875,,,,,
2026-02-18,2026-02-18,FO,NSE,STO,48546,,IOC,,2026-02-24,2026-02-24,148.0,CE,IOC26FEB148CE,0.0,0.0,0.0,18.02,0.0,18.02,178.75,30.88,0,0,0,0.0,0,F1,4875,,,,,
2026-02-18,2026-02-18,FO,NSE,STO,48540,,IOC,,2026-02-24,2026-02-24,142.0,CE,IOC26FEB142CE,0.0,0.0,0.0,22.78,0.0,22.78,178.75,36.88,0,0,0,0.0,0,F1,4875,,,,,
2026-02-18,2026-02-18,FO,NSE,STO,116196,,IOC,,2026-02-24,2026-02-24,202.0,CE,IOC26FEB202CE,0.06,0.06,0.03,0.03,0.03,0.07,178.75,0.01,175500,-9750,3,2954883.75,3,F1,4875,,,,,
2026-02-18,2026-02-18,FO,NSE,STO,116191,,IOC,,2026-02-24,2026-02-24,193.0,PE,IOC26FEB193PE,0.0,0.0,0.0,30.37,0.0,30.37,178.75,14.1,0,0,0,0.0,0,F1,4875,,,,,
2026-02-18,2026-02-18,FO,NSE,STO,116197,,IOC,,2026-02-24,2026-02-24,202.0,PE,IOC26FEB202PE,0.0,0.0,0.0,38.86,0.0,38.86,178.75,23.07,0,0,0,0.0,0,F1,4875,,,,,
2026-02-18,2026-02-18,FO,NSE,STO,48676,,IOC,,2026-02-24,2026-02-24,204.0,PE,IOC26FEB204PE,0.0,0.0,0.0,40.44,0.0,40.44,178.75,25.07,0,0,0,0.0,0,F1,4875,,,,,
2026-02-18,2026-02-18,FO,NSE,STO,116786,,IOC,,2026-03-30,2026-03-30,142.0,PE,IOC26MAR142PE,0.0,0.0,0.0,2.02,0.0,2.02,178.75,0.01,0,0,0,0.0,0,F1,4875,,,,,
2026-02-18,2026-02-18,FO,NSE,STO,127302,,IOC,,2026-03-30,2026-03-30,149.0,PE,IOC26MAR149PE,0.0,0.0,0.0,3.18,0.0,3.18,178.75,0.07,0,0,0,0.0,0,F1,4875,,,,,
2026-02-18,2026-02-18,FO,NSE,STO,127314,,IOC,,2026-03-30,2026-03-30,161.0,PE,IOC26MAR161PE,0.0,0.0,0.0,1.17,1.17,1.17,178.75,0.65,14625,0,0,0.0,0,F1,4875,,,,,
2026-02-18,2026-02-18,FO,NSE,STO,116937,,IOC,,2026-03-30,2026-03-30,174.0,PE,IOC26MAR174PE,3.71,3.71,2.96,2.96,2.96,4.4,178.75,2.96,19500,0,4,3459056.25,4,F1,4875,,,,,
2026-02-18,2026-02-18,FO,NSE,STO,116980,,IOC,,2026-03-30,2026-03-30,180.0,PE,IOC26MAR180PE,6.64,6.64,5.27,5.36,5.5,7.13,178.75,5.36,599625,58500,48,43482513.75,46,F1,4875,,,,,
2026-02-18,2026-02-18,FO,NSE,STO,127352,,IOC,,2026-03-30,2026-03-30,183.0,PE,IOC26MAR183PE,0.0,0.0,0.0,23.76,0.0,23.76,178.75,7.82,0,0,0,0.0,0,F1,4875,,,,,
2026-02-18,2026-02-18,FO,NSE,STO,127364,,IOC,,2026-03-30,2026-03-30,193.0,PE,IOC26MAR193PE,0.0,0.0,0.0,32.74,0.0,32.74,178.75,14.88,0,0,0,0.0,0,F1,4875,,,,,
2026-02-18,2026-02-18,FO,NSE,STO,117002,,IOC,,2026-03-30,2026-03-30,198.0,PE,IOC26MAR198PE,0.0,0.0,0.0,34.82,0.0,34.82,178.75,19.09,0,0,0,0.0,0,F1,4875,,,,,
2026-02-18,2026-02-18,FO,NSE,STO,127564,,IOC,,2026-04-28,2026-04-28,148.0,PE,IOC26APR148PE,0.0,0.0,0.0,4.0,0.0,4.0,178.75,0.27,0,0,0,0.0,0,F1,4875,,,,,
2026-02-18,2026-02-18,FO,NSE,STO,128003,,IOC,,2026-04-28,2026-04-28,174.0,PE,IOC26APR174PE,0.0,0.0,0.0,17.31,0.0,17.31,178.75,4.97,0,0,0,0.0,0,F1,4875,,,,,
2026-02-18,2026-02-18,FO,NSE,STO,128128,,IOC,,2026-04-28,2026-04-28,178.0,PE,IOC26APR178PE,0.0,0.0,0.0,20.24,0.0,20.24,178.75,6.67,0,0,0,0.0,0,F1,4875,,,,,
2026-02-18,2026-02-18,FO,NSE,STO,48649,,IOC,,2026-02-24,2026-02-24,180.0,PE,IOC26FEB180PE,4.0,4.41,2.75,2.84,3.03,5.07,178.75,2.84,2310750,-131625,177,158140417.5,122,F1,4875,,,,,
2026-02-18,2026-02-18,FO,NSE,STO,106164,,IOC,,2026-02-24,2026-02-24,151.0,PE,IOC26FEB151PE,0.09,0.95,0.05,0.06,0.06,0.09,178.75,0.06,180375,29250,25,18416238.75,20,F1,4875,,,,,
2026-02-18,2026-02-18,FO,NSE,STO,106148,,IOC,,2026-02-24,2026-02-24,135.0,PE,IOC26FEB135PE,0.02,0.02,0.01,0.01,0.01,0.02,178.75,0.01,682500,-160875,45,29618355.0,29,F1,4875,,,,,
2026-02-18,2026-02-18,FO,NSE,STO,128161,,IOC,,2026-04-28,2026-04-28,196.0,CE,IOC26APR196CE,0.0,0.0,0.0,1.21,0.0,1.21,178.75,2.81,0,0,0,0.0,0,F1,4875,,,,,
2026-02-18,2026-02-18,FO,NSE,STO,128137,,IOC,,2026-04-28,2026-04-28,188.0,CE,IOC26APR188CE,0.0,0.0,0.0,2.07,0.0,2.07,178.75,4.99,0,0,0,0.0,0,F1,4875,,,,,
2026-02-18,2026-02-18,FO,NSE,STO,128131,,IOC,,2026-04-28,2026-04-28,182.0,CE,IOC26APR182CE,0.0,0.0,0.0,3.03,0.0,3.03,178.75,7.33,0,0,0,0.0,0,F1,4875,,,,,
2026-02-18,2026-02-18,FO,NSE,STO,127820,,IOC,,2026-04-28,2026-04-28,166.0,CE,IOC26APR166CE,0.0,0.0,0.0,7.53,0.0,7.53,178.75,16.95,0,0,0,0.0,0,F1,4875,,,,,
2026-02-18,2026-02-18,FO,NSE,STO,127809,,IOC,,2026-04-28,2026-04-28,162.0,CE,IOC26APR162CE,0.0,0.0,0.0,9.21,0.0,9.21,178.75,20.08,0,0,0,0.0,0,F1,4875,,,,,
2026-02-18,2026-02-18,FO,NSE,STO,127565,,IOC,,2026-04-28,2026-04-28,150.0,CE,IOC26APR150CE,0.0,0.0,0.0,15.83,0.0,15.83,178.75,30.66,0,0,0,0.0,0,F1,4875,,,,,
2026-02-18,2026-02-18,FO,NSE,STO,116997,,IOC,,2026-03-30,2026-03-30,194.0,CE,IOC26MAR194CE,1.18,1.36,1.18,1.33,1.36,1.14,178.75,1.33,195000,48750,16,15230328.75,15,F1,4875,,,,,
2026-02-18,2026-02-18,FO,NSE,STO,116995,,IOC,,2026-03-30,2026-03-30,192.0,CE,IOC26MAR192CE,1.65,1.65,1.62,1.63,1.62,1.3,178.75,1.63,263250,0,4,3775931.25,4,F1,4875,,,,,
2026-02-18,2026-02-18,FO,NSE,STO,127357,,IOC,,2026-03-30,2026-03-30,187.0,CE,IOC26MAR187CE,2.27,2.42,2.27,2.42,2.42,3.19,178.75,3.26,24375,9750,3,2769390.0,3,F1,4875,,,,,
2026-02-18,2026-02-18,FO,NSE,STO,117006,,IOC,,2026-03-30,2026-03-30,204.0,PE,IOC26MAR204PE,0.0,0.0,0.0,40.28,0.0,40.28,178.75,24.52,0,0,0,0.0,0,F1,4875,,,,,
2026-02-18,2026-02-18,FO,NSE,STO,127358,,IOC,,2026-03-30,2026-03-30,187.0,PE,IOC26MAR187PE,0.0,0.0,0.0,27.27,0.0,27.27,178.75,10.39,0,0,0,0.0,0,F1,4875,,,,,
2026-02-18,2026-02-18,FO,NSE,STO,116988,,IOC,,2026-03-30,2026-03-30,184.0,PE,IOC26MAR184PE,0.0,0.0,0.0,22.96,0.0,22.96,178.75,8.43,0,0,0,0.0,0,F1,4875,,,,,
2026-02-18,2026-02-18,FO,NSE,STO,127306,,IOC,,2026-03-30,2026-03-30,153.0,PE,IOC26MAR153PE,0.0,0.0,0.0,1.22,1.22,1.22,178.75,0.15,19500,0,0,0.0,0,F1,4875,,,,,
2026-02-18,2026-02-18,FO,NSE,STO,116850,,IOC,,2026-03-30,2026-03-30,152.0,PE,IOC26MAR152PE,0.0,0.0,0.0,1.64,1.64,1.64,178.75,0.13,14625,0,0,0.0,0,F1,4875,,,,,
2026-02-18,2026-02-18,FO,NSE,STO,116684,,IOC,,2026-03-30,2026-03-30,138.0,PE,IOC26MAR138PE,0.0,0.0,0.0,1.37,0.0,1.37,178.75,0.01,0,0,0,0.0,0,F1,4875,,,,,
2026-02-18,2026-02-18,FO,NSE,STO,116186,,IOC,,2026-02-24,2026-02-24,189.0,PE,IOC26FEB189PE,0.0,0.0,0.0,26.73,0.0,26.73,178.75,10.2,0,0,0,0.0,0,F1,4875,,,,,
2026-02-18,2026-02-18,FO,NSE,STO,48658,,IOC,,2026-02-24,2026-02-24,188.0,PE,IOC26FEB188PE,0.0,0.0,0.0,25.87,0.0,25.87,178.75,9.26,0,0,0,0.0,0,F1,4875,,,,,
2026-02-18,2026-02-18,FO,NSE,STO,48655,,IOC,,2026-02-24,2026-02-24,186.0,PE,IOC26FEB186PE,0.0,0.0,0.0,12.9,12.9,12.9,178.75,7.43,121875,0,0,0.0,0,F1,4875,,,,,
2026-02-18,2026-02-18,FO,NSE,STO,106284,,IOC,,2026-02-24,2026-02-24,175.0,PE,IOC26FEB175PE,1.9,1.91,0.73,0.78,0.83,1.97,178.75,0.78,4075500,-170625,1443,1239333078.75,1280,F1,4875,,,,,
2026-02-18,2026-02-18,FO,NSE,STO,106276,,IOC,,2026-02-24,2026-02-24,167.0,PE,IOC26FEB167PE,0.22,0.22,0.12,0.12,0.12,0.26,178.75,0.12,1101750,-73125,94,76596048.75,78,F1,4875,,,,,
2026-02-18,2026-02-18,FO,NSE,STO,128157,,IOC,,2026-04-28,2026-04-28,192.0,CE,IOC26APR192CE,0.0,0.0,0.0,1.59,0.0,1.59,178.75,3.78,0,0,0,0.0,0,F1,4875,,,,,
2026-02-18,2026-02-18,FO,NSE,STO,127811,,IOC,,2026-04-28,2026-04-28,164.0,CE,IOC26APR164CE,0.0,0.0,0.0,8.34,0.0,8.34,178.75,18.48,0,0,0,0.0,0,F1,4875,,,,,
2026-02-18,2026-02-18,FO,NSE,STO,127559,,IOC,,2026-04-28,2026-04-28,144.0,CE,IOC26APR144CE,0.0,0.0,0.0,20.01,0.0,20.01,178.75,36.38,0,0,0,0.0,0,F1,4875,,,,,
2026-02-18,2026-02-18,FO,NSE,STO,127363,,IOC,,2026-03-30,2026-03-30,193.0,CE,IOC26MAR193CE,0.0,0.0,0.0,0.66,0.0,0.66,178.75,1.79,0,0,0,0.0,0,F1,4875,,,,,
2026-02-18,2026-02-18,FO,NSE,STO,116979,,IOC,,2026-03-30,2026-03-30,180.0,CE,IOC26MAR180CE,4.19,5.39,4.18,5.27,5.23,4.07,178.75,5.27,2383875,448500,587,528971917.5,434,F1,4875,,,,,
2026-02-18,2026-02-18,FO,NSE,STO,127331,,IOC,,2026-03-30,2026-03-30,177.0,CE,IOC26MAR177CE,6.04,6.7,6.0,6.7,6.7,5.5,178.75,6.7,53625,29250,14,12513735.0,14,F1,4875,,,,,
2026-02-18,2026-02-18,FO,NSE,STO,127315,,IOC,,2026-03-30,2026-03-30,163.0,CE,IOC26MAR163CE,0.0,0.0,0.0,6.76,0.0,6.76,178.75,17.62,0,0,0,0.0,0,F1,4875,,,,,
2026-02-18,2026-02-18,FO,NSE,STO,116885,,IOC,,2026-03-30,2026-03-30,162.0,CE,IOC26MAR162CE,0.0,0.0,0.0,7.6,7.6,7.6,178.75,18.49,4875,0,0,0.0,0,F1,4875,,,,,
2026-02-18,2026-02-18,FO,NSE,STO,127303,,IOC,,2026-03-30,2026-03-30,151.0,CE,IOC26MAR151CE,0.0,0.0,0.0,13.27,0.0,13.27,178.75,28.76,0,0,0,0.0,0,F1,4875,,,,,
2026-02-18,2026-02-18,FO,NSE,STO,127301,,IOC,,2026-03-30,2026-03-30,149.0,CE,IOC26MAR149CE,0.0,0.0,0.0,14.64,0.0,14.64,178.75,30.71,0,0,0,0.0,0,F1,4875,,,,,
2026-02-18,2026-02-18,FO,NSE,STO,116198,,IOC,,2026-02-24,2026-02-24,206.0,CE,IOC26FEB206CE,0.05,0.05,0.02,0.02,0.02,0.04,178.75,0.02,375375,-4875,2,2008841.25,2,F1,4875,,,,,
2026-02-18,2026-02-18,FO,NSE,STO,48673,,IOC,,2026-02-24,2026-02-24,200.0,CE,IOC26FEB200CE,0.08,0.08,0.06,0.07,0.07,0.07,178.75,0.07,1852500,-82875,32,31210773.75,29,F1,4875,,,,,
2026-02-18,2026-02-18,FO,NSE,STO,48650,,IOC,,2026-02-24,2026-02-24,182.0,CE,IOC26FEB182CE,0.73,1.06,0.68,0.97,0.98,0.68,178.75,0.97,1287000,-531375,473,421735665.0,351,F1,4875,,,,,
2026-02-18,2026-02-18,FO,NSE,STO,48647,,IOC,,2026-02-24,2026-02-24,180.0,CE,IOC26FEB180CE,1.28,1.68,1.02,1.56,1.54,1.02,178.75,1.56,6064500,-1335750,3898,3445940013.75,2833,F1,4875,,,,,
2026-02-18,2026-02-18,FO,NSE,STO,106287,,IOC,,2026-02-24,2026-02-24,179.0,CE,IOC26FEB179CE,1.33,2.1,1.31,1.93,1.93,1.22,178.75,1.93,1014000,316875,558,491684261.25,538,F1,4875,,,,,
2026-02-18,2026-02-18,FO,NSE,STO,48629,,IOC,,2026-02-24,2026-02-24,162.0,CE,IOC26FEB162CE,14.85,15.77,14.85,15.2,15.2,15.5,178.75,16.9,589875,-9750,5,4324320.0,5,F1,4875,,,,,
2026-02-18,2026-02-18,FO,NSE,STO,48623,,IOC,,2026-02-24,2026-02-24,156.0,CE,IOC26FEB156CE,0.0,0.0,0.0,23.96,23.96,23.96,178.75,22.89,24375,0,0,0.0,0,F1,4875,,,,,
2026-02-18,2026-02-18,FO,NSE,STO,48538,,IOC,,2026-02-24,2026-02-24,140.0,CE,IOC26FEB140CE,0.0,0.0,0.0,34.6,34.6,34.6,178.75,38.88,24375,0,0,0.0,0,F1,4875,,,,,
2026-02-18,2026-02-18,FO,NSE,STF,66867,,IOC,,2026-04-28,2026-04-28,,,IOC26APRFUT,178.05,180.8,178.05,180.85,180.8,177.73,178.75,180.85,736125,68250,48,42101133.75,40,F1,4875,,,,,
2026-02-18,2026-02-18,FO,NSE,STO,128138,,IOC,,2026-04-28,2026-04-28,188.0,PE,IOC26APR188PE,0.0,0.0,0.0,28.29,0.0,28.29,178.75,12.29,0,0,0,0.0,0,F1,4875,,,,,
2026-02-18,2026-02-18,FO,NSE,STO,127819,,IOC,,2026-04-28,2026-04-28,164.0,PE,IOC26APR164PE,0.0,0.0,0.0,10.93,0.0,10.93,178.75,2.04,0,0,0,0.0,0,F1,4875,,,,,
2026-02-18,2026-02-18,FO,NSE,STO,116981,,IOC,,2026-03-30,2026-03-30,182.0,CE,IOC26MAR182CE,4.09,4.46,3.7,4.46,4.46,4.18,178.75,4.46,87750,24375,10,9071936.25,7,F1,4875,,,,,
2026-02-18,2026-02-18,FO,NSE,STO,116825,,IOC,,2026-03-30,2026-03-30,150.0,CE,IOC26MAR150CE,0.0,0.0,0.0,25.7,25.7,25.7,178.75,29.73,58500,0,0,0.0,0,F1,4875,,,,,
2026-02-18,2026-02-18,FO,NSE,STO,116183,,IOC,,2026-02-24,2026-02-24,187.0,CE,IOC26FEB187CE,0.29,0.35,0.24,0.34,0.34,0.27,178.75,0.34,950625,48750,118,107743593.75,89,F1,4875,,,,,
2026-02-18,2026-02-18,FO,NSE,STO,48654,,IOC,,2026-02-24,2026-02-24,186.0,CE,IOC26FEB186CE,0.33,0.42,0.29,0.4,0.38,0.31,178.75,0.4,2305875,346125,166,150804663.75,134,F1,4875,,,,,
2026-02-18,2026-02-18,FO,NSE,STO,106291,,IOC,,2026-02-24,2026-02-24,183.0,CE,IOC26FEB183CE,0.6,0.84,0.55,0.76,0.75,0.55,178.75,0.76,1077375,92625,315,282090753.75,257,F1,4875,,,,,
2026-02-18,2026-02-18,FO,NSE,STO,116124,,IOC,,2026-02-24,2026-02-24,177.0,CE,IOC26FEB177CE,2.08,3.2,1.91,3.01,2.95,1.92,178.75,3.01,1525875,-136500,993,868695847.5,893,F1,4875,,,,,
2026-02-18,2026-02-18,FO,NSE,STO,106275,,IOC,,2026-02-24,2026-02-24,167.0,CE,IOC26FEB167CE,0.0,0.0,0.0,9.21,9.23,9.21,178.75,11.94,965250,0,0,0.0,0,F1,4875,,,,,
2026-02-18,2026-02-18,FO,NSE,STO,106273,,IOC,,2026-02-24,2026-02-24,165.0,CE,IOC26FEB165CE,12.22,13.84,12.1,13.84,13.84,10.3,178.75,13.91,2135250,-204750,49,42497471.25,28,F1,4875,,,,,
2026-02-18,2026-02-18,FO,NSE,STO,48627,,IOC,,2026-02-24,2026-02-24,160.0,CE,IOC26FEB160CE,17.0,18.75,17.0,18.71,18.67,15.78,178.75,18.71,2452125,-43875,18,15603315.0,16,F1,4875,,,,,
2026-02-18,2026-02-18,FO,NSE,STO,48625,,IOC,,2026-02-24,2026-02-24,158.0,CE,IOC26FEB158CE,19.35,20.06,19.35,20.06,20.06,19.54,178.75,20.89,199875,0,2,1732623.75,2,F1,4875,,,,,
2026-02-18,2026-02-18,FO,NSE,STO,48619,,IOC,,2026-02-24,2026-02-24,152.0,CE,IOC26FEB152CE,0.0,0.0,0.0,8.75,8.75,8.75,178.75,26.89,4875,0,0,0.0,0,F1,4875,,,,,
2026-02-18,2026-02-18,FO,NSE,STO,48617,,IOC,,2026-02-24,2026-02-24,150.0,CE,IOC26FEB150CE,28.05,28.94,28.05,28.94,28.94,22.72,178.75,28.94,224250,-9750,12,10431232.5,4,F1,4875,,,,,
2026-02-18,2026-02-18,FO,NSE,STO,127318,,IOC,,2026-03-30,2026-03-30,165.0,PE,IOC26MAR165PE,1.55,1.55,1.01,1.02,1.02,1.56,178.75,1.02,775125,146250,72,58327815.0,63,F1,4875,,,,,
2026-02-18,2026-02-18,FO,NSE,STO,116990,,IOC,,2026-03-30,2026-03-30,186.0,PE,IOC26MAR186PE,0.0,0.0,0.0,24.56,0.0,24.56,178.75,9.71,0,0,0,0.0,0,F1,4875,,,,,
2026-02-18,2026-02-18,FO,NSE,STO,116994,,IOC,,2026-03-30,2026-03-30,190.0,PE,IOC26MAR190PE,0.0,0.0,0.0,17.01,17.01,17.01,178.75,12.55,29250,0,0,0.0,0,F1,4875,,,,,
2026-02-18,2026-02-18,FO,NSE,STO,116998,,IOC,,2026-03-30,2026-03-30,194.0,PE,IOC26MAR194PE,0.0,0.0,0.0,31.29,0.0,31.29,178.75,15.69,0,0,0,0.0,0,F1,4875,,,,,
2026-02-18,2026-02-18,FO,NSE,STO,127852,,IOC,,2026-04-28,2026-04-28,168.0,PE,IOC26APR168PE,0.0,0.0,0.0,13.31,0.0,13.31,178.75,3.0,0,0,0,0.0,0,F1,4875,,,,,
2026-02-18,2026-02-18,FO,NSE,STO,128125,,IOC,,2026-04-28,2026-04-28,176.0,PE,IOC26APR176PE,0.0,0.0,0.0,18.75,0.0,18.75,178.75,5.78,0,0,0,0.0,0,F1,4875,,,,,
2026-02-18,2026-02-18,FO,NSE,STO,128158,,IOC,,2026-04-28,2026-04-28,192.0,PE,IOC26APR192PE,0.0,0.0,0.0,31.75,0.0,31.75,178.75,15.04,0,0,0,0.0,0,F1,4875,,,,,
2026-02-18,2026-02-18,FO,NSE,STO,128162,,IOC,,2026-04-28,2026-04-28,196.0,PE,IOC26APR196PE,0.0,0.0,0.0,35.31,0.0,35.31,178.75,18.04,0,0,0,0.0,0,F1,4875,,,,,
2026-02-18,2026-02-18,FO,NSE,STO,128169,,IOC,,2026-04-28,2026-04-28,200.0,PE,IOC26APR200PE,0.0,0.0,0.0,38.95,0.0,38.95,178.75,21.24,0,0,0,0.0,0,F1,4875,,,,,
2026-02-18,2026-02-18,FO,NSE,STO,116851,,IOC,,2026-03-30,2026-03-30,154.0,CE,IOC26MAR154CE,0.0,0.0,0.0,15.09,0.0,15.09,178.75,25.86,0,0,0,0.0,0,F1,4875,,,,,
2026-02-18,2026-02-18,FO,NSE,STO,116886,,IOC,,2026-03-30,2026-03-30,162.0,PE,IOC26MAR162PE,0.0,0.0,0.0,1.39,1.39,1.39,178.75,0.76,24375,0,0,0.0,0,F1,4875,,,,,
2026-02-18,2026-02-18,FO,NSE,STO,116845,,IOC,,2026-03-30,2026-03-30,150.0,PE,IOC26MAR150PE,0.3,0.31,0.25,0.25,0.25,0.35,178.75,0.08,170625,-4875,9,6593730.0,9,F1,4875,,,,,
2026-02-18,2026-02-18,FO,NSE,STO,48644,,IOC,,2026-02-24,2026-02-24,176.0,PE,IOC26FEB176PE,2.25,2.25,0.99,1.05,1.1,2.47,178.75,1.05,672750,24375,432,373716525.0,397,F1,4875,,,,,
2026-02-18,2026-02-18,FO,NSE,STO,106278,,IOC,,2026-02-24,2026-02-24,169.0,PE,IOC26FEB169PE,0.35,0.36,0.17,0.17,0.18,0.43,178.75,0.17,536250,-302250,278,229374600.0,191,F1,4875,,,,,
2026-02-18,2026-02-18,FO,NSE,STO,48630,,IOC,,2026-02-24,2026-02-24,162.0,PE,IOC26FEB162PE,0.11,0.11,0.07,0.07,0.07,0.12,178.75,0.07,672750,-19500,86,67957451.25,77,F1,4875,,,,,
2026-02-18,2026-02-18,FO,NSE,STO,48628,,IOC,,2026-02-24,2026-02-24,160.0,PE,IOC26FEB160PE,0.11,0.11,0.07,0.07,0.07,0.11,178.75,0.07,3022500,-248625,152,118620352.5,113,F1,4875,,,,,
2026-02-18,2026-02-18,FO,NSE,STO,48624,,IOC,,2026-02-24,2026-02-24,156.0,PE,IOC26FEB156PE,0.0,0.0,0.0,0.12,0.12,0.12,178.75,0.01,355875,0,0,0.0,0,F1,4875,,,,,
2026-02-18,2026-02-18,FO,NSE,STO,48622,,IOC,,2026-02-24,2026-02-24,154.0,PE,IOC26FEB154PE,0.0,0.0,0.0,0.12,0.12,0.12,178.75,0.01,229125,0,0,0.0,0,F1,4875,,,,,
2026-02-18,2026-02-18,FO,NSE,STO,48543,,IOC,,2026-02-24,2026-02-24,144.0,PE,IOC26FEB144PE,0.05,0.05,0.03,0.04,0.04,0.09,178.75,0.04,131625,-68250,31,21767898.75,17,F1,4875,,,,,
2026-02-18,2026-02-18,FO,NSE,STO,128159,,IOC,,2026-04-28,2026-04-28,194.0,CE,IOC26APR194CE,0.0,0.0,0.0,1.39,0.0,1.39,178.75,3.27,0,0,0,0.0,0,F1,4875,,,,,
2026-02-18,2026-02-18,FO,NSE,STO,128124,,IOC,,2026-04-28,2026-04-28,176.0,CE,IOC26APR176CE,0.0,0.0,0.0,4.34,0.0,4.34,178.75,10.35,0,0,0,0.0,0,F1,4875,,,,,
2026-02-18,2026-02-18,FO,NSE,STO,116993,,IOC,,2026-03-30,2026-03-30,190.0,CE,IOC26MAR190CE,1.71,2.03,1.69,1.94,1.96,1.6,178.75,1.94,1179750,312000,265,247871617.5,211,F1,4875,,,,,
2026-02-18,2026-02-18,FO,NSE,STO,127329,,IOC,,2026-03-30,2026-03-30,175.0,CE,IOC26MAR175CE,6.5,8.23,6.24,7.98,7.9,6.37,178.75,7.98,672750,180375,143,127090372.5,104,F1,4875,,,,,
2026-02-18,2026-02-18,FO,NSE,STO,116975,,IOC,,2026-03-30,2026-03-30,176.0,CE,IOC26MAR176CE,0.0,0.0,0.0,5.17,0.0,5.17,178.75,8.09,0,0,0,0.0,0,F1,4875,,,,,
2026-02-18,2026-02-18,FO,NSE,STO,116999,,IOC,,2026-03-30,2026-03-30,196.0,CE,IOC26MAR196CE,1.05,1.1,1.05,1.1,1.1,1.52,178.75,1.1,9750,9750,2,1921481.25,2,F1,4875,,,,,
2026-02-18,2026-02-18,FO,NSE,STO,35956,,IOC,,2026-03-30,2026-03-30,202.0,CE,IOC26MAR202CE,0.0,0.0,0.0,0.5,0.5,0.5,178.75,0.63,9750,0,0,0.0,0,F1,4875,,,,,
2026-02-18,2026-02-18,FO,NSE,STO,48534,,IOC,,2026-02-24,2026-02-24,136.0,CE,IOC26FEB136CE,0.0,0.0,0.0,27.98,0.0,27.98,178.75,42.87,0,0,0,0.0,0,F1,4875,,,,,
2026-02-18,2026-02-18,FO,NSE,STO,128141,,IOC,,2026-04-28,2026-04-28,190.0,CE,IOC26APR190CE,0.0,0.0,0.0,1.82,0.0,1.82,178.75,4.35,0,0,0,0.0,0,F1,4875,,,,,
2026-02-18,2026-02-18,FO,NSE,STO,48645,,IOC,,2026-02-24,2026-02-24,178.0,CE,IOC26FEB178CE,1.81,2.6,1.55,2.45,2.35,1.59,178.75,2.45,1306500,-112125,1377,1208837272.5,1194,F1,4875,,,,,
2026-02-18,2026-02-18,FO,NSE,STO,48618,,IOC,,2026-02-24,2026-02-24,150.0,PE,IOC26FEB150PE,0.09,0.09,0.04,0.05,0.05,0.08,178.75,0.05,1764750,-126750,68,49744158.75,48,F1,4875,,,,,
2026-02-18,2026-02-18,FO,NSE,STO,127914,,IOC,,2026-04-28,2026-04-28,172.0,PE,IOC26APR172PE,0.0,0.0,0.0,15.92,0.0,15.92,178.75,4.24,0,0,0,0.0,0,F1,4875,,,,,
2026-02-18,2026-02-18,FO,NSE,STO,128132,,IOC,,2026-04-28,2026-04-28,182.0,PE,IOC26APR182PE,0.0,0.0,0.0,23.35,0.0,23.35,178.75,8.69,0,0,0,0.0,0,F1,4875,,,,,
2026-02-18,2026-02-18,FO,NSE,STO,127865,,IOC,,2026-04-28,2026-04-28,170.0,PE,IOC26APR170PE,0.0,0.0,0.0,14.59,0.0,14.59,178.75,3.58,0,0,0,0.0,0,F1,4875,,,,,
2026-02-18,2026-02-18,FO,NSE,STO,127552,,IOC,,2026-04-28,2026-04-28,136.0,PE,IOC26APR136PE,0.0,0.0,0.0,1.39,0.0,1.39,178.75,0.03,0,0,0,0.0,0,F1,4875,,,,,
2026-02-18,2026-02-18,FO,NSE,STO,127328,,IOC,,2026-03-30,2026-03-30,173.0,PE,IOC26MAR173PE,3.05,3.15,2.77,2.77,2.77,3.95,178.75,3.16,19500,0,3,2573853.75,3,F1,4875,,,,,
2026-02-18,2026-02-18,FO,NSE,STO,116888,,IOC,,2026-03-30,2026-03-30,164.0,PE,IOC26MAR164PE,1.2,1.2,1.2,1.2,1.2,1.65,178.75,1.03,9750,4875,1,805350.0,1,F1,4875,,,,,
2026-02-18,2026-02-18,FO,NSE,STO,48620,,IOC,,2026-02-24,2026-02-24,152.0,PE,IOC26FEB152PE,0.09,0.09,0.05,0.06,0.06,0.1,178.75,0.06,165750,34125,18,13343655.0,17,F1,4875,,,,,
2026-02-18,2026-02-18,FO,NSE,STO,106200,,IOC,,2026-02-24,2026-02-24,153.0,PE,IOC26FEB153PE,0.0,0.0,0.0,0.09,0.09,0.09,178.75,0.01,258375,0,0,0.0,0,F1,4875,,,,,
2026-02-18,2026-02-18,FO,NSE,STO,127304,,IOC,,2026-03-30,2026-03-30,151.0,PE,IOC26MAR151PE,0.0,0.0,0.0,1.54,1.54,1.54,178.75,0.1,43875,0,0,0.0,0,F1,4875,,,,,
2026-02-18,2026-02-18,FO,NSE,STO,116800,,IOC,,2026-03-30,2026-03-30,146.0,PE,IOC26MAR146PE,0.0,0.0,0.0,1.25,1.25,1.25,178.75,0.03,92625,0,0,0.0,0,F1,4875,,,,,
2026-02-18,2026-02-18,FO,NSE,STO,116199,,IOC,,2026-02-24,2026-02-24,206.0,PE,IOC26FEB206PE,0.0,0.0,0.0,42.72,0.0,42.72,178.75,27.06,0,0,0,0.0,0,F1,4875,,,,,
2026-02-18,2026-02-18,FO,NSE,STO,106274,,IOC,,2026-02-24,2026-02-24,165.0,PE,IOC26FEB165PE,0.22,0.22,0.09,0.09,0.09,0.18,178.75,0.09,1881750,-448500,255,205264653.75,186,F1,4875,,,,,
2026-02-18,2026-02-18,FO,NSE,STO,127851,,IOC,,2026-04-28,2026-04-28,168.0,CE,IOC26APR168CE,0.0,0.0,0.0,6.78,0.0,6.78,178.75,15.48,0,0,0,0.0,0,F1,4875,,,,,
2026-02-18,2026-02-18,FO,NSE,STO,128170,,IOC,,2026-04-28,2026-04-28,204.0,CE,IOC26APR204CE,0.0,0.0,0.0,0.68,0.0,0.68,178.75,1.48,0,0,0,0.0,0,F1,4875,,,,,
2026-02-18,2026-02-18,FO,NSE,STO,106156,,IOC,,2026-02-24,2026-02-24,143.0,PE,IOC26FEB143PE,0.03,0.04,0.03,0.04,0.04,0.12,178.75,0.01,229125,-9750,11,7670032.5,6,F1,4875,,,,,
2026-02-18,2026-02-18,FO,NSE,STO,48545,,IOC,,2026-02-24,2026-02-24,146.0,PE,IOC26FEB146PE,0.0,0.0,0.0,0.09,0.09,0.09,178.75,0.01,24375,0,0,0.0,0,F1,4875,,,,,
2026-02-18,2026-02-18,FO,NSE,STO,106264,,IOC,,2026-02-24,2026-02-24,159.0,PE,IOC26FEB159PE,0.11,0.12,0.07,0.09,0.09,0.11,178.75,0.09,502125,-4875,14,10857648.75,14,F1,4875,,,,,
2026-02-18,2026-02-18,FO,NSE,STO,48634,,IOC,,2026-02-24,2026-02-24,166.0,PE,IOC26FEB166PE,0.18,0.18,0.11,0.11,0.11,0.21,178.75,0.11,1243125,-346125,185,149830443.75,152,F1,4875,,,,,
2026-02-18,2026-02-18,FO,NSE,STO,116182,,IOC,,2026-02-24,2026-02-24,185.0,PE,IOC26FEB185PE,7.82,8.2,6.7,6.77,6.8,9.33,178.75,6.77,351000,-34125,34,31945143.75,19,F1,4875,,,,,
2026-02-18,2026-02-18,FO,NSE,STO,116184,,IOC,,2026-02-24,2026-02-24,187.0,PE,IOC26FEB187PE,0.0,0.0,0.0,14.43,14.43,14.43,178.75,8.33,165750,0,0,0.0,0,F1,4875,,,,,
2026-02-18,2026-02-18,FO,NSE,STO,48661,,IOC,,2026-02-24,2026-02-24,190.0,CE,IOC26FEB190CE,0.19,0.23,0.16,0.21,0.22,0.19,178.75,0.21,5177250,39000,491,455276883.75,308,F1,4875,,,,,
2026-02-18,2026-02-18,FO,NSE,STO,106205,,IOC,,2026-02-24,2026-02-24,157.0,CE,IOC26FEB157CE,19.0,19.0,19.0,19.0,19.0,17.73,178.75,21.89,292500,0,1,858000.0,1,F1,4875,,,,,
2026-02-18,2026-02-18,FO,NSE,STO,48536,,IOC,,2026-02-24,2026-02-24,138.0,CE,IOC26FEB138CE,0.0,0.0,0.0,35.0,35.0,35.0,178.75,40.87,195000,0,0,0.0,0,F1,4875,,,,,
2026-02-18,2026-02-18,FO,NSE,STO,48664,,IOC,,2026-02-24,2026-02-24,192.0,PE,IOC26FEB192PE,0.0,0.0,0.0,29.37,0.0,29.37,178.75,13.11,0,0,0,0.0,0,F1,4875,,,,,
2026-02-18,2026-02-18,FO,NSE,STO,48668,,IOC,,2026-02-24,2026-02-24,194.0,PE,IOC26FEB194PE,0.0,0.0,0.0,19.77,19.77,19.77,178.75,15.09,9750,0,0,0.0,0,F1,4875,,,,,
2026-02-18,2026-02-18,FO,NSE,STO,48670,,IOC,,2026-02-24,2026-02-24,196.0,PE,IOC26FEB196PE,0.0,0.0,0.0,32.98,0.0,32.98,178.75,17.08,0,0,0,0.0,0,F1,4875,,,,,
2026-02-18,2026-02-18,FO,NSE,STO,116856,,IOC,,2026-03-30,2026-03-30,158.0,PE,IOC26MAR158PE,0.0,0.0,0.0,6.8,0.0,6.8,178.75,0.4,0,0,0,0.0,0,F1,4875,,,,,
2026-02-18,2026-02-18,FO,NSE,STO,116884,,IOC,,2026-03-30,2026-03-30,160.0,PE,IOC26MAR160PE,0.88,0.88,0.59,0.59,0.62,0.91,178.75,0.59,887250,0,121,94810852.5,104,F1,4875,,,,,
2026-02-18,2026-02-18,FO,NSE,STO,116890,,IOC,,2026-03-30,2026-03-30,166.0,PE,IOC26MAR166PE,0.0,0.0,0.0,8.08,8.08,8.08,178.75,1.36,4875,0,0,0.0,0,F1,4875,,,,,
2026-02-18,2026-02-18,FO,NSE,STO,127581,,IOC,,2026-04-28,2026-04-28,154.0,PE,IOC26APR154PE,0.0,0.0,0.0,6.1,0.0,6.1,178.75,0.64,0,0,0,0.0,0,F1,4875,,,,,
2026-02-18,2026-02-18,FO,NSE,STO,128171,,IOC,,2026-04-28,2026-04-28,204.0,PE,IOC26APR204PE,0.0,0.0,0.0,42.66,0.0,42.66,178.75,24.62,0,0,0,0.0,0,F1,4875,,,,,
2026-02-18,2026-02-18,FO,NSE,STO,48669,,IOC,,2026-02-24,2026-02-24,196.0,CE,IOC26FEB196CE,0.1,0.1,0.08,0.08,0.08,0.1,178.75,0.08,1486875,-34125,31,29634930.0,31,F1,4875,,,,,
2026-02-18,2026-02-18,FO,NSE,STO,106221,,IOC,,2026-02-24,2026-02-24,157.0,PE,IOC26FEB157PE,0.0,0.0,0.0,0.1,0.1,0.1,178.75,0.01,409500,0,0,0.0,0,F1,4875,,,,,
2026-02-18,2026-02-18,FO,NSE,STO,48632,,IOC,,2026-02-24,2026-02-24,164.0,PE,IOC26FEB164PE,0.13,0.13,0.09,0.09,0.09,0.15,178.75,0.09,843375,-263250,147,117603476.25,116,F1,4875,,,,,
2026-02-18,2026-02-18,FO,NSE,STO,106280,,IOC,,2026-02-24,2026-02-24,171.0,PE,IOC26FEB171PE,0.57,0.61,0.26,0.26,0.28,0.72,178.75,0.26,901875,-190125,383,320038046.25,274,F1,4875,,,,,
2026-02-18,2026-02-18,FO,NSE,STO,48646,,IOC,,2026-02-24,2026-02-24,178.0,PE,IOC26FEB178PE,3.41,3.41,1.73,1.8,1.86,3.64,178.75,1.8,609375,165750,226,198597408.75,190,F1,4875,,,,,
2026-02-18,2026-02-18,FO,NSE,STO,116686,,IOC,,2026-03-30,2026-03-30,140.0,PE,IOC26MAR140PE,0.0,0.0,0.0,0.75,0.75,0.75,178.75,0.01,4875,0,0,0.0,0,F1,4875,,,,,
2026-02-18,2026-02-18,FO,NSE,STO,127332,,IOC,,2026-03-30,2026-03-30,177.0,PE,IOC26MAR177PE,4.92,4.98,4.5,4.62,4.62,6.39,178.75,4.71,78000,73125,16,14177231.25,13,F1,4875,,,,,
2026-02-18,2026-02-18,FO,NSE,STO,117004,,IOC,,2026-03-30,2026-03-30,200.0,PE,IOC26MAR200PE,22.6,22.6,22.3,22.3,22.3,23.51,178.75,20.86,43875,14625,3,3253087.5,3,F1,4875,,,,,
2026-02-18,2026-02-18,FO,NSE,STO,128156,,IOC,,2026-04-28,2026-04-28,190.0,PE,IOC26APR190PE,0.0,0.0,0.0,30.01,0.0,30.01,178.75,13.63,0,0,0,0.0,0,F1,4875,,,,,
2026-02-18,2026-02-18,FO,NSE,STF,59379,,IOC,,2026-02-24,2026-02-24,,,IOC26FEBFUT,176.68,178.94,175.75,178.61,178.42,175.8,178.75,178.61,80227875,-2915250,1997,1728485996.25,1677,F1,4875,,,,,
2026-02-18,2026-02-18,FO,NSE,STO,106271,,IOC,,2026-02-24,2026-02-24,163.0,CE,IOC26FEB163CE,15.3,15.3,15.3,15.3,15.3,12.19,178.75,15.9,238875,0,1,869212.5,1,F1,4875,,,,,
2026-02-18,2026-02-18,FO,NSE,STO,106277,,IOC,,2026-02-24,2026-02-24,169.0,CE,IOC26FEB169CE,7.45,9.95,7.45,9.9,9.86,6.55,178.75,9.9,697125,-9750,12,10405151.25,12,F1,4875,,,,,
2026-02-18,2026-02-18,FO,NSE,STO,106281,,IOC,,2026-02-24,2026-02-24,173.0,CE,IOC26FEB173CE,4.35,6.14,4.3,6.04,5.96,4.05,178.75,6.04,409500,-136500,53,46046861.25,50,F1,4875,,,,,
2026-02-18,2026-02-18,FO,NSE,STO,48663,,IOC,,2026-02-24,2026-02-24,192.0,CE,IOC26FEB192CE,0.17,0.17,0.13,0.16,0.17,0.15,178.75,0.16,1179750,273000,178,166742208.75,123,F1,4875,,,,,
2026-02-18,2026-02-18,FO,NSE,STO,48667,,IOC,,2026-02-24,2026-02-24,194.0,CE,IOC26FEB194CE,0.12,0.13,0.1,0.12,0.13,0.11,178.75,0.12,511875,24375,75,70974393.75,69,F1,4875,,,,,
2026-02-18,2026-02-18,FO,NSE,STO,116823,,IOC,,2026-03-30,2026-03-30,148.0,CE,IOC26MAR148CE,0.0,0.0,0.0,19.13,0.0,19.13,178.75,31.69,0,0,0,0.0,0,F1,4875,,,,,
2026-02-18,2026-02-18,FO,NSE,STO,116936,,IOC,,2026-03-30,2026-03-30,174.0,CE,IOC26MAR174CE,0.0,0.0,0.0,7.6,7.6,7.6,178.75,9.3,9750,0,0,0.0,0,F1,4875,,,,,
2026-02-18,2026-02-18,FO,NSE,STO,116983,,IOC,,2026-03-30,2026-03-30,184.0,CE,IOC26MAR184CE,0.0,0.0,0.0,2.9,2.9,2.9,178.75,4.28,29250,0,0,0.0,0,F1,4875,,,,,
2026-02-18,2026-02-18,FO,NSE,STO,117003,,IOC,,2026-03-30,2026-03-30,200.0,CE,IOC26MAR200CE,0.74,0.79,0.7,0.76,0.75,0.65,178.75,0.76,794625,146250,68,66542336.25,54,F1,4875,,,,,
2026-02-18,2026-02-18,FO,NSE,STO,127555,,IOC,,2026-04-28,2026-04-28,140.0,CE,IOC26APR140CE,0.0,0.0,0.0,23.09,0.0,23.09,178.75,40.27,0,0,0,0.0,0,F1,4875,,,,,
2026-02-18,2026-02-18,FO,NSE,STO,128133,,IOC,,2026-04-28,2026-04-28,184.0,CE,IOC26APR184CE,0.0,0.0,0.0,2.68,0.0,2.68,178.75,6.47,0,0,0,0.0,0,F1,4875,,,,,
2026-02-18,2026-02-18,FO,NSE,STO,128135,,IOC,,2026-04-28,2026-04-28,186.0,CE,IOC26APR186CE,0.0,0.0,0.0,2.36,0.0,2.36,178.75,5.69,0,0,0,0.0,0,F1,4875,,,,,
2026-02-18,2026-02-18,FO,NSE,STO,106160,,IOC,,2026-02-24,2026-02-24,147.0,PE,IOC26FEB147PE,0.0,0.0,0.0,0.14,0.14,0.14,178.75,0.01,29250,0,0,0.0,0,F1,4875,,,,,
2026-02-18,2026-02-18,FO,NSE,STO,106202,,IOC,,2026-02-24,2026-02-24,155.0,PE,IOC26FEB155PE,0.09,0.09,0.06,0.06,0.06,0.09,178.75,0.06,1072500,-180375,83,62743931.25,67,F1,4875,,,,,
2026-02-18,2026-02-18,FO,NSE,STO,48541,,IOC,,2026-02-24,2026-02-24,142.0,PE,IOC26FEB142PE,0.03,0.04,0.03,0.04,0.04,0.09,178.75,0.04,185250,-117000,28,19387192.5,12,F1,4875,,,,,
2026-02-18,2026-02-18,FO,NSE,STO,106270,,IOC,,2026-02-24,2026-02-24,161.0,PE,IOC26FEB161PE,0.11,0.11,0.07,0.07,0.07,0.11,178.75,0.07,546000,-4875,56,43977618.75,49,F1,4875,,,,,
2026-02-18,2026-02-18,FO,NSE,STO,106272,,IOC,,2026-02-24,2026-02-24,163.0,PE,IOC26FEB163PE,0.12,0.12,0.08,0.08,0.08,0.13,178.75,0.08,950625,-92625,122,97001238.75,100,F1,4875,,,,,
2026-02-18,2026-02-18,FO,NSE,STO,106282,,IOC,,2026-02-24,2026-02-24,173.0,PE,IOC26FEB173PE,1.23,1.23,0.43,0.46,0.48,1.21,178.75,0.46,721500,-156000,261,221077252.5,251,F1,4875,,,,,
2026-02-18,2026-02-18,FO,NSE,STO,116126,,IOC,,2026-02-24,2026-02-24,177.0,PE,IOC26FEB177PE,2.78,2.84,1.32,1.37,1.41,3.02,178.75,1.37,1316250,546000,546,476215301.25,462,F1,4875,,,,,
2026-02-18,2026-02-18,FO,NSE,STO,116989,,IOC,,2026-03-30,2026-03-30,186.0,CE,IOC26MAR186CE,0.0,0.0,0.0,3.7,3.7,3.7,178.75,3.58,234000,0,0,0.0,0,F1,4875,,,,,
2026-02-18,2026-02-18,FO,NSE,STO,127367,,IOC,,2026-03-30,2026-03-30,206.0,CE,IOC26MAR206CE,0.5,0.5,0.45,0.47,0.45,0.45,178.75,0.47,112125,97500,32,32209905.0,32,F1,4875,,,,,
2026-02-18,2026-02-18,FO,NSE,STO,116189,,IOC,,2026-02-24,2026-02-24,193.0,CE,IOC26FEB193CE,0.0,0.0,0.0,0.72,0.0,0.72,178.75,0.02,0,0,0,0.0,0,F1,4875,,,,,
2026-02-18,2026-02-18,FO,NSE,STO,127305,,IOC,,2026-03-30,2026-03-30,153.0,CE,IOC26MAR153CE,0.0,0.0,0.0,11.99,0.0,11.99,178.75,26.82,0,0,0,0.0,0,F1,4875,,,,,
2026-02-18,2026-02-18,FO,NSE,STO,127307,,IOC,,2026-03-30,2026-03-30,155.0,CE,IOC26MAR155CE,0.0,0.0,0.0,19.0,19.0,19.0,178.75,24.91,24375,0,0,0.0,0,F1,4875,,,,,
2026-02-18,2026-02-18,FO,NSE,STO,127321,,IOC,,2026-03-30,2026-03-30,169.0,CE,IOC26MAR169CE,0.0,0.0,0.0,4.56,0.0,4.56,178.75,12.76,0,0,0,0.0,0,F1,4875,,,,,
2026-02-18,2026-02-18,FO,NSE,STO,48672,,IOC,,2026-02-24,2026-02-24,198.0,PE,IOC26FEB198PE,0.0,0.0,0.0,34.82,0.0,34.82,178.75,19.07,0,0,0,0.0,0,F1,4875,,,,,
2026-02-18,2026-02-18,FO,NSE,STO,116854,,IOC,,2026-03-30,2026-03-30,156.0,PE,IOC26MAR156PE,0.0,0.0,0.0,5.99,0.0,5.99,178.75,0.28,0,0,0,0.0,0,F1,4875,,,,,
2026-02-18,2026-02-18,FO,NSE,STO,127310,,IOC,,2026-03-30,2026-03-30,157.0,PE,IOC26MAR157PE,0.0,0.0,0.0,1.2,1.2,1.2,178.75,0.33,4875,0,0,0.0,0,F1,4875,,,,,
2026-02-18,2026-02-18,FO,NSE,STO,127316,,IOC,,2026-03-30,2026-03-30,163.0,PE,IOC26MAR163PE,0.0,0.0,0.0,1.6,1.6,1.6,178.75,0.89,14625,0,0,0.0,0,F1,4875,,,,,
2026-02-18,2026-02-18,FO,NSE,STO,116976,,IOC,,2026-03-30,2026-03-30,176.0,PE,IOC26MAR176PE,4.41,4.41,4.2,4.36,4.36,17.0,178.75,4.29,58500,58500,12,10550523.75,10,F1,4875,,,,,
2026-02-18,2026-02-18,FO,NSE,STO,127556,,IOC,,2026-04-28,2026-04-28,140.0,PE,IOC26APR140PE,0.0,0.0,0.0,2.05,0.0,2.05,178.75,0.07,0,0,0,0.0,0,F1,4875,,,,,
2026-02-18,2026-02-18,FO,NSE,STF,51934,,IOC,,2026-03-30,2026-03-30,,,IOC26MARFUT,177.22,179.98,176.9,179.76,179.5,176.76,178.75,179.76,8472750,3139500,1226,1067877573.75,1009,F1,4875,,,,,
2026-02-18,2026-02-18,FO,NSE,STO,48637,,IOC,,2026-02-24,2026-02-24,170.0,CE,IOC26FEB170CE,6.87,8.99,6.7,8.87,8.67,6.25,178.75,8.87,2335125,-131625,130,112625126.25,108,F1,4875,,,,,
2026-02-18,2026-02-18,FO,NSE,STO,48657,,IOC,,2026-02-24,2026-02-24,188.0,CE,IOC26FEB188CE,0.24,0.3,0.21,0.27,0.28,0.23,178.75,0.27,1642875,-39000,230,211086671.25,206,F1,4875,,,,,
2026-02-18,2026-02-18,FO,NSE,STO,116853,,IOC,,2026-03-30,2026-03-30,156.0,CE,IOC26MAR156CE,0.0,0.0,0.0,13.87,0.0,13.87,178.75,23.96,0,0,0,0.0,0,F1,4875,,,,,
2026-02-18,2026-02-18,FO,NSE,STO,127349,,IOC,,2026-03-30,2026-03-30,181.0,CE,IOC26MAR181CE,4.2,4.59,4.2,4.59,4.59,3.39,178.75,5.52,34125,19500,10,9033813.75,10,F1,4875,,,,,
2026-02-18,2026-02-18,FO,NSE,STO,116991,,IOC,,2026-03-30,2026-03-30,188.0,CE,IOC26MAR188CE,0.0,0.0,0.0,1.45,1.45,1.45,178.75,2.97,160875,0,0,0.0,0,F1,4875,,,,,
2026-02-18,2026-02-18,FO,NSE,STO,127359,,IOC,,2026-03-30,2026-03-30,189.0,CE,IOC26MAR189CE,0.0,0.0,0.0,0.94,0.0,0.94,178.75,2.69,0,0,0,0.0,0,F1,4875,,,,,
2026-02-18,2026-02-18,FO,NSE,STO,117001,,IOC,,2026-03-30,2026-03-30,198.0,CE,IOC26MAR198CE,0.0,0.0,0.0,1.32,0.0,1.32,178.75,1.03,0,0,0,0.0,0,F1,4875,,,,,
2026-02-18,2026-02-18,FO,NSE,STO,127550,,IOC,,2026-04-28,2026-04-28,136.0,CE,IOC26APR136CE,0.0,0.0,0.0,26.37,0.0,26.37,178.75,44.19,0,0,0,0.0,0,F1,4875,,,,,
2026-02-18,2026-02-18,FO,NSE,STO,128002,,IOC,,2026-04-28,2026-04-28,174.0,CE,IOC26APR174CE,0.0,0.0,0.0,4.87,0.0,4.87,178.75,11.52,0,0,0,0.0,0,F1,4875,,,,,
2026-02-18,2026-02-18,FO,NSE,STO,127362,,IOC,,2026-03-30,2026-03-30,191.0,PE,IOC26MAR191PE,0.0,0.0,0.0,30.89,0.0,30.89,178.75,13.31,0,0,0,0.0,0,F1,4875,,,,,
2026-02-18,2026-02-18,FO,NSE,STO,127350,,IOC,,2026-03-30,2026-03-30,181.0,PE,IOC26MAR181PE,0.0,0.0,0.0,6.41,6.41,6.41,178.75,6.68,4875,0,0,0.0,0,F1,4875,,,,,
2026-02-18,2026-02-18,FO,NSE,STO,48674,,IOC,,2026-02-24,2026-02-24,200.0,PE,IOC26FEB200PE,23.25,23.25,23.2,23.2,23.2,22.9,178.75,21.07,34125,-4875,3,3264787.5,3,F1,4875,,,,,
2026-02-18,2026-02-18,FO,NSE,STO,116894,,IOC,,2026-03-30,2026-03-30,170.0,PE,IOC26MAR170PE,2.44,2.47,1.78,1.82,1.9,2.69,178.75,1.82,1418625,560625,279,234009506.25,187,F1,4875,,,,,
2026-02-18,2026-02-18,FO,NSE,STO,127308,,IOC,,2026-03-30,2026-03-30,155.0,PE,IOC26MAR155PE,0.4,0.48,0.37,0.37,0.37,0.59,178.75,0.37,39000,19500,6,4546425.0,6,F1,4875,,,,,
2026-02-18,2026-02-18,FO,NSE,STO,116798,,IOC,,2026-03-30,2026-03-30,144.0,PE,IOC26MAR144PE,0.0,0.0,0.0,2.41,0.0,2.41,178.75,0.02,0,0,0,0.0,0,F1,4875,,,,,
2026-02-18,2026-02-18,FO,NSE,STO,119217,,ITC,,2026-02-24,2026-02-24,346.0,PE,ITC26FEB346PE,0.0,0.0,0.0,28.25,28.25,28.25,332.45,13.5,145600,0,0,0.0,0,F1,1600,,,,,
2026-02-18,2026-02-18,FO,NSE,STO,119215,,ITC,,2026-02-24,2026-02-24,341.0,PE,ITC26FEB341PE,11.4,11.4,11.4,11.4,11.4,16.2,332.45,11.4,33600,0,1,563840.0,1,F1,1600,,,,,
2026-02-18,2026-02-18,FO,NSE,STO,119211,,ITC,,2026-02-24,2026-02-24,331.0,PE,ITC26FEB331PE,6.2,6.2,2.65,2.85,2.75,7.55,332.45,2.85,884800,792000,3074,1646256560.0,2358,F1,1600,,,,,
2026-02-18,2026-02-18,FO,NSE,STO,107858,,ITC,,2026-02-24,2026-02-24,318.5,PE,ITC26FEB318.5PE,0.7,0.8,0.2,0.25,0.2,1.0,332.45,0.25,3512000,73600,2168,1106388400.0,1356,F1,1600,,,,,
2026-02-18,2026-02-18,FO,NSE,STO,107854,,ITC,,2026-02-24,2026-02-24,313.5,PE,ITC26FEB313.5PE,0.4,0.45,0.15,0.15,0.15,0.5,332.45,0.15,2611200,-275200,1563,784678400.0,760,F1,1600,,,,,
2026-02-18,2026-02-18,FO,NSE,STO,129743,,ITC,,2026-04-28,2026-04-28,283.5,PE,ITC26APR283.5PE,0.0,0.0,0.0,3.3,0.0,3.3,332.45,0.3,0,0,0,0.0,0,F1,1600,,,,,
2026-02-18,2026-02-18,FO,NSE,STO,129809,,ITC,,2026-04-28,2026-04-28,338.5,PE,ITC26APR338.5PE,0.0,0.0,0.0,28.1,0.0,28.1,332.45,13.2,0,0,0,0.0,0,F1,1600,,,,,
2026-02-18,2026-02-18,FO,NSE,STF,66870,,ITC,,2026-04-28,2026-04-28,,,ITC26APRFUT,331.3,336.65,329.9,336.35,336.4,329.1,332.45,336.35,4404800,251200,853,456193200.0,799,F1,1600,,,,,
2026-02-18,2026-02-18,FO,NSE,STO,107761,,ITC,,2026-02-24,2026-02-24,263.5,CE,ITC26FEB263.5CE,0.0,0.0,0.0,53.75,53.75,53.75,332.45,69.2,3200,0,0,0.0,0,F1,1600,,,,,
2026-02-18,2026-02-18,FO,NSE,STO,49871,,ITC,,2026-02-24,2026-02-24,275.0,CE,ITC26FEB275CE,0.0,0.0,0.0,39.8,0.0,39.8,332.45,57.7,0,0,0,0.0,0,F1,1600,,,,,
2026-02-18,2026-02-18,FO,NSE,STO,49877,,ITC,,2026-02-24,2026-02-24,282.5,CE,ITC26FEB282.5CE,0.0,0.0,0.0,32.45,0.0,32.45,332.45,50.2,0,0,0,0.0,0,F1,1600,,,,,
2026-02-18,2026-02-18,FO,NSE,STO,37739,,ITC,,2026-02-24,2026-02-24,286.0,CE,ITC26FEB286CE,0.0,0.0,0.0,21.1,21.1,21.1,332.45,46.7,19200,0,0,0.0,0,F1,1600,,,,,
2026-02-18,2026-02-18,FO,NSE,STO,49893,,ITC,,2026-02-24,2026-02-24,302.5,CE,ITC26FEB302.5CE,0.0,0.0,0.0,15.05,15.05,15.05,332.45,30.2,4800,0,0,0.0,0,F1,1600,,,,,
2026-02-18,2026-02-18,FO,NSE,STO,49905,,ITC,,2026-02-24,2026-02-24,317.5,CE,ITC26FEB317.5CE,8.8,14.5,8.8,14.05,14.45,8.15,332.45,14.05,1056000,-52800,119,62762160.0,113,F1,1600,,,,,
2026-02-18,2026-02-18,FO,NSE,STO,49907,,ITC,,2026-02-24,2026-02-24,320.0,CE,ITC26FEB320CE,6.95,12.3,6.55,12.05,12.05,6.25,332.45,12.05,6024000,-526400,3880,2045108480.0,3468,F1,1600,,,,,
2026-02-18,2026-02-18,FO,NSE,STO,49909,,ITC,,2026-02-24,2026-02-24,322.5,CE,ITC26FEB322.5CE,5.45,10.0,4.9,9.75,9.65,4.55,332.45,9.75,1070400,-304000,919,485121440.0,803,F1,1600,,,,,
2026-02-18,2026-02-18,FO,NSE,STO,119212,,ITC,,2026-02-24,2026-02-24,336.0,CE,ITC26FEB336CE,1.0,2.15,0.95,2.0,2.15,0.9,332.45,2.0,1156800,-208000,4570,2469618320.0,2710,F1,1600,,,,,
2026-02-18,2026-02-18,FO,NSE,STO,119216,,ITC,,2026-02-24,2026-02-24,346.0,CE,ITC26FEB346CE,0.5,0.85,0.5,0.75,0.75,0.45,332.45,0.75,734400,60800,753,417632640.0,537,F1,1600,,,,,
2026-02-18,2026-02-18,FO,NSE,STO,108121,,ITC,,2026-02-24,2026-02-24,368.5,CE,ITC26FEB368.5CE,0.1,0.15,0.1,0.1,0.1,0.15,332.45,0.1,1395200,-48000,442,260708880.0,100,F1,1600,,,,,
2026-02-18,2026-02-18,FO,NSE,STO,119291,,ITC,,2026-02-24,2026-02-24,381.0,CE,ITC26FEB381CE,0.1,0.1,0.05,0.05,0.05,0.1,332.45,0.05,134400,-3200,12,7316400.0,5,F1,1600,,,,,
2026-02-18,2026-02-18,FO,NSE,STO,108168,,ITC,,2026-02-24,2026-02-24,383.5,CE,ITC26FEB383.5CE,0.05,0.1,0.05,0.1,0.1,0.1,332.45,0.1,976000,-32000,232,142392160.0,45,F1,1600,,,,,
2026-02-18,2026-02-18,FO,NSE,STO,50113,,ITC,,2026-03-30,2026-03-30,260.0,CE,ITC26MAR260CE,0.0,0.0,0.0,56.45,0.0,56.45,332.45,74.0,0,0,0,0.0,0,F1,1600,,,,,
2026-02-18,2026-02-18,FO,NSE,STO,50133,,ITC,,2026-03-30,2026-03-30,282.5,CE,ITC26MAR282.5CE,0.0,0.0,0.0,35.4,0.0,35.4,332.45,51.7,0,0,0,0.0,0,F1,1600,,,,,
2026-02-18,2026-02-18,FO,NSE,STO,50139,,ITC,,2026-03-30,2026-03-30,290.0,CE,ITC26MAR290CE,0.0,0.0,0.0,29.05,0.0,29.05,332.45,44.35,0,0,0,0.0,0,F1,1600,,,,,
2026-02-18,2026-02-18,FO,NSE,STO,119500,,ITC,,2026-03-30,2026-03-30,308.5,CE,ITC26MAR308.5CE,27.5,27.5,27.5,27.5,27.5,19.6,332.45,27.5,28800,-1600,1,537600.0,1,F1,1600,,,,,
2026-02-18,2026-02-18,FO,NSE,STO,119547,,ITC,,2026-03-30,2026-03-30,353.5,CE,ITC26MAR353.5CE,2.65,3.4,2.6,3.25,3.3,2.35,332.45,3.25,492800,-1600,161,91871840.0,128,F1,1600,,,,,
2026-02-18,2026-02-18,FO,NSE,STO,50215,,ITC,,2026-03-30,2026-03-30,365.0,CE,ITC26MAR365CE,1.55,1.95,1.55,1.85,1.85,1.4,332.45,1.85,129600,100800,172,100954800.0,101,F1,1600,,,,,
2026-02-18,2026-02-18,FO,NSE,STO,50381,,ITC,,2026-04-28,2026-04-28,260.0,CE,ITC26APR260CE,0.0,0.0,0.0,58.1,0.0,58.1,332.45,75.15,0,0,0,0.0,0,F1,1600,,,,,
2026-02-18,2026-02-18,FO,NSE,STO,129748,,ITC,,2026-04-28,2026-04-28,298.5,CE,ITC26APR298.5CE,0.0,0.0,0.0,25.35,0.0,25.35,332.45,38.25,0,0,0,0.0,0,F1,1600,,,,,
2026-02-18,2026-02-18,FO,NSE,STO,129750,,ITC,,2026-04-28,2026-04-28,303.5,CE,ITC26APR303.5CE,0.0,0.0,0.0,22.0,22.0,22.0,332.45,33.9,4800,0,0,0.0,0,F1,1600,,,,,
2026-02-18,2026-02-18,FO,NSE,STO,129760,,ITC,,2026-04-28,2026-04-28,313.5,CE,ITC26APR313.5CE,0.0,0.0,0.0,19.15,19.15,19.15,332.45,25.8,4800,0,0,0.0,0,F1,1600,,,,,
2026-02-18,2026-02-18,FO,NSE,STO,49894,,ITC,,2026-02-24,2026-02-24,302.5,PE,ITC26FEB302.5PE,0.35,0.35,0.1,0.15,0.1,0.35,332.45,0.15,286400,-36800,105,50851360.0,58,F1,1600,,,,,
2026-02-18,2026-02-18,FO,NSE,STO,49902,,ITC,,2026-02-24,2026-02-24,312.5,PE,ITC26FEB312.5PE,0.4,0.4,0.15,0.25,0.2,0.5,332.45,0.25,491200,-88000,371,185686400.0,182,F1,1600,,,,,
2026-02-18,2026-02-18,FO,NSE,STO,49950,,ITC,,2026-02-24,2026-02-24,350.0,PE,ITC26FEB350PE,24.15,24.15,18.35,18.7,18.5,25.25,332.45,18.7,140800,-216000,187,111398400.0,85,F1,1600,,,,,
2026-02-18,2026-02-18,FO,NSE,STO,119340,,ITC,,2026-02-24,2026-02-24,401.0,PE,ITC26FEB401PE,0.0,0.0,0.0,81.0,81.0,81.0,332.45,68.2,11200,0,0,0.0,0,F1,1600,,,,,
2026-02-18,2026-02-18,FO,NSE,STO,108206,,ITC,,2026-02-24,2026-02-24,433.5,PE,ITC26FEB433.5PE,105.0,107.0,102.55,102.75,102.75,110.0,332.45,100.65,83200,-8000,5,4301280.0,5,F1,1600,,,,,
2026-02-18,2026-02-18,FO,NSE,STO,50140,,ITC,,2026-03-30,2026-03-30,290.0,PE,ITC26MAR290PE,1.05,1.15,0.75,0.75,0.75,1.15,332.45,0.75,347200,9600,65,30253200.0,47,F1,1600,,,,,
2026-02-18,2026-02-18,FO,NSE,STO,50159,,ITC,,2026-03-30,2026-03-30,310.0,PE,ITC26MAR310PE,2.85,2.9,1.9,2.0,1.9,3.1,332.45,2.0,779200,176000,512,255854720.0,411,F1,1600,,,,,
2026-02-18,2026-02-18,FO,NSE,STO,119539,,ITC,,2026-03-30,2026-03-30,338.5,PE,ITC26MAR338.5PE,14.3,14.5,11.2,11.5,11.5,16.05,332.45,11.25,33600,14400,26,14605600.0,19,F1,1600,,,,,
2026-02-18,2026-02-18,FO,NSE,STO,119553,,ITC,,2026-03-30,2026-03-30,363.5,PE,ITC26MAR363.5PE,34.0,34.5,30.55,30.6,30.65,36.6,332.45,30.6,196800,32000,70,44455120.0,39,F1,1600,,,,,
2026-02-18,2026-02-18,FO,NSE,STO,119559,,ITC,,2026-03-30,2026-03-30,378.5,PE,ITC26MAR378.5PE,0.0,0.0,0.0,57.0,57.0,57.0,332.45,44.1,22400,0,0,0.0,0,F1,1600,,,,,
2026-02-18,2026-02-18,FO,NSE,STO,129735,,ITC,,2026-04-28,2026-04-28,263.5,PE,ITC26APR263.5PE,0.0,0.0,0.0,0.9,0.0,0.9,332.45,0.05,0,0,0,0.0,0,F1,1600,,,,,
2026-02-18,2026-02-18,FO,NSE,STO,129741,,ITC,,2026-04-28,2026-04-28,278.5,PE,ITC26APR278.5PE,0.0,0.0,0.0,2.45,0.0,2.45,332.45,0.2,0,0,0,0.0,0,F1,1600,,,,,
2026-02-18,2026-02-18,FO,NSE,STO,50390,,ITC,,2026-04-28,2026-04-28,280.0,PE,ITC26APR280PE,0.0,0.0,0.0,2.15,0.0,2.15,332.45,0.2,0,0,0,0.0,0,F1,1600,,,,,
2026-02-18,2026-02-18,FO,NSE,STO,107815,,ITC,,2026-02-24,2026-02-24,308.5,CE,ITC26FEB308.5CE,18.7,23.4,18.7,23.4,23.4,16.85,332.45,23.4,3881600,-6400,10,5275760.0,10,F1,1600,,,,,
2026-02-18,2026-02-18,FO,NSE,STO,49923,,ITC,,2026-02-24,2026-02-24,332.5,CE,ITC26FEB332.5CE,1.35,3.25,1.3,3.0,3.05,1.25,332.45,3.0,2323200,1619200,21738,11656298880.0,11615,F1,1600,,,,,
2026-02-18,2026-02-18,FO,NSE,STO,49925,,ITC,,2026-02-24,2026-02-24,335.0,CE,ITC26FEB335CE,1.05,2.45,1.0,2.3,2.35,1.0,332.45,2.3,7075200,4619200,31593,17032439840.0,15108,F1,1600,,,,,
2026-02-18,2026-02-18,FO,NSE,STO,108112,,ITC,,2026-02-24,2026-02-24,363.5,CE,ITC26FEB363.5CE,0.15,0.25,0.15,0.2,0.15,0.2,332.45,0.2,2745600,-54400,2838,1651504800.0,556,F1,1600,,,,,
2026-02-18,2026-02-18,FO,NSE,STO,119265,,ITC,,2026-02-24,2026-02-24,371.0,CE,ITC26FEB371CE,0.15,0.15,0.1,0.15,0.15,0.15,332.45,0.15,203200,-83200,180,106891120.0,57,F1,1600,,,,,
2026-02-18,2026-02-18,FO,NSE,STO,49978,,ITC,,2026-02-24,2026-02-24,380.0,CE,ITC26FEB380CE,0.1,0.15,0.1,0.1,0.1,0.1,332.45,0.1,155200,-9600,56,34057040.0,22,F1,1600,,,,,
2026-02-18,2026-02-18,FO,NSE,STO,50102,,ITC,,2026-03-30,2026-03-30,250.0,CE,ITC26MAR250CE,0.0,0.0,0.0,66.25,0.0,66.25,332.45,83.95,0,0,0,0.0,0,F1,1600,,,,,
2026-02-18,2026-02-18,FO,NSE,STO,119489,,ITC,,2026-03-30,2026-03-30,263.5,CE,ITC26MAR263.5CE,66.5,66.5,66.5,66.5,66.5,42.6,332.45,70.55,4800,0,1,528000.0,1,F1,1600,,,,,
2026-02-18,2026-02-18,FO,NSE,STO,37773,,ITC,,2026-03-30,2026-03-30,278.5,CE,ITC26MAR278.5CE,0.0,0.0,0.0,83.1,0.0,83.1,332.45,55.65,0,0,0,0.0,0,F1,1600,,,,,
2026-02-18,2026-02-18,FO,NSE,STO,50135,,ITC,,2026-03-30,2026-03-30,285.0,CE,ITC26MAR285CE,0.0,0.0,0.0,33.2,0.0,33.2,332.45,49.25,0,0,0,0.0,0,F1,1600,,,,,
2026-02-18,2026-02-18,FO,NSE,STO,50162,,ITC,,2026-03-30,2026-03-30,315.0,CE,ITC26MAR315CE,16.85,22.0,16.85,21.8,21.85,16.4,332.45,21.8,224000,-17600,77,41280640.0,55,F1,1600,,,,,
2026-02-18,2026-02-18,FO,NSE,STO,50186,,ITC,,2026-03-30,2026-03-30,332.5,CE,ITC26MAR332.5CE,7.8,10.1,7.65,9.9,9.9,6.85,332.45,9.9,144000,108800,294,160794640.0,244,F1,1600,,,,,
2026-02-18,2026-02-18,FO,NSE,STO,119540,,ITC,,2026-03-30,2026-03-30,343.5,CE,ITC26MAR343.5CE,3.9,5.65,3.9,5.6,5.65,3.75,332.45,5.6,2420800,-620800,1072,597831680.0,693,F1,1600,,,,,
2026-02-18,2026-02-18,FO,NSE,STO,50213,,ITC,,2026-03-30,2026-03-30,362.5,CE,ITC26MAR362.5CE,2.1,2.15,2.05,2.1,2.1,1.5,332.45,2.1,11200,9600,12,7000400.0,11,F1,1600,,,,,
2026-02-18,2026-02-18,FO,NSE,STO,50223,,ITC,,2026-03-30,2026-03-30,375.0,CE,ITC26MAR375CE,1.0,1.3,0.85,1.25,1.25,0.9,332.45,1.25,563200,121600,260,156493360.0,226,F1,1600,,,,,
2026-02-18,2026-02-18,FO,NSE,STO,129796,,ITC,,2026-04-28,2026-04-28,318.5,CE,ITC26APR318.5CE,0.0,0.0,0.0,14.15,0.0,14.15,332.45,22.15,0,0,0,0.0,0,F1,1600,,,,,
2026-02-18,2026-02-18,FO,NSE,STO,50439,,ITC,,2026-04-28,2026-04-28,350.0,CE,ITC26APR350CE,6.6,7.4,6.5,7.05,7.05,5.4,332.45,7.05,43200,22400,34,19408960.0,31,F1,1600,,,,,
2026-02-18,2026-02-18,FO,NSE,STO,50455,,ITC,,2026-04-28,2026-04-28,370.0,CE,ITC26APR370CE,0.0,0.0,0.0,1.7,0.0,1.7,332.45,2.2,0,0,0,0.0,0,F1,1600,,,,,
2026-02-18,2026-02-18,FO,NSE,STO,119176,,ITC,,2026-02-24,2026-02-24,268.5,PE,ITC26FEB268.5PE,0.05,0.05,0.05,0.05,0.05,0.1,332.45,0.05,400000,-89600,82,35233760.0,27,F1,1600,,,,,
2026-02-18,2026-02-18,FO,NSE,STO,107810,,ITC,,2026-02-24,2026-02-24,283.5,PE,ITC26FEB283.5PE,0.1,0.1,0.05,0.1,0.1,0.1,332.45,0.1,1051200,-305600,318,144293680.0,69,F1,1600,,,,,
2026-02-18,2026-02-18,FO,NSE,STO,49912,,ITC,,2026-02-24,2026-02-24,325.0,PE,ITC26FEB325PE,3.0,3.05,0.75,0.8,0.75,3.3,332.45,0.8,3505600,713600,17649,9219967120.0,8337,F1,1600,,,,,
2026-02-18,2026-02-18,FO,NSE,STO,119219,,ITC,,2026-02-24,2026-02-24,351.0,PE,ITC26FEB351PE,23.8,23.8,23.8,23.8,23.8,32.5,332.45,18.3,1600,-1600,2,1199360.0,2,F1,1600,,,,,
2026-02-18,2026-02-18,FO,NSE,STO,49968,,ITC,,2026-02-24,2026-02-24,370.0,PE,ITC26FEB370PE,38.0,39.4,37.0,39.0,39.0,42.0,332.45,37.2,1600,0,4,2613440.0,4,F1,1600,,,,,
2026-02-18,2026-02-18,FO,NSE,STO,119290,,ITC,,2026-02-24,2026-02-24,376.0,PE,ITC26FEB376PE,0.0,0.0,0.0,60.0,60.0,60.0,332.45,43.2,1600,0,0,0.0,0,F1,1600,,,,,
2026-02-18,2026-02-18,FO,NSE,STO,108186,,ITC,,2026-02-24,2026-02-24,393.5,PE,ITC26FEB393.5PE,66.0,66.5,61.5,61.85,61.5,68.5,332.45,61.85,1964800,-310400,243,178074240.0,173,F1,1600,,,,,
2026-02-18,2026-02-18,FO,NSE,STO,50110,,ITC,,2026-03-30,2026-03-30,255.0,PE,ITC26MAR255PE,0.0,0.0,0.0,0.1,0.0,0.1,332.45,0.05,0,0,0,0.0,0,F1,1600,,,,,
2026-02-18,2026-02-18,FO,NSE,STO,50174,,ITC,,2026-03-30,2026-03-30,320.0,PE,ITC26MAR320PE,5.2,5.35,3.5,3.65,3.6,5.75,332.45,3.65,2406400,627200,1482,769216400.0,977,F1,1600,,,,,
2026-02-18,2026-02-18,FO,NSE,STO,129550,,ITC,,2026-03-30,2026-03-30,336.0,PE,ITC26MAR336PE,10.3,10.3,10.3,10.3,10.3,25.3,332.45,9.85,1600,1600,1,554080.0,1,F1,1600,,,,,
2026-02-18,2026-02-18,FO,NSE,STO,50400,,ITC,,2026-04-28,2026-04-28,295.0,PE,ITC26APR295PE,0.0,0.0,0.0,5.15,0.0,5.15,332.45,0.9,0,0,0,0.0,0,F1,1600,,,,,
2026-02-18,2026-02-18,FO,NSE,STO,129798,,ITC,,2026-04-28,2026-04-28,323.5,CE,ITC26APR323.5CE,0.0,0.0,0.0,12.0,0.0,12.0,332.45,18.8,0,0,0,0.0,0,F1,1600,,,,,
2026-02-18,2026-02-18,FO,NSE,STO,50209,,ITC,,2026-03-30,2026-03-30,357.5,CE,ITC26MAR357.5CE,2.35,2.8,2.3,2.7,2.7,1.35,332.45,2.7,24000,24000,26,14981280.0,20,F1,1600,,,,,
2026-02-18,2026-02-18,FO,NSE,STO,50188,,ITC,,2026-03-30,2026-03-30,335.0,CE,ITC26MAR335CE,6.25,8.85,6.1,8.7,8.65,5.9,332.45,8.7,785600,377600,1520,834169120.0,1153,F1,1600,,,,,
2026-02-18,2026-02-18,FO,NSE,STO,129547,,ITC,,2026-03-30,2026-03-30,331.0,CE,ITC26MAR331CE,9.85,10.9,8.9,10.7,10.7,7.3,332.45,10.7,68800,65600,176,96091440.0,151,F1,1600,,,,,
2026-02-18,2026-02-18,FO,NSE,STO,50152,,ITC,,2026-03-30,2026-03-30,302.5,CE,ITC26MAR302.5CE,0.0,0.0,0.0,19.7,0.0,19.7,332.45,32.45,0,0,0,0.0,0,F1,1600,,,,,
2026-02-18,2026-02-18,FO,NSE,STO,129535,,ITC,,2026-03-30,2026-03-30,301.0,CE,ITC26MAR301CE,0.0,0.0,0.0,22.0,22.0,22.0,332.45,33.8,1600,0,0,0.0,0,F1,1600,,,,,
2026-02-18,2026-02-18,FO,NSE,STO,129516,,ITC,,2026-03-30,2026-03-30,291.0,CE,ITC26MAR291CE,0.0,0.0,0.0,27.7,0.0,27.7,332.45,43.35,0,0,0,0.0,0,F1,1600,,,,,
2026-02-18,2026-02-18,FO,NSE,STO,119218,,ITC,,2026-02-24,2026-02-24,351.0,CE,ITC26FEB351CE,0.35,0.55,0.35,0.5,0.5,0.35,332.45,0.5,584000,-24000,1075,604501360.0,570,F1,1600,,,,,
2026-02-18,2026-02-18,FO,NSE,STO,108052,,ITC,,2026-02-24,2026-02-24,353.5,CE,ITC26FEB353.5CE,0.3,0.45,0.25,0.4,0.4,0.3,332.45,0.4,9657600,-617600,7648,4330218240.0,1482,F1,1600,,,,,
2026-02-18,2026-02-18,FO,NSE,STO,49898,,ITC,,2026-02-24,2026-02-24,307.5,PE,ITC26FEB307.5PE,0.3,0.35,0.1,0.1,0.15,0.4,332.45,0.1,403200,17600,332,163454720.0,201,F1,1600,,,,,
2026-02-18,2026-02-18,FO,NSE,STO,107860,,ITC,,2026-02-24,2026-02-24,323.5,PE,ITC26FEB323.5PE,2.5,2.5,0.5,0.6,0.6,2.55,332.45,0.6,2448000,-377600,6582,3419614080.0,3630,F1,1600,,,,,
2026-02-18,2026-02-18,FO,NSE,STO,108192,,ITC,,2026-02-24,2026-02-24,398.5,PE,ITC26FEB398.5PE,68.0,68.0,68.0,68.0,68.0,76.0,332.45,65.7,25600,-3200,2,1492800.0,1,F1,1600,,,,,
2026-02-18,2026-02-18,FO,NSE,STO,50105,,ITC,,2026-03-30,2026-03-30,250.0,PE,ITC26MAR250PE,0.0,0.0,0.0,0.05,0.0,0.05,332.45,0.05,0,0,0,0.0,0,F1,1600,,,,,
2026-02-18,2026-02-18,FO,NSE,STO,50403,,ITC,,2026-04-28,2026-04-28,305.0,CE,ITC26APR305CE,0.0,0.0,0.0,21.55,0.0,21.55,332.45,32.6,0,0,0,0.0,0,F1,1600,,,,,
2026-02-18,2026-02-18,FO,NSE,STO,50228,,ITC,,2026-03-30,2026-03-30,380.0,CE,ITC26MAR380CE,1.0,1.05,0.85,1.0,0.95,0.8,332.45,1.0,361600,294400,284,173116400.0,191,F1,1600,,,,,
2026-02-18,2026-02-18,FO,NSE,STO,50143,,ITC,,2026-03-30,2026-03-30,295.0,CE,ITC26MAR295CE,0.0,0.0,0.0,25.1,0.0,25.1,332.45,39.5,0,0,0,0.0,0,F1,1600,,,,,
2026-02-18,2026-02-18,FO,NSE,STO,119494,,ITC,,2026-03-30,2026-03-30,283.5,CE,ITC26MAR283.5CE,0.0,0.0,0.0,46.0,46.0,46.0,332.45,50.7,8000,0,0,0.0,0,F1,1600,,,,,
2026-02-18,2026-02-18,FO,NSE,STO,108195,,ITC,,2026-02-24,2026-02-24,408.5,CE,ITC26FEB408.5CE,0.05,0.05,0.05,0.05,0.05,0.05,332.45,0.05,30400,16000,10,6536800.0,1,F1,1600,,,,,
2026-02-18,2026-02-18,FO,NSE,STO,119295,,ITC,,2026-02-24,2026-02-24,391.0,CE,ITC26FEB391CE,0.1,0.1,0.1,0.1,0.1,0.1,332.45,0.05,41600,1600,1,625760.0,1,F1,1600,,,,,
2026-02-18,2026-02-18,FO,NSE,STO,108176,,ITC,,2026-02-24,2026-02-24,388.5,CE,ITC26FEB388.5CE,0.0,0.0,0.0,0.1,0.1,0.1,332.45,0.05,52800,0,0,0.0,0,F1,1600,,,,,
2026-02-18,2026-02-18,FO,NSE,STO,49982,,ITC,,2026-02-24,2026-02-24,385.0,CE,ITC26FEB385CE,0.1,0.1,0.1,0.1,0.1,0.1,332.45,0.1,0,-16000,10,6161600.0,1,F1,1600,,,,,
2026-02-18,2026-02-18,FO,NSE,STO,119289,,ITC,,2026-02-24,2026-02-24,376.0,CE,ITC26FEB376CE,0.1,0.1,0.1,0.1,0.1,0.1,332.45,0.05,288000,3200,17,10229920.0,7,F1,1600,,,,,
2026-02-18,2026-02-18,FO,NSE,STO,108123,,ITC,,2026-02-24,2026-02-24,373.5,CE,ITC26FEB373.5CE,0.1,0.2,0.1,0.1,0.1,0.15,332.45,0.1,3364800,-249600,481,287553600.0,133,F1,1600,,,,,
2026-02-18,2026-02-18,FO,NSE,STO,37750,,ITC,,2026-02-24,2026-02-24,296.0,PE,ITC26FEB296PE,0.25,0.25,0.1,0.1,0.1,0.25,332.45,0.1,2184000,67200,204,96666720.0,75,F1,1600,,,,,
2026-02-18,2026-02-18,FO,NSE,STO,37740,,ITC,,2026-02-24,2026-02-24,286.0,PE,ITC26FEB286PE,0.15,0.15,0.05,0.05,0.05,0.2,332.45,0.05,459200,-6400,12,5493040.0,11,F1,1600,,,,,
2026-02-18,2026-02-18,FO,NSE,STO,119155,,ITC,,2026-02-24,2026-02-24,258.5,PE,ITC26FEB258.5PE,0.05,0.05,0.05,0.05,0.05,0.05,332.45,0.05,848000,-4800,3,1241040.0,3,F1,1600,,,,,
2026-02-18,2026-02-18,FO,NSE,STO,50423,,ITC,,2026-04-28,2026-04-28,335.0,CE,ITC26APR335CE,0.0,0.0,0.0,7.85,0.0,7.85,332.45,12.3,0,0,0,0.0,0,F1,1600,,,,,
2026-02-18,2026-02-18,FO,NSE,STO,119490,,ITC,,2026-03-30,2026-03-30,263.5,PE,ITC26MAR263.5PE,0.3,0.4,0.3,0.4,0.4,0.45,332.45,0.05,142400,-4800,7,2955280.0,7,F1,1600,,,,,
2026-02-18,2026-02-18,FO,NSE,STO,50138,,ITC,,2026-03-30,2026-03-30,287.5,PE,ITC26MAR287.5PE,0.0,0.0,0.0,2.05,0.0,2.05,332.45,0.1,0,0,0,0.0,0,F1,1600,,,,,
2026-02-18,2026-02-18,FO,NSE,STO,119505,,ITC,,2026-03-30,2026-03-30,318.5,PE,ITC26MAR318.5PE,4.55,4.55,3.2,3.3,3.25,5.2,332.45,3.3,192000,27200,70,36114560.0,51,F1,1600,,,,,
2026-02-18,2026-02-18,FO,NSE,STO,50202,,ITC,,2026-03-30,2026-03-30,347.5,PE,ITC26MAR347.5PE,0.0,0.0,0.0,32.9,0.0,32.9,332.45,17.1,0,0,0,0.0,0,F1,1600,,,,,
2026-02-18,2026-02-18,FO,NSE,STO,129815,,ITC,,2026-04-28,2026-04-28,353.5,PE,ITC26APR353.5PE,0.0,0.0,0.0,39.7,0.0,39.7,332.45,22.8,0,0,0,0.0,0,F1,1600,,,,,
2026-02-18,2026-02-18,FO,NSE,STO,50452,,ITC,,2026-04-28,2026-04-28,360.0,PE,ITC26APR360PE,0.0,0.0,0.0,43.7,0.0,43.7,332.45,27.7,0,0,0,0.0,0,F1,1600,,,,,
2026-02-18,2026-02-18,FO,NSE,STO,50415,,ITC,,2026-04-28,2026-04-28,330.0,CE,ITC26APR330CE,0.0,0.0,0.0,9.5,0.0,9.5,332.45,14.9,0,0,0,0.0,0,F1,1600,,,,,
2026-02-18,2026-02-18,FO,NSE,STO,49867,,ITC,,2026-02-24,2026-02-24,270.0,CE,ITC26FEB270CE,0.0,0.0,0.0,44.75,0.0,44.75,332.45,62.7,0,0,0,0.0,0,F1,1600,,,,,
2026-02-18,2026-02-18,FO,NSE,STO,49899,,ITC,,2026-02-24,2026-02-24,310.0,CE,ITC26FEB310CE,15.5,22.15,15.5,21.95,22.05,15.3,332.45,21.95,883200,-62400,124,65378720.0,110,F1,1600,,,,,
2026-02-18,2026-02-18,FO,NSE,STO,107859,,ITC,,2026-02-24,2026-02-24,323.5,CE,ITC26FEB323.5CE,3.9,9.15,3.9,8.85,8.9,4.0,332.45,8.85,9627200,-2233600,3804,2008803520.0,3176,F1,1600,,,,,
2026-02-18,2026-02-18,FO,NSE,STO,49929,,ITC,,2026-02-24,2026-02-24,340.0,CE,ITC26FEB340CE,1.0,1.45,0.65,1.35,1.4,0.65,332.45,1.35,6355200,958400,22687,12382781840.0,8418,F1,1600,,,,,
2026-02-18,2026-02-18,FO,NSE,STO,50392,,ITC,,2026-04-28,2026-04-28,285.0,PE,ITC26APR285PE,0.0,0.0,0.0,2.95,0.0,2.95,332.45,0.35,0,0,0,0.0,0,F1,1600,,,,,
2026-02-18,2026-02-18,FO,NSE,STO,129747,,ITC,,2026-04-28,2026-04-28,293.5,PE,ITC26APR293.5PE,0.0,0.0,0.0,15.0,15.0,15.0,332.45,0.8,1600,0,0,0.0,0,F1,1600,,,,,
2026-02-18,2026-02-18,FO,NSE,STO,129797,,ITC,,2026-04-28,2026-04-28,318.5,PE,ITC26APR318.5PE,0.0,0.0,0.0,15.55,0.0,15.55,332.45,4.9,0,0,0,0.0,0,F1,1600,,,,,
2026-02-18,2026-02-18,FO,NSE,STO,119501,,ITC,,2026-03-30,2026-03-30,308.5,PE,ITC26MAR308.5PE,2.45,2.5,1.85,1.85,1.85,2.85,332.45,1.85,81600,-24000,47,23366640.0,41,F1,1600,,,,,
2026-02-18,2026-02-18,FO,NSE,STO,118967,,ITC,,2026-02-24,2026-02-24,248.5,CE,ITC26FEB248.5CE,0.0,0.0,0.0,148.0,0.0,148.0,332.45,84.15,0,0,0,0.0,0,F1,1600,,,,,
2026-02-18,2026-02-18,FO,NSE,STO,49839,,ITC,,2026-02-24,2026-02-24,250.0,CE,ITC26FEB250CE,0.0,0.0,0.0,64.7,0.0,64.7,332.45,82.7,0,0,0,0.0,0,F1,1600,,,,,
2026-02-18,2026-02-18,FO,NSE,STO,37733,,ITC,,2026-02-24,2026-02-24,276.0,CE,ITC26FEB276CE,0.0,0.0,0.0,83.9,0.0,83.9,332.45,56.7,0,0,0,0.0,0,F1,1600,,,,,
2026-02-18,2026-02-18,FO,NSE,STO,119191,,ITC,,2026-02-24,2026-02-24,306.0,CE,ITC26FEB306CE,21.8,25.9,21.15,25.85,25.9,19.25,332.45,25.85,436800,-32000,21,11099280.0,21,F1,1600,,,,,
2026-02-18,2026-02-18,FO,NSE,STO,49897,,ITC,,2026-02-24,2026-02-24,307.5,CE,ITC26FEB307.5CE,21.1,22.25,21.1,22.25,22.25,11.3,332.45,25.25,88000,-1600,3,1579760.0,3,F1,1600,,,,,
2026-02-18,2026-02-18,FO,NSE,STO,49901,,ITC,,2026-02-24,2026-02-24,312.5,CE,ITC26FEB312.5CE,17.9,19.25,17.15,19.25,19.25,12.9,332.45,19.25,472000,-3200,8,4234720.0,6,F1,1600,,,,,
2026-02-18,2026-02-18,FO,NSE,STO,49934,,ITC,,2026-02-24,2026-02-24,342.5,CE,ITC26FEB342.5CE,0.7,1.15,0.6,1.05,1.1,0.55,332.45,1.05,1404800,912000,1686,926450320.0,1205,F1,1600,,,,,
2026-02-18,2026-02-18,FO,NSE,STO,108131,,ITC,,2026-02-24,2026-02-24,378.5,CE,ITC26FEB378.5CE,0.1,0.15,0.05,0.05,0.05,0.1,332.45,0.05,473600,153600,237,143567760.0,49,F1,1600,,,,,
2026-02-18,2026-02-18,FO,NSE,STO,108193,,ITC,,2026-02-24,2026-02-24,403.5,CE,ITC26FEB403.5CE,0.05,0.1,0.05,0.05,0.05,0.05,332.45,0.05,756800,-332800,382,246650400.0,43,F1,1600,,,,,
2026-02-18,2026-02-18,FO,NSE,STO,129512,,ITC,,2026-03-30,2026-03-30,281.0,CE,ITC26MAR281CE,0.0,0.0,0.0,35.85,0.0,35.85,332.45,53.15,0,0,0,0.0,0,F1,1600,,,,,
2026-02-18,2026-02-18,FO,NSE,STO,50137,,ITC,,2026-03-30,2026-03-30,287.5,CE,ITC26MAR287.5CE,0.0,0.0,0.0,31.1,0.0,31.1,332.45,46.75,0,0,0,0.0,0,F1,1600,,,,,
2026-02-18,2026-02-18,FO,NSE,STO,37775,,ITC,,2026-03-30,2026-03-30,288.5,CE,ITC26MAR288.5CE,0.0,0.0,0.0,73.45,0.0,73.45,332.45,45.8,0,0,0,0.0,0,F1,1600,,,,,
2026-02-18,2026-02-18,FO,NSE,STO,50156,,ITC,,2026-03-30,2026-03-30,307.5,CE,ITC26MAR307.5CE,0.0,0.0,0.0,16.55,0.0,16.55,332.45,27.95,0,0,0,0.0,0,F1,1600,,,,,
2026-02-18,2026-02-18,FO,NSE,STO,129539,,ITC,,2026-03-30,2026-03-30,311.0,CE,ITC26MAR311CE,0.0,0.0,0.0,20.25,20.25,20.25,332.45,24.9,16000,0,0,0.0,0,F1,1600,,,,,
2026-02-18,2026-02-18,FO,NSE,STO,50160,,ITC,,2026-03-30,2026-03-30,312.5,CE,ITC26MAR312.5CE,0.0,0.0,0.0,13.65,0.0,13.65,332.45,23.65,0,0,0,0.0,0,F1,1600,,,,,
2026-02-18,2026-02-18,FO,NSE,STO,119552,,ITC,,2026-03-30,2026-03-30,363.5,CE,ITC26MAR363.5CE,1.85,2.1,1.8,2.0,2.0,1.45,332.45,2.0,529600,-46400,133,77780160.0,111,F1,1600,,,,,
2026-02-18,2026-02-18,FO,NSE,STO,50217,,ITC,,2026-03-30,2026-03-30,367.5,CE,ITC26MAR367.5CE,0.0,0.0,0.0,0.7,0.0,0.7,332.45,0.9,0,0,0,0.0,0,F1,1600,,,,,
2026-02-18,2026-02-18,FO,NSE,STO,50219,,ITC,,2026-03-30,2026-03-30,370.0,CE,ITC26MAR370CE,1.2,1.6,1.2,1.55,1.55,1.15,332.45,1.55,539200,336000,738,438670480.0,411,F1,1600,,,,,
2026-02-18,2026-02-18,FO,NSE,STO,119576,,ITC,,2026-03-30,2026-03-30,413.5,CE,ITC26MAR413.5CE,0.35,0.45,0.35,0.4,0.35,0.35,332.45,0.4,132800,12800,34,22514720.0,26,F1,1600,,,,,
2026-02-18,2026-02-18,FO,NSE,STO,129730,,ITC,,2026-04-28,2026-04-28,253.5,CE,ITC26APR253.5CE,0.0,0.0,0.0,63.05,0.0,63.05,332.45,81.6,0,0,0,0.0,0,F1,1600,,,,,
2026-02-18,2026-02-18,FO,NSE,STO,129734,,ITC,,2026-04-28,2026-04-28,263.5,CE,ITC26APR263.5CE,0.0,0.0,0.0,53.7,0.0,53.7,332.45,71.7,0,0,0,0.0,0,F1,1600,,,,,
2026-02-18,2026-02-18,FO,NSE,STO,129742,,ITC,,2026-04-28,2026-04-28,283.5,CE,ITC26APR283.5CE,0.0,0.0,0.0,36.4,0.0,36.4,332.45,52.2,0,0,0,0.0,0,F1,1600,,,,,
2026-02-18,2026-02-18,FO,NSE,STO,129814,,ITC,,2026-04-28,2026-04-28,353.5,CE,ITC26APR353.5CE,5.0,7.55,5.0,5.15,5.15,4.7,332.45,5.4,30400,0,6,3449120.0,6,F1,1600,,,,,
2026-02-18,2026-02-18,FO,NSE,STO,37734,,ITC,,2026-02-24,2026-02-24,276.0,PE,ITC26FEB276PE,0.05,0.05,0.05,0.05,0.05,0.1,332.45,0.05,110400,-20800,26,11483680.0,14,F1,1600,,,,,
2026-02-18,2026-02-18,FO,NSE,STO,49882,,ITC,,2026-02-24,2026-02-24,287.5,PE,ITC26FEB287.5PE,0.15,0.15,0.15,0.15,0.15,0.3,332.45,0.05,80000,-12800,16,7363840.0,3,F1,1600,,,,,
2026-02-18,2026-02-18,FO,NSE,STO,49904,,ITC,,2026-02-24,2026-02-24,315.0,PE,ITC26FEB315PE,0.6,0.6,0.15,0.2,0.15,0.65,332.45,0.2,4260800,251200,5026,2535709920.0,1468,F1,1600,,,,,
2026-02-18,2026-02-18,FO,NSE,STO,119213,,ITC,,2026-02-24,2026-02-24,336.0,PE,ITC26FEB336PE,9.9,10.15,6.1,6.15,6.1,11.85,332.45,6.15,152000,56000,87,47780560.0,81,F1,1600,,,,,
2026-02-18,2026-02-18,FO,NSE,STO,49935,,ITC,,2026-02-24,2026-02-24,342.5,PE,ITC26FEB342.5PE,0.0,0.0,0.0,28.1,0.0,28.1,332.45,10.35,0,0,0,0.0,0,F1,1600,,,,,
2026-02-18,2026-02-18,FO,NSE,STO,49958,,ITC,,2026-02-24,2026-02-24,360.0,PE,ITC26FEB360PE,0.0,0.0,0.0,36.0,36.0,36.0,332.45,27.25,28800,0,0,0.0,0,F1,1600,,,,,
2026-02-18,2026-02-18,FO,NSE,STO,108113,,ITC,,2026-02-24,2026-02-24,363.5,PE,ITC26FEB363.5PE,36.85,36.9,31.55,31.7,31.55,38.9,332.45,31.7,1268800,-164800,144,91546080.0,127,F1,1600,,,,,
2026-02-18,2026-02-18,FO,NSE,STO,108194,,ITC,,2026-02-24,2026-02-24,403.5,PE,ITC26FEB403.5PE,74.0,74.5,72.75,72.75,72.75,79.0,332.45,70.7,318400,-19200,12,9164720.0,8,F1,1600,,,,,
2026-02-18,2026-02-18,FO,NSE,STO,108204,,ITC,,2026-02-24,2026-02-24,428.5,PE,ITC26FEB428.5PE,0.0,0.0,0.0,110.0,110.0,110.0,332.45,95.65,27200,0,0,0.0,0,F1,1600,,,,,
2026-02-18,2026-02-18,FO,NSE,STO,37772,,ITC,,2026-03-30,2026-03-30,268.5,PE,ITC26MAR268.5PE,0.0,0.0,0.0,0.8,0.8,0.8,332.45,0.05,24000,0,0,0.0,0,F1,1600,,,,,
2026-02-18,2026-02-18,FO,NSE,STO,50136,,ITC,,2026-03-30,2026-03-30,285.0,PE,ITC26MAR285PE,0.85,0.85,0.6,0.6,0.6,0.9,332.45,0.05,131200,41600,61,27885920.0,49,F1,1600,,,,,
2026-02-18,2026-02-18,FO,NSE,STO,50142,,ITC,,2026-03-30,2026-03-30,292.5,PE,ITC26MAR292.5PE,1.0,1.0,1.0,1.0,1.0,1.25,332.45,0.2,68800,3200,5,2348000.0,3,F1,1600,,,,,
2026-02-18,2026-02-18,FO,NSE,STO,50153,,ITC,,2026-03-30,2026-03-30,302.5,PE,ITC26MAR302.5PE,1.6,1.6,1.55,1.55,1.55,2.15,332.45,0.65,56000,6400,5,2432640.0,4,F1,1600,,,,,
2026-02-18,2026-02-18,FO,NSE,STO,119499,,ITC,,2026-03-30,2026-03-30,303.5,PE,ITC26MAR303.5PE,1.85,1.85,1.45,1.45,1.45,2.05,332.45,0.75,476800,33600,42,20513280.0,38,F1,1600,,,,,
2026-02-18,2026-02-18,FO,NSE,STO,129739,,ITC,,2026-04-28,2026-04-28,273.5,PE,ITC26APR273.5PE,0.0,0.0,0.0,1.8,0.0,1.8,332.45,0.1,0,0,0,0.0,0,F1,1600,,,,,
2026-02-18,2026-02-18,FO,NSE,STO,50144,,ITC,,2026-03-30,2026-03-30,295.0,PE,ITC26MAR295PE,1.2,1.2,0.9,0.95,0.95,1.4,332.45,0.25,236800,9600,161,76277280.0,103,F1,1600,,,,,
2026-02-18,2026-02-18,FO,NSE,STO,37776,,ITC,,2026-03-30,2026-03-30,288.5,PE,ITC26MAR288.5PE,0.9,0.95,0.75,0.75,0.75,1.0,332.45,0.75,132800,0,13,6018560.0,11,F1,1600,,,,,
2026-02-18,2026-02-18,FO,NSE,STO,107853,,ITC,,2026-02-24,2026-02-24,313.5,CE,ITC26FEB313.5CE,13.0,18.65,13.0,18.4,18.65,12.0,332.45,18.4,5432000,-651200,958,504682000.0,579,F1,1600,,,,,
2026-02-18,2026-02-18,FO,NSE,STO,119210,,ITC,,2026-02-24,2026-02-24,331.0,CE,ITC26FEB331CE,1.8,3.8,1.5,3.55,3.65,1.45,332.45,3.55,1659200,612800,18375,9819604080.0,11122,F1,1600,,,,,
2026-02-18,2026-02-18,FO,NSE,STO,49927,,ITC,,2026-02-24,2026-02-24,337.5,CE,ITC26FEB337.5CE,0.85,1.85,0.85,1.7,1.8,0.75,332.45,1.7,796800,222400,2523,1368381040.0,1742,F1,1600,,,,,
2026-02-18,2026-02-18,FO,NSE,STO,49939,,ITC,,2026-02-24,2026-02-24,345.0,CE,ITC26FEB345CE,0.45,0.9,0.45,0.8,0.85,0.45,332.45,0.8,3448000,1852800,8510,4707482000.0,2782,F1,1600,,,,,
2026-02-18,2026-02-18,FO,NSE,STO,49974,,ITC,,2026-02-24,2026-02-24,375.0,CE,ITC26FEB375CE,0.1,0.15,0.05,0.15,0.1,0.1,332.45,0.15,64000,-22400,24,14403760.0,22,F1,1600,,,,,
2026-02-18,2026-02-18,FO,NSE,STO,119487,,ITC,,2026-03-30,2026-03-30,253.5,CE,ITC26MAR253.5CE,0.0,0.0,0.0,144.45,0.0,144.45,332.45,80.45,0,0,0,0.0,0,F1,1600,,,,,
2026-02-18,2026-02-18,FO,NSE,STO,50108,,ITC,,2026-03-30,2026-03-30,255.0,CE,ITC26MAR255CE,0.0,0.0,0.0,61.35,0.0,61.35,332.45,79.0,0,0,0,0.0,0,F1,1600,,,,,
2026-02-18,2026-02-18,FO,NSE,STO,50117,,ITC,,2026-03-30,2026-03-30,265.0,CE,ITC26MAR265CE,0.0,0.0,0.0,51.6,0.0,51.6,332.45,69.05,0,0,0,0.0,0,F1,1600,,,,,
2026-02-18,2026-02-18,FO,NSE,STO,119492,,ITC,,2026-03-30,2026-03-30,273.5,CE,ITC26MAR273.5CE,58.45,58.45,58.45,58.45,58.45,124.75,332.45,60.6,1600,1600,1,531120.0,1,F1,1600,,,,,
2026-02-18,2026-02-18,FO,NSE,STO,119496,,ITC,,2026-03-30,2026-03-30,293.5,CE,ITC26MAR293.5CE,39.5,40.4,39.5,40.4,40.4,35.0,332.45,40.95,131200,-12800,8,4263840.0,4,F1,1600,,,,,
2026-02-18,2026-02-18,FO,NSE,STO,129541,,ITC,,2026-03-30,2026-03-30,316.0,CE,ITC26MAR316CE,17.5,21.2,17.45,21.05,20.95,15.5,332.45,21.05,83200,-6400,12,6444160.0,12,F1,1600,,,,,
2026-02-18,2026-02-18,FO,NSE,STO,50177,,ITC,,2026-03-30,2026-03-30,325.0,CE,ITC26MAR325CE,11.0,14.55,10.4,14.15,14.3,10.0,332.45,14.15,1016000,145600,785,424120320.0,587,F1,1600,,,,,
2026-02-18,2026-02-18,FO,NSE,STO,50442,,ITC,,2026-04-28,2026-04-28,355.0,PE,ITC26APR355PE,0.0,0.0,0.0,39.45,0.0,39.45,332.45,23.9,0,0,0,0.0,0,F1,1600,,,,,
2026-02-18,2026-02-18,FO,NSE,STO,129698,,ITC,,2026-04-28,2026-04-28,243.5,CE,ITC26APR243.5CE,0.0,0.0,0.0,72.65,0.0,72.65,332.45,91.45,0,0,0,0.0,0,F1,1600,,,,,
2026-02-18,2026-02-18,FO,NSE,STO,129744,,ITC,,2026-04-28,2026-04-28,288.5,CE,ITC26APR288.5CE,0.0,0.0,0.0,32.5,0.0,32.5,332.45,47.45,0,0,0,0.0,0,F1,1600,,,,,
2026-02-18,2026-02-18,FO,NSE,STO,50401,,ITC,,2026-04-28,2026-04-28,300.0,CE,ITC26APR300CE,0.0,0.0,0.0,24.75,0.0,24.75,332.45,36.95,0,0,0,0.0,0,F1,1600,,,,,
2026-02-18,2026-02-18,FO,NSE,STO,119193,,ITC,,2026-02-24,2026-02-24,311.0,CE,ITC26FEB311CE,16.2,21.15,16.2,21.05,21.15,14.3,332.45,21.05,416000,-60800,50,26407920.0,46,F1,1600,,,,,
2026-02-18,2026-02-18,FO,NSE,STO,49895,,ITC,,2026-02-24,2026-02-24,305.0,CE,ITC26FEB305CE,23.0,23.0,23.0,23.0,23.0,19.35,332.45,27.75,80000,0,1,524800.0,1,F1,1600,,,,,
2026-02-18,2026-02-18,FO,NSE,STO,37755,,ITC,,2026-02-24,2026-02-24,301.0,CE,ITC26FEB301CE,28.0,30.2,27.9,30.2,30.2,23.85,332.45,31.7,267200,-4800,16,8439600.0,12,F1,1600,,,,,
2026-02-18,2026-02-18,FO,NSE,STO,50440,,ITC,,2026-04-28,2026-04-28,350.0,PE,ITC26APR350PE,0.0,0.0,0.0,35.4,0.0,35.4,332.45,20.3,0,0,0,0.0,0,F1,1600,,,,,
2026-02-18,2026-02-18,FO,NSE,STO,129807,,ITC,,2026-04-28,2026-04-28,333.5,PE,ITC26APR333.5PE,0.0,0.0,0.0,20.0,20.0,20.0,332.45,10.65,3200,0,0,0.0,0,F1,1600,,,,,
2026-02-18,2026-02-18,FO,NSE,STO,50414,,ITC,,2026-04-28,2026-04-28,325.0,PE,ITC26APR325PE,0.0,0.0,0.0,17.85,0.0,17.85,332.45,7.05,0,0,0,0.0,0,F1,1600,,,,,
2026-02-18,2026-02-18,FO,NSE,STO,129799,,ITC,,2026-04-28,2026-04-28,323.5,PE,ITC26APR323.5PE,0.0,0.0,0.0,18.3,0.0,18.3,332.45,6.5,0,0,0,0.0,0,F1,1600,,,,,
2026-02-18,2026-02-18,FO,NSE,STO,50224,,ITC,,2026-03-30,2026-03-30,375.0,PE,ITC26MAR375PE,43.75,46.0,41.6,41.6,41.6,48.5,332.45,41.6,116800,104000,65,43580640.0,29,F1,1600,,,,,
2026-02-18,2026-02-18,FO,NSE,STO,119551,,ITC,,2026-03-30,2026-03-30,358.5,PE,ITC26MAR358.5PE,26.5,27.0,26.15,27.0,27.0,35.0,332.45,25.75,46400,16000,10,6159520.0,7,F1,1600,,,,,
2026-02-18,2026-02-18,FO,NSE,STO,50161,,ITC,,2026-03-30,2026-03-30,312.5,PE,ITC26MAR312.5PE,3.05,3.15,2.25,2.3,2.25,3.65,332.45,2.3,64000,-8000,68,34296000.0,46,F1,1600,,,,,
2026-02-18,2026-02-18,FO,NSE,STO,129538,,ITC,,2026-03-30,2026-03-30,306.0,PE,ITC26MAR306PE,1.35,2.2,1.35,1.65,1.65,2.4,332.45,1.65,86400,30400,83,40905920.0,56,F1,1600,,,,,
2026-02-18,2026-02-18,FO,NSE,STO,49891,,ITC,,2026-02-24,2026-02-24,300.0,CE,ITC26FEB300CE,27.7,32.15,27.2,31.85,32.15,25.1,332.45,31.85,568000,-400000,580,305410000.0,248,F1,1600,,,,,
2026-02-18,2026-02-18,FO,NSE,STO,49881,,ITC,,2026-02-24,2026-02-24,287.5,CE,ITC26FEB287.5CE,0.0,0.0,0.0,27.65,0.0,27.65,332.45,45.2,0,0,0,0.0,0,F1,1600,,,,,
2026-02-18,2026-02-18,FO,NSE,STF,51939,,ITC,,2026-03-30,2026-03-30,,,ITC26MARFUT,327.85,334.4,327.0,334.1,334.05,327.15,332.45,334.1,41280000,10972800,13653,7253360800.0,10517,F1,1600,,,,,
2026-02-18,2026-02-18,FO,NSE,STO,50155,,ITC,,2026-03-30,2026-03-30,305.0,PE,ITC26MAR305PE,2.05,2.05,1.5,1.55,1.5,2.3,332.45,1.55,145600,-36800,124,60862640.0,97,F1,1600,,,,,
2026-02-18,2026-02-18,FO,NSE,STO,129536,,ITC,,2026-03-30,2026-03-30,301.0,PE,ITC26MAR301PE,1.65,1.65,1.35,1.35,1.35,1.8,332.45,0.55,102400,12800,28,13552400.0,21,F1,1600,,,,,
2026-02-18,2026-02-18,FO,NSE,STO,37782,,ITC,,2026-03-30,2026-03-30,298.5,PE,ITC26MAR298.5PE,1.1,1.45,1.1,1.1,1.1,1.65,332.45,1.1,137600,-1600,13,6236320.0,12,F1,1600,,,,,
2026-02-18,2026-02-18,FO,NSE,STO,129810,,ITC,,2026-04-28,2026-04-28,343.5,CE,ITC26APR343.5CE,8.0,9.1,8.0,9.1,9.1,8.0,332.45,8.6,60800,-9600,14,7891440.0,14,F1,1600,,,,,
2026-02-18,2026-02-18,FO,NSE,STO,50441,,ITC,,2026-04-28,2026-04-28,355.0,CE,ITC26APR355CE,0.0,0.0,0.0,3.4,0.0,3.4,332.45,5.0,0,0,0,0.0,0,F1,1600,,,,,
2026-02-18,2026-02-18,FO,NSE,STO,49864,,ITC,,2026-02-24,2026-02-24,265.0,PE,ITC26FEB265PE,0.0,0.0,0.0,0.05,0.0,0.05,332.45,0.05,0,0,0,0.0,0,F1,1600,,,,,
2026-02-18,2026-02-18,FO,NSE,STO,49900,,ITC,,2026-02-24,2026-02-24,310.0,PE,ITC26FEB310PE,0.35,0.4,0.1,0.15,0.1,0.45,332.45,0.15,2182400,-328000,3188,1582457360.0,1095,F1,1600,,,,,
2026-02-18,2026-02-18,FO,NSE,STO,49910,,ITC,,2026-02-24,2026-02-24,322.5,PE,ITC26FEB322.5PE,1.8,1.95,0.45,0.5,0.45,2.15,332.45,0.5,1678400,329600,5341,2764408160.0,2539,F1,1600,,,,,
2026-02-18,2026-02-18,FO,NSE,STO,107910,,ITC,,2026-02-24,2026-02-24,338.5,PE,ITC26FEB338.5PE,12.5,12.5,7.95,8.15,7.95,14.15,332.45,8.15,387200,-20800,192,106990640.0,187,F1,1600,,,,,
2026-02-18,2026-02-18,FO,NSE,STO,108051,,ITC,,2026-02-24,2026-02-24,348.5,PE,ITC26FEB348.5PE,20.0,20.9,17.75,17.75,17.75,23.1,332.45,15.9,212800,-14400,12,7056320.0,11,F1,1600,,,,,
2026-02-18,2026-02-18,FO,NSE,STO,49954,,ITC,,2026-02-24,2026-02-24,355.0,PE,ITC26FEB355PE,0.0,0.0,0.0,40.1,0.0,40.1,332.45,22.25,0,0,0,0.0,0,F1,1600,,,,,
2026-02-18,2026-02-18,FO,NSE,STO,49960,,ITC,,2026-02-24,2026-02-24,362.5,PE,ITC26FEB362.5PE,31.0,31.0,31.0,31.0,31.0,39.5,332.45,29.7,1600,0,1,629600.0,1,F1,1600,,,,,
2026-02-18,2026-02-18,FO,NSE,STO,49975,,ITC,,2026-02-24,2026-02-24,375.0,PE,ITC26FEB375PE,0.0,0.0,0.0,59.95,0.0,59.95,332.45,42.2,0,0,0,0.0,0,F1,1600,,,,,
2026-02-18,2026-02-18,FO,NSE,STO,108178,,ITC,,2026-02-24,2026-02-24,388.5,PE,ITC26FEB388.5PE,60.0,60.7,60.0,60.7,60.7,72.85,332.45,55.7,28800,-3200,2,1436320.0,2,F1,1600,,,,,
2026-02-18,2026-02-18,FO,NSE,STO,108216,,ITC,,2026-02-24,2026-02-24,458.5,PE,ITC26FEB458.5PE,130.0,130.0,130.0,130.0,130.0,141.0,332.45,125.65,4800,0,1,941600.0,1,F1,1600,,,,,
2026-02-18,2026-02-18,FO,NSE,STO,119486,,ITC,,2026-03-30,2026-03-30,243.5,PE,ITC26MAR243.5PE,0.0,0.0,0.0,0.05,0.0,0.05,332.45,0.05,0,0,0,0.0,0,F1,1600,,,,,
2026-02-18,2026-02-18,FO,NSE,STO,119493,,ITC,,2026-03-30,2026-03-30,273.5,PE,ITC26MAR273.5PE,0.95,0.95,0.4,0.4,0.4,0.95,332.45,0.4,228800,-17600,30,13148960.0,16,F1,1600,,,,,
2026-02-18,2026-02-18,FO,NSE,STO,129534,,ITC,,2026-03-30,2026-03-30,296.0,PE,ITC26MAR296PE,0.0,0.0,0.0,1.45,1.45,1.45,332.45,0.3,147200,0,0,0.0,0,F1,1600,,,,,
2026-02-18,2026-02-18,FO,NSE,STO,107911,,ITC,,2026-02-24,2026-02-24,343.5,CE,ITC26FEB343.5CE,0.6,1.05,0.5,0.95,1.0,0.5,332.45,0.95,9054400,550400,9921,5465862800.0,3827,F1,1600,,,,,
2026-02-18,2026-02-18,FO,NSE,STO,49949,,ITC,,2026-02-24,2026-02-24,350.0,CE,ITC26FEB350CE,0.35,0.6,0.35,0.55,0.55,0.35,332.45,0.55,4155200,-608000,14331,8036726880.0,2891,F1,1600,,,,,
2026-02-18,2026-02-18,FO,NSE,STO,108054,,ITC,,2026-02-24,2026-02-24,358.5,CE,ITC26FEB358.5CE,0.2,0.35,0.2,0.3,0.3,0.2,332.45,0.3,1561600,-230400,809,464395440.0,242,F1,1600,,,,,
2026-02-18,2026-02-18,FO,NSE,STO,119293,,ITC,,2026-02-24,2026-02-24,386.0,CE,ITC26FEB386CE,0.0,0.0,0.0,0.1,0.1,0.1,332.45,0.05,51200,0,0,0.0,0,F1,1600,,,,,
2026-02-18,2026-02-18,FO,NSE,STO,50158,,ITC,,2026-03-30,2026-03-30,310.0,CE,ITC26MAR310CE,22.35,25.85,21.9,25.55,25.85,20.35,332.45,25.55,158400,-19200,45,24032320.0,39,F1,1600,,,,,
2026-02-18,2026-02-18,FO,NSE,STO,119502,,ITC,,2026-03-30,2026-03-30,313.5,CE,ITC26MAR313.5CE,20.05,22.8,19.4,22.5,22.5,17.5,332.45,22.85,353600,-27200,89,47710960.0,55,F1,1600,,,,,
2026-02-18,2026-02-18,FO,NSE,STO,50164,,ITC,,2026-03-30,2026-03-30,317.5,CE,ITC26MAR317.5CE,19.3,19.65,19.3,19.65,19.6,15.0,332.45,19.65,30400,-3200,3,1617680.0,3,F1,1600,,,,,
2026-02-18,2026-02-18,FO,NSE,STO,50180,,ITC,,2026-03-30,2026-03-30,327.5,CE,ITC26MAR327.5CE,9.85,12.9,9.85,12.65,12.9,8.9,332.45,12.65,78400,9600,242,131191840.0,167,F1,1600,,,,,
2026-02-18,2026-02-18,FO,NSE,STO,129549,,ITC,,2026-03-30,2026-03-30,336.0,CE,ITC26MAR336CE,7.0,8.3,6.6,8.25,8.25,5.55,332.45,8.25,65600,17600,44,24214560.0,35,F1,1600,,,,,
2026-02-18,2026-02-18,FO,NSE,STO,50203,,ITC,,2026-03-30,2026-03-30,350.0,CE,ITC26MAR350CE,2.85,4.1,2.75,3.9,3.9,2.7,332.45,3.9,3396800,1088000,3994,2260118560.0,2533,F1,1600,,,,,
2026-02-18,2026-02-18,FO,NSE,STO,119550,,ITC,,2026-03-30,2026-03-30,358.5,CE,ITC26MAR358.5CE,2.25,2.65,2.1,2.55,2.55,1.8,332.45,2.55,62400,12800,41,23676960.0,32,F1,1600,,,,,
2026-02-18,2026-02-18,FO,NSE,STO,50211,,ITC,,2026-03-30,2026-03-30,360.0,CE,ITC26MAR360CE,2.0,2.55,1.95,2.35,2.4,1.7,332.45,2.35,988800,168000,1399,810989520.0,894,F1,1600,,,,,
2026-02-18,2026-02-18,FO,NSE,STO,119554,,ITC,,2026-03-30,2026-03-30,368.5,CE,ITC26MAR368.5CE,1.7,1.7,1.4,1.6,1.6,0.5,332.45,1.6,32000,28800,25,14802880.0,23,F1,1600,,,,,
2026-02-18,2026-02-18,FO,NSE,STO,50232,,ITC,,2026-03-30,2026-03-30,385.0,CE,ITC26MAR385CE,0.8,0.85,0.75,0.85,0.8,0.75,332.45,0.85,163200,161600,128,79015040.0,103,F1,1600,,,,,
2026-02-18,2026-02-18,FO,NSE,STO,50405,,ITC,,2026-04-28,2026-04-28,310.0,CE,ITC26APR310CE,0.0,0.0,0.0,18.6,0.0,18.6,332.45,28.55,0,0,0,0.0,0,F1,1600,,,,,
2026-02-18,2026-02-18,FO,NSE,STO,50411,,ITC,,2026-04-28,2026-04-28,320.0,CE,ITC26APR320CE,21.7,22.3,21.05,22.1,22.1,17.7,332.45,21.1,28800,19200,14,7659600.0,14,F1,1600,,,,,
2026-02-18,2026-02-18,FO,NSE,STO,50453,,ITC,,2026-04-28,2026-04-28,365.0,CE,ITC26APR365CE,0.0,0.0,0.0,2.15,0.0,2.15,332.45,2.95,0,0,0,0.0,0,F1,1600,,,,,
2026-02-18,2026-02-18,FO,NSE,STO,119565,,ITC,,2026-03-30,2026-03-30,393.5,PE,ITC26MAR393.5PE,64.0,64.0,58.9,59.0,58.9,65.5,332.45,59.0,512000,158400,123,89487840.0,80,F1,1600,,,,,
2026-02-18,2026-02-18,FO,NSE,STO,50233,,ITC,,2026-03-30,2026-03-30,385.0,PE,ITC26MAR385PE,54.0,54.0,51.0,51.35,51.35,57.55,332.45,51.35,46400,35200,23,16093760.0,18,F1,1600,,,,,
2026-02-18,2026-02-18,FO,NSE,STO,50229,,ITC,,2026-03-30,2026-03-30,380.0,PE,ITC26MAR380PE,52.1,52.3,45.8,45.95,46.0,52.55,332.45,45.95,252800,198400,138,94455600.0,76,F1,1600,,,,,
2026-02-18,2026-02-18,FO,NSE,STO,49845,,ITC,,2026-02-24,2026-02-24,255.0,PE,ITC26FEB255PE,0.05,0.05,0.05,0.05,0.05,0.05,332.45,0.05,1600,1600,1,408080.0,1,F1,1600,,,,,
2026-02-18,2026-02-18,FO,NSE,STO,107762,,ITC,,2026-02-24,2026-02-24,263.5,PE,ITC26FEB263.5PE,0.05,0.05,0.05,0.05,0.05,0.1,332.45,0.05,654400,-284800,226,95299680.0,71,F1,1600,,,,,
2026-02-18,2026-02-18,FO,NSE,STO,49886,,ITC,,2026-02-24,2026-02-24,292.5,PE,ITC26FEB292.5PE,0.25,0.25,0.05,0.1,0.1,0.2,332.45,0.1,40000,-20800,27,12642720.0,19,F1,1600,,,,,
2026-02-18,2026-02-18,FO,NSE,STO,107814,,ITC,,2026-02-24,2026-02-24,303.5,PE,ITC26FEB303.5PE,0.3,0.3,0.1,0.15,0.1,0.35,332.45,0.15,2462400,-896000,1668,810467920.0,421,F1,1600,,,,,
2026-02-18,2026-02-18,FO,NSE,STO,119194,,ITC,,2026-02-24,2026-02-24,311.0,PE,ITC26FEB311PE,0.35,0.35,0.1,0.15,0.1,0.45,332.45,0.15,748800,-16000,509,253465280.0,276,F1,1600,,,,,
2026-02-18,2026-02-18,FO,NSE,STO,49906,,ITC,,2026-02-24,2026-02-24,317.5,PE,ITC26FEB317.5PE,0.75,0.75,0.2,0.25,0.25,0.85,332.45,0.25,1180800,-104000,996,506623280.0,624,F1,1600,,,,,
2026-02-18,2026-02-18,FO,NSE,STO,119201,,ITC,,2026-02-24,2026-02-24,321.0,PE,ITC26FEB321PE,1.55,1.55,0.3,0.4,0.35,1.6,332.45,0.4,1665600,248000,3499,1801286880.0,1725,F1,1600,,,,,
2026-02-18,2026-02-18,FO,NSE,STO,49922,,ITC,,2026-02-24,2026-02-24,330.0,PE,ITC26FEB330PE,6.05,6.15,2.05,2.25,2.2,6.65,332.45,2.25,4649600,3830400,13615,7263633360.0,9430,F1,1600,,,,,
2026-02-18,2026-02-18,FO,NSE,STO,49924,,ITC,,2026-02-24,2026-02-24,332.5,PE,ITC26FEB332.5PE,7.2,7.2,3.5,3.7,3.65,8.8,332.45,3.7,598400,500800,1498,808028480.0,1322,F1,1600,,,,,
2026-02-18,2026-02-18,FO,NSE,STO,49928,,ITC,,2026-02-24,2026-02-24,337.5,PE,ITC26FEB337.5PE,8.15,8.15,7.2,7.35,7.2,20.1,332.45,7.35,60800,35200,32,17663920.0,32,F1,1600,,,,,
2026-02-18,2026-02-18,FO,NSE,STO,108124,,ITC,,2026-02-24,2026-02-24,373.5,PE,ITC26FEB373.5PE,45.0,46.95,41.55,41.8,41.55,48.4,332.45,41.8,740800,-304000,222,148237440.0,148,F1,1600,,,,,
2026-02-18,2026-02-18,FO,NSE,STO,49983,,ITC,,2026-02-24,2026-02-24,385.0,PE,ITC26FEB385PE,0.0,0.0,0.0,69.9,0.0,69.9,332.45,52.2,0,0,0,0.0,0,F1,1600,,,,,
2026-02-18,2026-02-18,FO,NSE,STO,119296,,ITC,,2026-02-24,2026-02-24,391.0,PE,ITC26FEB391PE,0.0,0.0,0.0,71.0,71.0,71.0,332.45,58.2,1600,0,0,0.0,0,F1,1600,,,,,
2026-02-18,2026-02-18,FO,NSE,STO,108208,,ITC,,2026-02-24,2026-02-24,438.5,PE,ITC26FEB438.5PE,0.0,0.0,0.0,79.25,79.5,79.25,332.45,105.65,3200,0,0,0.0,0,F1,1600,,,,,
2026-02-18,2026-02-18,FO,NSE,STO,108210,,ITC,,2026-02-24,2026-02-24,443.5,PE,ITC26FEB443.5PE,113.0,113.0,112.0,112.0,112.0,118.1,332.45,110.65,476800,-3200,2,1779200.0,2,F1,1600,,,,,
2026-02-18,2026-02-18,FO,NSE,STO,50124,,ITC,,2026-03-30,2026-03-30,270.0,PE,ITC26MAR270PE,0.7,0.7,0.5,0.5,0.5,0.75,332.45,0.05,9600,1600,4,1731520.0,3,F1,1600,,,,,
2026-02-18,2026-02-18,FO,NSE,STO,50132,,ITC,,2026-03-30,2026-03-30,280.0,PE,ITC26MAR280PE,0.7,0.8,0.5,0.5,0.5,0.7,332.45,0.5,524800,-62400,263,118082320.0,161,F1,1600,,,,,
2026-02-18,2026-02-18,FO,NSE,STO,50165,,ITC,,2026-03-30,2026-03-30,317.5,PE,ITC26MAR317.5PE,4.4,4.4,3.05,3.15,3.1,4.9,332.45,3.15,152000,44800,97,49836640.0,51,F1,1600,,,,,
2026-02-18,2026-02-18,FO,NSE,STO,50382,,ITC,,2026-04-28,2026-04-28,260.0,PE,ITC26APR260PE,0.0,0.0,0.0,0.5,0.0,0.5,332.45,0.05,0,0,0,0.0,0,F1,1600,,,,,
2026-02-18,2026-02-18,FO,NSE,STO,50412,,ITC,,2026-04-28,2026-04-28,320.0,PE,ITC26APR320PE,0.0,0.0,0.0,15.05,0.0,15.05,332.45,5.35,0,0,0,0.0,0,F1,1600,,,,,
2026-02-18,2026-02-18,FO,NSE,STO,129819,,ITC,,2026-04-28,2026-04-28,363.5,PE,ITC26APR363.5PE,0.0,0.0,0.0,48.15,0.0,48.15,332.45,30.5,0,0,0,0.0,0,F1,1600,,,,,
2026-02-18,2026-02-18,FO,NSE,STO,50210,,ITC,,2026-03-30,2026-03-30,357.5,PE,ITC26MAR357.5PE,0.0,0.0,0.0,41.65,0.0,41.65,332.45,24.95,0,0,0,0.0,0,F1,1600,,,,,
2026-02-18,2026-02-18,FO,NSE,STO,119549,,ITC,,2026-03-30,2026-03-30,353.5,PE,ITC26MAR353.5PE,24.8,25.75,22.25,22.25,22.25,27.65,332.45,22.25,153600,11200,18,10863680.0,17,F1,1600,,,,,
2026-02-18,2026-02-18,FO,NSE,STO,50195,,ITC,,2026-03-30,2026-03-30,340.0,PE,ITC26MAR340PE,15.8,15.8,12.0,12.2,12.0,17.05,332.45,12.2,340800,192000,278,157233680.0,245,F1,1600,,,,,
2026-02-18,2026-02-18,FO,NSE,STO,129544,,ITC,,2026-03-30,2026-03-30,321.0,PE,ITC26MAR321PE,5.5,5.6,3.85,3.95,3.85,6.1,332.45,3.95,136000,112000,116,60458240.0,96,F1,1600,,,,,
2026-02-18,2026-02-18,FO,NSE,STO,37737,,ITC,,2026-02-24,2026-02-24,281.0,CE,ITC26FEB281CE,0.0,0.0,0.0,78.95,0.0,78.95,332.45,51.7,0,0,0,0.0,0,F1,1600,,,,,
2026-02-18,2026-02-18,FO,NSE,STO,37749,,ITC,,2026-02-24,2026-02-24,296.0,CE,ITC26FEB296CE,32.0,36.1,32.0,36.1,36.05,19.1,332.45,36.1,438400,0,6,3174960.0,5,F1,1600,,,,,
2026-02-18,2026-02-18,FO,NSE,STO,119195,,ITC,,2026-02-24,2026-02-24,316.0,CE,ITC26FEB316CE,10.35,16.2,10.0,15.85,16.2,9.5,332.45,15.85,1912000,-57600,221,116378000.0,213,F1,1600,,,,,
2026-02-18,2026-02-18,FO,NSE,STO,49921,,ITC,,2026-02-24,2026-02-24,330.0,CE,ITC26FEB330CE,2.2,4.3,1.7,4.0,4.1,1.6,332.45,4.0,17312000,-678400,77167,41137608480.0,37535,F1,1600,,,,,
2026-02-18,2026-02-18,FO,NSE,STO,107887,,ITC,,2026-02-24,2026-02-24,333.5,CE,ITC26FEB333.5CE,1.45,2.85,1.15,2.65,2.75,1.15,332.45,2.65,5214400,-3400000,18986,10199474480.0,10315,F1,1600,,,,,
2026-02-18,2026-02-18,FO,NSE,STO,129805,,ITC,,2026-04-28,2026-04-28,328.5,PE,ITC26APR328.5PE,0.0,0.0,0.0,21.35,0.0,21.35,332.45,8.4,0,0,0,0.0,0,F1,1600,,,,,
2026-02-18,2026-02-18,FO,NSE,STO,50434,,ITC,,2026-04-28,2026-04-28,345.0,PE,ITC26APR345PE,0.0,0.0,0.0,31.45,0.0,31.45,332.45,17.05,0,0,0,0.0,0,F1,1600,,,,,
2026-02-18,2026-02-18,FO,NSE,STO,50470,,ITC,,2026-04-28,2026-04-28,390.0,PE,ITC26APR390PE,0.0,0.0,0.0,71.15,0.0,71.15,332.45,54.15,0,0,0,0.0,0,F1,1600,,,,,
2026-02-18,2026-02-18,FO,NSE,STO,50207,,ITC,,2026-03-30,2026-03-30,355.0,CE,ITC26MAR355CE,2.55,3.1,2.45,3.05,3.1,2.15,332.45,3.05,286400,92800,231,132256400.0,184,F1,1600,,,,,
2026-02-18,2026-02-18,FO,NSE,STO,129746,,ITC,,2026-04-28,2026-04-28,293.5,CE,ITC26APR293.5CE,0.0,0.0,0.0,28.8,0.0,28.8,332.45,42.8,0,0,0,0.0,0,F1,1600,,,,,
2026-02-18,2026-02-18,FO,NSE,STO,129758,,ITC,,2026-04-28,2026-04-28,308.5,CE,ITC26APR308.5CE,0.0,0.0,0.0,19.25,0.0,19.25,332.45,29.75,0,0,0,0.0,0,F1,1600,,,,,
2026-02-18,2026-02-18,FO,NSE,STO,49872,,ITC,,2026-02-24,2026-02-24,275.0,PE,ITC26FEB275PE,0.05,0.05,0.05,0.05,0.05,0.1,332.45,0.05,32000,-1600,1,440080.0,1,F1,1600,,,,,
2026-02-18,2026-02-18,FO,NSE,STO,37738,,ITC,,2026-02-24,2026-02-24,281.0,PE,ITC26FEB281PE,0.1,0.1,0.1,0.1,0.1,0.15,332.45,0.05,211200,3200,2,899520.0,1,F1,1600,,,,,
2026-02-18,2026-02-18,FO,NSE,STO,49880,,ITC,,2026-02-24,2026-02-24,285.0,PE,ITC26FEB285PE,0.1,0.1,0.1,0.1,0.1,0.15,332.45,0.05,136000,-8000,42,19158720.0,12,F1,1600,,,,,
2026-02-18,2026-02-18,FO,NSE,STO,49888,,ITC,,2026-02-24,2026-02-24,295.0,PE,ITC26FEB295PE,0.2,0.25,0.1,0.1,0.1,0.25,332.45,0.1,286400,-264000,481,227145280.0,187,F1,1600,,,,,
2026-02-18,2026-02-18,FO,NSE,STO,107888,,ITC,,2026-02-24,2026-02-24,333.5,PE,ITC26FEB333.5PE,8.9,8.9,4.15,4.4,4.2,9.65,332.45,4.4,1638400,-216000,2063,1120396400.0,1929,F1,1600,,,,,
2026-02-18,2026-02-18,FO,NSE,STO,49926,,ITC,,2026-02-24,2026-02-24,335.0,PE,ITC26FEB335PE,9.7,9.7,5.25,5.45,5.5,11.05,332.45,5.45,499200,449600,705,384923280.0,632,F1,1600,,,,,
2026-02-18,2026-02-18,FO,NSE,STO,107912,,ITC,,2026-02-24,2026-02-24,343.5,PE,ITC26FEB343.5PE,17.25,17.25,12.3,12.55,12.3,18.9,332.45,12.55,2971200,-291200,670,383805040.0,624,F1,1600,,,,,
2026-02-18,2026-02-18,FO,NSE,STO,108132,,ITC,,2026-02-24,2026-02-24,378.5,PE,ITC26FEB378.5PE,48.95,48.95,48.75,48.75,48.75,56.95,332.45,45.7,75200,-3200,2,1367520.0,2,F1,1600,,,,,
2026-02-18,2026-02-18,FO,NSE,STO,108169,,ITC,,2026-02-24,2026-02-24,383.5,PE,ITC26FEB383.5PE,56.0,56.4,51.6,51.75,51.6,58.65,332.45,51.75,531200,-24000,32,22334720.0,23,F1,1600,,,,,
2026-02-18,2026-02-18,FO,NSE,STO,119294,,ITC,,2026-02-24,2026-02-24,386.0,PE,ITC26FEB386PE,0.0,0.0,0.0,62.9,62.9,62.9,332.45,53.2,4800,0,0,0.0,0,F1,1600,,,,,
2026-02-18,2026-02-18,FO,NSE,STO,108198,,ITC,,2026-02-24,2026-02-24,413.5,PE,ITC26FEB413.5PE,83.5,83.5,82.25,82.25,82.25,88.6,332.45,80.7,257600,-9600,6,4767040.0,6,F1,1600,,,,,
2026-02-18,2026-02-18,FO,NSE,STO,108200,,ITC,,2026-02-24,2026-02-24,418.5,PE,ITC26FEB418.5PE,0.0,0.0,0.0,103.9,103.9,103.9,332.45,85.65,16000,0,0,0.0,0,F1,1600,,,,,
2026-02-18,2026-02-18,FO,NSE,STO,119488,,ITC,,2026-03-30,2026-03-30,253.5,PE,ITC26MAR253.5PE,0.0,0.0,0.0,0.05,0.0,0.05,332.45,0.05,0,0,0,0.0,0,F1,1600,,,,,
2026-02-18,2026-02-18,FO,NSE,STO,39712,,ITC,,2026-03-30,2026-03-30,258.5,PE,ITC26MAR258.5PE,0.0,0.0,0.0,0.05,0.0,0.05,332.45,0.05,0,0,0,0.0,0,F1,1600,,,,,
2026-02-18,2026-02-18,FO,NSE,STO,50119,,ITC,,2026-03-30,2026-03-30,265.0,PE,ITC26MAR265PE,0.0,0.0,0.0,0.3,0.0,0.3,332.45,0.05,0,0,0,0.0,0,F1,1600,,,,,
2026-02-18,2026-02-18,FO,NSE,STO,50192,,ITC,,2026-03-30,2026-03-30,337.5,CE,ITC26MAR337.5CE,5.65,7.65,5.65,7.6,7.65,5.15,332.45,7.6,22400,4800,30,16543760.0,29,F1,1600,,,,,
2026-02-18,2026-02-18,FO,NSE,STO,119506,,ITC,,2026-03-30,2026-03-30,323.5,CE,ITC26MAR323.5CE,12.0,15.35,12.0,15.25,15.25,10.9,332.45,15.25,571200,-51200,111,59971360.0,90,F1,1600,,,,,
2026-02-18,2026-02-18,FO,NSE,STO,119504,,ITC,,2026-03-30,2026-03-30,318.5,CE,ITC26MAR318.5CE,15.0,18.7,15.0,18.7,18.7,14.1,332.45,18.9,132800,-4800,13,6971840.0,10,F1,1600,,,,,
2026-02-18,2026-02-18,FO,NSE,STO,119495,,ITC,,2026-03-30,2026-03-30,283.5,PE,ITC26MAR283.5PE,0.0,0.0,0.0,0.9,0.9,0.9,332.45,0.05,196800,0,0,0.0,0,F1,1600,,,,,
2026-02-18,2026-02-18,FO,NSE,STO,129759,,ITC,,2026-04-28,2026-04-28,308.5,PE,ITC26APR308.5PE,0.0,0.0,0.0,10.75,0.0,10.75,332.45,2.6,0,0,0,0.0,0,F1,1600,,,,,
2026-02-18,2026-02-18,FO,NSE,STO,129757,,ITC,,2026-04-28,2026-04-28,303.5,PE,ITC26APR303.5PE,0.0,0.0,0.0,4.1,4.1,4.1,332.45,1.8,1600,0,0,0.0,0,F1,1600,,,,,
2026-02-18,2026-02-18,FO,NSE,STO,50374,,ITC,,2026-04-28,2026-04-28,250.0,PE,ITC26APR250PE,0.0,0.0,0.0,0.2,0.0,0.2,332.45,0.05,0,0,0,0.0,0,F1,1600,,,,,
2026-02-18,2026-02-18,FO,NSE,STO,119557,,ITC,,2026-03-30,2026-03-30,373.5,PE,ITC26MAR373.5PE,42.5,42.5,40.95,40.95,40.95,53.05,332.45,39.35,43200,4800,3,1993840.0,3,F1,1600,,,,,
2026-02-18,2026-02-18,FO,NSE,STO,50214,,ITC,,2026-03-30,2026-03-30,362.5,PE,ITC26MAR362.5PE,0.0,0.0,0.0,46.25,0.0,46.25,332.45,29.25,0,0,0,0.0,0,F1,1600,,,,,
2026-02-18,2026-02-18,FO,NSE,STO,50206,,ITC,,2026-03-30,2026-03-30,352.5,PE,ITC26MAR352.5PE,22.65,24.35,22.65,24.35,24.35,37.2,332.45,20.85,6400,6400,4,2409120.0,2,F1,1600,,,,,
2026-02-18,2026-02-18,FO,NSE,STO,119546,,ITC,,2026-03-30,2026-03-30,348.5,PE,ITC26MAR348.5PE,18.6,19.1,18.6,19.1,19.1,22.0,332.45,17.8,9600,4800,3,1763520.0,3,F1,1600,,,,,
2026-02-18,2026-02-18,FO,NSE,STO,129554,,ITC,,2026-03-30,2026-03-30,346.0,PE,ITC26MAR346PE,0.0,0.0,0.0,33.15,0.0,33.15,332.45,16.05,0,0,0,0.0,0,F1,1600,,,,,
2026-02-18,2026-02-18,FO,NSE,STO,50198,,ITC,,2026-03-30,2026-03-30,342.5,PE,ITC26MAR342.5PE,0.0,0.0,0.0,28.75,0.0,28.75,332.45,13.7,0,0,0,0.0,0,F1,1600,,,,,
2026-02-18,2026-02-18,FO,NSE,STO,50404,,ITC,,2026-04-28,2026-04-28,305.0,PE,ITC26APR305PE,0.0,0.0,0.0,8.3,0.0,8.3,332.45,2.0,0,0,0,0.0,0,F1,1600,,,,,
2026-02-18,2026-02-18,FO,NSE,STO,129826,,ITC,,2026-04-28,2026-04-28,373.5,PE,ITC26APR373.5PE,0.0,0.0,0.0,57.1,0.0,57.1,332.45,39.0,0,0,0,0.0,0,F1,1600,,,,,
2026-02-18,2026-02-18,FO,NSE,STO,50464,,ITC,,2026-04-28,2026-04-28,380.0,PE,ITC26APR380PE,0.0,0.0,0.0,61.7,0.0,61.7,332.45,44.85,0,0,0,0.0,0,F1,1600,,,,,
2026-02-18,2026-02-18,FO,NSE,STO,107855,,ITC,,2026-02-24,2026-02-24,318.5,CE,ITC26FEB318.5CE,8.05,13.75,7.45,13.45,13.35,7.45,332.45,13.45,7497600,-96000,972,512694160.0,720,F1,1600,,,,,
2026-02-18,2026-02-18,FO,NSE,STF,59383,,ITC,,2026-02-24,2026-02-24,,,ITC26FEBFUT,325.0,332.35,324.5,332.0,332.2,325.1,332.45,332.0,141784000,-11096000,30247,15962870560.0,24200,F1,1600,,,,,
2026-02-18,2026-02-18,FO,NSE,STO,107759,,ITC,,2026-02-24,2026-02-24,253.5,CE,ITC26FEB253.5CE,0.0,0.0,0.0,61.8,61.8,61.8,332.45,79.2,16000,0,0,0.0,0,F1,1600,,,,,
2026-02-18,2026-02-18,FO,NSE,STO,119180,,ITC,,2026-02-24,2026-02-24,278.5,CE,ITC26FEB278.5CE,51.9,52.05,51.9,52.05,52.05,34.4,332.45,54.2,9600,-1600,2,1057520.0,2,F1,1600,,,,,
2026-02-18,2026-02-18,FO,NSE,STO,49875,,ITC,,2026-02-24,2026-02-24,280.0,CE,ITC26FEB280CE,0.0,0.0,0.0,34.9,0.0,34.9,332.45,52.7,0,0,0,0.0,0,F1,1600,,,,,
2026-02-18,2026-02-18,FO,NSE,STO,49885,,ITC,,2026-02-24,2026-02-24,292.5,CE,ITC26FEB292.5CE,0.0,0.0,0.0,23.05,0.0,23.05,332.45,40.2,0,0,0,0.0,0,F1,1600,,,,,
2026-02-18,2026-02-18,FO,NSE,STO,129513,,ITC,,2026-03-30,2026-03-30,281.0,PE,ITC26MAR281PE,0.0,0.0,0.0,1.6,1.6,1.6,332.45,0.05,16000,0,0,0.0,0,F1,1600,,,,,
2026-02-18,2026-02-18,FO,NSE,STO,119497,,ITC,,2026-03-30,2026-03-30,293.5,PE,ITC26MAR293.5PE,1.2,1.2,0.85,0.85,0.85,1.25,332.45,0.85,604800,-6400,49,23094000.0,37,F1,1600,,,,,
2026-02-18,2026-02-18,FO,NSE,STO,50200,,ITC,,2026-03-30,2026-03-30,345.0,PE,ITC26MAR345PE,18.2,18.2,15.1,15.1,15.1,20.45,332.45,15.1,33600,9600,8,4631120.0,8,F1,1600,,,,,
2026-02-18,2026-02-18,FO,NSE,STO,119555,,ITC,,2026-03-30,2026-03-30,368.5,PE,ITC26MAR368.5PE,38.0,40.0,35.5,35.5,35.5,41.9,332.45,35.5,33600,3200,4,2597680.0,4,F1,1600,,,,,
2026-02-18,2026-02-18,FO,NSE,STO,129731,,ITC,,2026-04-28,2026-04-28,253.5,PE,ITC26APR253.5PE,0.0,0.0,0.0,0.4,0.0,0.4,332.45,0.05,0,0,0,0.0,0,F1,1600,,,,,
2026-02-18,2026-02-18,FO,NSE,STO,49848,,ITC,,2026-02-24,2026-02-24,260.0,CE,ITC26FEB260CE,0.0,0.0,0.0,58.25,58.25,58.25,332.45,72.7,6400,0,0,0.0,0,F1,1600,,,,,
2026-02-18,2026-02-18,FO,NSE,STO,49857,,ITC,,2026-02-24,2026-02-24,265.0,CE,ITC26FEB265CE,0.0,0.0,0.0,49.75,0.0,49.75,332.45,67.7,0,0,0,0.0,0,F1,1600,,,,,
2026-02-18,2026-02-18,FO,NSE,STO,107763,,ITC,,2026-02-24,2026-02-24,273.5,CE,ITC26FEB273.5CE,55.95,55.95,55.95,55.95,55.95,50.3,332.45,59.2,204800,0,1,527120.0,1,F1,1600,,,,,
2026-02-18,2026-02-18,FO,NSE,STO,49879,,ITC,,2026-02-24,2026-02-24,285.0,CE,ITC26FEB285CE,0.0,0.0,0.0,30.05,0.0,30.05,332.45,47.7,0,0,0,0.0,0,F1,1600,,,,,
2026-02-18,2026-02-18,FO,NSE,STO,49889,,ITC,,2026-02-24,2026-02-24,297.5,CE,ITC26FEB297.5CE,0.0,0.0,0.0,18.7,0.0,18.7,332.45,35.2,0,0,0,0.0,0,F1,1600,,,,,
2026-02-18,2026-02-18,FO,NSE,STO,107909,,ITC,,2026-02-24,2026-02-24,338.5,CE,ITC26FEB338.5CE,0.75,1.65,0.75,1.55,1.55,0.75,332.45,1.55,1515200,-131200,2401,1305391680.0,1661,F1,1600,,,,,
2026-02-18,2026-02-18,FO,NSE,STO,108197,,ITC,,2026-02-24,2026-02-24,413.5,CE,ITC26FEB413.5CE,0.05,0.1,0.05,0.1,0.05,0.1,332.45,0.1,601600,140800,221,146233920.0,37,F1,1600,,,,,
2026-02-18,2026-02-18,FO,NSE,STO,50456,,ITC,,2026-04-28,2026-04-28,370.0,PE,ITC26APR370PE,0.0,0.0,0.0,52.5,0.0,52.5,332.45,35.95,0,0,0,0.0,0,F1,1600,,,,,
2026-02-18,2026-02-18,FO,NSE,STO,50426,,ITC,,2026-04-28,2026-04-28,340.0,PE,ITC26APR340PE,0.0,0.0,0.0,27.7,0.0,27.7,332.45,14.05,0,0,0,0.0,0,F1,1600,,,,,
2026-02-18,2026-02-18,FO,NSE,STO,129761,,ITC,,2026-04-28,2026-04-28,313.5,PE,ITC26APR313.5PE,0.0,0.0,0.0,13.05,0.0,13.05,332.45,3.6,0,0,0,0.0,0,F1,1600,,,,,
2026-02-18,2026-02-18,FO,NSE,STO,129749,,ITC,,2026-04-28,2026-04-28,298.5,PE,ITC26APR298.5PE,0.0,0.0,0.0,7.05,0.0,7.05,332.45,1.2,0,0,0,0.0,0,F1,1600,,,,,
2026-02-18,2026-02-18,FO,NSE,STO,108209,,ITC,,2026-02-24,2026-02-24,443.5,CE,ITC26FEB443.5CE,0.0,0.0,0.0,0.1,0.1,0.1,332.45,0.05,363200,0,0,0.0,0,F1,1600,,,,,
2026-02-18,2026-02-18,FO,NSE,STO,43562,,ITC,,2026-03-30,2026-03-30,248.5,CE,ITC26MAR248.5CE,0.0,0.0,0.0,90.95,0.0,90.95,332.45,85.45,0,0,0,0.0,0,F1,1600,,,,,
2026-02-18,2026-02-18,FO,NSE,STO,129514,,ITC,,2026-03-30,2026-03-30,286.0,CE,ITC26MAR286CE,0.0,0.0,0.0,31.65,0.0,31.65,332.45,48.25,0,0,0,0.0,0,F1,1600,,,,,
2026-02-18,2026-02-18,FO,NSE,STO,50145,,ITC,,2026-03-30,2026-03-30,297.5,CE,ITC26MAR297.5CE,0.0,0.0,0.0,23.25,0.0,23.25,332.45,37.1,0,0,0,0.0,0,F1,1600,,,,,
2026-02-18,2026-02-18,FO,NSE,STO,37781,,ITC,,2026-03-30,2026-03-30,298.5,CE,ITC26MAR298.5CE,0.0,0.0,0.0,63.95,0.0,63.95,332.45,36.15,0,0,0,0.0,0,F1,1600,,,,,
2026-02-18,2026-02-18,FO,NSE,STO,119498,,ITC,,2026-03-30,2026-03-30,303.5,CE,ITC26MAR303.5CE,28.0,30.9,28.0,30.9,30.9,25.6,332.45,31.5,401600,24000,38,20276960.0,13,F1,1600,,,,,
2026-02-18,2026-02-18,FO,NSE,STO,50154,,ITC,,2026-03-30,2026-03-30,305.0,CE,ITC26MAR305CE,0.0,0.0,0.0,18.1,0.0,18.1,332.45,30.15,0,0,0,0.0,0,F1,1600,,,,,
2026-02-18,2026-02-18,FO,NSE,STO,129537,,ITC,,2026-03-30,2026-03-30,306.0,CE,ITC26MAR306CE,0.0,0.0,0.0,12.5,12.5,12.5,332.45,29.25,3200,0,0,0.0,0,F1,1600,,,,,
2026-02-18,2026-02-18,FO,NSE,STO,50175,,ITC,,2026-03-30,2026-03-30,322.5,CE,ITC26MAR322.5CE,12.9,15.5,12.9,15.4,15.4,11.6,332.45,16.05,40000,-4800,20,10773920.0,18,F1,1600,,,,,
2026-02-18,2026-02-18,FO,NSE,STO,129738,,ITC,,2026-04-28,2026-04-28,273.5,CE,ITC26APR273.5CE,0.0,0.0,0.0,44.75,0.0,44.75,332.45,61.9,0,0,0,0.0,0,F1,1600,,,,,
2026-02-18,2026-02-18,FO,NSE,STO,129740,,ITC,,2026-04-28,2026-04-28,278.5,CE,ITC26APR278.5CE,0.0,0.0,0.0,40.45,0.0,40.45,332.45,57.0,0,0,0,0.0,0,F1,1600,,,,,
2026-02-18,2026-02-18,FO,NSE,STO,50391,,ITC,,2026-04-28,2026-04-28,285.0,CE,ITC26APR285CE,0.0,0.0,0.0,35.9,0.0,35.9,332.45,50.75,0,0,0,0.0,0,F1,1600,,,,,
2026-02-18,2026-02-18,FO,NSE,STO,129806,,ITC,,2026-04-28,2026-04-28,333.5,CE,ITC26APR333.5CE,0.0,0.0,0.0,3.5,3.5,3.5,332.45,13.05,3200,0,0,0.0,0,F1,1600,,,,,
2026-02-18,2026-02-18,FO,NSE,STO,50463,,ITC,,2026-04-28,2026-04-28,380.0,CE,ITC26APR380CE,0.0,0.0,0.0,1.0,0.0,1.0,332.45,1.2,0,0,0,0.0,0,F1,1600,,,,,
2026-02-18,2026-02-18,FO,NSE,STO,118968,,ITC,,2026-02-24,2026-02-24,248.5,PE,ITC26FEB248.5PE,0.0,0.0,0.0,0.1,0.1,0.1,332.45,0.05,27200,0,0,0.0,0,F1,1600,,,,,
2026-02-18,2026-02-18,FO,NSE,STO,49841,,ITC,,2026-02-24,2026-02-24,250.0,PE,ITC26FEB250PE,0.0,0.0,0.0,0.1,0.1,0.1,332.45,0.05,1600,0,0,0.0,0,F1,1600,,,,,
2026-02-18,2026-02-18,FO,NSE,STO,49884,,ITC,,2026-02-24,2026-02-24,290.0,PE,ITC26FEB290PE,0.15,0.15,0.05,0.1,0.1,0.25,332.45,0.1,427200,-251200,289,134152720.0,79,F1,1600,,,,,
2026-02-18,2026-02-18,FO,NSE,STO,107812,,ITC,,2026-02-24,2026-02-24,293.5,PE,ITC26FEB293.5PE,0.2,0.25,0.1,0.1,0.15,0.25,332.45,0.1,2955200,-1310400,1921,902521840.0,440,F1,1600,,,,,
2026-02-18,2026-02-18,FO,NSE,STO,119192,,ITC,,2026-02-24,2026-02-24,306.0,PE,ITC26FEB306PE,0.3,0.3,0.15,0.2,0.15,0.35,332.45,0.2,1188800,44800,258,126398880.0,169,F1,1600,,,,,
2026-02-18,2026-02-18,FO,NSE,STO,49930,,ITC,,2026-02-24,2026-02-24,340.0,PE,ITC26FEB340PE,14.25,14.4,9.3,9.5,9.4,14.9,332.45,9.5,166400,65600,225,126380960.0,179,F1,1600,,,,,
2026-02-18,2026-02-18,FO,NSE,STO,49940,,ITC,,2026-02-24,2026-02-24,345.0,PE,ITC26FEB345PE,14.55,15.65,13.8,13.8,13.8,30.45,332.45,12.6,3200,3200,4,2303440.0,4,F1,1600,,,,,
2026-02-18,2026-02-18,FO,NSE,STO,49952,,ITC,,2026-02-24,2026-02-24,352.5,PE,ITC26FEB352.5PE,23.25,23.25,23.25,23.25,23.25,37.65,332.45,19.8,1600,1600,1,601200.0,1,F1,1600,,,,,
2026-02-18,2026-02-18,FO,NSE,STO,108055,,ITC,,2026-02-24,2026-02-24,358.5,PE,ITC26FEB358.5PE,30.1,30.1,26.9,26.95,26.9,34.2,332.45,26.95,136000,-27200,22,13594960.0,16,F1,1600,,,,,
2026-02-18,2026-02-18,FO,NSE,STO,50114,,ITC,,2026-03-30,2026-03-30,260.0,PE,ITC26MAR260PE,0.35,0.35,0.2,0.2,0.2,0.3,332.45,0.2,56000,27200,23,9579120.0,12,F1,1600,,,,,
2026-02-18,2026-02-18,FO,NSE,STO,50128,,ITC,,2026-03-30,2026-03-30,275.0,PE,ITC26MAR275PE,0.0,0.0,0.0,0.75,0.0,0.75,332.45,0.05,0,0,0,0.0,0,F1,1600,,,,,
2026-02-18,2026-02-18,FO,NSE,STO,119536,,ITC,,2026-03-30,2026-03-30,333.5,CE,ITC26MAR333.5CE,6.95,9.55,6.95,9.45,9.4,6.35,332.45,9.45,854400,-113600,512,280540480.0,328,F1,1600,,,,,
2026-02-18,2026-02-18,FO,NSE,STO,129705,,ITC,,2026-04-28,2026-04-28,243.5,PE,ITC26APR243.5PE,0.0,0.0,0.0,0.15,0.0,0.15,332.45,0.05,0,0,0,0.0,0,F1,1600,,,,,
2026-02-18,2026-02-18,FO,NSE,STO,50386,,ITC,,2026-04-28,2026-04-28,270.0,PE,ITC26APR270PE,0.0,0.0,0.0,1.1,0.0,1.1,332.45,0.05,0,0,0,0.0,0,F1,1600,,,,,
2026-02-18,2026-02-18,FO,NSE,STO,119152,,ITC,,2026-02-24,2026-02-24,258.5,CE,ITC26FEB258.5CE,0.0,0.0,0.0,138.05,0.0,138.05,332.45,74.2,0,0,0,0.0,0,F1,1600,,,,,
2026-02-18,2026-02-18,FO,NSE,STO,129745,,ITC,,2026-04-28,2026-04-28,288.5,PE,ITC26APR288.5PE,0.0,0.0,0.0,4.3,0.0,4.3,332.45,0.5,0,0,0,0.0,0,F1,1600,,,,,
2026-02-18,2026-02-18,FO,NSE,STO,50408,,ITC,,2026-04-28,2026-04-28,315.0,PE,ITC26APR315PE,0.0,0.0,0.0,12.55,0.0,12.55,332.45,3.95,0,0,0,0.0,0,F1,1600,,,,,
2026-02-18,2026-02-18,FO,NSE,STO,50454,,ITC,,2026-04-28,2026-04-28,365.0,PE,ITC26APR365PE,0.0,0.0,0.0,48.05,0.0,48.05,332.45,31.7,0,0,0,0.0,0,F1,1600,,,,,
2026-02-18,2026-02-18,FO,NSE,STO,107809,,ITC,,2026-02-24,2026-02-24,283.5,CE,ITC26FEB283.5CE,0.0,0.0,0.0,41.15,41.15,41.15,332.45,49.2,188800,0,0,0.0,0,F1,1600,,,,,
2026-02-18,2026-02-18,FO,NSE,STO,119185,,ITC,,2026-02-24,2026-02-24,288.5,CE,ITC26FEB288.5CE,0.0,0.0,0.0,31.05,31.0,31.05,332.45,44.2,86400,0,0,0.0,0,F1,1600,,,,,
2026-02-18,2026-02-18,FO,NSE,STO,119197,,ITC,,2026-02-24,2026-02-24,321.0,CE,ITC26FEB321CE,6.35,11.75,5.8,11.15,11.3,5.5,332.45,11.15,1788800,-92800,669,353438000.0,592,F1,1600,,,,,
2026-02-18,2026-02-18,FO,NSE,STO,107869,,ITC,,2026-02-24,2026-02-24,328.5,CE,ITC26FEB328.5CE,2.4,5.15,2.1,4.9,5.05,1.95,332.45,4.9,4283200,-78400,14870,7901941040.0,10009,F1,1600,,,,,
2026-02-18,2026-02-18,FO,NSE,STO,49951,,ITC,,2026-02-24,2026-02-24,352.5,CE,ITC26FEB352.5CE,0.45,0.45,0.3,0.45,0.45,0.3,332.45,0.45,81600,-11200,113,63807840.0,74,F1,1600,,,,,
2026-02-18,2026-02-18,FO,NSE,STO,49953,,ITC,,2026-02-24,2026-02-24,355.0,CE,ITC26FEB355CE,0.25,0.4,0.25,0.4,0.4,0.25,332.45,0.4,1643200,1112000,3567,2028031280.0,1075,F1,1600,,,,,
2026-02-18,2026-02-18,FO,NSE,STO,49967,,ITC,,2026-02-24,2026-02-24,370.0,CE,ITC26FEB370CE,0.1,0.15,0.1,0.1,0.1,0.15,332.45,0.1,1107200,65600,214,126735280.0,51,F1,1600,,,,,
2026-02-18,2026-02-18,FO,NSE,STO,108199,,ITC,,2026-02-24,2026-02-24,418.5,CE,ITC26FEB418.5CE,0.05,0.05,0.05,0.05,0.05,0.05,332.45,0.05,75200,51200,40,26787200.0,6,F1,1600,,,,,
2026-02-18,2026-02-18,FO,NSE,STO,108201,,ITC,,2026-02-24,2026-02-24,423.5,CE,ITC26FEB423.5CE,0.05,0.1,0.05,0.1,0.1,0.05,332.45,0.05,137600,-3200,7,4743920.0,2,F1,1600,,,,,
2026-02-18,2026-02-18,FO,NSE,STO,129543,,ITC,,2026-03-30,2026-03-30,321.0,CE,ITC26MAR321CE,13.95,17.25,13.95,17.25,17.25,12.25,332.45,17.25,65600,-1600,16,8619920.0,15,F1,1600,,,,,
2026-02-18,2026-02-18,FO,NSE,STO,49966,,ITC,,2026-02-24,2026-02-24,367.5,PE,ITC26FEB367.5PE,0.0,0.0,0.0,52.5,0.0,52.5,332.45,34.7,0,0,0,0.0,0,F1,1600,,,,,
2026-02-18,2026-02-18,FO,NSE,STO,108196,,ITC,,2026-02-24,2026-02-24,408.5,PE,ITC26FEB408.5PE,0.0,0.0,0.0,86.0,86.0,86.0,332.45,75.7,22400,0,0,0.0,0,F1,1600,,,,,
2026-02-18,2026-02-18,FO,NSE,STO,108202,,ITC,,2026-02-24,2026-02-24,423.5,PE,ITC26FEB423.5PE,96.0,96.0,92.65,92.65,92.65,98.6,332.45,90.65,73600,-8000,5,4141040.0,5,F1,1600,,,,,
2026-02-18,2026-02-18,FO,NSE,STO,50151,,ITC,,2026-03-30,2026-03-30,300.0,PE,ITC26MAR300PE,1.75,1.75,1.1,1.15,1.1,1.75,332.45,1.15,1185600,60800,738,355828000.0,492,F1,1600,,,,,
2026-02-18,2026-02-18,FO,NSE,STO,50163,,ITC,,2026-03-30,2026-03-30,315.0,PE,ITC26MAR315PE,3.75,3.8,2.6,2.65,2.6,4.2,332.45,2.65,691200,14400,468,238284960.0,336,F1,1600,,,,,
2026-02-18,2026-02-18,FO,NSE,STO,129546,,ITC,,2026-03-30,2026-03-30,326.0,PE,ITC26MAR326PE,7.7,7.7,5.25,5.3,5.25,8.2,332.45,5.3,148800,94400,116,61680160.0,99,F1,1600,,,,,
2026-02-18,2026-02-18,FO,NSE,STO,129548,,ITC,,2026-03-30,2026-03-30,331.0,PE,ITC26MAR331PE,8.9,9.35,7.3,7.45,7.3,10.95,332.45,7.45,30400,28800,40,21704560.0,40,F1,1600,,,,,
2026-02-18,2026-02-18,FO,NSE,STO,119537,,ITC,,2026-03-30,2026-03-30,333.5,PE,ITC26MAR333.5PE,11.4,11.4,8.35,8.5,8.4,12.7,332.45,8.5,532800,35200,96,52687680.0,86,F1,1600,,,,,
2026-02-18,2026-02-18,FO,NSE,STO,50204,,ITC,,2026-03-30,2026-03-30,350.0,PE,ITC26MAR350PE,23.5,23.5,19.05,19.3,19.3,25.0,332.45,19.3,561600,81600,157,93352000.0,103,F1,1600,,,,,
2026-02-18,2026-02-18,FO,NSE,STO,50218,,ITC,,2026-03-30,2026-03-30,367.5,PE,ITC26MAR367.5PE,35.0,35.0,35.0,35.0,35.0,50.9,332.45,33.75,3200,3200,2,1288000.0,1,F1,1600,,,,,
2026-02-18,2026-02-18,FO,NSE,STO,107758,,ITC,,2026-02-24,2026-02-24,243.5,PE,ITC26FEB243.5PE,0.05,0.05,0.05,0.05,0.05,0.05,332.45,0.05,62400,-16000,13,5065840.0,7,F1,1600,,,,,
2026-02-18,2026-02-18,FO,NSE,STO,50469,,ITC,,2026-04-28,2026-04-28,390.0,CE,ITC26APR390CE,0.0,0.0,0.0,0.6,0.0,0.6,332.45,0.65,0,0,0,0.0,0,F1,1600,,,,,
2026-02-18,2026-02-18,FO,NSE,STO,50433,,ITC,,2026-04-28,2026-04-28,345.0,CE,ITC26APR345CE,0.0,0.0,0.0,5.3,0.0,5.3,332.45,8.05,0,0,0,0.0,0,F1,1600,,,,,
2026-02-18,2026-02-18,FO,NSE,STO,50407,,ITC,,2026-04-28,2026-04-28,315.0,CE,ITC26APR315CE,0.0,0.0,0.0,15.9,0.0,15.9,332.45,24.7,0,0,0,0.0,0,F1,1600,,,,,
2026-02-18,2026-02-18,FO,NSE,STO,50385,,ITC,,2026-04-28,2026-04-28,270.0,CE,ITC26APR270CE,0.0,0.0,0.0,48.85,0.0,48.85,332.45,65.3,0,0,0,0.0,0,F1,1600,,,,,
2026-02-18,2026-02-18,FO,NSE,STO,119560,,ITC,,2026-03-30,2026-03-30,383.5,CE,ITC26MAR383.5CE,0.85,0.95,0.8,0.9,0.9,0.7,332.45,0.2,86400,-20800,38,23372400.0,32,F1,1600,,,,,
2026-02-18,2026-02-18,FO,NSE,STO,50199,,ITC,,2026-03-30,2026-03-30,345.0,CE,ITC26MAR345CE,4.2,5.2,4.0,5.1,5.15,3.45,332.45,5.1,660800,364800,759,424824640.0,575,F1,1600,,,,,
2026-02-18,2026-02-18,FO,NSE,STO,50182,,ITC,,2026-03-30,2026-03-30,330.0,CE,ITC26MAR330CE,8.35,11.4,8.0,11.2,11.25,7.8,332.45,11.2,2456000,579200,5144,2800753040.0,3789,F1,1600,,,,,
2026-02-18,2026-02-18,FO,NSE,STO,129552,,ITC,,2026-03-30,2026-03-30,341.0,PE,ITC26MAR341PE,0.0,0.0,0.0,22.8,22.8,22.8,332.45,12.75,1600,0,0,0.0,0,F1,1600,,,,,
2026-02-18,2026-02-18,FO,NSE,STO,50178,,ITC,,2026-03-30,2026-03-30,325.0,PE,ITC26MAR325PE,7.15,7.35,4.9,5.1,4.9,7.8,332.45,5.1,1144000,324800,970,513706720.0,701,F1,1600,,,,,
2026-02-18,2026-02-18,FO,NSE,STO,50146,,ITC,,2026-03-30,2026-03-30,297.5,PE,ITC26MAR297.5PE,1.35,1.4,1.15,1.15,1.15,2.35,332.45,0.35,62400,44800,29,13865120.0,19,F1,1600,,,,,
2026-02-18,2026-02-18,FO,NSE,STO,50134,,ITC,,2026-03-30,2026-03-30,282.5,PE,ITC26MAR282.5PE,0.0,0.0,0.0,1.4,0.0,1.4,332.45,0.05,0,0,0,0.0,0,F1,1600,,,,,
2026-02-18,2026-02-18,FO,NSE,STO,119503,,ITC,,2026-03-30,2026-03-30,313.5,PE,ITC26MAR313.5PE,3.7,3.7,2.4,2.45,2.4,3.7,332.45,2.45,345600,-163200,212,107303360.0,141,F1,1600,,,,,
2026-02-18,2026-02-18,FO,NSE,STO,50176,,ITC,,2026-03-30,2026-03-30,322.5,PE,ITC26MAR322.5PE,5.75,6.05,4.3,4.5,4.5,6.65,332.45,4.15,145600,144000,161,84410320.0,133,F1,1600,,,,,
2026-02-18,2026-02-18,FO,NSE,STO,129527,,ITC,,2026-03-30,2026-03-30,296.0,CE,ITC26MAR296CE,0.0,0.0,0.0,17.3,17.3,17.3,332.45,38.55,3200,0,0,0.0,0,F1,1600,,,,,
2026-02-18,2026-02-18,FO,NSE,STO,50123,,ITC,,2026-03-30,2026-03-30,270.0,CE,ITC26MAR270CE,0.0,0.0,0.0,46.85,0.0,46.85,332.45,64.1,0,0,0,0.0,0,F1,1600,,,,,
2026-02-18,2026-02-18,FO,NSE,STO,37771,,ITC,,2026-03-30,2026-03-30,268.5,CE,ITC26MAR268.5CE,0.0,0.0,0.0,92.9,0.0,92.9,332.45,65.55,0,0,0,0.0,0,F1,1600,,,,,
2026-02-18,2026-02-18,FO,NSE,STO,108217,,ITC,,2026-02-24,2026-02-24,463.5,CE,ITC26FEB463.5CE,0.1,0.1,0.05,0.05,0.05,0.05,332.45,0.05,385600,-62400,50,37084080.0,9,F1,1600,,,,,
2026-02-18,2026-02-18,FO,NSE,STO,108205,,ITC,,2026-02-24,2026-02-24,433.5,CE,ITC26FEB433.5CE,0.0,0.0,0.0,0.05,0.05,0.05,332.45,0.05,105600,0,0,0.0,0,F1,1600,,,,,
2026-02-18,2026-02-18,FO,NSE,STO,49959,,ITC,,2026-02-24,2026-02-24,362.5,CE,ITC26FEB362.5CE,0.2,0.25,0.15,0.25,0.25,0.25,332.45,0.25,64000,-3200,11,6383680.0,8,F1,1600,,,,,
2026-02-18,2026-02-18,FO,NSE,STO,119202,,ITC,,2026-02-24,2026-02-24,326.0,CE,ITC26FEB326CE,2.9,7.0,2.7,6.8,6.95,2.9,332.45,6.8,1238400,-1758400,8052,4261589120.0,6451,F1,1600,,,,,
2026-02-18,2026-02-18,FO,NSE,STO,50197,,ITC,,2026-03-30,2026-03-30,342.5,CE,ITC26MAR342.5CE,4.6,5.95,4.6,5.9,5.95,3.9,332.45,5.9,83200,24000,62,34526000.0,54,F1,1600,,,,,
2026-02-18,2026-02-18,FO,NSE,STO,50201,,ITC,,2026-03-30,2026-03-30,347.5,CE,ITC26MAR347.5CE,3.8,4.5,3.55,4.45,4.5,2.5,332.45,4.45,59200,59200,62,34884080.0,43,F1,1600,,,,,
2026-02-18,2026-02-18,FO,NSE,STO,119175,,ITC,,2026-02-24,2026-02-24,268.5,CE,ITC26FEB268.5CE,0.0,0.0,0.0,128.15,0.0,128.15,332.45,64.2,0,0,0,0.0,0,F1,1600,,,,,
2026-02-18,2026-02-18,FO,NSE,STO,49896,,ITC,,2026-02-24,2026-02-24,305.0,PE,ITC26FEB305PE,0.3,0.35,0.1,0.1,0.1,0.3,332.45,0.1,860800,76800,1187,579636480.0,428,F1,1600,,,,,
2026-02-18,2026-02-18,FO,NSE,STO,37756,,ITC,,2026-02-24,2026-02-24,301.0,PE,ITC26FEB301PE,0.35,0.35,0.1,0.2,0.15,0.35,332.45,0.2,456000,-70400,91,43850560.0,62,F1,1600,,,,,
2026-02-18,2026-02-18,FO,NSE,STO,49892,,ITC,,2026-02-24,2026-02-24,300.0,PE,ITC26FEB300PE,0.25,0.25,0.1,0.15,0.15,0.3,332.45,0.15,2128000,-81600,886,425529200.0,411,F1,1600,,,,,
2026-02-18,2026-02-18,FO,NSE,STO,119190,,ITC,,2026-02-24,2026-02-24,298.5,PE,ITC26FEB298.5PE,0.25,0.25,0.1,0.15,0.1,0.3,332.45,0.15,969600,-371200,592,282884000.0,151,F1,1600,,,,,
2026-02-18,2026-02-18,FO,NSE,STO,49890,,ITC,,2026-02-24,2026-02-24,297.5,PE,ITC26FEB297.5PE,0.25,0.25,0.05,0.1,0.05,0.55,332.45,0.1,228800,-112000,250,119058400.0,75,F1,1600,,,,,
2026-02-18,2026-02-18,FO,NSE,STO,119186,,ITC,,2026-02-24,2026-02-24,288.5,PE,ITC26FEB288.5PE,0.2,0.2,0.1,0.1,0.1,0.2,332.45,0.1,1403200,4800,247,114074560.0,55,F1,1600,,,,,
2026-02-18,2026-02-18,FO,NSE,STO,49878,,ITC,,2026-02-24,2026-02-24,282.5,PE,ITC26FEB282.5PE,0.0,0.0,0.0,0.2,0.0,0.2,332.45,0.05,0,0,0,0.0,0,F1,1600,,,,,
2026-02-18,2026-02-18,FO,NSE,STO,49876,,ITC,,2026-02-24,2026-02-24,280.0,PE,ITC26FEB280PE,0.1,0.1,0.05,0.05,0.05,0.15,332.45,0.05,556800,-160000,260,116511760.0,23,F1,1600,,,,,
2026-02-18,2026-02-18,FO,NSE,STO,49854,,ITC,,2026-02-24,2026-02-24,260.0,PE,ITC26FEB260PE,0.05,0.05,0.05,0.05,0.05,0.05,332.45,0.05,36800,-1600,6,2496480.0,5,F1,1600,,,,,
2026-02-18,2026-02-18,FO,NSE,STO,129825,,ITC,,2026-04-28,2026-04-28,373.5,CE,ITC26APR373.5CE,0.0,0.0,0.0,1.55,0.0,1.55,332.45,1.8,0,0,0,0.0,0,F1,1600,,,,,
2026-02-18,2026-02-18,FO,NSE,STO,129818,,ITC,,2026-04-28,2026-04-28,363.5,CE,ITC26APR363.5CE,0.0,0.0,0.0,2.5,0.0,2.5,332.45,3.2,0,0,0,0.0,0,F1,1600,,,,,
2026-02-18,2026-02-18,FO,NSE,STO,50396,,ITC,,2026-04-28,2026-04-28,290.0,CE,ITC26APR290CE,0.0,0.0,0.0,31.95,0.0,31.95,332.45,46.05,0,0,0,0.0,0,F1,1600,,,,,
2026-02-18,2026-02-18,FO,NSE,STO,50373,,ITC,,2026-04-28,2026-04-28,250.0,CE,ITC26APR250CE,0.0,0.0,0.0,67.65,0.0,67.65,332.45,85.05,0,0,0,0.0,0,F1,1600,,,,,
2026-02-18,2026-02-18,FO,NSE,STO,119564,,ITC,,2026-03-30,2026-03-30,393.5,CE,ITC26MAR393.5CE,0.65,0.7,0.6,0.65,0.65,0.5,332.45,0.65,2795200,139200,369,232722480.0,134,F1,1600,,,,,
2026-02-18,2026-02-18,FO,NSE,STO,119556,,ITC,,2026-03-30,2026-03-30,373.5,CE,ITC26MAR373.5CE,1.2,1.4,1.2,1.35,1.3,1.0,332.45,1.35,2721600,665600,659,395240880.0,321,F1,1600,,,,,
2026-02-18,2026-02-18,FO,NSE,STO,50205,,ITC,,2026-03-30,2026-03-30,352.5,CE,ITC26MAR352.5CE,2.8,3.5,2.8,3.45,3.45,2.3,332.45,3.45,49600,46400,56,31882240.0,42,F1,1600,,,,,
2026-02-18,2026-02-18,FO,NSE,STO,119542,,ITC,,2026-03-30,2026-03-30,348.5,CE,ITC26MAR348.5CE,3.4,4.3,3.4,4.25,4.25,2.9,332.45,4.25,238400,57600,67,37782560.0,48,F1,1600,,,,,
2026-02-18,2026-02-18,FO,NSE,STO,119538,,ITC,,2026-03-30,2026-03-30,338.5,CE,ITC26MAR338.5CE,5.8,7.3,5.7,7.15,7.2,4.9,332.45,7.15,139200,32000,47,25942560.0,43,F1,1600,,,,,
2026-02-18,2026-02-18,FO,NSE,STO,119534,,ITC,,2026-03-30,2026-03-30,328.5,CE,ITC26MAR328.5CE,9.75,12.25,9.5,12.1,12.0,8.3,332.45,12.1,121600,33600,224,121611760.0,196,F1,1600,,,,,
2026-02-18,2026-02-18,FO,NSE,STO,129545,,ITC,,2026-03-30,2026-03-30,326.0,CE,ITC26MAR326CE,10.25,13.55,10.25,13.1,13.1,9.6,332.45,13.75,81600,-25600,115,62231360.0,95,F1,1600,,,,,
2026-02-18,2026-02-18,FO,NSE,STO,119485,,ITC,,2026-03-30,2026-03-30,243.5,CE,ITC26MAR243.5CE,0.0,0.0,0.0,154.3,0.0,154.3,332.45,90.4,0,0,0,0.0,0,F1,1600,,,,,
2026-02-18,2026-02-18,FO,NSE,STO,108203,,ITC,,2026-02-24,2026-02-24,428.5,CE,ITC26FEB428.5CE,0.0,0.0,0.0,0.1,0.1,0.1,332.45,0.05,9600,0,0,0.0,0,F1,1600,,,,,
2026-02-18,2026-02-18,FO,NSE,STO,108185,,ITC,,2026-02-24,2026-02-24,393.5,CE,ITC26FEB393.5CE,0.05,0.1,0.05,0.1,0.1,0.1,332.45,0.1,5992000,-379200,641,403668240.0,163,F1,1600,,,,,
2026-02-18,2026-02-18,FO,NSE,STO,49961,,ITC,,2026-02-24,2026-02-24,365.0,CE,ITC26FEB365CE,0.2,0.25,0.15,0.2,0.2,0.2,332.45,0.2,187200,33600,370,216198320.0,136,F1,1600,,,,,
2026-02-18,2026-02-18,FO,NSE,STO,108050,,ITC,,2026-02-24,2026-02-24,348.5,CE,ITC26FEB348.5CE,0.4,0.7,0.4,0.65,0.65,0.35,332.45,0.65,833600,-81600,1390,776286320.0,756,F1,1600,,,,,
2026-02-18,2026-02-18,FO,NSE,STO,49917,,ITC,,2026-02-24,2026-02-24,327.5,CE,ITC26FEB327.5CE,2.6,5.9,2.45,5.65,5.65,2.35,332.45,5.65,1334400,-640000,9802,5199204400.0,7250,F1,1600,,,,,
2026-02-18,2026-02-18,FO,NSE,STO,49911,,ITC,,2026-02-24,2026-02-24,325.0,CE,ITC26FEB325CE,3.65,7.85,3.4,7.55,7.6,3.25,332.45,7.55,2824000,-4382400,13989,7396625920.0,10919,F1,1600,,,,,
2026-02-18,2026-02-18,FO,NSE,STO,49887,,ITC,,2026-02-24,2026-02-24,295.0,CE,ITC26FEB295CE,0.0,0.0,0.0,20.85,0.0,20.85,332.45,37.7,0,0,0,0.0,0,F1,1600,,,,,
2026-02-18,2026-02-18,FO,NSE,STO,49883,,ITC,,2026-02-24,2026-02-24,290.0,CE,ITC26FEB290CE,0.0,0.0,0.0,26.0,26.0,26.0,332.45,42.7,1600,0,0,0.0,0,F1,1600,,,,,
2026-02-18,2026-02-18,FO,NSE,STO,49948,,ITC,,2026-02-24,2026-02-24,347.5,PE,ITC26FEB347.5PE,0.0,0.0,0.0,32.8,0.0,32.8,332.45,14.9,0,0,0,0.0,0,F1,1600,,,,,
2026-02-18,2026-02-18,FO,NSE,STO,129511,,ITC,,2026-03-30,2026-03-30,276.0,PE,ITC26MAR276PE,0.0,0.0,0.0,1.2,1.2,1.2,332.45,0.05,110400,0,0,0.0,0,F1,1600,,,,,
2026-02-18,2026-02-18,FO,NSE,STO,129526,,ITC,,2026-03-30,2026-03-30,291.0,PE,ITC26MAR291PE,1.0,1.0,0.75,0.75,0.75,1.75,332.45,0.75,64000,-3200,13,6070720.0,10,F1,1600,,,,,
2026-02-18,2026-02-18,FO,NSE,STO,119533,,ITC,,2026-03-30,2026-03-30,323.5,PE,ITC26MAR323.5PE,7.2,7.2,4.5,4.55,4.5,7.15,332.45,4.55,440000,-28800,136,71558080.0,101,F1,1600,,,,,
2026-02-18,2026-02-18,FO,NSE,STO,119535,,ITC,,2026-03-30,2026-03-30,328.5,PE,ITC26MAR328.5PE,8.35,8.35,6.25,6.3,6.25,9.35,332.45,6.3,91200,28800,66,35481280.0,46,F1,1600,,,,,
2026-02-18,2026-02-18,FO,NSE,STO,119541,,ITC,,2026-03-30,2026-03-30,343.5,PE,ITC26MAR343.5PE,18.2,18.2,14.45,14.5,14.45,19.75,332.45,14.5,507200,54400,63,36295840.0,51,F1,1600,,,,,
2026-02-18,2026-02-18,FO,NSE,STO,50220,,ITC,,2026-03-30,2026-03-30,370.0,PE,ITC26MAR370PE,39.05,40.0,36.2,36.35,36.5,43.1,332.45,36.35,168000,56000,41,26700000.0,31,F1,1600,,,,,
2026-02-18,2026-02-18,FO,NSE,STO,50402,,ITC,,2026-04-28,2026-04-28,300.0,PE,ITC26APR300PE,2.9,2.9,2.3,2.4,2.3,2.9,332.45,2.4,14400,8000,10,4841120.0,10,F1,1600,,,,,
2026-02-18,2026-02-18,FO,NSE,STO,50406,,ITC,,2026-04-28,2026-04-28,310.0,PE,ITC26APR310PE,0.0,0.0,0.0,10.3,0.0,10.3,332.45,2.85,0,0,0,0.0,0,F1,1600,,,,,
2026-02-18,2026-02-18,FO,NSE,STO,50424,,ITC,,2026-04-28,2026-04-28,335.0,PE,ITC26APR335PE,0.0,0.0,0.0,24.2,0.0,24.2,332.45,11.4,0,0,0,0.0,0,F1,1600,,,,,
2026-02-18,2026-02-18,FO,NSE,STO,107753,,ITC,,2026-02-24,2026-02-24,243.5,CE,ITC26FEB243.5CE,85.5,87.0,85.5,87.0,87.0,154.6,332.45,89.15,64000,64000,40,21096000.0,5,F1,1600,,,,,
2026-02-18,2026-02-18,FO,NSE,STO,119209,,ITC,,2026-02-24,2026-02-24,326.0,PE,ITC26FEB326PE,4.0,4.0,0.9,1.05,1.0,3.85,332.45,1.05,1792000,449600,7578,3975720160.0,4602,F1,1600,,,,,
2026-02-18,2026-02-18,FO,NSE,STO,49908,,ITC,,2026-02-24,2026-02-24,320.0,PE,ITC26FEB320PE,1.3,1.5,0.25,0.35,0.3,1.3,332.45,0.35,4881600,1316800,10269,5267678080.0,4107,F1,1600,,,,,
2026-02-18,2026-02-18,FO,NSE,STO,107852,,ITC,,2026-02-24,2026-02-24,308.5,PE,ITC26FEB308.5PE,0.35,0.35,0.1,0.15,0.1,0.4,332.45,0.15,1630400,-225600,559,276106960.0,280,F1,1600,,,,,
2026-02-18,2026-02-18,FO,NSE,STO,107813,,ITC,,2026-02-24,2026-02-24,303.5,CE,ITC26FEB303.5CE,23.8,28.65,23.75,28.45,28.15,22.3,332.45,28.45,1366400,-121600,115,60846080.0,91,F1,1600,,,,,
2026-02-18,2026-02-18,FO,NSE,STO,108122,,ITC,,2026-02-24,2026-02-24,368.5,PE,ITC26FEB368.5PE,38.3,38.3,37.95,37.95,37.95,43.25,332.45,35.7,209600,-3200,2,1301200.0,2,F1,1600,,,,,
2026-02-18,2026-02-18,FO,NSE,STO,119189,,ITC,,2026-02-24,2026-02-24,298.5,CE,ITC26FEB298.5CE,29.0,33.0,29.0,32.0,32.0,27.05,332.45,34.2,454400,-11200,10,5265360.0,9,F1,1600,,,,,
2026-02-18,2026-02-18,FO,NSE,STO,107811,,ITC,,2026-02-24,2026-02-24,293.5,CE,ITC26FEB293.5CE,33.2,38.5,33.2,38.35,38.3,31.8,332.45,38.35,1124800,-140800,118,62192880.0,68,F1,1600,,,,,
2026-02-18,2026-02-18,FO,NSE,STO,37741,,ITC,,2026-02-24,2026-02-24,291.0,CE,ITC26FEB291CE,0.0,0.0,0.0,33.2,33.2,33.2,332.45,41.7,76800,0,0,0.0,0,F1,1600,,,,,
2026-02-18,2026-02-18,FO,NSE,STO,49844,,ITC,,2026-02-24,2026-02-24,255.0,CE,ITC26FEB255CE,0.0,0.0,0.0,59.7,0.0,59.7,332.45,77.7,0,0,0,0.0,0,F1,1600,,,,,
2026-02-18,2026-02-18,FO,NSE,STO,50131,,ITC,,2026-03-30,2026-03-30,280.0,CE,ITC26MAR280CE,53.0,53.0,53.0,53.0,53.0,37.6,332.45,54.15,1600,1600,1,532800.0,1,F1,1600,,,,,
2026-02-18,2026-02-18,FO,NSE,STO,50141,,ITC,,2026-03-30,2026-03-30,292.5,CE,ITC26MAR292.5CE,0.0,0.0,0.0,27.05,0.0,27.05,332.45,41.9,0,0,0,0.0,0,F1,1600,,,,,
2026-02-18,2026-02-18,FO,NSE,STO,50173,,ITC,,2026-03-30,2026-03-30,320.0,CE,ITC26MAR320CE,13.2,18.05,13.0,17.8,17.85,13.0,332.45,17.8,2363200,-81600,1036,557085920.0,720,F1,1600,,,,,
2026-02-18,2026-02-18,FO,NSE,STO,50194,,ITC,,2026-03-30,2026-03-30,340.0,CE,ITC26MAR340CE,4.6,6.85,4.6,6.7,6.7,4.5,332.45,6.7,2416000,689600,3279,1816315920.0,2275,F1,1600,,,,,
2026-02-18,2026-02-18,FO,NSE,STO,129551,,ITC,,2026-03-30,2026-03-30,341.0,CE,ITC26MAR341CE,4.9,6.4,4.9,6.3,6.25,4.3,332.45,6.3,166400,105600,134,74358320.0,101,F1,1600,,,,,
2026-02-18,2026-02-18,FO,NSE,STO,129553,,ITC,,2026-03-30,2026-03-30,346.0,CE,ITC26MAR346CE,4.15,4.95,3.75,4.75,4.75,3.35,332.45,4.55,96000,70400,83,46534160.0,60,F1,1600,,,,,
2026-02-18,2026-02-18,FO,NSE,STO,50389,,ITC,,2026-04-28,2026-04-28,280.0,CE,ITC26APR280CE,0.0,0.0,0.0,40.05,0.0,40.05,332.45,55.55,0,0,0,0.0,0,F1,1600,,,,,
2026-02-18,2026-02-18,FO,NSE,STO,50399,,ITC,,2026-04-28,2026-04-28,295.0,CE,ITC26APR295CE,0.0,0.0,0.0,28.25,0.0,28.25,332.45,41.4,0,0,0,0.0,0,F1,1600,,,,,
2026-02-18,2026-02-18,FO,NSE,STO,129802,,ITC,,2026-04-28,2026-04-28,328.5,CE,ITC26APR328.5CE,0.0,0.0,0.0,10.1,0.0,10.1,332.45,15.75,0,0,0,0.0,0,F1,1600,,,,,
2026-02-18,2026-02-18,FO,NSE,STO,50425,,ITC,,2026-04-28,2026-04-28,340.0,CE,ITC26APR340CE,0.0,0.0,0.0,6.45,0.0,6.45,332.45,10.0,0,0,0,0.0,0,F1,1600,,,,,
2026-02-18,2026-02-18,FO,NSE,STO,50451,,ITC,,2026-04-28,2026-04-28,360.0,CE,ITC26APR360CE,4.1,5.55,3.5,4.5,4.5,4.0,332.45,4.5,12800,9600,11,6421920.0,11,F1,1600,,,,,
2026-02-18,2026-02-18,FO,NSE,STO,49868,,ITC,,2026-02-24,2026-02-24,270.0,PE,ITC26FEB270PE,0.05,0.05,0.05,0.05,0.05,0.1,332.45,0.05,60800,-3200,12,5184960.0,2,F1,1600,,,,,
2026-02-18,2026-02-18,FO,NSE,STO,119184,,ITC,,2026-02-24,2026-02-24,278.5,PE,ITC26FEB278.5PE,0.1,0.1,0.05,0.05,0.05,0.1,332.45,0.05,436800,-152000,145,64624080.0,41,F1,1600,,,,,
2026-02-18,2026-02-18,FO,NSE,STO,129507,,ITC,,2026-03-30,2026-03-30,276.0,CE,ITC26MAR276CE,0.0,0.0,0.0,40.25,0.0,40.25,332.45,58.1,0,0,0,0.0,0,F1,1600,,,,,
2026-02-18,2026-02-18,FO,NSE,STO,39711,,ITC,,2026-03-30,2026-03-30,258.5,CE,ITC26MAR258.5CE,0.0,0.0,0.0,88.8,0.0,88.8,332.45,75.5,0,0,0,0.0,0,F1,1600,,,,,
2026-02-18,2026-02-18,FO,NSE,STO,119224,,ITC,,2026-02-24,2026-02-24,361.0,CE,ITC26FEB361CE,0.2,0.25,0.15,0.25,0.2,0.15,332.45,0.25,244800,16000,313,180900800.0,139,F1,1600,,,,,
2026-02-18,2026-02-18,FO,NSE,STO,49957,,ITC,,2026-02-24,2026-02-24,360.0,CE,ITC26FEB360CE,0.2,0.3,0.2,0.3,0.3,0.2,332.45,0.3,1523200,-84800,2019,1163752240.0,497,F1,1600,,,,,
2026-02-18,2026-02-18,FO,NSE,STO,119353,,ITC,,2026-02-24,2026-02-24,406.0,PE,ITC26FEB406PE,0.0,0.0,0.0,97.05,97.05,97.05,332.45,73.2,22400,0,0,0.0,0,F1,1600,,,,,
2026-02-18,2026-02-18,FO,NSE,STO,108214,,ITC,,2026-02-24,2026-02-24,453.5,PE,ITC26FEB453.5PE,123.0,123.0,122.0,122.0,122.0,128.45,332.45,120.65,35200,-4800,3,2764000.0,3,F1,1600,,,,,
2026-02-18,2026-02-18,FO,NSE,STO,50157,,ITC,,2026-03-30,2026-03-30,307.5,PE,ITC26MAR307.5PE,2.1,2.15,1.85,1.85,1.85,4.6,332.45,1.15,22400,19200,19,9407840.0,19,F1,1600,,,,,
2026-02-18,2026-02-18,FO,NSE,STO,50181,,ITC,,2026-03-30,2026-03-30,327.5,PE,ITC26MAR327.5PE,8.45,8.45,5.85,5.95,5.9,8.95,332.45,5.95,67200,64000,71,38001440.0,68,F1,1600,,,,,
2026-02-18,2026-02-18,FO,NSE,STO,50187,,ITC,,2026-03-30,2026-03-30,332.5,PE,ITC26MAR332.5PE,10.5,10.5,7.9,8.05,8.0,11.8,332.45,8.05,52800,51200,59,32205920.0,52,F1,1600,,,,,
2026-02-18,2026-02-18,FO,NSE,STO,50208,,ITC,,2026-03-30,2026-03-30,355.0,PE,ITC26MAR355PE,27.0,27.0,27.0,27.0,27.0,29.9,332.45,22.85,9600,3200,2,1222400.0,1,F1,1600,,,,,
2026-02-18,2026-02-18,FO,NSE,STO,50216,,ITC,,2026-03-30,2026-03-30,365.0,PE,ITC26MAR365PE,35.05,35.1,32.6,32.6,32.6,38.5,332.45,31.45,11200,8000,5,3196640.0,4,F1,1600,,,,,
2026-02-18,2026-02-18,FO,NSE,STO,37742,,ITC,,2026-02-24,2026-02-24,291.0,PE,ITC26FEB291PE,0.25,0.25,0.1,0.1,0.1,0.25,332.45,0.1,988800,59200,87,40526480.0,27,F1,1600,,,,,
2026-02-18,2026-02-18,FO,NSE,STO,50127,,ITC,,2026-03-30,2026-03-30,275.0,CE,ITC26MAR275CE,0.0,0.0,0.0,42.15,0.0,42.15,332.45,59.1,0,0,0,0.0,0,F1,1600,,,,,
2026-02-18,2026-02-18,FO,NSE,STO,108213,,ITC,,2026-02-24,2026-02-24,453.5,CE,ITC26FEB453.5CE,0.0,0.0,0.0,0.05,0.05,0.05,332.45,0.05,25600,0,0,0.0,0,F1,1600,,,,,
2026-02-18,2026-02-18,FO,NSE,STO,108191,,ITC,,2026-02-24,2026-02-24,398.5,CE,ITC26FEB398.5CE,0.0,0.0,0.0,0.05,0.05,0.05,332.45,0.05,350400,0,0,0.0,0,F1,1600,,,,,
2026-02-18,2026-02-18,FO,NSE,STO,49965,,ITC,,2026-02-24,2026-02-24,367.5,CE,ITC26FEB367.5CE,0.0,0.0,0.0,0.05,0.0,0.05,332.45,0.05,0,0,0,0.0,0,F1,1600,,,,,
2026-02-18,2026-02-18,FO,NSE,STO,119226,,ITC,,2026-02-24,2026-02-24,366.0,CE,ITC26FEB366CE,0.15,0.2,0.15,0.15,0.15,0.15,332.45,0.15,419200,-51200,75,43938400.0,42,F1,1600,,,,,
2026-02-18,2026-02-18,FO,NSE,STO,119220,,ITC,,2026-02-24,2026-02-24,356.0,CE,ITC26FEB356CE,0.3,0.4,0.25,0.35,0.35,0.2,332.45,0.35,464000,44800,766,436704240.0,255,F1,1600,,,,,
2026-02-18,2026-02-18,FO,NSE,STO,49947,,ITC,,2026-02-24,2026-02-24,347.5,CE,ITC26FEB347.5CE,0.45,0.75,0.45,0.65,0.7,0.35,332.45,0.65,358400,145600,452,251749920.0,293,F1,1600,,,,,
2026-02-18,2026-02-18,FO,NSE,STO,50147,,ITC,,2026-03-30,2026-03-30,300.0,CE,ITC26MAR300CE,30.7,35.45,30.7,35.25,35.4,28.8,332.45,35.25,340800,32000,174,92870880.0,72,F1,1600,,,,,
2026-02-18,2026-02-18,FO,NSE,STO,129811,,ITC,,2026-04-28,2026-04-28,343.5,PE,ITC26APR343.5PE,0.0,0.0,0.0,31.8,0.0,31.8,332.45,16.1,0,0,0,0.0,0,F1,1600,,,,,
2026-02-18,2026-02-18,FO,NSE,STO,50416,,ITC,,2026-04-28,2026-04-28,330.0,PE,ITC26APR330PE,0.0,0.0,0.0,20.9,0.0,20.9,332.45,9.05,0,0,0,0.0,0,F1,1600,,,,,
2026-02-18,2026-02-18,FO,NSE,STO,50398,,ITC,,2026-04-28,2026-04-28,290.0,PE,ITC26APR290PE,0.0,0.0,0.0,3.95,0.0,3.95,332.45,0.6,0,0,0,0.0,0,F1,1600,,,,,
2026-02-18,2026-02-18,FO,NSE,STO,50212,,ITC,,2026-03-30,2026-03-30,360.0,PE,ITC26MAR360PE,30.0,31.45,27.5,27.65,27.6,33.35,332.45,27.65,43200,17600,33,20520240.0,20,F1,1600,,,,,
2026-02-18,2026-02-18,FO,NSE,STO,50193,,ITC,,2026-03-30,2026-03-30,337.5,PE,ITC26MAR337.5PE,11.15,11.15,10.6,10.6,10.6,24.85,332.45,10.6,3200,3200,3,1672560.0,3,F1,1600,,,,,
2026-02-18,2026-02-18,FO,NSE,STO,50189,,ITC,,2026-03-30,2026-03-30,335.0,PE,ITC26MAR335PE,11.9,12.2,9.15,9.35,9.25,14.0,332.45,9.35,312000,304000,322,177740240.0,277,F1,1600,,,,,
2026-02-18,2026-02-18,FO,NSE,STO,50184,,ITC,,2026-03-30,2026-03-30,330.0,PE,ITC26MAR330PE,9.75,9.9,6.75,6.9,6.8,10.35,332.45,6.9,1552000,956800,1717,928874080.0,1275,F1,1600,,,,,
2026-02-18,2026-02-18,FO,NSE,STO,129542,,ITC,,2026-03-30,2026-03-30,316.0,PE,ITC26MAR316PE,3.5,3.85,2.8,2.85,2.8,4.45,332.45,2.85,105600,-8000,64,32684160.0,55,F1,1600,,,,,
2026-02-18,2026-02-18,FO,NSE,STO,129540,,ITC,,2026-03-30,2026-03-30,311.0,PE,ITC26MAR311PE,2.9,2.9,2.1,2.1,2.1,3.5,332.45,2.1,120000,-11200,67,33611440.0,52,F1,1600,,,,,
2026-02-18,2026-02-18,FO,NSE,STO,129515,,ITC,,2026-03-30,2026-03-30,286.0,PE,ITC26MAR286PE,0.0,0.0,0.0,2.45,0.0,2.45,332.45,0.1,0,0,0,0.0,0,F1,1600,,,,,
2026-02-18,2026-02-18,FO,NSE,STO,37774,,ITC,,2026-03-30,2026-03-30,278.5,PE,ITC26MAR278.5PE,0.45,0.5,0.45,0.45,0.45,1.05,332.45,0.45,96000,-36800,25,11158640.0,23,F1,1600,,,,,
2026-02-18,2026-02-18,FO,NSE,STO,43563,,ITC,,2026-03-30,2026-03-30,248.5,PE,ITC26MAR248.5PE,0.0,0.0,0.0,0.05,0.0,0.05,332.45,0.05,0,0,0,0.0,0,F1,1600,,,,,
2026-02-18,2026-02-18,FO,NSE,STO,108218,,ITC,,2026-02-24,2026-02-24,463.5,PE,ITC26FEB463.5PE,0.0,0.0,0.0,66.5,66.5,66.5,332.45,130.65,1600,0,0,0.0,0,F1,1600,,,,,
2026-02-18,2026-02-18,FO,NSE,STO,119298,,ITC,,2026-02-24,2026-02-24,396.0,PE,ITC26FEB396PE,0.0,0.0,0.0,77.0,77.0,77.0,332.45,63.2,11200,0,0,0.0,0,F1,1600,,,,,
2026-02-18,2026-02-18,FO,NSE,STO,49979,,ITC,,2026-02-24,2026-02-24,380.0,PE,ITC26FEB380PE,50.0,52.5,47.95,48.5,47.95,54.9,332.45,48.5,24000,0,17,11673200.0,17,F1,1600,,,,,
2026-02-18,2026-02-18,FO,NSE,STO,49962,,ITC,,2026-02-24,2026-02-24,365.0,PE,ITC26FEB365PE,0.0,0.0,0.0,50.0,0.0,50.0,332.45,32.2,0,0,0,0.0,0,F1,1600,,,,,
2026-02-18,2026-02-18,FO,NSE,STO,49956,,ITC,,2026-02-24,2026-02-24,357.5,PE,ITC26FEB357.5PE,0.0,0.0,0.0,42.6,0.0,42.6,332.45,24.75,0,0,0,0.0,0,F1,1600,,,,,
2026-02-18,2026-02-18,FO,NSE,STO,108053,,ITC,,2026-02-24,2026-02-24,353.5,PE,ITC26FEB353.5PE,26.7,26.8,21.95,22.1,21.95,28.65,332.45,22.1,992000,-172800,163,98332160.0,123,F1,1600,,,,,
2026-02-18,2026-02-18,FO,NSE,STO,107870,,ITC,,2026-02-24,2026-02-24,328.5,PE,ITC26FEB328.5PE,5.05,5.2,1.5,1.7,1.65,5.5,332.45,1.7,2236800,1353600,9179,4864743680.0,5631,F1,1600,,,,,
2026-02-18,2026-02-18,FO,NSE,STO,49918,,ITC,,2026-02-24,2026-02-24,327.5,PE,ITC26FEB327.5PE,4.4,4.55,1.25,1.4,1.3,4.8,332.45,1.4,1680000,915200,8025,4236621040.0,4909,F1,1600,,,,,
2026-02-18,2026-02-18,FO,NSE,STO,119196,,ITC,,2026-02-24,2026-02-24,316.0,PE,ITC26FEB316PE,0.5,0.65,0.1,0.2,0.1,0.7,332.45,0.2,1720000,246400,998,505108880.0,576,F1,1600,,,,,
2026-02-18,2026-02-18,FO,NSE,STO,107808,,ITC,,2026-02-24,2026-02-24,273.5,PE,ITC26FEB273.5PE,0.05,0.1,0.05,0.1,0.1,0.1,332.45,0.1,1091200,-3200,48,21009680.0,25,F1,1600,,,,,
2026-02-18,2026-02-18,FO,NSE,STO,107760,,ITC,,2026-02-24,2026-02-24,253.5,PE,ITC26FEB253.5PE,0.05,0.05,0.05,0.05,0.05,0.05,332.45,0.05,1796800,-11200,7,2839760.0,5,F1,1600,,,,,
2026-02-18,2026-02-18,FO,NSE,STO,129808,,ITC,,2026-04-28,2026-04-28,338.5,CE,ITC26APR338.5CE,0.0,0.0,0.0,7.0,0.0,7.0,332.45,10.65,0,0,0,0.0,0,F1,1600,,,,,
2026-02-18,2026-02-18,FO,NSE,STO,50413,,ITC,,2026-04-28,2026-04-28,325.0,CE,ITC26APR325CE,0.0,0.0,0.0,11.35,0.0,11.35,332.45,17.85,0,0,0,0.0,0,F1,1600,,,,,
2026-02-18,2026-02-18,FO,NSE,STO,49903,,ITC,,2026-02-24,2026-02-24,315.0,CE,ITC26FEB315CE,10.65,17.25,10.6,17.0,17.15,10.6,332.45,17.0,1332800,-51200,347,182595440.0,309,F1,1600,,,,,
2026-02-18,2026-02-18,FO,NSE,STO,119214,,ITC,,2026-02-24,2026-02-24,341.0,CE,ITC26FEB341CE,0.7,1.3,0.7,1.2,1.25,0.6,332.45,1.2,1497600,656000,1747,956030080.0,1132,F1,1600,,,,,
2026-02-18,2026-02-18,FO,NSE,STO,49955,,ITC,,2026-02-24,2026-02-24,357.5,CE,ITC26FEB357.5CE,0.25,0.4,0.25,0.3,0.25,0.25,332.45,0.3,304000,27200,73,41791040.0,41,F1,1600,,,,,
2026-02-18,2026-02-18,FO,NSE,STO,141013,,MAXHEALTH,,2026-04-28,2026-04-28,1020.0,CE,MAXHEALTH26APR1020CE,0.0,0.0,0.0,60.95,0.0,60.95,1086.25,103.8,0,0,0,0.0,0,F1,525,,,,,
2026-02-18,2026-02-18,FO,NSE,STO,140999,,MAXHEALTH,,2026-04-28,2026-04-28,880.0,CE,MAXHEALTH26APR880CE,0.0,0.0,0.0,137.0,0.0,137.0,1086.25,218.4,0,0,0,0.0,0,F1,525,,,,,
2026-02-18,2026-02-18,FO,NSE,STO,141001,,MAXHEALTH,,2026-04-28,2026-04-28,900.0,CE,MAXHEALTH26APR900CE,0.0,0.0,0.0,123.55,0.0,123.55,1086.25,200.05,0,0,0,0.0,0,F1,525,,,,,
2026-02-18,2026-02-18,FO,NSE,STO,141018,,MAXHEALTH,,2026-04-28,2026-04-28,1060.0,PE,MAXHEALTH26APR1060PE,0.0,0.0,0.0,114.95,0.0,114.95,1086.25,41.8,0,0,0,0.0,0,F1,525,,,,,
2026-02-18,2026-02-18,FO,NSE,STO,141006,,MAXHEALTH,,2026-04-28,2026-04-28,940.0,PE,MAXHEALTH26APR940PE,0.0,0.0,0.0,49.35,0.0,49.35,1086.25,9.0,0,0,0,0.0,0,F1,525,,,,,
2026-02-18,2026-02-18,FO,NSE,STO,137767,,MAXHEALTH,,2026-03-30,2026-03-30,1240.0,PE,MAXHEALTH26MAR1240PE,0.0,0.0,0.0,205.8,0.0,205.8,1086.25,153.0,0,0,0,0.0,0,F1,525,,,,,
2026-02-18,2026-02-18,FO,NSE,STO,140938,,MAXHEALTH,,2026-03-30,2026-03-30,1130.0,PE,MAXHEALTH26MAR1130PE,0.0,0.0,0.0,159.8,0.0,159.8,1086.25,66.95,0,0,0,0.0,0,F1,525,,,,,
2026-02-18,2026-02-18,FO,NSE,STO,137667,,MAXHEALTH,,2026-03-30,2026-03-30,900.0,PE,MAXHEALTH26MAR900PE,0.0,0.0,0.0,1.4,1.4,1.4,1086.25,1.3,8400,0,0,0.0,0,F1,525,,,,,
2026-02-18,2026-02-18,FO,NSE,STO,137491,,MAXHEALTH,,2026-02-24,2026-02-24,1130.0,PE,MAXHEALTH26FEB1130PE,0.0,0.0,0.0,125.0,125.0,125.0,1086.25,46.85,525,0,0,0.0,0,F1,525,,,,,
2026-02-18,2026-02-18,FO,NSE,STF,59420,,MAXHEALTH,,2026-02-24,2026-02-24,,,MAXHEALTH26FEBFUT,1058.45,1089.8,1058.45,1086.3,1086.7,1075.15,1086.25,1086.3,13391175,-208425,2214,1257835346.25,2030,F1,525,,,,,
2026-02-18,2026-02-18,FO,NSE,STO,137456,,MAXHEALTH,,2026-02-24,2026-02-24,900.0,CE,MAXHEALTH26FEB900CE,0.0,0.0,0.0,159.0,159.0,159.0,1086.25,187.05,525,0,0,0.0,0,F1,525,,,,,
2026-02-18,2026-02-18,FO,NSE,STO,137462,,MAXHEALTH,,2026-02-24,2026-02-24,940.0,CE,MAXHEALTH26FEB940CE,133.5,145.0,133.5,145.0,145.0,139.0,1086.25,147.1,44625,-1050,2,1133212.5,2,F1,525,,,,,
2026-02-18,2026-02-18,FO,NSE,STO,117597,,MAXHEALTH,,2026-02-24,2026-02-24,960.0,CE,MAXHEALTH26FEB960CE,120.0,122.5,120.0,122.5,122.5,115.7,1086.25,127.15,78750,-1050,2,1135312.5,2,F1,525,,,,,
2026-02-18,2026-02-18,FO,NSE,STO,117601,,MAXHEALTH,,2026-02-24,2026-02-24,1040.0,CE,MAXHEALTH26FEB1040CE,38.5,50.25,38.4,49.35,46.8,39.3,1086.25,49.35,102375,-26775,105,59812593.75,59,F1,525,,,,,
2026-02-18,2026-02-18,FO,NSE,STO,137656,,MAXHEALTH,,2026-03-30,2026-03-30,800.0,CE,MAXHEALTH26MAR800CE,0.0,0.0,0.0,258.6,0.0,258.6,1086.25,291.1,0,0,0,0.0,0,F1,525,,,,,
2026-02-18,2026-02-18,FO,NSE,STO,137674,,MAXHEALTH,,2026-03-30,2026-03-30,980.0,CE,MAXHEALTH26MAR980CE,0.0,0.0,0.0,39.3,39.3,39.3,1086.25,120.45,525,0,0,0.0,0,F1,525,,,,,
2026-02-18,2026-02-18,FO,NSE,STO,140933,,MAXHEALTH,,2026-03-30,2026-03-30,1090.0,CE,MAXHEALTH26MAR1090CE,0.0,0.0,0.0,32.4,32.4,32.4,1086.25,46.7,2100,0,0,0.0,0,F1,525,,,,,
2026-02-18,2026-02-18,FO,NSE,STO,137686,,MAXHEALTH,,2026-03-30,2026-03-30,1100.0,CE,MAXHEALTH26MAR1100CE,28.15,30.6,25.3,28.6,28.3,28.05,1086.25,28.6,170100,55650,239,141566958.75,145,F1,525,,,,,
2026-02-18,2026-02-18,FO,NSE,STO,137489,,MAXHEALTH,,2026-02-24,2026-02-24,1110.0,PE,MAXHEALTH26FEB1110PE,0.0,0.0,0.0,98.8,0.0,98.8,1086.25,31.4,0,0,0,0.0,0,F1,525,,,,,
2026-02-18,2026-02-18,FO,NSE,STO,137487,,MAXHEALTH,,2026-02-24,2026-02-24,1100.0,PE,MAXHEALTH26FEB1100PE,32.45,32.45,20.15,21.7,21.8,32.55,1086.25,21.7,69825,-2625,116,68393246.25,102,F1,525,,,,,
2026-02-18,2026-02-18,FO,NSE,STO,137485,,MAXHEALTH,,2026-02-24,2026-02-24,1090.0,PE,MAXHEALTH26FEB1090PE,19.0,19.85,14.0,14.9,15.5,76.35,1086.25,14.9,49875,25725,198,114947148.75,173,F1,525,,,,,
2026-02-18,2026-02-18,FO,NSE,STO,117602,,MAXHEALTH,,2026-02-24,2026-02-24,1040.0,PE,MAXHEALTH26FEB1040PE,3.85,5.05,1.45,1.6,1.6,4.75,1086.25,1.6,147525,-14700,313,171361601.25,269,F1,525,,,,,
2026-02-18,2026-02-18,FO,NSE,STO,117612,,MAXHEALTH,,2026-02-24,2026-02-24,1240.0,PE,MAXHEALTH26FEB1240PE,0.0,0.0,0.0,129.6,0.0,129.6,1086.25,152.65,0,0,0,0.0,0,F1,525,,,,,
2026-02-18,2026-02-18,FO,NSE,STO,137505,,MAXHEALTH,,2026-02-24,2026-02-24,1220.0,PE,MAXHEALTH26FEB1220PE,0.0,0.0,0.0,166.0,166.0,166.0,1086.25,132.7,0,0,0,0.0,0,F1,525,,,,,
2026-02-18,2026-02-18,FO,NSE,STO,137451,,MAXHEALTH,,2026-02-24,2026-02-24,860.0,PE,MAXHEALTH26FEB860PE,0.4,0.4,0.4,0.4,0.4,0.5,1086.25,0.05,80850,-1050,31,14003010.0,20,F1,525,,,,,
2026-02-18,2026-02-18,FO,NSE,STO,140997,,MAXHEALTH,,2026-04-28,2026-04-28,860.0,CE,MAXHEALTH26APR860CE,0.0,0.0,0.0,151.3,0.0,151.3,1086.25,237.15,0,0,0,0.0,0,F1,525,,,,,
2026-02-18,2026-02-18,FO,NSE,STO,137688,,MAXHEALTH,,2026-03-30,2026-03-30,1120.0,CE,MAXHEALTH26MAR1120CE,21.0,22.0,18.3,20.7,20.7,21.25,1086.25,20.7,47250,16275,77,46079775.0,56,F1,525,,,,,
2026-02-18,2026-02-18,FO,NSE,STO,137486,,MAXHEALTH,,2026-02-24,2026-02-24,1100.0,CE,MAXHEALTH26FEB1100CE,8.0,8.55,5.1,7.45,7.25,7.55,1086.25,7.45,306075,-47250,1371,796973808.75,1171,F1,525,,,,,
2026-02-18,2026-02-18,FO,NSE,STO,137482,,MAXHEALTH,,2026-02-24,2026-02-24,1070.0,CE,MAXHEALTH26FEB1070CE,18.75,24.65,14.75,22.6,21.75,19.1,1086.25,22.6,74550,-122850,969,554992593.75,721,F1,525,,,,,
2026-02-18,2026-02-18,FO,NSE,STO,137472,,MAXHEALTH,,2026-02-24,2026-02-24,1010.0,CE,MAXHEALTH26FEB1010CE,0.0,0.0,0.0,66.1,66.0,66.1,1086.25,77.75,40950,0,0,0.0,0,F1,525,,,,,
2026-02-18,2026-02-18,FO,NSE,STO,137454,,MAXHEALTH,,2026-02-24,2026-02-24,890.0,CE,MAXHEALTH26FEB890CE,0.0,0.0,0.0,169.35,0.0,169.35,1086.25,197.05,0,0,0,0.0,0,F1,525,,,,,
2026-02-18,2026-02-18,FO,NSE,STO,137438,,MAXHEALTH,,2026-02-24,2026-02-24,850.0,CE,MAXHEALTH26FEB850CE,0.0,0.0,0.0,214.8,214.8,214.8,1086.25,237.0,5775,0,0,0.0,0,F1,525,,,,,
2026-02-18,2026-02-18,FO,NSE,STO,141113,,MAXHEALTH,,2026-04-28,2026-04-28,1180.0,PE,MAXHEALTH26APR1180PE,0.0,0.0,0.0,205.7,0.0,205.7,1086.25,110.9,0,0,0,0.0,0,F1,525,,,,,
2026-02-18,2026-02-18,FO,NSE,STO,141053,,MAXHEALTH,,2026-04-28,2026-04-28,1160.0,PE,MAXHEALTH26APR1160PE,0.0,0.0,0.0,189.25,0.0,189.25,1086.25,97.0,0,0,0,0.0,0,F1,525,,,,,
2026-02-18,2026-02-18,FO,NSE,STO,137761,,MAXHEALTH,,2026-03-30,2026-03-30,1180.0,PE,MAXHEALTH26MAR1180PE,0.0,0.0,0.0,144.0,144.0,144.0,1086.25,102.6,1050,0,0,0.0,0,F1,525,,,,,
2026-02-18,2026-02-18,FO,NSE,STO,137759,,MAXHEALTH,,2026-03-30,2026-03-30,1160.0,PE,MAXHEALTH26MAR1160PE,0.0,0.0,0.0,103.0,103.0,103.0,1086.25,87.5,8400,0,0,0.0,0,F1,525,,,,,
2026-02-18,2026-02-18,FO,NSE,STO,140934,,MAXHEALTH,,2026-03-30,2026-03-30,1090.0,PE,MAXHEALTH26MAR1090PE,0.0,0.0,0.0,128.2,0.0,128.2,1086.25,43.9,0,0,0,0.0,0,F1,525,,,,,
2026-02-18,2026-02-18,FO,NSE,STO,137671,,MAXHEALTH,,2026-03-30,2026-03-30,940.0,PE,MAXHEALTH26MAR940PE,1.9,2.0,1.9,2.0,2.0,2.65,1086.25,2.0,9975,0,6,2967195.0,6,F1,525,,,,,
2026-02-18,2026-02-18,FO,NSE,STO,137669,,MAXHEALTH,,2026-03-30,2026-03-30,920.0,PE,MAXHEALTH26MAR920PE,0.0,0.0,0.0,20.3,20.3,20.3,1086.25,2.2,1050,0,0,0.0,0,F1,525,,,,,
2026-02-18,2026-02-18,FO,NSE,STO,137665,,MAXHEALTH,,2026-03-30,2026-03-30,880.0,PE,MAXHEALTH26MAR880PE,0.0,0.0,0.0,11.55,11.55,11.55,1086.25,0.7,1575,0,0,0.0,0,F1,525,,,,,
2026-02-18,2026-02-18,FO,NSE,STO,137658,,MAXHEALTH,,2026-03-30,2026-03-30,820.0,CE,MAXHEALTH26MAR820CE,0.0,0.0,0.0,240.9,0.0,240.9,1086.25,271.25,0,0,0,0.0,0,F1,525,,,,,
2026-02-18,2026-02-18,FO,NSE,STO,141008,,MAXHEALTH,,2026-04-28,2026-04-28,960.0,PE,MAXHEALTH26APR960PE,0.0,0.0,0.0,58.2,0.0,58.2,1086.25,12.2,0,0,0,0.0,0,F1,525,,,,,
2026-02-18,2026-02-18,FO,NSE,STO,141014,,MAXHEALTH,,2026-04-28,2026-04-28,1020.0,PE,MAXHEALTH26APR1020PE,0.0,0.0,0.0,89.85,0.0,89.85,1086.25,27.0,0,0,0,0.0,0,F1,525,,,,,
2026-02-18,2026-02-18,FO,NSE,STO,140898,,MAXHEALTH,,2026-03-30,2026-03-30,1050.0,PE,MAXHEALTH26MAR1050PE,16.0,16.0,14.6,15.5,15.25,99.4,1086.25,15.5,22050,22050,67,37469486.25,52,F1,525,,,,,
2026-02-18,2026-02-18,FO,NSE,STO,137683,,MAXHEALTH,,2026-03-30,2026-03-30,1060.0,PE,MAXHEALTH26MAR1060PE,0.0,0.0,0.0,25.75,25.75,25.75,1086.25,30.25,10500,0,0,0.0,0,F1,525,,,,,
2026-02-18,2026-02-18,FO,NSE,STO,141016,,MAXHEALTH,,2026-04-28,2026-04-28,1040.0,PE,MAXHEALTH26APR1040PE,0.0,0.0,0.0,102.0,0.0,102.0,1086.25,33.9,0,0,0,0.0,0,F1,525,,,,,
2026-02-18,2026-02-18,FO,NSE,STO,137416,,MAXHEALTH,,2026-02-24,2026-02-24,820.0,CE,MAXHEALTH26FEB820CE,0.0,0.0,0.0,231.5,0.0,231.5,1086.25,267.0,0,0,0,0.0,0,F1,525,,,,,
2026-02-18,2026-02-18,FO,NSE,STO,137474,,MAXHEALTH,,2026-02-24,2026-02-24,1020.0,CE,MAXHEALTH26FEB1020CE,64.95,68.8,64.15,66.65,66.2,57.0,1086.25,66.65,97650,-3150,10,5703180.0,10,F1,525,,,,,
2026-02-18,2026-02-18,FO,NSE,STO,137476,,MAXHEALTH,,2026-02-24,2026-02-24,1030.0,CE,MAXHEALTH26FEB1030CE,49.25,59.0,46.3,57.3,56.8,47.95,1086.25,57.3,65100,-525,15,8547000.0,14,F1,525,,,,,
2026-02-18,2026-02-18,FO,NSE,STO,137480,,MAXHEALTH,,2026-02-24,2026-02-24,1060.0,CE,MAXHEALTH26FEB1060CE,25.55,32.4,20.85,29.85,29.55,24.75,1086.25,29.85,110775,-35175,514,293643918.75,444,F1,525,,,,,
2026-02-18,2026-02-18,FO,NSE,STO,137666,,MAXHEALTH,,2026-03-30,2026-03-30,900.0,CE,MAXHEALTH26MAR900CE,0.0,0.0,0.0,105.25,105.25,105.25,1086.25,192.95,3150,0,0,0.0,0,F1,525,,,,,
2026-02-18,2026-02-18,FO,NSE,STO,117600,,MAXHEALTH,,2026-02-24,2026-02-24,1000.0,PE,MAXHEALTH26FEB1000PE,1.6,1.6,0.65,0.75,0.7,1.55,1086.25,0.75,471450,-19425,215,112993072.5,172,F1,525,,,,,
2026-02-18,2026-02-18,FO,NSE,STO,117553,,MAXHEALTH,,2026-02-24,2026-02-24,800.0,PE,MAXHEALTH26FEB800PE,0.05,2.5,0.05,0.2,0.2,0.2,1086.25,0.05,12075,4725,28,11767875.0,23,F1,525,,,,,
2026-02-18,2026-02-18,FO,NSE,STO,141025,,MAXHEALTH,,2026-04-28,2026-04-28,1140.0,CE,MAXHEALTH26APR1140CE,0.0,0.0,0.0,26.25,0.0,26.25,1086.25,42.0,0,0,0,0.0,0,F1,525,,,,,
2026-02-18,2026-02-18,FO,NSE,STO,141003,,MAXHEALTH,,2026-04-28,2026-04-28,920.0,CE,MAXHEALTH26APR920CE,0.0,0.0,0.0,110.95,0.0,110.95,1086.25,182.2,0,0,0,0.0,0,F1,525,,,,,
2026-02-18,2026-02-18,FO,NSE,STO,140901,,MAXHEALTH,,2026-03-30,2026-03-30,1070.0,CE,MAXHEALTH26MAR1070CE,44.0,45.8,44.0,45.8,45.8,45.95,1086.25,45.8,13125,-525,2,1170645.0,2,F1,525,,,,,
2026-02-18,2026-02-18,FO,NSE,STO,117605,,MAXHEALTH,,2026-02-24,2026-02-24,1120.0,CE,MAXHEALTH26FEB1120CE,3.95,3.95,2.35,3.2,3.05,3.9,1086.25,3.2,360150,0,390,229974780.0,358,F1,525,,,,,
2026-02-18,2026-02-18,FO,NSE,STO,137468,,MAXHEALTH,,2026-02-24,2026-02-24,980.0,CE,MAXHEALTH26FEB980CE,0.0,0.0,0.0,77.75,77.75,77.75,1086.25,107.2,67200,0,0,0.0,0,F1,525,,,,,
2026-02-18,2026-02-18,FO,NSE,STO,137488,,MAXHEALTH,,2026-02-24,2026-02-24,1110.0,CE,MAXHEALTH26FEB1110CE,5.0,5.8,3.6,4.95,4.8,5.3,1086.25,4.95,172200,-11025,410,239977552.5,372,F1,525,,,,,
2026-02-18,2026-02-18,FO,NSE,STO,137473,,MAXHEALTH,,2026-02-24,2026-02-24,1010.0,PE,MAXHEALTH26FEB1010PE,1.45,1.6,0.6,0.75,0.75,1.85,1086.25,0.75,77700,-2100,145,76974213.75,138,F1,525,,,,,
2026-02-18,2026-02-18,FO,NSE,STO,140882,,MAXHEALTH,,2026-03-30,2026-03-30,890.0,PE,MAXHEALTH26MAR890PE,0.0,0.0,0.0,16.75,16.75,16.75,1086.25,0.95,1050,0,0,0.0,0,F1,525,,,,,
2026-02-18,2026-02-18,FO,NSE,STO,137657,,MAXHEALTH,,2026-03-30,2026-03-30,800.0,PE,MAXHEALTH26MAR800PE,0.0,0.0,0.0,5.95,0.0,5.95,1086.25,0.05,0,0,0,0.0,0,F1,525,,,,,
2026-02-18,2026-02-18,FO,NSE,STO,117608,,MAXHEALTH,,2026-02-24,2026-02-24,1160.0,PE,MAXHEALTH26FEB1160PE,0.0,0.0,0.0,100.0,100.0,100.0,1086.25,73.75,5775,0,0,0.0,0,F1,525,,,,,
2026-02-18,2026-02-18,FO,NSE,STO,137470,,MAXHEALTH,,2026-02-24,2026-02-24,990.0,CE,MAXHEALTH26FEB990CE,0.0,0.0,0.0,67.05,67.05,67.05,1086.25,97.3,33600,0,0,0.0,0,F1,525,,,,,
2026-02-18,2026-02-18,FO,NSE,STO,137466,,MAXHEALTH,,2026-02-24,2026-02-24,970.0,CE,MAXHEALTH26FEB970CE,0.0,0.0,0.0,88.1,88.1,88.1,1086.25,117.15,53550,0,0,0.0,0,F1,525,,,,,
2026-02-18,2026-02-18,FO,NSE,STO,117592,,MAXHEALTH,,2026-02-24,2026-02-24,920.0,CE,MAXHEALTH26FEB920CE,0.0,0.0,0.0,122.0,122.0,122.0,1086.25,167.1,26775,0,0,0.0,0,F1,525,,,,,
2026-02-18,2026-02-18,FO,NSE,STO,137493,,MAXHEALTH,,2026-02-24,2026-02-24,1140.0,PE,MAXHEALTH26FEB1140PE,0.0,0.0,0.0,140.0,140.0,140.0,1086.25,55.4,525,0,0,0.0,0,F1,525,,,,,
2026-02-18,2026-02-18,FO,NSE,STO,117604,,MAXHEALTH,,2026-02-24,2026-02-24,1080.0,PE,MAXHEALTH26FEB1080PE,17.0,19.5,8.8,9.9,10.2,18.95,1086.25,9.9,126525,53550,885,507772203.75,804,F1,525,,,,,
2026-02-18,2026-02-18,FO,NSE,STO,137477,,MAXHEALTH,,2026-02-24,2026-02-24,1030.0,PE,MAXHEALTH26FEB1030PE,3.0,3.0,1.1,1.15,1.15,3.15,1086.25,1.15,446250,-3150,288,156042390.0,272,F1,525,,,,,
2026-02-18,2026-02-18,FO,NSE,STO,137455,,MAXHEALTH,,2026-02-24,2026-02-24,890.0,PE,MAXHEALTH26FEB890PE,0.3,0.35,0.25,0.3,0.3,0.5,1086.25,0.05,12600,-2100,10,4674048.75,8,F1,525,,,,,
2026-02-18,2026-02-18,FO,NSE,STO,137439,,MAXHEALTH,,2026-02-24,2026-02-24,850.0,PE,MAXHEALTH26FEB850PE,0.0,0.0,0.0,0.5,0.5,0.5,1086.25,0.05,8400,0,0,0.0,0,F1,525,,,,,
2026-02-18,2026-02-18,FO,NSE,STO,137435,,MAXHEALTH,,2026-02-24,2026-02-24,820.0,PE,MAXHEALTH26FEB820PE,0.25,0.3,0.25,0.3,0.3,0.3,1086.25,0.05,21000,4725,11,4737075.0,11,F1,525,,,,,
2026-02-18,2026-02-18,FO,NSE,STO,141007,,MAXHEALTH,,2026-04-28,2026-04-28,960.0,CE,MAXHEALTH26APR960CE,0.0,0.0,0.0,88.4,0.0,88.4,1086.25,148.4,0,0,0,0.0,0,F1,525,,,,,
2026-02-18,2026-02-18,FO,NSE,STO,137764,,MAXHEALTH,,2026-03-30,2026-03-30,1220.0,CE,MAXHEALTH26MAR1220CE,0.0,0.0,0.0,28.7,0.0,28.7,1086.25,9.05,0,0,0,0.0,0,F1,525,,,,,
2026-02-18,2026-02-18,FO,NSE,STO,140945,,MAXHEALTH,,2026-03-30,2026-03-30,1190.0,CE,MAXHEALTH26MAR1190CE,6.4,6.4,5.75,5.85,5.85,9.25,1086.25,5.85,17850,17850,46,28883820.0,43,F1,525,,,,,
2026-02-18,2026-02-18,FO,NSE,STO,137760,,MAXHEALTH,,2026-03-30,2026-03-30,1180.0,CE,MAXHEALTH26MAR1180CE,10.2,10.2,6.9,7.0,6.9,11.05,1086.25,7.0,17850,16800,41,25556816.25,31,F1,525,,,,,
2026-02-18,2026-02-18,FO,NSE,STO,140895,,MAXHEALTH,,2026-03-30,2026-03-30,1030.0,CE,MAXHEALTH26MAR1030CE,0.0,0.0,0.0,19.95,19.95,19.95,1086.25,82.15,2100,0,0,0.0,0,F1,525,,,,,
2026-02-18,2026-02-18,FO,NSE,STO,137672,,MAXHEALTH,,2026-03-30,2026-03-30,960.0,CE,MAXHEALTH26MAR960CE,0.0,0.0,0.0,133.25,0.0,133.25,1086.25,137.55,0,0,0,0.0,0,F1,525,,,,,
2026-02-18,2026-02-18,FO,NSE,STO,137668,,MAXHEALTH,,2026-03-30,2026-03-30,920.0,CE,MAXHEALTH26MAR920CE,0.0,0.0,0.0,160.65,0.0,160.65,1086.25,173.95,0,0,0,0.0,0,F1,525,,,,,
2026-02-18,2026-02-18,FO,NSE,STO,140879,,MAXHEALTH,,2026-03-30,2026-03-30,870.0,CE,MAXHEALTH26MAR870CE,0.0,0.0,0.0,131.75,0.0,131.75,1086.25,222.0,0,0,0,0.0,0,F1,525,,,,,
2026-02-18,2026-02-18,FO,NSE,STO,137685,,MAXHEALTH,,2026-03-30,2026-03-30,1080.0,PE,MAXHEALTH26MAR1080PE,31.6,32.75,25.75,26.95,26.95,33.8,1086.25,26.95,22575,15750,40,23259232.5,26,F1,525,,,,,
2026-02-18,2026-02-18,FO,NSE,STO,140894,,MAXHEALTH,,2026-03-30,2026-03-30,1010.0,PE,MAXHEALTH26MAR1010PE,0.0,0.0,0.0,19.05,19.05,19.05,1086.25,14.25,2100,0,0,0.0,0,F1,525,,,,,
2026-02-18,2026-02-18,FO,NSE,STO,137481,,MAXHEALTH,,2026-02-24,2026-02-24,1060.0,PE,MAXHEALTH26FEB1060PE,9.85,11.5,3.5,4.0,4.2,9.85,1086.25,4.0,148575,-77175,1050,587328052.5,772,F1,525,,,,,
2026-02-18,2026-02-18,FO,NSE,STO,117598,,MAXHEALTH,,2026-02-24,2026-02-24,960.0,PE,MAXHEALTH26FEB960PE,0.7,0.7,0.35,0.4,0.35,0.85,1086.25,0.4,127575,-9975,45,22692993.75,31,F1,525,,,,,
2026-02-18,2026-02-18,FO,NSE,STO,141114,,MAXHEALTH,,2026-04-28,2026-04-28,1200.0,CE,MAXHEALTH26APR1200CE,0.0,0.0,0.0,16.45,0.0,16.45,1086.25,24.3,0,0,0,0.0,0,F1,525,,,,,
2026-02-18,2026-02-18,FO,NSE,STO,141017,,MAXHEALTH,,2026-04-28,2026-04-28,1060.0,CE,MAXHEALTH26APR1060CE,0.0,0.0,0.0,46.7,0.0,46.7,1086.25,79.0,0,0,0,0.0,0,F1,525,,,,,
2026-02-18,2026-02-18,FO,NSE,STO,137676,,MAXHEALTH,,2026-03-30,2026-03-30,1000.0,CE,MAXHEALTH26MAR1000CE,0.0,0.0,0.0,88.05,88.05,88.05,1086.25,104.25,105000,0,0,0.0,0,F1,525,,,,,
2026-02-18,2026-02-18,FO,NSE,STO,140891,,MAXHEALTH,,2026-03-30,2026-03-30,990.0,CE,MAXHEALTH26MAR990CE,0.0,0.0,0.0,38.3,38.3,38.3,1086.25,112.2,1050,0,0,0.0,0,F1,525,,,,,
2026-02-18,2026-02-18,FO,NSE,STO,140885,,MAXHEALTH,,2026-03-30,2026-03-30,930.0,CE,MAXHEALTH26MAR930CE,0.0,0.0,0.0,90.6,0.0,90.6,1086.25,164.65,0,0,0,0.0,0,F1,525,,,,,
2026-02-18,2026-02-18,FO,NSE,STO,137494,,MAXHEALTH,,2026-02-24,2026-02-24,1150.0,CE,MAXHEALTH26FEB1150CE,1.5,1.5,0.95,1.15,1.1,1.5,1086.25,1.15,52500,16800,65,39283098.75,46,F1,525,,,,,
2026-02-18,2026-02-18,FO,NSE,STO,117599,,MAXHEALTH,,2026-02-24,2026-02-24,1000.0,CE,MAXHEALTH26FEB1000CE,80.6,88.85,79.5,87.75,85.8,76.4,1086.25,87.75,130725,-8925,36,20515582.5,30,F1,525,,,,,
2026-02-18,2026-02-18,FO,NSE,STO,140942,,MAXHEALTH,,2026-03-30,2026-03-30,1150.0,PE,MAXHEALTH26MAR1150PE,0.0,0.0,0.0,176.5,0.0,176.5,1086.25,80.35,0,0,0,0.0,0,F1,525,,,,,
2026-02-18,2026-02-18,FO,NSE,STO,141121,,MAXHEALTH,,2026-04-28,2026-04-28,1240.0,PE,MAXHEALTH26APR1240PE,0.0,0.0,0.0,257.4,0.0,257.4,1086.25,157.25,0,0,0,0.0,0,F1,525,,,,,
2026-02-18,2026-02-18,FO,NSE,STO,141118,,MAXHEALTH,,2026-04-28,2026-04-28,1240.0,CE,MAXHEALTH26APR1240CE,0.0,0.0,0.0,11.9,0.0,11.9,1086.25,16.3,0,0,0,0.0,0,F1,525,,,,,
2026-02-18,2026-02-18,FO,NSE,STO,140886,,MAXHEALTH,,2026-03-30,2026-03-30,930.0,PE,MAXHEALTH26MAR930PE,0.0,0.0,0.0,26.1,26.1,26.1,1086.25,2.8,525,0,0,0.0,0,F1,525,,,,,
2026-02-18,2026-02-18,FO,NSE,STO,137500,,MAXHEALTH,,2026-02-24,2026-02-24,1190.0,CE,MAXHEALTH26FEB1190CE,0.0,0.0,0.0,19.75,0.0,19.75,1086.25,0.2,0,0,0,0.0,0,F1,525,,,,,
2026-02-18,2026-02-18,FO,NSE,STO,140893,,MAXHEALTH,,2026-03-30,2026-03-30,1010.0,CE,MAXHEALTH26MAR1010CE,0.0,0.0,0.0,25.55,25.55,25.55,1086.25,96.6,2625,0,0,0.0,0,F1,525,,,,,
2026-02-18,2026-02-18,FO,NSE,STO,140937,,MAXHEALTH,,2026-03-30,2026-03-30,1130.0,CE,MAXHEALTH26MAR1130CE,18.05,18.35,18.05,18.35,18.35,18.05,1086.25,18.35,3150,1050,2,1205610.0,2,F1,525,,,,,
2026-02-18,2026-02-18,FO,NSE,STO,137492,,MAXHEALTH,,2026-02-24,2026-02-24,1140.0,CE,MAXHEALTH26FEB1140CE,1.4,1.8,1.25,1.65,1.55,2.0,1086.25,1.65,112875,2625,116,69522600.0,92,F1,525,,,,,
2026-02-18,2026-02-18,FO,NSE,STO,137490,,MAXHEALTH,,2026-02-24,2026-02-24,1130.0,CE,MAXHEALTH26FEB1130CE,2.25,2.55,1.75,2.25,2.1,2.8,1086.25,2.25,207375,-2100,314,186647816.25,230,F1,525,,,,,
2026-02-18,2026-02-18,FO,NSE,STO,137484,,MAXHEALTH,,2026-02-24,2026-02-24,1090.0,CE,MAXHEALTH26FEB1090CE,10.05,12.65,7.75,11.1,10.9,10.35,1086.25,11.1,102900,0,788,455430360.0,692,F1,525,,,,,
2026-02-18,2026-02-18,FO,NSE,STO,137679,,MAXHEALTH,,2026-03-30,2026-03-30,1020.0,PE,MAXHEALTH26MAR1020PE,8.5,8.8,8.3,8.5,8.8,13.0,1086.25,8.5,11025,-2625,10,5399493.75,9,F1,525,,,,,
2026-02-18,2026-02-18,FO,NSE,STO,137478,,MAXHEALTH,,2026-02-24,2026-02-24,1050.0,CE,MAXHEALTH26FEB1050CE,28.5,41.0,26.65,38.8,37.75,31.65,1086.25,38.8,116025,-130725,648,368702643.75,558,F1,525,,,,,
2026-02-18,2026-02-18,FO,NSE,STO,137464,,MAXHEALTH,,2026-02-24,2026-02-24,950.0,CE,MAXHEALTH26FEB950CE,0.0,0.0,0.0,126.0,126.0,126.0,1086.25,137.1,35175,0,0,0.0,0,F1,525,,,,,
2026-02-18,2026-02-18,FO,NSE,STO,137762,,MAXHEALTH,,2026-03-30,2026-03-30,1200.0,CE,MAXHEALTH26MAR1200CE,5.25,5.4,4.8,4.95,4.8,32.9,1086.25,4.95,36225,36225,89,56309400.0,59,F1,525,,,,,
2026-02-18,2026-02-18,FO,NSE,STO,117591,,MAXHEALTH,,2026-02-24,2026-02-24,880.0,PE,MAXHEALTH26FEB880PE,0.25,0.25,0.25,0.25,0.25,0.3,1086.25,0.05,35175,0,1,462131.25,1,F1,525,,,,,
2026-02-18,2026-02-18,FO,NSE,STO,117596,,MAXHEALTH,,2026-02-24,2026-02-24,920.0,PE,MAXHEALTH26FEB920PE,0.2,0.45,0.2,0.25,0.25,0.5,1086.25,0.05,76125,-2100,22,10628677.5,9,F1,525,,,,,
2026-02-18,2026-02-18,FO,NSE,STO,140996,,MAXHEALTH,,2026-04-28,2026-04-28,840.0,PE,MAXHEALTH26APR840PE,0.0,0.0,0.0,17.9,0.0,17.9,1086.25,1.3,0,0,0,0.0,0,F1,525,,,,,
2026-02-18,2026-02-18,FO,NSE,STO,141022,,MAXHEALTH,,2026-04-28,2026-04-28,1100.0,PE,MAXHEALTH26APR1100PE,0.0,0.0,0.0,142.85,0.0,142.85,1086.25,60.8,0,0,0,0.0,0,F1,525,,,,,
2026-02-18,2026-02-18,FO,NSE,STO,137475,,MAXHEALTH,,2026-02-24,2026-02-24,1020.0,PE,MAXHEALTH26FEB1020PE,1.8,2.0,0.8,0.9,0.8,2.35,1086.25,0.9,148050,-14700,230,123327330.0,184,F1,525,,,,,
2026-02-18,2026-02-18,FO,NSE,STO,141019,,MAXHEALTH,,2026-04-28,2026-04-28,1080.0,CE,MAXHEALTH26APR1080CE,0.0,0.0,0.0,40.6,0.0,40.6,1086.25,68.2,0,0,0,0.0,0,F1,525,,,,,
2026-02-18,2026-02-18,FO,NSE,STO,141009,,MAXHEALTH,,2026-04-28,2026-04-28,980.0,CE,MAXHEALTH26APR980CE,0.0,0.0,0.0,78.4,0.0,78.4,1086.25,132.65,0,0,0,0.0,0,F1,525,,,,,
2026-02-18,2026-02-18,FO,NSE,STO,137682,,MAXHEALTH,,2026-03-30,2026-03-30,1060.0,CE,MAXHEALTH26MAR1060CE,47.5,51.65,44.9,51.1,51.1,48.1,1086.25,51.1,17850,1050,20,11636205.0,20,F1,525,,,,,
2026-02-18,2026-02-18,FO,NSE,STO,140887,,MAXHEALTH,,2026-03-30,2026-03-30,950.0,CE,MAXHEALTH26MAR950CE,0.0,0.0,0.0,52.05,52.05,52.05,1086.25,146.4,525,0,0,0.0,0,F1,525,,,,,
2026-02-18,2026-02-18,FO,NSE,STO,137689,,MAXHEALTH,,2026-03-30,2026-03-30,1120.0,PE,MAXHEALTH26MAR1120PE,0.0,0.0,0.0,117.7,0.0,117.7,1086.25,60.7,0,0,0,0.0,0,F1,525,,,,,
2026-02-18,2026-02-18,FO,NSE,STO,137687,,MAXHEALTH,,2026-03-30,2026-03-30,1100.0,PE,MAXHEALTH26MAR1100PE,40.0,40.0,34.45,35.4,36.25,45.45,1086.25,35.4,75600,29925,88,52505932.5,73,F1,525,,,,,
2026-02-18,2026-02-18,FO,NSE,STO,140896,,MAXHEALTH,,2026-03-30,2026-03-30,1030.0,PE,MAXHEALTH26MAR1030PE,10.5,10.5,10.45,10.45,10.45,29.3,1086.25,10.45,2100,525,4,2184997.5,3,F1,525,,,,,
2026-02-18,2026-02-18,FO,NSE,STO,137670,,MAXHEALTH,,2026-03-30,2026-03-30,940.0,CE,MAXHEALTH26MAR940CE,145.0,154.0,145.0,154.0,154.0,57.55,1086.25,154.0,1575,1050,2,1143975.0,2,F1,525,,,,,
2026-02-18,2026-02-18,FO,NSE,STO,140881,,MAXHEALTH,,2026-03-30,2026-03-30,890.0,CE,MAXHEALTH26MAR890CE,0.0,0.0,0.0,117.1,0.0,117.1,1086.25,202.55,0,0,0,0.0,0,F1,525,,,,,
2026-02-18,2026-02-18,FO,NSE,STO,137660,,MAXHEALTH,,2026-03-30,2026-03-30,840.0,CE,MAXHEALTH26MAR840CE,0.0,0.0,0.0,223.65,0.0,223.65,1086.25,251.5,0,0,0,0.0,0,F1,525,,,,,
2026-02-18,2026-02-18,FO,NSE,STO,141012,,MAXHEALTH,,2026-04-28,2026-04-28,1000.0,PE,MAXHEALTH26APR1000PE,0.0,0.0,0.0,78.45,0.0,78.45,1086.25,21.15,0,0,0,0.0,0,F1,525,,,,,
2026-02-18,2026-02-18,FO,NSE,STO,137461,,MAXHEALTH,,2026-02-24,2026-02-24,930.0,PE,MAXHEALTH26FEB930PE,0.0,0.0,0.0,0.5,0.5,0.5,1086.25,0.05,158025,0,0,0.0,0,F1,525,,,,,
2026-02-18,2026-02-18,FO,NSE,STO,117611,,MAXHEALTH,,2026-02-24,2026-02-24,1240.0,CE,MAXHEALTH26FEB1240CE,0.0,0.0,0.0,0.4,0.4,0.4,1086.25,0.05,24150,0,0,0.0,0,F1,525,,,,,
2026-02-18,2026-02-18,FO,NSE,STO,137498,,MAXHEALTH,,2026-02-24,2026-02-24,1180.0,CE,MAXHEALTH26FEB1180CE,0.0,0.0,0.0,0.45,0.45,0.45,1086.25,0.35,6825,0,0,0.0,0,F1,525,,,,,
2026-02-18,2026-02-18,FO,NSE,STO,117603,,MAXHEALTH,,2026-02-24,2026-02-24,1080.0,CE,MAXHEALTH26FEB1080CE,14.15,18.0,10.8,16.1,15.3,14.15,1086.25,16.1,215250,57750,1807,1038905805.0,1516,F1,525,,,,,
2026-02-18,2026-02-18,FO,NSE,STO,137458,,MAXHEALTH,,2026-02-24,2026-02-24,910.0,CE,MAXHEALTH26FEB910CE,0.0,0.0,0.0,153.0,0.0,153.0,1086.25,177.05,0,0,0,0.0,0,F1,525,,,,,
2026-02-18,2026-02-18,FO,NSE,STO,117561,,MAXHEALTH,,2026-02-24,2026-02-24,840.0,CE,MAXHEALTH26FEB840CE,0.0,0.0,0.0,186.35,186.35,186.35,1086.25,247.0,1050,0,0,0.0,0,F1,525,,,,,
2026-02-18,2026-02-18,FO,NSE,STO,141054,,MAXHEALTH,,2026-04-28,2026-04-28,1180.0,CE,MAXHEALTH26APR1180CE,0.0,0.0,0.0,19.3,0.0,19.3,1086.25,29.35,0,0,0,0.0,0,F1,525,,,,,
2026-02-18,2026-02-18,FO,NSE,STO,141002,,MAXHEALTH,,2026-04-28,2026-04-28,900.0,PE,MAXHEALTH26APR900PE,0.0,0.0,0.0,34.25,0.0,34.25,1086.25,4.5,0,0,0,0.0,0,F1,525,,,,,
2026-02-18,2026-02-18,FO,NSE,STO,140992,,MAXHEALTH,,2026-04-28,2026-04-28,800.0,PE,MAXHEALTH26APR800PE,0.0,0.0,0.0,10.7,0.0,10.7,1086.25,0.45,0,0,0,0.0,0,F1,525,,,,,
2026-02-18,2026-02-18,FO,NSE,STO,140944,,MAXHEALTH,,2026-03-30,2026-03-30,1170.0,PE,MAXHEALTH26MAR1170PE,0.0,0.0,0.0,193.7,0.0,193.7,1086.25,94.95,0,0,0,0.0,0,F1,525,,,,,
2026-02-18,2026-02-18,FO,NSE,STO,140892,,MAXHEALTH,,2026-03-30,2026-03-30,990.0,PE,MAXHEALTH26MAR990PE,0.0,0.0,0.0,7.95,7.95,7.95,1086.25,10.0,4200,0,0,0.0,0,F1,525,,,,,
2026-02-18,2026-02-18,FO,NSE,STO,137501,,MAXHEALTH,,2026-02-24,2026-02-24,1190.0,PE,MAXHEALTH26FEB1190PE,0.0,0.0,0.0,157.95,0.0,157.95,1086.25,102.9,0,0,0,0.0,0,F1,525,,,,,
2026-02-18,2026-02-18,FO,NSE,STO,137471,,MAXHEALTH,,2026-02-24,2026-02-24,990.0,PE,MAXHEALTH26FEB990PE,0.7,0.75,0.65,0.7,0.7,1.2,1086.25,0.7,85050,525,23,11962623.75,16,F1,525,,,,,
2026-02-18,2026-02-18,FO,NSE,STO,137460,,MAXHEALTH,,2026-02-24,2026-02-24,930.0,CE,MAXHEALTH26FEB930CE,0.0,0.0,0.0,146.95,146.95,146.95,1086.25,157.1,25725,0,0,0.0,0,F1,525,,,,,
2026-02-18,2026-02-18,FO,NSE,STO,137661,,MAXHEALTH,,2026-03-30,2026-03-30,840.0,PE,MAXHEALTH26MAR840PE,0.0,0.0,0.0,9.05,9.05,9.05,1086.25,0.2,4200,0,0,0.0,0,F1,525,,,,,
2026-02-18,2026-02-18,FO,NSE,STO,141051,,MAXHEALTH,,2026-04-28,2026-04-28,1140.0,PE,MAXHEALTH26APR1140PE,0.0,0.0,0.0,173.3,0.0,173.3,1086.25,83.95,0,0,0,0.0,0,F1,525,,,,,
2026-02-18,2026-02-18,FO,NSE,STO,137504,,MAXHEALTH,,2026-02-24,2026-02-24,1220.0,CE,MAXHEALTH26FEB1220CE,0.0,0.0,0.0,14.85,0.0,14.85,1086.25,0.05,0,0,0,0.0,0,F1,525,,,,,
2026-02-18,2026-02-18,FO,NSE,STO,137452,,MAXHEALTH,,2026-02-24,2026-02-24,870.0,CE,MAXHEALTH26FEB870CE,0.0,0.0,0.0,186.4,0.0,186.4,1086.25,217.05,0,0,0,0.0,0,F1,525,,,,,
2026-02-18,2026-02-18,FO,NSE,STO,141004,,MAXHEALTH,,2026-04-28,2026-04-28,920.0,PE,MAXHEALTH26APR920PE,0.0,0.0,0.0,41.35,0.0,41.35,1086.25,6.45,0,0,0,0.0,0,F1,525,,,,,
2026-02-18,2026-02-18,FO,NSE,STO,141000,,MAXHEALTH,,2026-04-28,2026-04-28,880.0,PE,MAXHEALTH26APR880PE,0.0,0.0,0.0,28.05,0.0,28.05,1086.25,3.05,0,0,0,0.0,0,F1,525,,,,,
2026-02-18,2026-02-18,FO,NSE,STO,137659,,MAXHEALTH,,2026-03-30,2026-03-30,820.0,PE,MAXHEALTH26MAR820PE,0.0,0.0,0.0,7.95,0.0,7.95,1086.25,0.1,0,0,0,0.0,0,F1,525,,,,,
2026-02-18,2026-02-18,FO,NSE,STO,137459,,MAXHEALTH,,2026-02-24,2026-02-24,910.0,PE,MAXHEALTH26FEB910PE,0.0,0.0,0.0,0.6,0.6,0.6,1086.25,0.05,37275,0,0,0.0,0,F1,525,,,,,
2026-02-18,2026-02-18,FO,NSE,STO,137467,,MAXHEALTH,,2026-02-24,2026-02-24,970.0,PE,MAXHEALTH26FEB970PE,0.0,0.0,0.0,1.0,1.0,1.0,1086.25,0.05,51450,0,0,0.0,0,F1,525,,,,,
2026-02-18,2026-02-18,FO,NSE,STO,137479,,MAXHEALTH,,2026-02-24,2026-02-24,1050.0,PE,MAXHEALTH26FEB1050PE,5.3,6.65,2.25,2.4,2.55,6.85,1086.25,2.4,131250,-46725,713,394515397.5,584,F1,525,,,,,
2026-02-18,2026-02-18,FO,NSE,STO,137483,,MAXHEALTH,,2026-02-24,2026-02-24,1070.0,PE,MAXHEALTH26FEB1070PE,16.45,16.45,5.55,6.25,6.55,13.95,1086.25,6.25,218400,142275,988,559096676.25,719,F1,525,,,,,
2026-02-18,2026-02-18,FO,NSE,STO,140888,,MAXHEALTH,,2026-03-30,2026-03-30,950.0,PE,MAXHEALTH26MAR950PE,0.0,0.0,0.0,7.0,7.0,7.0,1086.25,4.45,37275,0,0,0.0,0,F1,525,,,,,
2026-02-18,2026-02-18,FO,NSE,STO,140902,,MAXHEALTH,,2026-03-30,2026-03-30,1070.0,PE,MAXHEALTH26MAR1070PE,29.9,30.2,21.9,21.9,21.9,29.9,1086.25,34.45,18375,12075,30,17266462.5,26,F1,525,,,,,
2026-02-18,2026-02-18,FO,NSE,STO,140946,,MAXHEALTH,,2026-03-30,2026-03-30,1190.0,PE,MAXHEALTH26MAR1190PE,0.0,0.0,0.0,211.35,0.0,211.35,1086.25,110.5,0,0,0,0.0,0,F1,525,,,,,
2026-02-18,2026-02-18,FO,NSE,STO,141024,,MAXHEALTH,,2026-04-28,2026-04-28,1120.0,PE,MAXHEALTH26APR1120PE,0.0,0.0,0.0,157.85,0.0,157.85,1086.25,71.9,0,0,0,0.0,0,F1,525,,,,,
2026-02-18,2026-02-18,FO,NSE,STO,137453,,MAXHEALTH,,2026-02-24,2026-02-24,870.0,PE,MAXHEALTH26FEB870PE,0.35,0.35,0.25,0.25,0.25,0.7,1086.25,0.05,8925,1050,5,2284563.75,4,F1,525,,,,,
2026-02-18,2026-02-18,FO,NSE,STO,141052,,MAXHEALTH,,2026-04-28,2026-04-28,1160.0,CE,MAXHEALTH26APR1160CE,0.0,0.0,0.0,22.55,0.0,22.55,1086.25,35.25,0,0,0,0.0,0,F1,525,,,,,
2026-02-18,2026-02-18,FO,NSE,STO,141011,,MAXHEALTH,,2026-04-28,2026-04-28,1000.0,CE,MAXHEALTH26APR1000CE,0.0,0.0,0.0,69.3,0.0,69.3,1086.25,117.75,0,0,0,0.0,0,F1,525,,,,,
2026-02-18,2026-02-18,FO,NSE,STO,140991,,MAXHEALTH,,2026-04-28,2026-04-28,800.0,CE,MAXHEALTH26APR800CE,0.0,0.0,0.0,198.45,0.0,198.45,1086.25,295.0,0,0,0,0.0,0,F1,525,,,,,
2026-02-18,2026-02-18,FO,NSE,STO,137766,,MAXHEALTH,,2026-03-30,2026-03-30,1240.0,CE,MAXHEALTH26MAR1240CE,2.85,2.85,2.7,2.75,2.75,11.4,1086.25,2.75,11550,11025,24,15659043.75,17,F1,525,,,,,
2026-02-18,2026-02-18,FO,NSE,STO,140943,,MAXHEALTH,,2026-03-30,2026-03-30,1170.0,CE,MAXHEALTH26MAR1170CE,0.0,0.0,0.0,9.65,9.65,9.65,1086.25,18.2,11025,0,0,0.0,0,F1,525,,,,,
2026-02-18,2026-02-18,FO,NSE,STO,140935,,MAXHEALTH,,2026-03-30,2026-03-30,1110.0,CE,MAXHEALTH26MAR1110CE,0.0,0.0,0.0,20.8,0.0,20.8,1086.25,37.7,0,0,0,0.0,0,F1,525,,,,,
2026-02-18,2026-02-18,FO,NSE,STO,140883,,MAXHEALTH,,2026-03-30,2026-03-30,910.0,CE,MAXHEALTH26MAR910CE,0.0,0.0,0.0,103.3,0.0,103.3,1086.25,183.4,0,0,0,0.0,0,F1,525,,,,,
2026-02-18,2026-02-18,FO,NSE,STO,137664,,MAXHEALTH,,2026-03-30,2026-03-30,880.0,CE,MAXHEALTH26MAR880CE,0.0,0.0,0.0,190.85,0.0,190.85,1086.25,212.25,0,0,0,0.0,0,F1,525,,,,,
2026-02-18,2026-02-18,FO,NSE,STO,117609,,MAXHEALTH,,2026-02-24,2026-02-24,1200.0,CE,MAXHEALTH26FEB1200CE,0.4,0.4,0.15,0.35,0.35,0.55,1086.25,0.35,53550,-19950,97,61127351.25,56,F1,525,,,,,
2026-02-18,2026-02-18,FO,NSE,STO,137496,,MAXHEALTH,,2026-02-24,2026-02-24,1170.0,CE,MAXHEALTH26FEB1170CE,0.75,0.8,0.5,0.65,0.65,0.9,1086.25,0.65,56175,0,34,20896653.75,22,F1,525,,,,,
2026-02-18,2026-02-18,FO,NSE,STO,117607,,MAXHEALTH,,2026-02-24,2026-02-24,1160.0,CE,MAXHEALTH26FEB1160CE,0.85,1.0,0.7,0.85,0.8,1.25,1086.25,0.85,161700,-2100,128,78010065.0,91,F1,525,,,,,
2026-02-18,2026-02-18,FO,NSE,STO,137463,,MAXHEALTH,,2026-02-24,2026-02-24,940.0,PE,MAXHEALTH26FEB940PE,0.65,0.65,0.25,0.3,0.3,0.7,1086.25,0.3,112350,-6825,22,10861383.75,21,F1,525,,,,,
2026-02-18,2026-02-18,FO,NSE,STF,51976,,MAXHEALTH,,2026-03-30,2026-03-30,,,MAXHEALTH26MARFUT,1078.65,1095.9,1077.8,1092.8,1093.95,1081.45,1086.25,1092.8,1045275,171150,666,380910862.5,641,F1,525,,,,,
2026-02-18,2026-02-18,FO,NSE,STF,66898,,MAXHEALTH,,2026-04-28,2026-04-28,,,MAXHEALTH26APRFUT,1097.0,1101.7,1096.55,1099.25,1099.2,1089.25,1086.25,1099.25,50925,4200,19,10962630.0,19,F1,525,,,,,
2026-02-18,2026-02-18,FO,NSE,STO,137440,,MAXHEALTH,,2026-02-24,2026-02-24,860.0,CE,MAXHEALTH26FEB860CE,0.0,0.0,0.0,195.15,0.0,195.15,1086.25,227.05,0,0,0,0.0,0,F1,525,,,,,
2026-02-18,2026-02-18,FO,NSE,STO,141115,,MAXHEALTH,,2026-04-28,2026-04-28,1200.0,PE,MAXHEALTH26APR1200PE,0.0,0.0,0.0,222.6,0.0,222.6,1086.25,125.65,0,0,0,0.0,0,F1,525,,,,,
2026-02-18,2026-02-18,FO,NSE,STO,137753,,MAXHEALTH,,2026-03-30,2026-03-30,1140.0,PE,MAXHEALTH26MAR1140PE,0.0,0.0,0.0,130.9,0.0,130.9,1086.25,73.5,0,0,0,0.0,0,F1,525,,,,,
2026-02-18,2026-02-18,FO,NSE,STO,137465,,MAXHEALTH,,2026-02-24,2026-02-24,950.0,PE,MAXHEALTH26FEB950PE,0.7,0.7,0.35,0.35,0.35,0.7,1086.25,0.35,66150,-29400,78,38922423.75,26,F1,525,,,,,
2026-02-18,2026-02-18,FO,NSE,STO,117606,,MAXHEALTH,,2026-02-24,2026-02-24,1120.0,PE,MAXHEALTH26FEB1120PE,39.0,39.0,37.85,38.45,37.85,51.55,1086.25,38.45,4725,525,2,1216346.25,2,F1,525,,,,,
2026-02-18,2026-02-18,FO,NSE,STO,140884,,MAXHEALTH,,2026-03-30,2026-03-30,910.0,PE,MAXHEALTH26MAR910PE,0.0,0.0,0.0,1.85,1.85,1.85,1086.25,1.7,2100,0,0,0.0,0,F1,525,,,,,
2026-02-18,2026-02-18,FO,NSE,STO,137673,,MAXHEALTH,,2026-03-30,2026-03-30,960.0,PE,MAXHEALTH26MAR960PE,4.0,4.0,3.9,3.9,3.9,4.8,1086.25,5.55,1050,-525,2,1012147.5,2,F1,525,,,,,
2026-02-18,2026-02-18,FO,NSE,STO,140890,,MAXHEALTH,,2026-03-30,2026-03-30,970.0,PE,MAXHEALTH26MAR970PE,0.0,0.0,0.0,5.65,5.65,5.65,1086.25,6.8,8925,0,0,0.0,0,F1,525,,,,,
2026-02-18,2026-02-18,FO,NSE,STO,137675,,MAXHEALTH,,2026-03-30,2026-03-30,980.0,PE,MAXHEALTH26MAR980PE,0.0,0.0,0.0,45.4,0.0,45.4,1086.25,8.3,0,0,0,0.0,0,F1,525,,,,,
2026-02-18,2026-02-18,FO,NSE,STO,141021,,MAXHEALTH,,2026-04-28,2026-04-28,1100.0,CE,MAXHEALTH26APR1100CE,0.0,0.0,0.0,35.2,0.0,35.2,1086.25,58.45,0,0,0,0.0,0,F1,525,,,,,
2026-02-18,2026-02-18,FO,NSE,STO,141015,,MAXHEALTH,,2026-04-28,2026-04-28,1040.0,CE,MAXHEALTH26APR1040CE,0.0,0.0,0.0,53.45,0.0,53.45,1086.25,90.9,0,0,0,0.0,0,F1,525,,,,,
2026-02-18,2026-02-18,FO,NSE,STO,137754,,MAXHEALTH,,2026-03-30,2026-03-30,1160.0,CE,MAXHEALTH26MAR1160CE,10.25,11.15,9.65,11.1,11.1,11.6,1086.25,20.75,34125,25725,63,38709615.0,43,F1,525,,,,,
2026-02-18,2026-02-18,FO,NSE,STO,137684,,MAXHEALTH,,2026-03-30,2026-03-30,1080.0,CE,MAXHEALTH26MAR1080CE,35.75,44.1,35.45,40.55,40.55,30.0,1086.25,40.55,9975,8925,38,22294125.0,33,F1,525,,,,,
2026-02-18,2026-02-18,FO,NSE,STO,140877,,MAXHEALTH,,2026-03-30,2026-03-30,850.0,CE,MAXHEALTH26MAR850CE,0.0,0.0,0.0,147.35,0.0,147.35,1086.25,241.65,0,0,0,0.0,0,F1,525,,,,,
2026-02-18,2026-02-18,FO,NSE,STO,117585,,MAXHEALTH,,2026-02-24,2026-02-24,880.0,CE,MAXHEALTH26FEB880CE,0.0,0.0,0.0,297.95,0.0,297.95,1086.25,207.05,0,0,0,0.0,0,F1,525,,,,,
2026-02-18,2026-02-18,FO,NSE,STO,117552,,MAXHEALTH,,2026-02-24,2026-02-24,800.0,CE,MAXHEALTH26FEB800CE,0.0,0.0,0.0,255.0,255.0,255.0,1086.25,286.95,1050,0,0,0.0,0,F1,525,,,,,
2026-02-18,2026-02-18,FO,NSE,STO,137681,,MAXHEALTH,,2026-03-30,2026-03-30,1040.0,PE,MAXHEALTH26MAR1040PE,0.0,0.0,0.0,18.0,18.0,18.0,1086.25,22.85,25200,0,0,0.0,0,F1,525,,,,,
2026-02-18,2026-02-18,FO,NSE,STO,141020,,MAXHEALTH,,2026-04-28,2026-04-28,1080.0,PE,MAXHEALTH26APR1080PE,0.0,0.0,0.0,128.6,0.0,128.6,1086.25,50.75,0,0,0,0.0,0,F1,525,,,,,
2026-02-18,2026-02-18,FO,NSE,STO,140936,,MAXHEALTH,,2026-03-30,2026-03-30,1110.0,PE,MAXHEALTH26MAR1110PE,0.0,0.0,0.0,143.7,0.0,143.7,1086.25,54.75,0,0,0,0.0,0,F1,525,,,,,
2026-02-18,2026-02-18,FO,NSE,STO,137457,,MAXHEALTH,,2026-02-24,2026-02-24,900.0,PE,MAXHEALTH26FEB900PE,0.35,0.4,0.15,0.15,0.15,0.45,1086.25,0.15,61950,-5775,45,21268983.75,38,F1,525,,,,,
2026-02-18,2026-02-18,FO,NSE,STO,140998,,MAXHEALTH,,2026-04-28,2026-04-28,860.0,PE,MAXHEALTH26APR860PE,0.0,0.0,0.0,22.6,0.0,22.6,1086.25,2.0,0,0,0,0.0,0,F1,525,,,,,
2026-02-18,2026-02-18,FO,NSE,STO,137677,,MAXHEALTH,,2026-03-30,2026-03-30,1000.0,PE,MAXHEALTH26MAR1000PE,8.05,8.65,5.75,5.9,6.1,8.7,1086.25,5.9,69825,-9975,189,99881407.5,133,F1,525,,,,,
2026-02-18,2026-02-18,FO,NSE,STO,137763,,MAXHEALTH,,2026-03-30,2026-03-30,1200.0,PE,MAXHEALTH26MAR1200PE,120.0,120.0,111.0,111.75,111.75,123.5,1086.25,111.75,205800,19425,38,26318643.75,5,F1,525,,,,,
2026-02-18,2026-02-18,FO,NSE,STO,137662,,MAXHEALTH,,2026-03-30,2026-03-30,860.0,CE,MAXHEALTH26MAR860CE,0.0,0.0,0.0,206.95,0.0,206.95,1086.25,231.8,0,0,0,0.0,0,F1,525,,,,,
2026-02-18,2026-02-18,FO,NSE,STO,140889,,MAXHEALTH,,2026-03-30,2026-03-30,970.0,CE,MAXHEALTH26MAR970CE,0.0,0.0,0.0,46.0,46.0,46.0,1086.25,128.9,1575,0,0,0.0,0,F1,525,,,,,
2026-02-18,2026-02-18,FO,NSE,STO,137678,,MAXHEALTH,,2026-03-30,2026-03-30,1020.0,CE,MAXHEALTH26MAR1020CE,0.0,0.0,0.0,45.0,45.0,45.0,1086.25,89.2,6825,0,0,0.0,0,F1,525,,,,,
2026-02-18,2026-02-18,FO,NSE,STO,137680,,MAXHEALTH,,2026-03-30,2026-03-30,1040.0,CE,MAXHEALTH26MAR1040CE,0.0,0.0,0.0,65.0,65.0,65.0,1086.25,75.35,50925,0,0,0.0,0,F1,525,,,,,
2026-02-18,2026-02-18,FO,NSE,STO,137497,,MAXHEALTH,,2026-02-24,2026-02-24,1170.0,PE,MAXHEALTH26FEB1170PE,0.0,0.0,0.0,142.15,0.0,142.15,1086.25,83.35,0,0,0,0.0,0,F1,525,,,,,
2026-02-18,2026-02-18,FO,NSE,STO,137499,,MAXHEALTH,,2026-02-24,2026-02-24,1180.0,PE,MAXHEALTH26FEB1180PE,0.0,0.0,0.0,136.6,136.6,136.6,1086.25,93.05,1575,0,0,0.0,0,F1,525,,,,,
2026-02-18,2026-02-18,FO,NSE,STO,117610,,MAXHEALTH,,2026-02-24,2026-02-24,1200.0,PE,MAXHEALTH26FEB1200PE,126.0,126.0,112.75,114.2,114.2,127.5,1086.25,114.2,96600,0,38,26426636.25,7,F1,525,,,,,
2026-02-18,2026-02-18,FO,NSE,STO,140878,,MAXHEALTH,,2026-03-30,2026-03-30,850.0,PE,MAXHEALTH26MAR850PE,0.0,0.0,0.0,12.95,0.0,12.95,1086.25,0.25,0,0,0,0.0,0,F1,525,,,,,
2026-02-18,2026-02-18,FO,NSE,STO,140880,,MAXHEALTH,,2026-03-30,2026-03-30,870.0,PE,MAXHEALTH26MAR870PE,0.0,0.0,0.0,12.8,12.8,12.8,1086.25,0.55,5775,0,0,0.0,0,F1,525,,,,,
2026-02-18,2026-02-18,FO,NSE,STO,137765,,MAXHEALTH,,2026-03-30,2026-03-30,1220.0,PE,MAXHEALTH26MAR1220PE,0.0,0.0,0.0,160.0,160.0,160.0,1086.25,135.5,1575,0,0,0.0,0,F1,525,,,,,
2026-02-18,2026-02-18,FO,NSE,STO,140897,,MAXHEALTH,,2026-03-30,2026-03-30,1050.0,CE,MAXHEALTH26MAR1050CE,52.0,59.15,52.0,58.4,58.55,54.0,1086.25,58.4,32550,-2100,18,10459102.5,18,F1,525,,,,,
2026-02-18,2026-02-18,FO,NSE,STO,137690,,MAXHEALTH,,2026-03-30,2026-03-30,1140.0,CE,MAXHEALTH26MAR1140CE,0.0,0.0,0.0,16.8,16.8,16.8,1086.25,26.6,1050,0,0,0.0,0,F1,525,,,,,
2026-02-18,2026-02-18,FO,NSE,STO,140941,,MAXHEALTH,,2026-03-30,2026-03-30,1150.0,CE,MAXHEALTH26MAR1150CE,0.0,0.0,0.0,14.05,0.0,14.05,1086.25,23.55,0,0,0,0.0,0,F1,525,,,,,
2026-02-18,2026-02-18,FO,NSE,STO,140995,,MAXHEALTH,,2026-04-28,2026-04-28,840.0,CE,MAXHEALTH26APR840CE,0.0,0.0,0.0,166.25,0.0,166.25,1086.25,256.2,0,0,0,0.0,0,F1,525,,,,,
2026-02-18,2026-02-18,FO,NSE,STO,141005,,MAXHEALTH,,2026-04-28,2026-04-28,940.0,CE,MAXHEALTH26APR940CE,0.0,0.0,0.0,99.25,0.0,99.25,1086.25,164.95,0,0,0,0.0,0,F1,525,,,,,
2026-02-18,2026-02-18,FO,NSE,STO,141023,,MAXHEALTH,,2026-04-28,2026-04-28,1120.0,CE,MAXHEALTH26APR1120CE,0.0,0.0,0.0,30.5,0.0,30.5,1086.25,49.75,0,0,0,0.0,0,F1,525,,,,,
2026-02-18,2026-02-18,FO,NSE,STO,117584,,MAXHEALTH,,2026-02-24,2026-02-24,840.0,PE,MAXHEALTH26FEB840PE,1.0,1.0,0.1,0.15,0.15,0.2,1086.25,0.05,9975,-2100,7,3088023.75,6,F1,525,,,,,
2026-02-18,2026-02-18,FO,NSE,STO,137469,,MAXHEALTH,,2026-02-24,2026-02-24,980.0,PE,MAXHEALTH26FEB980PE,0.8,0.9,0.65,0.65,0.65,1.15,1086.25,0.65,76125,-7350,28,14417497.5,28,F1,525,,,,,
2026-02-18,2026-02-18,FO,NSE,STO,137495,,MAXHEALTH,,2026-02-24,2026-02-24,1150.0,PE,MAXHEALTH26FEB1150PE,0.0,0.0,0.0,126.95,0.0,126.95,1086.25,64.45,0,0,0,0.0,0,F1,525,,,,,
2026-02-18,2026-02-18,FO,NSE,STO,137663,,MAXHEALTH,,2026-03-30,2026-03-30,860.0,PE,MAXHEALTH26MAR860PE,0.0,0.0,0.0,1.6,1.6,1.6,1086.25,0.4,525,0,0,0.0,0,F1,525,,,,,
2026-02-18,2026-02-18,FO,NSE,STO,141010,,MAXHEALTH,,2026-04-28,2026-04-28,980.0,PE,MAXHEALTH26APR980PE,0.0,0.0,0.0,67.9,0.0,67.9,1086.25,16.25,0,0,0,0.0,0,F1,525,,,,,
2026-02-18,2026-02-18,FO,NSE,IDO,74423,,NIFTYNXT50,,2026-04-28,2026-04-28,76500.0,PE,NIFTYNXT5026APR76500PE,0.0,0.0,0.0,8994.35,0.0,8994.35,70334.35,5804.55,0,0,0,0.0,0,F1,25,,,,,
2026-02-18,2026-02-18,FO,NSE,IDO,74585,,NIFTYNXT50,,2026-04-28,2026-04-28,80000.0,PE,NIFTYNXT5026APR80000PE,0.0,0.0,0.0,12211.4,0.0,12211.4,70334.35,8955.65,0,0,0,0.0,0,F1,25,,,,,
2026-02-18,2026-02-18,FO,NSE,IDO,66052,,NIFTYNXT50,,2026-02-24,2026-02-24,58000.0,CE,NIFTYNXT5026FEB58000CE,0.0,0.0,0.0,11152.35,0.0,11152.35,70334.35,12386.75,0,0,0,0.0,0,F1,25,,,,,
2026-02-18,2026-02-18,FO,NSE,IDO,74367,,NIFTYNXT50,,2026-04-28,2026-04-28,76000.0,PE,NIFTYNXT5026APR76000PE,0.0,0.0,0.0,8553.8,0.0,8553.8,70334.35,5387.7,0,0,0,0.0,0,F1,25,,,,,
2026-02-18,2026-02-18,FO,NSE,IDO,66587,,NIFTYNXT50,,2026-02-24,2026-02-24,63500.0,CE,NIFTYNXT5026FEB63500CE,0.0,0.0,0.0,6363.25,0.0,6363.25,70334.35,6891.75,0,0,0,0.0,0,F1,25,,,,,
2026-02-18,2026-02-18,FO,NSE,IDO,66632,,NIFTYNXT50,,2026-02-24,2026-02-24,65100.0,CE,NIFTYNXT5026FEB65100CE,0.0,0.0,0.0,5181.1,0.0,5181.1,70334.35,5293.25,0,0,0,0.0,0,F1,25,,,,,
2026-02-18,2026-02-18,FO,NSE,IDO,66829,,NIFTYNXT50,,2026-02-24,2026-02-24,66600.0,CE,NIFTYNXT5026FEB66600CE,0.0,0.0,0.0,1792.2,1792.2,1792.2,70334.35,3796.75,25,0,0,0.0,0,F1,25,,,,,
2026-02-18,2026-02-18,FO,NSE,IDO,66914,,NIFTYNXT50,,2026-02-24,2026-02-24,67300.0,CE,NIFTYNXT5026FEB67300CE,0.0,0.0,0.0,1599.7,1599.7,1599.7,70334.35,3104.65,25,0,0,0.0,0,F1,25,,,,,
2026-02-18,2026-02-18,FO,NSE,IDO,66922,,NIFTYNXT50,,2026-02-24,2026-02-24,67700.0,CE,NIFTYNXT5026FEB67700CE,0.0,0.0,0.0,3544.45,0.0,3544.45,70334.35,2715.35,0,0,0,0.0,0,F1,25,,,,,
2026-02-18,2026-02-18,FO,NSE,IDO,67210,,NIFTYNXT50,,2026-02-24,2026-02-24,69500.0,CE,NIFTYNXT5026FEB69500CE,899.9,999.0,701.1,977.9,995.8,713.75,70334.35,977.9,1725,-75,134,235653993.75,81,F1,25,,,,,
2026-02-18,2026-02-18,FO,NSE,IDO,67212,,NIFTYNXT50,,2026-02-24,2026-02-24,69600.0,CE,NIFTYNXT5026FEB69600CE,0.0,0.0,0.0,505.65,505.65,505.65,70334.35,1078.95,25,0,0,0.0,0,F1,25,,,,,
2026-02-18,2026-02-18,FO,NSE,IDO,56281,,NIFTYNXT50,,2026-03-30,2026-03-30,63500.0,PE,NIFTYNXT5026MAR63500PE,0.0,0.0,0.0,582.25,0.0,582.25,70334.35,35.05,0,0,0,0.0,0,F1,25,,,,,
2026-02-18,2026-02-18,FO,NSE,IDO,56269,,NIFTYNXT50,,2026-03-30,2026-03-30,63100.0,PE,NIFTYNXT5026MAR63100PE,0.0,0.0,0.0,513.55,0.0,513.55,70334.35,25.7,0,0,0,0.0,0,F1,25,,,,,
2026-02-18,2026-02-18,FO,NSE,IDO,74187,,NIFTYNXT50,,2026-04-28,2026-04-28,69600.0,PE,NIFTYNXT5026APR69600PE,0.0,0.0,0.0,3670.2,0.0,3670.2,70334.35,1372.55,0,0,0,0.0,0,F1,25,,,,,
2026-02-18,2026-02-18,FO,NSE,IDO,74202,,NIFTYNXT50,,2026-04-28,2026-04-28,70200.0,PE,NIFTYNXT5026APR70200PE,0.0,0.0,0.0,4050.7,0.0,4050.7,70334.35,1624.25,0,0,0,0.0,0,F1,25,,,,,
2026-02-18,2026-02-18,FO,NSE,IDO,74234,,NIFTYNXT50,,2026-04-28,2026-04-28,71000.0,PE,NIFTYNXT5026APR71000PE,0.0,0.0,0.0,4587.1,0.0,4587.1,70334.35,2002.75,0,0,0,0.0,0,F1,25,,,,,
2026-02-18,2026-02-18,FO,NSE,IDO,74281,,NIFTYNXT50,,2026-04-28,2026-04-28,71800.0,PE,NIFTYNXT5026APR71800PE,0.0,0.0,0.0,5154.85,0.0,5154.85,70334.35,2430.15,0,0,0,0.0,0,F1,25,,,,,
2026-02-18,2026-02-18,FO,NSE,IDO,74323,,NIFTYNXT50,,2026-04-28,2026-04-28,73800.0,PE,NIFTYNXT5026APR73800PE,0.0,0.0,0.0,6696.95,0.0,6696.95,70334.35,3701.7,0,0,0,0.0,0,F1,25,,,,,
2026-02-18,2026-02-18,FO,NSE,IDO,74192,,NIFTYNXT50,,2026-04-28,2026-04-28,69900.0,CE,NIFTYNXT5026APR69900CE,0.0,0.0,0.0,1725.05,0.0,1725.05,70334.35,2652.3,0,0,0,0.0,0,F1,25,,,,,
2026-02-18,2026-02-18,FO,NSE,IDO,66934,,NIFTYNXT50,,2026-02-24,2026-02-24,68300.0,CE,NIFTYNXT5026FEB68300CE,0.0,0.0,0.0,499.0,499.0,499.0,70334.35,2149.05,25,0,0,0.0,0,F1,25,,,,,
2026-02-18,2026-02-18,FO,NSE,IDO,56597,,NIFTYNXT50,,2026-03-30,2026-03-30,74700.0,PE,NIFTYNXT5026MAR74700PE,0.0,0.0,0.0,5904.95,0.0,5904.95,70334.35,4262.75,0,0,0,0.0,0,F1,25,,,,,
2026-02-18,2026-02-18,FO,NSE,IDO,56705,,NIFTYNXT50,,2026-03-30,2026-03-30,77000.0,PE,NIFTYNXT5026MAR77000PE,0.0,0.0,0.0,7757.8,0.0,7757.8,70334.35,6314.45,0,0,0,0.0,0,F1,25,,,,,
2026-02-18,2026-02-18,FO,NSE,IDO,73789,,NIFTYNXT50,,2026-04-28,2026-04-28,59000.0,PE,NIFTYNXT5026APR59000PE,0.0,0.0,0.0,223.15,0.0,223.15,70334.35,7.7,0,0,0,0.0,0,F1,25,,,,,
2026-02-18,2026-02-18,FO,NSE,IDO,73823,,NIFTYNXT50,,2026-04-28,2026-04-28,60500.0,PE,NIFTYNXT5026APR60500PE,0.0,0.0,0.0,386.8,0.0,386.8,70334.35,21.95,0,0,0,0.0,0,F1,25,,,,,
2026-02-18,2026-02-18,FO,NSE,IDO,74153,,NIFTYNXT50,,2026-04-28,2026-04-28,69000.0,PE,NIFTYNXT5026APR69000PE,0.0,0.0,0.0,3309.3,0.0,3309.3,70334.35,1148.05,0,0,0,0.0,0,F1,25,,,,,
2026-02-18,2026-02-18,FO,NSE,IDO,74149,,NIFTYNXT50,,2026-04-28,2026-04-28,68800.0,PE,NIFTYNXT5026APR68800PE,0.0,0.0,0.0,3193.45,0.0,3193.45,70334.35,1079.15,0,0,0,0.0,0,F1,25,,,,,
2026-02-18,2026-02-18,FO,NSE,IDO,66946,,NIFTYNXT50,,2026-02-24,2026-02-24,68900.0,CE,NIFTYNXT5026FEB68900CE,0.0,0.0,0.0,1100.0,1100.0,1100.0,70334.35,1619.85,50,0,0,0.0,0,F1,25,,,,,
2026-02-18,2026-02-18,FO,NSE,IDO,66982,,NIFTYNXT50,,2026-02-24,2026-02-24,69400.0,CE,NIFTYNXT5026FEB69400CE,0.0,0.0,0.0,630.0,630.0,630.0,70334.35,1223.2,50,0,0,0.0,0,F1,25,,,,,
2026-02-18,2026-02-18,FO,NSE,IDO,67353,,NIFTYNXT50,,2026-02-24,2026-02-24,71100.0,CE,NIFTYNXT5026FEB71100CE,0.0,0.0,0.0,1970.35,0.0,1970.35,70334.35,317.05,0,0,0,0.0,0,F1,25,,,,,
2026-02-18,2026-02-18,FO,NSE,IDO,67363,,NIFTYNXT50,,2026-02-24,2026-02-24,71600.0,CE,NIFTYNXT5026FEB71600CE,0.0,0.0,0.0,1791.4,0.0,1791.4,70334.35,185.8,0,0,0,0.0,0,F1,25,,,,,
2026-02-18,2026-02-18,FO,NSE,IDO,56166,,NIFTYNXT50,,2026-03-30,2026-03-30,61000.0,CE,NIFTYNXT5026MAR61000CE,0.0,0.0,0.0,8819.75,0.0,8819.75,70334.35,9704.95,0,0,0,0.0,0,F1,25,,,,,
2026-02-18,2026-02-18,FO,NSE,IDO,67483,,NIFTYNXT50,,2026-02-24,2026-02-24,72700.0,PE,NIFTYNXT5026FEB72700PE,0.0,0.0,0.0,4873.3,0.0,4873.3,70334.35,2344.6,0,0,0,0.0,0,F1,25,,,,,
2026-02-18,2026-02-18,FO,NSE,IDO,67348,,NIFTYNXT50,,2026-02-24,2026-02-24,70800.0,PE,NIFTYNXT5026FEB70800PE,0.0,0.0,0.0,3644.6,0.0,3644.6,70334.35,824.8,0,0,0,0.0,0,F1,25,,,,,
2026-02-18,2026-02-18,FO,NSE,IDO,66952,,NIFTYNXT50,,2026-02-24,2026-02-24,69000.0,PE,NIFTYNXT5026FEB69000PE,260.95,260.95,105.05,116.8,127.95,261.05,70334.35,116.8,2200,500,67,115887831.25,41,F1,25,,,,,
2026-02-18,2026-02-18,FO,NSE,IDO,66939,,NIFTYNXT50,,2026-02-24,2026-02-24,68500.0,PE,NIFTYNXT5026FEB68500PE,143.5,150.0,80.0,82.0,82.0,264.75,70334.35,82.0,375,25,21,36031602.5,14,F1,25,,,,,
2026-02-18,2026-02-18,FO,NSE,IDO,74085,,NIFTYNXT50,,2026-04-28,2026-04-28,67700.0,PE,NIFTYNXT5026APR67700PE,0.0,0.0,0.0,2597.55,0.0,2597.55,70334.35,750.9,0,0,0,0.0,0,F1,25,,,,,
2026-02-18,2026-02-18,FO,NSE,IDO,74034,,NIFTYNXT50,,2026-04-28,2026-04-28,66400.0,PE,NIFTYNXT5026APR66400PE,0.0,0.0,0.0,1985.35,0.0,1985.35,70334.35,464.35,0,0,0,0.0,0,F1,25,,,,,
2026-02-18,2026-02-18,FO,NSE,IDO,56258,,NIFTYNXT50,,2026-03-30,2026-03-30,62700.0,CE,NIFTYNXT5026MAR62700CE,0.0,0.0,0.0,7347.4,0.0,7347.4,70334.35,8029.75,0,0,0,0.0,0,F1,25,,,,,
2026-02-18,2026-02-18,FO,NSE,IDO,74014,,NIFTYNXT50,,2026-04-28,2026-04-28,65500.0,PE,NIFTYNXT5026APR65500PE,0.0,0.0,0.0,1620.2,0.0,1620.2,70334.35,321.2,0,0,0,0.0,0,F1,25,,,,,
2026-02-18,2026-02-18,FO,NSE,IDO,74006,,NIFTYNXT50,,2026-04-28,2026-04-28,65300.0,PE,NIFTYNXT5026APR65300PE,0.0,0.0,0.0,1545.5,0.0,1545.5,70334.35,294.7,0,0,0,0.0,0,F1,25,,,,,
2026-02-18,2026-02-18,FO,NSE,IDO,66929,,NIFTYNXT50,,2026-02-24,2026-02-24,68000.0,PE,NIFTYNXT5026FEB68000PE,101.05,111.35,70.0,79.75,79.75,101.05,70334.35,33.0,3600,300,64,108942042.5,55,F1,25,,,,,
2026-02-18,2026-02-18,FO,NSE,IDO,66895,,NIFTYNXT50,,2026-02-24,2026-02-24,67000.0,PE,NIFTYNXT5026FEB67000PE,70.0,71.75,37.0,37.05,37.0,70.0,70334.35,37.05,1125,600,32,53638208.75,10,F1,25,,,,,
2026-02-18,2026-02-18,FO,NSE,IDO,66588,,NIFTYNXT50,,2026-02-24,2026-02-24,63500.0,PE,NIFTYNXT5026FEB63500PE,0.0,0.0,0.0,733.95,0.0,733.95,70334.35,0.05,0,0,0,0.0,0,F1,25,,,,,
2026-02-18,2026-02-18,FO,NSE,IDO,66586,,NIFTYNXT50,,2026-02-24,2026-02-24,63400.0,PE,NIFTYNXT5026FEB63400PE,0.0,0.0,0.0,713.25,0.0,713.25,70334.35,0.05,0,0,0,0.0,0,F1,25,,,,,
2026-02-18,2026-02-18,FO,NSE,IDO,66512,,NIFTYNXT50,,2026-02-24,2026-02-24,62300.0,PE,NIFTYNXT5026FEB62300PE,0.0,0.0,0.0,512.95,0.0,512.95,70334.35,0.05,0,0,0,0.0,0,F1,25,,,,,
2026-02-18,2026-02-18,FO,NSE,IDO,66033,,NIFTYNXT50,,2026-02-24,2026-02-24,57000.0,PE,NIFTYNXT5026FEB57000PE,0.0,0.0,0.0,68.05,0.0,68.05,70334.35,0.05,0,0,0,0.0,0,F1,25,,,,,
2026-02-18,2026-02-18,FO,NSE,IDO,74304,,NIFTYNXT50,,2026-04-28,2026-04-28,72900.0,CE,NIFTYNXT5026APR72900CE,0.0,0.0,0.0,896.6,0.0,896.6,70334.35,1283.5,0,0,0,0.0,0,F1,25,,,,,
2026-02-18,2026-02-18,FO,NSE,IDO,74300,,NIFTYNXT50,,2026-04-28,2026-04-28,72700.0,CE,NIFTYNXT5026APR72700CE,0.0,0.0,0.0,939.25,0.0,939.25,70334.35,1354.1,0,0,0,0.0,0,F1,25,,,,,
2026-02-18,2026-02-18,FO,NSE,IDO,74292,,NIFTYNXT50,,2026-04-28,2026-04-28,72300.0,CE,NIFTYNXT5026APR72300CE,0.0,0.0,0.0,1031.8,0.0,1031.8,70334.35,1503.75,0,0,0,0.0,0,F1,25,,,,,
2026-02-18,2026-02-18,FO,NSE,IDO,74286,,NIFTYNXT50,,2026-04-28,2026-04-28,72100.0,CE,NIFTYNXT5026APR72100CE,0.0,0.0,0.0,1079.2,0.0,1079.2,70334.35,1582.95,0,0,0,0.0,0,F1,25,,,,,
2026-02-18,2026-02-18,FO,NSE,IDO,74027,,NIFTYNXT50,,2026-04-28,2026-04-28,66100.0,CE,NIFTYNXT5026APR66100CE,0.0,0.0,0.0,3467.15,0.0,3467.15,70334.35,5330.1,0,0,0,0.0,0,F1,25,,,,,
2026-02-18,2026-02-18,FO,NSE,IDO,73933,,NIFTYNXT50,,2026-04-28,2026-04-28,62600.0,CE,NIFTYNXT5026APR62600CE,0.0,0.0,0.0,5811.55,0.0,5811.55,70334.35,8460.0,0,0,0,0.0,0,F1,25,,,,,
2026-02-18,2026-02-18,FO,NSE,IDO,73913,,NIFTYNXT50,,2026-04-28,2026-04-28,62000.0,CE,NIFTYNXT5026APR62000CE,0.0,0.0,0.0,6277.45,0.0,6277.45,70334.35,9031.25,0,0,0,0.0,0,F1,25,,,,,
2026-02-18,2026-02-18,FO,NSE,IDO,73812,,NIFTYNXT50,,2026-04-28,2026-04-28,60000.0,CE,NIFTYNXT5026APR60000CE,0.0,0.0,0.0,7939.65,0.0,7939.65,70334.35,10970.65,0,0,0,0.0,0,F1,25,,,,,
2026-02-18,2026-02-18,FO,NSE,IDO,56704,,NIFTYNXT50,,2026-03-30,2026-03-30,77000.0,CE,NIFTYNXT5026MAR77000CE,0.0,0.0,0.0,565.65,0.0,565.65,70334.35,111.5,0,0,0,0.0,0,F1,25,,,,,
2026-02-18,2026-02-18,FO,NSE,IDO,56570,,NIFTYNXT50,,2026-03-30,2026-03-30,73700.0,CE,NIFTYNXT5026MAR73700CE,0.0,0.0,0.0,1216.45,0.0,1216.45,70334.35,533.25,0,0,0,0.0,0,F1,25,,,,,
2026-02-18,2026-02-18,FO,NSE,IDO,56504,,NIFTYNXT50,,2026-03-30,2026-03-30,71400.0,CE,NIFTYNXT5026MAR71400CE,0.0,0.0,0.0,1950.25,0.0,1950.25,70334.35,1261.15,0,0,0,0.0,0,F1,25,,,,,
2026-02-18,2026-02-18,FO,NSE,IDO,56464,,NIFTYNXT50,,2026-03-30,2026-03-30,70400.0,CE,NIFTYNXT5026MAR70400CE,0.0,0.0,0.0,2355.8,0.0,2355.8,70334.35,1733.1,0,0,0,0.0,0,F1,25,,,,,
2026-02-18,2026-02-18,FO,NSE,IDO,56448,,NIFTYNXT50,,2026-03-30,2026-03-30,69800.0,CE,NIFTYNXT5026MAR69800CE,0.0,0.0,0.0,2626.05,0.0,2626.05,70334.35,2064.9,0,0,0,0.0,0,F1,25,,,,,
2026-02-18,2026-02-18,FO,NSE,IDO,56410,,NIFTYNXT50,,2026-03-30,2026-03-30,68600.0,CE,NIFTYNXT5026MAR68600CE,0.0,0.0,0.0,3229.25,0.0,3229.25,70334.35,2835.2,0,0,0,0.0,0,F1,25,,,,,
2026-02-18,2026-02-18,FO,NSE,IDO,56372,,NIFTYNXT50,,2026-03-30,2026-03-30,66700.0,CE,NIFTYNXT5026MAR66700CE,0.0,0.0,0.0,4354.55,0.0,4354.55,70334.35,4311.0,0,0,0,0.0,0,F1,25,,,,,
2026-02-18,2026-02-18,FO,NSE,IDO,56300,,NIFTYNXT50,,2026-03-30,2026-03-30,64300.0,CE,NIFTYNXT5026MAR64300CE,0.0,0.0,0.0,6059.9,0.0,6059.9,70334.35,6483.65,0,0,0,0.0,0,F1,25,,,,,
2026-02-18,2026-02-18,FO,NSE,IDO,56264,,NIFTYNXT50,,2026-03-30,2026-03-30,63000.0,CE,NIFTYNXT5026MAR63000CE,0.0,0.0,0.0,7098.0,0.0,7098.0,70334.35,7736.65,0,0,0,0.0,0,F1,25,,,,,
2026-02-18,2026-02-18,FO,NSE,IDO,73995,,NIFTYNXT50,,2026-04-28,2026-04-28,65000.0,PE,NIFTYNXT5026APR65000PE,0.0,0.0,0.0,1437.8,0.0,1437.8,70334.35,258.2,0,0,0,0.0,0,F1,25,,,,,
2026-02-18,2026-02-18,FO,NSE,IDO,73942,,NIFTYNXT50,,2026-04-28,2026-04-28,63000.0,PE,NIFTYNXT5026APR63000PE,0.0,0.0,0.0,849.15,0.0,849.15,70334.35,97.1,0,0,0,0.0,0,F1,25,,,,,
2026-02-18,2026-02-18,FO,NSE,IDO,73846,,NIFTYNXT50,,2026-04-28,2026-04-28,61500.0,PE,NIFTYNXT5026APR61500PE,0.0,0.0,0.0,539.65,0.0,539.65,70334.35,41.35,0,0,0,0.0,0,F1,25,,,,,
2026-02-18,2026-02-18,FO,NSE,IDO,56270,,NIFTYNXT50,,2026-03-30,2026-03-30,63200.0,CE,NIFTYNXT5026MAR63200CE,0.0,0.0,0.0,6933.65,0.0,6933.65,70334.35,7541.95,0,0,0,0.0,0,F1,25,,,,,
2026-02-18,2026-02-18,FO,NSE,IDO,66523,,NIFTYNXT50,,2026-02-24,2026-02-24,62900.0,CE,NIFTYNXT5026FEB62900CE,0.0,0.0,0.0,6836.3,0.0,6836.3,70334.35,7491.2,0,0,0,0.0,0,F1,25,,,,,
2026-02-18,2026-02-18,FO,NSE,IDO,66589,,NIFTYNXT50,,2026-02-24,2026-02-24,63600.0,CE,NIFTYNXT5026FEB63600CE,0.0,0.0,0.0,6285.95,0.0,6285.95,70334.35,6791.8,0,0,0,0.0,0,F1,25,,,,,
2026-02-18,2026-02-18,FO,NSE,IDO,66597,,NIFTYNXT50,,2026-02-24,2026-02-24,64000.0,CE,NIFTYNXT5026FEB64000CE,0.0,0.0,0.0,5981.15,0.0,5981.15,70334.35,6392.2,0,0,0,0.0,0,F1,25,,,,,
2026-02-18,2026-02-18,FO,NSE,IDO,66619,,NIFTYNXT50,,2026-02-24,2026-02-24,64500.0,CE,NIFTYNXT5026FEB64500CE,0.0,0.0,0.0,5613.1,0.0,5613.1,70334.35,5892.65,0,0,0,0.0,0,F1,25,,,,,
2026-02-18,2026-02-18,FO,NSE,IDO,66932,,NIFTYNXT50,,2026-02-24,2026-02-24,68200.0,CE,NIFTYNXT5026FEB68200CE,0.0,0.0,0.0,1700.0,1700.0,1700.0,70334.35,2241.4,75,0,0,0.0,0,F1,25,,,,,
2026-02-18,2026-02-18,FO,NSE,IDO,56519,,NIFTYNXT50,,2026-03-30,2026-03-30,71900.0,PE,NIFTYNXT5026MAR71900PE,0.0,0.0,0.0,3935.55,0.0,3935.55,70334.35,2196.0,0,0,0,0.0,0,F1,25,,,,,
2026-02-18,2026-02-18,FO,NSE,IDO,56511,,NIFTYNXT50,,2026-03-30,2026-03-30,71700.0,PE,NIFTYNXT5026MAR71700PE,0.0,0.0,0.0,3809.85,0.0,3809.85,70334.35,2073.8,0,0,0,0.0,0,F1,25,,,,,
2026-02-18,2026-02-18,FO,NSE,IDO,56499,,NIFTYNXT50,,2026-03-30,2026-03-30,71200.0,PE,NIFTYNXT5026MAR71200PE,0.0,0.0,0.0,3504.95,0.0,3504.95,70334.35,1785.3,0,0,0,0.0,0,F1,25,,,,,
2026-02-18,2026-02-18,FO,NSE,IDO,56447,,NIFTYNXT50,,2026-03-30,2026-03-30,69700.0,PE,NIFTYNXT5026MAR69700PE,0.0,0.0,0.0,2673.3,0.0,2673.3,70334.35,1070.5,0,0,0,0.0,0,F1,25,,,,,
2026-02-18,2026-02-18,FO,NSE,IDO,56443,,NIFTYNXT50,,2026-03-30,2026-03-30,69500.0,PE,NIFTYNXT5026MAR69500PE,0.0,0.0,0.0,2572.1,0.0,2572.1,70334.35,992.35,0,0,0,0.0,0,F1,25,,,,,
2026-02-18,2026-02-18,FO,NSE,IDO,56375,,NIFTYNXT50,,2026-03-30,2026-03-30,66800.0,PE,NIFTYNXT5026MAR66800PE,0.0,0.0,0.0,1433.35,0.0,1433.35,70334.35,290.95,0,0,0,0.0,0,F1,25,,,,,
2026-02-18,2026-02-18,FO,NSE,IDO,56333,,NIFTYNXT50,,2026-03-30,2026-03-30,65300.0,PE,NIFTYNXT5026MAR65300PE,0.0,0.0,0.0,981.35,0.0,981.35,70334.35,122.15,0,0,0,0.0,0,F1,25,,,,,
2026-02-18,2026-02-18,FO,NSE,IDO,56348,,NIFTYNXT50,,2026-03-30,2026-03-30,65700.0,CE,NIFTYNXT5026MAR65700CE,0.0,0.0,0.0,5028.3,0.0,5028.3,70334.35,5185.35,0,0,0,0.0,0,F1,25,,,,,
2026-02-18,2026-02-18,FO,NSE,IDO,56340,,NIFTYNXT50,,2026-03-30,2026-03-30,65600.0,CE,NIFTYNXT5026MAR65600CE,0.0,0.0,0.0,5101.5,0.0,5101.5,70334.35,5275.55,0,0,0,0.0,0,F1,25,,,,,
2026-02-18,2026-02-18,FO,NSE,IDO,56320,,NIFTYNXT50,,2026-03-30,2026-03-30,64900.0,CE,NIFTYNXT5026MAR64900CE,0.0,0.0,0.0,5606.4,0.0,5606.4,70334.35,5918.8,0,0,0,0.0,0,F1,25,,,,,
2026-02-18,2026-02-18,FO,NSE,IDO,56280,,NIFTYNXT50,,2026-03-30,2026-03-30,63500.0,CE,NIFTYNXT5026MAR63500CE,0.0,0.0,0.0,6690.25,0.0,6690.25,70334.35,7251.0,0,0,0,0.0,0,F1,25,,,,,
2026-02-18,2026-02-18,FO,NSE,IDO,56152,,NIFTYNXT50,,2026-03-30,2026-03-30,60500.0,CE,NIFTYNXT5026MAR60500CE,0.0,0.0,0.0,9269.25,0.0,9269.25,70334.35,10200.35,0,0,0,0.0,0,F1,25,,,,,
2026-02-18,2026-02-18,FO,NSE,IDO,67862,,NIFTYNXT50,,2026-02-24,2026-02-24,77000.0,CE,NIFTYNXT5026FEB77000CE,0.0,0.0,0.0,556.0,0.0,556.0,70334.35,0.05,0,0,0,0.0,0,F1,25,,,,,
2026-02-18,2026-02-18,FO,NSE,IDO,67369,,NIFTYNXT50,,2026-02-24,2026-02-24,71900.0,CE,NIFTYNXT5026FEB71900CE,0.0,0.0,0.0,1690.1,0.0,1690.1,70334.35,130.4,0,0,0,0.0,0,F1,25,,,,,
2026-02-18,2026-02-18,FO,NSE,IDO,67367,,NIFTYNXT50,,2026-02-24,2026-02-24,71800.0,CE,NIFTYNXT5026FEB71800CE,0.0,0.0,0.0,1723.35,0.0,1723.35,70334.35,147.15,0,0,0,0.0,0,F1,25,,,,,
2026-02-18,2026-02-18,FO,NSE,IDO,67365,,NIFTYNXT50,,2026-02-24,2026-02-24,71700.0,CE,NIFTYNXT5026FEB71700CE,0.0,0.0,0.0,1757.15,0.0,1757.15,70334.35,165.55,0,0,0,0.0,0,F1,25,,,,,
2026-02-18,2026-02-18,FO,NSE,IDO,67357,,NIFTYNXT50,,2026-02-24,2026-02-24,71300.0,CE,NIFTYNXT5026FEB71300CE,0.0,0.0,0.0,1897.25,0.0,1897.25,70334.35,258.1,0,0,0,0.0,0,F1,25,,,,,
2026-02-18,2026-02-18,FO,NSE,IDO,67347,,NIFTYNXT50,,2026-02-24,2026-02-24,70800.0,CE,NIFTYNXT5026FEB70800CE,0.0,0.0,0.0,170.15,170.15,170.15,70334.35,423.1,200,0,0,0.0,0,F1,25,,,,,
2026-02-18,2026-02-18,FO,NSE,IDO,74309,,NIFTYNXT50,,2026-04-28,2026-04-28,73100.0,PE,NIFTYNXT5026APR73100PE,0.0,0.0,0.0,6139.5,0.0,6139.5,70334.35,3225.25,0,0,0,0.0,0,F1,25,,,,,
2026-02-18,2026-02-18,FO,NSE,IDO,74263,,NIFTYNXT50,,2026-04-28,2026-04-28,71200.0,PE,NIFTYNXT5026APR71200PE,0.0,0.0,0.0,4726.2,0.0,4726.2,70334.35,2105.05,0,0,0,0.0,0,F1,25,,,,,
2026-02-18,2026-02-18,FO,NSE,IDO,74211,,NIFTYNXT50,,2026-04-28,2026-04-28,70600.0,PE,NIFTYNXT5026APR70600PE,0.0,0.0,0.0,4314.85,0.0,4314.85,70334.35,1807.35,0,0,0,0.0,0,F1,25,,,,,
2026-02-18,2026-02-18,FO,NSE,IDO,74121,,NIFTYNXT50,,2026-04-28,2026-04-28,68000.0,PE,NIFTYNXT5026APR68000PE,0.0,0.0,0.0,2753.05,0.0,2753.05,70334.35,832.15,0,0,0,0.0,0,F1,25,,,,,
2026-02-18,2026-02-18,FO,NSE,IDO,73987,,NIFTYNXT50,,2026-04-28,2026-04-28,64800.0,PE,NIFTYNXT5026APR64800PE,0.0,0.0,0.0,1368.9,0.0,1368.9,70334.35,235.95,0,0,0,0.0,0,F1,25,,,,,
2026-02-18,2026-02-18,FO,NSE,IDO,73914,,NIFTYNXT50,,2026-04-28,2026-04-28,62000.0,PE,NIFTYNXT5026APR62000PE,0.0,0.0,0.0,631.4,0.0,631.4,70334.35,55.65,0,0,0,0.0,0,F1,25,,,,,
2026-02-18,2026-02-18,FO,NSE,IDO,73801,,NIFTYNXT50,,2026-04-28,2026-04-28,59500.0,PE,NIFTYNXT5026APR59500PE,0.0,0.0,0.0,269.95,0.0,269.95,70334.35,11.05,0,0,0,0.0,0,F1,25,,,,,
2026-02-18,2026-02-18,FO,NSE,IDO,56621,,NIFTYNXT50,,2026-03-30,2026-03-30,75500.0,PE,NIFTYNXT5026MAR75500PE,0.0,0.0,0.0,6526.35,0.0,6526.35,70334.35,4950.4,0,0,0,0.0,0,F1,25,,,,,
2026-02-18,2026-02-18,FO,NSE,IDO,56587,,NIFTYNXT50,,2026-03-30,2026-03-30,74300.0,PE,NIFTYNXT5026MAR74300PE,0.0,0.0,0.0,5601.8,0.0,5601.8,70334.35,3932.3,0,0,0,0.0,0,F1,25,,,,,
2026-02-18,2026-02-18,FO,NSE,IDO,56573,,NIFTYNXT50,,2026-03-30,2026-03-30,73800.0,PE,NIFTYNXT5026MAR73800PE,0.0,0.0,0.0,5229.8,0.0,5229.8,70334.35,3533.7,0,0,0,0.0,0,F1,25,,,,,
2026-02-18,2026-02-18,FO,NSE,IDO,56515,,NIFTYNXT50,,2026-03-30,2026-03-30,71800.0,PE,NIFTYNXT5026MAR71800PE,0.0,0.0,0.0,3872.45,0.0,3872.45,70334.35,2134.4,0,0,0,0.0,0,F1,25,,,,,
2026-02-18,2026-02-18,FO,NSE,IDO,56463,,NIFTYNXT50,,2026-03-30,2026-03-30,70300.0,PE,NIFTYNXT5026MAR70300PE,0.0,0.0,0.0,2990.7,0.0,2990.7,70334.35,1329.1,0,0,0,0.0,0,F1,25,,,,,
2026-02-18,2026-02-18,FO,NSE,IDO,56461,,NIFTYNXT50,,2026-03-30,2026-03-30,70200.0,PE,NIFTYNXT5026MAR70200PE,0.0,0.0,0.0,2936.4,0.0,2936.4,70334.35,1283.45,0,0,0,0.0,0,F1,25,,,,,
2026-02-18,2026-02-18,FO,NSE,IDO,56449,,NIFTYNXT50,,2026-03-30,2026-03-30,69800.0,PE,NIFTYNXT5026MAR69800PE,0.0,0.0,0.0,2724.8,0.0,2724.8,70334.35,1111.1,0,0,0,0.0,0,F1,25,,,,,
2026-02-18,2026-02-18,FO,NSE,IDF,59187,,NIFTYNXT50,,2026-02-24,2026-02-24,,,NIFTYNXT5026FEBFUT,69835.0,70339.8,69822.2,70285.0,70160.2,69799.8,70334.35,70285.0,15775,-3350,547,958101645.0,503,F1,25,,,,,
2026-02-18,2026-02-18,FO,NSE,IDO,66042,,NIFTYNXT50,,2026-02-24,2026-02-24,57500.0,CE,NIFTYNXT5026FEB57500CE,0.0,0.0,0.0,11624.15,0.0,11624.15,70334.35,12886.3,0,0,0,0.0,0,F1,25,,,,,
2026-02-18,2026-02-18,FO,NSE,IDO,66340,,NIFTYNXT50,,2026-02-24,2026-02-24,59500.0,CE,NIFTYNXT5026FEB59500CE,0.0,0.0,0.0,9763.4,0.0,9763.4,70334.35,10888.1,0,0,0,0.0,0,F1,25,,,,,
2026-02-18,2026-02-18,FO,NSE,IDO,66521,,NIFTYNXT50,,2026-02-24,2026-02-24,62800.0,CE,NIFTYNXT5026FEB62800CE,0.0,0.0,0.0,6916.6,0.0,6916.6,70334.35,7591.1,0,0,0,0.0,0,F1,25,,,,,
2026-02-18,2026-02-18,FO,NSE,IDO,66803,,NIFTYNXT50,,2026-02-24,2026-02-24,66200.0,CE,NIFTYNXT5026FEB66200CE,0.0,0.0,0.0,4443.85,0.0,4443.85,70334.35,4195.05,0,0,0,0.0,0,F1,25,,,,,
2026-02-18,2026-02-18,FO,NSE,IDO,66809,,NIFTYNXT50,,2026-02-24,2026-02-24,66500.0,CE,NIFTYNXT5026FEB66500CE,3599.0,3599.0,3503.0,3599.0,3599.0,2461.5,70334.35,3896.2,600,125,11,19261585.0,9,F1,25,,,,,
2026-02-18,2026-02-18,FO,NSE,IDO,66924,,NIFTYNXT50,,2026-02-24,2026-02-24,67800.0,CE,NIFTYNXT5026FEB67800CE,0.0,0.0,0.0,1425.0,1425.0,1425.0,70334.35,2619.2,125,0,0,0.0,0,F1,25,,,,,
2026-02-18,2026-02-18,FO,NSE,IDO,66956,,NIFTYNXT50,,2026-02-24,2026-02-24,69100.0,CE,NIFTYNXT5026FEB69100CE,1151.0,1151.0,1067.1,1100.0,1100.0,618.45,70334.35,1455.5,275,-150,8,14038255.0,7,F1,25,,,,,
2026-02-18,2026-02-18,FO,NSE,IDO,56417,,NIFTYNXT50,,2026-03-30,2026-03-30,68900.0,PE,NIFTYNXT5026MAR68900PE,0.0,0.0,0.0,2282.7,0.0,2282.7,70334.35,781.3,0,0,0,0.0,0,F1,25,,,,,
2026-02-18,2026-02-18,FO,NSE,IDO,56403,,NIFTYNXT50,,2026-03-30,2026-03-30,68200.0,PE,NIFTYNXT5026MAR68200PE,0.0,0.0,0.0,1971.25,0.0,1971.25,70334.35,577.6,0,0,0,0.0,0,F1,25,,,,,
2026-02-18,2026-02-18,FO,NSE,IDO,56271,,NIFTYNXT50,,2026-03-30,2026-03-30,63200.0,PE,NIFTYNXT5026MAR63200PE,0.0,0.0,0.0,530.1,0.0,530.1,70334.35,27.8,0,0,0,0.0,0,F1,25,,,,,
2026-02-18,2026-02-18,FO,NSE,IDO,56257,,NIFTYNXT50,,2026-03-30,2026-03-30,62600.0,PE,NIFTYNXT5026MAR62600PE,0.0,0.0,0.0,436.6,0.0,436.6,70334.35,17.1,0,0,0,0.0,0,F1,25,,,,,
2026-02-18,2026-02-18,FO,NSE,IDO,67682,,NIFTYNXT50,,2026-02-24,2026-02-24,74200.0,PE,NIFTYNXT5026FEB74200PE,0.0,0.0,0.0,5965.75,0.0,5965.75,70334.35,3802.15,0,0,0,0.0,0,F1,25,,,,,
2026-02-18,2026-02-18,FO,NSE,IDO,67645,,NIFTYNXT50,,2026-02-24,2026-02-24,74000.0,PE,NIFTYNXT5026FEB74000PE,0.0,0.0,0.0,5814.8,0.0,5814.8,70334.35,3603.95,0,0,0,0.0,0,F1,25,,,,,
2026-02-18,2026-02-18,FO,NSE,IDO,67391,,NIFTYNXT50,,2026-02-24,2026-02-24,72500.0,PE,NIFTYNXT5026FEB72500PE,0.0,0.0,0.0,4735.7,0.0,4735.7,70334.35,2159.55,0,0,0,0.0,0,F1,25,,,,,
2026-02-18,2026-02-18,FO,NSE,IDO,67366,,NIFTYNXT50,,2026-02-24,2026-02-24,71700.0,PE,NIFTYNXT5026FEB71700PE,0.0,0.0,0.0,4204.25,0.0,4204.25,70334.35,1466.4,0,0,0,0.0,0,F1,25,,,,,
2026-02-18,2026-02-18,FO,NSE,IDO,67330,,NIFTYNXT50,,2026-02-24,2026-02-24,70300.0,PE,NIFTYNXT5026FEB70300PE,0.0,0.0,0.0,3351.9,0.0,3351.9,70334.35,553.0,0,0,0,0.0,0,F1,25,,,,,
2026-02-18,2026-02-18,FO,NSE,IDO,67320,,NIFTYNXT50,,2026-02-24,2026-02-24,69900.0,PE,NIFTYNXT5026FEB69900PE,509.45,509.45,509.45,509.45,509.45,497.05,70334.35,382.75,100,50,2,3520472.5,1,F1,25,,,,,
2026-02-18,2026-02-18,FO,NSE,IDO,66981,,NIFTYNXT50,,2026-02-24,2026-02-24,69300.0,PE,NIFTYNXT5026FEB69300PE,0.0,0.0,0.0,851.3,843.8,851.3,70334.35,201.6,50,0,0,0.0,0,F1,25,,,,,
2026-02-18,2026-02-18,FO,NSE,IDO,66937,,NIFTYNXT50,,2026-02-24,2026-02-24,68400.0,PE,NIFTYNXT5026FEB68400PE,0.0,0.0,0.0,480.0,480.0,480.0,70334.35,61.55,25,0,0,0.0,0,F1,25,,,,,
2026-02-18,2026-02-18,FO,NSE,IDO,66933,,NIFTYNXT50,,2026-02-24,2026-02-24,68200.0,PE,NIFTYNXT5026FEB68200PE,0.0,0.0,0.0,2272.5,0.0,2272.5,70334.35,45.4,0,0,0,0.0,0,F1,25,,,,,
2026-02-18,2026-02-18,FO,NSE,IDO,66931,,NIFTYNXT50,,2026-02-24,2026-02-24,68100.0,PE,NIFTYNXT5026FEB68100PE,0.0,0.0,0.0,400.0,400.0,400.0,70334.35,38.8,50,0,0,0.0,0,F1,25,,,,,
2026-02-18,2026-02-18,FO,NSE,IDO,66802,,NIFTYNXT50,,2026-02-24,2026-02-24,66100.0,PE,NIFTYNXT5026FEB66100PE,0.0,0.0,0.0,1439.75,0.0,1439.75,70334.35,0.7,0,0,0,0.0,0,F1,25,,,,,
2026-02-18,2026-02-18,FO,NSE,IDO,66631,,NIFTYNXT50,,2026-02-24,2026-02-24,65000.0,PE,NIFTYNXT5026FEB65000PE,0.0,0.0,0.0,1102.15,0.0,1102.15,70334.35,0.05,0,0,0,0.0,0,F1,25,,,,,
2026-02-18,2026-02-18,FO,NSE,IDO,66624,,NIFTYNXT50,,2026-02-24,2026-02-24,64700.0,PE,NIFTYNXT5026FEB64700PE,0.0,0.0,0.0,1020.6,0.0,1020.6,70334.35,0.05,0,0,0,0.0,0,F1,25,,,,,
2026-02-18,2026-02-18,FO,NSE,IDO,74310,,NIFTYNXT50,,2026-04-28,2026-04-28,73200.0,CE,NIFTYNXT5026APR73200CE,0.0,0.0,0.0,835.55,0.0,835.55,70334.35,1182.8,0,0,0,0.0,0,F1,25,,,,,
2026-02-18,2026-02-18,FO,NSE,IDO,74276,,NIFTYNXT50,,2026-04-28,2026-04-28,71700.0,CE,NIFTYNXT5026APR71700CE,0.0,0.0,0.0,1176.85,0.0,1176.85,70334.35,1750.05,0,0,0,0.0,0,F1,25,,,,,
2026-02-18,2026-02-18,FO,NSE,IDO,74223,,NIFTYNXT50,,2026-04-28,2026-04-28,70900.0,CE,NIFTYNXT5026APR70900CE,0.0,0.0,0.0,1400.65,0.0,1400.65,70334.35,2120.45,0,0,0,0.0,0,F1,25,,,,,
2026-02-18,2026-02-18,FO,NSE,IDO,74118,,NIFTYNXT50,,2026-04-28,2026-04-28,67900.0,CE,NIFTYNXT5026APR67900CE,0.0,0.0,0.0,2537.0,0.0,2537.0,70334.35,3941.05,0,0,0,0.0,0,F1,25,,,,,
2026-02-18,2026-02-18,FO,NSE,IDO,74052,,NIFTYNXT50,,2026-04-28,2026-04-28,67200.0,CE,NIFTYNXT5026APR67200CE,0.0,0.0,0.0,2876.0,0.0,2876.0,70334.35,4457.95,0,0,0,0.0,0,F1,25,,,,,
2026-02-18,2026-02-18,FO,NSE,IDO,74043,,NIFTYNXT50,,2026-04-28,2026-04-28,66900.0,CE,NIFTYNXT5026APR66900CE,0.0,0.0,0.0,3030.1,0.0,3030.1,70334.35,4688.9,0,0,0,0.0,0,F1,25,,,,,
2026-02-18,2026-02-18,FO,NSE,IDO,73994,,NIFTYNXT50,,2026-04-28,2026-04-28,65000.0,CE,NIFTYNXT5026APR65000CE,0.0,0.0,0.0,4129.8,0.0,4129.8,70334.35,6264.85,0,0,0,0.0,0,F1,25,,,,,
2026-02-18,2026-02-18,FO,NSE,IDO,73990,,NIFTYNXT50,,2026-04-28,2026-04-28,64900.0,CE,NIFTYNXT5026APR64900CE,0.0,0.0,0.0,4193.5,0.0,4193.5,70334.35,6352.5,0,0,0,0.0,0,F1,25,,,,,
2026-02-18,2026-02-18,FO,NSE,IDO,73967,,NIFTYNXT50,,2026-04-28,2026-04-28,64100.0,CE,NIFTYNXT5026APR64100CE,0.0,0.0,0.0,4723.65,0.0,4723.65,70334.35,7067.25,0,0,0,0.0,0,F1,25,,,,,
2026-02-18,2026-02-18,FO,NSE,IDO,73957,,NIFTYNXT50,,2026-04-28,2026-04-28,63800.0,CE,NIFTYNXT5026APR63800CE,0.0,0.0,0.0,4931.6,0.0,4931.6,70334.35,7340.85,0,0,0,0.0,0,F1,25,,,,,
2026-02-18,2026-02-18,FO,NSE,IDO,73719,,NIFTYNXT50,,2026-04-28,2026-04-28,57000.0,CE,NIFTYNXT5026APR57000CE,0.0,0.0,0.0,10666.0,0.0,10666.0,70334.35,13925.45,0,0,0,0.0,0,F1,25,,,,,
2026-02-18,2026-02-18,FO,NSE,IDO,56726,,NIFTYNXT50,,2026-03-30,2026-03-30,78000.0,CE,NIFTYNXT5026MAR78000CE,0.0,0.0,0.0,439.2,0.0,439.2,70334.35,64.2,0,0,0,0.0,0,F1,25,,,,,
2026-02-18,2026-02-18,FO,NSE,IDO,56564,,NIFTYNXT50,,2026-03-30,2026-03-30,73400.0,CE,NIFTYNXT5026MAR73400CE,0.0,0.0,0.0,1297.55,0.0,1297.55,70334.35,602.95,0,0,0,0.0,0,F1,25,,,,,
2026-02-18,2026-02-18,FO,NSE,IDO,56554,,NIFTYNXT50,,2026-03-30,2026-03-30,72900.0,CE,NIFTYNXT5026MAR72900CE,0.0,0.0,0.0,1442.05,0.0,1442.05,70334.35,734.7,0,0,0,0.0,0,F1,25,,,,,
2026-02-18,2026-02-18,FO,NSE,IDO,56492,,NIFTYNXT50,,2026-03-30,2026-03-30,71000.0,CE,NIFTYNXT5026MAR71000CE,0.0,0.0,0.0,2105.85,0.0,2105.85,70334.35,1437.85,0,0,0,0.0,0,F1,25,,,,,
2026-02-18,2026-02-18,FO,NSE,IDO,56484,,NIFTYNXT50,,2026-03-30,2026-03-30,70700.0,CE,NIFTYNXT5026MAR70700CE,0.0,0.0,0.0,2228.3,0.0,2228.3,70334.35,1580.95,0,0,0,0.0,0,F1,25,,,,,
2026-02-18,2026-02-18,FO,NSE,IDO,56446,,NIFTYNXT50,,2026-03-30,2026-03-30,69700.0,CE,NIFTYNXT5026MAR69700CE,0.0,0.0,0.0,2673.1,0.0,2673.1,70334.35,2123.7,0,0,0,0.0,0,F1,25,,,,,
2026-02-18,2026-02-18,FO,NSE,IDO,56433,,NIFTYNXT50,,2026-03-30,2026-03-30,69300.0,CE,NIFTYNXT5026MAR69300CE,0.0,0.0,0.0,2867.4,0.0,2867.4,70334.35,2368.95,0,0,0,0.0,0,F1,25,,,,,
2026-02-18,2026-02-18,FO,NSE,IDO,56404,,NIFTYNXT50,,2026-03-30,2026-03-30,68300.0,CE,NIFTYNXT5026MAR68300CE,0.0,0.0,0.0,3393.05,0.0,3393.05,70334.35,3048.8,0,0,0,0.0,0,F1,25,,,,,
2026-02-18,2026-02-18,FO,NSE,IDO,56398,,NIFTYNXT50,,2026-03-30,2026-03-30,68000.0,CE,NIFTYNXT5026MAR68000CE,0.0,0.0,0.0,3562.1,0.0,3562.1,70334.35,3270.25,0,0,0,0.0,0,F1,25,,,,,
2026-02-18,2026-02-18,FO,NSE,IDO,56364,,NIFTYNXT50,,2026-03-30,2026-03-30,66300.0,CE,NIFTYNXT5026MAR66300CE,0.0,0.0,0.0,4617.55,0.0,4617.55,70334.35,4654.15,0,0,0,0.0,0,F1,25,,,,,
2026-02-18,2026-02-18,FO,NSE,IDO,56360,,NIFTYNXT50,,2026-03-30,2026-03-30,66100.0,CE,NIFTYNXT5026MAR66100CE,0.0,0.0,0.0,4752.3,0.0,4752.3,70334.35,4829.15,0,0,0,0.0,0,F1,25,,,,,
2026-02-18,2026-02-18,FO,NSE,IDO,67985,,NIFTYNXT50,,2026-02-24,2026-02-24,80000.0,PE,NIFTYNXT5026FEB80000PE,0.0,0.0,0.0,10881.75,0.0,10881.75,70334.35,9593.35,0,0,0,0.0,0,F1,25,,,,,
2026-02-18,2026-02-18,FO,NSE,IDO,56377,,NIFTYNXT50,,2026-03-30,2026-03-30,66900.0,PE,NIFTYNXT5026MAR66900PE,0.0,0.0,0.0,1468.05,0.0,1468.05,70334.35,306.75,0,0,0,0.0,0,F1,25,,,,,
2026-02-18,2026-02-18,FO,NSE,IDO,56411,,NIFTYNXT50,,2026-03-30,2026-03-30,68600.0,PE,NIFTYNXT5026MAR68600PE,0.0,0.0,0.0,2145.7,0.0,2145.7,70334.35,688.6,0,0,0,0.0,0,F1,25,,,,,
2026-02-18,2026-02-18,FO,NSE,IDO,56419,,NIFTYNXT50,,2026-03-30,2026-03-30,69000.0,PE,NIFTYNXT5026MAR69000PE,0.0,0.0,0.0,2329.5,0.0,2329.5,70334.35,814.1,0,0,0,0.0,0,F1,25,,,,,
2026-02-18,2026-02-18,FO,NSE,IDO,56439,,NIFTYNXT50,,2026-03-30,2026-03-30,69400.0,PE,NIFTYNXT5026MAR69400PE,0.0,0.0,0.0,2522.35,0.0,2522.35,70334.35,954.75,0,0,0,0.0,0,F1,25,,,,,
2026-02-18,2026-02-18,FO,NSE,IDO,56489,,NIFTYNXT50,,2026-03-30,2026-03-30,70800.0,PE,NIFTYNXT5026MAR70800PE,0.0,0.0,0.0,3270.85,0.0,3270.85,70334.35,1572.45,0,0,0,0.0,0,F1,25,,,,,
2026-02-18,2026-02-18,FO,NSE,IDO,56507,,NIFTYNXT50,,2026-03-30,2026-03-30,71500.0,PE,NIFTYNXT5026MAR71500PE,0.0,0.0,0.0,3686.3,0.0,3686.3,70334.35,1955.45,0,0,0,0.0,0,F1,25,,,,,
2026-02-18,2026-02-18,FO,NSE,IDO,56537,,NIFTYNXT50,,2026-03-30,2026-03-30,72300.0,PE,NIFTYNXT5026MAR72300PE,0.0,0.0,0.0,4193.2,0.0,4193.2,70334.35,2451.7,0,0,0,0.0,0,F1,25,,,,,
2026-02-18,2026-02-18,FO,NSE,IDO,56639,,NIFTYNXT50,,2026-03-30,2026-03-30,76000.0,PE,NIFTYNXT5026MAR76000PE,0.0,0.0,0.0,6928.5,0.0,6928.5,70334.35,5395.7,0,0,0,0.0,0,F1,25,,,,,
2026-02-18,2026-02-18,FO,NSE,IDO,74012,,NIFTYNXT50,,2026-04-28,2026-04-28,65400.0,PE,NIFTYNXT5026APR65400PE,0.0,0.0,0.0,1582.55,0.0,1582.55,70334.35,307.7,0,0,0,0.0,0,F1,25,,,,,
2026-02-18,2026-02-18,FO,NSE,IDO,74061,,NIFTYNXT50,,2026-04-28,2026-04-28,67300.0,PE,NIFTYNXT5026APR67300PE,0.0,0.0,0.0,2398.65,0.0,2398.65,70334.35,651.75,0,0,0,0.0,0,F1,25,,,,,
2026-02-18,2026-02-18,FO,NSE,IDO,74143,,NIFTYNXT50,,2026-04-28,2026-04-28,68600.0,PE,NIFTYNXT5026APR68600PE,0.0,0.0,0.0,3079.9,0.0,3079.9,70334.35,1013.15,0,0,0,0.0,0,F1,25,,,,,
2026-02-18,2026-02-18,FO,NSE,IDO,74331,,NIFTYNXT50,,2026-04-28,2026-04-28,74200.0,PE,NIFTYNXT5026APR74200PE,0.0,0.0,0.0,7023.35,0.0,7023.35,70334.35,3988.0,0,0,0,0.0,0,F1,25,,,,,
2026-02-18,2026-02-18,FO,NSE,IDO,74327,,NIFTYNXT50,,2026-04-28,2026-04-28,74000.0,PE,NIFTYNXT5026APR74000PE,0.0,0.0,0.0,6859.5,0.0,6859.5,70334.35,3843.6,0,0,0,0.0,0,F1,25,,,,,
2026-02-18,2026-02-18,FO,NSE,IDO,74321,,NIFTYNXT50,,2026-04-28,2026-04-28,73700.0,PE,NIFTYNXT5026APR73700PE,0.0,0.0,0.0,6616.2,0.0,6616.2,70334.35,3631.7,0,0,0,0.0,0,F1,25,,,,,
2026-02-18,2026-02-18,FO,NSE,IDO,74305,,NIFTYNXT50,,2026-04-28,2026-04-28,72900.0,PE,NIFTYNXT5026APR72900PE,0.0,0.0,0.0,5983.65,0.0,5983.65,70334.35,3095.15,0,0,0,0.0,0,F1,25,,,,,
2026-02-18,2026-02-18,FO,NSE,IDO,74303,,NIFTYNXT50,,2026-04-28,2026-04-28,72800.0,PE,NIFTYNXT5026APR72800PE,0.0,0.0,0.0,5906.3,0.0,5906.3,70334.35,3031.1,0,0,0,0.0,0,F1,25,,,,,
2026-02-18,2026-02-18,FO,NSE,IDO,74287,,NIFTYNXT50,,2026-04-28,2026-04-28,72100.0,PE,NIFTYNXT5026APR72100PE,0.0,0.0,0.0,5378.5,0.0,5378.5,70334.35,2602.8,0,0,0,0.0,0,F1,25,,,,,
2026-02-18,2026-02-18,FO,NSE,IDO,74193,,NIFTYNXT50,,2026-04-28,2026-04-28,69900.0,PE,NIFTYNXT5026APR69900PE,0.0,0.0,0.0,3858.05,0.0,3858.05,70334.35,1494.95,0,0,0,0.0,0,F1,25,,,,,
2026-02-18,2026-02-18,FO,NSE,IDO,74189,,NIFTYNXT50,,2026-04-28,2026-04-28,69700.0,PE,NIFTYNXT5026APR69700PE,0.0,0.0,0.0,3732.25,0.0,3732.25,70334.35,1412.6,0,0,0,0.0,0,F1,25,,,,,
2026-02-18,2026-02-18,FO,NSE,IDO,74163,,NIFTYNXT50,,2026-04-28,2026-04-28,69300.0,PE,NIFTYNXT5026APR69300PE,0.0,0.0,0.0,3487.25,0.0,3487.25,70334.35,1256.95,0,0,0,0.0,0,F1,25,,,,,
2026-02-18,2026-02-18,FO,NSE,IDO,56367,,NIFTYNXT50,,2026-03-30,2026-03-30,66400.0,PE,NIFTYNXT5026MAR66400PE,0.0,0.0,0.0,1300.0,0.0,1300.0,70334.35,234.15,0,0,0,0.0,0,F1,25,,,,,
2026-02-18,2026-02-18,FO,NSE,IDO,66621,,NIFTYNXT50,,2026-02-24,2026-02-24,64600.0,CE,NIFTYNXT5026FEB64600CE,0.0,0.0,0.0,5540.3,0.0,5540.3,70334.35,5792.75,0,0,0,0.0,0,F1,25,,,,,
2026-02-18,2026-02-18,FO,NSE,IDO,66680,,NIFTYNXT50,,2026-02-24,2026-02-24,65300.0,CE,NIFTYNXT5026FEB65300CE,0.0,0.0,0.0,5042.35,0.0,5042.35,70334.35,5093.45,0,0,0,0.0,0,F1,25,,,,,
2026-02-18,2026-02-18,FO,NSE,IDO,66912,,NIFTYNXT50,,2026-02-24,2026-02-24,67200.0,CE,NIFTYNXT5026FEB67200CE,0.0,0.0,0.0,3830.35,0.0,3830.35,70334.35,3202.9,0,0,0,0.0,0,F1,25,,,,,
2026-02-18,2026-02-18,FO,NSE,IDO,66916,,NIFTYNXT50,,2026-02-24,2026-02-24,67400.0,CE,NIFTYNXT5026FEB67400CE,0.0,0.0,0.0,1821.15,1821.15,1821.15,70334.35,3006.75,75,0,0,0.0,0,F1,25,,,,,
2026-02-18,2026-02-18,FO,NSE,IDO,66918,,NIFTYNXT50,,2026-02-24,2026-02-24,67500.0,CE,NIFTYNXT5026FEB67500CE,2590.0,2766.2,2515.0,2766.2,2766.2,2344.0,70334.35,2909.2,400,50,8,14017173.75,8,F1,25,,,,,
2026-02-18,2026-02-18,FO,NSE,IDO,67319,,NIFTYNXT50,,2026-02-24,2026-02-24,69900.0,CE,NIFTYNXT5026FEB69900CE,570.0,650.0,510.0,645.0,640.0,312.1,70334.35,645.0,275,-200,62,109251825.0,44,F1,25,,,,,
2026-02-18,2026-02-18,FO,NSE,IDO,67337,,NIFTYNXT50,,2026-02-24,2026-02-24,70500.0,CE,NIFTYNXT5026FEB70500CE,353.5,360.0,258.0,337.05,325.0,231.75,70334.35,337.05,1100,1075,397,702679973.75,279,F1,25,,,,,
2026-02-18,2026-02-18,FO,NSE,IDO,67374,,NIFTYNXT50,,2026-02-24,2026-02-24,72100.0,CE,NIFTYNXT5026FEB72100CE,0.0,0.0,0.0,1625.0,0.0,1625.0,70334.35,101.5,0,0,0,0.0,0,F1,25,,,,,
2026-02-18,2026-02-18,FO,NSE,IDO,67506,,NIFTYNXT50,,2026-02-24,2026-02-24,73100.0,CE,NIFTYNXT5026FEB73100CE,0.0,0.0,0.0,1328.0,0.0,1328.0,70334.35,24.35,0,0,0,0.0,0,F1,25,,,,,
2026-02-18,2026-02-18,FO,NSE,IDO,67508,,NIFTYNXT50,,2026-02-24,2026-02-24,73200.0,CE,NIFTYNXT5026FEB73200CE,0.0,0.0,0.0,1300.85,0.0,1300.85,70334.35,20.75,0,0,0,0.0,0,F1,25,,,,,
2026-02-18,2026-02-18,FO,NSE,IDO,67669,,NIFTYNXT50,,2026-02-24,2026-02-24,74100.0,CE,NIFTYNXT5026FEB74100CE,0.0,0.0,0.0,1079.1,0.0,1079.1,70334.35,4.3,0,0,0,0.0,0,F1,25,,,,,
2026-02-18,2026-02-18,FO,NSE,IDO,67690,,NIFTYNXT50,,2026-02-24,2026-02-24,74400.0,CE,NIFTYNXT5026FEB74400CE,0.0,0.0,0.0,1011.85,0.0,1011.85,70334.35,2.4,0,0,0,0.0,0,F1,25,,,,,
2026-02-18,2026-02-18,FO,NSE,IDO,67960,,NIFTYNXT50,,2026-02-24,2026-02-24,79000.0,CE,NIFTYNXT5026FEB79000CE,0.0,0.0,0.0,337.6,0.0,337.6,70334.35,0.05,0,0,0,0.0,0,F1,25,,,,,
2026-02-18,2026-02-18,FO,NSE,IDO,56076,,NIFTYNXT50,,2026-03-30,2026-03-30,57500.0,CE,NIFTYNXT5026MAR57500CE,0.0,0.0,0.0,12075.3,0.0,12075.3,70334.35,13179.95,0,0,0,0.0,0,F1,25,,,,,
2026-02-18,2026-02-18,FO,NSE,IDO,56118,,NIFTYNXT50,,2026-03-30,2026-03-30,59000.0,CE,NIFTYNXT5026MAR59000CE,0.0,0.0,0.0,10652.7,0.0,10652.7,70334.35,11689.35,0,0,0,0.0,0,F1,25,,,,,
2026-02-18,2026-02-18,FO,NSE,IDO,56130,,NIFTYNXT50,,2026-03-30,2026-03-30,59500.0,CE,NIFTYNXT5026MAR59500CE,0.0,0.0,0.0,10186.4,0.0,10186.4,70334.35,11192.75,0,0,0,0.0,0,F1,25,,,,,
2026-02-18,2026-02-18,FO,NSE,IDO,56140,,NIFTYNXT50,,2026-03-30,2026-03-30,60000.0,CE,NIFTYNXT5026MAR60000CE,0.0,0.0,0.0,9725.05,0.0,9725.05,70334.35,10696.35,0,0,0,0.0,0,F1,25,,,,,
2026-02-18,2026-02-18,FO,NSE,IDO,56296,,NIFTYNXT50,,2026-03-30,2026-03-30,64200.0,CE,NIFTYNXT5026MAR64200CE,0.0,0.0,0.0,6137.15,0.0,6137.15,70334.35,6578.75,0,0,0,0.0,0,F1,25,,,,,
2026-02-18,2026-02-18,FO,NSE,IDO,56308,,NIFTYNXT50,,2026-03-30,2026-03-30,64700.0,CE,NIFTYNXT5026MAR64700CE,0.0,0.0,0.0,5755.65,0.0,5755.65,70334.35,6105.85,0,0,0,0.0,0,F1,25,,,,,
2026-02-18,2026-02-18,FO,NSE,IDO,56358,,NIFTYNXT50,,2026-03-30,2026-03-30,66000.0,CE,NIFTYNXT5026MAR66000CE,0.0,0.0,0.0,4820.5,0.0,4820.5,70334.35,4917.45,0,0,0,0.0,0,F1,25,,,,,
2026-02-18,2026-02-18,FO,NSE,IDO,56382,,NIFTYNXT50,,2026-03-30,2026-03-30,67200.0,CE,NIFTYNXT5026MAR67200CE,0.0,0.0,0.0,4038.4,0.0,4038.4,70334.35,3896.25,0,0,0,0.0,0,F1,25,,,,,
2026-02-18,2026-02-18,FO,NSE,IDO,56384,,NIFTYNXT50,,2026-03-30,2026-03-30,67300.0,CE,NIFTYNXT5026MAR67300CE,0.0,0.0,0.0,3976.85,0.0,3976.85,70334.35,3815.35,0,0,0,0.0,0,F1,25,,,,,
2026-02-18,2026-02-18,FO,NSE,IDO,56390,,NIFTYNXT50,,2026-03-30,2026-03-30,67600.0,CE,NIFTYNXT5026MAR67600CE,0.0,0.0,0.0,3795.65,0.0,3795.65,70334.35,3577.1,0,0,0,0.0,0,F1,25,,,,,
2026-02-18,2026-02-18,FO,NSE,IDO,56442,,NIFTYNXT50,,2026-03-30,2026-03-30,69500.0,CE,NIFTYNXT5026MAR69500CE,0.0,0.0,0.0,2768.95,0.0,2768.95,70334.35,2244.35,0,0,0,0.0,0,F1,25,,,,,
2026-02-18,2026-02-18,FO,NSE,IDO,56576,,NIFTYNXT50,,2026-03-30,2026-03-30,74000.0,CE,NIFTYNXT5026MAR74000CE,0.0,0.0,0.0,1139.4,0.0,1139.4,70334.35,470.15,0,0,0,0.0,0,F1,25,,,,,
2026-02-18,2026-02-18,FO,NSE,IDO,56770,,NIFTYNXT50,,2026-03-30,2026-03-30,79500.0,CE,NIFTYNXT5026MAR79500CE,0.0,0.0,0.0,295.2,0.0,295.2,70334.35,26.25,0,0,0,0.0,0,F1,25,,,,,
2026-02-18,2026-02-18,FO,NSE,IDO,73845,,NIFTYNXT50,,2026-04-28,2026-04-28,61500.0,CE,NIFTYNXT5026APR61500CE,0.0,0.0,0.0,6678.0,0.0,6678.0,70334.35,9511.8,0,0,0,0.0,0,F1,25,,,,,
2026-02-18,2026-02-18,FO,NSE,IDO,73935,,NIFTYNXT50,,2026-04-28,2026-04-28,62700.0,CE,NIFTYNXT5026APR62700CE,0.0,0.0,0.0,5735.55,0.0,5735.55,70334.35,8365.45,0,0,0,0.0,0,F1,25,,,,,
2026-02-18,2026-02-18,FO,NSE,IDO,73939,,NIFTYNXT50,,2026-04-28,2026-04-28,62900.0,CE,NIFTYNXT5026APR62900CE,0.0,0.0,0.0,5585.0,0.0,5585.0,70334.35,8177.0,0,0,0,0.0,0,F1,25,,,,,
2026-02-18,2026-02-18,FO,NSE,IDO,73977,,NIFTYNXT50,,2026-04-28,2026-04-28,64500.0,CE,NIFTYNXT5026APR64500CE,0.0,0.0,0.0,4454.1,0.0,4454.1,70334.35,6706.95,0,0,0,0.0,0,F1,25,,,,,
2026-02-18,2026-02-18,FO,NSE,IDO,73979,,NIFTYNXT50,,2026-04-28,2026-04-28,64600.0,CE,NIFTYNXT5026APR64600CE,0.0,0.0,0.0,4388.1,0.0,4388.1,70334.35,6617.8,0,0,0,0.0,0,F1,25,,,,,
2026-02-18,2026-02-18,FO,NSE,IDO,74120,,NIFTYNXT50,,2026-04-28,2026-04-28,68000.0,CE,NIFTYNXT5026APR68000CE,0.0,0.0,0.0,2491.0,0.0,2491.0,70334.35,3869.85,0,0,0,0.0,0,F1,25,,,,,
2026-02-18,2026-02-18,FO,NSE,IDO,74186,,NIFTYNXT50,,2026-04-28,2026-04-28,69600.0,CE,NIFTYNXT5026APR69600CE,0.0,0.0,0.0,1832.6,0.0,1832.6,70334.35,2826.8,0,0,0,0.0,0,F1,25,,,,,
2026-02-18,2026-02-18,FO,NSE,IDO,74210,,NIFTYNXT50,,2026-04-28,2026-04-28,70600.0,CE,NIFTYNXT5026APR70600CE,0.0,0.0,0.0,1492.6,0.0,1492.6,70334.35,2271.95,0,0,0,0.0,0,F1,25,,,,,
2026-02-18,2026-02-18,FO,NSE,IDO,74227,,NIFTYNXT50,,2026-04-28,2026-04-28,71000.0,CE,NIFTYNXT5026APR71000CE,0.0,0.0,0.0,1370.95,0.0,1370.95,70334.35,2071.5,0,0,0,0.0,0,F1,25,,,,,
2026-02-18,2026-02-18,FO,NSE,IDO,74242,,NIFTYNXT50,,2026-04-28,2026-04-28,71100.0,CE,NIFTYNXT5026APR71100CE,0.0,0.0,0.0,1341.8,0.0,1341.8,70334.35,2023.3,0,0,0,0.0,0,F1,25,,,,,
2026-02-18,2026-02-18,FO,NSE,IDO,74284,,NIFTYNXT50,,2026-04-28,2026-04-28,72000.0,CE,NIFTYNXT5026APR72000CE,0.0,0.0,0.0,1103.6,0.0,1103.6,70334.35,1623.6,0,0,0,0.0,0,F1,25,,,,,
2026-02-18,2026-02-18,FO,NSE,IDO,74294,,NIFTYNXT50,,2026-04-28,2026-04-28,72400.0,CE,NIFTYNXT5026APR72400CE,0.0,0.0,0.0,1008.7,0.0,1008.7,70334.35,1465.3,0,0,0,0.0,0,F1,25,,,,,
2026-02-18,2026-02-18,FO,NSE,IDO,74326,,NIFTYNXT50,,2026-04-28,2026-04-28,74000.0,CE,NIFTYNXT5026APR74000CE,0.0,0.0,0.0,689.25,0.0,689.25,70334.35,943.35,0,0,0,0.0,0,F1,25,,,,,
2026-02-18,2026-02-18,FO,NSE,IDO,74532,,NIFTYNXT50,,2026-04-28,2026-04-28,78500.0,CE,NIFTYNXT5026APR78500CE,0.0,0.0,0.0,207.35,0.0,207.35,70334.35,210.7,0,0,0,0.0,0,F1,25,,,,,
2026-02-18,2026-02-18,FO,NSE,IDO,66043,,NIFTYNXT50,,2026-02-24,2026-02-24,57500.0,PE,NIFTYNXT5026FEB57500PE,0.0,0.0,0.0,85.25,0.0,85.25,70334.35,0.05,0,0,0,0.0,0,F1,25,,,,,
2026-02-18,2026-02-18,FO,NSE,IDO,66633,,NIFTYNXT50,,2026-02-24,2026-02-24,65100.0,PE,NIFTYNXT5026FEB65100PE,0.0,0.0,0.0,1127.65,0.0,1127.65,70334.35,0.05,0,0,0,0.0,0,F1,25,,,,,
2026-02-18,2026-02-18,FO,NSE,IDO,66919,,NIFTYNXT50,,2026-02-24,2026-02-24,67500.0,PE,NIFTYNXT5026FEB67500PE,99.95,99.95,50.0,50.0,50.0,107.0,70334.35,50.0,400,-275,22,37169098.75,21,F1,25,,,,,
2026-02-18,2026-02-18,FO,NSE,IDO,66948,,NIFTYNXT50,,2026-02-24,2026-02-24,68900.0,PE,NIFTYNXT5026FEB68900PE,0.0,0.0,0.0,853.65,853.65,853.65,70334.35,123.25,25,0,0,0.0,0,F1,25,,,,,
2026-02-18,2026-02-18,FO,NSE,IDO,67352,,NIFTYNXT50,,2026-02-24,2026-02-24,71000.0,PE,NIFTYNXT5026FEB71000PE,0.0,0.0,0.0,3765.35,0.0,3765.35,70334.35,951.45,0,0,0,0.0,0,F1,25,,,,,
2026-02-18,2026-02-18,FO,NSE,IDO,67370,,NIFTYNXT50,,2026-02-24,2026-02-24,71900.0,PE,NIFTYNXT5026FEB71900PE,0.0,0.0,0.0,4334.2,0.0,4334.2,70334.35,1631.05,0,0,0,0.0,0,F1,25,,,,,
2026-02-18,2026-02-18,FO,NSE,IDO,67518,,NIFTYNXT50,,2026-02-24,2026-02-24,73300.0,PE,NIFTYNXT5026FEB73300PE,0.0,0.0,0.0,5297.1,0.0,5297.1,70334.35,2917.05,0,0,0,0.0,0,F1,25,,,,,
2026-02-18,2026-02-18,FO,NSE,IDO,67971,,NIFTYNXT50,,2026-02-24,2026-02-24,79500.0,PE,NIFTYNXT5026FEB79500PE,0.0,0.0,0.0,10426.0,0.0,10426.0,70334.35,9093.8,0,0,0,0.0,0,F1,25,,,,,
2026-02-18,2026-02-18,FO,NSE,IDO,74330,,NIFTYNXT50,,2026-04-28,2026-04-28,74200.0,CE,NIFTYNXT5026APR74200CE,0.0,0.0,0.0,656.25,0.0,656.25,70334.35,889.8,0,0,0,0.0,0,F1,25,,,,,
2026-02-18,2026-02-18,FO,NSE,IDO,74306,,NIFTYNXT50,,2026-04-28,2026-04-28,73000.0,CE,NIFTYNXT5026APR73000CE,0.0,0.0,0.0,875.85,0.0,875.85,70334.35,1249.25,0,0,0,0.0,0,F1,25,,,,,
2026-02-18,2026-02-18,FO,NSE,IDO,74205,,NIFTYNXT50,,2026-04-28,2026-04-28,70400.0,CE,NIFTYNXT5026APR70400CE,0.0,0.0,0.0,1556.4,0.0,1556.4,70334.35,2376.8,0,0,0,0.0,0,F1,25,,,,,
2026-02-18,2026-02-18,FO,NSE,IDO,74201,,NIFTYNXT50,,2026-04-28,2026-04-28,70200.0,CE,NIFTYNXT5026APR70200CE,0.0,0.0,0.0,1622.3,0.0,1622.3,70334.35,2484.7,0,0,0,0.0,0,F1,25,,,,,
2026-02-18,2026-02-18,FO,NSE,IDO,56495,,NIFTYNXT50,,2026-03-30,2026-03-30,71100.0,PE,NIFTYNXT5026MAR71100PE,0.0,0.0,0.0,3445.6,0.0,3445.6,70334.35,1730.6,0,0,0,0.0,0,F1,25,,,,,
2026-02-18,2026-02-18,FO,NSE,IDO,56501,,NIFTYNXT50,,2026-03-30,2026-03-30,71300.0,PE,NIFTYNXT5026MAR71300PE,0.0,0.0,0.0,3564.85,0.0,3564.85,70334.35,1841.05,0,0,0,0.0,0,F1,25,,,,,
2026-02-18,2026-02-18,FO,NSE,IDO,56521,,NIFTYNXT50,,2026-03-30,2026-03-30,72000.0,PE,NIFTYNXT5026MAR72000PE,0.0,0.0,0.0,3999.2,0.0,3999.2,70334.35,2258.5,0,0,0,0.0,0,F1,25,,,,,
2026-02-18,2026-02-18,FO,NSE,IDO,56571,,NIFTYNXT50,,2026-03-30,2026-03-30,73700.0,PE,NIFTYNXT5026MAR73700PE,0.0,0.0,0.0,5157.4,0.0,5157.4,70334.35,3456.05,0,0,0,0.0,0,F1,25,,,,,
2026-02-18,2026-02-18,FO,NSE,IDO,56727,,NIFTYNXT50,,2026-03-30,2026-03-30,78000.0,PE,NIFTYNXT5026MAR78000PE,0.0,0.0,0.0,8616.5,0.0,8616.5,70334.35,7261.15,0,0,0,0.0,0,F1,25,,,,,
2026-02-18,2026-02-18,FO,NSE,IDO,73765,,NIFTYNXT50,,2026-04-28,2026-04-28,58000.0,PE,NIFTYNXT5026APR58000PE,0.0,0.0,0.0,149.1,0.0,149.1,70334.35,3.55,0,0,0,0.0,0,F1,25,,,,,
2026-02-18,2026-02-18,FO,NSE,IDO,73958,,NIFTYNXT50,,2026-04-28,2026-04-28,63800.0,PE,NIFTYNXT5026APR63800PE,0.0,0.0,0.0,1058.0,0.0,1058.0,70334.35,146.6,0,0,0,0.0,0,F1,25,,,,,
2026-02-18,2026-02-18,FO,NSE,IDO,73972,,NIFTYNXT50,,2026-04-28,2026-04-28,64200.0,PE,NIFTYNXT5026APR64200PE,0.0,0.0,0.0,1175.7,0.0,1175.7,70334.35,178.25,0,0,0,0.0,0,F1,25,,,,,
2026-02-18,2026-02-18,FO,NSE,IDO,73976,,NIFTYNXT50,,2026-04-28,2026-04-28,64400.0,PE,NIFTYNXT5026APR64400PE,0.0,0.0,0.0,1237.85,0.0,1237.85,70334.35,196.05,0,0,0,0.0,0,F1,25,,,,,
2026-02-18,2026-02-18,FO,NSE,IDO,74051,,NIFTYNXT50,,2026-04-28,2026-04-28,67100.0,PE,NIFTYNXT5026APR67100PE,0.0,0.0,0.0,2302.65,0.0,2302.65,70334.35,605.95,0,0,0,0.0,0,F1,25,,,,,
2026-02-18,2026-02-18,FO,NSE,IDO,74119,,NIFTYNXT50,,2026-04-28,2026-04-28,67900.0,PE,NIFTYNXT5026APR67900PE,0.0,0.0,0.0,2700.65,0.0,2700.65,70334.35,804.4,0,0,0,0.0,0,F1,25,,,,,
2026-02-18,2026-02-18,FO,NSE,IDO,74197,,NIFTYNXT50,,2026-04-28,2026-04-28,70100.0,PE,NIFTYNXT5026APR70100PE,0.0,0.0,0.0,3985.95,0.0,3985.95,70334.35,1580.4,0,0,0,0.0,0,F1,25,,,,,
2026-02-18,2026-02-18,FO,NSE,IDO,74266,,NIFTYNXT50,,2026-04-28,2026-04-28,71300.0,PE,NIFTYNXT5026APR71300PE,0.0,0.0,0.0,4796.5,0.0,4796.5,70334.35,2157.35,0,0,0,0.0,0,F1,25,,,,,
2026-02-18,2026-02-18,FO,NSE,IDO,74325,,NIFTYNXT50,,2026-04-28,2026-04-28,73900.0,PE,NIFTYNXT5026APR73900PE,0.0,0.0,0.0,6778.05,0.0,6778.05,70334.35,3772.35,0,0,0,0.0,0,F1,25,,,,,
2026-02-18,2026-02-18,FO,NSE,IDO,74329,,NIFTYNXT50,,2026-04-28,2026-04-28,74100.0,PE,NIFTYNXT5026APR74100PE,0.0,0.0,0.0,6941.25,0.0,6941.25,70334.35,3915.5,0,0,0,0.0,0,F1,25,,,,,
2026-02-18,2026-02-18,FO,NSE,IDO,74533,,NIFTYNXT50,,2026-04-28,2026-04-28,78500.0,PE,NIFTYNXT5026APR78500PE,0.0,0.0,0.0,10808.65,0.0,10808.65,70334.35,7564.4,0,0,0,0.0,0,F1,25,,,,,
2026-02-18,2026-02-18,FO,NSE,IDO,74583,,NIFTYNXT50,,2026-04-28,2026-04-28,79500.0,PE,NIFTYNXT5026APR79500PE,0.0,0.0,0.0,11740.6,0.0,11740.6,70334.35,8486.75,0,0,0,0.0,0,F1,25,,,,,
2026-02-18,2026-02-18,FO,NSE,IDO,66782,,NIFTYNXT50,,2026-02-24,2026-02-24,65700.0,CE,NIFTYNXT5026FEB65700CE,0.0,0.0,0.0,4771.05,0.0,4771.05,70334.35,4693.95,0,0,0,0.0,0,F1,25,,,,,
2026-02-18,2026-02-18,FO,NSE,IDO,66601,,NIFTYNXT50,,2026-02-24,2026-02-24,64200.0,CE,NIFTYNXT5026FEB64200CE,0.0,0.0,0.0,5831.55,0.0,5831.55,70334.35,6192.35,0,0,0,0.0,0,F1,25,,,,,
2026-02-18,2026-02-18,FO,NSE,IDO,66699,,NIFTYNXT50,,2026-02-24,2026-02-24,65500.0,CE,NIFTYNXT5026FEB65500CE,0.0,0.0,0.0,4905.65,0.0,4905.65,70334.35,4893.7,0,0,0,0.0,0,F1,25,,,,,
2026-02-18,2026-02-18,FO,NSE,IDO,66930,,NIFTYNXT50,,2026-02-24,2026-02-24,68100.0,CE,NIFTYNXT5026FEB68100CE,0.0,0.0,0.0,1675.0,1675.0,1675.0,70334.35,2334.65,0,0,0,0.0,0,F1,25,,,,,
2026-02-18,2026-02-18,FO,NSE,IDO,66807,,NIFTYNXT50,,2026-02-24,2026-02-24,66400.0,CE,NIFTYNXT5026FEB66400CE,0.0,0.0,0.0,4316.75,0.0,4316.75,70334.35,3995.75,0,0,0,0.0,0,F1,25,,,,,
2026-02-18,2026-02-18,FO,NSE,IDO,66951,,NIFTYNXT50,,2026-02-24,2026-02-24,69000.0,CE,NIFTYNXT5026FEB69000CE,1150.0,1400.05,1070.0,1383.5,1367.0,1029.75,70334.35,1383.5,3200,-150,108,189479467.5,66,F1,25,,,,,
2026-02-18,2026-02-18,FO,NSE,IDO,67216,,NIFTYNXT50,,2026-02-24,2026-02-24,69700.0,CE,NIFTYNXT5026FEB69700CE,721.0,775.0,615.0,769.95,769.95,534.75,70334.35,1010.3,750,-25,85,149587426.25,29,F1,25,,,,,
2026-02-18,2026-02-18,FO,NSE,IDO,67332,,NIFTYNXT50,,2026-02-24,2026-02-24,70400.0,CE,NIFTYNXT5026FEB70400CE,467.25,467.25,385.0,404.2,410.0,226.85,70334.35,404.2,725,700,30,53140975.0,5,F1,25,,,,,
2026-02-18,2026-02-18,FO,NSE,IDO,67608,,NIFTYNXT50,,2026-02-24,2026-02-24,73700.0,CE,NIFTYNXT5026FEB73700CE,0.0,0.0,0.0,1174.45,0.0,1174.45,70334.35,8.95,0,0,0,0.0,0,F1,25,,,,,
2026-02-18,2026-02-18,FO,NSE,IDO,67644,,NIFTYNXT50,,2026-02-24,2026-02-24,74000.0,CE,NIFTYNXT5026FEB74000CE,0.0,0.0,0.0,1102.35,0.0,1102.35,70334.35,5.2,0,0,0,0.0,0,F1,25,,,,,
2026-02-18,2026-02-18,FO,NSE,IDO,67980,,NIFTYNXT50,,2026-02-24,2026-02-24,80000.0,CE,NIFTYNXT5026FEB80000CE,0.0,0.0,0.0,259.7,0.0,259.7,70334.35,0.05,0,0,0,0.0,0,F1,25,,,,,
2026-02-18,2026-02-18,FO,NSE,IDO,56108,,NIFTYNXT50,,2026-03-30,2026-03-30,58500.0,CE,NIFTYNXT5026MAR58500CE,0.0,0.0,0.0,11123.3,0.0,11123.3,70334.35,12186.15,0,0,0,0.0,0,F1,25,,,,,
2026-02-18,2026-02-18,FO,NSE,IDO,56250,,NIFTYNXT50,,2026-03-30,2026-03-30,62300.0,CE,NIFTYNXT5026MAR62300CE,0.0,0.0,0.0,7685.1,0.0,7685.1,70334.35,8422.0,0,0,0,0.0,0,F1,25,,,,,
2026-02-18,2026-02-18,FO,NSE,IDO,56260,,NIFTYNXT50,,2026-03-30,2026-03-30,62800.0,CE,NIFTYNXT5026MAR62800CE,0.0,0.0,0.0,7263.85,0.0,7263.85,70334.35,7931.9,0,0,0,0.0,0,F1,25,,,,,
2026-02-18,2026-02-18,FO,NSE,IDO,56284,,NIFTYNXT50,,2026-03-30,2026-03-30,63600.0,CE,NIFTYNXT5026MAR63600CE,0.0,0.0,0.0,6609.95,0.0,6609.95,70334.35,7154.35,0,0,0,0.0,0,F1,25,,,,,
2026-02-18,2026-02-18,FO,NSE,IDO,56292,,NIFTYNXT50,,2026-03-30,2026-03-30,64000.0,CE,NIFTYNXT5026MAR64000CE,0.0,0.0,0.0,6292.95,0.0,6292.95,70334.35,6769.75,0,0,0,0.0,0,F1,25,,,,,
2026-02-18,2026-02-18,FO,NSE,IDO,56456,,NIFTYNXT50,,2026-03-30,2026-03-30,70100.0,CE,NIFTYNXT5026MAR70100CE,0.0,0.0,0.0,2488.35,0.0,2488.35,70334.35,1894.45,0,0,0,0.0,0,F1,25,,,,,
2026-02-18,2026-02-18,FO,NSE,IDO,56556,,NIFTYNXT50,,2026-03-30,2026-03-30,73000.0,CE,NIFTYNXT5026MAR73000CE,0.0,0.0,0.0,1412.2,0.0,1412.2,70334.35,706.7,0,0,0,0.0,0,F1,25,,,,,
2026-02-18,2026-02-18,FO,NSE,IDO,56586,,NIFTYNXT50,,2026-03-30,2026-03-30,74300.0,CE,NIFTYNXT5026MAR74300CE,0.0,0.0,0.0,1069.7,0.0,1069.7,70334.35,413.1,0,0,0,0.0,0,F1,25,,,,,
2026-02-18,2026-02-18,FO,NSE,IDO,56754,,NIFTYNXT50,,2026-03-30,2026-03-30,79000.0,CE,NIFTYNXT5026MAR79000CE,0.0,0.0,0.0,337.8,0.0,337.8,70334.35,35.7,0,0,0,0.0,0,F1,25,,,,,
2026-02-18,2026-02-18,FO,NSE,IDO,73959,,NIFTYNXT50,,2026-04-28,2026-04-28,63900.0,CE,NIFTYNXT5026APR63900CE,0.0,0.0,0.0,4861.75,0.0,4861.75,70334.35,7249.35,0,0,0,0.0,0,F1,25,,,,,
2026-02-18,2026-02-18,FO,NSE,IDO,74013,,NIFTYNXT50,,2026-04-28,2026-04-28,65500.0,CE,NIFTYNXT5026APR65500CE,0.0,0.0,0.0,3819.8,0.0,3819.8,70334.35,5833.05,0,0,0,0.0,0,F1,25,,,,,
2026-02-18,2026-02-18,FO,NSE,IDO,74070,,NIFTYNXT50,,2026-04-28,2026-04-28,67500.0,CE,NIFTYNXT5026APR67500CE,0.0,0.0,0.0,2727.05,0.0,2727.05,70334.35,4232.55,0,0,0,0.0,0,F1,25,,,,,
2026-02-18,2026-02-18,FO,NSE,IDO,74078,,NIFTYNXT50,,2026-04-28,2026-04-28,67600.0,CE,NIFTYNXT5026APR67600CE,0.0,0.0,0.0,2678.65,0.0,2678.65,70334.35,4158.7,0,0,0,0.0,0,F1,25,,,,,
2026-02-18,2026-02-18,FO,NSE,IDO,74140,,NIFTYNXT50,,2026-04-28,2026-04-28,68500.0,CE,NIFTYNXT5026APR68500CE,0.0,0.0,0.0,2269.55,0.0,2269.55,70334.35,3524.1,0,0,0,0.0,0,F1,25,,,,,
2026-02-18,2026-02-18,FO,NSE,IDO,74148,,NIFTYNXT50,,2026-04-28,2026-04-28,68800.0,CE,NIFTYNXT5026APR68800CE,0.0,0.0,0.0,2143.6,0.0,2143.6,70334.35,3325.15,0,0,0,0.0,0,F1,25,,,,,
2026-02-18,2026-02-18,FO,NSE,IDO,74203,,NIFTYNXT50,,2026-04-28,2026-04-28,70300.0,CE,NIFTYNXT5026APR70300CE,0.0,0.0,0.0,1589.1,0.0,1589.1,70334.35,2430.35,0,0,0,0.0,0,F1,25,,,,,
2026-02-18,2026-02-18,FO,NSE,IDO,74207,,NIFTYNXT50,,2026-04-28,2026-04-28,70500.0,CE,NIFTYNXT5026APR70500CE,0.0,0.0,0.0,1524.25,0.0,1524.25,70334.35,2324.0,0,0,0,0.0,0,F1,25,,,,,
2026-02-18,2026-02-18,FO,NSE,IDO,74298,,NIFTYNXT50,,2026-04-28,2026-04-28,72600.0,CE,NIFTYNXT5026APR72600CE,0.0,0.0,0.0,963.85,0.0,963.85,70334.35,1390.45,0,0,0,0.0,0,F1,25,,,,,
2026-02-18,2026-02-18,FO,NSE,IDO,74366,,NIFTYNXT50,,2026-04-28,2026-04-28,76000.0,CE,NIFTYNXT5026APR76000CE,0.0,0.0,0.0,414.2,0.0,414.2,70334.35,508.15,0,0,0,0.0,0,F1,25,,,,,
2026-02-18,2026-02-18,FO,NSE,IDO,66592,,NIFTYNXT50,,2026-02-24,2026-02-24,63700.0,PE,NIFTYNXT5026FEB63700PE,0.0,0.0,0.0,776.75,0.0,776.75,70334.35,0.05,0,0,0,0.0,0,F1,25,,,,,
2026-02-18,2026-02-18,FO,NSE,IDO,66622,,NIFTYNXT50,,2026-02-24,2026-02-24,64600.0,PE,NIFTYNXT5026FEB64600PE,0.0,0.0,0.0,994.4,0.0,994.4,70334.35,0.05,0,0,0,0.0,0,F1,25,,,,,
2026-02-18,2026-02-18,FO,NSE,IDO,66893,,NIFTYNXT50,,2026-02-24,2026-02-24,66900.0,PE,NIFTYNXT5026FEB66900PE,0.0,0.0,0.0,1728.05,0.0,1728.05,70334.35,4.25,0,0,0,0.0,0,F1,25,,,,,
2026-02-18,2026-02-18,FO,NSE,IDO,66915,,NIFTYNXT50,,2026-02-24,2026-02-24,67300.0,PE,NIFTYNXT5026FEB67300PE,0.0,0.0,0.0,1885.5,0.0,1885.5,70334.35,9.5,0,0,0,0.0,0,F1,25,,,,,
2026-02-18,2026-02-18,FO,NSE,IDO,66927,,NIFTYNXT50,,2026-02-24,2026-02-24,67900.0,PE,NIFTYNXT5026FEB67900PE,0.0,0.0,0.0,315.0,315.0,315.0,70334.35,27.95,25,0,0,0.0,0,F1,25,,,,,
2026-02-18,2026-02-18,FO,NSE,IDO,66957,,NIFTYNXT50,,2026-02-24,2026-02-24,69100.0,PE,NIFTYNXT5026FEB69100PE,0.0,0.0,0.0,2704.9,0.0,2704.9,70334.35,158.7,0,0,0,0.0,0,F1,25,,,,,
2026-02-18,2026-02-18,FO,NSE,IDO,67736,,NIFTYNXT50,,2026-02-24,2026-02-24,74700.0,PE,NIFTYNXT5026FEB74700PE,0.0,0.0,0.0,6346.85,0.0,6346.85,70334.35,4299.45,0,0,0,0.0,0,F1,25,,,,,
2026-02-18,2026-02-18,FO,NSE,IDO,67753,,NIFTYNXT50,,2026-02-24,2026-02-24,75500.0,PE,NIFTYNXT5026FEB75500PE,0.0,0.0,0.0,6979.8,0.0,6979.8,70334.35,5097.65,0,0,0,0.0,0,F1,25,,,,,
2026-02-18,2026-02-18,FO,NSE,IDO,56077,,NIFTYNXT50,,2026-03-30,2026-03-30,57500.0,PE,NIFTYNXT5026MAR57500PE,0.0,0.0,0.0,56.1,0.0,56.1,70334.35,0.05,0,0,0,0.0,0,F1,25,,,,,
2026-02-18,2026-02-18,FO,NSE,IDO,56141,,NIFTYNXT50,,2026-03-30,2026-03-30,60000.0,PE,NIFTYNXT5026MAR60000PE,0.0,0.0,0.0,168.9,0.0,168.9,70334.35,1.45,0,0,0,0.0,0,F1,25,,,,,
2026-02-18,2026-02-18,FO,NSE,IDO,56153,,NIFTYNXT50,,2026-03-30,2026-03-30,60500.0,PE,NIFTYNXT5026MAR60500PE,0.0,0.0,0.0,205.7,0.0,205.7,70334.35,2.45,0,0,0,0.0,0,F1,25,,,,,
2026-02-18,2026-02-18,FO,NSE,IDO,56167,,NIFTYNXT50,,2026-03-30,2026-03-30,61000.0,PE,NIFTYNXT5026MAR61000PE,0.0,0.0,0.0,248.75,0.0,248.75,70334.35,4.05,0,0,0,0.0,0,F1,25,,,,,
2026-02-18,2026-02-18,FO,NSE,IDO,56253,,NIFTYNXT50,,2026-03-30,2026-03-30,62400.0,PE,NIFTYNXT5026MAR62400PE,0.0,0.0,0.0,408.45,0.0,408.45,70334.35,14.45,0,0,0,0.0,0,F1,25,,,,,
2026-02-18,2026-02-18,FO,NSE,IDO,56261,,NIFTYNXT50,,2026-03-30,2026-03-30,62800.0,PE,NIFTYNXT5026MAR62800PE,0.0,0.0,0.0,466.25,0.0,466.25,70334.35,20.2,0,0,0,0.0,0,F1,25,,,,,
2026-02-18,2026-02-18,FO,NSE,IDO,56291,,NIFTYNXT50,,2026-03-30,2026-03-30,63900.0,PE,NIFTYNXT5026MAR63900PE,0.0,0.0,0.0,657.65,0.0,657.65,70334.35,47.25,0,0,0,0.0,0,F1,25,,,,,
2026-02-18,2026-02-18,FO,NSE,IDO,56381,,NIFTYNXT50,,2026-03-30,2026-03-30,67100.0,PE,NIFTYNXT5026MAR67100PE,0.0,0.0,0.0,1539.2,0.0,1539.2,70334.35,340.3,0,0,0,0.0,0,F1,25,,,,,
2026-02-18,2026-02-18,FO,NSE,IDO,56395,,NIFTYNXT50,,2026-03-30,2026-03-30,67800.0,PE,NIFTYNXT5026MAR67800PE,0.0,0.0,0.0,1806.05,0.0,1806.05,70334.35,480.3,0,0,0,0.0,0,F1,25,,,,,
2026-02-18,2026-02-18,FO,NSE,IDO,56397,,NIFTYNXT50,,2026-03-30,2026-03-30,67900.0,PE,NIFTYNXT5026MAR67900PE,0.0,0.0,0.0,1846.5,0.0,1846.5,70334.35,503.4,0,0,0,0.0,0,F1,25,,,,,
2026-02-18,2026-02-18,FO,NSE,IDO,56405,,NIFTYNXT50,,2026-03-30,2026-03-30,68300.0,PE,NIFTYNXT5026MAR68300PE,0.0,0.0,0.0,2014.0,0.0,2014.0,70334.35,604.0,0,0,0,0.0,0,F1,25,,,,,
2026-02-18,2026-02-18,FO,NSE,IDO,56531,,NIFTYNXT50,,2026-03-30,2026-03-30,72100.0,PE,NIFTYNXT5026MAR72100PE,0.0,0.0,0.0,4063.35,0.0,4063.35,70334.35,2322.0,0,0,0,0.0,0,F1,25,,,,,
2026-02-18,2026-02-18,FO,NSE,IDO,56533,,NIFTYNXT50,,2026-03-30,2026-03-30,72200.0,PE,NIFTYNXT5026MAR72200PE,0.0,0.0,0.0,4128.0,0.0,4128.0,70334.35,2386.35,0,0,0,0.0,0,F1,25,,,,,
2026-02-18,2026-02-18,FO,NSE,IDO,56557,,NIFTYNXT50,,2026-03-30,2026-03-30,73000.0,PE,NIFTYNXT5026MAR73000PE,0.0,0.0,0.0,4663.5,0.0,4663.5,70334.35,2933.7,0,0,0,0.0,0,F1,25,,,,,
2026-02-18,2026-02-18,FO,NSE,IDO,56575,,NIFTYNXT50,,2026-03-30,2026-03-30,73900.0,PE,NIFTYNXT5026MAR73900PE,0.0,0.0,0.0,5302.65,0.0,5302.65,70334.35,3612.05,0,0,0,0.0,0,F1,25,,,,,
2026-02-18,2026-02-18,FO,NSE,IDO,56577,,NIFTYNXT50,,2026-03-30,2026-03-30,74000.0,PE,NIFTYNXT5026MAR74000PE,0.0,0.0,0.0,5375.9,0.0,5375.9,70334.35,3691.1,0,0,0,0.0,0,F1,25,,,,,
2026-02-18,2026-02-18,FO,NSE,IDO,56771,,NIFTYNXT50,,2026-03-30,2026-03-30,79500.0,PE,NIFTYNXT5026MAR79500PE,0.0,0.0,0.0,9950.25,0.0,9950.25,70334.35,8714.15,0,0,0,0.0,0,F1,25,,,,,
2026-02-18,2026-02-18,FO,NSE,IDO,73984,,NIFTYNXT50,,2026-04-28,2026-04-28,64700.0,PE,NIFTYNXT5026APR64700PE,0.0,0.0,0.0,1335.3,0.0,1335.3,70334.35,225.4,0,0,0,0.0,0,F1,25,,,,,
2026-02-18,2026-02-18,FO,NSE,IDO,74032,,NIFTYNXT50,,2026-04-28,2026-04-28,66300.0,PE,NIFTYNXT5026APR66300PE,0.0,0.0,0.0,1942.45,0.0,1942.45,70334.35,446.4,0,0,0,0.0,0,F1,25,,,,,
2026-02-18,2026-02-18,FO,NSE,IDO,74069,,NIFTYNXT50,,2026-04-28,2026-04-28,67400.0,PE,NIFTYNXT5026APR67400PE,0.0,0.0,0.0,2447.55,0.0,2447.55,70334.35,675.55,0,0,0,0.0,0,F1,25,,,,,
2026-02-18,2026-02-18,FO,NSE,IDO,74141,,NIFTYNXT50,,2026-04-28,2026-04-28,68500.0,PE,NIFTYNXT5026APR68500PE,0.0,0.0,0.0,3024.0,0.0,3024.0,70334.35,981.25,0,0,0,0.0,0,F1,25,,,,,
2026-02-18,2026-02-18,FO,NSE,IDO,74145,,NIFTYNXT50,,2026-04-28,2026-04-28,68700.0,PE,NIFTYNXT5026APR68700PE,0.0,0.0,0.0,3136.4,0.0,3136.4,70334.35,1045.8,0,0,0,0.0,0,F1,25,,,,,
2026-02-18,2026-02-18,FO,NSE,IDO,74177,,NIFTYNXT50,,2026-04-28,2026-04-28,69400.0,PE,NIFTYNXT5026APR69400PE,0.0,0.0,0.0,3547.7,0.0,3547.7,70334.35,1294.75,0,0,0,0.0,0,F1,25,,,,,
2026-02-18,2026-02-18,FO,NSE,IDO,74291,,NIFTYNXT50,,2026-04-28,2026-04-28,72200.0,PE,NIFTYNXT5026APR72200PE,0.0,0.0,0.0,5453.05,0.0,5453.05,70334.35,2661.85,0,0,0,0.0,0,F1,25,,,,,
2026-02-18,2026-02-18,FO,NSE,IDO,74311,,NIFTYNXT50,,2026-04-28,2026-04-28,73200.0,PE,NIFTYNXT5026APR73200PE,0.0,0.0,0.0,6218.0,0.0,6218.0,70334.35,3291.35,0,0,0,0.0,0,F1,25,,,,,
2026-02-18,2026-02-18,FO,NSE,IDO,66030,,NIFTYNXT50,,2026-02-24,2026-02-24,57000.0,CE,NIFTYNXT5026FEB57000CE,0.0,0.0,0.0,12099.4,0.0,12099.4,70334.35,13385.85,0,0,0,0.0,0,F1,25,,,,,
2026-02-18,2026-02-18,FO,NSE,IDO,66505,,NIFTYNXT50,,2026-02-24,2026-02-24,62000.0,CE,NIFTYNXT5026FEB62000CE,0.0,0.0,0.0,7573.3,0.0,7573.3,70334.35,8390.4,0,0,0,0.0,0,F1,25,,,,,
2026-02-18,2026-02-18,FO,NSE,IDO,66513,,NIFTYNXT50,,2026-02-24,2026-02-24,62400.0,CE,NIFTYNXT5026FEB62400CE,0.0,0.0,0.0,7241.9,0.0,7241.9,70334.35,7990.75,0,0,0,0.0,0,F1,25,,,,,
2026-02-18,2026-02-18,FO,NSE,IDO,66607,,NIFTYNXT50,,2026-02-24,2026-02-24,64300.0,CE,NIFTYNXT5026FEB64300CE,0.0,0.0,0.0,5757.45,0.0,5757.45,70334.35,6092.45,0,0,0,0.0,0,F1,25,,,,,
2026-02-18,2026-02-18,FO,NSE,IDO,66789,,NIFTYNXT50,,2026-02-24,2026-02-24,65800.0,CE,NIFTYNXT5026FEB65800CE,0.0,0.0,0.0,4704.55,0.0,4704.55,70334.35,4594.15,0,0,0,0.0,0,F1,25,,,,,
2026-02-18,2026-02-18,FO,NSE,IDO,66793,,NIFTYNXT50,,2026-02-24,2026-02-24,66000.0,CE,NIFTYNXT5026FEB66000CE,4040.4,4040.4,4040.4,4040.4,4040.4,3636.0,70334.35,4394.55,1275,0,1,1751010.0,1,F1,25,,,,,
2026-02-18,2026-02-18,FO,NSE,IDO,56498,,NIFTYNXT50,,2026-03-30,2026-03-30,71200.0,CE,NIFTYNXT5026MAR71200CE,0.0,0.0,0.0,2026.95,0.0,2026.95,70334.35,1347.5,0,0,0,0.0,0,F1,25,,,,,
2026-02-18,2026-02-18,FO,NSE,IDO,56500,,NIFTYNXT50,,2026-03-30,2026-03-30,71300.0,CE,NIFTYNXT5026MAR71300CE,0.0,0.0,0.0,1988.35,0.0,1988.35,70334.35,1303.85,0,0,0,0.0,0,F1,25,,,,,
2026-02-18,2026-02-18,FO,NSE,IDO,56520,,NIFTYNXT50,,2026-03-30,2026-03-30,72000.0,CE,NIFTYNXT5026MAR72000CE,0.0,0.0,0.0,1733.05,0.0,1733.05,70334.35,1025.55,0,0,0,0.0,0,F1,25,,,,,
2026-02-18,2026-02-18,FO,NSE,IDO,56546,,NIFTYNXT50,,2026-03-30,2026-03-30,72500.0,CE,NIFTYNXT5026MAR72500CE,0.0,0.0,0.0,1566.35,0.0,1566.35,70334.35,855.05,0,0,0,0.0,0,F1,25,,,,,
2026-02-18,2026-02-18,FO,NSE,IDO,56560,,NIFTYNXT50,,2026-03-30,2026-03-30,73200.0,CE,NIFTYNXT5026MAR73200CE,0.0,0.0,0.0,1353.9,0.0,1353.9,70334.35,653.25,0,0,0,0.0,0,F1,25,,,,,
2026-02-18,2026-02-18,FO,NSE,IDO,73949,,NIFTYNXT50,,2026-04-28,2026-04-28,63400.0,CE,NIFTYNXT5026APR63400CE,0.0,0.0,0.0,5219.6,0.0,5219.6,70334.35,7709.85,0,0,0,0.0,0,F1,25,,,,,
2026-02-18,2026-02-18,FO,NSE,IDO,73955,,NIFTYNXT50,,2026-04-28,2026-04-28,63700.0,CE,NIFTYNXT5026APR63700CE,0.0,0.0,0.0,5004.8,0.0,5004.8,70334.35,7432.7,0,0,0,0.0,0,F1,25,,,,,
2026-02-18,2026-02-18,FO,NSE,IDO,73969,,NIFTYNXT50,,2026-04-28,2026-04-28,64200.0,CE,NIFTYNXT5026APR64200CE,0.0,0.0,0.0,4655.45,0.0,4655.45,70334.35,6976.65,0,0,0,0.0,0,F1,25,,,,,
2026-02-18,2026-02-18,FO,NSE,IDO,74033,,NIFTYNXT50,,2026-04-28,2026-04-28,66400.0,CE,NIFTYNXT5026APR66400CE,0.0,0.0,0.0,3298.8,0.0,3298.8,70334.35,5085.5,0,0,0,0.0,0,F1,25,,,,,
2026-02-18,2026-02-18,FO,NSE,IDO,74142,,NIFTYNXT50,,2026-04-28,2026-04-28,68600.0,CE,NIFTYNXT5026APR68600CE,0.0,0.0,0.0,2227.0,0.0,2227.0,70334.35,3457.05,0,0,0,0.0,0,F1,25,,,,,
2026-02-18,2026-02-18,FO,NSE,IDO,74150,,NIFTYNXT50,,2026-04-28,2026-04-28,68900.0,CE,NIFTYNXT5026APR68900CE,0.0,0.0,0.0,2102.8,0.0,2102.8,70334.35,3260.25,0,0,0,0.0,0,F1,25,,,,,
2026-02-18,2026-02-18,FO,NSE,IDO,74322,,NIFTYNXT50,,2026-04-28,2026-04-28,73800.0,CE,NIFTYNXT5026APR73800CE,0.0,0.0,0.0,723.7,0.0,723.7,70334.35,999.4,0,0,0,0.0,0,F1,25,,,,,
2026-02-18,2026-02-18,FO,NSE,IDO,74479,,NIFTYNXT50,,2026-04-28,2026-04-28,77000.0,CE,NIFTYNXT5026APR77000CE,0.0,0.0,0.0,316.35,0.0,316.35,70334.35,362.45,0,0,0,0.0,0,F1,25,,,,,
2026-02-18,2026-02-18,FO,NSE,IDO,74584,,NIFTYNXT50,,2026-04-28,2026-04-28,80000.0,CE,NIFTYNXT5026APR80000CE,0.0,0.0,0.0,133.05,0.0,133.05,70334.35,117.45,0,0,0,0.0,0,F1,25,,,,,
2026-02-18,2026-02-18,FO,NSE,IDO,66115,,NIFTYNXT50,,2026-02-24,2026-02-24,58500.0,PE,NIFTYNXT5026FEB58500PE,0.0,0.0,0.0,130.65,0.0,130.65,70334.35,0.05,0,0,0,0.0,0,F1,25,,,,,
2026-02-18,2026-02-18,FO,NSE,IDO,66518,,NIFTYNXT50,,2026-02-24,2026-02-24,62600.0,PE,NIFTYNXT5026FEB62600PE,0.0,0.0,0.0,562.7,0.0,562.7,70334.35,0.05,0,0,0,0.0,0,F1,25,,,,,
2026-02-18,2026-02-18,FO,NSE,IDO,66520,,NIFTYNXT50,,2026-02-24,2026-02-24,62700.0,PE,NIFTYNXT5026FEB62700PE,0.0,0.0,0.0,580.1,0.0,580.1,70334.35,0.05,0,0,0,0.0,0,F1,25,,,,,
2026-02-18,2026-02-18,FO,NSE,IDO,66598,,NIFTYNXT50,,2026-02-24,2026-02-24,64000.0,PE,NIFTYNXT5026FEB64000PE,0.0,0.0,0.0,844.3,0.0,844.3,70334.35,0.05,0,0,0,0.0,0,F1,25,,,,,
2026-02-18,2026-02-18,FO,NSE,IDO,66600,,NIFTYNXT50,,2026-02-24,2026-02-24,64100.0,PE,NIFTYNXT5026FEB64100PE,0.0,0.0,0.0,867.75,0.0,867.75,70334.35,0.05,0,0,0,0.0,0,F1,25,,,,,
2026-02-18,2026-02-18,FO,NSE,IDO,66606,,NIFTYNXT50,,2026-02-24,2026-02-24,64200.0,PE,NIFTYNXT5026FEB64200PE,0.0,0.0,0.0,891.7,0.0,891.7,70334.35,0.05,0,0,0,0.0,0,F1,25,,,,,
2026-02-18,2026-02-18,FO,NSE,IDO,67346,,NIFTYNXT50,,2026-02-24,2026-02-24,70700.0,PE,NIFTYNXT5026FEB70700PE,0.0,0.0,0.0,3585.0,0.0,3585.0,70334.35,765.25,0,0,0,0.0,0,F1,25,,,,,
2026-02-18,2026-02-18,FO,NSE,IDO,67350,,NIFTYNXT50,,2026-02-24,2026-02-24,70900.0,PE,NIFTYNXT5026FEB70900PE,0.0,0.0,0.0,3704.7,0.0,3704.7,70334.35,886.9,0,0,0,0.0,0,F1,25,,,,,
2026-02-18,2026-02-18,FO,NSE,IDO,67501,,NIFTYNXT50,,2026-02-24,2026-02-24,72800.0,PE,NIFTYNXT5026FEB72800PE,0.0,0.0,0.0,4942.8,0.0,4942.8,70334.35,2438.4,0,0,0,0.0,0,F1,25,,,,,
2026-02-18,2026-02-18,FO,NSE,IDO,67641,,NIFTYNXT50,,2026-02-24,2026-02-24,73800.0,PE,NIFTYNXT5026FEB73800PE,0.0,0.0,0.0,5665.5,0.0,5665.5,70334.35,3406.45,0,0,0,0.0,0,F1,25,,,,,
2026-02-18,2026-02-18,FO,NSE,IDO,67734,,NIFTYNXT50,,2026-02-24,2026-02-24,74600.0,PE,NIFTYNXT5026FEB74600PE,0.0,0.0,0.0,6269.35,0.0,6269.35,70334.35,4199.85,0,0,0,0.0,0,F1,25,,,,,
2026-02-18,2026-02-18,FO,NSE,IDO,67742,,NIFTYNXT50,,2026-02-24,2026-02-24,75000.0,PE,NIFTYNXT5026FEB75000PE,0.0,0.0,0.0,6581.5,0.0,6581.5,70334.35,4598.55,0,0,0,0.0,0,F1,25,,,,,
2026-02-18,2026-02-18,FO,NSE,IDO,56309,,NIFTYNXT50,,2026-03-30,2026-03-30,64700.0,PE,NIFTYNXT5026MAR64700PE,0.0,0.0,0.0,829.9,0.0,829.9,70334.35,82.7,0,0,0,0.0,0,F1,25,,,,,
2026-02-18,2026-02-18,FO,NSE,IDO,56341,,NIFTYNXT50,,2026-03-30,2026-03-30,65600.0,PE,NIFTYNXT5026MAR65600PE,0.0,0.0,0.0,1062.4,0.0,1062.4,70334.35,147.0,0,0,0,0.0,0,F1,25,,,,,
2026-02-18,2026-02-18,FO,NSE,IDO,56353,,NIFTYNXT50,,2026-03-30,2026-03-30,65900.0,PE,NIFTYNXT5026MAR65900PE,0.0,0.0,0.0,1145.7,0.0,1145.7,70334.35,175.9,0,0,0,0.0,0,F1,25,,,,,
2026-02-18,2026-02-18,FO,NSE,IDO,56371,,NIFTYNXT50,,2026-03-30,2026-03-30,66600.0,PE,NIFTYNXT5026MAR66600PE,0.0,0.0,0.0,1365.55,0.0,1365.55,70334.35,261.35,0,0,0,0.0,0,F1,25,,,,,
2026-02-18,2026-02-18,FO,NSE,IDO,56385,,NIFTYNXT50,,2026-03-30,2026-03-30,67300.0,PE,NIFTYNXT5026MAR67300PE,0.0,0.0,0.0,1612.55,0.0,1612.55,70334.35,376.6,0,0,0,0.0,0,F1,25,,,,,
2026-02-18,2026-02-18,FO,NSE,IDO,56399,,NIFTYNXT50,,2026-03-30,2026-03-30,68000.0,PE,NIFTYNXT5026MAR68000PE,0.0,0.0,0.0,1887.5,0.0,1887.5,70334.35,527.3,0,0,0,0.0,0,F1,25,,,,,
2026-02-18,2026-02-18,FO,NSE,IDO,56421,,NIFTYNXT50,,2026-03-30,2026-03-30,69100.0,PE,NIFTYNXT5026MAR69100PE,0.0,0.0,0.0,2376.95,0.0,2376.95,70334.35,847.8,0,0,0,0.0,0,F1,25,,,,,
2026-02-18,2026-02-18,FO,NSE,IDO,56434,,NIFTYNXT50,,2026-03-30,2026-03-30,69300.0,PE,NIFTYNXT5026MAR69300PE,0.0,0.0,0.0,2473.5,0.0,2473.5,70334.35,918.15,0,0,0,0.0,0,F1,25,,,,,
2026-02-18,2026-02-18,FO,NSE,IDO,56455,,NIFTYNXT50,,2026-03-30,2026-03-30,70000.0,PE,NIFTYNXT5026MAR70000PE,0.0,0.0,0.0,2829.45,0.0,2829.45,70334.35,1195.25,0,0,0,0.0,0,F1,25,,,,,
2026-02-18,2026-02-18,FO,NSE,IDO,56493,,NIFTYNXT50,,2026-03-30,2026-03-30,71000.0,PE,NIFTYNXT5026MAR71000PE,0.0,0.0,0.0,3386.8,0.0,3386.8,70334.35,1676.85,0,0,0,0.0,0,F1,25,,,,,
2026-02-18,2026-02-18,FO,NSE,IDO,56509,,NIFTYNXT50,,2026-03-30,2026-03-30,71600.0,PE,NIFTYNXT5026MAR71600PE,0.0,0.0,0.0,3747.8,0.0,3747.8,70334.35,2014.15,0,0,0,0.0,0,F1,25,,,,,
2026-02-18,2026-02-18,FO,NSE,IDO,56547,,NIFTYNXT50,,2026-03-30,2026-03-30,72500.0,PE,NIFTYNXT5026MAR72500PE,0.0,0.0,0.0,4325.1,0.0,4325.1,70334.35,2585.05,0,0,0,0.0,0,F1,25,,,,,
2026-02-18,2026-02-18,FO,NSE,IDO,56549,,NIFTYNXT50,,2026-03-30,2026-03-30,72600.0,PE,NIFTYNXT5026MAR72600PE,0.0,0.0,0.0,4391.8,0.0,4391.8,70334.35,2653.05,0,0,0,0.0,0,F1,25,,,,,
2026-02-18,2026-02-18,FO,NSE,IDO,56581,,NIFTYNXT50,,2026-03-30,2026-03-30,74200.0,PE,NIFTYNXT5026MAR74200PE,0.0,0.0,0.0,5527.05,0.0,5527.05,70334.35,3851.25,0,0,0,0.0,0,F1,25,,,,,
2026-02-18,2026-02-18,FO,NSE,IDO,56595,,NIFTYNXT50,,2026-03-30,2026-03-30,74600.0,PE,NIFTYNXT5026MAR74600PE,0.0,0.0,0.0,5828.55,0.0,5828.55,70334.35,4179.2,0,0,0,0.0,0,F1,25,,,,,
2026-02-18,2026-02-18,FO,NSE,IDO,73934,,NIFTYNXT50,,2026-04-28,2026-04-28,62600.0,PE,NIFTYNXT5026APR62600PE,0.0,0.0,0.0,756.35,0.0,756.35,70334.35,78.15,0,0,0,0.0,0,F1,25,,,,,
2026-02-18,2026-02-18,FO,NSE,IDO,73936,,NIFTYNXT50,,2026-04-28,2026-04-28,62700.0,PE,NIFTYNXT5026APR62700PE,0.0,0.0,0.0,778.8,0.0,778.8,70334.35,82.55,0,0,0,0.0,0,F1,25,,,,,
2026-02-18,2026-02-18,FO,NSE,IDO,73938,,NIFTYNXT50,,2026-04-28,2026-04-28,62800.0,PE,NIFTYNXT5026APR62800PE,0.0,0.0,0.0,801.75,0.0,801.75,70334.35,87.2,0,0,0,0.0,0,F1,25,,,,,
2026-02-18,2026-02-18,FO,NSE,IDO,73946,,NIFTYNXT50,,2026-04-28,2026-04-28,63200.0,PE,NIFTYNXT5026APR63200PE,0.0,0.0,0.0,901.0,0.0,901.0,70334.35,107.95,0,0,0,0.0,0,F1,25,,,,,
2026-02-18,2026-02-18,FO,NSE,IDO,73952,,NIFTYNXT50,,2026-04-28,2026-04-28,63500.0,PE,NIFTYNXT5026APR63500PE,0.0,0.0,0.0,978.45,0.0,978.45,70334.35,126.05,0,0,0,0.0,0,F1,25,,,,,
2026-02-18,2026-02-18,FO,NSE,IDO,74038,,NIFTYNXT50,,2026-04-28,2026-04-28,66600.0,PE,NIFTYNXT5026APR66600PE,0.0,0.0,0.0,2073.05,0.0,2073.05,70334.35,501.95,0,0,0,0.0,0,F1,25,,,,,
2026-02-18,2026-02-18,FO,NSE,IDO,74053,,NIFTYNXT50,,2026-04-28,2026-04-28,67200.0,PE,NIFTYNXT5026APR67200PE,0.0,0.0,0.0,2350.35,0.0,2350.35,70334.35,628.5,0,0,0,0.0,0,F1,25,,,,,
2026-02-18,2026-02-18,FO,NSE,IDO,74075,,NIFTYNXT50,,2026-04-28,2026-04-28,67500.0,PE,NIFTYNXT5026APR67500PE,0.0,0.0,0.0,2496.8,0.0,2496.8,70334.35,700.05,0,0,0,0.0,0,F1,25,,,,,
2026-02-18,2026-02-18,FO,NSE,IDO,74137,,NIFTYNXT50,,2026-04-28,2026-04-28,68300.0,PE,NIFTYNXT5026APR68300PE,0.0,0.0,0.0,2913.9,0.0,2913.9,70334.35,919.5,0,0,0,0.0,0,F1,25,,,,,
2026-02-18,2026-02-18,FO,NSE,IDO,74139,,NIFTYNXT50,,2026-04-28,2026-04-28,68400.0,PE,NIFTYNXT5026APR68400PE,0.0,0.0,0.0,2968.65,0.0,2968.65,70334.35,950.05,0,0,0,0.0,0,F1,25,,,,,
2026-02-18,2026-02-18,FO,NSE,IDO,74204,,NIFTYNXT50,,2026-04-28,2026-04-28,70300.0,PE,NIFTYNXT5026APR70300PE,0.0,0.0,0.0,4115.95,0.0,4115.95,70334.35,1668.85,0,0,0,0.0,0,F1,25,,,,,
2026-02-18,2026-02-18,FO,NSE,IDO,74214,,NIFTYNXT50,,2026-04-28,2026-04-28,70700.0,PE,NIFTYNXT5026APR70700PE,0.0,0.0,0.0,4382.15,0.0,4382.15,70334.35,1855.05,0,0,0,0.0,0,F1,25,,,,,
2026-02-18,2026-02-18,FO,NSE,IDO,74224,,NIFTYNXT50,,2026-04-28,2026-04-28,70900.0,PE,NIFTYNXT5026APR70900PE,0.0,0.0,0.0,4518.3,0.0,4518.3,70334.35,1952.75,0,0,0,0.0,0,F1,25,,,,,
2026-02-18,2026-02-18,FO,NSE,IDO,74246,,NIFTYNXT50,,2026-04-28,2026-04-28,71100.0,PE,NIFTYNXT5026APR71100PE,0.0,0.0,0.0,4656.4,0.0,4656.4,70334.35,2053.55,0,0,0,0.0,0,F1,25,,,,,
2026-02-18,2026-02-18,FO,NSE,IDO,56361,,NIFTYNXT50,,2026-03-30,2026-03-30,66100.0,PE,NIFTYNXT5026MAR66100PE,0.0,0.0,0.0,1205.8,0.0,1205.8,70334.35,197.6,0,0,0,0.0,0,F1,25,,,,,
2026-02-18,2026-02-18,FO,NSE,IDO,56541,,NIFTYNXT50,,2026-03-30,2026-03-30,72400.0,PE,NIFTYNXT5026MAR72400PE,0.0,0.0,0.0,4258.9,0.0,4258.9,70334.35,2517.9,0,0,0,0.0,0,F1,25,,,,,
2026-02-18,2026-02-18,FO,NSE,IDO,56553,,NIFTYNXT50,,2026-03-30,2026-03-30,72800.0,PE,NIFTYNXT5026MAR72800PE,0.0,0.0,0.0,4526.65,0.0,4526.65,70334.35,2791.65,0,0,0,0.0,0,F1,25,,,,,
2026-02-18,2026-02-18,FO,NSE,IDO,56579,,NIFTYNXT50,,2026-03-30,2026-03-30,74100.0,PE,NIFTYNXT5026MAR74100PE,0.0,0.0,0.0,5452.75,0.0,5452.75,70334.35,3770.8,0,0,0,0.0,0,F1,25,,,,,
2026-02-18,2026-02-18,FO,NSE,IDO,56589,,NIFTYNXT50,,2026-03-30,2026-03-30,74400.0,PE,NIFTYNXT5026MAR74400PE,0.0,0.0,0.0,5676.95,0.0,5676.95,70334.35,4013.95,0,0,0,0.0,0,F1,25,,,,,
2026-02-18,2026-02-18,FO,NSE,IDO,56745,,NIFTYNXT50,,2026-03-30,2026-03-30,78500.0,PE,NIFTYNXT5026MAR78500PE,0.0,0.0,0.0,9055.5,0.0,9055.5,70334.35,7742.0,0,0,0,0.0,0,F1,25,,,,,
2026-02-18,2026-02-18,FO,NSE,IDO,56755,,NIFTYNXT50,,2026-03-30,2026-03-30,79000.0,PE,NIFTYNXT5026MAR79000PE,0.0,0.0,0.0,9500.25,0.0,9500.25,70334.35,8226.6,0,0,0,0.0,0,F1,25,,,,,
2026-02-18,2026-02-18,FO,NSE,IDO,73706,,NIFTYNXT50,,2026-04-28,2026-04-28,56500.0,PE,NIFTYNXT5026APR56500PE,0.0,0.0,0.0,76.7,0.0,76.7,70334.35,1.0,0,0,0,0.0,0,F1,25,,,,,
2026-02-18,2026-02-18,FO,NSE,IDO,73956,,NIFTYNXT50,,2026-04-28,2026-04-28,63700.0,PE,NIFTYNXT5026APR63700PE,0.0,0.0,0.0,1032.75,0.0,1032.75,70334.35,139.45,0,0,0,0.0,0,F1,25,,,,,
2026-02-18,2026-02-18,FO,NSE,IDO,73991,,NIFTYNXT50,,2026-04-28,2026-04-28,64900.0,PE,NIFTYNXT5026APR64900PE,0.0,0.0,0.0,1403.05,0.0,1403.05,70334.35,246.85,0,0,0,0.0,0,F1,25,,,,,
2026-02-18,2026-02-18,FO,NSE,IDO,73997,,NIFTYNXT50,,2026-04-28,2026-04-28,65100.0,PE,NIFTYNXT5026APR65100PE,0.0,0.0,0.0,1473.15,0.0,1473.15,70334.35,269.95,0,0,0,0.0,0,F1,25,,,,,
2026-02-18,2026-02-18,FO,NSE,IDO,74022,,NIFTYNXT50,,2026-04-28,2026-04-28,65800.0,PE,NIFTYNXT5026APR65800PE,0.0,0.0,0.0,1736.6,0.0,1736.6,70334.35,364.45,0,0,0,0.0,0,F1,25,,,,,
2026-02-18,2026-02-18,FO,NSE,IDO,74206,,NIFTYNXT50,,2026-04-28,2026-04-28,70400.0,PE,NIFTYNXT5026APR70400PE,0.0,0.0,0.0,4181.75,0.0,4181.75,70334.35,1714.25,0,0,0,0.0,0,F1,25,,,,,
2026-02-18,2026-02-18,FO,NSE,IDO,74347,,NIFTYNXT50,,2026-04-28,2026-04-28,75000.0,PE,NIFTYNXT5026APR75000PE,0.0,0.0,0.0,7691.9,0.0,7691.9,70334.35,4588.9,0,0,0,0.0,0,F1,25,,,,,
2026-02-18,2026-02-18,FO,NSE,IDO,56620,,NIFTYNXT50,,2026-03-30,2026-03-30,75500.0,CE,NIFTYNXT5026MAR75500CE,0.0,0.0,0.0,812.05,0.0,812.05,70334.35,238.45,0,0,0,0.0,0,F1,25,,,,,
2026-02-18,2026-02-18,FO,NSE,IDO,56548,,NIFTYNXT50,,2026-03-30,2026-03-30,72600.0,CE,NIFTYNXT5026MAR72600CE,0.0,0.0,0.0,1534.5,0.0,1534.5,70334.35,823.65,0,0,0,0.0,0,F1,25,,,,,
2026-02-18,2026-02-18,FO,NSE,IDO,56530,,NIFTYNXT50,,2026-03-30,2026-03-30,72100.0,CE,NIFTYNXT5026MAR72100CE,0.0,0.0,0.0,1698.7,0.0,1698.7,70334.35,989.6,0,0,0,0.0,0,F1,25,,,,,
2026-02-18,2026-02-18,FO,NSE,IDO,56406,,NIFTYNXT50,,2026-03-30,2026-03-30,68400.0,CE,NIFTYNXT5026MAR68400CE,0.0,0.0,0.0,3337.85,0.0,3337.85,70334.35,2976.7,0,0,0,0.0,0,F1,25,,,,,
2026-02-18,2026-02-18,FO,NSE,IDO,56402,,NIFTYNXT50,,2026-03-30,2026-03-30,68200.0,CE,NIFTYNXT5026MAR68200CE,0.0,0.0,0.0,3448.85,0.0,3448.85,70334.35,3121.75,0,0,0,0.0,0,F1,25,,,,,
2026-02-18,2026-02-18,FO,NSE,IDO,74312,,NIFTYNXT50,,2026-04-28,2026-04-28,73300.0,CE,NIFTYNXT5026APR73300CE,0.0,0.0,0.0,816.0,0.0,816.0,70334.35,1150.6,0,0,0,0.0,0,F1,25,,,,,
2026-02-18,2026-02-18,FO,NSE,IDO,66617,,NIFTYNXT50,,2026-02-24,2026-02-24,64400.0,CE,NIFTYNXT5026FEB64400CE,0.0,0.0,0.0,5686.35,0.0,5686.35,70334.35,5992.55,0,0,0,0.0,0,F1,25,,,,,
2026-02-18,2026-02-18,FO,NSE,IDO,66595,,NIFTYNXT50,,2026-02-24,2026-02-24,63900.0,CE,NIFTYNXT5026FEB63900CE,0.0,0.0,0.0,6056.65,0.0,6056.65,70334.35,6492.1,0,0,0,0.0,0,F1,25,,,,,
2026-02-18,2026-02-18,FO,NSE,IDO,56394,,NIFTYNXT50,,2026-03-30,2026-03-30,67800.0,CE,NIFTYNXT5026MAR67800CE,0.0,0.0,0.0,3677.75,0.0,3677.75,70334.35,3422.05,0,0,0,0.0,0,F1,25,,,,,
2026-02-18,2026-02-18,FO,NSE,IDO,56386,,NIFTYNXT50,,2026-03-30,2026-03-30,67400.0,CE,NIFTYNXT5026MAR67400CE,0.0,0.0,0.0,3915.85,0.0,3915.85,70334.35,3735.2,0,0,0,0.0,0,F1,25,,,,,
2026-02-18,2026-02-18,FO,NSE,IDO,56368,,NIFTYNXT50,,2026-03-30,2026-03-30,66500.0,CE,NIFTYNXT5026MAR66500CE,0.0,0.0,0.0,4484.95,0.0,4484.95,70334.35,4481.4,0,0,0,0.0,0,F1,25,,,,,
2026-02-18,2026-02-18,FO,NSE,IDO,56366,,NIFTYNXT50,,2026-03-30,2026-03-30,66400.0,CE,NIFTYNXT5026MAR66400CE,0.0,0.0,0.0,4550.95,0.0,4550.95,70334.35,4567.5,0,0,0,0.0,0,F1,25,,,,,
2026-02-18,2026-02-18,FO,NSE,IDO,56338,,NIFTYNXT50,,2026-03-30,2026-03-30,65500.0,CE,NIFTYNXT5026MAR65500CE,0.0,0.0,0.0,5172.5,0.0,5172.5,70334.35,5366.25,0,0,0,0.0,0,F1,25,,,,,
2026-02-18,2026-02-18,FO,NSE,IDO,56326,,NIFTYNXT50,,2026-03-30,2026-03-30,65100.0,CE,NIFTYNXT5026MAR65100CE,0.0,0.0,0.0,5461.6,0.0,5461.6,70334.35,5733.1,0,0,0,0.0,0,F1,25,,,,,
2026-02-18,2026-02-18,FO,NSE,IDO,56322,,NIFTYNXT50,,2026-03-30,2026-03-30,65000.0,CE,NIFTYNXT5026MAR65000CE,0.0,0.0,0.0,5532.5,0.0,5532.5,70334.35,5825.8,0,0,0,0.0,0,F1,25,,,,,
2026-02-18,2026-02-18,FO,NSE,IDO,56176,,NIFTYNXT50,,2026-03-30,2026-03-30,61500.0,CE,NIFTYNXT5026MAR61500CE,0.0,0.0,0.0,8377.1,0.0,8377.1,70334.35,9210.4,0,0,0,0.0,0,F1,25,,,,,
2026-02-18,2026-02-18,FO,NSE,IDO,67826,,NIFTYNXT50,,2026-02-24,2026-02-24,76000.0,CE,NIFTYNXT5026FEB76000CE,0.0,0.0,0.0,704.25,0.0,704.25,70334.35,0.05,0,0,0,0.0,0,F1,25,,,,,
2026-02-18,2026-02-18,FO,NSE,IDO,67606,,NIFTYNXT50,,2026-02-24,2026-02-24,73600.0,CE,NIFTYNXT5026FEB73600CE,0.0,0.0,0.0,1196.45,0.0,1196.45,70334.35,10.65,0,0,0,0.0,0,F1,25,,,,,
2026-02-18,2026-02-18,FO,NSE,IDO,67576,,NIFTYNXT50,,2026-02-24,2026-02-24,73400.0,CE,NIFTYNXT5026FEB73400CE,0.0,0.0,0.0,1247.75,0.0,1247.75,70334.35,14.95,0,0,0,0.0,0,F1,25,,,,,
2026-02-18,2026-02-18,FO,NSE,IDO,67502,,NIFTYNXT50,,2026-02-24,2026-02-24,72900.0,CE,NIFTYNXT5026FEB72900CE,0.0,0.0,0.0,1383.7,0.0,1383.7,70334.35,33.15,0,0,0,0.0,0,F1,25,,,,,
2026-02-18,2026-02-18,FO,NSE,IDO,67380,,NIFTYNXT50,,2026-02-24,2026-02-24,72300.0,CE,NIFTYNXT5026FEB72300CE,0.0,0.0,0.0,1561.85,0.0,1561.85,70334.35,78.15,0,0,0,0.0,0,F1,25,,,,,
2026-02-18,2026-02-18,FO,NSE,IDO,67327,,NIFTYNXT50,,2026-02-24,2026-02-24,70200.0,CE,NIFTYNXT5026FEB70200CE,552.9,552.9,446.85,503.0,446.85,799.95,70334.35,503.0,100,75,26,45956951.25,7,F1,25,,,,,
2026-02-18,2026-02-18,FO,NSE,IDO,66973,,NIFTYNXT50,,2026-02-24,2026-02-24,69300.0,CE,NIFTYNXT5026FEB69300CE,0.0,0.0,0.0,744.4,744.4,744.4,70334.35,1298.6,125,0,0,0.0,0,F1,25,,,,,
2026-02-18,2026-02-18,FO,NSE,IDO,66791,,NIFTYNXT50,,2026-02-24,2026-02-24,65900.0,CE,NIFTYNXT5026FEB65900CE,0.0,0.0,0.0,4638.55,0.0,4638.55,70334.35,4494.3,0,0,0,0.0,0,F1,25,,,,,
2026-02-18,2026-02-18,FO,NSE,IDO,74025,,NIFTYNXT50,,2026-04-28,2026-04-28,66000.0,CE,NIFTYNXT5026APR66000CE,0.0,0.0,0.0,3524.45,0.0,3524.45,70334.35,5412.7,0,0,0,0.0,0,F1,25,,,,,
2026-02-18,2026-02-18,FO,NSE,IDO,74019,,NIFTYNXT50,,2026-04-28,2026-04-28,65800.0,CE,NIFTYNXT5026APR65800CE,0.0,0.0,0.0,3640.8,0.0,3640.8,70334.35,5579.35,0,0,0,0.0,0,F1,25,,,,,
2026-02-18,2026-02-18,FO,NSE,IDO,74008,,NIFTYNXT50,,2026-04-28,2026-04-28,65400.0,CE,NIFTYNXT5026APR65400CE,0.0,0.0,0.0,3880.65,0.0,3880.65,70334.35,5918.5,0,0,0,0.0,0,F1,25,,,,,
2026-02-18,2026-02-18,FO,NSE,IDO,74031,,NIFTYNXT50,,2026-04-28,2026-04-28,66300.0,CE,NIFTYNXT5026APR66300CE,0.0,0.0,0.0,3354.3,0.0,3354.3,70334.35,5166.5,0,0,0,0.0,0,F1,25,,,,,
2026-02-18,2026-02-18,FO,NSE,IDO,74124,,NIFTYNXT50,,2026-04-28,2026-04-28,68100.0,CE,NIFTYNXT5026APR68100CE,0.0,0.0,0.0,2445.55,0.0,2445.55,70334.35,3799.3,0,0,0,0.0,0,F1,25,,,,,
2026-02-18,2026-02-18,FO,NSE,IDO,74136,,NIFTYNXT50,,2026-04-28,2026-04-28,68300.0,CE,NIFTYNXT5026APR68300CE,0.0,0.0,0.0,2356.4,0.0,2356.4,70334.35,3660.3,0,0,0,0.0,0,F1,25,,,,,
2026-02-18,2026-02-18,FO,NSE,IDO,74158,,NIFTYNXT50,,2026-04-28,2026-04-28,69100.0,CE,NIFTYNXT5026APR69100CE,0.0,0.0,0.0,2022.8,0.0,2022.8,70334.35,3132.7,0,0,0,0.0,0,F1,25,,,,,
2026-02-18,2026-02-18,FO,NSE,IDO,73998,,NIFTYNXT50,,2026-04-28,2026-04-28,65200.0,CE,NIFTYNXT5026APR65200CE,0.0,0.0,0.0,4004.05,0.0,4004.05,70334.35,6090.85,0,0,0,0.0,0,F1,25,,,,,
2026-02-18,2026-02-18,FO,NSE,IDO,73945,,NIFTYNXT50,,2026-04-28,2026-04-28,63200.0,CE,NIFTYNXT5026APR63200CE,0.0,0.0,0.0,5365.4,0.0,5365.4,70334.35,7896.0,0,0,0,0.0,0,F1,25,,,,,
2026-02-18,2026-02-18,FO,NSE,IDO,73705,,NIFTYNXT50,,2026-04-28,2026-04-28,56500.0,CE,NIFTYNXT5026APR56500CE,0.0,0.0,0.0,11138.5,0.0,11138.5,70334.35,14419.75,0,0,0,0.0,0,F1,25,,,,,
2026-02-18,2026-02-18,FO,NSE,IDO,74285,,NIFTYNXT50,,2026-04-28,2026-04-28,72000.0,PE,NIFTYNXT5026APR72000PE,0.0,0.0,0.0,5304.4,0.0,5304.4,70334.35,2544.55,0,0,0,0.0,0,F1,25,,,,,
2026-02-18,2026-02-18,FO,NSE,IDO,74297,,NIFTYNXT50,,2026-04-28,2026-04-28,72500.0,PE,NIFTYNXT5026APR72500PE,0.0,0.0,0.0,5679.25,0.0,5679.25,70334.35,2843.25,0,0,0,0.0,0,F1,25,,,,,
2026-02-18,2026-02-18,FO,NSE,IDO,74299,,NIFTYNXT50,,2026-04-28,2026-04-28,72600.0,PE,NIFTYNXT5026APR72600PE,0.0,0.0,0.0,5755.5,0.0,5755.5,70334.35,2905.2,0,0,0,0.0,0,F1,25,,,,,
2026-02-18,2026-02-18,FO,NSE,IDO,74480,,NIFTYNXT50,,2026-04-28,2026-04-28,77000.0,PE,NIFTYNXT5026APR77000PE,0.0,0.0,0.0,9440.65,0.0,9440.65,70334.35,6231.65,0,0,0,0.0,0,F1,25,,,,,
2026-02-18,2026-02-18,FO,NSE,IDO,56454,,NIFTYNXT50,,2026-03-30,2026-03-30,70000.0,CE,NIFTYNXT5026MAR70000CE,0.0,0.0,0.0,2533.7,0.0,2533.7,70334.35,1950.25,0,0,0,0.0,0,F1,25,,,,,
2026-02-18,2026-02-18,FO,NSE,IDF,66692,,NIFTYNXT50,,2026-04-28,2026-04-28,,,NIFTYNXT5026APRFUT,70900.0,70900.0,70900.0,70900.0,70900.0,67733.8,70334.35,71069.4,25,25,1,1772500.0,1,F1,25,,,,,
2026-02-18,2026-02-18,FO,NSE,IDO,66405,,NIFTYNXT50,,2026-02-24,2026-02-24,60000.0,CE,NIFTYNXT5026FEB60000CE,0.0,0.0,0.0,9311.2,0.0,9311.2,70334.35,10388.55,0,0,0,0.0,0,F1,25,,,,,
2026-02-18,2026-02-18,FO,NSE,IDO,66485,,NIFTYNXT50,,2026-02-24,2026-02-24,61000.0,CE,NIFTYNXT5026FEB61000CE,0.0,0.0,0.0,8426.7,0.0,8426.7,70334.35,9389.45,0,0,0,0.0,0,F1,25,,,,,
2026-02-18,2026-02-18,FO,NSE,IDO,66517,,NIFTYNXT50,,2026-02-24,2026-02-24,62600.0,CE,NIFTYNXT5026FEB62600CE,0.0,0.0,0.0,7078.45,0.0,7078.45,70334.35,7790.9,0,0,0,0.0,0,F1,25,,,,,
2026-02-18,2026-02-18,FO,NSE,IDO,66584,,NIFTYNXT50,,2026-02-24,2026-02-24,63400.0,CE,NIFTYNXT5026FEB63400CE,0.0,0.0,0.0,6441.05,0.0,6441.05,70334.35,6991.65,0,0,0,0.0,0,F1,25,,,,,
2026-02-18,2026-02-18,FO,NSE,IDO,66623,,NIFTYNXT50,,2026-02-24,2026-02-24,64700.0,CE,NIFTYNXT5026FEB64700CE,0.0,0.0,0.0,5468.0,0.0,5468.0,70334.35,5692.85,0,0,0,0.0,0,F1,25,,,,,
2026-02-18,2026-02-18,FO,NSE,IDO,66627,,NIFTYNXT50,,2026-02-24,2026-02-24,64900.0,CE,NIFTYNXT5026FEB64900CE,0.0,0.0,0.0,5324.9,0.0,5324.9,70334.35,5493.0,0,0,0,0.0,0,F1,25,,,,,
2026-02-18,2026-02-18,FO,NSE,IDO,66795,,NIFTYNXT50,,2026-02-24,2026-02-24,66100.0,CE,NIFTYNXT5026FEB66100CE,0.0,0.0,0.0,4508.25,0.0,4508.25,70334.35,4294.75,0,0,0,0.0,0,F1,25,,,,,
2026-02-18,2026-02-18,FO,NSE,IDO,66920,,NIFTYNXT50,,2026-02-24,2026-02-24,67600.0,CE,NIFTYNXT5026FEB67600CE,0.0,0.0,0.0,3600.5,0.0,3600.5,70334.35,2812.05,0,0,0,0.0,0,F1,25,,,,,
2026-02-18,2026-02-18,FO,NSE,IDO,66928,,NIFTYNXT50,,2026-02-24,2026-02-24,68000.0,CE,NIFTYNXT5026FEB68000CE,2199.0,2366.0,2011.0,2355.0,2344.0,1825.0,70334.35,2355.0,1425,150,26,45639460.0,25,F1,25,,,,,
2026-02-18,2026-02-18,FO,NSE,IDO,66936,,NIFTYNXT50,,2026-02-24,2026-02-24,68400.0,CE,NIFTYNXT5026FEB68400CE,0.0,0.0,0.0,3167.85,0.0,3167.85,70334.35,2057.7,0,0,0,0.0,0,F1,25,,,,,
2026-02-18,2026-02-18,FO,NSE,IDO,67325,,NIFTYNXT50,,2026-02-24,2026-02-24,70100.0,CE,NIFTYNXT5026FEB70100CE,518.1,563.75,460.0,551.25,540.0,337.9,70334.35,551.25,100,75,28,49425877.5,23,F1,25,,,,,
2026-02-18,2026-02-18,FO,NSE,IDO,67359,,NIFTYNXT50,,2026-02-24,2026-02-24,71400.0,CE,NIFTYNXT5026FEB71400CE,0.0,0.0,0.0,1861.45,0.0,1861.45,70334.35,231.95,0,0,0,0.0,0,F1,25,,,,,
2026-02-18,2026-02-18,FO,NSE,IDO,67376,,NIFTYNXT50,,2026-02-24,2026-02-24,72200.0,CE,NIFTYNXT5026FEB72200CE,0.0,0.0,0.0,1593.2,0.0,1593.2,70334.35,89.2,0,0,0,0.0,0,F1,25,,,,,
2026-02-18,2026-02-18,FO,NSE,IDO,67683,,NIFTYNXT50,,2026-02-24,2026-02-24,74300.0,CE,NIFTYNXT5026FEB74300CE,0.0,0.0,0.0,1033.85,0.0,1033.85,70334.35,2.95,0,0,0,0.0,0,F1,25,,,,,
2026-02-18,2026-02-18,FO,NSE,IDO,56262,,NIFTYNXT50,,2026-03-30,2026-03-30,62900.0,CE,NIFTYNXT5026MAR62900CE,0.0,0.0,0.0,7180.75,0.0,7180.75,70334.35,7834.25,0,0,0,0.0,0,F1,25,,,,,
2026-02-18,2026-02-18,FO,NSE,IDO,56380,,NIFTYNXT50,,2026-03-30,2026-03-30,67100.0,CE,NIFTYNXT5026MAR67100CE,0.0,0.0,0.0,4100.5,0.0,4100.5,70334.35,3977.85,0,0,0,0.0,0,F1,25,,,,,
2026-02-18,2026-02-18,FO,NSE,IDO,56396,,NIFTYNXT50,,2026-03-30,2026-03-30,67900.0,CE,NIFTYNXT5026MAR67900CE,0.0,0.0,0.0,3619.65,0.0,3619.65,70334.35,3345.75,0,0,0,0.0,0,F1,25,,,,,
2026-02-18,2026-02-18,FO,NSE,IDO,56414,,NIFTYNXT50,,2026-03-30,2026-03-30,68800.0,CE,NIFTYNXT5026MAR68800CE,0.0,0.0,0.0,3122.95,0.0,3122.95,70334.35,2697.3,0,0,0,0.0,0,F1,25,,,,,
2026-02-18,2026-02-18,FO,NSE,IDO,56450,,NIFTYNXT50,,2026-03-30,2026-03-30,69900.0,CE,NIFTYNXT5026MAR69900CE,0.0,0.0,0.0,2579.6,0.0,2579.6,70334.35,2007.05,0,0,0,0.0,0,F1,25,,,,,
2026-02-18,2026-02-18,FO,NSE,IDO,56462,,NIFTYNXT50,,2026-03-30,2026-03-30,70300.0,CE,NIFTYNXT5026MAR70300CE,0.0,0.0,0.0,2399.4,0.0,2399.4,70334.35,1785.9,0,0,0,0.0,0,F1,25,,,,,
2026-02-18,2026-02-18,FO,NSE,IDO,66591,,NIFTYNXT50,,2026-02-24,2026-02-24,63700.0,CE,NIFTYNXT5026FEB63700CE,0.0,0.0,0.0,6209.05,0.0,6209.05,70334.35,6691.9,0,0,0,0.0,0,F1,25,,,,,
2026-02-18,2026-02-18,FO,NSE,IDO,66593,,NIFTYNXT50,,2026-02-24,2026-02-24,63800.0,CE,NIFTYNXT5026FEB63800CE,0.0,0.0,0.0,6132.65,0.0,6132.65,70334.35,6592.0,0,0,0,0.0,0,F1,25,,,,,
2026-02-18,2026-02-18,FO,NSE,IDO,66625,,NIFTYNXT50,,2026-02-24,2026-02-24,64800.0,CE,NIFTYNXT5026FEB64800CE,0.0,0.0,0.0,5396.2,0.0,5396.2,70334.35,5592.95,0,0,0,0.0,0,F1,25,,,,,
2026-02-18,2026-02-18,FO,NSE,IDO,66805,,NIFTYNXT50,,2026-02-24,2026-02-24,66300.0,CE,NIFTYNXT5026FEB66300CE,0.0,0.0,0.0,4380.05,0.0,4380.05,70334.35,4095.4,0,0,0,0.0,0,F1,25,,,,,
2026-02-18,2026-02-18,FO,NSE,IDO,67329,,NIFTYNXT50,,2026-02-24,2026-02-24,70300.0,CE,NIFTYNXT5026FEB70300CE,0.0,0.0,0.0,2283.7,0.0,2283.7,70334.35,650.85,0,0,0,0.0,0,F1,25,,,,,
2026-02-18,2026-02-18,FO,NSE,IDO,67482,,NIFTYNXT50,,2026-02-24,2026-02-24,72700.0,CE,NIFTYNXT5026FEB72700CE,0.0,0.0,0.0,1441.25,0.0,1441.25,70334.35,44.65,0,0,0,0.0,0,F1,25,,,,,
2026-02-18,2026-02-18,FO,NSE,IDO,67500,,NIFTYNXT50,,2026-02-24,2026-02-24,72800.0,CE,NIFTYNXT5026FEB72800CE,0.0,0.0,0.0,1412.25,0.0,1412.25,70334.35,38.55,0,0,0,0.0,0,F1,25,,,,,
2026-02-18,2026-02-18,FO,NSE,IDO,67504,,NIFTYNXT50,,2026-02-24,2026-02-24,73000.0,CE,NIFTYNXT5026FEB73000CE,0.0,0.0,0.0,1355.65,0.0,1355.65,70334.35,28.45,0,0,0,0.0,0,F1,25,,,,,
2026-02-18,2026-02-18,FO,NSE,IDO,67640,,NIFTYNXT50,,2026-02-24,2026-02-24,73800.0,CE,NIFTYNXT5026FEB73800CE,0.0,0.0,0.0,1150.0,0.0,1150.0,70334.35,7.45,0,0,0,0.0,0,F1,25,,,,,
2026-02-18,2026-02-18,FO,NSE,IDO,67751,,NIFTYNXT50,,2026-02-24,2026-02-24,75500.0,CE,NIFTYNXT5026FEB75500CE,0.0,0.0,0.0,789.95,0.0,789.95,70334.35,0.25,0,0,0,0.0,0,F1,25,,,,,
2026-02-18,2026-02-18,FO,NSE,IDO,56252,,NIFTYNXT50,,2026-03-30,2026-03-30,62400.0,CE,NIFTYNXT5026MAR62400CE,0.0,0.0,0.0,7600.15,0.0,7600.15,70334.35,8323.8,0,0,0,0.0,0,F1,25,,,,,
2026-02-18,2026-02-18,FO,NSE,IDO,56290,,NIFTYNXT50,,2026-03-30,2026-03-30,63900.0,CE,NIFTYNXT5026MAR63900CE,0.0,0.0,0.0,6371.55,0.0,6371.55,70334.35,6865.6,0,0,0,0.0,0,F1,25,,,,,
2026-02-18,2026-02-18,FO,NSE,IDO,56352,,NIFTYNXT50,,2026-03-30,2026-03-30,65900.0,CE,NIFTYNXT5026MAR65900CE,0.0,0.0,0.0,4889.25,0.0,4889.25,70334.35,5006.25,0,0,0,0.0,0,F1,25,,,,,
2026-02-18,2026-02-18,FO,NSE,IDO,56374,,NIFTYNXT50,,2026-03-30,2026-03-30,66800.0,CE,NIFTYNXT5026MAR66800CE,0.0,0.0,0.0,4290.2,0.0,4290.2,70334.35,4226.75,0,0,0,0.0,0,F1,25,,,,,
2026-02-18,2026-02-18,FO,NSE,IDO,56418,,NIFTYNXT50,,2026-03-30,2026-03-30,69000.0,CE,NIFTYNXT5026MAR69000CE,0.0,0.0,0.0,3018.95,0.0,3018.95,70334.35,2563.1,0,0,0,0.0,0,F1,25,,,,,
2026-02-18,2026-02-18,FO,NSE,IDO,56506,,NIFTYNXT50,,2026-03-30,2026-03-30,71500.0,CE,NIFTYNXT5026MAR71500CE,0.0,0.0,0.0,1912.75,0.0,1912.75,70334.35,1219.45,0,0,0,0.0,0,F1,25,,,,,
2026-02-18,2026-02-18,FO,NSE,IDO,73951,,NIFTYNXT50,,2026-04-28,2026-04-28,63500.0,CE,NIFTYNXT5026APR63500CE,0.0,0.0,0.0,5147.45,0.0,5147.45,70334.35,7617.2,0,0,0,0.0,0,F1,25,,,,,
2026-02-18,2026-02-18,FO,NSE,IDO,73953,,NIFTYNXT50,,2026-04-28,2026-04-28,63600.0,CE,NIFTYNXT5026APR63600CE,0.0,0.0,0.0,5075.85,0.0,5075.85,70334.35,7524.8,0,0,0,0.0,0,F1,25,,,,,
2026-02-18,2026-02-18,FO,NSE,IDO,73973,,NIFTYNXT50,,2026-04-28,2026-04-28,64300.0,CE,NIFTYNXT5026APR64300CE,0.0,0.0,0.0,4587.75,0.0,4587.75,70334.35,6886.4,0,0,0,0.0,0,F1,25,,,,,
2026-02-18,2026-02-18,FO,NSE,IDO,73975,,NIFTYNXT50,,2026-04-28,2026-04-28,64400.0,CE,NIFTYNXT5026APR64400CE,0.0,0.0,0.0,4520.65,0.0,4520.65,70334.35,6796.5,0,0,0,0.0,0,F1,25,,,,,
2026-02-18,2026-02-18,FO,NSE,IDO,73996,,NIFTYNXT50,,2026-04-28,2026-04-28,65100.0,CE,NIFTYNXT5026APR65100CE,0.0,0.0,0.0,4066.6,0.0,4066.6,70334.35,6177.65,0,0,0,0.0,0,F1,25,,,,,
2026-02-18,2026-02-18,FO,NSE,IDO,74017,,NIFTYNXT50,,2026-04-28,2026-04-28,65700.0,CE,NIFTYNXT5026APR65700CE,0.0,0.0,0.0,3699.9,0.0,3699.9,70334.35,5663.45,0,0,0,0.0,0,F1,25,,,,,
2026-02-18,2026-02-18,FO,NSE,IDO,74054,,NIFTYNXT50,,2026-04-28,2026-04-28,67300.0,CE,NIFTYNXT5026APR67300CE,0.0,0.0,0.0,2825.85,0.0,2825.85,70334.35,4382.2,0,0,0,0.0,0,F1,25,,,,,
2026-02-18,2026-02-18,FO,NSE,IDO,74152,,NIFTYNXT50,,2026-04-28,2026-04-28,69000.0,CE,NIFTYNXT5026APR69000CE,0.0,0.0,0.0,2062.5,0.0,2062.5,70334.35,3196.1,0,0,0,0.0,0,F1,25,,,,,
2026-02-18,2026-02-18,FO,NSE,IDO,74176,,NIFTYNXT50,,2026-04-28,2026-04-28,69400.0,CE,NIFTYNXT5026APR69400CE,0.0,0.0,0.0,1907.05,0.0,1907.05,70334.35,2946.9,0,0,0,0.0,0,F1,25,,,,,
2026-02-18,2026-02-18,FO,NSE,IDO,74190,,NIFTYNXT50,,2026-04-28,2026-04-28,69800.0,CE,NIFTYNXT5026APR69800CE,0.0,0.0,0.0,1760.35,0.0,1760.35,70334.35,2709.7,0,0,0,0.0,0,F1,25,,,,,
2026-02-18,2026-02-18,FO,NSE,IDO,74194,,NIFTYNXT50,,2026-04-28,2026-04-28,70000.0,CE,NIFTYNXT5026APR70000CE,0.0,0.0,0.0,1690.25,0.0,1690.25,70334.35,2595.65,0,0,0,0.0,0,F1,25,,,,,
2026-02-18,2026-02-18,FO,NSE,IDO,74267,,NIFTYNXT50,,2026-04-28,2026-04-28,71400.0,CE,NIFTYNXT5026APR71400CE,0.0,0.0,0.0,1257.2,0.0,1257.2,70334.35,1883.3,0,0,0,0.0,0,F1,25,,,,,
2026-02-18,2026-02-18,FO,NSE,IDO,74271,,NIFTYNXT50,,2026-04-28,2026-04-28,71500.0,CE,NIFTYNXT5026APR71500CE,0.0,0.0,0.0,1229.95,0.0,1229.95,70334.35,1838.1,0,0,0,0.0,0,F1,25,,,,,
2026-02-18,2026-02-18,FO,NSE,IDO,74296,,NIFTYNXT50,,2026-04-28,2026-04-28,72500.0,CE,NIFTYNXT5026APR72500CE,0.0,0.0,0.0,986.1,0.0,986.1,70334.35,1427.5,0,0,0,0.0,0,F1,25,,,,,
2026-02-18,2026-02-18,FO,NSE,IDO,74314,,NIFTYNXT50,,2026-04-28,2026-04-28,73400.0,CE,NIFTYNXT5026APR73400CE,0.0,0.0,0.0,796.8,0.0,796.8,70334.35,1119.05,0,0,0,0.0,0,F1,25,,,,,
2026-02-18,2026-02-18,FO,NSE,IDO,74509,,NIFTYNXT50,,2026-04-28,2026-04-28,78000.0,CE,NIFTYNXT5026APR78000CE,0.0,0.0,0.0,239.3,0.0,239.3,70334.35,253.65,0,0,0,0.0,0,F1,25,,,,,
2026-02-18,2026-02-18,FO,NSE,IDO,66343,,NIFTYNXT50,,2026-02-24,2026-02-24,59500.0,PE,NIFTYNXT5026FEB59500PE,0.0,0.0,0.0,194.35,0.0,194.35,70334.35,0.05,0,0,0,0.0,0,F1,25,,,,,
2026-02-18,2026-02-18,FO,NSE,IDO,66406,,NIFTYNXT50,,2026-02-24,2026-02-24,60000.0,PE,NIFTYNXT5026FEB60000PE,0.0,0.0,0.0,234.6,0.0,234.6,70334.35,0.05,0,0,0,0.0,0,F1,25,,,,,
2026-02-18,2026-02-18,FO,NSE,IDO,66594,,NIFTYNXT50,,2026-02-24,2026-02-24,63800.0,PE,NIFTYNXT5026FEB63800PE,0.0,0.0,0.0,798.8,0.0,798.8,70334.35,0.05,0,0,0,0.0,0,F1,25,,,,,
2026-02-18,2026-02-18,FO,NSE,IDO,66596,,NIFTYNXT50,,2026-02-24,2026-02-24,63900.0,PE,NIFTYNXT5026FEB63900PE,0.0,0.0,0.0,821.35,0.0,821.35,70334.35,0.05,0,0,0,0.0,0,F1,25,,,,,
2026-02-18,2026-02-18,FO,NSE,IDO,66629,,NIFTYNXT50,,2026-02-24,2026-02-24,64900.0,PE,NIFTYNXT5026FEB64900PE,0.0,0.0,0.0,1074.45,0.0,1074.45,70334.35,0.05,0,0,0,0.0,0,F1,25,,,,,
2026-02-18,2026-02-18,FO,NSE,IDO,66834,,NIFTYNXT50,,2026-02-24,2026-02-24,66800.0,PE,NIFTYNXT5026FEB66800PE,0.0,0.0,0.0,1690.1,0.0,1690.1,70334.35,3.45,0,0,0,0.0,0,F1,25,,,,,
2026-02-18,2026-02-18,FO,NSE,IDO,66921,,NIFTYNXT50,,2026-02-24,2026-02-24,67600.0,PE,NIFTYNXT5026FEB67600PE,0.0,0.0,0.0,2009.45,0.0,2009.45,70334.35,16.6,0,0,0,0.0,0,F1,25,,,,,
2026-02-18,2026-02-18,FO,NSE,IDO,66943,,NIFTYNXT50,,2026-02-24,2026-02-24,68700.0,PE,NIFTYNXT5026FEB68700PE,0.0,0.0,0.0,609.6,647.2,609.6,70334.35,94.35,25,0,0,0.0,0,F1,25,,,,,
2026-02-18,2026-02-18,FO,NSE,IDO,66945,,NIFTYNXT50,,2026-02-24,2026-02-24,68800.0,PE,NIFTYNXT5026FEB68800PE,427.3,427.3,427.3,427.3,427.3,664.95,70334.35,108.0,200,25,1,1730682.5,1,F1,25,,,,,
2026-02-18,2026-02-18,FO,NSE,IDO,67311,,NIFTYNXT50,,2026-02-24,2026-02-24,69700.0,PE,NIFTYNXT5026FEB69700PE,471.65,471.65,459.9,459.9,459.9,471.65,70334.35,313.0,200,0,2,3508288.75,2,F1,25,,,,,
2026-02-18,2026-02-18,FO,NSE,IDO,67333,,NIFTYNXT50,,2026-02-24,2026-02-24,70400.0,PE,NIFTYNXT5026FEB70400PE,0.0,0.0,0.0,3409.4,0.0,3409.4,70334.35,602.1,0,0,0,0.0,0,F1,25,,,,,
2026-02-18,2026-02-18,FO,NSE,IDO,67364,,NIFTYNXT50,,2026-02-24,2026-02-24,71600.0,PE,NIFTYNXT5026FEB71600PE,0.0,0.0,0.0,4140.05,0.0,4140.05,70334.35,1386.7,0,0,0,0.0,0,F1,25,,,,,
2026-02-18,2026-02-18,FO,NSE,IDO,67387,,NIFTYNXT50,,2026-02-24,2026-02-24,72400.0,PE,NIFTYNXT5026FEB72400PE,0.0,0.0,0.0,4667.6,0.0,4667.6,70334.35,2068.45,0,0,0,0.0,0,F1,25,,,,,
2026-02-18,2026-02-18,FO,NSE,IDO,67689,,NIFTYNXT50,,2026-02-24,2026-02-24,74300.0,PE,NIFTYNXT5026FEB74300PE,0.0,0.0,0.0,6041.8,0.0,6041.8,70334.35,3901.45,0,0,0,0.0,0,F1,25,,,,,
2026-02-18,2026-02-18,FO,NSE,IDO,56098,,NIFTYNXT50,,2026-03-30,2026-03-30,58000.0,PE,NIFTYNXT5026MAR58000PE,0.0,0.0,0.0,71.1,0.0,71.1,70334.35,0.15,0,0,0,0.0,0,F1,25,,,,,
2026-02-18,2026-02-18,FO,NSE,IDO,56131,,NIFTYNXT50,,2026-03-30,2026-03-30,59500.0,PE,NIFTYNXT5026MAR59500PE,0.0,0.0,0.0,137.65,0.0,137.65,70334.35,0.85,0,0,0,0.0,0,F1,25,,,,,
2026-02-18,2026-02-18,FO,NSE,IDO,56177,,NIFTYNXT50,,2026-03-30,2026-03-30,61500.0,PE,NIFTYNXT5026MAR61500PE,0.0,0.0,0.0,298.75,0.0,298.75,70334.35,6.5,0,0,0,0.0,0,F1,25,,,,,
2026-02-18,2026-02-18,FO,NSE,IDO,56259,,NIFTYNXT50,,2026-03-30,2026-03-30,62700.0,PE,NIFTYNXT5026MAR62700PE,0.0,0.0,0.0,451.2,0.0,451.2,70334.35,18.6,0,0,0,0.0,0,F1,25,,,,,
2026-02-18,2026-02-18,FO,NSE,IDO,56263,,NIFTYNXT50,,2026-03-30,2026-03-30,62900.0,PE,NIFTYNXT5026MAR62900PE,0.0,0.0,0.0,481.6,0.0,481.6,70334.35,21.9,0,0,0,0.0,0,F1,25,,,,,
2026-02-18,2026-02-18,FO,NSE,IDO,56265,,NIFTYNXT50,,2026-03-30,2026-03-30,63000.0,PE,NIFTYNXT5026MAR63000PE,0.0,0.0,0.0,497.4,0.0,497.4,70334.35,23.75,0,0,0,0.0,0,F1,25,,,,,
2026-02-18,2026-02-18,FO,NSE,IDO,56305,,NIFTYNXT50,,2026-03-30,2026-03-30,64500.0,PE,NIFTYNXT5026MAR64500PE,0.0,0.0,0.0,784.05,0.0,784.05,70334.35,72.25,0,0,0,0.0,0,F1,25,,,,,
2026-02-18,2026-02-18,FO,NSE,IDO,56307,,NIFTYNXT50,,2026-03-30,2026-03-30,64600.0,PE,NIFTYNXT5026MAR64600PE,0.0,0.0,0.0,806.75,0.0,806.75,70334.35,77.35,0,0,0,0.0,0,F1,25,,,,,
2026-02-18,2026-02-18,FO,NSE,IDO,56319,,NIFTYNXT50,,2026-03-30,2026-03-30,64800.0,PE,NIFTYNXT5026MAR64800PE,0.0,0.0,0.0,853.55,0.0,853.55,70334.35,88.45,0,0,0,0.0,0,F1,25,,,,,
2026-02-18,2026-02-18,FO,NSE,IDO,56337,,NIFTYNXT50,,2026-03-30,2026-03-30,65400.0,PE,NIFTYNXT5026MAR65400PE,0.0,0.0,0.0,1007.85,0.0,1007.85,70334.35,130.0,0,0,0,0.0,0,F1,25,,,,,
2026-02-18,2026-02-18,FO,NSE,IDO,56363,,NIFTYNXT50,,2026-03-30,2026-03-30,66200.0,PE,NIFTYNXT5026MAR66200PE,0.0,0.0,0.0,1236.65,0.0,1236.65,70334.35,209.25,0,0,0,0.0,0,F1,25,,,,,
2026-02-18,2026-02-18,FO,NSE,IDO,56369,,NIFTYNXT50,,2026-03-30,2026-03-30,66500.0,PE,NIFTYNXT5026MAR66500PE,0.0,0.0,0.0,1332.5,0.0,1332.5,70334.35,247.45,0,0,0,0.0,0,F1,25,,,,,
2026-02-18,2026-02-18,FO,NSE,IDO,56383,,NIFTYNXT50,,2026-03-30,2026-03-30,67200.0,PE,NIFTYNXT5026MAR67200PE,0.0,0.0,0.0,1575.6,0.0,1575.6,70334.35,358.1,0,0,0,0.0,0,F1,25,,,,,
2026-02-18,2026-02-18,FO,NSE,IDO,56389,,NIFTYNXT50,,2026-03-30,2026-03-30,67500.0,PE,NIFTYNXT5026MAR67500PE,0.0,0.0,0.0,1688.25,0.0,1688.25,70334.35,415.8,0,0,0,0.0,0,F1,25,,,,,
2026-02-18,2026-02-18,FO,NSE,IDO,56391,,NIFTYNXT50,,2026-03-30,2026-03-30,67600.0,PE,NIFTYNXT5026MAR67600PE,0.0,0.0,0.0,1726.95,0.0,1726.95,70334.35,436.5,0,0,0,0.0,0,F1,25,,,,,
2026-02-18,2026-02-18,FO,NSE,IDO,56393,,NIFTYNXT50,,2026-03-30,2026-03-30,67700.0,PE,NIFTYNXT5026MAR67700PE,0.0,0.0,0.0,1766.2,0.0,1766.2,70334.35,458.0,0,0,0,0.0,0,F1,25,,,,,
2026-02-18,2026-02-18,FO,NSE,IDO,56409,,NIFTYNXT50,,2026-03-30,2026-03-30,68500.0,PE,NIFTYNXT5026MAR68500PE,0.0,0.0,0.0,2101.25,0.0,2101.25,70334.35,659.5,0,0,0,0.0,0,F1,25,,,,,
2026-02-18,2026-02-18,FO,NSE,IDO,56413,,NIFTYNXT50,,2026-03-30,2026-03-30,68700.0,PE,NIFTYNXT5026MAR68700PE,0.0,0.0,0.0,2190.8,0.0,2190.8,70334.35,718.6,0,0,0,0.0,0,F1,25,,,,,
2026-02-18,2026-02-18,FO,NSE,IDO,56453,,NIFTYNXT50,,2026-03-30,2026-03-30,69900.0,PE,NIFTYNXT5026MAR69900PE,0.0,0.0,0.0,2776.8,0.0,2776.8,70334.35,1152.65,0,0,0,0.0,0,F1,25,,,,,
2026-02-18,2026-02-18,FO,NSE,IDO,56491,,NIFTYNXT50,,2026-03-30,2026-03-30,70900.0,PE,NIFTYNXT5026MAR70900PE,0.0,0.0,0.0,3328.55,0.0,3328.55,70334.35,1624.15,0,0,0,0.0,0,F1,25,,,,,
2026-02-18,2026-02-18,FO,NSE,IDO,56551,,NIFTYNXT50,,2026-03-30,2026-03-30,72700.0,PE,NIFTYNXT5026MAR72700PE,0.0,0.0,0.0,4458.95,0.0,4458.95,70334.35,2721.9,0,0,0,0.0,0,F1,25,,,,,
2026-02-18,2026-02-18,FO,NSE,IDO,56603,,NIFTYNXT50,,2026-03-30,2026-03-30,75000.0,PE,NIFTYNXT5026MAR75000PE,0.0,0.0,0.0,6133.35,0.0,6133.35,70334.35,4516.7,0,0,0,0.0,0,F1,25,,,,,
2026-02-18,2026-02-18,FO,NSE,IDO,56787,,NIFTYNXT50,,2026-03-30,2026-03-30,80000.0,PE,NIFTYNXT5026MAR80000PE,0.0,0.0,0.0,10405.05,0.0,10405.05,70334.35,9204.05,0,0,0,0.0,0,F1,25,,,,,
2026-02-18,2026-02-18,FO,NSE,IDO,73743,,NIFTYNXT50,,2026-04-28,2026-04-28,57500.0,PE,NIFTYNXT5026APR57500PE,0.0,0.0,0.0,120.45,0.0,120.45,70334.35,2.35,0,0,0,0.0,0,F1,25,,,,,
2026-02-18,2026-02-18,FO,NSE,IDO,73930,,NIFTYNXT50,,2026-04-28,2026-04-28,62400.0,PE,NIFTYNXT5026APR62400PE,0.0,0.0,0.0,712.85,0.0,712.85,70334.35,69.9,0,0,0,0.0,0,F1,25,,,,,
2026-02-18,2026-02-18,FO,NSE,IDO,74151,,NIFTYNXT50,,2026-04-28,2026-04-28,68900.0,PE,NIFTYNXT5026APR68900PE,0.0,0.0,0.0,3251.1,0.0,3251.1,70334.35,1113.25,0,0,0,0.0,0,F1,25,,,,,
2026-02-18,2026-02-18,FO,NSE,IDO,74161,,NIFTYNXT50,,2026-04-28,2026-04-28,69200.0,PE,NIFTYNXT5026APR69200PE,0.0,0.0,0.0,3427.35,0.0,3427.35,70334.35,1219.9,0,0,0,0.0,0,F1,25,,,,,
2026-02-18,2026-02-18,FO,NSE,IDO,74313,,NIFTYNXT50,,2026-04-28,2026-04-28,73300.0,PE,NIFTYNXT5026APR73300PE,0.0,0.0,0.0,6296.9,0.0,6296.9,70334.35,3358.1,0,0,0,0.0,0,F1,25,,,,,
2026-02-18,2026-02-18,FO,NSE,IDO,74490,,NIFTYNXT50,,2026-04-28,2026-04-28,77500.0,PE,NIFTYNXT5026APR77500PE,0.0,0.0,0.0,9892.1,0.0,9892.1,70334.35,6667.95,0,0,0,0.0,0,F1,25,,,,,
2026-02-18,2026-02-18,FO,NSE,IDO,74579,,NIFTYNXT50,,2026-04-28,2026-04-28,79000.0,PE,NIFTYNXT5026APR79000PE,0.0,0.0,0.0,11272.9,0.0,11272.9,70334.35,8022.75,0,0,0,0.0,0,F1,25,,,,,
2026-02-18,2026-02-18,FO,NSE,IDO,66519,,NIFTYNXT50,,2026-02-24,2026-02-24,62700.0,CE,NIFTYNXT5026FEB62700CE,0.0,0.0,0.0,6997.35,0.0,6997.35,70334.35,7691.0,0,0,0,0.0,0,F1,25,,,,,
2026-02-18,2026-02-18,FO,NSE,IDO,66127,,NIFTYNXT50,,2026-02-24,2026-02-24,59000.0,CE,NIFTYNXT5026FEB59000CE,0.0,0.0,0.0,10221.4,0.0,10221.4,70334.35,11387.65,0,0,0,0.0,0,F1,25,,,,,
2026-02-18,2026-02-18,FO,NSE,IDO,66525,,NIFTYNXT50,,2026-02-24,2026-02-24,63000.0,CE,NIFTYNXT5026FEB63000CE,0.0,0.0,0.0,6756.4,0.0,6756.4,70334.35,7391.3,0,0,0,0.0,0,F1,25,,,,,
2026-02-18,2026-02-18,FO,NSE,IDO,73723,,NIFTYNXT50,,2026-04-28,2026-04-28,57000.0,PE,NIFTYNXT5026APR57000PE,0.0,0.0,0.0,96.55,0.0,96.55,70334.35,1.55,0,0,0,0.0,0,F1,25,,,,,
2026-02-18,2026-02-18,FO,NSE,IDO,56663,,NIFTYNXT50,,2026-03-30,2026-03-30,76500.0,PE,NIFTYNXT5026MAR76500PE,0.0,0.0,0.0,7339.2,0.0,7339.2,70334.35,5850.9,0,0,0,0.0,0,F1,25,,,,,
2026-02-18,2026-02-18,FO,NSE,IDO,56559,,NIFTYNXT50,,2026-03-30,2026-03-30,73100.0,PE,NIFTYNXT5026MAR73100PE,0.0,0.0,0.0,4732.65,0.0,4732.65,70334.35,3005.95,0,0,0,0.0,0,F1,25,,,,,
2026-02-18,2026-02-18,FO,NSE,IDO,56485,,NIFTYNXT50,,2026-03-30,2026-03-30,70700.0,PE,NIFTYNXT5026MAR70700PE,0.0,0.0,0.0,3213.7,0.0,3213.7,70334.35,1521.75,0,0,0,0.0,0,F1,25,,,,,
2026-02-18,2026-02-18,FO,NSE,IDO,56428,,NIFTYNXT50,,2026-03-30,2026-03-30,69200.0,PE,NIFTYNXT5026MAR69200PE,0.0,0.0,0.0,2424.9,0.0,2424.9,70334.35,882.5,0,0,0,0.0,0,F1,25,,,,,
2026-02-18,2026-02-18,FO,NSE,IDO,56379,,NIFTYNXT50,,2026-03-30,2026-03-30,67000.0,PE,NIFTYNXT5026MAR67000PE,0.0,0.0,0.0,1503.35,0.0,1503.35,70334.35,323.15,0,0,0,0.0,0,F1,25,,,,,
2026-02-18,2026-02-18,FO,NSE,IDO,56351,,NIFTYNXT50,,2026-03-30,2026-03-30,65800.0,PE,NIFTYNXT5026MAR65800PE,0.0,0.0,0.0,1116.45,0.0,1116.45,70334.35,165.8,0,0,0,0.0,0,F1,25,,,,,
2026-02-18,2026-02-18,FO,NSE,IDO,56285,,NIFTYNXT50,,2026-03-30,2026-03-30,63600.0,PE,NIFTYNXT5026MAR63600PE,0.0,0.0,0.0,600.45,0.0,600.45,70334.35,37.85,0,0,0,0.0,0,F1,25,,,,,
2026-02-18,2026-02-18,FO,NSE,IDO,56255,,NIFTYNXT50,,2026-03-30,2026-03-30,62500.0,PE,NIFTYNXT5026MAR62500PE,0.0,0.0,0.0,422.35,0.0,422.35,70334.35,15.75,0,0,0,0.0,0,F1,25,,,,,
2026-02-18,2026-02-18,FO,NSE,IDO,56251,,NIFTYNXT50,,2026-03-30,2026-03-30,62300.0,PE,NIFTYNXT5026MAR62300PE,0.0,0.0,0.0,394.9,0.0,394.9,70334.35,13.3,0,0,0,0.0,0,F1,25,,,,,
2026-02-18,2026-02-18,FO,NSE,IDO,56121,,NIFTYNXT50,,2026-03-30,2026-03-30,59000.0,PE,NIFTYNXT5026MAR59000PE,0.0,0.0,0.0,111.3,0.0,111.3,70334.35,0.5,0,0,0,0.0,0,F1,25,,,,,
2026-02-18,2026-02-18,FO,NSE,IDO,67961,,NIFTYNXT50,,2026-02-24,2026-02-24,79000.0,PE,NIFTYNXT5026FEB79000PE,0.0,0.0,0.0,9974.75,0.0,9974.75,70334.35,8594.25,0,0,0,0.0,0,F1,25,,,,,
2026-02-18,2026-02-18,FO,NSE,IDO,67947,,NIFTYNXT50,,2026-02-24,2026-02-24,78500.0,PE,NIFTYNXT5026FEB78500PE,0.0,0.0,0.0,9528.35,0.0,9528.35,70334.35,8094.7,0,0,0,0.0,0,F1,25,,,,,
2026-02-18,2026-02-18,FO,NSE,IDO,67693,,NIFTYNXT50,,2026-02-24,2026-02-24,74500.0,PE,NIFTYNXT5026FEB74500PE,0.0,0.0,0.0,6192.25,0.0,6192.25,70334.35,4100.3,0,0,0,0.0,0,F1,25,,,,,
2026-02-18,2026-02-18,FO,NSE,IDO,67509,,NIFTYNXT50,,2026-02-24,2026-02-24,73200.0,PE,NIFTYNXT5026FEB73200PE,0.0,0.0,0.0,5225.35,0.0,5225.35,70334.35,2820.25,0,0,0,0.0,0,F1,25,,,,,
2026-02-18,2026-02-18,FO,NSE,IDO,67397,,NIFTYNXT50,,2026-02-24,2026-02-24,72600.0,PE,NIFTYNXT5026FEB72600PE,0.0,0.0,0.0,4804.25,0.0,4804.25,70334.35,2251.65,0,0,0,0.0,0,F1,25,,,,,
2026-02-18,2026-02-18,FO,NSE,IDO,67360,,NIFTYNXT50,,2026-02-24,2026-02-24,71400.0,PE,NIFTYNXT5026FEB71400PE,0.0,0.0,0.0,4013.1,0.0,4013.1,70334.35,1233.1,0,0,0,0.0,0,F1,25,,,,,
2026-02-18,2026-02-18,FO,NSE,IDO,67338,,NIFTYNXT50,,2026-02-24,2026-02-24,70500.0,PE,NIFTYNXT5026FEB70500PE,0.0,0.0,0.0,3467.4,0.0,3467.4,70334.35,653.85,0,0,0,0.0,0,F1,25,,,,,
2026-02-18,2026-02-18,FO,NSE,IDO,67328,,NIFTYNXT50,,2026-02-24,2026-02-24,70200.0,PE,NIFTYNXT5026FEB70200PE,823.0,823.0,823.0,823.0,823.0,999.8,70334.35,506.5,25,25,1,1775575.0,1,F1,25,,,,,
2026-02-18,2026-02-18,FO,NSE,IDO,67209,,NIFTYNXT50,,2026-02-24,2026-02-24,69400.0,PE,NIFTYNXT5026FEB69400PE,0.0,0.0,0.0,2859.2,0.0,2859.2,70334.35,226.15,0,0,0,0.0,0,F1,25,,,,,
2026-02-18,2026-02-18,FO,NSE,IDO,66911,,NIFTYNXT50,,2026-02-24,2026-02-24,67100.0,PE,NIFTYNXT5026FEB67100PE,0.0,0.0,0.0,1805.65,0.0,1805.65,70334.35,6.4,0,0,0,0.0,0,F1,25,,,,,
2026-02-18,2026-02-18,FO,NSE,IDO,66794,,NIFTYNXT50,,2026-02-24,2026-02-24,66000.0,PE,NIFTYNXT5026FEB66000PE,29.55,29.55,29.55,29.55,29.55,75.4,70334.35,29.55,2250,25,3,4952216.25,3,F1,25,,,,,
2026-02-18,2026-02-18,FO,NSE,IDO,66792,,NIFTYNXT50,,2026-02-24,2026-02-24,65900.0,PE,NIFTYNXT5026FEB65900PE,0.0,0.0,0.0,1373.1,0.0,1373.1,70334.35,0.4,0,0,0,0.0,0,F1,25,,,,,
2026-02-18,2026-02-18,FO,NSE,IDO,66783,,NIFTYNXT50,,2026-02-24,2026-02-24,65700.0,PE,NIFTYNXT5026FEB65700PE,0.0,0.0,0.0,1308.6,0.0,1308.6,70334.35,0.25,0,0,0,0.0,0,F1,25,,,,,
2026-02-18,2026-02-18,FO,NSE,IDO,66626,,NIFTYNXT50,,2026-02-24,2026-02-24,64800.0,PE,NIFTYNXT5026FEB64800PE,0.0,0.0,0.0,1047.3,0.0,1047.3,70334.35,0.05,0,0,0,0.0,0,F1,25,,,,,
2026-02-18,2026-02-18,FO,NSE,IDO,66620,,NIFTYNXT50,,2026-02-24,2026-02-24,64500.0,PE,NIFTYNXT5026FEB64500PE,0.0,0.0,0.0,968.7,0.0,968.7,70334.35,0.05,0,0,0,0.0,0,F1,25,,,,,
2026-02-18,2026-02-18,FO,NSE,IDO,66616,,NIFTYNXT50,,2026-02-24,2026-02-24,64300.0,PE,NIFTYNXT5026FEB64300PE,0.0,0.0,0.0,916.05,0.0,916.05,70334.35,0.05,0,0,0,0.0,0,F1,25,,,,,
2026-02-18,2026-02-18,FO,NSE,IDO,74580,,NIFTYNXT50,,2026-04-28,2026-04-28,79500.0,CE,NIFTYNXT5026APR79500CE,0.0,0.0,0.0,154.65,0.0,154.65,70334.35,143.4,0,0,0,0.0,0,F1,25,,,,,
2026-02-18,2026-02-18,FO,NSE,IDO,74489,,NIFTYNXT50,,2026-04-28,2026-04-28,77500.0,CE,NIFTYNXT5026APR77500CE,0.0,0.0,0.0,275.45,0.0,275.45,70334.35,303.9,0,0,0,0.0,0,F1,25,,,,,
2026-02-18,2026-02-18,FO,NSE,IDO,74356,,NIFTYNXT50,,2026-04-28,2026-04-28,75500.0,CE,NIFTYNXT5026APR75500CE,0.0,0.0,0.0,472.2,0.0,472.2,70334.35,597.4,0,0,0,0.0,0,F1,25,,,,,
2026-02-18,2026-02-18,FO,NSE,IDO,74346,,NIFTYNXT50,,2026-04-28,2026-04-28,75000.0,CE,NIFTYNXT5026APR75000CE,0.0,0.0,0.0,537.0,0.0,537.0,70334.35,699.0,0,0,0,0.0,0,F1,25,,,,,
2026-02-18,2026-02-18,FO,NSE,IDO,74328,,NIFTYNXT50,,2026-04-28,2026-04-28,74100.0,CE,NIFTYNXT5026APR74100CE,0.0,0.0,0.0,672.6,0.0,672.6,70334.35,916.3,0,0,0,0.0,0,F1,25,,,,,
2026-02-18,2026-02-18,FO,NSE,IDO,74308,,NIFTYNXT50,,2026-04-28,2026-04-28,73100.0,CE,NIFTYNXT5026APR73100CE,0.0,0.0,0.0,855.5,0.0,855.5,70334.35,1215.7,0,0,0,0.0,0,F1,25,,,,,
2026-02-18,2026-02-18,FO,NSE,IDO,74302,,NIFTYNXT50,,2026-04-28,2026-04-28,72800.0,CE,NIFTYNXT5026APR72800CE,0.0,0.0,0.0,917.7,0.0,917.7,70334.35,1318.45,0,0,0,0.0,0,F1,25,,,,,
2026-02-18,2026-02-18,FO,NSE,IDO,74188,,NIFTYNXT50,,2026-04-28,2026-04-28,69700.0,CE,NIFTYNXT5026APR69700CE,0.0,0.0,0.0,1796.2,0.0,1796.2,70334.35,2767.9,0,0,0,0.0,0,F1,25,,,,,
2026-02-18,2026-02-18,FO,NSE,IDO,74144,,NIFTYNXT50,,2026-04-28,2026-04-28,68700.0,CE,NIFTYNXT5026APR68700CE,0.0,0.0,0.0,2185.05,0.0,2185.05,70334.35,3390.75,0,0,0,0.0,0,F1,25,,,,,
2026-02-18,2026-02-18,FO,NSE,IDO,74062,,NIFTYNXT50,,2026-04-28,2026-04-28,67400.0,CE,NIFTYNXT5026APR67400CE,0.0,0.0,0.0,2776.3,0.0,2776.3,70334.35,4307.05,0,0,0,0.0,0,F1,25,,,,,
2026-02-18,2026-02-18,FO,NSE,IDO,56799,,NIFTYNXT50,,2026-03-30,2026-03-30,80500.0,CE,NIFTYNXT5026MAR80500CE,0.0,0.0,0.0,223.85,0.0,223.85,70334.35,13.85,0,0,0,0.0,0,F1,25,,,,,
2026-02-18,2026-02-18,FO,NSE,IDO,56602,,NIFTYNXT50,,2026-03-30,2026-03-30,75000.0,CE,NIFTYNXT5026MAR75000CE,0.0,0.0,0.0,911.6,0.0,911.6,70334.35,301.75,0,0,0,0.0,0,F1,25,,,,,
2026-02-18,2026-02-18,FO,NSE,IDO,56594,,NIFTYNXT50,,2026-03-30,2026-03-30,74600.0,CE,NIFTYNXT5026MAR74600CE,0.0,0.0,0.0,1000.9,0.0,1000.9,70334.35,361.85,0,0,0,0.0,0,F1,25,,,,,
2026-02-18,2026-02-18,FO,NSE,IDO,56562,,NIFTYNXT50,,2026-03-30,2026-03-30,73300.0,CE,NIFTYNXT5026MAR73300CE,0.0,0.0,0.0,1325.5,0.0,1325.5,70334.35,627.7,0,0,0,0.0,0,F1,25,,,,,
2026-02-18,2026-02-18,FO,NSE,IDO,56558,,NIFTYNXT50,,2026-03-30,2026-03-30,73100.0,CE,NIFTYNXT5026MAR73100CE,0.0,0.0,0.0,1382.8,0.0,1382.8,70334.35,679.55,0,0,0,0.0,0,F1,25,,,,,
2026-02-18,2026-02-18,FO,NSE,IDO,56540,,NIFTYNXT50,,2026-03-30,2026-03-30,72400.0,CE,NIFTYNXT5026MAR72400CE,0.0,0.0,0.0,1598.65,0.0,1598.65,70334.35,887.35,0,0,0,0.0,0,F1,25,,,,,
2026-02-18,2026-02-18,FO,NSE,IDO,56536,,NIFTYNXT50,,2026-03-30,2026-03-30,72300.0,CE,NIFTYNXT5026MAR72300CE,0.0,0.0,0.0,1631.5,0.0,1631.5,70334.35,920.5,0,0,0,0.0,0,F1,25,,,,,
2026-02-18,2026-02-18,FO,NSE,IDO,56532,,NIFTYNXT50,,2026-03-30,2026-03-30,72200.0,CE,NIFTYNXT5026MAR72200CE,0.0,0.0,0.0,1664.85,0.0,1664.85,70334.35,954.6,0,0,0,0.0,0,F1,25,,,,,
2026-02-18,2026-02-18,FO,NSE,IDO,56510,,NIFTYNXT50,,2026-03-30,2026-03-30,71700.0,CE,NIFTYNXT5026MAR71700CE,0.0,0.0,0.0,1839.25,0.0,1839.25,70334.35,1139.0,0,0,0,0.0,0,F1,25,,,,,
2026-02-18,2026-02-18,FO,NSE,IDO,56494,,NIFTYNXT50,,2026-03-30,2026-03-30,71100.0,CE,NIFTYNXT5026MAR71100CE,0.0,0.0,0.0,2066.15,0.0,2066.15,70334.35,1392.2,0,0,0,0.0,0,F1,25,,,,,
2026-02-18,2026-02-18,FO,NSE,IDO,56488,,NIFTYNXT50,,2026-03-30,2026-03-30,70800.0,CE,NIFTYNXT5026MAR70800CE,0.0,0.0,0.0,2186.9,0.0,2186.9,70334.35,1532.25,0,0,0,0.0,0,F1,25,,,,,
2026-02-18,2026-02-18,FO,NSE,IDO,56479,,NIFTYNXT50,,2026-03-30,2026-03-30,70600.0,CE,NIFTYNXT5026MAR70600CE,0.0,0.0,0.0,2270.25,0.0,2270.25,70334.35,1630.65,0,0,0,0.0,0,F1,25,,,,,
2026-02-18,2026-02-18,FO,NSE,IDO,56474,,NIFTYNXT50,,2026-03-30,2026-03-30,70500.0,CE,NIFTYNXT5026MAR70500CE,0.0,0.0,0.0,2312.7,0.0,2312.7,70334.35,1681.4,0,0,0,0.0,0,F1,25,,,,,
2026-02-18,2026-02-18,FO,NSE,IDO,56460,,NIFTYNXT50,,2026-03-30,2026-03-30,70200.0,CE,NIFTYNXT5026MAR70200CE,0.0,0.0,0.0,2443.6,0.0,2443.6,70334.35,1839.65,0,0,0,0.0,0,F1,25,,,,,
2026-02-18,2026-02-18,FO,NSE,IDO,56438,,NIFTYNXT50,,2026-03-30,2026-03-30,69400.0,CE,NIFTYNXT5026MAR69400CE,0.0,0.0,0.0,2817.75,0.0,2817.75,70334.35,2306.15,0,0,0,0.0,0,F1,25,,,,,
2026-02-18,2026-02-18,FO,NSE,IDO,56412,,NIFTYNXT50,,2026-03-30,2026-03-30,68700.0,CE,NIFTYNXT5026MAR68700CE,0.0,0.0,0.0,3175.8,0.0,3175.8,70334.35,2765.75,0,0,0,0.0,0,F1,25,,,,,
2026-02-18,2026-02-18,FO,NSE,IDO,56400,,NIFTYNXT50,,2026-03-30,2026-03-30,68100.0,CE,NIFTYNXT5026MAR68100CE,0.0,0.0,0.0,3505.2,0.0,3505.2,70334.35,3195.6,0,0,0,0.0,0,F1,25,,,,,
2026-02-18,2026-02-18,FO,NSE,IDO,56370,,NIFTYNXT50,,2026-03-30,2026-03-30,66600.0,CE,NIFTYNXT5026MAR66600CE,0.0,0.0,0.0,4419.45,0.0,4419.45,70334.35,4395.9,0,0,0,0.0,0,F1,25,,,,,
2026-02-18,2026-02-18,FO,NSE,IDO,56350,,NIFTYNXT50,,2026-03-30,2026-03-30,65800.0,CE,NIFTYNXT5026MAR65800CE,0.0,0.0,0.0,4958.5,0.0,4958.5,70334.35,5095.55,0,0,0,0.0,0,F1,25,,,,,
2026-02-18,2026-02-18,FO,NSE,IDO,56336,,NIFTYNXT50,,2026-03-30,2026-03-30,65400.0,CE,NIFTYNXT5026MAR65400CE,0.0,0.0,0.0,5244.0,0.0,5244.0,70334.35,5457.35,0,0,0,0.0,0,F1,25,,,,,
2026-02-18,2026-02-18,FO,NSE,IDO,56304,,NIFTYNXT50,,2026-03-30,2026-03-30,64500.0,CE,NIFTYNXT5026MAR64500CE,0.0,0.0,0.0,5906.85,0.0,5906.85,70334.35,6294.2,0,0,0,0.0,0,F1,25,,,,,
2026-02-18,2026-02-18,FO,NSE,IDO,56294,,NIFTYNXT50,,2026-03-30,2026-03-30,64100.0,CE,NIFTYNXT5026MAR64100CE,0.0,0.0,0.0,6214.85,0.0,6214.85,70334.35,6674.15,0,0,0,0.0,0,F1,25,,,,,
2026-02-18,2026-02-18,FO,NSE,IDO,56268,,NIFTYNXT50,,2026-03-30,2026-03-30,63100.0,CE,NIFTYNXT5026MAR63100CE,0.0,0.0,0.0,7015.65,0.0,7015.65,70334.35,7639.25,0,0,0,0.0,0,F1,25,,,,,
2026-02-18,2026-02-18,FO,NSE,IDO,56254,,NIFTYNXT50,,2026-03-30,2026-03-30,62500.0,CE,NIFTYNXT5026MAR62500CE,0.0,0.0,0.0,7515.5,0.0,7515.5,70334.35,8225.65,0,0,0,0.0,0,F1,25,,,,,
2026-02-18,2026-02-18,FO,NSE,IDO,56028,,NIFTYNXT50,,2026-03-30,2026-03-30,56500.0,CE,NIFTYNXT5026MAR56500CE,0.0,0.0,0.0,13038.4,0.0,13038.4,70334.35,14173.9,0,0,0,0.0,0,F1,25,,,,,
2026-02-18,2026-02-18,FO,NSE,IDO,67846,,NIFTYNXT50,,2026-02-24,2026-02-24,76500.0,CE,NIFTYNXT5026FEB76500CE,0.0,0.0,0.0,626.45,0.0,626.45,70334.35,0.05,0,0,0,0.0,0,F1,25,,,,,
2026-02-18,2026-02-18,FO,NSE,IDO,67741,,NIFTYNXT50,,2026-02-24,2026-02-24,75000.0,CE,NIFTYNXT5026FEB75000CE,0.0,0.0,0.0,884.1,0.0,884.1,70334.35,0.7,0,0,0,0.0,0,F1,25,,,,,
2026-02-18,2026-02-18,FO,NSE,IDO,67349,,NIFTYNXT50,,2026-02-24,2026-02-24,70900.0,CE,NIFTYNXT5026FEB70900CE,0.0,0.0,0.0,2045.5,0.0,2045.5,70334.35,385.3,0,0,0,0.0,0,F1,25,,,,,
2026-02-18,2026-02-18,FO,NSE,IDO,66942,,NIFTYNXT50,,2026-02-24,2026-02-24,68700.0,CE,NIFTYNXT5026FEB68700CE,0.0,0.0,0.0,1199.8,1199.8,1199.8,70334.35,1790.8,25,0,0,0.0,0,F1,25,,,,,
2026-02-18,2026-02-18,FO,NSE,IDO,66831,,NIFTYNXT50,,2026-02-24,2026-02-24,66700.0,CE,NIFTYNXT5026FEB66700CE,0.0,0.0,0.0,4130.2,0.0,4130.2,70334.35,3697.4,0,0,0,0.0,0,F1,25,,,,,
2026-02-18,2026-02-18,FO,NSE,IDO,66599,,NIFTYNXT50,,2026-02-24,2026-02-24,64100.0,CE,NIFTYNXT5026FEB64100CE,0.0,0.0,0.0,5906.1,0.0,5906.1,70334.35,6292.3,0,0,0,0.0,0,F1,25,,,,,
2026-02-18,2026-02-18,FO,NSE,IDO,66575,,NIFTYNXT50,,2026-02-24,2026-02-24,63300.0,CE,NIFTYNXT5026FEB63300CE,0.0,0.0,0.0,6519.25,0.0,6519.25,70334.35,7091.55,0,0,0,0.0,0,F1,25,,,,,
2026-02-18,2026-02-18,FO,NSE,IDO,66546,,NIFTYNXT50,,2026-02-24,2026-02-24,63200.0,CE,NIFTYNXT5026FEB63200CE,0.0,0.0,0.0,6597.85,0.0,6597.85,70334.35,7191.45,0,0,0,0.0,0,F1,25,,,,,
2026-02-18,2026-02-18,FO,NSE,IDO,66511,,NIFTYNXT50,,2026-02-24,2026-02-24,62300.0,CE,NIFTYNXT5026FEB62300CE,0.0,0.0,0.0,7324.2,0.0,7324.2,70334.35,8090.65,0,0,0,0.0,0,F1,25,,,,,
2026-02-18,2026-02-18,FO,NSE,IDO,73836,,NIFTYNXT50,,2026-04-28,2026-04-28,61000.0,PE,NIFTYNXT5026APR61000PE,0.0,0.0,0.0,458.35,0.0,458.35,70334.35,30.35,0,0,0,0.0,0,F1,25,,,,,
2026-02-18,2026-02-18,FO,NSE,IDO,73932,,NIFTYNXT50,,2026-04-28,2026-04-28,62500.0,PE,NIFTYNXT5026APR62500PE,0.0,0.0,0.0,734.35,0.0,734.35,70334.35,73.95,0,0,0,0.0,0,F1,25,,,,,
2026-02-18,2026-02-18,FO,NSE,IDO,73950,,NIFTYNXT50,,2026-04-28,2026-04-28,63400.0,PE,NIFTYNXT5026APR63400PE,0.0,0.0,0.0,952.15,0.0,952.15,70334.35,119.75,0,0,0,0.0,0,F1,25,,,,,
2026-02-18,2026-02-18,FO,NSE,IDO,73954,,NIFTYNXT50,,2026-04-28,2026-04-28,63600.0,PE,NIFTYNXT5026APR63600PE,0.0,0.0,0.0,1005.35,0.0,1005.35,70334.35,132.6,0,0,0,0.0,0,F1,25,,,,,
2026-02-18,2026-02-18,FO,NSE,IDO,73962,,NIFTYNXT50,,2026-04-28,2026-04-28,63900.0,PE,NIFTYNXT5026APR63900PE,0.0,0.0,0.0,1086.6,0.0,1086.6,70334.35,154.05,0,0,0,0.0,0,F1,25,,,,,
2026-02-18,2026-02-18,FO,NSE,IDO,73968,,NIFTYNXT50,,2026-04-28,2026-04-28,64100.0,PE,NIFTYNXT5026APR64100PE,0.0,0.0,0.0,1145.45,0.0,1145.45,70334.35,169.85,0,0,0,0.0,0,F1,25,,,,,
2026-02-18,2026-02-18,FO,NSE,IDO,73978,,NIFTYNXT50,,2026-04-28,2026-04-28,64500.0,PE,NIFTYNXT5026APR64500PE,0.0,0.0,0.0,1269.8,0.0,1269.8,70334.35,205.45,0,0,0,0.0,0,F1,25,,,,,
2026-02-18,2026-02-18,FO,NSE,IDO,74026,,NIFTYNXT50,,2026-04-28,2026-04-28,66000.0,PE,NIFTYNXT5026APR66000PE,0.0,0.0,0.0,1817.15,0.0,1817.15,70334.35,395.7,0,0,0,0.0,0,F1,25,,,,,
2026-02-18,2026-02-18,FO,NSE,IDO,74028,,NIFTYNXT50,,2026-04-28,2026-04-28,66100.0,PE,NIFTYNXT5026APR66100PE,0.0,0.0,0.0,1858.3,0.0,1858.3,70334.35,412.05,0,0,0,0.0,0,F1,25,,,,,
2026-02-18,2026-02-18,FO,NSE,IDO,74036,,NIFTYNXT50,,2026-04-28,2026-04-28,66500.0,PE,NIFTYNXT5026APR66500PE,0.0,0.0,0.0,2028.9,0.0,2028.9,70334.35,482.85,0,0,0,0.0,0,F1,25,,,,,
2026-02-18,2026-02-18,FO,NSE,IDO,74117,,NIFTYNXT50,,2026-04-28,2026-04-28,67800.0,PE,NIFTYNXT5026APR67800PE,0.0,0.0,0.0,2648.8,0.0,2648.8,70334.35,777.3,0,0,0,0.0,0,F1,25,,,,,
2026-02-18,2026-02-18,FO,NSE,IDO,74159,,NIFTYNXT50,,2026-04-28,2026-04-28,69100.0,PE,NIFTYNXT5026APR69100PE,0.0,0.0,0.0,3368.05,0.0,3368.05,70334.35,1183.6,0,0,0,0.0,0,F1,25,,,,,
2026-02-18,2026-02-18,FO,NSE,IDO,74191,,NIFTYNXT50,,2026-04-28,2026-04-28,69800.0,PE,NIFTYNXT5026APR69800PE,0.0,0.0,0.0,3794.9,0.0,3794.9,70334.35,1453.4,0,0,0,0.0,0,F1,25,,,,,
2026-02-18,2026-02-18,FO,NSE,IDO,74277,,NIFTYNXT50,,2026-04-28,2026-04-28,71700.0,PE,NIFTYNXT5026APR71700PE,0.0,0.0,0.0,5082.25,0.0,5082.25,70334.35,2374.1,0,0,0,0.0,0,F1,25,,,,,
2026-02-18,2026-02-18,FO,NSE,IDO,74307,,NIFTYNXT50,,2026-04-28,2026-04-28,73000.0,PE,NIFTYNXT5026APR73000PE,0.0,0.0,0.0,6061.35,0.0,6061.35,70334.35,3159.85,0,0,0,0.0,0,F1,25,,,,,
2026-02-18,2026-02-18,FO,NSE,IDO,74357,,NIFTYNXT50,,2026-04-28,2026-04-28,75500.0,PE,NIFTYNXT5026APR75500PE,0.0,0.0,0.0,8119.45,0.0,8119.45,70334.35,4982.1,0,0,0,0.0,0,F1,25,,,,,
2026-02-18,2026-02-18,FO,NSE,IDO,74510,,NIFTYNXT50,,2026-04-28,2026-04-28,78000.0,PE,NIFTYNXT5026APR78000PE,0.0,0.0,0.0,10348.25,0.0,10348.25,70334.35,7112.5,0,0,0,0.0,0,F1,25,,,,,
2026-02-18,2026-02-18,FO,NSE,IDO,73813,,NIFTYNXT50,,2026-04-28,2026-04-28,60000.0,PE,NIFTYNXT5026APR60000PE,0.0,0.0,0.0,324.25,0.0,324.25,70334.35,15.7,0,0,0,0.0,0,F1,25,,,,,
2026-02-18,2026-02-18,FO,NSE,IDO,67691,,NIFTYNXT50,,2026-02-24,2026-02-24,74400.0,PE,NIFTYNXT5026FEB74400PE,0.0,0.0,0.0,6118.3,0.0,6118.3,70334.35,4000.8,0,0,0,0.0,0,F1,25,,,,,
2026-02-18,2026-02-18,FO,NSE,IDO,56273,,NIFTYNXT50,,2026-03-30,2026-03-30,63300.0,PE,NIFTYNXT5026MAR63300PE,0.0,0.0,0.0,547.1,0.0,547.1,70334.35,30.05,0,0,0,0.0,0,F1,25,,,,,
2026-02-18,2026-02-18,FO,NSE,IDO,56289,,NIFTYNXT50,,2026-03-30,2026-03-30,63800.0,PE,NIFTYNXT5026MAR63800PE,0.0,0.0,0.0,638.15,0.0,638.15,70334.35,43.9,0,0,0,0.0,0,F1,25,,,,,
2026-02-18,2026-02-18,FO,NSE,IDO,56329,,NIFTYNXT50,,2026-03-30,2026-03-30,65200.0,PE,NIFTYNXT5026MAR65200PE,0.0,0.0,0.0,955.4,0.0,955.4,70334.35,114.65,0,0,0,0.0,0,F1,25,,,,,
2026-02-18,2026-02-18,FO,NSE,IDO,56359,,NIFTYNXT50,,2026-03-30,2026-03-30,66000.0,PE,NIFTYNXT5026MAR66000PE,0.0,0.0,0.0,1175.5,0.0,1175.5,70334.35,186.5,0,0,0,0.0,0,F1,25,,,,,
2026-02-18,2026-02-18,FO,NSE,IDO,56365,,NIFTYNXT50,,2026-03-30,2026-03-30,66300.0,PE,NIFTYNXT5026MAR66300PE,0.0,0.0,0.0,1268.05,0.0,1268.05,70334.35,221.4,0,0,0,0.0,0,F1,25,,,,,
2026-02-18,2026-02-18,FO,NSE,IDO,56387,,NIFTYNXT50,,2026-03-30,2026-03-30,67400.0,PE,NIFTYNXT5026MAR67400PE,0.0,0.0,0.0,1650.1,0.0,1650.1,70334.35,395.8,0,0,0,0.0,0,F1,25,,,,,
2026-02-18,2026-02-18,FO,NSE,IDO,56401,,NIFTYNXT50,,2026-03-30,2026-03-30,68100.0,PE,NIFTYNXT5026MAR68100PE,0.0,0.0,0.0,1929.1,0.0,1929.1,70334.35,552.0,0,0,0,0.0,0,F1,25,,,,,
2026-02-18,2026-02-18,FO,NSE,IDO,56467,,NIFTYNXT50,,2026-03-30,2026-03-30,70400.0,PE,NIFTYNXT5026MAR70400PE,0.0,0.0,0.0,3045.6,0.0,3045.6,70334.35,1375.7,0,0,0,0.0,0,F1,25,,,,,
2026-02-18,2026-02-18,FO,NSE,IDO,56480,,NIFTYNXT50,,2026-03-30,2026-03-30,70600.0,PE,NIFTYNXT5026MAR70600PE,0.0,0.0,0.0,3157.1,0.0,3157.1,70334.35,1472.05,0,0,0,0.0,0,F1,25,,,,,
2026-02-18,2026-02-18,FO,NSE,IDO,56505,,NIFTYNXT50,,2026-03-30,2026-03-30,71400.0,PE,NIFTYNXT5026MAR71400PE,0.0,0.0,0.0,3625.3,0.0,3625.3,70334.35,1897.75,0,0,0,0.0,0,F1,25,,,,,
2026-02-18,2026-02-18,FO,NSE,IDO,56555,,NIFTYNXT50,,2026-03-30,2026-03-30,72900.0,PE,NIFTYNXT5026MAR72900PE,0.0,0.0,0.0,4594.85,0.0,4594.85,70334.35,2862.25,0,0,0,0.0,0,F1,25,,,,,
2026-02-18,2026-02-18,FO,NSE,IDO,56563,,NIFTYNXT50,,2026-03-30,2026-03-30,73300.0,PE,NIFTYNXT5026MAR73300PE,0.0,0.0,0.0,4872.35,0.0,4872.35,70334.35,3152.9,0,0,0,0.0,0,F1,25,,,,,
2026-02-18,2026-02-18,FO,NSE,IDO,56565,,NIFTYNXT50,,2026-03-30,2026-03-30,73400.0,PE,NIFTYNXT5026MAR73400PE,0.0,0.0,0.0,4942.95,0.0,4942.95,70334.35,3227.55,0,0,0,0.0,0,F1,25,,,,,
2026-02-18,2026-02-18,FO,NSE,IDO,73940,,NIFTYNXT50,,2026-04-28,2026-04-28,62900.0,PE,NIFTYNXT5026APR62900PE,0.0,0.0,0.0,825.2,0.0,825.2,70334.35,92.05,0,0,0,0.0,0,F1,25,,,,,
2026-02-18,2026-02-18,FO,NSE,IDO,73944,,NIFTYNXT50,,2026-04-28,2026-04-28,63100.0,PE,NIFTYNXT5026APR63100PE,0.0,0.0,0.0,873.6,0.0,873.6,70334.35,102.4,0,0,0,0.0,0,F1,25,,,,,
2026-02-18,2026-02-18,FO,NSE,IDO,73948,,NIFTYNXT50,,2026-04-28,2026-04-28,63300.0,PE,NIFTYNXT5026APR63300PE,0.0,0.0,0.0,926.3,0.0,926.3,70334.35,113.7,0,0,0,0.0,0,F1,25,,,,,
2026-02-18,2026-02-18,FO,NSE,IDO,73999,,NIFTYNXT50,,2026-04-28,2026-04-28,65200.0,PE,NIFTYNXT5026APR65200PE,0.0,0.0,0.0,1509.0,0.0,1509.0,70334.35,282.1,0,0,0,0.0,0,F1,25,,,,,
2026-02-18,2026-02-18,FO,NSE,IDO,74016,,NIFTYNXT50,,2026-04-28,2026-04-28,65600.0,PE,NIFTYNXT5026APR65600PE,0.0,0.0,0.0,1658.4,0.0,1658.4,70334.35,335.15,0,0,0,0.0,0,F1,25,,,,,
2026-02-18,2026-02-18,FO,NSE,IDO,74042,,NIFTYNXT50,,2026-04-28,2026-04-28,66800.0,PE,NIFTYNXT5026APR66800PE,0.0,0.0,0.0,2163.1,0.0,2163.1,70334.35,541.8,0,0,0,0.0,0,F1,25,,,,,
2026-02-18,2026-02-18,FO,NSE,IDO,74049,,NIFTYNXT50,,2026-04-28,2026-04-28,67000.0,PE,NIFTYNXT5026APR67000PE,0.0,0.0,0.0,2255.55,0.0,2255.55,70334.35,583.95,0,0,0,0.0,0,F1,25,,,,,
2026-02-18,2026-02-18,FO,NSE,IDO,74125,,NIFTYNXT50,,2026-04-28,2026-04-28,68100.0,PE,NIFTYNXT5026APR68100PE,0.0,0.0,0.0,2806.1,0.0,2806.1,70334.35,860.6,0,0,0,0.0,0,F1,25,,,,,
2026-02-18,2026-02-18,FO,NSE,IDO,74127,,NIFTYNXT50,,2026-04-28,2026-04-28,68200.0,PE,NIFTYNXT5026APR68200PE,0.0,0.0,0.0,2859.7,0.0,2859.7,70334.35,889.7,0,0,0,0.0,0,F1,25,,,,,
2026-02-18,2026-02-18,FO,NSE,IDO,74195,,NIFTYNXT50,,2026-04-28,2026-04-28,70000.0,PE,NIFTYNXT5026APR70000PE,0.0,0.0,0.0,3921.7,0.0,3921.7,70334.35,1537.3,0,0,0,0.0,0,F1,25,,,,,
2026-02-18,2026-02-18,FO,NSE,IDO,74295,,NIFTYNXT50,,2026-04-28,2026-04-28,72400.0,PE,NIFTYNXT5026APR72400PE,0.0,0.0,0.0,5603.45,0.0,5603.45,70334.35,2782.05,0,0,0,0.0,0,F1,25,,,,,
2026-02-18,2026-02-18,FO,NSE,IDO,74301,,NIFTYNXT50,,2026-04-28,2026-04-28,72700.0,PE,NIFTYNXT5026APR72700PE,0.0,0.0,0.0,5829.35,0.0,5829.35,70334.35,2967.8,0,0,0,0.0,0,F1,25,,,,,
2026-02-18,2026-02-18,FO,NSE,IDO,74319,,NIFTYNXT50,,2026-04-28,2026-04-28,73600.0,PE,NIFTYNXT5026APR73600PE,0.0,0.0,0.0,6535.85,0.0,6535.85,70334.35,3562.3,0,0,0,0.0,0,F1,25,,,,,
2026-02-18,2026-02-18,FO,NSE,IDO,66941,,NIFTYNXT50,,2026-02-24,2026-02-24,68600.0,PE,NIFTYNXT5026FEB68600PE,0.0,0.0,0.0,512.5,512.5,512.5,70334.35,82.1,50,0,0,0.0,0,F1,25,,,,,
2026-02-18,2026-02-18,FO,NSE,IDO,66925,,NIFTYNXT50,,2026-02-24,2026-02-24,67800.0,PE,NIFTYNXT5026FEB67800PE,0.0,0.0,0.0,315.0,315.0,315.0,70334.35,23.6,25,0,0,0.0,0,F1,25,,,,,
2026-02-18,2026-02-18,FO,NSE,IDO,66913,,NIFTYNXT50,,2026-02-24,2026-02-24,67200.0,PE,NIFTYNXT5026FEB67200PE,0.0,0.0,0.0,1845.3,0.0,1845.3,70334.35,7.85,0,0,0,0.0,0,F1,25,,,,,
2026-02-18,2026-02-18,FO,NSE,IDO,66832,,NIFTYNXT50,,2026-02-24,2026-02-24,66700.0,PE,NIFTYNXT5026FEB66700PE,0.0,0.0,0.0,1652.7,0.0,1652.7,70334.35,2.75,0,0,0,0.0,0,F1,25,,,,,
2026-02-18,2026-02-18,FO,NSE,IDO,66808,,NIFTYNXT50,,2026-02-24,2026-02-24,66400.0,PE,NIFTYNXT5026FEB66400PE,0.0,0.0,0.0,1543.75,0.0,1543.75,70334.35,1.4,0,0,0,0.0,0,F1,25,,,,,
2026-02-18,2026-02-18,FO,NSE,IDO,66590,,NIFTYNXT50,,2026-02-24,2026-02-24,63600.0,PE,NIFTYNXT5026FEB63600PE,0.0,0.0,0.0,755.15,0.0,755.15,70334.35,0.05,0,0,0,0.0,0,F1,25,,,,,
2026-02-18,2026-02-18,FO,NSE,IDO,66576,,NIFTYNXT50,,2026-02-24,2026-02-24,63300.0,PE,NIFTYNXT5026FEB63300PE,0.0,0.0,0.0,692.95,0.0,692.95,70334.35,0.05,0,0,0,0.0,0,F1,25,,,,,
2026-02-18,2026-02-18,FO,NSE,IDO,66496,,NIFTYNXT50,,2026-02-24,2026-02-24,61500.0,PE,NIFTYNXT5026FEB61500PE,0.0,0.0,0.0,396.6,0.0,396.6,70334.35,0.05,0,0,0,0.0,0,F1,25,,,,,
2026-02-18,2026-02-18,FO,NSE,IDO,66128,,NIFTYNXT50,,2026-02-24,2026-02-24,59000.0,PE,NIFTYNXT5026FEB59000PE,0.0,0.0,0.0,159.9,0.0,159.9,70334.35,0.05,0,0,0,0.0,0,F1,25,,,,,
2026-02-18,2026-02-18,FO,NSE,IDO,74320,,NIFTYNXT50,,2026-04-28,2026-04-28,73700.0,CE,NIFTYNXT5026APR73700CE,0.0,0.0,0.0,741.4,0.0,741.4,70334.35,1028.35,0,0,0,0.0,0,F1,25,,,,,
2026-02-18,2026-02-18,FO,NSE,IDO,74282,,NIFTYNXT50,,2026-04-28,2026-04-28,71900.0,CE,NIFTYNXT5026APR71900CE,0.0,0.0,0.0,1125.55,0.0,1125.55,70334.35,1665.0,0,0,0,0.0,0,F1,25,,,,,
2026-02-18,2026-02-18,FO,NSE,IDO,74274,,NIFTYNXT50,,2026-04-28,2026-04-28,71600.0,CE,NIFTYNXT5026APR71600CE,0.0,0.0,0.0,1203.15,0.0,1203.15,70334.35,1793.7,0,0,0,0.0,0,F1,25,,,,,
2026-02-18,2026-02-18,FO,NSE,IDO,74264,,NIFTYNXT50,,2026-04-28,2026-04-28,71300.0,CE,NIFTYNXT5026APR71300CE,0.0,0.0,0.0,1284.9,0.0,1284.9,70334.35,1929.2,0,0,0,0.0,0,F1,25,,,,,
2026-02-18,2026-02-18,FO,NSE,IDO,74248,,NIFTYNXT50,,2026-04-28,2026-04-28,71200.0,CE,NIFTYNXT5026APR71200CE,0.0,0.0,0.0,1313.1,0.0,1313.1,70334.35,1975.85,0,0,0,0.0,0,F1,25,,,,,
2026-02-18,2026-02-18,FO,NSE,IDO,74182,,NIFTYNXT50,,2026-04-28,2026-04-28,69500.0,CE,NIFTYNXT5026APR69500CE,0.0,0.0,0.0,1869.55,0.0,1869.55,70334.35,2886.5,0,0,0,0.0,0,F1,25,,,,,
2026-02-18,2026-02-18,FO,NSE,IDO,74162,,NIFTYNXT50,,2026-04-28,2026-04-28,69300.0,CE,NIFTYNXT5026APR69300CE,0.0,0.0,0.0,1945.05,0.0,1945.05,70334.35,3008.1,0,0,0,0.0,0,F1,25,,,,,
2026-02-18,2026-02-18,FO,NSE,IDO,74160,,NIFTYNXT50,,2026-04-28,2026-04-28,69200.0,CE,NIFTYNXT5026APR69200CE,0.0,0.0,0.0,1983.65,0.0,1983.65,70334.35,3070.0,0,0,0,0.0,0,F1,25,,,,,
2026-02-18,2026-02-18,FO,NSE,IDO,74086,,NIFTYNXT50,,2026-04-28,2026-04-28,67800.0,CE,NIFTYNXT5026APR67800CE,0.0,0.0,0.0,2583.65,0.0,2583.65,70334.35,4012.95,0,0,0,0.0,0,F1,25,,,,,
2026-02-18,2026-02-18,FO,NSE,IDO,74050,,NIFTYNXT50,,2026-04-28,2026-04-28,67100.0,CE,NIFTYNXT5026APR67100CE,0.0,0.0,0.0,2926.8,0.0,2926.8,70334.35,4534.3,0,0,0,0.0,0,F1,25,,,,,
2026-02-18,2026-02-18,FO,NSE,IDO,74047,,NIFTYNXT50,,2026-04-28,2026-04-28,67000.0,CE,NIFTYNXT5026APR67000CE,0.0,0.0,0.0,2978.15,0.0,2978.15,70334.35,4611.3,0,0,0,0.0,0,F1,25,,,,,
2026-02-18,2026-02-18,FO,NSE,IDO,74039,,NIFTYNXT50,,2026-04-28,2026-04-28,66700.0,CE,NIFTYNXT5026APR66700CE,0.0,0.0,0.0,3135.8,0.0,3135.8,70334.35,4845.8,0,0,0,0.0,0,F1,25,,,,,
2026-02-18,2026-02-18,FO,NSE,IDO,73986,,NIFTYNXT50,,2026-04-28,2026-04-28,64800.0,CE,NIFTYNXT5026APR64800CE,0.0,0.0,0.0,4257.8,0.0,4257.8,70334.35,6440.55,0,0,0,0.0,0,F1,25,,,,,
2026-02-18,2026-02-18,FO,NSE,IDO,73981,,NIFTYNXT50,,2026-04-28,2026-04-28,64700.0,CE,NIFTYNXT5026APR64700CE,0.0,0.0,0.0,4322.65,0.0,4322.65,70334.35,6528.95,0,0,0,0.0,0,F1,25,,,,,
2026-02-18,2026-02-18,FO,NSE,IDO,73929,,NIFTYNXT50,,2026-04-28,2026-04-28,62400.0,CE,NIFTYNXT5026APR62400CE,0.0,0.0,0.0,5965.0,0.0,5965.0,70334.35,8649.7,0,0,0,0.0,0,F1,25,,,,,
2026-02-18,2026-02-18,FO,NSE,IDO,73835,,NIFTYNXT50,,2026-04-28,2026-04-28,61000.0,CE,NIFTYNXT5026APR61000CE,0.0,0.0,0.0,7089.05,0.0,7089.05,70334.35,9995.65,0,0,0,0.0,0,F1,25,,,,,
2026-02-18,2026-02-18,FO,NSE,IDO,73788,,NIFTYNXT50,,2026-04-28,2026-04-28,59000.0,CE,NIFTYNXT5026APR59000CE,0.0,0.0,0.0,8823.2,0.0,8823.2,70334.35,11952.3,0,0,0,0.0,0,F1,25,,,,,
2026-02-18,2026-02-18,FO,NSE,IDO,74337,,NIFTYNXT50,,2026-04-28,2026-04-28,74500.0,PE,NIFTYNXT5026APR74500PE,0.0,0.0,0.0,7271.7,0.0,7271.7,70334.35,4209.05,0,0,0,0.0,0,F1,25,,,,,
2026-02-18,2026-02-18,FO,NSE,IDO,67343,,NIFTYNXT50,,2026-02-24,2026-02-24,70600.0,CE,NIFTYNXT5026FEB70600CE,0.0,0.0,0.0,206.05,206.05,206.05,70334.35,506.4,25,0,0,0.0,0,F1,25,,,,,
2026-02-18,2026-02-18,FO,NSE,IDO,66958,,NIFTYNXT50,,2026-02-24,2026-02-24,69200.0,CE,NIFTYNXT5026FEB69200CE,994.6,1200.0,984.8,1200.0,1200.0,654.3,70334.35,1200.0,75,-50,4,7029485.0,3,F1,25,,,,,
2026-02-18,2026-02-18,FO,NSE,IDO,56662,,NIFTYNXT50,,2026-03-30,2026-03-30,76500.0,CE,NIFTYNXT5026MAR76500CE,0.0,0.0,0.0,639.65,0.0,639.65,70334.35,144.95,0,0,0,0.0,0,F1,25,,,,,
2026-02-18,2026-02-18,FO,NSE,IDO,56638,,NIFTYNXT50,,2026-03-30,2026-03-30,76000.0,CE,NIFTYNXT5026MAR76000CE,0.0,0.0,0.0,721.6,0.0,721.6,70334.35,186.75,0,0,0,0.0,0,F1,25,,,,,
2026-02-18,2026-02-18,FO,NSE,IDO,56596,,NIFTYNXT50,,2026-03-30,2026-03-30,74700.0,CE,NIFTYNXT5026MAR74700CE,0.0,0.0,0.0,978.75,0.0,978.75,70334.35,345.95,0,0,0,0.0,0,F1,25,,,,,
2026-02-18,2026-02-18,FO,NSE,IDO,56588,,NIFTYNXT50,,2026-03-30,2026-03-30,74400.0,CE,NIFTYNXT5026MAR74400CE,0.0,0.0,0.0,1046.35,0.0,1046.35,70334.35,395.4,0,0,0,0.0,0,F1,25,,,,,
2026-02-18,2026-02-18,FO,NSE,IDO,56512,,NIFTYNXT50,,2026-03-30,2026-03-30,71800.0,CE,NIFTYNXT5026MAR71800CE,0.0,0.0,0.0,1803.35,0.0,1803.35,70334.35,1100.25,0,0,0,0.0,0,F1,25,,,,,
2026-02-18,2026-02-18,FO,NSE,IDO,56416,,NIFTYNXT50,,2026-03-30,2026-03-30,68900.0,CE,NIFTYNXT5026MAR68900CE,0.0,0.0,0.0,3070.65,0.0,3070.65,70334.35,2629.7,0,0,0,0.0,0,F1,25,,,,,
2026-02-18,2026-02-18,FO,NSE,IDO,56408,,NIFTYNXT50,,2026-03-30,2026-03-30,68500.0,CE,NIFTYNXT5026MAR68500CE,0.0,0.0,0.0,3283.25,0.0,3283.25,70334.35,2905.5,0,0,0,0.0,0,F1,25,,,,,
2026-02-18,2026-02-18,FO,NSE,IDO,56332,,NIFTYNXT50,,2026-03-30,2026-03-30,65300.0,CE,NIFTYNXT5026MAR65300CE,0.0,0.0,0.0,5316.05,0.0,5316.05,70334.35,5548.9,0,0,0,0.0,0,F1,25,,,,,
2026-02-18,2026-02-18,FO,NSE,IDO,56302,,NIFTYNXT50,,2026-03-30,2026-03-30,64400.0,CE,NIFTYNXT5026MAR64400CE,0.0,0.0,0.0,5983.15,0.0,5983.15,70334.35,6388.75,0,0,0,0.0,0,F1,25,,,,,
2026-02-18,2026-02-18,FO,NSE,IDO,66940,,NIFTYNXT50,,2026-02-24,2026-02-24,68600.0,CE,NIFTYNXT5026FEB68600CE,0.0,0.0,0.0,1500.0,1500.0,1500.0,70334.35,1878.45,0,0,0,0.0,0,F1,25,,,,,
2026-02-18,2026-02-18,FO,NSE,IDO,66837,,NIFTYNXT50,,2026-02-24,2026-02-24,66900.0,CE,NIFTYNXT5026FEB66900CE,0.0,0.0,0.0,4008.6,0.0,4008.6,70334.35,3499.05,0,0,0,0.0,0,F1,25,,,,,
2026-02-18,2026-02-18,FO,NSE,IDO,66833,,NIFTYNXT50,,2026-02-24,2026-02-24,66800.0,CE,NIFTYNXT5026FEB66800CE,0.0,0.0,0.0,4069.15,0.0,4069.15,70334.35,3598.15,0,0,0,0.0,0,F1,25,,,,,
2026-02-18,2026-02-18,FO,NSE,IDO,66701,,NIFTYNXT50,,2026-02-24,2026-02-24,65600.0,CE,NIFTYNXT5026FEB65600CE,0.0,0.0,0.0,4838.1,0.0,4838.1,70334.35,4793.8,0,0,0,0.0,0,F1,25,,,,,
2026-02-18,2026-02-18,FO,NSE,IDO,66665,,NIFTYNXT50,,2026-02-24,2026-02-24,65200.0,CE,NIFTYNXT5026FEB65200CE,0.0,0.0,0.0,5111.45,0.0,5111.45,70334.35,5193.35,0,0,0,0.0,0,F1,25,,,,,
2026-02-18,2026-02-18,FO,NSE,IDO,66630,,NIFTYNXT50,,2026-02-24,2026-02-24,65000.0,CE,NIFTYNXT5026FEB65000CE,0.0,0.0,0.0,5254.05,0.0,5254.05,70334.35,5393.1,0,0,0,0.0,0,F1,25,,,,,
2026-02-18,2026-02-18,FO,NSE,IDO,66542,,NIFTYNXT50,,2026-02-24,2026-02-24,63100.0,CE,NIFTYNXT5026FEB63100CE,0.0,0.0,0.0,6676.95,0.0,6676.95,70334.35,7291.35,0,0,0,0.0,0,F1,25,,,,,
2026-02-18,2026-02-18,FO,NSE,IDF,51715,,NIFTYNXT50,,2026-03-30,2026-03-30,,,NIFTYNXT5026MARFUT,70229.6,70680.0,70201.2,70521.8,70460.6,70223.8,70334.35,70521.8,2200,100,63,110869410.0,55,F1,25,,,,,
2026-02-18,2026-02-18,FO,NSE,IDO,56286,,NIFTYNXT50,,2026-03-30,2026-03-30,63700.0,CE,NIFTYNXT5026MAR63700CE,0.0,0.0,0.0,6530.05,0.0,6530.05,70334.35,7057.9,0,0,0,0.0,0,F1,25,,,,,
2026-02-18,2026-02-18,FO,NSE,IDO,56272,,NIFTYNXT50,,2026-03-30,2026-03-30,63300.0,CE,NIFTYNXT5026MAR63300CE,0.0,0.0,0.0,6852.1,0.0,6852.1,70334.35,7444.8,0,0,0,0.0,0,F1,25,,,,,
2026-02-18,2026-02-18,FO,NSE,IDO,56256,,NIFTYNXT50,,2026-03-30,2026-03-30,62600.0,CE,NIFTYNXT5026MAR62600CE,0.0,0.0,0.0,7431.25,0.0,7431.25,70334.35,8127.65,0,0,0,0.0,0,F1,25,,,,,
2026-02-18,2026-02-18,FO,NSE,IDO,67899,,NIFTYNXT50,,2026-02-24,2026-02-24,77500.0,CE,NIFTYNXT5026FEB77500CE,0.0,0.0,0.0,492.4,0.0,492.4,70334.35,0.05,0,0,0,0.0,0,F1,25,,,,,
2026-02-18,2026-02-18,FO,NSE,IDO,67735,,NIFTYNXT50,,2026-02-24,2026-02-24,74700.0,CE,NIFTYNXT5026FEB74700CE,0.0,0.0,0.0,944.9,0.0,944.9,70334.35,1.3,0,0,0,0.0,0,F1,25,,,,,
2026-02-18,2026-02-18,FO,NSE,IDO,67733,,NIFTYNXT50,,2026-02-24,2026-02-24,74600.0,CE,NIFTYNXT5026FEB74600CE,0.0,0.0,0.0,965.9,0.0,965.9,70334.35,1.6,0,0,0,0.0,0,F1,25,,,,,
2026-02-18,2026-02-18,FO,NSE,IDO,67587,,NIFTYNXT50,,2026-02-24,2026-02-24,73500.0,CE,NIFTYNXT5026FEB73500CE,0.0,0.0,0.0,1221.9,0.0,1221.9,70334.35,12.6,0,0,0,0.0,0,F1,25,,,,,
2026-02-18,2026-02-18,FO,NSE,IDO,67371,,NIFTYNXT50,,2026-02-24,2026-02-24,72000.0,CE,NIFTYNXT5026FEB72000CE,0.0,0.0,0.0,1657.3,0.0,1657.3,70334.35,115.2,0,0,0,0.0,0,F1,25,,,,,
2026-02-18,2026-02-18,FO,NSE,IDO,67213,,NIFTYNXT50,,2026-02-24,2026-02-24,69600.0,PE,NIFTYNXT5026FEB69600PE,316.5,316.5,316.5,316.5,316.5,2964.85,70334.35,281.7,25,25,1,1747912.5,1,F1,25,,,,,
2026-02-18,2026-02-18,FO,NSE,IDO,67344,,NIFTYNXT50,,2026-02-24,2026-02-24,70600.0,PE,NIFTYNXT5026FEB70600PE,0.0,0.0,0.0,3525.9,0.0,3525.9,70334.35,708.25,0,0,0,0.0,0,F1,25,,,,,
2026-02-18,2026-02-18,FO,NSE,IDO,67577,,NIFTYNXT50,,2026-02-24,2026-02-24,73400.0,PE,NIFTYNXT5026FEB73400PE,0.0,0.0,0.0,5369.3,0.0,5369.3,70334.35,3014.25,0,0,0,0.0,0,F1,25,,,,,
2026-02-18,2026-02-18,FO,NSE,IDO,67607,,NIFTYNXT50,,2026-02-24,2026-02-24,73600.0,PE,NIFTYNXT5026FEB73600PE,0.0,0.0,0.0,5514.95,0.0,5514.95,70334.35,3209.75,0,0,0,0.0,0,F1,25,,,,,
2026-02-18,2026-02-18,FO,NSE,IDO,67609,,NIFTYNXT50,,2026-02-24,2026-02-24,73700.0,PE,NIFTYNXT5026FEB73700PE,0.0,0.0,0.0,5591.45,0.0,5591.45,70334.35,3308.0,0,0,0,0.0,0,F1,25,,,,,
2026-02-18,2026-02-18,FO,NSE,IDO,67643,,NIFTYNXT50,,2026-02-24,2026-02-24,73900.0,PE,NIFTYNXT5026FEB73900PE,0.0,0.0,0.0,5739.95,0.0,5739.95,70334.35,3505.1,0,0,0,0.0,0,F1,25,,,,,
2026-02-18,2026-02-18,FO,NSE,IDO,56306,,NIFTYNXT50,,2026-03-30,2026-03-30,64600.0,CE,NIFTYNXT5026MAR64600CE,0.0,0.0,0.0,5831.0,0.0,5831.0,70334.35,6199.85,0,0,0,0.0,0,F1,25,,,,,
2026-02-18,2026-02-18,FO,NSE,IDO,56288,,NIFTYNXT50,,2026-03-30,2026-03-30,63800.0,CE,NIFTYNXT5026MAR63800CE,0.0,0.0,0.0,6450.6,0.0,6450.6,70334.35,6961.65,0,0,0,0.0,0,F1,25,,,,,
2026-02-18,2026-02-18,FO,NSE,IDO,56278,,NIFTYNXT50,,2026-03-30,2026-03-30,63400.0,CE,NIFTYNXT5026MAR63400CE,0.0,0.0,0.0,6770.95,0.0,6770.95,70334.35,7347.85,0,0,0,0.0,0,F1,25,,,,,
2026-02-18,2026-02-18,FO,NSE,IDO,56097,,NIFTYNXT50,,2026-03-30,2026-03-30,58000.0,CE,NIFTYNXT5026MAR58000CE,0.0,0.0,0.0,11597.65,0.0,11597.65,70334.35,12683.05,0,0,0,0.0,0,F1,25,,,,,
2026-02-18,2026-02-18,FO,NSE,IDO,56066,,NIFTYNXT50,,2026-03-30,2026-03-30,57000.0,CE,NIFTYNXT5026MAR57000CE,0.0,0.0,0.0,12555.65,0.0,12555.65,70334.35,13676.9,0,0,0,0.0,0,F1,25,,,,,
2026-02-18,2026-02-18,FO,NSE,IDO,68001,,NIFTYNXT50,,2026-02-24,2026-02-24,80500.0,CE,NIFTYNXT5026FEB80500CE,0.0,0.0,0.0,227.05,0.0,227.05,70334.35,0.05,0,0,0,0.0,0,F1,25,,,,,
2026-02-18,2026-02-18,FO,NSE,IDO,67970,,NIFTYNXT50,,2026-02-24,2026-02-24,79500.0,CE,NIFTYNXT5026FEB79500CE,0.0,0.0,0.0,296.4,0.0,296.4,70334.35,0.05,0,0,0,0.0,0,F1,25,,,,,
2026-02-18,2026-02-18,FO,NSE,IDO,67909,,NIFTYNXT50,,2026-02-24,2026-02-24,78000.0,CE,NIFTYNXT5026FEB78000CE,0.0,0.0,0.0,435.1,0.0,435.1,70334.35,0.05,0,0,0,0.0,0,F1,25,,,,,
2026-02-18,2026-02-18,FO,NSE,IDO,67676,,NIFTYNXT50,,2026-02-24,2026-02-24,74200.0,CE,NIFTYNXT5026FEB74200CE,0.0,0.0,0.0,1056.3,0.0,1056.3,70334.35,3.55,0,0,0,0.0,0,F1,25,,,,,
2026-02-18,2026-02-18,FO,NSE,IDO,74317,,NIFTYNXT50,,2026-04-28,2026-04-28,73500.0,PE,NIFTYNXT5026APR73500PE,0.0,0.0,0.0,6455.85,0.0,6455.85,70334.35,3493.55,0,0,0,0.0,0,F1,25,,,,,
2026-02-18,2026-02-18,FO,NSE,IDO,74283,,NIFTYNXT50,,2026-04-28,2026-04-28,71900.0,PE,NIFTYNXT5026APR71900PE,0.0,0.0,0.0,5227.95,0.0,5227.95,70334.35,2486.95,0,0,0,0.0,0,F1,25,,,,,
2026-02-18,2026-02-18,FO,NSE,IDO,74275,,NIFTYNXT50,,2026-04-28,2026-04-28,71600.0,PE,NIFTYNXT5026APR71600PE,0.0,0.0,0.0,5010.1,0.0,5010.1,70334.35,2318.8,0,0,0,0.0,0,F1,25,,,,,
2026-02-18,2026-02-18,FO,NSE,IDO,74273,,NIFTYNXT50,,2026-04-28,2026-04-28,71500.0,PE,NIFTYNXT5026APR71500PE,0.0,0.0,0.0,4938.45,0.0,4938.45,70334.35,2264.2,0,0,0,0.0,0,F1,25,,,,,
2026-02-18,2026-02-18,FO,NSE,IDO,66018,,NIFTYNXT50,,2026-02-24,2026-02-24,56500.0,CE,NIFTYNXT5026FEB56500CE,0.0,0.0,0.0,12000.0,12000.0,12000.0,70334.35,13885.4,25,0,0,0.0,0,F1,25,,,,,
2026-02-18,2026-02-18,FO,NSE,IDO,74268,,NIFTYNXT50,,2026-04-28,2026-04-28,71400.0,PE,NIFTYNXT5026APR71400PE,0.0,0.0,0.0,4867.2,0.0,4867.2,70334.35,2210.4,0,0,0,0.0,0,F1,25,,,,,
2026-02-18,2026-02-18,FO,NSE,IDO,74208,,NIFTYNXT50,,2026-04-28,2026-04-28,70500.0,PE,NIFTYNXT5026APR70500PE,0.0,0.0,0.0,4248.05,0.0,4248.05,70334.35,1760.4,0,0,0,0.0,0,F1,25,,,,,
2026-02-18,2026-02-18,FO,NSE,IDO,74183,,NIFTYNXT50,,2026-04-28,2026-04-28,69500.0,PE,NIFTYNXT5026APR69500PE,0.0,0.0,0.0,3608.65,0.0,3608.65,70334.35,1333.25,0,0,0,0.0,0,F1,25,,,,,
2026-02-18,2026-02-18,FO,NSE,IDO,74040,,NIFTYNXT50,,2026-04-28,2026-04-28,66700.0,PE,NIFTYNXT5026APR66700PE,0.0,0.0,0.0,2117.8,0.0,2117.8,70334.35,521.55,0,0,0,0.0,0,F1,25,,,,,
2026-02-18,2026-02-18,FO,NSE,IDO,56800,,NIFTYNXT50,,2026-03-30,2026-03-30,80500.0,PE,NIFTYNXT5026MAR80500PE,0.0,0.0,0.0,10864.15,0.0,10864.15,70334.35,9695.75,0,0,0,0.0,0,F1,25,,,,,
2026-02-18,2026-02-18,FO,NSE,IDO,56591,,NIFTYNXT50,,2026-03-30,2026-03-30,74500.0,PE,NIFTYNXT5026MAR74500PE,0.0,0.0,0.0,5752.55,0.0,5752.55,70334.35,4096.3,0,0,0,0.0,0,F1,25,,,,,
2026-02-18,2026-02-18,FO,NSE,IDO,56561,,NIFTYNXT50,,2026-03-30,2026-03-30,73200.0,PE,NIFTYNXT5026MAR73200PE,0.0,0.0,0.0,4802.3,0.0,4802.3,70334.35,3079.0,0,0,0,0.0,0,F1,25,,,,,
2026-02-18,2026-02-18,FO,NSE,IDO,56475,,NIFTYNXT50,,2026-03-30,2026-03-30,70500.0,PE,NIFTYNXT5026MAR70500PE,0.0,0.0,0.0,3101.05,0.0,3101.05,70334.35,1423.35,0,0,0,0.0,0,F1,25,,,,,
2026-02-18,2026-02-18,FO,NSE,IDO,56407,,NIFTYNXT50,,2026-03-30,2026-03-30,68400.0,PE,NIFTYNXT5026MAR68400PE,0.0,0.0,0.0,2057.3,0.0,2057.3,70334.35,631.35,0,0,0,0.0,0,F1,25,,,,,
2026-02-18,2026-02-18,FO,NSE,IDO,56373,,NIFTYNXT50,,2026-03-30,2026-03-30,66700.0,PE,NIFTYNXT5026MAR66700PE,0.0,0.0,0.0,1399.15,0.0,1399.15,70334.35,275.85,0,0,0,0.0,0,F1,25,,,,,
2026-02-18,2026-02-18,FO,NSE,IDO,56349,,NIFTYNXT50,,2026-03-30,2026-03-30,65700.0,PE,NIFTYNXT5026MAR65700PE,0.0,0.0,0.0,1087.7,0.0,1087.7,70334.35,156.2,0,0,0,0.0,0,F1,25,,,,,
2026-02-18,2026-02-18,FO,NSE,IDO,56339,,NIFTYNXT50,,2026-03-30,2026-03-30,65500.0,PE,NIFTYNXT5026MAR65500PE,0.0,0.0,0.0,1034.85,0.0,1034.85,70334.35,138.3,0,0,0,0.0,0,F1,25,,,,,
2026-02-18,2026-02-18,FO,NSE,IDO,66114,,NIFTYNXT50,,2026-02-24,2026-02-24,58500.0,CE,NIFTYNXT5026FEB58500CE,0.0,0.0,0.0,10684.6,0.0,10684.6,70334.35,11887.2,0,0,0,0.0,0,F1,25,,,,,
2026-02-18,2026-02-18,FO,NSE,IDO,66421,,NIFTYNXT50,,2026-02-24,2026-02-24,60500.0,CE,NIFTYNXT5026FEB60500CE,0.0,0.0,0.0,8865.4,0.0,8865.4,70334.35,9889.0,0,0,0,0.0,0,F1,25,,,,,
2026-02-18,2026-02-18,FO,NSE,IDO,66495,,NIFTYNXT50,,2026-02-24,2026-02-24,61500.0,CE,NIFTYNXT5026FEB61500CE,0.0,0.0,0.0,7995.8,0.0,7995.8,70334.35,8889.95,0,0,0,0.0,0,F1,25,,,,,
2026-02-18,2026-02-18,FO,NSE,IDO,66515,,NIFTYNXT50,,2026-02-24,2026-02-24,62500.0,CE,NIFTYNXT5026FEB62500CE,0.0,0.0,0.0,7159.95,0.0,7159.95,70334.35,7890.85,0,0,0,0.0,0,F1,25,,,,,
2026-02-18,2026-02-18,FO,NSE,IDO,66697,,NIFTYNXT50,,2026-02-24,2026-02-24,65400.0,CE,NIFTYNXT5026FEB65400CE,0.0,0.0,0.0,4973.7,0.0,4973.7,70334.35,4993.55,0,0,0,0.0,0,F1,25,,,,,
2026-02-18,2026-02-18,FO,NSE,IDO,66894,,NIFTYNXT50,,2026-02-24,2026-02-24,67000.0,CE,NIFTYNXT5026FEB67000CE,3083.9,3337.7,3083.9,3337.7,3337.7,2727.0,70334.35,3337.7,325,0,3,5262637.5,3,F1,25,,,,,
2026-02-18,2026-02-18,FO,NSE,IDO,66910,,NIFTYNXT50,,2026-02-24,2026-02-24,67100.0,CE,NIFTYNXT5026FEB67100CE,0.0,0.0,0.0,3889.2,0.0,3889.2,70334.35,3301.4,0,0,0,0.0,0,F1,25,,,,,
2026-02-18,2026-02-18,FO,NSE,IDO,66926,,NIFTYNXT50,,2026-02-24,2026-02-24,67900.0,CE,NIFTYNXT5026FEB67900CE,0.0,0.0,0.0,1200.0,1200.0,1200.0,70334.35,2523.65,175,0,0,0.0,0,F1,25,,,,,
2026-02-18,2026-02-18,FO,NSE,IDO,66938,,NIFTYNXT50,,2026-02-24,2026-02-24,68500.0,CE,NIFTYNXT5026FEB68500CE,1876.45,1876.45,1876.45,1876.45,1876.45,854.6,70334.35,1876.45,75,-25,1,1759411.25,1,F1,25,,,,,
2026-02-18,2026-02-18,FO,NSE,IDO,66944,,NIFTYNXT50,,2026-02-24,2026-02-24,68800.0,CE,NIFTYNXT5026FEB68800CE,0.0,0.0,0.0,738.9,738.9,738.9,70334.35,1704.55,75,0,0,0.0,0,F1,25,,,,,
2026-02-18,2026-02-18,FO,NSE,IDO,67351,,NIFTYNXT50,,2026-02-24,2026-02-24,71000.0,CE,NIFTYNXT5026FEB71000CE,154.35,190.0,138.0,175.0,170.0,150.6,70334.35,175.0,4225,700,266,473257802.5,231,F1,25,,,,,
2026-02-18,2026-02-18,FO,NSE,IDO,67361,,NIFTYNXT50,,2026-02-24,2026-02-24,71500.0,CE,NIFTYNXT5026FEB71500CE,0.0,0.0,0.0,1826.2,0.0,1826.2,70334.35,207.85,0,0,0,0.0,0,F1,25,,,,,
2026-02-18,2026-02-18,FO,NSE,IDO,67390,,NIFTYNXT50,,2026-02-24,2026-02-24,72500.0,CE,NIFTYNXT5026FEB72500CE,43.75,44.1,31.9,42.55,42.0,46.05,70334.35,42.55,875,525,59,106993726.25,42,F1,25,,,,,
2026-02-18,2026-02-18,FO,NSE,IDO,67396,,NIFTYNXT50,,2026-02-24,2026-02-24,72600.0,CE,NIFTYNXT5026FEB72600CE,0.0,0.0,0.0,1470.7,0.0,1470.7,70334.35,51.6,0,0,0,0.0,0,F1,25,,,,,
2026-02-18,2026-02-18,FO,NSE,IDO,67642,,NIFTYNXT50,,2026-02-24,2026-02-24,73900.0,CE,NIFTYNXT5026FEB73900CE,0.0,0.0,0.0,1125.95,0.0,1125.95,70334.35,6.25,0,0,0,0.0,0,F1,25,,,,,
2026-02-18,2026-02-18,FO,NSE,IDO,56303,,NIFTYNXT50,,2026-03-30,2026-03-30,64400.0,PE,NIFTYNXT5026MAR64400PE,0.0,0.0,0.0,761.85,0.0,761.85,70334.35,67.4,0,0,0,0.0,0,F1,25,,,,,
2026-02-18,2026-02-18,FO,NSE,IDO,56295,,NIFTYNXT50,,2026-03-30,2026-03-30,64100.0,PE,NIFTYNXT5026MAR64100PE,0.0,0.0,0.0,697.95,0.0,697.95,70334.35,54.6,0,0,0,0.0,0,F1,25,,,,,
2026-02-18,2026-02-18,FO,NSE,IDO,56279,,NIFTYNXT50,,2026-03-30,2026-03-30,63400.0,PE,NIFTYNXT5026MAR63400PE,0.0,0.0,0.0,564.45,0.0,564.45,70334.35,32.5,0,0,0,0.0,0,F1,25,,,,,
2026-02-18,2026-02-18,FO,NSE,IDO,56067,,NIFTYNXT50,,2026-03-30,2026-03-30,57000.0,PE,NIFTYNXT5026MAR57000PE,0.0,0.0,0.0,43.9,0.0,43.9,70334.35,0.05,0,0,0,0.0,0,F1,25,,,,,
2026-02-18,2026-02-18,FO,NSE,IDO,67900,,NIFTYNXT50,,2026-02-24,2026-02-24,77500.0,PE,NIFTYNXT5026FEB77500PE,0.0,0.0,0.0,8652.15,0.0,8652.15,70334.35,7095.6,0,0,0,0.0,0,F1,25,,,,,
2026-02-18,2026-02-18,FO,NSE,IDO,67381,,NIFTYNXT50,,2026-02-24,2026-02-24,72300.0,PE,NIFTYNXT5026FEB72300PE,0.0,0.0,0.0,4599.95,0.0,4599.95,70334.35,1978.45,0,0,0,0.0,0,F1,25,,,,,
2026-02-18,2026-02-18,FO,NSE,IDO,67362,,NIFTYNXT50,,2026-02-24,2026-02-24,71500.0,PE,NIFTYNXT5026FEB71500PE,0.0,0.0,0.0,4076.35,0.0,4076.35,70334.35,1308.9,0,0,0,0.0,0,F1,25,,,,,
2026-02-18,2026-02-18,FO,NSE,IDO,67358,,NIFTYNXT50,,2026-02-24,2026-02-24,71300.0,PE,NIFTYNXT5026FEB71300PE,0.0,0.0,0.0,3950.4,0.0,3950.4,70334.35,1159.35,0,0,0,0.0,0,F1,25,,,,,
2026-02-18,2026-02-18,FO,NSE,IDO,67326,,NIFTYNXT50,,2026-02-24,2026-02-24,70100.0,PE,NIFTYNXT5026FEB70100PE,956.3,980.2,383.7,383.7,383.7,933.0,70334.35,462.65,275,150,21,37142563.75,14,F1,25,,,,,
2026-02-18,2026-02-18,FO,NSE,IDO,67323,,NIFTYNXT50,,2026-02-24,2026-02-24,70000.0,PE,NIFTYNXT5026FEB70000PE,454.0,457.95,297.0,312.65,341.25,3182.75,70334.35,312.65,1475,1475,99,174138757.5,87,F1,25,,,,,
2026-02-18,2026-02-18,FO,NSE,IDO,66790,,NIFTYNXT50,,2026-02-24,2026-02-24,65800.0,PE,NIFTYNXT5026FEB65800PE,0.0,0.0,0.0,1340.6,0.0,1340.6,70334.35,0.3,0,0,0,0.0,0,F1,25,,,,,
2026-02-18,2026-02-18,FO,NSE,IDO,66671,,NIFTYNXT50,,2026-02-24,2026-02-24,65200.0,PE,NIFTYNXT5026FEB65200PE,0.0,0.0,0.0,1156.5,0.0,1156.5,70334.35,0.05,0,0,0,0.0,0,F1,25,,,,,
2026-02-18,2026-02-18,FO,NSE,IDO,66547,,NIFTYNXT50,,2026-02-24,2026-02-24,63200.0,PE,NIFTYNXT5026FEB63200PE,0.0,0.0,0.0,673.1,0.0,673.1,70334.35,0.05,0,0,0,0.0,0,F1,25,,,,,
2026-02-18,2026-02-18,FO,NSE,IDO,66526,,NIFTYNXT50,,2026-02-24,2026-02-24,63000.0,PE,NIFTYNXT5026FEB63000PE,0.0,0.0,0.0,634.65,0.0,634.65,70334.35,0.05,0,0,0,0.0,0,F1,25,,,,,
2026-02-18,2026-02-18,FO,NSE,IDO,66486,,NIFTYNXT50,,2026-02-24,2026-02-24,61000.0,PE,NIFTYNXT5026FEB61000PE,0.0,0.0,0.0,335.05,0.0,335.05,70334.35,0.05,0,0,0,0.0,0,F1,25,,,,,
2026-02-18,2026-02-18,FO,NSE,IDO,74419,,NIFTYNXT50,,2026-04-28,2026-04-28,76500.0,CE,NIFTYNXT5026APR76500CE,0.0,0.0,0.0,362.45,0.0,362.45,70334.35,430.15,0,0,0,0.0,0,F1,25,,,,,
2026-02-18,2026-02-18,FO,NSE,IDO,74318,,NIFTYNXT50,,2026-04-28,2026-04-28,73600.0,CE,NIFTYNXT5026APR73600CE,0.0,0.0,0.0,759.5,0.0,759.5,70334.35,1057.9,0,0,0,0.0,0,F1,25,,,,,
2026-02-18,2026-02-18,FO,NSE,IDO,74290,,NIFTYNXT50,,2026-04-28,2026-04-28,72200.0,CE,NIFTYNXT5026APR72200CE,0.0,0.0,0.0,1055.3,0.0,1055.3,70334.35,1543.0,0,0,0,0.0,0,F1,25,,,,,
2026-02-18,2026-02-18,FO,NSE,IDO,74278,,NIFTYNXT50,,2026-04-28,2026-04-28,71800.0,CE,NIFTYNXT5026APR71800CE,0.0,0.0,0.0,1151.0,0.0,1151.0,70334.35,1707.15,0,0,0,0.0,0,F1,25,,,,,
2026-02-18,2026-02-18,FO,NSE,IDO,74215,,NIFTYNXT50,,2026-04-28,2026-04-28,70800.0,CE,NIFTYNXT5026APR70800CE,0.0,0.0,0.0,1430.8,0.0,1430.8,70334.35,2170.2,0,0,0,0.0,0,F1,25,,,,,
2026-02-18,2026-02-18,FO,NSE,IDO,74196,,NIFTYNXT50,,2026-04-28,2026-04-28,70100.0,CE,NIFTYNXT5026APR70100CE,0.0,0.0,0.0,1656.0,0.0,1656.0,70334.35,2539.8,0,0,0,0.0,0,F1,25,,,,,
2026-02-18,2026-02-18,FO,NSE,IDO,74138,,NIFTYNXT50,,2026-04-28,2026-04-28,68400.0,CE,NIFTYNXT5026APR68400CE,0.0,0.0,0.0,2312.7,0.0,2312.7,70334.35,3591.85,0,0,0,0.0,0,F1,25,,,,,
2026-02-18,2026-02-18,FO,NSE,IDO,74126,,NIFTYNXT50,,2026-04-28,2026-04-28,68200.0,CE,NIFTYNXT5026APR68200CE,0.0,0.0,0.0,2400.65,0.0,2400.65,70334.35,3729.5,0,0,0,0.0,0,F1,25,,,,,
2026-02-18,2026-02-18,FO,NSE,IDO,74041,,NIFTYNXT50,,2026-04-28,2026-04-28,66800.0,CE,NIFTYNXT5026APR66800CE,0.0,0.0,0.0,3082.65,0.0,3082.65,70334.35,4767.05,0,0,0,0.0,0,F1,25,,,,,
2026-02-18,2026-02-18,FO,NSE,IDO,74037,,NIFTYNXT50,,2026-04-28,2026-04-28,66600.0,CE,NIFTYNXT5026APR66600CE,0.0,0.0,0.0,3189.5,0.0,3189.5,70334.35,4925.15,0,0,0,0.0,0,F1,25,,,,,
2026-02-18,2026-02-18,FO,NSE,IDO,74023,,NIFTYNXT50,,2026-04-28,2026-04-28,65900.0,CE,NIFTYNXT5026APR65900CE,0.0,0.0,0.0,3582.35,0.0,3582.35,70334.35,5495.8,0,0,0,0.0,0,F1,25,,,,,
2026-02-18,2026-02-18,FO,NSE,IDO,74004,,NIFTYNXT50,,2026-04-28,2026-04-28,65300.0,CE,NIFTYNXT5026APR65300CE,0.0,0.0,0.0,3942.05,0.0,3942.05,70334.35,6004.45,0,0,0,0.0,0,F1,25,,,,,
2026-02-18,2026-02-18,FO,NSE,IDO,73947,,NIFTYNXT50,,2026-04-28,2026-04-28,63300.0,CE,NIFTYNXT5026APR63300CE,0.0,0.0,0.0,5292.25,0.0,5292.25,70334.35,7802.8,0,0,0,0.0,0,F1,25,,,,,
2026-02-18,2026-02-18,FO,NSE,IDO,73941,,NIFTYNXT50,,2026-04-28,2026-04-28,63000.0,CE,NIFTYNXT5026APR63000CE,0.0,0.0,0.0,5510.5,0.0,5510.5,70334.35,8083.1,0,0,0,0.0,0,F1,25,,,,,
2026-02-18,2026-02-18,FO,NSE,IDO,73931,,NIFTYNXT50,,2026-04-28,2026-04-28,62500.0,CE,NIFTYNXT5026APR62500CE,0.0,0.0,0.0,5888.05,0.0,5888.05,70334.35,8554.75,0,0,0,0.0,0,F1,25,,,,,
2026-02-18,2026-02-18,FO,NSE,IDO,73822,,NIFTYNXT50,,2026-04-28,2026-04-28,60500.0,CE,NIFTYNXT5026APR60500CE,0.0,0.0,0.0,7509.85,0.0,7509.85,70334.35,10482.1,0,0,0,0.0,0,F1,25,,,,,
2026-02-18,2026-02-18,FO,NSE,IDO,73800,,NIFTYNXT50,,2026-04-28,2026-04-28,59500.0,CE,NIFTYNXT5026APR59500CE,0.0,0.0,0.0,8377.7,0.0,8377.7,70334.35,11460.85,0,0,0,0.0,0,F1,25,,,,,
2026-02-18,2026-02-18,FO,NSE,IDO,73742,,NIFTYNXT50,,2026-04-28,2026-04-28,57500.0,CE,NIFTYNXT5026APR57500CE,0.0,0.0,0.0,10197.55,0.0,10197.55,70334.35,13431.45,0,0,0,0.0,0,F1,25,,,,,
2026-02-18,2026-02-18,FO,NSE,IDO,56714,,NIFTYNXT50,,2026-03-30,2026-03-30,77500.0,CE,NIFTYNXT5026MAR77500CE,0.0,0.0,0.0,499.05,0.0,499.05,70334.35,85.0,0,0,0,0.0,0,F1,25,,,,,
2026-02-18,2026-02-18,FO,NSE,IDO,56590,,NIFTYNXT50,,2026-03-30,2026-03-30,74500.0,CE,NIFTYNXT5026MAR74500CE,0.0,0.0,0.0,1023.4,0.0,1023.4,70334.35,378.35,0,0,0,0.0,0,F1,25,,,,,
2026-02-18,2026-02-18,FO,NSE,IDO,56578,,NIFTYNXT50,,2026-03-30,2026-03-30,74100.0,CE,NIFTYNXT5026MAR74100CE,0.0,0.0,0.0,1117.7,0.0,1117.7,70334.35,450.45,0,0,0,0.0,0,F1,25,,,,,
2026-02-18,2026-02-18,FO,NSE,IDO,56550,,NIFTYNXT50,,2026-03-30,2026-03-30,72700.0,CE,NIFTYNXT5026MAR72700CE,0.0,0.0,0.0,1503.2,0.0,1503.2,70334.35,793.15,0,0,0,0.0,0,F1,25,,,,,
2026-02-18,2026-02-18,FO,NSE,IDO,56490,,NIFTYNXT50,,2026-03-30,2026-03-30,70900.0,CE,NIFTYNXT5026MAR70900CE,0.0,0.0,0.0,2146.1,0.0,2146.1,70334.35,1484.55,0,0,0,0.0,0,F1,25,,,,,
2026-02-18,2026-02-18,FO,NSE,IDO,56423,,NIFTYNXT50,,2026-03-30,2026-03-30,69200.0,CE,NIFTYNXT5026MAR69200CE,0.0,0.0,0.0,2917.3,0.0,2917.3,70334.35,2432.7,0,0,0,0.0,0,F1,25,,,,,
2026-02-18,2026-02-18,FO,NSE,IDO,56328,,NIFTYNXT50,,2026-03-30,2026-03-30,65200.0,CE,NIFTYNXT5026MAR65200CE,0.0,0.0,0.0,5388.55,0.0,5388.55,70334.35,5640.8,0,0,0,0.0,0,F1,25,,,,,
2026-02-18,2026-02-18,FO,NSE,IDO,74548,,NIFTYNXT50,,2026-04-28,2026-04-28,79000.0,CE,NIFTYNXT5026APR79000CE,0.0,0.0,0.0,179.3,0.0,179.3,70334.35,174.2,0,0,0,0.0,0,F1,25,,,,,
2026-02-18,2026-02-18,FO,NSE,IDO,66522,,NIFTYNXT50,,2026-02-24,2026-02-24,62800.0,PE,NIFTYNXT5026FEB62800PE,0.0,0.0,0.0,597.85,0.0,597.85,70334.35,0.05,0,0,0,0.0,0,F1,25,,,,,
2026-02-18,2026-02-18,FO,NSE,IDO,66545,,NIFTYNXT50,,2026-02-24,2026-02-24,63100.0,PE,NIFTYNXT5026FEB63100PE,0.0,0.0,0.0,653.65,0.0,653.65,70334.35,0.05,0,0,0,0.0,0,F1,25,,,,,
2026-02-18,2026-02-18,FO,NSE,IDO,66698,,NIFTYNXT50,,2026-02-24,2026-02-24,65400.0,PE,NIFTYNXT5026FEB65400PE,0.0,0.0,0.0,1215.8,0.0,1215.8,70334.35,0.1,0,0,0,0.0,0,F1,25,,,,,
2026-02-18,2026-02-18,FO,NSE,IDO,66702,,NIFTYNXT50,,2026-02-24,2026-02-24,65600.0,PE,NIFTYNXT5026FEB65600PE,0.0,0.0,0.0,1277.15,0.0,1277.15,70334.35,0.2,0,0,0,0.0,0,F1,25,,,,,
2026-02-18,2026-02-18,FO,NSE,IDO,66806,,NIFTYNXT50,,2026-02-24,2026-02-24,66300.0,PE,NIFTYNXT5026FEB66300PE,0.0,0.0,0.0,246.15,246.15,246.15,70334.35,1.1,100,0,0,0.0,0,F1,25,,,,,
2026-02-18,2026-02-18,FO,NSE,IDO,66972,,NIFTYNXT50,,2026-02-24,2026-02-24,69200.0,PE,NIFTYNXT5026FEB69200PE,355.0,355.0,355.0,355.0,355.0,355.0,70334.35,179.2,100,25,1,1738875.0,1,F1,25,,,,,
2026-02-18,2026-02-18,FO,NSE,IDO,67211,,NIFTYNXT50,,2026-02-24,2026-02-24,69500.0,PE,NIFTYNXT5026FEB69500PE,405.0,420.25,184.25,195.0,200.0,444.55,70334.35,195.0,2575,200,99,172826372.5,56,F1,25,,,,,
2026-02-18,2026-02-18,FO,NSE,IDO,67375,,NIFTYNXT50,,2026-02-24,2026-02-24,72100.0,PE,NIFTYNXT5026FEB72100PE,0.0,0.0,0.0,4466.1,0.0,4466.1,70334.35,1802.0,0,0,0,0.0,0,F1,25,,,,,
2026-02-18,2026-02-18,FO,NSE,IDO,67503,,NIFTYNXT50,,2026-02-24,2026-02-24,72900.0,PE,NIFTYNXT5026FEB72900PE,0.0,0.0,0.0,5012.75,0.0,5012.75,70334.35,2532.95,0,0,0,0.0,0,F1,25,,,,,
2026-02-18,2026-02-18,FO,NSE,IDO,67675,,NIFTYNXT50,,2026-02-24,2026-02-24,74100.0,PE,NIFTYNXT5026FEB74100PE,0.0,0.0,0.0,5890.05,0.0,5890.05,70334.35,3703.0,0,0,0,0.0,0,F1,25,,,,,
2026-02-18,2026-02-18,FO,NSE,IDO,67827,,NIFTYNXT50,,2026-02-24,2026-02-24,76000.0,PE,NIFTYNXT5026FEB76000PE,0.0,0.0,0.0,7386.55,0.0,7386.55,70334.35,5597.05,0,0,0,0.0,0,F1,25,,,,,
2026-02-18,2026-02-18,FO,NSE,IDO,67865,,NIFTYNXT50,,2026-02-24,2026-02-24,77000.0,PE,NIFTYNXT5026FEB77000PE,0.0,0.0,0.0,8223.25,0.0,8223.25,70334.35,6596.05,0,0,0,0.0,0,F1,25,,,,,
2026-02-18,2026-02-18,FO,NSE,IDO,56297,,NIFTYNXT50,,2026-03-30,2026-03-30,64200.0,PE,NIFTYNXT5026MAR64200PE,0.0,0.0,0.0,718.8,0.0,718.8,70334.35,58.6,0,0,0,0.0,0,F1,25,,,,,
2026-02-18,2026-02-18,FO,NSE,IDO,56321,,NIFTYNXT50,,2026-03-30,2026-03-30,64900.0,PE,NIFTYNXT5026MAR64900PE,0.0,0.0,0.0,877.7,0.0,877.7,70334.35,94.45,0,0,0,0.0,0,F1,25,,,,,
2026-02-18,2026-02-18,FO,NSE,IDO,56327,,NIFTYNXT50,,2026-03-30,2026-03-30,65100.0,PE,NIFTYNXT5026MAR65100PE,0.0,0.0,0.0,929.9,0.0,929.9,70334.35,107.55,0,0,0,0.0,0,F1,25,,,,,
2026-02-18,2026-02-18,FO,NSE,IDO,56508,,NIFTYNXT50,,2026-03-30,2026-03-30,71600.0,CE,NIFTYNXT5026MAR71600CE,0.0,0.0,0.0,1875.75,0.0,1875.75,70334.35,1178.75,0,0,0,0.0,0,F1,25,,,,,
2026-02-18,2026-02-18,FO,NSE,IDO,56444,,NIFTYNXT50,,2026-03-30,2026-03-30,69600.0,CE,NIFTYNXT5026MAR69600CE,0.0,0.0,0.0,2720.75,0.0,2720.75,70334.35,2183.55,0,0,0,0.0,0,F1,25,,,,,
2026-02-18,2026-02-18,FO,NSE,IDO,56378,,NIFTYNXT50,,2026-03-30,2026-03-30,67000.0,CE,NIFTYNXT5026MAR67000CE,0.0,0.0,0.0,4163.15,0.0,4163.15,70334.35,4060.15,0,0,0,0.0,0,F1,25,,,,,
2026-02-18,2026-02-18,FO,NSE,IDO,56318,,NIFTYNXT50,,2026-03-30,2026-03-30,64800.0,CE,NIFTYNXT5026MAR64800CE,0.0,0.0,0.0,5680.8,0.0,5680.8,70334.35,6012.2,0,0,0,0.0,0,F1,25,,,,,
2026-02-18,2026-02-18,FO,NSE,IDO,56244,,NIFTYNXT50,,2026-03-30,2026-03-30,62000.0,CE,NIFTYNXT5026MAR62000CE,0.0,0.0,0.0,7942.15,0.0,7942.15,70334.35,8717.15,0,0,0,0.0,0,F1,25,,,,,
2026-02-18,2026-02-18,FO,NSE,IDO,67946,,NIFTYNXT50,,2026-02-24,2026-02-24,78500.0,CE,NIFTYNXT5026FEB78500CE,0.0,0.0,0.0,383.7,0.0,383.7,70334.35,0.05,0,0,0,0.0,0,F1,25,,,,,
2026-02-18,2026-02-18,FO,NSE,IDO,67692,,NIFTYNXT50,,2026-02-24,2026-02-24,74500.0,CE,NIFTYNXT5026FEB74500CE,0.0,0.0,0.0,987.3,0.0,987.3,70334.35,1.95,0,0,0,0.0,0,F1,25,,,,,
2026-02-18,2026-02-18,FO,NSE,IDO,67355,,NIFTYNXT50,,2026-02-24,2026-02-24,71200.0,CE,NIFTYNXT5026FEB71200CE,0.0,0.0,0.0,1933.55,0.0,1933.55,70334.35,286.45,0,0,0,0.0,0,F1,25,,,,,
2026-02-18,2026-02-18,FO,NSE,IDO,67345,,NIFTYNXT50,,2026-02-24,2026-02-24,70700.0,CE,NIFTYNXT5026FEB70700CE,0.0,0.0,0.0,2122.8,0.0,2122.8,70334.35,463.45,0,0,0,0.0,0,F1,25,,,,,
2026-02-18,2026-02-18,FO,NSE,IDO,67312,,NIFTYNXT50,,2026-02-24,2026-02-24,69800.0,CE,NIFTYNXT5026FEB69800CE,575.25,575.25,563.7,563.7,563.7,589.95,70334.35,944.05,125,0,2,3518473.75,2,F1,25,,,,,
2026-02-18,2026-02-18,FO,NSE,IDO,67322,,NIFTYNXT50,,2026-02-24,2026-02-24,70000.0,CE,NIFTYNXT5026FEB70000CE,458.45,630.0,436.15,591.0,526.2,447.3,70334.35,591.0,2100,1375,444,782878916.25,335,F1,25,,,,,
2026-02-18,2026-02-18,FO,NSE,IDO,67386,,NIFTYNXT50,,2026-02-24,2026-02-24,72400.0,CE,NIFTYNXT5026FEB72400CE,0.0,0.0,0.0,1531.0,0.0,1531.0,70334.35,68.25,0,0,0,0.0,0,F1,25,,,,,
2026-02-18,2026-02-18,FO,NSE,IDO,67517,,NIFTYNXT50,,2026-02-24,2026-02-24,73300.0,CE,NIFTYNXT5026FEB73300CE,0.0,0.0,0.0,1274.1,0.0,1274.1,70334.35,17.65,0,0,0,0.0,0,F1,25,,,,,
2026-02-18,2026-02-18,FO,NSE,IDO,56362,,NIFTYNXT50,,2026-03-30,2026-03-30,66200.0,CE,NIFTYNXT5026MAR66200CE,0.0,0.0,0.0,4684.65,0.0,4684.65,70334.35,4741.4,0,0,0,0.0,0,F1,25,,,,,
2026-02-18,2026-02-18,FO,NSE,IDO,56376,,NIFTYNXT50,,2026-03-30,2026-03-30,66900.0,CE,NIFTYNXT5026MAR66900CE,0.0,0.0,0.0,4226.4,0.0,4226.4,70334.35,4143.1,0,0,0,0.0,0,F1,25,,,,,
2026-02-18,2026-02-18,FO,NSE,IDO,56388,,NIFTYNXT50,,2026-03-30,2026-03-30,67500.0,CE,NIFTYNXT5026MAR67500CE,0.0,0.0,0.0,3855.5,0.0,3855.5,70334.35,3655.75,0,0,0,0.0,0,F1,25,,,,,
2026-02-18,2026-02-18,FO,NSE,IDO,56392,,NIFTYNXT50,,2026-03-30,2026-03-30,67700.0,CE,NIFTYNXT5026MAR67700CE,0.0,0.0,0.0,3736.4,0.0,3736.4,70334.35,3499.2,0,0,0,0.0,0,F1,25,,,,,
2026-02-18,2026-02-18,FO,NSE,IDO,56420,,NIFTYNXT50,,2026-03-30,2026-03-30,69100.0,CE,NIFTYNXT5026MAR69100CE,0.0,0.0,0.0,2967.85,0.0,2967.85,70334.35,2497.4,0,0,0,0.0,0,F1,25,,,,,
2026-02-18,2026-02-18,FO,NSE,IDO,56518,,NIFTYNXT50,,2026-03-30,2026-03-30,71900.0,CE,NIFTYNXT5026MAR71900CE,0.0,0.0,0.0,1767.95,0.0,1767.95,70334.35,1062.4,0,0,0,0.0,0,F1,25,,,,,
2026-02-18,2026-02-18,FO,NSE,IDO,56552,,NIFTYNXT50,,2026-03-30,2026-03-30,72800.0,CE,NIFTYNXT5026MAR72800CE,0.0,0.0,0.0,1472.35,0.0,1472.35,70334.35,763.5,0,0,0,0.0,0,F1,25,,,,,
2026-02-18,2026-02-18,FO,NSE,IDO,56566,,NIFTYNXT50,,2026-03-30,2026-03-30,73500.0,CE,NIFTYNXT5026MAR73500CE,0.0,0.0,0.0,1270.05,0.0,1270.05,70334.35,579.0,0,0,0,0.0,0,F1,25,,,,,
2026-02-18,2026-02-18,FO,NSE,IDO,56568,,NIFTYNXT50,,2026-03-30,2026-03-30,73600.0,CE,NIFTYNXT5026MAR73600CE,0.0,0.0,0.0,1243.0,0.0,1243.0,70334.35,555.75,0,0,0,0.0,0,F1,25,,,,,
2026-02-18,2026-02-18,FO,NSE,IDO,56574,,NIFTYNXT50,,2026-03-30,2026-03-30,73900.0,CE,NIFTYNXT5026MAR73900CE,0.0,0.0,0.0,1164.65,0.0,1164.65,70334.35,490.45,0,0,0,0.0,0,F1,25,,,,,
2026-02-18,2026-02-18,FO,NSE,IDO,56580,,NIFTYNXT50,,2026-03-30,2026-03-30,74200.0,CE,NIFTYNXT5026MAR74200CE,0.0,0.0,0.0,1093.5,0.0,1093.5,70334.35,431.45,0,0,0,0.0,0,F1,25,,,,,
2026-02-18,2026-02-18,FO,NSE,IDO,73762,,NIFTYNXT50,,2026-04-28,2026-04-28,58000.0,CE,NIFTYNXT5026APR58000CE,0.0,0.0,0.0,9733.85,0.0,9733.85,70334.35,12937.8,0,0,0,0.0,0,F1,25,,,,,
2026-02-18,2026-02-18,FO,NSE,IDO,73776,,NIFTYNXT50,,2026-04-28,2026-04-28,58500.0,CE,NIFTYNXT5026APR58500CE,0.0,0.0,0.0,9275.5,0.0,9275.5,70334.35,12444.7,0,0,0,0.0,0,F1,25,,,,,
2026-02-18,2026-02-18,FO,NSE,IDO,73937,,NIFTYNXT50,,2026-04-28,2026-04-28,62800.0,CE,NIFTYNXT5026APR62800CE,0.0,0.0,0.0,5660.05,0.0,5660.05,70334.35,8271.1,0,0,0,0.0,0,F1,25,,,,,
2026-02-18,2026-02-18,FO,NSE,IDO,74029,,NIFTYNXT50,,2026-04-28,2026-04-28,66200.0,CE,NIFTYNXT5026APR66200CE,0.0,0.0,0.0,3410.4,0.0,3410.4,70334.35,5248.05,0,0,0,0.0,0,F1,25,,,,,
2026-02-18,2026-02-18,FO,NSE,IDO,74336,,NIFTYNXT50,,2026-04-28,2026-04-28,74500.0,CE,NIFTYNXT5026APR74500CE,0.0,0.0,0.0,609.15,0.0,609.15,70334.35,813.95,0,0,0,0.0,0,F1,25,,,,,
2026-02-18,2026-02-18,FO,NSE,IDO,66506,,NIFTYNXT50,,2026-02-24,2026-02-24,62000.0,PE,NIFTYNXT5026FEB62000PE,0.0,0.0,0.0,466.6,0.0,466.6,70334.35,0.05,0,0,0,0.0,0,F1,25,,,,,
2026-02-18,2026-02-18,FO,NSE,IDO,66514,,NIFTYNXT50,,2026-02-24,2026-02-24,62400.0,PE,NIFTYNXT5026FEB62400PE,0.0,0.0,0.0,529.15,0.0,529.15,70334.35,0.05,0,0,0,0.0,0,F1,25,,,,,
2026-02-18,2026-02-18,FO,NSE,IDO,66681,,NIFTYNXT50,,2026-02-24,2026-02-24,65300.0,PE,NIFTYNXT5026FEB65300PE,0.0,0.0,0.0,1185.9,0.0,1185.9,70334.35,0.1,0,0,0,0.0,0,F1,25,,,,,
2026-02-18,2026-02-18,FO,NSE,IDO,66700,,NIFTYNXT50,,2026-02-24,2026-02-24,65500.0,PE,NIFTYNXT5026FEB65500PE,0.0,0.0,0.0,1246.2,0.0,1246.2,70334.35,0.15,0,0,0,0.0,0,F1,25,,,,,
2026-02-18,2026-02-18,FO,NSE,IDO,66804,,NIFTYNXT50,,2026-02-24,2026-02-24,66200.0,PE,NIFTYNXT5026FEB66200PE,0.0,0.0,0.0,1473.85,0.0,1473.85,70334.35,0.9,0,0,0,0.0,0,F1,25,,,,,
2026-02-18,2026-02-18,FO,NSE,IDO,66828,,NIFTYNXT50,,2026-02-24,2026-02-24,66500.0,PE,NIFTYNXT5026FEB66500PE,66.0,66.0,66.0,66.0,66.0,87.75,70334.35,1.75,950,150,6,9984900.0,2,F1,25,,,,,
2026-02-18,2026-02-18,FO,NSE,IDO,67315,,NIFTYNXT50,,2026-02-24,2026-02-24,69800.0,PE,NIFTYNXT5026FEB69800PE,940.0,940.0,285.2,285.2,285.2,1201.0,70334.35,346.65,75,25,5,8782390.0,5,F1,25,,,,,
2026-02-18,2026-02-18,FO,NSE,IDO,67354,,NIFTYNXT50,,2026-02-24,2026-02-24,71100.0,PE,NIFTYNXT5026FEB71100PE,0.0,0.0,0.0,3826.5,0.0,3826.5,70334.35,1018.45,0,0,0,0.0,0,F1,25,,,,,
2026-02-18,2026-02-18,FO,NSE,IDO,67356,,NIFTYNXT50,,2026-02-24,2026-02-24,71200.0,PE,NIFTYNXT5026FEB71200PE,0.0,0.0,0.0,3888.2,0.0,3888.2,70334.35,1087.75,0,0,0,0.0,0,F1,25,,,,,
2026-02-18,2026-02-18,FO,NSE,IDO,67377,,NIFTYNXT50,,2026-02-24,2026-02-24,72200.0,PE,NIFTYNXT5026FEB72200PE,0.0,0.0,0.0,4532.8,0.0,4532.8,70334.35,1889.6,0,0,0,0.0,0,F1,25,,,,,
2026-02-18,2026-02-18,FO,NSE,IDO,67505,,NIFTYNXT50,,2026-02-24,2026-02-24,73000.0,PE,NIFTYNXT5026FEB73000PE,0.0,0.0,0.0,5083.2,0.0,5083.2,70334.35,2628.15,0,0,0,0.0,0,F1,25,,,,,
2026-02-18,2026-02-18,FO,NSE,IDO,67507,,NIFTYNXT50,,2026-02-24,2026-02-24,73100.0,PE,NIFTYNXT5026FEB73100PE,0.0,0.0,0.0,5154.05,0.0,5154.05,70334.35,2723.9,0,0,0,0.0,0,F1,25,,,,,
2026-02-18,2026-02-18,FO,NSE,IDO,67910,,NIFTYNXT50,,2026-02-24,2026-02-24,78000.0,PE,NIFTYNXT5026FEB78000PE,0.0,0.0,0.0,9087.3,0.0,9087.3,70334.35,7595.15,0,0,0,0.0,0,F1,25,,,,,
2026-02-18,2026-02-18,FO,NSE,IDO,56109,,NIFTYNXT50,,2026-03-30,2026-03-30,58500.0,PE,NIFTYNXT5026MAR58500PE,0.0,0.0,0.0,89.3,0.0,89.3,70334.35,0.25,0,0,0,0.0,0,F1,25,,,,,
2026-02-18,2026-02-18,FO,NSE,IDO,56287,,NIFTYNXT50,,2026-03-30,2026-03-30,63700.0,PE,NIFTYNXT5026MAR63700PE,0.0,0.0,0.0,619.1,0.0,619.1,70334.35,40.75,0,0,0,0.0,0,F1,25,,,,,
2026-02-18,2026-02-18,FO,NSE,IDO,56301,,NIFTYNXT50,,2026-03-30,2026-03-30,64300.0,PE,NIFTYNXT5026MAR64300PE,0.0,0.0,0.0,740.1,0.0,740.1,70334.35,62.9,0,0,0,0.0,0,F1,25,,,,,
2026-02-18,2026-02-18,FO,NSE,IDO,56415,,NIFTYNXT50,,2026-03-30,2026-03-30,68800.0,PE,NIFTYNXT5026MAR68800PE,0.0,0.0,0.0,2236.45,0.0,2236.45,70334.35,749.5,0,0,0,0.0,0,F1,25,,,,,
2026-02-18,2026-02-18,FO,NSE,IDO,56445,,NIFTYNXT50,,2026-03-30,2026-03-30,69600.0,PE,NIFTYNXT5026MAR69600PE,0.0,0.0,0.0,2622.4,0.0,2622.4,70334.35,1030.95,0,0,0,0.0,0,F1,25,,,,,
2026-02-18,2026-02-18,FO,NSE,IDO,56459,,NIFTYNXT50,,2026-03-30,2026-03-30,70100.0,PE,NIFTYNXT5026MAR70100PE,0.0,0.0,0.0,2882.6,0.0,2882.6,70334.35,1238.85,0,0,0,0.0,0,F1,25,,,,,
2026-02-18,2026-02-18,FO,NSE,IDO,56572,,NIFTYNXT50,,2026-03-30,2026-03-30,73800.0,CE,NIFTYNXT5026MAR73800CE,0.0,0.0,0.0,1190.3,0.0,1190.3,70334.35,511.5,0,0,0,0.0,0,F1,25,,,,,
2026-02-18,2026-02-18,FO,NSE,IDO,56744,,NIFTYNXT50,,2026-03-30,2026-03-30,78500.0,CE,NIFTYNXT5026MAR78500CE,0.0,0.0,0.0,385.6,0.0,385.6,70334.35,48.1,0,0,0,0.0,0,F1,25,,,,,
2026-02-18,2026-02-18,FO,NSE,IDO,56786,,NIFTYNXT50,,2026-03-30,2026-03-30,80000.0,CE,NIFTYNXT5026MAR80000CE,0.0,0.0,0.0,257.35,0.0,257.35,70334.35,19.15,0,0,0,0.0,0,F1,25,,,,,
2026-02-18,2026-02-18,FO,NSE,IDO,73943,,NIFTYNXT50,,2026-04-28,2026-04-28,63100.0,CE,NIFTYNXT5026APR63100CE,0.0,0.0,0.0,5436.45,0.0,5436.45,70334.35,7989.4,0,0,0,0.0,0,F1,25,,,,,
2026-02-18,2026-02-18,FO,NSE,IDO,73963,,NIFTYNXT50,,2026-04-28,2026-04-28,64000.0,CE,NIFTYNXT5026APR64000CE,0.0,0.0,0.0,4792.4,0.0,4792.4,70334.35,7158.15,0,0,0,0.0,0,F1,25,,,,,
2026-02-18,2026-02-18,FO,NSE,IDO,74015,,NIFTYNXT50,,2026-04-28,2026-04-28,65600.0,CE,NIFTYNXT5026APR65600CE,0.0,0.0,0.0,3759.55,0.0,3759.55,70334.35,5748.0,0,0,0,0.0,0,F1,25,,,,,
2026-02-18,2026-02-18,FO,NSE,IDO,74035,,NIFTYNXT50,,2026-04-28,2026-04-28,66500.0,CE,NIFTYNXT5026APR66500CE,0.0,0.0,0.0,3243.85,0.0,3243.85,70334.35,5005.05,0,0,0,0.0,0,F1,25,,,,,
2026-02-18,2026-02-18,FO,NSE,IDO,74084,,NIFTYNXT50,,2026-04-28,2026-04-28,67700.0,CE,NIFTYNXT5026APR67700CE,0.0,0.0,0.0,2630.85,0.0,2630.85,70334.35,4085.5,0,0,0,0.0,0,F1,25,,,,,
2026-02-18,2026-02-18,FO,NSE,IDO,74213,,NIFTYNXT50,,2026-04-28,2026-04-28,70700.0,CE,NIFTYNXT5026APR70700CE,0.0,0.0,0.0,1461.45,0.0,1461.45,70334.35,2220.7,0,0,0,0.0,0,F1,25,,,,,
2026-02-18,2026-02-18,FO,NSE,IDO,74316,,NIFTYNXT50,,2026-04-28,2026-04-28,73500.0,CE,NIFTYNXT5026APR73500CE,0.0,0.0,0.0,777.95,0.0,777.95,70334.35,1088.15,0,0,0,0.0,0,F1,25,,,,,
2026-02-18,2026-02-18,FO,NSE,IDO,74324,,NIFTYNXT50,,2026-04-28,2026-04-28,73900.0,CE,NIFTYNXT5026APR73900CE,0.0,0.0,0.0,706.3,0.0,706.3,70334.35,971.05,0,0,0,0.0,0,F1,25,,,,,
2026-02-18,2026-02-18,FO,NSE,IDO,66019,,NIFTYNXT50,,2026-02-24,2026-02-24,56500.0,PE,NIFTYNXT5026FEB56500PE,0.0,0.0,0.0,53.9,0.0,53.9,70334.35,0.05,0,0,0,0.0,0,F1,25,,,,,
2026-02-18,2026-02-18,FO,NSE,IDO,66053,,NIFTYNXT50,,2026-02-24,2026-02-24,58000.0,PE,NIFTYNXT5026FEB58000PE,0.0,0.0,0.0,105.9,0.0,105.9,70334.35,0.05,0,0,0,0.0,0,F1,25,,,,,
2026-02-18,2026-02-18,FO,NSE,IDO,66428,,NIFTYNXT50,,2026-02-24,2026-02-24,60500.0,PE,NIFTYNXT5026FEB60500PE,0.0,0.0,0.0,281.3,0.0,281.3,70334.35,0.05,0,0,0,0.0,0,F1,25,,,,,
2026-02-18,2026-02-18,FO,NSE,IDO,66516,,NIFTYNXT50,,2026-02-24,2026-02-24,62500.0,PE,NIFTYNXT5026FEB62500PE,0.0,0.0,0.0,545.75,0.0,545.75,70334.35,0.05,0,0,0,0.0,0,F1,25,,,,,
2026-02-18,2026-02-18,FO,NSE,IDO,66524,,NIFTYNXT50,,2026-02-24,2026-02-24,62900.0,PE,NIFTYNXT5026FEB62900PE,0.0,0.0,0.0,616.05,0.0,616.05,70334.35,0.05,0,0,0,0.0,0,F1,25,,,,,
2026-02-18,2026-02-18,FO,NSE,IDO,66618,,NIFTYNXT50,,2026-02-24,2026-02-24,64400.0,PE,NIFTYNXT5026FEB64400PE,0.0,0.0,0.0,943.5,0.0,943.5,70334.35,0.05,0,0,0,0.0,0,F1,25,,,,,
2026-02-18,2026-02-18,FO,NSE,IDO,66830,,NIFTYNXT50,,2026-02-24,2026-02-24,66600.0,PE,NIFTYNXT5026FEB66600PE,0.0,0.0,0.0,1365.4,1365.4,1365.4,70334.35,2.2,25,0,0,0.0,0,F1,25,,,,,
2026-02-18,2026-02-18,FO,NSE,IDO,66917,,NIFTYNXT50,,2026-02-24,2026-02-24,67400.0,PE,NIFTYNXT5026FEB67400PE,0.0,0.0,0.0,1926.25,0.0,1926.25,70334.35,11.5,0,0,0,0.0,0,F1,25,,,,,
2026-02-18,2026-02-18,FO,NSE,IDO,66923,,NIFTYNXT50,,2026-02-24,2026-02-24,67700.0,PE,NIFTYNXT5026FEB67700PE,0.0,0.0,0.0,2051.85,0.0,2051.85,70334.35,19.85,0,0,0,0.0,0,F1,25,,,,,
2026-02-18,2026-02-18,FO,NSE,IDO,66935,,NIFTYNXT50,,2026-02-24,2026-02-24,68300.0,PE,NIFTYNXT5026FEB68300PE,0.0,0.0,0.0,450.0,450.0,450.0,70334.35,52.95,25,0,0,0.0,0,F1,25,,,,,
2026-02-18,2026-02-18,FO,NSE,IDO,67368,,NIFTYNXT50,,2026-02-24,2026-02-24,71800.0,PE,NIFTYNXT5026FEB71800PE,0.0,0.0,0.0,4269.0,0.0,4269.0,70334.35,1547.9,0,0,0,0.0,0,F1,25,,,,,
2026-02-18,2026-02-18,FO,NSE,IDO,67372,,NIFTYNXT50,,2026-02-24,2026-02-24,72000.0,PE,NIFTYNXT5026FEB72000PE,0.0,0.0,0.0,4399.9,0.0,4399.9,70334.35,1715.8,0,0,0,0.0,0,F1,25,,,,,
2026-02-18,2026-02-18,FO,NSE,IDO,67590,,NIFTYNXT50,,2026-02-24,2026-02-24,73500.0,PE,NIFTYNXT5026FEB73500PE,0.0,0.0,0.0,5441.9,0.0,5441.9,70334.35,3111.85,0,0,0,0.0,0,F1,25,,,,,
2026-02-18,2026-02-18,FO,NSE,IDO,67847,,NIFTYNXT50,,2026-02-24,2026-02-24,76500.0,PE,NIFTYNXT5026FEB76500PE,0.0,0.0,0.0,7801.25,0.0,7801.25,70334.35,6096.55,0,0,0,0.0,0,F1,25,,,,,
2026-02-18,2026-02-18,FO,NSE,IDO,68002,,NIFTYNXT50,,2026-02-24,2026-02-24,80500.0,PE,NIFTYNXT5026FEB80500PE,0.0,0.0,0.0,11341.6,0.0,11341.6,70334.35,10092.9,0,0,0,0.0,0,F1,25,,,,,
2026-02-18,2026-02-18,FO,NSE,IDO,56029,,NIFTYNXT50,,2026-03-30,2026-03-30,56500.0,PE,NIFTYNXT5026MAR56500PE,0.0,0.0,0.0,34.05,0.0,34.05,70334.35,0.05,0,0,0,0.0,0,F1,25,,,,,
2026-02-18,2026-02-18,FO,NSE,IDO,56245,,NIFTYNXT50,,2026-03-30,2026-03-30,62000.0,PE,NIFTYNXT5026MAR62000PE,0.0,0.0,0.0,356.35,0.0,356.35,70334.35,10.25,0,0,0,0.0,0,F1,25,,,,,
2026-02-18,2026-02-18,FO,NSE,IDO,56293,,NIFTYNXT50,,2026-03-30,2026-03-30,64000.0,PE,NIFTYNXT5026MAR64000PE,0.0,0.0,0.0,677.55,0.0,677.55,70334.35,50.8,0,0,0,0.0,0,F1,25,,,,,
2026-02-18,2026-02-18,FO,NSE,IDO,56323,,NIFTYNXT50,,2026-03-30,2026-03-30,65000.0,PE,NIFTYNXT5026MAR65000PE,0.0,0.0,0.0,902.3,0.0,902.3,70334.35,100.85,0,0,0,0.0,0,F1,25,,,,,
2026-02-18,2026-02-18,FO,NSE,IDO,56567,,NIFTYNXT50,,2026-03-30,2026-03-30,73500.0,PE,NIFTYNXT5026MAR73500PE,0.0,0.0,0.0,5013.95,0.0,5013.95,70334.35,3302.95,0,0,0,0.0,0,F1,25,,,,,
2026-02-18,2026-02-18,FO,NSE,IDO,56569,,NIFTYNXT50,,2026-03-30,2026-03-30,73600.0,PE,NIFTYNXT5026MAR73600PE,0.0,0.0,0.0,5085.45,0.0,5085.45,70334.35,3379.1,0,0,0,0.0,0,F1,25,,,,,
2026-02-18,2026-02-18,FO,NSE,IDO,56715,,NIFTYNXT50,,2026-03-30,2026-03-30,77500.0,PE,NIFTYNXT5026MAR77500PE,0.0,0.0,0.0,8183.75,0.0,8183.75,70334.35,6784.95,0,0,0,0.0,0,F1,25,,,,,
2026-02-18,2026-02-18,FO,NSE,IDO,73777,,NIFTYNXT50,,2026-04-28,2026-04-28,58500.0,PE,NIFTYNXT5026APR58500PE,0.0,0.0,0.0,183.1,0.0,183.1,70334.35,5.25,0,0,0,0.0,0,F1,25,,,,,
2026-02-18,2026-02-18,FO,NSE,IDO,73966,,NIFTYNXT50,,2026-04-28,2026-04-28,64000.0,PE,NIFTYNXT5026APR64000PE,0.0,0.0,0.0,1115.75,0.0,1115.75,70334.35,161.8,0,0,0,0.0,0,F1,25,,,,,
2026-02-18,2026-02-18,FO,NSE,IDO,73974,,NIFTYNXT50,,2026-04-28,2026-04-28,64300.0,PE,NIFTYNXT5026APR64300PE,0.0,0.0,0.0,1206.5,0.0,1206.5,70334.35,187.0,0,0,0,0.0,0,F1,25,,,,,
2026-02-18,2026-02-18,FO,NSE,IDO,73980,,NIFTYNXT50,,2026-04-28,2026-04-28,64600.0,PE,NIFTYNXT5026APR64600PE,0.0,0.0,0.0,1302.25,0.0,1302.25,70334.35,215.25,0,0,0,0.0,0,F1,25,,,,,
2026-02-18,2026-02-18,FO,NSE,IDO,74018,,NIFTYNXT50,,2026-04-28,2026-04-28,65700.0,PE,NIFTYNXT5026APR65700PE,0.0,0.0,0.0,1697.2,0.0,1697.2,70334.35,349.55,0,0,0,0.0,0,F1,25,,,,,
2026-02-18,2026-02-18,FO,NSE,IDO,74024,,NIFTYNXT50,,2026-04-28,2026-04-28,65900.0,PE,NIFTYNXT5026APR65900PE,0.0,0.0,0.0,1776.6,0.0,1776.6,70334.35,379.8,0,0,0,0.0,0,F1,25,,,,,
2026-02-18,2026-02-18,FO,NSE,IDO,74030,,NIFTYNXT50,,2026-04-28,2026-04-28,66200.0,PE,NIFTYNXT5026APR66200PE,0.0,0.0,0.0,1900.1,0.0,1900.1,70334.35,428.95,0,0,0,0.0,0,F1,25,,,,,
2026-02-18,2026-02-18,FO,NSE,IDO,74044,,NIFTYNXT50,,2026-04-28,2026-04-28,66900.0,PE,NIFTYNXT5026APR66900PE,0.0,0.0,0.0,2209.05,0.0,2209.05,70334.35,562.55,0,0,0,0.0,0,F1,25,,,,,
2026-02-18,2026-02-18,FO,NSE,IDO,74081,,NIFTYNXT50,,2026-04-28,2026-04-28,67600.0,PE,NIFTYNXT5026APR67600PE,0.0,0.0,0.0,2546.85,0.0,2546.85,70334.35,725.15,0,0,0,0.0,0,F1,25,,,,,
2026-02-18,2026-02-18,FO,NSE,IDO,74222,,NIFTYNXT50,,2026-04-28,2026-04-28,70800.0,PE,NIFTYNXT5026APR70800PE,0.0,0.0,0.0,4450.0,0.0,4450.0,70334.35,1903.55,0,0,0,0.0,0,F1,25,,,,,
2026-02-18,2026-02-18,FO,NSE,IDO,74293,,NIFTYNXT50,,2026-04-28,2026-04-28,72300.0,PE,NIFTYNXT5026APR72300PE,0.0,0.0,0.0,5528.05,0.0,5528.05,70334.35,2721.6,0,0,0,0.0,0,F1,25,,,,,
2026-02-18,2026-02-18,FO,NSE,IDO,74315,,NIFTYNXT50,,2026-04-28,2026-04-28,73400.0,PE,NIFTYNXT5026APR73400PE,0.0,0.0,0.0,6376.2,0.0,6376.2,70334.35,3425.5,0,0,0,0.0,0,F1,25,,,,,
2026-02-18,2026-02-18,FO,NSE,STO,146998,,OFSS,,2026-04-28,2026-04-28,8600.0,CE,OFSS26APR8600CE,0.0,0.0,0.0,427.6,0.0,427.6,6714.45,21.8,0,0,0,0.0,0,F1,75,,,,,
2026-02-18,2026-02-18,FO,NSE,STO,123343,,OFSS,,2026-02-24,2026-02-24,6000.0,PE,OFSS26FEB6000PE,8.7,12.0,6.0,8.05,9.0,7.9,6714.45,8.05,30525,2925,1573,708786461.25,1271,F1,75,,,,,
2026-02-18,2026-02-18,FO,NSE,STO,145931,,OFSS,,2026-03-30,2026-03-30,6600.0,CE,OFSS26MAR6600CE,0.0,0.0,0.0,1276.2,0.0,1276.2,6714.45,371.6,0,0,0,0.0,0,F1,75,,,,,
2026-02-18,2026-02-18,FO,NSE,STO,145824,,OFSS,,2026-02-24,2026-02-24,6300.0,PE,OFSS26FEB6300PE,17.85,29.5,16.4,20.25,22.0,17.85,6714.45,20.25,8925,6150,276,130854266.25,196,F1,75,,,,,
2026-02-18,2026-02-18,FO,NSE,STO,123350,,OFSS,,2026-02-24,2026-02-24,6800.0,CE,OFSS26FEB6800CE,172.75,172.75,78.0,95.85,91.9,176.5,6714.45,95.85,32625,9000,2191,1134444153.75,1500,F1,75,,,,,
2026-02-18,2026-02-18,FO,NSE,STO,146970,,OFSS,,2026-04-28,2026-04-28,5800.0,CE,OFSS26APR5800CE,0.0,0.0,0.0,2315.8,0.0,2315.8,6714.45,1035.55,0,0,0,0.0,0,F1,75,,,,,
2026-02-18,2026-02-18,FO,NSE,STO,145840,,OFSS,,2026-02-24,2026-02-24,7900.0,PE,OFSS26FEB7900PE,1143.4,1173.7,1143.4,1173.7,1173.7,1177.25,6714.45,1178.4,15675,-75,4,2715292.5,2,F1,75,,,,,
2026-02-18,2026-02-18,FO,NSE,STO,146936,,OFSS,,2026-03-30,2026-03-30,8500.0,CE,OFSS26MAR8500CE,29.9,29.9,18.0,18.0,18.0,33.0,6714.45,5.15,2400,75,3,1917446.25,3,F1,75,,,,,
2026-02-18,2026-02-18,FO,NSE,STO,145928,,OFSS,,2026-03-30,2026-03-30,6200.0,PE,OFSS26MAR6200PE,100.0,128.75,100.0,118.45,117.9,98.4,6714.45,118.45,2625,300,10,4738327.5,10,F1,75,,,,,
2026-02-18,2026-02-18,FO,NSE,STO,123375,,OFSS,,2026-02-24,2026-02-24,9200.0,PE,OFSS26FEB9200PE,0.0,0.0,0.0,2241.0,2241.0,2241.0,6714.45,2477.25,150,0,0,0.0,0,F1,75,,,,,
2026-02-18,2026-02-18,FO,NSE,STO,145939,,OFSS,,2026-03-30,2026-03-30,7400.0,CE,OFSS26MAR7400CE,112.0,117.0,112.0,117.0,117.0,142.45,6714.45,85.85,1725,150,3,1690725.0,3,F1,75,,,,,
2026-02-18,2026-02-18,FO,NSE,STO,146865,,OFSS,,2026-03-30,2026-03-30,7700.0,CE,OFSS26MAR7700CE,0.0,0.0,0.0,98.25,98.25,98.25,6714.45,43.45,900,0,0,0.0,0,F1,75,,,,,
2026-02-18,2026-02-18,FO,NSE,STO,38990,,OFSS,,2026-03-30,2026-03-30,5500.0,CE,OFSS26MAR5500CE,0.0,0.0,0.0,2396.85,0.0,2396.85,6714.45,1255.0,0,0,0,0.0,0,F1,75,,,,,
2026-02-18,2026-02-18,FO,NSE,STO,123354,,OFSS,,2026-02-24,2026-02-24,7200.0,CE,OFSS26FEB7200CE,45.5,45.5,14.7,18.6,18.2,47.3,6714.45,18.6,35475,-1125,1129,611537130.0,867,F1,75,,,,,
2026-02-18,2026-02-18,FO,NSE,STO,146991,,OFSS,,2026-04-28,2026-04-28,7800.0,PE,OFSS26APR7800PE,0.0,0.0,0.0,453.15,0.0,453.15,6714.45,1094.5,0,0,0,0.0,0,F1,75,,,,,
2026-02-18,2026-02-18,FO,NSE,STO,145831,,OFSS,,2026-02-24,2026-02-24,7100.0,CE,OFSS26FEB7100CE,60.0,62.0,21.2,26.7,25.65,64.65,6714.45,26.7,19650,-9600,689,368469813.75,518,F1,75,,,,,
2026-02-18,2026-02-18,FO,NSE,STO,123352,,OFSS,,2026-02-24,2026-02-24,7000.0,CE,OFSS26FEB7000CE,93.2,93.2,31.75,40.9,40.15,91.75,6714.45,40.9,59550,9825,2177,1150741635.0,1557,F1,75,,,,,
2026-02-18,2026-02-18,FO,NSE,STO,38984,,OFSS,,2026-02-24,2026-02-24,5500.0,CE,OFSS26FEB5500CE,0.0,0.0,0.0,2360.9,0.0,2360.9,6714.45,1219.4,0,0,0,0.0,0,F1,75,,,,,
2026-02-18,2026-02-18,FO,NSE,STO,146976,,OFSS,,2026-04-28,2026-04-28,6400.0,CE,OFSS26APR6400CE,0.0,0.0,0.0,1774.45,0.0,1774.45,6714.45,592.5,0,0,0,0.0,0,F1,75,,,,,
2026-02-18,2026-02-18,FO,NSE,STO,123349,,OFSS,,2026-02-24,2026-02-24,6600.0,PE,OFSS26FEB6600PE,51.45,92.85,51.45,71.4,78.2,55.65,6714.45,71.4,48450,-14925,1211,606376841.25,924,F1,75,,,,,
2026-02-18,2026-02-18,FO,NSE,STO,146932,,OFSS,,2026-03-30,2026-03-30,8300.0,CE,OFSS26MAR8300CE,0.0,0.0,0.0,44.3,44.3,44.3,6714.45,9.1,600,0,0,0.0,0,F1,75,,,,,
2026-02-18,2026-02-18,FO,NSE,STO,145937,,OFSS,,2026-03-30,2026-03-30,7200.0,CE,OFSS26MAR7200CE,162.0,166.95,149.3,157.8,152.75,199.1,6714.45,157.8,11250,1500,60,33109346.25,53,F1,75,,,,,
2026-02-18,2026-02-18,FO,NSE,STO,145933,,OFSS,,2026-03-30,2026-03-30,6800.0,CE,OFSS26MAR6800CE,325.0,343.5,285.0,298.4,294.0,342.5,6714.45,298.4,10125,975,90,47923680.0,78,F1,75,,,,,
2026-02-18,2026-02-18,FO,NSE,STO,123378,,OFSS,,2026-02-24,2026-02-24,9600.0,CE,OFSS26FEB9600CE,0.3,0.3,0.3,0.3,0.3,0.3,6714.45,0.05,2700,-75,1,720022.5,1,F1,75,,,,,
2026-02-18,2026-02-18,FO,NSE,STO,145834,,OFSS,,2026-02-24,2026-02-24,7300.0,PE,OFSS26FEB7300PE,502.1,609.15,501.45,594.65,594.65,620.0,6714.45,594.65,15600,-1125,23,13551952.5,23,F1,75,,,,,
2026-02-18,2026-02-18,FO,NSE,STO,145922,,OFSS,,2026-03-30,2026-03-30,5600.0,PE,OFSS26MAR5600PE,0.0,0.0,0.0,25.0,25.0,25.0,6714.45,11.5,75,0,0,0.0,0,F1,75,,,,,
2026-02-18,2026-02-18,FO,NSE,STO,146835,,OFSS,,2026-03-30,2026-03-30,6300.0,PE,OFSS26MAR6300PE,130.0,158.0,125.0,149.85,149.85,27.9,6714.45,149.85,2250,2250,63,30457533.75,51,F1,75,,,,,
2026-02-18,2026-02-18,FO,NSE,STO,146839,,OFSS,,2026-03-30,2026-03-30,6700.0,PE,OFSS26MAR6700PE,288.45,311.0,288.45,296.15,297.0,311.6,6714.45,296.15,2325,1425,47,24676571.25,38,F1,75,,,,,
2026-02-18,2026-02-18,FO,NSE,STO,146841,,OFSS,,2026-03-30,2026-03-30,6900.0,PE,OFSS26MAR6900PE,0.0,0.0,0.0,345.5,345.5,345.5,6714.45,372.1,225,0,0,0.0,0,F1,75,,,,,
2026-02-18,2026-02-18,FO,NSE,STO,146866,,OFSS,,2026-03-30,2026-03-30,7700.0,PE,OFSS26MAR7700PE,999.0,1020.0,990.0,997.5,1005.0,999.0,6714.45,997.5,1800,1275,17,11097450.0,9,F1,75,,,,,
2026-02-18,2026-02-18,FO,NSE,STO,146987,,OFSS,,2026-04-28,2026-04-28,7400.0,PE,OFSS26APR7400PE,0.0,0.0,0.0,295.65,0.0,295.65,6714.45,775.8,0,0,0,0.0,0,F1,75,,,,,
2026-02-18,2026-02-18,FO,NSE,STO,146968,,OFSS,,2026-04-28,2026-04-28,5600.0,CE,OFSS26APR5600CE,0.0,0.0,0.0,2504.7,0.0,2504.7,6714.45,1208.55,0,0,0,0.0,0,F1,75,,,,,
2026-02-18,2026-02-18,FO,NSE,STO,146842,,OFSS,,2026-03-30,2026-03-30,7100.0,CE,OFSS26MAR7100CE,184.0,184.0,184.0,184.0,184.0,238.25,6714.45,158.05,300,75,2,1092600.0,2,F1,75,,,,,
2026-02-18,2026-02-18,FO,NSE,STO,146830,,OFSS,,2026-03-30,2026-03-30,5900.0,CE,OFSS26MAR5900CE,0.0,0.0,0.0,2177.35,0.0,2177.35,6714.45,884.85,0,0,0,0.0,0,F1,75,,,,,
2026-02-18,2026-02-18,FO,NSE,STO,123374,,OFSS,,2026-02-24,2026-02-24,9200.0,CE,OFSS26FEB9200CE,0.0,0.0,0.0,1.55,1.55,1.55,6714.45,0.05,600,0,0,0.0,0,F1,75,,,,,
2026-02-18,2026-02-18,FO,NSE,STO,123368,,OFSS,,2026-02-24,2026-02-24,8600.0,CE,OFSS26FEB8600CE,1.4,1.4,1.0,1.1,1.1,3.7,6714.45,1.1,9600,-5625,88,56767391.25,20,F1,75,,,,,
2026-02-18,2026-02-18,FO,NSE,STO,145843,,OFSS,,2026-02-24,2026-02-24,8300.0,CE,OFSS26FEB8300CE,2.05,3.6,1.15,1.9,1.9,4.5,6714.45,1.9,5025,-2025,64,39847815.0,35,F1,75,,,,,
2026-02-18,2026-02-18,FO,NSE,STO,145837,,OFSS,,2026-02-24,2026-02-24,7700.0,CE,OFSS26FEB7700CE,8.65,8.65,4.4,5.05,5.1,12.3,6714.45,5.05,33600,-2250,266,153722216.25,172,F1,75,,,,,
2026-02-18,2026-02-18,FO,NSE,STO,123341,,OFSS,,2026-02-24,2026-02-24,5800.0,PE,OFSS26FEB5800PE,5.0,8.2,3.75,4.4,4.0,6.6,6714.45,4.4,11925,-3300,231,100566105.0,158,F1,75,,,,,
2026-02-18,2026-02-18,FO,NSE,STF,66955,,OFSS,,2026-04-28,2026-04-28,,,OFSS26APRFUT,6878.0,6878.0,6735.0,6770.0,6770.0,6885.0,6714.45,6770.0,24300,1650,45,22853550.0,45,F1,75,,,,,
2026-02-18,2026-02-18,FO,NSE,STO,123336,,OFSS,,2026-02-24,2026-02-24,5400.0,CE,OFSS26FEB5400CE,0.0,0.0,0.0,2774.1,0.0,2774.1,6714.45,1319.35,0,0,0,0.0,0,F1,75,,,,,
2026-02-18,2026-02-18,FO,NSE,STO,123338,,OFSS,,2026-02-24,2026-02-24,5600.0,CE,OFSS26FEB5600CE,0.0,0.0,0.0,2582.85,0.0,2582.85,6714.45,1119.5,0,0,0,0.0,0,F1,75,,,,,
2026-02-18,2026-02-18,FO,NSE,STO,145827,,OFSS,,2026-02-24,2026-02-24,6700.0,CE,OFSS26FEB6700CE,236.7,236.7,120.0,142.75,133.4,236.7,6714.45,142.75,19275,4500,897,460580088.75,711,F1,75,,,,,
2026-02-18,2026-02-18,FO,NSE,STO,145845,,OFSS,,2026-02-24,2026-02-24,8500.0,CE,OFSS26FEB8500CE,1.8,2.8,1.05,1.5,1.65,3.35,6714.45,1.5,31200,-15375,439,279911598.75,260,F1,75,,,,,
2026-02-18,2026-02-18,FO,NSE,STO,146984,,OFSS,,2026-04-28,2026-04-28,7200.0,CE,OFSS26APR7200CE,0.0,0.0,0.0,1148.95,0.0,1148.95,6714.45,222.2,0,0,0,0.0,0,F1,75,,,,,
2026-02-18,2026-02-18,FO,NSE,STO,146996,,OFSS,,2026-04-28,2026-04-28,8400.0,CE,OFSS26APR8400CE,0.0,0.0,0.0,500.85,0.0,500.85,6714.45,31.65,0,0,0,0.0,0,F1,75,,,,,
2026-02-18,2026-02-18,FO,NSE,STO,147004,,OFSS,,2026-04-28,2026-04-28,9200.0,CE,OFSS26APR9200CE,0.0,0.0,0.0,258.45,0.0,258.45,6714.45,6.6,0,0,0,0.0,0,F1,75,,,,,
2026-02-18,2026-02-18,FO,NSE,STO,123345,,OFSS,,2026-02-24,2026-02-24,6200.0,PE,OFSS26FEB6200PE,12.45,20.5,10.5,13.6,15.1,13.0,6714.45,13.6,15750,-3450,484,225613158.75,392,F1,75,,,,,
2026-02-18,2026-02-18,FO,NSE,STO,123355,,OFSS,,2026-02-24,2026-02-24,7200.0,PE,OFSS26FEB7200PE,430.35,499.25,410.5,499.25,499.25,387.65,6714.45,485.3,19950,-825,22,12632932.5,22,F1,75,,,,,
2026-02-18,2026-02-18,FO,NSE,STO,146055,,OFSS,,2026-03-30,2026-03-30,8200.0,CE,OFSS26MAR8200CE,0.0,0.0,0.0,90.45,90.45,90.45,6714.45,12.05,300,0,0,0.0,0,F1,75,,,,,
2026-02-18,2026-02-18,FO,NSE,STO,146844,,OFSS,,2026-03-30,2026-03-30,7300.0,CE,OFSS26MAR7300CE,0.0,0.0,0.0,140.0,140.0,140.0,6714.45,106.05,75,0,0,0.0,0,F1,75,,,,,
2026-02-18,2026-02-18,FO,NSE,STO,145935,,OFSS,,2026-03-30,2026-03-30,7000.0,CE,OFSS26MAR7000CE,262.0,265.0,204.0,215.55,211.5,274.8,6714.45,215.55,32025,-1350,679,367761555.0,444,F1,75,,,,,
2026-02-18,2026-02-18,FO,NSE,STO,123362,,OFSS,,2026-02-24,2026-02-24,8000.0,CE,OFSS26FEB8000CE,4.65,6.65,2.4,3.15,3.1,7.2,6714.45,3.15,104475,-27675,902,541429916.25,551,F1,75,,,,,
2026-02-18,2026-02-18,FO,NSE,STO,145819,,OFSS,,2026-02-24,2026-02-24,5900.0,CE,OFSS26FEB5900CE,0.0,0.0,0.0,1796.8,0.0,1796.8,6714.45,819.85,0,0,0,0.0,0,F1,75,,,,,
2026-02-18,2026-02-18,FO,NSE,STO,123337,,OFSS,,2026-02-24,2026-02-24,5400.0,PE,OFSS26FEB5400PE,0.0,0.0,0.0,8.75,0.0,8.75,6714.45,0.05,0,0,0,0.0,0,F1,75,,,,,
2026-02-18,2026-02-18,FO,NSE,STO,146971,,OFSS,,2026-04-28,2026-04-28,5800.0,PE,OFSS26APR5800PE,0.0,0.0,0.0,20.95,0.0,20.95,6714.45,61.15,0,0,0,0.0,0,F1,75,,,,,
2026-02-18,2026-02-18,FO,NSE,STO,146969,,OFSS,,2026-04-28,2026-04-28,5600.0,PE,OFSS26APR5600PE,0.0,0.0,0.0,12.95,0.0,12.95,6714.45,36.15,0,0,0,0.0,0,F1,75,,,,,
2026-02-18,2026-02-18,FO,NSE,STO,146847,,OFSS,,2026-03-30,2026-03-30,7500.0,PE,OFSS26MAR7500PE,807.95,835.0,767.6,835.0,835.0,745.4,6714.45,809.4,3150,1125,21,13112868.75,14,F1,75,,,,,
2026-02-18,2026-02-18,FO,NSE,STO,145985,,OFSS,,2026-03-30,2026-03-30,7400.0,PE,OFSS26MAR7400PE,0.0,0.0,0.0,846.0,846.0,846.0,6714.45,726.95,750,0,0,0.0,0,F1,75,,,,,
2026-02-18,2026-02-18,FO,NSE,STO,145936,,OFSS,,2026-03-30,2026-03-30,7000.0,PE,OFSS26MAR7000PE,408.25,480.2,408.25,450.0,450.0,402.0,6714.45,450.0,20625,0,26,14507928.75,21,F1,75,,,,,
2026-02-18,2026-02-18,FO,NSE,STO,145930,,OFSS,,2026-03-30,2026-03-30,6400.0,PE,OFSS26MAR6400PE,168.25,179.5,168.25,179.5,179.5,150.1,6714.45,141.4,675,150,2,986081.25,2,F1,75,,,,,
2026-02-18,2026-02-18,FO,NSE,STO,145838,,OFSS,,2026-02-24,2026-02-24,7700.0,PE,OFSS26FEB7700PE,975.0,999.0,965.0,984.4,984.4,969.0,6714.45,984.4,14550,-1575,21,13673662.5,14,F1,75,,,,,
2026-02-18,2026-02-18,FO,NSE,STO,145820,,OFSS,,2026-02-24,2026-02-24,5900.0,PE,OFSS26FEB5900PE,4.5,5.75,4.5,5.7,5.75,7.0,6714.45,5.7,3600,-525,26,11514101.25,9,F1,75,,,,,
2026-02-18,2026-02-18,FO,NSE,STO,146073,,OFSS,,2026-03-30,2026-03-30,8800.0,CE,OFSS26MAR8800CE,0.0,0.0,0.0,43.25,43.25,43.25,6714.45,2.05,150,0,0,0.0,0,F1,75,,,,,
2026-02-18,2026-02-18,FO,NSE,STO,145986,,OFSS,,2026-03-30,2026-03-30,7600.0,CE,OFSS26MAR7600CE,120.0,120.0,66.45,76.15,75.75,120.0,6714.45,76.15,3900,0,49,28202553.75,33,F1,75,,,,,
2026-02-18,2026-02-18,FO,NSE,STO,146980,,OFSS,,2026-04-28,2026-04-28,6800.0,CE,OFSS26APR6800CE,0.0,0.0,0.0,1444.8,0.0,1444.8,6714.45,375.4,0,0,0,0.0,0,F1,75,,,,,
2026-02-18,2026-02-18,FO,NSE,STO,123357,,OFSS,,2026-02-24,2026-02-24,7400.0,PE,OFSS26FEB7400PE,0.0,0.0,0.0,568.6,566.55,568.6,6714.45,680.0,5625,0,0,0.0,0,F1,75,,,,,
2026-02-18,2026-02-18,FO,NSE,STO,145848,,OFSS,,2026-02-24,2026-02-24,8700.0,PE,OFSS26FEB8700PE,0.0,0.0,0.0,1238.2,1238.2,1238.2,6714.45,1977.7,450,0,0,0.0,0,F1,75,,,,,
2026-02-18,2026-02-18,FO,NSE,STO,146831,,OFSS,,2026-03-30,2026-03-30,5900.0,PE,OFSS26MAR5900PE,0.0,0.0,0.0,81.6,81.6,81.6,6714.45,34.95,750,0,0,0.0,0,F1,75,,,,,
2026-02-18,2026-02-18,FO,NSE,STO,146060,,OFSS,,2026-03-30,2026-03-30,8200.0,PE,OFSS26MAR8200PE,0.0,0.0,0.0,1370.0,1370.0,1370.0,6714.45,1448.3,1125,0,0,0.0,0,F1,75,,,,,
2026-02-18,2026-02-18,FO,NSE,STO,145825,,OFSS,,2026-02-24,2026-02-24,6500.0,CE,OFSS26FEB6500CE,275.0,284.1,261.55,267.85,267.85,389.8,6714.45,254.25,14175,-300,9,4569116.25,6,F1,75,,,,,
2026-02-18,2026-02-18,FO,NSE,STO,146993,,OFSS,,2026-04-28,2026-04-28,8000.0,PE,OFSS26APR8000PE,0.0,0.0,0.0,547.45,0.0,547.45,6714.45,1267.05,0,0,0,0.0,0,F1,75,,,,,
2026-02-18,2026-02-18,FO,NSE,STO,145923,,OFSS,,2026-03-30,2026-03-30,5800.0,CE,OFSS26MAR5800CE,0.0,0.0,0.0,1948.5,0.0,1948.5,6714.45,974.05,0,0,0,0.0,0,F1,75,,,,,
2026-02-18,2026-02-18,FO,NSE,STO,123348,,OFSS,,2026-02-24,2026-02-24,6600.0,CE,OFSS26FEB6600CE,274.95,275.0,173.35,208.6,204.6,308.5,6714.45,208.6,32475,-825,204,104112885.0,136,F1,75,,,,,
2026-02-18,2026-02-18,FO,NSE,STO,123358,,OFSS,,2026-02-24,2026-02-24,7600.0,CE,OFSS26FEB7600CE,13.55,14.85,5.5,6.1,6.35,15.1,6714.45,6.1,40350,1425,303,172882923.75,261,F1,75,,,,,
2026-02-18,2026-02-18,FO,NSE,STO,146082,,OFSS,,2026-03-30,2026-03-30,9200.0,PE,OFSS26MAR9200PE,0.0,0.0,0.0,1595.65,0.0,1595.65,6714.45,2430.85,0,0,0,0.0,0,F1,75,,,,,
2026-02-18,2026-02-18,FO,NSE,STO,123372,,OFSS,,2026-02-24,2026-02-24,9000.0,CE,OFSS26FEB9000CE,1.65,2.1,0.75,1.0,1.0,2.5,6714.45,1.0,24150,-1350,64,43206502.5,58,F1,75,,,,,
2026-02-18,2026-02-18,FO,NSE,STO,145919,,OFSS,,2026-03-30,2026-03-30,5400.0,CE,OFSS26MAR5400CE,0.0,0.0,0.0,2320.5,0.0,2320.5,6714.45,1351.65,0,0,0,0.0,0,F1,75,,,,,
2026-02-18,2026-02-18,FO,NSE,STO,146834,,OFSS,,2026-03-30,2026-03-30,6300.0,CE,OFSS26MAR6300CE,0.0,0.0,0.0,1799.8,0.0,1799.8,6714.45,563.5,0,0,0,0.0,0,F1,75,,,,,
2026-02-18,2026-02-18,FO,NSE,STO,146030,,OFSS,,2026-03-30,2026-03-30,7800.0,CE,OFSS26MAR7800CE,0.0,0.0,0.0,93.85,93.85,93.85,6714.45,34.1,1200,0,0,0.0,0,F1,75,,,,,
2026-02-18,2026-02-18,FO,NSE,STO,146972,,OFSS,,2026-04-28,2026-04-28,6000.0,CE,OFSS26APR6000CE,0.0,0.0,0.0,2130.45,0.0,2130.45,6714.45,873.85,0,0,0,0.0,0,F1,75,,,,,
2026-02-18,2026-02-18,FO,NSE,STO,146982,,OFSS,,2026-04-28,2026-04-28,7000.0,CE,OFSS26APR7000CE,0.0,0.0,0.0,1292.2,0.0,1292.2,6714.45,291.25,0,0,0,0.0,0,F1,75,,,,,
2026-02-18,2026-02-18,FO,NSE,STO,147000,,OFSS,,2026-04-28,2026-04-28,8800.0,CE,OFSS26APR8800CE,0.0,0.0,0.0,363.15,0.0,363.15,6714.45,14.8,0,0,0,0.0,0,F1,75,,,,,
2026-02-18,2026-02-18,FO,NSE,STO,123347,,OFSS,,2026-02-24,2026-02-24,6400.0,PE,OFSS26FEB6400PE,26.6,41.95,22.95,29.0,32.4,25.75,6714.45,29.0,34800,-1350,746,359840130.0,620,F1,75,,,,,
2026-02-18,2026-02-18,FO,NSE,STO,145828,,OFSS,,2026-02-24,2026-02-24,6700.0,PE,OFSS26FEB6700PE,84.85,136.9,82.5,111.2,117.5,83.2,6714.45,111.2,28575,5475,2328,1189623011.25,1545,F1,75,,,,,
2026-02-18,2026-02-18,FO,NSE,STO,145832,,OFSS,,2026-02-24,2026-02-24,7100.0,PE,OFSS26FEB7100PE,388.0,427.0,388.0,398.9,410.45,306.55,6714.45,398.9,11025,-450,17,9563756.25,17,F1,75,,,,,
2026-02-18,2026-02-18,FO,NSE,STO,145836,,OFSS,,2026-02-24,2026-02-24,7500.0,PE,OFSS26FEB7500PE,721.1,787.85,690.2,776.6,776.55,669.1,6714.45,776.6,24450,-825,39,24145751.25,32,F1,75,,,,,
2026-02-18,2026-02-18,FO,NSE,STO,123359,,OFSS,,2026-02-24,2026-02-24,7600.0,PE,OFSS26FEB7600PE,0.0,0.0,0.0,759.6,759.85,759.6,6714.45,878.85,8775,0,0,0.0,0,F1,75,,,,,
2026-02-18,2026-02-18,FO,NSE,STO,123365,,OFSS,,2026-02-24,2026-02-24,8200.0,PE,OFSS26FEB8200PE,0.0,0.0,0.0,1370.0,1370.0,1370.0,6714.45,1478.15,4425,0,0,0.0,0,F1,75,,,,,
2026-02-18,2026-02-18,FO,NSE,STO,146995,,OFSS,,2026-04-28,2026-04-28,8200.0,PE,OFSS26APR8200PE,0.0,0.0,0.0,651.9,0.0,651.9,6714.45,1446.1,0,0,0,0.0,0,F1,75,,,,,
2026-02-18,2026-02-18,FO,NSE,STO,146983,,OFSS,,2026-04-28,2026-04-28,7000.0,PE,OFSS26APR7000PE,0.0,0.0,0.0,179.0,0.0,179.0,6714.45,504.4,0,0,0,0.0,0,F1,75,,,,,
2026-02-18,2026-02-18,FO,NSE,STO,145920,,OFSS,,2026-03-30,2026-03-30,5400.0,PE,OFSS26MAR5400PE,25.75,25.75,25.75,25.75,25.75,14.05,6714.45,4.75,150,150,2,813862.5,1,F1,75,,,,,
2026-02-18,2026-02-18,FO,NSE,STO,145821,,OFSS,,2026-02-24,2026-02-24,6100.0,CE,OFSS26FEB6100CE,0.0,0.0,0.0,1610.1,0.0,1610.1,6714.45,620.95,0,0,0,0.0,0,F1,75,,,,,
2026-02-18,2026-02-18,FO,NSE,STO,145817,,OFSS,,2026-02-24,2026-02-24,5700.0,CE,OFSS26FEB5700CE,0.0,0.0,0.0,1987.75,0.0,1987.75,6714.45,1019.6,0,0,0,0.0,0,F1,75,,,,,
2026-02-18,2026-02-18,FO,NSE,STO,145925,,OFSS,,2026-03-30,2026-03-30,6000.0,CE,OFSS26MAR6000CE,820.0,820.0,820.0,820.0,820.0,680.0,6714.45,798.75,150,75,1,511500.0,1,F1,75,,,,,
2026-02-18,2026-02-18,FO,NSE,STO,145849,,OFSS,,2026-02-24,2026-02-24,8900.0,CE,OFSS26FEB8900CE,0.0,0.0,0.0,3.0,3.0,3.0,6714.45,0.05,1500,0,0,0.0,0,F1,75,,,,,
2026-02-18,2026-02-18,FO,NSE,STO,146989,,OFSS,,2026-04-28,2026-04-28,7600.0,PE,OFSS26APR7600PE,0.0,0.0,0.0,369.2,0.0,369.2,6714.45,930.15,0,0,0,0.0,0,F1,75,,,,,
2026-02-18,2026-02-18,FO,NSE,STO,145829,,OFSS,,2026-02-24,2026-02-24,6900.0,CE,OFSS26FEB6900CE,120.05,133.0,49.5,63.0,59.0,128.7,6714.45,63.0,48300,-10500,1562,817188986.25,1221,F1,75,,,,,
2026-02-18,2026-02-18,FO,NSE,STO,123364,,OFSS,,2026-02-24,2026-02-24,8200.0,CE,OFSS26FEB8200CE,4.15,4.3,1.8,3.0,2.25,5.15,6714.45,3.0,26250,-1350,145,89202337.5,115,F1,75,,,,,
2026-02-18,2026-02-18,FO,NSE,STO,145847,,OFSS,,2026-02-24,2026-02-24,8700.0,CE,OFSS26FEB8700CE,0.0,0.0,0.0,3.8,3.8,3.8,6714.45,0.05,1800,0,0,0.0,0,F1,75,,,,,
2026-02-18,2026-02-18,FO,NSE,STO,146838,,OFSS,,2026-03-30,2026-03-30,6700.0,CE,OFSS26MAR6700CE,354.45,354.45,330.0,344.95,343.0,413.95,6714.45,344.95,525,375,7,3697057.5,7,F1,75,,,,,
2026-02-18,2026-02-18,FO,NSE,STO,146079,,OFSS,,2026-03-30,2026-03-30,9000.0,CE,OFSS26MAR9000CE,13.05,13.25,12.5,13.25,13.25,25.0,6714.45,1.1,1125,150,11,7435653.75,11,F1,75,,,,,
2026-02-18,2026-02-18,FO,NSE,STO,146974,,OFSS,,2026-04-28,2026-04-28,6200.0,CE,OFSS26APR6200CE,0.0,0.0,0.0,1949.65,0.0,1949.65,6714.45,725.6,0,0,0,0.0,0,F1,75,,,,,
2026-02-18,2026-02-18,FO,NSE,STO,38985,,OFSS,,2026-02-24,2026-02-24,5500.0,PE,OFSS26FEB5500PE,4.55,4.55,4.25,4.25,4.25,2.8,6714.45,0.05,2775,150,2,825660.0,2,F1,75,,,,,
2026-02-18,2026-02-18,FO,NSE,STO,145844,,OFSS,,2026-02-24,2026-02-24,8300.0,PE,OFSS26FEB8300PE,1574.95,1574.95,1574.95,1574.95,1574.95,1461.65,6714.45,1578.05,2475,0,1,740621.25,1,F1,75,,,,,
2026-02-18,2026-02-18,FO,NSE,STO,145846,,OFSS,,2026-02-24,2026-02-24,8500.0,PE,OFSS26FEB8500PE,1774.75,1774.75,1774.75,1774.75,1774.75,1663.2,6714.45,1777.85,3450,-75,3,2311818.75,2,F1,75,,,,,
2026-02-18,2026-02-18,FO,NSE,STO,123373,,OFSS,,2026-02-24,2026-02-24,9000.0,PE,OFSS26FEB9000PE,2270.0,2270.0,2270.0,2270.0,2270.0,2552.15,6714.45,2277.4,5625,-75,1,845250.0,1,F1,75,,,,,
2026-02-18,2026-02-18,FO,NSE,STO,146054,,OFSS,,2026-03-30,2026-03-30,8000.0,PE,OFSS26MAR8000PE,1280.0,1280.0,1280.0,1280.0,1280.0,1214.0,6714.45,1258.0,2175,150,3,2088000.0,2,F1,75,,,,,
2026-02-18,2026-02-18,FO,NSE,STO,146872,,OFSS,,2026-03-30,2026-03-30,8100.0,PE,OFSS26MAR8100PE,0.0,0.0,0.0,512.4,0.0,512.4,6714.45,1352.65,0,0,0,0.0,0,F1,75,,,,,
2026-02-18,2026-02-18,FO,NSE,STO,146973,,OFSS,,2026-04-28,2026-04-28,6000.0,PE,OFSS26APR6000PE,0.0,0.0,0.0,32.55,0.0,32.55,6714.45,97.35,0,0,0,0.0,0,F1,75,,,,,
2026-02-18,2026-02-18,FO,NSE,STO,146979,,OFSS,,2026-04-28,2026-04-28,6600.0,PE,OFSS26APR6600PE,0.0,0.0,0.0,98.75,0.0,98.75,6714.45,292.95,0,0,0,0.0,0,F1,75,,,,,
2026-02-18,2026-02-18,FO,NSE,STO,146933,,OFSS,,2026-03-30,2026-03-30,8300.0,PE,OFSS26MAR8300PE,0.0,0.0,0.0,1495.0,1495.0,1495.0,6714.45,1544.8,1350,0,0,0.0,0,F1,75,,,,,
2026-02-18,2026-02-18,FO,NSE,STO,146078,,OFSS,,2026-03-30,2026-03-30,8800.0,PE,OFSS26MAR8800PE,0.0,0.0,0.0,2040.0,2040.0,2040.0,6714.45,2034.75,2475,0,0,0.0,0,F1,75,,,,,
2026-02-18,2026-02-18,FO,NSE,STO,146977,,OFSS,,2026-04-28,2026-04-28,6400.0,PE,OFSS26APR6400PE,0.0,0.0,0.0,70.45,0.0,70.45,6714.45,211.85,0,0,0,0.0,0,F1,75,,,,,
2026-02-18,2026-02-18,FO,NSE,STO,146836,,OFSS,,2026-03-30,2026-03-30,6500.0,CE,OFSS26MAR6500CE,515.0,515.0,444.7,460.0,460.0,548.9,6714.45,460.0,3225,225,6,3139143.75,6,F1,75,,,,,
2026-02-18,2026-02-18,FO,NSE,STO,146828,,OFSS,,2026-03-30,2026-03-30,5700.0,CE,OFSS26MAR5700CE,0.0,0.0,0.0,2370.85,0.0,2370.85,6714.45,1065.8,0,0,0,0.0,0,F1,75,,,,,
2026-02-18,2026-02-18,FO,NSE,STO,123370,,OFSS,,2026-02-24,2026-02-24,8800.0,CE,OFSS26FEB8800CE,2.45,2.55,0.8,0.8,0.8,2.45,6714.45,0.8,11550,3825,80,52813440.0,33,F1,75,,,,,
2026-02-18,2026-02-18,FO,NSE,STO,146997,,OFSS,,2026-04-28,2026-04-28,8400.0,PE,OFSS26APR8400PE,0.0,0.0,0.0,766.25,0.0,766.25,6714.45,1630.3,0,0,0,0.0,0,F1,75,,,,,
2026-02-18,2026-02-18,FO,NSE,STF,59437,,OFSS,,2026-02-24,2026-02-24,,,OFSS26FEBFUT,6855.5,6855.5,6688.5,6730.0,6714.5,6852.5,6714.45,6730.0,1359975,600,3069,1552783050.0,2333,F1,75,,,,,
2026-02-18,2026-02-18,FO,NSE,STO,146066,,OFSS,,2026-03-30,2026-03-30,8400.0,PE,OFSS26MAR8400PE,0.0,0.0,0.0,1580.0,1580.0,1580.0,6714.45,1641.95,75,0,0,0.0,0,F1,75,,,,,
2026-02-18,2026-02-18,FO,NSE,STO,146999,,OFSS,,2026-04-28,2026-04-28,8600.0,PE,OFSS26APR8600PE,0.0,0.0,0.0,889.9,0.0,889.9,6714.45,1818.4,0,0,0,0.0,0,F1,75,,,,,
2026-02-18,2026-02-18,FO,NSE,STO,146080,,OFSS,,2026-03-30,2026-03-30,9000.0,PE,OFSS26MAR9000PE,0.0,0.0,0.0,1700.0,1700.0,1700.0,6714.45,2232.55,225,0,0,0.0,0,F1,75,,,,,
2026-02-18,2026-02-18,FO,NSE,STO,146868,,OFSS,,2026-03-30,2026-03-30,7900.0,PE,OFSS26MAR7900PE,0.0,0.0,0.0,1078.9,1078.9,1078.9,6714.45,1164.65,150,0,0,0.0,0,F1,75,,,,,
2026-02-18,2026-02-18,FO,NSE,STO,146035,,OFSS,,2026-03-30,2026-03-30,7800.0,PE,OFSS26MAR7800PE,0.0,0.0,0.0,612.15,0.0,612.15,6714.45,1072.75,0,0,0,0.0,0,F1,75,,,,,
2026-02-18,2026-02-18,FO,NSE,STO,146029,,OFSS,,2026-03-30,2026-03-30,7600.0,PE,OFSS26MAR7600PE,0.0,0.0,0.0,936.0,936.0,936.0,6714.45,894.8,450,0,0,0.0,0,F1,75,,,,,
2026-02-18,2026-02-18,FO,NSE,STO,145926,,OFSS,,2026-03-30,2026-03-30,6000.0,PE,OFSS26MAR6000PE,75.0,89.1,73.5,77.4,80.05,66.1,6714.45,77.4,14100,2250,177,80757858.75,107,F1,75,,,,,
2026-02-18,2026-02-18,FO,NSE,STO,145924,,OFSS,,2026-03-30,2026-03-30,5800.0,PE,OFSS26MAR5800PE,0.0,0.0,0.0,36.1,0.0,36.1,6714.45,24.75,0,0,0,0.0,0,F1,75,,,,,
2026-02-18,2026-02-18,FO,NSE,STO,38991,,OFSS,,2026-03-30,2026-03-30,5500.0,PE,OFSS26MAR5500PE,31.35,32.0,29.7,30.2,31.1,3.4,6714.45,30.2,1575,1575,21,8711178.75,18,F1,75,,,,,
2026-02-18,2026-02-18,FO,NSE,STO,123367,,OFSS,,2026-02-24,2026-02-24,8400.0,PE,OFSS26FEB8400PE,0.0,0.0,0.0,1580.0,1580.0,1580.0,6714.45,1677.95,1500,0,0,0.0,0,F1,75,,,,,
2026-02-18,2026-02-18,FO,NSE,STO,123363,,OFSS,,2026-02-24,2026-02-24,8000.0,PE,OFSS26FEB8000PE,1281.0,1281.05,1274.0,1274.0,1274.0,1152.25,6714.45,1278.3,40050,-225,6,4175692.5,4,F1,75,,,,,
2026-02-18,2026-02-18,FO,NSE,STO,145826,,OFSS,,2026-02-24,2026-02-24,6500.0,PE,OFSS26FEB6500PE,37.0,62.35,33.6,46.2,51.25,37.15,6714.45,46.2,29325,-12000,1138,558881887.5,854,F1,75,,,,,
2026-02-18,2026-02-18,FO,NSE,STO,146867,,OFSS,,2026-03-30,2026-03-30,7900.0,CE,OFSS26MAR7900CE,57.5,57.5,50.65,50.65,50.65,60.55,6714.45,26.55,600,-150,4,2386537.5,3,F1,75,,,,,
2026-02-18,2026-02-18,FO,NSE,STO,145927,,OFSS,,2026-03-30,2026-03-30,6200.0,CE,OFSS26MAR6200CE,0.0,0.0,0.0,1597.4,0.0,1597.4,6714.45,637.6,0,0,0,0.0,0,F1,75,,,,,
2026-02-18,2026-02-18,FO,NSE,STO,123360,,OFSS,,2026-02-24,2026-02-24,7800.0,CE,OFSS26FEB7800CE,8.7,9.0,4.05,4.35,4.35,11.3,6714.45,4.35,39450,-1050,405,237085698.75,285,F1,75,,,,,
2026-02-18,2026-02-18,FO,NSE,STO,146985,,OFSS,,2026-04-28,2026-04-28,7200.0,PE,OFSS26APR7200PE,0.0,0.0,0.0,232.7,0.0,232.7,6714.45,633.3,0,0,0,0.0,0,F1,75,,,,,
2026-02-18,2026-02-18,FO,NSE,STO,146981,,OFSS,,2026-04-28,2026-04-28,6800.0,PE,OFSS26APR6800PE,0.0,0.0,0.0,134.65,0.0,134.65,6714.45,390.6,0,0,0,0.0,0,F1,75,,,,,
2026-02-18,2026-02-18,FO,NSE,STO,146061,,OFSS,,2026-03-30,2026-03-30,8400.0,CE,OFSS26MAR8400CE,0.0,0.0,0.0,33.0,33.0,33.0,6714.45,6.85,750,0,0,0.0,0,F1,75,,,,,
2026-02-18,2026-02-18,FO,NSE,STO,146938,,OFSS,,2026-03-30,2026-03-30,8700.0,CE,OFSS26MAR8700CE,0.0,0.0,0.0,278.85,0.0,278.85,6714.45,2.8,0,0,0,0.0,0,F1,75,,,,,
2026-02-18,2026-02-18,FO,NSE,STO,146986,,OFSS,,2026-04-28,2026-04-28,7400.0,CE,OFSS26APR7400CE,0.0,0.0,0.0,1015.0,0.0,1015.0,6714.45,166.8,0,0,0,0.0,0,F1,75,,,,,
2026-02-18,2026-02-18,FO,NSE,STO,145818,,OFSS,,2026-02-24,2026-02-24,5700.0,PE,OFSS26FEB5700PE,0.0,0.0,0.0,8.6,0.0,8.6,6714.45,0.05,0,0,0,0.0,0,F1,75,,,,,
2026-02-18,2026-02-18,FO,NSE,STO,123353,,OFSS,,2026-02-24,2026-02-24,7000.0,PE,OFSS26FEB7000PE,322.05,322.6,290.05,296.2,322.45,235.1,6714.45,296.2,26175,675,39,21352361.25,24,F1,75,,,,,
2026-02-18,2026-02-18,FO,NSE,STO,123371,,OFSS,,2026-02-24,2026-02-24,8800.0,PE,OFSS26FEB8800PE,0.0,0.0,0.0,1970.0,1970.0,1970.0,6714.45,2077.6,9450,0,0,0.0,0,F1,75,,,,,
2026-02-18,2026-02-18,FO,NSE,STO,146837,,OFSS,,2026-03-30,2026-03-30,6500.0,PE,OFSS26MAR6500PE,178.0,227.0,177.95,210.15,215.0,177.6,6714.45,210.15,14925,975,165,82981597.5,114,F1,75,,,,,
2026-02-18,2026-02-18,FO,NSE,STO,145932,,OFSS,,2026-03-30,2026-03-30,6600.0,PE,OFSS26MAR6600PE,256.0,260.7,247.65,248.2,248.2,225.0,6714.45,217.5,1725,225,8,4111657.5,8,F1,75,,,,,
2026-02-18,2026-02-18,FO,NSE,STO,146072,,OFSS,,2026-03-30,2026-03-30,8600.0,PE,OFSS26MAR8600PE,1840.0,1840.0,1840.0,1840.0,1840.0,1790.0,6714.45,1837.7,825,75,1,783000.0,1,F1,75,,,,,
2026-02-18,2026-02-18,FO,NSE,STO,146975,,OFSS,,2026-04-28,2026-04-28,6200.0,PE,OFSS26APR6200PE,0.0,0.0,0.0,48.7,0.0,48.7,6714.45,147.0,0,0,0,0.0,0,F1,75,,,,,
2026-02-18,2026-02-18,FO,NSE,STF,51995,,OFSS,,2026-03-30,2026-03-30,,,OFSS26MARFUT,6860.5,6864.5,6705.5,6744.5,6736.0,6861.5,6714.45,6744.5,278250,64425,1512,765714900.0,1107,F1,75,,,,,
2026-02-18,2026-02-18,FO,NSE,STO,123340,,OFSS,,2026-02-24,2026-02-24,5800.0,CE,OFSS26FEB5800CE,0.0,0.0,0.0,2394.35,0.0,2394.35,6714.45,919.7,0,0,0,0.0,0,F1,75,,,,,
2026-02-18,2026-02-18,FO,NSE,STO,123346,,OFSS,,2026-02-24,2026-02-24,6400.0,CE,OFSS26FEB6400CE,437.65,437.65,345.2,362.45,362.45,481.6,6714.45,362.45,5475,150,7,3558423.75,7,F1,75,,,,,
2026-02-18,2026-02-18,FO,NSE,STO,123366,,OFSS,,2026-02-24,2026-02-24,8400.0,CE,OFSS26FEB8400CE,3.0,3.0,1.1,1.2,1.2,4.5,6714.45,0.05,6675,-150,11,6931260.0,10,F1,75,,,,,
2026-02-18,2026-02-18,FO,NSE,STO,123344,,OFSS,,2026-02-24,2026-02-24,6200.0,CE,OFSS26FEB6200CE,0.0,0.0,0.0,670.7,668.0,670.7,6714.45,522.95,825,0,0,0.0,0,F1,75,,,,,
2026-02-18,2026-02-18,FO,NSE,STO,123342,,OFSS,,2026-02-24,2026-02-24,6000.0,CE,OFSS26FEB6000CE,899.35,899.35,721.25,721.25,721.25,868.75,6714.45,720.15,975,150,5,2536155.0,5,F1,75,,,,,
2026-02-18,2026-02-18,FO,NSE,STO,146846,,OFSS,,2026-03-30,2026-03-30,7500.0,CE,OFSS26MAR7500CE,114.35,114.35,86.25,91.4,91.4,120.75,6714.45,91.4,31800,16350,1008,574428247.5,618,F1,75,,,,,
2026-02-18,2026-02-18,FO,NSE,STO,123339,,OFSS,,2026-02-24,2026-02-24,5600.0,PE,OFSS26FEB5600PE,3.25,3.25,3.25,3.25,3.25,3.25,6714.45,0.05,1800,-75,1,420243.75,1,F1,75,,,,,
2026-02-18,2026-02-18,FO,NSE,STO,123351,,OFSS,,2026-02-24,2026-02-24,6800.0,PE,OFSS26FEB6800PE,130.0,189.0,123.0,162.8,173.0,122.95,6714.45,162.8,36750,-1125,1639,854857646.25,1288,F1,75,,,,,
2026-02-18,2026-02-18,FO,NSE,STO,145830,,OFSS,,2026-02-24,2026-02-24,6900.0,PE,OFSS26FEB6900PE,175.1,261.5,173.95,221.5,242.55,173.95,6714.45,221.5,27075,-8250,252,134548728.75,220,F1,75,,,,,
2026-02-18,2026-02-18,FO,NSE,STO,145934,,OFSS,,2026-03-30,2026-03-30,6800.0,PE,OFSS26MAR6800PE,302.0,373.9,302.0,325.4,349.9,302.0,6714.45,325.4,2775,1725,97,51926088.75,87,F1,75,,,,,
2026-02-18,2026-02-18,FO,NSE,STO,146843,,OFSS,,2026-03-30,2026-03-30,7100.0,PE,OFSS26MAR7100PE,0.0,0.0,0.0,600.0,600.0,600.0,6714.45,500.95,150,0,0,0.0,0,F1,75,,,,,
2026-02-18,2026-02-18,FO,NSE,STO,145938,,OFSS,,2026-03-30,2026-03-30,7200.0,PE,OFSS26MAR7200PE,0.0,0.0,0.0,635.6,635.6,635.6,6714.45,572.3,2325,0,0,0.0,0,F1,75,,,,,
2026-02-18,2026-02-18,FO,NSE,STO,146036,,OFSS,,2026-03-30,2026-03-30,8000.0,CE,OFSS26MAR8000CE,45.7,45.7,38.0,39.7,38.5,51.55,6714.45,39.7,11400,225,47,28344806.25,44,F1,75,,,,,
2026-02-18,2026-02-18,FO,NSE,STO,146832,,OFSS,,2026-03-30,2026-03-30,6100.0,CE,OFSS26MAR6100CE,0.0,0.0,0.0,1986.65,0.0,1986.65,6714.45,716.15,0,0,0,0.0,0,F1,75,,,,,
2026-02-18,2026-02-18,FO,NSE,STO,145841,,OFSS,,2026-02-24,2026-02-24,8100.0,CE,OFSS26FEB8100CE,6.0,6.0,2.25,3.1,3.55,7.2,6714.45,3.1,13500,-2025,80,48618716.25,52,F1,75,,,,,
2026-02-18,2026-02-18,FO,NSE,STO,145839,,OFSS,,2026-02-24,2026-02-24,7900.0,CE,OFSS26FEB7900CE,5.8,5.8,3.05,4.3,4.3,8.6,6714.45,4.3,18675,-3150,77,45644482.5,46,F1,75,,,,,
2026-02-18,2026-02-18,FO,NSE,STO,145835,,OFSS,,2026-02-24,2026-02-24,7500.0,CE,OFSS26FEB7500CE,23.0,23.05,6.4,7.5,7.6,21.25,6714.45,7.5,96975,-21225,1583,891569707.5,1068,F1,75,,,,,
2026-02-18,2026-02-18,FO,NSE,STO,146978,,OFSS,,2026-04-28,2026-04-28,6600.0,CE,OFSS26APR6600CE,0.0,0.0,0.0,1605.85,0.0,1605.85,6714.45,475.65,0,0,0,0.0,0,F1,75,,,,,
2026-02-18,2026-02-18,FO,NSE,STO,145929,,OFSS,,2026-03-30,2026-03-30,6400.0,CE,OFSS26MAR6400CE,0.0,0.0,0.0,650.0,650.0,650.0,6714.45,494.3,75,0,0,0.0,0,F1,75,,,,,
2026-02-18,2026-02-18,FO,NSE,STO,146990,,OFSS,,2026-04-28,2026-04-28,7800.0,CE,OFSS26APR7800CE,0.0,0.0,0.0,778.6,0.0,778.6,6714.45,89.6,0,0,0,0.0,0,F1,75,,,,,
2026-02-18,2026-02-18,FO,NSE,STO,146992,,OFSS,,2026-04-28,2026-04-28,8000.0,CE,OFSS26APR8000CE,0.0,0.0,0.0,675.95,0.0,675.95,6714.45,64.2,0,0,0,0.0,0,F1,75,,,,,
2026-02-18,2026-02-18,FO,NSE,STO,145842,,OFSS,,2026-02-24,2026-02-24,8100.0,PE,OFSS26FEB8100PE,0.0,0.0,0.0,1204.2,1204.2,1204.2,6714.45,1378.25,9675,0,0,0.0,0,F1,75,,,,,
2026-02-18,2026-02-18,FO,NSE,STO,146994,,OFSS,,2026-04-28,2026-04-28,8200.0,CE,OFSS26APR8200CE,0.0,0.0,0.0,583.5,0.0,583.5,6714.45,45.4,0,0,0,0.0,0,F1,75,,,,,
2026-02-18,2026-02-18,FO,NSE,STO,147005,,OFSS,,2026-04-28,2026-04-28,9200.0,PE,OFSS26APR9200PE,0.0,0.0,0.0,1311.55,0.0,1311.55,6714.45,2397.0,0,0,0,0.0,0,F1,75,,,,,
2026-02-18,2026-02-18,FO,NSE,STO,123369,,OFSS,,2026-02-24,2026-02-24,8600.0,PE,OFSS26FEB8600PE,1870.0,1870.0,1870.0,1870.0,1870.0,1750.55,6714.45,1877.8,975,-75,1,785250.0,1,F1,75,,,,,
2026-02-18,2026-02-18,FO,NSE,STO,145833,,OFSS,,2026-02-24,2026-02-24,7300.0,CE,OFSS26FEB7300CE,31.0,31.0,10.9,13.2,13.05,34.1,6714.45,13.2,49650,450,753,413104391.25,594,F1,75,,,,,
2026-02-18,2026-02-18,FO,NSE,STO,123356,,OFSS,,2026-02-24,2026-02-24,7400.0,CE,OFSS26FEB7400CE,25.0,25.0,8.4,10.05,10.1,25.6,6714.45,10.05,62250,-9300,596,331295613.75,469,F1,75,,,,,
2026-02-18,2026-02-18,FO,NSE,STO,147001,,OFSS,,2026-04-28,2026-04-28,8800.0,PE,OFSS26APR8800PE,0.0,0.0,0.0,1022.4,0.0,1022.4,6714.45,2009.35,0,0,0,0.0,0,F1,75,,,,,
2026-02-18,2026-02-18,FO,NSE,STO,146829,,OFSS,,2026-03-30,2026-03-30,5700.0,PE,OFSS26MAR5700PE,40.0,48.9,40.0,45.05,45.05,5.2,6714.45,17.1,375,375,7,3016410.0,6,F1,75,,,,,
2026-02-18,2026-02-18,FO,NSE,STO,145823,,OFSS,,2026-02-24,2026-02-24,6300.0,CE,OFSS26FEB6300CE,0.0,0.0,0.0,321.0,321.0,321.0,6714.45,427.6,1350,0,0,0.0,0,F1,75,,,,,
2026-02-18,2026-02-18,FO,NSE,STO,145921,,OFSS,,2026-03-30,2026-03-30,5600.0,CE,OFSS26MAR5600CE,0.0,0.0,0.0,2132.45,0.0,2132.45,6714.45,1159.6,0,0,0,0.0,0,F1,75,,,,,
2026-02-18,2026-02-18,FO,NSE,STO,146833,,OFSS,,2026-03-30,2026-03-30,6100.0,PE,OFSS26MAR6100PE,0.0,0.0,0.0,132.0,132.0,132.0,6714.45,65.05,225,0,0,0.0,0,F1,75,,,,,
2026-02-18,2026-02-18,FO,NSE,STO,146939,,OFSS,,2026-03-30,2026-03-30,8700.0,PE,OFSS26MAR8700PE,0.0,0.0,0.0,881.85,0.0,881.85,6714.45,1936.1,0,0,0,0.0,0,F1,75,,,,,
2026-02-18,2026-02-18,FO,NSE,STO,146937,,OFSS,,2026-03-30,2026-03-30,8500.0,PE,OFSS26MAR8500PE,0.0,0.0,0.0,1001.45,1001.45,1001.45,6714.45,1739.6,300,0,0,0.0,0,F1,75,,,,,
2026-02-18,2026-02-18,FO,NSE,STO,146845,,OFSS,,2026-03-30,2026-03-30,7300.0,PE,OFSS26MAR7300PE,0.0,0.0,0.0,756.0,756.0,756.0,6714.45,647.75,1275,0,0,0.0,0,F1,75,,,,,
2026-02-18,2026-02-18,FO,NSE,STO,145822,,OFSS,,2026-02-24,2026-02-24,6100.0,PE,OFSS26FEB6100PE,13.95,13.95,11.8,11.8,11.8,13.95,6714.45,1.0,150,0,3,1375477.5,3,F1,75,,,,,
2026-02-18,2026-02-18,FO,NSE,STO,123361,,OFSS,,2026-02-24,2026-02-24,7800.0,PE,OFSS26FEB7800PE,1003.55,1076.7,981.3,1074.4,1074.4,954.45,6714.45,1078.5,12075,-450,10,6638220.0,10,F1,75,,,,,
2026-02-18,2026-02-18,FO,NSE,STO,146840,,OFSS,,2026-03-30,2026-03-30,6900.0,CE,OFSS26MAR6900CE,260.8,260.8,248.0,252.7,248.0,316.0,6714.45,252.7,1950,225,12,6440163.75,11,F1,75,,,,,
2026-02-18,2026-02-18,FO,NSE,STO,146871,,OFSS,,2026-03-30,2026-03-30,8100.0,CE,OFSS26MAR8100CE,0.0,0.0,0.0,47.95,47.95,47.95,6714.45,15.75,450,0,0,0.0,0,F1,75,,,,,
2026-02-18,2026-02-18,FO,NSE,STO,146067,,OFSS,,2026-03-30,2026-03-30,8600.0,CE,OFSS26MAR8600CE,16.4,16.4,16.4,16.4,16.4,30.0,6714.45,16.4,750,-75,1,646230.0,1,F1,75,,,,,
2026-02-18,2026-02-18,FO,NSE,STO,146081,,OFSS,,2026-03-30,2026-03-30,9200.0,CE,OFSS26MAR9200CE,0.0,0.0,0.0,158.4,0.0,158.4,6714.45,0.55,0,0,0,0.0,0,F1,75,,,,,
2026-02-18,2026-02-18,FO,NSE,STO,146988,,OFSS,,2026-04-28,2026-04-28,7600.0,CE,OFSS26APR7600CE,0.0,0.0,0.0,891.6,0.0,891.6,6714.45,123.2,0,0,0,0.0,0,F1,75,,,,,
2026-02-18,2026-02-18,FO,NSE,STO,152358,,PIDILITIND,,2026-03-30,2026-03-30,1260.0,PE,PIDILITIND26MAR1260PE,0.0,0.0,0.0,4.2,0.0,4.2,1489.5,0.05,0,0,0,0.0,0,F1,500,,,,,
2026-02-18,2026-02-18,FO,NSE,STO,152479,,PIDILITIND,,2026-03-30,2026-03-30,1480.0,CE,PIDILITIND26MAR1480CE,49.0,49.0,45.9,45.9,45.9,48.0,1489.5,41.45,2000,1000,3,2291450.0,3,F1,500,,,,,
2026-02-18,2026-02-18,FO,NSE,STO,150470,,PIDILITIND,,2026-03-30,2026-03-30,1410.0,CE,PIDILITIND26MAR1410CE,0.0,0.0,0.0,79.95,0.0,79.95,1489.5,92.8,0,0,0,0.0,0,F1,500,,,,,
2026-02-18,2026-02-18,FO,NSE,STO,151403,,PIDILITIND,,2026-02-24,2026-02-24,1700.0,CE,PIDILITIND26FEB1700CE,0.0,0.0,0.0,0.2,0.2,0.2,1489.5,0.05,3500,0,0,0.0,0,F1,500,,,,,
2026-02-18,2026-02-18,FO,NSE,STO,150649,,PIDILITIND,,2026-02-24,2026-02-24,1350.0,CE,PIDILITIND26FEB1350CE,0.0,0.0,0.0,93.5,93.5,93.5,1489.5,140.7,2000,0,0,0.0,0,F1,500,,,,,
2026-02-18,2026-02-18,FO,NSE,STO,150629,,PIDILITIND,,2026-02-24,2026-02-24,1220.0,CE,PIDILITIND26FEB1220CE,0.0,0.0,0.0,215.4,215.4,215.4,1489.5,270.6,1500,0,0,0.0,0,F1,500,,,,,
2026-02-18,2026-02-18,FO,NSE,STO,150687,,PIDILITIND,,2026-04-28,2026-04-28,1480.0,PE,PIDILITIND26APR1480PE,0.0,0.0,0.0,66.75,0.0,66.75,1489.5,29.9,0,0,0,0.0,0,F1,500,,,,,
2026-02-18,2026-02-18,FO,NSE,STO,150681,,PIDILITIND,,2026-04-28,2026-04-28,1420.0,PE,PIDILITIND26APR1420PE,0.0,0.0,0.0,38.95,0.0,38.95,1489.5,11.45,0,0,0,0.0,0,F1,500,,,,,
2026-02-18,2026-02-18,FO,NSE,STO,150481,,PIDILITIND,,2026-03-30,2026-03-30,1510.0,PE,PIDILITIND26MAR1510PE,0.0,0.0,0.0,78.35,0.0,78.35,1489.5,37.75,0,0,0,0.0,0,F1,500,,,,,
2026-02-18,2026-02-18,FO,NSE,STO,150461,,PIDILITIND,,2026-03-30,2026-03-30,1310.0,PE,PIDILITIND26MAR1310PE,0.0,0.0,0.0,6.95,6.95,6.95,1489.5,0.15,4000,0,0,0.0,0,F1,500,,,,,
2026-02-18,2026-02-18,FO,NSE,STO,150472,,PIDILITIND,,2026-03-30,2026-03-30,1430.0,CE,PIDILITIND26MAR1430CE,0.0,0.0,0.0,55.6,55.6,55.6,1489.5,76.15,500,0,0,0.0,0,F1,500,,,,,
2026-02-18,2026-02-18,FO,NSE,STO,152425,,PIDILITIND,,2026-03-30,2026-03-30,1380.0,CE,PIDILITIND26MAR1380CE,0.0,0.0,0.0,115.25,0.0,115.25,1489.5,119.8,0,0,0,0.0,0,F1,500,,,,,
2026-02-18,2026-02-18,FO,NSE,STO,150981,,PIDILITIND,,2026-02-24,2026-02-24,1540.0,CE,PIDILITIND26FEB1540CE,2.8,3.0,1.2,1.35,1.3,2.8,1489.5,1.35,231000,-16000,360,277570225.0,305,F1,500,,,,,
2026-02-18,2026-02-18,FO,NSE,STO,152207,,PIDILITIND,,2026-03-30,2026-03-30,1220.0,CE,PIDILITIND26MAR1220CE,0.0,0.0,0.0,250.95,0.0,250.95,1489.5,276.85,0,0,0,0.0,0,F1,500,,,,,
2026-02-18,2026-02-18,FO,NSE,STO,152361,,PIDILITIND,,2026-03-30,2026-03-30,1300.0,CE,PIDILITIND26MAR1300CE,0.0,0.0,0.0,178.25,0.0,178.25,1489.5,197.4,0,0,0,0.0,0,F1,500,,,,,
2026-02-18,2026-02-18,FO,NSE,STO,152705,,PIDILITIND,,2026-03-30,2026-03-30,1620.0,CE,PIDILITIND26MAR1620CE,0.0,0.0,0.0,6.55,6.55,6.55,1489.5,2.6,1000,0,0,0.0,0,F1,500,,,,,
2026-02-18,2026-02-18,FO,NSE,STO,126592,,PIDILITIND,,2026-02-24,2026-02-24,1520.0,PE,PIDILITIND26FEB1520PE,0.0,0.0,0.0,36.3,35.7,36.3,1489.5,32.0,9500,0,0,0.0,0,F1,500,,,,,
2026-02-18,2026-02-18,FO,NSE,STO,151230,,PIDILITIND,,2026-02-24,2026-02-24,1610.0,PE,PIDILITIND26FEB1610PE,0.0,0.0,0.0,152.05,0.0,152.05,1489.5,119.05,0,0,0,0.0,0,F1,500,,,,,
2026-02-18,2026-02-18,FO,NSE,STO,126598,,PIDILITIND,,2026-02-24,2026-02-24,1640.0,PE,PIDILITIND26FEB1640PE,0.0,0.0,0.0,166.05,0.0,166.05,1489.5,149.0,0,0,0,0.0,0,F1,500,,,,,
2026-02-18,2026-02-18,FO,NSE,STO,152360,,PIDILITIND,,2026-03-30,2026-03-30,1280.0,PE,PIDILITIND26MAR1280PE,0.0,0.0,0.0,5.9,0.0,5.9,1489.5,0.05,0,0,0,0.0,0,F1,500,,,,,
2026-02-18,2026-02-18,FO,NSE,STO,150467,,PIDILITIND,,2026-03-30,2026-03-30,1370.0,PE,PIDILITIND26MAR1370PE,4.25,4.25,3.9,3.9,3.9,9.6,1489.5,1.45,1500,-1000,5,3435125.0,5,F1,500,,,,,
2026-02-18,2026-02-18,FO,NSE,STO,150471,,PIDILITIND,,2026-03-30,2026-03-30,1410.0,PE,PIDILITIND26MAR1410PE,0.0,0.0,0.0,13.15,13.15,13.15,1489.5,4.8,1000,0,0,0.0,0,F1,500,,,,,
2026-02-18,2026-02-18,FO,NSE,STO,152534,,PIDILITIND,,2026-03-30,2026-03-30,1480.0,PE,PIDILITIND26MAR1480PE,25.0,25.0,25.0,25.0,25.0,30.0,1489.5,23.05,6500,500,1,752500.0,1,F1,500,,,,,
2026-02-18,2026-02-18,FO,NSE,STO,150483,,PIDILITIND,,2026-03-30,2026-03-30,1530.0,PE,PIDILITIND26MAR1530PE,0.0,0.0,0.0,91.9,0.0,91.9,1489.5,49.95,0,0,0,0.0,0,F1,500,,,,,
2026-02-18,2026-02-18,FO,NSE,STO,152812,,PIDILITIND,,2026-03-30,2026-03-30,1660.0,PE,PIDILITIND26MAR1660PE,0.0,0.0,0.0,194.6,0.0,194.6,1489.5,161.4,0,0,0,0.0,0,F1,500,,,,,
2026-02-18,2026-02-18,FO,NSE,STO,152898,,PIDILITIND,,2026-03-30,2026-03-30,1680.0,PE,PIDILITIND26MAR1680PE,0.0,0.0,0.0,212.25,0.0,212.25,1489.5,180.85,0,0,0,0.0,0,F1,500,,,,,
2026-02-18,2026-02-18,FO,NSE,STO,152908,,PIDILITIND,,2026-03-30,2026-03-30,1720.0,PE,PIDILITIND26MAR1720PE,0.0,0.0,0.0,248.6,0.0,248.6,1489.5,220.3,0,0,0,0.0,0,F1,500,,,,,
2026-02-18,2026-02-18,FO,NSE,STO,150654,,PIDILITIND,,2026-02-24,2026-02-24,1380.0,PE,PIDILITIND26FEB1380PE,0.0,0.0,0.0,0.85,0.85,0.85,1489.5,0.05,36000,0,0,0.0,0,F1,500,,,,,
2026-02-18,2026-02-18,FO,NSE,STO,150692,,PIDILITIND,,2026-04-28,2026-04-28,1540.0,CE,PIDILITIND26APR1540CE,0.0,0.0,0.0,34.15,0.0,34.15,1489.5,26.9,0,0,0,0.0,0,F1,500,,,,,
2026-02-18,2026-02-18,FO,NSE,STO,152899,,PIDILITIND,,2026-03-30,2026-03-30,1700.0,CE,PIDILITIND26MAR1700CE,0.0,0.0,0.0,2.6,2.6,2.6,1489.5,0.25,3000,0,0,0.0,0,F1,500,,,,,
2026-02-18,2026-02-18,FO,NSE,STO,152427,,PIDILITIND,,2026-03-30,2026-03-30,1400.0,CE,PIDILITIND26MAR1400CE,106.0,106.0,100.0,100.0,100.0,101.55,1489.5,101.55,18000,18000,36,27072000.0,12,F1,500,,,,,
2026-02-18,2026-02-18,FO,NSE,STO,152357,,PIDILITIND,,2026-03-30,2026-03-30,1260.0,CE,PIDILITIND26MAR1260CE,0.0,0.0,0.0,213.75,0.0,213.75,1489.5,237.1,0,0,0,0.0,0,F1,500,,,,,
2026-02-18,2026-02-18,FO,NSE,STO,152355,,PIDILITIND,,2026-03-30,2026-03-30,1240.0,CE,PIDILITIND26MAR1240CE,0.0,0.0,0.0,232.2,0.0,232.2,1489.5,256.95,0,0,0,0.0,0,F1,500,,,,,
2026-02-18,2026-02-18,FO,NSE,STO,151229,,PIDILITIND,,2026-02-24,2026-02-24,1610.0,CE,PIDILITIND26FEB1610CE,0.95,0.95,0.95,0.95,0.95,0.8,1489.5,0.05,34500,0,1,805475.0,1,F1,500,,,,,
2026-02-18,2026-02-18,FO,NSE,STO,151039,,PIDILITIND,,2026-02-24,2026-02-24,1580.0,CE,PIDILITIND26FEB1580CE,0.75,0.75,0.45,0.5,0.5,1.05,1489.5,0.5,69000,4500,55,43465025.0,40,F1,500,,,,,
2026-02-18,2026-02-18,FO,NSE,STO,152424,,PIDILITIND,,2026-03-30,2026-03-30,1360.0,PE,PIDILITIND26MAR1360PE,3.25,3.45,3.25,3.45,3.45,5.85,1489.5,1.0,7000,500,4,2726725.0,4,F1,500,,,,,
2026-02-18,2026-02-18,FO,NSE,STO,150465,,PIDILITIND,,2026-03-30,2026-03-30,1350.0,PE,PIDILITIND26MAR1350PE,0.0,0.0,0.0,12.0,0.0,12.0,1489.5,0.7,0,0,0,0.0,0,F1,500,,,,,
2026-02-18,2026-02-18,FO,NSE,STO,152206,,PIDILITIND,,2026-03-30,2026-03-30,1200.0,PE,PIDILITIND26MAR1200PE,0.0,0.0,0.0,1.3,0.0,1.3,1489.5,0.05,0,0,0,0.0,0,F1,500,,,,,
2026-02-18,2026-02-18,FO,NSE,STO,151398,,PIDILITIND,,2026-02-24,2026-02-24,1660.0,PE,PIDILITIND26FEB1660PE,0.0,0.0,0.0,166.2,166.2,166.2,1489.5,169.0,1500,0,0,0.0,0,F1,500,,,,,
2026-02-18,2026-02-18,FO,NSE,STO,151032,,PIDILITIND,,2026-02-24,2026-02-24,1550.0,PE,PIDILITIND26FEB1550PE,0.0,0.0,0.0,57.65,57.8,57.65,1489.5,59.45,2500,0,0,0.0,0,F1,500,,,,,
2026-02-18,2026-02-18,FO,NSE,STO,126576,,PIDILITIND,,2026-02-24,2026-02-24,1200.0,PE,PIDILITIND26FEB1200PE,0.0,0.0,0.0,2.5,2.5,2.5,1489.5,0.05,1500,0,0,0.0,0,F1,500,,,,,
2026-02-18,2026-02-18,FO,NSE,STO,150670,,PIDILITIND,,2026-04-28,2026-04-28,1320.0,CE,PIDILITIND26APR1320CE,0.0,0.0,0.0,159.35,0.0,159.35,1489.5,184.3,0,0,0,0.0,0,F1,500,,,,,
2026-02-18,2026-02-18,FO,NSE,STO,150689,,PIDILITIND,,2026-04-28,2026-04-28,1500.0,PE,PIDILITIND26APR1500PE,0.0,0.0,0.0,78.0,0.0,78.0,1489.5,38.95,0,0,0,0.0,0,F1,500,,,,,
2026-02-18,2026-02-18,FO,NSE,STO,152706,,PIDILITIND,,2026-03-30,2026-03-30,1620.0,PE,PIDILITIND26MAR1620PE,0.0,0.0,0.0,160.75,0.0,160.75,1489.5,123.35,0,0,0,0.0,0,F1,500,,,,,
2026-02-18,2026-02-18,FO,NSE,STO,152658,,PIDILITIND,,2026-03-30,2026-03-30,1560.0,PE,PIDILITIND26MAR1560PE,0.0,0.0,0.0,71.0,71.0,71.0,1489.5,71.6,2500,0,0,0.0,0,F1,500,,,,,
2026-02-18,2026-02-18,FO,NSE,STO,152476,,PIDILITIND,,2026-03-30,2026-03-30,1440.0,PE,PIDILITIND26MAR1440PE,0.0,0.0,0.0,18.0,18.0,18.0,1489.5,10.2,1500,0,0,0.0,0,F1,500,,,,,
2026-02-18,2026-02-18,FO,NSE,STO,152657,,PIDILITIND,,2026-03-30,2026-03-30,1560.0,CE,PIDILITIND26MAR1560CE,15.05,16.0,10.8,12.5,12.5,14.0,1489.5,12.5,26500,2500,23,18099300.0,23,F1,500,,,,,
2026-02-18,2026-02-18,FO,NSE,STO,126590,,PIDILITIND,,2026-02-24,2026-02-24,1480.0,PE,PIDILITIND26FEB1480PE,9.0,12.95,7.0,10.75,9.3,9.9,1489.5,10.75,70000,15000,123,91648100.0,89,F1,500,,,,,
2026-02-18,2026-02-18,FO,NSE,STO,126601,,PIDILITIND,,2026-02-24,2026-02-24,1720.0,CE,PIDILITIND26FEB1720CE,0.0,0.0,0.0,7.5,0.0,7.5,1489.5,0.05,0,0,0,0.0,0,F1,500,,,,,
2026-02-18,2026-02-18,FO,NSE,STO,151231,,PIDILITIND,,2026-02-24,2026-02-24,1620.0,CE,PIDILITIND26FEB1620CE,0.0,0.0,0.0,4.25,4.25,4.25,1489.5,0.05,1500,0,0,0.0,0,F1,500,,,,,
2026-02-18,2026-02-18,FO,NSE,STO,150651,,PIDILITIND,,2026-02-24,2026-02-24,1370.0,CE,PIDILITIND26FEB1370CE,0.0,0.0,0.0,107.25,0.0,107.25,1489.5,120.75,0,0,0,0.0,0,F1,500,,,,,
2026-02-18,2026-02-18,FO,NSE,STO,152426,,PIDILITIND,,2026-03-30,2026-03-30,1380.0,PE,PIDILITIND26MAR1380PE,0.0,0.0,0.0,23.9,0.0,23.9,1489.5,2.0,0,0,0,0.0,0,F1,500,,,,,
2026-02-18,2026-02-18,FO,NSE,STO,152418,,PIDILITIND,,2026-03-30,2026-03-30,1300.0,PE,PIDILITIND26MAR1300PE,0.0,0.0,0.0,2.95,2.95,2.95,1489.5,0.1,21500,0,0,0.0,0,F1,500,,,,,
2026-02-18,2026-02-18,FO,NSE,STO,126579,,PIDILITIND,,2026-02-24,2026-02-24,1280.0,CE,PIDILITIND26FEB1280CE,0.0,0.0,0.0,211.5,0.0,211.5,1489.5,210.65,0,0,0,0.0,0,F1,500,,,,,
2026-02-18,2026-02-18,FO,NSE,STO,150475,,PIDILITIND,,2026-03-30,2026-03-30,1450.0,PE,PIDILITIND26MAR1450PE,0.0,0.0,0.0,16.0,16.0,16.0,1489.5,12.75,1000,0,0,0.0,0,F1,500,,,,,
2026-02-18,2026-02-18,FO,NSE,STO,152356,,PIDILITIND,,2026-03-30,2026-03-30,1240.0,PE,PIDILITIND26MAR1240PE,0.0,0.0,0.0,2.9,0.0,2.9,1489.5,0.05,0,0,0,0.0,0,F1,500,,,,,
2026-02-18,2026-02-18,FO,NSE,STO,151108,,PIDILITIND,,2026-02-24,2026-02-24,1580.0,PE,PIDILITIND26FEB1580PE,0.0,0.0,0.0,126.5,0.0,126.5,1489.5,89.1,0,0,0,0.0,0,F1,500,,,,,
2026-02-18,2026-02-18,FO,NSE,STO,126584,,PIDILITIND,,2026-02-24,2026-02-24,1360.0,PE,PIDILITIND26FEB1360PE,0.65,0.7,0.65,0.65,0.65,0.7,1489.5,0.05,29500,500,10,6803400.0,8,F1,500,,,,,
2026-02-18,2026-02-18,FO,NSE,STO,150630,,PIDILITIND,,2026-02-24,2026-02-24,1220.0,PE,PIDILITIND26FEB1220PE,0.0,0.0,0.0,0.55,0.0,0.55,1489.5,0.05,0,0,0,0.0,0,F1,500,,,,,
2026-02-18,2026-02-18,FO,NSE,STO,126594,,PIDILITIND,,2026-02-24,2026-02-24,1560.0,PE,PIDILITIND26FEB1560PE,0.0,0.0,0.0,73.1,73.1,73.1,1489.5,69.25,8500,0,0,0.0,0,F1,500,,,,,
2026-02-18,2026-02-18,FO,NSE,STO,150702,,PIDILITIND,,2026-04-28,2026-04-28,1640.0,CE,PIDILITIND26APR1640CE,0.0,0.0,0.0,12.75,0.0,12.75,1489.5,5.7,0,0,0,0.0,0,F1,500,,,,,
2026-02-18,2026-02-18,FO,NSE,STO,150480,,PIDILITIND,,2026-03-30,2026-03-30,1510.0,CE,PIDILITIND26MAR1510CE,40.0,40.0,40.0,40.0,40.0,22.6,1489.5,26.3,1000,500,1,775000.0,1,F1,500,,,,,
2026-02-18,2026-02-18,FO,NSE,STO,150679,,PIDILITIND,,2026-04-28,2026-04-28,1400.0,PE,PIDILITIND26APR1400PE,0.0,0.0,0.0,31.7,0.0,31.7,1489.5,7.8,0,0,0,0.0,0,F1,500,,,,,
2026-02-18,2026-02-18,FO,NSE,STO,150667,,PIDILITIND,,2026-04-28,2026-04-28,1280.0,PE,PIDILITIND26APR1280PE,0.0,0.0,0.0,6.55,0.0,6.55,1489.5,0.35,0,0,0,0.0,0,F1,500,,,,,
2026-02-18,2026-02-18,FO,NSE,STO,150489,,PIDILITIND,,2026-03-30,2026-03-30,1590.0,PE,PIDILITIND26MAR1590PE,0.0,0.0,0.0,138.25,0.0,138.25,1489.5,96.35,0,0,0,0.0,0,F1,500,,,,,
2026-02-18,2026-02-18,FO,NSE,STO,126588,,PIDILITIND,,2026-02-24,2026-02-24,1440.0,PE,PIDILITIND26FEB1440PE,1.9,2.6,1.6,2.0,1.85,2.5,1489.5,2.0,90000,-11000,105,75707475.0,96,F1,500,,,,,
2026-02-18,2026-02-18,FO,NSE,STO,150639,,PIDILITIND,,2026-02-24,2026-02-24,1290.0,CE,PIDILITIND26FEB1290CE,0.0,0.0,0.0,175.85,0.0,175.85,1489.5,200.65,0,0,0,0.0,0,F1,500,,,,,
2026-02-18,2026-02-18,FO,NSE,STO,150978,,PIDILITIND,,2026-02-24,2026-02-24,1510.0,PE,PIDILITIND26FEB1510PE,0.0,0.0,0.0,28.0,28.0,28.0,1489.5,24.15,23500,0,0,0.0,0,F1,500,,,,,
2026-02-18,2026-02-18,FO,NSE,STO,126586,,PIDILITIND,,2026-02-24,2026-02-24,1400.0,PE,PIDILITIND26FEB1400PE,1.1,1.15,0.85,0.95,0.9,1.25,1489.5,0.95,180500,-13500,58,40628425.0,45,F1,500,,,,,
2026-02-18,2026-02-18,FO,NSE,STO,150735,,PIDILITIND,,2026-02-24,2026-02-24,1420.0,CE,PIDILITIND26FEB1420CE,0.0,0.0,0.0,61.6,61.6,61.6,1489.5,70.85,67500,0,0,0.0,0,F1,500,,,,,
2026-02-18,2026-02-18,FO,NSE,STO,150460,,PIDILITIND,,2026-03-30,2026-03-30,1310.0,CE,PIDILITIND26MAR1310CE,0.0,0.0,0.0,156.95,0.0,156.95,1489.5,187.5,0,0,0,0.0,0,F1,500,,,,,
2026-02-18,2026-02-18,FO,NSE,STO,152419,,PIDILITIND,,2026-03-30,2026-03-30,1320.0,CE,PIDILITIND26MAR1320CE,0.0,0.0,0.0,161.4,0.0,161.4,1489.5,177.65,0,0,0,0.0,0,F1,500,,,,,
2026-02-18,2026-02-18,FO,NSE,STO,150466,,PIDILITIND,,2026-03-30,2026-03-30,1370.0,CE,PIDILITIND26MAR1370CE,0.0,0.0,0.0,107.8,0.0,107.8,1489.5,129.15,0,0,0,0.0,0,F1,500,,,,,
2026-02-18,2026-02-18,FO,NSE,STO,150468,,PIDILITIND,,2026-03-30,2026-03-30,1390.0,CE,PIDILITIND26MAR1390CE,0.0,0.0,0.0,93.3,0.0,93.3,1489.5,110.55,0,0,0,0.0,0,F1,500,,,,,
2026-02-18,2026-02-18,FO,NSE,STO,152540,,PIDILITIND,,2026-03-30,2026-03-30,1520.0,CE,PIDILITIND26MAR1520CE,0.0,0.0,0.0,25.0,25.0,25.0,1489.5,22.25,2500,0,0,0.0,0,F1,500,,,,,
2026-02-18,2026-02-18,FO,NSE,STO,150482,,PIDILITIND,,2026-03-30,2026-03-30,1530.0,CE,PIDILITIND26MAR1530CE,0.0,0.0,0.0,22.0,22.0,22.0,1489.5,18.65,1000,0,0,0.0,0,F1,500,,,,,
2026-02-18,2026-02-18,FO,NSE,STO,150486,,PIDILITIND,,2026-03-30,2026-03-30,1570.0,CE,PIDILITIND26MAR1570CE,0.0,0.0,0.0,15.0,15.0,15.0,1489.5,8.5,2000,0,0,0.0,0,F1,500,,,,,
2026-02-18,2026-02-18,FO,NSE,STO,150674,,PIDILITIND,,2026-04-28,2026-04-28,1360.0,CE,PIDILITIND26APR1360CE,0.0,0.0,0.0,128.15,0.0,128.15,1489.5,146.8,0,0,0,0.0,0,F1,500,,,,,
2026-02-18,2026-02-18,FO,NSE,STO,150640,,PIDILITIND,,2026-02-24,2026-02-24,1290.0,PE,PIDILITIND26FEB1290PE,0.0,0.0,0.0,0.15,0.15,0.15,1489.5,0.05,10500,0,0,0.0,0,F1,500,,,,,
2026-02-18,2026-02-18,FO,NSE,STO,151030,,PIDILITIND,,2026-02-24,2026-02-24,1540.0,PE,PIDILITIND26FEB1540PE,46.45,57.0,45.35,56.5,56.0,54.75,1489.5,56.5,6500,0,11,8746850.0,11,F1,500,,,,,
2026-02-18,2026-02-18,FO,NSE,STO,152354,,PIDILITIND,,2026-03-30,2026-03-30,1220.0,PE,PIDILITIND26MAR1220PE,0.0,0.0,0.0,2.0,0.0,2.0,1489.5,0.05,0,0,0,0.0,0,F1,500,,,,,
2026-02-18,2026-02-18,FO,NSE,STO,150473,,PIDILITIND,,2026-03-30,2026-03-30,1430.0,PE,PIDILITIND26MAR1430PE,0.0,0.0,0.0,35.65,0.0,35.65,1489.5,8.05,0,0,0,0.0,0,F1,500,,,,,
2026-02-18,2026-02-18,FO,NSE,STO,152704,,PIDILITIND,,2026-03-30,2026-03-30,1600.0,PE,PIDILITIND26MAR1600PE,97.0,107.5,97.0,107.5,107.5,144.65,1489.5,105.15,18000,18000,36,30663500.0,13,F1,500,,,,,
2026-02-18,2026-02-18,FO,NSE,STO,152906,,PIDILITIND,,2026-03-30,2026-03-30,1700.0,PE,PIDILITIND26MAR1700PE,0.0,0.0,0.0,230.3,0.0,230.3,1489.5,200.55,0,0,0,0.0,0,F1,500,,,,,
2026-02-18,2026-02-18,FO,NSE,STO,150645,,PIDILITIND,,2026-02-24,2026-02-24,1330.0,CE,PIDILITIND26FEB1330CE,0.0,0.0,0.0,140.05,0.0,140.05,1489.5,160.7,0,0,0,0.0,0,F1,500,,,,,
2026-02-18,2026-02-18,FO,NSE,STO,126581,,PIDILITIND,,2026-02-24,2026-02-24,1320.0,CE,PIDILITIND26FEB1320CE,0.0,0.0,0.0,153.55,153.55,153.55,1489.5,170.7,1500,0,0,0.0,0,F1,500,,,,,
2026-02-18,2026-02-18,FO,NSE,STO,150635,,PIDILITIND,,2026-02-24,2026-02-24,1260.0,CE,PIDILITIND26FEB1260CE,0.0,0.0,0.0,204.05,0.0,204.05,1489.5,230.65,0,0,0,0.0,0,F1,500,,,,,
2026-02-18,2026-02-18,FO,NSE,STO,152754,,PIDILITIND,,2026-03-30,2026-03-30,1640.0,PE,PIDILITIND26MAR1640PE,0.0,0.0,0.0,177.45,0.0,177.45,1489.5,142.15,0,0,0,0.0,0,F1,500,,,,,
2026-02-18,2026-02-18,FO,NSE,STO,150491,,PIDILITIND,,2026-03-30,2026-03-30,1610.0,PE,PIDILITIND26MAR1610PE,0.0,0.0,0.0,155.2,0.0,155.2,1489.5,114.2,0,0,0,0.0,0,F1,500,,,,,
2026-02-18,2026-02-18,FO,NSE,STO,150487,,PIDILITIND,,2026-03-30,2026-03-30,1570.0,PE,PIDILITIND26MAR1570PE,0.0,0.0,0.0,122.0,0.0,122.0,1489.5,79.55,0,0,0,0.0,0,F1,500,,,,,
2026-02-18,2026-02-18,FO,NSE,STO,150477,,PIDILITIND,,2026-03-30,2026-03-30,1470.0,PE,PIDILITIND26MAR1470PE,0.0,0.0,0.0,54.55,0.0,54.55,1489.5,19.15,0,0,0,0.0,0,F1,500,,,,,
2026-02-18,2026-02-18,FO,NSE,STO,150463,,PIDILITIND,,2026-03-30,2026-03-30,1330.0,PE,PIDILITIND26MAR1330PE,0.0,0.0,0.0,8.65,0.0,8.65,1489.5,0.3,0,0,0,0.0,0,F1,500,,,,,
2026-02-18,2026-02-18,FO,NSE,STO,150768,,PIDILITIND,,2026-02-24,2026-02-24,1490.0,PE,PIDILITIND26FEB1490PE,13.0,17.3,10.55,16.0,14.1,13.95,1489.5,16.0,34000,500,125,93954150.0,105,F1,500,,,,,
2026-02-18,2026-02-18,FO,NSE,STO,150760,,PIDILITIND,,2026-02-24,2026-02-24,1430.0,PE,PIDILITIND26FEB1430PE,1.2,1.8,1.2,1.5,1.45,1.95,1489.5,1.5,164500,-2500,149,106648750.0,145,F1,500,,,,,
2026-02-18,2026-02-18,FO,NSE,STO,150479,,PIDILITIND,,2026-03-30,2026-03-30,1490.0,PE,PIDILITIND26MAR1490PE,0.0,0.0,0.0,40.0,40.0,40.0,1489.5,27.45,1000,0,0,0.0,0,F1,500,,,,,
2026-02-18,2026-02-18,FO,NSE,STO,150659,,PIDILITIND,,2026-04-28,2026-04-28,1200.0,PE,PIDILITIND26APR1200PE,0.0,0.0,0.0,1.55,0.0,1.55,1489.5,0.05,0,0,0,0.0,0,F1,500,,,,,
2026-02-18,2026-02-18,FO,NSE,STO,150669,,PIDILITIND,,2026-04-28,2026-04-28,1300.0,PE,PIDILITIND26APR1300PE,0.0,0.0,0.0,8.95,0.0,8.95,1489.5,0.65,0,0,0,0.0,0,F1,500,,,,,
2026-02-18,2026-02-18,FO,NSE,STO,150683,,PIDILITIND,,2026-04-28,2026-04-28,1440.0,PE,PIDILITIND26APR1440PE,0.0,0.0,0.0,47.2,0.0,47.2,1489.5,16.25,0,0,0,0.0,0,F1,500,,,,,
2026-02-18,2026-02-18,FO,NSE,STO,150685,,PIDILITIND,,2026-04-28,2026-04-28,1460.0,PE,PIDILITIND26APR1460PE,0.0,0.0,0.0,56.5,0.0,56.5,1489.5,22.35,0,0,0,0.0,0,F1,500,,,,,
2026-02-18,2026-02-18,FO,NSE,STO,150693,,PIDILITIND,,2026-04-28,2026-04-28,1540.0,PE,PIDILITIND26APR1540PE,0.0,0.0,0.0,103.4,0.0,103.4,1489.5,61.5,0,0,0,0.0,0,F1,500,,,,,
2026-02-18,2026-02-18,FO,NSE,STO,150697,,PIDILITIND,,2026-04-28,2026-04-28,1580.0,PE,PIDILITIND26APR1580PE,0.0,0.0,0.0,132.2,0.0,132.2,1489.5,89.45,0,0,0,0.0,0,F1,500,,,,,
2026-02-18,2026-02-18,FO,NSE,STO,150711,,PIDILITIND,,2026-04-28,2026-04-28,1720.0,PE,PIDILITIND26APR1720PE,0.0,0.0,0.0,251.6,0.0,251.6,1489.5,213.9,0,0,0,0.0,0,F1,500,,,,,
2026-02-18,2026-02-18,FO,NSE,STO,126580,,PIDILITIND,,2026-02-24,2026-02-24,1280.0,PE,PIDILITIND26FEB1280PE,0.0,0.0,0.0,0.2,0.2,0.2,1489.5,0.05,20500,0,0,0.0,0,F1,500,,,,,
2026-02-18,2026-02-18,FO,NSE,STO,150636,,PIDILITIND,,2026-02-24,2026-02-24,1260.0,PE,PIDILITIND26FEB1260PE,0.0,0.0,0.0,1.5,0.0,1.5,1489.5,0.05,0,0,0,0.0,0,F1,500,,,,,
2026-02-18,2026-02-18,FO,NSE,STO,150677,,PIDILITIND,,2026-04-28,2026-04-28,1380.0,PE,PIDILITIND26APR1380PE,0.0,0.0,0.0,25.45,0.0,25.45,1489.5,5.1,0,0,0,0.0,0,F1,500,,,,,
2026-02-18,2026-02-18,FO,NSE,STO,150707,,PIDILITIND,,2026-04-28,2026-04-28,1680.0,PE,PIDILITIND26APR1680PE,0.0,0.0,0.0,215.3,0.0,215.3,1489.5,175.85,0,0,0,0.0,0,F1,500,,,,,
2026-02-18,2026-02-18,FO,NSE,STO,150736,,PIDILITIND,,2026-02-24,2026-02-24,1420.0,PE,PIDILITIND26FEB1420PE,1.0,1.45,1.0,1.4,1.4,1.6,1489.5,1.4,100000,500,66,46903025.0,66,F1,500,,,,,
2026-02-18,2026-02-18,FO,NSE,STO,150762,,PIDILITIND,,2026-02-24,2026-02-24,1450.0,PE,PIDILITIND26FEB1450PE,2.85,3.85,2.2,3.15,2.8,3.45,1489.5,3.15,104000,-4500,84,61017425.0,80,F1,500,,,,,
2026-02-18,2026-02-18,FO,NSE,STO,151448,,PIDILITIND,,2026-02-24,2026-02-24,1700.0,PE,PIDILITIND26FEB1700PE,0.0,0.0,0.0,235.2,0.0,235.2,1489.5,208.95,0,0,0,0.0,0,F1,500,,,,,
2026-02-18,2026-02-18,FO,NSE,STO,150459,,PIDILITIND,,2026-03-30,2026-03-30,1290.0,PE,PIDILITIND26MAR1290PE,0.0,0.0,0.0,8.35,8.35,8.35,1489.5,0.05,1000,0,0,0.0,0,F1,500,,,,,
2026-02-18,2026-02-18,FO,NSE,STO,152420,,PIDILITIND,,2026-03-30,2026-03-30,1320.0,PE,PIDILITIND26MAR1320PE,2.5,2.55,2.5,2.55,2.55,10.95,1489.5,0.2,5000,5000,10,6612625.0,6,F1,500,,,,,
2026-02-18,2026-02-18,FO,NSE,STO,150469,,PIDILITIND,,2026-03-30,2026-03-30,1390.0,PE,PIDILITIND26MAR1390PE,0.0,0.0,0.0,8.0,8.0,8.0,1489.5,2.7,5500,0,0,0.0,0,F1,500,,,,,
2026-02-18,2026-02-18,FO,NSE,STO,150663,,PIDILITIND,,2026-04-28,2026-04-28,1240.0,PE,PIDILITIND26APR1240PE,0.0,0.0,0.0,3.3,0.0,3.3,1489.5,0.1,0,0,0,0.0,0,F1,500,,,,,
2026-02-18,2026-02-18,FO,NSE,STO,126585,,PIDILITIND,,2026-02-24,2026-02-24,1400.0,CE,PIDILITIND26FEB1400CE,91.0,91.5,85.0,87.65,90.55,89.1,1489.5,87.65,53500,-15500,39,29062500.0,10,F1,500,,,,,
2026-02-18,2026-02-18,FO,NSE,STO,150761,,PIDILITIND,,2026-02-24,2026-02-24,1450.0,CE,PIDILITIND26FEB1450CE,47.5,47.5,37.85,39.9,41.25,47.45,1489.5,39.9,74000,-2500,15,11181725.0,14,F1,500,,,,,
2026-02-18,2026-02-18,FO,NSE,STO,151033,,PIDILITIND,,2026-02-24,2026-02-24,1570.0,CE,PIDILITIND26FEB1570CE,0.6,0.95,0.55,0.55,0.55,1.45,1489.5,0.05,14500,-5000,12,9424325.0,11,F1,500,,,,,
2026-02-18,2026-02-18,FO,NSE,STO,126597,,PIDILITIND,,2026-02-24,2026-02-24,1640.0,CE,PIDILITIND26FEB1640CE,0.0,0.0,0.0,3.7,3.7,3.7,1489.5,0.05,500,0,0,0.0,0,F1,500,,,,,
2026-02-18,2026-02-18,FO,NSE,STO,152429,,PIDILITIND,,2026-03-30,2026-03-30,1420.0,CE,PIDILITIND26MAR1420CE,0.0,0.0,0.0,63.4,63.4,63.4,1489.5,84.3,500,0,0,0.0,0,F1,500,,,,,
2026-02-18,2026-02-18,FO,NSE,STO,152475,,PIDILITIND,,2026-03-30,2026-03-30,1440.0,CE,PIDILITIND26MAR1440CE,0.0,0.0,0.0,77.25,0.0,77.25,1489.5,68.35,0,0,0,0.0,0,F1,500,,,,,
2026-02-18,2026-02-18,FO,NSE,STO,150476,,PIDILITIND,,2026-03-30,2026-03-30,1470.0,CE,PIDILITIND26MAR1470CE,0.0,0.0,0.0,47.15,0.0,47.15,1489.5,47.45,0,0,0,0.0,0,F1,500,,,,,
2026-02-18,2026-02-18,FO,NSE,STO,152586,,PIDILITIND,,2026-03-30,2026-03-30,1540.0,CE,PIDILITIND26MAR1540CE,0.0,0.0,0.0,26.95,26.95,26.95,1489.5,15.55,2500,0,0,0.0,0,F1,500,,,,,
2026-02-18,2026-02-18,FO,NSE,STO,150658,,PIDILITIND,,2026-04-28,2026-04-28,1200.0,CE,PIDILITIND26APR1200CE,0.0,0.0,0.0,267.1,0.0,267.1,1489.5,301.95,0,0,0,0.0,0,F1,500,,,,,
2026-02-18,2026-02-18,FO,NSE,STO,150676,,PIDILITIND,,2026-04-28,2026-04-28,1380.0,CE,PIDILITIND26APR1380CE,0.0,0.0,0.0,113.75,0.0,113.75,1489.5,128.9,0,0,0,0.0,0,F1,500,,,,,
2026-02-18,2026-02-18,FO,NSE,STO,150686,,PIDILITIND,,2026-04-28,2026-04-28,1480.0,CE,PIDILITIND26APR1480CE,0.0,0.0,0.0,56.6,0.0,56.6,1489.5,54.7,0,0,0,0.0,0,F1,500,,,,,
2026-02-18,2026-02-18,FO,NSE,STO,150734,,PIDILITIND,,2026-02-24,2026-02-24,1410.0,PE,PIDILITIND26FEB1410PE,1.0,1.15,0.95,1.05,1.05,1.3,1489.5,1.05,31500,-4500,25,17637925.0,18,F1,500,,,,,
2026-02-18,2026-02-18,FO,NSE,STO,150675,,PIDILITIND,,2026-04-28,2026-04-28,1360.0,PE,PIDILITIND26APR1360PE,0.0,0.0,0.0,20.1,0.0,20.1,1489.5,3.25,0,0,0,0.0,0,F1,500,,,,,
2026-02-18,2026-02-18,FO,NSE,STO,150656,,PIDILITIND,,2026-02-24,2026-02-24,1390.0,PE,PIDILITIND26FEB1390PE,0.0,0.0,0.0,0.95,0.95,0.95,1489.5,0.05,12500,0,0,0.0,0,F1,500,,,,,
2026-02-18,2026-02-18,FO,NSE,STO,152422,,PIDILITIND,,2026-03-30,2026-03-30,1340.0,PE,PIDILITIND26MAR1340PE,0.0,0.0,0.0,0.2,0.2,0.2,1489.5,0.5,7000,0,0,0.0,0,F1,500,,,,,
2026-02-18,2026-02-18,FO,NSE,STO,152660,,PIDILITIND,,2026-03-30,2026-03-30,1580.0,PE,PIDILITIND26MAR1580PE,0.0,0.0,0.0,129.25,0.0,129.25,1489.5,87.8,0,0,0,0.0,0,F1,500,,,,,
2026-02-18,2026-02-18,FO,NSE,STO,150979,,PIDILITIND,,2026-02-24,2026-02-24,1530.0,CE,PIDILITIND26FEB1530CE,4.0,4.55,1.8,2.1,2.25,4.5,1489.5,2.1,42000,8000,90,68974025.0,68,F1,500,,,,,
2026-02-18,2026-02-18,FO,NSE,STO,152205,,PIDILITIND,,2026-03-30,2026-03-30,1200.0,CE,PIDILITIND26MAR1200CE,0.0,0.0,0.0,270.0,0.0,270.0,1489.5,296.7,0,0,0,0.0,0,F1,500,,,,,
2026-02-18,2026-02-18,FO,NSE,STO,152423,,PIDILITIND,,2026-03-30,2026-03-30,1360.0,CE,PIDILITIND26MAR1360CE,0.0,0.0,0.0,129.75,0.0,129.75,1489.5,138.7,0,0,0,0.0,0,F1,500,,,,,
2026-02-18,2026-02-18,FO,NSE,STO,150484,,PIDILITIND,,2026-03-30,2026-03-30,1550.0,CE,PIDILITIND26MAR1550CE,0.0,0.0,0.0,18.05,18.05,18.05,1489.5,12.8,2000,0,0,0.0,0,F1,500,,,,,
2026-02-18,2026-02-18,FO,NSE,STO,150666,,PIDILITIND,,2026-04-28,2026-04-28,1280.0,CE,PIDILITIND26APR1280CE,0.0,0.0,0.0,193.35,0.0,193.35,1489.5,223.05,0,0,0,0.0,0,F1,500,,,,,
2026-02-18,2026-02-18,FO,NSE,STO,150682,,PIDILITIND,,2026-04-28,2026-04-28,1440.0,CE,PIDILITIND26APR1440CE,0.0,0.0,0.0,76.45,0.0,76.45,1489.5,80.65,0,0,0,0.0,0,F1,500,,,,,
2026-02-18,2026-02-18,FO,NSE,STO,150688,,PIDILITIND,,2026-04-28,2026-04-28,1500.0,CE,PIDILITIND26APR1500CE,0.0,0.0,0.0,48.2,0.0,48.2,1489.5,43.95,0,0,0,0.0,0,F1,500,,,,,
2026-02-18,2026-02-18,FO,NSE,STO,150696,,PIDILITIND,,2026-04-28,2026-04-28,1580.0,CE,PIDILITIND26APR1580CE,0.0,0.0,0.0,23.6,0.0,23.6,1489.5,15.3,0,0,0,0.0,0,F1,500,,,,,
2026-02-18,2026-02-18,FO,NSE,STO,150706,,PIDILITIND,,2026-04-28,2026-04-28,1680.0,CE,PIDILITIND26APR1680CE,0.0,0.0,0.0,8.2,0.0,8.2,1489.5,2.7,0,0,0,0.0,0,F1,500,,,,,
2026-02-18,2026-02-18,FO,NSE,STO,150652,,PIDILITIND,,2026-02-24,2026-02-24,1370.0,PE,PIDILITIND26FEB1370PE,1.0,1.45,0.9,1.45,1.45,0.95,1489.5,1.45,45500,0,3,2056675.0,3,F1,500,,,,,
2026-02-18,2026-02-18,FO,NSE,STF,66969,,PIDILITIND,,2026-04-28,2026-04-28,,,PIDILITIND26APRFUT,1513.3,1513.3,1498.9,1507.2,1507.2,1506.0,1489.5,1507.2,16000,1000,6,4513700.0,6,F1,500,,,,,
2026-02-18,2026-02-18,FO,NSE,STO,150767,,PIDILITIND,,2026-02-24,2026-02-24,1490.0,CE,PIDILITIND26FEB1490CE,18.45,18.45,9.5,10.95,12.05,18.45,1489.5,10.95,69500,-3000,93,69909725.0,81,F1,500,,,,,
2026-02-18,2026-02-18,FO,NSE,STO,126593,,PIDILITIND,,2026-02-24,2026-02-24,1560.0,CE,PIDILITIND26FEB1560CE,1.65,1.65,0.65,0.7,0.7,1.65,1489.5,0.7,156000,-11500,84,65564800.0,66,F1,500,,,,,
2026-02-18,2026-02-18,FO,NSE,STO,151109,,PIDILITIND,,2026-02-24,2026-02-24,1590.0,CE,PIDILITIND26FEB1590CE,0.0,0.0,0.0,1.6,1.6,1.6,1489.5,0.05,37500,0,0,0.0,0,F1,500,,,,,
2026-02-18,2026-02-18,FO,NSE,STO,152359,,PIDILITIND,,2026-03-30,2026-03-30,1280.0,CE,PIDILITIND26MAR1280CE,0.0,0.0,0.0,195.75,0.0,195.75,1489.5,217.2,0,0,0,0.0,0,F1,500,,,,,
2026-02-18,2026-02-18,FO,NSE,STO,150474,,PIDILITIND,,2026-03-30,2026-03-30,1450.0,CE,PIDILITIND26MAR1450CE,0.0,0.0,0.0,60.0,60.0,60.0,1489.5,60.95,5000,0,0,0.0,0,F1,500,,,,,
2026-02-18,2026-02-18,FO,NSE,STO,152661,,PIDILITIND,,2026-03-30,2026-03-30,1600.0,CE,PIDILITIND26MAR1600CE,0.0,0.0,0.0,8.0,8.0,8.0,1489.5,4.3,1500,0,0,0.0,0,F1,500,,,,,
2026-02-18,2026-02-18,FO,NSE,STO,152813,,PIDILITIND,,2026-03-30,2026-03-30,1680.0,CE,PIDILITIND26MAR1680CE,2.65,2.65,2.65,2.65,2.65,8.05,1489.5,0.45,1000,1000,2,1682650.0,1,F1,500,,,,,
2026-02-18,2026-02-18,FO,NSE,STO,152907,,PIDILITIND,,2026-03-30,2026-03-30,1720.0,CE,PIDILITIND26MAR1720CE,0.0,0.0,0.0,5.0,0.0,5.0,1489.5,0.15,0,0,0,0.0,0,F1,500,,,,,
2026-02-18,2026-02-18,FO,NSE,STO,150609,,PIDILITIND,,2026-04-28,2026-04-28,1160.0,CE,PIDILITIND26APR1160CE,0.0,0.0,0.0,305.6,0.0,305.6,1489.5,341.5,0,0,0,0.0,0,F1,500,,,,,
2026-02-18,2026-02-18,FO,NSE,STO,126582,,PIDILITIND,,2026-02-24,2026-02-24,1320.0,PE,PIDILITIND26FEB1320PE,0.0,0.0,0.0,0.85,0.85,0.85,1489.5,0.05,17000,0,0,0.0,0,F1,500,,,,,
2026-02-18,2026-02-18,FO,NSE,STO,150764,,PIDILITIND,,2026-02-24,2026-02-24,1460.0,PE,PIDILITIND26FEB1460PE,4.5,5.55,3.1,4.65,4.2,4.95,1489.5,4.65,77000,-6000,71,51978800.0,69,F1,500,,,,,
2026-02-18,2026-02-18,FO,NSE,STO,151232,,PIDILITIND,,2026-02-24,2026-02-24,1620.0,PE,PIDILITIND26FEB1620PE,0.0,0.0,0.0,160.85,0.0,160.85,1489.5,129.05,0,0,0,0.0,0,F1,500,,,,,
2026-02-18,2026-02-18,FO,NSE,STO,152428,,PIDILITIND,,2026-03-30,2026-03-30,1400.0,PE,PIDILITIND26MAR1400PE,6.0,6.55,5.15,6.55,6.55,6.9,1489.5,3.65,21500,7500,32,22497975.0,24,F1,500,,,,,
2026-02-18,2026-02-18,FO,NSE,STO,152474,,PIDILITIND,,2026-03-30,2026-03-30,1420.0,PE,PIDILITIND26MAR1420PE,0.0,0.0,0.0,9.0,9.0,9.0,1489.5,6.25,3000,0,0,0.0,0,F1,500,,,,,
2026-02-18,2026-02-18,FO,NSE,STO,152537,,PIDILITIND,,2026-03-30,2026-03-30,1500.0,PE,PIDILITIND26MAR1500PE,34.0,37.0,30.5,36.0,36.0,34.0,1489.5,36.0,15000,6500,21,16098975.0,19,F1,500,,,,,
2026-02-18,2026-02-18,FO,NSE,STO,150691,,PIDILITIND,,2026-04-28,2026-04-28,1520.0,PE,PIDILITIND26APR1520PE,0.0,0.0,0.0,90.25,0.0,90.25,1489.5,49.5,0,0,0,0.0,0,F1,500,,,,,
2026-02-18,2026-02-18,FO,NSE,STO,150699,,PIDILITIND,,2026-04-28,2026-04-28,1600.0,PE,PIDILITIND26APR1600PE,0.0,0.0,0.0,147.65,0.0,147.65,1489.5,105.2,0,0,0,0.0,0,F1,500,,,,,
2026-02-18,2026-02-18,FO,NSE,STO,150701,,PIDILITIND,,2026-04-28,2026-04-28,1620.0,PE,PIDILITIND26APR1620PE,0.0,0.0,0.0,163.75,0.0,163.75,1489.5,121.85,0,0,0,0.0,0,F1,500,,,,,
2026-02-18,2026-02-18,FO,NSE,STO,150643,,PIDILITIND,,2026-02-24,2026-02-24,1310.0,CE,PIDILITIND26FEB1310CE,0.0,0.0,0.0,157.65,0.0,157.65,1489.5,180.7,0,0,0,0.0,0,F1,500,,,,,
2026-02-18,2026-02-18,FO,NSE,STO,126575,,PIDILITIND,,2026-02-24,2026-02-24,1200.0,CE,PIDILITIND26FEB1200CE,0.0,0.0,0.0,286.0,0.0,286.0,1489.5,290.6,0,0,0,0.0,0,F1,500,,,,,
2026-02-18,2026-02-18,FO,NSE,STF,59448,,PIDILITIND,,2026-02-24,2026-02-24,,,PIDILITIND26FEBFUT,1497.6,1501.7,1480.5,1485.3,1488.3,1494.1,1489.5,1485.3,7618500,-236000,1249,930406500.0,1170,F1,500,,,,,
2026-02-18,2026-02-18,FO,NSE,STO,150695,,PIDILITIND,,2026-04-28,2026-04-28,1560.0,PE,PIDILITIND26APR1560PE,0.0,0.0,0.0,117.35,0.0,117.35,1489.5,74.85,0,0,0,0.0,0,F1,500,,,,,
2026-02-18,2026-02-18,FO,NSE,STO,150673,,PIDILITIND,,2026-04-28,2026-04-28,1340.0,PE,PIDILITIND26APR1340PE,0.0,0.0,0.0,15.65,0.0,15.65,1489.5,1.95,0,0,0,0.0,0,F1,500,,,,,
2026-02-18,2026-02-18,FO,NSE,STO,150610,,PIDILITIND,,2026-04-28,2026-04-28,1160.0,PE,PIDILITIND26APR1160PE,0.0,0.0,0.0,0.65,0.0,0.65,1489.5,0.05,0,0,0,0.0,0,F1,500,,,,,
2026-02-18,2026-02-18,FO,NSE,STO,150485,,PIDILITIND,,2026-03-30,2026-03-30,1550.0,PE,PIDILITIND26MAR1550PE,0.0,0.0,0.0,106.55,0.0,106.55,1489.5,64.0,0,0,0,0.0,0,F1,500,,,,,
2026-02-18,2026-02-18,FO,NSE,STO,152478,,PIDILITIND,,2026-03-30,2026-03-30,1460.0,PE,PIDILITIND26MAR1460PE,0.0,0.0,0.0,24.45,24.45,24.45,1489.5,15.7,5000,0,0,0.0,0,F1,500,,,,,
2026-02-18,2026-02-18,FO,NSE,STO,151228,,PIDILITIND,,2026-02-24,2026-02-24,1590.0,PE,PIDILITIND26FEB1590PE,0.0,0.0,0.0,110.35,110.35,110.35,1489.5,99.05,1500,0,0,0.0,0,F1,500,,,,,
2026-02-18,2026-02-18,FO,NSE,STO,150980,,PIDILITIND,,2026-02-24,2026-02-24,1530.0,PE,PIDILITIND26FEB1530PE,0.0,0.0,0.0,45.5,45.5,45.5,1489.5,40.65,1500,0,0,0.0,0,F1,500,,,,,
2026-02-18,2026-02-18,FO,NSE,STO,126578,,PIDILITIND,,2026-02-24,2026-02-24,1240.0,PE,PIDILITIND26FEB1240PE,0.0,0.0,0.0,0.45,0.45,0.45,1489.5,0.05,5000,0,0,0.0,0,F1,500,,,,,
2026-02-18,2026-02-18,FO,NSE,STO,150690,,PIDILITIND,,2026-04-28,2026-04-28,1520.0,CE,PIDILITIND26APR1520CE,0.0,0.0,0.0,40.7,0.0,40.7,1489.5,34.7,0,0,0,0.0,0,F1,500,,,,,
2026-02-18,2026-02-18,FO,NSE,STO,150678,,PIDILITIND,,2026-04-28,2026-04-28,1400.0,CE,PIDILITIND26APR1400CE,0.0,0.0,0.0,100.35,0.0,100.35,1489.5,111.75,0,0,0,0.0,0,F1,500,,,,,
2026-02-18,2026-02-18,FO,NSE,STO,150490,,PIDILITIND,,2026-03-30,2026-03-30,1610.0,CE,PIDILITIND26MAR1610CE,0.0,0.0,0.0,7.45,7.45,7.45,1489.5,3.35,2000,0,0,0.0,0,F1,500,,,,,
2026-02-18,2026-02-18,FO,NSE,STO,150488,,PIDILITIND,,2026-03-30,2026-03-30,1590.0,CE,PIDILITIND26MAR1590CE,0.0,0.0,0.0,10.05,10.05,10.05,1489.5,5.45,1000,0,0,0.0,0,F1,500,,,,,
2026-02-18,2026-02-18,FO,NSE,STO,150464,,PIDILITIND,,2026-03-30,2026-03-30,1350.0,CE,PIDILITIND26MAR1350CE,0.0,0.0,0.0,123.35,0.0,123.35,1489.5,148.3,0,0,0,0.0,0,F1,500,,,,,
2026-02-18,2026-02-18,FO,NSE,STO,152421,,PIDILITIND,,2026-03-30,2026-03-30,1340.0,CE,PIDILITIND26MAR1340CE,0.0,0.0,0.0,145.2,0.0,145.2,1489.5,158.05,0,0,0,0.0,0,F1,500,,,,,
2026-02-18,2026-02-18,FO,NSE,STO,150462,,PIDILITIND,,2026-03-30,2026-03-30,1330.0,CE,PIDILITIND26MAR1330CE,0.0,0.0,0.0,139.75,0.0,139.75,1489.5,167.8,0,0,0,0.0,0,F1,500,,,,,
2026-02-18,2026-02-18,FO,NSE,STO,126595,,PIDILITIND,,2026-02-24,2026-02-24,1600.0,CE,PIDILITIND26FEB1600CE,0.6,0.7,0.35,0.45,0.45,0.8,1489.5,0.45,173000,-14500,65,52017575.0,49,F1,500,,,,,
2026-02-18,2026-02-18,FO,NSE,STO,150763,,PIDILITIND,,2026-02-24,2026-02-24,1460.0,CE,PIDILITIND26FEB1460CE,40.5,40.5,27.45,29.55,31.6,38.85,1489.5,29.55,58000,3000,14,10446875.0,14,F1,500,,,,,
2026-02-18,2026-02-18,FO,NSE,STO,126587,,PIDILITIND,,2026-02-24,2026-02-24,1440.0,CE,PIDILITIND26FEB1440CE,55.5,55.5,47.1,47.1,47.1,53.0,1489.5,51.35,110000,0,8,5964750.0,8,F1,500,,,,,
2026-02-18,2026-02-18,FO,NSE,STO,150657,,PIDILITIND,,2026-02-24,2026-02-24,1410.0,CE,PIDILITIND26FEB1410CE,0.0,0.0,0.0,85.95,85.95,85.95,1489.5,80.8,6000,0,0,0.0,0,F1,500,,,,,
2026-02-18,2026-02-18,FO,NSE,STO,150655,,PIDILITIND,,2026-02-24,2026-02-24,1390.0,CE,PIDILITIND26FEB1390CE,0.0,0.0,0.0,76.4,76.4,76.4,1489.5,100.75,2000,0,0,0.0,0,F1,500,,,,,
2026-02-18,2026-02-18,FO,NSE,STO,150671,,PIDILITIND,,2026-04-28,2026-04-28,1320.0,PE,PIDILITIND26APR1320PE,0.0,0.0,0.0,11.95,0.0,11.95,1489.5,1.15,0,0,0,0.0,0,F1,500,,,,,
2026-02-18,2026-02-18,FO,NSE,STO,150703,,PIDILITIND,,2026-04-28,2026-04-28,1640.0,PE,PIDILITIND26APR1640PE,0.0,0.0,0.0,180.45,0.0,180.45,1489.5,139.25,0,0,0,0.0,0,F1,500,,,,,
2026-02-18,2026-02-18,FO,NSE,STO,150737,,PIDILITIND,,2026-02-24,2026-02-24,1430.0,CE,PIDILITIND26FEB1430CE,0.0,0.0,0.0,66.6,66.6,66.6,1489.5,61.05,51500,0,0,0.0,0,F1,500,,,,,
2026-02-18,2026-02-18,FO,NSE,STO,152535,,PIDILITIND,,2026-03-30,2026-03-30,1500.0,CE,PIDILITIND26MAR1500CE,38.3,38.45,30.1,32.6,34.1,38.3,1489.5,32.6,20000,4000,40,30688375.0,35,F1,500,,,,,
2026-02-18,2026-02-18,FO,NSE,STO,152755,,PIDILITIND,,2026-03-30,2026-03-30,1660.0,CE,PIDILITIND26MAR1660CE,2.8,2.8,2.8,2.8,2.8,10.1,1489.5,0.85,1000,1000,2,1662800.0,1,F1,500,,,,,
2026-02-18,2026-02-18,FO,NSE,STO,150672,,PIDILITIND,,2026-04-28,2026-04-28,1340.0,CE,PIDILITIND26APR1340CE,0.0,0.0,0.0,143.35,0.0,143.35,1489.5,165.3,0,0,0,0.0,0,F1,500,,,,,
2026-02-18,2026-02-18,FO,NSE,STO,150684,,PIDILITIND,,2026-04-28,2026-04-28,1460.0,CE,PIDILITIND26APR1460CE,0.0,0.0,0.0,66.05,0.0,66.05,1489.5,66.95,0,0,0,0.0,0,F1,500,,,,,
2026-02-18,2026-02-18,FO,NSE,STO,150642,,PIDILITIND,,2026-02-24,2026-02-24,1300.0,PE,PIDILITIND26FEB1300PE,0.15,0.15,0.1,0.15,0.1,0.2,1489.5,0.15,125000,-500,2,1300125.0,2,F1,500,,,,,
2026-02-18,2026-02-18,FO,NSE,STO,126602,,PIDILITIND,,2026-02-24,2026-02-24,1720.0,PE,PIDILITIND26FEB1720PE,0.0,0.0,0.0,235.0,0.0,235.0,1489.5,228.95,0,0,0,0.0,0,F1,500,,,,,
2026-02-18,2026-02-18,FO,NSE,STO,151038,,PIDILITIND,,2026-02-24,2026-02-24,1570.0,PE,PIDILITIND26FEB1570PE,0.0,0.0,0.0,92.0,92.0,92.0,1489.5,79.15,1500,0,0,0.0,0,F1,500,,,,,
2026-02-18,2026-02-18,FO,NSE,STO,150650,,PIDILITIND,,2026-02-24,2026-02-24,1350.0,PE,PIDILITIND26FEB1350PE,1.1,1.1,0.6,0.6,0.6,0.75,1489.5,0.05,37500,-500,2,1350850.0,2,F1,500,,,,,
2026-02-18,2026-02-18,FO,NSE,STO,150646,,PIDILITIND,,2026-02-24,2026-02-24,1330.0,PE,PIDILITIND26FEB1330PE,0.0,0.0,0.0,1.0,1.0,1.0,1489.5,0.05,6500,0,0,0.0,0,F1,500,,,,,
2026-02-18,2026-02-18,FO,NSE,STO,150644,,PIDILITIND,,2026-02-24,2026-02-24,1310.0,PE,PIDILITIND26FEB1310PE,0.0,0.0,0.0,4.65,0.0,4.65,1489.5,0.05,0,0,0,0.0,0,F1,500,,,,,
2026-02-18,2026-02-18,FO,NSE,STF,52006,,PIDILITIND,,2026-03-30,2026-03-30,,,PIDILITIND26MARFUT,1503.8,1508.6,1490.5,1495.0,1497.0,1503.6,1489.5,1495.0,300500,160000,496,371918700.0,473,F1,500,,,,,
2026-02-18,2026-02-18,FO,NSE,STO,150641,,PIDILITIND,,2026-02-24,2026-02-24,1300.0,CE,PIDILITIND26FEB1300CE,0.0,0.0,0.0,166.65,0.0,166.65,1489.5,190.65,0,0,0,0.0,0,F1,500,,,,,
2026-02-18,2026-02-18,FO,NSE,STO,150972,,PIDILITIND,,2026-02-24,2026-02-24,1500.0,PE,PIDILITIND26FEB1500PE,18.6,26.0,15.05,20.1,19.85,18.9,1489.5,20.1,67000,-3500,72,54733650.0,63,F1,500,,,,,
2026-02-18,2026-02-18,FO,NSE,STO,150653,,PIDILITIND,,2026-02-24,2026-02-24,1380.0,CE,PIDILITIND26FEB1380CE,0.0,0.0,0.0,73.6,73.6,73.6,1489.5,110.75,2000,0,0,0.0,0,F1,500,,,,,
2026-02-18,2026-02-18,FO,NSE,STO,150765,,PIDILITIND,,2026-02-24,2026-02-24,1470.0,CE,PIDILITIND26FEB1470CE,24.6,26.35,20.85,22.95,23.65,31.7,1489.5,22.95,29000,-3500,19,14191250.0,18,F1,500,,,,,
2026-02-18,2026-02-18,FO,NSE,STO,151331,,PIDILITIND,,2026-02-24,2026-02-24,1660.0,CE,PIDILITIND26FEB1660CE,0.15,0.3,0.15,0.3,0.3,0.75,1489.5,0.05,4000,-1000,4,3320450.0,3,F1,500,,,,,
2026-02-18,2026-02-18,FO,NSE,STO,126599,,PIDILITIND,,2026-02-24,2026-02-24,1680.0,CE,PIDILITIND26FEB1680CE,0.0,0.0,0.0,11.55,0.0,11.55,1489.5,0.05,0,0,0,0.0,0,F1,500,,,,,
2026-02-18,2026-02-18,FO,NSE,STO,150458,,PIDILITIND,,2026-03-30,2026-03-30,1290.0,CE,PIDILITIND26MAR1290CE,0.0,0.0,0.0,174.8,0.0,174.8,1489.5,207.3,0,0,0,0.0,0,F1,500,,,,,
2026-02-18,2026-02-18,FO,NSE,STO,150478,,PIDILITIND,,2026-03-30,2026-03-30,1490.0,CE,PIDILITIND26MAR1490CE,0.0,0.0,0.0,35.0,35.0,35.0,1489.5,35.9,1000,0,0,0.0,0,F1,500,,,,,
2026-02-18,2026-02-18,FO,NSE,STO,152659,,PIDILITIND,,2026-03-30,2026-03-30,1580.0,CE,PIDILITIND26MAR1580CE,12.0,12.0,8.85,8.85,8.85,10.0,1489.5,6.8,3500,0,14,11128900.0,13,F1,500,,,,,
2026-02-18,2026-02-18,FO,NSE,STO,150662,,PIDILITIND,,2026-04-28,2026-04-28,1240.0,CE,PIDILITIND26APR1240CE,0.0,0.0,0.0,229.5,0.0,229.5,1489.5,262.4,0,0,0,0.0,0,F1,500,,,,,
2026-02-18,2026-02-18,FO,NSE,STO,150668,,PIDILITIND,,2026-04-28,2026-04-28,1300.0,CE,PIDILITIND26APR1300CE,0.0,0.0,0.0,176.05,0.0,176.05,1489.5,203.55,0,0,0,0.0,0,F1,500,,,,,
2026-02-18,2026-02-18,FO,NSE,STO,150694,,PIDILITIND,,2026-04-28,2026-04-28,1560.0,CE,PIDILITIND26APR1560CE,0.0,0.0,0.0,28.45,0.0,28.45,1489.5,20.5,0,0,0,0.0,0,F1,500,,,,,
2026-02-18,2026-02-18,FO,NSE,STO,150700,,PIDILITIND,,2026-04-28,2026-04-28,1620.0,CE,PIDILITIND26APR1620CE,0.0,0.0,0.0,15.75,0.0,15.75,1489.5,8.1,0,0,0,0.0,0,F1,500,,,,,
2026-02-18,2026-02-18,FO,NSE,STO,152541,,PIDILITIND,,2026-03-30,2026-03-30,1520.0,PE,PIDILITIND26MAR1520PE,0.0,0.0,0.0,87.5,0.0,87.5,1489.5,43.6,0,0,0,0.0,0,F1,500,,,,,
2026-02-18,2026-02-18,FO,NSE,STO,126583,,PIDILITIND,,2026-02-24,2026-02-24,1360.0,CE,PIDILITIND26FEB1360CE,0.0,0.0,0.0,133.0,133.0,133.0,1489.5,130.75,7500,0,0,0.0,0,F1,500,,,,,
2026-02-18,2026-02-18,FO,NSE,STO,150973,,PIDILITIND,,2026-02-24,2026-02-24,1510.0,CE,PIDILITIND26FEB1510CE,9.0,9.3,4.2,5.05,5.4,9.7,1489.5,5.05,36000,-3000,69,52347275.0,54,F1,500,,,,,
2026-02-18,2026-02-18,FO,NSE,STO,150769,,PIDILITIND,,2026-02-24,2026-02-24,1500.0,CE,PIDILITIND26FEB1500CE,15.4,16.5,6.35,7.35,8.0,13.45,1489.5,7.35,286500,-10500,825,623064600.0,703,F1,500,,,,,
2026-02-18,2026-02-18,FO,NSE,STO,126589,,PIDILITIND,,2026-02-24,2026-02-24,1480.0,CE,PIDILITIND26FEB1480CE,20.0,28.8,13.85,16.2,18.55,24.5,1489.5,16.2,96500,-7000,168,125991525.0,164,F1,500,,,,,
2026-02-18,2026-02-18,FO,NSE,STO,150647,,PIDILITIND,,2026-02-24,2026-02-24,1340.0,CE,PIDILITIND26FEB1340CE,0.0,0.0,0.0,131.5,0.0,131.5,1489.5,150.7,0,0,0,0.0,0,F1,500,,,,,
2026-02-18,2026-02-18,FO,NSE,STO,126577,,PIDILITIND,,2026-02-24,2026-02-24,1240.0,CE,PIDILITIND26FEB1240CE,0.0,0.0,0.0,248.15,0.0,248.15,1489.5,250.6,0,0,0,0.0,0,F1,500,,,,,
2026-02-18,2026-02-18,FO,NSE,STO,126591,,PIDILITIND,,2026-02-24,2026-02-24,1520.0,CE,PIDILITIND26FEB1520CE,6.85,6.85,2.6,3.05,3.3,6.85,1489.5,3.05,73500,-6500,167,127256550.0,160,F1,500,,,,,
2026-02-18,2026-02-18,FO,NSE,STO,152656,,PIDILITIND,,2026-03-30,2026-03-30,1540.0,PE,PIDILITIND26MAR1540PE,0.0,0.0,0.0,100.55,0.0,100.55,1489.5,56.75,0,0,0,0.0,0,F1,500,,,,,
2026-02-18,2026-02-18,FO,NSE,STO,151031,,PIDILITIND,,2026-02-24,2026-02-24,1550.0,CE,PIDILITIND26FEB1550CE,1.9,1.95,0.8,0.9,1.0,2.25,1489.5,0.9,159500,-7500,43,33353825.0,37,F1,500,,,,,
2026-02-18,2026-02-18,FO,NSE,STO,152477,,PIDILITIND,,2026-03-30,2026-03-30,1460.0,CE,PIDILITIND26MAR1460CE,0.0,0.0,0.0,66.65,0.0,66.65,1489.5,53.95,0,0,0,0.0,0,F1,500,,,,,
2026-02-18,2026-02-18,FO,NSE,STO,152707,,PIDILITIND,,2026-03-30,2026-03-30,1640.0,CE,PIDILITIND26MAR1640CE,0.0,0.0,0.0,12.6,0.0,12.6,1489.5,1.5,0,0,0,0.0,0,F1,500,,,,,
2026-02-18,2026-02-18,FO,NSE,STO,150680,,PIDILITIND,,2026-04-28,2026-04-28,1420.0,CE,PIDILITIND26APR1420CE,0.0,0.0,0.0,87.9,0.0,87.9,1489.5,95.6,0,0,0,0.0,0,F1,500,,,,,
2026-02-18,2026-02-18,FO,NSE,STO,150698,,PIDILITIND,,2026-04-28,2026-04-28,1600.0,CE,PIDILITIND26APR1600CE,0.0,0.0,0.0,19.35,0.0,19.35,1489.5,11.25,0,0,0,0.0,0,F1,500,,,,,
2026-02-18,2026-02-18,FO,NSE,STO,150710,,PIDILITIND,,2026-04-28,2026-04-28,1720.0,CE,PIDILITIND26APR1720CE,0.0,0.0,0.0,5.15,0.0,5.15,1489.5,1.2,0,0,0,0.0,0,F1,500,,,,,
2026-02-18,2026-02-18,FO,NSE,STO,150648,,PIDILITIND,,2026-02-24,2026-02-24,1340.0,PE,PIDILITIND26FEB1340PE,0.6,0.8,0.6,0.8,0.8,0.7,1489.5,0.05,40500,-500,3,2011100.0,2,F1,500,,,,,
2026-02-18,2026-02-18,FO,NSE,STO,150766,,PIDILITIND,,2026-02-24,2026-02-24,1470.0,PE,PIDILITIND26FEB1470PE,7.15,8.25,4.55,7.25,6.15,7.0,1489.5,7.25,59500,7000,77,56832700.0,75,F1,500,,,,,
2026-02-18,2026-02-18,FO,NSE,STO,126596,,PIDILITIND,,2026-02-24,2026-02-24,1600.0,PE,PIDILITIND26FEB1600PE,103.0,117.05,103.0,115.7,112.25,109.4,1489.5,115.7,8500,-8500,49,41946500.0,21,F1,500,,,,,
2026-02-18,2026-02-18,FO,NSE,STO,126600,,PIDILITIND,,2026-02-24,2026-02-24,1680.0,PE,PIDILITIND26FEB1680PE,0.0,0.0,0.0,220.0,220.0,220.0,1489.5,189.0,1000,0,0,0.0,0,F1,500,,,,,
2026-02-18,2026-02-18,FO,NSE,STO,134606,,SBIN,,2026-02-24,2026-02-24,1180.0,PE,SBIN26FEB1180PE,4.0,4.7,2.3,2.6,2.5,5.0,1218.9,2.6,3518250,43500,6593,5849900550.0,4139,F1,750,,,,,
2026-02-18,2026-02-18,FO,NSE,STO,158221,,SBIN,,2026-03-30,2026-03-30,870.0,PE,SBIN26MAR870PE,0.0,0.0,0.0,8.4,0.0,8.4,1218.9,0.05,0,0,0,0.0,0,F1,750,,,,,
2026-02-18,2026-02-18,FO,NSE,STO,158223,,SBIN,,2026-03-30,2026-03-30,880.0,PE,SBIN26MAR880PE,0.0,0.0,0.0,10.1,0.0,10.1,1218.9,0.05,0,0,0,0.0,0,F1,750,,,,,
2026-02-18,2026-02-18,FO,NSE,STO,158227,,SBIN,,2026-03-30,2026-03-30,900.0,PE,SBIN26MAR900PE,1.0,1.0,0.8,0.8,0.8,1.05,1218.9,0.8,120750,4500,12,8108025.0,10,F1,750,,,,,
2026-02-18,2026-02-18,FO,NSE,STO,42037,,SBIN,,2026-02-24,2026-02-24,1185.0,PE,SBIN26FEB1185PE,5.35,5.95,2.9,3.25,3.15,6.05,1218.9,3.25,1011000,28500,3369,3004182937.5,1738,F1,750,,,,,
2026-02-18,2026-02-18,FO,NSE,STO,158157,,SBIN,,2026-02-24,2026-02-24,1105.0,PE,SBIN26FEB1105PE,0.6,0.6,0.45,0.5,0.55,0.85,1218.9,0.5,444000,10500,216,179090700.0,144,F1,750,,,,,
2026-02-18,2026-02-18,FO,NSE,STO,158117,,SBIN,,2026-02-24,2026-02-24,905.0,PE,SBIN26FEB905PE,0.2,0.2,0.2,0.2,0.2,0.2,1218.9,0.05,31500,18750,30,20367000.0,3,F1,750,,,,,
2026-02-18,2026-02-18,FO,NSE,STO,57219,,SBIN,,2026-04-28,2026-04-28,1270.0,CE,SBIN26APR1270CE,0.0,0.0,0.0,21.25,0.0,21.25,1218.9,32.25,0,0,0,0.0,0,F1,750,,,,,
2026-02-18,2026-02-18,FO,NSE,STO,167332,,SBIN,,2026-04-28,2026-04-28,1010.0,CE,SBIN26APR1010CE,0.0,0.0,0.0,84.2,0.0,84.2,1218.9,220.25,0,0,0,0.0,0,F1,750,,,,,
2026-02-18,2026-02-18,FO,NSE,STO,167326,,SBIN,,2026-04-28,2026-04-28,980.0,CE,SBIN26APR980CE,0.0,0.0,0.0,105.05,0.0,105.05,1218.9,249.4,0,0,0,0.0,0,F1,750,,,,,
2026-02-18,2026-02-18,FO,NSE,STO,167320,,SBIN,,2026-04-28,2026-04-28,950.0,CE,SBIN26APR950CE,0.0,0.0,0.0,128.2,0.0,128.2,1218.9,278.85,0,0,0,0.0,0,F1,750,,,,,
2026-02-18,2026-02-18,FO,NSE,STO,158254,,SBIN,,2026-03-30,2026-03-30,1040.0,CE,SBIN26MAR1040CE,0.0,0.0,0.0,180.0,180.0,180.0,1218.9,185.6,41250,0,0,0.0,0,F1,750,,,,,
2026-02-18,2026-02-18,FO,NSE,STO,167210,,SBIN,,2026-03-30,2026-03-30,955.0,CE,SBIN26MAR955CE,0.0,0.0,0.0,115.25,0.0,115.25,1218.9,269.65,0,0,0,0.0,0,F1,750,,,,,
2026-02-18,2026-02-18,FO,NSE,STO,158230,,SBIN,,2026-03-30,2026-03-30,920.0,CE,SBIN26MAR920CE,0.0,0.0,0.0,86.6,0.0,86.6,1218.9,304.45,0,0,0,0.0,0,F1,750,,,,,
2026-02-18,2026-02-18,FO,NSE,STO,158172,,SBIN,,2026-02-24,2026-02-24,1210.0,CE,SBIN26FEB1210CE,15.45,18.6,12.4,14.35,14.5,14.15,1218.9,14.35,2197500,-316500,9202,8456436075.0,7666,F1,750,,,,,
2026-02-18,2026-02-18,FO,NSE,STO,158170,,SBIN,,2026-02-24,2026-02-24,1190.0,CE,SBIN26FEB1190CE,27.15,32.0,24.6,27.85,28.15,25.65,1218.9,27.85,1173750,-89250,1100,1005137062.5,1022,F1,750,,,,,
2026-02-18,2026-02-18,FO,NSE,STO,38316,,SBIN,,2026-02-24,2026-02-24,1165.0,CE,SBIN26FEB1165CE,50.3,52.7,47.5,50.45,50.45,45.45,1218.9,50.45,306750,-8250,48,43786162.5,36,F1,750,,,,,
2026-02-18,2026-02-18,FO,NSE,STO,158140,,SBIN,,2026-02-24,2026-02-24,1025.0,CE,SBIN26FEB1025CE,189.5,191.0,186.0,186.0,186.0,158.75,1218.9,194.85,153000,0,7,6375600.0,7,F1,750,,,,,
2026-02-18,2026-02-18,FO,NSE,STO,158134,,SBIN,,2026-02-24,2026-02-24,995.0,CE,SBIN26FEB995CE,0.0,0.0,0.0,172.65,172.65,172.65,1218.9,224.8,89250,0,0,0.0,0,F1,750,,,,,
2026-02-18,2026-02-18,FO,NSE,STO,134226,,SBIN,,2026-02-24,2026-02-24,930.0,CE,SBIN26FEB930CE,0.0,0.0,0.0,237.0,237.0,237.0,1218.9,289.75,5250,0,0,0.0,0,F1,750,,,,,
2026-02-18,2026-02-18,FO,NSE,STO,167307,,SBIN,,2026-04-28,2026-04-28,880.0,PE,SBIN26APR880PE,0.0,0.0,0.0,2.65,0.0,2.65,1218.9,0.05,0,0,0,0.0,0,F1,750,,,,,
2026-02-18,2026-02-18,FO,NSE,STO,167277,,SBIN,,2026-03-30,2026-03-30,1330.0,PE,SBIN26MAR1330PE,0.0,0.0,0.0,263.5,0.0,263.5,1218.9,110.0,0,0,0,0.0,0,F1,750,,,,,
2026-02-18,2026-02-18,FO,NSE,STO,57191,,SBIN,,2026-03-30,2026-03-30,1275.0,PE,SBIN26MAR1275PE,0.0,0.0,0.0,128.3,0.0,128.3,1218.9,66.5,0,0,0,0.0,0,F1,750,,,,,
2026-02-18,2026-02-18,FO,NSE,STO,167271,,SBIN,,2026-03-30,2026-03-30,1270.0,PE,SBIN26MAR1270PE,68.15,69.0,65.0,65.95,65.95,72.5,1218.9,65.95,40500,12750,23,23059087.5,16,F1,750,,,,,
2026-02-18,2026-02-18,FO,NSE,STO,167269,,SBIN,,2026-03-30,2026-03-30,1250.0,PE,SBIN26MAR1250PE,57.2,57.7,50.5,51.65,51.8,57.7,1218.9,51.65,163500,59250,161,157402800.0,116,F1,750,,,,,
2026-02-18,2026-02-18,FO,NSE,STO,37616,,SBIN,,2026-03-30,2026-03-30,1245.0,PE,SBIN26MAR1245PE,50.05,50.05,47.05,47.05,47.05,51.25,1218.9,47.0,750,0,2,1940325.0,2,F1,750,,,,,
2026-02-18,2026-02-18,FO,NSE,STO,167259,,SBIN,,2026-03-30,2026-03-30,1195.0,PE,SBIN26MAR1195PE,27.05,28.0,23.75,24.35,24.45,28.6,1218.9,24.35,199500,6000,28,25628550.0,28,F1,750,,,,,
2026-02-18,2026-02-18,FO,NSE,STO,42045,,SBIN,,2026-03-30,2026-03-30,1190.0,PE,SBIN26MAR1190PE,25.25,25.65,21.9,22.45,22.3,26.6,1218.9,22.45,260250,40500,200,182056650.0,176,F1,750,,,,,
2026-02-18,2026-02-18,FO,NSE,STO,158281,,SBIN,,2026-03-30,2026-03-30,1180.0,PE,SBIN26MAR1180PE,22.05,22.8,18.6,19.25,18.9,23.1,1218.9,19.25,1054500,65250,774,696603975.0,574,F1,750,,,,,
2026-02-18,2026-02-18,FO,NSE,STO,167225,,SBIN,,2026-03-30,2026-03-30,1025.0,PE,SBIN26MAR1025PE,0.0,0.0,0.0,24.7,0.0,24.7,1218.9,0.25,0,0,0,0.0,0,F1,750,,,,,
2026-02-18,2026-02-18,FO,NSE,STO,134616,,SBIN,,2026-02-24,2026-02-24,1280.0,PE,SBIN26FEB1280PE,0.0,0.0,0.0,278.45,0.0,278.45,1218.9,60.7,0,0,0,0.0,0,F1,750,,,,,
2026-02-18,2026-02-18,FO,NSE,STO,49084,,SBIN,,2026-02-24,2026-02-24,1205.0,PE,SBIN26FEB1205PE,10.6,12.35,7.5,8.3,8.0,13.2,1218.9,8.3,543750,21750,4690,4271516625.0,3665,F1,750,,,,,
2026-02-18,2026-02-18,FO,NSE,STO,158282,,SBIN,,2026-03-30,2026-03-30,1200.0,CE,SBIN26MAR1200CE,47.95,52.0,44.5,47.2,47.5,46.9,1218.9,47.2,1518750,72750,954,893099850.0,763,F1,750,,,,,
2026-02-18,2026-02-18,FO,NSE,STO,158286,,SBIN,,2026-03-30,2026-03-30,1240.0,CE,SBIN26MAR1240CE,26.0,30.7,25.0,26.9,27.0,27.45,1218.9,26.9,422250,90750,860,817712212.5,639,F1,750,,,,,
2026-02-18,2026-02-18,FO,NSE,STO,158290,,SBIN,,2026-03-30,2026-03-30,1280.0,CE,SBIN26MAR1280CE,15.95,17.35,13.3,14.35,14.2,15.4,1218.9,14.35,220500,40500,287,278763487.5,221,F1,750,,,,,
2026-02-18,2026-02-18,FO,NSE,STO,167340,,SBIN,,2026-04-28,2026-04-28,1050.0,CE,SBIN26APR1050CE,0.0,0.0,0.0,60.65,0.0,60.65,1218.9,182.3,0,0,0,0.0,0,F1,750,,,,,
2026-02-18,2026-02-18,FO,NSE,STO,167350,,SBIN,,2026-04-28,2026-04-28,1100.0,CE,SBIN26APR1100CE,139.65,139.65,139.65,139.65,139.65,129.8,1218.9,137.5,16500,0,2,1859475.0,1,F1,750,,,,,
2026-02-18,2026-02-18,FO,NSE,STO,167368,,SBIN,,2026-04-28,2026-04-28,1190.0,CE,SBIN26APR1190CE,0.0,0.0,0.0,14.05,0.0,14.05,1218.9,70.75,0,0,0,0.0,0,F1,750,,,,,
2026-02-18,2026-02-18,FO,NSE,STO,158113,,SBIN,,2026-02-24,2026-02-24,885.0,PE,SBIN26FEB885PE,0.0,0.0,0.0,6.15,0.0,6.15,1218.9,0.05,0,0,0,0.0,0,F1,750,,,,,
2026-02-18,2026-02-18,FO,NSE,STO,134259,,SBIN,,2026-02-24,2026-02-24,990.0,PE,SBIN26FEB990PE,0.2,0.2,0.1,0.15,0.1,0.2,1218.9,0.15,801000,-18750,138,102477825.0,45,F1,750,,,,,
2026-02-18,2026-02-18,FO,NSE,STO,134265,,SBIN,,2026-02-24,2026-02-24,1020.0,PE,SBIN26FEB1020PE,0.2,0.25,0.2,0.2,0.2,0.35,1218.9,0.2,621000,-87750,311,237968512.5,129,F1,750,,,,,
2026-02-18,2026-02-18,FO,NSE,STO,134271,,SBIN,,2026-02-24,2026-02-24,1050.0,PE,SBIN26FEB1050PE,0.35,0.35,0.2,0.25,0.2,0.45,1218.9,0.25,2378250,-633750,3081,2426961225.0,522,F1,750,,,,,
2026-02-18,2026-02-18,FO,NSE,STO,158151,,SBIN,,2026-02-24,2026-02-24,1075.0,PE,SBIN26FEB1075PE,0.4,0.4,0.2,0.25,0.2,0.45,1218.9,0.25,276000,-5250,35,28226212.5,27,F1,750,,,,,
2026-02-18,2026-02-18,FO,NSE,STO,158171,,SBIN,,2026-02-24,2026-02-24,1190.0,PE,SBIN26FEB1190PE,6.7,7.3,3.65,4.1,3.95,7.5,1218.9,4.1,2205000,-80250,9895,8866969425.0,5952,F1,750,,,,,
2026-02-18,2026-02-18,FO,NSE,STO,167248,,SBIN,,2026-03-30,2026-03-30,1145.0,CE,SBIN26MAR1145CE,0.0,0.0,0.0,71.2,71.2,71.2,1218.9,89.55,11250,0,0,0.0,0,F1,750,,,,,
2026-02-18,2026-02-18,FO,NSE,STO,158274,,SBIN,,2026-03-30,2026-03-30,1140.0,CE,SBIN26MAR1140CE,93.1,93.1,90.0,90.0,90.0,93.1,1218.9,93.6,138750,-3750,8,7386262.5,7,F1,750,,,,,
2026-02-18,2026-02-18,FO,NSE,STO,134615,,SBIN,,2026-02-24,2026-02-24,1280.0,CE,SBIN26FEB1280CE,1.4,1.5,0.7,0.9,0.95,1.4,1218.9,0.9,1034250,147000,2242,2154019387.5,1314,F1,750,,,,,
2026-02-18,2026-02-18,FO,NSE,STO,51142,,SBIN,,2026-02-24,2026-02-24,1215.0,CE,SBIN26FEB1215CE,13.6,15.9,10.2,11.95,11.85,11.95,1218.9,11.95,1562250,-35250,9704,8935935225.0,8465,F1,750,,,,,
2026-02-18,2026-02-18,FO,NSE,STO,49083,,SBIN,,2026-02-24,2026-02-24,1205.0,CE,SBIN26FEB1205CE,19.2,21.55,14.9,17.2,17.05,16.45,1218.9,17.2,973500,-249000,3414,3132090487.5,3174,F1,750,,,,,
2026-02-18,2026-02-18,FO,NSE,STO,134264,,SBIN,,2026-02-24,2026-02-24,1020.0,CE,SBIN26FEB1020CE,195.15,195.95,190.0,191.85,191.85,189.7,1218.9,199.8,624000,-6000,23,20937262.5,22,F1,750,,,,,
2026-02-18,2026-02-18,FO,NSE,STO,134262,,SBIN,,2026-02-24,2026-02-24,1010.0,CE,SBIN26FEB1010CE,0.0,0.0,0.0,205.15,205.15,205.15,1218.9,209.8,285000,0,0,0.0,0,F1,750,,,,,
2026-02-18,2026-02-18,FO,NSE,STO,134222,,SBIN,,2026-02-24,2026-02-24,910.0,CE,SBIN26FEB910CE,0.0,0.0,0.0,133.45,133.45,133.45,1218.9,309.7,9750,0,0,0.0,0,F1,750,,,,,
2026-02-18,2026-02-18,FO,NSE,STO,134212,,SBIN,,2026-02-24,2026-02-24,860.0,CE,SBIN26FEB860CE,0.0,0.0,0.0,350.0,350.0,350.0,1218.9,359.7,69750,0,0,0.0,0,F1,750,,,,,
2026-02-18,2026-02-18,FO,NSE,STO,40820,,SBIN,,2026-02-24,2026-02-24,1255.0,PE,SBIN26FEB1255PE,46.45,46.45,43.1,43.3,43.3,44.3,1218.9,38.15,11250,3000,6,5847562.5,6,F1,750,,,,,
2026-02-18,2026-02-18,FO,NSE,STO,158181,,SBIN,,2026-02-24,2026-02-24,1290.0,PE,SBIN26FEB1290PE,0.0,0.0,0.0,304.7,0.0,304.7,1218.9,70.35,0,0,0,0.0,0,F1,750,,,,,
2026-02-18,2026-02-18,FO,NSE,STO,134620,,SBIN,,2026-02-24,2026-02-24,1320.0,PE,SBIN26FEB1320PE,0.0,0.0,0.0,113.3,113.3,113.3,1218.9,99.95,750,0,0,0.0,0,F1,750,,,,,
2026-02-18,2026-02-18,FO,NSE,STO,158185,,SBIN,,2026-02-24,2026-02-24,1330.0,PE,SBIN26FEB1330PE,0.0,0.0,0.0,344.3,0.0,344.3,1218.9,109.9,0,0,0,0.0,0,F1,750,,,,,
2026-02-18,2026-02-18,FO,NSE,STO,167209,,SBIN,,2026-03-30,2026-03-30,945.0,PE,SBIN26MAR945PE,0.0,0.0,0.0,5.75,0.0,5.75,1218.9,0.05,0,0,0,0.0,0,F1,750,,,,,
2026-02-18,2026-02-18,FO,NSE,STO,167219,,SBIN,,2026-03-30,2026-03-30,995.0,PE,SBIN26MAR995PE,0.0,0.0,0.0,15.3,0.0,15.3,1218.9,0.05,0,0,0,0.0,0,F1,750,,,,,
2026-02-18,2026-02-18,FO,NSE,STO,158255,,SBIN,,2026-03-30,2026-03-30,1040.0,PE,SBIN26MAR1040PE,3.1,3.1,2.65,2.75,2.8,3.45,1218.9,2.75,90000,3000,42,32850375.0,35,F1,750,,,,,
2026-02-18,2026-02-18,FO,NSE,STO,167229,,SBIN,,2026-03-30,2026-03-30,1045.0,PE,SBIN26MAR1045PE,0.0,0.0,0.0,32.8,0.0,32.8,1218.9,0.5,0,0,0,0.0,0,F1,750,,,,,
2026-02-18,2026-02-18,FO,NSE,STO,158261,,SBIN,,2026-03-30,2026-03-30,1070.0,PE,SBIN26MAR1070PE,4.2,4.2,3.7,3.7,3.7,4.8,1218.9,1.2,80250,-7500,44,35439262.5,40,F1,750,,,,,
2026-02-18,2026-02-18,FO,NSE,STO,158269,,SBIN,,2026-03-30,2026-03-30,1110.0,PE,SBIN26MAR1110PE,7.0,7.25,6.25,6.25,6.25,8.1,1218.9,3.8,102750,36000,65,54440850.0,41,F1,750,,,,,
2026-02-18,2026-02-18,FO,NSE,STO,158275,,SBIN,,2026-03-30,2026-03-30,1140.0,PE,SBIN26MAR1140PE,13.0,13.0,10.0,10.35,10.05,12.75,1218.9,10.35,444000,24000,318,274455150.0,209,F1,750,,,,,
2026-02-18,2026-02-18,FO,NSE,STO,167251,,SBIN,,2026-03-30,2026-03-30,1155.0,PE,SBIN26MAR1155PE,15.0,15.0,12.5,12.9,12.8,15.05,1218.9,12.9,67500,8250,41,35952562.5,34,F1,750,,,,,
2026-02-18,2026-02-18,FO,NSE,STO,167355,,SBIN,,2026-04-28,2026-04-28,1120.0,PE,SBIN26APR1120PE,0.0,0.0,0.0,80.65,0.0,80.65,1218.9,10.35,0,0,0,0.0,0,F1,750,,,,,
2026-02-18,2026-02-18,FO,NSE,STO,167375,,SBIN,,2026-04-28,2026-04-28,1220.0,PE,SBIN26APR1220PE,0.0,0.0,0.0,157.8,0.0,157.8,1218.9,42.4,0,0,0,0.0,0,F1,750,,,,,
2026-02-18,2026-02-18,FO,NSE,STO,158278,,SBIN,,2026-03-30,2026-03-30,1160.0,CE,SBIN26MAR1160CE,78.0,78.0,71.1,76.0,76.0,73.55,1218.9,76.0,136500,-3750,18,16674150.0,11,F1,750,,,,,
2026-02-18,2026-02-18,FO,NSE,STO,158121,,SBIN,,2026-02-24,2026-02-24,925.0,PE,SBIN26FEB925PE,0.0,0.0,0.0,0.3,0.3,0.3,1218.9,0.05,49500,0,0,0.0,0,F1,750,,,,,
2026-02-18,2026-02-18,FO,NSE,STO,134263,,SBIN,,2026-02-24,2026-02-24,1010.0,PE,SBIN26FEB1010PE,0.2,0.2,0.15,0.15,0.15,0.3,1218.9,0.05,469500,-26250,72,54550762.5,26,F1,750,,,,,
2026-02-18,2026-02-18,FO,NSE,STO,167345,,SBIN,,2026-04-28,2026-04-28,1070.0,PE,SBIN26APR1070PE,0.0,0.0,0.0,51.15,0.0,51.15,1218.9,3.95,0,0,0,0.0,0,F1,750,,,,,
2026-02-18,2026-02-18,FO,NSE,STO,167315,,SBIN,,2026-04-28,2026-04-28,920.0,PE,SBIN26APR920PE,0.0,0.0,0.0,6.1,0.0,6.1,1218.9,0.05,0,0,0,0.0,0,F1,750,,,,,
2026-02-18,2026-02-18,FO,NSE,STO,167311,,SBIN,,2026-04-28,2026-04-28,900.0,PE,SBIN26APR900PE,0.0,0.0,0.0,4.1,0.0,4.1,1218.9,0.05,0,0,0,0.0,0,F1,750,,,,,
2026-02-18,2026-02-18,FO,NSE,STO,158287,,SBIN,,2026-03-30,2026-03-30,1240.0,PE,SBIN26MAR1240PE,48.25,50.0,44.6,45.5,45.05,51.6,1218.9,45.5,113250,30000,114,110013075.0,95,F1,750,,,,,
2026-02-18,2026-02-18,FO,NSE,STO,167265,,SBIN,,2026-03-30,2026-03-30,1225.0,PE,SBIN26MAR1225PE,40.3,41.0,36.25,37.0,36.75,43.25,1218.9,37.0,208500,28500,270,256003837.5,204,F1,750,,,,,
2026-02-18,2026-02-18,FO,NSE,STO,158169,,SBIN,,2026-02-24,2026-02-24,1170.0,PE,SBIN26FEB1170PE,2.8,3.15,1.5,1.7,1.7,3.45,1218.9,1.7,2064750,-165000,5056,4444210500.0,2733,F1,750,,,,,
2026-02-18,2026-02-18,FO,NSE,STO,134229,,SBIN,,2026-02-24,2026-02-24,940.0,PE,SBIN26FEB940PE,0.2,0.2,0.1,0.15,0.15,0.25,1218.9,0.15,180750,-3750,92,64870762.5,43,F1,750,,,,,
2026-02-18,2026-02-18,FO,NSE,STO,167364,,SBIN,,2026-04-28,2026-04-28,1170.0,CE,SBIN26APR1170CE,0.0,0.0,0.0,17.8,0.0,17.8,1218.9,83.6,0,0,0,0.0,0,F1,750,,,,,
2026-02-18,2026-02-18,FO,NSE,STO,167263,,SBIN,,2026-03-30,2026-03-30,1215.0,PE,SBIN26MAR1215PE,35.95,35.95,32.0,32.55,32.35,37.45,1218.9,32.55,123000,20250,118,110553937.5,86,F1,750,,,,,
2026-02-18,2026-02-18,FO,NSE,STO,167377,,SBIN,,2026-04-28,2026-04-28,1230.0,PE,SBIN26APR1230PE,0.0,0.0,0.0,166.5,0.0,166.5,1218.9,47.3,0,0,0,0.0,0,F1,750,,,,,
2026-02-18,2026-02-18,FO,NSE,STO,167371,,SBIN,,2026-04-28,2026-04-28,1200.0,PE,SBIN26APR1200PE,36.9,38.0,33.6,35.05,35.2,37.25,1218.9,35.05,117000,101250,176,163242712.5,174,F1,750,,,,,
2026-02-18,2026-02-18,FO,NSE,STO,158271,,SBIN,,2026-03-30,2026-03-30,1120.0,PE,SBIN26MAR1120PE,13.15,13.15,7.15,7.25,7.25,9.4,1218.9,7.25,975000,218250,660,558224100.0,351,F1,750,,,,,
2026-02-18,2026-02-18,FO,NSE,STF,59466,,SBIN,,2026-02-24,2026-02-24,,,SBIN26FEBFUT,1212.5,1218.9,1209.1,1214.6,1214.3,1208.8,1218.9,1214.6,56478000,-2094000,16962,15443040225.0,13683,F1,750,,,,,
2026-02-18,2026-02-18,FO,NSE,STO,134244,,SBIN,,2026-02-24,2026-02-24,960.0,CE,SBIN26FEB960CE,254.0,254.0,254.0,254.0,254.0,249.5,1218.9,259.75,125250,-1500,2,1821000.0,1,F1,750,,,,,
2026-02-18,2026-02-18,FO,NSE,STO,158132,,SBIN,,2026-02-24,2026-02-24,985.0,CE,SBIN26FEB985CE,0.0,0.0,0.0,180.0,180.0,180.0,1218.9,234.8,32250,0,0,0.0,0,F1,750,,,,,
2026-02-18,2026-02-18,FO,NSE,STO,134607,,SBIN,,2026-02-24,2026-02-24,1200.0,CE,SBIN26FEB1200CE,22.0,24.95,17.75,20.4,20.5,19.4,1218.9,20.4,3297750,-451500,7340,6722113837.5,5949,F1,750,,,,,
2026-02-18,2026-02-18,FO,NSE,STO,167180,,SBIN,,2026-02-24,2026-02-24,1235.0,CE,SBIN26FEB1235CE,6.05,7.85,4.4,5.2,5.2,5.65,1218.9,5.2,639000,3750,18999,17681719612.5,8196,F1,750,,,,,
2026-02-18,2026-02-18,FO,NSE,STO,37609,,SBIN,,2026-02-24,2026-02-24,1245.0,CE,SBIN26FEB1245CE,4.45,5.25,2.8,3.35,3.4,3.9,1218.9,3.35,375750,38250,10166,9521915962.5,5220,F1,750,,,,,
2026-02-18,2026-02-18,FO,NSE,STO,158176,,SBIN,,2026-02-24,2026-02-24,1250.0,CE,SBIN26FEB1250CE,3.65,4.4,2.2,2.7,2.7,3.3,1218.9,2.7,3143250,346500,17698,16634146912.5,10020,F1,750,,,,,
2026-02-18,2026-02-18,FO,NSE,STO,40819,,SBIN,,2026-02-24,2026-02-24,1255.0,CE,SBIN26FEB1255CE,3.3,3.5,1.75,2.15,2.15,2.85,1218.9,2.15,459750,42000,2059,1942017375.0,1239,F1,750,,,,,
2026-02-18,2026-02-18,FO,NSE,STO,167196,,SBIN,,2026-03-30,2026-03-30,885.0,CE,SBIN26MAR885CE,0.0,0.0,0.0,178.65,0.0,178.65,1218.9,339.2,0,0,0,0.0,0,F1,750,,,,,
2026-02-18,2026-02-18,FO,NSE,STO,158226,,SBIN,,2026-03-30,2026-03-30,900.0,CE,SBIN26MAR900CE,314.15,319.0,314.15,317.95,319.0,101.05,1218.9,317.95,18000,18000,24,21918600.0,21,F1,750,,,,,
2026-02-18,2026-02-18,FO,NSE,STO,167204,,SBIN,,2026-03-30,2026-03-30,925.0,CE,SBIN26MAR925CE,0.0,0.0,0.0,141.45,0.0,141.45,1218.9,299.45,0,0,0,0.0,0,F1,750,,,,,
2026-02-18,2026-02-18,FO,NSE,STO,167214,,SBIN,,2026-03-30,2026-03-30,975.0,CE,SBIN26MAR975CE,0.0,0.0,0.0,240.0,240.0,240.0,1218.9,249.8,1500,0,0,0.0,0,F1,750,,,,,
2026-02-18,2026-02-18,FO,NSE,STO,158256,,SBIN,,2026-03-30,2026-03-30,1050.0,CE,SBIN26MAR1050CE,173.0,176.6,169.65,175.0,175.0,169.7,1218.9,175.0,200250,-1500,12,10999762.5,12,F1,750,,,,,
2026-02-18,2026-02-18,FO,NSE,STO,167230,,SBIN,,2026-03-30,2026-03-30,1055.0,CE,SBIN26MAR1055CE,0.0,0.0,0.0,68.8,68.8,68.8,1218.9,170.95,0,0,0,0.0,0,F1,750,,,,,
2026-02-18,2026-02-18,FO,NSE,STO,158260,,SBIN,,2026-03-30,2026-03-30,1070.0,CE,SBIN26MAR1070CE,150.0,150.5,150.0,150.5,150.5,160.0,1218.9,156.55,21000,-750,2,1830375.0,2,F1,750,,,,,
2026-02-18,2026-02-18,FO,NSE,STO,158129,,SBIN,,2026-02-24,2026-02-24,965.0,PE,SBIN26FEB965PE,0.2,0.2,0.15,0.15,0.15,0.3,1218.9,0.05,47250,-11250,15,10858125.0,11,F1,750,,,,,
2026-02-18,2026-02-18,FO,NSE,STO,158153,,SBIN,,2026-02-24,2026-02-24,1085.0,PE,SBIN26FEB1085PE,0.4,0.4,0.25,0.3,0.3,0.5,1218.9,0.3,210750,-69000,210,170935875.0,139,F1,750,,,,,
2026-02-18,2026-02-18,FO,NSE,STO,40788,,SBIN,,2026-02-24,2026-02-24,1175.0,PE,SBIN26FEB1175PE,3.7,3.95,1.85,2.1,2.05,4.05,1218.9,2.1,829500,40500,1762,1556107875.0,900,F1,750,,,,,
2026-02-18,2026-02-18,FO,NSE,STO,158179,,SBIN,,2026-02-24,2026-02-24,1270.0,PE,SBIN26FEB1270PE,59.0,60.7,54.75,56.1,56.1,62.7,1218.9,51.35,15000,6000,28,27877762.5,27,F1,750,,,,,
2026-02-18,2026-02-18,FO,NSE,STO,37610,,SBIN,,2026-02-24,2026-02-24,1245.0,PE,SBIN26FEB1245PE,34.35,37.3,32.5,33.25,33.25,39.95,1218.9,30.15,16500,750,8,7674000.0,8,F1,750,,,,,
2026-02-18,2026-02-18,FO,NSE,STO,134610,,SBIN,,2026-02-24,2026-02-24,1220.0,PE,SBIN26FEB1220PE,19.85,20.5,14.6,15.8,15.7,21.65,1218.9,15.8,1387500,342750,11888,11029632562.5,9437,F1,750,,,,,
2026-02-18,2026-02-18,FO,NSE,STO,158173,,SBIN,,2026-02-24,2026-02-24,1210.0,PE,SBIN26FEB1210PE,16.15,16.15,9.45,10.4,10.1,15.55,1218.9,10.4,1210500,27750,8887,8143346025.0,7148,F1,750,,,,,
2026-02-18,2026-02-18,FO,NSE,STO,39344,,SBIN,,2026-04-28,2026-04-28,1250.0,CE,SBIN26APR1250CE,38.0,40.0,37.35,37.55,37.35,38.5,1218.9,37.55,43500,3750,27,26087962.5,27,F1,750,,,,,
2026-02-18,2026-02-18,FO,NSE,STO,167380,,SBIN,,2026-04-28,2026-04-28,1260.0,CE,SBIN26APR1260CE,0.0,0.0,0.0,5.65,0.0,5.65,1218.9,35.95,0,0,0,0.0,0,F1,750,,,,,
2026-02-18,2026-02-18,FO,NSE,STO,167336,,SBIN,,2026-04-28,2026-04-28,1030.0,CE,SBIN26APR1030CE,0.0,0.0,0.0,71.8,0.0,71.8,1218.9,201.1,0,0,0,0.0,0,F1,750,,,,,
2026-02-18,2026-02-18,FO,NSE,STO,167318,,SBIN,,2026-04-28,2026-04-28,940.0,CE,SBIN26APR940CE,0.0,0.0,0.0,136.35,0.0,136.35,1218.9,288.7,0,0,0,0.0,0,F1,750,,,,,
2026-02-18,2026-02-18,FO,NSE,STO,167270,,SBIN,,2026-03-30,2026-03-30,1270.0,CE,SBIN26MAR1270CE,18.35,20.0,15.6,16.8,16.65,17.95,1218.9,16.8,518250,51000,671,647807587.5,500,F1,750,,,,,
2026-02-18,2026-02-18,FO,NSE,STO,167260,,SBIN,,2026-03-30,2026-03-30,1205.0,CE,SBIN26MAR1205CE,43.5,46.05,42.7,44.1,44.05,43.5,1218.9,44.1,56250,3000,19,17798887.5,19,F1,750,,,,,
2026-02-18,2026-02-18,FO,NSE,STO,167246,,SBIN,,2026-03-30,2026-03-30,1135.0,CE,SBIN26MAR1135CE,0.0,0.0,0.0,100.0,100.0,100.0,1218.9,97.75,750,0,0,0.0,0,F1,750,,,,,
2026-02-18,2026-02-18,FO,NSE,STO,167358,,SBIN,,2026-04-28,2026-04-28,1140.0,CE,SBIN26APR1140CE,0.0,0.0,0.0,25.0,0.0,25.0,1218.9,105.15,0,0,0,0.0,0,F1,750,,,,,
2026-02-18,2026-02-18,FO,NSE,STO,167247,,SBIN,,2026-03-30,2026-03-30,1135.0,PE,SBIN26MAR1135PE,9.95,10.65,9.2,9.3,9.3,11.6,1218.9,7.0,37500,-3750,11,9446700.0,11,F1,750,,,,,
2026-02-18,2026-02-18,FO,NSE,STO,167241,,SBIN,,2026-03-30,2026-03-30,1105.0,PE,SBIN26MAR1105PE,6.6,6.6,5.95,5.95,5.95,7.15,1218.9,3.35,20250,3750,9,7501462.5,9,F1,750,,,,,
2026-02-18,2026-02-18,FO,NSE,STO,158253,,SBIN,,2026-03-30,2026-03-30,1030.0,PE,SBIN26MAR1030PE,2.5,2.5,2.5,2.5,2.5,3.15,1218.9,0.3,54750,1500,3,2323125.0,3,F1,750,,,,,
2026-02-18,2026-02-18,FO,NSE,STO,134618,,SBIN,,2026-02-24,2026-02-24,1300.0,PE,SBIN26FEB1300PE,93.05,93.05,84.7,86.6,86.6,90.6,1218.9,86.6,20250,3750,11,11447737.5,10,F1,750,,,,,
2026-02-18,2026-02-18,FO,NSE,STO,51143,,SBIN,,2026-02-24,2026-02-24,1215.0,PE,SBIN26FEB1215PE,17.5,17.55,11.85,12.95,12.85,18.45,1218.9,12.95,750750,238500,6978,6434027437.5,5820,F1,750,,,,,
2026-02-18,2026-02-18,FO,NSE,STO,158141,,SBIN,,2026-02-24,2026-02-24,1025.0,PE,SBIN26FEB1025PE,0.25,0.3,0.2,0.25,0.25,0.35,1218.9,0.05,182250,-12000,41,31526175.0,29,F1,750,,,,,
2026-02-18,2026-02-18,FO,NSE,STO,158137,,SBIN,,2026-02-24,2026-02-24,1005.0,PE,SBIN26FEB1005PE,0.15,0.2,0.15,0.15,0.15,0.25,1218.9,0.05,64500,-18000,28,21108900.0,19,F1,750,,,,,
2026-02-18,2026-02-18,FO,NSE,STO,158123,,SBIN,,2026-02-24,2026-02-24,935.0,PE,SBIN26FEB935PE,0.4,0.4,0.15,0.15,0.15,0.45,1218.9,0.05,45000,-1500,3,2104275.0,3,F1,750,,,,,
2026-02-18,2026-02-18,FO,NSE,STO,167372,,SBIN,,2026-04-28,2026-04-28,1210.0,CE,SBIN26APR1210CE,0.0,0.0,0.0,10.95,0.0,10.95,1218.9,59.2,0,0,0,0.0,0,F1,750,,,,,
2026-02-18,2026-02-18,FO,NSE,STO,167344,,SBIN,,2026-04-28,2026-04-28,1070.0,CE,SBIN26APR1070CE,0.0,0.0,0.0,50.7,0.0,50.7,1218.9,163.9,0,0,0,0.0,0,F1,750,,,,,
2026-02-18,2026-02-18,FO,NSE,STO,167314,,SBIN,,2026-04-28,2026-04-28,920.0,CE,SBIN26APR920CE,0.0,0.0,0.0,153.35,0.0,153.35,1218.9,308.45,0,0,0,0.0,0,F1,750,,,,,
2026-02-18,2026-02-18,FO,NSE,STO,167312,,SBIN,,2026-04-28,2026-04-28,910.0,CE,SBIN26APR910CE,0.0,0.0,0.0,162.1,0.0,162.1,1218.9,318.35,0,0,0,0.0,0,F1,750,,,,,
2026-02-18,2026-02-18,FO,NSE,STO,167308,,SBIN,,2026-04-28,2026-04-28,890.0,CE,SBIN26APR890CE,0.0,0.0,0.0,180.1,0.0,180.1,1218.9,338.1,0,0,0,0.0,0,F1,750,,,,,
2026-02-18,2026-02-18,FO,NSE,STO,167276,,SBIN,,2026-03-30,2026-03-30,1330.0,CE,SBIN26MAR1330CE,7.75,8.5,5.7,6.3,6.4,7.7,1218.9,6.3,347250,164250,679,680865975.0,514,F1,750,,,,,
2026-02-18,2026-02-18,FO,NSE,STO,64456,,SBIN,,2026-03-30,2026-03-30,1230.0,CE,SBIN26MAR1230CE,33.5,35.35,29.25,31.4,31.65,31.4,1218.9,31.4,480000,93750,325,307604625.0,289,F1,750,,,,,
2026-02-18,2026-02-18,FO,NSE,STO,167264,,SBIN,,2026-03-30,2026-03-30,1225.0,CE,SBIN26MAR1225CE,34.8,37.95,31.75,33.55,34.0,33.9,1218.9,33.55,325500,191250,568,537116250.0,326,F1,750,,,,,
2026-02-18,2026-02-18,FO,NSE,STO,167256,,SBIN,,2026-03-30,2026-03-30,1185.0,CE,SBIN26MAR1185CE,56.75,56.75,56.75,56.75,56.75,55.45,1218.9,60.2,51750,0,1,931312.5,1,F1,750,,,,,
2026-02-18,2026-02-18,FO,NSE,STO,167242,,SBIN,,2026-03-30,2026-03-30,1115.0,CE,SBIN26MAR1115CE,0.0,0.0,0.0,22.5,0.0,22.5,1218.9,114.95,0,0,0,0.0,0,F1,750,,,,,
2026-02-18,2026-02-18,FO,NSE,STO,167240,,SBIN,,2026-03-30,2026-03-30,1105.0,CE,SBIN26MAR1105CE,0.0,0.0,0.0,25.65,0.0,25.65,1218.9,123.9,0,0,0,0.0,0,F1,750,,,,,
2026-02-18,2026-02-18,FO,NSE,STO,167220,,SBIN,,2026-03-30,2026-03-30,1005.0,CE,SBIN26MAR1005CE,215.0,215.0,215.0,215.0,215.0,76.7,1218.9,220.05,750,750,1,915000.0,1,F1,750,,,,,
2026-02-18,2026-02-18,FO,NSE,STO,158240,,SBIN,,2026-03-30,2026-03-30,970.0,CE,SBIN26MAR970CE,0.0,0.0,0.0,114.0,114.0,114.0,1218.9,254.75,11250,0,0,0.0,0,F1,750,,,,,
2026-02-18,2026-02-18,FO,NSE,STO,57220,,SBIN,,2026-04-28,2026-04-28,1270.0,PE,SBIN26APR1270PE,0.0,0.0,0.0,127.9,0.0,127.9,1218.9,70.2,0,0,0,0.0,0,F1,750,,,,,
2026-02-18,2026-02-18,FO,NSE,STO,39345,,SBIN,,2026-04-28,2026-04-28,1250.0,PE,SBIN26APR1250PE,0.0,0.0,0.0,172.65,0.0,172.65,1218.9,58.15,0,0,0,0.0,0,F1,750,,,,,
2026-02-18,2026-02-18,FO,NSE,STO,167323,,SBIN,,2026-04-28,2026-04-28,960.0,PE,SBIN26APR960PE,0.0,0.0,0.0,12.35,0.0,12.35,1218.9,0.2,0,0,0,0.0,0,F1,750,,,,,
2026-02-18,2026-02-18,FO,NSE,STO,167321,,SBIN,,2026-04-28,2026-04-28,950.0,PE,SBIN26APR950PE,0.0,0.0,0.0,10.5,0.0,10.5,1218.9,0.15,0,0,0,0.0,0,F1,750,,,,,
2026-02-18,2026-02-18,FO,NSE,STO,167261,,SBIN,,2026-03-30,2026-03-30,1205.0,PE,SBIN26MAR1205PE,32.4,32.4,27.5,27.8,28.1,33.4,1218.9,27.8,114750,27000,51,47226150.0,50,F1,750,,,,,
2026-02-18,2026-02-18,FO,NSE,STO,167208,,SBIN,,2026-03-30,2026-03-30,945.0,CE,SBIN26MAR945CE,0.0,0.0,0.0,123.75,0.0,123.75,1218.9,279.6,0,0,0,0.0,0,F1,750,,,,,
2026-02-18,2026-02-18,FO,NSE,STO,134619,,SBIN,,2026-02-24,2026-02-24,1320.0,CE,SBIN26FEB1320CE,0.7,0.7,0.35,0.45,0.5,0.7,1218.9,0.45,558000,-49500,554,548656687.5,320,F1,750,,,,,
2026-02-18,2026-02-18,FO,NSE,STO,134613,,SBIN,,2026-02-24,2026-02-24,1260.0,CE,SBIN26FEB1260CE,2.6,2.9,1.4,1.75,1.75,2.35,1218.9,1.75,2557500,-30000,4818,4560348337.5,2864,F1,750,,,,,
2026-02-18,2026-02-18,FO,NSE,STO,158162,,SBIN,,2026-02-24,2026-02-24,1135.0,CE,SBIN26FEB1135CE,81.8,82.0,78.3,78.85,79.2,73.0,1218.9,78.85,481500,-2250,10,9111637.5,9,F1,750,,,,,
2026-02-18,2026-02-18,FO,NSE,STO,158150,,SBIN,,2026-02-24,2026-02-24,1075.0,CE,SBIN26FEB1075CE,138.0,140.6,135.7,138.35,138.35,132.7,1218.9,144.85,450750,-2250,12,10914900.0,11,F1,750,,,,,
2026-02-18,2026-02-18,FO,NSE,STO,158122,,SBIN,,2026-02-24,2026-02-24,935.0,CE,SBIN26FEB935CE,0.0,0.0,0.0,64.55,0.0,64.55,1218.9,284.75,0,0,0,0.0,0,F1,750,,,,,
2026-02-18,2026-02-18,FO,NSE,STO,134218,,SBIN,,2026-02-24,2026-02-24,890.0,CE,SBIN26FEB890CE,352.75,352.75,323.0,324.0,324.0,295.6,1218.9,324.0,12000,-3750,24,21895612.5,11,F1,750,,,,,
2026-02-18,2026-02-18,FO,NSE,STO,167373,,SBIN,,2026-04-28,2026-04-28,1210.0,PE,SBIN26APR1210PE,0.0,0.0,0.0,149.3,0.0,149.3,1218.9,37.8,0,0,0,0.0,0,F1,750,,,,,
2026-02-18,2026-02-18,FO,NSE,STO,167343,,SBIN,,2026-04-28,2026-04-28,1060.0,PE,SBIN26APR1060PE,5.6,5.6,5.6,5.6,5.6,6.75,1218.9,5.6,750,-750,1,799200.0,1,F1,750,,,,,
2026-02-18,2026-02-18,FO,NSE,STO,158277,,SBIN,,2026-03-30,2026-03-30,1150.0,PE,SBIN26MAR1150PE,14.05,14.75,11.45,12.0,11.9,14.7,1218.9,12.0,2610000,235500,1644,1433943187.5,939,F1,750,,,,,
2026-02-18,2026-02-18,FO,NSE,STO,167245,,SBIN,,2026-03-30,2026-03-30,1125.0,PE,SBIN26MAR1125PE,8.55,8.6,7.8,7.95,7.95,10.2,1218.9,5.55,43500,3750,23,19549537.5,17,F1,750,,,,,
2026-02-18,2026-02-18,FO,NSE,STO,167239,,SBIN,,2026-03-30,2026-03-30,1095.0,PE,SBIN26MAR1095PE,5.5,5.55,5.0,5.25,5.25,6.2,1218.9,5.25,20250,6750,13,10728562.5,11,F1,750,,,,,
2026-02-18,2026-02-18,FO,NSE,STO,158257,,SBIN,,2026-03-30,2026-03-30,1050.0,PE,SBIN26MAR1050PE,3.85,3.95,2.95,3.05,3.05,3.85,1218.9,3.05,610500,-6000,135,106642087.5,117,F1,750,,,,,
2026-02-18,2026-02-18,FO,NSE,STO,167203,,SBIN,,2026-03-30,2026-03-30,915.0,PE,SBIN26MAR915PE,0.0,0.0,0.0,2.8,0.0,2.8,1218.9,0.05,0,0,0,0.0,0,F1,750,,,,,
2026-02-18,2026-02-18,FO,NSE,STO,167197,,SBIN,,2026-03-30,2026-03-30,885.0,PE,SBIN26MAR885PE,0.0,0.0,0.0,1.25,0.0,1.25,1218.9,0.05,0,0,0,0.0,0,F1,750,,,,,
2026-02-18,2026-02-18,FO,NSE,STO,158133,,SBIN,,2026-02-24,2026-02-24,985.0,PE,SBIN26FEB985PE,0.25,0.25,0.15,0.15,0.15,0.3,1218.9,0.15,89250,3000,29,21427612.5,28,F1,750,,,,,
2026-02-18,2026-02-18,FO,NSE,STO,158161,,SBIN,,2026-02-24,2026-02-24,1125.0,PE,SBIN26FEB1125PE,0.8,0.9,0.55,0.6,0.55,1.05,1218.9,0.6,936750,-137250,718,606165900.0,330,F1,750,,,,,
2026-02-18,2026-02-18,FO,NSE,STO,158163,,SBIN,,2026-02-24,2026-02-24,1135.0,PE,SBIN26FEB1135PE,1.3,1.3,0.6,0.65,0.65,1.3,1218.9,0.65,1428750,-14250,702,597982275.0,392,F1,750,,,,,
2026-02-18,2026-02-18,FO,NSE,STO,158165,,SBIN,,2026-02-24,2026-02-24,1145.0,PE,SBIN26FEB1145PE,1.3,1.3,0.8,0.85,0.85,1.6,1218.9,0.85,735750,24000,627,538889400.0,411,F1,750,,,,,
2026-02-18,2026-02-18,FO,NSE,STO,38317,,SBIN,,2026-02-24,2026-02-24,1165.0,PE,SBIN26FEB1165PE,2.45,2.5,1.25,1.4,1.3,2.8,1218.9,1.4,1011000,120750,855,748112025.0,519,F1,750,,,,,
2026-02-18,2026-02-18,FO,NSE,STO,43875,,SBIN,,2026-02-24,2026-02-24,1195.0,PE,SBIN26FEB1195PE,7.05,8.5,4.65,5.15,5.05,9.0,1218.9,5.15,950250,-38250,9157,8247974062.5,3739,F1,750,,,,,
2026-02-18,2026-02-18,FO,NSE,STO,134608,,SBIN,,2026-02-24,2026-02-24,1200.0,PE,SBIN26FEB1200PE,9.05,10.2,5.9,6.55,6.45,10.9,1218.9,6.55,4830750,467250,18836,17060116462.5,10771,F1,750,,,,,
2026-02-18,2026-02-18,FO,NSE,STO,57163,,SBIN,,2026-02-24,2026-02-24,1275.0,PE,SBIN26FEB1275PE,0.0,0.0,0.0,126.65,0.0,126.65,1218.9,56.0,0,0,0,0.0,0,F1,750,,,,,
2026-02-18,2026-02-18,FO,NSE,STO,167385,,SBIN,,2026-04-28,2026-04-28,1300.0,PE,SBIN26APR1300PE,0.0,0.0,0.0,230.15,0.0,230.15,1218.9,90.5,0,0,0,0.0,0,F1,750,,,,,
2026-02-18,2026-02-18,FO,NSE,STO,158148,,SBIN,,2026-02-24,2026-02-24,1065.0,CE,SBIN26FEB1065CE,0.0,0.0,0.0,141.05,140.15,141.05,1218.9,154.85,303750,0,0,0.0,0,F1,750,,,,,
2026-02-18,2026-02-18,FO,NSE,STO,134230,,SBIN,,2026-02-24,2026-02-24,950.0,CE,SBIN26FEB950CE,260.5,266.0,260.5,265.0,265.0,262.5,1218.9,265.0,67500,-2250,5,4553100.0,5,F1,750,,,,,
2026-02-18,2026-02-18,FO,NSE,STO,43874,,SBIN,,2026-02-24,2026-02-24,1195.0,CE,SBIN26FEB1195CE,24.0,28.55,21.1,24.35,24.6,22.2,1218.9,24.35,912750,-19500,399,364951312.5,388,F1,750,,,,,
2026-02-18,2026-02-18,FO,NSE,STO,134609,,SBIN,,2026-02-24,2026-02-24,1220.0,CE,SBIN26FEB1220CE,10.7,13.6,8.55,9.8,9.7,10.1,1218.9,9.8,4101000,426000,39004,36004740450.0,26941,F1,750,,,,,
2026-02-18,2026-02-18,FO,NSE,STO,158220,,SBIN,,2026-03-30,2026-03-30,870.0,CE,SBIN26MAR870CE,0.0,0.0,0.0,124.75,0.0,124.75,1218.9,354.15,0,0,0,0.0,0,F1,750,,,,,
2026-02-18,2026-02-18,FO,NSE,STO,158228,,SBIN,,2026-03-30,2026-03-30,910.0,CE,SBIN26MAR910CE,0.0,0.0,0.0,93.7,0.0,93.7,1218.9,314.35,0,0,0,0.0,0,F1,750,,,,,
2026-02-18,2026-02-18,FO,NSE,STO,167226,,SBIN,,2026-03-30,2026-03-30,1035.0,CE,SBIN26MAR1035CE,0.0,0.0,0.0,57.55,0.0,57.55,1218.9,190.5,0,0,0,0.0,0,F1,750,,,,,
2026-02-18,2026-02-18,FO,NSE,STO,42042,,SBIN,,2026-03-30,2026-03-30,1190.0,CE,SBIN26MAR1190CE,54.95,57.2,51.0,52.95,53.2,50.85,1218.9,52.95,163500,-3000,53,49447237.5,52,F1,750,,,,,
2026-02-18,2026-02-18,FO,NSE,STO,158284,,SBIN,,2026-03-30,2026-03-30,1220.0,CE,SBIN26MAR1220CE,39.9,40.25,33.75,36.25,36.0,35.55,1218.9,36.25,641250,256500,1381,1302148237.5,1064,F1,750,,,,,
2026-02-18,2026-02-18,FO,NSE,STO,40825,,SBIN,,2026-03-30,2026-03-30,1255.0,CE,SBIN26MAR1255CE,23.7,23.7,20.1,21.3,21.2,22.4,1218.9,21.3,31500,17250,30,28735912.5,30,F1,750,,,,,
2026-02-18,2026-02-18,FO,NSE,STO,167338,,SBIN,,2026-04-28,2026-04-28,1040.0,CE,SBIN26APR1040CE,0.0,0.0,0.0,66.05,0.0,66.05,1218.9,191.65,0,0,0,0.0,0,F1,750,,,,,
2026-02-18,2026-02-18,FO,NSE,STO,167376,,SBIN,,2026-04-28,2026-04-28,1230.0,CE,SBIN26APR1230CE,0.0,0.0,0.0,8.45,0.0,8.45,1218.9,48.95,0,0,0,0.0,0,F1,750,,,,,
2026-02-18,2026-02-18,FO,NSE,STO,134215,,SBIN,,2026-02-24,2026-02-24,870.0,PE,SBIN26FEB870PE,0.2,0.2,0.1,0.1,0.1,0.2,1218.9,0.05,51750,4500,20,13052212.5,15,F1,750,,,,,
2026-02-18,2026-02-18,FO,NSE,STO,134245,,SBIN,,2026-02-24,2026-02-24,960.0,PE,SBIN26FEB960PE,0.2,0.25,0.15,0.15,0.15,0.25,1218.9,0.05,497250,26250,166,119542762.5,55,F1,750,,,,,
2026-02-18,2026-02-18,FO,NSE,STO,167381,,SBIN,,2026-04-28,2026-04-28,1260.0,PE,SBIN26APR1260PE,0.0,0.0,0.0,193.2,0.0,193.2,1218.9,64.0,0,0,0,0.0,0,F1,750,,,,,
2026-02-18,2026-02-18,FO,NSE,STO,134207,,SBIN,,2026-02-24,2026-02-24,840.0,PE,SBIN26FEB840PE,0.1,0.1,0.05,0.05,0.05,0.15,1218.9,0.05,60000,-24750,39,24572550.0,11,F1,750,,,,,
2026-02-18,2026-02-18,FO,NSE,STO,158143,,SBIN,,2026-02-24,2026-02-24,1035.0,PE,SBIN26FEB1035PE,0.3,0.3,0.2,0.25,0.25,0.35,1218.9,0.05,171000,-750,30,23292975.0,30,F1,750,,,,,
2026-02-18,2026-02-18,FO,NSE,STO,158147,,SBIN,,2026-02-24,2026-02-24,1055.0,PE,SBIN26FEB1055PE,0.3,0.35,0.15,0.25,0.25,0.45,1218.9,0.25,464250,-7500,115,91014637.5,63,F1,750,,,,,
2026-02-18,2026-02-18,FO,NSE,STO,134499,,SBIN,,2026-02-24,2026-02-24,1110.0,PE,SBIN26FEB1110PE,0.6,0.7,0.45,0.5,0.55,0.85,1218.9,0.5,1440000,-103500,1278,1064434387.5,407,F1,750,,,,,
2026-02-18,2026-02-18,FO,NSE,STO,134604,,SBIN,,2026-02-24,2026-02-24,1160.0,PE,SBIN26FEB1160PE,2.0,2.25,1.1,1.2,1.2,2.4,1218.9,1.2,2676000,-165000,3251,2831808712.5,1493,F1,750,,,,,
2026-02-18,2026-02-18,FO,NSE,STO,158175,,SBIN,,2026-02-24,2026-02-24,1230.0,PE,SBIN26FEB1230PE,25.8,27.25,20.8,22.35,22.0,28.6,1218.9,22.35,321000,-9000,901,847127625.0,757,F1,750,,,,,
2026-02-18,2026-02-18,FO,NSE,STO,167181,,SBIN,,2026-02-24,2026-02-24,1235.0,PE,SBIN26FEB1235PE,28.75,30.7,24.5,25.85,26.2,31.4,1218.9,25.85,100500,33750,191,180882337.5,165,F1,750,,,,,
2026-02-18,2026-02-18,FO,NSE,STO,134612,,SBIN,,2026-02-24,2026-02-24,1240.0,PE,SBIN26FEB1240PE,34.25,34.7,28.0,30.2,29.65,36.25,1218.9,30.2,159750,6000,358,341339325.0,316,F1,750,,,,,
2026-02-18,2026-02-18,FO,NSE,STO,158229,,SBIN,,2026-03-30,2026-03-30,910.0,PE,SBIN26MAR910PE,0.0,0.0,0.0,16.8,0.0,16.8,1218.9,0.05,0,0,0,0.0,0,F1,750,,,,,
2026-02-18,2026-02-18,FO,NSE,STO,158235,,SBIN,,2026-03-30,2026-03-30,940.0,PE,SBIN26MAR940PE,0.0,0.0,0.0,1.5,1.5,1.5,1218.9,0.05,15750,0,0,0.0,0,F1,750,,,,,
2026-02-18,2026-02-18,FO,NSE,STO,158243,,SBIN,,2026-03-30,2026-03-30,980.0,PE,SBIN26MAR980PE,1.7,1.7,1.5,1.6,1.5,1.85,1218.9,1.6,93750,6000,31,22821412.5,25,F1,750,,,,,
2026-02-18,2026-02-18,FO,NSE,STO,167227,,SBIN,,2026-03-30,2026-03-30,1035.0,PE,SBIN26MAR1035PE,0.0,0.0,0.0,28.55,0.0,28.55,1218.9,0.35,0,0,0,0.0,0,F1,750,,,,,
2026-02-18,2026-02-18,FO,NSE,STO,158259,,SBIN,,2026-03-30,2026-03-30,1060.0,PE,SBIN26MAR1060PE,3.95,3.95,3.3,3.35,3.35,4.1,1218.9,3.35,81750,4500,32,25524525.0,25,F1,750,,,,,
2026-02-18,2026-02-18,FO,NSE,STO,158265,,SBIN,,2026-03-30,2026-03-30,1090.0,PE,SBIN26MAR1090PE,5.3,5.45,4.75,4.85,4.85,5.85,1218.9,4.85,93750,-3000,41,33675187.5,27,F1,750,,,,,
2026-02-18,2026-02-18,FO,NSE,STO,57189,,SBIN,,2026-03-30,2026-03-30,1265.0,PE,SBIN26MAR1265PE,0.0,0.0,0.0,120.0,0.0,120.0,1218.9,59.6,0,0,0,0.0,0,F1,750,,,,,
2026-02-18,2026-02-18,FO,NSE,STO,167341,,SBIN,,2026-04-28,2026-04-28,1050.0,PE,SBIN26APR1050PE,0.0,0.0,0.0,41.4,0.0,41.4,1218.9,2.5,0,0,0,0.0,0,F1,750,,,,,
2026-02-18,2026-02-18,FO,NSE,STO,167349,,SBIN,,2026-04-28,2026-04-28,1090.0,PE,SBIN26APR1090PE,0.0,0.0,0.0,62.1,0.0,62.1,1218.9,5.95,0,0,0,0.0,0,F1,750,,,,,
2026-02-18,2026-02-18,FO,NSE,STO,167353,,SBIN,,2026-04-28,2026-04-28,1110.0,PE,SBIN26APR1110PE,0.0,0.0,0.0,74.2,0.0,74.2,1218.9,8.65,0,0,0,0.0,0,F1,750,,,,,
2026-02-18,2026-02-18,FO,NSE,STO,167361,,SBIN,,2026-04-28,2026-04-28,1150.0,PE,SBIN26APR1150PE,18.0,20.0,17.5,20.0,20.0,18.0,1218.9,16.85,15000,13500,18,15766500.0,18,F1,750,,,,,
2026-02-18,2026-02-18,FO,NSE,STO,167387,,SBIN,,2026-04-28,2026-04-28,1320.0,PE,SBIN26APR1320PE,0.0,0.0,0.0,249.05,0.0,249.05,1218.9,105.3,0,0,0,0.0,0,F1,750,,,,,
2026-02-18,2026-02-18,FO,NSE,STO,167389,,SBIN,,2026-04-28,2026-04-28,1340.0,PE,SBIN26APR1340PE,0.0,0.0,0.0,268.1,0.0,268.1,1218.9,121.05,0,0,0,0.0,0,F1,750,,,,,
2026-02-18,2026-02-18,FO,NSE,STO,158276,,SBIN,,2026-03-30,2026-03-30,1150.0,CE,SBIN26MAR1150CE,85.0,86.9,79.0,82.95,83.2,80.75,1218.9,82.95,777750,-12000,152,140454975.0,125,F1,750,,,,,
2026-02-18,2026-02-18,FO,NSE,STO,158262,,SBIN,,2026-03-30,2026-03-30,1080.0,CE,SBIN26MAR1080CE,141.0,142.65,139.1,142.65,142.65,141.65,1218.9,147.05,47250,1500,4,3662062.5,4,F1,750,,,,,
2026-02-18,2026-02-18,FO,NSE,STO,167234,,SBIN,,2026-03-30,2026-03-30,1075.0,CE,SBIN26MAR1075CE,0.0,0.0,0.0,55.0,55.0,55.0,1218.9,151.75,1500,0,0,0.0,0,F1,750,,,,,
2026-02-18,2026-02-18,FO,NSE,STO,167198,,SBIN,,2026-03-30,2026-03-30,895.0,CE,SBIN26MAR895CE,0.0,0.0,0.0,169.15,0.0,169.15,1218.9,329.3,0,0,0,0.0,0,F1,750,,,,,
2026-02-18,2026-02-18,FO,NSE,STO,158222,,SBIN,,2026-03-30,2026-03-30,880.0,CE,SBIN26MAR880CE,0.0,0.0,0.0,190.0,190.0,190.0,1218.9,344.2,3750,0,0,0.0,0,F1,750,,,,,
2026-02-18,2026-02-18,FO,NSE,STO,158180,,SBIN,,2026-02-24,2026-02-24,1290.0,CE,SBIN26FEB1290CE,1.1,1.15,0.55,0.75,0.7,1.1,1218.9,0.75,649500,-217500,1810,1752296700.0,1083,F1,750,,,,,
2026-02-18,2026-02-18,FO,NSE,STO,158166,,SBIN,,2026-02-24,2026-02-24,1155.0,CE,SBIN26FEB1155CE,59.55,61.15,55.35,59.2,59.2,55.6,1218.9,59.2,1228500,-1500,43,39134775.0,42,F1,750,,,,,
2026-02-18,2026-02-18,FO,NSE,STO,158164,,SBIN,,2026-02-24,2026-02-24,1145.0,CE,SBIN26FEB1145CE,68.8,71.75,65.1,69.55,70.5,66.3,1218.9,69.55,464250,-750,21,19127850.0,17,F1,750,,,,,
2026-02-18,2026-02-18,FO,NSE,STO,134500,,SBIN,,2026-02-24,2026-02-24,1120.0,CE,SBIN26FEB1120CE,92.9,97.05,90.0,93.85,94.75,89.15,1218.9,93.85,918750,-22500,94,85543462.5,88,F1,750,,,,,
2026-02-18,2026-02-18,FO,NSE,STO,134270,,SBIN,,2026-02-24,2026-02-24,1050.0,CE,SBIN26FEB1050CE,163.45,166.8,161.25,164.55,165.25,159.55,1218.9,164.55,1044000,-48000,89,81010762.5,44,F1,750,,,,,
2026-02-18,2026-02-18,FO,NSE,STO,158138,,SBIN,,2026-02-24,2026-02-24,1015.0,CE,SBIN26FEB1015CE,0.0,0.0,0.0,191.45,191.45,191.45,1218.9,204.8,140250,0,0,0.0,0,F1,750,,,,,
2026-02-18,2026-02-18,FO,NSE,STO,158124,,SBIN,,2026-02-24,2026-02-24,945.0,CE,SBIN26FEB945CE,0.0,0.0,0.0,58.0,0.0,58.0,1218.9,274.75,0,0,0,0.0,0,F1,750,,,,,
2026-02-18,2026-02-18,FO,NSE,STO,158112,,SBIN,,2026-02-24,2026-02-24,885.0,CE,SBIN26FEB885CE,0.0,0.0,0.0,102.8,0.0,102.8,1218.9,334.7,0,0,0,0.0,0,F1,750,,,,,
2026-02-18,2026-02-18,FO,NSE,STO,167266,,SBIN,,2026-03-30,2026-03-30,1235.0,CE,SBIN26MAR1235CE,30.95,32.55,27.6,28.9,28.9,29.25,1218.9,28.9,60750,24000,53,50290462.5,53,F1,750,,,,,
2026-02-18,2026-02-18,FO,NSE,STO,167268,,SBIN,,2026-03-30,2026-03-30,1250.0,CE,SBIN26MAR1250CE,24.5,26.8,21.4,23.05,23.15,23.55,1218.9,23.05,1047750,207000,1468,1402368187.5,1144,F1,750,,,,,
2026-02-18,2026-02-18,FO,NSE,STO,158288,,SBIN,,2026-03-30,2026-03-30,1260.0,CE,SBIN26MAR1260CE,21.35,23.05,18.3,19.45,19.8,20.45,1218.9,19.45,249750,60000,338,324612075.0,265,F1,750,,,,,
2026-02-18,2026-02-18,FO,NSE,STO,158292,,SBIN,,2026-03-30,2026-03-30,1300.0,CE,SBIN26MAR1300CE,11.95,13.25,9.5,10.3,10.45,11.35,1218.9,10.3,1266000,342750,1793,1763141175.0,1265,F1,750,,,,,
2026-02-18,2026-02-18,FO,NSE,STO,167346,,SBIN,,2026-04-28,2026-04-28,1080.0,CE,SBIN26APR1080CE,0.0,0.0,0.0,46.15,0.0,46.15,1218.9,154.95,0,0,0,0.0,0,F1,750,,,,,
2026-02-18,2026-02-18,FO,NSE,STO,167354,,SBIN,,2026-04-28,2026-04-28,1120.0,CE,SBIN26APR1120CE,0.0,0.0,0.0,30.95,0.0,30.95,1218.9,120.85,0,0,0,0.0,0,F1,750,,,,,
2026-02-18,2026-02-18,FO,NSE,STO,167360,,SBIN,,2026-04-28,2026-04-28,1150.0,CE,SBIN26APR1150CE,0.0,0.0,0.0,22.35,0.0,22.35,1218.9,97.65,0,0,0,0.0,0,F1,750,,,,,
2026-02-18,2026-02-18,FO,NSE,STO,167366,,SBIN,,2026-04-28,2026-04-28,1180.0,CE,SBIN26APR1180CE,0.0,0.0,0.0,15.85,0.0,15.85,1218.9,77.0,0,0,0,0.0,0,F1,750,,,,,
2026-02-18,2026-02-18,FO,NSE,STO,167386,,SBIN,,2026-04-28,2026-04-28,1320.0,CE,SBIN26APR1320CE,0.0,0.0,0.0,2.4,0.0,2.4,1218.9,17.85,0,0,0,0.0,0,F1,750,,,,,
2026-02-18,2026-02-18,FO,NSE,STO,167342,,SBIN,,2026-04-28,2026-04-28,1060.0,CE,SBIN26APR1060CE,0.0,0.0,0.0,55.5,0.0,55.5,1218.9,173.05,0,0,0,0.0,0,F1,750,,,,,
2026-02-18,2026-02-18,FO,NSE,STO,134257,,SBIN,,2026-02-24,2026-02-24,980.0,PE,SBIN26FEB980PE,0.2,0.2,0.05,0.1,0.1,0.3,1218.9,0.1,848250,-18000,135,99236700.0,76,F1,750,,,,,
2026-02-18,2026-02-18,FO,NSE,STO,134600,,SBIN,,2026-02-24,2026-02-24,1140.0,PE,SBIN26FEB1140PE,1.2,1.3,0.7,0.75,0.75,1.4,1218.9,0.75,3453750,-221250,2766,2366627887.5,1115,F1,750,,,,,
2026-02-18,2026-02-18,FO,NSE,STO,167199,,SBIN,,2026-03-30,2026-03-30,895.0,PE,SBIN26MAR895PE,0.0,0.0,0.0,1.65,0.0,1.65,1218.9,0.05,0,0,0,0.0,0,F1,750,,,,,
2026-02-18,2026-02-18,FO,NSE,STO,167215,,SBIN,,2026-03-30,2026-03-30,975.0,PE,SBIN26MAR975PE,0.0,0.0,0.0,10.6,0.0,10.6,1218.9,0.05,0,0,0,0.0,0,F1,750,,,,,
2026-02-18,2026-02-18,FO,NSE,STO,167221,,SBIN,,2026-03-30,2026-03-30,1005.0,PE,SBIN26MAR1005PE,0.0,0.0,0.0,18.05,0.0,18.05,1218.9,0.1,0,0,0,0.0,0,F1,750,,,,,
2026-02-18,2026-02-18,FO,NSE,STO,167223,,SBIN,,2026-03-30,2026-03-30,1015.0,PE,SBIN26MAR1015PE,0.0,0.0,0.0,3.5,3.5,3.5,1218.9,0.15,750,0,0,0.0,0,F1,750,,,,,
2026-02-18,2026-02-18,FO,NSE,STO,167235,,SBIN,,2026-03-30,2026-03-30,1075.0,PE,SBIN26MAR1075PE,0.0,0.0,0.0,5.9,5.9,5.9,1218.9,1.4,7500,0,0,0.0,0,F1,750,,,,,
2026-02-18,2026-02-18,FO,NSE,STO,158267,,SBIN,,2026-03-30,2026-03-30,1100.0,PE,SBIN26MAR1100PE,7.05,7.15,5.4,5.65,5.6,7.05,1218.9,5.65,3432000,657000,1617,1341350287.5,941,F1,750,,,,,
2026-02-18,2026-02-18,FO,NSE,STO,167253,,SBIN,,2026-03-30,2026-03-30,1165.0,PE,SBIN26MAR1165PE,18.0,18.0,15.1,15.1,15.1,18.1,1218.9,15.1,86250,6750,32,28351425.0,31,F1,750,,,,,
2026-02-18,2026-02-18,FO,NSE,STO,167257,,SBIN,,2026-03-30,2026-03-30,1185.0,PE,SBIN26MAR1185PE,24.0,24.25,20.3,20.4,20.7,24.9,1218.9,20.4,117750,11250,37,33486487.5,30,F1,750,,,,,
2026-02-18,2026-02-18,FO,NSE,STO,64457,,SBIN,,2026-03-30,2026-03-30,1230.0,PE,SBIN26MAR1230PE,42.55,44.15,39.0,40.0,39.5,45.25,1218.9,40.0,144000,24750,104,99159637.5,81,F1,750,,,,,
2026-02-18,2026-02-18,FO,NSE,STO,167324,,SBIN,,2026-04-28,2026-04-28,970.0,CE,SBIN26APR970CE,0.0,0.0,0.0,112.5,0.0,112.5,1218.9,259.2,0,0,0,0.0,0,F1,750,,,,,
2026-02-18,2026-02-18,FO,NSE,STO,167310,,SBIN,,2026-04-28,2026-04-28,900.0,CE,SBIN26APR900CE,324.0,324.0,324.0,324.0,324.0,171.05,1218.9,328.25,750,750,1,918000.0,1,F1,750,,,,,
2026-02-18,2026-02-18,FO,NSE,STO,158294,,SBIN,,2026-03-30,2026-03-30,1320.0,CE,SBIN26MAR1320CE,8.9,9.6,6.8,7.45,7.35,8.65,1218.9,7.45,357750,99750,493,491105400.0,357,F1,750,,,,,
2026-02-18,2026-02-18,FO,NSE,STO,167252,,SBIN,,2026-03-30,2026-03-30,1165.0,CE,SBIN26MAR1165CE,0.0,0.0,0.0,53.25,53.25,53.25,1218.9,74.15,15000,0,0,0.0,0,F1,750,,,,,
2026-02-18,2026-02-18,FO,NSE,STO,167236,,SBIN,,2026-03-30,2026-03-30,1085.0,CE,SBIN26MAR1085CE,0.0,0.0,0.0,61.9,61.9,61.9,1218.9,142.3,16500,0,0,0.0,0,F1,750,,,,,
2026-02-18,2026-02-18,FO,NSE,STO,158250,,SBIN,,2026-03-30,2026-03-30,1020.0,CE,SBIN26MAR1020CE,203.0,203.0,196.8,200.0,200.0,206.0,1218.9,205.25,39750,750,8,7326600.0,6,F1,750,,,,,
2026-02-18,2026-02-18,FO,NSE,STO,158244,,SBIN,,2026-03-30,2026-03-30,990.0,CE,SBIN26MAR990CE,0.0,0.0,0.0,46.15,0.0,46.15,1218.9,234.9,0,0,0,0.0,0,F1,750,,,,,
2026-02-18,2026-02-18,FO,NSE,STO,158236,,SBIN,,2026-03-30,2026-03-30,950.0,CE,SBIN26MAR950CE,267.8,267.8,267.8,267.8,267.8,271.0,1218.9,274.6,37500,750,1,913350.0,1,F1,750,,,,,
2026-02-18,2026-02-18,FO,NSE,STO,158182,,SBIN,,2026-02-24,2026-02-24,1310.0,CE,SBIN26FEB1310CE,0.85,0.85,0.4,0.5,0.5,0.85,1218.9,0.5,686250,-117750,1051,1033033537.5,533,F1,750,,,,,
2026-02-18,2026-02-18,FO,NSE,STO,158178,,SBIN,,2026-02-24,2026-02-24,1270.0,CE,SBIN26FEB1270CE,1.9,2.05,1.0,1.25,1.15,1.75,1218.9,1.25,1563000,37500,3708,3535840875.0,1878,F1,750,,,,,
2026-02-18,2026-02-18,FO,NSE,STO,42036,,SBIN,,2026-02-24,2026-02-24,1185.0,CE,SBIN26FEB1185CE,29.45,36.0,28.6,32.3,32.35,29.05,1218.9,32.3,634500,-18750,246,224654362.5,193,F1,750,,,,,
2026-02-18,2026-02-18,FO,NSE,STO,134599,,SBIN,,2026-02-24,2026-02-24,1140.0,CE,SBIN26FEB1140CE,74.55,78.7,70.25,75.05,75.0,69.75,1218.9,75.05,1344750,-73500,160,145767225.0,125,F1,750,,,,,
2026-02-18,2026-02-18,FO,NSE,STO,158160,,SBIN,,2026-02-24,2026-02-24,1125.0,CE,SBIN26FEB1125CE,90.0,90.0,88.35,88.7,88.35,92.05,1218.9,88.7,233250,-1500,14,12749812.5,12,F1,750,,,,,
2026-02-18,2026-02-18,FO,NSE,STO,158156,,SBIN,,2026-02-24,2026-02-24,1105.0,CE,SBIN26FEB1105CE,111.5,111.5,105.0,105.0,105.0,107.2,1218.9,114.9,181500,-1500,7,6370162.5,5,F1,750,,,,,
2026-02-18,2026-02-18,FO,NSE,STO,158126,,SBIN,,2026-02-24,2026-02-24,955.0,CE,SBIN26FEB955CE,0.0,0.0,0.0,67.95,67.95,67.95,1218.9,264.75,1500,0,0,0.0,0,F1,750,,,,,
2026-02-18,2026-02-18,FO,NSE,STO,158125,,SBIN,,2026-02-24,2026-02-24,945.0,PE,SBIN26FEB945PE,0.2,0.2,0.15,0.15,0.15,0.2,1218.9,0.05,52500,-32250,57,40405275.0,24,F1,750,,,,,
2026-02-18,2026-02-18,FO,NSE,STO,167267,,SBIN,,2026-03-30,2026-03-30,1235.0,PE,SBIN26MAR1235PE,45.0,45.9,41.3,42.1,42.1,47.0,1218.9,41.3,42750,26250,53,50830125.0,47,F1,750,,,,,
2026-02-18,2026-02-18,FO,NSE,STO,40826,,SBIN,,2026-03-30,2026-03-30,1255.0,PE,SBIN26MAR1255PE,0.0,0.0,0.0,168.8,0.0,168.8,1218.9,53.1,0,0,0,0.0,0,F1,750,,,,,
2026-02-18,2026-02-18,FO,NSE,STO,167329,,SBIN,,2026-04-28,2026-04-28,990.0,PE,SBIN26APR990PE,0.0,0.0,0.0,19.5,0.0,19.5,1218.9,0.5,0,0,0,0.0,0,F1,750,,,,,
2026-02-18,2026-02-18,FO,NSE,STO,158224,,SBIN,,2026-03-30,2026-03-30,890.0,CE,SBIN26MAR890CE,0.0,0.0,0.0,108.7,0.0,108.7,1218.9,334.25,0,0,0,0.0,0,F1,750,,,,,
2026-02-18,2026-02-18,FO,NSE,STO,167200,,SBIN,,2026-03-30,2026-03-30,905.0,CE,SBIN26MAR905CE,0.0,0.0,0.0,159.8,0.0,159.8,1218.9,319.35,0,0,0,0.0,0,F1,750,,,,,
2026-02-18,2026-02-18,FO,NSE,STO,158232,,SBIN,,2026-03-30,2026-03-30,930.0,CE,SBIN26MAR930CE,0.0,0.0,0.0,240.0,240.0,240.0,1218.9,294.5,2250,0,0,0.0,0,F1,750,,,,,
2026-02-18,2026-02-18,FO,NSE,STO,167212,,SBIN,,2026-03-30,2026-03-30,965.0,CE,SBIN26MAR965CE,0.0,0.0,0.0,107.0,0.0,107.0,1218.9,259.7,0,0,0,0.0,0,F1,750,,,,,
2026-02-18,2026-02-18,FO,NSE,STO,158246,,SBIN,,2026-03-30,2026-03-30,1000.0,CE,SBIN26MAR1000CE,221.0,224.0,216.55,221.1,221.2,216.3,1218.9,221.1,155250,5250,14,12816150.0,13,F1,750,,,,,
2026-02-18,2026-02-18,FO,NSE,STO,167232,,SBIN,,2026-03-30,2026-03-30,1065.0,CE,SBIN26MAR1065CE,0.0,0.0,0.0,85.0,85.0,85.0,1218.9,161.3,3000,0,0,0.0,0,F1,750,,,,,
2026-02-18,2026-02-18,FO,NSE,STO,167335,,SBIN,,2026-04-28,2026-04-28,1020.0,PE,SBIN26APR1020PE,0.0,0.0,0.0,3.9,3.9,3.9,1218.9,1.2,7500,0,0,0.0,0,F1,750,,,,,
2026-02-18,2026-02-18,FO,NSE,STO,167347,,SBIN,,2026-04-28,2026-04-28,1080.0,PE,SBIN26APR1080PE,0.0,0.0,0.0,56.45,0.0,56.45,1218.9,4.85,0,0,0,0.0,0,F1,750,,,,,
2026-02-18,2026-02-18,FO,NSE,STO,167359,,SBIN,,2026-04-28,2026-04-28,1140.0,PE,SBIN26APR1140PE,0.0,0.0,0.0,94.4,0.0,94.4,1218.9,14.45,0,0,0,0.0,0,F1,750,,,,,
2026-02-18,2026-02-18,FO,NSE,STO,167363,,SBIN,,2026-04-28,2026-04-28,1160.0,PE,SBIN26APR1160PE,0.0,0.0,0.0,109.1,0.0,109.1,1218.9,19.6,0,0,0,0.0,0,F1,750,,,,,
2026-02-18,2026-02-18,FO,NSE,STO,167369,,SBIN,,2026-04-28,2026-04-28,1190.0,PE,SBIN26APR1190PE,0.0,0.0,0.0,132.65,0.0,132.65,1218.9,29.55,0,0,0,0.0,0,F1,750,,,,,
2026-02-18,2026-02-18,FO,NSE,STO,167379,,SBIN,,2026-04-28,2026-04-28,1240.0,PE,SBIN26APR1240PE,0.0,0.0,0.0,175.3,0.0,175.3,1218.9,52.55,0,0,0,0.0,0,F1,750,,,,,
2026-02-18,2026-02-18,FO,NSE,STO,167352,,SBIN,,2026-04-28,2026-04-28,1110.0,CE,SBIN26APR1110CE,0.0,0.0,0.0,34.35,0.0,34.35,1218.9,129.05,0,0,0,0.0,0,F1,750,,,,,
2026-02-18,2026-02-18,FO,NSE,STO,134261,,SBIN,,2026-02-24,2026-02-24,1000.0,PE,SBIN26FEB1000PE,0.25,0.25,0.1,0.15,0.15,0.3,1218.9,0.15,2607000,-227250,917,687863137.5,240,F1,750,,,,,
2026-02-18,2026-02-18,FO,NSE,STO,134214,,SBIN,,2026-02-24,2026-02-24,870.0,CE,SBIN26FEB870CE,0.0,0.0,0.0,272.15,272.15,272.15,1218.9,349.7,12750,0,0,0.0,0,F1,750,,,,,
2026-02-18,2026-02-18,FO,NSE,STO,134216,,SBIN,,2026-02-24,2026-02-24,880.0,CE,SBIN26FEB880CE,0.0,0.0,0.0,173.65,173.65,173.65,1218.9,339.7,9750,0,0,0.0,0,F1,750,,,,,
2026-02-18,2026-02-18,FO,NSE,STO,134258,,SBIN,,2026-02-24,2026-02-24,990.0,CE,SBIN26FEB990CE,222.4,223.05,222.4,223.05,223.05,222.3,1218.9,229.8,399000,0,2,1819087.5,2,F1,750,,,,,
2026-02-18,2026-02-18,FO,NSE,STO,134268,,SBIN,,2026-02-24,2026-02-24,1040.0,CE,SBIN26FEB1040CE,172.6,174.9,169.3,173.0,173.0,166.4,1218.9,179.85,665250,-6750,11,10008900.0,11,F1,750,,,,,
2026-02-18,2026-02-18,FO,NSE,STO,134588,,SBIN,,2026-02-24,2026-02-24,1130.0,CE,SBIN26FEB1130CE,83.55,88.2,79.8,84.15,85.5,78.75,1218.9,84.15,1332750,-48000,112,102032737.5,94,F1,750,,,,,
2026-02-18,2026-02-18,FO,NSE,STO,134617,,SBIN,,2026-02-24,2026-02-24,1300.0,CE,SBIN26FEB1300CE,0.95,0.95,0.5,0.6,0.6,0.95,1218.9,0.6,3837750,-838500,5267,5137949400.0,1877,F1,750,,,,,
2026-02-18,2026-02-18,FO,NSE,STO,158242,,SBIN,,2026-03-30,2026-03-30,980.0,CE,SBIN26MAR980CE,0.0,0.0,0.0,50.95,0.0,50.95,1218.9,244.8,0,0,0,0.0,0,F1,750,,,,,
2026-02-18,2026-02-18,FO,NSE,STO,167216,,SBIN,,2026-03-30,2026-03-30,985.0,CE,SBIN26MAR985CE,0.0,0.0,0.0,91.25,0.0,91.25,1218.9,239.85,0,0,0,0.0,0,F1,750,,,,,
2026-02-18,2026-02-18,FO,NSE,STO,158252,,SBIN,,2026-03-30,2026-03-30,1030.0,CE,SBIN26MAR1030CE,0.0,0.0,0.0,192.0,192.0,192.0,1218.9,195.4,12750,0,0,0.0,0,F1,750,,,,,
2026-02-18,2026-02-18,FO,NSE,STO,167228,,SBIN,,2026-03-30,2026-03-30,1045.0,CE,SBIN26MAR1045CE,0.0,0.0,0.0,51.9,0.0,51.9,1218.9,180.7,0,0,0,0.0,0,F1,750,,,,,
2026-02-18,2026-02-18,FO,NSE,STO,158258,,SBIN,,2026-03-30,2026-03-30,1060.0,CE,SBIN26MAR1060CE,158.0,158.65,158.0,158.65,158.65,154.0,1218.9,166.15,74250,-3000,9,8224575.0,9,F1,750,,,,,
2026-02-18,2026-02-18,FO,NSE,STO,167238,,SBIN,,2026-03-30,2026-03-30,1095.0,CE,SBIN26MAR1095CE,0.0,0.0,0.0,29.15,0.0,29.15,1218.9,133.0,0,0,0,0.0,0,F1,750,,,,,
2026-02-18,2026-02-18,FO,NSE,STO,37615,,SBIN,,2026-03-30,2026-03-30,1245.0,CE,SBIN26MAR1245CE,27.35,28.3,23.7,24.8,24.8,25.7,1218.9,24.8,42750,19500,43,40998187.5,41,F1,750,,,,,
2026-02-18,2026-02-18,FO,NSE,STO,167328,,SBIN,,2026-04-28,2026-04-28,990.0,CE,SBIN26APR990CE,0.0,0.0,0.0,97.85,0.0,97.85,1218.9,239.65,0,0,0,0.0,0,F1,750,,,,,
2026-02-18,2026-02-18,FO,NSE,STO,167370,,SBIN,,2026-04-28,2026-04-28,1200.0,CE,SBIN26APR1200CE,62.95,64.5,59.55,62.9,62.95,62.95,1218.9,62.9,78000,15000,77,72915750.0,75,F1,750,,,,,
2026-02-18,2026-02-18,FO,NSE,STO,167374,,SBIN,,2026-04-28,2026-04-28,1220.0,CE,SBIN26APR1220CE,0.0,0.0,0.0,9.65,0.0,9.65,1218.9,53.9,0,0,0,0.0,0,F1,750,,,,,
2026-02-18,2026-02-18,FO,NSE,STO,167378,,SBIN,,2026-04-28,2026-04-28,1240.0,CE,SBIN26APR1240CE,0.0,0.0,0.0,7.45,0.0,7.45,1218.9,44.3,0,0,0,0.0,0,F1,750,,,,,
2026-02-18,2026-02-18,FO,NSE,STO,134217,,SBIN,,2026-02-24,2026-02-24,880.0,PE,SBIN26FEB880PE,0.15,0.15,0.1,0.1,0.1,0.2,1218.9,0.05,110250,-1500,19,12541575.0,9,F1,750,,,,,
2026-02-18,2026-02-18,FO,NSE,STO,167388,,SBIN,,2026-04-28,2026-04-28,1340.0,CE,SBIN26APR1340CE,0.0,0.0,0.0,1.75,0.0,1.75,1218.9,13.8,0,0,0,0.0,0,F1,750,,,,,
2026-02-18,2026-02-18,FO,NSE,STO,167367,,SBIN,,2026-04-28,2026-04-28,1180.0,PE,SBIN26APR1180PE,0.0,0.0,0.0,124.6,0.0,124.6,1218.9,25.9,0,0,0,0.0,0,F1,750,,,,,
2026-02-18,2026-02-18,FO,NSE,STO,167327,,SBIN,,2026-04-28,2026-04-28,980.0,PE,SBIN26APR980PE,0.0,0.0,0.0,16.9,0.0,16.9,1218.9,0.4,0,0,0,0.0,0,F1,750,,,,,
2026-02-18,2026-02-18,FO,NSE,STO,167317,,SBIN,,2026-04-28,2026-04-28,930.0,PE,SBIN26APR930PE,0.0,0.0,0.0,7.35,0.0,7.35,1218.9,0.05,0,0,0,0.0,0,F1,750,,,,,
2026-02-18,2026-02-18,FO,NSE,STO,158279,,SBIN,,2026-03-30,2026-03-30,1160.0,PE,SBIN26MAR1160PE,17.25,17.25,13.5,13.95,13.75,17.3,1218.9,13.95,229500,27750,353,311098500.0,254,F1,750,,,,,
2026-02-18,2026-02-18,FO,NSE,STO,158249,,SBIN,,2026-03-30,2026-03-30,1010.0,PE,SBIN26MAR1010PE,0.0,0.0,0.0,3.6,3.6,3.6,1218.9,0.15,36000,0,0,0.0,0,F1,750,,,,,
2026-02-18,2026-02-18,FO,NSE,STO,158247,,SBIN,,2026-03-30,2026-03-30,1000.0,PE,SBIN26MAR1000PE,2.5,2.7,1.9,1.95,1.95,2.45,1218.9,1.95,1283250,10500,321,241244925.0,198,F1,750,,,,,
2026-02-18,2026-02-18,FO,NSE,STO,158245,,SBIN,,2026-03-30,2026-03-30,990.0,PE,SBIN26MAR990PE,0.0,0.0,0.0,2.35,2.35,2.35,1218.9,0.05,10500,0,0,0.0,0,F1,750,,,,,
2026-02-18,2026-02-18,FO,NSE,STO,167211,,SBIN,,2026-03-30,2026-03-30,955.0,PE,SBIN26MAR955PE,0.0,0.0,0.0,7.95,7.95,7.95,1218.9,0.05,750,0,0,0.0,0,F1,750,,,,,
2026-02-18,2026-02-18,FO,NSE,STO,167205,,SBIN,,2026-03-30,2026-03-30,925.0,PE,SBIN26MAR925PE,0.0,0.0,0.0,3.6,0.0,3.6,1218.9,0.05,0,0,0,0.0,0,F1,750,,,,,
2026-02-18,2026-02-18,FO,NSE,STO,158225,,SBIN,,2026-03-30,2026-03-30,890.0,PE,SBIN26MAR890PE,0.0,0.0,0.0,12.05,0.0,12.05,1218.9,0.05,0,0,0,0.0,0,F1,750,,,,,
2026-02-18,2026-02-18,FO,NSE,STO,134602,,SBIN,,2026-02-24,2026-02-24,1150.0,PE,SBIN26FEB1150PE,1.5,1.7,0.9,1.0,1.0,1.85,1218.9,1.0,4081500,132000,5247,4529857875.0,2078,F1,750,,,,,
2026-02-18,2026-02-18,FO,NSE,STO,134275,,SBIN,,2026-02-24,2026-02-24,1070.0,PE,SBIN26FEB1070PE,0.35,0.35,0.2,0.2,0.2,0.4,1218.9,0.2,993000,-17250,553,443883712.5,168,F1,750,,,,,
2026-02-18,2026-02-18,FO,NSE,STO,158127,,SBIN,,2026-02-24,2026-02-24,955.0,PE,SBIN26FEB955PE,0.2,0.2,0.15,0.2,0.2,0.3,1218.9,0.05,124500,-7500,32,22924312.5,18,F1,750,,,,,
2026-02-18,2026-02-18,FO,NSE,STO,167356,,SBIN,,2026-04-28,2026-04-28,1130.0,CE,SBIN26APR1130CE,0.0,0.0,0.0,27.85,0.0,27.85,1218.9,112.85,0,0,0,0.0,0,F1,750,,,,,
2026-02-18,2026-02-18,FO,NSE,STO,167382,,SBIN,,2026-04-28,2026-04-28,1280.0,CE,SBIN26APR1280CE,0.0,0.0,0.0,4.3,0.0,4.3,1218.9,28.8,0,0,0,0.0,0,F1,750,,,,,
2026-02-18,2026-02-18,FO,NSE,STO,134239,,SBIN,,2026-02-24,2026-02-24,950.0,PE,SBIN26FEB950PE,0.2,0.2,0.1,0.15,0.15,0.2,1218.9,0.15,390750,-71250,142,101191275.0,50,F1,750,,,,,
2026-02-18,2026-02-18,FO,NSE,STO,134267,,SBIN,,2026-02-24,2026-02-24,1030.0,PE,SBIN26FEB1030PE,0.25,0.3,0.2,0.2,0.2,0.35,1218.9,0.2,613500,18750,454,350810325.0,151,F1,750,,,,,
2026-02-18,2026-02-18,FO,NSE,STO,158149,,SBIN,,2026-02-24,2026-02-24,1065.0,PE,SBIN26FEB1065PE,0.3,0.3,0.15,0.2,0.25,0.4,1218.9,0.2,344250,-6000,84,67109475.0,38,F1,750,,,,,
2026-02-18,2026-02-18,FO,NSE,STO,134598,,SBIN,,2026-02-24,2026-02-24,1130.0,PE,SBIN26FEB1130PE,1.05,1.05,0.6,0.65,0.6,1.2,1218.9,0.65,2565750,-510750,1770,1501013212.5,650,F1,750,,,,,
2026-02-18,2026-02-18,FO,NSE,STO,158239,,SBIN,,2026-03-30,2026-03-30,960.0,PE,SBIN26MAR960PE,0.0,0.0,0.0,1.8,1.8,1.8,1218.9,0.05,27000,0,0,0.0,0,F1,750,,,,,
2026-02-18,2026-02-18,FO,NSE,STO,158263,,SBIN,,2026-03-30,2026-03-30,1080.0,PE,SBIN26MAR1080PE,4.45,4.65,4.05,4.15,4.05,5.3,1218.9,4.15,682500,-20250,91,74011087.5,67,F1,750,,,,,
2026-02-18,2026-02-18,FO,NSE,STO,158142,,SBIN,,2026-02-24,2026-02-24,1035.0,CE,SBIN26FEB1035CE,177.95,182.75,177.95,179.3,179.3,169.35,1218.9,184.85,315000,-3750,10,9111300.0,10,F1,750,,,,,
2026-02-18,2026-02-18,FO,NSE,STO,134601,,SBIN,,2026-02-24,2026-02-24,1150.0,CE,SBIN26FEB1150CE,62.7,69.0,60.1,65.05,65.0,60.55,1218.9,65.05,1428000,-75750,314,286086000.0,259,F1,750,,,,,
2026-02-18,2026-02-18,FO,NSE,STO,134605,,SBIN,,2026-02-24,2026-02-24,1180.0,CE,SBIN26FEB1180CE,32.85,40.6,32.5,36.2,36.3,32.95,1218.9,36.2,1329000,-61500,693,632144025.0,424,F1,750,,,,,
2026-02-18,2026-02-18,FO,NSE,STO,167206,,SBIN,,2026-03-30,2026-03-30,935.0,CE,SBIN26MAR935CE,0.0,0.0,0.0,132.5,0.0,132.5,1218.9,289.5,0,0,0,0.0,0,F1,750,,,,,
2026-02-18,2026-02-18,FO,NSE,STO,158238,,SBIN,,2026-03-30,2026-03-30,960.0,CE,SBIN26MAR960CE,0.0,0.0,0.0,61.5,0.0,61.5,1218.9,264.7,0,0,0,0.0,0,F1,750,,,,,
2026-02-18,2026-02-18,FO,NSE,STO,167384,,SBIN,,2026-04-28,2026-04-28,1300.0,CE,SBIN26APR1300CE,22.6,22.8,20.2,21.35,21.35,21.1,1218.9,22.85,36750,8250,23,22804125.0,23,F1,750,,,,,
2026-02-18,2026-02-18,FO,NSE,STO,167218,,SBIN,,2026-03-30,2026-03-30,995.0,CE,SBIN26MAR995CE,0.0,0.0,0.0,83.85,0.0,83.85,1218.9,229.95,0,0,0,0.0,0,F1,750,,,,,
2026-02-18,2026-02-18,FO,NSE,STO,158272,,SBIN,,2026-03-30,2026-03-30,1130.0,CE,SBIN26MAR1130CE,101.1,101.9,98.25,98.3,98.3,103.7,1218.9,101.95,76500,-6000,17,15691275.0,12,F1,750,,,,,
2026-02-18,2026-02-18,FO,NSE,STO,134223,,SBIN,,2026-02-24,2026-02-24,910.0,PE,SBIN26FEB910PE,0.2,0.2,0.1,0.15,0.2,0.2,1218.9,0.15,88500,-29250,103,70309237.5,47,F1,750,,,,,
2026-02-18,2026-02-18,FO,NSE,STO,158146,,SBIN,,2026-02-24,2026-02-24,1055.0,CE,SBIN26FEB1055CE,159.0,161.5,155.45,161.5,161.5,152.7,1218.9,161.5,375000,-10500,41,37318012.5,34,F1,750,,,,,
2026-02-18,2026-02-18,FO,NSE,STO,134224,,SBIN,,2026-02-24,2026-02-24,920.0,CE,SBIN26FEB920CE,0.0,0.0,0.0,290.0,290.0,290.0,1218.9,299.75,21750,0,0,0.0,0,F1,750,,,,,
2026-02-18,2026-02-18,FO,NSE,STF,67009,,SBIN,,2026-04-28,2026-04-28,,,SBIN26APRFUT,1230.1,1233.0,1224.0,1229.6,1229.0,1224.1,1218.9,1229.6,1383750,-2250,288,265339125.0,270,F1,750,,,,,
2026-02-18,2026-02-18,FO,NSE,STO,40805,,SBIN,,2026-03-30,2026-03-30,1170.0,CE,SBIN26MAR1170CE,68.65,70.0,64.0,67.35,67.35,65.3,1218.9,67.35,249750,15750,63,58428075.0,47,F1,750,,,,,
2026-02-18,2026-02-18,FO,NSE,STO,167254,,SBIN,,2026-03-30,2026-03-30,1175.0,CE,SBIN26MAR1175CE,0.0,0.0,0.0,59.9,60.25,59.9,1218.9,67.0,11250,0,0,0.0,0,F1,750,,,,,
2026-02-18,2026-02-18,FO,NSE,STO,167258,,SBIN,,2026-03-30,2026-03-30,1195.0,CE,SBIN26MAR1195CE,49.05,52.0,47.55,49.8,49.8,50.4,1218.9,49.8,75000,-3750,14,13068825.0,12,F1,750,,,,,
2026-02-18,2026-02-18,FO,NSE,STO,158295,,SBIN,,2026-03-30,2026-03-30,1320.0,PE,SBIN26MAR1320PE,103.0,106.5,103.0,105.25,105.25,103.0,1218.9,105.25,7500,1500,4,4275000.0,4,F1,750,,,,,
2026-02-18,2026-02-18,FO,NSE,STO,134276,,SBIN,,2026-02-24,2026-02-24,1080.0,CE,SBIN26FEB1080CE,132.5,137.0,132.0,134.45,134.45,128.5,1218.9,139.9,2387250,-13500,60,54649687.5,38,F1,750,,,,,
2026-02-18,2026-02-18,FO,NSE,STO,49090,,SBIN,,2026-03-30,2026-03-30,1210.0,PE,SBIN26MAR1210PE,34.0,34.1,29.5,30.3,29.7,34.8,1218.9,30.3,243000,94500,382,355802025.0,293,F1,750,,,,,
2026-02-18,2026-02-18,FO,NSE,STO,158283,,SBIN,,2026-03-30,2026-03-30,1200.0,PE,SBIN26MAR1200PE,30.4,30.4,25.35,26.25,26.0,30.45,1218.9,26.25,2100750,536250,2323,2138856337.5,1649,F1,750,,,,,
2026-02-18,2026-02-18,FO,NSE,STO,40810,,SBIN,,2026-03-30,2026-03-30,1170.0,PE,SBIN26MAR1170PE,19.05,19.05,15.7,16.5,16.1,19.9,1218.9,16.5,371250,121500,526,468369450.0,328,F1,750,,,,,
2026-02-18,2026-02-18,FO,NSE,STO,158144,,SBIN,,2026-02-24,2026-02-24,1045.0,CE,SBIN26FEB1045CE,170.1,170.7,168.05,168.05,168.05,163.8,1218.9,174.85,298500,-2250,7,6376537.5,7,F1,750,,,,,
2026-02-18,2026-02-18,FO,NSE,STO,134266,,SBIN,,2026-02-24,2026-02-24,1030.0,CE,SBIN26FEB1030CE,179.9,179.9,179.9,179.9,179.9,179.95,1218.9,189.85,471000,-3000,4,3629700.0,3,F1,750,,,,,
2026-02-18,2026-02-18,FO,NSE,STO,167365,,SBIN,,2026-04-28,2026-04-28,1170.0,PE,SBIN26APR1170PE,0.0,0.0,0.0,116.75,0.0,116.75,1218.9,22.6,0,0,0,0.0,0,F1,750,,,,,
2026-02-18,2026-02-18,FO,NSE,STO,57160,,SBIN,,2026-02-24,2026-02-24,1265.0,CE,SBIN26FEB1265CE,2.2,2.4,1.15,1.45,1.45,2.05,1218.9,1.45,264750,32250,828,786617850.0,546,F1,750,,,,,
2026-02-18,2026-02-18,FO,NSE,STO,167222,,SBIN,,2026-03-30,2026-03-30,1015.0,CE,SBIN26MAR1015CE,0.0,0.0,0.0,69.95,0.0,69.95,1218.9,210.15,0,0,0,0.0,0,F1,750,,,,,
2026-02-18,2026-02-18,FO,NSE,STO,158266,,SBIN,,2026-03-30,2026-03-30,1100.0,CE,SBIN26MAR1100CE,126.75,130.0,121.65,125.25,125.1,120.7,1218.9,125.25,429000,23250,79,72612937.5,67,F1,750,,,,,
2026-02-18,2026-02-18,FO,NSE,STO,158268,,SBIN,,2026-03-30,2026-03-30,1110.0,CE,SBIN26MAR1110CE,115.4,117.7,114.9,117.7,117.7,117.5,1218.9,117.7,12750,2250,7,6435937.5,6,F1,750,,,,,
2026-02-18,2026-02-18,FO,NSE,STO,158270,,SBIN,,2026-03-30,2026-03-30,1120.0,CE,SBIN26MAR1120CE,107.0,109.45,103.8,107.5,107.3,103.0,1218.9,107.5,178500,1500,12,11035462.5,9,F1,750,,,,,
2026-02-18,2026-02-18,FO,NSE,STO,57188,,SBIN,,2026-03-30,2026-03-30,1265.0,CE,SBIN26MAR1265CE,20.45,20.7,17.6,18.35,18.65,18.8,1218.9,18.35,33750,20250,40,38528137.5,39,F1,750,,,,,
2026-02-18,2026-02-18,FO,NSE,STO,57190,,SBIN,,2026-03-30,2026-03-30,1275.0,CE,SBIN26MAR1275CE,19.85,19.85,15.15,15.35,15.45,10.3,1218.9,15.35,8250,8250,14,13552425.0,13,F1,750,,,,,
2026-02-18,2026-02-18,FO,NSE,STO,167272,,SBIN,,2026-03-30,2026-03-30,1290.0,CE,SBIN26MAR1290CE,12.25,14.8,11.3,12.1,12.15,13.1,1218.9,12.1,101250,28500,109,106517850.0,89,F1,750,,,,,
2026-02-18,2026-02-18,FO,NSE,STO,167306,,SBIN,,2026-04-28,2026-04-28,880.0,CE,SBIN26APR880CE,0.0,0.0,0.0,189.3,0.0,189.3,1218.9,348.0,0,0,0,0.0,0,F1,750,,,,,
2026-02-18,2026-02-18,FO,NSE,STO,167316,,SBIN,,2026-04-28,2026-04-28,930.0,CE,SBIN26APR930CE,0.0,0.0,0.0,144.75,0.0,144.75,1218.9,298.6,0,0,0,0.0,0,F1,750,,,,,
2026-02-18,2026-02-18,FO,NSE,STO,167322,,SBIN,,2026-04-28,2026-04-28,960.0,CE,SBIN26APR960CE,0.0,0.0,0.0,120.2,0.0,120.2,1218.9,269.05,0,0,0,0.0,0,F1,750,,,,,
2026-02-18,2026-02-18,FO,NSE,STO,167330,,SBIN,,2026-04-28,2026-04-28,1000.0,CE,SBIN26APR1000CE,0.0,0.0,0.0,90.85,0.0,90.85,1218.9,229.95,0,0,0,0.0,0,F1,750,,,,,
2026-02-18,2026-02-18,FO,NSE,STO,134227,,SBIN,,2026-02-24,2026-02-24,930.0,PE,SBIN26FEB930PE,0.2,0.2,0.1,0.1,0.1,0.25,1218.9,0.1,135750,-6750,71,49530450.0,52,F1,750,,,,,
2026-02-18,2026-02-18,FO,NSE,STO,134255,,SBIN,,2026-02-24,2026-02-24,970.0,PE,SBIN26FEB970PE,0.2,0.2,0.1,0.1,0.1,0.3,1218.9,0.1,276000,-36000,109,79308750.0,61,F1,750,,,,,
2026-02-18,2026-02-18,FO,NSE,STO,134269,,SBIN,,2026-02-24,2026-02-24,1040.0,PE,SBIN26FEB1040PE,0.25,0.3,0.2,0.25,0.25,0.35,1218.9,0.25,1257000,-50250,508,396340725.0,150,F1,750,,,,,
2026-02-18,2026-02-18,FO,NSE,STO,158159,,SBIN,,2026-02-24,2026-02-24,1115.0,PE,SBIN26FEB1115PE,0.9,0.9,0.5,0.55,0.55,0.95,1218.9,0.55,353250,-28500,185,154788900.0,149,F1,750,,,,,
2026-02-18,2026-02-18,FO,NSE,STO,134587,,SBIN,,2026-02-24,2026-02-24,1120.0,PE,SBIN26FEB1120PE,0.75,0.85,0.5,0.55,0.55,1.0,1218.9,0.55,2521500,-486750,2125,1785974775.0,740,F1,750,,,,,
2026-02-18,2026-02-18,FO,NSE,STO,158167,,SBIN,,2026-02-24,2026-02-24,1155.0,PE,SBIN26FEB1155PE,1.8,1.9,0.95,1.05,1.0,2.05,1218.9,1.05,568500,8250,436,378067162.5,326,F1,750,,,,,
2026-02-18,2026-02-18,FO,NSE,STO,158177,,SBIN,,2026-02-24,2026-02-24,1250.0,PE,SBIN26FEB1250PE,41.65,43.0,36.6,38.45,38.7,44.35,1218.9,38.45,255750,-159000,421,407121675.0,253,F1,750,,,,,
2026-02-18,2026-02-18,FO,NSE,STO,134614,,SBIN,,2026-02-24,2026-02-24,1260.0,PE,SBIN26FEB1260PE,49.0,51.65,46.15,46.15,46.15,53.45,1218.9,46.15,24750,3000,57,55983262.5,31,F1,750,,,,,
2026-02-18,2026-02-18,FO,NSE,STO,57161,,SBIN,,2026-02-24,2026-02-24,1265.0,PE,SBIN26FEB1265PE,0.0,0.0,0.0,59.4,59.4,59.4,1218.9,46.85,9750,0,0,0.0,0,F1,750,,,,,
2026-02-18,2026-02-18,FO,NSE,STO,158183,,SBIN,,2026-02-24,2026-02-24,1310.0,PE,SBIN26FEB1310PE,0.0,0.0,0.0,324.5,0.0,324.5,1218.9,90.0,0,0,0,0.0,0,F1,750,,,,,
2026-02-18,2026-02-18,FO,NSE,STO,167201,,SBIN,,2026-03-30,2026-03-30,905.0,PE,SBIN26MAR905PE,0.0,0.0,0.0,2.2,0.0,2.2,1218.9,0.05,0,0,0,0.0,0,F1,750,,,,,
2026-02-18,2026-02-18,FO,NSE,STO,167213,,SBIN,,2026-03-30,2026-03-30,965.0,PE,SBIN26MAR965PE,0.0,0.0,0.0,8.75,0.0,8.75,1218.9,0.05,0,0,0,0.0,0,F1,750,,,,,
2026-02-18,2026-02-18,FO,NSE,STO,167231,,SBIN,,2026-03-30,2026-03-30,1055.0,PE,SBIN26MAR1055PE,0.0,0.0,0.0,37.4,0.0,37.4,1218.9,0.75,0,0,0,0.0,0,F1,750,,,,,
2026-02-18,2026-02-18,FO,NSE,STO,167237,,SBIN,,2026-03-30,2026-03-30,1085.0,PE,SBIN26MAR1085PE,0.0,0.0,0.0,13.95,13.95,13.95,1218.9,1.9,750,0,0,0.0,0,F1,750,,,,,
2026-02-18,2026-02-18,FO,NSE,STO,167243,,SBIN,,2026-03-30,2026-03-30,1115.0,PE,SBIN26MAR1115PE,8.5,8.55,7.55,7.55,7.55,8.4,1218.9,4.35,22500,-750,6,5053950.0,6,F1,750,,,,,
2026-02-18,2026-02-18,FO,NSE,STO,158285,,SBIN,,2026-03-30,2026-03-30,1220.0,PE,SBIN26MAR1220PE,38.55,39.05,34.0,34.85,34.75,40.15,1218.9,34.85,668250,291750,1313,1237150687.5,980,F1,750,,,,,
2026-02-18,2026-02-18,FO,NSE,STO,158289,,SBIN,,2026-03-30,2026-03-30,1260.0,PE,SBIN26MAR1260PE,0.0,0.0,0.0,269.05,0.0,269.05,1218.9,56.3,0,0,0,0.0,0,F1,750,,,,,
2026-02-18,2026-02-18,FO,NSE,STO,167337,,SBIN,,2026-04-28,2026-04-28,1030.0,PE,SBIN26APR1030PE,0.0,0.0,0.0,32.9,0.0,32.9,1218.9,1.55,0,0,0,0.0,0,F1,750,,,,,
2026-02-18,2026-02-18,FO,NSE,STO,167339,,SBIN,,2026-04-28,2026-04-28,1040.0,PE,SBIN26APR1040PE,4.45,6.3,4.45,6.3,6.3,9.0,1218.9,2.0,10500,4500,7,5486212.5,7,F1,750,,,,,
2026-02-18,2026-02-18,FO,NSE,STO,167383,,SBIN,,2026-04-28,2026-04-28,1280.0,PE,SBIN26APR1280PE,0.0,0.0,0.0,211.55,0.0,211.55,1218.9,76.7,0,0,0,0.0,0,F1,750,,,,,
2026-02-18,2026-02-18,FO,NSE,STO,134452,,SBIN,,2026-02-24,2026-02-24,1110.0,CE,SBIN26FEB1110CE,106.0,106.2,100.6,103.55,103.95,97.9,1218.9,103.55,1013250,12000,57,51885787.5,40,F1,750,,,,,
2026-02-18,2026-02-18,FO,NSE,STO,158152,,SBIN,,2026-02-24,2026-02-24,1085.0,CE,SBIN26FEB1085CE,128.0,130.75,127.15,128.9,128.9,134.0,1218.9,134.9,505500,-5250,9,8191725.0,9,F1,750,,,,,
2026-02-18,2026-02-18,FO,NSE,STO,134272,,SBIN,,2026-02-24,2026-02-24,1060.0,CE,SBIN26FEB1060CE,156.55,158.25,150.0,154.05,154.0,149.7,1218.9,154.05,873000,-24000,53,48277050.0,39,F1,750,,,,,
2026-02-18,2026-02-18,FO,NSE,STO,134256,,SBIN,,2026-02-24,2026-02-24,980.0,CE,SBIN26FEB980CE,237.0,237.0,237.0,237.0,237.0,233.5,1218.9,239.8,562500,-750,1,912750.0,1,F1,750,,,,,
2026-02-18,2026-02-18,FO,NSE,STO,158130,,SBIN,,2026-02-24,2026-02-24,975.0,CE,SBIN26FEB975CE,0.0,0.0,0.0,210.0,210.0,210.0,1218.9,244.8,27750,0,0,0.0,0,F1,750,,,,,
2026-02-18,2026-02-18,FO,NSE,STF,52030,,SBIN,,2026-03-30,2026-03-30,,,SBIN26MARFUT,1225.5,1226.2,1216.7,1222.0,1222.4,1216.6,1218.9,1222.0,15513000,3087000,7805,7147740750.0,6644,F1,750,,,,,
2026-02-18,2026-02-18,FO,NSE,STO,134357,,SBIN,,2026-02-24,2026-02-24,1090.0,CE,SBIN26FEB1090CE,123.0,126.8,119.95,120.4,120.4,123.0,1218.9,129.9,848250,-5250,18,16374337.5,14,F1,750,,,,,
2026-02-18,2026-02-18,FO,NSE,STO,64451,,SBIN,,2026-02-24,2026-02-24,1225.0,CE,SBIN26FEB1225CE,9.95,11.45,7.0,8.1,8.2,8.45,1218.9,8.1,2512500,684750,19051,17633316262.5,11842,F1,750,,,,,
2026-02-18,2026-02-18,FO,NSE,STO,40783,,SBIN,,2026-02-24,2026-02-24,1175.0,CE,SBIN26FEB1175CE,40.55,45.15,38.05,41.2,41.35,38.5,1218.9,41.2,348750,-21000,65,59278762.5,52,F1,750,,,,,
2026-02-18,2026-02-18,FO,NSE,STO,134611,,SBIN,,2026-02-24,2026-02-24,1240.0,CE,SBIN26FEB1240CE,5.3,6.4,3.5,4.15,4.15,4.7,1218.9,4.15,2085000,297000,26697,24921984862.5,11658,F1,750,,,,,
2026-02-18,2026-02-18,FO,NSE,STO,167202,,SBIN,,2026-03-30,2026-03-30,915.0,CE,SBIN26MAR915CE,0.0,0.0,0.0,150.55,0.0,150.55,1218.9,309.4,0,0,0,0.0,0,F1,750,,,,,
2026-02-18,2026-02-18,FO,NSE,STO,158234,,SBIN,,2026-03-30,2026-03-30,940.0,CE,SBIN26MAR940CE,0.0,0.0,0.0,86.0,86.0,86.0,1218.9,284.55,1500,0,0,0.0,0,F1,750,,,,,
2026-02-18,2026-02-18,FO,NSE,STO,158248,,SBIN,,2026-03-30,2026-03-30,1010.0,CE,SBIN26MAR1010CE,0.0,0.0,0.0,73.45,73.45,73.45,1218.9,215.1,8250,0,0,0.0,0,F1,750,,,,,
2026-02-18,2026-02-18,FO,NSE,STO,167224,,SBIN,,2026-03-30,2026-03-30,1025.0,CE,SBIN26MAR1025CE,0.0,0.0,0.0,63.55,0.0,63.55,1218.9,200.3,0,0,0,0.0,0,F1,750,,,,,
2026-02-18,2026-02-18,FO,NSE,STO,49089,,SBIN,,2026-03-30,2026-03-30,1210.0,CE,SBIN26MAR1210CE,41.45,45.5,38.9,41.65,41.6,40.9,1218.9,41.65,274500,60000,280,262938825.0,217,F1,750,,,,,
2026-02-18,2026-02-18,FO,NSE,STO,167262,,SBIN,,2026-03-30,2026-03-30,1215.0,CE,SBIN26MAR1215CE,39.75,42.45,36.55,39.05,38.55,38.7,1218.9,39.05,132000,51750,242,227761912.5,172,F1,750,,,,,
2026-02-18,2026-02-18,FO,NSE,STO,167334,,SBIN,,2026-04-28,2026-04-28,1020.0,CE,SBIN26APR1020CE,0.0,0.0,0.0,77.85,0.0,77.85,1218.9,210.65,0,0,0,0.0,0,F1,750,,,,,
2026-02-18,2026-02-18,FO,NSE,STO,167348,,SBIN,,2026-04-28,2026-04-28,1090.0,CE,SBIN26APR1090CE,0.0,0.0,0.0,41.95,0.0,41.95,1218.9,146.1,0,0,0,0.0,0,F1,750,,,,,
2026-02-18,2026-02-18,FO,NSE,STO,167362,,SBIN,,2026-04-28,2026-04-28,1160.0,CE,SBIN26APR1160CE,0.0,0.0,0.0,20.05,0.0,20.05,1218.9,90.5,0,0,0,0.0,0,F1,750,,,,,
2026-02-18,2026-02-18,FO,NSE,STO,134213,,SBIN,,2026-02-24,2026-02-24,860.0,PE,SBIN26FEB860PE,0.15,0.15,0.1,0.15,0.15,0.15,1218.9,0.05,64500,1500,6,3870562.5,6,F1,750,,,,,
2026-02-18,2026-02-18,FO,NSE,STO,134219,,SBIN,,2026-02-24,2026-02-24,890.0,PE,SBIN26FEB890PE,0.2,0.2,0.1,0.1,0.1,0.2,1218.9,0.1,91500,-21750,40,26703712.5,21,F1,750,,,,,
2026-02-18,2026-02-18,FO,NSE,STO,134274,,SBIN,,2026-02-24,2026-02-24,1070.0,CE,SBIN26FEB1070CE,143.5,147.0,140.55,144.0,144.0,137.5,1218.9,144.0,1138500,-6750,30,27325425.0,25,F1,750,,,,,
2026-02-18,2026-02-18,FO,NSE,STO,167357,,SBIN,,2026-04-28,2026-04-28,1130.0,PE,SBIN26APR1130PE,0.0,0.0,0.0,87.4,0.0,87.4,1218.9,12.25,0,0,0,0.0,0,F1,750,,,,,
2026-02-18,2026-02-18,FO,NSE,STO,167333,,SBIN,,2026-04-28,2026-04-28,1010.0,PE,SBIN26APR1010PE,0.0,0.0,0.0,25.6,0.0,25.6,1218.9,0.9,0,0,0,0.0,0,F1,750,,,,,
2026-02-18,2026-02-18,FO,NSE,STO,167331,,SBIN,,2026-04-28,2026-04-28,1000.0,PE,SBIN26APR1000PE,0.0,0.0,0.0,22.4,0.0,22.4,1218.9,0.7,0,0,0,0.0,0,F1,750,,,,,
2026-02-18,2026-02-18,FO,NSE,STO,167319,,SBIN,,2026-04-28,2026-04-28,940.0,PE,SBIN26APR940PE,0.0,0.0,0.0,8.85,0.0,8.85,1218.9,0.1,0,0,0,0.0,0,F1,750,,,,,
2026-02-18,2026-02-18,FO,NSE,STO,158293,,SBIN,,2026-03-30,2026-03-30,1300.0,PE,SBIN26MAR1300PE,90.0,94.0,87.0,88.4,88.0,95.1,1218.9,88.4,69750,27750,87,90650100.0,49,F1,750,,,,,
2026-02-18,2026-02-18,FO,NSE,STO,158291,,SBIN,,2026-03-30,2026-03-30,1280.0,PE,SBIN26MAR1280PE,0.0,0.0,0.0,288.4,0.0,288.4,1218.9,70.05,0,0,0,0.0,0,F1,750,,,,,
2026-02-18,2026-02-18,FO,NSE,STO,158273,,SBIN,,2026-03-30,2026-03-30,1130.0,PE,SBIN26MAR1130PE,10.3,10.3,8.45,8.7,8.55,10.85,1218.9,8.7,354000,16500,303,258860775.0,175,F1,750,,,,,
2026-02-18,2026-02-18,FO,NSE,STO,158241,,SBIN,,2026-03-30,2026-03-30,970.0,PE,SBIN26MAR970PE,0.0,0.0,0.0,2.3,2.3,2.3,1218.9,0.05,25500,0,0,0.0,0,F1,750,,,,,
2026-02-18,2026-02-18,FO,NSE,STO,158233,,SBIN,,2026-03-30,2026-03-30,930.0,PE,SBIN26MAR930PE,0.0,0.0,0.0,22.65,0.0,22.65,1218.9,0.05,0,0,0,0.0,0,F1,750,,,,,
2026-02-18,2026-02-18,FO,NSE,STO,64452,,SBIN,,2026-02-24,2026-02-24,1225.0,PE,SBIN26FEB1225PE,23.0,23.55,17.55,19.05,18.6,24.95,1218.9,19.05,271500,72000,1454,1357874287.5,1324,F1,750,,,,,
2026-02-18,2026-02-18,FO,NSE,STO,134448,,SBIN,,2026-02-24,2026-02-24,1100.0,PE,SBIN26FEB1100PE,0.6,0.65,0.4,0.45,0.45,0.75,1218.9,0.45,6186000,-374250,5217,4305879337.5,1100,F1,750,,,,,
2026-02-18,2026-02-18,FO,NSE,STO,134442,,SBIN,,2026-02-24,2026-02-24,1090.0,PE,SBIN26FEB1090PE,0.45,0.45,0.3,0.35,0.3,0.55,1218.9,0.35,764250,-102000,782,639490800.0,266,F1,750,,,,,
2026-02-18,2026-02-18,FO,NSE,STO,158145,,SBIN,,2026-02-24,2026-02-24,1045.0,PE,SBIN26FEB1045PE,0.25,0.3,0.2,0.2,0.2,0.4,1218.9,0.05,330000,-7500,45,35278200.0,29,F1,750,,,,,
2026-02-18,2026-02-18,FO,NSE,STO,158139,,SBIN,,2026-02-24,2026-02-24,1015.0,PE,SBIN26FEB1015PE,0.25,0.25,0.15,0.2,0.2,0.3,1218.9,0.05,143250,-1500,20,15227775.0,20,F1,750,,,,,
2026-02-18,2026-02-18,FO,NSE,STO,134225,,SBIN,,2026-02-24,2026-02-24,920.0,PE,SBIN26FEB920PE,0.2,0.2,0.15,0.15,0.15,0.2,1218.9,0.15,473250,-50250,137,94546312.5,66,F1,750,,,,,
2026-02-18,2026-02-18,FO,NSE,STO,134220,,SBIN,,2026-02-24,2026-02-24,900.0,CE,SBIN26FEB900CE,317.0,317.0,309.9,313.5,313.5,307.95,1218.9,313.5,370500,-19500,38,34589925.0,26,F1,750,,,,,
2026-02-18,2026-02-18,FO,NSE,STO,158118,,SBIN,,2026-02-24,2026-02-24,915.0,CE,SBIN26FEB915CE,0.0,0.0,0.0,78.8,0.0,78.8,1218.9,304.75,0,0,0,0.0,0,F1,750,,,,,
2026-02-18,2026-02-18,FO,NSE,STO,134228,,SBIN,,2026-02-24,2026-02-24,940.0,CE,SBIN26FEB940CE,0.0,0.0,0.0,226.1,226.1,226.1,1218.9,279.75,4500,0,0,0.0,0,F1,750,,,,,
2026-02-18,2026-02-18,FO,NSE,STO,158128,,SBIN,,2026-02-24,2026-02-24,965.0,CE,SBIN26FEB965CE,0.0,0.0,0.0,68.55,68.55,68.55,1218.9,254.75,6750,0,0,0.0,0,F1,750,,,,,
2026-02-18,2026-02-18,FO,NSE,STO,134254,,SBIN,,2026-02-24,2026-02-24,970.0,CE,SBIN26FEB970CE,243.45,243.45,243.45,243.45,243.45,237.15,1218.9,249.8,244500,-750,1,910087.5,1,F1,750,,,,,
2026-02-18,2026-02-18,FO,NSE,STO,134260,,SBIN,,2026-02-24,2026-02-24,1000.0,CE,SBIN26FEB1000CE,213.0,215.75,210.1,215.25,215.75,208.1,1218.9,215.25,512250,-16500,54,49151025.0,41,F1,750,,,,,
2026-02-18,2026-02-18,FO,NSE,STO,158136,,SBIN,,2026-02-24,2026-02-24,1005.0,CE,SBIN26FEB1005CE,209.0,209.0,209.0,209.0,209.0,204.45,1218.9,214.8,120750,-750,1,910500.0,1,F1,750,,,,,
2026-02-18,2026-02-18,FO,NSE,STO,134603,,SBIN,,2026-02-24,2026-02-24,1160.0,CE,SBIN26FEB1160CE,51.5,57.85,50.7,55.15,55.0,50.1,1218.9,55.15,2316750,-39750,125,113869875.0,113,F1,750,,,,,
2026-02-18,2026-02-18,FO,NSE,STO,158231,,SBIN,,2026-03-30,2026-03-30,920.0,PE,SBIN26MAR920PE,0.0,0.0,0.0,1.35,1.35,1.35,1218.9,0.05,33750,0,0,0.0,0,F1,750,,,,,
2026-02-18,2026-02-18,FO,NSE,STO,167207,,SBIN,,2026-03-30,2026-03-30,935.0,PE,SBIN26MAR935PE,0.0,0.0,0.0,4.6,0.0,4.6,1218.9,0.05,0,0,0,0.0,0,F1,750,,,,,
2026-02-18,2026-02-18,FO,NSE,STO,158237,,SBIN,,2026-03-30,2026-03-30,950.0,PE,SBIN26MAR950PE,1.45,1.45,1.05,1.1,1.1,1.55,1218.9,1.1,191250,4500,69,49219987.5,31,F1,750,,,,,
2026-02-18,2026-02-18,FO,NSE,STO,167217,,SBIN,,2026-03-30,2026-03-30,985.0,PE,SBIN26MAR985PE,0.0,0.0,0.0,2.65,2.65,2.65,1218.9,0.05,1500,0,0,0.0,0,F1,750,,,,,
2026-02-18,2026-02-18,FO,NSE,STO,158251,,SBIN,,2026-03-30,2026-03-30,1020.0,PE,SBIN26MAR1020PE,2.85,2.85,2.25,2.25,2.25,2.85,1218.9,2.25,126750,750,15,11503912.5,8,F1,750,,,,,
2026-02-18,2026-02-18,FO,NSE,STO,167233,,SBIN,,2026-03-30,2026-03-30,1065.0,PE,SBIN26MAR1065PE,0.0,0.0,0.0,42.4,0.0,42.4,1218.9,1.0,0,0,0,0.0,0,F1,750,,,,,
2026-02-18,2026-02-18,FO,NSE,STO,167249,,SBIN,,2026-03-30,2026-03-30,1145.0,PE,SBIN26MAR1145PE,12.85,12.85,10.8,10.8,10.8,12.55,1218.9,8.75,57750,-3750,18,15617400.0,14,F1,750,,,,,
2026-02-18,2026-02-18,FO,NSE,STO,167255,,SBIN,,2026-03-30,2026-03-30,1175.0,PE,SBIN26MAR1175PE,20.0,20.35,17.35,17.95,17.7,21.85,1218.9,17.95,93750,3000,48,42981750.0,43,F1,750,,,,,
2026-02-18,2026-02-18,FO,NSE,STO,167273,,SBIN,,2026-03-30,2026-03-30,1290.0,PE,SBIN26MAR1290PE,0.0,0.0,0.0,224.6,0.0,224.6,1218.9,77.45,0,0,0,0.0,0,F1,750,,,,,
2026-02-18,2026-02-18,FO,NSE,STO,167275,,SBIN,,2026-03-30,2026-03-30,1310.0,PE,SBIN26MAR1310PE,0.0,0.0,0.0,244.0,0.0,244.0,1218.9,93.2,0,0,0,0.0,0,F1,750,,,,,
2026-02-18,2026-02-18,FO,NSE,STO,167309,,SBIN,,2026-04-28,2026-04-28,890.0,PE,SBIN26APR890PE,0.0,0.0,0.0,3.3,0.0,3.3,1218.9,0.05,0,0,0,0.0,0,F1,750,,,,,
2026-02-18,2026-02-18,FO,NSE,STO,167313,,SBIN,,2026-04-28,2026-04-28,910.0,PE,SBIN26APR910PE,0.0,0.0,0.0,5.05,0.0,5.05,1218.9,0.05,0,0,0,0.0,0,F1,750,,,,,
2026-02-18,2026-02-18,FO,NSE,STO,167325,,SBIN,,2026-04-28,2026-04-28,970.0,PE,SBIN26APR970PE,0.0,0.0,0.0,14.5,0.0,14.5,1218.9,0.3,0,0,0,0.0,0,F1,750,,,,,
2026-02-18,2026-02-18,FO,NSE,STO,167351,,SBIN,,2026-04-28,2026-04-28,1100.0,PE,SBIN26APR1100PE,13.5,13.5,10.9,11.0,11.4,12.0,1218.9,11.0,171750,43500,83,69194137.5,80,F1,750,,,,,
2026-02-18,2026-02-18,FO,NSE,STO,158114,,SBIN,,2026-02-24,2026-02-24,895.0,CE,SBIN26FEB895CE,0.0,0.0,0.0,94.5,0.0,94.5,1218.9,324.7,0,0,0,0.0,0,F1,750,,,,,
2026-02-18,2026-02-18,FO,NSE,STO,158116,,SBIN,,2026-02-24,2026-02-24,905.0,CE,SBIN26FEB905CE,0.0,0.0,0.0,86.5,0.0,86.5,1218.9,314.7,0,0,0,0.0,0,F1,750,,,,,
2026-02-18,2026-02-18,FO,NSE,STO,158120,,SBIN,,2026-02-24,2026-02-24,925.0,CE,SBIN26FEB925CE,0.0,0.0,0.0,71.5,0.0,71.5,1218.9,294.75,0,0,0,0.0,0,F1,750,,,,,
2026-02-18,2026-02-18,FO,NSE,STO,158154,,SBIN,,2026-02-24,2026-02-24,1095.0,CE,SBIN26FEB1095CE,117.5,121.45,114.8,119.45,119.45,92.45,1218.9,119.45,1010250,-1500,18,16389225.0,17,F1,750,,,,,
2026-02-18,2026-02-18,FO,NSE,STO,134443,,SBIN,,2026-02-24,2026-02-24,1100.0,CE,SBIN26FEB1100CE,113.5,118.0,110.0,114.65,114.0,108.1,1218.9,114.65,2118750,-33750,178,162087525.0,129,F1,750,,,,,
2026-02-18,2026-02-18,FO,NSE,STO,158158,,SBIN,,2026-02-24,2026-02-24,1115.0,CE,SBIN26FEB1115CE,0.0,0.0,0.0,94.0,94.0,94.0,1218.9,104.9,186000,0,0,0.0,0,F1,750,,,,,
2026-02-18,2026-02-18,FO,NSE,STO,158168,,SBIN,,2026-02-24,2026-02-24,1170.0,CE,SBIN26FEB1170CE,43.1,50.15,42.0,45.25,45.25,42.75,1218.9,45.25,811500,-30000,89,81162037.5,74,F1,750,,,,,
2026-02-18,2026-02-18,FO,NSE,STO,158174,,SBIN,,2026-02-24,2026-02-24,1230.0,CE,SBIN26FEB1230CE,8.05,9.55,5.55,6.5,6.6,7.0,1218.9,6.5,2084250,-42000,26507,24597190912.5,13573,F1,750,,,,,
2026-02-18,2026-02-18,FO,NSE,STO,57162,,SBIN,,2026-02-24,2026-02-24,1275.0,CE,SBIN26FEB1275CE,1.6,1.65,0.85,1.0,1.05,0.75,1218.9,1.0,60750,60750,296,283312612.5,248,F1,750,,,,,
2026-02-18,2026-02-18,FO,NSE,STO,158184,,SBIN,,2026-02-24,2026-02-24,1330.0,CE,SBIN26FEB1330CE,1.0,1.0,0.3,0.4,0.4,0.6,1218.9,0.4,289500,69000,511,509894325.0,286,F1,750,,,,,
2026-02-18,2026-02-18,FO,NSE,STO,158119,,SBIN,,2026-02-24,2026-02-24,915.0,PE,SBIN26FEB915PE,0.1,0.1,0.1,0.1,0.1,0.55,1218.9,0.05,1500,0,1,686325.0,1,F1,750,,,,,
2026-02-18,2026-02-18,FO,NSE,STO,158264,,SBIN,,2026-03-30,2026-03-30,1090.0,CE,SBIN26MAR1090CE,0.0,0.0,0.0,132.95,132.95,132.95,1218.9,137.65,3750,0,0,0.0,0,F1,750,,,,,
2026-02-18,2026-02-18,FO,NSE,STO,167244,,SBIN,,2026-03-30,2026-03-30,1125.0,CE,SBIN26MAR1125CE,0.0,0.0,0.0,87.15,87.15,87.15,1218.9,106.2,750,0,0,0.0,0,F1,750,,,,,
2026-02-18,2026-02-18,FO,NSE,STO,167250,,SBIN,,2026-03-30,2026-03-30,1155.0,CE,SBIN26MAR1155CE,0.0,0.0,0.0,12.8,0.0,12.8,1218.9,81.7,0,0,0,0.0,0,F1,750,,,,,
2026-02-18,2026-02-18,FO,NSE,STO,158280,,SBIN,,2026-03-30,2026-03-30,1180.0,CE,SBIN26MAR1180CE,60.0,64.8,59.1,60.25,60.7,58.4,1218.9,60.25,176250,6750,54,50259525.0,50,F1,750,,,,,
2026-02-18,2026-02-18,FO,NSE,STO,167274,,SBIN,,2026-03-30,2026-03-30,1310.0,CE,SBIN26MAR1310CE,10.2,11.0,8.15,8.75,8.8,10.0,1218.9,8.75,210750,57750,284,281000062.5,164,F1,750,,,,,
2026-02-18,2026-02-18,FO,NSE,STO,158115,,SBIN,,2026-02-24,2026-02-24,895.0,PE,SBIN26FEB895PE,0.0,0.0,0.0,7.75,0.0,7.75,1218.9,0.05,0,0,0,0.0,0,F1,750,,,,,
2026-02-18,2026-02-18,FO,NSE,STO,134221,,SBIN,,2026-02-24,2026-02-24,900.0,PE,SBIN26FEB900PE,0.2,0.2,0.1,0.15,0.15,0.2,1218.9,0.05,435750,-120000,253,170797650.0,77,F1,750,,,,,
2026-02-18,2026-02-18,FO,NSE,STO,158131,,SBIN,,2026-02-24,2026-02-24,975.0,PE,SBIN26FEB975PE,0.1,0.2,0.1,0.15,0.15,0.3,1218.9,0.05,46500,1500,20,14627287.5,19,F1,750,,,,,
2026-02-18,2026-02-18,FO,NSE,STO,158135,,SBIN,,2026-02-24,2026-02-24,995.0,PE,SBIN26FEB995PE,0.15,0.2,0.15,0.15,0.15,0.25,1218.9,0.05,57750,-1500,20,14927587.5,18,F1,750,,,,,
2026-02-18,2026-02-18,FO,NSE,STO,134273,,SBIN,,2026-02-24,2026-02-24,1060.0,PE,SBIN26FEB1060PE,0.3,0.35,0.25,0.25,0.25,0.45,1218.9,0.25,879000,-55500,305,242538450.0,105,F1,750,,,,,
2026-02-18,2026-02-18,FO,NSE,STO,134356,,SBIN,,2026-02-24,2026-02-24,1080.0,PE,SBIN26FEB1080PE,0.4,0.4,0.2,0.25,0.2,0.4,1218.9,0.25,1800000,-153750,774,627092887.5,249,F1,750,,,,,
2026-02-18,2026-02-18,FO,NSE,STO,158155,,SBIN,,2026-02-24,2026-02-24,1095.0,PE,SBIN26FEB1095PE,0.45,0.5,0.3,0.4,0.4,0.65,1218.9,0.4,312750,-73500,184,151160325.0,104,F1,750,,,,,
2026-02-18,2026-02-18,FO,NSE,STO,56981,,360ONE,,2026-02-24,2026-02-24,1100.0,CE,360ONE26FEB1100CE,42.6,46.9,34.5,34.8,34.8,38.75,1127.2,37.15,30000,-500,24,13647575.0,24,F1,500,,,,,
2026-02-18,2026-02-18,FO,NSE,STO,68504,,360ONE,,2026-02-24,2026-02-24,920.0,CE,360ONE26FEB920CE,0.0,0.0,0.0,233.95,0.0,233.95,1127.2,208.05,0,0,0,0.0,0,F1,500,,,,,
2026-02-18,2026-02-18,FO,NSE,STO,56973,,360ONE,,2026-02-24,2026-02-24,980.0,CE,360ONE26FEB980CE,0.0,0.0,0.0,145.65,145.65,145.65,1127.2,148.1,3000,0,0,0.0,0,F1,500,,,,,
2026-02-18,2026-02-18,FO,NSE,STO,75051,,360ONE,,2026-04-28,2026-04-28,920.0,CE,360ONE26APR920CE,0.0,0.0,0.0,226.25,0.0,226.25,1127.2,222.4,0,0,0,0.0,0,F1,500,,,,,
2026-02-18,2026-02-18,FO,NSE,STO,75053,,360ONE,,2026-04-28,2026-04-28,960.0,CE,360ONE26APR960CE,0.0,0.0,0.0,195.6,0.0,195.6,1127.2,187.5,0,0,0,0.0,0,F1,500,,,,,
2026-02-18,2026-02-18,FO,NSE,STO,68533,,360ONE,,2026-02-24,2026-02-24,1200.0,PE,360ONE26FEB1200PE,61.35,77.0,61.35,74.35,74.35,75.5,1127.2,73.75,57500,-2000,20,12703650.0,17,F1,500,,,,,
2026-02-18,2026-02-18,FO,NSE,STO,56993,,360ONE,,2026-02-24,2026-02-24,1340.0,CE,360ONE26FEB1340CE,0.0,0.0,0.0,33.1,0.0,33.1,1127.2,0.05,0,0,0,0.0,0,F1,500,,,,,
2026-02-18,2026-02-18,FO,NSE,STO,68511,,360ONE,,2026-02-24,2026-02-24,1040.0,PE,360ONE26FEB1040PE,1.1,1.15,0.8,0.8,0.8,2.05,1127.2,0.7,107500,0,25,13013125.0,25,F1,500,,,,,
2026-02-18,2026-02-18,FO,NSE,STO,68562,,360ONE,,2026-02-24,2026-02-24,1240.0,PE,360ONE26FEB1240PE,0.0,0.0,0.0,98.55,99.6,98.55,1127.2,112.0,3000,0,0,0.0,0,F1,500,,,,,
2026-02-18,2026-02-18,FO,NSE,STO,75078,,360ONE,,2026-04-28,2026-04-28,1320.0,PE,360ONE26APR1320PE,0.0,0.0,0.0,220.55,0.0,220.55,1127.2,195.55,0,0,0,0.0,0,F1,500,,,,,
2026-02-18,2026-02-18,FO,NSE,STO,56992,,360ONE,,2026-02-24,2026-02-24,1300.0,PE,360ONE26FEB1300PE,170.5,170.5,170.5,170.5,170.5,167.8,1127.2,171.65,4500,0,1,735250.0,1,F1,500,,,,,
2026-02-18,2026-02-18,FO,NSE,STF,59188,,360ONE,,2026-02-24,2026-02-24,,,360ONE26FEBFUT,1136.2,1143.9,1123.3,1128.2,1124.5,1127.2,1127.2,1128.2,2938500,12000,669,378009050.0,588,F1,500,,,,,
2026-02-18,2026-02-18,FO,NSE,STO,75066,,360ONE,,2026-04-28,2026-04-28,1200.0,PE,360ONE26APR1200PE,0.0,0.0,0.0,134.3,0.0,134.3,1127.2,104.65,0,0,0,0.0,0,F1,500,,,,,
2026-02-18,2026-02-18,FO,NSE,STO,74975,,360ONE,,2026-03-30,2026-03-30,1340.0,CE,360ONE26MAR1340CE,0.0,0.0,0.0,17.7,0.0,17.7,1127.2,4.8,0,0,0,0.0,0,F1,500,,,,,
2026-02-18,2026-02-18,FO,NSE,STO,68531,,360ONE,,2026-02-24,2026-02-24,1160.0,PE,360ONE26FEB1160PE,38.25,41.6,34.7,39.7,39.9,41.55,1127.2,39.7,51000,-2000,18,10784725.0,17,F1,500,,,,,
2026-02-18,2026-02-18,FO,NSE,STO,56994,,360ONE,,2026-02-24,2026-02-24,1340.0,PE,360ONE26FEB1340PE,0.0,0.0,0.0,217.5,217.5,217.5,1127.2,211.6,0,0,0,0.0,0,F1,500,,,,,
2026-02-18,2026-02-18,FO,NSE,STO,57031,,360ONE,,2026-03-30,2026-03-30,1160.0,PE,360ONE26MAR1160PE,0.0,0.0,0.0,76.35,0.0,76.35,1127.2,66.75,0,0,0,0.0,0,F1,500,,,,,
2026-02-18,2026-02-18,FO,NSE,STO,74968,,360ONE,,2026-03-30,2026-03-30,1180.0,PE,360ONE26MAR1180PE,0.0,0.0,0.0,109.2,0.0,109.2,1127.2,79.2,0,0,0,0.0,0,F1,500,,,,,
2026-02-18,2026-02-18,FO,NSE,STO,56989,,360ONE,,2026-02-24,2026-02-24,1260.0,CE,360ONE26FEB1260CE,0.55,0.55,0.2,0.25,0.25,0.45,1127.2,0.25,60000,-3000,12,7562275.0,12,F1,500,,,,,
2026-02-18,2026-02-18,FO,NSE,STO,68575,,360ONE,,2026-02-24,2026-02-24,1320.0,CE,360ONE26FEB1320CE,0.5,0.5,0.1,0.15,0.15,0.5,1127.2,0.15,7000,-500,5,3300525.0,4,F1,500,,,,,
2026-02-18,2026-02-18,FO,NSE,STO,74965,,360ONE,,2026-03-30,2026-03-30,1140.0,CE,360ONE26MAR1140CE,39.5,39.5,35.65,35.75,35.85,65.0,1127.2,35.75,4000,2000,4,2353325.0,4,F1,500,,,,,
2026-02-18,2026-02-18,FO,NSE,STO,75061,,360ONE,,2026-04-28,2026-04-28,1120.0,CE,360ONE26APR1120CE,0.0,0.0,0.0,98.8,0.0,98.8,1127.2,77.8,0,0,0,0.0,0,F1,500,,,,,
2026-02-18,2026-02-18,FO,NSE,STO,56980,,360ONE,,2026-02-24,2026-02-24,1060.0,PE,360ONE26FEB1060PE,2.3,2.3,1.15,1.25,1.6,3.3,1127.2,1.25,250500,-500,37,19640550.0,33,F1,500,,,,,
2026-02-18,2026-02-18,FO,NSE,STO,68529,,360ONE,,2026-02-24,2026-02-24,1120.0,PE,360ONE26FEB1120PE,16.35,18.65,11.05,13.4,14.2,18.9,1127.2,13.4,394000,1000,276,156577950.0,248,F1,500,,,,,
2026-02-18,2026-02-18,FO,NSE,STO,68508,,360ONE,,2026-02-24,2026-02-24,1000.0,CE,360ONE26FEB1000CE,130.35,132.45,129.75,132.45,132.45,125.8,1127.2,128.15,17000,0,10,5654200.0,6,F1,500,,,,,
2026-02-18,2026-02-18,FO,NSE,STO,68514,,360ONE,,2026-02-24,2026-02-24,1120.0,CE,360ONE26FEB1120CE,25.75,33.4,20.05,22.85,21.4,25.75,1127.2,22.85,109500,-2000,428,245145825.0,291,F1,500,,,,,
2026-02-18,2026-02-18,FO,NSE,STO,56985,,360ONE,,2026-02-24,2026-02-24,1180.0,CE,360ONE26FEB1180CE,6.15,6.3,2.5,3.0,2.6,4.8,1127.2,3.0,222000,-3000,392,231983325.0,305,F1,500,,,,,
2026-02-18,2026-02-18,FO,NSE,STO,68573,,360ONE,,2026-02-24,2026-02-24,1280.0,CE,360ONE26FEB1280CE,0.25,0.5,0.2,0.3,0.3,0.65,1127.2,0.05,43000,-8000,35,22406575.0,26,F1,500,,,,,
2026-02-18,2026-02-18,FO,NSE,STO,57020,,360ONE,,2026-03-30,2026-03-30,1000.0,CE,360ONE26MAR1000CE,0.0,0.0,0.0,161.65,161.65,161.65,1127.2,141.95,1500,0,0,0.0,0,F1,500,,,,,
2026-02-18,2026-02-18,FO,NSE,STO,74971,,360ONE,,2026-03-30,2026-03-30,1260.0,CE,360ONE26MAR1260CE,0.0,0.0,0.0,8.0,8.0,8.0,1127.2,13.7,3500,0,0,0.0,0,F1,500,,,,,
2026-02-18,2026-02-18,FO,NSE,STO,68507,,360ONE,,2026-02-24,2026-02-24,960.0,PE,360ONE26FEB960PE,0.0,0.0,0.0,0.15,0.15,0.15,1127.2,0.05,2500,0,0,0.0,0,F1,500,,,,,
2026-02-18,2026-02-18,FO,NSE,STO,74962,,360ONE,,2026-03-30,2026-03-30,1060.0,PE,360ONE26MAR1060PE,0.0,0.0,0.0,47.15,0.0,47.15,1127.2,22.0,0,0,0,0.0,0,F1,500,,,,,
2026-02-18,2026-02-18,FO,NSE,STO,74964,,360ONE,,2026-03-30,2026-03-30,1100.0,PE,360ONE26MAR1100PE,30.0,30.0,30.0,30.0,30.0,30.05,1127.2,36.3,4000,1000,2,1130000.0,2,F1,500,,,,,
2026-02-18,2026-02-18,FO,NSE,STO,75060,,360ONE,,2026-04-28,2026-04-28,1080.0,PE,360ONE26APR1080PE,0.0,0.0,0.0,68.7,0.0,68.7,1127.2,41.6,0,0,0,0.0,0,F1,500,,,,,
2026-02-18,2026-02-18,FO,NSE,STO,68509,,360ONE,,2026-02-24,2026-02-24,1000.0,PE,360ONE26FEB1000PE,0.95,0.95,0.5,0.5,0.5,0.95,1127.2,0.05,59000,-1500,25,12508125.0,18,F1,500,,,,,
2026-02-18,2026-02-18,FO,NSE,STO,74944,,360ONE,,2026-03-30,2026-03-30,980.0,PE,360ONE26MAR980PE,0.0,0.0,0.0,11.4,11.4,11.4,1127.2,6.05,1000,0,0,0.0,0,F1,500,,,,,
2026-02-18,2026-02-18,FO,NSE,STO,56987,,360ONE,,2026-02-24,2026-02-24,1220.0,CE,360ONE26FEB1220CE,1.3,1.3,0.55,0.65,0.55,1.55,1127.2,0.65,121000,-26000,148,90346050.0,98,F1,500,,,,,
2026-02-18,2026-02-18,FO,NSE,STO,68561,,360ONE,,2026-02-24,2026-02-24,1240.0,CE,360ONE26FEB1240CE,0.7,0.75,0.35,0.4,0.4,1.0,1127.2,0.4,76000,-8500,41,25430250.0,34,F1,500,,,,,
2026-02-18,2026-02-18,FO,NSE,STO,57016,,360ONE,,2026-03-30,2026-03-30,920.0,CE,360ONE26MAR920CE,0.0,0.0,0.0,295.6,0.0,295.6,1127.2,214.4,0,0,0,0.0,0,F1,500,,,,,
2026-02-18,2026-02-18,FO,NSE,STO,74945,,360ONE,,2026-03-30,2026-03-30,1020.0,CE,360ONE26MAR1020CE,0.0,0.0,0.0,122.2,122.2,122.2,1127.2,125.5,500,0,0,0.0,0,F1,500,,,,,
2026-02-18,2026-02-18,FO,NSE,STO,75057,,360ONE,,2026-04-28,2026-04-28,1040.0,CE,360ONE26APR1040CE,0.0,0.0,0.0,141.75,0.0,141.75,1127.2,125.8,0,0,0,0.0,0,F1,500,,,,,
2026-02-18,2026-02-18,FO,NSE,STO,75059,,360ONE,,2026-04-28,2026-04-28,1080.0,CE,360ONE26APR1080CE,0.0,0.0,0.0,118.95,0.0,118.95,1127.2,99.95,0,0,0,0.0,0,F1,500,,,,,
2026-02-18,2026-02-18,FO,NSE,STO,75069,,360ONE,,2026-04-28,2026-04-28,1280.0,CE,360ONE26APR1280CE,0.0,0.0,0.0,43.2,0.0,43.2,1127.2,23.25,0,0,0,0.0,0,F1,500,,,,,
2026-02-18,2026-02-18,FO,NSE,STO,68591,,360ONE,,2026-02-24,2026-02-24,1360.0,CE,360ONE26FEB1360CE,0.1,0.1,0.1,0.1,0.1,0.5,1127.2,0.1,17500,0,2,1360100.0,1,F1,500,,,,,
2026-02-18,2026-02-18,FO,NSE,STO,74941,,360ONE,,2026-03-30,2026-03-30,940.0,CE,360ONE26MAR940CE,0.0,0.0,0.0,197.45,0.0,197.45,1127.2,195.5,0,0,0,0.0,0,F1,500,,,,,
2026-02-18,2026-02-18,FO,NSE,STO,57032,,360ONE,,2026-03-30,2026-03-30,1200.0,CE,360ONE26MAR1200CE,0.0,0.0,0.0,15.15,15.15,15.15,1127.2,27.15,1500,0,0,0.0,0,F1,500,,,,,
2026-02-18,2026-02-18,FO,NSE,STO,74973,,360ONE,,2026-03-30,2026-03-30,1300.0,CE,360ONE26MAR1300CE,0.4,0.4,0.4,0.4,0.4,10.35,1127.2,8.25,500,0,1,650200.0,1,F1,500,,,,,
2026-02-18,2026-02-18,FO,NSE,STO,57019,,360ONE,,2026-03-30,2026-03-30,960.0,PE,360ONE26MAR960PE,0.0,0.0,0.0,15.9,0.0,15.9,1127.2,4.1,0,0,0,0.0,0,F1,500,,,,,
2026-02-18,2026-02-18,FO,NSE,STO,74974,,360ONE,,2026-03-30,2026-03-30,1300.0,PE,360ONE26MAR1300PE,168.5,168.5,168.5,168.5,168.5,196.65,1127.2,173.25,500,500,1,734250.0,1,F1,500,,,,,
2026-02-18,2026-02-18,FO,NSE,STO,75054,,360ONE,,2026-04-28,2026-04-28,960.0,PE,360ONE26APR960PE,0.0,0.0,0.0,27.2,0.0,27.2,1127.2,10.4,0,0,0,0.0,0,F1,500,,,,,
2026-02-18,2026-02-18,FO,NSE,STO,74963,,360ONE,,2026-03-30,2026-03-30,1100.0,CE,360ONE26MAR1100CE,0.0,0.0,0.0,89.8,0.0,89.8,1127.2,70.1,0,0,0,0.0,0,F1,500,,,,,
2026-02-18,2026-02-18,FO,NSE,STO,74943,,360ONE,,2026-03-30,2026-03-30,980.0,CE,360ONE26MAR980CE,0.0,0.0,0.0,166.0,0.0,166.0,1127.2,159.15,0,0,0,0.0,0,F1,500,,,,,
2026-02-18,2026-02-18,FO,NSE,STO,56995,,360ONE,,2026-02-24,2026-02-24,1380.0,CE,360ONE26FEB1380CE,0.0,0.0,0.0,0.15,0.15,0.15,1127.2,0.05,12500,0,0,0.0,0,F1,500,,,,,
2026-02-18,2026-02-18,FO,NSE,STO,56991,,360ONE,,2026-02-24,2026-02-24,1300.0,CE,360ONE26FEB1300CE,0.35,0.5,0.15,0.2,0.2,0.45,1127.2,0.2,113000,-21500,72,46811125.0,49,F1,500,,,,,
2026-02-18,2026-02-18,FO,NSE,STO,57021,,360ONE,,2026-03-30,2026-03-30,1000.0,PE,360ONE26MAR1000PE,7.65,7.65,7.0,7.0,7.0,7.05,1127.2,8.7,3500,0,8,4028525.0,8,F1,500,,,,,
2026-02-18,2026-02-18,FO,NSE,STO,74942,,360ONE,,2026-03-30,2026-03-30,940.0,PE,360ONE26MAR940PE,0.0,0.0,0.0,13.95,0.0,13.95,1127.2,2.65,0,0,0,0.0,0,F1,500,,,,,
2026-02-18,2026-02-18,FO,NSE,STO,68513,,360ONE,,2026-02-24,2026-02-24,1080.0,PE,360ONE26FEB1080PE,4.8,4.8,2.7,3.15,3.75,6.15,1127.2,3.15,339500,-3000,61,33040425.0,48,F1,500,,,,,
2026-02-18,2026-02-18,FO,NSE,STO,56976,,360ONE,,2026-02-24,2026-02-24,1020.0,PE,360ONE26FEB1020PE,1.05,1.05,0.45,0.45,0.45,1.05,1127.2,0.45,30500,-1500,7,3572750.0,7,F1,500,,,,,
2026-02-18,2026-02-18,FO,NSE,STO,75063,,360ONE,,2026-04-28,2026-04-28,1160.0,CE,360ONE26APR1160CE,0.0,0.0,0.0,81.35,0.0,81.35,1127.2,59.3,0,0,0,0.0,0,F1,500,,,,,
2026-02-18,2026-02-18,FO,NSE,STO,75055,,360ONE,,2026-04-28,2026-04-28,1000.0,CE,360ONE26APR1000CE,0.0,0.0,0.0,167.4,0.0,167.4,1127.2,155.15,0,0,0,0.0,0,F1,500,,,,,
2026-02-18,2026-02-18,FO,NSE,STO,75056,,360ONE,,2026-04-28,2026-04-28,1000.0,PE,360ONE26APR1000PE,0.0,0.0,0.0,38.35,0.0,38.35,1127.2,17.6,0,0,0,0.0,0,F1,500,,,,,
2026-02-18,2026-02-18,FO,NSE,STO,57034,,360ONE,,2026-03-30,2026-03-30,1240.0,CE,360ONE26MAR1240CE,0.0,0.0,0.0,87.85,0.0,87.85,1127.2,17.35,0,0,0,0.0,0,F1,500,,,,,
2026-02-18,2026-02-18,FO,NSE,STF,66693,,360ONE,,2026-04-28,2026-04-28,,,360ONE26APRFUT,1132.6,1132.6,1132.6,1132.6,1132.6,1125.2,1127.2,1139.0,13500,0,1,566300.0,1,F1,500,,,,,
2026-02-18,2026-02-18,FO,NSE,STO,68530,,360ONE,,2026-02-24,2026-02-24,1160.0,CE,360ONE26FEB1160CE,10.15,12.35,5.15,6.45,5.15,9.0,1127.2,6.45,111000,-9000,487,284400975.0,409,F1,500,,,,,
2026-02-18,2026-02-18,FO,NSE,STO,57039,,360ONE,,2026-03-30,2026-03-30,1320.0,PE,360ONE26MAR1320PE,0.0,0.0,0.0,168.65,0.0,168.65,1127.2,191.2,0,0,0,0.0,0,F1,500,,,,,
2026-02-18,2026-02-18,FO,NSE,STO,74969,,360ONE,,2026-03-30,2026-03-30,1220.0,CE,360ONE26MAR1220CE,0.0,0.0,0.0,19.0,19.0,19.0,1127.2,21.85,2000,0,0,0.0,0,F1,500,,,,,
2026-02-18,2026-02-18,FO,NSE,STO,56975,,360ONE,,2026-02-24,2026-02-24,1020.0,CE,360ONE26FEB1020CE,0.0,0.0,0.0,105.0,105.0,105.0,1127.2,108.35,2000,0,0,0.0,0,F1,500,,,,,
2026-02-18,2026-02-18,FO,NSE,STO,68532,,360ONE,,2026-02-24,2026-02-24,1200.0,CE,360ONE26FEB1200CE,2.55,3.0,1.05,1.2,1.1,2.6,1127.2,1.2,263500,0,262,157431075.0,175,F1,500,,,,,
2026-02-18,2026-02-18,FO,NSE,STO,57030,,360ONE,,2026-03-30,2026-03-30,1160.0,CE,360ONE26MAR1160CE,0.0,0.0,0.0,45.8,45.8,45.8,1127.2,40.9,0,0,0,0.0,0,F1,500,,,,,
2026-02-18,2026-02-18,FO,NSE,STO,57036,,360ONE,,2026-03-30,2026-03-30,1280.0,CE,360ONE26MAR1280CE,0.0,0.0,0.0,12.7,12.7,12.7,1127.2,10.65,500,0,0,0.0,0,F1,500,,,,,
2026-02-18,2026-02-18,FO,NSE,STO,57040,,360ONE,,2026-03-30,2026-03-30,1360.0,CE,360ONE26MAR1360CE,0.0,0.0,0.0,4.05,4.05,4.05,1127.2,3.6,2000,0,0,0.0,0,F1,500,,,,,
2026-02-18,2026-02-18,FO,NSE,STO,56982,,360ONE,,2026-02-24,2026-02-24,1100.0,PE,360ONE26FEB1100PE,9.0,10.0,6.0,6.9,6.95,11.25,1127.2,6.9,317500,-4500,56,31035450.0,55,F1,500,,,,,
2026-02-18,2026-02-18,FO,NSE,STO,68576,,360ONE,,2026-02-24,2026-02-24,1320.0,PE,360ONE26FEB1320PE,0.0,0.0,0.0,200.7,200.7,200.7,1127.2,191.6,500,0,0,0.0,0,F1,500,,,,,
2026-02-18,2026-02-18,FO,NSE,STO,57024,,360ONE,,2026-03-30,2026-03-30,1040.0,PE,360ONE26MAR1040PE,0.0,0.0,0.0,32.95,0.0,32.95,1127.2,16.6,0,0,0,0.0,0,F1,500,,,,,
2026-02-18,2026-02-18,FO,NSE,STO,57033,,360ONE,,2026-03-30,2026-03-30,1200.0,PE,360ONE26MAR1200PE,0.0,0.0,0.0,126.1,126.1,126.1,1127.2,92.75,1500,0,0,0.0,0,F1,500,,,,,
2026-02-18,2026-02-18,FO,NSE,STO,57037,,360ONE,,2026-03-30,2026-03-30,1280.0,PE,360ONE26MAR1280PE,0.0,0.0,0.0,153.75,153.75,153.75,1127.2,155.8,2000,0,0,0.0,0,F1,500,,,,,
2026-02-18,2026-02-18,FO,NSE,STO,75052,,360ONE,,2026-04-28,2026-04-28,920.0,PE,360ONE26APR920PE,0.0,0.0,0.0,18.5,0.0,18.5,1127.2,5.65,0,0,0,0.0,0,F1,500,,,,,
2026-02-18,2026-02-18,FO,NSE,STO,75064,,360ONE,,2026-04-28,2026-04-28,1160.0,PE,360ONE26APR1160PE,0.0,0.0,0.0,109.9,0.0,109.9,1127.2,80.1,0,0,0,0.0,0,F1,500,,,,,
2026-02-18,2026-02-18,FO,NSE,STO,56971,,360ONE,,2026-02-24,2026-02-24,940.0,CE,360ONE26FEB940CE,0.0,0.0,0.0,185.1,185.1,185.1,1127.2,188.05,3000,0,0,0.0,0,F1,500,,,,,
2026-02-18,2026-02-18,FO,NSE,STO,68506,,360ONE,,2026-02-24,2026-02-24,960.0,CE,360ONE26FEB960CE,0.0,0.0,0.0,203.5,0.0,203.5,1127.2,168.05,0,0,0,0.0,0,F1,500,,,,,
2026-02-18,2026-02-18,FO,NSE,STO,68510,,360ONE,,2026-02-24,2026-02-24,1040.0,CE,360ONE26FEB1040CE,0.0,0.0,0.0,103.25,103.25,103.25,1127.2,88.8,4000,0,0,0.0,0,F1,500,,,,,
2026-02-18,2026-02-18,FO,NSE,STO,68574,,360ONE,,2026-02-24,2026-02-24,1280.0,PE,360ONE26FEB1280PE,0.0,0.0,0.0,140.75,140.75,140.75,1127.2,151.7,2000,0,0,0.0,0,F1,500,,,,,
2026-02-18,2026-02-18,FO,NSE,STO,74946,,360ONE,,2026-03-30,2026-03-30,1020.0,PE,360ONE26MAR1020PE,0.0,0.0,0.0,33.0,0.0,33.0,1127.2,12.2,0,0,0,0.0,0,F1,500,,,,,
2026-02-18,2026-02-18,FO,NSE,STO,57035,,360ONE,,2026-03-30,2026-03-30,1240.0,PE,360ONE26MAR1240PE,0.0,0.0,0.0,160.4,160.4,160.4,1127.2,122.7,1500,0,0,0.0,0,F1,500,,,,,
2026-02-18,2026-02-18,FO,NSE,STO,74972,,360ONE,,2026-03-30,2026-03-30,1260.0,PE,360ONE26MAR1260PE,0.0,0.0,0.0,134.7,134.7,134.7,1127.2,138.9,2000,0,0,0.0,0,F1,500,,,,,
2026-02-18,2026-02-18,FO,NSE,STO,57041,,360ONE,,2026-03-30,2026-03-30,1360.0,PE,360ONE26MAR1360PE,0.0,0.0,0.0,273.15,273.15,273.15,1127.2,228.25,3000,0,0,0.0,0,F1,500,,,,,
2026-02-18,2026-02-18,FO,NSE,STO,75076,,360ONE,,2026-04-28,2026-04-28,1280.0,PE,360ONE26APR1280PE,0.0,0.0,0.0,189.9,0.0,189.9,1127.2,162.8,0,0,0,0.0,0,F1,500,,,,,
2026-02-18,2026-02-18,FO,NSE,STO,74966,,360ONE,,2026-03-30,2026-03-30,1140.0,PE,360ONE26MAR1140PE,48.0,48.0,48.0,48.0,48.0,48.0,1127.2,48.0,2500,1500,3,1782000.0,3,F1,500,,,,,
2026-02-18,2026-02-18,FO,NSE,STO,56977,,360ONE,,2026-02-24,2026-02-24,1060.0,CE,360ONE26FEB1060CE,0.0,0.0,0.0,66.5,66.5,66.5,1127.2,70.0,17000,0,0,0.0,0,F1,500,,,,,
2026-02-18,2026-02-18,FO,NSE,STO,56990,,360ONE,,2026-02-24,2026-02-24,1260.0,PE,360ONE26FEB1260PE,0.0,0.0,0.0,113.0,0.0,113.0,1127.2,131.8,0,0,0,0.0,0,F1,500,,,,,
2026-02-18,2026-02-18,FO,NSE,STO,56988,,360ONE,,2026-02-24,2026-02-24,1220.0,PE,360ONE26FEB1220PE,87.2,95.25,85.9,95.25,95.25,87.55,1127.2,92.6,3500,1000,8,5231900.0,8,F1,500,,,,,
2026-02-18,2026-02-18,FO,NSE,STO,56984,,360ONE,,2026-02-24,2026-02-24,1140.0,PE,360ONE26FEB1140PE,24.65,27.65,18.45,23.8,27.1,28.5,1127.2,23.8,62000,-5500,120,69835000.0,120,F1,500,,,,,
2026-02-18,2026-02-18,FO,NSE,STO,75079,,360ONE,,2026-04-28,2026-04-28,1360.0,CE,360ONE26APR1360CE,0.0,0.0,0.0,27.25,0.0,27.25,1127.2,11.35,0,0,0,0.0,0,F1,500,,,,,
2026-02-18,2026-02-18,FO,NSE,STO,75058,,360ONE,,2026-04-28,2026-04-28,1040.0,PE,360ONE26APR1040PE,0.0,0.0,0.0,52.15,0.0,52.15,1127.2,27.85,0,0,0,0.0,0,F1,500,,,,,
2026-02-18,2026-02-18,FO,NSE,STO,74970,,360ONE,,2026-03-30,2026-03-30,1220.0,PE,360ONE26MAR1220PE,0.0,0.0,0.0,133.45,133.45,133.45,1127.2,107.3,2000,0,0,0.0,0,F1,500,,,,,
2026-02-18,2026-02-18,FO,NSE,STO,57022,,360ONE,,2026-03-30,2026-03-30,1040.0,CE,360ONE26MAR1040CE,0.0,0.0,0.0,199.95,0.0,199.95,1127.2,110.05,0,0,0,0.0,0,F1,500,,,,,
2026-02-18,2026-02-18,FO,NSE,STO,56986,,360ONE,,2026-02-24,2026-02-24,1180.0,PE,360ONE26FEB1180PE,53.3,58.2,48.4,51.95,51.95,57.45,1127.2,56.1,30500,-2000,10,6170900.0,8,F1,500,,,,,
2026-02-18,2026-02-18,FO,NSE,STO,56972,,360ONE,,2026-02-24,2026-02-24,940.0,PE,360ONE26FEB940PE,0.0,0.0,0.0,0.8,0.8,0.8,1127.2,0.05,3000,0,0,0.0,0,F1,500,,,,,
2026-02-18,2026-02-18,FO,NSE,STO,75077,,360ONE,,2026-04-28,2026-04-28,1320.0,CE,360ONE26APR1320CE,0.0,0.0,0.0,34.45,0.0,34.45,1127.2,16.4,0,0,0,0.0,0,F1,500,,,,,
2026-02-18,2026-02-18,FO,NSE,STO,75067,,360ONE,,2026-04-28,2026-04-28,1240.0,CE,360ONE26APR1240CE,0.0,0.0,0.0,53.75,0.0,53.75,1127.2,32.4,0,0,0,0.0,0,F1,500,,,,,
2026-02-18,2026-02-18,FO,NSE,STO,74961,,360ONE,,2026-03-30,2026-03-30,1060.0,CE,360ONE26MAR1060CE,0.0,0.0,0.0,111.95,0.0,111.95,1127.2,95.55,0,0,0,0.0,0,F1,500,,,,,
2026-02-18,2026-02-18,FO,NSE,STO,56983,,360ONE,,2026-02-24,2026-02-24,1140.0,CE,360ONE26FEB1140CE,19.75,21.8,10.9,12.95,11.1,15.85,1127.2,12.95,108000,-30500,2036,1175704100.0,1347,F1,500,,,,,
2026-02-18,2026-02-18,FO,NSE,STO,68512,,360ONE,,2026-02-24,2026-02-24,1080.0,CE,360ONE26FEB1080CE,52.3,54.45,49.0,54.4,54.35,53.25,1127.2,54.4,22500,-500,16,9060800.0,16,F1,500,,,,,
2026-02-18,2026-02-18,FO,NSE,STO,75085,,360ONE,,2026-04-28,2026-04-28,1360.0,PE,360ONE26APR1360PE,0.0,0.0,0.0,252.7,0.0,252.7,1127.2,230.1,0,0,0,0.0,0,F1,500,,,,,
2026-02-18,2026-02-18,FO,NSE,STO,57029,,360ONE,,2026-03-30,2026-03-30,1120.0,PE,360ONE26MAR1120PE,0.0,0.0,0.0,59.3,0.0,59.3,1127.2,45.2,0,0,0,0.0,0,F1,500,,,,,
2026-02-18,2026-02-18,FO,NSE,STO,57026,,360ONE,,2026-03-30,2026-03-30,1080.0,PE,360ONE26MAR1080PE,20.4,21.65,20.0,21.65,21.65,27.0,1127.2,28.55,7500,5000,13,7151225.0,12,F1,500,,,,,
2026-02-18,2026-02-18,FO,NSE,STO,56974,,360ONE,,2026-02-24,2026-02-24,980.0,PE,360ONE26FEB980PE,0.0,0.0,0.0,0.9,0.85,0.9,1127.2,0.05,11000,0,0,0.0,0,F1,500,,,,,
2026-02-18,2026-02-18,FO,NSE,STO,75068,,360ONE,,2026-04-28,2026-04-28,1240.0,PE,360ONE26APR1240PE,0.0,0.0,0.0,161.05,0.0,161.05,1127.2,132.35,0,0,0,0.0,0,F1,500,,,,,
2026-02-18,2026-02-18,FO,NSE,STO,75065,,360ONE,,2026-04-28,2026-04-28,1200.0,CE,360ONE26APR1200CE,0.0,0.0,0.0,66.4,0.0,66.4,1127.2,44.25,0,0,0,0.0,0,F1,500,,,,,
2026-02-18,2026-02-18,FO,NSE,STO,75062,,360ONE,,2026-04-28,2026-04-28,1120.0,PE,360ONE26APR1120PE,0.0,0.0,0.0,87.95,0.0,87.95,1127.2,59.0,0,0,0,0.0,0,F1,500,,,,,
2026-02-18,2026-02-18,FO,NSE,STO,57017,,360ONE,,2026-03-30,2026-03-30,920.0,PE,360ONE26MAR920PE,0.0,0.0,0.0,10.35,0.0,10.35,1127.2,1.7,0,0,0,0.0,0,F1,500,,,,,
2026-02-18,2026-02-18,FO,NSE,STO,57018,,360ONE,,2026-03-30,2026-03-30,960.0,CE,360ONE26MAR960CE,0.0,0.0,0.0,123.85,123.85,123.85,1127.2,177.05,1000,0,0,0.0,0,F1,500,,,,,
2026-02-18,2026-02-18,FO,NSE,STO,74976,,360ONE,,2026-03-30,2026-03-30,1340.0,PE,360ONE26MAR1340PE,0.0,0.0,0.0,229.95,0.0,229.95,1127.2,209.55,0,0,0,0.0,0,F1,500,,,,,
2026-02-18,2026-02-18,FO,NSE,STO,68505,,360ONE,,2026-02-24,2026-02-24,920.0,PE,360ONE26FEB920PE,0.0,0.0,0.0,0.45,0.45,0.45,1127.2,0.05,8500,0,0,0.0,0,F1,500,,,,,
2026-02-18,2026-02-18,FO,NSE,STO,57038,,360ONE,,2026-03-30,2026-03-30,1320.0,CE,360ONE26MAR1320CE,0.0,0.0,0.0,59.8,0.0,59.8,1127.2,6.35,0,0,0,0.0,0,F1,500,,,,,
2026-02-18,2026-02-18,FO,NSE,STF,51722,,360ONE,,2026-03-30,2026-03-30,,,360ONE26MARFUT,1127.0,1140.6,1121.3,1126.2,1125.7,1126.2,1127.2,1126.2,251500,37500,228,128667500.0,227,F1,500,,,,,
2026-02-18,2026-02-18,FO,NSE,STO,74967,,360ONE,,2026-03-30,2026-03-30,1180.0,CE,360ONE26MAR1180CE,0.0,0.0,0.0,55.2,0.0,55.2,1127.2,33.5,0,0,0,0.0,0,F1,500,,,,,
2026-02-18,2026-02-18,FO,NSE,STO,57025,,360ONE,,2026-03-30,2026-03-30,1080.0,CE,360ONE26MAR1080CE,0.0,0.0,0.0,172.45,0.0,172.45,1127.2,82.25,0,0,0,0.0,0,F1,500,,,,,
2026-02-18,2026-02-18,FO,NSE,STO,57027,,360ONE,,2026-03-30,2026-03-30,1120.0,CE,360ONE26MAR1120CE,0.0,0.0,0.0,147.5,0.0,147.5,1127.2,59.15,0,0,0,0.0,0,F1,500,,,,,
2026-02-18,2026-02-18,FO,NSE,STO,69930,,ADANIENT,,2026-02-24,2026-02-24,2160.0,CE,ADANIENT26FEB2160CE,99.25,99.25,56.0,65.7,66.95,98.8,2211.2,65.7,119274,-3399,501,344441388.45,395,F1,309,,,,,
2026-02-18,2026-02-18,FO,NSE,STO,58093,,ADANIENT,,2026-02-24,2026-02-24,2140.0,CE,ADANIENT26FEB2140CE,106.0,108.9,70.0,80.9,81.0,115.4,2211.2,80.9,105987,-13287,307,210594484.95,231,F1,309,,,,,
2026-02-18,2026-02-18,FO,NSE,STO,58086,,ADANIENT,,2026-02-24,2026-02-24,2060.0,CE,ADANIENT26FEB2060CE,185.0,185.0,140.4,157.5,158.35,189.85,2211.2,157.5,135033,-6489,71,48651802.8,69,F1,309,,,,,
2026-02-18,2026-02-18,FO,NSE,STO,58079,,ADANIENT,,2026-02-24,2026-02-24,1900.0,PE,ADANIENT26FEB1900PE,3.65,3.8,2.6,2.75,2.9,3.7,2211.2,2.75,313635,-6798,913,536888473.35,571,F1,309,,,,,
2026-02-18,2026-02-18,FO,NSE,STO,69878,,ADANIENT,,2026-02-24,2026-02-24,1840.0,CE,ADANIENT26FEB1840CE,0.0,0.0,0.0,400.0,400.0,400.0,2211.2,372.85,23175,0,0,0.0,0,F1,309,,,,,
2026-02-18,2026-02-18,FO,NSE,STO,69862,,ADANIENT,,2026-02-24,2026-02-24,1680.0,CE,ADANIENT26FEB1680CE,530.0,530.5,529.0,529.0,529.0,282.5,2211.2,532.7,1854,-5871,19,12973983.0,6,F1,309,,,,,
2026-02-18,2026-02-18,FO,NSE,STO,76925,,ADANIENT,,2026-03-30,2026-03-30,2460.0,PE,ADANIENT26MAR2460PE,0.0,0.0,0.0,262.0,262.0,262.0,2211.2,274.3,1545,0,0,0.0,0,F1,309,,,,,
2026-02-18,2026-02-18,FO,NSE,STO,58431,,ADANIENT,,2026-03-30,2026-03-30,2440.0,PE,ADANIENT26MAR2440PE,0.0,0.0,0.0,314.25,0.0,314.25,2211.2,258.7,0,0,0,0.0,0,F1,309,,,,,
2026-02-18,2026-02-18,FO,NSE,STO,77038,,ADANIENT,,2026-04-28,2026-04-28,2280.0,PE,ADANIENT26APR2280PE,0.0,0.0,0.0,371.4,0.0,371.4,2211.2,179.5,0,0,0,0.0,0,F1,309,,,,,
2026-02-18,2026-02-18,FO,NSE,STO,77034,,ADANIENT,,2026-04-28,2026-04-28,2200.0,PE,ADANIENT26APR2200PE,0.0,0.0,0.0,313.6,0.0,313.6,2211.2,136.7,0,0,0,0.0,0,F1,309,,,,,
2026-02-18,2026-02-18,FO,NSE,STO,77001,,ADANIENT,,2026-04-28,2026-04-28,2080.0,PE,ADANIENT26APR2080PE,0.0,0.0,0.0,235.05,0.0,235.05,2211.2,84.8,0,0,0,0.0,0,F1,309,,,,,
2026-02-18,2026-02-18,FO,NSE,STO,58383,,ADANIENT,,2026-03-30,2026-03-30,1960.0,PE,ADANIENT26MAR1960PE,16.2,19.75,16.15,19.75,19.75,15.0,2211.2,25.3,74160,309,6,3664987.2,6,F1,309,,,,,
2026-02-18,2026-02-18,FO,NSE,STO,69979,,ADANIENT,,2026-02-24,2026-02-24,2480.0,PE,ADANIENT26FEB2480PE,0.0,0.0,0.0,260.0,260.0,260.0,2211.2,267.15,618,0,0,0.0,0,F1,309,,,,,
2026-02-18,2026-02-18,FO,NSE,STO,69947,,ADANIENT,,2026-02-24,2026-02-24,2280.0,PE,ADANIENT26FEB2280PE,67.1,98.6,67.1,82.2,82.15,63.05,2211.2,82.2,83739,-12360,176,128616151.5,113,F1,309,,,,,
2026-02-18,2026-02-18,FO,NSE,STO,69859,,ADANIENT,,2026-02-24,2026-02-24,1600.0,PE,ADANIENT26FEB1600PE,1.45,1.45,0.75,0.8,0.8,1.65,2211.2,0.8,66744,6180,65,32158881.45,54,F1,309,,,,,
2026-02-18,2026-02-18,FO,NSE,STO,77035,,ADANIENT,,2026-04-28,2026-04-28,2240.0,CE,ADANIENT26APR2240CE,0.0,0.0,0.0,95.75,0.0,95.75,2211.2,151.65,0,0,0,0.0,0,F1,309,,,,,
2026-02-18,2026-02-18,FO,NSE,STO,76982,,ADANIENT,,2026-04-28,2026-04-28,1920.0,CE,ADANIENT26APR1920CE,0.0,0.0,0.0,216.6,0.0,216.6,2211.2,349.35,0,0,0,0.0,0,F1,309,,,,,
2026-02-18,2026-02-18,FO,NSE,STO,76966,,ADANIENT,,2026-04-28,2026-04-28,1680.0,CE,ADANIENT26APR1680CE,0.0,0.0,0.0,363.5,0.0,363.5,2211.2,555.85,0,0,0,0.0,0,F1,309,,,,,
2026-02-18,2026-02-18,FO,NSE,STO,58119,,ADANIENT,,2026-02-24,2026-02-24,2500.0,PE,ADANIENT26FEB2500PE,292.0,292.0,292.0,292.0,292.0,258.25,2211.2,292.0,131325,-309,1,862728.0,1,F1,309,,,,,
2026-02-18,2026-02-18,FO,NSE,STO,76881,,ADANIENT,,2026-03-30,2026-03-30,1740.0,PE,ADANIENT26MAR1740PE,0.0,0.0,0.0,53.8,0.0,53.8,2211.2,3.35,0,0,0,0.0,0,F1,309,,,,,
2026-02-18,2026-02-18,FO,NSE,STO,58391,,ADANIENT,,2026-03-30,2026-03-30,2080.0,PE,ADANIENT26MAR2080PE,34.5,42.0,32.9,33.3,33.15,40.5,2211.2,33.3,9888,6798,36,23539496.4,35,F1,309,,,,,
2026-02-18,2026-02-18,FO,NSE,STO,76908,,ADANIENT,,2026-03-30,2026-03-30,2180.0,PE,ADANIENT26MAR2180PE,65.7,66.7,61.15,61.15,61.15,276.95,2211.2,61.15,618,618,5,3468818.55,4,F1,309,,,,,
2026-02-18,2026-02-18,FO,NSE,STO,58410,,ADANIENT,,2026-03-30,2026-03-30,2280.0,PE,ADANIENT26MAR2280PE,0.0,0.0,0.0,215.2,0.0,215.2,2211.2,148.55,0,0,0,0.0,0,F1,309,,,,,
2026-02-18,2026-02-18,FO,NSE,STO,58436,,ADANIENT,,2026-03-30,2026-03-30,2520.0,PE,ADANIENT26MAR2520PE,320.0,320.0,320.0,320.0,320.0,282.95,2211.2,323.15,221244,309,1,877560.0,1,F1,309,,,,,
2026-02-18,2026-02-18,FO,NSE,STO,77051,,ADANIENT,,2026-04-28,2026-04-28,2400.0,CE,ADANIENT26APR2400CE,0.0,0.0,0.0,60.95,0.0,60.95,2211.2,91.15,0,0,0,0.0,0,F1,309,,,,,
2026-02-18,2026-02-18,FO,NSE,STO,76986,,ADANIENT,,2026-04-28,2026-04-28,2000.0,CE,ADANIENT26APR2000CE,0.0,0.0,0.0,178.85,0.0,178.85,2211.2,290.35,0,0,0,0.0,0,F1,309,,,,,
2026-02-18,2026-02-18,FO,NSE,STO,76984,,ADANIENT,,2026-04-28,2026-04-28,1960.0,CE,ADANIENT26APR1960CE,0.0,0.0,0.0,197.05,0.0,197.05,2211.2,319.1,0,0,0,0.0,0,F1,309,,,,,
2026-02-18,2026-02-18,FO,NSE,STO,76970,,ADANIENT,,2026-04-28,2026-04-28,1760.0,CE,ADANIENT26APR1760CE,0.0,0.0,0.0,308.85,0.0,308.85,2211.2,483.05,0,0,0,0.0,0,F1,309,,,,,
2026-02-18,2026-02-18,FO,NSE,STO,76968,,ADANIENT,,2026-04-28,2026-04-28,1720.0,CE,ADANIENT26APR1720CE,0.0,0.0,0.0,335.55,0.0,335.55,2211.2,519.05,0,0,0,0.0,0,F1,309,,,,,
2026-02-18,2026-02-18,FO,NSE,STO,58435,,ADANIENT,,2026-03-30,2026-03-30,2520.0,CE,ADANIENT26MAR2520CE,0.0,0.0,0.0,102.1,0.0,102.1,2211.2,29.5,0,0,0,0.0,0,F1,309,,,,,
2026-02-18,2026-02-18,FO,NSE,STO,58398,,ADANIENT,,2026-03-30,2026-03-30,2240.0,CE,ADANIENT26MAR2240CE,95.4,95.4,66.45,71.9,74.0,95.4,2211.2,71.9,55929,34917,242,173314701.0,213,F1,309,,,,,
2026-02-18,2026-02-18,FO,NSE,STO,58394,,ADANIENT,,2026-03-30,2026-03-30,2160.0,CE,ADANIENT26MAR2160CE,130.0,130.0,108.0,110.0,110.0,141.9,2211.2,150.7,8034,1854,9,6324117.6,9,F1,309,,,,,
2026-02-18,2026-02-18,FO,NSE,STO,76893,,ADANIENT,,2026-03-30,2026-03-30,1940.0,CE,ADANIENT26MAR1940CE,0.0,0.0,0.0,170.6,0.0,170.6,2211.2,304.6,0,0,0,0.0,0,F1,309,,,,,
2026-02-18,2026-02-18,FO,NSE,STO,76882,,ADANIENT,,2026-03-30,2026-03-30,1780.0,CE,ADANIENT26MAR1780CE,0.0,0.0,0.0,263.9,0.0,263.9,2211.2,447.05,0,0,0,0.0,0,F1,309,,,,,
2026-02-18,2026-02-18,FO,NSE,STO,58118,,ADANIENT,,2026-02-24,2026-02-24,2500.0,CE,ADANIENT26FEB2500CE,3.5,4.05,1.0,1.2,1.25,3.05,2211.2,1.2,609966,11433,1044,806973646.8,671,F1,309,,,,,
2026-02-18,2026-02-18,FO,NSE,STO,69958,,ADANIENT,,2026-02-24,2026-02-24,2440.0,CE,ADANIENT26FEB2440CE,4.75,4.75,1.55,1.85,1.85,4.75,2211.2,1.85,102279,-3090,279,210573457.5,239,F1,309,,,,,
2026-02-18,2026-02-18,FO,NSE,STO,69946,,ADANIENT,,2026-02-24,2026-02-24,2280.0,CE,ADANIENT26FEB2280CE,35.0,35.0,10.3,12.3,12.4,28.3,2211.2,12.3,247818,7725,2262,1604847320.85,1999,F1,309,,,,,
2026-02-18,2026-02-18,FO,NSE,STO,58074,,ADANIENT,,2026-02-24,2026-02-24,1820.0,CE,ADANIENT26FEB1820CE,0.0,0.0,0.0,162.95,162.95,162.95,2211.2,392.85,2472,0,0,0.0,0,F1,309,,,,,
2026-02-18,2026-02-18,FO,NSE,STO,69858,,ADANIENT,,2026-02-24,2026-02-24,1600.0,CE,ADANIENT26FEB1600CE,0.0,0.0,0.0,636.25,636.25,636.25,2211.2,612.65,1236,0,0,0.0,0,F1,309,,,,,
2026-02-18,2026-02-18,FO,NSE,STO,69863,,ADANIENT,,2026-02-24,2026-02-24,1680.0,PE,ADANIENT26FEB1680PE,1.6,1.6,1.0,1.2,1.2,1.85,2211.2,1.2,33990,927,69,35846842.8,56,F1,309,,,,,
2026-02-18,2026-02-18,FO,NSE,STO,58083,,ADANIENT,,2026-02-24,2026-02-24,1980.0,PE,ADANIENT26FEB1980PE,4.65,5.2,3.4,3.6,3.6,4.7,2211.2,3.6,166242,53148,563,345145846.65,400,F1,309,,,,,
2026-02-18,2026-02-18,FO,NSE,STO,69925,,ADANIENT,,2026-02-24,2026-02-24,2040.0,PE,ADANIENT26FEB2040PE,5.75,7.3,4.35,4.55,4.65,5.85,2211.2,4.55,114639,-4326,310,195948085.8,289,F1,309,,,,,
2026-02-18,2026-02-18,FO,NSE,STO,69927,,ADANIENT,,2026-02-24,2026-02-24,2080.0,PE,ADANIENT26FEB2080PE,8.0,10.05,5.6,6.05,5.95,7.2,2211.2,6.05,82812,6180,401,258649624.2,373,F1,309,,,,,
2026-02-18,2026-02-18,FO,NSE,STO,58094,,ADANIENT,,2026-02-24,2026-02-24,2140.0,PE,ADANIENT26FEB2140PE,12.0,20.35,10.5,11.2,11.25,11.8,2211.2,11.2,261723,-45732,2021,1345260855.0,1592,F1,309,,,,,
2026-02-18,2026-02-18,FO,NSE,STO,69949,,ADANIENT,,2026-02-24,2026-02-24,2320.0,PE,ADANIENT26FEB2320PE,112.85,135.55,112.85,122.15,122.15,140.95,2211.2,118.15,26883,-2163,21,15828154.2,21,F1,309,,,,,
2026-02-18,2026-02-18,FO,NSE,STO,58415,,ADANIENT,,2026-03-30,2026-03-30,2400.0,CE,ADANIENT26MAR2400CE,37.75,38.0,21.7,24.75,25.45,37.0,2211.2,24.75,300039,-5253,608,455971477.65,477,F1,309,,,,,
2026-02-18,2026-02-18,FO,NSE,STO,76895,,ADANIENT,,2026-03-30,2026-03-30,1980.0,CE,ADANIENT26MAR1980CE,0.0,0.0,0.0,151.5,0.0,151.5,2211.2,272.35,0,0,0,0.0,0,F1,309,,,,,
2026-02-18,2026-02-18,FO,NSE,STO,77054,,ADANIENT,,2026-04-28,2026-04-28,2440.0,PE,ADANIENT26APR2440PE,0.0,0.0,0.0,497.35,0.0,497.35,2211.2,283.05,0,0,0,0.0,0,F1,309,,,,,
2026-02-18,2026-02-18,FO,NSE,STO,58411,,ADANIENT,,2026-03-30,2026-03-30,2320.0,CE,ADANIENT26MAR2320CE,54.6,54.6,42.7,44.15,44.15,60.9,2211.2,78.5,3090,1545,9,6580000.5,8,F1,309,,,,,
2026-02-18,2026-02-18,FO,NSE,STO,69974,,ADANIENT,,2026-02-24,2026-02-24,2480.0,CE,ADANIENT26FEB2480CE,3.45,3.45,1.15,1.35,1.35,3.45,2211.2,1.35,47895,-2781,133,102000884.55,119,F1,309,,,,,
2026-02-18,2026-02-18,FO,NSE,STO,58220,,ADANIENT,,2026-03-30,2026-03-30,1680.0,CE,ADANIENT26MAR1680CE,535.0,535.0,535.0,535.0,535.0,533.0,2211.2,542.9,6180,5871,19,13004265.0,6,F1,309,,,,,
2026-02-18,2026-02-18,FO,NSE,STF,51728,,ADANIENT,,2026-03-30,2026-03-30,,,ADANIENT26MARFUT,2250.0,2253.5,2193.7,2215.3,2215.0,2247.6,2211.2,2215.3,6615690,1477329,7601,5197879436.7,5526,F1,309,,,,,
2026-02-18,2026-02-18,FO,NSE,STO,69948,,ADANIENT,,2026-02-24,2026-02-24,2320.0,CE,ADANIENT26FEB2320CE,19.95,19.95,5.8,7.05,7.0,17.65,2211.2,7.05,108768,-47895,1564,1125663886.8,1367,F1,309,,,,,
2026-02-18,2026-02-18,FO,NSE,STO,58109,,ADANIENT,,2026-02-24,2026-02-24,2380.0,CE,ADANIENT26FEB2380CE,8.75,9.15,2.85,3.4,3.3,8.7,2211.2,3.4,67362,-7416,369,271841884.8,342,F1,309,,,,,
2026-02-18,2026-02-18,FO,NSE,STO,77060,,ADANIENT,,2026-04-28,2026-04-28,2560.0,PE,ADANIENT26APR2560PE,0.0,0.0,0.0,599.1,0.0,599.1,2211.2,374.05,0,0,0,0.0,0,F1,309,,,,,
2026-02-18,2026-02-18,FO,NSE,STO,76969,,ADANIENT,,2026-04-28,2026-04-28,1720.0,PE,ADANIENT26APR1720PE,0.0,0.0,0.0,69.7,0.0,69.7,2211.2,10.05,0,0,0,0.0,0,F1,309,,,,,
2026-02-18,2026-02-18,FO,NSE,STO,69985,,ADANIENT,,2026-02-24,2026-02-24,2560.0,PE,ADANIENT26FEB2560PE,0.0,0.0,0.0,332.6,332.6,332.6,2211.2,346.55,8034,0,0,0.0,0,F1,309,,,,,
2026-02-18,2026-02-18,FO,NSE,STO,58100,,ADANIENT,,2026-02-24,2026-02-24,2220.0,PE,ADANIENT26FEB2220PE,31.0,57.0,30.6,38.9,37.4,31.3,2211.2,38.9,212592,-618,1947,1360666637.1,1700,F1,309,,,,,
2026-02-18,2026-02-18,FO,NSE,STO,58096,,ADANIENT,,2026-02-24,2026-02-24,2180.0,PE,ADANIENT26FEB2180PE,18.7,35.4,15.35,20.5,20.15,18.75,2211.2,20.5,166551,2781,2889,1969128069.75,2454,F1,309,,,,,
2026-02-18,2026-02-18,FO,NSE,STO,58085,,ADANIENT,,2026-02-24,2026-02-24,2020.0,PE,ADANIENT26FEB2020PE,5.65,6.55,4.0,4.2,4.25,5.45,2211.2,4.2,80031,-14832,490,306599348.1,406,F1,309,,,,,
2026-02-18,2026-02-18,FO,NSE,STO,58075,,ADANIENT,,2026-02-24,2026-02-24,1820.0,PE,ADANIENT26FEB1820PE,2.2,2.2,2.05,2.15,2.15,3.1,2211.2,2.15,15141,0,6,3378204.3,6,F1,309,,,,,
2026-02-18,2026-02-18,FO,NSE,STO,76899,,ADANIENT,,2026-03-30,2026-03-30,2060.0,CE,ADANIENT26MAR2060CE,0.0,0.0,0.0,118.15,0.0,118.15,2211.2,213.25,0,0,0,0.0,0,F1,309,,,,,
2026-02-18,2026-02-18,FO,NSE,STO,58364,,ADANIENT,,2026-03-30,2026-03-30,1760.0,CE,ADANIENT26MAR1760CE,0.0,0.0,0.0,511.4,0.0,511.4,2211.2,465.95,0,0,0,0.0,0,F1,309,,,,,
2026-02-18,2026-02-18,FO,NSE,STO,58076,,ADANIENT,,2026-02-24,2026-02-24,1860.0,CE,ADANIENT26FEB1860CE,351.15,351.15,336.9,346.5,346.5,389.0,2211.2,352.9,33063,-1236,7,4771670.7,6,F1,309,,,,,
2026-02-18,2026-02-18,FO,NSE,STO,77056,,ADANIENT,,2026-04-28,2026-04-28,2480.0,PE,ADANIENT26APR2480PE,0.0,0.0,0.0,530.65,0.0,530.65,2211.2,312.3,0,0,0,0.0,0,F1,309,,,,,
2026-02-18,2026-02-18,FO,NSE,STO,76983,,ADANIENT,,2026-04-28,2026-04-28,1920.0,PE,ADANIENT26APR1920PE,0.0,0.0,0.0,147.7,0.0,147.7,2211.2,38.25,0,0,0,0.0,0,F1,309,,,,,
2026-02-18,2026-02-18,FO,NSE,STO,58393,,ADANIENT,,2026-03-30,2026-03-30,2120.0,PE,ADANIENT26MAR2120PE,42.3,53.55,42.3,43.7,44.0,40.15,2211.2,43.7,7725,4326,43,28769120.55,43,F1,309,,,,,
2026-02-18,2026-02-18,FO,NSE,STO,76898,,ADANIENT,,2026-03-30,2026-03-30,2020.0,PE,ADANIENT26MAR2020PE,0.0,0.0,0.0,173.4,0.0,173.4,2211.2,38.5,0,0,0,0.0,0,F1,309,,,,,
2026-02-18,2026-02-18,FO,NSE,STO,69915,,ADANIENT,,2026-02-24,2026-02-24,2000.0,PE,ADANIENT26FEB2000PE,5.15,5.95,3.8,4.0,4.1,5.1,2211.2,4.0,717189,-10506,1135,703138260.15,819,F1,309,,,,,
2026-02-18,2026-02-18,FO,NSE,STO,69865,,ADANIENT,,2026-02-24,2026-02-24,1720.0,PE,ADANIENT26FEB1720PE,1.35,1.35,1.2,1.2,1.2,2.55,2211.2,0.05,27192,-2781,15,7978225.5,14,F1,309,,,,,
2026-02-18,2026-02-18,FO,NSE,STO,58065,,ADANIENT,,2026-02-24,2026-02-24,1620.0,PE,ADANIENT26FEB1620PE,0.0,0.0,0.0,9.05,9.05,9.05,2211.2,0.05,5253,0,0,0.0,0,F1,309,,,,,
2026-02-18,2026-02-18,FO,NSE,STO,77059,,ADANIENT,,2026-04-28,2026-04-28,2560.0,CE,ADANIENT26APR2560CE,0.0,0.0,0.0,37.8,0.0,37.8,2211.2,51.75,0,0,0,0.0,0,F1,309,,,,,
2026-02-18,2026-02-18,FO,NSE,STO,77049,,ADANIENT,,2026-04-28,2026-04-28,2360.0,CE,ADANIENT26APR2360CE,0.0,0.0,0.0,68.45,0.0,68.45,2211.2,104.1,0,0,0,0.0,0,F1,309,,,,,
2026-02-18,2026-02-18,FO,NSE,STO,58433,,ADANIENT,,2026-03-30,2026-03-30,2480.0,CE,ADANIENT26MAR2480CE,0.0,0.0,0.0,113.1,0.0,113.1,2211.2,36.35,0,0,0,0.0,0,F1,309,,,,,
2026-02-18,2026-02-18,FO,NSE,STO,76920,,ADANIENT,,2026-03-30,2026-03-30,2380.0,CE,ADANIENT26MAR2380CE,37.95,37.95,37.7,37.7,37.7,45.8,2211.2,59.65,618,309,2,1494215.85,2,F1,309,,,,,
2026-02-18,2026-02-18,FO,NSE,STO,76914,,ADANIENT,,2026-03-30,2026-03-30,2300.0,CE,ADANIENT26MAR2300CE,70.0,70.0,44.5,49.95,50.0,68.3,2211.2,49.95,316107,60255,931,676739586.75,650,F1,309,,,,,
2026-02-18,2026-02-18,FO,NSE,STO,58082,,ADANIENT,,2026-02-24,2026-02-24,1980.0,CE,ADANIENT26FEB1980CE,231.5,234.25,215.4,234.25,234.25,263.15,2211.2,233.6,61491,-3090,18,12266434.8,13,F1,309,,,,,
2026-02-18,2026-02-18,FO,NSE,STO,58097,,ADANIENT,,2026-02-24,2026-02-24,2220.0,CE,ADANIENT26FEB2220CE,56.5,56.5,25.2,29.25,29.7,55.6,2211.2,29.25,273156,88683,4626,3218280253.05,3843,F1,309,,,,,
2026-02-18,2026-02-18,FO,NSE,STO,76896,,ADANIENT,,2026-03-30,2026-03-30,1980.0,PE,ADANIENT26MAR1980PE,18.8,19.4,17.85,19.4,19.4,17.85,2211.2,29.25,7725,618,13,8027495.55,13,F1,309,,,,,
2026-02-18,2026-02-18,FO,NSE,STO,58389,,ADANIENT,,2026-03-30,2026-03-30,2040.0,PE,ADANIENT26MAR2040PE,0.0,0.0,0.0,103.35,0.0,103.35,2211.2,43.85,0,0,0,0.0,0,F1,309,,,,,
2026-02-18,2026-02-18,FO,NSE,STO,76902,,ADANIENT,,2026-03-30,2026-03-30,2100.0,PE,ADANIENT26MAR2100PE,35.0,49.35,35.0,38.0,37.9,35.05,2211.2,38.0,283971,10197,516,341317970.1,392,F1,309,,,,,
2026-02-18,2026-02-18,FO,NSE,STO,58406,,ADANIENT,,2026-03-30,2026-03-30,2240.0,PE,ADANIENT26MAR2240PE,84.3,113.55,84.3,95.15,94.7,84.85,2211.2,95.15,33990,23484,206,148853921.1,191,F1,309,,,,,
2026-02-18,2026-02-18,FO,NSE,STO,76915,,ADANIENT,,2026-03-30,2026-03-30,2300.0,PE,ADANIENT26MAR2300PE,120.6,150.45,118.05,132.8,131.1,117.05,2211.2,132.8,174276,24720,167,125394826.5,130,F1,309,,,,,
2026-02-18,2026-02-18,FO,NSE,STO,76921,,ADANIENT,,2026-03-30,2026-03-30,2380.0,PE,ADANIENT26MAR2380PE,0.0,0.0,0.0,433.9,0.0,433.9,2211.2,214.15,0,0,0,0.0,0,F1,309,,,,,
2026-02-18,2026-02-18,FO,NSE,STO,76975,,ADANIENT,,2026-04-28,2026-04-28,1800.0,PE,ADANIENT26APR1800PE,0.0,0.0,0.0,96.6,0.0,96.6,2211.2,18.1,0,0,0,0.0,0,F1,309,,,,,
2026-02-18,2026-02-18,FO,NSE,STO,58384,,ADANIENT,,2026-03-30,2026-03-30,2000.0,CE,ADANIENT26MAR2000CE,259.0,259.0,220.0,233.0,233.0,267.0,2211.2,233.0,21630,3399,17,11776608.0,17,F1,309,,,,,
2026-02-18,2026-02-18,FO,NSE,STO,76981,,ADANIENT,,2026-04-28,2026-04-28,1880.0,PE,ADANIENT26APR1880PE,0.0,0.0,0.0,30.0,30.0,30.0,2211.2,30.3,618,0,0,0.0,0,F1,309,,,,,
2026-02-18,2026-02-18,FO,NSE,STO,77006,,ADANIENT,,2026-04-28,2026-04-28,2160.0,PE,ADANIENT26APR2160PE,0.0,0.0,0.0,286.3,0.0,286.3,2211.2,117.75,0,0,0,0.0,0,F1,309,,,,,
2026-02-18,2026-02-18,FO,NSE,STO,69867,,ADANIENT,,2026-02-24,2026-02-24,1760.0,PE,ADANIENT26FEB1760PE,2.4,2.4,1.35,1.45,1.5,2.4,2211.2,1.45,34299,-11433,207,112689766.2,133,F1,309,,,,,
2026-02-18,2026-02-18,FO,NSE,STO,58063,,ADANIENT,,2026-02-24,2026-02-24,1580.0,PE,ADANIENT26FEB1580PE,0.0,0.0,0.0,1.9,1.9,1.9,2211.2,0.05,2781,0,0,0.0,0,F1,309,,,,,
2026-02-18,2026-02-18,FO,NSE,STO,69857,,ADANIENT,,2026-02-24,2026-02-24,1520.0,PE,ADANIENT26FEB1520PE,0.75,0.75,0.35,0.75,0.75,0.75,2211.2,0.75,90228,-5253,31,14565796.5,16,F1,309,,,,,
2026-02-18,2026-02-18,FO,NSE,STO,76974,,ADANIENT,,2026-04-28,2026-04-28,1800.0,CE,ADANIENT26APR1800CE,0.0,0.0,0.0,283.65,0.0,283.65,2211.2,447.95,0,0,0,0.0,0,F1,309,,,,,
2026-02-18,2026-02-18,FO,NSE,STO,58396,,ADANIENT,,2026-03-30,2026-03-30,2200.0,CE,ADANIENT26MAR2200CE,115.5,115.5,85.0,91.1,92.5,116.0,2211.2,91.1,400773,117420,1185,839903081.55,1036,F1,309,,,,,
2026-02-18,2026-02-18,FO,NSE,STO,76897,,ADANIENT,,2026-03-30,2026-03-30,2020.0,CE,ADANIENT26MAR2020CE,0.0,0.0,0.0,134.05,0.0,134.05,2211.2,241.85,0,0,0,0.0,0,F1,309,,,,,
2026-02-18,2026-02-18,FO,NSE,STO,76887,,ADANIENT,,2026-03-30,2026-03-30,1860.0,CE,ADANIENT26MAR1860CE,0.0,0.0,0.0,213.85,0.0,213.85,2211.2,373.55,0,0,0,0.0,0,F1,309,,,,,
2026-02-18,2026-02-18,FO,NSE,STO,69928,,ADANIENT,,2026-02-24,2026-02-24,2120.0,CE,ADANIENT26FEB2120CE,118.45,118.45,86.1,98.65,100.7,133.85,2211.2,98.65,46968,3090,162,110921266.5,117,F1,309,,,,,
2026-02-18,2026-02-18,FO,NSE,STO,58091,,ADANIENT,,2026-02-24,2026-02-24,2100.0,CE,ADANIENT26FEB2100CE,154.0,154.0,102.0,118.45,117.75,152.8,2211.2,118.45,257706,-25647,624,428031589.5,399,F1,309,,,,,
2026-02-18,2026-02-18,FO,NSE,STO,69860,,ADANIENT,,2026-02-24,2026-02-24,1640.0,CE,ADANIENT26FEB1640CE,0.0,0.0,0.0,729.1,0.0,729.1,2211.2,572.7,0,0,0,0.0,0,F1,309,,,,,
2026-02-18,2026-02-18,FO,NSE,STO,69942,,ADANIENT,,2026-02-24,2026-02-24,2200.0,CE,ADANIENT26FEB2200CE,65.7,71.05,34.0,38.7,38.95,69.15,2211.2,38.7,728004,-138123,6492,4495237615.95,5000,F1,309,,,,,
2026-02-18,2026-02-18,FO,NSE,STO,58073,,ADANIENT,,2026-02-24,2026-02-24,1780.0,PE,ADANIENT26FEB1780PE,2.0,2.15,1.5,1.55,1.6,2.85,2211.2,1.55,28428,4944,102,56157891.75,77,F1,309,,,,,
2026-02-18,2026-02-18,FO,NSE,STO,69877,,ADANIENT,,2026-02-24,2026-02-24,1800.0,PE,ADANIENT26FEB1800PE,2.45,2.5,1.55,1.7,1.7,2.8,2211.2,1.7,178602,-2163,427,237762861.9,273,F1,309,,,,,
2026-02-18,2026-02-18,FO,NSE,STO,58092,,ADANIENT,,2026-02-24,2026-02-24,2100.0,PE,ADANIENT26FEB2100PE,8.05,12.8,6.7,7.15,7.3,8.4,2211.2,7.15,695868,-80649,3432,2236835859.0,2427,F1,309,,,,,
2026-02-18,2026-02-18,FO,NSE,STO,58106,,ADANIENT,,2026-02-24,2026-02-24,2300.0,PE,ADANIENT26FEB2300PE,79.85,120.2,79.15,99.25,96.55,77.1,2211.2,99.25,210120,-51912,588,436271460.75,425,F1,309,,,,,
2026-02-18,2026-02-18,FO,NSE,STO,69987,,ADANIENT,,2026-02-24,2026-02-24,2600.0,PE,ADANIENT26FEB2600PE,409.0,409.0,391.5,391.5,391.5,354.75,2211.2,391.5,229278,-2472,8,7408367.7,7,F1,309,,,,,
2026-02-18,2026-02-18,FO,NSE,STO,58209,,ADANIENT,,2026-03-30,2026-03-30,1600.0,PE,ADANIENT26MAR1600PE,4.45,4.85,4.0,4.1,4.0,11.8,2211.2,4.1,12051,12051,45,22307791.5,34,F1,309,,,,,
2026-02-18,2026-02-18,FO,NSE,STO,58219,,ADANIENT,,2026-03-30,2026-03-30,1640.0,PE,ADANIENT26MAR1640PE,0.0,0.0,0.0,15.35,0.0,15.35,2211.2,0.95,0,0,0,0.0,0,F1,309,,,,,
2026-02-18,2026-02-18,FO,NSE,STO,58115,,ADANIENT,,2026-02-24,2026-02-24,2460.0,CE,ADANIENT26FEB2460CE,4.1,4.1,1.4,1.6,1.6,4.1,2211.2,1.6,53766,-4017,172,130871048.1,145,F1,309,,,,,
2026-02-18,2026-02-18,FO,NSE,STO,58107,,ADANIENT,,2026-02-24,2026-02-24,2340.0,CE,ADANIENT26FEB2340CE,13.95,14.7,4.55,5.35,5.35,13.9,2211.2,5.35,137196,-44805,1094,793550810.4,895,F1,309,,,,,
2026-02-18,2026-02-18,FO,NSE,STO,58103,,ADANIENT,,2026-02-24,2026-02-24,2300.0,CE,ADANIENT26FEB2300CE,22.35,24.0,7.6,9.3,9.2,22.3,2211.2,9.3,959136,114330,7129,5093407185.6,5296,F1,309,,,,,
2026-02-18,2026-02-18,FO,NSE,STO,77036,,ADANIENT,,2026-04-28,2026-04-28,2240.0,PE,ADANIENT26APR2240PE,0.0,0.0,0.0,341.95,0.0,341.95,2211.2,157.3,0,0,0,0.0,0,F1,309,,,,,
2026-02-18,2026-02-18,FO,NSE,STO,76995,,ADANIENT,,2026-04-28,2026-04-28,2040.0,PE,ADANIENT26APR2040PE,0.0,0.0,0.0,211.25,0.0,211.25,2211.2,70.85,0,0,0,0.0,0,F1,309,,,,,
2026-02-18,2026-02-18,FO,NSE,STO,76977,,ADANIENT,,2026-04-28,2026-04-28,1840.0,PE,ADANIENT26APR1840PE,0.0,0.0,0.0,112.2,0.0,112.2,2211.2,23.65,0,0,0,0.0,0,F1,309,,,,,
2026-02-18,2026-02-18,FO,NSE,STO,69906,,ADANIENT,,2026-02-24,2026-02-24,1960.0,CE,ADANIENT26FEB1960CE,253.0,253.0,235.05,251.25,251.25,289.9,2211.2,253.3,167478,-6798,38,25845130.8,33,F1,309,,,,,
2026-02-18,2026-02-18,FO,NSE,STO,69926,,ADANIENT,,2026-02-24,2026-02-24,2080.0,CE,ADANIENT26FEB2080CE,160.0,160.95,120.8,136.2,137.95,170.95,2211.2,136.2,78795,-2163,33,22561696.8,31,F1,309,,,,,
2026-02-18,2026-02-18,FO,NSE,STO,69944,,ADANIENT,,2026-02-24,2026-02-24,2240.0,CE,ADANIENT26FEB2240CE,42.7,47.15,18.35,21.8,22.0,45.0,2211.2,21.8,415296,-12978,6263,4385297378.1,5285,F1,309,,,,,
2026-02-18,2026-02-18,FO,NSE,STO,76973,,ADANIENT,,2026-04-28,2026-04-28,1760.0,PE,ADANIENT26APR1760PE,0.0,0.0,0.0,82.4,0.0,82.4,2211.2,13.65,0,0,0,0.0,0,F1,309,,,,,
2026-02-18,2026-02-18,FO,NSE,STO,76967,,ADANIENT,,2026-04-28,2026-04-28,1680.0,PE,ADANIENT26APR1680PE,0.0,0.0,0.0,58.3,0.0,58.3,2211.2,7.3,0,0,0,0.0,0,F1,309,,,,,
2026-02-18,2026-02-18,FO,NSE,STO,76913,,ADANIENT,,2026-03-30,2026-03-30,2260.0,PE,ADANIENT26MAR2260PE,0.0,0.0,0.0,336.7,0.0,336.7,2211.2,136.9,0,0,0,0.0,0,F1,309,,,,,
2026-02-18,2026-02-18,FO,NSE,STO,58387,,ADANIENT,,2026-03-30,2026-03-30,2000.0,PE,ADANIENT26MAR2000PE,20.0,26.0,19.25,19.65,20.1,19.25,2211.2,19.65,163461,16068,507,316646807.55,341,F1,309,,,,,
2026-02-18,2026-02-18,FO,NSE,STO,76892,,ADANIENT,,2026-03-30,2026-03-30,1900.0,PE,ADANIENT26MAR1900PE,12.3,14.65,11.2,11.3,11.35,11.65,2211.2,11.3,29973,1545,42,24823422.3,36,F1,309,,,,,
2026-02-18,2026-02-18,FO,NSE,STO,58108,,ADANIENT,,2026-02-24,2026-02-24,2340.0,PE,ADANIENT26FEB2340PE,130.5,153.4,130.5,132.4,132.4,110.35,2211.2,132.4,24720,-3399,26,19915405.35,26,F1,309,,,,,
2026-02-18,2026-02-18,FO,NSE,STO,58102,,ADANIENT,,2026-02-24,2026-02-24,2260.0,PE,ADANIENT26FEB2260PE,51.0,85.25,50.0,67.25,65.8,51.4,2211.2,67.25,94554,-23484,549,394529067.9,466,F1,309,,,,,
2026-02-18,2026-02-18,FO,NSE,STO,69907,,ADANIENT,,2026-02-24,2026-02-24,1960.0,PE,ADANIENT26FEB1960PE,4.35,4.9,3.3,3.5,3.4,4.5,2211.2,3.5,201468,-5871,145,87995675.85,140,F1,309,,,,,
2026-02-18,2026-02-18,FO,NSE,STO,58081,,ADANIENT,,2026-02-24,2026-02-24,1940.0,PE,ADANIENT26FEB1940PE,4.0,4.45,2.85,3.05,3.25,4.15,2211.2,3.05,273156,-32754,472,283466202.15,287,F1,309,,,,,
2026-02-18,2026-02-18,FO,NSE,STO,58338,,ADANIENT,,2026-03-30,2026-03-30,1720.0,CE,ADANIENT26MAR1720CE,0.0,0.0,0.0,544.8,0.0,544.8,2211.2,504.2,0,0,0,0.0,0,F1,309,,,,,
2026-02-18,2026-02-18,FO,NSE,STO,76901,,ADANIENT,,2026-03-30,2026-03-30,2100.0,CE,ADANIENT26MAR2100CE,172.0,172.0,146.0,153.85,155.0,181.75,2211.2,153.85,48513,21321,106,73799891.4,98,F1,309,,,,,
2026-02-18,2026-02-18,FO,NSE,STO,76962,,ADANIENT,,2026-04-28,2026-04-28,1600.0,CE,ADANIENT26APR1600CE,0.0,0.0,0.0,423.3,0.0,423.3,2211.2,631.3,0,0,0,0.0,0,F1,309,,,,,
2026-02-18,2026-02-18,FO,NSE,STO,76911,,ADANIENT,,2026-03-30,2026-03-30,2260.0,CE,ADANIENT26MAR2260CE,75.0,75.0,57.4,57.4,57.4,85.25,2211.2,101.7,3090,618,11,7905765.0,9,F1,309,,,,,
2026-02-18,2026-02-18,FO,NSE,STO,76994,,ADANIENT,,2026-04-28,2026-04-28,2040.0,CE,ADANIENT26APR2040CE,0.0,0.0,0.0,162.0,0.0,162.0,2211.2,263.15,0,0,0,0.0,0,F1,309,,,,,
2026-02-18,2026-02-18,FO,NSE,STO,69861,,ADANIENT,,2026-02-24,2026-02-24,1640.0,PE,ADANIENT26FEB1640PE,0.0,0.0,0.0,2.05,2.05,2.05,2211.2,0.05,7107,0,0,0.0,0,F1,309,,,,,
2026-02-18,2026-02-18,FO,NSE,STO,69943,,ADANIENT,,2026-02-24,2026-02-24,2200.0,PE,ADANIENT26FEB2200PE,24.4,45.6,23.3,28.35,27.55,24.4,2211.2,28.35,824103,-129780,5942,4099981950.0,4997,F1,309,,,,,
2026-02-18,2026-02-18,FO,NSE,STO,69973,,ADANIENT,,2026-02-24,2026-02-24,2440.0,PE,ADANIENT26FEB2440PE,0.0,0.0,0.0,223.0,223.0,223.0,2211.2,227.95,618,0,0,0.0,0,F1,309,,,,,
2026-02-18,2026-02-18,FO,NSE,STO,69980,,ADANIENT,,2026-02-24,2026-02-24,2520.0,CE,ADANIENT26FEB2520CE,2.6,2.6,0.8,1.05,1.05,2.6,2211.2,1.05,82194,0,79,61546341.9,62,F1,309,,,,,
2026-02-18,2026-02-18,FO,NSE,STO,69986,,ADANIENT,,2026-02-24,2026-02-24,2600.0,CE,ADANIENT26FEB2600CE,1.4,1.4,0.5,0.65,0.65,1.75,2211.2,0.65,254616,-6180,331,265996145.55,168,F1,309,,,,,
2026-02-18,2026-02-18,FO,NSE,STO,69988,,ADANIENT,,2026-02-24,2026-02-24,2640.0,CE,ADANIENT26FEB2640CE,1.25,1.25,0.5,0.65,0.65,1.65,2211.2,0.65,156354,10197,89,72623961.0,58,F1,309,,,,,
2026-02-18,2026-02-18,FO,NSE,STO,76880,,ADANIENT,,2026-03-30,2026-03-30,1740.0,CE,ADANIENT26MAR1740CE,0.0,0.0,0.0,291.5,0.0,291.5,2211.2,485.0,0,0,0,0.0,0,F1,309,,,,,
2026-02-18,2026-02-18,FO,NSE,STO,58388,,ADANIENT,,2026-03-30,2026-03-30,2040.0,CE,ADANIENT26MAR2040CE,0.0,0.0,0.0,308.3,0.0,308.3,2211.2,227.3,0,0,0,0.0,0,F1,309,,,,,
2026-02-18,2026-02-18,FO,NSE,STO,58390,,ADANIENT,,2026-03-30,2026-03-30,2080.0,CE,ADANIENT26MAR2080CE,0.0,0.0,0.0,284.25,0.0,284.25,2211.2,199.65,0,0,0,0.0,0,F1,309,,,,,
2026-02-18,2026-02-18,FO,NSE,STO,69876,,ADANIENT,,2026-02-24,2026-02-24,1800.0,CE,ADANIENT26FEB1800CE,0.0,0.0,0.0,446.35,446.35,446.35,2211.2,412.85,74778,0,0,0.0,0,F1,309,,,,,
2026-02-18,2026-02-18,FO,NSE,STO,69914,,ADANIENT,,2026-02-24,2026-02-24,2000.0,CE,ADANIENT26FEB2000CE,240.0,240.0,196.15,214.6,215.0,249.1,2211.2,214.6,288606,-8652,54,36901521.6,53,F1,309,,,,,
2026-02-18,2026-02-18,FO,NSE,STO,77048,,ADANIENT,,2026-04-28,2026-04-28,2320.0,PE,ADANIENT26APR2320PE,0.0,0.0,0.0,401.7,0.0,401.7,2211.2,203.25,0,0,0,0.0,0,F1,309,,,,,
2026-02-18,2026-02-18,FO,NSE,STO,76987,,ADANIENT,,2026-04-28,2026-04-28,2000.0,PE,ADANIENT26APR2000PE,0.0,0.0,0.0,188.7,0.0,188.7,2211.2,58.45,0,0,0,0.0,0,F1,309,,,,,
2026-02-18,2026-02-18,FO,NSE,STO,58440,,ADANIENT,,2026-03-30,2026-03-30,2600.0,PE,ADANIENT26MAR2600PE,397.0,399.7,383.0,386.0,386.0,354.7,2211.2,386.0,21321,4326,14,12934492.8,8,F1,309,,,,,
2026-02-18,2026-02-18,FO,NSE,STO,76923,,ADANIENT,,2026-03-30,2026-03-30,2420.0,PE,ADANIENT26MAR2420PE,223.0,223.0,223.0,223.0,223.0,468.0,2211.2,243.45,309,309,1,816687.0,1,F1,309,,,,,
2026-02-18,2026-02-18,FO,NSE,STO,58429,,ADANIENT,,2026-03-30,2026-03-30,2400.0,PE,ADANIENT26MAR2400PE,192.0,225.15,187.15,206.0,205.15,184.9,2211.2,206.0,76323,5871,23,18526682.1,20,F1,309,,,,,
2026-02-18,2026-02-18,FO,NSE,STO,58379,,ADANIENT,,2026-03-30,2026-03-30,1920.0,PE,ADANIENT26MAR1920PE,14.2,14.2,14.2,14.2,14.2,65.1,2211.2,18.6,309,309,1,597667.8,1,F1,309,,,,,
2026-02-18,2026-02-18,FO,NSE,STO,76888,,ADANIENT,,2026-03-30,2026-03-30,1860.0,PE,ADANIENT26MAR1860PE,11.15,11.15,9.0,9.0,9.0,12.2,2211.2,9.0,2781,618,3,1733366.4,3,F1,309,,,,,
2026-02-18,2026-02-18,FO,NSE,STO,76883,,ADANIENT,,2026-03-30,2026-03-30,1780.0,PE,ADANIENT26MAR1780PE,0.0,0.0,0.0,65.8,0.0,65.8,2211.2,5.15,0,0,0,0.0,0,F1,309,,,,,
2026-02-18,2026-02-18,FO,NSE,STO,58365,,ADANIENT,,2026-03-30,2026-03-30,1760.0,PE,ADANIENT26MAR1760PE,0.0,0.0,0.0,30.6,0.0,30.6,2211.2,4.15,0,0,0,0.0,0,F1,309,,,,,
2026-02-18,2026-02-18,FO,NSE,STO,69883,,ADANIENT,,2026-02-24,2026-02-24,1880.0,PE,ADANIENT26FEB1880PE,3.4,3.4,2.4,2.7,2.85,3.7,2211.2,2.7,46968,-7416,55,31998541.35,52,F1,309,,,,,
2026-02-18,2026-02-18,FO,NSE,STO,58438,,ADANIENT,,2026-03-30,2026-03-30,2560.0,PE,ADANIENT26MAR2560PE,0.0,0.0,0.0,399.55,0.0,399.55,2211.2,357.15,0,0,0,0.0,0,F1,309,,,,,
2026-02-18,2026-02-18,FO,NSE,STO,76903,,ADANIENT,,2026-03-30,2026-03-30,2140.0,CE,ADANIENT26MAR2140CE,131.0,131.0,124.8,124.8,124.8,149.0,2211.2,162.15,6180,309,3,2102374.2,3,F1,309,,,,,
2026-02-18,2026-02-18,FO,NSE,STO,76909,,ADANIENT,,2026-03-30,2026-03-30,2220.0,CE,ADANIENT26MAR2220CE,111.45,111.45,75.85,81.65,82.85,104.95,2211.2,81.65,24411,21321,136,96783311.4,126,F1,309,,,,,
2026-02-18,2026-02-18,FO,NSE,STO,58413,,ADANIENT,,2026-03-30,2026-03-30,2360.0,CE,ADANIENT26MAR2360CE,32.5,32.5,30.2,30.3,30.3,47.4,2211.2,65.5,2781,1854,9,6649108.35,9,F1,309,,,,,
2026-02-18,2026-02-18,FO,NSE,STO,58439,,ADANIENT,,2026-03-30,2026-03-30,2600.0,CE,ADANIENT26MAR2600CE,9.7,9.95,6.1,6.95,7.35,10.25,2211.2,6.95,117729,1545,298,240096105.45,206,F1,309,,,,,
2026-02-18,2026-02-18,FO,NSE,STO,76978,,ADANIENT,,2026-04-28,2026-04-28,1880.0,CE,ADANIENT26APR1880CE,0.0,0.0,0.0,237.55,0.0,237.55,2211.2,380.95,0,0,0,0.0,0,F1,309,,,,,
2026-02-18,2026-02-18,FO,NSE,STF,66703,,ADANIENT,,2026-04-28,2026-04-28,,,ADANIENT26APRFUT,2250.5,2257.6,2200.0,2220.9,2218.5,2250.5,2211.2,2220.9,287061,25029,171,117423615.3,161,F1,309,,,,,
2026-02-18,2026-02-18,FO,NSE,STO,69989,,ADANIENT,,2026-02-24,2026-02-24,2640.0,PE,ADANIENT26FEB2640PE,429.0,429.0,429.0,429.0,429.0,400.7,2211.2,426.4,4017,-309,2,1896642.0,2,F1,309,,,,,
2026-02-18,2026-02-18,FO,NSE,STO,69955,,ADANIENT,,2026-02-24,2026-02-24,2360.0,PE,ADANIENT26FEB2360PE,159.2,160.9,151.0,151.0,151.0,130.5,2211.2,151.0,10506,-309,6,4666100.85,6,F1,309,,,,,
2026-02-18,2026-02-18,FO,NSE,STO,69929,,ADANIENT,,2026-02-24,2026-02-24,2120.0,PE,ADANIENT26FEB2120PE,9.85,15.6,8.15,8.7,8.85,9.8,2211.2,8.7,136887,8961,998,657175545.3,925,F1,309,,,,,
2026-02-18,2026-02-18,FO,NSE,STO,69879,,ADANIENT,,2026-02-24,2026-02-24,1840.0,PE,ADANIENT26FEB1840PE,2.5,3.0,2.2,2.3,2.3,3.3,2211.2,2.3,34917,-2781,35,19926622.05,33,F1,309,,,,,
2026-02-18,2026-02-18,FO,NSE,STO,77053,,ADANIENT,,2026-04-28,2026-04-28,2440.0,CE,ADANIENT26APR2440CE,0.0,0.0,0.0,54.2,0.0,54.2,2211.2,79.5,0,0,0,0.0,0,F1,309,,,,,
2026-02-18,2026-02-18,FO,NSE,STO,77004,,ADANIENT,,2026-04-28,2026-04-28,2160.0,CE,ADANIENT26APR2160CE,0.0,0.0,0.0,118.85,0.0,118.85,2211.2,191.3,0,0,0,0.0,0,F1,309,,,,,
2026-02-18,2026-02-18,FO,NSE,STO,76976,,ADANIENT,,2026-04-28,2026-04-28,1840.0,CE,ADANIENT26APR1840CE,0.0,0.0,0.0,259.9,0.0,259.9,2211.2,413.85,0,0,0,0.0,0,F1,309,,,,,
2026-02-18,2026-02-18,FO,NSE,STO,58375,,ADANIENT,,2026-03-30,2026-03-30,1880.0,CE,ADANIENT26MAR1880CE,0.0,0.0,0.0,417.25,0.0,417.25,2211.2,355.85,0,0,0,0.0,0,F1,309,,,,,
2026-02-18,2026-02-18,FO,NSE,STO,76884,,ADANIENT,,2026-03-30,2026-03-30,1820.0,CE,ADANIENT26MAR1820CE,0.0,0.0,0.0,238.05,0.0,238.05,2211.2,409.85,0,0,0,0.0,0,F1,309,,,,,
2026-02-18,2026-02-18,FO,NSE,STO,69902,,ADANIENT,,2026-02-24,2026-02-24,1920.0,CE,ADANIENT26FEB1920CE,0.0,0.0,0.0,322.9,322.9,322.9,2211.2,293.05,52221,0,0,0.0,0,F1,309,,,,,
2026-02-18,2026-02-18,FO,NSE,STO,69866,,ADANIENT,,2026-02-24,2026-02-24,1760.0,CE,ADANIENT26FEB1760CE,447.0,447.0,447.0,447.0,447.0,463.0,2211.2,452.8,4635,0,1,681963.0,1,F1,309,,,,,
2026-02-18,2026-02-18,FO,NSE,STO,77050,,ADANIENT,,2026-04-28,2026-04-28,2360.0,PE,ADANIENT26APR2360PE,0.0,0.0,0.0,432.85,0.0,432.85,2211.2,228.45,0,0,0,0.0,0,F1,309,,,,,
2026-02-18,2026-02-18,FO,NSE,STO,58397,,ADANIENT,,2026-03-30,2026-03-30,2200.0,PE,ADANIENT26MAR2200PE,65.0,90.95,65.0,74.45,73.5,66.5,2211.2,74.45,453612,85902,740,521103532.8,684,F1,309,,,,,
2026-02-18,2026-02-18,FO,NSE,STO,58434,,ADANIENT,,2026-03-30,2026-03-30,2480.0,PE,ADANIENT26MAR2480PE,0.0,0.0,0.0,280.0,280.0,280.0,2211.2,290.25,309,0,0,0.0,0,F1,309,,,,,
2026-02-18,2026-02-18,FO,NSE,STO,77003,,ADANIENT,,2026-04-28,2026-04-28,2120.0,PE,ADANIENT26APR2120PE,0.0,0.0,0.0,260.1,0.0,260.1,2211.2,100.45,0,0,0,0.0,0,F1,309,,,,,
2026-02-18,2026-02-18,FO,NSE,STO,77052,,ADANIENT,,2026-04-28,2026-04-28,2400.0,PE,ADANIENT26APR2400PE,0.0,0.0,0.0,464.7,0.0,464.7,2211.2,255.1,0,0,0,0.0,0,F1,309,,,,,
2026-02-18,2026-02-18,FO,NSE,STO,69954,,ADANIENT,,2026-02-24,2026-02-24,2360.0,CE,ADANIENT26FEB2360CE,13.0,13.0,3.55,4.15,4.25,11.0,2211.2,4.15,142140,-3399,575,420302773.35,507,F1,309,,,,,
2026-02-18,2026-02-18,FO,NSE,STO,58114,,ADANIENT,,2026-02-24,2026-02-24,2420.0,PE,ADANIENT26FEB2420PE,215.0,215.0,215.0,215.0,215.0,186.2,2211.2,208.65,3090,-309,1,814215.0,1,F1,309,,,,,
2026-02-18,2026-02-18,FO,NSE,STO,58072,,ADANIENT,,2026-02-24,2026-02-24,1780.0,CE,ADANIENT26FEB1780CE,0.0,0.0,0.0,207.2,207.2,207.2,2211.2,432.8,618,0,0,0.0,0,F1,309,,,,,
2026-02-18,2026-02-18,FO,NSE,STO,69864,,ADANIENT,,2026-02-24,2026-02-24,1720.0,CE,ADANIENT26FEB1720CE,0.0,0.0,0.0,289.15,289.15,289.15,2211.2,492.75,31827,0,0,0.0,0,F1,309,,,,,
2026-02-18,2026-02-18,FO,NSE,STO,76905,,ADANIENT,,2026-03-30,2026-03-30,2180.0,CE,ADANIENT26MAR2180CE,99.7,107.6,99.7,101.1,100.15,136.0,2211.2,101.1,2472,1854,9,6349177.5,9,F1,309,,,,,
2026-02-18,2026-02-18,FO,NSE,STO,58407,,ADANIENT,,2026-03-30,2026-03-30,2280.0,CE,ADANIENT26MAR2280CE,63.5,63.5,61.0,61.0,61.0,72.65,2211.2,93.45,927,309,2,1447510.5,2,F1,309,,,,,
2026-02-18,2026-02-18,FO,NSE,STO,58430,,ADANIENT,,2026-03-30,2026-03-30,2440.0,CE,ADANIENT26MAR2440CE,0.0,0.0,0.0,125.05,0.0,125.05,2211.2,44.55,0,0,0,0.0,0,F1,309,,,,,
2026-02-18,2026-02-18,FO,NSE,STO,76998,,ADANIENT,,2026-04-28,2026-04-28,2080.0,CE,ADANIENT26APR2080CE,0.0,0.0,0.0,146.4,0.0,146.4,2211.2,237.55,0,0,0,0.0,0,F1,309,,,,,
2026-02-18,2026-02-18,FO,NSE,STO,58370,,ADANIENT,,2026-03-30,2026-03-30,1800.0,PE,ADANIENT26MAR1800PE,8.0,9.35,7.2,7.5,7.5,8.2,2211.2,7.5,54384,7107,160,89396527.35,93,F1,309,,,,,
2026-02-18,2026-02-18,FO,NSE,STO,58376,,ADANIENT,,2026-03-30,2026-03-30,1880.0,PE,ADANIENT26MAR1880PE,0.0,0.0,0.0,54.7,0.0,54.7,2211.2,13.35,0,0,0,0.0,0,F1,309,,,,,
2026-02-18,2026-02-18,FO,NSE,STO,69984,,ADANIENT,,2026-02-24,2026-02-24,2560.0,CE,ADANIENT26FEB2560CE,2.4,2.4,0.6,0.8,0.8,2.0,2211.2,0.8,31827,-6489,51,40357933.8,31,F1,309,,,,,
2026-02-18,2026-02-18,FO,NSE,STO,58194,,ADANIENT,,2026-03-30,2026-03-30,1600.0,CE,ADANIENT26MAR1600CE,0.0,0.0,0.0,650.2,0.0,650.2,2211.2,621.35,0,0,0,0.0,0,F1,309,,,,,
2026-02-18,2026-02-18,FO,NSE,STO,58218,,ADANIENT,,2026-03-30,2026-03-30,1640.0,CE,ADANIENT26MAR1640CE,0.0,0.0,0.0,614.3,0.0,614.3,2211.2,582.0,0,0,0,0.0,0,F1,309,,,,,
2026-02-18,2026-02-18,FO,NSE,STO,76894,,ADANIENT,,2026-03-30,2026-03-30,1940.0,PE,ADANIENT26MAR1940PE,16.65,18.9,16.65,18.0,18.0,14.45,2211.2,21.75,6180,5871,20,12103344.6,16,F1,309,,,,,
2026-02-18,2026-02-18,FO,NSE,STO,58373,,ADANIENT,,2026-03-30,2026-03-30,1840.0,CE,ADANIENT26MAR1840CE,0.0,0.0,0.0,447.55,0.0,447.55,2211.2,391.55,0,0,0,0.0,0,F1,309,,,,,
2026-02-18,2026-02-18,FO,NSE,STO,58380,,ADANIENT,,2026-03-30,2026-03-30,1960.0,CE,ADANIENT26MAR1960CE,0.0,0.0,0.0,360.3,0.0,360.3,2211.2,288.3,0,0,0,0.0,0,F1,309,,,,,
2026-02-18,2026-02-18,FO,NSE,STO,58069,,ADANIENT,,2026-02-24,2026-02-24,1700.0,PE,ADANIENT26FEB1700PE,1.65,1.7,1.05,1.2,1.2,2.05,2211.2,1.2,129162,-4635,199,104622347.85,121,F1,309,,,,,
2026-02-18,2026-02-18,FO,NSE,STO,69905,,ADANIENT,,2026-02-24,2026-02-24,1920.0,PE,ADANIENT26FEB1920PE,3.75,4.0,2.85,2.95,3.1,3.95,2211.2,2.95,75705,-5253,78,46355330.25,68,F1,309,,,,,
2026-02-18,2026-02-18,FO,NSE,STO,69956,,ADANIENT,,2026-02-24,2026-02-24,2400.0,CE,ADANIENT26FEB2400CE,7.05,7.6,2.4,2.85,2.9,7.1,2211.2,2.85,638394,27810,2311,1716367846.5,1522,F1,309,,,,,
2026-02-18,2026-02-18,FO,NSE,STO,76900,,ADANIENT,,2026-03-30,2026-03-30,2060.0,PE,ADANIENT26MAR2060PE,0.0,0.0,0.0,197.1,0.0,197.1,2211.2,49.65,0,0,0,0.0,0,F1,309,,,,,
2026-02-18,2026-02-18,FO,NSE,STO,58070,,ADANIENT,,2026-02-24,2026-02-24,1740.0,CE,ADANIENT26FEB1740CE,0.0,0.0,0.0,237.7,237.7,237.7,2211.2,472.75,618,0,0,0.0,0,F1,309,,,,,
2026-02-18,2026-02-18,FO,NSE,STO,58068,,ADANIENT,,2026-02-24,2026-02-24,1700.0,CE,ADANIENT26FEB1700CE,0.0,0.0,0.0,535.0,535.0,535.0,2211.2,512.75,1236,0,0,0.0,0,F1,309,,,,,
2026-02-18,2026-02-18,FO,NSE,STF,59194,,ADANIENT,,2026-02-24,2026-02-24,,,ADANIENT26FEBFUT,2256.9,2256.9,2188.7,2211.4,2213.0,2244.8,2211.2,2211.4,12401097,-1344150,9924,6779085615.6,7421,F1,309,,,,,
2026-02-18,2026-02-18,FO,NSE,STO,58395,,ADANIENT,,2026-03-30,2026-03-30,2160.0,PE,ADANIENT26MAR2160PE,52.3,67.0,52.3,57.45,56.8,52.6,2211.2,57.45,18540,4944,40,27452687.85,32,F1,309,,,,,
2026-02-18,2026-02-18,FO,NSE,STO,76963,,ADANIENT,,2026-04-28,2026-04-28,1600.0,PE,ADANIENT26APR1600PE,0.0,0.0,0.0,39.3,0.0,39.3,2211.2,3.55,0,0,0,0.0,0,F1,309,,,,,
2026-02-18,2026-02-18,FO,NSE,STO,76904,,ADANIENT,,2026-03-30,2026-03-30,2140.0,PE,ADANIENT26MAR2140PE,61.0,61.0,61.0,61.0,61.0,46.0,2211.2,78.1,7725,618,2,1360218.0,1,F1,309,,,,,
2026-02-18,2026-02-18,FO,NSE,STO,58363,,ADANIENT,,2026-03-30,2026-03-30,1720.0,PE,ADANIENT26MAR1720PE,0.0,0.0,0.0,24.65,0.0,24.65,2211.2,2.65,0,0,0,0.0,0,F1,309,,,,,
2026-02-18,2026-02-18,FO,NSE,STO,58117,,ADANIENT,,2026-02-24,2026-02-24,2460.0,PE,ADANIENT26FEB2460PE,0.0,0.0,0.0,223.55,223.55,223.55,2211.2,247.5,1545,0,0,0.0,0,F1,309,,,,,
2026-02-18,2026-02-18,FO,NSE,STO,58110,,ADANIENT,,2026-02-24,2026-02-24,2380.0,PE,ADANIENT26FEB2380PE,0.0,0.0,0.0,146.7,146.7,146.7,2211.2,170.9,6798,0,0,0.0,0,F1,309,,,,,
2026-02-18,2026-02-18,FO,NSE,STO,69931,,ADANIENT,,2026-02-24,2026-02-24,2160.0,PE,ADANIENT26FEB2160PE,14.75,26.9,13.65,14.85,14.55,14.65,2211.2,14.85,394284,-31209,2075,1397256115.05,1739,F1,309,,,,,
2026-02-18,2026-02-18,FO,NSE,STO,58071,,ADANIENT,,2026-02-24,2026-02-24,1740.0,PE,ADANIENT26FEB1740PE,1.5,1.9,1.25,1.35,1.25,2.35,2211.2,1.35,29664,927,80,43051363.2,60,F1,309,,,,,
2026-02-18,2026-02-18,FO,NSE,STO,58067,,ADANIENT,,2026-02-24,2026-02-24,1660.0,PE,ADANIENT26FEB1660PE,1.45,1.45,0.9,0.9,0.9,1.85,2211.2,0.05,18540,14523,87,44657900.55,81,F1,309,,,,,
2026-02-18,2026-02-18,FO,NSE,STO,76924,,ADANIENT,,2026-03-30,2026-03-30,2460.0,CE,ADANIENT26MAR2460CE,0.0,0.0,0.0,28.05,0.0,28.05,2211.2,40.3,0,0,0,0.0,0,F1,309,,,,,
2026-02-18,2026-02-18,FO,NSE,STO,77037,,ADANIENT,,2026-04-28,2026-04-28,2280.0,CE,ADANIENT26APR2280CE,0.0,0.0,0.0,85.8,0.0,85.8,2211.2,134.3,0,0,0,0.0,0,F1,309,,,,,
2026-02-18,2026-02-18,FO,NSE,STO,69957,,ADANIENT,,2026-02-24,2026-02-24,2400.0,PE,ADANIENT26FEB2400PE,167.5,213.05,167.5,192.15,192.55,163.3,2211.2,192.15,114021,-8034,104,83444244.9,92,F1,309,,,,,
2026-02-18,2026-02-18,FO,NSE,STO,77055,,ADANIENT,,2026-04-28,2026-04-28,2480.0,CE,ADANIENT26APR2480CE,0.0,0.0,0.0,48.15,0.0,48.15,2211.2,69.15,0,0,0,0.0,0,F1,309,,,,,
2026-02-18,2026-02-18,FO,NSE,STO,58095,,ADANIENT,,2026-02-24,2026-02-24,2180.0,CE,ADANIENT26FEB2180CE,86.0,86.0,44.3,50.85,51.05,83.2,2211.2,50.85,112476,-22248,959,661702194.45,813,F1,309,,,,,
2026-02-18,2026-02-18,FO,NSE,STO,58084,,ADANIENT,,2026-02-24,2026-02-24,2020.0,CE,ADANIENT26FEB2020CE,219.05,219.15,180.0,187.1,187.1,230.15,2211.2,194.7,65199,-1854,16,10962686.55,13,F1,309,,,,,
2026-02-18,2026-02-18,FO,NSE,STO,58078,,ADANIENT,,2026-02-24,2026-02-24,1900.0,CE,ADANIENT26FEB1900CE,306.0,314.95,297.4,314.95,314.95,255.6,2211.2,314.95,107223,-3708,17,11593757.25,17,F1,309,,,,,
2026-02-18,2026-02-18,FO,NSE,STO,69924,,ADANIENT,,2026-02-24,2026-02-24,2040.0,CE,ADANIENT26FEB2040CE,199.9,199.9,158.15,177.05,177.05,210.85,2211.2,177.05,77559,309,25,17112157.35,25,F1,309,,,,,
2026-02-18,2026-02-18,FO,NSE,STO,58080,,ADANIENT,,2026-02-24,2026-02-24,1940.0,CE,ADANIENT26FEB1940CE,265.4,275.7,254.55,273.95,274.0,308.05,2211.2,273.95,75396,-15759,126,86109416.25,78,F1,309,,,,,
2026-02-18,2026-02-18,FO,NSE,STO,69882,,ADANIENT,,2026-02-24,2026-02-24,1880.0,CE,ADANIENT26FEB1880CE,0.0,0.0,0.0,357.0,357.0,357.0,2211.2,332.9,37389,0,0,0.0,0,F1,309,,,,,
2026-02-18,2026-02-18,FO,NSE,STO,76985,,ADANIENT,,2026-04-28,2026-04-28,1960.0,PE,ADANIENT26APR1960PE,0.0,0.0,0.0,167.5,0.0,167.5,2211.2,47.6,0,0,0,0.0,0,F1,309,,,,,
2026-02-18,2026-02-18,FO,NSE,STO,58414,,ADANIENT,,2026-03-30,2026-03-30,2360.0,PE,ADANIENT26MAR2360PE,0.0,0.0,0.0,262.45,0.0,262.45,2211.2,200.1,0,0,0,0.0,0,F1,309,,,,,
2026-02-18,2026-02-18,FO,NSE,STO,76919,,ADANIENT,,2026-03-30,2026-03-30,2340.0,PE,ADANIENT26MAR2340PE,0.0,0.0,0.0,400.55,0.0,400.55,2211.2,186.5,0,0,0,0.0,0,F1,309,,,,,
2026-02-18,2026-02-18,FO,NSE,STO,58412,,ADANIENT,,2026-03-30,2026-03-30,2320.0,PE,ADANIENT26MAR2320PE,0.0,0.0,0.0,221.0,221.0,221.0,2211.2,173.35,309,0,0,0.0,0,F1,309,,,,,
2026-02-18,2026-02-18,FO,NSE,STO,76910,,ADANIENT,,2026-03-30,2026-03-30,2220.0,PE,ADANIENT26MAR2220PE,86.0,101.35,83.5,84.85,84.75,80.0,2211.2,84.85,13287,12978,61,43539320.55,56,F1,309,,,,,
2026-02-18,2026-02-18,FO,NSE,STO,58374,,ADANIENT,,2026-03-30,2026-03-30,1840.0,PE,ADANIENT26MAR1840PE,0.0,0.0,0.0,45.6,0.0,45.6,2211.2,9.3,0,0,0,0.0,0,F1,309,,,,,
2026-02-18,2026-02-18,FO,NSE,STO,76885,,ADANIENT,,2026-03-30,2026-03-30,1820.0,PE,ADANIENT26MAR1820PE,0.0,0.0,0.0,79.5,0.0,79.5,2211.2,7.7,0,0,0,0.0,0,F1,309,,,,,
2026-02-18,2026-02-18,FO,NSE,STO,58324,,ADANIENT,,2026-03-30,2026-03-30,1680.0,PE,ADANIENT26MAR1680PE,0.0,0.0,0.0,19.55,0.0,19.55,2211.2,1.65,0,0,0,0.0,0,F1,309,,,,,
2026-02-18,2026-02-18,FO,NSE,STO,69983,,ADANIENT,,2026-02-24,2026-02-24,2520.0,PE,ADANIENT26FEB2520PE,0.0,0.0,0.0,280.75,280.75,280.75,2211.2,306.75,7725,0,0,0.0,0,F1,309,,,,,
2026-02-18,2026-02-18,FO,NSE,STO,69945,,ADANIENT,,2026-02-24,2026-02-24,2240.0,PE,ADANIENT26FEB2240PE,40.95,70.55,39.5,50.85,49.7,40.5,2211.2,50.85,178602,-31827,1192,844123928.85,930,F1,309,,,,,
2026-02-18,2026-02-18,FO,NSE,STO,58090,,ADANIENT,,2026-02-24,2026-02-24,2060.0,PE,ADANIENT26FEB2060PE,6.75,8.25,4.9,5.2,5.3,6.4,2211.2,5.2,188490,40170,638,407379404.55,492,F1,309,,,,,
2026-02-18,2026-02-18,FO,NSE,STO,58077,,ADANIENT,,2026-02-24,2026-02-24,1860.0,PE,ADANIENT26FEB1860PE,2.75,3.2,2.3,2.45,2.55,3.35,2211.2,2.45,33990,-4944,84,48345213.0,76,F1,309,,,,,
2026-02-18,2026-02-18,FO,NSE,STO,35697,,ADANIENT,,2026-02-24,2026-02-24,1560.0,PE,ADANIENT26FEB1560PE,0.0,0.0,0.0,1.45,1.45,1.45,2211.2,0.05,16686,0,0,0.0,0,F1,309,,,,,
2026-02-18,2026-02-18,FO,NSE,STO,77039,,ADANIENT,,2026-04-28,2026-04-28,2320.0,CE,ADANIENT26APR2320CE,0.0,0.0,0.0,76.7,0.0,76.7,2211.2,118.45,0,0,0,0.0,0,F1,309,,,,,
2026-02-18,2026-02-18,FO,NSE,STO,77007,,ADANIENT,,2026-04-28,2026-04-28,2200.0,CE,ADANIENT26APR2200CE,0.0,0.0,0.0,106.8,0.0,106.8,2211.2,170.65,0,0,0,0.0,0,F1,309,,,,,
2026-02-18,2026-02-18,FO,NSE,STO,77002,,ADANIENT,,2026-04-28,2026-04-28,2120.0,CE,ADANIENT26APR2120CE,0.0,0.0,0.0,132.05,0.0,132.05,2211.2,213.6,0,0,0,0.0,0,F1,309,,,,,
2026-02-18,2026-02-18,FO,NSE,STO,58392,,ADANIENT,,2026-03-30,2026-03-30,2120.0,CE,ADANIENT26MAR2120CE,0.0,0.0,0.0,261.55,0.0,261.55,2211.2,174.1,0,0,0,0.0,0,F1,309,,,,,
2026-02-18,2026-02-18,FO,NSE,STO,58111,,ADANIENT,,2026-02-24,2026-02-24,2420.0,CE,ADANIENT26FEB2420CE,5.7,5.7,1.95,2.2,2.25,5.7,2211.2,2.2,195288,12051,455,340650978.15,342,F1,309,,,,,
2026-02-18,2026-02-18,FO,NSE,STO,58101,,ADANIENT,,2026-02-24,2026-02-24,2260.0,CE,ADANIENT26FEB2260CE,40.0,40.0,13.75,16.3,16.6,36.0,2211.2,16.3,468753,54384,4472,3151020454.8,3711,F1,309,,,,,
2026-02-18,2026-02-18,FO,NSE,STO,58437,,ADANIENT,,2026-03-30,2026-03-30,2560.0,CE,ADANIENT26MAR2560CE,0.0,0.0,0.0,92.15,0.0,92.15,2211.2,23.75,0,0,0,0.0,0,F1,309,,,,,
2026-02-18,2026-02-18,FO,NSE,STO,76922,,ADANIENT,,2026-03-30,2026-03-30,2420.0,CE,ADANIENT26MAR2420CE,29.8,29.8,18.85,21.65,21.65,32.3,2211.2,21.65,27192,11433,73,55120207.95,51,F1,309,,,,,
2026-02-18,2026-02-18,FO,NSE,STO,76916,,ADANIENT,,2026-03-30,2026-03-30,2340.0,CE,ADANIENT26MAR2340CE,45.95,45.95,33.9,38.2,37.7,54.15,2211.2,38.2,9270,5562,46,33802622.4,38,F1,309,,,,,
2026-02-18,2026-02-18,FO,NSE,STO,58377,,ADANIENT,,2026-03-30,2026-03-30,1920.0,CE,ADANIENT26MAR1920CE,0.0,0.0,0.0,388.2,0.0,388.2,2211.2,321.35,0,0,0,0.0,0,F1,309,,,,,
2026-02-18,2026-02-18,FO,NSE,STO,76891,,ADANIENT,,2026-03-30,2026-03-30,1900.0,CE,ADANIENT26MAR1900CE,0.0,0.0,0.0,191.35,0.0,191.35,2211.2,338.4,0,0,0,0.0,0,F1,309,,,,,
2026-02-18,2026-02-18,FO,NSE,STO,58366,,ADANIENT,,2026-03-30,2026-03-30,1800.0,CE,ADANIENT26MAR1800CE,0.0,0.0,0.0,478.95,0.0,478.95,2211.2,428.35,0,0,0,0.0,0,F1,309,,,,,
2026-02-18,2026-02-18,FO,NSE,STO,109665,,JSWSTEEL,,2026-02-24,2026-02-24,1400.0,PE,JSWSTEEL26FEB1400PE,0.0,0.0,0.0,150.0,150.0,150.0,1251.2,147.55,675,0,0,0.0,0,F1,675,,,,,
2026-02-18,2026-02-18,FO,NSE,STO,109635,,JSWSTEEL,,2026-02-24,2026-02-24,1280.0,PE,JSWSTEEL26FEB1280PE,29.9,32.95,29.35,31.1,30.85,40.25,1251.2,31.1,26325,-675,10,8846955.0,10,F1,675,,,,,
2026-02-18,2026-02-18,FO,NSE,STO,122707,,JSWSTEEL,,2026-02-24,2026-02-24,1150.0,PE,JSWSTEEL26FEB1150PE,1.55,1.55,0.8,0.95,0.8,1.7,1251.2,0.95,162000,-31725,142,110340123.75,106,F1,675,,,,,
2026-02-18,2026-02-18,FO,NSE,STO,131793,,JSWSTEEL,,2026-04-28,2026-04-28,1320.0,PE,JSWSTEEL26APR1320PE,0.0,0.0,0.0,119.2,0.0,119.2,1251.2,85.65,0,0,0,0.0,0,F1,675,,,,,
2026-02-18,2026-02-18,FO,NSE,STO,122709,,JSWSTEEL,,2026-02-24,2026-02-24,1170.0,PE,JSWSTEEL26FEB1170PE,1.8,2.0,1.1,1.3,1.15,2.55,1251.2,1.3,142425,-46575,331,261789097.5,238,F1,675,,,,,
2026-02-18,2026-02-18,FO,NSE,STO,109625,,JSWSTEEL,,2026-02-24,2026-02-24,1240.0,PE,JSWSTEEL26FEB1240PE,13.55,13.55,7.4,8.4,7.6,15.4,1251.2,8.4,253800,24300,1057,891685158.75,902,F1,675,,,,,
2026-02-18,2026-02-18,FO,NSE,STO,122718,,JSWSTEEL,,2026-02-24,2026-02-24,1250.0,PE,JSWSTEEL26FEB1250PE,19.0,19.0,10.95,12.2,12.05,19.75,1251.2,12.2,316575,71550,1130,963719741.25,894,F1,675,,,,,
2026-02-18,2026-02-18,FO,NSE,STO,109639,,JSWSTEEL,,2026-02-24,2026-02-24,1300.0,PE,JSWSTEEL26FEB1300PE,50.0,50.0,41.95,47.45,47.45,57.95,1251.2,49.8,30375,-1350,18,16348365.0,17,F1,675,,,,,
2026-02-18,2026-02-18,FO,NSE,STO,122736,,JSWSTEEL,,2026-02-24,2026-02-24,1350.0,PE,JSWSTEEL26FEB1350PE,0.0,0.0,0.0,152.2,152.2,152.2,1251.2,97.7,0,0,0,0.0,0,F1,675,,,,,
2026-02-18,2026-02-18,FO,NSE,STO,109663,,JSWSTEEL,,2026-02-24,2026-02-24,1380.0,PE,JSWSTEEL26FEB1380PE,0.0,0.0,0.0,253.7,0.0,253.7,1251.2,127.55,0,0,0,0.0,0,F1,675,,,,,
2026-02-18,2026-02-18,FO,NSE,STO,123020,,JSWSTEEL,,2026-03-30,2026-03-30,1060.0,PE,JSWSTEEL26MAR1060PE,0.0,0.0,0.0,33.4,0.0,33.4,1251.2,0.5,0,0,0,0.0,0,F1,675,,,,,
2026-02-18,2026-02-18,FO,NSE,STO,131409,,JSWSTEEL,,2026-03-30,2026-03-30,1350.0,PE,JSWSTEEL26MAR1350PE,0.0,0.0,0.0,134.8,0.0,134.8,1251.2,101.6,0,0,0,0.0,0,F1,675,,,,,
2026-02-18,2026-02-18,FO,NSE,STO,131673,,JSWSTEEL,,2026-04-28,2026-04-28,1040.0,PE,JSWSTEEL26APR1040PE,0.0,0.0,0.0,9.2,0.0,9.2,1251.2,1.45,0,0,0,0.0,0,F1,675,,,,,
2026-02-18,2026-02-18,FO,NSE,STO,131691,,JSWSTEEL,,2026-04-28,2026-04-28,1100.0,PE,JSWSTEEL26APR1100PE,0.0,0.0,0.0,19.65,0.0,19.65,1251.2,5.3,0,0,0,0.0,0,F1,675,,,,,
2026-02-18,2026-02-18,FO,NSE,STO,123102,,JSWSTEEL,,2026-03-30,2026-03-30,1340.0,PE,JSWSTEEL26MAR1340PE,0.0,0.0,0.0,218.15,0.0,218.15,1251.2,93.6,0,0,0,0.0,0,F1,675,,,,,
2026-02-18,2026-02-18,FO,NSE,STO,131391,,JSWSTEEL,,2026-03-30,2026-03-30,1190.0,PE,JSWSTEEL26MAR1190PE,0.0,0.0,0.0,38.5,0.0,38.5,1251.2,13.85,0,0,0,0.0,0,F1,675,,,,,
2026-02-18,2026-02-18,FO,NSE,STO,109649,,JSWSTEEL,,2026-02-24,2026-02-24,1340.0,PE,JSWSTEEL26FEB1340PE,0.0,0.0,0.0,217.65,0.0,217.65,1251.2,87.8,0,0,0,0.0,0,F1,675,,,,,
2026-02-18,2026-02-18,FO,NSE,STO,109632,,JSWSTEEL,,2026-02-24,2026-02-24,1260.0,PE,JSWSTEEL26FEB1260PE,24.3,24.3,16.1,17.15,16.25,25.8,1251.2,17.15,197100,60750,919,792905996.25,748,F1,675,,,,,
2026-02-18,2026-02-18,FO,NSE,STO,122715,,JSWSTEEL,,2026-02-24,2026-02-24,1230.0,PE,JSWSTEEL26FEB1230PE,9.95,10.5,4.9,5.75,4.9,11.35,1251.2,5.75,261900,41175,538,449317800.0,504,F1,675,,,,,
2026-02-18,2026-02-18,FO,NSE,STO,109546,,JSWSTEEL,,2026-02-24,2026-02-24,1160.0,PE,JSWSTEEL26FEB1160PE,1.65,1.7,0.95,1.15,0.95,2.1,1251.2,1.15,152550,-1350,201,157572843.75,155,F1,675,,,,,
2026-02-18,2026-02-18,FO,NSE,STO,122705,,JSWSTEEL,,2026-02-24,2026-02-24,1130.0,PE,JSWSTEEL26FEB1130PE,0.95,1.05,0.8,0.85,0.85,1.2,1251.2,0.05,85725,-16200,66,50382776.25,39,F1,675,,,,,
2026-02-18,2026-02-18,FO,NSE,STO,109515,,JSWSTEEL,,2026-02-24,2026-02-24,980.0,PE,JSWSTEEL26FEB980PE,0.0,0.0,0.0,0.05,0.05,0.05,1251.2,0.05,1350,0,0,0.0,0,F1,675,,,,,
2026-02-18,2026-02-18,FO,NSE,STO,109519,,JSWSTEEL,,2026-02-24,2026-02-24,1000.0,PE,JSWSTEEL26FEB1000PE,0.1,0.1,0.1,0.1,0.1,0.15,1251.2,0.05,80325,0,2,1350135.0,2,F1,675,,,,,
2026-02-18,2026-02-18,FO,NSE,STO,109518,,JSWSTEEL,,2026-02-24,2026-02-24,1000.0,CE,JSWSTEEL26FEB1000CE,0.0,0.0,0.0,244.0,244.0,244.0,1251.2,252.1,61425,0,0,0.0,0,F1,675,,,,,
2026-02-18,2026-02-18,FO,NSE,STO,109648,,JSWSTEEL,,2026-02-24,2026-02-24,1340.0,CE,JSWSTEEL26FEB1340CE,0.6,1.3,0.6,0.6,0.6,0.65,1251.2,0.6,176175,8775,119,107703135.0,99,F1,675,,,,,
2026-02-18,2026-02-18,FO,NSE,STO,131382,,JSWSTEEL,,2026-03-30,2026-03-30,1130.0,CE,JSWSTEEL26MAR1130CE,0.0,0.0,0.0,123.05,0.0,123.05,1251.2,131.9,0,0,0,0.0,0,F1,675,,,,,
2026-02-18,2026-02-18,FO,NSE,STO,123083,,JSWSTEEL,,2026-03-30,2026-03-30,1200.0,CE,JSWSTEEL26MAR1200CE,79.45,83.0,75.9,76.9,77.0,71.45,1251.2,76.9,56025,13500,45,38871258.75,20,F1,675,,,,,
2026-02-18,2026-02-18,FO,NSE,STO,123091,,JSWSTEEL,,2026-03-30,2026-03-30,1280.0,CE,JSWSTEEL26MAR1280CE,0.0,0.0,0.0,17.45,0.0,17.45,1251.2,30.6,0,0,0,0.0,0,F1,675,,,,,
2026-02-18,2026-02-18,FO,NSE,STO,123093,,JSWSTEEL,,2026-03-30,2026-03-30,1300.0,CE,JSWSTEEL26MAR1300CE,22.45,27.0,22.1,23.0,22.6,19.8,1251.2,23.0,132300,29025,187,167235705.0,173,F1,675,,,,,
2026-02-18,2026-02-18,FO,NSE,STO,123103,,JSWSTEEL,,2026-03-30,2026-03-30,1360.0,CE,JSWSTEEL26MAR1360CE,0.0,0.0,0.0,11.1,11.1,11.1,1251.2,9.25,4050,0,0,0.0,0,F1,675,,,,,
2026-02-18,2026-02-18,FO,NSE,STO,123105,,JSWSTEEL,,2026-03-30,2026-03-30,1380.0,CE,JSWSTEEL26MAR1380CE,5.0,5.0,5.0,5.0,5.0,10.0,1251.2,5.0,4725,675,1,934875.0,1,F1,675,,,,,
2026-02-18,2026-02-18,FO,NSE,STO,131800,,JSWSTEEL,,2026-04-28,2026-04-28,1400.0,CE,JSWSTEEL26APR1400CE,0.0,0.0,0.0,22.15,0.0,22.15,1251.2,12.2,0,0,0,0.0,0,F1,675,,,,,
2026-02-18,2026-02-18,FO,NSE,STO,131705,,JSWSTEEL,,2026-04-28,2026-04-28,1140.0,PE,JSWSTEEL26APR1140PE,0.0,0.0,0.0,30.1,0.0,30.1,1251.2,10.7,0,0,0,0.0,0,F1,675,,,,,
2026-02-18,2026-02-18,FO,NSE,STO,131703,,JSWSTEEL,,2026-04-28,2026-04-28,1120.0,PE,JSWSTEEL26APR1120PE,0.0,0.0,0.0,24.5,0.0,24.5,1251.2,7.65,0,0,0,0.0,0,F1,675,,,,,
2026-02-18,2026-02-18,FO,NSE,STO,123010,,JSWSTEEL,,2026-03-30,2026-03-30,1040.0,CE,JSWSTEEL26MAR1040CE,0.0,0.0,0.0,212.0,212.0,212.0,1251.2,217.7,1350,0,0,0.0,0,F1,675,,,,,
2026-02-18,2026-02-18,FO,NSE,STO,131778,,JSWSTEEL,,2026-04-28,2026-04-28,1260.0,PE,JSWSTEEL26APR1260PE,0.0,0.0,0.0,81.9,0.0,81.9,1251.2,50.3,0,0,0,0.0,0,F1,675,,,,,
2026-02-18,2026-02-18,FO,NSE,STO,131405,,JSWSTEEL,,2026-03-30,2026-03-30,1310.0,PE,JSWSTEEL26MAR1310PE,0.0,0.0,0.0,105.15,0.0,105.15,1251.2,71.2,0,0,0,0.0,0,F1,675,,,,,
2026-02-18,2026-02-18,FO,NSE,STO,131403,,JSWSTEEL,,2026-03-30,2026-03-30,1290.0,PE,JSWSTEEL26MAR1290PE,0.0,0.0,0.0,91.55,0.0,91.55,1251.2,57.85,0,0,0,0.0,0,F1,675,,,,,
2026-02-18,2026-02-18,FO,NSE,STO,131397,,JSWSTEEL,,2026-03-30,2026-03-30,1250.0,PE,JSWSTEEL26MAR1250PE,36.7,36.75,31.1,33.7,32.0,39.25,1251.2,33.7,53325,35775,132,114353842.5,99,F1,675,,,,,
2026-02-18,2026-02-18,FO,NSE,STO,122704,,JSWSTEEL,,2026-02-24,2026-02-24,1130.0,CE,JSWSTEEL26FEB1130CE,0.0,0.0,0.0,115.75,115.75,115.75,1251.2,122.25,2025,0,0,0.0,0,F1,675,,,,,
2026-02-18,2026-02-18,FO,NSE,STO,109660,,JSWSTEEL,,2026-02-24,2026-02-24,1360.0,CE,JSWSTEEL26FEB1360CE,0.4,0.65,0.3,0.35,0.3,0.45,1251.2,0.35,138375,-1350,54,49588267.5,50,F1,675,,,,,
2026-02-18,2026-02-18,FO,NSE,STO,109662,,JSWSTEEL,,2026-02-24,2026-02-24,1380.0,CE,JSWSTEEL26FEB1380CE,0.2,0.35,0.1,0.15,0.15,0.2,1251.2,0.05,259200,-4050,52,48445492.5,33,F1,675,,,,,
2026-02-18,2026-02-18,FO,NSE,STO,123055,,JSWSTEEL,,2026-03-30,2026-03-30,1100.0,CE,JSWSTEEL26MAR1100CE,0.0,0.0,0.0,77.3,0.0,77.3,1251.2,159.6,0,0,0,0.0,0,F1,675,,,,,
2026-02-18,2026-02-18,FO,NSE,STF,51949,,JSWSTEEL,,2026-03-30,2026-03-30,,,JSWSTEEL26MARFUT,1255.3,1271.8,1254.8,1260.9,1262.8,1251.2,1251.2,1260.9,13749075,8468550,13366,11388306105.0,4636,F1,675,,,,,
2026-02-18,2026-02-18,FO,NSE,STO,131395,,JSWSTEEL,,2026-03-30,2026-03-30,1230.0,PE,JSWSTEEL26MAR1230PE,0.0,0.0,0.0,30.0,30.0,30.0,1251.2,26.85,2025,0,0,0.0,0,F1,675,,,,,
2026-02-18,2026-02-18,FO,NSE,STO,123068,,JSWSTEEL,,2026-03-30,2026-03-30,1140.0,PE,JSWSTEEL26MAR1140PE,0.0,0.0,0.0,9.3,9.3,9.3,1251.2,4.95,5400,0,0,0.0,0,F1,675,,,,,
2026-02-18,2026-02-18,FO,NSE,STO,123050,,JSWSTEEL,,2026-03-30,2026-03-30,1080.0,PE,JSWSTEEL26MAR1080PE,4.0,4.0,3.0,3.3,3.0,4.0,1251.2,3.3,24975,0,6,4387938.75,6,F1,675,,,,,
2026-02-18,2026-02-18,FO,NSE,STO,123107,,JSWSTEEL,,2026-03-30,2026-03-30,1400.0,CE,JSWSTEEL26MAR1400CE,4.45,5.65,4.45,4.85,4.65,3.7,1251.2,4.85,59400,1350,48,45524835.0,47,F1,675,,,,,
2026-02-18,2026-02-18,FO,NSE,STO,131404,,JSWSTEEL,,2026-03-30,2026-03-30,1310.0,CE,JSWSTEEL26MAR1310CE,19.65,19.65,19.65,19.65,19.65,30.85,1251.2,20.25,675,675,1,897513.75,1,F1,675,,,,,
2026-02-18,2026-02-18,FO,NSE,STO,109545,,JSWSTEEL,,2026-02-24,2026-02-24,1160.0,CE,JSWSTEEL26FEB1160CE,0.0,0.0,0.0,86.55,86.55,86.55,1251.2,92.35,22275,0,0,0.0,0,F1,675,,,,,
2026-02-18,2026-02-18,FO,NSE,STO,123090,,JSWSTEEL,,2026-03-30,2026-03-30,1260.0,PE,JSWSTEEL26MAR1260PE,0.0,0.0,0.0,150.8,0.0,150.8,1251.2,40.6,0,0,0,0.0,0,F1,675,,,,,
2026-02-18,2026-02-18,FO,NSE,STO,131795,,JSWSTEEL,,2026-04-28,2026-04-28,1340.0,PE,JSWSTEEL26APR1340PE,0.0,0.0,0.0,133.1,0.0,133.1,1251.2,99.55,0,0,0,0.0,0,F1,675,,,,,
2026-02-18,2026-02-18,FO,NSE,STO,109537,,JSWSTEEL,,2026-02-24,2026-02-24,1080.0,CE,JSWSTEEL26FEB1080CE,0.0,0.0,0.0,89.25,0.0,89.25,1251.2,172.2,0,0,0,0.0,0,F1,675,,,,,
2026-02-18,2026-02-18,FO,NSE,STO,109539,,JSWSTEEL,,2026-02-24,2026-02-24,1100.0,CE,JSWSTEEL26FEB1100CE,0.0,0.0,0.0,142.0,142.0,142.0,1251.2,152.2,33075,0,0,0.0,0,F1,675,,,,,
2026-02-18,2026-02-18,FO,NSE,STO,109637,,JSWSTEEL,,2026-02-24,2026-02-24,1300.0,CE,JSWSTEEL26FEB1300CE,2.2,5.3,1.65,1.95,1.75,2.2,1251.2,1.95,688500,92475,2374,2088605790.0,1908,F1,675,,,,,
2026-02-18,2026-02-18,FO,NSE,STO,122741,,JSWSTEEL,,2026-02-24,2026-02-24,1370.0,CE,JSWSTEEL26FEB1370CE,0.25,0.25,0.25,0.25,0.25,0.3,1251.2,0.25,58050,-3375,8,7399350.0,8,F1,675,,,,,
2026-02-18,2026-02-18,FO,NSE,STO,131394,,JSWSTEEL,,2026-03-30,2026-03-30,1230.0,CE,JSWSTEEL26MAR1230CE,0.0,0.0,0.0,41.15,41.15,41.15,1251.2,55.45,3375,0,0,0.0,0,F1,675,,,,,
2026-02-18,2026-02-18,FO,NSE,STO,123087,,JSWSTEEL,,2026-03-30,2026-03-30,1240.0,CE,JSWSTEEL26MAR1240CE,53.0,56.0,51.85,55.0,55.0,45.0,1251.2,49.7,31050,675,25,21856365.0,24,F1,675,,,,,
2026-02-18,2026-02-18,FO,NSE,STO,123097,,JSWSTEEL,,2026-03-30,2026-03-30,1340.0,CE,JSWSTEEL26MAR1340CE,14.2,15.25,12.6,12.6,12.6,14.2,1251.2,12.6,15525,10125,34,31085808.75,25,F1,675,,,,,
2026-02-18,2026-02-18,FO,NSE,STO,131688,,JSWSTEEL,,2026-04-28,2026-04-28,1080.0,CE,JSWSTEEL26APR1080CE,0.0,0.0,0.0,174.05,0.0,174.05,1251.2,185.95,0,0,0,0.0,0,F1,675,,,,,
2026-02-18,2026-02-18,FO,NSE,STO,131792,,JSWSTEEL,,2026-04-28,2026-04-28,1320.0,CE,JSWSTEEL26APR1320CE,0.0,0.0,0.0,41.4,0.0,41.4,1251.2,30.5,0,0,0,0.0,0,F1,675,,,,,
2026-02-18,2026-02-18,FO,NSE,STO,122700,,JSWSTEEL,,2026-02-24,2026-02-24,1090.0,PE,JSWSTEEL26FEB1090PE,0.5,0.5,0.35,0.4,0.35,0.7,1251.2,0.4,22950,-2700,30,22079958.75,23,F1,675,,,,,
2026-02-18,2026-02-18,FO,NSE,STO,122703,,JSWSTEEL,,2026-02-24,2026-02-24,1110.0,PE,JSWSTEEL26FEB1110PE,0.6,0.8,0.6,0.6,0.6,0.8,1251.2,0.6,25650,-20925,62,46481276.25,41,F1,675,,,,,
2026-02-18,2026-02-18,FO,NSE,STO,122698,,JSWSTEEL,,2026-02-24,2026-02-24,1070.0,PE,JSWSTEEL26FEB1070PE,0.0,0.0,0.0,0.6,0.6,0.6,1251.2,0.05,27000,0,0,0.0,0,F1,675,,,,,
2026-02-18,2026-02-18,FO,NSE,STO,109525,,JSWSTEEL,,2026-02-24,2026-02-24,1040.0,PE,JSWSTEEL26FEB1040PE,0.0,0.0,0.0,0.15,0.15,0.15,1251.2,0.05,148500,0,0,0.0,0,F1,675,,,,,
2026-02-18,2026-02-18,FO,NSE,STO,131408,,JSWSTEEL,,2026-03-30,2026-03-30,1350.0,CE,JSWSTEEL26MAR1350CE,11.3,13.05,10.6,11.2,11.2,10.0,1251.2,11.2,22275,13500,44,40459095.0,35,F1,675,,,,,
2026-02-18,2026-02-18,FO,NSE,STO,123081,,JSWSTEEL,,2026-03-30,2026-03-30,1180.0,CE,JSWSTEEL26MAR1180CE,97.0,97.0,97.0,97.0,97.0,42.3,1251.2,89.8,675,675,1,861975.0,1,F1,675,,,,,
2026-02-18,2026-02-18,FO,NSE,STO,123067,,JSWSTEEL,,2026-03-30,2026-03-30,1140.0,CE,JSWSTEEL26MAR1140CE,0.0,0.0,0.0,57.9,0.0,57.9,1251.2,123.0,0,0,0,0.0,0,F1,675,,,,,
2026-02-18,2026-02-18,FO,NSE,STO,131377,,JSWSTEEL,,2026-03-30,2026-03-30,1090.0,CE,JSWSTEEL26MAR1090CE,0.0,0.0,0.0,154.4,0.0,154.4,1251.2,169.1,0,0,0,0.0,0,F1,675,,,,,
2026-02-18,2026-02-18,FO,NSE,STO,109624,,JSWSTEEL,,2026-02-24,2026-02-24,1240.0,CE,JSWSTEEL26FEB1240CE,18.5,32.0,18.5,21.1,20.0,18.45,1251.2,21.1,571725,-124875,1280,1093852147.5,1006,F1,675,,,,,
2026-02-18,2026-02-18,FO,NSE,STO,131407,,JSWSTEEL,,2026-03-30,2026-03-30,1330.0,PE,JSWSTEEL26MAR1330PE,0.0,0.0,0.0,119.6,0.0,119.6,1251.2,85.85,0,0,0,0.0,0,F1,675,,,,,
2026-02-18,2026-02-18,FO,NSE,STO,131711,,JSWSTEEL,,2026-04-28,2026-04-28,1200.0,PE,JSWSTEEL26APR1200PE,0.0,0.0,0.0,52.1,0.0,52.1,1251.2,25.5,0,0,0,0.0,0,F1,675,,,,,
2026-02-18,2026-02-18,FO,NSE,STO,131801,,JSWSTEEL,,2026-04-28,2026-04-28,1400.0,PE,JSWSTEEL26APR1400PE,0.0,0.0,0.0,178.7,0.0,178.7,1251.2,146.55,0,0,0,0.0,0,F1,675,,,,,
2026-02-18,2026-02-18,FO,NSE,STO,131393,,JSWSTEEL,,2026-03-30,2026-03-30,1210.0,PE,JSWSTEEL26MAR1210PE,0.0,0.0,0.0,47.05,0.0,47.05,1251.2,19.6,0,0,0,0.0,0,F1,675,,,,,
2026-02-18,2026-02-18,FO,NSE,STO,131380,,JSWSTEEL,,2026-03-30,2026-03-30,1110.0,PE,JSWSTEEL26MAR1110PE,0.0,0.0,0.0,14.7,0.0,14.7,1251.2,2.35,0,0,0,0.0,0,F1,675,,,,,
2026-02-18,2026-02-18,FO,NSE,STO,122713,,JSWSTEEL,,2026-02-24,2026-02-24,1210.0,PE,JSWSTEEL26FEB1210PE,6.05,6.05,2.65,3.4,2.65,6.6,1251.2,3.4,145125,71550,500,409724223.75,422,F1,675,,,,,
2026-02-18,2026-02-18,FO,NSE,STO,109551,,JSWSTEEL,,2026-02-24,2026-02-24,1180.0,PE,JSWSTEEL26FEB1180PE,2.9,2.95,1.3,1.65,1.3,3.15,1251.2,1.65,148500,-58725,406,323940093.75,309,F1,675,,,,,
2026-02-18,2026-02-18,FO,NSE,STO,123086,,JSWSTEEL,,2026-03-30,2026-03-30,1220.0,PE,JSWSTEEL26MAR1220PE,27.85,27.85,21.25,22.15,21.25,27.85,1251.2,22.15,12150,5400,18,15097488.75,18,F1,675,,,,,
2026-02-18,2026-02-18,FO,NSE,STO,123082,,JSWSTEEL,,2026-03-30,2026-03-30,1180.0,PE,JSWSTEEL26MAR1180PE,13.0,13.5,12.15,13.5,13.5,22.0,1251.2,11.5,3375,2025,5,4025328.75,5,F1,675,,,,,
2026-02-18,2026-02-18,FO,NSE,STO,109578,,JSWSTEEL,,2026-02-24,2026-02-24,1200.0,CE,JSWSTEEL26FEB1200CE,48.2,66.0,48.2,55.4,55.7,49.15,1251.2,55.4,350325,-35100,209,177784942.5,149,F1,675,,,,,
2026-02-18,2026-02-18,FO,NSE,STO,123089,,JSWSTEEL,,2026-03-30,2026-03-30,1260.0,CE,JSWSTEEL26MAR1260CE,41.15,45.5,38.55,39.4,39.3,36.75,1251.2,39.4,29025,26325,162,142436306.25,128,F1,675,,,,,
2026-02-18,2026-02-18,FO,NSE,STO,131690,,JSWSTEEL,,2026-04-28,2026-04-28,1100.0,CE,JSWSTEEL26APR1100CE,0.0,0.0,0.0,158.45,0.0,158.45,1251.2,167.9,0,0,0,0.0,0,F1,675,,,,,
2026-02-18,2026-02-18,FO,NSE,STO,131406,,JSWSTEEL,,2026-03-30,2026-03-30,1330.0,CE,JSWSTEEL26MAR1330CE,17.0,17.0,17.0,17.0,17.0,25.55,1251.2,15.0,675,675,1,909225.0,1,F1,675,,,,,
2026-02-18,2026-02-18,FO,NSE,STO,123066,,JSWSTEEL,,2026-03-30,2026-03-30,1120.0,PE,JSWSTEEL26MAR1120PE,0.0,0.0,0.0,7.05,7.05,7.05,1251.2,3.05,5400,0,0,0.0,0,F1,675,,,,,
2026-02-18,2026-02-18,FO,NSE,STO,122706,,JSWSTEEL,,2026-02-24,2026-02-24,1150.0,CE,JSWSTEEL26FEB1150CE,108.0,108.0,108.0,108.0,108.0,95.1,1251.2,102.25,41850,-675,1,849150.0,1,F1,675,,,,,
2026-02-18,2026-02-18,FO,NSE,STO,122699,,JSWSTEEL,,2026-02-24,2026-02-24,1090.0,CE,JSWSTEEL26FEB1090CE,0.0,0.0,0.0,66.6,0.0,66.6,1251.2,162.2,0,0,0,0.0,0,F1,675,,,,,
2026-02-18,2026-02-18,FO,NSE,STO,122723,,JSWSTEEL,,2026-02-24,2026-02-24,1310.0,CE,JSWSTEEL26FEB1310CE,2.1,3.7,1.1,1.3,1.3,1.6,1251.2,1.3,82350,5400,229,202852485.0,206,F1,675,,,,,
2026-02-18,2026-02-18,FO,NSE,STO,131390,,JSWSTEEL,,2026-03-30,2026-03-30,1190.0,CE,JSWSTEEL26MAR1190CE,0.0,0.0,0.0,82.95,0.0,82.95,1251.2,82.2,0,0,0,0.0,0,F1,675,,,,,
2026-02-18,2026-02-18,FO,NSE,STO,123059,,JSWSTEEL,,2026-03-30,2026-03-30,1100.0,PE,JSWSTEEL26MAR1100PE,4.15,4.7,4.0,4.45,4.4,49.4,1251.2,4.45,10800,10800,25,18639517.5,11,F1,675,,,,,
2026-02-18,2026-02-18,FO,NSE,STO,123011,,JSWSTEEL,,2026-03-30,2026-03-30,1040.0,PE,JSWSTEEL26MAR1040PE,0.0,0.0,0.0,5.2,5.2,5.2,1251.2,0.25,8100,0,0,0.0,0,F1,675,,,,,
2026-02-18,2026-02-18,FO,NSE,STO,109579,,JSWSTEEL,,2026-02-24,2026-02-24,1200.0,PE,JSWSTEEL26FEB1200PE,4.9,4.95,2.2,2.65,2.2,5.4,1251.2,2.65,1273050,17550,813,660371535.0,697,F1,675,,,,,
2026-02-18,2026-02-18,FO,NSE,STO,131702,,JSWSTEEL,,2026-04-28,2026-04-28,1120.0,CE,JSWSTEEL26APR1120CE,0.0,0.0,0.0,143.65,0.0,143.65,1251.2,150.45,0,0,0,0.0,0,F1,675,,,,,
2026-02-18,2026-02-18,FO,NSE,STO,122710,,JSWSTEEL,,2026-02-24,2026-02-24,1190.0,CE,JSWSTEEL26FEB1190CE,65.0,74.65,62.9,64.6,63.65,57.4,1251.2,64.6,67500,-13500,106,89905815.0,69,F1,675,,,,,
2026-02-18,2026-02-18,FO,NSE,STO,131707,,JSWSTEEL,,2026-04-28,2026-04-28,1160.0,PE,JSWSTEEL26APR1160PE,0.0,0.0,0.0,36.55,0.0,36.55,1251.2,14.65,0,0,0,0.0,0,F1,675,,,,,
2026-02-18,2026-02-18,FO,NSE,STO,131399,,JSWSTEEL,,2026-03-30,2026-03-30,1270.0,PE,JSWSTEEL26MAR1270PE,0.0,0.0,0.0,78.9,0.0,78.9,1251.2,45.95,0,0,0,0.0,0,F1,675,,,,,
2026-02-18,2026-02-18,FO,NSE,STO,131791,,JSWSTEEL,,2026-04-28,2026-04-28,1300.0,PE,JSWSTEEL26APR1300PE,0.0,0.0,0.0,106.0,0.0,106.0,1251.2,72.75,0,0,0,0.0,0,F1,675,,,,,
2026-02-18,2026-02-18,FO,NSE,STO,122712,,JSWSTEEL,,2026-02-24,2026-02-24,1210.0,CE,JSWSTEEL26FEB1210CE,42.35,45.9,42.35,45.9,45.9,40.0,1251.2,45.9,64800,0,2,1693068.75,2,F1,675,,,,,
2026-02-18,2026-02-18,FO,NSE,STO,122725,,JSWSTEEL,,2026-02-24,2026-02-24,1330.0,CE,JSWSTEEL26FEB1330CE,1.3,1.75,0.6,0.65,0.6,0.85,1251.2,0.65,74925,-8100,151,135671287.5,105,F1,675,,,,,
2026-02-18,2026-02-18,FO,NSE,STO,122716,,JSWSTEEL,,2026-02-24,2026-02-24,1250.0,CE,JSWSTEEL26FEB1250CE,13.35,25.25,13.35,15.2,14.45,13.6,1251.2,15.2,500175,-141075,3568,3058129991.25,3064,F1,675,,,,,
2026-02-18,2026-02-18,FO,NSE,STO,131387,,JSWSTEEL,,2026-03-30,2026-03-30,1170.0,CE,JSWSTEEL26MAR1170CE,0.0,0.0,0.0,95.3,0.0,95.3,1251.2,97.7,0,0,0,0.0,0,F1,675,,,,,
2026-02-18,2026-02-18,FO,NSE,STO,131704,,JSWSTEEL,,2026-04-28,2026-04-28,1140.0,CE,JSWSTEEL26APR1140CE,0.0,0.0,0.0,129.55,0.0,129.55,1251.2,133.7,0,0,0,0.0,0,F1,675,,,,,
2026-02-18,2026-02-18,FO,NSE,STO,122696,,JSWSTEEL,,2026-02-24,2026-02-24,1050.0,PE,JSWSTEEL26FEB1050PE,0.1,0.15,0.1,0.1,0.1,0.2,1251.2,0.05,243000,0,16,11341248.75,8,F1,675,,,,,
2026-02-18,2026-02-18,FO,NSE,STO,109538,,JSWSTEEL,,2026-02-24,2026-02-24,1080.0,PE,JSWSTEEL26FEB1080PE,0.5,0.5,0.35,0.4,0.35,0.5,1251.2,0.4,35775,-17550,38,27712563.75,37,F1,675,,,,,
2026-02-18,2026-02-18,FO,NSE,STO,109540,,JSWSTEEL,,2026-02-24,2026-02-24,1100.0,PE,JSWSTEEL26FEB1100PE,0.6,0.7,0.5,0.6,0.5,0.6,1251.2,0.6,192375,-218025,538,399675937.5,333,F1,675,,,,,
2026-02-18,2026-02-18,FO,NSE,STO,109544,,JSWSTEEL,,2026-02-24,2026-02-24,1140.0,PE,JSWSTEEL26FEB1140PE,1.2,1.3,0.8,0.95,0.8,1.5,1251.2,0.95,398925,-32400,319,245709720.0,230,F1,675,,,,,
2026-02-18,2026-02-18,FO,NSE,STO,131378,,JSWSTEEL,,2026-03-30,2026-03-30,1090.0,PE,JSWSTEEL26MAR1090PE,0.0,0.0,0.0,11.0,0.0,11.0,1251.2,1.35,0,0,0,0.0,0,F1,675,,,,,
2026-02-18,2026-02-18,FO,NSE,STO,123092,,JSWSTEEL,,2026-03-30,2026-03-30,1280.0,PE,JSWSTEEL26MAR1280PE,0.0,0.0,0.0,60.0,60.0,60.0,1251.2,51.7,1350,0,0,0.0,0,F1,675,,,,,
2026-02-18,2026-02-18,FO,NSE,STO,123079,,JSWSTEEL,,2026-03-30,2026-03-30,1160.0,CE,JSWSTEEL26MAR1160CE,0.0,0.0,0.0,49.65,0.0,49.65,1251.2,105.85,0,0,0,0.0,0,F1,675,,,,,
2026-02-18,2026-02-18,FO,NSE,STO,131379,,JSWSTEEL,,2026-03-30,2026-03-30,1110.0,CE,JSWSTEEL26MAR1110CE,0.0,0.0,0.0,138.3,0.0,138.3,1251.2,150.2,0,0,0,0.0,0,F1,675,,,,,
2026-02-18,2026-02-18,FO,NSE,STO,131713,,JSWSTEEL,,2026-04-28,2026-04-28,1220.0,PE,JSWSTEEL26APR1220PE,0.0,0.0,0.0,61.15,0.0,61.15,1251.2,32.55,0,0,0,0.0,0,F1,675,,,,,
2026-02-18,2026-02-18,FO,NSE,STO,122721,,JSWSTEEL,,2026-02-24,2026-02-24,1290.0,CE,JSWSTEEL26FEB1290CE,3.35,7.5,2.35,2.8,2.35,3.1,1251.2,2.8,234225,135675,979,855526151.25,757,F1,675,,,,,
2026-02-18,2026-02-18,FO,NSE,STO,123108,,JSWSTEEL,,2026-03-30,2026-03-30,1400.0,PE,JSWSTEEL26MAR1400PE,0.0,0.0,0.0,136.0,136.0,136.0,1251.2,144.9,4050,0,0,0.0,0,F1,675,,,,,
2026-02-18,2026-02-18,FO,NSE,STO,122711,,JSWSTEEL,,2026-02-24,2026-02-24,1190.0,PE,JSWSTEEL26FEB1190PE,3.7,3.7,1.7,2.1,1.7,4.05,1251.2,2.1,247725,-18900,220,177107478.75,190,F1,675,,,,,
2026-02-18,2026-02-18,FO,NSE,STO,131714,,JSWSTEEL,,2026-04-28,2026-04-28,1240.0,CE,JSWSTEEL26APR1240CE,0.0,0.0,0.0,72.1,0.0,72.1,1251.2,64.85,0,0,0,0.0,0,F1,675,,,,,
2026-02-18,2026-02-18,FO,NSE,STO,131396,,JSWSTEEL,,2026-03-30,2026-03-30,1250.0,CE,JSWSTEEL26MAR1250CE,45.0,50.55,43.0,44.7,44.0,40.3,1251.2,44.7,81675,59400,155,135820867.5,109,F1,675,,,,,
2026-02-18,2026-02-18,FO,NSE,STO,131392,,JSWSTEEL,,2026-03-30,2026-03-30,1210.0,CE,JSWSTEEL26MAR1210CE,0.0,0.0,0.0,71.7,0.0,71.7,1251.2,68.1,0,0,0,0.0,0,F1,675,,,,,
2026-02-18,2026-02-18,FO,NSE,STO,122714,,JSWSTEEL,,2026-02-24,2026-02-24,1230.0,CE,JSWSTEEL26FEB1230CE,24.8,38.85,24.8,28.5,27.65,24.6,1251.2,28.5,303750,-16875,156,132982593.75,153,F1,675,,,,,
2026-02-18,2026-02-18,FO,NSE,STO,123021,,JSWSTEEL,,2026-03-30,2026-03-30,1080.0,CE,JSWSTEEL26MAR1080CE,0.0,0.0,0.0,88.5,0.0,88.5,1251.2,178.7,0,0,0,0.0,0,F1,675,,,,,
2026-02-18,2026-02-18,FO,NSE,STO,123085,,JSWSTEEL,,2026-03-30,2026-03-30,1220.0,CE,JSWSTEEL26MAR1220CE,0.0,0.0,0.0,58.0,58.0,58.0,1251.2,61.55,675,0,0,0.0,0,F1,675,,,,,
2026-02-18,2026-02-18,FO,NSE,STO,131398,,JSWSTEEL,,2026-03-30,2026-03-30,1270.0,CE,JSWSTEEL26MAR1270CE,0.0,0.0,0.0,34.5,34.5,34.5,1251.2,34.8,3375,0,0,0.0,0,F1,675,,,,,
2026-02-18,2026-02-18,FO,NSE,STO,123095,,JSWSTEEL,,2026-03-30,2026-03-30,1320.0,CE,JSWSTEEL26MAR1320CE,20.0,20.25,17.0,17.35,17.05,22.2,1251.2,17.35,33750,29025,57,51532706.25,29,F1,675,,,,,
2026-02-18,2026-02-18,FO,NSE,STO,109642,,JSWSTEEL,,2026-02-24,2026-02-24,1320.0,PE,JSWSTEEL26FEB1320PE,0.0,0.0,0.0,72.0,72.0,72.0,1251.2,68.35,2025,0,0,0.0,0,F1,675,,,,,
2026-02-18,2026-02-18,FO,NSE,STO,109661,,JSWSTEEL,,2026-02-24,2026-02-24,1360.0,PE,JSWSTEEL26FEB1360PE,0.0,0.0,0.0,235.5,0.0,235.5,1251.2,107.6,0,0,0,0.0,0,F1,675,,,,,
2026-02-18,2026-02-18,FO,NSE,STO,122708,,JSWSTEEL,,2026-02-24,2026-02-24,1170.0,CE,JSWSTEEL26FEB1170CE,86.5,91.45,82.55,86.4,86.4,72.9,1251.2,82.45,41175,-8100,47,39885277.5,47,F1,675,,,,,
2026-02-18,2026-02-18,FO,NSE,STO,109550,,JSWSTEEL,,2026-02-24,2026-02-24,1180.0,CE,JSWSTEEL26FEB1180CE,81.0,84.3,73.15,74.6,75.2,66.65,1251.2,74.6,70875,-13500,58,49300413.75,51,F1,675,,,,,
2026-02-18,2026-02-18,FO,NSE,STO,131385,,JSWSTEEL,,2026-03-30,2026-03-30,1150.0,PE,JSWSTEEL26MAR1150PE,8.2,9.2,7.4,8.25,7.4,10.05,1251.2,8.25,49275,2025,32,25023127.5,28,F1,675,,,,,
2026-02-18,2026-02-18,FO,NSE,STO,123080,,JSWSTEEL,,2026-03-30,2026-03-30,1160.0,PE,JSWSTEEL26MAR1160PE,0.0,0.0,0.0,13.1,13.5,13.1,1251.2,7.7,29025,0,0,0.0,0,F1,675,,,,,
2026-02-18,2026-02-18,FO,NSE,STO,123106,,JSWSTEEL,,2026-03-30,2026-03-30,1380.0,PE,JSWSTEEL26MAR1380PE,0.0,0.0,0.0,254.25,0.0,254.25,1251.2,127.05,0,0,0,0.0,0,F1,675,,,,,
2026-02-18,2026-02-18,FO,NSE,STO,109535,,JSWSTEEL,,2026-02-24,2026-02-24,1060.0,CE,JSWSTEEL26FEB1060CE,0.0,0.0,0.0,65.0,65.0,65.0,1251.2,192.15,675,0,0,0.0,0,F1,675,,,,,
2026-02-18,2026-02-18,FO,NSE,STO,122702,,JSWSTEEL,,2026-02-24,2026-02-24,1110.0,CE,JSWSTEEL26FEB1110CE,0.0,0.0,0.0,55.75,0.0,55.75,1251.2,142.2,0,0,0,0.0,0,F1,675,,,,,
2026-02-18,2026-02-18,FO,NSE,STO,109543,,JSWSTEEL,,2026-02-24,2026-02-24,1140.0,CE,JSWSTEEL26FEB1140CE,0.0,0.0,0.0,72.45,72.55,72.45,1251.2,112.25,3375,0,0,0.0,0,F1,675,,,,,
2026-02-18,2026-02-18,FO,NSE,STO,131715,,JSWSTEEL,,2026-04-28,2026-04-28,1240.0,PE,JSWSTEEL26APR1240PE,0.0,0.0,0.0,71.1,0.0,71.1,1251.2,40.85,0,0,0,0.0,0,F1,675,,,,,
2026-02-18,2026-02-18,FO,NSE,STO,109610,,JSWSTEEL,,2026-02-24,2026-02-24,1220.0,PE,JSWSTEEL26FEB1220PE,8.2,8.2,3.2,3.9,3.45,8.6,1251.2,3.9,597375,172800,1333,1101982083.75,985,F1,675,,,,,
2026-02-18,2026-02-18,FO,NSE,STO,131400,,JSWSTEEL,,2026-03-30,2026-03-30,1290.0,CE,JSWSTEEL26MAR1290CE,31.0,31.0,31.0,31.0,31.0,24.0,1251.2,26.8,2700,675,1,891675.0,1,F1,675,,,,,
2026-02-18,2026-02-18,FO,NSE,STO,131384,,JSWSTEEL,,2026-03-30,2026-03-30,1150.0,CE,JSWSTEEL26MAR1150CE,0.0,0.0,0.0,109.0,109.0,109.0,1251.2,114.3,675,0,0,0.0,0,F1,675,,,,,
2026-02-18,2026-02-18,FO,NSE,STO,109634,,JSWSTEEL,,2026-02-24,2026-02-24,1280.0,CE,JSWSTEEL26FEB1280CE,4.5,10.6,3.6,4.05,3.85,4.6,1251.2,4.05,672300,489375,2620,2275251727.5,2126,F1,675,,,,,
2026-02-18,2026-02-18,FO,NSE,STO,122719,,JSWSTEEL,,2026-02-24,2026-02-24,1270.0,CE,JSWSTEEL26FEB1270CE,6.85,14.65,6.1,6.95,6.1,6.8,1251.2,6.95,311175,60750,2777,2400945300.0,2431,F1,675,,,,,
2026-02-18,2026-02-18,FO,NSE,STO,109631,,JSWSTEEL,,2026-02-24,2026-02-24,1260.0,CE,JSWSTEEL26FEB1260CE,10.95,19.6,9.25,10.55,9.85,9.6,1251.2,10.55,845775,368550,7687,6615399566.25,6318,F1,675,,,,,
2026-02-18,2026-02-18,FO,NSE,STO,122695,,JSWSTEEL,,2026-02-24,2026-02-24,1050.0,CE,JSWSTEEL26FEB1050CE,0.0,0.0,0.0,164.0,164.0,164.0,1251.2,202.15,8775,0,0,0.0,0,F1,675,,,,,
2026-02-18,2026-02-18,FO,NSE,STO,109524,,JSWSTEEL,,2026-02-24,2026-02-24,1040.0,CE,JSWSTEEL26FEB1040CE,0.0,0.0,0.0,143.2,143.2,143.2,1251.2,212.15,675,0,0,0.0,0,F1,675,,,,,
2026-02-18,2026-02-18,FO,NSE,STF,66874,,JSWSTEEL,,2026-04-28,2026-04-28,,,JSWSTEEL26APRFUT,1268.0,1276.4,1267.4,1268.1,1267.4,1256.8,1251.2,1268.1,35775,-4050,28,24045997.5,25,F1,675,,,,,
2026-02-18,2026-02-18,FO,NSE,STO,131777,,JSWSTEEL,,2026-04-28,2026-04-28,1260.0,CE,JSWSTEEL26APR1260CE,0.0,0.0,0.0,63.2,0.0,63.2,1251.2,54.5,0,0,0,0.0,0,F1,675,,,,,
2026-02-18,2026-02-18,FO,NSE,STO,131787,,JSWSTEEL,,2026-04-28,2026-04-28,1280.0,CE,JSWSTEEL26APR1280CE,0.0,0.0,0.0,55.15,0.0,55.15,1251.2,45.4,0,0,0,0.0,0,F1,675,,,,,
2026-02-18,2026-02-18,FO,NSE,STO,122720,,JSWSTEEL,,2026-02-24,2026-02-24,1270.0,PE,JSWSTEEL26FEB1270PE,25.3,26.25,21.1,24.1,23.6,32.8,1251.2,24.1,71550,20925,113,98698162.5,109,F1,675,,,,,
2026-02-18,2026-02-18,FO,NSE,STO,131383,,JSWSTEEL,,2026-03-30,2026-03-30,1130.0,PE,JSWSTEEL26MAR1130PE,0.0,0.0,0.0,19.25,0.0,19.25,1251.2,3.9,0,0,0,0.0,0,F1,675,,,,,
2026-02-18,2026-02-18,FO,NSE,STO,123088,,JSWSTEEL,,2026-03-30,2026-03-30,1240.0,PE,JSWSTEEL26MAR1240PE,30.0,30.0,30.0,30.0,30.0,135.35,1251.2,31.05,675,675,1,857250.0,1,F1,675,,,,,
2026-02-18,2026-02-18,FO,NSE,STO,123094,,JSWSTEEL,,2026-03-30,2026-03-30,1300.0,PE,JSWSTEEL26MAR1300PE,0.0,0.0,0.0,68.5,68.5,68.5,1251.2,64.35,2700,0,0,0.0,0,F1,675,,,,,
2026-02-18,2026-02-18,FO,NSE,STO,123096,,JSWSTEEL,,2026-03-30,2026-03-30,1320.0,PE,JSWSTEEL26MAR1320PE,0.0,0.0,0.0,200.6,0.0,200.6,1251.2,78.35,0,0,0,0.0,0,F1,675,,,,,
2026-02-18,2026-02-18,FO,NSE,STO,123104,,JSWSTEEL,,2026-03-30,2026-03-30,1360.0,PE,JSWSTEEL26MAR1360PE,0.0,0.0,0.0,236.05,0.0,236.05,1251.2,109.85,0,0,0,0.0,0,F1,675,,,,,
2026-02-18,2026-02-18,FO,NSE,STO,131788,,JSWSTEEL,,2026-04-28,2026-04-28,1280.0,PE,JSWSTEEL26APR1280PE,0.0,0.0,0.0,93.55,0.0,93.55,1251.2,60.95,0,0,0,0.0,0,F1,675,,,,,
2026-02-18,2026-02-18,FO,NSE,STO,131712,,JSWSTEEL,,2026-04-28,2026-04-28,1220.0,CE,JSWSTEEL26APR1220CE,0.0,0.0,0.0,81.85,0.0,81.85,1251.2,76.4,0,0,0,0.0,0,F1,675,,,,,
2026-02-18,2026-02-18,FO,NSE,STO,122724,,JSWSTEEL,,2026-02-24,2026-02-24,1310.0,PE,JSWSTEEL26FEB1310PE,0.0,0.0,0.0,67.95,68.5,67.95,1251.2,58.9,8775,0,0,0.0,0,F1,675,,,,,
2026-02-18,2026-02-18,FO,NSE,STO,122726,,JSWSTEEL,,2026-02-24,2026-02-24,1330.0,PE,JSWSTEEL26FEB1330PE,0.0,0.0,0.0,210.0,0.0,210.0,1251.2,78.0,0,0,0,0.0,0,F1,675,,,,,
2026-02-18,2026-02-18,FO,NSE,STO,131388,,JSWSTEEL,,2026-03-30,2026-03-30,1170.0,PE,JSWSTEEL26MAR1170PE,10.7,11.55,10.6,11.4,11.4,15.8,1251.2,9.45,5400,4050,9,7174473.75,9,F1,675,,,,,
2026-02-18,2026-02-18,FO,NSE,STO,123084,,JSWSTEEL,,2026-03-30,2026-03-30,1200.0,PE,JSWSTEEL26MAR1200PE,18.5,18.5,15.0,16.25,15.7,20.5,1251.2,16.25,175500,101250,362,297285558.75,215,F1,675,,,,,
2026-02-18,2026-02-18,FO,NSE,STO,131689,,JSWSTEEL,,2026-04-28,2026-04-28,1080.0,PE,JSWSTEEL26APR1080PE,0.0,0.0,0.0,15.5,0.0,15.5,1251.2,3.6,0,0,0,0.0,0,F1,675,,,,,
2026-02-18,2026-02-18,FO,NSE,STO,131797,,JSWSTEEL,,2026-04-28,2026-04-28,1360.0,PE,JSWSTEEL26APR1360PE,0.0,0.0,0.0,147.75,0.0,147.75,1251.2,114.4,0,0,0,0.0,0,F1,675,,,,,
2026-02-18,2026-02-18,FO,NSE,STF,59391,,JSWSTEEL,,2026-02-24,2026-02-24,,,JSWSTEEL26FEBFUT,1243.7,1263.8,1243.7,1252.8,1254.3,1243.6,1251.2,1252.8,40690350,-8112825,14783,12517225380.0,5830,F1,675,,,,,
2026-02-18,2026-02-18,FO,NSE,STO,109541,,JSWSTEEL,,2026-02-24,2026-02-24,1120.0,CE,JSWSTEEL26FEB1120CE,0.0,0.0,0.0,124.0,124.0,124.0,1251.2,132.2,2700,0,0,0.0,0,F1,675,,,,,
2026-02-18,2026-02-18,FO,NSE,STO,109605,,JSWSTEEL,,2026-02-24,2026-02-24,1220.0,CE,JSWSTEEL26FEB1220CE,38.1,47.0,36.1,36.85,37.15,32.45,1251.2,36.85,144450,-14175,84,71556918.75,78,F1,675,,,,,
2026-02-18,2026-02-18,FO,NSE,STO,109640,,JSWSTEEL,,2026-02-24,2026-02-24,1320.0,CE,JSWSTEEL26FEB1320CE,1.25,2.6,0.75,0.9,0.75,1.15,1251.2,0.9,189675,58050,698,622756890.0,533,F1,675,,,,,
2026-02-18,2026-02-18,FO,NSE,STO,122735,,JSWSTEEL,,2026-02-24,2026-02-24,1350.0,CE,JSWSTEEL26FEB1350CE,0.55,0.95,0.45,0.55,0.6,0.5,1251.2,0.55,103275,8100,69,62905443.75,57,F1,675,,,,,
2026-02-18,2026-02-18,FO,NSE,STO,109664,,JSWSTEEL,,2026-02-24,2026-02-24,1400.0,CE,JSWSTEEL26FEB1400CE,0.1,0.2,0.1,0.1,0.1,0.1,1251.2,0.1,805950,-6075,41,38749387.5,28,F1,675,,,,,
2026-02-18,2026-02-18,FO,NSE,STO,123014,,JSWSTEEL,,2026-03-30,2026-03-30,1060.0,CE,JSWSTEEL26MAR1060CE,0.0,0.0,0.0,100.7,0.0,100.7,1251.2,198.1,0,0,0,0.0,0,F1,675,,,,,
2026-02-18,2026-02-18,FO,NSE,STO,131670,,JSWSTEEL,,2026-04-28,2026-04-28,1040.0,CE,JSWSTEEL26APR1040CE,0.0,0.0,0.0,207.15,0.0,207.15,1251.2,223.45,0,0,0,0.0,0,F1,675,,,,,
2026-02-18,2026-02-18,FO,NSE,STO,131706,,JSWSTEEL,,2026-04-28,2026-04-28,1160.0,CE,JSWSTEEL26APR1160CE,0.0,0.0,0.0,116.3,0.0,116.3,1251.2,117.85,0,0,0,0.0,0,F1,675,,,,,
2026-02-18,2026-02-18,FO,NSE,STO,131708,,JSWSTEEL,,2026-04-28,2026-04-28,1180.0,CE,JSWSTEEL26APR1180CE,0.0,0.0,0.0,103.95,0.0,103.95,1251.2,102.95,0,0,0,0.0,0,F1,675,,,,,
2026-02-18,2026-02-18,FO,NSE,STO,131710,,JSWSTEEL,,2026-04-28,2026-04-28,1200.0,CE,JSWSTEEL26APR1200CE,0.0,0.0,0.0,92.45,0.0,92.45,1251.2,89.1,0,0,0,0.0,0,F1,675,,,,,
2026-02-18,2026-02-18,FO,NSE,STO,131790,,JSWSTEEL,,2026-04-28,2026-04-28,1300.0,CE,JSWSTEEL26APR1300CE,0.0,0.0,0.0,47.9,0.0,47.9,1251.2,37.4,0,0,0,0.0,0,F1,675,,,,,
2026-02-18,2026-02-18,FO,NSE,STO,131794,,JSWSTEEL,,2026-04-28,2026-04-28,1340.0,CE,JSWSTEEL26APR1340CE,0.0,0.0,0.0,35.65,0.0,35.65,1251.2,24.6,0,0,0,0.0,0,F1,675,,,,,
2026-02-18,2026-02-18,FO,NSE,STO,131796,,JSWSTEEL,,2026-04-28,2026-04-28,1360.0,CE,JSWSTEEL26APR1360CE,0.0,0.0,0.0,30.6,0.0,30.6,1251.2,19.7,0,0,0,0.0,0,F1,675,,,,,
2026-02-18,2026-02-18,FO,NSE,STO,109536,,JSWSTEEL,,2026-02-24,2026-02-24,1060.0,PE,JSWSTEEL26FEB1060PE,0.0,0.0,0.0,0.65,0.65,0.65,1251.2,0.05,31725,0,0,0.0,0,F1,675,,,,,
2026-02-18,2026-02-18,FO,NSE,STO,109542,,JSWSTEEL,,2026-02-24,2026-02-24,1120.0,PE,JSWSTEEL26FEB1120PE,1.0,1.0,0.65,0.65,0.65,1.05,1251.2,0.65,58725,-5400,30,22695525.0,26,F1,675,,,,,
2026-02-18,2026-02-18,FO,NSE,STO,122722,,JSWSTEEL,,2026-02-24,2026-02-24,1290.0,PE,JSWSTEEL26FEB1290PE,38.35,41.25,38.35,39.85,39.8,44.55,1251.2,39.85,20250,-6075,16,14357047.5,16,F1,675,,,,,
2026-02-18,2026-02-18,FO,NSE,STO,123063,,JSWSTEEL,,2026-03-30,2026-03-30,1120.0,CE,JSWSTEEL26MAR1120CE,0.0,0.0,0.0,67.1,0.0,67.1,1251.2,140.95,0,0,0,0.0,0,F1,675,,,,,
2026-02-18,2026-02-18,FO,NSE,STO,131709,,JSWSTEEL,,2026-04-28,2026-04-28,1180.0,PE,JSWSTEEL26APR1180PE,0.0,0.0,0.0,43.9,0.0,43.9,1251.2,19.55,0,0,0,0.0,0,F1,675,,,,,
2026-02-18,2026-02-18,FO,NSE,STO,129804,,LICI,,2026-03-30,2026-03-30,920.0,PE,LICI26MAR920PE,51.0,51.0,50.4,50.4,50.4,49.0,878.7,51.4,3500,2800,4,2717540.0,3,F1,700,,,,,
2026-02-18,2026-02-18,FO,NSE,STO,136185,,LICI,,2026-04-28,2026-04-28,760.0,PE,LICI26APR760PE,0.0,0.0,0.0,21.05,0.0,21.05,878.7,3.3,0,0,0,0.0,0,F1,700,,,,,
2026-02-18,2026-02-18,FO,NSE,STO,136263,,LICI,,2026-04-28,2026-04-28,920.0,PE,LICI26APR920PE,0.0,0.0,0.0,113.0,0.0,113.0,878.7,57.5,0,0,0,0.0,0,F1,700,,,,,
2026-02-18,2026-02-18,FO,NSE,STO,136281,,LICI,,2026-04-28,2026-04-28,1020.0,PE,LICI26APR1020PE,0.0,0.0,0.0,200.25,0.0,200.25,878.7,136.05,0,0,0,0.0,0,F1,700,,,,,
2026-02-18,2026-02-18,FO,NSE,STO,135797,,LICI,,2026-03-30,2026-03-30,795.0,CE,LICI26MAR795CE,0.0,0.0,0.0,49.25,0.0,49.25,878.7,92.0,0,0,0,0.0,0,F1,700,,,,,
2026-02-18,2026-02-18,FO,NSE,STO,135805,,LICI,,2026-03-30,2026-03-30,835.0,CE,LICI26MAR835CE,0.0,0.0,0.0,33.95,33.95,33.95,878.7,59.45,0,0,0,0.0,0,F1,700,,,,,
2026-02-18,2026-02-18,FO,NSE,STO,129754,,LICI,,2026-03-30,2026-03-30,800.0,CE,LICI26MAR800CE,85.5,86.0,85.0,85.0,85.0,84.95,878.7,87.6,11200,3500,8,4958800.0,4,F1,700,,,,,
2026-02-18,2026-02-18,FO,NSE,STO,129696,,LICI,,2026-03-30,2026-03-30,750.0,CE,LICI26MAR750CE,0.0,0.0,0.0,121.05,0.0,121.05,878.7,133.9,0,0,0,0.0,0,F1,700,,,,,
2026-02-18,2026-02-18,FO,NSE,STO,136205,,LICI,,2026-04-28,2026-04-28,860.0,PE,LICI26APR860PE,0.0,0.0,0.0,69.45,0.0,69.45,878.7,26.05,0,0,0,0.0,0,F1,700,,,,,
2026-02-18,2026-02-18,FO,NSE,STO,136173,,LICI,,2026-04-28,2026-04-28,700.0,PE,LICI26APR700PE,0.0,0.0,0.0,7.35,0.0,7.35,878.7,0.5,0,0,0,0.0,0,F1,700,,,,,
2026-02-18,2026-02-18,FO,NSE,STO,135820,,LICI,,2026-03-30,2026-03-30,905.0,PE,LICI26MAR905PE,0.0,0.0,0.0,98.5,0.0,98.5,878.7,41.55,0,0,0,0.0,0,F1,700,,,,,
2026-02-18,2026-02-18,FO,NSE,STO,129793,,LICI,,2026-03-30,2026-03-30,900.0,PE,LICI26MAR900PE,37.0,38.7,33.0,33.35,33.2,37.9,878.7,33.35,118300,17500,41,26827990.0,38,F1,700,,,,,
2026-02-18,2026-02-18,FO,NSE,STO,135816,,LICI,,2026-03-30,2026-03-30,885.0,PE,LICI26MAR885PE,0.0,0.0,0.0,82.75,0.0,82.75,878.7,30.1,0,0,0,0.0,0,F1,700,,,,,
2026-02-18,2026-02-18,FO,NSE,STO,129772,,LICI,,2026-03-30,2026-03-30,860.0,PE,LICI26MAR860PE,15.75,15.75,14.05,14.3,14.15,16.7,878.7,14.3,30800,4200,13,7959245.0,12,F1,700,,,,,
2026-02-18,2026-02-18,FO,NSE,STO,135810,,LICI,,2026-03-30,2026-03-30,855.0,PE,LICI26MAR855PE,0.0,0.0,0.0,61.2,0.0,61.2,878.7,16.95,0,0,0,0.0,0,F1,700,,,,,
2026-02-18,2026-02-18,FO,NSE,STO,129720,,LICI,,2026-03-30,2026-03-30,760.0,PE,LICI26MAR760PE,0.0,0.0,0.0,2.0,2.0,2.0,878.7,1.0,20300,0,0,0.0,0,F1,700,,,,,
2026-02-18,2026-02-18,FO,NSE,STO,129695,,LICI,,2026-03-30,2026-03-30,740.0,PE,LICI26MAR740PE,0.0,0.0,0.0,8.95,0.0,8.95,878.7,0.45,0,0,0,0.0,0,F1,700,,,,,
2026-02-18,2026-02-18,FO,NSE,STO,129397,,LICI,,2026-02-24,2026-02-24,990.0,PE,LICI26FEB990PE,0.0,0.0,0.0,137.05,0.0,137.05,878.7,110.4,0,0,0,0.0,0,F1,700,,,,,
2026-02-18,2026-02-18,FO,NSE,STO,129317,,LICI,,2026-02-24,2026-02-24,965.0,PE,LICI26FEB965PE,0.0,0.0,0.0,115.2,0.0,115.2,878.7,85.45,0,0,0,0.0,0,F1,700,,,,,
2026-02-18,2026-02-18,FO,NSE,STO,129313,,LICI,,2026-02-24,2026-02-24,950.0,PE,LICI26FEB950PE,0.0,0.0,0.0,60.05,60.05,60.05,878.7,70.55,18900,0,0,0.0,0,F1,700,,,,,
2026-02-18,2026-02-18,FO,NSE,STO,129279,,LICI,,2026-02-24,2026-02-24,895.0,PE,LICI26FEB895PE,0.0,0.0,0.0,28.45,28.3,28.45,878.7,20.95,58100,0,0,0.0,0,F1,700,,,,,
2026-02-18,2026-02-18,FO,NSE,STO,129249,,LICI,,2026-02-24,2026-02-24,845.0,PE,LICI26FEB845PE,1.85,1.9,0.8,0.9,0.9,3.3,878.7,0.9,149100,8400,79,46803260.0,78,F1,700,,,,,
2026-02-18,2026-02-18,FO,NSE,STO,129235,,LICI,,2026-02-24,2026-02-24,815.0,PE,LICI26FEB815PE,0.0,0.0,0.0,0.5,0.5,0.5,878.7,0.1,66500,0,0,0.0,0,F1,700,,,,,
2026-02-18,2026-02-18,FO,NSE,STO,113029,,LICI,,2026-02-24,2026-02-24,720.0,PE,LICI26FEB720PE,0.0,0.0,0.0,1.0,1.0,1.0,878.7,0.05,700,0,0,0.0,0,F1,700,,,,,
2026-02-18,2026-02-18,FO,NSE,STO,129171,,LICI,,2026-02-24,2026-02-24,710.0,PE,LICI26FEB710PE,0.2,0.95,0.2,0.4,0.4,2.0,878.7,0.05,5600,5600,9,4475170.0,9,F1,700,,,,,
2026-02-18,2026-02-18,FO,NSE,STO,136208,,LICI,,2026-04-28,2026-04-28,880.0,CE,LICI26APR880CE,0.0,0.0,0.0,24.2,0.0,24.2,878.7,42.75,0,0,0,0.0,0,F1,700,,,,,
2026-02-18,2026-02-18,FO,NSE,STO,136198,,LICI,,2026-04-28,2026-04-28,830.0,CE,LICI26APR830CE,0.0,0.0,0.0,42.0,0.0,42.0,878.7,73.0,0,0,0,0.0,0,F1,700,,,,,
2026-02-18,2026-02-18,FO,NSE,STO,136186,,LICI,,2026-04-28,2026-04-28,770.0,CE,LICI26APR770CE,0.0,0.0,0.0,73.95,0.0,73.95,878.7,120.95,0,0,0,0.0,0,F1,700,,,,,
2026-02-18,2026-02-18,FO,NSE,STO,136164,,LICI,,2026-04-28,2026-04-28,700.0,CE,LICI26APR700CE,0.0,0.0,0.0,125.85,0.0,125.85,878.7,186.45,0,0,0,0.0,0,F1,700,,,,,
2026-02-18,2026-02-18,FO,NSE,STO,129932,,LICI,,2026-03-30,2026-03-30,1010.0,CE,LICI26MAR1010CE,0.0,0.0,0.0,9.65,0.0,9.65,878.7,1.95,0,0,0,0.0,0,F1,700,,,,,
2026-02-18,2026-02-18,FO,NSE,STO,135887,,LICI,,2026-03-30,2026-03-30,975.0,CE,LICI26MAR975CE,0.0,0.0,0.0,3.1,0.0,3.1,878.7,4.75,0,0,0,0.0,0,F1,700,,,,,
2026-02-18,2026-02-18,FO,NSE,STO,129295,,LICI,,2026-02-24,2026-02-24,930.0,PE,LICI26FEB930PE,0.0,0.0,0.0,59.0,59.0,59.0,878.7,51.0,13300,0,0,0.0,0,F1,700,,,,,
2026-02-18,2026-02-18,FO,NSE,STO,136273,,LICI,,2026-04-28,2026-04-28,970.0,PE,LICI26APR970PE,0.0,0.0,0.0,155.0,0.0,155.0,878.7,93.55,0,0,0,0.0,0,F1,700,,,,,
2026-02-18,2026-02-18,FO,NSE,STO,136277,,LICI,,2026-04-28,2026-04-28,990.0,PE,LICI26APR990PE,0.0,0.0,0.0,172.8,0.0,172.8,878.7,109.95,0,0,0,0.0,0,F1,700,,,,,
2026-02-18,2026-02-18,FO,NSE,STO,129234,,LICI,,2026-02-24,2026-02-24,815.0,CE,LICI26FEB815CE,0.0,0.0,0.0,62.15,62.15,62.15,878.7,64.55,53200,0,0,0.0,0,F1,700,,,,,
2026-02-18,2026-02-18,FO,NSE,STO,129340,,LICI,,2026-02-24,2026-02-24,985.0,CE,LICI26FEB985CE,0.0,0.0,0.0,1.4,1.4,1.4,878.7,0.05,50400,0,0,0.0,0,F1,700,,,,,
2026-02-18,2026-02-18,FO,NSE,STO,135791,,LICI,,2026-03-30,2026-03-30,765.0,CE,LICI26MAR765CE,0.0,0.0,0.0,67.85,0.0,67.85,878.7,119.55,0,0,0,0.0,0,F1,700,,,,,
2026-02-18,2026-02-18,FO,NSE,STO,129721,,LICI,,2026-03-30,2026-03-30,770.0,CE,LICI26MAR770CE,0.0,0.0,0.0,105.6,0.0,105.6,878.7,114.8,0,0,0,0.0,0,F1,700,,,,,
2026-02-18,2026-02-18,FO,NSE,STO,135799,,LICI,,2026-03-30,2026-03-30,805.0,CE,LICI26MAR805CE,0.0,0.0,0.0,43.85,0.0,43.85,878.7,83.3,0,0,0,0.0,0,F1,700,,,,,
2026-02-18,2026-02-18,FO,NSE,STO,135803,,LICI,,2026-03-30,2026-03-30,825.0,CE,LICI26MAR825CE,64.0,64.0,64.0,64.0,64.0,34.3,878.7,67.0,700,700,1,622300.0,1,F1,700,,,,,
2026-02-18,2026-02-18,FO,NSE,STO,135811,,LICI,,2026-03-30,2026-03-30,865.0,CE,LICI26MAR865CE,0.0,0.0,0.0,35.0,35.0,35.0,878.7,39.7,0,0,0,0.0,0,F1,700,,,,,
2026-02-18,2026-02-18,FO,NSE,STO,129773,,LICI,,2026-03-30,2026-03-30,870.0,CE,LICI26MAR870CE,31.4,35.0,29.4,35.0,35.0,31.4,878.7,36.85,27300,1400,33,20841135.0,29,F1,700,,,,,
2026-02-18,2026-02-18,FO,NSE,STO,136211,,LICI,,2026-04-28,2026-04-28,890.0,PE,LICI26APR890PE,0.0,0.0,0.0,90.1,0.0,90.1,878.7,40.0,0,0,0,0.0,0,F1,700,,,,,
2026-02-18,2026-02-18,FO,NSE,STO,136209,,LICI,,2026-04-28,2026-04-28,880.0,PE,LICI26APR880PE,0.0,0.0,0.0,82.95,0.0,82.95,878.7,34.95,0,0,0,0.0,0,F1,700,,,,,
2026-02-18,2026-02-18,FO,NSE,STO,136191,,LICI,,2026-04-28,2026-04-28,790.0,PE,LICI26APR790PE,0.0,0.0,0.0,32.05,0.0,32.05,878.7,6.9,0,0,0,0.0,0,F1,700,,,,,
2026-02-18,2026-02-18,FO,NSE,STO,129916,,LICI,,2026-03-30,2026-03-30,940.0,PE,LICI26MAR940PE,0.0,0.0,0.0,99.15,0.0,99.15,878.7,66.1,0,0,0,0.0,0,F1,700,,,,,
2026-02-18,2026-02-18,FO,NSE,STO,129339,,LICI,,2026-02-24,2026-02-24,975.0,PE,LICI26FEB975PE,0.0,0.0,0.0,123.8,0.0,123.8,878.7,95.45,0,0,0,0.0,0,F1,700,,,,,
2026-02-18,2026-02-18,FO,NSE,STO,129315,,LICI,,2026-02-24,2026-02-24,955.0,PE,LICI26FEB955PE,0.0,0.0,0.0,106.75,0.0,106.75,878.7,75.5,0,0,0,0.0,0,F1,700,,,,,
2026-02-18,2026-02-18,FO,NSE,STO,129297,,LICI,,2026-02-24,2026-02-24,935.0,PE,LICI26FEB935PE,0.0,0.0,0.0,47.3,47.3,47.3,878.7,55.8,700,0,0,0.0,0,F1,700,,,,,
2026-02-18,2026-02-18,FO,NSE,STO,129259,,LICI,,2026-02-24,2026-02-24,865.0,PE,LICI26FEB865PE,6.05,7.05,2.85,3.05,3.1,6.3,878.7,3.05,157500,80500,456,277443845.0,340,F1,700,,,,,
2026-02-18,2026-02-18,FO,NSE,STO,129229,,LICI,,2026-02-24,2026-02-24,795.0,PE,LICI26FEB795PE,0.0,0.0,0.0,0.85,0.9,0.85,878.7,0.05,43400,0,0,0.0,0,F1,700,,,,,
2026-02-18,2026-02-18,FO,NSE,STO,113033,,LICI,,2026-02-24,2026-02-24,760.0,PE,LICI26FEB760PE,0.15,0.15,0.15,0.15,0.15,0.35,878.7,0.05,41300,-1400,2,1064210.0,2,F1,700,,,,,
2026-02-18,2026-02-18,FO,NSE,STO,136210,,LICI,,2026-04-28,2026-04-28,890.0,CE,LICI26APR890CE,0.0,0.0,0.0,21.5,0.0,21.5,878.7,37.9,0,0,0,0.0,0,F1,700,,,,,
2026-02-18,2026-02-18,FO,NSE,STO,136202,,LICI,,2026-04-28,2026-04-28,850.0,CE,LICI26APR850CE,0.0,0.0,0.0,34.0,0.0,34.0,878.7,59.7,0,0,0,0.0,0,F1,700,,,,,
2026-02-18,2026-02-18,FO,NSE,STO,136192,,LICI,,2026-04-28,2026-04-28,800.0,CE,LICI26APR800CE,0.0,0.0,0.0,56.45,0.0,56.45,878.7,95.6,0,0,0,0.0,0,F1,700,,,,,
2026-02-18,2026-02-18,FO,NSE,STO,135889,,LICI,,2026-03-30,2026-03-30,985.0,CE,LICI26MAR985CE,0.0,0.0,0.0,2.6,0.0,2.6,878.7,3.7,0,0,0,0.0,0,F1,700,,,,,
2026-02-18,2026-02-18,FO,NSE,STO,135885,,LICI,,2026-03-30,2026-03-30,965.0,CE,LICI26MAR965CE,5.85,5.9,4.95,5.55,5.55,6.1,878.7,6.0,18200,16100,41,27853455.0,31,F1,700,,,,,
2026-02-18,2026-02-18,FO,NSE,STO,135809,,LICI,,2026-03-30,2026-03-30,855.0,CE,LICI26MAR855CE,0.0,0.0,0.0,22.95,0.0,22.95,878.7,45.8,0,0,0,0.0,0,F1,700,,,,,
2026-02-18,2026-02-18,FO,NSE,STO,135801,,LICI,,2026-03-30,2026-03-30,815.0,CE,LICI26MAR815CE,0.0,0.0,0.0,38.85,0.0,38.85,878.7,75.0,0,0,0,0.0,0,F1,700,,,,,
2026-02-18,2026-02-18,FO,NSE,STO,135793,,LICI,,2026-03-30,2026-03-30,775.0,CE,LICI26MAR775CE,0.0,0.0,0.0,61.25,0.0,61.25,878.7,110.15,0,0,0,0.0,0,F1,700,,,,,
2026-02-18,2026-02-18,FO,NSE,STO,129326,,LICI,,2026-02-24,2026-02-24,975.0,CE,LICI26FEB975CE,0.0,0.0,0.0,7.05,0.0,7.05,878.7,0.05,0,0,0,0.0,0,F1,700,,,,,
2026-02-18,2026-02-18,FO,NSE,STO,129296,,LICI,,2026-02-24,2026-02-24,935.0,CE,LICI26FEB935CE,1.45,1.45,0.75,1.2,1.2,1.7,878.7,0.35,38500,-17500,42,27514935.0,35,F1,700,,,,,
2026-02-18,2026-02-18,FO,NSE,STO,129256,,LICI,,2026-02-24,2026-02-24,855.0,CE,LICI26FEB855CE,24.6,26.95,20.4,25.8,25.8,23.75,878.7,25.8,81200,-2100,15,9222990.0,15,F1,700,,,,,
2026-02-18,2026-02-18,FO,NSE,STO,113053,,LICI,,2026-02-24,2026-02-24,840.0,CE,LICI26FEB840CE,42.0,42.05,39.25,39.85,39.25,36.6,878.7,39.85,61600,-4900,11,6778975.0,10,F1,700,,,,,
2026-02-18,2026-02-18,FO,NSE,STO,129224,,LICI,,2026-02-24,2026-02-24,785.0,CE,LICI26FEB785CE,0.0,0.0,0.0,95.2,95.2,95.2,878.7,94.4,2100,0,0,0.0,0,F1,700,,,,,
2026-02-18,2026-02-18,FO,NSE,STO,129209,,LICI,,2026-02-24,2026-02-24,775.0,CE,LICI26FEB775CE,0.0,0.0,0.0,38.35,38.35,38.35,878.7,104.4,2100,0,0,0.0,0,F1,700,,,,,
2026-02-18,2026-02-18,FO,NSE,STO,136194,,LICI,,2026-04-28,2026-04-28,810.0,CE,LICI26APR810CE,0.0,0.0,0.0,51.3,0.0,51.3,878.7,87.75,0,0,0,0.0,0,F1,700,,,,,
2026-02-18,2026-02-18,FO,NSE,STO,129208,,LICI,,2026-02-24,2026-02-24,770.0,PE,LICI26FEB770PE,0.1,0.1,0.1,0.1,0.1,0.35,878.7,0.05,16100,-1400,3,1617210.0,3,F1,700,,,,,
2026-02-18,2026-02-18,FO,NSE,STO,129254,,LICI,,2026-02-24,2026-02-24,850.0,PE,LICI26FEB850PE,2.4,2.7,1.1,1.3,1.1,2.55,878.7,1.3,515900,5600,520,310042775.0,481,F1,700,,,,,
2026-02-18,2026-02-18,FO,NSE,STO,113097,,LICI,,2026-02-24,2026-02-24,880.0,PE,LICI26FEB880PE,12.2,14.7,8.1,8.75,8.95,13.65,878.7,8.75,203000,-13300,279,173908630.0,235,F1,700,,,,,
2026-02-18,2026-02-18,FO,NSE,STO,129289,,LICI,,2026-02-24,2026-02-24,910.0,PE,LICI26FEB910PE,0.0,0.0,0.0,38.0,38.0,38.0,878.7,32.75,64400,0,0,0.0,0,F1,700,,,,,
2026-02-18,2026-02-18,FO,NSE,STO,113111,,LICI,,2026-02-24,2026-02-24,920.0,PE,LICI26FEB920PE,47.5,49.15,42.6,42.6,42.6,44.8,878.7,41.6,53900,-2100,9,6085590.0,9,F1,700,,,,,
2026-02-18,2026-02-18,FO,NSE,STO,129658,,LICI,,2026-03-30,2026-03-30,700.0,PE,LICI26MAR700PE,0.0,0.0,0.0,4.0,0.0,4.0,878.7,0.05,0,0,0,0.0,0,F1,700,,,,,
2026-02-18,2026-02-18,FO,NSE,STO,135796,,LICI,,2026-03-30,2026-03-30,785.0,PE,LICI26MAR785PE,0.0,0.0,0.0,24.0,0.0,24.0,878.7,2.55,0,0,0,0.0,0,F1,700,,,,,
2026-02-18,2026-02-18,FO,NSE,STO,136279,,LICI,,2026-04-28,2026-04-28,1000.0,PE,LICI26APR1000PE,0.0,0.0,0.0,181.85,0.0,181.85,878.7,118.45,0,0,0,0.0,0,F1,700,,,,,
2026-02-18,2026-02-18,FO,NSE,STO,129405,,LICI,,2026-02-24,2026-02-24,1010.0,CE,LICI26FEB1010CE,0.0,0.0,0.0,3.8,0.0,3.8,878.7,0.05,0,0,0,0.0,0,F1,700,,,,,
2026-02-18,2026-02-18,FO,NSE,STO,113133,,LICI,,2026-02-24,2026-02-24,980.0,CE,LICI26FEB980CE,0.3,0.3,0.3,0.3,0.3,0.6,878.7,0.3,212800,-700,21,14410410.0,11,F1,700,,,,,
2026-02-18,2026-02-18,FO,NSE,STO,129318,,LICI,,2026-02-24,2026-02-24,970.0,CE,LICI26FEB970CE,0.35,0.45,0.3,0.35,0.35,0.95,878.7,0.35,62300,-7700,28,19019315.0,19,F1,700,,,,,
2026-02-18,2026-02-18,FO,NSE,STO,129316,,LICI,,2026-02-24,2026-02-24,965.0,CE,LICI26FEB965CE,0.0,0.0,0.0,0.5,0.5,0.5,878.7,0.05,2100,0,0,0.0,0,F1,700,,,,,
2026-02-18,2026-02-18,FO,NSE,STO,129273,,LICI,,2026-02-24,2026-02-24,885.0,CE,LICI26FEB885CE,6.55,7.95,4.9,6.45,6.1,7.45,878.7,6.45,100800,-2800,83,51798040.0,81,F1,700,,,,,
2026-02-18,2026-02-18,FO,NSE,STO,113055,,LICI,,2026-02-24,2026-02-24,860.0,CE,LICI26FEB860CE,20.7,24.1,16.0,21.75,21.4,20.0,878.7,21.75,151900,-281400,559,345081660.0,411,F1,700,,,,,
2026-02-18,2026-02-18,FO,NSE,STO,113042,,LICI,,2026-02-24,2026-02-24,820.0,CE,LICI26FEB820CE,54.1,60.45,54.1,59.5,59.0,55.5,878.7,59.5,138600,-7000,12,7383285.0,9,F1,700,,,,,
2026-02-18,2026-02-18,FO,NSE,STO,113040,,LICI,,2026-02-24,2026-02-24,800.0,CE,LICI26FEB800CE,77.0,80.5,77.0,78.8,78.8,75.95,878.7,78.8,137900,-3500,9,5541060.0,7,F1,700,,,,,
2026-02-18,2026-02-18,FO,NSE,STO,113024,,LICI,,2026-02-24,2026-02-24,680.0,CE,LICI26FEB680CE,0.0,0.0,0.0,229.25,0.0,229.25,878.7,199.3,0,0,0,0.0,0,F1,700,,,,,
2026-02-18,2026-02-18,FO,NSE,STO,136264,,LICI,,2026-04-28,2026-04-28,930.0,CE,LICI26APR930CE,0.0,0.0,0.0,13.1,0.0,13.1,878.7,22.4,0,0,0,0.0,0,F1,700,,,,,
2026-02-18,2026-02-18,FO,NSE,STO,135817,,LICI,,2026-03-30,2026-03-30,895.0,CE,LICI26MAR895CE,0.0,0.0,0.0,12.6,0.0,12.6,878.7,24.65,0,0,0,0.0,0,F1,700,,,,,
2026-02-18,2026-02-18,FO,NSE,STO,129923,,LICI,,2026-03-30,2026-03-30,980.0,CE,LICI26MAR980CE,4.0,4.0,4.0,4.0,4.0,4.0,878.7,4.2,1400,700,1,688800.0,1,F1,700,,,,,
2026-02-18,2026-02-18,FO,NSE,STO,129934,,LICI,,2026-03-30,2026-03-30,1020.0,CE,LICI26MAR1020CE,0.0,0.0,0.0,8.5,0.0,8.5,878.7,1.5,0,0,0,0.0,0,F1,700,,,,,
2026-02-18,2026-02-18,FO,NSE,STO,136204,,LICI,,2026-04-28,2026-04-28,860.0,CE,LICI26APR860CE,0.0,0.0,0.0,30.45,0.0,30.45,878.7,53.65,0,0,0,0.0,0,F1,700,,,,,
2026-02-18,2026-02-18,FO,NSE,STO,136270,,LICI,,2026-04-28,2026-04-28,960.0,CE,LICI26APR960CE,0.0,0.0,0.0,15.0,15.0,15.0,878.7,14.4,1400,0,0,0.0,0,F1,700,,,,,
2026-02-18,2026-02-18,FO,NSE,STO,136201,,LICI,,2026-04-28,2026-04-28,840.0,PE,LICI26APR840PE,0.0,0.0,0.0,57.15,0.0,57.15,878.7,18.75,0,0,0,0.0,0,F1,700,,,,,
2026-02-18,2026-02-18,FO,NSE,STO,113134,,LICI,,2026-02-24,2026-02-24,980.0,PE,LICI26FEB980PE,99.65,99.65,99.65,99.65,99.65,118.2,878.7,100.4,10500,-2100,3,2267265.0,1,F1,700,,,,,
2026-02-18,2026-02-18,FO,NSE,STO,129325,,LICI,,2026-02-24,2026-02-24,970.0,PE,LICI26FEB970PE,0.0,0.0,0.0,161.0,161.0,161.0,878.7,90.45,1400,0,0,0.0,0,F1,700,,,,,
2026-02-18,2026-02-18,FO,NSE,STO,113115,,LICI,,2026-02-24,2026-02-24,960.0,PE,LICI26FEB960PE,0.0,0.0,0.0,60.6,60.6,60.6,878.7,80.45,3500,0,0,0.0,0,F1,700,,,,,
2026-02-18,2026-02-18,FO,NSE,STO,129240,,LICI,,2026-02-24,2026-02-24,835.0,CE,LICI26FEB835CE,0.0,0.0,0.0,33.0,33.0,33.0,878.7,45.15,25200,0,0,0.0,0,F1,700,,,,,
2026-02-18,2026-02-18,FO,NSE,STO,129287,,LICI,,2026-02-24,2026-02-24,905.0,PE,LICI26FEB905PE,0.0,0.0,0.0,37.0,37.0,37.0,878.7,28.55,58100,0,0,0.0,0,F1,700,,,,,
2026-02-18,2026-02-18,FO,NSE,STO,113056,,LICI,,2026-02-24,2026-02-24,860.0,PE,LICI26FEB860PE,4.2,5.1,2.1,2.2,2.3,4.6,878.7,2.2,280000,-103600,643,388433115.0,601,F1,700,,,,,
2026-02-18,2026-02-18,FO,NSE,STO,129231,,LICI,,2026-02-24,2026-02-24,805.0,PE,LICI26FEB805PE,0.0,0.0,0.0,0.4,0.4,0.4,878.7,0.05,70700,0,0,0.0,0,F1,700,,,,,
2026-02-18,2026-02-18,FO,NSE,STO,129227,,LICI,,2026-02-24,2026-02-24,790.0,PE,LICI26FEB790PE,0.25,0.4,0.25,0.4,0.4,0.25,878.7,0.05,116900,2800,8,4426100.0,7,F1,700,,,,,
2026-02-18,2026-02-18,FO,NSE,STO,129225,,LICI,,2026-02-24,2026-02-24,785.0,PE,LICI26FEB785PE,0.0,0.0,0.0,4.7,4.7,4.7,878.7,0.05,23100,0,0,0.0,0,F1,700,,,,,
2026-02-18,2026-02-18,FO,NSE,STO,113039,,LICI,,2026-02-24,2026-02-24,780.0,PE,LICI26FEB780PE,0.1,0.3,0.1,0.2,0.2,0.2,878.7,0.2,81200,-8400,43,23485210.0,32,F1,700,,,,,
2026-02-18,2026-02-18,FO,NSE,STO,136280,,LICI,,2026-04-28,2026-04-28,1020.0,CE,LICI26APR1020CE,0.0,0.0,0.0,3.7,0.0,3.7,878.7,5.3,0,0,0,0.0,0,F1,700,,,,,
2026-02-18,2026-02-18,FO,NSE,STO,136206,,LICI,,2026-04-28,2026-04-28,870.0,CE,LICI26APR870CE,0.0,0.0,0.0,27.2,0.0,27.2,878.7,48.0,0,0,0,0.0,0,F1,700,,,,,
2026-02-18,2026-02-18,FO,NSE,STO,129919,,LICI,,2026-03-30,2026-03-30,960.0,CE,LICI26MAR960CE,6.9,6.9,6.25,6.35,6.3,6.7,878.7,6.35,107100,2100,7,4735500.0,7,F1,700,,,,,
2026-02-18,2026-02-18,FO,NSE,STO,129800,,LICI,,2026-03-30,2026-03-30,910.0,CE,LICI26MAR910CE,12.0,17.85,12.0,17.85,17.85,13.5,878.7,18.9,4900,2100,8,5173910.0,7,F1,700,,,,,
2026-02-18,2026-02-18,FO,NSE,STO,135815,,LICI,,2026-03-30,2026-03-30,885.0,CE,LICI26MAR885CE,0.0,0.0,0.0,26.25,26.25,26.25,878.7,29.15,1400,0,0,0.0,0,F1,700,,,,,
2026-02-18,2026-02-18,FO,NSE,STO,129771,,LICI,,2026-03-30,2026-03-30,860.0,CE,LICI26MAR860CE,35.0,40.15,35.0,40.15,40.15,37.0,878.7,42.7,45500,-700,3,1884785.0,3,F1,700,,,,,
2026-02-18,2026-02-18,FO,NSE,STO,129756,,LICI,,2026-03-30,2026-03-30,810.0,CE,LICI26MAR810CE,0.0,0.0,0.0,59.0,59.0,59.0,878.7,79.1,700,0,0,0.0,0,F1,700,,,,,
2026-02-18,2026-02-18,FO,NSE,STO,135795,,LICI,,2026-03-30,2026-03-30,785.0,CE,LICI26MAR785CE,0.0,0.0,0.0,55.05,0.0,55.05,878.7,100.95,0,0,0,0.0,0,F1,700,,,,,
2026-02-18,2026-02-18,FO,NSE,STO,129685,,LICI,,2026-03-30,2026-03-30,730.0,CE,LICI26MAR730CE,0.0,0.0,0.0,137.45,0.0,137.45,878.7,153.35,0,0,0,0.0,0,F1,700,,,,,
2026-02-18,2026-02-18,FO,NSE,STO,129657,,LICI,,2026-03-30,2026-03-30,700.0,CE,LICI26MAR700CE,0.0,0.0,0.0,130.0,130.0,130.0,878.7,182.95,700,0,0,0.0,0,F1,700,,,,,
2026-02-18,2026-02-18,FO,NSE,STO,129300,,LICI,,2026-02-24,2026-02-24,950.0,CE,LICI26FEB950CE,0.8,0.95,0.5,0.55,0.5,0.9,878.7,0.55,356300,-214900,903,600887455.0,390,F1,700,,,,,
2026-02-18,2026-02-18,FO,NSE,STO,129250,,LICI,,2026-02-24,2026-02-24,850.0,CE,LICI26FEB850CE,29.05,32.0,24.0,30.35,30.35,27.85,878.7,30.35,179200,-1400,22,13518995.0,22,F1,700,,,,,
2026-02-18,2026-02-18,FO,NSE,STO,113140,,LICI,,2026-02-24,2026-02-24,1020.0,PE,LICI26FEB1020PE,0.0,0.0,0.0,159.4,159.4,159.4,878.7,140.4,2100,0,0,0.0,0,F1,700,,,,,
2026-02-18,2026-02-18,FO,NSE,STO,135802,,LICI,,2026-03-30,2026-03-30,815.0,PE,LICI26MAR815PE,0.0,0.0,0.0,8.25,8.25,8.25,878.7,6.4,700,0,0,0.0,0,F1,700,,,,,
2026-02-18,2026-02-18,FO,NSE,STO,129768,,LICI,,2026-03-30,2026-03-30,840.0,PE,LICI26MAR840PE,9.0,9.85,8.5,8.5,8.5,10.9,878.7,12.1,7700,2100,7,4162725.0,5,F1,700,,,,,
2026-02-18,2026-02-18,FO,NSE,STO,129821,,LICI,,2026-03-30,2026-03-30,930.0,PE,LICI26MAR930PE,0.0,0.0,0.0,91.9,0.0,91.9,878.7,58.55,0,0,0,0.0,0,F1,700,,,,,
2026-02-18,2026-02-18,FO,NSE,STO,136177,,LICI,,2026-04-28,2026-04-28,720.0,PE,LICI26APR720PE,0.0,0.0,0.0,10.8,0.0,10.8,878.7,1.0,0,0,0,0.0,0,F1,700,,,,,
2026-02-18,2026-02-18,FO,NSE,STO,135804,,LICI,,2026-03-30,2026-03-30,825.0,PE,LICI26MAR825PE,7.15,7.55,6.55,6.55,6.55,7.3,878.7,6.55,65800,35000,58,33774790.0,33,F1,700,,,,,
2026-02-18,2026-02-18,FO,NSE,STO,129755,,LICI,,2026-03-30,2026-03-30,800.0,PE,LICI26MAR800PE,3.8,4.0,3.25,3.3,3.3,3.85,878.7,3.3,147000,-1400,47,26436375.0,34,F1,700,,,,,
2026-02-18,2026-02-18,FO,NSE,STO,135798,,LICI,,2026-03-30,2026-03-30,795.0,PE,LICI26MAR795PE,0.0,0.0,0.0,28.1,0.0,28.1,878.7,3.5,0,0,0,0.0,0,F1,700,,,,,
2026-02-18,2026-02-18,FO,NSE,STO,136207,,LICI,,2026-04-28,2026-04-28,870.0,PE,LICI26APR870PE,0.0,0.0,0.0,76.05,0.0,76.05,878.7,30.3,0,0,0,0.0,0,F1,700,,,,,
2026-02-18,2026-02-18,FO,NSE,STO,136235,,LICI,,2026-04-28,2026-04-28,910.0,PE,LICI26APR910PE,0.0,0.0,0.0,105.15,0.0,105.15,878.7,51.3,0,0,0,0.0,0,F1,700,,,,,
2026-02-18,2026-02-18,FO,NSE,STO,136275,,LICI,,2026-04-28,2026-04-28,980.0,PE,LICI26APR980PE,0.0,0.0,0.0,163.8,0.0,163.8,878.7,101.65,0,0,0,0.0,0,F1,700,,,,,
2026-02-18,2026-02-18,FO,NSE,STO,113032,,LICI,,2026-02-24,2026-02-24,760.0,CE,LICI26FEB760CE,0.0,0.0,0.0,128.0,128.0,128.0,878.7,119.4,4900,0,0,0.0,0,F1,700,,,,,
2026-02-18,2026-02-18,FO,NSE,STO,129205,,LICI,,2026-02-24,2026-02-24,770.0,CE,LICI26FEB770CE,0.0,0.0,0.0,41.75,41.75,41.75,878.7,109.4,2100,0,0,0.0,0,F1,700,,,,,
2026-02-18,2026-02-18,FO,NSE,STO,113038,,LICI,,2026-02-24,2026-02-24,780.0,CE,LICI26FEB780CE,0.0,0.0,0.0,88.9,88.9,88.9,878.7,99.4,14000,0,0,0.0,0,F1,700,,,,,
2026-02-18,2026-02-18,FO,NSE,STO,129294,,LICI,,2026-02-24,2026-02-24,930.0,CE,LICI26FEB930CE,1.3,1.4,0.85,0.9,0.9,1.55,878.7,0.9,169400,5600,151,98418355.0,133,F1,700,,,,,
2026-02-18,2026-02-18,FO,NSE,STO,129298,,LICI,,2026-02-24,2026-02-24,945.0,CE,LICI26FEB945CE,1.25,1.25,0.55,0.6,0.55,1.4,878.7,0.6,50400,-8400,23,15226645.0,23,F1,700,,,,,
2026-02-18,2026-02-18,FO,NSE,STO,129314,,LICI,,2026-02-24,2026-02-24,955.0,CE,LICI26FEB955CE,0.0,0.0,0.0,1.0,1.0,1.0,878.7,0.05,32900,0,0,0.0,0,F1,700,,,,,
2026-02-18,2026-02-18,FO,NSE,STO,113114,,LICI,,2026-02-24,2026-02-24,960.0,CE,LICI26FEB960CE,0.8,0.8,0.4,0.45,0.45,0.7,878.7,0.45,285600,-2800,195,131116090.0,148,F1,700,,,,,
2026-02-18,2026-02-18,FO,NSE,STO,129396,,LICI,,2026-02-24,2026-02-24,990.0,CE,LICI26FEB990CE,0.0,0.0,0.0,5.45,0.0,5.45,878.7,0.05,0,0,0,0.0,0,F1,700,,,,,
2026-02-18,2026-02-18,FO,NSE,STO,129401,,LICI,,2026-02-24,2026-02-24,995.0,CE,LICI26FEB995CE,0.0,0.0,0.0,5.0,0.0,5.0,878.7,0.05,0,0,0,0.0,0,F1,700,,,,,
2026-02-18,2026-02-18,FO,NSE,STO,40465,,LICI,,2026-02-24,2026-02-24,1005.0,CE,LICI26FEB1005CE,0.0,0.0,0.0,0.45,0.45,0.45,878.7,0.05,52500,0,0,0.0,0,F1,700,,,,,
2026-02-18,2026-02-18,FO,NSE,STO,135786,,LICI,,2026-03-30,2026-03-30,755.0,CE,LICI26MAR755CE,0.0,0.0,0.0,74.85,0.0,74.85,878.7,129.05,0,0,0,0.0,0,F1,700,,,,,
2026-02-18,2026-02-18,FO,NSE,STO,129719,,LICI,,2026-03-30,2026-03-30,760.0,CE,LICI26MAR760CE,0.0,0.0,0.0,113.2,0.0,113.2,878.7,124.3,0,0,0,0.0,0,F1,700,,,,,
2026-02-18,2026-02-18,FO,NSE,STO,129725,,LICI,,2026-03-30,2026-03-30,780.0,CE,LICI26MAR780CE,0.0,0.0,0.0,98.35,0.0,98.35,878.7,105.5,0,0,0,0.0,0,F1,700,,,,,
2026-02-18,2026-02-18,FO,NSE,STO,135821,,LICI,,2026-03-30,2026-03-30,915.0,CE,LICI26MAR915CE,0.0,0.0,0.0,9.1,0.0,9.1,878.7,17.2,0,0,0,0.0,0,F1,700,,,,,
2026-02-18,2026-02-18,FO,NSE,STO,129176,,LICI,,2026-02-24,2026-02-24,730.0,CE,LICI26FEB730CE,0.0,0.0,0.0,100.0,100.0,100.0,878.7,149.35,700,0,0,0.0,0,F1,700,,,,,
2026-02-18,2026-02-18,FO,NSE,STO,136269,,LICI,,2026-04-28,2026-04-28,950.0,PE,LICI26APR950PE,0.0,0.0,0.0,137.7,0.0,137.7,878.7,78.2,0,0,0,0.0,0,F1,700,,,,,
2026-02-18,2026-02-18,FO,NSE,STO,136197,,LICI,,2026-04-28,2026-04-28,820.0,PE,LICI26APR820PE,0.0,0.0,0.0,46.1,0.0,46.1,878.7,13.0,0,0,0,0.0,0,F1,700,,,,,
2026-02-18,2026-02-18,FO,NSE,STO,129922,,LICI,,2026-03-30,2026-03-30,970.0,PE,LICI26MAR970PE,0.0,0.0,0.0,122.2,0.0,122.2,878.7,90.8,0,0,0,0.0,0,F1,700,,,,,
2026-02-18,2026-02-18,FO,NSE,STO,135818,,LICI,,2026-03-30,2026-03-30,895.0,PE,LICI26MAR895PE,0.0,0.0,0.0,90.45,0.0,90.45,878.7,35.6,0,0,0,0.0,0,F1,700,,,,,
2026-02-18,2026-02-18,FO,NSE,STO,135825,,LICI,,2026-03-30,2026-03-30,935.0,CE,LICI26MAR935CE,0.0,0.0,0.0,5.05,5.05,5.05,878.7,11.6,1400,0,0,0.0,0,F1,700,,,,,
2026-02-18,2026-02-18,FO,NSE,STO,135807,,LICI,,2026-03-30,2026-03-30,845.0,CE,LICI26MAR845CE,0.0,0.0,0.0,26.35,0.0,26.35,878.7,52.4,0,0,0,0.0,0,F1,700,,,,,
2026-02-18,2026-02-18,FO,NSE,STO,129763,,LICI,,2026-03-30,2026-03-30,820.0,CE,LICI26MAR820CE,0.0,0.0,0.0,20.7,20.7,20.7,878.7,70.95,700,0,0,0.0,0,F1,700,,,,,
2026-02-18,2026-02-18,FO,NSE,STO,129752,,LICI,,2026-03-30,2026-03-30,790.0,CE,LICI26MAR790CE,0.0,0.0,0.0,91.3,0.0,91.3,878.7,96.45,0,0,0,0.0,0,F1,700,,,,,
2026-02-18,2026-02-18,FO,NSE,STO,135784,,LICI,,2026-03-30,2026-03-30,745.0,CE,LICI26MAR745CE,0.0,0.0,0.0,82.2,0.0,82.2,878.7,138.7,0,0,0,0.0,0,F1,700,,,,,
2026-02-18,2026-02-18,FO,NSE,STO,129680,,LICI,,2026-03-30,2026-03-30,720.0,CE,LICI26MAR720CE,0.0,0.0,0.0,110.4,110.4,110.4,878.7,163.2,700,0,0,0.0,0,F1,700,,,,,
2026-02-18,2026-02-18,FO,NSE,STO,129653,,LICI,,2026-03-30,2026-03-30,680.0,CE,LICI26MAR680CE,0.0,0.0,0.0,140.0,140.0,140.0,878.7,202.8,700,0,0,0.0,0,F1,700,,,,,
2026-02-18,2026-02-18,FO,NSE,STO,113107,,LICI,,2026-02-24,2026-02-24,900.0,CE,LICI26FEB900CE,3.7,4.25,2.65,3.2,3.3,4.2,878.7,3.2,1944600,141400,2307,1459362240.0,1824,F1,700,,,,,
2026-02-18,2026-02-18,FO,NSE,STF,51963,,LICI,,2026-03-30,2026-03-30,,,LICI26MARFUT,882.0,887.0,876.0,885.1,884.1,880.65,878.7,885.1,1900500,575400,1351,834049545.0,1089,F1,700,,,,,
2026-02-18,2026-02-18,FO,NSE,STO,135792,,LICI,,2026-03-30,2026-03-30,765.0,PE,LICI26MAR765PE,0.0,0.0,0.0,17.05,0.0,17.05,878.7,1.25,0,0,0,0.0,0,F1,700,,,,,
2026-02-18,2026-02-18,FO,NSE,STO,136271,,LICI,,2026-04-28,2026-04-28,960.0,PE,LICI26APR960PE,0.0,0.0,0.0,146.25,0.0,146.25,878.7,85.75,0,0,0,0.0,0,F1,700,,,,,
2026-02-18,2026-02-18,FO,NSE,STO,136265,,LICI,,2026-04-28,2026-04-28,930.0,PE,LICI26APR930PE,0.0,0.0,0.0,121.05,0.0,121.05,878.7,64.05,0,0,0,0.0,0,F1,700,,,,,
2026-02-18,2026-02-18,FO,NSE,STO,136223,,LICI,,2026-04-28,2026-04-28,900.0,PE,LICI26APR900PE,0.0,0.0,0.0,97.5,0.0,97.5,878.7,45.45,0,0,0,0.0,0,F1,700,,,,,
2026-02-18,2026-02-18,FO,NSE,STO,136193,,LICI,,2026-04-28,2026-04-28,800.0,PE,LICI26APR800PE,0.0,0.0,0.0,36.4,0.0,36.4,878.7,8.65,0,0,0,0.0,0,F1,700,,,,,
2026-02-18,2026-02-18,FO,NSE,STO,136187,,LICI,,2026-04-28,2026-04-28,770.0,PE,LICI26APR770PE,0.0,0.0,0.0,24.35,0.0,24.35,878.7,4.3,0,0,0,0.0,0,F1,700,,,,,
2026-02-18,2026-02-18,FO,NSE,STO,136161,,LICI,,2026-04-28,2026-04-28,680.0,PE,LICI26APR680PE,0.0,0.0,0.0,4.8,0.0,4.8,878.7,0.25,0,0,0,0.0,0,F1,700,,,,,
2026-02-18,2026-02-18,FO,NSE,STO,129936,,LICI,,2026-03-30,2026-03-30,1020.0,PE,LICI26MAR1020PE,0.0,0.0,0.0,164.15,0.0,164.15,878.7,136.65,0,0,0,0.0,0,F1,700,,,,,
2026-02-18,2026-02-18,FO,NSE,STO,36505,,LICI,,2026-03-30,2026-03-30,995.0,PE,LICI26MAR995PE,0.0,0.0,0.0,165.55,0.0,165.55,878.7,113.2,0,0,0,0.0,0,F1,700,,,,,
2026-02-18,2026-02-18,FO,NSE,STO,135814,,LICI,,2026-03-30,2026-03-30,875.0,PE,LICI26MAR875PE,0.0,0.0,0.0,22.4,22.4,22.4,878.7,25.2,13300,0,0,0.0,0,F1,700,,,,,
2026-02-18,2026-02-18,FO,NSE,STO,135812,,LICI,,2026-03-30,2026-03-30,865.0,PE,LICI26MAR865PE,0.0,0.0,0.0,68.05,0.0,68.05,878.7,20.8,0,0,0,0.0,0,F1,700,,,,,
2026-02-18,2026-02-18,FO,NSE,STO,129764,,LICI,,2026-03-30,2026-03-30,820.0,PE,LICI26MAR820PE,5.5,5.5,5.5,5.5,5.5,30.6,878.7,7.3,4200,4200,6,3467100.0,5,F1,700,,,,,
2026-02-18,2026-02-18,FO,NSE,STO,129751,,LICI,,2026-03-30,2026-03-30,780.0,PE,LICI26MAR780PE,0.0,0.0,0.0,17.55,0.0,17.55,878.7,2.15,0,0,0,0.0,0,F1,700,,,,,
2026-02-18,2026-02-18,FO,NSE,STO,135794,,LICI,,2026-03-30,2026-03-30,775.0,PE,LICI26MAR775PE,0.0,0.0,0.0,20.35,0.0,20.35,878.7,1.8,0,0,0,0.0,0,F1,700,,,,,
2026-02-18,2026-02-18,FO,NSE,STO,135785,,LICI,,2026-03-30,2026-03-30,745.0,PE,LICI26MAR745PE,0.0,0.0,0.0,11.6,0.0,11.6,878.7,0.55,0,0,0,0.0,0,F1,700,,,,,
2026-02-18,2026-02-18,FO,NSE,STO,40466,,LICI,,2026-02-24,2026-02-24,1005.0,PE,LICI26FEB1005PE,0.0,0.0,0.0,176.65,0.0,176.65,878.7,125.4,0,0,0,0.0,0,F1,700,,,,,
2026-02-18,2026-02-18,FO,NSE,STO,113138,,LICI,,2026-02-24,2026-02-24,1000.0,PE,LICI26FEB1000PE,0.0,0.0,0.0,125.0,125.0,125.0,878.7,120.4,1400,0,0,0.0,0,F1,700,,,,,
2026-02-18,2026-02-18,FO,NSE,STO,129369,,LICI,,2026-02-24,2026-02-24,985.0,PE,LICI26FEB985PE,0.0,0.0,0.0,132.6,0.0,132.6,878.7,105.4,0,0,0,0.0,0,F1,700,,,,,
2026-02-18,2026-02-18,FO,NSE,STO,129291,,LICI,,2026-02-24,2026-02-24,915.0,PE,LICI26FEB915PE,0.0,0.0,0.0,31.55,31.55,31.55,878.7,37.1,13300,0,0,0.0,0,F1,700,,,,,
2026-02-18,2026-02-18,FO,NSE,STO,129233,,LICI,,2026-02-24,2026-02-24,810.0,PE,LICI26FEB810PE,0.4,0.5,0.35,0.35,0.35,0.55,878.7,0.35,147700,-2100,25,14182350.0,21,F1,700,,,,,
2026-02-18,2026-02-18,FO,NSE,STO,113041,,LICI,,2026-02-24,2026-02-24,800.0,PE,LICI26FEB800PE,0.3,0.5,0.25,0.35,0.25,0.4,878.7,0.35,853300,30800,337,188811175.0,194,F1,700,,,,,
2026-02-18,2026-02-18,FO,NSE,STO,113027,,LICI,,2026-02-24,2026-02-24,700.0,PE,LICI26FEB700PE,0.1,0.15,0.1,0.1,0.1,0.1,878.7,0.1,53200,-8400,15,7351225.0,12,F1,700,,,,,
2026-02-18,2026-02-18,FO,NSE,STO,129165,,LICI,,2026-02-24,2026-02-24,690.0,PE,LICI26FEB690PE,0.0,0.0,0.0,0.2,0.2,0.2,878.7,0.05,2100,0,0,0.0,0,F1,700,,,,,
2026-02-18,2026-02-18,FO,NSE,STO,129911,,LICI,,2026-03-30,2026-03-30,940.0,CE,LICI26MAR940CE,9.9,9.9,9.9,9.9,9.9,10.0,878.7,9.9,17500,0,1,664930.0,1,F1,700,,,,,
2026-02-18,2026-02-18,FO,NSE,STO,135823,,LICI,,2026-03-30,2026-03-30,925.0,CE,LICI26MAR925CE,9.15,9.15,9.15,9.15,9.15,7.7,878.7,14.2,700,700,1,653905.0,1,F1,700,,,,,
2026-02-18,2026-02-18,FO,NSE,STO,129769,,LICI,,2026-03-30,2026-03-30,850.0,CE,LICI26MAR850CE,44.0,47.75,41.4,47.0,47.0,43.0,878.7,49.0,44800,18900,51,31978940.0,23,F1,700,,,,,
2026-02-18,2026-02-18,FO,NSE,STO,129770,,LICI,,2026-03-30,2026-03-30,850.0,PE,LICI26MAR850PE,13.15,13.7,10.8,10.9,11.0,13.1,878.7,10.9,150500,14700,73,44047710.0,57,F1,700,,,,,
2026-02-18,2026-02-18,FO,NSE,STO,135806,,LICI,,2026-03-30,2026-03-30,835.0,PE,LICI26MAR835PE,0.0,0.0,0.0,10.4,10.4,10.4,878.7,10.75,42700,0,0,0.0,0,F1,700,,,,,
2026-02-18,2026-02-18,FO,NSE,STO,135790,,LICI,,2026-03-30,2026-03-30,755.0,PE,LICI26MAR755PE,0.0,0.0,0.0,14.15,0.0,14.15,878.7,0.85,0,0,0,0.0,0,F1,700,,,,,
2026-02-18,2026-02-18,FO,NSE,STO,129686,,LICI,,2026-03-30,2026-03-30,730.0,PE,LICI26MAR730PE,0.0,0.0,0.0,7.4,0.0,7.4,878.7,0.25,0,0,0,0.0,0,F1,700,,,,,
2026-02-18,2026-02-18,FO,NSE,STO,113043,,LICI,,2026-02-24,2026-02-24,820.0,PE,LICI26FEB820PE,0.7,0.7,0.35,0.4,0.45,0.7,878.7,0.4,192500,-4200,63,36183595.0,51,F1,700,,,,,
2026-02-18,2026-02-18,FO,NSE,STO,129177,,LICI,,2026-02-24,2026-02-24,730.0,PE,LICI26FEB730PE,0.0,0.0,0.0,0.35,0.35,0.35,878.7,0.05,82600,0,0,0.0,0,F1,700,,,,,
2026-02-18,2026-02-18,FO,NSE,STO,136272,,LICI,,2026-04-28,2026-04-28,970.0,CE,LICI26APR970CE,0.0,0.0,0.0,7.65,0.0,7.65,878.7,12.3,0,0,0,0.0,0,F1,700,,,,,
2026-02-18,2026-02-18,FO,NSE,STO,136196,,LICI,,2026-04-28,2026-04-28,820.0,CE,LICI26APR820CE,0.0,0.0,0.0,46.45,0.0,46.45,878.7,80.2,0,0,0,0.0,0,F1,700,,,,,
2026-02-18,2026-02-18,FO,NSE,STO,129925,,LICI,,2026-03-30,2026-03-30,990.0,CE,LICI26MAR990CE,0.0,0.0,0.0,12.4,0.0,12.4,878.7,3.3,0,0,0,0.0,0,F1,700,,,,,
2026-02-18,2026-02-18,FO,NSE,STO,113110,,LICI,,2026-02-24,2026-02-24,920.0,CE,LICI26FEB920CE,2.05,2.15,1.3,1.45,1.5,2.15,878.7,1.45,478100,16800,431,278040560.0,330,F1,700,,,,,
2026-02-18,2026-02-18,FO,NSE,STO,129280,,LICI,,2026-02-24,2026-02-24,905.0,CE,LICI26FEB905CE,3.3,3.35,2.3,2.6,2.4,3.5,878.7,2.6,330400,16100,248,157567585.0,154,F1,700,,,,,
2026-02-18,2026-02-18,FO,NSE,STO,129248,,LICI,,2026-02-24,2026-02-24,845.0,CE,LICI26FEB845CE,0.0,0.0,0.0,30.25,30.25,30.25,878.7,35.95,95200,0,0,0.0,0,F1,700,,,,,
2026-02-18,2026-02-18,FO,NSE,STO,129190,,LICI,,2026-02-24,2026-02-24,745.0,CE,LICI26FEB745CE,134.25,134.25,134.25,134.25,134.25,116.2,878.7,134.25,2100,2100,3,1846425.0,1,F1,700,,,,,
2026-02-18,2026-02-18,FO,NSE,STO,129656,,LICI,,2026-03-30,2026-03-30,690.0,PE,LICI26MAR690PE,0.0,0.0,0.0,3.2,0.0,3.2,878.7,0.05,0,0,0,0.0,0,F1,700,,,,,
2026-02-18,2026-02-18,FO,NSE,STO,135826,,LICI,,2026-03-30,2026-03-30,935.0,PE,LICI26MAR935PE,0.0,0.0,0.0,123.9,0.0,123.9,878.7,62.3,0,0,0,0.0,0,F1,700,,,,,
2026-02-18,2026-02-18,FO,NSE,STO,129270,,LICI,,2026-02-24,2026-02-24,875.0,CE,LICI26FEB875CE,11.15,12.85,7.8,10.65,10.25,11.15,878.7,10.65,100100,-79100,617,382385255.0,493,F1,700,,,,,
2026-02-18,2026-02-18,FO,NSE,STO,129278,,LICI,,2026-02-24,2026-02-24,895.0,CE,LICI26FEB895CE,4.45,4.85,3.2,4.15,3.95,4.95,878.7,4.15,154700,-5600,107,67349905.0,80,F1,700,,,,,
2026-02-18,2026-02-18,FO,NSE,STO,129767,,LICI,,2026-03-30,2026-03-30,840.0,CE,LICI26MAR840CE,0.0,0.0,0.0,60.7,0.0,60.7,878.7,55.85,0,0,0,0.0,0,F1,700,,,,,
2026-02-18,2026-02-18,FO,NSE,STO,136276,,LICI,,2026-04-28,2026-04-28,990.0,CE,LICI26APR990CE,0.0,0.0,0.0,5.75,0.0,5.75,878.7,8.9,0,0,0,0.0,0,F1,700,,,,,
2026-02-18,2026-02-18,FO,NSE,STO,136274,,LICI,,2026-04-28,2026-04-28,980.0,CE,LICI26APR980CE,0.0,0.0,0.0,6.65,0.0,6.65,878.7,10.5,0,0,0,0.0,0,F1,700,,,,,
2026-02-18,2026-02-18,FO,NSE,STO,136160,,LICI,,2026-04-28,2026-04-28,680.0,CE,LICI26APR680CE,0.0,0.0,0.0,143.0,0.0,143.0,878.7,205.95,0,0,0,0.0,0,F1,700,,,,,
2026-02-18,2026-02-18,FO,NSE,STO,36504,,LICI,,2026-03-30,2026-03-30,995.0,CE,LICI26MAR995CE,0.0,0.0,0.0,2.9,0.0,2.9,878.7,2.9,0,0,0,0.0,0,F1,700,,,,,
2026-02-18,2026-02-18,FO,NSE,STO,129803,,LICI,,2026-03-30,2026-03-30,920.0,CE,LICI26MAR920CE,13.6,14.05,11.2,13.25,13.5,13.7,878.7,13.25,268800,3500,35,22854825.0,28,F1,700,,,,,
2026-02-18,2026-02-18,FO,NSE,STO,135813,,LICI,,2026-03-30,2026-03-30,875.0,CE,LICI26MAR875CE,29.0,31.45,29.0,31.45,31.45,17.15,878.7,31.45,1400,1400,3,1900115.0,3,F1,700,,,,,
2026-02-18,2026-02-18,FO,NSE,STO,129655,,LICI,,2026-03-30,2026-03-30,690.0,CE,LICI26MAR690CE,0.0,0.0,0.0,172.65,0.0,172.65,878.7,192.9,0,0,0,0.0,0,F1,700,,,,,
2026-02-18,2026-02-18,FO,NSE,STO,113139,,LICI,,2026-02-24,2026-02-24,1020.0,CE,LICI26FEB1020CE,0.25,0.25,0.2,0.25,0.25,0.45,878.7,0.05,49700,0,28,19996410.0,17,F1,700,,,,,
2026-02-18,2026-02-18,FO,NSE,STO,129192,,LICI,,2026-02-24,2026-02-24,750.0,CE,LICI26FEB750CE,0.0,0.0,0.0,130.6,130.6,130.6,878.7,129.4,2100,0,0,0.0,0,F1,700,,,,,
2026-02-18,2026-02-18,FO,NSE,STO,129196,,LICI,,2026-02-24,2026-02-24,765.0,CE,LICI26FEB765CE,0.0,0.0,0.0,45.4,45.4,45.4,878.7,114.4,1400,0,0,0.0,0,F1,700,,,,,
2026-02-18,2026-02-18,FO,NSE,STO,129226,,LICI,,2026-02-24,2026-02-24,790.0,CE,LICI26FEB790CE,0.0,0.0,0.0,104.65,104.65,104.65,878.7,89.4,37800,0,0,0.0,0,F1,700,,,,,
2026-02-18,2026-02-18,FO,NSE,STO,129232,,LICI,,2026-02-24,2026-02-24,810.0,CE,LICI26FEB810CE,0.0,0.0,0.0,56.1,54.75,56.1,878.7,69.5,77000,0,0,0.0,0,F1,700,,,,,
2026-02-18,2026-02-18,FO,NSE,STO,113137,,LICI,,2026-02-24,2026-02-24,1000.0,CE,LICI26FEB1000CE,0.6,0.7,0.25,0.3,0.25,0.5,878.7,0.3,2859500,-22400,906,634429495.0,252,F1,700,,,,,
2026-02-18,2026-02-18,FO,NSE,STO,136267,,LICI,,2026-04-28,2026-04-28,940.0,PE,LICI26APR940PE,0.0,0.0,0.0,129.3,0.0,129.3,878.7,71.0,0,0,0,0.0,0,F1,700,,,,,
2026-02-18,2026-02-18,FO,NSE,STO,136203,,LICI,,2026-04-28,2026-04-28,850.0,PE,LICI26APR850PE,0.0,0.0,0.0,63.15,0.0,63.15,878.7,22.2,0,0,0,0.0,0,F1,700,,,,,
2026-02-18,2026-02-18,FO,NSE,STO,136189,,LICI,,2026-04-28,2026-04-28,780.0,PE,LICI26APR780PE,0.0,0.0,0.0,28.05,0.0,28.05,878.7,5.5,0,0,0,0.0,0,F1,700,,,,,
2026-02-18,2026-02-18,FO,NSE,STO,129929,,LICI,,2026-03-30,2026-03-30,990.0,PE,LICI26MAR990PE,0.0,0.0,0.0,138.5,0.0,138.5,878.7,108.65,0,0,0,0.0,0,F1,700,,,,,
2026-02-18,2026-02-18,FO,NSE,STO,135896,,LICI,,2026-03-30,2026-03-30,985.0,PE,LICI26MAR985PE,0.0,0.0,0.0,169.45,0.0,169.45,878.7,104.1,0,0,0,0.0,0,F1,700,,,,,
2026-02-18,2026-02-18,FO,NSE,STO,129790,,LICI,,2026-03-30,2026-03-30,890.0,PE,LICI26MAR890PE,0.0,0.0,0.0,44.0,44.0,44.0,878.7,32.8,6300,0,0,0.0,0,F1,700,,,,,
2026-02-18,2026-02-18,FO,NSE,STO,129774,,LICI,,2026-03-30,2026-03-30,870.0,PE,LICI26MAR870PE,20.0,20.7,17.5,17.85,17.65,20.85,878.7,17.85,15400,9100,23,14315805.0,23,F1,700,,,,,
2026-02-18,2026-02-18,FO,NSE,STO,129766,,LICI,,2026-03-30,2026-03-30,830.0,PE,LICI26MAR830PE,6.5,6.5,6.5,6.5,6.5,34.6,878.7,9.5,700,700,1,585550.0,1,F1,700,,,,,
2026-02-18,2026-02-18,FO,NSE,STO,129776,,LICI,,2026-03-30,2026-03-30,880.0,PE,LICI26MAR880PE,25.0,26.5,24.4,24.4,24.4,25.5,878.7,27.6,11900,11200,16,10144505.0,10,F1,700,,,,,
2026-02-18,2026-02-18,FO,NSE,STO,129918,,LICI,,2026-03-30,2026-03-30,950.0,PE,LICI26MAR950PE,0.0,0.0,0.0,75.0,75.0,75.0,878.7,74.0,4200,0,0,0.0,0,F1,700,,,,,
2026-02-18,2026-02-18,FO,NSE,STO,135888,,LICI,,2026-03-30,2026-03-30,975.0,PE,LICI26MAR975PE,0.0,0.0,0.0,160.1,0.0,160.1,878.7,95.2,0,0,0,0.0,0,F1,700,,,,,
2026-02-18,2026-02-18,FO,NSE,STO,129924,,LICI,,2026-03-30,2026-03-30,980.0,PE,LICI26MAR980PE,0.0,0.0,0.0,130.25,0.0,130.25,878.7,99.6,0,0,0,0.0,0,F1,700,,,,,
2026-02-18,2026-02-18,FO,NSE,STO,136195,,LICI,,2026-04-28,2026-04-28,810.0,PE,LICI26APR810PE,0.0,0.0,0.0,41.1,0.0,41.1,878.7,10.65,0,0,0,0.0,0,F1,700,,,,,
2026-02-18,2026-02-18,FO,NSE,STO,135822,,LICI,,2026-03-30,2026-03-30,915.0,PE,LICI26MAR915PE,0.0,0.0,0.0,106.75,0.0,106.75,878.7,48.0,0,0,0,0.0,0,F1,700,,,,,
2026-02-18,2026-02-18,FO,NSE,STF,66884,,LICI,,2026-04-28,2026-04-28,,,LICI26APRFUT,885.45,892.0,882.5,890.4,890.0,885.8,878.7,890.4,302400,7000,58,36050630.0,58,F1,700,,,,,
2026-02-18,2026-02-18,FO,NSE,STO,129236,,LICI,,2026-02-24,2026-02-24,825.0,CE,LICI26FEB825CE,0.0,0.0,0.0,50.85,50.85,50.85,878.7,54.7,38500,0,0,0.0,0,F1,700,,,,,
2026-02-18,2026-02-18,FO,NSE,STO,129290,,LICI,,2026-02-24,2026-02-24,915.0,CE,LICI26FEB915CE,2.0,2.2,1.6,1.7,1.6,2.45,878.7,1.7,52500,2100,69,44283820.0,68,F1,700,,,,,
2026-02-18,2026-02-18,FO,NSE,STO,113112,,LICI,,2026-02-24,2026-02-24,940.0,CE,LICI26FEB940CE,1.1,1.1,0.65,0.75,0.65,1.15,878.7,0.75,429800,4200,308,202848870.0,224,F1,700,,,,,
2026-02-18,2026-02-18,FO,NSE,STO,129193,,LICI,,2026-02-24,2026-02-24,750.0,PE,LICI26FEB750PE,0.0,0.0,0.0,0.7,0.7,0.7,878.7,0.05,68600,0,0,0.0,0,F1,700,,,,,
2026-02-18,2026-02-18,FO,NSE,STO,129272,,LICI,,2026-02-24,2026-02-24,875.0,PE,LICI26FEB875PE,10.8,11.95,5.75,6.3,6.25,10.8,878.7,6.3,59500,7000,113,69819190.0,109,F1,700,,,,,
2026-02-18,2026-02-18,FO,NSE,STO,129293,,LICI,,2026-02-24,2026-02-24,925.0,PE,LICI26FEB925PE,0.0,0.0,0.0,52.0,52.0,52.0,878.7,46.25,700,0,0,0.0,0,F1,700,,,,,
2026-02-18,2026-02-18,FO,NSE,STO,129406,,LICI,,2026-02-24,2026-02-24,1010.0,PE,LICI26FEB1010PE,0.0,0.0,0.0,126.0,126.0,126.0,878.7,130.4,4200,0,0,0.0,0,F1,700,,,,,
2026-02-18,2026-02-18,FO,NSE,STO,129660,,LICI,,2026-03-30,2026-03-30,710.0,PE,LICI26MAR710PE,0.0,0.0,0.0,4.95,0.0,4.95,878.7,0.1,0,0,0,0.0,0,F1,700,,,,,
2026-02-18,2026-02-18,FO,NSE,STO,129244,,LICI,,2026-02-24,2026-02-24,835.0,PE,LICI26FEB835PE,0.85,1.05,0.55,0.55,0.6,1.35,878.7,0.55,119700,5600,120,70217070.0,66,F1,700,,,,,
2026-02-18,2026-02-18,FO,NSE,STO,129223,,LICI,,2026-02-24,2026-02-24,775.0,PE,LICI26FEB775PE,0.0,0.0,0.0,0.35,0.35,0.35,878.7,0.05,20300,0,0,0.0,0,F1,700,,,,,
2026-02-18,2026-02-18,FO,NSE,STO,129195,,LICI,,2026-02-24,2026-02-24,755.0,PE,LICI26FEB755PE,0.0,0.0,0.0,6.4,0.0,6.4,878.7,0.05,0,0,0,0.0,0,F1,700,,,,,
2026-02-18,2026-02-18,FO,NSE,STO,113031,,LICI,,2026-02-24,2026-02-24,740.0,PE,LICI26FEB740PE,0.1,0.1,0.1,0.1,0.1,0.1,878.7,0.05,156100,-700,1,518070.0,1,F1,700,,,,,
2026-02-18,2026-02-18,FO,NSE,STO,136278,,LICI,,2026-04-28,2026-04-28,1000.0,CE,LICI26APR1000CE,0.0,0.0,0.0,4.95,0.0,4.95,878.7,7.5,0,0,0,0.0,0,F1,700,,,,,
2026-02-18,2026-02-18,FO,NSE,STO,136266,,LICI,,2026-04-28,2026-04-28,940.0,CE,LICI26APR940CE,0.0,0.0,0.0,11.45,0.0,11.45,878.7,19.4,0,0,0,0.0,0,F1,700,,,,,
2026-02-18,2026-02-18,FO,NSE,STO,136262,,LICI,,2026-04-28,2026-04-28,920.0,CE,LICI26APR920CE,0.0,0.0,0.0,14.85,0.0,14.85,878.7,25.7,0,0,0,0.0,0,F1,700,,,,,
2026-02-18,2026-02-18,FO,NSE,STO,136188,,LICI,,2026-04-28,2026-04-28,780.0,CE,LICI26APR780CE,0.0,0.0,0.0,67.8,0.0,67.8,878.7,112.25,0,0,0,0.0,0,F1,700,,,,,
2026-02-18,2026-02-18,FO,NSE,STO,136182,,LICI,,2026-04-28,2026-04-28,750.0,CE,LICI26APR750CE,0.0,0.0,0.0,87.35,0.0,87.35,878.7,138.95,0,0,0,0.0,0,F1,700,,,,,
2026-02-18,2026-02-18,FO,NSE,STO,136176,,LICI,,2026-04-28,2026-04-28,720.0,CE,LICI26APR720CE,0.0,0.0,0.0,109.6,0.0,109.6,878.7,167.15,0,0,0,0.0,0,F1,700,,,,,
2026-02-18,2026-02-18,FO,NSE,STO,40467,,LICI,,2026-03-30,2026-03-30,1005.0,CE,LICI26MAR1005CE,0.0,0.0,0.0,3.75,3.75,3.75,878.7,2.25,3500,0,0,0.0,0,F1,700,,,,,
2026-02-18,2026-02-18,FO,NSE,STO,135842,,LICI,,2026-03-30,2026-03-30,955.0,CE,LICI26MAR955CE,0.0,0.0,0.0,4.55,0.0,4.55,878.7,7.55,0,0,0,0.0,0,F1,700,,,,,
2026-02-18,2026-02-18,FO,NSE,STO,135827,,LICI,,2026-03-30,2026-03-30,945.0,CE,LICI26MAR945CE,0.0,0.0,0.0,5.05,5.05,5.05,878.7,9.4,5600,0,0,0.0,0,F1,700,,,,,
2026-02-18,2026-02-18,FO,NSE,STO,129777,,LICI,,2026-03-30,2026-03-30,890.0,CE,LICI26MAR890CE,26.45,26.45,26.45,26.45,26.45,17.0,878.7,26.85,3500,0,1,641515.0,1,F1,700,,,,,
2026-02-18,2026-02-18,FO,NSE,STO,129775,,LICI,,2026-03-30,2026-03-30,880.0,CE,LICI26MAR880CE,24.0,30.0,24.0,28.45,28.45,29.5,878.7,31.6,36400,7000,30,19085255.0,22,F1,700,,,,,
2026-02-18,2026-02-18,FO,NSE,STO,135886,,LICI,,2026-03-30,2026-03-30,965.0,PE,LICI26MAR965PE,0.0,0.0,0.0,150.85,0.0,150.85,878.7,86.5,0,0,0,0.0,0,F1,700,,,,,
2026-02-18,2026-02-18,FO,NSE,STO,129920,,LICI,,2026-03-30,2026-03-30,960.0,PE,LICI26MAR960PE,0.0,0.0,0.0,114.35,0.0,114.35,878.7,82.3,0,0,0,0.0,0,F1,700,,,,,
2026-02-18,2026-02-18,FO,NSE,STO,135884,,LICI,,2026-03-30,2026-03-30,955.0,PE,LICI26MAR955PE,0.0,0.0,0.0,141.75,0.0,141.75,878.7,78.1,0,0,0,0.0,0,F1,700,,,,,
2026-02-18,2026-02-18,FO,NSE,STO,135824,,LICI,,2026-03-30,2026-03-30,925.0,PE,LICI26MAR925PE,52.5,52.5,52.5,52.5,52.5,115.25,878.7,54.9,700,700,1,684250.0,1,F1,700,,,,,
2026-02-18,2026-02-18,FO,NSE,STO,129164,,LICI,,2026-02-24,2026-02-24,690.0,CE,LICI26FEB690CE,0.0,0.0,0.0,166.7,0.0,166.7,878.7,189.3,0,0,0,0.0,0,F1,700,,,,,
2026-02-18,2026-02-18,FO,NSE,STO,129276,,LICI,,2026-02-24,2026-02-24,890.0,CE,LICI26FEB890CE,6.3,6.4,3.95,5.05,5.2,6.0,878.7,5.05,325500,-34300,1005,629873090.0,651,F1,700,,,,,
2026-02-18,2026-02-18,FO,NSE,STO,129292,,LICI,,2026-02-24,2026-02-24,925.0,CE,LICI26FEB925CE,1.55,1.55,1.2,1.2,1.2,1.8,878.7,0.8,58100,0,4,2593605.0,4,F1,700,,,,,
2026-02-18,2026-02-18,FO,NSE,STO,129692,,LICI,,2026-03-30,2026-03-30,740.0,CE,LICI26MAR740CE,0.0,0.0,0.0,129.15,0.0,129.15,878.7,143.6,0,0,0,0.0,0,F1,700,,,,,
2026-02-18,2026-02-18,FO,NSE,STO,129765,,LICI,,2026-03-30,2026-03-30,830.0,CE,LICI26MAR830CE,0.0,0.0,0.0,39.0,39.0,39.0,878.7,63.2,4200,0,0,0.0,0,F1,700,,,,,
2026-02-18,2026-02-18,FO,NSE,STO,129791,,LICI,,2026-03-30,2026-03-30,900.0,CE,LICI26MAR900CE,19.2,21.25,17.0,19.7,20.2,19.55,878.7,19.7,583100,151900,384,247055270.0,230,F1,700,,,,,
2026-02-18,2026-02-18,FO,NSE,STO,129801,,LICI,,2026-03-30,2026-03-30,910.0,PE,LICI26MAR910PE,0.0,0.0,0.0,59.0,59.0,59.0,878.7,44.7,700,0,0,0.0,0,F1,700,,,,,
2026-02-18,2026-02-18,FO,NSE,STO,129762,,LICI,,2026-03-30,2026-03-30,810.0,PE,LICI26MAR810PE,5.8,5.8,4.7,4.7,4.7,7.6,878.7,5.55,2100,700,2,1141350.0,2,F1,700,,,,,
2026-02-18,2026-02-18,FO,NSE,STO,135800,,LICI,,2026-03-30,2026-03-30,805.0,PE,LICI26MAR805PE,0.0,0.0,0.0,32.65,0.0,32.65,878.7,4.8,0,0,0,0.0,0,F1,700,,,,,
2026-02-18,2026-02-18,FO,NSE,STO,129724,,LICI,,2026-03-30,2026-03-30,770.0,PE,LICI26MAR770PE,0.0,0.0,0.0,14.95,0.0,14.95,878.7,1.5,0,0,0,0.0,0,F1,700,,,,,
2026-02-18,2026-02-18,FO,NSE,STO,129654,,LICI,,2026-03-30,2026-03-30,680.0,PE,LICI26MAR680PE,0.4,0.4,0.4,0.4,0.4,2.0,878.7,0.05,2100,700,1,476280.0,1,F1,700,,,,,
2026-02-18,2026-02-18,FO,NSE,STO,129299,,LICI,,2026-02-24,2026-02-24,945.0,PE,LICI26FEB945PE,0.0,0.0,0.0,57.25,57.25,57.25,878.7,65.6,2800,0,0,0.0,0,F1,700,,,,,
2026-02-18,2026-02-18,FO,NSE,STO,113113,,LICI,,2026-02-24,2026-02-24,940.0,PE,LICI26FEB940PE,0.0,0.0,0.0,65.65,65.65,65.65,878.7,60.7,7000,0,0,0.0,0,F1,700,,,,,
2026-02-18,2026-02-18,FO,NSE,STO,113109,,LICI,,2026-02-24,2026-02-24,900.0,PE,LICI26FEB900PE,28.0,31.65,22.35,23.55,23.25,28.65,878.7,23.55,350000,-31500,102,66126935.0,71,F1,700,,,,,
2026-02-18,2026-02-18,FO,NSE,STO,129274,,LICI,,2026-02-24,2026-02-24,885.0,PE,LICI26FEB885PE,0.0,0.0,0.0,16.55,17.0,16.55,878.7,14.45,87500,0,0,0.0,0,F1,700,,,,,
2026-02-18,2026-02-18,FO,NSE,STO,113054,,LICI,,2026-02-24,2026-02-24,840.0,PE,LICI26FEB840PE,1.2,1.45,0.7,0.8,0.75,1.45,878.7,0.8,142800,-97300,205,120690535.0,170,F1,700,,,,,
2026-02-18,2026-02-18,FO,NSE,STO,129237,,LICI,,2026-02-24,2026-02-24,825.0,PE,LICI26FEB825PE,0.75,0.75,0.4,0.45,0.4,0.85,878.7,0.45,77700,-7700,52,30053765.0,32,F1,700,,,,,
2026-02-18,2026-02-18,FO,NSE,STO,136234,,LICI,,2026-04-28,2026-04-28,910.0,CE,LICI26APR910CE,0.0,0.0,0.0,16.9,0.0,16.9,878.7,29.4,0,0,0,0.0,0,F1,700,,,,,
2026-02-18,2026-02-18,FO,NSE,STO,136212,,LICI,,2026-04-28,2026-04-28,900.0,CE,LICI26APR900CE,0.0,0.0,0.0,19.1,0.0,19.1,878.7,33.45,0,0,0,0.0,0,F1,700,,,,,
2026-02-18,2026-02-18,FO,NSE,STO,136200,,LICI,,2026-04-28,2026-04-28,840.0,CE,LICI26APR840CE,0.0,0.0,0.0,37.8,0.0,37.8,878.7,66.15,0,0,0,0.0,0,F1,700,,,,,
2026-02-18,2026-02-18,FO,NSE,STO,129921,,LICI,,2026-03-30,2026-03-30,970.0,CE,LICI26MAR970CE,0.0,0.0,0.0,15.8,0.0,15.8,878.7,5.35,0,0,0,0.0,0,F1,700,,,,,
2026-02-18,2026-02-18,FO,NSE,STO,136183,,LICI,,2026-04-28,2026-04-28,750.0,PE,LICI26APR750PE,0.0,0.0,0.0,18.05,0.0,18.05,878.7,2.5,0,0,0,0.0,0,F1,700,,,,,
2026-02-18,2026-02-18,FO,NSE,STO,136199,,LICI,,2026-04-28,2026-04-28,830.0,PE,LICI26APR830PE,0.0,0.0,0.0,51.5,0.0,51.5,878.7,15.7,0,0,0,0.0,0,F1,700,,,,,
2026-02-18,2026-02-18,FO,NSE,STO,40468,,LICI,,2026-03-30,2026-03-30,1005.0,PE,LICI26MAR1005PE,0.0,0.0,0.0,172.7,0.0,172.7,878.7,122.5,0,0,0,0.0,0,F1,700,,,,,
2026-02-18,2026-02-18,FO,NSE,STO,129258,,LICI,,2026-02-24,2026-02-24,865.0,CE,LICI26FEB865CE,15.45,18.8,13.45,17.25,17.25,16.65,878.7,17.25,86800,-1400,31,19124770.0,31,F1,700,,,,,
2026-02-18,2026-02-18,FO,NSE,STO,113030,,LICI,,2026-02-24,2026-02-24,740.0,CE,LICI26FEB740CE,0.0,0.0,0.0,98.15,98.15,98.15,878.7,139.35,2100,0,0,0.0,0,F1,700,,,,,
2026-02-18,2026-02-18,FO,NSE,STO,129230,,LICI,,2026-02-24,2026-02-24,805.0,CE,LICI26FEB805CE,0.0,0.0,0.0,105.1,105.1,105.1,878.7,74.45,18900,0,0,0.0,0,F1,700,,,,,
2026-02-18,2026-02-18,FO,NSE,STO,129261,,LICI,,2026-02-24,2026-02-24,870.0,CE,LICI26FEB870CE,13.7,15.9,9.8,13.6,13.55,13.65,878.7,13.6,651700,313600,986,609909685.0,777,F1,700,,,,,
2026-02-18,2026-02-18,FO,NSE,STO,136181,,LICI,,2026-04-28,2026-04-28,740.0,PE,LICI26APR740PE,0.0,0.0,0.0,15.35,0.0,15.35,878.7,1.85,0,0,0,0.0,0,F1,700,,,,,
2026-02-18,2026-02-18,FO,NSE,STO,129933,,LICI,,2026-03-30,2026-03-30,1010.0,PE,LICI26MAR1010PE,0.0,0.0,0.0,155.45,0.0,155.45,878.7,127.2,0,0,0,0.0,0,F1,700,,,,,
2026-02-18,2026-02-18,FO,NSE,STO,129931,,LICI,,2026-03-30,2026-03-30,1000.0,PE,LICI26MAR1000PE,0.0,0.0,0.0,146.9,0.0,146.9,878.7,117.85,0,0,0,0.0,0,F1,700,,,,,
2026-02-18,2026-02-18,FO,NSE,STO,135828,,LICI,,2026-03-30,2026-03-30,945.0,PE,LICI26MAR945PE,0.0,0.0,0.0,132.75,0.0,132.75,878.7,70.0,0,0,0,0.0,0,F1,700,,,,,
2026-02-18,2026-02-18,FO,NSE,STO,129718,,LICI,,2026-03-30,2026-03-30,750.0,PE,LICI26MAR750PE,0.0,0.0,0.0,10.7,0.0,10.7,878.7,0.65,0,0,0,0.0,0,F1,700,,,,,
2026-02-18,2026-02-18,FO,NSE,STO,129681,,LICI,,2026-03-30,2026-03-30,720.0,PE,LICI26MAR720PE,0.0,0.0,0.0,6.1,0.0,6.1,878.7,0.15,0,0,0,0.0,0,F1,700,,,,,
2026-02-18,2026-02-18,FO,NSE,STO,129402,,LICI,,2026-02-24,2026-02-24,995.0,PE,LICI26FEB995PE,0.0,0.0,0.0,107.8,107.8,107.8,878.7,115.4,2100,0,0,0.0,0,F1,700,,,,,
2026-02-18,2026-02-18,FO,NSE,STO,129277,,LICI,,2026-02-24,2026-02-24,890.0,PE,LICI26FEB890PE,19.0,22.1,15.0,15.35,16.2,20.5,878.7,15.35,183400,-1400,25,15876245.0,19,F1,700,,,,,
2026-02-18,2026-02-18,FO,NSE,STO,129262,,LICI,,2026-02-24,2026-02-24,870.0,PE,LICI26FEB870PE,7.1,9.35,3.9,4.25,4.25,8.15,878.7,4.25,639800,296800,1134,694780485.0,969,F1,700,,,,,
2026-02-18,2026-02-18,FO,NSE,STO,129257,,LICI,,2026-02-24,2026-02-24,855.0,PE,LICI26FEB855PE,3.15,3.4,1.5,1.6,1.65,3.45,878.7,1.6,170100,13300,135,80978975.0,123,F1,700,,,,,
2026-02-18,2026-02-18,FO,NSE,STO,129239,,LICI,,2026-02-24,2026-02-24,830.0,PE,LICI26FEB830PE,0.75,0.85,0.5,0.5,0.5,0.9,878.7,0.5,182700,-23800,92,53496310.0,86,F1,700,,,,,
2026-02-18,2026-02-18,FO,NSE,STO,129198,,LICI,,2026-02-24,2026-02-24,765.0,PE,LICI26FEB765PE,0.0,0.0,0.0,9.95,9.95,9.95,878.7,0.05,4900,0,0,0.0,0,F1,700,,,,,
2026-02-18,2026-02-18,FO,NSE,STO,113025,,LICI,,2026-02-24,2026-02-24,680.0,PE,LICI26FEB680PE,0.0,0.0,0.0,1.35,0.0,1.35,878.7,0.05,0,0,0,0.0,0,F1,700,,,,,
2026-02-18,2026-02-18,FO,NSE,STO,136268,,LICI,,2026-04-28,2026-04-28,950.0,CE,LICI26APR950CE,0.0,0.0,0.0,10.05,0.0,10.05,878.7,16.75,0,0,0,0.0,0,F1,700,,,,,
2026-02-18,2026-02-18,FO,NSE,STO,136180,,LICI,,2026-04-28,2026-04-28,740.0,CE,LICI26APR740CE,0.0,0.0,0.0,94.5,0.0,94.5,878.7,148.25,0,0,0,0.0,0,F1,700,,,,,
2026-02-18,2026-02-18,FO,NSE,STO,129930,,LICI,,2026-03-30,2026-03-30,1000.0,CE,LICI26MAR1000CE,3.35,3.35,2.85,3.15,3.0,3.35,878.7,3.15,168700,49000,217,152368965.0,154,F1,700,,,,,
2026-02-18,2026-02-18,FO,NSE,STO,129917,,LICI,,2026-03-30,2026-03-30,950.0,CE,LICI26MAR950CE,7.6,8.0,6.4,7.65,7.7,7.9,878.7,7.65,87500,8400,57,38188395.0,43,F1,700,,,,,
2026-02-18,2026-02-18,FO,NSE,STO,129820,,LICI,,2026-03-30,2026-03-30,930.0,CE,LICI26MAR930CE,11.0,11.65,9.9,10.9,10.95,10.75,878.7,10.9,196700,29400,116,76369860.0,70,F1,700,,,,,
2026-02-18,2026-02-18,FO,NSE,STO,129659,,LICI,,2026-03-30,2026-03-30,710.0,CE,LICI26MAR710CE,0.0,0.0,0.0,154.7,0.0,154.7,878.7,173.05,0,0,0,0.0,0,F1,700,,,,,
2026-02-18,2026-02-18,FO,NSE,STO,129288,,LICI,,2026-02-24,2026-02-24,910.0,CE,LICI26FEB910CE,2.95,2.95,1.75,2.05,2.0,2.95,878.7,2.05,326200,-52500,362,231136955.0,308,F1,700,,,,,
2026-02-18,2026-02-18,FO,NSE,STO,113096,,LICI,,2026-02-24,2026-02-24,880.0,CE,LICI26FEB880CE,8.6,10.05,6.1,8.35,8.4,9.05,878.7,8.35,370300,24500,1371,852487965.0,1155,F1,700,,,,,
2026-02-18,2026-02-18,FO,NSE,STO,129238,,LICI,,2026-02-24,2026-02-24,830.0,CE,LICI26FEB830CE,44.2,50.25,43.25,49.9,49.0,43.2,878.7,49.9,72100,-1400,29,17850490.0,8,F1,700,,,,,
2026-02-18,2026-02-18,FO,NSE,STO,129228,,LICI,,2026-02-24,2026-02-24,795.0,CE,LICI26FEB795CE,0.0,0.0,0.0,43.85,43.85,43.85,878.7,84.45,1400,0,0,0.0,0,F1,700,,,,,
2026-02-18,2026-02-18,FO,NSE,STO,129194,,LICI,,2026-02-24,2026-02-24,755.0,CE,LICI26FEB755CE,0.0,0.0,0.0,107.65,0.0,107.65,878.7,124.4,0,0,0,0.0,0,F1,700,,,,,
2026-02-18,2026-02-18,FO,NSE,STO,113028,,LICI,,2026-02-24,2026-02-24,720.0,CE,LICI26FEB720CE,0.0,0.0,0.0,191.9,0.0,191.9,878.7,159.35,0,0,0,0.0,0,F1,700,,,,,
2026-02-18,2026-02-18,FO,NSE,STO,129170,,LICI,,2026-02-24,2026-02-24,710.0,CE,LICI26FEB710CE,0.0,0.0,0.0,147.8,0.0,147.8,878.7,169.35,0,0,0,0.0,0,F1,700,,,,,
2026-02-18,2026-02-18,FO,NSE,STO,113026,,LICI,,2026-02-24,2026-02-24,700.0,CE,LICI26FEB700CE,0.0,0.0,0.0,109.7,109.7,109.7,878.7,179.35,1400,0,0,0.0,0,F1,700,,,,,
2026-02-18,2026-02-18,FO,NSE,STF,59401,,LICI,,2026-02-24,2026-02-24,,,LICI26FEBFUT,877.0,881.8,870.3,879.45,880.2,875.1,878.7,879.45,10600800,-385700,1748,1072888040.0,1518,F1,700,,,,,
2026-02-18,2026-02-18,FO,NSE,STO,135819,,LICI,,2026-03-30,2026-03-30,905.0,CE,LICI26MAR905CE,0.0,0.0,0.0,18.85,18.85,18.85,878.7,20.7,700,0,0,0.0,0,F1,700,,,,,
2026-02-18,2026-02-18,FO,NSE,STO,136184,,LICI,,2026-04-28,2026-04-28,760.0,CE,LICI26APR760CE,0.0,0.0,0.0,80.45,0.0,80.45,878.7,129.85,0,0,0,0.0,0,F1,700,,,,,
2026-02-18,2026-02-18,FO,NSE,STO,136190,,LICI,,2026-04-28,2026-04-28,790.0,CE,LICI26APR790CE,0.0,0.0,0.0,61.95,0.0,61.95,878.7,103.8,0,0,0,0.0,0,F1,700,,,,,
2026-02-18,2026-02-18,FO,NSE,STO,129191,,LICI,,2026-02-24,2026-02-24,745.0,PE,LICI26FEB745PE,0.0,0.0,0.0,2.45,1.45,2.45,878.7,0.05,3500,0,0,0.0,0,F1,700,,,,,
2026-02-18,2026-02-18,FO,NSE,STO,129753,,LICI,,2026-03-30,2026-03-30,790.0,PE,LICI26MAR790PE,0.0,0.0,0.0,20.35,0.0,20.35,878.7,3.0,0,0,0,0.0,0,F1,700,,,,,
2026-02-18,2026-02-18,FO,NSE,STO,135808,,LICI,,2026-03-30,2026-03-30,845.0,PE,LICI26MAR845PE,0.0,0.0,0.0,54.7,0.0,54.7,878.7,13.6,0,0,0,0.0,0,F1,700,,,,,
2026-02-18,2026-02-18,FO,NSE,STO,151973,,POLICYBZR,,2026-03-30,2026-03-30,1260.0,PE,POLICYBZR26MAR1260PE,0.0,0.0,0.0,14.5,14.5,14.5,1502.0,6.5,700,0,0,0.0,0,F1,350,,,,,
2026-02-18,2026-02-18,FO,NSE,STO,128093,,POLICYBZR,,2026-02-24,2026-02-24,1720.0,PE,POLICYBZR26FEB1720PE,0.0,0.0,0.0,172.6,172.6,172.6,1502.0,216.55,5600,0,0,0.0,0,F1,350,,,,,
2026-02-18,2026-02-18,FO,NSE,STO,155661,,POLICYBZR,,2026-02-24,2026-02-24,1620.0,PE,POLICYBZR26FEB1620PE,117.6,118.4,109.25,117.5,117.5,87.7,1502.0,117.5,31500,350,7,4252167.5,7,F1,350,,,,,
2026-02-18,2026-02-18,FO,NSE,STO,155750,,POLICYBZR,,2026-03-30,2026-03-30,1880.0,CE,POLICYBZR26MAR1880CE,0.0,0.0,0.0,9.2,9.2,9.2,1502.0,4.15,2450,0,0,0.0,0,F1,350,,,,,
2026-02-18,2026-02-18,FO,NSE,STO,151982,,POLICYBZR,,2026-03-30,2026-03-30,1460.0,CE,POLICYBZR26MAR1460CE,0.0,0.0,0.0,142.0,142.0,142.0,1502.0,104.45,1050,0,0,0.0,0,F1,350,,,,,
2026-02-18,2026-02-18,FO,NSE,STO,155678,,POLICYBZR,,2026-02-24,2026-02-24,1980.0,CE,POLICYBZR26FEB1980CE,0.1,0.1,0.1,0.1,0.1,0.1,1502.0,0.05,700,-350,1,693035.0,1,F1,350,,,,,
2026-02-18,2026-02-18,FO,NSE,STO,155738,,POLICYBZR,,2026-03-30,2026-03-30,1640.0,CE,POLICYBZR26MAR1640CE,0.0,0.0,0.0,48.0,48.0,48.0,1502.0,32.55,1050,0,0,0.0,0,F1,350,,,,,
2026-02-18,2026-02-18,FO,NSE,STO,152094,,POLICYBZR,,2026-04-28,2026-04-28,1280.0,CE,POLICYBZR26APR1280CE,0.0,0.0,0.0,390.8,0.0,390.8,1502.0,254.8,0,0,0,0.0,0,F1,350,,,,,
2026-02-18,2026-02-18,FO,NSE,STO,155647,,POLICYBZR,,2026-02-24,2026-02-24,1340.0,PE,POLICYBZR26FEB1340PE,1.65,1.65,1.0,1.05,1.0,2.6,1502.0,1.05,35000,2800,63,29577870.0,63,F1,350,,,,,
2026-02-18,2026-02-18,FO,NSE,STO,151974,,POLICYBZR,,2026-03-30,2026-03-30,1300.0,CE,POLICYBZR26MAR1300CE,0.0,0.0,0.0,357.15,0.0,357.15,1502.0,220.8,0,0,0,0.0,0,F1,350,,,,,
2026-02-18,2026-02-18,FO,NSE,STO,128094,,POLICYBZR,,2026-02-24,2026-02-24,1760.0,CE,POLICYBZR26FEB1760CE,0.6,0.6,0.6,0.6,0.6,1.15,1502.0,0.6,47950,-350,2,1232420.0,2,F1,350,,,,,
2026-02-18,2026-02-18,FO,NSE,STO,48130,,POLICYBZR,,2026-02-24,2026-02-24,1160.0,CE,POLICYBZR26FEB1160CE,0.0,0.0,0.0,342.3,342.3,342.3,1502.0,343.05,2100,0,0,0.0,0,F1,350,,,,,
2026-02-18,2026-02-18,FO,NSE,STO,155675,,POLICYBZR,,2026-02-24,2026-02-24,1900.0,PE,POLICYBZR26FEB1900PE,0.0,0.0,0.0,466.0,466.0,466.0,1502.0,396.3,2800,0,0,0.0,0,F1,350,,,,,
2026-02-18,2026-02-18,FO,NSE,STO,151975,,POLICYBZR,,2026-03-30,2026-03-30,1300.0,PE,POLICYBZR26MAR1300PE,13.0,13.1,12.45,12.55,12.5,16.2,1502.0,12.55,45500,31850,123,56522620.0,76,F1,350,,,,,
2026-02-18,2026-02-18,FO,NSE,STO,151977,,POLICYBZR,,2026-03-30,2026-03-30,1340.0,PE,POLICYBZR26MAR1340PE,0.0,0.0,0.0,19.3,0.0,19.3,1502.0,17.55,0,0,0,0.0,0,F1,350,,,,,
2026-02-18,2026-02-18,FO,NSE,STO,155725,,POLICYBZR,,2026-03-30,2026-03-30,1360.0,PE,POLICYBZR26MAR1360PE,21.5,23.0,21.5,23.0,23.0,27.0,1502.0,23.0,2450,350,4,1934940.0,4,F1,350,,,,,
2026-02-18,2026-02-18,FO,NSE,STO,155731,,POLICYBZR,,2026-03-30,2026-03-30,1480.0,PE,POLICYBZR26MAR1480PE,0.0,0.0,0.0,52.35,52.5,52.35,1502.0,62.45,5600,0,0,0.0,0,F1,350,,,,,
2026-02-18,2026-02-18,FO,NSE,STO,151993,,POLICYBZR,,2026-03-30,2026-03-30,1660.0,PE,POLICYBZR26MAR1660PE,0.0,0.0,0.0,170.0,170.0,170.0,1502.0,176.0,700,0,0,0.0,0,F1,350,,,,,
2026-02-18,2026-02-18,FO,NSE,STO,155743,,POLICYBZR,,2026-03-30,2026-03-30,1720.0,PE,POLICYBZR26MAR1720PE,0.0,0.0,0.0,94.5,0.0,94.5,1502.0,225.05,0,0,0,0.0,0,F1,350,,,,,
2026-02-18,2026-02-18,FO,NSE,STO,128081,,POLICYBZR,,2026-02-24,2026-02-24,1640.0,PE,POLICYBZR26FEB1640PE,136.8,142.75,133.9,137.7,137.7,148.65,1502.0,137.85,49000,0,7,4355470.0,7,F1,350,,,,,
2026-02-18,2026-02-18,FO,NSE,STO,155669,,POLICYBZR,,2026-02-24,2026-02-24,1780.0,PE,POLICYBZR26FEB1780PE,0.0,0.0,0.0,227.3,227.3,227.3,1502.0,276.4,4200,0,0,0.0,0,F1,350,,,,,
2026-02-18,2026-02-18,FO,NSE,STO,155671,,POLICYBZR,,2026-02-24,2026-02-24,1820.0,PE,POLICYBZR26FEB1820PE,0.0,0.0,0.0,107.25,0.0,107.25,1502.0,316.35,0,0,0,0.0,0,F1,350,,,,,
2026-02-18,2026-02-18,FO,NSE,STO,152091,,POLICYBZR,,2026-04-28,2026-04-28,1200.0,PE,POLICYBZR26APR1200PE,0.0,0.0,0.0,11.45,0.0,11.45,1502.0,8.75,0,0,0,0.0,0,F1,350,,,,,
2026-02-18,2026-02-18,FO,NSE,STO,152002,,POLICYBZR,,2026-03-30,2026-03-30,1860.0,CE,POLICYBZR26MAR1860CE,0.0,0.0,0.0,9.95,9.95,9.95,1502.0,5.0,1750,0,0,0.0,0,F1,350,,,,,
2026-02-18,2026-02-18,FO,NSE,STO,151978,,POLICYBZR,,2026-03-30,2026-03-30,1380.0,CE,POLICYBZR26MAR1380CE,0.0,0.0,0.0,290.6,0.0,290.6,1502.0,156.9,0,0,0,0.0,0,F1,350,,,,,
2026-02-18,2026-02-18,FO,NSE,STO,155742,,POLICYBZR,,2026-03-30,2026-03-30,1720.0,CE,POLICYBZR26MAR1720CE,0.0,0.0,0.0,33.8,33.8,33.8,1502.0,17.4,1050,0,0,0.0,0,F1,350,,,,,
2026-02-18,2026-02-18,FO,NSE,STO,152111,,POLICYBZR,,2026-04-28,2026-04-28,1480.0,PE,POLICYBZR26APR1480PE,0.0,0.0,0.0,70.65,0.0,70.65,1502.0,83.2,0,0,0,0.0,0,F1,350,,,,,
2026-02-18,2026-02-18,FO,NSE,STO,128095,,POLICYBZR,,2026-02-24,2026-02-24,1760.0,PE,POLICYBZR26FEB1760PE,0.0,0.0,0.0,222.2,222.2,222.2,1502.0,256.45,2100,0,0,0.0,0,F1,350,,,,,
2026-02-18,2026-02-18,FO,NSE,STO,155667,,POLICYBZR,,2026-02-24,2026-02-24,1740.0,PE,POLICYBZR26FEB1740PE,0.0,0.0,0.0,254.05,254.05,254.05,1502.0,236.45,152250,0,0,0.0,0,F1,350,,,,,
2026-02-18,2026-02-18,FO,NSE,STO,155665,,POLICYBZR,,2026-02-24,2026-02-24,1700.0,PE,POLICYBZR26FEB1700PE,202.0,202.0,193.8,194.0,194.0,191.95,1502.0,196.65,52150,-350,5,3318560.0,5,F1,350,,,,,
2026-02-18,2026-02-18,FO,NSE,STO,155663,,POLICYBZR,,2026-02-24,2026-02-24,1660.0,PE,POLICYBZR26FEB1660PE,0.0,0.0,0.0,161.0,161.0,161.0,1502.0,157.25,61600,0,0,0.0,0,F1,350,,,,,
2026-02-18,2026-02-18,FO,NSE,STO,155657,,POLICYBZR,,2026-02-24,2026-02-24,1540.0,PE,POLICYBZR26FEB1540PE,50.0,55.1,43.45,47.7,47.9,61.25,1502.0,47.7,156100,-3850,65,36151272.5,62,F1,350,,,,,
2026-02-18,2026-02-18,FO,NSE,STO,152130,,POLICYBZR,,2026-04-28,2026-04-28,1760.0,CE,POLICYBZR26APR1760CE,0.0,0.0,0.0,106.85,0.0,106.85,1502.0,29.25,0,0,0,0.0,0,F1,350,,,,,
2026-02-18,2026-02-18,FO,NSE,STO,155722,,POLICYBZR,,2026-03-30,2026-03-30,1320.0,CE,POLICYBZR26MAR1320CE,0.0,0.0,0.0,568.05,0.0,568.05,1502.0,203.95,0,0,0,0.0,0,F1,350,,,,,
2026-02-18,2026-02-18,FO,NSE,STO,155648,,POLICYBZR,,2026-02-24,2026-02-24,1380.0,CE,POLICYBZR26FEB1380CE,129.0,132.05,122.0,125.55,125.55,147.1,1502.0,124.55,7700,1050,15,7920937.5,15,F1,350,,,,,
2026-02-18,2026-02-18,FO,NSE,STO,128047,,POLICYBZR,,2026-02-24,2026-02-24,1440.0,CE,POLICYBZR26FEB1440CE,73.85,78.4,66.25,70.25,70.2,68.75,1502.0,70.25,63700,-2100,14,7407487.5,14,F1,350,,,,,
2026-02-18,2026-02-18,FO,NSE,STO,155656,,POLICYBZR,,2026-02-24,2026-02-24,1540.0,CE,POLICYBZR26FEB1540CE,15.35,23.0,12.6,13.25,12.8,16.4,1502.0,13.25,296800,-7000,1211,659656742.5,931,F1,350,,,,,
2026-02-18,2026-02-18,FO,NSE,STO,152123,,POLICYBZR,,2026-04-28,2026-04-28,1600.0,PE,POLICYBZR26APR1600PE,0.0,0.0,0.0,120.3,0.0,120.3,1502.0,150.5,0,0,0,0.0,0,F1,350,,,,,
2026-02-18,2026-02-18,FO,NSE,STO,155723,,POLICYBZR,,2026-03-30,2026-03-30,1320.0,PE,POLICYBZR26MAR1320PE,0.0,0.0,0.0,9.6,0.0,9.6,1502.0,14.0,0,0,0,0.0,0,F1,350,,,,,
2026-02-18,2026-02-18,FO,NSE,STO,128105,,POLICYBZR,,2026-02-24,2026-02-24,1960.0,PE,POLICYBZR26FEB1960PE,0.0,0.0,0.0,451.3,451.3,451.3,1502.0,456.25,13300,0,0,0.0,0,F1,350,,,,,
2026-02-18,2026-02-18,FO,NSE,STO,128046,,POLICYBZR,,2026-02-24,2026-02-24,1400.0,PE,POLICYBZR26FEB1400PE,6.4,6.45,2.3,2.45,2.4,6.55,1502.0,2.45,201250,-3850,423,207842897.5,390,F1,350,,,,,
2026-02-18,2026-02-18,FO,NSE,STO,128044,,POLICYBZR,,2026-02-24,2026-02-24,1360.0,PE,POLICYBZR26FEB1360PE,2.5,2.5,1.35,1.45,1.35,3.3,1502.0,1.45,77700,3150,56,26692732.5,46,F1,350,,,,,
2026-02-18,2026-02-18,FO,NSE,STO,152124,,POLICYBZR,,2026-04-28,2026-04-28,1640.0,CE,POLICYBZR26APR1640CE,0.0,0.0,0.0,155.2,0.0,155.2,1502.0,56.4,0,0,0,0.0,0,F1,350,,,,,
2026-02-18,2026-02-18,FO,NSE,STO,152120,,POLICYBZR,,2026-04-28,2026-04-28,1560.0,CE,POLICYBZR26APR1560CE,0.0,0.0,0.0,195.7,0.0,195.7,1502.0,83.85,0,0,0,0.0,0,F1,350,,,,,
2026-02-18,2026-02-18,FO,NSE,STO,155744,,POLICYBZR,,2026-03-30,2026-03-30,1760.0,CE,POLICYBZR26MAR1760CE,0.0,0.0,0.0,21.95,21.95,21.95,1502.0,12.4,1400,0,0,0.0,0,F1,350,,,,,
2026-02-18,2026-02-18,FO,NSE,STO,155736,,POLICYBZR,,2026-03-30,2026-03-30,1600.0,CE,POLICYBZR26MAR1600CE,44.0,47.5,37.5,41.45,40.75,40.1,1502.0,41.45,70700,25900,290,166577985.0,231,F1,350,,,,,
2026-02-18,2026-02-18,FO,NSE,STO,151984,,POLICYBZR,,2026-03-30,2026-03-30,1500.0,CE,POLICYBZR26MAR1500CE,80.05,91.25,76.25,82.75,82.4,80.0,1502.0,82.75,38850,8400,210,116377222.5,151,F1,350,,,,,
2026-02-18,2026-02-18,FO,NSE,STO,155719,,POLICYBZR,,2026-03-30,2026-03-30,1240.0,PE,POLICYBZR26MAR1240PE,0.0,0.0,0.0,12.95,12.95,12.95,1502.0,4.9,350,0,0,0.0,0,F1,350,,,,,
2026-02-18,2026-02-18,FO,NSE,STO,155734,,POLICYBZR,,2026-03-30,2026-03-30,1560.0,CE,POLICYBZR26MAR1560CE,56.25,56.25,56.25,56.25,56.25,57.65,1502.0,57.05,2100,0,1,565687.5,1,F1,350,,,,,
2026-02-18,2026-02-18,FO,NSE,STO,128098,,POLICYBZR,,2026-02-24,2026-02-24,1840.0,CE,POLICYBZR26FEB1840CE,0.3,0.3,0.1,0.1,0.1,0.45,1502.0,0.05,23100,350,13,8373067.5,9,F1,350,,,,,
2026-02-18,2026-02-18,FO,NSE,STO,128066,,POLICYBZR,,2026-02-24,2026-02-24,1600.0,CE,POLICYBZR26FEB1600CE,5.9,7.6,3.65,3.9,3.8,6.1,1502.0,3.9,563500,-32200,1731,972450465.0,1097,F1,350,,,,,
2026-02-18,2026-02-18,FO,NSE,STO,155730,,POLICYBZR,,2026-03-30,2026-03-30,1480.0,CE,POLICYBZR26MAR1480CE,94.5,95.5,89.55,94.9,95.5,429.7,1502.0,94.9,1050,1050,5,2752627.5,5,F1,350,,,,,
2026-02-18,2026-02-18,FO,NSE,STO,155728,,POLICYBZR,,2026-03-30,2026-03-30,1440.0,CE,POLICYBZR26MAR1440CE,0.0,0.0,0.0,462.8,0.0,462.8,1502.0,116.4,0,0,0,0.0,0,F1,350,,,,,
2026-02-18,2026-02-18,FO,NSE,STO,155724,,POLICYBZR,,2026-03-30,2026-03-30,1360.0,CE,POLICYBZR26MAR1360CE,0.0,0.0,0.0,185.0,185.0,185.0,1502.0,171.95,7350,0,0,0.0,0,F1,350,,,,,
2026-02-18,2026-02-18,FO,NSE,STO,128089,,POLICYBZR,,2026-02-24,2026-02-24,1680.0,CE,POLICYBZR26FEB1680CE,1.2,2.0,0.9,1.35,1.35,2.25,1502.0,1.35,131600,-15400,144,84737362.5,105,F1,350,,,,,
2026-02-18,2026-02-18,FO,NSE,STO,128049,,POLICYBZR,,2026-02-24,2026-02-24,1480.0,CE,POLICYBZR26FEB1480CE,38.65,55.8,38.45,40.5,40.25,41.65,1502.0,40.5,120400,-15050,208,110981832.5,191,F1,350,,,,,
2026-02-18,2026-02-18,FO,NSE,STO,128043,,POLICYBZR,,2026-02-24,2026-02-24,1360.0,CE,POLICYBZR26FEB1360CE,0.0,0.0,0.0,137.75,137.75,137.75,1502.0,143.85,350,0,0,0.0,0,F1,350,,,,,
2026-02-18,2026-02-18,FO,NSE,STO,152107,,POLICYBZR,,2026-04-28,2026-04-28,1400.0,PE,POLICYBZR26APR1400PE,0.0,0.0,0.0,72.0,72.0,72.0,1502.0,50.6,4200,0,0,0.0,0,F1,350,,,,,
2026-02-18,2026-02-18,FO,NSE,STO,128065,,POLICYBZR,,2026-02-24,2026-02-24,1560.0,PE,POLICYBZR26FEB1560PE,66.4,70.7,59.15,62.5,64.0,83.65,1502.0,62.5,75600,-1400,23,13078327.5,23,F1,350,,,,,
2026-02-18,2026-02-18,FO,NSE,STO,128067,,POLICYBZR,,2026-02-24,2026-02-24,1600.0,PE,POLICYBZR26FEB1600PE,100.0,103.5,94.4,99.1,98.85,118.2,1502.0,99.1,97300,-1750,12,7136552.5,12,F1,350,,,,,
2026-02-18,2026-02-18,FO,NSE,STO,155721,,POLICYBZR,,2026-03-30,2026-03-30,1280.0,PE,POLICYBZR26MAR1280PE,0.0,0.0,0.0,12.95,12.95,12.95,1502.0,8.55,350,0,0,0.0,0,F1,350,,,,,
2026-02-18,2026-02-18,FO,NSE,STO,128103,,POLICYBZR,,2026-02-24,2026-02-24,1920.0,PE,POLICYBZR26FEB1920PE,0.0,0.0,0.0,286.0,286.0,286.0,1502.0,416.25,350,0,0,0.0,0,F1,350,,,,,
2026-02-18,2026-02-18,FO,NSE,STO,41945,,POLICYBZR,,2026-03-30,2026-03-30,1160.0,PE,POLICYBZR26MAR1160PE,0.0,0.0,0.0,2.95,0.0,2.95,1502.0,1.3,0,0,0,0.0,0,F1,350,,,,,
2026-02-18,2026-02-18,FO,NSE,STO,151987,,POLICYBZR,,2026-03-30,2026-03-30,1540.0,PE,POLICYBZR26MAR1540PE,88.3,88.3,88.3,88.3,88.3,89.0,1502.0,93.7,8050,3500,10,5699050.0,1,F1,350,,,,,
2026-02-18,2026-02-18,FO,NSE,STO,155735,,POLICYBZR,,2026-03-30,2026-03-30,1560.0,PE,POLICYBZR26MAR1560PE,0.0,0.0,0.0,45.25,0.0,45.25,1502.0,105.65,0,0,0,0.0,0,F1,350,,,,,
2026-02-18,2026-02-18,FO,NSE,STO,152003,,POLICYBZR,,2026-03-30,2026-03-30,1860.0,PE,POLICYBZR26MAR1860PE,0.0,0.0,0.0,261.95,0.0,261.95,1502.0,351.85,0,0,0,0.0,0,F1,350,,,,,
2026-02-18,2026-02-18,FO,NSE,STO,152097,,POLICYBZR,,2026-04-28,2026-04-28,1320.0,PE,POLICYBZR26APR1320PE,0.0,0.0,0.0,28.25,0.0,28.25,1502.0,27.7,0,0,0,0.0,0,F1,350,,,,,
2026-02-18,2026-02-18,FO,NSE,STO,152129,,POLICYBZR,,2026-04-28,2026-04-28,1720.0,PE,POLICYBZR26APR1720PE,0.0,0.0,0.0,185.3,0.0,185.3,1502.0,236.9,0,0,0,0.0,0,F1,350,,,,,
2026-02-18,2026-02-18,FO,NSE,STO,128099,,POLICYBZR,,2026-02-24,2026-02-24,1840.0,PE,POLICYBZR26FEB1840PE,0.0,0.0,0.0,332.75,332.75,332.75,1502.0,336.35,1050,0,0,0.0,0,F1,350,,,,,
2026-02-18,2026-02-18,FO,NSE,STO,128090,,POLICYBZR,,2026-02-24,2026-02-24,1680.0,PE,POLICYBZR26FEB1680PE,0.0,0.0,0.0,139.5,139.5,139.5,1502.0,176.85,11550,0,0,0.0,0,F1,350,,,,,
2026-02-18,2026-02-18,FO,NSE,STO,155653,,POLICYBZR,,2026-02-24,2026-02-24,1460.0,PE,POLICYBZR26FEB1460PE,18.95,18.95,8.7,9.4,9.3,18.75,1502.0,9.4,128100,7000,353,181871707.5,289,F1,350,,,,,
2026-02-18,2026-02-18,FO,NSE,STO,152138,,POLICYBZR,,2026-04-28,2026-04-28,1920.0,CE,POLICYBZR26APR1920CE,0.0,0.0,0.0,62.3,0.0,62.3,1502.0,11.05,0,0,0,0.0,0,F1,350,,,,,
2026-02-18,2026-02-18,FO,NSE,STO,152134,,POLICYBZR,,2026-04-28,2026-04-28,1840.0,CE,POLICYBZR26APR1840CE,0.0,0.0,0.0,82.0,0.0,82.0,1502.0,18.2,0,0,0,0.0,0,F1,350,,,,,
2026-02-18,2026-02-18,FO,NSE,STO,152126,,POLICYBZR,,2026-04-28,2026-04-28,1680.0,CE,POLICYBZR26APR1680CE,0.0,0.0,0.0,137.5,0.0,137.5,1502.0,45.65,0,0,0,0.0,0,F1,350,,,,,
2026-02-18,2026-02-18,FO,NSE,STO,155746,,POLICYBZR,,2026-03-30,2026-03-30,1800.0,CE,POLICYBZR26MAR1800CE,0.0,0.0,0.0,14.65,14.65,14.65,1502.0,8.75,2450,0,0,0.0,0,F1,350,,,,,
2026-02-18,2026-02-18,FO,NSE,STO,152143,,POLICYBZR,,2026-04-28,2026-04-28,2000.0,PE,POLICYBZR26APR2000PE,0.0,0.0,0.0,386.35,0.0,386.35,1502.0,483.85,0,0,0,0.0,0,F1,350,,,,,
2026-02-18,2026-02-18,FO,NSE,STO,155741,,POLICYBZR,,2026-03-30,2026-03-30,1680.0,PE,POLICYBZR26MAR1680PE,0.0,0.0,0.0,79.95,0.0,79.95,1502.0,191.9,0,0,0,0.0,0,F1,350,,,,,
2026-02-18,2026-02-18,FO,NSE,STF,59452,,POLICYBZR,,2026-02-24,2026-02-24,,,POLICYBZR26FEBFUT,1494.5,1521.6,1489.7,1505.4,1504.0,1494.0,1502.0,1505.4,9646000,-135100,2762,1456440300.0,2316,F1,350,,,,,
2026-02-18,2026-02-18,FO,NSE,STO,128039,,POLICYBZR,,2026-02-24,2026-02-24,1280.0,CE,POLICYBZR26FEB1280CE,0.0,0.0,0.0,204.1,204.1,204.1,1502.0,223.15,3150,0,0,0.0,0,F1,350,,,,,
2026-02-18,2026-02-18,FO,NSE,STO,155664,,POLICYBZR,,2026-02-24,2026-02-24,1700.0,CE,POLICYBZR26FEB1700CE,1.9,1.9,1.0,1.15,1.1,1.9,1502.0,1.15,423150,-79800,684,407308440.0,378,F1,350,,,,,
2026-02-18,2026-02-18,FO,NSE,STO,155672,,POLICYBZR,,2026-02-24,2026-02-24,1860.0,CE,POLICYBZR26FEB1860CE,0.4,0.4,0.05,0.1,0.05,0.3,1502.0,0.1,24850,350,70,45572310.0,32,F1,350,,,,,
2026-02-18,2026-02-18,FO,NSE,STO,155674,,POLICYBZR,,2026-02-24,2026-02-24,1900.0,CE,POLICYBZR26FEB1900CE,0.1,0.15,0.05,0.1,0.1,0.2,1502.0,0.1,55650,-10150,50,33251767.5,26,F1,350,,,,,
2026-02-18,2026-02-18,FO,NSE,STO,151994,,POLICYBZR,,2026-03-30,2026-03-30,1700.0,CE,POLICYBZR26MAR1700CE,19.9,20.65,17.5,19.5,19.5,28.55,1502.0,19.5,14350,10150,54,32492110.0,54,F1,350,,,,,
2026-02-18,2026-02-18,FO,NSE,STO,155740,,POLICYBZR,,2026-03-30,2026-03-30,1680.0,CE,POLICYBZR26MAR1680CE,34.45,34.45,20.6,20.6,20.6,33.0,1502.0,24.0,5600,3500,11,6560400.0,10,F1,350,,,,,
2026-02-18,2026-02-18,FO,NSE,STO,155666,,POLICYBZR,,2026-02-24,2026-02-24,1740.0,CE,POLICYBZR26FEB1740CE,0.9,1.05,0.6,0.75,0.75,1.2,1502.0,0.05,28350,-3150,36,21934290.0,23,F1,350,,,,,
2026-02-18,2026-02-18,FO,NSE,STO,151997,,POLICYBZR,,2026-03-30,2026-03-30,1740.0,PE,POLICYBZR26MAR1740PE,0.0,0.0,0.0,177.25,0.0,177.25,1502.0,242.25,0,0,0,0.0,0,F1,350,,,,,
2026-02-18,2026-02-18,FO,NSE,STO,151983,,POLICYBZR,,2026-03-30,2026-03-30,1460.0,PE,POLICYBZR26MAR1460PE,0.0,0.0,0.0,60.05,60.05,60.05,1502.0,53.7,4900,0,0,0.0,0,F1,350,,,,,
2026-02-18,2026-02-18,FO,NSE,STO,151979,,POLICYBZR,,2026-03-30,2026-03-30,1380.0,PE,POLICYBZR26MAR1380PE,0.0,0.0,0.0,47.75,47.75,47.75,1502.0,26.65,2450,0,0,0.0,0,F1,350,,,,,
2026-02-18,2026-02-18,FO,NSE,STO,155717,,POLICYBZR,,2026-03-30,2026-03-30,1200.0,PE,POLICYBZR26MAR1200PE,0.0,0.0,0.0,3.3,0.0,3.3,1502.0,2.65,0,0,0,0.0,0,F1,350,,,,,
2026-02-18,2026-02-18,FO,NSE,STO,152112,,POLICYBZR,,2026-04-28,2026-04-28,1520.0,CE,POLICYBZR26APR1520CE,0.0,0.0,0.0,218.5,0.0,218.5,1502.0,101.0,0,0,0,0.0,0,F1,350,,,,,
2026-02-18,2026-02-18,FO,NSE,STO,152110,,POLICYBZR,,2026-04-28,2026-04-28,1480.0,CE,POLICYBZR26APR1480CE,0.0,0.0,0.0,243.1,0.0,243.1,1502.0,120.5,0,0,0,0.0,0,F1,350,,,,,
2026-02-18,2026-02-18,FO,NSE,STO,152100,,POLICYBZR,,2026-04-28,2026-04-28,1360.0,CE,POLICYBZR26APR1360CE,0.0,0.0,0.0,327.1,0.0,327.1,1502.0,194.05,0,0,0,0.0,0,F1,350,,,,,
2026-02-18,2026-02-18,FO,NSE,STO,152092,,POLICYBZR,,2026-04-28,2026-04-28,1240.0,CE,POLICYBZR26APR1240CE,0.0,0.0,0.0,424.65,0.0,424.65,1502.0,288.15,0,0,0,0.0,0,F1,350,,,,,
2026-02-18,2026-02-18,FO,NSE,STO,151998,,POLICYBZR,,2026-03-30,2026-03-30,1780.0,CE,POLICYBZR26MAR1780CE,0.0,0.0,0.0,18.75,18.75,18.75,1502.0,10.45,1750,0,0,0.0,0,F1,350,,,,,
2026-02-18,2026-02-18,FO,NSE,STO,151996,,POLICYBZR,,2026-03-30,2026-03-30,1740.0,CE,POLICYBZR26MAR1740CE,0.0,0.0,0.0,25.55,25.55,25.55,1502.0,14.7,1400,0,0,0.0,0,F1,350,,,,,
2026-02-18,2026-02-18,FO,NSE,STO,155646,,POLICYBZR,,2026-02-24,2026-02-24,1340.0,CE,POLICYBZR26FEB1340CE,0.0,0.0,0.0,153.4,153.4,153.4,1502.0,163.5,350,0,0,0.0,0,F1,350,,,,,
2026-02-18,2026-02-18,FO,NSE,STO,155644,,POLICYBZR,,2026-02-24,2026-02-24,1300.0,CE,POLICYBZR26FEB1300CE,0.0,0.0,0.0,213.55,214.05,213.55,1502.0,203.2,4550,0,0,0.0,0,F1,350,,,,,
2026-02-18,2026-02-18,FO,NSE,STO,152131,,POLICYBZR,,2026-04-28,2026-04-28,1760.0,PE,POLICYBZR26APR1760PE,0.0,0.0,0.0,210.1,0.0,210.1,1502.0,269.05,0,0,0,0.0,0,F1,350,,,,,
2026-02-18,2026-02-18,FO,NSE,STO,152093,,POLICYBZR,,2026-04-28,2026-04-28,1240.0,PE,POLICYBZR26APR1240PE,0.0,0.0,0.0,15.85,0.0,15.85,1502.0,13.35,0,0,0,0.0,0,F1,350,,,,,
2026-02-18,2026-02-18,FO,NSE,STO,151999,,POLICYBZR,,2026-03-30,2026-03-30,1780.0,PE,POLICYBZR26MAR1780PE,0.0,0.0,0.0,204.3,204.3,204.3,1502.0,277.75,350,0,0,0.0,0,F1,350,,,,,
2026-02-18,2026-02-18,FO,NSE,STO,151995,,POLICYBZR,,2026-03-30,2026-03-30,1700.0,PE,POLICYBZR26MAR1700PE,209.0,209.0,201.0,201.0,201.0,148.3,1502.0,208.25,700,350,2,1333500.0,2,F1,350,,,,,
2026-02-18,2026-02-18,FO,NSE,STO,155733,,POLICYBZR,,2026-03-30,2026-03-30,1520.0,PE,POLICYBZR26MAR1520PE,74.6,78.0,74.6,77.55,77.55,59.75,1502.0,77.55,7350,3850,13,7259437.5,5,F1,350,,,,,
2026-02-18,2026-02-18,FO,NSE,STO,128097,,POLICYBZR,,2026-02-24,2026-02-24,1800.0,PE,POLICYBZR26FEB1800PE,291.0,291.0,291.0,291.0,291.0,248.75,1502.0,296.4,40600,-350,1,731850.0,1,F1,350,,,,,
2026-02-18,2026-02-18,FO,NSE,STO,155659,,POLICYBZR,,2026-02-24,2026-02-24,1580.0,PE,POLICYBZR26FEB1580PE,82.75,83.35,75.75,80.6,80.55,86.7,1502.0,80.6,69650,-1400,14,8137675.0,14,F1,350,,,,,
2026-02-18,2026-02-18,FO,NSE,STO,128057,,POLICYBZR,,2026-02-24,2026-02-24,1520.0,PE,POLICYBZR26FEB1520PE,39.9,44.3,30.5,33.5,32.1,48.2,1502.0,33.5,95900,11200,148,80534422.5,129,F1,350,,,,,
2026-02-18,2026-02-18,FO,NSE,STO,155655,,POLICYBZR,,2026-02-24,2026-02-24,1500.0,PE,POLICYBZR26FEB1500PE,37.4,37.4,20.95,23.4,23.45,36.25,1502.0,23.4,238000,52850,925,494186945.0,736,F1,350,,,,,
2026-02-18,2026-02-18,FO,NSE,STO,128042,,POLICYBZR,,2026-02-24,2026-02-24,1320.0,PE,POLICYBZR26FEB1320PE,1.5,1.5,0.55,0.7,0.85,2.05,1502.0,0.7,64400,-4550,32,14793345.0,23,F1,350,,,,,
2026-02-18,2026-02-18,FO,NSE,STO,155645,,POLICYBZR,,2026-02-24,2026-02-24,1300.0,PE,POLICYBZR26FEB1300PE,1.6,1.6,0.55,0.6,0.6,1.6,1502.0,0.6,32200,-6650,65,29594267.5,50,F1,350,,,,,
2026-02-18,2026-02-18,FO,NSE,STO,128040,,POLICYBZR,,2026-02-24,2026-02-24,1280.0,PE,POLICYBZR26FEB1280PE,0.5,0.55,0.4,0.45,0.45,1.1,1502.0,0.45,95200,-1050,11,4929890.0,7,F1,350,,,,,
2026-02-18,2026-02-18,FO,NSE,STO,155643,,POLICYBZR,,2026-02-24,2026-02-24,1260.0,PE,POLICYBZR26FEB1260PE,0.6,0.9,0.25,0.45,0.45,0.8,1502.0,0.45,16800,-4550,30,13236125.0,28,F1,350,,,,,
2026-02-18,2026-02-18,FO,NSE,STO,128038,,POLICYBZR,,2026-02-24,2026-02-24,1240.0,PE,POLICYBZR26FEB1240PE,0.8,0.8,0.4,0.5,0.5,0.8,1502.0,0.05,13650,-2450,13,5644467.5,10,F1,350,,,,,
2026-02-18,2026-02-18,FO,NSE,STO,155726,,POLICYBZR,,2026-03-30,2026-03-30,1400.0,CE,POLICYBZR26MAR1400CE,0.0,0.0,0.0,116.0,116.0,116.0,1502.0,142.65,350,0,0,0.0,0,F1,350,,,,,
2026-02-18,2026-02-18,FO,NSE,STO,151972,,POLICYBZR,,2026-03-30,2026-03-30,1260.0,CE,POLICYBZR26MAR1260CE,0.0,0.0,0.0,392.45,0.0,392.45,1502.0,256.1,0,0,0,0.0,0,F1,350,,,,,
2026-02-18,2026-02-18,FO,NSE,STO,128123,,POLICYBZR,,2026-02-24,2026-02-24,2080.0,CE,POLICYBZR26FEB2080CE,0.0,0.0,0.0,0.15,0.15,0.15,1502.0,0.05,2100,0,0,0.0,0,F1,350,,,,,
2026-02-18,2026-02-18,FO,NSE,STO,155670,,POLICYBZR,,2026-02-24,2026-02-24,1820.0,CE,POLICYBZR26FEB1820CE,0.4,0.55,0.35,0.35,0.35,0.35,1502.0,0.05,13300,-1750,29,18477952.5,14,F1,350,,,,,
2026-02-18,2026-02-18,FO,NSE,STO,128056,,POLICYBZR,,2026-02-24,2026-02-24,1520.0,CE,POLICYBZR26FEB1520CE,21.45,32.2,19.05,19.8,19.35,22.65,1502.0,19.8,226100,19950,1075,580913952.5,938,F1,350,,,,,
2026-02-18,2026-02-18,FO,NSE,STO,155642,,POLICYBZR,,2026-02-24,2026-02-24,1260.0,CE,POLICYBZR26FEB1260CE,0.0,0.0,0.0,612.0,0.0,612.0,1502.0,243.15,0,0,0,0.0,0,F1,350,,,,,
2026-02-18,2026-02-18,FO,NSE,STO,128037,,POLICYBZR,,2026-02-24,2026-02-24,1240.0,CE,POLICYBZR26FEB1240CE,0.0,0.0,0.0,553.55,0.0,553.55,1502.0,263.1,0,0,0,0.0,0,F1,350,,,,,
2026-02-18,2026-02-18,FO,NSE,STO,151981,,POLICYBZR,,2026-03-30,2026-03-30,1420.0,PE,POLICYBZR26MAR1420PE,0.0,0.0,0.0,32.0,32.0,32.0,1502.0,38.6,3850,0,0,0.0,0,F1,350,,,,,
2026-02-18,2026-02-18,FO,NSE,STO,155737,,POLICYBZR,,2026-03-30,2026-03-30,1600.0,PE,POLICYBZR26MAR1600PE,123.0,125.0,123.0,125.0,125.0,143.0,1502.0,125.0,11900,700,4,2412900.0,4,F1,350,,,,,
2026-02-18,2026-02-18,FO,NSE,STO,155749,,POLICYBZR,,2026-03-30,2026-03-30,1840.0,PE,POLICYBZR26MAR1840PE,0.0,0.0,0.0,324.75,324.75,324.75,1502.0,333.0,7350,0,0,0.0,0,F1,350,,,,,
2026-02-18,2026-02-18,FO,NSE,STO,151976,,POLICYBZR,,2026-03-30,2026-03-30,1340.0,CE,POLICYBZR26MAR1340CE,0.0,0.0,0.0,323.1,0.0,323.1,1502.0,187.6,0,0,0,0.0,0,F1,350,,,,,
2026-02-18,2026-02-18,FO,NSE,STO,155752,,POLICYBZR,,2026-03-30,2026-03-30,1920.0,CE,POLICYBZR26MAR1920CE,0.0,0.0,0.0,6.05,6.05,6.05,1502.0,2.8,4550,0,0,0.0,0,F1,350,,,,,
2026-02-18,2026-02-18,FO,NSE,STO,152090,,POLICYBZR,,2026-04-28,2026-04-28,1200.0,CE,POLICYBZR26APR1200CE,0.0,0.0,0.0,459.65,0.0,459.65,1502.0,323.15,0,0,0,0.0,0,F1,350,,,,,
2026-02-18,2026-02-18,FO,NSE,STO,152128,,POLICYBZR,,2026-04-28,2026-04-28,1720.0,CE,POLICYBZR26APR1720CE,0.0,0.0,0.0,121.4,0.0,121.4,1502.0,36.7,0,0,0,0.0,0,F1,350,,,,,
2026-02-18,2026-02-18,FO,NSE,STO,152142,,POLICYBZR,,2026-04-28,2026-04-28,2000.0,CE,POLICYBZR26APR2000CE,0.0,0.0,0.0,46.75,0.0,46.75,1502.0,6.5,0,0,0,0.0,0,F1,350,,,,,
2026-02-18,2026-02-18,FO,NSE,STO,152127,,POLICYBZR,,2026-04-28,2026-04-28,1680.0,PE,POLICYBZR26APR1680PE,0.0,0.0,0.0,162.0,0.0,162.0,1502.0,206.3,0,0,0,0.0,0,F1,350,,,,,
2026-02-18,2026-02-18,FO,NSE,STO,128048,,POLICYBZR,,2026-02-24,2026-02-24,1440.0,PE,POLICYBZR26FEB1440PE,8.35,10.0,5.25,5.7,5.65,13.4,1502.0,5.7,151900,-3150,187,94707112.5,136,F1,350,,,,,
2026-02-18,2026-02-18,FO,NSE,STO,152101,,POLICYBZR,,2026-04-28,2026-04-28,1360.0,PE,POLICYBZR26APR1360PE,0.0,0.0,0.0,36.45,0.0,36.45,1502.0,38.0,0,0,0,0.0,0,F1,350,,,,,
2026-02-18,2026-02-18,FO,NSE,STO,128106,,POLICYBZR,,2026-02-24,2026-02-24,2000.0,CE,POLICYBZR26FEB2000CE,0.0,0.0,0.0,0.2,0.2,0.2,1502.0,0.05,11200,0,0,0.0,0,F1,350,,,,,
2026-02-18,2026-02-18,FO,NSE,STO,152106,,POLICYBZR,,2026-04-28,2026-04-28,1400.0,CE,POLICYBZR26APR1400CE,0.0,0.0,0.0,297.55,0.0,297.55,1502.0,167.1,0,0,0,0.0,0,F1,350,,,,,
2026-02-18,2026-02-18,FO,NSE,STO,155673,,POLICYBZR,,2026-02-24,2026-02-24,1860.0,PE,POLICYBZR26FEB1860PE,0.0,0.0,0.0,126.85,0.0,126.85,1502.0,356.3,0,0,0,0.0,0,F1,350,,,,,
2026-02-18,2026-02-18,FO,NSE,STO,128101,,POLICYBZR,,2026-02-24,2026-02-24,1880.0,PE,POLICYBZR26FEB1880PE,378.0,378.0,378.0,378.0,378.0,368.85,1502.0,376.3,0,-350,1,790300.0,1,F1,350,,,,,
2026-02-18,2026-02-18,FO,NSE,STO,155729,,POLICYBZR,,2026-03-30,2026-03-30,1440.0,PE,POLICYBZR26MAR1440PE,0.0,0.0,0.0,37.95,37.95,37.95,1502.0,45.75,700,0,0,0.0,0,F1,350,,,,,
2026-02-18,2026-02-18,FO,NSE,STO,155660,,POLICYBZR,,2026-02-24,2026-02-24,1620.0,CE,POLICYBZR26FEB1620CE,3.8,5.3,2.4,2.55,2.45,4.45,1502.0,2.55,282800,-2800,373,211941555.0,296,F1,350,,,,,
2026-02-18,2026-02-18,FO,NSE,STO,128080,,POLICYBZR,,2026-02-24,2026-02-24,1640.0,CE,POLICYBZR26FEB1640CE,2.5,3.6,1.7,1.9,1.75,3.2,1502.0,1.9,180250,-44800,525,301773255.0,414,F1,350,,,,,
2026-02-18,2026-02-18,FO,NSE,STO,128096,,POLICYBZR,,2026-02-24,2026-02-24,1800.0,CE,POLICYBZR26FEB1800CE,0.85,0.85,0.45,0.5,0.45,0.85,1502.0,0.5,233100,-24150,154,97053285.0,119,F1,350,,,,,
2026-02-18,2026-02-18,FO,NSE,STO,128104,,POLICYBZR,,2026-02-24,2026-02-24,1960.0,CE,POLICYBZR26FEB1960CE,0.1,0.1,0.1,0.1,0.1,0.1,1502.0,0.05,5600,-350,1,686035.0,1,F1,350,,,,,
2026-02-18,2026-02-18,FO,NSE,STO,41944,,POLICYBZR,,2026-03-30,2026-03-30,1160.0,CE,POLICYBZR26MAR1160CE,0.0,0.0,0.0,630.9,0.0,630.9,1502.0,350.3,0,0,0,0.0,0,F1,350,,,,,
2026-02-18,2026-02-18,FO,NSE,STO,155718,,POLICYBZR,,2026-03-30,2026-03-30,1240.0,CE,POLICYBZR26MAR1240CE,0.0,0.0,0.0,642.1,0.0,642.1,1502.0,274.35,0,0,0,0.0,0,F1,350,,,,,
2026-02-18,2026-02-18,FO,NSE,STO,151986,,POLICYBZR,,2026-03-30,2026-03-30,1540.0,CE,POLICYBZR26MAR1540CE,65.65,67.0,60.5,64.4,64.4,59.05,1502.0,64.4,11550,4550,44,24697137.5,33,F1,350,,,,,
2026-02-18,2026-02-18,FO,NSE,STO,151988,,POLICYBZR,,2026-03-30,2026-03-30,1580.0,CE,POLICYBZR26MAR1580CE,0.0,0.0,0.0,64.0,64.0,64.0,1502.0,49.9,700,0,0,0.0,0,F1,350,,,,,
2026-02-18,2026-02-18,FO,NSE,STO,151990,,POLICYBZR,,2026-03-30,2026-03-30,1620.0,CE,POLICYBZR26MAR1620CE,0.0,0.0,0.0,52.7,52.7,52.7,1502.0,37.7,1050,0,0,0.0,0,F1,350,,,,,
2026-02-18,2026-02-18,FO,NSE,STO,151991,,POLICYBZR,,2026-03-30,2026-03-30,1620.0,PE,POLICYBZR26MAR1620PE,0.0,0.0,0.0,108.6,0.0,108.6,1502.0,145.95,0,0,0,0.0,0,F1,350,,,,,
2026-02-18,2026-02-18,FO,NSE,STO,155745,,POLICYBZR,,2026-03-30,2026-03-30,1760.0,PE,POLICYBZR26MAR1760PE,0.0,0.0,0.0,110.55,0.0,110.55,1502.0,259.85,0,0,0,0.0,0,F1,350,,,,,
2026-02-18,2026-02-18,FO,NSE,STO,152001,,POLICYBZR,,2026-03-30,2026-03-30,1820.0,PE,POLICYBZR26MAR1820PE,0.0,0.0,0.0,232.1,0.0,232.1,1502.0,314.35,0,0,0,0.0,0,F1,350,,,,,
2026-02-18,2026-02-18,FO,NSE,STO,152087,,POLICYBZR,,2026-04-28,2026-04-28,1120.0,PE,POLICYBZR26APR1120PE,0.0,0.0,0.0,5.5,0.0,5.5,1502.0,3.25,0,0,0,0.0,0,F1,350,,,,,
2026-02-18,2026-02-18,FO,NSE,STO,152095,,POLICYBZR,,2026-04-28,2026-04-28,1280.0,PE,POLICYBZR26APR1280PE,0.0,0.0,0.0,21.4,0.0,21.4,1502.0,19.6,0,0,0,0.0,0,F1,350,,,,,
2026-02-18,2026-02-18,FO,NSE,STO,152109,,POLICYBZR,,2026-04-28,2026-04-28,1440.0,PE,POLICYBZR26APR1440PE,0.0,0.0,0.0,57.65,0.0,57.65,1502.0,65.65,0,0,0,0.0,0,F1,350,,,,,
2026-02-18,2026-02-18,FO,NSE,STO,152113,,POLICYBZR,,2026-04-28,2026-04-28,1520.0,PE,POLICYBZR26APR1520PE,0.0,0.0,0.0,85.45,0.0,85.45,1502.0,103.25,0,0,0,0.0,0,F1,350,,,,,
2026-02-18,2026-02-18,FO,NSE,STO,152121,,POLICYBZR,,2026-04-28,2026-04-28,1560.0,PE,POLICYBZR26APR1560PE,0.0,0.0,0.0,102.0,0.0,102.0,1502.0,125.75,0,0,0,0.0,0,F1,350,,,,,
2026-02-18,2026-02-18,FO,NSE,STO,152133,,POLICYBZR,,2026-04-28,2026-04-28,1800.0,PE,POLICYBZR26APR1800PE,0.0,0.0,0.0,236.4,0.0,236.4,1502.0,302.55,0,0,0,0.0,0,F1,350,,,,,
2026-02-18,2026-02-18,FO,NSE,STO,151992,,POLICYBZR,,2026-03-30,2026-03-30,1660.0,CE,POLICYBZR26MAR1660CE,0.0,0.0,0.0,81.65,81.65,81.65,1502.0,28.0,700,0,0,0.0,0,F1,350,,,,,
2026-02-18,2026-02-18,FO,NSE,STO,152086,,POLICYBZR,,2026-04-28,2026-04-28,1120.0,CE,POLICYBZR26APR1120CE,0.0,0.0,0.0,532.45,0.0,532.45,1502.0,396.85,0,0,0,0.0,0,F1,350,,,,,
2026-02-18,2026-02-18,FO,NSE,STO,128035,,POLICYBZR,,2026-02-24,2026-02-24,1200.0,CE,POLICYBZR26FEB1200CE,0.0,0.0,0.0,590.35,0.0,590.35,1502.0,303.1,0,0,0,0.0,0,F1,350,,,,,
2026-02-18,2026-02-18,FO,NSE,STO,128045,,POLICYBZR,,2026-02-24,2026-02-24,1400.0,CE,POLICYBZR26FEB1400CE,110.35,115.35,105.45,108.65,107.15,102.1,1502.0,108.65,32900,-1050,18,9510077.5,18,F1,350,,,,,
2026-02-18,2026-02-18,FO,NSE,STO,155716,,POLICYBZR,,2026-03-30,2026-03-30,1200.0,CE,POLICYBZR26MAR1200CE,0.0,0.0,0.0,680.0,0.0,680.0,1502.0,311.85,0,0,0,0.0,0,F1,350,,,,,
2026-02-18,2026-02-18,FO,NSE,STO,155753,,POLICYBZR,,2026-03-30,2026-03-30,1920.0,PE,POLICYBZR26MAR1920PE,0.0,0.0,0.0,480.0,480.0,480.0,1502.0,409.25,2100,0,0,0.0,0,F1,350,,,,,
2026-02-18,2026-02-18,FO,NSE,STF,66985,,POLICYBZR,,2026-04-28,2026-04-28,,,POLICYBZR26APRFUT,1531.0,1531.0,1515.0,1527.7,1527.7,1511.0,1502.0,1517.7,30450,-700,8,4262300.0,8,F1,350,,,,,
2026-02-18,2026-02-18,FO,NSE,STO,48131,,POLICYBZR,,2026-02-24,2026-02-24,1160.0,PE,POLICYBZR26FEB1160PE,0.2,0.25,0.2,0.2,0.2,0.3,1502.0,0.05,34300,-3850,12,4872875.0,9,F1,350,,,,,
2026-02-18,2026-02-18,FO,NSE,STO,152122,,POLICYBZR,,2026-04-28,2026-04-28,1600.0,CE,POLICYBZR26APR1600CE,0.0,0.0,0.0,174.6,0.0,174.6,1502.0,69.05,0,0,0,0.0,0,F1,350,,,,,
2026-02-18,2026-02-18,FO,NSE,STO,155748,,POLICYBZR,,2026-03-30,2026-03-30,1840.0,CE,POLICYBZR26MAR1840CE,0.0,0.0,0.0,10.65,10.65,10.65,1502.0,6.05,700,0,0,0.0,0,F1,350,,,,,
2026-02-18,2026-02-18,FO,NSE,STO,128041,,POLICYBZR,,2026-02-24,2026-02-24,1320.0,CE,POLICYBZR26FEB1320CE,0.0,0.0,0.0,169.45,169.45,169.45,1502.0,183.3,1750,0,0,0.0,0,F1,350,,,,,
2026-02-18,2026-02-18,FO,NSE,STO,155732,,POLICYBZR,,2026-03-30,2026-03-30,1520.0,CE,POLICYBZR26MAR1520CE,72.0,75.3,72.0,75.0,75.0,69.5,1502.0,73.6,2100,1050,6,3348415.0,6,F1,350,,,,,
2026-02-18,2026-02-18,FO,NSE,STO,152000,,POLICYBZR,,2026-03-30,2026-03-30,1820.0,CE,POLICYBZR26MAR1820CE,8.75,9.35,7.15,8.2,8.2,9.15,1502.0,8.2,11200,5250,33,21114607.5,31,F1,350,,,,,
2026-02-18,2026-02-18,FO,NSE,STO,152096,,POLICYBZR,,2026-04-28,2026-04-28,1320.0,CE,POLICYBZR26APR1320CE,0.0,0.0,0.0,358.25,0.0,358.25,1502.0,223.35,0,0,0,0.0,0,F1,350,,,,,
2026-02-18,2026-02-18,FO,NSE,STO,152132,,POLICYBZR,,2026-04-28,2026-04-28,1800.0,CE,POLICYBZR26APR1800CE,0.0,0.0,0.0,93.75,0.0,93.75,1502.0,23.15,0,0,0,0.0,0,F1,350,,,,,
2026-02-18,2026-02-18,FO,NSE,STO,151989,,POLICYBZR,,2026-03-30,2026-03-30,1580.0,PE,POLICYBZR26MAR1580PE,0.0,0.0,0.0,89.75,0.0,89.75,1502.0,118.4,0,0,0,0.0,0,F1,350,,,,,
2026-02-18,2026-02-18,FO,NSE,STO,152135,,POLICYBZR,,2026-04-28,2026-04-28,1840.0,PE,POLICYBZR26APR1840PE,0.0,0.0,0.0,264.0,0.0,264.0,1502.0,337.15,0,0,0,0.0,0,F1,350,,,,,
2026-02-18,2026-02-18,FO,NSE,STO,152139,,POLICYBZR,,2026-04-28,2026-04-28,1920.0,PE,POLICYBZR26APR1920PE,0.0,0.0,0.0,323.1,0.0,323.1,1502.0,409.15,0,0,0,0.0,0,F1,350,,,,,
2026-02-18,2026-02-18,FO,NSE,STO,128092,,POLICYBZR,,2026-02-24,2026-02-24,1720.0,CE,POLICYBZR26FEB1720CE,2.0,2.0,0.9,0.95,0.95,1.55,1502.0,0.95,41300,2450,39,23492700.0,21,F1,350,,,,,
2026-02-18,2026-02-18,FO,NSE,STO,155650,,POLICYBZR,,2026-02-24,2026-02-24,1420.0,CE,POLICYBZR26FEB1420CE,93.0,96.55,87.2,89.2,88.3,82.3,1502.0,89.2,48300,-1050,29,15351035.0,29,F1,350,,,,,
2026-02-18,2026-02-18,FO,NSE,STO,155652,,POLICYBZR,,2026-02-24,2026-02-24,1460.0,CE,POLICYBZR26FEB1460CE,60.15,61.65,53.15,54.25,54.85,52.45,1502.0,54.25,58100,-700,32,16992780.0,32,F1,350,,,,,
2026-02-18,2026-02-18,FO,NSE,STO,128050,,POLICYBZR,,2026-02-24,2026-02-24,1480.0,PE,POLICYBZR26FEB1480PE,27.0,27.35,13.55,15.1,14.95,26.75,1502.0,15.1,224000,16450,358,187701675.0,332,F1,350,,,,,
2026-02-18,2026-02-18,FO,NSE,STO,155649,,POLICYBZR,,2026-02-24,2026-02-24,1380.0,PE,POLICYBZR26FEB1380PE,3.75,3.75,1.6,1.8,1.6,4.75,1502.0,1.8,38150,1400,161,77904015.0,158,F1,350,,,,,
2026-02-18,2026-02-18,FO,NSE,STO,128036,,POLICYBZR,,2026-02-24,2026-02-24,1200.0,PE,POLICYBZR26FEB1200PE,0.0,0.0,0.0,0.55,0.55,0.55,1502.0,0.05,21700,0,0,0.0,0,F1,350,,,,,
2026-02-18,2026-02-18,FO,NSE,STO,152108,,POLICYBZR,,2026-04-28,2026-04-28,1440.0,CE,POLICYBZR26APR1440CE,0.0,0.0,0.0,269.5,0.0,269.5,1502.0,142.55,0,0,0,0.0,0,F1,350,,,,,
2026-02-18,2026-02-18,FO,NSE,STF,52011,,POLICYBZR,,2026-03-30,2026-03-30,,,POLICYBZR26MARFUT,1500.5,1530.9,1500.0,1513.2,1513.9,1502.7,1502.0,1513.2,897400,282800,1477,783445600.0,1248,F1,350,,,,,
2026-02-18,2026-02-18,FO,NSE,STO,128060,,POLICYBZR,,2026-02-24,2026-02-24,1560.0,CE,POLICYBZR26FEB1560CE,11.0,16.0,8.0,8.55,8.6,11.65,1502.0,8.55,264950,3500,834,458555072.5,702,F1,350,,,,,
2026-02-18,2026-02-18,FO,NSE,STO,155658,,POLICYBZR,,2026-02-24,2026-02-24,1580.0,CE,POLICYBZR26FEB1580CE,7.65,11.1,5.5,5.85,5.7,8.35,1502.0,5.85,239050,12950,749,416171630.0,678,F1,350,,,,,
2026-02-18,2026-02-18,FO,NSE,STO,155668,,POLICYBZR,,2026-02-24,2026-02-24,1780.0,CE,POLICYBZR26FEB1780CE,0.8,0.8,0.5,0.5,0.5,1.2,1502.0,0.05,11900,1050,6,3739540.0,4,F1,350,,,,,
2026-02-18,2026-02-18,FO,NSE,STO,128100,,POLICYBZR,,2026-02-24,2026-02-24,1880.0,CE,POLICYBZR26FEB1880CE,0.2,0.2,0.2,0.2,0.2,0.2,1502.0,0.05,7350,-350,1,658070.0,1,F1,350,,,,,
2026-02-18,2026-02-18,FO,NSE,STO,155751,,POLICYBZR,,2026-03-30,2026-03-30,1880.0,PE,POLICYBZR26MAR1880PE,370.0,370.0,370.0,370.0,370.0,368.75,1502.0,370.85,1050,0,1,787500.0,1,F1,350,,,,,
2026-02-18,2026-02-18,FO,NSE,STO,155747,,POLICYBZR,,2026-03-30,2026-03-30,1800.0,PE,POLICYBZR26MAR1800PE,0.0,0.0,0.0,128.1,0.0,128.1,1502.0,295.9,0,0,0,0.0,0,F1,350,,,,,
2026-02-18,2026-02-18,FO,NSE,STO,155739,,POLICYBZR,,2026-03-30,2026-03-30,1640.0,PE,POLICYBZR26MAR1640PE,0.0,0.0,0.0,67.0,0.0,67.0,1502.0,160.7,0,0,0,0.0,0,F1,350,,,,,
2026-02-18,2026-02-18,FO,NSE,STO,155651,,POLICYBZR,,2026-02-24,2026-02-24,1420.0,PE,POLICYBZR26FEB1420PE,9.0,9.5,3.2,3.45,3.3,8.9,1502.0,3.45,272300,-3850,225,112208040.0,204,F1,350,,,,,
2026-02-18,2026-02-18,FO,NSE,STO,128102,,POLICYBZR,,2026-02-24,2026-02-24,1920.0,CE,POLICYBZR26FEB1920CE,0.1,0.1,0.1,0.1,0.1,0.1,1502.0,0.05,17500,-350,25,16800875.0,20,F1,350,,,,,
2026-02-18,2026-02-18,FO,NSE,STO,155720,,POLICYBZR,,2026-03-30,2026-03-30,1280.0,CE,POLICYBZR26MAR1280CE,0.0,0.0,0.0,604.75,0.0,604.75,1502.0,238.25,0,0,0,0.0,0,F1,350,,,,,
2026-02-18,2026-02-18,FO,NSE,STO,151980,,POLICYBZR,,2026-03-30,2026-03-30,1420.0,CE,POLICYBZR26MAR1420CE,0.0,0.0,0.0,188.8,188.8,188.8,1502.0,129.1,2800,0,0,0.0,0,F1,350,,,,,
2026-02-18,2026-02-18,FO,NSE,STO,155727,,POLICYBZR,,2026-03-30,2026-03-30,1400.0,PE,POLICYBZR26MAR1400PE,33.65,34.05,30.0,31.0,30.85,36.8,1502.0,31.0,193550,0,145,72677727.5,112,F1,350,,,,,
2026-02-18,2026-02-18,FO,NSE,STO,155662,,POLICYBZR,,2026-02-24,2026-02-24,1660.0,CE,POLICYBZR26FEB1660CE,2.0,2.25,1.35,1.4,1.4,2.6,1502.0,1.4,109900,-4550,112,65143032.5,94,F1,350,,,,,
2026-02-18,2026-02-18,FO,NSE,STO,155654,,POLICYBZR,,2026-02-24,2026-02-24,1500.0,CE,POLICYBZR26FEB1500CE,30.85,43.45,27.45,29.3,28.7,31.45,1502.0,29.3,275800,-64400,2284,1225700262.5,1630,F1,350,,,,,
2026-02-18,2026-02-18,FO,NSE,STO,152125,,POLICYBZR,,2026-04-28,2026-04-28,1640.0,PE,POLICYBZR26APR1640PE,0.0,0.0,0.0,140.3,0.0,140.3,1502.0,177.4,0,0,0,0.0,0,F1,350,,,,,
2026-02-18,2026-02-18,FO,NSE,STO,151985,,POLICYBZR,,2026-03-30,2026-03-30,1500.0,PE,POLICYBZR26MAR1500PE,65.0,71.25,64.7,67.15,67.45,77.25,1502.0,67.15,26950,14350,104,57034110.0,60,F1,350,,,,,
2026-02-18,2026-02-18,FO,NSE,STO,153319,,PREMIERENE,,2026-03-30,2026-03-30,650.0,PE,PREMIERENE26MAR650PE,5.3,5.3,5.3,5.3,5.3,7.6,763.65,4.6,0,-575,1,376797.5,1,F1,575,,,,,
2026-02-18,2026-02-18,FO,NSE,STO,156551,,PREMIERENE,,2026-03-30,2026-03-30,640.0,PE,PREMIERENE26MAR640PE,0.0,0.0,0.0,15.0,15.0,15.0,763.65,3.55,575,0,0,0.0,0,F1,575,,,,,
2026-02-18,2026-02-18,FO,NSE,STO,156469,,PREMIERENE,,2026-02-24,2026-02-24,820.0,PE,PREMIERENE26FEB820PE,62.25,70.85,56.1,58.9,58.9,62.5,763.65,57.2,37950,0,17,8609820.0,17,F1,575,,,,,
2026-02-18,2026-02-18,FO,NSE,STO,156465,,PREMIERENE,,2026-02-24,2026-02-24,800.0,PE,PREMIERENE26FEB800PE,53.0,53.0,38.1,39.3,39.5,46.0,763.65,39.3,65550,-2300,40,19348635.0,35,F1,575,,,,,
2026-02-18,2026-02-18,FO,NSE,STO,156429,,PREMIERENE,,2026-02-24,2026-02-24,620.0,PE,PREMIERENE26FEB620PE,0.55,0.55,0.55,0.55,0.55,0.55,763.65,0.55,5175,575,1,356816.25,1,F1,575,,,,,
2026-02-18,2026-02-18,FO,NSE,STO,153530,,PREMIERENE,,2026-04-28,2026-04-28,920.0,CE,PREMIERENE26APR920CE,0.0,0.0,0.0,14.15,0.0,14.15,763.65,11.9,0,0,0,0.0,0,F1,575,,,,,
2026-02-18,2026-02-18,FO,NSE,STO,153510,,PREMIERENE,,2026-04-28,2026-04-28,720.0,CE,PREMIERENE26APR720CE,0.0,0.0,0.0,65.5,0.0,65.5,763.65,80.8,0,0,0,0.0,0,F1,575,,,,,
2026-02-18,2026-02-18,FO,NSE,STO,153431,,PREMIERENE,,2026-04-28,2026-04-28,600.0,PE,PREMIERENE26APR600PE,0.0,0.0,0.0,19.25,0.0,19.25,763.65,3.9,0,0,0,0.0,0,F1,575,,,,,
2026-02-18,2026-02-18,FO,NSE,STO,153507,,PREMIERENE,,2026-04-28,2026-04-28,680.0,PE,PREMIERENE26APR680PE,0.0,0.0,0.0,47.1,0.0,47.1,763.65,17.1,0,0,0,0.0,0,F1,575,,,,,
2026-02-18,2026-02-18,FO,NSE,STO,153517,,PREMIERENE,,2026-04-28,2026-04-28,780.0,PE,PREMIERENE26APR780PE,0.0,0.0,0.0,103.3,0.0,103.3,763.65,57.6,0,0,0,0.0,0,F1,575,,,,,
2026-02-18,2026-02-18,FO,NSE,STO,156428,,PREMIERENE,,2026-02-24,2026-02-24,620.0,CE,PREMIERENE26FEB620CE,148.1,148.1,148.1,148.1,148.1,147.35,763.65,144.2,3450,0,3,1324972.5,1,F1,575,,,,,
2026-02-18,2026-02-18,FO,NSE,STO,156464,,PREMIERENE,,2026-02-24,2026-02-24,800.0,CE,PREMIERENE26FEB800CE,6.1,6.9,3.7,5.35,4.65,6.95,763.65,5.35,530150,-56350,1433,663355736.25,1057,F1,575,,,,,
2026-02-18,2026-02-18,FO,NSE,STO,156474,,PREMIERENE,,2026-02-24,2026-02-24,850.0,CE,PREMIERENE26FEB850CE,1.3,1.55,0.95,1.35,1.1,1.8,763.65,1.35,119025,-24150,131,64112730.0,107,F1,575,,,,,
2026-02-18,2026-02-18,FO,NSE,STO,156478,,PREMIERENE,,2026-02-24,2026-02-24,870.0,CE,PREMIERENE26FEB870CE,0.85,0.9,0.55,0.8,0.8,1.1,763.65,0.1,24725,-10350,39,19526798.75,29,F1,575,,,,,
2026-02-18,2026-02-18,FO,NSE,STO,153316,,PREMIERENE,,2026-03-30,2026-03-30,630.0,CE,PREMIERENE26MAR630CE,0.0,0.0,0.0,104.05,0.0,104.05,763.65,140.15,0,0,0,0.0,0,F1,575,,,,,
2026-02-18,2026-02-18,FO,NSE,STO,156570,,PREMIERENE,,2026-03-30,2026-03-30,840.0,CE,PREMIERENE26MAR840CE,0.0,0.0,0.0,17.3,17.0,17.3,763.65,15.85,2300,0,0,0.0,0,F1,575,,,,,
2026-02-18,2026-02-18,FO,NSE,STO,156572,,PREMIERENE,,2026-03-30,2026-03-30,860.0,CE,PREMIERENE26MAR860CE,0.0,0.0,0.0,78.0,0.0,78.0,763.65,11.8,0,0,0,0.0,0,F1,575,,,,,
2026-02-18,2026-02-18,FO,NSE,STO,153402,,PREMIERENE,,2026-03-30,2026-03-30,910.0,CE,PREMIERENE26MAR910CE,0.0,0.0,0.0,21.05,21.05,21.05,763.65,5.3,575,0,0,0.0,0,F1,575,,,,,
2026-02-18,2026-02-18,FO,NSE,STO,153528,,PREMIERENE,,2026-04-28,2026-04-28,900.0,CE,PREMIERENE26APR900CE,0.0,0.0,0.0,16.7,0.0,16.7,763.65,14.9,0,0,0,0.0,0,F1,575,,,,,
2026-02-18,2026-02-18,FO,NSE,STO,156423,,PREMIERENE,,2026-02-24,2026-02-24,590.0,PE,PREMIERENE26FEB590PE,0.0,0.0,0.0,0.75,0.0,0.75,763.65,0.05,0,0,0,0.0,0,F1,575,,,,,
2026-02-18,2026-02-18,FO,NSE,STO,156441,,PREMIERENE,,2026-02-24,2026-02-24,680.0,PE,PREMIERENE26FEB680PE,1.25,1.25,0.65,0.65,0.65,1.25,763.65,0.15,28175,-5175,13,5089670.0,8,F1,575,,,,,
2026-02-18,2026-02-18,FO,NSE,STO,156457,,PREMIERENE,,2026-02-24,2026-02-24,760.0,PE,PREMIERENE26FEB760PE,19.45,23.3,11.0,12.15,12.3,17.9,763.65,12.15,113275,14375,389,173441217.5,347,F1,575,,,,,
2026-02-18,2026-02-18,FO,NSE,STO,156477,,PREMIERENE,,2026-02-24,2026-02-24,860.0,PE,PREMIERENE26FEB860PE,104.0,109.45,92.45,95.65,95.65,95.5,763.65,95.65,18975,-2300,5,2758073.75,5,F1,575,,,,,
2026-02-18,2026-02-18,FO,NSE,STO,156485,,PREMIERENE,,2026-02-24,2026-02-24,900.0,PE,PREMIERENE26FEB900PE,0.0,0.0,0.0,190.75,189.65,190.75,763.65,135.55,575,0,0,0.0,0,F1,575,,,,,
2026-02-18,2026-02-18,FO,NSE,STO,156575,,PREMIERENE,,2026-03-30,2026-03-30,880.0,PE,PREMIERENE26MAR880PE,0.0,0.0,0.0,84.15,0.0,84.15,763.65,119.7,0,0,0,0.0,0,F1,575,,,,,
2026-02-18,2026-02-18,FO,NSE,STO,156482,,PREMIERENE,,2026-02-24,2026-02-24,890.0,CE,PREMIERENE26FEB890CE,0.2,0.6,0.2,0.55,0.5,1.25,763.65,0.55,39675,-4600,19,9728683.75,17,F1,575,,,,,
2026-02-18,2026-02-18,FO,NSE,STO,156490,,PREMIERENE,,2026-02-24,2026-02-24,930.0,CE,PREMIERENE26FEB930CE,0.7,0.7,0.7,0.7,0.7,1.95,763.65,0.7,7475,0,1,535152.5,1,F1,575,,,,,
2026-02-18,2026-02-18,FO,NSE,STO,153394,,PREMIERENE,,2026-03-30,2026-03-30,830.0,CE,PREMIERENE26MAR830CE,16.0,16.0,16.0,16.0,16.0,20.0,763.65,18.3,2875,575,1,486450.0,1,F1,575,,,,,
2026-02-18,2026-02-18,FO,NSE,STO,156576,,PREMIERENE,,2026-03-30,2026-03-30,900.0,CE,PREMIERENE26MAR900CE,10.85,10.85,6.5,7.75,7.75,15.0,763.65,6.25,13800,4025,13,6783965.0,9,F1,575,,,,,
2026-02-18,2026-02-18,FO,NSE,STO,153325,,PREMIERENE,,2026-03-30,2026-03-30,710.0,PE,PREMIERENE26MAR710PE,0.0,0.0,0.0,51.95,0.0,51.95,763.65,16.6,0,0,0,0.0,0,F1,575,,,,,
2026-02-18,2026-02-18,FO,NSE,STO,156487,,PREMIERENE,,2026-02-24,2026-02-24,910.0,PE,PREMIERENE26FEB910PE,153.6,154.7,144.45,146.45,146.45,89.5,763.65,145.55,1150,1150,15,9147991.25,8,F1,575,,,,,
2026-02-18,2026-02-18,FO,NSE,STO,156432,,PREMIERENE,,2026-02-24,2026-02-24,640.0,CE,PREMIERENE26FEB640CE,0.0,0.0,0.0,74.2,74.2,74.2,763.65,124.25,1725,0,0,0.0,0,F1,575,,,,,
2026-02-18,2026-02-18,FO,NSE,STO,156460,,PREMIERENE,,2026-02-24,2026-02-24,780.0,CE,PREMIERENE26FEB780CE,9.35,12.25,6.8,9.9,8.75,11.7,763.65,9.9,99475,-12650,544,246959768.75,454,F1,575,,,,,
2026-02-18,2026-02-18,FO,NSE,STO,156480,,PREMIERENE,,2026-02-24,2026-02-24,880.0,CE,PREMIERENE26FEB880CE,1.05,1.05,0.45,0.7,0.7,1.1,763.65,0.7,70150,-5750,43,21774013.75,40,F1,575,,,,,
2026-02-18,2026-02-18,FO,NSE,STO,156475,,PREMIERENE,,2026-02-24,2026-02-24,850.0,PE,PREMIERENE26FEB850PE,0.0,0.0,0.0,101.5,101.5,101.5,763.65,85.9,25875,0,0,0.0,0,F1,575,,,,,
2026-02-18,2026-02-18,FO,NSE,STO,156439,,PREMIERENE,,2026-02-24,2026-02-24,670.0,PE,PREMIERENE26FEB670PE,0.5,0.5,0.5,0.5,0.5,0.7,763.65,0.5,6900,-575,1,385537.5,1,F1,575,,,,,
2026-02-18,2026-02-18,FO,NSE,STO,153428,,PREMIERENE,,2026-04-28,2026-04-28,580.0,CE,PREMIERENE26APR580CE,0.0,0.0,0.0,151.1,0.0,151.1,763.65,192.1,0,0,0,0.0,0,F1,575,,,,,
2026-02-18,2026-02-18,FO,NSE,STO,153426,,PREMIERENE,,2026-04-28,2026-04-28,560.0,CE,PREMIERENE26APR560CE,0.0,0.0,0.0,167.0,0.0,167.0,763.65,210.9,0,0,0,0.0,0,F1,575,,,,,
2026-02-18,2026-02-18,FO,NSE,STO,156564,,PREMIERENE,,2026-03-30,2026-03-30,780.0,CE,PREMIERENE26MAR780CE,30.0,31.65,30.0,31.65,31.65,37.0,763.65,35.15,2300,0,4,1865817.5,4,F1,575,,,,,
2026-02-18,2026-02-18,FO,NSE,STO,153529,,PREMIERENE,,2026-04-28,2026-04-28,900.0,PE,PREMIERENE26APR900PE,0.0,0.0,0.0,195.3,0.0,195.3,763.65,141.9,0,0,0,0.0,0,F1,575,,,,,
2026-02-18,2026-02-18,FO,NSE,STO,156440,,PREMIERENE,,2026-02-24,2026-02-24,680.0,CE,PREMIERENE26FEB680CE,77.45,81.45,77.45,81.45,81.45,85.9,763.65,84.4,8625,0,2,873367.5,2,F1,575,,,,,
2026-02-18,2026-02-18,FO,NSE,STO,156446,,PREMIERENE,,2026-02-24,2026-02-24,710.0,CE,PREMIERENE26FEB710CE,53.8,61.85,44.9,57.15,57.0,56.7,763.65,57.15,33925,-9200,62,27268253.75,45,F1,575,,,,,
2026-02-18,2026-02-18,FO,NSE,STO,156458,,PREMIERENE,,2026-02-24,2026-02-24,770.0,CE,PREMIERENE26FEB770CE,14.2,16.3,9.35,13.4,12.15,15.15,763.65,13.4,97175,39675,454,204449472.5,387,F1,575,,,,,
2026-02-18,2026-02-18,FO,NSE,STO,156484,,PREMIERENE,,2026-02-24,2026-02-24,900.0,CE,PREMIERENE26FEB900CE,0.55,0.6,0.2,0.5,0.4,0.8,763.65,0.5,155250,-16100,202,104585398.75,142,F1,575,,,,,
2026-02-18,2026-02-18,FO,NSE,STO,156496,,PREMIERENE,,2026-02-24,2026-02-24,960.0,CE,PREMIERENE26FEB960CE,0.15,0.25,0.05,0.1,0.1,0.15,763.65,0.05,30475,-3450,16,8833006.25,10,F1,575,,,,,
2026-02-18,2026-02-18,FO,NSE,STO,41984,,PREMIERENE,,2026-03-30,2026-03-30,580.0,CE,PREMIERENE26MAR580CE,0.0,0.0,0.0,220.45,0.0,220.45,763.65,187.7,0,0,0,0.0,0,F1,575,,,,,
2026-02-18,2026-02-18,FO,NSE,STO,156558,,PREMIERENE,,2026-03-30,2026-03-30,720.0,CE,PREMIERENE26MAR720CE,0.0,0.0,0.0,162.85,0.0,162.85,763.65,67.7,0,0,0,0.0,0,F1,575,,,,,
2026-02-18,2026-02-18,FO,NSE,STO,153400,,PREMIERENE,,2026-03-30,2026-03-30,890.0,CE,PREMIERENE26MAR890CE,0.0,0.0,0.0,9.9,0.0,9.9,763.65,7.35,0,0,0,0.0,0,F1,575,,,,,
2026-02-18,2026-02-18,FO,NSE,STO,153429,,PREMIERENE,,2026-04-28,2026-04-28,580.0,PE,PREMIERENE26APR580PE,0.0,0.0,0.0,14.6,0.0,14.6,763.65,2.45,0,0,0,0.0,0,F1,575,,,,,
2026-02-18,2026-02-18,FO,NSE,STO,156579,,PREMIERENE,,2026-03-30,2026-03-30,920.0,PE,PREMIERENE26MAR920PE,0.0,0.0,0.0,108.35,0.0,108.35,763.65,155.3,0,0,0,0.0,0,F1,575,,,,,
2026-02-18,2026-02-18,FO,NSE,STO,153401,,PREMIERENE,,2026-03-30,2026-03-30,890.0,PE,PREMIERENE26MAR890PE,0.0,0.0,0.0,183.0,0.0,183.0,763.65,128.35,0,0,0,0.0,0,F1,575,,,,,
2026-02-18,2026-02-18,FO,NSE,STO,156561,,PREMIERENE,,2026-03-30,2026-03-30,740.0,PE,PREMIERENE26MAR740PE,0.0,0.0,0.0,31.0,31.0,31.0,763.65,27.2,575,0,0,0.0,0,F1,575,,,,,
2026-02-18,2026-02-18,FO,NSE,STO,156493,,PREMIERENE,,2026-02-24,2026-02-24,940.0,PE,PREMIERENE26FEB940PE,0.0,0.0,0.0,215.9,215.9,215.9,763.65,175.5,0,0,0,0.0,0,F1,575,,,,,
2026-02-18,2026-02-18,FO,NSE,STF,52018,,PREMIERENE,,2026-03-30,2026-03-30,,,PREMIERENE26MARFUT,762.9,772.95,751.75,769.1,767.2,763.0,763.65,769.1,934950,394450,1312,577136096.25,1014,F1,575,,,,,
2026-02-18,2026-02-18,FO,NSE,STO,156430,,PREMIERENE,,2026-02-24,2026-02-24,630.0,CE,PREMIERENE26FEB630CE,0.0,0.0,0.0,160.0,160.0,160.0,763.65,134.2,3450,0,0,0.0,0,F1,575,,,,,
2026-02-18,2026-02-18,FO,NSE,STO,156486,,PREMIERENE,,2026-02-24,2026-02-24,910.0,CE,PREMIERENE26FEB910CE,0.1,0.4,0.1,0.35,0.35,0.95,763.65,0.35,20700,-1725,8,4187293.75,7,F1,575,,,,,
2026-02-18,2026-02-18,FO,NSE,STO,156550,,PREMIERENE,,2026-03-30,2026-03-30,640.0,CE,PREMIERENE26MAR640CE,119.6,128.4,119.6,128.4,128.4,138.05,763.65,131.05,5750,3450,6,2635800.0,2,F1,575,,,,,
2026-02-18,2026-02-18,FO,NSE,STO,153430,,PREMIERENE,,2026-04-28,2026-04-28,600.0,CE,PREMIERENE26APR600CE,0.0,0.0,0.0,136.05,0.0,136.05,763.65,173.75,0,0,0,0.0,0,F1,575,,,,,
2026-02-18,2026-02-18,FO,NSE,STO,153518,,PREMIERENE,,2026-04-28,2026-04-28,800.0,CE,PREMIERENE26APR800CE,0.0,0.0,0.0,36.9,0.0,36.9,763.65,41.15,0,0,0,0.0,0,F1,575,,,,,
2026-02-18,2026-02-18,FO,NSE,STO,156427,,PREMIERENE,,2026-02-24,2026-02-24,610.0,PE,PREMIERENE26FEB610PE,0.0,0.0,0.0,1.25,0.0,1.25,763.65,0.05,0,0,0,0.0,0,F1,575,,,,,
2026-02-18,2026-02-18,FO,NSE,STO,156443,,PREMIERENE,,2026-02-24,2026-02-24,690.0,PE,PREMIERENE26FEB690PE,1.5,1.9,0.75,0.75,0.75,1.95,763.65,0.35,27600,-13800,33,13120723.75,29,F1,575,,,,,
2026-02-18,2026-02-18,FO,NSE,STO,156447,,PREMIERENE,,2026-02-24,2026-02-24,710.0,PE,PREMIERENE26FEB710PE,3.25,4.15,1.35,1.35,1.35,3.3,763.65,1.35,55775,3450,80,32767898.75,68,F1,575,,,,,
2026-02-18,2026-02-18,FO,NSE,STO,156549,,PREMIERENE,,2026-03-30,2026-03-30,620.0,PE,PREMIERENE26MAR620PE,0.0,0.0,0.0,4.85,0.0,4.85,763.65,2.05,0,0,0,0.0,0,F1,575,,,,,
2026-02-18,2026-02-18,FO,NSE,STO,156557,,PREMIERENE,,2026-03-30,2026-03-30,700.0,PE,PREMIERENE26MAR700PE,0.0,0.0,0.0,15.3,15.3,15.3,763.65,13.8,19550,0,0,0.0,0,F1,575,,,,,
2026-02-18,2026-02-18,FO,NSE,STO,153393,,PREMIERENE,,2026-03-30,2026-03-30,810.0,PE,PREMIERENE26MAR810PE,0.0,0.0,0.0,116.85,0.0,116.85,763.65,65.5,0,0,0,0.0,0,F1,575,,,,,
2026-02-18,2026-02-18,FO,NSE,STO,156581,,PREMIERENE,,2026-03-30,2026-03-30,940.0,PE,PREMIERENE26MAR940PE,0.0,0.0,0.0,121.5,0.0,121.5,763.65,173.85,0,0,0,0.0,0,F1,575,,,,,
2026-02-18,2026-02-18,FO,NSE,STO,153427,,PREMIERENE,,2026-04-28,2026-04-28,560.0,PE,PREMIERENE26APR560PE,0.0,0.0,0.0,10.8,0.0,10.8,763.65,1.45,0,0,0,0.0,0,F1,575,,,,,
2026-02-18,2026-02-18,FO,NSE,STO,156573,,PREMIERENE,,2026-03-30,2026-03-30,860.0,PE,PREMIERENE26MAR860PE,0.0,0.0,0.0,102.85,102.85,102.85,763.65,102.95,2300,0,0,0.0,0,F1,575,,,,,
2026-02-18,2026-02-18,FO,NSE,STO,156472,,PREMIERENE,,2026-02-24,2026-02-24,840.0,CE,PREMIERENE26FEB840CE,1.85,1.85,1.2,1.55,1.6,2.3,763.65,1.55,68425,-3450,32,15483025.0,24,F1,575,,,,,
2026-02-18,2026-02-18,FO,NSE,STO,153505,,PREMIERENE,,2026-04-28,2026-04-28,660.0,PE,PREMIERENE26APR660PE,0.0,0.0,0.0,38.65,0.0,38.65,763.65,12.45,0,0,0,0.0,0,F1,575,,,,,
2026-02-18,2026-02-18,FO,NSE,STO,156481,,PREMIERENE,,2026-02-24,2026-02-24,880.0,PE,PREMIERENE26FEB880PE,0.0,0.0,0.0,114.75,114.75,114.75,763.65,115.6,6900,0,0,0.0,0,F1,575,,,,,
2026-02-18,2026-02-18,FO,NSE,STO,156473,,PREMIERENE,,2026-02-24,2026-02-24,840.0,PE,PREMIERENE26FEB840PE,0.0,0.0,0.0,76.85,76.85,76.85,763.65,76.15,35650,0,0,0.0,0,F1,575,,,,,
2026-02-18,2026-02-18,FO,NSE,STO,156451,,PREMIERENE,,2026-02-24,2026-02-24,730.0,PE,PREMIERENE26FEB730PE,7.35,9.05,3.1,3.2,3.1,7.45,763.65,3.2,48875,-15525,229,96816890.0,192,F1,575,,,,,
2026-02-18,2026-02-18,FO,NSE,STO,153524,,PREMIERENE,,2026-04-28,2026-04-28,860.0,CE,PREMIERENE26APR860CE,0.0,0.0,0.0,23.2,0.0,23.2,763.65,22.85,0,0,0,0.0,0,F1,575,,,,,
2026-02-18,2026-02-18,FO,NSE,STO,153522,,PREMIERENE,,2026-04-28,2026-04-28,840.0,CE,PREMIERENE26APR840CE,0.0,0.0,0.0,27.15,0.0,27.15,763.65,28.0,0,0,0,0.0,0,F1,575,,,,,
2026-02-18,2026-02-18,FO,NSE,STO,156566,,PREMIERENE,,2026-03-30,2026-03-30,800.0,CE,PREMIERENE26MAR800CE,25.95,27.05,23.05,25.15,26.0,26.05,763.65,25.15,23575,4600,24,11383016.25,23,F1,575,,,,,
2026-02-18,2026-02-18,FO,NSE,STO,156552,,PREMIERENE,,2026-03-30,2026-03-30,660.0,CE,PREMIERENE26MAR660CE,111.8,111.8,111.8,111.8,111.8,210.95,763.65,113.5,1725,1725,3,1331355.0,1,F1,575,,,,,
2026-02-18,2026-02-18,FO,NSE,STO,153385,,PREMIERENE,,2026-03-30,2026-03-30,790.0,PE,PREMIERENE26MAR790PE,0.0,0.0,0.0,101.95,0.0,101.95,763.65,52.7,0,0,0,0.0,0,F1,575,,,,,
2026-02-18,2026-02-18,FO,NSE,STO,156462,,PREMIERENE,,2026-02-24,2026-02-24,790.0,CE,PREMIERENE26FEB790CE,6.7,9.1,4.75,7.15,6.6,9.15,763.65,7.15,62675,-26450,363,166326110.0,286,F1,575,,,,,
2026-02-18,2026-02-18,FO,NSE,STO,156426,,PREMIERENE,,2026-02-24,2026-02-24,610.0,CE,PREMIERENE26FEB610CE,0.0,0.0,0.0,213.6,213.6,213.6,763.65,154.2,1725,0,0,0.0,0,F1,575,,,,,
2026-02-18,2026-02-18,FO,NSE,STO,153329,,PREMIERENE,,2026-03-30,2026-03-30,750.0,PE,PREMIERENE26MAR750PE,0.0,0.0,0.0,32.0,32.0,32.0,763.65,31.5,575,0,0,0.0,0,F1,575,,,,,
2026-02-18,2026-02-18,FO,NSE,STO,153519,,PREMIERENE,,2026-04-28,2026-04-28,800.0,PE,PREMIERENE26APR800PE,0.0,0.0,0.0,117.05,0.0,117.05,763.65,69.25,0,0,0,0.0,0,F1,575,,,,,
2026-02-18,2026-02-18,FO,NSE,STO,41985,,PREMIERENE,,2026-03-30,2026-03-30,580.0,PE,PREMIERENE26MAR580PE,0.0,0.0,0.0,4.7,0.0,4.7,763.65,0.55,0,0,0,0.0,0,F1,575,,,,,
2026-02-18,2026-02-18,FO,NSE,STO,156559,,PREMIERENE,,2026-03-30,2026-03-30,720.0,PE,PREMIERENE26MAR720PE,11.45,11.45,11.45,11.45,11.45,25.0,763.65,19.75,1725,575,1,420583.75,1,F1,575,,,,,
2026-02-18,2026-02-18,FO,NSE,STO,153509,,PREMIERENE,,2026-04-28,2026-04-28,700.0,PE,PREMIERENE26APR700PE,0.0,0.0,0.0,56.5,0.0,56.5,763.65,22.8,0,0,0,0.0,0,F1,575,,,,,
2026-02-18,2026-02-18,FO,NSE,STO,153515,,PREMIERENE,,2026-04-28,2026-04-28,760.0,PE,PREMIERENE26APR760PE,0.0,0.0,0.0,90.3,0.0,90.3,763.65,47.1,0,0,0,0.0,0,F1,575,,,,,
2026-02-18,2026-02-18,FO,NSE,STO,153326,,PREMIERENE,,2026-03-30,2026-03-30,730.0,CE,PREMIERENE26MAR730CE,0.0,0.0,0.0,48.1,0.0,48.1,763.65,61.3,0,0,0,0.0,0,F1,575,,,,,
2026-02-18,2026-02-18,FO,NSE,STO,153322,,PREMIERENE,,2026-03-30,2026-03-30,690.0,CE,PREMIERENE26MAR690CE,0.0,0.0,0.0,66.95,0.0,66.95,763.65,89.15,0,0,0,0.0,0,F1,575,,,,,
2026-02-18,2026-02-18,FO,NSE,STO,156554,,PREMIERENE,,2026-03-30,2026-03-30,680.0,CE,PREMIERENE26MAR680CE,0.0,0.0,0.0,194.25,0.0,194.25,763.65,96.95,0,0,0,0.0,0,F1,575,,,,,
2026-02-18,2026-02-18,FO,NSE,STO,156470,,PREMIERENE,,2026-02-24,2026-02-24,830.0,CE,PREMIERENE26FEB830CE,2.2,2.6,1.55,2.15,2.05,3.0,763.65,2.15,57500,-17250,81,38749077.5,75,F1,575,,,,,
2026-02-18,2026-02-18,FO,NSE,STO,156452,,PREMIERENE,,2026-02-24,2026-02-24,740.0,CE,PREMIERENE26FEB740CE,28.15,35.25,22.25,31.25,30.85,31.05,763.65,31.25,147775,-2875,77,34042961.25,67,F1,575,,,,,
2026-02-18,2026-02-18,FO,NSE,STO,156448,,PREMIERENE,,2026-02-24,2026-02-24,720.0,CE,PREMIERENE26FEB720CE,44.2,50.2,36.8,48.55,48.65,49.25,763.65,48.55,74175,-2875,55,24217821.25,39,F1,575,,,,,
2026-02-18,2026-02-18,FO,NSE,STO,153403,,PREMIERENE,,2026-03-30,2026-03-30,910.0,PE,PREMIERENE26MAR910PE,0.0,0.0,0.0,200.8,0.0,200.8,763.65,146.15,0,0,0,0.0,0,F1,575,,,,,
2026-02-18,2026-02-18,FO,NSE,STO,156560,,PREMIERENE,,2026-03-30,2026-03-30,740.0,CE,PREMIERENE26MAR740CE,50.0,50.0,50.0,50.0,50.0,148.25,763.65,55.3,575,575,1,454250.0,1,F1,575,,,,,
2026-02-18,2026-02-18,FO,NSE,STO,156562,,PREMIERENE,,2026-03-30,2026-03-30,760.0,CE,PREMIERENE26MAR760CE,43.0,43.0,43.0,43.0,43.0,134.4,763.65,44.45,575,575,1,461725.0,1,F1,575,,,,,
2026-02-18,2026-02-18,FO,NSE,STO,153392,,PREMIERENE,,2026-03-30,2026-03-30,810.0,CE,PREMIERENE26MAR810CE,0.0,0.0,0.0,22.9,0.0,22.9,763.65,24.0,0,0,0,0.0,0,F1,575,,,,,
2026-02-18,2026-02-18,FO,NSE,STO,156574,,PREMIERENE,,2026-03-30,2026-03-30,880.0,CE,PREMIERENE26MAR880CE,0.0,0.0,0.0,69.25,0.0,69.25,763.65,8.65,0,0,0,0.0,0,F1,575,,,,,
2026-02-18,2026-02-18,FO,NSE,STO,156421,,PREMIERENE,,2026-02-24,2026-02-24,580.0,PE,PREMIERENE26FEB580PE,0.0,0.0,0.0,1.0,1.0,1.0,763.65,0.05,2300,0,0,0.0,0,F1,575,,,,,
2026-02-18,2026-02-18,FO,NSE,STO,156433,,PREMIERENE,,2026-02-24,2026-02-24,640.0,PE,PREMIERENE26FEB640PE,0.0,0.0,0.0,0.6,0.6,0.6,763.65,0.05,21850,0,0,0.0,0,F1,575,,,,,
2026-02-18,2026-02-18,FO,NSE,STO,156436,,PREMIERENE,,2026-02-24,2026-02-24,660.0,CE,PREMIERENE26FEB660CE,0.0,0.0,0.0,132.0,132.0,132.0,763.65,104.25,1150,0,0,0.0,0,F1,575,,,,,
2026-02-18,2026-02-18,FO,NSE,STO,153531,,PREMIERENE,,2026-04-28,2026-04-28,920.0,PE,PREMIERENE26APR920PE,0.0,0.0,0.0,212.45,0.0,212.45,763.65,158.75,0,0,0,0.0,0,F1,575,,,,,
2026-02-18,2026-02-18,FO,NSE,STO,153525,,PREMIERENE,,2026-04-28,2026-04-28,860.0,PE,PREMIERENE26APR860PE,0.0,0.0,0.0,162.4,0.0,162.4,763.65,110.3,0,0,0,0.0,0,F1,575,,,,,
2026-02-18,2026-02-18,FO,NSE,STO,153399,,PREMIERENE,,2026-03-30,2026-03-30,870.0,PE,PREMIERENE26MAR870PE,0.0,0.0,0.0,165.6,0.0,165.6,763.65,111.25,0,0,0,0.0,0,F1,575,,,,,
2026-02-18,2026-02-18,FO,NSE,STO,156555,,PREMIERENE,,2026-03-30,2026-03-30,680.0,PE,PREMIERENE26MAR680PE,11.5,11.5,11.5,11.5,11.5,11.0,763.65,9.25,2300,0,1,397612.5,1,F1,575,,,,,
2026-02-18,2026-02-18,FO,NSE,STO,156453,,PREMIERENE,,2026-02-24,2026-02-24,740.0,PE,PREMIERENE26FEB740PE,11.0,13.3,4.7,4.9,5.05,9.95,763.65,4.9,74750,-7475,320,137806886.25,267,F1,575,,,,,
2026-02-18,2026-02-18,FO,NSE,STO,153516,,PREMIERENE,,2026-04-28,2026-04-28,780.0,CE,PREMIERENE26APR780CE,0.0,0.0,0.0,42.85,0.0,42.85,763.65,49.3,0,0,0,0.0,0,F1,575,,,,,
2026-02-18,2026-02-18,FO,NSE,STO,153508,,PREMIERENE,,2026-04-28,2026-04-28,700.0,CE,PREMIERENE26APR700CE,0.0,0.0,0.0,74.8,0.0,74.8,763.65,93.7,0,0,0,0.0,0,F1,575,,,,,
2026-02-18,2026-02-18,FO,NSE,STO,156568,,PREMIERENE,,2026-03-30,2026-03-30,820.0,CE,PREMIERENE26MAR820CE,0.0,0.0,0.0,21.5,21.5,21.5,763.65,21.0,1150,0,0,0.0,0,F1,575,,,,,
2026-02-18,2026-02-18,FO,NSE,STO,156492,,PREMIERENE,,2026-02-24,2026-02-24,940.0,CE,PREMIERENE26FEB940CE,0.25,1.9,0.05,0.1,0.1,0.25,763.65,0.05,70725,0,11,5947340.0,10,F1,575,,,,,
2026-02-18,2026-02-18,FO,NSE,STO,156476,,PREMIERENE,,2026-02-24,2026-02-24,860.0,CE,PREMIERENE26FEB860CE,1.45,1.45,0.65,1.0,0.9,1.5,763.65,1.0,120175,-22425,68,33662713.75,62,F1,575,,,,,
2026-02-18,2026-02-18,FO,NSE,STO,156468,,PREMIERENE,,2026-02-24,2026-02-24,820.0,CE,PREMIERENE26FEB820CE,3.45,3.55,2.0,3.05,3.1,4.05,763.65,3.05,155825,-7475,253,119664055.0,204,F1,575,,,,,
2026-02-18,2026-02-18,FO,NSE,STO,156466,,PREMIERENE,,2026-02-24,2026-02-24,810.0,CE,PREMIERENE26FEB810CE,3.85,5.1,2.65,3.9,3.75,5.15,763.65,3.9,97750,0,134,62686212.5,118,F1,575,,,,,
2026-02-18,2026-02-18,FO,NSE,STO,156424,,PREMIERENE,,2026-02-24,2026-02-24,600.0,CE,PREMIERENE26FEB600CE,0.0,0.0,0.0,161.9,161.9,161.9,763.65,164.2,2875,0,0,0.0,0,F1,575,,,,,
2026-02-18,2026-02-18,FO,NSE,STF,66999,,PREMIERENE,,2026-04-28,2026-04-28,,,PREMIERENE26APRFUT,759.45,768.55,759.45,768.55,768.55,766.1,763.65,771.65,49450,575,6,2641003.75,6,F1,575,,,,,
2026-02-18,2026-02-18,FO,NSE,STO,156489,,PREMIERENE,,2026-02-24,2026-02-24,920.0,PE,PREMIERENE26FEB920PE,164.75,164.75,156.4,156.4,156.4,143.7,763.65,155.5,4025,2875,11,6838158.75,4,F1,575,,,,,
2026-02-18,2026-02-18,FO,NSE,STO,156483,,PREMIERENE,,2026-02-24,2026-02-24,890.0,PE,PREMIERENE26FEB890PE,133.6,139.1,133.4,139.1,139.1,131.95,763.65,125.55,7475,0,10,5898695.0,5,F1,575,,,,,
2026-02-18,2026-02-18,FO,NSE,STO,156479,,PREMIERENE,,2026-02-24,2026-02-24,870.0,PE,PREMIERENE26FEB870PE,0.0,0.0,0.0,87.7,87.7,87.7,763.65,105.65,9775,0,0,0.0,0,F1,575,,,,,
2026-02-18,2026-02-18,FO,NSE,STO,156467,,PREMIERENE,,2026-02-24,2026-02-24,810.0,PE,PREMIERENE26FEB810PE,59.25,61.5,44.05,47.5,47.2,61.6,763.65,47.5,17825,-2875,39,19286362.5,37,F1,575,,,,,
2026-02-18,2026-02-18,FO,NSE,STO,156463,,PREMIERENE,,2026-02-24,2026-02-24,790.0,PE,PREMIERENE26FEB790PE,39.25,46.0,30.0,30.95,30.95,37.25,763.65,30.95,71300,-2875,30,14199883.75,30,F1,575,,,,,
2026-02-18,2026-02-18,FO,NSE,STO,156425,,PREMIERENE,,2026-02-24,2026-02-24,600.0,PE,PREMIERENE26FEB600PE,0.15,0.15,0.05,0.05,0.05,0.25,763.65,0.05,118450,-1150,5,1725230.0,5,F1,575,,,,,
2026-02-18,2026-02-18,FO,NSE,STO,156419,,PREMIERENE,,2026-02-24,2026-02-24,560.0,PE,PREMIERENE26FEB560PE,0.0,0.0,0.0,0.05,0.05,0.05,763.65,0.05,1150,0,0,0.0,0,F1,575,,,,,
2026-02-18,2026-02-18,FO,NSE,STO,153384,,PREMIERENE,,2026-03-30,2026-03-30,790.0,CE,PREMIERENE26MAR790CE,0.0,0.0,0.0,33.65,33.65,33.65,763.65,31.1,575,0,0,0.0,0,F1,575,,,,,
2026-02-18,2026-02-18,FO,NSE,STO,153330,,PREMIERENE,,2026-03-30,2026-03-30,770.0,CE,PREMIERENE26MAR770CE,29.9,29.9,29.9,29.9,29.9,30.05,763.65,39.6,575,0,1,459942.5,1,F1,575,,,,,
2026-02-18,2026-02-18,FO,NSE,STO,156488,,PREMIERENE,,2026-02-24,2026-02-24,920.0,CE,PREMIERENE26FEB920CE,0.0,0.0,0.0,0.75,0.6,0.75,763.65,0.05,23575,0,0,0.0,0,F1,575,,,,,
2026-02-18,2026-02-18,FO,NSE,STO,156422,,PREMIERENE,,2026-02-24,2026-02-24,590.0,CE,PREMIERENE26FEB590CE,0.0,0.0,0.0,268.25,0.0,268.25,763.65,174.2,0,0,0,0.0,0,F1,575,,,,,
2026-02-18,2026-02-18,FO,NSE,STF,52017,,PREMIERENE,,2026-02-24,2026-02-24,,,PREMIERENE26FEBFUT,763.15,770.75,749.8,766.15,764.3,762.1,763.65,766.15,6110525,149500,3157,1383979172.5,2536,F1,575,,,,,
2026-02-18,2026-02-18,FO,NSE,STO,153527,,PREMIERENE,,2026-04-28,2026-04-28,880.0,PE,PREMIERENE26APR880PE,0.0,0.0,0.0,178.6,0.0,178.6,763.65,125.75,0,0,0,0.0,0,F1,575,,,,,
2026-02-18,2026-02-18,FO,NSE,STO,156565,,PREMIERENE,,2026-03-30,2026-03-30,780.0,PE,PREMIERENE26MAR780PE,0.0,0.0,0.0,37.8,0.0,37.8,763.65,46.85,0,0,0,0.0,0,F1,575,,,,,
2026-02-18,2026-02-18,FO,NSE,STO,153321,,PREMIERENE,,2026-03-30,2026-03-30,670.0,PE,PREMIERENE26MAR670PE,0.0,0.0,0.0,33.55,0.0,33.55,763.65,7.45,0,0,0,0.0,0,F1,575,,,,,
2026-02-18,2026-02-18,FO,NSE,STO,156553,,PREMIERENE,,2026-03-30,2026-03-30,660.0,PE,PREMIERENE26MAR660PE,0.0,0.0,0.0,9.15,0.0,9.15,763.65,5.9,0,0,0,0.0,0,F1,575,,,,,
2026-02-18,2026-02-18,FO,NSE,STO,153315,,PREMIERENE,,2026-03-30,2026-03-30,610.0,PE,PREMIERENE26MAR610PE,0.0,0.0,0.0,14.65,0.0,14.65,763.65,1.5,0,0,0,0.0,0,F1,575,,,,,
2026-02-18,2026-02-18,FO,NSE,STO,156569,,PREMIERENE,,2026-03-30,2026-03-30,820.0,PE,PREMIERENE26MAR820PE,79.0,79.0,78.7,78.7,78.7,53.8,763.65,72.4,3450,3450,6,3101032.5,2,F1,575,,,,,
2026-02-18,2026-02-18,FO,NSE,STO,156491,,PREMIERENE,,2026-02-24,2026-02-24,930.0,PE,PREMIERENE26FEB930PE,173.45,174.7,164.75,164.75,164.75,164.4,763.65,164.75,15525,6325,17,10775183.75,6,F1,575,,,,,
2026-02-18,2026-02-18,FO,NSE,STO,153506,,PREMIERENE,,2026-04-28,2026-04-28,680.0,CE,PREMIERENE26APR680CE,0.0,0.0,0.0,85.1,0.0,85.1,763.65,107.75,0,0,0,0.0,0,F1,575,,,,,
2026-02-18,2026-02-18,FO,NSE,STO,153520,,PREMIERENE,,2026-04-28,2026-04-28,820.0,CE,PREMIERENE26APR820CE,0.0,0.0,0.0,31.7,0.0,31.7,763.65,34.05,0,0,0,0.0,0,F1,575,,,,,
2026-02-18,2026-02-18,FO,NSE,STO,153534,,PREMIERENE,,2026-04-28,2026-04-28,960.0,CE,PREMIERENE26APR960CE,0.0,0.0,0.0,10.05,0.0,10.05,763.65,7.45,0,0,0,0.0,0,F1,575,,,,,
2026-02-18,2026-02-18,FO,NSE,STO,156435,,PREMIERENE,,2026-02-24,2026-02-24,650.0,PE,PREMIERENE26FEB650PE,0.15,0.25,0.15,0.25,0.25,0.8,763.65,0.05,13225,-1725,3,1121623.75,3,F1,575,,,,,
2026-02-18,2026-02-18,FO,NSE,STO,156449,,PREMIERENE,,2026-02-24,2026-02-24,720.0,PE,PREMIERENE26FEB720PE,5.4,6.2,1.8,2.0,2.0,5.0,763.65,2.0,131675,-9775,214,89019228.75,155,F1,575,,,,,
2026-02-18,2026-02-18,FO,NSE,STO,156455,,PREMIERENE,,2026-02-24,2026-02-24,750.0,PE,PREMIERENE26FEB750PE,14.15,17.95,7.25,7.95,8.35,13.25,763.65,7.95,180550,64975,1938,849400321.25,1588,F1,575,,,,,
2026-02-18,2026-02-18,FO,NSE,STO,156563,,PREMIERENE,,2026-03-30,2026-03-30,760.0,PE,PREMIERENE26MAR760PE,0.0,0.0,0.0,37.05,37.05,37.05,763.65,36.25,1725,0,0,0.0,0,F1,575,,,,,
2026-02-18,2026-02-18,FO,NSE,STO,153313,,PREMIERENE,,2026-03-30,2026-03-30,590.0,PE,PREMIERENE26MAR590PE,0.0,0.0,0.0,10.55,0.0,10.55,763.65,0.8,0,0,0,0.0,0,F1,575,,,,,
2026-02-18,2026-02-18,FO,NSE,STO,156454,,PREMIERENE,,2026-02-24,2026-02-24,750.0,CE,PREMIERENE26FEB750CE,22.35,27.5,16.9,23.55,22.0,25.05,763.65,23.55,129375,-50025,747,331609400.0,545,F1,575,,,,,
2026-02-18,2026-02-18,FO,NSE,STO,156546,,PREMIERENE,,2026-03-30,2026-03-30,600.0,CE,PREMIERENE26MAR600CE,0.0,0.0,0.0,264.35,0.0,264.35,763.65,168.35,0,0,0,0.0,0,F1,575,,,,,
2026-02-18,2026-02-18,FO,NSE,STO,156548,,PREMIERENE,,2026-03-30,2026-03-30,620.0,CE,PREMIERENE26MAR620CE,0.0,0.0,0.0,246.1,0.0,246.1,763.65,149.4,0,0,0,0.0,0,F1,575,,,,,
2026-02-18,2026-02-18,FO,NSE,STO,156580,,PREMIERENE,,2026-03-30,2026-03-30,940.0,CE,PREMIERENE26MAR940CE,0.0,0.0,0.0,47.5,0.0,47.5,763.65,3.15,0,0,0,0.0,0,F1,575,,,,,
2026-02-18,2026-02-18,FO,NSE,STO,153535,,PREMIERENE,,2026-04-28,2026-04-28,960.0,PE,PREMIERENE26APR960PE,0.0,0.0,0.0,247.75,0.0,247.75,763.65,193.9,0,0,0,0.0,0,F1,575,,,,,
2026-02-18,2026-02-18,FO,NSE,STO,153397,,PREMIERENE,,2026-03-30,2026-03-30,850.0,PE,PREMIERENE26MAR850PE,0.0,0.0,0.0,148.75,0.0,148.75,763.65,94.95,0,0,0,0.0,0,F1,575,,,,,
2026-02-18,2026-02-18,FO,NSE,STO,156571,,PREMIERENE,,2026-03-30,2026-03-30,840.0,PE,PREMIERENE26MAR840PE,0.0,0.0,0.0,87.4,87.4,87.4,763.65,87.15,1150,0,0,0.0,0,F1,575,,,,,
2026-02-18,2026-02-18,FO,NSE,STO,153514,,PREMIERENE,,2026-04-28,2026-04-28,760.0,CE,PREMIERENE26APR760CE,0.0,0.0,0.0,49.55,0.0,49.55,763.65,58.6,0,0,0,0.0,0,F1,575,,,,,
2026-02-18,2026-02-18,FO,NSE,STO,153526,,PREMIERENE,,2026-04-28,2026-04-28,880.0,CE,PREMIERENE26APR880CE,0.0,0.0,0.0,19.7,0.0,19.7,763.65,18.5,0,0,0,0.0,0,F1,575,,,,,
2026-02-18,2026-02-18,FO,NSE,STO,156437,,PREMIERENE,,2026-02-24,2026-02-24,660.0,PE,PREMIERENE26FEB660PE,0.6,0.6,0.35,0.4,0.35,0.6,763.65,0.4,17825,575,7,2658541.25,4,F1,575,,,,,
2026-02-18,2026-02-18,FO,NSE,STO,156461,,PREMIERENE,,2026-02-24,2026-02-24,780.0,PE,PREMIERENE26FEB780PE,31.45,37.35,21.05,23.65,23.55,30.2,763.65,23.65,58075,-2875,79,36695838.75,77,F1,575,,,,,
2026-02-18,2026-02-18,FO,NSE,STO,153331,,PREMIERENE,,2026-03-30,2026-03-30,770.0,PE,PREMIERENE26MAR770PE,45.4,45.4,45.4,45.4,45.4,87.95,763.65,41.35,1725,1725,3,1406565.0,1,F1,575,,,,,
2026-02-18,2026-02-18,FO,NSE,STO,156567,,PREMIERENE,,2026-03-30,2026-03-30,800.0,PE,PREMIERENE26MAR800PE,57.9,58.0,57.85,57.95,58.0,60.0,763.65,57.95,9775,1725,3,1479906.25,3,F1,575,,,,,
2026-02-18,2026-02-18,FO,NSE,STO,153395,,PREMIERENE,,2026-03-30,2026-03-30,830.0,PE,PREMIERENE26MAR830PE,86.15,86.55,86.05,86.55,86.55,132.45,763.65,79.65,5175,5175,9,4741421.25,4,F1,575,,,,,
2026-02-18,2026-02-18,FO,NSE,STO,153513,,PREMIERENE,,2026-04-28,2026-04-28,740.0,PE,PREMIERENE26APR740PE,0.0,0.0,0.0,78.15,0.0,78.15,763.65,37.8,0,0,0,0.0,0,F1,575,,,,,
2026-02-18,2026-02-18,FO,NSE,STO,156556,,PREMIERENE,,2026-03-30,2026-03-30,700.0,CE,PREMIERENE26MAR700CE,0.0,0.0,0.0,178.2,0.0,178.2,763.65,81.65,0,0,0,0.0,0,F1,575,,,,,
2026-02-18,2026-02-18,FO,NSE,STO,153318,,PREMIERENE,,2026-03-30,2026-03-30,650.0,CE,PREMIERENE26MAR650CE,0.0,0.0,0.0,90.5,0.0,90.5,763.65,122.2,0,0,0,0.0,0,F1,575,,,,,
2026-02-18,2026-02-18,FO,NSE,STO,156450,,PREMIERENE,,2026-02-24,2026-02-24,730.0,CE,PREMIERENE26FEB730CE,33.6,41.0,28.55,36.1,36.1,38.0,763.65,38.2,34500,6325,65,28608837.5,62,F1,575,,,,,
2026-02-18,2026-02-18,FO,NSE,STO,156444,,PREMIERENE,,2026-02-24,2026-02-24,700.0,CE,PREMIERENE26FEB700CE,63.0,70.0,55.5,67.25,67.5,67.85,763.65,67.25,91425,-8050,25,10992102.5,21,F1,575,,,,,
2026-02-18,2026-02-18,FO,NSE,STO,156438,,PREMIERENE,,2026-02-24,2026-02-24,670.0,CE,PREMIERENE26FEB670CE,86.55,86.55,86.55,86.55,86.55,96.95,763.65,94.3,3450,-575,1,435016.25,1,F1,575,,,,,
2026-02-18,2026-02-18,FO,NSE,STO,153398,,PREMIERENE,,2026-03-30,2026-03-30,870.0,CE,PREMIERENE26MAR870CE,0.0,0.0,0.0,12.3,0.0,12.3,763.65,10.1,0,0,0,0.0,0,F1,575,,,,,
2026-02-18,2026-02-18,FO,NSE,STO,156577,,PREMIERENE,,2026-03-30,2026-03-30,900.0,PE,PREMIERENE26MAR900PE,146.0,146.0,139.35,140.75,140.75,95.85,763.65,137.2,4025,4025,7,4197270.0,3,F1,575,,,,,
2026-02-18,2026-02-18,FO,NSE,STO,153312,,PREMIERENE,,2026-03-30,2026-03-30,590.0,CE,PREMIERENE26MAR590CE,0.0,0.0,0.0,134.3,0.0,134.3,763.65,177.95,0,0,0,0.0,0,F1,575,,,,,
2026-02-18,2026-02-18,FO,NSE,STO,156445,,PREMIERENE,,2026-02-24,2026-02-24,700.0,PE,PREMIERENE26FEB700PE,2.65,2.9,1.0,1.0,1.0,2.4,763.65,1.0,66700,-13800,97,39140767.5,84,F1,575,,,,,
2026-02-18,2026-02-18,FO,NSE,STO,156431,,PREMIERENE,,2026-02-24,2026-02-24,630.0,PE,PREMIERENE26FEB630PE,1.0,1.0,0.15,0.15,0.15,1.0,763.65,0.05,22425,0,4,1450322.5,3,F1,575,,,,,
2026-02-18,2026-02-18,FO,NSE,STO,153512,,PREMIERENE,,2026-04-28,2026-04-28,740.0,CE,PREMIERENE26APR740CE,0.0,0.0,0.0,57.05,0.0,57.05,763.65,69.1,0,0,0,0.0,0,F1,575,,,,,
2026-02-18,2026-02-18,FO,NSE,STO,153396,,PREMIERENE,,2026-03-30,2026-03-30,850.0,CE,PREMIERENE26MAR850CE,0.0,0.0,0.0,15.2,0.0,15.2,763.65,13.7,0,0,0,0.0,0,F1,575,,,,,
2026-02-18,2026-02-18,FO,NSE,STO,156434,,PREMIERENE,,2026-02-24,2026-02-24,650.0,CE,PREMIERENE26FEB650CE,0.0,0.0,0.0,66.5,66.5,66.5,763.65,114.25,575,0,0,0.0,0,F1,575,,,,,
2026-02-18,2026-02-18,FO,NSE,STO,156442,,PREMIERENE,,2026-02-24,2026-02-24,690.0,CE,PREMIERENE26FEB690CE,67.45,72.35,67.45,70.5,70.5,76.2,763.65,74.6,5750,0,8,3500283.75,5,F1,575,,,,,
2026-02-18,2026-02-18,FO,NSE,STO,153320,,PREMIERENE,,2026-03-30,2026-03-30,670.0,CE,PREMIERENE26MAR670CE,103.05,103.05,103.05,103.05,103.05,78.15,763.65,105.1,575,575,1,444503.75,1,F1,575,,,,,
2026-02-18,2026-02-18,FO,NSE,STO,153523,,PREMIERENE,,2026-04-28,2026-04-28,840.0,PE,PREMIERENE26APR840PE,0.0,0.0,0.0,146.7,0.0,146.7,763.65,95.65,0,0,0,0.0,0,F1,575,,,,,
2026-02-18,2026-02-18,FO,NSE,STO,153323,,PREMIERENE,,2026-03-30,2026-03-30,690.0,PE,PREMIERENE26MAR690PE,0.0,0.0,0.0,19.0,19.0,19.0,763.65,11.35,4025,0,0,0.0,0,F1,575,,,,,
2026-02-18,2026-02-18,FO,NSE,STO,153327,,PREMIERENE,,2026-03-30,2026-03-30,730.0,PE,PREMIERENE26MAR730PE,0.0,0.0,0.0,62.85,0.0,62.85,763.65,23.25,0,0,0,0.0,0,F1,575,,,,,
2026-02-18,2026-02-18,FO,NSE,STO,153433,,PREMIERENE,,2026-04-28,2026-04-28,620.0,PE,PREMIERENE26APR620PE,0.0,0.0,0.0,24.75,0.0,24.75,763.65,5.95,0,0,0,0.0,0,F1,575,,,,,
2026-02-18,2026-02-18,FO,NSE,STO,156420,,PREMIERENE,,2026-02-24,2026-02-24,580.0,CE,PREMIERENE26FEB580CE,0.0,0.0,0.0,186.3,186.3,186.3,763.65,184.15,6900,0,0,0.0,0,F1,575,,,,,
2026-02-18,2026-02-18,FO,NSE,STO,156456,,PREMIERENE,,2026-02-24,2026-02-24,760.0,CE,PREMIERENE26FEB760CE,18.0,21.65,12.75,18.0,17.4,19.7,763.65,18.0,100625,24725,520,232457262.5,447,F1,575,,,,,
2026-02-18,2026-02-18,FO,NSE,STO,156547,,PREMIERENE,,2026-03-30,2026-03-30,600.0,PE,PREMIERENE26MAR600PE,0.0,0.0,0.0,2.05,2.05,2.05,763.65,1.1,0,0,0,0.0,0,F1,575,,,,,
2026-02-18,2026-02-18,FO,NSE,STO,153314,,PREMIERENE,,2026-03-30,2026-03-30,610.0,CE,PREMIERENE26MAR610CE,0.0,0.0,0.0,118.65,0.0,118.65,763.65,158.8,0,0,0,0.0,0,F1,575,,,,,
2026-02-18,2026-02-18,FO,NSE,STO,153324,,PREMIERENE,,2026-03-30,2026-03-30,710.0,CE,PREMIERENE26MAR710CE,0.0,0.0,0.0,49.0,49.0,49.0,763.65,74.5,575,0,0,0.0,0,F1,575,,,,,
2026-02-18,2026-02-18,FO,NSE,STO,153328,,PREMIERENE,,2026-03-30,2026-03-30,750.0,CE,PREMIERENE26MAR750CE,45.0,47.0,45.0,47.0,47.0,40.35,763.65,49.65,0,0,2,915400.0,2,F1,575,,,,,
2026-02-18,2026-02-18,FO,NSE,STO,153521,,PREMIERENE,,2026-04-28,2026-04-28,820.0,PE,PREMIERENE26APR820PE,0.0,0.0,0.0,131.55,0.0,131.55,763.65,81.95,0,0,0,0.0,0,F1,575,,,,,
2026-02-18,2026-02-18,FO,NSE,STO,156471,,PREMIERENE,,2026-02-24,2026-02-24,830.0,PE,PREMIERENE26FEB830PE,75.15,80.45,66.4,68.2,68.2,66.5,763.65,66.55,27600,-1725,9,4662933.75,9,F1,575,,,,,
2026-02-18,2026-02-18,FO,NSE,STO,156459,,PREMIERENE,,2026-02-24,2026-02-24,770.0,PE,PREMIERENE26FEB770PE,27.0,27.0,15.8,17.2,17.0,24.7,763.65,17.2,48300,-10350,86,39021225.0,82,F1,575,,,,,
2026-02-18,2026-02-18,FO,NSE,STO,153504,,PREMIERENE,,2026-04-28,2026-04-28,660.0,CE,PREMIERENE26APR660CE,0.0,0.0,0.0,96.35,0.0,96.35,763.65,122.9,0,0,0,0.0,0,F1,575,,,,,
2026-02-18,2026-02-18,FO,NSE,STO,153434,,PREMIERENE,,2026-04-28,2026-04-28,640.0,CE,PREMIERENE26APR640CE,0.0,0.0,0.0,108.6,0.0,108.6,763.65,139.05,0,0,0,0.0,0,F1,575,,,,,
2026-02-18,2026-02-18,FO,NSE,STO,153432,,PREMIERENE,,2026-04-28,2026-04-28,620.0,CE,PREMIERENE26APR620CE,0.0,0.0,0.0,121.85,0.0,121.85,763.65,156.05,0,0,0,0.0,0,F1,575,,,,,
2026-02-18,2026-02-18,FO,NSE,STO,156578,,PREMIERENE,,2026-03-30,2026-03-30,920.0,CE,PREMIERENE26MAR920CE,0.0,0.0,0.0,7.9,7.9,7.9,763.65,4.45,1725,0,0,0.0,0,F1,575,,,,,
2026-02-18,2026-02-18,FO,NSE,STO,153317,,PREMIERENE,,2026-03-30,2026-03-30,630.0,PE,PREMIERENE26MAR630PE,0.0,0.0,0.0,19.85,0.0,19.85,763.65,2.7,0,0,0,0.0,0,F1,575,,,,,
2026-02-18,2026-02-18,FO,NSE,STO,153511,,PREMIERENE,,2026-04-28,2026-04-28,720.0,PE,PREMIERENE26APR720PE,0.0,0.0,0.0,66.85,0.0,66.85,763.65,29.7,0,0,0,0.0,0,F1,575,,,,,
2026-02-18,2026-02-18,FO,NSE,STO,153435,,PREMIERENE,,2026-04-28,2026-04-28,640.0,PE,PREMIERENE26APR640PE,0.0,0.0,0.0,31.2,0.0,31.2,763.65,8.75,0,0,0,0.0,0,F1,575,,,,,
2026-02-18,2026-02-18,FO,NSE,STO,172066,,UPL,,2026-04-28,2026-04-28,780.0,CE,UPL26APR780CE,0.0,0.0,0.0,27.5,0.0,27.5,747.65,27.95,0,0,0,0.0,0,F1,1355,,,,,
2026-02-18,2026-02-18,FO,NSE,STO,172046,,UPL,,2026-04-28,2026-04-28,580.0,CE,UPL26APR580CE,0.0,0.0,0.0,149.6,0.0,149.6,747.65,174.25,0,0,0,0.0,0,F1,1355,,,,,
2026-02-18,2026-02-18,FO,NSE,STO,172059,,UPL,,2026-04-28,2026-04-28,700.0,PE,UPL26APR700PE,0.0,0.0,0.0,34.05,0.0,34.05,747.65,15.75,0,0,0,0.0,0,F1,1355,,,,,
2026-02-18,2026-02-18,FO,NSE,STO,172014,,UPL,,2026-03-30,2026-03-30,830.0,CE,UPL26MAR830CE,0.0,0.0,0.0,5.15,5.0,5.15,747.65,6.3,4065,0,0,0.0,0,F1,1355,,,,,
2026-02-18,2026-02-18,FO,NSE,STO,150573,,UPL,,2026-02-24,2026-02-24,760.0,CE,UPL26FEB760CE,4.25,9.1,3.7,4.6,4.3,4.1,747.65,4.6,1144975,-56910,2662,2763314439.75,2302,F1,1355,,,,,
2026-02-18,2026-02-18,FO,NSE,STO,165420,,UPL,,2026-02-24,2026-02-24,750.0,CE,UPL26FEB750CE,7.1,13.6,6.6,8.15,7.2,6.85,747.65,8.15,1789955,-74525,2883,2966581377.25,2484,F1,1355,,,,,
2026-02-18,2026-02-18,FO,NSE,STO,150541,,UPL,,2026-02-24,2026-02-24,700.0,CE,UPL26FEB700CE,48.85,55.6,46.0,50.25,49.5,42.5,747.65,50.25,410565,-24390,68,69084471.75,61,F1,1355,,,,,
2026-02-18,2026-02-18,FO,NSE,STO,150363,,UPL,,2026-02-24,2026-02-24,640.0,CE,UPL26FEB640CE,0.0,0.0,0.0,91.5,91.5,91.5,747.65,108.25,14905,0,0,0.0,0,F1,1355,,,,,
2026-02-18,2026-02-18,FO,NSE,STO,172065,,UPL,,2026-04-28,2026-04-28,760.0,PE,UPL26APR760PE,0.0,0.0,0.0,65.9,0.0,65.9,747.65,40.7,0,0,0,0.0,0,F1,1355,,,,,
2026-02-18,2026-02-18,FO,NSE,STO,165501,,UPL,,2026-03-30,2026-03-30,880.0,PE,UPL26MAR880PE,0.0,0.0,0.0,116.0,116.0,116.0,747.65,128.9,4065,0,0,0.0,0,F1,1355,,,,,
2026-02-18,2026-02-18,FO,NSE,STO,165431,,UPL,,2026-02-24,2026-02-24,850.0,PE,UPL26FEB850PE,0.0,0.0,0.0,108.45,108.45,108.45,747.65,101.6,12195,0,0,0.0,0,F1,1355,,,,,
2026-02-18,2026-02-18,FO,NSE,STO,165407,,UPL,,2026-02-24,2026-02-24,610.0,PE,UPL26FEB610PE,0.15,0.15,0.15,0.15,0.15,0.2,747.65,0.05,54200,0,3,2480259.75,2,F1,1355,,,,,
2026-02-18,2026-02-18,FO,NSE,STO,172062,,UPL,,2026-04-28,2026-04-28,740.0,CE,UPL26APR740CE,0.0,0.0,0.0,41.9,0.0,41.9,747.65,46.05,0,0,0,0.0,0,F1,1355,,,,,
2026-02-18,2026-02-18,FO,NSE,STO,165416,,UPL,,2026-02-24,2026-02-24,710.0,CE,UPL26FEB710CE,36.0,43.5,35.5,40.2,39.75,33.3,747.65,40.2,262870,-25745,65,65941278.25,56,F1,1355,,,,,
2026-02-18,2026-02-18,FO,NSE,STO,165500,,UPL,,2026-03-30,2026-03-30,880.0,CE,UPL26MAR880CE,0.0,0.0,0.0,21.1,0.0,21.1,747.65,1.8,0,0,0,0.0,0,F1,1355,,,,,
2026-02-18,2026-02-18,FO,NSE,STO,165488,,UPL,,2026-03-30,2026-03-30,760.0,CE,UPL26MAR760CE,21.0,26.0,19.5,20.45,21.0,18.0,747.65,20.45,130080,92140,194,205728362.75,112,F1,1355,,,,,
2026-02-18,2026-02-18,FO,NSE,STO,172002,,UPL,,2026-03-30,2026-03-30,710.0,CE,UPL26MAR710CE,54.0,54.0,50.95,50.95,50.95,46.95,747.65,54.1,1355,-1355,3,3100985.25,3,F1,1355,,,,,
2026-02-18,2026-02-18,FO,NSE,STO,165482,,UPL,,2026-03-30,2026-03-30,700.0,CE,UPL26MAR700CE,60.0,60.5,58.0,59.85,59.85,52.5,747.65,59.85,31165,8130,7,7207041.75,7,F1,1355,,,,,
2026-02-18,2026-02-18,FO,NSE,STO,171998,,UPL,,2026-03-30,2026-03-30,670.0,CE,UPL26MAR670CE,83.0,83.0,83.0,83.0,83.0,70.3,747.65,85.7,4065,4065,3,3060945.0,3,F1,1355,,,,,
2026-02-18,2026-02-18,FO,NSE,STO,150305,,UPL,,2026-02-24,2026-02-24,620.0,CE,UPL26FEB620CE,0.0,0.0,0.0,144.2,0.0,144.2,747.65,128.2,0,0,0,0.0,0,F1,1355,,,,,
2026-02-18,2026-02-18,FO,NSE,STO,172015,,UPL,,2026-03-30,2026-03-30,830.0,PE,UPL26MAR830PE,0.0,0.0,0.0,113.55,0.0,113.55,747.65,83.7,0,0,0,0.0,0,F1,1355,,,,,
2026-02-18,2026-02-18,FO,NSE,STO,172001,,UPL,,2026-03-30,2026-03-30,690.0,PE,UPL26MAR690PE,0.0,0.0,0.0,23.6,0.0,23.6,747.65,7.25,0,0,0,0.0,0,F1,1355,,,,,
2026-02-18,2026-02-18,FO,NSE,STO,150580,,UPL,,2026-02-24,2026-02-24,800.0,PE,UPL26FEB800PE,50.0,56.6,47.5,51.3,51.4,59.9,747.65,51.3,112465,-13550,41,47350136.25,41,F1,1355,,,,,
2026-02-18,2026-02-18,FO,NSE,STO,165417,,UPL,,2026-02-24,2026-02-24,710.0,PE,UPL26FEB710PE,1.85,1.95,0.7,0.8,0.75,2.25,747.65,0.8,760155,151760,695,669574334.0,508,F1,1355,,,,,
2026-02-18,2026-02-18,FO,NSE,STO,172072,,UPL,,2026-04-28,2026-04-28,840.0,CE,UPL26APR840CE,0.0,0.0,0.0,13.65,0.0,13.65,747.65,11.6,0,0,0,0.0,0,F1,1355,,,,,
2026-02-18,2026-02-18,FO,NSE,STO,150543,,UPL,,2026-02-24,2026-02-24,720.0,CE,UPL26FEB720CE,29.85,35.6,27.25,31.0,30.4,24.85,747.65,31.0,315715,-43360,81,82356019.25,72,F1,1355,,,,,
2026-02-18,2026-02-18,FO,NSE,STO,172010,,UPL,,2026-03-30,2026-03-30,790.0,CE,UPL26MAR790CE,0.0,0.0,0.0,16.0,16.0,16.0,747.65,14.8,31165,0,0,0.0,0,F1,1355,,,,,
2026-02-18,2026-02-18,FO,NSE,STO,165428,,UPL,,2026-02-24,2026-02-24,830.0,CE,UPL26FEB830CE,0.4,0.55,0.25,0.3,0.3,0.4,747.65,0.3,140920,-2710,76,85513101.5,68,F1,1355,,,,,
2026-02-18,2026-02-18,FO,NSE,STO,150575,,UPL,,2026-02-24,2026-02-24,780.0,CE,UPL26FEB780CE,1.6,3.3,1.25,1.4,1.45,1.55,747.65,1.4,811645,9485,1468,1555450434.5,1136,F1,1355,,,,,
2026-02-18,2026-02-18,FO,NSE,STO,150539,,UPL,,2026-02-24,2026-02-24,680.0,CE,UPL26FEB680CE,70.65,73.65,66.95,69.0,69.7,62.0,747.65,69.0,135500,-16260,18,18308760.0,18,F1,1355,,,,,
2026-02-18,2026-02-18,FO,NSE,STO,165481,,UPL,,2026-03-30,2026-03-30,680.0,PE,UPL26MAR680PE,0.0,0.0,0.0,5.5,5.5,5.5,747.65,5.45,9485,0,0,0.0,0,F1,1355,,,,,
2026-02-18,2026-02-18,FO,NSE,STO,172003,,UPL,,2026-03-30,2026-03-30,710.0,PE,UPL26MAR710PE,0.0,0.0,0.0,16.0,16.0,16.0,747.65,12.2,0,0,0,0.0,0,F1,1355,,,,,
2026-02-18,2026-02-18,FO,NSE,STO,165497,,UPL,,2026-03-30,2026-03-30,840.0,PE,UPL26MAR840PE,0.0,0.0,0.0,72.8,0.0,72.8,747.65,92.3,0,0,0,0.0,0,F1,1355,,,,,
2026-02-18,2026-02-18,FO,NSE,STO,172047,,UPL,,2026-04-28,2026-04-28,580.0,PE,UPL26APR580PE,0.0,0.0,0.0,4.2,0.0,4.2,747.65,0.6,0,0,0,0.0,0,F1,1355,,,,,
2026-02-18,2026-02-18,FO,NSE,STO,165478,,UPL,,2026-03-30,2026-03-30,660.0,CE,UPL26MAR660CE,101.65,101.65,101.3,101.3,101.3,143.05,747.65,94.5,2710,2710,2,2063597.25,2,F1,1355,,,,,
2026-02-18,2026-02-18,FO,NSE,STO,171989,,UPL,,2026-03-30,2026-03-30,570.0,PE,UPL26MAR570PE,0.0,0.0,0.0,1.45,0.0,1.45,747.65,0.05,0,0,0,0.0,0,F1,1355,,,,,
2026-02-18,2026-02-18,FO,NSE,STO,165415,,UPL,,2026-02-24,2026-02-24,690.0,PE,UPL26FEB690PE,0.55,0.6,0.4,0.5,0.45,1.0,747.65,0.5,276420,-94850,277,259183180.5,173,F1,1355,,,,,
2026-02-18,2026-02-18,FO,NSE,STO,165403,,UPL,,2026-02-24,2026-02-24,570.0,PE,UPL26FEB570PE,0.0,0.0,0.0,0.5,0.5,0.5,747.65,0.05,0,0,0,0.0,0,F1,1355,,,,,
2026-02-18,2026-02-18,FO,NSE,STO,165399,,UPL,,2026-02-24,2026-02-24,540.0,PE,UPL26FEB540PE,0.05,0.05,0.05,0.05,0.05,0.1,747.65,0.05,6775,-1355,1,731767.75,1,F1,1355,,,,,
2026-02-18,2026-02-18,FO,NSE,STO,172068,,UPL,,2026-04-28,2026-04-28,800.0,CE,UPL26APR800CE,0.0,0.0,0.0,21.95,0.0,21.95,747.65,21.25,0,0,0,0.0,0,F1,1355,,,,,
2026-02-18,2026-02-18,FO,NSE,STO,171992,,UPL,,2026-03-30,2026-03-30,610.0,CE,UPL26MAR610CE,0.0,0.0,0.0,117.45,0.0,117.45,747.65,141.7,0,0,0,0.0,0,F1,1355,,,,,
2026-02-18,2026-02-18,FO,NSE,STO,165476,,UPL,,2026-03-30,2026-03-30,640.0,CE,UPL26MAR640CE,0.0,0.0,0.0,160.65,0.0,160.65,747.65,112.9,0,0,0,0.0,0,F1,1355,,,,,
2026-02-18,2026-02-18,FO,NSE,STO,150878,,UPL,,2026-02-24,2026-02-24,860.0,PE,UPL26FEB860PE,0.0,0.0,0.0,153.0,153.0,153.0,747.65,111.55,5420,0,0,0.0,0,F1,1355,,,,,
2026-02-18,2026-02-18,FO,NSE,STO,150255,,UPL,,2026-02-24,2026-02-24,560.0,CE,UPL26FEB560CE,0.0,0.0,0.0,181.9,181.9,181.9,747.65,188.15,0,0,0,0.0,0,F1,1355,,,,,
2026-02-18,2026-02-18,FO,NSE,STO,165410,,UPL,,2026-02-24,2026-02-24,650.0,CE,UPL26FEB650CE,100.5,100.5,100.5,100.5,100.5,91.0,747.65,100.5,25745,0,1,1016927.5,1,F1,1355,,,,,
2026-02-18,2026-02-18,FO,NSE,STF,59502,,UPL,,2026-02-24,2026-02-24,,,UPL26FEBFUT,739.95,756.0,739.95,749.3,748.3,741.05,747.65,749.3,27552570,-799450,3169,3215302399.5,2644,F1,1355,,,,,
2026-02-18,2026-02-18,FO,NSE,STO,165411,,UPL,,2026-02-24,2026-02-24,650.0,PE,UPL26FEB650PE,0.25,0.3,0.15,0.2,0.15,0.35,747.65,0.2,260160,-21680,58,51101928.0,47,F1,1355,,,,,
2026-02-18,2026-02-18,FO,NSE,STO,172058,,UPL,,2026-04-28,2026-04-28,700.0,CE,UPL26APR700CE,0.0,0.0,0.0,61.3,0.0,61.3,747.65,70.65,0,0,0,0.0,0,F1,1355,,,,,
2026-02-18,2026-02-18,FO,NSE,STO,165486,,UPL,,2026-03-30,2026-03-30,740.0,CE,UPL26MAR740CE,33.0,36.5,29.5,31.85,30.1,28.2,747.65,31.85,43360,8130,28,29322200.0,27,F1,1355,,,,,
2026-02-18,2026-02-18,FO,NSE,STO,172004,,UPL,,2026-03-30,2026-03-30,730.0,CE,UPL26MAR730CE,40.0,41.0,36.0,36.0,36.0,32.0,747.65,41.1,20325,5420,8,8343615.75,7,F1,1355,,,,,
2026-02-18,2026-02-18,FO,NSE,STO,150304,,UPL,,2026-02-24,2026-02-24,600.0,PE,UPL26FEB600PE,0.1,0.15,0.1,0.1,0.1,0.15,747.65,0.1,116530,-14905,22,17889658.5,19,F1,1355,,,,,
2026-02-18,2026-02-18,FO,NSE,STO,150302,,UPL,,2026-02-24,2026-02-24,580.0,PE,UPL26FEB580PE,0.05,0.05,0.05,0.05,0.05,0.1,747.65,0.05,234415,-1355,1,785967.75,1,F1,1355,,,,,
2026-02-18,2026-02-18,FO,NSE,STO,165498,,UPL,,2026-03-30,2026-03-30,860.0,CE,UPL26MAR860CE,0.0,0.0,0.0,3.5,3.5,3.5,747.65,3.05,20325,0,0,0.0,0,F1,1355,,,,,
2026-02-18,2026-02-18,FO,NSE,STO,165490,,UPL,,2026-03-30,2026-03-30,780.0,CE,UPL26MAR780CE,15.9,16.95,12.2,12.95,12.9,11.2,747.65,12.95,37940,6775,23,24751446.25,23,F1,1355,,,,,
2026-02-18,2026-02-18,FO,NSE,STO,172008,,UPL,,2026-03-30,2026-03-30,770.0,CE,UPL26MAR770CE,17.0,17.0,15.9,16.05,16.15,14.15,747.65,16.05,5420,0,3,3196512.75,3,F1,1355,,,,,
2026-02-18,2026-02-18,FO,NSE,STO,171994,,UPL,,2026-03-30,2026-03-30,630.0,CE,UPL26MAR630CE,0.0,0.0,0.0,100.5,0.0,100.5,747.65,122.35,0,0,0,0.0,0,F1,1355,,,,,
2026-02-18,2026-02-18,FO,NSE,STO,165414,,UPL,,2026-02-24,2026-02-24,690.0,CE,UPL26FEB690CE,0.0,0.0,0.0,50.65,50.65,50.65,747.65,58.45,124660,0,0,0.0,0,F1,1355,,,,,
2026-02-18,2026-02-18,FO,NSE,STO,165422,,UPL,,2026-02-24,2026-02-24,770.0,CE,UPL26FEB770CE,2.4,5.7,2.1,2.55,2.35,2.5,747.65,2.55,964760,-90785,2039,2137217245.5,1784,F1,1355,,,,,
2026-02-18,2026-02-18,FO,NSE,STO,150579,,UPL,,2026-02-24,2026-02-24,800.0,CE,UPL26FEB800CE,0.8,1.5,0.65,0.75,0.75,0.85,747.65,0.75,2859050,-132790,1219,1323175792.5,902,F1,1355,,,,,
2026-02-18,2026-02-18,FO,NSE,STO,165496,,UPL,,2026-03-30,2026-03-30,840.0,CE,UPL26MAR840CE,0.0,0.0,0.0,7.9,7.9,7.9,747.65,5.0,1355,0,0,0.0,0,F1,1355,,,,,
2026-02-18,2026-02-18,FO,NSE,STO,165398,,UPL,,2026-02-24,2026-02-24,540.0,CE,UPL26FEB540CE,0.0,0.0,0.0,215.5,215.5,215.5,747.65,208.15,4065,0,0,0.0,0,F1,1355,,,,,
2026-02-18,2026-02-18,FO,NSE,STO,165402,,UPL,,2026-02-24,2026-02-24,570.0,CE,UPL26FEB570CE,0.0,0.0,0.0,188.0,188.0,188.0,747.65,178.15,12195,0,0,0.0,0,F1,1355,,,,,
2026-02-18,2026-02-18,FO,NSE,STO,150521,,UPL,,2026-02-24,2026-02-24,660.0,CE,UPL26FEB660CE,85.5,85.5,85.4,85.4,85.4,87.05,747.65,88.25,43360,-4065,3,3030186.5,3,F1,1355,,,,,
2026-02-18,2026-02-18,FO,NSE,STO,172071,,UPL,,2026-04-28,2026-04-28,820.0,PE,UPL26APR820PE,0.0,0.0,0.0,108.3,0.0,108.3,747.65,79.7,0,0,0,0.0,0,F1,1355,,,,,
2026-02-18,2026-02-18,FO,NSE,STO,172063,,UPL,,2026-04-28,2026-04-28,740.0,PE,UPL26APR740PE,0.0,0.0,0.0,54.0,0.0,54.0,747.65,30.75,0,0,0,0.0,0,F1,1355,,,,,
2026-02-18,2026-02-18,FO,NSE,STO,172061,,UPL,,2026-04-28,2026-04-28,720.0,PE,UPL26APR720PE,0.0,0.0,0.0,43.35,0.0,43.35,747.65,22.45,0,0,0,0.0,0,F1,1355,,,,,
2026-02-18,2026-02-18,FO,NSE,STO,172013,,UPL,,2026-03-30,2026-03-30,810.0,PE,UPL26MAR810PE,0.0,0.0,0.0,97.05,0.0,97.05,747.65,67.3,0,0,0,0.0,0,F1,1355,,,,,
2026-02-18,2026-02-18,FO,NSE,STO,165487,,UPL,,2026-03-30,2026-03-30,740.0,PE,UPL26MAR740PE,16.5,19.85,16.3,17.15,16.3,21.7,747.65,17.15,66395,32520,60,61606497.75,49,F1,1355,,,,,
2026-02-18,2026-02-18,FO,NSE,STO,150840,,UPL,,2026-02-24,2026-02-24,840.0,PE,UPL26FEB840PE,0.0,0.0,0.0,98.4,0.0,98.4,747.65,91.6,0,0,0,0.0,0,F1,1355,,,,,
2026-02-18,2026-02-18,FO,NSE,STO,165425,,UPL,,2026-02-24,2026-02-24,790.0,PE,UPL26FEB790PE,44.4,44.8,40.2,41.75,41.7,49.7,747.65,41.75,39295,12195,24,27079946.0,24,F1,1355,,,,,
2026-02-18,2026-02-18,FO,NSE,STO,150572,,UPL,,2026-02-24,2026-02-24,740.0,PE,UPL26FEB740PE,10.95,11.0,4.3,4.85,5.2,10.4,747.65,4.85,631430,-77235,1019,1029755420.5,859,F1,1355,,,,,
2026-02-18,2026-02-18,FO,NSE,STO,150570,,UPL,,2026-02-24,2026-02-24,720.0,PE,UPL26FEB720PE,3.7,3.7,1.1,1.35,1.4,3.7,747.65,1.35,673435,181570,1126,1101191020.5,887,F1,1355,,,,,
2026-02-18,2026-02-18,FO,NSE,STO,172069,,UPL,,2026-04-28,2026-04-28,800.0,PE,UPL26APR800PE,0.0,0.0,0.0,93.15,0.0,93.15,747.65,65.3,0,0,0,0.0,0,F1,1355,,,,,
2026-02-18,2026-02-18,FO,NSE,STO,46962,,UPL,,2026-03-30,2026-03-30,540.0,CE,UPL26MAR540CE,0.0,0.0,0.0,238.8,0.0,238.8,747.65,210.9,0,0,0,0.0,0,F1,1355,,,,,
2026-02-18,2026-02-18,FO,NSE,STO,165483,,UPL,,2026-03-30,2026-03-30,700.0,PE,UPL26MAR700PE,7.1,7.8,6.2,6.4,6.2,8.75,747.65,6.4,162600,18970,112,107270404.25,94,F1,1355,,,,,
2026-02-18,2026-02-18,FO,NSE,STO,165477,,UPL,,2026-03-30,2026-03-30,640.0,PE,UPL26MAR640PE,1.6,1.8,1.6,1.75,1.75,2.0,747.65,1.75,33875,-2710,7,6086660.0,7,F1,1355,,,,,
2026-02-18,2026-02-18,FO,NSE,STO,165471,,UPL,,2026-03-30,2026-03-30,580.0,PE,UPL26MAR580PE,0.0,0.0,0.0,1.4,1.4,1.4,747.65,0.1,25745,0,0,0.0,0,F1,1355,,,,,
2026-02-18,2026-02-18,FO,NSE,STO,165429,,UPL,,2026-02-24,2026-02-24,830.0,PE,UPL26FEB830PE,0.0,0.0,0.0,113.0,113.0,113.0,747.65,81.65,5420,0,0,0.0,0,F1,1355,,,,,
2026-02-18,2026-02-18,FO,NSE,STO,150540,,UPL,,2026-02-24,2026-02-24,680.0,PE,UPL26FEB680PE,0.55,0.55,0.35,0.35,0.35,0.75,747.65,0.35,261515,-25745,178,164118413.0,122,F1,1355,,,,,
2026-02-18,2026-02-18,FO,NSE,STO,165413,,UPL,,2026-02-24,2026-02-24,670.0,PE,UPL26FEB670PE,0.35,0.4,0.15,0.2,0.2,0.5,747.65,0.2,242545,-12195,122,110799908.25,95,F1,1355,,,,,
2026-02-18,2026-02-18,FO,NSE,STO,165492,,UPL,,2026-03-30,2026-03-30,800.0,CE,UPL26MAR800CE,8.0,10.65,7.3,7.65,7.3,7.4,747.65,7.65,364495,9485,238,260803828.25,197,F1,1355,,,,,
2026-02-18,2026-02-18,FO,NSE,STO,165484,,UPL,,2026-03-30,2026-03-30,720.0,CE,UPL26MAR720CE,44.0,48.4,42.5,42.5,42.5,38.35,747.65,47.35,25745,-2710,7,7263816.25,7,F1,1355,,,,,
2026-02-18,2026-02-18,FO,NSE,STO,165474,,UPL,,2026-03-30,2026-03-30,620.0,CE,UPL26MAR620CE,0.0,0.0,0.0,178.9,0.0,178.9,747.65,132.0,0,0,0,0.0,0,F1,1355,,,,,
2026-02-18,2026-02-18,FO,NSE,STO,165408,,UPL,,2026-02-24,2026-02-24,630.0,CE,UPL26FEB630CE,0.0,0.0,0.0,75.8,75.8,75.8,747.65,118.2,2710,0,0,0.0,0,F1,1355,,,,,
2026-02-18,2026-02-18,FO,NSE,STF,52067,,UPL,,2026-03-30,2026-03-30,,,UPL26MARFUT,738.4,760.9,738.0,753.75,753.25,745.65,747.65,753.75,3510805,1955265,2089,2131154840.0,1466,F1,1355,,,,,
2026-02-18,2026-02-18,FO,NSE,STO,172011,,UPL,,2026-03-30,2026-03-30,790.0,PE,UPL26MAR790PE,49.0,49.0,49.0,49.0,49.0,81.45,747.65,52.4,1355,1355,1,1136845.0,1,F1,1355,,,,,
2026-02-18,2026-02-18,FO,NSE,STO,172057,,UPL,,2026-04-28,2026-04-28,680.0,PE,UPL26APR680PE,0.0,0.0,0.0,26.05,0.0,26.05,747.65,10.6,0,0,0,0.0,0,F1,1355,,,,,
2026-02-18,2026-02-18,FO,NSE,STO,151285,,UPL,,2026-02-24,2026-02-24,920.0,CE,UPL26FEB920CE,0.1,0.15,0.1,0.15,0.15,0.2,747.65,0.15,37940,2710,4,4987145.25,4,F1,1355,,,,,
2026-02-18,2026-02-18,FO,NSE,STO,171996,,UPL,,2026-03-30,2026-03-30,650.0,CE,UPL26MAR650CE,105.0,105.0,105.0,105.0,105.0,89.0,747.65,105.0,5420,1355,1,1023025.0,1,F1,1355,,,,,
2026-02-18,2026-02-18,FO,NSE,STO,172054,,UPL,,2026-04-28,2026-04-28,660.0,CE,UPL26APR660CE,0.0,0.0,0.0,86.05,0.0,86.05,747.65,101.25,0,0,0,0.0,0,F1,1355,,,,,
2026-02-18,2026-02-18,FO,NSE,STO,172052,,UPL,,2026-04-28,2026-04-28,640.0,CE,UPL26APR640CE,0.0,0.0,0.0,100.35,0.0,100.35,747.65,118.35,0,0,0,0.0,0,F1,1355,,,,,
2026-02-18,2026-02-18,FO,NSE,STO,165494,,UPL,,2026-03-30,2026-03-30,820.0,CE,UPL26MAR820CE,4.95,7.0,4.7,4.85,4.95,4.5,747.65,4.85,59620,14905,34,38040879.75,34,F1,1355,,,,,
2026-02-18,2026-02-18,FO,NSE,STO,165472,,UPL,,2026-03-30,2026-03-30,600.0,CE,UPL26MAR600CE,0.0,0.0,0.0,197.65,0.0,197.65,747.65,151.5,0,0,0,0.0,0,F1,1355,,,,,
2026-02-18,2026-02-18,FO,NSE,STO,165412,,UPL,,2026-02-24,2026-02-24,670.0,CE,UPL26FEB670CE,0.0,0.0,0.0,70.8,70.8,70.8,747.65,78.25,44715,0,0,0.0,0,F1,1355,,,,,
2026-02-18,2026-02-18,FO,NSE,STO,172007,,UPL,,2026-03-30,2026-03-30,750.0,PE,UPL26MAR750PE,28.15,28.15,20.0,20.85,20.55,30.5,747.65,20.85,154470,147695,163,170519026.5,127,F1,1355,,,,,
2026-02-18,2026-02-18,FO,NSE,STO,172053,,UPL,,2026-04-28,2026-04-28,640.0,PE,UPL26APR640PE,0.0,0.0,0.0,14.0,0.0,14.0,747.65,4.1,0,0,0,0.0,0,F1,1355,,,,,
2026-02-18,2026-02-18,FO,NSE,STO,172005,,UPL,,2026-03-30,2026-03-30,730.0,PE,UPL26MAR730PE,13.45,15.05,12.8,13.7,13.7,18.3,747.65,13.7,17615,12195,13,13102850.0,12,F1,1355,,,,,
2026-02-18,2026-02-18,FO,NSE,STO,165485,,UPL,,2026-03-30,2026-03-30,720.0,PE,UPL26MAR720PE,10.2,12.5,10.2,10.8,10.8,14.0,747.65,10.8,20325,10840,13,12883204.5,13,F1,1355,,,,,
2026-02-18,2026-02-18,FO,NSE,STO,172073,,UPL,,2026-04-28,2026-04-28,840.0,PE,UPL26APR840PE,0.0,0.0,0.0,124.2,0.0,124.2,747.65,95.3,0,0,0,0.0,0,F1,1355,,,,,
2026-02-18,2026-02-18,FO,NSE,STO,150882,,UPL,,2026-02-24,2026-02-24,880.0,PE,UPL26FEB880PE,0.0,0.0,0.0,158.0,158.0,158.0,747.65,131.55,1355,0,0,0.0,0,F1,1355,,,,,
2026-02-18,2026-02-18,FO,NSE,STO,150538,,UPL,,2026-02-24,2026-02-24,660.0,PE,UPL26FEB660PE,0.35,0.4,0.2,0.2,0.2,0.45,747.65,0.2,437665,-4065,90,80523652.75,63,F1,1355,,,,,
2026-02-18,2026-02-18,FO,NSE,STO,172064,,UPL,,2026-04-28,2026-04-28,760.0,CE,UPL26APR760CE,0.0,0.0,0.0,34.1,0.0,34.1,747.65,36.2,0,0,0,0.0,0,F1,1355,,,,,
2026-02-18,2026-02-18,FO,NSE,STO,172056,,UPL,,2026-04-28,2026-04-28,680.0,CE,UPL26APR680CE,0.0,0.0,0.0,73.0,0.0,73.0,747.65,85.25,0,0,0,0.0,0,F1,1355,,,,,
2026-02-18,2026-02-18,FO,NSE,STO,165480,,UPL,,2026-03-30,2026-03-30,680.0,CE,UPL26MAR680CE,0.0,0.0,0.0,66.2,66.2,66.2,747.65,77.2,1355,0,0,0.0,0,F1,1355,,,,,
2026-02-18,2026-02-18,FO,NSE,STO,165470,,UPL,,2026-03-30,2026-03-30,580.0,CE,UPL26MAR580CE,0.0,0.0,0.0,216.7,0.0,216.7,747.65,171.2,0,0,0,0.0,0,F1,1355,,,,,
2026-02-18,2026-02-18,FO,NSE,STO,165468,,UPL,,2026-03-30,2026-03-30,560.0,CE,UPL26MAR560CE,0.0,0.0,0.0,236.05,0.0,236.05,747.65,191.05,0,0,0,0.0,0,F1,1355,,,,,
2026-02-18,2026-02-18,FO,NSE,STO,150879,,UPL,,2026-02-24,2026-02-24,880.0,CE,UPL26FEB880CE,0.1,0.15,0.05,0.1,0.1,0.2,747.65,0.1,153115,-1355,8,9540284.0,6,F1,1355,,,,,
2026-02-18,2026-02-18,FO,NSE,STO,150841,,UPL,,2026-02-24,2026-02-24,860.0,CE,UPL26FEB860CE,0.3,0.3,0.2,0.2,0.2,0.25,747.65,0.2,39295,10840,12,13987597.25,10,F1,1355,,,,,
2026-02-18,2026-02-18,FO,NSE,STO,150581,,UPL,,2026-02-24,2026-02-24,820.0,CE,UPL26FEB820CE,0.5,0.65,0.3,0.35,0.35,0.5,747.65,0.35,460700,32520,271,301284724.25,173,F1,1355,,,,,
2026-02-18,2026-02-18,FO,NSE,STO,165495,,UPL,,2026-03-30,2026-03-30,820.0,PE,UPL26MAR820PE,0.0,0.0,0.0,60.5,0.0,60.5,747.65,75.35,0,0,0,0.0,0,F1,1355,,,,,
2026-02-18,2026-02-18,FO,NSE,STO,150574,,UPL,,2026-02-24,2026-02-24,760.0,PE,UPL26FEB760PE,17.0,19.05,13.0,15.85,16.6,23.05,747.65,15.85,234415,-35230,213,224131769.5,172,F1,1355,,,,,
2026-02-18,2026-02-18,FO,NSE,STO,165473,,UPL,,2026-03-30,2026-03-30,600.0,PE,UPL26MAR600PE,0.65,0.65,0.65,0.65,0.65,1.05,747.65,0.25,28455,-1355,1,813880.75,1,F1,1355,,,,,
2026-02-18,2026-02-18,FO,NSE,STO,171993,,UPL,,2026-03-30,2026-03-30,610.0,PE,UPL26MAR610PE,0.0,0.0,0.0,4.55,0.0,4.55,747.65,0.4,0,0,0,0.0,0,F1,1355,,,,,
2026-02-18,2026-02-18,FO,NSE,STO,171995,,UPL,,2026-03-30,2026-03-30,630.0,PE,UPL26MAR630PE,0.0,0.0,0.0,1.35,1.35,1.35,747.65,0.95,13550,0,0,0.0,0,F1,1355,,,,,
2026-02-18,2026-02-18,FO,NSE,STO,172049,,UPL,,2026-04-28,2026-04-28,600.0,PE,UPL26APR600PE,0.0,0.0,0.0,6.5,0.0,6.5,747.65,1.25,0,0,0,0.0,0,F1,1355,,,,,
2026-02-18,2026-02-18,FO,NSE,STO,172055,,UPL,,2026-04-28,2026-04-28,660.0,PE,UPL26APR660PE,0.0,0.0,0.0,19.4,0.0,19.4,747.65,6.75,0,0,0,0.0,0,F1,1355,,,,,
2026-02-18,2026-02-18,FO,NSE,STO,172077,,UPL,,2026-04-28,2026-04-28,880.0,PE,UPL26APR880PE,0.0,0.0,0.0,158.15,0.0,158.15,747.65,129.2,0,0,0,0.0,0,F1,1355,,,,,
2026-02-18,2026-02-18,FO,NSE,STO,172006,,UPL,,2026-03-30,2026-03-30,750.0,CE,UPL26MAR750CE,24.95,31.0,23.8,25.6,25.0,22.65,747.65,25.6,117885,56910,135,142164906.25,114,F1,1355,,,,,
2026-02-18,2026-02-18,FO,NSE,STF,67038,,UPL,,2026-04-28,2026-04-28,,,UPL26APRFUT,757.0,764.8,755.0,758.6,760.05,750.2,747.65,758.6,173440,6775,41,42187518.5,27,F1,1355,,,,,
2026-02-18,2026-02-18,FO,NSE,STO,150571,,UPL,,2026-02-24,2026-02-24,740.0,CE,UPL26FEB740CE,12.85,20.15,11.45,13.8,13.0,11.4,747.65,13.8,602975,-258805,996,1018611223.0,841,F1,1355,,,,,
2026-02-18,2026-02-18,FO,NSE,STO,46965,,UPL,,2026-03-30,2026-03-30,540.0,PE,UPL26MAR540PE,0.0,0.0,0.0,0.15,0.0,0.15,747.65,0.05,0,0,0,0.0,0,F1,1355,,,,,
2026-02-18,2026-02-18,FO,NSE,STO,165424,,UPL,,2026-02-24,2026-02-24,790.0,CE,UPL26FEB790CE,1.35,2.1,0.85,0.95,0.95,1.05,747.65,0.95,527095,-25745,454,486801974.75,389,F1,1355,,,,,
2026-02-18,2026-02-18,FO,NSE,STO,172012,,UPL,,2026-03-30,2026-03-30,810.0,CE,UPL26MAR810CE,0.0,0.0,0.0,7.0,7.0,7.0,747.65,9.8,2710,0,0,0.0,0,F1,1355,,,,,
2026-02-18,2026-02-18,FO,NSE,STO,165430,,UPL,,2026-02-24,2026-02-24,850.0,CE,UPL26FEB850CE,0.25,0.3,0.15,0.2,0.2,0.3,747.65,0.05,170730,-8130,29,33410099.5,23,F1,1355,,,,,
2026-02-18,2026-02-18,FO,NSE,STO,165418,,UPL,,2026-02-24,2026-02-24,730.0,CE,UPL26FEB730CE,17.85,27.3,17.8,22.0,21.6,17.4,747.65,22.0,422760,-94850,262,267007153.75,248,F1,1355,,,,,
2026-02-18,2026-02-18,FO,NSE,STO,172045,,UPL,,2026-04-28,2026-04-28,560.0,PE,UPL26APR560PE,0.0,0.0,0.0,2.55,0.0,2.55,747.65,0.3,0,0,0,0.0,0,F1,1355,,,,,
2026-02-18,2026-02-18,FO,NSE,STO,165491,,UPL,,2026-03-30,2026-03-30,780.0,PE,UPL26MAR780PE,37.8,41.05,36.2,40.0,40.0,45.5,747.65,45.55,18970,13550,15,16646717.0,15,F1,1355,,,,,
2026-02-18,2026-02-18,FO,NSE,STO,171999,,UPL,,2026-03-30,2026-03-30,670.0,PE,UPL26MAR670PE,4.3,4.3,2.85,3.55,3.55,4.75,747.65,4.0,12195,1355,3,2738048.5,3,F1,1355,,,,,
2026-02-18,2026-02-18,FO,NSE,STO,150592,,UPL,,2026-02-24,2026-02-24,820.0,PE,UPL26FEB820PE,69.65,74.1,69.65,73.3,73.3,96.1,747.65,71.7,9485,-5420,6,7253315.0,6,F1,1355,,,,,
2026-02-18,2026-02-18,FO,NSE,STO,150542,,UPL,,2026-02-24,2026-02-24,700.0,PE,UPL26FEB700PE,1.45,1.45,0.45,0.55,0.55,1.45,747.65,0.55,749315,-31165,385,365541873.0,279,F1,1355,,,,,
2026-02-18,2026-02-18,FO,NSE,STO,165409,,UPL,,2026-02-24,2026-02-24,630.0,PE,UPL26FEB630PE,0.1,0.2,0.1,0.2,0.2,0.25,747.65,0.2,46070,-5420,15,12807798.75,8,F1,1355,,,,,
2026-02-18,2026-02-18,FO,NSE,STO,172050,,UPL,,2026-04-28,2026-04-28,620.0,CE,UPL26APR620CE,0.0,0.0,0.0,115.8,0.0,115.8,747.65,136.4,0,0,0,0.0,0,F1,1355,,,,,
2026-02-18,2026-02-18,FO,NSE,STO,172000,,UPL,,2026-03-30,2026-03-30,690.0,CE,UPL26MAR690CE,0.0,0.0,0.0,68.15,68.15,68.15,747.65,69.05,0,0,0,0.0,0,F1,1355,,,,,
2026-02-18,2026-02-18,FO,NSE,STO,150883,,UPL,,2026-02-24,2026-02-24,900.0,CE,UPL26FEB900CE,0.1,0.1,0.05,0.1,0.1,0.2,747.65,0.1,107045,-2710,4,4878474.25,4,F1,1355,,,,,
2026-02-18,2026-02-18,FO,NSE,STO,165432,,UPL,,2026-02-24,2026-02-24,870.0,CE,UPL26FEB870CE,0.0,0.0,0.0,0.2,0.2,0.2,747.65,0.05,60975,0,0,0.0,0,F1,1355,,,,,
2026-02-18,2026-02-18,FO,NSE,STO,165405,,UPL,,2026-02-24,2026-02-24,590.0,PE,UPL26FEB590PE,0.1,0.1,0.1,0.1,0.1,0.15,747.65,0.05,31165,0,1,799585.5,1,F1,1355,,,,,
2026-02-18,2026-02-18,FO,NSE,STO,165419,,UPL,,2026-02-24,2026-02-24,730.0,PE,UPL26FEB730PE,6.45,6.45,2.1,2.6,2.75,6.45,747.65,2.6,560970,59620,1316,1307313281.75,1137,F1,1355,,,,,
2026-02-18,2026-02-18,FO,NSE,STO,172067,,UPL,,2026-04-28,2026-04-28,780.0,PE,UPL26APR780PE,0.0,0.0,0.0,79.0,0.0,79.0,747.65,52.25,0,0,0,0.0,0,F1,1355,,,,,
2026-02-18,2026-02-18,FO,NSE,STO,172051,,UPL,,2026-04-28,2026-04-28,620.0,PE,UPL26APR620PE,0.0,0.0,0.0,9.75,0.0,9.75,747.65,2.35,0,0,0,0.0,0,F1,1355,,,,,
2026-02-18,2026-02-18,FO,NSE,STO,165426,,UPL,,2026-02-24,2026-02-24,810.0,CE,UPL26FEB810CE,0.75,1.0,0.5,0.55,0.5,0.65,747.65,0.55,258805,29810,266,292219367.75,234,F1,1355,,,,,
2026-02-18,2026-02-18,FO,NSE,STO,172048,,UPL,,2026-04-28,2026-04-28,600.0,CE,UPL26APR600CE,0.0,0.0,0.0,132.25,0.0,132.25,747.65,155.1,0,0,0,0.0,0,F1,1355,,,,,
2026-02-18,2026-02-18,FO,NSE,STO,150257,,UPL,,2026-02-24,2026-02-24,580.0,CE,UPL26FEB580CE,0.0,0.0,0.0,180.4,0.0,180.4,747.65,168.15,0,0,0,0.0,0,F1,1355,,,,,
2026-02-18,2026-02-18,FO,NSE,STO,165406,,UPL,,2026-02-24,2026-02-24,610.0,CE,UPL26FEB610CE,0.0,0.0,0.0,134.25,134.25,134.25,747.65,138.2,4065,0,0,0.0,0,F1,1355,,,,,
2026-02-18,2026-02-18,FO,NSE,STO,150578,,UPL,,2026-02-24,2026-02-24,780.0,PE,UPL26FEB780PE,31.7,36.0,30.25,32.25,32.25,42.7,747.65,32.25,150405,-12195,24,26464911.5,24,F1,1355,,,,,
2026-02-18,2026-02-18,FO,NSE,STO,171988,,UPL,,2026-03-30,2026-03-30,570.0,CE,UPL26MAR570CE,0.0,0.0,0.0,153.95,0.0,153.95,747.65,181.1,0,0,0,0.0,0,F1,1355,,,,,
2026-02-18,2026-02-18,FO,NSE,STO,172044,,UPL,,2026-04-28,2026-04-28,560.0,CE,UPL26APR560CE,0.0,0.0,0.0,167.7,0.0,167.7,747.65,193.7,0,0,0,0.0,0,F1,1355,,,,,
2026-02-18,2026-02-18,FO,NSE,STO,150593,,UPL,,2026-02-24,2026-02-24,840.0,CE,UPL26FEB840CE,0.2,0.4,0.15,0.25,0.25,0.3,747.65,0.25,128725,-5420,18,20494375.0,17,F1,1355,,,,,
2026-02-18,2026-02-18,FO,NSE,STO,171990,,UPL,,2026-03-30,2026-03-30,590.0,CE,UPL26MAR590CE,0.0,0.0,0.0,135.35,0.0,135.35,747.65,161.35,0,0,0,0.0,0,F1,1355,,,,,
2026-02-18,2026-02-18,FO,NSE,STO,172060,,UPL,,2026-04-28,2026-04-28,720.0,CE,UPL26APR720CE,0.0,0.0,0.0,50.95,0.0,50.95,747.65,57.55,0,0,0,0.0,0,F1,1355,,,,,
2026-02-18,2026-02-18,FO,NSE,STO,150362,,UPL,,2026-02-24,2026-02-24,620.0,PE,UPL26FEB620PE,0.2,0.2,0.15,0.15,0.15,0.25,747.65,0.05,89430,-8130,8,6722493.75,6,F1,1355,,,,,
2026-02-18,2026-02-18,FO,NSE,STO,165423,,UPL,,2026-02-24,2026-02-24,770.0,PE,UPL26FEB770PE,22.75,26.35,20.0,23.25,23.35,32.35,747.65,23.25,58265,-20325,48,51620893.0,47,F1,1355,,,,,
2026-02-18,2026-02-18,FO,NSE,STO,165475,,UPL,,2026-03-30,2026-03-30,620.0,PE,UPL26MAR620PE,0.0,0.0,0.0,3.7,3.7,3.7,747.65,0.6,24390,0,0,0.0,0,F1,1355,,,,,
2026-02-18,2026-02-18,FO,NSE,STO,165479,,UPL,,2026-03-30,2026-03-30,660.0,PE,UPL26MAR660PE,3.55,3.55,2.2,2.65,2.6,3.75,747.65,2.65,71815,4065,6,5387954.25,6,F1,1355,,,,,
2026-02-18,2026-02-18,FO,NSE,STO,165489,,UPL,,2026-03-30,2026-03-30,760.0,PE,UPL26MAR760PE,24.5,29.05,24.5,25.5,25.5,32.35,747.65,25.5,33875,4065,14,14926205.75,10,F1,1355,,,,,
2026-02-18,2026-02-18,FO,NSE,STO,172009,,UPL,,2026-03-30,2026-03-30,770.0,PE,UPL26MAR770PE,33.5,34.5,31.5,31.5,31.5,41.3,747.65,31.5,23035,10840,9,9796446.75,8,F1,1355,,,,,
2026-02-18,2026-02-18,FO,NSE,STO,150303,,UPL,,2026-02-24,2026-02-24,600.0,CE,UPL26FEB600CE,0.0,0.0,0.0,162.0,0.0,162.0,747.65,148.2,0,0,0,0.0,0,F1,1355,,,,,
2026-02-18,2026-02-18,FO,NSE,STO,165404,,UPL,,2026-02-24,2026-02-24,590.0,CE,UPL26FEB590CE,0.0,0.0,0.0,203.05,0.0,203.05,747.65,158.2,0,0,0,0.0,0,F1,1355,,,,,
2026-02-18,2026-02-18,FO,NSE,STO,165469,,UPL,,2026-03-30,2026-03-30,560.0,PE,UPL26MAR560PE,0.0,0.0,0.0,0.4,0.0,0.4,747.65,0.05,0,0,0,0.0,0,F1,1355,,,,,
2026-02-18,2026-02-18,FO,NSE,STO,171991,,UPL,,2026-03-30,2026-03-30,590.0,PE,UPL26MAR590PE,0.0,0.0,0.0,2.65,0.0,2.65,747.65,0.15,0,0,0,0.0,0,F1,1355,,,,,
2026-02-18,2026-02-18,FO,NSE,STO,171997,,UPL,,2026-03-30,2026-03-30,650.0,PE,UPL26MAR650PE,2.2,2.2,1.55,2.2,2.2,2.95,747.65,2.2,46070,0,9,7951817.5,9,F1,1355,,,,,
2026-02-18,2026-02-18,FO,NSE,STO,165493,,UPL,,2026-03-30,2026-03-30,800.0,PE,UPL26MAR800PE,56.0,57.45,53.25,54.25,54.25,60.7,747.65,59.65,28455,9485,7,8112588.25,7,F1,1355,,,,,
2026-02-18,2026-02-18,FO,NSE,STO,165499,,UPL,,2026-03-30,2026-03-30,860.0,PE,UPL26MAR860PE,0.0,0.0,0.0,86.25,0.0,86.25,747.65,110.25,0,0,0,0.0,0,F1,1355,,,,,
2026-02-18,2026-02-18,FO,NSE,STO,165427,,UPL,,2026-02-24,2026-02-24,810.0,PE,UPL26FEB810PE,60.6,62.2,60.6,61.5,61.1,72.55,747.65,61.5,6775,0,4,4723191.25,4,F1,1355,,,,,
2026-02-18,2026-02-18,FO,NSE,STO,165421,,UPL,,2026-02-24,2026-02-24,750.0,PE,UPL26FEB750PE,12.55,12.8,7.7,8.95,9.85,15.8,747.65,8.95,966115,6775,807,831006391.75,683,F1,1355,,,,,
2026-02-18,2026-02-18,FO,NSE,STO,150520,,UPL,,2026-02-24,2026-02-24,640.0,PE,UPL26FEB640PE,0.25,0.25,0.1,0.15,0.1,0.25,747.65,0.15,238480,-4065,42,36431207.5,36,F1,1355,,,,,
2026-02-18,2026-02-18,FO,NSE,STO,150256,,UPL,,2026-02-24,2026-02-24,560.0,PE,UPL26FEB560PE,0.0,0.0,0.0,0.1,0.1,0.1,747.65,0.05,2710,0,0,0.0,0,F1,1355,,,,,
2026-02-18,2026-02-18,FO,NSE,STO,172076,,UPL,,2026-04-28,2026-04-28,880.0,CE,UPL26APR880CE,0.0,0.0,0.0,8.15,0.0,8.15,747.65,5.95,0,0,0,0.0,0,F1,1355,,,,,
2026-02-18,2026-02-18,FO,NSE,STO,172070,,UPL,,2026-04-28,2026-04-28,820.0,CE,UPL26APR820CE,0.0,0.0,0.0,17.4,0.0,17.4,747.65,15.85,0,0,0,0.0,0,F1,1355,,,,,
2026-02-18,2026-02-18,FO,NSE,STO,165730,,VEDL,,2026-02-24,2026-02-24,605.0,CE,VEDL26FEB605CE,0.0,0.0,0.0,86.05,86.05,86.05,678.0,73.6,6900,0,0,0.0,0,F1,1150,,,,,
2026-02-18,2026-02-18,FO,NSE,STO,165726,,VEDL,,2026-02-24,2026-02-24,585.0,CE,VEDL26FEB585CE,0.0,0.0,0.0,48.1,0.0,48.1,678.0,93.55,0,0,0,0.0,0,F1,1150,,,,,
2026-02-18,2026-02-18,FO,NSE,STO,154441,,VEDL,,2026-02-24,2026-02-24,530.0,CE,VEDL26FEB530CE,0.0,0.0,0.0,144.9,144.9,144.9,678.0,148.5,2300,0,0,0.0,0,F1,1150,,,,,
2026-02-18,2026-02-18,FO,NSE,STO,165844,,VEDL,,2026-03-30,2026-03-30,710.0,CE,VEDL26MAR710CE,17.65,18.2,16.2,16.95,16.9,16.2,678.0,16.95,200100,51750,122,102034497.5,80,F1,1150,,,,,
2026-02-18,2026-02-18,FO,NSE,STO,172292,,VEDL,,2026-03-30,2026-03-30,755.0,CE,VEDL26MAR755CE,0.0,0.0,0.0,6.7,6.7,6.7,678.0,8.4,23000,0,0,0.0,0,F1,1150,,,,,
2026-02-18,2026-02-18,FO,NSE,STO,172300,,VEDL,,2026-03-30,2026-03-30,795.0,CE,VEDL26MAR795CE,0.0,0.0,0.0,15.35,0.0,15.35,678.0,3.5,0,0,0,0.0,0,F1,1150,,,,,
2026-02-18,2026-02-18,FO,NSE,STO,50342,,VEDL,,2026-03-30,2026-03-30,850.0,CE,VEDL26MAR850CE,1.6,1.6,1.35,1.45,1.45,1.55,678.0,0.9,212750,2300,18,17626050.0,18,F1,1150,,,,,
2026-02-18,2026-02-18,FO,NSE,STO,172338,,VEDL,,2026-04-28,2026-04-28,540.0,CE,VEDL26APR540CE,0.0,0.0,0.0,176.65,0.0,176.65,678.0,145.8,0,0,0,0.0,0,F1,1150,,,,,
2026-02-18,2026-02-18,FO,NSE,STO,172344,,VEDL,,2026-04-28,2026-04-28,570.0,CE,VEDL26APR570CE,0.0,0.0,0.0,149.95,0.0,149.95,678.0,118.85,0,0,0,0.0,0,F1,1150,,,,,
2026-02-18,2026-02-18,FO,NSE,STO,172346,,VEDL,,2026-04-28,2026-04-28,580.0,CE,VEDL26APR580CE,0.0,0.0,0.0,141.4,0.0,141.4,678.0,110.35,0,0,0,0.0,0,F1,1150,,,,,
2026-02-18,2026-02-18,FO,NSE,STO,154434,,VEDL,,2026-02-24,2026-02-24,490.0,PE,VEDL26FEB490PE,0.1,0.1,0.1,0.1,0.1,0.25,678.0,0.05,32200,-2300,3,1690845.0,3,F1,1150,,,,,
2026-02-18,2026-02-18,FO,NSE,STO,40997,,VEDL,,2026-02-24,2026-02-24,545.0,PE,VEDL26FEB545PE,0.0,0.0,0.0,0.5,0.5,0.5,678.0,0.05,62100,0,0,0.0,0,F1,1150,,,,,
2026-02-18,2026-02-18,FO,NSE,STO,154456,,VEDL,,2026-02-24,2026-02-24,600.0,PE,VEDL26FEB600PE,0.9,0.9,0.45,0.5,0.5,0.95,678.0,0.5,1735350,-101200,876,604997175.0,416,F1,1150,,,,,
2026-02-18,2026-02-18,FO,NSE,STO,154458,,VEDL,,2026-02-24,2026-02-24,610.0,PE,VEDL26FEB610PE,0.85,0.9,0.45,0.55,0.55,1.2,678.0,0.55,593400,-69000,413,290019937.5,263,F1,1150,,,,,
2026-02-18,2026-02-18,FO,NSE,STO,154466,,VEDL,,2026-02-24,2026-02-24,650.0,PE,VEDL26FEB650PE,6.0,6.15,2.5,2.65,2.8,6.5,678.0,2.65,1944650,-66700,2088,1569866725.0,1456,F1,1150,,,,,
2026-02-18,2026-02-18,FO,NSE,STO,165767,,VEDL,,2026-02-24,2026-02-24,790.0,PE,VEDL26FEB790PE,114.5,114.5,114.5,114.5,114.5,121.9,678.0,114.5,104650,-1150,1,1040175.0,1,F1,1150,,,,,
2026-02-18,2026-02-18,FO,NSE,STO,49150,,VEDL,,2026-02-24,2026-02-24,795.0,PE,VEDL26FEB795PE,0.0,0.0,0.0,153.7,0.0,153.7,678.0,116.3,0,0,0,0.0,0,F1,1150,,,,,
2026-02-18,2026-02-18,FO,NSE,STO,165815,,VEDL,,2026-03-30,2026-03-30,560.0,PE,VEDL26MAR560PE,2.2,2.35,1.8,2.35,2.35,2.6,678.0,1.2,5750,1150,5,3231902.5,5,F1,1150,,,,,
2026-02-18,2026-02-18,FO,NSE,STO,165819,,VEDL,,2026-03-30,2026-03-30,580.0,PE,VEDL26MAR580PE,3.7,3.7,2.65,2.85,2.85,4.2,678.0,2.85,87400,6900,38,25486990.0,35,F1,1150,,,,,
2026-02-18,2026-02-18,FO,NSE,STO,165823,,VEDL,,2026-03-30,2026-03-30,600.0,PE,VEDL26MAR600PE,6.9,6.95,4.55,4.75,4.95,7.05,678.0,4.75,1399550,44850,239,166344395.0,191,F1,1150,,,,,
2026-02-18,2026-02-18,FO,NSE,STO,172269,,VEDL,,2026-03-30,2026-03-30,635.0,PE,VEDL26MAR635PE,13.25,13.25,11.05,11.05,11.05,11.7,678.0,11.05,73600,4600,21,15630857.5,19,F1,1150,,,,,
2026-02-18,2026-02-18,FO,NSE,STO,165845,,VEDL,,2026-03-30,2026-03-30,710.0,PE,VEDL26MAR710PE,48.0,48.0,48.0,48.0,48.0,54.0,678.0,47.4,21850,2300,2,1743400.0,2,F1,1150,,,,,
2026-02-18,2026-02-18,FO,NSE,STO,165859,,VEDL,,2026-03-30,2026-03-30,780.0,PE,VEDL26MAR780PE,0.0,0.0,0.0,118.0,118.0,118.0,678.0,102.25,2300,0,0,0.0,0,F1,1150,,,,,
2026-02-18,2026-02-18,FO,NSE,STO,172339,,VEDL,,2026-04-28,2026-04-28,540.0,PE,VEDL26APR540PE,0.0,0.0,0.0,2.9,0.0,2.9,678.0,2.2,0,0,0,0.0,0,F1,1150,,,,,
2026-02-18,2026-02-18,FO,NSE,STO,172391,,VEDL,,2026-04-28,2026-04-28,800.0,PE,VEDL26APR800PE,0.0,0.0,0.0,105.0,0.0,105.0,678.0,122.35,0,0,0,0.0,0,F1,1150,,,,,
2026-02-18,2026-02-18,FO,NSE,STO,172262,,VEDL,,2026-03-30,2026-03-30,605.0,CE,VEDL26MAR605CE,0.0,0.0,0.0,113.6,0.0,113.6,678.0,82.2,0,0,0,0.0,0,F1,1150,,,,,
2026-02-18,2026-02-18,FO,NSE,STO,165812,,VEDL,,2026-03-30,2026-03-30,550.0,CE,VEDL26MAR550CE,130.5,130.5,129.0,129.0,129.0,120.55,678.0,129.0,34500,4600,4,3128575.0,2,F1,1150,,,,,
2026-02-18,2026-02-18,FO,NSE,STO,165776,,VEDL,,2026-02-24,2026-02-24,840.0,CE,VEDL26FEB840CE,0.15,0.2,0.1,0.15,0.15,0.2,678.0,0.15,609500,-60950,110,106277997.5,52,F1,1150,,,,,
2026-02-18,2026-02-18,FO,NSE,STO,50316,,VEDL,,2026-02-24,2026-02-24,835.0,CE,VEDL26FEB835CE,0.1,0.1,0.1,0.1,0.1,0.25,678.0,0.05,39100,-10350,9,8643285.0,7,F1,1150,,,,,
2026-02-18,2026-02-18,FO,NSE,STO,165766,,VEDL,,2026-02-24,2026-02-24,790.0,CE,VEDL26FEB790CE,0.5,0.5,0.25,0.35,0.3,0.45,678.0,0.35,584200,-48300,135,122700687.5,97,F1,1150,,,,,
2026-02-18,2026-02-18,FO,NSE,STO,165758,,VEDL,,2026-02-24,2026-02-24,745.0,CE,VEDL26FEB745CE,1.0,1.0,0.5,0.75,0.75,1.0,678.0,0.75,347300,-18400,315,270139657.5,234,F1,1150,,,,,
2026-02-18,2026-02-18,FO,NSE,STO,165826,,VEDL,,2026-03-30,2026-03-30,620.0,CE,VEDL26MAR620CE,64.8,67.5,64.8,67.5,67.5,62.75,678.0,70.1,154100,2300,4,3159107.5,4,F1,1150,,,,,
2026-02-18,2026-02-18,FO,NSE,STO,172268,,VEDL,,2026-03-30,2026-03-30,635.0,CE,VEDL26MAR635CE,0.0,0.0,0.0,55.0,55.0,55.0,678.0,58.95,1150,0,0,0.0,0,F1,1150,,,,,
2026-02-18,2026-02-18,FO,NSE,STO,172280,,VEDL,,2026-03-30,2026-03-30,695.0,CE,VEDL26MAR695CE,22.0,22.25,21.95,22.0,22.0,21.4,678.0,25.25,18400,8050,11,9070165.0,9,F1,1150,,,,,
2026-02-18,2026-02-18,FO,NSE,STO,48611,,VEDL,,2026-02-24,2026-02-24,740.0,CE,VEDL26FEB740CE,1.0,1.05,0.55,0.8,0.75,1.05,678.0,0.8,1238550,-111550,662,563952065.0,522,F1,1150,,,,,
2026-02-18,2026-02-18,FO,NSE,STO,165728,,VEDL,,2026-02-24,2026-02-24,595.0,CE,VEDL26FEB595CE,0.0,0.0,0.0,42.45,0.0,42.45,678.0,83.55,0,0,0,0.0,0,F1,1150,,,,,
2026-02-18,2026-02-18,FO,NSE,STO,172387,,VEDL,,2026-04-28,2026-04-28,780.0,PE,VEDL26APR780PE,0.0,0.0,0.0,90.45,0.0,90.45,678.0,105.6,0,0,0,0.0,0,F1,1150,,,,,
2026-02-18,2026-02-18,FO,NSE,STO,172369,,VEDL,,2026-04-28,2026-04-28,690.0,PE,VEDL26APR690PE,0.0,0.0,0.0,35.0,35.0,35.0,678.0,43.3,3450,0,0,0.0,0,F1,1150,,,,,
2026-02-18,2026-02-18,FO,NSE,STO,172376,,VEDL,,2026-04-28,2026-04-28,730.0,CE,VEDL26APR730CE,0.0,0.0,0.0,45.25,0.0,45.25,678.0,23.45,0,0,0,0.0,0,F1,1150,,,,,
2026-02-18,2026-02-18,FO,NSE,STO,172390,,VEDL,,2026-04-28,2026-04-28,800.0,CE,VEDL26APR800CE,5.85,5.85,5.85,5.85,5.85,6.2,678.0,8.65,31050,1150,1,926727.5,1,F1,1150,,,,,
2026-02-18,2026-02-18,FO,NSE,STO,172394,,VEDL,,2026-04-28,2026-04-28,820.0,CE,VEDL26APR820CE,0.0,0.0,0.0,5.55,5.55,5.55,678.0,6.3,343850,0,0,0.0,0,F1,1150,,,,,
2026-02-18,2026-02-18,FO,NSE,STO,165725,,VEDL,,2026-02-24,2026-02-24,575.0,PE,VEDL26FEB575PE,0.3,0.35,0.3,0.35,0.35,0.6,678.0,0.05,46000,3450,8,5292817.5,5,F1,1150,,,,,
2026-02-18,2026-02-18,FO,NSE,STO,154467,,VEDL,,2026-02-24,2026-02-24,660.0,CE,VEDL26FEB660CE,19.8,22.6,18.3,21.35,20.7,18.6,678.0,21.35,1000500,-132250,780,610646032.5,640,F1,1150,,,,,
2026-02-18,2026-02-18,FO,NSE,STO,41618,,VEDL,,2026-02-24,2026-02-24,690.0,CE,VEDL26FEB690CE,5.75,7.2,4.9,5.7,5.6,5.95,678.0,5.7,936100,-73600,2784,2228205385.0,2569,F1,1150,,,,,
2026-02-18,2026-02-18,FO,NSE,STO,48609,,VEDL,,2026-02-24,2026-02-24,710.0,CE,VEDL26FEB710CE,2.8,3.1,1.9,2.15,2.2,2.75,678.0,2.15,1553650,-34500,1326,1086256937.5,1062,F1,1150,,,,,
2026-02-18,2026-02-18,FO,NSE,STO,172363,,VEDL,,2026-04-28,2026-04-28,660.0,PE,VEDL26APR660PE,22.0,22.0,22.0,22.0,22.0,21.0,678.0,28.7,10350,3450,4,3137200.0,4,F1,1150,,,,,
2026-02-18,2026-02-18,FO,NSE,STO,172349,,VEDL,,2026-04-28,2026-04-28,590.0,PE,VEDL26APR590PE,0.0,0.0,0.0,8.55,0.0,8.55,678.0,8.0,0,0,0,0.0,0,F1,1150,,,,,
2026-02-18,2026-02-18,FO,NSE,STO,172343,,VEDL,,2026-04-28,2026-04-28,560.0,PE,VEDL26APR560PE,0.0,0.0,0.0,4.65,0.0,4.65,678.0,3.85,0,0,0,0.0,0,F1,1150,,,,,
2026-02-18,2026-02-18,FO,NSE,STO,165866,,VEDL,,2026-03-30,2026-03-30,840.0,CE,VEDL26MAR840CE,1.65,1.8,1.65,1.8,1.8,2.5,678.0,1.8,90850,-1150,9,8711710.0,8,F1,1150,,,,,
2026-02-18,2026-02-18,FO,NSE,STO,172298,,VEDL,,2026-03-30,2026-03-30,785.0,CE,VEDL26MAR785CE,0.0,0.0,0.0,17.6,0.0,17.6,678.0,4.4,0,0,0,0.0,0,F1,1150,,,,,
2026-02-18,2026-02-18,FO,NSE,STO,172381,,VEDL,,2026-04-28,2026-04-28,750.0,PE,VEDL26APR750PE,0.0,0.0,0.0,70.55,0.0,70.55,678.0,82.15,0,0,0,0.0,0,F1,1150,,,,,
2026-02-18,2026-02-18,FO,NSE,STO,165753,,VEDL,,2026-02-24,2026-02-24,715.0,PE,VEDL26FEB715PE,45.0,45.0,38.75,38.75,38.75,50.75,678.0,38.15,264500,-11500,35,30457922.5,35,F1,1150,,,,,
2026-02-18,2026-02-18,FO,NSE,STO,165761,,VEDL,,2026-02-24,2026-02-24,755.0,PE,VEDL26FEB755PE,81.55,81.55,81.55,81.55,81.55,85.05,678.0,76.4,113850,-1150,1,962032.5,1,F1,1150,,,,,
2026-02-18,2026-02-18,FO,NSE,STO,41024,,VEDL,,2026-03-30,2026-03-30,565.0,PE,VEDL26MAR565PE,0.0,0.0,0.0,5.25,0.0,5.25,678.0,1.5,0,0,0,0.0,0,F1,1150,,,,,
2026-02-18,2026-02-18,FO,NSE,STO,165853,,VEDL,,2026-03-30,2026-03-30,750.0,PE,VEDL26MAR750PE,80.8,80.8,76.5,76.5,76.5,91.8,678.0,76.8,111550,0,6,5716650.0,6,F1,1150,,,,,
2026-02-18,2026-02-18,FO,NSE,STO,172293,,VEDL,,2026-03-30,2026-03-30,755.0,PE,VEDL26MAR755PE,0.0,0.0,0.0,67.5,0.0,67.5,678.0,80.85,0,0,0,0.0,0,F1,1150,,,,,
2026-02-18,2026-02-18,FO,NSE,STO,172355,,VEDL,,2026-04-28,2026-04-28,620.0,PE,VEDL26APR620PE,0.0,0.0,0.0,15.5,15.5,15.5,678.0,14.7,3450,0,0,0.0,0,F1,1150,,,,,
2026-02-18,2026-02-18,FO,NSE,STO,172379,,VEDL,,2026-04-28,2026-04-28,740.0,PE,VEDL26APR740PE,0.0,0.0,0.0,64.45,0.0,64.45,678.0,74.9,0,0,0,0.0,0,F1,1150,,,,,
2026-02-18,2026-02-18,FO,NSE,STO,165724,,VEDL,,2026-02-24,2026-02-24,575.0,CE,VEDL26FEB575CE,0.0,0.0,0.0,110.0,110.0,110.0,678.0,103.5,3450,0,0,0.0,0,F1,1150,,,,,
2026-02-18,2026-02-18,FO,NSE,STO,165756,,VEDL,,2026-02-24,2026-02-24,735.0,CE,VEDL26FEB735CE,1.15,1.25,0.6,0.85,0.9,1.2,678.0,0.85,415150,26450,377,319028285.0,337,F1,1150,,,,,
2026-02-18,2026-02-18,FO,NSE,STO,165760,,VEDL,,2026-02-24,2026-02-24,755.0,CE,VEDL26FEB755CE,0.7,0.7,0.4,0.6,0.65,0.8,678.0,0.6,410550,-3450,143,124253302.5,130,F1,1150,,,,,
2026-02-18,2026-02-18,FO,NSE,STO,165764,,VEDL,,2026-02-24,2026-02-24,770.0,CE,VEDL26FEB770CE,0.55,0.65,0.25,0.45,0.45,0.65,678.0,0.45,1221300,-56350,462,409301445.0,215,F1,1150,,,,,
2026-02-18,2026-02-18,FO,NSE,STO,165768,,VEDL,,2026-02-24,2026-02-24,800.0,CE,VEDL26FEB800CE,0.5,0.5,0.2,0.35,0.3,0.5,678.0,0.35,2149350,-470350,841,774027222.5,291,F1,1150,,,,,
2026-02-18,2026-02-18,FO,NSE,STO,165774,,VEDL,,2026-02-24,2026-02-24,830.0,CE,VEDL26FEB830CE,0.2,0.2,0.15,0.15,0.15,0.25,678.0,0.15,89700,-20700,29,27685790.0,24,F1,1150,,,,,
2026-02-18,2026-02-18,FO,NSE,STO,51240,,VEDL,,2026-02-24,2026-02-24,845.0,CE,VEDL26FEB845CE,0.1,0.15,0.1,0.15,0.15,0.15,678.0,0.05,515200,-46000,51,49566552.5,35,F1,1150,,,,,
2026-02-18,2026-02-18,FO,NSE,STO,50343,,VEDL,,2026-03-30,2026-03-30,850.0,PE,VEDL26MAR850PE,171.5,173.0,171.5,172.0,172.0,173.0,678.0,167.8,17250,13800,12,14100150.0,5,F1,1150,,,,,
2026-02-18,2026-02-18,FO,NSE,STO,41015,,VEDL,,2026-03-30,2026-03-30,535.0,CE,VEDL26MAR535CE,0.0,0.0,0.0,129.5,129.5,129.5,678.0,146.65,0,0,0,0.0,0,F1,1150,,,,,
2026-02-18,2026-02-18,FO,NSE,STO,172362,,VEDL,,2026-04-28,2026-04-28,660.0,CE,VEDL26APR660CE,0.0,0.0,0.0,81.85,0.0,81.85,678.0,53.55,0,0,0,0.0,0,F1,1150,,,,,
2026-02-18,2026-02-18,FO,NSE,STO,165814,,VEDL,,2026-03-30,2026-03-30,560.0,CE,VEDL26MAR560CE,0.0,0.0,0.0,73.8,0.0,73.8,678.0,122.6,0,0,0,0.0,0,F1,1150,,,,,
2026-02-18,2026-02-18,FO,NSE,STO,165824,,VEDL,,2026-03-30,2026-03-30,610.0,CE,VEDL26MAR610CE,75.0,75.0,75.0,75.0,75.0,67.8,678.0,78.05,8050,1150,1,787750.0,1,F1,1150,,,,,
2026-02-18,2026-02-18,FO,NSE,STO,165840,,VEDL,,2026-03-30,2026-03-30,690.0,CE,VEDL26MAR690CE,24.8,25.6,22.9,24.65,24.35,23.1,678.0,24.65,198950,51750,110,90379535.0,93,F1,1150,,,,,
2026-02-18,2026-02-18,FO,NSE,STO,165842,,VEDL,,2026-03-30,2026-03-30,700.0,CE,VEDL26MAR700CE,20.7,21.85,18.9,20.55,20.0,19.8,678.0,20.55,2709400,289800,1066,883204140.0,774,F1,1150,,,,,
2026-02-18,2026-02-18,FO,NSE,STO,172393,,VEDL,,2026-04-28,2026-04-28,810.0,PE,VEDL26APR810PE,0.0,0.0,0.0,112.55,0.0,112.55,678.0,131.0,0,0,0,0.0,0,F1,1150,,,,,
2026-02-18,2026-02-18,FO,NSE,STO,165846,,VEDL,,2026-03-30,2026-03-30,720.0,CE,VEDL26MAR720CE,15.0,15.25,13.7,14.25,14.0,13.95,678.0,14.25,393300,20700,110,92902175.0,92,F1,1150,,,,,
2026-02-18,2026-02-18,FO,NSE,STO,165850,,VEDL,,2026-03-30,2026-03-30,740.0,CE,VEDL26MAR740CE,10.5,10.7,9.3,9.95,9.7,9.9,678.0,9.95,151800,32200,69,59509452.5,61,F1,1150,,,,,
2026-02-18,2026-02-18,FO,NSE,STO,172294,,VEDL,,2026-03-30,2026-03-30,765.0,CE,VEDL26MAR765CE,6.35,6.35,5.85,6.3,6.3,22.75,678.0,6.85,18400,18400,19,16847500.0,18,F1,1150,,,,,
2026-02-18,2026-02-18,FO,NSE,STO,165864,,VEDL,,2026-03-30,2026-03-30,820.0,CE,VEDL26MAR820CE,2.45,2.45,2.35,2.45,2.45,2.5,678.0,2.45,247250,-6900,13,12294765.0,12,F1,1150,,,,,
2026-02-18,2026-02-18,FO,NSE,STO,172356,,VEDL,,2026-04-28,2026-04-28,630.0,CE,VEDL26APR630CE,0.0,0.0,0.0,102.15,0.0,102.15,678.0,72.15,0,0,0,0.0,0,F1,1150,,,,,
2026-02-18,2026-02-18,FO,NSE,STO,172366,,VEDL,,2026-04-28,2026-04-28,680.0,CE,VEDL26APR680CE,0.0,0.0,0.0,28.5,28.5,28.5,678.0,43.05,1150,0,0,0.0,0,F1,1150,,,,,
2026-02-18,2026-02-18,FO,NSE,STO,172396,,VEDL,,2026-04-28,2026-04-28,830.0,CE,VEDL26APR830CE,0.0,0.0,0.0,16.4,0.0,16.4,678.0,5.35,0,0,0,0.0,0,F1,1150,,,,,
2026-02-18,2026-02-18,FO,NSE,STO,37824,,VEDL,,2026-02-24,2026-02-24,670.0,PE,VEDL26FEB670PE,13.55,13.85,7.1,7.8,8.05,14.3,678.0,7.8,1805500,320850,3684,2878785972.5,3228,F1,1150,,,,,
2026-02-18,2026-02-18,FO,NSE,STO,41022,,VEDL,,2026-03-30,2026-03-30,555.0,PE,VEDL26MAR555PE,0.0,0.0,0.0,4.1,0.0,4.1,678.0,1.0,0,0,0,0.0,0,F1,1150,,,,,
2026-02-18,2026-02-18,FO,NSE,STO,40100,,VEDL,,2026-02-24,2026-02-24,720.0,PE,VEDL26FEB720PE,53.2,53.2,43.4,44.65,45.0,55.0,678.0,44.65,409400,-26450,67,59057847.5,55,F1,1150,,,,,
2026-02-18,2026-02-18,FO,NSE,STO,172384,,VEDL,,2026-04-28,2026-04-28,770.0,CE,VEDL26APR770CE,0.0,0.0,0.0,30.85,0.0,30.85,678.0,13.5,0,0,0,0.0,0,F1,1150,,,,,
2026-02-18,2026-02-18,FO,NSE,STO,172286,,VEDL,,2026-03-30,2026-03-30,725.0,CE,VEDL26MAR725CE,14.0,14.2,12.8,13.05,12.8,11.7,678.0,13.05,13800,6900,20,16985040.0,15,F1,1150,,,,,
2026-02-18,2026-02-18,FO,NSE,STO,165834,,VEDL,,2026-03-30,2026-03-30,660.0,CE,VEDL26MAR660CE,38.8,40.35,38.0,40.0,40.0,36.95,678.0,40.0,92000,10350,48,38608720.0,34,F1,1150,,,,,
2026-02-18,2026-02-18,FO,NSE,STO,172272,,VEDL,,2026-03-30,2026-03-30,655.0,CE,VEDL26MAR655CE,0.0,0.0,0.0,75.45,0.0,75.45,678.0,45.7,0,0,0,0.0,0,F1,1150,,,,,
2026-02-18,2026-02-18,FO,NSE,STO,165830,,VEDL,,2026-03-30,2026-03-30,640.0,CE,VEDL26MAR640CE,50.0,50.0,50.0,50.0,50.0,57.1,678.0,55.45,17250,0,1,793500.0,1,F1,1150,,,,,
2026-02-18,2026-02-18,FO,NSE,STO,165828,,VEDL,,2026-03-30,2026-03-30,630.0,CE,VEDL26MAR630CE,59.0,59.0,59.0,59.0,59.0,53.0,678.0,59.0,17250,3450,3,2377050.0,2,F1,1150,,,,,
2026-02-18,2026-02-18,FO,NSE,STO,172256,,VEDL,,2026-03-30,2026-03-30,575.0,CE,VEDL26MAR575CE,0.0,0.0,0.0,105.0,105.0,105.0,678.0,108.6,2300,0,0,0.0,0,F1,1150,,,,,
2026-02-18,2026-02-18,FO,NSE,STO,165810,,VEDL,,2026-03-30,2026-03-30,540.0,CE,VEDL26MAR540CE,0.0,0.0,0.0,130.0,130.0,130.0,678.0,141.75,23000,0,0,0.0,0,F1,1150,,,,,
2026-02-18,2026-02-18,FO,NSE,STO,41130,,VEDL,,2026-02-24,2026-02-24,775.0,CE,VEDL26FEB775CE,0.5,0.65,0.35,0.4,0.4,0.65,678.0,0.4,240350,-115000,274,244331990.0,130,F1,1150,,,,,
2026-02-18,2026-02-18,FO,NSE,STO,165752,,VEDL,,2026-02-24,2026-02-24,715.0,CE,VEDL26FEB715CE,2.3,2.5,1.5,1.75,1.75,2.25,678.0,1.75,486450,-95450,528,435296965.0,363,F1,1150,,,,,
2026-02-18,2026-02-18,FO,NSE,STO,165742,,VEDL,,2026-02-24,2026-02-24,665.0,CE,VEDL26FEB665CE,16.5,19.0,15.3,18.0,17.35,15.7,678.0,18.0,446200,-112700,1051,824744465.0,1007,F1,1150,,,,,
2026-02-18,2026-02-18,FO,NSE,STO,154465,,VEDL,,2026-02-24,2026-02-24,650.0,CE,VEDL26FEB650CE,27.8,30.6,26.2,29.55,28.9,25.6,678.0,29.55,1182200,-3450,272,212210247.5,205,F1,1150,,,,,
2026-02-18,2026-02-18,FO,NSE,STO,165734,,VEDL,,2026-02-24,2026-02-24,625.0,CE,VEDL26FEB625CE,0.0,0.0,0.0,52.45,51.85,52.45,678.0,53.9,119600,0,0,0.0,0,F1,1150,,,,,
2026-02-18,2026-02-18,FO,NSE,STO,154453,,VEDL,,2026-02-24,2026-02-24,590.0,CE,VEDL26FEB590CE,0.0,0.0,0.0,85.15,85.15,85.15,678.0,88.55,11500,0,0,0.0,0,F1,1150,,,,,
2026-02-18,2026-02-18,FO,NSE,STO,154447,,VEDL,,2026-02-24,2026-02-24,560.0,CE,VEDL26FEB560CE,0.0,0.0,0.0,113.95,113.95,113.95,678.0,118.5,345000,0,0,0.0,0,F1,1150,,,,,
2026-02-18,2026-02-18,FO,NSE,STO,172375,,VEDL,,2026-04-28,2026-04-28,720.0,PE,VEDL26APR720PE,0.0,0.0,0.0,53.1,0.0,53.1,678.0,61.2,0,0,0,0.0,0,F1,1150,,,,,
2026-02-18,2026-02-18,FO,NSE,STO,154445,,VEDL,,2026-02-24,2026-02-24,550.0,CE,VEDL26FEB550CE,125.0,127.0,124.5,127.0,127.0,116.5,678.0,127.0,55200,-2300,4,3106150.0,3,F1,1150,,,,,
2026-02-18,2026-02-18,FO,NSE,STO,165855,,VEDL,,2026-03-30,2026-03-30,760.0,PE,VEDL26MAR760PE,0.0,0.0,0.0,90.8,90.8,90.8,678.0,85.0,19550,0,0,0.0,0,F1,1150,,,,,
2026-02-18,2026-02-18,FO,NSE,STO,165843,,VEDL,,2026-03-30,2026-03-30,700.0,PE,VEDL26MAR700PE,43.25,45.15,39.25,39.8,40.4,47.5,678.0,39.8,967150,110400,291,248302135.0,188,F1,1150,,,,,
2026-02-18,2026-02-18,FO,NSE,STO,165841,,VEDL,,2026-03-30,2026-03-30,690.0,PE,VEDL26MAR690PE,38.0,38.0,33.95,34.4,34.5,42.2,678.0,34.4,123050,41400,60,50042595.0,49,F1,1150,,,,,
2026-02-18,2026-02-18,FO,NSE,STO,172351,,VEDL,,2026-04-28,2026-04-28,600.0,PE,VEDL26APR600PE,12.0,12.0,6.0,6.5,6.0,9.0,678.0,6.5,12650,4600,6,4192900.0,6,F1,1150,,,,,
2026-02-18,2026-02-18,FO,NSE,STO,172285,,VEDL,,2026-03-30,2026-03-30,715.0,PE,VEDL26MAR715PE,0.0,0.0,0.0,57.65,57.65,57.65,678.0,50.7,6900,0,0,0.0,0,F1,1150,,,,,
2026-02-18,2026-02-18,FO,NSE,STO,172271,,VEDL,,2026-03-30,2026-03-30,645.0,PE,VEDL26MAR645PE,0.0,0.0,0.0,20.0,20.0,20.0,678.0,15.2,27600,0,0,0.0,0,F1,1150,,,,,
2026-02-18,2026-02-18,FO,NSE,STO,172261,,VEDL,,2026-03-30,2026-03-30,595.0,PE,VEDL26MAR595PE,0.0,0.0,0.0,5.45,0.0,5.45,678.0,4.15,0,0,0,0.0,0,F1,1150,,,,,
2026-02-18,2026-02-18,FO,NSE,STO,172257,,VEDL,,2026-03-30,2026-03-30,575.0,PE,VEDL26MAR575PE,0.0,0.0,0.0,2.65,2.65,2.65,678.0,2.15,2300,0,0,0.0,0,F1,1150,,,,,
2026-02-18,2026-02-18,FO,NSE,STO,41017,,VEDL,,2026-03-30,2026-03-30,535.0,PE,VEDL26MAR535PE,0.0,0.0,0.0,2.45,0.0,2.45,678.0,0.4,0,0,0,0.0,0,F1,1150,,,,,
2026-02-18,2026-02-18,FO,NSE,STO,165769,,VEDL,,2026-02-24,2026-02-24,800.0,PE,VEDL26FEB800PE,127.0,128.0,127.0,128.0,128.0,135.0,678.0,121.3,155250,-1150,2,2133250.0,2,F1,1150,,,,,
2026-02-18,2026-02-18,FO,NSE,STO,48860,,VEDL,,2026-02-24,2026-02-24,760.0,PE,VEDL26FEB760PE,84.0,85.0,82.5,83.45,84.25,94.0,678.0,83.45,438150,-4600,10,9704102.5,8,F1,1150,,,,,
2026-02-18,2026-02-18,FO,NSE,STO,165751,,VEDL,,2026-02-24,2026-02-24,705.0,PE,VEDL26FEB705PE,34.55,34.7,29.9,31.1,31.5,39.65,678.0,31.1,548550,0,21,17795330.0,19,F1,1150,,,,,
2026-02-18,2026-02-18,FO,NSE,STO,165743,,VEDL,,2026-02-24,2026-02-24,665.0,PE,VEDL26FEB665PE,11.0,11.5,5.5,5.9,6.3,11.9,678.0,5.9,601450,-276000,1667,1289633000.0,1391,F1,1150,,,,,
2026-02-18,2026-02-18,FO,NSE,STO,154464,,VEDL,,2026-02-24,2026-02-24,640.0,PE,VEDL26FEB640PE,4.0,4.05,1.45,1.6,1.65,4.25,678.0,1.6,725650,-108100,898,663254967.5,681,F1,1150,,,,,
2026-02-18,2026-02-18,FO,NSE,STO,165727,,VEDL,,2026-02-24,2026-02-24,585.0,PE,VEDL26FEB585PE,0.45,0.45,0.35,0.35,0.35,0.55,678.0,0.35,50600,-4600,20,13463797.5,18,F1,1150,,,,,
2026-02-18,2026-02-18,FO,NSE,STO,154448,,VEDL,,2026-02-24,2026-02-24,560.0,PE,VEDL26FEB560PE,0.25,0.3,0.2,0.2,0.2,0.4,678.0,0.2,401350,-18400,50,32214317.5,39,F1,1150,,,,,
2026-02-18,2026-02-18,FO,NSE,STO,172374,,VEDL,,2026-04-28,2026-04-28,720.0,CE,VEDL26APR720CE,0.0,0.0,0.0,49.6,0.0,49.6,678.0,26.65,0,0,0,0.0,0,F1,1150,,,,,
2026-02-18,2026-02-18,FO,NSE,STO,50338,,VEDL,,2026-03-30,2026-03-30,830.0,CE,VEDL26MAR830CE,0.0,0.0,0.0,5.0,5.0,5.0,678.0,1.5,52900,0,0,0.0,0,F1,1150,,,,,
2026-02-18,2026-02-18,FO,NSE,STO,165818,,VEDL,,2026-03-30,2026-03-30,580.0,CE,VEDL26MAR580CE,100.9,100.9,100.9,100.9,100.9,103.0,678.0,104.0,2300,1150,1,783035.0,1,F1,1150,,,,,
2026-02-18,2026-02-18,FO,NSE,STO,172264,,VEDL,,2026-03-30,2026-03-30,615.0,CE,VEDL26MAR615CE,0.0,0.0,0.0,105.4,0.0,105.4,678.0,74.05,0,0,0,0.0,0,F1,1150,,,,,
2026-02-18,2026-02-18,FO,NSE,STO,154460,,VEDL,,2026-02-24,2026-02-24,620.0,PE,VEDL26FEB620PE,1.45,1.45,0.55,0.65,0.6,1.8,678.0,0.65,1076400,-106950,640,457053412.5,410,F1,1150,,,,,
2026-02-18,2026-02-18,FO,NSE,STO,165737,,VEDL,,2026-02-24,2026-02-24,635.0,PE,VEDL26FEB635PE,2.9,2.95,1.15,1.25,1.35,3.45,678.0,1.25,209300,-17250,145,106181110.0,139,F1,1150,,,,,
2026-02-18,2026-02-18,FO,NSE,STO,165745,,VEDL,,2026-02-24,2026-02-24,675.0,PE,VEDL26FEB675PE,15.65,15.8,9.2,9.85,10.25,17.0,678.0,9.85,535900,147200,2036,1607948457.5,1601,F1,1150,,,,,
2026-02-18,2026-02-18,FO,NSE,STO,47849,,VEDL,,2026-03-30,2026-03-30,810.0,CE,VEDL26MAR810CE,3.0,3.0,2.85,2.85,2.85,3.6,678.0,2.5,46000,1150,2,1869727.5,2,F1,1150,,,,,
2026-02-18,2026-02-18,FO,NSE,STO,165854,,VEDL,,2026-03-30,2026-03-30,760.0,CE,VEDL26MAR760CE,6.95,7.4,6.4,6.5,6.4,6.8,678.0,6.5,276000,34500,62,54666975.0,47,F1,1150,,,,,
2026-02-18,2026-02-18,FO,NSE,STO,172274,,VEDL,,2026-03-30,2026-03-30,665.0,CE,VEDL26MAR665CE,37.0,38.05,35.0,35.3,35.3,34.3,678.0,35.3,17250,0,18,14517772.5,17,F1,1150,,,,,
2026-02-18,2026-02-18,FO,NSE,STO,154470,,VEDL,,2026-02-24,2026-02-24,680.0,PE,VEDL26FEB680PE,18.5,18.5,11.6,12.25,13.05,19.95,678.0,12.25,1115500,37950,1204,961122735.0,1137,F1,1150,,,,,
2026-02-18,2026-02-18,FO,NSE,STO,165759,,VEDL,,2026-02-24,2026-02-24,745.0,PE,VEDL26FEB745PE,0.0,0.0,0.0,68.3,68.3,68.3,678.0,66.55,111550,0,0,0.0,0,F1,1150,,,,,
2026-02-18,2026-02-18,FO,NSE,STO,165775,,VEDL,,2026-02-24,2026-02-24,830.0,PE,VEDL26FEB830PE,0.0,0.0,0.0,130.9,130.9,130.9,678.0,151.25,3450,0,0,0.0,0,F1,1150,,,,,
2026-02-18,2026-02-18,FO,NSE,STO,165839,,VEDL,,2026-03-30,2026-03-30,680.0,PE,VEDL26MAR680PE,33.4,33.4,28.15,28.9,29.45,35.15,678.0,28.9,167900,34500,78,63629845.0,74,F1,1150,,,,,
2026-02-18,2026-02-18,FO,NSE,STO,172395,,VEDL,,2026-04-28,2026-04-28,820.0,PE,VEDL26APR820PE,0.0,0.0,0.0,120.3,0.0,120.3,678.0,139.85,0,0,0,0.0,0,F1,1150,,,,,
2026-02-18,2026-02-18,FO,NSE,STO,172291,,VEDL,,2026-03-30,2026-03-30,745.0,PE,VEDL26MAR745PE,0.0,0.0,0.0,78.0,78.0,78.0,678.0,72.8,1150,0,0,0.0,0,F1,1150,,,,,
2026-02-18,2026-02-18,FO,NSE,STO,172283,,VEDL,,2026-03-30,2026-03-30,705.0,PE,VEDL26MAR705PE,0.0,0.0,0.0,35.05,34.85,35.05,678.0,44.15,2300,0,0,0.0,0,F1,1150,,,,,
2026-02-18,2026-02-18,FO,NSE,STO,172273,,VEDL,,2026-03-30,2026-03-30,655.0,PE,VEDL26MAR655PE,0.0,0.0,0.0,18.15,0.0,18.15,678.0,18.75,0,0,0,0.0,0,F1,1150,,,,,
2026-02-18,2026-02-18,FO,NSE,STO,165833,,VEDL,,2026-03-30,2026-03-30,650.0,PE,VEDL26MAR650PE,19.85,19.85,15.65,16.15,16.3,20.75,678.0,16.15,420900,28750,189,145074915.0,154,F1,1150,,,,,
2026-02-18,2026-02-18,FO,NSE,STO,37826,,VEDL,,2026-02-24,2026-02-24,700.0,PE,VEDL26FEB700PE,35.3,35.3,25.15,26.1,27.05,34.9,678.0,26.1,1622650,-66700,164,137471517.5,152,F1,1150,,,,,
2026-02-18,2026-02-18,FO,NSE,STO,165749,,VEDL,,2026-02-24,2026-02-24,695.0,PE,VEDL26FEB695PE,0.0,0.0,0.0,30.75,30.7,30.75,678.0,22.05,301300,0,0,0.0,0,F1,1150,,,,,
2026-02-18,2026-02-18,FO,NSE,STO,165733,,VEDL,,2026-02-24,2026-02-24,615.0,PE,VEDL26FEB615PE,0.95,0.95,0.65,0.65,0.65,1.5,678.0,0.15,302450,-31050,52,36821620.0,46,F1,1150,,,,,
2026-02-18,2026-02-18,FO,NSE,STO,154440,,VEDL,,2026-02-24,2026-02-24,520.0,PE,VEDL26FEB520PE,0.15,0.15,0.1,0.1,0.1,0.15,678.0,0.05,116150,-1150,4,2392632.5,4,F1,1150,,,,,
2026-02-18,2026-02-18,FO,NSE,STO,50309,,VEDL,,2026-02-24,2026-02-24,815.0,CE,VEDL26FEB815CE,0.3,0.3,0.15,0.25,0.25,0.4,678.0,0.25,64400,-16100,23,21563132.5,21,F1,1150,,,,,
2026-02-18,2026-02-18,FO,NSE,STO,50992,,VEDL,,2026-02-24,2026-02-24,780.0,CE,VEDL26FEB780CE,0.4,0.55,0.3,0.4,0.4,0.55,678.0,0.4,1087900,-124200,391,350893922.5,246,F1,1150,,,,,
2026-02-18,2026-02-18,FO,NSE,STO,165748,,VEDL,,2026-02-24,2026-02-24,695.0,CE,VEDL26FEB695CE,4.95,5.8,3.8,4.3,4.3,4.9,678.0,4.3,499100,-89700,828,666207707.5,723,F1,1150,,,,,
2026-02-18,2026-02-18,FO,NSE,STO,165746,,VEDL,,2026-02-24,2026-02-24,685.0,CE,VEDL26FEB685CE,7.4,8.9,6.25,7.35,7.2,7.3,678.0,7.35,417450,9200,2209,1759423582.5,2069,F1,1150,,,,,
2026-02-18,2026-02-18,FO,NSE,STO,165738,,VEDL,,2026-02-24,2026-02-24,645.0,CE,VEDL26FEB645CE,0.0,0.0,0.0,27.0,27.0,27.0,678.0,35.4,293250,0,0,0.0,0,F1,1150,,,,,
2026-02-18,2026-02-18,FO,NSE,STO,154463,,VEDL,,2026-02-24,2026-02-24,640.0,CE,VEDL26FEB640CE,36.5,40.0,35.15,38.95,38.05,33.15,678.0,38.95,450800,-33350,59,45960267.5,53,F1,1150,,,,,
2026-02-18,2026-02-18,FO,NSE,STO,154451,,VEDL,,2026-02-24,2026-02-24,580.0,CE,VEDL26FEB580CE,93.0,93.0,93.0,93.0,93.0,96.5,678.0,98.55,18400,-1150,1,773950.0,1,F1,1150,,,,,
2026-02-18,2026-02-18,FO,NSE,STO,172382,,VEDL,,2026-04-28,2026-04-28,760.0,CE,VEDL26APR760CE,0.0,0.0,0.0,34.05,0.0,34.05,678.0,15.6,0,0,0,0.0,0,F1,1150,,,,,
2026-02-18,2026-02-18,FO,NSE,STO,172287,,VEDL,,2026-03-30,2026-03-30,725.0,PE,VEDL26MAR725PE,0.0,0.0,0.0,48.9,0.0,48.9,678.0,57.7,0,0,0,0.0,0,F1,1150,,,,,
2026-02-18,2026-02-18,FO,NSE,STO,172378,,VEDL,,2026-04-28,2026-04-28,740.0,CE,VEDL26APR740CE,0.0,0.0,0.0,41.25,0.0,41.25,678.0,20.55,0,0,0,0.0,0,F1,1150,,,,,
2026-02-18,2026-02-18,FO,NSE,STO,172368,,VEDL,,2026-04-28,2026-04-28,690.0,CE,VEDL26APR690CE,0.0,0.0,0.0,64.35,0.0,64.35,678.0,38.4,0,0,0,0.0,0,F1,1150,,,,,
2026-02-18,2026-02-18,FO,NSE,STO,172352,,VEDL,,2026-04-28,2026-04-28,610.0,CE,VEDL26APR610CE,0.0,0.0,0.0,117.1,0.0,117.1,678.0,86.45,0,0,0,0.0,0,F1,1150,,,,,
2026-02-18,2026-02-18,FO,NSE,STO,165851,,VEDL,,2026-03-30,2026-03-30,740.0,PE,VEDL26MAR740PE,75.4,75.4,70.0,70.5,70.5,75.15,678.0,68.9,93150,1150,7,6527860.0,5,F1,1150,,,,,
2026-02-18,2026-02-18,FO,NSE,STF,67040,,VEDL,,2026-04-28,2026-04-28,,,VEDL26APRFUT,676.95,682.0,676.35,681.35,680.45,672.2,678.0,681.35,1612300,33350,154,120397180.0,139,F1,1150,,,,,
2026-02-18,2026-02-18,FO,NSE,STO,172278,,VEDL,,2026-03-30,2026-03-30,685.0,CE,VEDL26MAR685CE,26.75,26.75,26.75,26.75,26.75,24.0,678.0,26.75,8050,2300,2,1637025.0,2,F1,1150,,,,,
2026-02-18,2026-02-18,FO,NSE,STO,154446,,VEDL,,2026-02-24,2026-02-24,550.0,PE,VEDL26FEB550PE,0.25,0.35,0.25,0.3,0.3,0.45,678.0,0.3,506000,-52900,97,61385332.5,51,F1,1150,,,,,
2026-02-18,2026-02-18,FO,NSE,STO,165721,,VEDL,,2026-02-24,2026-02-24,555.0,PE,VEDL26FEB555PE,0.25,0.25,0.2,0.2,0.2,0.35,678.0,0.2,36800,-4600,15,9577660.0,13,F1,1150,,,,,
2026-02-18,2026-02-18,FO,NSE,STO,165732,,VEDL,,2026-02-24,2026-02-24,615.0,CE,VEDL26FEB615CE,0.0,0.0,0.0,88.65,88.65,88.65,678.0,63.7,47150,0,0,0.0,0,F1,1150,,,,,
2026-02-18,2026-02-18,FO,NSE,STO,48857,,VEDL,,2026-02-24,2026-02-24,730.0,CE,VEDL26FEB730CE,1.35,1.45,0.7,0.95,1.05,1.35,678.0,0.95,2168900,-217350,1262,1060889145.0,894,F1,1150,,,,,
2026-02-18,2026-02-18,FO,NSE,STO,41018,,VEDL,,2026-03-30,2026-03-30,545.0,CE,VEDL26MAR545CE,0.0,0.0,0.0,145.15,0.0,145.15,678.0,136.95,0,0,0,0.0,0,F1,1150,,,,,
2026-02-18,2026-02-18,FO,NSE,STO,172270,,VEDL,,2026-03-30,2026-03-30,645.0,CE,VEDL26MAR645CE,0.0,0.0,0.0,82.5,0.0,82.5,678.0,52.1,0,0,0,0.0,0,F1,1150,,,,,
2026-02-18,2026-02-18,FO,NSE,STO,172397,,VEDL,,2026-04-28,2026-04-28,830.0,PE,VEDL26APR830PE,0.0,0.0,0.0,128.25,0.0,128.25,678.0,148.8,0,0,0,0.0,0,F1,1150,,,,,
2026-02-18,2026-02-18,FO,NSE,STO,172377,,VEDL,,2026-04-28,2026-04-28,730.0,PE,VEDL26APR730PE,0.0,0.0,0.0,58.65,0.0,58.65,678.0,67.9,0,0,0,0.0,0,F1,1150,,,,,
2026-02-18,2026-02-18,FO,NSE,STO,172357,,VEDL,,2026-04-28,2026-04-28,630.0,PE,VEDL26APR630PE,0.0,0.0,0.0,11.0,11.0,11.0,678.0,17.65,2300,0,0,0.0,0,F1,1150,,,,,
2026-02-18,2026-02-18,FO,NSE,STO,165849,,VEDL,,2026-03-30,2026-03-30,730.0,PE,VEDL26MAR730PE,62.0,62.0,60.0,60.8,61.0,124.4,678.0,60.8,6900,6900,6,5457900.0,6,F1,1150,,,,,
2026-02-18,2026-02-18,FO,NSE,STO,41133,,VEDL,,2026-02-24,2026-02-24,850.0,PE,VEDL26FEB850PE,0.0,0.0,0.0,226.3,0.0,226.3,678.0,171.25,0,0,0,0.0,0,F1,1150,,,,,
2026-02-18,2026-02-18,FO,NSE,STO,165771,,VEDL,,2026-02-24,2026-02-24,810.0,PE,VEDL26FEB810PE,0.0,0.0,0.0,116.0,116.0,116.0,678.0,131.25,5750,0,0,0.0,0,F1,1150,,,,,
2026-02-18,2026-02-18,FO,NSE,STO,41131,,VEDL,,2026-02-24,2026-02-24,775.0,PE,VEDL26FEB775PE,0.0,0.0,0.0,91.0,91.0,91.0,678.0,96.3,149500,0,0,0.0,0,F1,1150,,,,,
2026-02-18,2026-02-18,FO,NSE,STO,165731,,VEDL,,2026-02-24,2026-02-24,605.0,PE,VEDL26FEB605PE,0.9,0.9,0.45,0.5,0.5,1.0,678.0,0.5,54050,-1150,29,20195610.0,29,F1,1150,,,,,
2026-02-18,2026-02-18,FO,NSE,STO,40995,,VEDL,,2026-02-24,2026-02-24,535.0,PE,VEDL26FEB535PE,0.0,0.0,0.0,0.5,0.5,0.5,678.0,0.05,10350,0,0,0.0,0,F1,1150,,,,,
2026-02-18,2026-02-18,FO,NSE,STO,172302,,VEDL,,2026-03-30,2026-03-30,805.0,CE,VEDL26MAR805CE,0.0,0.0,0.0,13.35,0.0,13.35,678.0,2.8,0,0,0,0.0,0,F1,1150,,,,,
2026-02-18,2026-02-18,FO,NSE,STO,165858,,VEDL,,2026-03-30,2026-03-30,780.0,CE,VEDL26MAR780CE,5.3,5.3,4.55,4.8,4.8,4.9,678.0,4.95,69000,12650,21,18952115.0,20,F1,1150,,,,,
2026-02-18,2026-02-18,FO,NSE,STO,172260,,VEDL,,2026-03-30,2026-03-30,595.0,CE,VEDL26MAR595CE,0.0,0.0,0.0,122.1,0.0,122.1,678.0,90.7,0,0,0,0.0,0,F1,1150,,,,,
2026-02-18,2026-02-18,FO,NSE,STO,165816,,VEDL,,2026-03-30,2026-03-30,570.0,CE,VEDL26MAR570CE,110.0,110.0,110.0,110.0,110.0,99.95,678.0,113.2,10350,1150,1,782000.0,1,F1,1150,,,,,
2026-02-18,2026-02-18,FO,NSE,STO,41023,,VEDL,,2026-03-30,2026-03-30,565.0,CE,VEDL26MAR565CE,0.0,0.0,0.0,116.0,116.0,116.0,678.0,117.85,2300,0,0,0.0,0,F1,1150,,,,,
2026-02-18,2026-02-18,FO,NSE,STO,48859,,VEDL,,2026-02-24,2026-02-24,760.0,CE,VEDL26FEB760CE,0.6,0.7,0.4,0.6,0.55,0.8,678.0,0.6,1821600,-127650,657,574632172.5,363,F1,1150,,,,,
2026-02-18,2026-02-18,FO,NSE,STO,154469,,VEDL,,2026-02-24,2026-02-24,680.0,CE,VEDL26FEB680CE,9.5,10.85,7.85,9.4,9.25,8.95,678.0,9.4,2143600,184000,7296,5785541670.0,6207,F1,1150,,,,,
2026-02-18,2026-02-18,FO,NSE,STO,165744,,VEDL,,2026-02-24,2026-02-24,675.0,CE,VEDL26FEB675CE,12.15,13.15,9.9,11.75,11.6,10.95,678.0,11.75,588800,-115000,4924,3889490095.0,4260,F1,1150,,,,,
2026-02-18,2026-02-18,FO,NSE,STO,165740,,VEDL,,2026-02-24,2026-02-24,655.0,CE,VEDL26FEB655CE,23.45,26.4,21.95,25.6,25.1,21.95,678.0,25.6,289800,16100,68,53133507.5,67,F1,1150,,,,,
2026-02-18,2026-02-18,FO,NSE,STO,154459,,VEDL,,2026-02-24,2026-02-24,620.0,CE,VEDL26FEB620CE,55.5,58.1,54.15,58.1,58.1,50.35,678.0,58.1,473800,-5750,12,9317817.5,10,F1,1150,,,,,
2026-02-18,2026-02-18,FO,NSE,STO,154455,,VEDL,,2026-02-24,2026-02-24,600.0,CE,VEDL26FEB600CE,74.55,78.25,72.0,76.7,76.4,70.0,678.0,76.7,515200,-16100,83,64462790.0,45,F1,1150,,,,,
2026-02-18,2026-02-18,FO,NSE,STO,154449,,VEDL,,2026-02-24,2026-02-24,570.0,CE,VEDL26FEB570CE,106.0,106.5,106.0,106.5,106.5,90.0,678.0,108.5,26450,0,2,1555375.0,2,F1,1150,,,,,
2026-02-18,2026-02-18,FO,NSE,STO,154443,,VEDL,,2026-02-24,2026-02-24,540.0,CE,VEDL26FEB540CE,0.0,0.0,0.0,126.8,126.8,126.8,678.0,138.5,8050,0,0,0.0,0,F1,1150,,,,,
2026-02-18,2026-02-18,FO,NSE,STO,40994,,VEDL,,2026-02-24,2026-02-24,535.0,CE,VEDL26FEB535CE,0.0,0.0,0.0,148.85,0.0,148.85,678.0,143.5,0,0,0,0.0,0,F1,1150,,,,,
2026-02-18,2026-02-18,FO,NSE,STO,154435,,VEDL,,2026-02-24,2026-02-24,500.0,CE,VEDL26FEB500CE,175.0,175.0,174.6,174.6,174.6,167.4,678.0,178.45,243800,1150,2,1552040.0,2,F1,1150,,,,,
2026-02-18,2026-02-18,FO,NSE,STF,52069,,VEDL,,2026-03-30,2026-03-30,,,VEDL26MARFUT,673.0,680.9,671.4,679.35,679.2,671.4,678.0,679.35,12185400,1798600,2862,2229763807.5,2387,F1,1150,,,,,
2026-02-18,2026-02-18,FO,NSE,STO,172353,,VEDL,,2026-04-28,2026-04-28,610.0,PE,VEDL26APR610PE,0.0,0.0,0.0,12.75,12.75,12.75,678.0,12.15,4600,0,0,0.0,0,F1,1150,,,,,
2026-02-18,2026-02-18,FO,NSE,STO,165863,,VEDL,,2026-03-30,2026-03-30,800.0,PE,VEDL26MAR800PE,0.0,0.0,0.0,130.5,130.5,130.5,678.0,120.35,10350,0,0,0.0,0,F1,1150,,,,,
2026-02-18,2026-02-18,FO,NSE,STO,172299,,VEDL,,2026-03-30,2026-03-30,785.0,PE,VEDL26MAR785PE,0.0,0.0,0.0,88.9,0.0,88.9,678.0,106.7,0,0,0,0.0,0,F1,1150,,,,,
2026-02-18,2026-02-18,FO,NSE,STO,165857,,VEDL,,2026-03-30,2026-03-30,770.0,PE,VEDL26MAR770PE,0.0,0.0,0.0,159.2,0.0,159.2,678.0,93.5,0,0,0,0.0,0,F1,1150,,,,,
2026-02-18,2026-02-18,FO,NSE,STO,172295,,VEDL,,2026-03-30,2026-03-30,765.0,PE,VEDL26MAR765PE,0.0,0.0,0.0,74.3,0.0,74.3,678.0,89.25,0,0,0,0.0,0,F1,1150,,,,,
2026-02-18,2026-02-18,FO,NSE,STO,172289,,VEDL,,2026-03-30,2026-03-30,735.0,PE,VEDL26MAR735PE,0.0,0.0,0.0,54.75,0.0,54.75,678.0,65.05,0,0,0,0.0,0,F1,1150,,,,,
2026-02-18,2026-02-18,FO,NSE,STO,41138,,VEDL,,2026-03-30,2026-03-30,790.0,CE,VEDL26MAR790CE,4.3,4.45,3.95,4.05,4.0,4.1,678.0,4.05,744050,140300,140,127835495.0,87,F1,1150,,,,,
2026-02-18,2026-02-18,FO,NSE,STO,172304,,VEDL,,2026-03-30,2026-03-30,815.0,CE,VEDL26MAR815CE,0.0,0.0,0.0,11.6,0.0,11.6,678.0,2.2,0,0,0,0.0,0,F1,1150,,,,,
2026-02-18,2026-02-18,FO,NSE,STO,172364,,VEDL,,2026-04-28,2026-04-28,670.0,CE,VEDL26APR670CE,0.0,0.0,0.0,75.7,0.0,75.7,678.0,48.1,0,0,0,0.0,0,F1,1150,,,,,
2026-02-18,2026-02-18,FO,NSE,STO,172370,,VEDL,,2026-04-28,2026-04-28,700.0,CE,VEDL26APR700CE,0.0,0.0,0.0,21.95,21.95,21.95,678.0,34.15,1150,0,0,0.0,0,F1,1150,,,,,
2026-02-18,2026-02-18,FO,NSE,STO,172372,,VEDL,,2026-04-28,2026-04-28,710.0,CE,VEDL26APR710CE,0.0,0.0,0.0,54.2,0.0,54.2,678.0,30.25,0,0,0,0.0,0,F1,1150,,,,,
2026-02-18,2026-02-18,FO,NSE,STO,165750,,VEDL,,2026-02-24,2026-02-24,705.0,CE,VEDL26FEB705CE,3.35,3.8,2.4,2.7,2.65,3.3,678.0,2.7,882050,81650,798,649621085.0,577,F1,1150,,,,,
2026-02-18,2026-02-18,FO,NSE,STO,49149,,VEDL,,2026-02-24,2026-02-24,795.0,CE,VEDL26FEB795CE,0.4,0.55,0.25,0.35,0.4,0.5,678.0,0.35,243800,-141450,175,160056597.5,60,F1,1150,,,,,
2026-02-18,2026-02-18,FO,NSE,STO,50314,,VEDL,,2026-02-24,2026-02-24,825.0,CE,VEDL26FEB825CE,0.15,0.2,0.15,0.2,0.2,0.3,678.0,0.2,83950,-2300,9,8540647.5,9,F1,1150,,,,,
2026-02-18,2026-02-18,FO,NSE,STO,165838,,VEDL,,2026-03-30,2026-03-30,680.0,CE,VEDL26MAR680CE,29.0,30.3,26.85,29.5,28.65,27.1,678.0,29.5,350750,88550,246,200548155.0,213,F1,1150,,,,,
2026-02-18,2026-02-18,FO,NSE,STO,165848,,VEDL,,2026-03-30,2026-03-30,730.0,CE,VEDL26MAR730CE,12.45,13.0,11.15,11.8,11.65,11.7,678.0,11.8,251850,11500,105,89602767.5,96,F1,1150,,,,,
2026-02-18,2026-02-18,FO,NSE,STO,165729,,VEDL,,2026-02-24,2026-02-24,595.0,PE,VEDL26FEB595PE,0.65,0.65,0.35,0.45,0.45,1.05,678.0,0.45,120750,1150,70,47937865.0,55,F1,1150,,,,,
2026-02-18,2026-02-18,FO,NSE,STO,48610,,VEDL,,2026-02-24,2026-02-24,710.0,PE,VEDL26FEB710PE,40.45,40.45,34.3,35.2,35.6,44.45,678.0,35.2,492200,-43700,75,64432775.0,72,F1,1150,,,,,
2026-02-18,2026-02-18,FO,NSE,STO,165757,,VEDL,,2026-02-24,2026-02-24,735.0,PE,VEDL26FEB735PE,59.6,61.85,58.3,58.3,58.3,74.3,678.0,56.8,121900,0,8,7320785.0,8,F1,1150,,,,,
2026-02-18,2026-02-18,FO,NSE,STO,48612,,VEDL,,2026-02-24,2026-02-24,740.0,PE,VEDL26FEB740PE,67.9,67.9,62.65,63.45,63.45,72.0,678.0,63.45,304750,-19550,43,39822487.5,39,F1,1150,,,,,
2026-02-18,2026-02-18,FO,NSE,STO,44074,,VEDL,,2026-02-24,2026-02-24,785.0,PE,VEDL26FEB785PE,0.0,0.0,0.0,98.75,98.75,98.75,678.0,106.3,19550,0,0,0.0,0,F1,1150,,,,,
2026-02-18,2026-02-18,FO,NSE,STO,41020,,VEDL,,2026-03-30,2026-03-30,545.0,PE,VEDL26MAR545PE,0.0,0.0,0.0,3.2,0.0,3.2,678.0,0.65,0,0,0,0.0,0,F1,1150,,,,,
2026-02-18,2026-02-18,FO,NSE,STO,165827,,VEDL,,2026-03-30,2026-03-30,620.0,PE,VEDL26MAR620PE,11.1,11.1,7.75,7.95,8.1,11.1,678.0,7.95,577300,-3450,121,87514080.0,105,F1,1150,,,,,
2026-02-18,2026-02-18,FO,NSE,STO,172301,,VEDL,,2026-03-30,2026-03-30,795.0,PE,VEDL26MAR795PE,0.0,0.0,0.0,96.6,0.0,96.6,678.0,115.75,0,0,0,0.0,0,F1,1150,,,,,
2026-02-18,2026-02-18,FO,NSE,STO,165865,,VEDL,,2026-03-30,2026-03-30,820.0,PE,VEDL26MAR820PE,0.0,0.0,0.0,142.0,142.0,142.0,678.0,139.0,1150,0,0,0.0,0,F1,1150,,,,,
2026-02-18,2026-02-18,FO,NSE,STO,172399,,VEDL,,2026-04-28,2026-04-28,840.0,PE,VEDL26APR840PE,0.0,0.0,0.0,136.35,0.0,136.35,678.0,157.85,0,0,0,0.0,0,F1,1150,,,,,
2026-02-18,2026-02-18,FO,NSE,STO,154436,,VEDL,,2026-02-24,2026-02-24,500.0,PE,VEDL26FEB500PE,0.15,0.15,0.05,0.05,0.05,0.15,678.0,0.05,571550,-17250,40,23003852.5,25,F1,1150,,,,,
2026-02-18,2026-02-18,FO,NSE,STO,154438,,VEDL,,2026-02-24,2026-02-24,510.0,PE,VEDL26FEB510PE,0.15,0.15,0.1,0.1,0.1,0.5,678.0,0.05,43700,-3450,5,2933190.0,5,F1,1150,,,,,
2026-02-18,2026-02-18,FO,NSE,STO,154444,,VEDL,,2026-02-24,2026-02-24,540.0,PE,VEDL26FEB540PE,0.25,0.25,0.2,0.25,0.25,0.25,678.0,0.05,103500,0,16,9940370.0,15,F1,1150,,,,,
2026-02-18,2026-02-18,FO,NSE,STO,165852,,VEDL,,2026-03-30,2026-03-30,750.0,CE,VEDL26MAR750CE,8.75,9.3,7.65,8.1,7.95,8.3,678.0,8.1,1442100,70150,386,336599767.5,303,F1,1150,,,,,
2026-02-18,2026-02-18,FO,NSE,STO,172296,,VEDL,,2026-03-30,2026-03-30,775.0,CE,VEDL26MAR775CE,5.2,5.25,5.0,5.2,5.2,20.0,678.0,5.2,11500,11500,11,9868782.5,10,F1,1150,,,,,
2026-02-18,2026-02-18,FO,NSE,STO,165813,,VEDL,,2026-03-30,2026-03-30,550.0,PE,VEDL26MAR550PE,1.8,1.8,1.45,1.5,1.5,2.05,678.0,1.5,100050,14950,17,10785332.5,17,F1,1150,,,,,
2026-02-18,2026-02-18,FO,NSE,STO,165829,,VEDL,,2026-03-30,2026-03-30,630.0,PE,VEDL26MAR630PE,12.1,12.15,9.9,10.15,10.45,14.1,678.0,10.15,117300,28750,50,36853590.0,49,F1,1150,,,,,
2026-02-18,2026-02-18,FO,NSE,STO,47850,,VEDL,,2026-03-30,2026-03-30,810.0,PE,VEDL26MAR810PE,0.0,0.0,0.0,176.15,0.0,176.15,678.0,129.6,0,0,0,0.0,0,F1,1150,,,,,
2026-02-18,2026-02-18,FO,NSE,STO,165867,,VEDL,,2026-03-30,2026-03-30,840.0,PE,VEDL26MAR840PE,0.0,0.0,0.0,224.15,0.0,224.15,678.0,158.15,0,0,0,0.0,0,F1,1150,,,,,
2026-02-18,2026-02-18,FO,NSE,STO,172290,,VEDL,,2026-03-30,2026-03-30,745.0,CE,VEDL26MAR745CE,9.5,9.55,8.7,8.9,8.9,11.1,678.0,10.25,16100,10350,16,13875152.5,14,F1,1150,,,,,
2026-02-18,2026-02-18,FO,NSE,STO,172266,,VEDL,,2026-03-30,2026-03-30,625.0,CE,VEDL26MAR625CE,0.0,0.0,0.0,97.45,0.0,97.45,678.0,66.3,0,0,0,0.0,0,F1,1150,,,,,
2026-02-18,2026-02-18,FO,NSE,STO,165822,,VEDL,,2026-03-30,2026-03-30,600.0,CE,VEDL26MAR600CE,80.0,84.0,79.05,83.6,83.6,78.85,678.0,83.6,213900,29900,48,37660832.5,38,F1,1150,,,,,
2026-02-18,2026-02-18,FO,NSE,STO,50990,,VEDL,,2026-02-24,2026-02-24,750.0,CE,VEDL26FEB750CE,0.85,1.0,0.5,0.7,0.7,0.95,678.0,0.7,3323500,-116150,2017,1741238402.5,934,F1,1150,,,,,
2026-02-18,2026-02-18,FO,NSE,STO,165817,,VEDL,,2026-03-30,2026-03-30,570.0,PE,VEDL26MAR570PE,2.8,2.8,2.15,2.2,2.2,3.3,678.0,2.2,227700,-4600,56,36860030.0,42,F1,1150,,,,,
2026-02-18,2026-02-18,FO,NSE,STO,41040,,VEDL,,2026-04-28,2026-04-28,550.0,PE,VEDL26APR550PE,0.0,0.0,0.0,7.2,0.0,7.2,678.0,2.95,0,0,0,0.0,0,F1,1150,,,,,
2026-02-18,2026-02-18,FO,NSE,STO,172345,,VEDL,,2026-04-28,2026-04-28,570.0,PE,VEDL26APR570PE,0.0,0.0,0.0,5.75,0.0,5.75,678.0,5.0,0,0,0,0.0,0,F1,1150,,,,,
2026-02-18,2026-02-18,FO,NSE,STO,172347,,VEDL,,2026-04-28,2026-04-28,580.0,PE,VEDL26APR580PE,0.0,0.0,0.0,7.05,0.0,7.05,678.0,6.35,0,0,0,0.0,0,F1,1150,,,,,
2026-02-18,2026-02-18,FO,NSE,STO,172367,,VEDL,,2026-04-28,2026-04-28,680.0,PE,VEDL26APR680PE,33.95,33.95,33.95,33.95,33.95,43.0,678.0,33.95,5750,1150,2,1642085.0,2,F1,1150,,,,,
2026-02-18,2026-02-18,FO,NSE,STO,172354,,VEDL,,2026-04-28,2026-04-28,620.0,CE,VEDL26APR620CE,0.0,0.0,0.0,109.5,0.0,109.5,678.0,79.15,0,0,0,0.0,0,F1,1150,,,,,
2026-02-18,2026-02-18,FO,NSE,STO,172388,,VEDL,,2026-04-28,2026-04-28,790.0,CE,VEDL26APR790CE,0.0,0.0,0.0,25.15,0.0,25.15,678.0,10.05,0,0,0,0.0,0,F1,1150,,,,,
2026-02-18,2026-02-18,FO,NSE,STO,172392,,VEDL,,2026-04-28,2026-04-28,810.0,CE,VEDL26APR810CE,0.0,0.0,0.0,20.4,0.0,20.4,678.0,7.4,0,0,0,0.0,0,F1,1150,,,,,
2026-02-18,2026-02-18,FO,NSE,STO,154428,,VEDL,,2026-02-24,2026-02-24,460.0,PE,VEDL26FEB460PE,0.1,0.15,0.1,0.1,0.1,0.15,678.0,0.05,227700,-13800,30,15873737.5,13,F1,1150,,,,,
2026-02-18,2026-02-18,FO,NSE,STO,154452,,VEDL,,2026-02-24,2026-02-24,580.0,PE,VEDL26FEB580PE,0.45,0.45,0.3,0.35,0.35,0.6,678.0,0.35,507150,-20700,86,57400352.5,47,F1,1150,,,,,
2026-02-18,2026-02-18,FO,NSE,STO,165735,,VEDL,,2026-02-24,2026-02-24,625.0,PE,VEDL26FEB625PE,1.75,1.75,0.7,0.8,0.8,2.25,678.0,0.8,326600,13800,139,100073460.0,131,F1,1150,,,,,
2026-02-18,2026-02-18,FO,NSE,STO,165747,,VEDL,,2026-02-24,2026-02-24,685.0,PE,VEDL26FEB685PE,19.1,19.9,14.45,15.15,16.1,23.25,678.0,15.15,263350,-17250,334,269628597.5,322,F1,1150,,,,,
2026-02-18,2026-02-18,FO,NSE,STO,165773,,VEDL,,2026-02-24,2026-02-24,820.0,PE,VEDL26FEB820PE,0.0,0.0,0.0,207.6,0.0,207.6,678.0,141.25,0,0,0,0.0,0,F1,1150,,,,,
2026-02-18,2026-02-18,FO,NSE,STO,41139,,VEDL,,2026-03-30,2026-03-30,790.0,PE,VEDL26MAR790PE,0.0,0.0,0.0,167.15,0.0,167.15,678.0,111.2,0,0,0,0.0,0,F1,1150,,,,,
2026-02-18,2026-02-18,FO,NSE,STO,165847,,VEDL,,2026-03-30,2026-03-30,720.0,PE,VEDL26MAR720PE,56.0,56.0,54.0,54.2,54.2,63.0,678.0,54.2,51750,4600,9,8020042.5,7,F1,1150,,,,,
2026-02-18,2026-02-18,FO,NSE,STO,172277,,VEDL,,2026-03-30,2026-03-30,675.0,PE,VEDL26MAR675PE,30.2,30.2,26.0,26.6,26.7,32.85,678.0,26.6,285200,1150,62,50050990.0,50,F1,1150,,,,,
2026-02-18,2026-02-18,FO,NSE,STO,172275,,VEDL,,2026-03-30,2026-03-30,665.0,PE,VEDL26MAR665PE,27.55,27.55,23.0,23.9,23.9,27.55,678.0,22.85,25300,16100,22,17439807.5,22,F1,1150,,,,,
2026-02-18,2026-02-18,FO,NSE,STO,172267,,VEDL,,2026-03-30,2026-03-30,625.0,PE,VEDL26MAR625PE,10.95,11.0,9.05,9.05,9.05,12.3,678.0,9.05,82800,20700,28,20443607.5,22,F1,1150,,,,,
2026-02-18,2026-02-18,FO,NSE,STO,165821,,VEDL,,2026-03-30,2026-03-30,590.0,PE,VEDL26MAR590PE,4.45,4.6,3.65,3.65,3.65,5.35,678.0,3.55,113850,-3450,10,6831402.5,9,F1,1150,,,,,
2026-02-18,2026-02-18,FO,NSE,STO,172259,,VEDL,,2026-03-30,2026-03-30,585.0,PE,VEDL26MAR585PE,3.8,3.8,3.4,3.5,3.5,4.25,678.0,3.0,20700,20700,38,25722682.5,38,F1,1150,,,,,
2026-02-18,2026-02-18,FO,NSE,STO,50310,,VEDL,,2026-02-24,2026-02-24,815.0,PE,VEDL26FEB815PE,0.0,0.0,0.0,136.65,0.0,136.65,678.0,136.25,0,0,0,0.0,0,F1,1150,,,,,
2026-02-18,2026-02-18,FO,NSE,STO,48858,,VEDL,,2026-02-24,2026-02-24,730.0,PE,VEDL26FEB730PE,57.3,57.3,52.5,52.5,52.5,62.75,678.0,52.5,602600,-17250,17,15341805.0,17,F1,1150,,,,,
2026-02-18,2026-02-18,FO,NSE,STO,154462,,VEDL,,2026-02-24,2026-02-24,630.0,PE,VEDL26FEB630PE,2.5,2.7,0.85,1.0,1.0,2.8,678.0,1.0,469200,-163300,608,441550722.5,455,F1,1150,,,,,
2026-02-18,2026-02-18,FO,NSE,STO,172386,,VEDL,,2026-04-28,2026-04-28,780.0,CE,VEDL26APR780CE,0.0,0.0,0.0,27.85,0.0,27.85,678.0,11.7,0,0,0,0.0,0,F1,1150,,,,,
2026-02-18,2026-02-18,FO,NSE,STO,172380,,VEDL,,2026-04-28,2026-04-28,750.0,CE,VEDL26APR750CE,10.3,10.35,10.2,10.3,10.3,9.75,678.0,17.9,210450,6900,9,7868932.5,9,F1,1150,,,,,
2026-02-18,2026-02-18,FO,NSE,STO,172360,,VEDL,,2026-04-28,2026-04-28,650.0,CE,VEDL26APR650CE,0.0,0.0,0.0,88.3,0.0,88.3,678.0,59.35,0,0,0,0.0,0,F1,1150,,,,,
2026-02-18,2026-02-18,FO,NSE,STO,172348,,VEDL,,2026-04-28,2026-04-28,590.0,CE,VEDL26APR590CE,0.0,0.0,0.0,133.05,0.0,133.05,678.0,102.1,0,0,0,0.0,0,F1,1150,,,,,
2026-02-18,2026-02-18,FO,NSE,STO,41039,,VEDL,,2026-04-28,2026-04-28,550.0,CE,VEDL26APR550CE,0.0,0.0,0.0,146.95,0.0,146.95,678.0,136.6,0,0,0,0.0,0,F1,1150,,,,,
2026-02-18,2026-02-18,FO,NSE,STO,165862,,VEDL,,2026-03-30,2026-03-30,800.0,CE,VEDL26MAR800CE,3.5,3.75,3.2,3.35,3.3,3.4,678.0,3.35,1150000,31050,256,236493417.5,180,F1,1150,,,,,
2026-02-18,2026-02-18,FO,NSE,STO,172288,,VEDL,,2026-03-30,2026-03-30,735.0,CE,VEDL26MAR735CE,10.95,10.95,10.1,10.85,10.85,9.15,678.0,12.45,11500,3450,22,18862702.5,20,F1,1150,,,,,
2026-02-18,2026-02-18,FO,NSE,STO,172284,,VEDL,,2026-03-30,2026-03-30,715.0,CE,VEDL26MAR715CE,16.7,16.9,15.45,15.6,15.6,13.8,678.0,15.6,97750,2300,12,10087455.0,11,F1,1150,,,,,
2026-02-18,2026-02-18,FO,NSE,STO,165836,,VEDL,,2026-03-30,2026-03-30,670.0,CE,VEDL26MAR670CE,34.2,34.9,31.8,33.9,33.45,31.85,678.0,33.9,140300,4600,178,144080222.5,145,F1,1150,,,,,
2026-02-18,2026-02-18,FO,NSE,STO,165832,,VEDL,,2026-03-30,2026-03-30,650.0,CE,VEDL26MAR650CE,45.8,46.5,43.4,45.65,45.9,42.8,678.0,45.65,425500,23000,54,43192735.0,32,F1,1150,,,,,
2026-02-18,2026-02-18,FO,NSE,STO,172385,,VEDL,,2026-04-28,2026-04-28,770.0,PE,VEDL26APR770PE,0.0,0.0,0.0,83.6,0.0,83.6,678.0,97.55,0,0,0,0.0,0,F1,1150,,,,,
2026-02-18,2026-02-18,FO,NSE,STO,41132,,VEDL,,2026-02-24,2026-02-24,850.0,CE,VEDL26FEB850CE,0.1,0.2,0.1,0.1,0.15,0.15,678.0,0.1,762450,-350750,362,353901460.0,79,F1,1150,,,,,
2026-02-18,2026-02-18,FO,NSE,STO,165772,,VEDL,,2026-02-24,2026-02-24,820.0,CE,VEDL26FEB820CE,0.4,0.4,0.2,0.25,0.25,0.35,678.0,0.25,402500,-20700,105,99046567.5,73,F1,1150,,,,,
2026-02-18,2026-02-18,FO,NSE,STO,50307,,VEDL,,2026-02-24,2026-02-24,805.0,CE,VEDL26FEB805CE,0.0,0.0,0.0,0.4,0.4,0.4,678.0,0.05,108100,0,0,0.0,0,F1,1150,,,,,
2026-02-18,2026-02-18,FO,NSE,STO,165722,,VEDL,,2026-02-24,2026-02-24,565.0,CE,VEDL26FEB565CE,0.0,0.0,0.0,111.0,111.0,111.0,678.0,113.5,2300,0,0,0.0,0,F1,1150,,,,,
2026-02-18,2026-02-18,FO,NSE,STO,172297,,VEDL,,2026-03-30,2026-03-30,775.0,PE,VEDL26MAR775PE,0.0,0.0,0.0,81.45,0.0,81.45,678.0,97.85,0,0,0,0.0,0,F1,1150,,,,,
2026-02-18,2026-02-18,FO,NSE,STO,172371,,VEDL,,2026-04-28,2026-04-28,700.0,PE,VEDL26APR700PE,0.0,0.0,0.0,51.0,51.0,51.0,678.0,48.9,8050,0,0,0.0,0,F1,1150,,,,,
2026-02-18,2026-02-18,FO,NSE,STO,50339,,VEDL,,2026-03-30,2026-03-30,830.0,PE,VEDL26MAR830PE,0.0,0.0,0.0,151.55,0.0,151.55,678.0,148.55,0,0,0,0.0,0,F1,1150,,,,,
2026-02-18,2026-02-18,FO,NSE,STO,172303,,VEDL,,2026-03-30,2026-03-30,805.0,PE,VEDL26MAR805PE,0.0,0.0,0.0,104.5,0.0,104.5,678.0,124.95,0,0,0,0.0,0,F1,1150,,,,,
2026-02-18,2026-02-18,FO,NSE,STO,172389,,VEDL,,2026-04-28,2026-04-28,790.0,PE,VEDL26APR790PE,0.0,0.0,0.0,97.6,0.0,97.6,678.0,113.9,0,0,0,0.0,0,F1,1150,,,,,
2026-02-18,2026-02-18,FO,NSE,STO,165835,,VEDL,,2026-03-30,2026-03-30,660.0,PE,VEDL26MAR660PE,25.55,25.6,19.1,19.6,20.0,24.85,678.0,19.6,247250,17250,86,67298172.5,59,F1,1150,,,,,
2026-02-18,2026-02-18,FO,NSE,STO,154454,,VEDL,,2026-02-24,2026-02-24,590.0,PE,VEDL26FEB590PE,0.5,0.5,0.35,0.4,0.4,0.7,678.0,0.4,394450,-21850,137,93017060.0,86,F1,1150,,,,,
2026-02-18,2026-02-18,FO,NSE,STO,165739,,VEDL,,2026-02-24,2026-02-24,645.0,PE,VEDL26FEB645PE,3.55,3.6,1.9,2.0,2.2,5.25,678.0,2.0,416300,3450,399,297211232.5,359,F1,1150,,,,,
2026-02-18,2026-02-18,FO,NSE,STO,165755,,VEDL,,2026-02-24,2026-02-24,725.0,PE,VEDL26FEB725PE,50.75,52.15,48.0,49.25,49.2,32.25,678.0,49.25,282900,6900,25,22286540.0,25,F1,1150,,,,,
2026-02-18,2026-02-18,FO,NSE,STO,50993,,VEDL,,2026-02-24,2026-02-24,780.0,PE,VEDL26FEB780PE,0.0,0.0,0.0,103.8,103.8,103.8,678.0,101.3,54050,0,0,0.0,0,F1,1150,,,,,
2026-02-18,2026-02-18,FO,NSE,STO,50308,,VEDL,,2026-02-24,2026-02-24,805.0,PE,VEDL26FEB805PE,0.0,0.0,0.0,127.35,0.0,127.35,678.0,126.25,0,0,0,0.0,0,F1,1150,,,,,
2026-02-18,2026-02-18,FO,NSE,STO,172263,,VEDL,,2026-03-30,2026-03-30,605.0,PE,VEDL26MAR605PE,0.0,0.0,0.0,7.9,7.95,7.9,678.0,5.55,5750,0,0,0.0,0,F1,1150,,,,,
2026-02-18,2026-02-18,FO,NSE,STO,172265,,VEDL,,2026-03-30,2026-03-30,615.0,PE,VEDL26MAR615PE,8.25,8.25,7.8,7.8,7.8,9.5,678.0,7.35,25300,0,2,1432957.5,2,F1,1150,,,,,
2026-02-18,2026-02-18,FO,NSE,STO,165825,,VEDL,,2026-03-30,2026-03-30,610.0,PE,VEDL26MAR610PE,8.0,8.0,6.0,6.2,6.3,8.8,678.0,6.2,58650,4600,25,17730815.0,24,F1,1150,,,,,
2026-02-18,2026-02-18,FO,NSE,STO,154432,,VEDL,,2026-02-24,2026-02-24,480.0,PE,VEDL26FEB480PE,0.05,0.05,0.05,0.05,0.05,0.1,678.0,0.05,66700,-11500,14,7728805.0,9,F1,1150,,,,,
2026-02-18,2026-02-18,FO,NSE,STO,172350,,VEDL,,2026-04-28,2026-04-28,600.0,CE,VEDL26APR600CE,0.0,0.0,0.0,124.95,0.0,124.95,678.0,94.1,0,0,0,0.0,0,F1,1150,,,,,
2026-02-18,2026-02-18,FO,NSE,STO,165856,,VEDL,,2026-03-30,2026-03-30,770.0,CE,VEDL26MAR770CE,5.7,6.1,5.5,5.5,5.5,5.65,678.0,5.5,232300,-36800,112,99920222.5,68,F1,1150,,,,,
2026-02-18,2026-02-18,FO,NSE,STO,172282,,VEDL,,2026-03-30,2026-03-30,705.0,CE,VEDL26MAR705CE,19.3,19.3,19.0,19.0,19.0,18.0,678.0,21.4,16100,0,2,1665545.0,2,F1,1150,,,,,
2026-02-18,2026-02-18,FO,NSE,STO,41021,,VEDL,,2026-03-30,2026-03-30,555.0,CE,VEDL26MAR555CE,0.0,0.0,0.0,113.0,113.0,113.0,678.0,127.35,1150,0,0,0.0,0,F1,1150,,,,,
2026-02-18,2026-02-18,FO,NSE,STO,165770,,VEDL,,2026-02-24,2026-02-24,810.0,CE,VEDL26FEB810CE,0.35,0.4,0.25,0.3,0.3,0.4,678.0,0.3,274850,-69000,164,152824477.5,74,F1,1150,,,,,
2026-02-18,2026-02-18,FO,NSE,STO,154457,,VEDL,,2026-02-24,2026-02-24,610.0,CE,VEDL26FEB610CE,0.0,0.0,0.0,58.0,58.0,58.0,678.0,68.65,72450,0,0,0.0,0,F1,1150,,,,,
2026-02-18,2026-02-18,FO,NSE,STO,40996,,VEDL,,2026-02-24,2026-02-24,545.0,CE,VEDL26FEB545CE,0.0,0.0,0.0,139.0,0.0,139.0,678.0,133.5,0,0,0,0.0,0,F1,1150,,,,,
2026-02-18,2026-02-18,FO,NSE,STO,154439,,VEDL,,2026-02-24,2026-02-24,520.0,CE,VEDL26FEB520CE,0.0,0.0,0.0,140.0,140.0,140.0,678.0,158.45,4600,0,0,0.0,0,F1,1150,,,,,
2026-02-18,2026-02-18,FO,NSE,STF,59517,,VEDL,,2026-02-24,2026-02-24,,,VEDL26FEBFUT,669.2,678.55,668.5,676.95,676.15,668.75,678.0,676.95,69585350,-2052750,7504,5825220177.5,5884,F1,1150,,,,,
2026-02-18,2026-02-18,FO,NSE,STO,165837,,VEDL,,2026-03-30,2026-03-30,670.0,PE,VEDL26MAR670PE,27.95,28.05,23.7,24.0,23.7,29.75,678.0,24.0,135700,34500,76,60794635.0,71,F1,1150,,,,,
2026-02-18,2026-02-18,FO,NSE,STO,172279,,VEDL,,2026-03-30,2026-03-30,685.0,PE,VEDL26MAR685PE,0.0,0.0,0.0,26.95,26.95,26.95,678.0,32.5,3450,0,0,0.0,0,F1,1150,,,,,
2026-02-18,2026-02-18,FO,NSE,STO,172281,,VEDL,,2026-03-30,2026-03-30,695.0,PE,VEDL26MAR695PE,39.0,39.0,38.25,38.25,38.25,29.55,678.0,38.1,3450,0,2,1687337.5,2,F1,1150,,,,,
2026-02-18,2026-02-18,FO,NSE,STO,172305,,VEDL,,2026-03-30,2026-03-30,815.0,PE,VEDL26MAR815PE,0.0,0.0,0.0,112.65,0.0,112.65,678.0,134.3,0,0,0,0.0,0,F1,1150,,,,,
2026-02-18,2026-02-18,FO,NSE,STO,172365,,VEDL,,2026-04-28,2026-04-28,670.0,PE,VEDL26APR670PE,0.0,0.0,0.0,24.0,24.0,24.0,678.0,33.2,3450,0,0,0.0,0,F1,1150,,,,,
2026-02-18,2026-02-18,FO,NSE,STO,172373,,VEDL,,2026-04-28,2026-04-28,710.0,PE,VEDL26APR710PE,0.0,0.0,0.0,47.85,0.0,47.85,678.0,54.9,0,0,0,0.0,0,F1,1150,,,,,
2026-02-18,2026-02-18,FO,NSE,STO,172383,,VEDL,,2026-04-28,2026-04-28,760.0,PE,VEDL26APR760PE,0.0,0.0,0.0,76.95,0.0,76.95,678.0,89.75,0,0,0,0.0,0,F1,1150,,,,,
2026-02-18,2026-02-18,FO,NSE,STO,172358,,VEDL,,2026-04-28,2026-04-28,640.0,CE,VEDL26APR640CE,0.0,0.0,0.0,95.1,0.0,95.1,678.0,65.6,0,0,0,0.0,0,F1,1150,,,,,
2026-02-18,2026-02-18,FO,NSE,STO,172342,,VEDL,,2026-04-28,2026-04-28,560.0,CE,VEDL26APR560CE,0.0,0.0,0.0,158.65,0.0,158.65,678.0,127.65,0,0,0,0.0,0,F1,1150,,,,,
2026-02-18,2026-02-18,FO,NSE,STO,172276,,VEDL,,2026-03-30,2026-03-30,675.0,CE,VEDL26MAR675CE,32.25,32.35,29.3,31.2,31.1,29.35,678.0,31.2,151800,85100,154,125007817.5,126,F1,1150,,,,,
2026-02-18,2026-02-18,FO,NSE,STO,165820,,VEDL,,2026-03-30,2026-03-30,590.0,CE,VEDL26MAR590CE,0.0,0.0,0.0,109.0,109.0,109.0,678.0,95.05,1150,0,0,0.0,0,F1,1150,,,,,
2026-02-18,2026-02-18,FO,NSE,STO,172258,,VEDL,,2026-03-30,2026-03-30,585.0,CE,VEDL26MAR585CE,0.0,0.0,0.0,130.85,0.0,130.85,678.0,99.5,0,0,0,0.0,0,F1,1150,,,,,
2026-02-18,2026-02-18,FO,NSE,STO,44072,,VEDL,,2026-02-24,2026-02-24,785.0,CE,VEDL26FEB785CE,0.45,0.45,0.3,0.35,0.35,0.55,678.0,0.35,92000,-4600,15,13547000.0,15,F1,1150,,,,,
2026-02-18,2026-02-18,FO,NSE,STO,165762,,VEDL,,2026-02-24,2026-02-24,765.0,CE,VEDL26FEB765CE,0.55,0.6,0.35,0.5,0.5,0.7,678.0,0.5,391000,-27600,119,104755685.0,96,F1,1150,,,,,
2026-02-18,2026-02-18,FO,NSE,STO,40099,,VEDL,,2026-02-24,2026-02-24,720.0,CE,VEDL26FEB720CE,2.0,2.1,1.2,1.45,1.45,1.95,678.0,1.45,1974550,-101200,1241,1029712760.0,863,F1,1150,,,,,
2026-02-18,2026-02-18,FO,NSE,STO,37823,,VEDL,,2026-02-24,2026-02-24,670.0,CE,VEDL26FEB670CE,13.05,15.7,12.45,14.7,14.5,13.15,678.0,14.7,1207500,-418600,3530,2778490160.0,3244,F1,1150,,,,,
2026-02-18,2026-02-18,FO,NSE,STO,165736,,VEDL,,2026-02-24,2026-02-24,635.0,CE,VEDL26FEB635CE,0.0,0.0,0.0,34.75,34.75,34.75,678.0,44.45,94300,0,0,0.0,0,F1,1150,,,,,
2026-02-18,2026-02-18,FO,NSE,STO,40998,,VEDL,,2026-02-24,2026-02-24,555.0,CE,VEDL26FEB555CE,0.0,0.0,0.0,107.0,107.0,107.0,678.0,123.5,3450,0,0,0.0,0,F1,1150,,,,,
2026-02-18,2026-02-18,FO,NSE,STO,41619,,VEDL,,2026-02-24,2026-02-24,690.0,PE,VEDL26FEB690PE,22.5,23.85,18.0,18.65,19.3,26.85,678.0,18.65,443900,-111550,265,216328052.5,207,F1,1150,,,,,
2026-02-18,2026-02-18,FO,NSE,STO,50991,,VEDL,,2026-02-24,2026-02-24,750.0,PE,VEDL26FEB750PE,82.0,82.0,72.6,73.6,73.9,89.55,678.0,73.6,974050,-54050,55,52247662.5,46,F1,1150,,,,,
2026-02-18,2026-02-18,FO,NSE,STO,165763,,VEDL,,2026-02-24,2026-02-24,765.0,PE,VEDL26FEB765PE,90.0,92.6,90.0,92.6,92.6,66.55,678.0,86.35,158700,-2300,4,3941337.5,4,F1,1150,,,,,
2026-02-18,2026-02-18,FO,NSE,STO,165765,,VEDL,,2026-02-24,2026-02-24,770.0,PE,VEDL26FEB770PE,95.0,95.0,92.6,93.2,93.4,101.25,678.0,93.2,231150,-2300,7,6956062.5,7,F1,1150,,,,,
2026-02-18,2026-02-18,FO,NSE,STO,165777,,VEDL,,2026-02-24,2026-02-24,840.0,PE,VEDL26FEB840PE,166.0,167.0,165.0,166.0,166.0,174.5,678.0,161.25,29900,-5750,12,13882800.0,6,F1,1150,,,,,
2026-02-18,2026-02-18,FO,NSE,STO,165811,,VEDL,,2026-03-30,2026-03-30,540.0,PE,VEDL26MAR540PE,1.4,1.45,1.25,1.25,1.25,1.75,678.0,0.55,6900,2300,4,2490267.5,4,F1,1150,,,,,
2026-02-18,2026-02-18,FO,NSE,STO,165831,,VEDL,,2026-03-30,2026-03-30,640.0,PE,VEDL26MAR640PE,15.2,15.25,12.5,12.7,12.8,16.9,678.0,12.7,115000,9200,49,36844217.5,44,F1,1150,,,,,
2026-02-18,2026-02-18,FO,NSE,STO,172359,,VEDL,,2026-04-28,2026-04-28,640.0,PE,VEDL26APR640PE,0.0,0.0,0.0,14.0,14.0,14.0,678.0,20.95,4600,0,0,0.0,0,F1,1150,,,,,
2026-02-18,2026-02-18,FO,NSE,STO,172361,,VEDL,,2026-04-28,2026-04-28,650.0,PE,VEDL26APR650PE,21.65,25.2,18.5,18.5,18.5,25.2,678.0,24.65,33350,16100,15,11585732.5,15,F1,1150,,,,,
2026-02-18,2026-02-18,FO,NSE,STO,154468,,VEDL,,2026-02-24,2026-02-24,660.0,PE,VEDL26FEB660PE,8.35,8.35,4.25,4.6,4.75,9.8,678.0,4.6,1079850,-323150,2788,2134373607.5,2418,F1,1150,,,,,
2026-02-18,2026-02-18,FO,NSE,STO,165741,,VEDL,,2026-02-24,2026-02-24,655.0,PE,VEDL26FEB655PE,7.45,7.65,3.25,3.5,3.6,8.0,678.0,3.5,309350,12650,617,467989567.5,601,F1,1150,,,,,
2026-02-18,2026-02-18,FO,NSE,STO,154450,,VEDL,,2026-02-24,2026-02-24,570.0,PE,VEDL26FEB570PE,0.4,0.4,0.2,0.25,0.2,0.5,678.0,0.25,167900,12650,66,43282090.0,38,F1,1150,,,,,
2026-02-18,2026-02-18,FO,NSE,STO,165723,,VEDL,,2026-02-24,2026-02-24,565.0,PE,VEDL26FEB565PE,0.25,0.3,0.25,0.3,0.25,0.55,678.0,0.3,23000,-4600,20,13001555.0,16,F1,1150,,,,,
2026-02-18,2026-02-18,FO,NSE,STO,154442,,VEDL,,2026-02-24,2026-02-24,530.0,PE,VEDL26FEB530PE,0.2,0.2,0.2,0.2,0.2,0.3,678.0,0.05,126500,-1150,1,609730.0,1,F1,1150,,,,,
2026-02-18,2026-02-18,FO,NSE,STO,172398,,VEDL,,2026-04-28,2026-04-28,840.0,CE,VEDL26APR840CE,0.0,0.0,0.0,14.65,0.0,14.65,678.0,4.55,0,0,0,0.0,0,F1,1150,,,,,
2026-02-18,2026-02-18,FO,NSE,STO,165754,,VEDL,,2026-02-24,2026-02-24,725.0,CE,VEDL26FEB725CE,1.65,1.75,0.95,1.2,1.2,1.65,678.0,1.2,593400,-75900,382,319018567.5,330,F1,1150,,,,,
2026-02-18,2026-02-18,FO,NSE,STO,37825,,VEDL,,2026-02-24,2026-02-24,700.0,CE,VEDL26FEB700CE,4.2,4.7,3.0,3.4,3.4,4.0,678.0,3.4,5146250,-24150,5187,4197424272.5,3390,F1,1150,,,,,
2026-02-18,2026-02-18,FO,NSE,STO,154461,,VEDL,,2026-02-24,2026-02-24,630.0,CE,VEDL26FEB630CE,44.95,49.0,44.35,48.0,48.0,41.6,678.0,48.0,216200,-23000,30,23335627.5,21,F1,1150,,,,,
2026-02-18,2026-02-18,FO,NSE,STO,157620,,SAIL,,2026-03-30,2026-03-30,128.0,CE,SAIL26MAR128CE,0.0,0.0,0.0,20.26,0.0,20.26,159.2,32.15,0,0,0,0.0,0,F1,4700,,,,,
2026-02-18,2026-02-18,FO,NSE,STO,157650,,SAIL,,2026-03-30,2026-03-30,158.0,CE,SAIL26MAR158CE,0.0,0.0,0.0,6.53,0.0,6.53,159.2,8.52,0,0,0,0.0,0,F1,4700,,,,,
2026-02-18,2026-02-18,FO,NSE,STO,157644,,SAIL,,2026-03-30,2026-03-30,152.0,CE,SAIL26MAR152CE,0.0,0.0,0.0,8.4,0.0,8.4,159.2,12.02,0,0,0,0.0,0,F1,4700,,,,,
2026-02-18,2026-02-18,FO,NSE,STO,166648,,SAIL,,2026-03-30,2026-03-30,145.0,CE,SAIL26MAR145CE,0.0,0.0,0.0,7.0,7.0,7.0,159.2,17.03,9400,0,0,0.0,0,F1,4700,,,,,
2026-02-18,2026-02-18,FO,NSE,STO,157624,,SAIL,,2026-03-30,2026-03-30,132.0,CE,SAIL26MAR132CE,0.0,0.0,0.0,17.75,0.0,17.75,159.2,28.34,0,0,0,0.0,0,F1,4700,,,,,
2026-02-18,2026-02-18,FO,NSE,STO,166634,,SAIL,,2026-03-30,2026-03-30,131.0,CE,SAIL26MAR131CE,0.0,0.0,0.0,27.93,0.0,27.93,159.2,29.29,0,0,0,0.0,0,F1,4700,,,,,
2026-02-18,2026-02-18,FO,NSE,STO,157622,,SAIL,,2026-03-30,2026-03-30,130.0,CE,SAIL26MAR130CE,0.0,0.0,0.0,18.98,0.0,18.98,159.2,30.23,0,0,0,0.0,0,F1,4700,,,,,
2026-02-18,2026-02-18,FO,NSE,STO,166628,,SAIL,,2026-03-30,2026-03-30,125.0,CE,SAIL26MAR125CE,0.0,0.0,0.0,33.01,0.0,33.01,159.2,35.05,0,0,0,0.0,0,F1,4700,,,,,
2026-02-18,2026-02-18,FO,NSE,STO,157546,,SAIL,,2026-02-24,2026-02-24,159.0,CE,SAIL26FEB159CE,1.0,2.01,1.0,2.01,2.01,1.0,159.2,2.01,535800,-9400,4,3018434.0,4,F1,4700,,,,,
2026-02-18,2026-02-18,FO,NSE,STO,157523,,SAIL,,2026-02-24,2026-02-24,135.0,PE,SAIL26FEB135PE,0.3,0.3,0.25,0.28,0.28,0.17,159.2,0.01,1555700,-14100,3,1907401.0,3,F1,4700,,,,,
2026-02-18,2026-02-18,FO,NSE,STO,157525,,SAIL,,2026-02-24,2026-02-24,137.0,PE,SAIL26FEB137PE,0.0,0.0,0.0,6.82,0.0,6.82,159.2,0.01,0,0,0,0.0,0,F1,4700,,,,,
2026-02-18,2026-02-18,FO,NSE,STO,132465,,SAIL,,2026-02-24,2026-02-24,140.0,PE,SAIL26FEB140PE,0.1,0.24,0.1,0.18,0.12,0.25,159.2,0.18,2472200,-9400,9,5927546.0,6,F1,4700,,,,,
2026-02-18,2026-02-18,FO,NSE,STO,157541,,SAIL,,2026-02-24,2026-02-24,153.0,PE,SAIL26FEB153PE,0.0,0.0,0.0,0.5,0.5,0.5,159.2,0.72,878900,0,0,0.0,0,F1,4700,,,,,
2026-02-18,2026-02-18,FO,NSE,STO,157543,,SAIL,,2026-02-24,2026-02-24,155.0,PE,SAIL26FEB155PE,0.5,1.85,0.5,0.94,0.8,1.5,159.2,0.94,4084300,51700,57,41757855.0,53,F1,4700,,,,,
2026-02-18,2026-02-18,FO,NSE,STO,37558,,SAIL,,2026-02-24,2026-02-24,170.0,PE,SAIL26FEB170PE,0.0,0.0,0.0,11.9,11.9,11.9,159.2,10.91,188000,0,0,0.0,0,F1,4700,,,,,
2026-02-18,2026-02-18,FO,NSE,STO,166639,,SAIL,,2026-03-30,2026-03-30,135.0,PE,SAIL26MAR135PE,0.0,0.0,0.0,2.78,0.0,2.78,159.2,0.55,0,0,0,0.0,0,F1,4700,,,,,
2026-02-18,2026-02-18,FO,NSE,STO,157633,,SAIL,,2026-03-30,2026-03-30,140.0,PE,SAIL26MAR140PE,0.0,0.0,0.0,1.53,1.53,1.53,159.2,1.09,314900,0,0,0.0,0,F1,4700,,,,,
2026-02-18,2026-02-18,FO,NSE,STO,166645,,SAIL,,2026-03-30,2026-03-30,141.0,PE,SAIL26MAR141PE,0.0,0.0,0.0,4.32,0.0,4.32,159.2,1.23,0,0,0,0.0,0,F1,4700,,,,,
2026-02-18,2026-02-18,FO,NSE,STO,166655,,SAIL,,2026-03-30,2026-03-30,151.0,PE,SAIL26MAR151PE,0.0,0.0,0.0,8.0,0.0,8.0,159.2,3.57,0,0,0,0.0,0,F1,4700,,,,,
2026-02-18,2026-02-18,FO,NSE,STO,157645,,SAIL,,2026-03-30,2026-03-30,152.0,PE,SAIL26MAR152PE,0.0,0.0,0.0,17.13,0.0,17.13,159.2,3.91,0,0,0,0.0,0,F1,4700,,,,,
2026-02-18,2026-02-18,FO,NSE,STO,157649,,SAIL,,2026-03-30,2026-03-30,156.0,PE,SAIL26MAR156PE,0.0,0.0,0.0,19.78,0.0,19.78,159.2,5.47,0,0,0,0.0,0,F1,4700,,,,,
2026-02-18,2026-02-18,FO,NSE,STO,166735,,SAIL,,2026-04-28,2026-04-28,130.0,PE,SAIL26APR130PE,0.0,0.0,0.0,3.01,0.0,3.01,159.2,0.84,0,0,0,0.0,0,F1,4700,,,,,
2026-02-18,2026-02-18,FO,NSE,STO,166749,,SAIL,,2026-04-28,2026-04-28,144.0,PE,SAIL26APR144PE,0.0,0.0,0.0,7.01,0.0,7.01,159.2,3.21,0,0,0,0.0,0,F1,4700,,,,,
2026-02-18,2026-02-18,FO,NSE,STF,52026,,SAIL,,2026-03-30,2026-03-30,,,SAIL26MARFUT,159.85,161.12,159.02,159.83,159.95,157.95,159.2,159.83,8727900,-32900,56,42178928.0,51,F1,4700,,,,,
2026-02-18,2026-02-18,FO,NSE,STO,132468,,SAIL,,2026-02-24,2026-02-24,144.0,CE,SAIL26FEB144CE,0.0,0.0,0.0,13.32,13.32,13.32,159.2,15.36,42300,0,0,0.0,0,F1,4700,,,,,
2026-02-18,2026-02-18,FO,NSE,STO,132502,,SAIL,,2026-02-24,2026-02-24,156.0,CE,SAIL26FEB156CE,4.0,4.0,3.1,3.4,3.11,4.65,159.2,3.4,484100,-14100,6,4495221.0,6,F1,4700,,,,,
2026-02-18,2026-02-18,FO,NSE,STO,157544,,SAIL,,2026-02-24,2026-02-24,157.0,CE,SAIL26FEB157CE,3.7,5.0,2.05,2.81,3.5,3.7,159.2,2.81,371300,-32900,14,10544074.0,14,F1,4700,,,,,
2026-02-18,2026-02-18,FO,NSE,STO,157550,,SAIL,,2026-02-24,2026-02-24,163.0,CE,SAIL26FEB163CE,0.9,0.9,0.9,0.9,0.9,0.99,159.2,1.45,300800,-4700,2,1540660.0,2,F1,4700,,,,,
2026-02-18,2026-02-18,FO,NSE,STO,157558,,SAIL,,2026-02-24,2026-02-24,171.0,CE,SAIL26FEB171CE,0.0,0.0,0.0,1.46,1.41,1.46,159.2,0.19,122200,0,0,0.0,0,F1,4700,,,,,
2026-02-18,2026-02-18,FO,NSE,STO,166640,,SAIL,,2026-03-30,2026-03-30,137.0,CE,SAIL26MAR137CE,0.0,0.0,0.0,23.23,0.0,23.23,159.2,23.76,0,0,0,0.0,0,F1,4700,,,,,
2026-02-18,2026-02-18,FO,NSE,STO,157640,,SAIL,,2026-03-30,2026-03-30,148.0,CE,SAIL26MAR148CE,0.0,0.0,0.0,9.86,0.0,9.86,159.2,14.77,0,0,0,0.0,0,F1,4700,,,,,
2026-02-18,2026-02-18,FO,NSE,STO,157660,,SAIL,,2026-03-30,2026-03-30,168.0,CE,SAIL26MAR168CE,0.0,0.0,0.0,4.21,0.0,4.21,159.2,4.36,0,0,0,0.0,0,F1,4700,,,,,
2026-02-18,2026-02-18,FO,NSE,STO,157672,,SAIL,,2026-03-30,2026-03-30,180.0,CE,SAIL26MAR180CE,0.0,0.0,0.0,2.0,2.0,2.0,159.2,1.66,4700,0,0,0.0,0,F1,4700,,,,,
2026-02-18,2026-02-18,FO,NSE,STO,166780,,SAIL,,2026-04-28,2026-04-28,176.0,CE,SAIL26APR176CE,0.0,0.0,0.0,6.94,0.0,6.94,159.2,4.44,0,0,0,0.0,0,F1,4700,,,,,
2026-02-18,2026-02-18,FO,NSE,STO,132452,,SAIL,,2026-02-24,2026-02-24,128.0,CE,SAIL26FEB128CE,0.0,0.0,0.0,14.55,0.0,14.55,159.2,31.32,0,0,0,0.0,0,F1,4700,,,,,
2026-02-18,2026-02-18,FO,NSE,STO,157562,,SAIL,,2026-02-24,2026-02-24,174.0,CE,SAIL26FEB174CE,0.0,0.0,0.0,0.26,0.26,0.26,159.2,0.08,178600,0,0,0.0,0,F1,4700,,,,,
2026-02-18,2026-02-18,FO,NSE,STO,157566,,SAIL,,2026-02-24,2026-02-24,177.0,CE,SAIL26FEB177CE,0.0,0.0,0.0,0.1,0.1,0.1,159.2,0.03,188000,0,0,0.0,0,F1,4700,,,,,
2026-02-18,2026-02-18,FO,NSE,STO,166638,,SAIL,,2026-03-30,2026-03-30,135.0,CE,SAIL26MAR135CE,0.0,0.0,0.0,24.75,0.0,24.75,159.2,25.56,0,0,0,0.0,0,F1,4700,,,,,
2026-02-18,2026-02-18,FO,NSE,STO,157642,,SAIL,,2026-03-30,2026-03-30,150.0,CE,SAIL26MAR150CE,0.0,0.0,0.0,14.0,14.0,14.0,159.2,13.36,98700,0,0,0.0,0,F1,4700,,,,,
2026-02-18,2026-02-18,FO,NSE,STO,166658,,SAIL,,2026-03-30,2026-03-30,155.0,CE,SAIL26MAR155CE,0.0,0.0,0.0,10.9,10.9,10.9,159.2,10.18,89300,0,0,0.0,0,F1,4700,,,,,
2026-02-18,2026-02-18,FO,NSE,STO,166668,,SAIL,,2026-03-30,2026-03-30,165.0,CE,SAIL26MAR165CE,0.0,0.0,0.0,1.04,1.04,1.04,159.2,5.4,32900,0,0,0.0,0,F1,4700,,,,,
2026-02-18,2026-02-18,FO,NSE,STO,166726,,SAIL,,2026-04-28,2026-04-28,122.0,CE,SAIL26APR122CE,0.0,0.0,0.0,37.07,0.0,37.07,159.2,38.77,0,0,0,0.0,0,F1,4700,,,,,
2026-02-18,2026-02-18,FO,NSE,STO,166744,,SAIL,,2026-04-28,2026-04-28,140.0,CE,SAIL26APR140CE,0.0,0.0,0.0,23.35,0.0,23.35,159.2,22.94,0,0,0,0.0,0,F1,4700,,,,,
2026-02-18,2026-02-18,FO,NSE,STO,166746,,SAIL,,2026-04-28,2026-04-28,142.0,CE,SAIL26APR142CE,0.0,0.0,0.0,22.04,0.0,22.04,159.2,21.39,0,0,0,0.0,0,F1,4700,,,,,
2026-02-18,2026-02-18,FO,NSE,STO,166762,,SAIL,,2026-04-28,2026-04-28,158.0,CE,SAIL26APR158CE,0.0,0.0,0.0,13.32,0.0,13.32,159.2,11.17,0,0,0,0.0,0,F1,4700,,,,,
2026-02-18,2026-02-18,FO,NSE,STO,166784,,SAIL,,2026-04-28,2026-04-28,180.0,CE,SAIL26APR180CE,0.0,0.0,0.0,5.95,0.0,5.95,159.2,3.52,0,0,0,0.0,0,F1,4700,,,,,
2026-02-18,2026-02-18,FO,NSE,STO,132449,,SAIL,,2026-02-24,2026-02-24,124.0,PE,SAIL26FEB124PE,0.0,0.0,0.0,6.69,0.0,6.69,159.2,0.01,0,0,0,0.0,0,F1,4700,,,,,
2026-02-18,2026-02-18,FO,NSE,STO,157521,,SAIL,,2026-02-24,2026-02-24,133.0,PE,SAIL26FEB133PE,0.0,0.0,0.0,5.2,0.0,5.2,159.2,0.01,0,0,0,0.0,0,F1,4700,,,,,
2026-02-18,2026-02-18,FO,NSE,STO,132463,,SAIL,,2026-02-24,2026-02-24,138.0,PE,SAIL26FEB138PE,0.0,0.0,0.0,0.01,0.01,0.01,159.2,0.01,408900,0,0,0.0,0,F1,4700,,,,,
2026-02-18,2026-02-18,FO,NSE,STO,132499,,SAIL,,2026-02-24,2026-02-24,152.0,PE,SAIL26FEB152PE,0.5,0.5,0.21,0.3,0.21,0.05,159.2,0.3,404200,0,5,3581917.0,5,F1,4700,,,,,
2026-02-18,2026-02-18,FO,NSE,STO,157545,,SAIL,,2026-02-24,2026-02-24,157.0,PE,SAIL26FEB157PE,0.5,1.51,0.5,1.51,1.51,1.15,159.2,1.51,404200,4700,7,5210185.0,7,F1,4700,,,,,
2026-02-18,2026-02-18,FO,NSE,STO,132518,,SAIL,,2026-02-24,2026-02-24,172.0,PE,SAIL26FEB172PE,0.0,0.0,0.0,39.23,0.0,39.23,159.2,12.79,0,0,0,0.0,0,F1,4700,,,,,
2026-02-18,2026-02-18,FO,NSE,STO,157569,,SAIL,,2026-02-24,2026-02-24,178.0,PE,SAIL26FEB178PE,0.0,0.0,0.0,36.45,0.0,36.45,159.2,18.66,0,0,0,0.0,0,F1,4700,,,,,
2026-02-18,2026-02-18,FO,NSE,STO,157629,,SAIL,,2026-03-30,2026-03-30,136.0,PE,SAIL26MAR136PE,0.0,0.0,0.0,8.43,0.0,8.43,159.2,0.64,0,0,0,0.0,0,F1,4700,,,,,
2026-02-18,2026-02-18,FO,NSE,STO,157637,,SAIL,,2026-03-30,2026-03-30,144.0,PE,SAIL26MAR144PE,0.0,0.0,0.0,12.37,0.0,12.37,159.2,1.75,0,0,0,0.0,0,F1,4700,,,,,
2026-02-18,2026-02-18,FO,NSE,STO,166669,,SAIL,,2026-03-30,2026-03-30,165.0,PE,SAIL26MAR165PE,0.0,0.0,0.0,11.0,11.0,11.0,159.2,10.2,0,0,0,0.0,0,F1,4700,,,,,
2026-02-18,2026-02-18,FO,NSE,STO,36719,,SAIL,,2026-03-30,2026-03-30,182.0,PE,SAIL26MAR182PE,0.0,0.0,0.0,35.56,0.0,35.56,159.2,23.1,0,0,0,0.0,0,F1,4700,,,,,
2026-02-18,2026-02-18,FO,NSE,STO,166775,,SAIL,,2026-04-28,2026-04-28,170.0,PE,SAIL26APR170PE,0.0,0.0,0.0,20.54,0.0,20.54,159.2,15.21,0,0,0,0.0,0,F1,4700,,,,,
2026-02-18,2026-02-18,FO,NSE,STO,166779,,SAIL,,2026-04-28,2026-04-28,174.0,PE,SAIL26APR174PE,0.0,0.0,0.0,23.27,0.0,23.27,159.2,17.96,0,0,0,0.0,0,F1,4700,,,,,
2026-02-18,2026-02-18,FO,NSE,STO,166785,,SAIL,,2026-04-28,2026-04-28,180.0,PE,SAIL26APR180PE,0.0,0.0,0.0,27.64,0.0,27.64,159.2,22.46,0,0,0,0.0,0,F1,4700,,,,,
2026-02-18,2026-02-18,FO,NSE,STO,157540,,SAIL,,2026-02-24,2026-02-24,153.0,CE,SAIL26FEB153CE,0.0,0.0,0.0,4.1,4.1,4.1,159.2,7.06,244400,0,0,0.0,0,F1,4700,,,,,
2026-02-18,2026-02-18,FO,NSE,STO,157519,,SAIL,,2026-02-24,2026-02-24,131.0,PE,SAIL26FEB131PE,0.0,0.0,0.0,4.49,0.0,4.49,159.2,0.01,0,0,0,0.0,0,F1,4700,,,,,
2026-02-18,2026-02-18,FO,NSE,STO,166670,,SAIL,,2026-03-30,2026-03-30,167.0,CE,SAIL26MAR167CE,0.0,0.0,0.0,7.15,0.0,7.15,159.2,4.68,0,0,0,0.0,0,F1,4700,,,,,
2026-02-18,2026-02-18,FO,NSE,STO,166660,,SAIL,,2026-03-30,2026-03-30,157.0,CE,SAIL26MAR157CE,0.0,0.0,0.0,11.1,0.0,11.1,159.2,9.05,0,0,0,0.0,0,F1,4700,,,,,
2026-02-18,2026-02-18,FO,NSE,STO,166656,,SAIL,,2026-03-30,2026-03-30,153.0,CE,SAIL26MAR153CE,0.0,0.0,0.0,13.07,0.0,13.07,159.2,11.39,0,0,0,0.0,0,F1,4700,,,,,
2026-02-18,2026-02-18,FO,NSE,STO,166626,,SAIL,,2026-03-30,2026-03-30,123.0,CE,SAIL26MAR123CE,0.0,0.0,0.0,34.78,0.0,34.78,159.2,37.01,0,0,0,0.0,0,F1,4700,,,,,
2026-02-18,2026-02-18,FO,NSE,STO,157552,,SAIL,,2026-02-24,2026-02-24,165.0,CE,SAIL26FEB165CE,0.12,0.8,0.12,0.51,0.51,0.31,159.2,0.51,3402800,-89300,64,49778969.0,24,F1,4700,,,,,
2026-02-18,2026-02-18,FO,NSE,STO,166789,,SAIL,,2026-04-28,2026-04-28,184.0,PE,SAIL26APR184PE,0.0,0.0,0.0,30.7,0.0,30.7,159.2,25.66,0,0,0,0.0,0,F1,4700,,,,,
2026-02-18,2026-02-18,FO,NSE,STO,166765,,SAIL,,2026-04-28,2026-04-28,160.0,PE,SAIL26APR160PE,0.0,0.0,0.0,14.43,0.0,14.43,159.2,9.33,0,0,0,0.0,0,F1,4700,,,,,
2026-02-18,2026-02-18,FO,NSE,STO,166755,,SAIL,,2026-04-28,2026-04-28,150.0,PE,SAIL26APR150PE,0.0,0.0,0.0,4.5,4.5,4.5,159.2,5.02,4700,0,0,0.0,0,F1,4700,,,,,
2026-02-18,2026-02-18,FO,NSE,STO,166743,,SAIL,,2026-04-28,2026-04-28,138.0,PE,SAIL26APR138PE,0.0,0.0,0.0,5.03,0.0,5.03,159.2,1.91,0,0,0,0.0,0,F1,4700,,,,,
2026-02-18,2026-02-18,FO,NSE,STO,166741,,SAIL,,2026-04-28,2026-04-28,136.0,PE,SAIL26APR136PE,0.0,0.0,0.0,4.46,0.0,4.46,159.2,1.58,0,0,0,0.0,0,F1,4700,,,,,
2026-02-18,2026-02-18,FO,NSE,STO,166737,,SAIL,,2026-04-28,2026-04-28,132.0,PE,SAIL26APR132PE,0.0,0.0,0.0,3.45,0.0,3.45,159.2,1.05,0,0,0,0.0,0,F1,4700,,,,,
2026-02-18,2026-02-18,FO,NSE,STO,166733,,SAIL,,2026-04-28,2026-04-28,128.0,PE,SAIL26APR128PE,0.0,0.0,0.0,2.61,0.0,2.61,159.2,0.66,0,0,0,0.0,0,F1,4700,,,,,
2026-02-18,2026-02-18,FO,NSE,STO,157673,,SAIL,,2026-03-30,2026-03-30,180.0,PE,SAIL26MAR180PE,0.0,0.0,0.0,38.7,0.0,38.7,159.2,21.38,0,0,0,0.0,0,F1,4700,,,,,
2026-02-18,2026-02-18,FO,NSE,STO,166657,,SAIL,,2026-03-30,2026-03-30,153.0,PE,SAIL26MAR153PE,0.0,0.0,0.0,8.91,0.0,8.91,159.2,4.27,0,0,0,0.0,0,F1,4700,,,,,
2026-02-18,2026-02-18,FO,NSE,STO,166641,,SAIL,,2026-03-30,2026-03-30,137.0,PE,SAIL26MAR137PE,0.0,0.0,0.0,3.24,0.0,3.24,159.2,0.73,0,0,0,0.0,0,F1,4700,,,,,
2026-02-18,2026-02-18,FO,NSE,STO,132515,,SAIL,,2026-02-24,2026-02-24,168.0,PE,SAIL26FEB168PE,0.0,0.0,0.0,10.92,10.97,10.92,159.2,9.1,23500,0,0,0.0,0,F1,4700,,,,,
2026-02-18,2026-02-18,FO,NSE,STF,67005,,SAIL,,2026-04-28,2026-04-28,,,SAIL26APRFUT,161.8,161.8,159.91,159.91,159.91,157.11,159.2,160.86,625100,-89300,19,14324237.0,19,F1,4700,,,,,
2026-02-18,2026-02-18,FO,NSE,STO,132448,,SAIL,,2026-02-24,2026-02-24,124.0,CE,SAIL26FEB124CE,0.0,0.0,0.0,16.81,0.0,16.81,159.2,35.31,0,0,0,0.0,0,F1,4700,,,,,
2026-02-18,2026-02-18,FO,NSE,STO,157512,,SAIL,,2026-02-24,2026-02-24,125.0,CE,SAIL26FEB125CE,0.0,0.0,0.0,19.94,0.0,19.94,159.2,34.31,0,0,0,0.0,0,F1,4700,,,,,
2026-02-18,2026-02-18,FO,NSE,STO,132491,,SAIL,,2026-02-24,2026-02-24,148.0,CE,SAIL26FEB148CE,0.0,0.0,0.0,13.22,13.22,13.22,159.2,11.49,173900,0,0,0.0,0,F1,4700,,,,,
2026-02-18,2026-02-18,FO,NSE,STO,132501,,SAIL,,2026-02-24,2026-02-24,154.0,PE,SAIL26FEB154PE,0.4,0.75,0.35,0.5,0.75,0.41,159.2,0.5,361900,-4700,3,2178450.0,3,F1,4700,,,,,
2026-02-18,2026-02-18,FO,NSE,STO,166676,,SAIL,,2026-03-30,2026-03-30,173.0,CE,SAIL26MAR173CE,0.0,0.0,0.0,5.38,0.0,5.38,159.2,2.98,0,0,0,0.0,0,F1,4700,,,,,
2026-02-18,2026-02-18,FO,NSE,STO,166662,,SAIL,,2026-03-30,2026-03-30,159.0,CE,SAIL26MAR159CE,0.0,0.0,0.0,10.2,0.0,10.2,159.2,8.01,0,0,0,0.0,0,F1,4700,,,,,
2026-02-18,2026-02-18,FO,NSE,STO,157626,,SAIL,,2026-03-30,2026-03-30,134.0,CE,SAIL26MAR134CE,0.0,0.0,0.0,16.58,0.0,16.58,159.2,26.48,0,0,0,0.0,0,F1,4700,,,,,
2026-02-18,2026-02-18,FO,NSE,STO,166624,,SAIL,,2026-03-30,2026-03-30,121.0,CE,SAIL26MAR121CE,0.0,0.0,0.0,36.58,0.0,36.58,159.2,38.97,0,0,0,0.0,0,F1,4700,,,,,
2026-02-18,2026-02-18,FO,NSE,STO,157560,,SAIL,,2026-02-24,2026-02-24,173.0,CE,SAIL26FEB173CE,0.0,0.0,0.0,1.56,0.0,1.56,159.2,0.1,0,0,0,0.0,0,F1,4700,,,,,
2026-02-18,2026-02-18,FO,NSE,STO,157530,,SAIL,,2026-02-24,2026-02-24,143.0,CE,SAIL26FEB143CE,0.0,0.0,0.0,17.05,16.66,17.05,159.2,16.35,42300,0,0,0.0,0,F1,4700,,,,,
2026-02-18,2026-02-18,FO,NSE,STO,166753,,SAIL,,2026-04-28,2026-04-28,148.0,PE,SAIL26APR148PE,0.0,0.0,0.0,8.58,0.0,8.58,159.2,4.36,0,0,0,0.0,0,F1,4700,,,,,
2026-02-18,2026-02-18,FO,NSE,STO,157669,,SAIL,,2026-03-30,2026-03-30,176.0,PE,SAIL26MAR176PE,0.0,0.0,0.0,35.27,0.0,35.27,159.2,18.08,0,0,0,0.0,0,F1,4700,,,,,
2026-02-18,2026-02-18,FO,NSE,STO,157667,,SAIL,,2026-03-30,2026-03-30,174.0,PE,SAIL26MAR174PE,0.0,0.0,0.0,33.59,0.0,33.59,159.2,16.5,0,0,0,0.0,0,F1,4700,,,,,
2026-02-18,2026-02-18,FO,NSE,STO,166675,,SAIL,,2026-03-30,2026-03-30,171.0,PE,SAIL26MAR171PE,0.0,0.0,0.0,19.58,0.0,19.58,159.2,14.25,0,0,0,0.0,0,F1,4700,,,,,
2026-02-18,2026-02-18,FO,NSE,STO,157657,,SAIL,,2026-03-30,2026-03-30,164.0,PE,SAIL26MAR164PE,0.0,0.0,0.0,25.59,0.0,25.59,159.2,9.6,0,0,0,0.0,0,F1,4700,,,,,
2026-02-18,2026-02-18,FO,NSE,STO,157647,,SAIL,,2026-03-30,2026-03-30,154.0,PE,SAIL26MAR154PE,0.0,0.0,0.0,18.43,0.0,18.43,159.2,4.64,0,0,0,0.0,0,F1,4700,,,,,
2026-02-18,2026-02-18,FO,NSE,STO,157639,,SAIL,,2026-03-30,2026-03-30,146.0,PE,SAIL26MAR146PE,0.0,0.0,0.0,13.49,0.0,13.49,159.2,2.18,0,0,0,0.0,0,F1,4700,,,,,
2026-02-18,2026-02-18,FO,NSE,STO,157627,,SAIL,,2026-03-30,2026-03-30,134.0,PE,SAIL26MAR134PE,0.0,0.0,0.0,7.58,0.0,7.58,159.2,0.48,0,0,0,0.0,0,F1,4700,,,,,
2026-02-18,2026-02-18,FO,NSE,STO,166635,,SAIL,,2026-03-30,2026-03-30,131.0,PE,SAIL26MAR131PE,0.0,0.0,0.0,2.0,0.0,2.0,159.2,0.3,0,0,0,0.0,0,F1,4700,,,,,
2026-02-18,2026-02-18,FO,NSE,STO,157557,,SAIL,,2026-02-24,2026-02-24,169.0,PE,SAIL26FEB169PE,0.0,0.0,0.0,11.32,11.32,11.32,159.2,9.99,23500,0,0,0.0,0,F1,4700,,,,,
2026-02-18,2026-02-18,FO,NSE,STO,157539,,SAIL,,2026-02-24,2026-02-24,151.0,PE,SAIL26FEB151PE,0.31,0.5,0.27,0.27,0.27,1.4,159.2,0.41,437100,-14100,5,3556396.0,4,F1,4700,,,,,
2026-02-18,2026-02-18,FO,NSE,STO,132496,,SAIL,,2026-02-24,2026-02-24,150.0,PE,SAIL26FEB150PE,0.54,0.54,0.3,0.33,0.31,0.77,159.2,0.33,3633100,-84600,216,152725748.0,104,F1,4700,,,,,
2026-02-18,2026-02-18,FO,NSE,STO,157513,,SAIL,,2026-02-24,2026-02-24,125.0,PE,SAIL26FEB125PE,0.0,0.0,0.0,2.77,0.0,2.77,159.2,0.01,0,0,0,0.0,0,F1,4700,,,,,
2026-02-18,2026-02-18,FO,NSE,STO,166766,,SAIL,,2026-04-28,2026-04-28,162.0,CE,SAIL26APR162CE,0.0,0.0,0.0,11.61,0.0,11.61,159.2,9.26,0,0,0,0.0,0,F1,4700,,,,,
2026-02-18,2026-02-18,FO,NSE,STO,166760,,SAIL,,2026-04-28,2026-04-28,156.0,CE,SAIL26APR156CE,0.0,0.0,0.0,14.24,0.0,14.24,159.2,12.23,0,0,0,0.0,0,F1,4700,,,,,
2026-02-18,2026-02-18,FO,NSE,STO,157625,,SAIL,,2026-03-30,2026-03-30,132.0,PE,SAIL26MAR132PE,0.0,0.0,0.0,6.78,0.0,6.78,159.2,0.35,0,0,0,0.0,0,F1,4700,,,,,
2026-02-18,2026-02-18,FO,NSE,STO,166643,,SAIL,,2026-03-30,2026-03-30,139.0,PE,SAIL26MAR139PE,0.0,0.0,0.0,3.76,0.0,3.76,159.2,0.96,0,0,0,0.0,0,F1,4700,,,,,
2026-02-18,2026-02-18,FO,NSE,STO,157641,,SAIL,,2026-03-30,2026-03-30,148.0,PE,SAIL26MAR148PE,0.0,0.0,0.0,14.65,0.0,14.65,159.2,2.68,0,0,0,0.0,0,F1,4700,,,,,
2026-02-18,2026-02-18,FO,NSE,STO,166653,,SAIL,,2026-03-30,2026-03-30,149.0,PE,SAIL26MAR149PE,0.0,0.0,0.0,7.14,0.0,7.14,159.2,2.96,0,0,0,0.0,0,F1,4700,,,,,
2026-02-18,2026-02-18,FO,NSE,STO,166781,,SAIL,,2026-04-28,2026-04-28,176.0,PE,SAIL26APR176PE,0.0,0.0,0.0,24.69,0.0,24.69,159.2,19.42,0,0,0,0.0,0,F1,4700,,,,,
2026-02-18,2026-02-18,FO,NSE,STO,132446,,SAIL,,2026-02-24,2026-02-24,122.0,CE,SAIL26FEB122CE,0.0,0.0,0.0,18.02,0.0,18.02,159.2,37.31,0,0,0,0.0,0,F1,4700,,,,,
2026-02-18,2026-02-18,FO,NSE,STO,157526,,SAIL,,2026-02-24,2026-02-24,139.0,CE,SAIL26FEB139CE,0.0,0.0,0.0,10.34,10.34,10.34,159.2,20.33,14100,0,0,0.0,0,F1,4700,,,,,
2026-02-18,2026-02-18,FO,NSE,STO,132464,,SAIL,,2026-02-24,2026-02-24,140.0,CE,SAIL26FEB140CE,19.0,19.0,19.0,19.0,19.0,15.2,159.2,19.0,907100,0,1,747300.0,1,F1,4700,,,,,
2026-02-18,2026-02-18,FO,NSE,STO,157528,,SAIL,,2026-02-24,2026-02-24,141.0,CE,SAIL26FEB141CE,0.0,0.0,0.0,14.0,14.0,14.0,159.2,18.33,4700,0,0,0.0,0,F1,4700,,,,,
2026-02-18,2026-02-18,FO,NSE,STO,132508,,SAIL,,2026-02-24,2026-02-24,162.0,CE,SAIL26FEB162CE,1.0,1.2,0.62,1.2,1.2,0.5,159.2,1.77,573400,0,11,8427758.0,8,F1,4700,,,,,
2026-02-18,2026-02-18,FO,NSE,STO,132512,,SAIL,,2026-02-24,2026-02-24,166.0,CE,SAIL26FEB166CE,0.0,0.0,0.0,0.17,0.15,0.17,159.2,0.74,441800,0,0,0.0,0,F1,4700,,,,,
2026-02-18,2026-02-18,FO,NSE,STO,37557,,SAIL,,2026-02-24,2026-02-24,170.0,CE,SAIL26FEB170CE,0.6,0.6,0.1,0.36,0.3,0.11,159.2,0.36,3393400,-98700,42,33608713.0,29,F1,4700,,,,,
2026-02-18,2026-02-18,FO,NSE,STO,157616,,SAIL,,2026-03-30,2026-03-30,124.0,CE,SAIL26MAR124CE,0.0,0.0,0.0,22.99,0.0,22.99,159.2,36.03,0,0,0,0.0,0,F1,4700,,,,,
2026-02-18,2026-02-18,FO,NSE,STO,157630,,SAIL,,2026-03-30,2026-03-30,138.0,CE,SAIL26MAR138CE,0.0,0.0,0.0,14.4,0.0,14.4,159.2,22.87,0,0,0,0.0,0,F1,4700,,,,,
2026-02-18,2026-02-18,FO,NSE,STO,157634,,SAIL,,2026-03-30,2026-03-30,142.0,CE,SAIL26MAR142CE,0.0,0.0,0.0,12.43,0.0,12.43,159.2,19.45,0,0,0,0.0,0,F1,4700,,,,,
2026-02-18,2026-02-18,FO,NSE,STO,166740,,SAIL,,2026-04-28,2026-04-28,136.0,CE,SAIL26APR136CE,0.0,0.0,0.0,26.1,0.0,26.1,159.2,26.18,0,0,0,0.0,0,F1,4700,,,,,
2026-02-18,2026-02-18,FO,NSE,STO,166756,,SAIL,,2026-04-28,2026-04-28,152.0,CE,SAIL26APR152CE,0.0,0.0,0.0,16.23,0.0,16.23,159.2,14.53,0,0,0,0.0,0,F1,4700,,,,,
2026-02-18,2026-02-18,FO,NSE,STO,166776,,SAIL,,2026-04-28,2026-04-28,172.0,CE,SAIL26APR172CE,0.0,0.0,0.0,8.08,0.0,8.08,159.2,5.54,0,0,0,0.0,0,F1,4700,,,,,
2026-02-18,2026-02-18,FO,NSE,STO,132394,,SAIL,,2026-02-24,2026-02-24,108.0,PE,SAIL26FEB108PE,0.0,0.0,0.0,0.03,0.03,0.03,159.2,0.01,47000,0,0,0.0,0,F1,4700,,,,,
2026-02-18,2026-02-18,FO,NSE,STO,132482,,SAIL,,2026-02-24,2026-02-24,144.0,PE,SAIL26FEB144PE,0.05,0.05,0.05,0.05,0.05,0.21,159.2,0.05,253800,-9400,2,1354070.0,2,F1,4700,,,,,
2026-02-18,2026-02-18,FO,NSE,STO,157533,,SAIL,,2026-02-24,2026-02-24,145.0,PE,SAIL26FEB145PE,0.35,0.4,0.21,0.4,0.4,0.3,159.2,0.4,3012700,-51700,20,13658482.0,11,F1,4700,,,,,
2026-02-18,2026-02-18,FO,NSE,STO,157555,,SAIL,,2026-02-24,2026-02-24,167.0,PE,SAIL26FEB167PE,0.0,0.0,0.0,10.22,10.2,10.22,159.2,8.23,84600,0,0,0.0,0,F1,4700,,,,,
2026-02-18,2026-02-18,FO,NSE,STO,157571,,SAIL,,2026-02-24,2026-02-24,182.0,PE,SAIL26FEB182PE,0.0,0.0,0.0,40.14,0.0,40.14,159.2,22.64,0,0,0,0.0,0,F1,4700,,,,,
2026-02-18,2026-02-18,FO,NSE,STO,157615,,SAIL,,2026-03-30,2026-03-30,122.0,PE,SAIL26MAR122PE,0.0,0.0,0.0,3.6,0.0,3.6,159.2,0.06,0,0,0,0.0,0,F1,4700,,,,,
2026-02-18,2026-02-18,FO,NSE,STO,132461,,SAIL,,2026-02-24,2026-02-24,136.0,PE,SAIL26FEB136PE,0.0,0.0,0.0,2.0,2.0,2.0,159.2,0.01,310200,0,0,0.0,0,F1,4700,,,,,
2026-02-18,2026-02-18,FO,NSE,STO,157563,,SAIL,,2026-02-24,2026-02-24,174.0,PE,SAIL26FEB174PE,0.0,0.0,0.0,18.52,18.52,18.52,159.2,14.72,9400,0,0,0.0,0,F1,4700,,,,,
2026-02-18,2026-02-18,FO,NSE,STO,166771,,SAIL,,2026-04-28,2026-04-28,166.0,PE,SAIL26APR166PE,0.0,0.0,0.0,17.97,0.0,17.97,159.2,12.68,0,0,0,0.0,0,F1,4700,,,,,
2026-02-18,2026-02-18,FO,NSE,STO,157665,,SAIL,,2026-03-30,2026-03-30,172.0,PE,SAIL26MAR172PE,0.0,0.0,0.0,31.93,0.0,31.93,159.2,14.99,0,0,0,0.0,0,F1,4700,,,,,
2026-02-18,2026-02-18,FO,NSE,STO,166667,,SAIL,,2026-03-30,2026-03-30,163.0,PE,SAIL26MAR163PE,0.0,0.0,0.0,14.31,0.0,14.31,159.2,9.01,0,0,0,0.0,0,F1,4700,,,,,
2026-02-18,2026-02-18,FO,NSE,STO,166663,,SAIL,,2026-03-30,2026-03-30,159.0,PE,SAIL26MAR159PE,0.0,0.0,0.0,11.98,0.0,11.98,159.2,6.86,0,0,0,0.0,0,F1,4700,,,,,
2026-02-18,2026-02-18,FO,NSE,STO,157651,,SAIL,,2026-03-30,2026-03-30,158.0,PE,SAIL26MAR158PE,0.0,0.0,0.0,21.17,0.0,21.17,159.2,6.37,0,0,0,0.0,0,F1,4700,,,,,
2026-02-18,2026-02-18,FO,NSE,STO,157621,,SAIL,,2026-03-30,2026-03-30,128.0,PE,SAIL26MAR128PE,0.0,0.0,0.0,5.34,0.0,5.34,159.2,0.18,0,0,0,0.0,0,F1,4700,,,,,
2026-02-18,2026-02-18,FO,NSE,STO,157518,,SAIL,,2026-02-24,2026-02-24,131.0,CE,SAIL26FEB131CE,0.0,0.0,0.0,15.73,0.0,15.73,159.2,28.32,0,0,0,0.0,0,F1,4700,,,,,
2026-02-18,2026-02-18,FO,NSE,STO,132458,,SAIL,,2026-02-24,2026-02-24,134.0,CE,SAIL26FEB134CE,0.0,0.0,0.0,16.07,16.07,16.07,159.2,25.32,0,0,0,0.0,0,F1,4700,,,,,
2026-02-18,2026-02-18,FO,NSE,STO,132483,,SAIL,,2026-02-24,2026-02-24,146.0,CE,SAIL26FEB146CE,0.0,0.0,0.0,11.56,11.56,11.56,159.2,13.4,56400,0,0,0.0,0,F1,4700,,,,,
2026-02-18,2026-02-18,FO,NSE,STO,157632,,SAIL,,2026-03-30,2026-03-30,140.0,CE,SAIL26MAR140CE,0.0,0.0,0.0,13.39,0.0,13.39,159.2,21.13,0,0,0,0.0,0,F1,4700,,,,,
2026-02-18,2026-02-18,FO,NSE,STO,166748,,SAIL,,2026-04-28,2026-04-28,144.0,CE,SAIL26APR144CE,0.0,0.0,0.0,20.78,0.0,20.78,159.2,19.9,0,0,0,0.0,0,F1,4700,,,,,
2026-02-18,2026-02-18,FO,NSE,STO,157648,,SAIL,,2026-03-30,2026-03-30,156.0,CE,SAIL26MAR156CE,0.0,0.0,0.0,7.11,0.0,7.11,159.2,9.6,0,0,0,0.0,0,F1,4700,,,,,
2026-02-18,2026-02-18,FO,NSE,STO,157666,,SAIL,,2026-03-30,2026-03-30,174.0,CE,SAIL26MAR174CE,0.0,0.0,0.0,5.5,5.5,5.5,159.2,2.75,4700,0,0,0.0,0,F1,4700,,,,,
2026-02-18,2026-02-18,FO,NSE,STO,166732,,SAIL,,2026-04-28,2026-04-28,128.0,CE,SAIL26APR128CE,0.0,0.0,0.0,32.13,0.0,32.13,159.2,33.19,0,0,0,0.0,0,F1,4700,,,,,
2026-02-18,2026-02-18,FO,NSE,STO,157514,,SAIL,,2026-02-24,2026-02-24,127.0,CE,SAIL26FEB127CE,0.0,0.0,0.0,18.48,0.0,18.48,159.2,32.31,0,0,0,0.0,0,F1,4700,,,,,
2026-02-18,2026-02-18,FO,NSE,STO,157531,,SAIL,,2026-02-24,2026-02-24,143.0,PE,SAIL26FEB143PE,0.0,0.0,0.0,0.72,0.7,0.72,159.2,0.02,112800,0,0,0.0,0,F1,4700,,,,,
2026-02-18,2026-02-18,FO,NSE,STO,157547,,SAIL,,2026-02-24,2026-02-24,159.0,PE,SAIL26FEB159PE,1.1,1.52,1.1,1.52,1.52,4.0,159.2,2.71,394800,0,3,2259384.0,3,F1,4700,,,,,
2026-02-18,2026-02-18,FO,NSE,STO,132456,,SAIL,,2026-02-24,2026-02-24,132.0,CE,SAIL26FEB132CE,0.0,0.0,0.0,12.52,0.0,12.52,159.2,27.32,0,0,0,0.0,0,F1,4700,,,,,
2026-02-18,2026-02-18,FO,NSE,STO,132460,,SAIL,,2026-02-24,2026-02-24,136.0,CE,SAIL26FEB136CE,0.0,0.0,0.0,8.99,8.99,8.99,159.2,23.32,9400,0,0,0.0,0,F1,4700,,,,,
2026-02-18,2026-02-18,FO,NSE,STO,132495,,SAIL,,2026-02-24,2026-02-24,150.0,CE,SAIL26FEB150CE,9.3,10.9,8.9,9.0,9.0,5.5,159.2,9.0,1748400,-47000,62,46528543.0,48,F1,4700,,,,,
2026-02-18,2026-02-18,FO,NSE,STO,157542,,SAIL,,2026-02-24,2026-02-24,155.0,CE,SAIL26FEB155CE,3.85,6.8,2.6,4.71,5.0,2.34,159.2,4.71,3661300,-131600,76,57259771.0,74,F1,4700,,,,,
2026-02-18,2026-02-18,FO,NSE,STO,132510,,SAIL,,2026-02-24,2026-02-24,164.0,CE,SAIL26FEB164CE,0.0,0.0,0.0,1.8,1.8,1.8,159.2,1.17,272600,0,0,0.0,0,F1,4700,,,,,
2026-02-18,2026-02-18,FO,NSE,STO,132520,,SAIL,,2026-02-24,2026-02-24,176.0,CE,SAIL26FEB176CE,0.0,0.0,0.0,0.87,0.86,0.87,159.2,0.04,14100,0,0,0.0,0,F1,4700,,,,,
2026-02-18,2026-02-18,FO,NSE,STO,157568,,SAIL,,2026-02-24,2026-02-24,178.0,CE,SAIL26FEB178CE,0.0,0.0,0.0,0.18,0.38,0.18,159.2,0.02,1179700,0,0,0.0,0,F1,4700,,,,,
2026-02-18,2026-02-18,FO,NSE,STO,157614,,SAIL,,2026-03-30,2026-03-30,122.0,CE,SAIL26MAR122CE,0.0,0.0,0.0,24.42,0.0,24.42,159.2,37.99,0,0,0,0.0,0,F1,4700,,,,,
2026-02-18,2026-02-18,FO,NSE,STO,166636,,SAIL,,2026-03-30,2026-03-30,133.0,CE,SAIL26MAR133CE,0.0,0.0,0.0,26.31,0.0,26.31,159.2,27.41,0,0,0,0.0,0,F1,4700,,,,,
2026-02-18,2026-02-18,FO,NSE,STO,157628,,SAIL,,2026-03-30,2026-03-30,136.0,CE,SAIL26MAR136CE,0.0,0.0,0.0,15.46,0.0,15.46,159.2,24.66,0,0,0,0.0,0,F1,4700,,,,,
2026-02-18,2026-02-18,FO,NSE,STO,166767,,SAIL,,2026-04-28,2026-04-28,162.0,PE,SAIL26APR162PE,0.0,0.0,0.0,15.57,0.0,15.57,159.2,10.38,0,0,0,0.0,0,F1,4700,,,,,
2026-02-18,2026-02-18,FO,NSE,STO,166745,,SAIL,,2026-04-28,2026-04-28,140.0,PE,SAIL26APR140PE,0.0,0.0,0.0,5.64,0.0,5.64,159.2,2.29,0,0,0,0.0,0,F1,4700,,,,,
2026-02-18,2026-02-18,FO,NSE,STO,166647,,SAIL,,2026-03-30,2026-03-30,143.0,PE,SAIL26MAR143PE,0.0,0.0,0.0,4.94,0.0,4.94,159.2,1.57,0,0,0,0.0,0,F1,4700,,,,,
2026-02-18,2026-02-18,FO,NSE,STO,157623,,SAIL,,2026-03-30,2026-03-30,130.0,PE,SAIL26MAR130PE,0.0,0.0,0.0,6.03,0.0,6.03,159.2,0.25,0,0,0,0.0,0,F1,4700,,,,,
2026-02-18,2026-02-18,FO,NSE,STO,157549,,SAIL,,2026-02-24,2026-02-24,161.0,PE,SAIL26FEB161PE,0.0,0.0,0.0,6.0,6.0,6.0,159.2,3.8,141000,0,0,0.0,0,F1,4700,,,,,
2026-02-18,2026-02-18,FO,NSE,STO,166654,,SAIL,,2026-03-30,2026-03-30,151.0,CE,SAIL26MAR151CE,0.0,0.0,0.0,14.14,0.0,14.14,159.2,12.68,0,0,0,0.0,0,F1,4700,,,,,
2026-02-18,2026-02-18,FO,NSE,STO,157652,,SAIL,,2026-03-30,2026-03-30,160.0,CE,SAIL26MAR160CE,0.0,0.0,0.0,4.43,4.43,4.43,159.2,7.52,230300,0,0,0.0,0,F1,4700,,,,,
2026-02-18,2026-02-18,FO,NSE,STO,166664,,SAIL,,2026-03-30,2026-03-30,161.0,CE,SAIL26MAR161CE,0.0,0.0,0.0,9.36,0.0,9.36,159.2,7.06,0,0,0,0.0,0,F1,4700,,,,,
2026-02-18,2026-02-18,FO,NSE,STO,166674,,SAIL,,2026-03-30,2026-03-30,171.0,CE,SAIL26MAR171CE,0.0,0.0,0.0,5.92,0.0,5.92,159.2,3.48,0,0,0,0.0,0,F1,4700,,,,,
2026-02-18,2026-02-18,FO,NSE,STO,157664,,SAIL,,2026-03-30,2026-03-30,172.0,CE,SAIL26MAR172CE,0.0,0.0,0.0,3.5,0.0,3.5,159.2,3.22,0,0,0,0.0,0,F1,4700,,,,,
2026-02-18,2026-02-18,FO,NSE,STO,166738,,SAIL,,2026-04-28,2026-04-28,134.0,CE,SAIL26APR134CE,0.0,0.0,0.0,27.55,0.0,27.55,159.2,27.88,0,0,0,0.0,0,F1,4700,,,,,
2026-02-18,2026-02-18,FO,NSE,STO,166758,,SAIL,,2026-04-28,2026-04-28,154.0,CE,SAIL26APR154CE,0.0,0.0,0.0,15.21,0.0,15.21,159.2,13.34,0,0,0,0.0,0,F1,4700,,,,,
2026-02-18,2026-02-18,FO,NSE,STO,132400,,SAIL,,2026-02-24,2026-02-24,114.0,PE,SAIL26FEB114PE,0.0,0.0,0.0,0.25,0.25,0.25,159.2,0.01,28200,0,0,0.0,0,F1,4700,,,,,
2026-02-18,2026-02-18,FO,NSE,STO,132421,,SAIL,,2026-02-24,2026-02-24,116.0,PE,SAIL26FEB116PE,0.0,0.0,0.0,0.53,0.53,0.53,159.2,0.01,14100,0,0,0.0,0,F1,4700,,,,,
2026-02-18,2026-02-18,FO,NSE,STO,157553,,SAIL,,2026-02-24,2026-02-24,165.0,PE,SAIL26FEB165PE,0.0,0.0,0.0,8.0,8.0,8.0,159.2,6.59,253800,0,0,0.0,0,F1,4700,,,,,
2026-02-18,2026-02-18,FO,NSE,STO,132505,,SAIL,,2026-02-24,2026-02-24,158.0,PE,SAIL26FEB158PE,1.3,1.3,1.25,1.26,1.26,3.2,159.2,1.26,549900,0,7,5240218.0,4,F1,4700,,,,,
2026-02-18,2026-02-18,FO,NSE,STO,157535,,SAIL,,2026-02-24,2026-02-24,147.0,PE,SAIL26FEB147PE,0.0,0.0,0.0,1.16,1.13,1.16,159.2,0.11,408900,0,0,0.0,0,F1,4700,,,,,
2026-02-18,2026-02-18,FO,NSE,STO,157529,,SAIL,,2026-02-24,2026-02-24,141.0,PE,SAIL26FEB141PE,0.0,0.0,0.0,0.5,0.5,0.5,159.2,0.01,352500,0,0,0.0,0,F1,4700,,,,,
2026-02-18,2026-02-18,FO,NSE,STO,132455,,SAIL,,2026-02-24,2026-02-24,130.0,PE,SAIL26FEB130PE,0.0,0.0,0.0,0.13,0.13,0.13,159.2,0.01,2270100,0,0,0.0,0,F1,4700,,,,,
2026-02-18,2026-02-18,FO,NSE,STO,132453,,SAIL,,2026-02-24,2026-02-24,128.0,PE,SAIL26FEB128PE,0.0,0.0,0.0,1.05,1.05,1.05,159.2,0.01,9400,0,0,0.0,0,F1,4700,,,,,
2026-02-18,2026-02-18,FO,NSE,STO,157511,,SAIL,,2026-02-24,2026-02-24,123.0,PE,SAIL26FEB123PE,0.0,0.0,0.0,2.31,0.0,2.31,159.2,0.01,0,0,0,0.0,0,F1,4700,,,,,
2026-02-18,2026-02-18,FO,NSE,STO,166770,,SAIL,,2026-04-28,2026-04-28,166.0,CE,SAIL26APR166CE,0.0,0.0,0.0,10.07,0.0,10.07,159.2,7.6,0,0,0,0.0,0,F1,4700,,,,,
2026-02-18,2026-02-18,FO,NSE,STO,166772,,SAIL,,2026-04-28,2026-04-28,168.0,CE,SAIL26APR168CE,0.0,0.0,0.0,9.37,0.0,9.37,159.2,6.85,0,0,0,0.0,0,F1,4700,,,,,
2026-02-18,2026-02-18,FO,NSE,STO,166754,,SAIL,,2026-04-28,2026-04-28,150.0,CE,SAIL26APR150CE,0.0,0.0,0.0,17.29,0.0,17.29,159.2,15.78,0,0,0,0.0,0,F1,4700,,,,,
2026-02-18,2026-02-18,FO,NSE,STO,166752,,SAIL,,2026-04-28,2026-04-28,148.0,CE,SAIL26APR148CE,0.0,0.0,0.0,18.41,0.0,18.41,159.2,17.09,0,0,0,0.0,0,F1,4700,,,,,
2026-02-18,2026-02-18,FO,NSE,STO,166736,,SAIL,,2026-04-28,2026-04-28,132.0,CE,SAIL26APR132CE,0.0,0.0,0.0,29.03,0.0,29.03,159.2,29.61,0,0,0,0.0,0,F1,4700,,,,,
2026-02-18,2026-02-18,FO,NSE,STO,157638,,SAIL,,2026-03-30,2026-03-30,146.0,CE,SAIL26MAR146CE,0.0,0.0,0.0,10.67,0.0,10.67,159.2,16.26,0,0,0,0.0,0,F1,4700,,,,,
2026-02-18,2026-02-18,FO,NSE,STO,166646,,SAIL,,2026-03-30,2026-03-30,143.0,CE,SAIL26MAR143CE,0.0,0.0,0.0,18.99,0.0,18.99,159.2,18.63,0,0,0,0.0,0,F1,4700,,,,,
2026-02-18,2026-02-18,FO,NSE,STO,166642,,SAIL,,2026-03-30,2026-03-30,139.0,CE,SAIL26MAR139CE,0.0,0.0,0.0,21.77,0.0,21.77,159.2,21.99,0,0,0,0.0,0,F1,4700,,,,,
2026-02-18,2026-02-18,FO,NSE,STO,132506,,SAIL,,2026-02-24,2026-02-24,160.0,CE,SAIL26FEB160CE,0.42,2.4,0.42,2.02,2.38,0.55,159.2,2.02,7144000,-512300,196,149160751.0,184,F1,4700,,,,,
2026-02-18,2026-02-18,FO,NSE,STF,59462,,SAIL,,2026-02-24,2026-02-24,,,SAIL26FEBFUT,158.38,160.75,158.2,159.23,159.64,157.16,159.2,159.23,179070000,-1193800,472,353952065.0,463,F1,4700,,,,,
2026-02-18,2026-02-18,FO,NSE,STO,157617,,SAIL,,2026-03-30,2026-03-30,124.0,PE,SAIL26MAR124PE,0.0,0.0,0.0,4.13,0.0,4.13,159.2,0.08,0,0,0,0.0,0,F1,4700,,,,,
2026-02-18,2026-02-18,FO,NSE,STO,166757,,SAIL,,2026-04-28,2026-04-28,152.0,PE,SAIL26APR152PE,0.0,0.0,0.0,10.34,0.0,10.34,159.2,5.76,0,0,0,0.0,0,F1,4700,,,,,
2026-02-18,2026-02-18,FO,NSE,STO,166731,,SAIL,,2026-04-28,2026-04-28,126.0,PE,SAIL26APR126PE,0.0,0.0,0.0,2.25,0.0,2.25,159.2,0.52,0,0,0,0.0,0,F1,4700,,,,,
2026-02-18,2026-02-18,FO,NSE,STO,157655,,SAIL,,2026-03-30,2026-03-30,162.0,PE,SAIL26MAR162PE,0.0,0.0,0.0,24.08,0.0,24.08,159.2,8.44,0,0,0,0.0,0,F1,4700,,,,,
2026-02-18,2026-02-18,FO,NSE,STO,166649,,SAIL,,2026-03-30,2026-03-30,145.0,PE,SAIL26MAR145PE,0.0,0.0,0.0,5.61,0.0,5.61,159.2,1.96,0,0,0,0.0,0,F1,4700,,,,,
2026-02-18,2026-02-18,FO,NSE,STO,166633,,SAIL,,2026-03-30,2026-03-30,129.0,PE,SAIL26MAR129PE,0.0,0.0,0.0,1.67,0.0,1.67,159.2,0.21,0,0,0,0.0,0,F1,4700,,,,,
2026-02-18,2026-02-18,FO,NSE,STO,132525,,SAIL,,2026-02-24,2026-02-24,180.0,PE,SAIL26FEB180PE,0.0,0.0,0.0,46.41,0.0,46.41,159.2,20.65,0,0,0,0.0,0,F1,4700,,,,,
2026-02-18,2026-02-18,FO,NSE,STO,166630,,SAIL,,2026-03-30,2026-03-30,127.0,CE,SAIL26MAR127CE,0.0,0.0,0.0,31.28,0.0,31.28,159.2,33.11,0,0,0,0.0,0,F1,4700,,,,,
2026-02-18,2026-02-18,FO,NSE,STO,132517,,SAIL,,2026-02-24,2026-02-24,172.0,CE,SAIL26FEB172CE,0.1,0.1,0.08,0.08,0.08,0.15,159.2,0.14,897700,-9400,2,1617646.0,2,F1,4700,,,,,
2026-02-18,2026-02-18,FO,NSE,STO,132514,,SAIL,,2026-02-24,2026-02-24,168.0,CE,SAIL26FEB168CE,0.11,0.11,0.01,0.01,0.01,0.17,159.2,0.01,451200,-9400,16,12635527.0,7,F1,4700,,,,,
2026-02-18,2026-02-18,FO,NSE,STO,157554,,SAIL,,2026-02-24,2026-02-24,167.0,CE,SAIL26FEB167CE,0.0,0.0,0.0,2.28,2.16,2.28,159.2,0.58,390100,0,0,0.0,0,F1,4700,,,,,
2026-02-18,2026-02-18,FO,NSE,STO,157524,,SAIL,,2026-02-24,2026-02-24,137.0,CE,SAIL26FEB137CE,0.0,0.0,0.0,18.0,18.0,18.0,159.2,22.32,4700,0,0,0.0,0,F1,4700,,,,,
2026-02-18,2026-02-18,FO,NSE,STO,132454,,SAIL,,2026-02-24,2026-02-24,130.0,CE,SAIL26FEB130CE,0.0,0.0,0.0,25.96,25.96,25.96,159.2,29.32,94000,0,0,0.0,0,F1,4700,,,,,
2026-02-18,2026-02-18,FO,NSE,STO,166768,,SAIL,,2026-04-28,2026-04-28,164.0,CE,SAIL26APR164CE,0.0,0.0,0.0,10.82,0.0,10.82,159.2,8.4,0,0,0,0.0,0,F1,4700,,,,,
2026-02-18,2026-02-18,FO,NSE,STO,166774,,SAIL,,2026-04-28,2026-04-28,170.0,CE,SAIL26APR170CE,0.0,0.0,0.0,8.71,0.0,8.71,159.2,6.17,0,0,0,0.0,0,F1,4700,,,,,
2026-02-18,2026-02-18,FO,NSE,STO,166778,,SAIL,,2026-04-28,2026-04-28,174.0,CE,SAIL26APR174CE,0.0,0.0,0.0,7.5,0.0,7.5,159.2,4.96,0,0,0,0.0,0,F1,4700,,,,,
2026-02-18,2026-02-18,FO,NSE,STO,132439,,SAIL,,2026-02-24,2026-02-24,120.0,PE,SAIL26FEB120PE,0.01,0.01,0.01,0.01,0.01,0.02,159.2,0.01,479400,-4700,1,564047.0,1,F1,4700,,,,,
2026-02-18,2026-02-18,FO,NSE,STO,157509,,SAIL,,2026-02-24,2026-02-24,121.0,PE,SAIL26FEB121PE,0.0,0.0,0.0,1.91,0.0,1.91,159.2,0.01,0,0,0,0.0,0,F1,4700,,,,,
2026-02-18,2026-02-18,FO,NSE,STO,132490,,SAIL,,2026-02-24,2026-02-24,146.0,PE,SAIL26FEB146PE,0.0,0.0,0.0,0.34,0.34,0.34,159.2,0.07,267900,0,0,0.0,0,F1,4700,,,,,
2026-02-18,2026-02-18,FO,NSE,STO,132513,,SAIL,,2026-02-24,2026-02-24,166.0,PE,SAIL26FEB166PE,0.0,0.0,0.0,8.48,8.72,8.48,159.2,7.39,28200,0,0,0.0,0,F1,4700,,,,,
2026-02-18,2026-02-18,FO,NSE,STO,166631,,SAIL,,2026-03-30,2026-03-30,127.0,PE,SAIL26MAR127PE,0.0,0.0,0.0,1.39,0.0,1.39,159.2,0.15,0,0,0,0.0,0,F1,4700,,,,,
2026-02-18,2026-02-18,FO,NSE,STO,166651,,SAIL,,2026-03-30,2026-03-30,147.0,PE,SAIL26MAR147PE,0.0,0.0,0.0,6.35,0.0,6.35,159.2,2.42,0,0,0,0.0,0,F1,4700,,,,,
2026-02-18,2026-02-18,FO,NSE,STO,157671,,SAIL,,2026-03-30,2026-03-30,178.0,PE,SAIL26MAR178PE,0.0,0.0,0.0,36.97,0.0,36.97,159.2,19.71,0,0,0,0.0,0,F1,4700,,,,,
2026-02-18,2026-02-18,FO,NSE,STO,36712,,SAIL,,2026-03-30,2026-03-30,182.0,CE,SAIL26MAR182CE,0.0,0.0,0.0,3.22,0.0,3.22,159.2,1.39,0,0,0,0.0,0,F1,4700,,,,,
2026-02-18,2026-02-18,FO,NSE,STO,157515,,SAIL,,2026-02-24,2026-02-24,127.0,PE,SAIL26FEB127PE,0.0,0.0,0.0,3.29,0.0,3.29,159.2,0.01,0,0,0,0.0,0,F1,4700,,,,,
2026-02-18,2026-02-18,FO,NSE,STO,132447,,SAIL,,2026-02-24,2026-02-24,122.0,PE,SAIL26FEB122PE,0.0,0.0,0.0,5.93,0.0,5.93,159.2,0.01,0,0,0,0.0,0,F1,4700,,,,,
2026-02-18,2026-02-18,FO,NSE,STO,166764,,SAIL,,2026-04-28,2026-04-28,160.0,CE,SAIL26APR160CE,0.0,0.0,0.0,12.44,0.0,12.44,159.2,10.18,0,0,0,0.0,0,F1,4700,,,,,
2026-02-18,2026-02-18,FO,NSE,STO,166672,,SAIL,,2026-03-30,2026-03-30,169.0,CE,SAIL26MAR169CE,0.0,0.0,0.0,6.52,0.0,6.52,159.2,4.05,0,0,0,0.0,0,F1,4700,,,,,
2026-02-18,2026-02-18,FO,NSE,STO,166666,,SAIL,,2026-03-30,2026-03-30,163.0,CE,SAIL26MAR163CE,0.0,0.0,0.0,8.57,0.0,8.57,159.2,6.19,0,0,0,0.0,0,F1,4700,,,,,
2026-02-18,2026-02-18,FO,NSE,STO,166652,,SAIL,,2026-03-30,2026-03-30,149.0,CE,SAIL26MAR149CE,0.0,0.0,0.0,15.26,0.0,15.26,159.2,14.05,0,0,0,0.0,0,F1,4700,,,,,
2026-02-18,2026-02-18,FO,NSE,STO,166644,,SAIL,,2026-03-30,2026-03-30,141.0,CE,SAIL26MAR141CE,0.0,0.0,0.0,20.36,0.0,20.36,159.2,20.28,0,0,0,0.0,0,F1,4700,,,,,
2026-02-18,2026-02-18,FO,NSE,STO,157618,,SAIL,,2026-03-30,2026-03-30,126.0,CE,SAIL26MAR126CE,0.0,0.0,0.0,21.6,0.0,21.6,159.2,34.08,0,0,0,0.0,0,F1,4700,,,,,
2026-02-18,2026-02-18,FO,NSE,STO,157570,,SAIL,,2026-02-24,2026-02-24,182.0,CE,SAIL26FEB182CE,0.0,0.0,0.0,0.84,0.0,0.84,159.2,0.01,0,0,0,0.0,0,F1,4700,,,,,
2026-02-18,2026-02-18,FO,NSE,STO,132524,,SAIL,,2026-02-24,2026-02-24,180.0,CE,SAIL26FEB180CE,0.02,0.2,0.01,0.2,0.2,0.01,159.2,0.01,517000,-14100,6,5079055.0,5,F1,4700,,,,,
2026-02-18,2026-02-18,FO,NSE,STO,157564,,SAIL,,2026-02-24,2026-02-24,175.0,CE,SAIL26FEB175CE,0.01,0.08,0.01,0.05,0.05,0.03,159.2,0.05,1978700,-42300,12,9872068.0,11,F1,4700,,,,,
2026-02-18,2026-02-18,FO,NSE,STO,157548,,SAIL,,2026-02-24,2026-02-24,161.0,CE,SAIL26FEB161CE,0.34,0.73,0.34,0.7,0.7,0.34,159.2,0.7,803700,0,7,5316593.0,6,F1,4700,,,,,
2026-02-18,2026-02-18,FO,NSE,STO,157536,,SAIL,,2026-02-24,2026-02-24,149.0,CE,SAIL26FEB149CE,0.0,0.0,0.0,11.56,11.56,11.56,159.2,10.55,141000,0,0,0.0,0,F1,4700,,,,,
2026-02-18,2026-02-18,FO,NSE,STO,157532,,SAIL,,2026-02-24,2026-02-24,145.0,CE,SAIL26FEB145CE,14.0,14.0,5.1,8.36,6.0,14.99,159.2,8.36,484100,-4700,3,2162470.0,3,F1,4700,,,,,
2026-02-18,2026-02-18,FO,NSE,STO,157522,,SAIL,,2026-02-24,2026-02-24,135.0,CE,SAIL26FEB135CE,41.85,41.85,41.85,41.85,41.85,26.5,159.2,24.32,56400,0,1,831195.0,1,F1,4700,,,,,
2026-02-18,2026-02-18,FO,NSE,STO,157520,,SAIL,,2026-02-24,2026-02-24,133.0,CE,SAIL26FEB133CE,0.0,0.0,0.0,14.45,0.0,14.45,159.2,26.32,0,0,0,0.0,0,F1,4700,,,,,
2026-02-18,2026-02-18,FO,NSE,STO,157510,,SAIL,,2026-02-24,2026-02-24,123.0,CE,SAIL26FEB123CE,0.0,0.0,0.0,21.47,0.0,21.47,159.2,36.31,0,0,0,0.0,0,F1,4700,,,,,
2026-02-18,2026-02-18,FO,NSE,STO,166727,,SAIL,,2026-04-28,2026-04-28,122.0,PE,SAIL26APR122PE,0.0,0.0,0.0,1.65,0.0,1.65,159.2,0.31,0,0,0,0.0,0,F1,4700,,,,,
2026-02-18,2026-02-18,FO,NSE,STO,166739,,SAIL,,2026-04-28,2026-04-28,134.0,PE,SAIL26APR134PE,0.0,0.0,0.0,3.94,0.0,3.94,159.2,1.29,0,0,0,0.0,0,F1,4700,,,,,
2026-02-18,2026-02-18,FO,NSE,STO,166751,,SAIL,,2026-04-28,2026-04-28,146.0,PE,SAIL26APR146PE,0.0,0.0,0.0,7.77,0.0,7.77,159.2,3.75,0,0,0,0.0,0,F1,4700,,,,,
2026-02-18,2026-02-18,FO,NSE,STO,166769,,SAIL,,2026-04-28,2026-04-28,164.0,PE,SAIL26APR164PE,0.0,0.0,0.0,16.75,0.0,16.75,159.2,11.5,0,0,0,0.0,0,F1,4700,,,,,
2026-02-18,2026-02-18,FO,NSE,STO,166777,,SAIL,,2026-04-28,2026-04-28,172.0,PE,SAIL26APR172PE,0.0,0.0,0.0,21.89,0.0,21.89,159.2,16.56,0,0,0,0.0,0,F1,4700,,,,,
2026-02-18,2026-02-18,FO,NSE,STO,157643,,SAIL,,2026-03-30,2026-03-30,150.0,PE,SAIL26MAR150PE,0.0,0.0,0.0,1.96,1.96,1.96,159.2,3.26,178600,0,0,0.0,0,F1,4700,,,,,
2026-02-18,2026-02-18,FO,NSE,STO,166629,,SAIL,,2026-03-30,2026-03-30,125.0,PE,SAIL26MAR125PE,0.0,0.0,0.0,1.14,0.0,1.14,159.2,0.1,0,0,0,0.0,0,F1,4700,,,,,
2026-02-18,2026-02-18,FO,NSE,STO,166625,,SAIL,,2026-03-30,2026-03-30,121.0,PE,SAIL26MAR121PE,0.0,0.0,0.0,0.75,0.0,0.75,159.2,0.05,0,0,0,0.0,0,F1,4700,,,,,
2026-02-18,2026-02-18,FO,NSE,STO,132522,,SAIL,,2026-02-24,2026-02-24,176.0,PE,SAIL26FEB176PE,0.0,0.0,0.0,42.79,0.0,42.79,159.2,16.68,0,0,0,0.0,0,F1,4700,,,,,
2026-02-18,2026-02-18,FO,NSE,STO,157561,,SAIL,,2026-02-24,2026-02-24,173.0,PE,SAIL26FEB173PE,0.0,0.0,0.0,31.94,0.0,31.94,159.2,13.75,0,0,0,0.0,0,F1,4700,,,,,
2026-02-18,2026-02-18,FO,NSE,STO,132507,,SAIL,,2026-02-24,2026-02-24,160.0,PE,SAIL26FEB160PE,2.0,2.2,1.51,2.2,2.2,4.5,159.2,3.23,1800100,32900,16,12168347.0,16,F1,4700,,,,,
2026-02-18,2026-02-18,FO,NSE,STO,132467,,SAIL,,2026-02-24,2026-02-24,142.0,PE,SAIL26FEB142PE,0.5,0.5,0.5,0.5,0.5,0.82,159.2,0.01,446500,0,1,669750.0,1,F1,4700,,,,,
2026-02-18,2026-02-18,FO,NSE,STO,157661,,SAIL,,2026-03-30,2026-03-30,168.0,PE,SAIL26MAR168PE,0.0,0.0,0.0,28.7,0.0,28.7,159.2,12.15,0,0,0,0.0,0,F1,4700,,,,,
2026-02-18,2026-02-18,FO,NSE,STO,166677,,SAIL,,2026-03-30,2026-03-30,173.0,PE,SAIL26MAR173PE,0.0,0.0,0.0,21.01,0.0,21.01,159.2,15.74,0,0,0,0.0,0,F1,4700,,,,,
2026-02-18,2026-02-18,FO,NSE,STO,166747,,SAIL,,2026-04-28,2026-04-28,142.0,PE,SAIL26APR142PE,0.0,0.0,0.0,6.3,0.0,6.3,159.2,2.72,0,0,0,0.0,0,F1,4700,,,,,
2026-02-18,2026-02-18,FO,NSE,STO,166759,,SAIL,,2026-04-28,2026-04-28,154.0,PE,SAIL26APR154PE,0.0,0.0,0.0,11.29,0.0,11.29,159.2,6.55,0,0,0,0.0,0,F1,4700,,,,,
2026-02-18,2026-02-18,FO,NSE,STO,166761,,SAIL,,2026-04-28,2026-04-28,156.0,PE,SAIL26APR156PE,0.0,0.0,0.0,12.29,0.0,12.29,159.2,7.41,0,0,0,0.0,0,F1,4700,,,,,
2026-02-18,2026-02-18,FO,NSE,STO,132450,,SAIL,,2026-02-24,2026-02-24,126.0,CE,SAIL26FEB126CE,0.0,0.0,0.0,15.65,0.0,15.65,159.2,33.31,0,0,0,0.0,0,F1,4700,,,,,
2026-02-18,2026-02-18,FO,NSE,STO,157508,,SAIL,,2026-02-24,2026-02-24,121.0,CE,SAIL26FEB121CE,0.0,0.0,0.0,23.05,0.0,23.05,159.2,38.31,0,0,0,0.0,0,F1,4700,,,,,
2026-02-18,2026-02-18,FO,NSE,STO,157516,,SAIL,,2026-02-24,2026-02-24,129.0,CE,SAIL26FEB129CE,0.0,0.0,0.0,17.07,0.0,17.07,159.2,30.32,0,0,0,0.0,0,F1,4700,,,,,
2026-02-18,2026-02-18,FO,NSE,STO,132466,,SAIL,,2026-02-24,2026-02-24,142.0,CE,SAIL26FEB142CE,0.0,0.0,0.0,16.85,16.85,16.85,159.2,17.34,23500,0,0,0.0,0,F1,4700,,,,,
2026-02-18,2026-02-18,FO,NSE,STO,157534,,SAIL,,2026-02-24,2026-02-24,147.0,CE,SAIL26FEB147CE,0.0,0.0,0.0,12.76,12.76,12.76,159.2,12.44,94000,0,0,0.0,0,F1,4700,,,,,
2026-02-18,2026-02-18,FO,NSE,STO,132497,,SAIL,,2026-02-24,2026-02-24,152.0,CE,SAIL26FEB152CE,0.0,0.0,0.0,11.95,11.95,11.95,159.2,7.88,559300,0,0,0.0,0,F1,4700,,,,,
2026-02-18,2026-02-18,FO,NSE,STO,132504,,SAIL,,2026-02-24,2026-02-24,158.0,CE,SAIL26FEB158CE,2.11,2.4,1.69,2.03,2.4,1.75,159.2,2.03,883600,-23500,16,12034350.0,16,F1,4700,,,,,
2026-02-18,2026-02-18,FO,NSE,STO,157556,,SAIL,,2026-02-24,2026-02-24,169.0,CE,SAIL26FEB169CE,0.0,0.0,0.0,1.8,1.8,1.8,159.2,0.34,192700,0,0,0.0,0,F1,4700,,,,,
2026-02-18,2026-02-18,FO,NSE,STO,166632,,SAIL,,2026-03-30,2026-03-30,129.0,CE,SAIL26MAR129CE,0.0,0.0,0.0,29.58,0.0,29.58,159.2,31.19,0,0,0,0.0,0,F1,4700,,,,,
2026-02-18,2026-02-18,FO,NSE,STO,157636,,SAIL,,2026-03-30,2026-03-30,144.0,CE,SAIL26MAR144CE,0.0,0.0,0.0,11.52,0.0,11.52,159.2,17.82,0,0,0,0.0,0,F1,4700,,,,,
2026-02-18,2026-02-18,FO,NSE,STO,166650,,SAIL,,2026-03-30,2026-03-30,147.0,CE,SAIL26MAR147CE,0.0,0.0,0.0,16.45,0.0,16.45,159.2,15.51,0,0,0,0.0,0,F1,4700,,,,,
2026-02-18,2026-02-18,FO,NSE,STO,157646,,SAIL,,2026-03-30,2026-03-30,154.0,CE,SAIL26MAR154CE,0.0,0.0,0.0,7.73,0.0,7.73,159.2,10.77,0,0,0,0.0,0,F1,4700,,,,,
2026-02-18,2026-02-18,FO,NSE,STO,157654,,SAIL,,2026-03-30,2026-03-30,162.0,CE,SAIL26MAR162CE,0.0,0.0,0.0,5.5,0.0,5.5,159.2,6.61,0,0,0,0.0,0,F1,4700,,,,,
2026-02-18,2026-02-18,FO,NSE,STO,157662,,SAIL,,2026-03-30,2026-03-30,170.0,CE,SAIL26MAR170CE,20.75,20.75,20.75,20.75,20.75,4.54,159.2,20.75,47000,0,1,896525.0,1,F1,4700,,,,,
2026-02-18,2026-02-18,FO,NSE,STO,157668,,SAIL,,2026-03-30,2026-03-30,176.0,CE,SAIL26MAR176CE,0.0,0.0,0.0,2.89,0.0,2.89,159.2,2.34,0,0,0,0.0,0,F1,4700,,,,,
2026-02-18,2026-02-18,FO,NSE,STO,166728,,SAIL,,2026-04-28,2026-04-28,124.0,CE,SAIL26APR124CE,0.0,0.0,0.0,35.39,0.0,35.39,159.2,36.89,0,0,0,0.0,0,F1,4700,,,,,
2026-02-18,2026-02-18,FO,NSE,STO,132457,,SAIL,,2026-02-24,2026-02-24,132.0,PE,SAIL26FEB132PE,0.0,0.0,0.0,10.28,0.0,10.28,159.2,0.01,0,0,0,0.0,0,F1,4700,,,,,
2026-02-18,2026-02-18,FO,NSE,STO,157527,,SAIL,,2026-02-24,2026-02-24,139.0,PE,SAIL26FEB139PE,0.0,0.0,0.0,1.71,1.71,1.71,159.2,0.01,112800,0,0,0.0,0,F1,4700,,,,,
2026-02-18,2026-02-18,FO,NSE,STO,157537,,SAIL,,2026-02-24,2026-02-24,149.0,PE,SAIL26FEB149PE,0.02,0.02,0.02,0.02,0.02,0.75,159.2,0.22,291400,0,1,700394.0,1,F1,4700,,,,,
2026-02-18,2026-02-18,FO,NSE,STO,132503,,SAIL,,2026-02-24,2026-02-24,156.0,PE,SAIL26FEB156PE,1.0,1.0,1.0,1.0,1.0,1.1,159.2,1.0,282000,0,2,1475800.0,2,F1,4700,,,,,
2026-02-18,2026-02-18,FO,NSE,STO,132509,,SAIL,,2026-02-24,2026-02-24,162.0,PE,SAIL26FEB162PE,0.0,0.0,0.0,3.7,3.7,3.7,159.2,4.43,178600,0,0,0.0,0,F1,4700,,,,,
2026-02-18,2026-02-18,FO,NSE,STO,132511,,SAIL,,2026-02-24,2026-02-24,164.0,PE,SAIL26FEB164PE,0.0,0.0,0.0,7.33,7.33,7.33,159.2,5.82,94000,0,0,0.0,0,F1,4700,,,,,
2026-02-18,2026-02-18,FO,NSE,STO,157559,,SAIL,,2026-02-24,2026-02-24,171.0,PE,SAIL26FEB171PE,0.0,0.0,0.0,30.19,0.0,30.19,159.2,11.84,0,0,0,0.0,0,F1,4700,,,,,
2026-02-18,2026-02-18,FO,NSE,STO,157565,,SAIL,,2026-02-24,2026-02-24,175.0,PE,SAIL26FEB175PE,0.0,0.0,0.0,18.33,18.33,18.33,159.2,15.7,112800,0,0,0.0,0,F1,4700,,,,,
2026-02-18,2026-02-18,FO,NSE,STO,157619,,SAIL,,2026-03-30,2026-03-30,126.0,PE,SAIL26MAR126PE,0.0,0.0,0.0,4.71,0.0,4.71,159.2,0.12,0,0,0,0.0,0,F1,4700,,,,,
2026-02-18,2026-02-18,FO,NSE,STO,166661,,SAIL,,2026-03-30,2026-03-30,157.0,PE,SAIL26MAR157PE,0.0,0.0,0.0,10.9,0.0,10.9,159.2,5.91,0,0,0,0.0,0,F1,4700,,,,,
2026-02-18,2026-02-18,FO,NSE,STO,157653,,SAIL,,2026-03-30,2026-03-30,160.0,PE,SAIL26MAR160PE,0.0,0.0,0.0,1.05,1.05,1.05,159.2,7.36,18800,0,0,0.0,0,F1,4700,,,,,
2026-02-18,2026-02-18,FO,NSE,STO,166671,,SAIL,,2026-03-30,2026-03-30,167.0,PE,SAIL26MAR167PE,0.0,0.0,0.0,16.85,0.0,16.85,159.2,11.48,0,0,0,0.0,0,F1,4700,,,,,
2026-02-18,2026-02-18,FO,NSE,STO,132500,,SAIL,,2026-02-24,2026-02-24,154.0,CE,SAIL26FEB154CE,0.0,0.0,0.0,6.99,6.99,6.99,159.2,6.27,183300,0,0,0.0,0,F1,4700,,,,,
2026-02-18,2026-02-18,FO,NSE,STO,157538,,SAIL,,2026-02-24,2026-02-24,151.0,CE,SAIL26FEB151CE,0.0,0.0,0.0,12.5,12.5,12.5,159.2,8.74,136300,0,0,0.0,0,F1,4700,,,,,
2026-02-18,2026-02-18,FO,NSE,STO,132462,,SAIL,,2026-02-24,2026-02-24,138.0,CE,SAIL26FEB138CE,0.0,0.0,0.0,21.27,21.27,21.27,159.2,21.33,32900,0,0,0.0,0,F1,4700,,,,,
2026-02-18,2026-02-18,FO,NSE,STO,166773,,SAIL,,2026-04-28,2026-04-28,168.0,PE,SAIL26APR168PE,0.0,0.0,0.0,19.24,0.0,19.24,159.2,13.92,0,0,0,0.0,0,F1,4700,,,,,
2026-02-18,2026-02-18,FO,NSE,STO,166763,,SAIL,,2026-04-28,2026-04-28,158.0,PE,SAIL26APR158PE,0.0,0.0,0.0,13.34,0.0,13.34,159.2,8.34,0,0,0,0.0,0,F1,4700,,,,,
2026-02-18,2026-02-18,FO,NSE,STO,166729,,SAIL,,2026-04-28,2026-04-28,124.0,PE,SAIL26APR124PE,0.0,0.0,0.0,1.93,0.0,1.93,159.2,0.4,0,0,0,0.0,0,F1,4700,,,,,
2026-02-18,2026-02-18,FO,NSE,STO,157663,,SAIL,,2026-03-30,2026-03-30,170.0,PE,SAIL26MAR170PE,0.0,0.0,0.0,30.3,0.0,30.3,159.2,13.53,0,0,0,0.0,0,F1,4700,,,,,
2026-02-18,2026-02-18,FO,NSE,STO,166673,,SAIL,,2026-03-30,2026-03-30,169.0,PE,SAIL26MAR169PE,0.0,0.0,0.0,18.19,0.0,18.19,159.2,12.83,0,0,0,0.0,0,F1,4700,,,,,
2026-02-18,2026-02-18,FO,NSE,STO,157659,,SAIL,,2026-03-30,2026-03-30,166.0,PE,SAIL26MAR166PE,0.0,0.0,0.0,27.13,0.0,27.13,159.2,10.83,0,0,0,0.0,0,F1,4700,,,,,
2026-02-18,2026-02-18,FO,NSE,STO,166665,,SAIL,,2026-03-30,2026-03-30,161.0,PE,SAIL26MAR161PE,0.0,0.0,0.0,13.12,0.0,13.12,159.2,7.89,0,0,0,0.0,0,F1,4700,,,,,
2026-02-18,2026-02-18,FO,NSE,STO,166659,,SAIL,,2026-03-30,2026-03-30,155.0,PE,SAIL26MAR155PE,0.0,0.0,0.0,4.5,4.5,4.5,159.2,5.04,47000,0,0,0.0,0,F1,4700,,,,,
2026-02-18,2026-02-18,FO,NSE,STO,157635,,SAIL,,2026-03-30,2026-03-30,142.0,PE,SAIL26MAR142PE,0.0,0.0,0.0,11.31,0.0,11.31,159.2,1.39,0,0,0,0.0,0,F1,4700,,,,,
2026-02-18,2026-02-18,FO,NSE,STO,157631,,SAIL,,2026-03-30,2026-03-30,138.0,PE,SAIL26MAR138PE,0.0,0.0,0.0,9.33,0.0,9.33,159.2,0.84,0,0,0,0.0,0,F1,4700,,,,,
2026-02-18,2026-02-18,FO,NSE,STO,166637,,SAIL,,2026-03-30,2026-03-30,133.0,PE,SAIL26MAR133PE,0.0,0.0,0.0,2.36,0.0,2.36,159.2,0.41,0,0,0,0.0,0,F1,4700,,,,,
2026-02-18,2026-02-18,FO,NSE,STO,166627,,SAIL,,2026-03-30,2026-03-30,123.0,PE,SAIL26MAR123PE,0.0,0.0,0.0,0.93,0.0,0.93,159.2,0.07,0,0,0,0.0,0,F1,4700,,,,,
2026-02-18,2026-02-18,FO,NSE,STO,157551,,SAIL,,2026-02-24,2026-02-24,163.0,PE,SAIL26FEB163PE,0.0,0.0,0.0,7.29,7.0,7.29,159.2,5.1,47000,0,0,0.0,0,F1,4700,,,,,
2026-02-18,2026-02-18,FO,NSE,STO,132493,,SAIL,,2026-02-24,2026-02-24,148.0,PE,SAIL26FEB148PE,0.0,0.0,0.0,0.3,0.3,0.3,159.2,0.15,559300,0,0,0.0,0,F1,4700,,,,,
2026-02-18,2026-02-18,FO,NSE,STO,132459,,SAIL,,2026-02-24,2026-02-24,134.0,PE,SAIL26FEB134PE,0.0,0.0,0.0,0.67,0.69,0.67,159.2,0.01,310200,0,0,0.0,0,F1,4700,,,,,
2026-02-18,2026-02-18,FO,NSE,STO,157517,,SAIL,,2026-02-24,2026-02-24,129.0,PE,SAIL26FEB129PE,0.0,0.0,0.0,3.86,0.0,3.86,159.2,0.01,0,0,0,0.0,0,F1,4700,,,,,
2026-02-18,2026-02-18,FO,NSE,STO,132451,,SAIL,,2026-02-24,2026-02-24,126.0,PE,SAIL26FEB126PE,0.0,0.0,0.0,0.08,0.05,0.08,159.2,0.01,338400,0,0,0.0,0,F1,4700,,,,,
2026-02-18,2026-02-18,FO,NSE,STO,166788,,SAIL,,2026-04-28,2026-04-28,184.0,CE,SAIL26APR184CE,0.0,0.0,0.0,5.08,0.0,5.08,159.2,2.77,0,0,0,0.0,0,F1,4700,,,,,
2026-02-18,2026-02-18,FO,NSE,STO,166750,,SAIL,,2026-04-28,2026-04-28,146.0,CE,SAIL26APR146CE,0.0,0.0,0.0,19.57,0.0,19.57,159.2,18.46,0,0,0,0.0,0,F1,4700,,,,,
2026-02-18,2026-02-18,FO,NSE,STO,166742,,SAIL,,2026-04-28,2026-04-28,138.0,CE,SAIL26APR138CE,0.0,0.0,0.0,24.7,0.0,24.7,159.2,24.53,0,0,0,0.0,0,F1,4700,,,,,
2026-02-18,2026-02-18,FO,NSE,STO,166734,,SAIL,,2026-04-28,2026-04-28,130.0,CE,SAIL26APR130CE,0.0,0.0,0.0,30.56,0.0,30.56,159.2,31.38,0,0,0,0.0,0,F1,4700,,,,,
2026-02-18,2026-02-18,FO,NSE,STO,166730,,SAIL,,2026-04-28,2026-04-28,126.0,CE,SAIL26APR126CE,0.0,0.0,0.0,33.74,0.0,33.74,159.2,35.02,0,0,0,0.0,0,F1,4700,,,,,
2026-02-18,2026-02-18,FO,NSE,STO,157670,,SAIL,,2026-03-30,2026-03-30,178.0,CE,SAIL26MAR178CE,0.0,0.0,0.0,2.5,3.0,2.5,159.2,1.97,4700,0,0,0.0,0,F1,4700,,,,,
2026-02-18,2026-02-18,FO,NSE,STO,157658,,SAIL,,2026-03-30,2026-03-30,166.0,CE,SAIL26MAR166CE,0.0,0.0,0.0,4.61,0.0,4.61,159.2,5.03,0,0,0,0.0,0,F1,4700,,,,,
2026-02-18,2026-02-18,FO,NSE,STO,157656,,SAIL,,2026-03-30,2026-03-30,164.0,CE,SAIL26MAR164CE,0.0,0.0,0.0,5.04,0.0,5.04,159.2,5.78,0,0,0,0.0,0,F1,4700,,,,,
2026-02-18,2026-02-18,FO,NSE,STO,139121,,SUZLON,,2026-02-24,2026-02-24,56.0,PE,SUZLON26FEB56PE,0.0,0.0,0.0,7.9,7.9,7.9,46.09,9.86,1462050,0,0,0.0,0,F1,9025,,,,,
2026-02-18,2026-02-18,FO,NSE,STO,160149,,SUZLON,,2026-02-24,2026-02-24,51.0,PE,SUZLON26FEB51PE,4.95,4.95,4.87,4.87,4.87,4.7,46.09,4.87,1001775,-54150,6,3027616.75,6,F1,9025,,,,,
2026-02-18,2026-02-18,FO,NSE,STO,139115,,SUZLON,,2026-02-24,2026-02-24,50.0,PE,SUZLON26FEB50PE,4.14,4.19,3.8,3.84,3.87,4.0,46.09,3.84,5144250,-261725,39,18995729.75,37,F1,9025,,,,,
2026-02-18,2026-02-18,FO,NSE,STO,168674,,SUZLON,,2026-04-28,2026-04-28,48.0,CE,SUZLON26APR48CE,0.0,0.0,0.0,3.57,0.0,3.57,46.09,2.46,0,0,0,0.0,0,F1,9025,,,,,
2026-02-18,2026-02-18,FO,NSE,STO,168666,,SUZLON,,2026-04-28,2026-04-28,40.0,CE,SUZLON26APR40CE,0.0,0.0,0.0,7.91,0.0,7.91,46.09,7.2,0,0,0,0.0,0,F1,9025,,,,,
2026-02-18,2026-02-18,FO,NSE,STO,168640,,SUZLON,,2026-03-30,2026-03-30,53.0,CE,SUZLON26MAR53CE,0.0,0.0,0.0,0.54,0.54,0.54,46.09,0.47,9025,0,0,0.0,0,F1,9025,,,,,
2026-02-18,2026-02-18,FO,NSE,STO,160180,,SUZLON,,2026-03-30,2026-03-30,44.0,CE,SUZLON26MAR44CE,0.0,0.0,0.0,10.0,0.0,10.0,46.09,3.64,0,0,0,0.0,0,F1,9025,,,,,
2026-02-18,2026-02-18,FO,NSE,STO,139127,,SUZLON,,2026-02-24,2026-02-24,62.0,PE,SUZLON26FEB62PE,15.78,15.98,15.7,15.91,15.91,15.68,46.09,15.85,1335700,-144400,20,14053008.0,14,F1,9025,,,,,
2026-02-18,2026-02-18,FO,NSE,STO,139117,,SUZLON,,2026-02-24,2026-02-24,52.0,PE,SUZLON26FEB52PE,5.92,6.05,5.85,5.93,5.93,5.56,46.09,5.93,1092025,-63175,18,9412894.5,17,F1,9025,,,,,
2026-02-18,2026-02-18,FO,NSE,STO,160196,,SUZLON,,2026-03-30,2026-03-30,60.0,CE,SUZLON26MAR60CE,0.13,0.13,0.1,0.11,0.11,0.12,46.09,0.11,3267050,162450,24,13020367.5,20,F1,9025,,,,,
2026-02-18,2026-02-18,FO,NSE,STO,160186,,SUZLON,,2026-03-30,2026-03-30,50.0,CE,SUZLON26MAR50CE,0.85,0.9,0.73,0.76,0.73,0.81,46.09,0.76,8591800,315875,349,160004766.5,266,F1,9025,,,,,
2026-02-18,2026-02-18,FO,NSE,STO,139111,,SUZLON,,2026-02-24,2026-02-24,46.0,PE,SUZLON26FEB46PE,0.66,0.7,0.5,0.52,0.52,0.66,46.09,0.52,6200175,198550,739,310722447.0,549,F1,9025,,,,,
2026-02-18,2026-02-18,FO,NSE,STF,59475,,SUZLON,,2026-02-24,2026-02-24,,,SUZLON26FEBFUT,46.02,46.33,45.82,46.16,46.08,46.03,46.09,46.16,278069275,-10532175,2705,1124625646.5,1873,F1,9025,,,,,
2026-02-18,2026-02-18,FO,NSE,STO,168643,,SUZLON,,2026-03-30,2026-03-30,55.0,PE,SUZLON26MAR55PE,8.78,8.78,8.7,8.7,8.7,8.78,46.09,8.84,126350,36100,5,2877079.75,4,F1,9025,,,,,
2026-02-18,2026-02-18,FO,NSE,STO,168638,,SUZLON,,2026-03-30,2026-03-30,51.0,CE,SUZLON26MAR51CE,0.61,0.62,0.58,0.6,0.58,0.61,46.09,0.6,198550,27075,9,4191480.75,7,F1,9025,,,,,
2026-02-18,2026-02-18,FO,NSE,STO,168634,,SUZLON,,2026-03-30,2026-03-30,47.0,CE,SUZLON26MAR47CE,1.9,1.95,1.72,1.77,1.74,1.8,46.09,1.77,1543275,487350,110,48440333.75,67,F1,9025,,,,,
2026-02-18,2026-02-18,FO,NSE,STO,160174,,SUZLON,,2026-03-30,2026-03-30,38.0,CE,SUZLON26MAR38CE,0.0,0.0,0.0,11.0,11.0,11.0,46.09,8.45,27075,0,0,0.0,0,F1,9025,,,,,
2026-02-18,2026-02-18,FO,NSE,STO,160181,,SUZLON,,2026-03-30,2026-03-30,44.0,PE,SUZLON26MAR44PE,1.11,1.15,1.06,1.06,1.07,1.11,46.09,1.06,902500,72200,32,13024789.75,28,F1,9025,,,,,
2026-02-18,2026-02-18,FO,NSE,STO,168682,,SUZLON,,2026-04-28,2026-04-28,56.0,CE,SUZLON26APR56CE,0.0,0.0,0.0,6.6,6.6,6.6,46.09,0.57,189525,0,0,0.0,0,F1,9025,,,,,
2026-02-18,2026-02-18,FO,NSE,STO,168678,,SUZLON,,2026-04-28,2026-04-28,52.0,CE,SUZLON26APR52CE,0.0,0.0,0.0,2.25,0.0,2.25,46.09,1.24,0,0,0,0.0,0,F1,9025,,,,,
2026-02-18,2026-02-18,FO,NSE,STO,160190,,SUZLON,,2026-03-30,2026-03-30,54.0,CE,SUZLON26MAR54CE,0.25,0.27,0.25,0.25,0.25,0.29,46.09,0.25,541500,18050,6,2938088.75,6,F1,9025,,,,,
2026-02-18,2026-02-18,FO,NSE,STO,160146,,SUZLON,,2026-02-24,2026-02-24,49.0,CE,SUZLON26FEB49CE,0.11,0.11,0.05,0.05,0.05,0.11,46.09,0.05,14151200,-1227400,825,365350320.75,319,F1,9025,,,,,
2026-02-18,2026-02-18,FO,NSE,STO,160142,,SUZLON,,2026-02-24,2026-02-24,45.0,CE,SUZLON26FEB45CE,1.36,1.54,1.18,1.35,1.33,1.38,46.09,1.35,2761650,-225625,421,176055548.5,329,F1,9025,,,,,
2026-02-18,2026-02-18,FO,NSE,STO,168679,,SUZLON,,2026-04-28,2026-04-28,52.0,PE,SUZLON26APR52PE,0.0,0.0,0.0,7.66,0.0,7.66,46.09,6.61,0,0,0,0.0,0,F1,9025,,,,,
2026-02-18,2026-02-18,FO,NSE,STO,168683,,SUZLON,,2026-04-28,2026-04-28,56.0,PE,SUZLON26APR56PE,0.0,0.0,0.0,10.72,0.0,10.72,46.09,9.9,0,0,0,0.0,0,F1,9025,,,,,
2026-02-18,2026-02-18,FO,NSE,STO,160153,,SUZLON,,2026-02-24,2026-02-24,55.0,PE,SUZLON26FEB55PE,8.8,9.0,8.8,8.89,8.89,9.0,46.09,8.89,1940375,-108300,14,8076833.5,12,F1,9025,,,,,
2026-02-18,2026-02-18,FO,NSE,STF,52040,,SUZLON,,2026-03-30,2026-03-30,,,SUZLON26MARFUT,46.31,46.6,46.12,46.45,46.37,46.29,46.09,46.45,62606425,7960050,1760,736281430.75,1036,F1,9025,,,,,
2026-02-18,2026-02-18,FO,NSE,STO,168635,,SUZLON,,2026-03-30,2026-03-30,47.0,PE,SUZLON26MAR47PE,2.36,2.37,2.26,2.26,2.26,2.38,46.09,2.26,920550,153425,26,11571674.5,21,F1,9025,,,,,
2026-02-18,2026-02-18,FO,NSE,STO,160187,,SUZLON,,2026-03-30,2026-03-30,50.0,PE,SUZLON26MAR50PE,4.41,4.42,4.17,4.21,4.26,4.44,46.09,4.21,1994525,144400,38,18620199.5,37,F1,9025,,,,,
2026-02-18,2026-02-18,FO,NSE,STO,168639,,SUZLON,,2026-03-30,2026-03-30,51.0,PE,SUZLON26MAR51PE,5.1,5.1,5.05,5.05,5.05,6.45,46.09,5.41,45125,45125,5,2530249.0,5,F1,9025,,,,,
2026-02-18,2026-02-18,FO,NSE,STO,168641,,SUZLON,,2026-03-30,2026-03-30,53.0,PE,SUZLON26MAR53PE,7.0,7.0,6.9,6.95,6.95,6.1,46.09,7.06,81225,72200,8,4327036.25,8,F1,9025,,,,,
2026-02-18,2026-02-18,FO,NSE,STO,168669,,SUZLON,,2026-04-28,2026-04-28,42.0,PE,SUZLON26APR42PE,0.0,0.0,0.0,2.16,0.0,2.16,46.09,1.19,0,0,0,0.0,0,F1,9025,,,,,
2026-02-18,2026-02-18,FO,NSE,STO,139118,,SUZLON,,2026-02-24,2026-02-24,54.0,CE,SUZLON26FEB54CE,0.04,0.04,0.01,0.02,0.02,0.04,46.09,0.02,6073825,-1055925,325,158452195.75,102,F1,9025,,,,,
2026-02-18,2026-02-18,FO,NSE,STO,168676,,SUZLON,,2026-04-28,2026-04-28,50.0,CE,SUZLON26APR50CE,0.0,0.0,0.0,1.35,1.35,1.35,46.09,1.76,9025,0,0,0.0,0,F1,9025,,,,,
2026-02-18,2026-02-18,FO,NSE,STO,160185,,SUZLON,,2026-03-30,2026-03-30,48.0,PE,SUZLON26MAR48PE,3.03,3.16,2.87,2.9,2.9,3.07,46.09,3.27,1037875,135375,19,8748925.25,19,F1,9025,,,,,
2026-02-18,2026-02-18,FO,NSE,STO,168663,,SUZLON,,2026-04-28,2026-04-28,36.0,PE,SUZLON26APR36PE,0.0,0.0,0.0,0.62,0.0,0.62,46.09,0.18,0,0,0,0.0,0,F1,9025,,,,,
2026-02-18,2026-02-18,FO,NSE,STO,168671,,SUZLON,,2026-04-28,2026-04-28,44.0,PE,SUZLON26APR44PE,0.0,0.0,0.0,2.97,0.0,2.97,46.09,1.88,0,0,0,0.0,0,F1,9025,,,,,
2026-02-18,2026-02-18,FO,NSE,STO,168673,,SUZLON,,2026-04-28,2026-04-28,46.0,PE,SUZLON26APR46PE,0.0,0.0,0.0,3.93,0.0,3.93,46.09,2.77,0,0,0,0.0,0,F1,9025,,,,,
2026-02-18,2026-02-18,FO,NSE,STO,168630,,SUZLON,,2026-03-30,2026-03-30,43.0,CE,SUZLON26MAR43CE,0.0,0.0,0.0,4.08,4.08,4.08,46.09,4.31,27075,0,0,0.0,0,F1,9025,,,,,
2026-02-18,2026-02-18,FO,NSE,STO,160182,,SUZLON,,2026-03-30,2026-03-30,46.0,CE,SUZLON26MAR46CE,2.27,2.45,2.2,2.29,2.31,2.3,46.09,2.29,1389850,162450,69,30083032.5,59,F1,9025,,,,,
2026-02-18,2026-02-18,FO,NSE,STO,139123,,SUZLON,,2026-02-24,2026-02-24,58.0,PE,SUZLON26FEB58PE,0.0,0.0,0.0,11.5,11.5,11.5,46.09,11.86,424175,0,0,0.0,0,F1,9025,,,,,
2026-02-18,2026-02-18,FO,NSE,STO,160145,,SUZLON,,2026-02-24,2026-02-24,47.0,PE,SUZLON26FEB47PE,1.3,1.38,1.06,1.09,1.15,1.3,46.09,1.09,4061250,-27075,149,64809427.5,122,F1,9025,,,,,
2026-02-18,2026-02-18,FO,NSE,STO,160194,,SUZLON,,2026-03-30,2026-03-30,58.0,CE,SUZLON26MAR58CE,0.0,0.0,0.0,0.15,0.15,0.15,46.09,0.1,189525,0,0,0.0,0,F1,9025,,,,,
2026-02-18,2026-02-18,FO,NSE,STO,160154,,SUZLON,,2026-02-24,2026-02-24,57.0,CE,SUZLON26FEB57CE,0.02,0.02,0.01,0.02,0.02,0.02,46.09,0.01,2752625,-63175,194,99833286.5,39,F1,9025,,,,,
2026-02-18,2026-02-18,FO,NSE,STO,168632,,SUZLON,,2026-03-30,2026-03-30,45.0,CE,SUZLON26MAR45CE,2.9,2.97,2.74,2.89,2.86,2.86,46.09,2.89,1985500,99275,28,12091153.5,28,F1,9025,,,,,
2026-02-18,2026-02-18,FO,NSE,STO,139106,,SUZLON,,2026-02-24,2026-02-24,42.0,CE,SUZLON26FEB42CE,0.0,0.0,0.0,4.2,4.2,4.2,46.09,4.15,279775,0,0,0.0,0,F1,9025,,,,,
2026-02-18,2026-02-18,FO,NSE,STO,168681,,SUZLON,,2026-04-28,2026-04-28,54.0,PE,SUZLON26APR54PE,0.0,0.0,0.0,9.15,0.0,9.15,46.09,8.2,0,0,0,0.0,0,F1,9025,,,,,
2026-02-18,2026-02-18,FO,NSE,STO,160191,,SUZLON,,2026-03-30,2026-03-30,54.0,PE,SUZLON26MAR54PE,7.56,7.66,7.56,7.65,7.65,6.65,46.09,7.65,216600,54150,6,3337625.5,4,F1,9025,,,,,
2026-02-18,2026-02-18,FO,NSE,STO,139125,,SUZLON,,2026-02-24,2026-02-24,60.0,PE,SUZLON26FEB60PE,13.8,14.01,13.72,13.92,13.92,13.64,46.09,13.86,3113625,-63175,11,7335790.75,10,F1,9025,,,,,
2026-02-18,2026-02-18,FO,NSE,STO,160139,,SUZLON,,2026-02-24,2026-02-24,41.0,PE,SUZLON26FEB41PE,0.03,0.03,0.03,0.03,0.03,0.04,46.09,0.03,604675,-36100,16,5924732.0,12,F1,9025,,,,,
2026-02-18,2026-02-18,FO,NSE,STO,168662,,SUZLON,,2026-04-28,2026-04-28,36.0,CE,SUZLON26APR36CE,0.0,0.0,0.0,10.96,0.0,10.96,46.09,10.64,0,0,0,0.0,0,F1,9025,,,,,
2026-02-18,2026-02-18,FO,NSE,STO,160176,,SUZLON,,2026-03-30,2026-03-30,40.0,CE,SUZLON26MAR40CE,6.65,6.65,6.65,6.65,6.65,6.99,46.09,6.66,45125,9025,1,421016.25,1,F1,9025,,,,,
2026-02-18,2026-02-18,FO,NSE,STO,139116,,SUZLON,,2026-02-24,2026-02-24,52.0,CE,SUZLON26FEB52CE,0.05,0.05,0.02,0.03,0.03,0.04,46.09,0.03,12896725,442225,775,363934659.25,171,F1,9025,,,,,
2026-02-18,2026-02-18,FO,NSE,STF,67018,,SUZLON,,2026-04-28,2026-04-28,,,SUZLON26APRFUT,46.83,46.87,46.47,46.73,46.63,46.6,46.09,46.73,5496225,243675,60,25269187.75,57,F1,9025,,,,,
2026-02-18,2026-02-18,FO,NSE,STO,168675,,SUZLON,,2026-04-28,2026-04-28,48.0,PE,SUZLON26APR48PE,0.0,0.0,0.0,5.04,0.0,5.04,46.09,3.87,0,0,0,0.0,0,F1,9025,,,,,
2026-02-18,2026-02-18,FO,NSE,STO,168629,,SUZLON,,2026-03-30,2026-03-30,41.0,PE,SUZLON26MAR41PE,0.5,0.5,0.42,0.46,0.46,0.35,46.09,0.46,108300,18050,12,4489576.5,11,F1,9025,,,,,
2026-02-18,2026-02-18,FO,NSE,STO,168670,,SUZLON,,2026-04-28,2026-04-28,44.0,CE,SUZLON26APR44CE,0.0,0.0,0.0,5.43,0.0,5.43,46.09,4.42,0,0,0,0.0,0,F1,9025,,,,,
2026-02-18,2026-02-18,FO,NSE,STO,139119,,SUZLON,,2026-02-24,2026-02-24,54.0,PE,SUZLON26FEB54PE,7.92,7.92,7.6,7.6,7.6,6.91,46.09,7.86,685900,0,5,2782588.0,2,F1,9025,,,,,
2026-02-18,2026-02-18,FO,NSE,STO,160177,,SUZLON,,2026-03-30,2026-03-30,40.0,PE,SUZLON26MAR40PE,0.34,0.34,0.3,0.3,0.31,0.34,46.09,0.3,505400,99275,20,7277399.0,17,F1,9025,,,,,
2026-02-18,2026-02-18,FO,NSE,STO,160195,,SUZLON,,2026-03-30,2026-03-30,58.0,PE,SUZLON26MAR58PE,11.47,11.6,11.42,11.6,11.6,9.64,46.09,11.66,785175,144400,17,10661142.25,13,F1,9025,,,,,
2026-02-18,2026-02-18,FO,NSE,STO,139122,,SUZLON,,2026-02-24,2026-02-24,58.0,CE,SUZLON26FEB58CE,0.02,0.02,0.02,0.02,0.02,0.02,46.09,0.01,2175025,-54150,16,8378088.0,13,F1,9025,,,,,
2026-02-18,2026-02-18,FO,NSE,STO,139124,,SUZLON,,2026-02-24,2026-02-24,60.0,CE,SUZLON26FEB60CE,0.02,0.02,0.01,0.01,0.02,0.02,46.09,0.01,7337325,-54150,38,20580971.0,14,F1,9025,,,,,
2026-02-18,2026-02-18,FO,NSE,STO,168680,,SUZLON,,2026-04-28,2026-04-28,54.0,CE,SUZLON26APR54CE,0.0,0.0,0.0,1.76,0.0,1.76,46.09,0.85,0,0,0,0.0,0,F1,9025,,,,,
2026-02-18,2026-02-18,FO,NSE,STO,139101,,SUZLON,,2026-02-24,2026-02-24,38.0,PE,SUZLON26FEB38PE,0.02,0.03,0.02,0.02,0.02,0.02,46.09,0.02,1832075,-261725,37,12695918.75,14,F1,9025,,,,,
2026-02-18,2026-02-18,FO,NSE,STO,160192,,SUZLON,,2026-03-30,2026-03-30,56.0,CE,SUZLON26MAR56CE,0.0,0.0,0.0,3.51,0.0,3.51,46.09,0.19,0,0,0,0.0,0,F1,9025,,,,,
2026-02-18,2026-02-18,FO,NSE,STO,160155,,SUZLON,,2026-02-24,2026-02-24,57.0,PE,SUZLON26FEB57PE,0.0,0.0,0.0,8.89,8.91,8.89,46.09,10.86,135375,0,0,0.0,0,F1,9025,,,,,
2026-02-18,2026-02-18,FO,NSE,STO,160157,,SUZLON,,2026-02-24,2026-02-24,59.0,PE,SUZLON26FEB59PE,0.0,0.0,0.0,12.94,12.94,12.94,46.09,12.86,18050,0,0,0.0,0,F1,9025,,,,,
2026-02-18,2026-02-18,FO,NSE,STO,160179,,SUZLON,,2026-03-30,2026-03-30,42.0,PE,SUZLON26MAR42PE,0.6,0.61,0.6,0.6,0.6,0.61,46.09,0.6,487350,9025,4,1538040.5,4,F1,9025,,,,,
2026-02-18,2026-02-18,FO,NSE,STO,168633,,SUZLON,,2026-03-30,2026-03-30,45.0,PE,SUZLON26MAR45PE,1.43,1.57,1.4,1.44,1.46,1.53,46.09,1.44,1353750,-81225,114,47819865.0,91,F1,9025,,,,,
2026-02-18,2026-02-18,FO,NSE,STO,160150,,SUZLON,,2026-02-24,2026-02-24,53.0,CE,SUZLON26FEB53CE,0.04,0.04,0.02,0.03,0.03,0.04,46.09,0.01,6461900,-622725,293,140214836.75,91,F1,9025,,,,,
2026-02-18,2026-02-18,FO,NSE,STO,168668,,SUZLON,,2026-04-28,2026-04-28,42.0,CE,SUZLON26APR42CE,0.0,0.0,0.0,6.59,0.0,6.59,46.09,5.72,0,0,0,0.0,0,F1,9025,,,,,
2026-02-18,2026-02-18,FO,NSE,STO,160148,,SUZLON,,2026-02-24,2026-02-24,51.0,CE,SUZLON26FEB51CE,0.05,0.05,0.02,0.02,0.03,0.05,46.09,0.02,14250475,0,617,284154110.5,169,F1,9025,,,,,
2026-02-18,2026-02-18,FO,NSE,STO,160140,,SUZLON,,2026-02-24,2026-02-24,43.0,CE,SUZLON26FEB43CE,3.1,3.25,2.95,3.22,3.23,3.23,46.09,3.22,469300,-27075,19,7914473.75,19,F1,9025,,,,,
2026-02-18,2026-02-18,FO,NSE,STO,160138,,SUZLON,,2026-02-24,2026-02-24,41.0,CE,SUZLON26FEB41CE,0.0,0.0,0.0,5.13,5.13,5.13,46.09,5.13,108300,0,0,0.0,0,F1,9025,,,,,
2026-02-18,2026-02-18,FO,NSE,STO,160188,,SUZLON,,2026-03-30,2026-03-30,52.0,CE,SUZLON26MAR52CE,0.49,0.49,0.4,0.41,0.4,0.45,46.09,0.41,6182125,243675,101,47796941.5,88,F1,9025,,,,,
2026-02-18,2026-02-18,FO,NSE,STO,168636,,SUZLON,,2026-03-30,2026-03-30,49.0,CE,SUZLON26MAR49CE,1.18,1.19,1.0,1.01,1.0,1.07,46.09,1.01,794200,153425,31,14007973.25,28,F1,9025,,,,,
2026-02-18,2026-02-18,FO,NSE,STO,168628,,SUZLON,,2026-03-30,2026-03-30,41.0,CE,SUZLON26MAR41CE,5.89,5.99,5.73,5.73,5.73,6.3,46.09,5.82,18050,-27075,4,1692187.5,4,F1,9025,,,,,
2026-02-18,2026-02-18,FO,NSE,STO,160156,,SUZLON,,2026-02-24,2026-02-24,59.0,CE,SUZLON26FEB59CE,0.02,0.02,0.02,0.02,0.02,0.02,46.09,0.01,361000,-9025,2,1065311.0,2,F1,9025,,,,,
2026-02-18,2026-02-18,FO,NSE,STO,160152,,SUZLON,,2026-02-24,2026-02-24,55.0,CE,SUZLON26FEB55CE,0.02,0.03,0.01,0.01,0.01,0.03,46.09,0.01,19178125,776150,464,230393178.25,119,F1,9025,,,,,
2026-02-18,2026-02-18,FO,NSE,STO,160144,,SUZLON,,2026-02-24,2026-02-24,47.0,CE,SUZLON26FEB47CE,0.37,0.4,0.21,0.24,0.22,0.36,46.09,0.24,18383925,1335700,1508,643378983.25,1023,F1,9025,,,,,
2026-02-18,2026-02-18,FO,NSE,STO,160151,,SUZLON,,2026-02-24,2026-02-24,53.0,PE,SUZLON26FEB53PE,7.1,7.1,6.9,6.92,6.93,5.58,46.09,6.92,595650,-72200,22,11904065.25,16,F1,9025,,,,,
2026-02-18,2026-02-18,FO,NSE,STO,160193,,SUZLON,,2026-03-30,2026-03-30,56.0,PE,SUZLON26MAR56PE,0.0,0.0,0.0,9.18,9.18,9.18,46.09,9.77,36100,0,0,0.0,0,F1,9025,,,,,
2026-02-18,2026-02-18,FO,NSE,STO,168637,,SUZLON,,2026-03-30,2026-03-30,49.0,PE,SUZLON26MAR49PE,3.5,3.62,3.5,3.62,3.62,3.32,46.09,3.62,18050,9025,2,948708.0,2,F1,9025,,,,,
2026-02-18,2026-02-18,FO,NSE,STO,160183,,SUZLON,,2026-03-30,2026-03-30,46.0,PE,SUZLON26MAR46PE,1.89,2.01,1.77,1.81,1.84,1.91,46.09,1.81,1128125,162450,32,13832256.5,26,F1,9025,,,,,
2026-02-18,2026-02-18,FO,NSE,STO,139107,,SUZLON,,2026-02-24,2026-02-24,42.0,PE,SUZLON26FEB42PE,0.05,0.06,0.04,0.05,0.05,0.06,46.09,0.05,3555850,-171475,54,20491262.5,43,F1,9025,,,,,
2026-02-18,2026-02-18,FO,NSE,STO,139105,,SUZLON,,2026-02-24,2026-02-24,40.0,PE,SUZLON26FEB40PE,0.03,0.03,0.02,0.02,0.02,0.03,46.09,0.02,2644325,-153425,102,36841764.75,44,F1,9025,,,,,
2026-02-18,2026-02-18,FO,NSE,STO,139113,,SUZLON,,2026-02-24,2026-02-24,48.0,PE,SUZLON26FEB48PE,2.0,2.24,1.9,1.98,2.02,2.06,46.09,1.98,3799525,-397100,84,37934331.25,68,F1,9025,,,,,
2026-02-18,2026-02-18,FO,NSE,STO,160178,,SUZLON,,2026-03-30,2026-03-30,42.0,CE,SUZLON26MAR42CE,0.0,0.0,0.0,11.54,0.0,11.54,46.09,5.04,0,0,0,0.0,0,F1,9025,,,,,
2026-02-18,2026-02-18,FO,NSE,STO,139126,,SUZLON,,2026-02-24,2026-02-24,62.0,CE,SUZLON26FEB62CE,0.02,0.02,0.01,0.02,0.02,0.02,46.09,0.01,5044975,-9025,7,3918023.25,7,F1,9025,,,,,
2026-02-18,2026-02-18,FO,NSE,STO,139120,,SUZLON,,2026-02-24,2026-02-24,56.0,CE,SUZLON26FEB56CE,0.02,0.02,0.01,0.01,0.01,0.03,46.09,0.01,4765200,-243675,37,18704312.5,11,F1,9025,,,,,
2026-02-18,2026-02-18,FO,NSE,STO,139108,,SUZLON,,2026-02-24,2026-02-24,44.0,CE,SUZLON26FEB44CE,2.24,2.34,2.04,2.27,2.24,2.25,46.09,2.27,1001775,126350,60,25016939.0,58,F1,9025,,,,,
2026-02-18,2026-02-18,FO,NSE,STO,168667,,SUZLON,,2026-04-28,2026-04-28,40.0,PE,SUZLON26APR40PE,1.12,1.12,1.12,1.12,1.12,4.2,46.09,0.7,189525,9025,1,371108.0,1,F1,9025,,,,,
2026-02-18,2026-02-18,FO,NSE,STO,160141,,SUZLON,,2026-02-24,2026-02-24,43.0,PE,SUZLON26FEB43PE,0.07,0.07,0.05,0.05,0.06,0.07,46.09,0.05,2590175,-126350,80,31089861.5,79,F1,9025,,,,,
2026-02-18,2026-02-18,FO,NSE,STO,168672,,SUZLON,,2026-04-28,2026-04-28,46.0,CE,SUZLON26APR46CE,0.0,0.0,0.0,4.43,0.0,4.43,46.09,3.34,0,0,0,0.0,0,F1,9025,,,,,
2026-02-18,2026-02-18,FO,NSE,STO,160147,,SUZLON,,2026-02-24,2026-02-24,49.0,PE,SUZLON26FEB49PE,3.0,3.18,2.86,2.89,2.95,3.04,46.09,2.89,5117175,-216600,29,13617010.25,24,F1,9025,,,,,
2026-02-18,2026-02-18,FO,NSE,STO,139109,,SUZLON,,2026-02-24,2026-02-24,44.0,PE,SUZLON26FEB44PE,0.16,0.16,0.09,0.1,0.1,0.15,46.09,0.1,7373425,-144400,277,110286492.75,210,F1,9025,,,,,
2026-02-18,2026-02-18,FO,NSE,STO,160189,,SUZLON,,2026-03-30,2026-03-30,52.0,PE,SUZLON26MAR52PE,5.82,6.1,5.82,5.93,5.93,5.97,46.09,5.93,306850,153425,19,9933998.0,16,F1,9025,,,,,
2026-02-18,2026-02-18,FO,NSE,STO,138916,,SUZLON,,2026-02-24,2026-02-24,38.0,CE,SUZLON26FEB38CE,8.17,8.17,8.17,8.17,8.17,8.71,46.09,8.17,144400,0,1,416684.25,1,F1,9025,,,,,
2026-02-18,2026-02-18,FO,NSE,STO,160175,,SUZLON,,2026-03-30,2026-03-30,38.0,PE,SUZLON26MAR38PE,0.0,0.0,0.0,0.36,0.0,0.36,46.09,0.13,0,0,0,0.0,0,F1,9025,,,,,
2026-02-18,2026-02-18,FO,NSE,STO,160143,,SUZLON,,2026-02-24,2026-02-24,45.0,PE,SUZLON26FEB45PE,0.32,0.33,0.23,0.24,0.24,0.32,46.09,0.24,8654975,-550525,596,243519138.25,477,F1,9025,,,,,
2026-02-18,2026-02-18,FO,NSE,STO,168642,,SUZLON,,2026-03-30,2026-03-30,55.0,CE,SUZLON26MAR55CE,0.25,0.25,0.2,0.21,0.21,0.24,46.09,0.21,2310400,9025,33,16449596.75,29,F1,9025,,,,,
2026-02-18,2026-02-18,FO,NSE,STO,160184,,SUZLON,,2026-03-30,2026-03-30,48.0,CE,SUZLON26MAR48CE,1.42,1.43,1.34,1.37,1.39,1.42,46.09,1.37,1814025,171475,80,35649201.25,60,F1,9025,,,,,
2026-02-18,2026-02-18,FO,NSE,STO,168677,,SUZLON,,2026-04-28,2026-04-28,50.0,PE,SUZLON26APR50PE,0.0,0.0,0.0,4.0,4.0,4.0,46.09,5.16,9025,0,0,0.0,0,F1,9025,,,,,
2026-02-18,2026-02-18,FO,NSE,STO,139110,,SUZLON,,2026-02-24,2026-02-24,46.0,CE,SUZLON26FEB46CE,0.75,0.84,0.55,0.66,0.61,0.75,46.09,0.66,4990825,-279775,1050,442022569.25,937,F1,9025,,,,,
2026-02-18,2026-02-18,FO,NSE,STO,139128,,SUZLON,,2026-02-24,2026-02-24,64.0,CE,SUZLON26FEB64CE,0.01,0.01,0.01,0.01,0.01,0.01,46.09,0.01,2048675,-90250,10,5776902.5,10,F1,9025,,,,,
2026-02-18,2026-02-18,FO,NSE,STO,139114,,SUZLON,,2026-02-24,2026-02-24,50.0,CE,SUZLON26FEB50CE,0.08,0.08,0.03,0.04,0.05,0.07,46.09,0.04,63436725,54150,2021,912779926.25,621,F1,9025,,,,,
2026-02-18,2026-02-18,FO,NSE,STO,139112,,SUZLON,,2026-02-24,2026-02-24,48.0,CE,SUZLON26FEB48CE,0.19,0.2,0.09,0.1,0.1,0.18,46.09,0.1,20486750,-649800,1608,698302967.25,797,F1,9025,,,,,
2026-02-18,2026-02-18,FO,NSE,STO,139102,,SUZLON,,2026-02-24,2026-02-24,40.0,CE,SUZLON26FEB40CE,6.1,6.1,6.1,6.1,6.1,6.0,46.09,6.1,189525,0,1,416052.5,1,F1,9025,,,,,
2026-02-18,2026-02-18,FO,NSE,STO,168631,,SUZLON,,2026-03-30,2026-03-30,43.0,PE,SUZLON26MAR43PE,0.86,0.9,0.78,0.81,0.82,0.84,46.09,0.81,415150,-18050,12,4746337.75,11,F1,9025,,,,,
2026-02-18,2026-02-18,FO,NSE,STO,75001,,ASIANPAINT,,2026-02-24,2026-02-24,3080.0,CE,ASIANPAINT26FEB3080CE,0.25,0.25,0.25,0.25,0.25,0.15,2432.1,0.25,46250,250,4,3080250.0,3,F1,250,,,,,
2026-02-18,2026-02-18,FO,NSE,STO,69255,,ASIANPAINT,,2026-03-30,2026-03-30,2080.0,CE,ASIANPAINT26MAR2080CE,0.0,0.0,0.0,709.95,0.0,709.95,2432.1,365.4,0,0,0,0.0,0,F1,250,,,,,
2026-02-18,2026-02-18,FO,NSE,STO,74822,,ASIANPAINT,,2026-02-24,2026-02-24,2000.0,PE,ASIANPAINT26FEB2000PE,0.0,0.0,0.0,0.35,0.3,0.35,2432.1,0.05,6750,0,0,0.0,0,F1,250,,,,,
2026-02-18,2026-02-18,FO,NSE,STO,82667,,ASIANPAINT,,2026-04-28,2026-04-28,2800.0,CE,ASIANPAINT26APR2800CE,9.0,9.0,9.0,9.0,9.0,8.5,2432.1,10.2,2250,250,2,1404500.0,2,F1,250,,,,,
2026-02-18,2026-02-18,FO,NSE,STO,82655,,ASIANPAINT,,2026-04-28,2026-04-28,2560.0,CE,ASIANPAINT26APR2560CE,0.0,0.0,0.0,188.0,0.0,188.0,2432.1,53.35,0,0,0,0.0,0,F1,250,,,,,
2026-02-18,2026-02-18,FO,NSE,STO,82639,,ASIANPAINT,,2026-04-28,2026-04-28,2240.0,CE,ASIANPAINT26APR2240CE,0.0,0.0,0.0,429.45,0.0,429.45,2432.1,235.4,0,0,0,0.0,0,F1,250,,,,,
2026-02-18,2026-02-18,FO,NSE,STO,82538,,ASIANPAINT,,2026-03-30,2026-03-30,2860.0,CE,ASIANPAINT26MAR2860CE,0.0,0.0,0.0,39.45,0.0,39.45,2432.1,1.2,0,0,0,0.0,0,F1,250,,,,,
2026-02-18,2026-02-18,FO,NSE,STO,69325,,ASIANPAINT,,2026-03-30,2026-03-30,2840.0,CE,ASIANPAINT26MAR2840CE,0.0,0.0,0.0,7.25,7.25,7.25,2432.1,1.5,1750,0,0,0.0,0,F1,250,,,,,
2026-02-18,2026-02-18,FO,NSE,STO,69284,,ASIANPAINT,,2026-03-30,2026-03-30,2160.0,CE,ASIANPAINT26MAR2160CE,0.0,0.0,0.0,632.3,0.0,632.3,2432.1,288.2,0,0,0,0.0,0,F1,250,,,,,
2026-02-18,2026-02-18,FO,NSE,STO,82506,,ASIANPAINT,,2026-03-30,2026-03-30,2260.0,CE,ASIANPAINT26MAR2260CE,0.0,0.0,0.0,393.7,0.0,393.7,2432.1,197.95,0,0,0,0.0,0,F1,250,,,,,
2026-02-18,2026-02-18,FO,NSE,STO,82518,,ASIANPAINT,,2026-03-30,2026-03-30,2500.0,CE,ASIANPAINT26MAR2500CE,51.95,52.0,39.0,42.85,43.0,48.6,2432.1,42.85,143500,32250,436,277206137.5,309,F1,250,,,,,
2026-02-18,2026-02-18,FO,NSE,STO,69319,,ASIANPAINT,,2026-03-30,2026-03-30,2800.0,CE,ASIANPAINT26MAR2800CE,5.7,5.7,4.0,4.4,4.4,5.75,2432.1,4.4,54500,2000,44,30850912.5,41,F1,250,,,,,
2026-02-18,2026-02-18,FO,NSE,STO,69126,,ASIANPAINT,,2026-02-24,2026-02-24,2780.0,PE,ASIANPAINT26FEB2780PE,0.0,0.0,0.0,346.15,346.15,346.15,2432.1,345.4,12750,0,0,0.0,0,F1,250,,,,,
2026-02-18,2026-02-18,FO,NSE,STO,75002,,ASIANPAINT,,2026-02-24,2026-02-24,3080.0,PE,ASIANPAINT26FEB3080PE,0.0,0.0,0.0,455.0,455.0,455.0,2432.1,645.1,500,0,0,0.0,0,F1,250,,,,,
2026-02-18,2026-02-18,FO,NSE,STO,69289,,ASIANPAINT,,2026-03-30,2026-03-30,2240.0,PE,ASIANPAINT26MAR2240PE,10.15,11.45,9.7,10.7,10.7,4.4,2432.1,9.6,2750,2750,12,6750787.5,11,F1,250,,,,,
2026-02-18,2026-02-18,FO,NSE,STO,69293,,ASIANPAINT,,2026-03-30,2026-03-30,2320.0,PE,ASIANPAINT26MAR2320PE,22.0,24.65,19.8,20.15,19.85,24.1,2432.1,20.15,10250,7000,39,22829250.0,38,F1,250,,,,,
2026-02-18,2026-02-18,FO,NSE,STO,69014,,ASIANPAINT,,2026-02-24,2026-02-24,2460.0,PE,ASIANPAINT26FEB2460PE,39.8,51.25,36.95,38.35,37.65,40.6,2432.1,38.35,122750,-2500,365,228361975.0,350,F1,250,,,,,
2026-02-18,2026-02-18,FO,NSE,STO,74846,,ASIANPAINT,,2026-02-24,2026-02-24,2440.0,PE,ASIANPAINT26FEB2440PE,21.0,36.55,21.0,26.0,25.65,29.2,2432.1,26.0,304250,-23250,1372,847137450.0,1201,F1,250,,,,,
2026-02-18,2026-02-18,FO,NSE,STO,68932,,ASIANPAINT,,2026-02-24,2026-02-24,2260.0,PE,ASIANPAINT26FEB2260PE,1.15,1.4,0.9,1.0,1.0,1.9,2432.1,1.0,26000,-5500,179,101189012.5,140,F1,250,,,,,
2026-02-18,2026-02-18,FO,NSE,STO,69295,,ASIANPAINT,,2026-03-30,2026-03-30,2360.0,PE,ASIANPAINT26MAR2360PE,31.8,35.05,28.75,28.75,28.75,33.7,2432.1,28.75,12000,7750,43,25712475.0,29,F1,250,,,,,
2026-02-18,2026-02-18,FO,NSE,STO,69303,,ASIANPAINT,,2026-03-30,2026-03-30,2520.0,PE,ASIANPAINT26MAR2520PE,0.0,0.0,0.0,111.0,111.0,111.0,2432.1,114.5,250,0,0,0.0,0,F1,250,,,,,
2026-02-18,2026-02-18,FO,NSE,STO,82676,,ASIANPAINT,,2026-04-28,2026-04-28,2840.0,PE,ASIANPAINT26APR2840PE,0.0,0.0,0.0,241.6,0.0,241.6,2432.1,385.95,0,0,0,0.0,0,F1,250,,,,,
2026-02-18,2026-02-18,FO,NSE,STO,82508,,ASIANPAINT,,2026-03-30,2026-03-30,2300.0,CE,ASIANPAINT26MAR2300CE,172.0,172.0,157.05,159.9,159.9,170.0,2432.1,165.25,5000,1750,19,11704687.5,19,F1,250,,,,,
2026-02-18,2026-02-18,FO,NSE,STO,82618,,ASIANPAINT,,2026-04-28,2026-04-28,1920.0,CE,ASIANPAINT26APR1920CE,0.0,0.0,0.0,732.7,0.0,732.7,2432.1,532.3,0,0,0,0.0,0,F1,250,,,,,
2026-02-18,2026-02-18,FO,NSE,STO,82626,,ASIANPAINT,,2026-04-28,2026-04-28,2080.0,CE,ASIANPAINT26APR2080CE,0.0,0.0,0.0,577.65,0.0,577.65,2432.1,377.3,0,0,0,0.0,0,F1,250,,,,,
2026-02-18,2026-02-18,FO,NSE,STO,82663,,ASIANPAINT,,2026-04-28,2026-04-28,2720.0,CE,ASIANPAINT26APR2720CE,0.0,0.0,0.0,108.75,0.0,108.75,2432.1,18.65,0,0,0,0.0,0,F1,250,,,,,
2026-02-18,2026-02-18,FO,NSE,STO,74831,,ASIANPAINT,,2026-02-24,2026-02-24,2200.0,PE,ASIANPAINT26FEB2200PE,0.65,0.75,0.4,0.4,0.5,1.05,2432.1,0.4,128750,-14750,239,131482012.5,145,F1,250,,,,,
2026-02-18,2026-02-18,FO,NSE,STO,69112,,ASIANPAINT,,2026-02-24,2026-02-24,2540.0,PE,ASIANPAINT26FEB2540PE,103.75,121.8,103.0,113.1,113.1,105.25,2432.1,107.7,19000,-3250,64,42436712.5,63,F1,250,,,,,
2026-02-18,2026-02-18,FO,NSE,STO,69118,,ASIANPAINT,,2026-02-24,2026-02-24,2660.0,PE,ASIANPAINT26FEB2660PE,229.5,229.5,229.5,229.5,229.5,225.1,2432.1,225.5,17750,-250,1,722375.0,1,F1,250,,,,,
2026-02-18,2026-02-18,FO,NSE,STO,75004,,ASIANPAINT,,2026-02-24,2026-02-24,3120.0,PE,ASIANPAINT26FEB3120PE,0.0,0.0,0.0,480.0,480.0,480.0,2432.1,685.1,250,0,0,0.0,0,F1,250,,,,,
2026-02-18,2026-02-18,FO,NSE,STO,57056,,ASIANPAINT,,2026-03-30,2026-03-30,1960.0,PE,ASIANPAINT26MAR1960PE,0.0,0.0,0.0,0.15,0.0,0.15,2432.1,0.05,0,0,0,0.0,0,F1,250,,,,,
2026-02-18,2026-02-18,FO,NSE,STO,69283,,ASIANPAINT,,2026-03-30,2026-03-30,2120.0,PE,ASIANPAINT26MAR2120PE,0.0,0.0,0.0,1.3,0.0,1.3,2432.1,1.6,0,0,0,0.0,0,F1,250,,,,,
2026-02-18,2026-02-18,FO,NSE,STO,82511,,ASIANPAINT,,2026-03-30,2026-03-30,2340.0,PE,ASIANPAINT26MAR2340PE,28.95,28.95,23.55,23.75,23.55,27.75,2432.1,23.75,6250,3750,19,11242375.0,15,F1,250,,,,,
2026-02-18,2026-02-18,FO,NSE,STO,82513,,ASIANPAINT,,2026-03-30,2026-03-30,2380.0,PE,ASIANPAINT26MAR2380PE,38.55,38.55,34.8,35.05,34.8,37.4,2432.1,35.05,6250,0,5,3020325.0,5,F1,250,,,,,
2026-02-18,2026-02-18,FO,NSE,STO,82652,,ASIANPAINT,,2026-04-28,2026-04-28,2480.0,PE,ASIANPAINT26APR2480PE,0.0,0.0,0.0,58.0,0.0,58.0,2432.1,105.65,0,0,0,0.0,0,F1,250,,,,,
2026-02-18,2026-02-18,FO,NSE,STO,69292,,ASIANPAINT,,2026-03-30,2026-03-30,2320.0,CE,ASIANPAINT26MAR2320CE,0.0,0.0,0.0,481.5,0.0,481.5,2432.1,149.95,0,0,0,0.0,0,F1,250,,,,,
2026-02-18,2026-02-18,FO,NSE,STO,74830,,ASIANPAINT,,2026-02-24,2026-02-24,2200.0,CE,ASIANPAINT26FEB2200CE,0.0,0.0,0.0,233.3,233.3,233.3,2432.1,234.1,500,0,0,0.0,0,F1,250,,,,,
2026-02-18,2026-02-18,FO,NSE,STO,68933,,ASIANPAINT,,2026-02-24,2026-02-24,2300.0,CE,ASIANPAINT26FEB2300CE,130.15,136.5,122.05,135.65,136.4,142.35,2432.1,135.65,31250,-2500,67,40678275.0,45,F1,250,,,,,
2026-02-18,2026-02-18,FO,NSE,STO,69015,,ASIANPAINT,,2026-02-24,2026-02-24,2500.0,CE,ASIANPAINT26FEB2500CE,12.0,12.85,4.3,5.65,5.75,10.2,2432.1,5.65,857750,-6500,4000,2506794262.5,3085,F1,250,,,,,
2026-02-18,2026-02-18,FO,NSE,STO,74951,,ASIANPAINT,,2026-02-24,2026-02-24,2800.0,CE,ASIANPAINT26FEB2800CE,0.95,0.95,0.35,0.45,0.45,0.9,2432.1,0.45,418000,-24000,189,132322437.5,116,F1,250,,,,,
2026-02-18,2026-02-18,FO,NSE,STO,75005,,ASIANPAINT,,2026-02-24,2026-02-24,3160.0,CE,ASIANPAINT26FEB3160CE,0.0,0.0,0.0,0.5,0.5,0.5,2432.1,0.05,4000,0,0,0.0,0,F1,250,,,,,
2026-02-18,2026-02-18,FO,NSE,STO,75007,,ASIANPAINT,,2026-02-24,2026-02-24,3200.0,CE,ASIANPAINT26FEB3200CE,0.2,0.2,0.15,0.15,0.15,0.25,2432.1,0.05,58500,-250,41,32802037.5,2,F1,250,,,,,
2026-02-18,2026-02-18,FO,NSE,STO,69135,,ASIANPAINT,,2026-02-24,2026-02-24,2940.0,PE,ASIANPAINT26FEB2940PE,0.0,0.0,0.0,539.15,539.15,539.15,2432.1,505.25,4250,0,0,0.0,0,F1,250,,,,,
2026-02-18,2026-02-18,FO,NSE,STO,69133,,ASIANPAINT,,2026-02-24,2026-02-24,2900.0,PE,ASIANPAINT26FEB2900PE,463.6,473.0,459.5,465.0,465.0,462.0,2432.1,465.3,30750,-10750,48,40407512.5,37,F1,250,,,,,
2026-02-18,2026-02-18,FO,NSE,STO,69128,,ASIANPAINT,,2026-02-24,2026-02-24,2820.0,PE,ASIANPAINT26FEB2820PE,385.9,385.9,385.9,385.9,385.9,383.35,2432.1,385.35,8750,0,1,801475.0,1,F1,250,,,,,
2026-02-18,2026-02-18,FO,NSE,STO,82649,,ASIANPAINT,,2026-04-28,2026-04-28,2440.0,CE,ASIANPAINT26APR2440CE,0.0,0.0,0.0,266.95,0.0,266.95,2432.1,102.25,0,0,0,0.0,0,F1,250,,,,,
2026-02-18,2026-02-18,FO,NSE,STO,69286,,ASIANPAINT,,2026-03-30,2026-03-30,2200.0,CE,ASIANPAINT26MAR2200CE,0.0,0.0,0.0,593.9,0.0,593.9,2432.1,250.95,0,0,0,0.0,0,F1,250,,,,,
2026-02-18,2026-02-18,FO,NSE,STO,69251,,ASIANPAINT,,2026-03-30,2026-03-30,2040.0,CE,ASIANPAINT26MAR2040CE,0.0,0.0,0.0,749.05,0.0,749.05,2432.1,404.7,0,0,0,0.0,0,F1,250,,,,,
2026-02-18,2026-02-18,FO,NSE,STO,69194,,ASIANPAINT,,2026-02-24,2026-02-24,3100.0,CE,ASIANPAINT26FEB3100CE,0.2,0.2,0.2,0.2,0.2,0.2,2432.1,0.05,27750,-3750,15,11625750.0,8,F1,250,,,,,
2026-02-18,2026-02-18,FO,NSE,STO,68925,,ASIANPAINT,,2026-02-24,2026-02-24,2180.0,CE,ASIANPAINT26FEB2180CE,0.0,0.0,0.0,598.95,0.0,598.95,2432.1,254.05,0,0,0,0.0,0,F1,250,,,,,
2026-02-18,2026-02-18,FO,NSE,STO,74828,,ASIANPAINT,,2026-02-24,2026-02-24,2160.0,CE,ASIANPAINT26FEB2160CE,0.0,0.0,0.0,278.35,278.35,278.35,2432.1,274.05,500,0,0,0.0,0,F1,250,,,,,
2026-02-18,2026-02-18,FO,NSE,STO,74820,,ASIANPAINT,,2026-02-24,2026-02-24,2000.0,CE,ASIANPAINT26FEB2000CE,0.0,0.0,0.0,906.05,0.0,906.05,2432.1,433.9,0,0,0,0.0,0,F1,250,,,,,
2026-02-18,2026-02-18,FO,NSE,STO,82674,,ASIANPAINT,,2026-04-28,2026-04-28,2800.0,PE,ASIANPAINT26APR2800PE,0.0,0.0,0.0,214.2,0.0,214.2,2432.1,349.15,0,0,0,0.0,0,F1,250,,,,,
2026-02-18,2026-02-18,FO,NSE,STO,82535,,ASIANPAINT,,2026-03-30,2026-03-30,2780.0,PE,ASIANPAINT26MAR2780PE,0.0,0.0,0.0,188.2,0.0,188.2,2432.1,334.4,0,0,0,0.0,0,F1,250,,,,,
2026-02-18,2026-02-18,FO,NSE,STO,74958,,ASIANPAINT,,2026-02-24,2026-02-24,2920.0,PE,ASIANPAINT26FEB2920PE,0.0,0.0,0.0,488.0,488.0,488.0,2432.1,485.25,3000,0,0,0.0,0,F1,250,,,,,
2026-02-18,2026-02-18,FO,NSE,STO,74948,,ASIANPAINT,,2026-02-24,2026-02-24,2720.0,PE,ASIANPAINT26FEB2720PE,0.0,0.0,0.0,326.55,326.55,326.55,2432.1,285.45,71750,0,0,0.0,0,F1,250,,,,,
2026-02-18,2026-02-18,FO,NSE,STO,82647,,ASIANPAINT,,2026-04-28,2026-04-28,2400.0,CE,ASIANPAINT26APR2400CE,0.0,0.0,0.0,296.6,0.0,296.6,2432.1,123.8,0,0,0,0.0,0,F1,250,,,,,
2026-02-18,2026-02-18,FO,NSE,STO,82528,,ASIANPAINT,,2026-03-30,2026-03-30,2700.0,CE,ASIANPAINT26MAR2700CE,9.7,9.7,7.4,8.15,8.2,10.1,2432.1,8.15,77250,17250,151,102234137.5,123,F1,250,,,,,
2026-02-18,2026-02-18,FO,NSE,STO,82524,,ASIANPAINT,,2026-03-30,2026-03-30,2620.0,CE,ASIANPAINT26MAR2620CE,17.0,17.0,14.55,15.55,15.55,14.5,2432.1,15.55,14500,1250,11,7246900.0,10,F1,250,,,,,
2026-02-18,2026-02-18,FO,NSE,STO,69302,,ASIANPAINT,,2026-03-30,2026-03-30,2520.0,CE,ASIANPAINT26MAR2520CE,0.0,0.0,0.0,44.25,44.25,44.25,2432.1,41.75,500,0,0,0.0,0,F1,250,,,,,
2026-02-18,2026-02-18,FO,NSE,STO,82516,,ASIANPAINT,,2026-03-30,2026-03-30,2460.0,CE,ASIANPAINT26MAR2460CE,61.6,61.6,54.85,57.4,57.4,66.45,2432.1,57.4,10500,1250,14,8814162.5,14,F1,250,,,,,
2026-02-18,2026-02-18,FO,NSE,STO,69252,,ASIANPAINT,,2026-03-30,2026-03-30,2040.0,PE,ASIANPAINT26MAR2040PE,0.0,0.0,0.0,0.5,0.0,0.5,2432.1,0.35,0,0,0,0.0,0,F1,250,,,,,
2026-02-18,2026-02-18,FO,NSE,STO,82648,,ASIANPAINT,,2026-04-28,2026-04-28,2400.0,PE,ASIANPAINT26APR2400PE,0.0,0.0,0.0,90.0,90.0,90.0,2432.1,66.85,250,0,0,0.0,0,F1,250,,,,,
2026-02-18,2026-02-18,FO,NSE,STO,69298,,ASIANPAINT,,2026-03-30,2026-03-30,2440.0,CE,ASIANPAINT26MAR2440CE,72.6,76.0,62.95,68.85,69.0,75.4,2432.1,68.85,18750,5500,73,45766162.5,54,F1,250,,,,,
2026-02-18,2026-02-18,FO,NSE,STO,42181,,ASIANPAINT,,2026-02-24,2026-02-24,2040.0,CE,ASIANPAINT26FEB2040CE,0.0,0.0,0.0,764.45,0.0,764.45,2432.1,393.95,0,0,0,0.0,0,F1,250,,,,,
2026-02-18,2026-02-18,FO,NSE,STO,69306,,ASIANPAINT,,2026-03-30,2026-03-30,2600.0,CE,ASIANPAINT26MAR2600CE,21.6,22.0,16.7,18.1,18.25,22.05,2432.1,18.1,104250,6500,208,136165037.5,159,F1,250,,,,,
2026-02-18,2026-02-18,FO,NSE,STF,66713,,ASIANPAINT,,2026-04-28,2026-04-28,,,ASIANPAINT26APRFUT,2469.5,2471.5,2450.0,2463.7,2464.0,2469.5,2432.1,2463.7,89750,-500,57,35083500.0,57,F1,250,,,,,
2026-02-18,2026-02-18,FO,NSE,STO,69182,,ASIANPAINT,,2026-02-24,2026-02-24,3020.0,CE,ASIANPAINT26FEB3020CE,0.1,0.2,0.1,0.2,0.2,0.2,2432.1,0.2,5750,0,4,3020150.0,4,F1,250,,,,,
2026-02-18,2026-02-18,FO,NSE,STO,74955,,ASIANPAINT,,2026-02-24,2026-02-24,2880.0,CE,ASIANPAINT26FEB2880CE,0.2,0.2,0.2,0.2,0.2,0.55,2432.1,0.2,40000,0,4,2880200.0,2,F1,250,,,,,
2026-02-18,2026-02-18,FO,NSE,STO,74847,,ASIANPAINT,,2026-02-24,2026-02-24,2480.0,CE,ASIANPAINT26FEB2480CE,16.1,16.1,6.35,8.65,8.65,14.4,2432.1,8.65,325250,28250,2487,1547874200.0,1951,F1,250,,,,,
2026-02-18,2026-02-18,FO,NSE,STO,74839,,ASIANPAINT,,2026-02-24,2026-02-24,2320.0,CE,ASIANPAINT26FEB2320CE,0.0,0.0,0.0,124.45,125.7,124.45,2432.1,115.45,28750,0,0,0.0,0,F1,250,,,,,
2026-02-18,2026-02-18,FO,NSE,STO,74997,,ASIANPAINT,,2026-02-24,2026-02-24,3000.0,CE,ASIANPAINT26FEB3000CE,0.2,0.3,0.15,0.15,0.15,0.25,2432.1,0.05,144500,-19000,118,88506537.5,45,F1,250,,,,,
2026-02-18,2026-02-18,FO,NSE,STO,82638,,ASIANPAINT,,2026-04-28,2026-04-28,2200.0,PE,ASIANPAINT26APR2200PE,0.0,0.0,0.0,8.95,0.0,8.95,2432.1,13.9,0,0,0,0.0,0,F1,250,,,,,
2026-02-18,2026-02-18,FO,NSE,STO,69324,,ASIANPAINT,,2026-03-30,2026-03-30,2800.0,PE,ASIANPAINT26MAR2800PE,350.0,363.45,345.0,356.5,356.5,345.0,2432.1,353.6,12500,6000,28,22075037.5,17,F1,250,,,,,
2026-02-18,2026-02-18,FO,NSE,STO,69318,,ASIANPAINT,,2026-03-30,2026-03-30,2760.0,PE,ASIANPAINT26MAR2760PE,0.0,0.0,0.0,345.0,345.0,345.0,2432.1,315.35,500,0,0,0.0,0,F1,250,,,,,
2026-02-18,2026-02-18,FO,NSE,STO,69187,,ASIANPAINT,,2026-02-24,2026-02-24,3020.0,PE,ASIANPAINT26FEB3020PE,0.0,0.0,0.0,340.0,340.0,340.0,2432.1,585.15,250,0,0,0.0,0,F1,250,,,,,
2026-02-18,2026-02-18,FO,NSE,STO,74960,,ASIANPAINT,,2026-02-24,2026-02-24,2960.0,PE,ASIANPAINT26FEB2960PE,0.0,0.0,0.0,200.0,200.0,200.0,2432.1,525.25,1250,0,0,0.0,0,F1,250,,,,,
2026-02-18,2026-02-18,FO,NSE,STO,69120,,ASIANPAINT,,2026-02-24,2026-02-24,2700.0,PE,ASIANPAINT26FEB2700PE,257.7,276.9,257.7,263.9,263.95,260.8,2432.1,263.9,163000,-2250,13,9639900.0,13,F1,250,,,,,
2026-02-18,2026-02-18,FO,NSE,STO,82645,,ASIANPAINT,,2026-04-28,2026-04-28,2360.0,CE,ASIANPAINT26APR2360CE,0.0,0.0,0.0,327.85,0.0,327.85,2432.1,148.0,0,0,0,0.0,0,F1,250,,,,,
2026-02-18,2026-02-18,FO,NSE,STO,82643,,ASIANPAINT,,2026-04-28,2026-04-28,2320.0,CE,ASIANPAINT26APR2320CE,0.0,0.0,0.0,360.5,0.0,360.5,2432.1,174.8,0,0,0,0.0,0,F1,250,,,,,
2026-02-18,2026-02-18,FO,NSE,STO,82622,,ASIANPAINT,,2026-04-28,2026-04-28,2000.0,CE,ASIANPAINT26APR2000CE,0.0,0.0,0.0,654.7,0.0,654.7,2432.1,454.05,0,0,0,0.0,0,F1,250,,,,,
2026-02-18,2026-02-18,FO,NSE,STO,69311,,ASIANPAINT,,2026-03-30,2026-03-30,2680.0,CE,ASIANPAINT26MAR2680CE,0.0,0.0,0.0,10.0,10.0,10.0,2432.1,9.7,2250,0,0,0.0,0,F1,250,,,,,
2026-02-18,2026-02-18,FO,NSE,STO,69300,,ASIANPAINT,,2026-03-30,2026-03-30,2480.0,CE,ASIANPAINT26MAR2480CE,0.0,0.0,0.0,343.05,0.0,343.05,2432.1,56.5,0,0,0,0.0,0,F1,250,,,,,
2026-02-18,2026-02-18,FO,NSE,STO,74947,,ASIANPAINT,,2026-02-24,2026-02-24,2720.0,CE,ASIANPAINT26FEB2720CE,1.0,1.2,0.65,0.7,0.65,1.3,2432.1,0.7,117750,-8250,138,93870612.5,79,F1,250,,,,,
2026-02-18,2026-02-18,FO,NSE,STO,69249,,ASIANPAINT,,2026-03-30,2026-03-30,2000.0,CE,ASIANPAINT26MAR2000CE,0.0,0.0,0.0,788.25,0.0,788.25,2432.1,444.25,0,0,0,0.0,0,F1,250,,,,,
2026-02-18,2026-02-18,FO,NSE,STO,69334,,ASIANPAINT,,2026-03-30,2026-03-30,2880.0,CE,ASIANPAINT26MAR2880CE,0.0,0.0,0.0,3.45,3.45,3.45,2432.1,0.9,2750,0,0,0.0,0,F1,250,,,,,
2026-02-18,2026-02-18,FO,NSE,STO,69497,,ASIANPAINT,,2026-03-30,2026-03-30,3040.0,CE,ASIANPAINT26MAR3040CE,0.0,0.0,0.0,3.6,3.6,3.6,2432.1,0.1,13000,0,0,0.0,0,F1,250,,,,,
2026-02-18,2026-02-18,FO,NSE,STO,74857,,ASIANPAINT,,2026-02-24,2026-02-24,2640.0,CE,ASIANPAINT26FEB2640CE,1.65,1.8,0.85,0.95,1.0,2.05,2432.1,0.95,194750,-99500,1066,703865350.0,378,F1,250,,,,,
2026-02-18,2026-02-18,FO,NSE,STO,82642,,ASIANPAINT,,2026-04-28,2026-04-28,2280.0,PE,ASIANPAINT26APR2280PE,0.0,0.0,0.0,16.7,0.0,16.7,2432.1,28.3,0,0,0,0.0,0,F1,250,,,,,
2026-02-18,2026-02-18,FO,NSE,STO,82629,,ASIANPAINT,,2026-04-28,2026-04-28,2120.0,PE,ASIANPAINT26APR2120PE,0.0,0.0,0.0,4.4,0.0,4.4,2432.1,5.95,0,0,0,0.0,0,F1,250,,,,,
2026-02-18,2026-02-18,FO,NSE,STO,69467,,ASIANPAINT,,2026-03-30,2026-03-30,2920.0,PE,ASIANPAINT26MAR2920PE,0.0,0.0,0.0,206.5,0.0,206.5,2432.1,470.9,0,0,0,0.0,0,F1,250,,,,,
2026-02-18,2026-02-18,FO,NSE,STO,82533,,ASIANPAINT,,2026-03-30,2026-03-30,2740.0,PE,ASIANPAINT26MAR2740PE,302.0,302.0,302.0,302.0,302.0,161.7,2432.1,296.5,250,250,1,760500.0,1,F1,250,,,,,
2026-02-18,2026-02-18,FO,NSE,STO,82525,,ASIANPAINT,,2026-03-30,2026-03-30,2620.0,PE,ASIANPAINT26MAR2620PE,185.0,185.0,179.2,179.2,179.2,189.0,2432.1,189.75,750,0,2,1401050.0,2,F1,250,,,,,
2026-02-18,2026-02-18,FO,NSE,STO,74861,,ASIANPAINT,,2026-02-24,2026-02-24,2680.0,PE,ASIANPAINT26FEB2680PE,0.0,0.0,0.0,273.3,277.4,273.3,2432.1,245.5,36750,0,0,0.0,0,F1,250,,,,,
2026-02-18,2026-02-18,FO,NSE,STO,74854,,ASIANPAINT,,2026-02-24,2026-02-24,2600.0,PE,ASIANPAINT26FEB2600PE,165.55,175.9,165.0,170.0,170.0,161.45,2432.1,165.8,133250,-10500,66,45686862.5,55,F1,250,,,,,
2026-02-18,2026-02-18,FO,NSE,STO,82630,,ASIANPAINT,,2026-04-28,2026-04-28,2160.0,CE,ASIANPAINT26APR2160CE,0.0,0.0,0.0,502.2,0.0,502.2,2432.1,303.7,0,0,0,0.0,0,F1,250,,,,,
2026-02-18,2026-02-18,FO,NSE,STO,82662,,ASIANPAINT,,2026-04-28,2026-04-28,2680.0,PE,ASIANPAINT26APR2680PE,0.0,0.0,0.0,141.95,0.0,141.95,2432.1,244.9,0,0,0,0.0,0,F1,250,,,,,
2026-02-18,2026-02-18,FO,NSE,STF,51773,,ASIANPAINT,,2026-03-30,2026-03-30,,,ASIANPAINT26MARFUT,2458.6,2461.9,2432.9,2448.1,2449.1,2452.4,2432.1,2448.1,1174250,294250,2093,1279336275.0,1527,F1,250,,,,,
2026-02-18,2026-02-18,FO,NSE,STO,69447,,ASIANPAINT,,2026-03-30,2026-03-30,2880.0,PE,ASIANPAINT26MAR2880PE,0.0,0.0,0.0,181.5,0.0,181.5,2432.1,431.5,0,0,0,0.0,0,F1,250,,,,,
2026-02-18,2026-02-18,FO,NSE,STO,82640,,ASIANPAINT,,2026-04-28,2026-04-28,2240.0,PE,ASIANPAINT26APR2240PE,0.0,0.0,0.0,12.35,0.0,12.35,2432.1,20.15,0,0,0,0.0,0,F1,250,,,,,
2026-02-18,2026-02-18,FO,NSE,STO,82646,,ASIANPAINT,,2026-04-28,2026-04-28,2360.0,PE,ASIANPAINT26APR2360PE,0.0,0.0,0.0,28.9,0.0,28.9,2432.1,51.5,0,0,0,0.0,0,F1,250,,,,,
2026-02-18,2026-02-18,FO,NSE,STO,82660,,ASIANPAINT,,2026-04-28,2026-04-28,2640.0,PE,ASIANPAINT26APR2640PE,0.0,0.0,0.0,121.45,0.0,121.45,2432.1,212.95,0,0,0,0.0,0,F1,250,,,,,
2026-02-18,2026-02-18,FO,NSE,STO,46514,,ASIANPAINT,,2026-02-24,2026-02-24,2120.0,CE,ASIANPAINT26FEB2120CE,0.0,0.0,0.0,703.15,0.0,703.15,2432.1,314.0,0,0,0,0.0,0,F1,250,,,,,
2026-02-18,2026-02-18,FO,NSE,STO,68934,,ASIANPAINT,,2026-02-24,2026-02-24,2300.0,PE,ASIANPAINT26FEB2300PE,2.8,2.8,1.3,1.4,1.4,2.8,2432.1,1.4,153750,-30750,1062,611140512.5,713,F1,250,,,,,
2026-02-18,2026-02-18,FO,NSE,STO,68928,,ASIANPAINT,,2026-02-24,2026-02-24,2180.0,PE,ASIANPAINT26FEB2180PE,0.4,0.6,0.35,0.4,0.35,0.95,2432.1,0.4,108000,-750,10,5451125.0,7,F1,250,,,,,
2026-02-18,2026-02-18,FO,NSE,STO,82534,,ASIANPAINT,,2026-03-30,2026-03-30,2780.0,CE,ASIANPAINT26MAR2780CE,0.0,0.0,0.0,60.05,0.0,60.05,2432.1,3.2,0,0,0,0.0,0,F1,250,,,,,
2026-02-18,2026-02-18,FO,NSE,STO,82502,,ASIANPAINT,,2026-03-30,2026-03-30,2180.0,CE,ASIANPAINT26MAR2180CE,0.0,0.0,0.0,468.7,0.0,468.7,2432.1,269.4,0,0,0,0.0,0,F1,250,,,,,
2026-02-18,2026-02-18,FO,NSE,STO,74999,,ASIANPAINT,,2026-02-24,2026-02-24,3040.0,CE,ASIANPAINT26FEB3040CE,0.0,0.0,0.0,0.5,0.5,0.5,2432.1,0.05,4000,0,0,0.0,0,F1,250,,,,,
2026-02-18,2026-02-18,FO,NSE,STO,74957,,ASIANPAINT,,2026-02-24,2026-02-24,2920.0,CE,ASIANPAINT26FEB2920CE,0.25,0.25,0.25,0.25,0.25,0.7,2432.1,0.25,43500,0,10,7300625.0,7,F1,250,,,,,
2026-02-18,2026-02-18,FO,NSE,STO,74853,,ASIANPAINT,,2026-02-24,2026-02-24,2600.0,CE,ASIANPAINT26FEB2600CE,2.4,2.55,1.1,1.35,1.55,2.75,2432.1,1.35,527250,-750,2281,1483556725.0,1425,F1,250,,,,,
2026-02-18,2026-02-18,FO,NSE,STO,82527,,ASIANPAINT,,2026-03-30,2026-03-30,2660.0,PE,ASIANPAINT26MAR2660PE,0.0,0.0,0.0,115.0,0.0,115.0,2432.1,223.8,0,0,0,0.0,0,F1,250,,,,,
2026-02-18,2026-02-18,FO,NSE,STO,82537,,ASIANPAINT,,2026-03-30,2026-03-30,2820.0,PE,ASIANPAINT26MAR2820PE,0.0,0.0,0.0,216.55,0.0,216.55,2432.1,372.9,0,0,0,0.0,0,F1,250,,,,,
2026-02-18,2026-02-18,FO,NSE,STO,74852,,ASIANPAINT,,2026-02-24,2026-02-24,2560.0,PE,ASIANPAINT26FEB2560PE,133.0,141.35,126.6,132.0,132.0,127.3,2432.1,126.7,29250,-3500,21,14140687.5,21,F1,250,,,,,
2026-02-18,2026-02-18,FO,NSE,STO,69480,,ASIANPAINT,,2026-03-30,2026-03-30,3000.0,CE,ASIANPAINT26MAR3000CE,2.95,3.9,2.0,2.3,2.3,2.75,2432.1,2.3,70500,0,35,26273300.0,27,F1,250,,,,,
2026-02-18,2026-02-18,FO,NSE,STO,69315,,ASIANPAINT,,2026-03-30,2026-03-30,2720.0,CE,ASIANPAINT26MAR2720CE,8.15,8.55,7.1,7.1,7.1,8.55,2432.1,6.35,3000,1000,5,3409862.5,4,F1,250,,,,,
2026-02-18,2026-02-18,FO,NSE,STO,82532,,ASIANPAINT,,2026-03-30,2026-03-30,2740.0,CE,ASIANPAINT26MAR2740CE,0.0,0.0,0.0,8.3,8.3,8.3,2432.1,5.05,1750,0,0,0.0,0,F1,250,,,,,
2026-02-18,2026-02-18,FO,NSE,STO,68939,,ASIANPAINT,,2026-02-24,2026-02-24,2420.0,CE,ASIANPAINT26FEB2420CE,46.05,46.1,23.6,30.6,30.9,40.1,2432.1,30.6,216000,-44750,2000,1225469625.0,1685,F1,250,,,,,
2026-02-18,2026-02-18,FO,NSE,STO,68936,,ASIANPAINT,,2026-02-24,2026-02-24,2340.0,PE,ASIANPAINT26FEB2340PE,3.9,4.1,2.35,2.5,2.4,4.55,2432.1,2.5,133250,-22500,665,389556687.5,551,F1,250,,,,,
2026-02-18,2026-02-18,FO,NSE,STO,46515,,ASIANPAINT,,2026-02-24,2026-02-24,2120.0,PE,ASIANPAINT26FEB2120PE,0.4,0.45,0.25,0.45,0.45,0.35,2432.1,0.05,32000,0,19,10071675.0,13,F1,250,,,,,
2026-02-18,2026-02-18,FO,NSE,STO,74842,,ASIANPAINT,,2026-02-24,2026-02-24,2360.0,PE,ASIANPAINT26FEB2360PE,5.95,6.35,3.55,3.75,3.6,6.35,2432.1,3.75,104250,-1000,1025,606049600.0,857,F1,250,,,,,
2026-02-18,2026-02-18,FO,NSE,STO,74850,,ASIANPAINT,,2026-02-24,2026-02-24,2520.0,PE,ASIANPAINT26FEB2520PE,84.6,102.4,82.75,89.0,89.0,87.55,2432.1,89.45,93250,-9250,90,58752275.0,90,F1,250,,,,,
2026-02-18,2026-02-18,FO,NSE,STO,74851,,ASIANPAINT,,2026-02-24,2026-02-24,2560.0,CE,ASIANPAINT26FEB2560CE,4.45,4.5,1.6,2.05,2.1,4.1,2432.1,2.05,157750,-12750,1179,755302950.0,784,F1,250,,,,,
2026-02-18,2026-02-18,FO,NSE,STO,69314,,ASIANPAINT,,2026-03-30,2026-03-30,2680.0,PE,ASIANPAINT26MAR2680PE,0.0,0.0,0.0,82.7,0.0,82.7,2432.1,241.5,0,0,0,0.0,0,F1,250,,,,,
2026-02-18,2026-02-18,FO,NSE,STO,82507,,ASIANPAINT,,2026-03-30,2026-03-30,2260.0,PE,ASIANPAINT26MAR2260PE,12.35,14.0,10.95,11.15,11.1,14.35,2432.1,11.15,27000,2500,16,9089125.0,15,F1,250,,,,,
2026-02-18,2026-02-18,FO,NSE,STO,82501,,ASIANPAINT,,2026-03-30,2026-03-30,2140.0,PE,ASIANPAINT26MAR2140PE,0.0,0.0,0.0,1.95,0.0,1.95,2432.1,2.25,0,0,0,0.0,0,F1,250,,,,,
2026-02-18,2026-02-18,FO,NSE,STO,74998,,ASIANPAINT,,2026-02-24,2026-02-24,3000.0,PE,ASIANPAINT26FEB3000PE,570.0,576.0,570.0,576.0,576.0,561.05,2432.1,565.2,14500,-750,3,2679075.0,3,F1,250,,,,,
2026-02-18,2026-02-18,FO,NSE,STO,74954,,ASIANPAINT,,2026-02-24,2026-02-24,2840.0,PE,ASIANPAINT26FEB2840PE,0.0,0.0,0.0,403.15,403.15,403.15,2432.1,405.35,17250,0,0,0.0,0,F1,250,,,,,
2026-02-18,2026-02-18,FO,NSE,STO,69116,,ASIANPAINT,,2026-02-24,2026-02-24,2620.0,PE,ASIANPAINT26FEB2620PE,0.0,0.0,0.0,185.0,185.0,185.0,2432.1,185.65,82000,0,0,0.0,0,F1,250,,,,,
2026-02-18,2026-02-18,FO,NSE,STO,69114,,ASIANPAINT,,2026-02-24,2026-02-24,2580.0,PE,ASIANPAINT26FEB2580PE,150.0,160.95,145.6,156.15,156.15,149.95,2432.1,146.1,24250,-1000,6,4103612.5,6,F1,250,,,,,
2026-02-18,2026-02-18,FO,NSE,STO,74840,,ASIANPAINT,,2026-02-24,2026-02-24,2320.0,PE,ASIANPAINT26FEB2320PE,3.0,3.15,1.7,1.85,1.7,3.5,2432.1,1.85,37250,-9250,503,292044112.5,340,F1,250,,,,,
2026-02-18,2026-02-18,FO,NSE,STO,82653,,ASIANPAINT,,2026-04-28,2026-04-28,2520.0,CE,ASIANPAINT26APR2520CE,0.0,0.0,0.0,212.45,0.0,212.45,2432.1,67.1,0,0,0,0.0,0,F1,250,,,,,
2026-02-18,2026-02-18,FO,NSE,STO,82637,,ASIANPAINT,,2026-04-28,2026-04-28,2200.0,CE,ASIANPAINT26APR2200CE,0.0,0.0,0.0,465.45,0.0,465.45,2432.1,268.75,0,0,0,0.0,0,F1,250,,,,,
2026-02-18,2026-02-18,FO,NSE,STO,69468,,ASIANPAINT,,2026-03-30,2026-03-30,2960.0,CE,ASIANPAINT26MAR2960CE,0.0,0.0,0.0,4.7,4.7,4.7,2432.1,0.3,10250,0,0,0.0,0,F1,250,,,,,
2026-02-18,2026-02-18,FO,NSE,STO,69448,,ASIANPAINT,,2026-03-30,2026-03-30,2920.0,CE,ASIANPAINT26MAR2920CE,0.0,0.0,0.0,0.3,0.3,0.3,2432.1,0.5,750,0,0,0.0,0,F1,250,,,,,
2026-02-18,2026-02-18,FO,NSE,STO,69296,,ASIANPAINT,,2026-03-30,2026-03-30,2400.0,CE,ASIANPAINT26MAR2400CE,95.15,98.05,82.9,90.7,91.0,97.85,2432.1,90.7,146000,11250,274,170544662.5,177,F1,250,,,,,
2026-02-18,2026-02-18,FO,NSE,STO,82510,,ASIANPAINT,,2026-03-30,2026-03-30,2340.0,CE,ASIANPAINT26MAR2340CE,0.0,0.0,0.0,322.35,0.0,322.35,2432.1,135.3,0,0,0,0.0,0,F1,250,,,,,
2026-02-18,2026-02-18,FO,NSE,STO,56905,,ASIANPAINT,,2026-03-30,2026-03-30,1960.0,CE,ASIANPAINT26MAR1960CE,0.0,0.0,0.0,738.15,0.0,738.15,2432.1,483.95,0,0,0,0.0,0,F1,250,,,,,
2026-02-18,2026-02-18,FO,NSE,STO,75021,,ASIANPAINT,,2026-02-24,2026-02-24,3280.0,CE,ASIANPAINT26FEB3280CE,0.2,0.2,0.2,0.2,0.2,0.4,2432.1,0.2,21000,-1000,4,3280200.0,2,F1,250,,,,,
2026-02-18,2026-02-18,FO,NSE,STO,75003,,ASIANPAINT,,2026-02-24,2026-02-24,3120.0,CE,ASIANPAINT26FEB3120CE,0.0,0.0,0.0,0.3,0.3,0.3,2432.1,0.05,1750,0,0,0.0,0,F1,250,,,,,
2026-02-18,2026-02-18,FO,NSE,STO,69132,,ASIANPAINT,,2026-02-24,2026-02-24,2900.0,CE,ASIANPAINT26FEB2900CE,0.2,0.3,0.15,0.2,0.2,0.45,2432.1,0.2,309000,-15250,139,100781912.5,61,F1,250,,,,,
2026-02-18,2026-02-18,FO,NSE,STO,69129,,ASIANPAINT,,2026-02-24,2026-02-24,2860.0,CE,ASIANPAINT26FEB2860CE,0.35,0.35,0.1,0.1,0.1,0.4,2432.1,0.1,164000,-250,49,35037775.0,28,F1,250,,,,,
2026-02-18,2026-02-18,FO,NSE,STO,69113,,ASIANPAINT,,2026-02-24,2026-02-24,2580.0,CE,ASIANPAINT26FEB2580CE,3.15,3.15,1.25,1.45,1.5,3.25,2432.1,1.45,263250,-2250,667,430523750.0,545,F1,250,,,,,
2026-02-18,2026-02-18,FO,NSE,STO,69017,,ASIANPAINT,,2026-02-24,2026-02-24,2540.0,CE,ASIANPAINT26FEB2540CE,5.8,5.8,2.05,2.5,2.65,5.2,2432.1,2.5,160500,-32750,1967,1250532412.5,1028,F1,250,,,,,
2026-02-18,2026-02-18,FO,NSE,STO,69291,,ASIANPAINT,,2026-03-30,2026-03-30,2280.0,PE,ASIANPAINT26MAR2280PE,0.0,0.0,0.0,6.35,0.0,6.35,2432.1,15.5,0,0,0,0.0,0,F1,250,,,,,
2026-02-18,2026-02-18,FO,NSE,STO,82623,,ASIANPAINT,,2026-04-28,2026-04-28,2000.0,PE,ASIANPAINT26APR2000PE,0.0,0.0,0.0,1.25,0.0,1.25,2432.1,1.25,0,0,0,0.0,0,F1,250,,,,,
2026-02-18,2026-02-18,FO,NSE,STO,82619,,ASIANPAINT,,2026-04-28,2026-04-28,1920.0,PE,ASIANPAINT26APR1920PE,0.0,0.0,0.0,0.5,0.0,0.5,2432.1,0.35,0,0,0,0.0,0,F1,250,,,,,
2026-02-18,2026-02-18,FO,NSE,STO,69125,,ASIANPAINT,,2026-02-24,2026-02-24,2780.0,CE,ASIANPAINT26FEB2780CE,0.6,0.6,0.45,0.45,0.45,1.2,2432.1,0.05,91250,-9750,42,29195175.0,15,F1,250,,,,,
2026-02-18,2026-02-18,FO,NSE,STO,69310,,ASIANPAINT,,2026-03-30,2026-03-30,2640.0,PE,ASIANPAINT26MAR2640PE,198.0,198.0,198.0,198.0,198.0,220.0,2432.1,206.55,1000,750,3,2128500.0,1,F1,250,,,,,
2026-02-18,2026-02-18,FO,NSE,STO,82517,,ASIANPAINT,,2026-03-30,2026-03-30,2460.0,PE,ASIANPAINT26MAR2460PE,0.0,0.0,0.0,37.55,0.0,37.55,2432.1,78.25,0,0,0,0.0,0,F1,250,,,,,
2026-02-18,2026-02-18,FO,NSE,STO,69299,,ASIANPAINT,,2026-03-30,2026-03-30,2440.0,PE,ASIANPAINT26MAR2440PE,58.95,67.8,58.3,60.0,60.0,62.0,2432.1,67.9,13750,2750,21,13140537.5,21,F1,250,,,,,
2026-02-18,2026-02-18,FO,NSE,STO,69281,,ASIANPAINT,,2026-03-30,2026-03-30,2080.0,PE,ASIANPAINT26MAR2080PE,0.0,0.0,0.0,0.85,0.0,0.85,2432.1,0.8,0,0,0,0.0,0,F1,250,,,,,
2026-02-18,2026-02-18,FO,NSE,STO,69250,,ASIANPAINT,,2026-03-30,2026-03-30,2000.0,PE,ASIANPAINT26MAR2000PE,0.0,0.0,0.0,0.3,0.0,0.3,2432.1,0.15,0,0,0,0.0,0,F1,250,,,,,
2026-02-18,2026-02-18,FO,NSE,STO,74844,,ASIANPAINT,,2026-02-24,2026-02-24,2400.0,PE,ASIANPAINT26FEB2400PE,13.5,16.0,9.05,9.7,9.6,13.6,2432.1,9.7,378750,-27000,3834,2311781637.5,2758,F1,250,,,,,
2026-02-18,2026-02-18,FO,NSE,STO,74829,,ASIANPAINT,,2026-02-24,2026-02-24,2160.0,PE,ASIANPAINT26FEB2160PE,0.7,0.7,0.5,0.5,0.5,0.9,2432.1,0.5,43250,-2750,19,10262575.0,11,F1,250,,,,,
2026-02-18,2026-02-18,FO,NSE,STO,68924,,ASIANPAINT,,2026-02-24,2026-02-24,2140.0,PE,ASIANPAINT26FEB2140PE,0.0,0.0,0.0,0.55,0.55,0.55,2432.1,0.05,250,0,0,0.0,0,F1,250,,,,,
2026-02-18,2026-02-18,FO,NSE,STO,74843,,ASIANPAINT,,2026-02-24,2026-02-24,2400.0,CE,ASIANPAINT26FEB2400CE,57.95,61.05,34.75,43.9,44.2,53.3,2432.1,43.9,367000,-114000,1781,1088340600.0,1539,F1,250,,,,,
2026-02-18,2026-02-18,FO,NSE,STO,68922,,ASIANPAINT,,2026-02-24,2026-02-24,2100.0,PE,ASIANPAINT26FEB2100PE,0.35,0.5,0.3,0.3,0.3,0.55,2432.1,0.3,485250,-1750,180,94517812.5,68,F1,250,,,,,
2026-02-18,2026-02-18,FO,NSE,STO,42182,,ASIANPAINT,,2026-02-24,2026-02-24,2040.0,PE,ASIANPAINT26FEB2040PE,0.0,0.0,0.0,0.25,0.0,0.25,2432.1,0.05,0,0,0,0.0,0,F1,250,,,,,
2026-02-18,2026-02-18,FO,NSE,STO,82665,,ASIANPAINT,,2026-04-28,2026-04-28,2760.0,CE,ASIANPAINT26APR2760CE,0.0,0.0,0.0,93.5,0.0,93.5,2432.1,13.9,0,0,0,0.0,0,F1,250,,,,,
2026-02-18,2026-02-18,FO,NSE,STO,82657,,ASIANPAINT,,2026-04-28,2026-04-28,2600.0,CE,ASIANPAINT26APR2600CE,0.0,0.0,0.0,165.4,0.0,165.4,2432.1,41.8,0,0,0,0.0,0,F1,250,,,,,
2026-02-18,2026-02-18,FO,NSE,STO,82641,,ASIANPAINT,,2026-04-28,2026-04-28,2280.0,CE,ASIANPAINT26APR2280CE,0.0,0.0,0.0,394.45,0.0,394.45,2432.1,204.0,0,0,0,0.0,0,F1,250,,,,,
2026-02-18,2026-02-18,FO,NSE,STO,82628,,ASIANPAINT,,2026-04-28,2026-04-28,2120.0,CE,ASIANPAINT26APR2120CE,0.0,0.0,0.0,539.65,0.0,539.65,2432.1,340.0,0,0,0,0.0,0,F1,250,,,,,
2026-02-18,2026-02-18,FO,NSE,STO,69308,,ASIANPAINT,,2026-03-30,2026-03-30,2640.0,CE,ASIANPAINT26MAR2640CE,16.9,16.9,12.05,13.0,13.15,16.0,2432.1,13.0,21500,750,60,39796550.0,52,F1,250,,,,,
2026-02-18,2026-02-18,FO,NSE,STO,69304,,ASIANPAINT,,2026-03-30,2026-03-30,2560.0,CE,ASIANPAINT26MAR2560CE,28.1,28.1,23.9,24.35,24.35,30.15,2432.1,30.1,17750,0,21,13571750.0,19,F1,250,,,,,
2026-02-18,2026-02-18,FO,NSE,STO,69290,,ASIANPAINT,,2026-03-30,2026-03-30,2280.0,CE,ASIANPAINT26MAR2280CE,0.0,0.0,0.0,518.4,0.0,518.4,2432.1,181.3,0,0,0,0.0,0,F1,250,,,,,
2026-02-18,2026-02-18,FO,NSE,STO,74860,,ASIANPAINT,,2026-02-24,2026-02-24,2680.0,CE,ASIANPAINT26FEB2680CE,1.35,1.4,0.8,0.95,0.95,1.6,2432.1,0.95,67000,-4500,43,28821012.5,34,F1,250,,,,,
2026-02-18,2026-02-18,FO,NSE,STO,82664,,ASIANPAINT,,2026-04-28,2026-04-28,2720.0,PE,ASIANPAINT26APR2720PE,0.0,0.0,0.0,164.3,0.0,164.3,2432.1,278.4,0,0,0,0.0,0,F1,250,,,,,
2026-02-18,2026-02-18,FO,NSE,STO,82651,,ASIANPAINT,,2026-04-28,2026-04-28,2480.0,CE,ASIANPAINT26APR2480CE,0.0,0.0,0.0,238.75,0.0,238.75,2432.1,83.4,0,0,0,0.0,0,F1,250,,,,,
2026-02-18,2026-02-18,FO,NSE,STO,74835,,ASIANPAINT,,2026-02-24,2026-02-24,2240.0,PE,ASIANPAINT26FEB2240PE,1.1,1.3,0.8,0.9,1.1,1.8,2432.1,0.9,46500,-4250,124,69469525.0,80,F1,250,,,,,
2026-02-18,2026-02-18,FO,NSE,STO,69012,,ASIANPAINT,,2026-02-24,2026-02-24,2420.0,PE,ASIANPAINT26FEB2420PE,14.65,24.85,14.6,16.15,16.0,20.25,2432.1,16.15,178750,-9000,2212,1349284487.5,1954,F1,250,,,,,
2026-02-18,2026-02-18,FO,NSE,STO,69016,,ASIANPAINT,,2026-02-24,2026-02-24,2500.0,PE,ASIANPAINT26FEB2500PE,64.3,85.15,61.55,71.05,70.0,69.7,2432.1,71.05,129750,-14000,228,146844525.0,155,F1,250,,,,,
2026-02-18,2026-02-18,FO,NSE,STO,82503,,ASIANPAINT,,2026-03-30,2026-03-30,2180.0,PE,ASIANPAINT26MAR2180PE,0.0,0.0,0.0,3.1,0.0,3.1,2432.1,4.2,0,0,0,0.0,0,F1,250,,,,,
2026-02-18,2026-02-18,FO,NSE,STO,82531,,ASIANPAINT,,2026-03-30,2026-03-30,2700.0,PE,ASIANPAINT26MAR2700PE,250.0,265.0,249.2,264.0,264.0,292.0,2432.1,259.55,7250,6750,29,21451150.0,27,F1,250,,,,,
2026-02-18,2026-02-18,FO,NSE,STO,69301,,ASIANPAINT,,2026-03-30,2026-03-30,2480.0,PE,ASIANPAINT26MAR2480PE,0.0,0.0,0.0,84.7,84.7,84.7,2432.1,89.5,250,0,0,0.0,0,F1,250,,,,,
2026-02-18,2026-02-18,FO,NSE,STO,69297,,ASIANPAINT,,2026-03-30,2026-03-30,2400.0,PE,ASIANPAINT26MAR2400PE,44.2,49.5,41.35,41.9,42.0,44.75,2432.1,41.9,179250,3500,200,122239125.0,145,F1,250,,,,,
2026-02-18,2026-02-18,FO,NSE,STF,59210,,ASIANPAINT,,2026-02-24,2026-02-24,,,ASIANPAINT26FEBFUT,2450.0,2453.2,2419.2,2434.6,2435.7,2440.0,2432.1,2434.6,13041750,-486750,3829,2328645875.0,3245,F1,250,,,,,
2026-02-18,2026-02-18,FO,NSE,STO,68935,,ASIANPAINT,,2026-02-24,2026-02-24,2340.0,CE,ASIANPAINT26FEB2340CE,101.5,104.35,92.9,96.5,96.5,104.65,2432.1,96.75,40500,-1250,10,6093087.5,10,F1,250,,,,,
2026-02-18,2026-02-18,FO,NSE,STO,68937,,ASIANPAINT,,2026-02-24,2026-02-24,2380.0,CE,ASIANPAINT26FEB2380CE,69.45,71.0,48.75,60.7,61.15,68.55,2432.1,60.7,98500,-11250,244,148810312.5,238,F1,250,,,,,
2026-02-18,2026-02-18,FO,NSE,STO,74845,,ASIANPAINT,,2026-02-24,2026-02-24,2440.0,CE,ASIANPAINT26FEB2440CE,30.95,35.0,15.45,20.6,20.45,29.1,2432.1,20.6,350500,-35250,4445,2735434262.5,3569,F1,250,,,,,
2026-02-18,2026-02-18,FO,NSE,STO,69115,,ASIANPAINT,,2026-02-24,2026-02-24,2620.0,CE,ASIANPAINT26FEB2620CE,1.45,2.15,1.0,1.15,1.25,2.35,2432.1,1.15,117000,-12500,456,298824112.5,270,F1,250,,,,,
2026-02-18,2026-02-18,FO,NSE,STO,69119,,ASIANPAINT,,2026-02-24,2026-02-24,2700.0,CE,ASIANPAINT26FEB2700CE,1.7,1.7,0.7,0.8,0.85,1.45,2432.1,0.8,651250,-1000,1040,702232775.0,437,F1,250,,,,,
2026-02-18,2026-02-18,FO,NSE,STO,69121,,ASIANPAINT,,2026-02-24,2026-02-24,2740.0,CE,ASIANPAINT26FEB2740CE,1.1,1.1,0.4,0.55,0.55,1.4,2432.1,0.55,99500,-1500,39,26721475.0,31,F1,250,,,,,
2026-02-18,2026-02-18,FO,NSE,STO,82512,,ASIANPAINT,,2026-03-30,2026-03-30,2380.0,CE,ASIANPAINT26MAR2380CE,108.6,108.6,108.6,108.6,108.6,108.6,2432.1,108.6,1500,750,4,2488600.0,3,F1,250,,,,,
2026-02-18,2026-02-18,FO,NSE,STO,82514,,ASIANPAINT,,2026-03-30,2026-03-30,2420.0,CE,ASIANPAINT26MAR2420CE,82.95,82.95,75.6,79.8,79.8,83.0,2432.1,79.8,7000,0,6,3747975.0,6,F1,250,,,,,
2026-02-18,2026-02-18,FO,NSE,STO,82522,,ASIANPAINT,,2026-03-30,2026-03-30,2580.0,CE,ASIANPAINT26MAR2580CE,24.7,25.4,20.15,20.8,20.8,26.0,2432.1,25.3,12750,2500,39,25363125.0,35,F1,250,,,,,
2026-02-18,2026-02-18,FO,NSE,STO,82521,,ASIANPAINT,,2026-03-30,2026-03-30,2540.0,PE,ASIANPAINT26MAR2540PE,0.0,0.0,0.0,61.8,0.0,61.8,2432.1,128.2,0,0,0,0.0,0,F1,250,,,,,
2026-02-18,2026-02-18,FO,NSE,STO,82515,,ASIANPAINT,,2026-03-30,2026-03-30,2420.0,PE,ASIANPAINT26MAR2420PE,52.95,52.95,49.65,49.9,50.15,28.3,2432.1,49.9,750,750,3,1853187.5,3,F1,250,,,,,
2026-02-18,2026-02-18,FO,NSE,STO,82504,,ASIANPAINT,,2026-03-30,2026-03-30,2220.0,CE,ASIANPAINT26MAR2220CE,0.0,0.0,0.0,430.85,0.0,430.85,2432.1,232.8,0,0,0,0.0,0,F1,250,,,,,
2026-02-18,2026-02-18,FO,NSE,STO,82658,,ASIANPAINT,,2026-04-28,2026-04-28,2600.0,PE,ASIANPAINT26APR2600PE,0.0,0.0,0.0,102.75,0.0,102.75,2432.1,182.85,0,0,0,0.0,0,F1,250,,,,,
2026-02-18,2026-02-18,FO,NSE,STO,74952,,ASIANPAINT,,2026-02-24,2026-02-24,2800.0,PE,ASIANPAINT26FEB2800PE,359.35,380.3,359.0,363.45,363.45,359.55,2432.1,363.45,118250,-4000,18,14250950.0,13,F1,250,,,,,
2026-02-18,2026-02-18,FO,NSE,STO,82650,,ASIANPAINT,,2026-04-28,2026-04-28,2440.0,PE,ASIANPAINT26APR2440PE,0.0,0.0,0.0,46.8,0.0,46.8,2432.1,84.9,0,0,0,0.0,0,F1,250,,,,,
2026-02-18,2026-02-18,FO,NSE,STO,69131,,ASIANPAINT,,2026-02-24,2026-02-24,2860.0,PE,ASIANPAINT26FEB2860PE,0.0,0.0,0.0,422.65,422.65,422.65,2432.1,425.3,1500,0,0,0.0,0,F1,250,,,,,
2026-02-18,2026-02-18,FO,NSE,STO,69305,,ASIANPAINT,,2026-03-30,2026-03-30,2560.0,PE,ASIANPAINT26MAR2560PE,0.0,0.0,0.0,45.2,0.0,45.2,2432.1,142.6,0,0,0,0.0,0,F1,250,,,,,
2026-02-18,2026-02-18,FO,NSE,STO,69326,,ASIANPAINT,,2026-03-30,2026-03-30,2840.0,PE,ASIANPAINT26MAR2840PE,0.0,0.0,0.0,358.0,358.0,358.0,2432.1,392.35,500,0,0,0.0,0,F1,250,,,,,
2026-02-18,2026-02-18,FO,NSE,STO,82539,,ASIANPAINT,,2026-03-30,2026-03-30,2860.0,PE,ASIANPAINT26MAR2860PE,0.0,0.0,0.0,246.7,0.0,246.7,2432.1,411.9,0,0,0,0.0,0,F1,250,,,,,
2026-02-18,2026-02-18,FO,NSE,STO,82627,,ASIANPAINT,,2026-04-28,2026-04-28,2080.0,PE,ASIANPAINT26APR2080PE,0.0,0.0,0.0,2.95,0.0,2.95,2432.1,3.7,0,0,0,0.0,0,F1,250,,,,,
2026-02-18,2026-02-18,FO,NSE,STO,68931,,ASIANPAINT,,2026-02-24,2026-02-24,2260.0,CE,ASIANPAINT26FEB2260CE,0.0,0.0,0.0,144.85,143.7,144.85,2432.1,174.25,2000,0,0,0.0,0,F1,250,,,,,
2026-02-18,2026-02-18,FO,NSE,STO,82636,,ASIANPAINT,,2026-04-28,2026-04-28,2160.0,PE,ASIANPAINT26APR2160PE,0.0,0.0,0.0,6.35,0.0,6.35,2432.1,9.25,0,0,0,0.0,0,F1,250,,,,,
2026-02-18,2026-02-18,FO,NSE,STO,82654,,ASIANPAINT,,2026-04-28,2026-04-28,2520.0,PE,ASIANPAINT26APR2520PE,0.0,0.0,0.0,71.05,0.0,71.05,2432.1,128.95,0,0,0,0.0,0,F1,250,,,,,
2026-02-18,2026-02-18,FO,NSE,STO,82656,,ASIANPAINT,,2026-04-28,2026-04-28,2560.0,PE,ASIANPAINT26APR2560PE,0.0,0.0,0.0,86.0,0.0,86.0,2432.1,154.75,0,0,0,0.0,0,F1,250,,,,,
2026-02-18,2026-02-18,FO,NSE,STO,82678,,ASIANPAINT,,2026-04-28,2026-04-28,2880.0,PE,ASIANPAINT26APR2880PE,0.0,0.0,0.0,270.6,0.0,270.6,2432.1,423.45,0,0,0,0.0,0,F1,250,,,,,
2026-02-18,2026-02-18,FO,NSE,STO,74849,,ASIANPAINT,,2026-02-24,2026-02-24,2520.0,CE,ASIANPAINT26FEB2520CE,7.1,7.2,2.8,3.6,3.85,7.1,2432.1,3.6,559000,-45750,2282,1439957375.0,1538,F1,250,,,,,
2026-02-18,2026-02-18,FO,NSE,STO,69127,,ASIANPAINT,,2026-02-24,2026-02-24,2820.0,CE,ASIANPAINT26FEB2820CE,0.7,0.7,0.2,0.25,0.25,0.7,2432.1,0.25,102000,0,56,39484100.0,29,F1,250,,,,,
2026-02-18,2026-02-18,FO,NSE,STO,69307,,ASIANPAINT,,2026-03-30,2026-03-30,2600.0,PE,ASIANPAINT26MAR2600PE,167.0,172.5,167.0,168.0,168.0,172.5,2432.1,168.0,7750,5500,24,16612225.0,13,F1,250,,,,,
2026-02-18,2026-02-18,FO,NSE,STO,74859,,ASIANPAINT,,2026-02-24,2026-02-24,2640.0,PE,ASIANPAINT26FEB2640PE,202.0,213.2,202.0,208.0,208.0,204.85,2432.1,205.55,28500,-1250,5,3556800.0,3,F1,250,,,,,
2026-02-18,2026-02-18,FO,NSE,STO,82666,,ASIANPAINT,,2026-04-28,2026-04-28,2760.0,PE,ASIANPAINT26APR2760PE,0.0,0.0,0.0,188.4,0.0,188.4,2432.1,313.25,0,0,0,0.0,0,F1,250,,,,,
2026-02-18,2026-02-18,FO,NSE,STO,69197,,ASIANPAINT,,2026-02-24,2026-02-24,3100.0,PE,ASIANPAINT26FEB3100PE,0.0,0.0,0.0,720.0,720.0,720.0,2432.1,665.1,2250,0,0,0.0,0,F1,250,,,,,
2026-02-18,2026-02-18,FO,NSE,STO,69285,,ASIANPAINT,,2026-03-30,2026-03-30,2160.0,PE,ASIANPAINT26MAR2160PE,0.0,0.0,0.0,2.0,0.0,2.0,2432.1,3.1,0,0,0,0.0,0,F1,250,,,,,
2026-02-18,2026-02-18,FO,NSE,STO,82505,,ASIANPAINT,,2026-03-30,2026-03-30,2220.0,PE,ASIANPAINT26MAR2220PE,8.0,9.0,7.75,8.25,8.25,9.55,2432.1,7.4,6250,-4000,31,17269450.0,29,F1,250,,,,,
2026-02-18,2026-02-18,FO,NSE,STO,68938,,ASIANPAINT,,2026-02-24,2026-02-24,2380.0,PE,ASIANPAINT26FEB2380PE,7.85,10.05,5.5,5.85,5.75,9.3,2432.1,5.85,95250,-33000,1816,1084006562.5,1531,F1,250,,,,,
2026-02-18,2026-02-18,FO,NSE,STO,69288,,ASIANPAINT,,2026-03-30,2026-03-30,2240.0,CE,ASIANPAINT26MAR2240CE,0.0,0.0,0.0,555.9,0.0,555.9,2432.1,215.15,0,0,0,0.0,0,F1,250,,,,,
2026-02-18,2026-02-18,FO,NSE,STO,69294,,ASIANPAINT,,2026-03-30,2026-03-30,2360.0,CE,ASIANPAINT26MAR2360CE,0.0,0.0,0.0,445.4,0.0,445.4,2432.1,121.5,0,0,0,0.0,0,F1,250,,,,,
2026-02-18,2026-02-18,FO,NSE,STO,82520,,ASIANPAINT,,2026-03-30,2026-03-30,2540.0,CE,ASIANPAINT26MAR2540CE,37.25,37.25,28.7,30.3,30.85,36.3,2432.1,30.3,8000,6500,37,23779475.0,28,F1,250,,,,,
2026-02-18,2026-02-18,FO,NSE,STO,82526,,ASIANPAINT,,2026-03-30,2026-03-30,2660.0,CE,ASIANPAINT26MAR2660CE,13.35,13.35,10.6,11.1,11.3,13.65,2432.1,11.1,7500,750,23,15360500.0,21,F1,250,,,,,
2026-02-18,2026-02-18,FO,NSE,STO,69317,,ASIANPAINT,,2026-03-30,2026-03-30,2760.0,CE,ASIANPAINT26MAR2760CE,5.3,5.75,4.5,5.75,5.75,7.5,2432.1,4.05,3250,1750,10,6912950.0,7,F1,250,,,,,
2026-02-18,2026-02-18,FO,NSE,STO,82536,,ASIANPAINT,,2026-03-30,2026-03-30,2820.0,CE,ASIANPAINT26MAR2820CE,0.0,0.0,0.0,48.85,0.0,48.85,2432.1,1.95,0,0,0,0.0,0,F1,250,,,,,
2026-02-18,2026-02-18,FO,NSE,STO,82659,,ASIANPAINT,,2026-04-28,2026-04-28,2640.0,CE,ASIANPAINT26APR2640CE,0.0,0.0,0.0,144.65,0.0,144.65,2432.1,32.35,0,0,0,0.0,0,F1,250,,,,,
2026-02-18,2026-02-18,FO,NSE,STO,82661,,ASIANPAINT,,2026-04-28,2026-04-28,2680.0,CE,ASIANPAINT26APR2680CE,0.0,0.0,0.0,125.8,0.0,125.8,2432.1,24.75,0,0,0,0.0,0,F1,250,,,,,
2026-02-18,2026-02-18,FO,NSE,STO,82675,,ASIANPAINT,,2026-04-28,2026-04-28,2840.0,CE,ASIANPAINT26APR2840CE,0.0,0.0,0.0,67.9,0.0,67.9,2432.1,7.45,0,0,0,0.0,0,F1,250,,,,,
2026-02-18,2026-02-18,FO,NSE,STO,82677,,ASIANPAINT,,2026-04-28,2026-04-28,2880.0,CE,ASIANPAINT26APR2880CE,0.0,0.0,0.0,57.5,0.0,57.5,2432.1,5.35,0,0,0,0.0,0,F1,250,,,,,
2026-02-18,2026-02-18,FO,NSE,STO,68807,,ASIANPAINT,,2026-02-24,2026-02-24,1960.0,PE,ASIANPAINT26FEB1960PE,0.0,0.0,0.0,0.05,0.0,0.05,2432.1,0.05,0,0,0,0.0,0,F1,250,,,,,
2026-02-18,2026-02-18,FO,NSE,STO,74824,,ASIANPAINT,,2026-02-24,2026-02-24,2080.0,PE,ASIANPAINT26FEB2080PE,0.0,0.0,0.0,0.55,0.55,0.55,2432.1,0.05,500,0,0,0.0,0,F1,250,,,,,
2026-02-18,2026-02-18,FO,NSE,STO,74837,,ASIANPAINT,,2026-02-24,2026-02-24,2280.0,PE,ASIANPAINT26FEB2280PE,2.3,2.3,1.15,1.2,1.2,2.35,2432.1,1.2,76750,-16000,326,185944000.0,218,F1,250,,,,,
2026-02-18,2026-02-18,FO,NSE,STO,74848,,ASIANPAINT,,2026-02-24,2026-02-24,2480.0,PE,ASIANPAINT26FEB2480PE,54.1,66.4,50.3,53.5,52.3,54.5,2432.1,53.5,90750,-5000,269,170651262.5,266,F1,250,,,,,
2026-02-18,2026-02-18,FO,NSE,STO,69124,,ASIANPAINT,,2026-02-24,2026-02-24,2740.0,PE,ASIANPAINT26FEB2740PE,0.0,0.0,0.0,300.5,300.5,300.5,2432.1,305.4,34500,0,0,0.0,0,F1,250,,,,,
2026-02-18,2026-02-18,FO,NSE,STO,74950,,ASIANPAINT,,2026-02-24,2026-02-24,2760.0,PE,ASIANPAINT26FEB2760PE,329.0,329.0,329.0,329.0,329.0,384.5,2432.1,325.4,42500,-250,1,772250.0,1,F1,250,,,,,
2026-02-18,2026-02-18,FO,NSE,STO,74956,,ASIANPAINT,,2026-02-24,2026-02-24,2880.0,PE,ASIANPAINT26FEB2880PE,447.2,447.2,447.2,447.2,447.2,442.1,2432.1,445.3,3250,-250,1,831800.0,1,F1,250,,,,,
2026-02-18,2026-02-18,FO,NSE,STO,69199,,ASIANPAINT,,2026-02-24,2026-02-24,3140.0,PE,ASIANPAINT26FEB3140PE,0.0,0.0,0.0,355.4,355.4,355.4,2432.1,705.05,250,0,0,0.0,0,F1,250,,,,,
2026-02-18,2026-02-18,FO,NSE,STO,69287,,ASIANPAINT,,2026-03-30,2026-03-30,2200.0,PE,ASIANPAINT26MAR2200PE,6.7,7.9,6.25,6.5,6.5,7.75,2432.1,6.5,72750,21000,160,88265737.5,92,F1,250,,,,,
2026-02-18,2026-02-18,FO,NSE,STO,82509,,ASIANPAINT,,2026-03-30,2026-03-30,2300.0,PE,ASIANPAINT26MAR2300PE,18.0,20.3,16.25,16.5,16.25,18.35,2432.1,16.5,92250,15250,137,79389337.5,116,F1,250,,,,,
2026-02-18,2026-02-18,FO,NSE,STO,82519,,ASIANPAINT,,2026-03-30,2026-03-30,2500.0,PE,ASIANPAINT26MAR2500PE,94.0,100.5,91.3,93.5,93.0,93.65,2432.1,93.5,32500,7000,37,24006525.0,31,F1,250,,,,,
2026-02-18,2026-02-18,FO,NSE,STO,82523,,ASIANPAINT,,2026-03-30,2026-03-30,2580.0,PE,ASIANPAINT26MAR2580PE,0.0,0.0,0.0,77.25,0.0,77.25,2432.1,157.7,0,0,0,0.0,0,F1,250,,,,,
2026-02-18,2026-02-18,FO,NSE,STO,69316,,ASIANPAINT,,2026-03-30,2026-03-30,2720.0,PE,ASIANPAINT26MAR2720PE,0.0,0.0,0.0,98.85,0.0,98.85,2432.1,277.9,0,0,0,0.0,0,F1,250,,,,,
2026-02-18,2026-02-18,FO,NSE,STO,82644,,ASIANPAINT,,2026-04-28,2026-04-28,2320.0,PE,ASIANPAINT26APR2320PE,0.0,0.0,0.0,22.2,0.0,22.2,2432.1,38.7,0,0,0,0.0,0,F1,250,,,,,
2026-02-18,2026-02-18,FO,NSE,STO,74823,,ASIANPAINT,,2026-02-24,2026-02-24,2080.0,CE,ASIANPAINT26FEB2080CE,0.0,0.0,0.0,827.45,0.0,827.45,2432.1,354.0,0,0,0,0.0,0,F1,250,,,,,
2026-02-18,2026-02-18,FO,NSE,STO,68923,,ASIANPAINT,,2026-02-24,2026-02-24,2140.0,CE,ASIANPAINT26FEB2140CE,0.0,0.0,0.0,638.35,0.0,638.35,2432.1,294.05,0,0,0,0.0,0,F1,250,,,,,
2026-02-18,2026-02-18,FO,NSE,STO,68929,,ASIANPAINT,,2026-02-24,2026-02-24,2220.0,CE,ASIANPAINT26FEB2220CE,0.0,0.0,0.0,559.7,0.0,559.7,2432.1,214.1,0,0,0,0.0,0,F1,250,,,,,
2026-02-18,2026-02-18,FO,NSE,STO,69013,,ASIANPAINT,,2026-02-24,2026-02-24,2460.0,CE,ASIANPAINT26FEB2460CE,23.0,24.5,9.9,13.2,13.3,20.5,2432.1,13.2,267750,-9000,2833,1752398887.5,2453,F1,250,,,,,
2026-02-18,2026-02-18,FO,NSE,STO,74953,,ASIANPAINT,,2026-02-24,2026-02-24,2840.0,CE,ASIANPAINT26FEB2840CE,0.2,0.25,0.1,0.15,0.15,0.5,2432.1,0.15,181500,0,53,37632237.5,26,F1,250,,,,,
2026-02-18,2026-02-18,FO,NSE,STO,69134,,ASIANPAINT,,2026-02-24,2026-02-24,2940.0,CE,ASIANPAINT26FEB2940CE,0.2,0.25,0.2,0.25,0.25,0.3,2432.1,0.05,8500,-3500,18,13230925.0,14,F1,250,,,,,
2026-02-18,2026-02-18,FO,NSE,STO,74959,,ASIANPAINT,,2026-02-24,2026-02-24,2960.0,CE,ASIANPAINT26FEB2960CE,0.0,0.0,0.0,0.5,0.5,0.5,2432.1,0.05,23000,0,0,0.0,0,F1,250,,,,,
2026-02-18,2026-02-18,FO,NSE,STO,69198,,ASIANPAINT,,2026-02-24,2026-02-24,3140.0,CE,ASIANPAINT26FEB3140CE,0.9,0.9,0.05,0.15,0.15,0.8,2432.1,0.15,2250,-3500,36,28261075.0,17,F1,250,,,,,
2026-02-18,2026-02-18,FO,NSE,STO,75017,,ASIANPAINT,,2026-02-24,2026-02-24,3240.0,CE,ASIANPAINT26FEB3240CE,0.0,0.0,0.0,0.3,0.3,0.3,2432.1,0.05,7500,0,0,0.0,0,F1,250,,,,,
2026-02-18,2026-02-18,FO,NSE,STO,69282,,ASIANPAINT,,2026-03-30,2026-03-30,2120.0,CE,ASIANPAINT26MAR2120CE,0.0,0.0,0.0,671.0,0.0,671.0,2432.1,326.45,0,0,0,0.0,0,F1,250,,,,,
2026-02-18,2026-02-18,FO,NSE,STO,82500,,ASIANPAINT,,2026-03-30,2026-03-30,2140.0,CE,ASIANPAINT26MAR2140CE,0.0,0.0,0.0,507.15,0.0,507.15,2432.1,307.2,0,0,0,0.0,0,F1,250,,,,,
2026-02-18,2026-02-18,FO,NSE,STO,68930,,ASIANPAINT,,2026-02-24,2026-02-24,2220.0,PE,ASIANPAINT26FEB2220PE,0.85,0.95,0.5,0.6,0.5,1.4,2432.1,0.6,29750,-500,19,10548725.0,11,F1,250,,,,,
2026-02-18,2026-02-18,FO,NSE,STO,68806,,ASIANPAINT,,2026-02-24,2026-02-24,1960.0,CE,ASIANPAINT26FEB1960CE,0.0,0.0,0.0,816.45,0.0,816.45,2432.1,473.85,0,0,0,0.0,0,F1,250,,,,,
2026-02-18,2026-02-18,FO,NSE,STO,74834,,ASIANPAINT,,2026-02-24,2026-02-24,2240.0,CE,ASIANPAINT26FEB2240CE,0.0,0.0,0.0,177.15,177.15,177.15,2432.1,194.15,2500,0,0,0.0,0,F1,250,,,,,
2026-02-18,2026-02-18,FO,NSE,STO,74836,,ASIANPAINT,,2026-02-24,2026-02-24,2280.0,CE,ASIANPAINT26FEB2280CE,0.0,0.0,0.0,142.9,142.9,142.9,2432.1,154.4,3000,0,0,0.0,0,F1,250,,,,,
2026-02-18,2026-02-18,FO,NSE,STO,74841,,ASIANPAINT,,2026-02-24,2026-02-24,2360.0,CE,ASIANPAINT26FEB2360CE,85.05,85.75,66.6,78.05,79.4,86.1,2432.1,78.05,58000,-3000,33,20099612.5,33,F1,250,,,,,
2026-02-18,2026-02-18,FO,NSE,STO,69117,,ASIANPAINT,,2026-02-24,2026-02-24,2660.0,CE,ASIANPAINT26FEB2660CE,1.25,1.55,0.85,0.9,1.05,1.75,2432.1,0.9,79250,-15750,138,91804675.0,72,F1,250,,,,,
2026-02-18,2026-02-18,FO,NSE,STO,74949,,ASIANPAINT,,2026-02-24,2026-02-24,2760.0,CE,ASIANPAINT26FEB2760CE,0.75,1.1,0.6,0.65,0.65,1.25,2432.1,0.65,139750,-10000,216,149078075.0,113,F1,250,,,,,
2026-02-18,2026-02-18,FO,NSE,STO,69138,,ASIANPAINT,,2026-02-24,2026-02-24,2980.0,CE,ASIANPAINT26FEB2980CE,0.0,0.0,0.0,0.85,0.85,0.85,2432.1,0.05,7750,0,0,0.0,0,F1,250,,,,,
2026-02-18,2026-02-18,FO,NSE,STO,82122,,BRITANNIA,,2026-02-24,2026-02-24,7000.0,CE,BRITANNIA26FEB7000CE,1.0,1.0,0.7,0.9,0.9,1.9,6176.0,0.9,7000,375,45,39379925.0,39,F1,125,,,,,
2026-02-18,2026-02-18,FO,NSE,STO,82120,,BRITANNIA,,2026-02-24,2026-02-24,6900.0,CE,BRITANNIA26FEB6900CE,0.8,0.8,0.8,0.8,0.8,0.8,6176.0,0.05,2875,-125,1,862600.0,1,F1,125,,,,,
2026-02-18,2026-02-18,FO,NSE,STO,81790,,BRITANNIA,,2026-02-24,2026-02-24,6450.0,CE,BRITANNIA26FEB6450CE,8.4,8.4,5.5,6.1,5.75,8.4,6176.0,6.1,24875,2375,115,92810906.25,103,F1,125,,,,,
2026-02-18,2026-02-18,FO,NSE,STO,82046,,BRITANNIA,,2026-02-24,2026-02-24,6200.0,CE,BRITANNIA26FEB6200CE,49.9,59.85,37.2,48.45,46.4,52.75,6176.0,48.45,96875,7375,3970,3101373012.5,3205,F1,125,,,,,
2026-02-18,2026-02-18,FO,NSE,STO,81782,,BRITANNIA,,2026-02-24,2026-02-24,6050.0,CE,BRITANNIA26FEB6050CE,132.9,155.05,112.5,142.45,143.05,132.9,6176.0,142.45,19750,-2375,191,147692368.75,179,F1,125,,,,,
2026-02-18,2026-02-18,FO,NSE,STO,82039,,BRITANNIA,,2026-02-24,2026-02-24,6000.0,CE,BRITANNIA26FEB6000CE,170.0,196.8,145.7,183.85,182.7,171.85,6176.0,183.85,178375,-40750,615,474947137.5,395,F1,125,,,,,
2026-02-18,2026-02-18,FO,NSE,STO,81780,,BRITANNIA,,2026-02-24,2026-02-24,5950.0,CE,BRITANNIA26FEB5950CE,205.0,229.0,197.7,229.0,229.0,189.35,6176.0,229.0,11375,-375,7,5396012.5,7,F1,125,,,,,
2026-02-18,2026-02-18,FO,NSE,STO,81774,,BRITANNIA,,2026-02-24,2026-02-24,5650.0,CE,BRITANNIA26FEB5650CE,0.0,0.0,0.0,286.75,286.75,286.75,6176.0,531.1,1000,0,0,0.0,0,F1,125,,,,,
2026-02-18,2026-02-18,FO,NSE,STO,82004,,BRITANNIA,,2026-02-24,2026-02-24,5400.0,CE,BRITANNIA26FEB5400CE,0.0,0.0,0.0,688.15,688.15,688.15,6176.0,780.9,500,0,0,0.0,0,F1,125,,,,,
2026-02-18,2026-02-18,FO,NSE,STF,66734,,BRITANNIA,,2026-04-28,2026-04-28,,,BRITANNIA26APRFUT,6208.0,6250.0,6208.0,6240.0,6240.0,6208.0,6176.0,6240.0,5500,875,12,9354500.0,10,F1,125,,,,,
2026-02-18,2026-02-18,FO,NSE,STO,94769,,BRITANNIA,,2026-04-28,2026-04-28,6400.0,PE,BRITANNIA26APR6400PE,0.0,0.0,0.0,544.5,0.0,544.5,6176.0,306.55,0,0,0,0.0,0,F1,125,,,,,
2026-02-18,2026-02-18,FO,NSE,STO,94757,,BRITANNIA,,2026-04-28,2026-04-28,5800.0,PE,BRITANNIA26APR5800PE,0.0,0.0,0.0,197.7,0.0,197.7,6176.0,58.9,0,0,0,0.0,0,F1,125,,,,,
2026-02-18,2026-02-18,FO,NSE,STO,94727,,BRITANNIA,,2026-04-28,2026-04-28,5000.0,PE,BRITANNIA26APR5000PE,0.0,0.0,0.0,19.2,0.0,19.2,6176.0,0.9,0,0,0,0.0,0,F1,125,,,,,
2026-02-18,2026-02-18,FO,NSE,STO,82224,,BRITANNIA,,2026-03-30,2026-03-30,5900.0,PE,BRITANNIA26MAR5900PE,60.0,60.0,46.75,53.5,53.5,60.0,6176.0,50.4,1750,1500,15,11158850.0,13,F1,125,,,,,
2026-02-18,2026-02-18,FO,NSE,STO,82216,,BRITANNIA,,2026-03-30,2026-03-30,5500.0,PE,BRITANNIA26MAR5500PE,0.0,0.0,0.0,68.65,68.65,68.65,6176.0,5.15,250,0,0,0.0,0,F1,125,,,,,
2026-02-18,2026-02-18,FO,NSE,STO,82212,,BRITANNIA,,2026-03-30,2026-03-30,5300.0,PE,BRITANNIA26MAR5300PE,0.0,0.0,0.0,15.0,15.0,15.0,6176.0,1.1,1375,0,0,0.0,0,F1,125,,,,,
2026-02-18,2026-02-18,FO,NSE,STO,82100,,BRITANNIA,,2026-02-24,2026-02-24,6600.0,PE,BRITANNIA26FEB6600PE,0.0,0.0,0.0,670.0,670.0,670.0,6176.0,418.35,125,0,0,0.0,0,F1,125,,,,,
2026-02-18,2026-02-18,FO,NSE,STO,81783,,BRITANNIA,,2026-02-24,2026-02-24,6050.0,PE,BRITANNIA26FEB6050PE,37.15,44.3,22.5,23.7,23.8,41.4,6176.0,23.7,30375,1875,741,563143293.75,676,F1,125,,,,,
2026-02-18,2026-02-18,FO,NSE,STO,81993,,BRITANNIA,,2026-02-24,2026-02-24,4800.0,PE,BRITANNIA26FEB4800PE,0.0,0.0,0.0,10.9,0.0,10.9,6176.0,0.05,0,0,0,0.0,0,F1,125,,,,,
2026-02-18,2026-02-18,FO,NSE,STO,82258,,BRITANNIA,,2026-03-30,2026-03-30,6800.0,CE,BRITANNIA26MAR6800CE,0.0,0.0,0.0,76.0,0.0,76.0,6176.0,17.55,0,0,0,0.0,0,F1,125,,,,,
2026-02-18,2026-02-18,FO,NSE,STO,94764,,BRITANNIA,,2026-04-28,2026-04-28,6200.0,CE,BRITANNIA26APR6200CE,0.0,0.0,0.0,189.45,0.0,189.45,6176.0,235.85,0,0,0,0.0,0,F1,125,,,,,
2026-02-18,2026-02-18,FO,NSE,STO,94740,,BRITANNIA,,2026-04-28,2026-04-28,5500.0,CE,BRITANNIA26APR5500CE,0.0,0.0,0.0,567.5,0.0,567.5,6176.0,749.9,0,0,0,0.0,0,F1,125,,,,,
2026-02-18,2026-02-18,FO,NSE,STO,94337,,BRITANNIA,,2026-03-30,2026-03-30,5650.0,CE,BRITANNIA26MAR5650CE,0.0,0.0,0.0,403.35,0.0,403.35,6176.0,573.6,0,0,0,0.0,0,F1,125,,,,,
2026-02-18,2026-02-18,FO,NSE,STO,82217,,BRITANNIA,,2026-03-30,2026-03-30,5600.0,CE,BRITANNIA26MAR5600CE,0.0,0.0,0.0,591.6,0.0,591.6,6176.0,619.7,0,0,0,0.0,0,F1,125,,,,,
2026-02-18,2026-02-18,FO,NSE,STO,94721,,BRITANNIA,,2026-04-28,2026-04-28,4800.0,PE,BRITANNIA26APR4800PE,0.0,0.0,0.0,8.3,0.0,8.3,6176.0,0.2,0,0,0,0.0,0,F1,125,,,,,
2026-02-18,2026-02-18,FO,NSE,STO,94492,,BRITANNIA,,2026-03-30,2026-03-30,6450.0,PE,BRITANNIA26MAR6450PE,0.0,0.0,0.0,566.7,0.0,566.7,6176.0,310.75,0,0,0,0.0,0,F1,125,,,,,
2026-02-18,2026-02-18,FO,NSE,STO,94416,,BRITANNIA,,2026-03-30,2026-03-30,6150.0,PE,BRITANNIA26MAR6150PE,140.0,140.0,134.2,134.2,134.2,186.15,6176.0,134.2,375,250,2,1571775.0,2,F1,125,,,,,
2026-02-18,2026-02-18,FO,NSE,STO,82231,,BRITANNIA,,2026-03-30,2026-03-30,6100.0,PE,BRITANNIA26MAR6100PE,0.0,0.0,0.0,285.3,0.0,285.3,6176.0,112.75,0,0,0,0.0,0,F1,125,,,,,
2026-02-18,2026-02-18,FO,NSE,STO,82227,,BRITANNIA,,2026-03-30,2026-03-30,6000.0,PE,BRITANNIA26MAR6000PE,90.0,90.0,70.95,74.6,76.0,89.9,6176.0,74.6,7000,1750,73,55463631.25,62,F1,125,,,,,
2026-02-18,2026-02-18,FO,NSE,STO,82214,,BRITANNIA,,2026-03-30,2026-03-30,5400.0,PE,BRITANNIA26MAR5400PE,0.0,0.0,0.0,54.15,0.0,54.15,6176.0,2.45,0,0,0,0.0,0,F1,125,,,,,
2026-02-18,2026-02-18,FO,NSE,STO,82117,,BRITANNIA,,2026-02-24,2026-02-24,6700.0,PE,BRITANNIA26FEB6700PE,0.0,0.0,0.0,803.15,0.0,803.15,6176.0,518.0,0,0,0,0.0,0,F1,125,,,,,
2026-02-18,2026-02-18,FO,NSE,STO,82089,,BRITANNIA,,2026-02-24,2026-02-24,6300.0,PE,BRITANNIA26FEB6300PE,170.0,170.0,148.15,153.05,155.7,183.25,6176.0,153.05,2750,375,11,8875487.5,11,F1,125,,,,,
2026-02-18,2026-02-18,FO,NSE,STO,81775,,BRITANNIA,,2026-02-24,2026-02-24,5650.0,PE,BRITANNIA26FEB5650PE,4.45,4.45,3.1,3.45,3.45,4.95,6176.0,3.45,7625,-2125,51,36041162.5,49,F1,125,,,,,
2026-02-18,2026-02-18,FO,NSE,STO,82009,,BRITANNIA,,2026-02-24,2026-02-24,5500.0,PE,BRITANNIA26FEB5500PE,2.2,2.85,2.2,2.85,2.85,3.3,6176.0,2.85,13125,250,53,36454387.5,51,F1,125,,,,,
2026-02-18,2026-02-18,FO,NSE,STO,81769,,BRITANNIA,,2026-02-24,2026-02-24,5350.0,PE,BRITANNIA26FEB5350PE,0.0,0.0,0.0,5.0,5.0,5.0,6176.0,0.05,0,0,0,0.0,0,F1,125,,,,,
2026-02-18,2026-02-18,FO,NSE,STO,82248,,BRITANNIA,,2026-03-30,2026-03-30,6600.0,PE,BRITANNIA26MAR6600PE,0.0,0.0,0.0,605.15,0.0,605.15,6176.0,426.65,0,0,0,0.0,0,F1,125,,,,,
2026-02-18,2026-02-18,FO,NSE,STO,81767,,BRITANNIA,,2026-02-24,2026-02-24,5250.0,PE,BRITANNIA26FEB5250PE,0.0,0.0,0.0,6.0,6.0,6.0,6176.0,0.05,3250,0,0,0.0,0,F1,125,,,,,
2026-02-18,2026-02-18,FO,NSE,STO,81999,,BRITANNIA,,2026-02-24,2026-02-24,5100.0,PE,BRITANNIA26FEB5100PE,0.8,3.2,0.2,0.8,0.8,1.05,6176.0,0.8,10250,6875,204,130093637.5,52,F1,125,,,,,
2026-02-18,2026-02-18,FO,NSE,STO,94728,,BRITANNIA,,2026-04-28,2026-04-28,5100.0,CE,BRITANNIA26APR5100CE,0.0,0.0,0.0,892.05,0.0,892.05,6176.0,1130.55,0,0,0,0.0,0,F1,125,,,,,
2026-02-18,2026-02-18,FO,NSE,STO,94421,,BRITANNIA,,2026-03-30,2026-03-30,6350.0,CE,BRITANNIA26MAR6350CE,98.0,98.0,98.0,98.0,98.0,105.0,6176.0,107.05,500,125,1,806000.0,1,F1,125,,,,,
2026-02-18,2026-02-18,FO,NSE,STO,82221,,BRITANNIA,,2026-03-30,2026-03-30,5800.0,CE,BRITANNIA26MAR5800CE,425.0,425.0,425.0,425.0,425.0,430.0,6176.0,442.1,2375,-250,2,1556250.0,2,F1,125,,,,,
2026-02-18,2026-02-18,FO,NSE,STO,94164,,BRITANNIA,,2026-03-30,2026-03-30,5150.0,CE,BRITANNIA26MAR5150CE,0.0,0.0,0.0,807.25,0.0,807.25,6176.0,1057.2,0,0,0,0.0,0,F1,125,,,,,
2026-02-18,2026-02-18,FO,NSE,STO,82083,,BRITANNIA,,2026-03-30,2026-03-30,4800.0,CE,BRITANNIA26MAR4800CE,0.0,0.0,0.0,1289.45,0.0,1289.45,6176.0,1404.85,0,0,0,0.0,0,F1,125,,,,,
2026-02-18,2026-02-18,FO,NSE,STO,94752,,BRITANNIA,,2026-04-28,2026-04-28,5600.0,PE,BRITANNIA26APR5600PE,0.0,0.0,0.0,125.25,0.0,125.25,6176.0,26.7,0,0,0,0.0,0,F1,125,,,,,
2026-02-18,2026-02-18,FO,NSE,STO,94736,,BRITANNIA,,2026-04-28,2026-04-28,5400.0,CE,BRITANNIA26APR5400CE,0.0,0.0,0.0,642.3,0.0,642.3,6176.0,842.25,0,0,0,0.0,0,F1,125,,,,,
2026-02-18,2026-02-18,FO,NSE,STO,82099,,BRITANNIA,,2026-02-24,2026-02-24,6600.0,CE,BRITANNIA26FEB6600CE,3.15,3.15,1.9,2.35,2.4,3.15,6176.0,2.35,95625,-10125,598,493526818.75,526,F1,125,,,,,
2026-02-18,2026-02-18,FO,NSE,STO,94494,,BRITANNIA,,2026-03-30,2026-03-30,6550.0,PE,BRITANNIA26MAR6550PE,0.0,0.0,0.0,648.65,0.0,648.65,6176.0,386.35,0,0,0,0.0,0,F1,125,,,,,
2026-02-18,2026-02-18,FO,NSE,STO,94389,,BRITANNIA,,2026-03-30,2026-03-30,6050.0,PE,BRITANNIA26MAR6050PE,0.0,0.0,0.0,287.4,0.0,287.4,6176.0,93.8,0,0,0,0.0,0,F1,125,,,,,
2026-02-18,2026-02-18,FO,NSE,STO,94165,,BRITANNIA,,2026-03-30,2026-03-30,5150.0,PE,BRITANNIA26MAR5150PE,0.0,0.0,0.0,17.4,0.0,17.4,6176.0,0.25,0,0,0,0.0,0,F1,125,,,,,
2026-02-18,2026-02-18,FO,NSE,STO,82084,,BRITANNIA,,2026-03-30,2026-03-30,4800.0,PE,BRITANNIA26MAR4800PE,0.0,0.0,0.0,5.35,0.0,5.35,6176.0,0.05,0,0,0,0.0,0,F1,125,,,,,
2026-02-18,2026-02-18,FO,NSE,STO,81798,,BRITANNIA,,2026-02-24,2026-02-24,6750.0,PE,BRITANNIA26FEB6750PE,0.0,0.0,0.0,713.75,0.0,713.75,6176.0,567.9,0,0,0,0.0,0,F1,125,,,,,
2026-02-18,2026-02-18,FO,NSE,STO,81771,,BRITANNIA,,2026-02-24,2026-02-24,5450.0,PE,BRITANNIA26FEB5450PE,0.0,0.0,0.0,4.45,4.45,4.45,6176.0,0.05,1625,0,0,0.0,0,F1,125,,,,,
2026-02-18,2026-02-18,FO,NSE,STO,82003,,BRITANNIA,,2026-02-24,2026-02-24,5300.0,PE,BRITANNIA26FEB5300PE,5.05,5.05,1.3,1.3,1.3,2.3,6176.0,0.05,17500,375,11,7290456.25,6,F1,125,,,,,
2026-02-18,2026-02-18,FO,NSE,STO,94776,,BRITANNIA,,2026-04-28,2026-04-28,6800.0,CE,BRITANNIA26APR6800CE,0.0,0.0,0.0,53.85,0.0,53.85,6176.0,48.9,0,0,0,0.0,0,F1,125,,,,,
2026-02-18,2026-02-18,FO,NSE,STO,94785,,BRITANNIA,,2026-04-28,2026-04-28,7200.0,PE,BRITANNIA26APR7200PE,0.0,0.0,0.0,1223.7,0.0,1223.7,6176.0,962.05,0,0,0,0.0,0,F1,125,,,,,
2026-02-18,2026-02-18,FO,NSE,STO,94370,,BRITANNIA,,2026-03-30,2026-03-30,5950.0,CE,BRITANNIA26MAR5950CE,310.0,310.0,310.0,310.0,310.0,211.9,6176.0,324.5,250,125,1,782500.0,1,F1,125,,,,,
2026-02-18,2026-02-18,FO,NSE,STO,94417,,BRITANNIA,,2026-03-30,2026-03-30,6250.0,CE,BRITANNIA26MAR6250CE,137.5,142.6,127.35,131.0,131.0,83.05,6176.0,147.3,1250,125,10,7980937.5,10,F1,125,,,,,
2026-02-18,2026-02-18,FO,NSE,STO,94781,,BRITANNIA,,2026-04-28,2026-04-28,7000.0,PE,BRITANNIA26APR7000PE,0.0,0.0,0.0,1040.05,0.0,1040.05,6176.0,777.15,0,0,0,0.0,0,F1,125,,,,,
2026-02-18,2026-02-18,FO,NSE,STO,82262,,BRITANNIA,,2026-03-30,2026-03-30,7000.0,CE,BRITANNIA26MAR7000CE,10.0,12.0,10.0,11.55,11.55,48.5,6176.0,11.55,750,750,9,7887412.5,9,F1,125,,,,,
2026-02-18,2026-02-18,FO,NSE,STO,94755,,BRITANNIA,,2026-04-28,2026-04-28,5700.0,PE,BRITANNIA26APR5700PE,0.0,0.0,0.0,158.75,0.0,158.75,6176.0,40.4,0,0,0,0.0,0,F1,125,,,,,
2026-02-18,2026-02-18,FO,NSE,STO,94770,,BRITANNIA,,2026-04-28,2026-04-28,6500.0,CE,BRITANNIA26APR6500CE,0.0,0.0,0.0,104.9,0.0,104.9,6176.0,115.35,0,0,0,0.0,0,F1,125,,,,,
2026-02-18,2026-02-18,FO,NSE,STO,94756,,BRITANNIA,,2026-04-28,2026-04-28,5800.0,CE,BRITANNIA26APR5800CE,0.0,0.0,0.0,372.55,0.0,372.55,6176.0,494.9,0,0,0,0.0,0,F1,125,,,,,
2026-02-18,2026-02-18,FO,NSE,STO,94742,,BRITANNIA,,2026-04-28,2026-04-28,5600.0,CE,BRITANNIA26APR5600CE,0.0,0.0,0.0,497.0,0.0,497.0,6176.0,660.65,0,0,0,0.0,0,F1,125,,,,,
2026-02-18,2026-02-18,FO,NSE,STO,81994,,BRITANNIA,,2026-02-24,2026-02-24,4900.0,CE,BRITANNIA26FEB4900CE,0.0,0.0,0.0,1057.2,0.0,1057.2,6176.0,1280.45,0,0,0,0.0,0,F1,125,,,,,
2026-02-18,2026-02-18,FO,NSE,STO,81743,,BRITANNIA,,2026-02-24,2026-02-24,5150.0,CE,BRITANNIA26FEB5150CE,0.0,0.0,0.0,919.35,0.0,919.35,6176.0,1030.65,0,0,0,0.0,0,F1,125,,,,,
2026-02-18,2026-02-18,FO,NSE,STO,82241,,BRITANNIA,,2026-03-30,2026-03-30,6300.0,CE,BRITANNIA26MAR6300CE,111.1,125.0,105.45,116.55,115.0,115.35,6176.0,116.55,5000,1000,49,39299143.75,35,F1,125,,,,,
2026-02-18,2026-02-18,FO,NSE,STO,81997,,BRITANNIA,,2026-02-24,2026-02-24,5000.0,PE,BRITANNIA26FEB5000PE,0.4,0.45,0.1,0.25,0.25,0.6,6176.0,0.25,38000,0,44,27500981.25,16,F1,125,,,,,
2026-02-18,2026-02-18,FO,NSE,STO,82011,,BRITANNIA,,2026-02-24,2026-02-24,5600.0,PE,BRITANNIA26FEB5600PE,3.5,3.65,2.7,3.3,3.65,4.1,6176.0,3.3,23250,-875,38,26614643.75,35,F1,125,,,,,
2026-02-18,2026-02-18,FO,NSE,STO,82022,,BRITANNIA,,2026-02-24,2026-02-24,5800.0,PE,BRITANNIA26FEB5800PE,8.3,8.6,4.9,5.45,5.5,8.55,6176.0,5.45,95500,4750,524,380296012.5,440,F1,125,,,,,
2026-02-18,2026-02-18,FO,NSE,STO,82038,,BRITANNIA,,2026-02-24,2026-02-24,5900.0,PE,BRITANNIA26FEB5900PE,13.3,14.55,7.75,8.85,8.95,14.4,6176.0,8.85,64375,-18125,1159,856240318.75,870,F1,125,,,,,
2026-02-18,2026-02-18,FO,NSE,STO,82098,,BRITANNIA,,2026-02-24,2026-02-24,6500.0,PE,BRITANNIA26FEB6500PE,0.0,0.0,0.0,643.35,0.0,643.35,6176.0,319.75,0,0,0,0.0,0,F1,125,,,,,
2026-02-18,2026-02-18,FO,NSE,STO,81796,,BRITANNIA,,2026-02-24,2026-02-24,6650.0,PE,BRITANNIA26FEB6650PE,0.0,0.0,0.0,628.3,0.0,628.3,6176.0,468.1,0,0,0,0.0,0,F1,125,,,,,
2026-02-18,2026-02-18,FO,NSE,STO,94260,,BRITANNIA,,2026-03-30,2026-03-30,5450.0,PE,BRITANNIA26MAR5450PE,0.0,0.0,0.0,58.55,58.55,58.55,6176.0,3.6,250,0,0,0.0,0,F1,125,,,,,
2026-02-18,2026-02-18,FO,NSE,STO,94368,,BRITANNIA,,2026-03-30,2026-03-30,5850.0,PE,BRITANNIA26MAR5850PE,0.0,0.0,0.0,78.75,78.75,78.75,6176.0,39.95,375,0,0,0.0,0,F1,125,,,,,
2026-02-18,2026-02-18,FO,NSE,STO,94371,,BRITANNIA,,2026-03-30,2026-03-30,5950.0,PE,BRITANNIA26MAR5950PE,0.0,0.0,0.0,232.5,0.0,232.5,6176.0,62.75,0,0,0,0.0,0,F1,125,,,,,
2026-02-18,2026-02-18,FO,NSE,STO,82238,,BRITANNIA,,2026-03-30,2026-03-30,6200.0,PE,BRITANNIA26MAR6200PE,0.0,0.0,0.0,351.95,351.95,351.95,6176.0,157.7,250,0,0,0.0,0,F1,125,,,,,
2026-02-18,2026-02-18,FO,NSE,STO,82244,,BRITANNIA,,2026-03-30,2026-03-30,6400.0,PE,BRITANNIA26MAR6400PE,0.0,0.0,0.0,462.9,0.0,462.9,6176.0,275.8,0,0,0,0.0,0,F1,125,,,,,
2026-02-18,2026-02-18,FO,NSE,STO,94741,,BRITANNIA,,2026-04-28,2026-04-28,5500.0,PE,BRITANNIA26APR5500PE,0.0,0.0,0.0,97.25,0.0,97.25,6176.0,17.0,0,0,0,0.0,0,F1,125,,,,,
2026-02-18,2026-02-18,FO,NSE,STO,82228,,BRITANNIA,,2026-03-30,2026-03-30,6100.0,CE,BRITANNIA26MAR6100CE,210.35,221.55,197.25,210.0,210.0,210.35,6176.0,225.4,10125,4250,75,59157206.25,61,F1,125,,,,,
2026-02-18,2026-02-18,FO,NSE,STO,82194,,BRITANNIA,,2026-03-30,2026-03-30,5000.0,PE,BRITANNIA26MAR5000PE,0.0,0.0,0.0,13.0,0.0,13.0,6176.0,0.05,0,0,0,0.0,0,F1,125,,,,,
2026-02-18,2026-02-18,FO,NSE,STO,82200,,BRITANNIA,,2026-03-30,2026-03-30,5100.0,PE,BRITANNIA26MAR5100PE,0.0,0.0,0.0,19.35,0.0,19.35,6176.0,0.15,0,0,0,0.0,0,F1,125,,,,,
2026-02-18,2026-02-18,FO,NSE,STO,82178,,BRITANNIA,,2026-03-30,2026-03-30,5000.0,CE,BRITANNIA26MAR5000CE,0.0,0.0,0.0,1100.05,0.0,1100.05,6176.0,1206.1,0,0,0,0.0,0,F1,125,,,,,
2026-02-18,2026-02-18,FO,NSE,STO,82124,,BRITANNIA,,2026-02-24,2026-02-24,7100.0,CE,BRITANNIA26FEB7100CE,0.95,2.55,0.85,0.85,0.85,0.95,6176.0,0.85,2625,2125,34,30181687.5,22,F1,125,,,,,
2026-02-18,2026-02-18,FO,NSE,STO,81996,,BRITANNIA,,2026-02-24,2026-02-24,5000.0,CE,BRITANNIA26FEB5000CE,0.0,0.0,0.0,785.0,785.0,785.0,6176.0,1180.5,250,0,0,0.0,0,F1,125,,,,,
2026-02-18,2026-02-18,FO,NSE,STF,51832,,BRITANNIA,,2026-03-30,2026-03-30,,,BRITANNIA26MARFUT,6165.0,6223.5,6152.5,6207.5,6193.0,6178.0,6176.0,6207.5,121500,72750,914,708011937.5,805,F1,125,,,,,
2026-02-18,2026-02-18,FO,NSE,STO,81785,,BRITANNIA,,2026-02-24,2026-02-24,6150.0,PE,BRITANNIA26FEB6150PE,82.7,90.0,50.65,54.85,54.25,82.7,6176.0,54.85,16250,-1750,955,741716543.75,804,F1,125,,,,,
2026-02-18,2026-02-18,FO,NSE,STO,82086,,BRITANNIA,,2026-02-24,2026-02-24,6200.0,PE,BRITANNIA26FEB6200PE,110.9,120.85,75.0,80.15,79.6,109.25,6176.0,80.15,15250,-125,431,338896712.5,385,F1,125,,,,,
2026-02-18,2026-02-18,FO,NSE,STO,94726,,BRITANNIA,,2026-04-28,2026-04-28,5000.0,CE,BRITANNIA26APR5000CE,0.0,0.0,0.0,981.75,0.0,981.75,6176.0,1228.6,0,0,0,0.0,0,F1,125,,,,,
2026-02-18,2026-02-18,FO,NSE,STO,81770,,BRITANNIA,,2026-02-24,2026-02-24,5450.0,CE,BRITANNIA26FEB5450CE,0.0,0.0,0.0,647.6,0.0,647.6,6176.0,730.95,0,0,0,0.0,0,F1,125,,,,,
2026-02-18,2026-02-18,FO,NSE,STO,94732,,BRITANNIA,,2026-04-28,2026-04-28,5200.0,CE,BRITANNIA26APR5200CE,0.0,0.0,0.0,805.2,0.0,805.2,6176.0,1033.15,0,0,0,0.0,0,F1,125,,,,,
2026-02-18,2026-02-18,FO,NSE,STO,94734,,BRITANNIA,,2026-04-28,2026-04-28,5300.0,CE,BRITANNIA26APR5300CE,0.0,0.0,0.0,721.8,0.0,721.8,6176.0,936.85,0,0,0,0.0,0,F1,125,,,,,
2026-02-18,2026-02-18,FO,NSE,STO,94753,,BRITANNIA,,2026-04-28,2026-04-28,5700.0,CE,BRITANNIA26APR5700CE,0.0,0.0,0.0,432.05,0.0,432.05,6176.0,575.35,0,0,0,0.0,0,F1,125,,,,,
2026-02-18,2026-02-18,FO,NSE,STO,94762,,BRITANNIA,,2026-04-28,2026-04-28,6100.0,CE,BRITANNIA26APR6100CE,0.0,0.0,0.0,227.2,0.0,227.2,6176.0,290.2,0,0,0,0.0,0,F1,125,,,,,
2026-02-18,2026-02-18,FO,NSE,STO,94772,,BRITANNIA,,2026-04-28,2026-04-28,6600.0,CE,BRITANNIA26APR6600CE,0.0,0.0,0.0,84.55,0.0,84.55,6176.0,88.05,0,0,0,0.0,0,F1,125,,,,,
2026-02-18,2026-02-18,FO,NSE,STO,82005,,BRITANNIA,,2026-02-24,2026-02-24,5400.0,PE,BRITANNIA26FEB5400PE,2.65,2.65,1.9,1.95,1.95,2.05,6176.0,1.95,11250,-375,7,4726781.25,6,F1,125,,,,,
2026-02-18,2026-02-18,FO,NSE,STO,94497,,BRITANNIA,,2026-03-30,2026-03-30,6750.0,CE,BRITANNIA26MAR6750CE,0.0,0.0,0.0,29.4,0.0,29.4,6176.0,22.1,0,0,0,0.0,0,F1,125,,,,,
2026-02-18,2026-02-18,FO,NSE,STO,94388,,BRITANNIA,,2026-03-30,2026-03-30,6050.0,CE,BRITANNIA26MAR6050CE,0.0,0.0,0.0,218.9,218.9,218.9,6176.0,256.2,1375,0,0,0.0,0,F1,125,,,,,
2026-02-18,2026-02-18,FO,NSE,STO,82220,,BRITANNIA,,2026-03-30,2026-03-30,5700.0,PE,BRITANNIA26MAR5700PE,29.15,29.15,20.6,23.15,23.15,29.15,6176.0,18.25,7375,0,15,10731700.0,14,F1,125,,,,,
2026-02-18,2026-02-18,FO,NSE,STO,82257,,BRITANNIA,,2026-03-30,2026-03-30,6700.0,PE,BRITANNIA26MAR6700PE,0.0,0.0,0.0,681.95,0.0,681.95,6176.0,511.4,0,0,0,0.0,0,F1,125,,,,,
2026-02-18,2026-02-18,FO,NSE,STO,94733,,BRITANNIA,,2026-04-28,2026-04-28,5200.0,PE,BRITANNIA26APR5200PE,0.0,0.0,0.0,39.6,0.0,39.6,6176.0,3.35,0,0,0,0.0,0,F1,125,,,,,
2026-02-18,2026-02-18,FO,NSE,STO,81992,,BRITANNIA,,2026-02-24,2026-02-24,4800.0,CE,BRITANNIA26FEB4800CE,0.0,0.0,0.0,1150.2,0.0,1150.2,6176.0,1380.35,0,0,0,0.0,0,F1,125,,,,,
2026-02-18,2026-02-18,FO,NSE,STO,81768,,BRITANNIA,,2026-02-24,2026-02-24,5350.0,CE,BRITANNIA26FEB5350CE,0.0,0.0,0.0,735.0,0.0,735.0,6176.0,830.85,0,0,0,0.0,0,F1,125,,,,,
2026-02-18,2026-02-18,FO,NSE,STO,81776,,BRITANNIA,,2026-02-24,2026-02-24,5750.0,CE,BRITANNIA26FEB5750CE,0.0,0.0,0.0,378.7,392.35,378.7,6176.0,431.3,3750,0,0,0.0,0,F1,125,,,,,
2026-02-18,2026-02-18,FO,NSE,STO,94775,,BRITANNIA,,2026-04-28,2026-04-28,6700.0,PE,BRITANNIA26APR6700PE,0.0,0.0,0.0,779.1,0.0,779.1,6176.0,520.85,0,0,0,0.0,0,F1,125,,,,,
2026-02-18,2026-02-18,FO,NSE,STO,82017,,BRITANNIA,,2026-02-24,2026-02-24,5800.0,CE,BRITANNIA26FEB5800CE,337.0,384.0,326.15,365.35,365.35,216.5,6176.0,381.6,18375,-3000,37,28440637.5,27,F1,125,,,,,
2026-02-18,2026-02-18,FO,NSE,STO,81786,,BRITANNIA,,2026-02-24,2026-02-24,6250.0,CE,BRITANNIA26FEB6250CE,34.65,39.85,23.75,31.65,28.65,36.3,6176.0,31.65,25625,-3500,710,557484556.25,680,F1,125,,,,,
2026-02-18,2026-02-18,FO,NSE,STO,82118,,BRITANNIA,,2026-02-24,2026-02-24,6800.0,CE,BRITANNIA26FEB6800CE,0.25,1.05,0.25,0.45,0.6,0.95,6176.0,0.45,38125,-750,107,90958162.5,58,F1,125,,,,,
2026-02-18,2026-02-18,FO,NSE,STO,82209,,BRITANNIA,,2026-03-30,2026-03-30,5200.0,CE,BRITANNIA26MAR5200CE,0.0,0.0,0.0,918.0,0.0,918.0,6176.0,1007.7,0,0,0,0.0,0,F1,125,,,,,
2026-02-18,2026-02-18,FO,NSE,STO,82232,,BRITANNIA,,2026-03-30,2026-03-30,6200.0,CE,BRITANNIA26MAR6200CE,158.0,173.0,147.0,162.95,161.9,159.7,6176.0,162.95,14500,10500,134,106598531.25,66,F1,125,,,,,
2026-02-18,2026-02-18,FO,NSE,STO,82213,,BRITANNIA,,2026-03-30,2026-03-30,5400.0,CE,BRITANNIA26MAR5400CE,0.0,0.0,0.0,747.1,0.0,747.1,6176.0,810.9,0,0,0,0.0,0,F1,125,,,,,
2026-02-18,2026-02-18,FO,NSE,STO,81797,,BRITANNIA,,2026-02-24,2026-02-24,6750.0,CE,BRITANNIA26FEB6750CE,1.0,1.0,1.0,1.0,1.0,1.0,6176.0,1.0,11875,250,2,1687750.0,1,F1,125,,,,,
2026-02-18,2026-02-18,FO,NSE,STO,94735,,BRITANNIA,,2026-04-28,2026-04-28,5300.0,PE,BRITANNIA26APR5300PE,0.0,0.0,0.0,54.65,0.0,54.65,6176.0,6.05,0,0,0,0.0,0,F1,125,,,,,
2026-02-18,2026-02-18,FO,NSE,STO,94418,,BRITANNIA,,2026-03-30,2026-03-30,6250.0,PE,BRITANNIA26MAR6250PE,0.0,0.0,0.0,416.0,0.0,416.0,6176.0,183.75,0,0,0,0.0,0,F1,125,,,,,
2026-02-18,2026-02-18,FO,NSE,STO,81794,,BRITANNIA,,2026-02-24,2026-02-24,6550.0,PE,BRITANNIA26FEB6550PE,0.0,0.0,0.0,645.0,645.0,645.0,6176.0,368.8,0,0,0,0.0,0,F1,125,,,,,
2026-02-18,2026-02-18,FO,NSE,STO,81787,,BRITANNIA,,2026-02-24,2026-02-24,6250.0,PE,BRITANNIA26FEB6250PE,120.0,126.7,106.1,113.55,114.7,145.15,6176.0,113.55,4875,250,39,31034212.5,35,F1,125,,,,,
2026-02-18,2026-02-18,FO,NSE,STO,82043,,BRITANNIA,,2026-02-24,2026-02-24,6100.0,PE,BRITANNIA26FEB6100PE,60.35,66.75,33.75,36.0,35.5,59.4,6176.0,36.0,71500,16625,1664,1278020468.75,1186,F1,125,,,,,
2026-02-18,2026-02-18,FO,NSE,STO,81995,,BRITANNIA,,2026-02-24,2026-02-24,4900.0,PE,BRITANNIA26FEB4900PE,0.05,0.1,0.05,0.05,0.05,0.1,6176.0,0.05,56875,0,10,6125075.0,7,F1,125,,,,,
2026-02-18,2026-02-18,FO,NSE,STO,94761,,BRITANNIA,,2026-04-28,2026-04-28,6000.0,PE,BRITANNIA26APR6000PE,0.0,0.0,0.0,126.0,126.0,126.0,6176.0,113.65,125,0,0,0.0,0,F1,125,,,,,
2026-02-18,2026-02-18,FO,NSE,STO,94758,,BRITANNIA,,2026-04-28,2026-04-28,5900.0,CE,BRITANNIA26APR5900CE,0.0,0.0,0.0,318.55,0.0,318.55,6176.0,420.1,0,0,0,0.0,0,F1,125,,,,,
2026-02-18,2026-02-18,FO,NSE,STO,94763,,BRITANNIA,,2026-04-28,2026-04-28,6100.0,PE,BRITANNIA26APR6100PE,0.0,0.0,0.0,347.75,0.0,347.75,6176.0,151.1,0,0,0,0.0,0,F1,125,,,,,
2026-02-18,2026-02-18,FO,NSE,STO,81998,,BRITANNIA,,2026-02-24,2026-02-24,5100.0,CE,BRITANNIA26FEB5100CE,0.0,0.0,0.0,877.9,0.0,877.9,6176.0,1080.6,0,0,0,0.0,0,F1,125,,,,,
2026-02-18,2026-02-18,FO,NSE,STO,82006,,BRITANNIA,,2026-02-24,2026-02-24,5500.0,CE,BRITANNIA26FEB5500CE,0.0,0.0,0.0,390.0,390.0,390.0,6176.0,680.95,1250,0,0,0.0,0,F1,125,,,,,
2026-02-18,2026-02-18,FO,NSE,STO,82087,,BRITANNIA,,2026-02-24,2026-02-24,6300.0,CE,BRITANNIA26FEB6300CE,24.8,26.0,14.9,19.85,19.1,24.65,6176.0,19.85,67125,-30500,1778,1404775543.75,1490,F1,125,,,,,
2026-02-18,2026-02-18,FO,NSE,STO,94259,,BRITANNIA,,2026-03-30,2026-03-30,5450.0,CE,BRITANNIA26MAR5450CE,0.0,0.0,0.0,550.3,0.0,550.3,6176.0,762.35,0,0,0,0.0,0,F1,125,,,,,
2026-02-18,2026-02-18,FO,NSE,STO,94331,,BRITANNIA,,2026-03-30,2026-03-30,5550.0,CE,BRITANNIA26MAR5550CE,0.0,0.0,0.0,474.2,0.0,474.2,6176.0,666.6,0,0,0,0.0,0,F1,125,,,,,
2026-02-18,2026-02-18,FO,NSE,STO,82219,,BRITANNIA,,2026-03-30,2026-03-30,5700.0,CE,BRITANNIA26MAR5700CE,0.0,0.0,0.0,475.0,475.0,475.0,6176.0,528.55,875,0,0,0.0,0,F1,125,,,,,
2026-02-18,2026-02-18,FO,NSE,STO,82225,,BRITANNIA,,2026-03-30,2026-03-30,6000.0,CE,BRITANNIA26MAR6000CE,265.0,292.5,255.0,280.3,280.3,270.0,6176.0,280.3,8625,6625,80,62661662.5,62,F1,125,,,,,
2026-02-18,2026-02-18,FO,NSE,STO,94415,,BRITANNIA,,2026-03-30,2026-03-30,6150.0,CE,BRITANNIA26MAR6150CE,182.0,182.0,182.0,182.0,182.0,133.45,6176.0,196.95,125,0,1,791500.0,1,F1,125,,,,,
2026-02-18,2026-02-18,FO,NSE,STO,94729,,BRITANNIA,,2026-04-28,2026-04-28,5100.0,PE,BRITANNIA26APR5100PE,0.0,0.0,0.0,27.95,0.0,27.95,6176.0,1.8,0,0,0,0.0,0,F1,125,,,,,
2026-02-18,2026-02-18,FO,NSE,STO,82261,,BRITANNIA,,2026-03-30,2026-03-30,6900.0,PE,BRITANNIA26MAR6900PE,0.0,0.0,0.0,845.75,0.0,845.75,6176.0,693.35,0,0,0,0.0,0,F1,125,,,,,
2026-02-18,2026-02-18,FO,NSE,STO,82222,,BRITANNIA,,2026-03-30,2026-03-30,5800.0,PE,BRITANNIA26MAR5800PE,44.95,44.95,33.0,33.0,33.0,64.45,6176.0,33.0,750,375,7,5106556.25,5,F1,125,,,,,
2026-02-18,2026-02-18,FO,NSE,STO,82040,,BRITANNIA,,2026-02-24,2026-02-24,6000.0,PE,BRITANNIA26FEB6000PE,32.95,33.0,15.5,16.55,16.3,29.4,6176.0,16.55,98750,375,1027,772901187.5,845,F1,125,,,,,
2026-02-18,2026-02-18,FO,NSE,STO,94784,,BRITANNIA,,2026-04-28,2026-04-28,7200.0,CE,BRITANNIA26APR7200CE,0.0,0.0,0.0,19.95,0.0,19.95,6176.0,12.55,0,0,0,0.0,0,F1,125,,,,,
2026-02-18,2026-02-18,FO,NSE,STO,94780,,BRITANNIA,,2026-04-28,2026-04-28,7000.0,CE,BRITANNIA26APR7000CE,0.0,0.0,0.0,33.25,0.0,33.25,6176.0,25.55,0,0,0,0.0,0,F1,125,,,,,
2026-02-18,2026-02-18,FO,NSE,STO,94774,,BRITANNIA,,2026-04-28,2026-04-28,6700.0,CE,BRITANNIA26APR6700CE,0.0,0.0,0.0,67.7,0.0,67.7,6176.0,66.15,0,0,0,0.0,0,F1,125,,,,,
2026-02-18,2026-02-18,FO,NSE,STO,94768,,BRITANNIA,,2026-04-28,2026-04-28,6400.0,CE,BRITANNIA26APR6400CE,0.0,0.0,0.0,128.5,0.0,128.5,6176.0,148.75,0,0,0,0.0,0,F1,125,,,,,
2026-02-18,2026-02-18,FO,NSE,STO,82245,,BRITANNIA,,2026-03-30,2026-03-30,6500.0,CE,BRITANNIA26MAR6500CE,57.0,65.8,48.3,59.0,57.1,59.45,6176.0,59.0,33250,15375,318,260723612.5,260,F1,125,,,,,
2026-02-18,2026-02-18,FO,NSE,STO,94429,,BRITANNIA,,2026-03-30,2026-03-30,6450.0,CE,BRITANNIA26MAR6450CE,0.0,0.0,0.0,49.1,49.1,49.1,6176.0,75.5,1000,0,0,0.0,0,F1,125,,,,,
2026-02-18,2026-02-18,FO,NSE,STO,82092,,BRITANNIA,,2026-02-24,2026-02-24,6500.0,CE,BRITANNIA26FEB6500CE,6.0,6.6,3.5,4.5,4.55,6.2,6176.0,4.5,190875,-20000,1470,1195275043.75,1061,F1,125,,,,,
2026-02-18,2026-02-18,FO,NSE,STO,82090,,BRITANNIA,,2026-02-24,2026-02-24,6400.0,CE,BRITANNIA26FEB6400CE,12.0,12.0,6.75,8.0,7.85,11.75,6176.0,8.0,97375,6375,1146,918048293.75,899,F1,125,,,,,
2026-02-18,2026-02-18,FO,NSE,STO,82042,,BRITANNIA,,2026-02-24,2026-02-24,6100.0,CE,BRITANNIA26FEB6100CE,101.05,117.5,79.05,103.0,101.8,100.7,6176.0,103.0,44250,-48750,2212,1713829987.5,1463,F1,125,,,,,
2026-02-18,2026-02-18,FO,NSE,STO,82000,,BRITANNIA,,2026-02-24,2026-02-24,5200.0,CE,BRITANNIA26FEB5200CE,0.0,0.0,0.0,792.6,0.0,792.6,6176.0,980.7,0,0,0,0.0,0,F1,125,,,,,
2026-02-18,2026-02-18,FO,NSE,STO,94759,,BRITANNIA,,2026-04-28,2026-04-28,5900.0,PE,BRITANNIA26APR5900PE,0.0,0.0,0.0,242.2,0.0,242.2,6176.0,83.1,0,0,0,0.0,0,F1,125,,,,,
2026-02-18,2026-02-18,FO,NSE,STO,94737,,BRITANNIA,,2026-04-28,2026-04-28,5400.0,PE,BRITANNIA26APR5400PE,0.0,0.0,0.0,73.6,0.0,73.6,6176.0,10.4,0,0,0,0.0,0,F1,125,,,,,
2026-02-18,2026-02-18,FO,NSE,STO,82259,,BRITANNIA,,2026-03-30,2026-03-30,6800.0,PE,BRITANNIA26MAR6800PE,0.0,0.0,0.0,762.35,0.0,762.35,6176.0,600.7,0,0,0,0.0,0,F1,125,,,,,
2026-02-18,2026-02-18,FO,NSE,STO,94338,,BRITANNIA,,2026-03-30,2026-03-30,5650.0,PE,BRITANNIA26MAR5650PE,0.0,0.0,0.0,30.0,30.0,30.0,6176.0,13.65,250,0,0,0.0,0,F1,125,,,,,
2026-02-18,2026-02-18,FO,NSE,STF,59276,,BRITANNIA,,2026-02-24,2026-02-24,,,BRITANNIA26FEBFUT,6129.5,6185.0,6113.5,6168.0,6167.0,6141.5,6176.0,6168.0,3431750,-87250,2249,1730936687.5,2060,F1,125,,,,,
2026-02-18,2026-02-18,FO,NSE,STO,82218,,BRITANNIA,,2026-03-30,2026-03-30,5600.0,PE,BRITANNIA26MAR5600PE,0.0,0.0,0.0,27.0,27.0,27.0,6176.0,10.05,125,0,0,0.0,0,F1,125,,,,,
2026-02-18,2026-02-18,FO,NSE,STO,94167,,BRITANNIA,,2026-03-30,2026-03-30,5250.0,PE,BRITANNIA26MAR5250PE,0.0,0.0,0.0,26.8,0.0,26.8,6176.0,0.7,0,0,0,0.0,0,F1,125,,,,,
2026-02-18,2026-02-18,FO,NSE,STO,82123,,BRITANNIA,,2026-02-24,2026-02-24,7000.0,PE,BRITANNIA26FEB7000PE,823.95,823.95,823.95,823.95,823.95,860.0,6176.0,817.65,375,0,3,2933981.25,1,F1,125,,,,,
2026-02-18,2026-02-18,FO,NSE,STO,81777,,BRITANNIA,,2026-02-24,2026-02-24,5750.0,PE,BRITANNIA26FEB5750PE,4.25,5.3,4.25,4.8,4.75,7.05,6176.0,4.8,58125,125,49,35247943.75,45,F1,125,,,,,
2026-02-18,2026-02-18,FO,NSE,STO,81748,,BRITANNIA,,2026-02-24,2026-02-24,5150.0,PE,BRITANNIA26FEB5150PE,0.0,0.0,0.0,8.75,8.75,8.75,6176.0,0.05,125,0,0,0.0,0,F1,125,,,,,
2026-02-18,2026-02-18,FO,NSE,STO,94720,,BRITANNIA,,2026-04-28,2026-04-28,4800.0,CE,BRITANNIA26APR4800CE,0.0,0.0,0.0,1167.8,0.0,1167.8,6176.0,1425.85,0,0,0,0.0,0,F1,125,,,,,
2026-02-18,2026-02-18,FO,NSE,STO,82260,,BRITANNIA,,2026-03-30,2026-03-30,6900.0,CE,BRITANNIA26MAR6900CE,0.0,0.0,0.0,60.95,0.0,60.95,6176.0,10.8,0,0,0,0.0,0,F1,125,,,,,
2026-02-18,2026-02-18,FO,NSE,STO,81779,,BRITANNIA,,2026-02-24,2026-02-24,5850.0,PE,BRITANNIA26FEB5850PE,9.4,10.65,5.9,6.7,6.9,10.8,6176.0,6.7,62000,-2625,455,333141237.5,445,F1,125,,,,,
2026-02-18,2026-02-18,FO,NSE,STO,82091,,BRITANNIA,,2026-02-24,2026-02-24,6400.0,PE,BRITANNIA26FEB6400PE,275.0,279.75,229.5,250.55,250.55,277.4,6176.0,224.95,3750,2000,44,36557687.5,44,F1,125,,,,,
2026-02-18,2026-02-18,FO,NSE,STO,82121,,BRITANNIA,,2026-02-24,2026-02-24,6900.0,PE,BRITANNIA26FEB6900PE,0.0,0.0,0.0,974.5,0.0,974.5,6176.0,717.75,0,0,0,0.0,0,F1,125,,,,,
2026-02-18,2026-02-18,FO,NSE,STO,94495,,BRITANNIA,,2026-03-30,2026-03-30,6650.0,CE,BRITANNIA26MAR6650CE,0.0,0.0,0.0,30.8,30.8,30.8,6176.0,34.35,500,0,0,0.0,0,F1,125,,,,,
2026-02-18,2026-02-18,FO,NSE,STO,82140,,BRITANNIA,,2026-03-30,2026-03-30,4900.0,PE,BRITANNIA26MAR4900PE,0.0,0.0,0.0,8.5,0.0,8.5,6176.0,0.05,0,0,0,0.0,0,F1,125,,,,,
2026-02-18,2026-02-18,FO,NSE,STO,94332,,BRITANNIA,,2026-03-30,2026-03-30,5550.0,PE,BRITANNIA26MAR5550PE,0.0,0.0,0.0,23.55,23.55,23.55,6176.0,7.25,4125,0,0,0.0,0,F1,125,,,,,
2026-02-18,2026-02-18,FO,NSE,STO,82242,,BRITANNIA,,2026-03-30,2026-03-30,6300.0,PE,BRITANNIA26MAR6300PE,230.0,230.0,191.1,230.0,230.0,283.5,6176.0,212.2,500,125,4,3257962.5,4,F1,125,,,,,
2026-02-18,2026-02-18,FO,NSE,STO,82264,,BRITANNIA,,2026-03-30,2026-03-30,7000.0,PE,BRITANNIA26MAR7000PE,0.0,0.0,0.0,931.85,0.0,931.85,6176.0,788.4,0,0,0,0.0,0,F1,125,,,,,
2026-02-18,2026-02-18,FO,NSE,STO,94773,,BRITANNIA,,2026-04-28,2026-04-28,6600.0,PE,BRITANNIA26APR6600PE,0.0,0.0,0.0,697.45,0.0,697.45,6176.0,443.8,0,0,0,0.0,0,F1,125,,,,,
2026-02-18,2026-02-18,FO,NSE,STO,94765,,BRITANNIA,,2026-04-28,2026-04-28,6200.0,PE,BRITANNIA26APR6200PE,0.0,0.0,0.0,408.5,0.0,408.5,6176.0,195.75,0,0,0,0.0,0,F1,125,,,,,
2026-02-18,2026-02-18,FO,NSE,STO,81795,,BRITANNIA,,2026-02-24,2026-02-24,6650.0,CE,BRITANNIA26FEB6650CE,1.15,2.5,1.1,1.75,1.75,2.5,6176.0,0.1,8000,-500,35,29101675.0,9,F1,125,,,,,
2026-02-18,2026-02-18,FO,NSE,STO,81749,,BRITANNIA,,2026-02-24,2026-02-24,5250.0,CE,BRITANNIA26FEB5250CE,0.0,0.0,0.0,825.85,0.0,825.85,6176.0,930.75,0,0,0,0.0,0,F1,125,,,,,
2026-02-18,2026-02-18,FO,NSE,STO,81778,,BRITANNIA,,2026-02-24,2026-02-24,5850.0,CE,BRITANNIA26FEB5850CE,306.0,327.7,306.0,325.3,323.85,302.8,6176.0,325.3,19125,0,4,3085225.0,4,F1,125,,,,,
2026-02-18,2026-02-18,FO,NSE,STO,82037,,BRITANNIA,,2026-02-24,2026-02-24,5900.0,CE,BRITANNIA26FEB5900CE,239.45,280.2,234.45,276.3,276.0,253.4,6176.0,276.3,29625,-7625,97,74674887.5,77,F1,125,,,,,
2026-02-18,2026-02-18,FO,NSE,STO,94771,,BRITANNIA,,2026-04-28,2026-04-28,6500.0,PE,BRITANNIA26APR6500PE,0.0,0.0,0.0,619.35,0.0,619.35,6176.0,372.15,0,0,0,0.0,0,F1,125,,,,,
2026-02-18,2026-02-18,FO,NSE,STO,82101,,BRITANNIA,,2026-02-24,2026-02-24,6700.0,CE,BRITANNIA26FEB6700CE,1.15,1.4,0.65,1.15,1.1,1.5,6176.0,1.15,88750,-125,90,75387825.0,66,F1,125,,,,,
2026-02-18,2026-02-18,FO,NSE,STO,82139,,BRITANNIA,,2026-03-30,2026-03-30,4900.0,CE,BRITANNIA26MAR4900CE,0.0,0.0,0.0,1194.05,0.0,1194.05,6176.0,1305.45,0,0,0,0.0,0,F1,125,,,,,
2026-02-18,2026-02-18,FO,NSE,STO,94166,,BRITANNIA,,2026-03-30,2026-03-30,5250.0,CE,BRITANNIA26MAR5250CE,0.0,0.0,0.0,717.75,0.0,717.75,6176.0,958.25,0,0,0,0.0,0,F1,125,,,,,
2026-02-18,2026-02-18,FO,NSE,STO,82223,,BRITANNIA,,2026-03-30,2026-03-30,5900.0,CE,BRITANNIA26MAR5900CE,372.0,372.0,345.0,348.0,348.0,296.2,6176.0,361.85,750,125,3,2345625.0,3,F1,125,,,,,
2026-02-18,2026-02-18,FO,NSE,STO,94493,,BRITANNIA,,2026-03-30,2026-03-30,6550.0,CE,BRITANNIA26MAR6550CE,0.0,0.0,0.0,53.15,0.0,53.15,6176.0,51.7,0,0,0,0.0,0,F1,125,,,,,
2026-02-18,2026-02-18,FO,NSE,STO,82210,,BRITANNIA,,2026-03-30,2026-03-30,5200.0,PE,BRITANNIA26MAR5200PE,0.0,0.0,0.0,28.0,0.0,28.0,6176.0,0.45,0,0,0,0.0,0,F1,125,,,,,
2026-02-18,2026-02-18,FO,NSE,STO,94496,,BRITANNIA,,2026-03-30,2026-03-30,6650.0,PE,BRITANNIA26MAR6650PE,0.0,0.0,0.0,734.2,0.0,734.2,6176.0,468.4,0,0,0,0.0,0,F1,125,,,,,
2026-02-18,2026-02-18,FO,NSE,STO,94767,,BRITANNIA,,2026-04-28,2026-04-28,6300.0,PE,BRITANNIA26APR6300PE,0.0,0.0,0.0,474.2,0.0,474.2,6176.0,247.6,0,0,0,0.0,0,F1,125,,,,,
2026-02-18,2026-02-18,FO,NSE,STO,81781,,BRITANNIA,,2026-02-24,2026-02-24,5950.0,PE,BRITANNIA26FEB5950PE,18.65,20.95,10.45,11.8,11.75,20.4,6176.0,11.8,28250,7625,1233,919171168.75,705,F1,125,,,,,
2026-02-18,2026-02-18,FO,NSE,STO,82001,,BRITANNIA,,2026-02-24,2026-02-24,5200.0,PE,BRITANNIA26FEB5200PE,1.3,1.3,0.7,1.0,1.0,1.2,6176.0,0.05,9500,-250,24,15602837.5,21,F1,125,,,,,
2026-02-18,2026-02-18,FO,NSE,STO,94766,,BRITANNIA,,2026-04-28,2026-04-28,6300.0,CE,BRITANNIA26APR6300CE,0.0,0.0,0.0,156.7,0.0,156.7,6176.0,188.8,0,0,0,0.0,0,F1,125,,,,,
2026-02-18,2026-02-18,FO,NSE,STO,94367,,BRITANNIA,,2026-03-30,2026-03-30,5850.0,CE,BRITANNIA26MAR5850CE,385.0,385.0,385.0,385.0,385.0,281.55,6176.0,401.1,125,125,1,779375.0,1,F1,125,,,,,
2026-02-18,2026-02-18,FO,NSE,STO,82211,,BRITANNIA,,2026-03-30,2026-03-30,5300.0,CE,BRITANNIA26MAR5300CE,0.0,0.0,0.0,830.9,0.0,830.9,6176.0,908.95,0,0,0,0.0,0,F1,125,,,,,
2026-02-18,2026-02-18,FO,NSE,STO,82198,,BRITANNIA,,2026-03-30,2026-03-30,5100.0,CE,BRITANNIA26MAR5100CE,0.0,0.0,0.0,1007.9,0.0,1007.9,6176.0,1106.8,0,0,0,0.0,0,F1,125,,,,,
2026-02-18,2026-02-18,FO,NSE,STO,81788,,BRITANNIA,,2026-02-24,2026-02-24,6350.0,CE,BRITANNIA26FEB6350CE,12.65,16.95,9.7,12.65,12.0,16.2,6176.0,12.65,62750,-12750,751,597361468.75,628,F1,125,,,,,
2026-02-18,2026-02-18,FO,NSE,STO,81784,,BRITANNIA,,2026-02-24,2026-02-24,6150.0,CE,BRITANNIA26FEB6150CE,70.0,85.0,55.8,71.5,70.0,74.45,6176.0,71.5,74750,-24625,2464,1915897543.75,1862,F1,125,,,,,
2026-02-18,2026-02-18,FO,NSE,STO,82010,,BRITANNIA,,2026-02-24,2026-02-24,5600.0,CE,BRITANNIA26FEB5600CE,0.0,0.0,0.0,479.9,479.9,479.9,6176.0,581.05,2250,0,0,0.0,0,F1,125,,,,,
2026-02-18,2026-02-18,FO,NSE,STO,81772,,BRITANNIA,,2026-02-24,2026-02-24,5550.0,CE,BRITANNIA26FEB5550CE,0.0,0.0,0.0,468.3,468.3,468.3,6176.0,631.0,375,0,0,0.0,0,F1,125,,,,,
2026-02-18,2026-02-18,FO,NSE,STO,82119,,BRITANNIA,,2026-02-24,2026-02-24,6800.0,PE,BRITANNIA26FEB6800PE,0.0,0.0,0.0,670.1,670.1,670.1,6176.0,617.85,625,0,0,0.0,0,F1,125,,,,,
2026-02-18,2026-02-18,FO,NSE,STO,94258,,BRITANNIA,,2026-03-30,2026-03-30,5350.0,PE,BRITANNIA26MAR5350PE,0.0,0.0,0.0,16.75,16.75,16.75,6176.0,1.65,2250,0,0,0.0,0,F1,125,,,,,
2026-02-18,2026-02-18,FO,NSE,STO,94365,,BRITANNIA,,2026-03-30,2026-03-30,5750.0,PE,BRITANNIA26MAR5750PE,28.0,32.65,26.7,32.65,32.65,45.15,6176.0,24.05,8375,0,5,3611781.25,4,F1,125,,,,,
2026-02-18,2026-02-18,FO,NSE,STO,82246,,BRITANNIA,,2026-03-30,2026-03-30,6500.0,PE,BRITANNIA26MAR6500PE,0.0,0.0,0.0,400.0,400.0,400.0,6176.0,347.65,125,0,0,0.0,0,F1,125,,,,,
2026-02-18,2026-02-18,FO,NSE,STO,94498,,BRITANNIA,,2026-03-30,2026-03-30,6750.0,PE,BRITANNIA26MAR6750PE,0.0,0.0,0.0,822.8,0.0,822.8,6176.0,555.55,0,0,0,0.0,0,F1,125,,,,,
2026-02-18,2026-02-18,FO,NSE,STO,82002,,BRITANNIA,,2026-02-24,2026-02-24,5300.0,CE,BRITANNIA26FEB5300CE,0.0,0.0,0.0,501.0,501.0,501.0,6176.0,880.8,125,0,0,0.0,0,F1,125,,,,,
2026-02-18,2026-02-18,FO,NSE,STO,82012,,BRITANNIA,,2026-02-24,2026-02-24,5700.0,CE,BRITANNIA26FEB5700CE,450.0,450.0,450.0,450.0,450.0,416.05,6176.0,481.2,9000,0,1,768750.0,1,F1,125,,,,,
2026-02-18,2026-02-18,FO,NSE,STO,81793,,BRITANNIA,,2026-02-24,2026-02-24,6550.0,CE,BRITANNIA26FEB6550CE,2.45,4.0,2.45,3.45,3.45,4.5,6176.0,3.45,4625,750,24,19660356.25,24,F1,125,,,,,
2026-02-18,2026-02-18,FO,NSE,STO,94257,,BRITANNIA,,2026-03-30,2026-03-30,5350.0,CE,BRITANNIA26MAR5350CE,0.0,0.0,0.0,631.8,0.0,631.8,6176.0,859.8,0,0,0,0.0,0,F1,125,,,,,
2026-02-18,2026-02-18,FO,NSE,STO,94364,,BRITANNIA,,2026-03-30,2026-03-30,5750.0,CE,BRITANNIA26MAR5750CE,0.0,0.0,0.0,335.35,335.35,335.35,6176.0,484.6,625,0,0,0.0,0,F1,125,,,,,
2026-02-18,2026-02-18,FO,NSE,STO,82247,,BRITANNIA,,2026-03-30,2026-03-30,6600.0,CE,BRITANNIA26MAR6600CE,37.2,44.0,37.2,39.95,39.95,37.2,6176.0,39.95,4375,1625,24,19921643.75,24,F1,125,,,,,
2026-02-18,2026-02-18,FO,NSE,STO,82249,,BRITANNIA,,2026-03-30,2026-03-30,6700.0,CE,BRITANNIA26MAR6700CE,28.8,30.8,24.9,27.4,27.4,28.8,6176.0,27.4,6375,750,27,22705981.25,26,F1,125,,,,,
2026-02-18,2026-02-18,FO,NSE,STO,94760,,BRITANNIA,,2026-04-28,2026-04-28,6000.0,CE,BRITANNIA26APR6000CE,0.0,0.0,0.0,270.15,0.0,270.15,6176.0,351.7,0,0,0,0.0,0,F1,125,,,,,
2026-02-18,2026-02-18,FO,NSE,STO,81773,,BRITANNIA,,2026-02-24,2026-02-24,5550.0,PE,BRITANNIA26FEB5550PE,3.6,3.6,2.2,2.2,2.2,3.5,6176.0,0.05,2000,-375,13,9023237.5,12,F1,125,,,,,
2026-02-18,2026-02-18,FO,NSE,STO,94777,,BRITANNIA,,2026-04-28,2026-04-28,6800.0,PE,BRITANNIA26APR6800PE,0.0,0.0,0.0,863.7,0.0,863.7,6176.0,602.6,0,0,0,0.0,0,F1,125,,,,,
2026-02-18,2026-02-18,FO,NSE,STO,94428,,BRITANNIA,,2026-03-30,2026-03-30,6350.0,PE,BRITANNIA26MAR6350PE,0.0,0.0,0.0,489.15,0.0,489.15,6176.0,242.9,0,0,0,0.0,0,F1,125,,,,,
2026-02-18,2026-02-18,FO,NSE,STO,81791,,BRITANNIA,,2026-02-24,2026-02-24,6450.0,PE,BRITANNIA26FEB6450PE,0.0,0.0,0.0,469.4,0.0,469.4,6176.0,271.6,0,0,0,0.0,0,F1,125,,,,,
2026-02-18,2026-02-18,FO,NSE,STO,81789,,BRITANNIA,,2026-02-24,2026-02-24,6350.0,PE,BRITANNIA26FEB6350PE,0.0,0.0,0.0,396.95,0.0,396.95,6176.0,180.75,0,0,0,0.0,0,F1,125,,,,,
2026-02-18,2026-02-18,FO,NSE,STO,82016,,BRITANNIA,,2026-02-24,2026-02-24,5700.0,PE,BRITANNIA26FEB5700PE,3.35,5.3,3.35,3.9,3.9,5.8,6176.0,3.9,49750,-1875,279,198929262.5,229,F1,125,,,,,
2026-02-18,2026-02-18,FO,NSE,STO,82243,,BRITANNIA,,2026-03-30,2026-03-30,6400.0,CE,BRITANNIA26MAR6400CE,73.15,90.0,73.15,82.05,79.95,73.15,6176.0,82.05,1875,500,8,6481031.25,8,F1,125,,,,,
2026-02-18,2026-02-18,FO,NSE,STO,82215,,BRITANNIA,,2026-03-30,2026-03-30,5500.0,CE,BRITANNIA26MAR5500CE,0.0,0.0,0.0,667.1,0.0,667.1,6176.0,714.2,0,0,0,0.0,0,F1,125,,,,,
2026-02-18,2026-02-18,FO,NSE,STO,101419,,GRASIM,,2026-03-30,2026-03-30,2800.0,CE,GRASIM26MAR2800CE,163.0,170.0,163.0,170.0,170.0,164.15,2933.8,176.05,3750,250,2,1483250.0,2,F1,250,,,,,
2026-02-18,2026-02-18,FO,NSE,STO,112357,,GRASIM,,2026-03-30,2026-03-30,2620.0,CE,GRASIM26MAR2620CE,0.0,0.0,0.0,290.4,0.0,290.4,2933.8,332.85,0,0,0,0.0,0,F1,250,,,,,
2026-02-18,2026-02-18,FO,NSE,STO,112351,,GRASIM,,2026-03-30,2026-03-30,2540.0,CE,GRASIM26MAR2540CE,0.0,0.0,0.0,357.5,0.0,357.5,2933.8,410.05,0,0,0,0.0,0,F1,250,,,,,
2026-02-18,2026-02-18,FO,NSE,STO,112824,,GRASIM,,2026-04-28,2026-04-28,3280.0,PE,GRASIM26APR3280PE,0.0,0.0,0.0,406.9,0.0,406.9,2933.8,331.05,0,0,0,0.0,0,F1,250,,,,,
2026-02-18,2026-02-18,FO,NSE,STO,101302,,GRASIM,,2026-03-30,2026-03-30,2520.0,CE,GRASIM26MAR2520CE,0.0,0.0,0.0,382.6,0.0,382.6,2933.8,429.65,0,0,0,0.0,0,F1,250,,,,,
2026-02-18,2026-02-18,FO,NSE,STO,95528,,GRASIM,,2026-02-24,2026-02-24,3360.0,CE,GRASIM26FEB3360CE,0.0,0.0,0.0,9.2,0.0,9.2,2933.8,0.05,0,0,0,0.0,0,F1,250,,,,,
2026-02-18,2026-02-18,FO,NSE,STO,101408,,GRASIM,,2026-03-30,2026-03-30,2640.0,PE,GRASIM26MAR2640PE,0.0,0.0,0.0,12.6,12.6,12.6,2933.8,4.35,1000,0,0,0.0,0,F1,250,,,,,
2026-02-18,2026-02-18,FO,NSE,STO,112485,,GRASIM,,2026-03-30,2026-03-30,3060.0,PE,GRASIM26MAR3060PE,0.0,0.0,0.0,226.5,0.0,226.5,2933.8,147.35,0,0,0,0.0,0,F1,250,,,,,
2026-02-18,2026-02-18,FO,NSE,STO,101453,,GRASIM,,2026-03-30,2026-03-30,3200.0,PE,GRASIM26MAR3200PE,0.0,0.0,0.0,353.35,0.0,353.35,2933.8,259.65,0,0,0,0.0,0,F1,250,,,,,
2026-02-18,2026-02-18,FO,NSE,STO,101084,,GRASIM,,2026-02-24,2026-02-24,3140.0,PE,GRASIM26FEB3140PE,0.0,0.0,0.0,297.65,0.0,297.65,2933.8,203.55,0,0,0,0.0,0,F1,250,,,,,
2026-02-18,2026-02-18,FO,NSE,STO,101300,,GRASIM,,2026-03-30,2026-03-30,2480.0,CE,GRASIM26MAR2480CE,0.0,0.0,0.0,416.5,0.0,416.5,2933.8,469.05,0,0,0,0.0,0,F1,250,,,,,
2026-02-18,2026-02-18,FO,NSE,STO,95521,,GRASIM,,2026-02-24,2026-02-24,3240.0,CE,GRASIM26FEB3240CE,0.6,0.6,0.15,0.4,0.4,0.25,2933.8,0.05,55750,-500,56,45365125.0,50,F1,250,,,,,
2026-02-18,2026-02-18,FO,NSE,STO,101085,,GRASIM,,2026-02-24,2026-02-24,3180.0,CE,GRASIM26FEB3180CE,0.75,1.05,0.75,1.05,1.05,0.85,2933.8,1.05,16500,-500,40,31809300.0,29,F1,250,,,,,
2026-02-18,2026-02-18,FO,NSE,STO,95511,,GRASIM,,2026-02-24,2026-02-24,3120.0,CE,GRASIM26FEB3120CE,2.15,2.15,2.15,2.15,2.15,1.55,2933.8,0.35,36750,250,2,1561075.0,1,F1,250,,,,,
2026-02-18,2026-02-18,FO,NSE,STO,95499,,GRASIM,,2026-02-24,2026-02-24,3040.0,CE,GRASIM26FEB3040CE,4.1,5.35,3.0,3.55,3.45,4.0,2933.8,3.55,74000,10500,457,347813637.5,367,F1,250,,,,,
2026-02-18,2026-02-18,FO,NSE,STO,95485,,GRASIM,,2026-02-24,2026-02-24,2760.0,CE,GRASIM26FEB2760CE,0.0,0.0,0.0,197.65,197.65,197.65,2933.8,176.55,18000,0,0,0.0,0,F1,250,,,,,
2026-02-18,2026-02-18,FO,NSE,STO,101007,,GRASIM,,2026-02-24,2026-02-24,2740.0,CE,GRASIM26FEB2740CE,0.0,0.0,0.0,169.25,169.25,169.25,2933.8,196.4,8500,0,0,0.0,0,F1,250,,,,,
2026-02-18,2026-02-18,FO,NSE,STO,101457,,GRASIM,,2026-03-30,2026-03-30,3280.0,PE,GRASIM26MAR3280PE,0.0,0.0,0.0,419.5,0.0,419.5,2933.8,332.4,0,0,0,0.0,0,F1,250,,,,,
2026-02-18,2026-02-18,FO,NSE,STO,101463,,GRASIM,,2026-03-30,2026-03-30,3400.0,PE,GRASIM26MAR3400PE,0.0,0.0,0.0,524.85,0.0,524.85,2933.8,447.4,0,0,0,0.0,0,F1,250,,,,,
2026-02-18,2026-02-18,FO,NSE,STO,112635,,GRASIM,,2026-04-28,2026-04-28,2560.0,PE,GRASIM26APR2560PE,0.0,0.0,0.0,28.6,0.0,28.6,2933.8,5.55,0,0,0,0.0,0,F1,250,,,,,
2026-02-18,2026-02-18,FO,NSE,STO,95475,,GRASIM,,2026-02-24,2026-02-24,2560.0,CE,GRASIM26FEB2560CE,0.0,0.0,0.0,234.0,0.0,234.0,2933.8,376.1,0,0,0,0.0,0,F1,250,,,,,
2026-02-18,2026-02-18,FO,NSE,STO,100993,,GRASIM,,2026-02-24,2026-02-24,2500.0,CE,GRASIM26FEB2500CE,0.0,0.0,0.0,374.5,0.0,374.5,2933.8,436.05,0,0,0,0.0,0,F1,250,,,,,
2026-02-18,2026-02-18,FO,NSE,STO,95432,,GRASIM,,2026-02-24,2026-02-24,2280.0,CE,GRASIM26FEB2280CE,0.0,0.0,0.0,453.7,0.0,453.7,2933.8,655.85,0,0,0,0.0,0,F1,250,,,,,
2026-02-18,2026-02-18,FO,NSE,STF,66841,,GRASIM,,2026-04-28,2026-04-28,,,GRASIM26APRFUT,2964.8,2970.0,2962.9,2970.0,2970.0,2933.1,2933.8,2970.0,15500,1500,9,6664475.0,9,F1,250,,,,,
2026-02-18,2026-02-18,FO,NSE,STO,101368,,GRASIM,,2026-03-30,2026-03-30,2600.0,CE,GRASIM26MAR2600CE,0.0,0.0,0.0,225.0,225.0,225.0,2933.8,351.95,500,0,0,0.0,0,F1,250,,,,,
2026-02-18,2026-02-18,FO,NSE,STO,112415,,GRASIM,,2026-03-30,2026-03-30,2700.0,CE,GRASIM26MAR2700CE,0.0,0.0,0.0,229.7,0.0,229.7,2933.8,259.1,0,0,0,0.0,0,F1,250,,,,,
2026-02-18,2026-02-18,FO,NSE,STO,112443,,GRASIM,,2026-03-30,2026-03-30,2740.0,CE,GRASIM26MAR2740CE,0.0,0.0,0.0,201.9,0.0,201.9,2933.8,224.35,0,0,0,0.0,0,F1,250,,,,,
2026-02-18,2026-02-18,FO,NSE,STO,112650,,GRASIM,,2026-04-28,2026-04-28,2880.0,CE,GRASIM26APR2880CE,0.0,0.0,0.0,153.15,0.0,153.15,2933.8,151.9,0,0,0,0.0,0,F1,250,,,,,
2026-02-18,2026-02-18,FO,NSE,STO,112823,,GRASIM,,2026-04-28,2026-04-28,3280.0,CE,GRASIM26APR3280CE,0.0,0.0,0.0,33.3,0.0,33.3,2933.8,18.75,0,0,0,0.0,0,F1,250,,,,,
2026-02-18,2026-02-18,FO,NSE,STO,101006,,GRASIM,,2026-02-24,2026-02-24,2700.0,PE,GRASIM26FEB2700PE,1.9,1.9,0.9,1.0,1.05,1.9,2933.8,1.0,136250,-1750,462,312000825.0,353,F1,250,,,,,
2026-02-18,2026-02-18,FO,NSE,STO,101073,,GRASIM,,2026-02-24,2026-02-24,3100.0,PE,GRASIM26FEB3100PE,0.0,0.0,0.0,265.3,0.0,265.3,2933.8,164.05,0,0,0,0.0,0,F1,250,,,,,
2026-02-18,2026-02-18,FO,NSE,STO,95525,,GRASIM,,2026-02-24,2026-02-24,3280.0,PE,GRASIM26FEB3280PE,0.0,0.0,0.0,557.6,0.0,557.6,2933.8,343.25,0,0,0,0.0,0,F1,250,,,,,
2026-02-18,2026-02-18,FO,NSE,STO,101278,,GRASIM,,2026-03-30,2026-03-30,2400.0,PE,GRASIM26MAR2400PE,0.0,0.0,0.0,10.1,0.0,10.1,2933.8,0.05,0,0,0,0.0,0,F1,250,,,,,
2026-02-18,2026-02-18,FO,NSE,STO,112350,,GRASIM,,2026-03-30,2026-03-30,2500.0,PE,GRASIM26MAR2500PE,0.0,0.0,0.0,4.6,4.6,4.6,2933.8,0.5,8000,0,0,0.0,0,F1,250,,,,,
2026-02-18,2026-02-18,FO,NSE,STO,112356,,GRASIM,,2026-03-30,2026-03-30,2580.0,PE,GRASIM26MAR2580PE,6.3,6.3,6.3,6.3,6.3,15.15,2933.8,6.3,2500,500,2,1293150.0,1,F1,250,,,,,
2026-02-18,2026-02-18,FO,NSE,STO,101394,,GRASIM,,2026-03-30,2026-03-30,2600.0,PE,GRASIM26MAR2600PE,7.0,7.05,7.0,7.05,7.05,23.65,2933.8,7.05,1500,1000,4,2607025.0,2,F1,250,,,,,
2026-02-18,2026-02-18,FO,NSE,STO,101440,,GRASIM,,2026-03-30,2026-03-30,2960.0,CE,GRASIM26MAR2960CE,0.0,0.0,0.0,70.0,70.0,70.0,2933.8,76.95,2250,0,0,0.0,0,F1,250,,,,,
2026-02-18,2026-02-18,FO,NSE,STO,95438,,GRASIM,,2026-02-24,2026-02-24,2400.0,CE,GRASIM26FEB2400CE,0.0,0.0,0.0,351.5,0.0,351.5,2933.8,535.95,0,0,0,0.0,0,F1,250,,,,,
2026-02-18,2026-02-18,FO,NSE,STO,112659,,GRASIM,,2026-04-28,2026-04-28,2920.0,PE,GRASIM26APR2920PE,0.0,0.0,0.0,153.5,0.0,153.5,2933.8,85.0,0,0,0,0.0,0,F1,250,,,,,
2026-02-18,2026-02-18,FO,NSE,STO,112651,,GRASIM,,2026-04-28,2026-04-28,2880.0,PE,GRASIM26APR2880PE,0.0,0.0,0.0,132.85,0.0,132.85,2933.8,68.3,0,0,0,0.0,0,F1,250,,,,,
2026-02-18,2026-02-18,FO,NSE,STO,101445,,GRASIM,,2026-03-30,2026-03-30,3040.0,PE,GRASIM26MAR3040PE,0.0,0.0,0.0,234.45,0.0,234.45,2933.8,133.55,0,0,0,0.0,0,F1,250,,,,,
2026-02-18,2026-02-18,FO,NSE,STO,101422,,GRASIM,,2026-03-30,2026-03-30,2800.0,PE,GRASIM26MAR2800PE,30.0,30.0,25.55,26.3,25.75,35.75,2933.8,26.3,44750,15500,89,62928512.5,34,F1,250,,,,,
2026-02-18,2026-02-18,FO,NSE,STO,95496,,GRASIM,,2026-02-24,2026-02-24,2960.0,PE,GRASIM26FEB2960PE,50.0,54.65,43.4,45.0,45.0,66.55,2933.8,45.0,37000,1750,65,48894700.0,63,F1,250,,,,,
2026-02-18,2026-02-18,FO,NSE,STO,101050,,GRASIM,,2026-02-24,2026-02-24,2940.0,PE,GRASIM26FEB2940PE,57.05,57.25,31.15,32.55,32.6,60.45,2933.8,32.55,98250,14750,264,196595962.5,254,F1,250,,,,,
2026-02-18,2026-02-18,FO,NSE,STO,101009,,GRASIM,,2026-02-24,2026-02-24,2780.0,CE,GRASIM26FEB2780CE,0.0,0.0,0.0,178.7,178.7,178.7,2933.8,156.9,9500,0,0,0.0,0,F1,250,,,,,
2026-02-18,2026-02-18,FO,NSE,STO,101055,,GRASIM,,2026-02-24,2026-02-24,3020.0,CE,GRASIM26FEB3020CE,5.15,7.35,3.55,5.05,5.2,5.05,2933.8,5.05,118250,2750,497,375917612.5,455,F1,250,,,,,
2026-02-18,2026-02-18,FO,NSE,STO,95482,,GRASIM,,2026-02-24,2026-02-24,2680.0,PE,GRASIM26FEB2680PE,1.2,1.25,1.05,1.1,1.05,2.2,2933.8,1.1,28000,-3000,18,12065300.0,15,F1,250,,,,,
2026-02-18,2026-02-18,FO,NSE,STO,101438,,GRASIM,,2026-03-30,2026-03-30,2920.0,CE,GRASIM26MAR2920CE,89.9,93.0,88.4,92.55,92.55,90.7,2933.8,97.2,5500,250,5,3763212.5,5,F1,250,,,,,
2026-02-18,2026-02-18,FO,NSE,STO,112462,,GRASIM,,2026-03-30,2026-03-30,2980.0,PE,GRASIM26MAR2980PE,0.0,0.0,0.0,172.15,0.0,172.15,2933.8,96.3,0,0,0,0.0,0,F1,250,,,,,
2026-02-18,2026-02-18,FO,NSE,STO,112737,,GRASIM,,2026-04-28,2026-04-28,3000.0,PE,GRASIM26APR3000PE,0.0,0.0,0.0,199.85,0.0,199.85,2933.8,125.5,0,0,0,0.0,0,F1,250,,,,,
2026-02-18,2026-02-18,FO,NSE,STO,100999,,GRASIM,,2026-02-24,2026-02-24,2580.0,CE,GRASIM26FEB2580CE,0.0,0.0,0.0,304.65,0.0,304.65,2933.8,356.15,0,0,0,0.0,0,F1,250,,,,,
2026-02-18,2026-02-18,FO,NSE,STO,95479,,GRASIM,,2026-02-24,2026-02-24,2640.0,CE,GRASIM26FEB2640CE,0.0,0.0,0.0,185.25,0.0,185.25,2933.8,296.2,0,0,0,0.0,0,F1,250,,,,,
2026-02-18,2026-02-18,FO,NSE,STO,101025,,GRASIM,,2026-02-24,2026-02-24,2860.0,CE,GRASIM26FEB2860CE,57.85,80.4,56.1,78.2,78.0,56.75,2933.8,78.2,28250,-4250,93,68086562.5,90,F1,250,,,,,
2026-02-18,2026-02-18,FO,NSE,STO,101057,,GRASIM,,2026-02-24,2026-02-24,3060.0,CE,GRASIM26FEB3060CE,1.95,3.7,1.9,2.45,2.4,2.9,2933.8,2.45,35250,500,43,32924662.5,41,F1,250,,,,,
2026-02-18,2026-02-18,FO,NSE,STO,101060,,GRASIM,,2026-02-24,2026-02-24,3100.0,CE,GRASIM26FEB3100CE,1.6,2.15,1.35,1.65,1.55,1.75,2933.8,1.65,109000,4000,233,180678550.0,189,F1,250,,,,,
2026-02-18,2026-02-18,FO,NSE,STO,95514,,GRASIM,,2026-02-24,2026-02-24,3160.0,CE,GRASIM26FEB3160CE,1.0,1.4,0.85,1.2,1.25,1.05,2933.8,1.2,111500,3250,74,58481237.5,62,F1,250,,,,,
2026-02-18,2026-02-18,FO,NSE,STO,101256,,GRASIM,,2026-03-30,2026-03-30,2320.0,CE,GRASIM26MAR2320CE,0.0,0.0,0.0,561.3,0.0,561.3,2933.8,627.75,0,0,0,0.0,0,F1,250,,,,,
2026-02-18,2026-02-18,FO,NSE,STO,101395,,GRASIM,,2026-03-30,2026-03-30,2640.0,CE,GRASIM26MAR2640CE,0.0,0.0,0.0,288.6,0.0,288.6,2933.8,314.0,0,0,0,0.0,0,F1,250,,,,,
2026-02-18,2026-02-18,FO,NSE,STO,112366,,GRASIM,,2026-03-30,2026-03-30,2660.0,CE,GRASIM26MAR2660CE,0.0,0.0,0.0,259.15,0.0,259.15,2933.8,295.4,0,0,0,0.0,0,F1,250,,,,,
2026-02-18,2026-02-18,FO,NSE,STO,112480,,GRASIM,,2026-03-30,2026-03-30,3020.0,CE,GRASIM26MAR3020CE,0.0,0.0,0.0,44.6,44.6,44.6,2933.8,52.35,1000,0,0,0.0,0,F1,250,,,,,
2026-02-18,2026-02-18,FO,NSE,STO,101444,,GRASIM,,2026-03-30,2026-03-30,3040.0,CE,GRASIM26MAR3040CE,0.0,0.0,0.0,43.4,43.4,43.4,2933.8,45.6,1750,0,0,0.0,0,F1,250,,,,,
2026-02-18,2026-02-18,FO,NSE,STO,112634,,GRASIM,,2026-04-28,2026-04-28,2560.0,CE,GRASIM26APR2560CE,0.0,0.0,0.0,364.0,0.0,364.0,2933.8,405.85,0,0,0,0.0,0,F1,250,,,,,
2026-02-18,2026-02-18,FO,NSE,STO,112644,,GRASIM,,2026-04-28,2026-04-28,2760.0,CE,GRASIM26APR2760CE,0.0,0.0,0.0,219.8,0.0,219.8,2933.8,234.0,0,0,0,0.0,0,F1,250,,,,,
2026-02-18,2026-02-18,FO,NSE,STO,112740,,GRASIM,,2026-04-28,2026-04-28,3080.0,CE,GRASIM26APR3080CE,0.0,0.0,0.0,75.85,0.0,75.85,2933.8,60.7,0,0,0,0.0,0,F1,250,,,,,
2026-02-18,2026-02-18,FO,NSE,STO,95470,,GRASIM,,2026-02-24,2026-02-24,2440.0,PE,GRASIM26FEB2440PE,0.0,0.0,0.0,36.3,0.0,36.3,2933.8,0.05,0,0,0,0.0,0,F1,250,,,,,
2026-02-18,2026-02-18,FO,NSE,STO,95486,,GRASIM,,2026-02-24,2026-02-24,2760.0,PE,GRASIM26FEB2760PE,2.0,2.1,1.65,1.7,1.7,3.75,2933.8,1.7,47250,1250,43,29688700.0,43,F1,250,,,,,
2026-02-18,2026-02-18,FO,NSE,STO,95500,,GRASIM,,2026-02-24,2026-02-24,3040.0,PE,GRASIM26FEB3040PE,140.65,140.65,112.5,122.85,122.85,138.3,2933.8,107.15,18500,0,10,7914250.0,10,F1,250,,,,,
2026-02-18,2026-02-18,FO,NSE,STO,101413,,GRASIM,,2026-03-30,2026-03-30,2680.0,PE,GRASIM26MAR2680PE,0.0,0.0,0.0,14.55,14.55,14.55,2933.8,7.2,4000,0,0,0.0,0,F1,250,,,,,
2026-02-18,2026-02-18,FO,NSE,STO,101418,,GRASIM,,2026-03-30,2026-03-30,2760.0,PE,GRASIM26MAR2760PE,29.95,29.95,29.95,29.95,29.95,29.95,2933.8,17.35,2500,250,1,697487.5,1,F1,250,,,,,
2026-02-18,2026-02-18,FO,NSE,STO,112645,,GRASIM,,2026-04-28,2026-04-28,2760.0,PE,GRASIM26APR2760PE,0.0,0.0,0.0,81.35,0.0,81.35,2933.8,31.65,0,0,0,0.0,0,F1,250,,,,,
2026-02-18,2026-02-18,FO,NSE,STO,112633,,GRASIM,,2026-04-28,2026-04-28,2520.0,PE,GRASIM26APR2520PE,0.0,0.0,0.0,22.25,0.0,22.25,2933.8,3.6,0,0,0,0.0,0,F1,250,,,,,
2026-02-18,2026-02-18,FO,NSE,STO,112627,,GRASIM,,2026-04-28,2026-04-28,2400.0,PE,GRASIM26APR2400PE,0.0,0.0,0.0,9.5,0.0,9.5,2933.8,0.8,0,0,0,0.0,0,F1,250,,,,,
2026-02-18,2026-02-18,FO,NSE,STO,101451,,GRASIM,,2026-03-30,2026-03-30,3160.0,PE,GRASIM26MAR3160PE,0.0,0.0,0.0,321.75,0.0,321.75,2933.8,225.2,0,0,0,0.0,0,F1,250,,,,,
2026-02-18,2026-02-18,FO,NSE,STO,112481,,GRASIM,,2026-03-30,2026-03-30,3020.0,PE,GRASIM26MAR3020PE,0.0,0.0,0.0,198.45,0.0,198.45,2933.8,120.4,0,0,0,0.0,0,F1,250,,,,,
2026-02-18,2026-02-18,FO,NSE,STO,101441,,GRASIM,,2026-03-30,2026-03-30,2960.0,PE,GRASIM26MAR2960PE,0.0,0.0,0.0,98.95,98.95,98.95,2933.8,85.4,9500,0,0,0.0,0,F1,250,,,,,
2026-02-18,2026-02-18,FO,NSE,STO,112352,,GRASIM,,2026-03-30,2026-03-30,2540.0,PE,GRASIM26MAR2540PE,4.9,4.9,4.9,4.9,4.9,14.7,2933.8,4.9,500,500,2,1272450.0,1,F1,250,,,,,
2026-02-18,2026-02-18,FO,NSE,STO,101088,,GRASIM,,2026-02-24,2026-02-24,3180.0,PE,GRASIM26FEB3180PE,0.0,0.0,0.0,331.3,0.0,331.3,2933.8,243.35,0,0,0,0.0,0,F1,250,,,,,
2026-02-18,2026-02-18,FO,NSE,STO,112738,,GRASIM,,2026-04-28,2026-04-28,3040.0,CE,GRASIM26APR3040CE,0.0,0.0,0.0,88.2,0.0,88.2,2933.8,74.45,0,0,0,0.0,0,F1,250,,,,,
2026-02-18,2026-02-18,FO,NSE,STO,112486,,GRASIM,,2026-03-30,2026-03-30,3100.0,CE,GRASIM26MAR3100CE,23.4,28.8,23.15,26.85,26.85,24.35,2933.8,29.25,19000,6750,46,35955787.5,42,F1,250,,,,,
2026-02-18,2026-02-18,FO,NSE,STO,101310,,GRASIM,,2026-03-30,2026-03-30,2560.0,CE,GRASIM26MAR2560CE,0.0,0.0,0.0,349.85,0.0,349.85,2933.8,390.55,0,0,0,0.0,0,F1,250,,,,,
2026-02-18,2026-02-18,FO,NSE,STO,101229,,GRASIM,,2026-03-30,2026-03-30,2280.0,CE,GRASIM26MAR2280CE,0.0,0.0,0.0,599.1,0.0,599.1,2933.8,667.5,0,0,0,0.0,0,F1,250,,,,,
2026-02-18,2026-02-18,FO,NSE,STO,95519,,GRASIM,,2026-02-24,2026-02-24,3200.0,CE,GRASIM26FEB3200CE,0.25,0.8,0.2,0.7,0.7,0.35,2933.8,0.7,291000,0,673,538486487.5,557,F1,250,,,,,
2026-02-18,2026-02-18,FO,NSE,STO,101011,,GRASIM,,2026-02-24,2026-02-24,2820.0,CE,GRASIM26FEB2820CE,0.0,0.0,0.0,88.15,86.05,88.15,2933.8,118.55,13250,0,0,0.0,0,F1,250,,,,,
2026-02-18,2026-02-18,FO,NSE,STO,112739,,GRASIM,,2026-04-28,2026-04-28,3040.0,PE,GRASIM26APR3040PE,0.0,0.0,0.0,225.45,0.0,225.45,2933.8,149.2,0,0,0,0.0,0,F1,250,,,,,
2026-02-18,2026-02-18,FO,NSE,STO,112639,,GRASIM,,2026-04-28,2026-04-28,2640.0,PE,GRASIM26APR2640PE,0.0,0.0,0.0,45.15,0.0,45.15,2933.8,12.05,0,0,0,0.0,0,F1,250,,,,,
2026-02-18,2026-02-18,FO,NSE,STO,112647,,GRASIM,,2026-04-28,2026-04-28,2800.0,PE,GRASIM26APR2800PE,0.0,0.0,0.0,96.8,0.0,96.8,2933.8,41.75,0,0,0,0.0,0,F1,250,,,,,
2026-02-18,2026-02-18,FO,NSE,STO,112828,,GRASIM,,2026-04-28,2026-04-28,3360.0,PE,GRASIM26APR3360PE,0.0,0.0,0.0,475.55,0.0,475.55,2933.8,402.35,0,0,0,0.0,0,F1,250,,,,,
2026-02-18,2026-02-18,FO,NSE,STO,95436,,GRASIM,,2026-02-24,2026-02-24,2360.0,CE,GRASIM26FEB2360CE,0.0,0.0,0.0,384.4,0.0,384.4,2933.8,575.95,0,0,0,0.0,0,F1,250,,,,,
2026-02-18,2026-02-18,FO,NSE,STO,95489,,GRASIM,,2026-02-24,2026-02-24,2840.0,CE,GRASIM26FEB2840CE,77.5,99.8,71.55,98.1,98.1,70.65,2933.8,98.1,26750,-4000,67,49001462.5,61,F1,250,,,,,
2026-02-18,2026-02-18,FO,NSE,STO,95491,,GRASIM,,2026-02-24,2026-02-24,2880.0,CE,GRASIM26FEB2880CE,47.25,66.95,42.3,62.2,61.85,45.45,2933.8,62.2,27750,-6250,301,220716175.0,293,F1,250,,,,,
2026-02-18,2026-02-18,FO,NSE,STO,101027,,GRASIM,,2026-02-24,2026-02-24,2900.0,CE,GRASIM26FEB2900CE,34.95,53.0,31.25,46.65,47.15,34.1,2933.8,46.65,103750,-76500,2013,1480364750.0,1628,F1,250,,,,,
2026-02-18,2026-02-18,FO,NSE,STO,95493,,GRASIM,,2026-02-24,2026-02-24,2920.0,CE,GRASIM26FEB2920CE,26.8,41.1,22.5,34.4,34.65,26.2,2933.8,34.4,82750,-2000,3234,2387007950.0,2640,F1,250,,,,,
2026-02-18,2026-02-18,FO,NSE,STO,95501,,GRASIM,,2026-02-24,2026-02-24,3080.0,CE,GRASIM26FEB3080CE,2.3,2.75,1.95,2.0,2.0,2.3,2933.8,2.0,19750,5000,33,25428262.5,33,F1,250,,,,,
2026-02-18,2026-02-18,FO,NSE,STO,112449,,GRASIM,,2026-03-30,2026-03-30,2860.0,CE,GRASIM26MAR2860CE,0.0,0.0,0.0,153.2,153.2,153.2,2933.8,133.35,250,0,0,0.0,0,F1,250,,,,,
2026-02-18,2026-02-18,FO,NSE,STO,101442,,GRASIM,,2026-03-30,2026-03-30,3000.0,CE,GRASIM26MAR3000CE,53.0,59.5,48.0,55.2,55.15,49.2,2933.8,55.2,47250,9000,331,252804487.5,206,F1,250,,,,,
2026-02-18,2026-02-18,FO,NSE,STO,101462,,GRASIM,,2026-03-30,2026-03-30,3400.0,CE,GRASIM26MAR3400CE,0.0,0.0,0.0,16.9,0.0,16.9,2933.8,1.65,0,0,0,0.0,0,F1,250,,,,,
2026-02-18,2026-02-18,FO,NSE,STO,112630,,GRASIM,,2026-04-28,2026-04-28,2480.0,CE,GRASIM26APR2480CE,0.0,0.0,0.0,431.2,0.0,431.2,2933.8,481.75,0,0,0,0.0,0,F1,250,,,,,
2026-02-18,2026-02-18,FO,NSE,STO,112632,,GRASIM,,2026-04-28,2026-04-28,2520.0,CE,GRASIM26APR2520CE,0.0,0.0,0.0,397.05,0.0,397.05,2933.8,443.5,0,0,0,0.0,0,F1,250,,,,,
2026-02-18,2026-02-18,FO,NSE,STO,112660,,GRASIM,,2026-04-28,2026-04-28,2960.0,CE,GRASIM26APR2960CE,0.0,0.0,0.0,117.4,0.0,117.4,2933.8,108.5,0,0,0,0.0,0,F1,250,,,,,
2026-02-18,2026-02-18,FO,NSE,STO,112817,,GRASIM,,2026-04-28,2026-04-28,3160.0,CE,GRASIM26APR3160CE,0.0,0.0,0.0,55.5,0.0,55.5,2933.8,39.15,0,0,0,0.0,0,F1,250,,,,,
2026-02-18,2026-02-18,FO,NSE,STO,95472,,GRASIM,,2026-02-24,2026-02-24,2480.0,PE,GRASIM26FEB2480PE,0.0,0.0,0.0,45.5,0.0,45.5,2933.8,0.05,0,0,0,0.0,0,F1,250,,,,,
2026-02-18,2026-02-18,FO,NSE,STO,101309,,GRASIM,,2026-03-30,2026-03-30,2520.0,PE,GRASIM26MAR2520PE,4.5,4.5,4.5,4.5,4.5,6.15,2933.8,4.5,3500,500,2,1262250.0,1,F1,250,,,,,
2026-02-18,2026-02-18,FO,NSE,STO,101460,,GRASIM,,2026-03-30,2026-03-30,3360.0,CE,GRASIM26MAR3360CE,0.0,0.0,0.0,20.5,0.0,20.5,2933.8,2.55,0,0,0,0.0,0,F1,250,,,,,
2026-02-18,2026-02-18,FO,NSE,STO,95439,,GRASIM,,2026-02-24,2026-02-24,2400.0,PE,GRASIM26FEB2400PE,0.0,0.0,0.0,28.5,0.0,28.5,2933.8,0.05,0,0,0,0.0,0,F1,250,,,,,
2026-02-18,2026-02-18,FO,NSE,STO,95490,,GRASIM,,2026-02-24,2026-02-24,2840.0,PE,GRASIM26FEB2840PE,14.1,14.1,4.7,4.9,4.85,13.95,2933.8,4.9,42500,-35250,638,454245462.5,547,F1,250,,,,,
2026-02-18,2026-02-18,FO,NSE,STO,95492,,GRASIM,,2026-02-24,2026-02-24,2880.0,PE,GRASIM26FEB2880PE,29.5,29.5,9.75,10.3,10.25,26.75,2933.8,10.3,53250,6250,617,446656112.5,586,F1,250,,,,,
2026-02-18,2026-02-18,FO,NSE,STO,101450,,GRASIM,,2026-03-30,2026-03-30,3160.0,CE,GRASIM26MAR3160CE,0.0,0.0,0.0,27.0,27.0,27.0,2933.8,17.95,2250,0,0,0.0,0,F1,250,,,,,
2026-02-18,2026-02-18,FO,NSE,STO,101454,,GRASIM,,2026-03-30,2026-03-30,3240.0,CE,GRASIM26MAR3240CE,0.0,0.0,0.0,10.55,10.55,10.55,2933.8,8.75,1750,0,0,0.0,0,F1,250,,,,,
2026-02-18,2026-02-18,FO,NSE,STO,112827,,GRASIM,,2026-04-28,2026-04-28,3360.0,CE,GRASIM26APR3360CE,0.0,0.0,0.0,23.2,0.0,23.2,2933.8,10.9,0,0,0,0.0,0,F1,250,,,,,
2026-02-18,2026-02-18,FO,NSE,STO,100998,,GRASIM,,2026-02-24,2026-02-24,2540.0,PE,GRASIM26FEB2540PE,0.7,0.75,0.45,0.45,0.45,0.6,2933.8,0.05,8500,-6000,34,21595950.0,32,F1,250,,,,,
2026-02-18,2026-02-18,FO,NSE,STO,95480,,GRASIM,,2026-02-24,2026-02-24,2640.0,PE,GRASIM26FEB2640PE,0.0,0.0,0.0,1.9,1.9,1.9,2933.8,0.05,33500,0,0,0.0,0,F1,250,,,,,
2026-02-18,2026-02-18,FO,NSE,STO,101004,,GRASIM,,2026-02-24,2026-02-24,2660.0,PE,GRASIM26FEB2660PE,1.1,1.5,1.05,1.05,1.05,1.95,2933.8,1.05,42000,-3250,33,21955525.0,24,F1,250,,,,,
2026-02-18,2026-02-18,FO,NSE,STO,95498,,GRASIM,,2026-02-24,2026-02-24,3000.0,PE,GRASIM26FEB3000PE,103.0,105.5,74.6,74.6,74.6,105.1,2933.8,74.6,36750,-1750,61,47100775.0,57,F1,250,,,,,
2026-02-18,2026-02-18,FO,NSE,STO,101056,,GRASIM,,2026-02-24,2026-02-24,3020.0,PE,GRASIM26FEB3020PE,119.05,123.0,97.6,100.95,100.95,100.0,2933.8,89.55,16500,500,12,9413050.0,12,F1,250,,,,,
2026-02-18,2026-02-18,FO,NSE,STO,95513,,GRASIM,,2026-02-24,2026-02-24,3120.0,PE,GRASIM26FEB3120PE,0.0,0.0,0.0,415.85,0.0,415.85,2933.8,183.7,0,0,0,0.0,0,F1,250,,,,,
2026-02-18,2026-02-18,FO,NSE,STO,95520,,GRASIM,,2026-02-24,2026-02-24,3200.0,PE,GRASIM26FEB3200PE,0.0,0.0,0.0,485.4,0.0,485.4,2933.8,263.3,0,0,0,0.0,0,F1,250,,,,,
2026-02-18,2026-02-18,FO,NSE,STO,95522,,GRASIM,,2026-02-24,2026-02-24,3240.0,PE,GRASIM26FEB3240PE,0.0,0.0,0.0,521.25,0.0,521.25,2933.8,303.25,0,0,0,0.0,0,F1,250,,,,,
2026-02-18,2026-02-18,FO,NSE,STO,101257,,GRASIM,,2026-03-30,2026-03-30,2320.0,PE,GRASIM26MAR2320PE,0.0,0.0,0.0,5.25,0.0,5.25,2933.8,0.05,0,0,0,0.0,0,F1,250,,,,,
2026-02-18,2026-02-18,FO,NSE,STO,112762,,GRASIM,,2026-04-28,2026-04-28,3120.0,PE,GRASIM26APR3120PE,0.0,0.0,0.0,280.95,0.0,280.95,2933.8,202.9,0,0,0,0.0,0,F1,250,,,,,
2026-02-18,2026-02-18,FO,NSE,STO,112741,,GRASIM,,2026-04-28,2026-04-28,3080.0,PE,GRASIM26APR3080PE,0.0,0.0,0.0,252.5,0.0,252.5,2933.8,175.05,0,0,0,0.0,0,F1,250,,,,,
2026-02-18,2026-02-18,FO,NSE,STO,101459,,GRASIM,,2026-03-30,2026-03-30,3320.0,PE,GRASIM26MAR3320PE,0.0,0.0,0.0,453.9,0.0,453.9,2933.8,370.2,0,0,0,0.0,0,F1,250,,,,,
2026-02-18,2026-02-18,FO,NSE,STO,112416,,GRASIM,,2026-03-30,2026-03-30,2700.0,PE,GRASIM26MAR2700PE,14.0,14.0,12.45,12.45,12.45,17.75,2933.8,12.45,7500,4000,19,12889725.0,12,F1,250,,,,,
2026-02-18,2026-02-18,FO,NSE,STO,101005,,GRASIM,,2026-02-24,2026-02-24,2700.0,CE,GRASIM26FEB2700CE,0.0,0.0,0.0,218.0,218.0,218.0,2933.8,236.25,9000,0,0,0.0,0,F1,250,,,,,
2026-02-18,2026-02-18,FO,NSE,STO,101074,,GRASIM,,2026-02-24,2026-02-24,3140.0,CE,GRASIM26FEB3140CE,1.1,1.55,1.1,1.45,1.45,1.4,2933.8,1.45,48250,500,49,38483037.5,45,F1,250,,,,,
2026-02-18,2026-02-18,FO,NSE,STO,95526,,GRASIM,,2026-02-24,2026-02-24,3320.0,CE,GRASIM26FEB3320CE,1.55,1.55,0.15,0.5,0.5,0.45,2933.8,0.05,11000,-2000,24,19923300.0,23,F1,250,,,,,
2026-02-18,2026-02-18,FO,NSE,STO,101412,,GRASIM,,2026-03-30,2026-03-30,2680.0,CE,GRASIM26MAR2680CE,0.0,0.0,0.0,260.0,0.0,260.0,2933.8,277.1,0,0,0,0.0,0,F1,250,,,,,
2026-02-18,2026-02-18,FO,NSE,STO,112646,,GRASIM,,2026-04-28,2026-04-28,2800.0,CE,GRASIM26APR2800CE,0.0,0.0,0.0,195.85,0.0,195.85,2933.8,204.5,0,0,0,0.0,0,F1,250,,,,,
2026-02-18,2026-02-18,FO,NSE,STO,112456,,GRASIM,,2026-03-30,2026-03-30,2900.0,PE,GRASIM26MAR2900PE,65.1,69.0,54.0,54.85,54.0,71.8,2933.8,54.85,13000,10250,92,68083975.0,70,F1,250,,,,,
2026-02-18,2026-02-18,FO,NSE,STO,101439,,GRASIM,,2026-03-30,2026-03-30,2920.0,PE,GRASIM26MAR2920PE,66.0,66.0,66.0,66.0,66.0,67.65,2933.8,65.85,750,250,1,746500.0,1,F1,250,,,,,
2026-02-18,2026-02-18,FO,NSE,STO,112637,,GRASIM,,2026-04-28,2026-04-28,2600.0,PE,GRASIM26APR2600PE,0.0,0.0,0.0,36.15,0.0,36.15,2933.8,8.3,0,0,0,0.0,0,F1,250,,,,,
2026-02-18,2026-02-18,FO,NSE,STO,100996,,GRASIM,,2026-02-24,2026-02-24,2500.0,PE,GRASIM26FEB2500PE,0.5,0.5,0.2,0.25,0.25,0.6,2933.8,0.05,70500,-250,20,12501725.0,20,F1,250,,,,,
2026-02-18,2026-02-18,FO,NSE,STO,112649,,GRASIM,,2026-04-28,2026-04-28,2840.0,PE,GRASIM26APR2840PE,0.0,0.0,0.0,113.95,0.0,113.95,2933.8,53.9,0,0,0,0.0,0,F1,250,,,,,
2026-02-18,2026-02-18,FO,NSE,STO,112818,,GRASIM,,2026-04-28,2026-04-28,3160.0,PE,GRASIM26APR3160PE,0.0,0.0,0.0,310.9,0.0,310.9,2933.8,232.65,0,0,0,0.0,0,F1,250,,,,,
2026-02-18,2026-02-18,FO,NSE,STO,95488,,GRASIM,,2026-02-24,2026-02-24,2800.0,PE,GRASIM26FEB2800PE,5.8,6.25,2.75,2.85,2.85,7.3,2933.8,2.85,272000,-5750,546,382748325.0,387,F1,250,,,,,
2026-02-18,2026-02-18,FO,NSE,STO,101059,,GRASIM,,2026-02-24,2026-02-24,3060.0,PE,GRASIM26FEB3060PE,0.0,0.0,0.0,234.45,0.0,234.45,2933.8,125.6,0,0,0,0.0,0,F1,250,,,,,
2026-02-18,2026-02-18,FO,NSE,STO,95510,,GRASIM,,2026-02-24,2026-02-24,3080.0,PE,GRASIM26FEB3080PE,0.0,0.0,0.0,382.3,0.0,382.3,2933.8,144.6,0,0,0,0.0,0,F1,250,,,,,
2026-02-18,2026-02-18,FO,NSE,STO,101267,,GRASIM,,2026-03-30,2026-03-30,2360.0,PE,GRASIM26MAR2360PE,0.0,0.0,0.0,7.35,0.0,7.35,2933.8,0.05,0,0,0,0.0,0,F1,250,,,,,
2026-02-18,2026-02-18,FO,NSE,STO,101301,,GRASIM,,2026-03-30,2026-03-30,2480.0,PE,GRASIM26MAR2480PE,0.0,0.0,0.0,18.1,0.0,18.1,2933.8,0.35,0,0,0,0.0,0,F1,250,,,,,
2026-02-18,2026-02-18,FO,NSE,STO,95435,,GRASIM,,2026-02-24,2026-02-24,2320.0,PE,GRASIM26FEB2320PE,0.0,0.0,0.0,2.3,2.3,2.3,2933.8,0.05,750,0,0,0.0,0,F1,250,,,,,
2026-02-18,2026-02-18,FO,NSE,STO,95494,,GRASIM,,2026-02-24,2026-02-24,2920.0,PE,GRASIM26FEB2920PE,41.3,46.4,21.8,22.95,22.2,47.6,2933.8,22.95,72250,8750,858,632483212.5,749,F1,250,,,,,
2026-02-18,2026-02-18,FO,NSE,STO,112761,,GRASIM,,2026-04-28,2026-04-28,3120.0,CE,GRASIM26APR3120CE,0.0,0.0,0.0,64.95,0.0,64.95,2933.8,49.0,0,0,0,0.0,0,F1,250,,,,,
2026-02-18,2026-02-18,FO,NSE,STO,112636,,GRASIM,,2026-04-28,2026-04-28,2600.0,CE,GRASIM26APR2600CE,0.0,0.0,0.0,332.2,0.0,332.2,2933.8,369.0,0,0,0,0.0,0,F1,250,,,,,
2026-02-18,2026-02-18,FO,NSE,STO,112622,,GRASIM,,2026-04-28,2026-04-28,2320.0,CE,GRASIM26APR2320CE,0.0,0.0,0.0,576.65,0.0,576.65,2933.8,638.05,0,0,0,0.0,0,F1,250,,,,,
2026-02-18,2026-02-18,FO,NSE,STO,112484,,GRASIM,,2026-03-30,2026-03-30,3060.0,CE,GRASIM26MAR3060CE,0.0,0.0,0.0,39.8,39.8,39.8,2933.8,39.55,2250,0,0,0.0,0,F1,250,,,,,
2026-02-18,2026-02-18,FO,NSE,STO,112461,,GRASIM,,2026-03-30,2026-03-30,2980.0,CE,GRASIM26MAR2980CE,63.0,64.1,63.0,63.35,63.35,43.3,2933.8,68.0,1250,750,4,3043362.5,4,F1,250,,,,,
2026-02-18,2026-02-18,FO,NSE,STO,112455,,GRASIM,,2026-03-30,2026-03-30,2900.0,CE,GRASIM26MAR2900CE,99.7,108.9,90.8,104.25,103.0,91.6,2933.8,104.25,24750,4750,112,83980350.0,102,F1,250,,,,,
2026-02-18,2026-02-18,FO,NSE,STO,112447,,GRASIM,,2026-03-30,2026-03-30,2820.0,CE,GRASIM26MAR2820CE,0.0,0.0,0.0,152.6,152.6,152.6,2933.8,161.15,1000,0,0,0.0,0,F1,250,,,,,
2026-02-18,2026-02-18,FO,NSE,STO,101266,,GRASIM,,2026-03-30,2026-03-30,2360.0,CE,GRASIM26MAR2360CE,0.0,0.0,0.0,524.0,0.0,524.0,2933.8,588.0,0,0,0,0.0,0,F1,250,,,,,
2026-02-18,2026-02-18,FO,NSE,STO,100997,,GRASIM,,2026-02-24,2026-02-24,2540.0,CE,GRASIM26FEB2540CE,0.0,0.0,0.0,338.95,0.0,338.95,2933.8,396.1,0,0,0,0.0,0,F1,250,,,,,
2026-02-18,2026-02-18,FO,NSE,STO,95434,,GRASIM,,2026-02-24,2026-02-24,2320.0,CE,GRASIM26FEB2320CE,0.0,0.0,0.0,418.55,0.0,418.55,2933.8,615.9,0,0,0,0.0,0,F1,250,,,,,
2026-02-18,2026-02-18,FO,NSE,STO,112367,,GRASIM,,2026-03-30,2026-03-30,2660.0,PE,GRASIM26MAR2660PE,11.35,11.35,9.8,9.8,9.8,14.05,2933.8,9.8,16250,11500,84,56073825.0,76,F1,250,,,,,
2026-02-18,2026-02-18,FO,NSE,STO,112641,,GRASIM,,2026-04-28,2026-04-28,2680.0,PE,GRASIM26APR2680PE,0.0,0.0,0.0,55.7,0.0,55.7,2933.8,17.05,0,0,0,0.0,0,F1,250,,,,,
2026-02-18,2026-02-18,FO,NSE,STO,112450,,GRASIM,,2026-03-30,2026-03-30,2860.0,PE,GRASIM26MAR2860PE,0.0,0.0,0.0,105.2,0.0,105.2,2933.8,42.35,0,0,0,0.0,0,F1,250,,,,,
2026-02-18,2026-02-18,FO,NSE,STO,101051,,GRASIM,,2026-02-24,2026-02-24,2980.0,CE,GRASIM26FEB2980CE,9.0,15.5,7.45,11.3,11.65,10.1,2933.8,11.3,93000,3500,691,516771275.0,633,F1,250,,,,,
2026-02-18,2026-02-18,FO,NSE,STO,95476,,GRASIM,,2026-02-24,2026-02-24,2560.0,PE,GRASIM26FEB2560PE,0.8,1.0,0.7,0.8,0.8,0.6,2933.8,0.05,46000,0,20,12804325.0,20,F1,250,,,,,
2026-02-18,2026-02-18,FO,NSE,STO,101010,,GRASIM,,2026-02-24,2026-02-24,2780.0,PE,GRASIM26FEB2780PE,4.1,4.35,2.1,2.15,2.1,5.15,2933.8,2.15,82250,-750,170,118276212.5,152,F1,250,,,,,
2026-02-18,2026-02-18,FO,NSE,STO,95518,,GRASIM,,2026-02-24,2026-02-24,3160.0,PE,GRASIM26FEB3160PE,0.0,0.0,0.0,450.25,0.0,450.25,2933.8,223.4,0,0,0,0.0,0,F1,250,,,,,
2026-02-18,2026-02-18,FO,NSE,STO,101367,,GRASIM,,2026-03-30,2026-03-30,2560.0,PE,GRASIM26MAR2560PE,5.55,5.65,5.55,5.6,5.65,20.6,2933.8,5.6,2000,1000,4,2565600.0,2,F1,250,,,,,
2026-02-18,2026-02-18,FO,NSE,STO,112446,,GRASIM,,2026-03-30,2026-03-30,2780.0,PE,GRASIM26MAR2780PE,0.0,0.0,0.0,29.55,29.55,29.55,2933.8,21.1,2250,0,0,0.0,0,F1,250,,,,,
2026-02-18,2026-02-18,FO,NSE,STO,101449,,GRASIM,,2026-03-30,2026-03-30,3120.0,PE,GRASIM26MAR3120PE,0.0,0.0,0.0,291.45,0.0,291.45,2933.8,192.45,0,0,0,0.0,0,F1,250,,,,,
2026-02-18,2026-02-18,FO,NSE,STO,101461,,GRASIM,,2026-03-30,2026-03-30,3360.0,PE,GRASIM26MAR3360PE,0.0,0.0,0.0,489.05,0.0,489.05,2933.8,408.6,0,0,0,0.0,0,F1,250,,,,,
2026-02-18,2026-02-18,FO,NSE,STO,112348,,GRASIM,,2026-03-30,2026-03-30,2500.0,CE,GRASIM26MAR2500CE,0.0,0.0,0.0,392.9,0.0,392.9,2933.8,449.35,0,0,0,0.0,0,F1,250,,,,,
2026-02-18,2026-02-18,FO,NSE,STO,95474,,GRASIM,,2026-02-24,2026-02-24,2520.0,PE,GRASIM26FEB2520PE,0.0,0.0,0.0,56.35,0.0,56.35,2933.8,0.05,0,0,0,0.0,0,F1,250,,,,,
2026-02-18,2026-02-18,FO,NSE,STO,112819,,GRASIM,,2026-04-28,2026-04-28,3200.0,CE,GRASIM26APR3200CE,0.0,0.0,0.0,47.0,0.0,47.0,2933.8,30.95,0,0,0,0.0,0,F1,250,,,,,
2026-02-18,2026-02-18,FO,NSE,STO,112664,,GRASIM,,2026-04-28,2026-04-28,3000.0,CE,GRASIM26APR3000CE,0.0,0.0,0.0,102.0,0.0,102.0,2933.8,90.3,0,0,0,0.0,0,F1,250,,,,,
2026-02-18,2026-02-18,FO,NSE,STO,101456,,GRASIM,,2026-03-30,2026-03-30,3280.0,CE,GRASIM26MAR3280CE,7.6,7.65,7.0,7.3,7.5,7.65,2933.8,7.3,10500,6500,26,21368100.0,18,F1,250,,,,,
2026-02-18,2026-02-18,FO,NSE,STO,101452,,GRASIM,,2026-03-30,2026-03-30,3200.0,CE,GRASIM26MAR3200CE,11.85,13.35,10.2,11.6,11.5,11.5,2933.8,11.6,85500,6000,69,55406275.0,63,F1,250,,,,,
2026-02-18,2026-02-18,FO,NSE,STO,101448,,GRASIM,,2026-03-30,2026-03-30,3120.0,CE,GRASIM26MAR3120CE,0.0,0.0,0.0,24.45,24.45,24.45,2933.8,25.0,750,0,0,0.0,0,F1,250,,,,,
2026-02-18,2026-02-18,FO,NSE,STO,112445,,GRASIM,,2026-03-30,2026-03-30,2780.0,CE,GRASIM26MAR2780CE,0.0,0.0,0.0,138.5,138.5,138.5,2933.8,191.6,250,0,0,0.0,0,F1,250,,,,,
2026-02-18,2026-02-18,FO,NSE,STO,112353,,GRASIM,,2026-03-30,2026-03-30,2580.0,CE,GRASIM26MAR2580CE,0.0,0.0,0.0,323.25,0.0,323.25,2933.8,371.15,0,0,0,0.0,0,F1,250,,,,,
2026-02-18,2026-02-18,FO,NSE,STO,101001,,GRASIM,,2026-02-24,2026-02-24,2620.0,CE,GRASIM26FEB2620CE,0.0,0.0,0.0,323.55,323.55,323.55,2933.8,316.15,4000,0,0,0.0,0,F1,250,,,,,
2026-02-18,2026-02-18,FO,NSE,STO,112652,,GRASIM,,2026-04-28,2026-04-28,2920.0,CE,GRASIM26APR2920CE,0.0,0.0,0.0,134.45,0.0,134.45,2933.8,129.0,0,0,0,0.0,0,F1,250,,,,,
2026-02-18,2026-02-18,FO,NSE,STO,101000,,GRASIM,,2026-02-24,2026-02-24,2580.0,PE,GRASIM26FEB2580PE,1.2,1.2,0.55,0.65,0.65,2.95,2933.8,0.05,2750,0,32,20646825.0,32,F1,250,,,,,
2026-02-18,2026-02-18,FO,NSE,STO,112820,,GRASIM,,2026-04-28,2026-04-28,3200.0,PE,GRASIM26APR3200PE,0.0,0.0,0.0,341.75,0.0,341.75,2933.8,264.05,0,0,0,0.0,0,F1,250,,,,,
2026-02-18,2026-02-18,FO,NSE,STO,101054,,GRASIM,,2026-02-24,2026-02-24,2980.0,PE,GRASIM26FEB2980PE,0.0,0.0,0.0,103.2,104.0,103.2,2933.8,58.0,11000,0,0,0.0,0,F1,250,,,,,
2026-02-18,2026-02-18,FO,NSE,STO,101299,,GRASIM,,2026-03-30,2026-03-30,2440.0,PE,GRASIM26MAR2440PE,0.0,0.0,0.0,13.65,0.0,13.65,2933.8,0.15,0,0,0,0.0,0,F1,250,,,,,
2026-02-18,2026-02-18,FO,NSE,STO,112358,,GRASIM,,2026-03-30,2026-03-30,2620.0,PE,GRASIM26MAR2620PE,0.0,0.0,0.0,10.9,10.9,10.9,2933.8,3.3,1000,0,0,0.0,0,F1,250,,,,,
2026-02-18,2026-02-18,FO,NSE,STO,112444,,GRASIM,,2026-03-30,2026-03-30,2740.0,PE,GRASIM26MAR2740PE,22.55,22.55,17.5,17.5,17.5,22.15,2933.8,14.1,750,0,4,2758850.0,4,F1,250,,,,,
2026-02-18,2026-02-18,FO,NSE,STO,112448,,GRASIM,,2026-03-30,2026-03-30,2820.0,PE,GRASIM26MAR2820PE,0.0,0.0,0.0,38.3,38.3,38.3,2933.8,30.4,1000,0,0,0.0,0,F1,250,,,,,
2026-02-18,2026-02-18,FO,NSE,STO,101425,,GRASIM,,2026-03-30,2026-03-30,2840.0,PE,GRASIM26MAR2840PE,34.25,34.25,34.25,34.25,34.25,49.0,2933.8,34.25,1250,500,4,2874250.0,3,F1,250,,,,,
2026-02-18,2026-02-18,FO,NSE,STO,101429,,GRASIM,,2026-03-30,2026-03-30,2880.0,PE,GRASIM26MAR2880PE,0.0,0.0,0.0,56.3,56.3,56.3,2933.8,49.45,1000,0,0,0.0,0,F1,250,,,,,
2026-02-18,2026-02-18,FO,NSE,STO,95497,,GRASIM,,2026-02-24,2026-02-24,3000.0,CE,GRASIM26FEB3000CE,6.85,11.0,5.15,7.6,7.5,7.0,2933.8,7.6,293500,3500,1860,1398788862.5,1495,F1,250,,,,,
2026-02-18,2026-02-18,FO,NSE,STO,101277,,GRASIM,,2026-03-30,2026-03-30,2400.0,CE,GRASIM26MAR2400CE,0.0,0.0,0.0,487.35,0.0,487.35,2933.8,548.3,0,0,0,0.0,0,F1,250,,,,,
2026-02-18,2026-02-18,FO,NSE,STO,101417,,GRASIM,,2026-03-30,2026-03-30,2760.0,CE,GRASIM26MAR2760CE,0.0,0.0,0.0,208.1,0.0,208.1,2933.8,207.7,0,0,0,0.0,0,F1,250,,,,,
2026-02-18,2026-02-18,FO,NSE,STO,101428,,GRASIM,,2026-03-30,2026-03-30,2880.0,CE,GRASIM26MAR2880CE,116.85,116.85,116.85,116.85,116.85,95.0,2933.8,120.55,2500,-250,1,749212.5,1,F1,250,,,,,
2026-02-18,2026-02-18,FO,NSE,STO,112488,,GRASIM,,2026-03-30,2026-03-30,3140.0,CE,GRASIM26MAR3140CE,0.0,0.0,0.0,23.35,23.35,23.35,2933.8,21.25,500,0,0,0.0,0,F1,250,,,,,
2026-02-18,2026-02-18,FO,NSE,STO,112638,,GRASIM,,2026-04-28,2026-04-28,2640.0,CE,GRASIM26APR2640CE,0.0,0.0,0.0,301.8,0.0,301.8,2933.8,333.15,0,0,0,0.0,0,F1,250,,,,,
2026-02-18,2026-02-18,FO,NSE,STO,95483,,GRASIM,,2026-02-24,2026-02-24,2720.0,CE,GRASIM26FEB2720CE,0.0,0.0,0.0,102.0,102.0,102.0,2933.8,216.3,3750,0,0,0.0,0,F1,250,,,,,
2026-02-18,2026-02-18,FO,NSE,STO,95487,,GRASIM,,2026-02-24,2026-02-24,2800.0,CE,GRASIM26FEB2800CE,106.2,137.65,105.3,133.5,133.5,102.35,2933.8,133.5,52000,-8750,56,40986537.5,35,F1,250,,,,,
2026-02-18,2026-02-18,FO,NSE,STO,95495,,GRASIM,,2026-02-24,2026-02-24,2960.0,CE,GRASIM26FEB2960CE,15.0,21.8,10.85,16.7,16.6,13.65,2933.8,16.7,152750,-15250,1352,1006034287.5,1179,F1,250,,,,,
2026-02-18,2026-02-18,FO,NSE,STO,95523,,GRASIM,,2026-02-24,2026-02-24,3280.0,CE,GRASIM26FEB3280CE,1.5,1.5,0.2,0.55,0.55,0.55,2933.8,0.55,8250,-500,36,29524450.0,36,F1,250,,,,,
2026-02-18,2026-02-18,FO,NSE,STO,101423,,GRASIM,,2026-03-30,2026-03-30,2840.0,CE,GRASIM26MAR2840CE,145.0,145.0,140.0,143.6,144.45,177.15,2933.8,143.6,1750,750,7,5221950.0,5,F1,250,,,,,
2026-02-18,2026-02-18,FO,NSE,STO,101458,,GRASIM,,2026-03-30,2026-03-30,3320.0,CE,GRASIM26MAR3320CE,0.0,0.0,0.0,7.0,7.0,7.0,2933.8,3.95,1250,0,0,0.0,0,F1,250,,,,,
2026-02-18,2026-02-18,FO,NSE,STO,112487,,GRASIM,,2026-03-30,2026-03-30,3100.0,PE,GRASIM26MAR3100PE,0.0,0.0,0.0,175.0,175.0,175.0,2933.8,176.85,1000,0,0,0.0,0,F1,250,,,,,
2026-02-18,2026-02-18,FO,NSE,STO,112489,,GRASIM,,2026-03-30,2026-03-30,3140.0,PE,GRASIM26MAR3140PE,0.0,0.0,0.0,287.5,0.0,287.5,2933.8,208.6,0,0,0,0.0,0,F1,250,,,,,
2026-02-18,2026-02-18,FO,NSE,STO,101455,,GRASIM,,2026-03-30,2026-03-30,3240.0,PE,GRASIM26MAR3240PE,0.0,0.0,0.0,385.95,0.0,385.95,2933.8,295.5,0,0,0,0.0,0,F1,250,,,,,
2026-02-18,2026-02-18,FO,NSE,STF,59340,,GRASIM,,2026-02-24,2026-02-24,,,GRASIM26FEBFUT,2885.1,2936.2,2885.1,2931.4,2931.4,2898.3,2933.8,2931.4,12888500,-1945500,10200,7458775375.0,4732,F1,250,,,,,
2026-02-18,2026-02-18,FO,NSE,STF,51884,,GRASIM,,2026-03-30,2026-03-30,,,GRASIM26MARFUT,2952.6,2954.6,2918.8,2950.2,2952.6,2917.5,2933.8,2950.2,3335250,1916250,8087,5953850675.0,2892,F1,250,,,,,
2026-02-18,2026-02-18,FO,NSE,STO,95478,,GRASIM,,2026-02-24,2026-02-24,2600.0,PE,GRASIM26FEB2600PE,1.05,1.35,0.7,0.7,0.7,1.0,2933.8,0.7,128500,4250,1369,890214775.0,1165,F1,250,,,,,
2026-02-18,2026-02-18,FO,NSE,STO,95437,,GRASIM,,2026-02-24,2026-02-24,2360.0,PE,GRASIM26FEB2360PE,0.0,0.0,0.0,1.1,1.1,1.1,2933.8,0.05,3750,0,0,0.0,0,F1,250,,,,,
2026-02-18,2026-02-18,FO,NSE,STO,112642,,GRASIM,,2026-04-28,2026-04-28,2720.0,CE,GRASIM26APR2720CE,0.0,0.0,0.0,245.5,0.0,245.5,2933.8,265.45,0,0,0,0.0,0,F1,250,,,,,
2026-02-18,2026-02-18,FO,NSE,STO,112626,,GRASIM,,2026-04-28,2026-04-28,2400.0,CE,GRASIM26APR2400CE,0.0,0.0,0.0,502.45,0.0,502.45,2933.8,559.45,0,0,0,0.0,0,F1,250,,,,,
2026-02-18,2026-02-18,FO,NSE,STO,112490,,GRASIM,,2026-03-30,2026-03-30,3180.0,CE,GRASIM26MAR3180CE,0.0,0.0,0.0,24.1,24.1,24.1,2933.8,15.1,500,0,0,0.0,0,F1,250,,,,,
2026-02-18,2026-02-18,FO,NSE,STO,112457,,GRASIM,,2026-03-30,2026-03-30,2940.0,CE,GRASIM26MAR2940CE,84.9,85.9,80.1,82.2,83.0,70.0,2933.8,82.2,10000,3000,21,15871025.0,20,F1,250,,,,,
2026-02-18,2026-02-18,FO,NSE,STO,101414,,GRASIM,,2026-03-30,2026-03-30,2720.0,CE,GRASIM26MAR2720CE,0.0,0.0,0.0,135.0,135.0,135.0,2933.8,241.5,500,0,0,0.0,0,F1,250,,,,,
2026-02-18,2026-02-18,FO,NSE,STO,101279,,GRASIM,,2026-03-30,2026-03-30,2440.0,CE,GRASIM26MAR2440CE,0.0,0.0,0.0,451.45,0.0,451.45,2933.8,508.65,0,0,0,0.0,0,F1,250,,,,,
2026-02-18,2026-02-18,FO,NSE,STO,95477,,GRASIM,,2026-02-24,2026-02-24,2600.0,CE,GRASIM26FEB2600CE,0.0,0.0,0.0,165.8,165.8,165.8,2933.8,336.15,500,0,0,0.0,0,F1,250,,,,,
2026-02-18,2026-02-18,FO,NSE,STO,101003,,GRASIM,,2026-02-24,2026-02-24,2660.0,CE,GRASIM26FEB2660CE,0.0,0.0,0.0,240.7,0.0,240.7,2933.8,276.2,0,0,0,0.0,0,F1,250,,,,,
2026-02-18,2026-02-18,FO,NSE,STO,101043,,GRASIM,,2026-02-24,2026-02-24,2940.0,CE,GRASIM26FEB2940CE,19.3,30.4,15.7,24.15,24.0,19.05,2933.8,24.15,169250,23500,3140,2327605237.5,2557,F1,250,,,,,
2026-02-18,2026-02-18,FO,NSE,STO,95533,,GRASIM,,2026-02-24,2026-02-24,3400.0,CE,GRASIM26FEB3400CE,0.0,0.0,0.0,7.45,0.0,7.45,2933.8,0.05,0,0,0,0.0,0,F1,250,,,,,
2026-02-18,2026-02-18,FO,NSE,STO,112661,,GRASIM,,2026-04-28,2026-04-28,2960.0,PE,GRASIM26APR2960PE,0.0,0.0,0.0,175.85,0.0,175.85,2933.8,104.1,0,0,0,0.0,0,F1,250,,,,,
2026-02-18,2026-02-18,FO,NSE,STO,112643,,GRASIM,,2026-04-28,2026-04-28,2720.0,PE,GRASIM26APR2720PE,0.0,0.0,0.0,67.6,0.0,67.6,2933.8,23.5,0,0,0,0.0,0,F1,250,,,,,
2026-02-18,2026-02-18,FO,NSE,STO,112631,,GRASIM,,2026-04-28,2026-04-28,2480.0,PE,GRASIM26APR2480PE,0.0,0.0,0.0,17.05,0.0,17.05,2933.8,2.3,0,0,0,0.0,0,F1,250,,,,,
2026-02-18,2026-02-18,FO,NSE,STO,112623,,GRASIM,,2026-04-28,2026-04-28,2320.0,PE,GRASIM26APR2320PE,0.0,0.0,0.0,4.9,0.0,4.9,2933.8,0.25,0,0,0,0.0,0,F1,250,,,,,
2026-02-18,2026-02-18,FO,NSE,STO,112491,,GRASIM,,2026-03-30,2026-03-30,3180.0,PE,GRASIM26MAR3180PE,0.0,0.0,0.0,320.05,0.0,320.05,2933.8,242.2,0,0,0,0.0,0,F1,250,,,,,
2026-02-18,2026-02-18,FO,NSE,STO,112458,,GRASIM,,2026-03-30,2026-03-30,2940.0,PE,GRASIM26MAR2940PE,0.0,0.0,0.0,147.8,0.0,147.8,2933.8,75.2,0,0,0,0.0,0,F1,250,,,,,
2026-02-18,2026-02-18,FO,NSE,STO,95529,,GRASIM,,2026-02-24,2026-02-24,3360.0,PE,GRASIM26FEB3360PE,0.0,0.0,0.0,631.75,0.0,631.75,2933.8,423.15,0,0,0,0.0,0,F1,250,,,,,
2026-02-18,2026-02-18,FO,NSE,STO,101042,,GRASIM,,2026-02-24,2026-02-24,2900.0,PE,GRASIM26FEB2900PE,30.05,33.85,14.8,15.45,15.0,37.0,2933.8,15.45,127500,14250,1080,789068137.5,926,F1,250,,,,,
2026-02-18,2026-02-18,FO,NSE,STO,101026,,GRASIM,,2026-02-24,2026-02-24,2860.0,PE,GRASIM26FEB2860PE,20.3,20.3,6.6,7.0,6.8,19.4,2933.8,7.0,56250,-8750,552,396153950.0,486,F1,250,,,,,
2026-02-18,2026-02-18,FO,NSE,STO,101012,,GRASIM,,2026-02-24,2026-02-24,2820.0,PE,GRASIM26FEB2820PE,8.4,8.55,3.45,3.6,3.6,9.95,2933.8,3.6,35750,-6000,167,117931350.0,156,F1,250,,,,,
2026-02-18,2026-02-18,FO,NSE,STO,101002,,GRASIM,,2026-02-24,2026-02-24,2620.0,PE,GRASIM26FEB2620PE,1.7,1.7,1.0,1.0,1.0,1.95,2933.8,1.0,34000,-1250,830,543898687.5,721,F1,250,,,,,
2026-02-18,2026-02-18,FO,NSE,STO,95481,,GRASIM,,2026-02-24,2026-02-24,2680.0,CE,GRASIM26FEB2680CE,0.0,0.0,0.0,163.6,0.0,163.6,2933.8,256.25,0,0,0,0.0,0,F1,250,,,,,
2026-02-18,2026-02-18,FO,NSE,STO,95473,,GRASIM,,2026-02-24,2026-02-24,2520.0,CE,GRASIM26FEB2520CE,0.0,0.0,0.0,261.1,0.0,261.1,2933.8,416.1,0,0,0,0.0,0,F1,250,,,,,
2026-02-18,2026-02-18,FO,NSE,STO,95471,,GRASIM,,2026-02-24,2026-02-24,2480.0,CE,GRASIM26FEB2480CE,448.7,448.7,448.7,448.7,448.7,441.25,2933.8,456.05,750,0,3,2196525.0,1,F1,250,,,,,
2026-02-18,2026-02-18,FO,NSE,STO,95440,,GRASIM,,2026-02-24,2026-02-24,2440.0,CE,GRASIM26FEB2440CE,0.0,0.0,0.0,319.85,0.0,319.85,2933.8,496.0,0,0,0,0.0,0,F1,250,,,,,
2026-02-18,2026-02-18,FO,NSE,STO,95433,,GRASIM,,2026-02-24,2026-02-24,2280.0,PE,GRASIM26FEB2280PE,0.0,0.0,0.0,12.55,0.0,12.55,2933.8,0.05,0,0,0,0.0,0,F1,250,,,,,
2026-02-18,2026-02-18,FO,NSE,STO,95484,,GRASIM,,2026-02-24,2026-02-24,2720.0,PE,GRASIM26FEB2720PE,0.0,0.0,0.0,2.65,2.65,2.65,2933.8,0.05,17750,0,0,0.0,0,F1,250,,,,,
2026-02-18,2026-02-18,FO,NSE,STO,101008,,GRASIM,,2026-02-24,2026-02-24,2740.0,PE,GRASIM26FEB2740PE,2.0,2.25,1.45,1.45,1.55,2.7,2933.8,1.45,53250,-1500,158,108296187.5,113,F1,250,,,,,
2026-02-18,2026-02-18,FO,NSE,STO,95527,,GRASIM,,2026-02-24,2026-02-24,3320.0,PE,GRASIM26FEB3320PE,0.0,0.0,0.0,379.1,379.1,379.1,2933.8,383.2,9250,0,0,0.0,0,F1,250,,,,,
2026-02-18,2026-02-18,FO,NSE,STO,95534,,GRASIM,,2026-02-24,2026-02-24,3400.0,PE,GRASIM26FEB3400PE,0.0,0.0,0.0,669.4,0.0,669.4,2933.8,463.15,0,0,0,0.0,0,F1,250,,,,,
2026-02-18,2026-02-18,FO,NSE,STO,101255,,GRASIM,,2026-03-30,2026-03-30,2280.0,PE,GRASIM26MAR2280PE,0.0,0.0,0.0,3.65,0.0,3.65,2933.8,0.05,0,0,0,0.0,0,F1,250,,,,,
2026-02-18,2026-02-18,FO,NSE,STO,101415,,GRASIM,,2026-03-30,2026-03-30,2720.0,PE,GRASIM26MAR2720PE,0.0,0.0,0.0,37.3,37.3,37.3,2933.8,11.4,1500,0,0,0.0,0,F1,250,,,,,
2026-02-18,2026-02-18,FO,NSE,STO,101443,,GRASIM,,2026-03-30,2026-03-30,3000.0,PE,GRASIM26MAR3000PE,110.0,110.0,104.5,104.5,104.5,120.0,2933.8,108.0,5750,0,2,1553625.0,2,F1,250,,,,,
2026-02-18,2026-02-18,FO,NSE,STO,101447,,GRASIM,,2026-03-30,2026-03-30,3080.0,PE,GRASIM26MAR3080PE,0.0,0.0,0.0,262.2,0.0,262.2,2933.8,161.8,0,0,0,0.0,0,F1,250,,,,,
2026-02-18,2026-02-18,FO,NSE,STO,112648,,GRASIM,,2026-04-28,2026-04-28,2840.0,CE,GRASIM26APR2840CE,0.0,0.0,0.0,173.65,0.0,173.65,2933.8,177.1,0,0,0,0.0,0,F1,250,,,,,
2026-02-18,2026-02-18,FO,NSE,STO,112640,,GRASIM,,2026-04-28,2026-04-28,2680.0,CE,GRASIM26APR2680CE,0.0,0.0,0.0,272.95,0.0,272.95,2933.8,298.55,0,0,0,0.0,0,F1,250,,,,,
2026-02-18,2026-02-18,FO,NSE,STO,101446,,GRASIM,,2026-03-30,2026-03-30,3080.0,CE,GRASIM26MAR3080CE,0.0,0.0,0.0,21.7,21.7,21.7,2933.8,34.1,1000,0,0,0.0,0,F1,250,,,,,
2026-02-18,2026-02-18,FO,NSE,STO,105235,,HDFCLIFE,,2026-02-24,2026-02-24,830.0,CE,HDFCLIFE26FEB830CE,0.15,0.15,0.15,0.15,0.15,0.1,729.6,0.15,63800,15400,19,17350135.0,8,F1,1100,,,,,
2026-02-18,2026-02-18,FO,NSE,STO,105382,,HDFCLIFE,,2026-03-30,2026-03-30,700.0,PE,HDFCLIFE26MAR700PE,11.5,13.5,5.95,6.05,5.95,12.55,729.6,6.05,205700,66000,329,256234825.0,246,F1,1100,,,,,
2026-02-18,2026-02-18,FO,NSE,STO,105392,,HDFCLIFE,,2026-03-30,2026-03-30,760.0,PE,HDFCLIFE26MAR760PE,44.5,44.5,34.35,34.35,34.35,48.75,729.6,34.35,5500,4400,4,3516150.0,4,F1,1100,,,,,
2026-02-18,2026-02-18,FO,NSE,STO,116257,,HDFCLIFE,,2026-03-30,2026-03-30,810.0,PE,HDFCLIFE26MAR810PE,0.0,0.0,0.0,105.0,105.0,105.0,729.6,77.3,7700,0,0,0.0,0,F1,1100,,,,,
2026-02-18,2026-02-18,FO,NSE,STO,116297,,HDFCLIFE,,2026-04-28,2026-04-28,600.0,PE,HDFCLIFE26APR600PE,0.0,0.0,0.0,1.9,0.0,1.9,729.6,0.2,0,0,0,0.0,0,F1,1100,,,,,
2026-02-18,2026-02-18,FO,NSE,STO,116243,,HDFCLIFE,,2026-03-30,2026-03-30,670.0,PE,HDFCLIFE26MAR670PE,5.0,5.1,2.25,2.3,2.3,8.3,729.6,2.3,1100,1100,14,10363870.0,13,F1,1100,,,,,
2026-02-18,2026-02-18,FO,NSE,STO,105349,,HDFCLIFE,,2026-03-30,2026-03-30,620.0,PE,HDFCLIFE26MAR620PE,0.0,0.0,0.0,2.05,0.0,2.05,729.6,0.1,0,0,0,0.0,0,F1,1100,,,,,
2026-02-18,2026-02-18,FO,NSE,STO,105347,,HDFCLIFE,,2026-03-30,2026-03-30,600.0,PE,HDFCLIFE26MAR600PE,0.0,0.0,0.0,1.1,0.0,1.1,729.6,0.05,0,0,0,0.0,0,F1,1100,,,,,
2026-02-18,2026-02-18,FO,NSE,STO,105224,,HDFCLIFE,,2026-02-24,2026-02-24,730.0,PE,HDFCLIFE26FEB730PE,24.85,24.85,7.45,8.0,7.5,23.95,729.6,8.0,386100,73700,883,718948670.0,733,F1,1100,,,,,
2026-02-18,2026-02-18,FO,NSE,STO,116383,,HDFCLIFE,,2026-04-28,2026-04-28,800.0,CE,HDFCLIFE26APR800CE,0.0,0.0,0.0,12.65,0.0,12.65,729.6,6.7,0,0,0,0.0,0,F1,1100,,,,,
2026-02-18,2026-02-18,FO,NSE,STO,105433,,HDFCLIFE,,2026-03-30,2026-03-30,800.0,CE,HDFCLIFE26MAR800CE,1.5,2.3,1.5,2.25,2.15,1.5,729.6,2.25,89100,22000,102,89985060.0,87,F1,1100,,,,,
2026-02-18,2026-02-18,FO,NSE,STO,105387,,HDFCLIFE,,2026-03-30,2026-03-30,720.0,CE,HDFCLIFE26MAR720CE,15.3,25.1,14.4,24.55,24.8,14.3,729.6,24.55,181500,67100,867,704612755.0,683,F1,1100,,,,,
2026-02-18,2026-02-18,FO,NSE,STO,116246,,HDFCLIFE,,2026-03-30,2026-03-30,710.0,CE,HDFCLIFE26MAR710CE,18.8,32.2,18.8,31.6,32.0,18.95,729.6,31.6,63800,14300,550,443280915.0,485,F1,1100,,,,,
2026-02-18,2026-02-18,FO,NSE,STO,98100,,HDFCLIFE,,2026-02-24,2026-02-24,880.0,CE,HDFCLIFE26FEB880CE,0.0,0.0,0.0,3.7,3.7,3.7,729.6,0.05,3300,0,0,0.0,0,F1,1100,,,,,
2026-02-18,2026-02-18,FO,NSE,STO,98072,,HDFCLIFE,,2026-02-24,2026-02-24,680.0,PE,HDFCLIFE26FEB680PE,0.9,0.95,0.15,0.2,0.15,1.0,729.6,0.2,425700,-157300,850,636171745.0,345,F1,1100,,,,,
2026-02-18,2026-02-18,FO,NSE,STO,116387,,HDFCLIFE,,2026-04-28,2026-04-28,840.0,CE,HDFCLIFE26APR840CE,0.0,0.0,0.0,6.25,0.0,6.25,729.6,2.25,0,0,0,0.0,0,F1,1100,,,,,
2026-02-18,2026-02-18,FO,NSE,STO,116288,,HDFCLIFE,,2026-04-28,2026-04-28,560.0,CE,HDFCLIFE26APR560CE,0.0,0.0,0.0,169.05,0.0,169.05,729.6,175.4,0,0,0,0.0,0,F1,1100,,,,,
2026-02-18,2026-02-18,FO,NSE,STO,105379,,HDFCLIFE,,2026-03-30,2026-03-30,680.0,CE,HDFCLIFE26MAR680CE,0.0,0.0,0.0,83.0,0.0,83.0,729.6,56.85,0,0,0,0.0,0,F1,1100,,,,,
2026-02-18,2026-02-18,FO,NSE,STO,105377,,HDFCLIFE,,2026-03-30,2026-03-30,660.0,CE,HDFCLIFE26MAR660CE,0.0,0.0,0.0,47.0,47.0,47.0,729.6,74.8,1100,0,0,0.0,0,F1,1100,,,,,
2026-02-18,2026-02-18,FO,NSE,STO,116240,,HDFCLIFE,,2026-03-30,2026-03-30,650.0,CE,HDFCLIFE26MAR650CE,0.0,0.0,0.0,81.55,0.0,81.55,729.6,84.2,0,0,0,0.0,0,F1,1100,,,,,
2026-02-18,2026-02-18,FO,NSE,STF,66847,,HDFCLIFE,,2026-04-28,2026-04-28,,,HDFCLIFE26APRFUT,717.3,738.4,716.15,737.2,738.4,716.0,729.6,737.2,126500,7700,58,46638900.0,54,F1,1100,,,,,
2026-02-18,2026-02-18,FO,NSE,STO,116362,,HDFCLIFE,,2026-04-28,2026-04-28,660.0,PE,HDFCLIFE26APR660PE,0.0,0.0,0.0,9.6,0.0,9.6,729.6,3.25,0,0,0,0.0,0,F1,1100,,,,,
2026-02-18,2026-02-18,FO,NSE,STO,116374,,HDFCLIFE,,2026-04-28,2026-04-28,700.0,PE,HDFCLIFE26APR700PE,10.35,10.35,10.35,10.35,10.35,18.0,729.6,11.15,1100,0,1,781385.0,1,F1,1100,,,,,
2026-02-18,2026-02-18,FO,NSE,STO,116245,,HDFCLIFE,,2026-03-30,2026-03-30,690.0,PE,HDFCLIFE26MAR690PE,9.45,9.45,4.4,4.45,4.5,8.25,729.6,4.45,22000,12100,35,26813160.0,32,F1,1100,,,,,
2026-02-18,2026-02-18,FO,NSE,STO,105234,,HDFCLIFE,,2026-02-24,2026-02-24,810.0,PE,HDFCLIFE26FEB810PE,0.0,0.0,0.0,110.0,110.0,110.0,729.6,79.65,2200,0,0,0.0,0,F1,1100,,,,,
2026-02-18,2026-02-18,FO,NSE,STO,105230,,HDFCLIFE,,2026-02-24,2026-02-24,770.0,PE,HDFCLIFE26FEB770PE,62.0,62.0,41.5,41.5,41.5,63.75,729.6,41.5,36300,-2200,25,22482295.0,20,F1,1100,,,,,
2026-02-18,2026-02-18,FO,NSE,STO,105222,,HDFCLIFE,,2026-02-24,2026-02-24,710.0,PE,HDFCLIFE26FEB710PE,8.15,9.6,1.65,1.8,1.7,8.95,729.6,1.8,719400,286000,2966,2327753725.0,2400,F1,1100,,,,,
2026-02-18,2026-02-18,FO,NSE,STO,116360,,HDFCLIFE,,2026-04-28,2026-04-28,660.0,CE,HDFCLIFE26APR660CE,0.0,0.0,0.0,79.8,0.0,79.8,729.6,79.65,0,0,0,0.0,0,F1,1100,,,,,
2026-02-18,2026-02-18,FO,NSE,STO,98081,,HDFCLIFE,,2026-02-24,2026-02-24,740.0,PE,HDFCLIFE26FEB740PE,30.8,35.0,13.85,14.35,14.0,33.85,729.6,14.35,134200,6600,162,135214970.0,160,F1,1100,,,,,
2026-02-18,2026-02-18,FO,NSE,STO,98083,,HDFCLIFE,,2026-02-24,2026-02-24,760.0,PE,HDFCLIFE26FEB760PE,54.0,54.0,31.85,32.5,32.1,55.7,729.6,32.5,39600,-20900,59,51869785.0,46,F1,1100,,,,,
2026-02-18,2026-02-18,FO,NSE,STO,98085,,HDFCLIFE,,2026-02-24,2026-02-24,780.0,PE,HDFCLIFE26FEB780PE,58.5,59.3,53.2,53.55,53.55,73.25,729.6,49.75,38500,-1100,9,8263585.0,8,F1,1100,,,,,
2026-02-18,2026-02-18,FO,NSE,STO,105390,,HDFCLIFE,,2026-03-30,2026-03-30,740.0,PE,HDFCLIFE26MAR740PE,36.0,36.4,21.15,21.15,21.15,37.95,729.6,21.15,63800,24200,25,21000100.0,25,F1,1100,,,,,
2026-02-18,2026-02-18,FO,NSE,STO,116386,,HDFCLIFE,,2026-04-28,2026-04-28,820.0,PE,HDFCLIFE26APR820PE,0.0,0.0,0.0,96.4,0.0,96.4,729.6,85.9,0,0,0,0.0,0,F1,1100,,,,,
2026-02-18,2026-02-18,FO,NSE,STO,98069,,HDFCLIFE,,2026-02-24,2026-02-24,680.0,CE,HDFCLIFE26FEB680CE,30.2,49.1,27.0,49.1,49.1,28.25,729.6,49.1,47300,-14300,56,43945990.0,37,F1,1100,,,,,
2026-02-18,2026-02-18,FO,NSE,STO,105346,,HDFCLIFE,,2026-03-30,2026-03-30,600.0,CE,HDFCLIFE26MAR600CE,0.0,0.0,0.0,152.95,0.0,152.95,729.6,133.25,0,0,0,0.0,0,F1,1100,,,,,
2026-02-18,2026-02-18,FO,NSE,STO,116247,,HDFCLIFE,,2026-03-30,2026-03-30,710.0,PE,HDFCLIFE26MAR710PE,16.0,18.35,8.4,8.55,8.5,15.2,729.6,8.55,60500,33000,114,90678830.0,113,F1,1100,,,,,
2026-02-18,2026-02-18,FO,NSE,STO,98092,,HDFCLIFE,,2026-02-24,2026-02-24,840.0,PE,HDFCLIFE26FEB840PE,0.0,0.0,0.0,78.0,0.0,78.0,729.6,109.65,0,0,0,0.0,0,F1,1100,,,,,
2026-02-18,2026-02-18,FO,NSE,STF,59346,,HDFCLIFE,,2026-02-24,2026-02-24,,,HDFCLIFE26FEBFUT,709.15,729.8,705.75,728.9,729.45,707.45,729.6,728.9,32868000,-3077800,6818,5401592955.0,6293,F1,1100,,,,,
2026-02-18,2026-02-18,FO,NSE,STO,116256,,HDFCLIFE,,2026-03-30,2026-03-30,810.0,CE,HDFCLIFE26MAR810CE,0.0,0.0,0.0,5.85,0.0,5.85,729.6,1.75,0,0,0,0.0,0,F1,1100,,,,,
2026-02-18,2026-02-18,FO,NSE,STO,98091,,HDFCLIFE,,2026-02-24,2026-02-24,840.0,CE,HDFCLIFE26FEB840CE,0.1,0.55,0.05,0.2,0.2,0.1,729.6,0.05,62700,5500,45,41589900.0,20,F1,1100,,,,,
2026-02-18,2026-02-18,FO,NSE,STO,105209,,HDFCLIFE,,2026-02-24,2026-02-24,670.0,CE,HDFCLIFE26FEB670CE,0.0,0.0,0.0,31.15,31.15,31.15,729.6,60.2,13200,0,0,0.0,0,F1,1100,,,,,
2026-02-18,2026-02-18,FO,NSE,STO,98065,,HDFCLIFE,,2026-02-24,2026-02-24,640.0,CE,HDFCLIFE26FEB640CE,0.0,0.0,0.0,138.65,0.0,138.65,729.6,90.2,0,0,0,0.0,0,F1,1100,,,,,
2026-02-18,2026-02-18,FO,NSE,STO,105438,,HDFCLIFE,,2026-03-30,2026-03-30,840.0,PE,HDFCLIFE26MAR840PE,0.0,0.0,0.0,94.95,0.0,94.95,729.6,105.85,0,0,0,0.0,0,F1,1100,,,,,
2026-02-18,2026-02-18,FO,NSE,STO,105388,,HDFCLIFE,,2026-03-30,2026-03-30,720.0,PE,HDFCLIFE26MAR720PE,20.0,23.65,11.6,11.85,11.7,20.75,729.6,11.85,207900,140800,259,209794585.0,244,F1,1100,,,,,
2026-02-18,2026-02-18,FO,NSE,STO,98089,,HDFCLIFE,,2026-02-24,2026-02-24,820.0,CE,HDFCLIFE26FEB820CE,0.1,0.15,0.05,0.1,0.1,0.15,729.6,0.1,139700,-11000,15,13531320.0,6,F1,1100,,,,,
2026-02-18,2026-02-18,FO,NSE,STO,105345,,HDFCLIFE,,2026-03-30,2026-03-30,580.0,PE,HDFCLIFE26MAR580PE,0.0,0.0,0.0,0.5,0.0,0.5,729.6,0.05,0,0,0,0.0,0,F1,1100,,,,,
2026-02-18,2026-02-18,FO,NSE,STO,105238,,HDFCLIFE,,2026-02-24,2026-02-24,850.0,PE,HDFCLIFE26FEB850PE,0.0,0.0,0.0,125.0,125.0,125.0,729.6,119.65,15400,0,0,0.0,0,F1,1100,,,,,
2026-02-18,2026-02-18,FO,NSE,STO,98090,,HDFCLIFE,,2026-02-24,2026-02-24,820.0,PE,HDFCLIFE26FEB820PE,0.0,0.0,0.0,63.95,0.0,63.95,729.6,89.65,0,0,0,0.0,0,F1,1100,,,,,
2026-02-18,2026-02-18,FO,NSE,STO,98079,,HDFCLIFE,,2026-02-24,2026-02-24,720.0,PE,HDFCLIFE26FEB720PE,16.0,16.55,3.55,3.85,3.55,15.75,729.6,3.85,832700,277200,3316,2646163300.0,2631,F1,1100,,,,,
2026-02-18,2026-02-18,FO,NSE,STO,116382,,HDFCLIFE,,2026-04-28,2026-04-28,780.0,PE,HDFCLIFE26APR780PE,0.0,0.0,0.0,65.5,0.0,65.5,729.6,53.15,0,0,0,0.0,0,F1,1100,,,,,
2026-02-18,2026-02-18,FO,NSE,STO,105440,,HDFCLIFE,,2026-03-30,2026-03-30,860.0,PE,HDFCLIFE26MAR860PE,0.0,0.0,0.0,111.65,0.0,111.65,729.6,125.4,0,0,0,0.0,0,F1,1100,,,,,
2026-02-18,2026-02-18,FO,NSE,STO,98062,,HDFCLIFE,,2026-02-24,2026-02-24,600.0,PE,HDFCLIFE26FEB600PE,0.1,0.1,0.1,0.1,0.1,0.1,729.6,0.05,41800,0,3,1980330.0,2,F1,1100,,,,,
2026-02-18,2026-02-18,FO,NSE,STO,105417,,HDFCLIFE,,2026-03-30,2026-03-30,780.0,PE,HDFCLIFE26MAR780PE,57.5,57.5,57.5,57.5,57.5,51.5,729.6,50.95,1100,1100,1,921250.0,1,F1,1100,,,,,
2026-02-18,2026-02-18,FO,NSE,STO,116251,,HDFCLIFE,,2026-03-30,2026-03-30,750.0,PE,HDFCLIFE26MAR750PE,41.0,44.25,26.9,27.25,26.9,42.6,729.6,27.25,119900,11000,38,32693815.0,38,F1,1100,,,,,
2026-02-18,2026-02-18,FO,NSE,STO,105213,,HDFCLIFE,,2026-02-24,2026-02-24,710.0,CE,HDFCLIFE26FEB710CE,7.35,20.95,5.1,20.25,20.7,6.35,729.6,20.25,346500,-366300,2957,2343334345.0,2617,F1,1100,,,,,
2026-02-18,2026-02-18,FO,NSE,STO,105233,,HDFCLIFE,,2026-02-24,2026-02-24,810.0,CE,HDFCLIFE26FEB810CE,0.1,0.1,0.05,0.1,0.1,0.1,729.6,0.1,311300,-1100,49,43664225.0,17,F1,1100,,,,,
2026-02-18,2026-02-18,FO,NSE,STO,105381,,HDFCLIFE,,2026-03-30,2026-03-30,700.0,CE,HDFCLIFE26MAR700CE,27.0,39.15,24.5,38.95,39.0,24.2,729.6,38.95,137500,-63800,186,149785130.0,152,F1,1100,,,,,
2026-02-18,2026-02-18,FO,NSE,STO,116250,,HDFCLIFE,,2026-03-30,2026-03-30,750.0,CE,HDFCLIFE26MAR750CE,6.0,10.85,5.8,10.55,10.65,5.45,729.6,10.55,220000,72600,402,335448135.0,298,F1,1100,,,,,
2026-02-18,2026-02-18,FO,NSE,STO,105391,,HDFCLIFE,,2026-03-30,2026-03-30,760.0,CE,HDFCLIFE26MAR760CE,4.2,7.75,4.2,7.35,7.75,4.1,729.6,7.35,22000,18700,87,73349045.0,62,F1,1100,,,,,
2026-02-18,2026-02-18,FO,NSE,STO,105207,,HDFCLIFE,,2026-02-24,2026-02-24,650.0,PE,HDFCLIFE26FEB650PE,0.1,0.15,0.05,0.05,0.05,0.15,729.6,0.05,909700,-17600,207,148023315.0,51,F1,1100,,,,,
2026-02-18,2026-02-18,FO,NSE,STO,116289,,HDFCLIFE,,2026-04-28,2026-04-28,560.0,PE,HDFCLIFE26APR560PE,0.0,0.0,0.0,0.45,0.0,0.45,729.6,0.05,0,0,0,0.0,0,F1,1100,,,,,
2026-02-18,2026-02-18,FO,NSE,STO,105228,,HDFCLIFE,,2026-02-24,2026-02-24,750.0,PE,HDFCLIFE26FEB750PE,43.6,43.75,21.9,22.5,21.9,42.95,729.6,22.5,235400,-48400,122,104335825.0,117,F1,1100,,,,,
2026-02-18,2026-02-18,FO,NSE,STO,116298,,HDFCLIFE,,2026-04-28,2026-04-28,620.0,CE,HDFCLIFE26APR620CE,0.0,0.0,0.0,113.0,0.0,113.0,729.6,116.6,0,0,0,0.0,0,F1,1100,,,,,
2026-02-18,2026-02-18,FO,NSE,STO,105231,,HDFCLIFE,,2026-02-24,2026-02-24,790.0,CE,HDFCLIFE26FEB790CE,0.2,0.3,0.15,0.3,0.2,0.2,729.6,0.3,141900,37400,68,59111580.0,48,F1,1100,,,,,
2026-02-18,2026-02-18,FO,NSE,STO,105225,,HDFCLIFE,,2026-02-24,2026-02-24,750.0,CE,HDFCLIFE26FEB750CE,0.5,1.65,0.35,1.45,1.45,0.5,729.6,1.45,1700600,301400,4178,3451976165.0,2556,F1,1100,,,,,
2026-02-18,2026-02-18,FO,NSE,STO,105211,,HDFCLIFE,,2026-02-24,2026-02-24,690.0,CE,HDFCLIFE26FEB690CE,21.0,39.8,17.75,39.5,39.5,19.2,729.6,39.5,71500,-69300,222,174443665.0,217,F1,1100,,,,,
2026-02-18,2026-02-18,FO,NSE,STO,98059,,HDFCLIFE,,2026-02-24,2026-02-24,580.0,CE,HDFCLIFE26FEB580CE,0.0,0.0,0.0,195.6,0.0,195.6,729.6,150.1,0,0,0,0.0,0,F1,1100,,,,,
2026-02-18,2026-02-18,FO,NSE,STO,116249,,HDFCLIFE,,2026-03-30,2026-03-30,730.0,PE,HDFCLIFE26MAR730PE,28.0,28.5,16.0,16.2,16.0,27.8,729.6,16.2,55000,18700,36,29615630.0,34,F1,1100,,,,,
2026-02-18,2026-02-18,FO,NSE,STO,116380,,HDFCLIFE,,2026-04-28,2026-04-28,760.0,PE,HDFCLIFE26APR760PE,0.0,0.0,0.0,52.05,0.0,52.05,729.6,39.3,0,0,0,0.0,0,F1,1100,,,,,
2026-02-18,2026-02-18,FO,NSE,STO,98101,,HDFCLIFE,,2026-02-24,2026-02-24,880.0,PE,HDFCLIFE26FEB880PE,0.0,0.0,0.0,150.0,150.0,150.0,729.6,149.6,7700,0,0,0.0,0,F1,1100,,,,,
2026-02-18,2026-02-18,FO,NSE,STO,98097,,HDFCLIFE,,2026-02-24,2026-02-24,860.0,PE,HDFCLIFE26FEB860PE,140.0,140.0,138.6,138.7,138.7,153.6,729.6,129.6,4400,-1100,13,14286470.0,6,F1,1100,,,,,
2026-02-18,2026-02-18,FO,NSE,STO,98078,,HDFCLIFE,,2026-02-24,2026-02-24,720.0,CE,HDFCLIFE26FEB720CE,3.4,13.0,2.4,12.25,12.8,3.05,729.6,12.25,820600,-514800,6843,5475746595.0,5768,F1,1100,,,,,
2026-02-18,2026-02-18,FO,NSE,STO,98080,,HDFCLIFE,,2026-02-24,2026-02-24,740.0,CE,HDFCLIFE26FEB740CE,0.7,3.35,0.45,3.0,3.0,0.7,729.6,3.0,3163600,312400,8153,6657889095.0,5418,F1,1100,,,,,
2026-02-18,2026-02-18,FO,NSE,STO,98082,,HDFCLIFE,,2026-02-24,2026-02-24,760.0,CE,HDFCLIFE26FEB760CE,0.35,0.85,0.25,0.75,0.75,0.4,729.6,0.75,674300,-57200,1626,1360458440.0,1170,F1,1100,,,,,
2026-02-18,2026-02-18,FO,NSE,STO,98086,,HDFCLIFE,,2026-02-24,2026-02-24,800.0,CE,HDFCLIFE26FEB800CE,0.05,0.2,0.05,0.2,0.2,0.1,729.6,0.2,2172500,11000,405,356462975.0,174,F1,1100,,,,,
2026-02-18,2026-02-18,FO,NSE,STO,116309,,HDFCLIFE,,2026-04-28,2026-04-28,620.0,PE,HDFCLIFE26APR620PE,0.0,0.0,0.0,3.45,0.0,3.45,729.6,0.6,0,0,0,0.0,0,F1,1100,,,,,
2026-02-18,2026-02-18,FO,NSE,STO,105344,,HDFCLIFE,,2026-03-30,2026-03-30,580.0,CE,HDFCLIFE26MAR580CE,0.0,0.0,0.0,172.1,0.0,172.1,729.6,153.1,0,0,0,0.0,0,F1,1100,,,,,
2026-02-18,2026-02-18,FO,NSE,STO,116244,,HDFCLIFE,,2026-03-30,2026-03-30,690.0,CE,HDFCLIFE26MAR690CE,0.0,0.0,0.0,50.9,0.0,50.9,729.6,48.55,0,0,0,0.0,0,F1,1100,,,,,
2026-02-18,2026-02-18,FO,NSE,STO,116248,,HDFCLIFE,,2026-03-30,2026-03-30,730.0,CE,HDFCLIFE26MAR730CE,11.2,19.45,11.1,19.05,19.35,10.0,729.6,19.05,59400,33000,154,126568530.0,139,F1,1100,,,,,
2026-02-18,2026-02-18,FO,NSE,STO,105437,,HDFCLIFE,,2026-03-30,2026-03-30,840.0,CE,HDFCLIFE26MAR840CE,0.0,0.0,0.0,10.4,0.0,10.4,729.6,0.5,0,0,0,0.0,0,F1,1100,,,,,
2026-02-18,2026-02-18,FO,NSE,STO,116366,,HDFCLIFE,,2026-04-28,2026-04-28,700.0,CE,HDFCLIFE26APR700CE,0.0,0.0,0.0,52.2,0.0,52.2,729.6,48.0,0,0,0,0.0,0,F1,1100,,,,,
2026-02-18,2026-02-18,FO,NSE,STO,98060,,HDFCLIFE,,2026-02-24,2026-02-24,580.0,PE,HDFCLIFE26FEB580PE,0.0,0.0,0.0,0.35,0.0,0.35,729.6,0.05,0,0,0,0.0,0,F1,1100,,,,,
2026-02-18,2026-02-18,FO,NSE,STO,98064,,HDFCLIFE,,2026-02-24,2026-02-24,620.0,PE,HDFCLIFE26FEB620PE,0.0,0.0,0.0,0.15,0.15,0.15,729.6,0.05,2200,0,0,0.0,0,F1,1100,,,,,
2026-02-18,2026-02-18,FO,NSE,STO,105210,,HDFCLIFE,,2026-02-24,2026-02-24,670.0,PE,HDFCLIFE26FEB670PE,0.45,0.45,0.15,0.15,0.15,0.55,729.6,0.15,249700,-9900,169,124606240.0,94,F1,1100,,,,,
2026-02-18,2026-02-18,FO,NSE,STO,105212,,HDFCLIFE,,2026-02-24,2026-02-24,690.0,PE,HDFCLIFE26FEB690PE,1.8,2.15,0.35,0.45,0.5,2.1,729.6,0.45,396000,123200,1386,1053328485.0,955,F1,1100,,,,,
2026-02-18,2026-02-18,FO,NSE,STO,105436,,HDFCLIFE,,2026-03-30,2026-03-30,820.0,PE,HDFCLIFE26MAR820PE,0.0,0.0,0.0,79.25,0.0,79.25,729.6,86.65,0,0,0,0.0,0,F1,1100,,,,,
2026-02-18,2026-02-18,FO,NSE,STF,51894,,HDFCLIFE,,2026-03-30,2026-03-30,,,HDFCLIFE26MARFUT,711.8,734.0,710.0,732.95,734.0,711.25,729.6,732.95,4088700,1390400,2238,1778601055.0,2014,F1,1100,,,,,
2026-02-18,2026-02-18,FO,NSE,STO,98067,,HDFCLIFE,,2026-02-24,2026-02-24,660.0,CE,HDFCLIFE26FEB660CE,57.5,61.3,57.5,61.3,61.3,50.0,729.6,70.2,25300,0,2,1582680.0,2,F1,1100,,,,,
2026-02-18,2026-02-18,FO,NSE,STO,98093,,HDFCLIFE,,2026-02-24,2026-02-24,860.0,CE,HDFCLIFE26FEB860CE,0.0,0.0,0.0,0.2,0.2,0.2,729.6,0.05,1100,0,0,0.0,0,F1,1100,,,,,
2026-02-18,2026-02-18,FO,NSE,STO,105389,,HDFCLIFE,,2026-03-30,2026-03-30,740.0,CE,HDFCLIFE26MAR740CE,8.9,14.8,8.1,14.2,14.5,7.65,729.6,14.2,88000,22000,179,148080790.0,142,F1,1100,,,,,
2026-02-18,2026-02-18,FO,NSE,STO,98068,,HDFCLIFE,,2026-02-24,2026-02-24,660.0,PE,HDFCLIFE26FEB660PE,0.2,0.25,0.05,0.05,0.05,0.3,729.6,0.05,621500,-40700,400,290467320.0,109,F1,1100,,,,,
2026-02-18,2026-02-18,FO,NSE,STO,98088,,HDFCLIFE,,2026-02-24,2026-02-24,800.0,PE,HDFCLIFE26FEB800PE,92.1,92.1,71.45,71.85,72.0,103.0,729.6,71.85,51700,-7700,15,14612290.0,10,F1,1100,,,,,
2026-02-18,2026-02-18,FO,NSE,STO,105380,,HDFCLIFE,,2026-03-30,2026-03-30,680.0,PE,HDFCLIFE26MAR680PE,6.5,7.2,3.05,3.15,3.15,6.3,729.6,3.15,52800,5500,95,71509515.0,80,F1,1100,,,,,
2026-02-18,2026-02-18,FO,NSE,STO,116253,,HDFCLIFE,,2026-03-30,2026-03-30,770.0,PE,HDFCLIFE26MAR770PE,42.0,42.0,42.0,42.0,42.0,55.55,729.6,42.0,2200,2200,2,1786400.0,1,F1,1100,,,,,
2026-02-18,2026-02-18,FO,NSE,STO,105131,,HDFCLIFE,,2026-02-24,2026-02-24,630.0,CE,HDFCLIFE26FEB630CE,0.0,0.0,0.0,119.85,0.0,119.85,729.6,100.15,0,0,0,0.0,0,F1,1100,,,,,
2026-02-18,2026-02-18,FO,NSE,STO,116378,,HDFCLIFE,,2026-04-28,2026-04-28,740.0,PE,HDFCLIFE26APR740PE,0.0,0.0,0.0,40.1,0.0,40.1,729.6,27.55,0,0,0,0.0,0,F1,1100,,,,,
2026-02-18,2026-02-18,FO,NSE,STO,116376,,HDFCLIFE,,2026-04-28,2026-04-28,720.0,PE,HDFCLIFE26APR720PE,0.0,0.0,0.0,29.9,0.0,29.9,729.6,18.15,0,0,0,0.0,0,F1,1100,,,,,
2026-02-18,2026-02-18,FO,NSE,STO,116385,,HDFCLIFE,,2026-04-28,2026-04-28,820.0,CE,HDFCLIFE26APR820CE,0.0,0.0,0.0,9.0,0.0,9.0,729.6,4.0,0,0,0,0.0,0,F1,1100,,,,,
2026-02-18,2026-02-18,FO,NSE,STO,116255,,HDFCLIFE,,2026-03-30,2026-03-30,790.0,PE,HDFCLIFE26MAR790PE,0.0,0.0,0.0,70.75,0.0,70.75,729.6,59.35,0,0,0,0.0,0,F1,1100,,,,,
2026-02-18,2026-02-18,FO,NSE,STO,116241,,HDFCLIFE,,2026-03-30,2026-03-30,650.0,PE,HDFCLIFE26MAR650PE,2.35,2.8,1.25,1.35,1.25,2.5,729.6,1.35,39600,9900,37,26540360.0,35,F1,1100,,,,,
2026-02-18,2026-02-18,FO,NSE,STO,105351,,HDFCLIFE,,2026-03-30,2026-03-30,640.0,PE,HDFCLIFE26MAR640PE,0.0,0.0,0.0,3.7,0.0,3.7,729.6,0.4,0,0,0,0.0,0,F1,1100,,,,,
2026-02-18,2026-02-18,FO,NSE,STO,98077,,HDFCLIFE,,2026-02-24,2026-02-24,700.0,PE,HDFCLIFE26FEB700PE,4.55,4.7,0.8,0.9,0.85,4.55,729.6,0.9,818400,70400,3318,2560305220.0,2092,F1,1100,,,,,
2026-02-18,2026-02-18,FO,NSE,STO,98063,,HDFCLIFE,,2026-02-24,2026-02-24,620.0,CE,HDFCLIFE26FEB620CE,0.0,0.0,0.0,157.25,0.0,157.25,729.6,110.15,0,0,0,0.0,0,F1,1100,,,,,
2026-02-18,2026-02-18,FO,NSE,STO,116363,,HDFCLIFE,,2026-04-28,2026-04-28,680.0,CE,HDFCLIFE26APR680CE,0.0,0.0,0.0,65.15,0.0,65.15,729.6,62.95,0,0,0,0.0,0,F1,1100,,,,,
2026-02-18,2026-02-18,FO,NSE,STO,116310,,HDFCLIFE,,2026-04-28,2026-04-28,640.0,CE,HDFCLIFE26APR640CE,0.0,0.0,0.0,95.8,0.0,95.8,729.6,97.7,0,0,0,0.0,0,F1,1100,,,,,
2026-02-18,2026-02-18,FO,NSE,STO,105439,,HDFCLIFE,,2026-03-30,2026-03-30,860.0,CE,HDFCLIFE26MAR860CE,0.0,0.0,0.0,7.35,0.0,7.35,729.6,0.2,0,0,0,0.0,0,F1,1100,,,,,
2026-02-18,2026-02-18,FO,NSE,STO,105348,,HDFCLIFE,,2026-03-30,2026-03-30,620.0,CE,HDFCLIFE26MAR620CE,0.0,0.0,0.0,134.25,0.0,134.25,729.6,113.45,0,0,0,0.0,0,F1,1100,,,,,
2026-02-18,2026-02-18,FO,NSE,STO,105223,,HDFCLIFE,,2026-02-24,2026-02-24,730.0,CE,HDFCLIFE26FEB730CE,1.45,6.9,1.1,6.4,6.75,1.45,729.6,6.4,1709400,-489500,13925,11254052205.0,10312,F1,1100,,,,,
2026-02-18,2026-02-18,FO,NSE,STO,105206,,HDFCLIFE,,2026-02-24,2026-02-24,650.0,CE,HDFCLIFE26FEB650CE,0.0,0.0,0.0,58.3,58.3,58.3,729.6,80.2,4400,0,0,0.0,0,F1,1100,,,,,
2026-02-18,2026-02-18,FO,NSE,STO,116384,,HDFCLIFE,,2026-04-28,2026-04-28,800.0,PE,HDFCLIFE26APR800PE,0.0,0.0,0.0,80.35,0.0,80.35,729.6,68.85,0,0,0,0.0,0,F1,1100,,,,,
2026-02-18,2026-02-18,FO,NSE,STO,105434,,HDFCLIFE,,2026-03-30,2026-03-30,800.0,PE,HDFCLIFE26MAR800PE,87.0,87.0,68.0,68.05,68.15,89.0,729.6,68.05,15400,5500,15,14452735.0,10,F1,1100,,,,,
2026-02-18,2026-02-18,FO,NSE,STO,116377,,HDFCLIFE,,2026-04-28,2026-04-28,740.0,CE,HDFCLIFE26APR740CE,0.0,0.0,0.0,31.5,0.0,31.5,729.6,24.8,0,0,0,0.0,0,F1,1100,,,,,
2026-02-18,2026-02-18,FO,NSE,STO,116254,,HDFCLIFE,,2026-03-30,2026-03-30,790.0,CE,HDFCLIFE26MAR790CE,2.05,3.0,2.05,2.95,2.95,2.0,729.6,2.95,36300,26400,67,58410880.0,64,F1,1100,,,,,
2026-02-18,2026-02-18,FO,NSE,STO,105414,,HDFCLIFE,,2026-03-30,2026-03-30,780.0,CE,HDFCLIFE26MAR780CE,2.3,4.15,2.2,4.0,3.95,2.25,729.6,4.0,53900,-11000,74,63752920.0,63,F1,1100,,,,,
2026-02-18,2026-02-18,FO,NSE,STO,116252,,HDFCLIFE,,2026-03-30,2026-03-30,770.0,CE,HDFCLIFE26MAR770CE,3.0,5.65,3.0,5.5,5.5,2.95,729.6,5.5,69300,-1100,123,104722640.0,100,F1,1100,,,,,
2026-02-18,2026-02-18,FO,NSE,STO,98061,,HDFCLIFE,,2026-02-24,2026-02-24,600.0,CE,HDFCLIFE26FEB600CE,0.0,0.0,0.0,176.25,0.0,176.25,729.6,130.15,0,0,0,0.0,0,F1,1100,,,,,
2026-02-18,2026-02-18,FO,NSE,STO,116242,,HDFCLIFE,,2026-03-30,2026-03-30,670.0,CE,HDFCLIFE26MAR670CE,0.0,0.0,0.0,65.4,0.0,65.4,729.6,65.65,0,0,0,0.0,0,F1,1100,,,,,
2026-02-18,2026-02-18,FO,NSE,STO,105350,,HDFCLIFE,,2026-03-30,2026-03-30,640.0,CE,HDFCLIFE26MAR640CE,0.0,0.0,0.0,116.2,0.0,116.2,729.6,93.85,0,0,0,0.0,0,F1,1100,,,,,
2026-02-18,2026-02-18,FO,NSE,STO,116381,,HDFCLIFE,,2026-04-28,2026-04-28,780.0,CE,HDFCLIFE26APR780CE,0.0,0.0,0.0,17.5,0.0,17.5,729.6,10.8,0,0,0,0.0,0,F1,1100,,,,,
2026-02-18,2026-02-18,FO,NSE,STO,105232,,HDFCLIFE,,2026-02-24,2026-02-24,790.0,PE,HDFCLIFE26FEB790PE,0.0,0.0,0.0,72.0,72.0,72.0,729.6,59.7,3300,0,0,0.0,0,F1,1100,,,,,
2026-02-18,2026-02-18,FO,NSE,STO,116379,,HDFCLIFE,,2026-04-28,2026-04-28,760.0,CE,HDFCLIFE26APR760CE,0.0,0.0,0.0,23.7,0.0,23.7,729.6,16.75,0,0,0,0.0,0,F1,1100,,,,,
2026-02-18,2026-02-18,FO,NSE,STO,116296,,HDFCLIFE,,2026-04-28,2026-04-28,600.0,CE,HDFCLIFE26APR600CE,0.0,0.0,0.0,131.1,0.0,131.1,729.6,136.0,0,0,0,0.0,0,F1,1100,,,,,
2026-02-18,2026-02-18,FO,NSE,STO,105378,,HDFCLIFE,,2026-03-30,2026-03-30,660.0,PE,HDFCLIFE26MAR660PE,2.15,2.15,2.15,2.15,2.15,6.25,729.6,1.2,1100,1100,1,728365.0,1,F1,1100,,,,,
2026-02-18,2026-02-18,FO,NSE,STO,116239,,HDFCLIFE,,2026-03-30,2026-03-30,630.0,PE,HDFCLIFE26MAR630PE,0.0,0.0,0.0,2.45,0.0,2.45,729.6,0.2,0,0,0,0.0,0,F1,1100,,,,,
2026-02-18,2026-02-18,FO,NSE,STO,116359,,HDFCLIFE,,2026-04-28,2026-04-28,640.0,PE,HDFCLIFE26APR640PE,0.0,0.0,0.0,5.95,0.0,5.95,729.6,1.5,0,0,0,0.0,0,F1,1100,,,,,
2026-02-18,2026-02-18,FO,NSE,STO,116388,,HDFCLIFE,,2026-04-28,2026-04-28,840.0,PE,HDFCLIFE26APR840PE,0.0,0.0,0.0,113.35,0.0,113.35,729.6,104.0,0,0,0,0.0,0,F1,1100,,,,,
2026-02-18,2026-02-18,FO,NSE,STO,116365,,HDFCLIFE,,2026-04-28,2026-04-28,680.0,PE,HDFCLIFE26APR680PE,0.0,0.0,0.0,14.7,0.0,14.7,729.6,6.3,0,0,0,0.0,0,F1,1100,,,,,
2026-02-18,2026-02-18,FO,NSE,STO,98066,,HDFCLIFE,,2026-02-24,2026-02-24,640.0,PE,HDFCLIFE26FEB640PE,0.15,0.15,0.1,0.1,0.1,0.15,729.6,0.05,171600,-12100,31,21827520.0,17,F1,1100,,,,,
2026-02-18,2026-02-18,FO,NSE,STO,105229,,HDFCLIFE,,2026-02-24,2026-02-24,770.0,CE,HDFCLIFE26FEB770CE,0.3,0.5,0.2,0.45,0.5,0.3,729.6,0.45,346500,-12100,473,400835160.0,327,F1,1100,,,,,
2026-02-18,2026-02-18,FO,NSE,STO,98084,,HDFCLIFE,,2026-02-24,2026-02-24,780.0,CE,HDFCLIFE26FEB780CE,0.25,0.4,0.15,0.35,0.3,0.3,729.6,0.35,281600,-27500,161,138191680.0,117,F1,1100,,,,,
2026-02-18,2026-02-18,FO,NSE,STO,116238,,HDFCLIFE,,2026-03-30,2026-03-30,630.0,CE,HDFCLIFE26MAR630CE,0.0,0.0,0.0,99.1,0.0,99.1,729.6,103.6,0,0,0,0.0,0,F1,1100,,,,,
2026-02-18,2026-02-18,FO,NSE,STO,105435,,HDFCLIFE,,2026-03-30,2026-03-30,820.0,CE,HDFCLIFE26MAR820CE,0.0,0.0,0.0,14.4,0.0,14.4,729.6,1.15,0,0,0,0.0,0,F1,1100,,,,,
2026-02-18,2026-02-18,FO,NSE,STO,116375,,HDFCLIFE,,2026-04-28,2026-04-28,720.0,CE,HDFCLIFE26APR720CE,0.0,0.0,0.0,40.95,0.0,40.95,729.6,35.2,0,0,0,0.0,0,F1,1100,,,,,
2026-02-18,2026-02-18,FO,NSE,STO,105205,,HDFCLIFE,,2026-02-24,2026-02-24,630.0,PE,HDFCLIFE26FEB630PE,0.15,0.15,0.15,0.15,0.15,0.2,729.6,0.05,64900,0,12,8317980.0,3,F1,1100,,,,,
2026-02-18,2026-02-18,FO,NSE,STO,98073,,HDFCLIFE,,2026-02-24,2026-02-24,700.0,CE,HDFCLIFE26FEB700CE,12.45,30.1,10.3,29.35,30.05,11.85,729.6,29.35,345400,-177100,948,749549240.0,869,F1,1100,,,,,
2026-02-18,2026-02-18,FO,NSE,STO,120422,,ICICIBANK,,2026-03-30,2026-03-30,1510.0,PE,ICICIBANK26MAR1510PE,0.0,0.0,0.0,141.5,0.0,141.5,1408.15,98.65,0,0,0,0.0,0,F1,700,,,,,
2026-02-18,2026-02-18,FO,NSE,STO,120650,,ICICIBANK,,2026-04-28,2026-04-28,1300.0,PE,ICICIBANK26APR1300PE,0.0,0.0,0.0,23.4,0.0,23.4,1408.15,6.0,0,0,0,0.0,0,F1,700,,,,,
2026-02-18,2026-02-18,FO,NSE,STO,120779,,ICICIBANK,,2026-04-28,2026-04-28,1500.0,PE,ICICIBANK26APR1500PE,0.0,0.0,0.0,133.85,0.0,133.85,1408.15,92.4,0,0,0,0.0,0,F1,700,,,,,
2026-02-18,2026-02-18,FO,NSE,STO,108545,,ICICIBANK,,2026-02-24,2026-02-24,1210.0,CE,ICICIBANK26FEB1210CE,0.0,0.0,0.0,183.75,183.75,183.75,1408.15,199.25,700,0,0,0.0,0,F1,700,,,,,
2026-02-18,2026-02-18,FO,NSE,STO,120404,,ICICIBANK,,2026-03-30,2026-03-30,1430.0,CE,ICICIBANK26MAR1430CE,22.0,22.35,19.4,21.4,20.9,22.05,1408.15,21.4,136500,25900,185,187884130.0,141,F1,700,,,,,
2026-02-18,2026-02-18,FO,NSE,STO,120417,,ICICIBANK,,2026-03-30,2026-03-30,1470.0,CE,ICICIBANK26MAR1470CE,9.85,10.0,8.6,9.35,9.0,10.1,1408.15,9.35,63000,23100,68,70416500.0,59,F1,700,,,,,
2026-02-18,2026-02-18,FO,NSE,STO,120425,,ICICIBANK,,2026-03-30,2026-03-30,1550.0,CE,ICICIBANK26MAR1550CE,2.4,2.4,2.1,2.15,2.15,2.5,1408.15,2.15,14000,11900,23,24990210.0,18,F1,700,,,,,
2026-02-18,2026-02-18,FO,NSE,STO,120638,,ICICIBANK,,2026-04-28,2026-04-28,1220.0,CE,ICICIBANK26APR1220CE,0.0,0.0,0.0,167.5,0.0,167.5,1408.15,201.6,0,0,0,0.0,0,F1,700,,,,,
2026-02-18,2026-02-18,FO,NSE,STO,120645,,ICICIBANK,,2026-04-28,2026-04-28,1260.0,CE,ICICIBANK26APR1260CE,0.0,0.0,0.0,134.45,0.0,134.45,1408.15,163.6,0,0,0,0.0,0,F1,700,,,,,
2026-02-18,2026-02-18,FO,NSE,STO,108565,,ICICIBANK,,2026-02-24,2026-02-24,1410.0,CE,ICICIBANK26FEB1410CE,11.95,12.2,5.6,7.25,6.9,9.4,1408.15,7.25,7279300,430500,13380,13273038975.0,9718,F1,700,,,,,
2026-02-18,2026-02-18,FO,NSE,STO,120388,,ICICIBANK,,2026-03-30,2026-03-30,1370.0,CE,ICICIBANK26MAR1370CE,54.0,54.0,54.0,54.0,54.0,51.85,1408.15,60.55,14700,0,1,996800.0,1,F1,700,,,,,
2026-02-18,2026-02-18,FO,NSE,STO,120415,,ICICIBANK,,2026-03-30,2026-03-30,1450.0,CE,ICICIBANK26MAR1450CE,15.45,16.05,12.9,14.45,13.8,15.0,1408.15,14.45,451500,49000,395,404784835.0,293,F1,700,,,,,
2026-02-18,2026-02-18,FO,NSE,STO,109021,,ICICIBANK,,2026-03-30,2026-03-30,1480.0,CE,ICICIBANK26MAR1480CE,8.5,8.5,6.9,7.7,7.35,8.35,1408.15,7.7,96600,22400,71,73924480.0,61,F1,700,,,,,
2026-02-18,2026-02-18,FO,NSE,STO,120653,,ICICIBANK,,2026-04-28,2026-04-28,1340.0,CE,ICICIBANK26APR1340CE,0.0,0.0,0.0,79.0,0.0,79.0,1408.15,94.9,0,0,0,0.0,0,F1,700,,,,,
2026-02-18,2026-02-18,FO,NSE,STO,101370,,ICICIBANK,,2026-02-24,2026-02-24,1160.0,PE,ICICIBANK26FEB1160PE,0.0,0.0,0.0,2.7,0.0,2.7,1408.15,0.05,0,0,0,0.0,0,F1,700,,,,,
2026-02-18,2026-02-18,FO,NSE,STO,120656,,ICICIBANK,,2026-04-28,2026-04-28,1360.0,CE,ICICIBANK26APR1360CE,0.0,0.0,0.0,67.8,0.0,67.8,1408.15,80.25,0,0,0,0.0,0,F1,700,,,,,
2026-02-18,2026-02-18,FO,NSE,STO,120253,,ICICIBANK,,2026-03-30,2026-03-30,1250.0,CE,ICICIBANK26MAR1250CE,0.0,0.0,0.0,131.9,0.0,131.9,1408.15,166.1,0,0,0,0.0,0,F1,700,,,,,
2026-02-18,2026-02-18,FO,NSE,STO,101430,,ICICIBANK,,2026-02-24,2026-02-24,1440.0,CE,ICICIBANK26FEB1440CE,3.0,3.0,1.1,1.35,1.2,2.3,1408.15,1.35,2139200,-149100,3091,3119085690.0,1478,F1,700,,,,,
2026-02-18,2026-02-18,FO,NSE,STO,120631,,ICICIBANK,,2026-04-28,2026-04-28,1160.0,PE,ICICIBANK26APR1160PE,0.0,0.0,0.0,2.45,0.0,2.45,1408.15,0.1,0,0,0,0.0,0,F1,700,,,,,
2026-02-18,2026-02-18,FO,NSE,STO,120427,,ICICIBANK,,2026-03-30,2026-03-30,1550.0,PE,ICICIBANK26MAR1550PE,0.0,0.0,0.0,177.05,0.0,177.05,1408.15,134.8,0,0,0,0.0,0,F1,700,,,,,
2026-02-18,2026-02-18,FO,NSE,STO,120424,,ICICIBANK,,2026-03-30,2026-03-30,1530.0,PE,ICICIBANK26MAR1530PE,0.0,0.0,0.0,159.0,0.0,159.0,1408.15,116.35,0,0,0,0.0,0,F1,700,,,,,
2026-02-18,2026-02-18,FO,NSE,STO,120414,,ICICIBANK,,2026-03-30,2026-03-30,1430.0,PE,ICICIBANK26MAR1430PE,34.1,39.0,34.1,35.0,34.25,36.5,1408.15,35.0,42000,19600,51,52382260.0,51,F1,700,,,,,
2026-02-18,2026-02-18,FO,NSE,STO,120306,,ICICIBANK,,2026-03-30,2026-03-30,1330.0,PE,ICICIBANK26MAR1330PE,5.7,5.9,4.85,5.05,4.95,5.75,1408.15,5.05,41300,12600,38,35518350.0,33,F1,700,,,,,
2026-02-18,2026-02-18,FO,NSE,STO,108831,,ICICIBANK,,2026-03-30,2026-03-30,1240.0,PE,ICICIBANK26MAR1240PE,1.65,1.75,1.65,1.75,1.75,1.8,1408.15,1.75,4200,0,3,2607535.0,3,F1,700,,,,,
2026-02-18,2026-02-18,FO,NSE,STO,108821,,ICICIBANK,,2026-03-30,2026-03-30,1140.0,PE,ICICIBANK26MAR1140PE,0.0,0.0,0.0,1.9,0.0,1.9,1408.15,0.05,0,0,0,0.0,0,F1,700,,,,,
2026-02-18,2026-02-18,FO,NSE,STO,108627,,ICICIBANK,,2026-02-24,2026-02-24,1490.0,PE,ICICIBANK26FEB1490PE,0.0,0.0,0.0,84.35,84.35,84.35,1408.15,80.6,11200,0,0,0.0,0,F1,700,,,,,
2026-02-18,2026-02-18,FO,NSE,STO,108619,,ICICIBANK,,2026-02-24,2026-02-24,1410.0,PE,ICICIBANK26FEB1410PE,11.5,15.6,8.85,10.4,11.05,12.9,1408.15,10.4,1652700,-180600,4061,4043583985.0,3238,F1,700,,,,,
2026-02-18,2026-02-18,FO,NSE,STO,108564,,ICICIBANK,,2026-02-24,2026-02-24,1390.0,PE,ICICIBANK26FEB1390PE,4.5,6.4,2.75,3.35,3.65,5.5,1408.15,3.35,1213100,-74200,5545,5413270275.0,3454,F1,700,,,,,
2026-02-18,2026-02-18,FO,NSE,STO,101398,,ICICIBANK,,2026-02-24,2026-02-24,1240.0,PE,ICICIBANK26FEB1240PE,0.2,0.25,0.1,0.1,0.15,0.25,1408.15,0.1,366100,-49000,242,210083405.0,138,F1,700,,,,,
2026-02-18,2026-02-18,FO,NSE,STO,101374,,ICICIBANK,,2026-02-24,2026-02-24,1200.0,PE,ICICIBANK26FEB1200PE,0.15,0.15,0.1,0.15,0.1,0.2,1408.15,0.15,198800,-4900,36,30243045.0,16,F1,700,,,,,
2026-02-18,2026-02-18,FO,NSE,STO,120791,,ICICIBANK,,2026-04-28,2026-04-28,1540.0,CE,ICICIBANK26APR1540CE,0.0,0.0,0.0,11.6,0.0,11.6,1408.15,8.75,0,0,0,0.0,0,F1,700,,,,,
2026-02-18,2026-02-18,FO,NSE,STO,108561,,ICICIBANK,,2026-02-24,2026-02-24,1370.0,CE,ICICIBANK26FEB1370CE,37.6,39.25,32.5,37.8,36.85,37.45,1408.15,37.8,1512000,-43400,178,175254660.0,147,F1,700,,,,,
2026-02-18,2026-02-18,FO,NSE,STO,101401,,ICICIBANK,,2026-02-24,2026-02-24,1280.0,CE,ICICIBANK26FEB1280CE,0.0,0.0,0.0,77.6,77.6,77.6,1408.15,129.3,9800,0,0,0.0,0,F1,700,,,,,
2026-02-18,2026-02-18,FO,NSE,STO,120660,,ICICIBANK,,2026-04-28,2026-04-28,1400.0,CE,ICICIBANK26APR1400CE,0.0,0.0,0.0,48.6,0.0,48.6,1408.15,54.85,0,0,0,0.0,0,F1,700,,,,,
2026-02-18,2026-02-18,FO,NSE,STO,120816,,ICICIBANK,,2026-04-28,2026-04-28,1600.0,PE,ICICIBANK26APR1600PE,0.0,0.0,0.0,219.65,0.0,219.65,1408.15,178.4,0,0,0,0.0,0,F1,700,,,,,
2026-02-18,2026-02-18,FO,NSE,STO,120661,,ICICIBANK,,2026-04-28,2026-04-28,1400.0,PE,ICICIBANK26APR1400PE,39.85,39.85,30.0,30.0,30.0,65.75,1408.15,32.25,700,700,2,2008895.0,2,F1,700,,,,,
2026-02-18,2026-02-18,FO,NSE,STO,120652,,ICICIBANK,,2026-04-28,2026-04-28,1320.0,PE,ICICIBANK26APR1320PE,0.0,0.0,0.0,29.75,0.0,29.75,1408.15,8.95,0,0,0,0.0,0,F1,700,,,,,
2026-02-18,2026-02-18,FO,NSE,STO,101556,,ICICIBANK,,2026-02-24,2026-02-24,1620.0,PE,ICICIBANK26FEB1620PE,0.0,0.0,0.0,206.9,206.9,206.9,1408.15,210.4,700,0,0,0.0,0,F1,700,,,,,
2026-02-18,2026-02-18,FO,NSE,STO,101542,,ICICIBANK,,2026-02-24,2026-02-24,1540.0,PE,ICICIBANK26FEB1540PE,0.0,0.0,0.0,112.5,112.5,112.5,1408.15,130.45,2100,0,0,0.0,0,F1,700,,,,,
2026-02-18,2026-02-18,FO,NSE,STO,108629,,ICICIBANK,,2026-02-24,2026-02-24,1510.0,PE,ICICIBANK26FEB1510PE,0.0,0.0,0.0,81.2,81.2,81.2,1408.15,100.5,12600,0,0,0.0,0,F1,700,,,,,
2026-02-18,2026-02-18,FO,NSE,STO,101431,,ICICIBANK,,2026-02-24,2026-02-24,1440.0,PE,ICICIBANK26FEB1440PE,33.0,40.05,33.0,38.5,38.5,35.7,1408.15,33.5,428400,-7000,38,39324670.0,33,F1,700,,,,,
2026-02-18,2026-02-18,FO,NSE,STO,120259,,ICICIBANK,,2026-03-30,2026-03-30,1290.0,CE,ICICIBANK26MAR1290CE,0.0,0.0,0.0,99.75,0.0,99.75,1408.15,127.7,0,0,0,0.0,0,F1,700,,,,,
2026-02-18,2026-02-18,FO,NSE,STO,120269,,ICICIBANK,,2026-03-30,2026-03-30,1310.0,CE,ICICIBANK26MAR1310CE,0.0,0.0,0.0,85.25,0.0,85.25,1408.15,109.3,0,0,0,0.0,0,F1,700,,,,,
2026-02-18,2026-02-18,FO,NSE,STO,120423,,ICICIBANK,,2026-03-30,2026-03-30,1530.0,CE,ICICIBANK26MAR1530CE,3.05,3.1,2.85,3.0,3.0,4.55,1408.15,3.0,12600,-2100,10,10730860.0,9,F1,700,,,,,
2026-02-18,2026-02-18,FO,NSE,STO,109035,,ICICIBANK,,2026-03-30,2026-03-30,1620.0,CE,ICICIBANK26MAR1620CE,0.0,0.0,0.0,2.6,0.0,2.6,1408.15,0.3,0,0,0,0.0,0,F1,700,,,,,
2026-02-18,2026-02-18,FO,NSE,STO,120765,,ICICIBANK,,2026-04-28,2026-04-28,1480.0,CE,ICICIBANK26APR1480CE,0.0,0.0,0.0,22.6,0.0,22.6,1408.15,21.2,0,0,0,0.0,0,F1,700,,,,,
2026-02-18,2026-02-18,FO,NSE,STO,120780,,ICICIBANK,,2026-04-28,2026-04-28,1520.0,CE,ICICIBANK26APR1520CE,0.0,0.0,0.0,14.6,0.0,14.6,1408.15,11.95,0,0,0,0.0,0,F1,700,,,,,
2026-02-18,2026-02-18,FO,NSE,STO,120799,,ICICIBANK,,2026-04-28,2026-04-28,1600.0,CE,ICICIBANK26APR1600CE,0.0,0.0,0.0,6.5,6.5,6.5,1408.15,3.1,3500,0,0,0.0,0,F1,700,,,,,
2026-02-18,2026-02-18,FO,NSE,STO,108550,,ICICIBANK,,2026-02-24,2026-02-24,1250.0,PE,ICICIBANK26FEB1250PE,0.3,0.35,0.2,0.2,0.2,0.35,1408.15,0.2,326900,-28000,107,93643445.0,41,F1,700,,,,,
2026-02-18,2026-02-18,FO,NSE,STO,101435,,ICICIBANK,,2026-02-24,2026-02-24,1480.0,PE,ICICIBANK26FEB1480PE,0.0,0.0,0.0,78.05,78.05,78.05,1408.15,70.7,40600,0,0,0.0,0,F1,700,,,,,
2026-02-18,2026-02-18,FO,NSE,STO,101552,,ICICIBANK,,2026-02-24,2026-02-24,1580.0,PE,ICICIBANK26FEB1580PE,0.0,0.0,0.0,205.3,0.0,205.3,1408.15,170.4,0,0,0,0.0,0,F1,700,,,,,
2026-02-18,2026-02-18,FO,NSE,STO,120393,,ICICIBANK,,2026-03-30,2026-03-30,1390.0,PE,ICICIBANK26MAR1390PE,19.0,19.6,16.2,16.85,16.5,18.05,1408.15,16.85,40600,13300,90,88693675.0,85,F1,700,,,,,
2026-02-18,2026-02-18,FO,NSE,STO,109028,,ICICIBANK,,2026-03-30,2026-03-30,1540.0,PE,ICICIBANK26MAR1540PE,0.0,0.0,0.0,182.5,0.0,182.5,1408.15,125.5,0,0,0,0.0,0,F1,700,,,,,
2026-02-18,2026-02-18,FO,NSE,STO,120648,,ICICIBANK,,2026-04-28,2026-04-28,1280.0,PE,ICICIBANK26APR1280PE,0.0,0.0,0.0,18.15,0.0,18.15,1408.15,3.9,0,0,0,0.0,0,F1,700,,,,,
2026-02-18,2026-02-18,FO,NSE,STO,120820,,ICICIBANK,,2026-04-28,2026-04-28,1640.0,PE,ICICIBANK26APR1640PE,0.0,0.0,0.0,256.75,0.0,256.75,1408.15,216.3,0,0,0,0.0,0,F1,700,,,,,
2026-02-18,2026-02-18,FO,NSE,STO,120630,,ICICIBANK,,2026-04-28,2026-04-28,1160.0,CE,ICICIBANK26APR1160CE,0.0,0.0,0.0,221.65,0.0,221.65,1408.15,260.25,0,0,0,0.0,0,F1,700,,,,,
2026-02-18,2026-02-18,FO,NSE,STO,120257,,ICICIBANK,,2026-03-30,2026-03-30,1270.0,CE,ICICIBANK26MAR1270CE,0.0,0.0,0.0,115.35,0.0,115.35,1408.15,146.7,0,0,0,0.0,0,F1,700,,,,,
2026-02-18,2026-02-18,FO,NSE,STO,108834,,ICICIBANK,,2026-03-30,2026-03-30,1280.0,CE,ICICIBANK26MAR1280CE,0.0,0.0,0.0,102.75,0.0,102.75,1408.15,137.15,0,0,0,0.0,0,F1,700,,,,,
2026-02-18,2026-02-18,FO,NSE,STO,108822,,ICICIBANK,,2026-03-30,2026-03-30,1160.0,CE,ICICIBANK26MAR1160CE,0.0,0.0,0.0,202.6,0.0,202.6,1408.15,255.15,0,0,0,0.0,0,F1,700,,,,,
2026-02-18,2026-02-18,FO,NSE,STO,109017,,ICICIBANK,,2026-03-30,2026-03-30,1440.0,CE,ICICIBANK26MAR1440CE,18.6,18.6,15.9,17.55,17.0,18.15,1408.15,17.55,161000,32900,133,135636340.0,104,F1,700,,,,,
2026-02-18,2026-02-18,FO,NSE,STO,120640,,ICICIBANK,,2026-04-28,2026-04-28,1240.0,CE,ICICIBANK26APR1240CE,0.0,0.0,0.0,150.6,0.0,150.6,1408.15,182.4,0,0,0,0.0,0,F1,700,,,,,
2026-02-18,2026-02-18,FO,NSE,STO,101372,,ICICIBANK,,2026-02-24,2026-02-24,1180.0,PE,ICICIBANK26FEB1180PE,0.0,0.0,0.0,0.2,0.2,0.2,1408.15,0.05,39900,0,0,0.0,0,F1,700,,,,,
2026-02-18,2026-02-18,FO,NSE,STO,108633,,ICICIBANK,,2026-02-24,2026-02-24,1550.0,PE,ICICIBANK26FEB1550PE,0.0,0.0,0.0,195.3,0.0,195.3,1408.15,140.45,0,0,0,0.0,0,F1,700,,,,,
2026-02-18,2026-02-18,FO,NSE,STO,108918,,ICICIBANK,,2026-03-30,2026-03-30,1300.0,PE,ICICIBANK26MAR1300PE,3.0,3.65,2.85,3.15,3.2,3.5,1408.15,3.15,400400,23800,148,135019605.0,123,F1,700,,,,,
2026-02-18,2026-02-18,FO,NSE,STO,109020,,ICICIBANK,,2026-03-30,2026-03-30,1460.0,PE,ICICIBANK26MAR1460PE,0.0,0.0,0.0,50.7,50.7,50.7,1408.15,59.1,11900,0,0,0.0,0,F1,700,,,,,
2026-02-18,2026-02-18,FO,NSE,STO,120420,,ICICIBANK,,2026-03-30,2026-03-30,1490.0,PE,ICICIBANK26MAR1490PE,0.0,0.0,0.0,124.6,0.0,124.6,1408.15,81.85,0,0,0,0.0,0,F1,700,,,,,
2026-02-18,2026-02-18,FO,NSE,STO,109038,,ICICIBANK,,2026-03-30,2026-03-30,1640.0,PE,ICICIBANK26MAR1640PE,0.0,0.0,0.0,275.15,0.0,275.15,1408.15,222.15,0,0,0,0.0,0,F1,700,,,,,
2026-02-18,2026-02-18,FO,NSE,STO,120657,,ICICIBANK,,2026-04-28,2026-04-28,1360.0,PE,ICICIBANK26APR1360PE,0.0,0.0,0.0,45.55,0.0,45.55,1408.15,18.0,0,0,0,0.0,0,F1,700,,,,,
2026-02-18,2026-02-18,FO,NSE,STO,120659,,ICICIBANK,,2026-04-28,2026-04-28,1380.0,PE,ICICIBANK26APR1380PE,0.0,0.0,0.0,55.1,0.0,55.1,1408.15,24.4,0,0,0,0.0,0,F1,700,,,,,
2026-02-18,2026-02-18,FO,NSE,STO,101373,,ICICIBANK,,2026-02-24,2026-02-24,1200.0,CE,ICICIBANK26FEB1200CE,0.0,0.0,0.0,200.0,200.0,200.0,1408.15,209.25,23800,0,0,0.0,0,F1,700,,,,,
2026-02-18,2026-02-18,FO,NSE,STO,108551,,ICICIBANK,,2026-02-24,2026-02-24,1270.0,CE,ICICIBANK26FEB1270CE,138.4,138.4,138.4,138.4,138.4,154.25,1408.15,138.4,18900,0,1,985880.0,1,F1,700,,,,,
2026-02-18,2026-02-18,FO,NSE,STO,108563,,ICICIBANK,,2026-02-24,2026-02-24,1390.0,CE,ICICIBANK26FEB1390CE,25.0,25.0,16.5,20.25,19.15,21.75,1408.15,20.25,707000,-38500,921,908293470.0,890,F1,700,,,,,
2026-02-18,2026-02-18,FO,NSE,STO,108628,,ICICIBANK,,2026-02-24,2026-02-24,1510.0,CE,ICICIBANK26FEB1510CE,0.35,0.35,0.2,0.3,0.35,0.35,1408.15,0.3,494900,-3500,130,137434745.0,105,F1,700,,,,,
2026-02-18,2026-02-18,FO,NSE,STO,108632,,ICICIBANK,,2026-02-24,2026-02-24,1550.0,CE,ICICIBANK26FEB1550CE,0.3,0.3,0.15,0.25,0.25,0.25,1408.15,0.25,93100,-4900,26,28213535.0,21,F1,700,,,,,
2026-02-18,2026-02-18,FO,NSE,STO,101551,,ICICIBANK,,2026-02-24,2026-02-24,1580.0,CE,ICICIBANK26FEB1580CE,0.15,0.2,0.15,0.2,0.2,0.3,1408.15,0.05,23100,-1400,2,2212245.0,2,F1,700,,,,,
2026-02-18,2026-02-18,FO,NSE,STO,101371,,ICICIBANK,,2026-02-24,2026-02-24,1180.0,CE,ICICIBANK26FEB1180CE,0.0,0.0,0.0,198.4,198.4,198.4,1408.15,229.2,2100,0,0,0.0,0,F1,700,,,,,
2026-02-18,2026-02-18,FO,NSE,STO,101359,,ICICIBANK,,2026-02-24,2026-02-24,1140.0,CE,ICICIBANK26FEB1140CE,0.0,0.0,0.0,236.75,0.0,236.75,1408.15,269.2,0,0,0,0.0,0,F1,700,,,,,
2026-02-18,2026-02-18,FO,NSE,STO,109031,,ICICIBANK,,2026-03-30,2026-03-30,1580.0,CE,ICICIBANK26MAR1580CE,0.0,0.0,0.0,2.15,2.15,2.15,1408.15,1.0,700,0,0,0.0,0,F1,700,,,,,
2026-02-18,2026-02-18,FO,NSE,STO,101396,,ICICIBANK,,2026-02-24,2026-02-24,1220.0,PE,ICICIBANK26FEB1220PE,0.1,0.15,0.1,0.1,0.1,0.15,1408.15,0.05,247800,-4900,51,43558305.0,29,F1,700,,,,,
2026-02-18,2026-02-18,FO,NSE,STO,101400,,ICICIBANK,,2026-02-24,2026-02-24,1260.0,PE,ICICIBANK26FEB1260PE,0.35,0.35,0.2,0.25,0.2,0.6,1408.15,0.25,323400,2100,205,180850215.0,64,F1,700,,,,,
2026-02-18,2026-02-18,FO,NSE,STO,101474,,ICICIBANK,,2026-02-24,2026-02-24,1500.0,PE,ICICIBANK26FEB1500PE,97.0,99.0,92.0,94.5,94.5,94.5,1408.15,94.5,140700,-11900,20,22354535.0,6,F1,700,,,,,
2026-02-18,2026-02-18,FO,NSE,STO,101540,,ICICIBANK,,2026-02-24,2026-02-24,1520.0,PE,ICICIBANK26FEB1520PE,0.0,0.0,0.0,123.65,123.65,123.65,1408.15,110.5,2100,0,0,0.0,0,F1,700,,,,,
2026-02-18,2026-02-18,FO,NSE,STO,108920,,ICICIBANK,,2026-03-30,2026-03-30,1320.0,PE,ICICIBANK26MAR1320PE,4.65,5.05,4.1,4.25,4.2,4.85,1408.15,4.25,66500,12600,41,38018400.0,32,F1,700,,,,,
2026-02-18,2026-02-18,FO,NSE,STO,120358,,ICICIBANK,,2026-03-30,2026-03-30,1350.0,PE,ICICIBANK26MAR1350PE,7.35,8.9,6.9,7.4,7.4,8.35,1408.15,7.4,192500,24500,153,145451740.0,121,F1,700,,,,,
2026-02-18,2026-02-18,FO,NSE,STO,109024,,ICICIBANK,,2026-03-30,2026-03-30,1500.0,PE,ICICIBANK26MAR1500PE,88.7,94.0,86.2,88.65,88.25,89.0,1408.15,88.65,64400,6300,41,45646160.0,31,F1,700,,,,,
2026-02-18,2026-02-18,FO,NSE,STO,109026,,ICICIBANK,,2026-03-30,2026-03-30,1520.0,PE,ICICIBANK26MAR1520PE,0.0,0.0,0.0,100.0,100.0,100.0,1408.15,107.4,2100,0,0,0.0,0,F1,700,,,,,
2026-02-18,2026-02-18,FO,NSE,STO,120654,,ICICIBANK,,2026-04-28,2026-04-28,1340.0,PE,ICICIBANK26APR1340PE,0.0,0.0,0.0,37.1,0.0,37.1,1408.15,12.9,0,0,0,0.0,0,F1,700,,,,,
2026-02-18,2026-02-18,FO,NSE,STO,109025,,ICICIBANK,,2026-03-30,2026-03-30,1520.0,CE,ICICIBANK26MAR1520CE,4.4,4.4,3.3,3.45,3.35,4.15,1408.15,3.45,37800,-4200,37,39464950.0,34,F1,700,,,,,
2026-02-18,2026-02-18,FO,NSE,STO,108951,,ICICIBANK,,2026-03-30,2026-03-30,1400.0,CE,ICICIBANK26MAR1400CE,40.0,40.0,33.45,36.55,36.0,37.05,1408.15,36.55,351400,105700,776,779753170.0,574,F1,700,,,,,
2026-02-18,2026-02-18,FO,NSE,STO,120390,,ICICIBANK,,2026-03-30,2026-03-30,1390.0,CE,ICICIBANK26MAR1390CE,43.0,44.0,39.1,43.35,42.65,42.45,1408.15,43.35,11900,700,28,28052605.0,28,F1,700,,,,,
2026-02-18,2026-02-18,FO,NSE,STO,120337,,ICICIBANK,,2026-03-30,2026-03-30,1350.0,CE,ICICIBANK26MAR1350CE,74.0,74.0,68.35,73.65,73.75,72.95,1408.15,73.65,106400,-4900,64,63658770.0,44,F1,700,,,,,
2026-02-18,2026-02-18,FO,NSE,STO,101375,,ICICIBANK,,2026-02-24,2026-02-24,1220.0,CE,ICICIBANK26FEB1220CE,0.0,0.0,0.0,159.25,159.25,159.25,1408.15,189.25,5600,0,0,0.0,0,F1,700,,,,,
2026-02-18,2026-02-18,FO,NSE,STO,108830,,ICICIBANK,,2026-03-30,2026-03-30,1240.0,CE,ICICIBANK26MAR1240CE,0.0,0.0,0.0,132.95,0.0,132.95,1408.15,175.9,0,0,0,0.0,0,F1,700,,,,,
2026-02-18,2026-02-18,FO,NSE,STO,120249,,ICICIBANK,,2026-03-30,2026-03-30,1230.0,CE,ICICIBANK26MAR1230CE,0.0,0.0,0.0,149.25,0.0,149.25,1408.15,185.75,0,0,0,0.0,0,F1,700,,,,,
2026-02-18,2026-02-18,FO,NSE,STO,101543,,ICICIBANK,,2026-02-24,2026-02-24,1560.0,CE,ICICIBANK26FEB1560CE,0.25,0.3,0.25,0.3,0.3,0.35,1408.15,0.3,49700,4200,11,12014135.0,9,F1,700,,,,,
2026-02-18,2026-02-18,FO,NSE,STO,108630,,ICICIBANK,,2026-02-24,2026-02-24,1530.0,CE,ICICIBANK26FEB1530CE,0.25,0.3,0.2,0.3,0.3,0.4,1408.15,0.3,137200,-4900,17,18209870.0,12,F1,700,,,,,
2026-02-18,2026-02-18,FO,NSE,STO,101477,,ICICIBANK,,2026-02-24,2026-02-24,1520.0,CE,ICICIBANK26FEB1520CE,0.2,0.3,0.15,0.25,0.3,0.3,1408.15,0.25,554400,0,104,110671260.0,73,F1,700,,,,,
2026-02-18,2026-02-18,FO,NSE,STO,101434,,ICICIBANK,,2026-02-24,2026-02-24,1480.0,CE,ICICIBANK26FEB1480CE,0.8,0.85,0.45,0.55,0.5,0.8,1408.15,0.55,616000,57400,575,595923580.0,410,F1,700,,,,,
2026-02-18,2026-02-18,FO,NSE,STO,108622,,ICICIBANK,,2026-02-24,2026-02-24,1450.0,CE,ICICIBANK26FEB1450CE,1.7,1.85,0.6,0.8,0.75,1.6,1408.15,0.8,2296000,-109900,2101,2134051395.0,1111,F1,700,,,,,
2026-02-18,2026-02-18,FO,NSE,STO,101426,,ICICIBANK,,2026-02-24,2026-02-24,1420.0,CE,ICICIBANK26FEB1420CE,6.0,7.35,3.2,4.15,3.85,5.85,1408.15,4.15,3444700,274400,9469,9440720730.0,5489,F1,700,,,,,
2026-02-18,2026-02-18,FO,NSE,STO,101399,,ICICIBANK,,2026-02-24,2026-02-24,1260.0,CE,ICICIBANK26FEB1260CE,0.0,0.0,0.0,121.35,121.35,121.35,1408.15,149.3,700,0,0,0.0,0,F1,700,,,,,
2026-02-18,2026-02-18,FO,NSE,STO,120663,,ICICIBANK,,2026-04-28,2026-04-28,1420.0,PE,ICICIBANK26APR1420PE,0.0,0.0,0.0,77.5,0.0,77.5,1408.15,41.5,0,0,0,0.0,0,F1,700,,,,,
2026-02-18,2026-02-18,FO,NSE,STO,120418,,ICICIBANK,,2026-03-30,2026-03-30,1470.0,PE,ICICIBANK26MAR1470PE,0.0,0.0,0.0,67.6,67.6,67.6,1408.15,66.3,3500,0,0,0.0,0,F1,700,,,,,
2026-02-18,2026-02-18,FO,NSE,STO,108829,,ICICIBANK,,2026-03-30,2026-03-30,1220.0,PE,ICICIBANK26MAR1220PE,0.0,0.0,0.0,8.8,0.0,8.8,1408.15,0.1,0,0,0,0.0,0,F1,700,,,,,
2026-02-18,2026-02-18,FO,NSE,STO,101424,,ICICIBANK,,2026-02-24,2026-02-24,1400.0,PE,ICICIBANK26FEB1400PE,5.55,10.3,5.05,6.0,6.4,8.45,1408.15,6.0,3452400,-4900,8065,7947994075.0,6381,F1,700,,,,,
2026-02-18,2026-02-18,FO,NSE,STO,108562,,ICICIBANK,,2026-02-24,2026-02-24,1370.0,PE,ICICIBANK26FEB1370PE,1.1,2.1,0.7,0.9,0.95,1.8,1408.15,0.9,1350300,-292600,3098,2974045935.0,1179,F1,700,,,,,
2026-02-18,2026-02-18,FO,NSE,STO,108554,,ICICIBANK,,2026-02-24,2026-02-24,1290.0,PE,ICICIBANK26FEB1290PE,0.4,0.45,0.3,0.3,0.35,0.45,1408.15,0.3,175000,-2100,53,47872020.0,50,F1,700,,,,,
2026-02-18,2026-02-18,FO,NSE,STO,108552,,ICICIBANK,,2026-02-24,2026-02-24,1270.0,PE,ICICIBANK26FEB1270PE,0.4,0.4,0.25,0.3,0.25,0.4,1408.15,0.3,324800,2100,142,126269990.0,63,F1,700,,,,,
2026-02-18,2026-02-18,FO,NSE,STO,108548,,ICICIBANK,,2026-02-24,2026-02-24,1230.0,PE,ICICIBANK26FEB1230PE,0.2,0.2,0.1,0.1,0.1,0.25,1408.15,0.1,264600,-11900,30,25832695.0,25,F1,700,,,,,
2026-02-18,2026-02-18,FO,NSE,STO,108546,,ICICIBANK,,2026-02-24,2026-02-24,1210.0,PE,ICICIBANK26FEB1210PE,0.0,0.0,0.0,0.25,0.25,0.25,1408.15,0.05,1400,0,0,0.0,0,F1,700,,,,,
2026-02-18,2026-02-18,FO,NSE,STO,109013,,ICICIBANK,,2026-03-30,2026-03-30,1420.0,CE,ICICIBANK26MAR1420CE,27.7,27.75,23.45,25.8,24.95,26.4,1408.15,25.8,226100,63000,426,430906875.0,376,F1,700,,,,,
2026-02-18,2026-02-18,FO,NSE,STO,108929,,ICICIBANK,,2026-03-30,2026-03-30,1360.0,CE,ICICIBANK26MAR1360CE,61.0,65.25,61.0,65.25,65.25,66.0,1408.15,67.75,28700,0,3,2989875.0,3,F1,700,,,,,
2026-02-18,2026-02-18,FO,NSE,STO,108919,,ICICIBANK,,2026-03-30,2026-03-30,1320.0,CE,ICICIBANK26MAR1320CE,0.0,0.0,0.0,69.05,69.05,69.05,1408.15,100.4,5600,0,0,0.0,0,F1,700,,,,,
2026-02-18,2026-02-18,FO,NSE,STO,108871,,ICICIBANK,,2026-03-30,2026-03-30,1300.0,CE,ICICIBANK26MAR1300CE,116.0,116.8,112.5,113.3,113.3,117.9,1408.15,118.4,137200,11900,27,26726525.0,21,F1,700,,,,,
2026-02-18,2026-02-18,FO,NSE,STO,120247,,ICICIBANK,,2026-03-30,2026-03-30,1210.0,CE,ICICIBANK26MAR1210CE,0.0,0.0,0.0,167.3,0.0,167.3,1408.15,205.5,0,0,0,0.0,0,F1,700,,,,,
2026-02-18,2026-02-18,FO,NSE,STO,101421,,ICICIBANK,,2026-02-24,2026-02-24,1400.0,CE,ICICIBANK26FEB1400CE,16.5,18.0,10.4,13.0,12.05,15.0,1408.15,13.0,3885000,-382900,9973,9860673480.0,7819,F1,700,,,,,
2026-02-18,2026-02-18,FO,NSE,STO,120403,,ICICIBANK,,2026-03-30,2026-03-30,1410.0,PE,ICICIBANK26MAR1410PE,26.8,28.0,23.8,24.65,24.1,25.95,1408.15,24.65,113400,25900,71,71371405.0,64,F1,700,,,,,
2026-02-18,2026-02-18,FO,NSE,STO,120792,,ICICIBANK,,2026-04-28,2026-04-28,1540.0,PE,ICICIBANK26APR1540PE,0.0,0.0,0.0,166.6,0.0,166.6,1408.15,124.65,0,0,0,0.0,0,F1,700,,,,,
2026-02-18,2026-02-18,FO,NSE,STO,108944,,ICICIBANK,,2026-03-30,2026-03-30,1360.0,PE,ICICIBANK26MAR1360PE,10.05,10.8,8.75,9.1,8.75,10.1,1408.15,9.1,147000,16800,68,65204580.0,57,F1,700,,,,,
2026-02-18,2026-02-18,FO,NSE,STO,120258,,ICICIBANK,,2026-03-30,2026-03-30,1270.0,PE,ICICIBANK26MAR1270PE,0.0,0.0,0.0,2.65,2.65,2.65,1408.15,0.9,700,0,0,0.0,0,F1,700,,,,,
2026-02-18,2026-02-18,FO,NSE,STO,120254,,ICICIBANK,,2026-03-30,2026-03-30,1250.0,PE,ICICIBANK26MAR1250PE,1.85,2.0,1.85,2.0,2.0,2.6,1408.15,0.45,4200,0,2,1752695.0,2,F1,700,,,,,
2026-02-18,2026-02-18,FO,NSE,STO,108558,,ICICIBANK,,2026-02-24,2026-02-24,1330.0,PE,ICICIBANK26FEB1330PE,0.45,0.5,0.3,0.35,0.35,0.6,1408.15,0.35,571200,-17500,197,183460585.0,137,F1,700,,,,,
2026-02-18,2026-02-18,FO,NSE,STO,101402,,ICICIBANK,,2026-02-24,2026-02-24,1280.0,PE,ICICIBANK26FEB1280PE,0.4,0.4,0.25,0.3,0.3,0.45,1408.15,0.3,273700,-10500,59,52877475.0,39,F1,700,,,,,
2026-02-18,2026-02-18,FO,NSE,STO,120763,,ICICIBANK,,2026-04-28,2026-04-28,1460.0,CE,ICICIBANK26APR1460CE,0.0,0.0,0.0,27.65,0.0,27.65,1408.15,27.6,0,0,0,0.0,0,F1,700,,,,,
2026-02-18,2026-02-18,FO,NSE,STO,120662,,ICICIBANK,,2026-04-28,2026-04-28,1420.0,CE,ICICIBANK26APR1420CE,0.0,0.0,0.0,40.65,0.0,40.65,1408.15,44.35,0,0,0,0.0,0,F1,700,,,,,
2026-02-18,2026-02-18,FO,NSE,STO,101369,,ICICIBANK,,2026-02-24,2026-02-24,1160.0,CE,ICICIBANK26FEB1160CE,0.0,0.0,0.0,205.8,205.8,205.8,1408.15,249.2,5600,0,0,0.0,0,F1,700,,,,,
2026-02-18,2026-02-18,FO,NSE,STO,101397,,ICICIBANK,,2026-02-24,2026-02-24,1240.0,CE,ICICIBANK26FEB1240CE,0.0,0.0,0.0,136.6,136.6,136.6,1408.15,169.25,7700,0,0,0.0,0,F1,700,,,,,
2026-02-18,2026-02-18,FO,NSE,STO,101407,,ICICIBANK,,2026-02-24,2026-02-24,1340.0,CE,ICICIBANK26FEB1340CE,65.65,68.3,61.3,67.45,66.55,66.85,1408.15,67.45,418600,11900,37,36340185.0,37,F1,700,,,,,
2026-02-18,2026-02-18,FO,NSE,STO,108559,,ICICIBANK,,2026-02-24,2026-02-24,1350.0,CE,ICICIBANK26FEB1350CE,55.95,59.0,50.75,54.85,55.75,56.4,1408.15,54.85,1012900,5600,79,77661465.0,56,F1,700,,,,,
2026-02-18,2026-02-18,FO,NSE,STO,108620,,ICICIBANK,,2026-02-24,2026-02-24,1430.0,CE,ICICIBANK26FEB1430CE,4.95,5.0,1.9,2.35,2.25,3.75,1408.15,2.35,2308600,-119000,6558,6576255000.0,3275,F1,700,,,,,
2026-02-18,2026-02-18,FO,NSE,STO,108828,,ICICIBANK,,2026-03-30,2026-03-30,1220.0,CE,ICICIBANK26MAR1220CE,0.0,0.0,0.0,149.35,0.0,149.35,1408.15,195.6,0,0,0,0.0,0,F1,700,,,,,
2026-02-18,2026-02-18,FO,NSE,STO,108557,,ICICIBANK,,2026-02-24,2026-02-24,1330.0,CE,ICICIBANK26FEB1330CE,80.2,80.2,71.0,76.45,76.45,82.4,1408.15,76.45,165900,-6300,18,17697120.0,17,F1,700,,,,,
2026-02-18,2026-02-18,FO,NSE,STO,108626,,ICICIBANK,,2026-02-24,2026-02-24,1490.0,CE,ICICIBANK26FEB1490CE,0.55,0.55,0.35,0.5,0.5,0.6,1408.15,0.5,229600,39900,169,176321180.0,127,F1,700,,,,,
2026-02-18,2026-02-18,FO,NSE,STO,108826,,ICICIBANK,,2026-03-30,2026-03-30,1200.0,CE,ICICIBANK26MAR1200CE,0.0,0.0,0.0,166.5,0.0,166.5,1408.15,215.4,0,0,0,0.0,0,F1,700,,,,,
2026-02-18,2026-02-18,FO,NSE,STO,120421,,ICICIBANK,,2026-03-30,2026-03-30,1510.0,CE,ICICIBANK26MAR1510CE,4.45,4.45,3.9,4.15,3.9,4.95,1408.15,4.15,65100,-700,12,12719945.0,12,F1,700,,,,,
2026-02-18,2026-02-18,FO,NSE,STO,120647,,ICICIBANK,,2026-04-28,2026-04-28,1280.0,CE,ICICIBANK26APR1280CE,0.0,0.0,0.0,119.15,0.0,119.15,1408.15,145.25,0,0,0,0.0,0,F1,700,,,,,
2026-02-18,2026-02-18,FO,NSE,STO,120658,,ICICIBANK,,2026-04-28,2026-04-28,1380.0,CE,ICICIBANK26APR1380CE,0.0,0.0,0.0,57.65,0.0,57.65,1408.15,66.85,0,0,0,0.0,0,F1,700,,,,,
2026-02-18,2026-02-18,FO,NSE,STO,120664,,ICICIBANK,,2026-04-28,2026-04-28,1440.0,CE,ICICIBANK26APR1440CE,0.0,0.0,0.0,33.7,0.0,33.7,1408.15,35.25,0,0,0,0.0,0,F1,700,,,,,
2026-02-18,2026-02-18,FO,NSE,STO,120819,,ICICIBANK,,2026-04-28,2026-04-28,1640.0,CE,ICICIBANK26APR1640CE,0.0,0.0,0.0,3.25,0.0,3.25,1408.15,1.45,0,0,0,0.0,0,F1,700,,,,,
2026-02-18,2026-02-18,FO,NSE,STO,101406,,ICICIBANK,,2026-02-24,2026-02-24,1320.0,PE,ICICIBANK26FEB1320PE,0.4,0.5,0.25,0.35,0.35,0.5,1408.15,0.35,387100,-25900,113,104441995.0,89,F1,700,,,,,
2026-02-18,2026-02-18,FO,NSE,STO,109032,,ICICIBANK,,2026-03-30,2026-03-30,1580.0,PE,ICICIBANK26MAR1580PE,0.0,0.0,0.0,218.65,0.0,218.65,1408.15,163.4,0,0,0,0.0,0,F1,700,,,,,
2026-02-18,2026-02-18,FO,NSE,STO,109018,,ICICIBANK,,2026-03-30,2026-03-30,1440.0,PE,ICICIBANK26MAR1440PE,42.45,45.5,40.55,41.05,41.0,43.0,1408.15,41.05,35700,-7700,44,45668245.0,28,F1,700,,,,,
2026-02-18,2026-02-18,FO,NSE,STO,109012,,ICICIBANK,,2026-03-30,2026-03-30,1400.0,PE,ICICIBANK26MAR1400PE,20.4,23.75,19.25,20.3,20.0,21.8,1408.15,20.3,894600,126700,824,819996765.0,584,F1,700,,,,,
2026-02-18,2026-02-18,FO,NSE,STO,120389,,ICICIBANK,,2026-03-30,2026-03-30,1370.0,PE,ICICIBANK26MAR1370PE,12.25,13.0,11.0,11.25,11.0,12.4,1408.15,11.25,64400,20300,58,56103495.0,49,F1,700,,,,,
2026-02-18,2026-02-18,FO,NSE,STO,120260,,ICICIBANK,,2026-03-30,2026-03-30,1290.0,PE,ICICIBANK26MAR1290PE,0.0,0.0,0.0,4.7,4.7,4.7,1408.15,1.8,1400,0,0,0.0,0,F1,700,,,,,
2026-02-18,2026-02-18,FO,NSE,STO,108624,,ICICIBANK,,2026-02-24,2026-02-24,1470.0,CE,ICICIBANK26FEB1470CE,1.05,1.05,0.5,0.6,0.5,0.95,1408.15,0.6,379400,12600,343,353118500.0,258,F1,700,,,,,
2026-02-18,2026-02-18,FO,NSE,STO,101403,,ICICIBANK,,2026-02-24,2026-02-24,1300.0,CE,ICICIBANK26FEB1300CE,103.0,108.0,101.55,108.0,108.0,98.8,1408.15,109.35,176400,-1400,5,4912635.0,4,F1,700,,,,,
2026-02-18,2026-02-18,FO,NSE,STF,59353,,ICICIBANK,,2026-02-24,2026-02-24,,,ICICIBANK26FEBFUT,1411.0,1413.5,1400.7,1407.2,1406.5,1407.2,1408.15,1407.2,92373400,-9762200,19117,18793080460.0,14498,F1,700,,,,,
2026-02-18,2026-02-18,FO,NSE,STO,120764,,ICICIBANK,,2026-04-28,2026-04-28,1460.0,PE,ICICIBANK26APR1460PE,0.0,0.0,0.0,103.9,0.0,103.9,1408.15,64.3,0,0,0,0.0,0,F1,700,,,,,
2026-02-18,2026-02-18,FO,NSE,STO,120646,,ICICIBANK,,2026-04-28,2026-04-28,1260.0,PE,ICICIBANK26APR1260PE,0.0,0.0,0.0,13.75,0.0,13.75,1408.15,2.4,0,0,0,0.0,0,F1,700,,,,,
2026-02-18,2026-02-18,FO,NSE,STO,120637,,ICICIBANK,,2026-04-28,2026-04-28,1200.0,PE,ICICIBANK26APR1200PE,0.0,0.0,0.0,5.3,0.0,5.3,1408.15,0.45,0,0,0,0.0,0,F1,700,,,,,
2026-02-18,2026-02-18,FO,NSE,STO,108560,,ICICIBANK,,2026-02-24,2026-02-24,1350.0,PE,ICICIBANK26FEB1350PE,0.5,0.6,0.3,0.35,0.35,0.6,1408.15,0.35,1528800,-14000,1540,1455794865.0,482,F1,700,,,,,
2026-02-18,2026-02-18,FO,NSE,STO,101411,,ICICIBANK,,2026-02-24,2026-02-24,1360.0,PE,ICICIBANK26FEB1360PE,0.7,1.05,0.2,0.4,0.45,0.9,1408.15,0.4,1710800,-53900,2275,2166674090.0,1136,F1,700,,,,,
2026-02-18,2026-02-18,FO,NSE,STO,108621,,ICICIBANK,,2026-02-24,2026-02-24,1430.0,PE,ICICIBANK26FEB1430PE,27.0,31.25,23.25,24.8,26.2,27.3,1408.15,24.8,595000,-11200,380,387789360.0,374,F1,700,,,,,
2026-02-18,2026-02-18,FO,NSE,STO,101548,,ICICIBANK,,2026-02-24,2026-02-24,1560.0,PE,ICICIBANK26FEB1560PE,0.0,0.0,0.0,187.5,0.0,187.5,1408.15,150.45,0,0,0,0.0,0,F1,700,,,,,
2026-02-18,2026-02-18,FO,NSE,STO,108827,,ICICIBANK,,2026-03-30,2026-03-30,1200.0,PE,ICICIBANK26MAR1200PE,0.0,0.0,0.0,6.25,0.0,6.25,1408.15,0.05,0,0,0,0.0,0,F1,700,,,,,
2026-02-18,2026-02-18,FO,NSE,STO,108922,,ICICIBANK,,2026-03-30,2026-03-30,1340.0,PE,ICICIBANK26MAR1340PE,6.75,7.25,5.9,6.15,6.0,6.9,1408.15,6.15,464800,16100,136,128199820.0,81,F1,700,,,,,
2026-02-18,2026-02-18,FO,NSE,STO,120416,,ICICIBANK,,2026-03-30,2026-03-30,1450.0,PE,ICICIBANK26MAR1450PE,52.6,52.6,46.15,47.75,48.15,49.35,1408.15,47.75,44100,4900,63,66186155.0,60,F1,700,,,,,
2026-02-18,2026-02-18,FO,NSE,STO,109030,,ICICIBANK,,2026-03-30,2026-03-30,1560.0,PE,ICICIBANK26MAR1560PE,0.0,0.0,0.0,200.4,0.0,200.4,1408.15,144.25,0,0,0,0.0,0,F1,700,,,,,
2026-02-18,2026-02-18,FO,NSE,STO,108547,,ICICIBANK,,2026-02-24,2026-02-24,1230.0,CE,ICICIBANK26FEB1230CE,0.0,0.0,0.0,129.35,0.0,129.35,1408.15,179.25,0,0,0,0.0,0,F1,700,,,,,
2026-02-18,2026-02-18,FO,NSE,STO,108549,,ICICIBANK,,2026-02-24,2026-02-24,1250.0,CE,ICICIBANK26FEB1250CE,0.0,0.0,0.0,130.9,130.9,130.9,1408.15,159.3,2800,0,0,0.0,0,F1,700,,,,,
2026-02-18,2026-02-18,FO,NSE,STO,101432,,ICICIBANK,,2026-02-24,2026-02-24,1460.0,CE,ICICIBANK26FEB1460CE,1.1,1.35,0.55,0.6,0.6,1.2,1408.15,0.6,588700,-72800,1586,1621764130.0,622,F1,700,,,,,
2026-02-18,2026-02-18,FO,NSE,STO,101436,,ICICIBANK,,2026-02-24,2026-02-24,1500.0,CE,ICICIBANK26FEB1500CE,0.5,0.5,0.3,0.45,0.4,0.5,1408.15,0.45,2750300,191100,1262,1325449930.0,960,F1,700,,,,,
2026-02-18,2026-02-18,FO,NSE,STO,101541,,ICICIBANK,,2026-02-24,2026-02-24,1540.0,CE,ICICIBANK26FEB1540CE,0.3,0.35,0.2,0.35,0.35,0.4,1408.15,0.35,287000,6300,69,74395475.0,33,F1,700,,,,,
2026-02-18,2026-02-18,FO,NSE,STO,108824,,ICICIBANK,,2026-03-30,2026-03-30,1180.0,CE,ICICIBANK26MAR1180CE,0.0,0.0,0.0,184.3,0.0,184.3,1408.15,235.25,0,0,0,0.0,0,F1,700,,,,,
2026-02-18,2026-02-18,FO,NSE,STO,120305,,ICICIBANK,,2026-03-30,2026-03-30,1330.0,CE,ICICIBANK26MAR1330CE,0.0,0.0,0.0,72.0,0.0,72.0,1408.15,91.75,0,0,0,0.0,0,F1,700,,,,,
2026-02-18,2026-02-18,FO,NSE,STO,108945,,ICICIBANK,,2026-03-30,2026-03-30,1380.0,CE,ICICIBANK26MAR1380CE,49.0,51.0,46.0,50.55,49.6,49.5,1408.15,50.55,25900,3500,18,17989580.0,16,F1,700,,,,,
2026-02-18,2026-02-18,FO,NSE,STO,120419,,ICICIBANK,,2026-03-30,2026-03-30,1490.0,CE,ICICIBANK26MAR1490CE,7.15,7.15,5.65,6.2,5.95,6.35,1408.15,6.2,63700,9100,40,41888490.0,39,F1,700,,,,,
2026-02-18,2026-02-18,FO,NSE,STO,109027,,ICICIBANK,,2026-03-30,2026-03-30,1540.0,CE,ICICIBANK26MAR1540CE,3.0,3.0,2.35,2.45,2.45,2.85,1408.15,2.45,92400,3500,25,26994100.0,24,F1,700,,,,,
2026-02-18,2026-02-18,FO,NSE,STO,120649,,ICICIBANK,,2026-04-28,2026-04-28,1300.0,CE,ICICIBANK26APR1300CE,0.0,0.0,0.0,104.75,0.0,104.75,1408.15,127.6,0,0,0,0.0,0,F1,700,,,,,
2026-02-18,2026-02-18,FO,NSE,STO,120793,,ICICIBANK,,2026-04-28,2026-04-28,1560.0,CE,ICICIBANK26APR1560CE,0.0,0.0,0.0,9.15,0.0,9.15,1408.15,6.3,0,0,0,0.0,0,F1,700,,,,,
2026-02-18,2026-02-18,FO,NSE,STO,101409,,ICICIBANK,,2026-02-24,2026-02-24,1340.0,PE,ICICIBANK26FEB1340PE,0.5,0.55,0.3,0.35,0.35,0.6,1408.15,0.35,492800,-25900,142,133235340.0,114,F1,700,,,,,
2026-02-18,2026-02-18,FO,NSE,STO,120781,,ICICIBANK,,2026-04-28,2026-04-28,1520.0,PE,ICICIBANK26APR1520PE,0.0,0.0,0.0,149.95,0.0,149.95,1408.15,108.05,0,0,0,0.0,0,F1,700,,,,,
2026-02-18,2026-02-18,FO,NSE,STO,120641,,ICICIBANK,,2026-04-28,2026-04-28,1240.0,PE,ICICIBANK26APR1240PE,0.0,0.0,0.0,10.25,0.0,10.25,1408.15,1.45,0,0,0,0.0,0,F1,700,,,,,
2026-02-18,2026-02-18,FO,NSE,STO,109016,,ICICIBANK,,2026-03-30,2026-03-30,1420.0,PE,ICICIBANK26MAR1420PE,33.1,33.5,28.25,29.3,29.3,30.7,1408.15,29.3,352800,212800,378,383571475.0,171,F1,700,,,,,
2026-02-18,2026-02-18,FO,NSE,STO,120304,,ICICIBANK,,2026-03-30,2026-03-30,1310.0,PE,ICICIBANK26MAR1310PE,4.3,4.3,3.55,3.6,3.6,4.05,1408.15,3.6,26600,-700,12,11037320.0,10,F1,700,,,,,
2026-02-18,2026-02-18,FO,NSE,STO,120250,,ICICIBANK,,2026-03-30,2026-03-30,1230.0,PE,ICICIBANK26MAR1230PE,0.0,0.0,0.0,5.0,0.0,5.0,1408.15,0.2,0,0,0,0.0,0,F1,700,,,,,
2026-02-18,2026-02-18,FO,NSE,STO,108823,,ICICIBANK,,2026-03-30,2026-03-30,1160.0,PE,ICICIBANK26MAR1160PE,0.0,0.0,0.0,2.9,0.0,2.9,1408.15,0.05,0,0,0,0.0,0,F1,700,,,,,
2026-02-18,2026-02-18,FO,NSE,STO,101565,,ICICIBANK,,2026-02-24,2026-02-24,1640.0,PE,ICICIBANK26FEB1640PE,0.0,0.0,0.0,260.65,0.0,260.65,1408.15,230.35,0,0,0,0.0,0,F1,700,,,,,
2026-02-18,2026-02-18,FO,NSE,STO,108623,,ICICIBANK,,2026-02-24,2026-02-24,1450.0,PE,ICICIBANK26FEB1450PE,45.0,50.25,42.5,45.0,44.6,45.0,1408.15,45.0,811300,-114800,244,255472035.0,107,F1,700,,,,,
2026-02-18,2026-02-18,FO,NSE,STO,108950,,ICICIBANK,,2026-03-30,2026-03-30,1380.0,PE,ICICIBANK26MAR1380PE,14.65,16.0,13.4,13.95,13.6,15.0,1408.15,13.95,192500,37800,211,206031315.0,160,F1,700,,,,,
2026-02-18,2026-02-18,FO,NSE,STO,109037,,ICICIBANK,,2026-03-30,2026-03-30,1640.0,CE,ICICIBANK26MAR1640CE,0.0,0.0,0.0,1.9,0.0,1.9,1408.15,0.15,0,0,0,0.0,0,F1,700,,,,,
2026-02-18,2026-02-18,FO,NSE,STO,101564,,ICICIBANK,,2026-02-24,2026-02-24,1640.0,CE,ICICIBANK26FEB1640CE,0.15,0.15,0.1,0.1,0.1,0.2,1408.15,0.05,28700,-27300,41,47071220.0,10,F1,700,,,,,
2026-02-18,2026-02-18,FO,NSE,STO,101405,,ICICIBANK,,2026-02-24,2026-02-24,1320.0,CE,ICICIBANK26FEB1320CE,0.0,0.0,0.0,103.7,103.7,103.7,1408.15,89.35,132300,0,0,0.0,0,F1,700,,,,,
2026-02-18,2026-02-18,FO,NSE,STO,109034,,ICICIBANK,,2026-03-30,2026-03-30,1600.0,PE,ICICIBANK26MAR1600PE,0.0,0.0,0.0,237.25,0.0,237.25,1408.15,182.8,0,0,0,0.0,0,F1,700,,,,,
2026-02-18,2026-02-18,FO,NSE,STO,109022,,ICICIBANK,,2026-03-30,2026-03-30,1480.0,PE,ICICIBANK26MAR1480PE,0.0,0.0,0.0,77.1,77.1,77.1,1408.15,73.9,700,0,0,0.0,0,F1,700,,,,,
2026-02-18,2026-02-18,FO,NSE,STO,101420,,ICICIBANK,,2026-02-24,2026-02-24,1380.0,PE,ICICIBANK26FEB1380PE,2.6,3.85,1.45,1.85,2.05,3.35,1408.15,1.85,2088100,9100,6975,6751424610.0,3025,F1,700,,,,,
2026-02-18,2026-02-18,FO,NSE,STO,101404,,ICICIBANK,,2026-02-24,2026-02-24,1300.0,PE,ICICIBANK26FEB1300PE,0.4,0.45,0.25,0.3,0.25,0.5,1408.15,0.3,821800,700,308,280360465.0,193,F1,700,,,,,
2026-02-18,2026-02-18,FO,NSE,STO,120651,,ICICIBANK,,2026-04-28,2026-04-28,1320.0,CE,ICICIBANK26APR1320CE,0.0,0.0,0.0,91.35,0.0,91.35,1408.15,110.75,0,0,0,0.0,0,F1,700,,,,,
2026-02-18,2026-02-18,FO,NSE,STO,108625,,ICICIBANK,,2026-02-24,2026-02-24,1470.0,PE,ICICIBANK26FEB1470PE,65.2,70.4,64.65,65.9,65.9,55.05,1408.15,60.9,168700,-16800,34,36604820.0,23,F1,700,,,,,
2026-02-18,2026-02-18,FO,NSE,STO,108825,,ICICIBANK,,2026-03-30,2026-03-30,1180.0,PE,ICICIBANK26MAR1180PE,0.0,0.0,0.0,4.3,0.0,4.3,1408.15,0.05,0,0,0,0.0,0,F1,700,,,,,
2026-02-18,2026-02-18,FO,NSE,STO,120248,,ICICIBANK,,2026-03-30,2026-03-30,1210.0,PE,ICICIBANK26MAR1210PE,0.0,0.0,0.0,3.25,0.0,3.25,1408.15,0.1,0,0,0,0.0,0,F1,700,,,,,
2026-02-18,2026-02-18,FO,NSE,STF,66854,,ICICIBANK,,2026-04-28,2026-04-28,,,ICICIBANK26APRFUT,1426.6,1426.6,1418.2,1425.0,1424.2,1423.8,1408.15,1425.0,464800,37800,133,132358310.0,129,F1,700,,,,,
2026-02-18,2026-02-18,FO,NSE,STF,51909,,ICICIBANK,,2026-03-30,2026-03-30,,,ICICIBANK26MARFUT,1418.9,1420.8,1409.0,1416.1,1415.5,1415.7,1408.15,1416.1,25013100,9151100,14937,14770423500.0,10987,F1,700,,,,,
2026-02-18,2026-02-18,FO,NSE,STO,120768,,ICICIBANK,,2026-04-28,2026-04-28,1480.0,PE,ICICIBANK26APR1480PE,0.0,0.0,0.0,118.55,0.0,118.55,1408.15,77.75,0,0,0,0.0,0,F1,700,,,,,
2026-02-18,2026-02-18,FO,NSE,STO,120627,,ICICIBANK,,2026-04-28,2026-04-28,1120.0,PE,ICICIBANK26APR1120PE,0.0,0.0,0.0,1.05,0.0,1.05,1408.15,0.05,0,0,0,0.0,0,F1,700,,,,,
2026-02-18,2026-02-18,FO,NSE,STO,120639,,ICICIBANK,,2026-04-28,2026-04-28,1220.0,PE,ICICIBANK26APR1220PE,0.0,0.0,0.0,7.45,0.0,7.45,1408.15,0.8,0,0,0,0.0,0,F1,700,,,,,
2026-02-18,2026-02-18,FO,NSE,STO,120794,,ICICIBANK,,2026-04-28,2026-04-28,1560.0,PE,ICICIBANK26APR1560PE,0.0,0.0,0.0,183.85,0.0,183.85,1408.15,142.0,0,0,0,0.0,0,F1,700,,,,,
2026-02-18,2026-02-18,FO,NSE,STO,120762,,ICICIBANK,,2026-04-28,2026-04-28,1440.0,PE,ICICIBANK26APR1440PE,0.0,0.0,0.0,90.25,0.0,90.25,1408.15,52.2,0,0,0,0.0,0,F1,700,,,,,
2026-02-18,2026-02-18,FO,NSE,STO,120626,,ICICIBANK,,2026-04-28,2026-04-28,1120.0,CE,ICICIBANK26APR1120CE,0.0,0.0,0.0,259.6,0.0,259.6,1408.15,299.75,0,0,0,0.0,0,F1,700,,,,,
2026-02-18,2026-02-18,FO,NSE,STO,109033,,ICICIBANK,,2026-03-30,2026-03-30,1600.0,CE,ICICIBANK26MAR1600CE,1.35,1.4,1.15,1.2,1.2,1.5,1408.15,1.2,60900,14000,41,45956855.0,35,F1,700,,,,,
2026-02-18,2026-02-18,FO,NSE,STO,109029,,ICICIBANK,,2026-03-30,2026-03-30,1560.0,CE,ICICIBANK26MAR1560CE,2.2,2.2,1.75,1.85,1.85,2.35,1408.15,1.75,67900,2800,16,17492685.0,16,F1,700,,,,,
2026-02-18,2026-02-18,FO,NSE,STO,120394,,ICICIBANK,,2026-03-30,2026-03-30,1410.0,CE,ICICIBANK26MAR1410CE,34.0,34.0,28.1,30.95,30.4,31.55,1408.15,30.95,151200,56700,301,303460710.0,278,F1,700,,,,,
2026-02-18,2026-02-18,FO,NSE,STO,108832,,ICICIBANK,,2026-03-30,2026-03-30,1260.0,CE,ICICIBANK26MAR1260CE,0.0,0.0,0.0,117.35,0.0,117.35,1408.15,156.35,0,0,0,0.0,0,F1,700,,,,,
2026-02-18,2026-02-18,FO,NSE,STO,101416,,ICICIBANK,,2026-02-24,2026-02-24,1380.0,CE,ICICIBANK26FEB1380CE,34.0,34.0,24.0,28.6,27.9,29.7,1408.15,28.6,1436400,-35700,571,562180990.0,530,F1,700,,,,,
2026-02-18,2026-02-18,FO,NSE,STO,101410,,ICICIBANK,,2026-02-24,2026-02-24,1360.0,CE,ICICIBANK26FEB1360CE,49.25,49.25,41.5,46.35,45.7,46.75,1408.15,46.35,4554200,-10500,97,95357255.0,91,F1,700,,,,,
2026-02-18,2026-02-18,FO,NSE,STO,108555,,ICICIBANK,,2026-02-24,2026-02-24,1310.0,CE,ICICIBANK26FEB1310CE,0.0,0.0,0.0,120.35,120.8,120.35,1408.15,99.35,95200,0,0,0.0,0,F1,700,,,,,
2026-02-18,2026-02-18,FO,NSE,STO,108553,,ICICIBANK,,2026-02-24,2026-02-24,1290.0,CE,ICICIBANK26FEB1290CE,0.0,0.0,0.0,129.65,129.65,129.65,1408.15,119.3,17500,0,0,0.0,0,F1,700,,,,,
2026-02-18,2026-02-18,FO,NSE,STO,109036,,ICICIBANK,,2026-03-30,2026-03-30,1620.0,PE,ICICIBANK26MAR1620PE,0.0,0.0,0.0,256.1,0.0,256.1,1408.15,202.45,0,0,0,0.0,0,F1,700,,,,,
2026-02-18,2026-02-18,FO,NSE,STO,101433,,ICICIBANK,,2026-02-24,2026-02-24,1460.0,PE,ICICIBANK26FEB1460PE,51.0,59.7,51.0,59.7,59.7,55.4,1408.15,51.35,104300,-4900,14,14869995.0,12,F1,700,,,,,
2026-02-18,2026-02-18,FO,NSE,STO,120769,,ICICIBANK,,2026-04-28,2026-04-28,1500.0,CE,ICICIBANK26APR1500CE,0.0,0.0,0.0,18.25,0.0,18.25,1408.15,16.05,0,0,0,0.0,0,F1,700,,,,,
2026-02-18,2026-02-18,FO,NSE,STO,101553,,ICICIBANK,,2026-02-24,2026-02-24,1600.0,CE,ICICIBANK26FEB1600CE,0.2,0.25,0.15,0.2,0.2,0.2,1408.15,0.2,154000,-1400,31,34724480.0,20,F1,700,,,,,
2026-02-18,2026-02-18,FO,NSE,STO,101555,,ICICIBANK,,2026-02-24,2026-02-24,1620.0,CE,ICICIBANK26FEB1620CE,0.15,0.15,0.15,0.15,0.15,0.15,1408.15,0.05,42000,-700,2,2268210.0,2,F1,700,,,,,
2026-02-18,2026-02-18,FO,NSE,STO,108820,,ICICIBANK,,2026-03-30,2026-03-30,1140.0,CE,ICICIBANK26MAR1140CE,0.0,0.0,0.0,221.3,0.0,221.3,1408.15,275.0,0,0,0,0.0,0,F1,700,,,,,
2026-02-18,2026-02-18,FO,NSE,STO,108921,,ICICIBANK,,2026-03-30,2026-03-30,1340.0,CE,ICICIBANK26MAR1340CE,0.0,0.0,0.0,65.3,0.0,65.3,1408.15,83.4,0,0,0,0.0,0,F1,700,,,,,
2026-02-18,2026-02-18,FO,NSE,STO,109019,,ICICIBANK,,2026-03-30,2026-03-30,1460.0,CE,ICICIBANK26MAR1460CE,12.2,12.35,10.5,11.6,11.2,12.65,1408.15,11.6,162400,56000,184,189486220.0,132,F1,700,,,,,
2026-02-18,2026-02-18,FO,NSE,STO,109023,,ICICIBANK,,2026-03-30,2026-03-30,1500.0,CE,ICICIBANK26MAR1500CE,6.0,6.3,4.65,5.1,4.85,5.85,1408.15,5.1,457800,35700,332,349802390.0,232,F1,700,,,,,
2026-02-18,2026-02-18,FO,NSE,STO,120636,,ICICIBANK,,2026-04-28,2026-04-28,1200.0,CE,ICICIBANK26APR1200CE,0.0,0.0,0.0,185.05,0.0,185.05,1408.15,221.0,0,0,0,0.0,0,F1,700,,,,,
2026-02-18,2026-02-18,FO,NSE,STO,101360,,ICICIBANK,,2026-02-24,2026-02-24,1140.0,PE,ICICIBANK26FEB1140PE,0.0,0.0,0.0,1.8,0.0,1.8,1408.15,0.05,0,0,0,0.0,0,F1,700,,,,,
2026-02-18,2026-02-18,FO,NSE,STO,108556,,ICICIBANK,,2026-02-24,2026-02-24,1310.0,PE,ICICIBANK26FEB1310PE,0.5,0.5,0.3,0.35,0.35,0.6,1408.15,0.35,282100,-3500,39,35773675.0,28,F1,700,,,,,
2026-02-18,2026-02-18,FO,NSE,STO,101427,,ICICIBANK,,2026-02-24,2026-02-24,1420.0,PE,ICICIBANK26FEB1420PE,18.0,22.7,14.7,17.15,17.8,19.45,1408.15,17.15,844900,-16800,1344,1354507665.0,1245,F1,700,,,,,
2026-02-18,2026-02-18,FO,NSE,STO,108631,,ICICIBANK,,2026-02-24,2026-02-24,1530.0,PE,ICICIBANK26FEB1530PE,0.0,0.0,0.0,176.45,0.0,176.45,1408.15,120.45,0,0,0,0.0,0,F1,700,,,,,
2026-02-18,2026-02-18,FO,NSE,STO,101554,,ICICIBANK,,2026-02-24,2026-02-24,1600.0,PE,ICICIBANK26FEB1600PE,0.0,0.0,0.0,185.0,185.0,185.0,1408.15,190.4,5600,0,0,0.0,0,F1,700,,,,,
2026-02-18,2026-02-18,FO,NSE,STO,108833,,ICICIBANK,,2026-03-30,2026-03-30,1260.0,PE,ICICIBANK26MAR1260PE,0.0,0.0,0.0,16.2,0.0,16.2,1408.15,0.65,0,0,0,0.0,0,F1,700,,,,,
2026-02-18,2026-02-18,FO,NSE,STO,108870,,ICICIBANK,,2026-03-30,2026-03-30,1280.0,PE,ICICIBANK26MAR1280PE,2.65,2.65,2.25,2.25,2.25,2.65,1408.15,2.25,41300,9100,27,24237885.0,24,F1,700,,,,,
2026-02-18,2026-02-18,FO,NSE,STO,133736,,KFINTECH,,2026-03-30,2026-03-30,1140.0,PE,KFINTECH26MAR1140PE,0.0,0.0,0.0,155.75,0.0,155.75,1039.3,117.95,0,0,0,0.0,0,F1,500,,,,,
2026-02-18,2026-02-18,FO,NSE,STO,133732,,KFINTECH,,2026-03-30,2026-03-30,1060.0,PE,KFINTECH26MAR1060PE,0.0,0.0,0.0,90.6,90.6,90.6,1039.3,64.95,3000,0,0,0.0,0,F1,500,,,,,
2026-02-18,2026-02-18,FO,NSE,STO,126015,,KFINTECH,,2026-03-30,2026-03-30,840.0,PE,KFINTECH26MAR840PE,3.75,5.4,3.75,4.3,3.8,18.0,1039.3,4.3,7000,4000,23,9710025.0,17,F1,500,,,,,
2026-02-18,2026-02-18,FO,NSE,STO,126047,,KFINTECH,,2026-03-30,2026-03-30,1160.0,CE,KFINTECH26MAR1160CE,9.5,10.25,6.85,8.45,8.45,9.1,1039.3,8.45,19500,1500,33,19271325.0,30,F1,500,,,,,
2026-02-18,2026-02-18,FO,NSE,STO,126018,,KFINTECH,,2026-03-30,2026-03-30,920.0,CE,KFINTECH26MAR920CE,0.0,0.0,0.0,73.3,73.3,73.3,1039.3,137.65,0,0,0,0.0,0,F1,500,,,,,
2026-02-18,2026-02-18,FO,NSE,STO,126019,,KFINTECH,,2026-03-30,2026-03-30,920.0,PE,KFINTECH26MAR920PE,16.85,17.45,16.05,17.45,17.45,19.5,1039.3,12.8,4500,1000,6,2810700.0,6,F1,500,,,,,
2026-02-18,2026-02-18,FO,NSE,STO,111137,,KFINTECH,,2026-02-24,2026-02-24,1160.0,PE,KFINTECH26FEB1160PE,0.0,0.0,0.0,130.1,130.1,130.1,1039.3,120.1,1500,0,0,0.0,0,F1,500,,,,,
2026-02-18,2026-02-18,FO,NSE,STO,111135,,KFINTECH,,2026-02-24,2026-02-24,1120.0,PE,KFINTECH26FEB1120PE,93.45,105.05,79.3,80.55,79.75,103.3,1039.3,80.55,17500,1500,63,38115050.0,61,F1,500,,,,,
2026-02-18,2026-02-18,FO,NSE,STO,111133,,KFINTECH,,2026-02-24,2026-02-24,1080.0,PE,KFINTECH26FEB1080PE,56.6,67.2,43.0,45.25,43.0,65.65,1039.3,45.25,13000,-4500,90,50992450.0,88,F1,500,,,,,
2026-02-18,2026-02-18,FO,NSE,STO,133853,,KFINTECH,,2026-04-28,2026-04-28,1120.0,CE,KFINTECH26APR1120CE,0.0,0.0,0.0,68.3,0.0,68.3,1039.3,47.75,0,0,0,0.0,0,F1,500,,,,,
2026-02-18,2026-02-18,FO,NSE,STO,133762,,KFINTECH,,2026-04-28,2026-04-28,800.0,PE,KFINTECH26APR800PE,0.0,0.0,0.0,18.4,0.0,18.4,1039.3,4.8,0,0,0,0.0,0,F1,500,,,,,
2026-02-18,2026-02-18,FO,NSE,STO,126039,,KFINTECH,,2026-03-30,2026-03-30,1000.0,CE,KFINTECH26MAR1000CE,48.25,56.05,41.4,53.15,52.25,48.2,1039.3,53.15,37500,-7000,188,98591300.0,179,F1,500,,,,,
2026-02-18,2026-02-18,FO,NSE,STO,111128,,KFINTECH,,2026-02-24,2026-02-24,1000.0,CE,KFINTECH26FEB1000CE,40.35,48.0,27.5,46.2,46.1,36.7,1039.3,46.2,130500,-41500,1466,763070650.0,1198,F1,500,,,,,
2026-02-18,2026-02-18,FO,NSE,STO,111120,,KFINTECH,,2026-02-24,2026-02-24,840.0,CE,KFINTECH26FEB840CE,0.0,0.0,0.0,248.85,0.0,248.85,1039.3,200.05,0,0,0,0.0,0,F1,500,,,,,
2026-02-18,2026-02-18,FO,NSE,STO,133858,,KFINTECH,,2026-04-28,2026-04-28,1200.0,PE,KFINTECH26APR1200PE,0.0,0.0,0.0,212.1,0.0,212.1,1039.3,175.25,0,0,0,0.0,0,F1,500,,,,,
2026-02-18,2026-02-18,FO,NSE,STO,133846,,KFINTECH,,2026-04-28,2026-04-28,1000.0,PE,KFINTECH26APR1000PE,0.0,0.0,0.0,58.0,58.0,58.0,1039.3,51.05,500,0,0,0.0,0,F1,500,,,,,
2026-02-18,2026-02-18,FO,NSE,STO,111132,,KFINTECH,,2026-02-24,2026-02-24,1080.0,CE,KFINTECH26FEB1080CE,9.75,10.35,3.4,6.35,6.3,7.9,1039.3,6.35,180500,-37000,1809,982268150.0,1494,F1,500,,,,,
2026-02-18,2026-02-18,FO,NSE,STO,126043,,KFINTECH,,2026-03-30,2026-03-30,1080.0,CE,KFINTECH26MAR1080CE,20.85,22.9,19.3,22.9,22.9,20.85,1039.3,22.9,8500,3500,21,11554650.0,20,F1,500,,,,,
2026-02-18,2026-02-18,FO,NSE,STO,133849,,KFINTECH,,2026-04-28,2026-04-28,1040.0,CE,KFINTECH26APR1040CE,0.0,0.0,0.0,98.25,0.0,98.25,1039.3,79.75,0,0,0,0.0,0,F1,500,,,,,
2026-02-18,2026-02-18,FO,NSE,STO,133855,,KFINTECH,,2026-04-28,2026-04-28,1160.0,CE,KFINTECH26APR1160CE,0.0,0.0,0.0,56.45,0.0,56.45,1039.3,36.15,0,0,0,0.0,0,F1,500,,,,,
2026-02-18,2026-02-18,FO,NSE,STO,133728,,KFINTECH,,2026-03-30,2026-03-30,980.0,PE,KFINTECH26MAR980PE,29.0,29.0,29.0,29.0,29.0,35.4,1039.3,29.0,1500,500,1,504500.0,1,F1,500,,,,,
2026-02-18,2026-02-18,FO,NSE,STO,133734,,KFINTECH,,2026-03-30,2026-03-30,1100.0,PE,KFINTECH26MAR1100PE,111.0,119.65,100.0,102.75,100.0,116.45,1039.3,102.75,14500,4500,27,16352300.0,18,F1,500,,,,,
2026-02-18,2026-02-18,FO,NSE,STO,126048,,KFINTECH,,2026-03-30,2026-03-30,1160.0,PE,KFINTECH26MAR1160PE,0.0,0.0,0.0,172.0,172.0,172.0,1039.3,133.4,3500,0,0,0.0,0,F1,500,,,,,
2026-02-18,2026-02-18,FO,NSE,STO,111130,,KFINTECH,,2026-02-24,2026-02-24,1040.0,CE,KFINTECH26FEB1040CE,18.05,23.5,9.35,19.0,19.0,17.6,1039.3,19.0,343500,-249500,5452,2880888050.0,4042,F1,500,,,,,
2026-02-18,2026-02-18,FO,NSE,STO,126050,,KFINTECH,,2026-03-30,2026-03-30,1200.0,PE,KFINTECH26MAR1200PE,200.0,200.0,200.0,200.0,200.0,191.1,1039.3,166.3,10500,0,2,1400000.0,2,F1,500,,,,,
2026-02-18,2026-02-18,FO,NSE,STO,125976,,KFINTECH,,2026-02-24,2026-02-24,860.0,CE,KFINTECH26FEB860CE,0.0,0.0,0.0,250.7,0.0,250.7,1039.3,180.1,0,0,0,0.0,0,F1,500,,,,,
2026-02-18,2026-02-18,FO,NSE,STO,133738,,KFINTECH,,2026-03-30,2026-03-30,1180.0,PE,KFINTECH26MAR1180PE,0.0,0.0,0.0,185.7,0.0,185.7,1039.3,149.55,0,0,0,0.0,0,F1,500,,,,,
2026-02-18,2026-02-18,FO,NSE,STO,133761,,KFINTECH,,2026-04-28,2026-04-28,800.0,CE,KFINTECH26APR800CE,0.0,0.0,0.0,246.65,0.0,246.65,1039.3,252.35,0,0,0,0.0,0,F1,500,,,,,
2026-02-18,2026-02-18,FO,NSE,STO,133733,,KFINTECH,,2026-03-30,2026-03-30,1100.0,CE,KFINTECH26MAR1100CE,18.5,21.0,13.5,17.65,18.0,17.15,1039.3,17.65,126000,500,336,187556925.0,263,F1,500,,,,,
2026-02-18,2026-02-18,FO,NSE,STO,125982,,KFINTECH,,2026-02-24,2026-02-24,980.0,CE,KFINTECH26FEB980CE,56.0,65.6,43.85,64.2,64.75,51.4,1039.3,64.2,61500,-19500,319,165212875.0,172,F1,500,,,,,
2026-02-18,2026-02-18,FO,NSE,STO,125980,,KFINTECH,,2026-02-24,2026-02-24,940.0,CE,KFINTECH26FEB940CE,93.15,100.65,90.5,100.65,100.65,78.8,1039.3,100.65,22500,-3000,7,3621250.0,7,F1,500,,,,,
2026-02-18,2026-02-18,FO,NSE,STO,111129,,KFINTECH,,2026-02-24,2026-02-24,1000.0,PE,KFINTECH26FEB1000PE,14.25,14.25,4.2,4.65,4.9,13.95,1039.3,4.65,238000,-13000,1695,854311150.0,1305,F1,500,,,,,
2026-02-18,2026-02-18,FO,NSE,STO,133727,,KFINTECH,,2026-03-30,2026-03-30,980.0,CE,KFINTECH26MAR980CE,0.0,0.0,0.0,48.45,48.45,48.45,1039.3,93.9,0,0,0,0.0,0,F1,500,,,,,
2026-02-18,2026-02-18,FO,NSE,STO,133725,,KFINTECH,,2026-03-30,2026-03-30,940.0,CE,KFINTECH26MAR940CE,0.0,0.0,0.0,130.6,0.0,130.6,1039.3,122.1,0,0,0,0.0,0,F1,500,,,,,
2026-02-18,2026-02-18,FO,NSE,STO,133851,,KFINTECH,,2026-04-28,2026-04-28,1080.0,CE,KFINTECH26APR1080CE,0.0,0.0,0.0,82.2,0.0,82.2,1039.3,62.2,0,0,0,0.0,0,F1,500,,,,,
2026-02-18,2026-02-18,FO,NSE,STO,111119,,KFINTECH,,2026-02-24,2026-02-24,800.0,PE,KFINTECH26FEB800PE,0.1,0.1,0.05,0.1,0.1,0.2,1039.3,0.05,24000,-6500,62,24802475.0,19,F1,500,,,,,
2026-02-18,2026-02-18,FO,NSE,STO,125977,,KFINTECH,,2026-02-24,2026-02-24,860.0,PE,KFINTECH26FEB860PE,0.2,0.2,0.2,0.2,0.2,0.25,1039.3,0.2,15000,1000,7,3010700.0,7,F1,500,,,,,
2026-02-18,2026-02-18,FO,NSE,STO,125981,,KFINTECH,,2026-02-24,2026-02-24,940.0,PE,KFINTECH26FEB940PE,3.15,3.15,0.85,0.9,0.9,2.7,1039.3,0.9,52000,-11500,179,84252375.0,140,F1,500,,,,,
2026-02-18,2026-02-18,FO,NSE,STO,111138,,KFINTECH,,2026-02-24,2026-02-24,1200.0,CE,KFINTECH26FEB1200CE,1.05,1.05,0.5,0.6,0.55,1.1,1039.3,0.6,128000,-24000,138,82849225.0,110,F1,500,,,,,
2026-02-18,2026-02-18,FO,NSE,STO,125990,,KFINTECH,,2026-02-24,2026-02-24,1140.0,CE,KFINTECH26FEB1140CE,2.5,2.95,1.15,1.6,1.55,2.65,1039.3,1.6,66000,-10000,249,142143350.0,217,F1,500,,,,,
2026-02-18,2026-02-18,FO,NSE,STO,133737,,KFINTECH,,2026-03-30,2026-03-30,1180.0,CE,KFINTECH26MAR1180CE,0.0,0.0,0.0,9.6,9.6,9.6,1039.3,15.9,1000,0,0,0.0,0,F1,500,,,,,
2026-02-18,2026-02-18,FO,NSE,STO,133731,,KFINTECH,,2026-03-30,2026-03-30,1060.0,CE,KFINTECH26MAR1060CE,27.65,30.4,21.95,27.3,28.7,26.3,1039.3,27.3,34500,-10500,94,51056725.0,79,F1,500,,,,,
2026-02-18,2026-02-18,FO,NSE,STO,111127,,KFINTECH,,2026-02-24,2026-02-24,960.0,PE,KFINTECH26FEB960PE,5.0,5.05,1.25,1.5,1.55,4.85,1039.3,1.5,139500,-2000,275,132324650.0,237,F1,500,,,,,
2026-02-18,2026-02-18,FO,NSE,STO,126045,,KFINTECH,,2026-03-30,2026-03-30,1120.0,CE,KFINTECH26MAR1120CE,13.65,13.8,11.15,13.8,13.8,13.55,1039.3,13.8,14500,500,16,9061650.0,12,F1,500,,,,,
2026-02-18,2026-02-18,FO,NSE,STO,126012,,KFINTECH,,2026-03-30,2026-03-30,800.0,CE,KFINTECH26MAR800CE,0.0,0.0,0.0,315.8,0.0,315.8,1039.3,245.35,0,0,0,0.0,0,F1,500,,,,,
2026-02-18,2026-02-18,FO,NSE,STO,126044,,KFINTECH,,2026-03-30,2026-03-30,1080.0,PE,KFINTECH26MAR1080PE,0.0,0.0,0.0,100.0,100.0,100.0,1039.3,76.75,1500,0,0,0.0,0,F1,500,,,,,
2026-02-18,2026-02-18,FO,NSE,STO,126040,,KFINTECH,,2026-03-30,2026-03-30,1000.0,PE,KFINTECH26MAR1000PE,44.05,48.8,36.4,37.75,36.85,47.75,1039.3,37.75,60500,19000,173,90186100.0,144,F1,500,,,,,
2026-02-18,2026-02-18,FO,NSE,STO,126014,,KFINTECH,,2026-03-30,2026-03-30,840.0,CE,KFINTECH26MAR840CE,0.0,0.0,0.0,282.3,0.0,282.3,1039.3,207.4,0,0,0,0.0,0,F1,500,,,,,
2026-02-18,2026-02-18,FO,NSE,STO,126041,,KFINTECH,,2026-03-30,2026-03-30,1040.0,CE,KFINTECH26MAR1040CE,35.0,36.65,26.75,35.35,34.7,30.75,1039.3,35.35,58000,22000,116,62192925.0,102,F1,500,,,,,
2026-02-18,2026-02-18,FO,NSE,STF,66879,,KFINTECH,,2026-04-28,2026-04-28,,,KFINTECH26APRFUT,998.8,1004.4,985.7,1002.2,1002.0,998.8,1039.3,1002.2,113500,4000,32,15923950.0,30,F1,500,,,,,
2026-02-18,2026-02-18,FO,NSE,STF,59396,,KFINTECH,,2026-02-24,2026-02-24,,,KFINTECH26FEBFUT,1028.6,1043.3,1013.9,1041.5,1041.7,1022.9,1039.3,1041.5,3867000,-511500,4609,2379279800.0,4039,F1,500,,,,,
2026-02-18,2026-02-18,FO,NSE,STO,133726,,KFINTECH,,2026-03-30,2026-03-30,940.0,PE,KFINTECH26MAR940PE,22.55,22.55,17.85,18.35,17.85,24.5,1039.3,18.35,3500,-7000,27,12950550.0,19,F1,500,,,,,
2026-02-18,2026-02-18,FO,NSE,STO,126049,,KFINTECH,,2026-03-30,2026-03-30,1200.0,CE,KFINTECH26MAR1200CE,4.0,5.55,4.0,4.75,5.05,5.6,1039.3,4.75,25500,10500,30,18071175.0,23,F1,500,,,,,
2026-02-18,2026-02-18,FO,NSE,STO,125989,,KFINTECH,,2026-02-24,2026-02-24,1100.0,PE,KFINTECH26FEB1100PE,72.0,86.75,60.75,62.1,61.85,83.5,1039.3,62.1,36500,-500,79,46293325.0,72,F1,500,,,,,
2026-02-18,2026-02-18,FO,NSE,STO,125991,,KFINTECH,,2026-02-24,2026-02-24,1140.0,PE,KFINTECH26FEB1140PE,0.0,0.0,0.0,121.85,121.85,121.85,1039.3,100.7,10500,0,0,0.0,0,F1,500,,,,,
2026-02-18,2026-02-18,FO,NSE,STO,111139,,KFINTECH,,2026-02-24,2026-02-24,1200.0,PE,KFINTECH26FEB1200PE,178.0,183.45,178.0,183.45,183.45,232.0,1039.3,159.7,13000,0,3,2069725.0,2,F1,500,,,,,
2026-02-18,2026-02-18,FO,NSE,STO,133764,,KFINTECH,,2026-04-28,2026-04-28,840.0,PE,KFINTECH26APR840PE,0.0,0.0,0.0,26.9,0.0,26.9,1039.3,8.8,0,0,0,0.0,0,F1,500,,,,,
2026-02-18,2026-02-18,FO,NSE,STO,125986,,KFINTECH,,2026-02-24,2026-02-24,1060.0,CE,KFINTECH26FEB1060CE,12.5,15.75,5.5,10.95,11.0,11.8,1039.3,10.95,344500,-210500,3547,1897459975.0,2839,F1,500,,,,,
2026-02-18,2026-02-18,FO,NSE,STO,133854,,KFINTECH,,2026-04-28,2026-04-28,1120.0,PE,KFINTECH26APR1120PE,0.0,0.0,0.0,155.15,0.0,155.15,1039.3,116.85,0,0,0,0.0,0,F1,500,,,,,
2026-02-18,2026-02-18,FO,NSE,STO,126037,,KFINTECH,,2026-03-30,2026-03-30,960.0,CE,KFINTECH26MAR960CE,70.45,77.0,69.9,73.25,73.25,69.3,1039.3,107.5,10000,4000,9,4648625.0,9,F1,500,,,,,
2026-02-18,2026-02-18,FO,NSE,STO,111121,,KFINTECH,,2026-02-24,2026-02-24,840.0,PE,KFINTECH26FEB840PE,0.25,0.25,0.15,0.2,0.15,0.25,1039.3,0.2,24500,-6500,21,8821850.0,14,F1,500,,,,,
2026-02-18,2026-02-18,FO,NSE,STO,125979,,KFINTECH,,2026-02-24,2026-02-24,900.0,PE,KFINTECH26FEB900PE,0.8,0.8,0.45,0.55,0.45,0.8,1039.3,0.55,42500,-500,128,57637650.0,98,F1,500,,,,,
2026-02-18,2026-02-18,FO,NSE,STO,125987,,KFINTECH,,2026-02-24,2026-02-24,1060.0,PE,KFINTECH26FEB1060PE,42.15,49.7,27.95,28.6,29.55,48.3,1039.3,28.6,108000,30000,758,414469050.0,593,F1,500,,,,,
2026-02-18,2026-02-18,FO,NSE,STO,125993,,KFINTECH,,2026-02-24,2026-02-24,1180.0,PE,KFINTECH26FEB1180PE,147.4,147.4,147.4,147.4,147.4,200.55,1039.3,139.8,1500,1500,3,1991100.0,1,F1,500,,,,,
2026-02-18,2026-02-18,FO,NSE,STO,126038,,KFINTECH,,2026-03-30,2026-03-30,960.0,PE,KFINTECH26MAR960PE,26.0,30.2,22.7,23.45,23.7,31.85,1039.3,23.45,53500,5500,45,22171525.0,40,F1,500,,,,,
2026-02-18,2026-02-18,FO,NSE,STO,111118,,KFINTECH,,2026-02-24,2026-02-24,800.0,CE,KFINTECH26FEB800CE,0.0,0.0,0.0,244.0,244.0,244.0,1039.3,240.0,0,0,0,0.0,0,F1,500,,,,,
2026-02-18,2026-02-18,FO,NSE,STO,111140,,KFINTECH,,2026-02-24,2026-02-24,1240.0,CE,KFINTECH26FEB1240CE,0.65,0.65,0.35,0.4,0.4,0.8,1039.3,0.05,41500,-500,12,7442800.0,12,F1,500,,,,,
2026-02-18,2026-02-18,FO,NSE,STO,133721,,KFINTECH,,2026-03-30,2026-03-30,860.0,CE,KFINTECH26MAR860CE,0.0,0.0,0.0,186.15,0.0,186.15,1039.3,189.05,0,0,0,0.0,0,F1,500,,,,,
2026-02-18,2026-02-18,FO,NSE,STO,133729,,KFINTECH,,2026-03-30,2026-03-30,1020.0,CE,KFINTECH26MAR1020CE,42.0,47.75,33.5,43.5,43.5,39.85,1039.3,43.5,29500,14500,53,28081325.0,49,F1,500,,,,,
2026-02-18,2026-02-18,FO,NSE,STO,133765,,KFINTECH,,2026-04-28,2026-04-28,880.0,CE,KFINTECH26APR880CE,0.0,0.0,0.0,187.2,0.0,187.2,1039.3,183.4,0,0,0,0.0,0,F1,500,,,,,
2026-02-18,2026-02-18,FO,NSE,STO,126046,,KFINTECH,,2026-03-30,2026-03-30,1120.0,PE,KFINTECH26MAR1120PE,0.0,0.0,0.0,118.95,118.95,118.95,1039.3,103.35,500,0,0,0.0,0,F1,500,,,,,
2026-02-18,2026-02-18,FO,NSE,STO,133722,,KFINTECH,,2026-03-30,2026-03-30,860.0,PE,KFINTECH26MAR860PE,5.15,5.15,5.15,5.15,5.15,9.5,1039.3,5.15,500,-500,2,865150.0,1,F1,500,,,,,
2026-02-18,2026-02-18,FO,NSE,STO,125985,,KFINTECH,,2026-02-24,2026-02-24,1020.0,PE,KFINTECH26FEB1020PE,19.55,23.0,8.45,9.25,8.95,22.65,1039.3,9.25,157500,-65500,2251,1163625050.0,1736,F1,500,,,,,
2026-02-18,2026-02-18,FO,NSE,STO,125983,,KFINTECH,,2026-02-24,2026-02-24,980.0,PE,KFINTECH26FEB980PE,6.3,8.35,2.25,2.55,2.5,8.3,1039.3,2.55,141000,-15500,639,314498675.0,524,F1,500,,,,,
2026-02-18,2026-02-18,FO,NSE,STO,111125,,KFINTECH,,2026-02-24,2026-02-24,920.0,PE,KFINTECH26FEB920PE,1.5,1.5,0.6,0.65,0.6,1.5,1039.3,0.65,17500,-8500,55,25325100.0,53,F1,500,,,,,
2026-02-18,2026-02-18,FO,NSE,STO,111123,,KFINTECH,,2026-02-24,2026-02-24,880.0,PE,KFINTECH26FEB880PE,0.35,0.45,0.25,0.45,0.45,0.55,1039.3,0.45,29500,-6000,37,16286675.0,31,F1,500,,,,,
2026-02-18,2026-02-18,FO,NSE,STO,133857,,KFINTECH,,2026-04-28,2026-04-28,1200.0,CE,KFINTECH26APR1200CE,0.0,0.0,0.0,46.45,0.0,46.45,1039.3,26.95,0,0,0,0.0,0,F1,500,,,,,
2026-02-18,2026-02-18,FO,NSE,STO,133845,,KFINTECH,,2026-04-28,2026-04-28,1000.0,CE,KFINTECH26APR1000CE,0.0,0.0,0.0,116.7,0.0,116.7,1039.3,100.65,0,0,0,0.0,0,F1,500,,,,,
2026-02-18,2026-02-18,FO,NSE,STO,111136,,KFINTECH,,2026-02-24,2026-02-24,1160.0,CE,KFINTECH26FEB1160CE,1.8,1.95,0.8,1.05,1.0,1.85,1039.3,1.05,53500,-23500,163,94628250.0,133,F1,500,,,,,
2026-02-18,2026-02-18,FO,NSE,STO,125988,,KFINTECH,,2026-02-24,2026-02-24,1100.0,CE,KFINTECH26FEB1100CE,5.55,6.65,2.25,3.9,3.85,5.4,1039.3,3.9,342500,-55000,2504,1382071025.0,1621,F1,500,,,,,
2026-02-18,2026-02-18,FO,NSE,STO,126042,,KFINTECH,,2026-03-30,2026-03-30,1040.0,PE,KFINTECH26MAR1040PE,62.0,62.0,58.0,58.35,58.0,76.6,1039.3,58.35,6000,4000,9,4946200.0,8,F1,500,,,,,
2026-02-18,2026-02-18,FO,NSE,STO,133856,,KFINTECH,,2026-04-28,2026-04-28,1160.0,PE,KFINTECH26APR1160PE,0.0,0.0,0.0,182.7,0.0,182.7,1039.3,144.85,0,0,0,0.0,0,F1,500,,,,,
2026-02-18,2026-02-18,FO,NSE,STO,133850,,KFINTECH,,2026-04-28,2026-04-28,1040.0,PE,KFINTECH26APR1040PE,0.0,0.0,0.0,106.3,0.0,106.3,1039.3,69.7,0,0,0,0.0,0,F1,500,,,,,
2026-02-18,2026-02-18,FO,NSE,STO,125978,,KFINTECH,,2026-02-24,2026-02-24,900.0,CE,KFINTECH26FEB900CE,130.75,142.0,126.4,142.0,142.0,105.4,1039.3,142.0,34000,-500,21,10850675.0,19,F1,500,,,,,
2026-02-18,2026-02-18,FO,NSE,STF,51954,,KFINTECH,,2026-03-30,2026-03-30,,,KFINTECH26MARFUT,1001.0,1018.8,990.4,1015.6,1016.3,999.2,1039.3,1015.6,2011500,126000,1866,938874200.0,1557,F1,500,,,,,
2026-02-18,2026-02-18,FO,NSE,STO,133730,,KFINTECH,,2026-03-30,2026-03-30,1020.0,PE,KFINTECH26MAR1020PE,54.0,59.95,46.45,46.45,46.45,59.05,1039.3,46.45,10500,4000,22,11798950.0,22,F1,500,,,,,
2026-02-18,2026-02-18,FO,NSE,STO,133724,,KFINTECH,,2026-03-30,2026-03-30,900.0,PE,KFINTECH26MAR900PE,13.5,14.45,10.05,10.45,10.6,15.3,1039.3,10.45,22000,14500,54,24633975.0,36,F1,500,,,,,
2026-02-18,2026-02-18,FO,NSE,STO,126017,,KFINTECH,,2026-03-30,2026-03-30,880.0,PE,KFINTECH26MAR880PE,9.8,11.3,7.95,8.3,8.05,11.75,1039.3,8.3,58000,11000,38,16915375.0,29,F1,500,,,,,
2026-02-18,2026-02-18,FO,NSE,STO,126013,,KFINTECH,,2026-03-30,2026-03-30,800.0,PE,KFINTECH26MAR800PE,0.0,0.0,0.0,15.0,15.0,15.0,1039.3,1.25,500,0,0,0.0,0,F1,500,,,,,
2026-02-18,2026-02-18,FO,NSE,STO,111141,,KFINTECH,,2026-02-24,2026-02-24,1240.0,PE,KFINTECH26FEB1240PE,0.0,0.0,0.0,225.65,225.65,225.65,1039.3,199.6,30000,0,0,0.0,0,F1,500,,,,,
2026-02-18,2026-02-18,FO,NSE,STO,133775,,KFINTECH,,2026-04-28,2026-04-28,960.0,CE,KFINTECH26APR960CE,0.0,0.0,0.0,137.6,0.0,137.6,1039.3,125.0,0,0,0,0.0,0,F1,500,,,,,
2026-02-18,2026-02-18,FO,NSE,STO,133767,,KFINTECH,,2026-04-28,2026-04-28,920.0,CE,KFINTECH26APR920CE,0.0,0.0,0.0,161.1,0.0,161.1,1039.3,152.65,0,0,0,0.0,0,F1,500,,,,,
2026-02-18,2026-02-18,FO,NSE,STO,133763,,KFINTECH,,2026-04-28,2026-04-28,840.0,CE,KFINTECH26APR840CE,0.0,0.0,0.0,215.75,0.0,215.75,1039.3,216.8,0,0,0,0.0,0,F1,500,,,,,
2026-02-18,2026-02-18,FO,NSE,STO,133735,,KFINTECH,,2026-03-30,2026-03-30,1140.0,CE,KFINTECH26MAR1140CE,11.0,11.0,11.0,11.0,11.0,10.5,1039.3,24.1,2500,500,1,575500.0,1,F1,500,,,,,
2026-02-18,2026-02-18,FO,NSE,STO,111134,,KFINTECH,,2026-02-24,2026-02-24,1120.0,CE,KFINTECH26FEB1120CE,3.85,4.4,1.55,2.3,2.3,3.7,1039.3,2.3,76000,6000,334,187477450.0,289,F1,500,,,,,
2026-02-18,2026-02-18,FO,NSE,STO,125984,,KFINTECH,,2026-02-24,2026-02-24,1020.0,CE,KFINTECH26FEB1020CE,26.45,34.4,16.3,30.7,30.85,25.85,1039.3,30.7,82000,-104500,2734,1429793450.0,1990,F1,500,,,,,
2026-02-18,2026-02-18,FO,NSE,STO,111126,,KFINTECH,,2026-02-24,2026-02-24,960.0,CE,KFINTECH26FEB960CE,77.65,83.35,59.25,82.7,83.35,68.25,1039.3,82.7,28500,-7000,87,44784775.0,62,F1,500,,,,,
2026-02-18,2026-02-18,FO,NSE,STO,111124,,KFINTECH,,2026-02-24,2026-02-24,920.0,CE,KFINTECH26FEB920CE,114.95,119.25,110.1,115.0,115.0,102.2,1039.3,120.3,16000,-500,8,4139025.0,8,F1,500,,,,,
2026-02-18,2026-02-18,FO,NSE,STO,111131,,KFINTECH,,2026-02-24,2026-02-24,1040.0,PE,KFINTECH26FEB1040PE,31.65,34.55,16.1,17.25,17.5,34.0,1039.3,17.25,198500,56500,2573,1366775350.0,1477,F1,500,,,,,
2026-02-18,2026-02-18,FO,NSE,STO,133723,,KFINTECH,,2026-03-30,2026-03-30,900.0,CE,KFINTECH26MAR900CE,0.0,0.0,0.0,110.8,110.8,110.8,1039.3,154.05,1000,0,0,0.0,0,F1,500,,,,,
2026-02-18,2026-02-18,FO,NSE,STO,126016,,KFINTECH,,2026-03-30,2026-03-30,880.0,CE,KFINTECH26MAR880CE,0.0,0.0,0.0,127.4,127.4,127.4,1039.3,171.25,22000,0,0,0.0,0,F1,500,,,,,
2026-02-18,2026-02-18,FO,NSE,STO,125992,,KFINTECH,,2026-02-24,2026-02-24,1180.0,CE,KFINTECH26FEB1180CE,0.0,0.0,0.0,1.5,1.5,1.5,1039.3,0.2,2500,0,0,0.0,0,F1,500,,,,,
2026-02-18,2026-02-18,FO,NSE,STO,111122,,KFINTECH,,2026-02-24,2026-02-24,880.0,CE,KFINTECH26FEB880CE,0.0,0.0,0.0,157.3,157.3,157.3,1039.3,160.1,9000,0,0,0.0,0,F1,500,,,,,
2026-02-18,2026-02-18,FO,NSE,STO,133852,,KFINTECH,,2026-04-28,2026-04-28,1080.0,PE,KFINTECH26APR1080PE,0.0,0.0,0.0,129.65,0.0,129.65,1039.3,91.75,0,0,0,0.0,0,F1,500,,,,,
2026-02-18,2026-02-18,FO,NSE,STO,133776,,KFINTECH,,2026-04-28,2026-04-28,960.0,PE,KFINTECH26APR960PE,0.0,0.0,0.0,66.9,0.0,66.9,1039.3,35.75,0,0,0,0.0,0,F1,500,,,,,
2026-02-18,2026-02-18,FO,NSE,STO,133768,,KFINTECH,,2026-04-28,2026-04-28,920.0,PE,KFINTECH26APR920PE,0.0,0.0,0.0,51.05,0.0,51.05,1039.3,23.85,0,0,0,0.0,0,F1,500,,,,,
2026-02-18,2026-02-18,FO,NSE,STO,133766,,KFINTECH,,2026-04-28,2026-04-28,880.0,PE,KFINTECH26APR880PE,0.0,0.0,0.0,37.75,0.0,37.75,1039.3,15.0,0,0,0,0.0,0,F1,500,,,,,
2026-02-18,2026-02-18,FO,NSE,STO,119314,,MUTHOOTFIN,,2026-02-24,2026-02-24,3600.0,CE,MUTHOOTFIN26FEB3600CE,33.95,41.5,16.5,18.55,18.1,38.85,3456.9,18.55,754050,-14575,7969,7945780425.0,6438,F1,275,,,,,
2026-02-18,2026-02-18,FO,NSE,STO,140923,,MUTHOOTFIN,,2026-02-24,2026-02-24,3650.0,CE,MUTHOOTFIN26FEB3650CE,23.45,29.55,11.3,12.45,12.35,28.45,3456.9,12.45,308550,-13750,3489,3519245551.25,2869,F1,275,,,,,
2026-02-18,2026-02-18,FO,NSE,STO,140939,,MUTHOOTFIN,,2026-02-24,2026-02-24,4150.0,CE,MUTHOOTFIN26FEB4150CE,3.05,3.05,1.25,1.35,1.35,3.05,3456.9,1.35,138875,-17050,346,395052240.0,263,F1,275,,,,,
2026-02-18,2026-02-18,FO,NSE,STO,143242,,MUTHOOTFIN,,2026-03-30,2026-03-30,3250.0,CE,MUTHOOTFIN26MAR3250CE,0.0,0.0,0.0,755.0,755.0,755.0,3456.9,294.65,2200,0,0,0.0,0,F1,275,,,,,
2026-02-18,2026-02-18,FO,NSE,STO,141195,,MUTHOOTFIN,,2026-03-30,2026-03-30,3900.0,CE,MUTHOOTFIN26MAR3900CE,58.5,60.3,35.85,38.25,38.75,58.2,3456.9,38.25,148225,39875,670,726584815.0,493,F1,275,,,,,
2026-02-18,2026-02-18,FO,NSE,STO,141197,,MUTHOOTFIN,,2026-03-30,2026-03-30,4000.0,CE,MUTHOOTFIN26MAR4000CE,44.0,45.8,26.3,28.0,26.55,43.7,3456.9,28.0,340725,55825,992,1100448016.25,761,F1,275,,,,,
2026-02-18,2026-02-18,FO,NSE,STO,143264,,MUTHOOTFIN,,2026-03-30,2026-03-30,4050.0,CE,MUTHOOTFIN26MAR4050CE,0.0,0.0,0.0,162.25,0.0,162.25,3456.9,19.8,0,0,0,0.0,0,F1,275,,,,,
2026-02-18,2026-02-18,FO,NSE,STO,141201,,MUTHOOTFIN,,2026-03-30,2026-03-30,4200.0,CE,MUTHOOTFIN26MAR4200CE,23.95,23.95,14.0,14.85,14.9,23.95,3456.9,14.85,38775,-275,150,174020027.5,120,F1,275,,,,,
2026-02-18,2026-02-18,FO,NSE,STO,141209,,MUTHOOTFIN,,2026-03-30,2026-03-30,4600.0,CE,MUTHOOTFIN26MAR4600CE,8.85,8.85,5.05,5.5,6.0,8.4,3456.9,5.5,38500,7150,44,55739048.75,43,F1,275,,,,,
2026-02-18,2026-02-18,FO,NSE,STO,141191,,MUTHOOTFIN,,2026-03-30,2026-03-30,3700.0,CE,MUTHOOTFIN26MAR3700CE,95.0,109.05,72.0,76.6,77.15,103.95,3456.9,76.6,201025,22550,707,735861183.75,553,F1,275,,,,,
2026-02-18,2026-02-18,FO,NSE,STO,143254,,MUTHOOTFIN,,2026-03-30,2026-03-30,3550.0,CE,MUTHOOTFIN26MAR3550CE,167.45,168.0,121.75,127.2,127.0,159.5,3456.9,127.2,16500,3575,107,108688126.25,92,F1,275,,,,,
2026-02-18,2026-02-18,FO,NSE,STO,141059,,MUTHOOTFIN,,2026-02-24,2026-02-24,4450.0,CE,MUTHOOTFIN26FEB4450CE,1.05,1.35,0.6,0.7,0.6,1.7,3456.9,0.7,41525,-37950,182,222765372.5,116,F1,275,,,,,
2026-02-18,2026-02-18,FO,NSE,STO,119312,,MUTHOOTFIN,,2026-02-24,2026-02-24,3500.0,CE,MUTHOOTFIN26FEB3500CE,65.0,81.05,37.55,42.2,40.85,72.45,3456.9,42.2,596475,120725,7272,7105299891.25,5923,F1,275,,,,,
2026-02-18,2026-02-18,FO,NSE,STO,140917,,MUTHOOTFIN,,2026-02-24,2026-02-24,3350.0,CE,MUTHOOTFIN26FEB3350CE,0.0,0.0,0.0,524.25,0.0,524.25,3456.9,131.5,0,0,0,0.0,0,F1,275,,,,,
2026-02-18,2026-02-18,FO,NSE,STO,119306,,MUTHOOTFIN,,2026-02-24,2026-02-24,3200.0,CE,MUTHOOTFIN26FEB3200CE,311.0,318.2,278.45,278.55,278.55,303.8,3456.9,262.4,8525,550,13,12489702.5,13,F1,275,,,,,
2026-02-18,2026-02-18,FO,NSE,STO,119237,,MUTHOOTFIN,,2026-02-24,2026-02-24,2900.0,CE,MUTHOOTFIN26FEB2900CE,0.0,0.0,0.0,900.4,900.4,900.4,3456.9,559.5,275,0,0,0.0,0,F1,275,,,,,
2026-02-18,2026-02-18,FO,NSE,STO,143400,,MUTHOOTFIN,,2026-04-28,2026-04-28,4400.0,CE,MUTHOOTFIN26APR4400CE,0.0,0.0,0.0,110.25,0.0,110.25,3456.9,17.4,0,0,0,0.0,0,F1,275,,,,,
2026-02-18,2026-02-18,FO,NSE,STO,143391,,MUTHOOTFIN,,2026-04-28,2026-04-28,3900.0,PE,MUTHOOTFIN26APR3900PE,0.0,0.0,0.0,253.95,0.0,253.95,3456.9,480.6,0,0,0,0.0,0,F1,275,,,,,
2026-02-18,2026-02-18,FO,NSE,STO,143259,,MUTHOOTFIN,,2026-03-30,2026-03-30,3750.0,PE,MUTHOOTFIN26MAR3750PE,320.0,320.0,320.0,320.0,320.0,132.0,3456.9,336.45,550,275,1,1119250.0,1,F1,275,,,,,
2026-02-18,2026-02-18,FO,NSE,STO,141060,,MUTHOOTFIN,,2026-02-24,2026-02-24,4450.0,PE,MUTHOOTFIN26FEB4450PE,0.0,0.0,0.0,652.0,0.0,652.0,3456.9,989.1,0,0,0,0.0,0,F1,275,,,,,
2026-02-18,2026-02-18,FO,NSE,STO,119315,,MUTHOOTFIN,,2026-02-24,2026-02-24,3600.0,PE,MUTHOOTFIN26FEB3600PE,160.0,166.0,118.7,154.5,161.0,144.55,3456.9,154.5,304700,-32725,668,687576326.25,619,F1,275,,,,,
2026-02-18,2026-02-18,FO,NSE,STO,119307,,MUTHOOTFIN,,2026-02-24,2026-02-24,3200.0,PE,MUTHOOTFIN26FEB3200PE,10.5,10.55,5.5,6.7,7.15,9.6,3456.9,6.7,320375,-12650,1103,972706776.25,898,F1,275,,,,,
2026-02-18,2026-02-18,FO,NSE,STO,143404,,MUTHOOTFIN,,2026-04-28,2026-04-28,4600.0,CE,MUTHOOTFIN26APR4600CE,0.0,0.0,0.0,72.1,0.0,72.1,3456.9,8.9,0,0,0,0.0,0,F1,275,,,,,
2026-02-18,2026-02-18,FO,NSE,STO,143272,,MUTHOOTFIN,,2026-03-30,2026-03-30,4450.0,CE,MUTHOOTFIN26MAR4450CE,0.0,0.0,0.0,70.0,70.0,70.0,3456.9,2.9,275,0,0,0.0,0,F1,275,,,,,
2026-02-18,2026-02-18,FO,NSE,STO,143374,,MUTHOOTFIN,,2026-04-28,2026-04-28,3100.0,CE,MUTHOOTFIN26APR3100CE,0.0,0.0,0.0,838.9,0.0,838.9,3456.9,451.6,0,0,0,0.0,0,F1,275,,,,,
2026-02-18,2026-02-18,FO,NSE,STO,141057,,MUTHOOTFIN,,2026-02-24,2026-02-24,4350.0,CE,MUTHOOTFIN26FEB4350CE,1.8,1.8,0.75,0.8,0.8,1.95,3456.9,0.8,56925,-24475,180,215379725.0,139,F1,275,,,,,
2026-02-18,2026-02-18,FO,NSE,STO,119322,,MUTHOOTFIN,,2026-02-24,2026-02-24,4000.0,CE,MUTHOOTFIN26FEB4000CE,5.2,5.45,1.85,2.15,2.1,5.2,3456.9,2.15,1227600,-455125,5462,6012640727.5,2844,F1,275,,,,,
2026-02-18,2026-02-18,FO,NSE,STO,119308,,MUTHOOTFIN,,2026-02-24,2026-02-24,3300.0,CE,MUTHOOTFIN26FEB3300CE,220.0,220.0,164.2,176.95,176.95,210.0,3456.9,176.95,31625,-825,31,29699023.75,31,F1,275,,,,,
2026-02-18,2026-02-18,FO,NSE,STO,143401,,MUTHOOTFIN,,2026-04-28,2026-04-28,4400.0,PE,MUTHOOTFIN26APR4400PE,0.0,0.0,0.0,575.45,0.0,575.45,3456.9,914.95,0,0,0,0.0,0,F1,275,,,,,
2026-02-18,2026-02-18,FO,NSE,STO,143395,,MUTHOOTFIN,,2026-04-28,2026-04-28,4100.0,PE,MUTHOOTFIN26APR4100PE,0.0,0.0,0.0,367.3,0.0,367.3,3456.9,644.85,0,0,0,0.0,0,F1,275,,,,,
2026-02-18,2026-02-18,FO,NSE,STO,143379,,MUTHOOTFIN,,2026-04-28,2026-04-28,3300.0,PE,MUTHOOTFIN26APR3300PE,0.0,0.0,0.0,51.45,0.0,51.45,3456.9,124.35,0,0,0,0.0,0,F1,275,,,,,
2026-02-18,2026-02-18,FO,NSE,STO,143367,,MUTHOOTFIN,,2026-04-28,2026-04-28,2800.0,PE,MUTHOOTFIN26APR2800PE,0.0,0.0,0.0,5.65,0.0,5.65,3456.9,16.0,0,0,0,0.0,0,F1,275,,,,,
2026-02-18,2026-02-18,FO,NSE,STO,141208,,MUTHOOTFIN,,2026-03-30,2026-03-30,4500.0,PE,MUTHOOTFIN26MAR4500PE,0.0,0.0,0.0,604.5,604.5,604.5,3456.9,1018.3,0,0,0,0.0,0,F1,275,,,,,
2026-02-18,2026-02-18,FO,NSE,STO,141206,,MUTHOOTFIN,,2026-03-30,2026-03-30,4400.0,PE,MUTHOOTFIN26MAR4400PE,0.0,0.0,0.0,631.2,0.0,631.2,3456.9,920.4,0,0,0,0.0,0,F1,275,,,,,
2026-02-18,2026-02-18,FO,NSE,STO,143269,,MUTHOOTFIN,,2026-03-30,2026-03-30,4250.0,PE,MUTHOOTFIN26MAR4250PE,0.0,0.0,0.0,438.4,0.0,438.4,3456.9,775.45,0,0,0,0.0,0,F1,275,,,,,
2026-02-18,2026-02-18,FO,NSE,STO,143267,,MUTHOOTFIN,,2026-03-30,2026-03-30,4150.0,PE,MUTHOOTFIN26MAR4150PE,0.0,0.0,0.0,367.55,0.0,367.55,3456.9,680.8,0,0,0,0.0,0,F1,275,,,,,
2026-02-18,2026-02-18,FO,NSE,STO,143263,,MUTHOOTFIN,,2026-03-30,2026-03-30,3950.0,PE,MUTHOOTFIN26MAR3950PE,0.0,0.0,0.0,227.7,227.7,227.7,3456.9,499.65,275,0,0,0.0,0,F1,275,,,,,
2026-02-18,2026-02-18,FO,NSE,STO,143261,,MUTHOOTFIN,,2026-03-30,2026-03-30,3850.0,PE,MUTHOOTFIN26MAR3850PE,0.0,0.0,0.0,384.5,384.5,384.5,3456.9,415.2,550,0,0,0.0,0,F1,275,,,,,
2026-02-18,2026-02-18,FO,NSE,STO,143243,,MUTHOOTFIN,,2026-03-30,2026-03-30,3250.0,PE,MUTHOOTFIN26MAR3250PE,65.55,67.3,62.6,66.75,66.85,81.2,3456.9,66.75,8250,4125,25,22798008.75,19,F1,275,,,,,
2026-02-18,2026-02-18,FO,NSE,STO,141106,,MUTHOOTFIN,,2026-03-30,2026-03-30,3000.0,PE,MUTHOOTFIN26MAR3000PE,23.8,24.35,20.25,23.05,24.05,26.45,3456.9,23.05,66550,5500,170,141313122.5,144,F1,275,,,,,
2026-02-18,2026-02-18,FO,NSE,STO,119342,,MUTHOOTFIN,,2026-02-24,2026-02-24,4400.0,PE,MUTHOOTFIN26FEB4400PE,0.0,0.0,0.0,808.0,808.0,808.0,3456.9,939.1,11825,0,0,0.0,0,F1,275,,,,,
2026-02-18,2026-02-18,FO,NSE,STO,119317,,MUTHOOTFIN,,2026-02-24,2026-02-24,3700.0,PE,MUTHOOTFIN26FEB3700PE,203.0,256.45,202.2,245.8,252.0,227.9,3456.9,245.8,163625,-5775,89,96180081.25,76,F1,275,,,,,
2026-02-18,2026-02-18,FO,NSE,STO,143384,,MUTHOOTFIN,,2026-04-28,2026-04-28,3600.0,CE,MUTHOOTFIN26APR3600CE,0.0,0.0,0.0,449.75,0.0,449.75,3456.9,166.25,0,0,0,0.0,0,F1,275,,,,,
2026-02-18,2026-02-18,FO,NSE,STO,141205,,MUTHOOTFIN,,2026-03-30,2026-03-30,4400.0,CE,MUTHOOTFIN26MAR4400CE,12.5,12.5,6.5,8.55,8.55,32.0,3456.9,3.75,4675,-825,45,54572072.5,16,F1,275,,,,,
2026-02-18,2026-02-18,FO,NSE,STO,143260,,MUTHOOTFIN,,2026-03-30,2026-03-30,3850.0,CE,MUTHOOTFIN26MAR3850CE,67.0,67.0,42.8,45.5,45.5,67.3,3456.9,45.5,5500,3575,20,21459336.25,16,F1,275,,,,,
2026-02-18,2026-02-18,FO,NSE,STO,141189,,MUTHOOTFIN,,2026-03-30,2026-03-30,3600.0,CE,MUTHOOTFIN26MAR3600CE,130.0,145.7,102.2,109.0,109.0,137.85,3456.9,109.0,124850,11825,582,595128380.0,481,F1,275,,,,,
2026-02-18,2026-02-18,FO,NSE,STO,141103,,MUTHOOTFIN,,2026-03-30,2026-03-30,2900.0,CE,MUTHOOTFIN26MAR2900CE,0.0,0.0,0.0,955.45,0.0,955.45,3456.9,583.9,0,0,0,0.0,0,F1,275,,,,,
2026-02-18,2026-02-18,FO,NSE,STO,119343,,MUTHOOTFIN,,2026-02-24,2026-02-24,4500.0,CE,MUTHOOTFIN26FEB4500CE,0.9,1.55,0.6,0.7,0.7,1.35,3456.9,0.7,518650,-50050,826,1022365038.75,464,F1,275,,,,,
2026-02-18,2026-02-18,FO,NSE,STO,119333,,MUTHOOTFIN,,2026-02-24,2026-02-24,4100.0,CE,MUTHOOTFIN26FEB4100CE,3.45,3.65,1.4,1.55,1.5,3.65,3456.9,1.55,550275,-203775,1971,2223431416.25,1345,F1,275,,,,,
2026-02-18,2026-02-18,FO,NSE,STO,140929,,MUTHOOTFIN,,2026-02-24,2026-02-24,3950.0,CE,MUTHOOTFIN26FEB3950CE,5.85,6.0,2.3,2.5,2.5,6.25,3456.9,2.5,167200,-47300,699,759906647.5,482,F1,275,,,,,
2026-02-18,2026-02-18,FO,NSE,STO,140915,,MUTHOOTFIN,,2026-02-24,2026-02-24,3250.0,CE,MUTHOOTFIN26FEB3250CE,0.0,0.0,0.0,607.65,0.0,607.65,3456.9,215.65,0,0,0,0.0,0,F1,275,,,,,
2026-02-18,2026-02-18,FO,NSE,STF,51982,,MUTHOOTFIN,,2026-03-30,2026-03-30,,,MUTHOOTFIN26MARFUT,3522.0,3544.0,3470.5,3483.4,3479.5,3512.3,3456.9,3483.4,1085975,320925,2585,2490264535.0,2413,F1,275,,,,,
2026-02-18,2026-02-18,FO,NSE,STO,143405,,MUTHOOTFIN,,2026-04-28,2026-04-28,4600.0,PE,MUTHOOTFIN26APR4600PE,0.0,0.0,0.0,734.25,0.0,734.25,3456.9,1104.4,0,0,0,0.0,0,F1,275,,,,,
2026-02-18,2026-02-18,FO,NSE,STO,143403,,MUTHOOTFIN,,2026-04-28,2026-04-28,4500.0,PE,MUTHOOTFIN26APR4500PE,0.0,0.0,0.0,653.1,0.0,653.1,3456.9,1009.05,0,0,0,0.0,0,F1,275,,,,,
2026-02-18,2026-02-18,FO,NSE,STO,140930,,MUTHOOTFIN,,2026-02-24,2026-02-24,3950.0,PE,MUTHOOTFIN26FEB3950PE,446.9,483.15,446.85,483.15,483.15,458.6,3456.9,489.6,66000,-1375,14,17028371.25,11,F1,275,,,,,
2026-02-18,2026-02-18,FO,NSE,STO,119319,,MUTHOOTFIN,,2026-02-24,2026-02-24,3800.0,PE,MUTHOOTFIN26FEB3800PE,298.0,353.5,295.2,342.85,341.7,320.45,3456.9,342.85,113300,-4125,90,102026911.25,75,F1,275,,,,,
2026-02-18,2026-02-18,FO,NSE,STO,140924,,MUTHOOTFIN,,2026-02-24,2026-02-24,3650.0,PE,MUTHOOTFIN26FEB3650PE,162.0,210.8,158.4,200.8,201.1,184.65,3456.9,200.8,71500,-3025,92,96930941.25,85,F1,275,,,,,
2026-02-18,2026-02-18,FO,NSE,STO,143386,,MUTHOOTFIN,,2026-04-28,2026-04-28,3700.0,CE,MUTHOOTFIN26APR3700CE,0.0,0.0,0.0,387.65,0.0,387.65,3456.9,130.75,0,0,0,0.0,0,F1,275,,,,,
2026-02-18,2026-02-18,FO,NSE,STO,143380,,MUTHOOTFIN,,2026-04-28,2026-04-28,3400.0,CE,MUTHOOTFIN26APR3400CE,0.0,0.0,0.0,591.0,0.0,591.0,3456.9,258.25,0,0,0,0.0,0,F1,275,,,,,
2026-02-18,2026-02-18,FO,NSE,STO,143366,,MUTHOOTFIN,,2026-04-28,2026-04-28,2800.0,CE,MUTHOOTFIN26APR2800CE,0.0,0.0,0.0,1115.9,0.0,1115.9,3456.9,701.85,0,0,0,0.0,0,F1,275,,,,,
2026-02-18,2026-02-18,FO,NSE,STO,141199,,MUTHOOTFIN,,2026-03-30,2026-03-30,4100.0,CE,MUTHOOTFIN26MAR4100CE,34.45,34.45,19.0,19.5,19.5,32.8,3456.9,19.5,39325,12100,160,181388501.25,117,F1,275,,,,,
2026-02-18,2026-02-18,FO,NSE,STO,143256,,MUTHOOTFIN,,2026-03-30,2026-03-30,3650.0,CE,MUTHOOTFIN26MAR3650CE,121.0,121.0,87.6,91.65,92.25,121.0,3456.9,91.65,14300,825,27,27844616.25,23,F1,275,,,,,
2026-02-18,2026-02-18,FO,NSE,STO,141187,,MUTHOOTFIN,,2026-03-30,2026-03-30,3500.0,CE,MUTHOOTFIN26MAR3500CE,181.8,194.05,143.0,150.5,148.25,181.5,3456.9,150.5,166375,72875,637,641905866.25,551,F1,275,,,,,
2026-02-18,2026-02-18,FO,NSE,STO,143252,,MUTHOOTFIN,,2026-03-30,2026-03-30,3450.0,CE,MUTHOOTFIN26MAR3450CE,181.8,181.8,169.5,176.35,171.05,206.0,3456.9,176.35,7975,4400,21,20937977.5,14,F1,275,,,,,
2026-02-18,2026-02-18,FO,NSE,STO,140921,,MUTHOOTFIN,,2026-02-24,2026-02-24,3550.0,CE,MUTHOOTFIN26FEB3550CE,51.75,58.9,24.3,27.75,26.7,53.0,3456.9,27.75,326425,-14300,4831,4766550153.75,4113,F1,275,,,,,
2026-02-18,2026-02-18,FO,NSE,STO,140913,,MUTHOOTFIN,,2026-02-24,2026-02-24,3150.0,CE,MUTHOOTFIN26FEB3150CE,0.0,0.0,0.0,801.95,801.95,801.95,3456.9,310.8,0,0,0,0.0,0,F1,275,,,,,
2026-02-18,2026-02-18,FO,NSE,STO,38184,,MUTHOOTFIN,,2026-02-24,2026-02-24,4700.0,PE,MUTHOOTFIN26FEB4700PE,0.0,0.0,0.0,790.0,790.0,790.0,3456.9,1238.85,0,0,0,0.0,0,F1,275,,,,,
2026-02-18,2026-02-18,FO,NSE,STO,143399,,MUTHOOTFIN,,2026-04-28,2026-04-28,4300.0,PE,MUTHOOTFIN26APR4300PE,0.0,0.0,0.0,501.4,0.0,501.4,3456.9,822.6,0,0,0,0.0,0,F1,275,,,,,
2026-02-18,2026-02-18,FO,NSE,STO,143385,,MUTHOOTFIN,,2026-04-28,2026-04-28,3600.0,PE,MUTHOOTFIN26APR3600PE,0.0,0.0,0.0,127.2,0.0,127.2,3456.9,272.1,0,0,0,0.0,0,F1,275,,,,,
2026-02-18,2026-02-18,FO,NSE,STO,141210,,MUTHOOTFIN,,2026-03-30,2026-03-30,4600.0,PE,MUTHOOTFIN26MAR4600PE,0.0,0.0,0.0,794.75,0.0,794.75,3456.9,1116.75,0,0,0,0.0,0,F1,275,,,,,
2026-02-18,2026-02-18,FO,NSE,STO,141194,,MUTHOOTFIN,,2026-03-30,2026-03-30,3800.0,PE,MUTHOOTFIN26MAR3800PE,340.0,367.0,340.0,367.0,367.0,354.85,3456.9,367.0,52250,275,15,17155792.5,11,F1,275,,,,,
2026-02-18,2026-02-18,FO,NSE,STO,143253,,MUTHOOTFIN,,2026-03-30,2026-03-30,3450.0,PE,MUTHOOTFIN26MAR3450PE,124.0,142.6,124.0,136.8,138.55,143.0,3456.9,136.8,3025,275,9,8875130.0,9,F1,275,,,,,
2026-02-18,2026-02-18,FO,NSE,STO,141058,,MUTHOOTFIN,,2026-02-24,2026-02-24,4350.0,PE,MUTHOOTFIN26FEB4350PE,0.0,0.0,0.0,829.15,829.15,829.15,3456.9,889.15,15125,0,0,0.0,0,F1,275,,,,,
2026-02-18,2026-02-18,FO,NSE,STO,119336,,MUTHOOTFIN,,2026-02-24,2026-02-24,4200.0,PE,MUTHOOTFIN26FEB4200PE,0.0,0.0,0.0,699.85,699.85,699.85,3456.9,739.3,53625,0,0,0.0,0,F1,275,,,,,
2026-02-18,2026-02-18,FO,NSE,STO,143239,,MUTHOOTFIN,,2026-03-30,2026-03-30,3050.0,PE,MUTHOOTFIN26MAR3050PE,0.0,0.0,0.0,36.05,36.05,36.05,3456.9,24.9,550,0,0,0.0,0,F1,275,,,,,
2026-02-18,2026-02-18,FO,NSE,STO,143375,,MUTHOOTFIN,,2026-04-28,2026-04-28,3100.0,PE,MUTHOOTFIN26APR3100PE,0.0,0.0,0.0,24.0,0.0,24.0,3456.9,62.6,0,0,0,0.0,0,F1,275,,,,,
2026-02-18,2026-02-18,FO,NSE,STO,143383,,MUTHOOTFIN,,2026-04-28,2026-04-28,3500.0,PE,MUTHOOTFIN26APR3500PE,0.0,0.0,0.0,96.8,0.0,96.8,3456.9,215.5,0,0,0,0.0,0,F1,275,,,,,
2026-02-18,2026-02-18,FO,NSE,STO,141107,,MUTHOOTFIN,,2026-03-30,2026-03-30,3100.0,CE,MUTHOOTFIN26MAR3100CE,0.0,0.0,0.0,471.0,471.0,471.0,3456.9,408.4,1100,0,0,0.0,0,F1,275,,,,,
2026-02-18,2026-02-18,FO,NSE,STO,141175,,MUTHOOTFIN,,2026-03-30,2026-03-30,3400.0,CE,MUTHOOTFIN26MAR3400CE,243.0,243.0,195.0,202.65,202.95,233.0,3456.9,202.65,47575,42075,202,200391262.5,104,F1,275,,,,,
2026-02-18,2026-02-18,FO,NSE,STO,143398,,MUTHOOTFIN,,2026-04-28,2026-04-28,4300.0,CE,MUTHOOTFIN26APR4300CE,0.0,0.0,0.0,134.65,0.0,134.65,3456.9,23.95,0,0,0,0.0,0,F1,275,,,,,
2026-02-18,2026-02-18,FO,NSE,STO,119309,,MUTHOOTFIN,,2026-02-24,2026-02-24,3300.0,PE,MUTHOOTFIN26FEB3300PE,18.15,18.55,10.55,12.1,13.55,17.45,3456.9,12.1,204875,-18975,1975,1799056215.0,1720,F1,275,,,,,
2026-02-18,2026-02-18,FO,NSE,STO,140932,,MUTHOOTFIN,,2026-02-24,2026-02-24,4050.0,PE,MUTHOOTFIN26FEB4050PE,540.0,590.0,540.0,589.5,590.0,557.0,3456.9,589.5,39875,-2475,10,12706155.0,10,F1,275,,,,,
2026-02-18,2026-02-18,FO,NSE,STO,119334,,MUTHOOTFIN,,2026-02-24,2026-02-24,4100.0,PE,MUTHOOTFIN26FEB4100PE,623.85,631.0,595.85,628.45,628.45,606.0,3456.9,639.4,93775,-1925,25,32409877.5,24,F1,275,,,,,
2026-02-18,2026-02-18,FO,NSE,STO,143255,,MUTHOOTFIN,,2026-03-30,2026-03-30,3550.0,PE,MUTHOOTFIN26MAR3550PE,155.0,194.0,155.0,184.75,184.75,173.5,3456.9,184.75,6600,6050,50,51263808.75,27,F1,275,,,,,
2026-02-18,2026-02-18,FO,NSE,STO,143393,,MUTHOOTFIN,,2026-04-28,2026-04-28,4000.0,PE,MUTHOOTFIN26APR4000PE,0.0,0.0,0.0,307.85,0.0,307.85,3456.9,560.7,0,0,0,0.0,0,F1,275,,,,,
2026-02-18,2026-02-18,FO,NSE,STO,143382,,MUTHOOTFIN,,2026-04-28,2026-04-28,3500.0,CE,MUTHOOTFIN26APR3500CE,0.0,0.0,0.0,517.8,0.0,517.8,3456.9,208.6,0,0,0,0.0,0,F1,275,,,,,
2026-02-18,2026-02-18,FO,NSE,STO,140955,,MUTHOOTFIN,,2026-02-24,2026-02-24,4250.0,PE,MUTHOOTFIN26FEB4250PE,0.0,0.0,0.0,759.05,759.05,759.05,3456.9,789.25,12375,0,0,0.0,0,F1,275,,,,,
2026-02-18,2026-02-18,FO,NSE,STO,119346,,MUTHOOTFIN,,2026-02-24,2026-02-24,4600.0,PE,MUTHOOTFIN26FEB4600PE,0.0,0.0,0.0,898.65,0.0,898.65,3456.9,1138.95,0,0,0,0.0,0,F1,275,,,,,
2026-02-18,2026-02-18,FO,NSE,STO,143241,,MUTHOOTFIN,,2026-03-30,2026-03-30,3150.0,PE,MUTHOOTFIN26MAR3150PE,44.15,44.95,43.25,43.25,43.25,50.5,3456.9,42.65,3025,0,4,3513386.25,4,F1,275,,,,,
2026-02-18,2026-02-18,FO,NSE,STO,141188,,MUTHOOTFIN,,2026-03-30,2026-03-30,3500.0,PE,MUTHOOTFIN26MAR3500PE,165.05,170.25,145.0,162.5,164.6,164.8,3456.9,162.5,130350,21725,319,320939740.0,267,F1,275,,,,,
2026-02-18,2026-02-18,FO,NSE,STO,141202,,MUTHOOTFIN,,2026-03-30,2026-03-30,4200.0,PE,MUTHOOTFIN26MAR4200PE,0.0,0.0,0.0,635.0,635.0,635.0,3456.9,727.9,825,0,0,0.0,0,F1,275,,,,,
2026-02-18,2026-02-18,FO,NSE,STO,143388,,MUTHOOTFIN,,2026-04-28,2026-04-28,3800.0,CE,MUTHOOTFIN26APR3800CE,0.0,0.0,0.0,331.4,0.0,331.4,3456.9,101.5,0,0,0,0.0,0,F1,275,,,,,
2026-02-18,2026-02-18,FO,NSE,STO,140919,,MUTHOOTFIN,,2026-02-24,2026-02-24,3450.0,CE,MUTHOOTFIN26FEB3450CE,96.0,111.4,57.5,64.1,62.0,98.2,3456.9,64.1,113025,23650,1600,1550058152.5,1434,F1,275,,,,,
2026-02-18,2026-02-18,FO,NSE,STO,140925,,MUTHOOTFIN,,2026-02-24,2026-02-24,3750.0,CE,MUTHOOTFIN26FEB3750CE,12.05,15.6,5.95,6.4,6.4,15.75,3456.9,6.4,183975,-62975,2381,2461231217.5,1801,F1,275,,,,,
2026-02-18,2026-02-18,FO,NSE,STO,140954,,MUTHOOTFIN,,2026-02-24,2026-02-24,4250.0,CE,MUTHOOTFIN26FEB4250CE,2.25,2.25,1.0,1.1,1.1,2.4,3456.9,1.1,118250,-17325,210,245517181.25,182,F1,275,,,,,
2026-02-18,2026-02-18,FO,NSE,STO,143250,,MUTHOOTFIN,,2026-03-30,2026-03-30,3350.0,CE,MUTHOOTFIN26MAR3350CE,0.0,0.0,0.0,589.75,0.0,589.75,3456.9,229.9,0,0,0,0.0,0,F1,275,,,,,
2026-02-18,2026-02-18,FO,NSE,STO,143258,,MUTHOOTFIN,,2026-03-30,2026-03-30,3750.0,CE,MUTHOOTFIN26MAR3750CE,85.3,93.25,60.85,62.2,62.2,85.3,3456.9,62.2,4125,3025,25,26250372.5,24,F1,275,,,,,
2026-02-18,2026-02-18,FO,NSE,STO,141207,,MUTHOOTFIN,,2026-03-30,2026-03-30,4500.0,CE,MUTHOOTFIN26MAR4500CE,10.0,10.7,6.05,6.6,6.95,11.3,3456.9,6.6,49225,1650,38,47105643.75,32,F1,275,,,,,
2026-02-18,2026-02-18,FO,NSE,STO,143390,,MUTHOOTFIN,,2026-04-28,2026-04-28,3900.0,CE,MUTHOOTFIN26APR3900CE,0.0,0.0,0.0,281.05,0.0,281.05,3456.9,77.85,0,0,0,0.0,0,F1,275,,,,,
2026-02-18,2026-02-18,FO,NSE,STO,143378,,MUTHOOTFIN,,2026-04-28,2026-04-28,3300.0,CE,MUTHOOTFIN26APR3300CE,0.0,0.0,0.0,669.35,0.0,669.35,3456.9,315.35,0,0,0,0.0,0,F1,275,,,,,
2026-02-18,2026-02-18,FO,NSE,STO,143372,,MUTHOOTFIN,,2026-04-28,2026-04-28,3000.0,CE,MUTHOOTFIN26APR3000CE,0.0,0.0,0.0,928.85,0.0,928.85,3456.9,529.7,0,0,0,0.0,0,F1,275,,,,,
2026-02-18,2026-02-18,FO,NSE,STO,140931,,MUTHOOTFIN,,2026-02-24,2026-02-24,4050.0,CE,MUTHOOTFIN26FEB4050CE,3.45,4.35,1.65,1.9,1.75,4.4,3456.9,1.9,231550,-15400,449,500397645.0,345,F1,275,,,,,
2026-02-18,2026-02-18,FO,NSE,STO,143266,,MUTHOOTFIN,,2026-03-30,2026-03-30,4150.0,CE,MUTHOOTFIN26MAR4150CE,0.0,0.0,0.0,51.8,51.8,51.8,3456.9,12.65,550,0,0,0.0,0,F1,275,,,,,
2026-02-18,2026-02-18,FO,NSE,STO,141203,,MUTHOOTFIN,,2026-03-30,2026-03-30,4300.0,CE,MUTHOOTFIN26MAR4300CE,15.25,17.45,9.2,10.15,10.15,17.55,3456.9,10.15,58850,-825,100,118601780.0,85,F1,275,,,,,
2026-02-18,2026-02-18,FO,NSE,STO,141105,,MUTHOOTFIN,,2026-03-30,2026-03-30,3000.0,CE,MUTHOOTFIN26MAR3000CE,0.0,0.0,0.0,551.1,553.3,551.1,3456.9,493.4,3025,0,0,0.0,0,F1,275,,,,,
2026-02-18,2026-02-18,FO,NSE,STO,119310,,MUTHOOTFIN,,2026-02-24,2026-02-24,3400.0,CE,MUTHOOTFIN26FEB3400CE,124.6,148.0,86.0,94.05,90.25,130.45,3456.9,94.05,91850,-26125,1168,1127256817.5,980,F1,275,,,,,
2026-02-18,2026-02-18,FO,NSE,STO,143238,,MUTHOOTFIN,,2026-03-30,2026-03-30,3050.0,CE,MUTHOOTFIN26MAR3050CE,0.0,0.0,0.0,857.75,0.0,857.75,3456.9,450.1,0,0,0,0.0,0,F1,275,,,,,
2026-02-18,2026-02-18,FO,NSE,STO,143262,,MUTHOOTFIN,,2026-03-30,2026-03-30,3950.0,CE,MUTHOOTFIN26MAR3950CE,40.15,40.15,31.15,32.55,32.65,47.85,3456.9,32.55,11275,8525,36,39439592.5,32,F1,275,,,,,
2026-02-18,2026-02-18,FO,NSE,STO,141204,,MUTHOOTFIN,,2026-03-30,2026-03-30,4300.0,PE,MUTHOOTFIN26MAR4300PE,0.0,0.0,0.0,380.65,380.0,380.65,3456.9,823.45,3025,0,0,0.0,0,F1,275,,,,,
2026-02-18,2026-02-18,FO,NSE,STO,141108,,MUTHOOTFIN,,2026-03-30,2026-03-30,3100.0,PE,MUTHOOTFIN26MAR3100PE,32.65,37.25,31.5,35.25,37.25,40.4,3456.9,35.25,21175,3850,122,105135373.75,82,F1,275,,,,,
2026-02-18,2026-02-18,FO,NSE,STO,119344,,MUTHOOTFIN,,2026-02-24,2026-02-24,4500.0,PE,MUTHOOTFIN26FEB4500PE,0.0,0.0,0.0,492.65,492.65,492.65,3456.9,1039.05,14575,0,0,0.0,0,F1,275,,,,,
2026-02-18,2026-02-18,FO,NSE,STO,140922,,MUTHOOTFIN,,2026-02-24,2026-02-24,3550.0,PE,MUTHOOTFIN26FEB3550PE,112.25,123.8,84.2,114.65,119.7,109.25,3456.9,114.65,108350,8250,575,577347251.25,537,F1,275,,,,,
2026-02-18,2026-02-18,FO,NSE,STO,119311,,MUTHOOTFIN,,2026-02-24,2026-02-24,3400.0,PE,MUTHOOTFIN26FEB3400PE,40.05,42.0,24.2,31.25,33.9,36.5,3456.9,31.25,331650,-111375,3339,3149834201.25,2527,F1,275,,,,,
2026-02-18,2026-02-18,FO,NSE,STO,119303,,MUTHOOTFIN,,2026-02-24,2026-02-24,3000.0,PE,MUTHOOTFIN26FEB3000PE,2.05,2.45,1.45,1.75,2.0,2.75,3456.9,1.75,107525,7700,762,629039303.75,626,F1,275,,,,,
2026-02-18,2026-02-18,FO,NSE,STO,141211,,MUTHOOTFIN,,2026-03-30,2026-03-30,4700.0,CE,MUTHOOTFIN26MAR4700CE,6.0,6.0,3.3,4.55,4.55,7.3,3456.9,4.55,59125,-825,43,55634878.75,38,F1,275,,,,,
2026-02-18,2026-02-18,FO,NSE,STO,119316,,MUTHOOTFIN,,2026-02-24,2026-02-24,3700.0,CE,MUTHOOTFIN26FEB3700CE,17.6,21.35,8.0,8.85,9.0,21.15,3456.9,8.85,763400,-62425,6934,7079241537.5,5282,F1,275,,,,,
2026-02-18,2026-02-18,FO,NSE,STO,140927,,MUTHOOTFIN,,2026-02-24,2026-02-24,3850.0,CE,MUTHOOTFIN26FEB3850CE,8.3,9.0,3.45,3.7,3.75,9.35,3456.9,3.7,182600,-32725,1149,1218149941.25,945,F1,275,,,,,
2026-02-18,2026-02-18,FO,NSE,STO,119345,,MUTHOOTFIN,,2026-02-24,2026-02-24,4600.0,CE,MUTHOOTFIN26FEB4600CE,1.4,1.4,0.65,0.7,0.75,1.35,3456.9,0.7,227425,-27775,232,293535880.0,171,F1,275,,,,,
2026-02-18,2026-02-18,FO,NSE,STO,141109,,MUTHOOTFIN,,2026-03-30,2026-03-30,3200.0,CE,MUTHOOTFIN26MAR3200CE,330.0,337.5,330.0,337.5,337.5,387.5,3456.9,337.5,4400,275,2,1943562.5,2,F1,275,,,,,
2026-02-18,2026-02-18,FO,NSE,STO,143271,,MUTHOOTFIN,,2026-03-30,2026-03-30,4350.0,PE,MUTHOOTFIN26MAR4350PE,0.0,0.0,0.0,481.7,481.7,481.7,3456.9,871.8,0,0,0,0.0,0,F1,275,,,,,
2026-02-18,2026-02-18,FO,NSE,STO,140918,,MUTHOOTFIN,,2026-02-24,2026-02-24,3350.0,PE,MUTHOOTFIN26FEB3350PE,25.25,28.0,15.7,19.0,20.8,24.7,3456.9,19.0,122375,-3300,1322,1224845710.0,1156,F1,275,,,,,
2026-02-18,2026-02-18,FO,NSE,STO,119305,,MUTHOOTFIN,,2026-02-24,2026-02-24,3100.0,PE,MUTHOOTFIN26FEB3100PE,4.3,4.5,3.1,3.65,3.95,5.35,3456.9,3.65,116875,2475,370,315805270.0,309,F1,275,,,,,
2026-02-18,2026-02-18,FO,NSE,STO,143394,,MUTHOOTFIN,,2026-04-28,2026-04-28,4100.0,CE,MUTHOOTFIN26APR4100CE,0.0,0.0,0.0,197.5,0.0,197.5,3456.9,44.15,0,0,0,0.0,0,F1,275,,,,,
2026-02-18,2026-02-18,FO,NSE,STO,143392,,MUTHOOTFIN,,2026-04-28,2026-04-28,4000.0,CE,MUTHOOTFIN26APR4000CE,0.0,0.0,0.0,236.5,0.0,236.5,3456.9,58.95,0,0,0,0.0,0,F1,275,,,,,
2026-02-18,2026-02-18,FO,NSE,STO,143268,,MUTHOOTFIN,,2026-03-30,2026-03-30,4250.0,CE,MUTHOOTFIN26MAR4250CE,0.0,0.0,0.0,59.4,59.4,59.4,3456.9,7.9,825,0,0,0.0,0,F1,275,,,,,
2026-02-18,2026-02-18,FO,NSE,STO,140914,,MUTHOOTFIN,,2026-02-24,2026-02-24,3150.0,PE,MUTHOOTFIN26FEB3150PE,6.25,6.25,4.0,4.75,5.4,7.15,3456.9,4.75,28875,9350,121,104977908.75,104,F1,275,,,,,
2026-02-18,2026-02-18,FO,NSE,STO,140920,,MUTHOOTFIN,,2026-02-24,2026-02-24,3450.0,PE,MUTHOOTFIN26FEB3450PE,57.75,59.45,38.0,51.1,54.5,55.3,3456.9,51.1,169675,20350,1754,1686984282.5,1537,F1,275,,,,,
2026-02-18,2026-02-18,FO,NSE,STO,119313,,MUTHOOTFIN,,2026-02-24,2026-02-24,3500.0,PE,MUTHOOTFIN26FEB3500PE,81.85,88.35,57.45,78.7,83.55,78.9,3456.9,78.7,372350,-9900,3229,3171656070.0,2505,F1,275,,,,,
2026-02-18,2026-02-18,FO,NSE,STO,143251,,MUTHOOTFIN,,2026-03-30,2026-03-30,3350.0,PE,MUTHOOTFIN26MAR3350PE,95.0,97.2,94.85,96.25,97.15,87.4,3456.9,96.25,2200,550,5,4738538.75,5,F1,275,,,,,
2026-02-18,2026-02-18,FO,NSE,STO,141196,,MUTHOOTFIN,,2026-03-30,2026-03-30,3900.0,PE,MUTHOOTFIN26MAR3900PE,430.0,441.0,430.0,441.0,441.0,473.0,3456.9,456.8,17600,-550,3,3578025.0,3,F1,275,,,,,
2026-02-18,2026-02-18,FO,NSE,STO,141198,,MUTHOOTFIN,,2026-03-30,2026-03-30,4000.0,PE,MUTHOOTFIN26MAR4000PE,530.0,530.0,530.0,530.0,530.0,524.0,3456.9,543.6,22550,0,2,2491500.0,2,F1,275,,,,,
2026-02-18,2026-02-18,FO,NSE,STO,141200,,MUTHOOTFIN,,2026-03-30,2026-03-30,4100.0,PE,MUTHOOTFIN26MAR4100PE,0.0,0.0,0.0,551.0,551.0,551.0,3456.9,634.35,1100,0,0,0.0,0,F1,275,,,,,
2026-02-18,2026-02-18,FO,NSE,STO,143387,,MUTHOOTFIN,,2026-04-28,2026-04-28,3700.0,PE,MUTHOOTFIN26APR3700PE,0.0,0.0,0.0,163.55,0.0,163.55,3456.9,335.55,0,0,0,0.0,0,F1,275,,,,,
2026-02-18,2026-02-18,FO,NSE,STO,140928,,MUTHOOTFIN,,2026-02-24,2026-02-24,3850.0,PE,MUTHOOTFIN26FEB3850PE,389.0,391.35,389.0,391.25,391.25,337.05,3456.9,390.15,42625,-550,4,4664165.0,3,F1,275,,,,,
2026-02-18,2026-02-18,FO,NSE,STO,141104,,MUTHOOTFIN,,2026-03-30,2026-03-30,2900.0,PE,MUTHOOTFIN26MAR2900PE,15.5,15.9,13.8,13.8,13.8,17.5,3456.9,9.6,9625,0,15,12023522.5,13,F1,275,,,,,
2026-02-18,2026-02-18,FO,NSE,STO,140912,,MUTHOOTFIN,,2026-02-24,2026-02-24,3050.0,PE,MUTHOOTFIN26FEB3050PE,3.0,3.25,2.2,2.55,3.15,3.95,3456.9,2.55,13475,-2475,96,80588571.25,90,F1,275,,,,,
2026-02-18,2026-02-18,FO,NSE,STO,119302,,MUTHOOTFIN,,2026-02-24,2026-02-24,3000.0,CE,MUTHOOTFIN26FEB3000CE,0.0,0.0,0.0,496.75,496.75,496.75,3456.9,459.65,550,0,0,0.0,0,F1,275,,,,,
2026-02-18,2026-02-18,FO,NSE,STO,119341,,MUTHOOTFIN,,2026-02-24,2026-02-24,4400.0,CE,MUTHOOTFIN26FEB4400CE,1.2,1.7,0.6,0.65,0.65,1.75,3456.9,0.65,207350,-58025,527,637814870.0,412,F1,275,,,,,
2026-02-18,2026-02-18,FO,NSE,STO,143240,,MUTHOOTFIN,,2026-03-30,2026-03-30,3150.0,CE,MUTHOOTFIN26MAR3150CE,0.0,0.0,0.0,765.0,0.0,765.0,3456.9,368.45,0,0,0,0.0,0,F1,275,,,,,
2026-02-18,2026-02-18,FO,NSE,STO,141111,,MUTHOOTFIN,,2026-03-30,2026-03-30,3300.0,CE,MUTHOOTFIN26MAR3300CE,309.8,312.55,260.0,265.0,265.0,300.4,3456.9,261.1,69025,3300,20,19666418.75,20,F1,275,,,,,
2026-02-18,2026-02-18,FO,NSE,STO,141193,,MUTHOOTFIN,,2026-03-30,2026-03-30,3800.0,CE,MUTHOOTFIN26MAR3800CE,79.0,81.5,50.85,54.45,53.7,77.15,3456.9,54.45,204325,50600,1014,1076510242.5,744,F1,275,,,,,
2026-02-18,2026-02-18,FO,NSE,STO,141190,,MUTHOOTFIN,,2026-03-30,2026-03-30,3600.0,PE,MUTHOOTFIN26MAR3600PE,205.0,225.0,201.0,221.25,220.8,220.35,3456.9,221.25,53900,0,35,36689991.25,24,F1,275,,,,,
2026-02-18,2026-02-18,FO,NSE,STO,140940,,MUTHOOTFIN,,2026-02-24,2026-02-24,4150.0,PE,MUTHOOTFIN26FEB4150PE,0.0,0.0,0.0,571.65,570.05,571.65,3456.9,689.35,1650,0,0,0.0,0,F1,275,,,,,
2026-02-18,2026-02-18,FO,NSE,STO,119323,,MUTHOOTFIN,,2026-02-24,2026-02-24,4000.0,PE,MUTHOOTFIN26FEB4000PE,510.0,541.75,488.3,530.55,530.55,514.8,3456.9,539.5,205425,-23375,116,143834845.0,74,F1,275,,,,,
2026-02-18,2026-02-18,FO,NSE,STO,119321,,MUTHOOTFIN,,2026-02-24,2026-02-24,3900.0,PE,MUTHOOTFIN26FEB3900PE,393.0,444.1,385.55,438.55,444.1,410.65,3456.9,438.55,123200,-9075,60,71147023.75,43,F1,275,,,,,
2026-02-18,2026-02-18,FO,NSE,STO,140926,,MUTHOOTFIN,,2026-02-24,2026-02-24,3750.0,PE,MUTHOOTFIN26FEB3750PE,274.0,305.0,269.05,292.7,293.35,274.0,3456.9,292.7,59950,-2750,38,42144217.5,37,F1,275,,,,,
2026-02-18,2026-02-18,FO,NSE,STO,143402,,MUTHOOTFIN,,2026-04-28,2026-04-28,4500.0,CE,MUTHOOTFIN26APR4500CE,0.0,0.0,0.0,89.4,0.0,89.4,3456.9,12.5,0,0,0,0.0,0,F1,275,,,,,
2026-02-18,2026-02-18,FO,NSE,STO,38183,,MUTHOOTFIN,,2026-02-24,2026-02-24,4700.0,CE,MUTHOOTFIN26FEB4700CE,0.9,1.2,0.6,0.7,0.65,1.25,3456.9,0.7,260150,-58575,354,457623306.25,196,F1,275,,,,,
2026-02-18,2026-02-18,FO,NSE,STO,119335,,MUTHOOTFIN,,2026-02-24,2026-02-24,4200.0,CE,MUTHOOTFIN26FEB4200CE,2.4,2.8,1.0,1.2,1.1,2.6,3456.9,1.2,619300,-106425,1370,1582926015.0,960,F1,275,,,,,
2026-02-18,2026-02-18,FO,NSE,STO,143397,,MUTHOOTFIN,,2026-04-28,2026-04-28,4200.0,PE,MUTHOOTFIN26APR4200PE,0.0,0.0,0.0,431.95,0.0,431.95,3456.9,732.35,0,0,0,0.0,0,F1,275,,,,,
2026-02-18,2026-02-18,FO,NSE,STO,143389,,MUTHOOTFIN,,2026-04-28,2026-04-28,3800.0,PE,MUTHOOTFIN26APR3800PE,0.0,0.0,0.0,205.8,0.0,205.8,3456.9,405.3,0,0,0,0.0,0,F1,275,,,,,
2026-02-18,2026-02-18,FO,NSE,STO,143257,,MUTHOOTFIN,,2026-03-30,2026-03-30,3650.0,PE,MUTHOOTFIN26MAR3650PE,0.0,0.0,0.0,97.15,97.15,97.15,3456.9,264.8,550,0,0,0.0,0,F1,275,,,,,
2026-02-18,2026-02-18,FO,NSE,STF,66904,,MUTHOOTFIN,,2026-04-28,2026-04-28,,,MUTHOOTFIN26APRFUT,3546.5,3551.0,3485.0,3489.8,3490.0,3521.9,3456.9,3489.8,79750,7975,70,67623435.0,63,F1,275,,,,,
2026-02-18,2026-02-18,FO,NSE,STO,119320,,MUTHOOTFIN,,2026-02-24,2026-02-24,3900.0,CE,MUTHOOTFIN26FEB3900CE,6.0,7.25,2.75,3.0,3.1,7.15,3456.9,3.0,640475,-182325,3346,3592210132.5,2428,F1,275,,,,,
2026-02-18,2026-02-18,FO,NSE,STO,119318,,MUTHOOTFIN,,2026-02-24,2026-02-24,3800.0,CE,MUTHOOTFIN26FEB3800CE,10.0,11.9,4.45,4.8,4.7,12.0,3456.9,4.8,765050,-171600,5007,5241893387.5,3405,F1,275,,,,,
2026-02-18,2026-02-18,FO,NSE,STO,119304,,MUTHOOTFIN,,2026-02-24,2026-02-24,3100.0,CE,MUTHOOTFIN26FEB3100CE,0.0,0.0,0.0,678.45,0.0,678.45,3456.9,360.1,0,0,0,0.0,0,F1,275,,,,,
2026-02-18,2026-02-18,FO,NSE,STO,140911,,MUTHOOTFIN,,2026-02-24,2026-02-24,3050.0,CE,MUTHOOTFIN26FEB3050CE,0.0,0.0,0.0,734.85,734.85,734.85,3456.9,409.75,275,0,0,0.0,0,F1,275,,,,,
2026-02-18,2026-02-18,FO,NSE,STO,143381,,MUTHOOTFIN,,2026-04-28,2026-04-28,3400.0,PE,MUTHOOTFIN26APR3400PE,0.0,0.0,0.0,71.55,0.0,71.55,3456.9,166.15,0,0,0,0.0,0,F1,275,,,,,
2026-02-18,2026-02-18,FO,NSE,STO,143373,,MUTHOOTFIN,,2026-04-28,2026-04-28,3000.0,PE,MUTHOOTFIN26APR3000PE,0.0,0.0,0.0,15.5,0.0,15.5,3456.9,41.75,0,0,0,0.0,0,F1,275,,,,,
2026-02-18,2026-02-18,FO,NSE,STO,119337,,MUTHOOTFIN,,2026-02-24,2026-02-24,4300.0,CE,MUTHOOTFIN26FEB4300CE,2.1,2.1,0.85,0.95,1.0,2.1,3456.9,0.95,265650,-47300,529,625734862.5,439,F1,275,,,,,
2026-02-18,2026-02-18,FO,NSE,STO,143376,,MUTHOOTFIN,,2026-04-28,2026-04-28,3200.0,CE,MUTHOOTFIN26APR3200CE,0.0,0.0,0.0,752.2,0.0,752.2,3456.9,379.95,0,0,0,0.0,0,F1,275,,,,,
2026-02-18,2026-02-18,FO,NSE,STO,143396,,MUTHOOTFIN,,2026-04-28,2026-04-28,4200.0,CE,MUTHOOTFIN26APR4200CE,0.0,0.0,0.0,163.7,0.0,163.7,3456.9,32.7,0,0,0,0.0,0,F1,275,,,,,
2026-02-18,2026-02-18,FO,NSE,STO,140916,,MUTHOOTFIN,,2026-02-24,2026-02-24,3250.0,PE,MUTHOOTFIN26FEB3250PE,12.9,14.15,7.45,8.7,9.7,12.8,3456.9,8.7,67650,-5225,808,724168390.0,641,F1,275,,,,,
2026-02-18,2026-02-18,FO,NSE,STO,141110,,MUTHOOTFIN,,2026-03-30,2026-03-30,3200.0,PE,MUTHOOTFIN26MAR3200PE,52.1,55.85,48.0,53.6,55.0,56.9,3456.9,53.6,66825,6875,156,139513385.0,112,F1,275,,,,,
2026-02-18,2026-02-18,FO,NSE,STO,141112,,MUTHOOTFIN,,2026-03-30,2026-03-30,3300.0,PE,MUTHOOTFIN26MAR3300PE,73.0,84.2,70.6,78.25,79.0,83.2,3456.9,78.25,67925,24475,217,201586233.75,169,F1,275,,,,,
2026-02-18,2026-02-18,FO,NSE,STO,141176,,MUTHOOTFIN,,2026-03-30,2026-03-30,3400.0,PE,MUTHOOTFIN26MAR3400PE,118.0,120.2,102.3,114.9,116.0,117.6,3456.9,114.9,153175,32450,305,294716977.5,250,F1,275,,,,,
2026-02-18,2026-02-18,FO,NSE,STO,143265,,MUTHOOTFIN,,2026-03-30,2026-03-30,4050.0,PE,MUTHOOTFIN26MAR4050PE,0.0,0.0,0.0,567.45,567.45,567.45,3456.9,588.55,1650,0,0,0.0,0,F1,275,,,,,
2026-02-18,2026-02-18,FO,NSE,STO,143273,,MUTHOOTFIN,,2026-03-30,2026-03-30,4450.0,PE,MUTHOOTFIN26MAR4450PE,0.0,0.0,0.0,595.25,0.0,595.25,3456.9,969.25,0,0,0,0.0,0,F1,275,,,,,
2026-02-18,2026-02-18,FO,NSE,STO,141212,,MUTHOOTFIN,,2026-03-30,2026-03-30,4700.0,PE,MUTHOOTFIN26MAR4700PE,0.0,0.0,0.0,880.8,0.0,880.8,3456.9,1215.6,0,0,0,0.0,0,F1,275,,,,,
2026-02-18,2026-02-18,FO,NSE,STO,143377,,MUTHOOTFIN,,2026-04-28,2026-04-28,3200.0,PE,MUTHOOTFIN26APR3200PE,0.0,0.0,0.0,35.8,0.0,35.8,3456.9,89.95,0,0,0,0.0,0,F1,275,,,,,
2026-02-18,2026-02-18,FO,NSE,STF,59426,,MUTHOOTFIN,,2026-02-24,2026-02-24,,,MUTHOOTFIN26FEBFUT,3490.0,3524.0,3447.3,3462.6,3458.4,3493.3,3456.9,3462.6,5103450,-334400,5527,5293708145.0,4894,F1,275,,,,,
2026-02-18,2026-02-18,FO,NSE,STO,119339,,MUTHOOTFIN,,2026-02-24,2026-02-24,4300.0,PE,MUTHOOTFIN26FEB4300PE,0.0,0.0,0.0,804.0,804.0,804.0,3456.9,839.2,7150,0,0,0.0,0,F1,275,,,,,
2026-02-18,2026-02-18,FO,NSE,STO,119301,,MUTHOOTFIN,,2026-02-24,2026-02-24,2900.0,PE,MUTHOOTFIN26FEB2900PE,1.1,1.6,0.4,0.6,1.35,1.55,3456.9,0.6,49225,-11550,608,484997645.0,429,F1,275,,,,,
2026-02-18,2026-02-18,FO,NSE,STO,141192,,MUTHOOTFIN,,2026-03-30,2026-03-30,3700.0,PE,MUTHOOTFIN26MAR3700PE,281.9,290.1,264.75,284.0,284.0,281.9,3456.9,299.65,32450,6600,28,30593337.5,22,F1,275,,,,,
2026-02-18,2026-02-18,FO,NSE,STO,143270,,MUTHOOTFIN,,2026-03-30,2026-03-30,4350.0,CE,MUTHOOTFIN26MAR4350CE,0.0,0.0,0.0,37.25,37.25,37.25,3456.9,4.85,3300,0,0,0.0,0,F1,275,,,,,
2026-02-18,2026-02-18,FO,NSE,STO,149733,,PFC,,2026-04-28,2026-04-28,435.0,PE,PFC26APR435PE,0.0,0.0,0.0,75.4,0.0,75.4,420.45,30.4,0,0,0,0.0,0,F1,1300,,,,,
2026-02-18,2026-02-18,FO,NSE,STO,149430,,PFC,,2026-02-24,2026-02-24,425.0,PE,PFC26FEB425PE,12.7,12.7,9.0,10.85,11.25,14.45,420.45,10.85,713700,26000,191,108306120.0,171,F1,1300,,,,,
2026-02-18,2026-02-18,FO,NSE,STO,125662,,PFC,,2026-02-24,2026-02-24,370.0,PE,PFC26FEB370PE,0.45,0.45,0.2,0.25,0.2,0.5,420.45,0.25,1173900,-115700,266,128046685.0,128,F1,1300,,,,,
2026-02-18,2026-02-18,FO,NSE,STO,149376,,PFC,,2026-02-24,2026-02-24,335.0,PE,PFC26FEB335PE,0.1,0.15,0.1,0.1,0.1,0.3,420.45,0.05,62400,-11700,10,4356430.0,8,F1,1300,,,,,
2026-02-18,2026-02-18,FO,NSE,STO,125650,,PFC,,2026-02-24,2026-02-24,310.0,PE,PFC26FEB310PE,0.1,0.1,0.05,0.05,0.05,0.1,420.45,0.05,46800,-11700,12,4836845.0,12,F1,1300,,,,,
2026-02-18,2026-02-18,FO,NSE,STO,149738,,PFC,,2026-04-28,2026-04-28,450.0,CE,PFC26APR450CE,0.0,0.0,0.0,6.5,0.0,6.5,420.45,14.95,0,0,0,0.0,0,F1,1300,,,,,
2026-02-18,2026-02-18,FO,NSE,STO,149736,,PFC,,2026-04-28,2026-04-28,445.0,CE,PFC26APR445CE,0.0,0.0,0.0,7.15,0.0,7.15,420.45,16.6,0,0,0,0.0,0,F1,1300,,,,,
2026-02-18,2026-02-18,FO,NSE,STO,149718,,PFC,,2026-04-28,2026-04-28,420.0,CE,PFC26APR420CE,0.0,0.0,0.0,11.6,0.0,11.6,420.45,27.05,0,0,0,0.0,0,F1,1300,,,,,
2026-02-18,2026-02-18,FO,NSE,STO,149652,,PFC,,2026-04-28,2026-04-28,390.0,CE,PFC26APR390CE,0.0,0.0,0.0,19.85,0.0,19.85,420.45,44.85,0,0,0,0.0,0,F1,1300,,,,,
2026-02-18,2026-02-18,FO,NSE,STO,149632,,PFC,,2026-04-28,2026-04-28,340.0,CE,PFC26APR340CE,0.0,0.0,0.0,43.2,0.0,43.2,420.45,85.55,0,0,0,0.0,0,F1,1300,,,,,
2026-02-18,2026-02-18,FO,NSE,STO,149628,,PFC,,2026-04-28,2026-04-28,330.0,CE,PFC26APR330CE,0.0,0.0,0.0,49.5,0.0,49.5,420.45,94.85,0,0,0,0.0,0,F1,1300,,,,,
2026-02-18,2026-02-18,FO,NSE,STO,149681,,PFC,,2026-03-30,2026-03-30,360.0,CE,PFC26MAR360CE,0.0,0.0,0.0,57.25,57.25,57.25,420.45,64.1,3900,0,0,0.0,0,F1,1300,,,,,
2026-02-18,2026-02-18,FO,NSE,STO,149671,,PFC,,2026-03-30,2026-03-30,350.0,CE,PFC26MAR350CE,70.0,70.0,68.5,68.5,68.5,64.6,420.45,73.35,23400,1300,2,1090050.0,2,F1,1300,,,,,
2026-02-18,2026-02-18,FO,NSE,STO,149653,,PFC,,2026-04-28,2026-04-28,390.0,PE,PFC26APR390PE,0.0,0.0,0.0,42.2,0.0,42.2,420.45,10.35,0,0,0,0.0,0,F1,1300,,,,,
2026-02-18,2026-02-18,FO,NSE,STO,149643,,PFC,,2026-04-28,2026-04-28,365.0,PE,PFC26APR365PE,0.0,0.0,0.0,27.6,0.0,27.6,420.45,4.55,0,0,0,0.0,0,F1,1300,,,,,
2026-02-18,2026-02-18,FO,NSE,STO,149483,,PFC,,2026-03-30,2026-03-30,372.5,PE,PFC26MAR372.5PE,0.0,0.0,0.0,3.4,3.4,3.4,420.45,2.85,3900,0,0,0.0,0,F1,1300,,,,,
2026-02-18,2026-02-18,FO,NSE,STO,125680,,PFC,,2026-02-24,2026-02-24,460.0,PE,PFC26FEB460PE,0.0,0.0,0.0,97.75,0.0,97.75,420.45,39.3,0,0,0,0.0,0,F1,1300,,,,,
2026-02-18,2026-02-18,FO,NSE,STO,36297,,PFC,,2026-02-24,2026-02-24,442.5,PE,PFC26FEB442.5PE,0.0,0.0,0.0,85.65,0.0,85.65,420.45,22.8,0,0,0,0.0,0,F1,1300,,,,,
2026-02-18,2026-02-18,FO,NSE,STO,125663,,PFC,,2026-02-24,2026-02-24,380.0,CE,PFC26FEB380CE,37.0,39.25,36.35,36.35,36.35,34.3,420.45,40.85,817700,-16900,39,21181290.0,24,F1,1300,,,,,
2026-02-18,2026-02-18,FO,NSE,STO,149708,,PFC,,2026-03-30,2026-03-30,425.0,PE,PFC26MAR425PE,18.0,18.5,16.5,17.85,17.85,24.7,420.45,19.9,58500,35100,34,19568445.0,34,F1,1300,,,,,
2026-02-18,2026-02-18,FO,NSE,STO,149505,,PFC,,2026-03-30,2026-03-30,427.5,PE,PFC26MAR427.5PE,0.0,0.0,0.0,67.3,0.0,67.3,420.45,21.25,0,0,0,0.0,0,F1,1300,,,,,
2026-02-18,2026-02-18,FO,NSE,STO,149787,,PFC,,2026-03-30,2026-03-30,470.0,PE,PFC26MAR470PE,53.0,53.0,53.0,53.0,53.0,56.1,420.45,51.4,1300,1300,1,679900.0,1,F1,1300,,,,,
2026-02-18,2026-02-18,FO,NSE,STO,149645,,PFC,,2026-04-28,2026-04-28,370.0,PE,PFC26APR370PE,0.0,0.0,0.0,30.3,0.0,30.3,420.45,5.45,0,0,0,0.0,0,F1,1300,,,,,
2026-02-18,2026-02-18,FO,NSE,STO,149649,,PFC,,2026-04-28,2026-04-28,380.0,PE,PFC26APR380PE,0.0,0.0,0.0,36.0,0.0,36.0,420.45,7.6,0,0,0,0.0,0,F1,1300,,,,,
2026-02-18,2026-02-18,FO,NSE,STO,149737,,PFC,,2026-04-28,2026-04-28,445.0,PE,PFC26APR445PE,0.0,0.0,0.0,83.7,0.0,83.7,420.45,36.55,0,0,0,0.0,0,F1,1300,,,,,
2026-02-18,2026-02-18,FO,NSE,STO,149743,,PFC,,2026-04-28,2026-04-28,470.0,PE,PFC26APR470PE,0.0,0.0,0.0,105.45,0.0,105.45,420.45,54.25,0,0,0,0.0,0,F1,1300,,,,,
2026-02-18,2026-02-18,FO,NSE,STO,149387,,PFC,,2026-02-24,2026-02-24,355.0,CE,PFC26FEB355CE,0.0,0.0,0.0,55.3,55.3,55.3,420.45,65.75,133900,0,0,0.0,0,F1,1300,,,,,
2026-02-18,2026-02-18,FO,NSE,STO,125657,,PFC,,2026-02-24,2026-02-24,350.0,CE,PFC26FEB350CE,64.15,69.0,64.15,66.75,66.75,64.05,420.45,70.75,525200,-3900,31,16758365.0,18,F1,1300,,,,,
2026-02-18,2026-02-18,FO,NSE,STO,149644,,PFC,,2026-04-28,2026-04-28,370.0,CE,PFC26APR370CE,0.0,0.0,0.0,27.6,0.0,27.6,420.45,59.7,0,0,0,0.0,0,F1,1300,,,,,
2026-02-18,2026-02-18,FO,NSE,STO,149648,,PFC,,2026-04-28,2026-04-28,380.0,CE,PFC26APR380CE,0.0,0.0,0.0,23.45,0.0,23.45,420.45,52.0,0,0,0,0.0,0,F1,1300,,,,,
2026-02-18,2026-02-18,FO,NSE,STO,125658,,PFC,,2026-02-24,2026-02-24,350.0,PE,PFC26FEB350PE,0.2,0.25,0.1,0.1,0.1,0.25,420.45,0.1,893100,-65000,152,69193995.0,68,F1,1300,,,,,
2026-02-18,2026-02-18,FO,NSE,STO,149394,,PFC,,2026-02-24,2026-02-24,365.0,PE,PFC26FEB365PE,0.35,0.35,0.15,0.15,0.15,0.35,420.45,0.05,351000,-41600,95,45101940.0,63,F1,1300,,,,,
2026-02-18,2026-02-18,FO,NSE,STO,149412,,PFC,,2026-02-24,2026-02-24,395.0,PE,PFC26FEB395PE,1.05,1.05,0.55,0.6,0.55,1.35,420.45,0.6,839800,-141700,429,220727715.0,308,F1,1300,,,,,
2026-02-18,2026-02-18,FO,NSE,STO,149414,,PFC,,2026-02-24,2026-02-24,397.5,PE,PFC26FEB397.5PE,1.4,1.4,0.75,0.8,0.75,1.7,420.45,0.8,254800,-93600,275,142479415.0,209,F1,1300,,,,,
2026-02-18,2026-02-18,FO,NSE,STO,149422,,PFC,,2026-02-24,2026-02-24,412.5,PE,PFC26FEB412.5PE,5.05,5.05,3.05,3.65,3.75,6.15,420.45,3.65,189800,59800,829,449015385.0,759,F1,1300,,,,,
2026-02-18,2026-02-18,FO,NSE,STO,149612,,PFC,,2026-03-30,2026-03-30,335.0,PE,PFC26MAR335PE,0.0,0.0,0.0,1.5,1.5,1.5,420.45,0.3,3900,0,0,0.0,0,F1,1300,,,,,
2026-02-18,2026-02-18,FO,NSE,STO,149682,,PFC,,2026-03-30,2026-03-30,360.0,PE,PFC26MAR360PE,1.9,1.9,1.5,1.7,1.7,2.05,420.45,1.7,1427400,106600,143,67236325.0,96,F1,1300,,,,,
2026-02-18,2026-02-18,FO,NSE,STO,149694,,PFC,,2026-03-30,2026-03-30,390.0,PE,PFC26MAR390PE,4.75,4.85,3.95,4.65,4.65,5.4,420.45,6.25,287300,16900,88,45132555.0,65,F1,1300,,,,,
2026-02-18,2026-02-18,FO,NSE,STO,149638,,PFC,,2026-04-28,2026-04-28,355.0,CE,PFC26APR355CE,0.0,0.0,0.0,34.8,0.0,34.8,420.45,72.2,0,0,0,0.0,0,F1,1300,,,,,
2026-02-18,2026-02-18,FO,NSE,STO,36308,,PFC,,2026-03-30,2026-03-30,445.0,CE,PFC26MAR445CE,5.4,5.7,5.1,5.1,5.1,5.2,420.45,10.35,24700,11700,20,11710465.0,18,F1,1300,,,,,
2026-02-18,2026-02-18,FO,NSE,STO,149478,,PFC,,2026-03-30,2026-03-30,362.5,CE,PFC26MAR362.5CE,0.0,0.0,0.0,25.2,0.0,25.2,420.45,61.85,0,0,0,0.0,0,F1,1300,,,,,
2026-02-18,2026-02-18,FO,NSE,STO,149476,,PFC,,2026-03-30,2026-03-30,357.5,CE,PFC26MAR357.5CE,0.0,0.0,0.0,27.7,0.0,27.7,420.45,66.4,0,0,0,0.0,0,F1,1300,,,,,
2026-02-18,2026-02-18,FO,NSE,STO,38190,,PFC,,2026-02-24,2026-02-24,447.5,CE,PFC26FEB447.5CE,0.0,0.0,0.0,0.75,0.75,0.75,420.45,0.65,53300,0,0,0.0,0,F1,1300,,,,,
2026-02-18,2026-02-18,FO,NSE,STO,149417,,PFC,,2026-02-24,2026-02-24,405.0,CE,PFC26FEB405CE,13.55,16.6,12.2,13.0,12.9,12.2,420.45,13.0,261300,-67600,190,103422215.0,175,F1,1300,,,,,
2026-02-18,2026-02-18,FO,NSE,STO,149405,,PFC,,2026-02-24,2026-02-24,385.0,CE,PFC26FEB385CE,32.0,32.55,31.25,31.6,31.5,29.15,420.45,31.6,325000,-70200,61,33077460.0,19,F1,1300,,,,,
2026-02-18,2026-02-18,FO,NSE,STO,149639,,PFC,,2026-04-28,2026-04-28,355.0,PE,PFC26APR355PE,0.0,0.0,0.0,22.7,0.0,22.7,420.45,3.05,0,0,0,0.0,0,F1,1300,,,,,
2026-02-18,2026-02-18,FO,NSE,STO,149661,,PFC,,2026-04-28,2026-04-28,410.0,PE,PFC26APR410PE,0.0,0.0,0.0,56.0,0.0,56.0,420.45,17.65,0,0,0,0.0,0,F1,1300,,,,,
2026-02-18,2026-02-18,FO,NSE,STO,149383,,PFC,,2026-02-24,2026-02-24,347.5,CE,PFC26FEB347.5CE,0.0,0.0,0.0,23.3,23.3,23.3,420.45,73.25,3900,0,0,0.0,0,F1,1300,,,,,
2026-02-18,2026-02-18,FO,NSE,STO,125665,,PFC,,2026-02-24,2026-02-24,390.0,CE,PFC26FEB390CE,27.4,30.0,25.55,26.8,26.6,25.0,420.45,26.8,631800,-148200,172,93307045.0,161,F1,1300,,,,,
2026-02-18,2026-02-18,FO,NSE,STO,43754,,PFC,,2026-02-24,2026-02-24,467.5,CE,PFC26FEB467.5CE,0.0,0.0,0.0,0.4,0.4,0.4,420.45,0.05,28600,0,0,0.0,0,F1,1300,,,,,
2026-02-18,2026-02-18,FO,NSE,STO,149605,,PFC,,2026-03-30,2026-03-30,330.0,CE,PFC26MAR330CE,0.0,0.0,0.0,81.35,81.35,81.35,420.45,92.65,1300,0,0,0.0,0,F1,1300,,,,,
2026-02-18,2026-02-18,FO,NSE,STO,149613,,PFC,,2026-03-30,2026-03-30,340.0,CE,PFC26MAR340CE,0.0,0.0,0.0,60.05,60.05,60.05,420.45,82.9,3900,0,0,0.0,0,F1,1300,,,,,
2026-02-18,2026-02-18,FO,NSE,STO,149695,,PFC,,2026-03-30,2026-03-30,395.0,CE,PFC26MAR395CE,0.0,0.0,0.0,17.95,17.95,17.95,420.45,35.4,2600,0,0,0.0,0,F1,1300,,,,,
2026-02-18,2026-02-18,FO,NSE,STO,149709,,PFC,,2026-03-30,2026-03-30,430.0,CE,PFC26MAR430CE,9.95,10.6,8.2,8.95,8.6,8.6,420.45,8.95,2018900,807300,1189,678785705.0,647,F1,1300,,,,,
2026-02-18,2026-02-18,FO,NSE,STO,149510,,PFC,,2026-03-30,2026-03-30,442.5,CE,PFC26MAR442.5CE,0.0,0.0,0.0,4.05,0.0,4.05,420.45,11.1,0,0,0,0.0,0,F1,1300,,,,,
2026-02-18,2026-02-18,FO,NSE,STO,149512,,PFC,,2026-03-30,2026-03-30,447.5,CE,PFC26MAR447.5CE,4.75,5.45,4.6,4.65,4.65,4.6,420.45,9.6,35100,33800,26,15290860.0,24,F1,1300,,,,,
2026-02-18,2026-02-18,FO,NSE,STO,149715,,PFC,,2026-03-30,2026-03-30,450.0,CE,PFC26MAR450CE,4.55,5.2,4.0,4.2,4.15,4.35,420.45,4.2,947700,263900,498,294262475.0,296,F1,1300,,,,,
2026-02-18,2026-02-18,FO,NSE,STO,149717,,PFC,,2026-03-30,2026-03-30,460.0,CE,PFC26MAR460CE,3.2,3.7,2.85,2.9,2.85,3.05,420.45,2.9,96200,49400,75,45158945.0,53,F1,1300,,,,,
2026-02-18,2026-02-18,FO,NSE,STO,149732,,PFC,,2026-04-28,2026-04-28,435.0,CE,PFC26APR435CE,0.0,0.0,0.0,8.7,0.0,8.7,420.45,20.35,0,0,0,0.0,0,F1,1300,,,,,
2026-02-18,2026-02-18,FO,NSE,STO,37411,,PFC,,2026-04-28,2026-04-28,455.0,CE,PFC26APR455CE,0.0,0.0,0.0,10.5,0.0,10.5,420.45,13.4,0,0,0,0.0,0,F1,1300,,,,,
2026-02-18,2026-02-18,FO,NSE,STO,125648,,PFC,,2026-02-24,2026-02-24,300.0,PE,PFC26FEB300PE,0.05,0.05,0.05,0.05,0.05,0.1,420.45,0.05,204100,-1300,1,390065.0,1,F1,1300,,,,,
2026-02-18,2026-02-18,FO,NSE,STO,149364,,PFC,,2026-02-24,2026-02-24,315.0,PE,PFC26FEB315PE,0.7,1.4,0.05,0.05,0.05,0.15,420.45,0.05,16900,-3900,21,8610810.0,15,F1,1300,,,,,
2026-02-18,2026-02-18,FO,NSE,STO,149384,,PFC,,2026-02-24,2026-02-24,347.5,PE,PFC26FEB347.5PE,0.2,0.2,0.1,0.1,0.1,0.35,420.45,0.05,39000,-11700,18,8135205.0,18,F1,1300,,,,,
2026-02-18,2026-02-18,FO,NSE,STO,149386,,PFC,,2026-02-24,2026-02-24,352.5,PE,PFC26FEB352.5PE,0.2,0.2,0.15,0.15,0.15,0.25,420.45,0.05,49400,-6500,38,17422990.0,20,F1,1300,,,,,
2026-02-18,2026-02-18,FO,NSE,STO,149402,,PFC,,2026-02-24,2026-02-24,377.5,PE,PFC26FEB377.5PE,0.4,0.55,0.3,0.3,0.3,0.65,420.45,0.05,380900,-3900,30,14740895.0,26,F1,1300,,,,,
2026-02-18,2026-02-18,FO,NSE,STO,125670,,PFC,,2026-02-24,2026-02-24,410.0,PE,PFC26FEB410PE,4.15,4.25,2.4,2.85,2.85,5.05,420.45,2.85,1047800,-135200,2183,1172913235.0,1406,F1,1300,,,,,
2026-02-18,2026-02-18,FO,NSE,STO,149426,,PFC,,2026-02-24,2026-02-24,417.5,PE,PFC26FEB417.5PE,7.9,7.9,4.95,6.0,6.05,9.0,420.45,6.0,174200,63700,794,437603140.0,771,F1,1300,,,,,
2026-02-18,2026-02-18,FO,NSE,STO,149438,,PFC,,2026-02-24,2026-02-24,437.5,PE,PFC26FEB437.5PE,23.05,23.05,18.95,22.05,22.05,24.8,420.45,18.55,14300,6500,35,20914595.0,35,F1,1300,,,,,
2026-02-18,2026-02-18,FO,NSE,STO,149606,,PFC,,2026-03-30,2026-03-30,330.0,PE,PFC26MAR330PE,0.75,0.8,0.65,0.75,0.75,0.85,420.45,0.2,61100,1300,17,7309900.0,16,F1,1300,,,,,
2026-02-18,2026-02-18,FO,NSE,STO,149493,,PFC,,2026-03-30,2026-03-30,397.5,PE,PFC26MAR397.5PE,0.0,0.0,0.0,13.15,13.15,13.15,420.45,8.35,13000,0,0,0.0,0,F1,1300,,,,,
2026-02-18,2026-02-18,FO,NSE,STO,149698,,PFC,,2026-03-30,2026-03-30,400.0,PE,PFC26MAR400PE,6.7,7.35,5.8,6.65,6.7,8.0,420.45,6.65,799500,39000,311,164433360.0,225,F1,1300,,,,,
2026-02-18,2026-02-18,FO,NSE,STO,149704,,PFC,,2026-03-30,2026-03-30,415.0,PE,PFC26MAR415PE,12.0,13.05,11.3,12.45,12.45,14.0,420.45,12.45,100100,10400,77,42765775.0,68,F1,1300,,,,,
2026-02-18,2026-02-18,FO,NSE,STO,149706,,PFC,,2026-03-30,2026-03-30,420.0,PE,PFC26MAR420PE,16.0,16.0,13.15,14.55,14.65,16.95,420.45,14.55,536900,115700,320,180858275.0,288,F1,1300,,,,,
2026-02-18,2026-02-18,FO,NSE,STO,36309,,PFC,,2026-03-30,2026-03-30,445.0,PE,PFC26MAR445PE,0.0,0.0,0.0,88.95,0.0,88.95,420.45,32.2,0,0,0,0.0,0,F1,1300,,,,,
2026-02-18,2026-02-18,FO,NSE,STO,149513,,PFC,,2026-03-30,2026-03-30,447.5,PE,PFC26MAR447.5PE,0.0,0.0,0.0,84.7,0.0,84.7,420.45,33.95,0,0,0,0.0,0,F1,1300,,,,,
2026-02-18,2026-02-18,FO,NSE,STO,149726,,PFC,,2026-03-30,2026-03-30,460.0,PE,PFC26MAR460PE,44.0,45.0,44.0,44.4,44.4,107.5,420.45,43.3,24700,24700,19,12457120.0,13,F1,1300,,,,,
2026-02-18,2026-02-18,FO,NSE,STO,37398,,PFC,,2026-03-30,2026-03-30,467.5,PE,PFC26MAR467.5PE,0.0,0.0,0.0,84.15,0.0,84.15,420.45,49.3,0,0,0,0.0,0,F1,1300,,,,,
2026-02-18,2026-02-18,FO,NSE,STO,149655,,PFC,,2026-04-28,2026-04-28,395.0,PE,PFC26APR395PE,0.0,0.0,0.0,45.5,0.0,45.5,420.45,11.95,0,0,0,0.0,0,F1,1300,,,,,
2026-02-18,2026-02-18,FO,NSE,STO,149741,,PFC,,2026-04-28,2026-04-28,460.0,PE,PFC26APR460PE,0.0,0.0,0.0,96.6,0.0,96.6,420.45,46.8,0,0,0,0.0,0,F1,1300,,,,,
2026-02-18,2026-02-18,FO,NSE,STO,149375,,PFC,,2026-02-24,2026-02-24,335.0,CE,PFC26FEB335CE,0.0,0.0,0.0,31.3,0.0,31.3,420.45,85.75,0,0,0,0.0,0,F1,1300,,,,,
2026-02-18,2026-02-18,FO,NSE,STO,125667,,PFC,,2026-02-24,2026-02-24,400.0,CE,PFC26FEB400CE,17.55,21.2,16.5,17.45,17.2,15.95,420.45,17.45,2278900,-302900,497,270189595.0,385,F1,1300,,,,,
2026-02-18,2026-02-18,FO,NSE,STO,149419,,PFC,,2026-02-24,2026-02-24,407.5,CE,PFC26FEB407.5CE,11.45,14.6,10.7,11.15,10.85,10.5,420.45,11.15,172900,0,94,51255165.0,89,F1,1300,,,,,
2026-02-18,2026-02-18,FO,NSE,STO,125681,,PFC,,2026-02-24,2026-02-24,470.0,CE,PFC26FEB470CE,0.3,0.3,0.15,0.2,0.15,0.35,420.45,0.2,1114100,-161200,458,279979895.0,107,F1,1300,,,,,
2026-02-18,2026-02-18,FO,NSE,STO,125671,,PFC,,2026-02-24,2026-02-24,420.0,CE,PFC26FEB420CE,4.95,6.65,3.65,4.0,3.8,4.55,420.45,4.0,2808000,-2057900,9688,5351855860.0,6735,F1,1300,,,,,
2026-02-18,2026-02-18,FO,NSE,STO,149441,,PFC,,2026-02-24,2026-02-24,455.0,CE,PFC26FEB455CE,0.6,0.65,0.25,0.3,0.3,0.6,420.45,0.3,513500,280800,556,329192825.0,301,F1,1300,,,,,
2026-02-18,2026-02-18,FO,NSE,STO,125679,,PFC,,2026-02-24,2026-02-24,460.0,CE,PFC26FEB460CE,0.45,0.45,0.25,0.25,0.25,0.45,420.45,0.25,790400,-45500,659,394363970.0,276,F1,1300,,,,,
2026-02-18,2026-02-18,FO,NSE,STO,149443,,PFC,,2026-02-24,2026-02-24,465.0,CE,PFC26FEB465CE,0.35,0.35,0.2,0.2,0.2,0.4,420.45,0.2,127400,9100,17,10282220.0,14,F1,1300,,,,,
2026-02-18,2026-02-18,FO,NSE,STO,149685,,PFC,,2026-03-30,2026-03-30,370.0,CE,PFC26MAR370CE,52.95,53.0,49.0,49.0,49.0,48.0,420.45,55.2,81900,9100,31,16965780.0,18,F1,1300,,,,,
2026-02-18,2026-02-18,FO,NSE,STO,149691,,PFC,,2026-03-30,2026-03-30,385.0,CE,PFC26MAR385CE,36.0,36.5,36.0,36.2,36.2,13.55,420.45,42.85,63700,62400,48,26289770.0,4,F1,1300,,,,,
2026-02-18,2026-02-18,FO,NSE,STO,149498,,PFC,,2026-03-30,2026-03-30,412.5,CE,PFC26MAR412.5CE,17.05,17.05,17.05,17.05,17.05,8.6,420.45,24.3,1300,1300,1,558415.0,1,F1,1300,,,,,
2026-02-18,2026-02-18,FO,NSE,STO,149703,,PFC,,2026-03-30,2026-03-30,415.0,CE,PFC26MAR415CE,15.5,16.8,14.65,15.3,15.25,14.6,420.45,15.3,152100,11700,82,45915610.0,74,F1,1300,,,,,
2026-02-18,2026-02-18,FO,NSE,STO,37397,,PFC,,2026-03-30,2026-03-30,467.5,CE,PFC26MAR467.5CE,0.0,0.0,0.0,4.25,4.25,4.25,420.45,5.1,16900,0,0,0.0,0,F1,1300,,,,,
2026-02-18,2026-02-18,FO,NSE,STO,149730,,PFC,,2026-04-28,2026-04-28,430.0,CE,PFC26APR430CE,0.0,0.0,0.0,9.6,0.0,9.6,420.45,22.4,0,0,0,0.0,0,F1,1300,,,,,
2026-02-18,2026-02-18,FO,NSE,STO,149372,,PFC,,2026-02-24,2026-02-24,327.5,PE,PFC26FEB327.5PE,0.15,0.15,0.05,0.05,0.05,1.25,420.45,0.05,70200,-31200,27,11500190.0,19,F1,1300,,,,,
2026-02-18,2026-02-18,FO,NSE,STO,149408,,PFC,,2026-02-24,2026-02-24,387.5,PE,PFC26FEB387.5PE,0.7,0.75,0.35,0.35,0.35,0.9,420.45,0.35,187200,10400,75,37832795.0,69,F1,1300,,,,,
2026-02-18,2026-02-18,FO,NSE,STO,149416,,PFC,,2026-02-24,2026-02-24,402.5,PE,PFC26FEB402.5PE,1.9,2.05,1.1,1.3,1.3,2.6,420.45,1.3,341900,127400,501,263119415.0,431,F1,1300,,,,,
2026-02-18,2026-02-18,FO,NSE,STO,125672,,PFC,,2026-02-24,2026-02-24,420.0,PE,PFC26FEB420PE,8.75,9.45,6.1,7.5,7.6,10.5,420.45,7.5,1023100,63700,1412,785330130.0,1258,F1,1300,,,,,
2026-02-18,2026-02-18,FO,NSE,STO,40172,,PFC,,2026-02-24,2026-02-24,457.5,PE,PFC26FEB457.5PE,0.0,0.0,0.0,80.95,0.0,80.95,420.45,36.85,0,0,0,0.0,0,F1,1300,,,,,
2026-02-18,2026-02-18,FO,NSE,STO,149678,,PFC,,2026-03-30,2026-03-30,350.0,PE,PFC26MAR350PE,1.2,1.25,1.15,1.2,1.15,1.5,420.45,1.2,152100,14300,31,14154140.0,24,F1,1300,,,,,
2026-02-18,2026-02-18,FO,NSE,STO,149680,,PFC,,2026-03-30,2026-03-30,355.0,PE,PFC26MAR355PE,0.0,0.0,0.0,1.75,1.75,1.75,420.45,1.1,9100,0,0,0.0,0,F1,1300,,,,,
2026-02-18,2026-02-18,FO,NSE,STO,149477,,PFC,,2026-03-30,2026-03-30,357.5,PE,PFC26MAR357.5PE,0.0,0.0,0.0,19.8,0.0,19.8,420.45,1.3,0,0,0,0.0,0,F1,1300,,,,,
2026-02-18,2026-02-18,FO,NSE,STO,149686,,PFC,,2026-03-30,2026-03-30,370.0,PE,PFC26MAR370PE,2.2,2.3,2.0,2.1,2.15,2.65,420.45,2.1,361400,-10400,38,18384340.0,34,F1,1300,,,,,
2026-02-18,2026-02-18,FO,NSE,STO,149497,,PFC,,2026-03-30,2026-03-30,407.5,PE,PFC26MAR407.5PE,9.2,9.25,8.65,8.7,8.7,13.5,420.45,11.8,10400,7800,10,5414305.0,7,F1,1300,,,,,
2026-02-18,2026-02-18,FO,NSE,STO,149702,,PFC,,2026-03-30,2026-03-30,410.0,PE,PFC26MAR410PE,10.15,11.0,8.8,10.1,10.2,11.85,420.45,10.1,250900,-22100,156,85195370.0,106,F1,1300,,,,,
2026-02-18,2026-02-18,FO,NSE,STO,149499,,PFC,,2026-03-30,2026-03-30,412.5,PE,PFC26MAR412.5PE,0.0,0.0,0.0,55.1,0.0,55.1,420.45,13.85,0,0,0,0.0,0,F1,1300,,,,,
2026-02-18,2026-02-18,FO,NSE,STO,37394,,PFC,,2026-03-30,2026-03-30,457.5,PE,PFC26MAR457.5PE,0.0,0.0,0.0,75.45,0.0,75.45,420.45,41.35,0,0,0,0.0,0,F1,1300,,,,,
2026-02-18,2026-02-18,FO,NSE,STO,149637,,PFC,,2026-04-28,2026-04-28,350.0,PE,PFC26APR350PE,0.0,0.0,0.0,20.45,0.0,20.45,420.45,2.5,0,0,0,0.0,0,F1,1300,,,,,
2026-02-18,2026-02-18,FO,NSE,STO,149719,,PFC,,2026-04-28,2026-04-28,420.0,PE,PFC26APR420PE,0.0,0.0,0.0,63.55,0.0,63.55,420.45,22.3,0,0,0,0.0,0,F1,1300,,,,,
2026-02-18,2026-02-18,FO,NSE,STO,149435,,PFC,,2026-02-24,2026-02-24,435.0,CE,PFC26FEB435CE,1.7,2.1,0.95,1.1,1.0,1.55,420.45,1.1,778700,-31200,884,501641010.0,592,F1,1300,,,,,
2026-02-18,2026-02-18,FO,NSE,STO,149399,,PFC,,2026-02-24,2026-02-24,375.0,CE,PFC26FEB375CE,41.5,41.5,41.5,41.5,41.5,34.85,420.45,41.5,273000,-2600,2,1082900.0,1,F1,1300,,,,,
2026-02-18,2026-02-18,FO,NSE,STO,149397,,PFC,,2026-02-24,2026-02-24,372.5,CE,PFC26FEB372.5CE,0.0,0.0,0.0,40.25,40.25,40.25,420.45,48.3,93600,0,0,0.0,0,F1,1300,,,,,
2026-02-18,2026-02-18,FO,NSE,STO,149389,,PFC,,2026-02-24,2026-02-24,357.5,CE,PFC26FEB357.5CE,0.0,0.0,0.0,54.7,54.7,54.7,420.45,63.25,215800,0,0,0.0,0,F1,1300,,,,,
2026-02-18,2026-02-18,FO,NSE,STO,125649,,PFC,,2026-02-24,2026-02-24,310.0,CE,PFC26FEB310CE,0.0,0.0,0.0,96.0,96.0,96.0,420.45,110.75,26000,0,0,0.0,0,F1,1300,,,,,
2026-02-18,2026-02-18,FO,NSE,STF,66966,,PFC,,2026-04-28,2026-04-28,,,PFC26APRFUT,419.15,424.3,418.15,420.4,420.15,417.65,420.45,420.4,564200,57200,176,96270395.0,153,F1,1300,,,,,
2026-02-18,2026-02-18,FO,NSE,STO,149514,,PFC,,2026-03-30,2026-03-30,452.5,CE,PFC26MAR452.5CE,4.3,4.55,3.75,3.8,3.8,4.0,420.45,8.25,66300,1300,18,10683010.0,16,F1,1300,,,,,
2026-02-18,2026-02-18,FO,NSE,STO,37395,,PFC,,2026-03-30,2026-03-30,462.5,CE,PFC26MAR462.5CE,2.8,3.25,2.8,3.25,3.25,2.9,420.45,6.0,2600,-3900,3,1815840.0,2,F1,1300,,,,,
2026-02-18,2026-02-18,FO,NSE,STO,149636,,PFC,,2026-04-28,2026-04-28,350.0,CE,PFC26APR350CE,0.0,0.0,0.0,37.45,0.0,37.45,420.45,76.55,0,0,0,0.0,0,F1,1300,,,,,
2026-02-18,2026-02-18,FO,NSE,STO,149646,,PFC,,2026-04-28,2026-04-28,375.0,CE,PFC26APR375CE,0.0,0.0,0.0,25.45,0.0,25.45,420.45,55.8,0,0,0,0.0,0,F1,1300,,,,,
2026-02-18,2026-02-18,FO,NSE,STO,37415,,PFC,,2026-04-28,2026-04-28,465.0,CE,PFC26APR465CE,0.0,0.0,0.0,8.75,0.0,8.75,420.45,10.75,0,0,0,0.0,0,F1,1300,,,,,
2026-02-18,2026-02-18,FO,NSE,STO,125654,,PFC,,2026-02-24,2026-02-24,330.0,PE,PFC26FEB330PE,0.15,0.15,0.05,0.1,0.1,0.2,420.45,0.05,448500,-20800,43,18452135.0,22,F1,1300,,,,,
2026-02-18,2026-02-18,FO,NSE,STO,149374,,PFC,,2026-02-24,2026-02-24,332.5,PE,PFC26FEB332.5PE,0.0,0.0,0.0,0.3,0.3,0.3,420.45,0.05,23400,0,0,0.0,0,F1,1300,,,,,
2026-02-18,2026-02-18,FO,NSE,STO,149406,,PFC,,2026-02-24,2026-02-24,385.0,PE,PFC26FEB385PE,0.65,0.7,0.3,0.35,0.3,0.8,420.45,0.35,427700,-206700,373,186935385.0,230,F1,1300,,,,,
2026-02-18,2026-02-18,FO,NSE,STO,149509,,PFC,,2026-03-30,2026-03-30,437.5,PE,PFC26MAR437.5PE,0.0,0.0,0.0,75.85,0.0,75.85,420.45,27.25,0,0,0,0.0,0,F1,1300,,,,,
2026-02-18,2026-02-18,FO,NSE,STO,149716,,PFC,,2026-03-30,2026-03-30,450.0,PE,PFC26MAR450PE,35.5,35.8,35.5,35.75,35.8,38.65,420.45,35.75,16900,11700,9,5682885.0,6,F1,1300,,,,,
2026-02-18,2026-02-18,FO,NSE,STO,149515,,PFC,,2026-03-30,2026-03-30,452.5,PE,PFC26MAR452.5PE,0.0,0.0,0.0,89.2,0.0,89.2,420.45,37.55,0,0,0,0.0,0,F1,1300,,,,,
2026-02-18,2026-02-18,FO,NSE,STO,149659,,PFC,,2026-04-28,2026-04-28,405.0,PE,PFC26APR405PE,0.0,0.0,0.0,52.4,0.0,52.4,420.45,15.6,0,0,0,0.0,0,F1,1300,,,,,
2026-02-18,2026-02-18,FO,NSE,STO,149739,,PFC,,2026-04-28,2026-04-28,450.0,PE,PFC26APR450PE,0.0,0.0,0.0,87.95,0.0,87.95,420.45,39.8,0,0,0,0.0,0,F1,1300,,,,,
2026-02-18,2026-02-18,FO,NSE,STO,149699,,PFC,,2026-03-30,2026-03-30,405.0,CE,PFC26MAR405CE,22.0,22.0,21.0,21.0,21.0,19.85,420.45,28.75,41600,-5200,21,11653525.0,7,F1,1300,,,,,
2026-02-18,2026-02-18,FO,NSE,STO,149494,,PFC,,2026-03-30,2026-03-30,402.5,CE,PFC26MAR402.5CE,0.0,0.0,0.0,10.85,0.0,10.85,420.45,30.35,0,0,0,0.0,0,F1,1300,,,,,
2026-02-18,2026-02-18,FO,NSE,STO,149482,,PFC,,2026-03-30,2026-03-30,372.5,CE,PFC26MAR372.5CE,0.0,0.0,0.0,20.7,0.0,20.7,420.45,53.05,0,0,0,0.0,0,F1,1300,,,,,
2026-02-18,2026-02-18,FO,NSE,STO,40171,,PFC,,2026-02-24,2026-02-24,457.5,CE,PFC26FEB457.5CE,0.0,0.0,0.0,3.25,0.0,3.25,420.45,0.2,0,0,0,0.0,0,F1,1300,,,,,
2026-02-18,2026-02-18,FO,NSE,STO,125675,,PFC,,2026-02-24,2026-02-24,440.0,CE,PFC26FEB440CE,1.15,1.45,0.65,0.7,0.65,1.15,420.45,0.7,915200,-61100,955,547514825.0,623,F1,1300,,,,,
2026-02-18,2026-02-18,FO,NSE,STO,149614,,PFC,,2026-03-30,2026-03-30,340.0,PE,PFC26MAR340PE,0.0,0.0,0.0,1.15,1.15,1.15,420.45,0.4,14300,0,0,0.0,0,F1,1300,,,,,
2026-02-18,2026-02-18,FO,NSE,STO,149444,,PFC,,2026-02-24,2026-02-24,465.0,PE,PFC26FEB465PE,48.45,48.45,48.45,48.45,48.45,61.5,420.45,48.45,3900,0,3,2002455.0,2,F1,1300,,,,,
2026-02-18,2026-02-18,FO,NSE,STO,149382,,PFC,,2026-02-24,2026-02-24,345.0,PE,PFC26FEB345PE,0.15,0.2,0.1,0.2,0.2,0.35,420.45,0.05,45500,-39000,64,28717065.0,47,F1,1300,,,,,
2026-02-18,2026-02-18,FO,NSE,STO,149742,,PFC,,2026-04-28,2026-04-28,470.0,CE,PFC26APR470CE,0.0,0.0,0.0,4.3,0.0,4.3,420.45,9.55,0,0,0,0.0,0,F1,1300,,,,,
2026-02-18,2026-02-18,FO,NSE,STO,149660,,PFC,,2026-04-28,2026-04-28,410.0,CE,PFC26APR410CE,0.0,0.0,0.0,13.95,0.0,13.95,420.45,32.35,0,0,0,0.0,0,F1,1300,,,,,
2026-02-18,2026-02-18,FO,NSE,STO,38200,,PFC,,2026-03-30,2026-03-30,455.0,CE,PFC26MAR455CE,3.9,4.15,3.45,3.45,3.45,3.6,420.45,3.45,10400,9100,7,4175405.0,6,F1,1300,,,,,
2026-02-18,2026-02-18,FO,NSE,STO,149506,,PFC,,2026-03-30,2026-03-30,432.5,CE,PFC26MAR432.5CE,8.05,8.8,7.65,8.25,8.25,7.95,420.45,14.7,31200,1300,14,8022430.0,13,F1,1300,,,,,
2026-02-18,2026-02-18,FO,NSE,STO,149490,,PFC,,2026-03-30,2026-03-30,392.5,CE,PFC26MAR392.5CE,0.0,0.0,0.0,12.3,12.3,12.3,420.45,37.2,1300,0,0,0.0,0,F1,1300,,,,,
2026-02-18,2026-02-18,FO,NSE,STO,149687,,PFC,,2026-03-30,2026-03-30,375.0,CE,PFC26MAR375CE,0.0,0.0,0.0,43.0,43.0,43.0,420.45,50.95,0,0,0,0.0,0,F1,1300,,,,,
2026-02-18,2026-02-18,FO,NSE,STO,149615,,PFC,,2026-03-30,2026-03-30,345.0,CE,PFC26MAR345CE,0.0,0.0,0.0,32.5,0.0,32.5,420.45,78.1,0,0,0,0.0,0,F1,1300,,,,,
2026-02-18,2026-02-18,FO,NSE,STO,149429,,PFC,,2026-02-24,2026-02-24,425.0,CE,PFC26FEB425CE,3.55,4.65,2.4,2.5,2.45,3.1,420.45,2.5,2243800,549900,4885,2720887585.0,3280,F1,1300,,,,,
2026-02-18,2026-02-18,FO,NSE,STO,37396,,PFC,,2026-03-30,2026-03-30,462.5,PE,PFC26MAR462.5PE,0.0,0.0,0.0,79.75,0.0,79.75,420.45,45.25,0,0,0,0.0,0,F1,1300,,,,,
2026-02-18,2026-02-18,FO,NSE,STO,125674,,PFC,,2026-02-24,2026-02-24,430.0,PE,PFC26FEB430PE,15.85,16.05,12.6,15.0,15.4,17.85,420.45,15.0,85800,14300,94,54366975.0,94,F1,1300,,,,,
2026-02-18,2026-02-18,FO,NSE,STO,37416,,PFC,,2026-04-28,2026-04-28,465.0,PE,PFC26APR465PE,0.0,0.0,0.0,83.65,0.0,83.65,420.45,50.45,0,0,0,0.0,0,F1,1300,,,,,
2026-02-18,2026-02-18,FO,NSE,STO,149731,,PFC,,2026-04-28,2026-04-28,430.0,PE,PFC26APR430PE,0.0,0.0,0.0,71.35,0.0,71.35,420.45,27.5,0,0,0,0.0,0,F1,1300,,,,,
2026-02-18,2026-02-18,FO,NSE,STO,149485,,PFC,,2026-03-30,2026-03-30,377.5,PE,PFC26MAR377.5PE,0.0,0.0,0.0,4.25,4.25,4.25,420.45,3.65,2600,0,0,0.0,0,F1,1300,,,,,
2026-02-18,2026-02-18,FO,NSE,STO,38201,,PFC,,2026-03-30,2026-03-30,455.0,PE,PFC26MAR455PE,0.0,0.0,0.0,91.15,0.0,91.15,420.45,39.45,0,0,0,0.0,0,F1,1300,,,,,
2026-02-18,2026-02-18,FO,NSE,STO,149511,,PFC,,2026-03-30,2026-03-30,442.5,PE,PFC26MAR442.5PE,0.0,0.0,0.0,80.25,0.0,80.25,420.45,30.5,0,0,0,0.0,0,F1,1300,,,,,
2026-02-18,2026-02-18,FO,NSE,STO,149712,,PFC,,2026-03-30,2026-03-30,435.0,PE,PFC26MAR435PE,0.0,0.0,0.0,85.45,0.0,85.45,420.45,25.65,0,0,0,0.0,0,F1,1300,,,,,
2026-02-18,2026-02-18,FO,NSE,STO,149487,,PFC,,2026-03-30,2026-03-30,382.5,PE,PFC26MAR382.5PE,3.35,3.35,3.35,3.35,3.35,33.7,420.45,4.55,1300,1300,1,501605.0,1,F1,1300,,,,,
2026-02-18,2026-02-18,FO,NSE,STO,149684,,PFC,,2026-03-30,2026-03-30,365.0,PE,PFC26MAR365PE,1.9,1.9,1.7,1.9,1.9,2.25,420.45,1.95,39000,-5200,24,11441950.0,13,F1,1300,,,,,
2026-02-18,2026-02-18,FO,NSE,STO,38195,,PFC,,2026-02-24,2026-02-24,452.5,PE,PFC26FEB452.5PE,0.0,0.0,0.0,87.85,0.0,87.85,420.45,32.0,0,0,0,0.0,0,F1,1300,,,,,
2026-02-18,2026-02-18,FO,NSE,STO,125676,,PFC,,2026-02-24,2026-02-24,440.0,PE,PFC26FEB440PE,24.5,25.3,21.15,24.3,24.55,26.85,420.45,24.3,53300,-9100,61,36808980.0,57,F1,1300,,,,,
2026-02-18,2026-02-18,FO,NSE,STO,149436,,PFC,,2026-02-24,2026-02-24,435.0,PE,PFC26FEB435PE,20.1,20.45,16.8,19.45,19.65,29.4,420.45,19.45,32500,-7800,48,28365870.0,47,F1,1300,,,,,
2026-02-18,2026-02-18,FO,NSE,STO,125668,,PFC,,2026-02-24,2026-02-24,400.0,PE,PFC26FEB400PE,2.15,2.15,0.9,1.0,1.0,2.1,420.45,1.0,1835600,-136500,1712,892893105.0,1173,F1,1300,,,,,
2026-02-18,2026-02-18,FO,NSE,STO,125666,,PFC,,2026-02-24,2026-02-24,390.0,PE,PFC26FEB390PE,0.8,0.8,0.4,0.45,0.45,1.0,420.45,0.45,899600,-209300,1101,559042965.0,615,F1,1300,,,,,
2026-02-18,2026-02-18,FO,NSE,STO,149396,,PFC,,2026-02-24,2026-02-24,367.5,PE,PFC26FEB367.5PE,0.15,0.3,0.15,0.2,0.2,0.7,420.45,0.05,136500,-18200,20,9561045.0,17,F1,1300,,,,,
2026-02-18,2026-02-18,FO,NSE,STO,149740,,PFC,,2026-04-28,2026-04-28,460.0,CE,PFC26APR460CE,0.0,0.0,0.0,5.3,0.0,5.3,420.45,12.0,0,0,0,0.0,0,F1,1300,,,,,
2026-02-18,2026-02-18,FO,NSE,STO,149650,,PFC,,2026-04-28,2026-04-28,385.0,CE,PFC26APR385CE,0.0,0.0,0.0,21.6,0.0,21.6,420.45,48.35,0,0,0,0.0,0,F1,1300,,,,,
2026-02-18,2026-02-18,FO,NSE,STO,40191,,PFC,,2026-03-30,2026-03-30,465.0,CE,PFC26MAR465CE,2.55,2.8,2.4,2.45,2.4,2.6,420.45,2.45,50700,-1300,20,12157080.0,14,F1,1300,,,,,
2026-02-18,2026-02-18,FO,NSE,STO,37393,,PFC,,2026-03-30,2026-03-30,457.5,CE,PFC26MAR457.5CE,0.0,0.0,0.0,5.75,0.0,5.75,420.45,7.05,0,0,0,0.0,0,F1,1300,,,,,
2026-02-18,2026-02-18,FO,NSE,STO,149707,,PFC,,2026-03-30,2026-03-30,425.0,CE,PFC26MAR425CE,11.05,12.2,10.4,10.75,10.5,10.5,420.45,10.75,98800,48100,65,36857795.0,58,F1,1300,,,,,
2026-02-18,2026-02-18,FO,NSE,STO,149693,,PFC,,2026-03-30,2026-03-30,390.0,CE,PFC26MAR390CE,33.0,35.6,32.0,32.0,32.0,30.75,420.45,32.0,74100,-5200,27,14882400.0,11,F1,1300,,,,,
2026-02-18,2026-02-18,FO,NSE,STO,149486,,PFC,,2026-03-30,2026-03-30,382.5,CE,PFC26MAR382.5CE,0.0,0.0,0.0,16.85,0.0,16.85,420.45,44.8,0,0,0,0.0,0,F1,1300,,,,,
2026-02-18,2026-02-18,FO,NSE,STO,40173,,PFC,,2026-02-24,2026-02-24,462.5,CE,PFC26FEB462.5CE,0.0,0.0,0.0,0.45,0.45,0.45,420.45,0.1,18200,0,0,0.0,0,F1,1300,,,,,
2026-02-18,2026-02-18,FO,NSE,STO,149439,,PFC,,2026-02-24,2026-02-24,445.0,CE,PFC26FEB445CE,0.95,0.95,0.45,0.55,0.45,0.85,420.45,0.55,287300,-24700,142,82282655.0,119,F1,1300,,,,,
2026-02-18,2026-02-18,FO,NSE,STO,149425,,PFC,,2026-02-24,2026-02-24,417.5,CE,PFC26FEB417.5CE,6.1,7.95,4.7,5.1,4.9,5.35,420.45,5.1,314600,-234000,1614,888480320.0,1499,F1,1300,,,,,
2026-02-18,2026-02-18,FO,NSE,STO,125669,,PFC,,2026-02-24,2026-02-24,410.0,CE,PFC26FEB410CE,10.15,12.9,8.65,9.35,9.0,8.9,420.45,9.35,1305200,-491400,1542,842528700.0,1303,F1,1300,,,,,
2026-02-18,2026-02-18,FO,NSE,STO,149403,,PFC,,2026-02-24,2026-02-24,382.5,CE,PFC26FEB382.5CE,0.0,0.0,0.0,28.25,28.25,28.25,420.45,38.4,192400,0,0,0.0,0,F1,1300,,,,,
2026-02-18,2026-02-18,FO,NSE,STO,149651,,PFC,,2026-04-28,2026-04-28,385.0,PE,PFC26APR385PE,0.0,0.0,0.0,39.05,0.0,39.05,420.45,8.9,0,0,0,0.0,0,F1,1300,,,,,
2026-02-18,2026-02-18,FO,NSE,STO,149633,,PFC,,2026-04-28,2026-04-28,340.0,PE,PFC26APR340PE,0.0,0.0,0.0,16.35,0.0,16.35,420.45,1.6,0,0,0,0.0,0,F1,1300,,,,,
2026-02-18,2026-02-18,FO,NSE,STO,149734,,PFC,,2026-04-28,2026-04-28,440.0,CE,PFC26APR440CE,0.0,0.0,0.0,7.9,0.0,7.9,420.45,18.4,0,0,0,0.0,0,F1,1300,,,,,
2026-02-18,2026-02-18,FO,NSE,STO,125653,,PFC,,2026-02-24,2026-02-24,330.0,CE,PFC26FEB330CE,0.0,0.0,0.0,83.3,84.0,83.3,420.45,90.75,89700,0,0,0.0,0,F1,1300,,,,,
2026-02-18,2026-02-18,FO,NSE,STO,149381,,PFC,,2026-02-24,2026-02-24,345.0,CE,PFC26FEB345CE,0.0,0.0,0.0,70.8,70.8,70.8,420.45,75.75,5200,0,0,0.0,0,F1,1300,,,,,
2026-02-18,2026-02-18,FO,NSE,STO,149401,,PFC,,2026-02-24,2026-02-24,377.5,CE,PFC26FEB377.5CE,0.0,0.0,0.0,22.1,22.1,22.1,420.45,43.35,183300,0,0,0.0,0,F1,1300,,,,,
2026-02-18,2026-02-18,FO,NSE,STO,149431,,PFC,,2026-02-24,2026-02-24,427.5,CE,PFC26FEB427.5CE,2.8,3.8,1.85,2.0,1.9,2.6,420.45,2.0,640900,29900,874,488787585.0,665,F1,1300,,,,,
2026-02-18,2026-02-18,FO,NSE,STO,125673,,PFC,,2026-02-24,2026-02-24,430.0,CE,PFC26FEB430CE,2.3,3.1,1.35,1.5,1.4,2.15,420.45,1.5,2182700,302900,5017,2819329890.0,2587,F1,1300,,,,,
2026-02-18,2026-02-18,FO,NSE,STO,149437,,PFC,,2026-02-24,2026-02-24,437.5,CE,PFC26FEB437.5CE,1.45,1.65,0.75,0.85,0.8,1.35,420.45,0.85,218400,153400,262,149439030.0,219,F1,1300,,,,,
2026-02-18,2026-02-18,FO,NSE,STO,149689,,PFC,,2026-03-30,2026-03-30,380.0,CE,PFC26MAR380CE,42.35,42.6,40.3,40.85,40.85,39.0,420.45,46.8,92300,6500,41,22439625.0,28,F1,1300,,,,,
2026-02-18,2026-02-18,FO,NSE,STO,149496,,PFC,,2026-03-30,2026-03-30,407.5,CE,PFC26MAR407.5CE,0.0,0.0,0.0,17.95,17.95,17.95,420.45,27.2,2600,0,0,0.0,0,F1,1300,,,,,
2026-02-18,2026-02-18,FO,NSE,STO,149711,,PFC,,2026-03-30,2026-03-30,435.0,CE,PFC26MAR435CE,8.0,8.3,7.4,7.5,7.5,7.25,420.45,13.75,31200,6500,11,6332365.0,10,F1,1300,,,,,
2026-02-18,2026-02-18,FO,NSE,STO,149508,,PFC,,2026-03-30,2026-03-30,437.5,CE,PFC26MAR437.5CE,0.0,0.0,0.0,6.3,6.3,6.3,420.45,12.8,2600,0,0,0.0,0,F1,1300,,,,,
2026-02-18,2026-02-18,FO,NSE,STO,149642,,PFC,,2026-04-28,2026-04-28,365.0,CE,PFC26APR365CE,0.0,0.0,0.0,29.85,0.0,29.85,420.45,63.75,0,0,0,0.0,0,F1,1300,,,,,
2026-02-18,2026-02-18,FO,NSE,STO,149656,,PFC,,2026-04-28,2026-04-28,400.0,CE,PFC26APR400CE,0.0,0.0,0.0,16.7,0.0,16.7,420.45,38.3,0,0,0,0.0,0,F1,1300,,,,,
2026-02-18,2026-02-18,FO,NSE,STO,37412,,PFC,,2026-04-28,2026-04-28,455.0,PE,PFC26APR455PE,0.0,0.0,0.0,75.55,0.0,75.55,420.45,43.25,0,0,0,0.0,0,F1,1300,,,,,
2026-02-18,2026-02-18,FO,NSE,STO,149503,,PFC,,2026-03-30,2026-03-30,422.5,PE,PFC26MAR422.5PE,16.8,16.8,16.0,16.3,16.05,23.35,420.45,16.3,11700,3900,3,1711255.0,3,F1,1300,,,,,
2026-02-18,2026-02-18,FO,NSE,STO,149700,,PFC,,2026-03-30,2026-03-30,405.0,PE,PFC26MAR405PE,8.55,8.65,7.95,8.2,8.2,11.0,420.45,8.2,16900,6500,16,8596250.0,13,F1,1300,,,,,
2026-02-18,2026-02-18,FO,NSE,STO,149495,,PFC,,2026-03-30,2026-03-30,402.5,PE,PFC26MAR402.5PE,0.0,0.0,0.0,47.5,0.0,47.5,420.45,9.95,0,0,0,0.0,0,F1,1300,,,,,
2026-02-18,2026-02-18,FO,NSE,STO,149688,,PFC,,2026-03-30,2026-03-30,375.0,PE,PFC26MAR375PE,2.6,2.65,2.3,2.5,2.5,3.0,420.45,3.25,65000,45500,36,17667845.0,33,F1,1300,,,,,
2026-02-18,2026-02-18,FO,NSE,STO,149442,,PFC,,2026-02-24,2026-02-24,455.0,PE,PFC26FEB455PE,39.0,39.0,39.0,39.0,39.0,50.85,420.45,34.4,5200,0,3,1926600.0,1,F1,1300,,,,,
2026-02-18,2026-02-18,FO,NSE,STO,149378,,PFC,,2026-02-24,2026-02-24,337.5,PE,PFC26FEB337.5PE,0.1,0.1,0.1,0.1,0.1,0.4,420.45,0.05,24700,-6500,6,2633280.0,5,F1,1300,,,,,
2026-02-18,2026-02-18,FO,NSE,STO,149380,,PFC,,2026-02-24,2026-02-24,342.5,PE,PFC26FEB342.5PE,0.0,0.0,0.0,0.7,0.75,0.7,420.45,0.05,22100,0,0,0.0,0,F1,1300,,,,,
2026-02-18,2026-02-18,FO,NSE,STO,149390,,PFC,,2026-02-24,2026-02-24,357.5,PE,PFC26FEB357.5PE,0.4,0.4,0.15,0.15,0.15,0.75,420.45,0.05,189800,-23400,59,27434290.0,40,F1,1300,,,,,
2026-02-18,2026-02-18,FO,NSE,STO,149410,,PFC,,2026-02-24,2026-02-24,392.5,PE,PFC26FEB392.5PE,0.95,1.0,0.5,0.5,0.5,1.15,420.45,0.5,345800,-48100,114,58273865.0,90,F1,1300,,,,,
2026-02-18,2026-02-18,FO,NSE,STO,149418,,PFC,,2026-02-24,2026-02-24,405.0,PE,PFC26FEB405PE,2.55,2.8,1.45,1.7,1.65,3.25,420.45,1.7,513500,72800,1167,617374550.0,831,F1,1300,,,,,
2026-02-18,2026-02-18,FO,NSE,STO,149481,,PFC,,2026-03-30,2026-03-30,367.5,PE,PFC26MAR367.5PE,0.0,0.0,0.0,24.9,0.0,24.9,420.45,2.2,0,0,0,0.0,0,F1,1300,,,,,
2026-02-18,2026-02-18,FO,NSE,STO,149657,,PFC,,2026-04-28,2026-04-28,400.0,PE,PFC26APR400PE,0.0,0.0,0.0,48.9,0.0,48.9,420.45,13.7,0,0,0,0.0,0,F1,1300,,,,,
2026-02-18,2026-02-18,FO,NSE,STF,52003,,PFC,,2026-03-30,2026-03-30,,,PFC26MARFUT,417.0,421.9,415.25,417.8,417.8,415.25,420.45,417.8,18684900,1560000,2825,1535096030.0,2279,F1,1300,,,,,
2026-02-18,2026-02-18,FO,NSE,STO,125651,,PFC,,2026-02-24,2026-02-24,320.0,CE,PFC26FEB320CE,0.0,0.0,0.0,84.8,84.8,84.8,420.45,100.75,6500,0,0,0.0,0,F1,1300,,,,,
2026-02-18,2026-02-18,FO,NSE,STO,149395,,PFC,,2026-02-24,2026-02-24,367.5,CE,PFC26FEB367.5CE,0.0,0.0,0.0,41.8,41.8,41.8,420.45,53.3,148200,0,0,0.0,0,F1,1300,,,,,
2026-02-18,2026-02-18,FO,NSE,STO,125661,,PFC,,2026-02-24,2026-02-24,370.0,CE,PFC26FEB370CE,46.85,49.9,46.0,46.4,46.45,44.5,420.45,46.4,637000,-67600,84,45592690.0,30,F1,1300,,,,,
2026-02-18,2026-02-18,FO,NSE,STO,149423,,PFC,,2026-02-24,2026-02-24,415.0,CE,PFC26FEB415CE,7.35,9.4,5.85,6.3,6.05,6.4,420.45,6.3,971100,-624000,2247,1233182145.0,1948,F1,1300,,,,,
2026-02-18,2026-02-18,FO,NSE,STO,149427,,PFC,,2026-02-24,2026-02-24,422.5,CE,PFC26FEB422.5CE,4.3,5.55,2.95,3.2,3.05,3.75,420.45,3.2,344500,139100,2723,1510019225.0,2126,F1,1300,,,,,
2026-02-18,2026-02-18,FO,NSE,STO,149433,,PFC,,2026-02-24,2026-02-24,432.5,CE,PFC26FEB432.5CE,2.0,2.5,1.2,1.25,1.2,1.85,420.45,1.25,180700,72800,267,150736950.0,253,F1,1300,,,,,
2026-02-18,2026-02-18,FO,NSE,STO,149488,,PFC,,2026-03-30,2026-03-30,387.5,CE,PFC26MAR387.5CE,0.0,0.0,0.0,15.15,0.0,15.15,420.45,40.9,0,0,0,0.0,0,F1,1300,,,,,
2026-02-18,2026-02-18,FO,NSE,STO,149697,,PFC,,2026-03-30,2026-03-30,400.0,CE,PFC26MAR400CE,25.5,27.0,23.3,24.6,24.5,23.7,420.45,24.6,954200,249600,388,214313255.0,179,F1,1300,,,,,
2026-02-18,2026-02-18,FO,NSE,STO,149701,,PFC,,2026-03-30,2026-03-30,410.0,CE,PFC26MAR410CE,18.75,20.8,17.3,18.05,17.9,17.2,420.45,18.05,353600,53300,230,128083930.0,94,F1,1300,,,,,
2026-02-18,2026-02-18,FO,NSE,STO,149500,,PFC,,2026-03-30,2026-03-30,417.5,CE,PFC26MAR417.5CE,14.45,15.3,14.2,15.3,15.3,13.85,420.45,21.6,5200,2600,5,2809235.0,5,F1,1300,,,,,
2026-02-18,2026-02-18,FO,NSE,STO,149504,,PFC,,2026-03-30,2026-03-30,427.5,CE,PFC26MAR427.5CE,0.0,0.0,0.0,5.95,0.0,5.95,420.45,16.8,0,0,0,0.0,0,F1,1300,,,,,
2026-02-18,2026-02-18,FO,NSE,STO,149654,,PFC,,2026-04-28,2026-04-28,395.0,CE,PFC26APR395CE,0.0,0.0,0.0,18.2,0.0,18.2,420.45,41.5,0,0,0,0.0,0,F1,1300,,,,,
2026-02-18,2026-02-18,FO,NSE,STO,149728,,PFC,,2026-04-28,2026-04-28,425.0,CE,PFC26APR425CE,0.0,0.0,0.0,13.0,13.0,13.0,420.45,24.65,1300,0,0,0.0,0,F1,1300,,,,,
2026-02-18,2026-02-18,FO,NSE,STO,149370,,PFC,,2026-02-24,2026-02-24,325.0,PE,PFC26FEB325PE,0.0,0.0,0.0,0.2,0.2,0.2,420.45,0.05,113100,0,0,0.0,0,F1,1300,,,,,
2026-02-18,2026-02-18,FO,NSE,STO,38193,,PFC,,2026-02-24,2026-02-24,447.5,PE,PFC26FEB447.5PE,0.0,0.0,0.0,34.55,34.25,34.55,420.45,27.3,29900,0,0,0.0,0,F1,1300,,,,,
2026-02-18,2026-02-18,FO,NSE,STO,149475,,PFC,,2026-03-30,2026-03-30,352.5,PE,PFC26MAR352.5PE,0.0,0.0,0.0,17.5,0.0,17.5,420.45,0.95,0,0,0,0.0,0,F1,1300,,,,,
2026-02-18,2026-02-18,FO,NSE,STO,149690,,PFC,,2026-03-30,2026-03-30,380.0,PE,PFC26MAR380PE,3.45,3.45,2.85,3.05,3.05,3.7,420.45,3.05,391300,28600,129,64237160.0,92,F1,1300,,,,,
2026-02-18,2026-02-18,FO,NSE,STO,149507,,PFC,,2026-03-30,2026-03-30,432.5,PE,PFC26MAR432.5PE,0.0,0.0,0.0,71.55,0.0,71.55,420.45,24.15,0,0,0,0.0,0,F1,1300,,,,,
2026-02-18,2026-02-18,FO,NSE,STO,149432,,PFC,,2026-02-24,2026-02-24,427.5,PE,PFC26FEB427.5PE,14.55,14.55,10.8,13.25,13.15,18.05,420.45,13.25,28600,7800,63,36095670.0,63,F1,1300,,,,,
2026-02-18,2026-02-18,FO,NSE,STO,149714,,PFC,,2026-03-30,2026-03-30,440.0,PE,PFC26MAR440PE,28.6,28.6,27.1,27.7,27.75,30.5,420.45,27.7,44200,15600,21,12769185.0,19,F1,1300,,,,,
2026-02-18,2026-02-18,FO,NSE,STO,149641,,PFC,,2026-04-28,2026-04-28,360.0,PE,PFC26APR360PE,0.0,0.0,0.0,25.1,0.0,25.1,420.45,3.75,0,0,0,0.0,0,F1,1300,,,,,
2026-02-18,2026-02-18,FO,NSE,STO,149647,,PFC,,2026-04-28,2026-04-28,375.0,PE,PFC26APR375PE,0.0,0.0,0.0,33.1,0.0,33.1,420.45,6.45,0,0,0,0.0,0,F1,1300,,,,,
2026-02-18,2026-02-18,FO,NSE,STO,149663,,PFC,,2026-04-28,2026-04-28,415.0,PE,PFC26APR415PE,0.0,0.0,0.0,59.75,0.0,59.75,420.45,19.9,0,0,0,0.0,0,F1,1300,,,,,
2026-02-18,2026-02-18,FO,NSE,STO,149735,,PFC,,2026-04-28,2026-04-28,440.0,PE,PFC26APR440PE,0.0,0.0,0.0,79.5,0.0,79.5,420.45,33.4,0,0,0,0.0,0,F1,1300,,,,,
2026-02-18,2026-02-18,FO,NSE,STO,43759,,PFC,,2026-02-24,2026-02-24,467.5,PE,PFC26FEB467.5PE,0.0,0.0,0.0,89.7,0.0,89.7,420.45,46.7,0,0,0,0.0,0,F1,1300,,,,,
2026-02-18,2026-02-18,FO,NSE,STO,149392,,PFC,,2026-02-24,2026-02-24,362.5,PE,PFC26FEB362.5PE,0.15,0.15,0.15,0.15,0.15,0.3,420.45,0.05,250900,-27300,56,26400920.0,13,F1,1300,,,,,
2026-02-18,2026-02-18,FO,NSE,STO,149640,,PFC,,2026-04-28,2026-04-28,360.0,CE,PFC26APR360CE,0.0,0.0,0.0,32.25,0.0,32.25,420.45,67.9,0,0,0,0.0,0,F1,1300,,,,,
2026-02-18,2026-02-18,FO,NSE,STO,149705,,PFC,,2026-03-30,2026-03-30,420.0,CE,PFC26MAR420CE,13.05,15.05,11.75,12.85,12.6,12.4,420.45,12.85,804700,172900,642,361515440.0,486,F1,1300,,,,,
2026-02-18,2026-02-18,FO,NSE,STO,149480,,PFC,,2026-03-30,2026-03-30,367.5,CE,PFC26MAR367.5CE,0.0,0.0,0.0,22.9,0.0,22.9,420.45,57.4,0,0,0,0.0,0,F1,1300,,,,,
2026-02-18,2026-02-18,FO,NSE,STO,149489,,PFC,,2026-03-30,2026-03-30,387.5,PE,PFC26MAR387.5PE,0.0,0.0,0.0,6.15,6.15,6.15,420.45,5.65,31200,0,0,0.0,0,F1,1300,,,,,
2026-02-18,2026-02-18,FO,NSE,STO,149683,,PFC,,2026-03-30,2026-03-30,365.0,CE,PFC26MAR365CE,0.0,0.0,0.0,23.5,0.0,23.5,420.45,59.6,0,0,0,0.0,0,F1,1300,,,,,
2026-02-18,2026-02-18,FO,NSE,STO,38194,,PFC,,2026-02-24,2026-02-24,452.5,CE,PFC26FEB452.5CE,0.0,0.0,0.0,0.6,0.6,0.6,420.45,0.4,33800,0,0,0.0,0,F1,1300,,,,,
2026-02-18,2026-02-18,FO,NSE,STO,36296,,PFC,,2026-02-24,2026-02-24,442.5,CE,PFC26FEB442.5CE,1.05,1.05,0.6,0.6,0.6,1.0,420.45,0.6,146900,10400,68,39192140.0,65,F1,1300,,,,,
2026-02-18,2026-02-18,FO,NSE,STO,149415,,PFC,,2026-02-24,2026-02-24,402.5,CE,PFC26FEB402.5CE,16.15,18.75,15.0,15.3,15.3,14.15,420.45,19.75,182000,-11700,43,23394865.0,43,F1,1300,,,,,
2026-02-18,2026-02-18,FO,NSE,STO,149407,,PFC,,2026-02-24,2026-02-24,387.5,CE,PFC26FEB387.5CE,0.0,0.0,0.0,23.25,23.25,23.25,420.45,33.5,111800,0,0,0.0,0,F1,1300,,,,,
2026-02-18,2026-02-18,FO,NSE,STO,149391,,PFC,,2026-02-24,2026-02-24,362.5,CE,PFC26FEB362.5CE,0.0,0.0,0.0,53.0,53.0,53.0,420.45,58.3,213200,0,0,0.0,0,F1,1300,,,,,
2026-02-18,2026-02-18,FO,NSE,STO,149679,,PFC,,2026-03-30,2026-03-30,355.0,CE,PFC26MAR355CE,0.0,0.0,0.0,27.7,0.0,27.7,420.45,68.7,0,0,0,0.0,0,F1,1300,,,,,
2026-02-18,2026-02-18,FO,NSE,STO,125677,,PFC,,2026-02-24,2026-02-24,450.0,CE,PFC26FEB450CE,0.75,0.75,0.35,0.4,0.35,0.7,420.45,0.4,1315600,-575900,1774,1038999715.0,785,F1,1300,,,,,
2026-02-18,2026-02-18,FO,NSE,STO,149413,,PFC,,2026-02-24,2026-02-24,397.5,CE,PFC26FEB397.5CE,20.0,23.45,19.2,19.8,19.8,18.35,420.45,24.1,202800,-10400,25,13578890.0,25,F1,1300,,,,,
2026-02-18,2026-02-18,FO,NSE,STO,149393,,PFC,,2026-02-24,2026-02-24,365.0,CE,PFC26FEB365CE,52.5,52.5,51.75,51.75,51.75,49.1,420.45,55.8,513500,-7800,6,3254550.0,3,F1,1300,,,,,
2026-02-18,2026-02-18,FO,NSE,STO,125659,,PFC,,2026-02-24,2026-02-24,360.0,CE,PFC26FEB360CE,55.55,60.25,55.0,56.55,56.55,52.3,420.45,60.8,997100,-16900,42,22695920.0,21,F1,1300,,,,,
2026-02-18,2026-02-18,FO,NSE,STO,149729,,PFC,,2026-04-28,2026-04-28,425.0,PE,PFC26APR425PE,0.0,0.0,0.0,67.4,0.0,67.4,420.45,24.8,0,0,0,0.0,0,F1,1300,,,,,
2026-02-18,2026-02-18,FO,NSE,STO,125678,,PFC,,2026-02-24,2026-02-24,450.0,PE,PFC26FEB450PE,33.5,33.95,32.5,33.95,33.95,36.75,420.45,29.65,22100,3900,6,3768635.0,6,F1,1300,,,,,
2026-02-18,2026-02-18,FO,NSE,STO,149434,,PFC,,2026-02-24,2026-02-24,432.5,PE,PFC26FEB432.5PE,18.0,18.1,14.7,17.35,17.4,22.05,420.45,17.35,15600,6500,29,16959085.0,29,F1,1300,,,,,
2026-02-18,2026-02-18,FO,NSE,STO,149404,,PFC,,2026-02-24,2026-02-24,382.5,PE,PFC26FEB382.5PE,0.65,0.65,0.4,0.4,0.4,0.7,420.45,0.1,236600,-3900,107,53278680.0,95,F1,1300,,,,,
2026-02-18,2026-02-18,FO,NSE,STO,125660,,PFC,,2026-02-24,2026-02-24,360.0,PE,PFC26FEB360PE,0.25,0.35,0.15,0.15,0.15,0.35,420.45,0.15,1153100,-117000,150,70237245.0,79,F1,1300,,,,,
2026-02-18,2026-02-18,FO,NSE,STO,125652,,PFC,,2026-02-24,2026-02-24,320.0,PE,PFC26FEB320PE,0.1,0.1,0.05,0.05,0.05,0.1,420.45,0.05,224900,-16900,35,14562340.0,26,F1,1300,,,,,
2026-02-18,2026-02-18,FO,NSE,STO,149492,,PFC,,2026-03-30,2026-03-30,397.5,CE,PFC26MAR397.5CE,0.0,0.0,0.0,12.15,0.0,12.15,420.45,33.65,0,0,0,0.0,0,F1,1300,,,,,
2026-02-18,2026-02-18,FO,NSE,STO,149502,,PFC,,2026-03-30,2026-03-30,422.5,CE,PFC26MAR422.5CE,12.5,13.25,11.6,11.65,11.7,11.0,420.45,11.65,14300,9100,12,6780865.0,11,F1,1300,,,,,
2026-02-18,2026-02-18,FO,NSE,STO,149713,,PFC,,2026-03-30,2026-03-30,440.0,CE,PFC26MAR440CE,6.55,7.5,5.9,6.15,6.05,6.2,420.45,6.15,549900,172900,363,210739425.0,225,F1,1300,,,,,
2026-02-18,2026-02-18,FO,NSE,STO,149727,,PFC,,2026-03-30,2026-03-30,470.0,CE,PFC26MAR470CE,2.25,2.55,2.0,2.05,2.0,2.25,420.45,2.05,146900,75400,77,47268910.0,64,F1,1300,,,,,
2026-02-18,2026-02-18,FO,NSE,STO,125656,,PFC,,2026-02-24,2026-02-24,340.0,PE,PFC26FEB340PE,0.25,0.3,0.1,0.15,0.15,0.25,420.45,0.05,403000,-32500,35,15477345.0,24,F1,1300,,,,,
2026-02-18,2026-02-18,FO,NSE,STO,149388,,PFC,,2026-02-24,2026-02-24,355.0,PE,PFC26FEB355PE,0.2,0.2,0.1,0.1,0.1,0.35,420.45,0.1,180700,-40300,57,26317135.0,34,F1,1300,,,,,
2026-02-18,2026-02-18,FO,NSE,STO,149398,,PFC,,2026-02-24,2026-02-24,372.5,PE,PFC26FEB372.5PE,0.4,0.4,0.2,0.2,0.2,0.5,420.45,0.2,139100,-10400,30,14537835.0,23,F1,1300,,,,,
2026-02-18,2026-02-18,FO,NSE,STO,149400,,PFC,,2026-02-24,2026-02-24,375.0,PE,PFC26FEB375PE,0.5,0.5,0.2,0.2,0.2,0.6,420.45,0.2,458900,-24700,204,99533460.0,113,F1,1300,,,,,
2026-02-18,2026-02-18,FO,NSE,STO,149424,,PFC,,2026-02-24,2026-02-24,415.0,PE,PFC26FEB415PE,6.35,6.55,3.9,4.75,4.8,7.4,420.45,4.75,577200,111800,1806,986663470.0,1540,F1,1300,,,,,
2026-02-18,2026-02-18,FO,NSE,STO,149440,,PFC,,2026-02-24,2026-02-24,445.0,PE,PFC26FEB445PE,0.0,0.0,0.0,93.5,0.0,93.5,420.45,25.05,0,0,0,0.0,0,F1,1300,,,,,
2026-02-18,2026-02-18,FO,NSE,STO,40174,,PFC,,2026-02-24,2026-02-24,462.5,PE,PFC26FEB462.5PE,0.0,0.0,0.0,85.5,0.0,85.5,420.45,41.75,0,0,0,0.0,0,F1,1300,,,,,
2026-02-18,2026-02-18,FO,NSE,STO,125682,,PFC,,2026-02-24,2026-02-24,470.0,PE,PFC26FEB470PE,53.0,54.5,53.0,54.5,54.5,72.0,420.45,49.15,5200,-1300,3,2042950.0,3,F1,1300,,,,,
2026-02-18,2026-02-18,FO,NSE,STO,149670,,PFC,,2026-03-30,2026-03-30,345.0,PE,PFC26MAR345PE,0.0,0.0,0.0,23.05,0.0,23.05,420.45,0.6,0,0,0,0.0,0,F1,1300,,,,,
2026-02-18,2026-02-18,FO,NSE,STO,149491,,PFC,,2026-03-30,2026-03-30,392.5,PE,PFC26MAR392.5PE,4.35,5.05,4.35,5.05,5.05,7.4,420.45,6.9,26000,6500,6,3097575.0,5,F1,1300,,,,,
2026-02-18,2026-02-18,FO,NSE,STO,149696,,PFC,,2026-03-30,2026-03-30,395.0,PE,PFC26MAR395PE,5.45,5.6,5.05,5.6,5.6,6.4,420.45,7.6,24700,2600,6,3122080.0,6,F1,1300,,,,,
2026-02-18,2026-02-18,FO,NSE,STO,149710,,PFC,,2026-03-30,2026-03-30,430.0,PE,PFC26MAR430PE,21.0,22.1,19.0,20.2,21.05,24.45,420.45,20.2,104000,57200,121,70833230.0,78,F1,1300,,,,,
2026-02-18,2026-02-18,FO,NSE,STO,149629,,PFC,,2026-04-28,2026-04-28,330.0,PE,PFC26APR330PE,0.0,0.0,0.0,12.8,0.0,12.8,420.45,0.95,0,0,0,0.0,0,F1,1300,,,,,
2026-02-18,2026-02-18,FO,NSE,STO,149474,,PFC,,2026-03-30,2026-03-30,352.5,CE,PFC26MAR352.5CE,0.0,0.0,0.0,30.35,0.0,30.35,420.45,71.0,0,0,0,0.0,0,F1,1300,,,,,
2026-02-18,2026-02-18,FO,NSE,STO,149607,,PFC,,2026-03-30,2026-03-30,335.0,CE,PFC26MAR335CE,0.0,0.0,0.0,37.85,0.0,37.85,420.45,87.75,0,0,0,0.0,0,F1,1300,,,,,
2026-02-18,2026-02-18,FO,NSE,STO,149421,,PFC,,2026-02-24,2026-02-24,412.5,CE,PFC26FEB412.5CE,8.05,11.0,7.3,7.75,7.45,7.5,420.45,7.75,288600,-1300,261,142804740.0,240,F1,1300,,,,,
2026-02-18,2026-02-18,FO,NSE,STO,149411,,PFC,,2026-02-24,2026-02-24,395.0,CE,PFC26FEB395CE,22.5,25.8,21.65,21.75,21.65,20.25,420.45,21.75,265200,6500,42,22811945.0,42,F1,1300,,,,,
2026-02-18,2026-02-18,FO,NSE,STO,149409,,PFC,,2026-02-24,2026-02-24,392.5,CE,PFC26FEB392.5CE,24.8,26.1,23.95,24.45,23.95,22.35,420.45,24.45,236600,-13000,23,12474735.0,21,F1,1300,,,,,
2026-02-18,2026-02-18,FO,NSE,STO,149385,,PFC,,2026-02-24,2026-02-24,352.5,CE,PFC26FEB352.5CE,0.0,0.0,0.0,19.75,19.9,19.75,420.45,68.25,16900,0,0,0.0,0,F1,1300,,,,,
2026-02-18,2026-02-18,FO,NSE,STO,125655,,PFC,,2026-02-24,2026-02-24,340.0,CE,PFC26FEB340CE,0.0,0.0,0.0,70.0,70.0,70.0,420.45,80.75,119600,0,0,0.0,0,F1,1300,,,,,
2026-02-18,2026-02-18,FO,NSE,STF,59445,,PFC,,2026-02-24,2026-02-24,,,PFC26FEBFUT,415.9,420.6,414.4,416.5,416.4,413.9,420.45,416.5,48032400,-2187900,6285,3405320295.0,5237,F1,1300,,,,,
2026-02-18,2026-02-18,FO,NSE,STO,149479,,PFC,,2026-03-30,2026-03-30,362.5,PE,PFC26MAR362.5PE,0.0,0.0,0.0,22.25,0.0,22.25,420.45,1.7,0,0,0,0.0,0,F1,1300,,,,,
2026-02-18,2026-02-18,FO,NSE,STO,149484,,PFC,,2026-03-30,2026-03-30,377.5,CE,PFC26MAR377.5CE,0.0,0.0,0.0,18.7,0.0,18.7,420.45,48.85,0,0,0,0.0,0,F1,1300,,,,,
2026-02-18,2026-02-18,FO,NSE,STO,149658,,PFC,,2026-04-28,2026-04-28,405.0,CE,PFC26APR405CE,0.0,0.0,0.0,15.25,0.0,15.25,420.45,35.25,0,0,0,0.0,0,F1,1300,,,,,
2026-02-18,2026-02-18,FO,NSE,STO,149662,,PFC,,2026-04-28,2026-04-28,415.0,CE,PFC26APR415CE,0.0,0.0,0.0,12.75,0.0,12.75,420.45,29.65,0,0,0,0.0,0,F1,1300,,,,,
2026-02-18,2026-02-18,FO,NSE,STO,125664,,PFC,,2026-02-24,2026-02-24,380.0,PE,PFC26FEB380PE,0.65,0.7,0.25,0.3,0.25,0.7,420.45,0.3,1513200,14300,734,362963055.0,425,F1,1300,,,,,
2026-02-18,2026-02-18,FO,NSE,STO,149420,,PFC,,2026-02-24,2026-02-24,407.5,PE,PFC26FEB407.5PE,3.1,3.15,1.9,2.15,2.15,4.05,420.45,2.15,159900,-27300,176,93814370.0,154,F1,1300,,,,,
2026-02-18,2026-02-18,FO,NSE,STO,149428,,PFC,,2026-02-24,2026-02-24,422.5,PE,PFC26FEB422.5PE,10.2,11.0,7.6,9.15,9.3,12.4,420.45,9.15,130000,-10400,270,151611785.0,263,F1,1300,,,,,
2026-02-18,2026-02-18,FO,NSE,STO,149692,,PFC,,2026-03-30,2026-03-30,385.0,PE,PFC26MAR385PE,3.55,3.75,3.55,3.75,3.75,5.6,420.45,5.05,35100,0,4,2021240.0,4,F1,1300,,,,,
2026-02-18,2026-02-18,FO,NSE,STO,149501,,PFC,,2026-03-30,2026-03-30,417.5,PE,PFC26MAR417.5PE,0.0,0.0,0.0,59.1,0.0,59.1,420.45,16.1,0,0,0,0.0,0,F1,1300,,,,,
2026-02-18,2026-02-18,FO,NSE,STO,40195,,PFC,,2026-03-30,2026-03-30,465.0,PE,PFC26MAR465PE,0.0,0.0,0.0,89.15,0.0,89.15,420.45,47.25,0,0,0,0.0,0,F1,1300,,,,,
2026-02-18,2026-02-18,FO,NSE,STO,166825,,SAMMAANCAP,,2026-03-30,2026-03-30,127.5,PE,SAMMAANCAP26MAR127.5PE,0.0,0.0,0.0,6.66,0.0,6.66,148.55,1.54,0,0,0,0.0,0,F1,4300,,,,,
2026-02-18,2026-02-18,FO,NSE,STO,157711,,SAMMAANCAP,,2026-02-24,2026-02-24,152.5,PE,SAMMAANCAP26FEB152.5PE,0.0,0.0,0.0,18.55,0.0,18.55,148.55,5.73,0,0,0,0.0,0,F1,4300,,,,,
2026-02-18,2026-02-18,FO,NSE,STO,157709,,SAMMAANCAP,,2026-02-24,2026-02-24,147.5,PE,SAMMAANCAP26FEB147.5PE,0.0,0.0,0.0,2.2,2.2,2.2,148.55,2.88,369800,0,0,0.0,0,F1,4300,,,,,
2026-02-18,2026-02-18,FO,NSE,STO,132604,,SAMMAANCAP,,2026-02-24,2026-02-24,130.0,PE,SAMMAANCAP26FEB130PE,0.1,0.1,0.1,0.1,0.1,0.89,148.55,0.03,1139500,-4300,1,559430.0,1,F1,4300,,,,,
2026-02-18,2026-02-18,FO,NSE,STO,157744,,SAMMAANCAP,,2026-03-30,2026-03-30,135.0,CE,SAMMAANCAP26MAR135CE,0.0,0.0,0.0,19.64,0.0,19.64,148.55,17.51,0,0,0,0.0,0,F1,4300,,,,,
2026-02-18,2026-02-18,FO,NSE,STO,166877,,SAMMAANCAP,,2026-04-28,2026-04-28,155.0,PE,SAMMAANCAP26APR155PE,0.0,0.0,0.0,23.74,0.0,23.74,148.55,14.45,0,0,0,0.0,0,F1,4300,,,,,
2026-02-18,2026-02-18,FO,NSE,STO,157740,,SAMMAANCAP,,2026-03-30,2026-03-30,125.0,CE,SAMMAANCAP26MAR125CE,0.0,0.0,0.0,25.36,0.0,25.36,148.55,25.47,0,0,0,0.0,0,F1,4300,,,,,
2026-02-18,2026-02-18,FO,NSE,STO,166839,,SAMMAANCAP,,2026-03-30,2026-03-30,162.5,PE,SAMMAANCAP26MAR162.5PE,0.0,0.0,0.0,27.26,0.0,27.26,148.55,17.18,0,0,0,0.0,0,F1,4300,,,,,
2026-02-18,2026-02-18,FO,NSE,STO,157739,,SAMMAANCAP,,2026-03-30,2026-03-30,120.0,PE,SAMMAANCAP26MAR120PE,0.0,0.0,0.0,5.83,0.0,5.83,148.55,0.64,0,0,0,0.0,0,F1,4300,,,,,
2026-02-18,2026-02-18,FO,NSE,STO,166876,,SAMMAANCAP,,2026-04-28,2026-04-28,155.0,CE,SAMMAANCAP26APR155CE,0.0,0.0,0.0,9.88,0.0,9.88,148.55,9.6,0,0,0,0.0,0,F1,4300,,,,,
2026-02-18,2026-02-18,FO,NSE,STO,166838,,SAMMAANCAP,,2026-03-30,2026-03-30,162.5,CE,SAMMAANCAP26MAR162.5CE,0.0,0.0,0.0,5.22,0.0,5.22,148.55,4.2,0,0,0,0.0,0,F1,4300,,,,,
2026-02-18,2026-02-18,FO,NSE,STO,157750,,SAMMAANCAP,,2026-03-30,2026-03-30,150.0,CE,SAMMAANCAP26MAR150CE,0.0,0.0,0.0,12.97,0.0,12.97,148.55,8.64,0,0,0,0.0,0,F1,4300,,,,,
2026-02-18,2026-02-18,FO,NSE,STO,166826,,SAMMAANCAP,,2026-03-30,2026-03-30,132.5,CE,SAMMAANCAP26MAR132.5CE,0.0,0.0,0.0,16.34,0.0,16.34,148.55,19.37,0,0,0,0.0,0,F1,4300,,,,,
2026-02-18,2026-02-18,FO,NSE,STO,166823,,SAMMAANCAP,,2026-03-30,2026-03-30,122.5,PE,SAMMAANCAP26MAR122.5PE,0.0,0.0,0.0,4.95,0.0,4.95,148.55,0.87,0,0,0,0.0,0,F1,4300,,,,,
2026-02-18,2026-02-18,FO,NSE,STO,166869,,SAMMAANCAP,,2026-04-28,2026-04-28,135.0,PE,SAMMAANCAP26APR135PE,0.0,0.0,0.0,12.06,0.0,12.06,148.55,5.18,0,0,0,0.0,0,F1,4300,,,,,
2026-02-18,2026-02-18,FO,NSE,STO,166880,,SAMMAANCAP,,2026-04-28,2026-04-28,165.0,CE,SAMMAANCAP26APR165CE,0.0,0.0,0.0,7.18,0.0,7.18,148.55,6.26,0,0,0,0.0,0,F1,4300,,,,,
2026-02-18,2026-02-18,FO,NSE,STO,157754,,SAMMAANCAP,,2026-03-30,2026-03-30,160.0,CE,SAMMAANCAP26MAR160CE,0.0,0.0,0.0,9.66,0.0,9.66,148.55,4.9,0,0,0,0.0,0,F1,4300,,,,,
2026-02-18,2026-02-18,FO,NSE,STO,157746,,SAMMAANCAP,,2026-03-30,2026-03-30,140.0,CE,SAMMAANCAP26MAR140CE,0.0,0.0,0.0,17.17,0.0,17.17,148.55,14.11,0,0,0,0.0,0,F1,4300,,,,,
2026-02-18,2026-02-18,FO,NSE,STO,157698,,SAMMAANCAP,,2026-02-24,2026-02-24,122.5,CE,SAMMAANCAP26FEB122.5CE,0.0,0.0,0.0,23.94,0.0,23.94,148.55,26.16,0,0,0,0.0,0,F1,4300,,,,,
2026-02-18,2026-02-18,FO,NSE,STO,157757,,SAMMAANCAP,,2026-03-30,2026-03-30,165.0,PE,SAMMAANCAP26MAR165PE,0.0,0.0,0.0,29.84,0.0,29.84,148.55,19.05,0,0,0,0.0,0,F1,4300,,,,,
2026-02-18,2026-02-18,FO,NSE,STO,157747,,SAMMAANCAP,,2026-03-30,2026-03-30,140.0,PE,SAMMAANCAP26MAR140PE,0.0,0.0,0.0,14.09,0.0,14.09,148.55,4.72,0,0,0,0.0,0,F1,4300,,,,,
2026-02-18,2026-02-18,FO,NSE,STO,157745,,SAMMAANCAP,,2026-03-30,2026-03-30,135.0,PE,SAMMAANCAP26MAR135PE,0.0,0.0,0.0,11.63,0.0,11.63,148.55,3.15,0,0,0,0.0,0,F1,4300,,,,,
2026-02-18,2026-02-18,FO,NSE,STO,166832,,SAMMAANCAP,,2026-03-30,2026-03-30,147.5,CE,SAMMAANCAP26MAR147.5CE,0.0,0.0,0.0,9.53,0.0,9.53,148.55,9.84,0,0,0,0.0,0,F1,4300,,,,,
2026-02-18,2026-02-18,FO,NSE,STO,157741,,SAMMAANCAP,,2026-03-30,2026-03-30,125.0,PE,SAMMAANCAP26MAR125PE,0.0,0.0,0.0,7.5,0.0,7.5,148.55,1.17,0,0,0,0.0,0,F1,4300,,,,,
2026-02-18,2026-02-18,FO,NSE,STO,166868,,SAMMAANCAP,,2026-04-28,2026-04-28,135.0,CE,SAMMAANCAP26APR135CE,0.0,0.0,0.0,17.89,0.0,17.89,148.55,20.12,0,0,0,0.0,0,F1,4300,,,,,
2026-02-18,2026-02-18,FO,NSE,STO,157758,,SAMMAANCAP,,2026-03-30,2026-03-30,170.0,CE,SAMMAANCAP26MAR170CE,0.0,0.0,0.0,7.11,0.0,7.11,148.55,2.58,0,0,0,0.0,0,F1,4300,,,,,
2026-02-18,2026-02-18,FO,NSE,STO,157748,,SAMMAANCAP,,2026-03-30,2026-03-30,145.0,CE,SAMMAANCAP26MAR145CE,0.0,0.0,0.0,14.95,0.0,14.95,148.55,11.15,0,0,0,0.0,0,F1,4300,,,,,
2026-02-18,2026-02-18,FO,NSE,STO,166822,,SAMMAANCAP,,2026-03-30,2026-03-30,122.5,CE,SAMMAANCAP26MAR122.5CE,0.0,0.0,0.0,22.49,0.0,22.49,148.55,27.66,0,0,0,0.0,0,F1,4300,,,,,
2026-02-18,2026-02-18,FO,NSE,STO,157710,,SAMMAANCAP,,2026-02-24,2026-02-24,152.5,CE,SAMMAANCAP26FEB152.5CE,0.1,0.32,0.1,0.32,0.32,0.17,148.55,1.91,335400,0,4,2626741.0,3,F1,4300,,,,,
2026-02-18,2026-02-18,FO,NSE,STO,132608,,SAMMAANCAP,,2026-02-24,2026-02-24,140.0,PE,SAMMAANCAP26FEB140PE,0.32,0.46,0.25,0.25,0.25,0.4,148.55,0.65,3616300,-116100,29,17497130.0,11,F1,4300,,,,,
2026-02-18,2026-02-18,FO,NSE,STO,166831,,SAMMAANCAP,,2026-03-30,2026-03-30,142.5,PE,SAMMAANCAP26MAR142.5PE,0.0,0.0,0.0,13.74,0.0,13.74,148.55,5.67,0,0,0,0.0,0,F1,4300,,,,,
2026-02-18,2026-02-18,FO,NSE,STO,157753,,SAMMAANCAP,,2026-03-30,2026-03-30,155.0,PE,SAMMAANCAP26MAR155PE,0.0,0.0,0.0,22.91,0.0,22.91,148.55,12.09,0,0,0,0.0,0,F1,4300,,,,,
2026-02-18,2026-02-18,FO,NSE,STO,166873,,SAMMAANCAP,,2026-04-28,2026-04-28,145.0,PE,SAMMAANCAP26APR145PE,0.0,0.0,0.0,17.42,0.0,17.42,148.55,9.13,0,0,0,0.0,0,F1,4300,,,,,
2026-02-18,2026-02-18,FO,NSE,STO,166875,,SAMMAANCAP,,2026-04-28,2026-04-28,150.0,PE,SAMMAANCAP26APR150PE,0.0,0.0,0.0,20.47,0.0,20.47,148.55,11.63,0,0,0,0.0,0,F1,4300,,,,,
2026-02-18,2026-02-18,FO,NSE,STO,166870,,SAMMAANCAP,,2026-04-28,2026-04-28,140.0,CE,SAMMAANCAP26APR140CE,0.0,0.0,0.0,15.52,0.0,15.52,148.55,16.98,0,0,0,0.0,0,F1,4300,,,,,
2026-02-18,2026-02-18,FO,NSE,STO,166827,,SAMMAANCAP,,2026-03-30,2026-03-30,132.5,PE,SAMMAANCAP26MAR132.5PE,0.0,0.0,0.0,8.7,0.0,8.7,148.55,2.52,0,0,0,0.0,0,F1,4300,,,,,
2026-02-18,2026-02-18,FO,NSE,STO,132621,,SAMMAANCAP,,2026-02-24,2026-02-24,155.0,PE,SAMMAANCAP26FEB155PE,0.0,0.0,0.0,14.0,14.0,14.0,148.55,7.54,215000,0,0,0.0,0,F1,4300,,,,,
2026-02-18,2026-02-18,FO,NSE,STO,166862,,SAMMAANCAP,,2026-04-28,2026-04-28,120.0,CE,SAMMAANCAP26APR120CE,0.0,0.0,0.0,26.62,0.0,26.62,148.55,31.47,0,0,0,0.0,0,F1,4300,,,,,
2026-02-18,2026-02-18,FO,NSE,STO,166834,,SAMMAANCAP,,2026-03-30,2026-03-30,152.5,CE,SAMMAANCAP26MAR152.5CE,0.0,0.0,0.0,7.84,0.0,7.84,148.55,7.55,0,0,0,0.0,0,F1,4300,,,,,
2026-02-18,2026-02-18,FO,NSE,STO,166830,,SAMMAANCAP,,2026-03-30,2026-03-30,142.5,CE,SAMMAANCAP26MAR142.5CE,0.0,0.0,0.0,11.49,0.0,11.49,148.55,12.58,0,0,0,0.0,0,F1,4300,,,,,
2026-02-18,2026-02-18,FO,NSE,STO,132599,,SAMMAANCAP,,2026-02-24,2026-02-24,120.0,CE,SAMMAANCAP26FEB120CE,0.0,0.0,0.0,22.91,22.91,22.91,148.55,28.66,25800,0,0,0.0,0,F1,4300,,,,,
2026-02-18,2026-02-18,FO,NSE,STO,132605,,SAMMAANCAP,,2026-02-24,2026-02-24,135.0,CE,SAMMAANCAP26FEB135CE,14.15,14.15,14.15,14.15,14.15,10.1,148.55,13.84,232200,-4300,1,641345.0,1,F1,4300,,,,,
2026-02-18,2026-02-18,FO,NSE,STO,157755,,SAMMAANCAP,,2026-03-30,2026-03-30,160.0,PE,SAMMAANCAP26MAR160PE,0.0,0.0,0.0,26.28,0.0,26.28,148.55,15.39,0,0,0,0.0,0,F1,4300,,,,,
2026-02-18,2026-02-18,FO,NSE,STO,157749,,SAMMAANCAP,,2026-03-30,2026-03-30,145.0,PE,SAMMAANCAP26MAR145PE,0.0,0.0,0.0,16.8,0.0,16.8,148.55,6.73,0,0,0,0.0,0,F1,4300,,,,,
2026-02-18,2026-02-18,FO,NSE,STO,157704,,SAMMAANCAP,,2026-02-24,2026-02-24,137.5,CE,SAMMAANCAP26FEB137.5CE,0.0,0.0,0.0,14.77,0.0,14.77,148.55,11.52,0,0,0,0.0,0,F1,4300,,,,,
2026-02-18,2026-02-18,FO,NSE,STO,132618,,SAMMAANCAP,,2026-02-24,2026-02-24,150.0,CE,SAMMAANCAP26FEB150CE,0.35,1.09,0.3,0.64,0.64,0.57,148.55,0.64,6510200,-38700,76,49318291.0,53,F1,4300,,,,,
2026-02-18,2026-02-18,FO,NSE,STO,157714,,SAMMAANCAP,,2026-02-24,2026-02-24,162.5,CE,SAMMAANCAP26FEB162.5CE,0.0,0.0,0.0,2.8,2.85,2.8,148.55,0.25,206400,0,0,0.0,0,F1,4300,,,,,
2026-02-18,2026-02-18,FO,NSE,STO,166867,,SAMMAANCAP,,2026-04-28,2026-04-28,130.0,PE,SAMMAANCAP26APR130PE,0.0,0.0,0.0,9.77,0.0,9.77,148.55,3.7,0,0,0,0.0,0,F1,4300,,,,,
2026-02-18,2026-02-18,FO,NSE,STF,67006,,SAMMAANCAP,,2026-04-28,2026-04-28,,,SAMMAANCAP26APRFUT,0.0,0.0,0.0,148.0,148.0,148.0,148.55,150.1,898700,0,0,0.0,0,F1,4300,,,,,
2026-02-18,2026-02-18,FO,NSE,STO,166881,,SAMMAANCAP,,2026-04-28,2026-04-28,165.0,PE,SAMMAANCAP26APR165PE,0.0,0.0,0.0,30.89,0.0,30.89,148.55,21.01,0,0,0,0.0,0,F1,4300,,,,,
2026-02-18,2026-02-18,FO,NSE,STO,157700,,SAMMAANCAP,,2026-02-24,2026-02-24,127.5,CE,SAMMAANCAP26FEB127.5CE,0.0,0.0,0.0,20.56,0.0,20.56,148.55,21.18,0,0,0,0.0,0,F1,4300,,,,,
2026-02-18,2026-02-18,FO,NSE,STO,157706,,SAMMAANCAP,,2026-02-24,2026-02-24,142.5,CE,SAMMAANCAP26FEB142.5CE,5.8,7.0,4.67,7.0,7.0,10.8,148.55,7.33,2420900,-30100,9,5760882.0,9,F1,4300,,,,,
2026-02-18,2026-02-18,FO,NSE,STO,132620,,SAMMAANCAP,,2026-02-24,2026-02-24,155.0,CE,SAMMAANCAP26FEB155CE,0.83,0.83,0.83,0.83,0.83,1.0,148.55,1.23,2197300,0,5,3350345.0,1,F1,4300,,,,,
2026-02-18,2026-02-18,FO,NSE,STO,132627,,SAMMAANCAP,,2026-02-24,2026-02-24,165.0,CE,SAMMAANCAP26FEB165CE,0.21,0.21,0.21,0.21,0.21,0.1,148.55,0.13,1509300,0,1,710403.0,1,F1,4300,,,,,
2026-02-18,2026-02-18,FO,NSE,STO,166824,,SAMMAANCAP,,2026-03-30,2026-03-30,127.5,CE,SAMMAANCAP26MAR127.5CE,0.0,0.0,0.0,19.25,0.0,19.25,148.55,23.35,0,0,0,0.0,0,F1,4300,,,,,
2026-02-18,2026-02-18,FO,NSE,STO,132600,,SAMMAANCAP,,2026-02-24,2026-02-24,120.0,PE,SAMMAANCAP26FEB120PE,0.0,0.0,0.0,0.37,0.37,0.37,148.55,0.01,189200,0,0,0.0,0,F1,4300,,,,,
2026-02-18,2026-02-18,FO,NSE,STO,157713,,SAMMAANCAP,,2026-02-24,2026-02-24,157.5,PE,SAMMAANCAP26FEB157.5PE,0.0,0.0,0.0,11.64,11.64,11.64,148.55,9.56,47300,0,0,0.0,0,F1,4300,,,,,
2026-02-18,2026-02-18,FO,NSE,STO,157759,,SAMMAANCAP,,2026-03-30,2026-03-30,170.0,PE,SAMMAANCAP26MAR170PE,0.0,0.0,0.0,33.58,0.0,33.58,148.55,23.01,0,0,0,0.0,0,F1,4300,,,,,
2026-02-18,2026-02-18,FO,NSE,STO,166871,,SAMMAANCAP,,2026-04-28,2026-04-28,140.0,PE,SAMMAANCAP26APR140PE,0.0,0.0,0.0,14.61,0.0,14.61,148.55,6.98,0,0,0,0.0,0,F1,4300,,,,,
2026-02-18,2026-02-18,FO,NSE,STO,157712,,SAMMAANCAP,,2026-02-24,2026-02-24,157.5,CE,SAMMAANCAP26FEB157.5CE,0.0,0.0,0.0,2.94,2.94,2.94,148.55,0.76,395600,0,0,0.0,0,F1,4300,,,,,
2026-02-18,2026-02-18,FO,NSE,STF,52027,,SAMMAANCAP,,2026-03-30,2026-03-30,,,SAMMAANCAP26MARFUT,149.5,150.28,149.23,149.93,150.01,148.76,148.55,149.93,5792100,73100,44,28336957.0,29,F1,4300,,,,,
2026-02-18,2026-02-18,FO,NSE,STO,132601,,SAMMAANCAP,,2026-02-24,2026-02-24,125.0,CE,SAMMAANCAP26FEB125CE,0.0,0.0,0.0,34.22,0.0,34.22,148.55,23.67,0,0,0,0.0,0,F1,4300,,,,,
2026-02-18,2026-02-18,FO,NSE,STO,132603,,SAMMAANCAP,,2026-02-24,2026-02-24,130.0,CE,SAMMAANCAP26FEB130CE,0.0,0.0,0.0,19.65,19.78,19.65,148.55,18.7,120400,0,0,0.0,0,F1,4300,,,,,
2026-02-18,2026-02-18,FO,NSE,STO,166883,,SAMMAANCAP,,2026-04-28,2026-04-28,170.0,PE,SAMMAANCAP26APR170PE,0.0,0.0,0.0,34.73,0.0,34.73,148.55,24.69,0,0,0,0.0,0,F1,4300,,,,,
2026-02-18,2026-02-18,FO,NSE,STO,166878,,SAMMAANCAP,,2026-04-28,2026-04-28,160.0,CE,SAMMAANCAP26APR160CE,0.0,0.0,0.0,8.43,0.0,8.43,148.55,7.79,0,0,0,0.0,0,F1,4300,,,,,
2026-02-18,2026-02-18,FO,NSE,STO,166864,,SAMMAANCAP,,2026-04-28,2026-04-28,125.0,CE,SAMMAANCAP26APR125CE,0.0,0.0,0.0,23.43,0.0,23.43,148.55,27.39,0,0,0,0.0,0,F1,4300,,,,,
2026-02-18,2026-02-18,FO,NSE,STO,157756,,SAMMAANCAP,,2026-03-30,2026-03-30,165.0,CE,SAMMAANCAP26MAR165CE,0.0,0.0,0.0,8.29,0.0,8.29,148.55,3.59,0,0,0,0.0,0,F1,4300,,,,,
2026-02-18,2026-02-18,FO,NSE,STO,132636,,SAMMAANCAP,,2026-02-24,2026-02-24,170.0,PE,SAMMAANCAP26FEB170PE,0.0,0.0,0.0,21.89,21.52,21.89,148.55,21.33,94600,0,0,0.0,0,F1,4300,,,,,
2026-02-18,2026-02-18,FO,NSE,STO,166837,,SAMMAANCAP,,2026-03-30,2026-03-30,157.5,PE,SAMMAANCAP26MAR157.5PE,0.0,0.0,0.0,23.5,0.0,23.5,148.55,13.69,0,0,0,0.0,0,F1,4300,,,,,
2026-02-18,2026-02-18,FO,NSE,STO,166863,,SAMMAANCAP,,2026-04-28,2026-04-28,120.0,PE,SAMMAANCAP26APR120PE,0.0,0.0,0.0,6.02,0.0,6.02,148.55,1.68,0,0,0,0.0,0,F1,4300,,,,,
2026-02-18,2026-02-18,FO,NSE,STO,157702,,SAMMAANCAP,,2026-02-24,2026-02-24,132.5,CE,SAMMAANCAP26FEB132.5CE,0.0,0.0,0.0,17.5,0.0,17.5,148.55,16.24,0,0,0,0.0,0,F1,4300,,,,,
2026-02-18,2026-02-18,FO,NSE,STO,157751,,SAMMAANCAP,,2026-03-30,2026-03-30,150.0,PE,SAMMAANCAP26MAR150PE,0.0,0.0,0.0,19.74,0.0,19.74,148.55,9.19,0,0,0,0.0,0,F1,4300,,,,,
2026-02-18,2026-02-18,FO,NSE,STO,132607,,SAMMAANCAP,,2026-02-24,2026-02-24,140.0,CE,SAMMAANCAP26FEB140CE,8.8,10.1,8.8,9.35,9.26,8.0,148.55,9.35,5250300,-146200,35,22507447.0,26,F1,4300,,,,,
2026-02-18,2026-02-18,FO,NSE,STO,132623,,SAMMAANCAP,,2026-02-24,2026-02-24,160.0,PE,SAMMAANCAP26FEB160PE,0.0,0.0,0.0,17.8,17.8,17.8,148.55,11.75,90300,0,0,0.0,0,F1,4300,,,,,
2026-02-18,2026-02-18,FO,NSE,STO,132622,,SAMMAANCAP,,2026-02-24,2026-02-24,160.0,CE,SAMMAANCAP26FEB160CE,0.03,0.45,0.03,0.45,0.45,0.15,148.55,0.44,4742900,-38700,46,31731678.0,13,F1,4300,,,,,
2026-02-18,2026-02-18,FO,NSE,STO,166874,,SAMMAANCAP,,2026-04-28,2026-04-28,150.0,CE,SAMMAANCAP26APR150CE,0.0,0.0,0.0,11.53,0.0,11.53,148.55,11.73,0,0,0,0.0,0,F1,4300,,,,,
2026-02-18,2026-02-18,FO,NSE,STO,132602,,SAMMAANCAP,,2026-02-24,2026-02-24,125.0,PE,SAMMAANCAP26FEB125PE,0.0,0.0,0.0,1.0,1.0,1.0,148.55,0.01,167700,0,0,0.0,0,F1,4300,,,,,
2026-02-18,2026-02-18,FO,NSE,STO,157707,,SAMMAANCAP,,2026-02-24,2026-02-24,142.5,PE,SAMMAANCAP26FEB142.5PE,0.11,0.11,0.11,0.11,0.11,1.25,148.55,1.15,748200,4300,1,613223.0,1,F1,4300,,,,,
2026-02-18,2026-02-18,FO,NSE,STO,132619,,SAMMAANCAP,,2026-02-24,2026-02-24,150.0,PE,SAMMAANCAP26FEB150PE,1.88,1.88,1.71,1.71,1.71,5.0,148.55,4.16,941700,-30100,10,6529077.0,10,F1,4300,,,,,
2026-02-18,2026-02-18,FO,NSE,STO,166882,,SAMMAANCAP,,2026-04-28,2026-04-28,170.0,CE,SAMMAANCAP26APR170CE,0.0,0.0,0.0,6.09,0.0,6.09,148.55,4.99,0,0,0,0.0,0,F1,4300,,,,,
2026-02-18,2026-02-18,FO,NSE,STO,157699,,SAMMAANCAP,,2026-02-24,2026-02-24,122.5,PE,SAMMAANCAP26FEB122.5PE,0.0,0.0,0.0,4.3,0.0,4.3,148.55,0.01,0,0,0,0.0,0,F1,4300,,,,,
2026-02-18,2026-02-18,FO,NSE,STO,157738,,SAMMAANCAP,,2026-03-30,2026-03-30,120.0,CE,SAMMAANCAP26MAR120CE,0.0,0.0,0.0,28.62,0.0,28.62,148.55,29.91,0,0,0,0.0,0,F1,4300,,,,,
2026-02-18,2026-02-18,FO,NSE,STO,166872,,SAMMAANCAP,,2026-04-28,2026-04-28,145.0,CE,SAMMAANCAP26APR145CE,0.0,0.0,0.0,13.4,0.0,13.4,148.55,14.18,0,0,0,0.0,0,F1,4300,,,,,
2026-02-18,2026-02-18,FO,NSE,STO,157705,,SAMMAANCAP,,2026-02-24,2026-02-24,137.5,PE,SAMMAANCAP26FEB137.5PE,0.0,0.0,0.0,0.7,0.7,0.7,148.55,0.34,2283300,0,0,0.0,0,F1,4300,,,,,
2026-02-18,2026-02-18,FO,NSE,STO,157703,,SAMMAANCAP,,2026-02-24,2026-02-24,132.5,PE,SAMMAANCAP26FEB132.5PE,0.0,0.0,0.0,0.6,0.6,0.6,148.55,0.07,361200,0,0,0.0,0,F1,4300,,,,,
2026-02-18,2026-02-18,FO,NSE,STO,166866,,SAMMAANCAP,,2026-04-28,2026-04-28,130.0,CE,SAMMAANCAP26APR130CE,0.0,0.0,0.0,20.52,0.0,20.52,148.55,23.6,0,0,0,0.0,0,F1,4300,,,,,
2026-02-18,2026-02-18,FO,NSE,STO,166836,,SAMMAANCAP,,2026-03-30,2026-03-30,157.5,CE,SAMMAANCAP26MAR157.5CE,0.0,0.0,0.0,6.41,0.0,6.41,148.55,5.69,0,0,0,0.0,0,F1,4300,,,,,
2026-02-18,2026-02-18,FO,NSE,STO,132634,,SAMMAANCAP,,2026-02-24,2026-02-24,165.0,PE,SAMMAANCAP26FEB165PE,0.0,0.0,0.0,24.22,0.0,24.22,148.55,16.43,0,0,0,0.0,0,F1,4300,,,,,
2026-02-18,2026-02-18,FO,NSE,STO,166879,,SAMMAANCAP,,2026-04-28,2026-04-28,160.0,PE,SAMMAANCAP26APR160PE,0.0,0.0,0.0,27.22,0.0,27.22,148.55,17.59,0,0,0,0.0,0,F1,4300,,,,,
2026-02-18,2026-02-18,FO,NSE,STO,157743,,SAMMAANCAP,,2026-03-30,2026-03-30,130.0,PE,SAMMAANCAP26MAR130PE,0.0,0.0,0.0,9.43,0.0,9.43,148.55,1.98,0,0,0,0.0,0,F1,4300,,,,,
2026-02-18,2026-02-18,FO,NSE,STO,132617,,SAMMAANCAP,,2026-02-24,2026-02-24,145.0,PE,SAMMAANCAP26FEB145PE,0.42,0.44,0.42,0.44,0.44,0.5,148.55,1.88,1371700,-4300,2,1250698.0,2,F1,4300,,,,,
2026-02-18,2026-02-18,FO,NSE,STO,166833,,SAMMAANCAP,,2026-03-30,2026-03-30,147.5,PE,SAMMAANCAP26MAR147.5PE,0.0,0.0,0.0,16.72,0.0,16.72,148.55,7.91,0,0,0,0.0,0,F1,4300,,,,,
2026-02-18,2026-02-18,FO,NSE,STO,166829,,SAMMAANCAP,,2026-03-30,2026-03-30,137.5,PE,SAMMAANCAP26MAR137.5PE,0.0,0.0,0.0,11.06,0.0,11.06,148.55,3.88,0,0,0,0.0,0,F1,4300,,,,,
2026-02-18,2026-02-18,FO,NSE,STO,157715,,SAMMAANCAP,,2026-02-24,2026-02-24,162.5,PE,SAMMAANCAP26FEB162.5PE,0.0,0.0,0.0,25.63,0.0,25.63,148.55,14.05,0,0,0,0.0,0,F1,4300,,,,,
2026-02-18,2026-02-18,FO,NSE,STO,132606,,SAMMAANCAP,,2026-02-24,2026-02-24,135.0,PE,SAMMAANCAP26FEB135PE,0.17,0.17,0.17,0.17,0.17,0.3,148.55,0.17,4330100,-4300,1,581231.0,1,F1,4300,,,,,
2026-02-18,2026-02-18,FO,NSE,STO,157701,,SAMMAANCAP,,2026-02-24,2026-02-24,127.5,PE,SAMMAANCAP26FEB127.5PE,0.0,0.0,0.0,5.87,0.0,5.87,148.55,0.01,0,0,0,0.0,0,F1,4300,,,,,
2026-02-18,2026-02-18,FO,NSE,STO,157752,,SAMMAANCAP,,2026-03-30,2026-03-30,155.0,CE,SAMMAANCAP26MAR155CE,0.0,0.0,0.0,11.21,0.0,11.21,148.55,6.57,0,0,0,0.0,0,F1,4300,,,,,
2026-02-18,2026-02-18,FO,NSE,STO,166828,,SAMMAANCAP,,2026-03-30,2026-03-30,137.5,CE,SAMMAANCAP26MAR137.5CE,0.0,0.0,0.0,13.76,0.0,13.76,148.55,15.76,0,0,0,0.0,0,F1,4300,,,,,
2026-02-18,2026-02-18,FO,NSE,STO,157742,,SAMMAANCAP,,2026-03-30,2026-03-30,130.0,CE,SAMMAANCAP26MAR130CE,0.0,0.0,0.0,22.37,0.0,22.37,148.55,21.32,0,0,0,0.0,0,F1,4300,,,,,
2026-02-18,2026-02-18,FO,NSE,STO,132635,,SAMMAANCAP,,2026-02-24,2026-02-24,170.0,CE,SAMMAANCAP26FEB170CE,0.06,0.06,0.06,0.06,0.06,0.06,148.55,0.03,2193000,-4300,1,731258.0,1,F1,4300,,,,,
2026-02-18,2026-02-18,FO,NSE,STO,157708,,SAMMAANCAP,,2026-02-24,2026-02-24,147.5,CE,SAMMAANCAP26FEB147.5CE,0.93,0.93,0.93,0.93,0.93,2.0,148.55,0.93,726700,0,1,638249.0,1,F1,4300,,,,,
2026-02-18,2026-02-18,FO,NSE,STF,59463,,SAMMAANCAP,,2026-02-24,2026-02-24,,,SAMMAANCAP26FEBFUT,148.01,149.6,147.6,148.83,148.31,147.92,148.55,148.83,105040400,-808400,283,181179898.0,259,F1,4300,,,,,
2026-02-18,2026-02-18,FO,NSE,STO,132616,,SAMMAANCAP,,2026-02-24,2026-02-24,145.0,CE,SAMMAANCAP26FEB145CE,4.5,5.0,3.13,4.03,3.8,3.1,148.55,4.03,2902500,-369800,107,68849106.0,44,F1,4300,,,,,
2026-02-18,2026-02-18,FO,NSE,STO,166865,,SAMMAANCAP,,2026-04-28,2026-04-28,125.0,PE,SAMMAANCAP26APR125PE,0.0,0.0,0.0,7.75,0.0,7.75,148.55,2.55,0,0,0,0.0,0,F1,4300,,,,,
2026-02-18,2026-02-18,FO,NSE,STO,166835,,SAMMAANCAP,,2026-03-30,2026-03-30,152.5,PE,SAMMAANCAP26MAR152.5PE,0.0,0.0,0.0,19.99,0.0,19.99,148.55,10.59,0,0,0,0.0,0,F1,4300,,,,,
2026-02-18,2026-02-18,FO,NSE,STO,137882,,SUNPHARMA,,2026-02-24,2026-02-24,1920.0,PE,SUNPHARMA26FEB1920PE,0.0,0.0,0.0,124.95,124.95,124.95,1724.4,193.85,0,0,0,0.0,0,F1,350,,,,,
2026-02-18,2026-02-18,FO,NSE,STO,159975,,SUNPHARMA,,2026-03-30,2026-03-30,1560.0,PE,SUNPHARMA26MAR1560PE,0.0,0.0,0.0,5.05,5.05,5.05,1724.4,2.1,1050,0,0,0.0,0,F1,350,,,,,
2026-02-18,2026-02-18,FO,NSE,STO,168363,,SUNPHARMA,,2026-03-30,2026-03-30,1690.0,PE,SUNPHARMA26MAR1690PE,23.45,24.2,23.45,24.2,24.2,29.75,1724.4,24.65,50400,0,2,1199677.5,2,F1,350,,,,,
2026-02-18,2026-02-18,FO,NSE,STO,168373,,SUNPHARMA,,2026-03-30,2026-03-30,1790.0,PE,SUNPHARMA26MAR1790PE,0.0,0.0,0.0,151.35,0.0,151.35,1724.4,77.3,0,0,0,0.0,0,F1,350,,,,,
2026-02-18,2026-02-18,FO,NSE,STO,160011,,SUNPHARMA,,2026-03-30,2026-03-30,1920.0,PE,SUNPHARMA26MAR1920PE,0.0,0.0,0.0,194.4,0.0,194.4,1724.4,186.85,0,0,0,0.0,0,F1,350,,,,,
2026-02-18,2026-02-18,FO,NSE,STO,168443,,SUNPHARMA,,2026-04-28,2026-04-28,1480.0,PE,SUNPHARMA26APR1480PE,0.0,0.0,0.0,14.4,0.0,14.4,1724.4,1.3,0,0,0,0.0,0,F1,350,,,,,
2026-02-18,2026-02-18,FO,NSE,STO,168459,,SUNPHARMA,,2026-04-28,2026-04-28,1640.0,PE,SUNPHARMA26APR1640PE,0.0,0.0,0.0,63.4,0.0,63.4,1724.4,19.3,0,0,0,0.0,0,F1,350,,,,,
2026-02-18,2026-02-18,FO,NSE,STO,168475,,SUNPHARMA,,2026-04-28,2026-04-28,1800.0,PE,SUNPHARMA26APR1800PE,0.0,0.0,0.0,162.7,0.0,162.7,1724.4,91.45,0,0,0,0.0,0,F1,350,,,,,
2026-02-18,2026-02-18,FO,NSE,STO,159821,,SUNPHARMA,,2026-02-24,2026-02-24,1460.0,PE,SUNPHARMA26FEB1460PE,0.0,0.0,0.0,0.15,0.15,0.15,1724.4,0.05,42000,0,0,0.0,0,F1,350,,,,,
2026-02-18,2026-02-18,FO,NSE,STO,137527,,SUNPHARMA,,2026-02-24,2026-02-24,1560.0,CE,SUNPHARMA26FEB1560CE,0.0,0.0,0.0,155.0,155.0,155.0,1724.4,165.8,17150,0,0,0.0,0,F1,350,,,,,
2026-02-18,2026-02-18,FO,NSE,STO,159854,,SUNPHARMA,,2026-02-24,2026-02-24,1690.0,CE,SUNPHARMA26FEB1690CE,32.45,39.2,29.8,32.85,33.5,30.45,1724.4,32.85,388850,-11200,245,147793625.0,238,F1,350,,,,,
2026-02-18,2026-02-18,FO,NSE,STO,159872,,SUNPHARMA,,2026-02-24,2026-02-24,1810.0,CE,SUNPHARMA26FEB1810CE,1.1,1.15,0.85,0.9,0.9,1.15,1724.4,0.9,9450,-2100,25,15845830.0,25,F1,350,,,,,
2026-02-18,2026-02-18,FO,NSE,STO,159954,,SUNPHARMA,,2026-03-30,2026-03-30,1360.0,CE,SUNPHARMA26MAR1360CE,0.0,0.0,0.0,381.2,0.0,381.2,1724.4,372.55,0,0,0,0.0,0,F1,350,,,,,
2026-02-18,2026-02-18,FO,NSE,STO,168364,,SUNPHARMA,,2026-03-30,2026-03-30,1710.0,CE,SUNPHARMA26MAR1710CE,52.0,55.15,50.0,50.35,50.35,50.0,1724.4,57.05,23450,-1400,12,7404145.0,11,F1,350,,,,,
2026-02-18,2026-02-18,FO,NSE,STO,159992,,SUNPHARMA,,2026-03-30,2026-03-30,1740.0,CE,SUNPHARMA26MAR1740CE,38.0,38.6,33.75,35.7,35.75,33.2,1724.4,35.7,23100,8750,70,43513820.0,62,F1,350,,,,,
2026-02-18,2026-02-18,FO,NSE,STO,168372,,SUNPHARMA,,2026-03-30,2026-03-30,1790.0,CE,SUNPHARMA26MAR1790CE,0.0,0.0,0.0,19.0,0.0,19.0,1724.4,22.45,0,0,0,0.0,0,F1,350,,,,,
2026-02-18,2026-02-18,FO,NSE,STO,168440,,SUNPHARMA,,2026-04-28,2026-04-28,1460.0,CE,SUNPHARMA26APR1460CE,0.0,0.0,0.0,212.6,0.0,212.6,1724.4,280.35,0,0,0,0.0,0,F1,350,,,,,
2026-02-18,2026-02-18,FO,NSE,STO,159827,,SUNPHARMA,,2026-02-24,2026-02-24,1500.0,PE,SUNPHARMA26FEB1500PE,0.1,0.15,0.1,0.1,0.1,0.2,1724.4,0.1,135800,-5600,41,21526592.5,11,F1,350,,,,,
2026-02-18,2026-02-18,FO,NSE,STO,159988,,SUNPHARMA,,2026-03-30,2026-03-30,1700.0,CE,SUNPHARMA26MAR1700CE,57.8,61.95,55.05,58.85,59.0,54.75,1724.4,58.85,71400,17500,198,121898385.0,166,F1,350,,,,,
2026-02-18,2026-02-18,FO,NSE,STO,159958,,SUNPHARMA,,2026-03-30,2026-03-30,1400.0,CE,SUNPHARMA26MAR1400CE,0.0,0.0,0.0,342.65,0.0,342.65,1724.4,332.8,0,0,0,0.0,0,F1,350,,,,,
2026-02-18,2026-02-18,FO,NSE,STO,159870,,SUNPHARMA,,2026-02-24,2026-02-24,1790.0,CE,SUNPHARMA26FEB1790CE,1.65,1.7,1.05,1.2,1.15,1.55,1724.4,1.2,22050,3850,115,72102467.5,94,F1,350,,,,,
2026-02-18,2026-02-18,FO,NSE,STO,159828,,SUNPHARMA,,2026-02-24,2026-02-24,1510.0,CE,SUNPHARMA26FEB1510CE,0.0,0.0,0.0,227.85,0.0,227.85,1724.4,215.75,0,0,0,0.0,0,F1,350,,,,,
2026-02-18,2026-02-18,FO,NSE,STO,137449,,SUNPHARMA,,2026-02-24,2026-02-24,1360.0,CE,SUNPHARMA26FEB1360CE,0.0,0.0,0.0,437.75,0.0,437.75,1724.4,365.65,0,0,0,0.0,0,F1,350,,,,,
2026-02-18,2026-02-18,FO,NSE,STO,168483,,SUNPHARMA,,2026-04-28,2026-04-28,1880.0,PE,SUNPHARMA26APR1880PE,0.0,0.0,0.0,227.35,0.0,227.35,1724.4,151.05,0,0,0,0.0,0,F1,350,,,,,
2026-02-18,2026-02-18,FO,NSE,STO,168454,,SUNPHARMA,,2026-04-28,2026-04-28,1600.0,CE,SUNPHARMA26APR1600CE,0.0,0.0,0.0,109.9,0.0,109.9,1724.4,152.1,0,0,0,0.0,0,F1,350,,,,,
2026-02-18,2026-02-18,FO,NSE,STO,168472,,SUNPHARMA,,2026-04-28,2026-04-28,1780.0,CE,SUNPHARMA26APR1780CE,0.0,0.0,0.0,33.9,0.0,33.9,1724.4,41.55,0,0,0,0.0,0,F1,350,,,,,
2026-02-18,2026-02-18,FO,NSE,STO,168474,,SUNPHARMA,,2026-04-28,2026-04-28,1800.0,CE,SUNPHARMA26APR1800CE,0.0,0.0,0.0,29.15,0.0,29.15,1724.4,34.45,0,0,0,0.0,0,F1,350,,,,,
2026-02-18,2026-02-18,FO,NSE,STO,168476,,SUNPHARMA,,2026-04-28,2026-04-28,1820.0,CE,SUNPHARMA26APR1820CE,0.0,0.0,0.0,24.85,0.0,24.85,1724.4,28.35,0,0,0,0.0,0,F1,350,,,,,
2026-02-18,2026-02-18,FO,NSE,STO,159825,,SUNPHARMA,,2026-02-24,2026-02-24,1490.0,PE,SUNPHARMA26FEB1490PE,0.0,0.0,0.0,0.15,0.15,0.15,1724.4,0.05,11900,0,0,0.0,0,F1,350,,,,,
2026-02-18,2026-02-18,FO,NSE,STO,159835,,SUNPHARMA,,2026-02-24,2026-02-24,1550.0,PE,SUNPHARMA26FEB1550PE,0.45,0.5,0.25,0.4,0.35,0.7,1724.4,0.4,355250,-66500,275,149217442.5,100,F1,350,,,,,
2026-02-18,2026-02-18,FO,NSE,STO,159845,,SUNPHARMA,,2026-02-24,2026-02-24,1620.0,PE,SUNPHARMA26FEB1620PE,0.55,0.55,0.3,0.35,0.3,0.8,1724.4,0.35,208600,-8750,186,105489632.5,129,F1,350,,,,,
2026-02-18,2026-02-18,FO,NSE,STO,137620,,SUNPHARMA,,2026-02-24,2026-02-24,1640.0,PE,SUNPHARMA26FEB1640PE,0.65,0.65,0.2,0.3,0.25,0.95,1724.4,0.3,434000,-17150,354,203243075.0,290,F1,350,,,,,
2026-02-18,2026-02-18,FO,NSE,STO,168450,,SUNPHARMA,,2026-04-28,2026-04-28,1560.0,CE,SUNPHARMA26APR1560CE,0.0,0.0,0.0,135.6,0.0,135.6,1724.4,186.5,0,0,0,0.0,0,F1,350,,,,,
2026-02-18,2026-02-18,FO,NSE,STO,160006,,SUNPHARMA,,2026-03-30,2026-03-30,1880.0,CE,SUNPHARMA26MAR1880CE,0.0,0.0,0.0,6.7,6.7,6.7,1724.4,5.7,5600,0,0,0.0,0,F1,350,,,,,
2026-02-18,2026-02-18,FO,NSE,STO,168378,,SUNPHARMA,,2026-03-30,2026-03-30,1850.0,CE,SUNPHARMA26MAR1850CE,0.0,0.0,0.0,6.9,6.9,6.9,1724.4,9.35,9800,0,0,0.0,0,F1,350,,,,,
2026-02-18,2026-02-18,FO,NSE,STO,168376,,SUNPHARMA,,2026-03-30,2026-03-30,1830.0,CE,SUNPHARMA26MAR1830CE,0.0,0.0,0.0,12.5,0.0,12.5,1724.4,12.75,0,0,0,0.0,0,F1,350,,,,,
2026-02-18,2026-02-18,FO,NSE,STO,159861,,SUNPHARMA,,2026-02-24,2026-02-24,1730.0,PE,SUNPHARMA26FEB1730PE,21.9,22.55,14.0,16.45,15.95,24.35,1724.4,16.45,240450,105000,1869,1143025030.0,1730,F1,350,,,,,
2026-02-18,2026-02-18,FO,NSE,STO,159871,,SUNPHARMA,,2026-02-24,2026-02-24,1790.0,PE,SUNPHARMA26FEB1790PE,0.0,0.0,0.0,77.35,77.35,77.35,1724.4,65.35,700,0,0,0.0,0,F1,350,,,,,
2026-02-18,2026-02-18,FO,NSE,STO,159955,,SUNPHARMA,,2026-03-30,2026-03-30,1360.0,PE,SUNPHARMA26MAR1360PE,0.0,0.0,0.0,0.85,0.0,0.85,1724.4,0.05,0,0,0,0.0,0,F1,350,,,,,
2026-02-18,2026-02-18,FO,NSE,STO,159969,,SUNPHARMA,,2026-03-30,2026-03-30,1500.0,PE,SUNPHARMA26MAR1500PE,1.85,1.85,1.85,1.85,1.85,3.05,1724.4,0.4,19250,0,2,1051295.0,2,F1,350,,,,,
2026-02-18,2026-02-18,FO,NSE,STO,159985,,SUNPHARMA,,2026-03-30,2026-03-30,1660.0,PE,SUNPHARMA26MAR1660PE,14.8,15.9,13.0,14.05,13.75,17.0,1724.4,14.05,39900,-2800,87,50987125.0,75,F1,350,,,,,
2026-02-18,2026-02-18,FO,NSE,STO,168365,,SUNPHARMA,,2026-03-30,2026-03-30,1710.0,PE,SUNPHARMA26MAR1710PE,0.0,0.0,0.0,32.5,32.5,32.5,1724.4,32.35,1050,0,0,0.0,0,F1,350,,,,,
2026-02-18,2026-02-18,FO,NSE,STO,159991,,SUNPHARMA,,2026-03-30,2026-03-30,1720.0,PE,SUNPHARMA26MAR1720PE,33.1,35.6,30.0,32.2,32.3,37.15,1724.4,32.2,34300,11900,77,47229437.5,76,F1,350,,,,,
2026-02-18,2026-02-18,FO,NSE,STO,159995,,SUNPHARMA,,2026-03-30,2026-03-30,1760.0,PE,SUNPHARMA26MAR1760PE,0.0,0.0,0.0,67.0,67.0,67.0,1724.4,57.85,1400,0,0,0.0,0,F1,350,,,,,
2026-02-18,2026-02-18,FO,NSE,STO,160007,,SUNPHARMA,,2026-03-30,2026-03-30,1880.0,PE,SUNPHARMA26MAR1880PE,0.0,0.0,0.0,163.4,0.0,163.4,1724.4,150.0,0,0,0,0.0,0,F1,350,,,,,
2026-02-18,2026-02-18,FO,NSE,STO,168455,,SUNPHARMA,,2026-04-28,2026-04-28,1600.0,PE,SUNPHARMA26APR1600PE,0.0,0.0,0.0,46.5,0.0,46.5,1724.4,11.15,0,0,0,0.0,0,F1,350,,,,,
2026-02-18,2026-02-18,FO,NSE,STO,168465,,SUNPHARMA,,2026-04-28,2026-04-28,1700.0,PE,SUNPHARMA26APR1700PE,0.0,0.0,0.0,95.0,0.0,95.0,1724.4,38.4,0,0,0,0.0,0,F1,350,,,,,
2026-02-18,2026-02-18,FO,NSE,STO,168473,,SUNPHARMA,,2026-04-28,2026-04-28,1780.0,PE,SUNPHARMA26APR1780PE,0.0,0.0,0.0,147.75,0.0,147.75,1724.4,78.75,0,0,0,0.0,0,F1,350,,,,,
2026-02-18,2026-02-18,FO,NSE,STO,168485,,SUNPHARMA,,2026-04-28,2026-04-28,1900.0,PE,SUNPHARMA26APR1900PE,0.0,0.0,0.0,244.65,0.0,244.65,1724.4,167.75,0,0,0,0.0,0,F1,350,,,,,
2026-02-18,2026-02-18,FO,NSE,STO,168442,,SUNPHARMA,,2026-04-28,2026-04-28,1480.0,CE,SUNPHARMA26APR1480CE,0.0,0.0,0.0,195.95,0.0,195.95,1724.4,261.0,0,0,0,0.0,0,F1,350,,,,,
2026-02-18,2026-02-18,FO,NSE,STO,137523,,SUNPHARMA,,2026-02-24,2026-02-24,1480.0,CE,SUNPHARMA26FEB1480CE,239.0,239.0,239.0,239.0,239.0,230.0,1724.4,245.75,5250,0,1,601650.0,1,F1,350,,,,,
2026-02-18,2026-02-18,FO,NSE,STO,159826,,SUNPHARMA,,2026-02-24,2026-02-24,1500.0,CE,SUNPHARMA26FEB1500CE,221.1,221.1,221.1,221.1,221.1,210.3,1724.4,225.75,13650,-350,1,602385.0,1,F1,350,,,,,
2026-02-18,2026-02-18,FO,NSE,STO,159886,,SUNPHARMA,,2026-02-24,2026-02-24,1900.0,CE,SUNPHARMA26FEB1900CE,0.5,0.5,0.3,0.3,0.3,0.45,1724.4,0.05,39200,-2100,9,5986295.0,7,F1,350,,,,,
2026-02-18,2026-02-18,FO,NSE,STO,159890,,SUNPHARMA,,2026-02-24,2026-02-24,1930.0,CE,SUNPHARMA26FEB1930CE,0.0,0.0,0.0,9.5,0.0,9.5,1724.4,0.05,0,0,0,0.0,0,F1,350,,,,,
2026-02-18,2026-02-18,FO,NSE,STO,168344,,SUNPHARMA,,2026-03-30,2026-03-30,1510.0,CE,SUNPHARMA26MAR1510CE,0.0,0.0,0.0,157.85,0.0,157.85,1724.4,224.0,0,0,0,0.0,0,F1,350,,,,,
2026-02-18,2026-02-18,FO,NSE,STO,159970,,SUNPHARMA,,2026-03-30,2026-03-30,1520.0,CE,SUNPHARMA26MAR1520CE,0.0,0.0,0.0,232.5,0.0,232.5,1724.4,214.25,0,0,0,0.0,0,F1,350,,,,,
2026-02-18,2026-02-18,FO,NSE,STO,168356,,SUNPHARMA,,2026-03-30,2026-03-30,1630.0,CE,SUNPHARMA26MAR1630CE,0.0,0.0,0.0,105.0,105.0,105.0,1724.4,113.5,4200,0,0,0.0,0,F1,350,,,,,
2026-02-18,2026-02-18,FO,NSE,STO,159986,,SUNPHARMA,,2026-03-30,2026-03-30,1680.0,CE,SUNPHARMA26MAR1680CE,0.0,0.0,0.0,62.6,62.6,62.6,1724.4,75.8,30450,0,0,0.0,0,F1,350,,,,,
2026-02-18,2026-02-18,FO,NSE,STO,159994,,SUNPHARMA,,2026-03-30,2026-03-30,1760.0,CE,SUNPHARMA26MAR1760CE,31.05,31.05,31.05,31.05,31.05,71.45,1724.4,31.05,350,350,1,626867.5,1,F1,350,,,,,
2026-02-18,2026-02-18,FO,NSE,STO,168380,,SUNPHARMA,,2026-03-30,2026-03-30,1870.0,CE,SUNPHARMA26MAR1870CE,5.7,6.0,5.65,5.8,6.0,6.0,1724.4,5.8,11200,9800,28,18382122.5,26,F1,350,,,,,
2026-02-18,2026-02-18,FO,NSE,STO,160010,,SUNPHARMA,,2026-03-30,2026-03-30,1920.0,CE,SUNPHARMA26MAR1920CE,0.0,0.0,0.0,4.55,4.55,4.55,1724.4,2.75,1050,0,0,0.0,0,F1,350,,,,,
2026-02-18,2026-02-18,FO,NSE,STO,168430,,SUNPHARMA,,2026-04-28,2026-04-28,1360.0,CE,SUNPHARMA26APR1360CE,0.0,0.0,0.0,302.5,0.0,302.5,1724.4,378.5,0,0,0,0.0,0,F1,350,,,,,
2026-02-18,2026-02-18,FO,NSE,STO,168445,,SUNPHARMA,,2026-04-28,2026-04-28,1500.0,PE,SUNPHARMA26APR1500PE,0.0,0.0,0.0,18.0,0.0,18.0,1724.4,2.0,0,0,0,0.0,0,F1,350,,,,,
2026-02-18,2026-02-18,FO,NSE,STO,168431,,SUNPHARMA,,2026-04-28,2026-04-28,1360.0,PE,SUNPHARMA26APR1360PE,0.0,0.0,0.0,2.8,0.0,2.8,1724.4,0.05,0,0,0,0.0,0,F1,350,,,,,
2026-02-18,2026-02-18,FO,NSE,STO,168385,,SUNPHARMA,,2026-03-30,2026-03-30,1910.0,PE,SUNPHARMA26MAR1910PE,0.0,0.0,0.0,256.1,0.0,256.1,1724.4,177.45,0,0,0,0.0,0,F1,350,,,,,
2026-02-18,2026-02-18,FO,NSE,STO,168357,,SUNPHARMA,,2026-03-30,2026-03-30,1630.0,PE,SUNPHARMA26MAR1630PE,10.4,10.55,9.0,9.0,9.0,11.15,1724.4,9.3,13650,3850,22,12629435.0,21,F1,350,,,,,
2026-02-18,2026-02-18,FO,NSE,STO,159965,,SUNPHARMA,,2026-03-30,2026-03-30,1460.0,PE,SUNPHARMA26MAR1460PE,0.0,0.0,0.0,4.4,0.0,4.4,1724.4,0.1,0,0,0,0.0,0,F1,350,,,,,
2026-02-18,2026-02-18,FO,NSE,STO,159875,,SUNPHARMA,,2026-02-24,2026-02-24,1820.0,PE,SUNPHARMA26FEB1820PE,0.0,0.0,0.0,121.0,118.0,121.0,1724.4,94.2,350,0,0,0.0,0,F1,350,,,,,
2026-02-18,2026-02-18,FO,NSE,STO,137450,,SUNPHARMA,,2026-02-24,2026-02-24,1360.0,PE,SUNPHARMA26FEB1360PE,0.0,0.0,0.0,0.05,0.05,0.05,1724.4,0.05,34300,0,0,0.0,0,F1,350,,,,,
2026-02-18,2026-02-18,FO,NSE,STO,168466,,SUNPHARMA,,2026-04-28,2026-04-28,1720.0,CE,SUNPHARMA26APR1720CE,0.0,0.0,0.0,52.3,0.0,52.3,1724.4,69.05,0,0,0,0.0,0,F1,350,,,,,
2026-02-18,2026-02-18,FO,NSE,STO,168435,,SUNPHARMA,,2026-04-28,2026-04-28,1400.0,PE,SUNPHARMA26APR1400PE,0.0,0.0,0.0,5.1,0.0,5.1,1724.4,0.2,0,0,0,0.0,0,F1,350,,,,,
2026-02-18,2026-02-18,FO,NSE,STO,168487,,SUNPHARMA,,2026-04-28,2026-04-28,1920.0,PE,SUNPHARMA26APR1920PE,0.0,0.0,0.0,262.25,0.0,262.25,1724.4,185.0,0,0,0,0.0,0,F1,350,,,,,
2026-02-18,2026-02-18,FO,NSE,STF,59473,,SUNPHARMA,,2026-02-24,2026-02-24,,,SUNPHARMA26FEBFUT,1706.4,1728.3,1706.4,1722.4,1723.5,1715.3,1724.4,1722.4,21252350,-590450,5719,3447540775.0,4437,F1,350,,,,,
2026-02-18,2026-02-18,FO,NSE,STO,159840,,SUNPHARMA,,2026-02-24,2026-02-24,1590.0,CE,SUNPHARMA26FEB1590CE,131.85,133.3,126.45,126.45,126.45,122.05,1724.4,135.85,73500,-350,6,3613592.5,6,F1,350,,,,,
2026-02-18,2026-02-18,FO,NSE,STO,159848,,SUNPHARMA,,2026-02-24,2026-02-24,1650.0,CE,SUNPHARMA26FEB1650CE,75.0,75.85,69.1,71.45,72.3,65.8,1724.4,71.45,923300,0,96,57828032.5,96,F1,350,,,,,
2026-02-18,2026-02-18,FO,NSE,STO,137757,,SUNPHARMA,,2026-02-24,2026-02-24,1760.0,CE,SUNPHARMA26FEB1760CE,3.35,4.2,2.2,2.5,2.5,3.25,1724.4,2.5,217350,52500,2578,1590797250.0,1544,F1,350,,,,,
2026-02-18,2026-02-18,FO,NSE,STO,159892,,SUNPHARMA,,2026-02-24,2026-02-24,1940.0,CE,SUNPHARMA26FEB1940CE,0.0,0.0,0.0,8.45,0.0,8.45,1724.4,0.05,0,0,0,0.0,0,F1,350,,,,,
2026-02-18,2026-02-18,FO,NSE,STO,50104,,SUNPHARMA,,2026-03-30,2026-03-30,1340.0,CE,SUNPHARMA26MAR1340CE,0.0,0.0,0.0,377.4,0.0,377.4,1724.4,392.45,0,0,0,0.0,0,F1,350,,,,,
2026-02-18,2026-02-18,FO,NSE,STO,159962,,SUNPHARMA,,2026-03-30,2026-03-30,1440.0,CE,SUNPHARMA26MAR1440CE,0.0,0.0,0.0,304.8,0.0,304.8,1724.4,293.1,0,0,0,0.0,0,F1,350,,,,,
2026-02-18,2026-02-18,FO,NSE,STO,168368,,SUNPHARMA,,2026-03-30,2026-03-30,1750.0,CE,SUNPHARMA26MAR1750CE,32.0,33.65,29.35,31.45,31.9,28.7,1724.4,31.45,56700,44100,234,145908402.5,209,F1,350,,,,,
2026-02-18,2026-02-18,FO,NSE,STO,160002,,SUNPHARMA,,2026-03-30,2026-03-30,1840.0,CE,SUNPHARMA26MAR1840CE,9.5,9.7,8.2,8.85,9.0,8.45,1724.4,8.85,32200,8400,64,41416270.0,50,F1,350,,,,,
2026-02-18,2026-02-18,FO,NSE,STO,168386,,SUNPHARMA,,2026-03-30,2026-03-30,1930.0,CE,SUNPHARMA26MAR1930CE,0.0,0.0,0.0,3.9,0.0,3.9,1724.4,2.3,0,0,0,0.0,0,F1,350,,,,,
2026-02-18,2026-02-18,FO,NSE,STO,160012,,SUNPHARMA,,2026-03-30,2026-03-30,1940.0,CE,SUNPHARMA26MAR1940CE,0.0,0.0,0.0,19.65,0.0,19.65,1724.4,1.9,0,0,0,0.0,0,F1,350,,,,,
2026-02-18,2026-02-18,FO,NSE,STO,168444,,SUNPHARMA,,2026-04-28,2026-04-28,1500.0,CE,SUNPHARMA26APR1500CE,0.0,0.0,0.0,179.85,0.0,179.85,1724.4,241.9,0,0,0,0.0,0,F1,350,,,,,
2026-02-18,2026-02-18,FO,NSE,STO,168468,,SUNPHARMA,,2026-04-28,2026-04-28,1740.0,CE,SUNPHARMA26APR1740CE,0.0,0.0,0.0,45.5,0.0,45.5,1724.4,58.85,0,0,0,0.0,0,F1,350,,,,,
2026-02-18,2026-02-18,FO,NSE,STO,168470,,SUNPHARMA,,2026-04-28,2026-04-28,1760.0,CE,SUNPHARMA26APR1760CE,0.0,0.0,0.0,39.35,0.0,39.35,1724.4,49.65,0,0,0,0.0,0,F1,350,,,,,
2026-02-18,2026-02-18,FO,NSE,STO,168486,,SUNPHARMA,,2026-04-28,2026-04-28,1920.0,CE,SUNPHARMA26APR1920CE,0.0,0.0,0.0,10.55,0.0,10.55,1724.4,9.3,0,0,0,0.0,0,F1,350,,,,,
2026-02-18,2026-02-18,FO,NSE,STO,168341,,SUNPHARMA,,2026-03-30,2026-03-30,1470.0,PE,SUNPHARMA26MAR1470PE,0.0,0.0,0.0,7.65,7.65,7.65,1724.4,0.15,350,0,0,0.0,0,F1,350,,,,,
2026-02-18,2026-02-18,FO,NSE,STO,159967,,SUNPHARMA,,2026-03-30,2026-03-30,1480.0,PE,SUNPHARMA26MAR1480PE,0.0,0.0,0.0,2.2,2.2,2.2,1724.4,0.2,51100,0,0,0.0,0,F1,350,,,,,
2026-02-18,2026-02-18,FO,NSE,STO,159979,,SUNPHARMA,,2026-03-30,2026-03-30,1600.0,PE,SUNPHARMA26MAR1600PE,6.5,7.2,5.7,6.3,6.35,9.65,1724.4,6.3,76300,6650,52,29234520.0,45,F1,350,,,,,
2026-02-18,2026-02-18,FO,NSE,STO,159989,,SUNPHARMA,,2026-03-30,2026-03-30,1700.0,PE,SUNPHARMA26MAR1700PE,25.45,27.85,22.95,24.3,24.25,28.7,1724.4,24.3,31150,19250,155,93609897.5,110,F1,350,,,,,
2026-02-18,2026-02-18,FO,NSE,STO,168379,,SUNPHARMA,,2026-03-30,2026-03-30,1850.0,PE,SUNPHARMA26MAR1850PE,0.0,0.0,0.0,201.75,0.0,201.75,1724.4,123.85,0,0,0,0.0,0,F1,350,,,,,
2026-02-18,2026-02-18,FO,NSE,STO,160013,,SUNPHARMA,,2026-03-30,2026-03-30,1940.0,PE,SUNPHARMA26MAR1940PE,0.0,0.0,0.0,210.7,0.0,210.7,1724.4,205.8,0,0,0,0.0,0,F1,350,,,,,
2026-02-18,2026-02-18,FO,NSE,STO,137521,,SUNPHARMA,,2026-02-24,2026-02-24,1440.0,CE,SUNPHARMA26FEB1440CE,0.0,0.0,0.0,258.7,258.7,258.7,1724.4,285.7,350,0,0,0.0,0,F1,350,,,,,
2026-02-18,2026-02-18,FO,NSE,STO,159808,,SUNPHARMA,,2026-02-24,2026-02-24,1380.0,CE,SUNPHARMA26FEB1380CE,0.0,0.0,0.0,353.2,0.0,353.2,1724.4,345.65,0,0,0,0.0,0,F1,350,,,,,
2026-02-18,2026-02-18,FO,NSE,STF,67016,,SUNPHARMA,,2026-04-28,2026-04-28,,,SUNPHARMA26APRFUT,1742.0,1748.8,1736.6,1742.8,1742.8,1736.0,1724.4,1742.4,64750,2100,28,17089100.0,28,F1,350,,,,,
2026-02-18,2026-02-18,FO,NSE,STO,137884,,SUNPHARMA,,2026-02-24,2026-02-24,1960.0,PE,SUNPHARMA26FEB1960PE,0.0,0.0,0.0,183.85,0.0,183.85,1724.4,233.85,0,0,0,0.0,0,F1,350,,,,,
2026-02-18,2026-02-18,FO,NSE,STO,168352,,SUNPHARMA,,2026-03-30,2026-03-30,1590.0,CE,SUNPHARMA26MAR1590CE,0.0,0.0,0.0,99.25,0.0,99.25,1724.4,148.1,0,0,0,0.0,0,F1,350,,,,,
2026-02-18,2026-02-18,FO,NSE,STO,168359,,SUNPHARMA,,2026-03-30,2026-03-30,1650.0,PE,SUNPHARMA26MAR1650PE,0.0,0.0,0.0,59.05,0.0,59.05,1724.4,13.25,0,0,0,0.0,0,F1,350,,,,,
2026-02-18,2026-02-18,FO,NSE,STO,159987,,SUNPHARMA,,2026-03-30,2026-03-30,1680.0,PE,SUNPHARMA26MAR1680PE,23.4,23.4,23.4,23.4,23.4,22.5,1724.4,21.3,9100,0,1,596190.0,1,F1,350,,,,,
2026-02-18,2026-02-18,FO,NSE,STO,168481,,SUNPHARMA,,2026-04-28,2026-04-28,1860.0,PE,SUNPHARMA26APR1860PE,0.0,0.0,0.0,210.5,0.0,210.5,1724.4,135.0,0,0,0,0.0,0,F1,350,,,,,
2026-02-18,2026-02-18,FO,NSE,STO,168354,,SUNPHARMA,,2026-03-30,2026-03-30,1610.0,CE,SUNPHARMA26MAR1610CE,0.0,0.0,0.0,86.9,0.0,86.9,1724.4,130.4,0,0,0,0.0,0,F1,350,,,,,
2026-02-18,2026-02-18,FO,NSE,STO,168370,,SUNPHARMA,,2026-03-30,2026-03-30,1770.0,CE,SUNPHARMA26MAR1770CE,26.5,26.5,23.7,24.6,24.2,22.7,1724.4,24.6,2100,1400,4,2512422.5,4,F1,350,,,,,
2026-02-18,2026-02-18,FO,NSE,STO,168462,,SUNPHARMA,,2026-04-28,2026-04-28,1680.0,CE,SUNPHARMA26APR1680CE,0.0,0.0,0.0,68.25,0.0,68.25,1724.4,92.8,0,0,0,0.0,0,F1,350,,,,,
2026-02-18,2026-02-18,FO,NSE,STO,168464,,SUNPHARMA,,2026-04-28,2026-04-28,1700.0,CE,SUNPHARMA26APR1700CE,0.0,0.0,0.0,59.9,0.0,59.9,1724.4,80.4,0,0,0,0.0,0,F1,350,,,,,
2026-02-18,2026-02-18,FO,NSE,STO,168371,,SUNPHARMA,,2026-03-30,2026-03-30,1770.0,PE,SUNPHARMA26MAR1770PE,57.9,57.9,57.9,57.9,57.9,135.8,1724.4,64.0,350,350,1,639765.0,1,F1,350,,,,,
2026-02-18,2026-02-18,FO,NSE,STO,159997,,SUNPHARMA,,2026-03-30,2026-03-30,1780.0,PE,SUNPHARMA26MAR1780PE,0.0,0.0,0.0,96.4,0.0,96.4,1724.4,70.5,0,0,0,0.0,0,F1,350,,,,,
2026-02-18,2026-02-18,FO,NSE,STO,159999,,SUNPHARMA,,2026-03-30,2026-03-30,1800.0,PE,SUNPHARMA26MAR1800PE,81.5,84.25,79.0,80.0,80.0,91.65,1724.4,80.0,15050,12250,55,36199047.5,42,F1,350,,,,,
2026-02-18,2026-02-18,FO,NSE,STO,168377,,SUNPHARMA,,2026-03-30,2026-03-30,1830.0,PE,SUNPHARMA26MAR1830PE,0.0,0.0,0.0,184.45,0.0,184.45,1724.4,107.35,0,0,0,0.0,0,F1,350,,,,,
2026-02-18,2026-02-18,FO,NSE,STO,168383,,SUNPHARMA,,2026-03-30,2026-03-30,1890.0,PE,SUNPHARMA26MAR1890PE,0.0,0.0,0.0,237.65,0.0,237.65,1724.4,159.0,0,0,0,0.0,0,F1,350,,,,,
2026-02-18,2026-02-18,FO,NSE,STO,160015,,SUNPHARMA,,2026-03-30,2026-03-30,1960.0,PE,SUNPHARMA26MAR1960PE,0.0,0.0,0.0,227.45,0.0,227.45,1724.4,225.1,0,0,0,0.0,0,F1,350,,,,,
2026-02-18,2026-02-18,FO,NSE,STO,168447,,SUNPHARMA,,2026-04-28,2026-04-28,1520.0,PE,SUNPHARMA26APR1520PE,0.0,0.0,0.0,22.25,0.0,22.25,1724.4,2.95,0,0,0,0.0,0,F1,350,,,,,
2026-02-18,2026-02-18,FO,NSE,STO,168463,,SUNPHARMA,,2026-04-28,2026-04-28,1680.0,PE,SUNPHARMA26APR1680PE,0.0,0.0,0.0,83.65,0.0,83.65,1724.4,31.0,0,0,0,0.0,0,F1,350,,,,,
2026-02-18,2026-02-18,FO,NSE,STO,137883,,SUNPHARMA,,2026-02-24,2026-02-24,1960.0,CE,SUNPHARMA26FEB1960CE,0.15,0.15,0.15,0.15,0.15,0.2,1724.4,0.05,8400,-700,4,2744210.0,4,F1,350,,,,,
2026-02-18,2026-02-18,FO,NSE,STO,159876,,SUNPHARMA,,2026-02-24,2026-02-24,1830.0,CE,SUNPHARMA26FEB1830CE,0.85,0.9,0.65,0.7,0.7,0.85,1724.4,0.7,13300,-350,23,14738132.5,13,F1,350,,,,,
2026-02-18,2026-02-18,FO,NSE,STO,159856,,SUNPHARMA,,2026-02-24,2026-02-24,1700.0,CE,SUNPHARMA26FEB1700CE,22.9,30.45,21.7,24.6,25.0,23.1,1724.4,24.6,1570100,-170100,4629,2796753627.5,3854,F1,350,,,,,
2026-02-18,2026-02-18,FO,NSE,STO,159820,,SUNPHARMA,,2026-02-24,2026-02-24,1460.0,CE,SUNPHARMA26FEB1460CE,0.0,0.0,0.0,275.15,0.0,275.15,1724.4,265.7,0,0,0,0.0,0,F1,350,,,,,
2026-02-18,2026-02-18,FO,NSE,STO,160004,,SUNPHARMA,,2026-03-30,2026-03-30,1860.0,CE,SUNPHARMA26MAR1860CE,7.15,7.2,6.4,6.8,6.9,6.7,1724.4,6.8,26950,1750,59,38548755.0,52,F1,350,,,,,
2026-02-18,2026-02-18,FO,NSE,STO,168434,,SUNPHARMA,,2026-04-28,2026-04-28,1400.0,CE,SUNPHARMA26APR1400CE,0.0,0.0,0.0,265.45,0.0,265.45,1724.4,339.05,0,0,0,0.0,0,F1,350,,,,,
2026-02-18,2026-02-18,FO,NSE,STO,168452,,SUNPHARMA,,2026-04-28,2026-04-28,1580.0,CE,SUNPHARMA26APR1580CE,0.0,0.0,0.0,122.35,0.0,122.35,1724.4,169.0,0,0,0,0.0,0,F1,350,,,,,
2026-02-18,2026-02-18,FO,NSE,STO,137522,,SUNPHARMA,,2026-02-24,2026-02-24,1440.0,PE,SUNPHARMA26FEB1440PE,0.4,0.4,0.1,0.1,0.1,0.15,1724.4,0.05,37450,2450,16,8065855.0,5,F1,350,,,,,
2026-02-18,2026-02-18,FO,NSE,STO,159839,,SUNPHARMA,,2026-02-24,2026-02-24,1580.0,PE,SUNPHARMA26FEB1580PE,0.25,0.35,0.25,0.3,0.3,1.0,1724.4,0.3,76650,-11900,61,33738985.0,43,F1,350,,,,,
2026-02-18,2026-02-18,FO,NSE,STO,159859,,SUNPHARMA,,2026-02-24,2026-02-24,1710.0,PE,SUNPHARMA26FEB1710PE,11.0,11.75,5.55,6.3,6.0,12.7,1724.4,6.3,714700,63350,2818,1694478047.5,2450,F1,350,,,,,
2026-02-18,2026-02-18,FO,NSE,STO,159865,,SUNPHARMA,,2026-02-24,2026-02-24,1750.0,PE,SUNPHARMA26FEB1750PE,36.45,38.45,28.15,32.55,32.2,40.25,1724.4,32.55,120050,32550,590,368050935.0,588,F1,350,,,,,
2026-02-18,2026-02-18,FO,NSE,STO,137880,,SUNPHARMA,,2026-02-24,2026-02-24,1880.0,PE,SUNPHARMA26FEB1880PE,0.0,0.0,0.0,156.0,156.0,156.0,1724.4,153.9,1400,0,0,0.0,0,F1,350,,,,,
2026-02-18,2026-02-18,FO,NSE,STO,168449,,SUNPHARMA,,2026-04-28,2026-04-28,1540.0,PE,SUNPHARMA26APR1540PE,0.0,0.0,0.0,27.25,0.0,27.25,1724.4,4.25,0,0,0,0.0,0,F1,350,,,,,
2026-02-18,2026-02-18,FO,NSE,STO,168387,,SUNPHARMA,,2026-03-30,2026-03-30,1930.0,PE,SUNPHARMA26MAR1930PE,0.0,0.0,0.0,274.8,0.0,274.8,1724.4,196.3,0,0,0,0.0,0,F1,350,,,,,
2026-02-18,2026-02-18,FO,NSE,STO,160005,,SUNPHARMA,,2026-03-30,2026-03-30,1860.0,PE,SUNPHARMA26MAR1860PE,0.0,0.0,0.0,148.6,0.0,148.6,1724.4,132.4,0,0,0,0.0,0,F1,350,,,,,
2026-02-18,2026-02-18,FO,NSE,STO,159977,,SUNPHARMA,,2026-03-30,2026-03-30,1580.0,PE,SUNPHARMA26MAR1580PE,4.6,4.6,4.4,4.4,4.4,7.5,1724.4,3.35,9100,-3150,15,8318800.0,12,F1,350,,,,,
2026-02-18,2026-02-18,FO,NSE,STO,168343,,SUNPHARMA,,2026-03-30,2026-03-30,1490.0,PE,SUNPHARMA26MAR1490PE,0.0,0.0,0.0,9.95,0.0,9.95,1724.4,0.3,0,0,0,0.0,0,F1,350,,,,,
2026-02-18,2026-02-18,FO,NSE,STO,159862,,SUNPHARMA,,2026-02-24,2026-02-24,1740.0,CE,SUNPHARMA26FEB1740CE,6.3,8.45,4.6,5.3,5.4,6.25,1724.4,5.3,661150,237650,4722,2886425640.0,3691,F1,350,,,,,
2026-02-18,2026-02-18,FO,NSE,STO,168340,,SUNPHARMA,,2026-03-30,2026-03-30,1470.0,CE,SUNPHARMA26MAR1470CE,0.0,0.0,0.0,191.7,0.0,191.7,1724.4,263.4,0,0,0,0.0,0,F1,350,,,,,
2026-02-18,2026-02-18,FO,NSE,STO,168342,,SUNPHARMA,,2026-03-30,2026-03-30,1490.0,CE,SUNPHARMA26MAR1490CE,0.0,0.0,0.0,174.45,0.0,174.45,1724.4,243.65,0,0,0,0.0,0,F1,350,,,,,
2026-02-18,2026-02-18,FO,NSE,STO,159889,,SUNPHARMA,,2026-02-24,2026-02-24,1910.0,PE,SUNPHARMA26FEB1910PE,0.0,0.0,0.0,184.05,0.0,184.05,1724.4,183.85,0,0,0,0.0,0,F1,350,,,,,
2026-02-18,2026-02-18,FO,NSE,STO,137758,,SUNPHARMA,,2026-02-24,2026-02-24,1760.0,PE,SUNPHARMA26FEB1760PE,44.65,47.1,37.1,41.5,41.0,48.85,1724.4,41.5,35000,13650,149,93989157.5,146,F1,350,,,,,
2026-02-18,2026-02-18,FO,NSE,STO,159863,,SUNPHARMA,,2026-02-24,2026-02-24,1740.0,PE,SUNPHARMA26FEB1740PE,28.4,30.4,20.75,24.05,23.5,32.05,1724.4,24.05,111650,50400,805,497235917.5,796,F1,350,,,,,
2026-02-18,2026-02-18,FO,NSE,STO,137526,,SUNPHARMA,,2026-02-24,2026-02-24,1520.0,PE,SUNPHARMA26FEB1520PE,0.2,0.2,0.15,0.15,0.15,0.35,1724.4,0.05,16100,-9800,30,15961610.0,26,F1,350,,,,,
2026-02-18,2026-02-18,FO,NSE,STO,159823,,SUNPHARMA,,2026-02-24,2026-02-24,1470.0,PE,SUNPHARMA26FEB1470PE,0.0,0.0,0.0,1.75,0.0,1.75,1724.4,0.05,0,0,0,0.0,0,F1,350,,,,,
2026-02-18,2026-02-18,FO,NSE,STO,168490,,SUNPHARMA,,2026-04-28,2026-04-28,1960.0,CE,SUNPHARMA26APR1960CE,0.0,0.0,0.0,7.25,0.0,7.25,1724.4,5.6,0,0,0,0.0,0,F1,350,,,,,
2026-02-18,2026-02-18,FO,NSE,STO,168460,,SUNPHARMA,,2026-04-28,2026-04-28,1660.0,CE,SUNPHARMA26APR1660CE,0.0,0.0,0.0,77.45,0.0,77.45,1724.4,106.25,0,0,0,0.0,0,F1,350,,,,,
2026-02-18,2026-02-18,FO,NSE,STO,168349,,SUNPHARMA,,2026-03-30,2026-03-30,1550.0,PE,SUNPHARMA26MAR1550PE,0.0,0.0,0.0,4.55,4.55,4.55,1724.4,1.6,20650,0,0,0.0,0,F1,350,,,,,
2026-02-18,2026-02-18,FO,NSE,STO,168478,,SUNPHARMA,,2026-04-28,2026-04-28,1840.0,CE,SUNPHARMA26APR1840CE,0.0,0.0,0.0,21.1,0.0,21.1,1724.4,23.1,0,0,0,0.0,0,F1,350,,,,,
2026-02-18,2026-02-18,FO,NSE,STO,159831,,SUNPHARMA,,2026-02-24,2026-02-24,1530.0,PE,SUNPHARMA26FEB1530PE,0.2,0.2,0.15,0.2,0.2,0.5,1724.4,0.05,32200,-1750,13,6962287.5,7,F1,350,,,,,
2026-02-18,2026-02-18,FO,NSE,STO,159833,,SUNPHARMA,,2026-02-24,2026-02-24,1540.0,PE,SUNPHARMA26FEB1540PE,0.3,0.3,0.15,0.2,0.2,0.5,1724.4,0.2,33600,-10500,84,45282195.0,56,F1,350,,,,,
2026-02-18,2026-02-18,FO,NSE,STO,137528,,SUNPHARMA,,2026-02-24,2026-02-24,1560.0,PE,SUNPHARMA26FEB1560PE,0.3,0.35,0.25,0.3,0.35,0.6,1724.4,0.3,72450,-11200,48,26212550.0,16,F1,350,,,,,
2026-02-18,2026-02-18,FO,NSE,STO,168477,,SUNPHARMA,,2026-04-28,2026-04-28,1820.0,PE,SUNPHARMA26APR1820PE,0.0,0.0,0.0,178.05,0.0,178.05,1724.4,105.1,0,0,0,0.0,0,F1,350,,,,,
2026-02-18,2026-02-18,FO,NSE,STO,168467,,SUNPHARMA,,2026-04-28,2026-04-28,1720.0,PE,SUNPHARMA26APR1720PE,0.0,0.0,0.0,107.1,0.0,107.1,1724.4,46.9,0,0,0,0.0,0,F1,350,,,,,
2026-02-18,2026-02-18,FO,NSE,STO,168375,,SUNPHARMA,,2026-03-30,2026-03-30,1810.0,PE,SUNPHARMA26MAR1810PE,0.0,0.0,0.0,167.6,0.0,167.6,1724.4,91.75,0,0,0,0.0,0,F1,350,,,,,
2026-02-18,2026-02-18,FO,NSE,STO,168347,,SUNPHARMA,,2026-03-30,2026-03-30,1530.0,PE,SUNPHARMA26MAR1530PE,0.0,0.0,0.0,17.05,0.0,17.05,1724.4,0.95,0,0,0,0.0,0,F1,350,,,,,
2026-02-18,2026-02-18,FO,NSE,STO,159961,,SUNPHARMA,,2026-03-30,2026-03-30,1420.0,PE,SUNPHARMA26MAR1420PE,0.8,0.8,0.8,0.8,0.8,9.5,1724.4,0.05,0,-350,1,497280.0,1,F1,350,,,,,
2026-02-18,2026-02-18,FO,NSE,STO,159885,,SUNPHARMA,,2026-02-24,2026-02-24,1890.0,PE,SUNPHARMA26FEB1890PE,0.0,0.0,0.0,167.1,0.0,167.1,1724.4,163.9,0,0,0,0.0,0,F1,350,,,,,
2026-02-18,2026-02-18,FO,NSE,STO,159883,,SUNPHARMA,,2026-02-24,2026-02-24,1870.0,PE,SUNPHARMA26FEB1870PE,0.0,0.0,0.0,150.8,0.0,150.8,1724.4,143.9,0,0,0,0.0,0,F1,350,,,,,
2026-02-18,2026-02-18,FO,NSE,STO,137878,,SUNPHARMA,,2026-02-24,2026-02-24,1840.0,PE,SUNPHARMA26FEB1840PE,0.0,0.0,0.0,102.15,0.0,102.15,1724.4,114.0,0,0,0,0.0,0,F1,350,,,,,
2026-02-18,2026-02-18,FO,NSE,STO,159877,,SUNPHARMA,,2026-02-24,2026-02-24,1830.0,PE,SUNPHARMA26FEB1830PE,0.0,0.0,0.0,120.05,0.0,120.05,1724.4,104.1,0,0,0,0.0,0,F1,350,,,,,
2026-02-18,2026-02-18,FO,NSE,STO,159873,,SUNPHARMA,,2026-02-24,2026-02-24,1810.0,PE,SUNPHARMA26FEB1810PE,0.0,0.0,0.0,105.9,0.0,105.9,1724.4,84.4,0,0,0,0.0,0,F1,350,,,,,
2026-02-18,2026-02-18,FO,NSE,STO,137618,,SUNPHARMA,,2026-02-24,2026-02-24,1600.0,PE,SUNPHARMA26FEB1600PE,0.6,0.6,0.25,0.25,0.25,0.7,1724.4,0.25,283500,-22050,110,61614525.0,72,F1,350,,,,,
2026-02-18,2026-02-18,FO,NSE,STO,159822,,SUNPHARMA,,2026-02-24,2026-02-24,1470.0,CE,SUNPHARMA26FEB1470CE,0.0,0.0,0.0,265.55,0.0,265.55,1724.4,255.75,0,0,0,0.0,0,F1,350,,,,,
2026-02-18,2026-02-18,FO,NSE,STO,159858,,SUNPHARMA,,2026-02-24,2026-02-24,1710.0,CE,SUNPHARMA26FEB1710CE,18.7,22.5,14.8,17.15,17.9,16.8,1724.4,17.15,1492050,-78750,2801,1694737415.0,2249,F1,350,,,,,
2026-02-18,2026-02-18,FO,NSE,STO,137881,,SUNPHARMA,,2026-02-24,2026-02-24,1920.0,CE,SUNPHARMA26FEB1920CE,0.0,0.0,0.0,0.25,0.25,0.25,1724.4,0.05,3150,0,0,0.0,0,F1,350,,,,,
2026-02-18,2026-02-18,FO,NSE,STO,137885,,SUNPHARMA,,2026-02-24,2026-02-24,2000.0,CE,SUNPHARMA26FEB2000CE,0.0,0.0,0.0,0.15,0.15,0.15,1724.4,0.05,7700,0,0,0.0,0,F1,350,,,,,
2026-02-18,2026-02-18,FO,NSE,STO,159966,,SUNPHARMA,,2026-03-30,2026-03-30,1480.0,CE,SUNPHARMA26MAR1480CE,0.0,0.0,0.0,267.95,0.0,267.95,1724.4,253.5,0,0,0,0.0,0,F1,350,,,,,
2026-02-18,2026-02-18,FO,NSE,STO,159996,,SUNPHARMA,,2026-03-30,2026-03-30,1780.0,CE,SUNPHARMA26MAR1780CE,21.9,22.0,19.35,20.4,20.4,19.2,1724.4,20.4,24150,12250,76,47903152.5,63,F1,350,,,,,
2026-02-18,2026-02-18,FO,NSE,STO,160000,,SUNPHARMA,,2026-03-30,2026-03-30,1820.0,CE,SUNPHARMA26MAR1820CE,11.25,12.85,10.65,11.75,11.75,11.2,1724.4,11.75,19600,5600,36,23080487.5,30,F1,350,,,,,
2026-02-18,2026-02-18,FO,NSE,STO,159874,,SUNPHARMA,,2026-02-24,2026-02-24,1820.0,CE,SUNPHARMA26FEB1820CE,0.95,1.0,0.55,0.7,0.75,0.95,1724.4,0.7,118300,-2100,51,32501647.5,43,F1,350,,,,,
2026-02-18,2026-02-18,FO,NSE,STO,159880,,SUNPHARMA,,2026-02-24,2026-02-24,1860.0,CE,SUNPHARMA26FEB1860CE,0.0,0.0,0.0,0.7,0.7,0.7,1724.4,0.05,42000,0,0,0.0,0,F1,350,,,,,
2026-02-18,2026-02-18,FO,NSE,STO,159888,,SUNPHARMA,,2026-02-24,2026-02-24,1910.0,CE,SUNPHARMA26FEB1910CE,0.0,0.0,0.0,11.9,0.0,11.9,1724.4,0.05,0,0,0,0.0,0,F1,350,,,,,
2026-02-18,2026-02-18,FO,NSE,STO,160008,,SUNPHARMA,,2026-03-30,2026-03-30,1900.0,CE,SUNPHARMA26MAR1900CE,4.6,4.6,4.6,4.6,4.6,2.4,1724.4,4.0,700,350,1,666610.0,1,F1,350,,,,,
2026-02-18,2026-02-18,FO,NSE,STO,168446,,SUNPHARMA,,2026-04-28,2026-04-28,1520.0,CE,SUNPHARMA26APR1520CE,0.0,0.0,0.0,164.4,0.0,164.4,1724.4,223.05,0,0,0,0.0,0,F1,350,,,,,
2026-02-18,2026-02-18,FO,NSE,STO,137524,,SUNPHARMA,,2026-02-24,2026-02-24,1480.0,PE,SUNPHARMA26FEB1480PE,0.2,0.2,0.15,0.15,0.15,0.25,1724.4,0.05,61950,-350,2,1036122.5,2,F1,350,,,,,
2026-02-18,2026-02-18,FO,NSE,STO,159824,,SUNPHARMA,,2026-02-24,2026-02-24,1490.0,CE,SUNPHARMA26FEB1490CE,0.0,0.0,0.0,246.55,0.0,246.55,1724.4,235.75,0,0,0,0.0,0,F1,350,,,,,
2026-02-18,2026-02-18,FO,NSE,STO,159832,,SUNPHARMA,,2026-02-24,2026-02-24,1540.0,CE,SUNPHARMA26FEB1540CE,0.0,0.0,0.0,82.3,82.3,82.3,1724.4,185.8,700,0,0,0.0,0,F1,350,,,,,
2026-02-18,2026-02-18,FO,NSE,STO,159834,,SUNPHARMA,,2026-02-24,2026-02-24,1550.0,CE,SUNPHARMA26FEB1550CE,0.0,0.0,0.0,149.2,149.2,149.2,1724.4,175.8,23100,0,0,0.0,0,F1,350,,,,,
2026-02-18,2026-02-18,FO,NSE,STO,159842,,SUNPHARMA,,2026-02-24,2026-02-24,1610.0,CE,SUNPHARMA26FEB1610CE,109.25,115.45,109.25,115.45,115.45,106.45,1724.4,115.9,165200,-350,7,4218637.5,7,F1,350,,,,,
2026-02-18,2026-02-18,FO,NSE,STO,159866,,SUNPHARMA,,2026-02-24,2026-02-24,1770.0,CE,SUNPHARMA26FEB1770CE,2.05,2.95,1.6,1.8,1.8,2.4,1724.4,1.8,91350,7700,508,315120627.5,374,F1,350,,,,,
2026-02-18,2026-02-18,FO,NSE,STO,137875,,SUNPHARMA,,2026-02-24,2026-02-24,1800.0,CE,SUNPHARMA26FEB1800CE,1.35,1.6,0.65,1.05,1.1,1.35,1724.4,1.05,530600,-65800,1388,875008417.5,820,F1,350,,,,,
2026-02-18,2026-02-18,FO,NSE,STO,159882,,SUNPHARMA,,2026-02-24,2026-02-24,1870.0,CE,SUNPHARMA26FEB1870CE,0.0,0.0,0.0,0.55,0.55,0.55,1724.4,0.05,7000,0,0,0.0,0,F1,350,,,,,
2026-02-18,2026-02-18,FO,NSE,STO,159898,,SUNPHARMA,,2026-02-24,2026-02-24,1980.0,CE,SUNPHARMA26FEB1980CE,0.0,0.0,0.0,0.2,0.2,0.2,1724.4,0.05,4900,0,0,0.0,0,F1,350,,,,,
2026-02-18,2026-02-18,FO,NSE,STO,159904,,SUNPHARMA,,2026-02-24,2026-02-24,2020.0,CE,SUNPHARMA26FEB2020CE,0.1,2.9,0.1,0.25,0.25,0.05,1724.4,0.25,9800,5600,42,29699740.0,28,F1,350,,,,,
2026-02-18,2026-02-18,FO,NSE,STO,159974,,SUNPHARMA,,2026-03-30,2026-03-30,1560.0,CE,SUNPHARMA26MAR1560CE,0.0,0.0,0.0,198.9,0.0,198.9,1724.4,175.85,0,0,0,0.0,0,F1,350,,,,,
2026-02-18,2026-02-18,FO,NSE,STO,168358,,SUNPHARMA,,2026-03-30,2026-03-30,1650.0,CE,SUNPHARMA26MAR1650CE,0.0,0.0,0.0,37.0,37.0,37.0,1724.4,97.55,1050,0,0,0.0,0,F1,350,,,,,
2026-02-18,2026-02-18,FO,NSE,STO,168374,,SUNPHARMA,,2026-03-30,2026-03-30,1810.0,CE,SUNPHARMA26MAR1810CE,0.0,0.0,0.0,15.45,0.0,15.45,1724.4,17.05,0,0,0,0.0,0,F1,350,,,,,
2026-02-18,2026-02-18,FO,NSE,STO,137626,,SUNPHARMA,,2026-02-24,2026-02-24,1680.0,PE,SUNPHARMA26FEB1680PE,3.5,3.55,1.05,1.25,1.3,4.0,1724.4,1.25,664650,32200,2550,1501202342.5,1542,F1,350,,,,,
2026-02-18,2026-02-18,FO,NSE,STO,160003,,SUNPHARMA,,2026-03-30,2026-03-30,1840.0,PE,SUNPHARMA26MAR1840PE,0.0,0.0,0.0,134.55,0.0,134.55,1724.4,115.45,0,0,0,0.0,0,F1,350,,,,,
2026-02-18,2026-02-18,FO,NSE,STO,168369,,SUNPHARMA,,2026-03-30,2026-03-30,1750.0,PE,SUNPHARMA26MAR1750PE,0.0,0.0,0.0,120.8,0.0,120.8,1724.4,52.05,0,0,0,0.0,0,F1,350,,,,,
2026-02-18,2026-02-18,FO,NSE,STO,168361,,SUNPHARMA,,2026-03-30,2026-03-30,1670.0,PE,SUNPHARMA26MAR1670PE,15.2,16.45,15.2,16.45,16.45,18.95,1724.4,18.3,6650,0,2,1180077.5,2,F1,350,,,,,
2026-02-18,2026-02-18,FO,NSE,STO,159891,,SUNPHARMA,,2026-02-24,2026-02-24,1930.0,PE,SUNPHARMA26FEB1930PE,0.0,0.0,0.0,201.45,0.0,201.45,1724.4,203.85,0,0,0,0.0,0,F1,350,,,,,
2026-02-18,2026-02-18,FO,NSE,STO,159879,,SUNPHARMA,,2026-02-24,2026-02-24,1850.0,PE,SUNPHARMA26FEB1850PE,0.0,0.0,0.0,135.1,0.0,135.1,1724.4,123.95,0,0,0,0.0,0,F1,350,,,,,
2026-02-18,2026-02-18,FO,NSE,STO,159867,,SUNPHARMA,,2026-02-24,2026-02-24,1770.0,PE,SUNPHARMA26FEB1770PE,52.5,56.5,45.15,51.1,50.35,60.4,1724.4,51.1,16100,15750,107,68175747.5,106,F1,350,,,,,
2026-02-18,2026-02-18,FO,NSE,STO,137756,,SUNPHARMA,,2026-02-24,2026-02-24,1720.0,PE,SUNPHARMA26FEB1720PE,15.15,16.7,8.9,10.5,10.3,17.75,1724.4,10.5,586600,127400,3140,1903318830.0,2570,F1,350,,,,,
2026-02-18,2026-02-18,FO,NSE,STO,159857,,SUNPHARMA,,2026-02-24,2026-02-24,1700.0,PE,SUNPHARMA26FEB1700PE,8.95,8.95,3.3,3.7,3.6,8.85,1724.4,3.7,1257900,61250,4436,2647338732.5,3360,F1,350,,,,,
2026-02-18,2026-02-18,FO,NSE,STO,159847,,SUNPHARMA,,2026-02-24,2026-02-24,1630.0,PE,SUNPHARMA26FEB1630PE,0.95,0.95,0.3,0.35,0.35,0.8,1724.4,0.35,193200,-20300,241,137527442.5,150,F1,350,,,,,
2026-02-18,2026-02-18,FO,NSE,STO,159852,,SUNPHARMA,,2026-02-24,2026-02-24,1670.0,CE,SUNPHARMA26FEB1670CE,50.25,56.15,47.2,51.85,51.0,46.85,1724.4,51.85,180600,-2100,53,31922047.5,52,F1,350,,,,,
2026-02-18,2026-02-18,FO,NSE,STO,159868,,SUNPHARMA,,2026-02-24,2026-02-24,1780.0,CE,SUNPHARMA26FEB1780CE,1.8,2.25,1.25,1.4,1.45,1.85,1724.4,1.4,99750,-5600,651,405988310.0,444,F1,350,,,,,
2026-02-18,2026-02-18,FO,NSE,STO,137879,,SUNPHARMA,,2026-02-24,2026-02-24,1880.0,CE,SUNPHARMA26FEB1880CE,0.0,0.0,0.0,0.35,0.35,0.35,1724.4,0.05,18200,0,0,0.0,0,F1,350,,,,,
2026-02-18,2026-02-18,FO,NSE,STO,159976,,SUNPHARMA,,2026-03-30,2026-03-30,1580.0,CE,SUNPHARMA26MAR1580CE,0.0,0.0,0.0,182.95,0.0,182.95,1724.4,157.25,0,0,0,0.0,0,F1,350,,,,,
2026-02-18,2026-02-18,FO,NSE,STO,159990,,SUNPHARMA,,2026-03-30,2026-03-30,1720.0,CE,SUNPHARMA26MAR1720CE,43.0,49.75,43.0,45.95,46.0,43.65,1724.4,45.95,45850,32550,303,187365640.0,242,F1,350,,,,,
2026-02-18,2026-02-18,FO,NSE,STO,159998,,SUNPHARMA,,2026-03-30,2026-03-30,1800.0,CE,SUNPHARMA26MAR1800CE,15.75,17.0,14.2,15.6,15.65,14.85,1724.4,15.6,117250,33600,370,235138102.5,268,F1,350,,,,,
2026-02-18,2026-02-18,FO,NSE,STO,159843,,SUNPHARMA,,2026-02-24,2026-02-24,1610.0,PE,SUNPHARMA26FEB1610PE,0.4,0.45,0.35,0.45,0.4,0.8,1724.4,0.45,129150,-350,24,13527535.0,24,F1,350,,,,,
2026-02-18,2026-02-18,FO,NSE,STO,159973,,SUNPHARMA,,2026-03-30,2026-03-30,1540.0,PE,SUNPHARMA26MAR1540PE,0.0,0.0,0.0,3.85,3.85,3.85,1724.4,1.25,6300,0,0,0.0,0,F1,350,,,,,
2026-02-18,2026-02-18,FO,NSE,STO,159971,,SUNPHARMA,,2026-03-30,2026-03-30,1520.0,PE,SUNPHARMA26MAR1520PE,0.0,0.0,0.0,9.8,0.0,9.8,1724.4,0.7,0,0,0,0.0,0,F1,350,,,,,
2026-02-18,2026-02-18,FO,NSE,STO,159893,,SUNPHARMA,,2026-02-24,2026-02-24,1940.0,PE,SUNPHARMA26FEB1940PE,0.0,0.0,0.0,210.3,0.0,210.3,1724.4,213.85,0,0,0,0.0,0,F1,350,,,,,
2026-02-18,2026-02-18,FO,NSE,STO,159887,,SUNPHARMA,,2026-02-24,2026-02-24,1900.0,PE,SUNPHARMA26FEB1900PE,0.0,0.0,0.0,265.0,265.0,265.0,1724.4,173.9,700,0,0,0.0,0,F1,350,,,,,
2026-02-18,2026-02-18,FO,NSE,STO,159881,,SUNPHARMA,,2026-02-24,2026-02-24,1860.0,PE,SUNPHARMA26FEB1860PE,0.0,0.0,0.0,142.85,0.0,142.85,1724.4,133.95,0,0,0,0.0,0,F1,350,,,,,
2026-02-18,2026-02-18,FO,NSE,STO,159853,,SUNPHARMA,,2026-02-24,2026-02-24,1670.0,PE,SUNPHARMA26FEB1670PE,1.8,1.95,0.65,0.8,0.8,2.65,1724.4,0.8,213500,-12600,830,485471700.0,438,F1,350,,,,,
2026-02-18,2026-02-18,FO,NSE,STO,159849,,SUNPHARMA,,2026-02-24,2026-02-24,1650.0,PE,SUNPHARMA26FEB1650PE,0.75,0.95,0.35,0.4,0.35,1.15,1724.4,0.4,335650,-83650,528,305029742.5,327,F1,350,,,,,
2026-02-18,2026-02-18,FO,NSE,STO,159815,,SUNPHARMA,,2026-02-24,2026-02-24,1420.0,PE,SUNPHARMA26FEB1420PE,0.1,0.1,0.05,0.05,0.05,0.1,1724.4,0.05,11900,-350,5,2485105.0,4,F1,350,,,,,
2026-02-18,2026-02-18,FO,NSE,STO,159809,,SUNPHARMA,,2026-02-24,2026-02-24,1380.0,PE,SUNPHARMA26FEB1380PE,0.05,0.05,0.05,0.05,0.05,0.05,1724.4,0.05,129150,0,1,483017.5,1,F1,350,,,,,
2026-02-18,2026-02-18,FO,NSE,STO,168488,,SUNPHARMA,,2026-04-28,2026-04-28,1940.0,CE,SUNPHARMA26APR1940CE,0.0,0.0,0.0,8.75,0.0,8.75,1724.4,7.25,0,0,0,0.0,0,F1,350,,,,,
2026-02-18,2026-02-18,FO,NSE,STO,168480,,SUNPHARMA,,2026-04-28,2026-04-28,1860.0,CE,SUNPHARMA26APR1860CE,0.0,0.0,0.0,17.85,0.0,17.85,1724.4,18.65,0,0,0,0.0,0,F1,350,,,,,
2026-02-18,2026-02-18,FO,NSE,STO,168388,,SUNPHARMA,,2026-03-30,2026-03-30,1950.0,CE,SUNPHARMA26MAR1950CE,0.0,0.0,0.0,3.0,0.0,3.0,1724.4,1.55,0,0,0,0.0,0,F1,350,,,,,
2026-02-18,2026-02-18,FO,NSE,STO,137525,,SUNPHARMA,,2026-02-24,2026-02-24,1520.0,CE,SUNPHARMA26FEB1520CE,0.0,0.0,0.0,189.2,189.2,189.2,1724.4,205.75,9450,0,0,0.0,0,F1,350,,,,,
2026-02-18,2026-02-18,FO,NSE,STO,137619,,SUNPHARMA,,2026-02-24,2026-02-24,1640.0,CE,SUNPHARMA26FEB1640CE,79.55,87.05,74.95,81.45,81.5,74.4,1724.4,81.45,1528450,-3500,123,74077972.5,120,F1,350,,,,,
2026-02-18,2026-02-18,FO,NSE,STO,159855,,SUNPHARMA,,2026-02-24,2026-02-24,1690.0,PE,SUNPHARMA26FEB1690PE,5.7,5.7,1.95,2.2,2.2,6.0,1724.4,2.2,561750,71400,1932,1144873327.5,1437,F1,350,,,,,
2026-02-18,2026-02-18,FO,NSE,STO,159895,,SUNPHARMA,,2026-02-24,2026-02-24,1950.0,PE,SUNPHARMA26FEB1950PE,0.0,0.0,0.0,219.3,0.0,219.3,1724.4,223.85,0,0,0,0.0,0,F1,350,,,,,
2026-02-18,2026-02-18,FO,NSE,STO,50109,,SUNPHARMA,,2026-03-30,2026-03-30,1340.0,PE,SUNPHARMA26MAR1340PE,0.0,0.0,0.0,0.4,0.0,0.4,1724.4,0.05,0,0,0,0.0,0,F1,350,,,,,
2026-02-18,2026-02-18,FO,NSE,STO,159959,,SUNPHARMA,,2026-03-30,2026-03-30,1400.0,PE,SUNPHARMA26MAR1400PE,0.0,0.0,0.0,1.0,1.0,1.0,1724.4,0.05,0,0,0,0.0,0,F1,350,,,,,
2026-02-18,2026-02-18,FO,NSE,STO,168355,,SUNPHARMA,,2026-03-30,2026-03-30,1610.0,PE,SUNPHARMA26MAR1610PE,0.0,0.0,0.0,12.0,12.0,12.0,1724.4,6.35,12950,0,0,0.0,0,F1,350,,,,,
2026-02-18,2026-02-18,FO,NSE,STO,160001,,SUNPHARMA,,2026-03-30,2026-03-30,1820.0,PE,SUNPHARMA26MAR1820PE,0.0,0.0,0.0,121.15,0.0,121.15,1724.4,99.45,0,0,0,0.0,0,F1,350,,,,,
2026-02-18,2026-02-18,FO,NSE,STO,168471,,SUNPHARMA,,2026-04-28,2026-04-28,1760.0,PE,SUNPHARMA26APR1760PE,0.0,0.0,0.0,133.5,0.0,133.5,1724.4,67.05,0,0,0,0.0,0,F1,350,,,,,
2026-02-18,2026-02-18,FO,NSE,STO,168479,,SUNPHARMA,,2026-04-28,2026-04-28,1840.0,PE,SUNPHARMA26APR1840PE,0.0,0.0,0.0,194.05,0.0,194.05,1724.4,119.65,0,0,0,0.0,0,F1,350,,,,,
2026-02-18,2026-02-18,FO,NSE,STO,168366,,SUNPHARMA,,2026-03-30,2026-03-30,1730.0,CE,SUNPHARMA26MAR1730CE,42.25,43.95,38.5,40.8,40.8,42.25,1724.4,40.8,9800,7700,36,22320882.5,36,F1,350,,,,,
2026-02-18,2026-02-18,FO,NSE,STO,168456,,SUNPHARMA,,2026-04-28,2026-04-28,1620.0,CE,SUNPHARMA26APR1620CE,0.0,0.0,0.0,98.25,0.0,98.25,1724.4,135.95,0,0,0,0.0,0,F1,350,,,,,
2026-02-18,2026-02-18,FO,NSE,STO,159982,,SUNPHARMA,,2026-03-30,2026-03-30,1640.0,CE,SUNPHARMA26MAR1640CE,0.0,0.0,0.0,38.0,38.0,38.0,1724.4,105.4,350,0,0,0.0,0,F1,350,,,,,
2026-02-18,2026-02-18,FO,NSE,STO,168348,,SUNPHARMA,,2026-03-30,2026-03-30,1550.0,CE,SUNPHARMA26MAR1550CE,0.0,0.0,0.0,126.9,0.0,126.9,1724.4,185.35,0,0,0,0.0,0,F1,350,,,,,
2026-02-18,2026-02-18,FO,NSE,STO,168360,,SUNPHARMA,,2026-03-30,2026-03-30,1670.0,CE,SUNPHARMA26MAR1670CE,0.0,0.0,0.0,75.0,75.0,75.0,1724.4,82.75,1750,0,0,0.0,0,F1,350,,,,,
2026-02-18,2026-02-18,FO,NSE,STO,168346,,SUNPHARMA,,2026-03-30,2026-03-30,1530.0,CE,SUNPHARMA26MAR1530CE,0.0,0.0,0.0,141.95,0.0,141.95,1724.4,204.55,0,0,0,0.0,0,F1,350,,,,,
2026-02-18,2026-02-18,FO,NSE,STO,168482,,SUNPHARMA,,2026-04-28,2026-04-28,1880.0,CE,SUNPHARMA26APR1880CE,0.0,0.0,0.0,15.05,0.0,15.05,1724.4,14.9,0,0,0,0.0,0,F1,350,,,,,
2026-02-18,2026-02-18,FO,NSE,STO,168484,,SUNPHARMA,,2026-04-28,2026-04-28,1900.0,CE,SUNPHARMA26APR1900CE,0.0,0.0,0.0,12.6,0.0,12.6,1724.4,11.8,0,0,0,0.0,0,F1,350,,,,,
2026-02-18,2026-02-18,FO,NSE,STO,159804,,SUNPHARMA,,2026-02-24,2026-02-24,1340.0,CE,SUNPHARMA26FEB1340CE,0.0,0.0,0.0,392.7,0.0,392.7,1724.4,385.6,0,0,0,0.0,0,F1,350,,,,,
2026-02-18,2026-02-18,FO,NSE,STO,137617,,SUNPHARMA,,2026-02-24,2026-02-24,1600.0,CE,SUNPHARMA26FEB1600CE,118.75,126.05,118.75,120.7,120.1,114.8,1724.4,120.7,234850,-1050,29,17478947.5,25,F1,350,,,,,
2026-02-18,2026-02-18,FO,NSE,STO,159844,,SUNPHARMA,,2026-02-24,2026-02-24,1620.0,CE,SUNPHARMA26FEB1620CE,102.05,105.95,101.85,101.85,101.85,94.25,1724.4,101.85,249900,-350,4,2412147.5,4,F1,350,,,,,
2026-02-18,2026-02-18,FO,NSE,STO,159846,,SUNPHARMA,,2026-02-24,2026-02-24,1630.0,CE,SUNPHARMA26FEB1630CE,90.4,95.0,89.3,90.9,90.9,74.15,1724.4,96.0,94850,-2100,6,3613540.0,6,F1,350,,,,,
2026-02-18,2026-02-18,FO,NSE,STO,159850,,SUNPHARMA,,2026-02-24,2026-02-24,1660.0,CE,SUNPHARMA26FEB1660CE,59.85,66.6,56.4,61.4,62.1,55.6,1724.4,61.4,611100,-1050,46,27704652.5,43,F1,350,,,,,
2026-02-18,2026-02-18,FO,NSE,STO,159884,,SUNPHARMA,,2026-02-24,2026-02-24,1890.0,CE,SUNPHARMA26FEB1890CE,0.0,0.0,0.0,14.8,0.0,14.8,1724.4,0.05,0,0,0,0.0,0,F1,350,,,,,
2026-02-18,2026-02-18,FO,NSE,STO,159964,,SUNPHARMA,,2026-03-30,2026-03-30,1460.0,CE,SUNPHARMA26MAR1460CE,0.0,0.0,0.0,286.2,0.0,286.2,1724.4,273.3,0,0,0,0.0,0,F1,350,,,,,
2026-02-18,2026-02-18,FO,NSE,STO,159805,,SUNPHARMA,,2026-02-24,2026-02-24,1340.0,PE,SUNPHARMA26FEB1340PE,0.0,0.0,0.0,0.2,0.2,0.2,1724.4,0.05,3500,0,0,0.0,0,F1,350,,,,,
2026-02-18,2026-02-18,FO,NSE,STO,159984,,SUNPHARMA,,2026-03-30,2026-03-30,1660.0,CE,SUNPHARMA26MAR1660CE,83.0,91.45,83.0,85.65,85.65,35.4,1724.4,90.0,21000,20300,62,37930410.0,62,F1,350,,,,,
2026-02-18,2026-02-18,FO,NSE,STO,159841,,SUNPHARMA,,2026-02-24,2026-02-24,1590.0,PE,SUNPHARMA26FEB1590PE,0.4,0.4,0.25,0.3,0.25,0.7,1724.4,0.3,81900,-2450,14,7792557.5,14,F1,350,,,,,
2026-02-18,2026-02-18,FO,NSE,STO,168438,,SUNPHARMA,,2026-04-28,2026-04-28,1440.0,CE,SUNPHARMA26APR1440CE,0.0,0.0,0.0,229.75,0.0,229.75,1724.4,299.8,0,0,0,0.0,0,F1,350,,,,,
2026-02-18,2026-02-18,FO,NSE,STO,168461,,SUNPHARMA,,2026-04-28,2026-04-28,1660.0,PE,SUNPHARMA26APR1660PE,0.0,0.0,0.0,73.1,0.0,73.1,1724.4,24.65,0,0,0,0.0,0,F1,350,,,,,
2026-02-18,2026-02-18,FO,NSE,STO,168469,,SUNPHARMA,,2026-04-28,2026-04-28,1740.0,PE,SUNPHARMA26APR1740PE,0.0,0.0,0.0,119.95,0.0,119.95,1724.4,56.45,0,0,0,0.0,0,F1,350,,,,,
2026-02-18,2026-02-18,FO,NSE,STO,168491,,SUNPHARMA,,2026-04-28,2026-04-28,1960.0,PE,SUNPHARMA26APR1960PE,0.0,0.0,0.0,298.35,0.0,298.35,1724.4,220.9,0,0,0,0.0,0,F1,350,,,,,
2026-02-18,2026-02-18,FO,NSE,STO,168448,,SUNPHARMA,,2026-04-28,2026-04-28,1540.0,CE,SUNPHARMA26APR1540CE,0.0,0.0,0.0,149.7,0.0,149.7,1724.4,204.55,0,0,0,0.0,0,F1,350,,,,,
2026-02-18,2026-02-18,FO,NSE,STO,168458,,SUNPHARMA,,2026-04-28,2026-04-28,1640.0,CE,SUNPHARMA26APR1640CE,0.0,0.0,0.0,87.45,0.0,87.45,1724.4,120.65,0,0,0,0.0,0,F1,350,,,,,
2026-02-18,2026-02-18,FO,NSE,STO,137520,,SUNPHARMA,,2026-02-24,2026-02-24,1400.0,PE,SUNPHARMA26FEB1400PE,0.0,0.0,0.0,0.05,0.05,0.05,1724.4,0.05,357000,0,0,0.0,0,F1,350,,,,,
2026-02-18,2026-02-18,FO,NSE,STO,159829,,SUNPHARMA,,2026-02-24,2026-02-24,1510.0,PE,SUNPHARMA26FEB1510PE,0.0,0.0,0.0,0.25,0.25,0.25,1724.4,0.05,55650,0,0,0.0,0,F1,350,,,,,
2026-02-18,2026-02-18,FO,NSE,STO,159837,,SUNPHARMA,,2026-02-24,2026-02-24,1570.0,PE,SUNPHARMA26FEB1570PE,0.15,0.35,0.15,0.25,0.3,2.2,1724.4,0.25,21350,-700,55,30227382.5,47,F1,350,,,,,
2026-02-18,2026-02-18,FO,NSE,STO,137886,,SUNPHARMA,,2026-02-24,2026-02-24,2000.0,PE,SUNPHARMA26FEB2000PE,0.0,0.0,0.0,330.0,330.0,330.0,1724.4,273.8,1050,0,0,0.0,0,F1,350,,,,,
2026-02-18,2026-02-18,FO,NSE,STO,159957,,SUNPHARMA,,2026-03-30,2026-03-30,1380.0,PE,SUNPHARMA26MAR1380PE,0.0,0.0,0.0,1.25,0.0,1.25,1724.4,0.05,0,0,0,0.0,0,F1,350,,,,,
2026-02-18,2026-02-18,FO,NSE,STO,168351,,SUNPHARMA,,2026-03-30,2026-03-30,1570.0,PE,SUNPHARMA26MAR1570PE,4.2,4.2,4.2,4.2,4.2,6.25,1724.4,2.65,350,0,2,1101940.0,2,F1,350,,,,,
2026-02-18,2026-02-18,FO,NSE,STO,159981,,SUNPHARMA,,2026-03-30,2026-03-30,1620.0,PE,SUNPHARMA26MAR1620PE,7.4,8.5,7.35,8.05,8.0,11.9,1724.4,8.05,8050,7000,23,13105050.0,22,F1,350,,,,,
2026-02-18,2026-02-18,FO,NSE,STO,159983,,SUNPHARMA,,2026-03-30,2026-03-30,1640.0,PE,SUNPHARMA26MAR1640PE,9.25,12.1,9.25,11.1,11.1,13.85,1724.4,11.15,6650,5950,23,13293805.0,20,F1,350,,,,,
2026-02-18,2026-02-18,FO,NSE,STO,168367,,SUNPHARMA,,2026-03-30,2026-03-30,1730.0,PE,SUNPHARMA26MAR1730PE,0.0,0.0,0.0,106.65,0.0,106.65,1724.4,41.5,0,0,0,0.0,0,F1,350,,,,,
2026-02-18,2026-02-18,FO,NSE,STO,168381,,SUNPHARMA,,2026-03-30,2026-03-30,1870.0,PE,SUNPHARMA26MAR1870PE,0.0,0.0,0.0,219.55,0.0,219.55,1724.4,141.1,0,0,0,0.0,0,F1,350,,,,,
2026-02-18,2026-02-18,FO,NSE,STO,160009,,SUNPHARMA,,2026-03-30,2026-03-30,1900.0,PE,SUNPHARMA26MAR1900PE,0.0,0.0,0.0,178.6,0.0,178.6,1724.4,168.2,0,0,0,0.0,0,F1,350,,,,,
2026-02-18,2026-02-18,FO,NSE,STO,168389,,SUNPHARMA,,2026-03-30,2026-03-30,1950.0,PE,SUNPHARMA26MAR1950PE,0.0,0.0,0.0,293.7,0.0,293.7,1724.4,215.4,0,0,0,0.0,0,F1,350,,,,,
2026-02-18,2026-02-18,FO,NSE,STO,168439,,SUNPHARMA,,2026-04-28,2026-04-28,1440.0,PE,SUNPHARMA26APR1440PE,0.0,0.0,0.0,8.8,0.0,8.8,1724.4,0.5,0,0,0,0.0,0,F1,350,,,,,
2026-02-18,2026-02-18,FO,NSE,STO,168441,,SUNPHARMA,,2026-04-28,2026-04-28,1460.0,PE,SUNPHARMA26APR1460PE,0.0,0.0,0.0,11.35,0.0,11.35,1724.4,0.85,0,0,0,0.0,0,F1,350,,,,,
2026-02-18,2026-02-18,FO,NSE,STO,168457,,SUNPHARMA,,2026-04-28,2026-04-28,1620.0,PE,SUNPHARMA26APR1620PE,0.0,0.0,0.0,54.55,0.0,54.55,1724.4,14.8,0,0,0,0.0,0,F1,350,,,,,
2026-02-18,2026-02-18,FO,NSE,STF,52038,,SUNPHARMA,,2026-03-30,2026-03-30,,,SUNPHARMA26MARFUT,1728.8,1739.2,1726.7,1733.5,1734.9,1726.3,1724.4,1733.5,1449350,691600,2602,1577989140.0,1646,F1,350,,,,,
2026-02-18,2026-02-18,FO,NSE,STO,137519,,SUNPHARMA,,2026-02-24,2026-02-24,1400.0,CE,SUNPHARMA26FEB1400CE,0.0,0.0,0.0,398.85,0.0,398.85,1724.4,325.65,0,0,0,0.0,0,F1,350,,,,,
2026-02-18,2026-02-18,FO,NSE,STO,159814,,SUNPHARMA,,2026-02-24,2026-02-24,1420.0,CE,SUNPHARMA26FEB1420CE,0.0,0.0,0.0,290.95,290.95,290.95,1724.4,305.7,1400,0,0,0.0,0,F1,350,,,,,
2026-02-18,2026-02-18,FO,NSE,STO,159838,,SUNPHARMA,,2026-02-24,2026-02-24,1580.0,CE,SUNPHARMA26FEB1580CE,0.0,0.0,0.0,123.7,123.7,123.7,1724.4,145.85,56700,0,0,0.0,0,F1,350,,,,,
2026-02-18,2026-02-18,FO,NSE,STO,137625,,SUNPHARMA,,2026-02-24,2026-02-24,1680.0,CE,SUNPHARMA26FEB1680CE,39.95,48.3,38.05,42.4,42.7,38.1,1724.4,42.4,841750,5250,334,201445562.5,316,F1,350,,,,,
2026-02-18,2026-02-18,FO,NSE,STO,159860,,SUNPHARMA,,2026-02-24,2026-02-24,1730.0,CE,SUNPHARMA26FEB1730CE,9.05,12.0,6.65,7.85,8.2,8.6,1724.4,7.85,528850,228550,8247,5020564465.0,6956,F1,350,,,,,
2026-02-18,2026-02-18,FO,NSE,STO,137877,,SUNPHARMA,,2026-02-24,2026-02-24,1840.0,CE,SUNPHARMA26FEB1840CE,0.95,0.95,0.65,0.7,0.65,0.8,1724.4,0.7,33600,-350,26,16750615.0,22,F1,350,,,,,
2026-02-18,2026-02-18,FO,NSE,STO,159878,,SUNPHARMA,,2026-02-24,2026-02-24,1850.0,CE,SUNPHARMA26FEB1850CE,0.8,0.8,0.45,0.55,0.55,0.55,1724.4,0.55,148050,-1400,27,17487907.5,26,F1,350,,,,,
2026-02-18,2026-02-18,FO,NSE,STO,159960,,SUNPHARMA,,2026-03-30,2026-03-30,1420.0,CE,SUNPHARMA26MAR1420CE,0.0,0.0,0.0,323.65,0.0,323.65,1724.4,312.95,0,0,0,0.0,0,F1,350,,,,,
2026-02-18,2026-02-18,FO,NSE,STO,168350,,SUNPHARMA,,2026-03-30,2026-03-30,1570.0,CE,SUNPHARMA26MAR1570CE,0.0,0.0,0.0,112.55,0.0,112.55,1724.4,166.5,0,0,0,0.0,0,F1,350,,,,,
2026-02-18,2026-02-18,FO,NSE,STO,159980,,SUNPHARMA,,2026-03-30,2026-03-30,1620.0,CE,SUNPHARMA26MAR1620CE,0.0,0.0,0.0,120.2,120.2,120.2,1724.4,121.85,350,0,0,0.0,0,F1,350,,,,,
2026-02-18,2026-02-18,FO,NSE,STO,168362,,SUNPHARMA,,2026-03-30,2026-03-30,1690.0,CE,SUNPHARMA26MAR1690CE,0.0,0.0,0.0,19.15,19.15,19.15,1724.4,69.2,2100,0,0,0.0,0,F1,350,,,,,
2026-02-18,2026-02-18,FO,NSE,STO,168384,,SUNPHARMA,,2026-03-30,2026-03-30,1910.0,CE,SUNPHARMA26MAR1910CE,0.0,0.0,0.0,4.95,0.0,4.95,1724.4,3.35,0,0,0,0.0,0,F1,350,,,,,
2026-02-18,2026-02-18,FO,NSE,STO,159968,,SUNPHARMA,,2026-03-30,2026-03-30,1500.0,CE,SUNPHARMA26MAR1500CE,0.0,0.0,0.0,215.3,215.3,215.3,1724.4,233.8,1750,0,0,0.0,0,F1,350,,,,,
2026-02-18,2026-02-18,FO,NSE,STO,159956,,SUNPHARMA,,2026-03-30,2026-03-30,1380.0,CE,SUNPHARMA26MAR1380CE,0.0,0.0,0.0,361.85,0.0,361.85,1724.4,352.7,0,0,0,0.0,0,F1,350,,,,,
2026-02-18,2026-02-18,FO,NSE,STO,159894,,SUNPHARMA,,2026-02-24,2026-02-24,1950.0,CE,SUNPHARMA26FEB1950CE,0.0,0.0,0.0,7.5,0.0,7.5,1724.4,0.05,0,0,0,0.0,0,F1,350,,,,,
2026-02-18,2026-02-18,FO,NSE,STO,159864,,SUNPHARMA,,2026-02-24,2026-02-24,1750.0,CE,SUNPHARMA26FEB1750CE,4.55,6.0,3.05,3.6,3.7,4.45,1724.4,3.6,430500,36050,4971,3052586337.5,3707,F1,350,,,,,
2026-02-18,2026-02-18,FO,NSE,STO,137755,,SUNPHARMA,,2026-02-24,2026-02-24,1720.0,CE,SUNPHARMA26FEB1720CE,12.25,16.4,9.6,11.35,12.0,12.05,1724.4,11.35,2423400,70000,9669,5864669685.0,7656,F1,350,,,,,
2026-02-18,2026-02-18,FO,NSE,STO,159836,,SUNPHARMA,,2026-02-24,2026-02-24,1570.0,CE,SUNPHARMA26FEB1570CE,0.0,0.0,0.0,125.35,125.35,125.35,1724.4,155.8,22750,0,0,0.0,0,F1,350,,,,,
2026-02-18,2026-02-18,FO,NSE,STO,168489,,SUNPHARMA,,2026-04-28,2026-04-28,1940.0,PE,SUNPHARMA26APR1940PE,0.0,0.0,0.0,280.15,0.0,280.15,1724.4,202.75,0,0,0,0.0,0,F1,350,,,,,
2026-02-18,2026-02-18,FO,NSE,STO,168453,,SUNPHARMA,,2026-04-28,2026-04-28,1580.0,PE,SUNPHARMA26APR1580PE,0.0,0.0,0.0,39.25,0.0,39.25,1724.4,8.25,0,0,0,0.0,0,F1,350,,,,,
2026-02-18,2026-02-18,FO,NSE,STO,168451,,SUNPHARMA,,2026-04-28,2026-04-28,1560.0,PE,SUNPHARMA26APR1560PE,0.0,0.0,0.0,32.8,0.0,32.8,1724.4,6.0,0,0,0,0.0,0,F1,350,,,,,
2026-02-18,2026-02-18,FO,NSE,STO,159993,,SUNPHARMA,,2026-03-30,2026-03-30,1740.0,PE,SUNPHARMA26MAR1740PE,0.0,0.0,0.0,74.75,0.0,74.75,1724.4,46.6,0,0,0,0.0,0,F1,350,,,,,
2026-02-18,2026-02-18,FO,NSE,STO,168353,,SUNPHARMA,,2026-03-30,2026-03-30,1590.0,PE,SUNPHARMA26MAR1590PE,5.8,6.15,5.0,5.0,5.0,24.4,1724.4,4.15,10150,9450,31,17313362.5,26,F1,350,,,,,
2026-02-18,2026-02-18,FO,NSE,STO,168345,,SUNPHARMA,,2026-03-30,2026-03-30,1510.0,PE,SUNPHARMA26MAR1510PE,0.0,0.0,0.0,13.15,0.0,13.15,1724.4,0.55,0,0,0,0.0,0,F1,350,,,,,
2026-02-18,2026-02-18,FO,NSE,STO,159830,,SUNPHARMA,,2026-02-24,2026-02-24,1530.0,CE,SUNPHARMA26FEB1530CE,0.0,0.0,0.0,98.55,98.55,98.55,1724.4,195.8,4900,0,0,0.0,0,F1,350,,,,,
2026-02-18,2026-02-18,FO,NSE,STO,159963,,SUNPHARMA,,2026-03-30,2026-03-30,1440.0,PE,SUNPHARMA26MAR1440PE,0.0,0.0,0.0,3.3,0.0,3.3,1724.4,0.05,0,0,0,0.0,0,F1,350,,,,,
2026-02-18,2026-02-18,FO,NSE,STO,159851,,SUNPHARMA,,2026-02-24,2026-02-24,1660.0,PE,SUNPHARMA26FEB1660PE,1.75,1.75,0.5,0.55,0.5,1.75,1724.4,0.55,252000,-77000,761,442395765.0,423,F1,350,,,,,
2026-02-18,2026-02-18,FO,NSE,STO,160014,,SUNPHARMA,,2026-03-30,2026-03-30,1960.0,CE,SUNPHARMA26MAR1960CE,0.0,0.0,0.0,16.65,0.0,16.65,1724.4,1.25,0,0,0,0.0,0,F1,350,,,,,
2026-02-18,2026-02-18,FO,NSE,STO,168382,,SUNPHARMA,,2026-03-30,2026-03-30,1890.0,CE,SUNPHARMA26MAR1890CE,0.0,0.0,0.0,6.3,0.0,6.3,1724.4,4.8,0,0,0,0.0,0,F1,350,,,,,
2026-02-18,2026-02-18,FO,NSE,STO,159978,,SUNPHARMA,,2026-03-30,2026-03-30,1600.0,CE,SUNPHARMA26MAR1600CE,140.0,140.0,132.5,139.25,139.7,133.0,1724.4,139.25,12950,0,12,7299022.5,9,F1,350,,,,,
2026-02-18,2026-02-18,FO,NSE,STO,159972,,SUNPHARMA,,2026-03-30,2026-03-30,1540.0,CE,SUNPHARMA26MAR1540CE,0.0,0.0,0.0,215.45,0.0,215.45,1724.4,194.9,0,0,0,0.0,0,F1,350,,,,,
2026-02-18,2026-02-18,FO,NSE,STO,159869,,SUNPHARMA,,2026-02-24,2026-02-24,1780.0,PE,SUNPHARMA26FEB1780PE,0.0,0.0,0.0,155.0,155.0,155.0,1724.4,56.2,6650,0,0,0.0,0,F1,350,,,,,
2026-02-18,2026-02-18,FO,NSE,STO,137876,,SUNPHARMA,,2026-02-24,2026-02-24,1800.0,PE,SUNPHARMA26FEB1800PE,83.75,85.15,74.55,79.45,79.45,99.55,1724.4,79.45,47950,-350,40,26309307.5,40,F1,350,,,,,
2026-02-18,2026-02-18,FO,NSE,STF,52039,,SUPREMEIND,,2026-03-30,2026-03-30,,,SUPREMEIND26MARFUT,3924.1,3944.9,3882.1,3936.1,3940.0,3921.9,3934.8,3936.1,249900,100275,1023,700402412.5,904,F1,175,,,,,
2026-02-18,2026-02-18,FO,NSE,STF,67017,,SUPREMEIND,,2026-04-28,2026-04-28,,,SUPREMEIND26APRFUT,3951.6,3951.7,3951.6,3951.7,3951.7,3924.3,3934.8,3975.9,3500,350,2,1383077.5,2,F1,175,,,,,
2026-02-18,2026-02-18,FO,NSE,STO,160086,,SUPREMEIND,,2026-02-24,2026-02-24,4250.0,CE,SUPREMEIND26FEB4250CE,0.0,0.0,0.0,11.85,0.0,11.85,3934.8,2.15,0,0,0,0.0,0,F1,175,,,,,
2026-02-18,2026-02-18,FO,NSE,STO,160106,,SUPREMEIND,,2026-03-30,2026-03-30,3100.0,CE,SUPREMEIND26MAR3100CE,0.0,0.0,0.0,369.8,0.0,369.8,3934.8,854.8,0,0,0,0.0,0,F1,175,,,,,
2026-02-18,2026-02-18,FO,NSE,STO,168558,,SUPREMEIND,,2026-03-30,2026-03-30,4250.0,CE,SUPREMEIND26MAR4250CE,0.0,0.0,0.0,30.55,0.0,30.55,3934.8,65.75,0,0,0,0.0,0,F1,175,,,,,
2026-02-18,2026-02-18,FO,NSE,STO,138453,,SUPREMEIND,,2026-02-24,2026-02-24,3500.0,PE,SUPREMEIND26FEB3500PE,3.0,3.0,1.55,1.75,1.75,2.45,3934.8,1.75,34475,4550,57,34931697.5,23,F1,175,,,,,
2026-02-18,2026-02-18,FO,NSE,STO,138457,,SUPREMEIND,,2026-02-24,2026-02-24,3700.0,PE,SUPREMEIND26FEB3700PE,6.35,7.55,2.85,3.1,3.25,6.15,3934.8,3.1,69825,-5775,339,219800971.25,312,F1,175,,,,,
2026-02-18,2026-02-18,FO,NSE,STO,160115,,SUPREMEIND,,2026-03-30,2026-03-30,3500.0,PE,SUPREMEIND26MAR3500PE,0.0,0.0,0.0,355.45,0.0,355.45,3934.8,24.3,0,0,0,0.0,0,F1,175,,,,,
2026-02-18,2026-02-18,FO,NSE,STO,168547,,SUPREMEIND,,2026-03-30,2026-03-30,3650.0,PE,SUPREMEIND26MAR3650PE,0.0,0.0,0.0,317.7,0.0,317.7,3934.8,51.85,0,0,0,0.0,0,F1,175,,,,,
2026-02-18,2026-02-18,FO,NSE,STO,168593,,SUPREMEIND,,2026-04-28,2026-04-28,3500.0,PE,SUPREMEIND26APR3500PE,0.0,0.0,0.0,266.05,0.0,266.05,3934.8,50.9,0,0,0,0.0,0,F1,175,,,,,
2026-02-18,2026-02-18,FO,NSE,STO,160075,,SUPREMEIND,,2026-02-24,2026-02-24,3650.0,PE,SUPREMEIND26FEB3650PE,5.0,5.75,2.3,2.4,2.4,5.0,3934.8,2.4,59500,5425,350,223776315.0,326,F1,175,,,,,
2026-02-18,2026-02-18,FO,NSE,STO,138376,,SUPREMEIND,,2026-02-24,2026-02-24,3000.0,PE,SUPREMEIND26FEB3000PE,0.05,0.2,0.05,0.1,0.1,0.6,3934.8,0.05,21350,-4725,39,20475918.75,23,F1,175,,,,,
2026-02-18,2026-02-18,FO,NSE,STO,168600,,SUPREMEIND,,2026-04-28,2026-04-28,3900.0,CE,SUPREMEIND26APR3900CE,0.0,0.0,0.0,125.3,0.0,125.3,3934.8,257.25,0,0,0,0.0,0,F1,175,,,,,
2026-02-18,2026-02-18,FO,NSE,STO,138546,,SUPREMEIND,,2026-02-24,2026-02-24,4300.0,PE,SUPREMEIND26FEB4300PE,0.0,0.0,0.0,866.45,0.0,866.45,3934.8,362.35,0,0,0,0.0,0,F1,175,,,,,
2026-02-18,2026-02-18,FO,NSE,STO,138540,,SUPREMEIND,,2026-02-24,2026-02-24,4000.0,PE,SUPREMEIND26FEB4000PE,92.0,96.75,91.3,94.15,91.3,115.5,3934.8,94.15,4025,-875,12,8598003.75,10,F1,175,,,,,
2026-02-18,2026-02-18,FO,NSE,STO,160107,,SUPREMEIND,,2026-03-30,2026-03-30,3100.0,PE,SUPREMEIND26MAR3100PE,0.0,0.0,0.0,149.6,0.0,149.6,3934.8,1.4,0,0,0,0.0,0,F1,175,,,,,
2026-02-18,2026-02-18,FO,NSE,STO,168537,,SUPREMEIND,,2026-03-30,2026-03-30,3150.0,PE,SUPREMEIND26MAR3150PE,0.0,0.0,0.0,84.4,0.0,84.4,3934.8,2.15,0,0,0,0.0,0,F1,175,,,,,
2026-02-18,2026-02-18,FO,NSE,STO,160119,,SUPREMEIND,,2026-03-30,2026-03-30,3700.0,PE,SUPREMEIND26MAR3700PE,0.0,0.0,0.0,59.6,60.0,59.6,3934.8,64.75,4725,0,0,0.0,0,F1,175,,,,,
2026-02-18,2026-02-18,FO,NSE,STO,160128,,SUPREMEIND,,2026-03-30,2026-03-30,4200.0,CE,SUPREMEIND26MAR4200CE,47.0,50.0,47.0,50.0,50.0,54.8,3934.8,78.35,4725,0,2,1486975.0,2,F1,175,,,,,
2026-02-18,2026-02-18,FO,NSE,STO,160105,,SUPREMEIND,,2026-03-30,2026-03-30,3000.0,PE,SUPREMEIND26MAR3000PE,0.0,0.0,0.0,113.7,0.0,113.7,3934.8,0.55,0,0,0,0.0,0,F1,175,,,,,
2026-02-18,2026-02-18,FO,NSE,STO,160071,,SUPREMEIND,,2026-02-24,2026-02-24,3450.0,PE,SUPREMEIND26FEB3450PE,1.6,1.6,1.55,1.55,1.55,2.6,3934.8,0.05,12425,-350,2,1208051.25,2,F1,175,,,,,
2026-02-18,2026-02-18,FO,NSE,STO,168604,,SUPREMEIND,,2026-04-28,2026-04-28,4100.0,CE,SUPREMEIND26APR4100CE,0.0,0.0,0.0,83.1,0.0,83.1,3934.8,167.1,0,0,0,0.0,0,F1,175,,,,,
2026-02-18,2026-02-18,FO,NSE,STO,160126,,SUPREMEIND,,2026-03-30,2026-03-30,4100.0,CE,SUPREMEIND26MAR4100CE,0.0,0.0,0.0,49.9,0.0,49.9,3934.8,109.2,0,0,0,0.0,0,F1,175,,,,,
2026-02-18,2026-02-18,FO,NSE,STO,160129,,SUPREMEIND,,2026-03-30,2026-03-30,4200.0,PE,SUPREMEIND26MAR4200PE,0.0,0.0,0.0,902.85,0.0,902.85,3934.8,318.3,0,0,0,0.0,0,F1,175,,,,,
2026-02-18,2026-02-18,FO,NSE,STO,168589,,SUPREMEIND,,2026-04-28,2026-04-28,3300.0,PE,SUPREMEIND26APR3300PE,0.0,0.0,0.0,171.6,0.0,171.6,3934.8,21.4,0,0,0,0.0,0,F1,175,,,,,
2026-02-18,2026-02-18,FO,NSE,STO,168611,,SUPREMEIND,,2026-04-28,2026-04-28,4400.0,PE,SUPREMEIND26APR4400PE,0.0,0.0,0.0,931.2,0.0,931.2,3934.8,499.2,0,0,0,0.0,0,F1,175,,,,,
2026-02-18,2026-02-18,FO,NSE,STO,168536,,SUPREMEIND,,2026-03-30,2026-03-30,3150.0,CE,SUPREMEIND26MAR3150CE,0.0,0.0,0.0,411.65,0.0,411.65,3934.8,805.9,0,0,0,0.0,0,F1,175,,,,,
2026-02-18,2026-02-18,FO,NSE,STO,138458,,SUPREMEIND,,2026-02-24,2026-02-24,3800.0,CE,SUPREMEIND26FEB3800CE,126.15,143.0,100.0,137.15,136.85,134.5,3934.8,137.15,44100,-4550,145,99391678.75,107,F1,175,,,,,
2026-02-18,2026-02-18,FO,NSE,STO,160066,,SUPREMEIND,,2026-02-24,2026-02-24,3250.0,CE,SUPREMEIND26FEB3250CE,0.0,0.0,0.0,226.15,0.0,226.15,3934.8,687.75,0,0,0,0.0,0,F1,175,,,,,
2026-02-18,2026-02-18,FO,NSE,STO,138386,,SUPREMEIND,,2026-02-24,2026-02-24,3200.0,CE,SUPREMEIND26FEB3200CE,0.0,0.0,0.0,700.5,700.5,700.5,3934.8,737.7,175,0,0,0.0,0,F1,175,,,,,
2026-02-18,2026-02-18,FO,NSE,STO,160108,,SUPREMEIND,,2026-03-30,2026-03-30,3200.0,CE,SUPREMEIND26MAR3200CE,0.0,0.0,0.0,313.5,0.0,313.5,3934.8,757.3,0,0,0,0.0,0,F1,175,,,,,
2026-02-18,2026-02-18,FO,NSE,STO,168605,,SUPREMEIND,,2026-04-28,2026-04-28,4100.0,PE,SUPREMEIND26APR4100PE,0.0,0.0,0.0,676.0,0.0,676.0,3934.8,289.9,0,0,0,0.0,0,F1,175,,,,,
2026-02-18,2026-02-18,FO,NSE,STO,160063,,SUPREMEIND,,2026-02-24,2026-02-24,3050.0,PE,SUPREMEIND26FEB3050PE,0.0,0.0,0.0,4.1,4.0,4.1,3934.8,0.05,350,0,0,0.0,0,F1,175,,,,,
2026-02-18,2026-02-18,FO,NSE,STO,160116,,SUPREMEIND,,2026-03-30,2026-03-30,3600.0,CE,SUPREMEIND26MAR3600CE,0.0,0.0,0.0,341.0,341.0,341.0,3934.8,397.35,525,0,0,0.0,0,F1,175,,,,,
2026-02-18,2026-02-18,FO,NSE,STO,160114,,SUPREMEIND,,2026-03-30,2026-03-30,3500.0,CE,SUPREMEIND26MAR3500CE,0.0,0.0,0.0,191.15,191.15,191.15,3934.8,480.1,2275,0,0,0.0,0,F1,175,,,,,
2026-02-18,2026-02-18,FO,NSE,STO,160110,,SUPREMEIND,,2026-03-30,2026-03-30,3300.0,CE,SUPREMEIND26MAR3300CE,0.0,0.0,0.0,263.5,0.0,263.5,3934.8,661.55,0,0,0,0.0,0,F1,175,,,,,
2026-02-18,2026-02-18,FO,NSE,STO,138529,,SUPREMEIND,,2026-02-24,2026-02-24,3900.0,CE,SUPREMEIND26FEB3900CE,60.4,70.1,41.5,61.3,58.85,69.05,3934.8,61.3,61425,-41825,1534,1061527766.25,1238,F1,175,,,,,
2026-02-18,2026-02-18,FO,NSE,STO,138454,,SUPREMEIND,,2026-02-24,2026-02-24,3600.0,CE,SUPREMEIND26FEB3600CE,280.0,335.15,280.0,329.4,330.65,320.15,3934.8,329.4,30450,-1050,15,10287803.75,15,F1,175,,,,,
2026-02-18,2026-02-18,FO,NSE,STO,160081,,SUPREMEIND,,2026-02-24,2026-02-24,3950.0,PE,SUPREMEIND26FEB3950PE,100.0,100.0,57.2,59.1,58.8,80.6,3934.8,59.1,10675,7700,99,69639246.25,97,F1,175,,,,,
2026-02-18,2026-02-18,FO,NSE,STO,160077,,SUPREMEIND,,2026-02-24,2026-02-24,3750.0,PE,SUPREMEIND26FEB3750PE,9.9,12.5,4.5,4.75,5.05,9.9,3934.8,4.75,144025,175,422,277537268.75,348,F1,175,,,,,
2026-02-18,2026-02-18,FO,NSE,STO,160067,,SUPREMEIND,,2026-02-24,2026-02-24,3250.0,PE,SUPREMEIND26FEB3250PE,0.0,0.0,0.0,5.5,5.5,5.5,3934.8,0.05,1050,0,0,0.0,0,F1,175,,,,,
2026-02-18,2026-02-18,FO,NSE,STO,160087,,SUPREMEIND,,2026-02-24,2026-02-24,4250.0,PE,SUPREMEIND26FEB4250PE,0.0,0.0,0.0,948.3,0.0,948.3,3934.8,313.5,0,0,0,0.0,0,F1,175,,,,,
2026-02-18,2026-02-18,FO,NSE,STO,138593,,SUPREMEIND,,2026-02-24,2026-02-24,4400.0,PE,SUPREMEIND26FEB4400PE,0.0,0.0,0.0,953.7,0.0,953.7,3934.8,461.4,0,0,0,0.0,0,F1,175,,,,,
2026-02-18,2026-02-18,FO,NSE,STO,160117,,SUPREMEIND,,2026-03-30,2026-03-30,3600.0,PE,SUPREMEIND26MAR3600PE,0.0,0.0,0.0,176.1,176.1,176.1,3934.8,40.9,350,0,0,0.0,0,F1,175,,,,,
2026-02-18,2026-02-18,FO,NSE,STO,160085,,SUPREMEIND,,2026-02-24,2026-02-24,4150.0,PE,SUPREMEIND26FEB4150PE,0.0,0.0,0.0,854.2,0.0,854.2,3934.8,219.6,0,0,0,0.0,0,F1,175,,,,,
2026-02-18,2026-02-18,FO,NSE,STO,160109,,SUPREMEIND,,2026-03-30,2026-03-30,3200.0,PE,SUPREMEIND26MAR3200PE,0.0,0.0,0.0,191.85,0.0,191.85,3934.8,3.25,0,0,0,0.0,0,F1,175,,,,,
2026-02-18,2026-02-18,FO,NSE,STO,168545,,SUPREMEIND,,2026-03-30,2026-03-30,3550.0,PE,SUPREMEIND26MAR3550PE,0.0,0.0,0.0,256.9,0.0,256.9,3934.8,31.75,0,0,0,0.0,0,F1,175,,,,,
2026-02-18,2026-02-18,FO,NSE,STO,168549,,SUPREMEIND,,2026-03-30,2026-03-30,3750.0,PE,SUPREMEIND26MAR3750PE,0.0,0.0,0.0,384.8,0.0,384.8,3934.8,79.8,0,0,0,0.0,0,F1,175,,,,,
2026-02-18,2026-02-18,FO,NSE,STO,168553,,SUPREMEIND,,2026-03-30,2026-03-30,3950.0,PE,SUPREMEIND26MAR3950PE,0.0,0.0,0.0,535.5,0.0,535.5,3934.8,162.95,0,0,0,0.0,0,F1,175,,,,,
2026-02-18,2026-02-18,FO,NSE,STO,160131,,SUPREMEIND,,2026-03-30,2026-03-30,4400.0,PE,SUPREMEIND26MAR4400PE,0.0,0.0,0.0,1084.6,0.0,1084.6,3934.8,476.25,0,0,0,0.0,0,F1,175,,,,,
2026-02-18,2026-02-18,FO,NSE,STO,168591,,SUPREMEIND,,2026-04-28,2026-04-28,3400.0,PE,SUPREMEIND26APR3400PE,0.0,0.0,0.0,215.85,0.0,215.85,3934.8,33.75,0,0,0,0.0,0,F1,175,,,,,
2026-02-18,2026-02-18,FO,NSE,STO,160068,,SUPREMEIND,,2026-02-24,2026-02-24,3350.0,CE,SUPREMEIND26FEB3350CE,0.0,0.0,0.0,342.65,342.65,342.65,3934.8,587.85,350,0,0,0.0,0,F1,175,,,,,
2026-02-18,2026-02-18,FO,NSE,STO,138541,,SUPREMEIND,,2026-02-24,2026-02-24,4100.0,CE,SUPREMEIND26FEB4100CE,11.85,11.9,5.55,7.2,6.8,13.45,3934.8,7.2,65275,-5775,332,238662952.5,269,F1,175,,,,,
2026-02-18,2026-02-18,FO,NSE,STO,138390,,SUPREMEIND,,2026-02-24,2026-02-24,3400.0,CE,SUPREMEIND26FEB3400CE,470.0,470.0,470.0,470.0,470.0,488.4,3934.8,537.9,34825,0,4,2709000.0,1,F1,175,,,,,
2026-02-18,2026-02-18,FO,NSE,STO,160079,,SUPREMEIND,,2026-02-24,2026-02-24,3850.0,PE,SUPREMEIND26FEB3850PE,32.85,44.9,17.0,18.65,18.8,32.85,3934.8,18.65,17675,525,304,206375443.75,194,F1,175,,,,,
2026-02-18,2026-02-18,FO,NSE,STO,138455,,SUPREMEIND,,2026-02-24,2026-02-24,3600.0,PE,SUPREMEIND26FEB3600PE,3.8,3.8,1.95,2.05,1.95,3.9,3934.8,2.05,38675,-1750,92,57998132.5,88,F1,175,,,,,
2026-02-18,2026-02-18,FO,NSE,STO,160065,,SUPREMEIND,,2026-02-24,2026-02-24,3150.0,PE,SUPREMEIND26FEB3150PE,0.0,0.0,0.0,1.4,1.4,1.4,3934.8,0.05,4375,0,0,0.0,0,F1,175,,,,,
2026-02-18,2026-02-18,FO,NSE,STO,168596,,SUPREMEIND,,2026-04-28,2026-04-28,3700.0,CE,SUPREMEIND26APR3700CE,0.0,0.0,0.0,184.45,0.0,184.45,3934.8,375.95,0,0,0,0.0,0,F1,175,,,,,
2026-02-18,2026-02-18,FO,NSE,STO,138388,,SUPREMEIND,,2026-02-24,2026-02-24,3300.0,CE,SUPREMEIND26FEB3300CE,0.0,0.0,0.0,564.9,564.9,564.9,3934.8,637.8,4900,0,0,0.0,0,F1,175,,,,,
2026-02-18,2026-02-18,FO,NSE,STO,160072,,SUPREMEIND,,2026-02-24,2026-02-24,3550.0,CE,SUPREMEIND26FEB3550CE,326.0,326.0,326.0,326.0,326.0,312.9,3934.8,388.3,10675,-175,1,678300.0,1,F1,175,,,,,
2026-02-18,2026-02-18,FO,NSE,STO,160074,,SUPREMEIND,,2026-02-24,2026-02-24,3650.0,CE,SUPREMEIND26FEB3650CE,249.75,253.65,243.4,249.35,249.35,265.1,3934.8,290.1,8225,-175,5,3410776.25,5,F1,175,,,,,
2026-02-18,2026-02-18,FO,NSE,STO,160080,,SUPREMEIND,,2026-02-24,2026-02-24,3950.0,CE,SUPREMEIND26FEB3950CE,44.0,49.45,25.25,37.45,35.5,47.7,3934.8,37.45,58975,-39375,2720,1896242801.25,2052,F1,175,,,,,
2026-02-18,2026-02-18,FO,NSE,STO,168542,,SUPREMEIND,,2026-03-30,2026-03-30,3450.0,CE,SUPREMEIND26MAR3450CE,0.0,0.0,0.0,233.35,0.0,233.35,3934.8,523.75,0,0,0,0.0,0,F1,175,,,,,
2026-02-18,2026-02-18,FO,NSE,STO,160082,,SUPREMEIND,,2026-02-24,2026-02-24,4050.0,CE,SUPREMEIND26FEB4050CE,17.9,18.15,8.5,11.8,11.7,19.85,3934.8,11.8,121275,-13650,572,406567253.75,455,F1,175,,,,,
2026-02-18,2026-02-18,FO,NSE,STO,138385,,SUPREMEIND,,2026-02-24,2026-02-24,3100.0,PE,SUPREMEIND26FEB3100PE,0.0,0.0,0.0,1.35,1.35,1.35,3934.8,0.05,21000,0,0,0.0,0,F1,175,,,,,
2026-02-18,2026-02-18,FO,NSE,STO,138387,,SUPREMEIND,,2026-02-24,2026-02-24,3200.0,PE,SUPREMEIND26FEB3200PE,0.4,0.4,0.4,0.4,0.4,1.15,3934.8,0.4,9975,-175,1,560070.0,1,F1,175,,,,,
2026-02-18,2026-02-18,FO,NSE,STO,138451,,SUPREMEIND,,2026-02-24,2026-02-24,3400.0,PE,SUPREMEIND26FEB3400PE,1.75,1.75,1.75,1.75,1.75,1.3,3934.8,0.05,19250,-175,1,595306.25,1,F1,175,,,,,
2026-02-18,2026-02-18,FO,NSE,STO,138537,,SUPREMEIND,,2026-02-24,2026-02-24,3900.0,PE,SUPREMEIND26FEB3900PE,56.85,67.5,31.0,33.5,31.7,54.1,3934.8,33.5,17325,4200,175,120896072.5,160,F1,175,,,,,
2026-02-18,2026-02-18,FO,NSE,STO,160083,,SUPREMEIND,,2026-02-24,2026-02-24,4050.0,PE,SUPREMEIND26FEB4050PE,0.0,0.0,0.0,191.05,188.1,191.05,3934.8,136.05,525,0,0,0.0,0,F1,175,,,,,
2026-02-18,2026-02-18,FO,NSE,STO,160123,,SUPREMEIND,,2026-03-30,2026-03-30,3900.0,PE,SUPREMEIND26MAR3900PE,0.0,0.0,0.0,646.8,0.0,646.8,3934.8,138.65,0,0,0,0.0,0,F1,175,,,,,
2026-02-18,2026-02-18,FO,NSE,STO,168557,,SUPREMEIND,,2026-03-30,2026-03-30,4150.0,PE,SUPREMEIND26MAR4150PE,0.0,0.0,0.0,703.2,0.0,703.2,3934.8,283.05,0,0,0,0.0,0,F1,175,,,,,
2026-02-18,2026-02-18,FO,NSE,STO,168583,,SUPREMEIND,,2026-04-28,2026-04-28,3000.0,PE,SUPREMEIND26APR3000PE,0.0,0.0,0.0,74.6,0.0,74.6,3934.8,3.95,0,0,0,0.0,0,F1,175,,,,,
2026-02-18,2026-02-18,FO,NSE,STO,138379,,SUPREMEIND,,2026-02-24,2026-02-24,3100.0,CE,SUPREMEIND26FEB3100CE,0.0,0.0,0.0,703.6,703.6,703.6,3934.8,837.6,1575,0,0,0.0,0,F1,175,,,,,
2026-02-18,2026-02-18,FO,NSE,STO,160076,,SUPREMEIND,,2026-02-24,2026-02-24,3750.0,CE,SUPREMEIND26FEB3750CE,160.0,189.0,146.6,189.0,189.0,177.3,3934.8,189.0,32025,-700,27,18488373.75,21,F1,175,,,,,
2026-02-18,2026-02-18,FO,NSE,STO,168551,,SUPREMEIND,,2026-03-30,2026-03-30,3850.0,PE,SUPREMEIND26MAR3850PE,0.0,0.0,0.0,457.75,0.0,457.75,3934.8,116.7,0,0,0,0.0,0,F1,175,,,,,
2026-02-18,2026-02-18,FO,NSE,STO,168603,,SUPREMEIND,,2026-04-28,2026-04-28,4000.0,PE,SUPREMEIND26APR4000PE,0.0,0.0,0.0,596.95,0.0,596.95,3934.8,232.55,0,0,0,0.0,0,F1,175,,,,,
2026-02-18,2026-02-18,FO,NSE,STF,59474,,SUPREMEIND,,2026-02-24,2026-02-24,,,SUPREMEIND26FEBFUT,3912.8,3939.2,3875.0,3929.8,3931.8,3914.9,3934.8,3929.8,1499225,-98350,1871,1279371345.0,1651,F1,175,,,,,
2026-02-18,2026-02-18,FO,NSE,STO,168540,,SUPREMEIND,,2026-03-30,2026-03-30,3350.0,CE,SUPREMEIND26MAR3350CE,0.0,0.0,0.0,285.5,0.0,285.5,3934.8,614.65,0,0,0,0.0,0,F1,175,,,,,
2026-02-18,2026-02-18,FO,NSE,STO,168548,,SUPREMEIND,,2026-03-30,2026-03-30,3750.0,CE,SUPREMEIND26MAR3750CE,0.0,0.0,0.0,118.35,0.0,118.35,3934.8,287.15,0,0,0,0.0,0,F1,175,,,,,
2026-02-18,2026-02-18,FO,NSE,STO,168592,,SUPREMEIND,,2026-04-28,2026-04-28,3500.0,CE,SUPREMEIND26APR3500CE,0.0,0.0,0.0,263.95,0.0,263.95,3934.8,521.9,0,0,0,0.0,0,F1,175,,,,,
2026-02-18,2026-02-18,FO,NSE,STO,160070,,SUPREMEIND,,2026-02-24,2026-02-24,3450.0,CE,SUPREMEIND26FEB3450CE,0.0,0.0,0.0,287.25,287.25,287.25,3934.8,487.95,9100,0,0,0.0,0,F1,175,,,,,
2026-02-18,2026-02-18,FO,NSE,STO,168544,,SUPREMEIND,,2026-03-30,2026-03-30,3550.0,CE,SUPREMEIND26MAR3550CE,0.0,0.0,0.0,230.9,230.9,230.9,3934.8,437.9,525,0,0,0.0,0,F1,175,,,,,
2026-02-18,2026-02-18,FO,NSE,STO,160120,,SUPREMEIND,,2026-03-30,2026-03-30,3800.0,CE,SUPREMEIND26MAR3800CE,0.0,0.0,0.0,184.0,184.0,184.0,3934.8,254.7,875,0,0,0.0,0,F1,175,,,,,
2026-02-18,2026-02-18,FO,NSE,STO,160122,,SUPREMEIND,,2026-03-30,2026-03-30,3900.0,CE,SUPREMEIND26MAR3900CE,152.3,165.05,147.0,165.0,165.0,164.7,3934.8,165.0,5950,1225,15,10645363.75,14,F1,175,,,,,
2026-02-18,2026-02-18,FO,NSE,STO,168556,,SUPREMEIND,,2026-03-30,2026-03-30,4150.0,CE,SUPREMEIND26MAR4150CE,0.0,0.0,0.0,40.9,0.0,40.9,3934.8,92.8,0,0,0,0.0,0,F1,175,,,,,
2026-02-18,2026-02-18,FO,NSE,STO,168588,,SUPREMEIND,,2026-04-28,2026-04-28,3300.0,CE,SUPREMEIND26APR3300CE,0.0,0.0,0.0,366.45,0.0,366.45,3934.8,690.35,0,0,0,0.0,0,F1,175,,,,,
2026-02-18,2026-02-18,FO,NSE,STO,168610,,SUPREMEIND,,2026-04-28,2026-04-28,4400.0,CE,SUPREMEIND26APR4400CE,0.0,0.0,0.0,42.9,0.0,42.9,3934.8,79.5,0,0,0,0.0,0,F1,175,,,,,
2026-02-18,2026-02-18,FO,NSE,STO,138372,,SUPREMEIND,,2026-02-24,2026-02-24,2800.0,PE,SUPREMEIND26FEB2800PE,0.0,0.0,0.0,0.2,0.2,0.2,3934.8,0.05,350,0,0,0.0,0,F1,175,,,,,
2026-02-18,2026-02-18,FO,NSE,STO,138374,,SUPREMEIND,,2026-02-24,2026-02-24,2900.0,PE,SUPREMEIND26FEB2900PE,0.0,0.0,0.0,0.85,0.85,0.85,3934.8,0.05,1400,0,0,0.0,0,F1,175,,,,,
2026-02-18,2026-02-18,FO,NSE,STO,160069,,SUPREMEIND,,2026-02-24,2026-02-24,3350.0,PE,SUPREMEIND26FEB3350PE,0.0,0.0,0.0,1.5,1.5,1.5,3934.8,0.05,3675,0,0,0.0,0,F1,175,,,,,
2026-02-18,2026-02-18,FO,NSE,STO,138559,,SUPREMEIND,,2026-02-24,2026-02-24,4400.0,CE,SUPREMEIND26FEB4400CE,0.0,0.0,0.0,47.3,0.0,47.3,3934.8,0.2,0,0,0,0.0,0,F1,175,,,,,
2026-02-18,2026-02-18,FO,NSE,STO,168546,,SUPREMEIND,,2026-03-30,2026-03-30,3650.0,CE,SUPREMEIND26MAR3650CE,0.0,0.0,0.0,129.2,130.75,129.2,3934.8,358.55,1400,0,0,0.0,0,F1,175,,,,,
2026-02-18,2026-02-18,FO,NSE,STO,160130,,SUPREMEIND,,2026-03-30,2026-03-30,4400.0,CE,SUPREMEIND26MAR4400CE,0.0,0.0,0.0,24.05,0.0,24.05,3934.8,37.45,0,0,0,0.0,0,F1,175,,,,,
2026-02-18,2026-02-18,FO,NSE,STO,168543,,SUPREMEIND,,2026-03-30,2026-03-30,3450.0,PE,SUPREMEIND26MAR3450PE,0.0,0.0,0.0,202.95,0.0,202.95,3934.8,18.25,0,0,0,0.0,0,F1,175,,,,,
2026-02-18,2026-02-18,FO,NSE,STO,168555,,SUPREMEIND,,2026-03-30,2026-03-30,4050.0,PE,SUPREMEIND26MAR4050PE,0.0,0.0,0.0,617.55,0.0,617.55,3934.8,218.6,0,0,0,0.0,0,F1,175,,,,,
2026-02-18,2026-02-18,FO,NSE,STO,168599,,SUPREMEIND,,2026-04-28,2026-04-28,3800.0,PE,SUPREMEIND26APR3800PE,0.0,0.0,0.0,450.05,0.0,450.05,3934.8,138.95,0,0,0,0.0,0,F1,175,,,,,
2026-02-18,2026-02-18,FO,NSE,STO,138452,,SUPREMEIND,,2026-02-24,2026-02-24,3500.0,CE,SUPREMEIND26FEB3500CE,0.0,0.0,0.0,405.05,405.05,405.05,3934.8,438.05,25725,0,0,0.0,0,F1,175,,,,,
2026-02-18,2026-02-18,FO,NSE,STO,138543,,SUPREMEIND,,2026-02-24,2026-02-24,4200.0,CE,SUPREMEIND26FEB4200CE,6.3,6.3,2.8,3.55,3.3,7.5,3934.8,3.55,62650,-29575,491,361225935.0,413,F1,175,,,,,
2026-02-18,2026-02-18,FO,NSE,STO,138538,,SUPREMEIND,,2026-02-24,2026-02-24,4000.0,CE,SUPREMEIND26FEB4000CE,27.5,30.2,14.75,20.85,20.9,31.45,3934.8,20.85,57225,-37275,1646,1158223307.5,1334,F1,175,,,,,
2026-02-18,2026-02-18,FO,NSE,STO,160124,,SUPREMEIND,,2026-03-30,2026-03-30,4000.0,CE,SUPREMEIND26MAR4000CE,105.0,120.0,100.0,115.9,112.7,111.8,3934.8,115.9,3850,2625,22,15844613.75,20,F1,175,,,,,
2026-02-18,2026-02-18,FO,NSE,STO,168594,,SUPREMEIND,,2026-04-28,2026-04-28,3600.0,CE,SUPREMEIND26APR3600CE,0.0,0.0,0.0,221.45,0.0,221.45,3934.8,445.75,0,0,0,0.0,0,F1,175,,,,,
2026-02-18,2026-02-18,FO,NSE,STO,138542,,SUPREMEIND,,2026-02-24,2026-02-24,4100.0,PE,SUPREMEIND26FEB4100PE,0.0,0.0,0.0,233.55,233.55,233.55,3934.8,176.0,1925,0,0,0.0,0,F1,175,,,,,
2026-02-18,2026-02-18,FO,NSE,STO,138544,,SUPREMEIND,,2026-02-24,2026-02-24,4200.0,PE,SUPREMEIND26FEB4200PE,0.0,0.0,0.0,470.0,470.0,470.0,3934.8,265.7,525,0,0,0.0,0,F1,175,,,,,
2026-02-18,2026-02-18,FO,NSE,STO,160113,,SUPREMEIND,,2026-03-30,2026-03-30,3400.0,PE,SUPREMEIND26MAR3400PE,0.0,0.0,0.0,295.0,0.0,295.0,3934.8,13.45,0,0,0,0.0,0,F1,175,,,,,
2026-02-18,2026-02-18,FO,NSE,STO,168559,,SUPREMEIND,,2026-03-30,2026-03-30,4250.0,PE,SUPREMEIND26MAR4250PE,0.0,0.0,0.0,791.8,0.0,791.8,3934.8,355.4,0,0,0,0.0,0,F1,175,,,,,
2026-02-18,2026-02-18,FO,NSE,STO,168601,,SUPREMEIND,,2026-04-28,2026-04-28,3900.0,PE,SUPREMEIND26APR3900PE,0.0,0.0,0.0,521.3,0.0,521.3,3934.8,182.15,0,0,0,0.0,0,F1,175,,,,,
2026-02-18,2026-02-18,FO,NSE,STO,168582,,SUPREMEIND,,2026-04-28,2026-04-28,3000.0,CE,SUPREMEIND26APR3000CE,0.0,0.0,0.0,564.85,0.0,564.85,3934.8,969.8,0,0,0,0.0,0,F1,175,,,,,
2026-02-18,2026-02-18,FO,NSE,STO,138545,,SUPREMEIND,,2026-02-24,2026-02-24,4300.0,CE,SUPREMEIND26FEB4300CE,0.0,0.0,0.0,58.55,0.0,58.55,3934.8,1.0,0,0,0,0.0,0,F1,175,,,,,
2026-02-18,2026-02-18,FO,NSE,STO,160102,,SUPREMEIND,,2026-03-30,2026-03-30,2900.0,CE,SUPREMEIND26MAR2900CE,0.0,0.0,0.0,876.55,876.55,876.55,3934.8,1052.4,1050,0,0,0.0,0,F1,175,,,,,
2026-02-18,2026-02-18,FO,NSE,STO,160112,,SUPREMEIND,,2026-03-30,2026-03-30,3400.0,CE,SUPREMEIND26MAR3400CE,0.0,0.0,0.0,300.05,300.05,300.05,3934.8,568.7,350,0,0,0.0,0,F1,175,,,,,
2026-02-18,2026-02-18,FO,NSE,STO,168550,,SUPREMEIND,,2026-03-30,2026-03-30,3850.0,CE,SUPREMEIND26MAR3850CE,0.0,0.0,0.0,92.35,0.0,92.35,3934.8,224.6,0,0,0,0.0,0,F1,175,,,,,
2026-02-18,2026-02-18,FO,NSE,STO,168552,,SUPREMEIND,,2026-03-30,2026-03-30,3950.0,CE,SUPREMEIND26MAR3950CE,132.1,138.0,122.65,138.0,138.0,133.9,3934.8,171.5,3675,700,8,5712577.5,8,F1,175,,,,,
2026-02-18,2026-02-18,FO,NSE,STO,160073,,SUPREMEIND,,2026-02-24,2026-02-24,3550.0,PE,SUPREMEIND26FEB3550PE,1.75,2.2,1.75,2.0,2.2,3.35,3934.8,2.0,15400,-700,25,15539816.25,25,F1,175,,,,,
2026-02-18,2026-02-18,FO,NSE,STO,138375,,SUPREMEIND,,2026-02-24,2026-02-24,3000.0,CE,SUPREMEIND26FEB3000CE,0.0,0.0,0.0,884.4,884.4,884.4,3934.8,937.5,1050,0,0,0.0,0,F1,175,,,,,
2026-02-18,2026-02-18,FO,NSE,STO,168607,,SUPREMEIND,,2026-04-28,2026-04-28,4200.0,PE,SUPREMEIND26APR4200PE,0.0,0.0,0.0,758.4,0.0,758.4,3934.8,353.85,0,0,0,0.0,0,F1,175,,,,,
2026-02-18,2026-02-18,FO,NSE,STO,168541,,SUPREMEIND,,2026-03-30,2026-03-30,3350.0,PE,SUPREMEIND26MAR3350PE,0.0,0.0,0.0,156.15,0.0,156.15,3934.8,9.75,0,0,0,0.0,0,F1,175,,,,,
2026-02-18,2026-02-18,FO,NSE,STO,138507,,SUPREMEIND,,2026-02-24,2026-02-24,3800.0,PE,SUPREMEIND26FEB3800PE,23.95,23.95,8.2,8.8,9.1,19.05,3934.8,8.8,49175,525,379,253046526.25,345,F1,175,,,,,
2026-02-18,2026-02-18,FO,NSE,STO,138456,,SUPREMEIND,,2026-02-24,2026-02-24,3700.0,CE,SUPREMEIND26FEB3700CE,193.25,238.5,183.65,232.45,227.7,219.45,3934.8,232.45,21175,-2450,36,24669907.5,32,F1,175,,,,,
2026-02-18,2026-02-18,FO,NSE,STO,160078,,SUPREMEIND,,2026-02-24,2026-02-24,3850.0,CE,SUPREMEIND26FEB3850CE,82.05,104.75,70.0,94.6,89.65,99.35,3934.8,94.6,26775,-700,97,66798663.75,90,F1,175,,,,,
2026-02-18,2026-02-18,FO,NSE,STO,168538,,SUPREMEIND,,2026-03-30,2026-03-30,3250.0,CE,SUPREMEIND26MAR3250CE,0.0,0.0,0.0,344.9,0.0,344.9,3934.8,709.1,0,0,0,0.0,0,F1,175,,,,,
2026-02-18,2026-02-18,FO,NSE,STO,160084,,SUPREMEIND,,2026-02-24,2026-02-24,4150.0,CE,SUPREMEIND26FEB4150CE,7.1,7.95,3.8,4.95,4.6,9.3,3934.8,4.95,22400,-1400,230,167238312.5,225,F1,175,,,,,
2026-02-18,2026-02-18,FO,NSE,STO,168554,,SUPREMEIND,,2026-03-30,2026-03-30,4050.0,CE,SUPREMEIND26MAR4050CE,0.0,0.0,0.0,54.2,0.0,54.2,3934.8,127.75,0,0,0,0.0,0,F1,175,,,,,
2026-02-18,2026-02-18,FO,NSE,STO,168590,,SUPREMEIND,,2026-04-28,2026-04-28,3400.0,CE,SUPREMEIND26APR3400CE,0.0,0.0,0.0,312.2,0.0,312.2,3934.8,603.75,0,0,0,0.0,0,F1,175,,,,,
2026-02-18,2026-02-18,FO,NSE,STO,168598,,SUPREMEIND,,2026-04-28,2026-04-28,3800.0,CE,SUPREMEIND26APR3800CE,0.0,0.0,0.0,152.55,0.0,152.55,3934.8,313.05,0,0,0,0.0,0,F1,175,,,,,
2026-02-18,2026-02-18,FO,NSE,STO,168602,,SUPREMEIND,,2026-04-28,2026-04-28,4000.0,CE,SUPREMEIND26APR4000CE,0.0,0.0,0.0,102.5,0.0,102.5,3934.8,208.7,0,0,0,0.0,0,F1,175,,,,,
2026-02-18,2026-02-18,FO,NSE,STO,138389,,SUPREMEIND,,2026-02-24,2026-02-24,3300.0,PE,SUPREMEIND26FEB3300PE,3.35,3.35,0.6,1.1,1.1,1.6,3934.8,1.1,9800,-5425,33,19062032.5,14,F1,175,,,,,
2026-02-18,2026-02-18,FO,NSE,STO,168539,,SUPREMEIND,,2026-03-30,2026-03-30,3250.0,PE,SUPREMEIND26MAR3250PE,0.0,0.0,0.0,116.65,0.0,116.65,3934.8,4.8,0,0,0,0.0,0,F1,175,,,,,
2026-02-18,2026-02-18,FO,NSE,STO,160127,,SUPREMEIND,,2026-03-30,2026-03-30,4100.0,PE,SUPREMEIND26MAR4100PE,0.0,0.0,0.0,814.9,0.0,814.9,3934.8,249.75,0,0,0,0.0,0,F1,175,,,,,
2026-02-18,2026-02-18,FO,NSE,STO,168597,,SUPREMEIND,,2026-04-28,2026-04-28,3700.0,PE,SUPREMEIND26APR3700PE,0.0,0.0,0.0,383.5,0.0,383.5,3934.8,102.9,0,0,0,0.0,0,F1,175,,,,,
2026-02-18,2026-02-18,FO,NSE,STO,160064,,SUPREMEIND,,2026-02-24,2026-02-24,3150.0,CE,SUPREMEIND26FEB3150CE,0.0,0.0,0.0,751.5,751.5,751.5,3934.8,787.65,0,0,0,0.0,0,F1,175,,,,,
2026-02-18,2026-02-18,FO,NSE,STO,160118,,SUPREMEIND,,2026-03-30,2026-03-30,3700.0,CE,SUPREMEIND26MAR3700CE,0.0,0.0,0.0,278.1,278.1,278.1,3934.8,321.8,6475,0,0,0.0,0,F1,175,,,,,
2026-02-18,2026-02-18,FO,NSE,STO,160104,,SUPREMEIND,,2026-03-30,2026-03-30,3000.0,CE,SUPREMEIND26MAR3000CE,0.0,0.0,0.0,828.7,828.7,828.7,3934.8,953.35,875,0,0,0.0,0,F1,175,,,,,
2026-02-18,2026-02-18,FO,NSE,STO,168587,,SUPREMEIND,,2026-04-28,2026-04-28,3200.0,PE,SUPREMEIND26APR3200PE,0.0,0.0,0.0,133.35,0.0,133.35,3934.8,12.9,0,0,0,0.0,0,F1,175,,,,,
2026-02-18,2026-02-18,FO,NSE,STO,36931,,SUPREMEIND,,2026-03-30,2026-03-30,4300.0,PE,SUPREMEIND26MAR4300PE,0.0,0.0,0.0,922.85,0.0,922.85,3934.8,394.2,0,0,0,0.0,0,F1,175,,,,,
2026-02-18,2026-02-18,FO,NSE,STO,160125,,SUPREMEIND,,2026-03-30,2026-03-30,4000.0,PE,SUPREMEIND26MAR4000PE,229.25,229.25,170.0,173.85,173.85,219.85,3934.8,189.65,1225,1225,7,5125321.25,6,F1,175,,,,,
2026-02-18,2026-02-18,FO,NSE,STO,160121,,SUPREMEIND,,2026-03-30,2026-03-30,3800.0,PE,SUPREMEIND26MAR3800PE,94.0,95.0,94.0,95.0,95.0,567.7,3934.8,97.1,350,350,2,1363075.0,2,F1,175,,,,,
2026-02-18,2026-02-18,FO,NSE,STO,160111,,SUPREMEIND,,2026-03-30,2026-03-30,3300.0,PE,SUPREMEIND26MAR3300PE,0.0,0.0,0.0,240.35,0.0,240.35,3934.8,6.9,0,0,0,0.0,0,F1,175,,,,,
2026-02-18,2026-02-18,FO,NSE,STO,168606,,SUPREMEIND,,2026-04-28,2026-04-28,4200.0,CE,SUPREMEIND26APR4200CE,0.0,0.0,0.0,67.0,0.0,67.0,3934.8,132.1,0,0,0,0.0,0,F1,175,,,,,
2026-02-18,2026-02-18,FO,NSE,STO,168586,,SUPREMEIND,,2026-04-28,2026-04-28,3200.0,CE,SUPREMEIND26APR3200CE,0.0,0.0,0.0,426.65,0.0,426.65,3934.8,780.8,0,0,0,0.0,0,F1,175,,,,,
2026-02-18,2026-02-18,FO,NSE,STO,36926,,SUPREMEIND,,2026-03-30,2026-03-30,4300.0,CE,SUPREMEIND26MAR4300CE,0.0,0.0,0.0,39.8,0.0,39.8,3934.8,54.85,0,0,0,0.0,0,F1,175,,,,,
2026-02-18,2026-02-18,FO,NSE,STO,138373,,SUPREMEIND,,2026-02-24,2026-02-24,2900.0,CE,SUPREMEIND26FEB2900CE,0.0,0.0,0.0,552.15,552.15,552.15,3934.8,1037.4,525,0,0,0.0,0,F1,175,,,,,
2026-02-18,2026-02-18,FO,NSE,STO,168595,,SUPREMEIND,,2026-04-28,2026-04-28,3600.0,PE,SUPREMEIND26APR3600PE,0.0,0.0,0.0,322.05,0.0,322.05,3934.8,73.7,0,0,0,0.0,0,F1,175,,,,,
2026-02-18,2026-02-18,FO,NSE,STO,163987,,TORNTPOWER,,2026-02-24,2026-02-24,1450.0,PE,TORNTPOWER26FEB1450PE,8.85,8.85,2.45,2.75,2.7,10.5,1527.9,2.75,113050,65875,425,262719062.5,397,F1,425,,,,,
2026-02-18,2026-02-18,FO,NSE,STO,163993,,TORNTPOWER,,2026-02-24,2026-02-24,1490.0,PE,TORNTPOWER26FEB1490PE,20.0,20.0,8.5,9.55,9.65,27.75,1527.9,9.55,40800,14450,331,211291767.5,309,F1,425,,,,,
2026-02-18,2026-02-18,FO,NSE,STO,164001,,TORNTPOWER,,2026-02-24,2026-02-24,1540.0,PE,TORNTPOWER26FEB1540PE,32.0,32.0,32.0,32.0,32.0,148.35,1527.9,32.0,1700,425,1,668100.0,1,F1,425,,,,,
2026-02-18,2026-02-18,FO,NSE,STO,164007,,TORNTPOWER,,2026-02-24,2026-02-24,1580.0,PE,TORNTPOWER26FEB1580PE,0.0,0.0,0.0,307.15,0.0,307.15,1527.9,59.65,0,0,0,0.0,0,F1,425,,,,,
2026-02-18,2026-02-18,FO,NSE,STO,170931,,TORNTPOWER,,2026-03-30,2026-03-30,1210.0,PE,TORNTPOWER26MAR1210PE,3.65,3.65,3.65,3.65,3.65,16.9,1527.9,0.95,0,-425,1,515801.25,1,F1,425,,,,,
2026-02-18,2026-02-18,FO,NSE,STO,171047,,TORNTPOWER,,2026-04-28,2026-04-28,1420.0,PE,TORNTPOWER26APR1420PE,0.0,0.0,0.0,156.8,0.0,156.8,1527.9,38.9,0,0,0,0.0,0,F1,425,,,,,
2026-02-18,2026-02-18,FO,NSE,STO,171061,,TORNTPOWER,,2026-04-28,2026-04-28,1560.0,PE,TORNTPOWER26APR1560PE,0.0,0.0,0.0,259.8,0.0,259.8,1527.9,99.1,0,0,0,0.0,0,F1,425,,,,,
2026-02-18,2026-02-18,FO,NSE,STO,164014,,TORNTPOWER,,2026-02-24,2026-02-24,1630.0,CE,TORNTPOWER26FEB1630CE,0.0,0.0,0.0,5.35,0.0,5.35,1527.9,2.25,0,0,0,0.0,0,F1,425,,,,,
2026-02-18,2026-02-18,FO,NSE,STO,164072,,TORNTPOWER,,2026-03-30,2026-03-30,1160.0,CE,TORNTPOWER26MAR1160CE,0.0,0.0,0.0,168.05,0.0,168.05,1527.9,375.2,0,0,0,0.0,0,F1,425,,,,,
2026-02-18,2026-02-18,FO,NSE,STO,170928,,TORNTPOWER,,2026-03-30,2026-03-30,1190.0,CE,TORNTPOWER26MAR1190CE,0.0,0.0,0.0,163.65,0.0,163.65,1527.9,345.65,0,0,0,0.0,0,F1,425,,,,,
2026-02-18,2026-02-18,FO,NSE,STO,170940,,TORNTPOWER,,2026-03-30,2026-03-30,1310.0,CE,TORNTPOWER26MAR1310CE,0.0,0.0,0.0,97.75,97.75,97.75,1527.9,231.45,425,0,0,0.0,0,F1,425,,,,,
2026-02-18,2026-02-18,FO,NSE,STO,170960,,TORNTPOWER,,2026-03-30,2026-03-30,1510.0,CE,TORNTPOWER26MAR1510CE,65.0,65.0,65.0,65.0,65.0,61.0,1527.9,82.6,2125,-425,1,669375.0,1,F1,425,,,,,
2026-02-18,2026-02-18,FO,NSE,STO,164108,,TORNTPOWER,,2026-03-30,2026-03-30,1520.0,CE,TORNTPOWER26MAR1520CE,50.0,69.65,47.25,59.8,59.0,44.5,1527.9,59.8,27625,-7225,67,44890880.0,66,F1,425,,,,,
2026-02-18,2026-02-18,FO,NSE,STO,164122,,TORNTPOWER,,2026-03-30,2026-03-30,1680.0,CE,TORNTPOWER26MAR1680CE,13.05,13.6,13.05,13.4,13.4,11.0,1527.9,22.2,2550,2550,7,5037503.75,6,F1,425,,,,,
2026-02-18,2026-02-18,FO,NSE,STO,171042,,TORNTPOWER,,2026-04-28,2026-04-28,1380.0,CE,TORNTPOWER26APR1380CE,0.0,0.0,0.0,82.45,0.0,82.45,1527.9,190.0,0,0,0,0.0,0,F1,425,,,,,
2026-02-18,2026-02-18,FO,NSE,STO,170975,,TORNTPOWER,,2026-03-30,2026-03-30,1650.0,PE,TORNTPOWER26MAR1650PE,0.0,0.0,0.0,332.85,0.0,332.85,1527.9,141.05,0,0,0,0.0,0,F1,425,,,,,
2026-02-18,2026-02-18,FO,NSE,STO,171052,,TORNTPOWER,,2026-04-28,2026-04-28,1480.0,CE,TORNTPOWER26APR1480CE,0.0,0.0,0.0,50.7,0.0,50.7,1527.9,123.7,0,0,0,0.0,0,F1,425,,,,,
2026-02-18,2026-02-18,FO,NSE,STO,171058,,TORNTPOWER,,2026-04-28,2026-04-28,1540.0,CE,TORNTPOWER26APR1540CE,0.0,0.0,0.0,37.2,0.0,37.2,1527.9,92.25,0,0,0,0.0,0,F1,425,,,,,
2026-02-18,2026-02-18,FO,NSE,STO,163955,,TORNTPOWER,,2026-02-24,2026-02-24,1230.0,PE,TORNTPOWER26FEB1230PE,0.0,0.0,0.0,13.7,13.7,13.7,1527.9,0.05,3825,0,0,0.0,0,F1,425,,,,,
2026-02-18,2026-02-18,FO,NSE,STO,163967,,TORNTPOWER,,2026-02-24,2026-02-24,1310.0,PE,TORNTPOWER26FEB1310PE,0.6,0.85,0.6,0.75,0.75,1.5,1527.9,0.05,10200,0,3,1671185.0,3,F1,425,,,,,
2026-02-18,2026-02-18,FO,NSE,STO,171037,,TORNTPOWER,,2026-04-28,2026-04-28,1320.0,PE,TORNTPOWER26APR1320PE,0.0,0.0,0.0,98.0,0.0,98.0,1527.9,15.7,0,0,0,0.0,0,F1,425,,,,,
2026-02-18,2026-02-18,FO,NSE,STO,163995,,TORNTPOWER,,2026-02-24,2026-02-24,1500.0,PE,TORNTPOWER26FEB1500PE,30.0,30.0,11.55,12.95,13.2,33.5,1527.9,12.95,34000,6375,701,451628268.75,582,F1,425,,,,,
2026-02-18,2026-02-18,FO,NSE,STO,163997,,TORNTPOWER,,2026-02-24,2026-02-24,1510.0,PE,TORNTPOWER26FEB1510PE,21.25,23.5,14.9,17.05,17.8,38.85,1527.9,17.05,20400,9775,167,108508535.0,163,F1,425,,,,,
2026-02-18,2026-02-18,FO,NSE,STO,146018,,TORNTPOWER,,2026-02-24,2026-02-24,1520.0,PE,TORNTPOWER26FEB1520PE,27.0,30.0,19.8,21.6,22.25,59.05,1527.9,21.6,19125,13600,212,139107515.0,187,F1,425,,,,,
2026-02-18,2026-02-18,FO,NSE,STF,59495,,TORNTPOWER,,2026-02-24,2026-02-24,,,TORNTPOWER26FEBFUT,1475.7,1534.0,1475.7,1522.4,1524.9,1484.4,1527.9,1522.4,3822450,-400350,4340,2791179765.0,3867,F1,425,,,,,
2026-02-18,2026-02-18,FO,NSE,STO,145999,,TORNTPOWER,,2026-02-24,2026-02-24,1160.0,CE,TORNTPOWER26FEB1160CE,0.0,0.0,0.0,192.05,0.0,192.05,1527.9,368.95,0,0,0,0.0,0,F1,425,,,,,
2026-02-18,2026-02-18,FO,NSE,STO,163982,,TORNTPOWER,,2026-02-24,2026-02-24,1420.0,CE,TORNTPOWER26FEB1420CE,79.5,109.55,74.1,104.5,104.5,67.45,1527.9,104.5,35700,-3825,33,21244198.75,31,F1,425,,,,,
2026-02-18,2026-02-18,FO,NSE,STO,163994,,TORNTPOWER,,2026-02-24,2026-02-24,1500.0,CE,TORNTPOWER26FEB1500CE,17.0,46.35,16.95,35.05,36.25,17.2,1527.9,35.05,131325,-164050,2598,1689339151.25,2094,F1,425,,,,,
2026-02-18,2026-02-18,FO,NSE,STO,164003,,TORNTPOWER,,2026-02-24,2026-02-24,1550.0,PE,TORNTPOWER26FEB1550PE,0.0,0.0,0.0,279.85,0.0,279.85,1527.9,38.5,0,0,0,0.0,0,F1,425,,,,,
2026-02-18,2026-02-18,FO,NSE,STO,146020,,TORNTPOWER,,2026-02-24,2026-02-24,1560.0,PE,TORNTPOWER26FEB1560PE,0.0,0.0,0.0,275.55,0.0,275.55,1527.9,45.05,0,0,0,0.0,0,F1,425,,,,,
2026-02-18,2026-02-18,FO,NSE,STO,164019,,TORNTPOWER,,2026-02-24,2026-02-24,1700.0,PE,TORNTPOWER26FEB1700PE,0.0,0.0,0.0,420.5,0.0,420.5,1527.9,170.75,0,0,0,0.0,0,F1,425,,,,,
2026-02-18,2026-02-18,FO,NSE,STO,164067,,TORNTPOWER,,2026-03-30,2026-03-30,1100.0,PE,TORNTPOWER26MAR1100PE,0.0,0.0,0.0,4.55,4.55,4.55,1527.9,0.05,850,0,0,0.0,0,F1,425,,,,,
2026-02-18,2026-02-18,FO,NSE,STO,164077,,TORNTPOWER,,2026-03-30,2026-03-30,1200.0,PE,TORNTPOWER26MAR1200PE,0.0,0.0,0.0,4.0,4.0,4.0,1527.9,0.75,0,0,0,0.0,0,F1,425,,,,,
2026-02-18,2026-02-18,FO,NSE,STO,164079,,TORNTPOWER,,2026-03-30,2026-03-30,1220.0,PE,TORNTPOWER26MAR1220PE,4.7,4.7,4.7,4.7,4.7,4.7,1527.9,1.15,3400,425,1,520497.5,1,F1,425,,,,,
2026-02-18,2026-02-18,FO,NSE,STO,164085,,TORNTPOWER,,2026-03-30,2026-03-30,1280.0,PE,TORNTPOWER26MAR1280PE,3.75,3.75,3.75,3.75,3.75,21.9,1527.9,3.5,1700,0,1,545593.75,1,F1,425,,,,,
2026-02-18,2026-02-18,FO,NSE,STO,170945,,TORNTPOWER,,2026-03-30,2026-03-30,1350.0,PE,TORNTPOWER26MAR1350PE,0.0,0.0,0.0,24.0,24.0,24.0,1527.9,10.1,2550,0,0,0.0,0,F1,425,,,,,
2026-02-18,2026-02-18,FO,NSE,STO,170957,,TORNTPOWER,,2026-03-30,2026-03-30,1470.0,PE,TORNTPOWER26MAR1470PE,0.0,0.0,0.0,58.0,58.0,58.0,1527.9,39.2,1700,0,0,0.0,0,F1,425,,,,,
2026-02-18,2026-02-18,FO,NSE,STO,164006,,TORNTPOWER,,2026-02-24,2026-02-24,1580.0,CE,TORNTPOWER26FEB1580CE,3.25,10.55,3.1,6.05,6.1,3.3,1527.9,6.05,168300,127925,1034,697330586.25,877,F1,425,,,,,
2026-02-18,2026-02-18,FO,NSE,STO,170972,,TORNTPOWER,,2026-03-30,2026-03-30,1630.0,CE,TORNTPOWER26MAR1630CE,0.0,0.0,0.0,10.25,10.25,10.25,1527.9,34.15,1275,0,0,0.0,0,F1,425,,,,,
2026-02-18,2026-02-18,FO,NSE,STO,170938,,TORNTPOWER,,2026-03-30,2026-03-30,1290.0,CE,TORNTPOWER26MAR1290CE,0.0,0.0,0.0,101.85,0.0,101.85,1527.9,249.8,0,0,0,0.0,0,F1,425,,,,,
2026-02-18,2026-02-18,FO,NSE,STO,164018,,TORNTPOWER,,2026-02-24,2026-02-24,1700.0,CE,TORNTPOWER26FEB1700CE,0.75,1.45,0.7,0.8,0.85,1.1,1527.9,0.8,70550,-14875,172,124345416.25,148,F1,425,,,,,
2026-02-18,2026-02-18,FO,NSE,STO,38461,,TORNTPOWER,,2026-02-24,2026-02-24,1690.0,CE,TORNTPOWER26FEB1690CE,0.0,0.0,0.0,1.3,1.3,1.3,1527.9,0.25,425,0,0,0.0,0,F1,425,,,,,
2026-02-18,2026-02-18,FO,NSE,STO,164010,,TORNTPOWER,,2026-02-24,2026-02-24,1610.0,CE,TORNTPOWER26FEB1610CE,0.0,0.0,0.0,2.85,2.85,2.85,1527.9,4.05,2550,0,0,0.0,0,F1,425,,,,,
2026-02-18,2026-02-18,FO,NSE,STO,164000,,TORNTPOWER,,2026-02-24,2026-02-24,1540.0,CE,TORNTPOWER26FEB1540CE,6.75,24.25,6.55,16.0,15.9,7.35,1527.9,16.0,107100,-83725,2645,1749526588.75,2010,F1,425,,,,,
2026-02-18,2026-02-18,FO,NSE,STO,163996,,TORNTPOWER,,2026-02-24,2026-02-24,1510.0,CE,TORNTPOWER26FEB1510CE,15.3,38.85,14.45,29.55,28.65,13.95,1527.9,29.55,35700,-20400,636,415049283.75,538,F1,425,,,,,
2026-02-18,2026-02-18,FO,NSE,STO,164071,,TORNTPOWER,,2026-03-30,2026-03-30,1140.0,PE,TORNTPOWER26MAR1140PE,0.0,0.0,0.0,5.95,5.95,5.95,1527.9,0.2,3400,0,0,0.0,0,F1,425,,,,,
2026-02-18,2026-02-18,FO,NSE,STO,170923,,TORNTPOWER,,2026-03-30,2026-03-30,1130.0,PE,TORNTPOWER26MAR1130PE,0.0,0.0,0.0,17.55,0.0,17.55,1527.9,0.15,0,0,0,0.0,0,F1,425,,,,,
2026-02-18,2026-02-18,FO,NSE,STO,39663,,TORNTPOWER,,2026-02-24,2026-02-24,1710.0,PE,TORNTPOWER26FEB1710PE,0.0,0.0,0.0,270.25,270.25,270.25,1527.9,180.7,1275,0,0,0.0,0,F1,425,,,,,
2026-02-18,2026-02-18,FO,NSE,STO,164091,,TORNTPOWER,,2026-03-30,2026-03-30,1340.0,PE,TORNTPOWER26MAR1340PE,0.0,0.0,0.0,43.65,43.65,43.65,1527.9,8.8,850,0,0,0.0,0,F1,425,,,,,
2026-02-18,2026-02-18,FO,NSE,STO,170947,,TORNTPOWER,,2026-03-30,2026-03-30,1370.0,PE,TORNTPOWER26MAR1370PE,11.5,11.5,11.5,11.5,11.5,32.4,1527.9,13.1,4250,1700,10,5871375.0,2,F1,425,,,,,
2026-02-18,2026-02-18,FO,NSE,STO,170959,,TORNTPOWER,,2026-03-30,2026-03-30,1490.0,PE,TORNTPOWER26MAR1490PE,0.0,0.0,0.0,195.85,0.0,195.85,1527.9,46.95,0,0,0,0.0,0,F1,425,,,,,
2026-02-18,2026-02-18,FO,NSE,STO,171021,,TORNTPOWER,,2026-04-28,2026-04-28,1160.0,PE,TORNTPOWER26APR1160PE,0.0,0.0,0.0,35.1,0.0,35.1,1527.9,2.05,0,0,0,0.0,0,F1,425,,,,,
2026-02-18,2026-02-18,FO,NSE,STO,171025,,TORNTPOWER,,2026-04-28,2026-04-28,1200.0,PE,TORNTPOWER26APR1200PE,0.0,0.0,0.0,47.1,0.0,47.1,1527.9,3.7,0,0,0,0.0,0,F1,425,,,,,
2026-02-18,2026-02-18,FO,NSE,STO,171051,,TORNTPOWER,,2026-04-28,2026-04-28,1460.0,PE,TORNTPOWER26APR1460PE,0.0,0.0,0.0,184.0,0.0,184.0,1527.9,52.6,0,0,0,0.0,0,F1,425,,,,,
2026-02-18,2026-02-18,FO,NSE,STO,171059,,TORNTPOWER,,2026-04-28,2026-04-28,1540.0,PE,TORNTPOWER26APR1540PE,0.0,0.0,0.0,243.95,0.0,243.95,1527.9,88.4,0,0,0,0.0,0,F1,425,,,,,
2026-02-18,2026-02-18,FO,NSE,STO,164075,,TORNTPOWER,,2026-03-30,2026-03-30,1180.0,PE,TORNTPOWER26MAR1180PE,0.0,0.0,0.0,7.95,7.95,7.95,1527.9,0.5,2975,0,0,0.0,0,F1,425,,,,,
2026-02-18,2026-02-18,FO,NSE,STO,146004,,TORNTPOWER,,2026-02-24,2026-02-24,1240.0,PE,TORNTPOWER26FEB1240PE,0.45,0.55,0.45,0.45,0.45,0.7,1527.9,0.45,18700,-6375,18,9489697.5,18,F1,425,,,,,
2026-02-18,2026-02-18,FO,NSE,STO,171032,,TORNTPOWER,,2026-04-28,2026-04-28,1280.0,CE,TORNTPOWER26APR1280CE,0.0,0.0,0.0,127.85,0.0,127.85,1527.9,271.3,0,0,0,0.0,0,F1,425,,,,,
2026-02-18,2026-02-18,FO,NSE,STO,171016,,TORNTPOWER,,2026-04-28,2026-04-28,1120.0,CE,TORNTPOWER26APR1120CE,0.0,0.0,0.0,232.15,0.0,232.15,1527.9,420.55,0,0,0,0.0,0,F1,425,,,,,
2026-02-18,2026-02-18,FO,NSE,STO,146013,,TORNTPOWER,,2026-02-24,2026-02-24,1440.0,CE,TORNTPOWER26FEB1440CE,53.5,91.05,53.45,82.1,82.1,52.0,1527.9,82.1,33150,-425,65,41814836.25,63,F1,425,,,,,
2026-02-18,2026-02-18,FO,NSE,STO,163972,,TORNTPOWER,,2026-02-24,2026-02-24,1350.0,CE,TORNTPOWER26FEB1350CE,147.0,147.0,147.0,147.0,147.0,124.65,1527.9,179.15,28900,-425,1,636225.0,1,F1,425,,,,,
2026-02-18,2026-02-18,FO,NSE,STO,163970,,TORNTPOWER,,2026-02-24,2026-02-24,1340.0,CE,TORNTPOWER26FEB1340CE,158.0,188.5,158.0,181.15,181.15,88.05,1527.9,189.15,22950,-1700,12,7752276.25,6,F1,425,,,,,
2026-02-18,2026-02-18,FO,NSE,STO,171033,,TORNTPOWER,,2026-04-28,2026-04-28,1280.0,PE,TORNTPOWER26APR1280PE,0.0,0.0,0.0,78.55,0.0,78.55,1527.9,10.15,0,0,0,0.0,0,F1,425,,,,,
2026-02-18,2026-02-18,FO,NSE,STF,52060,,TORNTPOWER,,2026-03-30,2026-03-30,,,TORNTPOWER26MARFUT,1487.1,1537.9,1487.1,1524.1,1527.7,1486.1,1527.9,1524.1,801125,454325,2160,1390578537.5,1855,F1,425,,,,,
2026-02-18,2026-02-18,FO,NSE,STO,164103,,TORNTPOWER,,2026-03-30,2026-03-30,1460.0,PE,TORNTPOWER26MAR1460PE,31.0,31.05,28.35,31.0,31.0,57.0,1527.9,35.65,4675,4250,11,6965133.75,10,F1,425,,,,,
2026-02-18,2026-02-18,FO,NSE,STO,170941,,TORNTPOWER,,2026-03-30,2026-03-30,1310.0,PE,TORNTPOWER26MAR1310PE,0.0,0.0,0.0,17.05,17.05,17.05,1527.9,5.65,5525,0,0,0.0,0,F1,425,,,,,
2026-02-18,2026-02-18,FO,NSE,STO,146024,,TORNTPOWER,,2026-02-24,2026-02-24,1640.0,PE,TORNTPOWER26FEB1640PE,0.0,0.0,0.0,343.05,0.0,343.05,1527.9,112.25,0,0,0,0.0,0,F1,425,,,,,
2026-02-18,2026-02-18,FO,NSE,STO,164009,,TORNTPOWER,,2026-02-24,2026-02-24,1590.0,PE,TORNTPOWER26FEB1590PE,0.0,0.0,0.0,147.65,147.65,147.65,1527.9,67.65,1275,0,0,0.0,0,F1,425,,,,,
2026-02-18,2026-02-18,FO,NSE,STO,146014,,TORNTPOWER,,2026-02-24,2026-02-24,1440.0,PE,TORNTPOWER26FEB1440PE,7.0,7.0,1.95,2.1,2.2,8.0,1527.9,2.1,124100,72675,668,409854487.5,554,F1,425,,,,,
2026-02-18,2026-02-18,FO,NSE,STO,163960,,TORNTPOWER,,2026-02-24,2026-02-24,1270.0,CE,TORNTPOWER26FEB1270CE,0.0,0.0,0.0,201.0,201.0,201.0,1527.9,259.05,425,0,0,0.0,0,F1,425,,,,,
2026-02-18,2026-02-18,FO,NSE,STO,163958,,TORNTPOWER,,2026-02-24,2026-02-24,1260.0,CE,TORNTPOWER26FEB1260CE,0.0,0.0,0.0,87.25,87.25,87.25,1527.9,269.05,1275,0,0,0.0,0,F1,425,,,,,
2026-02-18,2026-02-18,FO,NSE,STO,171070,,TORNTPOWER,,2026-04-28,2026-04-28,1660.0,CE,TORNTPOWER26APR1660CE,0.0,0.0,0.0,19.15,0.0,19.15,1527.9,47.3,0,0,0,0.0,0,F1,425,,,,,
2026-02-18,2026-02-18,FO,NSE,STO,171054,,TORNTPOWER,,2026-04-28,2026-04-28,1500.0,CE,TORNTPOWER26APR1500CE,0.0,0.0,0.0,45.85,0.0,45.85,1527.9,112.5,0,0,0,0.0,0,F1,425,,,,,
2026-02-18,2026-02-18,FO,NSE,STO,171026,,TORNTPOWER,,2026-04-28,2026-04-28,1220.0,CE,TORNTPOWER26APR1220CE,0.0,0.0,0.0,162.45,0.0,162.45,1527.9,325.35,0,0,0,0.0,0,F1,425,,,,,
2026-02-18,2026-02-18,FO,NSE,STO,146023,,TORNTPOWER,,2026-02-24,2026-02-24,1640.0,CE,TORNTPOWER26FEB1640CE,1.5,3.25,1.4,1.7,1.6,1.65,1527.9,1.7,21250,-10200,107,74678301.25,105,F1,425,,,,,
2026-02-18,2026-02-18,FO,NSE,STO,163992,,TORNTPOWER,,2026-02-24,2026-02-24,1490.0,CE,TORNTPOWER26FEB1490CE,24.2,52.65,20.9,40.5,41.0,22.15,1527.9,40.5,47600,-45475,471,304860511.25,424,F1,425,,,,,
2026-02-18,2026-02-18,FO,NSE,STO,164100,,TORNTPOWER,,2026-03-30,2026-03-30,1440.0,CE,TORNTPOWER26MAR1440CE,0.0,0.0,0.0,80.0,80.0,80.0,1527.9,125.8,2125,0,0,0.0,0,F1,425,,,,,
2026-02-18,2026-02-18,FO,NSE,STO,170952,,TORNTPOWER,,2026-03-30,2026-03-30,1430.0,CE,TORNTPOWER26MAR1430CE,116.8,116.8,109.5,109.5,109.5,73.2,1527.9,132.85,850,-425,3,1969067.5,3,F1,425,,,,,
2026-02-18,2026-02-18,FO,NSE,STO,170942,,TORNTPOWER,,2026-03-30,2026-03-30,1330.0,CE,TORNTPOWER26MAR1330CE,0.0,0.0,0.0,58.1,58.1,58.1,1527.9,213.5,3400,0,0,0.0,0,F1,425,,,,,
2026-02-18,2026-02-18,FO,NSE,STO,164080,,TORNTPOWER,,2026-03-30,2026-03-30,1240.0,CE,TORNTPOWER26MAR1240CE,0.0,0.0,0.0,120.65,0.0,120.65,1527.9,297.05,0,0,0,0.0,0,F1,425,,,,,
2026-02-18,2026-02-18,FO,NSE,STO,170939,,TORNTPOWER,,2026-03-30,2026-03-30,1290.0,PE,TORNTPOWER26MAR1290PE,0.0,0.0,0.0,22.3,22.3,22.3,1527.9,4.15,1275,0,0,0.0,0,F1,425,,,,,
2026-02-18,2026-02-18,FO,NSE,STO,170927,,TORNTPOWER,,2026-03-30,2026-03-30,1170.0,PE,TORNTPOWER26MAR1170PE,0.0,0.0,0.0,26.2,0.0,26.2,1527.9,0.4,0,0,0,0.0,0,F1,425,,,,,
2026-02-18,2026-02-18,FO,NSE,STO,164066,,TORNTPOWER,,2026-03-30,2026-03-30,1100.0,CE,TORNTPOWER26MAR1100CE,0.0,0.0,0.0,210.25,0.0,210.25,1527.9,434.55,0,0,0,0.0,0,F1,425,,,,,
2026-02-18,2026-02-18,FO,NSE,STO,170925,,TORNTPOWER,,2026-03-30,2026-03-30,1150.0,PE,TORNTPOWER26MAR1150PE,0.0,0.0,0.0,21.55,0.0,21.55,1527.9,0.25,0,0,0,0.0,0,F1,425,,,,,
2026-02-18,2026-02-18,FO,NSE,STO,164008,,TORNTPOWER,,2026-02-24,2026-02-24,1590.0,CE,TORNTPOWER26FEB1590CE,2.8,8.15,2.8,5.1,4.95,3.05,1527.9,5.1,47175,26775,276,187171763.75,251,F1,425,,,,,
2026-02-18,2026-02-18,FO,NSE,STO,146019,,TORNTPOWER,,2026-02-24,2026-02-24,1560.0,CE,TORNTPOWER26FEB1560CE,5.0,15.9,4.9,10.0,10.1,4.6,1527.9,10.0,57800,-55250,1466,978504020.0,1187,F1,425,,,,,
2026-02-18,2026-02-18,FO,NSE,STO,146017,,TORNTPOWER,,2026-02-24,2026-02-24,1520.0,CE,TORNTPOWER26FEB1520CE,8.8,33.85,8.8,24.05,23.85,11.8,1527.9,24.05,167025,85850,5383,3529987737.5,4287,F1,425,,,,,
2026-02-18,2026-02-18,FO,NSE,STO,171044,,TORNTPOWER,,2026-04-28,2026-04-28,1400.0,CE,TORNTPOWER26APR1400CE,0.0,0.0,0.0,75.05,0.0,75.05,1527.9,175.4,0,0,0,0.0,0,F1,425,,,,,
2026-02-18,2026-02-18,FO,NSE,STO,170976,,TORNTPOWER,,2026-03-30,2026-03-30,1670.0,CE,TORNTPOWER26MAR1670CE,0.0,0.0,0.0,9.55,9.55,9.55,1527.9,24.3,850,0,0,0.0,0,F1,425,,,,,
2026-02-18,2026-02-18,FO,NSE,STO,164106,,TORNTPOWER,,2026-03-30,2026-03-30,1500.0,CE,TORNTPOWER26MAR1500CE,65.0,77.7,65.0,70.0,70.0,52.6,1527.9,70.0,40800,2125,54,36035112.5,45,F1,425,,,,,
2026-02-18,2026-02-18,FO,NSE,STO,146001,,TORNTPOWER,,2026-02-24,2026-02-24,1200.0,CE,TORNTPOWER26FEB1200CE,0.0,0.0,0.0,108.6,108.6,108.6,1527.9,329.0,0,0,0,0.0,0,F1,425,,,,,
2026-02-18,2026-02-18,FO,NSE,STO,163938,,TORNTPOWER,,2026-02-24,2026-02-24,1130.0,CE,TORNTPOWER26FEB1130CE,0.0,0.0,0.0,168.95,0.0,168.95,1527.9,398.9,0,0,0,0.0,0,F1,425,,,,,
2026-02-18,2026-02-18,FO,NSE,STO,38462,,TORNTPOWER,,2026-02-24,2026-02-24,1690.0,PE,TORNTPOWER26FEB1690PE,0.0,0.0,0.0,260.1,260.1,260.1,1527.9,160.85,1275,0,0,0.0,0,F1,425,,,,,
2026-02-18,2026-02-18,FO,NSE,STO,163961,,TORNTPOWER,,2026-02-24,2026-02-24,1270.0,PE,TORNTPOWER26FEB1270PE,0.0,0.0,0.0,1.2,1.2,1.2,1527.9,0.05,3825,0,0,0.0,0,F1,425,,,,,
2026-02-18,2026-02-18,FO,NSE,STO,145998,,TORNTPOWER,,2026-02-24,2026-02-24,1120.0,PE,TORNTPOWER26FEB1120PE,0.0,0.0,0.0,0.4,0.4,0.4,1527.9,0.05,48450,0,0,0.0,0,F1,425,,,,,
2026-02-18,2026-02-18,FO,NSE,STO,171072,,TORNTPOWER,,2026-04-28,2026-04-28,1680.0,CE,TORNTPOWER26APR1680CE,0.0,0.0,0.0,17.05,0.0,17.05,1527.9,41.9,0,0,0,0.0,0,F1,425,,,,,
2026-02-18,2026-02-18,FO,NSE,STO,171031,,TORNTPOWER,,2026-04-28,2026-04-28,1260.0,PE,TORNTPOWER26APR1260PE,0.0,0.0,0.0,69.75,0.0,69.75,1527.9,8.05,0,0,0,0.0,0,F1,425,,,,,
2026-02-18,2026-02-18,FO,NSE,STO,171071,,TORNTPOWER,,2026-04-28,2026-04-28,1660.0,PE,TORNTPOWER26APR1660PE,0.0,0.0,0.0,344.0,0.0,344.0,1527.9,162.25,0,0,0,0.0,0,F1,425,,,,,
2026-02-18,2026-02-18,FO,NSE,STO,164093,,TORNTPOWER,,2026-03-30,2026-03-30,1360.0,PE,TORNTPOWER26MAR1360PE,13.1,13.1,13.1,13.1,13.1,141.9,1527.9,11.5,425,425,1,583567.5,1,F1,425,,,,,
2026-02-18,2026-02-18,FO,NSE,STO,170977,,TORNTPOWER,,2026-03-30,2026-03-30,1670.0,PE,TORNTPOWER26MAR1670PE,0.0,0.0,0.0,351.25,0.0,351.25,1527.9,156.35,0,0,0,0.0,0,F1,425,,,,,
2026-02-18,2026-02-18,FO,NSE,STO,170958,,TORNTPOWER,,2026-03-30,2026-03-30,1490.0,CE,TORNTPOWER26MAR1490CE,0.0,0.0,0.0,31.15,0.0,31.15,1527.9,93.8,0,0,0,0.0,0,F1,425,,,,,
2026-02-18,2026-02-18,FO,NSE,STO,164069,,TORNTPOWER,,2026-03-30,2026-03-30,1120.0,PE,TORNTPOWER26MAR1120PE,0.0,0.0,0.0,32.45,0.0,32.45,1527.9,0.1,0,0,0,0.0,0,F1,425,,,,,
2026-02-18,2026-02-18,FO,NSE,STO,37136,,TORNTPOWER,,2026-02-24,2026-02-24,1650.0,PE,TORNTPOWER26FEB1650PE,128.9,128.9,128.9,128.9,128.9,167.95,1527.9,121.75,1275,-425,1,756032.5,1,F1,425,,,,,
2026-02-18,2026-02-18,FO,NSE,STO,163991,,TORNTPOWER,,2026-02-24,2026-02-24,1470.0,PE,TORNTPOWER26FEB1470PE,14.3,15.25,4.65,5.1,5.2,17.85,1527.9,5.1,110500,84150,699,438674715.0,657,F1,425,,,,,
2026-02-18,2026-02-18,FO,NSE,STO,163981,,TORNTPOWER,,2026-02-24,2026-02-24,1410.0,PE,TORNTPOWER26FEB1410PE,3.0,3.0,1.25,1.3,1.25,3.25,1527.9,1.3,56100,-63325,255,152990480.0,114,F1,425,,,,,
2026-02-18,2026-02-18,FO,NSE,STO,163963,,TORNTPOWER,,2026-02-24,2026-02-24,1290.0,PE,TORNTPOWER26FEB1290PE,0.15,0.8,0.15,0.4,0.4,3.6,1527.9,0.05,22950,-850,4,2193828.75,4,F1,425,,,,,
2026-02-18,2026-02-18,FO,NSE,STO,163998,,TORNTPOWER,,2026-02-24,2026-02-24,1530.0,CE,TORNTPOWER26FEB1530CE,8.3,29.0,8.1,19.85,20.3,9.65,1527.9,19.85,142800,-80325,3340,2199959545.0,2608,F1,425,,,,,
2026-02-18,2026-02-18,FO,NSE,STO,146025,,TORNTPOWER,,2026-02-24,2026-02-24,1680.0,CE,TORNTPOWER26FEB1680CE,0.0,0.0,0.0,16.6,0.0,16.6,1527.9,0.4,0,0,0,0.0,0,F1,425,,,,,
2026-02-18,2026-02-18,FO,NSE,STO,170924,,TORNTPOWER,,2026-03-30,2026-03-30,1150.0,CE,TORNTPOWER26MAR1150CE,0.0,0.0,0.0,193.3,0.0,193.3,1527.9,385.05,0,0,0,0.0,0,F1,425,,,,,
2026-02-18,2026-02-18,FO,NSE,STO,164094,,TORNTPOWER,,2026-03-30,2026-03-30,1380.0,CE,TORNTPOWER26MAR1380CE,0.0,0.0,0.0,62.05,0.0,62.05,1527.9,171.05,0,0,0,0.0,0,F1,425,,,,,
2026-02-18,2026-02-18,FO,NSE,STO,164098,,TORNTPOWER,,2026-03-30,2026-03-30,1420.0,CE,TORNTPOWER26MAR1420CE,0.0,0.0,0.0,82.75,82.75,82.75,1527.9,140.1,425,0,0,0.0,0,F1,425,,,,,
2026-02-18,2026-02-18,FO,NSE,STO,170962,,TORNTPOWER,,2026-03-30,2026-03-30,1530.0,CE,TORNTPOWER26MAR1530CE,66.4,66.4,54.0,55.55,55.55,50.05,1527.9,55.55,5100,1700,10,6749828.75,10,F1,425,,,,,
2026-02-18,2026-02-18,FO,NSE,STO,171038,,TORNTPOWER,,2026-04-28,2026-04-28,1340.0,CE,TORNTPOWER26APR1340CE,0.0,0.0,0.0,98.85,0.0,98.85,1527.9,220.95,0,0,0,0.0,0,F1,425,,,,,
2026-02-18,2026-02-18,FO,NSE,STO,171030,,TORNTPOWER,,2026-04-28,2026-04-28,1260.0,CE,TORNTPOWER26APR1260CE,0.0,0.0,0.0,138.75,0.0,138.75,1527.9,288.95,0,0,0,0.0,0,F1,425,,,,,
2026-02-18,2026-02-18,FO,NSE,STF,67031,,TORNTPOWER,,2026-04-28,2026-04-28,,,TORNTPOWER26APRFUT,1499.0,1535.4,1490.5,1526.2,1522.1,1476.0,1527.9,1526.2,21250,-425,35,22636562.5,31,F1,425,,,,,
2026-02-18,2026-02-18,FO,NSE,STO,163962,,TORNTPOWER,,2026-02-24,2026-02-24,1290.0,CE,TORNTPOWER26FEB1290CE,0.0,0.0,0.0,153.1,153.1,153.1,1527.9,239.05,5950,0,0,0.0,0,F1,425,,,,,
2026-02-18,2026-02-18,FO,NSE,STO,163968,,TORNTPOWER,,2026-02-24,2026-02-24,1330.0,CE,TORNTPOWER26FEB1330CE,0.0,0.0,0.0,145.1,145.1,145.1,1527.9,199.1,9775,0,0,0.0,0,F1,425,,,,,
2026-02-18,2026-02-18,FO,NSE,STO,38024,,TORNTPOWER,,2026-04-28,2026-04-28,1700.0,PE,TORNTPOWER26APR1700PE,0.0,0.0,0.0,359.3,0.0,359.3,1527.9,191.5,0,0,0,0.0,0,F1,425,,,,,
2026-02-18,2026-02-18,FO,NSE,STO,171063,,TORNTPOWER,,2026-04-28,2026-04-28,1580.0,PE,TORNTPOWER26APR1580PE,0.0,0.0,0.0,276.05,0.0,276.05,1527.9,110.45,0,0,0,0.0,0,F1,425,,,,,
2026-02-18,2026-02-18,FO,NSE,STO,171029,,TORNTPOWER,,2026-04-28,2026-04-28,1240.0,PE,TORNTPOWER26APR1240PE,0.0,0.0,0.0,61.6,0.0,61.6,1527.9,6.3,0,0,0,0.0,0,F1,425,,,,,
2026-02-18,2026-02-18,FO,NSE,STO,41033,,TORNTPOWER,,2026-03-30,2026-03-30,1700.0,PE,TORNTPOWER26MAR1700PE,0.0,0.0,0.0,304.5,0.0,304.5,1527.9,180.4,0,0,0,0.0,0,F1,425,,,,,
2026-02-18,2026-02-18,FO,NSE,STO,164109,,TORNTPOWER,,2026-03-30,2026-03-30,1520.0,PE,TORNTPOWER26MAR1520PE,56.0,59.0,56.0,59.0,59.0,259.85,1527.9,59.0,3400,3400,13,8716558.75,12,F1,425,,,,,
2026-02-18,2026-02-18,FO,NSE,STO,170961,,TORNTPOWER,,2026-03-30,2026-03-30,1510.0,PE,TORNTPOWER26MAR1510PE,0.0,0.0,0.0,211.65,0.0,211.65,1527.9,55.6,0,0,0,0.0,0,F1,425,,,,,
2026-02-18,2026-02-18,FO,NSE,STO,164097,,TORNTPOWER,,2026-03-30,2026-03-30,1400.0,PE,TORNTPOWER26MAR1400PE,19.75,19.8,13.9,14.25,14.6,21.05,1527.9,14.25,42500,13600,90,54186055.0,76,F1,425,,,,,
2026-02-18,2026-02-18,FO,NSE,STO,171049,,TORNTPOWER,,2026-04-28,2026-04-28,1440.0,PE,TORNTPOWER26APR1440PE,0.0,0.0,0.0,170.15,0.0,170.15,1527.9,45.4,0,0,0,0.0,0,F1,425,,,,,
2026-02-18,2026-02-18,FO,NSE,STO,171043,,TORNTPOWER,,2026-04-28,2026-04-28,1380.0,PE,TORNTPOWER26APR1380PE,0.0,0.0,0.0,131.6,0.0,131.6,1527.9,27.8,0,0,0,0.0,0,F1,425,,,,,
2026-02-18,2026-02-18,FO,NSE,STO,163990,,TORNTPOWER,,2026-02-24,2026-02-24,1470.0,CE,TORNTPOWER26FEB1470CE,32.35,64.55,32.3,57.7,56.0,31.7,1527.9,57.7,42500,-10625,162,104505247.5,154,F1,425,,,,,
2026-02-18,2026-02-18,FO,NSE,STO,164074,,TORNTPOWER,,2026-03-30,2026-03-30,1180.0,CE,TORNTPOWER26MAR1180CE,0.0,0.0,0.0,155.25,0.0,155.25,1527.9,355.5,0,0,0,0.0,0,F1,425,,,,,
2026-02-18,2026-02-18,FO,NSE,STO,164092,,TORNTPOWER,,2026-03-30,2026-03-30,1360.0,CE,TORNTPOWER26MAR1360CE,0.0,0.0,0.0,46.7,46.9,46.7,1527.9,187.6,4250,0,0,0.0,0,F1,425,,,,,
2026-02-18,2026-02-18,FO,NSE,STO,164104,,TORNTPOWER,,2026-03-30,2026-03-30,1480.0,CE,TORNTPOWER26MAR1480CE,68.0,68.0,68.0,68.0,68.0,36.4,1527.9,99.75,425,425,1,657900.0,1,F1,425,,,,,
2026-02-18,2026-02-18,FO,NSE,STO,170964,,TORNTPOWER,,2026-03-30,2026-03-30,1550.0,CE,TORNTPOWER26MAR1550CE,0.0,0.0,0.0,20.55,0.0,20.55,1527.9,62.95,0,0,0,0.0,0,F1,425,,,,,
2026-02-18,2026-02-18,FO,NSE,STO,170974,,TORNTPOWER,,2026-03-30,2026-03-30,1650.0,CE,TORNTPOWER26MAR1650CE,14.45,21.9,14.45,17.6,18.0,10.35,1527.9,17.6,10200,9350,42,29752720.0,28,F1,425,,,,,
2026-02-18,2026-02-18,FO,NSE,STO,171018,,TORNTPOWER,,2026-04-28,2026-04-28,1140.0,CE,TORNTPOWER26APR1140CE,0.0,0.0,0.0,217.05,0.0,217.05,1527.9,401.15,0,0,0,0.0,0,F1,425,,,,,
2026-02-18,2026-02-18,FO,NSE,STO,171022,,TORNTPOWER,,2026-04-28,2026-04-28,1180.0,CE,TORNTPOWER26APR1180CE,0.0,0.0,0.0,188.6,0.0,188.6,1527.9,362.85,0,0,0,0.0,0,F1,425,,,,,
2026-02-18,2026-02-18,FO,NSE,STO,171024,,TORNTPOWER,,2026-04-28,2026-04-28,1200.0,CE,TORNTPOWER26APR1200CE,0.0,0.0,0.0,175.2,0.0,175.2,1527.9,344.0,0,0,0,0.0,0,F1,425,,,,,
2026-02-18,2026-02-18,FO,NSE,STO,171034,,TORNTPOWER,,2026-04-28,2026-04-28,1300.0,CE,TORNTPOWER26APR1300CE,0.0,0.0,0.0,117.6,0.0,117.6,1527.9,254.05,0,0,0,0.0,0,F1,425,,,,,
2026-02-18,2026-02-18,FO,NSE,STO,163935,,TORNTPOWER,,2026-02-24,2026-02-24,1100.0,PE,TORNTPOWER26FEB1100PE,0.2,0.2,0.1,0.1,0.1,0.45,1527.9,0.05,21675,0,6,2805340.0,3,F1,425,,,,,
2026-02-18,2026-02-18,FO,NSE,STO,146022,,TORNTPOWER,,2026-02-24,2026-02-24,1600.0,PE,TORNTPOWER26FEB1600PE,90.0,90.0,88.95,88.95,88.95,126.0,1527.9,76.0,2125,425,5,3590803.75,3,F1,425,,,,,
2026-02-18,2026-02-18,FO,NSE,STO,164073,,TORNTPOWER,,2026-03-30,2026-03-30,1160.0,PE,TORNTPOWER26MAR1160PE,0.0,0.0,0.0,44.25,0.0,44.25,1527.9,0.3,0,0,0,0.0,0,F1,425,,,,,
2026-02-18,2026-02-18,FO,NSE,STO,170929,,TORNTPOWER,,2026-03-30,2026-03-30,1190.0,PE,TORNTPOWER26MAR1190PE,0.0,0.0,0.0,31.5,0.0,31.5,1527.9,0.6,0,0,0,0.0,0,F1,425,,,,,
2026-02-18,2026-02-18,FO,NSE,STO,170937,,TORNTPOWER,,2026-03-30,2026-03-30,1270.0,PE,TORNTPOWER26MAR1270PE,0.0,0.0,0.0,5.95,5.95,5.95,1527.9,2.95,5525,0,0,0.0,0,F1,425,,,,,
2026-02-18,2026-02-18,FO,NSE,STO,170965,,TORNTPOWER,,2026-03-30,2026-03-30,1550.0,PE,TORNTPOWER26MAR1550PE,0.0,0.0,0.0,244.65,0.0,244.65,1527.9,75.75,0,0,0,0.0,0,F1,425,,,,,
2026-02-18,2026-02-18,FO,NSE,STO,170967,,TORNTPOWER,,2026-03-30,2026-03-30,1570.0,PE,TORNTPOWER26MAR1570PE,0.0,0.0,0.0,261.7,0.0,261.7,1527.9,87.15,0,0,0,0.0,0,F1,425,,,,,
2026-02-18,2026-02-18,FO,NSE,STO,171017,,TORNTPOWER,,2026-04-28,2026-04-28,1120.0,PE,TORNTPOWER26APR1120PE,0.0,0.0,0.0,25.3,0.0,25.3,1527.9,1.05,0,0,0,0.0,0,F1,425,,,,,
2026-02-18,2026-02-18,FO,NSE,STO,171045,,TORNTPOWER,,2026-04-28,2026-04-28,1400.0,PE,TORNTPOWER26APR1400PE,0.0,0.0,0.0,143.95,0.0,143.95,1527.9,33.05,0,0,0,0.0,0,F1,425,,,,,
2026-02-18,2026-02-18,FO,NSE,STO,170950,,TORNTPOWER,,2026-03-30,2026-03-30,1410.0,CE,TORNTPOWER26MAR1410CE,0.0,0.0,0.0,51.8,0.0,51.8,1527.9,147.55,0,0,0,0.0,0,F1,425,,,,,
2026-02-18,2026-02-18,FO,NSE,STO,163965,,TORNTPOWER,,2026-02-24,2026-02-24,1300.0,PE,TORNTPOWER26FEB1300PE,0.9,0.9,0.55,0.8,0.7,1.3,1527.9,0.8,76075,-2125,27,14926403.75,18,F1,425,,,,,
2026-02-18,2026-02-18,FO,NSE,STO,164002,,TORNTPOWER,,2026-02-24,2026-02-24,1550.0,CE,TORNTPOWER26FEB1550CE,3.6,20.0,3.6,12.6,13.2,6.0,1527.9,12.6,74375,-148750,2136,1419411005.0,1790,F1,425,,,,,
2026-02-18,2026-02-18,FO,NSE,STO,163988,,TORNTPOWER,,2026-02-24,2026-02-24,1460.0,CE,TORNTPOWER26FEB1460CE,36.7,77.9,36.7,65.15,62.75,36.7,1527.9,65.15,41650,-5525,110,70960018.75,99,F1,425,,,,,
2026-02-18,2026-02-18,FO,NSE,STO,163952,,TORNTPOWER,,2026-02-24,2026-02-24,1220.0,CE,TORNTPOWER26FEB1220CE,0.0,0.0,0.0,254.0,254.0,254.0,1527.9,309.0,1275,0,0,0.0,0,F1,425,,,,,
2026-02-18,2026-02-18,FO,NSE,STO,145997,,TORNTPOWER,,2026-02-24,2026-02-24,1120.0,CE,TORNTPOWER26FEB1120CE,0.0,0.0,0.0,289.7,289.7,289.7,1527.9,408.9,850,0,0,0.0,0,F1,425,,,,,
2026-02-18,2026-02-18,FO,NSE,STO,164089,,TORNTPOWER,,2026-03-30,2026-03-30,1320.0,PE,TORNTPOWER26MAR1320PE,0.0,0.0,0.0,18.55,18.55,18.55,1527.9,6.6,2125,0,0,0.0,0,F1,425,,,,,
2026-02-18,2026-02-18,FO,NSE,STO,164087,,TORNTPOWER,,2026-03-30,2026-03-30,1300.0,PE,TORNTPOWER26MAR1300PE,6.6,6.6,5.4,5.4,5.4,6.65,1527.9,5.4,8500,850,19,10544717.5,15,F1,425,,,,,
2026-02-18,2026-02-18,FO,NSE,STO,170935,,TORNTPOWER,,2026-03-30,2026-03-30,1250.0,PE,TORNTPOWER26MAR1250PE,0.0,0.0,0.0,51.55,0.0,51.55,1527.9,2.05,0,0,0,0.0,0,F1,425,,,,,
2026-02-18,2026-02-18,FO,NSE,STO,146026,,TORNTPOWER,,2026-02-24,2026-02-24,1680.0,PE,TORNTPOWER26FEB1680PE,0.0,0.0,0.0,241.05,241.05,241.05,1527.9,151.0,1275,0,0,0.0,0,F1,425,,,,,
2026-02-18,2026-02-18,FO,NSE,STO,37145,,TORNTPOWER,,2026-02-24,2026-02-24,1670.0,PE,TORNTPOWER26FEB1670PE,0.0,0.0,0.0,354.05,0.0,354.05,1527.9,141.15,0,0,0,0.0,0,F1,425,,,,,
2026-02-18,2026-02-18,FO,NSE,STO,164017,,TORNTPOWER,,2026-02-24,2026-02-24,1660.0,PE,TORNTPOWER26FEB1660PE,137.6,139.0,137.6,137.95,139.0,230.6,1527.9,137.95,1700,425,4,3056515.0,2,F1,425,,,,,
2026-02-18,2026-02-18,FO,NSE,STO,164013,,TORNTPOWER,,2026-02-24,2026-02-24,1620.0,PE,TORNTPOWER26FEB1620PE,119.6,119.6,100.65,100.65,100.65,203.55,1527.9,93.65,1275,0,5,3680542.5,3,F1,425,,,,,
2026-02-18,2026-02-18,FO,NSE,STO,146016,,TORNTPOWER,,2026-02-24,2026-02-24,1480.0,PE,TORNTPOWER26FEB1480PE,20.75,20.75,6.35,6.95,6.9,21.4,1527.9,6.95,52700,28900,481,304450471.25,466,F1,425,,,,,
2026-02-18,2026-02-18,FO,NSE,STO,146006,,TORNTPOWER,,2026-02-24,2026-02-24,1280.0,PE,TORNTPOWER26FEB1280PE,0.9,0.9,0.1,0.75,0.75,0.9,1527.9,0.05,115175,-4250,35,19048925.0,26,F1,425,,,,,
2026-02-18,2026-02-18,FO,NSE,STO,146012,,TORNTPOWER,,2026-02-24,2026-02-24,1400.0,PE,TORNTPOWER26FEB1400PE,2.7,2.75,1.05,1.15,1.15,3.1,1527.9,1.15,73100,-90100,722,430116426.25,511,F1,425,,,,,
2026-02-18,2026-02-18,FO,NSE,STO,163949,,TORNTPOWER,,2026-02-24,2026-02-24,1190.0,PE,TORNTPOWER26FEB1190PE,0.0,0.0,0.0,39.1,0.0,39.1,1527.9,0.05,0,0,0,0.0,0,F1,425,,,,,
2026-02-18,2026-02-18,FO,NSE,STO,145996,,TORNTPOWER,,2026-02-24,2026-02-24,1080.0,PE,TORNTPOWER26FEB1080PE,0.0,0.0,0.0,0.45,0.45,0.45,1527.9,0.05,15300,0,0,0.0,0,F1,425,,,,,
2026-02-18,2026-02-18,FO,NSE,STO,170951,,TORNTPOWER,,2026-03-30,2026-03-30,1410.0,PE,TORNTPOWER26MAR1410PE,0.0,0.0,0.0,137.35,0.0,137.35,1527.9,21.15,0,0,0,0.0,0,F1,425,,,,,
2026-02-18,2026-02-18,FO,NSE,STO,164107,,TORNTPOWER,,2026-03-30,2026-03-30,1500.0,PE,TORNTPOWER26MAR1500PE,52.0,52.0,43.4,45.3,45.5,243.65,1527.9,45.3,11900,11900,34,22351685.0,27,F1,425,,,,,
2026-02-18,2026-02-18,FO,NSE,STO,170973,,TORNTPOWER,,2026-03-30,2026-03-30,1630.0,PE,TORNTPOWER26MAR1630PE,0.0,0.0,0.0,314.7,0.0,314.7,1527.9,126.45,0,0,0,0.0,0,F1,425,,,,,
2026-02-18,2026-02-18,FO,NSE,STO,171068,,TORNTPOWER,,2026-04-28,2026-04-28,1640.0,CE,TORNTPOWER26APR1640CE,0.0,0.0,0.0,21.45,0.0,21.45,1527.9,53.25,0,0,0,0.0,0,F1,425,,,,,
2026-02-18,2026-02-18,FO,NSE,STO,171036,,TORNTPOWER,,2026-04-28,2026-04-28,1320.0,CE,TORNTPOWER26APR1320CE,0.0,0.0,0.0,107.9,0.0,107.9,1527.9,237.25,0,0,0,0.0,0,F1,425,,,,,
2026-02-18,2026-02-18,FO,NSE,STO,164096,,TORNTPOWER,,2026-03-30,2026-03-30,1400.0,CE,TORNTPOWER26MAR1400CE,119.15,119.15,119.0,119.0,119.0,106.8,1527.9,155.2,15300,0,2,1291213.75,2,F1,425,,,,,
2026-02-18,2026-02-18,FO,NSE,STO,170936,,TORNTPOWER,,2026-03-30,2026-03-30,1270.0,CE,TORNTPOWER26MAR1270CE,0.0,0.0,0.0,112.7,0.0,112.7,1527.9,268.5,0,0,0,0.0,0,F1,425,,,,,
2026-02-18,2026-02-18,FO,NSE,STO,164082,,TORNTPOWER,,2026-03-30,2026-03-30,1260.0,CE,TORNTPOWER26MAR1260CE,0.0,0.0,0.0,224.85,224.85,224.85,1527.9,277.95,0,0,0,0.0,0,F1,425,,,,,
2026-02-18,2026-02-18,FO,NSE,STO,164118,,TORNTPOWER,,2026-03-30,2026-03-30,1620.0,CE,TORNTPOWER26MAR1620CE,23.05,24.2,22.15,24.2,24.2,17.0,1527.9,24.2,17425,-1700,16,11175715.0,16,F1,425,,,,,
2026-02-18,2026-02-18,FO,NSE,STO,170966,,TORNTPOWER,,2026-03-30,2026-03-30,1570.0,CE,TORNTPOWER26MAR1570CE,0.0,0.0,0.0,17.85,0.0,17.85,1527.9,54.5,0,0,0,0.0,0,F1,425,,,,,
2026-02-18,2026-02-18,FO,NSE,STO,164112,,TORNTPOWER,,2026-03-30,2026-03-30,1560.0,CE,TORNTPOWER26MAR1560CE,40.0,49.9,38.5,41.55,41.55,27.0,1527.9,41.55,20825,4675,61,41553695.0,38,F1,425,,,,,
2026-02-18,2026-02-18,FO,NSE,STO,170934,,TORNTPOWER,,2026-03-30,2026-03-30,1250.0,CE,TORNTPOWER26MAR1250CE,0.0,0.0,0.0,124.3,0.0,124.3,1527.9,287.5,0,0,0,0.0,0,F1,425,,,,,
2026-02-18,2026-02-18,FO,NSE,STO,170922,,TORNTPOWER,,2026-03-30,2026-03-30,1130.0,CE,TORNTPOWER26MAR1130CE,0.0,0.0,0.0,209.05,0.0,209.05,1527.9,404.85,0,0,0,0.0,0,F1,425,,,,,
2026-02-18,2026-02-18,FO,NSE,STO,170956,,TORNTPOWER,,2026-03-30,2026-03-30,1470.0,CE,TORNTPOWER26MAR1470CE,0.0,0.0,0.0,57.85,57.85,57.85,1527.9,105.9,1275,0,0,0.0,0,F1,425,,,,,
2026-02-18,2026-02-18,FO,NSE,STO,163943,,TORNTPOWER,,2026-02-24,2026-02-24,1150.0,PE,TORNTPOWER26FEB1150PE,0.0,0.0,0.0,26.9,0.0,26.9,1527.9,0.05,0,0,0,0.0,0,F1,425,,,,,
2026-02-18,2026-02-18,FO,NSE,STO,38023,,TORNTPOWER,,2026-04-28,2026-04-28,1700.0,CE,TORNTPOWER26APR1700CE,0.0,0.0,0.0,17.95,0.0,17.95,1527.9,37.0,0,0,0,0.0,0,F1,425,,,,,
2026-02-18,2026-02-18,FO,NSE,STO,41030,,TORNTPOWER,,2026-03-30,2026-03-30,1700.0,CE,TORNTPOWER26MAR1700CE,9.75,14.5,9.5,11.5,11.5,9.2,1527.9,11.5,65025,3825,136,98924678.75,112,F1,425,,,,,
2026-02-18,2026-02-18,FO,NSE,STO,164116,,TORNTPOWER,,2026-03-30,2026-03-30,1600.0,CE,TORNTPOWER26MAR1600CE,23.0,35.0,21.45,28.05,27.5,20.5,1527.9,28.05,39525,-7225,177,122418742.5,145,F1,425,,,,,
2026-02-18,2026-02-18,FO,NSE,STO,164102,,TORNTPOWER,,2026-03-30,2026-03-30,1460.0,CE,TORNTPOWER26MAR1460CE,0.0,0.0,0.0,71.1,71.1,71.1,1527.9,112.3,1275,0,0,0.0,0,F1,425,,,,,
2026-02-18,2026-02-18,FO,NSE,STO,170944,,TORNTPOWER,,2026-03-30,2026-03-30,1350.0,CE,TORNTPOWER26MAR1350CE,180.0,180.0,180.0,180.0,180.0,62.55,1527.9,196.1,1700,0,1,650250.0,1,F1,425,,,,,
2026-02-18,2026-02-18,FO,NSE,STO,163984,,TORNTPOWER,,2026-02-24,2026-02-24,1430.0,CE,TORNTPOWER26FEB1430CE,76.0,98.1,76.0,91.45,91.45,65.0,1527.9,91.45,22525,-1275,10,6473005.0,10,F1,425,,,,,
2026-02-18,2026-02-18,FO,NSE,STO,163950,,TORNTPOWER,,2026-02-24,2026-02-24,1210.0,CE,TORNTPOWER26FEB1210CE,0.0,0.0,0.0,264.0,264.0,264.0,1527.9,319.0,2550,0,0,0.0,0,F1,425,,,,,
2026-02-18,2026-02-18,FO,NSE,STO,171057,,TORNTPOWER,,2026-04-28,2026-04-28,1520.0,PE,TORNTPOWER26APR1520PE,0.0,0.0,0.0,228.35,0.0,228.35,1527.9,78.4,0,0,0,0.0,0,F1,425,,,,,
2026-02-18,2026-02-18,FO,NSE,STO,164121,,TORNTPOWER,,2026-03-30,2026-03-30,1640.0,PE,TORNTPOWER26MAR1640PE,0.0,0.0,0.0,363.25,0.0,363.25,1527.9,133.65,0,0,0,0.0,0,F1,425,,,,,
2026-02-18,2026-02-18,FO,NSE,STO,170969,,TORNTPOWER,,2026-03-30,2026-03-30,1590.0,PE,TORNTPOWER26MAR1590PE,0.0,0.0,0.0,279.1,0.0,279.1,1527.9,99.45,0,0,0,0.0,0,F1,425,,,,,
2026-02-18,2026-02-18,FO,NSE,STO,164111,,TORNTPOWER,,2026-03-30,2026-03-30,1540.0,PE,TORNTPOWER26MAR1540PE,0.0,0.0,0.0,276.4,0.0,276.4,1527.9,70.35,0,0,0,0.0,0,F1,425,,,,,
2026-02-18,2026-02-18,FO,NSE,STO,164095,,TORNTPOWER,,2026-03-30,2026-03-30,1380.0,PE,TORNTPOWER26MAR1380PE,11.05,13.0,11.05,11.85,11.75,35.75,1527.9,11.85,7650,2125,18,10649458.75,14,F1,425,,,,,
2026-02-18,2026-02-18,FO,NSE,STO,163973,,TORNTPOWER,,2026-02-24,2026-02-24,1350.0,PE,TORNTPOWER26FEB1350PE,1.35,1.35,0.7,0.75,0.7,1.9,1527.9,0.75,31450,-2550,48,27560421.25,35,F1,425,,,,,
2026-02-18,2026-02-18,FO,NSE,STO,163969,,TORNTPOWER,,2026-02-24,2026-02-24,1330.0,PE,TORNTPOWER26FEB1330PE,1.35,1.4,0.7,0.75,0.75,1.55,1527.9,0.05,53125,5525,53,29980265.0,47,F1,425,,,,,
2026-02-18,2026-02-18,FO,NSE,STO,146008,,TORNTPOWER,,2026-02-24,2026-02-24,1320.0,PE,TORNTPOWER26FEB1320PE,0.75,0.9,0.75,0.9,0.9,1.6,1527.9,0.9,167450,-1700,9,5052060.0,4,F1,425,,,,,
2026-02-18,2026-02-18,FO,NSE,STO,163951,,TORNTPOWER,,2026-02-24,2026-02-24,1210.0,PE,TORNTPOWER26FEB1210PE,0.7,0.7,0.7,0.7,0.7,1.05,1527.9,0.05,5100,0,1,514547.5,1,F1,425,,,,,
2026-02-18,2026-02-18,FO,NSE,STO,171046,,TORNTPOWER,,2026-04-28,2026-04-28,1420.0,CE,TORNTPOWER26APR1420CE,0.0,0.0,0.0,68.25,0.0,68.25,1527.9,161.45,0,0,0,0.0,0,F1,425,,,,,
2026-02-18,2026-02-18,FO,NSE,STO,171028,,TORNTPOWER,,2026-04-28,2026-04-28,1240.0,CE,TORNTPOWER26APR1240CE,0.0,0.0,0.0,150.3,0.0,150.3,1527.9,307.0,0,0,0,0.0,0,F1,425,,,,,
2026-02-18,2026-02-18,FO,NSE,STO,171048,,TORNTPOWER,,2026-04-28,2026-04-28,1440.0,CE,TORNTPOWER26APR1440CE,0.0,0.0,0.0,61.9,0.0,61.9,1527.9,148.2,0,0,0,0.0,0,F1,425,,,,,
2026-02-18,2026-02-18,FO,NSE,STO,171056,,TORNTPOWER,,2026-04-28,2026-04-28,1520.0,CE,TORNTPOWER26APR1520CE,0.0,0.0,0.0,41.35,0.0,41.35,1527.9,102.05,0,0,0,0.0,0,F1,425,,,,,
2026-02-18,2026-02-18,FO,NSE,STO,171060,,TORNTPOWER,,2026-04-28,2026-04-28,1560.0,CE,TORNTPOWER26APR1560CE,0.0,0.0,0.0,33.4,0.0,33.4,1527.9,83.15,0,0,0,0.0,0,F1,425,,,,,
2026-02-18,2026-02-18,FO,NSE,STO,171064,,TORNTPOWER,,2026-04-28,2026-04-28,1600.0,CE,TORNTPOWER26APR1600CE,0.0,0.0,0.0,26.85,0.0,26.85,1527.9,66.95,0,0,0,0.0,0,F1,425,,,,,
2026-02-18,2026-02-18,FO,NSE,STO,171066,,TORNTPOWER,,2026-04-28,2026-04-28,1620.0,CE,TORNTPOWER26APR1620CE,0.0,0.0,0.0,24.0,0.0,24.0,1527.9,59.8,0,0,0,0.0,0,F1,425,,,,,
2026-02-18,2026-02-18,FO,NSE,STO,146000,,TORNTPOWER,,2026-02-24,2026-02-24,1160.0,PE,TORNTPOWER26FEB1160PE,0.0,0.0,0.0,0.25,0.25,0.25,1527.9,0.05,2125,0,0,0.0,0,F1,425,,,,,
2026-02-18,2026-02-18,FO,NSE,STO,163957,,TORNTPOWER,,2026-02-24,2026-02-24,1250.0,PE,TORNTPOWER26FEB1250PE,0.9,0.9,0.6,0.6,0.6,1.4,1527.9,0.05,26350,850,16,8505036.25,15,F1,425,,,,,
2026-02-18,2026-02-18,FO,NSE,STO,163975,,TORNTPOWER,,2026-02-24,2026-02-24,1370.0,PE,TORNTPOWER26FEB1370PE,2.3,2.3,0.95,1.05,0.95,2.25,1527.9,1.05,11050,-17425,73,42545432.5,71,F1,425,,,,,
2026-02-18,2026-02-18,FO,NSE,STO,163999,,TORNTPOWER,,2026-02-24,2026-02-24,1530.0,PE,TORNTPOWER26FEB1530PE,26.95,36.25,24.35,26.95,28.0,68.1,1527.9,26.95,125375,122400,661,437706926.25,377,F1,425,,,,,
2026-02-18,2026-02-18,FO,NSE,STO,164015,,TORNTPOWER,,2026-02-24,2026-02-24,1630.0,PE,TORNTPOWER26FEB1630PE,0.0,0.0,0.0,353.7,0.0,353.7,1527.9,102.85,0,0,0,0.0,0,F1,425,,,,,
2026-02-18,2026-02-18,FO,NSE,STO,164081,,TORNTPOWER,,2026-03-30,2026-03-30,1240.0,PE,TORNTPOWER26MAR1240PE,0.0,0.0,0.0,6.0,6.0,6.0,1527.9,1.7,850,0,0,0.0,0,F1,425,,,,,
2026-02-18,2026-02-18,FO,NSE,STO,164105,,TORNTPOWER,,2026-03-30,2026-03-30,1480.0,PE,TORNTPOWER26MAR1480PE,0.0,0.0,0.0,96.55,95.25,96.55,1527.9,42.95,1275,0,0,0.0,0,F1,425,,,,,
2026-02-18,2026-02-18,FO,NSE,STO,164117,,TORNTPOWER,,2026-03-30,2026-03-30,1600.0,PE,TORNTPOWER26MAR1600PE,118.0,118.0,105.0,105.0,105.0,327.75,1527.9,105.9,2125,2125,5,3628650.0,2,F1,425,,,,,
2026-02-18,2026-02-18,FO,NSE,STO,37161,,TORNTPOWER,,2026-03-30,2026-03-30,1660.0,PE,TORNTPOWER26MAR1660PE,0.0,0.0,0.0,346.4,0.0,346.4,1527.9,148.6,0,0,0,0.0,0,F1,425,,,,,
2026-02-18,2026-02-18,FO,NSE,STO,38015,,TORNTPOWER,,2026-03-30,2026-03-30,1690.0,PE,TORNTPOWER26MAR1690PE,0.0,0.0,0.0,348.55,0.0,348.55,1527.9,172.25,0,0,0,0.0,0,F1,425,,,,,
2026-02-18,2026-02-18,FO,NSE,STO,39675,,TORNTPOWER,,2026-03-30,2026-03-30,1710.0,PE,TORNTPOWER26MAR1710PE,0.0,0.0,0.0,332.4,0.0,332.4,1527.9,188.7,0,0,0,0.0,0,F1,425,,,,,
2026-02-18,2026-02-18,FO,NSE,STO,171053,,TORNTPOWER,,2026-04-28,2026-04-28,1480.0,PE,TORNTPOWER26APR1480PE,0.0,0.0,0.0,198.35,0.0,198.35,1527.9,60.5,0,0,0,0.0,0,F1,425,,,,,
2026-02-18,2026-02-18,FO,NSE,STO,163948,,TORNTPOWER,,2026-02-24,2026-02-24,1190.0,CE,TORNTPOWER26FEB1190CE,0.0,0.0,0.0,126.65,0.0,126.65,1527.9,339.0,0,0,0,0.0,0,F1,425,,,,,
2026-02-18,2026-02-18,FO,NSE,STO,163944,,TORNTPOWER,,2026-02-24,2026-02-24,1170.0,CE,TORNTPOWER26FEB1170CE,0.0,0.0,0.0,140.0,0.0,140.0,1527.9,358.95,0,0,0,0.0,0,F1,425,,,,,
2026-02-18,2026-02-18,FO,NSE,STO,163954,,TORNTPOWER,,2026-02-24,2026-02-24,1230.0,CE,TORNTPOWER26FEB1230CE,0.0,0.0,0.0,102.45,0.0,102.45,1527.9,299.0,0,0,0,0.0,0,F1,425,,,,,
2026-02-18,2026-02-18,FO,NSE,STO,146009,,TORNTPOWER,,2026-02-24,2026-02-24,1360.0,CE,TORNTPOWER26FEB1360CE,128.95,167.5,128.95,160.9,160.9,127.95,1527.9,169.2,52275,-1700,7,4507401.25,7,F1,425,,,,,
2026-02-18,2026-02-18,FO,NSE,STO,163974,,TORNTPOWER,,2026-02-24,2026-02-24,1370.0,CE,TORNTPOWER26FEB1370CE,0.0,0.0,0.0,82.0,82.0,82.0,1527.9,159.25,8925,0,0,0.0,0,F1,425,,,,,
2026-02-18,2026-02-18,FO,NSE,STO,163976,,TORNTPOWER,,2026-02-24,2026-02-24,1380.0,CE,TORNTPOWER26FEB1380CE,0.0,0.0,0.0,74.0,74.0,74.0,1527.9,149.35,26775,0,0,0.0,0,F1,425,,,,,
2026-02-18,2026-02-18,FO,NSE,STO,39662,,TORNTPOWER,,2026-02-24,2026-02-24,1710.0,CE,TORNTPOWER26FEB1710CE,1.5,1.5,0.75,0.75,0.75,1.05,1527.9,0.75,24225,4675,58,42181377.5,37,F1,425,,,,,
2026-02-18,2026-02-18,FO,NSE,STO,164086,,TORNTPOWER,,2026-03-30,2026-03-30,1300.0,CE,TORNTPOWER26MAR1300CE,0.0,0.0,0.0,194.85,194.85,194.85,1527.9,240.55,2125,0,0,0.0,0,F1,425,,,,,
2026-02-18,2026-02-18,FO,NSE,STO,170948,,TORNTPOWER,,2026-03-30,2026-03-30,1390.0,CE,TORNTPOWER26MAR1390CE,0.0,0.0,0.0,58.45,0.0,58.45,1527.9,163.05,0,0,0,0.0,0,F1,425,,,,,
2026-02-18,2026-02-18,FO,NSE,STO,170968,,TORNTPOWER,,2026-03-30,2026-03-30,1590.0,CE,TORNTPOWER26MAR1590CE,0.0,0.0,0.0,15.4,0.0,15.4,1527.9,46.9,0,0,0,0.0,0,F1,425,,,,,
2026-02-18,2026-02-18,FO,NSE,STO,38014,,TORNTPOWER,,2026-03-30,2026-03-30,1690.0,CE,TORNTPOWER26MAR1690CE,12.15,12.15,12.15,12.15,12.15,8.0,1527.9,12.15,1700,0,1,723413.75,1,F1,425,,,,,
2026-02-18,2026-02-18,FO,NSE,STO,39674,,TORNTPOWER,,2026-03-30,2026-03-30,1710.0,CE,TORNTPOWER26MAR1710CE,0.0,0.0,0.0,10.0,10.0,10.0,1527.9,16.9,425,0,0,0.0,0,F1,425,,,,,
2026-02-18,2026-02-18,FO,NSE,STO,171012,,TORNTPOWER,,2026-04-28,2026-04-28,1080.0,CE,TORNTPOWER26APR1080CE,0.0,0.0,0.0,263.85,0.0,263.85,1527.9,459.6,0,0,0,0.0,0,F1,425,,,,,
2026-02-18,2026-02-18,FO,NSE,STO,170970,,TORNTPOWER,,2026-03-30,2026-03-30,1610.0,CE,TORNTPOWER26MAR1610CE,0.0,0.0,0.0,13.3,0.0,13.3,1527.9,40.1,0,0,0,0.0,0,F1,425,,,,,
2026-02-18,2026-02-18,FO,NSE,STO,164114,,TORNTPOWER,,2026-03-30,2026-03-30,1580.0,CE,TORNTPOWER26MAR1580CE,0.0,0.0,0.0,10.55,10.55,10.55,1527.9,50.6,5525,0,0,0.0,0,F1,425,,,,,
2026-02-18,2026-02-18,FO,NSE,STO,170946,,TORNTPOWER,,2026-03-30,2026-03-30,1370.0,CE,TORNTPOWER26MAR1370CE,0.0,0.0,0.0,65.7,0.0,65.7,1527.9,179.25,0,0,0,0.0,0,F1,425,,,,,
2026-02-18,2026-02-18,FO,NSE,STO,164084,,TORNTPOWER,,2026-03-30,2026-03-30,1280.0,CE,TORNTPOWER26MAR1280CE,0.0,0.0,0.0,100.85,0.0,100.85,1527.9,259.1,0,0,0,0.0,0,F1,425,,,,,
2026-02-18,2026-02-18,FO,NSE,STO,164068,,TORNTPOWER,,2026-03-30,2026-03-30,1120.0,CE,TORNTPOWER26MAR1120CE,0.0,0.0,0.0,195.65,0.0,195.65,1527.9,414.75,0,0,0,0.0,0,F1,425,,,,,
2026-02-18,2026-02-18,FO,NSE,STO,37143,,TORNTPOWER,,2026-02-24,2026-02-24,1670.0,CE,TORNTPOWER26FEB1670CE,0.0,0.0,0.0,5.9,5.9,5.9,1527.9,0.6,3825,0,0,0.0,0,F1,425,,,,,
2026-02-18,2026-02-18,FO,NSE,STO,37130,,TORNTPOWER,,2026-02-24,2026-02-24,1650.0,CE,TORNTPOWER26FEB1650CE,1.8,2.3,1.4,1.45,1.4,1.65,1527.9,1.45,19975,-5525,33,23166431.25,32,F1,425,,,,,
2026-02-18,2026-02-18,FO,NSE,STO,146021,,TORNTPOWER,,2026-02-24,2026-02-24,1600.0,CE,TORNTPOWER26FEB1600CE,2.5,7.0,2.0,3.7,3.85,2.55,1527.9,3.7,155550,-2550,928,632803835.0,788,F1,425,,,,,
2026-02-18,2026-02-18,FO,NSE,STO,163986,,TORNTPOWER,,2026-02-24,2026-02-24,1450.0,CE,TORNTPOWER26FEB1450CE,50.0,83.0,47.6,77.0,77.0,44.4,1527.9,77.0,51425,-14875,142,91453646.25,100,F1,425,,,,,
2026-02-18,2026-02-18,FO,NSE,STO,146005,,TORNTPOWER,,2026-02-24,2026-02-24,1280.0,CE,TORNTPOWER26FEB1280CE,0.0,0.0,0.0,196.9,196.9,196.9,1527.9,249.05,44625,0,0,0.0,0,F1,425,,,,,
2026-02-18,2026-02-18,FO,NSE,STO,146003,,TORNTPOWER,,2026-02-24,2026-02-24,1240.0,CE,TORNTPOWER26FEB1240CE,0.0,0.0,0.0,88.55,88.55,88.55,1527.9,289.0,1275,0,0,0.0,0,F1,425,,,,,
2026-02-18,2026-02-18,FO,NSE,STO,163934,,TORNTPOWER,,2026-02-24,2026-02-24,1100.0,CE,TORNTPOWER26FEB1100CE,0.0,0.0,0.0,192.45,0.0,192.45,1527.9,428.9,0,0,0,0.0,0,F1,425,,,,,
2026-02-18,2026-02-18,FO,NSE,STO,171069,,TORNTPOWER,,2026-04-28,2026-04-28,1640.0,PE,TORNTPOWER26APR1640PE,0.0,0.0,0.0,326.65,0.0,326.65,1527.9,148.4,0,0,0,0.0,0,F1,425,,,,,
2026-02-18,2026-02-18,FO,NSE,STO,171067,,TORNTPOWER,,2026-04-28,2026-04-28,1620.0,PE,TORNTPOWER26APR1620PE,0.0,0.0,0.0,309.5,0.0,309.5,1527.9,135.15,0,0,0,0.0,0,F1,425,,,,,
2026-02-18,2026-02-18,FO,NSE,STO,171055,,TORNTPOWER,,2026-04-28,2026-04-28,1500.0,PE,TORNTPOWER26APR1500PE,0.0,0.0,0.0,213.15,0.0,213.15,1527.9,69.1,0,0,0,0.0,0,F1,425,,,,,
2026-02-18,2026-02-18,FO,NSE,STO,171035,,TORNTPOWER,,2026-04-28,2026-04-28,1300.0,PE,TORNTPOWER26APR1300PE,0.0,0.0,0.0,88.0,0.0,88.0,1527.9,12.7,0,0,0,0.0,0,F1,425,,,,,
2026-02-18,2026-02-18,FO,NSE,STO,171013,,TORNTPOWER,,2026-04-28,2026-04-28,1080.0,PE,TORNTPOWER26APR1080PE,0.0,0.0,0.0,17.6,0.0,17.6,1527.9,0.5,0,0,0,0.0,0,F1,425,,,,,
2026-02-18,2026-02-18,FO,NSE,STO,170953,,TORNTPOWER,,2026-03-30,2026-03-30,1430.0,PE,TORNTPOWER26MAR1430PE,19.95,23.55,19.95,20.65,21.4,151.1,1527.9,20.65,5525,5525,15,9253737.5,14,F1,425,,,,,
2026-02-18,2026-02-18,FO,NSE,STO,164099,,TORNTPOWER,,2026-03-30,2026-03-30,1420.0,PE,TORNTPOWER26MAR1420PE,0.0,0.0,0.0,79.9,79.9,79.9,1527.9,23.65,425,0,0,0.0,0,F1,425,,,,,
2026-02-18,2026-02-18,FO,NSE,STO,170949,,TORNTPOWER,,2026-03-30,2026-03-30,1390.0,PE,TORNTPOWER26MAR1390PE,0.0,0.0,0.0,22.75,22.75,22.75,1527.9,16.8,425,0,0,0.0,0,F1,425,,,,,
2026-02-18,2026-02-18,FO,NSE,STO,164083,,TORNTPOWER,,2026-03-30,2026-03-30,1260.0,PE,TORNTPOWER26MAR1260PE,0.0,0.0,0.0,26.35,26.35,26.35,1527.9,2.45,425,0,0,0.0,0,F1,425,,,,,
2026-02-18,2026-02-18,FO,NSE,STO,163985,,TORNTPOWER,,2026-02-24,2026-02-24,1430.0,PE,TORNTPOWER26FEB1430PE,4.15,4.5,1.6,1.7,1.7,6.0,1527.9,1.7,70975,-35275,326,198469135.0,217,F1,425,,,,,
2026-02-18,2026-02-18,FO,NSE,STO,163979,,TORNTPOWER,,2026-02-24,2026-02-24,1390.0,PE,TORNTPOWER26FEB1390PE,1.95,1.95,1.0,1.35,1.35,2.45,1527.9,0.35,7650,-29325,145,85743027.5,111,F1,425,,,,,
2026-02-18,2026-02-18,FO,NSE,STO,163977,,TORNTPOWER,,2026-02-24,2026-02-24,1380.0,PE,TORNTPOWER26FEB1380PE,2.0,2.0,1.1,1.1,1.1,2.4,1527.9,1.1,31875,-34425,135,79259610.0,80,F1,425,,,,,
2026-02-18,2026-02-18,FO,NSE,STO,163959,,TORNTPOWER,,2026-02-24,2026-02-24,1260.0,PE,TORNTPOWER26FEB1260PE,1.15,1.15,0.5,0.5,0.5,1.15,1527.9,0.5,19975,-1700,5,2679603.75,4,F1,425,,,,,
2026-02-18,2026-02-18,FO,NSE,STO,163953,,TORNTPOWER,,2026-02-24,2026-02-24,1220.0,PE,TORNTPOWER26FEB1220PE,0.65,0.7,0.25,0.45,0.45,1.0,1527.9,0.45,4675,425,18,9336038.75,17,F1,425,,,,,
2026-02-18,2026-02-18,FO,NSE,STO,146002,,TORNTPOWER,,2026-02-24,2026-02-24,1200.0,PE,TORNTPOWER26FEB1200PE,0.9,0.95,0.4,0.4,0.4,0.7,1527.9,0.05,31025,2975,55,28064067.5,51,F1,425,,,,,
2026-02-18,2026-02-18,FO,NSE,STO,163945,,TORNTPOWER,,2026-02-24,2026-02-24,1170.0,PE,TORNTPOWER26FEB1170PE,0.0,0.0,0.0,32.55,0.0,32.55,1527.9,0.05,0,0,0,0.0,0,F1,425,,,,,
2026-02-18,2026-02-18,FO,NSE,STO,163941,,TORNTPOWER,,2026-02-24,2026-02-24,1140.0,PE,TORNTPOWER26FEB1140PE,0.0,0.0,0.0,0.7,0.7,0.7,1527.9,0.05,2975,0,0,0.0,0,F1,425,,,,,
2026-02-18,2026-02-18,FO,NSE,STO,171040,,TORNTPOWER,,2026-04-28,2026-04-28,1360.0,CE,TORNTPOWER26APR1360CE,0.0,0.0,0.0,90.35,0.0,90.35,1527.9,205.2,0,0,0,0.0,0,F1,425,,,,,
2026-02-18,2026-02-18,FO,NSE,STO,37154,,TORNTPOWER,,2026-03-30,2026-03-30,1660.0,CE,TORNTPOWER26MAR1660CE,19.0,19.25,19.0,19.25,19.25,10.2,1527.9,26.5,2550,850,2,1427256.25,2,F1,425,,,,,
2026-02-18,2026-02-18,FO,NSE,STO,163947,,TORNTPOWER,,2026-02-24,2026-02-24,1180.0,PE,TORNTPOWER26FEB1180PE,0.55,0.65,0.35,0.65,0.65,1.5,1527.9,0.05,6800,1275,14,7024357.5,10,F1,425,,,,,
2026-02-18,2026-02-18,FO,NSE,STO,163971,,TORNTPOWER,,2026-02-24,2026-02-24,1340.0,PE,TORNTPOWER26FEB1340PE,1.2,1.35,0.75,0.75,0.75,1.65,1527.9,0.75,27200,-850,11,6268898.75,11,F1,425,,,,,
2026-02-18,2026-02-18,FO,NSE,STO,163989,,TORNTPOWER,,2026-02-24,2026-02-24,1460.0,PE,TORNTPOWER26FEB1460PE,10.75,10.75,3.3,3.8,3.65,13.4,1527.9,3.8,189125,158100,884,550450586.25,787,F1,425,,,,,
2026-02-18,2026-02-18,FO,NSE,STO,164005,,TORNTPOWER,,2026-02-24,2026-02-24,1570.0,PE,TORNTPOWER26FEB1570PE,0.0,0.0,0.0,298.0,0.0,298.0,1527.9,52.1,0,0,0,0.0,0,F1,425,,,,,
2026-02-18,2026-02-18,FO,NSE,STO,164011,,TORNTPOWER,,2026-02-24,2026-02-24,1610.0,PE,TORNTPOWER26FEB1610PE,0.0,0.0,0.0,334.95,0.0,334.95,1527.9,84.7,0,0,0,0.0,0,F1,425,,,,,
2026-02-18,2026-02-18,FO,NSE,STO,164113,,TORNTPOWER,,2026-03-30,2026-03-30,1560.0,PE,TORNTPOWER26MAR1560PE,0.0,0.0,0.0,293.25,0.0,293.25,1527.9,81.35,0,0,0,0.0,0,F1,425,,,,,
2026-02-18,2026-02-18,FO,NSE,STO,164119,,TORNTPOWER,,2026-03-30,2026-03-30,1620.0,PE,TORNTPOWER26MAR1620PE,0.0,0.0,0.0,345.4,0.0,345.4,1527.9,119.4,0,0,0,0.0,0,F1,425,,,,,
2026-02-18,2026-02-18,FO,NSE,STO,171019,,TORNTPOWER,,2026-04-28,2026-04-28,1140.0,PE,TORNTPOWER26APR1140PE,0.0,0.0,0.0,29.9,0.0,29.9,1527.9,1.45,0,0,0,0.0,0,F1,425,,,,,
2026-02-18,2026-02-18,FO,NSE,STO,171027,,TORNTPOWER,,2026-04-28,2026-04-28,1220.0,PE,TORNTPOWER26APR1220PE,0.0,0.0,0.0,54.05,0.0,54.05,1527.9,4.85,0,0,0,0.0,0,F1,425,,,,,
2026-02-18,2026-02-18,FO,NSE,STO,171039,,TORNTPOWER,,2026-04-28,2026-04-28,1340.0,PE,TORNTPOWER26APR1340PE,0.0,0.0,0.0,108.6,0.0,108.6,1527.9,19.2,0,0,0,0.0,0,F1,425,,,,,
2026-02-18,2026-02-18,FO,NSE,STO,171041,,TORNTPOWER,,2026-04-28,2026-04-28,1360.0,PE,TORNTPOWER26APR1360PE,0.0,0.0,0.0,119.8,0.0,119.8,1527.9,23.2,0,0,0,0.0,0,F1,425,,,,,
2026-02-18,2026-02-18,FO,NSE,STO,171065,,TORNTPOWER,,2026-04-28,2026-04-28,1600.0,PE,TORNTPOWER26APR1600PE,0.0,0.0,0.0,292.65,0.0,292.65,1527.9,122.5,0,0,0,0.0,0,F1,425,,,,,
2026-02-18,2026-02-18,FO,NSE,STO,171073,,TORNTPOWER,,2026-04-28,2026-04-28,1680.0,PE,TORNTPOWER26APR1680PE,0.0,0.0,0.0,361.6,0.0,361.6,1527.9,176.6,0,0,0,0.0,0,F1,425,,,,,
2026-02-18,2026-02-18,FO,NSE,STO,164120,,TORNTPOWER,,2026-03-30,2026-03-30,1640.0,CE,TORNTPOWER26MAR1640CE,0.0,0.0,0.0,10.8,10.8,10.8,1527.9,31.4,850,0,0,0.0,0,F1,425,,,,,
2026-02-18,2026-02-18,FO,NSE,STO,163980,,TORNTPOWER,,2026-02-24,2026-02-24,1410.0,CE,TORNTPOWER26FEB1410CE,73.0,119.75,73.0,110.8,110.8,77.5,1527.9,110.8,32725,-1275,31,19998885.0,27,F1,425,,,,,
2026-02-18,2026-02-18,FO,NSE,STO,146011,,TORNTPOWER,,2026-02-24,2026-02-24,1400.0,CE,TORNTPOWER26FEB1400CE,91.0,130.0,91.0,120.05,120.0,85.8,1527.9,120.05,42500,-13175,70,44889541.25,46,F1,425,,,,,
2026-02-18,2026-02-18,FO,NSE,STO,163966,,TORNTPOWER,,2026-02-24,2026-02-24,1310.0,CE,TORNTPOWER26FEB1310CE,0.0,0.0,0.0,174.25,174.25,174.25,1527.9,219.1,28900,0,0,0.0,0,F1,425,,,,,
2026-02-18,2026-02-18,FO,NSE,STO,164004,,TORNTPOWER,,2026-02-24,2026-02-24,1570.0,CE,TORNTPOWER26FEB1570CE,4.35,12.95,3.6,7.65,7.45,3.9,1527.9,7.65,156825,137700,1147,769712888.75,1017,F1,425,,,,,
2026-02-18,2026-02-18,FO,NSE,STO,164012,,TORNTPOWER,,2026-02-24,2026-02-24,1620.0,CE,TORNTPOWER26FEB1620CE,1.75,4.55,1.5,2.5,2.55,1.9,1527.9,2.5,74375,14875,282,194524008.75,250,F1,425,,,,,
2026-02-18,2026-02-18,FO,NSE,STO,164070,,TORNTPOWER,,2026-03-30,2026-03-30,1140.0,CE,TORNTPOWER26MAR1140CE,0.0,0.0,0.0,181.55,0.0,181.55,1527.9,394.95,0,0,0,0.0,0,F1,425,,,,,
2026-02-18,2026-02-18,FO,NSE,STO,170926,,TORNTPOWER,,2026-03-30,2026-03-30,1170.0,CE,TORNTPOWER26MAR1170CE,0.0,0.0,0.0,178.1,0.0,178.1,1527.9,365.3,0,0,0,0.0,0,F1,425,,,,,
2026-02-18,2026-02-18,FO,NSE,STO,163964,,TORNTPOWER,,2026-02-24,2026-02-24,1300.0,CE,TORNTPOWER26FEB1300CE,203.0,232.0,203.0,230.75,221.7,184.0,1527.9,230.75,32725,-3825,10,6484522.5,4,F1,425,,,,,
2026-02-18,2026-02-18,FO,NSE,STO,163956,,TORNTPOWER,,2026-02-24,2026-02-24,1250.0,CE,TORNTPOWER26FEB1250CE,0.0,0.0,0.0,130.1,130.1,130.1,1527.9,279.05,4675,0,0,0.0,0,F1,425,,,,,
2026-02-18,2026-02-18,FO,NSE,STO,163946,,TORNTPOWER,,2026-02-24,2026-02-24,1180.0,CE,TORNTPOWER26FEB1180CE,0.0,0.0,0.0,133.25,0.0,133.25,1527.9,348.95,0,0,0,0.0,0,F1,425,,,,,
2026-02-18,2026-02-18,FO,NSE,STO,163940,,TORNTPOWER,,2026-02-24,2026-02-24,1140.0,CE,TORNTPOWER26FEB1140CE,0.0,0.0,0.0,273.3,273.3,273.3,1527.9,388.95,0,0,0,0.0,0,F1,425,,,,,
2026-02-18,2026-02-18,FO,NSE,STO,164076,,TORNTPOWER,,2026-03-30,2026-03-30,1200.0,CE,TORNTPOWER26MAR1200CE,0.0,0.0,0.0,143.05,0.0,143.05,1527.9,335.9,0,0,0,0.0,0,F1,425,,,,,
2026-02-18,2026-02-18,FO,NSE,STO,170932,,TORNTPOWER,,2026-03-30,2026-03-30,1230.0,CE,TORNTPOWER26MAR1230CE,0.0,0.0,0.0,136.7,0.0,136.7,1527.9,306.7,0,0,0,0.0,0,F1,425,,,,,
2026-02-18,2026-02-18,FO,NSE,STO,164110,,TORNTPOWER,,2026-03-30,2026-03-30,1540.0,CE,TORNTPOWER26MAR1540CE,55.0,55.0,49.4,50.05,50.0,22.0,1527.9,50.05,10200,1700,19,12853785.0,14,F1,425,,,,,
2026-02-18,2026-02-18,FO,NSE,STO,171020,,TORNTPOWER,,2026-04-28,2026-04-28,1160.0,CE,TORNTPOWER26APR1160CE,0.0,0.0,0.0,202.55,0.0,202.55,1527.9,381.95,0,0,0,0.0,0,F1,425,,,,,
2026-02-18,2026-02-18,FO,NSE,STO,170933,,TORNTPOWER,,2026-03-30,2026-03-30,1230.0,PE,TORNTPOWER26MAR1230PE,0.0,0.0,0.0,20.15,20.15,20.15,1527.9,1.4,425,0,0,0.0,0,F1,425,,,,,
2026-02-18,2026-02-18,FO,NSE,STO,170943,,TORNTPOWER,,2026-03-30,2026-03-30,1330.0,PE,TORNTPOWER26MAR1330PE,7.0,7.45,7.0,7.05,7.0,10.25,1527.9,7.05,1275,-850,12,6819911.25,11,F1,425,,,,,
2026-02-18,2026-02-18,FO,NSE,STO,164101,,TORNTPOWER,,2026-03-30,2026-03-30,1440.0,PE,TORNTPOWER26MAR1440PE,23.0,23.75,22.9,22.9,22.9,66.6,1527.9,22.9,1700,425,5,3109066.25,3,F1,425,,,,,
2026-02-18,2026-02-18,FO,NSE,STO,170955,,TORNTPOWER,,2026-03-30,2026-03-30,1450.0,PE,TORNTPOWER26MAR1450PE,35.75,36.45,24.95,26.5,27.4,48.15,1527.9,26.5,22950,13600,65,40806268.75,49,F1,425,,,,,
2026-02-18,2026-02-18,FO,NSE,STO,170963,,TORNTPOWER,,2026-03-30,2026-03-30,1530.0,PE,TORNTPOWER26MAR1530PE,0.0,0.0,0.0,227.95,0.0,227.95,1527.9,65.25,0,0,0,0.0,0,F1,425,,,,,
2026-02-18,2026-02-18,FO,NSE,STO,164115,,TORNTPOWER,,2026-03-30,2026-03-30,1580.0,PE,TORNTPOWER26MAR1580PE,0.0,0.0,0.0,310.35,0.0,310.35,1527.9,93.2,0,0,0,0.0,0,F1,425,,,,,
2026-02-18,2026-02-18,FO,NSE,STO,170971,,TORNTPOWER,,2026-03-30,2026-03-30,1610.0,PE,TORNTPOWER26MAR1610PE,0.0,0.0,0.0,296.75,0.0,296.75,1527.9,112.55,0,0,0,0.0,0,F1,425,,,,,
2026-02-18,2026-02-18,FO,NSE,STO,164123,,TORNTPOWER,,2026-03-30,2026-03-30,1680.0,PE,TORNTPOWER26MAR1680PE,0.0,0.0,0.0,399.5,0.0,399.5,1527.9,164.25,0,0,0,0.0,0,F1,425,,,,,
2026-02-18,2026-02-18,FO,NSE,STO,171023,,TORNTPOWER,,2026-04-28,2026-04-28,1180.0,PE,TORNTPOWER26APR1180PE,0.0,0.0,0.0,40.85,0.0,40.85,1527.9,2.75,0,0,0,0.0,0,F1,425,,,,,
2026-02-18,2026-02-18,FO,NSE,STO,146007,,TORNTPOWER,,2026-02-24,2026-02-24,1320.0,CE,TORNTPOWER26FEB1320CE,197.0,206.35,197.0,206.35,206.35,149.55,1527.9,209.1,22950,-425,2,1293423.75,2,F1,425,,,,,
2026-02-18,2026-02-18,FO,NSE,STO,163942,,TORNTPOWER,,2026-02-24,2026-02-24,1150.0,CE,TORNTPOWER26FEB1150CE,0.0,0.0,0.0,154.15,0.0,154.15,1527.9,378.95,0,0,0,0.0,0,F1,425,,,,,
2026-02-18,2026-02-18,FO,NSE,STO,163978,,TORNTPOWER,,2026-02-24,2026-02-24,1390.0,CE,TORNTPOWER26FEB1390CE,99.15,137.45,99.15,137.4,137.4,98.35,1527.9,139.5,25500,425,9,5767653.75,7,F1,425,,,,,
2026-02-18,2026-02-18,FO,NSE,STO,146015,,TORNTPOWER,,2026-02-24,2026-02-24,1480.0,CE,TORNTPOWER26FEB1480CE,26.95,59.15,25.6,47.35,46.95,26.1,1527.9,47.35,37825,-50150,426,275337015.0,397,F1,425,,,,,
2026-02-18,2026-02-18,FO,NSE,STO,164016,,TORNTPOWER,,2026-02-24,2026-02-24,1660.0,CE,TORNTPOWER26FEB1660CE,0.0,0.0,0.0,4.1,0.0,4.1,1527.9,0.85,0,0,0,0.0,0,F1,425,,,,,
2026-02-18,2026-02-18,FO,NSE,STO,170930,,TORNTPOWER,,2026-03-30,2026-03-30,1210.0,CE,TORNTPOWER26MAR1210CE,0.0,0.0,0.0,149.75,0.0,149.75,1527.9,326.1,0,0,0,0.0,0,F1,425,,,,,
2026-02-18,2026-02-18,FO,NSE,STO,164078,,TORNTPOWER,,2026-03-30,2026-03-30,1220.0,CE,TORNTPOWER26MAR1220CE,0.0,0.0,0.0,131.55,0.0,131.55,1527.9,316.4,0,0,0,0.0,0,F1,425,,,,,
2026-02-18,2026-02-18,FO,NSE,STO,164088,,TORNTPOWER,,2026-03-30,2026-03-30,1320.0,CE,TORNTPOWER26MAR1320CE,0.0,0.0,0.0,62.15,62.15,62.15,1527.9,222.4,425,0,0,0.0,0,F1,425,,,,,
2026-02-18,2026-02-18,FO,NSE,STO,164090,,TORNTPOWER,,2026-03-30,2026-03-30,1340.0,CE,TORNTPOWER26MAR1340CE,0.0,0.0,0.0,71.0,71.0,71.0,1527.9,204.75,425,0,0,0.0,0,F1,425,,,,,
2026-02-18,2026-02-18,FO,NSE,STO,170954,,TORNTPOWER,,2026-03-30,2026-03-30,1450.0,CE,TORNTPOWER26MAR1450CE,78.0,98.3,78.0,98.0,98.0,78.0,1527.9,118.95,2125,425,7,4587832.5,7,F1,425,,,,,
2026-02-18,2026-02-18,FO,NSE,STO,171050,,TORNTPOWER,,2026-04-28,2026-04-28,1460.0,CE,TORNTPOWER26APR1460CE,0.0,0.0,0.0,56.1,0.0,56.1,1527.9,135.6,0,0,0,0.0,0,F1,425,,,,,
2026-02-18,2026-02-18,FO,NSE,STO,171062,,TORNTPOWER,,2026-04-28,2026-04-28,1580.0,CE,TORNTPOWER26APR1580CE,0.0,0.0,0.0,29.95,0.0,29.95,1527.9,74.7,0,0,0,0.0,0,F1,425,,,,,
2026-02-18,2026-02-18,FO,NSE,STO,163939,,TORNTPOWER,,2026-02-24,2026-02-24,1130.0,PE,TORNTPOWER26FEB1130PE,0.0,0.0,0.0,21.9,0.0,21.9,1527.9,0.05,0,0,0,0.0,0,F1,425,,,,,
2026-02-18,2026-02-18,FO,NSE,STO,146010,,TORNTPOWER,,2026-02-24,2026-02-24,1360.0,PE,TORNTPOWER26FEB1360PE,2.05,2.05,0.8,0.8,0.8,2.05,1527.9,0.05,33575,-6375,45,26035691.25,31,F1,425,,,,,
2026-02-18,2026-02-18,FO,NSE,STO,163983,,TORNTPOWER,,2026-02-24,2026-02-24,1420.0,PE,TORNTPOWER26FEB1420PE,3.85,3.85,1.3,1.45,1.45,4.75,1527.9,1.45,104125,-140250,643,388605125.0,377,F1,425,,,,,
2026-02-18,2026-02-18,FO,NSE,STO,165316,,UNOMINDA,,2026-02-24,2026-02-24,1420.0,CE,UNOMINDA26FEB1420CE,0.1,0.5,0.1,0.25,0.25,0.55,1208.8,0.05,39050,20900,66,51559722.5,64,F1,550,,,,,
2026-02-18,2026-02-18,FO,NSE,STO,165308,,UNOMINDA,,2026-02-24,2026-02-24,1260.0,CE,UNOMINDA26FEB1260CE,3.45,6.0,1.25,2.7,2.65,5.75,1208.8,2.7,265650,7150,615,427080362.5,505,F1,550,,,,,
2026-02-18,2026-02-18,FO,NSE,STO,150019,,UNOMINDA,,2026-02-24,2026-02-24,1320.0,CE,UNOMINDA26FEB1320CE,0.85,0.95,0.3,0.5,0.5,1.4,1208.8,0.5,70950,-12100,99,71904937.5,74,F1,550,,,,,
2026-02-18,2026-02-18,FO,NSE,STO,171918,,UNOMINDA,,2026-03-30,2026-03-30,1300.0,CE,UNOMINDA26MAR1300CE,11.9,14.95,11.9,14.7,14.95,47.0,1208.8,14.7,3850,1650,7,5059065.0,7,F1,550,,,,,
2026-02-18,2026-02-18,FO,NSE,STF,59501,,UNOMINDA,,2026-02-24,2026-02-24,,,UNOMINDA26FEBFUT,1219.4,1227.1,1196.9,1209.8,1207.0,1220.8,1208.8,1209.8,5894900,-228250,1379,915808190.0,1345,F1,550,,,,,
2026-02-18,2026-02-18,FO,NSE,STO,171954,,UNOMINDA,,2026-04-28,2026-04-28,1160.0,CE,UNOMINDA26APR1160CE,0.0,0.0,0.0,92.45,0.0,92.45,1208.8,104.2,0,0,0,0.0,0,F1,550,,,,,
2026-02-18,2026-02-18,FO,NSE,STO,171958,,UNOMINDA,,2026-04-28,2026-04-28,1240.0,CE,UNOMINDA26APR1240CE,0.0,0.0,0.0,61.0,0.0,61.0,1208.8,63.15,0,0,0,0.0,0,F1,550,,,,,
2026-02-18,2026-02-18,FO,NSE,STO,165301,,UNOMINDA,,2026-02-24,2026-02-24,1100.0,PE,UNOMINDA26FEB1100PE,1.25,1.4,0.95,1.05,1.0,1.4,1208.8,1.05,157300,30800,140,84795590.0,82,F1,550,,,,,
2026-02-18,2026-02-18,FO,NSE,STO,150024,,UNOMINDA,,2026-02-24,2026-02-24,1400.0,PE,UNOMINDA26FEB1400PE,0.0,0.0,0.0,175.0,175.0,175.0,1208.8,189.95,1650,0,0,0.0,0,F1,550,,,,,
2026-02-18,2026-02-18,FO,NSE,STO,165363,,UNOMINDA,,2026-03-30,2026-03-30,1400.0,PE,UNOMINDA26MAR1400PE,0.0,0.0,0.0,166.15,0.0,166.15,1208.8,190.25,0,0,0,0.0,0,F1,550,,,,,
2026-02-18,2026-02-18,FO,NSE,STO,171925,,UNOMINDA,,2026-03-30,2026-03-30,1420.0,PE,UNOMINDA26MAR1420PE,0.0,0.0,0.0,271.0,0.0,271.0,1208.8,208.4,0,0,0,0.0,0,F1,550,,,,,
2026-02-18,2026-02-18,FO,NSE,STO,171945,,UNOMINDA,,2026-04-28,2026-04-28,960.0,PE,UNOMINDA26APR960PE,0.0,0.0,0.0,18.75,0.0,18.75,1208.8,3.5,0,0,0,0.0,0,F1,550,,,,,
2026-02-18,2026-02-18,FO,NSE,STO,171959,,UNOMINDA,,2026-04-28,2026-04-28,1240.0,PE,UNOMINDA26APR1240PE,0.0,0.0,0.0,137.05,0.0,137.05,1208.8,81.55,0,0,0,0.0,0,F1,550,,,,,
2026-02-18,2026-02-18,FO,NSE,STO,165362,,UNOMINDA,,2026-03-30,2026-03-30,1400.0,CE,UNOMINDA26MAR1400CE,0.0,0.0,0.0,8.0,8.0,8.0,1208.8,7.45,9900,0,0,0.0,0,F1,550,,,,,
2026-02-18,2026-02-18,FO,NSE,STO,165357,,UNOMINDA,,2026-03-30,2026-03-30,1280.0,PE,UNOMINDA26MAR1280PE,0.0,0.0,0.0,94.15,0.0,94.15,1208.8,93.25,0,0,0,0.0,0,F1,550,,,,,
2026-02-18,2026-02-18,FO,NSE,STO,165313,,UNOMINDA,,2026-02-24,2026-02-24,1340.0,PE,UNOMINDA26FEB1340PE,0.0,0.0,0.0,91.55,91.55,91.55,1208.8,130.15,1650,0,0,0.0,0,F1,550,,,,,
2026-02-18,2026-02-18,FO,NSE,STO,150016,,UNOMINDA,,2026-02-24,2026-02-24,1240.0,PE,UNOMINDA26FEB1240PE,33.05,44.5,31.45,36.3,36.4,27.25,1208.8,36.3,54450,-5500,35,24646407.5,35,F1,550,,,,,
2026-02-18,2026-02-18,FO,NSE,STO,149938,,UNOMINDA,,2026-02-24,2026-02-24,1120.0,PE,UNOMINDA26FEB1120PE,1.8,1.8,1.2,1.2,1.2,1.65,1208.8,1.2,56100,0,27,16656475.0,26,F1,550,,,,,
2026-02-18,2026-02-18,FO,NSE,STO,171956,,UNOMINDA,,2026-04-28,2026-04-28,1200.0,CE,UNOMINDA26APR1200CE,0.0,0.0,0.0,75.5,0.0,75.5,1208.8,81.9,0,0,0,0.0,0,F1,550,,,,,
2026-02-18,2026-02-18,FO,NSE,STO,171948,,UNOMINDA,,2026-04-28,2026-04-28,1040.0,CE,UNOMINDA26APR1040CE,0.0,0.0,0.0,159.9,0.0,159.9,1208.8,191.25,0,0,0,0.0,0,F1,550,,,,,
2026-02-18,2026-02-18,FO,NSE,STO,165354,,UNOMINDA,,2026-03-30,2026-03-30,1240.0,CE,UNOMINDA26MAR1240CE,33.75,40.0,27.5,40.0,40.0,40.0,1208.8,40.0,6600,4400,13,9094167.5,10,F1,550,,,,,
2026-02-18,2026-02-18,FO,NSE,STO,165314,,UNOMINDA,,2026-02-24,2026-02-24,1380.0,CE,UNOMINDA26FEB1380CE,0.3,0.8,0.3,0.65,0.8,0.6,1208.8,0.65,51700,550,24,18220950.0,11,F1,550,,,,,
2026-02-18,2026-02-18,FO,NSE,STO,165310,,UNOMINDA,,2026-02-24,2026-02-24,1300.0,CE,UNOMINDA26FEB1300CE,1.55,1.75,0.4,0.7,0.6,1.85,1208.8,0.7,259600,-73150,396,283328430.0,294,F1,550,,,,,
2026-02-18,2026-02-18,FO,NSE,STO,149937,,UNOMINDA,,2026-02-24,2026-02-24,1120.0,CE,UNOMINDA26FEB1120CE,0.0,0.0,0.0,108.0,108.0,108.0,1208.8,90.6,13750,0,0,0.0,0,F1,550,,,,,
2026-02-18,2026-02-18,FO,NSE,STO,171953,,UNOMINDA,,2026-04-28,2026-04-28,1120.0,PE,UNOMINDA26APR1120PE,0.0,0.0,0.0,70.0,0.0,70.0,1208.8,29.65,0,0,0,0.0,0,F1,550,,,,,
2026-02-18,2026-02-18,FO,NSE,STO,165311,,UNOMINDA,,2026-02-24,2026-02-24,1300.0,PE,UNOMINDA26FEB1300PE,88.7,97.8,87.65,96.9,96.9,79.65,1208.8,91.15,14850,-2200,7,5361317.5,7,F1,550,,,,,
2026-02-18,2026-02-18,FO,NSE,STO,165299,,UNOMINDA,,2026-02-24,2026-02-24,1060.0,PE,UNOMINDA26FEB1060PE,0.8,0.85,0.7,0.8,0.8,0.8,1208.8,0.05,39600,-1100,8,4667465.0,8,F1,550,,,,,
2026-02-18,2026-02-18,FO,NSE,STO,171966,,UNOMINDA,,2026-04-28,2026-04-28,1400.0,CE,UNOMINDA26APR1400CE,0.0,0.0,0.0,23.95,0.0,23.95,1208.8,18.55,0,0,0,0.0,0,F1,550,,,,,
2026-02-18,2026-02-18,FO,NSE,STO,150025,,UNOMINDA,,2026-02-24,2026-02-24,1440.0,CE,UNOMINDA26FEB1440CE,0.0,0.0,0.0,57.0,0.0,57.0,1208.8,0.05,0,0,0,0.0,0,F1,550,,,,,
2026-02-18,2026-02-18,FO,NSE,STO,171919,,UNOMINDA,,2026-03-30,2026-03-30,1300.0,PE,UNOMINDA26MAR1300PE,108.6,108.6,108.6,108.6,108.6,87.5,1208.8,107.5,6600,0,1,774730.0,1,F1,550,,,,,
2026-02-18,2026-02-18,FO,NSE,STO,150017,,UNOMINDA,,2026-02-24,2026-02-24,1280.0,CE,UNOMINDA26FEB1280CE,2.85,3.35,0.65,1.4,1.35,3.25,1208.8,1.4,83050,-20350,154,108542005.0,105,F1,550,,,,,
2026-02-18,2026-02-18,FO,NSE,STO,165312,,UNOMINDA,,2026-02-24,2026-02-24,1340.0,CE,UNOMINDA26FEB1340CE,1.15,1.15,0.2,0.45,0.45,1.05,1208.8,0.45,171600,-550,88,64885700.0,78,F1,550,,,,,
2026-02-18,2026-02-18,FO,NSE,STO,150023,,UNOMINDA,,2026-02-24,2026-02-24,1400.0,CE,UNOMINDA26FEB1400CE,0.15,0.45,0.1,0.25,0.25,0.5,1208.8,0.05,161150,-4400,64,49287755.0,59,F1,550,,,,,
2026-02-18,2026-02-18,FO,NSE,STO,165356,,UNOMINDA,,2026-03-30,2026-03-30,1280.0,CE,UNOMINDA26MAR1280CE,0.0,0.0,0.0,24.55,24.55,24.55,1208.8,29.75,1100,0,0,0.0,0,F1,550,,,,,
2026-02-18,2026-02-18,FO,NSE,STO,149940,,UNOMINDA,,2026-02-24,2026-02-24,1160.0,PE,UNOMINDA26FEB1160PE,2.4,4.5,2.2,2.5,2.25,2.4,1208.8,2.5,425700,90200,429,274568360.0,364,F1,550,,,,,
2026-02-18,2026-02-18,FO,NSE,STO,171907,,UNOMINDA,,2026-03-30,2026-03-30,1060.0,PE,UNOMINDA26MAR1060PE,0.0,0.0,0.0,5.45,5.45,5.45,1208.8,6.9,3850,0,0,0.0,0,F1,550,,,,,
2026-02-18,2026-02-18,FO,NSE,STO,171911,,UNOMINDA,,2026-03-30,2026-03-30,1140.0,PE,UNOMINDA26MAR1140PE,0.0,0.0,0.0,66.6,0.0,66.6,1208.8,23.3,0,0,0,0.0,0,F1,550,,,,,
2026-02-18,2026-02-18,FO,NSE,STO,171961,,UNOMINDA,,2026-04-28,2026-04-28,1280.0,PE,UNOMINDA26APR1280PE,0.0,0.0,0.0,164.25,0.0,164.25,1208.8,105.75,0,0,0,0.0,0,F1,550,,,,,
2026-02-18,2026-02-18,FO,NSE,STO,171955,,UNOMINDA,,2026-04-28,2026-04-28,1160.0,PE,UNOMINDA26APR1160PE,0.0,0.0,0.0,89.7,0.0,89.7,1208.8,43.4,0,0,0,0.0,0,F1,550,,,,,
2026-02-18,2026-02-18,FO,NSE,STO,150022,,UNOMINDA,,2026-02-24,2026-02-24,1360.0,PE,UNOMINDA26FEB1360PE,0.0,0.0,0.0,123.85,123.85,123.85,1208.8,150.05,1650,0,0,0.0,0,F1,550,,,,,
2026-02-18,2026-02-18,FO,NSE,STO,150026,,UNOMINDA,,2026-02-24,2026-02-24,1440.0,PE,UNOMINDA26FEB1440PE,232.9,232.9,232.9,232.9,232.9,218.65,1208.8,229.9,2750,0,2,1840190.0,1,F1,550,,,,,
2026-02-18,2026-02-18,FO,NSE,STO,165351,,UNOMINDA,,2026-03-30,2026-03-30,1160.0,PE,UNOMINDA26MAR1160PE,0.0,0.0,0.0,44.0,0.0,44.0,1208.8,29.85,0,0,0,0.0,0,F1,550,,,,,
2026-02-18,2026-02-18,FO,NSE,STO,165361,,UNOMINDA,,2026-03-30,2026-03-30,1360.0,PE,UNOMINDA26MAR1360PE,0.0,0.0,0.0,139.9,0.0,139.9,1208.8,155.25,0,0,0,0.0,0,F1,550,,,,,
2026-02-18,2026-02-18,FO,NSE,STO,171923,,UNOMINDA,,2026-03-30,2026-03-30,1380.0,PE,UNOMINDA26MAR1380PE,0.0,0.0,0.0,235.7,0.0,235.7,1208.8,172.5,0,0,0,0.0,0,F1,550,,,,,
2026-02-18,2026-02-18,FO,NSE,STO,171947,,UNOMINDA,,2026-04-28,2026-04-28,1000.0,PE,UNOMINDA26APR1000PE,0.0,0.0,0.0,27.65,0.0,27.65,1208.8,6.65,0,0,0,0.0,0,F1,550,,,,,
2026-02-18,2026-02-18,FO,NSE,STO,171951,,UNOMINDA,,2026-04-28,2026-04-28,1080.0,PE,UNOMINDA26APR1080PE,0.0,0.0,0.0,53.1,0.0,53.1,1208.8,19.2,0,0,0,0.0,0,F1,550,,,,,
2026-02-18,2026-02-18,FO,NSE,STO,171906,,UNOMINDA,,2026-03-30,2026-03-30,1060.0,CE,UNOMINDA26MAR1060CE,0.0,0.0,0.0,130.1,0.0,130.1,1208.8,162.05,0,0,0,0.0,0,F1,550,,,,,
2026-02-18,2026-02-18,FO,NSE,STO,165346,,UNOMINDA,,2026-03-30,2026-03-30,1080.0,CE,UNOMINDA26MAR1080CE,0.0,0.0,0.0,232.25,0.0,232.25,1208.8,145.0,0,0,0,0.0,0,F1,550,,,,,
2026-02-18,2026-02-18,FO,NSE,STO,171908,,UNOMINDA,,2026-03-30,2026-03-30,1100.0,CE,UNOMINDA26MAR1100CE,0.0,0.0,0.0,105.15,0.0,105.15,1208.8,128.7,0,0,0,0.0,0,F1,550,,,,,
2026-02-18,2026-02-18,FO,NSE,STO,171924,,UNOMINDA,,2026-03-30,2026-03-30,1420.0,CE,UNOMINDA26MAR1420CE,0.0,0.0,0.0,10.85,0.0,10.85,1208.8,5.75,0,0,0,0.0,0,F1,550,,,,,
2026-02-18,2026-02-18,FO,NSE,STO,149932,,UNOMINDA,,2026-02-24,2026-02-24,1000.0,PE,UNOMINDA26FEB1000PE,0.5,0.65,0.5,0.6,0.6,0.55,1208.8,0.05,46200,-2200,17,9355335.0,13,F1,550,,,,,
2026-02-18,2026-02-18,FO,NSE,STO,165309,,UNOMINDA,,2026-02-24,2026-02-24,1260.0,PE,UNOMINDA26FEB1260PE,0.0,0.0,0.0,40.1,40.1,40.1,1208.8,55.2,26400,0,0,0.0,0,F1,550,,,,,
2026-02-18,2026-02-18,FO,NSE,STO,150014,,UNOMINDA,,2026-02-24,2026-02-24,1200.0,PE,UNOMINDA26FEB1200PE,9.8,18.75,8.7,13.55,13.0,9.9,1208.8,13.55,262900,80850,1097,733591292.5,899,F1,550,,,,,
2026-02-18,2026-02-18,FO,NSE,STO,149936,,UNOMINDA,,2026-02-24,2026-02-24,1080.0,PE,UNOMINDA26FEB1080PE,0.6,0.6,0.6,0.6,0.6,1.15,1208.8,0.6,50050,-1100,2,1188660.0,2,F1,550,,,,,
2026-02-18,2026-02-18,FO,NSE,STO,149856,,UNOMINDA,,2026-02-24,2026-02-24,960.0,PE,UNOMINDA26FEB960PE,0.15,0.15,0.15,0.15,0.15,0.25,1208.8,0.05,14300,0,1,528082.5,1,F1,550,,,,,
2026-02-18,2026-02-18,FO,NSE,STO,171968,,UNOMINDA,,2026-04-28,2026-04-28,1440.0,CE,UNOMINDA26APR1440CE,0.0,0.0,0.0,18.55,0.0,18.55,1208.8,13.05,0,0,0,0.0,0,F1,550,,,,,
2026-02-18,2026-02-18,FO,NSE,STO,171960,,UNOMINDA,,2026-04-28,2026-04-28,1280.0,CE,UNOMINDA26APR1280CE,0.0,0.0,0.0,48.9,0.0,48.9,1208.8,47.8,0,0,0,0.0,0,F1,550,,,,,
2026-02-18,2026-02-18,FO,NSE,STO,150015,,UNOMINDA,,2026-02-24,2026-02-24,1240.0,CE,UNOMINDA26FEB1240CE,8.8,11.8,2.8,5.9,5.1,10.95,1208.8,5.9,334950,114400,944,646754900.0,822,F1,550,,,,,
2026-02-18,2026-02-18,FO,NSE,STO,165340,,UNOMINDA,,2026-03-30,2026-03-30,960.0,CE,UNOMINDA26MAR960CE,0.0,0.0,0.0,333.95,0.0,333.95,1208.8,255.35,0,0,0,0.0,0,F1,550,,,,,
2026-02-18,2026-02-18,FO,NSE,STO,165364,,UNOMINDA,,2026-03-30,2026-03-30,1440.0,CE,UNOMINDA26MAR1440CE,0.0,0.0,0.0,49.0,0.0,49.0,1208.8,4.4,0,0,0,0.0,0,F1,550,,,,,
2026-02-18,2026-02-18,FO,NSE,STO,171969,,UNOMINDA,,2026-04-28,2026-04-28,1440.0,PE,UNOMINDA26APR1440PE,0.0,0.0,0.0,291.5,0.0,291.5,1208.8,229.35,0,0,0,0.0,0,F1,550,,,,,
2026-02-18,2026-02-18,FO,NSE,STO,171905,,UNOMINDA,,2026-03-30,2026-03-30,1020.0,PE,UNOMINDA26MAR1020PE,0.0,0.0,0.0,22.7,0.0,22.7,1208.8,3.2,0,0,0,0.0,0,F1,550,,,,,
2026-02-18,2026-02-18,FO,NSE,STO,171949,,UNOMINDA,,2026-04-28,2026-04-28,1040.0,PE,UNOMINDA26APR1040PE,0.0,0.0,0.0,38.95,0.0,38.95,1208.8,11.7,0,0,0,0.0,0,F1,550,,,,,
2026-02-18,2026-02-18,FO,NSE,STO,171909,,UNOMINDA,,2026-03-30,2026-03-30,1100.0,PE,UNOMINDA26MAR1100PE,10.0,10.0,8.35,8.9,8.9,6.7,1208.8,13.3,2200,1100,5,3050547.5,5,F1,550,,,,,
2026-02-18,2026-02-18,FO,NSE,STO,165341,,UNOMINDA,,2026-03-30,2026-03-30,960.0,PE,UNOMINDA26MAR960PE,0.0,0.0,0.0,6.4,0.0,6.4,1208.8,0.8,0,0,0,0.0,0,F1,550,,,,,
2026-02-18,2026-02-18,FO,NSE,STO,171912,,UNOMINDA,,2026-03-30,2026-03-30,1180.0,CE,UNOMINDA26MAR1180CE,0.0,0.0,0.0,65.25,0.0,65.25,1208.8,73.45,0,0,0,0.0,0,F1,550,,,,,
2026-02-18,2026-02-18,FO,NSE,STO,149941,,UNOMINDA,,2026-02-24,2026-02-24,1200.0,CE,UNOMINDA26FEB1200CE,30.5,33.75,15.65,23.2,21.2,31.0,1208.8,23.2,83050,15400,429,287929262.5,338,F1,550,,,,,
2026-02-18,2026-02-18,FO,NSE,STO,165298,,UNOMINDA,,2026-02-24,2026-02-24,1060.0,CE,UNOMINDA26FEB1060CE,0.0,0.0,0.0,160.7,160.7,160.7,1208.8,149.8,550,0,0,0.0,0,F1,550,,,,,
2026-02-18,2026-02-18,FO,NSE,STO,165297,,UNOMINDA,,2026-02-24,2026-02-24,1020.0,PE,UNOMINDA26FEB1020PE,0.0,0.0,0.0,0.7,0.7,0.7,1208.8,0.05,5500,0,0,0.0,0,F1,550,,,,,
2026-02-18,2026-02-18,FO,NSE,STO,171962,,UNOMINDA,,2026-04-28,2026-04-28,1320.0,CE,UNOMINDA26APR1320CE,0.0,0.0,0.0,38.9,0.0,38.9,1208.8,35.45,0,0,0,0.0,0,F1,550,,,,,
2026-02-18,2026-02-18,FO,NSE,STO,165353,,UNOMINDA,,2026-03-30,2026-03-30,1200.0,PE,UNOMINDA26MAR1200PE,29.0,38.7,28.75,32.7,32.0,29.0,1208.8,32.7,17050,7700,36,24429707.5,36,F1,550,,,,,
2026-02-18,2026-02-18,FO,NSE,STO,171952,,UNOMINDA,,2026-04-28,2026-04-28,1120.0,CE,UNOMINDA26APR1120CE,0.0,0.0,0.0,112.15,0.0,112.15,1208.8,130.0,0,0,0,0.0,0,F1,550,,,,,
2026-02-18,2026-02-18,FO,NSE,STO,165303,,UNOMINDA,,2026-02-24,2026-02-24,1140.0,PE,UNOMINDA26FEB1140PE,2.45,2.75,1.4,1.8,2.0,1.95,1208.8,1.8,196900,86350,331,207942075.0,305,F1,550,,,,,
2026-02-18,2026-02-18,FO,NSE,STO,165305,,UNOMINDA,,2026-02-24,2026-02-24,1180.0,PE,UNOMINDA26FEB1180PE,5.0,10.4,4.05,6.55,6.9,5.0,1208.8,6.55,138600,-144100,690,450975195.0,535,F1,550,,,,,
2026-02-18,2026-02-18,FO,NSE,STO,150018,,UNOMINDA,,2026-02-24,2026-02-24,1280.0,PE,UNOMINDA26FEB1280PE,63.1,78.25,61.8,78.25,78.25,66.85,1208.8,72.6,4950,-1100,17,12615432.5,13,F1,550,,,,,
2026-02-18,2026-02-18,FO,NSE,STO,171915,,UNOMINDA,,2026-03-30,2026-03-30,1220.0,PE,UNOMINDA26MAR1220PE,0.0,0.0,0.0,112.4,0.0,112.4,1208.8,56.45,0,0,0,0.0,0,F1,550,,,,,
2026-02-18,2026-02-18,FO,NSE,STO,165355,,UNOMINDA,,2026-03-30,2026-03-30,1240.0,PE,UNOMINDA26MAR1240PE,0.0,0.0,0.0,74.9,0.0,74.9,1208.8,67.65,0,0,0,0.0,0,F1,550,,,,,
2026-02-18,2026-02-18,FO,NSE,STO,165365,,UNOMINDA,,2026-03-30,2026-03-30,1440.0,PE,UNOMINDA26MAR1440PE,0.0,0.0,0.0,194.4,0.0,194.4,1208.8,226.9,0,0,0,0.0,0,F1,550,,,,,
2026-02-18,2026-02-18,FO,NSE,STO,171965,,UNOMINDA,,2026-04-28,2026-04-28,1360.0,PE,UNOMINDA26APR1360PE,0.0,0.0,0.0,224.8,0.0,224.8,1208.8,163.0,0,0,0,0.0,0,F1,550,,,,,
2026-02-18,2026-02-18,FO,NSE,STO,171967,,UNOMINDA,,2026-04-28,2026-04-28,1400.0,PE,UNOMINDA26APR1400PE,0.0,0.0,0.0,257.5,0.0,257.5,1208.8,195.25,0,0,0,0.0,0,F1,550,,,,,
2026-02-18,2026-02-18,FO,NSE,STO,149939,,UNOMINDA,,2026-02-24,2026-02-24,1160.0,CE,UNOMINDA26FEB1160CE,58.3,58.3,41.8,52.45,51.1,64.3,1208.8,52.45,43450,-8800,76,50499267.5,66,F1,550,,,,,
2026-02-18,2026-02-18,FO,NSE,STO,165302,,UNOMINDA,,2026-02-24,2026-02-24,1140.0,CE,UNOMINDA26FEB1140CE,0.0,0.0,0.0,85.0,85.0,85.0,1208.8,71.9,45100,0,0,0.0,0,F1,550,,,,,
2026-02-18,2026-02-18,FO,NSE,STO,165350,,UNOMINDA,,2026-03-30,2026-03-30,1160.0,CE,UNOMINDA26MAR1160CE,0.0,0.0,0.0,174.5,0.0,174.5,1208.8,85.6,0,0,0,0.0,0,F1,550,,,,,
2026-02-18,2026-02-18,FO,NSE,STO,171946,,UNOMINDA,,2026-04-28,2026-04-28,1000.0,CE,UNOMINDA26APR1000CE,0.0,0.0,0.0,187.95,0.0,187.95,1208.8,225.8,0,0,0,0.0,0,F1,550,,,,,
2026-02-18,2026-02-18,FO,NSE,STO,171913,,UNOMINDA,,2026-03-30,2026-03-30,1180.0,PE,UNOMINDA26MAR1180PE,0.0,0.0,0.0,87.9,0.0,87.9,1208.8,37.55,0,0,0,0.0,0,F1,550,,,,,
2026-02-18,2026-02-18,FO,NSE,STO,165345,,UNOMINDA,,2026-03-30,2026-03-30,1040.0,PE,UNOMINDA26MAR1040PE,0.0,0.0,0.0,15.7,0.0,15.7,1208.8,4.75,0,0,0,0.0,0,F1,550,,,,,
2026-02-18,2026-02-18,FO,NSE,STO,149934,,UNOMINDA,,2026-02-24,2026-02-24,1040.0,PE,UNOMINDA26FEB1040PE,0.75,0.75,0.55,0.55,0.55,0.75,1208.8,0.05,26950,-550,2,1144715.0,2,F1,550,,,,,
2026-02-18,2026-02-18,FO,NSE,STO,149933,,UNOMINDA,,2026-02-24,2026-02-24,1040.0,CE,UNOMINDA26FEB1040CE,0.0,0.0,0.0,180.7,180.7,180.7,1208.8,169.75,3300,0,0,0.0,0,F1,550,,,,,
2026-02-18,2026-02-18,FO,NSE,STO,165304,,UNOMINDA,,2026-02-24,2026-02-24,1180.0,CE,UNOMINDA26FEB1180CE,48.0,48.0,28.3,36.7,35.8,45.65,1208.8,36.7,34100,0,43,28708130.0,43,F1,550,,,,,
2026-02-18,2026-02-18,FO,NSE,STO,150021,,UNOMINDA,,2026-02-24,2026-02-24,1360.0,CE,UNOMINDA26FEB1360CE,0.5,0.65,0.35,0.45,0.4,0.75,1208.8,0.45,102850,-1650,44,32923467.5,44,F1,550,,,,,
2026-02-18,2026-02-18,FO,NSE,STO,165342,,UNOMINDA,,2026-03-30,2026-03-30,1000.0,CE,UNOMINDA26MAR1000CE,0.0,0.0,0.0,298.4,0.0,298.4,1208.8,216.9,0,0,0,0.0,0,F1,550,,,,,
2026-02-18,2026-02-18,FO,NSE,STO,171910,,UNOMINDA,,2026-03-30,2026-03-30,1140.0,CE,UNOMINDA26MAR1140CE,0.0,0.0,0.0,83.55,0.0,83.55,1208.8,98.95,0,0,0,0.0,0,F1,550,,,,,
2026-02-18,2026-02-18,FO,NSE,STO,171916,,UNOMINDA,,2026-03-30,2026-03-30,1260.0,CE,UNOMINDA26MAR1260CE,0.0,0.0,0.0,51.4,51.4,51.4,1208.8,36.3,1100,0,0,0.0,0,F1,550,,,,,
2026-02-18,2026-02-18,FO,NSE,STO,165358,,UNOMINDA,,2026-03-30,2026-03-30,1320.0,CE,UNOMINDA26MAR1320CE,9.85,10.65,9.8,10.25,9.8,35.45,1208.8,10.25,6600,-550,4,2926082.5,4,F1,550,,,,,
2026-02-18,2026-02-18,FO,NSE,STO,165317,,UNOMINDA,,2026-02-24,2026-02-24,1420.0,PE,UNOMINDA26FEB1420PE,0.0,0.0,0.0,236.05,236.05,236.05,1208.8,209.9,0,0,0,0.0,0,F1,550,,,,,
2026-02-18,2026-02-18,FO,NSE,STO,165348,,UNOMINDA,,2026-03-30,2026-03-30,1120.0,CE,UNOMINDA26MAR1120CE,0.0,0.0,0.0,202.25,0.0,202.25,1208.8,113.3,0,0,0,0.0,0,F1,550,,,,,
2026-02-18,2026-02-18,FO,NSE,STO,165296,,UNOMINDA,,2026-02-24,2026-02-24,1020.0,CE,UNOMINDA26FEB1020CE,0.0,0.0,0.0,201.15,201.15,201.15,1208.8,189.7,1650,0,0,0.0,0,F1,550,,,,,
2026-02-18,2026-02-18,FO,NSE,STO,165300,,UNOMINDA,,2026-02-24,2026-02-24,1100.0,CE,UNOMINDA26FEB1100CE,0.0,0.0,0.0,123.7,123.7,123.7,1208.8,110.05,7700,0,0,0.0,0,F1,550,,,,,
2026-02-18,2026-02-18,FO,NSE,STO,165344,,UNOMINDA,,2026-03-30,2026-03-30,1040.0,CE,UNOMINDA26MAR1040CE,0.0,0.0,0.0,264.4,0.0,264.4,1208.8,179.8,0,0,0,0.0,0,F1,550,,,,,
2026-02-18,2026-02-18,FO,NSE,STO,171950,,UNOMINDA,,2026-04-28,2026-04-28,1080.0,CE,UNOMINDA26APR1080CE,0.0,0.0,0.0,134.65,0.0,134.65,1208.8,159.15,0,0,0,0.0,0,F1,550,,,,,
2026-02-18,2026-02-18,FO,NSE,STO,150020,,UNOMINDA,,2026-02-24,2026-02-24,1320.0,PE,UNOMINDA26FEB1320PE,0.0,0.0,0.0,97.8,97.8,97.8,1208.8,110.5,2750,0,0,0.0,0,F1,550,,,,,
2026-02-18,2026-02-18,FO,NSE,STO,165359,,UNOMINDA,,2026-03-30,2026-03-30,1320.0,PE,UNOMINDA26MAR1320PE,0.0,0.0,0.0,115.85,0.0,115.85,1208.8,122.7,0,0,0,0.0,0,F1,550,,,,,
2026-02-18,2026-02-18,FO,NSE,STO,171921,,UNOMINDA,,2026-03-30,2026-03-30,1340.0,PE,UNOMINDA26MAR1340PE,0.0,0.0,0.0,201.85,0.0,201.85,1208.8,138.6,0,0,0,0.0,0,F1,550,,,,,
2026-02-18,2026-02-18,FO,NSE,STO,171957,,UNOMINDA,,2026-04-28,2026-04-28,1200.0,PE,UNOMINDA26APR1200PE,0.0,0.0,0.0,112.1,0.0,112.1,1208.8,60.7,0,0,0,0.0,0,F1,550,,,,,
2026-02-18,2026-02-18,FO,NSE,STO,171963,,UNOMINDA,,2026-04-28,2026-04-28,1320.0,PE,UNOMINDA26APR1320PE,0.0,0.0,0.0,193.65,0.0,193.65,1208.8,133.0,0,0,0,0.0,0,F1,550,,,,,
2026-02-18,2026-02-18,FO,NSE,STO,171914,,UNOMINDA,,2026-03-30,2026-03-30,1220.0,CE,UNOMINDA26MAR1220CE,0.0,0.0,0.0,50.2,0.0,50.2,1208.8,52.6,0,0,0,0.0,0,F1,550,,,,,
2026-02-18,2026-02-18,FO,NSE,STO,165360,,UNOMINDA,,2026-03-30,2026-03-30,1360.0,CE,UNOMINDA26MAR1360CE,0.0,0.0,0.0,13.1,13.1,13.1,1208.8,12.25,6050,0,0,0.0,0,F1,550,,,,,
2026-02-18,2026-02-18,FO,NSE,STO,171944,,UNOMINDA,,2026-04-28,2026-04-28,960.0,CE,UNOMINDA26APR960CE,0.0,0.0,0.0,218.45,0.0,218.45,1208.8,262.2,0,0,0,0.0,0,F1,550,,,,,
2026-02-18,2026-02-18,FO,NSE,STO,149857,,UNOMINDA,,2026-02-24,2026-02-24,1000.0,CE,UNOMINDA26FEB1000CE,0.0,0.0,0.0,244.95,244.95,244.95,1208.8,209.7,2750,0,0,0.0,0,F1,550,,,,,
2026-02-18,2026-02-18,FO,NSE,STO,165352,,UNOMINDA,,2026-03-30,2026-03-30,1200.0,CE,UNOMINDA26MAR1200CE,0.0,0.0,0.0,149.25,0.0,149.25,1208.8,62.45,0,0,0,0.0,0,F1,550,,,,,
2026-02-18,2026-02-18,FO,NSE,STF,52066,,UNOMINDA,,2026-03-30,2026-03-30,,,UNOMINDA26MARFUT,1227.3,1232.1,1205.1,1217.9,1213.9,1226.8,1208.8,1217.9,475750,307450,756,505305075.0,725,F1,550,,,,,
2026-02-18,2026-02-18,FO,NSE,STO,149853,,UNOMINDA,,2026-02-24,2026-02-24,960.0,CE,UNOMINDA26FEB960CE,0.0,0.0,0.0,196.0,196.0,196.0,1208.8,249.65,550,0,0,0.0,0,F1,550,,,,,
2026-02-18,2026-02-18,FO,NSE,STO,171904,,UNOMINDA,,2026-03-30,2026-03-30,1020.0,CE,UNOMINDA26MAR1020CE,0.0,0.0,0.0,158.4,0.0,158.4,1208.8,198.15,0,0,0,0.0,0,F1,550,,,,,
2026-02-18,2026-02-18,FO,NSE,STO,165343,,UNOMINDA,,2026-03-30,2026-03-30,1000.0,PE,UNOMINDA26MAR1000PE,2.5,2.5,2.5,2.5,2.5,2.5,1208.8,2.5,4950,0,6,3308250.0,6,F1,550,,,,,
2026-02-18,2026-02-18,FO,NSE,STO,165315,,UNOMINDA,,2026-02-24,2026-02-24,1380.0,PE,UNOMINDA26FEB1380PE,0.0,0.0,0.0,136.8,136.8,136.8,1208.8,169.95,2200,0,0,0.0,0,F1,550,,,,,
2026-02-18,2026-02-18,FO,NSE,STO,171964,,UNOMINDA,,2026-04-28,2026-04-28,1360.0,CE,UNOMINDA26APR1360CE,0.0,0.0,0.0,30.6,0.0,30.6,1208.8,25.85,0,0,0,0.0,0,F1,550,,,,,
2026-02-18,2026-02-18,FO,NSE,STO,171920,,UNOMINDA,,2026-03-30,2026-03-30,1340.0,CE,UNOMINDA26MAR1340CE,0.0,0.0,0.0,20.85,0.0,20.85,1208.8,15.45,0,0,0,0.0,0,F1,550,,,,,
2026-02-18,2026-02-18,FO,NSE,STO,165349,,UNOMINDA,,2026-03-30,2026-03-30,1120.0,PE,UNOMINDA26MAR1120PE,10.1,10.95,10.1,10.4,10.95,15.05,1208.8,10.4,8800,0,3,1865132.5,3,F1,550,,,,,
2026-02-18,2026-02-18,FO,NSE,STF,67037,,UNOMINDA,,2026-04-28,2026-04-28,,,UNOMINDA26APRFUT,1222.9,1224.2,1222.2,1223.2,1224.1,1241.0,1208.8,1223.2,9900,5500,10,6727600.0,10,F1,550,,,,,
2026-02-18,2026-02-18,FO,NSE,STO,171917,,UNOMINDA,,2026-03-30,2026-03-30,1260.0,PE,UNOMINDA26MAR1260PE,0.0,0.0,0.0,139.8,0.0,139.8,1208.8,79.9,0,0,0,0.0,0,F1,550,,,,,
2026-02-18,2026-02-18,FO,NSE,STO,165347,,UNOMINDA,,2026-03-30,2026-03-30,1080.0,PE,UNOMINDA26MAR1080PE,0.0,0.0,0.0,10.15,10.15,10.15,1208.8,9.7,7700,0,0,0.0,0,F1,550,,,,,
2026-02-18,2026-02-18,FO,NSE,STO,165307,,UNOMINDA,,2026-02-24,2026-02-24,1220.0,PE,UNOMINDA26FEB1220PE,17.0,29.6,16.2,24.35,24.4,17.9,1208.8,24.35,107250,8250,116,79485285.0,94,F1,550,,,,,
2026-02-18,2026-02-18,FO,NSE,STO,171922,,UNOMINDA,,2026-03-30,2026-03-30,1380.0,CE,UNOMINDA26MAR1380CE,0.0,0.0,0.0,13.85,13.85,13.85,1208.8,9.6,3300,0,0,0.0,0,F1,550,,,,,
2026-02-18,2026-02-18,FO,NSE,STO,149935,,UNOMINDA,,2026-02-24,2026-02-24,1080.0,CE,UNOMINDA26FEB1080CE,0.0,0.0,0.0,157.45,157.45,157.45,1208.8,129.85,3850,0,0,0.0,0,F1,550,,,,,
2026-02-18,2026-02-18,FO,NSE,STO,165306,,UNOMINDA,,2026-02-24,2026-02-24,1220.0,CE,UNOMINDA26FEB1220CE,18.0,21.0,7.45,12.6,11.7,19.4,1208.8,12.6,143550,35200,476,322481720.0,426,F1,550,,,,,
2026-02-18,2026-02-18,FO,NSE,STO,121013,,ICICIGI,,2026-03-30,2026-03-30,2060.0,PE,ICICIGI26MAR2060PE,0.0,0.0,0.0,206.0,206.0,206.0,1959.7,113.45,1300,0,0,0.0,0,F1,325,,,,,
2026-02-18,2026-02-18,FO,NSE,STO,109255,,ICICIGI,,2026-03-30,2026-03-30,1680.0,PE,ICICIGI26MAR1680PE,0.0,0.0,0.0,13.75,0.0,13.75,1959.7,0.75,0,0,0,0.0,0,F1,325,,,,,
2026-02-18,2026-02-18,FO,NSE,STO,109245,,ICICIGI,,2026-03-30,2026-03-30,1600.0,PE,ICICIGI26MAR1600PE,0.0,0.0,0.0,6.2,0.0,6.2,1959.7,0.1,0,0,0,0.0,0,F1,325,,,,,
2026-02-18,2026-02-18,FO,NSE,STO,101958,,ICICIGI,,2026-02-24,2026-02-24,2120.0,PE,ICICIGI26FEB2120PE,0.0,0.0,0.0,196.4,196.4,196.4,1959.7,158.45,1300,0,0,0.0,0,F1,325,,,,,
2026-02-18,2026-02-18,FO,NSE,STO,101910,,ICICIGI,,2026-02-24,2026-02-24,1720.0,CE,ICICIGI26FEB1720CE,0.0,0.0,0.0,110.0,110.0,110.0,1959.7,241.25,325,0,0,0.0,0,F1,325,,,,,
2026-02-18,2026-02-18,FO,NSE,STF,66855,,ICICIGI,,2026-04-28,2026-04-28,,,ICICIGI26APRFUT,1957.8,1969.3,1949.6,1969.3,1969.3,1920.9,1959.7,1969.3,9425,975,14,8901295.0,14,F1,325,,,,,
2026-02-18,2026-02-18,FO,NSE,STO,121255,,ICICIGI,,2026-04-28,2026-04-28,1960.0,PE,ICICIGI26APR1960PE,0.0,0.0,0.0,176.1,0.0,176.1,1959.7,66.35,0,0,0,0.0,0,F1,325,,,,,
2026-02-18,2026-02-18,FO,NSE,STO,121194,,ICICIGI,,2026-04-28,2026-04-28,1760.0,PE,ICICIGI26APR1760PE,0.0,0.0,0.0,64.85,0.0,64.85,1959.7,9.95,0,0,0,0.0,0,F1,325,,,,,
2026-02-18,2026-02-18,FO,NSE,STO,121188,,ICICIGI,,2026-04-28,2026-04-28,1680.0,PE,ICICIGI26APR1680PE,0.0,0.0,0.0,37.7,0.0,37.7,1959.7,3.35,0,0,0,0.0,0,F1,325,,,,,
2026-02-18,2026-02-18,FO,NSE,STO,121009,,ICICIGI,,2026-03-30,2026-03-30,1980.0,PE,ICICIGI26MAR1980PE,0.0,0.0,0.0,183.0,0.0,183.0,1959.7,62.55,0,0,0,0.0,0,F1,325,,,,,
2026-02-18,2026-02-18,FO,NSE,STO,109243,,ICICIGI,,2026-03-30,2026-03-30,1560.0,PE,ICICIGI26MAR1560PE,0.0,0.0,0.0,3.95,0.0,3.95,1959.7,0.05,0,0,0,0.0,0,F1,325,,,,,
2026-02-18,2026-02-18,FO,NSE,STO,109241,,ICICIGI,,2026-03-30,2026-03-30,1520.0,PE,ICICIGI26MAR1520PE,0.0,0.0,0.0,2.4,0.0,2.4,1959.7,0.05,0,0,0,0.0,0,F1,325,,,,,
2026-02-18,2026-02-18,FO,NSE,STO,101935,,ICICIGI,,2026-02-24,2026-02-24,1960.0,PE,ICICIGI26FEB1960PE,24.0,34.2,15.25,17.8,16.5,40.6,1959.7,17.8,87100,58175,1323,853142371.25,1196,F1,325,,,,,
2026-02-18,2026-02-18,FO,NSE,STO,109107,,ICICIGI,,2026-02-24,2026-02-24,1780.0,PE,ICICIGI26FEB1780PE,0.9,1.05,0.65,0.75,0.8,1.05,1959.7,0.75,21775,-8450,55,31832758.75,50,F1,325,,,,,
2026-02-18,2026-02-18,FO,NSE,STO,121270,,ICICIGI,,2026-04-28,2026-04-28,2240.0,CE,ICICIGI26APR2240CE,0.0,0.0,0.0,8.95,0.0,8.95,1959.7,10.0,0,0,0,0.0,0,F1,325,,,,,
2026-02-18,2026-02-18,FO,NSE,STO,101916,,ICICIGI,,2026-02-24,2026-02-24,1840.0,CE,ICICIGI26FEB1840CE,105.0,122.95,105.0,122.45,121.95,78.0,1959.7,122.45,25025,-650,3,1907717.5,3,F1,325,,,,,
2026-02-18,2026-02-18,FO,NSE,STO,109286,,ICICIGI,,2026-03-30,2026-03-30,1840.0,CE,ICICIGI26MAR1840CE,121.7,127.2,121.7,127.2,127.2,56.85,1959.7,144.15,7475,-325,2,1276892.5,2,F1,325,,,,,
2026-02-18,2026-02-18,FO,NSE,STO,120964,,ICICIGI,,2026-03-30,2026-03-30,1660.0,PE,ICICIGI26MAR1660PE,0.0,0.0,0.0,22.1,0.0,22.1,1959.7,0.45,0,0,0,0.0,0,F1,325,,,,,
2026-02-18,2026-02-18,FO,NSE,STO,109100,,ICICIGI,,2026-02-24,2026-02-24,1660.0,CE,ICICIGI26FEB1660CE,305.1,305.1,305.1,305.1,305.1,239.5,1959.7,301.2,650,-975,3,1915972.5,1,F1,325,,,,,
2026-02-18,2026-02-18,FO,NSE,STO,109281,,ICICIGI,,2026-03-30,2026-03-30,1760.0,CE,ICICIGI26MAR1760CE,0.0,0.0,0.0,248.05,0.0,248.05,1959.7,214.05,0,0,0,0.0,0,F1,325,,,,,
2026-02-18,2026-02-18,FO,NSE,STO,121007,,ICICIGI,,2026-03-30,2026-03-30,1940.0,PE,ICICIGI26MAR1940PE,0.0,0.0,0.0,153.1,0.0,153.1,1959.7,43.3,0,0,0,0.0,0,F1,325,,,,,
2026-02-18,2026-02-18,FO,NSE,STF,59354,,ICICIGI,,2026-02-24,2026-02-24,,,ICICIGI26FEBFUT,1942.0,1976.9,1936.9,1962.4,1965.8,1927.5,1959.7,1962.4,5545150,-355875,3843,2440268545.0,3097,F1,325,,,,,
2026-02-18,2026-02-18,FO,NSE,STO,109109,,ICICIGI,,2026-02-24,2026-02-24,1820.0,PE,ICICIGI26FEB1820PE,0.9,1.55,0.6,0.9,0.85,1.7,1959.7,0.9,117325,-15925,629,372296421.25,416,F1,325,,,,,
2026-02-18,2026-02-18,FO,NSE,STO,101909,,ICICIGI,,2026-02-24,2026-02-24,1680.0,PE,ICICIGI26FEB1680PE,0.1,0.3,0.1,0.3,0.3,10.4,1959.7,0.05,8775,-325,5,2730227.5,3,F1,325,,,,,
2026-02-18,2026-02-18,FO,NSE,STO,109290,,ICICIGI,,2026-03-30,2026-03-30,1920.0,CE,ICICIGI26MAR1920CE,70.95,70.95,70.95,70.95,70.95,140.5,1959.7,86.55,325,325,1,647058.75,1,F1,325,,,,,
2026-02-18,2026-02-18,FO,NSE,STO,101939,,ICICIGI,,2026-02-24,2026-02-24,2000.0,PE,ICICIGI26FEB2000PE,61.0,64.5,42.45,44.45,43.5,74.8,1959.7,44.45,12675,6500,133,88659772.5,132,F1,325,,,,,
2026-02-18,2026-02-18,FO,NSE,STO,109299,,ICICIGI,,2026-03-30,2026-03-30,2040.0,PE,ICICIGI26MAR2040PE,104.55,104.55,104.55,104.55,104.55,181.6,1959.7,99.25,0,-975,3,2090936.25,3,F1,325,,,,,
2026-02-18,2026-02-18,FO,NSE,STO,109240,,ICICIGI,,2026-03-30,2026-03-30,1520.0,CE,ICICIGI26MAR1520CE,0.0,0.0,0.0,459.95,0.0,459.95,1959.7,448.85,0,0,0,0.0,0,F1,325,,,,,
2026-02-18,2026-02-18,FO,NSE,STO,120967,,ICICIGI,,2026-03-30,2026-03-30,1740.0,CE,ICICIGI26MAR1740CE,0.0,0.0,0.0,128.8,0.0,128.8,1959.7,232.8,0,0,0,0.0,0,F1,325,,,,,
2026-02-18,2026-02-18,FO,NSE,STO,121014,,ICICIGI,,2026-03-30,2026-03-30,2100.0,CE,ICICIGI26MAR2100CE,0.0,0.0,0.0,11.45,0.0,11.45,1959.7,16.55,0,0,0,0.0,0,F1,325,,,,,
2026-02-18,2026-02-18,FO,NSE,STO,121258,,ICICIGI,,2026-04-28,2026-04-28,2000.0,CE,ICICIGI26APR2000CE,0.0,0.0,0.0,41.65,0.0,41.65,1959.7,67.3,0,0,0,0.0,0,F1,325,,,,,
2026-02-18,2026-02-18,FO,NSE,STO,109114,,ICICIGI,,2026-02-24,2026-02-24,1940.0,CE,ICICIGI26FEB1940CE,19.0,46.25,19.0,31.65,28.0,13.9,1959.7,31.65,91325,-25025,2133,1365808583.75,1763,F1,325,,,,,
2026-02-18,2026-02-18,FO,NSE,STO,121264,,ICICIGI,,2026-04-28,2026-04-28,2120.0,CE,ICICIGI26APR2120CE,0.0,0.0,0.0,20.05,0.0,20.05,1959.7,28.35,0,0,0,0.0,0,F1,325,,,,,
2026-02-18,2026-02-18,FO,NSE,STO,101929,,ICICIGI,,2026-02-24,2026-02-24,1960.0,CE,ICICIGI26FEB1960CE,13.5,34.0,11.1,19.7,19.9,7.75,1959.7,19.7,117975,33475,4658,2998756003.75,3769,F1,325,,,,,
2026-02-18,2026-02-18,FO,NSE,STO,109120,,ICICIGI,,2026-02-24,2026-02-24,2060.0,CE,ICICIGI26FEB2060CE,2.15,5.35,1.3,1.75,1.75,1.35,1959.7,1.75,60775,-7150,1283,860127807.5,996,F1,325,,,,,
2026-02-18,2026-02-18,FO,NSE,STO,101955,,ICICIGI,,2026-02-24,2026-02-24,2080.0,CE,ICICIGI26FEB2080CE,1.85,3.95,1.1,1.4,1.25,1.2,1959.7,1.4,57200,23725,1334,902585645.0,974,F1,325,,,,,
2026-02-18,2026-02-18,FO,NSE,STO,101886,,ICICIGI,,2026-02-24,2026-02-24,1640.0,PE,ICICIGI26FEB1640PE,0.0,0.0,0.0,0.55,0.55,0.55,1959.7,0.05,11700,0,0,0.0,0,F1,325,,,,,
2026-02-18,2026-02-18,FO,NSE,STO,109279,,ICICIGI,,2026-03-30,2026-03-30,1720.0,PE,ICICIGI26MAR1720PE,0.0,0.0,0.0,12.0,12.0,12.0,1959.7,1.75,1950,0,0,0.0,0,F1,325,,,,,
2026-02-18,2026-02-18,FO,NSE,STO,109247,,ICICIGI,,2026-03-30,2026-03-30,1640.0,PE,ICICIGI26MAR1640PE,0.0,0.0,0.0,9.4,0.0,9.4,1959.7,0.3,0,0,0,0.0,0,F1,325,,,,,
2026-02-18,2026-02-18,FO,NSE,STO,120979,,ICICIGI,,2026-03-30,2026-03-30,1780.0,PE,ICICIGI26MAR1780PE,8.05,8.05,4.45,4.45,4.45,10.0,1959.7,4.45,3250,-1950,18,10455510.0,17,F1,325,,,,,
2026-02-18,2026-02-18,FO,NSE,STO,120994,,ICICIGI,,2026-03-30,2026-03-30,1860.0,PE,ICICIGI26MAR1860PE,16.75,20.45,16.45,18.9,18.9,22.0,1959.7,17.5,1300,650,12,7324313.75,12,F1,325,,,,,
2026-02-18,2026-02-18,FO,NSE,STO,121005,,ICICIGI,,2026-03-30,2026-03-30,1900.0,PE,ICICIGI26MAR1900PE,26.0,32.0,23.0,24.15,23.0,33.95,1959.7,24.15,21775,15600,77,48271535.0,31,F1,325,,,,,
2026-02-18,2026-02-18,FO,NSE,STO,121015,,ICICIGI,,2026-03-30,2026-03-30,2100.0,PE,ICICIGI26MAR2100PE,153.8,156.15,153.8,156.15,156.15,283.6,1959.7,144.25,0,0,6,4397201.25,3,F1,325,,,,,
2026-02-18,2026-02-18,FO,NSE,STO,109307,,ICICIGI,,2026-03-30,2026-03-30,2200.0,PE,ICICIGI26MAR2200PE,0.0,0.0,0.0,249.85,0.0,249.85,1959.7,231.85,0,0,0,0.0,0,F1,325,,,,,
2026-02-18,2026-02-18,FO,NSE,STO,109113,,ICICIGI,,2026-02-24,2026-02-24,1900.0,PE,ICICIGI26FEB1900PE,7.0,7.5,2.75,3.1,2.8,9.55,1959.7,3.1,250575,38025,2899,1794859462.5,2373,F1,325,,,,,
2026-02-18,2026-02-18,FO,NSE,STO,101920,,ICICIGI,,2026-02-24,2026-02-24,1880.0,PE,ICICIGI26FEB1880PE,1.9,4.3,1.65,1.85,1.7,5.45,1959.7,1.85,115050,54925,1032,631549327.5,905,F1,325,,,,,
2026-02-18,2026-02-18,FO,NSE,STO,109111,,ICICIGI,,2026-02-24,2026-02-24,1860.0,PE,ICICIGI26FEB1860PE,1.95,2.85,1.2,1.25,1.25,3.2,1959.7,1.25,82225,14625,581,351579621.25,545,F1,325,,,,,
2026-02-18,2026-02-18,FO,NSE,STO,121249,,ICICIGI,,2026-04-28,2026-04-28,1920.0,CE,ICICIGI26APR1920CE,0.0,0.0,0.0,64.5,0.0,64.5,1959.7,108.65,0,0,0,0.0,0,F1,325,,,,,
2026-02-18,2026-02-18,FO,NSE,STO,121193,,ICICIGI,,2026-04-28,2026-04-28,1760.0,CE,ICICIGI26APR1760CE,0.0,0.0,0.0,137.7,0.0,137.7,1959.7,227.85,0,0,0,0.0,0,F1,325,,,,,
2026-02-18,2026-02-18,FO,NSE,STO,121187,,ICICIGI,,2026-04-28,2026-04-28,1680.0,CE,ICICIGI26APR1680CE,0.0,0.0,0.0,189.3,0.0,189.3,1959.7,300.45,0,0,0,0.0,0,F1,325,,,,,
2026-02-18,2026-02-18,FO,NSE,STO,109300,,ICICIGI,,2026-03-30,2026-03-30,2080.0,CE,ICICIGI26MAR2080CE,12.0,12.0,11.8,12.0,12.0,10.0,1959.7,20.65,4550,650,4,2719535.0,4,F1,325,,,,,
2026-02-18,2026-02-18,FO,NSE,STO,121008,,ICICIGI,,2026-03-30,2026-03-30,1980.0,CE,ICICIGI26MAR1980CE,0.0,0.0,0.0,29.65,0.0,29.65,1959.7,54.15,0,0,0,0.0,0,F1,325,,,,,
2026-02-18,2026-02-18,FO,NSE,STO,121006,,ICICIGI,,2026-03-30,2026-03-30,1940.0,CE,ICICIGI26MAR1940CE,54.5,54.5,54.5,54.5,54.5,45.0,1959.7,74.7,1625,325,1,648212.5,1,F1,325,,,,,
2026-02-18,2026-02-18,FO,NSE,STO,120980,,ICICIGI,,2026-03-30,2026-03-30,1820.0,CE,ICICIGI26MAR1820CE,139.05,149.4,139.05,147.85,147.85,63.45,1959.7,147.85,2925,0,8,5110885.0,8,F1,325,,,,,
2026-02-18,2026-02-18,FO,NSE,STO,101972,,ICICIGI,,2026-02-24,2026-02-24,2280.0,CE,ICICIGI26FEB2280CE,0.45,0.45,0.45,0.45,0.45,0.45,1959.7,0.05,1625,-1625,5,3705731.25,1,F1,325,,,,,
2026-02-18,2026-02-18,FO,NSE,STO,101938,,ICICIGI,,2026-02-24,2026-02-24,2000.0,CE,ICICIGI26FEB2000CE,6.5,17.2,4.0,6.95,6.6,2.5,1959.7,6.95,162500,-84825,6838,4467904805.0,4998,F1,325,,,,,
2026-02-18,2026-02-18,FO,NSE,STO,109119,,ICICIGI,,2026-02-24,2026-02-24,2020.0,PE,ICICIGI26FEB2020PE,69.15,69.15,69.15,69.15,69.15,94.6,1959.7,69.15,1625,325,1,678973.75,1,F1,325,,,,,
2026-02-18,2026-02-18,FO,NSE,STO,109283,,ICICIGI,,2026-03-30,2026-03-30,1760.0,PE,ICICIGI26MAR1760PE,0.0,0.0,0.0,18.35,18.35,18.35,1959.7,3.8,650,0,0,0.0,0,F1,325,,,,,
2026-02-18,2026-02-18,FO,NSE,STO,121271,,ICICIGI,,2026-04-28,2026-04-28,2240.0,PE,ICICIGI26APR2240PE,0.0,0.0,0.0,408.75,0.0,408.75,1959.7,267.15,0,0,0,0.0,0,F1,325,,,,,
2026-02-18,2026-02-18,FO,NSE,STO,109278,,ICICIGI,,2026-03-30,2026-03-30,1720.0,CE,ICICIGI26MAR1720CE,229.4,229.4,229.4,229.4,229.4,159.9,1959.7,251.8,0,-325,1,633555.0,1,F1,325,,,,,
2026-02-18,2026-02-18,FO,NSE,STO,109124,,ICICIGI,,2026-02-24,2026-02-24,2140.0,CE,ICICIGI26FEB2140CE,0.0,0.0,0.0,0.55,0.5,0.55,1959.7,0.05,2925,0,0,0.0,0,F1,325,,,,,
2026-02-18,2026-02-18,FO,NSE,STO,109118,,ICICIGI,,2026-02-24,2026-02-24,2020.0,CE,ICICIGI26FEB2020CE,4.65,12.25,2.4,4.05,3.7,1.75,1959.7,4.05,200850,131625,2904,1911610512.5,2411,F1,325,,,,,
2026-02-18,2026-02-18,FO,NSE,STO,101914,,ICICIGI,,2026-02-24,2026-02-24,1800.0,CE,ICICIGI26FEB1800CE,0.0,0.0,0.0,99.15,99.15,99.15,1959.7,161.35,30875,0,0,0.0,0,F1,325,,,,,
2026-02-18,2026-02-18,FO,NSE,STO,101853,,ICICIGI,,2026-02-24,2026-02-24,1520.0,CE,ICICIGI26FEB1520CE,0.0,0.0,0.0,314.35,314.35,314.35,1959.7,441.05,975,0,0,0.0,0,F1,325,,,,,
2026-02-18,2026-02-18,FO,NSE,STO,109292,,ICICIGI,,2026-03-30,2026-03-30,1960.0,CE,ICICIGI26MAR1960CE,47.25,47.3,47.25,47.3,47.3,119.3,1959.7,63.85,650,650,2,1304728.75,2,F1,325,,,,,
2026-02-18,2026-02-18,FO,NSE,STO,121266,,ICICIGI,,2026-04-28,2026-04-28,2160.0,CE,ICICIGI26APR2160CE,0.0,0.0,0.0,15.45,0.0,15.45,1959.7,20.4,0,0,0,0.0,0,F1,325,,,,,
2026-02-18,2026-02-18,FO,NSE,STO,101960,,ICICIGI,,2026-02-24,2026-02-24,2160.0,PE,ICICIGI26FEB2160PE,0.0,0.0,0.0,195.0,0.0,195.0,1959.7,198.35,0,0,0,0.0,0,F1,325,,,,,
2026-02-18,2026-02-18,FO,NSE,STO,120982,,ICICIGI,,2026-03-30,2026-03-30,1820.0,PE,ICICIGI26MAR1820PE,11.0,11.15,9.1,9.2,9.1,25.0,1959.7,9.2,2925,0,16,9517998.75,15,F1,325,,,,,
2026-02-18,2026-02-18,FO,NSE,STO,109293,,ICICIGI,,2026-03-30,2026-03-30,1960.0,PE,ICICIGI26MAR1960PE,58.8,59.3,55.0,55.0,55.0,95.3,1959.7,52.4,1625,1625,6,3934807.5,6,F1,325,,,,,
2026-02-18,2026-02-18,FO,NSE,STO,121184,,ICICIGI,,2026-04-28,2026-04-28,1600.0,PE,ICICIGI26APR1600PE,0.0,0.0,0.0,19.6,0.0,19.6,1959.7,0.9,0,0,0,0.0,0,F1,325,,,,,
2026-02-18,2026-02-18,FO,NSE,STO,121265,,ICICIGI,,2026-04-28,2026-04-28,2120.0,PE,ICICIGI26APR2120PE,0.0,0.0,0.0,301.7,0.0,301.7,1959.7,166.7,0,0,0,0.0,0,F1,325,,,,,
2026-02-18,2026-02-18,FO,NSE,STO,101959,,ICICIGI,,2026-02-24,2026-02-24,2160.0,CE,ICICIGI26FEB2160CE,0.0,0.0,0.0,3.5,3.5,3.5,1959.7,0.05,1950,0,0,0.0,0,F1,325,,,,,
2026-02-18,2026-02-18,FO,NSE,STO,109103,,ICICIGI,,2026-02-24,2026-02-24,1700.0,PE,ICICIGI26FEB1700PE,0.3,0.3,0.25,0.25,0.25,0.6,1959.7,0.25,72150,-4550,14,7736283.75,3,F1,325,,,,,
2026-02-18,2026-02-18,FO,NSE,STO,101928,,ICICIGI,,2026-02-24,2026-02-24,1920.0,PE,ICICIGI26FEB1920PE,6.45,13.55,4.7,5.25,4.7,16.05,1959.7,5.25,45825,-13325,1150,720937165.0,955,F1,325,,,,,
2026-02-18,2026-02-18,FO,NSE,STO,121246,,ICICIGI,,2026-04-28,2026-04-28,1880.0,PE,ICICIGI26APR1880PE,0.0,0.0,0.0,124.45,0.0,124.45,1959.7,35.05,0,0,0,0.0,0,F1,325,,,,,
2026-02-18,2026-02-18,FO,NSE,STO,109099,,ICICIGI,,2026-02-24,2026-02-24,1620.0,PE,ICICIGI26FEB1620PE,0.0,0.0,0.0,2.7,0.0,2.7,1959.7,0.05,0,0,0,0.0,0,F1,325,,,,,
2026-02-18,2026-02-18,FO,NSE,STO,121243,,ICICIGI,,2026-04-28,2026-04-28,1840.0,CE,ICICIGI26APR1840CE,0.0,0.0,0.0,96.15,0.0,96.15,1959.7,162.85,0,0,0,0.0,0,F1,325,,,,,
2026-02-18,2026-02-18,FO,NSE,STO,121183,,ICICIGI,,2026-04-28,2026-04-28,1600.0,CE,ICICIGI26APR1600CE,0.0,0.0,0.0,250.0,0.0,250.0,1959.7,377.15,0,0,0,0.0,0,F1,325,,,,,
2026-02-18,2026-02-18,FO,NSE,STO,121158,,ICICIGI,,2026-04-28,2026-04-28,1520.0,CE,ICICIGI26APR1520CE,0.0,0.0,0.0,318.15,0.0,318.15,1959.7,455.6,0,0,0,0.0,0,F1,325,,,,,
2026-02-18,2026-02-18,FO,NSE,STO,120965,,ICICIGI,,2026-03-30,2026-03-30,1700.0,CE,ICICIGI26MAR1700CE,248.6,255.55,248.6,255.55,255.55,155.75,1959.7,271.1,1300,1300,4,2539956.25,2,F1,325,,,,,
2026-02-18,2026-02-18,FO,NSE,STO,109246,,ICICIGI,,2026-03-30,2026-03-30,1640.0,CE,ICICIGI26MAR1640CE,306.95,306.95,306.95,306.95,306.95,348.7,1959.7,329.85,325,325,1,632758.75,1,F1,325,,,,,
2026-02-18,2026-02-18,FO,NSE,STO,109104,,ICICIGI,,2026-02-24,2026-02-24,1740.0,CE,ICICIGI26FEB1740CE,0.0,0.0,0.0,103.0,103.0,103.0,1959.7,221.25,325,0,0,0.0,0,F1,325,,,,,
2026-02-18,2026-02-18,FO,NSE,STF,51910,,ICICIGI,,2026-03-30,2026-03-30,,,ICICIGI26MARFUT,1969.9,1974.9,1939.9,1965.6,1970.0,1929.5,1959.7,1965.6,557700,364650,1467,931376290.0,1109,F1,325,,,,,
2026-02-18,2026-02-18,FO,NSE,STO,109125,,ICICIGI,,2026-02-24,2026-02-24,2140.0,PE,ICICIGI26FEB2140PE,0.0,0.0,0.0,194.55,0.0,194.55,1959.7,178.4,0,0,0,0.0,0,F1,325,,,,,
2026-02-18,2026-02-18,FO,NSE,STO,109306,,ICICIGI,,2026-03-30,2026-03-30,2200.0,CE,ICICIGI26MAR2200CE,4.3,4.3,4.15,4.15,4.15,37.4,1959.7,4.8,2600,2600,8,5730985.0,7,F1,325,,,,,
2026-02-18,2026-02-18,FO,NSE,STO,121260,,ICICIGI,,2026-04-28,2026-04-28,2040.0,CE,ICICIGI26APR2040CE,0.0,0.0,0.0,32.9,0.0,32.9,1959.7,51.45,0,0,0,0.0,0,F1,325,,,,,
2026-02-18,2026-02-18,FO,NSE,STO,101854,,ICICIGI,,2026-02-24,2026-02-24,1520.0,PE,ICICIGI26FEB1520PE,0.0,0.0,0.0,2.3,0.0,2.3,1959.7,0.05,0,0,0,0.0,0,F1,325,,,,,
2026-02-18,2026-02-18,FO,NSE,STO,101954,,ICICIGI,,2026-02-24,2026-02-24,2040.0,PE,ICICIGI26FEB2040PE,0.0,0.0,0.0,121.8,0.0,121.8,1959.7,80.75,0,0,0,0.0,0,F1,325,,,,,
2026-02-18,2026-02-18,FO,NSE,STO,109291,,ICICIGI,,2026-03-30,2026-03-30,1920.0,PE,ICICIGI26MAR1920PE,0.0,0.0,0.0,77.05,0.0,77.05,1959.7,35.35,0,0,0,0.0,0,F1,325,,,,,
2026-02-18,2026-02-18,FO,NSE,STO,109301,,ICICIGI,,2026-03-30,2026-03-30,2080.0,PE,ICICIGI26MAR2080PE,0.0,0.0,0.0,163.55,0.0,163.55,1959.7,128.45,0,0,0,0.0,0,F1,325,,,,,
2026-02-18,2026-02-18,FO,NSE,STO,121261,,ICICIGI,,2026-04-28,2026-04-28,2040.0,PE,ICICIGI26APR2040PE,0.0,0.0,0.0,235.75,0.0,235.75,1959.7,110.65,0,0,0,0.0,0,F1,325,,,,,
2026-02-18,2026-02-18,FO,NSE,STO,121016,,ICICIGI,,2026-03-30,2026-03-30,2140.0,CE,ICICIGI26MAR2140CE,6.2,7.3,6.0,7.2,7.25,8.1,1959.7,7.2,1950,1950,9,6279861.25,8,F1,325,,,,,
2026-02-18,2026-02-18,FO,NSE,STO,109242,,ICICIGI,,2026-03-30,2026-03-30,1560.0,CE,ICICIGI26MAR1560CE,0.0,0.0,0.0,422.05,0.0,422.05,1959.7,409.1,0,0,0,0.0,0,F1,325,,,,,
2026-02-18,2026-02-18,FO,NSE,STO,101957,,ICICIGI,,2026-02-24,2026-02-24,2120.0,CE,ICICIGI26FEB2120CE,1.8,1.8,0.8,0.9,0.85,0.4,1959.7,0.9,23725,22750,182,125469565.0,142,F1,325,,,,,
2026-02-18,2026-02-18,FO,NSE,STO,109106,,ICICIGI,,2026-02-24,2026-02-24,1780.0,CE,ICICIGI26FEB1780CE,0.0,0.0,0.0,99.35,99.35,99.35,1959.7,181.3,2925,0,0,0.0,0,F1,325,,,,,
2026-02-18,2026-02-18,FO,NSE,STO,109302,,ICICIGI,,2026-03-30,2026-03-30,2120.0,CE,ICICIGI26MAR2120CE,7.55,7.55,7.55,7.55,7.55,56.9,1959.7,13.15,325,325,1,691453.75,1,F1,325,,,,,
2026-02-18,2026-02-18,FO,NSE,STO,121254,,ICICIGI,,2026-04-28,2026-04-28,1960.0,CE,ICICIGI26APR1960CE,0.0,0.0,0.0,52.0,0.0,52.0,1959.7,86.35,0,0,0,0.0,0,F1,325,,,,,
2026-02-18,2026-02-18,FO,NSE,STO,101864,,ICICIGI,,2026-02-24,2026-02-24,1560.0,PE,ICICIGI26FEB1560PE,0.0,0.0,0.0,0.2,0.2,0.2,1959.7,0.05,650,0,0,0.0,0,F1,325,,,,,
2026-02-18,2026-02-18,FO,NSE,STO,109101,,ICICIGI,,2026-02-24,2026-02-24,1660.0,PE,ICICIGI26FEB1660PE,0.0,0.0,0.0,0.5,0.55,0.5,1959.7,0.05,46800,0,0,0.0,0,F1,325,,,,,
2026-02-18,2026-02-18,FO,NSE,STO,101913,,ICICIGI,,2026-02-24,2026-02-24,1760.0,PE,ICICIGI26FEB1760PE,0.8,0.85,0.8,0.85,0.85,1.05,1959.7,0.85,30225,0,5,2861348.75,3,F1,325,,,,,
2026-02-18,2026-02-18,FO,NSE,STO,109117,,ICICIGI,,2026-02-24,2026-02-24,1980.0,PE,ICICIGI26FEB1980PE,43.1,48.65,25.0,27.75,28.0,57.1,1959.7,27.75,49075,46800,386,252919956.25,356,F1,325,,,,,
2026-02-18,2026-02-18,FO,NSE,STO,120966,,ICICIGI,,2026-03-30,2026-03-30,1700.0,PE,ICICIGI26MAR1700PE,0.0,0.0,0.0,9.0,9.0,9.0,1959.7,1.15,650,0,0,0.0,0,F1,325,,,,,
2026-02-18,2026-02-18,FO,NSE,STO,109289,,ICICIGI,,2026-03-30,2026-03-30,1880.0,PE,ICICIGI26MAR1880PE,0.0,0.0,0.0,27.6,27.6,27.6,1959.7,22.5,650,0,0,0.0,0,F1,325,,,,,
2026-02-18,2026-02-18,FO,NSE,STO,109297,,ICICIGI,,2026-03-30,2026-03-30,2000.0,PE,ICICIGI26MAR2000PE,68.55,76.45,67.8,67.8,67.8,102.05,1959.7,67.8,8450,650,13,8761480.0,11,F1,325,,,,,
2026-02-18,2026-02-18,FO,NSE,STO,121263,,ICICIGI,,2026-04-28,2026-04-28,2080.0,PE,ICICIGI26APR2080PE,0.0,0.0,0.0,268.05,0.0,268.05,1959.7,137.35,0,0,0,0.0,0,F1,325,,,,,
2026-02-18,2026-02-18,FO,NSE,STO,101885,,ICICIGI,,2026-02-24,2026-02-24,1640.0,CE,ICICIGI26FEB1640CE,0.0,0.0,0.0,261.6,261.6,261.6,1959.7,321.2,1950,0,0,0.0,0,F1,325,,,,,
2026-02-18,2026-02-18,FO,NSE,STO,109116,,ICICIGI,,2026-02-24,2026-02-24,1980.0,CE,ICICIGI26FEB1980CE,13.85,24.75,6.4,11.95,11.4,4.15,1959.7,11.95,155350,75075,6549,4246277945.0,4866,F1,325,,,,,
2026-02-18,2026-02-18,FO,NSE,STO,121189,,ICICIGI,,2026-04-28,2026-04-28,1720.0,CE,ICICIGI26APR1720CE,0.0,0.0,0.0,162.25,0.0,162.25,1959.7,263.45,0,0,0,0.0,0,F1,325,,,,,
2026-02-18,2026-02-18,FO,NSE,STO,109244,,ICICIGI,,2026-03-30,2026-03-30,1600.0,CE,ICICIGI26MAR1600CE,0.0,0.0,0.0,384.9,0.0,384.9,1959.7,369.4,0,0,0,0.0,0,F1,325,,,,,
2026-02-18,2026-02-18,FO,NSE,STO,120983,,ICICIGI,,2026-03-30,2026-03-30,1860.0,CE,ICICIGI26MAR1860CE,113.9,114.0,112.95,112.95,112.95,66.3,1959.7,128.4,325,325,5,3206710.0,5,F1,325,,,,,
2026-02-18,2026-02-18,FO,NSE,STO,121010,,ICICIGI,,2026-03-30,2026-03-30,2020.0,CE,ICICIGI26MAR2020CE,0.0,0.0,0.0,10.0,10.0,10.0,1959.7,37.85,0,0,0,0.0,0,F1,325,,,,,
2026-02-18,2026-02-18,FO,NSE,STO,121159,,ICICIGI,,2026-04-28,2026-04-28,1520.0,PE,ICICIGI26APR1520PE,0.0,0.0,0.0,8.95,0.0,8.95,1959.7,0.15,0,0,0,0.0,0,F1,325,,,,,
2026-02-18,2026-02-18,FO,NSE,STO,101970,,ICICIGI,,2026-02-24,2026-02-24,2240.0,CE,ICICIGI26FEB2240CE,0.0,0.0,0.0,0.25,0.25,0.25,1959.7,0.05,5525,0,0,0.0,0,F1,325,,,,,
2026-02-18,2026-02-18,FO,NSE,STO,109098,,ICICIGI,,2026-02-24,2026-02-24,1620.0,CE,ICICIGI26FEB1620CE,0.0,0.0,0.0,285.9,285.9,285.9,1959.7,341.15,1625,0,0,0.0,0,F1,325,,,,,
2026-02-18,2026-02-18,FO,NSE,STO,101869,,ICICIGI,,2026-02-24,2026-02-24,1600.0,CE,ICICIGI26FEB1600CE,0.0,0.0,0.0,305.2,305.2,305.2,1959.7,361.15,1625,0,0,0.0,0,F1,325,,,,,
2026-02-18,2026-02-18,FO,NSE,STO,120977,,ICICIGI,,2026-03-30,2026-03-30,1740.0,PE,ICICIGI26MAR1740PE,0.0,0.0,0.0,29.25,29.25,29.25,1959.7,2.6,3250,0,0,0.0,0,F1,325,,,,,
2026-02-18,2026-02-18,FO,NSE,STO,120932,,ICICIGI,,2026-03-30,2026-03-30,1620.0,PE,ICICIGI26MAR1620PE,0.0,0.0,0.0,14.65,0.0,14.65,1959.7,0.15,0,0,0,0.0,0,F1,325,,,,,
2026-02-18,2026-02-18,FO,NSE,STO,101870,,ICICIGI,,2026-02-24,2026-02-24,1600.0,PE,ICICIGI26FEB1600PE,0.0,0.0,0.0,2.0,2.0,2.0,1959.7,0.05,2600,0,0,0.0,0,F1,325,,,,,
2026-02-18,2026-02-18,FO,NSE,STO,121244,,ICICIGI,,2026-04-28,2026-04-28,1840.0,PE,ICICIGI26APR1840PE,0.0,0.0,0.0,102.1,0.0,102.1,1959.7,24.1,0,0,0,0.0,0,F1,325,,,,,
2026-02-18,2026-02-18,FO,NSE,STO,109285,,ICICIGI,,2026-03-30,2026-03-30,1800.0,PE,ICICIGI26MAR1800PE,15.6,15.6,8.3,8.7,8.7,15.9,1959.7,7.4,3575,325,7,4119050.0,5,F1,325,,,,,
2026-02-18,2026-02-18,FO,NSE,STO,121004,,ICICIGI,,2026-03-30,2026-03-30,1900.0,CE,ICICIGI26MAR1900CE,78.5,90.0,77.65,90.0,90.0,70.0,1959.7,90.0,3250,-1300,5,3219872.5,5,F1,325,,,,,
2026-02-18,2026-02-18,FO,NSE,STO,109284,,ICICIGI,,2026-03-30,2026-03-30,1800.0,CE,ICICIGI26MAR1800CE,0.0,0.0,0.0,74.55,74.55,74.55,1959.7,177.95,650,0,0,0.0,0,F1,325,,,,,
2026-02-18,2026-02-18,FO,NSE,STO,120978,,ICICIGI,,2026-03-30,2026-03-30,1780.0,CE,ICICIGI26MAR1780CE,174.1,191.95,174.1,191.95,191.95,108.25,1959.7,191.95,1625,-325,2,1275966.25,2,F1,325,,,,,
2026-02-18,2026-02-18,FO,NSE,STO,120931,,ICICIGI,,2026-03-30,2026-03-30,1620.0,CE,ICICIGI26MAR1620CE,0.0,0.0,0.0,217.5,0.0,217.5,1959.7,349.6,0,0,0,0.0,0,F1,325,,,,,
2026-02-18,2026-02-18,FO,NSE,STO,109112,,ICICIGI,,2026-02-24,2026-02-24,1900.0,CE,ICICIGI26FEB1900CE,48.0,78.25,44.45,65.2,66.25,36.35,1959.7,65.2,80925,-26975,1070,682244582.5,961,F1,325,,,,,
2026-02-18,2026-02-18,FO,NSE,STO,109110,,ICICIGI,,2026-02-24,2026-02-24,1860.0,CE,ICICIGI26FEB1860CE,103.0,105.55,81.95,104.0,103.4,68.75,1959.7,104.0,114725,0,36,22889652.5,36,F1,325,,,,,
2026-02-18,2026-02-18,FO,NSE,STO,109108,,ICICIGI,,2026-02-24,2026-02-24,1820.0,CE,ICICIGI26FEB1820CE,0.0,0.0,0.0,106.8,106.8,106.8,1959.7,141.4,31525,0,0,0.0,0,F1,325,,,,,
2026-02-18,2026-02-18,FO,NSE,STO,101855,,ICICIGI,,2026-02-24,2026-02-24,1560.0,CE,ICICIGI26FEB1560CE,387.7,387.7,387.7,387.7,387.7,339.25,1959.7,401.1,1625,-975,3,1899007.5,1,F1,325,,,,,
2026-02-18,2026-02-18,FO,NSE,STO,121011,,ICICIGI,,2026-03-30,2026-03-30,2020.0,PE,ICICIGI26MAR2020PE,0.0,0.0,0.0,105.0,105.0,105.0,1959.7,86.0,325,0,0,0.0,0,F1,325,,,,,
2026-02-18,2026-02-18,FO,NSE,STO,109287,,ICICIGI,,2026-03-30,2026-03-30,1840.0,PE,ICICIGI26MAR1840PE,12.3,15.6,12.1,13.9,13.9,18.75,1959.7,13.4,10075,1950,27,16262057.5,27,F1,325,,,,,
2026-02-18,2026-02-18,FO,NSE,STO,109121,,ICICIGI,,2026-02-24,2026-02-24,2060.0,PE,ICICIGI26FEB2060PE,0.0,0.0,0.0,207.0,207.0,207.0,1959.7,99.5,325,0,0,0.0,0,F1,325,,,,,
2026-02-18,2026-02-18,FO,NSE,STO,109115,,ICICIGI,,2026-02-24,2026-02-24,1940.0,PE,ICICIGI26FEB1940PE,12.8,21.85,8.7,9.6,9.25,27.4,1959.7,9.6,61425,41600,1028,653316738.75,890,F1,325,,,,,
2026-02-18,2026-02-18,FO,NSE,STO,101915,,ICICIGI,,2026-02-24,2026-02-24,1800.0,PE,ICICIGI26FEB1800PE,0.9,1.4,0.7,0.95,0.9,1.55,1959.7,0.95,87425,-6825,481,281553675.0,321,F1,325,,,,,
2026-02-18,2026-02-18,FO,NSE,STO,109105,,ICICIGI,,2026-02-24,2026-02-24,1740.0,PE,ICICIGI26FEB1740PE,0.45,0.8,0.35,0.35,0.35,1.6,1959.7,0.05,11375,-650,10,5656381.25,9,F1,325,,,,,
2026-02-18,2026-02-18,FO,NSE,STO,101911,,ICICIGI,,2026-02-24,2026-02-24,1720.0,PE,ICICIGI26FEB1720PE,0.0,0.0,0.0,0.7,0.7,0.7,1959.7,0.05,9100,0,0,0.0,0,F1,325,,,,,
2026-02-18,2026-02-18,FO,NSE,STO,121245,,ICICIGI,,2026-04-28,2026-04-28,1880.0,CE,ICICIGI26APR1880CE,0.0,0.0,0.0,79.15,0.0,79.15,1959.7,134.2,0,0,0,0.0,0,F1,325,,,,,
2026-02-18,2026-02-18,FO,NSE,STO,101922,,ICICIGI,,2026-02-24,2026-02-24,1920.0,CE,ICICIGI26FEB1920CE,35.0,60.55,30.7,46.9,48.45,23.05,1959.7,46.9,30875,-34450,543,347022211.25,508,F1,325,,,,,
2026-02-18,2026-02-18,FO,NSE,STO,121267,,ICICIGI,,2026-04-28,2026-04-28,2160.0,PE,ICICIGI26APR2160PE,0.0,0.0,0.0,336.45,0.0,336.45,1959.7,198.4,0,0,0,0.0,0,F1,325,,,,,
2026-02-18,2026-02-18,FO,NSE,STO,101917,,ICICIGI,,2026-02-24,2026-02-24,1840.0,PE,ICICIGI26FEB1840PE,1.2,1.95,0.95,1.0,0.95,2.25,1959.7,1.0,57200,4550,493,295067678.75,362,F1,325,,,,,
2026-02-18,2026-02-18,FO,NSE,STO,121185,,ICICIGI,,2026-04-28,2026-04-28,1640.0,CE,ICICIGI26APR1640CE,0.0,0.0,0.0,218.6,0.0,218.6,1959.7,338.45,0,0,0,0.0,0,F1,325,,,,,
2026-02-18,2026-02-18,FO,NSE,STO,109295,,ICICIGI,,2026-03-30,2026-03-30,2000.0,CE,ICICIGI26MAR2000CE,35.0,40.05,26.8,35.5,36.6,22.4,1959.7,35.5,45825,12675,198,130841376.25,177,F1,325,,,,,
2026-02-18,2026-02-18,FO,NSE,STO,109288,,ICICIGI,,2026-03-30,2026-03-30,1880.0,CE,ICICIGI26MAR1880CE,0.0,0.0,0.0,164.05,0.0,164.05,1959.7,113.5,0,0,0,0.0,0,F1,325,,,,,
2026-02-18,2026-02-18,FO,NSE,STO,101961,,ICICIGI,,2026-02-24,2026-02-24,2200.0,CE,ICICIGI26FEB2200CE,0.0,0.0,0.0,0.1,0.1,0.1,1959.7,0.05,3900,0,0,0.0,0,F1,325,,,,,
2026-02-18,2026-02-18,FO,NSE,STO,109122,,ICICIGI,,2026-02-24,2026-02-24,2100.0,CE,ICICIGI26FEB2100CE,3.0,3.0,0.9,1.05,1.0,1.1,1959.7,1.05,21125,16900,194,132490410.0,150,F1,325,,,,,
2026-02-18,2026-02-18,FO,NSE,STO,101918,,ICICIGI,,2026-02-24,2026-02-24,1880.0,CE,ICICIGI26FEB1880CE,64.3,76.35,64.3,76.35,76.35,52.2,1959.7,83.1,26000,-650,10,6335436.25,5,F1,325,,,,,
2026-02-18,2026-02-18,FO,NSE,STO,101912,,ICICIGI,,2026-02-24,2026-02-24,1760.0,CE,ICICIGI26FEB1760CE,0.0,0.0,0.0,104.0,104.0,104.0,1959.7,201.3,1300,0,0,0.0,0,F1,325,,,,,
2026-02-18,2026-02-18,FO,NSE,STO,109102,,ICICIGI,,2026-02-24,2026-02-24,1700.0,CE,ICICIGI26FEB1700CE,0.0,0.0,0.0,278.5,0.0,278.5,1959.7,261.25,0,0,0,0.0,0,F1,325,,,,,
2026-02-18,2026-02-18,FO,NSE,STO,109123,,ICICIGI,,2026-02-24,2026-02-24,2100.0,PE,ICICIGI26FEB2100PE,0.0,0.0,0.0,164.3,0.0,164.3,1959.7,138.6,0,0,0,0.0,0,F1,325,,,,,
2026-02-18,2026-02-18,FO,NSE,STO,101969,,ICICIGI,,2026-02-24,2026-02-24,2200.0,PE,ICICIGI26FEB2200PE,0.0,0.0,0.0,223.1,0.0,223.1,1959.7,238.3,0,0,0,0.0,0,F1,325,,,,,
2026-02-18,2026-02-18,FO,NSE,STO,101971,,ICICIGI,,2026-02-24,2026-02-24,2240.0,PE,ICICIGI26FEB2240PE,0.0,0.0,0.0,322.8,322.8,322.8,1959.7,278.3,1950,0,0,0.0,0,F1,325,,,,,
2026-02-18,2026-02-18,FO,NSE,STO,121186,,ICICIGI,,2026-04-28,2026-04-28,1640.0,PE,ICICIGI26APR1640PE,0.0,0.0,0.0,27.55,0.0,27.55,1959.7,1.8,0,0,0,0.0,0,F1,325,,,,,
2026-02-18,2026-02-18,FO,NSE,STO,121250,,ICICIGI,,2026-04-28,2026-04-28,1920.0,PE,ICICIGI26APR1920PE,0.0,0.0,0.0,149.2,0.0,149.2,1959.7,49.1,0,0,0,0.0,0,F1,325,,,,,
2026-02-18,2026-02-18,FO,NSE,STO,121259,,ICICIGI,,2026-04-28,2026-04-28,2000.0,PE,ICICIGI26APR2000PE,0.0,0.0,0.0,205.1,0.0,205.1,1959.7,86.9,0,0,0,0.0,0,F1,325,,,,,
2026-02-18,2026-02-18,FO,NSE,STO,101956,,ICICIGI,,2026-02-24,2026-02-24,2080.0,PE,ICICIGI26FEB2080PE,0.0,0.0,0.0,144.25,0.0,144.25,1959.7,118.85,0,0,0,0.0,0,F1,325,,,,,
2026-02-18,2026-02-18,FO,NSE,STO,121239,,ICICIGI,,2026-04-28,2026-04-28,1800.0,CE,ICICIGI26APR1800CE,0.0,0.0,0.0,115.65,0.0,115.65,1959.7,194.2,0,0,0,0.0,0,F1,325,,,,,
2026-02-18,2026-02-18,FO,NSE,STO,109304,,ICICIGI,,2026-03-30,2026-03-30,2160.0,CE,ICICIGI26MAR2160CE,6.05,6.55,6.05,6.55,6.55,4.05,1959.7,8.1,975,-325,2,1408095.0,2,F1,325,,,,,
2026-02-18,2026-02-18,FO,NSE,STO,121012,,ICICIGI,,2026-03-30,2026-03-30,2060.0,CE,ICICIGI26MAR2060CE,0.0,0.0,0.0,13.0,13.0,13.0,1959.7,25.5,2600,0,0,0.0,0,F1,325,,,,,
2026-02-18,2026-02-18,FO,NSE,STO,109298,,ICICIGI,,2026-03-30,2026-03-30,2040.0,CE,ICICIGI26MAR2040CE,20.9,20.9,20.9,20.9,20.9,12.75,1959.7,31.2,1950,650,2,1339585.0,1,F1,325,,,,,
2026-02-18,2026-02-18,FO,NSE,STO,109248,,ICICIGI,,2026-03-30,2026-03-30,1680.0,CE,ICICIGI26MAR1680CE,268.45,268.45,268.45,268.45,268.45,313.65,1959.7,290.55,325,325,1,633246.25,1,F1,325,,,,,
2026-02-18,2026-02-18,FO,NSE,STO,120948,,ICICIGI,,2026-03-30,2026-03-30,1660.0,CE,ICICIGI26MAR1660CE,287.15,287.15,287.15,287.15,287.15,185.35,1959.7,310.15,325,325,1,632823.75,1,F1,325,,,,,
2026-02-18,2026-02-18,FO,NSE,STO,101951,,ICICIGI,,2026-02-24,2026-02-24,2040.0,CE,ICICIGI26FEB2040CE,2.35,7.75,1.6,2.5,2.45,1.2,1959.7,2.5,116025,84175,1750,1162426005.0,1417,F1,325,,,,,
2026-02-18,2026-02-18,FO,NSE,STO,101908,,ICICIGI,,2026-02-24,2026-02-24,1680.0,CE,ICICIGI26FEB1680CE,262.3,262.3,262.3,262.3,262.3,222.85,1959.7,281.2,975,0,3,1893742.5,1,F1,325,,,,,
2026-02-18,2026-02-18,FO,NSE,STO,121017,,ICICIGI,,2026-03-30,2026-03-30,2140.0,PE,ICICIGI26MAR2140PE,189.5,189.5,189.5,189.5,189.5,319.8,1959.7,177.8,975,975,3,2271262.5,3,F1,325,,,,,
2026-02-18,2026-02-18,FO,NSE,STO,109305,,ICICIGI,,2026-03-30,2026-03-30,2160.0,PE,ICICIGI26MAR2160PE,0.0,0.0,0.0,219.4,0.0,219.4,1959.7,195.4,0,0,0,0.0,0,F1,325,,,,,
2026-02-18,2026-02-18,FO,NSE,STO,121190,,ICICIGI,,2026-04-28,2026-04-28,1720.0,PE,ICICIGI26APR1720PE,0.0,0.0,0.0,50.0,0.0,50.0,1959.7,5.95,0,0,0,0.0,0,F1,325,,,,,
2026-02-18,2026-02-18,FO,NSE,STO,121240,,ICICIGI,,2026-04-28,2026-04-28,1800.0,PE,ICICIGI26APR1800PE,0.0,0.0,0.0,82.2,0.0,82.2,1959.7,15.85,0,0,0,0.0,0,F1,325,,,,,
2026-02-18,2026-02-18,FO,NSE,STO,121262,,ICICIGI,,2026-04-28,2026-04-28,2080.0,CE,ICICIGI26APR2080CE,0.0,0.0,0.0,25.8,0.0,25.8,1959.7,38.55,0,0,0,0.0,0,F1,325,,,,,
2026-02-18,2026-02-18,FO,NSE,STO,109303,,ICICIGI,,2026-03-30,2026-03-30,2120.0,PE,ICICIGI26MAR2120PE,0.0,0.0,0.0,190.5,0.0,190.5,1959.7,160.7,0,0,0,0.0,0,F1,325,,,,,
2026-02-18,2026-02-18,FO,NSE,STO,105510,,INFY,,2026-02-24,2026-02-24,1600.0,CE,INFY26FEB1600CE,1.35,1.35,0.6,0.7,0.7,1.3,1373.7,0.7,5576400,-647200,9885,6329413120.0,2635,F1,400,,,,,
2026-02-18,2026-02-18,FO,NSE,STO,105514,,INFY,,2026-02-24,2026-02-24,1680.0,CE,INFY26FEB1680CE,0.5,0.5,0.3,0.3,0.3,0.6,1373.7,0.3,1255200,-34800,460,309190300.0,226,F1,400,,,,,
2026-02-18,2026-02-18,FO,NSE,STO,126648,,INFY,,2026-03-30,2026-03-30,1820.0,CE,INFY26MAR1820CE,1.8,1.8,1.4,1.65,1.65,2.2,1373.7,0.05,4800,-2400,25,18216140.0,22,F1,400,,,,,
2026-02-18,2026-02-18,FO,NSE,STO,115612,,INFY,,2026-03-30,2026-03-30,1960.0,CE,INFY26MAR1960CE,0.0,0.0,0.0,13.0,0.0,13.0,1373.7,0.05,0,0,0,0.0,0,F1,400,,,,,
2026-02-18,2026-02-18,FO,NSE,STO,126679,,INFY,,2026-04-28,2026-04-28,1120.0,CE,INFY26APR1120CE,0.0,0.0,0.0,579.95,0.0,579.95,1373.7,266.8,0,0,0,0.0,0,F1,400,,,,,
2026-02-18,2026-02-18,FO,NSE,STO,126750,,INFY,,2026-04-28,2026-04-28,1800.0,CE,INFY26APR1800CE,7.25,7.25,5.05,5.95,6.3,6.65,1373.7,5.95,28800,1600,25,18060200.0,25,F1,400,,,,,
2026-02-18,2026-02-18,FO,NSE,STO,105495,,INFY,,2026-02-24,2026-02-24,1280.0,PE,INFY26FEB1280PE,4.45,10.0,2.85,3.4,4.25,4.75,1373.7,3.4,1031200,-99600,24321,12508467200.0,12610,F1,400,,,,,
2026-02-18,2026-02-18,FO,NSE,STO,105505,,INFY,,2026-02-24,2026-02-24,1480.0,PE,INFY26FEB1480PE,121.6,139.15,110.85,113.35,113.65,96.15,1373.7,113.35,351600,-43200,215,137656800.0,167,F1,400,,,,,
2026-02-18,2026-02-18,FO,NSE,STO,115591,,INFY,,2026-03-30,2026-03-30,1680.0,PE,INFY26MAR1680PE,0.0,0.0,0.0,254.25,254.25,254.25,1373.7,296.7,30400,0,0,0.0,0,F1,400,,,,,
2026-02-18,2026-02-18,FO,NSE,STO,105502,,INFY,,2026-02-24,2026-02-24,1440.0,CE,INFY26FEB1440CE,13.6,13.6,4.75,5.95,6.2,11.75,1373.7,5.95,3723600,262800,31822,18407732560.0,16024,F1,400,,,,,
2026-02-18,2026-02-18,FO,NSE,STO,115428,,INFY,,2026-02-24,2026-02-24,1620.0,CE,INFY26FEB1620CE,0.95,0.95,0.45,0.55,0.5,1.05,1373.7,0.55,1141200,-156400,2067,1339922020.0,1220,F1,400,,,,,
2026-02-18,2026-02-18,FO,NSE,STO,105526,,INFY,,2026-02-24,2026-02-24,1880.0,CE,INFY26FEB1880CE,0.2,0.3,0.15,0.15,0.15,0.25,1373.7,0.15,49200,-1200,13,9777080.0,13,F1,400,,,,,
2026-02-18,2026-02-18,FO,NSE,STO,44881,,INFY,,2026-03-30,2026-03-30,1140.0,CE,INFY26MAR1140CE,0.0,0.0,0.0,500.45,0.0,500.45,1373.7,241.0,0,0,0,0.0,0,F1,400,,,,,
2026-02-18,2026-02-18,FO,NSE,STO,126609,,INFY,,2026-03-30,2026-03-30,1260.0,CE,INFY26MAR1260CE,134.0,137.0,127.0,137.0,137.0,157.0,1373.7,129.3,12400,2400,20,11131420.0,18,F1,400,,,,,
2026-02-18,2026-02-18,FO,NSE,STO,115554,,INFY,,2026-03-30,2026-03-30,1560.0,CE,INFY26MAR1560CE,17.05,20.95,11.0,11.7,11.8,16.85,1373.7,11.7,2965600,104800,1193,750320860.0,947,F1,400,,,,,
2026-02-18,2026-02-18,FO,NSE,STO,115557,,INFY,,2026-03-30,2026-03-30,1600.0,PE,INFY26MAR1600PE,229.0,255.6,227.4,229.6,230.4,213.0,1373.7,229.6,148000,12800,51,37558580.0,33,F1,400,,,,,
2026-02-18,2026-02-18,FO,NSE,STO,126623,,INFY,,2026-03-30,2026-03-30,1420.0,PE,INFY26MAR1420PE,83.35,105.95,83.3,85.7,86.35,78.8,1373.7,85.7,100000,1200,248,150445140.0,144,F1,400,,,,,
2026-02-18,2026-02-18,FO,NSE,STO,115479,,INFY,,2026-03-30,2026-03-30,1160.0,PE,INFY26MAR1160PE,8.95,12.7,6.95,7.45,7.5,8.7,1373.7,7.45,133200,17600,555,259633880.0,456,F1,400,,,,,
2026-02-18,2026-02-18,FO,NSE,STO,115445,,INFY,,2026-02-24,2026-02-24,1900.0,PE,INFY26FEB1900PE,0.0,0.0,0.0,355.0,355.0,355.0,1373.7,524.6,1200,0,0,0.0,0,F1,400,,,,,
2026-02-18,2026-02-18,FO,NSE,STO,115434,,INFY,,2026-02-24,2026-02-24,1700.0,PE,INFY26FEB1700PE,329.2,345.6,327.4,329.4,329.0,309.55,1373.7,329.4,404400,-6800,42,34224160.0,40,F1,400,,,,,
2026-02-18,2026-02-18,FO,NSE,STO,115426,,INFY,,2026-02-24,2026-02-24,1580.0,CE,INFY26FEB1580CE,1.6,1.6,0.7,0.85,0.85,1.55,1373.7,0.85,1806800,-45600,3416,2160175780.0,1419,F1,400,,,,,
2026-02-18,2026-02-18,FO,NSE,STO,105515,,INFY,,2026-02-24,2026-02-24,1680.0,PE,INFY26FEB1680PE,311.0,332.35,309.5,318.0,318.0,289.75,1373.7,304.8,315600,-3200,16,12790840.0,16,F1,400,,,,,
2026-02-18,2026-02-18,FO,NSE,STO,126657,,INFY,,2026-03-30,2026-03-30,1940.0,PE,INFY26MAR1940PE,0.0,0.0,0.0,251.05,0.0,251.05,1373.7,554.65,0,0,0,0.0,0,F1,400,,,,,
2026-02-18,2026-02-18,FO,NSE,STO,126692,,INFY,,2026-04-28,2026-04-28,1360.0,PE,INFY26APR1360PE,70.45,81.0,69.05,69.05,69.05,63.9,1373.7,48.05,29600,2000,9,5164820.0,9,F1,400,,,,,
2026-02-18,2026-02-18,FO,NSE,STO,126694,,INFY,,2026-04-28,2026-04-28,1400.0,PE,INFY26APR1400PE,103.05,103.05,88.5,90.75,90.75,81.9,1373.7,67.9,48000,-800,13,7766380.0,13,F1,400,,,,,
2026-02-18,2026-02-18,FO,NSE,STO,115605,,INFY,,2026-03-30,2026-03-30,1840.0,PE,INFY26MAR1840PE,0.0,0.0,0.0,220.75,0.0,220.75,1373.7,455.25,0,0,0,0.0,0,F1,400,,,,,
2026-02-18,2026-02-18,FO,NSE,STO,126684,,INFY,,2026-04-28,2026-04-28,1200.0,PE,INFY26APR1200PE,24.3,29.9,20.2,22.0,22.5,21.15,1373.7,22.0,45600,13600,119,58260480.0,114,F1,400,,,,,
2026-02-18,2026-02-18,FO,NSE,STO,126686,,INFY,,2026-04-28,2026-04-28,1240.0,PE,INFY26APR1240PE,29.9,29.9,29.9,29.9,29.9,23.0,1373.7,12.05,2000,400,1,507960.0,1,F1,400,,,,,
2026-02-18,2026-02-18,FO,NSE,STO,126610,,INFY,,2026-03-30,2026-03-30,1260.0,PE,INFY26MAR1260PE,20.8,32.05,19.35,20.55,21.4,20.75,1373.7,20.55,193200,57600,1131,580572840.0,795,F1,400,,,,,
2026-02-18,2026-02-18,FO,NSE,STO,115524,,INFY,,2026-03-30,2026-03-30,1280.0,PE,INFY26MAR1280PE,31.05,37.9,23.8,24.65,25.75,24.8,1373.7,24.65,274800,17200,622,325606320.0,504,F1,400,,,,,
2026-02-18,2026-02-18,FO,NSE,STO,115530,,INFY,,2026-03-30,2026-03-30,1360.0,PE,INFY26MAR1360PE,38.4,71.3,38.4,53.45,55.85,49.35,1373.7,53.45,284800,104800,1333,756914760.0,998,F1,400,,,,,
2026-02-18,2026-02-18,FO,NSE,STO,126617,,INFY,,2026-03-30,2026-03-30,1380.0,PE,INFY26MAR1380PE,58.65,83.05,58.65,62.9,65.05,58.55,1373.7,62.9,364000,-20400,1326,769098820.0,931,F1,400,,,,,
2026-02-18,2026-02-18,FO,NSE,STO,115553,,INFY,,2026-03-30,2026-03-30,1520.0,PE,INFY26MAR1520PE,182.05,182.05,159.6,159.6,159.6,133.3,1373.7,145.4,126000,-400,12,8115400.0,11,F1,400,,,,,
2026-02-18,2026-02-18,FO,NSE,STO,126649,,INFY,,2026-03-30,2026-03-30,1820.0,PE,INFY26MAR1820PE,0.0,0.0,0.0,154.15,0.0,154.15,1373.7,435.4,0,0,0,0.0,0,F1,400,,,,,
2026-02-18,2026-02-18,FO,NSE,STO,126655,,INFY,,2026-03-30,2026-03-30,1900.0,PE,INFY26MAR1900PE,0.0,0.0,0.0,216.9,0.0,216.9,1373.7,514.9,0,0,0,0.0,0,F1,400,,,,,
2026-02-18,2026-02-18,FO,NSE,STO,105531,,INFY,,2026-02-24,2026-02-24,1960.0,PE,INFY26FEB1960PE,0.0,0.0,0.0,405.9,0.0,405.9,1373.7,584.55,0,0,0,0.0,0,F1,400,,,,,
2026-02-18,2026-02-18,FO,NSE,STO,105511,,INFY,,2026-02-24,2026-02-24,1600.0,PE,INFY26FEB1600PE,240.0,251.0,228.0,229.0,229.0,210.25,1373.7,224.85,417200,-23600,127,93525100.0,73,F1,400,,,,,
2026-02-18,2026-02-18,FO,NSE,STO,115391,,INFY,,2026-02-24,2026-02-24,1180.0,PE,INFY26FEB1180PE,0.9,1.85,0.75,0.8,0.9,1.15,1373.7,0.8,365600,-52400,1734,819219680.0,1032,F1,400,,,,,
2026-02-18,2026-02-18,FO,NSE,STO,126738,,INFY,,2026-04-28,2026-04-28,1560.0,CE,INFY26APR1560CE,0.0,0.0,0.0,182.95,0.0,182.95,1373.7,12.65,0,0,0,0.0,0,F1,400,,,,,
2026-02-18,2026-02-18,FO,NSE,STO,115608,,INFY,,2026-03-30,2026-03-30,1920.0,CE,INFY26MAR1920CE,0.0,0.0,0.0,1.1,1.1,1.1,1373.7,0.05,17600,0,0,0.0,0,F1,400,,,,,
2026-02-18,2026-02-18,FO,NSE,STO,126642,,INFY,,2026-03-30,2026-03-30,1700.0,CE,INFY26MAR1700CE,5.25,5.3,3.5,3.7,3.65,5.45,1373.7,3.7,595600,51600,705,480494040.0,513,F1,400,,,,,
2026-02-18,2026-02-18,FO,NSE,STO,126636,,INFY,,2026-03-30,2026-03-30,1620.0,CE,INFY26MAR1620CE,9.9,9.9,6.45,6.7,6.85,9.9,1373.7,6.7,134800,3200,299,194582140.0,213,F1,400,,,,,
2026-02-18,2026-02-18,FO,NSE,STO,126615,,INFY,,2026-03-30,2026-03-30,1380.0,CE,INFY26MAR1380CE,76.05,76.05,53.8,59.0,59.2,75.9,1373.7,59.0,418000,274000,2975,1712740460.0,2038,F1,400,,,,,
2026-02-18,2026-02-18,FO,NSE,STO,126613,,INFY,,2026-03-30,2026-03-30,1340.0,CE,INFY26MAR1340CE,99.25,99.25,72.75,79.95,79.55,99.25,1373.7,79.95,387200,54400,714,405209840.0,561,F1,400,,,,,
2026-02-18,2026-02-18,FO,NSE,STO,115432,,INFY,,2026-02-24,2026-02-24,1700.0,CE,INFY26FEB1700CE,0.45,0.6,0.25,0.3,0.3,0.5,1373.7,0.3,3010400,-357200,2502,1701687900.0,753,F1,400,,,,,
2026-02-18,2026-02-18,FO,NSE,STO,105512,,INFY,,2026-02-24,2026-02-24,1640.0,CE,INFY26FEB1640CE,0.7,0.8,0.35,0.45,0.4,0.8,1373.7,0.45,1164400,-33200,777,509869920.0,412,F1,400,,,,,
2026-02-18,2026-02-18,FO,NSE,STO,105494,,INFY,,2026-02-24,2026-02-24,1280.0,CE,INFY26FEB1280CE,98.55,98.55,73.0,92.6,91.5,114.15,1373.7,92.6,110400,8800,200,109189620.0,188,F1,400,,,,,
2026-02-18,2026-02-18,FO,NSE,STO,115392,,INFY,,2026-02-24,2026-02-24,1220.0,CE,INFY26FEB1220CE,152.4,152.4,131.65,144.0,144.0,151.3,1373.7,154.8,11200,0,8,4355120.0,8,F1,400,,,,,
2026-02-18,2026-02-18,FO,NSE,STO,115516,,INFY,,2026-03-30,2026-03-30,1280.0,CE,INFY26MAR1280CE,123.0,123.0,110.0,119.95,118.8,140.0,1373.7,119.95,7600,800,12,6713360.0,10,F1,400,,,,,
2026-02-18,2026-02-18,FO,NSE,STO,126611,,INFY,,2026-03-30,2026-03-30,1300.0,CE,INFY26MAR1300CE,125.0,125.0,95.55,105.6,105.0,126.35,1373.7,105.6,226000,69200,712,400035760.0,476,F1,400,,,,,
2026-02-18,2026-02-18,FO,NSE,STO,105525,,INFY,,2026-02-24,2026-02-24,1840.0,PE,INFY26FEB1840PE,0.0,0.0,0.0,489.75,489.75,489.75,1373.7,464.65,21600,0,0,0.0,0,F1,400,,,,,
2026-02-18,2026-02-18,FO,NSE,STO,105527,,INFY,,2026-02-24,2026-02-24,1880.0,PE,INFY26FEB1880PE,532.0,532.0,517.9,517.9,517.9,479.0,1373.7,504.6,8000,-400,2,1923960.0,2,F1,400,,,,,
2026-02-18,2026-02-18,FO,NSE,STO,115529,,INFY,,2026-03-30,2026-03-30,1360.0,CE,INFY26MAR1360CE,87.1,87.1,62.75,69.1,69.0,87.2,1373.7,69.1,488400,392400,2077,1186861300.0,1348,F1,400,,,,,
2026-02-18,2026-02-18,FO,NSE,STO,126741,,INFY,,2026-04-28,2026-04-28,1600.0,PE,INFY26APR1600PE,239.0,239.0,239.0,239.0,239.0,230.45,1373.7,217.9,34000,0,1,735600.0,1,F1,400,,,,,
2026-02-18,2026-02-18,FO,NSE,STO,105497,,INFY,,2026-02-24,2026-02-24,1320.0,PE,INFY26FEB1320PE,8.25,20.85,6.95,8.4,9.7,9.35,1373.7,8.4,1528800,368800,31987,17048460380.0,19703,F1,400,,,,,
2026-02-18,2026-02-18,FO,NSE,STO,115421,,INFY,,2026-02-24,2026-02-24,1460.0,PE,INFY26FEB1460PE,98.1,118.75,90.05,96.2,96.05,79.25,1373.7,96.2,792000,-46800,491,306436400.0,388,F1,400,,,,,
2026-02-18,2026-02-18,FO,NSE,STO,105517,,INFY,,2026-02-24,2026-02-24,1720.0,PE,INFY26FEB1720PE,350.0,353.0,350.0,353.0,353.0,324.2,1373.7,344.75,182800,-1600,4,3313200.0,2,F1,400,,,,,
2026-02-18,2026-02-18,FO,NSE,STO,115440,,INFY,,2026-02-24,2026-02-24,1820.0,PE,INFY26FEB1820PE,0.0,0.0,0.0,225.0,225.0,225.0,1373.7,444.65,800,0,0,0.0,0,F1,400,,,,,
2026-02-18,2026-02-18,FO,NSE,STO,38347,,INFY,,2026-04-28,2026-04-28,1160.0,CE,INFY26APR1160CE,0.0,0.0,0.0,517.2,0.0,517.2,1373.7,229.0,0,0,0,0.0,0,F1,400,,,,,
2026-02-18,2026-02-18,FO,NSE,STO,126654,,INFY,,2026-03-30,2026-03-30,1900.0,CE,INFY26MAR1900CE,0.8,1.3,0.8,1.0,1.0,1.35,1373.7,0.05,6800,5600,20,15208240.0,13,F1,400,,,,,
2026-02-18,2026-02-18,FO,NSE,STO,115552,,INFY,,2026-03-30,2026-03-30,1520.0,CE,INFY26MAR1520CE,20.95,21.2,15.6,16.45,16.75,23.6,1373.7,16.45,692800,111600,1305,802346840.0,1011,F1,400,,,,,
2026-02-18,2026-02-18,FO,NSE,STO,126745,,INFY,,2026-04-28,2026-04-28,1680.0,PE,INFY26APR1680PE,0.0,0.0,0.0,81.35,0.0,81.35,1373.7,292.05,0,0,0,0.0,0,F1,400,,,,,
2026-02-18,2026-02-18,FO,NSE,STO,36371,,INFY,,2026-03-30,2026-03-30,1180.0,CE,INFY26MAR1180CE,0.0,0.0,0.0,498.7,0.0,498.7,1373.7,202.15,0,0,0,0.0,0,F1,400,,,,,
2026-02-18,2026-02-18,FO,NSE,STO,126566,,INFY,,2026-03-30,2026-03-30,1220.0,CE,INFY26MAR1220CE,0.0,0.0,0.0,475.6,0.0,475.6,1373.7,164.6,0,0,0,0.0,0,F1,400,,,,,
2026-02-18,2026-02-18,FO,NSE,STO,105503,,INFY,,2026-02-24,2026-02-24,1440.0,PE,INFY26FEB1440PE,67.25,99.8,67.25,76.1,77.95,62.2,1373.7,76.1,494800,-37600,904,551217660.0,731,F1,400,,,,,
2026-02-18,2026-02-18,FO,NSE,STO,115589,,INFY,,2026-03-30,2026-03-30,1640.0,PE,INFY26MAR1640PE,270.0,289.5,269.8,269.8,269.8,250.0,1373.7,257.55,170400,1200,8,6128960.0,8,F1,400,,,,,
2026-02-18,2026-02-18,FO,NSE,STO,126643,,INFY,,2026-03-30,2026-03-30,1700.0,PE,INFY26MAR1700PE,325.0,343.6,319.0,322.1,322.1,306.0,1373.7,316.4,52000,10000,27,21888000.0,23,F1,400,,,,,
2026-02-18,2026-02-18,FO,NSE,STO,126749,,INFY,,2026-04-28,2026-04-28,1760.0,PE,INFY26APR1760PE,0.0,0.0,0.0,124.35,0.0,124.35,1373.7,369.2,0,0,0,0.0,0,F1,400,,,,,
2026-02-18,2026-02-18,FO,NSE,STO,126761,,INFY,,2026-04-28,2026-04-28,1880.0,PE,INFY26APR1880PE,0.0,0.0,0.0,206.45,0.0,206.45,1373.7,487.05,0,0,0,0.0,0,F1,400,,,,,
2026-02-18,2026-02-18,FO,NSE,STF,51929,,INFY,,2026-03-30,2026-03-30,,,INFY26MARFUT,1409.0,1409.0,1350.2,1375.6,1374.4,1396.8,1373.7,1375.6,31924400,12872000,41972,22993488320.0,26166,F1,400,,,,,
2026-02-18,2026-02-18,FO,NSE,STO,115435,,INFY,,2026-02-24,2026-02-24,1740.0,CE,INFY26FEB1740CE,0.3,0.35,0.25,0.3,0.25,0.45,1373.7,0.3,457600,-50000,354,246425900.0,127,F1,400,,,,,
2026-02-18,2026-02-18,FO,NSE,STO,105522,,INFY,,2026-02-24,2026-02-24,1800.0,CE,INFY26FEB1800CE,0.2,0.3,0.15,0.2,0.15,0.3,1373.7,0.2,1238000,-21200,644,463735260.0,165,F1,400,,,,,
2026-02-18,2026-02-18,FO,NSE,STO,105524,,INFY,,2026-02-24,2026-02-24,1840.0,CE,INFY26FEB1840CE,0.3,0.3,0.2,0.25,0.25,0.3,1373.7,0.25,245200,1600,137,100845100.0,43,F1,400,,,,,
2026-02-18,2026-02-18,FO,NSE,STO,115470,,INFY,,2026-03-30,2026-03-30,1120.0,CE,INFY26MAR1120CE,0.0,0.0,0.0,518.4,0.0,518.4,1373.7,260.65,0,0,0,0.0,0,F1,400,,,,,
2026-02-18,2026-02-18,FO,NSE,STO,126706,,INFY,,2026-04-28,2026-04-28,1480.0,CE,INFY26APR1480CE,0.0,0.0,0.0,58.0,58.0,58.0,1373.7,28.15,5600,0,0,0.0,0,F1,400,,,,,
2026-02-18,2026-02-18,FO,NSE,STO,126748,,INFY,,2026-04-28,2026-04-28,1760.0,CE,INFY26APR1760CE,0.0,0.0,0.0,74.0,0.0,74.0,1373.7,1.1,0,0,0,0.0,0,F1,400,,,,,
2026-02-18,2026-02-18,FO,NSE,STO,126762,,INFY,,2026-04-28,2026-04-28,1920.0,CE,INFY26APR1920CE,0.0,0.0,0.0,29.75,0.0,29.75,1373.7,0.1,0,0,0,0.0,0,F1,400,,,,,
2026-02-18,2026-02-18,FO,NSE,STO,115419,,INFY,,2026-02-24,2026-02-24,1420.0,PE,INFY26FEB1420PE,47.45,84.05,47.45,59.2,61.4,48.1,1373.7,59.2,756800,-170800,2734,1626675300.0,2320,F1,400,,,,,
2026-02-18,2026-02-18,FO,NSE,STO,105513,,INFY,,2026-02-24,2026-02-24,1640.0,PE,INFY26FEB1640PE,271.6,288.05,268.6,268.6,268.6,230.5,1373.7,264.8,333600,-4400,19,14581060.0,19,F1,400,,,,,
2026-02-18,2026-02-18,FO,NSE,STO,126752,,INFY,,2026-04-28,2026-04-28,1840.0,CE,INFY26APR1840CE,0.0,0.0,0.0,6.0,6.0,6.0,1373.7,0.35,22800,0,0,0.0,0,F1,400,,,,,
2026-02-18,2026-02-18,FO,NSE,STO,115596,,INFY,,2026-03-30,2026-03-30,1760.0,CE,INFY26MAR1760CE,2.75,2.75,2.1,2.35,2.35,3.35,1373.7,2.35,64800,34800,153,107853460.0,72,F1,400,,,,,
2026-02-18,2026-02-18,FO,NSE,STO,126685,,INFY,,2026-04-28,2026-04-28,1240.0,CE,INFY26APR1240CE,0.0,0.0,0.0,462.6,0.0,462.6,1373.7,158.6,0,0,0,0.0,0,F1,400,,,,,
2026-02-18,2026-02-18,FO,NSE,STO,126683,,INFY,,2026-04-28,2026-04-28,1200.0,CE,INFY26APR1200CE,220.0,220.0,220.0,220.0,220.0,250.0,1373.7,220.0,4000,400,1,568000.0,1,F1,400,,,,,
2026-02-18,2026-02-18,FO,NSE,STO,115590,,INFY,,2026-03-30,2026-03-30,1680.0,CE,INFY26MAR1680CE,5.55,5.55,4.05,4.3,4.35,5.95,1373.7,4.3,87600,-4400,54,36382800.0,43,F1,400,,,,,
2026-02-18,2026-02-18,FO,NSE,STO,115556,,INFY,,2026-03-30,2026-03-30,1600.0,CE,INFY26MAR1600CE,12.05,12.2,7.6,8.25,8.3,11.75,1373.7,8.25,1184000,148400,2597,1670993780.0,1803,F1,400,,,,,
2026-02-18,2026-02-18,FO,NSE,STO,115534,,INFY,,2026-03-30,2026-03-30,1440.0,PE,INFY26MAR1440PE,108.25,119.8,97.1,100.3,100.3,90.35,1373.7,100.3,143600,7600,104,64329060.0,76,F1,400,,,,,
2026-02-18,2026-02-18,FO,NSE,STO,126637,,INFY,,2026-03-30,2026-03-30,1620.0,PE,INFY26MAR1620PE,253.85,270.3,250.0,250.2,250.2,231.0,1373.7,238.15,50800,1200,8,6002660.0,8,F1,400,,,,,
2026-02-18,2026-02-18,FO,NSE,STO,115607,,INFY,,2026-03-30,2026-03-30,1880.0,PE,INFY26MAR1880PE,0.0,0.0,0.0,253.3,0.0,253.3,1373.7,495.0,0,0,0,0.0,0,F1,400,,,,,
2026-02-18,2026-02-18,FO,NSE,STO,115613,,INFY,,2026-03-30,2026-03-30,1960.0,PE,INFY26MAR1960PE,0.0,0.0,0.0,322.4,0.0,322.4,1373.7,574.5,0,0,0,0.0,0,F1,400,,,,,
2026-02-18,2026-02-18,FO,NSE,STO,126682,,INFY,,2026-04-28,2026-04-28,1120.0,PE,INFY26APR1120PE,10.45,13.2,7.05,11.6,11.6,10.45,1373.7,1.5,10000,3600,20,9044600.0,16,F1,400,,,,,
2026-02-18,2026-02-18,FO,NSE,STO,126688,,INFY,,2026-04-28,2026-04-28,1280.0,PE,INFY26APR1280PE,45.4,53.25,39.5,40.4,40.25,38.7,1373.7,40.4,56000,5200,46,24390380.0,46,F1,400,,,,,
2026-02-18,2026-02-18,FO,NSE,STO,126626,,INFY,,2026-03-30,2026-03-30,1500.0,CE,INFY26MAR1500CE,28.55,28.85,18.5,19.85,20.0,28.2,1373.7,19.85,2637200,714800,8611,5238180180.0,5889,F1,400,,,,,
2026-02-18,2026-02-18,FO,NSE,STO,115480,,INFY,,2026-03-30,2026-03-30,1200.0,CE,INFY26MAR1200CE,196.0,196.0,168.55,185.0,185.0,206.85,1373.7,185.0,59600,8800,82,45166820.0,57,F1,400,,,,,
2026-02-18,2026-02-18,FO,NSE,STO,126612,,INFY,,2026-03-30,2026-03-30,1300.0,PE,INFY26MAR1300PE,29.85,45.1,28.9,30.4,31.5,30.0,1373.7,30.4,836000,280000,3445,1840429460.0,2534,F1,400,,,,,
2026-02-18,2026-02-18,FO,NSE,STO,126742,,INFY,,2026-04-28,2026-04-28,1640.0,CE,INFY26APR1640CE,15.0,16.3,13.2,14.95,14.95,18.5,1373.7,14.95,49600,400,21,13901160.0,20,F1,400,,,,,
2026-02-18,2026-02-18,FO,NSE,STO,105374,,INFY,,2026-02-24,2026-02-24,1200.0,PE,INFY26FEB1200PE,1.3,2.6,0.8,1.05,1.2,1.5,1373.7,1.05,1501200,47600,6932,3331743380.0,2928,F1,400,,,,,
2026-02-18,2026-02-18,FO,NSE,STO,44880,,INFY,,2026-02-24,2026-02-24,1140.0,PE,INFY26FEB1140PE,0.7,1.05,0.4,0.45,0.4,0.7,1373.7,0.45,157600,11600,338,154223640.0,225,F1,400,,,,,
2026-02-18,2026-02-18,FO,NSE,STO,126687,,INFY,,2026-04-28,2026-04-28,1280.0,CE,INFY26APR1280CE,0.0,0.0,0.0,423.95,0.0,423.95,1373.7,127.35,0,0,0,0.0,0,F1,400,,,,,
2026-02-18,2026-02-18,FO,NSE,STO,115604,,INFY,,2026-03-30,2026-03-30,1840.0,CE,INFY26MAR1840CE,1.8,1.8,1.35,1.35,1.35,1.8,1373.7,0.05,46400,0,4,2946380.0,3,F1,400,,,,,
2026-02-18,2026-02-18,FO,NSE,STO,126618,,INFY,,2026-03-30,2026-03-30,1420.0,CE,INFY26MAR1420CE,56.3,56.35,38.5,42.15,42.4,56.1,1373.7,42.15,392800,146000,1782,1042530980.0,1166,F1,400,,,,,
2026-02-18,2026-02-18,FO,NSE,STO,115444,,INFY,,2026-02-24,2026-02-24,1900.0,CE,INFY26FEB1900CE,0.25,0.25,0.15,0.15,0.15,0.3,1373.7,0.05,140800,-800,11,8360840.0,4,F1,400,,,,,
2026-02-18,2026-02-18,FO,NSE,STO,115424,,INFY,,2026-02-24,2026-02-24,1540.0,CE,INFY26FEB1540CE,2.5,2.8,1.15,1.4,1.4,2.6,1373.7,1.4,3451200,-155200,7727,4764345980.0,2954,F1,400,,,,,
2026-02-18,2026-02-18,FO,NSE,STO,105506,,INFY,,2026-02-24,2026-02-24,1520.0,CE,INFY26FEB1520CE,3.35,3.5,1.5,1.8,1.8,3.4,1373.7,1.8,3163600,20000,10797,6572485920.0,5107,F1,400,,,,,
2026-02-18,2026-02-18,FO,NSE,STO,115416,,INFY,,2026-02-24,2026-02-24,1380.0,CE,INFY26FEB1380CE,38.1,40.0,15.75,20.5,20.35,36.0,1373.7,20.5,2111200,942000,48957,27430838000.0,34491,F1,400,,,,,
2026-02-18,2026-02-18,FO,NSE,STO,115399,,INFY,,2026-02-24,2026-02-24,1300.0,CE,INFY26FEB1300CE,95.2,95.2,57.2,74.5,73.2,96.05,1373.7,74.5,478000,-27200,3235,1771658820.0,2362,F1,400,,,,,
2026-02-18,2026-02-18,FO,NSE,STO,105498,,INFY,,2026-02-24,2026-02-24,1360.0,CE,INFY26FEB1360CE,48.0,48.0,22.85,29.8,29.25,47.95,1373.7,29.8,1797600,362000,34389,19104033940.0,25674,F1,400,,,,,
2026-02-18,2026-02-18,FO,NSE,STO,49734,,INFY,,2026-02-24,2026-02-24,1100.0,CE,INFY26FEB1100CE,0.0,0.0,0.0,268.0,268.0,268.0,1373.7,274.7,1200,0,0,0.0,0,F1,400,,,,,
2026-02-18,2026-02-18,FO,NSE,STO,115395,,INFY,,2026-02-24,2026-02-24,1260.0,PE,INFY26FEB1260PE,3.7,6.85,1.95,2.35,2.95,3.45,1373.7,2.35,899600,123600,11795,5963559540.0,5849,F1,400,,,,,
2026-02-18,2026-02-18,FO,NSE,STO,126690,,INFY,,2026-04-28,2026-04-28,1320.0,PE,INFY26APR1320PE,62.2,65.0,51.6,53.45,53.6,50.75,1373.7,53.45,34400,1600,22,12124460.0,22,F1,400,,,,,
2026-02-18,2026-02-18,FO,NSE,STO,126653,,INFY,,2026-03-30,2026-03-30,1860.0,PE,INFY26MAR1860PE,0.0,0.0,0.0,184.5,0.0,184.5,1373.7,475.15,0,0,0,0.0,0,F1,400,,,,,
2026-02-18,2026-02-18,FO,NSE,STO,115594,,INFY,,2026-03-30,2026-03-30,1720.0,PE,INFY26MAR1720PE,350.0,350.0,345.0,345.0,345.0,309.0,1373.7,336.2,15200,4000,10,8266400.0,4,F1,400,,,,,
2026-02-18,2026-02-18,FO,NSE,STO,126641,,INFY,,2026-03-30,2026-03-30,1660.0,PE,INFY26MAR1660PE,288.0,290.0,288.0,290.0,290.0,259.5,1373.7,277.05,20000,800,2,1559200.0,2,F1,400,,,,,
2026-02-18,2026-02-18,FO,NSE,STO,115536,,INFY,,2026-03-30,2026-03-30,1480.0,PE,INFY26MAR1480PE,122.25,148.0,122.25,128.0,128.0,116.05,1373.7,128.0,144000,7600,55,35565900.0,36,F1,400,,,,,
2026-02-18,2026-02-18,FO,NSE,STO,126625,,INFY,,2026-03-30,2026-03-30,1460.0,PE,INFY26MAR1460PE,110.0,128.0,110.0,113.15,113.15,103.0,1373.7,113.15,118800,18000,91,57522040.0,69,F1,400,,,,,
2026-02-18,2026-02-18,FO,NSE,STO,126614,,INFY,,2026-03-30,2026-03-30,1340.0,PE,INFY26MAR1340PE,43.0,62.4,42.75,44.4,46.4,42.9,1373.7,44.4,687600,110800,1302,724389960.0,928,F1,400,,,,,
2026-02-18,2026-02-18,FO,NSE,STO,115528,,INFY,,2026-03-30,2026-03-30,1320.0,PE,INFY26MAR1320PE,41.5,53.0,35.3,36.65,38.2,35.65,1373.7,36.65,426000,18800,552,300770340.0,465,F1,400,,,,,
2026-02-18,2026-02-18,FO,NSE,STO,105523,,INFY,,2026-02-24,2026-02-24,1800.0,PE,INFY26FEB1800PE,447.0,447.0,429.75,431.7,432.0,409.0,1373.7,431.7,157600,-7600,23,20552660.0,14,F1,400,,,,,
2026-02-18,2026-02-18,FO,NSE,STO,115431,,INFY,,2026-02-24,2026-02-24,1660.0,PE,INFY26FEB1660PE,291.7,311.5,288.0,291.25,291.25,268.85,1373.7,284.8,328800,4000,68,53213520.0,41,F1,400,,,,,
2026-02-18,2026-02-18,FO,NSE,STO,105509,,INFY,,2026-02-24,2026-02-24,1560.0,PE,INFY26FEB1560PE,193.65,215.0,189.75,192.15,193.95,172.35,1373.7,192.15,722800,-36400,149,104860000.0,146,F1,400,,,,,
2026-02-18,2026-02-18,FO,NSE,STO,115425,,INFY,,2026-02-24,2026-02-24,1540.0,PE,INFY26FEB1540PE,178.35,193.0,172.0,172.3,172.3,152.4,1373.7,172.3,1600400,-2800,57,39262220.0,44,F1,400,,,,,
2026-02-18,2026-02-18,FO,NSE,STO,115393,,INFY,,2026-02-24,2026-02-24,1220.0,PE,INFY26FEB1220PE,1.8,3.3,1.15,1.3,1.45,1.8,1373.7,1.3,454800,128800,2491,1217545920.0,1641,F1,400,,,,,
2026-02-18,2026-02-18,FO,NSE,STO,126691,,INFY,,2026-04-28,2026-04-28,1360.0,CE,INFY26APR1360CE,0.0,0.0,0.0,75.0,75.0,75.0,1373.7,75.8,400,0,0,0.0,0,F1,400,,,,,
2026-02-18,2026-02-18,FO,NSE,STO,126695,,INFY,,2026-04-28,2026-04-28,1440.0,CE,INFY26APR1440CE,56.0,60.0,55.95,60.0,60.0,70.0,1373.7,40.3,9600,1200,5,2993980.0,5,F1,400,,,,,
2026-02-18,2026-02-18,FO,NSE,STO,126697,,INFY,,2026-04-28,2026-04-28,1440.0,PE,INFY26APR1440PE,113.4,117.55,113.4,117.55,117.55,105.85,1373.7,91.75,58000,-400,3,1867380.0,3,F1,400,,,,,
2026-02-18,2026-02-18,FO,NSE,STO,126627,,INFY,,2026-03-30,2026-03-30,1500.0,PE,INFY26MAR1500PE,149.0,165.55,139.75,142.7,145.0,129.45,1373.7,142.7,329600,22000,155,102182220.0,120,F1,400,,,,,
2026-02-18,2026-02-18,FO,NSE,STO,115429,,INFY,,2026-02-24,2026-02-24,1620.0,PE,INFY26FEB1620PE,252.15,270.1,249.8,254.5,254.5,231.0,1373.7,244.85,463200,-1600,13,9767600.0,13,F1,400,,,,,
2026-02-18,2026-02-18,FO,NSE,STO,126744,,INFY,,2026-04-28,2026-04-28,1680.0,CE,INFY26APR1680CE,0.0,0.0,0.0,109.8,0.0,109.8,1373.7,3.1,0,0,0,0.0,0,F1,400,,,,,
2026-02-18,2026-02-18,FO,NSE,STO,49745,,INFY,,2026-03-30,2026-03-30,1100.0,CE,INFY26MAR1100CE,0.0,0.0,0.0,446.2,0.0,446.2,1373.7,280.45,0,0,0,0.0,0,F1,400,,,,,
2026-02-18,2026-02-18,FO,NSE,STO,115422,,INFY,,2026-02-24,2026-02-24,1500.0,CE,INFY26FEB1500CE,4.5,4.75,2.05,2.5,2.5,4.55,1373.7,2.5,6779600,354000,26094,15683033760.0,11497,F1,400,,,,,
2026-02-18,2026-02-18,FO,NSE,STO,105375,,INFY,,2026-02-24,2026-02-24,1240.0,CE,INFY26FEB1240CE,128.0,133.5,112.45,131.7,131.7,169.85,1373.7,131.7,59600,44000,177,96544560.0,92,F1,400,,,,,
2026-02-18,2026-02-18,FO,NSE,STF,66865,,INFY,,2026-04-28,2026-04-28,,,INFY26APRFUT,1406.0,1406.0,1360.0,1383.6,1382.0,1405.6,1373.7,1383.6,1570800,245200,1769,975317320.0,1652,F1,400,,,,,
2026-02-18,2026-02-18,FO,NSE,STO,115417,,INFY,,2026-02-24,2026-02-24,1380.0,PE,INFY26FEB1380PE,23.95,52.6,23.95,30.8,32.6,26.45,1373.7,30.8,955600,-284400,17323,9823751620.0,14550,F1,400,,,,,
2026-02-18,2026-02-18,FO,NSE,STO,115415,,INFY,,2026-02-24,2026-02-24,1340.0,PE,INFY26FEB1340PE,11.95,29.4,11.9,13.15,14.9,13.05,1373.7,13.15,1965200,252400,39873,21684552280.0,29017,F1,400,,,,,
2026-02-18,2026-02-18,FO,NSE,STO,115592,,INFY,,2026-03-30,2026-03-30,1720.0,CE,INFY26MAR1720CE,4.05,4.25,2.9,3.2,3.25,4.55,1373.7,3.2,89200,6800,282,194396520.0,228,F1,400,,,,,
2026-02-18,2026-02-18,FO,NSE,STO,126624,,INFY,,2026-03-30,2026-03-30,1460.0,CE,INFY26MAR1460CE,41.0,41.0,26.8,29.0,29.2,40.05,1373.7,29.0,508800,154000,1945,1159025700.0,1386,F1,400,,,,,
2026-02-18,2026-02-18,FO,NSE,STO,126739,,INFY,,2026-04-28,2026-04-28,1560.0,PE,INFY26APR1560PE,0.0,0.0,0.0,36.35,0.0,36.35,1373.7,182.8,0,0,0,0.0,0,F1,400,,,,,
2026-02-18,2026-02-18,FO,NSE,STO,105366,,INFY,,2026-02-24,2026-02-24,1120.0,PE,INFY26FEB1120PE,0.5,0.9,0.4,0.45,0.45,0.55,1373.7,0.45,32800,-7200,136,60959540.0,106,F1,400,,,,,
2026-02-18,2026-02-18,FO,NSE,STO,126746,,INFY,,2026-04-28,2026-04-28,1720.0,CE,INFY26APR1720CE,7.1,10.45,7.1,9.0,9.0,11.05,1373.7,1.85,9600,800,10,6916360.0,10,F1,400,,,,,
2026-02-18,2026-02-18,FO,NSE,STO,115558,,INFY,,2026-03-30,2026-03-30,1640.0,CE,INFY26MAR1640CE,6.85,7.5,5.45,5.9,6.0,8.25,1373.7,5.9,135200,-22000,329,216676360.0,195,F1,400,,,,,
2026-02-18,2026-02-18,FO,NSE,STO,115525,,INFY,,2026-03-30,2026-03-30,1320.0,CE,INFY26MAR1320CE,95.0,95.0,85.0,93.35,93.35,111.75,1373.7,93.35,70800,15200,87,49098560.0,59,F1,400,,,,,
2026-02-18,2026-02-18,FO,NSE,STO,115446,,INFY,,2026-02-24,2026-02-24,1940.0,CE,INFY26FEB1940CE,0.15,0.15,0.05,0.05,0.05,0.3,1373.7,0.05,11600,-2000,19,14744720.0,11,F1,400,,,,,
2026-02-18,2026-02-18,FO,NSE,STO,115437,,INFY,,2026-02-24,2026-02-24,1780.0,CE,INFY26FEB1780CE,0.25,0.3,0.2,0.25,0.2,0.3,1373.7,0.25,192800,1200,63,44862580.0,31,F1,400,,,,,
2026-02-18,2026-02-18,FO,NSE,STO,115418,,INFY,,2026-02-24,2026-02-24,1420.0,CE,INFY26FEB1420CE,18.1,19.05,7.2,9.1,9.4,17.75,1373.7,9.1,2984800,444000,35444,20265678500.0,20794,F1,400,,,,,
2026-02-18,2026-02-18,FO,NSE,STO,105369,,INFY,,2026-02-24,2026-02-24,1160.0,CE,INFY26FEB1160CE,0.0,0.0,0.0,389.75,0.0,389.75,1373.7,214.75,0,0,0,0.0,0,F1,400,,,,,
2026-02-18,2026-02-18,FO,NSE,STO,126656,,INFY,,2026-03-30,2026-03-30,1940.0,CE,INFY26MAR1940CE,0.0,0.0,0.0,14.0,0.0,14.0,1373.7,0.05,0,0,0,0.0,0,F1,400,,,,,
2026-02-18,2026-02-18,FO,NSE,STO,126763,,INFY,,2026-04-28,2026-04-28,1920.0,PE,INFY26APR1920PE,0.0,0.0,0.0,237.6,0.0,237.6,1373.7,526.55,0,0,0,0.0,0,F1,400,,,,,
2026-02-18,2026-02-18,FO,NSE,STO,126753,,INFY,,2026-04-28,2026-04-28,1840.0,PE,INFY26APR1840PE,0.0,0.0,0.0,176.95,0.0,176.95,1373.7,447.6,0,0,0,0.0,0,F1,400,,,,,
2026-02-18,2026-02-18,FO,NSE,STO,126709,,INFY,,2026-04-28,2026-04-28,1480.0,PE,INFY26APR1480PE,0.0,0.0,0.0,120.0,120.0,120.0,1373.7,119.15,1200,0,0,0.0,0,F1,400,,,,,
2026-02-18,2026-02-18,FO,NSE,STO,38348,,INFY,,2026-04-28,2026-04-28,1160.0,PE,INFY26APR1160PE,19.0,19.95,15.65,16.4,16.4,10.15,1373.7,3.3,4400,1600,5,2355000.0,5,F1,400,,,,,
2026-02-18,2026-02-18,FO,NSE,STO,115609,,INFY,,2026-03-30,2026-03-30,1920.0,PE,INFY26MAR1920PE,0.0,0.0,0.0,287.25,0.0,287.25,1373.7,534.75,0,0,0,0.0,0,F1,400,,,,,
2026-02-18,2026-02-18,FO,NSE,STO,126645,,INFY,,2026-03-30,2026-03-30,1740.0,PE,INFY26MAR1740PE,0.0,0.0,0.0,101.0,0.0,101.0,1373.7,356.0,0,0,0,0.0,0,F1,400,,,,,
2026-02-18,2026-02-18,FO,NSE,STO,115436,,INFY,,2026-02-24,2026-02-24,1740.0,PE,INFY26FEB1740PE,0.0,0.0,0.0,375.7,375.7,375.7,1373.7,364.75,44800,0,0,0.0,0,F1,400,,,,,
2026-02-18,2026-02-18,FO,NSE,STO,105507,,INFY,,2026-02-24,2026-02-24,1520.0,PE,INFY26FEB1520PE,149.0,175.0,149.0,153.9,154.0,134.25,1373.7,153.9,496400,-20000,144,96894160.0,138,F1,400,,,,,
2026-02-18,2026-02-18,FO,NSE,STO,105499,,INFY,,2026-02-24,2026-02-24,1360.0,PE,INFY26FEB1360PE,15.0,39.8,14.95,20.5,22.3,18.55,1373.7,20.5,1394800,-127200,40244,22333595600.0,30063,F1,400,,,,,
2026-02-18,2026-02-18,FO,NSE,STO,126689,,INFY,,2026-04-28,2026-04-28,1320.0,CE,INFY26APR1320CE,0.0,0.0,0.0,100.0,100.0,100.0,1373.7,99.65,2800,0,0,0.0,0,F1,400,,,,,
2026-02-18,2026-02-18,FO,NSE,STO,126640,,INFY,,2026-03-30,2026-03-30,1660.0,CE,INFY26MAR1660CE,6.15,6.35,4.7,5.05,5.05,7.05,1373.7,5.05,116000,6000,97,64610580.0,86,F1,400,,,,,
2026-02-18,2026-02-18,FO,NSE,STO,105501,,INFY,,2026-02-24,2026-02-24,1400.0,PE,INFY26FEB1400PE,32.4,67.3,32.2,44.5,46.6,36.05,1373.7,44.5,2033200,-284400,9519,5526830780.0,8077,F1,400,,,,,
2026-02-18,2026-02-18,FO,NSE,STO,105365,,INFY,,2026-02-24,2026-02-24,1120.0,CE,INFY26FEB1120CE,0.0,0.0,0.0,428.3,0.0,428.3,1373.7,254.7,0,0,0,0.0,0,F1,400,,,,,
2026-02-18,2026-02-18,FO,NSE,STO,105373,,INFY,,2026-02-24,2026-02-24,1200.0,CE,INFY26FEB1200CE,169.95,171.5,149.0,170.5,170.0,191.25,1373.7,170.5,19200,-2000,30,16332900.0,30,F1,400,,,,,
2026-02-18,2026-02-18,FO,NSE,STO,105500,,INFY,,2026-02-24,2026-02-24,1400.0,CE,INFY26FEB1400CE,28.95,29.0,10.8,13.95,13.95,25.95,1373.7,13.95,6154000,1821200,73471,41563033140.0,41676,F1,400,,,,,
2026-02-18,2026-02-18,FO,NSE,STO,115420,,INFY,,2026-02-24,2026-02-24,1460.0,CE,INFY26FEB1460CE,10.0,10.0,3.25,4.2,4.4,7.95,1373.7,4.2,3053600,-559600,26314,15411932120.0,12747,F1,400,,,,,
2026-02-18,2026-02-18,FO,NSE,STO,115430,,INFY,,2026-02-24,2026-02-24,1660.0,CE,INFY26FEB1660CE,0.6,0.65,0.3,0.35,0.3,0.65,1373.7,0.35,1834000,-118800,1379,915880180.0,467,F1,400,,,,,
2026-02-18,2026-02-18,FO,NSE,STO,105520,,INFY,,2026-02-24,2026-02-24,1760.0,CE,INFY26FEB1760CE,0.35,0.35,0.2,0.2,0.2,0.4,1373.7,0.2,531600,-17600,193,135893160.0,84,F1,400,,,,,
2026-02-18,2026-02-18,FO,NSE,STO,115498,,INFY,,2026-03-30,2026-03-30,1240.0,CE,INFY26MAR1240CE,0.0,0.0,0.0,188.5,188.5,188.5,1373.7,146.6,3200,0,0,0.0,0,F1,400,,,,,
2026-02-18,2026-02-18,FO,NSE,STO,115531,,INFY,,2026-03-30,2026-03-30,1400.0,CE,INFY26MAR1400CE,65.35,68.1,45.65,50.0,50.0,65.35,1373.7,50.0,2053200,1007600,7848,4553934000.0,6385,F1,400,,,,,
2026-02-18,2026-02-18,FO,NSE,STO,115533,,INFY,,2026-03-30,2026-03-30,1440.0,CE,INFY26MAR1440CE,43.15,43.15,32.05,35.0,35.25,47.45,1373.7,35.0,579600,196000,2417,1426591740.0,1694,F1,400,,,,,
2026-02-18,2026-02-18,FO,NSE,STO,115535,,INFY,,2026-03-30,2026-03-30,1480.0,CE,INFY26MAR1480CE,33.9,33.9,22.35,24.05,24.2,33.85,1373.7,24.05,444000,152800,1442,868004040.0,980,F1,400,,,,,
2026-02-18,2026-02-18,FO,NSE,STO,126628,,INFY,,2026-03-30,2026-03-30,1540.0,CE,INFY26MAR1540CE,19.5,24.65,12.8,13.6,13.85,19.6,1373.7,13.6,955600,66400,1184,736132740.0,945,F1,400,,,,,
2026-02-18,2026-02-18,FO,NSE,STO,126646,,INFY,,2026-03-30,2026-03-30,1780.0,CE,INFY26MAR1780CE,2.5,2.5,2.1,2.3,2.1,2.25,1373.7,2.3,10000,1200,3,2138760.0,3,F1,400,,,,,
2026-02-18,2026-02-18,FO,NSE,STO,126727,,INFY,,2026-04-28,2026-04-28,1520.0,CE,INFY26APR1520CE,39.95,39.95,34.0,35.15,35.4,43.8,1373.7,35.15,129200,9600,78,48539420.0,77,F1,400,,,,,
2026-02-18,2026-02-18,FO,NSE,STO,49735,,INFY,,2026-02-24,2026-02-24,1100.0,PE,INFY26FEB1100PE,0.4,0.75,0.35,0.45,0.45,0.5,1373.7,0.45,284800,-400,735,323556760.0,474,F1,400,,,,,
2026-02-18,2026-02-18,FO,NSE,STO,115438,,INFY,,2026-02-24,2026-02-24,1780.0,PE,INFY26FEB1780PE,0.0,0.0,0.0,108.65,108.65,108.65,1373.7,404.7,3200,0,0,0.0,0,F1,400,,,,,
2026-02-18,2026-02-18,FO,NSE,STO,105529,,INFY,,2026-02-24,2026-02-24,1920.0,PE,INFY26FEB1920PE,550.0,550.0,550.0,550.0,550.0,550.0,1373.7,544.55,3200,-3200,8,7904000.0,1,F1,400,,,,,
2026-02-18,2026-02-18,FO,NSE,STO,115447,,INFY,,2026-02-24,2026-02-24,1940.0,PE,INFY26FEB1940PE,0.0,0.0,0.0,305.9,0.0,305.9,1373.7,564.55,0,0,0,0.0,0,F1,400,,,,,
2026-02-18,2026-02-18,FO,NSE,STO,115471,,INFY,,2026-03-30,2026-03-30,1120.0,PE,INFY26MAR1120PE,7.15,8.9,4.75,5.15,5.15,5.95,1373.7,5.15,45200,34400,159,71586100.0,117,F1,400,,,,,
2026-02-18,2026-02-18,FO,NSE,STO,115515,,INFY,,2026-03-30,2026-03-30,1240.0,PE,INFY26MAR1240PE,21.6,26.7,15.6,16.6,17.25,17.2,1373.7,16.6,429200,72800,914,460521740.0,768,F1,400,,,,,
2026-02-18,2026-02-18,FO,NSE,STO,115532,,INFY,,2026-03-30,2026-03-30,1400.0,PE,INFY26MAR1400PE,66.95,94.4,66.95,74.25,76.45,67.75,1373.7,74.25,1632000,605600,2987,1768210420.0,2701,F1,400,,,,,
2026-02-18,2026-02-18,FO,NSE,STO,126631,,INFY,,2026-03-30,2026-03-30,1580.0,PE,INFY26MAR1580PE,218.0,220.0,218.0,220.0,220.0,162.6,1373.7,200.0,6400,400,2,1439200.0,2,F1,400,,,,,
2026-02-18,2026-02-18,FO,NSE,STO,115603,,INFY,,2026-03-30,2026-03-30,1800.0,PE,INFY26MAR1800PE,420.0,440.1,418.0,420.0,420.0,401.55,1373.7,420.0,57600,16000,41,36463600.0,22,F1,400,,,,,
2026-02-18,2026-02-18,FO,NSE,STO,126743,,INFY,,2026-04-28,2026-04-28,1640.0,PE,INFY26APR1640PE,0.0,0.0,0.0,63.75,0.0,63.75,1373.7,254.45,0,0,0,0.0,0,F1,400,,,,,
2026-02-18,2026-02-18,FO,NSE,STO,115423,,INFY,,2026-02-24,2026-02-24,1500.0,PE,INFY26FEB1500PE,145.0,158.0,126.7,133.0,135.0,115.1,1373.7,133.0,1679600,-113600,811,532137840.0,505,F1,400,,,,,
2026-02-18,2026-02-18,FO,NSE,STO,115441,,INFY,,2026-02-24,2026-02-24,1860.0,CE,INFY26FEB1860CE,0.15,0.2,0.15,0.2,0.2,0.3,1373.7,0.2,164000,-4400,16,11905020.0,15,F1,400,,,,,
2026-02-18,2026-02-18,FO,NSE,STO,115602,,INFY,,2026-03-30,2026-03-30,1800.0,CE,INFY26MAR1800CE,2.5,2.5,1.65,1.7,1.65,2.4,1373.7,1.7,336800,87200,336,242158160.0,173,F1,400,,,,,
2026-02-18,2026-02-18,FO,NSE,STO,115606,,INFY,,2026-03-30,2026-03-30,1880.0,CE,INFY26MAR1880CE,1.15,1.2,1.15,1.15,1.15,1.2,1373.7,0.05,8000,-800,9,6772180.0,9,F1,400,,,,,
2026-02-18,2026-02-18,FO,NSE,STF,59375,,INFY,,2026-02-24,2026-02-24,,,INFY26FEBFUT,1403.0,1403.0,1343.0,1369.6,1367.0,1389.6,1373.7,1369.6,53061600,-10094400,73425,40041751800.0,50869,F1,400,,,,,
2026-02-18,2026-02-18,FO,NSE,STO,126693,,INFY,,2026-04-28,2026-04-28,1400.0,CE,INFY26APR1400CE,89.1,89.1,71.0,76.3,77.0,90.1,1373.7,76.3,81600,17200,106,62587980.0,101,F1,400,,,,,
2026-02-18,2026-02-18,FO,NSE,STO,105370,,INFY,,2026-02-24,2026-02-24,1160.0,PE,INFY26FEB1160PE,0.55,1.35,0.55,0.65,0.65,0.85,1373.7,0.65,508000,119600,1410,654734420.0,733,F1,400,,,,,
2026-02-18,2026-02-18,FO,NSE,STO,105376,,INFY,,2026-02-24,2026-02-24,1240.0,PE,INFY26FEB1240PE,2.5,4.85,1.45,1.7,2.0,2.5,1373.7,1.7,850400,265200,7393,3675674600.0,3589,F1,400,,,,,
2026-02-18,2026-02-18,FO,NSE,STO,36372,,INFY,,2026-03-30,2026-03-30,1180.0,PE,INFY26MAR1180PE,9.85,15.25,8.5,9.0,9.45,10.15,1373.7,9.0,89200,16000,301,143458760.0,276,F1,400,,,,,
2026-02-18,2026-02-18,FO,NSE,STO,126647,,INFY,,2026-03-30,2026-03-30,1780.0,PE,INFY26MAR1780PE,0.0,0.0,0.0,126.2,0.0,126.2,1373.7,395.65,0,0,0,0.0,0,F1,400,,,,,
2026-02-18,2026-02-18,FO,NSE,STO,126728,,INFY,,2026-04-28,2026-04-28,1520.0,PE,INFY26APR1520PE,0.0,0.0,0.0,128.0,128.0,128.0,1373.7,149.7,400,0,0,0.0,0,F1,400,,,,,
2026-02-18,2026-02-18,FO,NSE,STO,115394,,INFY,,2026-02-24,2026-02-24,1260.0,CE,INFY26FEB1260CE,114.0,114.0,91.0,110.4,110.5,145.2,1373.7,110.4,75600,-6000,191,104240500.0,112,F1,400,,,,,
2026-02-18,2026-02-18,FO,NSE,STO,105516,,INFY,,2026-02-24,2026-02-24,1720.0,CE,INFY26FEB1720CE,0.5,0.5,0.2,0.25,0.25,0.5,1373.7,0.25,675600,-58400,403,277316920.0,270,F1,400,,,,,
2026-02-18,2026-02-18,FO,NSE,STO,126751,,INFY,,2026-04-28,2026-04-28,1800.0,PE,INFY26APR1800PE,0.0,0.0,0.0,149.55,0.0,149.55,1373.7,408.3,0,0,0,0.0,0,F1,400,,,,,
2026-02-18,2026-02-18,FO,NSE,STO,126629,,INFY,,2026-03-30,2026-03-30,1540.0,PE,INFY26MAR1540PE,193.2,193.2,177.0,178.3,178.3,134.5,1373.7,163.1,66800,-800,9,6207940.0,8,F1,400,,,,,
2026-02-18,2026-02-18,FO,NSE,STO,126630,,INFY,,2026-03-30,2026-03-30,1580.0,CE,INFY26MAR1580CE,11.0,12.95,9.1,9.6,9.8,14.05,1373.7,9.6,295200,-2000,601,382237560.0,453,F1,400,,,,,
2026-02-18,2026-02-18,FO,NSE,STO,126644,,INFY,,2026-03-30,2026-03-30,1740.0,CE,INFY26MAR1740CE,4.0,4.0,2.65,3.35,3.35,4.0,1373.7,3.35,76400,1600,16,11154340.0,11,F1,400,,,,,
2026-02-18,2026-02-18,FO,NSE,STO,126652,,INFY,,2026-03-30,2026-03-30,1860.0,CE,INFY26MAR1860CE,1.3,1.55,1.3,1.55,1.55,1.55,1373.7,0.05,11600,6000,15,11169100.0,2,F1,400,,,,,
2026-02-18,2026-02-18,FO,NSE,STO,44882,,INFY,,2026-03-30,2026-03-30,1140.0,PE,INFY26MAR1140PE,8.0,10.7,5.95,6.2,6.2,6.3,1373.7,6.2,16400,15200,68,31223140.0,44,F1,400,,,,,
2026-02-18,2026-02-18,FO,NSE,STO,115555,,INFY,,2026-03-30,2026-03-30,1560.0,PE,INFY26MAR1560PE,199.2,217.75,199.2,217.75,217.75,178.65,1373.7,181.35,153600,400,10,7082420.0,8,F1,400,,,,,
2026-02-18,2026-02-18,FO,NSE,STO,115598,,INFY,,2026-03-30,2026-03-30,1760.0,PE,INFY26MAR1760PE,385.0,385.0,379.0,383.6,383.6,250.0,1373.7,375.8,7200,3200,12,10281200.0,5,F1,400,,,,,
2026-02-18,2026-02-18,FO,NSE,STO,105528,,INFY,,2026-02-24,2026-02-24,1920.0,CE,INFY26FEB1920CE,0.3,0.3,0.1,0.1,0.1,0.25,1373.7,0.05,104400,-5600,53,40706680.0,21,F1,400,,,,,
2026-02-18,2026-02-18,FO,NSE,STO,126747,,INFY,,2026-04-28,2026-04-28,1720.0,PE,INFY26APR1720PE,330.0,345.0,330.0,330.5,330.5,310.0,1373.7,330.5,15200,800,6,4932400.0,5,F1,400,,,,,
2026-02-18,2026-02-18,FO,NSE,STO,115390,,INFY,,2026-02-24,2026-02-24,1180.0,CE,INFY26FEB1180CE,0.0,0.0,0.0,243.0,243.0,243.0,1373.7,194.75,6000,0,0,0.0,0,F1,400,,,,,
2026-02-18,2026-02-18,FO,NSE,STO,105508,,INFY,,2026-02-24,2026-02-24,1560.0,CE,INFY26FEB1560CE,2.2,2.2,0.9,1.1,1.15,2.0,1373.7,1.1,4272000,187600,8800,5495302720.0,3297,F1,400,,,,,
2026-02-18,2026-02-18,FO,NSE,STO,105521,,INFY,,2026-02-24,2026-02-24,1760.0,PE,INFY26FEB1760PE,391.0,391.0,390.6,390.6,390.6,336.5,1373.7,384.7,29200,-4000,10,8603200.0,2,F1,400,,,,,
2026-02-18,2026-02-18,FO,NSE,STO,115443,,INFY,,2026-02-24,2026-02-24,1860.0,PE,INFY26FEB1860PE,0.0,0.0,0.0,233.25,0.0,233.25,1373.7,484.6,0,0,0,0.0,0,F1,400,,,,,
2026-02-18,2026-02-18,FO,NSE,STO,115497,,INFY,,2026-03-30,2026-03-30,1200.0,PE,INFY26MAR1200PE,12.5,18.5,10.3,10.9,11.35,12.05,1373.7,10.9,593200,48000,1840,893269340.0,1192,F1,400,,,,,
2026-02-18,2026-02-18,FO,NSE,STO,126608,,INFY,,2026-03-30,2026-03-30,1220.0,PE,INFY26MAR1220PE,16.0,22.25,12.7,13.75,13.85,14.2,1373.7,13.75,91600,38800,343,169481860.0,286,F1,400,,,,,
2026-02-18,2026-02-18,FO,NSE,STO,126765,,INFY,,2026-04-28,2026-04-28,1960.0,PE,INFY26APR1960PE,0.0,0.0,0.0,270.35,0.0,270.35,1373.7,566.1,0,0,0,0.0,0,F1,400,,,,,
2026-02-18,2026-02-18,FO,NSE,STO,115427,,INFY,,2026-02-24,2026-02-24,1580.0,PE,INFY26FEB1580PE,220.0,235.45,210.65,211.3,211.5,193.7,1373.7,211.3,555600,-2800,36,25973720.0,34,F1,400,,,,,
2026-02-18,2026-02-18,FO,NSE,STO,115401,,INFY,,2026-02-24,2026-02-24,1340.0,CE,INFY26FEB1340CE,55.0,55.0,32.1,42.65,42.45,62.55,1373.7,42.65,890800,23200,10231,5647793100.0,8516,F1,400,,,,,
2026-02-18,2026-02-18,FO,NSE,STO,126740,,INFY,,2026-04-28,2026-04-28,1600.0,CE,INFY26APR1600CE,22.95,23.7,19.25,20.25,20.2,25.4,1373.7,20.25,177200,11600,83,53807440.0,82,F1,400,,,,,
2026-02-18,2026-02-18,FO,NSE,STO,44879,,INFY,,2026-02-24,2026-02-24,1140.0,CE,INFY26FEB1140CE,0.0,0.0,0.0,220.0,220.0,220.0,1373.7,234.75,0,0,0,0.0,0,F1,400,,,,,
2026-02-18,2026-02-18,FO,NSE,STO,105504,,INFY,,2026-02-24,2026-02-24,1480.0,CE,INFY26FEB1480CE,6.5,6.55,2.6,3.1,3.15,5.8,1373.7,3.1,2001200,-143200,17408,10328119200.0,8184,F1,400,,,,,
2026-02-18,2026-02-18,FO,NSE,STO,115439,,INFY,,2026-02-24,2026-02-24,1820.0,CE,INFY26FEB1820CE,0.25,0.25,0.2,0.25,0.25,0.35,1373.7,0.25,207200,-4800,78,56790440.0,36,F1,400,,,,,
2026-02-18,2026-02-18,FO,NSE,STO,105530,,INFY,,2026-02-24,2026-02-24,1960.0,CE,INFY26FEB1960CE,0.1,0.1,0.1,0.1,0.1,0.25,1373.7,0.05,18800,0,3,2352120.0,1,F1,400,,,,,
2026-02-18,2026-02-18,FO,NSE,STO,115472,,INFY,,2026-03-30,2026-03-30,1160.0,CE,INFY26MAR1160CE,0.0,0.0,0.0,479.2,0.0,479.2,1373.7,221.5,0,0,0,0.0,0,F1,400,,,,,
2026-02-18,2026-02-18,FO,NSE,STO,49746,,INFY,,2026-03-30,2026-03-30,1100.0,PE,INFY26MAR1100PE,5.95,8.0,4.2,4.3,4.3,6.0,1373.7,4.3,543200,131600,1384,611938300.0,854,F1,400,,,,,
2026-02-18,2026-02-18,FO,NSE,STO,115400,,INFY,,2026-02-24,2026-02-24,1300.0,PE,INFY26FEB1300PE,6.45,14.55,4.1,5.25,6.45,6.7,1373.7,5.25,2004400,-829600,46534,24353067400.0,24078,F1,400,,,,,
2026-02-18,2026-02-18,FO,NSE,STO,126764,,INFY,,2026-04-28,2026-04-28,1960.0,CE,INFY26APR1960CE,0.0,0.0,0.0,23.1,0.0,23.1,1373.7,0.05,0,0,0,0.0,0,F1,400,,,,,
2026-02-18,2026-02-18,FO,NSE,STO,126760,,INFY,,2026-04-28,2026-04-28,1880.0,CE,INFY26APR1880CE,0.0,0.0,0.0,37.95,0.0,37.95,1373.7,0.2,0,0,0,0.0,0,F1,400,,,,,
2026-02-18,2026-02-18,FO,NSE,STO,105496,,INFY,,2026-02-24,2026-02-24,1320.0,CE,INFY26FEB1320CE,65.85,67.0,43.55,57.6,56.95,78.65,1373.7,57.6,280400,43200,2557,1404929900.0,2333,F1,400,,,,,
2026-02-18,2026-02-18,FO,NSE,STO,137016,,MARUTI,,2026-03-30,2026-03-30,15800.0,CE,MARUTI26MAR15800CE,200.0,225.2,175.0,187.55,187.0,210.0,15164.05,187.55,1850,600,31,24791282.5,29,F1,50,,,,,
2026-02-18,2026-02-18,FO,NSE,STO,136719,,MARUTI,,2026-02-24,2026-02-24,17500.0,PE,MARUTI26FEB17500PE,0.0,0.0,0.0,2387.9,2387.9,2387.9,15164.05,2320.15,500,0,0,0.0,0,F1,50,,,,,
2026-02-18,2026-02-18,FO,NSE,STO,136630,,MARUTI,,2026-02-24,2026-02-24,16500.0,PE,MARUTI26FEB16500PE,1375.0,1375.0,1308.0,1308.0,1308.0,1360.0,15164.05,1308.0,18850,-500,11,9815107.5,11,F1,50,,,,,
2026-02-18,2026-02-18,FO,NSE,STO,117193,,MARUTI,,2026-02-24,2026-02-24,15800.0,PE,MARUTI26FEB15800PE,660.05,701.5,644.3,644.3,644.3,646.3,15164.05,644.3,7800,-150,10,8234240.0,9,F1,50,,,,,
2026-02-18,2026-02-18,FO,NSE,STO,136616,,MARUTI,,2026-02-24,2026-02-24,15500.0,PE,MARUTI26FEB15500PE,402.85,437.6,350.0,363.6,351.05,398.25,15164.05,363.6,45350,-1300,49,38961790.0,45,F1,50,,,,,
2026-02-18,2026-02-18,FO,NSE,STO,117161,,MARUTI,,2026-02-24,2026-02-24,13600.0,PE,MARUTI26FEB13600PE,5.35,5.85,2.3,2.6,2.3,5.35,15164.05,2.6,7800,-850,304,206765035.0,203,F1,50,,,,,
2026-02-18,2026-02-18,FO,NSE,STO,117152,,MARUTI,,2026-02-24,2026-02-24,13400.0,PE,MARUTI26FEB13400PE,3.7,5.1,2.0,2.05,2.05,3.7,15164.05,2.05,8100,50,80,53611907.5,76,F1,50,,,,,
2026-02-18,2026-02-18,FO,NSE,STO,140652,,MARUTI,,2026-04-28,2026-04-28,16000.0,CE,MARUTI26APR16000CE,0.0,0.0,0.0,530.25,0.0,530.25,15164.05,290.5,0,0,0,0.0,0,F1,50,,,,,
2026-02-18,2026-02-18,FO,NSE,STO,140624,,MARUTI,,2026-04-28,2026-04-28,14200.0,CE,MARUTI26APR14200CE,0.0,0.0,0.0,1517.05,0.0,1517.05,15164.05,1261.25,0,0,0,0.0,0,F1,50,,,,,
2026-02-18,2026-02-18,FO,NSE,STO,140445,,MARUTI,,2026-03-30,2026-03-30,16500.0,CE,MARUTI26MAR16500CE,83.75,83.75,60.8,66.95,67.95,81.25,15164.05,66.95,15600,4000,361,299076025.0,264,F1,50,,,,,
2026-02-18,2026-02-18,FO,NSE,STO,137018,,MARUTI,,2026-03-30,2026-03-30,16000.0,CE,MARUTI26MAR16000CE,164.0,164.0,130.0,138.15,140.8,160.2,15164.05,138.15,36100,9100,778,627911680.0,563,F1,50,,,,,
2026-02-18,2026-02-18,FO,NSE,STO,140412,,MARUTI,,2026-03-30,2026-03-30,14700.0,CE,MARUTI26MAR14700CE,0.0,0.0,0.0,901.1,901.1,901.1,15164.05,745.85,300,0,0,0.0,0,F1,50,,,,,
2026-02-18,2026-02-18,FO,NSE,STO,140408,,MARUTI,,2026-03-30,2026-03-30,14300.0,CE,MARUTI26MAR14300CE,0.0,0.0,0.0,1294.7,0.0,1294.7,15164.05,1046.4,0,0,0,0.0,0,F1,50,,,,,
2026-02-18,2026-02-18,FO,NSE,STO,140406,,MARUTI,,2026-03-30,2026-03-30,14100.0,CE,MARUTI26MAR14100CE,0.0,0.0,0.0,1448.0,0.0,1448.0,15164.05,1213.5,0,0,0,0.0,0,F1,50,,,,,
2026-02-18,2026-02-18,FO,NSE,STO,136998,,MARUTI,,2026-03-30,2026-03-30,14000.0,CE,MARUTI26MAR14000CE,0.0,0.0,0.0,1300.0,1300.0,1300.0,15164.05,1300.5,650,0,0,0.0,0,F1,50,,,,,
2026-02-18,2026-02-18,FO,NSE,STO,136980,,MARUTI,,2026-03-30,2026-03-30,12400.0,CE,MARUTI26MAR12400CE,0.0,0.0,0.0,4433.5,0.0,4433.5,15164.05,2838.95,0,0,0,0.0,0,F1,50,,,,,
2026-02-18,2026-02-18,FO,NSE,STO,136716,,MARUTI,,2026-02-24,2026-02-24,17300.0,CE,MARUTI26FEB17300CE,1.05,2.2,1.0,1.7,1.7,3.75,15164.05,1.7,8100,-3100,83,71802385.0,46,F1,50,,,,,
2026-02-18,2026-02-18,FO,NSE,STO,117188,,MARUTI,,2026-02-24,2026-02-24,15400.0,CE,MARUTI26FEB15400CE,86.0,98.3,48.3,58.05,61.35,82.75,15164.05,58.05,171350,3550,5905,4564436242.5,4829,F1,50,,,,,
2026-02-18,2026-02-18,FO,NSE,STO,137003,,MARUTI,,2026-03-30,2026-03-30,14400.0,PE,MARUTI26MAR14400PE,0.0,0.0,0.0,120.0,120.0,120.0,15164.05,116.15,1400,0,0,0.0,0,F1,50,,,,,
2026-02-18,2026-02-18,FO,NSE,STO,136999,,MARUTI,,2026-03-30,2026-03-30,14000.0,PE,MARUTI26MAR14000PE,69.95,79.0,57.55,58.6,57.95,72.45,15164.05,58.6,13950,3050,209,147000062.5,150,F1,50,,,,,
2026-02-18,2026-02-18,FO,NSE,STO,140369,,MARUTI,,2026-03-30,2026-03-30,13100.0,PE,MARUTI26MAR13100PE,0.0,0.0,0.0,54.0,54.0,54.0,15164.05,4.85,700,0,0,0.0,0,F1,50,,,,,
2026-02-18,2026-02-18,FO,NSE,STO,136987,,MARUTI,,2026-03-30,2026-03-30,12800.0,PE,MARUTI26MAR12800PE,0.0,0.0,0.0,15.0,15.0,15.0,15164.05,1.75,1300,0,0,0.0,0,F1,50,,,,,
2026-02-18,2026-02-18,FO,NSE,STO,136595,,MARUTI,,2026-02-24,2026-02-24,13900.0,PE,MARUTI26FEB13900PE,6.3,6.4,2.7,3.45,2.7,6.35,15164.05,3.45,11900,-700,102,70914525.0,82,F1,50,,,,,
2026-02-18,2026-02-18,FO,NSE,STO,117150,,MARUTI,,2026-02-24,2026-02-24,13200.0,PE,MARUTI26FEB13200PE,2.5,4.25,1.1,1.45,1.6,3.45,15164.05,1.45,19900,-4100,1090,719544400.0,706,F1,50,,,,,
2026-02-18,2026-02-18,FO,NSE,STO,140743,,MARUTI,,2026-04-28,2026-04-28,16800.0,CE,MARUTI26APR16800CE,0.0,0.0,0.0,295.35,0.0,295.35,15164.05,118.3,0,0,0,0.0,0,F1,50,,,,,
2026-02-18,2026-02-18,FO,NSE,STO,140628,,MARUTI,,2026-04-28,2026-04-28,14600.0,CE,MARUTI26APR14600CE,0.0,0.0,0.0,1239.95,0.0,1239.95,15164.05,969.6,0,0,0,0.0,0,F1,50,,,,,
2026-02-18,2026-02-18,FO,NSE,STO,140443,,MARUTI,,2026-03-30,2026-03-30,16300.0,CE,MARUTI26MAR16300CE,105.8,105.8,83.05,86.5,88.0,105.8,15164.05,86.5,950,250,9,7374852.5,8,F1,50,,,,,
2026-02-18,2026-02-18,FO,NSE,STO,137010,,MARUTI,,2026-03-30,2026-03-30,15200.0,CE,MARUTI26MAR15200CE,452.05,458.05,407.0,434.05,431.7,451.8,15164.05,434.05,12450,2150,213,166462957.5,162,F1,50,,,,,
2026-02-18,2026-02-18,FO,NSE,STO,137000,,MARUTI,,2026-03-30,2026-03-30,14200.0,CE,MARUTI26MAR14200CE,0.0,0.0,0.0,535.0,535.0,535.0,15164.05,1128.75,50,0,0,0.0,0,F1,50,,,,,
2026-02-18,2026-02-18,FO,NSE,STO,140400,,MARUTI,,2026-03-30,2026-03-30,13500.0,CE,MARUTI26MAR13500CE,0.0,0.0,0.0,1951.6,0.0,1951.6,15164.05,1760.75,0,0,0,0.0,0,F1,50,,,,,
2026-02-18,2026-02-18,FO,NSE,STO,136992,,MARUTI,,2026-03-30,2026-03-30,13400.0,CE,MARUTI26MAR13400CE,0.0,0.0,0.0,3464.4,0.0,3464.4,15164.05,1856.4,0,0,0,0.0,0,F1,50,,,,,
2026-02-18,2026-02-18,FO,NSE,STO,136990,,MARUTI,,2026-03-30,2026-03-30,13200.0,CE,MARUTI26MAR13200CE,0.0,0.0,0.0,3656.0,0.0,3656.0,15164.05,2049.95,0,0,0,0.0,0,F1,50,,,,,
2026-02-18,2026-02-18,FO,NSE,STO,136988,,MARUTI,,2026-03-30,2026-03-30,13000.0,CE,MARUTI26MAR13000CE,0.0,0.0,0.0,3849.0,0.0,3849.0,15164.05,2245.65,0,0,0,0.0,0,F1,50,,,,,
2026-02-18,2026-02-18,FO,NSE,STO,117214,,MARUTI,,2026-02-24,2026-02-24,18000.0,CE,MARUTI26FEB18000CE,1.2,1.35,0.5,0.55,0.55,1.65,15164.05,0.55,31850,-5050,218,196207887.5,64,F1,50,,,,,
2026-02-18,2026-02-18,FO,NSE,STO,117192,,MARUTI,,2026-02-24,2026-02-24,15800.0,CE,MARUTI26FEB15800CE,25.6,25.65,13.05,16.05,17.25,25.8,15164.05,16.05,95050,500,2843,2248404165.0,1862,F1,50,,,,,
2026-02-18,2026-02-18,FO,NSE,STO,117190,,MARUTI,,2026-02-24,2026-02-24,15600.0,CE,MARUTI26FEB15600CE,45.0,51.05,22.85,28.3,30.4,44.0,15164.05,28.3,93500,6750,4266,3333885402.5,3157,F1,50,,,,,
2026-02-18,2026-02-18,FO,NSE,STO,140442,,MARUTI,,2026-03-30,2026-03-30,16100.0,PE,MARUTI26MAR16100PE,0.0,0.0,0.0,1031.35,0.0,1031.35,15164.05,974.7,0,0,0,0.0,0,F1,50,,,,,
2026-02-18,2026-02-18,FO,NSE,STO,140744,,MARUTI,,2026-04-28,2026-04-28,16800.0,PE,MARUTI26APR16800PE,0.0,0.0,0.0,1593.05,0.0,1593.05,15164.05,1580.45,0,0,0,0.0,0,F1,50,,,,,
2026-02-18,2026-02-18,FO,NSE,STO,140672,,MARUTI,,2026-04-28,2026-04-28,16200.0,PE,MARUTI26APR16200PE,0.0,0.0,0.0,1167.85,0.0,1167.85,15164.05,1103.8,0,0,0,0.0,0,F1,50,,,,,
2026-02-18,2026-02-18,FO,NSE,STO,140633,,MARUTI,,2026-04-28,2026-04-28,14600.0,PE,MARUTI26APR14600PE,0.0,0.0,0.0,371.35,0.0,371.35,15164.05,254.55,0,0,0,0.0,0,F1,50,,,,,
2026-02-18,2026-02-18,FO,NSE,STO,140619,,MARUTI,,2026-04-28,2026-04-28,13600.0,PE,MARUTI26APR13600PE,0.0,0.0,0.0,131.25,0.0,131.25,15164.05,58.2,0,0,0,0.0,0,F1,50,,,,,
2026-02-18,2026-02-18,FO,NSE,STO,137017,,MARUTI,,2026-03-30,2026-03-30,15800.0,PE,MARUTI26MAR15800PE,765.0,765.0,755.0,764.05,764.05,352.55,15164.05,751.15,700,700,16,13248705.0,8,F1,50,,,,,
2026-02-18,2026-02-18,FO,NSE,STO,140639,,MARUTI,,2026-04-28,2026-04-28,15200.0,PE,MARUTI26APR15200PE,0.0,0.0,0.0,608.35,0.0,608.35,15164.05,490.55,0,0,0,0.0,0,F1,50,,,,,
2026-02-18,2026-02-18,FO,NSE,STO,140617,,MARUTI,,2026-04-28,2026-04-28,13400.0,PE,MARUTI26APR13400PE,0.0,0.0,0.0,102.5,0.0,102.5,15164.05,40.45,0,0,0,0.0,0,F1,50,,,,,
2026-02-18,2026-02-18,FO,NSE,STO,137031,,MARUTI,,2026-03-30,2026-03-30,17200.0,PE,MARUTI26MAR17200PE,0.0,0.0,0.0,967.6,0.0,967.6,15164.05,1951.65,0,0,0,0.0,0,F1,50,,,,,
2026-02-18,2026-02-18,FO,NSE,STO,140450,,MARUTI,,2026-03-30,2026-03-30,16900.0,PE,MARUTI26MAR16900PE,0.0,0.0,0.0,1636.75,0.0,1636.75,15164.05,1668.75,0,0,0,0.0,0,F1,50,,,,,
2026-02-18,2026-02-18,FO,NSE,STO,140444,,MARUTI,,2026-03-30,2026-03-30,16300.0,PE,MARUTI26MAR16300PE,0.0,0.0,0.0,1171.4,0.0,1171.4,15164.05,1136.85,0,0,0,0.0,0,F1,50,,,,,
2026-02-18,2026-02-18,FO,NSE,STO,140740,,MARUTI,,2026-04-28,2026-04-28,16400.0,PE,MARUTI26APR16400PE,0.0,0.0,0.0,1302.65,0.0,1302.65,15164.05,1255.25,0,0,0,0.0,0,F1,50,,,,,
2026-02-18,2026-02-18,FO,NSE,STF,51975,,MARUTI,,2026-03-30,2026-03-30,,,MARUTI26MARFUT,15305.0,15305.0,15185.0,15275.0,15291.0,15266.0,15164.05,15275.0,479700,211300,5215,3974368500.0,4645,F1,50,,,,,
2026-02-18,2026-02-18,FO,NSE,STO,136565,,MARUTI,,2026-02-24,2026-02-24,13100.0,CE,MARUTI26FEB13100CE,0.0,0.0,0.0,3670.05,0.0,3670.05,15164.05,2075.9,0,0,0,0.0,0,F1,50,,,,,
2026-02-18,2026-02-18,FO,NSE,STO,117151,,MARUTI,,2026-02-24,2026-02-24,13400.0,CE,MARUTI26FEB13400CE,0.0,0.0,0.0,1557.5,1557.5,1557.5,15164.05,1776.15,50,0,0,0.0,0,F1,50,,,,,
2026-02-18,2026-02-18,FO,NSE,STO,136583,,MARUTI,,2026-02-24,2026-02-24,13500.0,CE,MARUTI26FEB13500CE,0.0,0.0,0.0,1750.0,1750.0,1750.0,15164.05,1676.25,950,0,0,0.0,0,F1,50,,,,,
2026-02-18,2026-02-18,FO,NSE,STO,136596,,MARUTI,,2026-02-24,2026-02-24,14100.0,CE,MARUTI26FEB14100CE,0.0,0.0,0.0,1005.15,1005.15,1005.15,15164.05,1077.15,16150,0,0,0.0,0,F1,50,,,,,
2026-02-18,2026-02-18,FO,NSE,STO,136617,,MARUTI,,2026-02-24,2026-02-24,15700.0,CE,MARUTI26FEB15700CE,35.2,35.45,16.65,21.05,22.6,33.0,15164.05,21.05,134050,-150,3903,3067983645.0,2908,F1,50,,,,,
2026-02-18,2026-02-18,FO,NSE,STO,117198,,MARUTI,,2026-02-24,2026-02-24,16400.0,CE,MARUTI26FEB16400CE,7.15,7.3,4.55,5.4,5.5,8.8,15164.05,5.4,17950,50,282,231317565.0,237,F1,50,,,,,
2026-02-18,2026-02-18,FO,NSE,STO,136629,,MARUTI,,2026-02-24,2026-02-24,16500.0,CE,MARUTI26FEB16500CE,6.05,6.55,4.05,4.8,4.95,7.85,15164.05,4.8,141400,-43300,2824,2330517095.0,1659,F1,50,,,,,
2026-02-18,2026-02-18,FO,NSE,STO,117206,,MARUTI,,2026-02-24,2026-02-24,17200.0,CE,MARUTI26FEB17200CE,2.75,2.9,1.25,1.8,1.8,2.9,15164.05,1.8,33500,-1950,190,163416497.5,144,F1,50,,,,,
2026-02-18,2026-02-18,FO,NSE,STO,117208,,MARUTI,,2026-02-24,2026-02-24,17400.0,CE,MARUTI26FEB17400CE,0.0,0.0,0.0,3.1,3.1,3.1,15164.05,0.05,4150,0,0,0.0,0,F1,50,,,,,
2026-02-18,2026-02-18,FO,NSE,STO,136728,,MARUTI,,2026-02-24,2026-02-24,18500.0,CE,MARUTI26FEB18500CE,1.15,1.15,0.55,0.55,0.55,1.15,15164.05,0.55,6150,100,3,2775142.5,3,F1,50,,,,,
2026-02-18,2026-02-18,FO,NSE,STO,117236,,MARUTI,,2026-02-24,2026-02-24,19000.0,CE,MARUTI26FEB19000CE,0.95,0.95,0.95,0.95,0.95,0.95,15164.05,0.05,3350,0,2,1900095.0,2,F1,50,,,,,
2026-02-18,2026-02-18,FO,NSE,STO,136986,,MARUTI,,2026-03-30,2026-03-30,12800.0,CE,MARUTI26MAR12800CE,0.0,0.0,0.0,4043.05,0.0,4043.05,15164.05,2442.75,0,0,0,0.0,0,F1,50,,,,,
2026-02-18,2026-02-18,FO,NSE,STO,136996,,MARUTI,,2026-03-30,2026-03-30,13800.0,CE,MARUTI26MAR13800CE,0.0,0.0,0.0,3086.85,0.0,3086.85,15164.05,1480.2,0,0,0,0.0,0,F1,50,,,,,
2026-02-18,2026-02-18,FO,NSE,STO,137022,,MARUTI,,2026-03-30,2026-03-30,16400.0,CE,MARUTI26MAR16400CE,0.0,0.0,0.0,104.05,104.05,104.05,15164.05,83.85,1100,0,0,0.0,0,F1,50,,,,,
2026-02-18,2026-02-18,FO,NSE,STO,137038,,MARUTI,,2026-03-30,2026-03-30,18000.0,CE,MARUTI26MAR18000CE,15.0,15.0,8.05,12.6,12.65,17.45,15164.05,12.6,1900,300,13,11708077.5,13,F1,50,,,,,
2026-02-18,2026-02-18,FO,NSE,STO,140606,,MARUTI,,2026-04-28,2026-04-28,12400.0,CE,MARUTI26APR12400CE,0.0,0.0,0.0,3058.35,0.0,3058.35,15164.05,2896.6,0,0,0,0.0,0,F1,50,,,,,
2026-02-18,2026-02-18,FO,NSE,STO,117213,,MARUTI,,2026-02-24,2026-02-24,17800.0,PE,MARUTI26FEB17800PE,0.0,0.0,0.0,1899.05,0.0,1899.05,15164.05,2619.85,0,0,0,0.0,0,F1,50,,,,,
2026-02-18,2026-02-18,FO,NSE,STO,140378,,MARUTI,,2026-03-30,2026-03-30,13300.0,PE,MARUTI26MAR13300PE,17.8,17.8,17.8,17.8,17.8,35.0,15164.05,8.9,850,50,1,665890.0,1,F1,50,,,,,
2026-02-18,2026-02-18,FO,NSE,STO,140411,,MARUTI,,2026-03-30,2026-03-30,14500.0,PE,MARUTI26MAR14500PE,150.0,162.15,123.6,125.4,123.6,150.0,15164.05,125.4,9500,3400,210,153757527.5,177,F1,50,,,,,
2026-02-18,2026-02-18,FO,NSE,STO,140425,,MARUTI,,2026-03-30,2026-03-30,15500.0,PE,MARUTI26MAR15500PE,580.0,580.0,495.0,495.0,495.0,544.4,15164.05,495.0,6300,350,14,11213235.0,9,F1,50,,,,,
2026-02-18,2026-02-18,FO,NSE,STO,137035,,MARUTI,,2026-03-30,2026-03-30,17600.0,PE,MARUTI26MAR17600PE,0.0,0.0,0.0,1211.45,0.0,1211.45,15164.05,2338.35,0,0,0,0.0,0,F1,50,,,,,
2026-02-18,2026-02-18,FO,NSE,STO,140653,,MARUTI,,2026-04-28,2026-04-28,16000.0,PE,MARUTI26APR16000PE,0.0,0.0,0.0,1040.2,0.0,1040.2,15164.05,960.95,0,0,0,0.0,0,F1,50,,,,,
2026-02-18,2026-02-18,FO,NSE,STO,140742,,MARUTI,,2026-04-28,2026-04-28,16600.0,PE,MARUTI26APR16600PE,0.0,0.0,0.0,1444.3,0.0,1444.3,15164.05,1414.45,0,0,0,0.0,0,F1,50,,,,,
2026-02-18,2026-02-18,FO,NSE,STO,117194,,MARUTI,,2026-02-24,2026-02-24,16000.0,CE,MARUTI26FEB16000CE,18.05,18.05,8.45,10.55,11.2,17.5,15164.05,10.55,275400,-34000,5503,4405544105.0,3627,F1,50,,,,,
2026-02-18,2026-02-18,FO,NSE,STF,66897,,MARUTI,,2026-04-28,2026-04-28,,,MARUTI26APRFUT,15300.0,15394.0,15290.0,15384.0,15394.0,15361.0,15164.05,15384.0,18650,400,35,26831600.0,32,F1,50,,,,,
2026-02-18,2026-02-18,FO,NSE,STO,117147,,MARUTI,,2026-02-24,2026-02-24,13000.0,CE,MARUTI26FEB13000CE,2169.0,2169.0,2169.0,2169.0,2169.0,2007.25,15164.05,2175.8,150,0,1,758450.0,1,F1,50,,,,,
2026-02-18,2026-02-18,FO,NSE,STO,117170,,MARUTI,,2026-02-24,2026-02-24,13800.0,CE,MARUTI26FEB13800CE,0.0,0.0,0.0,1318.4,1317.35,1318.4,15164.05,1376.55,2300,0,0,0.0,0,F1,50,,,,,
2026-02-18,2026-02-18,FO,NSE,STO,117178,,MARUTI,,2026-02-24,2026-02-24,14400.0,CE,MARUTI26FEB14400CE,781.0,781.0,750.85,750.85,750.85,757.7,15164.05,780.85,24400,-50,2,1516592.5,2,F1,50,,,,,
2026-02-18,2026-02-18,FO,NSE,STO,66001,,MARUTI,,2026-03-30,2026-03-30,11800.0,PE,MARUTI26MAR11800PE,0.0,0.0,0.0,1.2,0.0,1.2,15164.05,0.05,0,0,0,0.0,0,F1,50,,,,,
2026-02-18,2026-02-18,FO,NSE,STO,117237,,MARUTI,,2026-02-24,2026-02-24,19000.0,PE,MARUTI26FEB19000PE,0.0,0.0,0.0,4005.0,4005.0,4005.0,15164.05,3818.8,1500,0,0,0.0,0,F1,50,,,,,
2026-02-18,2026-02-18,FO,NSE,STO,136612,,MARUTI,,2026-02-24,2026-02-24,15100.0,PE,MARUTI26FEB15100PE,145.0,169.9,89.25,97.85,94.2,144.2,15164.05,97.85,101700,13050,6089,4636858372.5,4624,F1,50,,,,,
2026-02-18,2026-02-18,FO,NSE,STO,117179,,MARUTI,,2026-02-24,2026-02-24,14400.0,PE,MARUTI26FEB14400PE,13.55,15.3,6.6,6.9,7.4,13.5,15164.05,6.9,50250,-2400,980,706056935.0,640,F1,50,,,,,
2026-02-18,2026-02-18,FO,NSE,STO,136599,,MARUTI,,2026-02-24,2026-02-24,14300.0,PE,MARUTI26FEB14300PE,9.75,11.1,4.6,5.2,4.8,9.5,15164.05,5.2,44950,4500,408,291869490.0,377,F1,50,,,,,
2026-02-18,2026-02-18,FO,NSE,STO,117146,,MARUTI,,2026-02-24,2026-02-24,12800.0,PE,MARUTI26FEB12800PE,0.6,1.85,0.3,0.4,0.3,1.1,15164.05,0.4,41150,-250,260,166409065.0,123,F1,50,,,,,
2026-02-18,2026-02-18,FO,NSE,STO,140747,,MARUTI,,2026-04-28,2026-04-28,17200.0,CE,MARUTI26APR17200CE,0.0,0.0,0.0,214.0,0.0,214.0,15164.05,71.3,0,0,0,0.0,0,F1,50,,,,,
2026-02-18,2026-02-18,FO,NSE,STO,140618,,MARUTI,,2026-04-28,2026-04-28,13600.0,CE,MARUTI26APR13600CE,0.0,0.0,0.0,1984.5,0.0,1984.5,15164.05,1762.95,0,0,0,0.0,0,F1,50,,,,,
2026-02-18,2026-02-18,FO,NSE,STO,140616,,MARUTI,,2026-04-28,2026-04-28,13400.0,CE,MARUTI26APR13400CE,0.0,0.0,0.0,2152.7,0.0,2152.7,15164.05,1943.1,0,0,0,0.0,0,F1,50,,,,,
2026-02-18,2026-02-18,FO,NSE,STO,140614,,MARUTI,,2026-04-28,2026-04-28,13200.0,CE,MARUTI26APR13200CE,0.0,0.0,0.0,2326.05,0.0,2326.05,15164.05,2127.95,0,0,0,0.0,0,F1,50,,,,,
2026-02-18,2026-02-18,FO,NSE,STO,137034,,MARUTI,,2026-03-30,2026-03-30,17600.0,CE,MARUTI26MAR17600CE,0.0,0.0,0.0,519.05,0.0,519.05,15164.05,8.15,0,0,0,0.0,0,F1,50,,,,,
2026-02-18,2026-02-18,FO,NSE,STO,137020,,MARUTI,,2026-03-30,2026-03-30,16200.0,CE,MARUTI26MAR16200CE,125.0,125.0,95.6,102.45,102.15,123.0,15164.05,102.45,4150,3100,99,80694392.5,62,F1,50,,,,,
2026-02-18,2026-02-18,FO,NSE,STO,140420,,MARUTI,,2026-03-30,2026-03-30,15500.0,CE,MARUTI26MAR15500CE,308.95,317.2,272.6,291.45,295.0,311.55,15164.05,291.45,15750,4850,423,333964575.0,301,F1,50,,,,,
2026-02-18,2026-02-18,FO,NSE,STO,136994,,MARUTI,,2026-03-30,2026-03-30,13600.0,CE,MARUTI26MAR13600CE,0.0,0.0,0.0,3274.6,0.0,3274.6,15164.05,1666.0,0,0,0,0.0,0,F1,50,,,,,
2026-02-18,2026-02-18,FO,NSE,STO,117196,,MARUTI,,2026-02-24,2026-02-24,16200.0,CE,MARUTI26FEB16200CE,8.3,9.85,5.15,6.9,7.25,11.7,15164.05,6.9,60300,10450,1615,1308749222.5,1175,F1,50,,,,,
2026-02-18,2026-02-18,FO,NSE,STO,136594,,MARUTI,,2026-02-24,2026-02-24,13900.0,CE,MARUTI26FEB13900CE,0.0,0.0,0.0,1400.55,1400.55,1400.55,15164.05,1276.65,350,0,0,0.0,0,F1,50,,,,,
2026-02-18,2026-02-18,FO,NSE,STO,140643,,MARUTI,,2026-04-28,2026-04-28,15600.0,PE,MARUTI26APR15600PE,0.0,0.0,0.0,808.0,0.0,808.0,15164.05,704.3,0,0,0,0.0,0,F1,50,,,,,
2026-02-18,2026-02-18,FO,NSE,STO,140635,,MARUTI,,2026-04-28,2026-04-28,14800.0,PE,MARUTI26APR14800PE,0.0,0.0,0.0,442.05,0.0,442.05,15164.05,322.05,0,0,0,0.0,0,F1,50,,,,,
2026-02-18,2026-02-18,FO,NSE,STO,140607,,MARUTI,,2026-04-28,2026-04-28,12400.0,PE,MARUTI26APR12400PE,0.0,0.0,0.0,23.45,0.0,23.45,15164.05,4.25,0,0,0,0.0,0,F1,50,,,,,
2026-02-18,2026-02-18,FO,NSE,STO,140438,,MARUTI,,2026-03-30,2026-03-30,15700.0,PE,MARUTI26MAR15700PE,0.0,0.0,0.0,777.65,0.0,777.65,15164.05,682.6,0,0,0,0.0,0,F1,50,,,,,
2026-02-18,2026-02-18,FO,NSE,STO,137013,,MARUTI,,2026-03-30,2026-03-30,15400.0,PE,MARUTI26MAR15400PE,0.0,0.0,0.0,360.0,360.0,360.0,15164.05,497.35,50,0,0,0.0,0,F1,50,,,,,
2026-02-18,2026-02-18,FO,NSE,STO,140401,,MARUTI,,2026-03-30,2026-03-30,13500.0,PE,MARUTI26MAR13500PE,33.15,33.15,26.35,29.65,26.35,33.1,15164.05,29.65,1550,50,3,2029622.5,3,F1,50,,,,,
2026-02-18,2026-02-18,FO,NSE,STO,136615,,MARUTI,,2026-02-24,2026-02-24,15500.0,CE,MARUTI26FEB15500CE,69.15,69.35,32.75,40.65,42.2,61.45,15164.05,40.65,239350,100,9748,7575376262.5,7162,F1,50,,,,,
2026-02-18,2026-02-18,FO,NSE,STO,136724,,MARUTI,,2026-02-24,2026-02-24,18100.0,CE,MARUTI26FEB18100CE,1.0,1.0,0.4,0.4,0.4,1.05,15164.05,0.4,750,-400,11,9955302.5,11,F1,50,,,,,
2026-02-18,2026-02-18,FO,NSE,STO,66000,,MARUTI,,2026-03-30,2026-03-30,11800.0,CE,MARUTI26MAR11800CE,0.0,0.0,0.0,3794.8,0.0,3794.8,15164.05,3435.0,0,0,0,0.0,0,F1,50,,,,,
2026-02-18,2026-02-18,FO,NSE,STO,137002,,MARUTI,,2026-03-30,2026-03-30,14400.0,CE,MARUTI26MAR14400CE,0.0,0.0,0.0,2541.1,0.0,2541.1,15164.05,966.75,0,0,0,0.0,0,F1,50,,,,,
2026-02-18,2026-02-18,FO,NSE,STO,137006,,MARUTI,,2026-03-30,2026-03-30,14800.0,CE,MARUTI26MAR14800CE,670.0,682.0,670.0,676.8,676.8,690.0,15164.05,678.85,450,200,7,5416440.0,6,F1,50,,,,,
2026-02-18,2026-02-18,FO,NSE,STO,137012,,MARUTI,,2026-03-30,2026-03-30,15400.0,CE,MARUTI26MAR15400CE,367.7,367.7,313.5,331.0,331.0,350.2,15164.05,331.0,1750,400,21,16515912.5,20,F1,50,,,,,
2026-02-18,2026-02-18,FO,NSE,STO,140426,,MARUTI,,2026-03-30,2026-03-30,15700.0,CE,MARUTI26MAR15700CE,265.65,265.65,265.65,265.65,265.65,217.1,15164.05,241.0,650,0,1,798282.5,1,F1,50,,,,,
2026-02-18,2026-02-18,FO,NSE,STO,140602,,MARUTI,,2026-04-28,2026-04-28,12000.0,CE,MARUTI26APR12000CE,0.0,0.0,0.0,3440.2,0.0,3440.2,15164.05,3289.55,0,0,0,0.0,0,F1,50,,,,,
2026-02-18,2026-02-18,FO,NSE,STO,136544,,MARUTI,,2026-02-24,2026-02-24,11800.0,PE,MARUTI26FEB11800PE,0.5,0.5,0.5,0.5,0.5,0.5,15164.05,0.05,400,-50,1,590025.0,1,F1,50,,,,,
2026-02-18,2026-02-18,FO,NSE,STO,136584,,MARUTI,,2026-02-24,2026-02-24,13500.0,PE,MARUTI26FEB13500PE,3.0,4.15,1.6,1.85,1.6,4.0,15164.05,1.85,44200,-2250,586,395630355.0,496,F1,50,,,,,
2026-02-18,2026-02-18,FO,NSE,STO,136665,,MARUTI,,2026-02-24,2026-02-24,16700.0,PE,MARUTI26FEB16700PE,0.0,0.0,0.0,1328.05,1328.05,1328.05,15164.05,1520.9,1100,0,0,0.0,0,F1,50,,,,,
2026-02-18,2026-02-18,FO,NSE,STO,117203,,MARUTI,,2026-02-24,2026-02-24,16800.0,PE,MARUTI26FEB16800PE,0.0,0.0,0.0,2164.0,2164.0,2164.0,15164.05,1620.8,1600,0,0,0.0,0,F1,50,,,,,
2026-02-18,2026-02-18,FO,NSE,STO,140407,,MARUTI,,2026-03-30,2026-03-30,14100.0,PE,MARUTI26MAR14100PE,72.0,72.0,72.0,72.0,72.0,89.35,15164.05,64.75,300,-100,2,1417200.0,1,F1,50,,,,,
2026-02-18,2026-02-18,FO,NSE,STO,137011,,MARUTI,,2026-03-30,2026-03-30,15200.0,PE,MARUTI26MAR15200PE,390.0,412.0,341.0,350.85,345.0,385.0,15164.05,350.85,3750,2550,92,71606940.0,63,F1,50,,,,,
2026-02-18,2026-02-18,FO,NSE,STO,140440,,MARUTI,,2026-03-30,2026-03-30,15900.0,PE,MARUTI26MAR15900PE,0.0,0.0,0.0,899.9,0.0,899.9,15164.05,822.75,0,0,0,0.0,0,F1,50,,,,,
2026-02-18,2026-02-18,FO,NSE,STO,137023,,MARUTI,,2026-03-30,2026-03-30,16400.0,PE,MARUTI26MAR16400PE,0.0,0.0,0.0,569.85,0.0,569.85,15164.05,1221.25,0,0,0,0.0,0,F1,50,,,,,
2026-02-18,2026-02-18,FO,NSE,STO,137025,,MARUTI,,2026-03-30,2026-03-30,16600.0,PE,MARUTI26MAR16600PE,0.0,0.0,0.0,1570.0,1570.0,1570.0,15164.05,1395.7,250,0,0,0.0,0,F1,50,,,,,
2026-02-18,2026-02-18,FO,NSE,STO,140448,,MARUTI,,2026-03-30,2026-03-30,16700.0,PE,MARUTI26MAR16700PE,0.0,0.0,0.0,1474.95,0.0,1474.95,15164.05,1485.35,0,0,0,0.0,0,F1,50,,,,,
2026-02-18,2026-02-18,FO,NSE,STO,140623,,MARUTI,,2026-04-28,2026-04-28,14000.0,PE,MARUTI26APR14000PE,0.0,0.0,0.0,124.55,124.55,124.55,15164.05,112.1,150,0,0,0.0,0,F1,50,,,,,
2026-02-18,2026-02-18,FO,NSE,STO,140627,,MARUTI,,2026-04-28,2026-04-28,14400.0,PE,MARUTI26APR14400PE,0.0,0.0,0.0,308.65,0.0,308.65,15164.05,197.55,0,0,0,0.0,0,F1,50,,,,,
2026-02-18,2026-02-18,FO,NSE,STO,136666,,MARUTI,,2026-02-24,2026-02-24,16900.0,CE,MARUTI26FEB16900CE,6.15,6.15,2.75,3.65,3.65,4.7,15164.05,3.65,22350,250,54,45638277.5,32,F1,50,,,,,
2026-02-18,2026-02-18,FO,NSE,STO,117145,,MARUTI,,2026-02-24,2026-02-24,12800.0,CE,MARUTI26FEB12800CE,0.0,0.0,0.0,3304.1,0.0,3304.1,15164.05,2375.6,0,0,0,0.0,0,F1,50,,,,,
2026-02-18,2026-02-18,FO,NSE,STO,117160,,MARUTI,,2026-02-24,2026-02-24,13600.0,CE,MARUTI26FEB13600CE,0.0,0.0,0.0,1413.6,1413.6,1413.6,15164.05,1576.35,150,0,0,0.0,0,F1,50,,,,,
2026-02-18,2026-02-18,FO,NSE,STO,117186,,MARUTI,,2026-02-24,2026-02-24,15200.0,CE,MARUTI26FEB15200CE,150.0,165.45,104.2,124.3,128.05,153.95,15164.05,124.3,138150,-700,16024,12276210265.0,12213,F1,50,,,,,
2026-02-18,2026-02-18,FO,NSE,STO,50952,,MARUTI,,2026-03-30,2026-03-30,12200.0,CE,MARUTI26MAR12200CE,0.0,0.0,0.0,3804.35,0.0,3804.35,15164.05,3037.5,0,0,0,0.0,0,F1,50,,,,,
2026-02-18,2026-02-18,FO,NSE,STO,140416,,MARUTI,,2026-03-30,2026-03-30,15100.0,CE,MARUTI26MAR15100CE,523.0,523.0,458.0,480.1,483.6,505.0,15164.05,480.1,1950,900,80,62309882.5,71,F1,50,,,,,
2026-02-18,2026-02-18,FO,NSE,STO,137024,,MARUTI,,2026-03-30,2026-03-30,16600.0,CE,MARUTI26MAR16600CE,63.65,63.65,58.55,58.55,58.55,100.0,15164.05,59.5,800,-450,18,14995125.0,18,F1,50,,,,,
2026-02-18,2026-02-18,FO,NSE,STO,137030,,MARUTI,,2026-03-30,2026-03-30,17200.0,CE,MARUTI26MAR17200CE,0.0,0.0,0.0,41.15,41.15,41.15,15164.05,19.05,550,0,0,0.0,0,F1,50,,,,,
2026-02-18,2026-02-18,FO,NSE,STO,140622,,MARUTI,,2026-04-28,2026-04-28,14000.0,CE,MARUTI26APR14000CE,0.0,0.0,0.0,1665.85,0.0,1665.85,15164.05,1420.95,0,0,0,0.0,0,F1,50,,,,,
2026-02-18,2026-02-18,FO,NSE,STO,136608,,MARUTI,,2026-02-24,2026-02-24,14700.0,PE,MARUTI26FEB14700PE,35.05,42.25,16.15,17.45,18.2,35.5,15164.05,17.45,48450,-2000,2123,1563147317.5,1816,F1,50,,,,,
2026-02-18,2026-02-18,FO,NSE,STO,140403,,MARUTI,,2026-03-30,2026-03-30,13700.0,PE,MARUTI26MAR13700PE,0.0,0.0,0.0,64.0,64.0,64.0,15164.05,26.05,150,0,0,0.0,0,F1,50,,,,,
2026-02-18,2026-02-18,FO,NSE,STO,137009,,MARUTI,,2026-03-30,2026-03-30,15000.0,PE,MARUTI26MAR15000PE,295.55,324.0,256.95,264.15,261.95,295.55,15164.05,264.15,21100,5200,582,444918280.0,430,F1,50,,,,,
2026-02-18,2026-02-18,FO,NSE,STO,140446,,MARUTI,,2026-03-30,2026-03-30,16500.0,PE,MARUTI26MAR16500PE,1280.0,1280.0,1280.0,1280.0,1280.0,1320.2,15164.05,1307.6,50,50,1,889000.0,1,F1,50,,,,,
2026-02-18,2026-02-18,FO,NSE,STO,137033,,MARUTI,,2026-03-30,2026-03-30,17400.0,PE,MARUTI26MAR17400PE,0.0,0.0,0.0,1085.95,0.0,1085.95,15164.05,2144.0,0,0,0,0.0,0,F1,50,,,,,
2026-02-18,2026-02-18,FO,NSE,STO,140611,,MARUTI,,2026-04-28,2026-04-28,12800.0,PE,MARUTI26APR12800PE,0.0,0.0,0.0,44.55,0.0,44.55,15164.05,11.5,0,0,0,0.0,0,F1,50,,,,,
2026-02-18,2026-02-18,FO,NSE,STO,140621,,MARUTI,,2026-04-28,2026-04-28,13800.0,PE,MARUTI26APR13800PE,0.0,0.0,0.0,165.7,0.0,165.7,15164.05,81.75,0,0,0,0.0,0,F1,50,,,,,
2026-02-18,2026-02-18,FO,NSE,STO,136711,,MARUTI,,2026-02-24,2026-02-24,17100.0,CE,MARUTI26FEB17100CE,3.05,3.5,1.35,2.8,2.8,3.05,15164.05,0.05,5950,-150,15,12826577.5,13,F1,50,,,,,
2026-02-18,2026-02-18,FO,NSE,STO,136543,,MARUTI,,2026-02-24,2026-02-24,11800.0,CE,MARUTI26FEB11800CE,0.0,0.0,0.0,4956.1,0.0,4956.1,15164.05,3374.7,0,0,0,0.0,0,F1,50,,,,,
2026-02-18,2026-02-18,FO,NSE,STO,117132,,MARUTI,,2026-02-24,2026-02-24,12000.0,CE,MARUTI26FEB12000CE,0.0,0.0,0.0,4075.0,0.0,4075.0,15164.05,3174.9,0,0,0,0.0,0,F1,50,,,,,
2026-02-18,2026-02-18,FO,NSE,STO,117139,,MARUTI,,2026-02-24,2026-02-24,12400.0,CE,MARUTI26FEB12400CE,0.0,0.0,0.0,3687.0,0.0,3687.0,15164.05,2775.25,0,0,0,0.0,0,F1,50,,,,,
2026-02-18,2026-02-18,FO,NSE,STO,117172,,MARUTI,,2026-02-24,2026-02-24,14000.0,CE,MARUTI26FEB14000CE,0.0,0.0,0.0,1018.85,1018.85,1018.85,15164.05,1176.85,14100,0,0,0.0,0,F1,50,,,,,
2026-02-18,2026-02-18,FO,NSE,STO,117174,,MARUTI,,2026-02-24,2026-02-24,14200.0,CE,MARUTI26FEB14200CE,930.0,930.0,915.45,915.45,915.45,1161.75,15164.05,977.75,18350,50,2,1512272.5,2,F1,50,,,,,
2026-02-18,2026-02-18,FO,NSE,STO,136600,,MARUTI,,2026-02-24,2026-02-24,14500.0,CE,MARUTI26FEB14500CE,621.05,699.0,610.4,699.0,699.0,670.0,15164.05,699.0,53950,-800,34,25723550.0,23,F1,50,,,,,
2026-02-18,2026-02-18,FO,NSE,STO,136607,,MARUTI,,2026-02-24,2026-02-24,14700.0,CE,MARUTI26FEB14700CE,482.75,499.6,426.6,484.8,498.0,490.0,15164.05,484.8,33800,-600,56,42442197.5,55,F1,50,,,,,
2026-02-18,2026-02-18,FO,NSE,STO,136979,,MARUTI,,2026-03-30,2026-03-30,12000.0,PE,MARUTI26MAR12000PE,0.0,0.0,0.0,1.2,0.0,1.2,15164.05,0.05,0,0,0,0.0,0,F1,50,,,,,
2026-02-18,2026-02-18,FO,NSE,STO,137005,,MARUTI,,2026-03-30,2026-03-30,14600.0,PE,MARUTI26MAR14600PE,162.35,162.4,142.9,151.5,142.9,171.9,15164.05,151.5,350,100,8,5902235.0,8,F1,50,,,,,
2026-02-18,2026-02-18,FO,NSE,STO,137015,,MARUTI,,2026-03-30,2026-03-30,15600.0,PE,MARUTI26MAR15600PE,0.0,0.0,0.0,610.0,610.0,610.0,15164.05,617.4,250,0,0,0.0,0,F1,50,,,,,
2026-02-18,2026-02-18,FO,NSE,STO,137029,,MARUTI,,2026-03-30,2026-03-30,17000.0,PE,MARUTI26MAR17000PE,1740.0,1740.0,1740.0,1740.0,1740.0,856.6,15164.05,1762.15,50,50,1,937000.0,1,F1,50,,,,,
2026-02-18,2026-02-18,FO,NSE,STO,136609,,MARUTI,,2026-02-24,2026-02-24,14900.0,CE,MARUTI26FEB14900CE,320.9,327.8,261.0,310.2,327.05,329.1,15164.05,310.2,167750,-400,322,244637352.5,278,F1,50,,,,,
2026-02-18,2026-02-18,FO,NSE,STO,117149,,MARUTI,,2026-02-24,2026-02-24,13200.0,CE,MARUTI26FEB13200CE,0.0,0.0,0.0,2929.25,0.0,2929.25,15164.05,1976.0,0,0,0,0.0,0,F1,50,,,,,
2026-02-18,2026-02-18,FO,NSE,STO,136991,,MARUTI,,2026-03-30,2026-03-30,13200.0,PE,MARUTI26MAR13200PE,0.0,0.0,0.0,25.25,25.25,25.25,15164.05,6.6,750,0,0,0.0,0,F1,50,,,,,
2026-02-18,2026-02-18,FO,NSE,STO,117184,,MARUTI,,2026-02-24,2026-02-24,15000.0,CE,MARUTI26FEB15000CE,259.05,282.9,198.0,238.95,241.5,259.75,15164.05,238.95,132050,-10150,3327,2532754535.0,2768,F1,50,,,,,
2026-02-18,2026-02-18,FO,NSE,STO,117200,,MARUTI,,2026-02-24,2026-02-24,16600.0,CE,MARUTI26FEB16600CE,4.75,5.2,3.4,3.8,3.6,6.4,15164.05,3.8,47700,-3150,296,245739350.0,200,F1,50,,,,,
2026-02-18,2026-02-18,FO,NSE,STO,117210,,MARUTI,,2026-02-24,2026-02-24,17600.0,CE,MARUTI26FEB17600CE,1.0,1.0,1.0,1.0,1.0,3.85,15164.05,0.05,2100,100,2,1760100.0,2,F1,50,,,,,
2026-02-18,2026-02-18,FO,NSE,STO,136978,,MARUTI,,2026-03-30,2026-03-30,12000.0,CE,MARUTI26MAR12000CE,0.0,0.0,0.0,4825.85,0.0,4825.85,15164.05,3236.25,0,0,0,0.0,0,F1,50,,,,,
2026-02-18,2026-02-18,FO,NSE,STO,140368,,MARUTI,,2026-03-30,2026-03-30,13100.0,CE,MARUTI26MAR13100CE,0.0,0.0,0.0,2315.15,0.0,2315.15,15164.05,2147.6,0,0,0,0.0,0,F1,50,,,,,
2026-02-18,2026-02-18,FO,NSE,STO,140439,,MARUTI,,2026-03-30,2026-03-30,15900.0,CE,MARUTI26MAR15900CE,184.3,184.3,153.0,153.0,153.0,184.3,15164.05,182.35,900,50,4,3214745.0,4,F1,50,,,,,
2026-02-18,2026-02-18,FO,NSE,STO,140598,,MARUTI,,2026-04-28,2026-04-28,11600.0,CE,MARUTI26APR11600CE,0.0,0.0,0.0,3827.75,0.0,3827.75,15164.05,3684.4,0,0,0,0.0,0,F1,50,,,,,
2026-02-18,2026-02-18,FO,NSE,STO,140610,,MARUTI,,2026-04-28,2026-04-28,12800.0,CE,MARUTI26APR12800CE,0.0,0.0,0.0,2685.55,0.0,2685.55,15164.05,2507.95,0,0,0,0.0,0,F1,50,,,,,
2026-02-18,2026-02-18,FO,NSE,STO,140638,,MARUTI,,2026-04-28,2026-04-28,15200.0,CE,MARUTI26APR15200CE,0.0,0.0,0.0,886.1,0.0,886.1,15164.05,611.85,0,0,0,0.0,0,F1,50,,,,,
2026-02-18,2026-02-18,FO,NSE,STO,140671,,MARUTI,,2026-04-28,2026-04-28,16200.0,CE,MARUTI26APR16200CE,0.0,0.0,0.0,460.9,0.0,460.9,15164.05,235.4,0,0,0,0.0,0,F1,50,,,,,
2026-02-18,2026-02-18,FO,NSE,STO,140745,,MARUTI,,2026-04-28,2026-04-28,17000.0,CE,MARUTI26APR17000CE,0.0,0.0,0.0,251.75,0.0,251.75,15164.05,92.25,0,0,0,0.0,0,F1,50,,,,,
2026-02-18,2026-02-18,FO,NSE,STO,117195,,MARUTI,,2026-02-24,2026-02-24,16000.0,PE,MARUTI26FEB16000PE,845.0,892.05,829.4,840.0,840.0,873.0,15164.05,840.0,25850,-1300,38,32044787.5,29,F1,50,,,,,
2026-02-18,2026-02-18,FO,NSE,STO,117201,,MARUTI,,2026-02-24,2026-02-24,16600.0,PE,MARUTI26FEB16600PE,0.0,0.0,0.0,1561.55,1561.55,1561.55,15164.05,1421.0,1100,0,0,0.0,0,F1,50,,,,,
2026-02-18,2026-02-18,FO,NSE,STO,117209,,MARUTI,,2026-02-24,2026-02-24,17400.0,PE,MARUTI26FEB17400PE,0.0,0.0,0.0,1593.7,0.0,1593.7,15164.05,2220.25,0,0,0,0.0,0,F1,50,,,,,
2026-02-18,2026-02-18,FO,NSE,STO,140409,,MARUTI,,2026-03-30,2026-03-30,14300.0,PE,MARUTI26MAR14300PE,103.7,103.7,97.65,97.65,97.65,114.95,15164.05,96.4,400,300,7,5039792.5,7,F1,50,,,,,
2026-02-18,2026-02-18,FO,NSE,STO,50953,,MARUTI,,2026-03-30,2026-03-30,12200.0,PE,MARUTI26MAR12200PE,0.0,0.0,0.0,2.65,0.0,2.65,15164.05,0.15,0,0,0,0.0,0,F1,50,,,,,
2026-02-18,2026-02-18,FO,NSE,STO,136622,,MARUTI,,2026-02-24,2026-02-24,16100.0,PE,MARUTI26FEB16100PE,1020.0,1020.0,950.15,958.05,958.05,1051.2,15164.05,923.5,5650,0,7,5971547.5,5,F1,50,,,,,
2026-02-18,2026-02-18,FO,NSE,STO,117180,,MARUTI,,2026-02-24,2026-02-24,14600.0,CE,MARUTI26FEB14600CE,568.35,596.4,513.3,586.15,594.9,577.35,15164.05,586.15,37900,-350,17,12883140.0,17,F1,50,,,,,
2026-02-18,2026-02-18,FO,NSE,STO,136623,,MARUTI,,2026-02-24,2026-02-24,16300.0,CE,MARUTI26FEB16300CE,8.05,8.05,4.95,5.95,5.8,9.65,15164.05,5.95,42550,-6450,1027,837342165.0,791,F1,50,,,,,
2026-02-18,2026-02-18,FO,NSE,STO,117204,,MARUTI,,2026-02-24,2026-02-24,17000.0,CE,MARUTI26FEB17000CE,3.9,4.4,2.3,2.65,2.85,4.35,15164.05,2.65,127150,-15900,1896,1611865182.5,1304,F1,50,,,,,
2026-02-18,2026-02-18,FO,NSE,STO,117212,,MARUTI,,2026-02-24,2026-02-24,17800.0,CE,MARUTI26FEB17800CE,1.0,1.25,0.85,0.95,0.85,3.25,15164.05,0.95,2050,-50,9,8010495.0,9,F1,50,,,,,
2026-02-18,2026-02-18,FO,NSE,STO,140402,,MARUTI,,2026-03-30,2026-03-30,13700.0,CE,MARUTI26MAR13700CE,0.0,0.0,0.0,1777.3,0.0,1777.3,15164.05,1572.45,0,0,0,0.0,0,F1,50,,,,,
2026-02-18,2026-02-18,FO,NSE,STO,137004,,MARUTI,,2026-03-30,2026-03-30,14600.0,CE,MARUTI26MAR14600CE,0.0,0.0,0.0,785.85,785.85,785.85,15164.05,816.25,100,0,0,0.0,0,F1,50,,,,,
2026-02-18,2026-02-18,FO,NSE,STO,140451,,MARUTI,,2026-03-30,2026-03-30,17100.0,CE,MARUTI26MAR17100CE,0.0,0.0,0.0,128.15,0.0,128.15,15164.05,23.3,0,0,0,0.0,0,F1,50,,,,,
2026-02-18,2026-02-18,FO,NSE,STO,137036,,MARUTI,,2026-03-30,2026-03-30,17800.0,CE,MARUTI26MAR17800CE,0.0,0.0,0.0,454.3,0.0,454.3,15164.05,5.2,0,0,0,0.0,0,F1,50,,,,,
2026-02-18,2026-02-18,FO,NSE,STO,140640,,MARUTI,,2026-04-28,2026-04-28,15400.0,CE,MARUTI26APR15400CE,0.0,0.0,0.0,784.8,0.0,784.8,15164.05,515.2,0,0,0,0.0,0,F1,50,,,,,
2026-02-18,2026-02-18,FO,NSE,STO,140751,,MARUTI,,2026-04-28,2026-04-28,17600.0,CE,MARUTI26APR17600CE,0.0,0.0,0.0,152.6,0.0,152.6,15164.05,41.45,0,0,0,0.0,0,F1,50,,,,,
2026-02-18,2026-02-18,FO,NSE,STO,136546,,MARUTI,,2026-02-24,2026-02-24,12200.0,PE,MARUTI26FEB12200PE,0.45,0.45,0.45,0.45,0.45,0.75,15164.05,0.05,15950,-100,2,1220045.0,1,F1,50,,,,,
2026-02-18,2026-02-18,FO,NSE,STO,136582,,MARUTI,,2026-02-24,2026-02-24,13300.0,PE,MARUTI26FEB13300PE,0.0,0.0,0.0,3.3,3.3,3.3,15164.05,0.05,2750,0,0,0.0,0,F1,50,,,,,
2026-02-18,2026-02-18,FO,NSE,STO,136597,,MARUTI,,2026-02-24,2026-02-24,14100.0,PE,MARUTI26FEB14100PE,7.25,8.7,3.6,4.1,3.8,7.3,15164.05,4.1,21800,-1850,571,402712162.5,462,F1,50,,,,,
2026-02-18,2026-02-18,FO,NSE,STO,117189,,MARUTI,,2026-02-24,2026-02-24,15400.0,PE,MARUTI26FEB15400PE,336.95,372.95,266.05,275.0,279.0,323.25,15164.05,275.0,53200,-500,163,128046182.5,155,F1,50,,,,,
2026-02-18,2026-02-18,FO,NSE,STO,136618,,MARUTI,,2026-02-24,2026-02-24,15700.0,PE,MARUTI26FEB15700PE,570.0,583.2,540.0,540.0,540.0,572.75,15164.05,540.0,15700,0,6,4879077.5,5,F1,50,,,,,
2026-02-18,2026-02-18,FO,NSE,STO,140637,,MARUTI,,2026-04-28,2026-04-28,15000.0,PE,MARUTI26APR15000PE,0.0,0.0,0.0,521.0,0.0,521.0,15164.05,400.65,0,0,0,0.0,0,F1,50,,,,,
2026-02-18,2026-02-18,FO,NSE,STO,137037,,MARUTI,,2026-03-30,2026-03-30,17800.0,PE,MARUTI26MAR17800PE,0.0,0.0,0.0,1343.75,0.0,1343.75,15164.05,2534.2,0,0,0,0.0,0,F1,50,,,,,
2026-02-18,2026-02-18,FO,NSE,STO,140441,,MARUTI,,2026-03-30,2026-03-30,16100.0,CE,MARUTI26MAR16100CE,126.55,126.55,116.6,122.25,122.25,139.05,15164.05,122.25,900,150,5,4055530.0,5,F1,50,,,,,
2026-02-18,2026-02-18,FO,NSE,STO,140453,,MARUTI,,2026-03-30,2026-03-30,17300.0,CE,MARUTI26MAR17300CE,20.55,25.0,20.5,23.65,21.85,102.9,15164.05,23.65,850,850,21,18189495.0,14,F1,50,,,,,
2026-02-18,2026-02-18,FO,NSE,STO,140739,,MARUTI,,2026-04-28,2026-04-28,16400.0,CE,MARUTI26APR16400CE,0.0,0.0,0.0,398.8,0.0,398.8,15164.05,188.95,0,0,0,0.0,0,F1,50,,,,,
2026-02-18,2026-02-18,FO,NSE,STO,117133,,MARUTI,,2026-02-24,2026-02-24,12000.0,PE,MARUTI26FEB12000PE,0.6,0.6,0.6,0.6,0.6,0.65,15164.05,0.05,9200,-1100,62,37201860.0,6,F1,50,,,,,
2026-02-18,2026-02-18,FO,NSE,STO,50945,,MARUTI,,2026-02-24,2026-02-24,12500.0,PE,MARUTI26FEB12500PE,1.95,2.0,0.45,0.55,0.45,0.75,15164.05,0.55,23000,1100,53,33126942.5,41,F1,50,,,,,
2026-02-18,2026-02-18,FO,NSE,STO,117144,,MARUTI,,2026-02-24,2026-02-24,12600.0,PE,MARUTI26FEB12600PE,0.0,0.0,0.0,1.0,1.0,1.0,15164.05,0.05,700,0,0,0.0,0,F1,50,,,,,
2026-02-18,2026-02-18,FO,NSE,STO,117171,,MARUTI,,2026-02-24,2026-02-24,13800.0,PE,MARUTI26FEB13800PE,6.55,6.55,2.8,3.0,3.0,4.85,15164.05,3.0,11500,-1550,89,61426275.0,76,F1,50,,,,,
2026-02-18,2026-02-18,FO,NSE,STO,136601,,MARUTI,,2026-02-24,2026-02-24,14500.0,PE,MARUTI26FEB14500PE,17.55,21.5,8.5,9.1,9.15,18.25,15164.05,9.1,117400,-5400,1965,1425876925.0,1354,F1,50,,,,,
2026-02-18,2026-02-18,FO,NSE,STO,117205,,MARUTI,,2026-02-24,2026-02-24,17000.0,PE,MARUTI26FEB17000PE,1875.0,1875.0,1828.0,1835.5,1830.0,1825.0,15164.05,1835.5,12200,-150,7,6597122.5,6,F1,50,,,,,
2026-02-18,2026-02-18,FO,NSE,STO,49674,,MARUTI,,2026-03-30,2026-03-30,12600.0,PE,MARUTI26MAR12600PE,0.0,0.0,0.0,16.3,16.3,16.3,15164.05,0.85,100,0,0,0.0,0,F1,50,,,,,
2026-02-18,2026-02-18,FO,NSE,STO,136989,,MARUTI,,2026-03-30,2026-03-30,13000.0,PE,MARUTI26MAR13000PE,24.0,24.0,24.0,24.0,24.0,23.1,15164.05,3.5,1900,50,1,651200.0,1,F1,50,,,,,
2026-02-18,2026-02-18,FO,NSE,STO,137001,,MARUTI,,2026-03-30,2026-03-30,14200.0,PE,MARUTI26MAR14200PE,94.1,94.1,82.9,84.0,84.0,93.15,15164.05,79.35,2200,400,10,7143490.0,10,F1,50,,,,,
2026-02-18,2026-02-18,FO,NSE,STO,137027,,MARUTI,,2026-03-30,2026-03-30,16800.0,PE,MARUTI26MAR16800PE,0.0,0.0,0.0,753.25,0.0,753.25,15164.05,1576.45,0,0,0,0.0,0,F1,50,,,,,
2026-02-18,2026-02-18,FO,NSE,STO,140641,,MARUTI,,2026-04-28,2026-04-28,15400.0,PE,MARUTI26APR15400PE,0.0,0.0,0.0,704.0,0.0,704.0,15164.05,591.85,0,0,0,0.0,0,F1,50,,,,,
2026-02-18,2026-02-18,FO,NSE,STO,136722,,MARUTI,,2026-02-24,2026-02-24,17900.0,CE,MARUTI26FEB17900CE,1.0,1.1,0.8,0.8,0.8,0.55,15164.05,0.05,1550,-350,15,13425737.5,13,F1,50,,,,,
2026-02-18,2026-02-18,FO,NSE,STO,136631,,MARUTI,,2026-02-24,2026-02-24,16700.0,CE,MARUTI26FEB16700CE,4.55,4.55,2.85,3.65,3.5,5.55,15164.05,3.65,29600,-4700,786,656455272.5,682,F1,50,,,,,
2026-02-18,2026-02-18,FO,NSE,STO,136613,,MARUTI,,2026-02-24,2026-02-24,15300.0,CE,MARUTI26FEB15300CE,119.95,139.95,71.0,84.6,86.9,113.6,15164.05,84.6,147400,9250,9627,7406366497.5,7473,F1,50,,,,,
2026-02-18,2026-02-18,FO,NSE,STO,140603,,MARUTI,,2026-04-28,2026-04-28,12000.0,PE,MARUTI26APR12000PE,0.0,0.0,0.0,11.4,0.0,11.4,15164.05,1.4,0,0,0,0.0,0,F1,50,,,,,
2026-02-18,2026-02-18,FO,NSE,STO,140452,,MARUTI,,2026-03-30,2026-03-30,17100.0,PE,MARUTI26MAR17100PE,0.0,0.0,0.0,1804.3,0.0,1804.3,15164.05,1856.5,0,0,0,0.0,0,F1,50,,,,,
2026-02-18,2026-02-18,FO,NSE,STO,137021,,MARUTI,,2026-03-30,2026-03-30,16200.0,PE,MARUTI26MAR16200PE,0.0,0.0,0.0,1200.0,1200.0,1200.0,15164.05,1054.6,350,0,0,0.0,0,F1,50,,,,,
2026-02-18,2026-02-18,FO,NSE,STO,137007,,MARUTI,,2026-03-30,2026-03-30,14800.0,PE,MARUTI26MAR14800PE,237.8,239.9,208.0,210.0,210.0,216.4,15164.05,225.9,1150,250,16,12016242.5,10,F1,50,,,,,
2026-02-18,2026-02-18,FO,NSE,STO,136707,,MARUTI,,2026-02-24,2026-02-24,16900.0,PE,MARUTI26FEB16900PE,0.0,0.0,0.0,1999.0,1999.0,1999.0,15164.05,1720.7,250,0,0,0.0,0,F1,50,,,,,
2026-02-18,2026-02-18,FO,NSE,STO,117199,,MARUTI,,2026-02-24,2026-02-24,16400.0,PE,MARUTI26FEB16400PE,0.0,0.0,0.0,1809.5,1809.5,1809.5,15164.05,1221.35,1400,0,0,0.0,0,F1,50,,,,,
2026-02-18,2026-02-18,FO,NSE,STO,117197,,MARUTI,,2026-02-24,2026-02-24,16200.0,PE,MARUTI26FEB16200PE,0.0,0.0,0.0,1029.75,1029.75,1029.75,15164.05,1022.35,5350,0,0,0.0,0,F1,50,,,,,
2026-02-18,2026-02-18,FO,NSE,STO,140755,,MARUTI,,2026-04-28,2026-04-28,18000.0,CE,MARUTI26APR18000CE,0.0,0.0,0.0,107.0,0.0,107.0,15164.05,23.25,0,0,0,0.0,0,F1,50,,,,,
2026-02-18,2026-02-18,FO,NSE,STO,140626,,MARUTI,,2026-04-28,2026-04-28,14400.0,CE,MARUTI26APR14400CE,0.0,0.0,0.0,1374.2,0.0,1374.2,15164.05,1110.5,0,0,0,0.0,0,F1,50,,,,,
2026-02-18,2026-02-18,FO,NSE,STO,136611,,MARUTI,,2026-02-24,2026-02-24,15100.0,CE,MARUTI26FEB15100CE,204.05,213.75,143.6,174.75,180.0,201.6,15164.05,174.75,92450,1450,4611,3519982030.0,3926,F1,50,,,,,
2026-02-18,2026-02-18,FO,NSE,STO,137028,,MARUTI,,2026-03-30,2026-03-30,17000.0,CE,MARUTI26MAR17000CE,44.55,44.55,31.4,34.4,34.5,43.2,15164.05,34.4,28600,3700,304,258966495.0,235,F1,50,,,,,
2026-02-18,2026-02-18,FO,NSE,STO,140746,,MARUTI,,2026-04-28,2026-04-28,17000.0,PE,MARUTI26APR17000PE,0.0,0.0,0.0,1746.4,0.0,1746.4,15164.05,1752.4,0,0,0,0.0,0,F1,50,,,,,
2026-02-18,2026-02-18,FO,NSE,STO,140449,,MARUTI,,2026-03-30,2026-03-30,16900.0,CE,MARUTI26MAR16900CE,0.0,0.0,0.0,46.25,46.25,46.25,15164.05,34.35,1500,0,0,0.0,0,F1,50,,,,,
2026-02-18,2026-02-18,FO,NSE,STO,137008,,MARUTI,,2026-03-30,2026-03-30,15000.0,CE,MARUTI26MAR15000CE,560.05,569.7,517.0,542.85,543.3,559.2,15164.05,542.85,9600,800,241,187253525.0,156,F1,50,,,,,
2026-02-18,2026-02-18,FO,NSE,STO,140410,,MARUTI,,2026-03-30,2026-03-30,14500.0,CE,MARUTI26MAR14500CE,875.0,875.0,875.0,875.0,875.0,899.1,15164.05,889.95,2000,0,2,1537500.0,2,F1,50,,,,,
2026-02-18,2026-02-18,FO,NSE,STO,140370,,MARUTI,,2026-03-30,2026-03-30,13300.0,CE,MARUTI26MAR13300CE,0.0,0.0,0.0,2131.2,0.0,2131.2,15164.05,1952.85,0,0,0,0.0,0,F1,50,,,,,
2026-02-18,2026-02-18,FO,NSE,STO,49673,,MARUTI,,2026-03-30,2026-03-30,12600.0,CE,MARUTI26MAR12600CE,0.0,0.0,0.0,3709.95,0.0,3709.95,15164.05,2640.6,0,0,0,0.0,0,F1,50,,,,,
2026-02-18,2026-02-18,FO,NSE,STO,136726,,MARUTI,,2026-02-24,2026-02-24,18300.0,CE,MARUTI26FEB18300CE,0.45,0.45,0.45,0.45,0.45,3.6,15164.05,0.05,50,-50,1,915022.5,1,F1,50,,,,,
2026-02-18,2026-02-18,FO,NSE,STO,136621,,MARUTI,,2026-02-24,2026-02-24,16100.0,CE,MARUTI26FEB16100CE,11.4,12.95,6.55,8.45,9.05,14.3,15164.05,8.45,43100,5550,1373,1105890002.5,1069,F1,50,,,,,
2026-02-18,2026-02-18,FO,NSE,STO,140752,,MARUTI,,2026-04-28,2026-04-28,17600.0,PE,MARUTI26APR17600PE,0.0,0.0,0.0,2238.05,0.0,2238.05,15164.05,2295.35,0,0,0,0.0,0,F1,50,,,,,
2026-02-18,2026-02-18,FO,NSE,STO,117182,,MARUTI,,2026-02-24,2026-02-24,14800.0,CE,MARUTI26FEB14800CE,401.0,411.0,345.0,404.55,406.7,404.45,15164.05,404.55,71400,-2600,158,119888657.5,115,F1,50,,,,,
2026-02-18,2026-02-18,FO,NSE,STO,117143,,MARUTI,,2026-02-24,2026-02-24,12600.0,CE,MARUTI26FEB12600CE,0.0,0.0,0.0,3494.75,0.0,3494.75,15164.05,2575.45,0,0,0,0.0,0,F1,50,,,,,
2026-02-18,2026-02-18,FO,NSE,STO,140418,,MARUTI,,2026-03-30,2026-03-30,15300.0,CE,MARUTI26MAR15300CE,380.0,398.0,364.45,381.1,384.95,380.8,15164.05,381.1,2600,1150,38,29793590.0,26,F1,50,,,,,
2026-02-18,2026-02-18,FO,NSE,STO,137014,,MARUTI,,2026-03-30,2026-03-30,15600.0,CE,MARUTI26MAR15600CE,266.45,279.75,240.0,240.0,240.0,266.45,15164.05,275.2,600,100,9,7135825.0,8,F1,50,,,,,
2026-02-18,2026-02-18,FO,NSE,STO,140447,,MARUTI,,2026-03-30,2026-03-30,16700.0,CE,MARUTI26MAR16700CE,62.25,62.25,48.0,48.45,48.45,62.25,15164.05,48.45,1350,250,14,11726680.0,13,F1,50,,,,,
2026-02-18,2026-02-18,FO,NSE,STO,140636,,MARUTI,,2026-04-28,2026-04-28,15000.0,CE,MARUTI26APR15000CE,0.0,0.0,0.0,700.0,700.0,700.0,15164.05,719.85,50,0,0,0.0,0,F1,50,,,,,
2026-02-18,2026-02-18,FO,NSE,STO,117181,,MARUTI,,2026-02-24,2026-02-24,14600.0,PE,MARUTI26FEB14600PE,25.0,30.5,11.6,12.35,12.6,25.2,15164.05,12.35,41850,-9200,1860,1359491950.0,1592,F1,50,,,,,
2026-02-18,2026-02-18,FO,NSE,STO,136610,,MARUTI,,2026-02-24,2026-02-24,14900.0,PE,MARUTI26FEB14900PE,68.0,84.65,35.75,38.85,38.8,69.0,15164.05,38.85,63250,10850,2785,2082747170.0,2345,F1,50,,,,,
2026-02-18,2026-02-18,FO,NSE,STO,117187,,MARUTI,,2026-02-24,2026-02-24,15200.0,PE,MARUTI26FEB15200PE,175.95,230.0,135.0,146.55,142.0,192.8,15164.05,146.55,72250,-5050,3134,2410402635.0,2678,F1,50,,,,,
2026-02-18,2026-02-18,FO,NSE,STO,136614,,MARUTI,,2026-02-24,2026-02-24,15300.0,PE,MARUTI26FEB15300PE,274.95,293.55,194.65,205.8,204.0,254.35,15164.05,205.8,64850,-2850,1145,889536370.0,997,F1,50,,,,,
2026-02-18,2026-02-18,FO,NSE,STO,140405,,MARUTI,,2026-03-30,2026-03-30,13900.0,PE,MARUTI26MAR13900PE,0.0,0.0,0.0,81.5,81.5,81.5,15164.05,41.9,100,0,0,0.0,0,F1,50,,,,,
2026-02-18,2026-02-18,FO,NSE,STO,140415,,MARUTI,,2026-03-30,2026-03-30,14900.0,PE,MARUTI26MAR14900PE,275.0,275.0,275.0,275.0,275.0,275.0,15164.05,261.85,500,50,1,758750.0,1,F1,50,,,,,
2026-02-18,2026-02-18,FO,NSE,STO,140419,,MARUTI,,2026-03-30,2026-03-30,15300.0,PE,MARUTI26MAR15300PE,408.0,422.0,408.0,422.0,422.0,428.15,15164.05,442.8,550,300,9,7071950.0,8,F1,50,,,,,
2026-02-18,2026-02-18,FO,NSE,STO,140613,,MARUTI,,2026-04-28,2026-04-28,13000.0,PE,MARUTI26APR13000PE,0.0,0.0,0.0,59.75,0.0,59.75,15164.05,18.0,0,0,0,0.0,0,F1,50,,,,,
2026-02-18,2026-02-18,FO,NSE,STO,140748,,MARUTI,,2026-04-28,2026-04-28,17200.0,PE,MARUTI26APR17200PE,0.0,0.0,0.0,1905.6,0.0,1905.6,15164.05,1929.35,0,0,0,0.0,0,F1,50,,,,,
2026-02-18,2026-02-18,FO,NSE,STF,59419,,MARUTI,,2026-02-24,2026-02-24,,,MARUTI26FEBFUT,15199.0,15227.0,15085.0,15185.0,15197.0,15163.0,15164.05,15185.0,2777850,-134950,8716,6599904100.0,7004,F1,50,,,,,
2026-02-18,2026-02-18,FO,NSE,STO,117202,,MARUTI,,2026-02-24,2026-02-24,16800.0,CE,MARUTI26FEB16800CE,4.05,4.2,2.95,3.4,3.4,5.2,15164.05,3.4,44850,5850,728,611648132.5,618,F1,50,,,,,
2026-02-18,2026-02-18,FO,NSE,STO,117218,,MARUTI,,2026-02-24,2026-02-24,18400.0,CE,MARUTI26FEB18400CE,0.4,0.6,0.4,0.6,0.6,0.55,15164.05,0.6,500,-100,4,3680110.0,4,F1,50,,,,,
2026-02-18,2026-02-18,FO,NSE,STO,137026,,MARUTI,,2026-03-30,2026-03-30,16800.0,CE,MARUTI26MAR16800CE,47.85,49.85,42.5,42.5,42.5,54.1,15164.05,41.45,950,150,11,9265802.5,11,F1,50,,,,,
2026-02-18,2026-02-18,FO,NSE,STO,140634,,MARUTI,,2026-04-28,2026-04-28,14800.0,CE,MARUTI26APR14800CE,0.0,0.0,0.0,1113.7,0.0,1113.7,15164.05,839.2,0,0,0,0.0,0,F1,50,,,,,
2026-02-18,2026-02-18,FO,NSE,STO,140648,,MARUTI,,2026-04-28,2026-04-28,15800.0,CE,MARUTI26APR15800CE,0.0,0.0,0.0,607.1,0.0,607.1,15164.05,355.0,0,0,0,0.0,0,F1,50,,,,,
2026-02-18,2026-02-18,FO,NSE,STO,136586,,MARUTI,,2026-02-24,2026-02-24,13700.0,PE,MARUTI26FEB13700PE,5.35,5.35,2.7,3.35,3.0,5.35,15164.05,3.35,4500,300,28,19185100.0,25,F1,50,,,,,
2026-02-18,2026-02-18,FO,NSE,STO,117173,,MARUTI,,2026-02-24,2026-02-24,14000.0,PE,MARUTI26FEB14000PE,6.2,6.5,3.2,3.55,3.45,6.65,15164.05,3.55,70250,-22000,1244,871111390.0,925,F1,50,,,,,
2026-02-18,2026-02-18,FO,NSE,STO,136620,,MARUTI,,2026-02-24,2026-02-24,15900.0,PE,MARUTI26FEB15900PE,766.15,766.15,750.45,750.45,750.45,737.7,15164.05,728.7,1300,-50,2,1665830.0,2,F1,50,,,,,
2026-02-18,2026-02-18,FO,NSE,STO,136628,,MARUTI,,2026-02-24,2026-02-24,16300.0,PE,MARUTI26FEB16300PE,1211.75,1211.75,1193.4,1193.4,1193.4,917.25,15164.05,1121.75,2000,-150,3,2625845.0,2,F1,50,,,,,
2026-02-18,2026-02-18,FO,NSE,STO,136715,,MARUTI,,2026-02-24,2026-02-24,17100.0,PE,MARUTI26FEB17100PE,0.0,0.0,0.0,2165.7,2165.7,2165.7,15164.05,1920.5,300,0,0,0.0,0,F1,50,,,,,
2026-02-18,2026-02-18,FO,NSE,STO,137032,,MARUTI,,2026-03-30,2026-03-30,17400.0,CE,MARUTI26MAR17400CE,25.0,25.0,25.0,25.0,25.0,25.0,15164.05,12.6,50,0,1,871250.0,1,F1,50,,,,,
2026-02-18,2026-02-18,FO,NSE,STO,140413,,MARUTI,,2026-03-30,2026-03-30,14700.0,PE,MARUTI26MAR14700PE,200.0,205.2,169.15,173.6,169.15,253.85,15164.05,173.6,750,250,12,8932707.5,11,F1,50,,,,,
2026-02-18,2026-02-18,FO,NSE,STO,140612,,MARUTI,,2026-04-28,2026-04-28,13000.0,CE,MARUTI26APR13000CE,0.0,0.0,0.0,2503.85,0.0,2503.85,15164.05,2316.55,0,0,0,0.0,0,F1,50,,,,,
2026-02-18,2026-02-18,FO,NSE,STO,140620,,MARUTI,,2026-04-28,2026-04-28,13800.0,CE,MARUTI26APR13800CE,0.0,0.0,0.0,1822.05,0.0,1822.05,15164.05,1588.5,0,0,0,0.0,0,F1,50,,,,,
2026-02-18,2026-02-18,FO,NSE,STO,140642,,MARUTI,,2026-04-28,2026-04-28,15600.0,CE,MARUTI26APR15600CE,0.0,0.0,0.0,691.9,0.0,691.9,15164.05,429.7,0,0,0,0.0,0,F1,50,,,,,
2026-02-18,2026-02-18,FO,NSE,STO,140741,,MARUTI,,2026-04-28,2026-04-28,16600.0,CE,MARUTI26APR16600CE,0.0,0.0,0.0,343.5,0.0,343.5,15164.05,150.2,0,0,0,0.0,0,F1,50,,,,,
2026-02-18,2026-02-18,FO,NSE,STO,117141,,MARUTI,,2026-02-24,2026-02-24,12400.0,PE,MARUTI26FEB12400PE,0.2,0.2,0.15,0.15,0.15,0.6,15164.05,0.15,14600,0,9,5580087.5,5,F1,50,,,,,
2026-02-18,2026-02-18,FO,NSE,STO,117148,,MARUTI,,2026-02-24,2026-02-24,13000.0,PE,MARUTI26FEB13000PE,2.1,2.95,0.65,0.85,0.8,2.45,15164.05,0.85,45700,-10200,629,408890400.0,237,F1,50,,,,,
2026-02-18,2026-02-18,FO,NSE,STO,136566,,MARUTI,,2026-02-24,2026-02-24,13100.0,PE,MARUTI26FEB13100PE,0.0,0.0,0.0,3.45,3.45,3.45,15164.05,0.05,1800,0,0,0.0,0,F1,50,,,,,
2026-02-18,2026-02-18,FO,NSE,STO,117175,,MARUTI,,2026-02-24,2026-02-24,14200.0,PE,MARUTI26FEB14200PE,8.2,14.65,4.3,4.65,4.65,8.65,15164.05,4.65,41050,1650,622,441812162.5,486,F1,50,,,,,
2026-02-18,2026-02-18,FO,NSE,STO,117183,,MARUTI,,2026-02-24,2026-02-24,14800.0,PE,MARUTI26FEB14800PE,43.95,59.5,23.8,25.45,25.55,48.9,15164.05,25.45,84500,4500,3899,2893085210.0,2888,F1,50,,,,,
2026-02-18,2026-02-18,FO,NSE,STO,117185,,MARUTI,,2026-02-24,2026-02-24,15000.0,PE,MARUTI26FEB15000PE,105.35,120.95,57.6,61.85,60.75,98.9,15164.05,61.85,126700,-10650,9250,6978231702.5,6926,F1,50,,,,,
2026-02-18,2026-02-18,FO,NSE,STO,117191,,MARUTI,,2026-02-24,2026-02-24,15600.0,PE,MARUTI26FEB15600PE,493.85,539.15,459.5,490.0,490.0,488.8,15164.05,454.95,18350,150,42,33807715.0,34,F1,50,,,,,
2026-02-18,2026-02-18,FO,NSE,STO,136981,,MARUTI,,2026-03-30,2026-03-30,12400.0,PE,MARUTI26MAR12400PE,0.0,0.0,0.0,50.55,50.55,50.55,15164.05,0.4,150,0,0,0.0,0,F1,50,,,,,
2026-02-18,2026-02-18,FO,NSE,STO,136993,,MARUTI,,2026-03-30,2026-03-30,13400.0,PE,MARUTI26MAR13400PE,31.65,31.65,31.65,31.65,31.65,49.9,15164.05,11.8,1150,-100,2,1343165.0,1,F1,50,,,,,
2026-02-18,2026-02-18,FO,NSE,STO,136995,,MARUTI,,2026-03-30,2026-03-30,13600.0,PE,MARUTI26MAR13600PE,34.0,34.0,34.0,34.0,34.0,52.0,15164.05,20.25,650,50,1,681700.0,1,F1,50,,,,,
2026-02-18,2026-02-18,FO,NSE,STO,137019,,MARUTI,,2026-03-30,2026-03-30,16000.0,PE,MARUTI26MAR16000PE,920.5,920.5,855.0,874.95,874.95,900.0,15164.05,897.35,3250,100,14,11807922.5,14,F1,50,,,,,
2026-02-18,2026-02-18,FO,NSE,STO,140649,,MARUTI,,2026-04-28,2026-04-28,15800.0,PE,MARUTI26APR15800PE,0.0,0.0,0.0,920.15,0.0,920.15,15164.05,827.55,0,0,0,0.0,0,F1,50,,,,,
2026-02-18,2026-02-18,FO,NSE,STO,136718,,MARUTI,,2026-02-24,2026-02-24,17500.0,CE,MARUTI26FEB17500CE,2.0,2.0,0.6,0.75,0.95,2.0,15164.05,0.75,32150,-4600,473,413897540.0,212,F1,50,,,,,
2026-02-18,2026-02-18,FO,NSE,STO,140417,,MARUTI,,2026-03-30,2026-03-30,15100.0,PE,MARUTI26MAR15100PE,360.0,361.3,306.3,308.7,308.7,329.95,15164.05,344.8,750,400,26,20057700.0,24,F1,50,,,,,
2026-02-18,2026-02-18,FO,NSE,STO,140454,,MARUTI,,2026-03-30,2026-03-30,17300.0,PE,MARUTI26MAR17300PE,0.0,0.0,0.0,1976.95,0.0,1976.95,15164.05,2047.5,0,0,0,0.0,0,F1,50,,,,,
2026-02-18,2026-02-18,FO,NSE,STO,140599,,MARUTI,,2026-04-28,2026-04-28,11600.0,PE,MARUTI26APR11600PE,0.0,0.0,0.0,5.1,0.0,5.1,15164.05,0.4,0,0,0,0.0,0,F1,50,,,,,
2026-02-18,2026-02-18,FO,NSE,STO,140615,,MARUTI,,2026-04-28,2026-04-28,13200.0,PE,MARUTI26APR13200PE,0.0,0.0,0.0,78.9,0.0,78.9,15164.05,27.4,0,0,0,0.0,0,F1,50,,,,,
2026-02-18,2026-02-18,FO,NSE,STO,140625,,MARUTI,,2026-04-28,2026-04-28,14200.0,PE,MARUTI26APR14200PE,0.0,0.0,0.0,254.6,0.0,254.6,15164.05,150.35,0,0,0,0.0,0,F1,50,,,,,
2026-02-18,2026-02-18,FO,NSE,STO,140756,,MARUTI,,2026-04-28,2026-04-28,18000.0,PE,MARUTI26APR18000PE,0.0,0.0,0.0,2586.3,0.0,2586.3,15164.05,2673.0,0,0,0,0.0,0,F1,50,,,,,
2026-02-18,2026-02-18,FO,NSE,STO,117207,,MARUTI,,2026-02-24,2026-02-24,17200.0,PE,MARUTI26FEB17200PE,0.0,0.0,0.0,1950.0,1950.0,1950.0,15164.05,2020.4,250,0,0,0.0,0,F1,50,,,,,
2026-02-18,2026-02-18,FO,NSE,STO,136717,,MARUTI,,2026-02-24,2026-02-24,17300.0,PE,MARUTI26FEB17300PE,0.0,0.0,0.0,1566.0,1566.0,1566.0,15164.05,2120.3,300,0,0,0.0,0,F1,50,,,,,
2026-02-18,2026-02-18,FO,NSE,STO,117211,,MARUTI,,2026-02-24,2026-02-24,17600.0,PE,MARUTI26FEB17600PE,0.0,0.0,0.0,1744.1,0.0,1744.1,15164.05,2420.05,0,0,0,0.0,0,F1,50,,,,,
2026-02-18,2026-02-18,FO,NSE,STO,136997,,MARUTI,,2026-03-30,2026-03-30,13800.0,PE,MARUTI26MAR13800PE,45.0,45.0,45.0,45.0,45.0,76.25,15164.05,33.2,600,50,1,692250.0,1,F1,50,,,,,
2026-02-18,2026-02-18,FO,NSE,STO,136545,,MARUTI,,2026-02-24,2026-02-24,12200.0,CE,MARUTI26FEB12200CE,0.0,0.0,0.0,2047.9,2047.9,2047.9,15164.05,2975.05,50,0,0,0.0,0,F1,50,,,,,
2026-02-18,2026-02-18,FO,NSE,STO,136581,,MARUTI,,2026-02-24,2026-02-24,13300.0,CE,MARUTI26FEB13300CE,0.0,0.0,0.0,3473.2,0.0,3473.2,15164.05,1876.05,0,0,0,0.0,0,F1,50,,,,,
2026-02-18,2026-02-18,FO,NSE,STO,136585,,MARUTI,,2026-02-24,2026-02-24,13700.0,CE,MARUTI26FEB13700CE,0.0,0.0,0.0,690.7,690.7,690.7,15164.05,1476.45,100,0,0,0.0,0,F1,50,,,,,
2026-02-18,2026-02-18,FO,NSE,STO,136598,,MARUTI,,2026-02-24,2026-02-24,14300.0,CE,MARUTI26FEB14300CE,824.2,875.0,801.0,864.45,864.45,860.7,15164.05,878.8,116850,-200,13,9836257.5,13,F1,50,,,,,
2026-02-18,2026-02-18,FO,NSE,STO,136619,,MARUTI,,2026-02-24,2026-02-24,15900.0,CE,MARUTI26FEB15900CE,21.4,22.05,10.15,12.65,13.5,20.75,15164.05,12.65,61300,-4650,1440,1145804175.0,1106,F1,50,,,,,
2026-02-18,2026-02-18,FO,NSE,STO,136720,,MARUTI,,2026-02-24,2026-02-24,17700.0,CE,MARUTI26FEB17700CE,5.75,5.75,0.65,0.65,0.65,5.5,15164.05,0.05,2400,-350,15,13275995.0,14,F1,50,,,,,
2026-02-18,2026-02-18,FO,NSE,STO,117216,,MARUTI,,2026-02-24,2026-02-24,18200.0,CE,MARUTI26FEB18200CE,0.6,0.65,0.35,0.65,0.65,1.0,15164.05,0.65,2300,-200,5,4550140.0,4,F1,50,,,,,
2026-02-18,2026-02-18,FO,NSE,STO,117242,,MARUTI,,2026-02-24,2026-02-24,19600.0,CE,MARUTI26FEB19600CE,0.0,0.0,0.0,1.25,1.25,1.25,15164.05,0.05,100,0,0,0.0,0,F1,50,,,,,
2026-02-18,2026-02-18,FO,NSE,STO,140404,,MARUTI,,2026-03-30,2026-03-30,13900.0,CE,MARUTI26MAR13900CE,0.0,0.0,0.0,1609.15,0.0,1609.15,15164.05,1389.45,0,0,0,0.0,0,F1,50,,,,,
2026-02-18,2026-02-18,FO,NSE,STO,140414,,MARUTI,,2026-03-30,2026-03-30,14900.0,CE,MARUTI26MAR14900CE,0.0,0.0,0.0,560.0,560.0,560.0,15164.05,615.45,450,0,0,0.0,0,F1,50,,,,,
2026-02-18,2026-02-18,FO,NSE,STO,160526,,SYNGENE,,2026-02-24,2026-02-24,380.0,CE,SYNGENE26FEB380CE,0.0,0.0,0.0,50.95,50.95,50.95,433.15,53.5,2000,0,0,0.0,0,F1,1000,,,,,
2026-02-18,2026-02-18,FO,NSE,STO,139246,,SYNGENE,,2026-02-24,2026-02-24,400.0,CE,SYNGENE26FEB400CE,0.0,0.0,0.0,36.1,36.1,36.1,433.15,33.6,27000,0,0,0.0,0,F1,1000,,,,,
2026-02-18,2026-02-18,FO,NSE,STO,160540,,SYNGENE,,2026-02-24,2026-02-24,530.0,CE,SYNGENE26FEB530CE,0.1,0.15,0.1,0.15,0.1,0.2,433.15,0.15,169000,-22000,26,13782900.0,12,F1,1000,,,,,
2026-02-18,2026-02-18,FO,NSE,STO,160554,,SYNGENE,,2026-02-24,2026-02-24,670.0,CE,SYNGENE26FEB670CE,0.0,0.0,0.0,0.05,0.05,0.05,433.15,0.05,10000,0,0,0.0,0,F1,1000,,,,,
2026-02-18,2026-02-18,FO,NSE,STO,139284,,SYNGENE,,2026-02-24,2026-02-24,760.0,CE,SYNGENE26FEB760CE,0.0,0.0,0.0,0.2,0.2,0.2,433.15,0.05,7000,0,0,0.0,0,F1,1000,,,,,
2026-02-18,2026-02-18,FO,NSE,STO,168846,,SYNGENE,,2026-03-30,2026-03-30,370.0,CE,SYNGENE26MAR370CE,0.0,0.0,0.0,124.2,0.0,124.2,433.15,66.2,0,0,0,0.0,0,F1,1000,,,,,
2026-02-18,2026-02-18,FO,NSE,STO,168850,,SYNGENE,,2026-03-30,2026-03-30,410.0,CE,SYNGENE26MAR410CE,0.0,0.0,0.0,87.35,0.0,87.35,433.15,32.5,0,0,0,0.0,0,F1,1000,,,,,
2026-02-18,2026-02-18,FO,NSE,STO,168856,,SYNGENE,,2026-03-30,2026-03-30,470.0,CE,SYNGENE26MAR470CE,9.0,9.45,6.95,8.05,8.2,9.0,433.15,8.05,109000,47000,109,52064650.0,72,F1,1000,,,,,
2026-02-18,2026-02-18,FO,NSE,STO,160529,,SYNGENE,,2026-02-24,2026-02-24,420.0,PE,SYNGENE26FEB420PE,3.25,4.45,1.5,2.3,2.2,4.0,433.15,2.3,234000,-37000,620,262168000.0,549,F1,1000,,,,,
2026-02-18,2026-02-18,FO,NSE,STO,139251,,SYNGENE,,2026-02-24,2026-02-24,440.0,PE,SYNGENE26FEB440PE,10.2,14.4,7.4,9.95,9.65,12.35,433.15,9.95,441000,108000,568,255858800.0,305,F1,1000,,,,,
2026-02-18,2026-02-18,FO,NSE,STO,160555,,SYNGENE,,2026-02-24,2026-02-24,670.0,PE,SYNGENE26FEB670PE,236.7,236.7,236.7,236.7,236.7,193.15,433.15,236.7,5000,0,1,906700.0,1,F1,1000,,,,,
2026-02-18,2026-02-18,FO,NSE,STO,139285,,SYNGENE,,2026-02-24,2026-02-24,760.0,PE,SYNGENE26FEB760PE,0.0,0.0,0.0,315.2,315.2,315.2,433.15,326.15,5000,0,0,0.0,0,F1,1000,,,,,
2026-02-18,2026-02-18,FO,NSE,STO,160587,,SYNGENE,,2026-03-30,2026-03-30,480.0,PE,SYNGENE26MAR480PE,0.0,0.0,0.0,49.1,49.1,49.1,433.15,47.95,21000,0,0,0.0,0,F1,1000,,,,,
2026-02-18,2026-02-18,FO,NSE,STO,62786,,SYNGENE,,2026-03-30,2026-03-30,360.0,PE,SYNGENE26MAR360PE,0.0,0.0,0.0,2.0,2.0,2.0,433.15,0.4,3000,0,0,0.0,0,F1,1000,,,,,
2026-02-18,2026-02-18,FO,NSE,STO,168861,,SYNGENE,,2026-03-30,2026-03-30,510.0,PE,SYNGENE26MAR510PE,0.0,0.0,0.0,37.75,0.0,37.75,433.15,74.9,0,0,0,0.0,0,F1,1000,,,,,
2026-02-18,2026-02-18,FO,NSE,STO,160595,,SYNGENE,,2026-03-30,2026-03-30,560.0,PE,SYNGENE26MAR560PE,0.0,0.0,0.0,8.25,0.0,8.25,433.15,123.6,0,0,0,0.0,0,F1,1000,,,,,
2026-02-18,2026-02-18,FO,NSE,STO,160536,,SYNGENE,,2026-02-24,2026-02-24,490.0,CE,SYNGENE26FEB490CE,0.45,0.5,0.2,0.25,0.25,0.6,433.15,0.25,824000,-173000,381,186802150.0,178,F1,1000,,,,,
2026-02-18,2026-02-18,FO,NSE,STO,139258,,SYNGENE,,2026-02-24,2026-02-24,520.0,CE,SYNGENE26FEB520CE,0.3,0.3,0.1,0.15,0.1,0.3,433.15,0.15,398000,-7000,98,50977300.0,47,F1,1000,,,,,
2026-02-18,2026-02-18,FO,NSE,STO,168858,,SYNGENE,,2026-03-30,2026-03-30,490.0,CE,SYNGENE26MAR490CE,5.6,5.6,4.2,4.2,4.2,5.85,433.15,2.65,28000,9000,12,5940500.0,10,F1,1000,,,,,
2026-02-18,2026-02-18,FO,NSE,STO,160598,,SYNGENE,,2026-03-30,2026-03-30,600.0,CE,SYNGENE26MAR600CE,0.35,0.45,0.35,0.45,0.45,1.95,433.15,0.05,25000,3000,11,6604500.0,11,F1,1000,,,,,
2026-02-18,2026-02-18,FO,NSE,STO,139253,,SYNGENE,,2026-02-24,2026-02-24,460.0,PE,SYNGENE26FEB460PE,27.55,31.45,22.2,27.05,27.45,28.45,433.15,27.05,435000,-30000,87,42459700.0,72,F1,1000,,,,,
2026-02-18,2026-02-18,FO,NSE,STO,160545,,SYNGENE,,2026-02-24,2026-02-24,570.0,PE,SYNGENE26FEB570PE,0.0,0.0,0.0,137.15,137.15,137.15,433.15,136.35,108000,0,0,0.0,0,F1,1000,,,,,
2026-02-18,2026-02-18,FO,NSE,STO,160553,,SYNGENE,,2026-02-24,2026-02-24,650.0,PE,SYNGENE26FEB650PE,0.0,0.0,0.0,212.3,212.3,212.3,433.15,216.25,54000,0,0,0.0,0,F1,1000,,,,,
2026-02-18,2026-02-18,FO,NSE,STO,160528,,SYNGENE,,2026-02-24,2026-02-24,420.0,CE,SYNGENE26FEB420CE,14.25,20.8,13.7,15.8,15.5,17.85,433.15,15.8,32000,8000,25,10898100.0,25,F1,1000,,,,,
2026-02-18,2026-02-18,FO,NSE,STO,168853,,SYNGENE,,2026-03-30,2026-03-30,430.0,PE,SYNGENE26MAR430PE,16.25,18.0,14.0,15.95,16.0,17.05,433.15,15.95,49000,21000,42,18728600.0,35,F1,1000,,,,,
2026-02-18,2026-02-18,FO,NSE,STO,160533,,SYNGENE,,2026-02-24,2026-02-24,450.0,PE,SYNGENE26FEB450PE,18.8,22.6,13.85,17.7,17.8,20.1,433.15,17.7,424000,-87000,176,82565250.0,156,F1,1000,,,,,
2026-02-18,2026-02-18,FO,NSE,STO,160588,,SYNGENE,,2026-03-30,2026-03-30,500.0,CE,SYNGENE26MAR500CE,4.65,4.8,3.2,3.75,3.7,4.65,433.15,3.75,451000,80000,235,118425500.0,201,F1,1000,,,,,
2026-02-18,2026-02-18,FO,NSE,STO,160560,,SYNGENE,,2026-02-24,2026-02-24,730.0,CE,SYNGENE26FEB730CE,0.0,0.0,0.0,2.9,2.9,2.9,433.15,0.05,2000,0,0,0.0,0,F1,1000,,,,,
2026-02-18,2026-02-18,FO,NSE,STO,139254,,SYNGENE,,2026-02-24,2026-02-24,480.0,CE,SYNGENE26FEB480CE,0.8,0.8,0.25,0.4,0.35,0.85,433.15,0.4,716000,-83000,536,257486150.0,264,F1,1000,,,,,
2026-02-18,2026-02-18,FO,NSE,STO,160539,,SYNGENE,,2026-02-24,2026-02-24,510.0,PE,SYNGENE26FEB510PE,0.0,0.0,0.0,73.0,73.0,73.0,433.15,76.4,136000,0,0,0.0,0,F1,1000,,,,,
2026-02-18,2026-02-18,FO,NSE,STO,160601,,SYNGENE,,2026-03-30,2026-03-30,620.0,PE,SYNGENE26MAR620PE,0.0,0.0,0.0,161.6,161.6,161.6,433.15,183.15,35000,0,0,0.0,0,F1,1000,,,,,
2026-02-18,2026-02-18,FO,NSE,STO,160543,,SYNGENE,,2026-02-24,2026-02-24,550.0,PE,SYNGENE26FEB550PE,112.35,120.0,112.35,115.0,115.0,116.4,433.15,116.35,70000,-1000,7,4646750.0,3,F1,1000,,,,,
2026-02-18,2026-02-18,FO,NSE,STO,160551,,SYNGENE,,2026-02-24,2026-02-24,630.0,PE,SYNGENE26FEB630PE,0.0,0.0,0.0,196.0,196.0,196.0,433.15,196.3,24000,0,0,0.0,0,F1,1000,,,,,
2026-02-18,2026-02-18,FO,NSE,STO,168847,,SYNGENE,,2026-03-30,2026-03-30,370.0,PE,SYNGENE26MAR370PE,0.0,0.0,0.0,0.65,0.0,0.65,433.15,0.85,0,0,0,0.0,0,F1,1000,,,,,
2026-02-18,2026-02-18,FO,NSE,STO,168863,,SYNGENE,,2026-03-30,2026-03-30,530.0,PE,SYNGENE26MAR530PE,0.0,0.0,0.0,50.75,0.0,50.75,433.15,94.1,0,0,0,0.0,0,F1,1000,,,,,
2026-02-18,2026-02-18,FO,NSE,STO,160592,,SYNGENE,,2026-03-30,2026-03-30,540.0,CE,SYNGENE26MAR540CE,0.0,0.0,0.0,2.0,2.0,2.0,433.15,0.25,3000,0,0,0.0,0,F1,1000,,,,,
2026-02-18,2026-02-18,FO,NSE,STO,160596,,SYNGENE,,2026-03-30,2026-03-30,580.0,CE,SYNGENE26MAR580CE,1.2,1.2,1.2,1.2,1.2,1.2,433.15,0.05,3000,1000,1,581200.0,1,F1,1000,,,,,
2026-02-18,2026-02-18,FO,NSE,STO,139245,,SYNGENE,,2026-02-24,2026-02-24,360.0,PE,SYNGENE26FEB360PE,0.15,0.15,0.15,0.15,0.15,0.35,433.15,0.05,39000,-8000,12,4321800.0,4,F1,1000,,,,,
2026-02-18,2026-02-18,FO,NSE,STO,66544,,SYNGENE,,2026-02-24,2026-02-24,370.0,PE,SYNGENE26FEB370PE,0.0,0.0,0.0,0.05,0.0,0.05,433.15,0.05,0,0,0,0.0,0,F1,1000,,,,,
2026-02-18,2026-02-18,FO,NSE,STO,160527,,SYNGENE,,2026-02-24,2026-02-24,380.0,PE,SYNGENE26FEB380PE,0.45,0.45,0.25,0.35,0.3,0.55,433.15,0.35,106000,-13000,128,48684500.0,76,F1,1000,,,,,
2026-02-18,2026-02-18,FO,NSE,STO,168867,,SYNGENE,,2026-03-30,2026-03-30,570.0,PE,SYNGENE26MAR570PE,0.0,0.0,0.0,81.65,0.0,81.65,433.15,133.5,0,0,0,0.0,0,F1,1000,,,,,
2026-02-18,2026-02-18,FO,NSE,STO,139278,,SYNGENE,,2026-02-24,2026-02-24,700.0,CE,SYNGENE26FEB700CE,0.05,0.05,0.05,0.05,0.05,0.1,433.15,0.05,132000,-5000,5,3500250.0,5,F1,1000,,,,,
2026-02-18,2026-02-18,FO,NSE,STO,62781,,SYNGENE,,2026-02-24,2026-02-24,410.0,CE,SYNGENE26FEB410CE,22.85,29.95,22.25,29.95,29.95,25.2,433.15,24.05,13000,6000,10,4349600.0,10,F1,1000,,,,,
2026-02-18,2026-02-18,FO,NSE,STO,160537,,SYNGENE,,2026-02-24,2026-02-24,490.0,PE,SYNGENE26FEB490PE,0.0,0.0,0.0,56.75,56.75,56.75,433.15,56.4,182000,0,0,0.0,0,F1,1000,,,,,
2026-02-18,2026-02-18,FO,NSE,STO,160541,,SYNGENE,,2026-02-24,2026-02-24,530.0,PE,SYNGENE26FEB530PE,0.0,0.0,0.0,76.95,76.95,76.95,433.15,96.35,72000,0,0,0.0,0,F1,1000,,,,,
2026-02-18,2026-02-18,FO,NSE,STO,160589,,SYNGENE,,2026-03-30,2026-03-30,500.0,PE,SYNGENE26MAR500PE,66.0,66.0,64.0,64.0,64.0,66.7,433.15,65.6,74000,0,2,1130000.0,2,F1,1000,,,,,
2026-02-18,2026-02-18,FO,NSE,STO,45495,,SYNGENE,,2026-03-30,2026-03-30,460.0,PE,SYNGENE26MAR460PE,36.5,36.5,36.5,36.5,36.5,0.4,433.15,32.25,1000,1000,1,496500.0,1,F1,1000,,,,,
2026-02-18,2026-02-18,FO,NSE,STO,139271,,SYNGENE,,2026-02-24,2026-02-24,620.0,PE,SYNGENE26FEB620PE,182.9,190.0,182.9,190.0,190.0,184.5,433.15,186.3,143000,-1000,6,4852400.0,3,F1,1000,,,,,
2026-02-18,2026-02-18,FO,NSE,STO,160590,,SYNGENE,,2026-03-30,2026-03-30,520.0,CE,SYNGENE26MAR520CE,2.0,2.3,2.0,2.3,2.3,2.8,433.15,2.3,11000,2000,4,2088650.0,4,F1,1000,,,,,
2026-02-18,2026-02-18,FO,NSE,STO,168860,,SYNGENE,,2026-03-30,2026-03-30,510.0,CE,SYNGENE26MAR510CE,2.8,3.2,2.8,2.95,2.95,3.75,433.15,2.95,56000,3000,10,5129750.0,9,F1,1000,,,,,
2026-02-18,2026-02-18,FO,NSE,STO,45491,,SYNGENE,,2026-02-24,2026-02-24,430.0,PE,SYNGENE26FEB430PE,6.8,8.5,3.45,5.0,5.0,7.35,433.15,5.0,352000,-121000,846,368583150.0,614,F1,1000,,,,,
2026-02-18,2026-02-18,FO,NSE,STO,139252,,SYNGENE,,2026-02-24,2026-02-24,460.0,CE,SYNGENE26FEB460CE,2.25,2.35,0.8,1.1,1.05,2.05,433.15,1.1,692000,13000,795,366660350.0,593,F1,1000,,,,,
2026-02-18,2026-02-18,FO,NSE,STO,139250,,SYNGENE,,2026-02-24,2026-02-24,440.0,CE,SYNGENE26FEB440CE,6.5,6.8,3.35,4.65,4.6,6.3,433.15,4.65,757000,252000,2738,1218721000.0,1835,F1,1000,,,,,
2026-02-18,2026-02-18,FO,NSE,STO,160546,,SYNGENE,,2026-02-24,2026-02-24,590.0,CE,SYNGENE26FEB590CE,0.0,0.0,0.0,0.1,0.1,0.1,433.15,0.05,44000,0,0,0.0,0,F1,1000,,,,,
2026-02-18,2026-02-18,FO,NSE,STO,139264,,SYNGENE,,2026-02-24,2026-02-24,580.0,CE,SYNGENE26FEB580CE,0.1,0.15,0.1,0.15,0.15,0.1,433.15,0.05,164000,-12000,27,15663200.0,12,F1,1000,,,,,
2026-02-18,2026-02-18,FO,NSE,STO,139256,,SYNGENE,,2026-02-24,2026-02-24,500.0,CE,SYNGENE26FEB500CE,0.35,0.4,0.2,0.2,0.2,0.4,433.15,0.2,1572000,-210000,710,355188050.0,234,F1,1000,,,,,
2026-02-18,2026-02-18,FO,NSE,STO,45486,,SYNGENE,,2026-02-24,2026-02-24,430.0,CE,SYNGENE26FEB430CE,11.3,12.85,7.0,9.2,9.85,11.05,433.15,9.2,415000,81000,860,377966600.0,776,F1,1000,,,,,
2026-02-18,2026-02-18,FO,NSE,STO,45480,,SYNGENE,,2026-02-24,2026-02-24,340.0,CE,SYNGENE26FEB340CE,0.0,0.0,0.0,97.0,97.0,97.0,433.15,93.45,2000,0,0,0.0,0,F1,1000,,,,,
2026-02-18,2026-02-18,FO,NSE,STO,160547,,SYNGENE,,2026-02-24,2026-02-24,590.0,PE,SYNGENE26FEB590PE,0.0,0.0,0.0,155.1,155.1,155.1,433.15,156.3,39000,0,0,0.0,0,F1,1000,,,,,
2026-02-18,2026-02-18,FO,NSE,STO,168859,,SYNGENE,,2026-03-30,2026-03-30,490.0,PE,SYNGENE26MAR490PE,0.0,0.0,0.0,26.75,0.0,26.75,433.15,56.55,0,0,0,0.0,0,F1,1000,,,,,
2026-02-18,2026-02-18,FO,NSE,STO,168857,,SYNGENE,,2026-03-30,2026-03-30,470.0,PE,SYNGENE26MAR470PE,40.6,40.6,40.6,40.6,40.6,43.1,433.15,40.6,6000,1000,1,510600.0,1,F1,1000,,,,,
2026-02-18,2026-02-18,FO,NSE,STO,63931,,SYNGENE,,2026-02-24,2026-02-24,390.0,CE,SYNGENE26FEB390CE,0.0,0.0,0.0,213.1,0.0,213.1,433.15,43.5,0,0,0,0.0,0,F1,1000,,,,,
2026-02-18,2026-02-18,FO,NSE,STF,52047,,SYNGENE,,2026-03-30,2026-03-30,,,SYNGENE26MARFUT,437.1,441.95,431.4,436.75,436.95,436.1,433.15,436.75,1866000,579000,1202,523987700.0,985,F1,1000,,,,,
2026-02-18,2026-02-18,FO,NSE,STO,168865,,SYNGENE,,2026-03-30,2026-03-30,550.0,PE,SYNGENE26MAR550PE,112.0,112.0,112.0,112.0,112.0,112.5,433.15,113.7,6000,1000,1,662000.0,1,F1,1000,,,,,
2026-02-18,2026-02-18,FO,NSE,STO,160548,,SYNGENE,,2026-02-24,2026-02-24,610.0,CE,SYNGENE26FEB610CE,0.1,0.1,0.1,0.1,0.1,0.2,433.15,0.05,55000,0,25,15252500.0,2,F1,1000,,,,,
2026-02-18,2026-02-18,FO,NSE,STO,139268,,SYNGENE,,2026-02-24,2026-02-24,620.0,CE,SYNGENE26FEB620CE,0.0,0.0,0.0,0.1,0.1,0.1,433.15,0.05,52000,0,0,0.0,0,F1,1000,,,,,
2026-02-18,2026-02-18,FO,NSE,STO,160550,,SYNGENE,,2026-02-24,2026-02-24,630.0,CE,SYNGENE26FEB630CE,0.0,0.0,0.0,0.1,0.1,0.1,433.15,0.05,72000,0,0,0.0,0,F1,1000,,,,,
2026-02-18,2026-02-18,FO,NSE,STO,139280,,SYNGENE,,2026-02-24,2026-02-24,720.0,CE,SYNGENE26FEB720CE,0.0,0.0,0.0,3.95,3.95,3.95,433.15,0.05,2000,0,0,0.0,0,F1,1000,,,,,
2026-02-18,2026-02-18,FO,NSE,STO,66550,,SYNGENE,,2026-03-30,2026-03-30,380.0,CE,SYNGENE26MAR380CE,0.0,0.0,0.0,60.0,60.0,60.0,433.15,57.0,4000,0,0,0.0,0,F1,1000,,,,,
2026-02-18,2026-02-18,FO,NSE,STO,168848,,SYNGENE,,2026-03-30,2026-03-30,390.0,CE,SYNGENE26MAR390CE,0.0,0.0,0.0,105.35,0.0,105.35,433.15,48.2,0,0,0,0.0,0,F1,1000,,,,,
2026-02-18,2026-02-18,FO,NSE,STO,160582,,SYNGENE,,2026-03-30,2026-03-30,440.0,CE,SYNGENE26MAR440CE,18.3,20.55,15.3,18.2,18.05,18.1,433.15,18.2,145000,125000,270,123749450.0,196,F1,1000,,,,,
2026-02-18,2026-02-18,FO,NSE,STO,160535,,SYNGENE,,2026-02-24,2026-02-24,470.0,PE,SYNGENE26FEB470PE,41.0,41.3,34.45,34.75,34.75,36.85,433.15,36.55,444000,2000,8,4053900.0,8,F1,1000,,,,,
2026-02-18,2026-02-18,FO,NSE,STO,168843,,SYNGENE,,2026-03-30,2026-03-30,340.0,PE,SYNGENE26MAR340PE,0.0,0.0,0.0,0.15,0.0,0.15,433.15,0.1,0,0,0,0.0,0,F1,1000,,,,,
2026-02-18,2026-02-18,FO,NSE,STO,62788,,SYNGENE,,2026-03-30,2026-03-30,420.0,PE,SYNGENE26MAR420PE,0.0,0.0,0.0,0.1,0.0,0.1,433.15,10.15,0,0,0,0.0,0,F1,1000,,,,,
2026-02-18,2026-02-18,FO,NSE,STO,168862,,SYNGENE,,2026-03-30,2026-03-30,530.0,CE,SYNGENE26MAR530CE,1.65,1.65,1.65,1.65,1.65,4.0,433.15,0.45,1000,0,1,531650.0,1,F1,1000,,,,,
2026-02-18,2026-02-18,FO,NSE,STO,62785,,SYNGENE,,2026-03-30,2026-03-30,360.0,CE,SYNGENE26MAR360CE,0.0,0.0,0.0,250.15,0.0,250.15,433.15,75.7,0,0,0,0.0,0,F1,1000,,,,,
2026-02-18,2026-02-18,FO,NSE,STO,168842,,SYNGENE,,2026-03-30,2026-03-30,340.0,CE,SYNGENE26MAR340CE,0.0,0.0,0.0,153.4,0.0,153.4,433.15,95.25,0,0,0,0.0,0,F1,1000,,,,,
2026-02-18,2026-02-18,FO,NSE,STO,139272,,SYNGENE,,2026-02-24,2026-02-24,640.0,CE,SYNGENE26FEB640CE,0.05,0.05,0.05,0.05,0.05,0.05,433.15,0.05,46000,-4000,4,2560200.0,4,F1,1000,,,,,
2026-02-18,2026-02-18,FO,NSE,STO,160581,,SYNGENE,,2026-03-30,2026-03-30,400.0,PE,SYNGENE26MAR400PE,6.5,7.3,5.2,6.3,5.9,7.15,433.15,6.3,123000,19000,87,35360350.0,66,F1,1000,,,,,
2026-02-18,2026-02-18,FO,NSE,STO,160538,,SYNGENE,,2026-02-24,2026-02-24,510.0,CE,SYNGENE26FEB510CE,0.25,0.3,0.15,0.2,0.15,0.35,433.15,0.2,532000,-36000,251,128062400.0,90,F1,1000,,,,,
2026-02-18,2026-02-18,FO,NSE,STO,160534,,SYNGENE,,2026-02-24,2026-02-24,470.0,CE,SYNGENE26FEB470CE,1.3,1.45,0.45,0.6,0.55,1.3,433.15,0.6,562000,-45000,384,180756150.0,292,F1,1000,,,,,
2026-02-18,2026-02-18,FO,NSE,STO,168855,,SYNGENE,,2026-03-30,2026-03-30,450.0,PE,SYNGENE26MAR450PE,25.8,29.5,23.65,26.4,26.85,27.0,433.15,26.4,88000,22000,54,25714400.0,54,F1,1000,,,,,
2026-02-18,2026-02-18,FO,NSE,STO,160583,,SYNGENE,,2026-03-30,2026-03-30,440.0,PE,SYNGENE26MAR440PE,20.15,23.6,18.05,20.15,19.75,20.2,433.15,20.15,117000,107000,188,86472650.0,128,F1,1000,,,,,
2026-02-18,2026-02-18,FO,NSE,STO,139265,,SYNGENE,,2026-02-24,2026-02-24,580.0,PE,SYNGENE26FEB580PE,148.25,148.25,145.0,145.0,145.0,138.7,433.15,146.35,132000,0,2,1453250.0,2,F1,1000,,,,,
2026-02-18,2026-02-18,FO,NSE,STO,66551,,SYNGENE,,2026-03-30,2026-03-30,380.0,PE,SYNGENE26MAR380PE,0.0,0.0,0.0,4.0,4.0,4.0,433.15,1.55,3000,0,0,0.0,0,F1,1000,,,,,
2026-02-18,2026-02-18,FO,NSE,STO,139261,,SYNGENE,,2026-02-24,2026-02-24,540.0,PE,SYNGENE26FEB540PE,0.0,0.0,0.0,103.3,103.3,103.3,433.15,106.35,86000,0,0,0.0,0,F1,1000,,,,,
2026-02-18,2026-02-18,FO,NSE,STO,139275,,SYNGENE,,2026-02-24,2026-02-24,660.0,PE,SYNGENE26FEB660PE,0.0,0.0,0.0,224.4,224.4,224.4,433.15,226.25,6000,0,0,0.0,0,F1,1000,,,,,
2026-02-18,2026-02-18,FO,NSE,STO,45494,,SYNGENE,,2026-03-30,2026-03-30,460.0,CE,SYNGENE26MAR460CE,10.0,12.0,9.35,10.55,10.55,179.4,433.15,10.55,13000,13000,26,12238100.0,21,F1,1000,,,,,
2026-02-18,2026-02-18,FO,NSE,STO,168852,,SYNGENE,,2026-03-30,2026-03-30,430.0,CE,SYNGENE26MAR430CE,25.0,25.4,19.7,22.65,22.35,23.0,433.15,22.65,31000,12000,37,16736800.0,35,F1,1000,,,,,
2026-02-18,2026-02-18,FO,NSE,STO,160552,,SYNGENE,,2026-02-24,2026-02-24,650.0,CE,SYNGENE26FEB650CE,0.1,0.1,0.05,0.05,0.05,0.1,433.15,0.05,88000,-7000,7,4550450.0,3,F1,1000,,,,,
2026-02-18,2026-02-18,FO,NSE,STO,160544,,SYNGENE,,2026-02-24,2026-02-24,570.0,CE,SYNGENE26FEB570CE,0.1,0.1,0.1,0.1,0.1,0.15,433.15,0.05,105000,-5000,13,7411300.0,7,F1,1000,,,,,
2026-02-18,2026-02-18,FO,NSE,STO,160542,,SYNGENE,,2026-02-24,2026-02-24,550.0,CE,SYNGENE26FEB550CE,0.15,0.15,0.05,0.1,0.05,0.2,433.15,0.1,377000,-142000,229,125973650.0,58,F1,1000,,,,,
2026-02-18,2026-02-18,FO,NSE,STO,66543,,SYNGENE,,2026-02-24,2026-02-24,370.0,CE,SYNGENE26FEB370CE,0.0,0.0,0.0,175.55,0.0,175.55,433.15,63.5,0,0,0,0.0,0,F1,1000,,,,,
2026-02-18,2026-02-18,FO,NSE,STO,160549,,SYNGENE,,2026-02-24,2026-02-24,610.0,PE,SYNGENE26FEB610PE,0.0,0.0,0.0,103.0,103.0,103.0,433.15,176.3,10000,0,0,0.0,0,F1,1000,,,,,
2026-02-18,2026-02-18,FO,NSE,STO,139267,,SYNGENE,,2026-02-24,2026-02-24,600.0,PE,SYNGENE26FEB600PE,169.9,169.9,169.9,169.9,169.9,167.0,433.15,166.3,153000,-1000,1,769900.0,1,F1,1000,,,,,
2026-02-18,2026-02-18,FO,NSE,STO,139255,,SYNGENE,,2026-02-24,2026-02-24,480.0,PE,SYNGENE26FEB480PE,51.0,52.0,42.1,42.1,42.1,45.5,433.15,46.45,422000,-6000,12,6351650.0,11,F1,1000,,,,,
2026-02-18,2026-02-18,FO,NSE,STO,63932,,SYNGENE,,2026-02-24,2026-02-24,390.0,PE,SYNGENE26FEB390PE,0.0,0.0,0.0,0.05,0.0,0.05,433.15,0.05,0,0,0,0.0,0,F1,1000,,,,,
2026-02-18,2026-02-18,FO,NSE,STO,160600,,SYNGENE,,2026-03-30,2026-03-30,620.0,CE,SYNGENE26MAR620CE,0.0,0.0,0.0,0.7,0.7,0.7,433.15,0.05,8000,0,0,0.0,0,F1,1000,,,,,
2026-02-18,2026-02-18,FO,NSE,STO,160586,,SYNGENE,,2026-03-30,2026-03-30,480.0,CE,SYNGENE26MAR480CE,6.75,7.25,5.55,6.1,6.1,7.3,433.15,6.1,65000,27000,61,29672400.0,40,F1,1000,,,,,
2026-02-18,2026-02-18,FO,NSE,STO,160597,,SYNGENE,,2026-03-30,2026-03-30,580.0,PE,SYNGENE26MAR580PE,140.0,140.0,140.0,140.0,140.0,145.0,433.15,143.4,2000,1000,1,720000.0,1,F1,1000,,,,,
2026-02-18,2026-02-18,FO,NSE,STO,168849,,SYNGENE,,2026-03-30,2026-03-30,390.0,PE,SYNGENE26MAR390PE,0.0,0.0,0.0,1.55,0.0,1.55,433.15,2.7,0,0,0,0.0,0,F1,1000,,,,,
2026-02-18,2026-02-18,FO,NSE,STO,160557,,SYNGENE,,2026-02-24,2026-02-24,690.0,PE,SYNGENE26FEB690PE,0.0,0.0,0.0,250.05,250.05,250.05,433.15,256.25,14000,0,0,0.0,0,F1,1000,,,,,
2026-02-18,2026-02-18,FO,NSE,STO,139281,,SYNGENE,,2026-02-24,2026-02-24,720.0,PE,SYNGENE26FEB720PE,0.0,0.0,0.0,255.2,255.2,255.2,433.15,286.2,14000,0,0,0.0,0,F1,1000,,,,,
2026-02-18,2026-02-18,FO,NSE,STO,160603,,SYNGENE,,2026-03-30,2026-03-30,640.0,PE,SYNGENE26MAR640PE,0.0,0.0,0.0,150.6,150.6,150.6,433.15,203.0,3000,0,0,0.0,0,F1,1000,,,,,
2026-02-18,2026-02-18,FO,NSE,STO,168851,,SYNGENE,,2026-03-30,2026-03-30,410.0,PE,SYNGENE26MAR410PE,10.7,10.7,7.75,7.95,7.95,9.7,433.15,6.9,17000,2000,16,6696000.0,14,F1,1000,,,,,
2026-02-18,2026-02-18,FO,NSE,STO,139260,,SYNGENE,,2026-02-24,2026-02-24,540.0,CE,SYNGENE26FEB540CE,0.15,0.15,0.1,0.15,0.15,0.2,433.15,0.15,153000,-11000,14,7561550.0,9,F1,1000,,,,,
2026-02-18,2026-02-18,FO,NSE,STO,139262,,SYNGENE,,2026-02-24,2026-02-24,560.0,CE,SYNGENE26FEB560CE,0.1,0.1,0.05,0.05,0.05,0.15,433.15,0.05,179000,-44000,60,33605750.0,33,F1,1000,,,,,
2026-02-18,2026-02-18,FO,NSE,STO,139274,,SYNGENE,,2026-02-24,2026-02-24,660.0,CE,SYNGENE26FEB660CE,0.0,0.0,0.0,0.05,0.05,0.05,433.15,0.05,27000,0,0,0.0,0,F1,1000,,,,,
2026-02-18,2026-02-18,FO,NSE,STO,168854,,SYNGENE,,2026-03-30,2026-03-30,450.0,CE,SYNGENE26MAR450CE,15.35,16.1,12.0,13.8,13.25,14.8,433.15,13.8,232000,95000,226,104771000.0,209,F1,1000,,,,,
2026-02-18,2026-02-18,FO,NSE,STO,168864,,SYNGENE,,2026-03-30,2026-03-30,550.0,CE,SYNGENE26MAR550CE,0.0,0.0,0.0,1.45,1.45,1.45,433.15,0.15,5000,0,0,0.0,0,F1,1000,,,,,
2026-02-18,2026-02-18,FO,NSE,STO,168866,,SYNGENE,,2026-03-30,2026-03-30,570.0,CE,SYNGENE26MAR570CE,0.0,0.0,0.0,7.3,0.0,7.3,433.15,0.05,0,0,0,0.0,0,F1,1000,,,,,
2026-02-18,2026-02-18,FO,NSE,STO,45485,,SYNGENE,,2026-02-24,2026-02-24,340.0,PE,SYNGENE26FEB340PE,0.0,0.0,0.0,0.05,0.0,0.05,433.15,0.05,0,0,0,0.0,0,F1,1000,,,,,
2026-02-18,2026-02-18,FO,NSE,STO,62784,,SYNGENE,,2026-02-24,2026-02-24,410.0,PE,SYNGENE26FEB410PE,1.6,2.2,0.85,1.1,1.05,2.15,433.15,1.1,124000,31000,200,82327600.0,182,F1,1000,,,,,
2026-02-18,2026-02-18,FO,NSE,STO,139259,,SYNGENE,,2026-02-24,2026-02-24,520.0,PE,SYNGENE26FEB520PE,0.0,0.0,0.0,66.0,66.0,66.0,433.15,86.4,147000,0,0,0.0,0,F1,1000,,,,,
2026-02-18,2026-02-18,FO,NSE,STO,139277,,SYNGENE,,2026-02-24,2026-02-24,680.0,PE,SYNGENE26FEB680PE,248.0,248.0,248.0,248.0,248.0,244.5,433.15,246.25,24000,-1000,1,928000.0,1,F1,1000,,,,,
2026-02-18,2026-02-18,FO,NSE,STO,160599,,SYNGENE,,2026-03-30,2026-03-30,600.0,PE,SYNGENE26MAR600PE,163.0,163.0,163.0,163.0,163.0,162.8,433.15,163.25,23000,2000,2,1526000.0,2,F1,1000,,,,,
2026-02-18,2026-02-18,FO,NSE,STO,139263,,SYNGENE,,2026-02-24,2026-02-24,560.0,PE,SYNGENE26FEB560PE,0.0,0.0,0.0,124.25,124.25,124.25,433.15,126.35,93000,0,0,0.0,0,F1,1000,,,,,
2026-02-18,2026-02-18,FO,NSE,STO,160593,,SYNGENE,,2026-03-30,2026-03-30,540.0,PE,SYNGENE26MAR540PE,0.0,0.0,0.0,105.4,105.4,105.4,433.15,103.85,2000,0,0,0.0,0,F1,1000,,,,,
2026-02-18,2026-02-18,FO,NSE,STO,139273,,SYNGENE,,2026-02-24,2026-02-24,640.0,PE,SYNGENE26FEB640PE,211.25,211.25,211.25,211.25,211.25,201.5,433.15,206.25,36000,-2000,2,1702500.0,1,F1,1000,,,,,
2026-02-18,2026-02-18,FO,NSE,STO,139249,,SYNGENE,,2026-02-24,2026-02-24,400.0,PE,SYNGENE26FEB400PE,1.05,1.15,0.45,0.6,0.6,1.2,433.15,0.6,217000,-6000,198,79340500.0,155,F1,1000,,,,,
2026-02-18,2026-02-18,FO,NSE,STO,160532,,SYNGENE,,2026-02-24,2026-02-24,450.0,CE,SYNGENE26FEB450CE,3.6,3.6,1.6,2.15,2.2,3.55,433.15,2.15,742000,-139000,1399,632997650.0,1144,F1,1000,,,,,
2026-02-18,2026-02-18,FO,NSE,STO,139283,,SYNGENE,,2026-02-24,2026-02-24,740.0,PE,SYNGENE26FEB740PE,0.0,0.0,0.0,292.65,292.65,292.65,433.15,306.2,6000,0,0,0.0,0,F1,1000,,,,,
2026-02-18,2026-02-18,FO,NSE,STO,160591,,SYNGENE,,2026-03-30,2026-03-30,520.0,PE,SYNGENE26MAR520PE,0.0,0.0,0.0,3.05,0.0,3.05,433.15,84.45,0,0,0,0.0,0,F1,1000,,,,,
2026-02-18,2026-02-18,FO,NSE,STO,62787,,SYNGENE,,2026-03-30,2026-03-30,420.0,CE,SYNGENE26MAR420CE,0.0,0.0,0.0,190.9,0.0,190.9,433.15,25.85,0,0,0,0.0,0,F1,1000,,,,,
2026-02-18,2026-02-18,FO,NSE,STO,160580,,SYNGENE,,2026-03-30,2026-03-30,400.0,CE,SYNGENE26MAR400CE,0.0,0.0,0.0,90.0,90.0,90.0,433.15,40.0,1000,0,0,0.0,0,F1,1000,,,,,
2026-02-18,2026-02-18,FO,NSE,STO,139276,,SYNGENE,,2026-02-24,2026-02-24,680.0,CE,SYNGENE26FEB680CE,0.0,0.0,0.0,0.1,0.1,0.1,433.15,0.05,11000,0,0,0.0,0,F1,1000,,,,,
2026-02-18,2026-02-18,FO,NSE,STO,139266,,SYNGENE,,2026-02-24,2026-02-24,600.0,CE,SYNGENE26FEB600CE,0.15,0.15,0.05,0.05,0.05,0.15,433.15,0.05,382000,-44000,79,47405950.0,23,F1,1000,,,,,
2026-02-18,2026-02-18,FO,NSE,STF,59476,,SYNGENE,,2026-02-24,2026-02-24,,,SYNGENE26FEBFUT,434.95,439.65,428.7,434.0,434.85,433.5,433.15,434.0,10595000,-206000,2231,967110050.0,1839,F1,1000,,,,,
2026-02-18,2026-02-18,FO,NSE,STO,160594,,SYNGENE,,2026-03-30,2026-03-30,560.0,CE,SYNGENE26MAR560CE,0.0,0.0,0.0,4.0,4.0,4.0,433.15,0.1,2000,0,0,0.0,0,F1,1000,,,,,
2026-02-18,2026-02-18,FO,NSE,STO,139257,,SYNGENE,,2026-02-24,2026-02-24,500.0,PE,SYNGENE26FEB500PE,69.0,71.0,60.4,66.9,66.9,64.6,433.15,66.9,346000,-8000,13,7381750.0,13,F1,1000,,,,,
2026-02-18,2026-02-18,FO,NSE,STO,139279,,SYNGENE,,2026-02-24,2026-02-24,700.0,PE,SYNGENE26FEB700PE,0.0,0.0,0.0,264.7,264.7,264.7,433.15,266.2,25000,0,0,0.0,0,F1,1000,,,,,
2026-02-18,2026-02-18,FO,NSE,STO,139244,,SYNGENE,,2026-02-24,2026-02-24,360.0,CE,SYNGENE26FEB360CE,0.0,0.0,0.0,95.8,95.8,95.8,433.15,73.5,3000,0,0,0.0,0,F1,1000,,,,,
2026-02-18,2026-02-18,FO,NSE,STO,86022,,COFORGE,,2026-02-24,2026-02-24,1800.0,PE,COFORGE26FEB1800PE,452.0,452.0,430.0,432.15,432.15,419.0,1372.8,425.55,100500,-6375,27,22721400.0,13,F1,375,,,,,
2026-02-18,2026-02-18,FO,NSE,STO,86981,,COFORGE,,2026-03-30,2026-03-30,1960.0,PE,COFORGE26MAR1960PE,0.0,0.0,0.0,324.05,0.0,324.05,1372.8,575.55,0,0,0,0.0,0,F1,375,,,,,
2026-02-18,2026-02-18,FO,NSE,STO,86952,,COFORGE,,2026-03-30,2026-03-30,1800.0,PE,COFORGE26MAR1800PE,0.0,0.0,0.0,410.5,410.5,410.5,1372.8,417.35,6000,0,0,0.0,0,F1,375,,,,,
2026-02-18,2026-02-18,FO,NSE,STO,86851,,COFORGE,,2026-03-30,2026-03-30,1360.0,PE,COFORGE26MAR1360PE,72.8,87.2,62.3,63.35,63.85,69.35,1372.8,63.35,79875,56625,380,204885112.5,257,F1,375,,,,,
2026-02-18,2026-02-18,FO,NSE,STO,86845,,COFORGE,,2026-03-30,2026-03-30,1240.0,PE,COFORGE26MAR1240PE,32.0,37.0,24.1,24.1,24.1,27.0,1372.8,16.15,15375,4500,61,29074818.75,58,F1,375,,,,,
2026-02-18,2026-02-18,FO,NSE,STO,86708,,COFORGE,,2026-02-24,2026-02-24,1740.0,CE,COFORGE26FEB1740CE,0.45,0.5,0.4,0.4,0.4,0.75,1372.8,0.4,145875,-34125,193,125964862.5,62,F1,375,,,,,
2026-02-18,2026-02-18,FO,NSE,STO,86678,,COFORGE,,2026-02-24,2026-02-24,1160.0,CE,COFORGE26FEB1160CE,0.0,0.0,0.0,506.6,0.0,506.6,1372.8,213.85,0,0,0,0.0,0,F1,375,,,,,
2026-02-18,2026-02-18,FO,NSE,STO,86712,,COFORGE,,2026-02-24,2026-02-24,1820.0,CE,COFORGE26FEB1820CE,0.35,0.35,0.35,0.35,0.35,0.55,1372.8,0.35,40875,375,3,2047893.75,3,F1,375,,,,,
2026-02-18,2026-02-18,FO,NSE,STO,86032,,COFORGE,,2026-02-24,2026-02-24,1920.0,CE,COFORGE26FEB1920CE,0.15,0.2,0.15,0.15,0.15,0.4,1372.8,0.15,6000,-375,3,2160187.5,3,F1,375,,,,,
2026-02-18,2026-02-18,FO,NSE,STO,86020,,COFORGE,,2026-02-24,2026-02-24,1760.0,PE,COFORGE26FEB1760PE,415.0,417.0,387.0,387.0,387.0,379.55,1372.8,387.0,30375,-1500,6,4866000.0,4,F1,375,,,,,
2026-02-18,2026-02-18,FO,NSE,STO,86843,,COFORGE,,2026-03-30,2026-03-30,1240.0,CE,COFORGE26MAR1240CE,0.0,0.0,0.0,180.0,180.0,180.0,1372.8,156.4,375,0,0,0.0,0,F1,375,,,,,
2026-02-18,2026-02-18,FO,NSE,STO,86948,,COFORGE,,2026-03-30,2026-03-30,1800.0,CE,COFORGE26MAR1800CE,4.45,4.45,2.85,3.05,3.05,5.0,1372.8,3.05,94500,3750,105,71011387.5,82,F1,375,,,,,
2026-02-18,2026-02-18,FO,NSE,STO,86016,,COFORGE,,2026-02-24,2026-02-24,1680.0,PE,COFORGE26FEB1680PE,0.0,0.0,0.0,255.9,255.9,255.9,1372.8,305.7,217875,0,0,0.0,0,F1,375,,,,,
2026-02-18,2026-02-18,FO,NSE,STO,86007,,COFORGE,,2026-02-24,2026-02-24,1600.0,PE,COFORGE26FEB1600PE,232.4,252.0,225.5,225.5,225.5,220.6,1372.8,225.5,438750,-1875,19,13112512.5,18,F1,375,,,,,
2026-02-18,2026-02-18,FO,NSE,STO,86701,,COFORGE,,2026-02-24,2026-02-24,1580.0,PE,COFORGE26FEB1580PE,222.5,226.0,211.3,211.3,211.3,201.0,1372.8,211.3,183375,-750,4,2702081.25,4,F1,375,,,,,
2026-02-18,2026-02-18,FO,NSE,STO,86689,,COFORGE,,2026-02-24,2026-02-24,1340.0,PE,COFORGE26FEB1340PE,25.0,34.75,13.9,15.35,16.9,22.35,1372.8,15.35,230625,-23250,4215,2157604406.25,3482,F1,375,,,,,
2026-02-18,2026-02-18,FO,NSE,STO,86685,,COFORGE,,2026-02-24,2026-02-24,1260.0,PE,COFORGE26FEB1260PE,6.9,9.5,2.55,2.9,3.25,6.3,1372.8,2.9,86625,20625,1086,515403862.5,809,F1,375,,,,,
2026-02-18,2026-02-18,FO,NSE,STO,99502,,COFORGE,,2026-03-30,2026-03-30,1500.0,PE,COFORGE26MAR1500PE,157.2,181.0,150.0,150.35,151.0,150.35,1372.8,150.35,102375,3750,15,9353287.5,14,F1,375,,,,,
2026-02-18,2026-02-18,FO,NSE,STO,99504,,COFORGE,,2026-03-30,2026-03-30,1540.0,PE,COFORGE26MAR1540PE,184.4,184.4,184.35,184.35,184.35,109.0,1372.8,175.65,750,375,2,1293281.25,2,F1,375,,,,,
2026-02-18,2026-02-18,FO,NSE,STO,86938,,COFORGE,,2026-03-30,2026-03-30,1720.0,PE,COFORGE26MAR1720PE,0.0,0.0,0.0,157.6,0.0,157.6,1372.8,339.45,0,0,0,0.0,0,F1,375,,,,,
2026-02-18,2026-02-18,FO,NSE,STO,86979,,COFORGE,,2026-03-30,2026-03-30,1920.0,PE,COFORGE26MAR1920PE,0.0,0.0,0.0,292.9,0.0,292.9,1372.8,535.85,0,0,0,0.0,0,F1,375,,,,,
2026-02-18,2026-02-18,FO,NSE,STO,99788,,COFORGE,,2026-04-28,2026-04-28,1600.0,PE,COFORGE26APR1600PE,0.0,0.0,0.0,91.6,0.0,91.6,1372.8,234.35,0,0,0,0.0,0,F1,375,,,,,
2026-02-18,2026-02-18,FO,NSE,STO,99801,,COFORGE,,2026-04-28,2026-04-28,1760.0,CE,COFORGE26APR1760CE,0.0,0.0,0.0,105.95,0.0,105.95,1372.8,7.3,0,0,0,0.0,0,F1,375,,,,,
2026-02-18,2026-02-18,FO,NSE,STO,99782,,COFORGE,,2026-04-28,2026-04-28,1480.0,PE,COFORGE26APR1480PE,0.0,0.0,0.0,48.95,0.0,48.95,1372.8,143.3,0,0,0,0.0,0,F1,375,,,,,
2026-02-18,2026-02-18,FO,NSE,STO,99770,,COFORGE,,2026-04-28,2026-04-28,1240.0,PE,COFORGE26APR1240PE,0.0,0.0,0.0,8.1,0.0,8.1,1372.8,29.25,0,0,0,0.0,0,F1,375,,,,,
2026-02-18,2026-02-18,FO,NSE,STO,86985,,COFORGE,,2026-03-30,2026-03-30,2000.0,PE,COFORGE26MAR2000PE,0.0,0.0,0.0,356.2,0.0,356.2,1372.8,615.25,0,0,0,0.0,0,F1,375,,,,,
2026-02-18,2026-02-18,FO,NSE,STO,99785,,COFORGE,,2026-04-28,2026-04-28,1560.0,CE,COFORGE26APR1560CE,0.0,0.0,0.0,203.65,0.0,203.65,1372.8,31.0,0,0,0,0.0,0,F1,375,,,,,
2026-02-18,2026-02-18,FO,NSE,STO,99771,,COFORGE,,2026-04-28,2026-04-28,1280.0,CE,COFORGE26APR1280CE,0.0,0.0,0.0,415.55,0.0,415.55,1372.8,147.2,0,0,0,0.0,0,F1,375,,,,,
2026-02-18,2026-02-18,FO,NSE,STO,99552,,COFORGE,,2026-03-30,2026-03-30,1820.0,CE,COFORGE26MAR1820CE,3.3,3.3,3.05,3.05,3.05,7.0,1372.8,0.75,12750,-375,2,1367381.25,2,F1,375,,,,,
2026-02-18,2026-02-18,FO,NSE,STO,99538,,COFORGE,,2026-03-30,2026-03-30,1740.0,CE,COFORGE26MAR1740CE,5.45,5.65,5.45,5.55,5.55,9.4,1372.8,2.05,4125,0,12,7855125.0,11,F1,375,,,,,
2026-02-18,2026-02-18,FO,NSE,STO,86046,,COFORGE,,2026-02-24,2026-02-24,2160.0,CE,COFORGE26FEB2160CE,0.0,0.0,0.0,0.45,0.45,0.45,1372.8,0.05,2250,0,0,0.0,0,F1,375,,,,,
2026-02-18,2026-02-18,FO,NSE,STO,86720,,COFORGE,,2026-02-24,2026-02-24,1940.0,CE,COFORGE26FEB1940CE,0.0,0.0,0.0,27.75,0.0,27.75,1372.8,0.05,0,0,0,0.0,0,F1,375,,,,,
2026-02-18,2026-02-18,FO,NSE,STO,85981,,COFORGE,,2026-02-24,2026-02-24,1360.0,CE,COFORGE26FEB1360CE,51.0,51.0,23.5,35.7,33.7,47.15,1372.8,35.7,295500,-64125,6356,3314510343.75,5108,F1,375,,,,,
2026-02-18,2026-02-18,FO,NSE,STO,86684,,COFORGE,,2026-02-24,2026-02-24,1260.0,CE,COFORGE26FEB1260CE,0.0,0.0,0.0,410.4,0.0,410.4,1372.8,114.7,0,0,0,0.0,0,F1,375,,,,,
2026-02-18,2026-02-18,FO,NSE,STF,66778,,COFORGE,,2026-04-28,2026-04-28,,,COFORGE26APRFUT,1378.8,1386.1,1353.7,1381.3,1380.0,1393.7,1372.8,1381.3,277875,20250,352,180580312.5,261,F1,375,,,,,
2026-02-18,2026-02-18,FO,NSE,STO,37135,,COFORGE,,2026-02-24,2026-02-24,1140.0,PE,COFORGE26FEB1140PE,0.0,0.0,0.0,1.05,1.05,1.05,1372.8,0.05,1125,0,0,0.0,0,F1,375,,,,,
2026-02-18,2026-02-18,FO,NSE,STO,86005,,COFORGE,,2026-02-24,2026-02-24,1560.0,PE,COFORGE26FEB1560PE,203.0,222.0,187.5,187.5,187.5,181.1,1372.8,187.5,243375,-7500,40,26495381.25,33,F1,375,,,,,
2026-02-18,2026-02-18,FO,NSE,STO,86709,,COFORGE,,2026-02-24,2026-02-24,1740.0,PE,COFORGE26FEB1740PE,0.0,0.0,0.0,370.65,370.65,370.65,1372.8,365.65,49500,0,0,0.0,0,F1,375,,,,,
2026-02-18,2026-02-18,FO,NSE,STO,99747,,COFORGE,,2026-04-28,2026-04-28,1160.0,PE,COFORGE26APR1160PE,0.0,0.0,0.0,3.55,0.0,3.55,1372.8,13.05,0,0,0,0.0,0,F1,375,,,,,
2026-02-18,2026-02-18,FO,NSE,STO,99822,,COFORGE,,2026-04-28,2026-04-28,1880.0,CE,COFORGE26APR1880CE,0.0,0.0,0.0,67.95,0.0,67.95,1372.8,2.75,0,0,0,0.0,0,F1,375,,,,,
2026-02-18,2026-02-18,FO,NSE,STO,99738,,COFORGE,,2026-04-28,2026-04-28,1160.0,CE,COFORGE26APR1160CE,0.0,0.0,0.0,525.6,0.0,525.6,1372.8,237.85,0,0,0,0.0,0,F1,375,,,,,
2026-02-18,2026-02-18,FO,NSE,STO,99508,,COFORGE,,2026-03-30,2026-03-30,1620.0,CE,COFORGE26MAR1620CE,13.85,13.85,11.1,11.35,11.35,16.5,1372.8,7.9,9750,2250,10,6120018.75,10,F1,375,,,,,
2026-02-18,2026-02-18,FO,NSE,STO,86040,,COFORGE,,2026-02-24,2026-02-24,2080.0,CE,COFORGE26FEB2080CE,0.0,0.0,0.0,1.0,1.0,1.0,1372.8,0.05,750,0,0,0.0,0,F1,375,,,,,
2026-02-18,2026-02-18,FO,NSE,STO,86004,,COFORGE,,2026-02-24,2026-02-24,1560.0,CE,COFORGE26FEB1560CE,2.65,3.65,1.2,1.5,1.4,3.15,1372.8,1.5,1103250,-22500,1654,968563406.25,1148,F1,375,,,,,
2026-02-18,2026-02-18,FO,NSE,STF,51849,,COFORGE,,2026-03-30,2026-03-30,,,COFORGE26MARFUT,1380.1,1390.0,1343.4,1375.8,1373.9,1385.8,1372.8,1375.8,2487000,493125,4218,2155100025.0,3404,F1,375,,,,,
2026-02-18,2026-02-18,FO,NSE,STO,86010,,COFORGE,,2026-02-24,2026-02-24,1640.0,PE,COFORGE26FEB1640PE,289.75,289.75,284.85,284.85,284.85,255.95,1372.8,265.7,137250,-1875,6,4335956.25,6,F1,375,,,,,
2026-02-18,2026-02-18,FO,NSE,STO,99778,,COFORGE,,2026-04-28,2026-04-28,1400.0,PE,COFORGE26APR1400PE,0.0,0.0,0.0,29.5,0.0,29.5,1372.8,94.0,0,0,0,0.0,0,F1,375,,,,,
2026-02-18,2026-02-18,FO,NSE,STO,86929,,COFORGE,,2026-03-30,2026-03-30,1560.0,CE,COFORGE26MAR1560CE,23.85,23.85,16.65,18.95,18.95,25.1,1372.8,18.95,30000,3750,36,21307800.0,25,F1,375,,,,,
2026-02-18,2026-02-18,FO,NSE,STO,86852,,COFORGE,,2026-03-30,2026-03-30,1400.0,CE,COFORGE26MAR1400CE,64.45,71.8,54.05,61.4,59.85,73.65,1372.8,61.4,329625,187875,1573,860910187.5,1108,F1,375,,,,,
2026-02-18,2026-02-18,FO,NSE,STO,99480,,COFORGE,,2026-03-30,2026-03-30,1300.0,CE,COFORGE26MAR1300CE,119.8,119.8,104.45,115.85,116.6,127.0,1372.8,115.85,112125,99750,479,252961125.0,196,F1,375,,,,,
2026-02-18,2026-02-18,FO,NSE,STO,86031,,COFORGE,,2026-02-24,2026-02-24,1880.0,PE,COFORGE26FEB1880PE,0.0,0.0,0.0,437.2,437.2,437.2,1372.8,505.5,1125,0,0,0.0,0,F1,375,,,,,
2026-02-18,2026-02-18,FO,NSE,STO,86693,,COFORGE,,2026-02-24,2026-02-24,1420.0,PE,COFORGE26FEB1420PE,68.55,89.85,56.8,58.75,59.0,61.2,1372.8,58.75,122625,-17250,303,169520887.5,283,F1,375,,,,,
2026-02-18,2026-02-18,FO,NSE,STO,86861,,COFORGE,,2026-03-30,2026-03-30,1520.0,PE,COFORGE26MAR1520PE,0.0,0.0,0.0,120.0,120.0,120.0,1372.8,159.4,3375,0,0,0.0,0,F1,375,,,,,
2026-02-18,2026-02-18,FO,NSE,STO,86853,,COFORGE,,2026-03-30,2026-03-30,1400.0,PE,COFORGE26MAR1400PE,89.7,110.2,83.9,84.3,84.7,86.45,1372.8,84.3,163875,1875,236,132600300.0,208,F1,375,,,,,
2026-02-18,2026-02-18,FO,NSE,STO,99786,,COFORGE,,2026-04-28,2026-04-28,1560.0,PE,COFORGE26APR1560PE,0.0,0.0,0.0,75.45,0.0,75.45,1372.8,202.05,0,0,0,0.0,0,F1,375,,,,,
2026-02-18,2026-02-18,FO,NSE,STO,99479,,COFORGE,,2026-03-30,2026-03-30,1260.0,PE,COFORGE26MAR1260PE,37.0,43.0,27.65,28.5,28.65,4.25,1372.8,28.5,11625,11625,46,22281468.75,31,F1,375,,,,,
2026-02-18,2026-02-18,FO,NSE,STO,86033,,COFORGE,,2026-02-24,2026-02-24,1920.0,PE,COFORGE26FEB1920PE,0.0,0.0,0.0,469.9,469.9,469.9,1372.8,545.45,16125,0,0,0.0,0,F1,375,,,,,
2026-02-18,2026-02-18,FO,NSE,STO,99783,,COFORGE,,2026-04-28,2026-04-28,1520.0,CE,COFORGE26APR1520CE,0.0,0.0,0.0,228.8,0.0,228.8,1372.8,40.15,0,0,0,0.0,0,F1,375,,,,,
2026-02-18,2026-02-18,FO,NSE,STO,99777,,COFORGE,,2026-04-28,2026-04-28,1400.0,CE,COFORGE26APR1400CE,0.0,0.0,0.0,315.25,0.0,315.25,1372.8,81.3,0,0,0,0.0,0,F1,375,,,,,
2026-02-18,2026-02-18,FO,NSE,STO,99507,,COFORGE,,2026-03-30,2026-03-30,1580.0,PE,COFORGE26MAR1580PE,233.0,233.0,233.0,233.0,233.0,70.0,1372.8,209.65,3750,375,1,679875.0,1,F1,375,,,,,
2026-02-18,2026-02-18,FO,NSE,STO,86932,,COFORGE,,2026-03-30,2026-03-30,1600.0,PE,COFORGE26MAR1600PE,263.8,263.8,232.0,232.0,232.0,230.7,1372.8,232.0,39750,1500,25,17340300.0,16,F1,375,,,,,
2026-02-18,2026-02-18,FO,NSE,STO,99732,,COFORGE,,2026-04-28,2026-04-28,1040.0,PE,COFORGE26APR1040PE,0.0,0.0,0.0,0.75,0.0,0.75,1372.8,2.65,0,0,0,0.0,0,F1,375,,,,,
2026-02-18,2026-02-18,FO,NSE,STO,99775,,COFORGE,,2026-04-28,2026-04-28,1360.0,CE,COFORGE26APR1360CE,0.0,0.0,0.0,347.3,0.0,347.3,1372.8,100.35,0,0,0,0.0,0,F1,375,,,,,
2026-02-18,2026-02-18,FO,NSE,STO,99736,,COFORGE,,2026-04-28,2026-04-28,1120.0,CE,COFORGE26APR1120CE,0.0,0.0,0.0,563.65,0.0,563.65,1372.8,272.5,0,0,0,0.0,0,F1,375,,,,,
2026-02-18,2026-02-18,FO,NSE,STO,99566,,COFORGE,,2026-03-30,2026-03-30,1900.0,CE,COFORGE26MAR1900CE,2.35,2.4,1.75,1.8,1.8,3.35,1372.8,1.8,10875,750,23,16404356.25,23,F1,375,,,,,
2026-02-18,2026-02-18,FO,NSE,STO,86933,,COFORGE,,2026-03-30,2026-03-30,1640.0,CE,COFORGE26MAR1640CE,11.75,12.8,9.05,10.5,10.5,14.6,1372.8,10.5,49125,20625,89,55081387.5,78,F1,375,,,,,
2026-02-18,2026-02-18,FO,NSE,STO,86842,,COFORGE,,2026-03-30,2026-03-30,1200.0,PE,COFORGE26MAR1200PE,21.5,27.5,15.85,16.35,17.0,19.2,1372.8,16.35,107625,30375,209,95768925.0,176,F1,375,,,,,
2026-02-18,2026-02-18,FO,NSE,STO,86035,,COFORGE,,2026-02-24,2026-02-24,1960.0,PE,COFORGE26FEB1960PE,0.0,0.0,0.0,100.0,100.0,100.0,1372.8,585.45,375,0,0,0.0,0,F1,375,,,,,
2026-02-18,2026-02-18,FO,NSE,STO,85995,,COFORGE,,2026-02-24,2026-02-24,1400.0,PE,COFORGE26FEB1400PE,53.65,73.25,42.5,44.35,47.0,48.3,1372.8,44.35,380625,-99375,1169,639075993.75,935,F1,375,,,,,
2026-02-18,2026-02-18,FO,NSE,STO,50326,,COFORGE,,2026-02-24,2026-02-24,1320.0,PE,COFORGE26FEB1320PE,15.2,25.8,9.25,10.35,11.55,16.75,1372.8,10.35,177750,-29625,3169,1588403137.5,2701,F1,375,,,,,
2026-02-18,2026-02-18,FO,NSE,STO,86687,,COFORGE,,2026-02-24,2026-02-24,1300.0,PE,COFORGE26FEB1300PE,10.95,18.8,6.05,7.05,7.9,11.7,1372.8,7.05,442125,375,5789,2849664881.25,4102,F1,375,,,,,
2026-02-18,2026-02-18,FO,NSE,STO,99793,,COFORGE,,2026-04-28,2026-04-28,1680.0,CE,COFORGE26APR1680CE,0.0,0.0,0.0,139.5,0.0,139.5,1372.8,13.4,0,0,0,0.0,0,F1,375,,,,,
2026-02-18,2026-02-18,FO,NSE,STO,99761,,COFORGE,,2026-04-28,2026-04-28,1240.0,CE,COFORGE26APR1240CE,0.0,0.0,0.0,451.4,0.0,451.4,1372.8,174.9,0,0,0,0.0,0,F1,375,,,,,
2026-02-18,2026-02-18,FO,NSE,STO,99554,,COFORGE,,2026-03-30,2026-03-30,1860.0,CE,COFORGE26MAR1860CE,0.0,0.0,0.0,49.6,0.0,49.6,1372.8,0.45,0,0,0,0.0,0,F1,375,,,,,
2026-02-18,2026-02-18,FO,NSE,STO,99501,,COFORGE,,2026-03-30,2026-03-30,1500.0,CE,COFORGE26MAR1500CE,39.7,39.7,25.8,29.7,29.25,38.95,1372.8,29.7,262500,42750,769,441159037.5,541,F1,375,,,,,
2026-02-18,2026-02-18,FO,NSE,STO,99499,,COFORGE,,2026-03-30,2026-03-30,1460.0,CE,COFORGE26MAR1460CE,44.25,44.25,34.7,39.9,40.0,50.5,1372.8,39.9,31125,13500,85,47760018.75,75,F1,375,,,,,
2026-02-18,2026-02-18,FO,NSE,STO,86850,,COFORGE,,2026-03-30,2026-03-30,1360.0,CE,COFORGE26MAR1360CE,89.25,89.25,72.25,79.15,79.5,92.4,1372.8,79.15,90750,69000,435,234376275.0,271,F1,375,,,,,
2026-02-18,2026-02-18,FO,NSE,STO,86690,,COFORGE,,2026-02-24,2026-02-24,1380.0,CE,COFORGE26FEB1380CE,35.3,35.3,16.45,25.5,23.1,37.2,1372.8,25.5,618375,72000,5560,2924016131.25,4590,F1,375,,,,,
2026-02-18,2026-02-18,FO,NSE,STO,86688,,COFORGE,,2026-02-24,2026-02-24,1340.0,CE,COFORGE26FEB1340CE,49.9,57.15,32.85,48.5,46.15,60.45,1372.8,48.5,96750,13875,1807,935222325.0,1533,F1,375,,,,,
2026-02-18,2026-02-18,FO,NSE,STO,85978,,COFORGE,,2026-02-24,2026-02-24,1280.0,CE,COFORGE26FEB1280CE,78.25,94.1,72.0,94.05,94.05,110.85,1372.8,95.75,24000,1125,27,13804687.5,26,F1,375,,,,,
2026-02-18,2026-02-18,FO,NSE,STO,86682,,COFORGE,,2026-02-24,2026-02-24,1220.0,CE,COFORGE26FEB1220CE,0.0,0.0,0.0,448.45,0.0,448.45,1372.8,154.0,0,0,0,0.0,0,F1,375,,,,,
2026-02-18,2026-02-18,FO,NSE,STO,99500,,COFORGE,,2026-03-30,2026-03-30,1460.0,PE,COFORGE26MAR1460PE,134.9,137.0,131.0,131.0,131.0,105.0,1372.8,114.5,11250,5250,16,9568912.5,10,F1,375,,,,,
2026-02-18,2026-02-18,FO,NSE,STO,99539,,COFORGE,,2026-03-30,2026-03-30,1740.0,PE,COFORGE26MAR1740PE,0.0,0.0,0.0,349.7,349.7,349.7,1372.8,358.8,375,0,0,0.0,0,F1,375,,,,,
2026-02-18,2026-02-18,FO,NSE,STO,86966,,COFORGE,,2026-03-30,2026-03-30,1840.0,PE,COFORGE26MAR1840PE,0.0,0.0,0.0,234.35,0.0,234.35,1372.8,456.7,0,0,0,0.0,0,F1,375,,,,,
2026-02-18,2026-02-18,FO,NSE,STO,99772,,COFORGE,,2026-04-28,2026-04-28,1280.0,PE,COFORGE26APR1280PE,0.0,0.0,0.0,11.65,0.0,11.65,1372.8,41.15,0,0,0,0.0,0,F1,375,,,,,
2026-02-18,2026-02-18,FO,NSE,STO,99784,,COFORGE,,2026-04-28,2026-04-28,1520.0,PE,COFORGE26APR1520PE,0.0,0.0,0.0,61.25,0.0,61.25,1372.8,171.65,0,0,0,0.0,0,F1,375,,,,,
2026-02-18,2026-02-18,FO,NSE,STO,99794,,COFORGE,,2026-04-28,2026-04-28,1680.0,PE,COFORGE26APR1680PE,0.0,0.0,0.0,129.5,0.0,129.5,1372.8,303.2,0,0,0,0.0,0,F1,375,,,,,
2026-02-18,2026-02-18,FO,NSE,STO,86849,,COFORGE,,2026-03-30,2026-03-30,1320.0,PE,COFORGE26MAR1320PE,61.6,66.6,46.0,46.35,46.0,49.0,1372.8,46.35,36000,16125,89,46015237.5,57,F1,375,,,,,
2026-02-18,2026-02-18,FO,NSE,STO,86847,,COFORGE,,2026-03-30,2026-03-30,1280.0,PE,COFORGE26MAR1280PE,46.05,50.5,33.2,33.35,33.4,12.85,1372.8,33.35,15750,15750,91,45057281.25,57,F1,375,,,,,
2026-02-18,2026-02-18,FO,NSE,STO,99474,,COFORGE,,2026-03-30,2026-03-30,1180.0,CE,COFORGE26MAR1180CE,0.0,0.0,0.0,498.15,0.0,498.15,1372.8,206.9,0,0,0,0.0,0,F1,375,,,,,
2026-02-18,2026-02-18,FO,NSE,STO,99798,,COFORGE,,2026-04-28,2026-04-28,1720.0,PE,COFORGE26APR1720PE,0.0,0.0,0.0,151.2,0.0,151.2,1372.8,339.3,0,0,0,0.0,0,F1,375,,,,,
2026-02-18,2026-02-18,FO,NSE,STO,99876,,COFORGE,,2026-04-28,2026-04-28,2000.0,PE,COFORGE26APR2000PE,0.0,0.0,0.0,347.2,0.0,347.2,1372.8,607.5,0,0,0,0.0,0,F1,375,,,,,
2026-02-18,2026-02-18,FO,NSE,STO,86015,,COFORGE,,2026-02-24,2026-02-24,1680.0,CE,COFORGE26FEB1680CE,0.85,0.85,0.5,0.55,0.55,1.15,1372.8,0.55,319875,-54750,584,368048193.75,212,F1,375,,,,,
2026-02-18,2026-02-18,FO,NSE,STO,86716,,COFORGE,,2026-02-24,2026-02-24,1860.0,CE,COFORGE26FEB1860CE,0.35,0.35,0.25,0.3,0.3,0.45,1372.8,0.05,16875,-2625,11,7673662.5,5,F1,375,,,,,
2026-02-18,2026-02-18,FO,NSE,STO,86837,,COFORGE,,2026-03-30,2026-03-30,1120.0,CE,COFORGE26MAR1120CE,0.0,0.0,0.0,554.0,0.0,554.0,1372.8,262.1,0,0,0,0.0,0,F1,375,,,,,
2026-02-18,2026-02-18,FO,NSE,STO,99478,,COFORGE,,2026-03-30,2026-03-30,1260.0,CE,COFORGE26MAR1260CE,0.0,0.0,0.0,421.7,0.0,421.7,1372.8,140.95,0,0,0,0.0,0,F1,375,,,,,
2026-02-18,2026-02-18,FO,NSE,STO,99497,,COFORGE,,2026-03-30,2026-03-30,1420.0,CE,COFORGE26MAR1420CE,59.15,59.15,47.0,53.1,53.35,66.15,1372.8,53.1,33000,3000,93,51300450.0,82,F1,375,,,,,
2026-02-18,2026-02-18,FO,NSE,STO,99520,,COFORGE,,2026-03-30,2026-03-30,1700.0,CE,COFORGE26MAR1700CE,9.05,9.3,6.05,6.8,6.7,9.6,1372.8,6.8,195000,54750,343,219613931.25,228,F1,375,,,,,
2026-02-18,2026-02-18,FO,NSE,STO,86953,,COFORGE,,2026-03-30,2026-03-30,1840.0,CE,COFORGE26MAR1840CE,0.0,0.0,0.0,5.85,5.85,5.85,1372.8,0.6,0,0,0,0.0,0,F1,375,,,,,
2026-02-18,2026-02-18,FO,NSE,STO,86967,,COFORGE,,2026-03-30,2026-03-30,1880.0,CE,COFORGE26MAR1880CE,0.0,0.0,0.0,11.15,11.15,11.15,1372.8,0.35,750,0,0,0.0,0,F1,375,,,,,
2026-02-18,2026-02-18,FO,NSE,STO,86978,,COFORGE,,2026-03-30,2026-03-30,1920.0,CE,COFORGE26MAR1920CE,0.0,0.0,0.0,3.15,3.15,3.15,1372.8,0.2,375,0,0,0.0,0,F1,375,,,,,
2026-02-18,2026-02-18,FO,NSE,STO,99797,,COFORGE,,2026-04-28,2026-04-28,1720.0,CE,COFORGE26APR1720CE,0.0,0.0,0.0,121.85,0.0,121.85,1372.8,9.9,0,0,0,0.0,0,F1,375,,,,,
2026-02-18,2026-02-18,FO,NSE,STO,86703,,COFORGE,,2026-02-24,2026-02-24,1620.0,PE,COFORGE26FEB1620PE,245.6,246.85,245.6,246.05,245.65,233.4,1372.8,246.05,80250,-750,3,2099287.5,3,F1,375,,,,,
2026-02-18,2026-02-18,FO,NSE,STO,86029,,COFORGE,,2026-02-24,2026-02-24,1840.0,PE,COFORGE26FEB1840PE,0.0,0.0,0.0,187.0,187.0,187.0,1372.8,465.55,30375,0,0,0.0,0,F1,375,,,,,
2026-02-18,2026-02-18,FO,NSE,STO,86719,,COFORGE,,2026-02-24,2026-02-24,1900.0,PE,COFORGE26FEB1900PE,0.0,0.0,0.0,473.0,473.0,473.0,1372.8,525.5,21750,0,0,0.0,0,F1,375,,,,,
2026-02-18,2026-02-18,FO,NSE,STO,86836,,COFORGE,,2026-03-30,2026-03-30,1080.0,PE,COFORGE26MAR1080PE,8.5,8.5,8.5,8.5,8.5,1.55,1372.8,1.15,375,375,1,408187.5,1,F1,375,,,,,
2026-02-18,2026-02-18,FO,NSE,STO,86855,,COFORGE,,2026-03-30,2026-03-30,1440.0,PE,COFORGE26MAR1440PE,0.0,0.0,0.0,41.25,0.0,41.25,1372.8,101.0,0,0,0,0.0,0,F1,375,,,,,
2026-02-18,2026-02-18,FO,NSE,STO,99555,,COFORGE,,2026-03-30,2026-03-30,1860.0,PE,COFORGE26MAR1860PE,0.0,0.0,0.0,225.85,0.0,225.85,1372.8,476.45,0,0,0,0.0,0,F1,375,,,,,
2026-02-18,2026-02-18,FO,NSE,STO,99584,,COFORGE,,2026-03-30,2026-03-30,1980.0,PE,COFORGE26MAR1980PE,0.0,0.0,0.0,321.65,0.0,321.65,1372.8,595.4,0,0,0,0.0,0,F1,375,,,,,
2026-02-18,2026-02-18,FO,NSE,STO,37173,,COFORGE,,2026-03-30,2026-03-30,1140.0,CE,COFORGE26MAR1140CE,0.0,0.0,0.0,550.3,0.0,550.3,1372.8,243.3,0,0,0,0.0,0,F1,375,,,,,
2026-02-18,2026-02-18,FO,NSE,STO,86009,,COFORGE,,2026-02-24,2026-02-24,1640.0,CE,COFORGE26FEB1640CE,1.15,1.15,0.4,0.55,0.55,1.55,1372.8,0.55,361125,-241875,965,593732737.5,370,F1,375,,,,,
2026-02-18,2026-02-18,FO,NSE,STO,86002,,COFORGE,,2026-02-24,2026-02-24,1520.0,CE,COFORGE26FEB1520CE,3.9,4.2,1.7,2.3,2.2,4.85,1372.8,2.3,202875,-27000,877,500613037.5,674,F1,375,,,,,
2026-02-18,2026-02-18,FO,NSE,STO,85996,,COFORGE,,2026-02-24,2026-02-24,1440.0,CE,COFORGE26FEB1440CE,12.65,13.7,5.65,8.5,8.0,15.5,1372.8,8.5,531375,34125,3120,1693928212.5,2431,F1,375,,,,,
2026-02-18,2026-02-18,FO,NSE,STO,85950,,COFORGE,,2026-02-24,2026-02-24,1120.0,CE,COFORGE26FEB1120CE,0.0,0.0,0.0,729.3,0.0,729.3,1372.8,253.8,0,0,0,0.0,0,F1,375,,,,,
2026-02-18,2026-02-18,FO,NSE,STO,86681,,COFORGE,,2026-02-24,2026-02-24,1180.0,PE,COFORGE26FEB1180PE,0.35,0.35,0.35,0.35,0.35,1.95,1372.8,0.05,5625,0,2,885262.5,1,F1,375,,,,,
2026-02-18,2026-02-18,FO,NSE,STO,85985,,COFORGE,,2026-02-24,2026-02-24,1360.0,PE,COFORGE26FEB1360PE,31.45,45.35,20.95,22.8,24.25,28.45,1372.8,22.8,261000,-19875,3976,2075446837.5,3456,F1,375,,,,,
2026-02-18,2026-02-18,FO,NSE,STO,86715,,COFORGE,,2026-02-24,2026-02-24,1820.0,PE,COFORGE26FEB1820PE,0.0,0.0,0.0,190.0,190.0,190.0,1372.8,445.55,1875,0,0,0.0,0,F1,375,,,,,
2026-02-18,2026-02-18,FO,NSE,STO,86723,,COFORGE,,2026-02-24,2026-02-24,1980.0,PE,COFORGE26FEB1980PE,0.0,0.0,0.0,328.9,0.0,328.9,1372.8,605.4,0,0,0,0.0,0,F1,375,,,,,
2026-02-18,2026-02-18,FO,NSE,STO,99475,,COFORGE,,2026-03-30,2026-03-30,1180.0,PE,COFORGE26MAR1180PE,0.0,0.0,0.0,1.5,0.0,1.5,1372.8,7.0,0,0,0,0.0,0,F1,375,,,,,
2026-02-18,2026-02-18,FO,NSE,STO,86936,,COFORGE,,2026-03-30,2026-03-30,1680.0,PE,COFORGE26MAR1680PE,311.75,311.75,311.75,311.75,311.75,52.0,1372.8,311.75,5250,0,1,746906.25,1,F1,375,,,,,
2026-02-18,2026-02-18,FO,NSE,STO,99551,,COFORGE,,2026-03-30,2026-03-30,1780.0,PE,COFORGE26MAR1780PE,0.0,0.0,0.0,169.6,0.0,169.6,1372.8,397.75,0,0,0,0.0,0,F1,375,,,,,
2026-02-18,2026-02-18,FO,NSE,STO,86977,,COFORGE,,2026-03-30,2026-03-30,1880.0,PE,COFORGE26MAR1880PE,0.0,0.0,0.0,262.9,0.0,262.9,1372.8,496.25,0,0,0,0.0,0,F1,375,,,,,
2026-02-18,2026-02-18,FO,NSE,STO,85994,,COFORGE,,2026-02-24,2026-02-24,1400.0,CE,COFORGE26FEB1400CE,28.4,28.4,11.5,17.8,17.05,28.25,1372.8,17.8,856125,-28125,7771,4127498681.25,6262,F1,375,,,,,
2026-02-18,2026-02-18,FO,NSE,STO,86686,,COFORGE,,2026-02-24,2026-02-24,1300.0,CE,COFORGE26FEB1300CE,85.75,85.75,56.45,79.6,78.45,90.5,1372.8,79.6,94500,-22500,522,267682200.0,395,F1,375,,,,,
2026-02-18,2026-02-18,FO,NSE,STO,86692,,COFORGE,,2026-02-24,2026-02-24,1420.0,CE,COFORGE26FEB1420CE,20.8,20.8,8.0,12.3,11.75,20.8,1372.8,12.3,448875,47625,4394,2358775518.75,3437,F1,375,,,,,
2026-02-18,2026-02-18,FO,NSE,STO,86718,,COFORGE,,2026-02-24,2026-02-24,1900.0,CE,COFORGE26FEB1900CE,0.25,0.35,0.2,0.25,0.2,0.35,1372.8,0.25,52875,-3375,19,13539243.75,15,F1,375,,,,,
2026-02-18,2026-02-18,FO,NSE,STO,86036,,COFORGE,,2026-02-24,2026-02-24,2000.0,CE,COFORGE26FEB2000CE,0.25,0.3,0.2,0.2,0.2,0.35,1372.8,0.2,97875,-1875,9,6750900.0,8,F1,375,,,,,
2026-02-18,2026-02-18,FO,NSE,STO,99495,,COFORGE,,2026-03-30,2026-03-30,1380.0,CE,COFORGE26MAR1380CE,80.95,81.0,63.0,70.3,69.8,82.55,1372.8,70.3,47250,24000,212,115178943.75,179,F1,375,,,,,
2026-02-18,2026-02-18,FO,NSE,STO,86860,,COFORGE,,2026-03-30,2026-03-30,1520.0,CE,COFORGE26MAR1520CE,31.85,31.85,23.9,25.5,25.2,34.0,1372.8,25.5,15750,3000,53,30719662.5,52,F1,375,,,,,
2026-02-18,2026-02-18,FO,NSE,STO,99503,,COFORGE,,2026-03-30,2026-03-30,1540.0,CE,COFORGE26MAR1540CE,24.1,24.1,19.6,22.0,22.0,29.0,1372.8,22.0,15000,4875,52,30436668.75,24,F1,375,,,,,
2026-02-18,2026-02-18,FO,NSE,STO,99505,,COFORGE,,2026-03-30,2026-03-30,1580.0,CE,COFORGE26MAR1580CE,17.1,17.25,14.8,16.15,16.1,22.55,1372.8,16.15,27375,4875,42,25140168.75,30,F1,375,,,,,
2026-02-18,2026-02-18,FO,NSE,STO,99779,,COFORGE,,2026-04-28,2026-04-28,1440.0,CE,COFORGE26APR1440CE,0.0,0.0,0.0,284.7,0.0,284.7,1372.8,65.05,0,0,0,0.0,0,F1,375,,,,,
2026-02-18,2026-02-18,FO,NSE,STO,99875,,COFORGE,,2026-04-28,2026-04-28,2000.0,CE,COFORGE26APR2000CE,0.0,0.0,0.0,42.15,0.0,42.15,1372.8,0.95,0,0,0,0.0,0,F1,375,,,,,
2026-02-18,2026-02-18,FO,NSE,STO,86018,,COFORGE,,2026-02-24,2026-02-24,1720.0,PE,COFORGE26FEB1720PE,366.0,366.0,364.75,365.9,365.9,320.0,1372.8,345.65,44250,-750,4,3128100.0,4,F1,375,,,,,
2026-02-18,2026-02-18,FO,NSE,STO,86680,,COFORGE,,2026-02-24,2026-02-24,1180.0,CE,COFORGE26FEB1180CE,0.0,0.0,0.0,487.1,0.0,487.1,1372.8,193.9,0,0,0,0.0,0,F1,375,,,,,
2026-02-18,2026-02-18,FO,NSE,STO,85998,,COFORGE,,2026-02-24,2026-02-24,1480.0,CE,COFORGE26FEB1480CE,5.05,7.45,3.05,4.15,4.0,8.55,1372.8,4.15,219000,28875,1647,916662431.25,1214,F1,375,,,,,
2026-02-18,2026-02-18,FO,NSE,STO,86696,,COFORGE,,2026-02-24,2026-02-24,1500.0,CE,COFORGE26FEB1500CE,6.45,7.0,2.3,3.05,2.95,6.35,1372.8,3.05,774750,7500,3533,1991230593.75,1999,F1,375,,,,,
2026-02-18,2026-02-18,FO,NSE,STO,86698,,COFORGE,,2026-02-24,2026-02-24,1540.0,CE,COFORGE26FEB1540CE,3.05,3.15,1.4,1.8,1.65,3.9,1372.8,1.8,430500,-59250,711,411084881.25,495,F1,375,,,,,
2026-02-18,2026-02-18,FO,NSE,STO,99823,,COFORGE,,2026-04-28,2026-04-28,1880.0,PE,COFORGE26APR1880PE,0.0,0.0,0.0,254.85,0.0,254.85,1372.8,490.5,0,0,0,0.0,0,F1,375,,,,,
2026-02-18,2026-02-18,FO,NSE,STO,86030,,COFORGE,,2026-02-24,2026-02-24,1880.0,CE,COFORGE26FEB1880CE,0.3,0.35,0.2,0.2,0.2,0.45,1372.8,0.2,9750,-1500,11,7756312.5,9,F1,375,,,,,
2026-02-18,2026-02-18,FO,NSE,STO,86839,,COFORGE,,2026-03-30,2026-03-30,1160.0,CE,COFORGE26MAR1160CE,0.0,0.0,0.0,516.1,0.0,516.1,1372.8,224.9,0,0,0,0.0,0,F1,375,,,,,
2026-02-18,2026-02-18,FO,NSE,STO,99482,,COFORGE,,2026-03-30,2026-03-30,1340.0,CE,COFORGE26MAR1340CE,91.65,92.5,82.95,91.35,91.0,115.0,1372.8,91.35,13875,5250,49,26219793.75,42,F1,375,,,,,
2026-02-18,2026-02-18,FO,NSE,STO,99481,,COFORGE,,2026-03-30,2026-03-30,1300.0,PE,COFORGE26MAR1300PE,46.4,59.5,38.25,39.4,40.7,44.85,1372.8,39.4,165375,97875,1001,506040187.5,569,F1,375,,,,,
2026-02-18,2026-02-18,FO,NSE,STO,86854,,COFORGE,,2026-03-30,2026-03-30,1440.0,CE,COFORGE26MAR1440CE,56.75,56.75,40.35,46.3,45.0,57.05,1372.8,46.3,86250,27750,255,141944081.25,175,F1,375,,,,,
2026-02-18,2026-02-18,FO,NSE,STO,86935,,COFORGE,,2026-03-30,2026-03-30,1680.0,CE,COFORGE26MAR1680CE,0.0,0.0,0.0,11.95,11.95,11.95,1372.8,4.1,11625,0,0,0.0,0,F1,375,,,,,
2026-02-18,2026-02-18,FO,NSE,STO,99548,,COFORGE,,2026-03-30,2026-03-30,1780.0,CE,COFORGE26MAR1780CE,0.0,0.0,0.0,35.75,35.75,35.75,1372.8,1.25,1500,0,0,0.0,0,F1,375,,,,,
2026-02-18,2026-02-18,FO,NSE,STO,99568,,COFORGE,,2026-03-30,2026-03-30,1940.0,CE,COFORGE26MAR1940CE,0.0,0.0,0.0,33.0,0.0,33.0,1372.8,0.15,0,0,0,0.0,0,F1,375,,,,,
2026-02-18,2026-02-18,FO,NSE,STO,99787,,COFORGE,,2026-04-28,2026-04-28,1600.0,CE,COFORGE26APR1600CE,20.0,20.0,20.0,20.0,20.0,37.95,1372.8,23.7,1125,0,1,607500.0,1,F1,375,,,,,
2026-02-18,2026-02-18,FO,NSE,STO,99789,,COFORGE,,2026-04-28,2026-04-28,1640.0,CE,COFORGE26APR1640CE,0.0,0.0,0.0,159.0,0.0,159.0,1372.8,17.9,0,0,0,0.0,0,F1,375,,,,,
2026-02-18,2026-02-18,FO,NSE,STO,85965,,COFORGE,,2026-02-24,2026-02-24,1120.0,PE,COFORGE26FEB1120PE,0.5,0.8,0.25,0.3,0.3,0.8,1372.8,0.3,7875,0,49,20588400.0,29,F1,375,,,,,
2026-02-18,2026-02-18,FO,NSE,STO,99487,,COFORGE,,2026-03-30,2026-03-30,1340.0,PE,COFORGE26MAR1340PE,59.0,76.75,53.0,53.55,55.0,59.0,1372.8,53.55,54000,19875,151,79605675.0,123,F1,375,,,,,
2026-02-18,2026-02-18,FO,NSE,STO,86021,,COFORGE,,2026-02-24,2026-02-24,1800.0,CE,COFORGE26FEB1800CE,0.4,0.45,0.35,0.35,0.35,0.6,1372.8,0.35,523875,-87375,307,207267975.0,122,F1,375,,,,,
2026-02-18,2026-02-18,FO,NSE,STO,86691,,COFORGE,,2026-02-24,2026-02-24,1380.0,PE,COFORGE26FEB1380PE,39.0,58.3,30.65,32.25,34.75,37.2,1372.8,32.25,189000,-45750,1768,943900518.75,1485,F1,375,,,,,
2026-02-18,2026-02-18,FO,NSE,STO,86683,,COFORGE,,2026-02-24,2026-02-24,1220.0,PE,COFORGE26FEB1220PE,3.7,4.5,1.15,1.3,1.55,3.15,1372.8,1.3,75750,28875,279,127894031.25,187,F1,375,,,,,
2026-02-18,2026-02-18,FO,NSE,STO,86934,,COFORGE,,2026-03-30,2026-03-30,1640.0,PE,COFORGE26MAR1640PE,0.0,0.0,0.0,135.0,135.0,135.0,1372.8,263.75,7875,0,0,0.0,0,F1,375,,,,,
2026-02-18,2026-02-18,FO,NSE,STO,99567,,COFORGE,,2026-03-30,2026-03-30,1900.0,PE,COFORGE26MAR1900PE,516.65,516.65,516.65,516.65,516.65,460.0,1372.8,516.05,3000,750,2,1812487.5,1,F1,375,,,,,
2026-02-18,2026-02-18,FO,NSE,STO,86699,,COFORGE,,2026-02-24,2026-02-24,1540.0,PE,COFORGE26FEB1540PE,167.5,201.0,167.5,168.0,168.0,163.0,1372.8,168.0,173250,-750,17,10977075.0,15,F1,375,,,,,
2026-02-18,2026-02-18,FO,NSE,STO,85971,,COFORGE,,2026-02-24,2026-02-24,1200.0,PE,COFORGE26FEB1200PE,2.5,3.1,0.9,1.1,1.2,2.4,1372.8,1.1,72750,-11625,581,261902212.5,407,F1,375,,,,,
2026-02-18,2026-02-18,FO,NSE,STO,86697,,COFORGE,,2026-02-24,2026-02-24,1500.0,PE,COFORGE26FEB1500PE,143.35,163.25,128.6,130.1,133.25,126.75,1372.8,130.1,208125,-6750,93,57361781.25,85,F1,375,,,,,
2026-02-18,2026-02-18,FO,NSE,STO,86707,,COFORGE,,2026-02-24,2026-02-24,1700.0,PE,COFORGE26FEB1700PE,339.0,340.8,336.0,336.0,336.0,320.0,1372.8,325.65,138000,-1500,4,3058050.0,4,F1,375,,,,,
2026-02-18,2026-02-18,FO,NSE,STO,86838,,COFORGE,,2026-03-30,2026-03-30,1120.0,PE,COFORGE26MAR1120PE,11.0,13.85,7.15,7.5,7.55,9.9,1372.8,7.5,28875,18375,167,70781793.75,113,F1,375,,,,,
2026-02-18,2026-02-18,FO,NSE,STO,37175,,COFORGE,,2026-03-30,2026-03-30,1140.0,PE,COFORGE26MAR1140PE,0.0,0.0,0.0,0.6,0.0,0.6,1372.8,3.65,0,0,0,0.0,0,F1,375,,,,,
2026-02-18,2026-02-18,FO,NSE,STO,99532,,COFORGE,,2026-03-30,2026-03-30,1700.0,PE,COFORGE26MAR1700PE,344.5,345.0,332.0,332.0,332.0,314.5,1372.8,320.25,9750,1500,6,4588518.75,6,F1,375,,,,,
2026-02-18,2026-02-18,FO,NSE,STO,99553,,COFORGE,,2026-03-30,2026-03-30,1820.0,PE,COFORGE26MAR1820PE,0.0,0.0,0.0,196.8,0.0,196.8,1372.8,437.0,0,0,0,0.0,0,F1,375,,,,,
2026-02-18,2026-02-18,FO,NSE,STO,99780,,COFORGE,,2026-04-28,2026-04-28,1440.0,PE,COFORGE26APR1440PE,0.0,0.0,0.0,38.35,0.0,38.35,1372.8,117.35,0,0,0,0.0,0,F1,375,,,,,
2026-02-18,2026-02-18,FO,NSE,STO,99806,,COFORGE,,2026-04-28,2026-04-28,1800.0,PE,COFORGE26APR1800PE,0.0,0.0,0.0,199.9,0.0,199.9,1372.8,413.9,0,0,0,0.0,0,F1,375,,,,,
2026-02-18,2026-02-18,FO,NSE,STO,99820,,COFORGE,,2026-04-28,2026-04-28,1840.0,PE,COFORGE26APR1840PE,0.0,0.0,0.0,226.65,0.0,226.65,1372.8,452.0,0,0,0,0.0,0,F1,375,,,,,
2026-02-18,2026-02-18,FO,NSE,STO,85997,,COFORGE,,2026-02-24,2026-02-24,1440.0,PE,COFORGE26FEB1440PE,78.0,106.55,73.8,74.95,78.35,75.45,1372.8,74.95,97875,-7500,150,86049318.75,132,F1,375,,,,,
2026-02-18,2026-02-18,FO,NSE,STO,86006,,COFORGE,,2026-02-24,2026-02-24,1600.0,CE,COFORGE26FEB1600CE,1.95,1.95,0.85,1.05,0.95,2.05,1372.8,1.05,1103625,-134625,2500,1501032787.5,1241,F1,375,,,,,
2026-02-18,2026-02-18,FO,NSE,STO,86023,,COFORGE,,2026-02-24,2026-02-24,1840.0,CE,COFORGE26FEB1840CE,0.35,0.35,0.25,0.25,0.25,0.5,1372.8,0.25,14250,-1125,5,3450600.0,5,F1,375,,,,,
2026-02-18,2026-02-18,FO,NSE,STO,86841,,COFORGE,,2026-03-30,2026-03-30,1200.0,CE,COFORGE26MAR1200CE,184.0,184.0,184.0,184.0,184.0,478.8,1372.8,189.45,375,375,1,519000.0,1,F1,375,,,,,
2026-02-18,2026-02-18,FO,NSE,STO,86931,,COFORGE,,2026-03-30,2026-03-30,1600.0,CE,COFORGE26MAR1600CE,19.1,19.1,12.3,14.2,13.9,19.1,1372.8,14.2,285750,83625,829,501812306.25,579,F1,375,,,,,
2026-02-18,2026-02-18,FO,NSE,STO,86980,,COFORGE,,2026-03-30,2026-03-30,1960.0,CE,COFORGE26MAR1960CE,0.0,0.0,0.0,6.55,6.55,6.55,1372.8,0.1,4125,0,0,0.0,0,F1,375,,,,,
2026-02-18,2026-02-18,FO,NSE,STO,99583,,COFORGE,,2026-03-30,2026-03-30,1980.0,CE,COFORGE26MAR1980CE,0.0,0.0,0.0,26.65,0.0,26.65,1372.8,0.1,0,0,0,0.0,0,F1,375,,,,,
2026-02-18,2026-02-18,FO,NSE,STO,99870,,COFORGE,,2026-04-28,2026-04-28,1920.0,PE,COFORGE26APR1920PE,0.0,0.0,0.0,284.5,0.0,284.5,1372.8,529.3,0,0,0,0.0,0,F1,375,,,,,
2026-02-18,2026-02-18,FO,NSE,STO,86017,,COFORGE,,2026-02-24,2026-02-24,1720.0,CE,COFORGE26FEB1720CE,0.55,0.65,0.4,0.45,0.45,0.85,1372.8,0.45,161625,-750,89,57422700.0,58,F1,375,,,,,
2026-02-18,2026-02-18,FO,NSE,STO,86706,,COFORGE,,2026-02-24,2026-02-24,1700.0,CE,COFORGE26FEB1700CE,0.8,0.9,0.45,0.5,0.5,0.95,1372.8,0.5,1323375,-23625,1752,1117242937.5,552,F1,375,,,,,
2026-02-18,2026-02-18,FO,NSE,STO,86704,,COFORGE,,2026-02-24,2026-02-24,1660.0,CE,COFORGE26FEB1660CE,1.0,1.0,0.55,0.6,0.55,1.35,1372.8,0.6,411375,-150750,803,500072306.25,394,F1,375,,,,,
2026-02-18,2026-02-18,FO,NSE,STO,86700,,COFORGE,,2026-02-24,2026-02-24,1580.0,CE,COFORGE26FEB1580CE,1.9,2.0,1.0,1.25,1.25,2.5,1372.8,1.25,231750,-30750,667,395499525.0,428,F1,375,,,,,
2026-02-18,2026-02-18,FO,NSE,STO,86694,,COFORGE,,2026-02-24,2026-02-24,1460.0,CE,COFORGE26FEB1460CE,9.8,10.3,4.05,5.9,5.7,11.3,1372.8,5.9,331125,-25125,2696,1481637468.75,1902,F1,375,,,,,
2026-02-18,2026-02-18,FO,NSE,STO,50325,,COFORGE,,2026-02-24,2026-02-24,1320.0,CE,COFORGE26FEB1320CE,69.9,70.05,44.0,63.15,63.2,73.4,1372.8,63.15,37875,-11625,401,206451637.5,379,F1,375,,,,,
2026-02-18,2026-02-18,FO,NSE,STO,86674,,COFORGE,,2026-02-24,2026-02-24,1080.0,CE,COFORGE26FEB1080CE,0.0,0.0,0.0,585.15,0.0,585.15,1372.8,293.8,0,0,0,0.0,0,F1,375,,,,,
2026-02-18,2026-02-18,FO,NSE,STF,59291,,COFORGE,,2026-02-24,2026-02-24,,,COFORGE26FEBFUT,1391.0,1391.0,1337.5,1373.3,1369.0,1378.8,1372.8,1373.3,16245375,-542625,9590,4888746225.0,7975,F1,375,,,,,
2026-02-18,2026-02-18,FO,NSE,STO,86856,,COFORGE,,2026-03-30,2026-03-30,1480.0,CE,COFORGE26MAR1480CE,43.2,43.2,30.75,34.4,34.35,43.2,1372.8,34.4,25500,19500,101,57339731.25,73,F1,375,,,,,
2026-02-18,2026-02-18,FO,NSE,STO,99476,,COFORGE,,2026-03-30,2026-03-30,1220.0,CE,COFORGE26MAR1220CE,0.0,0.0,0.0,459.65,0.0,459.65,1372.8,172.6,0,0,0,0.0,0,F1,375,,,,,
2026-02-18,2026-02-18,FO,NSE,STO,86722,,COFORGE,,2026-02-24,2026-02-24,1980.0,CE,COFORGE26FEB1980CE,0.0,0.0,0.0,22.1,0.0,22.1,1372.8,0.05,0,0,0,0.0,0,F1,375,,,,,
2026-02-18,2026-02-18,FO,NSE,STO,86034,,COFORGE,,2026-02-24,2026-02-24,1960.0,CE,COFORGE26FEB1960CE,0.25,0.3,0.2,0.2,0.2,0.35,1372.8,0.05,17625,-3375,12,8821012.5,8,F1,375,,,,,
2026-02-18,2026-02-18,FO,NSE,STO,99731,,COFORGE,,2026-04-28,2026-04-28,1040.0,CE,COFORGE26APR1040CE,0.0,0.0,0.0,641.0,0.0,641.0,1372.8,346.2,0,0,0,0.0,0,F1,375,,,,,
2026-02-18,2026-02-18,FO,NSE,STO,99753,,COFORGE,,2026-04-28,2026-04-28,1200.0,CE,COFORGE26APR1200CE,0.0,0.0,0.0,488.15,0.0,488.15,1372.8,205.2,0,0,0,0.0,0,F1,375,,,,,
2026-02-18,2026-02-18,FO,NSE,STO,99781,,COFORGE,,2026-04-28,2026-04-28,1480.0,CE,COFORGE26APR1480CE,0.0,0.0,0.0,255.95,0.0,255.95,1372.8,51.4,0,0,0,0.0,0,F1,375,,,,,
2026-02-18,2026-02-18,FO,NSE,STO,99872,,COFORGE,,2026-04-28,2026-04-28,1960.0,CE,COFORGE26APR1960CE,0.0,0.0,0.0,49.65,0.0,49.65,1372.8,1.35,0,0,0,0.0,0,F1,375,,,,,
2026-02-18,2026-02-18,FO,NSE,STO,36169,,COFORGE,,2026-02-24,2026-02-24,1240.0,PE,COFORGE26FEB1240PE,4.25,6.5,1.7,1.95,2.35,4.35,1372.8,1.95,87000,19500,741,345687750.0,586,F1,375,,,,,
2026-02-18,2026-02-18,FO,NSE,STO,86705,,COFORGE,,2026-02-24,2026-02-24,1660.0,PE,COFORGE26FEB1660PE,303.9,317.6,299.85,301.0,301.0,281.8,1372.8,285.7,157875,-3750,23,16945706.25,15,F1,375,,,,,
2026-02-18,2026-02-18,FO,NSE,STO,86711,,COFORGE,,2026-02-24,2026-02-24,1780.0,PE,COFORGE26FEB1780PE,0.0,0.0,0.0,405.0,405.0,405.0,1372.8,405.6,32625,0,0,0.0,0,F1,375,,,,,
2026-02-18,2026-02-18,FO,NSE,STO,86721,,COFORGE,,2026-02-24,2026-02-24,1940.0,PE,COFORGE26FEB1940PE,0.0,0.0,0.0,462.05,462.05,462.05,1372.8,565.45,1125,0,0,0.0,0,F1,375,,,,,
2026-02-18,2026-02-18,FO,NSE,STO,99509,,COFORGE,,2026-03-30,2026-03-30,1620.0,PE,COFORGE26MAR1620PE,0.0,0.0,0.0,57.0,57.0,57.0,1372.8,245.4,375,0,0,0.0,0,F1,375,,,,,
2026-02-18,2026-02-18,FO,NSE,STO,99760,,COFORGE,,2026-04-28,2026-04-28,1200.0,PE,COFORGE26APR1200PE,0.0,0.0,0.0,5.45,0.0,5.45,1372.8,20.0,0,0,0,0.0,0,F1,375,,,,,
2026-02-18,2026-02-18,FO,NSE,STO,99774,,COFORGE,,2026-04-28,2026-04-28,1320.0,PE,COFORGE26APR1320PE,0.0,0.0,0.0,16.3,0.0,16.3,1372.8,55.85,0,0,0,0.0,0,F1,375,,,,,
2026-02-18,2026-02-18,FO,NSE,STO,99776,,COFORGE,,2026-04-28,2026-04-28,1360.0,PE,COFORGE26APR1360PE,0.0,0.0,0.0,22.2,0.0,22.2,1372.8,73.5,0,0,0,0.0,0,F1,375,,,,,
2026-02-18,2026-02-18,FO,NSE,STO,99773,,COFORGE,,2026-04-28,2026-04-28,1320.0,CE,COFORGE26APR1320CE,0.0,0.0,0.0,380.8,0.0,380.8,1372.8,122.3,0,0,0,0.0,0,F1,375,,,,,
2026-02-18,2026-02-18,FO,NSE,STO,99805,,COFORGE,,2026-04-28,2026-04-28,1800.0,CE,COFORGE26APR1800CE,0.0,0.0,0.0,91.75,0.0,91.75,1372.8,5.3,0,0,0,0.0,0,F1,375,,,,,
2026-02-18,2026-02-18,FO,NSE,STO,86695,,COFORGE,,2026-02-24,2026-02-24,1460.0,PE,COFORGE26FEB1460PE,106.3,124.75,92.9,92.9,92.9,90.75,1372.8,92.9,103125,-12375,134,78892106.25,116,F1,375,,,,,
2026-02-18,2026-02-18,FO,NSE,STO,85999,,COFORGE,,2026-02-24,2026-02-24,1480.0,PE,COFORGE26FEB1480PE,128.0,128.0,115.0,115.3,115.3,109.2,1372.8,107.5,58125,-1875,11,6601893.75,10,F1,375,,,,,
2026-02-18,2026-02-18,FO,NSE,STO,86717,,COFORGE,,2026-02-24,2026-02-24,1860.0,PE,COFORGE26FEB1860PE,0.0,0.0,0.0,175.0,175.0,175.0,1372.8,485.5,1500,0,0,0.0,0,F1,375,,,,,
2026-02-18,2026-02-18,FO,NSE,STO,86037,,COFORGE,,2026-02-24,2026-02-24,2000.0,PE,COFORGE26FEB2000PE,0.0,0.0,0.0,580.0,580.0,580.0,1372.8,625.4,12000,0,0,0.0,0,F1,375,,,,,
2026-02-18,2026-02-18,FO,NSE,STO,99582,,COFORGE,,2026-03-30,2026-03-30,1940.0,PE,COFORGE26MAR1940PE,0.0,0.0,0.0,288.4,0.0,288.4,1372.8,555.7,0,0,0,0.0,0,F1,375,,,,,
2026-02-18,2026-02-18,FO,NSE,STO,99737,,COFORGE,,2026-04-28,2026-04-28,1120.0,PE,COFORGE26APR1120PE,0.0,0.0,0.0,2.2,0.0,2.2,1372.8,8.15,0,0,0,0.0,0,F1,375,,,,,
2026-02-18,2026-02-18,FO,NSE,STO,99790,,COFORGE,,2026-04-28,2026-04-28,1640.0,PE,COFORGE26APR1640PE,0.0,0.0,0.0,109.6,0.0,109.6,1372.8,268.15,0,0,0,0.0,0,F1,375,,,,,
2026-02-18,2026-02-18,FO,NSE,STO,86846,,COFORGE,,2026-03-30,2026-03-30,1280.0,CE,COFORGE26MAR1280CE,0.0,0.0,0.0,406.7,0.0,406.7,1372.8,126.3,0,0,0,0.0,0,F1,375,,,,,
2026-02-18,2026-02-18,FO,NSE,STO,99869,,COFORGE,,2026-04-28,2026-04-28,1920.0,CE,COFORGE26APR1920CE,0.0,0.0,0.0,58.2,0.0,58.2,1372.8,1.95,0,0,0,0.0,0,F1,375,,,,,
2026-02-18,2026-02-18,FO,NSE,STO,86982,,COFORGE,,2026-03-30,2026-03-30,2000.0,CE,COFORGE26MAR2000CE,1.3,1.6,1.25,1.4,1.4,3.05,1372.8,1.4,7125,4125,12,9006468.75,10,F1,375,,,,,
2026-02-18,2026-02-18,FO,NSE,STO,86675,,COFORGE,,2026-02-24,2026-02-24,1080.0,PE,COFORGE26FEB1080PE,0.0,0.0,0.0,0.25,0.0,0.25,1372.8,0.05,0,0,0,0.0,0,F1,375,,,,,
2026-02-18,2026-02-18,FO,NSE,STO,99819,,COFORGE,,2026-04-28,2026-04-28,1840.0,CE,COFORGE26APR1840CE,0.0,0.0,0.0,79.1,0.0,79.1,1372.8,3.8,0,0,0,0.0,0,F1,375,,,,,
2026-02-18,2026-02-18,FO,NSE,STO,99518,,COFORGE,,2026-03-30,2026-03-30,1660.0,CE,COFORGE26MAR1660CE,12.7,12.7,8.0,8.0,8.0,12.7,1372.8,5.15,7875,2625,21,13144800.0,20,F1,375,,,,,
2026-02-18,2026-02-18,FO,NSE,STO,86848,,COFORGE,,2026-03-30,2026-03-30,1320.0,CE,COFORGE26MAR1320CE,0.0,0.0,0.0,372.25,0.0,372.25,1372.8,99.7,0,0,0,0.0,0,F1,375,,,,,
2026-02-18,2026-02-18,FO,NSE,STO,86038,,COFORGE,,2026-02-24,2026-02-24,2040.0,CE,COFORGE26FEB2040CE,0.0,0.0,0.0,1.0,1.0,1.0,1372.8,0.05,0,0,0,0.0,0,F1,375,,,,,
2026-02-18,2026-02-18,FO,NSE,STO,86019,,COFORGE,,2026-02-24,2026-02-24,1760.0,CE,COFORGE26FEB1760CE,0.5,0.5,0.3,0.35,0.35,0.65,1372.8,0.35,133125,-25500,159,104959500.0,56,F1,375,,,,,
2026-02-18,2026-02-18,FO,NSE,STO,86702,,COFORGE,,2026-02-24,2026-02-24,1620.0,CE,COFORGE26FEB1620CE,1.3,1.35,0.75,0.85,0.75,1.85,1372.8,0.85,547500,51750,1145,695972118.75,434,F1,375,,,,,
2026-02-18,2026-02-18,FO,NSE,STO,37134,,COFORGE,,2026-02-24,2026-02-24,1140.0,CE,COFORGE26FEB1140CE,0.0,0.0,0.0,290.3,290.3,290.3,1372.8,233.85,1500,0,0,0.0,0,F1,375,,,,,
2026-02-18,2026-02-18,FO,NSE,STO,86946,,COFORGE,,2026-03-30,2026-03-30,1760.0,PE,COFORGE26MAR1760PE,0.0,0.0,0.0,369.3,369.3,369.3,1372.8,378.2,4125,0,0,0.0,0,F1,375,,,,,
2026-02-18,2026-02-18,FO,NSE,STO,99519,,COFORGE,,2026-03-30,2026-03-30,1660.0,PE,COFORGE26MAR1660PE,0.0,0.0,0.0,285.3,285.3,285.3,1372.8,282.35,2625,0,0,0.0,0,F1,375,,,,,
2026-02-18,2026-02-18,FO,NSE,STO,86930,,COFORGE,,2026-03-30,2026-03-30,1560.0,PE,COFORGE26MAR1560PE,210.9,223.35,199.0,199.0,199.0,207.0,1372.8,199.0,6375,4125,14,9297993.75,7,F1,375,,,,,
2026-02-18,2026-02-18,FO,NSE,STO,86857,,COFORGE,,2026-03-30,2026-03-30,1480.0,PE,COFORGE26MAR1480PE,148.0,148.0,148.0,148.0,148.0,104.25,1372.8,128.75,12375,-750,11,6715500.0,5,F1,375,,,,,
2026-02-18,2026-02-18,FO,NSE,STO,99498,,COFORGE,,2026-03-30,2026-03-30,1420.0,PE,COFORGE26MAR1420PE,116.35,118.85,93.9,95.65,97.0,97.3,1372.8,95.65,15375,0,23,13189687.5,19,F1,375,,,,,
2026-02-18,2026-02-18,FO,NSE,STO,99496,,COFORGE,,2026-03-30,2026-03-30,1380.0,PE,COFORGE26MAR1380PE,76.0,94.35,72.75,73.65,75.0,76.0,1372.8,73.65,36750,10875,74,40659750.0,73,F1,375,,,,,
2026-02-18,2026-02-18,FO,NSE,STO,86840,,COFORGE,,2026-03-30,2026-03-30,1160.0,PE,COFORGE26MAR1160PE,14.75,19.85,10.65,11.25,11.8,13.4,1372.8,11.25,49125,7875,219,96523143.75,141,F1,375,,,,,
2026-02-18,2026-02-18,FO,NSE,STO,86003,,COFORGE,,2026-02-24,2026-02-24,1520.0,PE,COFORGE26FEB1520PE,155.2,175.1,153.45,153.45,153.45,144.75,1372.8,146.2,94875,3375,17,10761262.5,17,F1,375,,,,,
2026-02-18,2026-02-18,FO,NSE,STO,85980,,COFORGE,,2026-02-24,2026-02-24,1280.0,PE,COFORGE26FEB1280PE,9.7,13.25,3.9,4.55,5.3,8.75,1372.8,4.55,135000,11625,1852,894509868.75,1612,F1,375,,,,,
2026-02-18,2026-02-18,FO,NSE,STO,86679,,COFORGE,,2026-02-24,2026-02-24,1160.0,PE,COFORGE26FEB1160PE,1.25,1.6,0.5,0.5,0.5,1.45,1372.8,0.5,34500,-4500,57,24815400.0,52,F1,375,,,,,
2026-02-18,2026-02-18,FO,NSE,STO,86944,,COFORGE,,2026-03-30,2026-03-30,1760.0,CE,COFORGE26MAR1760CE,0.0,0.0,0.0,41.2,41.2,41.2,1372.8,1.6,1500,0,0,0.0,0,F1,375,,,,,
2026-02-18,2026-02-18,FO,NSE,STO,86937,,COFORGE,,2026-03-30,2026-03-30,1720.0,CE,COFORGE26MAR1720CE,0.0,0.0,0.0,10.0,10.0,10.0,1372.8,2.6,1500,0,0,0.0,0,F1,375,,,,,
2026-02-18,2026-02-18,FO,NSE,STO,86835,,COFORGE,,2026-03-30,2026-03-30,1080.0,CE,COFORGE26MAR1080CE,0.0,0.0,0.0,592.45,0.0,592.45,1372.8,300.45,0,0,0,0.0,0,F1,375,,,,,
2026-02-18,2026-02-18,FO,NSE,STO,86050,,COFORGE,,2026-02-24,2026-02-24,2240.0,CE,COFORGE26FEB2240CE,0.15,0.15,0.15,0.15,0.15,0.25,1372.8,0.15,4875,0,3,2520168.75,3,F1,375,,,,,
2026-02-18,2026-02-18,FO,NSE,STO,86710,,COFORGE,,2026-02-24,2026-02-24,1780.0,CE,COFORGE26FEB1780CE,0.45,0.45,0.3,0.3,0.3,0.55,1372.8,0.3,74250,-10500,53,35384981.25,44,F1,375,,,,,
2026-02-18,2026-02-18,FO,NSE,STO,36168,,COFORGE,,2026-02-24,2026-02-24,1240.0,CE,COFORGE26FEB1240CE,0.0,0.0,0.0,511.95,0.0,511.95,1372.8,134.25,0,0,0,0.0,0,F1,375,,,,,
2026-02-18,2026-02-18,FO,NSE,STO,85966,,COFORGE,,2026-02-24,2026-02-24,1200.0,CE,COFORGE26FEB1200CE,162.0,162.0,162.0,162.0,162.0,200.0,1372.8,173.9,3375,-375,1,510750.0,1,F1,375,,,,,
2026-02-18,2026-02-18,FO,NSE,STO,99874,,COFORGE,,2026-04-28,2026-04-28,1960.0,PE,COFORGE26APR1960PE,0.0,0.0,0.0,315.35,0.0,315.35,1372.8,568.3,0,0,0,0.0,0,F1,375,,,,,
2026-02-18,2026-02-18,FO,NSE,STO,99802,,COFORGE,,2026-04-28,2026-04-28,1760.0,PE,COFORGE26APR1760PE,0.0,0.0,0.0,174.7,0.0,174.7,1372.8,376.25,0,0,0,0.0,0,F1,375,,,,,
2026-02-18,2026-02-18,FO,NSE,STO,99477,,COFORGE,,2026-03-30,2026-03-30,1220.0,PE,COFORGE26MAR1220PE,0.0,0.0,0.0,2.55,0.0,2.55,1372.8,12.45,0,0,0,0.0,0,F1,375,,,,,
2026-02-18,2026-02-18,FO,NSE,STO,113734,,HAVELLS,,2026-03-30,2026-03-30,1150.0,PE,HAVELLS26MAR1150PE,0.0,0.0,0.0,8.8,8.8,8.8,1434.8,0.05,1500,0,0,0.0,0,F1,500,,,,,
2026-02-18,2026-02-18,FO,NSE,STO,102806,,HAVELLS,,2026-03-30,2026-03-30,1120.0,PE,HAVELLS26MAR1120PE,0.0,0.0,0.0,1.95,0.0,1.95,1434.8,0.05,0,0,0,0.0,0,F1,500,,,,,
2026-02-18,2026-02-18,FO,NSE,STO,102392,,HAVELLS,,2026-02-24,2026-02-24,1380.0,PE,HAVELLS26FEB1380PE,1.75,2.6,1.35,1.5,1.65,2.45,1434.8,1.5,248500,-2000,198,136803950.0,189,F1,500,,,,,
2026-02-18,2026-02-18,FO,NSE,STO,96173,,HAVELLS,,2026-02-24,2026-02-24,1200.0,PE,HAVELLS26FEB1200PE,0.4,0.6,0.4,0.4,0.4,0.7,1434.8,0.05,63500,-4000,13,7802850.0,8,F1,500,,,,,
2026-02-18,2026-02-18,FO,NSE,STO,102302,,HAVELLS,,2026-02-24,2026-02-24,1190.0,PE,HAVELLS26FEB1190PE,0.0,0.0,0.0,0.7,0.7,0.7,1434.8,0.05,5000,0,0,0.0,0,F1,500,,,,,
2026-02-18,2026-02-18,FO,NSE,STO,114106,,HAVELLS,,2026-04-28,2026-04-28,1480.0,CE,HAVELLS26APR1480CE,0.0,0.0,0.0,20.4,0.0,20.4,1434.8,44.35,0,0,0,0.0,0,F1,500,,,,,
2026-02-18,2026-02-18,FO,NSE,STO,113945,,HAVELLS,,2026-04-28,2026-04-28,1180.0,CE,HAVELLS26APR1180CE,0.0,0.0,0.0,150.15,0.0,150.15,1434.8,267.95,0,0,0,0.0,0,F1,500,,,,,
2026-02-18,2026-02-18,FO,NSE,STO,113943,,HAVELLS,,2026-04-28,2026-04-28,1160.0,CE,HAVELLS26APR1160CE,0.0,0.0,0.0,165.2,0.0,165.2,1434.8,287.4,0,0,0,0.0,0,F1,500,,,,,
2026-02-18,2026-02-18,FO,NSE,STO,103133,,HAVELLS,,2026-03-30,2026-03-30,1600.0,CE,HAVELLS26MAR1600CE,4.6,4.6,3.6,3.7,3.7,4.35,1434.8,3.7,24500,10500,44,35286900.0,43,F1,500,,,,,
2026-02-18,2026-02-18,FO,NSE,STO,113773,,HAVELLS,,2026-03-30,2026-03-30,1510.0,CE,HAVELLS26MAR1510CE,13.95,13.95,13.95,13.95,13.95,7.85,1434.8,19.25,5000,5000,10,7619750.0,2,F1,500,,,,,
2026-02-18,2026-02-18,FO,NSE,STO,103107,,HAVELLS,,2026-03-30,2026-03-30,1420.0,CE,HAVELLS26MAR1420CE,0.0,0.0,0.0,44.0,44.0,44.0,1434.8,56.05,3500,0,0,0.0,0,F1,500,,,,,
2026-02-18,2026-02-18,FO,NSE,STO,113759,,HAVELLS,,2026-03-30,2026-03-30,1370.0,CE,HAVELLS26MAR1370CE,0.0,0.0,0.0,33.6,0.0,33.6,1434.8,88.75,0,0,0,0.0,0,F1,500,,,,,
2026-02-18,2026-02-18,FO,NSE,STO,103091,,HAVELLS,,2026-03-30,2026-03-30,1340.0,CE,HAVELLS26MAR1340CE,0.0,0.0,0.0,80.0,80.0,80.0,1434.8,112.15,500,0,0,0.0,0,F1,500,,,,,
2026-02-18,2026-02-18,FO,NSE,STO,113750,,HAVELLS,,2026-03-30,2026-03-30,1290.0,CE,HAVELLS26MAR1290CE,0.0,0.0,0.0,47.55,47.55,47.55,1434.8,155.8,500,0,0,0.0,0,F1,500,,,,,
2026-02-18,2026-02-18,FO,NSE,STO,113740,,HAVELLS,,2026-03-30,2026-03-30,1210.0,CE,HAVELLS26MAR1210CE,0.0,0.0,0.0,114.65,0.0,114.65,1434.8,232.45,0,0,0,0.0,0,F1,500,,,,,
2026-02-18,2026-02-18,FO,NSE,STO,102451,,HAVELLS,,2026-02-24,2026-02-24,1620.0,CE,HAVELLS26FEB1620CE,0.0,0.0,0.0,12.75,12.75,12.75,1434.8,0.05,1500,0,0,0.0,0,F1,500,,,,,
2026-02-18,2026-02-18,FO,NSE,STO,102430,,HAVELLS,,2026-02-24,2026-02-24,1490.0,CE,HAVELLS26FEB1490CE,2.0,2.0,1.0,1.0,1.0,1.9,1434.8,1.0,123000,0,26,19389375.0,26,F1,500,,,,,
2026-02-18,2026-02-18,FO,NSE,STO,96226,,HAVELLS,,2026-02-24,2026-02-24,1440.0,CE,HAVELLS26FEB1440CE,14.0,15.55,9.0,10.65,9.7,13.6,1434.8,10.65,222000,10500,1333,967714125.0,1119,F1,500,,,,,
2026-02-18,2026-02-18,FO,NSE,STO,102237,,HAVELLS,,2026-02-24,2026-02-24,1140.0,CE,HAVELLS26FEB1140CE,0.0,0.0,0.0,284.3,0.0,284.3,1434.8,295.85,0,0,0,0.0,0,F1,500,,,,,
2026-02-18,2026-02-18,FO,NSE,STO,114056,,HAVELLS,,2026-04-28,2026-04-28,1360.0,PE,HAVELLS26APR1360PE,0.0,0.0,0.0,101.6,0.0,101.6,1434.8,22.15,0,0,0,0.0,0,F1,500,,,,,
2026-02-18,2026-02-18,FO,NSE,STO,96219,,HAVELLS,,2026-02-24,2026-02-24,1360.0,PE,HAVELLS26FEB1360PE,1.25,1.55,0.9,1.0,1.0,1.7,1434.8,1.0,88500,-5000,192,130671175.0,159,F1,500,,,,,
2026-02-18,2026-02-18,FO,NSE,STO,102423,,HAVELLS,,2026-02-24,2026-02-24,1450.0,PE,HAVELLS26FEB1450PE,25.0,27.8,20.6,22.2,22.95,24.3,1434.8,22.2,19500,3000,61,44934625.0,55,F1,500,,,,,
2026-02-18,2026-02-18,FO,NSE,STO,103049,,HAVELLS,,2026-03-30,2026-03-30,1200.0,PE,HAVELLS26MAR1200PE,0.0,0.0,0.0,7.0,0.0,7.0,1434.8,0.25,0,0,0,0.0,0,F1,500,,,,,
2026-02-18,2026-02-18,FO,NSE,STO,103130,,HAVELLS,,2026-03-30,2026-03-30,1560.0,PE,HAVELLS26MAR1560PE,125.0,125.0,119.95,119.95,119.95,121.5,1434.8,125.05,4500,3500,7,5890475.0,4,F1,500,,,,,
2026-02-18,2026-02-18,FO,NSE,STO,113958,,HAVELLS,,2026-04-28,2026-04-28,1280.0,PE,HAVELLS26APR1280PE,0.0,0.0,0.0,58.2,0.0,58.2,1434.8,7.0,0,0,0,0.0,0,F1,500,,,,,
2026-02-18,2026-02-18,FO,NSE,STF,51886,,HAVELLS,,2026-03-30,2026-03-30,,,HAVELLS26MARFUT,1454.0,1454.0,1435.0,1443.4,1442.8,1445.0,1434.8,1443.4,639000,325500,971,700368600.0,918,F1,500,,,,,
2026-02-18,2026-02-18,FO,NSE,STO,102217,,HAVELLS,,2026-02-24,2026-02-24,1060.0,CE,HAVELLS26FEB1060CE,0.0,0.0,0.0,362.9,0.0,362.9,1434.8,375.75,0,0,0,0.0,0,F1,500,,,,,
2026-02-18,2026-02-18,FO,NSE,STO,96214,,HAVELLS,,2026-02-24,2026-02-24,1280.0,CE,HAVELLS26FEB1280CE,161.25,161.25,148.55,152.75,152.75,137.0,1434.8,155.95,94500,-3500,13,9333875.0,12,F1,500,,,,,
2026-02-18,2026-02-18,FO,NSE,STO,102434,,HAVELLS,,2026-02-24,2026-02-24,1510.0,CE,HAVELLS26FEB1510CE,0.6,0.7,0.6,0.7,0.7,1.15,1434.8,0.7,30000,-1000,4,3021300.0,3,F1,500,,,,,
2026-02-18,2026-02-18,FO,NSE,STO,96273,,HAVELLS,,2026-02-24,2026-02-24,1680.0,CE,HAVELLS26FEB1680CE,0.0,0.0,0.0,0.3,0.3,0.3,1434.8,0.05,0,0,0,0.0,0,F1,500,,,,,
2026-02-18,2026-02-18,FO,NSE,STO,113771,,HAVELLS,,2026-03-30,2026-03-30,1490.0,CE,HAVELLS26MAR1490CE,0.0,0.0,0.0,9.85,0.0,9.85,1434.8,25.1,0,0,0,0.0,0,F1,500,,,,,
2026-02-18,2026-02-18,FO,NSE,STO,114057,,HAVELLS,,2026-04-28,2026-04-28,1380.0,CE,HAVELLS26APR1380CE,0.0,0.0,0.0,44.5,0.0,44.5,1434.8,97.25,0,0,0,0.0,0,F1,500,,,,,
2026-02-18,2026-02-18,FO,NSE,STO,114061,,HAVELLS,,2026-04-28,2026-04-28,1400.0,CE,HAVELLS26APR1400CE,0.0,0.0,0.0,38.4,0.0,38.4,1434.8,84.5,0,0,0,0.0,0,F1,500,,,,,
2026-02-18,2026-02-18,FO,NSE,STO,96167,,HAVELLS,,2026-02-24,2026-02-24,1120.0,CE,HAVELLS26FEB1120CE,0.0,0.0,0.0,217.9,217.9,217.9,1434.8,315.8,1000,0,0,0.0,0,F1,500,,,,,
2026-02-18,2026-02-18,FO,NSE,STO,96170,,HAVELLS,,2026-02-24,2026-02-24,1160.0,CE,HAVELLS26FEB1160CE,0.0,0.0,0.0,211.65,211.65,211.65,1434.8,275.85,1000,0,0,0.0,0,F1,500,,,,,
2026-02-18,2026-02-18,FO,NSE,STO,102313,,HAVELLS,,2026-02-24,2026-02-24,1250.0,CE,HAVELLS26FEB1250CE,0.0,0.0,0.0,150.75,150.75,150.75,1434.8,185.95,12500,0,0,0.0,0,F1,500,,,,,
2026-02-18,2026-02-18,FO,NSE,STO,102315,,HAVELLS,,2026-02-24,2026-02-24,1260.0,CE,HAVELLS26FEB1260CE,180.8,180.8,173.95,173.95,173.95,175.6,1434.8,173.95,16500,-1000,6,4312125.0,2,F1,500,,,,,
2026-02-18,2026-02-18,FO,NSE,STO,102334,,HAVELLS,,2026-02-24,2026-02-24,1340.0,CE,HAVELLS26FEB1340CE,0.0,0.0,0.0,97.3,97.3,97.3,1434.8,96.15,52000,0,0,0.0,0,F1,500,,,,,
2026-02-18,2026-02-18,FO,NSE,STO,102436,,HAVELLS,,2026-02-24,2026-02-24,1530.0,CE,HAVELLS26FEB1530CE,0.0,0.0,0.0,22.75,0.0,22.75,1434.8,0.25,0,0,0,0.0,0,F1,500,,,,,
2026-02-18,2026-02-18,FO,NSE,STO,113744,,HAVELLS,,2026-03-30,2026-03-30,1250.0,CE,HAVELLS26MAR1250CE,0.0,0.0,0.0,88.15,0.0,88.15,1434.8,193.5,0,0,0,0.0,0,F1,500,,,,,
2026-02-18,2026-02-18,FO,NSE,STO,113746,,HAVELLS,,2026-03-30,2026-03-30,1270.0,CE,HAVELLS26MAR1270CE,0.0,0.0,0.0,76.5,0.0,76.5,1434.8,174.45,0,0,0,0.0,0,F1,500,,,,,
2026-02-18,2026-02-18,FO,NSE,STO,103125,,HAVELLS,,2026-03-30,2026-03-30,1520.0,CE,HAVELLS26MAR1520CE,0.0,0.0,0.0,7.25,7.25,7.25,1434.8,16.75,3500,0,0,0.0,0,F1,500,,,,,
2026-02-18,2026-02-18,FO,NSE,STO,114055,,HAVELLS,,2026-04-28,2026-04-28,1360.0,CE,HAVELLS26APR1360CE,0.0,0.0,0.0,51.35,0.0,51.35,1434.8,111.05,0,0,0,0.0,0,F1,500,,,,,
2026-02-18,2026-02-18,FO,NSE,STO,114127,,HAVELLS,,2026-04-28,2026-04-28,1560.0,CE,HAVELLS26APR1560CE,0.0,0.0,0.0,10.15,0.0,10.15,1434.8,20.3,0,0,0,0.0,0,F1,500,,,,,
2026-02-18,2026-02-18,FO,NSE,STO,96171,,HAVELLS,,2026-02-24,2026-02-24,1160.0,PE,HAVELLS26FEB1160PE,0.0,0.0,0.0,0.35,0.4,0.35,1434.8,0.05,12000,0,0,0.0,0,F1,500,,,,,
2026-02-18,2026-02-18,FO,NSE,STO,102291,,HAVELLS,,2026-02-24,2026-02-24,1170.0,PE,HAVELLS26FEB1170PE,0.0,0.0,0.0,1.65,1.65,1.65,1434.8,0.05,500,0,0,0.0,0,F1,500,,,,,
2026-02-18,2026-02-18,FO,NSE,STO,102320,,HAVELLS,,2026-02-24,2026-02-24,1270.0,PE,HAVELLS26FEB1270PE,0.0,0.0,0.0,0.8,0.8,0.8,1434.8,0.05,14500,0,0,0.0,0,F1,500,,,,,
2026-02-18,2026-02-18,FO,NSE,STO,96231,,HAVELLS,,2026-02-24,2026-02-24,1440.0,PE,HAVELLS26FEB1440PE,18.0,22.8,14.2,15.7,17.85,18.2,1434.8,15.7,66500,40000,237,172641000.0,158,F1,500,,,,,
2026-02-18,2026-02-18,FO,NSE,STO,103037,,HAVELLS,,2026-03-30,2026-03-30,1180.0,PE,HAVELLS26MAR1180PE,0.0,0.0,0.0,5.25,0.0,5.25,1434.8,0.15,0,0,0,0.0,0,F1,500,,,,,
2026-02-18,2026-02-18,FO,NSE,STO,103070,,HAVELLS,,2026-03-30,2026-03-30,1240.0,PE,HAVELLS26MAR1240PE,0.0,0.0,0.0,6.1,6.1,6.1,1434.8,0.9,500,0,0,0.0,0,F1,500,,,,,
2026-02-18,2026-02-18,FO,NSE,STO,113760,,HAVELLS,,2026-03-30,2026-03-30,1370.0,PE,HAVELLS26MAR1370PE,11.5,11.5,11.5,11.5,11.5,100.35,1434.8,15.7,500,500,1,690750.0,1,F1,500,,,,,
2026-02-18,2026-02-18,FO,NSE,STO,113764,,HAVELLS,,2026-03-30,2026-03-30,1410.0,PE,HAVELLS26MAR1410PE,0.0,0.0,0.0,26.0,26.0,26.0,1434.8,28.65,500,0,0,0.0,0,F1,500,,,,,
2026-02-18,2026-02-18,FO,NSE,STO,113926,,HAVELLS,,2026-04-28,2026-04-28,1120.0,PE,HAVELLS26APR1120PE,0.0,0.0,0.0,11.4,0.0,11.4,1434.8,0.2,0,0,0,0.0,0,F1,500,,,,,
2026-02-18,2026-02-18,FO,NSE,STO,113950,,HAVELLS,,2026-04-28,2026-04-28,1200.0,PE,HAVELLS26APR1200PE,0.0,0.0,0.0,28.55,0.0,28.55,1434.8,1.5,0,0,0,0.0,0,F1,500,,,,,
2026-02-18,2026-02-18,FO,NSE,STO,114111,,HAVELLS,,2026-04-28,2026-04-28,1520.0,PE,HAVELLS26APR1520PE,0.0,0.0,0.0,222.35,0.0,222.35,1434.8,100.0,0,0,0,0.0,0,F1,500,,,,,
2026-02-18,2026-02-18,FO,NSE,STO,114115,,HAVELLS,,2026-04-28,2026-04-28,1540.0,PE,HAVELLS26APR1540PE,0.0,0.0,0.0,239.65,0.0,239.65,1434.8,114.3,0,0,0,0.0,0,F1,500,,,,,
2026-02-18,2026-02-18,FO,NSE,STO,103103,,HAVELLS,,2026-03-30,2026-03-30,1400.0,CE,HAVELLS26MAR1400CE,66.05,69.1,58.3,64.35,64.35,64.35,1434.8,64.35,55000,-1000,66,48301950.0,42,F1,500,,,,,
2026-02-18,2026-02-18,FO,NSE,STO,103071,,HAVELLS,,2026-03-30,2026-03-30,1260.0,CE,HAVELLS26MAR1260CE,0.0,0.0,0.0,186.75,0.0,186.75,1434.8,183.9,0,0,0,0.0,0,F1,500,,,,,
2026-02-18,2026-02-18,FO,NSE,STO,103069,,HAVELLS,,2026-03-30,2026-03-30,1240.0,CE,HAVELLS26MAR1240CE,0.0,0.0,0.0,203.2,0.0,203.2,1434.8,203.15,0,0,0,0.0,0,F1,500,,,,,
2026-02-18,2026-02-18,FO,NSE,STO,113775,,HAVELLS,,2026-03-30,2026-03-30,1530.0,CE,HAVELLS26MAR1530CE,0.0,0.0,0.0,6.2,0.0,6.2,1434.8,14.55,0,0,0,0.0,0,F1,500,,,,,
2026-02-18,2026-02-18,FO,NSE,STO,103053,,HAVELLS,,2026-03-30,2026-03-30,1220.0,CE,HAVELLS26MAR1220CE,0.0,0.0,0.0,220.25,0.0,220.25,1434.8,222.65,0,0,0,0.0,0,F1,500,,,,,
2026-02-18,2026-02-18,FO,NSE,STO,113703,,HAVELLS,,2026-03-30,2026-03-30,1150.0,CE,HAVELLS26MAR1150CE,0.0,0.0,0.0,161.2,0.0,161.2,1434.8,291.75,0,0,0,0.0,0,F1,500,,,,,
2026-02-18,2026-02-18,FO,NSE,STO,102442,,HAVELLS,,2026-02-24,2026-02-24,1570.0,CE,HAVELLS26FEB1570CE,0.55,0.55,0.55,0.55,0.55,0.55,1434.8,0.05,10000,0,1,785275.0,1,F1,500,,,,,
2026-02-18,2026-02-18,FO,NSE,STO,102391,,HAVELLS,,2026-02-24,2026-02-24,1380.0,CE,HAVELLS26FEB1380CE,58.75,61.65,50.0,56.6,56.6,58.75,1434.8,56.6,55500,500,28,20117850.0,16,F1,500,,,,,
2026-02-18,2026-02-18,FO,NSE,STO,102319,,HAVELLS,,2026-02-24,2026-02-24,1270.0,CE,HAVELLS26FEB1270CE,165.25,165.25,165.25,165.25,165.25,169.0,1434.8,165.95,12000,-1500,3,2152875.0,1,F1,500,,,,,
2026-02-18,2026-02-18,FO,NSE,STO,102311,,HAVELLS,,2026-02-24,2026-02-24,1230.0,CE,HAVELLS26FEB1230CE,0.0,0.0,0.0,199.15,0.0,199.15,1434.8,205.9,0,0,0,0.0,0,F1,500,,,,,
2026-02-18,2026-02-18,FO,NSE,STO,102307,,HAVELLS,,2026-02-24,2026-02-24,1220.0,CE,HAVELLS26FEB1220CE,0.0,0.0,0.0,132.0,132.0,132.0,1434.8,215.9,3500,0,0,0.0,0,F1,500,,,,,
2026-02-18,2026-02-18,FO,NSE,STF,59342,,HAVELLS,,2026-02-24,2026-02-24,,,HAVELLS26FEBFUT,1439.4,1441.9,1426.7,1434.1,1429.2,1435.7,1434.8,1434.1,9982500,-92000,2242,1608215500.0,2014,F1,500,,,,,
2026-02-18,2026-02-18,FO,NSE,STO,114128,,HAVELLS,,2026-04-28,2026-04-28,1560.0,PE,HAVELLS26APR1560PE,0.0,0.0,0.0,257.35,0.0,257.35,1434.8,129.35,0,0,0,0.0,0,F1,500,,,,,
2026-02-18,2026-02-18,FO,NSE,STO,114102,,HAVELLS,,2026-04-28,2026-04-28,1440.0,PE,HAVELLS26APR1440PE,0.0,0.0,0.0,157.35,0.0,157.35,1434.8,52.55,0,0,0,0.0,0,F1,500,,,,,
2026-02-18,2026-02-18,FO,NSE,STO,103136,,HAVELLS,,2026-03-30,2026-03-30,1620.0,PE,HAVELLS26MAR1620PE,0.0,0.0,0.0,182.0,182.0,182.0,1434.8,178.8,500,0,0,0.0,0,F1,500,,,,,
2026-02-18,2026-02-18,FO,NSE,STO,113776,,HAVELLS,,2026-03-30,2026-03-30,1530.0,PE,HAVELLS26MAR1530PE,0.0,0.0,0.0,231.3,0.0,231.3,1434.8,100.55,0,0,0,0.0,0,F1,500,,,,,
2026-02-18,2026-02-18,FO,NSE,STO,103126,,HAVELLS,,2026-03-30,2026-03-30,1520.0,PE,HAVELLS26MAR1520PE,0.0,0.0,0.0,126.05,0.0,126.05,1434.8,92.85,0,0,0,0.0,0,F1,500,,,,,
2026-02-18,2026-02-18,FO,NSE,STO,103113,,HAVELLS,,2026-03-30,2026-03-30,1440.0,PE,HAVELLS26MAR1440PE,0.0,0.0,0.0,37.0,37.0,37.0,1434.8,42.0,3500,0,0,0.0,0,F1,500,,,,,
2026-02-18,2026-02-18,FO,NSE,STO,103080,,HAVELLS,,2026-03-30,2026-03-30,1280.0,PE,HAVELLS26MAR1280PE,0.0,0.0,0.0,7.0,7.0,7.0,1434.8,2.55,500,0,0,0.0,0,F1,500,,,,,
2026-02-18,2026-02-18,FO,NSE,STO,102773,,HAVELLS,,2026-03-30,2026-03-30,1060.0,PE,HAVELLS26MAR1060PE,0.0,0.0,0.0,0.6,0.0,0.6,1434.8,0.05,0,0,0,0.0,0,F1,500,,,,,
2026-02-18,2026-02-18,FO,NSE,STO,96274,,HAVELLS,,2026-02-24,2026-02-24,1680.0,PE,HAVELLS26FEB1680PE,245.0,247.5,245.0,247.5,247.5,392.0,1434.8,243.7,33000,-1500,3,2888750.0,3,F1,500,,,,,
2026-02-18,2026-02-18,FO,NSE,STO,102452,,HAVELLS,,2026-02-24,2026-02-24,1620.0,PE,HAVELLS26FEB1620PE,185.55,185.55,185.55,185.55,185.55,189.0,1434.8,183.75,2000,0,3,2708325.0,1,F1,500,,,,,
2026-02-18,2026-02-18,FO,NSE,STO,102439,,HAVELLS,,2026-02-24,2026-02-24,1540.0,PE,HAVELLS26FEB1540PE,0.0,0.0,0.0,150.05,150.05,150.05,1434.8,103.95,2000,0,0,0.0,0,F1,500,,,,,
2026-02-18,2026-02-18,FO,NSE,STO,102437,,HAVELLS,,2026-02-24,2026-02-24,1530.0,PE,HAVELLS26FEB1530PE,0.0,0.0,0.0,125.6,0.0,125.6,1434.8,94.05,0,0,0,0.0,0,F1,500,,,,,
2026-02-18,2026-02-18,FO,NSE,STO,102316,,HAVELLS,,2026-02-24,2026-02-24,1260.0,PE,HAVELLS26FEB1260PE,0.8,0.8,0.8,0.8,0.8,0.6,1434.8,0.05,59500,-500,1,630400.0,1,F1,500,,,,,
2026-02-18,2026-02-18,FO,NSE,STO,102252,,HAVELLS,,2026-02-24,2026-02-24,1140.0,PE,HAVELLS26FEB1140PE,0.0,0.0,0.0,0.2,0.2,0.2,1434.8,0.05,24500,0,0,0.0,0,F1,500,,,,,
2026-02-18,2026-02-18,FO,NSE,STO,114144,,HAVELLS,,2026-04-28,2026-04-28,1640.0,CE,HAVELLS26APR1640CE,0.0,0.0,0.0,4.75,0.0,4.75,1434.8,8.15,0,0,0,0.0,0,F1,500,,,,,
2026-02-18,2026-02-18,FO,NSE,STO,113925,,HAVELLS,,2026-04-28,2026-04-28,1120.0,CE,HAVELLS26APR1120CE,0.0,0.0,0.0,197.45,0.0,197.45,1434.8,326.6,0,0,0,0.0,0,F1,500,,,,,
2026-02-18,2026-02-18,FO,NSE,STO,113946,,HAVELLS,,2026-04-28,2026-04-28,1180.0,PE,HAVELLS26APR1180PE,0.0,0.0,0.0,23.15,0.0,23.15,1434.8,0.95,0,0,0,0.0,0,F1,500,,,,,
2026-02-18,2026-02-18,FO,NSE,STO,113944,,HAVELLS,,2026-04-28,2026-04-28,1160.0,PE,HAVELLS26APR1160PE,0.0,0.0,0.0,18.55,0.0,18.55,1434.8,0.6,0,0,0,0.0,0,F1,500,,,,,
2026-02-18,2026-02-18,FO,NSE,STO,113772,,HAVELLS,,2026-03-30,2026-03-30,1490.0,PE,HAVELLS26MAR1490PE,0.0,0.0,0.0,195.35,0.0,195.35,1434.8,71.35,0,0,0,0.0,0,F1,500,,,,,
2026-02-18,2026-02-18,FO,NSE,STO,113756,,HAVELLS,,2026-03-30,2026-03-30,1330.0,PE,HAVELLS26MAR1330PE,0.0,0.0,0.0,74.95,0.0,74.95,1434.8,7.65,0,0,0,0.0,0,F1,500,,,,,
2026-02-18,2026-02-18,FO,NSE,STO,114141,,HAVELLS,,2026-04-28,2026-04-28,1600.0,PE,HAVELLS26APR1600PE,0.0,0.0,0.0,293.6,0.0,293.6,1434.8,161.7,0,0,0,0.0,0,F1,500,,,,,
2026-02-18,2026-02-18,FO,NSE,STO,96216,,HAVELLS,,2026-02-24,2026-02-24,1320.0,CE,HAVELLS26FEB1320CE,115.0,116.35,111.6,115.9,115.4,102.95,1434.8,115.9,69500,-1500,16,11473725.0,16,F1,500,,,,,
2026-02-18,2026-02-18,FO,NSE,STO,102449,,HAVELLS,,2026-02-24,2026-02-24,1610.0,CE,HAVELLS26FEB1610CE,0.0,0.0,0.0,1.05,1.05,1.05,1434.8,0.05,500,0,0,0.0,0,F1,500,,,,,
2026-02-18,2026-02-18,FO,NSE,STO,113951,,HAVELLS,,2026-04-28,2026-04-28,1220.0,CE,HAVELLS26APR1220CE,0.0,0.0,0.0,122.25,0.0,122.25,1434.8,229.75,0,0,0,0.0,0,F1,500,,,,,
2026-02-18,2026-02-18,FO,NSE,STO,96169,,HAVELLS,,2026-02-24,2026-02-24,1120.0,PE,HAVELLS26FEB1120PE,0.0,0.0,0.0,0.2,0.2,0.2,1434.8,0.05,13000,0,0,0.0,0,F1,500,,,,,
2026-02-18,2026-02-18,FO,NSE,STO,102333,,HAVELLS,,2026-02-24,2026-02-24,1330.0,PE,HAVELLS26FEB1330PE,0.75,1.0,0.75,0.75,0.75,1.3,1434.8,0.05,39000,-500,9,5988575.0,7,F1,500,,,,,
2026-02-18,2026-02-18,FO,NSE,STO,102376,,HAVELLS,,2026-02-24,2026-02-24,1340.0,PE,HAVELLS26FEB1340PE,1.2,1.2,0.75,0.85,0.9,1.3,1434.8,0.85,74500,-17500,105,70399775.0,85,F1,500,,,,,
2026-02-18,2026-02-18,FO,NSE,STO,102390,,HAVELLS,,2026-02-24,2026-02-24,1370.0,PE,HAVELLS26FEB1370PE,1.6,2.0,0.95,0.95,0.95,2.0,1434.8,0.95,177500,-3000,93,63773175.0,89,F1,500,,,,,
2026-02-18,2026-02-18,FO,NSE,STO,103033,,HAVELLS,,2026-03-30,2026-03-30,1160.0,PE,HAVELLS26MAR1160PE,0.0,0.0,0.0,7.35,7.35,7.35,1434.8,0.05,3000,0,0,0.0,0,F1,500,,,,,
2026-02-18,2026-02-18,FO,NSE,STO,114100,,HAVELLS,,2026-04-28,2026-04-28,1420.0,PE,HAVELLS26APR1420PE,0.0,0.0,0.0,142.35,0.0,142.35,1434.8,43.35,0,0,0,0.0,0,F1,500,,,,,
2026-02-18,2026-02-18,FO,NSE,STO,114058,,HAVELLS,,2026-04-28,2026-04-28,1380.0,PE,HAVELLS26APR1380PE,0.0,0.0,0.0,114.45,0.0,114.45,1434.8,28.2,0,0,0,0.0,0,F1,500,,,,,
2026-02-18,2026-02-18,FO,NSE,STO,113954,,HAVELLS,,2026-04-28,2026-04-28,1240.0,PE,HAVELLS26APR1240PE,0.0,0.0,0.0,41.65,0.0,41.65,1434.8,3.45,0,0,0,0.0,0,F1,500,,,,,
2026-02-18,2026-02-18,FO,NSE,STO,102306,,HAVELLS,,2026-02-24,2026-02-24,1210.0,PE,HAVELLS26FEB1210PE,0.0,0.0,0.0,0.5,0.5,0.5,1434.8,0.05,6500,0,0,0.0,0,F1,500,,,,,
2026-02-18,2026-02-18,FO,NSE,STO,113947,,HAVELLS,,2026-04-28,2026-04-28,1200.0,CE,HAVELLS26APR1200CE,0.0,0.0,0.0,135.8,0.0,135.8,1434.8,248.75,0,0,0,0.0,0,F1,500,,,,,
2026-02-18,2026-02-18,FO,NSE,STO,103135,,HAVELLS,,2026-03-30,2026-03-30,1620.0,CE,HAVELLS26MAR1620CE,3.1,3.1,3.05,3.1,3.1,19.1,1434.8,3.35,2000,2000,7,5680825.0,7,F1,500,,,,,
2026-02-18,2026-02-18,FO,NSE,STO,113757,,HAVELLS,,2026-03-30,2026-03-30,1350.0,CE,HAVELLS26MAR1350CE,0.0,0.0,0.0,82.2,82.2,82.2,1434.8,104.05,500,0,0,0.0,0,F1,500,,,,,
2026-02-18,2026-02-18,FO,NSE,STO,113738,,HAVELLS,,2026-03-30,2026-03-30,1190.0,PE,HAVELLS26MAR1190PE,0.0,0.0,0.0,1.55,1.55,1.55,1434.8,0.2,2000,0,0,0.0,0,F1,500,,,,,
2026-02-18,2026-02-18,FO,NSE,STO,113753,,HAVELLS,,2026-03-30,2026-03-30,1310.0,CE,HAVELLS26MAR1310CE,0.0,0.0,0.0,56.3,0.0,56.3,1434.8,137.75,0,0,0,0.0,0,F1,500,,,,,
2026-02-18,2026-02-18,FO,NSE,STO,113742,,HAVELLS,,2026-03-30,2026-03-30,1230.0,CE,HAVELLS26MAR1230CE,0.0,0.0,0.0,100.9,0.0,100.9,1434.8,212.85,0,0,0,0.0,0,F1,500,,,,,
2026-02-18,2026-02-18,FO,NSE,STO,96271,,HAVELLS,,2026-02-24,2026-02-24,1640.0,CE,HAVELLS26FEB1640CE,0.0,0.0,0.0,0.25,0.25,0.25,1434.8,0.05,2500,0,0,0.0,0,F1,500,,,,,
2026-02-18,2026-02-18,FO,NSE,STO,102438,,HAVELLS,,2026-02-24,2026-02-24,1540.0,CE,HAVELLS26FEB1540CE,0.35,0.35,0.35,0.35,0.35,0.75,1434.8,0.35,1500,-500,4,3080700.0,4,F1,500,,,,,
2026-02-18,2026-02-18,FO,NSE,STO,96248,,HAVELLS,,2026-02-24,2026-02-24,1520.0,CE,HAVELLS26FEB1520CE,1.0,1.0,0.45,0.5,0.5,1.0,1434.8,0.5,53000,-5000,59,44858150.0,51,F1,500,,,,,
2026-02-18,2026-02-18,FO,NSE,STO,102424,,HAVELLS,,2026-02-24,2026-02-24,1460.0,CE,HAVELLS26FEB1460CE,6.85,7.6,3.6,4.2,3.85,6.8,1434.8,4.2,163000,-23500,470,344379850.0,431,F1,500,,,,,
2026-02-18,2026-02-18,FO,NSE,STO,102261,,HAVELLS,,2026-02-24,2026-02-24,1170.0,CE,HAVELLS26FEB1170CE,0.0,0.0,0.0,255.3,0.0,255.3,1434.8,265.85,0,0,0,0.0,0,F1,500,,,,,
2026-02-18,2026-02-18,FO,NSE,STO,114109,,HAVELLS,,2026-04-28,2026-04-28,1500.0,PE,HAVELLS26APR1500PE,0.0,0.0,0.0,205.35,0.0,205.35,1434.8,86.65,0,0,0,0.0,0,F1,500,,,,,
2026-02-18,2026-02-18,FO,NSE,STO,96223,,HAVELLS,,2026-02-24,2026-02-24,1400.0,PE,HAVELLS26FEB1400PE,4.65,5.85,3.0,3.3,3.5,4.65,1434.8,3.3,265500,-14500,386,270961250.0,322,F1,500,,,,,
2026-02-18,2026-02-18,FO,NSE,STO,102431,,HAVELLS,,2026-02-24,2026-02-24,1490.0,PE,HAVELLS26FEB1490PE,0.0,0.0,0.0,96.8,0.0,96.8,1434.8,56.05,0,0,0,0.0,0,F1,500,,,,,
2026-02-18,2026-02-18,FO,NSE,STO,113982,,HAVELLS,,2026-04-28,2026-04-28,1300.0,PE,HAVELLS26APR1300PE,0.0,0.0,0.0,67.8,0.0,67.8,1434.8,9.65,0,0,0,0.0,0,F1,500,,,,,
2026-02-18,2026-02-18,FO,NSE,STO,113770,,HAVELLS,,2026-03-30,2026-03-30,1470.0,PE,HAVELLS26MAR1470PE,0.0,0.0,0.0,178.05,0.0,178.05,1434.8,58.6,0,0,0,0.0,0,F1,500,,,,,
2026-02-18,2026-02-18,FO,NSE,STO,103115,,HAVELLS,,2026-03-30,2026-03-30,1460.0,PE,HAVELLS26MAR1460PE,0.0,0.0,0.0,88.35,0.0,88.35,1434.8,52.7,0,0,0,0.0,0,F1,500,,,,,
2026-02-18,2026-02-18,FO,NSE,STO,102425,,HAVELLS,,2026-02-24,2026-02-24,1460.0,PE,HAVELLS26FEB1460PE,0.0,0.0,0.0,31.3,31.3,31.3,1434.8,31.6,6000,0,0,0.0,0,F1,500,,,,,
2026-02-18,2026-02-18,FO,NSE,STO,113752,,HAVELLS,,2026-03-30,2026-03-30,1290.0,PE,HAVELLS26MAR1290PE,0.0,0.0,0.0,7.55,7.55,7.55,1434.8,3.25,2500,0,0,0.0,0,F1,500,,,,,
2026-02-18,2026-02-18,FO,NSE,STO,113747,,HAVELLS,,2026-03-30,2026-03-30,1270.0,PE,HAVELLS26MAR1270PE,0.0,0.0,0.0,44.3,0.0,44.3,1434.8,2.0,0,0,0,0.0,0,F1,500,,,,,
2026-02-18,2026-02-18,FO,NSE,STO,102324,,HAVELLS,,2026-02-24,2026-02-24,1290.0,PE,HAVELLS26FEB1290PE,0.0,0.0,0.0,0.9,0.9,0.9,1434.8,0.05,17500,0,0,0.0,0,F1,500,,,,,
2026-02-18,2026-02-18,FO,NSE,STO,102992,,HAVELLS,,2026-03-30,2026-03-30,1160.0,CE,HAVELLS26MAR1160CE,0.0,0.0,0.0,274.0,0.0,274.0,1434.8,281.85,0,0,0,0.0,0,F1,500,,,,,
2026-02-18,2026-02-18,FO,NSE,STO,103093,,HAVELLS,,2026-03-30,2026-03-30,1360.0,CE,HAVELLS26MAR1360CE,0.0,0.0,0.0,98.0,98.0,98.0,1434.8,96.25,1000,0,0,0.0,0,F1,500,,,,,
2026-02-18,2026-02-18,FO,NSE,STO,103097,,HAVELLS,,2026-03-30,2026-03-30,1380.0,CE,HAVELLS26MAR1380CE,0.0,0.0,0.0,62.25,62.25,62.25,1434.8,81.55,0,0,0,0.0,0,F1,500,,,,,
2026-02-18,2026-02-18,FO,NSE,STO,113777,,HAVELLS,,2026-03-30,2026-03-30,1550.0,CE,HAVELLS26MAR1550CE,0.0,0.0,0.0,4.85,0.0,4.85,1434.8,10.8,0,0,0,0.0,0,F1,500,,,,,
2026-02-18,2026-02-18,FO,NSE,STO,103129,,HAVELLS,,2026-03-30,2026-03-30,1560.0,CE,HAVELLS26MAR1560CE,0.0,0.0,0.0,30.9,0.0,30.9,1434.8,9.25,0,0,0,0.0,0,F1,500,,,,,
2026-02-18,2026-02-18,FO,NSE,STO,113955,,HAVELLS,,2026-04-28,2026-04-28,1260.0,CE,HAVELLS26APR1260CE,0.0,0.0,0.0,97.7,0.0,97.7,1434.8,192.8,0,0,0,0.0,0,F1,500,,,,,
2026-02-18,2026-02-18,FO,NSE,STO,114108,,HAVELLS,,2026-04-28,2026-04-28,1500.0,CE,HAVELLS26APR1500CE,0.0,0.0,0.0,17.25,0.0,17.25,1434.8,36.95,0,0,0,0.0,0,F1,500,,,,,
2026-02-18,2026-02-18,FO,NSE,STO,102218,,HAVELLS,,2026-02-24,2026-02-24,1060.0,PE,HAVELLS26FEB1060PE,0.0,0.0,0.0,0.3,0.3,0.3,1434.8,0.05,500,0,0,0.0,0,F1,500,,,,,
2026-02-18,2026-02-18,FO,NSE,STO,102224,,HAVELLS,,2026-02-24,2026-02-24,1100.0,PE,HAVELLS26FEB1100PE,0.05,0.3,0.05,0.05,0.05,0.1,1434.8,0.05,107500,-500,43,23651800.0,13,F1,500,,,,,
2026-02-18,2026-02-18,FO,NSE,STO,102394,,HAVELLS,,2026-02-24,2026-02-24,1390.0,PE,HAVELLS26FEB1390PE,2.6,4.05,1.95,2.2,2.5,3.25,1434.8,2.2,48000,-5500,256,178252900.0,199,F1,500,,,,,
2026-02-18,2026-02-18,FO,NSE,STO,96247,,HAVELLS,,2026-02-24,2026-02-24,1480.0,PE,HAVELLS26FEB1480PE,0.0,0.0,0.0,105.35,105.35,105.35,1434.8,47.35,500,0,0,0.0,0,F1,500,,,,,
2026-02-18,2026-02-18,FO,NSE,STO,96268,,HAVELLS,,2026-02-24,2026-02-24,1560.0,PE,HAVELLS26FEB1560PE,128.0,128.0,126.5,126.5,126.5,127.05,1434.8,123.8,6500,-500,4,3375250.0,2,F1,500,,,,,
2026-02-18,2026-02-18,FO,NSE,STO,113743,,HAVELLS,,2026-03-30,2026-03-30,1230.0,PE,HAVELLS26MAR1230PE,4.75,4.95,1.5,1.55,1.55,0.5,1434.8,1.55,9000,5500,36,22180100.0,27,F1,500,,,,,
2026-02-18,2026-02-18,FO,NSE,STO,103090,,HAVELLS,,2026-03-30,2026-03-30,1320.0,PE,HAVELLS26MAR1320PE,0.0,0.0,0.0,28.8,0.0,28.8,1434.8,6.25,0,0,0,0.0,0,F1,500,,,,,
2026-02-18,2026-02-18,FO,NSE,STO,103106,,HAVELLS,,2026-03-30,2026-03-30,1400.0,PE,HAVELLS26MAR1400PE,18.0,22.05,17.2,18.65,18.8,19.4,1434.8,18.65,117000,5500,75,53193950.0,61,F1,500,,,,,
2026-02-18,2026-02-18,FO,NSE,STO,114090,,HAVELLS,,2026-04-28,2026-04-28,1400.0,PE,HAVELLS26APR1400PE,0.0,0.0,0.0,128.05,0.0,128.05,1434.8,35.25,0,0,0,0.0,0,F1,500,,,,,
2026-02-18,2026-02-18,FO,NSE,STO,103038,,HAVELLS,,2026-03-30,2026-03-30,1200.0,CE,HAVELLS26MAR1200CE,0.0,0.0,0.0,237.75,0.0,237.75,1434.8,242.25,0,0,0,0.0,0,F1,500,,,,,
2026-02-18,2026-02-18,FO,NSE,STF,66843,,HAVELLS,,2026-04-28,2026-04-28,,,HAVELLS26APRFUT,1457.5,1457.5,1445.9,1449.0,1449.0,1451.0,1434.8,1449.8,32500,2000,15,10868000.0,12,F1,500,,,,,
2026-02-18,2026-02-18,FO,NSE,STO,96172,,HAVELLS,,2026-02-24,2026-02-24,1200.0,CE,HAVELLS26FEB1200CE,240.55,240.55,236.7,236.7,236.7,174.35,1434.8,235.9,8500,0,6,4315875.0,2,F1,500,,,,,
2026-02-18,2026-02-18,FO,NSE,STO,102331,,HAVELLS,,2026-02-24,2026-02-24,1330.0,CE,HAVELLS26FEB1330CE,102.0,102.0,102.0,102.0,102.0,110.85,1434.8,102.0,11500,-500,1,716000.0,1,F1,500,,,,,
2026-02-18,2026-02-18,FO,NSE,STO,96236,,HAVELLS,,2026-02-24,2026-02-24,1480.0,CE,HAVELLS26FEB1480CE,3.1,3.4,1.35,1.65,1.5,2.95,1434.8,1.65,234500,-7000,231,171186600.0,214,F1,500,,,,,
2026-02-18,2026-02-18,FO,NSE,STO,96261,,HAVELLS,,2026-02-24,2026-02-24,1560.0,CE,HAVELLS26FEB1560CE,0.0,0.0,0.0,0.6,0.6,0.6,1434.8,0.05,15500,0,0,0.0,0,F1,500,,,,,
2026-02-18,2026-02-18,FO,NSE,STO,102458,,HAVELLS,,2026-02-24,2026-02-24,1660.0,CE,HAVELLS26FEB1660CE,0.0,0.0,0.0,0.3,0.3,0.3,1434.8,0.05,13500,0,0,0.0,0,F1,500,,,,,
2026-02-18,2026-02-18,FO,NSE,STO,103086,,HAVELLS,,2026-03-30,2026-03-30,1300.0,PE,HAVELLS26MAR1300PE,3.45,4.4,3.4,3.8,3.75,4.2,1434.8,3.8,80500,10000,110,71707875.0,99,F1,500,,,,,
2026-02-18,2026-02-18,FO,NSE,STO,114145,,HAVELLS,,2026-04-28,2026-04-28,1640.0,PE,HAVELLS26APR1640PE,0.0,0.0,0.0,330.7,0.0,330.7,1434.8,196.35,0,0,0,0.0,0,F1,500,,,,,
2026-02-18,2026-02-18,FO,NSE,STO,113952,,HAVELLS,,2026-04-28,2026-04-28,1220.0,PE,HAVELLS26APR1220PE,0.0,0.0,0.0,34.65,0.0,34.65,1434.8,2.3,0,0,0,0.0,0,F1,500,,,,,
2026-02-18,2026-02-18,FO,NSE,STO,102223,,HAVELLS,,2026-02-24,2026-02-24,1100.0,CE,HAVELLS26FEB1100CE,0.0,0.0,0.0,236.8,236.8,236.8,1434.8,335.8,1000,0,0,0.0,0,F1,500,,,,,
2026-02-18,2026-02-18,FO,NSE,STO,102329,,HAVELLS,,2026-02-24,2026-02-24,1310.0,CE,HAVELLS26FEB1310CE,0.0,0.0,0.0,100.3,100.3,100.3,1434.8,126.0,23000,0,0,0.0,0,F1,500,,,,,
2026-02-18,2026-02-18,FO,NSE,STO,102379,,HAVELLS,,2026-02-24,2026-02-24,1350.0,CE,HAVELLS26FEB1350CE,90.6,90.6,79.2,81.5,81.5,87.0,1434.8,81.5,47000,-5500,25,17942300.0,20,F1,500,,,,,
2026-02-18,2026-02-18,FO,NSE,STO,102393,,HAVELLS,,2026-02-24,2026-02-24,1390.0,CE,HAVELLS26FEB1390CE,37.3,47.15,37.25,44.8,44.8,39.35,1434.8,44.8,45000,-1000,10,7168750.0,10,F1,500,,,,,
2026-02-18,2026-02-18,FO,NSE,STO,96222,,HAVELLS,,2026-02-24,2026-02-24,1400.0,CE,HAVELLS26FEB1400CE,41.9,44.6,31.9,38.25,35.2,40.1,1434.8,38.25,274000,-18500,116,83423800.0,103,F1,500,,,,,
2026-02-18,2026-02-18,FO,NSE,STO,102422,,HAVELLS,,2026-02-24,2026-02-24,1450.0,CE,HAVELLS26FEB1450CE,9.9,11.0,5.8,6.6,6.45,9.75,1434.8,6.6,212500,66500,529,385610050.0,400,F1,500,,,,,
2026-02-18,2026-02-18,FO,NSE,STO,102444,,HAVELLS,,2026-02-24,2026-02-24,1580.0,CE,HAVELLS26FEB1580CE,0.0,0.0,0.0,0.4,0.4,0.4,1434.8,0.05,1500,0,0,0.0,0,F1,500,,,,,
2026-02-18,2026-02-18,FO,NSE,STO,102774,,HAVELLS,,2026-03-30,2026-03-30,1080.0,CE,HAVELLS26MAR1080CE,0.0,0.0,0.0,349.9,0.0,349.9,1434.8,361.3,0,0,0,0.0,0,F1,500,,,,,
2026-02-18,2026-02-18,FO,NSE,STO,113737,,HAVELLS,,2026-03-30,2026-03-30,1190.0,CE,HAVELLS26MAR1190CE,0.0,0.0,0.0,129.3,0.0,129.3,1434.8,252.15,0,0,0,0.0,0,F1,500,,,,,
2026-02-18,2026-02-18,FO,NSE,STO,103081,,HAVELLS,,2026-03-30,2026-03-30,1300.0,CE,HAVELLS26MAR1300CE,0.0,0.0,0.0,100.5,100.5,100.5,1434.8,146.7,4000,0,0,0.0,0,F1,500,,,,,
2026-02-18,2026-02-18,FO,NSE,STO,113769,,HAVELLS,,2026-03-30,2026-03-30,1470.0,CE,HAVELLS26MAR1470CE,28.3,28.35,27.1,27.1,27.1,12.45,1434.8,32.25,2500,0,4,2995450.0,4,F1,500,,,,,
2026-02-18,2026-02-18,FO,NSE,STO,103121,,HAVELLS,,2026-03-30,2026-03-30,1480.0,CE,HAVELLS26MAR1480CE,26.0,26.0,21.0,22.55,22.0,24.1,1434.8,22.55,45500,21500,67,50390025.0,62,F1,500,,,,,
2026-02-18,2026-02-18,FO,NSE,STO,103131,,HAVELLS,,2026-03-30,2026-03-30,1580.0,CE,HAVELLS26MAR1580CE,0.0,0.0,0.0,26.4,0.0,26.4,1434.8,6.7,0,0,0,0.0,0,F1,500,,,,,
2026-02-18,2026-02-18,FO,NSE,STO,113983,,HAVELLS,,2026-04-28,2026-04-28,1320.0,CE,HAVELLS26APR1320CE,0.0,0.0,0.0,67.35,0.0,67.35,1434.8,141.4,0,0,0,0.0,0,F1,500,,,,,
2026-02-18,2026-02-18,FO,NSE,STO,114138,,HAVELLS,,2026-04-28,2026-04-28,1600.0,CE,HAVELLS26APR1600CE,0.0,0.0,0.0,7.0,0.0,7.0,1434.8,13.05,0,0,0,0.0,0,F1,500,,,,,
2026-02-18,2026-02-18,FO,NSE,STO,102308,,HAVELLS,,2026-02-24,2026-02-24,1220.0,PE,HAVELLS26FEB1220PE,0.45,0.6,0.45,0.6,0.6,0.8,1434.8,0.05,56500,0,2,1220525.0,2,F1,500,,,,,
2026-02-18,2026-02-18,FO,NSE,STO,96215,,HAVELLS,,2026-02-24,2026-02-24,1280.0,PE,HAVELLS26FEB1280PE,1.0,1.0,0.5,0.7,0.8,1.2,1434.8,0.7,156500,10000,96,61473550.0,86,F1,500,,,,,
2026-02-18,2026-02-18,FO,NSE,STO,102421,,HAVELLS,,2026-02-24,2026-02-24,1430.0,PE,HAVELLS26FEB1430PE,11.45,16.5,9.75,11.05,12.65,12.95,1434.8,11.05,92500,29000,318,229298850.0,261,F1,500,,,,,
2026-02-18,2026-02-18,FO,NSE,STO,103128,,HAVELLS,,2026-03-30,2026-03-30,1540.0,PE,HAVELLS26MAR1540PE,0.0,0.0,0.0,140.05,0.0,140.05,1434.8,108.5,0,0,0,0.0,0,F1,500,,,,,
2026-02-18,2026-02-18,FO,NSE,STO,103144,,HAVELLS,,2026-03-30,2026-03-30,1640.0,PE,HAVELLS26MAR1640PE,0.0,0.0,0.0,218.85,0.0,218.85,1434.8,197.65,0,0,0,0.0,0,F1,500,,,,,
2026-02-18,2026-02-18,FO,NSE,STO,113922,,HAVELLS,,2026-04-28,2026-04-28,1080.0,PE,HAVELLS26APR1080PE,0.0,0.0,0.0,6.55,0.0,6.55,1434.8,0.05,0,0,0,0.0,0,F1,500,,,,,
2026-02-18,2026-02-18,FO,NSE,STO,114107,,HAVELLS,,2026-04-28,2026-04-28,1480.0,PE,HAVELLS26APR1480PE,0.0,0.0,0.0,188.85,0.0,188.85,1434.8,74.25,0,0,0,0.0,0,F1,500,,,,,
2026-02-18,2026-02-18,FO,NSE,STO,113761,,HAVELLS,,2026-03-30,2026-03-30,1390.0,CE,HAVELLS26MAR1390CE,0.0,0.0,0.0,55.0,55.0,55.0,1434.8,74.65,500,0,0,0.0,0,F1,500,,,,,
2026-02-18,2026-02-18,FO,NSE,STO,103123,,HAVELLS,,2026-03-30,2026-03-30,1500.0,CE,HAVELLS26MAR1500CE,19.1,19.15,15.6,16.9,16.35,18.05,1434.8,16.9,78500,4000,123,93328550.0,80,F1,500,,,,,
2026-02-18,2026-02-18,FO,NSE,STO,103127,,HAVELLS,,2026-03-30,2026-03-30,1540.0,CE,HAVELLS26MAR1540CE,10.05,10.8,8.3,8.75,8.35,10.3,1434.8,8.75,40000,12500,77,59637050.0,48,F1,500,,,,,
2026-02-18,2026-02-18,FO,NSE,STO,102301,,HAVELLS,,2026-02-24,2026-02-24,1190.0,CE,HAVELLS26FEB1190CE,0.0,0.0,0.0,240.15,240.15,240.15,1434.8,245.9,2500,0,0,0.0,0,F1,500,,,,,
2026-02-18,2026-02-18,FO,NSE,STO,96174,,HAVELLS,,2026-02-24,2026-02-24,1240.0,CE,HAVELLS26FEB1240CE,0.0,0.0,0.0,58.95,58.95,58.95,1434.8,195.9,2000,0,0,0.0,0,F1,500,,,,,
2026-02-18,2026-02-18,FO,NSE,STO,96218,,HAVELLS,,2026-02-24,2026-02-24,1360.0,CE,HAVELLS26FEB1360CE,80.75,80.75,73.15,76.45,76.45,76.9,1434.8,76.45,56500,-1500,12,8617075.0,12,F1,500,,,,,
2026-02-18,2026-02-18,FO,NSE,STO,96275,,HAVELLS,,2026-02-24,2026-02-24,1720.0,CE,HAVELLS26FEB1720CE,0.0,0.0,0.0,0.2,0.2,0.2,1434.8,0.05,9500,0,0,0.0,0,F1,500,,,,,
2026-02-18,2026-02-18,FO,NSE,STO,103087,,HAVELLS,,2026-03-30,2026-03-30,1320.0,CE,HAVELLS26MAR1320CE,0.0,0.0,0.0,141.35,0.0,141.35,1434.8,129.0,0,0,0,0.0,0,F1,500,,,,,
2026-02-18,2026-02-18,FO,NSE,STO,103137,,HAVELLS,,2026-03-30,2026-03-30,1640.0,CE,HAVELLS26MAR1640CE,0.0,0.0,0.0,16.1,0.0,16.1,1434.8,2.3,0,0,0,0.0,0,F1,500,,,,,
2026-02-18,2026-02-18,FO,NSE,STO,114114,,HAVELLS,,2026-04-28,2026-04-28,1540.0,CE,HAVELLS26APR1540CE,0.0,0.0,0.0,12.15,0.0,12.15,1434.8,25.0,0,0,0,0.0,0,F1,500,,,,,
2026-02-18,2026-02-18,FO,NSE,STO,96166,,HAVELLS,,2026-02-24,2026-02-24,1080.0,PE,HAVELLS26FEB1080PE,0.0,0.0,0.0,0.2,0.2,0.2,1434.8,0.05,14000,0,0,0.0,0,F1,500,,,,,
2026-02-18,2026-02-18,FO,NSE,STO,102300,,HAVELLS,,2026-02-24,2026-02-24,1180.0,PE,HAVELLS26FEB1180PE,0.45,0.45,0.05,0.1,0.1,0.15,1434.8,0.05,13000,0,4,2360525.0,3,F1,500,,,,,
2026-02-18,2026-02-18,FO,NSE,STO,102314,,HAVELLS,,2026-02-24,2026-02-24,1250.0,PE,HAVELLS26FEB1250PE,0.0,0.0,0.0,0.65,0.65,0.65,1434.8,0.05,78000,0,0,0.0,0,F1,500,,,,,
2026-02-18,2026-02-18,FO,NSE,STO,102326,,HAVELLS,,2026-02-24,2026-02-24,1300.0,PE,HAVELLS26FEB1300PE,0.8,0.85,0.6,0.65,0.7,0.95,1434.8,0.65,298500,-11500,319,207463300.0,236,F1,500,,,,,
2026-02-18,2026-02-18,FO,NSE,STO,96217,,HAVELLS,,2026-02-24,2026-02-24,1320.0,PE,HAVELLS26FEB1320PE,0.75,0.95,0.7,0.75,0.7,1.2,1434.8,0.75,75000,-11500,40,26415375.0,40,F1,500,,,,,
2026-02-18,2026-02-18,FO,NSE,STO,102419,,HAVELLS,,2026-02-24,2026-02-24,1420.0,PE,HAVELLS26FEB1420PE,7.8,11.6,6.8,7.45,7.95,9.4,1434.8,7.45,167000,25500,370,264247475.0,335,F1,500,,,,,
2026-02-18,2026-02-18,FO,NSE,STO,102441,,HAVELLS,,2026-02-24,2026-02-24,1550.0,PE,HAVELLS26FEB1550PE,0.0,0.0,0.0,141.15,0.0,141.15,1434.8,113.85,0,0,0,0.0,0,F1,500,,,,,
2026-02-18,2026-02-18,FO,NSE,STO,102459,,HAVELLS,,2026-02-24,2026-02-24,1660.0,PE,HAVELLS26FEB1660PE,223.0,224.0,223.0,224.0,224.0,236.8,1434.8,223.7,0,0,2,1883500.0,2,F1,500,,,,,
2026-02-18,2026-02-18,FO,NSE,STO,113766,,HAVELLS,,2026-03-30,2026-03-30,1430.0,PE,HAVELLS26MAR1430PE,32.85,32.85,28.9,29.3,29.0,36.0,1434.8,29.3,4500,3500,11,8029925.0,10,F1,500,,,,,
2026-02-18,2026-02-18,FO,NSE,STO,113768,,HAVELLS,,2026-03-30,2026-03-30,1450.0,PE,HAVELLS26MAR1450PE,0.0,0.0,0.0,161.2,0.0,161.2,1434.8,47.2,0,0,0,0.0,0,F1,500,,,,,
2026-02-18,2026-02-18,FO,NSE,STO,103122,,HAVELLS,,2026-03-30,2026-03-30,1480.0,PE,HAVELLS26MAR1480PE,0.0,0.0,0.0,100.15,0.0,100.15,1434.8,64.8,0,0,0,0.0,0,F1,500,,,,,
2026-02-18,2026-02-18,FO,NSE,STO,113862,,HAVELLS,,2026-04-28,2026-04-28,1080.0,CE,HAVELLS26APR1080CE,0.0,0.0,0.0,232.0,0.0,232.0,1434.8,366.05,0,0,0,0.0,0,F1,500,,,,,
2026-02-18,2026-02-18,FO,NSE,STO,113959,,HAVELLS,,2026-04-28,2026-04-28,1300.0,CE,HAVELLS26APR1300CE,0.0,0.0,0.0,76.6,0.0,76.6,1434.8,157.85,0,0,0,0.0,0,F1,500,,,,,
2026-02-18,2026-02-18,FO,NSE,STO,114099,,HAVELLS,,2026-04-28,2026-04-28,1420.0,CE,HAVELLS26APR1420CE,0.0,0.0,0.0,33.0,0.0,33.0,1434.8,72.85,0,0,0,0.0,0,F1,500,,,,,
2026-02-18,2026-02-18,FO,NSE,STO,102260,,HAVELLS,,2026-02-24,2026-02-24,1150.0,PE,HAVELLS26FEB1150PE,0.0,0.0,0.0,0.95,0.0,0.95,1434.8,0.05,0,0,0,0.0,0,F1,500,,,,,
2026-02-18,2026-02-18,FO,NSE,STO,102429,,HAVELLS,,2026-02-24,2026-02-24,1470.0,PE,HAVELLS26FEB1470PE,0.0,0.0,0.0,172.95,172.95,172.95,1434.8,39.15,500,0,0,0.0,0,F1,500,,,,,
2026-02-18,2026-02-18,FO,NSE,STO,102418,,HAVELLS,,2026-02-24,2026-02-24,1420.0,CE,HAVELLS26FEB1420CE,24.75,28.25,17.9,21.6,19.6,25.5,1434.8,21.6,144500,-14000,233,168113050.0,192,F1,500,,,,,
2026-02-18,2026-02-18,FO,NSE,STO,102426,,HAVELLS,,2026-02-24,2026-02-24,1470.0,CE,HAVELLS26FEB1470CE,4.9,5.05,2.25,2.45,2.25,4.5,1434.8,2.45,182500,8000,247,182020725.0,223,F1,500,,,,,
2026-02-18,2026-02-18,FO,NSE,STO,114052,,HAVELLS,,2026-04-28,2026-04-28,1340.0,PE,HAVELLS26APR1340PE,0.0,0.0,0.0,89.5,0.0,89.5,1434.8,17.1,0,0,0,0.0,0,F1,500,,,,,
2026-02-18,2026-02-18,FO,NSE,STO,114042,,HAVELLS,,2026-04-28,2026-04-28,1320.0,PE,HAVELLS26APR1320PE,0.0,0.0,0.0,78.25,0.0,78.25,1434.8,12.95,0,0,0,0.0,0,F1,500,,,,,
2026-02-18,2026-02-18,FO,NSE,STO,103096,,HAVELLS,,2026-03-30,2026-03-30,1360.0,PE,HAVELLS26MAR1360PE,10.0,10.0,9.5,9.85,9.95,10.0,1434.8,9.85,28000,1000,9,6164000.0,8,F1,500,,,,,
2026-02-18,2026-02-18,FO,NSE,STO,113754,,HAVELLS,,2026-03-30,2026-03-30,1310.0,PE,HAVELLS26MAR1310PE,0.0,0.0,0.0,63.7,0.0,63.7,1434.8,5.1,0,0,0,0.0,0,F1,500,,,,,
2026-02-18,2026-02-18,FO,NSE,STO,103068,,HAVELLS,,2026-03-30,2026-03-30,1220.0,PE,HAVELLS26MAR1220PE,0.0,0.0,0.0,9.8,9.8,9.8,1434.8,0.5,2500,0,0,0.0,0,F1,500,,,,,
2026-02-18,2026-02-18,FO,NSE,STO,102775,,HAVELLS,,2026-03-30,2026-03-30,1080.0,PE,HAVELLS26MAR1080PE,0.0,0.0,0.0,0.95,0.0,0.95,1434.8,0.05,0,0,0,0.0,0,F1,500,,,,,
2026-02-18,2026-02-18,FO,NSE,STO,96272,,HAVELLS,,2026-02-24,2026-02-24,1640.0,PE,HAVELLS26FEB1640PE,0.0,0.0,0.0,235.0,235.0,235.0,1434.8,203.7,2000,0,0,0.0,0,F1,500,,,,,
2026-02-18,2026-02-18,FO,NSE,STO,102445,,HAVELLS,,2026-02-24,2026-02-24,1580.0,PE,HAVELLS26FEB1580PE,141.4,146.45,141.4,146.45,146.45,194.35,1434.8,143.8,7500,0,6,5171775.0,3,F1,500,,,,,
2026-02-18,2026-02-18,FO,NSE,STO,96163,,HAVELLS,,2026-02-24,2026-02-24,1080.0,CE,HAVELLS26FEB1080CE,0.0,0.0,0.0,356.8,0.0,356.8,1434.8,355.8,0,0,0,0.0,0,F1,500,,,,,
2026-02-18,2026-02-18,FO,NSE,STO,102253,,HAVELLS,,2026-02-24,2026-02-24,1150.0,CE,HAVELLS26FEB1150CE,0.0,0.0,0.0,274.6,0.0,274.6,1434.8,285.85,0,0,0,0.0,0,F1,500,,,,,
2026-02-18,2026-02-18,FO,NSE,STO,102299,,HAVELLS,,2026-02-24,2026-02-24,1180.0,CE,HAVELLS26FEB1180CE,0.0,0.0,0.0,245.75,0.0,245.75,1434.8,255.85,0,0,0,0.0,0,F1,500,,,,,
2026-02-18,2026-02-18,FO,NSE,STO,102440,,HAVELLS,,2026-02-24,2026-02-24,1550.0,CE,HAVELLS26FEB1550CE,0.6,1.0,0.4,0.5,0.45,0.6,1434.8,0.5,50000,42000,109,84518250.0,58,F1,500,,,,,
2026-02-18,2026-02-18,FO,NSE,STO,102420,,HAVELLS,,2026-02-24,2026-02-24,1430.0,CE,HAVELLS26FEB1430CE,20.65,20.65,13.15,15.4,14.05,18.8,1434.8,15.4,115000,-9500,307,221929750.0,268,F1,500,,,,,
2026-02-18,2026-02-18,FO,NSE,STO,102432,,HAVELLS,,2026-02-24,2026-02-24,1500.0,CE,HAVELLS26FEB1500CE,1.6,1.8,0.6,0.9,0.8,1.6,1434.8,0.9,265000,-41000,564,423327925.0,394,F1,500,,,,,
2026-02-18,2026-02-18,FO,NSE,STO,102769,,HAVELLS,,2026-03-30,2026-03-30,1060.0,CE,HAVELLS26MAR1060CE,0.0,0.0,0.0,369.3,0.0,369.3,1434.8,381.15,0,0,0,0.0,0,F1,500,,,,,
2026-02-18,2026-02-18,FO,NSE,STO,102807,,HAVELLS,,2026-03-30,2026-03-30,1140.0,CE,HAVELLS26MAR1140CE,0.0,0.0,0.0,292.65,0.0,292.65,1434.8,301.7,0,0,0,0.0,0,F1,500,,,,,
2026-02-18,2026-02-18,FO,NSE,STO,113735,,HAVELLS,,2026-03-30,2026-03-30,1170.0,CE,HAVELLS26MAR1170CE,0.0,0.0,0.0,144.85,0.0,144.85,1434.8,271.9,0,0,0,0.0,0,F1,500,,,,,
2026-02-18,2026-02-18,FO,NSE,STO,103034,,HAVELLS,,2026-03-30,2026-03-30,1180.0,CE,HAVELLS26MAR1180CE,0.0,0.0,0.0,255.7,0.0,255.7,1434.8,262.0,0,0,0,0.0,0,F1,500,,,,,
2026-02-18,2026-02-18,FO,NSE,STO,113755,,HAVELLS,,2026-03-30,2026-03-30,1330.0,CE,HAVELLS26MAR1330CE,0.0,0.0,0.0,47.75,0.0,47.75,1434.8,120.45,0,0,0,0.0,0,F1,500,,,,,
2026-02-18,2026-02-18,FO,NSE,STO,102435,,HAVELLS,,2026-02-24,2026-02-24,1510.0,PE,HAVELLS26FEB1510PE,0.0,0.0,0.0,110.75,0.0,110.75,1434.8,74.65,0,0,0,0.0,0,F1,500,,,,,
2026-02-18,2026-02-18,FO,NSE,STO,96260,,HAVELLS,,2026-02-24,2026-02-24,1520.0,PE,HAVELLS26FEB1520PE,0.0,0.0,0.0,227.0,227.0,227.0,1434.8,84.3,7000,0,0,0.0,0,F1,500,,,,,
2026-02-18,2026-02-18,FO,NSE,STO,102991,,HAVELLS,,2026-03-30,2026-03-30,1140.0,PE,HAVELLS26MAR1140PE,0.0,0.0,0.0,2.8,0.0,2.8,1434.8,0.05,0,0,0,0.0,0,F1,500,,,,,
2026-02-18,2026-02-18,FO,NSE,STO,113736,,HAVELLS,,2026-03-30,2026-03-30,1170.0,PE,HAVELLS26MAR1170PE,0.0,0.0,0.0,8.85,8.95,8.85,1434.8,0.1,2000,0,0,0.0,0,F1,500,,,,,
2026-02-18,2026-02-18,FO,NSE,STO,103092,,HAVELLS,,2026-03-30,2026-03-30,1340.0,PE,HAVELLS26MAR1340PE,9.0,9.0,7.05,7.1,7.1,8.0,1434.8,9.3,8500,6500,23,15497125.0,17,F1,500,,,,,
2026-02-18,2026-02-18,FO,NSE,STO,113758,,HAVELLS,,2026-03-30,2026-03-30,1350.0,PE,HAVELLS26MAR1350PE,9.0,9.65,8.45,8.75,8.75,16.25,1434.8,11.15,7500,3000,11,7473650.0,10,F1,500,,,,,
2026-02-18,2026-02-18,FO,NSE,STO,113762,,HAVELLS,,2026-03-30,2026-03-30,1390.0,PE,HAVELLS26MAR1390PE,0.0,0.0,0.0,114.45,0.0,114.45,1434.8,21.5,0,0,0,0.0,0,F1,500,,,,,
2026-02-18,2026-02-18,FO,NSE,STO,113774,,HAVELLS,,2026-03-30,2026-03-30,1510.0,PE,HAVELLS26MAR1510PE,0.0,0.0,0.0,213.15,0.0,213.15,1434.8,85.4,0,0,0,0.0,0,F1,500,,,,,
2026-02-18,2026-02-18,FO,NSE,STO,103146,,HAVELLS,,2026-03-30,2026-03-30,1660.0,PE,HAVELLS26MAR1660PE,0.0,0.0,0.0,236.0,0.0,236.0,1434.8,216.8,0,0,0,0.0,0,F1,500,,,,,
2026-02-18,2026-02-18,FO,NSE,STO,103114,,HAVELLS,,2026-03-30,2026-03-30,1460.0,CE,HAVELLS26MAR1460CE,31.7,31.7,29.6,30.55,30.55,31.6,1434.8,36.3,18500,1000,6,4472625.0,6,F1,500,,,,,
2026-02-18,2026-02-18,FO,NSE,STO,102321,,HAVELLS,,2026-02-24,2026-02-24,1290.0,CE,HAVELLS26FEB1290CE,0.0,0.0,0.0,85.0,85.0,85.0,1434.8,145.95,18000,0,0,0.0,0,F1,500,,,,,
2026-02-18,2026-02-18,FO,NSE,STO,102303,,HAVELLS,,2026-02-24,2026-02-24,1210.0,CE,HAVELLS26FEB1210CE,0.0,0.0,0.0,220.0,220.0,220.0,1434.8,225.9,500,0,0,0.0,0,F1,500,,,,,
2026-02-18,2026-02-18,FO,NSE,STO,113956,,HAVELLS,,2026-04-28,2026-04-28,1260.0,PE,HAVELLS26APR1260PE,0.0,0.0,0.0,49.5,0.0,49.5,1434.8,4.95,0,0,0,0.0,0,F1,500,,,,,
2026-02-18,2026-02-18,FO,NSE,STO,114051,,HAVELLS,,2026-04-28,2026-04-28,1340.0,CE,HAVELLS26APR1340CE,0.0,0.0,0.0,58.95,0.0,58.95,1434.8,125.8,0,0,0,0.0,0,F1,500,,,,,
2026-02-18,2026-02-18,FO,NSE,STO,113767,,HAVELLS,,2026-03-30,2026-03-30,1450.0,CE,HAVELLS26MAR1450CE,39.65,39.65,33.85,35.2,35.2,37.1,1434.8,35.2,11500,6500,15,11135875.0,9,F1,500,,,,,
2026-02-18,2026-02-18,FO,NSE,STO,113953,,HAVELLS,,2026-04-28,2026-04-28,1240.0,CE,HAVELLS26APR1240CE,0.0,0.0,0.0,109.55,0.0,109.55,1434.8,211.05,0,0,0,0.0,0,F1,500,,,,,
2026-02-18,2026-02-18,FO,NSE,STO,113957,,HAVELLS,,2026-04-28,2026-04-28,1280.0,CE,HAVELLS26APR1280CE,0.0,0.0,0.0,86.7,0.0,86.7,1434.8,175.05,0,0,0,0.0,0,F1,500,,,,,
2026-02-18,2026-02-18,FO,NSE,STO,114110,,HAVELLS,,2026-04-28,2026-04-28,1520.0,CE,HAVELLS26APR1520CE,0.0,0.0,0.0,14.5,0.0,14.5,1434.8,30.55,0,0,0,0.0,0,F1,500,,,,,
2026-02-18,2026-02-18,FO,NSE,STO,114101,,HAVELLS,,2026-04-28,2026-04-28,1440.0,CE,HAVELLS26APR1440CE,0.0,0.0,0.0,28.3,0.0,28.3,1434.8,62.25,0,0,0,0.0,0,F1,500,,,,,
2026-02-18,2026-02-18,FO,NSE,STO,102380,,HAVELLS,,2026-02-24,2026-02-24,1350.0,PE,HAVELLS26FEB1350PE,1.3,1.3,0.8,0.85,0.9,1.45,1434.8,0.85,77000,-18000,97,65527000.0,83,F1,500,,,,,
2026-02-18,2026-02-18,FO,NSE,STO,102395,,HAVELLS,,2026-02-24,2026-02-24,1410.0,CE,HAVELLS26FEB1410CE,35.0,35.0,24.3,29.35,29.05,33.15,1434.8,29.35,63000,-1500,9,6476300.0,9,F1,500,,,,,
2026-02-18,2026-02-18,FO,NSE,STO,114103,,HAVELLS,,2026-04-28,2026-04-28,1460.0,CE,HAVELLS26APR1460CE,0.0,0.0,0.0,24.05,0.0,24.05,1434.8,52.75,0,0,0,0.0,0,F1,500,,,,,
2026-02-18,2026-02-18,FO,NSE,STO,103145,,HAVELLS,,2026-03-30,2026-03-30,1660.0,CE,HAVELLS26MAR1660CE,0.0,0.0,0.0,13.55,0.0,13.55,1434.8,1.55,0,0,0,0.0,0,F1,500,,,,,
2026-02-18,2026-02-18,FO,NSE,STO,103112,,HAVELLS,,2026-03-30,2026-03-30,1440.0,CE,HAVELLS26MAR1440CE,45.05,45.05,39.0,39.8,39.5,33.0,1434.8,39.8,6000,5000,17,12583100.0,15,F1,500,,,,,
2026-02-18,2026-02-18,FO,NSE,STO,113765,,HAVELLS,,2026-03-30,2026-03-30,1430.0,CE,HAVELLS26MAR1430CE,0.0,0.0,0.0,46.95,46.95,46.95,1434.8,50.6,500,0,0,0.0,0,F1,500,,,,,
2026-02-18,2026-02-18,FO,NSE,STO,113763,,HAVELLS,,2026-03-30,2026-03-30,1410.0,CE,HAVELLS26MAR1410CE,0.0,0.0,0.0,54.0,54.0,54.0,1434.8,61.9,1000,0,0,0.0,0,F1,500,,,,,
2026-02-18,2026-02-18,FO,NSE,STO,103079,,HAVELLS,,2026-03-30,2026-03-30,1280.0,CE,HAVELLS26MAR1280CE,0.0,0.0,0.0,170.9,0.0,170.9,1434.8,165.05,0,0,0,0.0,0,F1,500,,,,,
2026-02-18,2026-02-18,FO,NSE,STO,102780,,HAVELLS,,2026-03-30,2026-03-30,1120.0,CE,HAVELLS26MAR1120CE,0.0,0.0,0.0,311.55,0.0,311.55,1434.8,321.55,0,0,0,0.0,0,F1,500,,,,,
2026-02-18,2026-02-18,FO,NSE,STO,102776,,HAVELLS,,2026-03-30,2026-03-30,1100.0,CE,HAVELLS26MAR1100CE,0.0,0.0,0.0,330.65,0.0,330.65,1434.8,341.4,0,0,0,0.0,0,F1,500,,,,,
2026-02-18,2026-02-18,FO,NSE,STO,96269,,HAVELLS,,2026-02-24,2026-02-24,1600.0,CE,HAVELLS26FEB1600CE,0.25,0.25,0.15,0.15,0.15,0.3,1434.8,0.05,17500,-1500,4,3200450.0,4,F1,500,,,,,
2026-02-18,2026-02-18,FO,NSE,STO,102381,,HAVELLS,,2026-02-24,2026-02-24,1370.0,CE,HAVELLS26FEB1370CE,70.4,70.4,62.5,63.45,62.5,72.5,1434.8,63.45,36500,-500,6,4308125.0,6,F1,500,,,,,
2026-02-18,2026-02-18,FO,NSE,STO,102325,,HAVELLS,,2026-02-24,2026-02-24,1300.0,CE,HAVELLS26FEB1300CE,139.2,139.4,133.3,135.7,135.7,133.75,1434.8,135.7,246500,-1500,9,6464450.0,9,F1,500,,,,,
2026-02-18,2026-02-18,FO,NSE,STO,103132,,HAVELLS,,2026-03-30,2026-03-30,1580.0,PE,HAVELLS26MAR1580PE,0.0,0.0,0.0,170.0,0.0,170.0,1434.8,142.4,0,0,0,0.0,0,F1,500,,,,,
2026-02-18,2026-02-18,FO,NSE,STO,114105,,HAVELLS,,2026-04-28,2026-04-28,1460.0,PE,HAVELLS26APR1460PE,0.0,0.0,0.0,172.8,0.0,172.8,1434.8,62.85,0,0,0,0.0,0,F1,500,,,,,
2026-02-18,2026-02-18,FO,NSE,STO,103124,,HAVELLS,,2026-03-30,2026-03-30,1500.0,PE,HAVELLS26MAR1500PE,68.0,75.0,68.0,71.55,73.1,72.0,1434.8,71.55,10500,2000,7,5499800.0,6,F1,500,,,,,
2026-02-18,2026-02-18,FO,NSE,STO,102433,,HAVELLS,,2026-02-24,2026-02-24,1500.0,PE,HAVELLS26FEB1500PE,71.5,71.5,63.9,65.5,65.0,64.0,1434.8,65.5,37500,-500,10,7836800.0,10,F1,500,,,,,
2026-02-18,2026-02-18,FO,NSE,STO,96270,,HAVELLS,,2026-02-24,2026-02-24,1600.0,PE,HAVELLS26FEB1600PE,0.0,0.0,0.0,162.45,162.45,162.45,1434.8,163.75,5000,0,0,0.0,0,F1,500,,,,,
2026-02-18,2026-02-18,FO,NSE,STO,102779,,HAVELLS,,2026-03-30,2026-03-30,1100.0,PE,HAVELLS26MAR1100PE,0.4,0.4,0.35,0.4,0.4,1.35,1434.8,0.05,1000,1000,3,1650575.0,3,F1,500,,,,,
2026-02-18,2026-02-18,FO,NSE,STO,113741,,HAVELLS,,2026-03-30,2026-03-30,1210.0,PE,HAVELLS26MAR1210PE,0.7,1.4,0.7,1.3,1.3,23.1,1434.8,0.35,500,500,12,7266225.0,9,F1,500,,,,,
2026-02-18,2026-02-18,FO,NSE,STO,113745,,HAVELLS,,2026-03-30,2026-03-30,1250.0,PE,HAVELLS26MAR1250PE,0.0,0.0,0.0,36.2,0.0,36.2,1434.8,1.2,0,0,0,0.0,0,F1,500,,,,,
2026-02-18,2026-02-18,FO,NSE,STO,103102,,HAVELLS,,2026-03-30,2026-03-30,1380.0,PE,HAVELLS26MAR1380PE,13.8,15.25,13.15,13.15,13.15,14.05,1434.8,13.15,72500,3000,24,16730100.0,24,F1,500,,,,,
2026-02-18,2026-02-18,FO,NSE,STO,103108,,HAVELLS,,2026-03-30,2026-03-30,1420.0,PE,HAVELLS26MAR1420PE,27.0,27.1,23.8,24.3,24.3,27.0,1434.8,32.75,5000,0,4,2891100.0,4,F1,500,,,,,
2026-02-18,2026-02-18,FO,NSE,STO,102417,,HAVELLS,,2026-02-24,2026-02-24,1410.0,PE,HAVELLS26FEB1410PE,6.5,8.25,4.45,4.85,5.0,6.85,1434.8,4.85,91500,-3500,122,86345650.0,106,F1,500,,,,,
2026-02-18,2026-02-18,FO,NSE,STO,102330,,HAVELLS,,2026-02-24,2026-02-24,1310.0,PE,HAVELLS26FEB1310PE,0.85,0.9,0.65,0.8,0.8,1.2,1434.8,0.8,21500,-2000,10,6554100.0,10,F1,500,,,,,
2026-02-18,2026-02-18,FO,NSE,STO,96213,,HAVELLS,,2026-02-24,2026-02-24,1240.0,PE,HAVELLS26FEB1240PE,0.35,0.4,0.3,0.3,0.3,0.7,1434.8,0.05,63000,500,71,44031800.0,40,F1,500,,,,,
2026-02-18,2026-02-18,FO,NSE,STO,102312,,HAVELLS,,2026-02-24,2026-02-24,1230.0,PE,HAVELLS26FEB1230PE,0.0,0.0,0.0,0.6,0.6,0.6,1434.8,0.05,4000,0,0,0.0,0,F1,500,,,,,
2026-02-18,2026-02-18,FO,NSE,STO,103134,,HAVELLS,,2026-03-30,2026-03-30,1600.0,PE,HAVELLS26MAR1600PE,156.0,158.5,155.4,158.5,158.5,170.0,1434.8,160.35,5000,1500,3,2634950.0,3,F1,500,,,,,
2026-02-18,2026-02-18,FO,NSE,STO,113778,,HAVELLS,,2026-03-30,2026-03-30,1550.0,PE,HAVELLS26MAR1550PE,0.0,0.0,0.0,249.75,0.0,249.75,1434.8,116.65,0,0,0,0.0,0,F1,500,,,,,
2026-02-18,2026-02-18,FO,NSE,STO,103078,,HAVELLS,,2026-03-30,2026-03-30,1260.0,PE,HAVELLS26MAR1260PE,0.0,0.0,0.0,11.5,11.5,11.5,1434.8,1.55,2500,0,0,0.0,0,F1,500,,,,,
2026-02-18,2026-02-18,FO,NSE,STO,105913,,HEROMOTOCO,,2026-03-30,2026-03-30,5600.0,PE,HEROMOTOCO26MAR5600PE,154.7,182.0,153.0,156.95,157.0,170.3,5592.0,156.95,23700,2250,71,61410457.5,70,F1,150,,,,,
2026-02-18,2026-02-18,FO,NSE,STO,105935,,HEROMOTOCO,,2026-03-30,2026-03-30,6300.0,PE,HEROMOTOCO26MAR6300PE,0.0,0.0,0.0,657.6,0.0,657.6,5592.0,689.5,0,0,0,0.0,0,F1,150,,,,,
2026-02-18,2026-02-18,FO,NSE,STO,106043,,HEROMOTOCO,,2026-03-30,2026-03-30,6600.0,PE,HEROMOTOCO26MAR6600PE,0.0,0.0,0.0,889.25,0.0,889.25,5592.0,973.5,0,0,0,0.0,0,F1,150,,,,,
2026-02-18,2026-02-18,FO,NSE,STO,105733,,HEROMOTOCO,,2026-02-24,2026-02-24,6450.0,PE,HEROMOTOCO26FEB6450PE,0.0,0.0,0.0,745.05,0.0,745.05,5592.0,852.15,0,0,0,0.0,0,F1,150,,,,,
2026-02-18,2026-02-18,FO,NSE,STO,98674,,HEROMOTOCO,,2026-02-24,2026-02-24,6200.0,PE,HEROMOTOCO26FEB6200PE,0.0,0.0,0.0,700.0,700.0,700.0,5592.0,602.45,7050,0,0,0.0,0,F1,150,,,,,
2026-02-18,2026-02-18,FO,NSE,STO,105713,,HEROMOTOCO,,2026-02-24,2026-02-24,5550.0,PE,HEROMOTOCO26FEB5550PE,59.45,65.85,38.55,40.4,39.65,60.7,5592.0,40.4,40800,4050,1857,1560133005.0,1444,F1,150,,,,,
2026-02-18,2026-02-18,FO,NSE,STO,105711,,HEROMOTOCO,,2026-02-24,2026-02-24,5450.0,PE,HEROMOTOCO26FEB5450PE,24.0,28.95,14.8,15.55,15.65,29.15,5592.0,15.55,58500,13650,841,690148905.0,701,F1,150,,,,,
2026-02-18,2026-02-18,FO,NSE,STO,116984,,HEROMOTOCO,,2026-04-28,2026-04-28,6000.0,CE,HEROMOTOCO26APR6000CE,0.0,0.0,0.0,135.95,0.0,135.95,5592.0,114.2,0,0,0,0.0,0,F1,150,,,,,
2026-02-18,2026-02-18,FO,NSE,STO,116950,,HEROMOTOCO,,2026-04-28,2026-04-28,5100.0,CE,HEROMOTOCO26APR5100CE,0.0,0.0,0.0,520.95,0.0,520.95,5592.0,598.4,0,0,0,0.0,0,F1,150,,,,,
2026-02-18,2026-02-18,FO,NSE,STO,106044,,HEROMOTOCO,,2026-03-30,2026-03-30,6700.0,CE,HEROMOTOCO26MAR6700CE,8.55,9.85,6.85,7.4,7.4,6.0,5592.0,3.2,16500,3150,55,55339537.5,44,F1,150,,,,,
2026-02-18,2026-02-18,FO,NSE,STO,105912,,HEROMOTOCO,,2026-03-30,2026-03-30,5600.0,CE,HEROMOTOCO26MAR5600CE,210.0,218.0,171.05,189.05,193.15,199.15,5592.0,189.05,10950,2400,104,90389347.5,94,F1,150,,,,,
2026-02-18,2026-02-18,FO,NSE,STF,51899,,HEROMOTOCO,,2026-03-30,2026-03-30,,,HEROMOTOCO26MARFUT,5613.5,5670.0,5582.0,5625.0,5632.0,5620.0,5592.0,5625.0,500250,244350,2442,2056064625.0,1893,F1,150,,,,,
2026-02-18,2026-02-18,FO,NSE,STO,105903,,HEROMOTOCO,,2026-03-30,2026-03-30,5500.0,PE,HEROMOTOCO26MAR5500PE,120.05,137.05,109.7,115.8,114.55,131.45,5592.0,115.8,22500,150,111,93631800.0,92,F1,150,,,,,
2026-02-18,2026-02-18,FO,NSE,STO,98680,,HEROMOTOCO,,2026-02-24,2026-02-24,6500.0,PE,HEROMOTOCO26FEB6500PE,0.0,0.0,0.0,562.0,0.0,562.0,5592.0,902.15,0,0,0,0.0,0,F1,150,,,,,
2026-02-18,2026-02-18,FO,NSE,STO,105707,,HEROMOTOCO,,2026-02-24,2026-02-24,5250.0,PE,HEROMOTOCO26FEB5250PE,6.95,6.95,2.5,2.7,2.95,6.95,5592.0,2.7,35250,-18000,376,296325577.5,306,F1,150,,,,,
2026-02-18,2026-02-18,FO,NSE,STO,106067,,HEROMOTOCO,,2026-03-30,2026-03-30,6800.0,PE,HEROMOTOCO26MAR6800PE,0.0,0.0,0.0,1056.8,0.0,1056.8,5592.0,1169.05,0,0,0,0.0,0,F1,150,,,,,
2026-02-18,2026-02-18,FO,NSE,STO,116525,,HEROMOTOCO,,2026-03-30,2026-03-30,6350.0,PE,HEROMOTOCO26MAR6350PE,0.0,0.0,0.0,939.25,0.0,939.25,5592.0,735.55,0,0,0,0.0,0,F1,150,,,,,
2026-02-18,2026-02-18,FO,NSE,STO,98706,,HEROMOTOCO,,2026-02-24,2026-02-24,6900.0,PE,HEROMOTOCO26FEB6900PE,0.0,0.0,0.0,1046.0,1046.0,1046.0,5592.0,1301.75,0,0,0,0.0,0,F1,150,,,,,
2026-02-18,2026-02-18,FO,NSE,STO,105717,,HEROMOTOCO,,2026-02-24,2026-02-24,5750.0,PE,HEROMOTOCO26FEB5750PE,154.95,201.95,154.95,166.05,164.45,185.0,5592.0,166.05,82650,-11550,143,127369755.0,114,F1,150,,,,,
2026-02-18,2026-02-18,FO,NSE,STO,98630,,HEROMOTOCO,,2026-02-24,2026-02-24,4800.0,PE,HEROMOTOCO26FEB4800PE,0.6,1.0,0.35,0.4,0.4,1.2,5592.0,0.4,66900,-12150,161,115937752.5,61,F1,150,,,,,
2026-02-18,2026-02-18,FO,NSE,STO,116973,,HEROMOTOCO,,2026-04-28,2026-04-28,5900.0,CE,HEROMOTOCO26APR5900CE,0.0,0.0,0.0,161.25,0.0,161.25,5592.0,143.75,0,0,0,0.0,0,F1,150,,,,,
2026-02-18,2026-02-18,FO,NSE,STO,116513,,HEROMOTOCO,,2026-03-30,2026-03-30,5850.0,CE,HEROMOTOCO26MAR5850CE,103.0,105.0,83.95,83.95,83.95,97.1,5592.0,97.55,3750,0,3,2676292.5,3,F1,150,,,,,
2026-02-18,2026-02-18,FO,NSE,STO,116496,,HEROMOTOCO,,2026-03-30,2026-03-30,5050.0,CE,HEROMOTOCO26MAR5050CE,0.0,0.0,0.0,490.75,0.0,490.75,5592.0,592.15,0,0,0,0.0,0,F1,150,,,,,
2026-02-18,2026-02-18,FO,NSE,STO,105788,,HEROMOTOCO,,2026-03-30,2026-03-30,4600.0,CE,HEROMOTOCO26MAR4600CE,0.0,0.0,0.0,1199.55,0.0,1199.55,5592.0,1020.7,0,0,0,0.0,0,F1,150,,,,,
2026-02-18,2026-02-18,FO,NSE,STO,105728,,HEROMOTOCO,,2026-02-24,2026-02-24,6250.0,CE,HEROMOTOCO26FEB6250CE,1.45,2.6,1.45,2.2,2.2,2.5,5592.0,2.2,15150,-450,53,49705065.0,36,F1,150,,,,,
2026-02-18,2026-02-18,FO,NSE,STO,98673,,HEROMOTOCO,,2026-02-24,2026-02-24,6200.0,CE,HEROMOTOCO26FEB6200CE,2.7,2.85,1.7,2.05,1.9,3.2,5592.0,2.05,110400,-7800,395,367480582.5,301,F1,150,,,,,
2026-02-18,2026-02-18,FO,NSE,STO,116970,,HEROMOTOCO,,2026-04-28,2026-04-28,5700.0,PE,HEROMOTOCO26APR5700PE,0.0,0.0,0.0,456.55,0.0,456.55,5592.0,268.95,0,0,0,0.0,0,F1,150,,,,,
2026-02-18,2026-02-18,FO,NSE,STO,116527,,HEROMOTOCO,,2026-03-30,2026-03-30,6450.0,PE,HEROMOTOCO26MAR6450PE,0.0,0.0,0.0,1029.95,0.0,1029.95,5592.0,829.45,0,0,0,0.0,0,F1,150,,,,,
2026-02-18,2026-02-18,FO,NSE,STO,105702,,HEROMOTOCO,,2026-02-24,2026-02-24,5050.0,CE,HEROMOTOCO26FEB5050CE,0.0,0.0,0.0,466.9,466.9,466.9,5592.0,546.6,750,0,0,0.0,0,F1,150,,,,,
2026-02-18,2026-02-18,FO,NSE,STO,105704,,HEROMOTOCO,,2026-02-24,2026-02-24,5150.0,CE,HEROMOTOCO26FEB5150CE,0.0,0.0,0.0,370.65,367.9,370.65,5592.0,446.9,2700,0,0,0.0,0,F1,150,,,,,
2026-02-18,2026-02-18,FO,NSE,STO,98650,,HEROMOTOCO,,2026-02-24,2026-02-24,5300.0,CE,HEROMOTOCO26FEB5300CE,0.0,0.0,0.0,315.0,315.0,315.0,5592.0,300.0,7950,0,0,0.0,0,F1,150,,,,,
2026-02-18,2026-02-18,FO,NSE,STO,105716,,HEROMOTOCO,,2026-02-24,2026-02-24,5750.0,CE,HEROMOTOCO26FEB5750CE,27.35,33.3,14.8,20.2,21.0,27.35,5592.0,20.2,290400,8550,2208,1911457485.0,1949,F1,150,,,,,
2026-02-18,2026-02-18,FO,NSE,STO,98679,,HEROMOTOCO,,2026-02-24,2026-02-24,6500.0,CE,HEROMOTOCO26FEB6500CE,1.15,1.2,0.45,0.7,0.8,1.4,5592.0,0.7,156150,-13500,262,255478432.5,161,F1,150,,,,,
2026-02-18,2026-02-18,FO,NSE,STO,105734,,HEROMOTOCO,,2026-02-24,2026-02-24,6550.0,CE,HEROMOTOCO26FEB6550CE,0.7,0.7,0.2,0.25,0.3,0.5,5592.0,0.25,37950,0,30,29476770.0,12,F1,150,,,,,
2026-02-18,2026-02-18,FO,NSE,STO,105813,,HEROMOTOCO,,2026-03-30,2026-03-30,4900.0,CE,HEROMOTOCO26MAR4900CE,0.0,0.0,0.0,935.6,0.0,935.6,5592.0,730.0,0,0,0,0.0,0,F1,150,,,,,
2026-02-18,2026-02-18,FO,NSE,STO,116509,,HEROMOTOCO,,2026-03-30,2026-03-30,5650.0,CE,HEROMOTOCO26MAR5650CE,152.0,158.1,151.85,158.1,158.1,138.0,5592.0,173.35,2250,600,7,6094897.5,7,F1,150,,,,,
2026-02-18,2026-02-18,FO,NSE,STO,116511,,HEROMOTOCO,,2026-03-30,2026-03-30,5750.0,CE,HEROMOTOCO26MAR5750CE,134.0,134.0,113.5,116.0,116.0,132.05,5592.0,131.5,3450,300,11,9683722.5,11,F1,150,,,,,
2026-02-18,2026-02-18,FO,NSE,STO,105918,,HEROMOTOCO,,2026-03-30,2026-03-30,5900.0,CE,HEROMOTOCO26MAR5900CE,92.95,95.0,68.15,76.6,75.9,86.25,5592.0,76.6,13650,7950,69,61808115.0,37,F1,150,,,,,
2026-02-18,2026-02-18,FO,NSE,STO,116526,,HEROMOTOCO,,2026-03-30,2026-03-30,6450.0,CE,HEROMOTOCO26MAR6450CE,0.0,0.0,0.0,27.4,0.0,27.4,5592.0,10.2,0,0,0,0.0,0,F1,150,,,,,
2026-02-18,2026-02-18,FO,NSE,STO,116802,,HEROMOTOCO,,2026-04-28,2026-04-28,4900.0,CE,HEROMOTOCO26APR4900CE,0.0,0.0,0.0,658.7,0.0,658.7,5592.0,767.9,0,0,0,0.0,0,F1,150,,,,,
2026-02-18,2026-02-18,FO,NSE,STO,46581,,HEROMOTOCO,,2026-02-24,2026-02-24,4500.0,PE,HEROMOTOCO26FEB4500PE,0.6,0.6,0.15,0.15,0.15,0.3,5592.0,0.15,45150,-17850,171,115440075.0,35,F1,150,,,,,
2026-02-18,2026-02-18,FO,NSE,STO,98672,,HEROMOTOCO,,2026-02-24,2026-02-24,6100.0,PE,HEROMOTOCO26FEB6100PE,0.0,0.0,0.0,600.0,600.0,600.0,5592.0,502.7,3450,0,0,0.0,0,F1,150,,,,,
2026-02-18,2026-02-18,FO,NSE,STO,98651,,HEROMOTOCO,,2026-02-24,2026-02-24,5300.0,PE,HEROMOTOCO26FEB5300PE,6.45,8.15,3.5,3.95,4.15,9.85,5592.0,3.95,121650,6600,857,682015620.0,712,F1,150,,,,,
2026-02-18,2026-02-18,FO,NSE,STO,98624,,HEROMOTOCO,,2026-02-24,2026-02-24,4600.0,PE,HEROMOTOCO26FEB4600PE,0.3,0.55,0.2,0.3,0.3,0.4,5592.0,0.05,48900,0,77,53133817.5,33,F1,150,,,,,
2026-02-18,2026-02-18,FO,NSE,STO,117119,,HEROMOTOCO,,2026-04-28,2026-04-28,6300.0,PE,HEROMOTOCO26APR6300PE,0.0,0.0,0.0,902.05,0.0,902.05,5592.0,696.3,0,0,0,0.0,0,F1,150,,,,,
2026-02-18,2026-02-18,FO,NSE,STO,116972,,HEROMOTOCO,,2026-04-28,2026-04-28,5800.0,PE,HEROMOTOCO26APR5800PE,0.0,0.0,0.0,521.7,0.0,521.7,5592.0,326.85,0,0,0,0.0,0,F1,150,,,,,
2026-02-18,2026-02-18,FO,NSE,STO,117098,,HEROMOTOCO,,2026-04-28,2026-04-28,6100.0,CE,HEROMOTOCO26APR6100CE,0.0,0.0,0.0,113.75,0.0,113.75,5592.0,89.7,0,0,0,0.0,0,F1,150,,,,,
2026-02-18,2026-02-18,FO,NSE,STO,116652,,HEROMOTOCO,,2026-04-28,2026-04-28,4600.0,CE,HEROMOTOCO26APR4600CE,0.0,0.0,0.0,896.1,0.0,896.1,5592.0,1045.8,0,0,0,0.0,0,F1,150,,,,,
2026-02-18,2026-02-18,FO,NSE,STO,116801,,HEROMOTOCO,,2026-04-28,2026-04-28,4800.0,PE,HEROMOTOCO26APR4800PE,0.0,0.0,0.0,80.35,0.0,80.35,5592.0,16.45,0,0,0,0.0,0,F1,150,,,,,
2026-02-18,2026-02-18,FO,NSE,STO,105922,,HEROMOTOCO,,2026-03-30,2026-03-30,6000.0,PE,HEROMOTOCO26MAR6000PE,436.0,436.0,436.0,436.0,436.0,431.15,5592.0,431.75,6150,0,1,965400.0,1,F1,150,,,,,
2026-02-18,2026-02-18,FO,NSE,STO,116506,,HEROMOTOCO,,2026-03-30,2026-03-30,5450.0,PE,HEROMOTOCO26MAR5450PE,103.5,103.5,98.1,99.35,98.5,113.25,5592.0,99.35,3750,450,8,6659812.5,8,F1,150,,,,,
2026-02-18,2026-02-18,FO,NSE,STO,116500,,HEROMOTOCO,,2026-03-30,2026-03-30,5150.0,PE,HEROMOTOCO26MAR5150PE,0.0,0.0,0.0,36.35,36.35,36.35,5592.0,32.45,1650,0,0,0.0,0,F1,150,,,,,
2026-02-18,2026-02-18,FO,NSE,STO,116517,,HEROMOTOCO,,2026-03-30,2026-03-30,6050.0,CE,HEROMOTOCO26MAR6050CE,44.95,46.95,43.65,46.95,46.95,74.0,5592.0,46.95,3600,150,5,4571430.0,5,F1,150,,,,,
2026-02-18,2026-02-18,FO,NSE,STO,116505,,HEROMOTOCO,,2026-03-30,2026-03-30,5450.0,CE,HEROMOTOCO26MAR5450CE,0.0,0.0,0.0,258.3,0.0,258.3,5592.0,282.4,0,0,0,0.0,0,F1,150,,,,,
2026-02-18,2026-02-18,FO,NSE,STO,98667,,HEROMOTOCO,,2026-02-24,2026-02-24,5900.0,CE,HEROMOTOCO26FEB5900CE,11.8,13.1,5.4,6.9,7.15,11.75,5592.0,6.9,281400,20850,2549,2259166177.5,1811,F1,150,,,,,
2026-02-18,2026-02-18,FO,NSE,STO,98633,,HEROMOTOCO,,2026-02-24,2026-02-24,5000.0,CE,HEROMOTOCO26FEB5000CE,0.0,0.0,0.0,588.0,586.0,588.0,5592.0,596.55,5100,0,0,0.0,0,F1,150,,,,,
2026-02-18,2026-02-18,FO,NSE,STO,105701,,HEROMOTOCO,,2026-02-24,2026-02-24,4950.0,PE,HEROMOTOCO26FEB4950PE,1.3,1.3,0.75,0.75,0.75,2.35,5592.0,0.75,15000,-300,2,1485307.5,2,F1,150,,,,,
2026-02-18,2026-02-18,FO,NSE,STO,117142,,HEROMOTOCO,,2026-04-28,2026-04-28,6600.0,CE,HEROMOTOCO26APR6600CE,0.0,0.0,0.0,43.35,0.0,43.35,5592.0,22.65,0,0,0,0.0,0,F1,150,,,,,
2026-02-18,2026-02-18,FO,NSE,STO,98671,,HEROMOTOCO,,2026-02-24,2026-02-24,6100.0,CE,HEROMOTOCO26FEB6100CE,3.85,4.25,2.35,2.85,2.85,4.65,5592.0,2.85,81450,-1650,350,320411625.0,312,F1,150,,,,,
2026-02-18,2026-02-18,FO,NSE,STO,98654,,HEROMOTOCO,,2026-02-24,2026-02-24,5500.0,CE,HEROMOTOCO26FEB5500CE,120.0,161.15,97.3,128.6,128.65,130.85,5592.0,128.6,69750,-15300,1184,998529840.0,957,F1,150,,,,,
2026-02-18,2026-02-18,FO,NSE,STO,98629,,HEROMOTOCO,,2026-02-24,2026-02-24,4800.0,CE,HEROMOTOCO26FEB4800CE,0.0,0.0,0.0,765.1,765.1,765.1,5592.0,796.35,900,0,0,0.0,0,F1,150,,,,,
2026-02-18,2026-02-18,FO,NSE,STO,116959,,HEROMOTOCO,,2026-04-28,2026-04-28,5500.0,PE,HEROMOTOCO26APR5500PE,0.0,0.0,0.0,339.5,0.0,339.5,5592.0,172.25,0,0,0,0.0,0,F1,150,,,,,
2026-02-18,2026-02-18,FO,NSE,STO,105897,,HEROMOTOCO,,2026-03-30,2026-03-30,5200.0,PE,HEROMOTOCO26MAR5200PE,40.0,51.25,40.0,42.05,41.9,47.9,5592.0,42.05,10350,4050,36,28344652.5,18,F1,150,,,,,
2026-02-18,2026-02-18,FO,NSE,STO,116716,,HEROMOTOCO,,2026-04-28,2026-04-28,4600.0,PE,HEROMOTOCO26APR4600PE,0.0,0.0,0.0,45.65,0.0,45.65,5592.0,6.2,0,0,0,0.0,0,F1,150,,,,,
2026-02-18,2026-02-18,FO,NSE,STO,105931,,HEROMOTOCO,,2026-03-30,2026-03-30,6200.0,PE,HEROMOTOCO26MAR6200PE,0.0,0.0,0.0,586.9,0.0,586.9,5592.0,599.55,0,0,0,0.0,0,F1,150,,,,,
2026-02-18,2026-02-18,FO,NSE,STO,116514,,HEROMOTOCO,,2026-03-30,2026-03-30,5850.0,PE,HEROMOTOCO26MAR5850PE,333.55,333.55,333.55,333.55,333.55,525.85,5592.0,320.4,150,150,1,927532.5,1,F1,150,,,,,
2026-02-18,2026-02-18,FO,NSE,STO,116510,,HEROMOTOCO,,2026-03-30,2026-03-30,5650.0,PE,HEROMOTOCO26MAR5650PE,180.5,180.5,180.5,180.5,180.5,180.5,5592.0,180.5,1500,150,1,874575.0,1,F1,150,,,,,
2026-02-18,2026-02-18,FO,NSE,STO,116498,,HEROMOTOCO,,2026-03-30,2026-03-30,5050.0,PE,HEROMOTOCO26MAR5050PE,0.0,0.0,0.0,30.0,30.0,30.0,5592.0,19.8,1200,0,0,0.0,0,F1,150,,,,,
2026-02-18,2026-02-18,FO,NSE,STO,105700,,HEROMOTOCO,,2026-02-24,2026-02-24,4950.0,CE,HEROMOTOCO26FEB4950CE,0.0,0.0,0.0,861.75,861.75,861.75,5592.0,646.5,300,0,0,0.0,0,F1,150,,,,,
2026-02-18,2026-02-18,FO,NSE,STO,98648,,HEROMOTOCO,,2026-02-24,2026-02-24,5200.0,CE,HEROMOTOCO26FEB5200CE,343.5,343.5,343.5,343.5,343.5,325.25,5592.0,397.35,11100,0,1,831525.0,1,F1,150,,,,,
2026-02-18,2026-02-18,FO,NSE,STO,98652,,HEROMOTOCO,,2026-02-24,2026-02-24,5400.0,CE,HEROMOTOCO26FEB5400CE,225.55,243.65,180.15,212.65,216.0,204.85,5592.0,212.65,37350,-2550,54,45499530.0,48,F1,150,,,,,
2026-02-18,2026-02-18,FO,NSE,STO,105718,,HEROMOTOCO,,2026-02-24,2026-02-24,5850.0,CE,HEROMOTOCO26FEB5850CE,15.0,16.95,7.55,9.55,10.5,15.3,5592.0,9.55,152850,3900,1274,1120044675.0,1044,F1,150,,,,,
2026-02-18,2026-02-18,FO,NSE,STO,98701,,HEROMOTOCO,,2026-02-24,2026-02-24,6700.0,CE,HEROMOTOCO26FEB6700CE,1.75,1.75,0.3,0.45,0.4,1.0,5592.0,0.45,4800,-150,16,16081357.5,15,F1,150,,,,,
2026-02-18,2026-02-18,FO,NSE,STO,105879,,HEROMOTOCO,,2026-03-30,2026-03-30,5200.0,CE,HEROMOTOCO26MAR5200CE,0.0,0.0,0.0,699.55,0.0,699.55,5592.0,464.0,0,0,0,0.0,0,F1,150,,,,,
2026-02-18,2026-02-18,FO,NSE,STO,116503,,HEROMOTOCO,,2026-03-30,2026-03-30,5350.0,CE,HEROMOTOCO26MAR5350CE,0.0,0.0,0.0,307.55,0.0,307.55,5592.0,349.45,0,0,0,0.0,0,F1,150,,,,,
2026-02-18,2026-02-18,FO,NSE,STO,105900,,HEROMOTOCO,,2026-03-30,2026-03-30,5400.0,CE,HEROMOTOCO26MAR5400CE,301.7,331.8,290.0,302.5,302.5,282.0,5592.0,314.95,7350,150,12,10254202.5,6,F1,150,,,,,
2026-02-18,2026-02-18,FO,NSE,STO,106047,,HEROMOTOCO,,2026-03-30,2026-03-30,6800.0,CE,HEROMOTOCO26MAR6800CE,0.0,0.0,0.0,68.5,0.0,68.5,5592.0,1.95,0,0,0,0.0,0,F1,150,,,,,
2026-02-18,2026-02-18,FO,NSE,STO,116961,,HEROMOTOCO,,2026-04-28,2026-04-28,5600.0,CE,HEROMOTOCO26APR5600CE,0.0,0.0,0.0,261.5,0.0,261.5,5592.0,267.3,0,0,0,0.0,0,F1,150,,,,,
2026-02-18,2026-02-18,FO,NSE,STO,98649,,HEROMOTOCO,,2026-02-24,2026-02-24,5200.0,PE,HEROMOTOCO26FEB5200PE,5.0,5.0,1.8,1.95,2.2,5.2,5592.0,1.95,125700,-17100,712,555669277.5,546,F1,150,,,,,
2026-02-18,2026-02-18,FO,NSE,STO,98670,,HEROMOTOCO,,2026-02-24,2026-02-24,6000.0,PE,HEROMOTOCO26FEB6000PE,410.0,426.0,400.0,426.0,426.0,412.35,5592.0,403.55,20550,-1500,11,10581840.0,7,F1,150,,,,,
2026-02-18,2026-02-18,FO,NSE,STO,105878,,HEROMOTOCO,,2026-03-30,2026-03-30,5100.0,PE,HEROMOTOCO26MAR5100PE,34.4,34.4,31.95,32.0,32.0,34.45,5592.0,25.5,3150,-150,5,3849472.5,5,F1,150,,,,,
2026-02-18,2026-02-18,FO,NSE,STO,116957,,HEROMOTOCO,,2026-04-28,2026-04-28,5400.0,PE,HEROMOTOCO26APR5400PE,0.0,0.0,0.0,288.05,0.0,288.05,5592.0,133.55,0,0,0,0.0,0,F1,150,,,,,
2026-02-18,2026-02-18,FO,NSE,STF,66848,,HEROMOTOCO,,2026-04-28,2026-04-28,,,HEROMOTOCO26APRFUT,5675.0,5700.0,5620.0,5663.0,5663.5,5653.0,5592.0,5663.0,18000,1650,36,30564600.0,32,F1,150,,,,,
2026-02-18,2026-02-18,FO,NSE,STO,98625,,HEROMOTOCO,,2026-02-24,2026-02-24,4700.0,CE,HEROMOTOCO26FEB4700CE,0.0,0.0,0.0,761.35,761.35,761.35,5592.0,896.25,4350,0,0,0.0,0,F1,150,,,,,
2026-02-18,2026-02-18,FO,NSE,STO,117136,,HEROMOTOCO,,2026-04-28,2026-04-28,6400.0,CE,HEROMOTOCO26APR6400CE,0.0,0.0,0.0,64.75,0.0,64.75,5592.0,40.6,0,0,0,0.0,0,F1,150,,,,,
2026-02-18,2026-02-18,FO,NSE,STO,116971,,HEROMOTOCO,,2026-04-28,2026-04-28,5800.0,CE,HEROMOTOCO26APR5800CE,0.0,0.0,0.0,190.5,0.0,190.5,5592.0,178.85,0,0,0,0.0,0,F1,150,,,,,
2026-02-18,2026-02-18,FO,NSE,STO,117153,,HEROMOTOCO,,2026-04-28,2026-04-28,6600.0,PE,HEROMOTOCO26APR6600PE,0.0,0.0,0.0,1162.3,0.0,1162.3,5592.0,962.4,0,0,0,0.0,0,F1,150,,,,,
2026-02-18,2026-02-18,FO,NSE,STO,116985,,HEROMOTOCO,,2026-04-28,2026-04-28,6000.0,PE,HEROMOTOCO26APR6000PE,0.0,0.0,0.0,664.1,0.0,664.1,5592.0,460.15,0,0,0,0.0,0,F1,150,,,,,
2026-02-18,2026-02-18,FO,NSE,STO,116974,,HEROMOTOCO,,2026-04-28,2026-04-28,5900.0,PE,HEROMOTOCO26APR5900PE,0.0,0.0,0.0,590.9,0.0,590.9,5592.0,390.7,0,0,0,0.0,0,F1,150,,,,,
2026-02-18,2026-02-18,FO,NSE,STO,116953,,HEROMOTOCO,,2026-04-28,2026-04-28,5200.0,PE,HEROMOTOCO26APR5200PE,0.0,0.0,0.0,199.7,0.0,199.7,5592.0,74.7,0,0,0,0.0,0,F1,150,,,,,
2026-02-18,2026-02-18,FO,NSE,STO,105920,,HEROMOTOCO,,2026-03-30,2026-03-30,5900.0,PE,HEROMOTOCO26MAR5900PE,330.0,340.0,318.25,340.0,340.0,342.25,5592.0,355.9,1800,750,6,5606685.0,5,F1,150,,,,,
2026-02-18,2026-02-18,FO,NSE,STO,105727,,HEROMOTOCO,,2026-02-24,2026-02-24,6150.0,PE,HEROMOTOCO26FEB6150PE,0.0,0.0,0.0,416.25,416.25,416.25,5592.0,552.55,0,0,0,0.0,0,F1,150,,,,,
2026-02-18,2026-02-18,FO,NSE,STO,105723,,HEROMOTOCO,,2026-02-24,2026-02-24,5950.0,PE,HEROMOTOCO26FEB5950PE,343.0,376.8,343.0,374.8,374.8,293.7,5592.0,354.65,2850,150,3,2841690.0,3,F1,150,,,,,
2026-02-18,2026-02-18,FO,NSE,STO,98653,,HEROMOTOCO,,2026-02-24,2026-02-24,5400.0,PE,HEROMOTOCO26FEB5400PE,19.15,19.15,9.1,9.6,10.3,20.45,5592.0,9.6,129900,32700,1586,1287745582.5,1169,F1,150,,,,,
2026-02-18,2026-02-18,FO,NSE,STO,105730,,HEROMOTOCO,,2026-02-24,2026-02-24,6350.0,CE,HEROMOTOCO26FEB6350CE,0.85,1.5,0.8,1.1,1.0,2.65,5592.0,1.1,12300,-300,27,25721970.0,9,F1,150,,,,,
2026-02-18,2026-02-18,FO,NSE,STO,98703,,HEROMOTOCO,,2026-02-24,2026-02-24,6800.0,CE,HEROMOTOCO26FEB6800CE,0.3,0.3,0.25,0.25,0.25,1.1,5592.0,0.05,12600,-450,6,6120247.5,5,F1,150,,,,,
2026-02-18,2026-02-18,FO,NSE,STO,105809,,HEROMOTOCO,,2026-03-30,2026-03-30,4700.0,CE,HEROMOTOCO26MAR4700CE,0.0,0.0,0.0,1109.1,0.0,1109.1,5592.0,922.5,0,0,0,0.0,0,F1,150,,,,,
2026-02-18,2026-02-18,FO,NSE,STO,105898,,HEROMOTOCO,,2026-03-30,2026-03-30,5300.0,CE,HEROMOTOCO26MAR5300CE,0.0,0.0,0.0,328.0,328.0,328.0,5592.0,385.9,150,0,0,0.0,0,F1,150,,,,,
2026-02-18,2026-02-18,FO,NSE,STO,116522,,HEROMOTOCO,,2026-03-30,2026-03-30,6250.0,CE,HEROMOTOCO26MAR6250CE,0.0,0.0,0.0,46.0,0.0,46.0,5592.0,23.65,0,0,0,0.0,0,F1,150,,,,,
2026-02-18,2026-02-18,FO,NSE,STO,105938,,HEROMOTOCO,,2026-03-30,2026-03-30,6400.0,CE,HEROMOTOCO26MAR6400CE,0.0,0.0,0.0,23.7,24.0,23.7,5592.0,12.7,9300,0,0,0.0,0,F1,150,,,,,
2026-02-18,2026-02-18,FO,NSE,STO,116956,,HEROMOTOCO,,2026-04-28,2026-04-28,5400.0,CE,HEROMOTOCO26APR5400CE,0.0,0.0,0.0,350.75,0.0,350.75,5592.0,381.4,0,0,0,0.0,0,F1,150,,,,,
2026-02-18,2026-02-18,FO,NSE,STO,98645,,HEROMOTOCO,,2026-02-24,2026-02-24,5000.0,PE,HEROMOTOCO26FEB5000PE,2.4,2.4,1.15,1.3,1.5,2.8,5592.0,1.3,140400,300,423,317362650.0,358,F1,150,,,,,
2026-02-18,2026-02-18,FO,NSE,STO,105709,,HEROMOTOCO,,2026-02-24,2026-02-24,5350.0,PE,HEROMOTOCO26FEB5350PE,10.25,12.5,5.6,6.0,6.4,14.05,5592.0,6.0,62550,5400,1098,882509347.5,792,F1,150,,,,,
2026-02-18,2026-02-18,FO,NSE,STO,98666,,HEROMOTOCO,,2026-02-24,2026-02-24,5800.0,PE,HEROMOTOCO26FEB5800PE,220.0,246.2,193.45,208.15,208.0,231.65,5592.0,208.15,88800,-1500,51,46037430.0,47,F1,150,,,,,
2026-02-18,2026-02-18,FO,NSE,STO,105899,,HEROMOTOCO,,2026-03-30,2026-03-30,5300.0,PE,HEROMOTOCO26MAR5300PE,67.8,72.95,58.0,59.75,60.0,67.9,5592.0,59.75,14700,3900,60,48290452.5,43,F1,150,,,,,
2026-02-18,2026-02-18,FO,NSE,STO,116508,,HEROMOTOCO,,2026-03-30,2026-03-30,5550.0,PE,HEROMOTOCO26MAR5550PE,158.0,158.0,131.0,131.0,131.0,148.65,5592.0,131.0,1650,150,2,1708350.0,2,F1,150,,,,,
2026-02-18,2026-02-18,FO,NSE,STO,105915,,HEROMOTOCO,,2026-03-30,2026-03-30,5700.0,PE,HEROMOTOCO26MAR5700PE,211.0,222.75,210.0,210.0,210.0,230.0,5592.0,210.0,19950,0,5,4435762.5,4,F1,150,,,,,
2026-02-18,2026-02-18,FO,NSE,STO,116516,,HEROMOTOCO,,2026-03-30,2026-03-30,5950.0,PE,HEROMOTOCO26MAR5950PE,0.0,0.0,0.0,601.75,0.0,601.75,5592.0,393.05,0,0,0,0.0,0,F1,150,,,,,
2026-02-18,2026-02-18,FO,NSE,STO,116520,,HEROMOTOCO,,2026-03-30,2026-03-30,6150.0,PE,HEROMOTOCO26MAR6150PE,0.0,0.0,0.0,764.55,0.0,764.55,5592.0,555.9,0,0,0,0.0,0,F1,150,,,,,
2026-02-18,2026-02-18,FO,NSE,STO,116523,,HEROMOTOCO,,2026-03-30,2026-03-30,6250.0,PE,HEROMOTOCO26MAR6250PE,0.0,0.0,0.0,850.65,0.0,850.65,5592.0,644.1,0,0,0,0.0,0,F1,150,,,,,
2026-02-18,2026-02-18,FO,NSE,STO,116949,,HEROMOTOCO,,2026-04-28,2026-04-28,5000.0,PE,HEROMOTOCO26APR5000PE,0.0,0.0,0.0,131.0,0.0,131.0,5592.0,37.4,0,0,0,0.0,0,F1,150,,,,,
2026-02-18,2026-02-18,FO,NSE,STO,116951,,HEROMOTOCO,,2026-04-28,2026-04-28,5100.0,PE,HEROMOTOCO26APR5100PE,0.0,0.0,0.0,162.85,0.0,162.85,5592.0,53.65,0,0,0,0.0,0,F1,150,,,,,
2026-02-18,2026-02-18,FO,NSE,STF,59347,,HEROMOTOCO,,2026-02-24,2026-02-24,,,HEROMOTOCO26FEBFUT,5593.5,5636.0,5552.0,5603.0,5598.5,5588.5,5592.0,5603.0,3280650,-252000,4750,3983427000.0,3946,F1,150,,,,,
2026-02-18,2026-02-18,FO,NSE,STO,105712,,HEROMOTOCO,,2026-02-24,2026-02-24,5550.0,CE,HEROMOTOCO26FEB5550CE,98.65,124.9,69.75,92.3,93.45,98.65,5592.0,92.3,45300,-7800,1092,924186060.0,977,F1,150,,,,,
2026-02-18,2026-02-18,FO,NSE,STO,105923,,HEROMOTOCO,,2026-03-30,2026-03-30,6100.0,CE,HEROMOTOCO26MAR6100CE,37.1,40.0,36.8,40.0,40.0,46.75,5592.0,40.0,5700,900,14,12889230.0,14,F1,150,,,,,
2026-02-18,2026-02-18,FO,NSE,STO,116499,,HEROMOTOCO,,2026-03-30,2026-03-30,5150.0,CE,HEROMOTOCO26MAR5150CE,0.0,0.0,0.0,423.85,0.0,423.85,5592.0,505.4,0,0,0,0.0,0,F1,150,,,,,
2026-02-18,2026-02-18,FO,NSE,STO,98663,,HEROMOTOCO,,2026-02-24,2026-02-24,5700.0,CE,HEROMOTOCO26FEB5700CE,34.95,47.65,21.05,29.4,29.45,36.75,5592.0,29.4,308250,14400,4359,3747255960.0,3456,F1,150,,,,,
2026-02-18,2026-02-18,FO,NSE,STO,98631,,HEROMOTOCO,,2026-02-24,2026-02-24,4900.0,CE,HEROMOTOCO26FEB4900CE,0.0,0.0,0.0,695.0,695.0,695.0,5592.0,696.45,3600,0,0,0.0,0,F1,150,,,,,
2026-02-18,2026-02-18,FO,NSE,STO,105726,,HEROMOTOCO,,2026-02-24,2026-02-24,6150.0,CE,HEROMOTOCO26FEB6150CE,2.65,3.75,1.9,2.45,2.5,3.4,5592.0,2.45,32850,-2100,125,115358767.5,101,F1,150,,,,,
2026-02-18,2026-02-18,FO,NSE,STO,98675,,HEROMOTOCO,,2026-02-24,2026-02-24,6300.0,CE,HEROMOTOCO26FEB6300CE,3.05,3.05,1.4,1.55,1.5,2.7,5592.0,1.55,64500,-8700,236,223081860.0,154,F1,150,,,,,
2026-02-18,2026-02-18,FO,NSE,STO,98682,,HEROMOTOCO,,2026-02-24,2026-02-24,6600.0,CE,HEROMOTOCO26FEB6600CE,0.55,0.7,0.35,0.4,0.4,0.7,5592.0,0.4,31500,-2400,28,27721920.0,18,F1,150,,,,,
2026-02-18,2026-02-18,FO,NSE,STO,105827,,HEROMOTOCO,,2026-03-30,2026-03-30,5000.0,CE,HEROMOTOCO26MAR5000CE,0.0,0.0,0.0,640.0,640.0,640.0,5592.0,637.25,1800,0,0,0.0,0,F1,150,,,,,
2026-02-18,2026-02-18,FO,NSE,STO,116507,,HEROMOTOCO,,2026-03-30,2026-03-30,5550.0,CE,HEROMOTOCO26MAR5550CE,220.0,220.0,202.45,202.45,202.45,228.35,5592.0,223.6,1350,-150,4,3459367.5,2,F1,150,,,,,
2026-02-18,2026-02-18,FO,NSE,STO,116804,,HEROMOTOCO,,2026-04-28,2026-04-28,5000.0,CE,HEROMOTOCO26APR5000CE,0.0,0.0,0.0,587.6,0.0,587.6,5592.0,681.1,0,0,0,0.0,0,F1,150,,,,,
2026-02-18,2026-02-18,FO,NSE,STO,117118,,HEROMOTOCO,,2026-04-28,2026-04-28,6300.0,CE,HEROMOTOCO26APR6300CE,0.0,0.0,0.0,78.5,0.0,78.5,5592.0,53.45,0,0,0,0.0,0,F1,150,,,,,
2026-02-18,2026-02-18,FO,NSE,STO,105699,,HEROMOTOCO,,2026-02-24,2026-02-24,4850.0,PE,HEROMOTOCO26FEB4850PE,0.0,0.0,0.0,4.0,4.0,4.0,5592.0,0.05,750,0,0,0.0,0,F1,150,,,,,
2026-02-18,2026-02-18,FO,NSE,STO,98632,,HEROMOTOCO,,2026-02-24,2026-02-24,4900.0,PE,HEROMOTOCO26FEB4900PE,1.2,1.9,1.0,1.45,1.45,1.95,5592.0,1.45,11850,1350,129,94842945.0,117,F1,150,,,,,
2026-02-18,2026-02-18,FO,NSE,STO,98655,,HEROMOTOCO,,2026-02-24,2026-02-24,5500.0,PE,HEROMOTOCO26FEB5500PE,41.15,44.9,23.8,25.05,26.0,42.2,5592.0,25.05,129450,-12450,1850,1535475967.5,1626,F1,150,,,,,
2026-02-18,2026-02-18,FO,NSE,STO,98662,,HEROMOTOCO,,2026-02-24,2026-02-24,5600.0,PE,HEROMOTOCO26FEB5600PE,84.0,94.55,56.0,61.95,63.35,83.85,5592.0,61.95,132000,-11700,1984,1688019382.5,1518,F1,150,,,,,
2026-02-18,2026-02-18,FO,NSE,STO,105715,,HEROMOTOCO,,2026-02-24,2026-02-24,5650.0,PE,HEROMOTOCO26FEB5650PE,101.15,127.0,80.0,91.5,91.8,113.35,5592.0,91.5,81750,3000,567,489076350.0,524,F1,150,,,,,
2026-02-18,2026-02-18,FO,NSE,STO,98668,,HEROMOTOCO,,2026-02-24,2026-02-24,5900.0,PE,HEROMOTOCO26FEB5900PE,313.0,352.5,299.5,302.4,300.35,331.05,5592.0,302.4,21450,150,29,27005835.0,19,F1,150,,,,,
2026-02-18,2026-02-18,FO,NSE,STO,106042,,HEROMOTOCO,,2026-03-30,2026-03-30,6600.0,CE,HEROMOTOCO26MAR6600CE,0.0,0.0,0.0,98.0,0.0,98.0,5592.0,5.15,0,0,0,0.0,0,F1,150,,,,,
2026-02-18,2026-02-18,FO,NSE,STO,105934,,HEROMOTOCO,,2026-03-30,2026-03-30,6300.0,CE,HEROMOTOCO26MAR6300CE,27.0,28.15,20.0,20.0,20.0,26.35,5592.0,19.35,10200,2700,30,28454505.0,29,F1,150,,,,,
2026-02-18,2026-02-18,FO,NSE,STO,116519,,HEROMOTOCO,,2026-03-30,2026-03-30,6150.0,CE,HEROMOTOCO26MAR6150CE,0.0,0.0,0.0,55.8,55.3,55.8,5592.0,34.85,1200,0,0,0.0,0,F1,150,,,,,
2026-02-18,2026-02-18,FO,NSE,STO,105921,,HEROMOTOCO,,2026-03-30,2026-03-30,6000.0,CE,HEROMOTOCO26MAR6000CE,64.1,72.1,50.8,55.25,55.25,64.05,5592.0,55.25,70200,2250,196,178208332.5,167,F1,150,,,,,
2026-02-18,2026-02-18,FO,NSE,STO,116494,,HEROMOTOCO,,2026-03-30,2026-03-30,4950.0,CE,HEROMOTOCO26MAR4950CE,0.0,0.0,0.0,563.25,0.0,563.25,5592.0,683.2,0,0,0,0.0,0,F1,150,,,,,
2026-02-18,2026-02-18,FO,NSE,STO,105811,,HEROMOTOCO,,2026-03-30,2026-03-30,4800.0,CE,HEROMOTOCO26MAR4800CE,0.0,0.0,0.0,1021.0,0.0,1021.0,5592.0,825.35,0,0,0,0.0,0,F1,150,,,,,
2026-02-18,2026-02-18,FO,NSE,STO,105724,,HEROMOTOCO,,2026-02-24,2026-02-24,6050.0,CE,HEROMOTOCO26FEB6050CE,5.6,5.9,2.7,3.35,3.5,5.65,5592.0,3.35,46200,-6750,597,542131342.5,427,F1,150,,,,,
2026-02-18,2026-02-18,FO,NSE,STO,105714,,HEROMOTOCO,,2026-02-24,2026-02-24,5650.0,CE,HEROMOTOCO26FEB5650CE,53.05,68.3,31.35,44.1,43.95,51.5,5592.0,44.1,120600,6900,3917,3348931462.5,3334,F1,150,,,,,
2026-02-18,2026-02-18,FO,NSE,STO,98646,,HEROMOTOCO,,2026-02-24,2026-02-24,5100.0,CE,HEROMOTOCO26FEB5100CE,0.0,0.0,0.0,760.0,760.0,760.0,5592.0,496.7,1500,0,0,0.0,0,F1,150,,,,,
2026-02-18,2026-02-18,FO,NSE,STO,116954,,HEROMOTOCO,,2026-04-28,2026-04-28,5300.0,CE,HEROMOTOCO26APR5300CE,0.0,0.0,0.0,402.55,0.0,402.55,5592.0,448.0,0,0,0,0.0,0,F1,150,,,,,
2026-02-18,2026-02-18,FO,NSE,STO,106045,,HEROMOTOCO,,2026-03-30,2026-03-30,6700.0,PE,HEROMOTOCO26MAR6700PE,0.0,0.0,0.0,971.9,0.0,971.9,5592.0,1070.9,0,0,0,0.0,0,F1,150,,,,,
2026-02-18,2026-02-18,FO,NSE,STO,105955,,HEROMOTOCO,,2026-03-30,2026-03-30,6400.0,PE,HEROMOTOCO26MAR6400PE,0.0,0.0,0.0,732.05,0.0,732.05,5592.0,782.25,0,0,0,0.0,0,F1,150,,,,,
2026-02-18,2026-02-18,FO,NSE,STO,105917,,HEROMOTOCO,,2026-03-30,2026-03-30,5800.0,PE,HEROMOTOCO26MAR5800PE,278.0,293.25,270.0,270.0,270.0,286.45,5592.0,270.0,13200,1800,18,16413540.0,13,F1,150,,,,,
2026-02-18,2026-02-18,FO,NSE,STO,105901,,HEROMOTOCO,,2026-03-30,2026-03-30,5400.0,PE,HEROMOTOCO26MAR5400PE,70.25,97.0,70.25,84.05,83.65,93.15,5592.0,84.05,16350,150,34,28000410.0,31,F1,150,,,,,
2026-02-18,2026-02-18,FO,NSE,STO,98688,,HEROMOTOCO,,2026-02-24,2026-02-24,6600.0,PE,HEROMOTOCO26FEB6600PE,0.0,0.0,0.0,628.75,0.0,628.75,5592.0,1002.05,0,0,0,0.0,0,F1,150,,,,,
2026-02-18,2026-02-18,FO,NSE,STO,105725,,HEROMOTOCO,,2026-02-24,2026-02-24,6050.0,PE,HEROMOTOCO26FEB6050PE,0.0,0.0,0.0,329.65,329.9,329.65,5592.0,453.0,750,0,0,0.0,0,F1,150,,,,,
2026-02-18,2026-02-18,FO,NSE,STO,98628,,HEROMOTOCO,,2026-02-24,2026-02-24,4700.0,PE,HEROMOTOCO26FEB4700PE,0.4,0.7,0.2,0.2,0.2,0.35,5592.0,0.2,25950,-1800,47,33138030.0,15,F1,150,,,,,
2026-02-18,2026-02-18,FO,NSE,STO,117116,,HEROMOTOCO,,2026-04-28,2026-04-28,6200.0,CE,HEROMOTOCO26APR6200CE,0.0,0.0,0.0,94.75,0.0,94.75,5592.0,69.65,0,0,0,0.0,0,F1,150,,,,,
2026-02-18,2026-02-18,FO,NSE,STO,116803,,HEROMOTOCO,,2026-04-28,2026-04-28,4900.0,PE,HEROMOTOCO26APR4900PE,0.0,0.0,0.0,103.65,0.0,103.65,5592.0,25.25,0,0,0,0.0,0,F1,150,,,,,
2026-02-18,2026-02-18,FO,NSE,STO,116962,,HEROMOTOCO,,2026-04-28,2026-04-28,5600.0,PE,HEROMOTOCO26APR5600PE,0.0,0.0,0.0,395.75,0.0,395.75,5592.0,217.35,0,0,0,0.0,0,F1,150,,,,,
2026-02-18,2026-02-18,FO,NSE,STO,117099,,HEROMOTOCO,,2026-04-28,2026-04-28,6100.0,PE,HEROMOTOCO26APR6100PE,0.0,0.0,0.0,740.35,0.0,740.35,5592.0,534.6,0,0,0,0.0,0,F1,150,,,,,
2026-02-18,2026-02-18,FO,NSE,STO,117117,,HEROMOTOCO,,2026-04-28,2026-04-28,6200.0,PE,HEROMOTOCO26APR6200PE,0.0,0.0,0.0,819.8,0.0,819.8,5592.0,613.5,0,0,0,0.0,0,F1,150,,,,,
2026-02-18,2026-02-18,FO,NSE,STO,105719,,HEROMOTOCO,,2026-02-24,2026-02-24,5850.0,PE,HEROMOTOCO26FEB5850PE,300.0,300.0,252.5,254.1,255.65,303.4,5592.0,254.1,21150,-150,3,2753722.5,3,F1,150,,,,,
2026-02-18,2026-02-18,FO,NSE,STO,98664,,HEROMOTOCO,,2026-02-24,2026-02-24,5700.0,PE,HEROMOTOCO26FEB5700PE,137.0,166.0,110.9,128.15,126.45,148.85,5592.0,128.15,95400,-7200,461,403632555.0,424,F1,150,,,,,
2026-02-18,2026-02-18,FO,NSE,STO,116952,,HEROMOTOCO,,2026-04-28,2026-04-28,5200.0,CE,HEROMOTOCO26APR5200CE,0.0,0.0,0.0,459.3,0.0,459.3,5592.0,520.5,0,0,0,0.0,0,F1,150,,,,,
2026-02-18,2026-02-18,FO,NSE,STO,105927,,HEROMOTOCO,,2026-03-30,2026-03-30,6200.0,CE,HEROMOTOCO26MAR6200CE,38.95,38.95,26.9,28.75,28.75,34.3,5592.0,28.75,22950,7500,120,112131877.5,99,F1,150,,,,,
2026-02-18,2026-02-18,FO,NSE,STO,98665,,HEROMOTOCO,,2026-02-24,2026-02-24,5800.0,CE,HEROMOTOCO26FEB5800CE,20.05,23.5,10.4,13.9,13.9,20.2,5592.0,13.9,603450,-9750,4617,4027895962.5,3315,F1,150,,,,,
2026-02-18,2026-02-18,FO,NSE,STO,105706,,HEROMOTOCO,,2026-02-24,2026-02-24,5250.0,CE,HEROMOTOCO26FEB5250CE,0.0,0.0,0.0,279.1,282.1,279.1,5592.0,348.25,3600,0,0,0.0,0,F1,150,,,,,
2026-02-18,2026-02-18,FO,NSE,STO,105731,,HEROMOTOCO,,2026-02-24,2026-02-24,6350.0,PE,HEROMOTOCO26FEB6350PE,0.0,0.0,0.0,663.1,0.0,663.1,5592.0,752.25,0,0,0,0.0,0,F1,150,,,,,
2026-02-18,2026-02-18,FO,NSE,STO,105832,,HEROMOTOCO,,2026-03-30,2026-03-30,5000.0,PE,HEROMOTOCO26MAR5000PE,24.95,24.95,20.0,20.75,21.45,24.65,5592.0,20.75,9600,-300,61,45952147.5,45,F1,150,,,,,
2026-02-18,2026-02-18,FO,NSE,STO,106041,,HEROMOTOCO,,2026-03-30,2026-03-30,6500.0,PE,HEROMOTOCO26MAR6500PE,0.0,0.0,0.0,809.15,0.0,809.15,5592.0,877.1,0,0,0,0.0,0,F1,150,,,,,
2026-02-18,2026-02-18,FO,NSE,STO,105705,,HEROMOTOCO,,2026-02-24,2026-02-24,5150.0,PE,HEROMOTOCO26FEB5150PE,4.15,4.15,1.45,1.55,1.55,4.15,5592.0,1.55,12900,-1950,130,100470795.0,87,F1,150,,,,,
2026-02-18,2026-02-18,FO,NSE,STO,98676,,HEROMOTOCO,,2026-02-24,2026-02-24,6300.0,PE,HEROMOTOCO26FEB6300PE,719.65,719.65,719.65,719.65,719.65,667.5,5592.0,702.3,900,-450,3,3158842.5,1,F1,150,,,,,
2026-02-18,2026-02-18,FO,NSE,STO,117140,,HEROMOTOCO,,2026-04-28,2026-04-28,6500.0,PE,HEROMOTOCO26APR6500PE,0.0,0.0,0.0,1073.55,0.0,1073.55,5592.0,871.25,0,0,0,0.0,0,F1,150,,,,,
2026-02-18,2026-02-18,FO,NSE,STO,105926,,HEROMOTOCO,,2026-03-30,2026-03-30,6100.0,PE,HEROMOTOCO26MAR6100PE,531.9,531.9,531.9,531.9,531.9,519.85,5592.0,513.3,300,300,2,1989570.0,2,F1,150,,,,,
2026-02-18,2026-02-18,FO,NSE,STO,116518,,HEROMOTOCO,,2026-03-30,2026-03-30,6050.0,PE,HEROMOTOCO26MAR6050PE,0.0,0.0,0.0,681.45,0.0,681.45,5592.0,471.85,0,0,0,0.0,0,F1,150,,,,,
2026-02-18,2026-02-18,FO,NSE,STO,105810,,HEROMOTOCO,,2026-03-30,2026-03-30,4700.0,PE,HEROMOTOCO26MAR4700PE,0.0,0.0,0.0,21.3,21.3,21.3,5592.0,2.25,150,0,0,0.0,0,F1,150,,,,,
2026-02-18,2026-02-18,FO,NSE,STO,98620,,HEROMOTOCO,,2026-02-24,2026-02-24,4600.0,CE,HEROMOTOCO26FEB4600CE,0.0,0.0,0.0,757.5,757.5,757.5,5592.0,996.15,300,0,0,0.0,0,F1,150,,,,,
2026-02-18,2026-02-18,FO,NSE,STO,105958,,HEROMOTOCO,,2026-03-30,2026-03-30,6500.0,CE,HEROMOTOCO26MAR6500CE,11.0,12.95,11.0,11.7,11.55,15.8,5592.0,11.7,3600,1350,24,23441715.0,22,F1,150,,,,,
2026-02-18,2026-02-18,FO,NSE,STO,116515,,HEROMOTOCO,,2026-03-30,2026-03-30,5950.0,CE,HEROMOTOCO26MAR5950CE,0.0,0.0,0.0,92.2,92.2,92.2,5592.0,70.8,300,0,0,0.0,0,F1,150,,,,,
2026-02-18,2026-02-18,FO,NSE,STO,105916,,HEROMOTOCO,,2026-03-30,2026-03-30,5800.0,CE,HEROMOTOCO26MAR5800CE,120.0,127.05,96.0,105.55,106.25,115.0,5592.0,105.55,31350,1800,118,104588310.0,116,F1,150,,,,,
2026-02-18,2026-02-18,FO,NSE,STO,105914,,HEROMOTOCO,,2026-03-30,2026-03-30,5700.0,CE,HEROMOTOCO26MAR5700CE,153.8,170.55,129.0,141.45,145.0,151.9,5592.0,141.45,39750,2250,176,154445835.0,153,F1,150,,,,,
2026-02-18,2026-02-18,FO,NSE,STO,105902,,HEROMOTOCO,,2026-03-30,2026-03-30,5500.0,CE,HEROMOTOCO26MAR5500CE,266.0,283.0,231.85,239.05,249.9,256.2,5592.0,239.05,7350,-1500,70,60349710.0,41,F1,150,,,,,
2026-02-18,2026-02-18,FO,NSE,STO,105833,,HEROMOTOCO,,2026-03-30,2026-03-30,5100.0,CE,HEROMOTOCO26MAR5100CE,0.0,0.0,0.0,774.4,0.0,774.4,5592.0,548.15,0,0,0,0.0,0,F1,150,,,,,
2026-02-18,2026-02-18,FO,NSE,STO,105732,,HEROMOTOCO,,2026-02-24,2026-02-24,6450.0,CE,HEROMOTOCO26FEB6450CE,0.7,1.0,0.7,0.95,1.0,2.35,5592.0,0.95,10800,-600,4,3870555.0,3,F1,150,,,,,
2026-02-18,2026-02-18,FO,NSE,STO,98677,,HEROMOTOCO,,2026-02-24,2026-02-24,6400.0,CE,HEROMOTOCO26FEB6400CE,1.9,1.9,1.0,1.25,1.15,2.0,5592.0,1.25,86250,-7200,233,223724130.0,195,F1,150,,,,,
2026-02-18,2026-02-18,FO,NSE,STO,98669,,HEROMOTOCO,,2026-02-24,2026-02-24,6000.0,CE,HEROMOTOCO26FEB6000CE,7.3,7.7,3.35,4.2,4.3,7.1,5592.0,4.2,471900,-8100,2497,2249121397.5,1750,F1,150,,,,,
2026-02-18,2026-02-18,FO,NSE,STO,105720,,HEROMOTOCO,,2026-02-24,2026-02-24,5950.0,CE,HEROMOTOCO26FEB5950CE,9.3,10.5,3.95,5.55,5.75,9.3,5592.0,5.55,121500,-137100,2092,1868744775.0,1408,F1,150,,,,,
2026-02-18,2026-02-18,FO,NSE,STO,98656,,HEROMOTOCO,,2026-02-24,2026-02-24,5600.0,CE,HEROMOTOCO26FEB5600CE,75.05,93.0,47.05,64.25,64.55,72.25,5592.0,64.25,151650,-16800,4836,4109023785.0,3934,F1,150,,,,,
2026-02-18,2026-02-18,FO,NSE,STO,105710,,HEROMOTOCO,,2026-02-24,2026-02-24,5450.0,CE,HEROMOTOCO26FEB5450CE,179.0,200.3,135.0,169.75,170.0,166.05,5592.0,169.75,16350,-1050,55,46319655.0,44,F1,150,,,,,
2026-02-18,2026-02-18,FO,NSE,STO,116512,,HEROMOTOCO,,2026-03-30,2026-03-30,5750.0,PE,HEROMOTOCO26MAR5750PE,0.0,0.0,0.0,454.5,0.0,454.5,5592.0,254.95,0,0,0,0.0,0,F1,150,,,,,
2026-02-18,2026-02-18,FO,NSE,STO,116955,,HEROMOTOCO,,2026-04-28,2026-04-28,5300.0,PE,HEROMOTOCO26APR5300PE,0.0,0.0,0.0,241.4,0.0,241.4,5592.0,101.15,0,0,0,0.0,0,F1,150,,,,,
2026-02-18,2026-02-18,FO,NSE,STO,116958,,HEROMOTOCO,,2026-04-28,2026-04-28,5500.0,CE,HEROMOTOCO26APR5500CE,0.0,0.0,0.0,303.75,0.0,303.75,5592.0,321.1,0,0,0,0.0,0,F1,150,,,,,
2026-02-18,2026-02-18,FO,NSE,STO,116963,,HEROMOTOCO,,2026-04-28,2026-04-28,5700.0,CE,HEROMOTOCO26APR5700CE,0.0,0.0,0.0,223.85,0.0,223.85,5592.0,219.9,0,0,0,0.0,0,F1,150,,,,,
2026-02-18,2026-02-18,FO,NSE,STO,117138,,HEROMOTOCO,,2026-04-28,2026-04-28,6500.0,CE,HEROMOTOCO26APR6500CE,0.0,0.0,0.0,53.1,0.0,53.1,5592.0,30.5,0,0,0,0.0,0,F1,150,,,,,
2026-02-18,2026-02-18,FO,NSE,STO,105703,,HEROMOTOCO,,2026-02-24,2026-02-24,5050.0,PE,HEROMOTOCO26FEB5050PE,1.65,2.1,1.05,1.15,1.1,3.0,5592.0,1.15,18150,1200,81,61376325.0,79,F1,150,,,,,
2026-02-18,2026-02-18,FO,NSE,STO,98647,,HEROMOTOCO,,2026-02-24,2026-02-24,5100.0,PE,HEROMOTOCO26FEB5100PE,3.4,3.4,1.1,1.2,1.3,3.4,5592.0,1.2,142350,9300,674,515805352.5,578,F1,150,,,,,
2026-02-18,2026-02-18,FO,NSE,STO,105729,,HEROMOTOCO,,2026-02-24,2026-02-24,6250.0,PE,HEROMOTOCO26FEB6250PE,0.0,0.0,0.0,584.9,0.0,584.9,5592.0,652.35,0,0,0,0.0,0,F1,150,,,,,
2026-02-18,2026-02-18,FO,NSE,STO,98678,,HEROMOTOCO,,2026-02-24,2026-02-24,6400.0,PE,HEROMOTOCO26FEB6400PE,0.0,0.0,0.0,498.8,0.0,498.8,5592.0,802.2,0,0,0,0.0,0,F1,150,,,,,
2026-02-18,2026-02-18,FO,NSE,STO,98702,,HEROMOTOCO,,2026-02-24,2026-02-24,6700.0,PE,HEROMOTOCO26FEB6700PE,1117.9,1117.9,1117.9,1117.9,1117.9,979.85,5592.0,1101.95,450,0,3,3518055.0,1,F1,150,,,,,
2026-02-18,2026-02-18,FO,NSE,STO,98704,,HEROMOTOCO,,2026-02-24,2026-02-24,6800.0,PE,HEROMOTOCO26FEB6800PE,0.0,0.0,0.0,772.65,0.0,772.65,5592.0,1201.85,0,0,0,0.0,0,F1,150,,,,,
2026-02-18,2026-02-18,FO,NSE,STO,105808,,HEROMOTOCO,,2026-03-30,2026-03-30,4600.0,PE,HEROMOTOCO26MAR4600PE,0.0,0.0,0.0,20.45,0.0,20.45,5592.0,1.05,0,0,0,0.0,0,F1,150,,,,,
2026-02-18,2026-02-18,FO,NSE,STO,105812,,HEROMOTOCO,,2026-03-30,2026-03-30,4800.0,PE,HEROMOTOCO26MAR4800PE,15.35,15.35,9.0,9.0,9.0,14.9,5592.0,9.0,2100,150,2,1443652.5,2,F1,150,,,,,
2026-02-18,2026-02-18,FO,NSE,STO,105826,,HEROMOTOCO,,2026-03-30,2026-03-30,4900.0,PE,HEROMOTOCO26MAR4900PE,14.15,29.0,14.15,29.0,29.0,23.2,5592.0,29.0,4050,900,13,9586995.0,13,F1,150,,,,,
2026-02-18,2026-02-18,FO,NSE,STO,116495,,HEROMOTOCO,,2026-03-30,2026-03-30,4950.0,PE,HEROMOTOCO26MAR4950PE,14.95,14.95,14.95,14.95,14.95,24.45,5592.0,11.5,3150,300,2,1489485.0,2,F1,150,,,,,
2026-02-18,2026-02-18,FO,NSE,STO,116504,,HEROMOTOCO,,2026-03-30,2026-03-30,5350.0,PE,HEROMOTOCO26MAR5350PE,72.75,85.6,72.75,79.55,79.55,221.6,5592.0,75.3,1650,1650,14,11403862.5,14,F1,150,,,,,
2026-02-18,2026-02-18,FO,NSE,STO,117137,,HEROMOTOCO,,2026-04-28,2026-04-28,6400.0,PE,HEROMOTOCO26APR6400PE,0.0,0.0,0.0,986.7,0.0,986.7,5592.0,782.4,0,0,0,0.0,0,F1,150,,,,,
2026-02-18,2026-02-18,FO,NSE,STO,116719,,HEROMOTOCO,,2026-04-28,2026-04-28,4800.0,CE,HEROMOTOCO26APR4800CE,0.0,0.0,0.0,733.85,0.0,733.85,5592.0,858.1,0,0,0,0.0,0,F1,150,,,,,
2026-02-18,2026-02-18,FO,NSE,STO,105708,,HEROMOTOCO,,2026-02-24,2026-02-24,5350.0,CE,HEROMOTOCO26FEB5350CE,0.0,0.0,0.0,251.1,250.8,251.1,5592.0,253.15,11700,0,0,0.0,0,F1,150,,,,,
2026-02-18,2026-02-18,FO,NSE,STO,116501,,HEROMOTOCO,,2026-03-30,2026-03-30,5250.0,CE,HEROMOTOCO26MAR5250CE,0.0,0.0,0.0,362.75,0.0,362.75,5592.0,424.1,0,0,0,0.0,0,F1,150,,,,,
2026-02-18,2026-02-18,FO,NSE,STO,116524,,HEROMOTOCO,,2026-03-30,2026-03-30,6350.0,CE,HEROMOTOCO26MAR6350CE,0.0,0.0,0.0,35.65,0.0,35.65,5592.0,15.7,0,0,0,0.0,0,F1,150,,,,,
2026-02-18,2026-02-18,FO,NSE,STO,116502,,HEROMOTOCO,,2026-03-30,2026-03-30,5250.0,PE,HEROMOTOCO26MAR5250PE,54.0,55.2,54.0,55.2,55.2,50.6,5592.0,50.55,1200,0,2,1591380.0,2,F1,150,,,,,
2026-02-18,2026-02-18,FO,NSE,STO,139459,,MANKIND,,2026-04-28,2026-04-28,2320.0,PE,MANKIND26APR2320PE,0.0,0.0,0.0,256.4,0.0,256.4,2075.6,248.3,0,0,0,0.0,0,F1,225,,,,,
2026-02-18,2026-02-18,FO,NSE,STO,134990,,MANKIND,,2026-02-24,2026-02-24,2220.0,CE,MANKIND26FEB2220CE,1.35,2.45,1.35,1.8,1.7,2.35,2075.6,1.8,29025,-1350,131,65490660.0,128,F1,225,,,,,
2026-02-18,2026-02-18,FO,NSE,STO,135460,,MANKIND,,2026-03-30,2026-03-30,2120.0,PE,MANKIND26MAR2120PE,0.0,0.0,0.0,100.3,100.3,100.3,2075.6,91.7,2475,0,0,0.0,0,F1,225,,,,,
2026-02-18,2026-02-18,FO,NSE,STO,139098,,MANKIND,,2026-03-30,2026-03-30,2140.0,PE,MANKIND26MAR2140PE,115.0,115.0,103.65,103.65,103.65,124.45,2075.6,103.7,450,450,2,1012196.25,2,F1,225,,,,,
2026-02-18,2026-02-18,FO,NSE,STO,135462,,MANKIND,,2026-03-30,2026-03-30,2160.0,PE,MANKIND26MAR2160PE,0.0,0.0,0.0,123.8,0.0,123.8,2075.6,116.5,0,0,0,0.0,0,F1,225,,,,,
2026-02-18,2026-02-18,FO,NSE,STO,139295,,MANKIND,,2026-03-30,2026-03-30,2460.0,PE,MANKIND26MAR2460PE,380.0,380.0,380.0,380.0,380.0,359.85,2075.6,372.3,675,675,3,1917000.0,1,F1,225,,,,,
2026-02-18,2026-02-18,FO,NSE,STO,139438,,MANKIND,,2026-04-28,2026-04-28,2080.0,PE,MANKIND26APR2080PE,0.0,0.0,0.0,112.0,0.0,112.0,2075.6,88.75,0,0,0,0.0,0,F1,225,,,,,
2026-02-18,2026-02-18,FO,NSE,STO,139467,,MANKIND,,2026-04-28,2026-04-28,2480.0,PE,MANKIND26APR2480PE,0.0,0.0,0.0,381.55,0.0,381.55,2075.6,388.0,0,0,0,0.0,0,F1,225,,,,,
2026-02-18,2026-02-18,FO,NSE,STO,116562,,MANKIND,,2026-02-24,2026-02-24,2400.0,CE,MANKIND26FEB2400CE,0.3,0.65,0.25,0.6,0.6,0.75,2075.6,0.6,30600,-8550,70,37807368.75,44,F1,225,,,,,
2026-02-18,2026-02-18,FO,NSE,STO,135000,,MANKIND,,2026-02-24,2026-02-24,2320.0,CE,MANKIND26FEB2320CE,1.0,1.05,0.7,0.75,0.7,1.0,2075.6,0.75,34875,-675,36,18799065.0,35,F1,225,,,,,
2026-02-18,2026-02-18,FO,NSE,STO,134948,,MANKIND,,2026-02-24,2026-02-24,1760.0,CE,MANKIND26FEB1760CE,0.0,0.0,0.0,301.0,301.0,301.0,2075.6,317.2,2025,0,0,0.0,0,F1,225,,,,,
2026-02-18,2026-02-18,FO,NSE,STF,66892,,MANKIND,,2026-04-28,2026-04-28,,,MANKIND26APRFUT,2078.5,2096.5,2070.0,2096.2,2096.5,2082.9,2075.6,2096.2,69975,900,13,6086452.5,13,F1,225,,,,,
2026-02-18,2026-02-18,FO,NSE,STO,139142,,MANKIND,,2026-03-30,2026-03-30,2220.0,CE,MANKIND26MAR2220CE,0.0,0.0,0.0,39.1,39.1,39.1,2075.6,28.2,2025,0,0,0.0,0,F1,225,,,,,
2026-02-18,2026-02-18,FO,NSE,STO,135449,,MANKIND,,2026-03-30,2026-03-30,1920.0,CE,MANKIND26MAR1920CE,0.0,0.0,0.0,245.15,245.15,245.15,2075.6,183.9,675,0,0,0.0,0,F1,225,,,,,
2026-02-18,2026-02-18,FO,NSE,STO,134984,,MANKIND,,2026-02-24,2026-02-24,2140.0,PE,MANKIND26FEB2140PE,91.0,91.0,63.4,64.7,63.9,77.1,2075.6,64.7,11925,-3600,24,11966906.25,24,F1,225,,,,,
2026-02-18,2026-02-18,FO,NSE,STO,135452,,MANKIND,,2026-03-30,2026-03-30,1960.0,PE,MANKIND26MAR1960PE,30.0,30.3,30.0,30.3,30.3,23.4,2075.6,25.5,675,0,3,1343317.5,3,F1,225,,,,,
2026-02-18,2026-02-18,FO,NSE,STO,135479,,MANKIND,,2026-03-30,2026-03-30,2400.0,CE,MANKIND26MAR2400CE,8.95,8.95,8.95,8.95,8.95,10.0,2075.6,5.2,1575,0,1,542013.75,1,F1,225,,,,,
2026-02-18,2026-02-18,FO,NSE,STO,135466,,MANKIND,,2026-03-30,2026-03-30,2240.0,PE,MANKIND26MAR2240PE,0.0,0.0,0.0,168.25,168.25,168.25,2075.6,174.8,675,0,0,0.0,0,F1,225,,,,,
2026-02-18,2026-02-18,FO,NSE,STO,135171,,MANKIND,,2026-02-24,2026-02-24,2520.0,PE,MANKIND26FEB2520PE,0.0,0.0,0.0,431.1,431.1,431.1,2075.6,442.1,675,0,0,0.0,0,F1,225,,,,,
2026-02-18,2026-02-18,FO,NSE,STO,116565,,MANKIND,,2026-02-24,2026-02-24,2500.0,PE,MANKIND26FEB2500PE,442.0,442.0,432.0,432.0,432.0,425.0,2075.6,422.15,4275,-1125,5,3303675.0,5,F1,225,,,,,
2026-02-18,2026-02-18,FO,NSE,STO,135004,,MANKIND,,2026-02-24,2026-02-24,2340.0,PE,MANKIND26FEB2340PE,0.0,0.0,0.0,277.5,277.5,277.5,2075.6,262.3,2475,0,0,0.0,0,F1,225,,,,,
2026-02-18,2026-02-18,FO,NSE,STO,134973,,MANKIND,,2026-02-24,2026-02-24,2060.0,PE,MANKIND26FEB2060PE,24.5,29.5,12.5,13.95,12.9,23.5,2075.6,13.95,101025,59400,894,419182616.25,397,F1,225,,,,,
2026-02-18,2026-02-18,FO,NSE,STO,139447,,MANKIND,,2026-04-28,2026-04-28,2160.0,CE,MANKIND26APR2160CE,0.0,0.0,0.0,120.6,0.0,120.6,2075.6,70.95,0,0,0,0.0,0,F1,225,,,,,
2026-02-18,2026-02-18,FO,NSE,STO,139290,,MANKIND,,2026-03-30,2026-03-30,2380.0,CE,MANKIND26MAR2380CE,0.0,0.0,0.0,31.1,0.0,31.1,2075.6,6.4,0,0,0,0.0,0,F1,225,,,,,
2026-02-18,2026-02-18,FO,NSE,STO,139235,,MANKIND,,2026-03-30,2026-03-30,2300.0,CE,MANKIND26MAR2300CE,11.95,15.15,11.35,14.8,14.4,14.1,2075.6,14.8,5400,4500,25,13014326.25,24,F1,225,,,,,
2026-02-18,2026-02-18,FO,NSE,STO,139097,,MANKIND,,2026-03-30,2026-03-30,2140.0,CE,MANKIND26MAR2140CE,0.0,0.0,0.0,101.0,0.0,101.0,2075.6,52.15,0,0,0,0.0,0,F1,225,,,,,
2026-02-18,2026-02-18,FO,NSE,STO,135010,,MANKIND,,2026-02-24,2026-02-24,2380.0,CE,MANKIND26FEB2380CE,0.0,0.0,0.0,38.6,0.0,38.6,2075.6,0.05,0,0,0,0.0,0,F1,225,,,,,
2026-02-18,2026-02-18,FO,NSE,STO,134998,,MANKIND,,2026-02-24,2026-02-24,2280.0,CE,MANKIND26FEB2280CE,1.05,1.25,0.95,1.15,1.15,1.4,2075.6,0.1,15300,-4275,32,16424381.25,29,F1,225,,,,,
2026-02-18,2026-02-18,FO,NSE,STO,134994,,MANKIND,,2026-02-24,2026-02-24,2260.0,CE,MANKIND26FEB2260CE,1.45,1.5,1.1,1.2,1.2,1.65,2075.6,1.2,16650,-6750,105,53422785.0,91,F1,225,,,,,
2026-02-18,2026-02-18,FO,NSE,STO,135483,,MANKIND,,2026-03-30,2026-03-30,2480.0,CE,MANKIND26MAR2480CE,0.0,0.0,0.0,44.1,0.0,44.1,2075.6,2.15,0,0,0,0.0,0,F1,225,,,,,
2026-02-18,2026-02-18,FO,NSE,STO,135473,,MANKIND,,2026-03-30,2026-03-30,2360.0,CE,MANKIND26MAR2360CE,0.0,0.0,0.0,7.7,8.1,7.7,2075.6,7.85,2475,0,0,0.0,0,F1,225,,,,,
2026-02-18,2026-02-18,FO,NSE,STO,135463,,MANKIND,,2026-03-30,2026-03-30,2200.0,CE,MANKIND26MAR2200CE,26.35,33.8,24.6,32.55,31.9,29.1,2075.6,32.55,23625,5850,81,40636293.75,71,F1,225,,,,,
2026-02-18,2026-02-18,FO,NSE,STO,139095,,MANKIND,,2026-03-30,2026-03-30,2100.0,CE,MANKIND26MAR2100CE,61.0,69.35,53.9,67.9,65.25,60.0,2075.6,67.9,31725,15525,187,91044888.75,142,F1,225,,,,,
2026-02-18,2026-02-18,FO,NSE,STO,139093,,MANKIND,,2026-03-30,2026-03-30,2060.0,CE,MANKIND26MAR2060CE,93.55,93.55,74.0,85.45,85.45,93.55,2075.6,88.55,2250,450,4,1929825.0,4,F1,225,,,,,
2026-02-18,2026-02-18,FO,NSE,STO,135455,,MANKIND,,2026-03-30,2026-03-30,2040.0,CE,MANKIND26MAR2040CE,0.0,0.0,0.0,215.35,0.0,215.35,2075.6,99.75,0,0,0,0.0,0,F1,225,,,,,
2026-02-18,2026-02-18,FO,NSE,STO,139089,,MANKIND,,2026-03-30,2026-03-30,1980.0,CE,MANKIND26MAR1980CE,0.0,0.0,0.0,155.3,155.3,155.3,2075.6,138.4,225,0,0,0.0,0,F1,225,,,,,
2026-02-18,2026-02-18,FO,NSE,STO,135437,,MANKIND,,2026-03-30,2026-03-30,1760.0,CE,MANKIND26MAR1760CE,0.0,0.0,0.0,313.8,313.8,313.8,2075.6,328.05,450,0,0,0.0,0,F1,225,,,,,
2026-02-18,2026-02-18,FO,NSE,STO,139461,,MANKIND,,2026-04-28,2026-04-28,2360.0,PE,MANKIND26APR2360PE,0.0,0.0,0.0,286.0,0.0,286.0,2075.6,281.5,0,0,0,0.0,0,F1,225,,,,,
2026-02-18,2026-02-18,FO,NSE,STO,139455,,MANKIND,,2026-04-28,2026-04-28,2240.0,PE,MANKIND26APR2240PE,0.0,0.0,0.0,201.65,0.0,201.65,2075.6,186.7,0,0,0,0.0,0,F1,225,,,,,
2026-02-18,2026-02-18,FO,NSE,STO,135468,,MANKIND,,2026-03-30,2026-03-30,2280.0,PE,MANKIND26MAR2280PE,212.5,212.5,212.5,212.5,212.5,191.25,2075.6,207.5,225,225,1,560812.5,1,F1,225,,,,,
2026-02-18,2026-02-18,FO,NSE,STO,135181,,MANKIND,,2026-02-24,2026-02-24,2640.0,PE,MANKIND26FEB2640PE,575.0,575.0,575.0,575.0,575.0,510.0,2075.6,562.0,0,-225,1,723375.0,1,F1,225,,,,,
2026-02-18,2026-02-18,FO,NSE,STO,135009,,MANKIND,,2026-02-24,2026-02-24,2360.0,PE,MANKIND26FEB2360PE,0.0,0.0,0.0,245.0,245.0,245.0,2075.6,282.25,225,0,0,0.0,0,F1,225,,,,,
2026-02-18,2026-02-18,FO,NSE,STO,134961,,MANKIND,,2026-02-24,2026-02-24,1920.0,PE,MANKIND26FEB1920PE,1.35,1.8,0.65,0.8,0.65,1.75,2075.6,0.8,16200,11025,892,385629345.0,623,F1,225,,,,,
2026-02-18,2026-02-18,FO,NSE,STO,139431,,MANKIND,,2026-04-28,2026-04-28,2000.0,CE,MANKIND26APR2000CE,0.0,0.0,0.0,202.95,0.0,202.95,2075.6,151.0,0,0,0,0.0,0,F1,225,,,,,
2026-02-18,2026-02-18,FO,NSE,STO,139423,,MANKIND,,2026-04-28,2026-04-28,1840.0,CE,MANKIND26APR1840CE,0.0,0.0,0.0,314.5,0.0,314.5,2075.6,270.0,0,0,0,0.0,0,F1,225,,,,,
2026-02-18,2026-02-18,FO,NSE,STO,134968,,MANKIND,,2026-02-24,2026-02-24,2020.0,CE,MANKIND26FEB2020CE,55.3,66.8,42.5,66.15,66.8,74.65,2075.6,66.15,3825,1575,34,15847965.0,34,F1,225,,,,,
2026-02-18,2026-02-18,FO,NSE,STO,134962,,MANKIND,,2026-02-24,2026-02-24,1940.0,CE,MANKIND26FEB1940CE,0.0,0.0,0.0,160.45,160.45,160.45,2075.6,138.0,1125,0,0,0.0,0,F1,225,,,,,
2026-02-18,2026-02-18,FO,NSE,STO,116552,,MANKIND,,2026-02-24,2026-02-24,1900.0,CE,MANKIND26FEB1900CE,0.0,0.0,0.0,394.5,0.0,394.5,2075.6,177.45,0,0,0,0.0,0,F1,225,,,,,
2026-02-18,2026-02-18,FO,NSE,STO,134956,,MANKIND,,2026-02-24,2026-02-24,1860.0,CE,MANKIND26FEB1860CE,0.0,0.0,0.0,227.5,227.5,227.5,2075.6,217.3,2025,0,0,0.0,0,F1,225,,,,,
2026-02-18,2026-02-18,FO,NSE,STF,51973,,MANKIND,,2026-03-30,2026-03-30,,,MANKIND26MARFUT,2074.0,2095.0,2056.9,2088.4,2089.7,2075.6,2075.6,2088.4,537075,336375,1948,909059175.0,1657,F1,225,,,,,
2026-02-18,2026-02-18,FO,NSE,STO,139453,,MANKIND,,2026-04-28,2026-04-28,2200.0,PE,MANKIND26APR2200PE,0.0,0.0,0.0,176.65,0.0,176.65,2075.6,158.8,0,0,0,0.0,0,F1,225,,,,,
2026-02-18,2026-02-18,FO,NSE,STO,139293,,MANKIND,,2026-03-30,2026-03-30,2420.0,PE,MANKIND26MAR2420PE,0.0,0.0,0.0,325.4,0.0,325.4,2075.6,334.05,0,0,0,0.0,0,F1,225,,,,,
2026-02-18,2026-02-18,FO,NSE,STO,135464,,MANKIND,,2026-03-30,2026-03-30,2200.0,PE,MANKIND26MAR2200PE,154.2,158.25,142.9,142.9,142.9,134.0,2075.6,142.9,13275,7200,45,23808881.25,44,F1,225,,,,,
2026-02-18,2026-02-18,FO,NSE,STO,135169,,MANKIND,,2026-02-24,2026-02-24,2480.0,PE,MANKIND26FEB2480PE,0.0,0.0,0.0,326.25,0.0,326.25,2075.6,402.15,0,0,0,0.0,0,F1,225,,,,,
2026-02-18,2026-02-18,FO,NSE,STO,134980,,MANKIND,,2026-02-24,2026-02-24,2120.0,PE,MANKIND26FEB2120PE,0.0,0.0,0.0,59.05,59.05,59.05,2075.6,55.1,20025,0,0,0.0,0,F1,225,,,,,
2026-02-18,2026-02-18,FO,NSE,STO,116555,,MANKIND,,2026-02-24,2026-02-24,2000.0,PE,MANKIND26FEB2000PE,6.2,6.3,2.2,2.6,2.2,6.0,2075.6,2.6,82575,-6750,169,76213215.0,146,F1,225,,,,,
2026-02-18,2026-02-18,FO,NSE,STO,134955,,MANKIND,,2026-02-24,2026-02-24,1840.0,PE,MANKIND26FEB1840PE,0.0,0.0,0.0,10.8,0.0,10.8,2075.6,0.05,0,0,0,0.0,0,F1,225,,,,,
2026-02-18,2026-02-18,FO,NSE,STO,139464,,MANKIND,,2026-04-28,2026-04-28,2440.0,CE,MANKIND26APR2440CE,0.0,0.0,0.0,40.15,0.0,40.15,2075.6,12.4,0,0,0,0.0,0,F1,225,,,,,
2026-02-18,2026-02-18,FO,NSE,STO,139140,,MANKIND,,2026-03-30,2026-03-30,2180.0,CE,MANKIND26MAR2180CE,0.0,0.0,0.0,84.65,0.0,84.65,2075.6,38.8,0,0,0,0.0,0,F1,225,,,,,
2026-02-18,2026-02-18,FO,NSE,STO,116564,,MANKIND,,2026-02-24,2026-02-24,2500.0,CE,MANKIND26FEB2500CE,0.45,0.7,0.4,0.5,0.5,0.7,2075.6,0.5,138375,-6750,152,85517628.75,76,F1,225,,,,,
2026-02-18,2026-02-18,FO,NSE,STO,134979,,MANKIND,,2026-02-24,2026-02-24,2120.0,CE,MANKIND26FEB2120CE,10.2,10.75,5.8,10.25,10.25,10.1,2075.6,10.25,71325,9000,446,213485636.25,272,F1,225,,,,,
2026-02-18,2026-02-18,FO,NSE,STO,139462,,MANKIND,,2026-04-28,2026-04-28,2400.0,CE,MANKIND26APR2400CE,0.0,0.0,0.0,47.65,0.0,47.65,2075.6,16.4,0,0,0,0.0,0,F1,225,,,,,
2026-02-18,2026-02-18,FO,NSE,STO,139458,,MANKIND,,2026-04-28,2026-04-28,2320.0,CE,MANKIND26APR2320CE,0.0,0.0,0.0,66.1,0.0,66.1,2075.6,27.9,0,0,0,0.0,0,F1,225,,,,,
2026-02-18,2026-02-18,FO,NSE,STO,139427,,MANKIND,,2026-04-28,2026-04-28,1920.0,CE,MANKIND26APR1920CE,0.0,0.0,0.0,255.35,0.0,255.35,2075.6,206.1,0,0,0,0.0,0,F1,225,,,,,
2026-02-18,2026-02-18,FO,NSE,STO,139292,,MANKIND,,2026-03-30,2026-03-30,2420.0,CE,MANKIND26MAR2420CE,0.0,0.0,0.0,24.9,0.0,24.9,2075.6,4.2,0,0,0,0.0,0,F1,225,,,,,
2026-02-18,2026-02-18,FO,NSE,STO,135467,,MANKIND,,2026-03-30,2026-03-30,2280.0,CE,MANKIND26MAR2280CE,0.0,0.0,0.0,97.5,0.0,97.5,2075.6,16.8,0,0,0,0.0,0,F1,225,,,,,
2026-02-18,2026-02-18,FO,NSE,STO,135453,,MANKIND,,2026-03-30,2026-03-30,2000.0,CE,MANKIND26MAR2000CE,0.0,0.0,0.0,118.7,118.7,118.7,2075.6,124.7,225,0,0,0.0,0,F1,225,,,,,
2026-02-18,2026-02-18,FO,NSE,STO,134992,,MANKIND,,2026-02-24,2026-02-24,2240.0,CE,MANKIND26FEB2240CE,1.9,2.0,1.25,1.45,1.4,2.15,2075.6,1.45,38025,5850,122,61529231.25,99,F1,225,,,,,
2026-02-18,2026-02-18,FO,NSE,STO,139440,,MANKIND,,2026-04-28,2026-04-28,2120.0,PE,MANKIND26APR2120PE,0.0,0.0,0.0,131.75,0.0,131.75,2075.6,109.65,0,0,0,0.0,0,F1,225,,,,,
2026-02-18,2026-02-18,FO,NSE,STO,139465,,MANKIND,,2026-04-28,2026-04-28,2440.0,PE,MANKIND26APR2440PE,0.0,0.0,0.0,348.6,0.0,348.6,2075.6,351.55,0,0,0,0.0,0,F1,225,,,,,
2026-02-18,2026-02-18,FO,NSE,STO,139430,,MANKIND,,2026-04-28,2026-04-28,1960.0,PE,MANKIND26APR1960PE,0.0,0.0,0.0,64.0,0.0,64.0,2075.6,41.5,0,0,0,0.0,0,F1,225,,,,,
2026-02-18,2026-02-18,FO,NSE,STO,139420,,MANKIND,,2026-04-28,2026-04-28,1760.0,PE,MANKIND26APR1760PE,0.0,0.0,0.0,18.55,0.0,18.55,2075.6,6.7,0,0,0,0.0,0,F1,225,,,,,
2026-02-18,2026-02-18,FO,NSE,STO,139094,,MANKIND,,2026-03-30,2026-03-30,2060.0,PE,MANKIND26MAR2060PE,63.0,70.0,63.0,64.75,64.75,60.0,2075.6,64.75,1350,900,6,2870325.0,6,F1,225,,,,,
2026-02-18,2026-02-18,FO,NSE,STO,135456,,MANKIND,,2026-03-30,2026-03-30,2040.0,PE,MANKIND26MAR2040PE,52.0,54.0,52.0,53.6,53.6,54.0,2075.6,51.9,2250,1125,7,3296340.0,7,F1,225,,,,,
2026-02-18,2026-02-18,FO,NSE,STO,139086,,MANKIND,,2026-03-30,2026-03-30,1900.0,PE,MANKIND26MAR1900PE,15.0,15.0,15.0,15.0,15.0,27.15,2075.6,15.0,675,225,1,430875.0,1,F1,225,,,,,
2026-02-18,2026-02-18,FO,NSE,STO,116567,,MANKIND,,2026-02-24,2026-02-24,2600.0,PE,MANKIND26FEB2600PE,0.0,0.0,0.0,485.0,485.0,485.0,2075.6,522.05,450,0,0,0.0,0,F1,225,,,,,
2026-02-18,2026-02-18,FO,NSE,STO,134991,,MANKIND,,2026-02-24,2026-02-24,2220.0,PE,MANKIND26FEB2220PE,0.0,0.0,0.0,105.45,105.45,105.45,2075.6,143.2,0,0,0,0.0,0,F1,225,,,,,
2026-02-18,2026-02-18,FO,NSE,STO,134971,,MANKIND,,2026-02-24,2026-02-24,2040.0,PE,MANKIND26FEB2040PE,16.5,19.0,7.3,7.8,7.3,14.05,2075.6,7.8,28575,-17550,172,79456353.75,127,F1,225,,,,,
2026-02-18,2026-02-18,FO,NSE,STO,134965,,MANKIND,,2026-02-24,2026-02-24,1960.0,PE,MANKIND26FEB1960PE,2.6,2.65,0.85,1.05,0.85,2.4,2075.6,1.05,32625,-1125,95,41933171.25,93,F1,225,,,,,
2026-02-18,2026-02-18,FO,NSE,STO,116553,,MANKIND,,2026-02-24,2026-02-24,1900.0,PE,MANKIND26FEB1900PE,1.2,1.65,0.35,0.7,0.35,1.55,2075.6,0.7,51075,-4725,1464,626295858.75,960,F1,225,,,,,
2026-02-18,2026-02-18,FO,NSE,STO,134957,,MANKIND,,2026-02-24,2026-02-24,1860.0,PE,MANKIND26FEB1860PE,1.4,1.4,1.4,1.4,1.4,4.3,2075.6,0.05,900,0,1,418815.0,1,F1,225,,,,,
2026-02-18,2026-02-18,FO,NSE,STO,139096,,MANKIND,,2026-03-30,2026-03-30,2100.0,PE,MANKIND26MAR2100PE,82.0,82.0,79.3,79.95,80.5,85.0,2075.6,79.95,1575,900,4,1962405.0,4,F1,225,,,,,
2026-02-18,2026-02-18,FO,NSE,STO,135474,,MANKIND,,2026-03-30,2026-03-30,2360.0,PE,MANKIND26MAR2360PE,0.0,0.0,0.0,243.6,243.6,243.6,2075.6,278.05,1575,0,0,0.0,0,F1,225,,,,,
2026-02-18,2026-02-18,FO,NSE,STO,135484,,MANKIND,,2026-03-30,2026-03-30,2480.0,PE,MANKIND26MAR2480PE,400.0,403.0,400.0,403.0,403.0,334.9,2075.6,391.65,450,450,2,1296675.0,2,F1,225,,,,,
2026-02-18,2026-02-18,FO,NSE,STO,139426,,MANKIND,,2026-04-28,2026-04-28,1880.0,PE,MANKIND26APR1880PE,0.0,0.0,0.0,41.1,0.0,41.1,2075.6,22.0,0,0,0,0.0,0,F1,225,,,,,
2026-02-18,2026-02-18,FO,NSE,STO,139448,,MANKIND,,2026-04-28,2026-04-28,2160.0,PE,MANKIND26APR2160PE,0.0,0.0,0.0,153.3,0.0,153.3,2075.6,133.05,0,0,0,0.0,0,F1,225,,,,,
2026-02-18,2026-02-18,FO,NSE,STO,134999,,MANKIND,,2026-02-24,2026-02-24,2280.0,PE,MANKIND26FEB2280PE,0.0,0.0,0.0,171.6,0.0,171.6,2075.6,202.45,0,0,0,0.0,0,F1,225,,,,,
2026-02-18,2026-02-18,FO,NSE,STO,134972,,MANKIND,,2026-02-24,2026-02-24,2060.0,CE,MANKIND26FEB2060CE,31.0,36.15,19.35,34.6,33.9,31.05,2075.6,34.6,85500,51750,1194,560356616.25,665,F1,225,,,,,
2026-02-18,2026-02-18,FO,NSE,STO,139439,,MANKIND,,2026-04-28,2026-04-28,2120.0,CE,MANKIND26APR2120CE,0.0,0.0,0.0,138.4,0.0,138.4,2075.6,87.15,0,0,0,0.0,0,F1,225,,,,,
2026-02-18,2026-02-18,FO,NSE,STO,139294,,MANKIND,,2026-03-30,2026-03-30,2460.0,CE,MANKIND26MAR2460CE,0.0,0.0,0.0,19.8,0.0,19.8,2075.6,2.7,0,0,0,0.0,0,F1,225,,,,,
2026-02-18,2026-02-18,FO,NSE,STO,139083,,MANKIND,,2026-03-30,2026-03-30,1860.0,CE,MANKIND26MAR1860CE,0.0,0.0,0.0,300.55,300.55,300.55,2075.6,234.95,225,0,0,0.0,0,F1,225,,,,,
2026-02-18,2026-02-18,FO,NSE,STO,135008,,MANKIND,,2026-02-24,2026-02-24,2360.0,CE,MANKIND26FEB2360CE,0.7,0.75,0.5,0.65,0.65,0.8,2075.6,0.65,13050,-6525,42,22308052.5,25,F1,225,,,,,
2026-02-18,2026-02-18,FO,NSE,STO,116563,,MANKIND,,2026-02-24,2026-02-24,2400.0,PE,MANKIND26FEB2400PE,342.0,346.7,331.0,334.0,334.0,312.0,2075.6,322.25,6300,-900,4,2464582.5,4,F1,225,,,,,
2026-02-18,2026-02-18,FO,NSE,STO,134959,,MANKIND,,2026-02-24,2026-02-24,1880.0,PE,MANKIND26FEB1880PE,1.5,1.55,1.15,1.2,1.2,1.7,2075.6,0.05,21150,0,19,8042580.0,16,F1,225,,,,,
2026-02-18,2026-02-18,FO,NSE,STO,139449,,MANKIND,,2026-04-28,2026-04-28,2200.0,CE,MANKIND26APR2200CE,0.0,0.0,0.0,104.55,0.0,104.55,2075.6,57.15,0,0,0,0.0,0,F1,225,,,,,
2026-02-18,2026-02-18,FO,NSE,STO,139435,,MANKIND,,2026-04-28,2026-04-28,2080.0,CE,MANKIND26APR2080CE,0.0,0.0,0.0,158.1,0.0,158.1,2075.6,105.85,0,0,0,0.0,0,F1,225,,,,,
2026-02-18,2026-02-18,FO,NSE,STO,139240,,MANKIND,,2026-03-30,2026-03-30,2340.0,CE,MANKIND26MAR2340CE,0.0,0.0,0.0,17.6,17.6,17.6,2075.6,9.55,225,0,0,0.0,0,F1,225,,,,,
2026-02-18,2026-02-18,FO,NSE,STO,135469,,MANKIND,,2026-03-30,2026-03-30,2320.0,CE,MANKIND26MAR2320CE,0.0,0.0,0.0,22.3,22.2,22.3,2075.6,11.6,675,0,0,0.0,0,F1,225,,,,,
2026-02-18,2026-02-18,FO,NSE,STO,135465,,MANKIND,,2026-03-30,2026-03-30,2240.0,CE,MANKIND26MAR2240CE,0.0,0.0,0.0,25.0,25.0,25.0,2075.6,23.85,1800,0,0,0.0,0,F1,225,,,,,
2026-02-18,2026-02-18,FO,NSE,STO,135461,,MANKIND,,2026-03-30,2026-03-30,2160.0,CE,MANKIND26MAR2160CE,0.0,0.0,0.0,59.3,59.3,59.3,2075.6,45.1,2025,0,0,0.0,0,F1,225,,,,,
2026-02-18,2026-02-18,FO,NSE,STO,135168,,MANKIND,,2026-02-24,2026-02-24,2480.0,CE,MANKIND26FEB2480CE,0.0,0.0,0.0,21.7,0.0,21.7,2075.6,0.05,0,0,0,0.0,0,F1,225,,,,,
2026-02-18,2026-02-18,FO,NSE,STO,134966,,MANKIND,,2026-02-24,2026-02-24,1980.0,CE,MANKIND26FEB1980CE,0.0,0.0,0.0,107.3,107.3,107.3,2075.6,100.05,900,0,0,0.0,0,F1,225,,,,,
2026-02-18,2026-02-18,FO,NSE,STO,116554,,MANKIND,,2026-02-24,2026-02-24,2000.0,CE,MANKIND26FEB2000CE,65.05,85.4,60.0,83.45,83.15,87.75,2075.6,83.45,11700,-1800,29,13513207.5,28,F1,225,,,,,
2026-02-18,2026-02-18,FO,NSE,STO,134974,,MANKIND,,2026-02-24,2026-02-24,2080.0,CE,MANKIND26FEB2080CE,18.95,24.9,11.95,23.35,23.0,21.05,2075.6,23.35,66600,-34875,718,339090806.25,501,F1,225,,,,,
2026-02-18,2026-02-18,FO,NSE,STO,135003,,MANKIND,,2026-02-24,2026-02-24,2340.0,CE,MANKIND26FEB2340CE,1.2,1.2,0.3,0.3,0.3,1.55,2075.6,0.3,17550,-1350,18,9480566.25,13,F1,225,,,,,
2026-02-18,2026-02-18,FO,NSE,STO,135018,,MANKIND,,2026-02-24,2026-02-24,2440.0,CE,MANKIND26FEB2440CE,0.15,0.75,0.15,0.75,0.75,1.25,2075.6,0.05,2250,-225,3,1647236.25,2,F1,225,,,,,
2026-02-18,2026-02-18,FO,NSE,STO,134964,,MANKIND,,2026-02-24,2026-02-24,1960.0,CE,MANKIND26FEB1960CE,111.1,111.1,101.6,101.65,101.65,155.0,2075.6,118.75,450,225,4,1857982.5,4,F1,225,,,,,
2026-02-18,2026-02-18,FO,NSE,STO,139434,,MANKIND,,2026-04-28,2026-04-28,2040.0,PE,MANKIND26APR2040PE,0.0,0.0,0.0,94.15,0.0,94.15,2075.6,70.45,0,0,0,0.0,0,F1,225,,,,,
2026-02-18,2026-02-18,FO,NSE,STO,139141,,MANKIND,,2026-03-30,2026-03-30,2180.0,PE,MANKIND26MAR2180PE,0.0,0.0,0.0,147.65,0.0,147.65,2075.6,130.1,0,0,0,0.0,0,F1,225,,,,,
2026-02-18,2026-02-18,FO,NSE,STO,139092,,MANKIND,,2026-03-30,2026-03-30,2020.0,PE,MANKIND26MAR2020PE,0.0,0.0,0.0,75.8,75.8,75.8,2075.6,44.1,450,0,0,0.0,0,F1,225,,,,,
2026-02-18,2026-02-18,FO,NSE,STO,139088,,MANKIND,,2026-03-30,2026-03-30,1940.0,PE,MANKIND26MAR1940PE,20.0,21.3,20.0,20.65,21.3,25.0,2075.6,20.65,1350,225,2,882292.5,2,F1,225,,,,,
2026-02-18,2026-02-18,FO,NSE,STO,135167,,MANKIND,,2026-02-24,2026-02-24,2460.0,PE,MANKIND26FEB2460PE,390.0,390.0,390.0,390.0,390.0,315.0,2075.6,382.2,1800,-675,3,1923750.0,1,F1,225,,,,,
2026-02-18,2026-02-18,FO,NSE,STO,134995,,MANKIND,,2026-02-24,2026-02-24,2260.0,PE,MANKIND26FEB2260PE,0.0,0.0,0.0,123.45,125.4,123.45,2075.6,182.55,900,0,0,0.0,0,F1,225,,,,,
2026-02-18,2026-02-18,FO,NSE,STO,116559,,MANKIND,,2026-02-24,2026-02-24,2200.0,PE,MANKIND26FEB2200PE,150.0,150.0,119.35,119.35,119.35,122.6,2075.6,119.35,18900,-1800,26,13674352.5,26,F1,225,,,,,
2026-02-18,2026-02-18,FO,NSE,STO,116557,,MANKIND,,2026-02-24,2026-02-24,2100.0,PE,MANKIND26FEB2100PE,49.0,57.25,32.8,33.3,33.2,47.75,2075.6,33.3,73575,-9675,68,32846760.0,67,F1,225,,,,,
2026-02-18,2026-02-18,FO,NSE,STO,134983,,MANKIND,,2026-02-24,2026-02-24,2140.0,CE,MANKIND26FEB2140CE,7.25,7.4,4.15,6.95,6.15,6.9,2075.6,6.95,47475,-31500,397,191666790.0,223,F1,225,,,,,
2026-02-18,2026-02-18,FO,NSE,STO,135454,,MANKIND,,2026-03-30,2026-03-30,2000.0,PE,MANKIND26MAR2000PE,39.0,45.0,37.5,38.0,37.5,38.85,2075.6,38.0,5175,2025,21,9641880.0,21,F1,225,,,,,
2026-02-18,2026-02-18,FO,NSE,STO,139090,,MANKIND,,2026-03-30,2026-03-30,1980.0,PE,MANKIND26MAR1980PE,32.75,32.85,32.75,32.85,32.85,32.45,2075.6,30.9,3375,1125,6,2717235.0,2,F1,225,,,,,
2026-02-18,2026-02-18,FO,NSE,STO,135448,,MANKIND,,2026-03-30,2026-03-30,1880.0,PE,MANKIND26MAR1880PE,0.0,0.0,0.0,29.4,0.0,29.4,2075.6,10.5,0,0,0,0.0,0,F1,225,,,,,
2026-02-18,2026-02-18,FO,NSE,STO,116556,,MANKIND,,2026-02-24,2026-02-24,2100.0,CE,MANKIND26FEB2100CE,14.7,16.65,8.4,15.65,14.85,14.8,2075.6,15.65,168750,-38925,755,358859047.5,599,F1,225,,,,,
2026-02-18,2026-02-18,FO,NSE,STO,139084,,MANKIND,,2026-03-30,2026-03-30,1860.0,PE,MANKIND26MAR1860PE,0.0,0.0,0.0,23.4,0.0,23.4,2075.6,8.15,0,0,0,0.0,0,F1,225,,,,,
2026-02-18,2026-02-18,FO,NSE,STO,135011,,MANKIND,,2026-02-24,2026-02-24,2380.0,PE,MANKIND26FEB2380PE,0.0,0.0,0.0,244.1,0.0,244.1,2075.6,302.25,0,0,0,0.0,0,F1,225,,,,,
2026-02-18,2026-02-18,FO,NSE,STO,134987,,MANKIND,,2026-02-24,2026-02-24,2160.0,PE,MANKIND26FEB2160PE,97.75,110.25,83.25,83.25,83.25,109.95,2075.6,83.25,9225,-4050,27,13725495.0,27,F1,225,,,,,
2026-02-18,2026-02-18,FO,NSE,STO,139466,,MANKIND,,2026-04-28,2026-04-28,2480.0,CE,MANKIND26APR2480CE,0.0,0.0,0.0,33.7,0.0,33.7,2075.6,9.25,0,0,0,0.0,0,F1,225,,,,,
2026-02-18,2026-02-18,FO,NSE,STO,139429,,MANKIND,,2026-04-28,2026-04-28,1960.0,CE,MANKIND26APR1960CE,0.0,0.0,0.0,228.2,0.0,228.2,2075.6,177.35,0,0,0,0.0,0,F1,225,,,,,
2026-02-18,2026-02-18,FO,NSE,STO,139419,,MANKIND,,2026-04-28,2026-04-28,1760.0,CE,MANKIND26APR1760CE,0.0,0.0,0.0,379.7,0.0,379.7,2075.6,340.55,0,0,0,0.0,0,F1,225,,,,,
2026-02-18,2026-02-18,FO,NSE,STO,135459,,MANKIND,,2026-03-30,2026-03-30,2120.0,CE,MANKIND26MAR2120CE,0.0,0.0,0.0,56.55,56.55,56.55,2075.6,60.05,1125,0,0,0.0,0,F1,225,,,,,
2026-02-18,2026-02-18,FO,NSE,STO,139091,,MANKIND,,2026-03-30,2026-03-30,2020.0,CE,MANKIND26MAR2020CE,0.0,0.0,0.0,163.4,0.0,163.4,2075.6,111.8,0,0,0,0.0,0,F1,225,,,,,
2026-02-18,2026-02-18,FO,NSE,STO,135441,,MANKIND,,2026-03-30,2026-03-30,1840.0,CE,MANKIND26MAR1840CE,0.0,0.0,0.0,302.9,302.9,302.9,2075.6,252.9,1350,0,0,0.0,0,F1,225,,,,,
2026-02-18,2026-02-18,FO,NSE,STO,135024,,MANKIND,,2026-02-24,2026-02-24,2460.0,CE,MANKIND26FEB2460CE,0.0,0.0,0.0,4.8,4.8,4.8,2075.6,0.05,675,0,0,0.0,0,F1,225,,,,,
2026-02-18,2026-02-18,FO,NSE,STO,135470,,MANKIND,,2026-03-30,2026-03-30,2320.0,PE,MANKIND26MAR2320PE,0.0,0.0,0.0,266.85,266.85,266.85,2075.6,242.05,225,0,0,0.0,0,F1,225,,,,,
2026-02-18,2026-02-18,FO,NSE,STO,139291,,MANKIND,,2026-03-30,2026-03-30,2380.0,PE,MANKIND26MAR2380PE,0.0,0.0,0.0,292.05,0.0,292.05,2075.6,296.5,0,0,0,0.0,0,F1,225,,,,,
2026-02-18,2026-02-18,FO,NSE,STO,139424,,MANKIND,,2026-04-28,2026-04-28,1840.0,PE,MANKIND26APR1840PE,0.0,0.0,0.0,32.1,0.0,32.1,2075.6,15.35,0,0,0,0.0,0,F1,225,,,,,
2026-02-18,2026-02-18,FO,NSE,STO,139432,,MANKIND,,2026-04-28,2026-04-28,2000.0,PE,MANKIND26APR2000PE,0.0,0.0,0.0,78.15,0.0,78.15,2075.6,54.7,0,0,0,0.0,0,F1,225,,,,,
2026-02-18,2026-02-18,FO,NSE,STF,59417,,MANKIND,,2026-02-24,2026-02-24,,,MANKIND26FEBFUT,2074.0,2084.2,2050.8,2081.4,2078.6,2068.3,2075.6,2081.4,2333925,-108900,2615,1216543387.5,2246,F1,225,,,,,
2026-02-18,2026-02-18,FO,NSE,STO,139087,,MANKIND,,2026-03-30,2026-03-30,1940.0,CE,MANKIND26MAR1940CE,0.0,0.0,0.0,228.7,228.7,228.7,2075.6,168.05,2700,0,0,0.0,0,F1,225,,,,,
2026-02-18,2026-02-18,FO,NSE,STO,139085,,MANKIND,,2026-03-30,2026-03-30,1900.0,CE,MANKIND26MAR1900CE,0.0,0.0,0.0,261.8,261.8,261.8,2075.6,200.35,900,0,0,0.0,0,F1,225,,,,,
2026-02-18,2026-02-18,FO,NSE,STO,134958,,MANKIND,,2026-02-24,2026-02-24,1880.0,CE,MANKIND26FEB1880CE,0.0,0.0,0.0,192.2,192.2,192.2,2075.6,197.35,900,0,0,0.0,0,F1,225,,,,,
2026-02-18,2026-02-18,FO,NSE,STO,116550,,MANKIND,,2026-02-24,2026-02-24,1800.0,CE,MANKIND26FEB1800CE,0.0,0.0,0.0,261.55,261.55,261.55,2075.6,277.25,1125,0,0,0.0,0,F1,225,,,,,
2026-02-18,2026-02-18,FO,NSE,STO,135440,,MANKIND,,2026-03-30,2026-03-30,1800.0,PE,MANKIND26MAR1800PE,0.0,0.0,0.0,16.85,0.0,16.85,2075.6,3.5,0,0,0,0.0,0,F1,225,,,,,
2026-02-18,2026-02-18,FO,NSE,STO,135013,,MANKIND,,2026-02-24,2026-02-24,2420.0,PE,MANKIND26FEB2420PE,0.0,0.0,0.0,325.25,325.25,325.25,2075.6,342.2,900,0,0,0.0,0,F1,225,,,,,
2026-02-18,2026-02-18,FO,NSE,STO,116561,,MANKIND,,2026-02-24,2026-02-24,2300.0,PE,MANKIND26FEB2300PE,246.0,246.0,225.3,225.3,225.3,221.3,2075.6,222.35,10800,-225,6,3429967.5,5,F1,225,,,,,
2026-02-18,2026-02-18,FO,NSE,STO,134949,,MANKIND,,2026-02-24,2026-02-24,1760.0,PE,MANKIND26FEB1760PE,0.0,0.0,0.0,0.6,0.6,0.6,2075.6,0.05,5625,0,0,0.0,0,F1,225,,,,,
2026-02-18,2026-02-18,FO,NSE,STO,139460,,MANKIND,,2026-04-28,2026-04-28,2360.0,CE,MANKIND26APR2360CE,0.0,0.0,0.0,56.3,0.0,56.3,2075.6,21.5,0,0,0,0.0,0,F1,225,,,,,
2026-02-18,2026-02-18,FO,NSE,STO,139454,,MANKIND,,2026-04-28,2026-04-28,2240.0,CE,MANKIND26APR2240CE,0.0,0.0,0.0,90.15,0.0,90.15,2075.6,45.5,0,0,0,0.0,0,F1,225,,,,,
2026-02-18,2026-02-18,FO,NSE,STO,135481,,MANKIND,,2026-03-30,2026-03-30,2440.0,CE,MANKIND26MAR2440CE,0.0,0.0,0.0,21.2,21.2,21.2,2075.6,3.35,900,0,0,0.0,0,F1,225,,,,,
2026-02-18,2026-02-18,FO,NSE,STO,139234,,MANKIND,,2026-03-30,2026-03-30,2260.0,PE,MANKIND26MAR2260PE,0.0,0.0,0.0,200.2,0.0,200.2,2075.6,190.9,0,0,0,0.0,0,F1,225,,,,,
2026-02-18,2026-02-18,FO,NSE,STO,139239,,MANKIND,,2026-03-30,2026-03-30,2300.0,PE,MANKIND26MAR2300PE,242.0,248.0,242.0,245.0,245.0,227.0,2075.6,224.6,1350,225,5,2863125.0,3,F1,225,,,,,
2026-02-18,2026-02-18,FO,NSE,STO,135458,,MANKIND,,2026-03-30,2026-03-30,2080.0,PE,MANKIND26MAR2080PE,0.0,0.0,0.0,70.1,70.1,70.1,2075.6,70.1,3825,0,0,0.0,0,F1,225,,,,,
2026-02-18,2026-02-18,FO,NSE,STO,135451,,MANKIND,,2026-03-30,2026-03-30,1960.0,CE,MANKIND26MAR1960CE,0.0,0.0,0.0,221.9,221.9,221.9,2075.6,152.85,450,0,0,0.0,0,F1,225,,,,,
2026-02-18,2026-02-18,FO,NSE,STO,135001,,MANKIND,,2026-02-24,2026-02-24,2320.0,PE,MANKIND26FEB2320PE,0.0,0.0,0.0,199.25,0.0,199.25,2075.6,242.3,0,0,0,0.0,0,F1,225,,,,,
2026-02-18,2026-02-18,FO,NSE,STO,135019,,MANKIND,,2026-02-24,2026-02-24,2440.0,PE,MANKIND26FEB2440PE,372.0,372.0,372.0,372.0,372.0,305.0,2075.6,362.2,225,-225,1,632700.0,1,F1,225,,,,,
2026-02-18,2026-02-18,FO,NSE,STO,135438,,MANKIND,,2026-03-30,2026-03-30,1760.0,PE,MANKIND26MAR1760PE,0.0,0.0,0.0,12.35,0.0,12.35,2075.6,1.85,0,0,0,0.0,0,F1,225,,,,,
2026-02-18,2026-02-18,FO,NSE,STO,135450,,MANKIND,,2026-03-30,2026-03-30,1920.0,PE,MANKIND26MAR1920PE,0.0,0.0,0.0,37.75,0.0,37.75,2075.6,16.75,0,0,0,0.0,0,F1,225,,,,,
2026-02-18,2026-02-18,FO,NSE,STO,139143,,MANKIND,,2026-03-30,2026-03-30,2220.0,PE,MANKIND26MAR2220PE,0.0,0.0,0.0,172.95,0.0,172.95,2075.6,159.25,0,0,0,0.0,0,F1,225,,,,,
2026-02-18,2026-02-18,FO,NSE,STO,135457,,MANKIND,,2026-03-30,2026-03-30,2080.0,CE,MANKIND26MAR2080CE,74.95,76.1,74.95,76.1,76.1,75.0,2075.6,78.2,675,450,2,969986.25,2,F1,225,,,,,
2026-02-18,2026-02-18,FO,NSE,STO,135439,,MANKIND,,2026-03-30,2026-03-30,1800.0,CE,MANKIND26MAR1800CE,0.0,0.0,0.0,396.0,0.0,396.0,2075.6,289.95,0,0,0,0.0,0,F1,225,,,,,
2026-02-18,2026-02-18,FO,NSE,STO,135012,,MANKIND,,2026-02-24,2026-02-24,2420.0,CE,MANKIND26FEB2420CE,0.0,0.0,0.0,6.3,6.3,6.3,2075.6,0.05,900,0,0,0.0,0,F1,225,,,,,
2026-02-18,2026-02-18,FO,NSE,STO,116560,,MANKIND,,2026-02-24,2026-02-24,2300.0,CE,MANKIND26FEB2300CE,1.15,1.25,0.85,1.0,1.0,1.2,2075.6,1.0,158175,-9450,252,130467948.75,188,F1,225,,,,,
2026-02-18,2026-02-18,FO,NSE,STO,116558,,MANKIND,,2026-02-24,2026-02-24,2200.0,CE,MANKIND26FEB2200CE,2.9,2.9,1.8,2.3,2.15,2.9,2075.6,2.3,189000,-24300,404,200179383.75,267,F1,225,,,,,
2026-02-18,2026-02-18,FO,NSE,STO,135482,,MANKIND,,2026-03-30,2026-03-30,2440.0,PE,MANKIND26MAR2440PE,360.0,360.0,360.0,360.0,360.0,303.6,2075.6,353.1,225,225,1,630000.0,1,F1,225,,,,,
2026-02-18,2026-02-18,FO,NSE,STO,139457,,MANKIND,,2026-04-28,2026-04-28,2280.0,PE,MANKIND26APR2280PE,0.0,0.0,0.0,228.25,0.0,228.25,2075.6,216.65,0,0,0,0.0,0,F1,225,,,,,
2026-02-18,2026-02-18,FO,NSE,STO,134970,,MANKIND,,2026-02-24,2026-02-24,2040.0,CE,MANKIND26FEB2040CE,41.15,50.35,31.0,49.75,50.35,42.7,2075.6,49.75,9225,-5175,90,42088027.5,79,F1,225,,,,,
2026-02-18,2026-02-18,FO,NSE,STO,139456,,MANKIND,,2026-04-28,2026-04-28,2280.0,CE,MANKIND26APR2280CE,0.0,0.0,0.0,77.4,0.0,77.4,2075.6,35.8,0,0,0,0.0,0,F1,225,,,,,
2026-02-18,2026-02-18,FO,NSE,STO,134963,,MANKIND,,2026-02-24,2026-02-24,1940.0,PE,MANKIND26FEB1940PE,1.3,1.8,0.9,1.05,1.0,1.95,2075.6,1.05,12375,-900,280,122315085.0,215,F1,225,,,,,
2026-02-18,2026-02-18,FO,NSE,STO,134967,,MANKIND,,2026-02-24,2026-02-24,1980.0,PE,MANKIND26FEB1980PE,3.7,4.05,0.9,1.1,1.3,3.55,2075.6,1.1,81225,-225,188,83876681.25,174,F1,225,,,,,
2026-02-18,2026-02-18,FO,NSE,STO,134977,,MANKIND,,2026-02-24,2026-02-24,2080.0,PE,MANKIND26FEB2080PE,35.85,39.7,20.35,21.55,20.35,32.55,2075.6,21.55,37350,-900,52,24693075.0,51,F1,225,,,,,
2026-02-18,2026-02-18,FO,NSE,STO,134989,,MANKIND,,2026-02-24,2026-02-24,2180.0,PE,MANKIND26FEB2180PE,0.0,0.0,0.0,109.45,109.45,109.45,2075.6,105.2,675,0,0,0.0,0,F1,225,,,,,
2026-02-18,2026-02-18,FO,NSE,STO,135446,,MANKIND,,2026-03-30,2026-03-30,1840.0,PE,MANKIND26MAR1840PE,0.0,0.0,0.0,22.45,0.0,22.45,2075.6,6.25,0,0,0,0.0,0,F1,225,,,,,
2026-02-18,2026-02-18,FO,NSE,STO,139243,,MANKIND,,2026-03-30,2026-03-30,2340.0,PE,MANKIND26MAR2340PE,0.0,0.0,0.0,284.35,284.35,284.35,2075.6,259.9,900,0,0,0.0,0,F1,225,,,,,
2026-02-18,2026-02-18,FO,NSE,STO,134960,,MANKIND,,2026-02-24,2026-02-24,1920.0,CE,MANKIND26FEB1920CE,0.0,0.0,0.0,201.65,201.65,201.65,2075.6,157.6,450,0,0,0.0,0,F1,225,,,,,
2026-02-18,2026-02-18,FO,NSE,STO,135170,,MANKIND,,2026-02-24,2026-02-24,2520.0,CE,MANKIND26FEB2520CE,0.0,0.0,0.0,2.0,2.0,2.0,2075.6,0.05,7200,0,0,0.0,0,F1,225,,,,,
2026-02-18,2026-02-18,FO,NSE,STO,135447,,MANKIND,,2026-03-30,2026-03-30,1880.0,CE,MANKIND26MAR1880CE,0.0,0.0,0.0,288.45,288.45,288.45,2075.6,217.4,675,0,0,0.0,0,F1,225,,,,,
2026-02-18,2026-02-18,FO,NSE,STO,139433,,MANKIND,,2026-04-28,2026-04-28,2040.0,CE,MANKIND26APR2040CE,0.0,0.0,0.0,179.6,0.0,179.6,2075.6,127.15,0,0,0,0.0,0,F1,225,,,,,
2026-02-18,2026-02-18,FO,NSE,STO,116551,,MANKIND,,2026-02-24,2026-02-24,1800.0,PE,MANKIND26FEB1800PE,0.0,0.0,0.0,0.9,0.9,0.9,2075.6,0.05,18900,0,0,0.0,0,F1,225,,,,,
2026-02-18,2026-02-18,FO,NSE,STO,134969,,MANKIND,,2026-02-24,2026-02-24,2020.0,PE,MANKIND26FEB2020PE,9.1,11.3,4.05,4.15,4.25,9.25,2075.6,4.15,56250,-5625,70,31945477.5,59,F1,225,,,,,
2026-02-18,2026-02-18,FO,NSE,STO,134993,,MANKIND,,2026-02-24,2026-02-24,2240.0,PE,MANKIND26FEB2240PE,0.0,0.0,0.0,102.0,102.0,102.0,2075.6,162.8,2475,0,0,0.0,0,F1,225,,,,,
2026-02-18,2026-02-18,FO,NSE,STO,135480,,MANKIND,,2026-03-30,2026-03-30,2400.0,PE,MANKIND26MAR2400PE,333.5,333.5,323.0,324.0,324.0,310.0,2075.6,315.15,3150,225,6,3682912.5,6,F1,225,,,,,
2026-02-18,2026-02-18,FO,NSE,STO,139425,,MANKIND,,2026-04-28,2026-04-28,1880.0,CE,MANKIND26APR1880CE,0.0,0.0,0.0,284.05,0.0,284.05,2075.6,237.05,0,0,0,0.0,0,F1,225,,,,,
2026-02-18,2026-02-18,FO,NSE,STO,139204,,MANKIND,,2026-03-30,2026-03-30,2260.0,CE,MANKIND26MAR2260CE,19.35,19.9,12.4,19.75,19.55,58.05,2075.6,19.75,1575,1575,11,5638837.5,9,F1,225,,,,,
2026-02-18,2026-02-18,FO,NSE,STO,139463,,MANKIND,,2026-04-28,2026-04-28,2400.0,PE,MANKIND26APR2400PE,0.0,0.0,0.0,316.7,0.0,316.7,2075.6,315.95,0,0,0,0.0,0,F1,225,,,,,
2026-02-18,2026-02-18,FO,NSE,STO,134954,,MANKIND,,2026-02-24,2026-02-24,1840.0,CE,MANKIND26FEB1840CE,0.0,0.0,0.0,224.55,224.55,224.55,2075.6,237.25,675,0,0,0.0,0,F1,225,,,,,
2026-02-18,2026-02-18,FO,NSE,STO,134986,,MANKIND,,2026-02-24,2026-02-24,2160.0,CE,MANKIND26FEB2160CE,4.45,5.25,3.2,4.55,4.1,4.95,2075.6,4.55,111825,-10800,297,144625038.75,242,F1,225,,,,,
2026-02-18,2026-02-18,FO,NSE,STO,134988,,MANKIND,,2026-02-24,2026-02-24,2180.0,CE,MANKIND26FEB2180CE,2.75,3.6,2.2,3.15,2.85,3.75,2075.6,3.15,114075,-3375,82,40272277.5,76,F1,225,,,,,
2026-02-18,2026-02-18,FO,NSE,STO,139428,,MANKIND,,2026-04-28,2026-04-28,1920.0,PE,MANKIND26APR1920PE,0.0,0.0,0.0,51.75,0.0,51.75,2075.6,30.65,0,0,0,0.0,0,F1,225,,,,,
2026-02-18,2026-02-18,FO,NSE,STO,141902,,MCX,,2026-04-28,2026-04-28,2160.0,PE,MCX26APR2160PE,0.0,0.0,0.0,91.85,0.0,91.85,2341.3,73.4,0,0,0,0.0,0,F1,625,,,,,
2026-02-18,2026-02-18,FO,NSE,STO,141908,,MCX,,2026-04-28,2026-04-28,2280.0,PE,MCX26APR2280PE,0.0,0.0,0.0,135.55,0.0,135.55,2341.3,119.65,0,0,0,0.0,0,F1,625,,,,,
2026-02-18,2026-02-18,FO,NSE,STO,141924,,MCX,,2026-04-28,2026-04-28,2600.0,PE,MCX26APR2600PE,0.0,0.0,0.0,303.3,0.0,303.3,2341.3,309.85,0,0,0,0.0,0,F1,625,,,,,
2026-02-18,2026-02-18,FO,NSE,STO,141926,,MCX,,2026-04-28,2026-04-28,2640.0,PE,MCX26APR2640PE,0.0,0.0,0.0,329.1,0.0,329.1,2341.3,339.55,0,0,0,0.0,0,F1,625,,,,,
2026-02-18,2026-02-18,FO,NSE,STO,141909,,MCX,,2026-04-28,2026-04-28,2320.0,CE,MCX26APR2320CE,0.0,0.0,0.0,286.05,0.0,286.05,2341.3,183.55,0,0,0,0.0,0,F1,625,,,,,
2026-02-18,2026-02-18,FO,NSE,STO,141895,,MCX,,2026-04-28,2026-04-28,2040.0,CE,MCX26APR2040CE,0.0,0.0,0.0,467.65,0.0,467.65,2341.3,363.25,0,0,0,0.0,0,F1,625,,,,,
2026-02-18,2026-02-18,FO,NSE,STO,141893,,MCX,,2026-04-28,2026-04-28,2000.0,CE,MCX26APR2000CE,0.0,0.0,0.0,498.05,0.0,498.05,2341.3,394.75,0,0,0,0.0,0,F1,625,,,,,
2026-02-18,2026-02-18,FO,NSE,STO,40709,,MCX,,2026-03-30,2026-03-30,3000.0,CE,MCX26MAR3000CE,9.2,9.55,7.0,7.2,7.35,9.65,2341.3,7.2,178125,26250,119,223702281.25,102,F1,625,,,,,
2026-02-18,2026-02-18,FO,NSE,STO,139383,,MCX,,2026-03-30,2026-03-30,2520.0,CE,MCX26MAR2520CE,65.85,66.95,65.85,65.85,65.85,69.1,2341.3,61.85,12500,1250,3,4849156.25,3,F1,625,,,,,
2026-02-18,2026-02-18,FO,NSE,STO,141678,,MCX,,2026-03-30,2026-03-30,2380.0,CE,MCX26MAR2380CE,112.95,121.6,112.35,120.7,120.4,112.0,2341.3,120.7,8750,2500,16,24950437.5,15,F1,625,,,,,
2026-02-18,2026-02-18,FO,NSE,STO,139369,,MCX,,2026-03-30,2026-03-30,2240.0,CE,MCX26MAR2240CE,0.0,0.0,0.0,181.0,181.0,181.0,2341.3,185.95,5000,0,0,0.0,0,F1,625,,,,,
2026-02-18,2026-02-18,FO,NSE,STO,141656,,MCX,,2026-03-30,2026-03-30,1940.0,CE,MCX26MAR1940CE,0.0,0.0,0.0,347.0,347.0,347.0,2341.3,421.65,1250,0,0,0.0,0,F1,625,,,,,
2026-02-18,2026-02-18,FO,NSE,STO,43652,,MCX,,2026-02-24,2026-02-24,2900.0,CE,MCX26FEB2900CE,1.0,1.55,0.45,0.65,0.65,1.3,2341.3,0.65,530625,-113750,630,1142191875.0,466,F1,625,,,,,
2026-02-18,2026-02-18,FO,NSE,STO,49256,,MCX,,2026-02-24,2026-02-24,2880.0,CE,MCX26FEB2880CE,1.05,1.15,0.6,0.75,0.6,1.35,2341.3,0.75,36875,-3750,27,48614093.75,24,F1,625,,,,,
2026-02-18,2026-02-18,FO,NSE,STO,118086,,MCX,,2026-02-24,2026-02-24,2640.0,CE,MCX26FEB2640CE,4.3,4.55,2.3,3.05,2.9,4.3,2341.3,3.05,343750,-10625,463,764777843.75,355,F1,625,,,,,
2026-02-18,2026-02-18,FO,NSE,STO,118076,,MCX,,2026-02-24,2026-02-24,2360.0,CE,MCX26FEB2360CE,39.8,52.0,33.05,48.35,48.2,38.6,2341.3,48.35,431875,-48125,3274,4916475687.5,2962,F1,625,,,,,
2026-02-18,2026-02-18,FO,NSE,STO,118068,,MCX,,2026-02-24,2026-02-24,2200.0,CE,MCX26FEB2200CE,132.0,162.1,122.85,157.75,153.8,122.85,2341.3,157.75,395000,-83750,633,924911156.25,515,F1,625,,,,,
2026-02-18,2026-02-18,FO,NSE,STO,139005,,MCX,,2026-02-24,2026-02-24,2060.0,CE,MCX26FEB2060CE,0.0,0.0,0.0,254.8,254.8,254.8,2341.3,283.35,7500,0,0,0.0,0,F1,625,,,,,
2026-02-18,2026-02-18,FO,NSE,STO,118058,,MCX,,2026-02-24,2026-02-24,2000.0,CE,MCX26FEB2000CE,294.0,330.0,294.0,330.0,330.0,295.65,2341.3,343.15,31875,-1250,4,5773843.75,4,F1,625,,,,,
2026-02-18,2026-02-18,FO,NSE,STO,117991,,MCX,,2026-02-24,2026-02-24,1840.0,CE,MCX26FEB1840CE,0.0,0.0,0.0,1321.1,0.0,1321.1,2341.3,502.95,0,0,0,0.0,0,F1,625,,,,,
2026-02-18,2026-02-18,FO,NSE,STO,141915,,MCX,,2026-04-28,2026-04-28,2440.0,CE,MCX26APR2440CE,0.0,0.0,0.0,225.8,0.0,225.8,2341.3,129.85,0,0,0,0.0,0,F1,625,,,,,
2026-02-18,2026-02-18,FO,NSE,STO,141991,,MCX,,2026-04-28,2026-04-28,2800.0,CE,MCX26APR2800CE,0.0,0.0,0.0,102.4,0.0,102.4,2341.3,38.5,0,0,0,0.0,0,F1,625,,,,,
2026-02-18,2026-02-18,FO,NSE,STO,40550,,MCX,,2026-02-24,2026-02-24,1900.0,PE,MCX26FEB1900PE,1.85,2.65,1.25,1.55,1.85,2.85,2341.3,1.55,184375,-45000,291,345867093.75,168,F1,625,,,,,
2026-02-18,2026-02-18,FO,NSE,STO,118069,,MCX,,2026-02-24,2026-02-24,2200.0,PE,MCX26FEB2200PE,36.15,36.15,9.2,10.85,12.45,34.6,2341.3,10.85,737500,-281250,2977,4125996218.75,2321,F1,625,,,,,
2026-02-18,2026-02-18,FO,NSE,STO,118081,,MCX,,2026-02-24,2026-02-24,2440.0,PE,MCX26FEB2440PE,152.0,152.0,111.85,112.05,112.05,167.7,2341.3,111.35,149375,-1875,51,81944375.0,40,F1,625,,,,,
2026-02-18,2026-02-18,FO,NSE,STO,139223,,MCX,,2026-02-24,2026-02-24,2840.0,PE,MCX26FEB2840PE,0.0,0.0,0.0,3251.75,0.0,3251.75,2341.3,496.15,0,0,0,0.0,0,F1,625,,,,,
2026-02-18,2026-02-18,FO,NSE,STO,39880,,MCX,,2026-02-24,2026-02-24,2860.0,PE,MCX26FEB2860PE,0.0,0.0,0.0,633.3,0.0,633.3,2341.3,516.1,0,0,0,0.0,0,F1,625,,,,,
2026-02-18,2026-02-18,FO,NSE,STO,139227,,MCX,,2026-02-24,2026-02-24,3000.0,PE,MCX26FEB3000PE,0.0,0.0,0.0,4008.0,0.0,4008.0,2341.3,656.0,0,0,0,0.0,0,F1,625,,,,,
2026-02-18,2026-02-18,FO,NSE,STO,139149,,MCX,,2026-02-24,2026-02-24,2460.0,CE,MCX26FEB2460CE,22.8,22.8,11.8,17.45,17.35,16.05,2341.3,17.45,300000,-76875,1432,2215123125.0,1199,F1,625,,,,,
2026-02-18,2026-02-18,FO,NSE,STO,51338,,MCX,,2026-02-24,2026-02-24,2680.0,CE,MCX26FEB2680CE,4.45,4.45,1.9,2.35,2.4,3.6,2341.3,2.35,183125,-31250,206,345345750.0,140,F1,625,,,,,
2026-02-18,2026-02-18,FO,NSE,STO,39879,,MCX,,2026-02-24,2026-02-24,2860.0,CE,MCX26FEB2860CE,1.05,1.15,0.7,0.75,0.7,1.9,2341.3,0.75,47500,-22500,65,116225375.0,55,F1,625,,,,,
2026-02-18,2026-02-18,FO,NSE,STO,139355,,MCX,,2026-03-30,2026-03-30,1960.0,CE,MCX26MAR1960CE,0.0,0.0,0.0,1661.55,0.0,1661.55,2341.3,403.5,0,0,0,0.0,0,F1,625,,,,,
2026-02-18,2026-02-18,FO,NSE,STO,141914,,MCX,,2026-04-28,2026-04-28,2400.0,PE,MCX26APR2400PE,0.0,0.0,0.0,190.0,0.0,190.0,2341.3,180.1,0,0,0,0.0,0,F1,625,,,,,
2026-02-18,2026-02-18,FO,NSE,STO,141910,,MCX,,2026-04-28,2026-04-28,2320.0,PE,MCX26APR2320PE,0.0,0.0,0.0,152.55,0.0,152.55,2341.3,138.25,0,0,0,0.0,0,F1,625,,,,,
2026-02-18,2026-02-18,FO,NSE,STO,141904,,MCX,,2026-04-28,2026-04-28,2200.0,PE,MCX26APR2200PE,0.0,0.0,0.0,105.2,0.0,105.2,2341.3,87.25,0,0,0,0.0,0,F1,625,,,,,
2026-02-18,2026-02-18,FO,NSE,STO,141896,,MCX,,2026-04-28,2026-04-28,2040.0,PE,MCX26APR2040PE,0.0,0.0,0.0,58.4,0.0,58.4,2341.3,40.85,0,0,0,0.0,0,F1,625,,,,,
2026-02-18,2026-02-18,FO,NSE,STO,139374,,MCX,,2026-03-30,2026-03-30,2320.0,PE,MCX26MAR2320PE,120.0,122.0,108.95,110.0,110.0,140.0,2341.3,110.0,6875,6250,16,24320468.75,11,F1,625,,,,,
2026-02-18,2026-02-18,FO,NSE,STO,141675,,MCX,,2026-03-30,2026-03-30,2300.0,PE,MCX26MAR2300PE,145.0,145.0,100.0,101.85,103.5,148.4,2341.3,101.85,320625,209375,775,1173840937.5,619,F1,625,,,,,
2026-02-18,2026-02-18,FO,NSE,STO,37259,,MCX,,2026-02-24,2026-02-24,2520.0,CE,MCX26FEB2520CE,8.0,10.7,6.2,9.45,9.1,9.85,2341.3,9.45,168125,-23125,447,706201218.75,381,F1,625,,,,,
2026-02-18,2026-02-18,FO,NSE,STO,141928,,MCX,,2026-04-28,2026-04-28,2680.0,PE,MCX26APR2680PE,0.0,0.0,0.0,355.85,0.0,355.85,2341.3,370.35,0,0,0,0.0,0,F1,625,,,,,
2026-02-18,2026-02-18,FO,NSE,STF,51978,,MCX,,2026-03-30,2026-03-30,,,MCX26MARFUT,2304.0,2366.8,2304.0,2358.6,2357.0,2301.4,2341.3,2358.6,2263750,810625,3338,4878850312.5,3139,F1,625,,,,,
2026-02-18,2026-02-18,FO,NSE,STO,40545,,MCX,,2026-02-24,2026-02-24,1860.0,CE,MCX26FEB1860CE,0.0,0.0,0.0,675.75,0.0,675.75,2341.3,483.0,0,0,0,0.0,0,F1,625,,,,,
2026-02-18,2026-02-18,FO,NSE,STO,141664,,MCX,,2026-03-30,2026-03-30,2100.0,CE,MCX26MAR2100CE,0.0,0.0,0.0,270.0,270.0,270.0,2341.3,284.7,8750,0,0,0.0,0,F1,625,,,,,
2026-02-18,2026-02-18,FO,NSE,STO,139365,,MCX,,2026-03-30,2026-03-30,2160.0,CE,MCX26MAR2160CE,0.0,0.0,0.0,1089.7,0.0,1089.7,2341.3,239.55,0,0,0,0.0,0,F1,625,,,,,
2026-02-18,2026-02-18,FO,NSE,STO,141668,,MCX,,2026-03-30,2026-03-30,2180.0,CE,MCX26MAR2180CE,0.0,0.0,0.0,332.05,0.0,332.05,2341.3,225.45,0,0,0,0.0,0,F1,625,,,,,
2026-02-18,2026-02-18,FO,NSE,STO,141670,,MCX,,2026-03-30,2026-03-30,2220.0,CE,MCX26MAR2220CE,0.0,0.0,0.0,203.25,203.25,203.25,2341.3,198.6,0,0,0,0.0,0,F1,625,,,,,
2026-02-18,2026-02-18,FO,NSE,STO,141672,,MCX,,2026-03-30,2026-03-30,2260.0,CE,MCX26MAR2260CE,175.0,189.4,175.0,189.0,189.0,169.0,2341.3,173.8,20625,-3125,9,13748281.25,8,F1,625,,,,,
2026-02-18,2026-02-18,FO,NSE,STO,141676,,MCX,,2026-03-30,2026-03-30,2340.0,CE,MCX26MAR2340CE,132.8,144.2,125.7,141.4,141.35,132.65,2341.3,141.4,40000,34375,165,255352437.5,114,F1,625,,,,,
2026-02-18,2026-02-18,FO,NSE,STO,141688,,MCX,,2026-03-30,2026-03-30,2540.0,CE,MCX26MAR2540CE,60.7,62.6,59.15,59.15,59.15,140.45,2341.3,56.45,6875,6875,11,17885937.5,10,F1,625,,,,,
2026-02-18,2026-02-18,FO,NSE,STO,141731,,MCX,,2026-03-30,2026-03-30,2580.0,CE,MCX26MAR2580CE,50.8,55.9,49.75,52.95,51.95,42.75,2341.3,52.95,5000,3750,12,19739062.5,12,F1,625,,,,,
2026-02-18,2026-02-18,FO,NSE,STO,141741,,MCX,,2026-03-30,2026-03-30,2660.0,CE,MCX26MAR2660CE,41.7,41.85,33.5,33.5,33.5,46.35,2341.3,31.55,3125,1250,4,6747250.0,4,F1,625,,,,,
2026-02-18,2026-02-18,FO,NSE,STO,141743,,MCX,,2026-03-30,2026-03-30,2700.0,CE,MCX26MAR2700CE,34.0,34.0,28.25,31.0,30.65,34.65,2341.3,31.0,161875,34375,361,616131062.5,300,F1,625,,,,,
2026-02-18,2026-02-18,FO,NSE,STO,139395,,MCX,,2026-03-30,2026-03-30,2760.0,CE,MCX26MAR2760CE,0.0,0.0,0.0,230.75,0.0,230.75,2341.3,18.6,0,0,0,0.0,0,F1,625,,,,,
2026-02-18,2026-02-18,FO,NSE,STO,141885,,MCX,,2026-04-28,2026-04-28,1840.0,CE,MCX26APR1840CE,0.0,0.0,0.0,629.25,0.0,629.25,2341.3,531.95,0,0,0,0.0,0,F1,625,,,,,
2026-02-18,2026-02-18,FO,NSE,STO,139010,,MCX,,2026-02-24,2026-02-24,2140.0,PE,MCX26FEB2140PE,18.0,18.0,5.0,5.8,6.7,19.95,2341.3,5.8,141875,-23125,469,629678375.0,356,F1,625,,,,,
2026-02-18,2026-02-18,FO,NSE,STO,139023,,MCX,,2026-02-24,2026-02-24,2220.0,PE,MCX26FEB2220PE,32.1,33.45,11.85,13.55,15.25,39.9,2341.3,13.55,133750,-36250,577,807972531.25,518,F1,625,,,,,
2026-02-18,2026-02-18,FO,NSE,STO,118079,,MCX,,2026-02-24,2026-02-24,2400.0,PE,MCX26FEB2400PE,130.0,130.0,81.2,85.75,88.9,137.7,2341.3,85.75,723125,-146875,708,1104939687.5,547,F1,625,,,,,
2026-02-18,2026-02-18,FO,NSE,STO,139362,,MCX,,2026-03-30,2026-03-30,2080.0,PE,MCX26MAR2080PE,0.0,0.0,0.0,63.0,63.0,63.0,2341.3,26.8,625,0,0,0.0,0,F1,625,,,,,
2026-02-18,2026-02-18,FO,NSE,STO,141667,,MCX,,2026-03-30,2026-03-30,2140.0,PE,MCX26MAR2140PE,63.4,63.4,54.45,54.45,54.45,78.85,2341.3,40.0,39375,37500,66,90761718.75,46,F1,625,,,,,
2026-02-18,2026-02-18,FO,NSE,STO,139030,,MCX,,2026-02-24,2026-02-24,2340.0,CE,MCX26FEB2340CE,41.15,61.5,40.9,58.2,57.15,45.75,2341.3,58.2,467500,-76875,3267,4882432156.25,2882,F1,625,,,,,
2026-02-18,2026-02-18,FO,NSE,STO,139222,,MCX,,2026-02-24,2026-02-24,2840.0,CE,MCX26FEB2840CE,1.05,1.3,0.8,0.9,0.85,1.65,2341.3,0.9,80625,-6250,95,168685125.0,83,F1,625,,,,,
2026-02-18,2026-02-18,FO,NSE,STO,139347,,MCX,,2026-03-30,2026-03-30,1800.0,CE,MCX26MAR1800CE,0.0,0.0,0.0,2236.25,0.0,2236.25,2341.3,554.15,0,0,0,0.0,0,F1,625,,,,,
2026-02-18,2026-02-18,FO,NSE,STO,139361,,MCX,,2026-03-30,2026-03-30,2080.0,CE,MCX26MAR2080CE,0.0,0.0,0.0,1298.5,0.0,1298.5,2341.3,300.6,0,0,0,0.0,0,F1,625,,,,,
2026-02-18,2026-02-18,FO,NSE,STO,141749,,MCX,,2026-03-30,2026-03-30,2820.0,CE,MCX26MAR2820CE,17.0,17.85,17.0,17.4,17.3,62.35,2341.3,17.4,8125,8125,18,31920906.25,14,F1,625,,,,,
2026-02-18,2026-02-18,FO,NSE,STO,141891,,MCX,,2026-04-28,2026-04-28,1960.0,CE,MCX26APR1960CE,0.0,0.0,0.0,529.5,0.0,529.5,2341.3,427.45,0,0,0,0.0,0,F1,625,,,,,
2026-02-18,2026-02-18,FO,NSE,STO,141897,,MCX,,2026-04-28,2026-04-28,2080.0,CE,MCX26APR2080CE,0.0,0.0,0.0,438.4,0.0,438.4,2341.3,333.05,0,0,0,0.0,0,F1,625,,,,,
2026-02-18,2026-02-18,FO,NSE,STO,141903,,MCX,,2026-04-28,2026-04-28,2200.0,CE,MCX26APR2200CE,0.0,0.0,0.0,356.9,0.0,356.9,2341.3,251.3,0,0,0,0.0,0,F1,625,,,,,
2026-02-18,2026-02-18,FO,NSE,STO,141917,,MCX,,2026-04-28,2026-04-28,2480.0,CE,MCX26APR2480CE,0.0,0.0,0.0,208.05,0.0,208.05,2341.3,114.9,0,0,0,0.0,0,F1,625,,,,,
2026-02-18,2026-02-18,FO,NSE,STO,141929,,MCX,,2026-04-28,2026-04-28,2720.0,CE,MCX26APR2720CE,0.0,0.0,0.0,123.2,0.0,123.2,2341.3,51.55,0,0,0,0.0,0,F1,625,,,,,
2026-02-18,2026-02-18,FO,NSE,STO,141995,,MCX,,2026-04-28,2026-04-28,2880.0,CE,MCX26APR2880CE,0.0,0.0,0.0,84.7,0.0,84.7,2341.3,28.45,0,0,0,0.0,0,F1,625,,,,,
2026-02-18,2026-02-18,FO,NSE,STO,117990,,MCX,,2026-02-24,2026-02-24,1800.0,PE,MCX26FEB1800PE,0.85,0.85,0.5,0.55,0.55,1.05,2341.3,0.55,321250,1250,209,235208156.25,135,F1,625,,,,,
2026-02-18,2026-02-18,FO,NSE,STO,117992,,MCX,,2026-02-24,2026-02-24,1840.0,PE,MCX26FEB1840PE,0.0,0.0,0.0,2.25,2.25,2.25,2341.3,0.05,23125,0,0,0.0,0,F1,625,,,,,
2026-02-18,2026-02-18,FO,NSE,STO,139209,,MCX,,2026-02-24,2026-02-24,2580.0,PE,MCX26FEB2580PE,0.0,0.0,0.0,268.85,268.85,268.85,2341.3,237.8,53750,0,0,0.0,0,F1,625,,,,,
2026-02-18,2026-02-18,FO,NSE,STO,139219,,MCX,,2026-02-24,2026-02-24,2760.0,PE,MCX26FEB2760PE,0.0,0.0,0.0,327.6,327.6,327.6,2341.3,416.25,10625,0,0,0.0,0,F1,625,,,,,
2026-02-18,2026-02-18,FO,NSE,STO,139352,,MCX,,2026-03-30,2026-03-30,1880.0,PE,MCX26MAR1880PE,12.5,12.5,12.5,12.5,12.5,18.4,2341.3,4.9,5625,0,1,1182812.5,1,F1,625,,,,,
2026-02-18,2026-02-18,FO,NSE,STO,141661,,MCX,,2026-03-30,2026-03-30,2020.0,PE,MCX26MAR2020PE,0.0,0.0,0.0,33.4,0.0,33.4,2341.3,17.15,0,0,0,0.0,0,F1,625,,,,,
2026-02-18,2026-02-18,FO,NSE,STO,141822,,MCX,,2026-03-30,2026-03-30,2900.0,PE,MCX26MAR2900PE,0.0,0.0,0.0,500.1,0.0,500.1,2341.3,549.65,0,0,0,0.0,0,F1,625,,,,,
2026-02-18,2026-02-18,FO,NSE,STO,40710,,MCX,,2026-03-30,2026-03-30,3000.0,PE,MCX26MAR3000PE,0.0,0.0,0.0,687.4,0.0,687.4,2341.3,645.2,0,0,0,0.0,0,F1,625,,,,,
2026-02-18,2026-02-18,FO,NSE,STO,141918,,MCX,,2026-04-28,2026-04-28,2480.0,PE,MCX26APR2480PE,0.0,0.0,0.0,232.05,0.0,232.05,2341.3,227.95,0,0,0,0.0,0,F1,625,,,,,
2026-02-18,2026-02-18,FO,NSE,STO,141998,,MCX,,2026-04-28,2026-04-28,2920.0,PE,MCX26APR2920PE,0.0,0.0,0.0,534.15,0.0,534.15,2341.3,572.85,0,0,0,0.0,0,F1,625,,,,,
2026-02-18,2026-02-18,FO,NSE,STO,139007,,MCX,,2026-02-24,2026-02-24,2100.0,CE,MCX26FEB2100CE,224.5,255.0,224.0,248.1,248.1,203.2,2341.3,248.1,82500,-7500,43,63033093.75,28,F1,625,,,,,
2026-02-18,2026-02-18,FO,NSE,STO,118064,,MCX,,2026-02-24,2026-02-24,2120.0,CE,MCX26FEB2120CE,0.0,0.0,0.0,242.1,242.1,242.1,2341.3,224.3,38125,0,0,0.0,0,F1,625,,,,,
2026-02-18,2026-02-18,FO,NSE,STO,139034,,MCX,,2026-02-24,2026-02-24,2420.0,CE,MCX26FEB2420CE,20.3,29.25,18.3,26.5,25.85,22.75,2341.3,26.5,307500,-10625,1215,1854604000.0,1033,F1,625,,,,,
2026-02-18,2026-02-18,FO,NSE,STO,139032,,MCX,,2026-02-24,2026-02-24,2380.0,CE,MCX26FEB2380CE,32.55,43.35,27.55,40.1,39.9,32.35,2341.3,40.1,504375,-5000,1505,2271268531.25,1369,F1,625,,,,,
2026-02-18,2026-02-18,FO,NSE,STO,139214,,MCX,,2026-02-24,2026-02-24,2700.0,CE,MCX26FEB2700CE,3.25,3.3,1.5,2.05,2.15,3.3,2341.3,2.05,1129375,-256250,2118,3576855843.75,1388,F1,625,,,,,
2026-02-18,2026-02-18,FO,NSE,STO,117989,,MCX,,2026-02-24,2026-02-24,1800.0,CE,MCX26FEB1800CE,0.0,0.0,0.0,1443.35,0.0,1443.35,2341.3,542.95,0,0,0,0.0,0,F1,625,,,,,
2026-02-18,2026-02-18,FO,NSE,STF,59422,,MCX,,2026-02-24,2026-02-24,,,MCX26FEBFUT,2284.9,2353.9,2284.9,2346.4,2343.1,2288.8,2341.3,2346.4,12658125,30000,6871,9979220687.5,6194,F1,625,,,,,
2026-02-18,2026-02-18,FO,NSE,STO,141996,,MCX,,2026-04-28,2026-04-28,2880.0,PE,MCX26APR2880PE,0.0,0.0,0.0,502.6,0.0,502.6,2341.3,537.35,0,0,0,0.0,0,F1,625,,,,,
2026-02-18,2026-02-18,FO,NSE,STO,141992,,MCX,,2026-04-28,2026-04-28,2800.0,PE,MCX26APR2800PE,0.0,0.0,0.0,441.55,0.0,441.55,2341.3,468.25,0,0,0,0.0,0,F1,625,,,,,
2026-02-18,2026-02-18,FO,NSE,STO,139396,,MCX,,2026-03-30,2026-03-30,2760.0,PE,MCX26MAR2760PE,0.0,0.0,0.0,2937.45,0.0,2937.45,2341.3,420.7,0,0,0,0.0,0,F1,625,,,,,
2026-02-18,2026-02-18,FO,NSE,STO,139382,,MCX,,2026-03-30,2026-03-30,2480.0,PE,MCX26MAR2480PE,0.0,0.0,0.0,1826.3,0.0,1826.3,2341.3,197.65,0,0,0,0.0,0,F1,625,,,,,
2026-02-18,2026-02-18,FO,NSE,STO,139364,,MCX,,2026-03-30,2026-03-30,2120.0,PE,MCX26MAR2120PE,0.0,0.0,0.0,744.85,0.0,744.85,2341.3,35.2,0,0,0,0.0,0,F1,625,,,,,
2026-02-18,2026-02-18,FO,NSE,STO,141674,,MCX,,2026-03-30,2026-03-30,2300.0,CE,MCX26MAR2300CE,159.0,167.3,144.1,162.3,162.0,151.4,2341.3,162.3,246875,18750,538,825355750.0,506,F1,625,,,,,
2026-02-18,2026-02-18,FO,NSE,STO,139205,,MCX,,2026-02-24,2026-02-24,2500.0,PE,MCX26FEB2500PE,206.85,209.6,160.15,165.5,167.5,220.85,2341.3,165.5,590625,-101250,240,401279156.25,173,F1,625,,,,,
2026-02-18,2026-02-18,FO,NSE,STO,37260,,MCX,,2026-02-24,2026-02-24,2520.0,PE,MCX26FEB2520PE,0.0,0.0,0.0,241.85,241.85,241.85,2341.3,180.75,118125,0,0,0.0,0,F1,625,,,,,
2026-02-18,2026-02-18,FO,NSE,STO,118087,,MCX,,2026-02-24,2026-02-24,2640.0,PE,MCX26FEB2640PE,0.0,0.0,0.0,208.0,208.0,208.0,2341.3,296.75,70000,0,0,0.0,0,F1,625,,,,,
2026-02-18,2026-02-18,FO,NSE,STO,51339,,MCX,,2026-02-24,2026-02-24,2680.0,PE,MCX26FEB2680PE,0.0,0.0,0.0,342.0,342.0,342.0,2341.3,336.45,83125,0,0,0.0,0,F1,625,,,,,
2026-02-18,2026-02-18,FO,NSE,STO,139217,,MCX,,2026-02-24,2026-02-24,2740.0,PE,MCX26FEB2740PE,0.0,0.0,0.0,458.3,458.3,458.3,2341.3,396.25,7500,0,0,0.0,0,F1,625,,,,,
2026-02-18,2026-02-18,FO,NSE,STO,139225,,MCX,,2026-02-24,2026-02-24,2920.0,PE,MCX26FEB2920PE,0.0,0.0,0.0,3626.95,0.0,3626.95,2341.3,576.05,0,0,0,0.0,0,F1,625,,,,,
2026-02-18,2026-02-18,FO,NSE,STO,139350,,MCX,,2026-03-30,2026-03-30,1840.0,PE,MCX26MAR1840PE,15.05,15.25,9.65,10.0,10.0,18.0,2341.3,3.2,19375,-2500,12,13897781.25,11,F1,625,,,,,
2026-02-18,2026-02-18,FO,NSE,STO,139354,,MCX,,2026-03-30,2026-03-30,1920.0,PE,MCX26MAR1920PE,16.0,16.0,15.45,15.75,15.45,28.5,2341.3,15.75,6875,625,3,3629656.25,3,F1,625,,,,,
2026-02-18,2026-02-18,FO,NSE,STO,139358,,MCX,,2026-03-30,2026-03-30,2000.0,PE,MCX26MAR2000PE,42.0,42.0,24.0,24.9,25.6,44.15,2341.3,24.9,309375,48750,521,661183437.5,427,F1,625,,,,,
2026-02-18,2026-02-18,FO,NSE,STO,141673,,MCX,,2026-03-30,2026-03-30,2260.0,PE,MCX26MAR2260PE,114.25,115.35,84.2,86.1,87.0,129.0,2341.3,86.1,18125,-3750,65,95895625.0,53,F1,625,,,,,
2026-02-18,2026-02-18,FO,NSE,STO,139029,,MCX,,2026-02-24,2026-02-24,2300.0,PE,MCX26FEB2300PE,76.2,76.2,30.8,33.55,35.15,73.2,2341.3,33.55,713750,-107500,4191,6149792093.75,3350,F1,625,,,,,
2026-02-18,2026-02-18,FO,NSE,STO,141681,,MCX,,2026-03-30,2026-03-30,2420.0,PE,MCX26MAR2420PE,0.0,0.0,0.0,168.4,0.0,168.4,2341.3,159.35,0,0,0,0.0,0,F1,625,,,,,
2026-02-18,2026-02-18,FO,NSE,STO,139384,,MCX,,2026-03-30,2026-03-30,2520.0,PE,MCX26MAR2520PE,0.0,0.0,0.0,241.7,241.7,241.7,2341.3,225.4,1250,0,0,0.0,0,F1,625,,,,,
2026-02-18,2026-02-18,FO,NSE,STO,141742,,MCX,,2026-03-30,2026-03-30,2660.0,PE,MCX26MAR2660PE,0.0,0.0,0.0,314.7,0.0,314.7,2341.3,334.25,0,0,0,0.0,0,F1,625,,,,,
2026-02-18,2026-02-18,FO,NSE,STO,118031,,MCX,,2026-02-24,2026-02-24,1920.0,CE,MCX26FEB1920CE,0.0,0.0,0.0,410.0,410.0,410.0,2341.3,423.05,2500,0,0,0.0,0,F1,625,,,,,
2026-02-18,2026-02-18,FO,NSE,STO,138999,,MCX,,2026-02-24,2026-02-24,1940.0,CE,MCX26FEB1940CE,0.0,0.0,0.0,270.55,270.55,270.55,2341.3,403.05,625,0,0,0.0,0,F1,625,,,,,
2026-02-18,2026-02-18,FO,NSE,STO,118070,,MCX,,2026-02-24,2026-02-24,2240.0,CE,MCX26FEB2240CE,100.0,126.85,94.05,124.75,123.0,96.25,2341.3,124.75,175000,-1875,108,158374593.75,104,F1,625,,,,,
2026-02-18,2026-02-18,FO,NSE,STO,118078,,MCX,,2026-02-24,2026-02-24,2400.0,CE,MCX26FEB2400CE,27.0,35.85,20.05,33.15,32.0,26.95,2341.3,33.15,1906250,-386250,7669,11637367843.75,6335,F1,625,,,,,
2026-02-18,2026-02-18,FO,NSE,STO,118084,,MCX,,2026-02-24,2026-02-24,2560.0,CE,MCX26FEB2560CE,6.95,7.1,4.3,6.45,6.3,7.3,2341.3,6.45,257500,-65000,795,1274677093.75,607,F1,625,,,,,
2026-02-18,2026-02-18,FO,NSE,STO,139212,,MCX,,2026-02-24,2026-02-24,2660.0,CE,MCX26FEB2660CE,3.0,3.25,2.1,2.55,2.5,4.0,2341.3,2.55,109375,-6250,90,149760718.75,68,F1,625,,,,,
2026-02-18,2026-02-18,FO,NSE,STO,139373,,MCX,,2026-03-30,2026-03-30,2320.0,CE,MCX26MAR2320CE,146.65,155.95,135.0,153.8,153.0,141.65,2341.3,153.8,35625,-23125,133,205279218.75,92,F1,625,,,,,
2026-02-18,2026-02-18,FO,NSE,STO,139393,,MCX,,2026-03-30,2026-03-30,2720.0,CE,MCX26MAR2720CE,0.0,0.0,0.0,258.8,0.0,258.8,2341.3,23.05,0,0,0,0.0,0,F1,625,,,,,
2026-02-18,2026-02-18,FO,NSE,STO,36158,,MCX,,2026-03-30,2026-03-30,2840.0,CE,MCX26MAR2840CE,0.0,0.0,0.0,45.0,45.0,45.0,2341.3,11.85,1250,0,0,0.0,0,F1,625,,,,,
2026-02-18,2026-02-18,FO,NSE,STO,141739,,MCX,,2026-03-30,2026-03-30,2620.0,CE,MCX26MAR2620CE,0.0,0.0,0.0,36.4,36.4,36.4,2341.3,38.55,1250,0,0,0.0,0,F1,625,,,,,
2026-02-18,2026-02-18,FO,NSE,STO,139385,,MCX,,2026-03-30,2026-03-30,2560.0,CE,MCX26MAR2560CE,56.5,60.25,55.7,60.25,60.25,62.1,2341.3,51.4,6875,1875,9,14724281.25,8,F1,625,,,,,
2026-02-18,2026-02-18,FO,NSE,STO,139363,,MCX,,2026-03-30,2026-03-30,2120.0,CE,MCX26MAR2120CE,0.0,0.0,0.0,285.0,285.0,285.0,2341.3,269.2,1875,0,0,0.0,0,F1,625,,,,,
2026-02-18,2026-02-18,FO,NSE,STO,141660,,MCX,,2026-03-30,2026-03-30,2020.0,CE,MCX26MAR2020CE,0.0,0.0,0.0,452.55,0.0,452.55,2341.3,350.6,0,0,0,0.0,0,F1,625,,,,,
2026-02-18,2026-02-18,FO,NSE,STO,118074,,MCX,,2026-02-24,2026-02-24,2320.0,CE,MCX26FEB2320CE,53.95,72.9,50.0,68.8,67.2,53.85,2341.3,68.8,333125,-6250,3260,4847228687.5,2864,F1,625,,,,,
2026-02-18,2026-02-18,FO,NSE,STO,139026,,MCX,,2026-02-24,2026-02-24,2300.0,CE,MCX26FEB2300CE,58.0,84.5,50.9,80.05,78.65,62.8,2341.3,80.05,888750,-223750,5926,8776967000.0,5253,F1,625,,,,,
2026-02-18,2026-02-18,FO,NSE,STO,118066,,MCX,,2026-02-24,2026-02-24,2160.0,CE,MCX26FEB2160CE,0.0,0.0,0.0,153.8,153.8,153.8,2341.3,185.95,123125,0,0,0.0,0,F1,625,,,,,
2026-02-18,2026-02-18,FO,NSE,STO,141989,,MCX,,2026-04-28,2026-04-28,2760.0,CE,MCX26APR2760CE,0.0,0.0,0.0,112.3,0.0,112.3,2341.3,44.6,0,0,0,0.0,0,F1,625,,,,,
2026-02-18,2026-02-18,FO,NSE,STO,141887,,MCX,,2026-04-28,2026-04-28,1880.0,CE,MCX26APR1880CE,0.0,0.0,0.0,595.15,0.0,595.15,2341.3,496.2,0,0,0,0.0,0,F1,625,,,,,
2026-02-18,2026-02-18,FO,NSE,STO,141916,,MCX,,2026-04-28,2026-04-28,2440.0,PE,MCX26APR2440PE,0.0,0.0,0.0,210.45,0.0,210.45,2341.3,203.3,0,0,0,0.0,0,F1,625,,,,,
2026-02-18,2026-02-18,FO,NSE,STO,141898,,MCX,,2026-04-28,2026-04-28,2080.0,PE,MCX26APR2080PE,0.0,0.0,0.0,68.55,0.0,68.55,2341.3,50.25,0,0,0,0.0,0,F1,625,,,,,
2026-02-18,2026-02-18,FO,NSE,STO,36159,,MCX,,2026-03-30,2026-03-30,2840.0,PE,MCX26MAR2840PE,0.0,0.0,0.0,3076.05,0.0,3076.05,2341.3,493.5,0,0,0,0.0,0,F1,625,,,,,
2026-02-18,2026-02-18,FO,NSE,STO,139380,,MCX,,2026-03-30,2026-03-30,2440.0,PE,MCX26MAR2440PE,0.0,0.0,0.0,185.55,185.55,185.55,2341.3,171.65,20625,0,0,0.0,0,F1,625,,,,,
2026-02-18,2026-02-18,FO,NSE,STO,141659,,MCX,,2026-03-30,2026-03-30,1980.0,PE,MCX26MAR1980PE,30.0,30.0,21.35,21.6,21.6,26.85,2341.3,12.4,6875,6875,17,21294156.25,15,F1,625,,,,,
2026-02-18,2026-02-18,FO,NSE,STO,139356,,MCX,,2026-03-30,2026-03-30,1960.0,PE,MCX26MAR1960PE,21.0,21.7,19.1,19.4,19.4,20.0,2341.3,19.4,7500,5625,14,17322812.5,14,F1,625,,,,,
2026-02-18,2026-02-18,FO,NSE,STO,141657,,MCX,,2026-03-30,2026-03-30,1940.0,PE,MCX26MAR1940PE,0.0,0.0,0.0,68.2,68.2,68.2,2341.3,8.7,1250,0,0,0.0,0,F1,625,,,,,
2026-02-18,2026-02-18,FO,NSE,STO,37262,,MCX,,2026-02-24,2026-02-24,2800.0,PE,MCX26FEB2800PE,470.0,470.0,470.0,470.0,470.0,511.0,2341.3,456.2,10625,-625,1,2043750.0,1,F1,625,,,,,
2026-02-18,2026-02-18,FO,NSE,STO,118083,,MCX,,2026-02-24,2026-02-24,2480.0,PE,MCX26FEB2480PE,164.0,174.5,141.55,148.9,148.9,208.1,2341.3,148.9,129375,-2500,17,28020343.75,16,F1,625,,,,,
2026-02-18,2026-02-18,FO,NSE,STO,118075,,MCX,,2026-02-24,2026-02-24,2320.0,PE,MCX26FEB2320PE,80.7,84.4,39.1,41.85,43.65,84.55,2341.3,41.85,216250,94375,1341,1990457281.25,1083,F1,625,,,,,
2026-02-18,2026-02-18,FO,NSE,STO,118065,,MCX,,2026-02-24,2026-02-24,2120.0,PE,MCX26FEB2120PE,13.05,13.45,4.2,4.7,5.05,15.95,2341.3,4.7,131875,-51250,396,526674156.25,280,F1,625,,,,,
2026-02-18,2026-02-18,FO,NSE,STO,139008,,MCX,,2026-02-24,2026-02-24,2100.0,PE,MCX26FEB2100PE,14.2,14.2,3.65,4.25,5.15,14.1,2341.3,4.25,637500,-104375,1257,1654907343.75,991,F1,625,,,,,
2026-02-18,2026-02-18,FO,NSE,STO,118063,,MCX,,2026-02-24,2026-02-24,2080.0,PE,MCX26FEB2080PE,7.9,7.9,3.3,3.85,4.1,12.05,2341.3,3.85,57500,-82500,276,359527968.75,230,F1,625,,,,,
2026-02-18,2026-02-18,FO,NSE,STO,141919,,MCX,,2026-04-28,2026-04-28,2520.0,CE,MCX26APR2520CE,0.0,0.0,0.0,191.35,0.0,191.35,2341.3,101.35,0,0,0,0.0,0,F1,625,,,,,
2026-02-18,2026-02-18,FO,NSE,STO,141911,,MCX,,2026-04-28,2026-04-28,2360.0,CE,MCX26APR2360CE,0.0,0.0,0.0,264.8,0.0,264.8,2341.3,164.1,0,0,0,0.0,0,F1,625,,,,,
2026-02-18,2026-02-18,FO,NSE,STO,141899,,MCX,,2026-04-28,2026-04-28,2120.0,CE,MCX26APR2120CE,0.0,0.0,0.0,410.1,0.0,410.1,2341.3,304.3,0,0,0,0.0,0,F1,625,,,,,
2026-02-18,2026-02-18,FO,NSE,STO,139391,,MCX,,2026-03-30,2026-03-30,2680.0,CE,MCX26MAR2680CE,31.55,31.55,31.55,31.55,31.55,73.05,2341.3,28.45,4375,1250,2,3389437.5,1,F1,625,,,,,
2026-02-18,2026-02-18,FO,NSE,STO,141990,,MCX,,2026-04-28,2026-04-28,2760.0,PE,MCX26APR2760PE,0.0,0.0,0.0,412.05,0.0,412.05,2341.3,434.75,0,0,0,0.0,0,F1,625,,,,,
2026-02-18,2026-02-18,FO,NSE,STO,141930,,MCX,,2026-04-28,2026-04-28,2720.0,PE,MCX26APR2720PE,0.0,0.0,0.0,383.5,0.0,383.5,2341.3,402.1,0,0,0,0.0,0,F1,625,,,,,
2026-02-18,2026-02-18,FO,NSE,STO,141888,,MCX,,2026-04-28,2026-04-28,1880.0,PE,MCX26APR1880PE,0.0,0.0,0.0,28.35,0.0,28.35,2341.3,15.45,0,0,0,0.0,0,F1,625,,,,,
2026-02-18,2026-02-18,FO,NSE,STO,141752,,MCX,,2026-03-30,2026-03-30,2860.0,PE,MCX26MAR2860PE,0.0,0.0,0.0,467.1,0.0,467.1,2341.3,512.1,0,0,0,0.0,0,F1,625,,,,,
2026-02-18,2026-02-18,FO,NSE,STO,139388,,MCX,,2026-03-30,2026-03-30,2600.0,PE,MCX26MAR2600PE,312.0,312.0,279.5,283.1,283.5,344.0,2341.3,283.1,41875,6875,13,23501125.0,12,F1,625,,,,,
2026-02-18,2026-02-18,FO,NSE,STO,139376,,MCX,,2026-03-30,2026-03-30,2360.0,PE,MCX26MAR2360PE,136.0,136.0,128.85,129.5,130.0,177.75,2341.3,129.5,20000,2500,10,15573218.75,10,F1,625,,,,,
2026-02-18,2026-02-18,FO,NSE,STO,139372,,MCX,,2026-03-30,2026-03-30,2280.0,PE,MCX26MAR2280PE,110.95,110.95,94.3,94.3,94.3,136.95,2341.3,87.2,26250,-1875,14,20903312.5,14,F1,625,,,,,
2026-02-18,2026-02-18,FO,NSE,STO,139370,,MCX,,2026-03-30,2026-03-30,2240.0,PE,MCX26MAR2240PE,93.3,93.3,85.9,85.9,85.9,119.5,2341.3,71.2,3125,625,2,2912000.0,2,F1,625,,,,,
2026-02-18,2026-02-18,FO,NSE,STO,139368,,MCX,,2026-03-30,2026-03-30,2200.0,PE,MCX26MAR2200PE,105.85,105.85,63.8,65.4,66.5,101.3,2341.3,65.4,193750,11250,521,742148593.75,421,F1,625,,,,,
2026-02-18,2026-02-18,FO,NSE,STO,142000,,MCX,,2026-04-28,2026-04-28,2960.0,PE,MCX26APR2960PE,0.0,0.0,0.0,566.25,0.0,566.25,2341.3,608.9,0,0,0,0.0,0,F1,625,,,,,
2026-02-18,2026-02-18,FO,NSE,STO,118014,,MCX,,2026-02-24,2026-02-24,1880.0,CE,MCX26FEB1880CE,0.0,0.0,0.0,415.0,415.0,415.0,2341.3,463.0,15625,0,0,0.0,0,F1,625,,,,,
2026-02-18,2026-02-18,FO,NSE,STO,139001,,MCX,,2026-02-24,2026-02-24,1980.0,CE,MCX26FEB1980CE,0.0,0.0,0.0,353.0,353.0,353.0,2341.3,363.1,625,0,0,0.0,0,F1,625,,,,,
2026-02-18,2026-02-18,FO,NSE,STO,139208,,MCX,,2026-02-24,2026-02-24,2580.0,CE,MCX26FEB2580CE,5.05,5.85,3.6,4.95,5.0,6.25,2341.3,4.95,233125,-15625,376,607319656.25,323,F1,625,,,,,
2026-02-18,2026-02-18,FO,NSE,STO,139218,,MCX,,2026-02-24,2026-02-24,2760.0,CE,MCX26FEB2760CE,1.6,1.85,1.2,1.45,1.4,2.45,2341.3,1.45,208750,-10000,155,267513718.75,120,F1,625,,,,,
2026-02-18,2026-02-18,FO,NSE,STO,139371,,MCX,,2026-03-30,2026-03-30,2280.0,CE,MCX26MAR2280CE,165.0,177.5,154.9,173.2,173.2,163.05,2341.3,173.2,11875,-27500,66,100884093.75,43,F1,625,,,,,
2026-02-18,2026-02-18,FO,NSE,STO,139441,,MCX,,2026-03-30,2026-03-30,2960.0,CE,MCX26MAR2960CE,9.0,9.2,9.0,9.0,9.0,30.0,2341.3,5.8,4375,3750,7,12989625.0,5,F1,625,,,,,
2026-02-18,2026-02-18,FO,NSE,STO,118035,,MCX,,2026-02-24,2026-02-24,1920.0,PE,MCX26FEB1920PE,2.0,2.0,1.7,1.7,1.7,3.35,2341.3,1.7,127500,15000,42,50450687.5,20,F1,625,,,,,
2026-02-18,2026-02-18,FO,NSE,STO,141663,,MCX,,2026-03-30,2026-03-30,2060.0,PE,MCX26MAR2060PE,46.0,47.8,35.0,35.25,35.25,49.0,2341.3,23.25,3125,625,7,9193000.0,6,F1,625,,,,,
2026-02-18,2026-02-18,FO,NSE,STO,141994,,MCX,,2026-04-28,2026-04-28,2840.0,PE,MCX26APR2840PE,0.0,0.0,0.0,471.7,0.0,471.7,2341.3,502.45,0,0,0,0.0,0,F1,625,,,,,
2026-02-18,2026-02-18,FO,NSE,STF,66900,,MCX,,2026-04-28,2026-04-28,,,MCX26APRFUT,2326.8,2380.0,2321.0,2373.7,2369.1,2316.9,2341.3,2373.7,267500,-16250,136,200489187.5,125,F1,625,,,,,
2026-02-18,2026-02-18,FO,NSE,STO,118062,,MCX,,2026-02-24,2026-02-24,2080.0,CE,MCX26FEB2080CE,0.0,0.0,0.0,267.8,267.8,267.8,2341.3,263.55,13750,0,0,0.0,0,F1,625,,,,,
2026-02-18,2026-02-18,FO,NSE,STO,139220,,MCX,,2026-02-24,2026-02-24,2780.0,CE,MCX26FEB2780CE,1.5,1.8,1.15,1.5,1.5,2.2,2341.3,0.05,101875,-3750,51,88656312.5,32,F1,625,,,,,
2026-02-18,2026-02-18,FO,NSE,STO,36148,,MCX,,2026-02-24,2026-02-24,2820.0,CE,MCX26FEB2820CE,1.6,1.6,0.75,1.05,1.05,1.9,2341.3,1.05,40000,-73750,196,345584093.75,184,F1,625,,,,,
2026-02-18,2026-02-18,FO,NSE,STO,51340,,MCX,,2026-02-24,2026-02-24,2960.0,CE,MCX26FEB2960CE,0.7,0.75,0.6,0.6,0.6,1.1,2341.3,0.6,50625,-5000,18,33307937.5,18,F1,625,,,,,
2026-02-18,2026-02-18,FO,NSE,STO,141925,,MCX,,2026-04-28,2026-04-28,2640.0,CE,MCX26APR2640CE,0.0,0.0,0.0,147.55,0.0,147.55,2341.3,68.2,0,0,0,0.0,0,F1,625,,,,,
2026-02-18,2026-02-18,FO,NSE,STO,36149,,MCX,,2026-02-24,2026-02-24,2820.0,PE,MCX26FEB2820PE,0.0,0.0,0.0,2936.15,0.0,2936.15,2341.3,476.15,0,0,0,0.0,0,F1,625,,,,,
2026-02-18,2026-02-18,FO,NSE,STO,139348,,MCX,,2026-03-30,2026-03-30,1800.0,PE,MCX26MAR1800PE,15.9,15.9,8.0,8.5,8.6,15.9,2341.3,8.5,78125,3750,46,52045812.5,39,F1,625,,,,,
2026-02-18,2026-02-18,FO,NSE,STO,139360,,MCX,,2026-03-30,2026-03-30,2040.0,PE,MCX26MAR2040PE,0.0,0.0,0.0,32.3,32.3,32.3,2341.3,20.0,625,0,0,0.0,0,F1,625,,,,,
2026-02-18,2026-02-18,FO,NSE,STO,141890,,MCX,,2026-04-28,2026-04-28,1920.0,PE,MCX26APR1920PE,0.0,0.0,0.0,34.45,0.0,34.45,2341.3,20.15,0,0,0,0.0,0,F1,625,,,,,
2026-02-18,2026-02-18,FO,NSE,STO,139359,,MCX,,2026-03-30,2026-03-30,2040.0,CE,MCX26MAR2040CE,0.0,0.0,0.0,310.0,310.0,310.0,2341.3,333.6,3125,0,0,0.0,0,F1,625,,,,,
2026-02-18,2026-02-18,FO,NSE,STO,40548,,MCX,,2026-02-24,2026-02-24,1900.0,CE,MCX26FEB1900CE,0.0,0.0,0.0,636.2,0.0,636.2,2341.3,443.0,0,0,0,0.0,0,F1,625,,,,,
2026-02-18,2026-02-18,FO,NSE,STO,118052,,MCX,,2026-02-24,2026-02-24,1960.0,CE,MCX26FEB1960CE,0.0,0.0,0.0,370.5,370.5,370.5,2341.3,383.1,4375,0,0,0.0,0,F1,625,,,,,
2026-02-18,2026-02-18,FO,NSE,STO,139003,,MCX,,2026-02-24,2026-02-24,2020.0,CE,MCX26FEB2020CE,0.0,0.0,0.0,280.0,280.0,280.0,2341.3,323.2,2500,0,0,0.0,0,F1,625,,,,,
2026-02-18,2026-02-18,FO,NSE,STO,139009,,MCX,,2026-02-24,2026-02-24,2140.0,CE,MCX26FEB2140CE,0.0,0.0,0.0,225.25,227.05,225.25,2341.3,204.95,14375,0,0,0.0,0,F1,625,,,,,
2026-02-18,2026-02-18,FO,NSE,STO,139024,,MCX,,2026-02-24,2026-02-24,2260.0,CE,MCX26FEB2260CE,88.45,111.4,81.45,108.65,108.0,84.25,2341.3,108.65,193125,-9375,386,567818093.75,363,F1,625,,,,,
2026-02-18,2026-02-18,FO,NSE,STO,118080,,MCX,,2026-02-24,2026-02-24,2440.0,CE,MCX26FEB2440CE,16.5,24.0,14.55,21.7,21.5,19.15,2341.3,21.7,411250,28750,1551,2383084562.5,1283,F1,625,,,,,
2026-02-18,2026-02-18,FO,NSE,STO,118082,,MCX,,2026-02-24,2026-02-24,2480.0,CE,MCX26FEB2480CE,13.8,15.85,9.6,14.1,13.7,13.9,2341.3,14.1,193750,-10625,451,702408156.25,369,F1,625,,,,,
2026-02-18,2026-02-18,FO,NSE,STO,139200,,MCX,,2026-02-24,2026-02-24,2500.0,CE,MCX26FEB2500CE,12.0,12.8,7.7,11.25,11.15,11.7,2341.3,11.25,1729375,-319375,4368,6851137562.5,3270,F1,625,,,,,
2026-02-18,2026-02-18,FO,NSE,STO,139206,,MCX,,2026-02-24,2026-02-24,2540.0,CE,MCX26FEB2540CE,8.4,8.55,5.15,7.55,7.05,8.5,2341.3,7.55,193750,-83750,571,908713375.0,504,F1,625,,,,,
2026-02-18,2026-02-18,FO,NSE,STO,139216,,MCX,,2026-02-24,2026-02-24,2740.0,CE,MCX26FEB2740CE,2.0,2.2,1.4,1.7,1.6,2.55,2341.3,1.7,138750,-53125,348,596342843.75,221,F1,625,,,,,
2026-02-18,2026-02-18,FO,NSE,STO,40557,,MCX,,2026-03-30,2026-03-30,1900.0,CE,MCX26MAR1900CE,0.0,0.0,0.0,429.0,429.0,429.0,2341.3,458.7,1250,0,0,0.0,0,F1,625,,,,,
2026-02-18,2026-02-18,FO,NSE,STO,141658,,MCX,,2026-03-30,2026-03-30,1980.0,CE,MCX26MAR1980CE,0.0,0.0,0.0,395.0,395.0,395.0,2341.3,385.6,5000,0,0,0.0,0,F1,625,,,,,
2026-02-18,2026-02-18,FO,NSE,STO,139375,,MCX,,2026-03-30,2026-03-30,2360.0,CE,MCX26MAR2360CE,126.7,135.55,119.7,131.5,130.55,124.0,2341.3,131.5,28125,11250,44,68427250.0,44,F1,625,,,,,
2026-02-18,2026-02-18,FO,NSE,STO,139377,,MCX,,2026-03-30,2026-03-30,2400.0,CE,MCX26MAR2400CE,112.95,116.5,100.0,112.65,110.6,107.3,2341.3,112.65,266250,80000,570,893466250.0,503,F1,625,,,,,
2026-02-18,2026-02-18,FO,NSE,STO,139379,,MCX,,2026-03-30,2026-03-30,2440.0,CE,MCX26MAR2440CE,98.15,98.15,86.0,97.4,96.75,93.5,2341.3,97.4,27500,0,26,41145906.25,26,F1,625,,,,,
2026-02-18,2026-02-18,FO,NSE,STO,39886,,MCX,,2026-03-30,2026-03-30,2920.0,CE,MCX26MAR2920CE,0.0,0.0,0.0,12.7,12.7,12.7,2341.3,7.4,3750,0,0,0.0,0,F1,625,,,,,
2026-02-18,2026-02-18,FO,NSE,STO,141913,,MCX,,2026-04-28,2026-04-28,2400.0,CE,MCX26APR2400CE,0.0,0.0,0.0,244.75,0.0,244.75,2341.3,146.25,0,0,0,0.0,0,F1,625,,,,,
2026-02-18,2026-02-18,FO,NSE,STO,141927,,MCX,,2026-04-28,2026-04-28,2680.0,CE,MCX26APR2680CE,0.0,0.0,0.0,134.9,0.0,134.9,2341.3,59.35,0,0,0,0.0,0,F1,625,,,,,
2026-02-18,2026-02-18,FO,NSE,STO,141993,,MCX,,2026-04-28,2026-04-28,2840.0,CE,MCX26APR2840CE,0.0,0.0,0.0,93.2,0.0,93.2,2341.3,33.15,0,0,0,0.0,0,F1,625,,,,,
2026-02-18,2026-02-18,FO,NSE,STO,40546,,MCX,,2026-02-24,2026-02-24,1860.0,PE,MCX26FEB1860PE,1.5,1.5,1.5,1.5,1.5,2.0,2341.3,0.05,11250,-625,1,1163437.5,1,F1,625,,,,,
2026-02-18,2026-02-18,FO,NSE,STO,118053,,MCX,,2026-02-24,2026-02-24,1960.0,PE,MCX26FEB1960PE,5.3,5.3,1.85,1.95,2.55,4.9,2341.3,1.95,88750,-20000,108,132445937.5,92,F1,625,,,,,
2026-02-18,2026-02-18,FO,NSE,STO,139004,,MCX,,2026-02-24,2026-02-24,2020.0,PE,MCX26FEB2020PE,7.55,7.55,2.4,2.75,2.85,7.3,2341.3,2.75,68125,-8750,68,85994687.5,61,F1,625,,,,,
2026-02-18,2026-02-18,FO,NSE,STO,139025,,MCX,,2026-02-24,2026-02-24,2260.0,PE,MCX26FEB2260PE,52.15,53.8,19.1,21.35,23.0,55.15,2341.3,21.35,222500,26250,1312,1877370062.5,1178,F1,625,,,,,
2026-02-18,2026-02-18,FO,NSE,STO,118077,,MCX,,2026-02-24,2026-02-24,2360.0,PE,MCX26FEB2360PE,94.0,98.75,57.85,61.9,63.0,109.85,2341.3,61.9,203750,33125,322,489301343.75,298,F1,625,,,,,
2026-02-18,2026-02-18,FO,NSE,STO,139148,,MCX,,2026-02-24,2026-02-24,2420.0,PE,MCX26FEB2420PE,136.5,139.0,96.5,98.75,98.75,153.25,2341.3,98.75,150000,-10000,37,58487312.5,35,F1,625,,,,,
2026-02-18,2026-02-18,FO,NSE,STO,118089,,MCX,,2026-02-24,2026-02-24,2720.0,PE,MCX26FEB2720PE,0.0,0.0,0.0,390.5,390.5,390.5,2341.3,376.3,21875,0,0,0.0,0,F1,625,,,,,
2026-02-18,2026-02-18,FO,NSE,STO,141665,,MCX,,2026-03-30,2026-03-30,2100.0,PE,MCX26MAR2100PE,61.55,61.55,39.5,40.65,41.0,68.4,2341.3,40.65,121875,29375,248,332792906.25,191,F1,625,,,,,
2026-02-18,2026-02-18,FO,NSE,STO,139199,,MCX,,2026-02-24,2026-02-24,2460.0,PE,MCX26FEB2460PE,160.0,160.8,126.2,130.8,131.4,181.05,2341.3,130.8,109375,-10000,54,87744375.0,51,F1,625,,,,,
2026-02-18,2026-02-18,FO,NSE,STO,139033,,MCX,,2026-02-24,2026-02-24,2380.0,PE,MCX26FEB2380PE,112.45,112.45,70.1,74.55,74.45,125.55,2341.3,74.55,173750,3750,127,195775687.5,109,F1,625,,,,,
2026-02-18,2026-02-18,FO,NSE,STO,118071,,MCX,,2026-02-24,2026-02-24,2240.0,PE,MCX26FEB2240PE,44.85,46.65,15.05,16.7,19.0,47.1,2341.3,16.7,203125,-57500,1630,2307282718.75,1382,F1,625,,,,,
2026-02-18,2026-02-18,FO,NSE,STO,118067,,MCX,,2026-02-24,2026-02-24,2160.0,PE,MCX26FEB2160PE,25.95,25.95,6.0,7.8,8.5,23.8,2341.3,7.8,131875,-52500,601,815518375.0,415,F1,625,,,,,
2026-02-18,2026-02-18,FO,NSE,STO,118061,,MCX,,2026-02-24,2026-02-24,2040.0,PE,MCX26FEB2040PE,4.5,4.9,2.65,2.95,3.2,8.1,2341.3,2.95,61875,-41875,111,141751218.75,100,F1,625,,,,,
2026-02-18,2026-02-18,FO,NSE,STO,49254,,MCX,,2026-02-24,2026-02-24,2600.0,CE,MCX26FEB2600CE,5.75,5.75,3.15,4.3,4.25,5.7,2341.3,4.3,1489375,-135625,2827,4600797968.75,1918,F1,625,,,,,
2026-02-18,2026-02-18,FO,NSE,STO,139011,,MCX,,2026-02-24,2026-02-24,2180.0,CE,MCX26FEB2180CE,159.9,180.0,147.15,177.6,177.6,138.1,2341.3,177.6,106875,-2500,19,27841500.0,18,F1,625,,,,,
2026-02-18,2026-02-18,FO,NSE,STO,142004,,MCX,,2026-04-28,2026-04-28,3040.0,PE,MCX26APR3040PE,0.0,0.0,0.0,632.45,0.0,632.45,2341.3,682.3,0,0,0,0.0,0,F1,625,,,,,
2026-02-18,2026-02-18,FO,NSE,STO,141920,,MCX,,2026-04-28,2026-04-28,2520.0,PE,MCX26APR2520PE,0.0,0.0,0.0,254.75,0.0,254.75,2341.3,253.95,0,0,0,0.0,0,F1,625,,,,,
2026-02-18,2026-02-18,FO,NSE,STO,141894,,MCX,,2026-04-28,2026-04-28,2000.0,PE,MCX26APR2000PE,0.0,0.0,0.0,49.45,0.0,49.45,2341.3,32.75,0,0,0,0.0,0,F1,625,,,,,
2026-02-18,2026-02-18,FO,NSE,STO,139442,,MCX,,2026-03-30,2026-03-30,2960.0,PE,MCX26MAR2960PE,0.0,0.0,0.0,3819.45,0.0,3819.45,2341.3,606.7,0,0,0,0.0,0,F1,625,,,,,
2026-02-18,2026-02-18,FO,NSE,STO,141689,,MCX,,2026-03-30,2026-03-30,2540.0,PE,MCX26MAR2540PE,0.0,0.0,0.0,235.85,0.0,235.85,2341.3,239.85,0,0,0,0.0,0,F1,625,,,,,
2026-02-18,2026-02-18,FO,NSE,STO,141687,,MCX,,2026-03-30,2026-03-30,2500.0,PE,MCX26MAR2500PE,255.0,255.0,211.1,212.9,214.0,270.6,2341.3,212.9,56250,-625,52,88778593.75,31,F1,625,,,,,
2026-02-18,2026-02-18,FO,NSE,STO,141679,,MCX,,2026-03-30,2026-03-30,2380.0,PE,MCX26MAR2380PE,0.0,0.0,0.0,170.2,170.2,170.2,2341.3,136.2,1875,0,0,0.0,0,F1,625,,,,,
2026-02-18,2026-02-18,FO,NSE,STO,141671,,MCX,,2026-03-30,2026-03-30,2220.0,PE,MCX26MAR2220PE,0.0,0.0,0.0,86.0,86.0,86.0,2341.3,63.95,1250,0,0,0.0,0,F1,625,,,,,
2026-02-18,2026-02-18,FO,NSE,STO,40556,,MCX,,2026-03-30,2026-03-30,1860.0,PE,MCX26MAR1860PE,0.0,0.0,0.0,18.0,18.0,18.0,2341.3,4.0,3125,0,0,0.0,0,F1,625,,,,,
2026-02-18,2026-02-18,FO,NSE,STO,139215,,MCX,,2026-02-24,2026-02-24,2700.0,PE,MCX26FEB2700PE,390.0,400.05,351.15,351.15,351.15,409.45,2341.3,356.35,160625,-9375,17,32747125.0,14,F1,625,,,,,
2026-02-18,2026-02-18,FO,NSE,STO,117984,,MCX,,2026-02-24,2026-02-24,1680.0,PE,MCX26FEB1680PE,0.45,0.6,0.45,0.5,0.5,0.8,2341.3,0.5,120000,-2500,16,16805093.75,15,F1,625,,,,,
2026-02-18,2026-02-18,FO,NSE,STO,142003,,MCX,,2026-04-28,2026-04-28,3040.0,CE,MCX26APR3040CE,0.0,0.0,0.0,57.0,0.0,57.0,2341.3,15.05,0,0,0,0.0,0,F1,625,,,,,
2026-02-18,2026-02-18,FO,NSE,STO,141907,,MCX,,2026-04-28,2026-04-28,2280.0,CE,MCX26APR2280CE,0.0,0.0,0.0,308.5,0.0,308.5,2341.3,204.55,0,0,0,0.0,0,F1,625,,,,,
2026-02-18,2026-02-18,FO,NSE,STO,141751,,MCX,,2026-03-30,2026-03-30,2860.0,CE,MCX26MAR2860CE,0.0,0.0,0.0,44.2,44.2,44.2,2341.3,10.6,1250,0,0,0.0,0,F1,625,,,,,
2026-02-18,2026-02-18,FO,NSE,STO,139397,,MCX,,2026-03-30,2026-03-30,2800.0,CE,MCX26MAR2800CE,21.05,21.45,17.85,19.25,19.05,22.8,2341.3,19.25,166875,48750,206,362974250.0,187,F1,625,,,,,
2026-02-18,2026-02-18,FO,NSE,STO,141745,,MCX,,2026-03-30,2026-03-30,2740.0,CE,MCX26MAR2740CE,0.0,0.0,0.0,79.6,0.0,79.6,2341.3,20.75,0,0,0,0.0,0,F1,625,,,,,
2026-02-18,2026-02-18,FO,NSE,STO,139389,,MCX,,2026-03-30,2026-03-30,2640.0,CE,MCX26MAR2640CE,39.0,41.85,39.0,41.85,41.85,62.1,2341.3,34.9,2500,1250,4,6699937.5,4,F1,625,,,,,
2026-02-18,2026-02-18,FO,NSE,STO,141686,,MCX,,2026-03-30,2026-03-30,2500.0,CE,MCX26MAR2500CE,75.5,78.0,66.8,75.6,74.35,74.75,2341.3,75.6,292500,3125,638,1026074218.75,541,F1,625,,,,,
2026-02-18,2026-02-18,FO,NSE,STO,141680,,MCX,,2026-03-30,2026-03-30,2420.0,CE,MCX26MAR2420CE,99.0,107.0,97.7,103.7,103.7,97.95,2341.3,103.7,11250,2500,8,12615812.5,8,F1,625,,,,,
2026-02-18,2026-02-18,FO,NSE,STO,40555,,MCX,,2026-03-30,2026-03-30,1860.0,CE,MCX26MAR1860CE,0.0,0.0,0.0,694.15,0.0,694.15,2341.3,496.45,0,0,0,0.0,0,F1,625,,,,,
2026-02-18,2026-02-18,FO,NSE,STO,40559,,MCX,,2026-04-28,2026-04-28,1800.0,CE,MCX26APR1800CE,0.0,0.0,0.0,767.75,0.0,767.75,2341.3,568.5,0,0,0,0.0,0,F1,625,,,,,
2026-02-18,2026-02-18,FO,NSE,STO,139381,,MCX,,2026-03-30,2026-03-30,2480.0,CE,MCX26MAR2480CE,79.55,81.0,78.95,81.0,81.0,76.7,2341.3,81.0,6250,-625,3,4799687.5,3,F1,625,,,,,
2026-02-18,2026-02-18,FO,NSE,STO,141684,,MCX,,2026-03-30,2026-03-30,2460.0,CE,MCX26MAR2460CE,0.0,0.0,0.0,93.4,93.4,93.4,2341.3,80.5,625,0,0,0.0,0,F1,625,,,,,
2026-02-18,2026-02-18,FO,NSE,STO,139357,,MCX,,2026-03-30,2026-03-30,2000.0,CE,MCX26MAR2000CE,0.0,0.0,0.0,380.0,380.0,380.0,2341.3,367.95,5000,0,0,0.0,0,F1,625,,,,,
2026-02-18,2026-02-18,FO,NSE,STO,139349,,MCX,,2026-03-30,2026-03-30,1840.0,CE,MCX26MAR1840CE,0.0,0.0,0.0,2083.5,0.0,2083.5,2341.3,515.55,0,0,0,0.0,0,F1,625,,,,,
2026-02-18,2026-02-18,FO,NSE,STO,139022,,MCX,,2026-02-24,2026-02-24,2220.0,CE,MCX26FEB2220CE,114.95,145.0,108.0,142.6,137.95,108.75,2341.3,142.6,105625,-6875,64,93674656.25,45,F1,625,,,,,
2026-02-18,2026-02-18,FO,NSE,STO,139399,,MCX,,2026-03-30,2026-03-30,2880.0,CE,MCX26MAR2880CE,0.0,0.0,0.0,15.55,15.55,15.55,2341.3,9.4,4375,0,0,0.0,0,F1,625,,,,,
2026-02-18,2026-02-18,FO,NSE,STO,118060,,MCX,,2026-02-24,2026-02-24,2040.0,CE,MCX26FEB2040CE,0.0,0.0,0.0,306.75,306.75,306.75,2341.3,303.25,4375,0,0,0.0,0,F1,625,,,,,
2026-02-18,2026-02-18,FO,NSE,STO,141912,,MCX,,2026-04-28,2026-04-28,2360.0,PE,MCX26APR2360PE,0.0,0.0,0.0,170.7,0.0,170.7,2341.3,158.4,0,0,0,0.0,0,F1,625,,,,,
2026-02-18,2026-02-18,FO,NSE,STO,139398,,MCX,,2026-03-30,2026-03-30,2800.0,PE,MCX26MAR2800PE,0.0,0.0,0.0,3109.2,0.0,3109.2,2341.3,456.8,0,0,0,0.0,0,F1,625,,,,,
2026-02-18,2026-02-18,FO,NSE,STO,141732,,MCX,,2026-03-30,2026-03-30,2580.0,PE,MCX26MAR2580PE,0.0,0.0,0.0,260.95,0.0,260.95,2341.3,269.95,0,0,0,0.0,0,F1,625,,,,,
2026-02-18,2026-02-18,FO,NSE,STO,139386,,MCX,,2026-03-30,2026-03-30,2560.0,PE,MCX26MAR2560PE,0.0,0.0,0.0,2125.25,0.0,2125.25,2341.3,254.75,0,0,0,0.0,0,F1,625,,,,,
2026-02-18,2026-02-18,FO,NSE,STO,141669,,MCX,,2026-03-30,2026-03-30,2180.0,PE,MCX26MAR2180PE,60.55,60.55,60.0,60.0,60.0,71.25,2341.3,60.0,625,625,2,2800343.75,2,F1,625,,,,,
2026-02-18,2026-02-18,FO,NSE,STO,40558,,MCX,,2026-03-30,2026-03-30,1900.0,PE,MCX26MAR1900PE,22.0,22.3,13.65,13.65,13.65,27.45,2341.3,13.65,138750,22500,105,125844375.0,81,F1,625,,,,,
2026-02-18,2026-02-18,FO,NSE,STO,43653,,MCX,,2026-02-24,2026-02-24,2900.0,PE,MCX26FEB2900PE,0.0,0.0,0.0,642.75,0.0,642.75,2341.3,556.1,0,0,0,0.0,0,F1,625,,,,,
2026-02-18,2026-02-18,FO,NSE,STO,49255,,MCX,,2026-02-24,2026-02-24,2600.0,PE,MCX26FEB2600PE,299.3,304.65,250.0,253.95,256.4,319.1,2341.3,253.95,348125,-28750,73,131186125.0,58,F1,625,,,,,
2026-02-18,2026-02-18,FO,NSE,STO,118085,,MCX,,2026-02-24,2026-02-24,2560.0,PE,MCX26FEB2560PE,265.0,265.25,219.55,219.6,219.6,217.35,2341.3,218.5,61250,-15625,26,45642500.0,20,F1,625,,,,,
2026-02-18,2026-02-18,FO,NSE,STO,139002,,MCX,,2026-02-24,2026-02-24,1980.0,PE,MCX26FEB1980PE,5.6,5.6,2.0,2.2,2.15,5.1,2341.3,2.2,50000,8750,32,39651062.5,32,F1,625,,,,,
2026-02-18,2026-02-18,FO,NSE,STO,141999,,MCX,,2026-04-28,2026-04-28,2960.0,CE,MCX26APR2960CE,0.0,0.0,0.0,69.6,0.0,69.6,2341.3,20.8,0,0,0,0.0,0,F1,625,,,,,
2026-02-18,2026-02-18,FO,NSE,STO,141997,,MCX,,2026-04-28,2026-04-28,2920.0,CE,MCX26APR2920CE,0.0,0.0,0.0,76.9,0.0,76.9,2341.3,24.35,0,0,0,0.0,0,F1,625,,,,,
2026-02-18,2026-02-18,FO,NSE,STO,141923,,MCX,,2026-04-28,2026-04-28,2600.0,CE,MCX26APR2600CE,0.0,0.0,0.0,161.15,0.0,161.15,2341.3,78.05,0,0,0,0.0,0,F1,625,,,,,
2026-02-18,2026-02-18,FO,NSE,STO,141889,,MCX,,2026-04-28,2026-04-28,1920.0,CE,MCX26APR1920CE,0.0,0.0,0.0,561.85,0.0,561.85,2341.3,461.3,0,0,0,0.0,0,F1,625,,,,,
2026-02-18,2026-02-18,FO,NSE,STO,139394,,MCX,,2026-03-30,2026-03-30,2720.0,PE,MCX26MAR2720PE,0.0,0.0,0.0,2768.4,0.0,2768.4,2341.3,385.45,0,0,0,0.0,0,F1,625,,,,,
2026-02-18,2026-02-18,FO,NSE,STO,141746,,MCX,,2026-03-30,2026-03-30,2740.0,PE,MCX26MAR2740PE,0.0,0.0,0.0,372.95,0.0,372.95,2341.3,402.95,0,0,0,0.0,0,F1,625,,,,,
2026-02-18,2026-02-18,FO,NSE,STO,141748,,MCX,,2026-03-30,2026-03-30,2780.0,PE,MCX26MAR2780PE,0.0,0.0,0.0,403.5,0.0,403.5,2341.3,438.65,0,0,0,0.0,0,F1,625,,,,,
2026-02-18,2026-02-18,FO,NSE,STO,141892,,MCX,,2026-04-28,2026-04-28,1960.0,PE,MCX26APR1960PE,0.0,0.0,0.0,41.5,0.0,41.5,2341.3,25.9,0,0,0,0.0,0,F1,625,,,,,
2026-02-18,2026-02-18,FO,NSE,STO,139387,,MCX,,2026-03-30,2026-03-30,2600.0,CE,MCX26MAR2600CE,51.95,54.2,44.0,49.2,48.0,51.7,2341.3,49.2,276250,68125,504,834294156.25,450,F1,625,,,,,
2026-02-18,2026-02-18,FO,NSE,STO,139213,,MCX,,2026-02-24,2026-02-24,2660.0,PE,MCX26FEB2660PE,0.0,0.0,0.0,383.0,383.0,383.0,2341.3,316.55,35000,0,0,0.0,0,F1,625,,,,,
2026-02-18,2026-02-18,FO,NSE,STO,139367,,MCX,,2026-03-30,2026-03-30,2200.0,CE,MCX26MAR2200CE,207.0,229.95,204.0,224.2,223.8,204.7,2341.3,224.2,51250,8750,33,49784375.0,25,F1,625,,,,,
2026-02-18,2026-02-18,FO,NSE,STO,141666,,MCX,,2026-03-30,2026-03-30,2140.0,CE,MCX26MAR2140CE,0.0,0.0,0.0,360.3,0.0,360.3,2341.3,254.15,0,0,0,0.0,0,F1,625,,,,,
2026-02-18,2026-02-18,FO,NSE,STO,139224,,MCX,,2026-02-24,2026-02-24,2920.0,CE,MCX26FEB2920CE,0.9,1.05,0.5,0.55,0.5,1.15,2341.3,0.55,118125,-6875,39,71195156.25,36,F1,625,,,,,
2026-02-18,2026-02-18,FO,NSE,STO,139226,,MCX,,2026-02-24,2026-02-24,3000.0,CE,MCX26FEB3000CE,0.6,0.9,0.45,0.5,0.45,0.8,2341.3,0.5,641250,-29375,171,320686875.0,100,F1,625,,,,,
2026-02-18,2026-02-18,FO,NSE,STO,139353,,MCX,,2026-03-30,2026-03-30,1920.0,CE,MCX26MAR1920CE,0.0,0.0,0.0,419.0,419.0,419.0,2341.3,440.1,1250,0,0,0.0,0,F1,625,,,,,
2026-02-18,2026-02-18,FO,NSE,STO,141906,,MCX,,2026-04-28,2026-04-28,2240.0,PE,MCX26APR2240PE,0.0,0.0,0.0,119.8,0.0,119.8,2341.3,102.65,0,0,0,0.0,0,F1,625,,,,,
2026-02-18,2026-02-18,FO,NSE,STO,141905,,MCX,,2026-04-28,2026-04-28,2240.0,CE,MCX26APR2240CE,0.0,0.0,0.0,332.1,0.0,332.1,2341.3,227.15,0,0,0,0.0,0,F1,625,,,,,
2026-02-18,2026-02-18,FO,NSE,STO,141921,,MCX,,2026-04-28,2026-04-28,2560.0,CE,MCX26APR2560CE,0.0,0.0,0.0,175.7,0.0,175.7,2341.3,89.1,0,0,0,0.0,0,F1,625,,,,,
2026-02-18,2026-02-18,FO,NSE,STO,139000,,MCX,,2026-02-24,2026-02-24,1940.0,PE,MCX26FEB1940PE,2.0,2.2,2.0,2.1,2.1,4.25,2341.3,0.05,16250,1250,8,9710312.5,5,F1,625,,,,,
2026-02-18,2026-02-18,FO,NSE,STO,118059,,MCX,,2026-02-24,2026-02-24,2000.0,PE,MCX26FEB2000PE,6.05,6.05,2.25,2.5,2.85,6.0,2341.3,2.5,953125,-105000,915,1145447968.75,701,F1,625,,,,,
2026-02-18,2026-02-18,FO,NSE,STO,118073,,MCX,,2026-02-24,2026-02-24,2280.0,PE,MCX26FEB2280PE,60.9,60.9,24.6,26.6,29.3,64.25,2341.3,26.6,255625,23750,934,1353309031.25,855,F1,625,,,,,
2026-02-18,2026-02-18,FO,NSE,STO,139031,,MCX,,2026-02-24,2026-02-24,2340.0,PE,MCX26FEB2340PE,88.95,88.95,47.85,50.95,52.85,95.45,2341.3,50.95,221875,51250,790,1184959031.25,719,F1,625,,,,,
2026-02-18,2026-02-18,FO,NSE,STO,139221,,MCX,,2026-02-24,2026-02-24,2780.0,PE,MCX26FEB2780PE,0.0,0.0,0.0,418.75,418.75,418.75,2341.3,436.2,16250,0,0,0.0,0,F1,625,,,,,
2026-02-18,2026-02-18,FO,NSE,STO,139366,,MCX,,2026-03-30,2026-03-30,2160.0,PE,MCX26MAR2160PE,73.45,73.45,53.5,56.25,56.25,75.0,2341.3,56.25,5625,-2500,15,20848406.25,15,F1,625,,,,,
2026-02-18,2026-02-18,FO,NSE,STO,139378,,MCX,,2026-03-30,2026-03-30,2400.0,PE,MCX26MAR2400PE,187.0,187.75,148.8,150.55,152.2,204.7,2341.3,150.55,103125,625,45,72292937.5,36,F1,625,,,,,
2026-02-18,2026-02-18,FO,NSE,STO,139390,,MCX,,2026-03-30,2026-03-30,2640.0,PE,MCX26MAR2640PE,0.0,0.0,0.0,2439.65,0.0,2439.65,2341.3,317.7,0,0,0,0.0,0,F1,625,,,,,
2026-02-18,2026-02-18,FO,NSE,STO,141821,,MCX,,2026-03-30,2026-03-30,2900.0,CE,MCX26MAR2900CE,16.0,16.0,9.5,11.5,12.15,14.15,2341.3,11.5,24375,5000,33,60055812.5,32,F1,625,,,,,
2026-02-18,2026-02-18,FO,NSE,STO,141677,,MCX,,2026-03-30,2026-03-30,2340.0,PE,MCX26MAR2340PE,153.8,153.8,117.05,119.8,122.0,170.25,2341.3,119.8,42500,5625,96,148413000.0,86,F1,625,,,,,
2026-02-18,2026-02-18,FO,NSE,STO,51341,,MCX,,2026-02-24,2026-02-24,2960.0,PE,MCX26FEB2960PE,0.0,0.0,0.0,3665.2,0.0,3665.2,2341.3,616.05,0,0,0,0.0,0,F1,625,,,,,
2026-02-18,2026-02-18,FO,NSE,STO,49257,,MCX,,2026-02-24,2026-02-24,2880.0,PE,MCX26FEB2880PE,0.0,0.0,0.0,3507.25,0.0,3507.25,2341.3,536.1,0,0,0,0.0,0,F1,625,,,,,
2026-02-18,2026-02-18,FO,NSE,STO,139211,,MCX,,2026-02-24,2026-02-24,2620.0,PE,MCX26FEB2620PE,297.0,297.0,274.9,274.9,274.9,206.7,2341.3,276.95,38750,0,2,3632437.5,2,F1,625,,,,,
2026-02-18,2026-02-18,FO,NSE,STO,139207,,MCX,,2026-02-24,2026-02-24,2540.0,PE,MCX26FEB2540PE,242.0,242.0,195.1,198.2,203.0,258.65,2341.3,198.2,103750,-3125,20,34461625.0,18,F1,625,,,,,
2026-02-18,2026-02-18,FO,NSE,STO,139021,,MCX,,2026-02-24,2026-02-24,2180.0,PE,MCX26FEB2180PE,25.75,25.75,7.4,9.15,10.1,28.75,2341.3,9.15,141250,-11875,359,492303875.0,322,F1,625,,,,,
2026-02-18,2026-02-18,FO,NSE,STO,139006,,MCX,,2026-02-24,2026-02-24,2060.0,PE,MCX26FEB2060PE,9.0,9.0,2.8,3.1,3.95,9.6,2341.3,3.1,119375,-21250,185,238704093.75,165,F1,625,,,,,
2026-02-18,2026-02-18,FO,NSE,STO,118030,,MCX,,2026-02-24,2026-02-24,1880.0,PE,MCX26FEB1880PE,1.8,1.9,1.05,1.85,1.85,2.25,2341.3,1.85,110625,-15625,46,54090843.75,38,F1,625,,,,,
2026-02-18,2026-02-18,FO,NSE,STO,141901,,MCX,,2026-04-28,2026-04-28,2160.0,CE,MCX26APR2160CE,0.0,0.0,0.0,382.95,0.0,382.95,2341.3,277.05,0,0,0,0.0,0,F1,625,,,,,
2026-02-18,2026-02-18,FO,NSE,STO,141747,,MCX,,2026-03-30,2026-03-30,2780.0,CE,MCX26MAR2780CE,0.0,0.0,0.0,70.55,0.0,70.55,2341.3,16.65,0,0,0,0.0,0,F1,625,,,,,
2026-02-18,2026-02-18,FO,NSE,STO,141662,,MCX,,2026-03-30,2026-03-30,2060.0,CE,MCX26MAR2060CE,0.0,0.0,0.0,286.0,286.0,286.0,2341.3,316.9,625,0,0,0.0,0,F1,625,,,,,
2026-02-18,2026-02-18,FO,NSE,STO,139351,,MCX,,2026-03-30,2026-03-30,1880.0,CE,MCX26MAR1880CE,0.0,0.0,0.0,440.0,440.0,440.0,2341.3,477.5,625,0,0,0.0,0,F1,625,,,,,
2026-02-18,2026-02-18,FO,NSE,STO,37261,,MCX,,2026-02-24,2026-02-24,2800.0,CE,MCX26FEB2800CE,1.6,2.45,1.1,1.2,1.25,2.05,2341.3,1.2,870625,-150625,1258,2202527625.0,771,F1,625,,,,,
2026-02-18,2026-02-18,FO,NSE,STO,118088,,MCX,,2026-02-24,2026-02-24,2720.0,CE,MCX26FEB2720CE,2.35,2.5,1.5,1.7,1.75,2.9,2341.3,1.7,160625,-37500,196,333418531.25,150,F1,625,,,,,
2026-02-18,2026-02-18,FO,NSE,STO,139210,,MCX,,2026-02-24,2026-02-24,2620.0,CE,MCX26FEB2620CE,4.6,4.6,2.65,3.7,3.4,5.05,2341.3,3.7,158125,-21875,329,539481093.75,252,F1,625,,,,,
2026-02-18,2026-02-18,FO,NSE,STO,118072,,MCX,,2026-02-24,2026-02-24,2280.0,CE,MCX26FEB2280CE,77.3,98.0,69.85,93.2,92.6,73.6,2341.3,93.2,205625,-110625,1210,1787004500.0,1110,F1,625,,,,,
2026-02-18,2026-02-18,FO,NSE,STO,39887,,MCX,,2026-03-30,2026-03-30,2920.0,PE,MCX26MAR2920PE,0.0,0.0,0.0,693.6,0.0,693.6,2341.3,568.55,0,0,0,0.0,0,F1,625,,,,,
2026-02-18,2026-02-18,FO,NSE,STO,141922,,MCX,,2026-04-28,2026-04-28,2560.0,PE,MCX26APR2560PE,0.0,0.0,0.0,278.5,0.0,278.5,2341.3,281.3,0,0,0,0.0,0,F1,625,,,,,
2026-02-18,2026-02-18,FO,NSE,STO,141900,,MCX,,2026-04-28,2026-04-28,2120.0,PE,MCX26APR2120PE,0.0,0.0,0.0,79.65,0.0,79.65,2341.3,61.1,0,0,0,0.0,0,F1,625,,,,,
2026-02-18,2026-02-18,FO,NSE,STO,141685,,MCX,,2026-03-30,2026-03-30,2460.0,PE,MCX26MAR2460PE,210.0,210.0,183.6,183.6,183.6,243.6,2341.3,184.45,9375,625,4,6636968.75,4,F1,625,,,,,
2026-02-18,2026-02-18,FO,NSE,STO,141740,,MCX,,2026-03-30,2026-03-30,2620.0,PE,MCX26MAR2620PE,0.0,0.0,0.0,287.25,0.0,287.25,2341.3,301.5,0,0,0,0.0,0,F1,625,,,,,
2026-02-18,2026-02-18,FO,NSE,STO,139392,,MCX,,2026-03-30,2026-03-30,2680.0,PE,MCX26MAR2680PE,0.0,0.0,0.0,2602.4,0.0,2602.4,2341.3,351.05,0,0,0,0.0,0,F1,625,,,,,
2026-02-18,2026-02-18,FO,NSE,STO,141744,,MCX,,2026-03-30,2026-03-30,2700.0,PE,MCX26MAR2700PE,385.0,385.0,385.0,385.0,385.0,425.0,2341.3,368.1,13125,1250,2,3856250.0,2,F1,625,,,,,
2026-02-18,2026-02-18,FO,NSE,STO,141750,,MCX,,2026-03-30,2026-03-30,2820.0,PE,MCX26MAR2820PE,0.0,0.0,0.0,434.85,0.0,434.85,2341.3,475.05,0,0,0,0.0,0,F1,625,,,,,
2026-02-18,2026-02-18,FO,NSE,STO,139400,,MCX,,2026-03-30,2026-03-30,2880.0,PE,MCX26MAR2880PE,0.0,0.0,0.0,3460.1,0.0,3460.1,2341.3,530.8,0,0,0,0.0,0,F1,625,,,,,
2026-02-18,2026-02-18,FO,NSE,STO,40560,,MCX,,2026-04-28,2026-04-28,1800.0,PE,MCX26APR1800PE,0.0,0.0,0.0,12.95,0.0,12.95,2341.3,8.6,0,0,0,0.0,0,F1,625,,,,,
2026-02-18,2026-02-18,FO,NSE,STO,141886,,MCX,,2026-04-28,2026-04-28,1840.0,PE,MCX26APR1840PE,0.0,0.0,0.0,23.05,0.0,23.05,2341.3,11.65,0,0,0,0.0,0,F1,625,,,,,
2026-02-18,2026-02-18,FO,NSE,IDO,55330,,NIFTY,,2026-12-29,2026-12-29,28500.0,CE,NIFTY26DEC28500CE,0.0,0.0,0.0,540.25,540.25,540.25,25819.35,606.95,14495,0,0,0.0,0,F1,65,,,,,
2026-02-18,2026-02-18,FO,NSE,IDO,55282,,NIFTY,,2026-09-29,2026-09-29,19500.0,CE,NIFTY26SEP19500CE,0.0,0.0,0.0,7303.95,0.0,7303.95,25819.35,6963.9,0,0,0,0.0,0,F1,65,,,,,
2026-02-18,2026-02-18,FO,NSE,IDO,72754,,NIFTY,,2026-04-28,2026-04-28,27450.0,CE,NIFTY26APR27450CE,0.0,0.0,0.0,138.9,0.0,138.9,25819.35,117.3,0,0,0,0.0,0,F1,65,,,,,
2026-02-18,2026-02-18,FO,NSE,IDO,72723,,NIFTY,,2026-04-28,2026-04-28,26950.0,CE,NIFTY26APR26950CE,0.0,0.0,0.0,153.0,153.25,153.0,25819.35,218.1,3575,0,0,0.0,0,F1,65,,,,,
2026-02-18,2026-02-18,FO,NSE,IDO,72497,,NIFTY,,2026-04-28,2026-04-28,26550.0,CE,NIFTY26APR26550CE,260.15,287.65,243.2,283.4,284.1,260.15,25819.35,283.4,9490,1495,34,59259869.5,29,F1,65,,,,,
2026-02-18,2026-02-18,FO,NSE,IDO,72434,,NIFTY,,2026-04-28,2026-04-28,25850.0,CE,NIFTY26APR25850CE,598.4,651.35,575.05,649.1,649.7,598.4,25819.35,649.1,1755,0,15,25814782.5,15,F1,65,,,,,
2026-02-18,2026-02-18,FO,NSE,IDO,72427,,NIFTY,,2026-04-28,2026-04-28,25700.0,CE,NIFTY26APR25700CE,675.1,751.65,646.6,742.6,740.0,698.3,25819.35,742.6,41080,7345,561,961916546.5,395,F1,65,,,,,
2026-02-18,2026-02-18,FO,NSE,IDO,72337,,NIFTY,,2026-04-28,2026-04-28,24800.0,CE,NIFTY26APR24800CE,1300.0,1461.0,1300.0,1458.9,1461.0,1363.45,25819.35,1458.9,1625,130,5,8523814.0,5,F1,65,,,,,
2026-02-18,2026-02-18,FO,NSE,IDO,72251,,NIFTY,,2026-04-28,2026-04-28,23700.0,CE,NIFTY26APR23700CE,0.0,0.0,0.0,2179.85,2176.75,2179.85,25819.35,2380.05,0,0,0,0.0,0,F1,65,,,,,
2026-02-18,2026-02-18,FO,NSE,IDO,72222,,NIFTY,,2026-04-28,2026-04-28,23350.0,CE,NIFTY26APR23350CE,0.0,0.0,0.0,2681.7,2681.7,2681.7,25819.35,2718.0,65,0,0,0.0,0,F1,65,,,,,
2026-02-18,2026-02-18,FO,NSE,IDO,54726,,NIFTY,,2026-03-30,2026-03-30,26900.0,CE,NIFTY26MAR26900CE,53.05,56.9,43.6,54.9,53.85,53.0,25819.35,54.9,231205,18980,4924,8625332647.75,3649,F1,65,,,,,
2026-02-18,2026-02-18,FO,NSE,IDO,54712,,NIFTY,,2026-03-30,2026-03-30,26550.0,CE,NIFTY26MAR26550CE,112.4,127.2,96.6,124.1,122.7,115.65,25819.35,124.1,35035,6305,677,1173044941.25,562,F1,65,,,,,
2026-02-18,2026-02-18,FO,NSE,IDO,54669,,NIFTY,,2026-03-30,2026-03-30,26450.0,CE,NIFTY26MAR26450CE,138.35,155.0,119.7,153.0,151.6,142.2,25819.35,153.0,35620,10660,516,891484883.25,415,F1,65,,,,,
2026-02-18,2026-02-18,FO,NSE,IDO,54644,,NIFTY,,2026-03-30,2026-03-30,26250.0,CE,NIFTY26MAR26250CE,204.0,229.5,179.0,226.9,224.4,209.3,25819.35,226.9,36075,2535,461,792655191.25,364,F1,65,,,,,
2026-02-18,2026-02-18,FO,NSE,IDO,54558,,NIFTY,,2026-03-30,2026-03-30,24550.0,CE,NIFTY26MAR24550CE,1491.3,1491.3,1486.4,1488.85,1486.4,1389.1,25819.35,1488.85,390,0,2,3385050.5,2,F1,65,,,,,
2026-02-18,2026-02-18,FO,NSE,IDO,54548,,NIFTY,,2026-03-30,2026-03-30,24300.0,CE,NIFTY26MAR24300CE,1672.3,1701.7,1672.3,1701.7,1701.7,1650.0,25819.35,1683.5,1495,130,8,13518807.25,8,F1,65,,,,,
2026-02-18,2026-02-18,FO,NSE,IDO,54542,,NIFTY,,2026-03-30,2026-03-30,24150.0,CE,NIFTY26MAR24150CE,1859.75,1864.7,1859.75,1862.25,1864.7,1779.5,25819.35,1862.25,390,0,2,3381589.25,2,F1,65,,,,,
2026-02-18,2026-02-18,FO,NSE,IDO,54524,,NIFTY,,2026-03-30,2026-03-30,23650.0,CE,NIFTY26MAR23650CE,0.0,0.0,0.0,2339.05,2343.75,2339.05,25819.35,2314.2,130,0,0,0.0,0,F1,65,,,,,
2026-02-18,2026-02-18,FO,NSE,IDO,62982,,NIFTY,,2026-03-24,2026-03-24,27500.0,CE,NIFTY2632427500CE,47.6,47.6,47.6,47.6,47.6,45.35,25819.35,22.5,65,65,1,1790594.0,1,F1,65,,,,,
2026-02-18,2026-02-18,FO,NSE,IDO,62795,,NIFTY,,2026-03-24,2026-03-24,25800.0,CE,NIFTY2632425800CE,355.65,430.2,345.8,425.85,422.05,495.45,25819.35,425.85,4485,4485,169,287542040.5,86,F1,65,,,,,
2026-02-18,2026-02-18,FO,NSE,IDO,58159,,NIFTY,,2026-03-17,2026-03-17,27650.0,CE,NIFTY2631727650CE,6.3,9.1,5.1,5.2,5.2,3.05,25819.35,5.2,520,130,53,95275310.0,14,F1,65,,,,,
2026-02-18,2026-02-18,FO,NSE,IDO,57991,,NIFTY,,2026-03-17,2026-03-17,26150.0,CE,NIFTY2631726150CE,173.0,194.0,148.1,194.0,194.0,173.0,25819.35,194.0,3250,390,22,37634571.0,17,F1,65,,,,,
2026-02-18,2026-02-18,FO,NSE,IDO,57920,,NIFTY,,2026-03-17,2026-03-17,25700.0,CE,NIFTY2631725700CE,395.35,440.0,350.0,435.25,432.35,398.35,25819.35,435.25,7020,-1105,215,364593521.5,190,F1,65,,,,,
2026-02-18,2026-02-18,FO,NSE,IDO,57914,,NIFTY,,2026-03-17,2026-03-17,25550.0,CE,NIFTY2631725550CE,0.0,0.0,0.0,450.55,450.55,450.55,25819.35,549.85,195,0,0,0.0,0,F1,65,,,,,
2026-02-18,2026-02-18,FO,NSE,IDO,57903,,NIFTY,,2026-03-17,2026-03-17,25350.0,CE,NIFTY2631725350CE,0.0,0.0,0.0,914.55,0.0,914.55,25819.35,691.35,0,0,0,0.0,0,F1,65,,,,,
2026-02-18,2026-02-18,FO,NSE,IDO,57857,,NIFTY,,2026-03-17,2026-03-17,24550.0,CE,NIFTY2631724550CE,0.0,0.0,0.0,1578.7,0.0,1578.7,25819.35,1384.35,0,0,0,0.0,0,F1,65,,,,,
2026-02-18,2026-02-18,FO,NSE,IDO,45755,,NIFTY,,2026-03-10,2026-03-10,27700.0,CE,NIFTY2631027700CE,4.85,4.85,4.85,4.85,4.85,32.35,25819.35,4.85,65,65,1,1800815.25,1,F1,65,,,,,
2026-02-18,2026-02-18,FO,NSE,IDO,45705,,NIFTY,,2026-03-10,2026-03-10,26900.0,CE,NIFTY2631026900CE,15.05,15.9,11.85,15.15,14.75,15.3,25819.35,15.15,28535,5265,502,878214649.0,315,F1,65,,,,,
2026-02-18,2026-02-18,FO,NSE,IDO,45663,,NIFTY,,2026-03-10,2026-03-10,26400.0,CE,NIFTY2631026400CE,63.0,69.0,47.3,65.7,65.95,61.5,25819.35,65.7,45240,24115,1088,1870877476.0,815,F1,65,,,,,
2026-02-18,2026-02-18,FO,NSE,IDO,45620,,NIFTY,,2026-03-10,2026-03-10,25850.0,CE,NIFTY2631025850CE,248.75,280.45,208.9,275.05,274.05,248.15,25819.35,275.05,12090,-1430,338,573299775.75,280,F1,65,,,,,
2026-02-18,2026-02-18,FO,NSE,IDO,45527,,NIFTY,,2026-03-10,2026-03-10,24850.0,CE,NIFTY2631024850CE,1095.1,1095.1,1083.85,1090.05,1083.85,1136.5,25819.35,1090.05,65,65,6,10116616.25,6,F1,65,,,,,
2026-02-18,2026-02-18,FO,NSE,IDO,45473,,NIFTY,,2026-03-10,2026-03-10,24000.0,CE,NIFTY2631024000CE,1907.85,1907.85,1896.45,1902.15,1896.45,1893.1,25819.35,1902.15,65,65,2,3367279.5,2,F1,65,,,,,
2026-02-18,2026-02-18,FO,NSE,IDO,45468,,NIFTY,,2026-03-10,2026-03-10,23950.0,CE,NIFTY2631023950CE,0.0,0.0,0.0,1940.6,0.0,1940.6,25819.35,1941.9,0,0,0,0.0,0,F1,65,,,,,
2026-02-18,2026-02-18,FO,NSE,IDO,54806,,NIFTY,,2026-03-02,2026-03-02,24250.0,PE,NIFTY2630224250PE,12.0,14.05,10.8,12.55,14.05,14.0,25819.35,12.55,13455,1950,497,783789090.5,296,F1,65,,,,,
2026-02-18,2026-02-18,FO,NSE,IDO,54794,,NIFTY,,2026-03-02,2026-03-02,23950.0,PE,NIFTY2630223950PE,11.65,11.65,8.1,9.75,8.75,10.6,25819.35,9.75,6370,2145,246,383109418.25,165,F1,65,,,,,
2026-02-18,2026-02-18,FO,NSE,IDO,54759,,NIFTY,,2026-03-02,2026-03-02,23250.0,PE,NIFTY2630223250PE,5.45,7.25,5.0,6.2,7.25,7.3,25819.35,6.2,18720,16315,442,668151503.5,277,F1,65,,,,,
2026-02-18,2026-02-18,FO,NSE,IDO,54755,,NIFTY,,2026-03-02,2026-03-02,23150.0,PE,NIFTY2630223150PE,5.8,8.0,4.75,6.45,5.6,5.9,25819.35,6.45,13650,8645,356,535828933.25,133,F1,65,,,,,
2026-02-18,2026-02-18,FO,NSE,IDO,65094,,NIFTY,,2026-02-24,2026-02-24,27400.0,PE,NIFTY26FEB27400PE,1707.0,1707.0,1580.0,1594.0,1594.0,1659.2,25819.35,1555.9,1300,0,6,11321807.25,5,F1,65,,,,,
2026-02-18,2026-02-18,FO,NSE,IDO,64871,,NIFTY,,2026-02-24,2026-02-24,25950.0,PE,NIFTY26FEB25950PE,250.3,333.05,186.9,196.1,197.25,273.7,25819.35,196.1,358475,166140,81186,138241837048.25,57265,F1,65,,,,,
2026-02-18,2026-02-18,FO,NSE,IDO,64819,,NIFTY,,2026-02-24,2026-02-24,24750.0,PE,NIFTY26FEB24750PE,10.75,11.2,7.15,10.15,10.3,11.2,25819.35,10.15,787995,283075,131454,211561822452.5,50574,F1,65,,,,,
2026-02-18,2026-02-18,FO,NSE,IDO,64807,,NIFTY,,2026-02-24,2026-02-24,24450.0,PE,NIFTY26FEB24450PE,8.0,8.7,5.8,7.65,8.05,8.1,25819.35,7.65,472940,44265,98989,157367018539.25,27099,F1,65,,,,,
2026-02-18,2026-02-18,FO,NSE,IDO,64363,,NIFTY,,2026-02-24,2026-02-24,23200.0,PE,NIFTY26FEB23200PE,2.85,3.35,2.4,3.1,3.3,3.0,25819.35,3.1,1669395,660855,88249,133096270667.75,15371,F1,65,,,,,
2026-02-18,2026-02-18,FO,NSE,IDO,55770,,NIFTY,,2030-12-31,2030-12-31,34500.0,CE,NIFTY30DEC34500CE,0.0,0.0,0.0,3406.35,0.0,3406.35,25819.35,2443.3,0,0,0,0.0,0,F1,65,,,,,
2026-02-18,2026-02-18,FO,NSE,IDO,60892,,NIFTY,,2030-06-25,2030-06-25,18000.0,CE,NIFTY30JUN18000CE,0.0,0.0,0.0,12423.9,0.0,12423.9,25819.35,11661.95,0,0,0,0.0,0,F1,65,,,,,
2026-02-18,2026-02-18,FO,NSE,IDO,55604,,NIFTY,,2029-12-24,2029-12-24,25500.0,CE,NIFTY29DEC25500CE,0.0,0.0,0.0,6500.6,0.0,6500.6,25819.35,5664.35,0,0,0,0.0,0,F1,65,,,,,
2026-02-18,2026-02-18,FO,NSE,IDO,55560,,NIFTY,,2029-06-26,2029-06-26,22500.0,CE,NIFTY29JUN22500CE,0.0,0.0,0.0,7946.5,0.0,7946.5,25819.35,7254.75,0,0,0,0.0,0,F1,65,,,,,
2026-02-18,2026-02-18,FO,NSE,IDO,89624,,NIFTY,,2029-06-26,2029-06-26,21000.0,CE,NIFTY29JUN21000CE,0.0,0.0,0.0,9799.75,0.0,9799.75,25819.35,8422.35,0,0,0,0.0,0,F1,65,,,,,
2026-02-18,2026-02-18,FO,NSE,IDO,55558,,NIFTY,,2029-06-26,2029-06-26,19500.0,CE,NIFTY29JUN19500CE,0.0,0.0,0.0,10206.95,0.0,10206.95,25819.35,9629.45,0,0,0,0.0,0,F1,65,,,,,
2026-02-18,2026-02-18,FO,NSE,IDO,55426,,NIFTY,,2027-12-28,2027-12-28,25500.0,CE,NIFTY27DEC25500CE,0.0,0.0,0.0,4013.5,0.0,4013.5,25819.35,3351.15,0,0,0,0.0,0,F1,65,,,,,
2026-02-18,2026-02-18,FO,NSE,IDO,55376,,NIFTY,,2027-06-29,2027-06-29,25500.0,CE,NIFTY27JUN25500CE,0.0,0.0,0.0,3312.45,0.0,3312.45,25819.35,2704.9,0,0,0,0.0,0,F1,65,,,,,
2026-02-18,2026-02-18,FO,NSE,IDO,55336,,NIFTY,,2026-12-29,2026-12-29,34500.0,CE,NIFTY26DEC34500CE,0.0,0.0,0.0,89.2,0.0,89.2,25819.35,15.6,0,0,0,0.0,0,F1,65,,,,,
2026-02-18,2026-02-18,FO,NSE,IDO,55324,,NIFTY,,2026-12-29,2026-12-29,19500.0,CE,NIFTY26DEC19500CE,0.0,0.0,0.0,7586.85,0.0,7586.85,25819.35,7221.5,0,0,0,0.0,0,F1,65,,,,,
2026-02-18,2026-02-18,FO,NSE,IDO,65929,,NIFTY,,2026-09-29,2026-09-29,33000.0,CE,NIFTY26SEP33000CE,14.15,14.15,10.9,10.9,10.9,23.95,25819.35,10.3,1950,-65,2,4291628.25,2,F1,65,,,,,
2026-02-18,2026-02-18,FO,NSE,IDO,65923,,NIFTY,,2026-09-29,2026-09-29,30000.0,CE,NIFTY26SEP30000CE,90.05,100.15,86.0,98.95,99.0,92.15,25819.35,98.95,96760,-8835,464,907641527.0,312,F1,65,,,,,
2026-02-18,2026-02-18,FO,NSE,IDO,55286,,NIFTY,,2026-09-29,2026-09-29,25500.0,CE,NIFTY26SEP25500CE,1698.0,1786.45,1677.0,1777.85,1786.0,1686.4,25819.35,1777.85,9360,1040,22,38921561.25,9,F1,65,,,,,
2026-02-18,2026-02-18,FO,NSE,IDO,55284,,NIFTY,,2026-09-29,2026-09-29,22500.0,CE,NIFTY26SEP22500CE,0.0,0.0,0.0,4506.85,0.0,4506.85,25819.35,4090.9,0,0,0,0.0,0,F1,65,,,,,
2026-02-18,2026-02-18,FO,NSE,IDO,58149,,NIFTY,,2026-03-17,2026-03-17,27400.0,CE,NIFTY2631727400CE,8.5,9.85,6.65,8.2,8.4,9.45,25819.35,8.2,5070,390,47,83731891.75,43,F1,65,,,,,
2026-02-18,2026-02-18,FO,NSE,IDO,62682,,NIFTY,,2026-03-24,2026-03-24,24650.0,CE,NIFTY2632424650CE,0.0,0.0,0.0,1304.15,0.0,1304.15,25819.35,1327.3,0,0,0,0.0,0,F1,65,,,,,
2026-02-18,2026-02-18,FO,NSE,IDO,62686,,NIFTY,,2026-03-24,2026-03-24,24750.0,CE,NIFTY2632424750CE,0.0,0.0,0.0,1219.45,0.0,1219.45,25819.35,1236.7,0,0,0,0.0,0,F1,65,,,,,
2026-02-18,2026-02-18,FO,NSE,IDO,62694,,NIFTY,,2026-03-24,2026-03-24,24900.0,CE,NIFTY2632424900CE,0.0,0.0,0.0,1096.6,0.0,1096.6,25819.35,1104.5,0,0,0,0.0,0,F1,65,,,,,
2026-02-18,2026-02-18,FO,NSE,IDO,62706,,NIFTY,,2026-03-24,2026-03-24,24950.0,CE,NIFTY2632424950CE,0.0,0.0,0.0,1056.85,0.0,1056.85,25819.35,1061.55,0,0,0,0.0,0,F1,65,,,,,
2026-02-18,2026-02-18,FO,NSE,IDO,58003,,NIFTY,,2026-03-17,2026-03-17,26350.0,CE,NIFTY2631726350CE,0.0,0.0,0.0,341.7,0.0,341.7,25819.35,165.3,0,0,0,0.0,0,F1,65,,,,,
2026-02-18,2026-02-18,FO,NSE,IDO,58043,,NIFTY,,2026-03-17,2026-03-17,26700.0,CE,NIFTY2631726700CE,0.0,0.0,0.0,220.65,0.0,220.65,25819.35,83.1,0,0,0,0.0,0,F1,65,,,,,
2026-02-18,2026-02-18,FO,NSE,IDO,62789,,NIFTY,,2026-03-24,2026-03-24,25650.0,CE,NIFTY2632425650CE,419.7,528.0,419.7,518.25,511.05,577.2,25819.35,518.25,195,195,15,25463295.0,14,F1,65,,,,,
2026-02-18,2026-02-18,FO,NSE,IDO,62848,,NIFTY,,2026-03-24,2026-03-24,26300.0,CE,NIFTY2632426300CE,0.0,0.0,0.0,278.95,0.0,278.95,25819.35,227.85,0,0,0,0.0,0,F1,65,,,,,
2026-02-18,2026-02-18,FO,NSE,IDO,62864,,NIFTY,,2026-03-24,2026-03-24,26650.0,CE,NIFTY2632426650CE,0.0,0.0,0.0,176.4,0.0,176.4,25819.35,128.25,0,0,0,0.0,0,F1,65,,,,,
2026-02-18,2026-02-18,FO,NSE,IDO,62932,,NIFTY,,2026-03-30,2026-03-30,28000.0,CE,NIFTY26MAR28000CE,9.05,10.45,8.3,8.7,8.8,9.7,25819.35,8.7,1579470,40080,5441,9905763816.0,2550,F1,65,,,,,
2026-02-18,2026-02-18,FO,NSE,IDO,54750,,NIFTY,,2026-03-30,2026-03-30,27550.0,CE,NIFTY26MAR27550CE,14.9,14.9,12.3,13.4,13.4,15.3,25819.35,30.85,18525,-325,60,107501195.75,20,F1,65,,,,,
2026-02-18,2026-02-18,FO,NSE,IDO,54738,,NIFTY,,2026-03-30,2026-03-30,27250.0,CE,NIFTY26MAR27250CE,24.35,25.8,21.25,24.9,25.8,25.55,25819.35,24.9,31655,15340,460,815491446.25,253,F1,65,,,,,
2026-02-18,2026-02-18,FO,NSE,IDO,54620,,NIFTY,,2026-03-30,2026-03-30,25900.0,CE,NIFTY26MAR25900CE,379.0,415.25,328.5,405.3,401.0,373.05,25819.35,405.3,283920,36335,5495,9382690606.25,4014,F1,65,,,,,
2026-02-18,2026-02-18,FO,NSE,IDO,54764,,NIFTY,,2026-03-02,2026-03-02,23400.0,CE,NIFTY2630223400CE,2464.4,2464.4,2456.1,2460.25,2456.1,2368.7,25819.35,2460.25,65,-65,2,3361832.5,2,F1,65,,,,,
2026-02-18,2026-02-18,FO,NSE,IDO,65123,,NIFTY,,2026-02-24,2026-02-24,28100.0,CE,NIFTY26FEB28100CE,1.25,1.45,1.0,1.1,1.1,1.15,25819.35,1.1,977080,277745,57420,104881883905.5,8711,F1,65,,,,,
2026-02-18,2026-02-18,FO,NSE,IDO,65101,,NIFTY,,2026-02-24,2026-02-24,27550.0,CE,NIFTY26FEB27550CE,1.35,1.5,1.15,1.25,1.25,1.35,25819.35,1.25,132730,53690,17027,30492590404.25,3994,F1,65,,,,,
2026-02-18,2026-02-18,FO,NSE,IDO,65095,,NIFTY,,2026-02-24,2026-02-24,27450.0,CE,NIFTY26FEB27450CE,1.35,1.55,1.1,1.2,1.2,1.35,25819.35,1.2,171600,105690,23291,41559058086.0,4305,F1,65,,,,,
2026-02-18,2026-02-18,FO,NSE,IDO,65081,,NIFTY,,2026-02-24,2026-02-24,27150.0,CE,NIFTY26FEB27150CE,1.7,2.2,1.3,1.4,1.35,1.7,25819.35,1.4,1130480,769080,118581,209279113069.0,29211,F1,65,,,,,
2026-02-18,2026-02-18,FO,NSE,IDO,64937,,NIFTY,,2026-02-24,2026-02-24,26500.0,CE,NIFTY26FEB26500CE,6.7,6.85,4.7,6.15,6.0,6.4,25819.35,6.15,7481760,1384370,532553,917527862959.5,126186,F1,65,,,,,
2026-02-18,2026-02-18,FO,NSE,IDO,64931,,NIFTY,,2026-02-24,2026-02-24,26400.0,CE,NIFTY26FEB26400CE,7.9,9.7,6.15,8.55,8.4,8.55,25819.35,8.55,3658850,1010425,406994,698612113618.25,120318,F1,65,,,,,
2026-02-18,2026-02-18,FO,NSE,IDO,64874,,NIFTY,,2026-02-24,2026-02-24,26050.0,CE,NIFTY26FEB26050CE,44.35,53.05,26.85,46.95,45.3,42.6,25819.35,46.95,2044965,1066845,746065,1265020519009.0,320795,F1,65,,,,,
2026-02-18,2026-02-18,FO,NSE,IDO,64812,,NIFTY,,2026-02-24,2026-02-24,24600.0,CE,NIFTY26FEB24600CE,1154.4,1240.0,1090.0,1237.05,1233.7,1152.15,25819.35,1237.05,34645,-4355,153,256169881.5,137,F1,65,,,,,
2026-02-18,2026-02-18,FO,NSE,IDO,64792,,NIFTY,,2026-02-24,2026-02-24,24100.0,CE,NIFTY26FEB24100CE,1598.25,1659.65,1598.25,1659.65,1659.65,1633.25,25819.35,1741.15,7280,-65,3,5019140.75,2,F1,65,,,,,
2026-02-18,2026-02-18,FO,NSE,IDO,54594,,NIFTY,,2026-03-30,2026-03-30,25500.0,CE,NIFTY26MAR25500CE,629.85,688.5,569.5,676.85,674.0,625.9,25819.35,676.85,1168635,29640,7552,12823310896.5,5211,F1,65,,,,,
2026-02-18,2026-02-18,FO,NSE,IDO,54590,,NIFTY,,2026-03-30,2026-03-30,25400.0,CE,NIFTY26MAR25400CE,693.85,763.35,638.0,749.65,749.9,699.8,25819.35,749.65,159055,-455,479,812671570.75,399,F1,65,,,,,
2026-02-18,2026-02-18,FO,NSE,IDO,72212,,NIFTY,,2026-04-28,2026-04-28,23100.0,CE,NIFTY26APR23100CE,2930.0,3029.95,2930.0,3028.85,3029.95,2920.0,25819.35,3028.85,390,130,5,8472597.25,3,F1,65,,,,,
2026-02-18,2026-02-18,FO,NSE,IDO,72218,,NIFTY,,2026-04-28,2026-04-28,23250.0,CE,NIFTY26APR23250CE,0.0,0.0,0.0,2607.25,2607.25,2607.25,25819.35,2815.45,65,0,0,0.0,0,F1,65,,,,,
2026-02-18,2026-02-18,FO,NSE,IDO,57897,,NIFTY,,2026-03-17,2026-03-17,25250.0,CE,NIFTY2631725250CE,0.0,0.0,0.0,988.45,0.0,988.45,25819.35,768.0,0,0,0,0.0,0,F1,65,,,,,
2026-02-18,2026-02-18,FO,NSE,IDO,57875,,NIFTY,,2026-03-17,2026-03-17,24800.0,CE,NIFTY2631724800CE,0.0,0.0,0.0,1356.5,0.0,1356.5,25819.35,1151.8,0,0,0,0.0,0,F1,65,,,,,
2026-02-18,2026-02-18,FO,NSE,IDO,57867,,NIFTY,,2026-03-17,2026-03-17,24600.0,CE,NIFTY2631724600CE,0.0,0.0,0.0,1533.45,0.0,1533.45,25819.35,1337.1,0,0,0,0.0,0,F1,65,,,,,
2026-02-18,2026-02-18,FO,NSE,IDO,57791,,NIFTY,,2026-03-17,2026-03-17,23900.0,CE,NIFTY2631723900CE,0.0,0.0,0.0,2192.45,0.0,2192.45,25819.35,2017.9,0,0,0,0.0,0,F1,65,,,,,
2026-02-18,2026-02-18,FO,NSE,IDO,45741,,NIFTY,,2026-03-10,2026-03-10,27500.0,CE,NIFTY2631027500CE,5.25,5.9,3.85,4.2,4.05,5.55,25819.35,4.2,67080,20215,752,1344432352.25,249,F1,65,,,,,
2026-02-18,2026-02-18,FO,NSE,IDO,45665,,NIFTY,,2026-03-10,2026-03-10,26450.0,CE,NIFTY2631026450CE,0.0,0.0,0.0,232.1,0.0,232.1,25819.35,93.6,0,0,0,0.0,0,F1,65,,,,,
2026-02-18,2026-02-18,FO,NSE,IDO,55765,,NIFTY,,2030-12-31,2030-12-31,31500.0,PE,NIFTY30DEC31500PE,0.0,0.0,0.0,1885.5,0.0,1885.5,25819.35,1831.4,0,0,0,0.0,0,F1,65,,,,,
2026-02-18,2026-02-18,FO,NSE,IDO,55651,,NIFTY,,2030-06-25,2030-06-25,31500.0,PE,NIFTY30JUN31500PE,0.0,0.0,0.0,2056.3,0.0,2056.3,25819.35,2016.4,0,0,0,0.0,0,F1,65,,,,,
2026-02-18,2026-02-18,FO,NSE,IDO,72224,,NIFTY,,2026-04-28,2026-04-28,23400.0,CE,NIFTY26APR23400CE,2725.0,2725.0,2725.0,2725.0,2725.0,2633.9,25819.35,2725.0,130,0,1,1698125.0,1,F1,65,,,,,
2026-02-18,2026-02-18,FO,NSE,IDO,72312,,NIFTY,,2026-04-28,2026-04-28,24350.0,CE,NIFTY26APR24350CE,1820.0,1820.0,1820.0,1820.0,1820.0,1768.45,25819.35,1775.5,195,0,1,1701050.0,1,F1,65,,,,,
2026-02-18,2026-02-18,FO,NSE,IDO,72323,,NIFTY,,2026-04-28,2026-04-28,24450.0,CE,NIFTY26APR24450CE,0.0,0.0,0.0,1681.85,1677.3,1681.85,25819.35,1686.65,195,0,0,0.0,0,F1,65,,,,,
2026-02-18,2026-02-18,FO,NSE,IDO,72331,,NIFTY,,2026-04-28,2026-04-28,24650.0,CE,NIFTY26APR24650CE,0.0,0.0,0.0,1508.75,1506.65,1508.75,25819.35,1513.45,65,0,0,0.0,0,F1,65,,,,,
2026-02-18,2026-02-18,FO,NSE,IDO,72335,,NIFTY,,2026-04-28,2026-04-28,24750.0,CE,NIFTY26APR24750CE,1465.05,1465.05,1465.05,1465.05,1465.05,1423.1,25819.35,1429.4,130,0,1,1703978.25,1,F1,65,,,,,
2026-02-18,2026-02-18,FO,NSE,IDO,72342,,NIFTY,,2026-04-28,2026-04-28,24900.0,CE,NIFTY26APR24900CE,1299.05,1368.85,1299.0,1356.0,1330.3,1296.4,25819.35,1356.0,4615,-65,6,10229908.0,6,F1,65,,,,,
2026-02-18,2026-02-18,FO,NSE,IDO,72424,,NIFTY,,2026-04-28,2026-04-28,25650.0,CE,NIFTY26APR25650CE,705.0,796.85,705.0,796.85,796.85,706.45,25819.35,796.85,1105,-65,4,6862547.25,4,F1,65,,,,,
2026-02-18,2026-02-18,FO,NSE,IDO,72729,,NIFTY,,2026-04-28,2026-04-28,27100.0,CE,NIFTY26APR27100CE,109.95,121.0,99.8,117.2,118.0,112.8,25819.35,117.2,127595,8905,918,1623402823.25,521,F1,65,,,,,
2026-02-18,2026-02-18,FO,NSE,IDO,45661,,NIFTY,,2026-03-10,2026-03-10,26350.0,CE,NIFTY2631026350CE,62.6,77.4,55.75,75.75,75.65,70.0,25819.35,75.75,5590,1625,114,195723199.75,70,F1,65,,,,,
2026-02-18,2026-02-18,FO,NSE,IDO,45571,,NIFTY,,2026-03-10,2026-03-10,25550.0,CE,NIFTY2631025550CE,430.0,485.0,380.0,477.9,484.4,434.35,25819.35,477.9,3965,-650,154,260135895.5,143,F1,65,,,,,
2026-02-18,2026-02-18,FO,NSE,IDO,45565,,NIFTY,,2026-03-10,2026-03-10,25450.0,CE,NIFTY2631025450CE,500.75,550.0,455.95,550.0,550.0,422.45,25819.35,560.85,1430,-780,18,30349780.5,16,F1,65,,,,,
2026-02-18,2026-02-18,FO,NSE,IDO,45541,,NIFTY,,2026-03-10,2026-03-10,25050.0,CE,NIFTY2631025050CE,891.6,891.6,880.3,880.3,880.3,830.45,25819.35,880.3,195,65,4,6743512.75,4,F1,65,,,,,
2026-02-18,2026-02-18,FO,NSE,IDO,45535,,NIFTY,,2026-03-10,2026-03-10,24950.0,CE,NIFTY2631024950CE,996.55,996.55,993.05,994.8,993.05,1056.65,25819.35,994.8,65,65,2,3372824.0,2,F1,65,,,,,
2026-02-18,2026-02-18,FO,NSE,IDO,45515,,NIFTY,,2026-03-10,2026-03-10,24650.0,CE,NIFTY2631024650CE,1276.45,1276.45,1270.35,1273.4,1270.35,1303.2,25819.35,1273.4,65,65,2,3370042.0,2,F1,65,,,,,
2026-02-18,2026-02-18,FO,NSE,IDO,45509,,NIFTY,,2026-03-10,2026-03-10,24550.0,CE,NIFTY2631024550CE,1373.45,1373.45,1366.75,1370.1,1366.75,1389.65,25819.35,1370.1,65,65,2,3369613.0,2,F1,65,,,,,
2026-02-18,2026-02-18,FO,NSE,IDO,62938,,NIFTY,,2026-03-24,2026-03-24,27150.0,CE,NIFTY2632427150CE,0.0,0.0,0.0,82.4,0.0,82.4,25819.35,48.95,0,0,0,0.0,0,F1,65,,,,,
2026-02-18,2026-02-18,FO,NSE,IDO,62962,,NIFTY,,2026-03-24,2026-03-24,27350.0,CE,NIFTY2632427350CE,0.0,0.0,0.0,59.0,0.0,59.0,25819.35,31.7,0,0,0,0.0,0,F1,65,,,,,
2026-02-18,2026-02-18,FO,NSE,IDO,54546,,NIFTY,,2026-03-30,2026-03-30,24250.0,CE,NIFTY26MAR24250CE,1764.85,1768.3,1764.85,1766.6,1768.3,1689.55,25819.35,1766.6,260,65,2,3382154.75,2,F1,65,,,,,
2026-02-18,2026-02-18,FO,NSE,IDO,54584,,NIFTY,,2026-03-30,2026-03-30,25250.0,CE,NIFTY26MAR25250CE,787.1,871.9,787.0,870.9,869.0,816.9,25819.35,870.9,15340,0,16,27139992.75,14,F1,65,,,,,
2026-02-18,2026-02-18,FO,NSE,IDO,54586,,NIFTY,,2026-03-30,2026-03-30,25300.0,CE,NIFTY26MAR25300CE,779.05,843.1,718.5,831.25,827.0,776.65,25819.35,831.25,82160,-975,203,344124719.25,172,F1,65,,,,,
2026-02-18,2026-02-18,FO,NSE,IDO,45499,,NIFTY,,2026-03-10,2026-03-10,24500.0,CE,NIFTY2631024500CE,1427.05,1427.05,1419.4,1423.25,1419.4,1433.6,25819.35,1423.25,65,65,2,3370019.25,2,F1,65,,,,,
2026-02-18,2026-02-18,FO,NSE,IDO,55813,,NIFTY,,2026-03-02,2026-03-02,27700.0,CE,NIFTY2630227700CE,2.5,2.65,1.85,2.0,2.2,2.5,25819.35,2.0,131885,39780,2151,3873210789.5,842,F1,65,,,,,
2026-02-18,2026-02-18,FO,NSE,IDO,55725,,NIFTY,,2026-03-02,2026-03-02,27050.0,CE,NIFTY2630227050CE,6.5,7.0,4.85,5.7,5.55,5.7,25819.35,5.7,27560,12220,819,1440311382.25,466,F1,65,,,,,
2026-02-18,2026-02-18,FO,NSE,IDO,57981,,NIFTY,,2026-03-17,2026-03-17,26100.0,CE,NIFTY2631726100CE,175.65,217.75,161.25,213.2,211.2,188.0,25819.35,213.2,8515,1430,85,145189596.5,79,F1,65,,,,,
2026-02-18,2026-02-18,FO,NSE,IDO,55257,,NIFTY,,2026-03-02,2026-03-02,26500.0,CE,NIFTY2630226500CE,21.65,23.3,15.6,21.2,20.45,21.7,25819.35,21.2,669435,249730,34398,59292376601.25,21497,F1,65,,,,,
2026-02-18,2026-02-18,FO,NSE,IDO,54995,,NIFTY,,2026-03-02,2026-03-02,26100.0,CE,NIFTY2630226100CE,86.05,98.15,60.55,92.15,90.9,84.8,25819.35,92.15,334880,62140,37820,64345777502.5,22872,F1,65,,,,,
2026-02-18,2026-02-18,FO,NSE,IDO,54977,,NIFTY,,2026-03-02,2026-03-02,25850.0,CE,NIFTY2630225850CE,177.75,211.05,134.9,201.65,199.0,177.7,25819.35,201.65,166660,70590,18169,30726882995.25,12744,F1,65,,,,,
2026-02-18,2026-02-18,FO,NSE,IDO,54888,,NIFTY,,2026-03-02,2026-03-02,25050.0,CE,NIFTY2630225050CE,754.55,848.4,707.95,833.95,845.15,753.65,25819.35,833.95,2535,-130,61,102516040.25,46,F1,65,,,,,
2026-02-18,2026-02-18,FO,NSE,IDO,72745,,NIFTY,,2026-04-28,2026-04-28,27300.0,CE,NIFTY26APR27300CE,78.8,84.65,70.75,83.25,82.55,79.45,25819.35,83.25,109785,9945,494,879026492.5,347,F1,65,,,,,
2026-02-18,2026-02-18,FO,NSE,IDO,55183,,NIFTY,,2026-06-30,2026-06-30,19500.0,CE,NIFTY26JUN19500CE,0.0,0.0,0.0,7018.7,0.0,7018.7,25819.35,6703.4,0,0,0,0.0,0,F1,65,,,,,
2026-02-18,2026-02-18,FO,NSE,IDO,55185,,NIFTY,,2026-06-30,2026-06-30,22500.0,CE,NIFTY26JUN22500CE,0.0,0.0,0.0,3255.15,3257.3,3255.15,25819.35,3770.65,130,0,0,0.0,0,F1,65,,,,,
2026-02-18,2026-02-18,FO,NSE,IDO,54809,,NIFTY,,2026-03-02,2026-03-02,24350.0,CE,NIFTY2630224350CE,1431.9,1512.4,1431.9,1510.7,1510.7,1437.65,25819.35,1510.7,130,0,4,6718634.0,4,F1,65,,,,,
2026-02-18,2026-02-18,FO,NSE,IDO,55647,,NIFTY,,2030-06-25,2030-06-25,25500.0,PE,NIFTY30JUN25500PE,0.0,0.0,0.0,568.55,0.0,568.55,25819.35,453.45,0,0,0,0.0,0,F1,65,,,,,
2026-02-18,2026-02-18,FO,NSE,IDO,55643,,NIFTY,,2030-06-25,2030-06-25,19500.0,PE,NIFTY30JUN19500PE,0.0,0.0,0.0,64.95,0.0,64.95,25819.35,31.8,0,0,0,0.0,0,F1,65,,,,,
2026-02-18,2026-02-18,FO,NSE,IDO,55563,,NIFTY,,2029-06-26,2029-06-26,25500.0,PE,NIFTY29JUN25500PE,0.0,0.0,0.0,624.25,0.0,624.25,25819.35,504.45,0,0,0,0.0,0,F1,65,,,,,
2026-02-18,2026-02-18,FO,NSE,IDO,89613,,NIFTY,,2029-06-26,2029-06-26,18000.0,PE,NIFTY29JUN18000PE,0.0,0.0,0.0,118.45,0.0,118.45,25819.35,8.35,0,0,0,0.0,0,F1,65,,,,,
2026-02-18,2026-02-18,FO,NSE,IDO,67787,,NIFTY,,2028-12-26,2028-12-26,26000.0,PE,NIFTY28DEC26000PE,0.0,0.0,0.0,965.0,965.0,965.0,25819.35,631.25,5965,0,0,0.0,0,F1,65,,,,,
2026-02-18,2026-02-18,FO,NSE,IDO,55519,,NIFTY,,2028-12-26,2028-12-26,19500.0,PE,NIFTY28DEC19500PE,0.0,0.0,0.0,49.0,0.0,49.0,25819.35,21.35,0,0,0,0.0,0,F1,65,,,,,
2026-02-18,2026-02-18,FO,NSE,IDO,35353,,NIFTY,,2028-06-27,2028-06-27,30000.0,PE,NIFTY28JUN30000PE,0.0,0.0,0.0,3779.25,0.0,3779.25,25819.35,2173.8,0,0,0,0.0,0,F1,65,,,,,
2026-02-18,2026-02-18,FO,NSE,IDO,55479,,NIFTY,,2028-06-27,2028-06-27,28500.0,PE,NIFTY28JUN28500PE,0.0,0.0,0.0,1560.85,0.0,1560.85,25819.35,1481.45,0,0,0,0.0,0,F1,65,,,,,
2026-02-18,2026-02-18,FO,NSE,IDO,55425,,NIFTY,,2027-12-28,2027-12-28,22500.0,PE,NIFTY27DEC22500PE,0.0,0.0,0.0,186.5,0.0,186.5,25819.35,113.15,0,0,0,0.0,0,F1,65,,,,,
2026-02-18,2026-02-18,FO,NSE,IDO,53611,,NIFTY,,2027-12-28,2027-12-28,20000.0,PE,NIFTY27DEC20000PE,0.0,0.0,0.0,180.0,180.0,180.0,25819.35,16.6,3800,0,0,0.0,0,F1,65,,,,,
2026-02-18,2026-02-18,FO,NSE,IDO,55423,,NIFTY,,2027-12-28,2027-12-28,19500.0,PE,NIFTY27DEC19500PE,0.0,0.0,0.0,29.25,0.0,29.25,25819.35,10.4,0,0,0,0.0,0,F1,65,,,,,
2026-02-18,2026-02-18,FO,NSE,IDO,53606,,NIFTY,,2027-12-28,2027-12-28,19000.0,PE,NIFTY27DEC19000PE,0.0,0.0,0.0,140.05,140.05,140.05,25819.35,6.3,675,0,0,0.0,0,F1,65,,,,,
2026-02-18,2026-02-18,FO,NSE,IDO,53604,,NIFTY,,2027-12-28,2027-12-28,18000.0,PE,NIFTY27DEC18000PE,0.0,0.0,0.0,97.05,116.05,97.05,25819.35,2.05,11550,0,0,0.0,0,F1,65,,,,,
2026-02-18,2026-02-18,FO,NSE,IDO,65907,,NIFTY,,2026-09-29,2026-09-29,27000.0,PE,NIFTY26SEP27000PE,1034.35,1041.8,961.9,966.25,974.35,1009.15,25819.35,966.25,150030,32565,717,1305199691.25,591,F1,65,,,,,
2026-02-18,2026-02-18,FO,NSE,IDO,55225,,NIFTY,,2026-06-30,2026-06-30,34500.0,PE,NIFTY26JUN34500PE,0.0,0.0,0.0,7540.2,0.0,7540.2,25819.35,8001.25,0,0,0,0.0,0,F1,65,,,,,
2026-02-18,2026-02-18,FO,NSE,IDO,55191,,NIFTY,,2026-06-30,2026-06-30,28500.0,PE,NIFTY26JUN28500PE,0.0,0.0,0.0,2121.75,0.0,2121.75,25819.35,2249.8,0,0,0,0.0,0,F1,65,,,,,
2026-02-18,2026-02-18,FO,NSE,IDO,71475,,NIFTY,,2026-06-30,2026-06-30,25000.0,PE,NIFTY26JUN25000PE,284.85,296.95,256.0,258.05,259.25,288.15,25819.35,258.05,1317400,87410,6130,10070600891.0,4837,F1,65,,,,,
2026-02-18,2026-02-18,FO,NSE,IDO,72746,,NIFTY,,2026-04-28,2026-04-28,27300.0,PE,NIFTY26APR27300PE,1216.0,1216.0,1207.65,1211.85,1207.65,1303.6,25819.35,1211.85,0,0,2,3706537.25,2,F1,65,,,,,
2026-02-18,2026-02-18,FO,NSE,IDO,72494,,NIFTY,,2026-04-28,2026-04-28,26450.0,PE,NIFTY26APR26450PE,634.8,634.8,632.5,632.5,632.5,692.25,25819.35,732.9,455,65,2,3520874.5,2,F1,65,,,,,
2026-02-18,2026-02-18,FO,NSE,IDO,72466,,NIFTY,,2026-04-28,2026-04-28,26100.0,PE,NIFTY26APR26100PE,502.95,533.2,446.65,451.1,455.5,506.25,25819.35,451.1,29575,2015,247,426815379.25,174,F1,65,,,,,
2026-02-18,2026-02-18,FO,NSE,IDO,72336,,NIFTY,,2026-04-28,2026-04-28,24750.0,PE,NIFTY26APR24750PE,145.0,145.0,120.45,121.2,122.1,145.0,25819.35,121.2,6695,650,21,33957787.5,16,F1,65,,,,,
2026-02-18,2026-02-18,FO,NSE,IDO,54666,,NIFTY,,2026-03-30,2026-03-30,26350.0,PE,NIFTY26MAR26350PE,563.15,567.4,539.0,541.05,539.55,602.05,25819.35,541.05,7475,-130,24,41981394.0,19,F1,65,,,,,
2026-02-18,2026-02-18,FO,NSE,IDO,54664,,NIFTY,,2026-03-30,2026-03-30,26300.0,PE,NIFTY26MAR26300PE,583.75,630.0,505.95,512.55,518.0,585.9,25819.35,512.55,155285,8645,659,1149711914.0,512,F1,65,,,,,
2026-02-18,2026-02-18,FO,NSE,IDO,54545,,NIFTY,,2026-03-30,2026-03-30,24200.0,PE,NIFTY26MAR24200PE,54.35,56.65,45.0,46.25,46.9,56.45,25819.35,46.25,474890,5915,3252,5125770058.5,2032,F1,65,,,,,
2026-02-18,2026-02-18,FO,NSE,IDO,54535,,NIFTY,,2026-03-30,2026-03-30,23900.0,PE,NIFTY26MAR23900PE,43.55,44.5,37.9,38.9,39.65,45.2,25819.35,38.9,325520,650,1520,2365383211.75,1052,F1,65,,,,,
2026-02-18,2026-02-18,FO,NSE,IDO,54533,,NIFTY,,2026-03-30,2026-03-30,23850.0,PE,NIFTY26MAR23850PE,40.05,42.2,36.0,37.35,37.95,43.65,25819.35,37.35,25480,-780,75,116460116.5,36,F1,65,,,,,
2026-02-18,2026-02-18,FO,NSE,IDO,62881,,NIFTY,,2026-03-24,2026-03-24,26950.0,PE,NIFTY2632426950PE,0.0,0.0,0.0,1168.05,0.0,1168.05,25819.35,1066.4,0,0,0,0.0,0,F1,65,,,,,
2026-02-18,2026-02-18,FO,NSE,IDO,62874,,NIFTY,,2026-03-24,2026-03-24,26850.0,PE,NIFTY2632426850PE,0.0,0.0,0.0,1087.15,0.0,1087.15,25819.35,982.5,0,0,0,0.0,0,F1,65,,,,,
2026-02-18,2026-02-18,FO,NSE,IDO,58156,,NIFTY,,2026-03-17,2026-03-17,27550.0,PE,NIFTY2631727550PE,0.0,0.0,0.0,1505.6,0.0,1505.6,25819.35,1628.75,0,0,0,0.0,0,F1,65,,,,,
2026-02-18,2026-02-18,FO,NSE,IDO,58133,,NIFTY,,2026-03-17,2026-03-17,27150.0,PE,NIFTY2631727150PE,0.0,0.0,0.0,1163.35,0.0,1163.35,25819.35,1249.7,0,0,0,0.0,0,F1,65,,,,,
2026-02-18,2026-02-18,FO,NSE,IDO,58131,,NIFTY,,2026-03-17,2026-03-17,27100.0,PE,NIFTY2631727100PE,0.0,0.0,0.0,1122.8,0.0,1122.8,25819.35,1203.8,0,0,0,0.0,0,F1,65,,,,,
2026-02-18,2026-02-18,FO,NSE,IDO,57930,,NIFTY,,2026-03-17,2026-03-17,25800.0,PE,NIFTY2631725800PE,281.3,312.05,234.75,236.9,238.5,289.15,25819.35,236.9,8970,2665,216,365889865.25,189,F1,65,,,,,
2026-02-18,2026-02-18,FO,NSE,IDO,57885,,NIFTY,,2026-03-17,2026-03-17,25000.0,PE,NIFTY2631725000PE,89.5,92.75,68.2,70.35,70.0,89.45,25819.35,70.35,47710,2275,742,1209574541.5,524,F1,65,,,,,
2026-02-18,2026-02-18,FO,NSE,IDO,57872,,NIFTY,,2026-03-17,2026-03-17,24700.0,PE,NIFTY2631724700PE,52.45,60.5,46.95,47.75,48.1,59.8,25819.35,47.75,5850,1105,92,148034227.25,84,F1,65,,,,,
2026-02-18,2026-02-18,FO,NSE,IDO,57856,,NIFTY,,2026-03-17,2026-03-17,24500.0,PE,NIFTY2631724500PE,48.5,48.5,37.1,39.0,37.1,48.5,25819.35,39.0,26195,-390,579,923670874.75,427,F1,65,,,,,
2026-02-18,2026-02-18,FO,NSE,IDO,57792,,NIFTY,,2026-03-17,2026-03-17,23900.0,PE,NIFTY2631723900PE,0.0,0.0,0.0,9.25,0.0,9.25,25819.35,1.5,0,0,0,0.0,0,F1,65,,,,,
2026-02-18,2026-02-18,FO,NSE,IDO,45728,,NIFTY,,2026-03-10,2026-03-10,27250.0,PE,NIFTY2631027250PE,1357.25,1357.25,1350.6,1353.95,1350.6,1428.3,25819.35,1353.95,65,65,2,3718510.25,2,F1,65,,,,,
2026-02-18,2026-02-18,FO,NSE,IDO,45716,,NIFTY,,2026-03-10,2026-03-10,27050.0,PE,NIFTY2631027050PE,1153.85,1157.3,1150.7,1153.55,1152.25,1256.55,25819.35,1153.55,65,65,4,7332916.5,4,F1,65,,,,,
2026-02-18,2026-02-18,FO,NSE,IDO,45714,,NIFTY,,2026-03-10,2026-03-10,27000.0,PE,NIFTY2631027000PE,1104.65,1111.95,1101.65,1106.9,1101.65,1214.8,25819.35,1106.9,195,195,5,9134742.5,5,F1,65,,,,,
2026-02-18,2026-02-18,FO,NSE,IDO,45680,,NIFTY,,2026-03-10,2026-03-10,26600.0,PE,NIFTY2631026600PE,757.0,757.0,744.85,748.6,748.6,900.85,25819.35,765.6,65,65,3,5333279.25,3,F1,65,,,,,
2026-02-18,2026-02-18,FO,NSE,IDO,45624,,NIFTY,,2026-03-10,2026-03-10,25850.0,PE,NIFTY2631025850PE,273.7,310.0,224.05,226.7,227.3,284.65,25819.35,226.7,7150,1365,211,358036695.25,160,F1,65,,,,,
2026-02-18,2026-02-18,FO,NSE,IDO,45596,,NIFTY,,2026-03-10,2026-03-10,25700.0,PE,NIFTY2631025700PE,220.4,243.0,168.0,171.15,173.15,220.45,25819.35,171.15,86580,48815,4773,8034464694.75,3478,F1,65,,,,,
2026-02-18,2026-02-18,FO,NSE,IDO,45498,,NIFTY,,2026-03-10,2026-03-10,24450.0,PE,NIFTY2631024450PE,26.0,27.9,25.55,25.9,26.0,33.3,25819.35,25.9,1690,65,19,30228269.5,14,F1,65,,,,,
2026-02-18,2026-02-18,FO,NSE,IDO,55814,,NIFTY,,2026-03-02,2026-03-02,27700.0,PE,NIFTY2630227700PE,1919.9,1919.9,1825.7,1838.25,1857.05,1914.35,25819.35,1838.25,130,65,4,7685252.25,4,F1,65,,,,,
2026-02-18,2026-02-18,FO,NSE,IDO,55728,,NIFTY,,2026-03-02,2026-03-02,27100.0,PE,NIFTY2630227100PE,1248.1,1248.1,1246.25,1246.25,1246.25,1321.4,25819.35,1246.25,65,65,3,5527639.0,3,F1,65,,,,,
2026-02-18,2026-02-18,FO,NSE,IDO,55720,,NIFTY,,2026-03-02,2026-03-02,26900.0,PE,NIFTY2630226900PE,1061.7,1061.7,1049.45,1052.65,1052.65,1134.15,25819.35,1039.75,260,195,6,10901975.5,6,F1,65,,,,,
2026-02-18,2026-02-18,FO,NSE,IDO,55710,,NIFTY,,2026-03-02,2026-03-02,26750.0,PE,NIFTY2630226750PE,882.65,888.3,882.65,885.5,888.3,982.5,25819.35,885.5,130,0,2,3592611.75,2,F1,65,,,,,
2026-02-18,2026-02-18,FO,NSE,IDO,55222,,NIFTY,,2026-03-02,2026-03-02,26150.0,PE,NIFTY2630226150PE,422.5,486.95,350.5,356.85,364.95,444.5,25819.35,356.85,7215,2210,271,467652311.75,224,F1,65,,,,,
2026-02-18,2026-02-18,FO,NSE,IDO,55121,,NIFTY,,2026-03-02,2026-03-02,26100.0,PE,NIFTY2630226100PE,385.45,456.0,318.0,327.1,329.0,403.9,25819.35,327.1,74295,17290,2942,5060566797.0,2222,F1,65,,,,,
2026-02-18,2026-02-18,FO,NSE,IDO,54962,,NIFTY,,2026-03-02,2026-03-02,25450.0,PE,NIFTY2630225450PE,91.55,115.0,69.95,72.0,73.0,105.6,25819.35,72.0,144235,61100,12265,20361064005.75,8705,F1,65,,,,,
2026-02-18,2026-02-18,FO,NSE,IDO,54835,,NIFTY,,2026-03-02,2026-03-02,24650.0,PE,NIFTY2630224650PE,20.25,21.8,17.6,18.6,18.6,22.75,25819.35,18.6,27690,4680,948,1520118037.75,717,F1,65,,,,,
2026-02-18,2026-02-18,FO,NSE,IDO,58002,,NIFTY,,2026-03-17,2026-03-17,26300.0,PE,NIFTY2631726300PE,0.0,0.0,0.0,516.55,516.55,516.55,25819.35,554.7,65,0,0,0.0,0,F1,65,,,,,
2026-02-18,2026-02-18,FO,NSE,IDO,60945,,NIFTY,,2030-06-25,2030-06-25,33000.0,PE,NIFTY30JUN33000PE,0.0,0.0,0.0,3143.9,0.0,3143.9,25819.35,2632.8,0,0,0,0.0,0,F1,65,,,,,
2026-02-18,2026-02-18,FO,NSE,IDO,60899,,NIFTY,,2030-06-25,2030-06-25,21000.0,PE,NIFTY30JUN21000PE,0.0,0.0,0.0,321.3,0.0,321.3,25819.35,72.65,0,0,0,0.0,0,F1,65,,,,,
2026-02-18,2026-02-18,FO,NSE,IDO,61795,,NIFTY,,2029-12-24,2029-12-24,27000.0,PE,NIFTY29DEC27000PE,0.0,0.0,0.0,1177.9,0.0,1177.9,25819.35,765.8,0,0,0,0.0,0,F1,65,,,,,
2026-02-18,2026-02-18,FO,NSE,IDO,89637,,NIFTY,,2029-06-26,2029-06-26,27000.0,PE,NIFTY29JUN27000PE,0.0,0.0,0.0,1252.35,0.0,1252.35,25819.35,821.3,0,0,0,0.0,0,F1,65,,,,,
2026-02-18,2026-02-18,FO,NSE,IDO,67781,,NIFTY,,2028-12-26,2028-12-26,23000.0,PE,NIFTY28DEC23000PE,0.0,0.0,0.0,362.05,362.05,362.05,25819.35,180.85,375,0,0,0.0,0,F1,65,,,,,
2026-02-18,2026-02-18,FO,NSE,IDO,55471,,NIFTY,,2028-06-27,2028-06-27,19500.0,PE,NIFTY28JUN19500PE,0.0,0.0,0.0,40.05,0.0,40.05,25819.35,16.15,0,0,0,0.0,0,F1,65,,,,,
2026-02-18,2026-02-18,FO,NSE,IDO,47195,,NIFTY,,2027-12-28,2027-12-28,33000.0,PE,NIFTY27DEC33000PE,0.0,0.0,0.0,4155.55,0.0,4155.55,25819.35,4438.5,0,0,0,0.0,0,F1,65,,,,,
2026-02-18,2026-02-18,FO,NSE,IDO,71548,,NIFTY,,2027-06-29,2027-06-29,18000.0,PE,NIFTY27JUN18000PE,0.0,0.0,0.0,93.95,93.95,93.95,25819.35,0.65,100,0,0,0.0,0,F1,65,,,,,
2026-02-18,2026-02-18,FO,NSE,IDO,55333,,NIFTY,,2026-12-29,2026-12-29,31500.0,PE,NIFTY26DEC31500PE,0.0,0.0,0.0,4059.3,0.0,4059.3,25819.35,4343.5,0,0,0,0.0,0,F1,65,,,,,
2026-02-18,2026-02-18,FO,NSE,IDO,35237,,NIFTY,,2026-12-29,2026-12-29,30000.0,PE,NIFTY26DEC30000PE,2797.0,2876.45,2759.4,2767.4,2767.4,2787.3,25819.35,2767.4,205235,-390,32,68206573.5,29,F1,65,,,,,
2026-02-18,2026-02-18,FO,NSE,IDO,55327,,NIFTY,,2026-12-29,2026-12-29,22500.0,PE,NIFTY26DEC22500PE,176.45,178.95,175.0,178.95,178.95,181.0,25819.35,178.95,4225,1170,18,26533052.0,5,F1,65,,,,,
2026-02-18,2026-02-18,FO,NSE,IDO,55325,,NIFTY,,2026-12-29,2026-12-29,19500.0,PE,NIFTY26DEC19500PE,45.9,62.95,45.9,62.95,62.95,25.7,25819.35,62.95,455,390,8,10171625.75,3,F1,65,,,,,
2026-02-18,2026-02-18,FO,NSE,IDO,58641,,NIFTY,,2026-12-29,2026-12-29,18000.0,PE,NIFTY26DEC18000PE,0.0,0.0,0.0,51.5,51.5,51.5,25819.35,0.05,11605,0,0,0.0,0,F1,65,,,,,
2026-02-18,2026-02-18,FO,NSE,IDO,55291,,NIFTY,,2026-09-29,2026-09-29,31500.0,PE,NIFTY26SEP31500PE,0.0,0.0,0.0,4341.2,0.0,4341.2,25819.35,4678.8,0,0,0,0.0,0,F1,65,,,,,
2026-02-18,2026-02-18,FO,NSE,IDO,65903,,NIFTY,,2026-09-29,2026-09-29,25000.0,PE,NIFTY26SEP25000PE,377.0,385.7,352.05,354.6,352.2,384.5,25819.35,354.6,292870,25155,1021,1683530199.0,681,F1,65,,,,,
2026-02-18,2026-02-18,FO,NSE,IDO,55285,,NIFTY,,2026-09-29,2026-09-29,22500.0,PE,NIFTY26SEP22500PE,0.0,0.0,0.0,96.1,96.1,96.1,25819.35,28.05,195,0,0,0.0,0,F1,65,,,,,
2026-02-18,2026-02-18,FO,NSE,IDO,38157,,NIFTY,,2026-06-30,2026-06-30,29000.0,PE,NIFTY26JUN29000PE,2624.75,2624.75,2535.0,2535.05,2535.05,2624.75,25819.35,2535.05,49445,0,12,24637281.5,12,F1,65,,,,,
2026-02-18,2026-02-18,FO,NSE,IDO,37805,,NIFTY,,2026-06-30,2026-06-30,23000.0,PE,NIFTY26JUN23000PE,83.8,83.8,73.0,74.25,73.05,84.6,25819.35,74.25,576655,-149395,4735,7102704082.5,2126,F1,65,,,,,
2026-02-18,2026-02-18,FO,NSE,IDO,38380,,NIFTY,,2026-06-30,2026-06-30,20000.0,PE,NIFTY26JUN20000PE,30.35,33.9,30.35,31.9,32.0,32.65,25819.35,31.9,677475,2795,144,187501990.0,60,F1,65,,,,,
2026-02-18,2026-02-18,FO,NSE,IDO,72724,,NIFTY,,2026-04-28,2026-04-28,26950.0,PE,NIFTY26APR26950PE,945.15,945.15,940.45,942.8,940.45,1031.9,25819.35,942.8,390,65,2,3626064.0,2,F1,65,,,,,
2026-02-18,2026-02-18,FO,NSE,IDO,72664,,NIFTY,,2026-04-28,2026-04-28,26600.0,PE,NIFTY26APR26600PE,765.0,765.0,723.65,729.4,729.4,772.65,25819.35,827.25,10660,130,6,10665044.0,6,F1,65,,,,,
2026-02-18,2026-02-18,FO,NSE,IDO,72484,,NIFTY,,2026-04-28,2026-04-28,26200.0,PE,NIFTY26APR26200PE,535.1,586.0,496.0,498.3,499.5,556.0,25819.35,498.3,52650,390,172,298894417.25,131,F1,65,,,,,
2026-02-18,2026-02-18,FO,NSE,IDO,72458,,NIFTY,,2026-04-28,2026-04-28,26050.0,PE,NIFTY26APR26050PE,477.75,509.3,432.6,434.6,434.05,483.15,25819.35,434.6,3315,650,43,74131752.5,29,F1,65,,,,,
2026-02-18,2026-02-18,FO,NSE,IDO,72353,,NIFTY,,2026-04-28,2026-04-28,25050.0,PE,NIFTY26APR25050PE,182.6,192.05,165.4,165.4,165.4,191.3,25819.35,160.6,3185,1365,22,36076644.5,14,F1,65,,,,,
2026-02-18,2026-02-18,FO,NSE,IDO,72245,,NIFTY,,2026-04-28,2026-04-28,23550.0,PE,NIFTY26APR23550PE,49.05,49.05,49.05,49.05,49.05,55.45,25819.35,49.05,1755,-65,1,1533938.25,1,F1,65,,,,,
2026-02-18,2026-02-18,FO,NSE,IDO,72227,,NIFTY,,2026-04-28,2026-04-28,23450.0,PE,NIFTY26APR23450PE,49.7,49.7,48.8,48.8,48.8,63.3,25819.35,9.0,2730,195,3,4582383.0,2,F1,65,,,,,
2026-02-18,2026-02-18,FO,NSE,IDO,72217,,NIFTY,,2026-04-28,2026-04-28,23200.0,PE,NIFTY26APR23200PE,43.9,43.9,41.35,41.4,41.4,46.35,25819.35,41.4,9100,-520,29,43812002.0,15,F1,65,,,,,
2026-02-18,2026-02-18,FO,NSE,IDO,54827,,NIFTY,,2026-03-30,2026-03-30,27750.0,PE,NIFTY26MAR27750PE,1739.65,1746.7,1739.65,1743.2,1746.7,1841.1,25819.35,1743.2,390,0,2,3834112.75,2,F1,65,,,,,
2026-02-18,2026-02-18,FO,NSE,IDO,54823,,NIFTY,,2026-03-30,2026-03-30,27650.0,PE,NIFTY26MAR27650PE,1648.45,1656.15,1648.45,1652.3,1656.15,1780.35,25819.35,1652.3,1430,0,2,3809299.0,2,F1,65,,,,,
2026-02-18,2026-02-18,FO,NSE,IDO,54749,,NIFTY,,2026-03-30,2026-03-30,27500.0,PE,NIFTY26MAR27500PE,1586.1,1673.2,1501.0,1506.45,1510.75,1593.05,25819.35,1506.45,113880,16900,625,1181242432.5,539,F1,65,,,,,
2026-02-18,2026-02-18,FO,NSE,IDO,54668,,NIFTY,,2026-03-30,2026-03-30,26400.0,PE,NIFTY26MAR26400PE,632.75,690.0,567.4,576.85,578.0,652.3,25819.35,576.85,83330,16250,669,1174203205.5,355,F1,65,,,,,
2026-02-18,2026-02-18,FO,NSE,IDO,54613,,NIFTY,,2026-03-30,2026-03-30,25700.0,PE,NIFTY26MAR25700PE,300.0,316.25,241.35,245.6,246.0,293.15,25819.35,245.6,622635,92950,11650,19671597221.25,7732,F1,65,,,,,
2026-02-18,2026-02-18,FO,NSE,IDO,54583,,NIFTY,,2026-03-30,2026-03-30,25200.0,PE,NIFTY26MAR25200PE,155.0,169.35,125.9,128.45,130.0,161.15,25819.35,128.45,658645,48555,8798,14492505998.75,6623,F1,65,,,,,
2026-02-18,2026-02-18,FO,NSE,IDO,54551,,NIFTY,,2026-03-30,2026-03-30,24350.0,PE,NIFTY26MAR24350PE,61.95,63.3,51.4,51.9,52.3,64.0,25819.35,51.9,18525,1625,174,276048132.75,134,F1,65,,,,,
2026-02-18,2026-02-18,FO,NSE,IDO,54547,,NIFTY,,2026-03-30,2026-03-30,24250.0,PE,NIFTY26MAR24250PE,56.55,58.35,48.0,48.55,48.75,59.6,25819.35,48.55,19435,-975,178,281180815.5,100,F1,65,,,,,
2026-02-18,2026-02-18,FO,NSE,IDO,62943,,NIFTY,,2026-03-24,2026-03-24,27250.0,PE,NIFTY2632427250PE,0.0,0.0,0.0,1423.05,0.0,1423.05,25819.35,1330.95,0,0,0,0.0,0,F1,65,,,,,
2026-02-18,2026-02-18,FO,NSE,IDO,62861,,NIFTY,,2026-03-24,2026-03-24,26550.0,PE,NIFTY2632426550PE,0.0,0.0,0.0,858.85,0.0,858.85,25819.35,747.4,0,0,0,0.0,0,F1,65,,,,,
2026-02-18,2026-02-18,FO,NSE,IDO,62813,,NIFTY,,2026-03-24,2026-03-24,26000.0,PE,NIFTY2632426000PE,400.0,432.7,341.2,344.3,348.0,509.6,25819.35,344.3,4225,4225,128,219467387.75,77,F1,65,,,,,
2026-02-18,2026-02-18,FO,NSE,IDO,62807,,NIFTY,,2026-03-24,2026-03-24,25900.0,PE,NIFTY2632425900PE,359.7,374.35,300.0,300.6,301.15,456.9,25819.35,300.6,1365,1365,219,373608244.75,211,F1,65,,,,,
2026-02-18,2026-02-18,FO,NSE,IDO,62794,,NIFTY,,2026-03-24,2026-03-24,25750.0,PE,NIFTY2632425750PE,291.75,291.85,237.8,241.5,237.8,384.5,25819.35,241.5,1235,1235,51,86232461.25,43,F1,65,,,,,
2026-02-18,2026-02-18,FO,NSE,IDO,62762,,NIFTY,,2026-03-24,2026-03-24,25400.0,PE,NIFTY2632425400PE,177.1,179.6,148.75,150.85,148.75,245.5,25819.35,150.85,2795,2795,65,108009590.0,44,F1,65,,,,,
2026-02-18,2026-02-18,FO,NSE,IDO,62732,,NIFTY,,2026-03-24,2026-03-24,25250.0,PE,NIFTY2632425250PE,0.0,0.0,0.0,198.35,0.0,198.35,25819.35,119.75,0,0,0,0.0,0,F1,65,,,,,
2026-02-18,2026-02-18,FO,NSE,IDO,62661,,NIFTY,,2026-03-24,2026-03-24,24350.0,PE,NIFTY2632424350PE,0.0,0.0,0.0,40.95,0.0,40.95,25819.35,14.4,0,0,0,0.0,0,F1,65,,,,,
2026-02-18,2026-02-18,FO,NSE,IDO,58158,,NIFTY,,2026-03-17,2026-03-17,27600.0,PE,NIFTY2631727600PE,0.0,0.0,0.0,1550.25,0.0,1550.25,25819.35,1677.2,0,0,0,0.0,0,F1,65,,,,,
2026-02-18,2026-02-18,FO,NSE,IDO,58141,,NIFTY,,2026-03-17,2026-03-17,27300.0,PE,NIFTY2631727300PE,0.0,0.0,0.0,1288.25,0.0,1288.25,25819.35,1389.7,0,0,0,0.0,0,F1,65,,,,,
2026-02-18,2026-02-18,FO,NSE,IDO,58116,,NIFTY,,2026-03-17,2026-03-17,27000.0,PE,NIFTY2631727000PE,0.0,0.0,0.0,1043.35,0.0,1043.35,25819.35,1113.35,0,0,0,0.0,0,F1,65,,,,,
2026-02-18,2026-02-18,FO,NSE,IDO,58042,,NIFTY,,2026-03-17,2026-03-17,26650.0,PE,NIFTY2631726650PE,0.0,0.0,0.0,785.4,0.0,785.4,25819.35,814.7,0,0,0,0.0,0,F1,65,,,,,
2026-02-18,2026-02-18,FO,NSE,IDO,58006,,NIFTY,,2026-03-17,2026-03-17,26400.0,PE,NIFTY2631726400PE,0.0,0.0,0.0,623.3,0.0,623.3,25819.35,624.25,0,0,0,0.0,0,F1,65,,,,,
2026-02-18,2026-02-18,FO,NSE,IDO,57992,,NIFTY,,2026-03-17,2026-03-17,26150.0,PE,NIFTY2631726150PE,0.0,0.0,0.0,481.7,0.0,481.7,25819.35,458.35,0,0,0,0.0,0,F1,65,,,,,
2026-02-18,2026-02-18,FO,NSE,IDO,57982,,NIFTY,,2026-03-17,2026-03-17,26100.0,PE,NIFTY2631726100PE,0.0,0.0,0.0,455.9,0.0,455.9,25819.35,428.45,0,0,0,0.0,0,F1,65,,,,,
2026-02-18,2026-02-18,FO,NSE,IDO,57917,,NIFTY,,2026-03-17,2026-03-17,25600.0,PE,NIFTY2631725600PE,215.25,233.85,172.8,175.1,175.2,216.85,25819.35,175.1,11830,5720,252,422522922.25,230,F1,65,,,,,
2026-02-18,2026-02-18,FO,NSE,IDO,57887,,NIFTY,,2026-03-17,2026-03-17,25050.0,PE,NIFTY2631725050PE,0.0,0.0,0.0,105.9,0.0,105.9,25819.35,60.55,0,0,0,0.0,0,F1,65,,,,,
2026-02-18,2026-02-18,FO,NSE,IDO,57874,,NIFTY,,2026-03-17,2026-03-17,24750.0,PE,NIFTY2631724750PE,55.35,63.9,50.05,50.2,50.05,61.65,25819.35,50.2,1560,1560,50,80626091.0,42,F1,65,,,,,
2026-02-18,2026-02-18,FO,NSE,IDO,57846,,NIFTY,,2026-03-17,2026-03-17,24450.0,PE,NIFTY2631724450PE,0.0,0.0,0.0,33.65,0.0,33.65,25819.35,11.2,0,0,0,0.0,0,F1,65,,,,,
2026-02-18,2026-02-18,FO,NSE,IDO,57813,,NIFTY,,2026-03-17,2026-03-17,24200.0,PE,NIFTY2631724200PE,30.45,30.5,30.0,30.5,30.5,19.3,25819.35,4.8,390,390,11,17324749.0,8,F1,65,,,,,
2026-02-18,2026-02-18,FO,NSE,IDO,57802,,NIFTY,,2026-03-17,2026-03-17,24150.0,PE,NIFTY2631724150PE,0.0,0.0,0.0,17.15,0.0,17.15,25819.35,4.0,0,0,0,0.0,0,F1,65,,,,,
2026-02-18,2026-02-18,FO,NSE,IDO,45754,,NIFTY,,2026-03-10,2026-03-10,27650.0,PE,NIFTY2631027650PE,1750.5,1750.5,1735.25,1742.9,1735.25,1790.05,25819.35,1742.9,65,65,2,3821073.75,2,F1,65,,,,,
2026-02-18,2026-02-18,FO,NSE,IDO,45752,,NIFTY,,2026-03-10,2026-03-10,27600.0,PE,NIFTY2631027600PE,1697.5,1697.5,1686.6,1692.05,1686.6,1743.75,25819.35,1692.05,65,65,2,3807966.5,2,F1,65,,,,,
2026-02-18,2026-02-18,FO,NSE,IDO,45740,,NIFTY,,2026-03-10,2026-03-10,27450.0,PE,NIFTY2631027450PE,1554.4,1554.4,1548.0,1551.2,1548.0,1606.55,25819.35,1551.2,65,65,2,3770156.0,2,F1,65,,,,,
2026-02-18,2026-02-18,FO,NSE,IDO,45726,,NIFTY,,2026-03-10,2026-03-10,27200.0,PE,NIFTY2631027200PE,1305.1,1308.35,1301.95,1305.15,1308.35,1384.7,25819.35,1305.15,130,130,3,5558501.0,3,F1,65,,,,,
2026-02-18,2026-02-18,FO,NSE,IDO,45662,,NIFTY,,2026-03-10,2026-03-10,26350.0,PE,NIFTY2631026350PE,546.85,546.85,533.0,536.55,536.55,653.6,25819.35,568.9,130,65,3,5243316.0,3,F1,65,,,,,
2026-02-18,2026-02-18,FO,NSE,IDO,45547,,NIFTY,,2026-03-10,2026-03-10,25100.0,PE,NIFTY2631025100PE,76.9,80.85,57.75,59.1,58.05,78.2,25819.35,59.1,24310,11570,631,1032192512.0,456,F1,65,,,,,
2026-02-18,2026-02-18,FO,NSE,IDO,45534,,NIFTY,,2026-03-10,2026-03-10,24900.0,PE,NIFTY2631024900PE,51.45,56.05,42.7,44.85,45.8,56.45,25819.35,44.85,41860,14885,524,849714300.5,320,F1,65,,,,,
2026-02-18,2026-02-18,FO,NSE,IDO,45526,,NIFTY,,2026-03-10,2026-03-10,24800.0,PE,NIFTY2631024800PE,49.2,49.25,37.2,39.25,40.2,50.5,25819.35,39.25,39260,22295,1113,1797263897.0,581,F1,65,,,,,
2026-02-18,2026-02-18,FO,NSE,IDO,45459,,NIFTY,,2026-03-10,2026-03-10,23850.0,PE,NIFTY2631023850PE,0.0,0.0,0.0,13.9,0.0,13.9,25819.35,0.3,0,0,0,0.0,0,F1,65,,,,,
2026-02-18,2026-02-18,FO,NSE,IDO,55810,,NIFTY,,2026-03-02,2026-03-02,27600.0,PE,NIFTY2630227600PE,1729.25,1735.6,1729.25,1732.45,1735.6,1818.35,25819.35,1732.45,130,0,2,3813215.25,2,F1,65,,,,,
2026-02-18,2026-02-18,FO,NSE,IDO,55732,,NIFTY,,2026-03-02,2026-03-02,27200.0,PE,NIFTY2630227200PE,1349.2,1349.2,1345.4,1345.4,1345.4,1422.35,25819.35,1333.4,65,0,2,3711149.0,2,F1,65,,,,,
2026-02-18,2026-02-18,FO,NSE,IDO,55730,,NIFTY,,2026-03-02,2026-03-02,27150.0,PE,NIFTY2630227150PE,1279.65,1284.5,1279.65,1282.1,1284.5,1376.35,25819.35,1282.1,130,0,2,3696169.75,2,F1,65,,,,,
2026-02-18,2026-02-18,FO,NSE,IDO,55722,,NIFTY,,2026-03-02,2026-03-02,26950.0,PE,NIFTY2630226950PE,1082.25,1087.7,1082.25,1085.0,1087.7,1176.4,25819.35,1085.0,195,0,2,3644546.75,2,F1,65,,,,,
2026-02-18,2026-02-18,FO,NSE,IDO,55712,,NIFTY,,2026-03-02,2026-03-02,26800.0,PE,NIFTY2630226800PE,965.05,965.05,959.15,960.15,960.15,1034.15,25819.35,944.0,195,130,5,9022448.5,5,F1,65,,,,,
2026-02-18,2026-02-18,FO,NSE,IDO,55264,,NIFTY,,2026-03-02,2026-03-02,26500.0,PE,NIFTY2630226500PE,741.95,805.0,647.0,654.6,656.0,740.35,25819.35,654.6,17355,3185,183,323684162.75,137,F1,65,,,,,
2026-02-18,2026-02-18,FO,NSE,IDO,55248,,NIFTY,,2026-03-02,2026-03-02,26300.0,PE,NIFTY2630226300PE,540.95,618.05,474.3,480.3,480.0,564.7,25819.35,480.3,25740,1365,415,723847543.25,310,F1,65,,,,,
2026-02-18,2026-02-18,FO,NSE,IDO,54792,,NIFTY,,2026-03-02,2026-03-02,23900.0,PE,NIFTY2630223900PE,9.15,10.25,7.9,9.3,10.0,10.8,25819.35,9.3,12935,5330,816,1268129365.75,630,F1,65,,,,,
2026-02-18,2026-02-18,FO,NSE,IDO,54773,,NIFTY,,2026-03-02,2026-03-02,23600.0,PE,NIFTY2630223600PE,7.7,8.25,6.4,7.4,7.4,7.7,25819.35,7.4,11570,5005,545,836285999.25,332,F1,65,,,,,
2026-02-18,2026-02-18,FO,NSE,IDO,54769,,NIFTY,,2026-03-02,2026-03-02,23500.0,PE,NIFTY2630223500PE,6.8,7.55,5.4,7.0,7.1,7.15,25819.35,7.0,282295,83200,5086,7771130555.5,2835,F1,65,,,,,
2026-02-18,2026-02-18,FO,NSE,IDO,54761,,NIFTY,,2026-03-02,2026-03-02,23300.0,PE,NIFTY2630223300PE,5.0,7.2,5.0,6.25,6.0,6.5,25819.35,6.25,21125,7735,941,1425515760.5,659,F1,65,,,,,
2026-02-18,2026-02-18,FO,NSE,IDO,65122,,NIFTY,,2026-02-24,2026-02-24,28050.0,PE,NIFTY26FEB28050PE,0.0,0.0,0.0,2297.2,2293.8,2297.2,25819.35,2205.3,455,0,0,0.0,0,F1,65,,,,,
2026-02-18,2026-02-18,FO,NSE,IDO,64936,,NIFTY,,2026-02-24,2026-02-24,26450.0,PE,NIFTY26FEB26450PE,711.15,783.1,620.6,627.0,630.0,712.45,25819.35,627.0,11895,2080,131,231244936.0,113,F1,65,,,,,
2026-02-18,2026-02-18,FO,NSE,IDO,64881,,NIFTY,,2026-02-24,2026-02-24,26200.0,PE,NIFTY26FEB26200PE,455.45,552.75,377.0,390.5,392.0,473.9,25819.35,390.5,766220,83330,20121,34873563718.5,11366,F1,65,,,,,
2026-02-18,2026-02-18,FO,NSE,IDO,64865,,NIFTY,,2026-02-24,2026-02-24,25800.0,PE,NIFTY26FEB25800PE,164.8,223.0,111.0,116.95,117.85,182.4,25819.35,116.95,5409235,2838030,1867426,3150591949310.0,1022755,F1,65,,,,,
2026-02-18,2026-02-18,FO,NSE,IDO,64849,,NIFTY,,2026-02-24,2026-02-24,25400.0,PE,NIFTY26FEB25400PE,47.9,57.7,28.3,29.8,30.0,52.2,25819.35,29.8,5183620,1814410,902465,1492293417030.0,366640,F1,65,,,,,
2026-02-18,2026-02-18,FO,NSE,IDO,64620,,NIFTY,,2026-02-24,2026-02-24,23800.0,PE,NIFTY26FEB23800PE,3.7,5.3,3.2,4.4,4.65,4.15,25819.35,4.4,1938755,1006135,115619,178895220000.25,27194,F1,65,,,,,
2026-02-18,2026-02-18,FO,NSE,IDO,64385,,NIFTY,,2026-02-24,2026-02-24,23550.0,PE,NIFTY26FEB23550PE,3.6,5.0,2.45,3.8,4.0,3.6,25819.35,3.8,97435,51090,16194,24792826532.5,5620,F1,65,,,,,
2026-02-18,2026-02-18,FO,NSE,IDO,64367,,NIFTY,,2026-02-24,2026-02-24,23300.0,PE,NIFTY26FEB23300PE,2.85,3.55,2.4,3.3,3.45,3.1,25819.35,3.3,1318330,271245,83763,126875950106.75,14933,F1,65,,,,,
2026-02-18,2026-02-18,FO,NSE,IDO,55760,,NIFTY,,2030-12-31,2030-12-31,28500.0,CE,NIFTY30DEC28500CE,0.0,0.0,0.0,5968.3,0.0,5968.3,25819.35,4984.3,0,0,0,0.0,0,F1,65,,,,,
2026-02-18,2026-02-18,FO,NSE,IDO,55754,,NIFTY,,2030-12-31,2030-12-31,24000.0,CE,NIFTY30DEC24000CE,0.0,0.0,0.0,8563.3,0.0,8563.3,25819.35,7715.25,0,0,0,0.0,0,F1,65,,,,,
2026-02-18,2026-02-18,FO,NSE,IDO,60944,,NIFTY,,2030-06-25,2030-06-25,33000.0,CE,NIFTY30JUN33000CE,0.0,0.0,0.0,4416.45,0.0,4416.45,25819.35,2474.95,0,0,0,0.0,0,F1,65,,,,,
2026-02-18,2026-02-18,FO,NSE,IDO,55646,,NIFTY,,2030-06-25,2030-06-25,25500.0,CE,NIFTY30JUN25500CE,0.0,0.0,0.0,7070.45,0.0,7070.45,25819.35,6199.5,0,0,0,0.0,0,F1,65,,,,,
2026-02-18,2026-02-18,FO,NSE,IDO,60898,,NIFTY,,2030-06-25,2030-06-25,21000.0,CE,NIFTY30JUN21000CE,0.0,0.0,0.0,10421.65,0.0,10421.65,25819.35,9361.05,0,0,0,0.0,0,F1,65,,,,,
2026-02-18,2026-02-18,FO,NSE,IDO,55606,,NIFTY,,2029-12-24,2029-12-24,28500.0,CE,NIFTY29DEC28500CE,0.0,0.0,0.0,4802.1,0.0,4802.1,25819.35,3905.25,0,0,0,0.0,0,F1,65,,,,,
2026-02-18,2026-02-18,FO,NSE,IDO,61390,,NIFTY,,2029-12-24,2029-12-24,18000.0,CE,NIFTY29DEC18000CE,0.0,0.0,0.0,11362.4,0.0,11362.4,25819.35,11264.1,0,0,0,0.0,0,F1,65,,,,,
2026-02-18,2026-02-18,FO,NSE,IDO,55528,,NIFTY,,2028-12-26,2028-12-26,34500.0,CE,NIFTY28DEC34500CE,0.0,0.0,0.0,1432.8,0.0,1432.8,25819.35,841.2,0,0,0,0.0,0,F1,65,,,,,
2026-02-18,2026-02-18,FO,NSE,IDO,67776,,NIFTY,,2028-12-26,2028-12-26,21000.0,CE,NIFTY28DEC21000CE,0.0,0.0,0.0,7512.5,0.0,7512.5,25819.35,7930.45,0,0,0,0.0,0,F1,65,,,,,
2026-02-18,2026-02-18,FO,NSE,IDO,53624,,NIFTY,,2027-12-28,2027-12-28,24000.0,CE,NIFTY27DEC24000CE,0.0,0.0,0.0,6400.0,6400.0,6400.0,25819.35,4421.6,260,0,0,0.0,0,F1,65,,,,,
2026-02-18,2026-02-18,FO,NSE,IDO,71560,,NIFTY,,2027-06-29,2027-06-29,24000.0,CE,NIFTY27JUN24000CE,0.0,0.0,0.0,4499.0,4499.0,4499.0,25819.35,3790.15,600,0,0,0.0,0,F1,65,,,,,
2026-02-18,2026-02-18,FO,NSE,IDO,38158,,NIFTY,,2026-12-29,2026-12-29,29000.0,CE,NIFTY26DEC29000CE,426.0,470.65,420.8,466.95,465.25,431.8,25819.35,466.95,331105,-207025,7086,13561508291.5,2415,F1,65,,,,,
2026-02-18,2026-02-18,FO,NSE,IDO,65900,,NIFTY,,2026-09-29,2026-09-29,24000.0,CE,NIFTY26SEP24000CE,0.0,0.0,0.0,2742.55,2742.55,2742.55,25819.35,2753.7,65,0,0,0.0,0,F1,65,,,,,
2026-02-18,2026-02-18,FO,NSE,IDO,38154,,NIFTY,,2026-06-30,2026-06-30,29000.0,CE,NIFTY26JUN29000CE,49.05,50.05,43.1,49.6,49.2,49.5,25819.35,49.6,394545,4560,1134,2141036397.5,665,F1,65,,,,,
2026-02-18,2026-02-18,FO,NSE,IDO,50545,,NIFTY,,2026-06-30,2026-06-30,28000.0,CE,NIFTY26JUN28000CE,135.55,151.8,126.65,147.6,146.0,139.0,25819.35,147.6,1455115,74995,4810,8796850205.0,2785,F1,65,,,,,
2026-02-18,2026-02-18,FO,NSE,IDO,50556,,NIFTY,,2026-06-30,2026-06-30,18000.0,CE,NIFTY26JUN18000CE,0.0,0.0,0.0,7580.0,7580.0,7580.0,25819.35,8173.85,175,0,0,0.0,0,F1,65,,,,,
2026-02-18,2026-02-18,FO,NSE,IDO,72760,,NIFTY,,2026-04-28,2026-04-28,27550.0,CE,NIFTY26APR27550CE,54.25,56.0,50.0,56.0,56.0,53.9,25819.35,56.0,38350,910,28,50238789.25,24,F1,65,,,,,
2026-02-18,2026-02-18,FO,NSE,IDO,72727,,NIFTY,,2026-04-28,2026-04-28,27050.0,CE,NIFTY26APR27050CE,121.9,121.9,111.25,120.0,120.0,123.25,25819.35,193.85,4485,585,37,65331581.25,14,F1,65,,,,,
2026-02-18,2026-02-18,FO,NSE,IDO,72719,,NIFTY,,2026-04-28,2026-04-28,26850.0,CE,NIFTY26APR26850CE,155.0,178.05,155.0,178.05,178.05,169.95,25819.35,244.65,5655,1300,34,59689990.75,18,F1,65,,,,,
2026-02-18,2026-02-18,FO,NSE,IDO,72422,,NIFTY,,2026-04-28,2026-04-28,25600.0,CE,NIFTY26APR25600CE,719.1,816.6,715.0,813.95,810.05,761.55,25819.35,813.95,32825,780,169,289706920.75,134,F1,65,,,,,
2026-02-18,2026-02-18,FO,NSE,IDO,72395,,NIFTY,,2026-04-28,2026-04-28,25500.0,CE,NIFTY26APR25500CE,836.0,900.3,781.2,887.75,885.0,836.7,25819.35,887.75,212355,1495,449,768544842.0,338,F1,65,,,,,
2026-02-18,2026-02-18,FO,NSE,IDO,72348,,NIFTY,,2026-04-28,2026-04-28,25000.0,CE,NIFTY26APR25000CE,1210.0,1293.3,1154.8,1282.25,1278.25,1221.35,25819.35,1282.25,121940,-1105,142,242028741.5,119,F1,65,,,,,
2026-02-18,2026-02-18,FO,NSE,IDO,72277,,NIFTY,,2026-04-28,2026-04-28,24250.0,CE,NIFTY26APR24250CE,0.0,0.0,0.0,2016.55,2015.95,2016.55,25819.35,1865.7,1300,0,0,0.0,0,F1,65,,,,,
2026-02-18,2026-02-18,FO,NSE,IDO,62937,,NIFTY,,2026-03-30,2026-03-30,30000.0,CE,NIFTY26MAR30000CE,3.75,4.35,3.2,3.25,3.25,3.75,25819.35,3.25,734255,31300,3380,6591751286.25,1125,F1,65,,,,,
2026-02-18,2026-02-18,FO,NSE,IDO,54838,,NIFTY,,2026-03-30,2026-03-30,27950.0,CE,NIFTY26MAR27950CE,10.0,11.0,8.35,8.95,8.8,10.75,25819.35,8.95,13780,-910,128,232622663.0,55,F1,65,,,,,
2026-02-18,2026-02-18,FO,NSE,IDO,54826,,NIFTY,,2026-03-30,2026-03-30,27750.0,CE,NIFTY26MAR27750CE,11.95,12.35,10.0,10.55,11.0,12.0,25819.35,10.55,7995,455,56,101049438.75,18,F1,65,,,,,
2026-02-18,2026-02-18,FO,NSE,IDO,54822,,NIFTY,,2026-03-30,2026-03-30,27650.0,CE,NIFTY26MAR27650CE,11.65,14.85,11.65,13.6,12.7,13.6,25819.35,13.6,16770,195,196,352423295.25,109,F1,65,,,,,
2026-02-18,2026-02-18,FO,NSE,IDO,54752,,NIFTY,,2026-03-30,2026-03-30,27600.0,CE,NIFTY26MAR27600CE,13.25,15.95,12.25,14.2,12.8,14.35,25819.35,14.2,101270,3770,437,784359641.0,284,F1,65,,,,,
2026-02-18,2026-02-18,FO,NSE,IDO,54732,,NIFTY,,2026-03-30,2026-03-30,27100.0,CE,NIFTY26MAR27100CE,33.3,36.2,28.75,35.15,34.55,34.2,25819.35,35.15,169975,14625,4307,7595637572.25,3074,F1,65,,,,,
2026-02-18,2026-02-18,FO,NSE,IDO,54642,,NIFTY,,2026-03-30,2026-03-30,26200.0,CE,NIFTY26MAR26200CE,227.3,254.65,196.0,248.0,249.3,229.1,25819.35,248.0,608660,76310,6349,10905102838.5,4796,F1,65,,,,,
2026-02-18,2026-02-18,FO,NSE,IDO,54622,,NIFTY,,2026-03-30,2026-03-30,25950.0,CE,NIFTY26MAR25950CE,341.95,381.65,306.35,376.35,374.0,346.05,25819.35,376.35,28340,910,332,567264389.25,257,F1,65,,,,,
2026-02-18,2026-02-18,FO,NSE,IDO,54616,,NIFTY,,2026-03-30,2026-03-30,25800.0,CE,NIFTY26MAR25800CE,441.95,477.05,381.75,467.0,465.0,430.25,25819.35,467.0,418795,82420,8650,14745302302.25,6136,F1,65,,,,,
2026-02-18,2026-02-18,FO,NSE,IDO,54614,,NIFTY,,2026-03-30,2026-03-30,25750.0,CE,NIFTY26MAR25750CE,475.0,510.0,412.05,499.1,495.1,460.4,25819.35,499.1,29445,1235,1187,2022412850.25,933,F1,65,,,,,
2026-02-18,2026-02-18,FO,NSE,IDO,62924,,NIFTY,,2026-03-30,2026-03-30,24000.0,CE,NIFTY26MAR24000CE,1904.4,2016.2,1844.8,2006.0,2000.0,1921.1,25819.35,2006.0,513155,47645,1537,2588899755.0,1281,F1,65,,,,,
2026-02-18,2026-02-18,FO,NSE,IDO,62871,,NIFTY,,2026-03-24,2026-03-24,26800.0,CE,NIFTY2632426800CE,0.0,0.0,0.0,141.5,0.0,141.5,25819.35,97.8,0,0,0,0.0,0,F1,65,,,,,
2026-02-18,2026-02-18,FO,NSE,IDO,62816,,NIFTY,,2026-03-24,2026-03-24,26050.0,CE,NIFTY2632426050CE,0.0,0.0,0.0,376.5,0.0,376.5,25819.35,327.35,0,0,0,0.0,0,F1,65,,,,,
2026-02-18,2026-02-18,FO,NSE,IDO,62812,,NIFTY,,2026-03-24,2026-03-24,26000.0,CE,NIFTY2632426000CE,258.05,310.75,243.85,305.5,303.9,398.55,25819.35,305.5,6695,6695,364,621632098.75,203,F1,65,,,,,
2026-02-18,2026-02-18,FO,NSE,IDO,62802,,NIFTY,,2026-03-24,2026-03-24,25850.0,CE,NIFTY2632425850CE,0.0,0.0,0.0,469.95,0.0,469.95,25819.35,425.55,0,0,0,0.0,0,F1,65,,,,,
2026-02-18,2026-02-18,FO,NSE,IDO,62793,,NIFTY,,2026-03-24,2026-03-24,25750.0,CE,NIFTY2632425750CE,387.35,454.5,379.2,449.6,449.6,521.85,25819.35,449.6,975,975,34,57800902.25,26,F1,65,,,,,
2026-02-18,2026-02-18,FO,NSE,IDO,62710,,NIFTY,,2026-03-24,2026-03-24,25000.0,CE,NIFTY2632425000CE,0.0,0.0,0.0,1017.75,0.0,1017.75,25819.35,1019.25,0,0,0,0.0,0,F1,65,,,,,
2026-02-18,2026-02-18,FO,NSE,IDO,62666,,NIFTY,,2026-03-24,2026-03-24,24500.0,CE,NIFTY2632424500CE,0.0,0.0,0.0,1434.9,0.0,1434.9,25819.35,1466.3,0,0,0,0.0,0,F1,65,,,,,
2026-02-18,2026-02-18,FO,NSE,IDO,62644,,NIFTY,,2026-03-24,2026-03-24,24200.0,CE,NIFTY2632424200CE,0.0,0.0,0.0,1707.35,0.0,1707.35,25819.35,1752.3,0,0,0,0.0,0,F1,65,,,,,
2026-02-18,2026-02-18,FO,NSE,IDO,62642,,NIFTY,,2026-03-24,2026-03-24,24150.0,CE,NIFTY2632424150CE,0.0,0.0,0.0,1753.95,0.0,1753.95,25819.35,1800.75,0,0,0,0.0,0,F1,65,,,,,
2026-02-18,2026-02-18,FO,NSE,IDO,58142,,NIFTY,,2026-03-17,2026-03-17,27350.0,CE,NIFTY2631727350CE,0.0,0.0,0.0,85.4,0.0,85.4,25819.35,17.4,0,0,0,0.0,0,F1,65,,,,,
2026-02-18,2026-02-18,FO,NSE,IDO,58140,,NIFTY,,2026-03-17,2026-03-17,27300.0,CE,NIFTY2631727300CE,0.0,0.0,0.0,92.5,0.0,92.5,25819.35,19.9,0,0,0,0.0,0,F1,65,,,,,
2026-02-18,2026-02-18,FO,NSE,IDO,58138,,NIFTY,,2026-03-17,2026-03-17,27250.0,CE,NIFTY2631727250CE,0.0,0.0,0.0,37.4,37.4,37.4,25819.35,22.7,65,0,0,0.0,0,F1,65,,,,,
2026-02-18,2026-02-18,FO,NSE,IDO,57997,,NIFTY,,2026-03-17,2026-03-17,26200.0,CE,NIFTY2631726200CE,151.95,170.0,130.0,167.5,166.0,150.5,25819.35,167.5,13325,5590,303,518915546.5,256,F1,65,,,,,
2026-02-18,2026-02-18,FO,NSE,IDO,57888,,NIFTY,,2026-03-17,2026-03-17,25100.0,CE,NIFTY2631725100CE,0.0,0.0,0.0,1105.8,0.0,1105.8,25819.35,889.55,0,0,0,0.0,0,F1,65,,,,,
2026-02-18,2026-02-18,FO,NSE,IDO,57886,,NIFTY,,2026-03-17,2026-03-17,25050.0,CE,NIFTY2631725050CE,0.0,0.0,0.0,1146.2,0.0,1146.2,25819.35,931.6,0,0,0,0.0,0,F1,65,,,,,
2026-02-18,2026-02-18,FO,NSE,IDO,57814,,NIFTY,,2026-03-17,2026-03-17,24250.0,CE,NIFTY2631724250CE,0.0,0.0,0.0,1857.0,0.0,1857.0,25819.35,1673.5,0,0,0,0.0,0,F1,65,,,,,
2026-02-18,2026-02-18,FO,NSE,IDO,45727,,NIFTY,,2026-03-10,2026-03-10,27250.0,CE,NIFTY2631027250CE,7.4,7.4,6.65,6.65,6.65,7.4,25819.35,6.65,8190,-1170,26,46064323.5,21,F1,65,,,,,
2026-02-18,2026-02-18,FO,NSE,IDO,45643,,NIFTY,,2026-03-10,2026-03-10,26150.0,CE,NIFTY2631026150CE,114.95,140.0,98.7,133.4,134.7,121.8,25819.35,133.4,7280,3250,167,285153092.25,132,F1,65,,,,,
2026-02-18,2026-02-18,FO,NSE,IDO,45569,,NIFTY,,2026-03-10,2026-03-10,25500.0,CE,NIFTY2631025500CE,455.0,525.0,410.65,513.75,512.55,466.85,25819.35,513.75,54015,7605,1176,1983818736.25,821,F1,65,,,,,
2026-02-18,2026-02-18,FO,NSE,IDO,55811,,NIFTY,,2026-03-02,2026-03-02,27650.0,CE,NIFTY2630227650CE,3.0,3.0,1.95,2.1,2.4,2.4,25819.35,2.1,18915,3315,140,251637067.5,63,F1,65,,,,,
2026-02-18,2026-02-18,FO,NSE,IDO,55223,,NIFTY,,2026-03-02,2026-03-02,26200.0,CE,NIFTY2630226200CE,63.25,68.8,42.35,64.1,63.45,60.2,25819.35,64.1,421330,158600,32847,56053453049.75,19572,F1,65,,,,,
2026-02-18,2026-02-18,FO,NSE,IDO,54969,,NIFTY,,2026-03-02,2026-03-02,25650.0,CE,NIFTY2630225650CE,267.65,340.05,234.0,329.05,328.9,289.3,25819.35,329.05,65845,-4940,18296,30821209058.25,12675,F1,65,,,,,
2026-02-18,2026-02-18,FO,NSE,IDO,54905,,NIFTY,,2026-03-02,2026-03-02,25250.0,CE,NIFTY2630225250CE,574.1,665.0,522.3,658.95,657.05,574.1,25819.35,658.95,4290,260,54,90656767.5,52,F1,65,,,,,
2026-02-18,2026-02-18,FO,NSE,IDO,54772,,NIFTY,,2026-03-02,2026-03-02,23600.0,CE,NIFTY2630223600CE,2254.95,2254.95,2251.5,2251.5,2251.5,2174.5,25819.35,2262.0,130,0,2,3360919.25,2,F1,65,,,,,
2026-02-18,2026-02-18,FO,NSE,IDO,54768,,NIFTY,,2026-03-02,2026-03-02,23500.0,CE,NIFTY2630223500CE,2337.95,2371.4,2337.95,2367.5,2363.6,2278.45,25819.35,2367.5,130,0,3,5042241.75,3,F1,65,,,,,
2026-02-18,2026-02-18,FO,NSE,IDO,65083,,NIFTY,,2026-02-24,2026-02-24,27200.0,CE,NIFTY26FEB27200CE,1.2,2.0,1.2,1.35,1.3,1.6,25819.35,1.35,2460055,430170,215466,380966304585.75,44785,F1,65,,,,,
2026-02-18,2026-02-18,FO,NSE,IDO,65069,,NIFTY,,2026-02-24,2026-02-24,26850.0,CE,NIFTY26FEB26850CE,2.85,3.55,2.15,2.45,2.55,2.9,25819.35,2.45,475735,225355,109663,191410108383.0,32033,F1,65,,,,,
2026-02-18,2026-02-18,FO,NSE,IDO,64841,,NIFTY,,2026-02-24,2026-02-24,25300.0,CE,NIFTY26FEB25300CE,479.95,569.2,400.0,553.4,552.15,480.2,25819.35,553.4,912405,-70785,24114,40384974162.0,13751,F1,65,,,,,
2026-02-18,2026-02-18,FO,NSE,IDO,64802,,NIFTY,,2026-02-24,2026-02-24,24350.0,CE,NIFTY26FEB24350CE,0.0,0.0,0.0,1377.7,1377.7,1377.7,25819.35,1491.35,3705,0,0,0.0,0,F1,65,,,,,
2026-02-18,2026-02-18,FO,NSE,IDO,64664,,NIFTY,,2026-02-24,2026-02-24,23900.0,CE,NIFTY26FEB23900CE,0.0,0.0,0.0,1832.6,1832.6,1832.6,25819.35,1940.95,6630,0,0,0.0,0,F1,65,,,,,
2026-02-18,2026-02-18,FO,NSE,IDO,64624,,NIFTY,,2026-02-24,2026-02-24,23850.0,CE,NIFTY26FEB23850CE,0.0,0.0,0.0,1884.0,1884.0,1884.0,25819.35,1990.9,1820,0,0,0.0,0,F1,65,,,,,
2026-02-18,2026-02-18,FO,NSE,IDO,64376,,NIFTY,,2026-02-24,2026-02-24,23500.0,CE,NIFTY26FEB23500CE,2217.85,2343.0,2170.2,2327.5,2325.0,2242.5,25819.35,2327.5,495820,-3770,248,415165702.25,176,F1,65,,,,,
2026-02-18,2026-02-18,FO,NSE,IDO,64854,,NIFTY,,2026-02-24,2026-02-24,25550.0,CE,NIFTY26FEB25550CE,277.05,343.1,207.6,327.55,324.45,277.0,25819.35,327.55,366210,-12805,155115,260136070762.75,107879,F1,65,,,,,
2026-02-18,2026-02-18,FO,NSE,IDO,64808,,NIFTY,,2026-02-24,2026-02-24,24500.0,CE,NIFTY26FEB24500CE,1248.35,1350.0,1175.0,1336.0,1332.0,1248.35,25819.35,1336.0,296010,-20475,715,1196778973.0,569,F1,65,,,,,
2026-02-18,2026-02-18,FO,NSE,IDO,64790,,NIFTY,,2026-02-24,2026-02-24,24050.0,CE,NIFTY26FEB24050CE,0.0,0.0,0.0,1685.55,1685.55,1685.55,25819.35,1791.1,390,0,0,0.0,0,F1,65,,,,,
2026-02-18,2026-02-18,FO,NSE,IDO,64818,,NIFTY,,2026-02-24,2026-02-24,24750.0,CE,NIFTY26FEB24750CE,1003.2,1083.4,931.2,1068.1,1068.1,1003.2,25819.35,1091.95,18980,-1040,43,72002794.5,31,F1,65,,,,,
2026-02-18,2026-02-18,FO,NSE,IDO,64720,,NIFTY,,2026-02-24,2026-02-24,23950.0,CE,NIFTY26FEB23950CE,0.0,0.0,0.0,1788.45,1788.45,1788.45,25819.35,1891.0,585,0,0,0.0,0,F1,65,,,,,
2026-02-18,2026-02-18,FO,NSE,IDO,55767,,NIFTY,,2030-12-31,2030-12-31,33000.0,PE,NIFTY30DEC33000PE,0.0,0.0,0.0,2387.3,0.0,2387.3,25819.35,2385.85,0,0,0,0.0,0,F1,65,,,,,
2026-02-18,2026-02-18,FO,NSE,IDO,55763,,NIFTY,,2030-12-31,2030-12-31,30000.0,PE,NIFTY30DEC30000PE,0.0,0.0,0.0,1450.1,0.0,1450.1,25819.35,1359.25,0,0,0,0.0,0,F1,65,,,,,
2026-02-18,2026-02-18,FO,NSE,IDO,61391,,NIFTY,,2029-12-24,2029-12-24,18000.0,PE,NIFTY29DEC18000PE,0.0,0.0,0.0,96.5,0.0,96.5,25819.35,10.3,0,0,0,0.0,0,F1,65,,,,,
2026-02-18,2026-02-18,FO,NSE,IDO,89635,,NIFTY,,2029-06-26,2029-06-26,26000.0,PE,NIFTY29JUN26000PE,0.0,0.0,0.0,900.0,900.0,900.0,25819.35,598.5,50,0,0,0.0,0,F1,65,,,,,
2026-02-18,2026-02-18,FO,NSE,IDO,55561,,NIFTY,,2029-06-26,2029-06-26,22500.0,PE,NIFTY29JUN22500PE,0.0,0.0,0.0,224.45,0.0,224.45,25819.35,145.8,0,0,0,0.0,0,F1,65,,,,,
2026-02-18,2026-02-18,FO,NSE,IDO,67771,,NIFTY,,2028-12-26,2028-12-26,18000.0,PE,NIFTY28DEC18000PE,0.0,0.0,0.0,250.0,250.0,250.0,25819.35,6.2,75,0,0,0.0,0,F1,65,,,,,
2026-02-18,2026-02-18,FO,NSE,IDO,55439,,NIFTY,,2027-12-28,2027-12-28,34500.0,PE,NIFTY27DEC34500PE,0.0,0.0,0.0,5258.65,0.0,5258.65,25819.35,5609.2,0,0,0,0.0,0,F1,65,,,,,
2026-02-18,2026-02-18,FO,NSE,IDO,55427,,NIFTY,,2027-12-28,2027-12-28,25500.0,PE,NIFTY27DEC25500PE,0.0,0.0,0.0,676.05,0.0,676.05,25819.35,555.3,0,0,0,0.0,0,F1,65,,,,,
2026-02-18,2026-02-18,FO,NSE,IDO,50984,,NIFTY,,2027-06-29,2027-06-29,27000.0,PE,NIFTY27JUN27000PE,0.0,0.0,0.0,6273.45,0.0,6273.45,25819.35,1054.9,0,0,0,0.0,0,F1,65,,,,,
2026-02-18,2026-02-18,FO,NSE,IDO,71504,,NIFTY,,2026-12-29,2026-12-29,25000.0,PE,NIFTY26DEC25000PE,475.3,485.05,447.15,449.5,450.0,475.3,25819.35,449.5,971695,11380,1191,1971267545.0,851,F1,65,,,,,
2026-02-18,2026-02-18,FO,NSE,IDO,58645,,NIFTY,,2026-12-29,2026-12-29,20000.0,PE,NIFTY26DEC20000PE,90.0,93.9,88.15,89.5,90.0,92.3,25819.35,89.5,124220,1105,60,78348325.25,42,F1,65,,,,,
2026-02-18,2026-02-18,FO,NSE,IDO,58639,,NIFTY,,2026-12-29,2026-12-29,17000.0,PE,NIFTY26DEC17000PE,0.0,0.0,0.0,39.0,39.0,39.0,25819.35,0.05,4020,0,0,0.0,0,F1,65,,,,,
2026-02-18,2026-02-18,FO,NSE,IDO,55293,,NIFTY,,2026-09-29,2026-09-29,34500.0,PE,NIFTY26SEP34500PE,0.0,0.0,0.0,7064.95,0.0,7064.95,25819.35,7543.0,0,0,0,0.0,0,F1,65,,,,,
2026-02-18,2026-02-18,FO,NSE,IDO,65924,,NIFTY,,2026-09-29,2026-09-29,30000.0,PE,NIFTY26SEP30000PE,0.0,0.0,0.0,2600.0,2600.0,2600.0,25819.35,3316.55,65,0,0,0.0,0,F1,65,,,,,
2026-02-18,2026-02-18,FO,NSE,IDO,55289,,NIFTY,,2026-09-29,2026-09-29,28500.0,PE,NIFTY26SEP28500PE,0.0,0.0,0.0,2027.55,0.0,2027.55,25819.35,2091.25,0,0,0,0.0,0,F1,65,,,,,
2026-02-18,2026-02-18,FO,NSE,IDO,65899,,NIFTY,,2026-09-29,2026-09-29,23000.0,PE,NIFTY26SEP23000PE,143.0,146.0,135.0,138.0,140.0,145.9,25819.35,138.0,226340,-8840,394,592668846.25,242,F1,65,,,,,
2026-02-18,2026-02-18,FO,NSE,IDO,47189,,NIFTY,,2026-06-30,2026-06-30,33000.0,PE,NIFTY26JUN33000PE,0.0,0.0,0.0,5977.5,0.0,5977.5,25819.35,6531.2,0,0,0,0.0,0,F1,65,,,,,
2026-02-18,2026-02-18,FO,NSE,IDO,58627,,NIFTY,,2026-06-30,2026-06-30,22000.0,PE,NIFTY26JUN22000PE,55.0,55.05,51.0,51.4,52.0,55.95,25819.35,51.4,212750,915,323,462991867.0,157,F1,65,,,,,
2026-02-18,2026-02-18,FO,NSE,IDO,72423,,NIFTY,,2026-04-28,2026-04-28,25600.0,PE,NIFTY26APR25600PE,314.4,336.7,279.3,282.4,283.25,319.95,25819.35,282.4,48685,2730,368,619527847.25,292,F1,65,,,,,
2026-02-18,2026-02-18,FO,NSE,IDO,72326,,NIFTY,,2026-04-28,2026-04-28,24500.0,PE,NIFTY26APR24500PE,110.05,116.0,96.4,97.85,98.5,114.55,25819.35,97.85,449475,39650,2441,3904025976.5,1741,F1,65,,,,,
2026-02-18,2026-02-18,FO,NSE,IDO,72278,,NIFTY,,2026-04-28,2026-04-28,24250.0,PE,NIFTY26APR24250PE,88.5,88.5,81.4,81.4,81.4,89.7,25819.35,45.55,1950,-390,19,30051801.0,7,F1,65,,,,,
2026-02-18,2026-02-18,FO,NSE,IDO,72268,,NIFTY,,2026-04-28,2026-04-28,24100.0,PE,NIFTY26APR24100PE,78.15,81.0,69.0,69.05,69.9,80.55,25819.35,69.05,18070,3055,81,127274010.5,31,F1,65,,,,,
2026-02-18,2026-02-18,FO,NSE,IDO,72213,,NIFTY,,2026-04-28,2026-04-28,23100.0,PE,NIFTY26APR23100PE,41.95,43.25,40.0,40.95,40.0,43.9,25819.35,40.95,66755,1690,178,267742127.25,100,F1,65,,,,,
2026-02-18,2026-02-18,FO,NSE,IDO,54837,,NIFTY,,2026-03-30,2026-03-30,27900.0,PE,NIFTY26MAR27900PE,1939.7,1967.55,1885.25,1885.25,1885.25,2044.35,25819.35,1885.25,1430,585,11,21335281.5,5,F1,65,,,,,
2026-02-18,2026-02-18,FO,NSE,IDO,54737,,NIFTY,,2026-03-30,2026-03-30,27200.0,PE,NIFTY26MAR27200PE,1374.45,1374.45,1276.65,1318.5,1318.5,1307.4,25819.35,1278.95,4745,195,15,27785780.75,15,F1,65,,,,,
2026-02-18,2026-02-18,FO,NSE,IDO,54729,,NIFTY,,2026-03-30,2026-03-30,26950.0,PE,NIFTY26MAR26950PE,1023.05,1023.05,984.9,984.9,984.9,1091.3,25819.35,984.9,1625,65,3,5451715.75,3,F1,65,,,,,
2026-02-18,2026-02-18,FO,NSE,IDO,54721,,NIFTY,,2026-03-30,2026-03-30,26750.0,PE,NIFTY26MAR26750PE,890.05,949.8,890.0,894.0,894.0,919.15,25819.35,905.65,1820,260,12,21572086.25,12,F1,65,,,,,
2026-02-18,2026-02-18,FO,NSE,IDO,54623,,NIFTY,,2026-03-30,2026-03-30,25950.0,PE,NIFTY26MAR25950PE,386.4,415.5,331.95,336.55,336.75,395.8,25819.35,336.55,23335,6955,351,600235125.75,325,F1,65,,,,,
2026-02-18,2026-02-18,FO,NSE,IDO,54581,,NIFTY,,2026-03-30,2026-03-30,25150.0,PE,NIFTY26MAR25150PE,147.0,155.95,118.15,119.75,121.5,150.55,25819.35,119.75,41600,4550,675,1109346624.75,553,F1,65,,,,,
2026-02-18,2026-02-18,FO,NSE,IDO,54569,,NIFTY,,2026-03-30,2026-03-30,24800.0,PE,NIFTY26MAR24800PE,95.0,103.5,78.5,80.5,80.5,100.3,25819.35,80.5,461760,22360,4879,7893102997.0,3670,F1,65,,,,,
2026-02-18,2026-02-18,FO,NSE,IDO,54557,,NIFTY,,2026-03-30,2026-03-30,24500.0,PE,NIFTY26MAR24500PE,70.05,74.85,58.3,60.4,59.2,73.45,25819.35,60.4,2347930,-32370,12826,20479082741.0,7522,F1,65,,,,,
2026-02-18,2026-02-18,FO,NSE,IDO,54541,,NIFTY,,2026-03-30,2026-03-30,24100.0,PE,NIFTY26MAR24100PE,50.8,52.2,42.85,44.05,43.4,52.7,25819.35,44.05,444925,21320,2387,3746579112.25,1704,F1,65,,,,,
2026-02-18,2026-02-18,FO,NSE,IDO,54531,,NIFTY,,2026-03-30,2026-03-30,23800.0,PE,NIFTY26MAR23800PE,40.3,41.35,35.3,36.15,35.7,41.6,25819.35,36.15,352430,11700,1469,2276186571.75,1055,F1,65,,,,,
2026-02-18,2026-02-18,FO,NSE,IDO,62981,,NIFTY,,2026-03-24,2026-03-24,27450.0,PE,NIFTY2632427450PE,0.0,0.0,0.0,1601.5,0.0,1601.5,25819.35,1515.65,0,0,0,0.0,0,F1,65,,,,,
2026-02-18,2026-02-18,FO,NSE,IDO,62883,,NIFTY,,2026-03-24,2026-03-24,27000.0,PE,NIFTY2632427000PE,0.0,0.0,0.0,1209.35,0.0,1209.35,25819.35,1109.2,0,0,0,0.0,0,F1,65,,,,,
2026-02-18,2026-02-18,FO,NSE,IDO,62878,,NIFTY,,2026-03-24,2026-03-24,26900.0,PE,NIFTY2632426900PE,0.0,0.0,0.0,1127.3,0.0,1127.3,25819.35,1024.15,0,0,0,0.0,0,F1,65,,,,,
2026-02-18,2026-02-18,FO,NSE,IDO,62863,,NIFTY,,2026-03-24,2026-03-24,26600.0,PE,NIFTY2632426600PE,0.0,0.0,0.0,895.2,0.0,895.2,25819.35,784.65,0,0,0,0.0,0,F1,65,,,,,
2026-02-18,2026-02-18,FO,NSE,IDO,62825,,NIFTY,,2026-03-24,2026-03-24,26050.0,PE,NIFTY2632426050PE,0.0,0.0,0.0,537.25,0.0,537.25,25819.35,424.85,0,0,0,0.0,0,F1,65,,,,,
2026-02-18,2026-02-18,FO,NSE,IDO,62811,,NIFTY,,2026-03-24,2026-03-24,25950.0,PE,NIFTY2632425950PE,0.0,0.0,0.0,482.85,0.0,482.85,25819.35,372.4,0,0,0,0.0,0,F1,65,,,,,
2026-02-18,2026-02-18,FO,NSE,IDO,62777,,NIFTY,,2026-03-24,2026-03-24,25600.0,PE,NIFTY2632425600PE,240.5,240.5,195.0,197.0,197.0,319.8,25819.35,197.0,3900,3900,106,177889981.75,77,F1,65,,,,,
2026-02-18,2026-02-18,FO,NSE,IDO,62719,,NIFTY,,2026-03-24,2026-03-24,25200.0,PE,NIFTY2632425200PE,0.0,0.0,0.0,184.2,0.0,184.2,25819.35,108.7,0,0,0,0.0,0,F1,65,,,,,
2026-02-18,2026-02-18,FO,NSE,IDO,62693,,NIFTY,,2026-03-24,2026-03-24,24850.0,PE,NIFTY2632424850PE,0.0,0.0,0.0,105.25,0.0,105.25,25819.35,51.7,0,0,0,0.0,0,F1,65,,,,,
2026-02-18,2026-02-18,FO,NSE,IDO,62681,,NIFTY,,2026-03-24,2026-03-24,24600.0,PE,NIFTY2632424600PE,0.0,0.0,0.0,67.1,0.0,67.1,25819.35,28.2,0,0,0,0.0,0,F1,65,,,,,
2026-02-18,2026-02-18,FO,NSE,IDO,62659,,NIFTY,,2026-03-24,2026-03-24,24300.0,PE,NIFTY2632424300PE,0.0,0.0,0.0,36.9,0.0,36.9,25819.35,12.45,0,0,0,0.0,0,F1,65,,,,,
2026-02-18,2026-02-18,FO,NSE,IDO,62643,,NIFTY,,2026-03-24,2026-03-24,24150.0,PE,NIFTY2632424150PE,0.0,0.0,0.0,26.65,0.0,26.65,25819.35,8.0,0,0,0,0.0,0,F1,65,,,,,
2026-02-18,2026-02-18,FO,NSE,IDO,58135,,NIFTY,,2026-03-17,2026-03-17,27200.0,PE,NIFTY2631727200PE,0.0,0.0,0.0,1204.45,0.0,1204.45,25819.35,1296.0,0,0,0,0.0,0,F1,65,,,,,
2026-02-18,2026-02-18,FO,NSE,IDO,57998,,NIFTY,,2026-03-17,2026-03-17,26200.0,PE,NIFTY2631726200PE,0.0,0.0,0.0,508.3,0.0,508.3,25819.35,489.35,0,0,0,0.0,0,F1,65,,,,,
2026-02-18,2026-02-18,FO,NSE,IDO,57970,,NIFTY,,2026-03-17,2026-03-17,26000.0,PE,NIFTY2631726000PE,385.0,420.95,318.75,324.35,324.95,385.6,25819.35,324.35,11830,3380,485,831672097.75,461,F1,65,,,,,
2026-02-18,2026-02-18,FO,NSE,IDO,57960,,NIFTY,,2026-03-17,2026-03-17,25900.0,PE,NIFTY2631725900PE,334.7,360.95,273.8,277.1,280.0,333.3,25819.35,277.1,5395,3185,105,178894618.5,98,F1,65,,,,,
2026-02-18,2026-02-18,FO,NSE,IDO,57878,,NIFTY,,2026-03-17,2026-03-17,24850.0,PE,NIFTY2631724850PE,0.0,0.0,0.0,74.3,0.0,74.3,25819.35,36.35,0,0,0,0.0,0,F1,65,,,,,
2026-02-18,2026-02-18,FO,NSE,IDO,57798,,NIFTY,,2026-03-17,2026-03-17,24050.0,PE,NIFTY2631724050PE,0.0,0.0,0.0,13.5,0.0,13.5,25819.35,2.75,0,0,0,0.0,0,F1,65,,,,,
2026-02-18,2026-02-18,FO,NSE,IDO,57787,,NIFTY,,2026-03-17,2026-03-17,23800.0,PE,NIFTY2631723800PE,0.0,0.0,0.0,7.15,0.0,7.15,25819.35,1.0,0,0,0,0.0,0,F1,65,,,,,
2026-02-18,2026-02-18,FO,NSE,IDO,57768,,NIFTY,,2026-03-17,2026-03-17,23700.0,PE,NIFTY2631723700PE,0.0,0.0,0.0,5.45,0.0,5.45,25819.35,0.65,0,0,0,0.0,0,F1,65,,,,,
2026-02-18,2026-02-18,FO,NSE,IDO,45678,,NIFTY,,2026-03-10,2026-03-10,26550.0,PE,NIFTY2631026550PE,713.05,713.05,699.9,703.45,703.45,864.5,25819.35,724.4,65,65,3,5314816.0,3,F1,65,,,,,
2026-02-18,2026-02-18,FO,NSE,IDO,45637,,NIFTY,,2026-03-10,2026-03-10,26000.0,PE,NIFTY2631026000PE,370.35,400.0,292.3,297.95,296.6,361.95,25819.35,297.95,65715,15080,1208,2068165482.5,881,F1,65,,,,,
2026-02-18,2026-02-18,FO,NSE,IDO,45632,,NIFTY,,2026-03-10,2026-03-10,25950.0,PE,NIFTY2631025950PE,314.6,364.2,268.0,272.1,272.1,335.75,25819.35,272.1,4420,-65,136,232066591.25,94,F1,65,,,,,
2026-02-18,2026-02-18,FO,NSE,IDO,45630,,NIFTY,,2026-03-10,2026-03-10,25900.0,PE,NIFTY2631025900PE,297.6,335.0,243.2,248.1,248.0,308.4,25819.35,248.1,28145,6825,1054,1793154619.75,727,F1,65,,,,,
2026-02-18,2026-02-18,FO,NSE,IDO,45556,,NIFTY,,2026-03-10,2026-03-10,25200.0,PE,NIFTY2631025200PE,91.65,98.45,68.65,70.6,71.0,93.15,25819.35,70.6,36010,5915,759,1247219954.5,503,F1,65,,,,,
2026-02-18,2026-02-18,FO,NSE,IDO,45450,,NIFTY,,2026-03-10,2026-03-10,23700.0,PE,NIFTY2631023700PE,14.9,14.9,12.6,13.5,12.6,15.25,25819.35,13.5,16445,6890,220,339103141.0,99,F1,65,,,,,
2026-02-18,2026-02-18,FO,NSE,IDO,55270,,NIFTY,,2026-03-02,2026-03-02,26600.0,PE,NIFTY2630226600PE,865.15,865.15,760.0,770.0,770.0,856.55,25819.35,758.3,1820,260,7,12479749.75,7,F1,65,,,,,
2026-02-18,2026-02-18,FO,NSE,IDO,55256,,NIFTY,,2026-03-02,2026-03-02,26450.0,PE,NIFTY2630226450PE,758.0,758.0,608.0,608.0,608.0,697.35,25819.35,608.0,325,0,4,7057440.0,4,F1,65,,,,,
2026-02-18,2026-02-18,FO,NSE,IDO,54980,,NIFTY,,2026-03-02,2026-03-02,25900.0,PE,NIFTY2630225900PE,257.8,314.35,202.55,209.0,211.0,275.5,25819.35,209.0,225095,71240,14645,24896208850.5,9356,F1,65,,,,,
2026-02-18,2026-02-18,FO,NSE,IDO,54972,,NIFTY,,2026-03-02,2026-03-02,25700.0,PE,NIFTY2630225700PE,180.0,206.3,125.45,129.95,131.0,181.9,25819.35,129.95,624715,343005,81169,136459432616.0,54783,F1,65,,,,,
2026-02-18,2026-02-18,FO,NSE,IDO,54908,,NIFTY,,2026-03-02,2026-03-02,25300.0,PE,NIFTY2630225300PE,68.0,81.2,50.55,52.25,53.3,76.15,25819.35,52.25,435760,222170,21697,35771463302.25,14866,F1,65,,,,,
2026-02-18,2026-02-18,FO,NSE,IDO,54890,,NIFTY,,2026-03-02,2026-03-02,25050.0,PE,NIFTY2630225050PE,38.8,45.95,31.65,32.45,33.65,45.5,25819.35,32.45,56940,390,4044,6594366574.25,2967,F1,65,,,,,
2026-02-18,2026-02-18,FO,NSE,IDO,54808,,NIFTY,,2026-03-02,2026-03-02,24300.0,PE,NIFTY2630224300PE,14.3,14.3,11.6,13.3,13.7,14.3,25819.35,13.3,82225,23010,5959,9417311559.5,4636,F1,65,,,,,
2026-02-18,2026-02-18,FO,NSE,IDO,54796,,NIFTY,,2026-03-02,2026-03-02,24000.0,PE,NIFTY2630224000PE,9.35,10.95,8.55,10.3,9.9,10.5,25819.35,10.3,331825,112710,9702,15141382958.0,5402,F1,65,,,,,
2026-02-18,2026-02-18,FO,NSE,IDO,54790,,NIFTY,,2026-03-02,2026-03-02,23850.0,PE,NIFTY2630223850PE,7.15,10.7,7.15,10.35,10.0,11.0,25819.35,10.35,5265,3315,95,147325038.25,47,F1,65,,,,,
2026-02-18,2026-02-18,FO,NSE,IDO,65072,,NIFTY,,2026-02-24,2026-02-24,26900.0,PE,NIFTY26FEB26900PE,1140.0,1222.0,1077.0,1088.9,1088.9,1158.05,25819.35,1056.85,14560,65,25,45527781.0,18,F1,65,,,,,
2026-02-18,2026-02-18,FO,NSE,IDO,65070,,NIFTY,,2026-02-24,2026-02-24,26850.0,PE,NIFTY26FEB26850PE,1138.3,1138.6,1086.3,1094.25,1094.25,1116.5,25819.35,1007.15,585,65,6,10907516.75,6,F1,65,,,,,
2026-02-18,2026-02-18,FO,NSE,IDO,64955,,NIFTY,,2026-02-24,2026-02-24,26500.0,PE,NIFTY26FEB26500PE,759.9,846.9,659.15,676.2,679.0,762.5,25819.35,676.2,2069145,-1755,4316,7645153737.0,3258,F1,65,,,,,
2026-02-18,2026-02-18,FO,NSE,IDO,64863,,NIFTY,,2026-02-24,2026-02-24,25750.0,PE,NIFTY26FEB25750PE,148.0,191.85,92.5,97.7,97.8,157.05,25819.35,97.7,3411785,1963715,2280562,3837209157252.25,1305484,F1,65,,,,,
2026-02-18,2026-02-18,FO,NSE,IDO,64832,,NIFTY,,2026-02-24,2026-02-24,25050.0,PE,NIFTY26FEB25050PE,19.0,19.6,13.3,14.3,14.85,19.85,25819.35,14.3,798460,182715,171660,279677934181.75,76602,F1,65,,,,,
2026-02-18,2026-02-18,FO,NSE,IDO,64830,,NIFTY,,2026-02-24,2026-02-24,25000.0,PE,NIFTY26FEB25000PE,15.35,17.5,11.45,13.6,13.9,17.7,25819.35,13.6,8534630,1151280,603041,980495691919.25,181583,F1,65,,,,,
2026-02-18,2026-02-18,FO,NSE,IDO,55566,,NIFTY,,2029-06-26,2029-06-26,31500.0,CE,NIFTY29JUN31500CE,0.0,0.0,0.0,2878.65,0.0,2878.65,25819.35,2069.55,0,0,0,0.0,0,F1,65,,,,,
2026-02-18,2026-02-18,FO,NSE,IDO,55526,,NIFTY,,2028-12-26,2028-12-26,31500.0,CE,NIFTY28DEC31500CE,0.0,0.0,0.0,2327.6,0.0,2327.6,25819.35,1601.5,0,0,0,0.0,0,F1,65,,,,,
2026-02-18,2026-02-18,FO,NSE,IDO,67794,,NIFTY,,2028-12-26,2028-12-26,30000.0,CE,NIFTY28DEC30000CE,0.0,0.0,0.0,2340.0,2340.0,2340.0,25819.35,2147.0,8305,0,0,0.0,0,F1,65,,,,,
2026-02-18,2026-02-18,FO,NSE,IDO,55522,,NIFTY,,2028-12-26,2028-12-26,25500.0,CE,NIFTY28DEC25500CE,0.0,0.0,0.0,5309.05,0.0,5309.05,25819.35,4551.9,0,0,0,0.0,0,F1,65,,,,,
2026-02-18,2026-02-18,FO,NSE,IDO,67782,,NIFTY,,2028-12-26,2028-12-26,24000.0,CE,NIFTY28DEC24000CE,0.0,0.0,0.0,5850.3,0.0,5850.3,25819.35,5594.6,0,0,0,0.0,0,F1,65,,,,,
2026-02-18,2026-02-18,FO,NSE,IDO,55482,,NIFTY,,2028-06-27,2028-06-27,34500.0,CE,NIFTY28JUN34500CE,0.0,0.0,0.0,1003.35,0.0,1003.35,25819.35,530.9,0,0,0,0.0,0,F1,65,,,,,
2026-02-18,2026-02-18,FO,NSE,IDO,55480,,NIFTY,,2028-06-27,2028-06-27,31500.0,CE,NIFTY28JUN31500CE,0.0,0.0,0.0,1784.8,0.0,1784.8,25819.35,1154.7,0,0,0,0.0,0,F1,65,,,,,
2026-02-18,2026-02-18,FO,NSE,IDO,35352,,NIFTY,,2028-06-27,2028-06-27,30000.0,CE,NIFTY28JUN30000CE,0.0,0.0,0.0,2278.45,0.0,2278.45,25819.35,1639.45,0,0,0,0.0,0,F1,65,,,,,
2026-02-18,2026-02-18,FO,NSE,IDO,86145,,NIFTY,,2028-06-27,2028-06-27,21000.0,CE,NIFTY28JUN21000CE,0.0,0.0,0.0,5226.55,0.0,5226.55,25819.35,7422.4,0,0,0,0.0,0,F1,65,,,,,
2026-02-18,2026-02-18,FO,NSE,IDO,55430,,NIFTY,,2027-12-28,2027-12-28,31500.0,CE,NIFTY27DEC31500CE,1200.0,1200.0,1200.0,1200.0,1200.0,840.0,25819.35,741.8,65,65,1,2125500.0,1,F1,65,,,,,
2026-02-18,2026-02-18,FO,NSE,IDO,55422,,NIFTY,,2027-12-28,2027-12-28,19500.0,CE,NIFTY27DEC19500CE,0.0,0.0,0.0,8684.7,0.0,8684.7,25819.35,8223.55,0,0,0,0.0,0,F1,65,,,,,
2026-02-18,2026-02-18,FO,NSE,IDO,55384,,NIFTY,,2027-06-29,2027-06-29,34500.0,CE,NIFTY27JUN34500CE,0.0,0.0,0.0,304.2,0.0,304.2,25819.35,102.95,0,0,0,0.0,0,F1,65,,,,,
2026-02-18,2026-02-18,FO,NSE,IDO,71547,,NIFTY,,2027-06-29,2027-06-29,18000.0,CE,NIFTY27JUN18000CE,0.0,0.0,0.0,4066.45,0.0,4066.45,25819.35,9116.25,0,0,0,0.0,0,F1,65,,,,,
2026-02-18,2026-02-18,FO,NSE,IDO,58640,,NIFTY,,2026-12-29,2026-12-29,18000.0,CE,NIFTY26DEC18000CE,0.0,0.0,0.0,4501.45,0.0,4501.45,25819.35,8651.25,0,0,0,0.0,0,F1,65,,,,,
2026-02-18,2026-02-18,FO,NSE,IDO,42133,,NIFTY,,2026-06-30,2026-06-30,31000.0,CE,NIFTY26JUN31000CE,15.0,17.1,14.25,15.5,15.5,16.45,25819.35,7.7,49060,390,24,48384397.75,15,F1,65,,,,,
2026-02-18,2026-02-18,FO,NSE,IDO,55190,,NIFTY,,2026-06-30,2026-06-30,28500.0,CE,NIFTY26JUN28500CE,0.0,0.0,0.0,407.5,0.0,407.5,25819.35,130.4,0,0,0,0.0,0,F1,65,,,,,
2026-02-18,2026-02-18,FO,NSE,IDO,50973,,NIFTY,,2026-06-30,2026-06-30,27000.0,CE,NIFTY26JUN27000CE,393.05,432.75,365.0,422.8,421.45,397.0,25819.35,422.8,1868475,50785,5721,10188232980.25,4161,F1,65,,,,,
2026-02-18,2026-02-18,FO,NSE,IDO,72725,,NIFTY,,2026-04-28,2026-04-28,27000.0,CE,NIFTY26APR27000CE,138.0,148.65,120.75,144.45,142.4,135.5,25819.35,144.45,536900,6565,4557,8036662127.0,2701,F1,65,,,,,
2026-02-18,2026-02-18,FO,NSE,IDO,72669,,NIFTY,,2026-04-28,2026-04-28,26750.0,CE,NIFTY26APR26750CE,207.1,214.45,206.3,213.65,214.05,197.65,25819.35,213.65,6045,325,14,24534620.5,10,F1,65,,,,,
2026-02-18,2026-02-18,FO,NSE,IDO,72493,,NIFTY,,2026-04-28,2026-04-28,26450.0,CE,NIFTY26APR26450CE,276.8,322.3,276.1,321.65,321.65,304.3,25819.35,375.85,4095,1105,29,50397321.0,21,F1,65,,,,,
2026-02-18,2026-02-18,FO,NSE,IDO,72491,,NIFTY,,2026-04-28,2026-04-28,26400.0,CE,NIFTY26APR26400CE,318.0,352.05,294.25,347.05,343.95,321.9,25819.35,347.05,42380,-8970,498,864905076.75,282,F1,65,,,,,
2026-02-18,2026-02-18,FO,NSE,IDO,72459,,NIFTY,,2026-04-28,2026-04-28,26100.0,CE,NIFTY26APR26100CE,448.95,496.5,425.85,492.4,492.2,463.75,25819.35,492.4,46280,2600,270,466360462.75,220,F1,65,,,,,
2026-02-18,2026-02-18,FO,NSE,IDO,72367,,NIFTY,,2026-04-28,2026-04-28,25300.0,CE,NIFTY26APR25300CE,964.7,1041.0,919.3,1040.35,1041.0,973.25,25819.35,1040.35,5785,65,19,32457681.75,18,F1,65,,,,,
2026-02-18,2026-02-18,FO,NSE,IDO,72357,,NIFTY,,2026-04-28,2026-04-28,25150.0,CE,NIFTY26APR25150CE,1128.0,1142.45,1128.0,1139.4,1139.4,1086.15,25819.35,1113.35,260,0,3,5125890.25,3,F1,65,,,,,
2026-02-18,2026-02-18,FO,NSE,IDO,72339,,NIFTY,,2026-04-28,2026-04-28,24850.0,CE,NIFTY26APR24850CE,0.0,0.0,0.0,1317.25,1317.25,1317.25,25819.35,1347.2,65,0,0,0.0,0,F1,65,,,,,
2026-02-18,2026-02-18,FO,NSE,IDO,72317,,NIFTY,,2026-04-28,2026-04-28,24400.0,CE,NIFTY26APR24400CE,0.0,0.0,0.0,1717.95,1717.95,1717.95,25819.35,1730.9,65,0,0,0.0,0,F1,65,,,,,
2026-02-18,2026-02-18,FO,NSE,IDO,72263,,NIFTY,,2026-04-28,2026-04-28,24000.0,CE,NIFTY26APR24000CE,2030.0,2166.4,2030.0,2165.0,2165.0,2080.95,25819.35,2165.0,21515,455,9,15268799.0,8,F1,65,,,,,
2026-02-18,2026-02-18,FO,NSE,IDO,54828,,NIFTY,,2026-03-30,2026-03-30,27800.0,CE,NIFTY26MAR27800CE,10.35,12.7,10.0,10.3,10.3,11.45,25819.35,10.3,73645,-2665,404,730302618.5,224,F1,65,,,,,
2026-02-18,2026-02-18,FO,NSE,IDO,54740,,NIFTY,,2026-03-30,2026-03-30,27300.0,CE,NIFTY26MAR27300CE,17.4,24.15,17.4,23.55,23.15,23.55,25819.35,23.55,460525,109720,4763,8458736926.25,2648,F1,65,,,,,
2026-02-18,2026-02-18,FO,NSE,IDO,54734,,NIFTY,,2026-03-30,2026-03-30,27150.0,CE,NIFTY26MAR27150CE,29.85,31.5,25.7,31.05,30.9,31.15,25819.35,31.05,16315,1105,201,355078184.5,124,F1,65,,,,,
2026-02-18,2026-02-18,FO,NSE,IDO,54728,,NIFTY,,2026-03-30,2026-03-30,26950.0,CE,NIFTY26MAR26950CE,46.05,51.2,39.2,49.15,48.45,48.05,25819.35,49.15,28275,650,221,387771380.75,187,F1,65,,,,,
2026-02-18,2026-02-18,FO,NSE,IDO,54714,,NIFTY,,2026-03-30,2026-03-30,26600.0,CE,NIFTY26MAR26600CE,103.95,114.65,85.9,110.65,108.85,104.1,25819.35,110.65,434395,102505,7767,13479569070.5,5535,F1,65,,,,,
2026-02-18,2026-02-18,FO,NSE,IDO,54672,,NIFTY,,2026-03-30,2026-03-30,26500.0,CE,NIFTY26MAR26500CE,135.0,143.7,107.0,137.9,137.0,128.35,25819.35,137.9,2460315,194025,25241,43679560197.0,16087,F1,65,,,,,
2026-02-18,2026-02-18,FO,NSE,IDO,54626,,NIFTY,,2026-03-30,2026-03-30,26100.0,CE,NIFTY26MAR26100CE,270.0,303.95,236.45,295.45,293.3,273.45,25819.35,295.45,427765,54730,4505,7721909380.25,3115,F1,65,,,,,
2026-02-18,2026-02-18,FO,NSE,IDO,54592,,NIFTY,,2026-03-30,2026-03-30,25450.0,CE,NIFTY26MAR25450CE,677.5,723.4,608.7,715.25,712.8,658.95,25819.35,715.25,16705,-2275,78,132408942.25,62,F1,65,,,,,
2026-02-18,2026-02-18,FO,NSE,IDO,54582,,NIFTY,,2026-03-30,2026-03-30,25200.0,CE,NIFTY26MAR25200CE,853.45,925.25,788.0,913.3,903.35,853.5,25819.35,913.3,165165,20085,784,1327688111.75,668,F1,65,,,,,
2026-02-18,2026-02-18,FO,NSE,IDO,54552,,NIFTY,,2026-03-30,2026-03-30,24400.0,CE,NIFTY26MAR24400CE,1495.0,1601.7,1495.0,1601.7,1601.7,1540.35,25819.35,1589.3,10725,780,17,28658782.75,12,F1,65,,,,,
2026-02-18,2026-02-18,FO,NSE,IDO,54540,,NIFTY,,2026-03-30,2026-03-30,24100.0,CE,NIFTY26MAR24100CE,1913.45,1924.05,1913.45,1919.15,1924.05,1820.55,25819.35,1919.15,1495,0,4,6764969.25,4,F1,65,,,,,
2026-02-18,2026-02-18,FO,NSE,IDO,62922,,NIFTY,,2026-03-30,2026-03-30,23000.0,CE,NIFTY26MAR23000CE,2870.0,2977.2,2820.5,2969.85,2966.05,2884.35,25819.35,2969.85,773365,-7650,363,611014355.25,331,F1,65,,,,,
2026-02-18,2026-02-18,FO,NSE,IDO,62942,,NIFTY,,2026-03-24,2026-03-24,27250.0,CE,NIFTY2632427250CE,0.0,0.0,0.0,69.85,0.0,69.85,25819.35,39.55,0,0,0,0.0,0,F1,65,,,,,
2026-02-18,2026-02-18,FO,NSE,IDO,62830,,NIFTY,,2026-03-24,2026-03-24,26150.0,CE,NIFTY2632426150CE,250.0,250.0,199.15,232.0,232.0,335.0,25819.35,232.0,780,780,16,27426837.75,8,F1,65,,,,,
2026-02-18,2026-02-18,FO,NSE,IDO,62690,,NIFTY,,2026-03-24,2026-03-24,24850.0,CE,NIFTY2632424850CE,0.0,0.0,0.0,1136.95,0.0,1136.95,25819.35,1148.05,0,0,0,0.0,0,F1,65,,,,,
2026-02-18,2026-02-18,FO,NSE,IDO,62660,,NIFTY,,2026-03-24,2026-03-24,24350.0,CE,NIFTY2632424350CE,0.0,0.0,0.0,1569.5,0.0,1569.5,25819.35,1608.15,0,0,0,0.0,0,F1,65,,,,,
2026-02-18,2026-02-18,FO,NSE,IDO,62630,,NIFTY,,2026-03-24,2026-03-24,24100.0,CE,NIFTY2632424100CE,0.0,0.0,0.0,1800.8,0.0,1800.8,25819.35,1849.35,0,0,0,0.0,0,F1,65,,,,,
2026-02-18,2026-02-18,FO,NSE,IDO,58157,,NIFTY,,2026-03-17,2026-03-17,27600.0,CE,NIFTY2631727600CE,0.0,0.0,0.0,56.4,0.0,56.4,25819.35,8.6,0,0,0,0.0,0,F1,65,,,,,
2026-02-18,2026-02-18,FO,NSE,IDO,58113,,NIFTY,,2026-03-17,2026-03-17,27000.0,CE,NIFTY2631727000CE,20.25,20.95,16.55,20.45,20.85,20.25,25819.35,20.45,14495,5850,350,614670910.75,244,F1,65,,,,,
2026-02-18,2026-02-18,FO,NSE,IDO,58105,,NIFTY,,2026-03-17,2026-03-17,26950.0,CE,NIFTY2631726950CE,0.0,0.0,0.0,156.6,0.0,156.6,25819.35,47.65,0,0,0,0.0,0,F1,65,,,,,
2026-02-18,2026-02-18,FO,NSE,IDO,57923,,NIFTY,,2026-03-17,2026-03-17,25750.0,CE,NIFTY2631725750CE,369.85,408.45,329.65,405.15,396.4,371.15,25819.35,405.15,1885,910,152,258071612.5,92,F1,65,,,,,
2026-02-18,2026-02-18,FO,NSE,IDO,57910,,NIFTY,,2026-03-17,2026-03-17,25450.0,CE,NIFTY2631725450CE,0.0,0.0,0.0,492.1,492.1,492.1,25819.35,618.5,65,0,0,0.0,0,F1,65,,,,,
2026-02-18,2026-02-18,FO,NSE,IDO,57907,,NIFTY,,2026-03-17,2026-03-17,25400.0,CE,NIFTY2631725400CE,600.0,659.3,542.5,656.85,659.3,603.15,25819.35,656.85,1430,130,26,43920675.5,25,F1,65,,,,,
2026-02-18,2026-02-18,FO,NSE,IDO,57884,,NIFTY,,2026-03-17,2026-03-17,25000.0,CE,NIFTY2631725000CE,0.0,0.0,0.0,1052.25,1052.25,1052.25,25819.35,974.4,65,0,0,0.0,0,F1,65,,,,,
2026-02-18,2026-02-18,FO,NSE,IDO,57877,,NIFTY,,2026-03-17,2026-03-17,24850.0,CE,NIFTY2631724850CE,0.0,0.0,0.0,1313.4,0.0,1313.4,25819.35,1106.6,0,0,0,0.0,0,F1,65,,,,,
2026-02-18,2026-02-18,FO,NSE,IDO,57826,,NIFTY,,2026-03-17,2026-03-17,24350.0,CE,NIFTY2631724350CE,0.0,0.0,0.0,1763.1,0.0,1763.1,25819.35,1576.25,0,0,0,0.0,0,F1,65,,,,,
2026-02-18,2026-02-18,FO,NSE,IDO,57801,,NIFTY,,2026-03-17,2026-03-17,24150.0,CE,NIFTY2631724150CE,0.0,0.0,0.0,1951.9,0.0,1951.9,25819.35,1771.4,0,0,0,0.0,0,F1,65,,,,,
2026-02-18,2026-02-18,FO,NSE,IDO,45735,,NIFTY,,2026-03-10,2026-03-10,27350.0,CE,NIFTY2631027350CE,5.5,5.5,4.6,5.3,5.3,5.5,25819.35,6.9,1495,715,41,72901653.5,25,F1,65,,,,,
2026-02-18,2026-02-18,FO,NSE,IDO,45695,,NIFTY,,2026-03-10,2026-03-10,26750.0,CE,NIFTY2631026750CE,0.0,0.0,0.0,154.1,0.0,154.1,25819.35,43.95,0,0,0,0.0,0,F1,65,,,,,
2026-02-18,2026-02-18,FO,NSE,IDO,45597,,NIFTY,,2026-03-10,2026-03-10,25750.0,CE,NIFTY2631025750CE,315.15,343.6,258.0,333.6,330.75,303.85,25819.35,333.6,21060,13195,1693,2866139357.25,1077,F1,65,,,,,
2026-02-18,2026-02-18,FO,NSE,IDO,45579,,NIFTY,,2026-03-10,2026-03-10,25650.0,CE,NIFTY2631025650CE,340.55,405.95,313.6,401.4,400.85,366.4,25819.35,401.4,10465,2080,988,1669507989.5,535,F1,65,,,,,
2026-02-18,2026-02-18,FO,NSE,IDO,45559,,NIFTY,,2026-03-10,2026-03-10,25300.0,CE,NIFTY2631025300CE,630.45,631.0,564.1,614.35,614.35,624.95,25819.35,675.0,10725,-65,25,42096892.5,25,F1,65,,,,,
2026-02-18,2026-02-18,FO,NSE,IDO,45493,,NIFTY,,2026-03-10,2026-03-10,24400.0,CE,NIFTY2631024400CE,1517.9,1517.9,1509.0,1513.45,1509.0,1522.75,25819.35,1513.45,65,65,2,3368748.5,2,F1,65,,,,,
2026-02-18,2026-02-18,FO,NSE,IDO,45490,,NIFTY,,2026-03-10,2026-03-10,24350.0,CE,NIFTY2631024350CE,1569.05,1569.05,1558.9,1564.0,1558.9,1567.9,25819.35,1564.0,65,65,2,3368816.75,2,F1,65,,,,,
2026-02-18,2026-02-18,FO,NSE,IDO,45482,,NIFTY,,2026-03-10,2026-03-10,24200.0,CE,NIFTY2631024200CE,1712.15,1712.15,1701.55,1706.85,1701.55,1705.5,25819.35,1706.85,65,65,2,3367890.5,2,F1,65,,,,,
2026-02-18,2026-02-18,FO,NSE,IDO,45479,,NIFTY,,2026-03-10,2026-03-10,24150.0,CE,NIFTY2631024150CE,1761.05,1761.05,1750.3,1755.7,1750.3,1752.0,25819.35,1755.7,65,65,2,3367737.75,2,F1,65,,,,,
2026-02-18,2026-02-18,FO,NSE,IDO,45458,,NIFTY,,2026-03-10,2026-03-10,23850.0,CE,NIFTY2631023850CE,0.0,0.0,0.0,2036.25,0.0,2036.25,25819.35,2041.4,0,0,0,0.0,0,F1,65,,,,,
2026-02-18,2026-02-18,FO,NSE,IDO,55729,,NIFTY,,2026-03-02,2026-03-02,27150.0,CE,NIFTY2630227150CE,5.4,5.5,3.9,4.6,4.05,4.9,25819.35,4.6,7995,-910,620,1094343022.5,413,F1,65,,,,,
2026-02-18,2026-02-18,FO,NSE,IDO,55231,,NIFTY,,2026-03-02,2026-03-02,26300.0,CE,NIFTY2630226300CE,43.0,47.7,30.0,44.1,42.9,42.65,25819.35,44.1,404040,113685,29653,50762547810.0,20769,F1,65,,,,,
2026-02-18,2026-02-18,FO,NSE,IDO,54907,,NIFTY,,2026-03-02,2026-03-02,25300.0,CE,NIFTY2630225300CE,548.0,625.2,481.65,615.8,611.7,551.85,25819.35,615.8,43875,-585,933,1566928421.5,685,F1,65,,,,,
2026-02-18,2026-02-18,FO,NSE,IDO,54886,,NIFTY,,2026-03-02,2026-03-02,25000.0,CE,NIFTY2630225000CE,800.05,898.85,745.5,892.95,890.0,817.15,25819.35,892.95,34515,2535,289,484681174.25,232,F1,65,,,,,
2026-02-18,2026-02-18,FO,NSE,IDO,54876,,NIFTY,,2026-03-02,2026-03-02,24750.0,CE,NIFTY2630224750CE,1116.3,1122.85,1116.3,1119.55,1119.55,1050.65,25819.35,1118.1,130,0,3,5044565.5,3,F1,65,,,,,
2026-02-18,2026-02-18,FO,NSE,IDO,54776,,NIFTY,,2026-03-02,2026-03-02,23700.0,CE,NIFTY2630223700CE,2149.25,2149.25,2146.9,2146.9,2146.9,2076.0,25819.35,2162.15,130,0,2,3360249.75,2,F1,65,,,,,
2026-02-18,2026-02-18,FO,NSE,IDO,65111,,NIFTY,,2026-02-24,2026-02-24,27800.0,CE,NIFTY26FEB27800CE,1.2,1.4,1.0,1.1,1.05,1.15,25819.35,1.1,278785,152100,21372,38620854109.5,3507,F1,65,,,,,
2026-02-18,2026-02-18,FO,NSE,IDO,65056,,NIFTY,,2026-02-24,2026-02-24,26800.0,CE,NIFTY26FEB26800CE,2.7,3.8,2.3,2.65,2.7,3.1,25819.35,2.65,2609490,623155,397347,692257479758.0,87445,F1,65,,,,,
2026-02-18,2026-02-18,FO,NSE,IDO,64872,,NIFTY,,2026-02-24,2026-02-24,26000.0,CE,NIFTY26FEB26000CE,50.0,68.0,34.1,60.65,58.85,54.15,25819.35,60.65,10767055,1832350,2057525,3483431126600.75,786316,F1,65,,,,,
2026-02-18,2026-02-18,FO,NSE,IDO,64868,,NIFTY,,2026-02-24,2026-02-24,25900.0,CE,NIFTY26FEB25900CE,91.25,106.9,53.5,97.3,94.2,84.35,25819.35,97.3,4851600,1303380,1970017,3325942124716.25,901013,F1,65,,,,,
2026-02-18,2026-02-18,FO,NSE,IDO,64862,,NIFTY,,2026-02-24,2026-02-24,25750.0,CE,NIFTY26FEB25750CE,160.0,191.5,101.3,178.5,174.5,150.35,25819.35,178.5,2590380,693095,3172936,5337954249972.5,1726452,F1,65,,,,,
2026-02-18,2026-02-18,FO,NSE,IDO,58151,,NIFTY,,2026-03-17,2026-03-17,27450.0,CE,NIFTY2631727450CE,0.0,0.0,0.0,72.6,0.0,72.6,25819.35,13.2,0,0,0,0.0,0,F1,65,,,,,
2026-02-18,2026-02-18,FO,NSE,IDO,62731,,NIFTY,,2026-03-24,2026-03-24,25250.0,CE,NIFTY2632425250CE,0.0,0.0,0.0,832.55,0.0,832.55,25819.35,818.1,0,0,0,0.0,0,F1,65,,,,,
2026-02-18,2026-02-18,FO,NSE,IDO,62854,,NIFTY,,2026-03-24,2026-03-24,26450.0,CE,NIFTY2632426450CE,0.0,0.0,0.0,230.05,0.0,230.05,25819.35,179.9,0,0,0,0.0,0,F1,65,,,,,
2026-02-18,2026-02-18,FO,NSE,IDO,62868,,NIFTY,,2026-03-24,2026-03-24,26750.0,CE,NIFTY2632426750CE,0.0,0.0,0.0,152.2,0.0,152.2,25819.35,107.25,0,0,0,0.0,0,F1,65,,,,,
2026-02-18,2026-02-18,FO,NSE,IDO,62873,,NIFTY,,2026-03-24,2026-03-24,26850.0,CE,NIFTY2632426850CE,77.65,77.65,45.0,46.95,45.45,131.4,25819.35,46.95,1105,1105,27,47205411.5,19,F1,65,,,,,
2026-02-18,2026-02-18,FO,NSE,IDO,62886,,NIFTY,,2026-03-24,2026-03-24,27100.0,CE,NIFTY2632427100CE,0.0,0.0,0.0,89.3,0.0,89.3,25819.35,54.3,0,0,0,0.0,0,F1,65,,,,,
2026-02-18,2026-02-18,FO,NSE,IDO,54528,,NIFTY,,2026-03-30,2026-03-30,23750.0,CE,NIFTY26MAR23750CE,0.0,0.0,0.0,1627.7,1632.05,1627.7,25819.35,2215.85,65,0,0,0.0,0,F1,65,,,,,
2026-02-18,2026-02-18,FO,NSE,IDO,54572,,NIFTY,,2026-03-30,2026-03-30,24900.0,CE,NIFTY26MAR24900CE,1035.4,1170.2,1031.35,1170.2,1170.2,1105.85,25819.35,1170.2,15470,780,74,124924588.75,44,F1,65,,,,,
2026-02-18,2026-02-18,FO,NSE,IDO,54578,,NIFTY,,2026-03-30,2026-03-30,25100.0,CE,NIFTY26MAR25100CE,925.05,1010.25,877.3,1000.75,989.3,935.3,25819.35,1000.75,30030,-1430,131,221699237.5,96,F1,65,,,,,
2026-02-18,2026-02-18,FO,NSE,IDO,54624,,NIFTY,,2026-03-30,2026-03-30,26050.0,CE,NIFTY26MAR26050CE,289.55,325.8,258.8,322.0,318.85,295.55,25819.35,322.0,53170,4550,634,1085511722.75,442,F1,65,,,,,
2026-02-18,2026-02-18,FO,NSE,IDO,54724,,NIFTY,,2026-03-30,2026-03-30,26850.0,CE,NIFTY26MAR26850CE,57.7,63.85,49.3,62.3,61.5,59.6,25819.35,62.3,30355,2600,302,528180997.5,234,F1,65,,,,,
2026-02-18,2026-02-18,FO,NSE,IDF,66691,,NIFTY,,2026-04-28,2026-04-28,,,NIFTY26APRFUT,26080.0,26155.0,25981.0,26144.5,26142.0,26054.4,25819.35,26144.5,503880,24050,1852,3138784714.0,1426,F1,65,,,,,
2026-02-18,2026-02-18,FO,NSE,IDO,64406,,NIFTY,,2026-02-24,2026-02-24,23650.0,CE,NIFTY26FEB23650CE,0.0,0.0,0.0,2075.3,2075.3,2075.3,25819.35,2190.7,1495,0,0,0.0,0,F1,65,,,,,
2026-02-18,2026-02-18,FO,NSE,IDO,54730,,NIFTY,,2026-03-30,2026-03-30,27050.0,CE,NIFTY26MAR27050CE,36.55,39.4,31.5,38.9,38.45,38.2,25819.35,38.9,26325,780,291,512312875.75,195,F1,65,,,,,
2026-02-18,2026-02-18,FO,NSE,IDO,54744,,NIFTY,,2026-03-30,2026-03-30,27400.0,CE,NIFTY26MAR27400CE,18.2,19.75,16.3,19.05,18.75,19.45,25819.35,19.05,104845,15600,1204,2145757253.25,700,F1,65,,,,,
2026-02-18,2026-02-18,FO,NSE,IDO,72226,,NIFTY,,2026-04-28,2026-04-28,23450.0,CE,NIFTY26APR23450CE,0.0,0.0,0.0,2404.85,2395.05,2404.85,25819.35,2620.9,0,0,0,0.0,0,F1,65,,,,,
2026-02-18,2026-02-18,FO,NSE,IDO,72265,,NIFTY,,2026-04-28,2026-04-28,24050.0,CE,NIFTY26APR24050CE,0.0,0.0,0.0,1861.25,1861.25,1861.25,25819.35,2049.6,130,0,0,0.0,0,F1,65,,,,,
2026-02-18,2026-02-18,FO,NSE,IDO,72325,,NIFTY,,2026-04-28,2026-04-28,24500.0,CE,NIFTY26APR24500CE,1619.0,1715.7,1591.7,1715.7,1715.7,1641.65,25819.35,1715.7,38805,0,15,25467695.5,14,F1,65,,,,,
2026-02-18,2026-02-18,FO,NSE,IDO,72327,,NIFTY,,2026-04-28,2026-04-28,24550.0,CE,NIFTY26APR24550CE,0.0,0.0,0.0,1591.35,1591.35,1591.35,25819.35,1599.25,1300,0,0,0.0,0,F1,65,,,,,
2026-02-18,2026-02-18,FO,NSE,IDO,72441,,NIFTY,,2026-04-28,2026-04-28,26000.0,CE,NIFTY26APR26000CE,510.0,562.05,473.05,553.05,551.1,517.85,25819.35,553.05,433225,10595,2871,4948092386.25,2025,F1,65,,,,,
2026-02-18,2026-02-18,FO,NSE,IDO,72663,,NIFTY,,2026-04-28,2026-04-28,26600.0,CE,NIFTY26APR26600CE,245.0,265.65,221.45,263.4,262.05,245.9,25819.35,263.4,42315,2600,225,392610283.0,177,F1,65,,,,,
2026-02-18,2026-02-18,FO,NSE,IDO,72771,,NIFTY,,2026-04-28,2026-04-28,27700.0,CE,NIFTY26APR27700CE,41.15,42.35,37.15,41.75,42.35,41.2,25819.35,41.75,10725,5720,176,317343903.5,78,F1,65,,,,,
2026-02-18,2026-02-18,FO,NSE,IDO,35229,,NIFTY,,2026-06-30,2026-06-30,30000.0,CE,NIFTY26JUN30000CE,27.5,28.0,25.25,27.3,28.0,27.6,25819.35,27.3,285815,1820,197,384491926.0,138,F1,65,,,,,
2026-02-18,2026-02-18,FO,NSE,IDO,55224,,NIFTY,,2026-06-30,2026-06-30,34500.0,CE,NIFTY26JUN34500CE,0.0,0.0,0.0,4.25,0.0,4.25,25819.35,0.05,0,0,0,0.0,0,F1,65,,,,,
2026-02-18,2026-02-18,FO,NSE,IDO,65893,,NIFTY,,2026-09-29,2026-09-29,21000.0,CE,NIFTY26SEP21000CE,0.0,0.0,0.0,4967.05,0.0,4967.05,25819.35,5516.5,0,0,0,0.0,0,F1,65,,,,,
2026-02-18,2026-02-18,FO,NSE,IDO,55757,,NIFTY,,2030-12-31,2030-12-31,25500.0,PE,NIFTY30DEC25500PE,0.0,0.0,0.0,538.25,0.0,538.25,25819.35,426.4,0,0,0,0.0,0,F1,65,,,,,
2026-02-18,2026-02-18,FO,NSE,IDO,55755,,NIFTY,,2030-12-31,2030-12-31,24000.0,PE,NIFTY30DEC24000PE,0.0,0.0,0.0,353.8,0.0,353.8,25819.35,257.95,0,0,0,0.0,0,F1,65,,,,,
2026-02-18,2026-02-18,FO,NSE,IDO,55609,,NIFTY,,2029-12-24,2029-12-24,31500.0,PE,NIFTY29DEC31500PE,0.0,0.0,0.0,2240.25,0.0,2240.25,25819.35,2218.4,0,0,0,0.0,0,F1,65,,,,,
2026-02-18,2026-02-18,FO,NSE,IDO,61749,,NIFTY,,2029-12-24,2029-12-24,24000.0,PE,NIFTY29DEC24000PE,0.0,0.0,0.0,625.5,0.0,625.5,25819.35,278.45,0,0,0,0.0,0,F1,65,,,,,
2026-02-18,2026-02-18,FO,NSE,IDO,55529,,NIFTY,,2028-12-26,2028-12-26,34500.0,PE,NIFTY28DEC34500PE,0.0,0.0,0.0,4281.85,0.0,4281.85,25819.35,4508.7,0,0,0,0.0,0,F1,65,,,,,
2026-02-18,2026-02-18,FO,NSE,IDO,86140,,NIFTY,,2028-06-27,2028-06-27,18000.0,PE,NIFTY28JUN18000PE,0.0,0.0,0.0,396.75,0.0,396.75,25819.35,4.05,0,0,0,0.0,0,F1,65,,,,,
2026-02-18,2026-02-18,FO,NSE,IDO,53625,,NIFTY,,2027-12-28,2027-12-28,24000.0,PE,NIFTY27DEC24000PE,480.0,480.0,480.0,480.0,480.0,490.0,25819.35,271.35,11255,130,2,3182400.0,2,F1,65,,,,,
2026-02-18,2026-02-18,FO,NSE,IDO,55329,,NIFTY,,2026-12-29,2026-12-29,25500.0,PE,NIFTY26DEC25500PE,572.0,590.0,545.55,548.7,549.8,575.85,25819.35,548.7,52390,455,137,232120833.75,99,F1,65,,,,,
2026-02-18,2026-02-18,FO,NSE,IDO,51455,,NIFTY,,2026-06-30,2026-06-30,21000.0,PE,NIFTY26JUN21000PE,45.65,45.65,37.5,39.65,40.0,43.5,25819.35,39.65,666830,-5850,377,515609230.5,153,F1,65,,,,,
2026-02-18,2026-02-18,FO,NSE,IDO,55184,,NIFTY,,2026-06-30,2026-06-30,19500.0,PE,NIFTY26JUN19500PE,0.0,0.0,0.0,0.4,0.0,0.4,25819.35,0.05,0,0,0,0.0,0,F1,65,,,,,
2026-02-18,2026-02-18,FO,NSE,IDO,50462,,NIFTY,,2026-06-30,2026-06-30,16000.0,PE,NIFTY26JUN16000PE,0.0,0.0,0.0,13.5,13.5,13.5,25819.35,0.05,4965,0,0,0.0,0,F1,65,,,,,
2026-02-18,2026-02-18,FO,NSE,IDO,72502,,NIFTY,,2026-04-28,2026-04-28,26550.0,PE,NIFTY26APR26550PE,732.85,732.85,689.45,689.45,689.45,751.5,25819.35,689.45,845,455,10,17710871.75,10,F1,65,,,,,
2026-02-18,2026-02-18,FO,NSE,IDO,72490,,NIFTY,,2026-04-28,2026-04-28,26350.0,PE,NIFTY26APR26350PE,580.05,580.05,569.95,569.95,569.95,644.25,25819.35,569.95,1495,65,2,3500250.0,2,F1,65,,,,,
2026-02-18,2026-02-18,FO,NSE,IDO,72482,,NIFTY,,2026-04-28,2026-04-28,26150.0,PE,NIFTY26APR26150PE,490.45,490.45,474.85,477.45,475.3,525.4,25819.35,477.45,2470,195,12,20774003.25,12,F1,65,,,,,
2026-02-18,2026-02-18,FO,NSE,IDO,72438,,NIFTY,,2026-04-28,2026-04-28,25900.0,PE,NIFTY26APR25900PE,422.4,444.1,370.0,374.75,375.25,420.05,25819.35,374.75,34580,390,311,531591661.25,229,F1,65,,,,,
2026-02-18,2026-02-18,FO,NSE,IDO,72394,,NIFTY,,2026-04-28,2026-04-28,25450.0,PE,NIFTY26APR25450PE,276.4,289.65,240.0,241.3,242.15,287.6,25819.35,241.3,11375,1365,33,55160007.5,24,F1,65,,,,,
2026-02-18,2026-02-18,FO,NSE,IDO,72343,,NIFTY,,2026-04-28,2026-04-28,24900.0,PE,NIFTY26APR24900PE,159.2,167.0,136.1,138.1,139.95,162.1,25819.35,138.1,119600,10530,488,794502179.25,458,F1,65,,,,,
2026-02-18,2026-02-18,FO,NSE,IDO,72334,,NIFTY,,2026-04-28,2026-04-28,24700.0,PE,NIFTY26APR24700PE,132.7,137.9,113.45,115.4,115.0,133.55,25819.35,115.4,113555,12415,436,703540727.5,368,F1,65,,,,,
2026-02-18,2026-02-18,FO,NSE,IDO,72256,,NIFTY,,2026-04-28,2026-04-28,23800.0,PE,NIFTY26APR23800PE,63.2,66.4,57.5,58.1,58.9,65.8,25819.35,58.1,30355,6175,203,314865109.0,149,F1,65,,,,,
2026-02-18,2026-02-18,FO,NSE,IDO,72254,,NIFTY,,2026-04-28,2026-04-28,23750.0,PE,NIFTY26APR23750PE,58.9,58.9,56.9,56.9,56.9,63.4,25819.35,56.9,2405,-65,11,17022651.75,3,F1,65,,,,,
2026-02-18,2026-02-18,FO,NSE,IDO,72252,,NIFTY,,2026-04-28,2026-04-28,23700.0,PE,NIFTY26APR23700PE,55.7,56.0,54.8,55.0,54.8,60.4,25819.35,55.0,5070,-5330,128,197648633.0,21,F1,65,,,,,
2026-02-18,2026-02-18,FO,NSE,IDO,54735,,NIFTY,,2026-03-30,2026-03-30,27150.0,PE,NIFTY26MAR27150PE,1194.3,1194.3,1189.2,1189.2,1189.2,1266.55,25819.35,1235.3,975,-65,2,3684427.5,2,F1,65,,,,,
2026-02-18,2026-02-18,FO,NSE,IDO,62931,,NIFTY,,2026-03-30,2026-03-30,27000.0,PE,NIFTY26MAR27000PE,1127.75,1193.8,1025.8,1040.65,1042.9,1127.6,25819.35,1040.65,1383810,18855,2142,3913187404.75,1824,F1,65,,,,,
2026-02-18,2026-02-18,FO,NSE,IDO,54727,,NIFTY,,2026-03-30,2026-03-30,26900.0,PE,NIFTY26MAR26900PE,1038.15,1056.3,962.35,965.6,965.6,1038.15,25819.35,1024.75,4030,-195,65,117962936.0,41,F1,65,,,,,
2026-02-18,2026-02-18,FO,NSE,IDO,62664,,NIFTY,,2026-03-24,2026-03-24,24450.0,CE,NIFTY2632424450CE,0.0,0.0,0.0,1479.35,0.0,1479.35,25819.35,1513.3,0,0,0,0.0,0,F1,65,,,,,
2026-02-18,2026-02-18,FO,NSE,IDO,54719,,NIFTY,,2026-03-30,2026-03-30,26700.0,PE,NIFTY26MAR26700PE,912.0,933.0,783.2,784.7,789.3,873.5,25819.35,784.7,51675,24050,473,847000079.25,296,F1,65,,,,,
2026-02-18,2026-02-18,FO,NSE,IDO,54589,,NIFTY,,2026-03-30,2026-03-30,25350.0,PE,NIFTY26MAR25350PE,184.0,200.8,153.25,156.3,157.0,191.75,25819.35,156.3,28405,-1365,304,504279256.0,253,F1,65,,,,,
2026-02-18,2026-02-18,FO,NSE,IDO,54519,,NIFTY,,2026-03-30,2026-03-30,23500.0,PE,NIFTY26MAR23500PE,34.9,34.9,28.2,29.35,29.95,33.85,25819.35,29.35,974025,-10465,5336,8161425834.25,3078,F1,65,,,,,
2026-02-18,2026-02-18,FO,NSE,IDO,62872,,NIFTY,,2026-03-24,2026-03-24,26800.0,PE,NIFTY2632426800PE,0.0,0.0,0.0,1047.55,0.0,1047.55,25819.35,941.5,0,0,0,0.0,0,F1,65,,,,,
2026-02-18,2026-02-18,FO,NSE,IDO,62715,,NIFTY,,2026-03-24,2026-03-24,25100.0,PE,NIFTY2632425100PE,109.0,119.05,99.8,100.2,100.0,158.3,25819.35,100.2,1365,1365,50,81926399.75,44,F1,65,,,,,
2026-02-18,2026-02-18,FO,NSE,IDO,62677,,NIFTY,,2026-03-24,2026-03-24,24550.0,PE,NIFTY2632424550PE,0.0,0.0,0.0,61.0,0.0,61.0,25819.35,24.8,0,0,0,0.0,0,F1,65,,,,,
2026-02-18,2026-02-18,FO,NSE,IDO,62673,,NIFTY,,2026-03-24,2026-03-24,24500.0,PE,NIFTY2632424500PE,57.55,60.0,47.55,48.7,50.3,55.4,25819.35,48.7,5005,5005,122,194690366.0,74,F1,65,,,,,
2026-02-18,2026-02-18,FO,NSE,IDO,58040,,NIFTY,,2026-03-17,2026-03-17,26600.0,PE,NIFTY2631726600PE,0.0,0.0,0.0,751.45,0.0,751.45,25819.35,774.9,0,0,0,0.0,0,F1,65,,,,,
2026-02-18,2026-02-18,FO,NSE,IDO,58016,,NIFTY,,2026-03-17,2026-03-17,26550.0,PE,NIFTY2631726550PE,0.0,0.0,0.0,718.2,0.0,718.2,25819.35,735.9,0,0,0,0.0,0,F1,65,,,,,
2026-02-18,2026-02-18,FO,NSE,IDO,58000,,NIFTY,,2026-03-17,2026-03-17,26250.0,PE,NIFTY2631726250PE,0.0,0.0,0.0,535.8,0.0,535.8,25819.35,521.5,0,0,0,0.0,0,F1,65,,,,,
2026-02-18,2026-02-18,FO,NSE,IDO,57980,,NIFTY,,2026-03-17,2026-03-17,26050.0,PE,NIFTY2631726050PE,0.0,0.0,0.0,431.1,0.0,431.1,25819.35,399.7,0,0,0,0.0,0,F1,65,,,,,
2026-02-18,2026-02-18,FO,NSE,IDO,57868,,NIFTY,,2026-03-17,2026-03-17,24600.0,PE,NIFTY2631724600PE,48.6,53.15,42.0,43.05,43.65,51.55,25819.35,43.05,5330,1755,131,209869188.75,123,F1,65,,,,,
2026-02-18,2026-02-18,FO,NSE,IDO,45722,,NIFTY,,2026-03-10,2026-03-10,27150.0,PE,NIFTY2631027150PE,1254.35,1254.55,1247.9,1251.5,1249.05,1341.5,25819.35,1251.5,65,65,4,7384380.25,4,F1,65,,,,,
2026-02-18,2026-02-18,FO,NSE,IDO,45698,,NIFTY,,2026-03-10,2026-03-10,26750.0,PE,NIFTY2631026750PE,883.65,883.65,877.2,880.6,880.6,1014.15,25819.35,894.1,65,65,3,5387944.25,3,F1,65,,,,,
2026-02-18,2026-02-18,FO,NSE,IDO,45694,,NIFTY,,2026-03-10,2026-03-10,26700.0,PE,NIFTY2631026700PE,839.9,839.9,822.05,824.6,827.1,975.8,25819.35,824.6,65,65,3,5368288.25,3,F1,65,,,,,
2026-02-18,2026-02-18,FO,NSE,IDO,45660,,NIFTY,,2026-03-10,2026-03-10,26300.0,PE,NIFTY2631026300PE,570.0,580.0,476.15,477.1,476.15,570.0,25819.35,477.1,1235,195,29,50581670.75,20,F1,65,,,,,
2026-02-18,2026-02-18,FO,NSE,IDO,45570,,NIFTY,,2026-03-10,2026-03-10,25500.0,PE,NIFTY2631025500PE,147.9,170.3,115.95,119.15,118.4,157.2,25819.35,119.15,162565,48100,4787,7977790388.75,3684,F1,65,,,,,
2026-02-18,2026-02-18,FO,NSE,IDO,45514,,NIFTY,,2026-03-10,2026-03-10,24600.0,PE,NIFTY2631024600PE,33.65,37.75,30.05,31.0,30.2,38.95,25819.35,31.0,25675,4420,367,587637251.5,233,F1,65,,,,,
2026-02-18,2026-02-18,FO,NSE,IDO,45510,,NIFTY,,2026-03-10,2026-03-10,24550.0,PE,NIFTY2631024550PE,30.75,34.55,26.35,29.05,29.15,34.6,25819.35,29.05,2015,910,27,43138475.25,17,F1,65,,,,,
2026-02-18,2026-02-18,FO,NSE,IDO,54982,,NIFTY,,2026-03-02,2026-03-02,25950.0,PE,NIFTY2630225950PE,283.65,338.7,228.45,235.1,237.5,304.7,25819.35,235.1,43485,20995,2733,4660292841.75,1939,F1,65,,,,,
2026-02-18,2026-02-18,FO,NSE,IDO,54912,,NIFTY,,2026-03-02,2026-03-02,25400.0,PE,NIFTY2630225400PE,86.8,102.7,62.7,64.75,65.4,94.7,25819.35,64.75,516295,127335,32145,53240193113.25,19204,F1,65,,,,,
2026-02-18,2026-02-18,FO,NSE,IDO,54887,,NIFTY,,2026-03-02,2026-03-02,25000.0,PE,NIFTY2630225000PE,39.8,42.1,29.1,30.05,30.95,41.25,25819.35,30.05,706160,180375,31488,51236377981.75,20810,F1,65,,,,,
2026-02-18,2026-02-18,FO,NSE,IDO,54885,,NIFTY,,2026-03-02,2026-03-02,24950.0,PE,NIFTY2630224950PE,34.95,37.25,26.65,27.75,28.75,37.55,25819.35,27.75,63505,21125,3508,5695976380.25,2916,F1,65,,,,,
2026-02-18,2026-02-18,FO,NSE,IDO,54883,,NIFTY,,2026-03-02,2026-03-02,24900.0,PE,NIFTY2630224900PE,29.75,34.2,24.85,25.75,25.85,34.05,25819.35,25.75,237445,87360,11551,18715921094.0,8258,F1,65,,,,,
2026-02-18,2026-02-18,FO,NSE,IDO,54818,,NIFTY,,2026-03-02,2026-03-02,24500.0,PE,NIFTY2630224500PE,16.05,17.95,14.5,16.15,16.5,18.35,25819.35,16.15,309205,77610,14160,22564496496.75,8750,F1,65,,,,,
2026-02-18,2026-02-18,FO,NSE,IDO,54812,,NIFTY,,2026-03-02,2026-03-02,24400.0,PE,NIFTY2630224400PE,16.5,16.5,12.4,14.65,15.1,16.35,25819.35,14.65,59085,4810,4321,6857167170.75,3180,F1,65,,,,,
2026-02-18,2026-02-18,FO,NSE,IDO,54763,,NIFTY,,2026-03-02,2026-03-02,23350.0,PE,NIFTY2630223350PE,5.55,7.3,5.4,6.45,5.5,6.55,25819.35,6.45,2795,715,50,75907585.0,33,F1,65,,,,,
2026-02-18,2026-02-18,FO,NSE,IDO,65092,,NIFTY,,2026-02-24,2026-02-24,27350.0,PE,NIFTY26FEB27350PE,0.0,0.0,0.0,1601.0,1599.2,1601.0,25819.35,1505.95,4095,0,0,0.0,0,F1,65,,,,,
2026-02-18,2026-02-18,FO,NSE,IDO,65090,,NIFTY,,2026-02-24,2026-02-24,27300.0,PE,NIFTY26FEB27300PE,1582.5,1599.75,1460.0,1460.0,1460.0,1547.1,25819.35,1460.0,9100,-130,7,13135057.0,7,F1,65,,,,,
2026-02-18,2026-02-18,FO,NSE,IDO,65080,,NIFTY,,2026-02-24,2026-02-24,27100.0,PE,NIFTY26FEB27100PE,1351.65,1355.6,1340.2,1355.6,1355.6,1364.7,25819.35,1256.25,10530,-65,6,11094180.5,6,F1,65,,,,,
2026-02-18,2026-02-18,FO,NSE,IDO,65078,,NIFTY,,2026-02-24,2026-02-24,27050.0,PE,NIFTY26FEB27050PE,0.0,0.0,0.0,1321.55,1321.55,1321.55,25819.35,1206.35,260,0,0,0.0,0,F1,65,,,,,
2026-02-18,2026-02-18,FO,NSE,IDO,65076,,NIFTY,,2026-02-24,2026-02-24,27000.0,PE,NIFTY26FEB27000PE,1265.0,1336.7,1155.05,1171.7,1173.0,1256.95,25819.35,1171.7,1038570,-34515,1651,3031864117.75,1214,F1,65,,,,,
2026-02-18,2026-02-18,FO,NSE,IDO,64805,,NIFTY,,2026-02-24,2026-02-24,24400.0,PE,NIFTY26FEB24400PE,6.5,8.35,5.5,7.35,7.55,7.5,25819.35,7.35,1694095,173225,217995,345841526901.0,60606,F1,65,,,,,
2026-02-18,2026-02-18,FO,NSE,IDO,64799,,NIFTY,,2026-02-24,2026-02-24,24250.0,PE,NIFTY26FEB24250PE,6.1,7.45,4.75,6.45,6.8,6.5,25819.35,6.45,273845,96915,70921,111818685540.25,20023,F1,65,,,,,
2026-02-18,2026-02-18,FO,NSE,IDO,64371,,NIFTY,,2026-02-24,2026-02-24,23400.0,PE,NIFTY26FEB23400PE,14.1,14.1,2.45,3.45,3.7,3.15,25819.35,3.45,767910,113360,54471,82861796098.25,10786,F1,65,,,,,
2026-02-18,2026-02-18,FO,NSE,IDO,64369,,NIFTY,,2026-02-24,2026-02-24,23350.0,PE,NIFTY26FEB23350PE,3.4,3.75,2.55,3.45,3.65,3.2,25819.35,3.45,116155,37245,25713,39031222818.25,6664,F1,65,,,,,
2026-02-18,2026-02-18,FO,NSE,IDO,64359,,NIFTY,,2026-02-24,2026-02-24,23100.0,PE,NIFTY26FEB23100PE,2.75,3.3,2.1,3.1,3.2,2.9,25819.35,3.1,3538405,1140685,157847,237036407624.25,27245,F1,65,,,,,
2026-02-18,2026-02-18,FO,NSE,IDO,55766,,NIFTY,,2030-12-31,2030-12-31,33000.0,CE,NIFTY30DEC33000CE,0.0,0.0,0.0,3948.25,0.0,3948.25,25819.35,2957.35,0,0,0,0.0,0,F1,65,,,,,
2026-02-18,2026-02-18,FO,NSE,IDO,55764,,NIFTY,,2030-12-31,2030-12-31,31500.0,CE,NIFTY30DEC31500CE,0.0,0.0,0.0,4554.55,0.0,4554.55,25819.35,3550.55,0,0,0,0.0,0,F1,65,,,,,
2026-02-18,2026-02-18,FO,NSE,IDO,61794,,NIFTY,,2029-12-24,2029-12-24,27000.0,CE,NIFTY29DEC27000CE,0.0,0.0,0.0,6201.65,0.0,6201.65,25819.35,4736.8,0,0,0,0.0,0,F1,65,,,,,
2026-02-18,2026-02-18,FO,NSE,IDO,61748,,NIFTY,,2029-12-24,2029-12-24,24000.0,CE,NIFTY29DEC24000CE,0.0,0.0,0.0,7730.0,0.0,7730.0,25819.35,6677.05,0,0,0,0.0,0,F1,65,,,,,
2026-02-18,2026-02-18,FO,NSE,IDO,89648,,NIFTY,,2029-06-26,2029-06-26,33000.0,CE,NIFTY29JUN33000CE,0.0,0.0,0.0,4179.45,0.0,4179.45,25819.35,1584.5,0,0,0,0.0,0,F1,65,,,,,
2026-02-18,2026-02-18,FO,NSE,IDO,55564,,NIFTY,,2029-06-26,2029-06-26,28500.0,CE,NIFTY29JUN28500CE,0.0,0.0,0.0,4213.3,0.0,4213.3,25819.35,3367.35,0,0,0,0.0,0,F1,65,,,,,
2026-02-18,2026-02-18,FO,NSE,IDO,55438,,NIFTY,,2027-12-28,2027-12-28,34500.0,CE,NIFTY27DEC34500CE,0.0,0.0,0.0,619.2,0.0,619.2,25819.35,279.15,0,0,0,0.0,0,F1,65,,,,,
2026-02-18,2026-02-18,FO,NSE,IDO,53628,,NIFTY,,2027-12-28,2027-12-28,26000.0,CE,NIFTY27DEC26000CE,3476.0,3476.0,3450.0,3450.0,3450.0,3476.7,25819.35,3028.6,4135,325,6,11493950.0,6,F1,65,,,,,
2026-02-18,2026-02-18,FO,NSE,IDO,55328,,NIFTY,,2026-12-29,2026-12-29,25500.0,CE,NIFTY26DEC25500CE,2196.95,2240.0,2160.0,2240.0,2240.0,2209.4,25819.35,2240.0,7085,130,8,14399521.5,7,F1,65,,,,,
2026-02-18,2026-02-18,FO,NSE,IDO,58646,,NIFTY,,2026-12-29,2026-12-29,21000.0,CE,NIFTY26DEC21000CE,0.0,0.0,0.0,5800.0,5800.0,5800.0,25819.35,5798.85,5575,0,0,0.0,0,F1,65,,,,,
2026-02-18,2026-02-18,FO,NSE,IDO,55290,,NIFTY,,2026-09-29,2026-09-29,31500.0,CE,NIFTY26SEP31500CE,0.0,0.0,0.0,173.65,0.0,173.65,25819.35,39.05,0,0,0,0.0,0,F1,65,,,,,
2026-02-18,2026-02-18,FO,NSE,IDO,64794,,NIFTY,,2026-02-24,2026-02-24,24150.0,CE,NIFTY26FEB24150CE,0.0,0.0,0.0,1591.6,1591.6,1591.6,25819.35,1691.15,2015,0,0,0.0,0,F1,65,,,,,
2026-02-18,2026-02-18,FO,NSE,IDO,64823,,NIFTY,,2026-02-24,2026-02-24,24850.0,CE,NIFTY26FEB24850CE,904.45,984.95,835.15,984.95,984.95,900.0,25819.35,984.95,22555,-910,105,175723499.25,77,F1,65,,,,,
2026-02-18,2026-02-18,FO,NSE,IDO,65073,,NIFTY,,2026-02-24,2026-02-24,26950.0,CE,NIFTY26FEB26950CE,2.5,3.05,1.75,2.05,2.05,2.55,25819.35,2.05,513500,313300,106525,186621982088.75,30701,F1,65,,,,,
2026-02-18,2026-02-18,FO,NSE,IDO,65089,,NIFTY,,2026-02-24,2026-02-24,27300.0,CE,NIFTY26FEB27300CE,1.4,1.7,1.15,1.25,1.2,1.4,25819.35,1.25,3913065,385255,261239,463592520371.5,41852,F1,65,,,,,
2026-02-18,2026-02-18,FO,NSE,IDO,65093,,NIFTY,,2026-02-24,2026-02-24,27400.0,CE,NIFTY26FEB27400CE,1.45,1.55,1.15,1.25,1.25,1.35,25819.35,1.25,1476995,191555,84802,151040041776.0,17651,F1,65,,,,,
2026-02-18,2026-02-18,FO,NSE,IDO,65097,,NIFTY,,2026-02-24,2026-02-24,27500.0,CE,NIFTY26FEB27500CE,1.25,1.5,1.1,1.2,1.15,1.3,25819.35,1.2,4408300,530855,251548,449663611569.25,29800,F1,65,,,,,
2026-02-18,2026-02-18,FO,NSE,IDO,65109,,NIFTY,,2026-02-24,2026-02-24,27750.0,CE,NIFTY26FEB27750CE,1.3,1.45,1.1,1.25,1.15,1.25,25819.35,1.25,80535,25675,9191,16579034280.25,1929,F1,65,,,,,
2026-02-18,2026-02-18,FO,NSE,IDO,65115,,NIFTY,,2026-02-24,2026-02-24,27900.0,CE,NIFTY26FEB27900CE,1.0,1.5,1.0,1.05,1.05,1.2,25819.35,1.05,273130,104910,18638,33801458557.75,2942,F1,65,,,,,
2026-02-18,2026-02-18,FO,NSE,IDO,54893,,NIFTY,,2026-03-02,2026-03-02,25150.0,CE,NIFTY2630225150CE,677.3,757.45,620.0,749.8,749.45,684.1,25819.35,749.8,4290,780,47,79009927.75,43,F1,65,,,,,
2026-02-18,2026-02-18,FO,NSE,IDO,54971,,NIFTY,,2026-03-02,2026-03-02,25700.0,CE,NIFTY2630225700CE,263.3,306.55,205.55,294.8,290.75,259.45,25819.35,294.8,339430,62140,80361,135532752127.5,50944,F1,65,,,,,
2026-02-18,2026-02-18,FO,NSE,IDO,55709,,NIFTY,,2026-03-02,2026-03-02,26750.0,CE,NIFTY2630226750CE,13.0,13.0,8.1,10.15,10.5,10.6,25819.35,10.15,46215,18135,1767,3073489864.25,1207,F1,65,,,,,
2026-02-18,2026-02-18,FO,NSE,IDO,55745,,NIFTY,,2026-03-02,2026-03-02,27450.0,CE,NIFTY2630227450CE,3.2,4.0,2.3,2.7,2.5,3.2,25819.35,2.7,7215,4420,266,474665447.75,117,F1,65,,,,,
2026-02-18,2026-02-18,FO,NSE,IDO,45456,,NIFTY,,2026-03-10,2026-03-10,23800.0,CE,NIFTY2631023800CE,0.0,0.0,0.0,2084.3,0.0,2084.3,25819.35,2091.2,0,0,0,0.0,0,F1,65,,,,,
2026-02-18,2026-02-18,FO,NSE,IDO,45475,,NIFTY,,2026-03-10,2026-03-10,24050.0,CE,NIFTY2631024050CE,1858.75,1858.75,1847.85,1853.3,1847.85,1845.8,25819.35,1853.3,65,65,2,3367429.0,2,F1,65,,,,,
2026-02-18,2026-02-18,FO,NSE,IDO,45641,,NIFTY,,2026-03-10,2026-03-10,26100.0,CE,NIFTY2631026100CE,145.0,159.0,112.3,151.9,153.65,140.05,25819.35,151.9,52975,-9035,2153,3670906398.25,1449,F1,65,,,,,
2026-02-18,2026-02-18,FO,NSE,IDO,45677,,NIFTY,,2026-03-10,2026-03-10,26550.0,CE,NIFTY2631026550CE,0.0,0.0,0.0,203.25,0.0,203.25,25819.35,73.6,0,0,0,0.0,0,F1,65,,,,,
2026-02-18,2026-02-18,FO,NSE,IDO,45717,,NIFTY,,2026-03-10,2026-03-10,27100.0,CE,NIFTY2631027100CE,9.1,9.95,7.7,8.55,9.55,9.8,25819.35,8.55,10465,3055,171,301312566.75,147,F1,65,,,,,
2026-02-18,2026-02-18,FO,NSE,IDO,57764,,NIFTY,,2026-03-17,2026-03-17,23700.0,CE,NIFTY2631723700CE,0.0,0.0,0.0,2387.4,0.0,2387.4,25819.35,2216.25,0,0,0,0.0,0,F1,65,,,,,
2026-02-18,2026-02-18,FO,NSE,IDO,57793,,NIFTY,,2026-03-17,2026-03-17,23950.0,CE,NIFTY2631723950CE,0.0,0.0,0.0,2144.05,0.0,2144.05,25819.35,1968.45,0,0,0,0.0,0,F1,65,,,,,
2026-02-18,2026-02-18,FO,NSE,IDO,57799,,NIFTY,,2026-03-17,2026-03-17,24100.0,CE,NIFTY2631724100CE,0.0,0.0,0.0,1999.65,0.0,1999.65,25819.35,1820.5,0,0,0,0.0,0,F1,65,,,,,
2026-02-18,2026-02-18,FO,NSE,IDO,57847,,NIFTY,,2026-03-17,2026-03-17,24500.0,CE,NIFTY2631724500CE,0.0,0.0,0.0,1624.3,0.0,1624.3,25819.35,1431.95,0,0,0,0.0,0,F1,65,,,,,
2026-02-18,2026-02-18,FO,NSE,IDO,57916,,NIFTY,,2026-03-17,2026-03-17,25600.0,CE,NIFTY2631725600CE,428.4,510.0,407.15,504.95,504.2,461.35,25819.35,504.95,4810,715,134,227025750.25,115,F1,65,,,,,
2026-02-18,2026-02-18,FO,NSE,IDO,58015,,NIFTY,,2026-03-17,2026-03-17,26550.0,CE,NIFTY2631726550CE,0.0,0.0,0.0,267.85,0.0,267.85,25819.35,113.05,0,0,0,0.0,0,F1,65,,,,,
2026-02-18,2026-02-18,FO,NSE,IDO,65055,,NIFTY,,2026-02-24,2026-02-24,26750.0,PE,NIFTY26FEB26750PE,1006.15,1082.3,918.0,921.0,927.0,996.5,25819.35,921.0,1365,65,14,25254060.0,13,F1,65,,,,,
2026-02-18,2026-02-18,FO,NSE,IDO,65086,,NIFTY,,2026-02-24,2026-02-24,27250.0,PE,NIFTY26FEB27250PE,1537.6,1537.6,1537.6,1537.6,1537.6,1514.3,25819.35,1406.05,390,-65,1,1871194.0,1,F1,65,,,,,
2026-02-18,2026-02-18,FO,NSE,IDO,65112,,NIFTY,,2026-02-24,2026-02-24,27800.0,PE,NIFTY26FEB27800PE,2081.8,2101.95,2081.8,2098.35,2098.35,2054.9,25819.35,1955.55,5265,-130,4,7772726.0,4,F1,65,,,,,
2026-02-18,2026-02-18,FO,NSE,IDO,54711,,NIFTY,,2026-03-02,2026-03-02,23100.0,PE,NIFTY2630223100PE,5.65,6.05,4.15,5.3,5.5,5.6,25819.35,5.3,206635,114400,5436,8163950340.0,2882,F1,65,,,,,
2026-02-18,2026-02-18,FO,NSE,IDO,54777,,NIFTY,,2026-03-02,2026-03-02,23700.0,PE,NIFTY2630223700PE,7.65,8.6,6.8,8.0,7.05,7.5,25819.35,8.0,13195,3835,402,619484274.5,257,F1,65,,,,,
2026-02-18,2026-02-18,FO,NSE,IDO,54798,,NIFTY,,2026-03-02,2026-03-02,24050.0,PE,NIFTY2630224050PE,11.3,11.85,9.3,10.95,11.85,10.3,25819.35,10.95,11505,6500,378,591164093.0,240,F1,65,,,,,
2026-02-18,2026-02-18,FO,NSE,IDO,54902,,NIFTY,,2026-03-02,2026-03-02,25150.0,PE,NIFTY2630225150PE,55.0,57.45,37.55,39.0,40.45,55.6,25819.35,39.0,145275,98345,6143,10059402746.25,4076,F1,65,,,,,
2026-02-18,2026-02-18,FO,NSE,IDO,54968,,NIFTY,,2026-03-02,2026-03-02,25600.0,PE,NIFTY2630225600PE,146.6,164.3,99.1,102.4,103.0,146.6,25819.35,102.4,578435,213330,54437,91038546729.0,37171,F1,65,,,,,
2026-02-18,2026-02-18,FO,NSE,IDO,64370,,NIFTY,,2026-02-24,2026-02-24,23400.0,CE,NIFTY26FEB23400CE,0.0,0.0,0.0,2338.85,2338.85,2338.85,25819.35,2440.5,1560,0,0,0.0,0,F1,65,,,,,
2026-02-18,2026-02-18,FO,NSE,IDO,64798,,NIFTY,,2026-02-24,2026-02-24,24250.0,CE,NIFTY26FEB24250CE,0.0,0.0,0.0,1498.4,1501.0,1498.4,25819.35,1591.25,1040,0,0,0.0,0,F1,65,,,,,
2026-02-18,2026-02-18,FO,NSE,IDO,64829,,NIFTY,,2026-02-24,2026-02-24,25000.0,CE,NIFTY26FEB25000CE,781.95,859.15,677.45,843.65,841.0,761.0,25819.35,843.65,2091960,-83525,10252,17166153163.25,6752,F1,65,,,,,
2026-02-18,2026-02-18,FO,NSE,IDO,64843,,NIFTY,,2026-02-24,2026-02-24,25350.0,CE,NIFTY26FEB25350CE,441.15,521.85,359.8,507.2,504.45,437.9,25819.35,507.2,88205,2015,5614,9403299314.5,4116,F1,65,,,,,
2026-02-18,2026-02-18,FO,NSE,IDO,54774,,NIFTY,,2026-03-02,2026-03-02,23650.0,CE,NIFTY2630223650CE,2220.05,2220.05,2212.2,2216.15,2212.2,2120.35,25819.35,2216.15,65,-65,2,3362596.25,2,F1,65,,,,,
2026-02-18,2026-02-18,FO,NSE,IDO,54787,,NIFTY,,2026-03-02,2026-03-02,23800.0,CE,NIFTY2630223800CE,2071.7,2071.7,2063.9,2067.8,2063.9,1973.45,25819.35,2067.8,130,0,2,3362814.0,2,F1,65,,,,,
2026-02-18,2026-02-18,FO,NSE,IDO,54793,,NIFTY,,2026-03-02,2026-03-02,23950.0,CE,NIFTY2630223950CE,1907.25,1907.25,1902.6,1902.6,1902.6,1825.3,25819.35,1912.65,130,0,2,3361140.25,2,F1,65,,,,,
2026-02-18,2026-02-18,FO,NSE,IDO,54811,,NIFTY,,2026-03-02,2026-03-02,24400.0,CE,NIFTY2630224400CE,1464.2,1464.2,1460.55,1463.05,1463.05,1368.7,25819.35,1463.05,130,0,3,5043207.0,3,F1,65,,,,,
2026-02-18,2026-02-18,FO,NSE,IDO,54817,,NIFTY,,2026-03-02,2026-03-02,24500.0,CE,NIFTY2630224500CE,1295.0,1376.0,1229.0,1358.8,1341.6,1290.55,25819.35,1358.8,5330,0,14,23459283.25,14,F1,65,,,,,
2026-02-18,2026-02-18,FO,NSE,IDO,54820,,NIFTY,,2026-03-02,2026-03-02,24550.0,CE,NIFTY2630224550CE,1311.1,1318.1,1311.1,1318.1,1318.1,1248.65,25819.35,1315.05,260,0,4,6724753.75,4,F1,65,,,,,
2026-02-18,2026-02-18,FO,NSE,IDO,54903,,NIFTY,,2026-03-02,2026-03-02,25200.0,CE,NIFTY2630225200CE,633.05,718.0,563.9,702.7,702.15,635.4,25819.35,702.7,86840,15535,793,1331589528.75,680,F1,65,,,,,
2026-02-18,2026-02-18,FO,NSE,IDO,54909,,NIFTY,,2026-03-02,2026-03-02,25350.0,CE,NIFTY2630225350CE,523.0,570.2,440.5,566.95,566.65,510.05,25819.35,566.95,10725,585,225,377986856.0,172,F1,65,,,,,
2026-02-18,2026-02-18,FO,NSE,IDO,54965,,NIFTY,,2026-03-02,2026-03-02,25550.0,CE,NIFTY2630225550CE,364.05,415.5,295.5,405.75,404.1,359.5,25819.35,405.75,64415,-1300,3966,6676456702.5,2774,F1,65,,,,,
2026-02-18,2026-02-18,FO,NSE,IDO,55229,,NIFTY,,2026-03-02,2026-03-02,26250.0,CE,NIFTY2630226250CE,47.8,57.3,35.45,53.4,53.5,50.7,25819.35,53.4,94770,31070,8373,14310997044.5,5960,F1,65,,,,,
2026-02-18,2026-02-18,FO,NSE,IDO,55251,,NIFTY,,2026-03-02,2026-03-02,26400.0,CE,NIFTY2630226400CE,31.05,33.05,21.1,30.2,29.6,30.4,25819.35,30.2,430040,71890,27748,47661889028.0,19204,F1,65,,,,,
2026-02-18,2026-02-18,FO,NSE,IDO,55253,,NIFTY,,2026-03-02,2026-03-02,26450.0,CE,NIFTY2630226450CE,25.4,27.45,18.0,25.1,25.15,25.5,25819.35,25.1,62400,20085,4441,7641473944.0,3264,F1,65,,,,,
2026-02-18,2026-02-18,FO,NSE,IDO,55737,,NIFTY,,2026-03-02,2026-03-02,27350.0,CE,NIFTY2630227350CE,3.85,3.9,2.95,3.2,3.6,3.65,25819.35,3.2,7605,4680,225,400042695.0,144,F1,65,,,,,
2026-02-18,2026-02-18,FO,NSE,IDO,45461,,NIFTY,,2026-03-10,2026-03-10,23900.0,CE,NIFTY2631023900CE,0.0,0.0,0.0,1988.3,0.0,1988.3,25819.35,1991.65,0,0,0,0.0,0,F1,65,,,,,
2026-02-18,2026-02-18,FO,NSE,IDO,45615,,NIFTY,,2026-03-10,2026-03-10,25800.0,CE,NIFTY2631025800CE,275.95,315.25,232.0,307.2,304.0,275.95,25819.35,307.2,79300,27040,4699,7963186793.25,3069,F1,65,,,,,
2026-02-18,2026-02-18,FO,NSE,IDO,45648,,NIFTY,,2026-03-10,2026-03-10,26250.0,CE,NIFTY2631026250CE,80.0,104.0,74.15,102.45,99.45,93.1,25819.35,102.45,13715,5460,303,518826197.5,206,F1,65,,,,,
2026-02-18,2026-02-18,FO,NSE,IDO,45699,,NIFTY,,2026-03-10,2026-03-10,26800.0,CE,NIFTY2631026800CE,18.0,20.0,15.0,19.0,18.6,18.9,25819.35,19.0,63960,20085,1493,2602532630.75,1189,F1,65,,,,,
2026-02-18,2026-02-18,FO,NSE,IDO,45707,,NIFTY,,2026-03-10,2026-03-10,26950.0,CE,NIFTY2631026950CE,11.7,13.25,10.5,12.65,12.75,12.75,25819.35,12.65,29445,65,14,24534770.0,14,F1,65,,,,,
2026-02-18,2026-02-18,FO,NSE,IDO,45723,,NIFTY,,2026-03-10,2026-03-10,27200.0,CE,NIFTY2631027200CE,7.85,7.85,6.35,6.9,7.25,8.05,25819.35,6.9,5720,-3380,114,201605079.0,105,F1,65,,,,,
2026-02-18,2026-02-18,FO,NSE,IDO,57817,,NIFTY,,2026-03-17,2026-03-17,24300.0,CE,NIFTY2631724300CE,0.0,0.0,0.0,1809.9,0.0,1809.9,25819.35,1624.8,0,0,0,0.0,0,F1,65,,,,,
2026-02-18,2026-02-18,FO,NSE,IDO,57869,,NIFTY,,2026-03-17,2026-03-17,24650.0,CE,NIFTY2631724650CE,0.0,0.0,0.0,1488.6,0.0,1488.6,25819.35,1290.15,0,0,0,0.0,0,F1,65,,,,,
2026-02-18,2026-02-18,FO,NSE,IDO,57893,,NIFTY,,2026-03-17,2026-03-17,25150.0,CE,NIFTY2631725150CE,0.0,0.0,0.0,1066.05,0.0,1066.05,25819.35,848.2,0,0,0,0.0,0,F1,65,,,,,
2026-02-18,2026-02-18,FO,NSE,IDO,57975,,NIFTY,,2026-03-17,2026-03-17,26050.0,CE,NIFTY2631726050CE,200.0,200.0,191.5,191.5,191.5,201.05,25819.35,274.8,1560,0,8,13648917.75,4,F1,65,,,,,
2026-02-18,2026-02-18,FO,NSE,IDO,57999,,NIFTY,,2026-03-17,2026-03-17,26250.0,CE,NIFTY2631726250CE,128.2,153.0,112.7,151.4,149.8,135.0,25819.35,151.4,3380,715,23,39431720.25,21,F1,65,,,,,
2026-02-18,2026-02-18,FO,NSE,IDO,58005,,NIFTY,,2026-03-17,2026-03-17,26400.0,CE,NIFTY2631726400CE,0.0,0.0,0.0,322.0,0.0,322.0,25819.35,150.8,0,0,0,0.0,0,F1,65,,,,,
2026-02-18,2026-02-18,FO,NSE,IDO,58041,,NIFTY,,2026-03-17,2026-03-17,26650.0,CE,NIFTY2631726650CE,0.0,0.0,0.0,235.65,0.0,235.65,25819.35,92.3,0,0,0,0.0,0,F1,65,,,,,
2026-02-18,2026-02-18,FO,NSE,IDO,58099,,NIFTY,,2026-03-17,2026-03-17,26900.0,CE,NIFTY2631726900CE,0.0,0.0,0.0,168.1,0.0,168.1,25819.35,53.45,0,0,0,0.0,0,F1,65,,,,,
2026-02-18,2026-02-18,FO,NSE,IDO,58134,,NIFTY,,2026-03-17,2026-03-17,27200.0,CE,NIFTY2631727200CE,13.5,13.7,10.1,12.55,12.5,13.5,25819.35,12.55,3380,2015,84,148578514.5,69,F1,65,,,,,
2026-02-18,2026-02-18,FO,NSE,IDO,58155,,NIFTY,,2026-03-17,2026-03-17,27550.0,CE,NIFTY2631727550CE,12.05,12.05,8.25,8.9,8.95,61.4,25819.35,8.9,910,910,14,25078771.25,4,F1,65,,,,,
2026-02-18,2026-02-18,FO,NSE,IDO,62646,,NIFTY,,2026-03-24,2026-03-24,24250.0,CE,NIFTY2632424250CE,0.0,0.0,0.0,1661.1,0.0,1661.1,25819.35,1704.05,0,0,0,0.0,0,F1,65,,,,,
2026-02-18,2026-02-18,FO,NSE,IDO,62662,,NIFTY,,2026-03-24,2026-03-24,24400.0,CE,NIFTY2632424400CE,0.0,0.0,0.0,1524.25,0.0,1524.25,25819.35,1560.6,0,0,0,0.0,0,F1,65,,,,,
2026-02-18,2026-02-18,FO,NSE,IDO,62680,,NIFTY,,2026-03-24,2026-03-24,24600.0,CE,NIFTY2632424600CE,0.0,0.0,0.0,1347.25,0.0,1347.25,25819.35,1373.25,0,0,0,0.0,0,F1,65,,,,,
2026-02-18,2026-02-18,FO,NSE,IDO,62714,,NIFTY,,2026-03-24,2026-03-24,25100.0,CE,NIFTY2632425100CE,0.0,0.0,0.0,941.6,0.0,941.6,25819.35,936.6,0,0,0,0.0,0,F1,65,,,,,
2026-02-18,2026-02-18,FO,NSE,IDO,62771,,NIFTY,,2026-03-24,2026-03-24,25550.0,CE,NIFTY2632425550CE,0.0,0.0,0.0,636.05,0.0,636.05,25819.35,604.25,0,0,0,0.0,0,F1,65,,,,,
2026-02-18,2026-02-18,FO,NSE,IDO,54500,,NIFTY,,2026-03-30,2026-03-30,23100.0,CE,NIFTY26MAR23100CE,0.0,0.0,0.0,2573.2,2573.2,2573.2,25819.35,2858.55,455,0,0,0.0,0,F1,65,,,,,
2026-02-18,2026-02-18,FO,NSE,IDO,54556,,NIFTY,,2026-03-30,2026-03-30,24500.0,CE,NIFTY26MAR24500CE,1440.75,1540.0,1386.65,1534.9,1525.7,1456.65,25819.35,1534.9,160290,8775,366,617472901.5,280,F1,65,,,,,
2026-02-18,2026-02-18,FO,NSE,IDO,54560,,NIFTY,,2026-03-30,2026-03-30,24600.0,CE,NIFTY26MAR24600CE,1340.0,1459.25,1327.65,1459.25,1459.25,1367.95,25819.35,1459.25,18265,-195,18,30377226.75,15,F1,65,,,,,
2026-02-18,2026-02-18,FO,NSE,IDO,55759,,NIFTY,,2030-12-31,2030-12-31,27000.0,PE,NIFTY30DEC27000PE,0.0,0.0,0.0,779.5,0.0,779.5,25819.35,660.8,0,0,0,0.0,0,F1,65,,,,,
2026-02-18,2026-02-18,FO,NSE,IDO,55701,,NIFTY,,2030-12-31,2030-12-31,19500.0,PE,NIFTY30DEC19500PE,0.0,0.0,0.0,67.4,0.0,67.4,25819.35,33.7,0,0,0,0.0,0,F1,65,,,,,
2026-02-18,2026-02-18,FO,NSE,IDO,55601,,NIFTY,,2029-12-24,2029-12-24,19500.0,PE,NIFTY29DEC19500PE,0.0,0.0,0.0,61.2,0.0,61.2,25819.35,29.2,0,0,0,0.0,0,F1,65,,,,,
2026-02-18,2026-02-18,FO,NSE,IDO,55559,,NIFTY,,2029-06-26,2029-06-26,19500.0,PE,NIFTY29JUN19500PE,0.0,0.0,0.0,56.0,0.0,56.0,25819.35,25.75,0,0,0,0.0,0,F1,65,,,,,
2026-02-18,2026-02-18,FO,NSE,IDO,86148,,NIFTY,,2028-06-27,2028-06-27,22000.0,PE,NIFTY28JUN22000PE,0.0,0.0,0.0,165.0,165.0,165.0,25819.35,96.9,390,0,0,0.0,0,F1,65,,,,,
2026-02-18,2026-02-18,FO,NSE,IDO,55385,,NIFTY,,2027-06-29,2027-06-29,34500.0,PE,NIFTY27JUN34500PE,0.0,0.0,0.0,5880.15,0.0,5880.15,25819.35,6299.1,0,0,0,0.0,0,F1,65,,,,,
2026-02-18,2026-02-18,FO,NSE,IDO,71561,,NIFTY,,2027-06-29,2027-06-29,24000.0,PE,NIFTY27JUN24000PE,0.0,0.0,0.0,5056.2,0.0,5056.2,25819.35,242.45,0,0,0,0.0,0,F1,65,,,,,
2026-02-18,2026-02-18,FO,NSE,IDO,38159,,NIFTY,,2026-12-29,2026-12-29,29000.0,PE,NIFTY26DEC29000PE,2060.0,2115.3,2000.05,2016.0,2036.35,2060.55,25819.35,2016.0,160845,3770,125,252224303.5,122,F1,65,,,,,
2026-02-18,2026-02-18,FO,NSE,IDO,55331,,NIFTY,,2026-12-29,2026-12-29,28500.0,PE,NIFTY26DEC28500PE,0.0,0.0,0.0,1948.15,0.0,1948.15,25819.35,1970.5,0,0,0,0.0,0,F1,65,,,,,
2026-02-18,2026-02-18,FO,NSE,IDO,71506,,NIFTY,,2026-12-29,2026-12-29,26000.0,PE,NIFTY26DEC26000PE,690.0,711.45,652.05,666.35,664.5,696.35,25819.35,666.35,1157665,-3105,692,1200199458.25,488,F1,65,,,,,
2026-02-18,2026-02-18,FO,NSE,IDO,58643,,NIFTY,,2026-12-29,2026-12-29,19000.0,PE,NIFTY26DEC19000PE,72.0,72.0,66.15,72.0,72.0,76.5,25819.35,72.0,22545,-130,10,12396419.75,8,F1,65,,,,,
2026-02-18,2026-02-18,FO,NSE,IDO,55186,,NIFTY,,2026-06-30,2026-06-30,22500.0,PE,NIFTY26JUN22500PE,0.0,0.0,0.0,92.0,92.0,92.0,25819.35,8.2,65,0,0,0.0,0,F1,65,,,,,
2026-02-18,2026-02-18,FO,NSE,IDO,54562,,NIFTY,,2026-03-30,2026-03-30,24650.0,CE,NIFTY26MAR24650CE,1380.9,1387.2,1380.9,1387.15,1387.15,1313.9,25819.35,1359.5,455,0,3,5076841.25,3,F1,65,,,,,
2026-02-18,2026-02-18,FO,NSE,IDO,54566,,NIFTY,,2026-03-30,2026-03-30,24750.0,CE,NIFTY26MAR24750CE,1253.65,1284.95,1176.45,1284.9,1284.9,1223.35,25819.35,1270.45,1430,130,16,27030887.0,16,F1,65,,,,,
2026-02-18,2026-02-18,FO,NSE,IDO,54574,,NIFTY,,2026-03-30,2026-03-30,24950.0,CE,NIFTY26MAR24950CE,1113.35,1134.85,1111.55,1134.85,1134.85,1038.85,25819.35,1134.85,1300,130,3,5083633.75,3,F1,65,,,,,
2026-02-18,2026-02-18,FO,NSE,IDO,54598,,NIFTY,,2026-03-30,2026-03-30,25600.0,CE,NIFTY26MAR25600CE,557.3,613.4,502.0,602.3,598.2,557.3,25819.35,602.3,225420,2340,2911,4947247181.5,2176,F1,65,,,,,
2026-02-18,2026-02-18,FO,NSE,IDO,54646,,NIFTY,,2026-03-30,2026-03-30,26300.0,CE,NIFTY26MAR26300CE,199.4,211.9,161.6,206.0,208.3,190.9,25819.35,206.0,641290,44850,6386,10993985632.5,4609,F1,65,,,,,
2026-02-18,2026-02-18,FO,NSE,IDO,54746,,NIFTY,,2026-03-30,2026-03-30,27450.0,CE,NIFTY26MAR27450CE,17.4,17.45,15.9,17.15,17.15,18.45,25819.35,17.15,10985,195,28,49990031.0,10,F1,65,,,,,
2026-02-18,2026-02-18,FO,NSE,IDO,54830,,NIFTY,,2026-03-30,2026-03-30,27850.0,CE,NIFTY26MAR27850CE,10.3,11.4,9.75,10.8,10.8,12.15,25819.35,10.8,6305,390,12,21731212.75,8,F1,65,,,,,
2026-02-18,2026-02-18,FO,NSE,IDO,62956,,NIFTY,,2026-03-30,2026-03-30,31000.0,CE,NIFTY26MAR31000CE,2.8,3.4,2.5,2.85,2.65,2.95,25819.35,2.85,257455,17355,824,1660506285.75,196,F1,65,,,,,
2026-02-18,2026-02-18,FO,NSE,IDO,72279,,NIFTY,,2026-04-28,2026-04-28,24300.0,CE,NIFTY26APR24300CE,0.0,0.0,0.0,1973.2,1973.3,1973.2,25819.35,1820.45,1365,0,0,0.0,0,F1,65,,,,,
2026-02-18,2026-02-18,FO,NSE,IDO,72354,,NIFTY,,2026-04-28,2026-04-28,25100.0,CE,NIFTY26APR25100CE,1100.0,1197.0,1100.0,1197.0,1197.0,1130.0,25819.35,1197.0,2210,0,5,8535514.0,5,F1,65,,,,,
2026-02-18,2026-02-18,FO,NSE,IDO,72419,,NIFTY,,2026-04-28,2026-04-28,25550.0,CE,NIFTY26APR25550CE,767.35,837.15,767.35,837.15,837.15,816.0,25819.35,835.65,1430,-65,4,6854939.0,4,F1,65,,,,,
2026-02-18,2026-02-18,FO,NSE,IDO,72429,,NIFTY,,2026-04-28,2026-04-28,25750.0,CE,NIFTY26APR25750CE,657.35,657.35,620.95,624.5,624.5,665.0,25819.35,713.15,2145,325,16,27437800.0,16,F1,65,,,,,
2026-02-18,2026-02-18,FO,NSE,IDO,72487,,NIFTY,,2026-04-28,2026-04-28,26300.0,CE,NIFTY26APR26300CE,361.35,398.3,332.6,393.85,391.6,366.0,25819.35,393.85,61360,3055,245,424715391.75,164,F1,65,,,,,
2026-02-18,2026-02-18,FO,NSE,IDO,72713,,NIFTY,,2026-04-28,2026-04-28,26800.0,CE,NIFTY26APR26800CE,182.0,200.05,164.95,196.2,196.1,184.3,25819.35,196.2,71955,2990,590,1034695623.0,402,F1,65,,,,,
2026-02-18,2026-02-18,FO,NSE,IDO,72741,,NIFTY,,2026-04-28,2026-04-28,27200.0,CE,NIFTY26APR27200CE,0.0,0.0,0.0,177.7,0.0,177.7,25819.35,161.5,0,0,0,0.0,0,F1,65,,,,,
2026-02-18,2026-02-18,FO,NSE,IDO,72743,,NIFTY,,2026-04-28,2026-04-28,27250.0,CE,NIFTY26APR27250CE,0.0,0.0,0.0,169.3,0.0,169.3,25819.35,151.75,0,0,0,0.0,0,F1,65,,,,,
2026-02-18,2026-02-18,FO,NSE,IDO,58624,,NIFTY,,2026-06-30,2026-06-30,12000.0,CE,NIFTY26JUN12000CE,0.0,0.0,0.0,8690.0,8690.0,8690.0,25819.35,14055.7,50,0,0,0.0,0,F1,65,,,,,
2026-02-18,2026-02-18,FO,NSE,IDO,55220,,NIFTY,,2026-06-30,2026-06-30,31500.0,CE,NIFTY26JUN31500CE,16.0,16.0,16.0,16.0,16.0,15.0,25819.35,16.0,585,65,1,2048540.0,1,F1,65,,,,,
2026-02-18,2026-02-18,FO,NSE,IDO,65887,,NIFTY,,2026-09-29,2026-09-29,18000.0,CE,NIFTY26SEP18000CE,0.0,0.0,0.0,7684.05,0.0,7684.05,25819.35,8414.15,0,0,0,0.0,0,F1,65,,,,,
2026-02-18,2026-02-18,FO,NSE,IDO,65906,,NIFTY,,2026-09-29,2026-09-29,27000.0,CE,NIFTY26SEP27000CE,830.25,875.0,784.35,869.35,867.25,813.5,25819.35,869.35,436280,121355,3129,5657801662.5,1765,F1,65,,,,,
2026-02-18,2026-02-18,FO,NSE,IDO,55326,,NIFTY,,2026-12-29,2026-12-29,22500.0,CE,NIFTY26DEC22500CE,0.0,0.0,0.0,4860.75,0.0,4860.75,25819.35,4409.05,0,0,0,0.0,0,F1,65,,,,,
2026-02-18,2026-02-18,FO,NSE,IDO,50978,,NIFTY,,2026-12-29,2026-12-29,27000.0,CE,NIFTY26DEC27000CE,1246.0,1299.65,1215.0,1288.7,1258.65,1245.9,25819.35,1288.7,505585,390,340,624462241.0,280,F1,65,,,,,
2026-02-18,2026-02-18,FO,NSE,IDO,71549,,NIFTY,,2027-06-29,2027-06-29,19000.0,CE,NIFTY27JUN19000CE,0.0,0.0,0.0,7800.0,7800.0,7800.0,25819.35,8190.25,75,0,0,0.0,0,F1,65,,,,,
2026-02-18,2026-02-18,FO,NSE,IDO,71553,,NIFTY,,2027-06-29,2027-06-29,21000.0,CE,NIFTY27JUN21000CE,0.0,0.0,0.0,3061.8,0.0,3061.8,25819.35,6355.8,0,0,0,0.0,0,F1,65,,,,,
2026-02-18,2026-02-18,FO,NSE,IDO,55470,,NIFTY,,2028-06-27,2028-06-27,19500.0,CE,NIFTY28JUN19500CE,0.0,0.0,0.0,9209.1,0.0,9209.1,25819.35,8705.6,0,0,0,0.0,0,F1,65,,,,,
2026-02-18,2026-02-18,FO,NSE,IDO,89630,,NIFTY,,2029-06-26,2029-06-26,24000.0,CE,NIFTY29JUN24000CE,0.0,0.0,0.0,8085.35,0.0,8085.35,25819.35,6146.75,0,0,0,0.0,0,F1,65,,,,,
2026-02-18,2026-02-18,FO,NSE,IDO,55700,,NIFTY,,2030-12-31,2030-12-31,19500.0,CE,NIFTY30DEC19500CE,0.0,0.0,0.0,11601.15,0.0,11601.15,25819.35,10933.85,0,0,0,0.0,0,F1,65,,,,,
2026-02-18,2026-02-18,FO,NSE,IDO,55704,,NIFTY,,2030-12-31,2030-12-31,22500.0,CE,NIFTY30DEC22500CE,0.0,0.0,0.0,9536.95,0.0,9536.95,25819.35,8749.4,0,0,0,0.0,0,F1,65,,,,,
2026-02-18,2026-02-18,FO,NSE,IDO,64408,,NIFTY,,2026-02-24,2026-02-24,23650.0,PE,NIFTY26FEB23650PE,3.75,4.45,2.35,4.1,4.25,3.8,25819.35,4.1,102960,44655,23192,35657853140.0,7115,F1,65,,,,,
2026-02-18,2026-02-18,FO,NSE,IDO,64412,,NIFTY,,2026-02-24,2026-02-24,23700.0,PE,NIFTY26FEB23700PE,3.4,4.65,3.0,4.15,4.3,3.85,25819.35,4.15,780455,364390,68356,105320362546.75,16329,F1,65,,,,,
2026-02-18,2026-02-18,FO,NSE,IDO,64822,,NIFTY,,2026-02-24,2026-02-24,24800.0,PE,NIFTY26FEB24800PE,7.5,12.1,6.4,10.7,10.95,12.05,25819.35,10.7,3447730,1065675,270665,436497586937.75,89600,F1,65,,,,,
2026-02-18,2026-02-18,FO,NSE,IDO,64828,,NIFTY,,2026-02-24,2026-02-24,24950.0,PE,NIFTY26FEB24950PE,11.9,15.75,9.2,12.65,12.95,16.05,25819.35,12.65,798460,384085,138964,225481432540.0,56575,F1,65,,,,,
2026-02-18,2026-02-18,FO,NSE,IDO,64836,,NIFTY,,2026-02-24,2026-02-24,25150.0,PE,NIFTY26FEB25150PE,25.1,25.75,16.2,16.95,17.45,25.15,25819.35,16.95,1838330,1193205,225800,369411140878.0,101727,F1,65,,,,,
2026-02-18,2026-02-18,FO,NSE,IDO,64853,,NIFTY,,2026-02-24,2026-02-24,25500.0,PE,NIFTY26FEB25500PE,64.4,82.4,38.4,40.4,40.45,72.1,25819.35,40.4,9007830,1898130,1580194,2625071127120.0,674380,F1,65,,,,,
2026-02-18,2026-02-18,FO,NSE,IDO,64857,,NIFTY,,2026-02-24,2026-02-24,25600.0,PE,NIFTY26FEB25600PE,89.95,117.0,53.85,56.95,57.5,98.9,25819.35,56.95,6782490,2563080,2206011,3682856605541.75,1005285,F1,65,,,,,
2026-02-18,2026-02-18,FO,NSE,IDO,64960,,NIFTY,,2026-02-24,2026-02-24,26600.0,PE,NIFTY26FEB26600PE,857.9,935.0,771.45,772.9,778.1,865.2,25819.35,772.9,328575,1560,620,1105199056.0,447,F1,65,,,,,
2026-02-18,2026-02-18,FO,NSE,IDO,72755,,NIFTY,,2026-04-28,2026-04-28,27450.0,PE,NIFTY26APR27450PE,1341.5,1355.0,1341.5,1348.1,1355.0,1430.1,25819.35,1348.1,65,0,4,7487499.5,4,F1,65,,,,,
2026-02-18,2026-02-18,FO,NSE,IDO,72734,,NIFTY,,2026-04-28,2026-04-28,27150.0,PE,NIFTY26APR27150PE,0.0,0.0,0.0,1076.25,1076.25,1076.25,25819.35,1221.6,325,0,0,0.0,0,F1,65,,,,,
2026-02-18,2026-02-18,FO,NSE,IDO,72668,,NIFTY,,2026-04-28,2026-04-28,26700.0,PE,NIFTY26APR26700PE,860.0,860.0,780.9,793.55,793.55,850.2,25819.35,893.45,6760,-65,11,19674778.5,11,F1,65,,,,,
2026-02-18,2026-02-18,FO,NSE,IDO,72428,,NIFTY,,2026-04-28,2026-04-28,25700.0,PE,NIFTY26APR25700PE,346.45,373.75,304.4,310.4,310.35,351.0,25819.35,310.4,61945,3640,1049,1775303169.25,647,F1,65,,,,,
2026-02-18,2026-02-18,FO,NSE,IDO,72370,,NIFTY,,2026-04-28,2026-04-28,25350.0,PE,NIFTY26APR25350PE,249.5,259.6,222.45,225.6,225.6,251.55,25819.35,237.7,9100,65,34,56551764.75,24,F1,65,,,,,
2026-02-18,2026-02-18,FO,NSE,IDO,72362,,NIFTY,,2026-04-28,2026-04-28,25200.0,PE,NIFTY26APR25200PE,215.05,228.0,187.0,189.45,189.25,219.55,25819.35,189.45,72670,7995,753,1243092441.5,568,F1,65,,,,,
2026-02-18,2026-02-18,FO,NSE,IDO,72341,,NIFTY,,2026-04-28,2026-04-28,24850.0,PE,NIFTY26APR24850PE,158.2,158.9,133.25,133.5,133.8,158.2,25819.35,133.5,7215,390,17,27617414.5,17,F1,65,,,,,
2026-02-18,2026-02-18,FO,NSE,IDO,72330,,NIFTY,,2026-04-28,2026-04-28,24600.0,PE,NIFTY26APR24600PE,121.0,125.3,103.05,103.75,104.7,122.25,25819.35,103.75,100425,15275,508,816095686.25,350,F1,65,,,,,
2026-02-18,2026-02-18,FO,NSE,IDO,72311,,NIFTY,,2026-04-28,2026-04-28,24300.0,PE,NIFTY26APR24300PE,92.75,93.15,80.0,80.4,80.0,93.7,25819.35,80.4,53755,6175,314,497702985.0,208,F1,65,,,,,
2026-02-18,2026-02-18,FO,NSE,IDO,72262,,NIFTY,,2026-04-28,2026-04-28,23950.0,PE,NIFTY26APR23950PE,64.75,64.75,62.55,64.4,62.55,71.3,25819.35,64.4,2470,260,6,9365609.5,2,F1,65,,,,,
2026-02-18,2026-02-18,FO,NSE,IDO,62936,,NIFTY,,2026-03-30,2026-03-30,29000.0,PE,NIFTY26MAR29000PE,3085.0,3104.45,2975.0,2980.8,2984.2,3066.4,25819.35,2980.8,434655,715,277,576969523.0,261,F1,65,,,,,
2026-02-18,2026-02-18,FO,NSE,IDO,54751,,NIFTY,,2026-03-30,2026-03-30,27550.0,PE,NIFTY26MAR27550PE,1544.85,1555.1,1544.85,1550.0,1555.1,1646.35,25819.35,1550.0,520,0,2,3782996.75,2,F1,65,,,,,
2026-02-18,2026-02-18,FO,NSE,IDO,54643,,NIFTY,,2026-03-30,2026-03-30,26200.0,PE,NIFTY26MAR26200PE,510.05,560.0,450.0,454.65,455.8,525.4,25819.35,454.65,186225,7800,1347,2336617705.5,999,F1,65,,,,,
2026-02-18,2026-02-18,FO,NSE,IDO,54591,,NIFTY,,2026-03-30,2026-03-30,25400.0,PE,NIFTY26MAR25400PE,207.85,217.2,163.45,166.4,167.1,203.75,25819.35,166.4,497510,3575,4246,7061020281.25,3376,F1,65,,,,,
2026-02-18,2026-02-18,FO,NSE,IDO,54587,,NIFTY,,2026-03-30,2026-03-30,25300.0,PE,NIFTY26MAR25300PE,175.65,191.15,143.55,145.75,144.4,181.05,25819.35,145.75,652405,-4940,6350,10510798730.25,4945,F1,65,,,,,
2026-02-18,2026-02-18,FO,NSE,IDO,54573,,NIFTY,,2026-03-30,2026-03-30,24900.0,PE,NIFTY26MAR24900PE,106.3,116.45,87.0,89.4,90.1,112.1,25819.35,89.4,353860,44655,4315,7011755325.25,3149,F1,65,,,,,
2026-02-18,2026-02-18,FO,NSE,IDO,54567,,NIFTY,,2026-03-30,2026-03-30,24750.0,PE,NIFTY26MAR24750PE,91.7,97.9,74.55,76.7,76.25,94.7,25819.35,76.7,21320,1560,482,778094541.25,371,F1,65,,,,,
2026-02-18,2026-02-18,FO,NSE,IDO,54565,,NIFTY,,2026-03-30,2026-03-30,24700.0,PE,NIFTY26MAR24700PE,84.95,91.85,70.5,72.45,72.8,90.2,25819.35,72.45,346905,3965,3371,5429481671.25,2587,F1,65,,,,,
2026-02-18,2026-02-18,FO,NSE,IDO,54529,,NIFTY,,2026-03-30,2026-03-30,23750.0,PE,NIFTY26MAR23750PE,37.1,39.0,33.2,34.3,34.45,40.25,25819.35,34.3,101985,-2860,123,190167919.5,75,F1,65,,,,,
2026-02-18,2026-02-18,FO,NSE,IDO,62917,,NIFTY,,2026-03-30,2026-03-30,20000.0,PE,NIFTY26MAR20000PE,7.25,8.65,7.0,8.0,8.3,8.0,25819.35,8.0,639580,-6240,3145,4090125435.5,1166,F1,65,,,,,
2026-02-18,2026-02-18,FO,NSE,IDO,62915,,NIFTY,,2026-03-30,2026-03-30,19000.0,PE,NIFTY26MAR19000PE,5.0,6.0,4.6,5.7,5.7,5.45,25819.35,5.7,319910,9480,1417,1750483205.25,778,F1,65,,,,,
2026-02-18,2026-02-18,FO,NSE,IDO,62959,,NIFTY,,2026-03-24,2026-03-24,27300.0,PE,NIFTY2632427300PE,0.0,0.0,0.0,1467.1,0.0,1467.1,25819.35,1376.6,0,0,0,0.0,0,F1,65,,,,,
2026-02-18,2026-02-18,FO,NSE,IDO,62869,,NIFTY,,2026-03-24,2026-03-24,26750.0,PE,NIFTY2632426750PE,0.0,0.0,0.0,1008.55,0.0,1008.55,25819.35,901.2,0,0,0,0.0,0,F1,65,,,,,
2026-02-18,2026-02-18,FO,NSE,IDO,62803,,NIFTY,,2026-03-24,2026-03-24,25850.0,PE,NIFTY2632425850PE,0.0,0.0,0.0,431.95,0.0,431.95,25819.35,324.1,0,0,0,0.0,0,F1,65,,,,,
2026-02-18,2026-02-18,FO,NSE,IDO,62797,,NIFTY,,2026-03-24,2026-03-24,25800.0,PE,NIFTY2632425800PE,270.0,275.0,257.3,262.15,263.85,407.8,25819.35,262.15,2015,2015,40,67765161.75,29,F1,65,,,,,
2026-02-18,2026-02-18,FO,NSE,IDO,62772,,NIFTY,,2026-03-24,2026-03-24,25550.0,PE,NIFTY2632425550PE,0.0,0.0,0.0,299.95,0.0,299.95,25819.35,204.35,0,0,0,0.0,0,F1,65,,,,,
2026-02-18,2026-02-18,FO,NSE,IDO,57958,,NIFTY,,2026-03-17,2026-03-17,25850.0,PE,NIFTY2631725850PE,0.0,0.0,0.0,340.15,0.0,340.15,25819.35,296.4,0,0,0,0.0,0,F1,65,,,,,
2026-02-18,2026-02-18,FO,NSE,IDO,57894,,NIFTY,,2026-03-17,2026-03-17,25150.0,PE,NIFTY2631725150PE,98.05,103.1,85.5,85.6,85.5,125.1,25819.35,85.6,195,195,8,13127010.0,8,F1,65,,,,,
2026-02-18,2026-02-18,FO,NSE,IDO,57870,,NIFTY,,2026-03-17,2026-03-17,24650.0,PE,NIFTY2631724650PE,0.0,0.0,0.0,50.75,0.0,50.75,25819.35,20.7,0,0,0,0.0,0,F1,65,,,,,
2026-02-18,2026-02-18,FO,NSE,IDO,57794,,NIFTY,,2026-03-17,2026-03-17,23950.0,PE,NIFTY2631723950PE,0.0,0.0,0.0,10.5,0.0,10.5,25819.35,1.85,0,0,0,0.0,0,F1,65,,,,,
2026-02-18,2026-02-18,FO,NSE,IDO,45712,,NIFTY,,2026-03-10,2026-03-10,26950.0,PE,NIFTY2631026950PE,1057.2,1058.6,1053.4,1056.4,1058.6,1173.55,25819.35,1056.4,65,65,3,5461248.0,3,F1,65,,,,,
2026-02-18,2026-02-18,FO,NSE,IDO,45704,,NIFTY,,2026-03-10,2026-03-10,26850.0,PE,NIFTY2631026850PE,977.7,977.7,970.95,970.95,970.95,1092.7,25819.35,983.15,0,0,2,3617162.25,2,F1,65,,,,,
2026-02-18,2026-02-18,FO,NSE,IDO,45682,,NIFTY,,2026-03-10,2026-03-10,26650.0,PE,NIFTY2631026650PE,801.8,801.8,790.25,794.05,794.05,939.05,25819.35,807.7,65,65,3,5351846.5,3,F1,65,,,,,
2026-02-18,2026-02-18,FO,NSE,IDO,45676,,NIFTY,,2026-03-10,2026-03-10,26500.0,PE,NIFTY2631026500PE,730.0,752.0,640.0,645.45,649.0,726.1,25819.35,645.45,3120,130,94,166216618.75,78,F1,65,,,,,
2026-02-18,2026-02-18,FO,NSE,IDO,45644,,NIFTY,,2026-03-10,2026-03-10,26150.0,PE,NIFTY2631026150PE,402.65,402.65,377.85,378.3,378.65,484.25,25819.35,378.3,325,260,9,15524613.0,9,F1,65,,,,,
2026-02-18,2026-02-18,FO,NSE,IDO,45640,,NIFTY,,2026-03-10,2026-03-10,26050.0,PE,NIFTY2631026050PE,378.8,422.25,322.9,325.65,326.95,403.85,25819.35,325.65,1495,1040,29,49805268.5,28,F1,65,,,,,
2026-02-18,2026-02-18,FO,NSE,IDO,45538,,NIFTY,,2026-03-10,2026-03-10,24950.0,PE,NIFTY2631024950PE,55.0,60.0,47.3,48.2,49.35,61.1,25819.35,48.2,3770,2340,77,125133547.5,54,F1,65,,,,,
2026-02-18,2026-02-18,FO,NSE,IDO,45476,,NIFTY,,2026-03-10,2026-03-10,24050.0,PE,NIFTY2631024050PE,0.0,0.0,0.0,29.1,28.9,29.1,25819.35,0.85,260,0,0,0.0,0,F1,65,,,,,
2026-02-18,2026-02-18,FO,NSE,IDO,55250,,NIFTY,,2026-03-02,2026-03-02,26350.0,PE,NIFTY2630226350PE,594.0,603.0,514.5,521.25,525.0,598.9,25819.35,521.25,1950,260,22,38459271.5,20,F1,65,,,,,
2026-02-18,2026-02-18,FO,NSE,IDO,55230,,NIFTY,,2026-03-02,2026-03-02,26250.0,PE,NIFTY2630226250PE,555.0,568.9,428.95,434.7,433.5,532.5,25819.35,434.7,2275,715,42,72991789.0,38,F1,65,,,,,
2026-02-18,2026-02-18,FO,NSE,IDO,47197,,NIFTY,,2028-06-27,2028-06-27,33000.0,PE,NIFTY28JUN33000PE,0.0,0.0,0.0,3707.8,0.0,3707.8,25819.35,3962.2,0,0,0,0.0,0,F1,65,,,,,
2026-02-18,2026-02-18,FO,NSE,IDO,55477,,NIFTY,,2028-06-27,2028-06-27,25500.0,PE,NIFTY28JUN25500PE,0.0,0.0,0.0,667.45,0.0,667.45,25819.35,545.45,0,0,0,0.0,0,F1,65,,,,,
2026-02-18,2026-02-18,FO,NSE,IDO,55375,,NIFTY,,2027-06-29,2027-06-29,22500.0,PE,NIFTY27JUN22500PE,0.0,0.0,0.0,153.9,0.0,153.9,25819.35,87.05,0,0,0,0.0,0,F1,65,,,,,
2026-02-18,2026-02-18,FO,NSE,IDO,65930,,NIFTY,,2026-09-29,2026-09-29,33000.0,PE,NIFTY26SEP33000PE,0.0,0.0,0.0,6552.15,0.0,6552.15,25819.35,6100.5,0,0,0,0.0,0,F1,65,,,,,
2026-02-18,2026-02-18,FO,NSE,IDO,55221,,NIFTY,,2026-06-30,2026-06-30,31500.0,PE,NIFTY26JUN31500PE,0.0,0.0,0.0,4679.25,0.0,4679.25,25819.35,5064.25,0,0,0,0.0,0,F1,65,,,,,
2026-02-18,2026-02-18,FO,NSE,IDO,39990,,NIFTY,,2026-06-30,2026-06-30,19000.0,PE,NIFTY26JUN19000PE,26.0,27.0,24.7,26.0,26.05,26.85,25819.35,26.0,154190,1235,82,101409194.25,31,F1,65,,,,,
2026-02-18,2026-02-18,FO,NSE,IDO,37802,,NIFTY,,2026-06-30,2026-06-30,13000.0,PE,NIFTY26JUN13000PE,0.0,0.0,0.0,3.1,3.1,3.1,25819.35,0.05,330,0,0,0.0,0,F1,65,,,,,
2026-02-18,2026-02-18,FO,NSE,IDO,72730,,NIFTY,,2026-04-28,2026-04-28,27100.0,PE,NIFTY26APR27100PE,0.0,0.0,0.0,1285.5,1285.5,1285.5,25819.35,1182.9,325,0,0,0.0,0,F1,65,,,,,
2026-02-18,2026-02-18,FO,NSE,IDO,72728,,NIFTY,,2026-04-28,2026-04-28,27050.0,PE,NIFTY26APR27050PE,1016.9,1025.9,1016.9,1021.4,1025.9,1005.25,25819.35,1021.4,390,0,2,3649282.0,2,F1,65,,,,,
2026-02-18,2026-02-18,FO,NSE,IDO,72722,,NIFTY,,2026-04-28,2026-04-28,26900.0,PE,NIFTY26APR26900PE,997.45,997.45,924.85,924.85,924.85,985.3,25819.35,1033.5,1755,0,7,12677304.25,7,F1,65,,,,,
2026-02-18,2026-02-18,FO,NSE,IDO,72355,,NIFTY,,2026-04-28,2026-04-28,25100.0,PE,NIFTY26APR25100PE,191.75,205.75,168.35,170.6,172.2,199.4,25819.35,170.6,57590,-1560,447,734575946.0,351,F1,65,,,,,
2026-02-18,2026-02-18,FO,NSE,IDO,72332,,NIFTY,,2026-04-28,2026-04-28,24650.0,PE,NIFTY26APR24650PE,127.9,127.9,113.85,114.65,114.65,129.75,25819.35,89.1,7735,130,21,33809477.0,9,F1,65,,,,,
2026-02-18,2026-02-18,FO,NSE,IDO,72324,,NIFTY,,2026-04-28,2026-04-28,24450.0,PE,NIFTY26APR24450PE,106.4,111.75,95.4,95.7,95.7,108.95,25819.35,64.4,5330,585,41,65439559.25,20,F1,65,,,,,
2026-02-18,2026-02-18,FO,NSE,IDO,72316,,NIFTY,,2026-04-28,2026-04-28,24350.0,PE,NIFTY26APR24350PE,94.4,95.7,88.9,88.9,88.9,96.8,25819.35,54.3,2145,-65,6,9533127.5,6,F1,65,,,,,
2026-02-18,2026-02-18,FO,NSE,IDO,72270,,NIFTY,,2026-04-28,2026-04-28,24150.0,PE,NIFTY26APR24150PE,81.95,81.95,74.1,74.3,74.3,82.65,25819.35,74.3,1820,650,18,28344933.5,8,F1,65,,,,,
2026-02-18,2026-02-18,FO,NSE,IDO,72266,,NIFTY,,2026-04-28,2026-04-28,24050.0,PE,NIFTY26APR24050PE,72.55,77.35,67.5,67.95,67.95,79.0,25819.35,67.95,3510,1430,98,153660601.25,41,F1,65,,,,,
2026-02-18,2026-02-18,FO,NSE,IDO,64362,,NIFTY,,2026-02-24,2026-02-24,23200.0,CE,NIFTY26FEB23200CE,2475.95,2478.15,2475.95,2478.15,2478.15,2542.05,25819.35,2640.3,325,65,2,3338016.5,2,F1,65,,,,,
2026-02-18,2026-02-18,FO,NSE,IDO,72248,,NIFTY,,2026-04-28,2026-04-28,23600.0,PE,NIFTY26APR23600PE,54.05,56.0,50.3,51.25,50.45,56.95,25819.35,51.25,4615,65,15,23061655.5,8,F1,65,,,,,
2026-02-18,2026-02-18,FO,NSE,IDO,72229,,NIFTY,,2026-04-28,2026-04-28,23500.0,PE,NIFTY26APR23500PE,55.45,55.45,48.5,50.2,48.5,55.15,25819.35,50.2,151970,18070,978,1497139527.0,520,F1,65,,,,,
2026-02-18,2026-02-18,FO,NSE,IDO,54723,,NIFTY,,2026-03-30,2026-03-30,26800.0,PE,NIFTY26MAR26800PE,945.0,1010.0,868.55,871.65,874.0,953.75,25819.35,871.65,23010,780,59,106378463.75,53,F1,65,,,,,
2026-02-18,2026-02-18,FO,NSE,IDO,54717,,NIFTY,,2026-03-30,2026-03-30,26650.0,PE,NIFTY26MAR26650PE,765.05,765.05,762.0,762.0,762.0,840.25,25819.35,829.7,2730,-65,2,3563758.25,2,F1,65,,,,,
2026-02-18,2026-02-18,FO,NSE,IDO,54713,,NIFTY,,2026-03-30,2026-03-30,26550.0,PE,NIFTY26MAR26550PE,750.5,777.3,697.4,698.2,698.2,751.2,25819.35,756.8,2925,-65,6,10640149.0,6,F1,65,,,,,
2026-02-18,2026-02-18,FO,NSE,IDO,54619,,NIFTY,,2026-03-30,2026-03-30,25850.0,PE,NIFTY26MAR25850PE,355.05,376.6,292.85,297.2,296.65,351.55,25819.35,297.2,36790,-1235,873,1485835663.0,683,F1,65,,,,,
2026-02-18,2026-02-18,FO,NSE,IDO,54599,,NIFTY,,2026-03-30,2026-03-30,25600.0,PE,NIFTY26MAR25600PE,264.8,279.6,210.85,214.8,216.55,259.55,25819.35,214.8,454350,125320,10153,17052766146.0,6669,F1,65,,,,,
2026-02-18,2026-02-18,FO,NSE,IDO,54597,,NIFTY,,2026-03-30,2026-03-30,25550.0,PE,NIFTY26MAR25550PE,231.9,258.0,198.85,201.75,203.45,244.3,25819.35,201.75,36985,-1560,469,785808851.75,395,F1,65,,,,,
2026-02-18,2026-02-18,FO,NSE,IDO,54559,,NIFTY,,2026-03-30,2026-03-30,24550.0,PE,NIFTY26MAR24550PE,72.1,77.35,60.95,62.2,63.25,77.9,25819.35,62.2,19305,-260,141,225621574.75,104,F1,65,,,,,
2026-02-18,2026-02-18,FO,NSE,IDO,54543,,NIFTY,,2026-03-30,2026-03-30,24150.0,PE,NIFTY26MAR24150PE,49.3,52.95,44.05,45.45,44.05,53.75,25819.35,45.45,22035,65,222,349191056.5,152,F1,65,,,,,
2026-02-18,2026-02-18,FO,NSE,IDO,54539,,NIFTY,,2026-03-30,2026-03-30,24050.0,PE,NIFTY26MAR24050PE,46.65,49.1,40.3,41.75,41.9,50.1,25819.35,41.75,24700,520,147,230232678.0,96,F1,65,,,,,
2026-02-18,2026-02-18,FO,NSE,IDO,54537,,NIFTY,,2026-03-30,2026-03-30,23950.0,PE,NIFTY26MAR23950PE,41.75,45.2,38.2,39.45,39.2,46.5,25819.35,39.45,20280,585,161,251080180.0,89,F1,65,,,,,
2026-02-18,2026-02-18,FO,NSE,IDO,62885,,NIFTY,,2026-03-24,2026-03-24,27050.0,PE,NIFTY2632427050PE,0.0,0.0,0.0,1251.15,0.0,1251.15,25819.35,1152.6,0,0,0,0.0,0,F1,65,,,,,
2026-02-18,2026-02-18,FO,NSE,IDO,62867,,NIFTY,,2026-03-24,2026-03-24,26700.0,PE,NIFTY2632426700PE,0.0,0.0,0.0,970.15,0.0,970.15,25819.35,861.6,0,0,0,0.0,0,F1,65,,,,,
2026-02-18,2026-02-18,FO,NSE,IDO,62853,,NIFTY,,2026-03-24,2026-03-24,26400.0,PE,NIFTY2632426400PE,0.0,0.0,0.0,754.1,0.0,754.1,25819.35,640.7,0,0,0,0.0,0,F1,65,,,,,
2026-02-18,2026-02-18,FO,NSE,IDO,62842,,NIFTY,,2026-03-24,2026-03-24,26250.0,PE,NIFTY2632426250PE,0.0,0.0,0.0,656.3,0.0,656.3,25819.35,542.25,0,0,0,0.0,0,F1,65,,,,,
2026-02-18,2026-02-18,FO,NSE,IDO,62766,,NIFTY,,2026-03-24,2026-03-24,25500.0,PE,NIFTY2632425500PE,210.15,223.5,170.4,173.05,173.85,280.95,25819.35,173.05,5785,5785,225,375781714.75,165,F1,65,,,,,
2026-02-18,2026-02-18,FO,NSE,IDO,62707,,NIFTY,,2026-03-24,2026-03-24,24950.0,PE,NIFTY2632424950PE,0.0,0.0,0.0,124.5,0.0,124.5,25819.35,64.7,0,0,0,0.0,0,F1,65,,,,,
2026-02-18,2026-02-18,FO,NSE,IDO,62663,,NIFTY,,2026-03-24,2026-03-24,24400.0,PE,NIFTY2632424400PE,0.0,0.0,0.0,45.35,0.0,45.35,25819.35,16.55,0,0,0,0.0,0,F1,65,,,,,
2026-02-18,2026-02-18,FO,NSE,IDO,57962,,NIFTY,,2026-03-17,2026-03-17,25950.0,PE,NIFTY2631725950PE,366.9,366.9,298.05,301.7,305.35,479.7,25819.35,301.7,715,585,17,29040274.25,17,F1,65,,,,,
2026-02-18,2026-02-18,FO,NSE,IDO,57915,,NIFTY,,2026-03-17,2026-03-17,25550.0,PE,NIFTY2631725550PE,0.0,0.0,0.0,229.2,0.0,229.2,25819.35,176.75,0,0,0,0.0,0,F1,65,,,,,
2026-02-18,2026-02-18,FO,NSE,IDO,57911,,NIFTY,,2026-03-17,2026-03-17,25450.0,PE,NIFTY2631725450PE,0.0,0.0,0.0,260.6,260.6,260.6,25819.35,145.85,65,0,0,0.0,0,F1,65,,,,,
2026-02-18,2026-02-18,FO,NSE,IDO,45720,,NIFTY,,2026-03-10,2026-03-10,27100.0,PE,NIFTY2631027100PE,1202.35,1207.7,1200.95,1203.7,1207.7,1298.8,25819.35,1203.7,130,130,3,5519215.0,3,F1,65,,,,,
2026-02-18,2026-02-18,FO,NSE,IDO,45706,,NIFTY,,2026-03-10,2026-03-10,26900.0,PE,NIFTY2631026900PE,1025.45,1025.45,1018.75,1018.75,1018.75,1297.95,25819.35,1028.6,0,0,2,3629873.0,2,F1,65,,,,,
2026-02-18,2026-02-18,FO,NSE,IDO,45642,,NIFTY,,2026-03-10,2026-03-10,26100.0,PE,NIFTY2631026100PE,423.5,471.9,349.15,352.2,357.5,425.4,25819.35,352.2,6890,-5395,372,640559370.75,309,F1,65,,,,,
2026-02-18,2026-02-18,FO,NSE,IDO,45564,,NIFTY,,2026-03-10,2026-03-10,25400.0,PE,NIFTY2631025400PE,127.05,140.5,97.0,99.3,97.0,133.25,25819.35,99.3,75985,16770,2036,3376130585.75,1373,F1,65,,,,,
2026-02-18,2026-02-18,FO,NSE,IDO,45542,,NIFTY,,2026-03-10,2026-03-10,25050.0,PE,NIFTY2631025050PE,71.05,73.0,53.25,55.55,55.5,69.35,25819.35,55.55,3575,1105,109,177924084.0,69,F1,65,,,,,
2026-02-18,2026-02-18,FO,NSE,IDO,45540,,NIFTY,,2026-03-10,2026-03-10,25000.0,PE,NIFTY2631025000PE,64.65,69.9,50.25,52.0,51.5,67.5,25819.35,52.0,158275,36465,3881,6321038967.75,2554,F1,65,,,,,
2026-02-18,2026-02-18,FO,NSE,IDO,45531,,NIFTY,,2026-03-10,2026-03-10,24850.0,PE,NIFTY2631024850PE,47.05,53.1,39.25,40.7,42.0,50.85,25819.35,40.7,5265,4745,151,244348162.5,74,F1,65,,,,,
2026-02-18,2026-02-18,FO,NSE,IDO,45516,,NIFTY,,2026-03-10,2026-03-10,24650.0,PE,NIFTY2631024650PE,32.8,36.6,32.6,32.6,32.6,39.15,25819.35,32.6,1950,910,26,41714439.0,17,F1,65,,,,,
2026-02-18,2026-02-18,FO,NSE,IDO,45487,,NIFTY,,2026-03-10,2026-03-10,24250.0,PE,NIFTY2631024250PE,0.0,0.0,0.0,25.85,25.85,25.85,25819.35,2.1,195,0,0,0.0,0,F1,65,,,,,
2026-02-18,2026-02-18,FO,NSE,IDO,45478,,NIFTY,,2026-03-10,2026-03-10,24100.0,PE,NIFTY2631024100PE,19.85,21.1,17.9,19.1,21.1,26.95,25819.35,19.1,2145,1040,78,122284529.25,47,F1,65,,,,,
2026-02-18,2026-02-18,FO,NSE,IDO,55750,,NIFTY,,2026-03-02,2026-03-02,27450.0,PE,NIFTY2630227450PE,1577.1,1577.1,1570.8,1573.95,1570.8,1665.6,25819.35,1573.95,65,0,2,3773113.5,2,F1,65,,,,,
2026-02-18,2026-02-18,FO,NSE,IDO,55744,,NIFTY,,2026-03-02,2026-03-02,27400.0,PE,NIFTY2630227400PE,1600.0,1600.0,1525.65,1529.75,1525.65,1619.7,25819.35,1529.75,65,0,3,5645867.5,3,F1,65,,,,,
2026-02-18,2026-02-18,FO,NSE,IDO,55734,,NIFTY,,2026-03-02,2026-03-02,27250.0,PE,NIFTY2630227250PE,1398.6,1398.6,1395.6,1395.6,1395.6,1468.55,25819.35,1382.9,65,0,2,3724123.0,2,F1,65,,,,,
2026-02-18,2026-02-18,FO,NSE,IDO,55724,,NIFTY,,2026-03-02,2026-03-02,27000.0,PE,NIFTY2630227000PE,1214.15,1298.0,1140.6,1151.65,1151.65,1225.45,25819.35,1136.8,4940,4225,85,155907846.25,66,F1,65,,,,,
2026-02-18,2026-02-18,FO,NSE,IDO,55714,,NIFTY,,2026-03-02,2026-03-02,26850.0,PE,NIFTY2630226850PE,1000.75,1004.85,1000.75,1004.85,1004.85,1083.2,25819.35,991.7,65,0,2,3620864.0,2,F1,65,,,,,
2026-02-18,2026-02-18,FO,NSE,IDO,55708,,NIFTY,,2026-03-02,2026-03-02,26700.0,PE,NIFTY2630226700PE,851.95,856.3,851.95,856.3,856.3,930.15,25819.35,850.0,65,0,4,7164066.0,4,F1,65,,,,,
2026-02-18,2026-02-18,FO,NSE,IDO,55266,,NIFTY,,2026-03-02,2026-03-02,26550.0,PE,NIFTY2630226550PE,722.75,722.75,709.5,709.5,709.5,809.15,25819.35,713.55,65,0,3,5316691.25,3,F1,65,,,,,
2026-02-18,2026-02-18,FO,NSE,IDO,54881,,NIFTY,,2026-03-02,2026-03-02,24850.0,PE,NIFTY2630224850PE,27.4,30.75,23.15,24.4,25.05,31.4,25819.35,24.4,70655,37115,3373,5453802120.0,2243,F1,65,,,,,
2026-02-18,2026-02-18,FO,NSE,IDO,54816,,NIFTY,,2026-03-02,2026-03-02,24450.0,PE,NIFTY2630224450PE,14.3,16.85,13.95,15.4,15.85,17.3,25819.35,15.4,30615,19565,1276,2029156174.5,810,F1,65,,,,,
2026-02-18,2026-02-18,FO,NSE,IDO,54800,,NIFTY,,2026-03-02,2026-03-02,24100.0,PE,NIFTY2630224100PE,10.55,12.9,9.65,11.0,10.1,11.85,25819.35,11.0,25870,9945,970,1520176664.5,726,F1,65,,,,,
2026-02-18,2026-02-18,FO,NSE,IDO,54765,,NIFTY,,2026-03-02,2026-03-02,23400.0,PE,NIFTY2630223400PE,6.15,7.25,5.55,6.75,5.9,6.4,25819.35,6.75,14365,5850,600,912850032.25,445,F1,65,,,,,
2026-02-18,2026-02-18,FO,NSE,IDO,65104,,NIFTY,,2026-02-24,2026-02-24,27600.0,PE,NIFTY26FEB27600PE,1913.0,1913.0,1913.0,1913.0,1913.0,1860.1,25819.35,1755.7,2015,-260,4,7673380.0,1,F1,65,,,,,
2026-02-18,2026-02-18,FO,NSE,IDO,64851,,NIFTY,,2026-02-24,2026-02-24,25450.0,PE,NIFTY26FEB25450PE,54.25,68.9,32.75,34.55,34.65,61.4,25819.35,34.55,2209675,975455,587212,973231112438.0,278242,F1,65,,,,,
2026-02-18,2026-02-18,FO,NSE,IDO,64840,,NIFTY,,2026-02-24,2026-02-24,25250.0,PE,NIFTY26FEB25250PE,38.0,38.0,19.65,20.7,20.85,33.25,25819.35,20.7,1419665,750165,302227,496522262284.75,122637,F1,65,,,,,
2026-02-18,2026-02-18,FO,NSE,IDO,64834,,NIFTY,,2026-02-24,2026-02-24,25100.0,PE,NIFTY26FEB25100PE,23.0,23.0,14.6,15.5,15.9,22.15,25819.35,15.5,3101085,1086865,315289,514741019149.5,127915,F1,65,,,,,
2026-02-18,2026-02-18,FO,NSE,IDO,64824,,NIFTY,,2026-02-24,2026-02-24,24850.0,PE,NIFTY26FEB24850PE,10.0,13.05,6.95,11.3,11.5,13.35,25819.35,11.3,599235,180505,136098,219932123102.25,52032,F1,65,,,,,
2026-02-18,2026-02-18,FO,NSE,IDO,64813,,NIFTY,,2026-02-24,2026-02-24,24600.0,PE,NIFTY26FEB24600PE,8.5,9.8,4.6,8.75,9.15,9.2,25819.35,8.75,2345265,786760,227216,363445223680.5,67039,F1,65,,,,,
2026-02-18,2026-02-18,FO,NSE,IDO,64760,,NIFTY,,2026-02-24,2026-02-24,23950.0,PE,NIFTY26FEB23950PE,5.1,5.75,3.6,5.1,5.4,4.9,25819.35,5.1,202215,71370,39587,61639795987.25,12082,F1,65,,,,,
2026-02-18,2026-02-18,FO,NSE,IDO,55758,,NIFTY,,2030-12-31,2030-12-31,27000.0,CE,NIFTY30DEC27000CE,0.0,0.0,0.0,6772.8,0.0,6772.8,25819.35,5822.85,0,0,0,0.0,0,F1,65,,,,,
2026-02-18,2026-02-18,FO,NSE,IDO,55698,,NIFTY,,2030-12-31,2030-12-31,18000.0,CE,NIFTY30DEC18000CE,0.0,0.0,0.0,12674.15,0.0,12674.15,25819.35,12061.2,0,0,0,0.0,0,F1,65,,,,,
2026-02-18,2026-02-18,FO,NSE,IDO,55520,,NIFTY,,2028-12-26,2028-12-26,22500.0,CE,NIFTY28DEC22500CE,0.0,0.0,0.0,7382.9,0.0,7382.9,25819.35,6729.15,0,0,0,0.0,0,F1,65,,,,,
2026-02-18,2026-02-18,FO,NSE,IDO,55518,,NIFTY,,2028-12-26,2028-12-26,19500.0,CE,NIFTY28DEC19500CE,0.0,0.0,0.0,9716.4,0.0,9716.4,25819.35,9174.2,0,0,0,0.0,0,F1,65,,,,,
2026-02-18,2026-02-18,FO,NSE,IDO,67770,,NIFTY,,2028-12-26,2028-12-26,18000.0,CE,NIFTY28DEC18000CE,0.0,0.0,0.0,9380.3,0.0,9380.3,25819.35,10441.1,0,0,0,0.0,0,F1,65,,,,,
2026-02-18,2026-02-18,FO,NSE,IDO,55478,,NIFTY,,2028-06-27,2028-06-27,28500.0,CE,NIFTY28JUN28500CE,0.0,0.0,0.0,2990.0,0.0,2990.0,25819.35,2264.8,0,0,0,0.0,0,F1,65,,,,,
2026-02-18,2026-02-18,FO,NSE,IDO,55380,,NIFTY,,2027-06-29,2027-06-29,31500.0,CE,NIFTY27JUN31500CE,0.0,0.0,0.0,769.15,0.0,769.15,25819.35,383.9,0,0,0,0.0,0,F1,65,,,,,
2026-02-18,2026-02-18,FO,NSE,IDO,55374,,NIFTY,,2027-06-29,2027-06-29,22500.0,CE,NIFTY27JUN22500CE,0.0,0.0,0.0,5539.6,0.0,5539.6,25819.35,5026.75,0,0,0,0.0,0,F1,65,,,,,
2026-02-18,2026-02-18,FO,NSE,IDO,42136,,NIFTY,,2026-12-29,2026-12-29,31000.0,CE,NIFTY26DEC31000CE,132.5,143.35,128.0,142.25,141.5,130.05,25819.35,142.25,178300,2535,312,631423013.0,206,F1,65,,,,,
2026-02-18,2026-02-18,FO,NSE,IDO,37806,,NIFTY,,2026-12-29,2026-12-29,23000.0,CE,NIFTY26DEC23000CE,4115.95,4192.2,4115.95,4172.0,4172.0,4136.0,25819.35,3962.75,16960,0,11,19429289.75,11,F1,65,,,,,
2026-02-18,2026-02-18,FO,NSE,IDO,58644,,NIFTY,,2026-12-29,2026-12-29,20000.0,CE,NIFTY26DEC20000CE,0.0,0.0,0.0,6700.0,6700.0,6700.0,25819.35,6745.8,975,0,0,0.0,0,F1,65,,,,,
2026-02-18,2026-02-18,FO,NSE,IDO,51453,,NIFTY,,2026-06-30,2026-06-30,21000.0,CE,NIFTY26JUN21000CE,5135.9,5286.0,5134.95,5281.05,5271.05,5162.5,25819.35,5281.05,47905,390,11,18722538.25,10,F1,65,,,,,
2026-02-18,2026-02-18,FO,NSE,IDO,72369,,NIFTY,,2026-04-28,2026-04-28,25350.0,CE,NIFTY26APR25350CE,979.15,988.2,979.15,988.2,988.2,947.55,25819.35,969.25,715,130,2,3423377.75,2,F1,65,,,,,
2026-02-18,2026-02-18,FO,NSE,IDO,72361,,NIFTY,,2026-04-28,2026-04-28,25200.0,CE,NIFTY26APR25200CE,1010.0,1117.0,1010.0,1116.8,1116.6,1054.0,25819.35,1116.8,6630,-455,22,37538218.25,22,F1,65,,,,,
2026-02-18,2026-02-18,FO,NSE,IDO,72269,,NIFTY,,2026-04-28,2026-04-28,24150.0,CE,NIFTY26APR24150CE,0.0,0.0,0.0,1753.35,1748.2,1753.35,25819.35,1957.1,1300,0,0,0.0,0,F1,65,,,,,
2026-02-18,2026-02-18,FO,NSE,IDO,72253,,NIFTY,,2026-04-28,2026-04-28,23750.0,CE,NIFTY26APR23750CE,0.0,0.0,0.0,2269.25,2269.25,2269.25,25819.35,2332.3,65,0,0,0.0,0,F1,65,,,,,
2026-02-18,2026-02-18,FO,NSE,IDO,72214,,NIFTY,,2026-04-28,2026-04-28,23150.0,CE,NIFTY26APR23150CE,0.0,0.0,0.0,2684.75,2668.3,2684.75,25819.35,2913.2,0,0,0,0.0,0,F1,65,,,,,
2026-02-18,2026-02-18,FO,NSE,IDO,54742,,NIFTY,,2026-03-30,2026-03-30,27350.0,CE,NIFTY26MAR27350CE,20.65,21.1,18.3,20.3,20.95,21.3,25819.35,20.3,24050,2925,199,354027726.0,162,F1,65,,,,,
2026-02-18,2026-02-18,FO,NSE,IDO,54612,,NIFTY,,2026-03-30,2026-03-30,25700.0,CE,NIFTY26MAR25700CE,499.9,544.05,439.4,531.9,534.75,491.9,25819.35,531.9,384735,45565,6993,11902102754.75,4820,F1,65,,,,,
2026-02-18,2026-02-18,FO,NSE,IDO,54600,,NIFTY,,2026-03-30,2026-03-30,25650.0,CE,NIFTY26MAR25650CE,509.05,578.35,472.5,569.35,564.0,523.1,25819.35,569.35,20605,1690,374,636294363.25,324,F1,65,,,,,
2026-02-18,2026-02-18,FO,NSE,IDO,54544,,NIFTY,,2026-03-30,2026-03-30,24200.0,CE,NIFTY26MAR24200CE,1814.5,1818.2,1814.5,1816.35,1818.2,1724.7,25819.35,1816.35,2990,-130,2,3382125.5,2,F1,65,,,,,
2026-02-18,2026-02-18,FO,NSE,IDO,54522,,NIFTY,,2026-03-30,2026-03-30,23600.0,CE,NIFTY26MAR23600CE,2400.15,2400.15,2391.45,2395.8,2391.45,2304.25,25819.35,2395.8,585,0,2,3379454.0,2,F1,65,,,,,
2026-02-18,2026-02-18,FO,NSE,IDO,54510,,NIFTY,,2026-03-30,2026-03-30,23300.0,CE,NIFTY26MAR23300CE,2683.8,2693.1,2683.8,2688.45,2693.1,2588.4,25819.35,2688.45,325,0,2,3378498.5,2,F1,65,,,,,
2026-02-18,2026-02-18,FO,NSE,IDO,62914,,NIFTY,,2026-03-30,2026-03-30,19000.0,CE,NIFTY26MAR19000CE,6875.0,6875.0,6875.0,6875.0,6875.0,6790.0,25819.35,6875.0,179320,65,1,1681875.0,1,F1,65,,,,,
2026-02-18,2026-02-18,FO,NSE,IDO,62860,,NIFTY,,2026-03-24,2026-03-24,26550.0,CE,NIFTY2632426550CE,0.0,0.0,0.0,201.25,0.0,201.25,25819.35,152.4,0,0,0,0.0,0,F1,65,,,,,
2026-02-18,2026-02-18,FO,NSE,IDO,62765,,NIFTY,,2026-03-24,2026-03-24,25500.0,CE,NIFTY2632425500CE,572.0,631.7,524.15,629.05,629.85,666.75,25819.35,629.05,585,585,63,106745580.5,41,F1,65,,,,,
2026-02-18,2026-02-18,FO,NSE,IDO,62716,,NIFTY,,2026-03-24,2026-03-24,25150.0,CE,NIFTY2632425150CE,0.0,0.0,0.0,905.5,0.0,905.5,25819.35,896.3,0,0,0,0.0,0,F1,65,,,,,
2026-02-18,2026-02-18,FO,NSE,IDO,62688,,NIFTY,,2026-03-24,2026-03-24,24800.0,CE,NIFTY2632424800CE,0.0,0.0,0.0,1177.9,0.0,1177.9,25819.35,1192.1,0,0,0,0.0,0,F1,65,,,,,
2026-02-18,2026-02-18,FO,NSE,IDO,62624,,NIFTY,,2026-03-24,2026-03-24,24050.0,CE,NIFTY2632424050CE,0.0,0.0,0.0,1847.9,0.0,1847.9,25819.35,1898.1,0,0,0,0.0,0,F1,65,,,,,
2026-02-18,2026-02-18,FO,NSE,IDO,62622,,NIFTY,,2026-03-24,2026-03-24,24000.0,CE,NIFTY2632424000CE,0.0,0.0,0.0,1895.25,0.0,1895.25,25819.35,1946.95,0,0,0,0.0,0,F1,65,,,,,
2026-02-18,2026-02-18,FO,NSE,IDO,58153,,NIFTY,,2026-03-17,2026-03-17,27500.0,CE,NIFTY2631727500CE,9.45,9.45,6.8,8.1,8.0,9.1,25819.35,8.1,7085,2405,52,92976851.5,34,F1,65,,,,,
2026-02-18,2026-02-18,FO,NSE,IDO,58132,,NIFTY,,2026-03-17,2026-03-17,27150.0,CE,NIFTY2631727150CE,0.0,0.0,0.0,116.7,0.0,116.7,25819.35,29.3,0,0,0,0.0,0,F1,65,,,,,
2026-02-18,2026-02-18,FO,NSE,IDO,57929,,NIFTY,,2026-03-17,2026-03-17,25800.0,CE,NIFTY2631725800CE,335.55,379.6,292.85,373.2,372.0,336.9,25819.35,373.2,9230,6825,259,440204992.5,237,F1,65,,,,,
2026-02-18,2026-02-18,FO,NSE,IDO,57912,,NIFTY,,2026-03-17,2026-03-17,25500.0,CE,NIFTY2631725500CE,528.0,590.0,472.85,578.45,579.55,528.0,25819.35,578.45,18525,2275,315,533020975.5,284,F1,65,,,,,
2026-02-18,2026-02-18,FO,NSE,IDO,57895,,NIFTY,,2026-03-17,2026-03-17,25200.0,CE,NIFTY2631725200CE,0.0,0.0,0.0,1026.95,0.0,1026.95,25819.35,807.7,0,0,0,0.0,0,F1,65,,,,,
2026-02-18,2026-02-18,FO,NSE,IDO,57871,,NIFTY,,2026-03-17,2026-03-17,24700.0,CE,NIFTY2631724700CE,0.0,0.0,0.0,1444.15,0.0,1444.15,25819.35,1243.6,0,0,0,0.0,0,F1,65,,,,,
2026-02-18,2026-02-18,FO,NSE,IDO,57806,,NIFTY,,2026-03-17,2026-03-17,24200.0,CE,NIFTY2631724200CE,0.0,0.0,0.0,1904.35,0.0,1904.35,25819.35,1722.4,0,0,0,0.0,0,F1,65,,,,,
2026-02-18,2026-02-18,FO,NSE,IDO,57797,,NIFTY,,2026-03-17,2026-03-17,24050.0,CE,NIFTY2631724050CE,0.0,0.0,0.0,2047.6,0.0,2047.6,25819.35,1869.75,0,0,0,0.0,0,F1,65,,,,,
2026-02-18,2026-02-18,FO,NSE,IDO,57769,,NIFTY,,2026-03-17,2026-03-17,23750.0,CE,NIFTY2631723750CE,0.0,0.0,0.0,2338.5,0.0,2338.5,25819.35,2166.6,0,0,0,0.0,0,F1,65,,,,,
2026-02-18,2026-02-18,FO,NSE,IDO,45753,,NIFTY,,2026-03-10,2026-03-10,27650.0,CE,NIFTY2631027650CE,0.0,0.0,0.0,35.45,0.0,35.45,25819.35,2.3,0,0,0,0.0,0,F1,65,,,,,
2026-02-18,2026-02-18,FO,NSE,IDO,45715,,NIFTY,,2026-03-10,2026-03-10,27050.0,CE,NIFTY2631027050CE,0.0,0.0,0.0,98.3,0.0,98.3,25819.35,18.45,0,0,0,0.0,0,F1,65,,,,,
2026-02-18,2026-02-18,FO,NSE,IDO,45681,,NIFTY,,2026-03-10,2026-03-10,26650.0,CE,NIFTY2631026650CE,0.0,0.0,0.0,178.35,0.0,178.35,25819.35,57.2,0,0,0,0.0,0,F1,65,,,,,
2026-02-18,2026-02-18,FO,NSE,IDO,45679,,NIFTY,,2026-03-10,2026-03-10,26600.0,CE,NIFTY2631026600CE,34.95,37.4,26.65,36.4,35.35,34.95,25819.35,36.4,53755,14950,1155,1999342692.75,770,F1,65,,,,,
2026-02-18,2026-02-18,FO,NSE,IDO,45645,,NIFTY,,2026-03-10,2026-03-10,26200.0,CE,NIFTY2631026200CE,113.0,122.15,84.55,116.6,116.05,106.75,25819.35,116.6,58110,8385,2184,3734133893.75,1441,F1,65,,,,,
2026-02-18,2026-02-18,FO,NSE,IDO,45639,,NIFTY,,2026-03-10,2026-03-10,26050.0,CE,NIFTY2631026050CE,137.0,179.1,128.85,173.6,171.6,159.05,25819.35,173.6,4030,585,161,274186315.0,113,F1,65,,,,,
2026-02-18,2026-02-18,FO,NSE,IDO,45553,,NIFTY,,2026-03-10,2026-03-10,25200.0,CE,NIFTY2631025200CE,705.25,773.45,644.1,770.35,767.65,701.15,25819.35,770.35,5785,-780,195,328402447.75,139,F1,65,,,,,
2026-02-18,2026-02-18,FO,NSE,IDO,45497,,NIFTY,,2026-03-10,2026-03-10,24450.0,CE,NIFTY2631024450CE,1475.3,1475.3,1467.6,1471.45,1467.6,1477.95,25819.35,1471.45,65,65,2,3369788.5,2,F1,65,,,,,
2026-02-18,2026-02-18,FO,NSE,IDO,55742,,NIFTY,,2026-03-02,2026-03-02,27400.0,CE,NIFTY2630227400CE,3.25,3.65,2.5,2.75,2.85,3.25,25819.35,2.75,28535,3900,713,1270007147.5,414,F1,65,,,,,
2026-02-18,2026-02-18,FO,NSE,IDO,55713,,NIFTY,,2026-03-02,2026-03-02,26850.0,CE,NIFTY2630226850CE,5.65,9.1,5.65,8.0,9.1,8.55,25819.35,8.0,22360,2990,673,1174905026.75,433,F1,65,,,,,
2026-02-18,2026-02-18,FO,NSE,IDO,55265,,NIFTY,,2026-03-02,2026-03-02,26550.0,CE,NIFTY2630226550CE,18.8,24.85,13.3,17.85,18.0,18.45,25819.35,17.85,48750,23205,2589,4470693071.0,1578,F1,65,,,,,
2026-02-18,2026-02-18,FO,NSE,IDO,54963,,NIFTY,,2026-03-02,2026-03-02,25500.0,CE,NIFTY2630225500CE,391.1,458.0,327.8,444.95,444.0,393.35,25819.35,444.95,259350,-12220,11219,18870996807.0,8369,F1,65,,,,,
2026-02-18,2026-02-18,FO,NSE,IDO,54911,,NIFTY,,2026-03-02,2026-03-02,25400.0,CE,NIFTY2630225400CE,482.45,540.4,403.0,530.2,525.35,471.75,25819.35,530.2,65715,-16120,1968,3309347171.0,1386,F1,65,,,,,
2026-02-18,2026-02-18,FO,NSE,IDO,54832,,NIFTY,,2026-03-02,2026-03-02,24600.0,CE,NIFTY2630224600CE,1260.6,1262.7,1260.6,1262.7,1262.7,1188.1,25819.35,1265.6,650,-130,4,6724022.5,4,F1,65,,,,,
2026-02-18,2026-02-18,FO,NSE,IDO,54807,,NIFTY,,2026-03-02,2026-03-02,24300.0,CE,NIFTY2630224300CE,1570.7,1577.05,1570.7,1573.9,1577.05,1489.05,25819.35,1573.9,130,0,2,3363603.75,2,F1,65,,,,,
2026-02-18,2026-02-18,FO,NSE,IDO,54803,,NIFTY,,2026-03-02,2026-03-02,24200.0,CE,NIFTY2630224200CE,1674.35,1681.75,1674.35,1678.05,1681.75,1572.85,25819.35,1678.05,195,0,2,3364146.5,2,F1,65,,,,,
2026-02-18,2026-02-18,FO,NSE,IDO,54778,,NIFTY,,2026-03-02,2026-03-02,23750.0,CE,NIFTY2630223750CE,2099.6,2099.6,2097.25,2097.25,2097.25,2026.2,25819.35,2112.25,130,0,2,3360295.25,2,F1,65,,,,,
2026-02-18,2026-02-18,FO,NSE,IDO,65121,,NIFTY,,2026-02-24,2026-02-24,28050.0,CE,NIFTY26FEB28050CE,5.0,5.0,1.0,1.05,1.0,1.15,25819.35,1.05,301080,138775,28246,51501628171.5,5167,F1,65,,,,,
2026-02-18,2026-02-18,FO,NSE,IDO,65113,,NIFTY,,2026-02-24,2026-02-24,27850.0,CE,NIFTY26FEB27850CE,1.25,1.4,1.05,1.2,1.1,1.15,25819.35,1.2,69615,52910,6701,12131015461.5,2053,F1,65,,,,,
2026-02-18,2026-02-18,FO,NSE,IDO,65107,,NIFTY,,2026-02-24,2026-02-24,27700.0,CE,NIFTY26FEB27700CE,1.3,1.45,1.1,1.2,1.15,1.3,25819.35,1.2,276835,49010,22219,40007156380.75,3448,F1,65,,,,,
2026-02-18,2026-02-18,FO,NSE,IDO,65085,,NIFTY,,2026-02-24,2026-02-24,27250.0,CE,NIFTY26FEB27250CE,1.5,1.9,1.2,1.35,1.4,1.5,25819.35,1.35,420680,108030,71464,126587852241.5,13730,F1,65,,,,,
2026-02-18,2026-02-18,FO,NSE,IDO,64907,,NIFTY,,2026-02-24,2026-02-24,26300.0,CE,NIFTY26FEB26300CE,12.15,14.8,8.55,12.95,12.7,12.75,25819.35,12.95,4013620,1285505,478685,818666481659.0,145925,F1,65,,,,,
2026-02-18,2026-02-18,FO,NSE,IDO,64878,,NIFTY,,2026-02-24,2026-02-24,26150.0,CE,NIFTY26FEB26150CE,27.0,31.75,16.4,27.8,26.7,26.1,25819.35,27.8,2026635,1034800,553968,942407939252.0,192111,F1,65,,,,,
2026-02-18,2026-02-18,FO,NSE,IDO,64858,,NIFTY,,2026-02-24,2026-02-24,25650.0,CE,NIFTY26FEB25650CE,216.0,263.05,147.75,248.35,245.0,208.65,25819.35,248.35,765050,11115,1164336,1954802412576.0,717590,F1,65,,,,,
2026-02-18,2026-02-18,FO,NSE,IDO,72264,,NIFTY,,2026-04-28,2026-04-28,24000.0,PE,NIFTY26APR24000PE,76.15,78.3,66.75,67.75,67.95,76.95,25819.35,67.75,414180,31850,2314,3620762544.75,1287,F1,65,,,,,
2026-02-18,2026-02-18,FO,NSE,IDO,64814,,NIFTY,,2026-02-24,2026-02-24,24650.0,CE,NIFTY26FEB24650CE,1179.15,1179.15,1179.15,1179.15,1179.15,1104.9,25819.35,1191.75,7215,-325,5,8394473.75,1,F1,65,,,,,
2026-02-18,2026-02-18,FO,NSE,IDO,64800,,NIFTY,,2026-02-24,2026-02-24,24300.0,CE,NIFTY26FEB24300CE,1450.3,1520.0,1385.0,1512.3,1512.3,1443.35,25819.35,1541.3,11960,390,18,30107148.5,13,F1,65,,,,,
2026-02-18,2026-02-18,FO,NSE,IDO,64411,,NIFTY,,2026-02-24,2026-02-24,23700.0,CE,NIFTY26FEB23700CE,2034.15,2051.0,2034.15,2051.0,2051.0,2039.25,25819.35,2140.75,1430,130,4,6693069.5,2,F1,65,,,,,
2026-02-18,2026-02-18,FO,NSE,IDO,64374,,NIFTY,,2026-02-24,2026-02-24,23450.0,CE,NIFTY26FEB23450CE,0.0,0.0,0.0,2281.65,2281.65,2281.65,25819.35,2390.55,195,0,0,0.0,0,F1,65,,,,,
2026-02-18,2026-02-18,FO,NSE,IDO,60939,,NIFTY,,2030-06-25,2030-06-25,30000.0,PE,NIFTY30JUN30000PE,0.0,0.0,0.0,2100.85,0.0,2100.85,25819.35,1490.25,0,0,0,0.0,0,F1,65,,,,,
2026-02-18,2026-02-18,FO,NSE,IDO,60893,,NIFTY,,2030-06-25,2030-06-25,18000.0,PE,NIFTY30JUN18000PE,0.0,0.0,0.0,116.65,0.0,116.65,25819.35,12.0,0,0,0,0.0,0,F1,65,,,,,
2026-02-18,2026-02-18,FO,NSE,IDO,55611,,NIFTY,,2029-12-24,2029-12-24,34500.0,PE,NIFTY29DEC34500PE,0.0,0.0,0.0,3545.6,0.0,3545.6,25819.35,3679.2,0,0,0,0.0,0,F1,65,,,,,
2026-02-18,2026-02-18,FO,NSE,IDO,61933,,NIFTY,,2029-12-24,2029-12-24,30000.0,PE,NIFTY29DEC30000PE,0.0,0.0,0.0,1953.5,0.0,1953.5,25819.35,1632.0,0,0,0,0.0,0,F1,65,,,,,
2026-02-18,2026-02-18,FO,NSE,IDO,61779,,NIFTY,,2029-12-24,2029-12-24,26000.0,PE,NIFTY29DEC26000PE,0.0,0.0,0.0,1175.0,1300.0,1175.0,25819.35,564.85,3665,0,0,0.0,0,F1,65,,,,,
2026-02-18,2026-02-18,FO,NSE,IDO,55605,,NIFTY,,2029-12-24,2029-12-24,25500.0,PE,NIFTY29DEC25500PE,0.0,0.0,0.0,597.3,0.0,597.3,25819.35,479.55,0,0,0,0.0,0,F1,65,,,,,
2026-02-18,2026-02-18,FO,NSE,IDO,67785,,NIFTY,,2028-12-26,2028-12-26,25000.0,PE,NIFTY28DEC25000PE,0.0,0.0,0.0,730.0,730.0,730.0,25819.35,435.8,4620,0,0,0.0,0,F1,65,,,,,
2026-02-18,2026-02-18,FO,NSE,IDO,62865,,NIFTY,,2026-03-24,2026-03-24,26650.0,PE,NIFTY2632426650PE,0.0,0.0,0.0,933.4,0.0,933.4,25819.35,822.75,0,0,0,0.0,0,F1,65,,,,,
2026-02-18,2026-02-18,FO,NSE,IDO,62851,,NIFTY,,2026-03-24,2026-03-24,26350.0,PE,NIFTY2632426350PE,0.0,0.0,0.0,720.7,0.0,720.7,25819.35,606.9,0,0,0,0.0,0,F1,65,,,,,
2026-02-18,2026-02-18,FO,NSE,IDO,62790,,NIFTY,,2026-03-24,2026-03-24,25650.0,PE,NIFTY2632425650PE,256.9,270.0,232.7,235.55,235.55,340.5,25819.35,240.15,910,910,37,62279769.5,26,F1,65,,,,,
2026-02-18,2026-02-18,FO,NSE,IDO,62738,,NIFTY,,2026-03-24,2026-03-24,25300.0,PE,NIFTY2632425300PE,155.7,163.35,127.4,130.3,129.25,213.25,25819.35,130.3,1430,1430,53,87637966.0,43,F1,65,,,,,
2026-02-18,2026-02-18,FO,NSE,IDO,58112,,NIFTY,,2026-03-17,2026-03-17,26950.0,PE,NIFTY2631726950PE,0.0,0.0,0.0,1004.55,0.0,1004.55,25819.35,1068.85,0,0,0,0.0,0,F1,65,,,,,
2026-02-18,2026-02-18,FO,NSE,IDO,57908,,NIFTY,,2026-03-17,2026-03-17,25400.0,PE,NIFTY2631725400PE,151.95,170.3,124.4,126.05,124.4,160.0,25819.35,126.05,8385,3900,269,446683926.0,217,F1,65,,,,,
2026-02-18,2026-02-18,FO,NSE,IDO,57896,,NIFTY,,2026-03-17,2026-03-17,25200.0,PE,NIFTY2631725200PE,111.25,125.05,91.5,93.75,92.1,118.65,25819.35,93.75,16705,15535,582,957539095.5,391,F1,65,,,,,
2026-02-18,2026-02-18,FO,NSE,IDO,57866,,NIFTY,,2026-03-17,2026-03-17,24550.0,PE,NIFTY2631724550PE,44.7,49.9,40.2,41.95,42.65,41.5,25819.35,41.95,1495,1495,82,131090982.75,46,F1,65,,,,,
2026-02-18,2026-02-18,FO,NSE,IDO,57818,,NIFTY,,2026-03-17,2026-03-17,24300.0,PE,NIFTY2631724300PE,0.0,0.0,0.0,24.25,0.0,24.25,25819.35,6.8,0,0,0,0.0,0,F1,65,,,,,
2026-02-18,2026-02-18,FO,NSE,IDO,57816,,NIFTY,,2026-03-17,2026-03-17,24250.0,PE,NIFTY2631724250PE,0.0,0.0,0.0,21.65,0.0,21.65,25819.35,5.7,0,0,0,0.0,0,F1,65,,,,,
2026-02-18,2026-02-18,FO,NSE,IDO,45761,,NIFTY,,2026-03-10,2026-03-10,27700.0,PE,NIFTY2631027700PE,1796.75,1796.75,1785.6,1791.2,1785.6,1836.65,25819.35,1791.2,65,65,2,3833852.75,2,F1,65,,,,,
2026-02-18,2026-02-18,FO,NSE,IDO,45664,,NIFTY,,2026-03-10,2026-03-10,26400.0,PE,NIFTY2631026400PE,586.65,586.65,580.7,583.15,583.15,644.0,25819.35,606.25,390,65,4,7015911.5,4,F1,65,,,,,
2026-02-18,2026-02-18,FO,NSE,IDO,50976,,NIFTY,,2026-06-30,2026-06-30,27000.0,PE,NIFTY26JUN27000PE,1002.5,1074.7,962.35,970.25,969.95,1026.65,25819.35,970.25,1676875,71435,1821,3314594062.0,1701,F1,65,,,,,
2026-02-18,2026-02-18,FO,NSE,IDO,50546,,NIFTY,,2026-06-30,2026-06-30,28000.0,PE,NIFTY26JUN28000PE,1735.0,1802.5,1654.3,1666.85,1666.1,1738.7,25819.35,1666.85,757540,40430,836,1613668488.25,825,F1,65,,,,,
2026-02-18,2026-02-18,FO,NSE,IDO,65905,,NIFTY,,2026-09-29,2026-09-29,26000.0,PE,NIFTY26SEP26000PE,628.95,635.3,587.0,591.2,589.55,627.85,25819.35,591.2,381365,3330,349,603652848.5,245,F1,65,,,,,
2026-02-18,2026-02-18,FO,NSE,IDO,58649,,NIFTY,,2026-12-29,2026-12-29,22000.0,PE,NIFTY26DEC22000PE,146.95,159.3,146.9,153.7,153.0,153.6,25819.35,153.7,265310,65,172,247678089.75,137,F1,65,,,,,
2026-02-18,2026-02-18,FO,NSE,IDO,47191,,NIFTY,,2026-12-29,2026-12-29,33000.0,PE,NIFTY26DEC33000PE,0.0,0.0,0.0,5263.45,0.0,5263.45,25819.35,5700.65,0,0,0,0.0,0,F1,65,,,,,
2026-02-18,2026-02-18,FO,NSE,IDO,47193,,NIFTY,,2027-06-29,2027-06-29,33000.0,PE,NIFTY27JUN33000PE,0.0,0.0,0.0,4691.7,0.0,4691.7,25819.35,5008.1,0,0,0,0.0,0,F1,65,,,,,
2026-02-18,2026-02-18,FO,NSE,IDO,35347,,NIFTY,,2027-12-28,2027-12-28,30000.0,PE,NIFTY27DEC30000PE,0.0,0.0,0.0,4140.9,0.0,4140.9,25819.35,2414.0,0,0,0,0.0,0,F1,65,,,,,
2026-02-18,2026-02-18,FO,NSE,IDO,55481,,NIFTY,,2028-06-27,2028-06-27,31500.0,PE,NIFTY28JUN31500PE,0.0,0.0,0.0,2935.6,0.0,2935.6,25819.35,3006.7,0,0,0,0.0,0,F1,65,,,,,
2026-02-18,2026-02-18,FO,NSE,IDO,55521,,NIFTY,,2028-12-26,2028-12-26,22500.0,PE,NIFTY28DEC22500PE,0.0,0.0,0.0,218.8,0.0,218.8,25819.35,140.35,0,0,0,0.0,0,F1,65,,,,,
2026-02-18,2026-02-18,FO,NSE,IDO,67795,,NIFTY,,2028-12-26,2028-12-26,30000.0,PE,NIFTY28DEC30000PE,0.0,0.0,0.0,2352.75,0.0,2352.75,25819.35,1968.45,0,0,0,0.0,0,F1,65,,,,,
2026-02-18,2026-02-18,FO,NSE,IDO,55645,,NIFTY,,2030-06-25,2030-06-25,22500.0,PE,NIFTY30JUN22500PE,0.0,0.0,0.0,223.75,0.0,223.75,25819.35,147.05,0,0,0,0.0,0,F1,65,,,,,
2026-02-18,2026-02-18,FO,NSE,IDO,55705,,NIFTY,,2030-12-31,2030-12-31,22500.0,PE,NIFTY30DEC22500PE,0.0,0.0,0.0,219.35,0.0,219.35,25819.35,144.5,0,0,0,0.0,0,F1,65,,,,,
2026-02-18,2026-02-18,FO,NSE,IDO,45492,,NIFTY,,2026-03-10,2026-03-10,24350.0,PE,NIFTY2631024350PE,21.0,24.85,21.0,23.6,23.5,27.0,25819.35,23.6,1170,65,19,30101597.5,8,F1,65,,,,,
2026-02-18,2026-02-18,FO,NSE,IDO,45483,,NIFTY,,2026-03-10,2026-03-10,24200.0,PE,NIFTY2631024200PE,22.4,22.8,19.1,20.9,22.45,23.9,25819.35,20.9,18590,4485,211,332188343.5,113,F1,65,,,,,
2026-02-18,2026-02-18,FO,NSE,IDO,45481,,NIFTY,,2026-03-10,2026-03-10,24150.0,PE,NIFTY2631024150PE,0.0,0.0,0.0,21.5,19.6,21.5,25819.35,1.35,11050,0,0,0.0,0,F1,65,,,,,
2026-02-18,2026-02-18,FO,NSE,IDO,45457,,NIFTY,,2026-03-10,2026-03-10,23800.0,PE,NIFTY2631023800PE,17.05,17.05,12.85,15.2,15.35,16.8,25819.35,15.2,2535,585,36,55728777.0,20,F1,65,,,,,
2026-02-18,2026-02-18,FO,NSE,IDO,45455,,NIFTY,,2026-03-10,2026-03-10,23750.0,PE,NIFTY2631023750PE,17.8,17.8,12.5,13.15,15.0,10.85,25819.35,13.15,715,715,47,72600154.25,14,F1,65,,,,,
2026-02-18,2026-02-18,FO,NSE,IDO,55741,,NIFTY,,2026-03-02,2026-03-02,27350.0,PE,NIFTY2630227350PE,1481.85,1481.85,1476.15,1479.0,1476.15,1567.2,25819.35,1479.0,65,0,2,3747770.0,2,F1,65,,,,,
2026-02-18,2026-02-18,FO,NSE,IDO,55706,,NIFTY,,2026-03-02,2026-03-02,26650.0,PE,NIFTY2630226650PE,800.8,800.8,794.55,797.6,795.45,888.35,25819.35,797.6,0,0,6,10704557.5,6,F1,65,,,,,
2026-02-18,2026-02-18,FO,NSE,IDO,54970,,NIFTY,,2026-03-02,2026-03-02,25650.0,PE,NIFTY2630225650PE,158.0,184.0,111.6,115.5,115.0,162.3,25819.35,115.5,157495,60320,31803,53331506185.75,21544,F1,65,,,,,
2026-02-18,2026-02-18,FO,NSE,IDO,54779,,NIFTY,,2026-03-02,2026-03-02,23750.0,PE,NIFTY2630223750PE,7.95,8.05,7.15,8.05,7.7,8.35,25819.35,8.05,6565,-65,19,29341094.25,9,F1,65,,,,,
2026-02-18,2026-02-18,FO,NSE,IDO,54771,,NIFTY,,2026-03-02,2026-03-02,23550.0,PE,NIFTY2630223550PE,7.5,8.05,6.55,7.45,7.8,15.6,25819.35,7.45,2405,1105,44,67374190.0,16,F1,65,,,,,
2026-02-18,2026-02-18,FO,NSE,IDO,65126,,NIFTY,,2026-02-24,2026-02-24,28100.0,PE,NIFTY26FEB28100PE,0.0,0.0,0.0,2345.9,2349.6,2345.9,25819.35,2255.25,1560,0,0,0.0,0,F1,65,,,,,
2026-02-18,2026-02-18,FO,NSE,IDO,65110,,NIFTY,,2026-02-24,2026-02-24,27750.0,PE,NIFTY26FEB27750PE,0.0,0.0,0.0,2010.05,2010.05,2010.05,25819.35,1905.55,390,0,0,0.0,0,F1,65,,,,,
2026-02-18,2026-02-18,FO,NSE,IDO,65068,,NIFTY,,2026-02-24,2026-02-24,26800.0,PE,NIFTY26FEB26800PE,1050.05,1132.75,968.2,970.8,968.2,1057.8,25819.35,970.8,46020,-845,66,119495632.75,59,F1,65,,,,,
2026-02-18,2026-02-18,FO,NSE,IDO,64934,,NIFTY,,2026-02-24,2026-02-24,26400.0,PE,NIFTY26FEB26400PE,675.0,740.15,561.6,578.55,581.4,664.7,25819.35,578.55,403390,715,1893,3327734387.25,1276,F1,65,,,,,
2026-02-18,2026-02-18,FO,NSE,IDO,64879,,NIFTY,,2026-02-24,2026-02-24,26150.0,PE,NIFTY26FEB26150PE,421.8,503.85,334.5,347.0,350.05,430.55,25819.35,347.0,53950,13715,4107,7091269376.75,3241,F1,65,,,,,
2026-02-18,2026-02-18,FO,NSE,IDO,64877,,NIFTY,,2026-02-24,2026-02-24,26100.0,PE,NIFTY26FEB26100PE,371.0,461.0,293.25,304.75,307.0,387.3,25819.35,304.75,755105,9555,26953,46356265276.75,17170,F1,65,,,,,
2026-02-18,2026-02-18,FO,NSE,IDO,64867,,NIFTY,,2026-02-24,2026-02-24,25850.0,PE,NIFTY26FEB25850PE,201.35,256.9,132.65,139.5,141.0,209.85,25819.35,139.5,1313520,975455,431797,730562782803.75,273291,F1,65,,,,,
2026-02-18,2026-02-18,FO,NSE,IDO,64793,,NIFTY,,2026-02-24,2026-02-24,24100.0,PE,NIFTY26FEB24100PE,5.4,6.5,4.15,5.7,5.9,5.6,25819.35,5.7,1043705,286650,142393,223110050621.25,38306,F1,65,,,,,
2026-02-18,2026-02-18,FO,NSE,IDO,64791,,NIFTY,,2026-02-24,2026-02-24,24050.0,PE,NIFTY26FEB24050PE,4.15,6.2,4.05,5.55,5.9,5.35,25819.35,5.55,178490,96655,44734,69946191149.25,14312,F1,65,,,,,
2026-02-18,2026-02-18,FO,NSE,IDO,64719,,NIFTY,,2026-02-24,2026-02-24,23900.0,PE,NIFTY26FEB23900PE,4.7,5.4,3.5,4.85,5.0,4.65,25819.35,4.85,887900,479960,82201,127724607942.75,21755,F1,65,,,,,
2026-02-18,2026-02-18,FO,NSE,IDO,64361,,NIFTY,,2026-02-24,2026-02-24,23150.0,PE,NIFTY26FEB23150PE,2.55,3.5,2.35,3.1,3.4,2.95,25819.35,3.1,151840,63440,36450,54855057257.0,8521,F1,65,,,,,
2026-02-18,2026-02-18,FO,NSE,IDO,60910,,NIFTY,,2030-06-25,2030-06-25,27000.0,CE,NIFTY30JUN27000CE,0.0,0.0,0.0,6972.5,0.0,6972.5,25819.35,5277.8,0,0,0,0.0,0,F1,65,,,,,
2026-02-18,2026-02-18,FO,NSE,IDO,62006,,NIFTY,,2029-12-24,2029-12-24,33000.0,CE,NIFTY29DEC33000CE,0.0,0.0,0.0,3816.05,0.0,3816.05,25819.35,2019.05,0,0,0,0.0,0,F1,65,,,,,
2026-02-18,2026-02-18,FO,NSE,IDO,61932,,NIFTY,,2029-12-24,2029-12-24,30000.0,CE,NIFTY29DEC30000CE,0.0,0.0,0.0,3400.0,3400.0,3400.0,25819.35,3175.45,7950,0,0,0.0,0,F1,65,,,,,
2026-02-18,2026-02-18,FO,NSE,IDO,61659,,NIFTY,,2029-12-24,2029-12-24,21000.0,CE,NIFTY29DEC21000CE,0.0,0.0,0.0,9463.95,0.0,9463.95,25819.35,8896.4,0,0,0,0.0,0,F1,65,,,,,
2026-02-18,2026-02-18,FO,NSE,IDO,89636,,NIFTY,,2029-06-26,2029-06-26,27000.0,CE,NIFTY29JUN27000CE,0.0,0.0,0.0,6570.4,0.0,6570.4,25819.35,4188.2,0,0,0,0.0,0,F1,65,,,,,
2026-02-18,2026-02-18,FO,NSE,IDO,55562,,NIFTY,,2029-06-26,2029-06-26,25500.0,CE,NIFTY29JUN25500CE,0.0,0.0,0.0,5917.35,0.0,5917.35,25819.35,5118.7,0,0,0,0.0,0,F1,65,,,,,
2026-02-18,2026-02-18,FO,NSE,IDO,55472,,NIFTY,,2028-06-27,2028-06-27,22500.0,CE,NIFTY28JUN22500CE,0.0,0.0,0.0,6796.05,0.0,6796.05,25819.35,6184.2,0,0,0,0.0,0,F1,65,,,,,
2026-02-18,2026-02-18,FO,NSE,IDO,53631,,NIFTY,,2027-12-28,2027-12-28,27000.0,CE,NIFTY27DEC27000CE,0.0,0.0,0.0,2795.0,2795.0,2795.0,25819.35,2440.55,7250,0,0,0.0,0,F1,65,,,,,
2026-02-18,2026-02-18,FO,NSE,IDO,55424,,NIFTY,,2027-12-28,2027-12-28,22500.0,CE,NIFTY27DEC22500CE,0.0,0.0,0.0,6183.0,0.0,6183.0,25819.35,5617.65,0,0,0,0.0,0,F1,65,,,,,
2026-02-18,2026-02-18,FO,NSE,IDO,55378,,NIFTY,,2027-06-29,2027-06-29,28500.0,CE,NIFTY27JUN28500CE,0.0,0.0,0.0,1711.9,0.0,1711.9,25819.35,1149.9,0,0,0,0.0,0,F1,65,,,,,
2026-02-18,2026-02-18,FO,NSE,IDO,50981,,NIFTY,,2027-06-29,2027-06-29,27000.0,CE,NIFTY27JUN27000CE,0.0,0.0,0.0,1932.5,0.0,1932.5,25819.35,1818.65,0,0,0,0.0,0,F1,65,,,,,
2026-02-18,2026-02-18,FO,NSE,IDO,55372,,NIFTY,,2027-06-29,2027-06-29,19500.0,CE,NIFTY27JUN19500CE,0.0,0.0,0.0,8143.4,0.0,8143.4,25819.35,7728.5,0,0,0,0.0,0,F1,65,,,,,
2026-02-18,2026-02-18,FO,NSE,IDO,47190,,NIFTY,,2026-12-29,2026-12-29,33000.0,CE,NIFTY26DEC33000CE,47.5,50.7,47.25,48.2,48.2,51.15,25819.35,48.2,24700,-975,31,66592643.0,30,F1,65,,,,,
2026-02-18,2026-02-18,FO,NSE,IDO,55292,,NIFTY,,2026-09-29,2026-09-29,34500.0,CE,NIFTY26SEP34500CE,0.0,0.0,0.0,30.15,0.0,30.15,25819.35,2.35,0,0,0,0.0,0,F1,65,,,,,
2026-02-18,2026-02-18,FO,NSE,IDO,71472,,NIFTY,,2026-06-30,2026-06-30,24000.0,CE,NIFTY26JUN24000CE,2410.05,2507.8,2344.45,2486.25,2478.0,2410.05,25819.35,2486.25,123580,1690,144,247367698.5,102,F1,65,,,,,
2026-02-18,2026-02-18,FO,NSE,IDO,72756,,NIFTY,,2026-04-28,2026-04-28,27500.0,CE,NIFTY26APR27500CE,56.95,62.95,53.0,61.3,62.0,58.15,25819.35,61.3,159770,27690,1798,3220567512.5,1257,F1,65,,,,,
2026-02-18,2026-02-18,FO,NSE,IDO,72721,,NIFTY,,2026-04-28,2026-04-28,26900.0,CE,NIFTY26APR26900CE,158.0,171.6,140.6,167.6,166.25,156.6,25819.35,167.6,40950,5395,263,462585067.75,217,F1,65,,,,,
2026-02-18,2026-02-18,FO,NSE,IDO,72385,,NIFTY,,2026-04-28,2026-04-28,25450.0,CE,NIFTY26APR25450CE,840.4,846.6,829.9,846.6,846.6,856.95,25819.35,901.1,130,-195,7,11962382.25,5,F1,65,,,,,
2026-02-18,2026-02-18,FO,NSE,IDO,72329,,NIFTY,,2026-04-28,2026-04-28,24600.0,CE,NIFTY26APR24600CE,0.0,0.0,0.0,1533.85,1533.85,1533.85,25819.35,1556.15,195,0,0,0.0,0,F1,65,,,,,
2026-02-18,2026-02-18,FO,NSE,IDO,72267,,NIFTY,,2026-04-28,2026-04-28,24100.0,CE,NIFTY26APR24100CE,0.0,0.0,0.0,1796.9,1791.4,1796.9,25819.35,2003.2,1300,0,0,0.0,0,F1,65,,,,,
2026-02-18,2026-02-18,FO,NSE,IDO,72257,,NIFTY,,2026-04-28,2026-04-28,23850.0,CE,NIFTY26APR23850CE,0.0,0.0,0.0,2219.15,2219.15,2219.15,25819.35,2237.3,65,0,0,0.0,0,F1,65,,,,,
2026-02-18,2026-02-18,FO,NSE,IDO,72216,,NIFTY,,2026-04-28,2026-04-28,23200.0,CE,NIFTY26APR23200CE,0.0,0.0,0.0,2787.55,2787.55,2787.55,25819.35,2864.3,65,0,0,0.0,0,F1,65,,,,,
2026-02-18,2026-02-18,FO,NSE,IDO,54736,,NIFTY,,2026-03-30,2026-03-30,27200.0,CE,NIFTY26MAR27200CE,27.6,29.1,24.15,28.45,28.7,28.7,25819.35,28.45,491205,18070,3648,6455890379.25,2237,F1,65,,,,,
2026-02-18,2026-02-18,FO,NSE,IDO,62930,,NIFTY,,2026-03-30,2026-03-30,27000.0,CE,NIFTY26MAR27000CE,43.05,45.0,35.4,43.3,43.0,42.45,25819.35,43.3,3704520,142120,25840,45415385970.5,14180,F1,65,,,,,
2026-02-18,2026-02-18,FO,NSE,IDO,62928,,NIFTY,,2026-03-30,2026-03-30,26000.0,CE,NIFTY26MAR26000CE,325.0,359.5,278.65,349.75,347.0,321.5,25819.35,349.75,3757150,305545,39620,67774488606.5,24663,F1,65,,,,,
2026-02-18,2026-02-18,FO,NSE,IDO,54534,,NIFTY,,2026-03-30,2026-03-30,23900.0,CE,NIFTY26MAR23900CE,2094.05,2096.75,2091.65,2094.5,2094.5,2020.45,25819.35,2068.95,1300,0,6,10137692.5,6,F1,65,,,,,
2026-02-18,2026-02-18,FO,NSE,IDO,54530,,NIFTY,,2026-03-30,2026-03-30,23800.0,CE,NIFTY26MAR23800CE,2201.75,2201.95,2201.75,2201.85,2201.95,2111.75,25819.35,2201.85,1495,0,2,3380240.5,2,F1,65,,,,,
2026-02-18,2026-02-18,FO,NSE,IDO,54526,,NIFTY,,2026-03-30,2026-03-30,23700.0,CE,NIFTY26MAR23700CE,2230.55,2297.75,2229.15,2297.75,2297.75,2207.65,25819.35,2297.75,1690,130,3,5060734.25,3,F1,65,,,,,
2026-02-18,2026-02-18,FO,NSE,IDO,54514,,NIFTY,,2026-03-30,2026-03-30,23400.0,CE,NIFTY26MAR23400CE,2566.9,2593.8,2566.9,2590.15,2586.5,2494.0,25819.35,2590.15,975,65,3,5066568.0,3,F1,65,,,,,
2026-02-18,2026-02-18,FO,NSE,IDO,54512,,NIFTY,,2026-03-30,2026-03-30,23350.0,CE,NIFTY26MAR23350CE,0.0,0.0,0.0,2624.9,2630.65,2624.9,25819.35,2610.65,65,0,0,0.0,0,F1,65,,,,,
2026-02-18,2026-02-18,FO,NSE,IDO,62916,,NIFTY,,2026-03-30,2026-03-30,20000.0,CE,NIFTY26MAR20000CE,6000.0,6000.0,6000.0,6000.0,6000.0,5844.75,25819.35,6000.0,29745,-65,1,1690000.0,1,F1,65,,,,,
2026-02-18,2026-02-18,FO,NSE,IDO,62970,,NIFTY,,2026-03-24,2026-03-24,27400.0,CE,NIFTY2632427400CE,0.0,0.0,0.0,54.1,0.0,54.1,25819.35,28.3,0,0,0,0.0,0,F1,65,,,,,
2026-02-18,2026-02-18,FO,NSE,IDO,62852,,NIFTY,,2026-03-24,2026-03-24,26400.0,CE,NIFTY2632426400CE,164.75,164.75,106.15,139.0,137.55,245.55,25819.35,139.0,6305,6305,157,270658017.5,111,F1,65,,,,,
2026-02-18,2026-02-18,FO,NSE,IDO,62763,,NIFTY,,2026-03-24,2026-03-24,25450.0,CE,NIFTY2632425450CE,0.0,0.0,0.0,698.3,0.0,698.3,25819.35,671.85,0,0,0,0.0,0,F1,65,,,,,
2026-02-18,2026-02-18,FO,NSE,IDO,62739,,NIFTY,,2026-03-24,2026-03-24,25350.0,CE,NIFTY2632425350CE,0.0,0.0,0.0,763.8,0.0,763.8,25819.35,743.2,0,0,0,0.0,0,F1,65,,,,,
2026-02-18,2026-02-18,FO,NSE,IDO,58062,,NIFTY,,2026-03-17,2026-03-17,26850.0,CE,NIFTY2631726850CE,0.0,0.0,0.0,181.2,0.0,181.2,25819.35,59.9,0,0,0,0.0,0,F1,65,,,,,
2026-02-18,2026-02-18,FO,NSE,IDO,58045,,NIFTY,,2026-03-17,2026-03-17,26750.0,CE,NIFTY2631726750CE,0.0,0.0,0.0,206.45,0.0,206.45,25819.35,74.7,0,0,0,0.0,0,F1,65,,,,,
2026-02-18,2026-02-18,FO,NSE,IDO,58033,,NIFTY,,2026-03-17,2026-03-17,26600.0,CE,NIFTY2631726600CE,50.0,63.7,45.9,61.75,62.25,56.2,25819.35,61.75,12025,6565,307,531882029.25,249,F1,65,,,,,
2026-02-18,2026-02-18,FO,NSE,IDO,57961,,NIFTY,,2026-03-17,2026-03-17,25950.0,CE,NIFTY2631725950CE,221.25,282.0,221.25,282.0,282.0,259.1,25819.35,282.0,1495,1235,23,39168580.75,16,F1,65,,,,,
2026-02-18,2026-02-18,FO,NSE,IDO,57959,,NIFTY,,2026-03-17,2026-03-17,25900.0,CE,NIFTY2631725900CE,297.4,313.9,245.0,311.2,312.5,283.25,25819.35,311.2,4940,3120,262,445834324.0,211,F1,65,,,,,
2026-02-18,2026-02-18,FO,NSE,IDO,57899,,NIFTY,,2026-03-17,2026-03-17,25300.0,CE,NIFTY2631725300CE,0.0,0.0,0.0,950.7,0.0,950.7,25819.35,729.2,0,0,0,0.0,0,F1,65,,,,,
2026-02-18,2026-02-18,FO,NSE,IDO,57795,,NIFTY,,2026-03-17,2026-03-17,24000.0,CE,NIFTY2631724000CE,0.0,0.0,0.0,2095.75,0.0,2095.75,25819.35,1919.05,0,0,0,0.0,0,F1,65,,,,,
2026-02-18,2026-02-18,FO,NSE,IDO,57789,,NIFTY,,2026-03-17,2026-03-17,23850.0,CE,NIFTY2631723850CE,0.0,0.0,0.0,2241.05,0.0,2241.05,25819.35,2067.45,0,0,0,0.0,0,F1,65,,,,,
2026-02-18,2026-02-18,FO,NSE,IDO,45729,,NIFTY,,2026-03-10,2026-03-10,27300.0,CE,NIFTY2631027300CE,6.8,6.9,5.5,6.35,6.5,6.9,25819.35,6.35,4810,-2665,107,189915345.75,82,F1,65,,,,,
2026-02-18,2026-02-18,FO,NSE,IDO,45532,,NIFTY,,2026-03-10,2026-03-10,24900.0,CE,NIFTY2631024900CE,1043.2,1043.2,1039.5,1041.35,1039.5,1096.3,25819.35,1041.35,65,65,2,3372375.5,2,F1,65,,,,,
2026-02-18,2026-02-18,FO,NSE,IDO,45477,,NIFTY,,2026-03-10,2026-03-10,24100.0,CE,NIFTY2631024100CE,1809.9,1809.9,1799.1,1804.5,1799.1,1798.75,25819.35,1804.5,65,65,2,3367585.0,2,F1,65,,,,,
2026-02-18,2026-02-18,FO,NSE,IDO,54981,,NIFTY,,2026-03-02,2026-03-02,25950.0,CE,NIFTY2630225950CE,132.95,158.7,99.65,150.2,148.7,134.2,25819.35,150.2,106535,30745,17037,28872814659.0,12035,F1,65,,,,,
2026-02-18,2026-02-18,FO,NSE,IDO,54975,,NIFTY,,2026-03-02,2026-03-02,25800.0,CE,NIFTY2630225800CE,210.0,241.25,156.0,231.05,227.9,202.25,25819.35,231.05,665860,379795,71290,120462111467.75,47953,F1,65,,,,,
2026-02-18,2026-02-18,FO,NSE,IDO,54967,,NIFTY,,2026-03-02,2026-03-02,25600.0,CE,NIFTY2630225600CE,329.95,378.9,263.55,366.95,363.8,323.1,25819.35,366.95,178815,-13195,24605,41429082461.0,15519,F1,65,,,,,
2026-02-18,2026-02-18,FO,NSE,IDO,54891,,NIFTY,,2026-03-02,2026-03-02,25100.0,CE,NIFTY2630225100CE,736.0,805.7,652.0,804.05,801.75,724.15,25819.35,804.05,8450,455,88,147706594.75,75,F1,65,,,,,
2026-02-18,2026-02-18,FO,NSE,IDO,54834,,NIFTY,,2026-03-02,2026-03-02,24650.0,CE,NIFTY2630224650CE,1138.8,1217.7,1085.6,1217.7,1217.7,1132.9,25819.35,1216.25,1690,975,35,58752781.75,20,F1,65,,,,,
2026-02-18,2026-02-18,FO,NSE,IDO,54801,,NIFTY,,2026-03-02,2026-03-02,24150.0,CE,NIFTY2630224150CE,1725.3,1725.3,1720.05,1722.7,1720.05,1631.35,25819.35,1722.7,65,0,2,3363447.75,2,F1,65,,,,,
2026-02-18,2026-02-18,FO,NSE,IDO,54799,,NIFTY,,2026-03-02,2026-03-02,24100.0,CE,NIFTY2630224100CE,1673.55,1772.45,1673.5,1772.45,1772.45,1668.9,25819.35,1772.45,1170,0,6,10064535.0,6,F1,65,,,,,
2026-02-18,2026-02-18,FO,NSE,IDO,54770,,NIFTY,,2026-03-02,2026-03-02,23550.0,CE,NIFTY2630223550CE,2319.1,2319.1,2311.3,2315.2,2311.3,2220.0,25819.35,2315.2,65,-65,2,3362476.0,2,F1,65,,,,,
2026-02-18,2026-02-18,FO,NSE,IDO,54758,,NIFTY,,2026-03-02,2026-03-02,23250.0,CE,NIFTY2630223250CE,0.0,0.0,0.0,2498.7,2498.7,2498.7,25819.35,2611.35,0,0,0,0.0,0,F1,65,,,,,
2026-02-18,2026-02-18,FO,NSE,IDO,65119,,NIFTY,,2026-02-24,2026-02-24,28000.0,CE,NIFTY26FEB28000CE,1.15,1.3,1.0,1.05,1.05,1.15,25819.35,1.05,1938170,504465,82565,150274401173.0,11993,F1,65,,,,,
2026-02-18,2026-02-18,FO,NSE,IDO,65075,,NIFTY,,2026-02-24,2026-02-24,27000.0,CE,NIFTY26FEB27000CE,2.25,2.9,1.7,2.0,2.05,2.4,25819.35,2.0,10952760,1329380,615217,1079796392187.5,112916,F1,65,,,,,
2026-02-18,2026-02-18,FO,NSE,IDO,64956,,NIFTY,,2026-02-24,2026-02-24,26550.0,CE,NIFTY26FEB26550CE,6.3,6.3,4.1,5.05,5.05,5.4,25819.35,5.05,857415,327990,199790,344853731573.0,49533,F1,65,,,,,
2026-02-18,2026-02-18,FO,NSE,IDO,64882,,NIFTY,,2026-02-24,2026-02-24,26250.0,CE,NIFTY26FEB26250CE,17.35,19.0,10.5,16.55,15.6,16.15,25819.35,16.55,2175030,1184560,540232,922251950756.5,161467,F1,65,,,,,
2026-02-18,2026-02-18,FO,NSE,IDO,64870,,NIFTY,,2026-02-24,2026-02-24,25950.0,CE,NIFTY26FEB25950CE,70.75,85.7,42.8,77.45,74.7,68.1,25819.35,77.45,2230475,635050,975958,1649907290609.5,482070,F1,65,,,,,
2026-02-18,2026-02-18,FO,NSE,IDO,64864,,NIFTY,,2026-02-24,2026-02-24,25800.0,CE,NIFTY26FEB25800CE,132.0,159.9,82.4,148.15,143.55,125.55,25819.35,148.15,6196645,1846325,3485593,5870749534721.5,1723541,F1,65,,,,,
2026-02-18,2026-02-18,FO,NSE,IDO,64856,,NIFTY,,2026-02-24,2026-02-24,25600.0,CE,NIFTY26FEB25600CE,241.25,302.3,176.6,287.85,283.3,241.6,25819.35,287.85,2278380,-363285,978538,1642024554602.25,578239,F1,65,,,,,
2026-02-18,2026-02-18,FO,NSE,IDO,64850,,NIFTY,,2026-02-24,2026-02-24,25450.0,CE,NIFTY26FEB25450CE,365.0,430.15,278.15,415.0,411.4,353.9,25819.35,415.0,122590,-6695,29966,50212673852.25,22081,F1,65,,,,,
2026-02-18,2026-02-18,FO,NSE,IDO,64831,,NIFTY,,2026-02-24,2026-02-24,25050.0,CE,NIFTY26FEB25050CE,705.95,800.45,638.5,792.6,790.7,711.9,25819.35,792.6,33735,-3120,619,1036190645.75,420,F1,65,,,,,
2026-02-18,2026-02-18,FO,NSE,IDO,64619,,NIFTY,,2026-02-24,2026-02-24,23800.0,CE,NIFTY26FEB23800CE,1950.0,1958.65,1950.0,1958.65,1958.65,1932.9,25819.35,2040.85,6175,-65,2,3348062.25,2,F1,65,,,,,
2026-02-18,2026-02-18,FO,NSE,IDO,64386,,NIFTY,,2026-02-24,2026-02-24,23600.0,CE,NIFTY26FEB23600CE,2082.0,2082.0,2082.0,2082.0,2082.0,2133.85,25819.35,2240.7,910,0,1,1669330.0,1,F1,65,,,,,
2026-02-18,2026-02-18,FO,NSE,IDO,64368,,NIFTY,,2026-02-24,2026-02-24,23350.0,CE,NIFTY26FEB23350CE,0.0,0.0,0.0,2381.35,2381.35,2381.35,25819.35,2490.45,130,0,0,0.0,0,F1,65,,,,,
2026-02-18,2026-02-18,FO,NSE,IDO,64358,,NIFTY,,2026-02-24,2026-02-24,23100.0,CE,NIFTY26FEB23100CE,2629.25,2629.25,2557.25,2578.35,2578.35,2629.25,25819.35,2740.25,455,130,10,16696852.25,9,F1,65,,,,,
2026-02-18,2026-02-18,FO,NSE,IDO,62859,,NIFTY,,2026-03-24,2026-03-24,26500.0,PE,NIFTY2632426500PE,0.0,0.0,0.0,823.2,0.0,823.2,25819.35,710.95,0,0,0,0.0,0,F1,65,,,,,
2026-02-18,2026-02-18,FO,NSE,IDO,71477,,NIFTY,,2026-06-30,2026-06-30,26000.0,PE,NIFTY26JUN26000PE,558.0,581.8,508.85,512.0,512.2,560.6,25819.35,512.0,1373070,80745,4523,7803576131.0,3402,F1,65,,,,,
2026-02-18,2026-02-18,FO,NSE,IDO,72772,,NIFTY,,2026-04-28,2026-04-28,27700.0,PE,NIFTY26APR27700PE,1570.75,1576.45,1563.25,1570.15,1576.45,1647.9,25819.35,1570.15,65,65,3,5707679.25,3,F1,65,,,,,
2026-02-18,2026-02-18,FO,NSE,IDO,72751,,NIFTY,,2026-04-28,2026-04-28,27400.0,PE,NIFTY26APR27400PE,1298.55,1311.1,1298.55,1304.85,1311.1,1385.7,25819.35,1304.85,130,0,4,7463254.5,4,F1,65,,,,,
2026-02-18,2026-02-18,FO,NSE,IDO,72496,,NIFTY,,2026-04-28,2026-04-28,26500.0,PE,NIFTY26APR26500PE,708.3,764.1,650.0,658.25,658.5,721.1,25819.35,658.25,143065,18200,913,1614861417.0,634,F1,65,,,,,
2026-02-18,2026-02-18,FO,NSE,IDO,72486,,NIFTY,,2026-04-28,2026-04-28,26250.0,PE,NIFTY26APR26250PE,517.15,519.4,517.15,518.3,519.4,573.85,25819.35,518.3,6110,65,2,3479875.75,2,F1,65,,,,,
2026-02-18,2026-02-18,FO,NSE,IDO,72440,,NIFTY,,2026-04-28,2026-04-28,25950.0,PE,NIFTY26APR25950PE,436.65,463.65,383.45,390.35,391.4,451.65,25819.35,390.35,4290,1560,61,104502043.75,44,F1,65,,,,,
2026-02-18,2026-02-18,FO,NSE,IDO,72384,,NIFTY,,2026-04-28,2026-04-28,25400.0,PE,NIFTY26APR25400PE,263.55,275.05,228.55,230.7,232.0,265.3,25819.35,230.7,38220,-650,349,581764251.25,250,F1,65,,,,,
2026-02-18,2026-02-18,FO,NSE,IDO,72368,,NIFTY,,2026-04-28,2026-04-28,25300.0,PE,NIFTY26APR25300PE,239.3,250.95,207.25,209.65,209.6,240.8,25819.35,209.65,51220,12155,648,1075030336.25,430,F1,65,,,,,
2026-02-18,2026-02-18,FO,NSE,IDO,72359,,NIFTY,,2026-04-28,2026-04-28,25150.0,PE,NIFTY26APR25150PE,186.25,186.25,178.0,178.0,178.0,205.0,25819.35,178.0,6305,0,3,4940000.0,3,F1,65,,,,,
2026-02-18,2026-02-18,FO,NSE,IDO,72349,,NIFTY,,2026-04-28,2026-04-28,25000.0,PE,NIFTY26APR25000PE,175.05,191.05,154.8,156.45,157.8,183.4,25819.35,156.45,585260,7540,3719,6084157628.25,2561,F1,65,,,,,
2026-02-18,2026-02-18,FO,NSE,IDO,72215,,NIFTY,,2026-04-28,2026-04-28,23150.0,PE,NIFTY26APR23150PE,41.9,41.9,41.0,41.2,41.2,44.5,25819.35,4.4,3055,65,7,10552028.5,3,F1,65,,,,,
2026-02-18,2026-02-18,FO,NSE,IDO,54843,,NIFTY,,2026-03-30,2026-03-30,28100.0,PE,NIFTY26MAR28100PE,2175.05,2175.05,2067.05,2067.05,2067.05,2346.7,25819.35,2067.05,650,0,8,15723136.0,7,F1,65,,,,,
2026-02-18,2026-02-18,FO,NSE,IDO,54745,,NIFTY,,2026-03-30,2026-03-30,27400.0,PE,NIFTY26MAR27400PE,1492.95,1492.95,1414.9,1416.8,1414.9,1492.6,25819.35,1416.8,2535,-65,4,7498533.25,4,F1,65,,,,,
2026-02-18,2026-02-18,FO,NSE,IDO,54739,,NIFTY,,2026-03-30,2026-03-30,27250.0,PE,NIFTY26MAR27250PE,1276.25,1276.25,1271.3,1273.8,1271.3,1370.75,25819.35,1273.8,585,0,2,3708090.75,2,F1,65,,,,,
2026-02-18,2026-02-18,FO,NSE,IDO,54733,,NIFTY,,2026-03-30,2026-03-30,27100.0,PE,NIFTY26MAR27100PE,1145.25,1145.25,1141.9,1141.9,1141.9,1243.0,25819.35,1192.1,2600,-65,2,3671664.75,2,F1,65,,,,,
2026-02-18,2026-02-18,FO,NSE,IDO,54731,,NIFTY,,2026-03-30,2026-03-30,27050.0,PE,NIFTY26MAR27050PE,1196.75,1196.75,1097.5,1097.5,1097.5,1174.5,25819.35,1149.45,1365,-130,3,5495519.25,3,F1,65,,,,,
2026-02-18,2026-02-18,FO,NSE,IDO,54645,,NIFTY,,2026-03-30,2026-03-30,26250.0,PE,NIFTY26MAR26250PE,553.95,600.0,478.45,484.15,487.2,552.05,25819.35,484.15,15600,455,224,389432550.0,135,F1,65,,,,,
2026-02-18,2026-02-18,FO,NSE,IDO,54617,,NIFTY,,2026-03-30,2026-03-30,25800.0,PE,NIFTY26MAR25800PE,320.0,356.75,274.2,278.1,278.05,329.85,25819.35,278.1,461500,61945,9266,15725328703.5,5853,F1,65,,,,,
2026-02-18,2026-02-18,FO,NSE,IDO,54509,,NIFTY,,2026-03-30,2026-03-30,23250.0,PE,NIFTY26MAR23250PE,26.55,29.95,24.2,26.5,28.75,28.95,25819.35,26.5,10530,-20995,412,623357380.75,282,F1,65,,,,,
2026-02-18,2026-02-18,FO,NSE,IDO,54501,,NIFTY,,2026-03-30,2026-03-30,23100.0,PE,NIFTY26MAR23100PE,27.0,27.0,18.95,23.45,22.55,26.55,25819.35,23.45,19500,2015,150,225460943.5,103,F1,65,,,,,
2026-02-18,2026-02-18,FO,NSE,IDO,62941,,NIFTY,,2026-03-24,2026-03-24,27200.0,PE,NIFTY2632427200PE,0.0,0.0,0.0,1379.45,0.0,1379.45,25819.35,1285.65,0,0,0,0.0,0,F1,65,,,,,
2026-02-18,2026-02-18,FO,NSE,IDO,72718,,NIFTY,,2026-04-28,2026-04-28,26800.0,PE,NIFTY26APR26800PE,900.0,900.0,857.0,857.8,857.8,915.6,25819.35,962.25,6500,-195,6,10791924.0,6,F1,65,,,,,
2026-02-18,2026-02-18,FO,NSE,IDO,72742,,NIFTY,,2026-04-28,2026-04-28,27200.0,PE,NIFTY26APR27200PE,0.0,0.0,0.0,1150.05,1150.05,1150.05,25819.35,1260.8,65,0,0,0.0,0,F1,65,,,,,
2026-02-18,2026-02-18,FO,NSE,IDO,72744,,NIFTY,,2026-04-28,2026-04-28,27250.0,PE,NIFTY26APR27250PE,1170.25,1178.45,1170.25,1174.35,1178.45,1423.0,25819.35,1174.35,65,0,2,3695165.5,2,F1,65,,,,,
2026-02-18,2026-02-18,FO,NSE,IDO,72763,,NIFTY,,2026-04-28,2026-04-28,27600.0,PE,NIFTY26APR27600PE,1473.6,1483.25,1473.6,1478.45,1483.25,1762.25,25819.35,1478.45,65,0,2,3780195.25,2,F1,65,,,,,
2026-02-18,2026-02-18,FO,NSE,IDO,50448,,NIFTY,,2026-06-30,2026-06-30,15000.0,PE,NIFTY26JUN15000PE,0.0,0.0,0.0,14.0,14.0,14.0,25819.35,0.05,1150,0,0,0.0,0,F1,65,,,,,
2026-02-18,2026-02-18,FO,NSE,IDO,65901,,NIFTY,,2026-09-29,2026-09-29,24000.0,PE,NIFTY26SEP24000PE,230.0,231.55,215.35,217.7,215.35,234.45,25819.35,217.7,283735,650,218,343215639.0,133,F1,65,,,,,
2026-02-18,2026-02-18,FO,NSE,IDO,55287,,NIFTY,,2026-09-29,2026-09-29,25500.0,PE,NIFTY26SEP25500PE,473.0,493.65,450.9,452.95,458.0,495.55,25819.35,452.95,36465,3900,81,136713811.0,56,F1,65,,,,,
2026-02-18,2026-02-18,FO,NSE,IDO,55699,,NIFTY,,2030-12-31,2030-12-31,18000.0,PE,NIFTY30DEC18000PE,0.0,0.0,0.0,32.3,0.0,32.3,25819.35,13.4,0,0,0,0.0,0,F1,65,,,,,
2026-02-18,2026-02-18,FO,NSE,IDO,62007,,NIFTY,,2029-12-24,2029-12-24,33000.0,PE,NIFTY29DEC33000PE,0.0,0.0,0.0,2953.7,0.0,2953.7,25819.35,2903.25,0,0,0,0.0,0,F1,65,,,,,
2026-02-18,2026-02-18,FO,NSE,IDO,61747,,NIFTY,,2029-12-24,2029-12-24,23000.0,PE,NIFTY29DEC23000PE,0.0,0.0,0.0,410.0,410.0,410.0,25819.35,184.5,2015,0,0,0.0,0,F1,65,,,,,
2026-02-18,2026-02-18,FO,NSE,IDO,55569,,NIFTY,,2029-06-26,2029-06-26,34500.0,PE,NIFTY29JUN34500PE,0.0,0.0,0.0,3889.3,0.0,3889.3,25819.35,4065.6,0,0,0,0.0,0,F1,65,,,,,
2026-02-18,2026-02-18,FO,NSE,IDO,89631,,NIFTY,,2029-06-26,2029-06-26,24000.0,PE,NIFTY29JUN24000PE,0.0,0.0,0.0,694.05,694.05,694.05,25819.35,285.1,25,0,0,0.0,0,F1,65,,,,,
2026-02-18,2026-02-18,FO,NSE,IDO,58161,,NIFTY,,2026-03-17,2026-03-17,27650.0,PE,NIFTY2631727650PE,0.0,0.0,0.0,1595.3,0.0,1595.3,25819.35,1725.8,0,0,0,0.0,0,F1,65,,,,,
2026-02-18,2026-02-18,FO,NSE,IDO,55525,,NIFTY,,2028-12-26,2028-12-26,28500.0,PE,NIFTY28DEC28500PE,0.0,0.0,0.0,1451.15,0.0,1451.15,25819.35,1358.5,0,0,0,0.0,0,F1,65,,,,,
2026-02-18,2026-02-18,FO,NSE,IDO,55483,,NIFTY,,2028-06-27,2028-06-27,34500.0,PE,NIFTY28JUN34500PE,0.0,0.0,0.0,4734.1,0.0,4734.1,25819.35,5018.3,0,0,0,0.0,0,F1,65,,,,,
2026-02-18,2026-02-18,FO,NSE,IDO,86164,,NIFTY,,2028-06-27,2028-06-27,27000.0,PE,NIFTY28JUN27000PE,0.0,0.0,0.0,2752.35,0.0,2752.35,25819.35,939.35,0,0,0,0.0,0,F1,65,,,,,
2026-02-18,2026-02-18,FO,NSE,IDO,86152,,NIFTY,,2028-06-27,2028-06-27,24000.0,PE,NIFTY28JUN24000PE,0.0,0.0,0.0,1692.75,0.0,1692.75,25819.35,284.5,0,0,0,0.0,0,F1,65,,,,,
2026-02-18,2026-02-18,FO,NSE,IDO,55475,,NIFTY,,2028-06-27,2028-06-27,22500.0,PE,NIFTY28JUN22500PE,0.0,0.0,0.0,206.95,0.0,206.95,25819.35,130.1,0,0,0,0.0,0,F1,65,,,,,
2026-02-18,2026-02-18,FO,NSE,IDO,55431,,NIFTY,,2027-12-28,2027-12-28,31500.0,PE,NIFTY27DEC31500PE,0.0,0.0,0.0,3240.0,0.0,3240.0,25819.35,3363.2,0,0,0,0.0,0,F1,65,,,,,
2026-02-18,2026-02-18,FO,NSE,IDO,53615,,NIFTY,,2027-12-28,2027-12-28,21000.0,PE,NIFTY27DEC21000PE,0.0,0.0,0.0,340.0,340.0,340.0,25819.35,38.75,1025,0,0,0.0,0,F1,65,,,,,
2026-02-18,2026-02-18,FO,NSE,IDO,62625,,NIFTY,,2026-03-24,2026-03-24,24050.0,PE,NIFTY2632424050PE,0.0,0.0,0.0,21.25,0.0,21.25,25819.35,5.85,0,0,0,0.0,0,F1,65,,,,,
2026-02-18,2026-02-18,FO,NSE,IDO,62647,,NIFTY,,2026-03-24,2026-03-24,24250.0,PE,NIFTY2632424250PE,0.0,0.0,0.0,33.15,0.0,33.15,25819.35,10.75,0,0,0,0.0,0,F1,65,,,,,
2026-02-18,2026-02-18,FO,NSE,IDO,62665,,NIFTY,,2026-03-24,2026-03-24,24450.0,PE,NIFTY2632424450PE,0.0,0.0,0.0,50.15,0.0,50.15,25819.35,19.0,0,0,0,0.0,0,F1,65,,,,,
2026-02-18,2026-02-18,FO,NSE,IDO,62683,,NIFTY,,2026-03-24,2026-03-24,24650.0,PE,NIFTY2632424650PE,0.0,0.0,0.0,73.7,0.0,73.7,25819.35,32.0,0,0,0,0.0,0,F1,65,,,,,
2026-02-18,2026-02-18,FO,NSE,IDO,62697,,NIFTY,,2026-03-24,2026-03-24,24900.0,PE,NIFTY2632424900PE,0.0,0.0,0.0,114.6,0.0,114.6,25819.35,57.9,0,0,0,0.0,0,F1,65,,,,,
2026-02-18,2026-02-18,FO,NSE,IDO,62792,,NIFTY,,2026-03-24,2026-03-24,25700.0,PE,NIFTY2632425700PE,274.0,291.3,225.05,225.15,225.05,362.05,25819.35,225.15,2860,2860,90,151860907.25,72,F1,65,,,,,
2026-02-18,2026-02-18,FO,NSE,IDO,62840,,NIFTY,,2026-03-24,2026-03-24,26200.0,PE,NIFTY2632426200PE,0.0,0.0,0.0,625.3,0.0,625.3,25819.35,511.4,0,0,0,0.0,0,F1,65,,,,,
2026-02-18,2026-02-18,FO,NSE,IDO,62849,,NIFTY,,2026-03-24,2026-03-24,26300.0,PE,NIFTY2632426300PE,0.0,0.0,0.0,688.1,0.0,688.1,25819.35,574.1,0,0,0,0.0,0,F1,65,,,,,
2026-02-18,2026-02-18,FO,NSE,IDO,62855,,NIFTY,,2026-03-24,2026-03-24,26450.0,PE,NIFTY2632426450PE,0.0,0.0,0.0,788.3,0.0,788.3,25819.35,675.35,0,0,0,0.0,0,F1,65,,,,,
2026-02-18,2026-02-18,FO,NSE,IDO,54527,,NIFTY,,2026-03-30,2026-03-30,23700.0,PE,NIFTY26MAR23700PE,36.95,38.7,33.5,34.25,35.15,39.5,25819.35,34.25,376090,6110,1795,2769397237.75,1315,F1,65,,,,,
2026-02-18,2026-02-18,FO,NSE,IDO,62927,,NIFTY,,2026-03-30,2026-03-30,25000.0,PE,NIFTY26MAR25000PE,127.0,133.45,98.8,100.75,102.15,127.05,25819.35,100.75,5451800,-253565,42853,69944162869.75,22263,F1,65,,,,,
2026-02-18,2026-02-18,FO,NSE,IDO,54577,,NIFTY,,2026-03-30,2026-03-30,25050.0,PE,NIFTY26MAR25050PE,124.05,137.9,104.55,106.45,107.55,134.9,25819.35,106.45,48815,4030,435,711505395.25,396,F1,65,,,,,
2026-02-18,2026-02-18,FO,NSE,IDO,58152,,NIFTY,,2026-03-17,2026-03-17,27450.0,PE,NIFTY2631727450PE,0.0,0.0,0.0,1417.4,0.0,1417.4,25819.35,1532.4,0,0,0,0.0,0,F1,65,,,,,
2026-02-18,2026-02-18,FO,NSE,IDO,58104,,NIFTY,,2026-03-17,2026-03-17,26900.0,PE,NIFTY2631726900PE,0.0,0.0,0.0,966.35,0.0,966.35,25819.35,1024.9,0,0,0,0.0,0,F1,65,,,,,
2026-02-18,2026-02-18,FO,NSE,IDO,57924,,NIFTY,,2026-03-17,2026-03-17,25750.0,PE,NIFTY2631725750PE,250.0,290.0,222.0,223.95,223.9,270.65,25819.35,223.95,9295,910,47,79412095.75,39,F1,65,,,,,
2026-02-18,2026-02-18,FO,NSE,IDO,57919,,NIFTY,,2026-03-17,2026-03-17,25650.0,PE,NIFTY2631725650PE,227.1,252.2,207.75,207.75,207.75,235.4,25819.35,212.05,2470,650,36,60543050.75,31,F1,65,,,,,
2026-02-18,2026-02-18,FO,NSE,IDO,57913,,NIFTY,,2026-03-17,2026-03-17,25500.0,PE,NIFTY2631725500PE,180.0,201.0,146.0,148.65,149.95,186.3,25819.35,148.65,48035,15665,1278,2131910264.25,991,F1,65,,,,,
2026-02-18,2026-02-18,FO,NSE,IDO,57790,,NIFTY,,2026-03-17,2026-03-17,23850.0,PE,NIFTY2631723850PE,0.0,0.0,0.0,8.15,0.0,8.15,25819.35,1.25,0,0,0,0.0,0,F1,65,,,,,
2026-02-18,2026-02-18,FO,NSE,IDO,45702,,NIFTY,,2026-03-10,2026-03-10,26800.0,PE,NIFTY2631026800PE,931.15,931.15,914.15,916.65,919.15,1053.1,25819.35,916.65,65,65,3,5405689.25,3,F1,65,,,,,
2026-02-18,2026-02-18,FO,NSE,IDO,45560,,NIFTY,,2026-03-10,2026-03-10,25300.0,PE,NIFTY2631025300PE,100.95,118.0,81.1,83.4,83.9,111.15,25819.35,83.4,38545,6695,1041,1718327279.5,710,F1,65,,,,,
2026-02-18,2026-02-18,FO,NSE,IDO,45472,,NIFTY,,2026-03-10,2026-03-10,23950.0,PE,NIFTY2631023950PE,0.0,0.0,0.0,17.65,0.0,17.65,25819.35,0.5,0,0,0,0.0,0,F1,65,,,,,
2026-02-18,2026-02-18,FO,NSE,IDO,45467,,NIFTY,,2026-03-10,2026-03-10,23900.0,PE,NIFTY2631023900PE,16.0,17.8,13.7,15.5,15.5,16.5,25819.35,15.5,26260,15860,462,718165149.0,147,F1,65,,,,,
2026-02-18,2026-02-18,FO,NSE,IDO,54976,,NIFTY,,2026-03-02,2026-03-02,25800.0,PE,NIFTY2630225800PE,214.05,255.0,159.25,165.4,166.15,224.95,25819.35,165.4,566215,343460,57021,96356068155.75,37362,F1,65,,,,,
2026-02-18,2026-02-18,FO,NSE,IDO,54964,,NIFTY,,2026-03-02,2026-03-02,25500.0,PE,NIFTY2630225500PE,116.1,130.05,78.7,81.5,82.0,117.7,25819.35,81.5,939315,292305,62102,103341689324.25,38229,F1,65,,,,,
2026-02-18,2026-02-18,FO,NSE,IDO,54879,,NIFTY,,2026-03-02,2026-03-02,24800.0,PE,NIFTY2630224800PE,24.25,28.8,21.65,22.45,23.05,28.8,25819.35,22.45,368940,-13260,16511,26641461076.75,12183,F1,65,,,,,
2026-02-18,2026-02-18,FO,NSE,IDO,54775,,NIFTY,,2026-03-02,2026-03-02,23650.0,PE,NIFTY2630223650PE,8.25,8.25,6.45,7.2,6.95,9.35,25819.35,7.2,3250,260,19,29216931.25,10,F1,65,,,,,
2026-02-18,2026-02-18,FO,NSE,IDO,54767,,NIFTY,,2026-03-02,2026-03-02,23450.0,PE,NIFTY2630223450PE,5.3,7.45,5.3,7.0,7.15,7.7,25819.35,7.0,4030,-3120,262,399466174.25,156,F1,65,,,,,
2026-02-18,2026-02-18,FO,NSE,IDO,65114,,NIFTY,,2026-02-24,2026-02-24,27850.0,PE,NIFTY26FEB27850PE,0.0,0.0,0.0,2101.55,2099.0,2101.55,25819.35,2005.5,260,0,0,0.0,0,F1,65,,,,,
2026-02-18,2026-02-18,FO,NSE,IDO,65108,,NIFTY,,2026-02-24,2026-02-24,27700.0,PE,NIFTY26FEB27700PE,0.0,0.0,0.0,1952.1,1951.6,1952.1,25819.35,1855.6,7215,0,0,0.0,0,F1,65,,,,,
2026-02-18,2026-02-18,FO,NSE,IDO,65096,,NIFTY,,2026-02-24,2026-02-24,27450.0,PE,NIFTY26FEB27450PE,0.0,0.0,0.0,1714.15,1714.15,1714.15,25819.35,1605.85,195,0,0,0.0,0,F1,65,,,,,
2026-02-18,2026-02-18,FO,NSE,IDO,65084,,NIFTY,,2026-02-24,2026-02-24,27200.0,PE,NIFTY26FEB27200PE,1460.0,1460.0,1380.0,1380.0,1380.0,1452.1,25819.35,1356.1,41665,-455,19,35340126.25,12,F1,65,,,,,
2026-02-18,2026-02-18,FO,NSE,IDO,64966,,NIFTY,,2026-02-24,2026-02-24,26650.0,PE,NIFTY26FEB26650PE,907.3,983.95,826.2,830.0,830.0,917.95,25819.35,830.0,910,325,18,32246977.75,17,F1,65,,,,,
2026-02-18,2026-02-18,FO,NSE,IDO,64901,,NIFTY,,2026-02-24,2026-02-24,26250.0,PE,NIFTY26FEB26250PE,508.45,599.0,420.7,435.9,436.8,522.5,25819.35,435.9,50895,130,2428,4221752752.75,1800,F1,65,,,,,
2026-02-18,2026-02-18,FO,NSE,IDO,64855,,NIFTY,,2026-02-24,2026-02-24,25550.0,PE,NIFTY26FEB25550PE,81.9,98.4,45.3,47.85,48.0,84.1,25819.35,47.85,2390050,1217905,964888,1606904939422.25,489248,F1,65,,,,,
2026-02-18,2026-02-18,FO,NSE,IDO,64838,,NIFTY,,2026-02-24,2026-02-24,25200.0,PE,NIFTY26FEB25200PE,34.7,34.7,17.75,18.6,18.85,28.9,25819.35,18.6,4720885,1699425,494931,811393081908.5,172115,F1,65,,,,,
2026-02-18,2026-02-18,FO,NSE,IDO,64809,,NIFTY,,2026-02-24,2026-02-24,24500.0,PE,NIFTY26FEB24500PE,7.4,9.1,5.45,8.1,8.35,8.3,25819.35,8.1,7520110,1863680,389877,621079708187.25,109943,F1,65,,,,,
2026-02-18,2026-02-18,FO,NSE,IDO,64801,,NIFTY,,2026-02-24,2026-02-24,24300.0,PE,NIFTY26FEB24300PE,5.45,7.65,4.9,6.7,6.9,6.75,25819.35,6.7,1925560,928200,219560,346889596163.5,62088,F1,65,,,,,
2026-02-18,2026-02-18,FO,NSE,IDO,55756,,NIFTY,,2030-12-31,2030-12-31,25500.0,CE,NIFTY30DEC25500CE,0.0,0.0,0.0,7639.65,0.0,7639.65,25819.35,6736.05,0,0,0,0.0,0,F1,65,,,,,
2026-02-18,2026-02-18,FO,NSE,IDO,60936,,NIFTY,,2030-06-25,2030-06-25,30000.0,CE,NIFTY30JUN30000CE,0.0,0.0,0.0,5580.35,0.0,5580.35,25819.35,3693.95,0,0,0,0.0,0,F1,65,,,,,
2026-02-18,2026-02-18,FO,NSE,IDO,55644,,NIFTY,,2030-06-25,2030-06-25,22500.0,CE,NIFTY30JUN22500CE,0.0,0.0,0.0,9012.4,0.0,9012.4,25819.35,8254.65,0,0,0,0.0,0,F1,65,,,,,
2026-02-18,2026-02-18,FO,NSE,IDO,86139,,NIFTY,,2028-06-27,2028-06-27,18000.0,CE,NIFTY28JUN18000CE,0.0,0.0,0.0,6809.35,0.0,6809.35,25819.35,10011.15,0,0,0,0.0,0,F1,65,,,,,
2026-02-18,2026-02-18,FO,NSE,IDO,53626,,NIFTY,,2027-12-28,2027-12-28,25000.0,CE,NIFTY27DEC25000CE,4060.0,4060.0,4060.0,4060.0,4060.0,4011.75,25819.35,3691.6,3000,65,1,1888900.0,1,F1,65,,,,,
2026-02-18,2026-02-18,FO,NSE,IDO,53613,,NIFTY,,2027-12-28,2027-12-28,21000.0,CE,NIFTY27DEC21000CE,0.0,0.0,0.0,4902.4,0.0,4902.4,25819.35,6897.6,0,0,0,0.0,0,F1,65,,,,,
2026-02-18,2026-02-18,FO,NSE,IDO,47192,,NIFTY,,2027-06-29,2027-06-29,33000.0,CE,NIFTY27JUN33000CE,0.0,0.0,0.0,1122.75,0.0,1122.75,25819.35,203.95,0,0,0,0.0,0,F1,65,,,,,
2026-02-18,2026-02-18,FO,NSE,IDO,71503,,NIFTY,,2026-12-29,2026-12-29,25000.0,CE,NIFTY26DEC25000CE,2563.0,2636.0,2519.3,2623.1,2606.05,2564.05,25819.35,2623.1,382630,6500,207,371305015.25,195,F1,65,,,,,
2026-02-18,2026-02-18,FO,NSE,IDO,58636,,NIFTY,,2026-12-29,2026-12-29,16000.0,CE,NIFTY26DEC16000CE,0.0,0.0,0.0,6200.0,6200.0,6200.0,25819.35,10558.75,50,0,0,0.0,0,F1,65,,,,,
2026-02-18,2026-02-18,FO,NSE,IDO,55188,,NIFTY,,2026-06-30,2026-06-30,25500.0,CE,NIFTY26JUN25500CE,1222.0,1291.5,1166.4,1273.6,1262.6,1221.95,25819.35,1273.6,141570,13260,812,1409882386.25,632,F1,65,,,,,
2026-02-18,2026-02-18,FO,NSE,IDO,72762,,NIFTY,,2026-04-28,2026-04-28,27600.0,CE,NIFTY26APR27600CE,47.85,51.6,44.0,51.15,51.55,48.75,25819.35,51.15,7865,3315,199,357609837.0,102,F1,65,,,,,
2026-02-18,2026-02-18,FO,NSE,IDO,72750,,NIFTY,,2026-04-28,2026-04-28,27400.0,CE,NIFTY26APR27400CE,0.0,0.0,0.0,146.05,0.0,146.05,25819.35,125.25,0,0,0,0.0,0,F1,65,,,,,
2026-02-18,2026-02-18,FO,NSE,IDO,72485,,NIFTY,,2026-04-28,2026-04-28,26250.0,CE,NIFTY26APR26250CE,385.55,415.4,365.0,410.05,410.05,380.8,25819.35,410.05,2925,-195,16,27705119.0,15,F1,65,,,,,
2026-02-18,2026-02-18,FO,NSE,IDO,72383,,NIFTY,,2026-04-28,2026-04-28,25400.0,CE,NIFTY26APR25400CE,864.9,963.15,863.85,958.6,953.45,906.1,25819.35,958.6,13260,130,57,97468712.25,52,F1,65,,,,,
2026-02-18,2026-02-18,FO,NSE,IDO,72333,,NIFTY,,2026-04-28,2026-04-28,24700.0,CE,NIFTY26APR24700CE,1521.35,1544.15,1521.35,1540.95,1544.15,1480.0,25819.35,1540.95,2990,0,3,5115708.0,3,F1,65,,,,,
2026-02-18,2026-02-18,FO,NSE,IDO,72261,,NIFTY,,2026-04-28,2026-04-28,23950.0,CE,NIFTY26APR23950CE,0.0,0.0,0.0,1960.9,1955.45,1960.9,25819.35,2143.0,520,0,0,0.0,0,F1,65,,,,,
2026-02-18,2026-02-18,FO,NSE,IDO,72259,,NIFTY,,2026-04-28,2026-04-28,23900.0,CE,NIFTY26APR23900CE,0.0,0.0,0.0,2173.05,2173.05,2173.05,25819.35,2190.05,65,0,0,0.0,0,F1,65,,,,,
2026-02-18,2026-02-18,FO,NSE,IDO,54836,,NIFTY,,2026-03-30,2026-03-30,27900.0,CE,NIFTY26MAR27900CE,10.45,10.55,8.85,9.65,9.65,10.45,25819.35,14.35,19110,2210,244,442649418.25,117,F1,65,,,,,
2026-02-18,2026-02-18,FO,NSE,IDO,54718,,NIFTY,,2026-03-30,2026-03-30,26700.0,CE,NIFTY26MAR26700CE,83.65,91.45,68.7,88.25,87.5,83.2,25819.35,88.25,483080,26780,5593,9735258604.5,4120,F1,65,,,,,
2026-02-18,2026-02-18,FO,NSE,IDO,54716,,NIFTY,,2026-03-30,2026-03-30,26650.0,CE,NIFTY26MAR26650CE,99.25,101.95,77.4,99.15,99.7,92.8,25819.35,99.15,32955,8775,666,1157625098.5,583,F1,65,,,,,
2026-02-18,2026-02-18,FO,NSE,IDO,54618,,NIFTY,,2026-03-30,2026-03-30,25850.0,CE,NIFTY26MAR25850CE,410.0,445.1,354.1,434.5,432.5,401.6,25819.35,434.5,49205,11570,734,1251868426.25,609,F1,65,,,,,
2026-02-18,2026-02-18,FO,NSE,IDO,54595,,NIFTY,,2026-03-30,2026-03-30,25500.0,PE,NIFTY26MAR25500PE,220.0,247.0,186.45,189.5,190.05,230.2,25819.35,189.5,2564510,318955,27504,45963255529.75,16810,F1,65,,,,,
2026-02-18,2026-02-18,FO,NSE,IDO,54621,,NIFTY,,2026-03-30,2026-03-30,25900.0,PE,NIFTY26MAR25900PE,371.15,402.65,311.35,315.6,314.1,371.15,25819.35,315.6,254605,38350,4000,6824862726.5,3027,F1,65,,,,,
2026-02-18,2026-02-18,FO,NSE,IDO,54725,,NIFTY,,2026-03-30,2026-03-30,26850.0,PE,NIFTY26MAR26850PE,934.25,934.25,902.35,904.95,902.35,1011.15,25819.35,904.95,1625,-65,3,5414119.75,3,F1,65,,,,,
2026-02-18,2026-02-18,FO,NSE,IDO,54747,,NIFTY,,2026-03-30,2026-03-30,27450.0,PE,NIFTY26MAR27450PE,1477.95,1477.95,1476.15,1476.15,1476.15,1549.85,25819.35,1503.6,455,0,2,3760516.5,2,F1,65,,,,,
2026-02-18,2026-02-18,FO,NSE,IDO,54825,,NIFTY,,2026-03-30,2026-03-30,27700.0,PE,NIFTY26MAR27700PE,1830.0,1830.0,1693.2,1693.2,1693.2,1783.9,25819.35,1693.2,6695,195,5,9588358.0,2,F1,65,,,,,
2026-02-18,2026-02-18,FO,NSE,IDO,54841,,NIFTY,,2026-03-30,2026-03-30,28050.0,PE,NIFTY26MAR28050PE,0.0,0.0,0.0,2374.55,2386.15,2374.55,25819.35,2072.2,260,0,0,0.0,0,F1,65,,,,,
2026-02-18,2026-02-18,FO,NSE,IDO,62964,,NIFTY,,2026-03-30,2026-03-30,31000.0,PE,NIFTY26MAR31000PE,5119.0,5119.0,4951.7,4951.7,4951.7,5060.05,25819.35,4951.7,212650,-1235,30,70219331.0,27,F1,65,,,,,
2026-02-18,2026-02-18,FO,NSE,IDO,72223,,NIFTY,,2026-04-28,2026-04-28,23350.0,PE,NIFTY26APR23350PE,0.0,0.0,0.0,42.6,42.6,42.6,25819.35,7.15,650,0,0,0.0,0,F1,65,,,,,
2026-02-18,2026-02-18,FO,NSE,IDO,72250,,NIFTY,,2026-04-28,2026-04-28,23650.0,PE,NIFTY26APR23650PE,0.0,0.0,0.0,58.6,58.6,58.6,25819.35,14.0,1560,0,0,0.0,0,F1,65,,,,,
2026-02-18,2026-02-18,FO,NSE,IDO,72272,,NIFTY,,2026-04-28,2026-04-28,24200.0,PE,NIFTY26APR24200PE,85.2,87.95,73.45,74.7,73.65,86.5,25819.35,74.7,55445,-130,223,351954762.25,169,F1,65,,,,,
2026-02-18,2026-02-18,FO,NSE,IDO,72338,,NIFTY,,2026-04-28,2026-04-28,24800.0,PE,NIFTY26APR24800PE,141.85,151.05,124.0,125.3,125.25,147.7,25819.35,125.3,201110,15600,740,1199350373.0,609,F1,65,,,,,
2026-02-18,2026-02-18,FO,NSE,IDO,72425,,NIFTY,,2026-04-28,2026-04-28,25650.0,PE,NIFTY26APR25650PE,351.5,351.5,293.45,295.35,297.85,335.0,25819.35,295.35,7605,1495,40,67512633.5,30,F1,65,,,,,
2026-02-18,2026-02-18,FO,NSE,IDO,72432,,NIFTY,,2026-04-28,2026-04-28,25800.0,PE,NIFTY26APR25800PE,378.1,407.35,340.0,342.6,342.85,387.05,25819.35,342.6,80340,7410,659,1120741592.75,472,F1,65,,,,,
2026-02-18,2026-02-18,FO,NSE,IDO,54596,,NIFTY,,2026-03-30,2026-03-30,25550.0,CE,NIFTY26MAR25550CE,584.0,650.0,536.0,644.4,635.6,591.1,25819.35,644.4,21385,-3315,229,389091261.0,180,F1,65,,,,,
2026-02-18,2026-02-18,FO,NSE,IDO,54580,,NIFTY,,2026-03-30,2026-03-30,25150.0,CE,NIFTY26MAR25150CE,862.3,943.65,850.2,943.65,943.65,895.55,25819.35,936.1,12090,-65,6,10147731.75,5,F1,65,,,,,
2026-02-18,2026-02-18,FO,NSE,IDO,54554,,NIFTY,,2026-03-30,2026-03-30,24450.0,CE,NIFTY26MAR24450CE,1591.65,1591.65,1585.0,1588.85,1589.85,1500.9,25819.35,1588.85,585,65,3,5077572.5,3,F1,65,,,,,
2026-02-18,2026-02-18,FO,NSE,IDO,54550,,NIFTY,,2026-03-30,2026-03-30,24350.0,CE,NIFTY26MAR24350CE,1674.2,1681.4,1674.2,1677.8,1681.4,1592.75,25819.35,1677.8,195,-65,2,3383614.0,2,F1,65,,,,,
2026-02-18,2026-02-18,FO,NSE,IDO,62880,,NIFTY,,2026-03-24,2026-03-24,26950.0,CE,NIFTY2632426950CE,0.0,0.0,0.0,113.0,0.0,113.0,25819.35,73.45,0,0,0,0.0,0,F1,65,,,,,
2026-02-18,2026-02-18,FO,NSE,IDO,62866,,NIFTY,,2026-03-24,2026-03-24,26700.0,CE,NIFTY2632426700CE,114.0,114.0,69.0,78.1,70.55,163.5,25819.35,78.1,1170,1170,18,31330383.5,10,F1,65,,,,,
2026-02-18,2026-02-18,FO,NSE,IDO,62858,,NIFTY,,2026-03-24,2026-03-24,26500.0,CE,NIFTY2632426500CE,0.0,0.0,0.0,215.25,0.0,215.25,25819.35,165.7,0,0,0,0.0,0,F1,65,,,,,
2026-02-18,2026-02-18,FO,NSE,IDO,62839,,NIFTY,,2026-03-24,2026-03-24,26200.0,CE,NIFTY2632426200CE,0.0,0.0,0.0,315.5,0.0,315.5,25819.35,264.6,0,0,0,0.0,0,F1,65,,,,,
2026-02-18,2026-02-18,FO,NSE,IDO,62806,,NIFTY,,2026-03-24,2026-03-24,25900.0,CE,NIFTY2632425900CE,297.6,362.3,287.25,360.4,356.7,445.2,25819.35,360.4,5395,5395,356,606614349.25,293,F1,65,,,,,
2026-02-18,2026-02-18,FO,NSE,IDO,58009,,NIFTY,,2026-03-17,2026-03-17,26500.0,CE,NIFTY2631726500CE,71.05,84.9,60.25,82.6,82.1,73.7,25819.35,82.6,39390,10855,709,1224311913.5,408,F1,65,,,,,
2026-02-18,2026-02-18,FO,NSE,IDO,57965,,NIFTY,,2026-03-17,2026-03-17,26000.0,CE,NIFTY2631726000CE,232.85,266.0,198.0,259.55,256.0,234.2,25819.35,259.55,26780,5785,768,1309092424.25,609,F1,65,,,,,
2026-02-18,2026-02-18,FO,NSE,IDO,57931,,NIFTY,,2026-03-17,2026-03-17,25850.0,CE,NIFTY2631725850CE,0.0,0.0,0.0,585.45,0.0,585.45,25819.35,370.7,0,0,0,0.0,0,F1,65,,,,,
2026-02-18,2026-02-18,FO,NSE,IDO,57882,,NIFTY,,2026-03-17,2026-03-17,24950.0,CE,NIFTY2631724950CE,0.0,0.0,0.0,1228.7,0.0,1228.7,25819.35,1017.85,0,0,0,0.0,0,F1,65,,,,,
2026-02-18,2026-02-18,FO,NSE,IDO,57774,,NIFTY,,2026-03-17,2026-03-17,23800.0,CE,NIFTY2631723800CE,0.0,0.0,0.0,2289.7,0.0,2289.7,25819.35,2117.0,0,0,0,0.0,0,F1,65,,,,,
2026-02-18,2026-02-18,FO,NSE,IDO,45748,,NIFTY,,2026-03-10,2026-03-10,27600.0,CE,NIFTY2631027600CE,5.35,5.5,4.2,4.85,5.0,4.4,25819.35,4.85,3120,1495,65,116630790.25,33,F1,65,,,,,
2026-02-18,2026-02-18,FO,NSE,IDO,45625,,NIFTY,,2026-03-10,2026-03-10,25900.0,CE,NIFTY2631025900CE,219.1,255.4,185.25,247.9,247.0,223.95,25819.35,247.9,36660,7020,1981,3362974888.0,1286,F1,65,,,,,
2026-02-18,2026-02-18,FO,NSE,IDO,45548,,NIFTY,,2026-03-10,2026-03-10,25150.0,CE,NIFTY2631025150CE,795.95,795.95,793.8,793.8,793.8,751.5,25819.35,798.25,195,0,2,3372833.75,2,F1,65,,,,,
2026-02-18,2026-02-18,FO,NSE,IDO,45539,,NIFTY,,2026-03-10,2026-03-10,25000.0,CE,NIFTY2631025000CE,826.0,947.0,819.9,941.3,935.6,870.8,25819.35,941.3,6240,-130,13,21873913.75,13,F1,65,,,,,
2026-02-18,2026-02-18,FO,NSE,IDO,45517,,NIFTY,,2026-03-10,2026-03-10,24700.0,CE,NIFTY2631024700CE,1227.7,1227.7,1222.65,1225.2,1222.65,1260.7,25819.35,1225.2,65,65,2,3370272.75,2,F1,65,,,,,
2026-02-18,2026-02-18,FO,NSE,IDO,45488,,NIFTY,,2026-03-10,2026-03-10,24300.0,CE,NIFTY2631024300CE,1614.55,1614.55,1604.3,1609.45,1604.3,1613.4,25819.35,1609.45,65,65,2,3368225.25,2,F1,65,,,,,
2026-02-18,2026-02-18,FO,NSE,IDO,55753,,NIFTY,,2026-03-02,2026-03-02,27550.0,CE,NIFTY2630227550CE,2.9,3.2,2.15,2.3,2.5,2.85,25819.35,2.3,13910,3640,125,223866207.5,63,F1,65,,,,,
2026-02-18,2026-02-18,FO,NSE,IDO,55751,,NIFTY,,2026-03-02,2026-03-02,27500.0,CE,NIFTY2630227500CE,3.85,3.85,2.35,2.5,2.75,3.2,25819.35,2.5,307125,-15990,4906,8770415254.25,1850,F1,65,,,,,
2026-02-18,2026-02-18,FO,NSE,IDO,55727,,NIFTY,,2026-03-02,2026-03-02,27100.0,CE,NIFTY2630227100CE,5.2,6.25,4.4,4.7,4.8,5.2,25819.35,4.7,93210,61295,3986,7022639682.5,3046,F1,65,,,,,
2026-02-18,2026-02-18,FO,NSE,IDO,54913,,NIFTY,,2026-03-02,2026-03-02,25450.0,CE,NIFTY2630225450CE,441.0,497.95,365.4,486.25,485.45,431.6,25819.35,486.25,23400,-3380,1020,1714415914.25,746,F1,65,,,,,
2026-02-18,2026-02-18,FO,NSE,IDO,54815,,NIFTY,,2026-03-02,2026-03-02,24450.0,CE,NIFTY2630224450CE,1409.8,1409.8,1409.3,1409.3,1409.3,1340.55,25819.35,1414.3,65,0,2,3361741.5,2,F1,65,,,,,
2026-02-18,2026-02-18,FO,NSE,IDO,54766,,NIFTY,,2026-03-02,2026-03-02,23450.0,CE,NIFTY2630223450CE,2402.75,2402.75,2399.45,2399.45,2399.45,2323.1,25819.35,2411.7,130,0,2,3360643.0,2,F1,65,,,,,
2026-02-18,2026-02-18,FO,NSE,IDO,54762,,NIFTY,,2026-03-02,2026-03-02,23350.0,CE,NIFTY2630223350CE,2486.95,2520.55,2486.95,2516.65,2512.7,2428.3,25819.35,2516.65,130,0,3,5042063.0,3,F1,65,,,,,
2026-02-18,2026-02-18,FO,NSE,IDO,54760,,NIFTY,,2026-03-02,2026-03-02,23300.0,CE,NIFTY2630223300CE,2543.3,2563.1,2543.3,2557.9,2552.7,2477.2,25819.35,2557.9,130,0,3,5041341.5,3,F1,65,,,,,
2026-02-18,2026-02-18,FO,NSE,IDO,65117,,NIFTY,,2026-02-24,2026-02-24,27950.0,CE,NIFTY26FEB27950CE,1.3,1.5,1.0,1.1,1.05,1.2,25819.35,1.1,90935,30160,9241,16789303846.25,1857,F1,65,,,,,
2026-02-18,2026-02-18,FO,NSE,IDO,64860,,NIFTY,,2026-02-24,2026-02-24,25700.0,CE,NIFTY26FEB25700CE,185.0,225.75,123.2,212.2,207.95,177.85,25819.35,212.2,4524260,122395,4129092,6939189565025.25,2256040,F1,65,,,,,
2026-02-18,2026-02-18,FO,NSE,IDO,64845,,NIFTY,,2026-02-24,2026-02-24,25400.0,CE,NIFTY26FEB25400CE,398.1,475.1,316.9,460.2,458.0,394.9,25819.35,460.2,871845,-3640,52537,88026326859.25,31988,F1,65,,,,,
2026-02-18,2026-02-18,FO,NSE,IDO,64827,,NIFTY,,2026-02-24,2026-02-24,24950.0,CE,NIFTY26FEB24950CE,828.4,887.8,741.1,887.25,887.25,808.35,25819.35,887.25,17160,845,117,195892177.0,105,F1,65,,,,,
2026-02-18,2026-02-18,FO,NSE,IDO,64821,,NIFTY,,2026-02-24,2026-02-24,24800.0,CE,NIFTY26FEB24800CE,960.05,1046.0,877.0,1038.35,1039.25,954.25,25819.35,1038.35,193960,130,588,984284691.0,361,F1,65,,,,,
2026-02-18,2026-02-18,FO,NSE,IDO,64804,,NIFTY,,2026-02-24,2026-02-24,24400.0,CE,NIFTY26FEB24400CE,1364.95,1406.0,1300.0,1406.0,1406.0,1340.0,25819.35,1441.4,12870,-195,26,43495416.25,16,F1,65,,,,,
2026-02-18,2026-02-18,FO,NSE,IDO,64784,,NIFTY,,2026-02-24,2026-02-24,24000.0,CE,NIFTY26FEB24000CE,1743.1,1842.15,1663.5,1834.5,1835.15,1744.9,25819.35,1834.5,799240,-65650,1516,2536365942.5,1219,F1,65,,,,,
2026-02-18,2026-02-18,FO,NSE,IDO,64366,,NIFTY,,2026-02-24,2026-02-24,23300.0,CE,NIFTY26FEB23300CE,0.0,0.0,0.0,2430.0,2430.0,2430.0,25819.35,2540.4,2730,0,0,0.0,0,F1,65,,,,,
2026-02-18,2026-02-18,FO,NSE,IDO,72488,,NIFTY,,2026-04-28,2026-04-28,26300.0,PE,NIFTY26APR26300PE,605.55,636.35,543.0,545.8,548.0,604.2,25819.35,545.8,58890,4875,215,375714407.25,158,F1,65,,,,,
2026-02-18,2026-02-18,FO,NSE,IDO,72666,,NIFTY,,2026-04-28,2026-04-28,26650.0,PE,NIFTY26APR26650PE,756.0,756.0,754.55,754.55,754.55,822.95,25819.35,860.05,390,65,2,3562685.75,2,F1,65,,,,,
2026-02-18,2026-02-18,FO,NSE,IDO,55379,,NIFTY,,2027-06-29,2027-06-29,28500.0,PE,NIFTY27JUN28500PE,0.0,0.0,0.0,1807.05,0.0,1807.05,25819.35,1778.1,0,0,0,0.0,0,F1,65,,,,,
2026-02-18,2026-02-18,FO,NSE,IDO,55381,,NIFTY,,2027-06-29,2027-06-29,31500.0,PE,NIFTY27JUN31500PE,0.0,0.0,0.0,3604.7,0.0,3604.7,25819.35,3796.1,0,0,0,0.0,0,F1,65,,,,,
2026-02-18,2026-02-18,FO,NSE,IDO,53602,,NIFTY,,2027-12-28,2027-12-28,17000.0,PE,NIFTY27DEC17000PE,0.0,0.0,0.0,50.05,50.05,50.05,25819.35,0.55,14200,0,0,0.0,0,F1,65,,,,,
2026-02-18,2026-02-18,FO,NSE,IDO,53617,,NIFTY,,2027-12-28,2027-12-28,22000.0,PE,NIFTY27DEC22000PE,208.75,279.9,208.75,269.5,270.0,275.0,25819.35,269.5,8110,0,10,14467271.0,10,F1,65,,,,,
2026-02-18,2026-02-18,FO,NSE,IDO,53619,,NIFTY,,2027-12-28,2027-12-28,23000.0,PE,NIFTY27DEC23000PE,348.5,348.5,348.0,348.0,348.0,378.3,25819.35,154.45,9945,130,2,3035272.5,2,F1,65,,,,,
2026-02-18,2026-02-18,FO,NSE,IDO,55429,,NIFTY,,2027-12-28,2027-12-28,28500.0,PE,NIFTY27DEC28500PE,0.0,0.0,0.0,1800.0,1800.0,1800.0,25819.35,1619.55,65,0,0,0.0,0,F1,65,,,,,
2026-02-18,2026-02-18,FO,NSE,IDO,67777,,NIFTY,,2028-12-26,2028-12-26,21000.0,PE,NIFTY28DEC21000PE,0.0,0.0,0.0,195.0,195.0,195.0,25819.35,59.6,4940,0,0,0.0,0,F1,65,,,,,
2026-02-18,2026-02-18,FO,NSE,IDO,55523,,NIFTY,,2028-12-26,2028-12-26,25500.0,PE,NIFTY28DEC25500PE,0.0,0.0,0.0,648.2,0.0,648.2,25819.35,527.2,0,0,0,0.0,0,F1,65,,,,,
2026-02-18,2026-02-18,FO,NSE,IDO,67789,,NIFTY,,2028-12-26,2028-12-26,27000.0,PE,NIFTY28DEC27000PE,0.0,0.0,0.0,1065.0,1065.0,1065.0,25819.35,879.55,6080,0,0,0.0,0,F1,65,,,,,
2026-02-18,2026-02-18,FO,NSE,IDO,55527,,NIFTY,,2028-12-26,2028-12-26,31500.0,PE,NIFTY28DEC31500PE,0.0,0.0,0.0,2673.4,0.0,2673.4,25819.35,2704.95,0,0,0,0.0,0,F1,65,,,,,
2026-02-18,2026-02-18,FO,NSE,IDO,47199,,NIFTY,,2028-12-26,2028-12-26,33000.0,PE,NIFTY28DEC33000PE,0.0,0.0,0.0,3315.4,0.0,3315.4,25819.35,3556.85,0,0,0,0.0,0,F1,65,,,,,
2026-02-18,2026-02-18,FO,NSE,IDO,55565,,NIFTY,,2029-06-26,2029-06-26,28500.0,PE,NIFTY29JUN28500PE,0.0,0.0,0.0,1349.1,0.0,1349.1,25819.35,1247.8,0,0,0,0.0,0,F1,65,,,,,
2026-02-18,2026-02-18,FO,NSE,IDO,55603,,NIFTY,,2029-12-24,2029-12-24,22500.0,PE,NIFTY29DEC22500PE,0.0,0.0,0.0,225.7,0.0,225.7,25819.35,147.65,0,0,0,0.0,0,F1,65,,,,,
2026-02-18,2026-02-18,FO,NSE,IDO,55607,,NIFTY,,2029-12-24,2029-12-24,28500.0,PE,NIFTY29DEC28500PE,0.0,0.0,0.0,1255.9,0.0,1255.9,25819.35,1148.0,0,0,0,0.0,0,F1,65,,,,,
2026-02-18,2026-02-18,FO,NSE,IDO,55703,,NIFTY,,2030-12-31,2030-12-31,21000.0,PE,NIFTY30DEC21000PE,0.0,0.0,0.0,126.8,0.0,126.8,25819.35,73.8,0,0,0,0.0,0,F1,65,,,,,
2026-02-18,2026-02-18,FO,NSE,IDO,55761,,NIFTY,,2030-12-31,2030-12-31,28500.0,PE,NIFTY30DEC28500PE,0.0,0.0,0.0,1083.1,0.0,1083.1,25819.35,969.9,0,0,0,0.0,0,F1,65,,,,,
2026-02-18,2026-02-18,FO,NSE,IDO,64806,,NIFTY,,2026-02-24,2026-02-24,24450.0,CE,NIFTY26FEB24450CE,0.0,0.0,0.0,1296.7,1297.65,1296.7,25819.35,1391.45,7540,0,0,0.0,0,F1,65,,,,,
2026-02-18,2026-02-18,FO,NSE,IDO,64839,,NIFTY,,2026-02-24,2026-02-24,25250.0,CE,NIFTY26FEB25250CE,528.15,615.1,447.45,600.8,597.65,524.9,25819.35,600.8,59995,2470,3264,5467270445.0,2131,F1,65,,,,,
2026-02-18,2026-02-18,FO,NSE,IDO,64866,,NIFTY,,2026-02-24,2026-02-24,25850.0,CE,NIFTY26FEB25850CE,110.0,131.6,66.5,121.05,117.65,103.4,25819.35,121.05,2362880,1024400,1738966,2932274244695.25,895568,F1,65,,,,,
2026-02-18,2026-02-18,FO,NSE,IDO,64876,,NIFTY,,2026-02-24,2026-02-24,26100.0,CE,NIFTY26FEB26100CE,33.6,41.2,21.05,36.15,34.9,33.25,25819.35,36.15,4173260,1346995,895157,1520289849295.75,322334,F1,65,,,,,
2026-02-18,2026-02-18,FO,NSE,IDO,64448,,NIFTY,,2026-02-24,2026-02-24,23750.0,CE,NIFTY26FEB23750CE,0.0,0.0,0.0,1985.05,1985.05,1985.05,25819.35,2090.8,14495,0,0,0.0,0,F1,65,,,,,
2026-02-18,2026-02-18,FO,NSE,IDO,64796,,NIFTY,,2026-02-24,2026-02-24,24200.0,CE,NIFTY26FEB24200CE,1545.1,1650.35,1515.1,1650.35,1650.35,1544.9,25819.35,1650.35,9620,-585,20,33475747.5,20,F1,65,,,,,
2026-02-18,2026-02-18,FO,NSE,IDO,64958,,NIFTY,,2026-02-24,2026-02-24,26600.0,CE,NIFTY26FEB26600CE,4.95,5.45,3.7,4.35,4.3,4.65,25819.35,4.35,2094495,413010,323432,559309716384.25,64414,F1,65,,,,,
2026-02-18,2026-02-18,FO,NSE,IDO,54756,,NIFTY,,2026-03-02,2026-03-02,23200.0,CE,NIFTY2630223200CE,2669.35,2669.35,2661.5,2665.45,2661.5,2572.8,25819.35,2665.45,65,0,2,3362505.25,2,F1,65,,,,,
2026-02-18,2026-02-18,FO,NSE,IDO,54791,,NIFTY,,2026-03-02,2026-03-02,23900.0,CE,NIFTY2630223900CE,1952.55,1952.55,1950.05,1950.05,1950.05,1877.85,25819.35,1962.55,130,0,2,3360669.0,2,F1,65,,,,,
2026-02-18,2026-02-18,FO,NSE,IDO,54805,,NIFTY,,2026-03-02,2026-03-02,24250.0,CE,NIFTY2630224250CE,1521.0,1625.1,1521.0,1622.4,1619.7,1532.15,25819.35,1622.4,130,0,3,5038527.0,3,F1,65,,,,,
2026-02-18,2026-02-18,FO,NSE,IDO,54979,,NIFTY,,2026-03-02,2026-03-02,25900.0,CE,NIFTY2630225900CE,159.9,183.5,115.8,175.15,172.5,154.2,25819.35,175.15,390650,172835,39983,67684680921.0,27894,F1,65,,,,,
2026-02-18,2026-02-18,FO,NSE,IDO,55711,,NIFTY,,2026-03-02,2026-03-02,26800.0,CE,NIFTY2630226800CE,8.95,9.8,7.05,8.75,8.25,9.3,25819.35,8.75,208715,68835,7806,13602441219.25,5283,F1,65,,,,,
2026-02-18,2026-02-18,FO,NSE,IDO,55715,,NIFTY,,2026-03-02,2026-03-02,26900.0,CE,NIFTY2630226900CE,8.8,8.8,5.75,7.05,7.35,7.75,25819.35,7.05,83460,44915,3870,6768508753.5,2666,F1,65,,,,,
2026-02-18,2026-02-18,FO,NSE,IDO,55731,,NIFTY,,2026-03-02,2026-03-02,27200.0,CE,NIFTY2630227200CE,4.7,5.5,3.6,4.15,3.75,4.65,25819.35,4.15,120315,52260,3406,6022769837.5,1901,F1,65,,,,,
2026-02-18,2026-02-18,FO,NSE,IDO,45446,,NIFTY,,2026-03-10,2026-03-10,23700.0,CE,NIFTY2631023700CE,0.0,0.0,0.0,2180.95,0.0,2180.95,25819.35,2190.8,0,0,0,0.0,0,F1,65,,,,,
2026-02-18,2026-02-18,FO,NSE,IDO,45452,,NIFTY,,2026-03-10,2026-03-10,23750.0,CE,NIFTY2631023750CE,0.0,0.0,0.0,2132.55,0.0,2132.55,25819.35,2141.0,0,0,0,0.0,0,F1,65,,,,,
2026-02-18,2026-02-18,FO,NSE,IDO,45522,,NIFTY,,2026-03-10,2026-03-10,24800.0,CE,NIFTY2631024800CE,1137.35,1137.35,1133.45,1135.4,1133.45,1177.35,25819.35,1135.4,65,65,2,3371602.0,2,F1,65,,,,,
2026-02-18,2026-02-18,FO,NSE,IDO,45631,,NIFTY,,2026-03-10,2026-03-10,25950.0,CE,NIFTY2631025950CE,198.55,227.5,165.0,221.3,219.15,200.05,25819.35,221.3,12025,1040,466,791809135.0,301,F1,65,,,,,
2026-02-18,2026-02-18,FO,NSE,IDO,45675,,NIFTY,,2026-03-10,2026-03-10,26500.0,CE,NIFTY2631026500CE,46.35,53.25,36.0,50.35,49.5,45.7,25819.35,50.35,143325,72540,5603,9666325272.5,3552,F1,65,,,,,
2026-02-18,2026-02-18,FO,NSE,IDO,45713,,NIFTY,,2026-03-10,2026-03-10,27000.0,CE,NIFTY2631027000CE,12.75,13.1,9.3,11.6,11.5,12.7,25819.35,11.6,67665,3185,1409,2473797121.25,613,F1,65,,,,,
2026-02-18,2026-02-18,FO,NSE,IDO,45721,,NIFTY,,2026-03-10,2026-03-10,27150.0,CE,NIFTY2631027150CE,9.0,9.0,7.3,7.65,7.65,10.5,25819.35,7.65,4225,2990,56,98853543.75,43,F1,65,,,,,
2026-02-18,2026-02-18,FO,NSE,IDO,57837,,NIFTY,,2026-03-17,2026-03-17,24450.0,CE,NIFTY2631724450CE,0.0,0.0,0.0,1670.25,0.0,1670.25,25819.35,1479.8,0,0,0,0.0,0,F1,65,,,,,
2026-02-18,2026-02-18,FO,NSE,IDO,57873,,NIFTY,,2026-03-17,2026-03-17,24750.0,CE,NIFTY2631724750CE,0.0,0.0,0.0,1400.1,0.0,1400.1,25819.35,1197.45,0,0,0,0.0,0,F1,65,,,,,
2026-02-18,2026-02-18,FO,NSE,IDO,57918,,NIFTY,,2026-03-17,2026-03-17,25650.0,CE,NIFTY2631725650CE,414.0,467.45,385.0,467.45,467.45,427.2,25819.35,485.55,780,715,21,35571961.75,18,F1,65,,,,,
2026-02-18,2026-02-18,FO,NSE,IDO,58047,,NIFTY,,2026-03-17,2026-03-17,26800.0,CE,NIFTY2631726800CE,0.0,0.0,0.0,192.9,0.0,192.9,25819.35,66.95,0,0,0,0.0,0,F1,65,,,,,
2026-02-18,2026-02-18,FO,NSE,IDO,62674,,NIFTY,,2026-03-24,2026-03-24,24550.0,CE,NIFTY2632424550CE,0.0,0.0,0.0,1390.85,0.0,1390.85,25819.35,1419.6,0,0,0,0.0,0,F1,65,,,,,
2026-02-18,2026-02-18,FO,NSE,IDO,62712,,NIFTY,,2026-03-24,2026-03-24,25050.0,CE,NIFTY2632425050CE,0.0,0.0,0.0,979.35,0.0,979.35,25819.35,977.55,0,0,0,0.0,0,F1,65,,,,,
2026-02-18,2026-02-18,FO,NSE,IDO,62745,,NIFTY,,2026-03-24,2026-03-24,25400.0,CE,NIFTY2632425400CE,0.0,0.0,0.0,730.65,0.0,730.65,25819.35,707.1,0,0,0,0.0,0,F1,65,,,,,
2026-02-18,2026-02-18,FO,NSE,IDO,62841,,NIFTY,,2026-03-24,2026-03-24,26250.0,CE,NIFTY2632426250CE,0.0,0.0,0.0,296.8,0.0,296.8,25819.35,245.75,0,0,0,0.0,0,F1,65,,,,,
2026-02-18,2026-02-18,FO,NSE,IDO,62882,,NIFTY,,2026-03-24,2026-03-24,27000.0,CE,NIFTY2632427000CE,0.0,0.0,0.0,104.6,0.0,104.6,25819.35,66.55,0,0,0,0.0,0,F1,65,,,,,
2026-02-18,2026-02-18,FO,NSE,IDO,62918,,NIFTY,,2026-03-30,2026-03-30,21000.0,CE,NIFTY26MAR21000CE,4875.0,4950.0,4809.15,4946.85,4949.0,4858.65,25819.35,4946.85,398065,-2600,129,217167736.5,91,F1,65,,,,,
2026-02-18,2026-02-18,FO,NSE,IDO,54506,,NIFTY,,2026-03-30,2026-03-30,23200.0,CE,NIFTY26MAR23200CE,2773.45,2784.25,2773.45,2778.85,2784.25,2686.6,25819.35,2778.85,260,65,2,3377250.5,2,F1,65,,,,,
2026-02-18,2026-02-18,FO,NSE,IDO,54516,,NIFTY,,2026-03-30,2026-03-30,23450.0,CE,NIFTY26MAR23450CE,0.0,0.0,0.0,1865.75,1865.75,1865.75,25819.35,2511.65,195,0,0,0.0,0,F1,65,,,,,
2026-02-18,2026-02-18,FO,NSE,IDO,54532,,NIFTY,,2026-03-30,2026-03-30,23850.0,CE,NIFTY26MAR23850CE,0.0,0.0,0.0,1536.75,1537.55,1536.75,25819.35,2117.85,130,0,0,0.0,0,F1,65,,,,,
2026-02-18,2026-02-18,FO,NSE,IDO,54570,,NIFTY,,2026-03-30,2026-03-30,24850.0,CE,NIFTY26MAR24850CE,1203.35,1203.35,1201.15,1201.15,1201.15,1137.6,25819.35,1183.3,1105,65,2,3386792.5,2,F1,65,,,,,
2026-02-18,2026-02-18,FO,NSE,IDO,54576,,NIFTY,,2026-03-30,2026-03-30,25050.0,CE,NIFTY26MAR25050CE,984.9,1017.8,984.9,1017.8,1017.8,960.9,25819.35,1015.9,2665,-65,4,6771212.5,4,F1,65,,,,,
2026-02-18,2026-02-18,FO,NSE,IDO,54842,,NIFTY,,2026-03-30,2026-03-30,28100.0,CE,NIFTY26MAR28100CE,8.6,9.2,7.25,8.0,7.8,8.8,25819.35,8.0,67600,2145,280,511569236.75,119,F1,65,,,,,
2026-02-18,2026-02-18,FO,NSE,IDO,72255,,NIFTY,,2026-04-28,2026-04-28,23800.0,CE,NIFTY26APR23800CE,0.0,0.0,0.0,2268.8,2268.8,2268.8,25819.35,2284.7,65,0,0,0.0,0,F1,65,,,,,
2026-02-18,2026-02-18,FO,NSE,IDO,72271,,NIFTY,,2026-04-28,2026-04-28,24200.0,CE,NIFTY26APR24200CE,0.0,0.0,0.0,1884.25,1884.25,1884.25,25819.35,1911.25,1300,0,0,0.0,0,F1,65,,,,,
2026-02-18,2026-02-18,FO,NSE,IDO,72350,,NIFTY,,2026-04-28,2026-04-28,25050.0,CE,NIFTY26APR25050CE,1238.3,1238.3,1231.25,1234.8,1231.25,1165.0,25819.35,1234.8,260,65,2,3417020.75,2,F1,65,,,,,
2026-02-18,2026-02-18,FO,NSE,IDO,72437,,NIFTY,,2026-04-28,2026-04-28,25900.0,CE,NIFTY26APR25900CE,564.1,620.0,528.25,614.5,612.3,575.75,25819.35,614.5,36985,-195,300,515948306.25,220,F1,65,,,,,
2026-02-18,2026-02-18,FO,NSE,IDO,72467,,NIFTY,,2026-04-28,2026-04-28,26150.0,CE,NIFTY26APR26150CE,462.7,476.95,460.95,472.2,469.55,445.0,25819.35,472.2,1755,-195,9,15570470.5,9,F1,65,,,,,
2026-02-18,2026-02-18,FO,NSE,IDO,72495,,NIFTY,,2026-04-28,2026-04-28,26500.0,CE,NIFTY26APR26500CE,284.25,310.0,255.0,303.1,302.9,282.75,25819.35,303.1,300430,7410,1908,3321049826.25,1499,F1,65,,,,,
2026-02-18,2026-02-18,FO,NSE,IDO,72665,,NIFTY,,2026-04-28,2026-04-28,26650.0,CE,NIFTY26APR26650CE,223.8,248.65,213.8,247.8,246.95,228.1,25819.35,247.8,4290,1300,22,38441526.5,16,F1,65,,,,,
2026-02-18,2026-02-18,FO,NSE,IDO,72667,,NIFTY,,2026-04-28,2026-04-28,26700.0,CE,NIFTY26APR26700CE,210.65,231.2,191.5,227.65,226.05,212.75,25819.35,227.65,47645,4875,212,370810843.0,173,F1,65,,,,,
2026-02-18,2026-02-18,FO,NSE,IDO,72733,,NIFTY,,2026-04-28,2026-04-28,27150.0,CE,NIFTY26APR27150CE,105.7,112.0,94.0,112.0,112.0,104.7,25819.35,112.0,21385,260,69,122214430.0,40,F1,65,,,,,
2026-02-18,2026-02-18,FO,NSE,IDO,39989,,NIFTY,,2026-06-30,2026-06-30,19000.0,CE,NIFTY26JUN19000CE,0.0,0.0,0.0,7800.0,7800.0,7800.0,25819.35,7193.55,115,0,0,0.0,0,F1,65,,,,,
2026-02-18,2026-02-18,FO,NSE,IDO,71476,,NIFTY,,2026-06-30,2026-06-30,26000.0,CE,NIFTY26JUN26000CE,888.6,954.45,847.4,940.35,933.0,898.5,25819.35,940.35,871320,38610,2372,4145845362.75,1871,F1,65,,,,,
2026-02-18,2026-02-18,FO,NSE,IDO,47188,,NIFTY,,2026-06-30,2026-06-30,33000.0,CE,NIFTY26JUN33000CE,8.85,8.85,7.0,7.7,7.25,8.95,25819.35,7.7,16120,585,22,47201108.5,11,F1,65,,,,,
2026-02-18,2026-02-18,FO,NSE,IDO,55288,,NIFTY,,2026-09-29,2026-09-29,28500.0,CE,NIFTY26SEP28500CE,0.0,0.0,0.0,727.3,0.0,727.3,25819.35,352.4,0,0,0,0.0,0,F1,65,,,,,
2026-02-18,2026-02-18,FO,NSE,IDO,55332,,NIFTY,,2026-12-29,2026-12-29,31500.0,CE,NIFTY26DEC31500CE,0.0,0.0,0.0,342.45,0.0,342.45,25819.35,118.55,0,0,0,0.0,0,F1,65,,,,,
2026-02-18,2026-02-18,FO,NSE,IDO,35262,,NIFTY,,2027-06-29,2027-06-29,30000.0,CE,NIFTY27JUN30000CE,0.0,0.0,0.0,1478.4,0.0,1478.4,25819.35,684.15,0,0,0,0.0,0,F1,65,,,,,
2026-02-18,2026-02-18,FO,NSE,IDO,55428,,NIFTY,,2027-12-28,2027-12-28,28500.0,CE,NIFTY27DEC28500CE,1700.05,1700.05,1700.0,1700.0,1700.0,1810.0,25819.35,1706.75,845,130,2,3926003.25,2,F1,65,,,,,
2026-02-18,2026-02-18,FO,NSE,IDO,35346,,NIFTY,,2027-12-28,2027-12-28,30000.0,CE,NIFTY27DEC30000CE,0.0,0.0,0.0,1310.0,1310.0,1310.0,25819.35,1146.95,0,0,0,0.0,0,F1,65,,,,,
2026-02-18,2026-02-18,FO,NSE,IDO,86151,,NIFTY,,2028-06-27,2028-06-27,24000.0,CE,NIFTY28JUN24000CE,0.0,0.0,0.0,3918.85,0.0,3918.85,25819.35,5020.9,0,0,0,0.0,0,F1,65,,,,,
2026-02-18,2026-02-18,FO,NSE,IDO,67788,,NIFTY,,2028-12-26,2028-12-26,27000.0,CE,NIFTY28DEC27000CE,0.0,0.0,0.0,4437.95,0.0,4437.95,25819.35,3622.2,0,0,0,0.0,0,F1,65,,,,,
2026-02-18,2026-02-18,FO,NSE,IDO,67790,,NIFTY,,2028-12-26,2028-12-26,28000.0,CE,NIFTY28DEC28000CE,0.0,0.0,0.0,3299.0,3299.0,3299.0,25819.35,3072.25,1310,0,0,0.0,0,F1,65,,,,,
2026-02-18,2026-02-18,FO,NSE,IDO,55610,,NIFTY,,2029-12-24,2029-12-24,34500.0,CE,NIFTY29DEC34500CE,0.0,0.0,0.0,2377.55,0.0,2377.55,25819.35,1581.25,0,0,0,0.0,0,F1,65,,,,,
2026-02-18,2026-02-18,FO,NSE,IDO,55642,,NIFTY,,2030-06-25,2030-06-25,19500.0,CE,NIFTY30JUN19500CE,0.0,0.0,0.0,11140.25,0.0,11140.25,25819.35,10501.0,0,0,0,0.0,0,F1,65,,,,,
2026-02-18,2026-02-18,FO,NSE,IDO,64612,,NIFTY,,2026-02-24,2026-02-24,23750.0,PE,NIFTY26FEB23750PE,3.7,4.85,2.9,4.4,4.6,4.15,25819.35,4.4,221325,115180,45773,70674472644.75,11019,F1,65,,,,,
2026-02-18,2026-02-18,FO,NSE,IDO,64663,,NIFTY,,2026-02-24,2026-02-24,23850.0,PE,NIFTY26FEB23850PE,3.7,5.2,3.4,4.7,4.9,4.45,25819.35,4.7,183495,131560,26253,40706543839.0,7601,F1,65,,,,,
2026-02-18,2026-02-18,FO,NSE,IDO,64785,,NIFTY,,2026-02-24,2026-02-24,24000.0,PE,NIFTY26FEB24000PE,3.65,5.9,3.65,5.4,5.75,5.2,25819.35,5.4,9023690,2290925,431643,673508422057.25,88306,F1,65,,,,,
2026-02-18,2026-02-18,FO,NSE,IDO,64795,,NIFTY,,2026-02-24,2026-02-24,24150.0,PE,NIFTY26FEB24150PE,5.85,6.75,4.05,6.05,6.3,5.85,25819.35,6.05,174590,93730,55845,87684218817.0,17826,F1,65,,,,,
2026-02-18,2026-02-18,FO,NSE,IDO,64797,,NIFTY,,2026-02-24,2026-02-24,24200.0,PE,NIFTY26FEB24200PE,5.5,7.2,4.3,6.2,6.5,6.05,25819.35,6.2,2074930,776035,206138,324336669936.5,56741,F1,65,,,,,
2026-02-18,2026-02-18,FO,NSE,IDO,64815,,NIFTY,,2026-02-24,2026-02-24,24650.0,PE,NIFTY26FEB24650PE,9.35,10.2,6.5,9.35,9.55,9.8,25819.35,9.35,1322815,842985,144151,231051074943.0,47318,F1,65,,,,,
2026-02-18,2026-02-18,FO,NSE,IDO,64869,,NIFTY,,2026-02-24,2026-02-24,25900.0,PE,NIFTY26FEB25900PE,229.15,293.75,158.0,165.9,167.15,240.7,25819.35,165.9,1784900,650390,420717,714236240168.75,256541,F1,65,,,,,
2026-02-18,2026-02-18,FO,NSE,IDO,64925,,NIFTY,,2026-02-24,2026-02-24,26300.0,PE,NIFTY26FEB26300PE,560.45,647.15,466.65,482.7,485.85,566.45,25819.35,482.7,477100,-6110,3689,6436790285.25,2673,F1,65,,,,,
2026-02-18,2026-02-18,FO,NSE,IDO,64957,,NIFTY,,2026-02-24,2026-02-24,26550.0,PE,NIFTY26FEB26550PE,808.85,879.85,721.05,722.1,729.5,809.1,25819.35,722.1,9230,780,84,149259623.5,54,F1,65,,,,,
2026-02-18,2026-02-18,FO,NSE,IDO,64988,,NIFTY,,2026-02-24,2026-02-24,26700.0,PE,NIFTY26FEB26700PE,957.0,1028.5,865.8,872.6,876.5,956.05,25819.35,872.6,136565,195,85,152878137.75,68,F1,65,,,,,
2026-02-18,2026-02-18,FO,NSE,IDO,65082,,NIFTY,,2026-02-24,2026-02-24,27150.0,PE,NIFTY26FEB27150PE,0.0,0.0,0.0,1420.5,1420.5,1420.5,25819.35,1306.2,195,0,0,0.0,0,F1,65,,,,,
2026-02-18,2026-02-18,FO,NSE,IDO,54802,,NIFTY,,2026-03-02,2026-03-02,24150.0,PE,NIFTY2630224150PE,10.75,12.2,9.8,11.55,10.7,13.25,25819.35,11.55,6695,780,202,317240514.5,125,F1,65,,,,,
2026-02-18,2026-02-18,FO,NSE,IDO,54821,,NIFTY,,2026-03-02,2026-03-02,24550.0,PE,NIFTY2630224550PE,18.3,19.05,15.65,17.35,17.75,19.8,25819.35,17.35,22750,11570,1374,2194089027.0,769,F1,65,,,,,
2026-02-18,2026-02-18,FO,NSE,IDO,54875,,NIFTY,,2026-03-02,2026-03-02,24700.0,PE,NIFTY2630224700PE,20.95,24.3,18.35,19.5,20.1,24.35,25819.35,19.5,209690,585,12022,19317183226.25,8763,F1,65,,,,,
2026-02-18,2026-02-18,FO,NSE,IDO,55726,,NIFTY,,2026-03-02,2026-03-02,27050.0,PE,NIFTY2630227050PE,1197.4,1200.85,1197.4,1200.85,1200.85,1275.35,25819.35,1185.7,65,0,2,3672386.25,2,F1,65,,,,,
2026-02-18,2026-02-18,FO,NSE,IDO,45474,,NIFTY,,2026-03-10,2026-03-10,24000.0,PE,NIFTY2631024000PE,18.35,19.25,16.0,17.45,17.85,20.5,25819.35,17.45,59670,-8580,853,1331665702.25,576,F1,65,,,,,
2026-02-18,2026-02-18,FO,NSE,IDO,45489,,NIFTY,,2026-03-10,2026-03-10,24300.0,PE,NIFTY2631024300PE,24.3,26.15,20.5,21.2,21.7,26.85,25819.35,21.2,17940,11310,424,670334892.5,184,F1,65,,,,,
2026-02-18,2026-02-18,FO,NSE,IDO,45552,,NIFTY,,2026-03-10,2026-03-10,25150.0,PE,NIFTY2631025150PE,84.0,87.2,62.45,63.95,65.3,85.25,25819.35,63.95,4420,1430,108,177045339.25,73,F1,65,,,,,
2026-02-18,2026-02-18,FO,NSE,IDO,45614,,NIFTY,,2026-03-10,2026-03-10,25750.0,PE,NIFTY2631025750PE,229.05,265.0,185.0,187.7,188.3,239.7,25819.35,187.7,24375,15730,1247,2105390410.5,821,F1,65,,,,,
2026-02-18,2026-02-18,FO,NSE,IDO,45649,,NIFTY,,2026-03-10,2026-03-10,26250.0,PE,NIFTY2631026250PE,539.4,539.4,517.25,517.25,517.25,525.3,25819.35,497.6,260,130,2,3481182.25,2,F1,65,,,,,
2026-02-18,2026-02-18,FO,NSE,IDO,45734,,NIFTY,,2026-03-10,2026-03-10,27300.0,PE,NIFTY2631027300PE,1403.8,1403.8,1397.3,1400.55,1397.3,1472.3,25819.35,1400.55,65,65,2,3731071.5,2,F1,65,,,,,
2026-02-18,2026-02-18,FO,NSE,IDO,57796,,NIFTY,,2026-03-17,2026-03-17,24000.0,PE,NIFTY2631724000PE,26.75,28.05,21.85,23.65,25.25,28.15,25819.35,23.65,7930,5525,198,309211974.5,74,F1,65,,,,,
2026-02-18,2026-02-18,FO,NSE,IDO,57876,,NIFTY,,2026-03-17,2026-03-17,24800.0,PE,NIFTY2631724800PE,61.15,69.4,50.05,53.2,54.55,67.3,25819.35,53.2,5525,1495,100,161587218.0,96,F1,65,,,,,
2026-02-18,2026-02-18,FO,NSE,IDO,57881,,NIFTY,,2026-03-17,2026-03-17,24900.0,PE,NIFTY2631724900PE,68.5,80.2,59.75,60.95,62.7,78.15,25819.35,60.95,3770,1365,95,154194547.0,81,F1,65,,,,,
2026-02-18,2026-02-18,FO,NSE,IDO,57898,,NIFTY,,2026-03-17,2026-03-17,25250.0,PE,NIFTY2631725250PE,114.8,131.0,99.2,100.55,101.65,133.0,25819.35,100.55,1170,130,62,102246153.75,33,F1,65,,,,,
2026-02-18,2026-02-18,FO,NSE,IDO,58008,,NIFTY,,2026-03-17,2026-03-17,26450.0,PE,NIFTY2631726450PE,0.0,0.0,0.0,654.15,0.0,654.15,25819.35,660.55,0,0,0,0.0,0,F1,65,,,,,
2026-02-18,2026-02-18,FO,NSE,IDO,58139,,NIFTY,,2026-03-17,2026-03-17,27250.0,PE,NIFTY2631727250PE,0.0,0.0,0.0,1246.1,0.0,1246.1,25819.35,1342.7,0,0,0,0.0,0,F1,65,,,,,
2026-02-18,2026-02-18,FO,NSE,IDO,62641,,NIFTY,,2026-03-24,2026-03-24,24100.0,PE,NIFTY2632424100PE,0.0,0.0,0.0,23.8,0.0,23.8,25819.35,6.85,0,0,0,0.0,0,F1,65,,,,,
2026-02-18,2026-02-18,FO,NSE,IDO,62713,,NIFTY,,2026-03-24,2026-03-24,25050.0,PE,NIFTY2632425050PE,88.4,88.4,88.4,88.4,88.4,146.35,25819.35,88.4,390,390,6,9803976.0,2,F1,65,,,,,
2026-02-18,2026-02-18,FO,NSE,IDO,62744,,NIFTY,,2026-03-24,2026-03-24,25350.0,PE,NIFTY2632425350PE,0.0,0.0,0.0,228.95,0.0,228.95,25819.35,144.35,0,0,0,0.0,0,F1,65,,,,,
2026-02-18,2026-02-18,FO,NSE,IDO,62764,,NIFTY,,2026-03-24,2026-03-24,25450.0,PE,NIFTY2632425450PE,0.0,0.0,0.0,262.8,0.0,262.8,25819.35,172.45,0,0,0,0.0,0,F1,65,,,,,
2026-02-18,2026-02-18,FO,NSE,IDO,62838,,NIFTY,,2026-03-24,2026-03-24,26150.0,PE,NIFTY2632426150PE,0.0,0.0,0.0,595.1,0.0,595.1,25819.35,481.5,0,0,0,0.0,0,F1,65,,,,,
2026-02-18,2026-02-18,FO,NSE,IDO,62971,,NIFTY,,2026-03-24,2026-03-24,27400.0,PE,NIFTY2632427400PE,0.0,0.0,0.0,1556.35,0.0,1556.35,25819.35,1468.95,0,0,0,0.0,0,F1,65,,,,,
2026-02-18,2026-02-18,FO,NSE,IDO,54507,,NIFTY,,2026-03-30,2026-03-30,23200.0,PE,NIFTY26MAR23200PE,26.15,28.85,23.15,23.9,24.5,28.15,25819.35,23.9,31330,845,122,184182989.25,53,F1,65,,,,,
2026-02-18,2026-02-18,FO,NSE,IDO,54517,,NIFTY,,2026-03-30,2026-03-30,23450.0,PE,NIFTY26MAR23450PE,31.75,34.8,30.0,31.0,31.0,33.35,25819.35,1.4,11375,-130,37,56473267.5,20,F1,65,,,,,
2026-02-18,2026-02-18,FO,NSE,IDO,54521,,NIFTY,,2026-03-30,2026-03-30,23550.0,PE,NIFTY26MAR23550PE,33.85,34.15,28.2,29.1,28.2,35.5,25819.35,29.1,13585,1950,193,295839245.0,161,F1,65,,,,,
2026-02-18,2026-02-18,FO,NSE,IDO,54563,,NIFTY,,2026-03-30,2026-03-30,24650.0,PE,NIFTY26MAR24650PE,82.2,86.1,67.3,69.1,68.5,85.7,25819.35,69.1,22425,2015,207,332678973.25,175,F1,65,,,,,
2026-02-18,2026-02-18,FO,NSE,IDO,54575,,NIFTY,,2026-03-30,2026-03-30,24950.0,PE,NIFTY26MAR24950PE,106.0,122.2,92.6,94.55,95.0,119.05,25819.35,94.55,43745,1365,491,799483688.25,391,F1,65,,,,,
2026-02-18,2026-02-18,FO,NSE,IDO,54641,,NIFTY,,2026-03-30,2026-03-30,26150.0,PE,NIFTY26MAR26150PE,495.45,528.0,426.6,427.95,430.0,495.75,25819.35,427.95,25285,195,71,122878564.25,52,F1,65,,,,,
2026-02-18,2026-02-18,FO,NSE,IDO,54671,,NIFTY,,2026-03-30,2026-03-30,26450.0,PE,NIFTY26MAR26450PE,688.45,722.8,684.3,684.3,684.3,692.7,25819.35,687.1,6435,-65,12,21178365.0,12,F1,65,,,,,
2026-02-18,2026-02-18,FO,NSE,IDO,54741,,NIFTY,,2026-03-30,2026-03-30,27300.0,PE,NIFTY26MAR27300PE,1323.35,1323.35,1316.0,1319.7,1316.0,1411.55,25819.35,1319.7,4030,-130,2,3720557.75,2,F1,65,,,,,
2026-02-18,2026-02-18,FO,NSE,IDO,54839,,NIFTY,,2026-03-30,2026-03-30,27950.0,PE,NIFTY26MAR27950PE,1936.8,1945.25,1936.8,1941.05,1945.25,2054.9,25819.35,1941.05,325,0,2,3885833.25,2,F1,65,,,,,
2026-02-18,2026-02-18,FO,NSE,IDO,62933,,NIFTY,,2026-03-30,2026-03-30,28000.0,PE,NIFTY26MAR28000PE,2085.0,2155.35,1990.0,1996.1,1999.0,2082.05,25819.35,1996.1,677870,12350,797,1558357557.25,659,F1,65,,,,,
2026-02-18,2026-02-18,FO,NSE,IDO,62955,,NIFTY,,2026-03-30,2026-03-30,30000.0,PE,NIFTY26MAR30000PE,4047.3,4127.1,3964.2,3970.7,3974.0,4049.15,25819.35,3970.7,540275,-150,803,1779703071.25,801,F1,65,,,,,
2026-02-18,2026-02-18,FO,NSE,IDO,72260,,NIFTY,,2026-04-28,2026-04-28,23900.0,PE,NIFTY26APR23900PE,68.0,68.75,59.9,60.25,60.5,70.2,25819.35,60.25,15340,0,74,115273093.0,47,F1,65,,,,,
2026-02-18,2026-02-18,FO,NSE,IDO,72435,,NIFTY,,2026-04-28,2026-04-28,25850.0,PE,NIFTY26APR25850PE,404.7,422.9,357.75,358.6,358.5,403.95,25819.35,358.6,4940,1625,45,76733406.75,26,F1,65,,,,,
2026-02-18,2026-02-18,FO,NSE,IDO,72492,,NIFTY,,2026-04-28,2026-04-28,26400.0,PE,NIFTY26APR26400PE,612.5,615.75,596.15,598.7,597.75,656.95,25819.35,598.7,20410,260,16,28086116.5,16,F1,65,,,,,
2026-02-18,2026-02-18,FO,NSE,IDO,72670,,NIFTY,,2026-04-28,2026-04-28,26750.0,PE,NIFTY26APR26750PE,865.0,865.0,828.85,828.85,828.85,885.4,25819.35,927.55,455,0,3,5382575.25,2,F1,65,,,,,
2026-02-18,2026-02-18,FO,NSE,IDO,72720,,NIFTY,,2026-04-28,2026-04-28,26850.0,PE,NIFTY26APR26850PE,886.4,886.4,882.5,882.5,882.5,953.95,25819.35,997.55,390,65,2,3605478.5,2,F1,65,,,,,
2026-02-18,2026-02-18,FO,NSE,IDO,72759,,NIFTY,,2026-04-28,2026-04-28,27500.0,PE,NIFTY26APR27500PE,1505.0,1505.0,1370.0,1376.45,1388.05,1500.0,25819.35,1376.45,6955,2730,52,97624260.5,19,F1,65,,,,,
2026-02-18,2026-02-18,FO,NSE,IDO,58633,,NIFTY,,2026-12-29,2026-12-29,14000.0,PE,NIFTY26DEC14000PE,27.5,27.5,10.05,10.05,10.05,28.15,25819.35,0.05,1120,0,12,10933399.75,8,F1,65,,,,,
2026-02-18,2026-02-18,FO,NSE,IDO,55337,,NIFTY,,2026-12-29,2026-12-29,34500.0,PE,NIFTY26DEC34500PE,0.0,0.0,0.0,6630.4,0.0,6630.4,25819.35,7101.9,0,0,0,0.0,0,F1,65,,,,,
2026-02-18,2026-02-18,FO,NSE,IDO,71550,,NIFTY,,2027-06-29,2027-06-29,19000.0,PE,NIFTY27JUN19000PE,0.0,0.0,0.0,182.1,182.1,182.1,25819.35,2.6,600,0,0,0.0,0,F1,65,,,,,
2026-02-18,2026-02-18,FO,NSE,IDO,58154,,NIFTY,,2026-03-17,2026-03-17,27500.0,PE,NIFTY2631727500PE,0.0,0.0,0.0,1461.3,0.0,1461.3,25819.35,1580.45,0,0,0,0.0,0,F1,65,,,,,
2026-02-18,2026-02-18,FO,NSE,IDO,62689,,NIFTY,,2026-03-24,2026-03-24,24800.0,PE,NIFTY2632424800PE,75.0,85.1,62.85,65.0,67.95,96.55,25819.35,65.0,650,650,18,29101312.5,16,F1,65,,,,,
2026-02-18,2026-02-18,FO,NSE,IDO,62939,,NIFTY,,2026-03-24,2026-03-24,27150.0,PE,NIFTY2632427150PE,0.0,0.0,0.0,1336.2,0.0,1336.2,25819.35,1240.85,0,0,0,0.0,0,F1,65,,,,,
2026-02-18,2026-02-18,FO,NSE,IDO,54525,,NIFTY,,2026-03-30,2026-03-30,23650.0,PE,NIFTY26MAR23650PE,36.35,36.65,33.8,34.45,34.45,37.95,25819.35,2.75,18135,0,52,80056515.5,27,F1,65,,,,,
2026-02-18,2026-02-18,FO,NSE,IDO,54549,,NIFTY,,2026-03-30,2026-03-30,24300.0,PE,NIFTY26MAR24300PE,60.3,62.25,48.95,50.15,50.6,61.7,25819.35,50.15,247715,16900,2630,4163333440.5,1809,F1,65,,,,,
2026-02-18,2026-02-18,FO,NSE,IDO,54553,,NIFTY,,2026-03-30,2026-03-30,24400.0,PE,NIFTY26MAR24400PE,64.5,68.65,54.2,55.35,54.85,67.95,25819.35,55.35,316290,3185,2403,3820501005.75,1761,F1,65,,,,,
2026-02-18,2026-02-18,FO,NSE,IDO,54561,,NIFTY,,2026-03-30,2026-03-30,24600.0,PE,NIFTY26MAR24600PE,78.0,82.25,64.25,65.75,65.0,81.65,25819.35,65.75,368680,4485,1923,3083859473.5,1485,F1,65,,,,,
2026-02-18,2026-02-18,FO,NSE,IDO,54579,,NIFTY,,2026-03-30,2026-03-30,25100.0,PE,NIFTY26MAR25100PE,140.0,150.8,111.5,113.7,113.35,143.3,25819.35,113.7,493285,20085,5766,9455029317.5,4478,F1,65,,,,,
2026-02-18,2026-02-18,FO,NSE,IDO,54625,,NIFTY,,2026-03-30,2026-03-30,26050.0,PE,NIFTY26MAR26050PE,445.0,468.0,377.15,380.35,381.1,445.0,25819.35,380.35,19825,1235,117,201251501.75,90,F1,65,,,,,
2026-02-18,2026-02-18,FO,NSE,IDO,54673,,NIFTY,,2026-03-30,2026-03-30,26500.0,PE,NIFTY26MAR26500PE,705.4,772.9,633.3,637.4,642.9,721.55,25819.35,637.4,668265,117000,5177,9144959154.5,3643,F1,65,,,,,
2026-02-18,2026-02-18,FO,NSE,IDO,54743,,NIFTY,,2026-03-30,2026-03-30,27350.0,PE,NIFTY26MAR27350PE,1382.25,1382.25,1380.65,1380.65,1380.65,1448.45,25819.35,1412.55,520,0,2,3735088.5,2,F1,65,,,,,
2026-02-18,2026-02-18,FO,NSE,IDO,64825,,NIFTY,,2026-02-24,2026-02-24,24900.0,CE,NIFTY26FEB24900CE,870.0,956.3,781.0,940.2,937.7,858.1,25819.35,940.2,429325,-1885,573,959457934.5,357,F1,65,,,,,
2026-02-18,2026-02-18,FO,NSE,IDO,64835,,NIFTY,,2026-02-24,2026-02-24,25150.0,CE,NIFTY26FEB25150CE,614.05,703.75,542.35,695.9,693.4,614.0,25819.35,695.9,41405,455,463,775219461.25,413,F1,65,,,,,
2026-02-18,2026-02-18,FO,NSE,IDO,64935,,NIFTY,,2026-02-24,2026-02-24,26450.0,CE,NIFTY26FEB26450CE,7.3,7.9,4.55,7.05,6.95,7.3,25819.35,7.05,1072955,424320,234537,403330590981.5,83741,F1,65,,,,,
2026-02-18,2026-02-18,FO,NSE,IDO,65071,,NIFTY,,2026-02-24,2026-02-24,26900.0,CE,NIFTY26FEB26900CE,2.75,3.25,1.9,2.2,2.3,2.65,25819.35,2.2,2239900,1189695,246067,430289643488.25,66222,F1,65,,,,,
2026-02-18,2026-02-18,FO,NSE,IDO,65077,,NIFTY,,2026-02-24,2026-02-24,27050.0,CE,NIFTY26FEB27050CE,2.1,2.6,1.55,1.75,1.7,2.0,25819.35,1.75,718510,365560,102869,180883129362.0,30692,F1,65,,,,,
2026-02-18,2026-02-18,FO,NSE,IDO,65105,,NIFTY,,2026-02-24,2026-02-24,27650.0,CE,NIFTY26FEB27650CE,1.3,1.45,1.15,1.2,1.2,1.3,25819.35,1.2,62010,2210,12682,22793795323.0,2181,F1,65,,,,,
2026-02-18,2026-02-18,FO,NSE,IDO,54754,,NIFTY,,2026-03-02,2026-03-02,23150.0,CE,NIFTY2630223150CE,2715.65,2715.65,2707.4,2711.55,2707.4,2598.75,25819.35,2711.55,65,0,2,3361998.25,2,F1,65,,,,,
2026-02-18,2026-02-18,FO,NSE,IDO,55653,,NIFTY,,2030-06-25,2030-06-25,34500.0,PE,NIFTY30JUN34500PE,0.0,0.0,0.0,3237.2,0.0,3237.2,25819.35,3334.5,0,0,0,0.0,0,F1,65,,,,,
2026-02-18,2026-02-18,FO,NSE,IDO,54789,,NIFTY,,2026-03-02,2026-03-02,23850.0,CE,NIFTY2630223850CE,2000.7,2000.7,1998.35,1998.35,1998.35,1927.65,25819.35,2012.45,130,0,2,3360438.25,2,F1,65,,,,,
2026-02-18,2026-02-18,FO,NSE,IDO,54797,,NIFTY,,2026-03-02,2026-03-02,24050.0,CE,NIFTY2630224050CE,1795.5,1801.25,1795.5,1801.25,1801.25,1730.4,25819.35,1812.85,130,0,2,3360288.75,2,F1,65,,,,,
2026-02-18,2026-02-18,FO,NSE,IDO,54880,,NIFTY,,2026-03-02,2026-03-02,24850.0,CE,NIFTY2630224850CE,1011.55,1011.55,1004.9,1004.9,1004.9,934.4,25819.35,1020.9,650,-260,4,6722829.75,4,F1,65,,,,,
2026-02-18,2026-02-18,FO,NSE,IDO,54973,,NIFTY,,2026-03-02,2026-03-02,25750.0,CE,NIFTY2630225750CE,241.2,271.85,179.1,261.05,258.5,229.0,25819.35,261.05,258115,126035,36724,61987794417.25,24440,F1,65,,,,,
2026-02-18,2026-02-18,FO,NSE,IDO,55122,,NIFTY,,2026-03-02,2026-03-02,26150.0,CE,NIFTY2630226150CE,69.05,82.25,50.65,77.15,76.75,71.55,25819.35,77.15,185770,136955,14767,25163186548.5,10003,F1,65,,,,,
2026-02-18,2026-02-18,FO,NSE,IDO,55649,,NIFTY,,2030-06-25,2030-06-25,28500.0,PE,NIFTY30JUN28500PE,0.0,0.0,0.0,1167.6,0.0,1167.6,25819.35,1056.2,0,0,0,0.0,0,F1,65,,,,,
2026-02-18,2026-02-18,FO,NSE,IDO,60911,,NIFTY,,2030-06-25,2030-06-25,27000.0,PE,NIFTY30JUN27000PE,0.0,0.0,0.0,1286.05,0.0,1286.05,25819.35,712.55,0,0,0,0.0,0,F1,65,,,,,
2026-02-18,2026-02-18,FO,NSE,IDO,60905,,NIFTY,,2030-06-25,2030-06-25,24000.0,PE,NIFTY30JUN24000PE,0.0,0.0,0.0,698.15,0.0,698.15,25819.35,269.2,0,0,0,0.0,0,F1,65,,,,,
2026-02-18,2026-02-18,FO,NSE,IDO,55567,,NIFTY,,2029-06-26,2029-06-26,31500.0,PE,NIFTY29JUN31500PE,0.0,0.0,0.0,2443.35,0.0,2443.35,25819.35,2444.7,0,0,0,0.0,0,F1,65,,,,,
2026-02-18,2026-02-18,FO,NSE,IDO,67783,,NIFTY,,2028-12-26,2028-12-26,24000.0,PE,NIFTY28DEC24000PE,0.0,0.0,0.0,523.65,559.95,523.65,25819.35,287.85,2255,0,0,0.0,0,F1,65,,,,,
2026-02-18,2026-02-18,FO,NSE,IDO,67779,,NIFTY,,2028-12-26,2028-12-26,22000.0,PE,NIFTY28DEC22000PE,0.0,0.0,0.0,298.0,298.0,298.0,25819.35,107.3,6485,0,0,0.0,0,F1,65,,,,,
2026-02-18,2026-02-18,FO,NSE,IDO,53632,,NIFTY,,2027-12-28,2027-12-28,27000.0,PE,NIFTY27DEC27000PE,1155.0,1155.0,1128.4,1129.15,1129.0,1150.0,25819.35,1129.15,8180,130,7,12800485.75,7,F1,65,,,,,
2026-02-18,2026-02-18,FO,NSE,IDO,53595,,NIFTY,,2027-12-28,2027-12-28,15000.0,PE,NIFTY27DEC15000PE,0.0,0.0,0.0,39.0,39.0,39.0,25819.35,0.05,625,0,0,0.0,0,F1,65,,,,,
2026-02-18,2026-02-18,FO,NSE,IDO,55377,,NIFTY,,2027-06-29,2027-06-29,25500.0,PE,NIFTY27JUN25500PE,0.0,0.0,0.0,667.15,0.0,667.15,25819.35,549.15,0,0,0,0.0,0,F1,65,,,,,
2026-02-18,2026-02-18,FO,NSE,IDO,50548,,NIFTY,,2026-12-29,2026-12-29,28000.0,PE,NIFTY26DEC28000PE,1470.7,1499.0,1420.05,1431.7,1437.0,1470.7,25819.35,1431.7,610490,3050,258,494009662.25,242,F1,65,,,,,
2026-02-18,2026-02-18,FO,NSE,IDO,58637,,NIFTY,,2026-12-29,2026-12-29,16000.0,PE,NIFTY26DEC16000PE,0.0,0.0,0.0,35.95,35.95,35.95,25819.35,0.05,5600,0,0,0.0,0,F1,65,,,,,
2026-02-18,2026-02-18,FO,NSE,IDO,58629,,NIFTY,,2026-12-29,2026-12-29,12000.0,PE,NIFTY26DEC12000PE,0.0,0.0,0.0,1.25,1.25,1.25,25819.35,0.05,650,0,0,0.0,0,F1,65,,,,,
2026-02-18,2026-02-18,FO,NSE,IDO,55249,,NIFTY,,2026-03-02,2026-03-02,26350.0,CE,NIFTY2630226350CE,36.85,39.65,25.2,36.7,36.5,35.85,25819.35,36.7,92560,41340,8393,14391807888.25,6414,F1,65,,,,,
2026-02-18,2026-02-18,FO,NSE,IDO,55707,,NIFTY,,2026-03-02,2026-03-02,26700.0,CE,NIFTY2630226700CE,11.6,12.35,9.15,11.35,11.85,11.6,25819.35,11.35,196300,-1885,10784,18723163010.5,7580,F1,65,,,,,
2026-02-18,2026-02-18,FO,NSE,IDO,55723,,NIFTY,,2026-03-02,2026-03-02,27000.0,CE,NIFTY2630227000CE,6.05,7.0,5.2,5.8,6.0,6.5,25819.35,5.8,473330,68055,10651,18696701773.75,6615,F1,65,,,,,
2026-02-18,2026-02-18,FO,NSE,IDO,45484,,NIFTY,,2026-03-10,2026-03-10,24250.0,CE,NIFTY2631024250CE,1663.45,1663.45,1653.35,1658.4,1653.35,1659.3,25819.35,1658.4,65,65,2,3368092.0,2,F1,65,,,,,
2026-02-18,2026-02-18,FO,NSE,IDO,45513,,NIFTY,,2026-03-10,2026-03-10,24600.0,CE,NIFTY2631024600CE,1325.25,1325.25,1318.8,1322.05,1318.8,1346.2,25819.35,1322.05,65,65,2,3369863.25,2,F1,65,,,,,
2026-02-18,2026-02-18,FO,NSE,IDO,45519,,NIFTY,,2026-03-10,2026-03-10,24750.0,CE,NIFTY2631024750CE,1181.2,1181.2,1175.6,1178.4,1175.6,1218.75,25819.35,1178.4,65,65,2,3370692.0,2,F1,65,,,,,
2026-02-18,2026-02-18,FO,NSE,IDO,45543,,NIFTY,,2026-03-10,2026-03-10,25100.0,CE,NIFTY2631025100CE,792.95,848.25,773.95,833.15,833.15,787.8,25819.35,841.05,3055,-1885,32,53917142.5,32,F1,65,,,,,
2026-02-18,2026-02-18,FO,NSE,IDO,45577,,NIFTY,,2026-03-10,2026-03-10,25600.0,CE,NIFTY2631025600CE,391.95,450.0,343.5,440.0,441.0,397.85,25819.35,440.0,42640,13585,1707,2883916139.0,1155,F1,65,,,,,
2026-02-18,2026-02-18,FO,NSE,IDO,45633,,NIFTY,,2026-03-10,2026-03-10,26000.0,CE,NIFTY2631026000CE,180.75,204.35,145.2,197.45,196.95,178.4,25819.35,197.45,172250,50050,7286,12396152652.0,4595,F1,65,,,,,
2026-02-18,2026-02-18,FO,NSE,IDO,45650,,NIFTY,,2026-03-10,2026-03-10,26300.0,CE,NIFTY2631026300CE,77.5,92.65,63.8,88.2,88.0,81.3,25819.35,88.2,48620,17420,1919,3289845715.0,1231,F1,65,,,,,
2026-02-18,2026-02-18,FO,NSE,IDO,45703,,NIFTY,,2026-03-10,2026-03-10,26850.0,CE,NIFTY2631026850CE,17.15,17.45,13.0,17.1,16.7,17.2,25819.35,17.1,4550,455,66,115251737.25,52,F1,65,,,,,
2026-02-18,2026-02-18,FO,NSE,IDO,58001,,NIFTY,,2026-03-17,2026-03-17,26300.0,CE,NIFTY2631726300CE,118.5,138.8,100.8,132.05,133.7,119.35,25819.35,132.05,34645,19240,831,1426727880.5,629,F1,65,,,,,
2026-02-18,2026-02-18,FO,NSE,IDO,65894,,NIFTY,,2026-09-29,2026-09-29,21000.0,PE,NIFTY26SEP21000PE,0.0,0.0,0.0,112.6,0.0,112.6,25819.35,3.25,0,0,0,0.0,0,F1,65,,,,,
2026-02-18,2026-02-18,FO,NSE,IDO,35231,,NIFTY,,2026-06-30,2026-06-30,30000.0,PE,NIFTY26JUN30000PE,3620.0,3620.0,3472.0,3475.0,3475.0,3556.8,25819.35,3475.0,79650,0,10,21782091.5,10,F1,65,,,,,
2026-02-18,2026-02-18,FO,NSE,IDO,58625,,NIFTY,,2026-06-30,2026-06-30,12000.0,PE,NIFTY26JUN12000PE,0.0,0.0,0.0,20.0,20.0,20.0,25819.35,0.05,455,0,0,0.0,0,F1,65,,,,,
2026-02-18,2026-02-18,FO,NSE,IDO,72726,,NIFTY,,2026-04-28,2026-04-28,27000.0,PE,NIFTY26APR27000PE,1062.75,1120.0,980.0,987.35,985.25,1062.75,25819.35,987.35,71435,4745,175,318901680.5,126,F1,65,,,,,
2026-02-18,2026-02-18,FO,NSE,IDO,72456,,NIFTY,,2026-04-28,2026-04-28,26000.0,PE,NIFTY26APR26000PE,464.0,495.65,411.0,415.6,418.15,466.85,25819.35,415.6,392925,-7540,4034,6937251633.0,2368,F1,65,,,,,
2026-02-18,2026-02-18,FO,NSE,IDO,72347,,NIFTY,,2026-04-28,2026-04-28,24950.0,PE,NIFTY26APR24950PE,173.05,173.05,148.55,148.55,148.55,173.05,25819.35,139.65,5525,130,22,35904043.5,18,F1,65,,,,,
2026-02-18,2026-02-18,FO,NSE,IDO,72328,,NIFTY,,2026-04-28,2026-04-28,24550.0,PE,NIFTY26APR24550PE,116.95,118.05,103.05,104.45,104.45,118.3,25819.35,75.95,10140,715,42,67321949.5,24,F1,65,,,,,
2026-02-18,2026-02-18,FO,NSE,IDO,72322,,NIFTY,,2026-04-28,2026-04-28,24400.0,PE,NIFTY26APR24400PE,101.3,103.9,86.0,86.85,87.0,102.2,25819.35,86.85,104065,11505,374,595457424.25,300,F1,65,,,,,
2026-02-18,2026-02-18,FO,NSE,IDO,54831,,NIFTY,,2026-03-30,2026-03-30,27850.0,PE,NIFTY26MAR27850PE,1864.65,1864.65,1858.2,1858.2,1858.2,1934.65,25819.35,1879.4,325,0,2,3862485.25,2,F1,65,,,,,
2026-02-18,2026-02-18,FO,NSE,IDO,54829,,NIFTY,,2026-03-30,2026-03-30,27800.0,PE,NIFTY26MAR27800PE,1797.15,1800.75,1796.0,1798.15,1800.05,2078.2,25819.35,1798.15,780,0,5,9619395.5,5,F1,65,,,,,
2026-02-18,2026-02-18,FO,NSE,IDO,58128,,NIFTY,,2026-03-17,2026-03-17,27050.0,CE,NIFTY2631727050CE,0.0,0.0,0.0,135.5,0.0,135.5,25819.35,37.55,0,0,0,0.0,0,F1,65,,,,,
2026-02-18,2026-02-18,FO,NSE,IDO,58130,,NIFTY,,2026-03-17,2026-03-17,27100.0,CE,NIFTY2631727100CE,29.8,29.8,12.85,16.55,16.5,125.8,25819.35,16.55,3510,3510,89,156864948.5,61,F1,65,,,,,
2026-02-18,2026-02-18,FO,NSE,IDO,58166,,NIFTY,,2026-03-17,2026-03-17,27700.0,CE,NIFTY2631727700CE,6.55,6.95,6.0,6.95,6.95,5.6,25819.35,6.4,1040,130,3,5402767.5,3,F1,65,,,,,
2026-02-18,2026-02-18,FO,NSE,IDO,62648,,NIFTY,,2026-03-24,2026-03-24,24300.0,CE,NIFTY2632424300CE,0.0,0.0,0.0,1615.1,0.0,1615.1,25819.35,1656.0,0,0,0,0.0,0,F1,65,,,,,
2026-02-18,2026-02-18,FO,NSE,IDO,62737,,NIFTY,,2026-03-24,2026-03-24,25300.0,CE,NIFTY2632425300CE,0.0,0.0,0.0,797.8,0.0,797.8,25819.35,780.25,0,0,0,0.0,0,F1,65,,,,,
2026-02-18,2026-02-18,FO,NSE,IDO,62791,,NIFTY,,2026-03-24,2026-03-24,25700.0,CE,NIFTY2632425700CE,453.15,488.4,398.3,483.6,488.4,549.1,25819.35,483.6,2340,2340,110,186825544.75,61,F1,65,,,,,
2026-02-18,2026-02-18,FO,NSE,IDO,62940,,NIFTY,,2026-03-24,2026-03-24,27200.0,CE,NIFTY2632427200CE,0.0,0.0,0.0,75.9,0.0,75.9,25819.35,44.0,0,0,0,0.0,0,F1,65,,,,,
2026-02-18,2026-02-18,FO,NSE,IDO,62980,,NIFTY,,2026-03-24,2026-03-24,27450.0,CE,NIFTY2632427450CE,0.0,0.0,0.0,49.55,0.0,49.55,25819.35,25.25,0,0,0,0.0,0,F1,65,,,,,
2026-02-18,2026-02-18,FO,NSE,IDO,62920,,NIFTY,,2026-03-30,2026-03-30,22000.0,CE,NIFTY26MAR22000CE,3880.05,3966.95,3827.8,3960.25,3962.7,3866.2,25819.35,3960.25,383760,120,23,38694662.5,23,F1,65,,,,,
2026-02-18,2026-02-18,FO,NSE,IDO,54502,,NIFTY,,2026-03-30,2026-03-30,23150.0,CE,NIFTY26MAR23150CE,0.0,0.0,0.0,2172.25,2172.25,2172.25,25819.35,2808.95,65,0,0,0.0,0,F1,65,,,,,
2026-02-18,2026-02-18,FO,NSE,IDO,54518,,NIFTY,,2026-03-30,2026-03-30,23500.0,CE,NIFTY26MAR23500CE,2352.8,2484.95,2352.8,2483.7,2483.7,2397.5,25819.35,2483.7,17290,8125,181,305260761.0,159,F1,65,,,,,
2026-02-18,2026-02-18,FO,NSE,IDO,54536,,NIFTY,,2026-03-30,2026-03-30,23950.0,CE,NIFTY26MAR23950CE,0.0,0.0,0.0,2228.15,2228.15,2228.15,25819.35,2020.2,195,0,0,0.0,0,F1,65,,,,,
2026-02-18,2026-02-18,FO,NSE,IDO,54538,,NIFTY,,2026-03-30,2026-03-30,24050.0,CE,NIFTY26MAR24050CE,0.0,0.0,0.0,1955.3,1955.3,1955.3,25819.35,1923.15,65,0,0,0.0,0,F1,65,,,,,
2026-02-18,2026-02-18,FO,NSE,IDO,54564,,NIFTY,,2026-03-30,2026-03-30,24700.0,CE,NIFTY26MAR24700CE,1249.85,1349.15,1233.5,1347.8,1347.8,1272.4,25819.35,1347.8,21255,-1365,93,157338467.0,48,F1,65,,,,,
2026-02-18,2026-02-18,FO,NSE,IDO,54568,,NIFTY,,2026-03-30,2026-03-30,24800.0,CE,NIFTY26MAR24800CE,1160.35,1259.4,1136.0,1250.15,1248.3,1178.4,25819.35,1250.15,31070,-780,34,57459915.5,27,F1,65,,,,,
2026-02-18,2026-02-18,FO,NSE,IDO,62926,,NIFTY,,2026-03-30,2026-03-30,25000.0,CE,NIFTY26MAR25000CE,1014.75,1099.0,950.0,1081.65,1079.9,1018.35,25819.35,1081.65,787710,1855,1858,3142056801.0,1416,F1,65,,,,,
2026-02-18,2026-02-18,FO,NSE,IDO,54665,,NIFTY,,2026-03-30,2026-03-30,26350.0,CE,NIFTY26MAR26350CE,169.15,189.5,146.2,187.85,185.5,173.85,25819.35,187.85,35100,975,337,580845892.25,282,F1,65,,,,,
2026-02-18,2026-02-18,FO,NSE,IDO,54720,,NIFTY,,2026-03-30,2026-03-30,26750.0,CE,NIFTY26MAR26750CE,72.7,79.6,61.65,78.45,77.7,74.4,25819.35,78.45,28795,5785,398,693819171.5,321,F1,65,,,,,
2026-02-18,2026-02-18,FO,NSE,IDO,54722,,NIFTY,,2026-03-30,2026-03-30,26800.0,CE,NIFTY26MAR26800CE,65.25,72.4,54.2,69.85,69.2,66.45,25819.35,69.85,496535,39520,6220,10859984999.5,4347,F1,65,,,,,
2026-02-18,2026-02-18,FO,NSE,IDO,54840,,NIFTY,,2026-03-30,2026-03-30,28050.0,CE,NIFTY26MAR28050CE,10.1,10.1,8.4,8.4,8.4,9.8,25819.35,8.4,8450,-65,9,16414482.5,6,F1,65,,,,,
2026-02-18,2026-02-18,FO,NSE,IDO,72220,,NIFTY,,2026-04-28,2026-04-28,23300.0,CE,NIFTY26APR23300CE,0.0,0.0,0.0,2541.85,2529.4,2541.85,25819.35,2766.7,0,0,0,0.0,0,F1,65,,,,,
2026-02-18,2026-02-18,FO,NSE,IDO,72249,,NIFTY,,2026-04-28,2026-04-28,23650.0,CE,NIFTY26APR23650CE,0.0,0.0,0.0,2362.7,2362.7,2362.7,25819.35,2427.95,65,0,0,0.0,0,F1,65,,,,,
2026-02-18,2026-02-18,FO,NSE,IDO,72431,,NIFTY,,2026-04-28,2026-04-28,25800.0,CE,NIFTY26APR25800CE,628.0,683.05,587.0,679.25,677.05,634.25,25819.35,679.25,47125,5070,301,517112651.25,211,F1,65,,,,,
2026-02-18,2026-02-18,FO,NSE,IDO,72457,,NIFTY,,2026-04-28,2026-04-28,26050.0,CE,NIFTY26APR26050CE,485.5,525.8,472.2,522.6,522.0,492.3,25819.35,522.6,3445,0,18,31058446.25,16,F1,65,,,,,
2026-02-18,2026-02-18,FO,NSE,IDO,72483,,NIFTY,,2026-04-28,2026-04-28,26200.0,CE,NIFTY26APR26200CE,410.0,450.0,376.75,444.35,439.85,412.05,25819.35,444.35,65910,-5590,424,733354501.75,332,F1,65,,,,,
2026-02-18,2026-02-18,FO,NSE,IDO,72489,,NIFTY,,2026-04-28,2026-04-28,26350.0,CE,NIFTY26APR26350CE,320.0,375.2,320.0,375.2,375.2,339.95,25819.35,375.2,2015,130,7,12140111.75,6,F1,65,,,,,
2026-02-18,2026-02-18,FO,NSE,IDO,72747,,NIFTY,,2026-04-28,2026-04-28,27350.0,CE,NIFTY26APR27350CE,67.55,78.55,67.55,78.45,78.55,74.0,25819.35,78.45,3640,260,9,16042074.75,8,F1,65,,,,,
2026-02-18,2026-02-18,FO,NSE,IDO,37799,,NIFTY,,2026-06-30,2026-06-30,23000.0,CE,NIFTY26JUN23000CE,3330.0,3375.0,3223.4,3365.3,3375.0,3288.65,25819.35,3365.3,52825,12415,235,401624382.25,231,F1,65,,,,,
2026-02-18,2026-02-18,FO,NSE,IDO,71474,,NIFTY,,2026-06-30,2026-06-30,25000.0,CE,NIFTY26JUN25000CE,1580.0,1668.95,1529.75,1656.75,1654.85,1594.2,25819.35,1656.75,348540,51415,1094,1891482203.0,1032,F1,65,,,,,
2026-02-18,2026-02-18,FO,NSE,IDO,58642,,NIFTY,,2026-12-29,2026-12-29,19000.0,CE,NIFTY26DEC19000CE,0.0,0.0,0.0,6955.0,6955.0,6955.0,25819.35,7697.8,3475,0,0,0.0,0,F1,65,,,,,
2026-02-18,2026-02-18,FO,NSE,IDO,35235,,NIFTY,,2026-12-29,2026-12-29,30000.0,CE,NIFTY26DEC30000CE,241.0,264.55,232.3,262.55,261.4,241.15,25819.35,262.55,347010,-2180,595,1169832205.75,364,F1,65,,,,,
2026-02-18,2026-02-18,FO,NSE,IDO,55476,,NIFTY,,2028-06-27,2028-06-27,25500.0,CE,NIFTY28JUN25500CE,0.0,0.0,0.0,4676.6,0.0,4676.6,25819.35,3964.15,0,0,0,0.0,0,F1,65,,,,,
2026-02-18,2026-02-18,FO,NSE,IDO,47196,,NIFTY,,2028-06-27,2028-06-27,33000.0,CE,NIFTY28JUN33000CE,0.0,0.0,0.0,2004.15,0.0,2004.15,25819.35,792.45,0,0,0,0.0,0,F1,65,,,,,
2026-02-18,2026-02-18,FO,NSE,IDO,55524,,NIFTY,,2028-12-26,2028-12-26,28500.0,CE,NIFTY28DEC28500CE,0.0,0.0,0.0,3608.65,0.0,3608.65,25819.35,2819.1,0,0,0,0.0,0,F1,65,,,,,
2026-02-18,2026-02-18,FO,NSE,IDO,89642,,NIFTY,,2029-06-26,2029-06-26,30000.0,CE,NIFTY29JUN30000CE,0.0,0.0,0.0,5268.4,0.0,5268.4,25819.35,2661.55,0,0,0,0.0,0,F1,65,,,,,
2026-02-18,2026-02-18,FO,NSE,IDO,55608,,NIFTY,,2029-12-24,2029-12-24,31500.0,CE,NIFTY29DEC31500CE,0.0,0.0,0.0,3429.3,0.0,3429.3,25819.35,2548.0,0,0,0,0.0,0,F1,65,,,,,
2026-02-18,2026-02-18,FO,NSE,IDO,60904,,NIFTY,,2030-06-25,2030-06-25,24000.0,CE,NIFTY30JUN24000CE,0.0,0.0,0.0,8591.55,0.0,8591.55,25819.35,7196.0,0,0,0,0.0,0,F1,65,,,,,
2026-02-18,2026-02-18,FO,NSE,IDO,64817,,NIFTY,,2026-02-24,2026-02-24,24700.0,PE,NIFTY26FEB24700PE,7.5,10.65,6.0,9.55,9.75,10.3,25819.35,9.55,3875625,737945,293091,470736124153.75,95298,F1,65,,,,,
2026-02-18,2026-02-18,FO,NSE,IDO,64826,,NIFTY,,2026-02-24,2026-02-24,24900.0,PE,NIFTY26FEB24900PE,8.0,14.3,7.95,12.0,12.25,14.45,25819.35,12.0,2674945,359970,251091,406586641217.25,88157,F1,65,,,,,
2026-02-18,2026-02-18,FO,NSE,IDO,64859,,NIFTY,,2026-02-24,2026-02-24,25650.0,PE,NIFTY26FEB25650PE,115.4,138.85,64.25,67.9,68.1,115.65,25819.35,67.9,3630185,2178215,2022066,3384826183310.0,1081648,F1,65,,,,,
2026-02-18,2026-02-18,FO,NSE,IDO,64861,,NIFTY,,2026-02-24,2026-02-24,25700.0,PE,NIFTY26FEB25700PE,134.0,163.75,76.95,81.25,81.75,135.0,25819.35,81.25,8894925,4228185,4352331,7304211556742.75,2206091,F1,65,,,,,
2026-02-18,2026-02-18,FO,NSE,IDO,64873,,NIFTY,,2026-02-24,2026-02-24,26000.0,PE,NIFTY26FEB26000PE,299.85,373.95,219.25,229.4,231.05,310.5,25819.35,229.4,3022760,171405,234319,400394783961.25,130968,F1,65,,,,,
2026-02-18,2026-02-18,FO,NSE,IDO,65102,,NIFTY,,2026-02-24,2026-02-24,27550.0,PE,NIFTY26FEB27550PE,0.0,0.0,0.0,1812.55,1812.55,1812.55,25819.35,1705.75,650,0,0,0.0,0,F1,65,,,,,
2026-02-18,2026-02-18,FO,NSE,IDO,65120,,NIFTY,,2026-02-24,2026-02-24,28000.0,PE,NIFTY26FEB28000PE,2250.0,2334.85,2162.6,2171.2,2174.0,2252.9,25819.35,2171.2,417885,-15730,580,1140658470.25,374,F1,65,,,,,
2026-02-18,2026-02-18,FO,NSE,IDO,54833,,NIFTY,,2026-03-02,2026-03-02,24600.0,PE,NIFTY2630224600PE,20.25,20.7,15.05,17.6,18.45,20.95,25819.35,17.6,124345,20085,6343,10149858290.0,4418,F1,65,,,,,
2026-02-18,2026-02-18,FO,NSE,IDO,54978,,NIFTY,,2026-03-02,2026-03-02,25850.0,PE,NIFTY2630225850PE,241.3,281.85,179.6,185.85,187.3,249.15,25819.35,185.85,97630,59735,6427,10888046721.5,4917,F1,65,,,,,
2026-02-18,2026-02-18,FO,NSE,IDO,54984,,NIFTY,,2026-03-02,2026-03-02,26000.0,PE,NIFTY2630226000PE,319.0,381.0,255.0,262.0,265.0,336.55,25819.35,262.0,374985,94445,14848,25388230884.25,9908,F1,65,,,,,
2026-02-18,2026-02-18,FO,NSE,IDO,45562,,NIFTY,,2026-03-10,2026-03-10,25350.0,PE,NIFTY2631025350PE,110.0,127.55,89.0,90.95,91.95,119.75,25819.35,90.95,5525,3575,168,277944712.5,116,F1,65,,,,,
2026-02-18,2026-02-18,FO,NSE,IDO,45576,,NIFTY,,2026-03-10,2026-03-10,25550.0,PE,NIFTY2631025550PE,159.55,184.45,127.35,129.4,130.4,169.85,25819.35,129.4,21970,14820,559,933990213.0,346,F1,65,,,,,
2026-02-18,2026-02-18,FO,NSE,IDO,45578,,NIFTY,,2026-03-10,2026-03-10,25600.0,PE,NIFTY2631025600PE,180.5,203.15,139.65,142.7,142.2,186.05,25819.35,142.7,67990,15145,3654,6119595296.75,2563,F1,65,,,,,
2026-02-18,2026-02-18,FO,NSE,IDO,45584,,NIFTY,,2026-03-10,2026-03-10,25650.0,PE,NIFTY2631025650PE,188.0,222.85,150.7,155.1,155.4,203.1,25819.35,155.1,28210,10985,1212,2035390145.75,741,F1,65,,,,,
2026-02-18,2026-02-18,FO,NSE,IDO,45619,,NIFTY,,2026-03-10,2026-03-10,25800.0,PE,NIFTY2631025800PE,251.25,289.95,201.95,206.4,206.1,261.2,25819.35,206.4,63505,25740,3237,5476936383.75,2340,F1,65,,,,,
2026-02-18,2026-02-18,FO,NSE,IDO,45674,,NIFTY,,2026-03-10,2026-03-10,26450.0,PE,NIFTY2631026450PE,627.75,627.75,608.5,610.6,612.65,720.6,25819.35,610.6,130,65,3,5277928.5,3,F1,65,,,,,
2026-02-18,2026-02-18,FO,NSE,IDO,45736,,NIFTY,,2026-03-10,2026-03-10,27350.0,PE,NIFTY2631027350PE,1451.7,1451.7,1448.05,1449.9,1448.05,1516.7,25819.35,1449.9,65,65,2,3743983.75,2,F1,65,,,,,
2026-02-18,2026-02-18,FO,NSE,IDO,45742,,NIFTY,,2026-03-10,2026-03-10,27500.0,PE,NIFTY2631027500PE,1598.8,1598.8,1586.55,1592.7,1586.55,1652.0,25819.35,1592.7,65,65,2,3782047.75,2,F1,65,,,,,
2026-02-18,2026-02-18,FO,NSE,IDO,57773,,NIFTY,,2026-03-17,2026-03-17,23750.0,PE,NIFTY2631723750PE,0.0,0.0,0.0,6.25,0.0,6.25,25819.35,0.8,0,0,0,0.0,0,F1,65,,,,,
2026-02-18,2026-02-18,FO,NSE,IDO,57827,,NIFTY,,2026-03-17,2026-03-17,24350.0,PE,NIFTY2631724350PE,0.0,0.0,0.0,27.1,0.0,27.1,25819.35,8.05,0,0,0,0.0,0,F1,65,,,,,
2026-02-18,2026-02-18,FO,NSE,IDO,57833,,NIFTY,,2026-03-17,2026-03-17,24400.0,PE,NIFTY2631724400PE,42.85,42.85,33.6,36.25,33.6,43.15,25819.35,36.25,9880,2080,247,392382022.5,187,F1,65,,,,,
2026-02-18,2026-02-18,FO,NSE,IDO,57883,,NIFTY,,2026-03-17,2026-03-17,24950.0,PE,NIFTY2631724950PE,79.2,79.2,63.85,65.2,63.85,86.0,25819.35,65.2,780,65,16,26023013.25,16,F1,65,,,,,
2026-02-18,2026-02-18,FO,NSE,IDO,57921,,NIFTY,,2026-03-17,2026-03-17,25700.0,PE,NIFTY2631725700PE,275.0,275.0,202.65,205.25,211.05,250.45,25819.35,205.25,15535,7215,459,773759252.5,359,F1,65,,,,,
2026-02-18,2026-02-18,FO,NSE,IDO,58004,,NIFTY,,2026-03-17,2026-03-17,26350.0,PE,NIFTY2631726350PE,0.0,0.0,0.0,593.3,0.0,593.3,25819.35,589.0,0,0,0,0.0,0,F1,65,,,,,
2026-02-18,2026-02-18,FO,NSE,IDO,58044,,NIFTY,,2026-03-17,2026-03-17,26700.0,PE,NIFTY2631726700PE,0.0,0.0,0.0,820.15,0.0,820.15,25819.35,855.35,0,0,0,0.0,0,F1,65,,,,,
2026-02-18,2026-02-18,FO,NSE,IDO,58098,,NIFTY,,2026-03-17,2026-03-17,26850.0,PE,NIFTY2631726850PE,0.0,0.0,0.0,929.75,0.0,929.75,25819.35,981.55,0,0,0,0.0,0,F1,65,,,,,
2026-02-18,2026-02-18,FO,NSE,IDO,58150,,NIFTY,,2026-03-17,2026-03-17,27400.0,PE,NIFTY2631727400PE,0.0,0.0,0.0,1373.9,0.0,1373.9,25819.35,1484.55,0,0,0,0.0,0,F1,65,,,,,
2026-02-18,2026-02-18,FO,NSE,IDO,54788,,NIFTY,,2026-03-02,2026-03-02,23800.0,PE,NIFTY2630223800PE,7.95,9.3,7.35,8.6,8.0,8.75,25819.35,8.6,37050,19500,1501,2322852356.5,1052,F1,65,,,,,
2026-02-18,2026-02-18,FO,NSE,IDO,54810,,NIFTY,,2026-03-02,2026-03-02,24350.0,PE,NIFTY2630224350PE,13.35,15.3,12.15,14.05,14.15,15.2,25819.35,14.05,29640,18200,1260,1995402188.0,790,F1,65,,,,,
2026-02-18,2026-02-18,FO,NSE,IDO,54906,,NIFTY,,2026-03-02,2026-03-02,25250.0,PE,NIFTY2630225250PE,68.05,71.25,45.6,47.55,48.45,68.3,25819.35,47.55,84305,41535,4493,7390033946.75,3545,F1,65,,,,,
2026-02-18,2026-02-18,FO,NSE,IDO,54966,,NIFTY,,2026-03-02,2026-03-02,25550.0,PE,NIFTY2630225550PE,108.45,145.55,88.05,90.95,91.95,131.65,25819.35,90.95,168545,36985,15609,26038737588.5,10960,F1,65,,,,,
2026-02-18,2026-02-18,FO,NSE,IDO,55228,,NIFTY,,2026-03-02,2026-03-02,26200.0,PE,NIFTY2630226200PE,460.0,533.05,387.45,395.15,401.25,482.2,25819.35,395.15,94055,48035,1598,2765172185.75,1009,F1,65,,,,,
2026-02-18,2026-02-18,FO,NSE,IDO,55252,,NIFTY,,2026-03-02,2026-03-02,26400.0,PE,NIFTY2630226400PE,653.8,710.0,552.0,560.5,566.55,649.55,25819.35,560.5,24050,-1170,223,391648877.75,190,F1,65,,,,,
2026-02-18,2026-02-18,FO,NSE,IDO,55736,,NIFTY,,2026-03-02,2026-03-02,27300.0,PE,NIFTY2630227300PE,1431.1,1437.65,1431.1,1434.4,1437.65,1412.05,25819.35,1434.4,130,65,2,3735468.75,2,F1,65,,,,,
2026-02-18,2026-02-18,FO,NSE,IDO,55808,,NIFTY,,2026-03-02,2026-03-02,27550.0,PE,NIFTY2630227550PE,1688.5,1688.5,1683.5,1686.0,1683.5,1765.45,25819.35,1686.0,65,0,2,3800680.0,2,F1,65,,,,,
2026-02-18,2026-02-18,FO,NSE,IDO,55812,,NIFTY,,2026-03-02,2026-03-02,27650.0,PE,NIFTY2630227650PE,1784.65,1784.65,1778.3,1781.5,1778.3,1864.8,25819.35,1781.5,65,0,2,3826091.75,2,F1,65,,,,,
2026-02-18,2026-02-18,FO,NSE,IDO,45496,,NIFTY,,2026-03-10,2026-03-10,24400.0,PE,NIFTY2631024400PE,28.1,28.1,22.65,24.65,24.5,30.15,25819.35,24.65,5265,390,244,387396616.75,165,F1,65,,,,,
2026-02-18,2026-02-18,FO,NSE,IDO,45518,,NIFTY,,2026-03-10,2026-03-10,24700.0,PE,NIFTY2631024700PE,38.65,42.85,33.15,34.75,34.45,44.1,25819.35,34.75,53885,31785,3165,5089050687.5,1554,F1,65,,,,,
2026-02-18,2026-02-18,FO,NSE,IDO,45520,,NIFTY,,2026-03-10,2026-03-10,24750.0,PE,NIFTY2631024750PE,45.85,45.85,34.0,36.45,36.8,45.85,25819.35,36.45,5265,3055,123,198190300.75,93,F1,65,,,,,
2026-02-18,2026-02-18,FO,NSE,IDO,45738,,NIFTY,,2026-03-10,2026-03-10,27400.0,PE,NIFTY2631027400PE,1502.45,1502.45,1497.95,1500.2,1497.95,1561.45,25819.35,1500.2,65,65,2,3757026.0,2,F1,65,,,,,
2026-02-18,2026-02-18,FO,NSE,IDO,45747,,NIFTY,,2026-03-10,2026-03-10,27550.0,PE,NIFTY2631027550PE,1648.5,1648.5,1636.95,1642.75,1636.95,1697.7,25819.35,1642.75,65,65,2,3795054.25,2,F1,65,,,,,
2026-02-18,2026-02-18,FO,NSE,IDO,57906,,NIFTY,,2026-03-17,2026-03-17,25350.0,PE,NIFTY2631725350PE,138.5,149.0,116.0,116.3,117.2,172.4,25819.35,116.3,845,845,14,23184154.5,8,F1,65,,,,,
2026-02-18,2026-02-18,FO,NSE,IDO,58061,,NIFTY,,2026-03-17,2026-03-17,26800.0,PE,NIFTY2631726800PE,0.0,0.0,0.0,891.75,0.0,891.75,25819.35,938.8,0,0,0,0.0,0,F1,65,,,,,
2026-02-18,2026-02-18,FO,NSE,IDO,58147,,NIFTY,,2026-03-17,2026-03-17,27350.0,PE,NIFTY2631727350PE,0.0,0.0,0.0,1330.85,0.0,1330.85,25819.35,1437.0,0,0,0,0.0,0,F1,65,,,,,
2026-02-18,2026-02-18,FO,NSE,IDO,62645,,NIFTY,,2026-03-24,2026-03-24,24200.0,PE,NIFTY2632424200PE,0.0,0.0,0.0,29.75,0.0,29.75,25819.35,9.3,0,0,0,0.0,0,F1,65,,,,,
2026-02-18,2026-02-18,FO,NSE,IDO,62685,,NIFTY,,2026-03-24,2026-03-24,24700.0,PE,NIFTY2632424700PE,75.0,76.0,60.45,60.45,60.45,80.75,25819.35,60.45,1950,1950,53,85323348.5,40,F1,65,,,,,
2026-02-18,2026-02-18,FO,NSE,IDO,62687,,NIFTY,,2026-03-24,2026-03-24,24750.0,PE,NIFTY2632424750PE,0.0,0.0,0.0,88.35,0.0,88.35,25819.35,40.9,0,0,0,0.0,0,F1,65,,,,,
2026-02-18,2026-02-18,FO,NSE,IDO,62827,,NIFTY,,2026-03-24,2026-03-24,26100.0,PE,NIFTY2632426100PE,0.0,0.0,0.0,565.75,0.0,565.75,25819.35,452.65,0,0,0,0.0,0,F1,65,,,,,
2026-02-18,2026-02-18,FO,NSE,IDO,62963,,NIFTY,,2026-03-24,2026-03-24,27350.0,PE,NIFTY2632427350PE,0.0,0.0,0.0,1511.55,0.0,1511.55,25819.35,1422.6,0,0,0,0.0,0,F1,65,,,,,
2026-02-18,2026-02-18,FO,NSE,IDO,54505,,NIFTY,,2026-03-30,2026-03-30,23150.0,PE,NIFTY26MAR23150PE,23.45,23.45,23.05,23.25,23.35,26.85,25819.35,23.25,2925,1885,47,70794431.5,10,F1,65,,,,,
2026-02-18,2026-02-18,FO,NSE,IDO,62925,,NIFTY,,2026-03-30,2026-03-30,24000.0,PE,NIFTY26MAR24000PE,45.05,47.5,39.2,40.45,39.3,47.95,25819.35,40.45,3967155,67780,18136,28342990939.25,10249,F1,65,,,,,
2026-02-18,2026-02-18,FO,NSE,IDO,54571,,NIFTY,,2026-03-30,2026-03-30,24850.0,PE,NIFTY26MAR24850PE,101.55,107.8,83.1,85.35,85.0,106.35,25819.35,85.35,26455,-3120,319,517180914.25,264,F1,65,,,,,
2026-02-18,2026-02-18,FO,NSE,IDO,54585,,NIFTY,,2026-03-30,2026-03-30,25250.0,PE,NIFTY26MAR25250PE,162.6,175.9,134.15,136.5,134.9,170.05,25819.35,136.5,35620,4225,426,703409885.75,326,F1,65,,,,,
2026-02-18,2026-02-18,FO,NSE,IDO,54593,,NIFTY,,2026-03-30,2026-03-30,25450.0,PE,NIFTY26MAR25450PE,213.95,229.35,174.65,177.8,176.1,215.95,25819.35,177.8,39585,5850,501,835336125.0,389,F1,65,,,,,
2026-02-18,2026-02-18,FO,NSE,IDO,54615,,NIFTY,,2026-03-30,2026-03-30,25750.0,PE,NIFTY26MAR25750PE,301.9,335.75,257.95,261.6,261.95,313.15,25819.35,261.6,142740,17355,1680,2843339008.25,1235,F1,65,,,,,
2026-02-18,2026-02-18,FO,NSE,IDO,62929,,NIFTY,,2026-03-30,2026-03-30,26000.0,PE,NIFTY26MAR26000PE,400.05,454.15,351.1,357.55,362.65,419.55,25819.35,357.55,3413200,351180,25202,43235395593.0,19372,F1,65,,,,,
2026-02-18,2026-02-18,FO,NSE,IDO,54715,,NIFTY,,2026-03-30,2026-03-30,26600.0,PE,NIFTY26MAR26600PE,804.65,854.7,708.15,715.45,720.0,796.4,25819.35,715.45,37895,1170,155,275731576.25,107,F1,65,,,,,
2026-02-18,2026-02-18,FO,NSE,IDO,72219,,NIFTY,,2026-04-28,2026-04-28,23250.0,PE,NIFTY26APR23250PE,44.0,44.0,41.35,43.95,43.95,46.7,25819.35,5.65,5395,-650,21,31794889.75,6,F1,65,,,,,
2026-02-18,2026-02-18,FO,NSE,IDO,72420,,NIFTY,,2026-04-28,2026-04-28,25550.0,PE,NIFTY26APR25550PE,297.3,322.8,261.55,266.35,269.7,297.35,25819.35,266.35,11050,2275,76,127637542.5,48,F1,65,,,,,
2026-02-18,2026-02-18,FO,NSE,IDO,72430,,NIFTY,,2026-04-28,2026-04-28,25750.0,PE,NIFTY26APR25750PE,369.95,389.05,321.1,325.2,321.1,373.35,25819.35,325.2,6565,1690,98,166273812.25,65,F1,65,,,,,
2026-02-18,2026-02-18,FO,NSE,IDO,72748,,NIFTY,,2026-04-28,2026-04-28,27350.0,PE,NIFTY26APR27350PE,1259.95,1259.95,1253.15,1256.55,1253.15,1339.65,25819.35,1256.55,0,0,2,3718851.5,2,F1,65,,,,,
2026-02-18,2026-02-18,FO,NSE,IDO,72770,,NIFTY,,2026-04-28,2026-04-28,27650.0,PE,NIFTY26APR27650PE,1518.3,1529.1,1518.3,1523.7,1529.1,1607.95,25819.35,1523.7,65,0,2,3792581.0,2,F1,65,,,,,
2026-02-18,2026-02-18,FO,NSE,IDO,71473,,NIFTY,,2026-06-30,2026-06-30,24000.0,PE,NIFTY26JUN24000PE,147.95,150.1,132.3,134.0,133.0,149.65,25819.35,134.0,1404445,24320,3447,5408889352.75,2459,F1,65,,,,,
2026-02-18,2026-02-18,FO,NSE,IDO,55283,,NIFTY,,2026-09-29,2026-09-29,19500.0,PE,NIFTY26SEP19500PE,0.0,0.0,0.0,2.4,0.0,2.4,25819.35,0.2,0,0,0,0.0,0,F1,65,,,,,
2026-02-18,2026-02-18,FO,NSE,IDO,58631,,NIFTY,,2026-12-29,2026-12-29,13000.0,PE,NIFTY26DEC13000PE,0.0,0.0,0.0,20.05,20.05,20.05,25819.35,0.05,2475,0,0,0.0,0,F1,65,,,,,
2026-02-18,2026-02-18,FO,NSE,IDO,58647,,NIFTY,,2026-12-29,2026-12-29,21000.0,PE,NIFTY26DEC21000PE,105.6,115.9,105.6,113.4,114.95,113.25,25819.35,113.4,82040,2340,71,97435747.5,38,F1,65,,,,,
2026-02-18,2026-02-18,FO,NSE,IDO,50979,,NIFTY,,2026-12-29,2026-12-29,27000.0,PE,NIFTY26DEC27000PE,1017.75,1037.0,972.75,979.65,982.5,1017.75,25819.35,979.65,566125,-4095,483,879159440.25,351,F1,65,,,,,
2026-02-18,2026-02-18,FO,NSE,IDO,55373,,NIFTY,,2027-06-29,2027-06-29,19500.0,PE,NIFTY27JUN19500PE,0.0,0.0,0.0,17.3,0.0,17.3,25819.35,4.85,0,0,0,0.0,0,F1,65,,,,,
2026-02-18,2026-02-18,FO,NSE,IDO,71554,,NIFTY,,2027-06-29,2027-06-29,21000.0,PE,NIFTY27JUN21000PE,0.0,0.0,0.0,115.05,115.05,115.05,25819.35,24.15,1025,0,0,0.0,0,F1,65,,,,,
2026-02-18,2026-02-18,FO,NSE,IDO,53627,,NIFTY,,2027-12-28,2027-12-28,25000.0,PE,NIFTY27DEC25000PE,687.95,687.95,660.0,660.0,660.0,693.95,25819.35,444.3,6580,260,4,6673420.0,4,F1,65,,,,,
2026-02-18,2026-02-18,FO,NSE,IDO,53630,,NIFTY,,2027-12-28,2027-12-28,26000.0,PE,NIFTY27DEC26000PE,0.0,0.0,0.0,902.05,902.05,902.05,25819.35,684.15,9820,0,0,0.0,0,F1,65,,,,,
2026-02-18,2026-02-18,FO,NSE,IDO,67775,,NIFTY,,2028-12-26,2028-12-26,20000.0,PE,NIFTY28DEC20000PE,0.0,0.0,0.0,330.0,330.0,330.0,25819.35,30.75,1100,0,0,0.0,0,F1,65,,,,,
2026-02-18,2026-02-18,FO,NSE,IDO,89625,,NIFTY,,2029-06-26,2029-06-26,21000.0,PE,NIFTY29JUN21000PE,0.0,0.0,0.0,320.25,0.0,320.25,25819.35,66.0,0,0,0,0.0,0,F1,65,,,,,
2026-02-18,2026-02-18,FO,NSE,IDO,89643,,NIFTY,,2029-06-26,2029-06-26,30000.0,PE,NIFTY29JUN30000PE,0.0,0.0,0.0,2031.05,0.0,2031.05,25819.35,1789.35,0,0,0,0.0,0,F1,65,,,,,
2026-02-18,2026-02-18,FO,NSE,IDO,89649,,NIFTY,,2029-06-26,2029-06-26,33000.0,PE,NIFTY29JUN33000PE,0.0,0.0,0.0,3022.85,0.0,3022.85,25819.35,3207.0,0,0,0,0.0,0,F1,65,,,,,
2026-02-18,2026-02-18,FO,NSE,IDO,61660,,NIFTY,,2029-12-24,2029-12-24,21000.0,PE,NIFTY29DEC21000PE,0.0,0.0,0.0,278.8,0.0,278.8,25819.35,70.2,0,0,0,0.0,0,F1,65,,,,,
2026-02-18,2026-02-18,FO,NSE,IDO,61773,,NIFTY,,2029-12-24,2029-12-24,25000.0,PE,NIFTY29DEC25000PE,0.0,0.0,0.0,709.7,709.7,709.7,25819.35,403.7,290,0,0,0.0,0,F1,65,,,,,
2026-02-18,2026-02-18,FO,NSE,IDO,55267,,NIFTY,,2026-03-02,2026-03-02,26600.0,CE,NIFTY2630226600CE,16.4,17.0,11.55,15.0,14.65,15.7,25819.35,15.0,217880,64935,12126,20976860300.5,8177,F1,65,,,,,
2026-02-18,2026-02-18,FO,NSE,IDF,51714,,NIFTY,,2026-03-30,2026-03-30,,,NIFTY26MARFUT,25924.5,25996.2,25820.0,25984.0,25978.0,25898.7,25819.35,25984.0,2166450,403130,15123,25466608427.0,11137,F1,65,,,,,
2026-02-18,2026-02-18,FO,NSE,IDO,64810,,NIFTY,,2026-02-24,2026-02-24,24550.0,CE,NIFTY26FEB24550CE,1150.8,1264.0,1150.8,1264.0,1264.0,1201.5,25819.35,1291.55,11960,-325,14,23471597.5,12,F1,65,,,,,
2026-02-18,2026-02-18,FO,NSE,IDO,64852,,NIFTY,,2026-02-24,2026-02-24,25500.0,CE,NIFTY26FEB25500CE,316.0,386.0,241.55,370.8,367.0,313.65,25819.35,370.8,3068585,-295490,314486,527262336922.75,187685,F1,65,,,,,
2026-02-18,2026-02-18,FO,NSE,IDO,64961,,NIFTY,,2026-02-24,2026-02-24,26650.0,CE,NIFTY26FEB26650CE,4.15,5.0,3.35,3.8,3.75,4.15,25819.35,3.8,603655,247390,195218,338219127512.5,46458,F1,65,,,,,
2026-02-18,2026-02-18,FO,NSE,IDO,64997,,NIFTY,,2026-02-24,2026-02-24,26750.0,CE,NIFTY26FEB26750CE,3.9,4.1,2.65,3.05,3.0,3.4,25819.35,3.05,949845,605800,173345,301441200164.0,38730,F1,65,,,,,
2026-02-18,2026-02-18,FO,NSE,IDO,65079,,NIFTY,,2026-02-24,2026-02-24,27100.0,CE,NIFTY26FEB27100CE,1.65,2.4,1.4,1.5,1.45,1.85,25819.35,1.5,2714400,446160,261162,460067709588.5,60488,F1,65,,,,,
2026-02-18,2026-02-18,FO,NSE,IDO,54710,,NIFTY,,2026-03-02,2026-03-02,23100.0,CE,NIFTY2630223100CE,2762.1,2762.1,2752.85,2757.5,2752.85,2662.65,25819.35,2757.5,65,0,2,3361471.75,2,F1,65,,,,,
2026-02-18,2026-02-18,FO,NSE,IDO,54882,,NIFTY,,2026-03-02,2026-03-02,24900.0,CE,NIFTY2630224900CE,880.0,980.0,840.0,975.0,975.0,902.7,25819.35,972.8,24050,1755,59,98882039.75,39,F1,65,,,,,
2026-02-18,2026-02-18,FO,NSE,IDO,55271,,NIFTY,,2026-03-02,2026-03-02,26650.0,CE,NIFTY2630226650CE,14.0,14.25,10.4,13.2,12.85,13.8,25819.35,13.2,46475,26260,2309,4001627935.5,1472,F1,65,,,,,
2026-02-18,2026-02-18,FO,NSE,IDO,62717,,NIFTY,,2026-03-24,2026-03-24,25150.0,PE,NIFTY2632425150PE,0.0,0.0,0.0,171.9,0.0,171.9,25819.35,98.45,0,0,0,0.0,0,F1,65,,,,,
2026-02-18,2026-02-18,FO,NSE,IDO,62711,,NIFTY,,2026-03-24,2026-03-24,25000.0,PE,NIFTY2632425000PE,100.55,112.2,84.2,87.0,88.35,135.1,25819.35,87.0,6955,6955,203,331121050.0,136,F1,65,,,,,
2026-02-18,2026-02-18,FO,NSE,IDO,62623,,NIFTY,,2026-03-24,2026-03-24,24000.0,PE,NIFTY2632424000PE,34.3,37.25,32.5,35.6,35.6,18.9,25819.35,4.95,3315,3315,76,118731473.25,33,F1,65,,,,,
2026-02-18,2026-02-18,FO,NSE,IDO,58167,,NIFTY,,2026-03-17,2026-03-17,27700.0,PE,NIFTY2631727700PE,0.0,0.0,0.0,1640.65,0.0,1640.65,25819.35,1774.55,0,0,0,0.0,0,F1,65,,,,,
2026-02-18,2026-02-18,FO,NSE,IDO,58129,,NIFTY,,2026-03-17,2026-03-17,27050.0,PE,NIFTY2631727050PE,0.0,0.0,0.0,1082.8,0.0,1082.8,25819.35,1158.35,0,0,0,0.0,0,F1,65,,,,,
2026-02-18,2026-02-18,FO,NSE,IDO,58046,,NIFTY,,2026-03-17,2026-03-17,26750.0,PE,NIFTY2631726750PE,0.0,0.0,0.0,855.6,0.0,855.6,25819.35,896.7,0,0,0,0.0,0,F1,65,,,,,
2026-02-18,2026-02-18,FO,NSE,IDO,58010,,NIFTY,,2026-03-17,2026-03-17,26500.0,PE,NIFTY2631726500PE,0.0,0.0,0.0,685.8,0.0,685.8,25819.35,697.75,0,0,0,0.0,0,F1,65,,,,,
2026-02-18,2026-02-18,FO,NSE,IDO,57902,,NIFTY,,2026-03-17,2026-03-17,25300.0,PE,NIFTY2631725300PE,128.0,146.55,107.95,109.45,109.9,135.9,25819.35,109.45,8710,6305,403,666080990.25,319,F1,65,,,,,
2026-02-18,2026-02-18,FO,NSE,IDO,57889,,NIFTY,,2026-03-17,2026-03-17,25100.0,PE,NIFTY2631725100PE,97.95,105.0,79.0,81.8,83.35,101.95,25819.35,81.8,2665,195,103,168655753.5,90,F1,65,,,,,
2026-02-18,2026-02-18,FO,NSE,IDO,57800,,NIFTY,,2026-03-17,2026-03-17,24100.0,PE,NIFTY2631724100PE,0.0,0.0,0.0,15.25,0.0,15.25,25819.35,3.3,0,0,0,0.0,0,F1,65,,,,,
2026-02-18,2026-02-18,FO,NSE,IDO,45647,,NIFTY,,2026-03-10,2026-03-10,26200.0,PE,NIFTY2631026200PE,478.45,535.0,413.15,416.25,419.0,491.95,25819.35,416.25,4940,-650,170,294476913.25,153,F1,65,,,,,
2026-02-18,2026-02-18,FO,NSE,IDO,45566,,NIFTY,,2026-03-10,2026-03-10,25450.0,PE,NIFTY2631025450PE,142.95,150.0,106.3,107.9,109.0,142.95,25819.35,107.9,4420,-455,134,222757889.25,106,F1,65,,,,,
2026-02-18,2026-02-18,FO,NSE,IDO,45558,,NIFTY,,2026-03-10,2026-03-10,25250.0,PE,NIFTY2631025250PE,94.1,105.95,75.3,76.75,77.15,101.45,25819.35,76.75,5980,3315,167,275000683.75,98,F1,65,,,,,
2026-02-18,2026-02-18,FO,NSE,IDO,45508,,NIFTY,,2026-03-10,2026-03-10,24500.0,PE,NIFTY2631024500PE,33.95,33.95,26.55,27.45,28.8,33.55,25819.35,27.45,95680,41405,2847,4539186687.75,1794,F1,65,,,,,
2026-02-18,2026-02-18,FO,NSE,IDO,55752,,NIFTY,,2026-03-02,2026-03-02,27500.0,PE,NIFTY2630227500PE,1720.65,1784.35,1618.65,1621.5,1618.65,1720.1,25819.35,1621.5,195,0,4,7588616.75,4,F1,65,,,,,
2026-02-18,2026-02-18,FO,NSE,IDO,54993,,NIFTY,,2026-03-02,2026-03-02,26050.0,PE,NIFTY2630226050PE,349.0,408.0,284.45,292.6,295.6,365.35,25819.35,292.6,23335,15210,886,1519736240.75,724,F1,65,,,,,
2026-02-18,2026-02-18,FO,NSE,IDO,54974,,NIFTY,,2026-03-02,2026-03-02,25750.0,PE,NIFTY2630225750PE,178.65,230.0,141.3,146.05,146.8,201.7,25819.35,146.05,341120,190905,34797,58649128973.5,22747,F1,65,,,,,
2026-02-18,2026-02-18,FO,NSE,IDO,54910,,NIFTY,,2026-03-02,2026-03-02,25350.0,PE,NIFTY2630225350PE,82.85,89.95,56.25,58.15,58.05,83.85,25819.35,58.15,108485,63830,8098,13380404836.5,5232,F1,65,,,,,
2026-02-18,2026-02-18,FO,NSE,IDO,54904,,NIFTY,,2026-03-02,2026-03-02,25200.0,PE,NIFTY2630225200PE,51.7,64.65,41.25,42.75,42.75,61.55,25819.35,42.75,408005,45630,21054,34553638934.75,13842,F1,65,,,,,
2026-02-18,2026-02-18,FO,NSE,IDO,54892,,NIFTY,,2026-03-02,2026-03-02,25100.0,PE,NIFTY2630225100PE,51.9,51.9,34.55,35.65,36.8,49.95,25819.35,35.65,213720,78000,11415,18653470322.5,8207,F1,65,,,,,
2026-02-18,2026-02-18,FO,NSE,IDO,54877,,NIFTY,,2026-03-02,2026-03-02,24750.0,PE,NIFTY2630224750PE,23.15,25.9,19.95,21.05,20.85,26.5,25819.35,21.05,36920,4290,1795,2890276616.5,1459,F1,65,,,,,
2026-02-18,2026-02-18,FO,NSE,IDO,54804,,NIFTY,,2026-03-02,2026-03-02,24200.0,PE,NIFTY2630224200PE,11.9,13.25,10.55,12.0,11.15,13.0,25819.35,12.0,55575,8320,1735,2730479245.0,1240,F1,65,,,,,
2026-02-18,2026-02-18,FO,NSE,IDO,54757,,NIFTY,,2026-03-02,2026-03-02,23200.0,PE,NIFTY2630223200PE,6.5,7.3,4.9,5.95,5.8,6.35,25819.35,5.95,32175,20540,1001,1509882595.0,628,F1,65,,,,,
2026-02-18,2026-02-18,FO,NSE,IDO,65118,,NIFTY,,2026-02-24,2026-02-24,27950.0,PE,NIFTY26FEB27950PE,2240.0,2240.0,2240.0,2240.0,2240.0,2214.1,25819.35,2105.4,1820,0,2,3924700.0,1,F1,65,,,,,
2026-02-18,2026-02-18,FO,NSE,IDO,65106,,NIFTY,,2026-02-24,2026-02-24,27650.0,PE,NIFTY26FEB27650PE,0.0,0.0,0.0,1900.5,1900.0,1900.5,25819.35,1805.65,390,0,0,0.0,0,F1,65,,,,,
2026-02-18,2026-02-18,FO,NSE,IDO,65074,,NIFTY,,2026-02-24,2026-02-24,26950.0,PE,NIFTY26FEB26950PE,1234.3,1234.3,1194.8,1194.8,1194.8,1204.0,25819.35,1106.65,3575,130,7,12808874.0,6,F1,65,,,,,
2026-02-18,2026-02-18,FO,NSE,IDO,64875,,NIFTY,,2026-02-24,2026-02-24,26050.0,PE,NIFTY26FEB26050PE,328.65,416.75,254.6,265.55,267.5,348.65,25819.35,265.55,128830,43030,13277,22761330949.5,9754,F1,65,,,,,
2026-02-18,2026-02-18,FO,NSE,IDO,64844,,NIFTY,,2026-02-24,2026-02-24,25350.0,PE,NIFTY26FEB25350PE,39.85,48.45,24.75,25.95,26.45,44.9,25819.35,25.95,2343900,1237340,469866,775256419713.75,196959,F1,65,,,,,
2026-02-18,2026-02-18,FO,NSE,IDO,64842,,NIFTY,,2026-02-24,2026-02-24,25300.0,PE,NIFTY26FEB25300PE,31.05,40.65,22.05,23.15,23.6,38.55,25819.35,23.15,4004585,1528215,585645,964196202836.75,216854,F1,65,,,,,
2026-02-18,2026-02-18,FO,NSE,IDO,64389,,NIFTY,,2026-02-24,2026-02-24,23600.0,PE,NIFTY26FEB23600PE,3.8,4.5,2.65,3.95,4.1,3.6,25819.35,3.95,866320,471120,87419,134122647070.75,17734,F1,65,,,,,
2026-02-18,2026-02-18,FO,NSE,IDO,64377,,NIFTY,,2026-02-24,2026-02-24,23500.0,PE,NIFTY26FEB23500PE,3.2,4.05,2.7,3.65,3.9,3.4,25819.35,3.65,4381715,729300,200201,305852017497.0,33524,F1,65,,,,,
2026-02-18,2026-02-18,FO,NSE,IDO,64375,,NIFTY,,2026-02-24,2026-02-24,23450.0,PE,NIFTY26FEB23450PE,3.2,4.0,2.6,3.65,3.8,3.4,25819.35,3.65,109915,64350,24771,37762644942.75,6349,F1,65,,,,,
2026-02-18,2026-02-18,FO,NSE,IDO,64365,,NIFTY,,2026-02-24,2026-02-24,23250.0,PE,NIFTY26FEB23250PE,3.1,3.65,2.1,3.25,3.55,3.05,25819.35,3.25,90675,48100,15342,23188700889.25,4819,F1,65,,,,,
2026-02-18,2026-02-18,FO,NSE,IDO,55762,,NIFTY,,2030-12-31,2030-12-31,30000.0,CE,NIFTY30DEC30000CE,0.0,0.0,0.0,5227.2,0.0,5227.2,25819.35,4226.05,0,0,0,0.0,0,F1,65,,,,,
2026-02-18,2026-02-18,FO,NSE,IDO,55702,,NIFTY,,2030-12-31,2030-12-31,21000.0,CE,NIFTY30DEC21000CE,0.0,0.0,0.0,10552.5,0.0,10552.5,25819.35,9826.35,0,0,0,0.0,0,F1,65,,,,,
2026-02-18,2026-02-18,FO,NSE,IDO,55652,,NIFTY,,2030-06-25,2030-06-25,34500.0,CE,NIFTY30JUN34500CE,0.0,0.0,0.0,2879.05,0.0,2879.05,25819.35,1995.85,0,0,0,0.0,0,F1,65,,,,,
2026-02-18,2026-02-18,FO,NSE,IDO,55650,,NIFTY,,2030-06-25,2030-06-25,31500.0,CE,NIFTY30JUN31500CE,0.0,0.0,0.0,3984.8,0.0,3984.8,25819.35,3039.35,0,0,0,0.0,0,F1,65,,,,,
2026-02-18,2026-02-18,FO,NSE,IDO,55648,,NIFTY,,2030-06-25,2030-06-25,28500.0,CE,NIFTY30JUN28500CE,0.0,0.0,0.0,5382.85,0.0,5382.85,25819.35,4440.7,0,0,0,0.0,0,F1,65,,,,,
2026-02-18,2026-02-18,FO,NSE,IDO,62919,,NIFTY,,2026-03-30,2026-03-30,21000.0,PE,NIFTY26MAR21000PE,10.15,10.45,9.0,9.75,10.1,10.15,25819.35,9.75,934025,38480,3379,4614500666.75,1430,F1,65,,,,,
2026-02-18,2026-02-18,FO,NSE,IDO,62921,,NIFTY,,2026-03-30,2026-03-30,22000.0,PE,NIFTY26MAR22000PE,14.8,15.25,12.35,13.45,13.3,14.25,25819.35,13.45,1186085,48490,4666,6676484204.0,1854,F1,65,,,,,
2026-02-18,2026-02-18,FO,NSE,IDO,62923,,NIFTY,,2026-03-30,2026-03-30,23000.0,PE,NIFTY26MAR23000PE,25.85,25.9,20.85,21.4,21.05,24.4,25819.35,21.4,2018590,18210,6249,9351297959.25,3431,F1,65,,,,,
2026-02-18,2026-02-18,FO,NSE,IDO,54511,,NIFTY,,2026-03-30,2026-03-30,23300.0,PE,NIFTY26MAR23300PE,28.0,29.85,25.75,27.05,29.4,30.05,25819.35,27.05,91715,9880,492,746007541.5,279,F1,65,,,,,
2026-02-18,2026-02-18,FO,NSE,IDO,54513,,NIFTY,,2026-03-30,2026-03-30,23350.0,PE,NIFTY26MAR23350PE,30.1,30.1,28.3,29.0,29.0,30.55,25819.35,1.0,13585,0,11,16716553.75,4,F1,65,,,,,
2026-02-18,2026-02-18,FO,NSE,IDO,55600,,NIFTY,,2029-12-24,2029-12-24,19500.0,CE,NIFTY29DEC19500CE,0.0,0.0,0.0,10678.8,0.0,10678.8,25819.35,10069.2,0,0,0,0.0,0,F1,65,,,,,
2026-02-18,2026-02-18,FO,NSE,IDO,89612,,NIFTY,,2029-06-26,2029-06-26,18000.0,CE,NIFTY29JUN18000CE,0.0,0.0,0.0,11678.65,0.0,11678.65,25819.35,10859.4,0,0,0,0.0,0,F1,65,,,,,
2026-02-18,2026-02-18,FO,NSE,IDO,47198,,NIFTY,,2028-12-26,2028-12-26,33000.0,CE,NIFTY28DEC33000CE,0.0,0.0,0.0,2477.5,0.0,2477.5,25819.35,1171.35,0,0,0,0.0,0,F1,65,,,,,
2026-02-18,2026-02-18,FO,NSE,IDO,47194,,NIFTY,,2027-12-28,2027-12-28,33000.0,CE,NIFTY27DEC33000CE,0.0,0.0,0.0,700.0,700.0,700.0,25819.35,462.75,0,0,0,0.0,0,F1,65,,,,,
2026-02-18,2026-02-18,FO,NSE,IDO,53603,,NIFTY,,2027-12-28,2027-12-28,18000.0,CE,NIFTY27DEC18000CE,0.0,0.0,0.0,6285.7,0.0,6285.7,25819.35,9569.55,0,0,0,0.0,0,F1,65,,,,,
2026-02-18,2026-02-18,FO,NSE,IDO,50547,,NIFTY,,2026-12-29,2026-12-29,28000.0,CE,NIFTY26DEC28000CE,759.55,813.7,744.95,804.9,805.0,763.0,25819.35,804.9,808660,-620,598,1118570466.0,520,F1,65,,,,,
2026-02-18,2026-02-18,FO,NSE,IDO,71505,,NIFTY,,2026-12-29,2026-12-29,26000.0,CE,NIFTY26DEC26000CE,1850.0,1920.25,1816.0,1907.95,1901.0,1850.2,25819.35,1907.95,360485,-260,224,405691455.0,194,F1,65,,,,,
2026-02-18,2026-02-18,FO,NSE,IDO,71501,,NIFTY,,2026-12-29,2026-12-29,24000.0,CE,NIFTY26DEC24000CE,3319.9,3410.0,3315.0,3373.1,3373.1,3305.1,25819.35,3114.7,47670,-390,9,15994338.75,8,F1,65,,,,,
2026-02-18,2026-02-18,FO,NSE,IDO,58648,,NIFTY,,2026-12-29,2026-12-29,22000.0,CE,NIFTY26DEC22000CE,0.0,0.0,0.0,4985.5,4996.15,4985.5,25819.35,4865.65,8135,0,0,0.0,0,F1,65,,,,,
2026-02-18,2026-02-18,FO,NSE,IDO,65904,,NIFTY,,2026-09-29,2026-09-29,26000.0,CE,NIFTY26SEP26000CE,1374.0,1445.05,1333.0,1431.8,1421.65,1373.65,25819.35,1431.8,161425,1235,97,172709569.5,75,F1,65,,,,,
2026-02-18,2026-02-18,FO,NSE,IDO,72764,,NIFTY,,2026-04-28,2026-04-28,27650.0,CE,NIFTY26APR27650CE,0.0,0.0,0.0,113.2,0.0,113.2,25819.35,89.6,0,0,0,0.0,0,F1,65,,,,,
2026-02-18,2026-02-18,FO,NSE,IDO,72439,,NIFTY,,2026-04-28,2026-04-28,25950.0,CE,NIFTY26APR25950CE,533.35,533.35,511.2,522.3,522.3,547.0,25819.35,602.15,3185,-520,11,18925546.25,6,F1,65,,,,,
2026-02-18,2026-02-18,FO,NSE,IDO,72365,,NIFTY,,2026-04-28,2026-04-28,25250.0,CE,NIFTY26APR25250CE,1057.6,1066.85,1057.6,1066.85,1066.85,1015.1,25819.35,1040.05,455,65,2,3420589.25,2,F1,65,,,,,
2026-02-18,2026-02-18,FO,NSE,IDO,72346,,NIFTY,,2026-04-28,2026-04-28,24950.0,CE,NIFTY26APR24950CE,1318.85,1318.85,1309.95,1314.4,1309.95,1237.25,25819.35,1314.4,195,0,2,3414372.0,2,F1,65,,,,,
2026-02-18,2026-02-18,FO,NSE,IDO,72246,,NIFTY,,2026-04-28,2026-04-28,23600.0,CE,NIFTY26APR23600CE,0.0,0.0,0.0,2420.65,2420.65,2420.65,25819.35,2476.0,65,0,0,0.0,0,F1,65,,,,,
2026-02-18,2026-02-18,FO,NSE,IDO,72244,,NIFTY,,2026-04-28,2026-04-28,23550.0,CE,NIFTY26APR23550CE,0.0,0.0,0.0,2319.9,2312.8,2319.9,25819.35,2524.2,0,0,0,0.0,0,F1,65,,,,,
2026-02-18,2026-02-18,FO,NSE,IDO,72228,,NIFTY,,2026-04-28,2026-04-28,23500.0,CE,NIFTY26APR23500CE,2570.0,2630.35,2570.0,2630.35,2630.35,2574.7,25819.35,2630.35,6695,65,2,3393022.75,2,F1,65,,,,,
2026-02-18,2026-02-18,FO,NSE,IDO,62935,,NIFTY,,2026-03-30,2026-03-30,29000.0,CE,NIFTY26MAR29000CE,4.45,5.35,4.15,4.35,4.2,5.2,25819.35,4.35,747380,17075,2002,3774386905.25,1003,F1,65,,,,,
2026-02-18,2026-02-18,FO,NSE,IDO,54515,,NIFTY,,2026-03-30,2026-03-30,23400.0,PE,NIFTY26MAR23400PE,30.0,36.9,27.45,29.0,36.9,32.25,25819.35,29.0,238810,-910,697,1061476919.75,575,F1,65,,,,,
2026-02-18,2026-02-18,FO,NSE,IDO,54523,,NIFTY,,2026-03-30,2026-03-30,23600.0,PE,NIFTY26MAR23600PE,35.15,35.65,28.65,32.05,32.0,36.95,25819.35,32.05,316550,2535,1396,2144518363.0,894,F1,65,,,,,
2026-02-18,2026-02-18,FO,NSE,IDO,54555,,NIFTY,,2026-03-30,2026-03-30,24450.0,PE,NIFTY26MAR24450PE,67.4,69.95,55.4,56.6,56.55,70.5,25819.35,56.6,16770,1170,102,162522763.0,87,F1,65,,,,,
2026-02-18,2026-02-18,FO,NSE,IDO,54611,,NIFTY,,2026-03-30,2026-03-30,25650.0,PE,NIFTY26MAR25650PE,253.5,298.35,226.7,230.1,232.45,274.2,25819.35,230.1,52975,21970,1249,2103167586.0,975,F1,65,,,,,
2026-02-18,2026-02-18,FO,NSE,IDO,54639,,NIFTY,,2026-03-30,2026-03-30,26100.0,PE,NIFTY26MAR26100PE,455.05,507.5,399.55,403.4,408.6,472.15,25819.35,403.4,171860,17810,1849,3189377233.25,1384,F1,65,,,,,
2026-02-18,2026-02-18,FO,NSE,IDO,54753,,NIFTY,,2026-03-30,2026-03-30,27600.0,PE,NIFTY26MAR27600PE,1600.5,1611.65,1600.5,1606.1,1611.65,1712.95,25819.35,1606.1,2275,0,2,3796789.75,2,F1,65,,,,,
2026-02-18,2026-02-18,FO,NSE,IDO,72221,,NIFTY,,2026-04-28,2026-04-28,23300.0,PE,NIFTY26APR23300PE,44.35,45.2,42.05,42.95,42.55,47.85,25819.35,42.95,14170,1365,125,189668719.5,76,F1,65,,,,,
2026-02-18,2026-02-18,FO,NSE,IDO,72225,,NIFTY,,2026-04-28,2026-04-28,23400.0,PE,NIFTY26APR23400PE,49.3,50.1,46.8,50.1,50.1,52.5,25819.35,8.0,5590,-520,34,51820876.25,12,F1,65,,,,,
2026-02-18,2026-02-18,FO,NSE,IDO,72258,,NIFTY,,2026-04-28,2026-04-28,23850.0,PE,NIFTY26APR23850PE,60.75,60.75,58.65,60.4,58.65,68.2,25819.35,60.4,2340,260,6,9325056.0,2,F1,65,,,,,
2026-02-18,2026-02-18,FO,NSE,IDO,72366,,NIFTY,,2026-04-28,2026-04-28,25250.0,PE,NIFTY26APR25250PE,212.0,213.0,204.95,204.95,204.95,235.95,25819.35,209.55,9230,-130,7,11584397.5,4,F1,65,,,,,
2026-02-18,2026-02-18,FO,NSE,IDO,72408,,NIFTY,,2026-04-28,2026-04-28,25500.0,PE,NIFTY26APR25500PE,283.05,308.85,252.75,255.8,255.8,293.2,25819.35,255.8,388180,2080,2136,3578567294.25,1665,F1,65,,,,,
2026-02-18,2026-02-18,FO,NSE,IDO,72761,,NIFTY,,2026-04-28,2026-04-28,27550.0,PE,NIFTY26APR27550PE,1440.6,1440.6,1429.3,1436.3,1438.9,1512.25,25819.35,1436.3,130,65,3,5652322.0,3,F1,65,,,,,
2026-02-18,2026-02-18,FO,NSE,IDO,50444,,NIFTY,,2026-06-30,2026-06-30,14000.0,PE,NIFTY26JUN14000PE,0.0,0.0,0.0,18.4,18.4,18.4,25819.35,0.05,1075,0,0,0.0,0,F1,65,,,,,
2026-02-18,2026-02-18,FO,NSE,IDO,54824,,NIFTY,,2026-03-30,2026-03-30,27700.0,CE,NIFTY26MAR27700CE,12.35,13.3,10.8,11.6,12.0,12.4,25819.35,11.6,158535,-3705,624,1123991267.75,265,F1,65,,,,,
2026-02-18,2026-02-18,FO,NSE,IDO,54748,,NIFTY,,2026-03-30,2026-03-30,27500.0,CE,NIFTY26MAR27500CE,17.95,17.95,13.3,15.5,15.3,16.7,25819.35,15.5,972465,115570,6440,11517788256.0,3648,F1,65,,,,,
2026-02-18,2026-02-18,FO,NSE,IDO,54667,,NIFTY,,2026-03-30,2026-03-30,26400.0,CE,NIFTY26MAR26400CE,158.8,174.4,131.85,169.15,170.6,156.5,25819.35,169.15,443105,37960,7008,12094245445.75,5034,F1,65,,,,,
2026-02-18,2026-02-18,FO,NSE,IDO,54640,,NIFTY,,2026-03-30,2026-03-30,26150.0,CE,NIFTY26MAR26150CE,247.9,276.6,216.6,272.3,269.0,250.15,25819.35,272.3,19955,1495,263,451213350.25,220,F1,65,,,,,
2026-02-18,2026-02-18,FO,NSE,IDO,54588,,NIFTY,,2026-03-30,2026-03-30,25350.0,CE,NIFTY26MAR25350CE,680.0,793.1,680.0,793.1,793.1,738.95,25819.35,793.1,11180,-520,15,25421721.0,12,F1,65,,,,,
2026-02-18,2026-02-18,FO,NSE,IDO,54520,,NIFTY,,2026-03-30,2026-03-30,23550.0,CE,NIFTY26MAR23550CE,0.0,0.0,0.0,1776.15,1776.15,1776.15,25819.35,2412.85,195,0,0,0.0,0,F1,65,,,,,
2026-02-18,2026-02-18,FO,NSE,IDO,54508,,NIFTY,,2026-03-30,2026-03-30,23250.0,CE,NIFTY26MAR23250CE,0.0,0.0,0.0,2084.45,2084.45,2084.45,25819.35,2709.75,65,0,0,0.0,0,F1,65,,,,,
2026-02-18,2026-02-18,FO,NSE,IDO,62958,,NIFTY,,2026-03-24,2026-03-24,27300.0,CE,NIFTY2632427300CE,0.0,0.0,0.0,64.25,0.0,64.25,25819.35,35.45,0,0,0,0.0,0,F1,65,,,,,
2026-02-18,2026-02-18,FO,NSE,IDO,62884,,NIFTY,,2026-03-24,2026-03-24,27050.0,CE,NIFTY2632427050CE,0.0,0.0,0.0,96.7,0.0,96.7,25819.35,60.15,0,0,0,0.0,0,F1,65,,,,,
2026-02-18,2026-02-18,FO,NSE,IDO,62875,,NIFTY,,2026-03-24,2026-03-24,26900.0,CE,NIFTY2632426900CE,0.0,0.0,0.0,121.9,0.0,121.9,25819.35,80.95,0,0,0,0.0,0,F1,65,,,,,
2026-02-18,2026-02-18,FO,NSE,IDO,62862,,NIFTY,,2026-03-24,2026-03-24,26600.0,CE,NIFTY2632426600CE,0.0,0.0,0.0,187.9,0.0,187.9,25819.35,139.95,0,0,0,0.0,0,F1,65,,,,,
2026-02-18,2026-02-18,FO,NSE,IDO,62850,,NIFTY,,2026-03-24,2026-03-24,26350.0,CE,NIFTY2632426350CE,0.0,0.0,0.0,261.85,0.0,261.85,25819.35,210.9,0,0,0,0.0,0,F1,65,,,,,
2026-02-18,2026-02-18,FO,NSE,IDO,62826,,NIFTY,,2026-03-24,2026-03-24,26100.0,CE,NIFTY2632426100CE,210.0,257.5,210.0,250.8,246.3,355.3,25819.35,250.8,325,325,12,20541082.25,9,F1,65,,,,,
2026-02-18,2026-02-18,FO,NSE,IDO,62810,,NIFTY,,2026-03-24,2026-03-24,25950.0,CE,NIFTY2632425950CE,0.0,0.0,0.0,421.45,0.0,421.45,25819.35,374.35,0,0,0,0.0,0,F1,65,,,,,
2026-02-18,2026-02-18,FO,NSE,IDO,62773,,NIFTY,,2026-03-24,2026-03-24,25600.0,CE,NIFTY2632425600CE,485.0,485.0,485.0,485.0,485.0,606.2,25819.35,571.95,65,65,1,1695525.0,1,F1,65,,,,,
2026-02-18,2026-02-18,FO,NSE,IDO,62718,,NIFTY,,2026-03-24,2026-03-24,25200.0,CE,NIFTY2632425200CE,0.0,0.0,0.0,868.1,0.0,868.1,25819.35,856.8,0,0,0,0.0,0,F1,65,,,,,
2026-02-18,2026-02-18,FO,NSE,IDO,62684,,NIFTY,,2026-03-24,2026-03-24,24700.0,CE,NIFTY2632424700CE,0.0,0.0,0.0,1261.55,0.0,1261.55,25819.35,1281.8,0,0,0,0.0,0,F1,65,,,,,
2026-02-18,2026-02-18,FO,NSE,IDO,58007,,NIFTY,,2026-03-17,2026-03-17,26450.0,CE,NIFTY2631726450CE,0.0,0.0,0.0,94.55,94.55,94.55,25819.35,137.3,65,0,0,0.0,0,F1,65,,,,,
2026-02-18,2026-02-18,FO,NSE,IDO,50557,,NIFTY,,2026-06-30,2026-06-30,18000.0,PE,NIFTY26JUN18000PE,0.0,0.0,0.0,14.0,14.0,14.0,25819.35,0.05,130,0,0,0.0,0,F1,65,,,,,
2026-02-18,2026-02-18,FO,NSE,IDO,55189,,NIFTY,,2026-06-30,2026-06-30,25500.0,PE,NIFTY26JUN25500PE,394.0,412.35,354.65,359.2,358.5,399.05,25819.35,359.2,453180,35490,2240,3768228805.25,1709,F1,65,,,,,
2026-02-18,2026-02-18,FO,NSE,IDO,65888,,NIFTY,,2026-09-29,2026-09-29,18000.0,PE,NIFTY26SEP18000PE,0.0,0.0,0.0,7.25,0.0,7.25,25819.35,0.05,0,0,0,0.0,0,F1,65,,,,,
2026-02-18,2026-02-18,FO,NSE,IDO,58635,,NIFTY,,2026-12-29,2026-12-29,15000.0,PE,NIFTY26DEC15000PE,20.05,20.05,20.05,20.05,20.05,27.95,25819.35,0.05,3125,-130,2,1952606.5,1,F1,65,,,,,
2026-02-18,2026-02-18,FO,NSE,IDO,37810,,NIFTY,,2026-12-29,2026-12-29,23000.0,PE,NIFTY26DEC23000PE,219.85,220.05,209.0,214.55,215.85,219.9,25819.35,214.55,377160,4420,1335,2014530605.75,536,F1,65,,,,,
2026-02-18,2026-02-18,FO,NSE,IDO,71502,,NIFTY,,2026-12-29,2026-12-29,24000.0,PE,NIFTY26DEC24000PE,312.0,321.0,295.1,305.5,306.0,316.75,25819.35,305.5,450145,3770,533,842153195.0,260,F1,65,,,,,
2026-02-18,2026-02-18,FO,NSE,IDO,35263,,NIFTY,,2027-06-29,2027-06-29,30000.0,PE,NIFTY27JUN30000PE,0.0,0.0,0.0,4562.55,0.0,4562.55,25819.35,2704.35,0,0,0,0.0,0,F1,65,,,,,
2026-02-18,2026-02-18,FO,NSE,IDO,86146,,NIFTY,,2028-06-27,2028-06-27,21000.0,PE,NIFTY28JUN21000PE,0.0,0.0,0.0,907.2,0.0,907.2,25819.35,50.65,0,0,0,0.0,0,F1,65,,,,,
2026-02-18,2026-02-18,FO,NSE,IDO,55771,,NIFTY,,2030-12-31,2030-12-31,34500.0,PE,NIFTY30DEC34500PE,0.0,0.0,0.0,2953.45,0.0,2953.45,25819.35,3019.4,0,0,0,0.0,0,F1,65,,,,,
2026-02-18,2026-02-18,FO,NSE,IDO,57880,,NIFTY,,2026-03-17,2026-03-17,24900.0,CE,NIFTY2631724900CE,0.0,0.0,0.0,1270.8,0.0,1270.8,25819.35,1061.95,0,0,0,0.0,0,F1,65,,,,,
2026-02-18,2026-02-18,FO,NSE,IDO,57832,,NIFTY,,2026-03-17,2026-03-17,24400.0,CE,NIFTY2631724400CE,0.0,0.0,0.0,1716.5,0.0,1716.5,25819.35,1527.95,0,0,0,0.0,0,F1,65,,,,,
2026-02-18,2026-02-18,FO,NSE,IDO,45743,,NIFTY,,2026-03-10,2026-03-10,27550.0,CE,NIFTY2631027550CE,0.0,0.0,0.0,42.5,0.0,42.5,25819.35,3.35,0,0,0,0.0,0,F1,65,,,,,
2026-02-18,2026-02-18,FO,NSE,IDO,45739,,NIFTY,,2026-03-10,2026-03-10,27450.0,CE,NIFTY2631027450CE,5.8,6.0,5.8,5.9,6.0,5.85,25819.35,5.9,3185,130,2,3569267.0,2,F1,65,,,,,
2026-02-18,2026-02-18,FO,NSE,IDO,45737,,NIFTY,,2026-03-10,2026-03-10,27400.0,CE,NIFTY2631027400CE,6.55,6.55,5.15,5.6,5.65,6.25,25819.35,5.6,8970,-130,50,89068879.25,33,F1,65,,,,,
2026-02-18,2026-02-18,FO,NSE,IDO,45683,,NIFTY,,2026-03-10,2026-03-10,26700.0,CE,NIFTY2631026700CE,39.3,39.3,20.3,26.65,25.5,165.4,25819.35,26.65,41665,41665,1601,2780922943.5,537,F1,65,,,,,
2026-02-18,2026-02-18,FO,NSE,IDO,45585,,NIFTY,,2026-03-10,2026-03-10,25700.0,CE,NIFTY2631025700CE,333.0,380.1,283.75,370.05,368.2,332.55,25819.35,370.05,39195,2795,3108,5257172069.5,2255,F1,65,,,,,
2026-02-18,2026-02-18,FO,NSE,IDO,45563,,NIFTY,,2026-03-10,2026-03-10,25400.0,CE,NIFTY2631025400CE,535.35,603.0,483.05,592.65,591.25,545.3,25819.35,592.65,6175,-1365,234,394611002.5,179,F1,65,,,,,
2026-02-18,2026-02-18,FO,NSE,IDO,45561,,NIFTY,,2026-03-10,2026-03-10,25350.0,CE,NIFTY2631025350CE,583.9,635.0,524.0,635.0,635.0,578.2,25819.35,635.9,520,260,24,40427335.0,24,F1,65,,,,,
2026-02-18,2026-02-18,FO,NSE,IDO,45557,,NIFTY,,2026-03-10,2026-03-10,25250.0,CE,NIFTY2631025250CE,653.05,698.2,653.05,698.2,698.2,661.45,25819.35,715.15,325,0,2,3370331.25,2,F1,65,,,,,
2026-02-18,2026-02-18,FO,NSE,IDO,55809,,NIFTY,,2026-03-02,2026-03-02,27600.0,CE,NIFTY2630227600CE,2.55,2.9,2.1,2.2,2.15,2.6,25819.35,2.2,47060,30615,1101,1975380104.75,465,F1,65,,,,,
2026-02-18,2026-02-18,FO,NSE,IDO,55735,,NIFTY,,2026-03-02,2026-03-02,27300.0,CE,NIFTY2630227300CE,4.0,4.75,2.2,3.15,3.05,3.5,25819.35,3.15,217425,14690,3561,6319796457.0,2356,F1,65,,,,,
2026-02-18,2026-02-18,FO,NSE,IDO,55733,,NIFTY,,2026-03-02,2026-03-02,27250.0,CE,NIFTY2630227250CE,4.65,4.95,3.25,3.8,3.35,3.5,25819.35,3.8,10855,4680,533,944217248.0,387,F1,65,,,,,
2026-02-18,2026-02-18,FO,NSE,IDO,55721,,NIFTY,,2026-03-02,2026-03-02,26950.0,CE,NIFTY2630226950CE,6.7,7.35,5.65,6.1,6.5,6.85,25819.35,6.1,28665,12870,615,1077579922.25,413,F1,65,,,,,
2026-02-18,2026-02-18,FO,NSE,IDO,54985,,NIFTY,,2026-03-02,2026-03-02,26050.0,CE,NIFTY2630226050CE,99.65,116.0,71.75,109.1,108.55,98.6,25819.35,109.1,109915,57655,16321,27730077401.0,11761,F1,65,,,,,
2026-02-18,2026-02-18,FO,NSE,IDO,54983,,NIFTY,,2026-03-02,2026-03-02,26000.0,CE,NIFTY2630226000CE,120.05,136.2,85.2,128.95,127.45,115.8,25819.35,128.95,1032135,412035,91168,154698876143.5,49620,F1,65,,,,,
2026-02-18,2026-02-18,FO,NSE,IDO,54884,,NIFTY,,2026-03-02,2026-03-02,24950.0,CE,NIFTY2630224950CE,855.95,942.05,787.3,918.6,918.6,882.35,25819.35,925.05,2665,-195,20,33540490.75,20,F1,65,,,,,
2026-02-18,2026-02-18,FO,NSE,IDO,54878,,NIFTY,,2026-03-02,2026-03-02,24800.0,CE,NIFTY2630224800CE,985.1,1072.15,936.0,1072.15,1072.15,983.2,25819.35,1069.35,3965,-65,17,28510137.5,12,F1,65,,,,,
2026-02-18,2026-02-18,FO,NSE,IDO,54873,,NIFTY,,2026-03-02,2026-03-02,24700.0,CE,NIFTY2630224700CE,1088.0,1170.0,1088.0,1160.0,1160.0,1095.0,25819.35,1167.1,1755,195,3,5038670.0,3,F1,65,,,,,
2026-02-18,2026-02-18,FO,NSE,IDO,54795,,NIFTY,,2026-03-02,2026-03-02,24000.0,CE,NIFTY2630224000CE,1800.0,1874.0,1780.95,1874.0,1874.0,1770.3,25819.35,1874.0,2535,195,6,10071230.0,6,F1,65,,,,,
2026-02-18,2026-02-18,FO,NSE,IDO,65103,,NIFTY,,2026-02-24,2026-02-24,27600.0,CE,NIFTY26FEB27600CE,1.3,1.45,1.1,1.2,1.15,1.3,25819.35,1.2,537355,59215,34887,62590220865.25,6125,F1,65,,,,,
2026-02-18,2026-02-18,FO,NSE,IDO,65091,,NIFTY,,2026-02-24,2026-02-24,27350.0,CE,NIFTY26FEB27350CE,1.4,1.65,1.2,1.3,1.35,1.35,25819.35,1.3,205140,79755,36472,64841526460.75,9173,F1,65,,,,,
2026-02-18,2026-02-18,FO,NSE,IDO,64967,,NIFTY,,2026-02-24,2026-02-24,26700.0,CE,NIFTY26FEB26700CE,4.0,4.45,2.85,3.25,3.25,3.6,25819.35,3.25,3667560,1700855,469841,815519945691.75,95252,F1,65,,,,,
2026-02-18,2026-02-18,FO,NSE,IDO,64926,,NIFTY,,2026-02-24,2026-02-24,26350.0,CE,NIFTY26FEB26350CE,10.35,11.85,7.25,10.45,10.35,10.35,25819.35,10.45,1315600,780780,235878,404144873405.0,83849,F1,65,,,,,
2026-02-18,2026-02-18,FO,NSE,IDO,64880,,NIFTY,,2026-02-24,2026-02-24,26200.0,CE,NIFTY26FEB26200CE,20.95,24.55,13.05,21.4,20.5,20.25,25819.35,21.4,4533035,-227695,702648,1197417770003.0,228156,F1,65,,,,,
2026-02-18,2026-02-18,FO,NSE,IDO,64837,,NIFTY,,2026-02-24,2026-02-24,25200.0,CE,NIFTY26FEB25200CE,583.3,665.0,490.0,648.1,646.0,571.85,25819.35,648.1,821405,-44720,13557,22694887556.25,8656,F1,65,,,,,
2026-02-18,2026-02-18,FO,NSE,IDO,64833,,NIFTY,,2026-02-24,2026-02-24,25100.0,CE,NIFTY26FEB25100CE,660.05,759.8,585.0,744.95,741.9,663.65,25819.35,744.95,338260,-6825,1981,3316444969.5,1286,F1,65,,,,,
2026-02-18,2026-02-18,FO,NSE,IDO,64816,,NIFTY,,2026-02-24,2026-02-24,24700.0,CE,NIFTY26FEB24700CE,1047.25,1156.25,975.0,1142.9,1137.8,1052.55,25819.35,1142.9,47580,1235,237,396749726.75,168,F1,65,,,,,
2026-02-18,2026-02-18,FO,NSE,IDO,64384,,NIFTY,,2026-02-24,2026-02-24,23550.0,CE,NIFTY26FEB23550CE,0.0,0.0,0.0,2191.9,2187.95,2191.9,25819.35,2290.65,195,0,0,0.0,0,F1,65,,,,,
2026-02-18,2026-02-18,FO,NSE,IDO,64364,,NIFTY,,2026-02-24,2026-02-24,23250.0,CE,NIFTY26FEB23250CE,0.0,0.0,0.0,2480.9,2480.9,2480.9,25819.35,2590.35,130,0,0,0.0,0,F1,65,,,,,
2026-02-18,2026-02-18,FO,NSE,IDO,64360,,NIFTY,,2026-02-24,2026-02-24,23150.0,CE,NIFTY26FEB23150CE,0.0,0.0,0.0,2583.4,2583.4,2583.4,25819.35,2690.25,2925,0,0,0.0,0,F1,65,,,,,
2026-02-18,2026-02-18,FO,NSE,IDF,59182,,NIFTY,,2026-02-24,2026-02-24,,,NIFTY26FEBFUT,25752.0,25844.8,25660.0,25827.8,25827.0,25739.4,25819.35,25827.8,15080845,-361075,58126,97303865717.5,36929,F1,65,,,,,
2026-02-18,2026-02-18,FO,NSE,IDO,62983,,NIFTY,,2026-03-24,2026-03-24,27500.0,PE,NIFTY2632427500PE,0.0,0.0,0.0,1647.0,0.0,1647.0,25819.35,1562.6,0,0,0,0.0,0,F1,65,,,,,
2026-02-18,2026-02-18,FO,NSE,IDO,62934,,NIFTY,,2026-03-24,2026-03-24,27100.0,PE,NIFTY2632427100PE,0.0,0.0,0.0,1293.45,0.0,1293.45,25819.35,1196.45,0,0,0,0.0,0,F1,65,,,,,
2026-02-18,2026-02-18,FO,NSE,IDO,55568,,NIFTY,,2029-06-26,2029-06-26,34500.0,CE,NIFTY29JUN34500CE,0.0,0.0,0.0,1895.7,0.0,1895.7,25819.35,1195.75,0,0,0,0.0,0,F1,65,,,,,
2026-02-18,2026-02-18,FO,NSE,IDO,65098,,NIFTY,,2026-02-24,2026-02-24,27500.0,PE,NIFTY26FEB27500PE,1761.6,1830.0,1654.55,1671.65,1673.15,1750.8,25819.35,1671.65,434655,-6760,356,676799191.25,243,F1,65,,,,,
2026-02-18,2026-02-18,FO,NSE,IDO,64928,,NIFTY,,2026-02-24,2026-02-24,26350.0,PE,NIFTY26FEB26350PE,615.0,687.7,516.7,531.8,532.4,613.7,25819.35,531.8,30810,715,728,1275510486.25,589,F1,65,,,,,
2026-02-18,2026-02-18,FO,NSE,IDO,64811,,NIFTY,,2026-02-24,2026-02-24,24550.0,PE,NIFTY26FEB24550PE,8.8,9.5,5.7,8.35,8.65,8.8,25819.35,8.35,310830,169910,102973,164374223100.75,33673,F1,65,,,,,
2026-02-18,2026-02-18,FO,NSE,IDO,64803,,NIFTY,,2026-02-24,2026-02-24,24350.0,PE,NIFTY26FEB24350PE,7.5,8.05,5.25,7.0,7.4,7.25,25819.35,7.0,285805,145860,78517,124308511957.5,23007,F1,65,,,,,
2026-02-18,2026-02-18,FO,NSE,IDO,55602,,NIFTY,,2029-12-24,2029-12-24,22500.0,CE,NIFTY29DEC22500CE,0.0,0.0,0.0,8486.15,0.0,8486.15,25819.35,7760.1,0,0,0,0.0,0,F1,65,,,,,
2026-02-18,2026-02-18,FO,NSE,IDO,65116,,NIFTY,,2026-02-24,2026-02-24,27900.0,PE,NIFTY26FEB27900PE,2165.0,2186.75,2058.35,2059.65,2058.35,2164.05,25819.35,2059.65,14885,-195,8,15623569.0,8,F1,65,,,,,
2026-02-18,2026-02-18,FO,NSE,IDO,86163,,NIFTY,,2028-06-27,2028-06-27,27000.0,CE,NIFTY28JUN27000CE,0.0,0.0,0.0,2885.15,0.0,2885.15,25819.35,3040.4,0,0,0,0.0,0,F1,65,,,,,
2026-02-18,2026-02-18,FO,NSE,STO,145060,,NUVAMA,,2026-03-30,2026-03-30,1160.0,PE,NUVAMA26MAR1160PE,0.0,0.0,0.0,18.0,18.0,18.0,1317.2,14.65,500,0,0,0.0,0,F1,500,,,,,
2026-02-18,2026-02-18,FO,NSE,STO,146200,,NUVAMA,,2026-04-28,2026-04-28,1040.0,PE,NUVAMA26APR1040PE,0.0,0.0,0.0,28.65,0.0,28.65,1317.2,8.0,0,0,0,0.0,0,F1,500,,,,,
2026-02-18,2026-02-18,FO,NSE,STO,146204,,NUVAMA,,2026-04-28,2026-04-28,1120.0,PE,NUVAMA26APR1120PE,0.0,0.0,0.0,50.25,0.0,50.25,1317.2,19.25,0,0,0,0.0,0,F1,500,,,,,
2026-02-18,2026-02-18,FO,NSE,STO,146229,,NUVAMA,,2026-04-28,2026-04-28,1280.0,PE,NUVAMA26APR1280PE,0.0,0.0,0.0,118.7,0.0,118.7,1317.2,69.15,0,0,0,0.0,0,F1,500,,,,,
2026-02-18,2026-02-18,FO,NSE,STO,146258,,NUVAMA,,2026-04-28,2026-04-28,1520.0,PE,NUVAMA26APR1520PE,0.0,0.0,0.0,279.0,0.0,279.0,1317.2,220.55,0,0,0,0.0,0,F1,500,,,,,
2026-02-18,2026-02-18,FO,NSE,STO,144920,,NUVAMA,,2026-02-24,2026-02-24,1300.0,PE,NUVAMA26FEB1300PE,26.0,27.3,16.75,17.5,18.55,33.25,1317.2,17.5,291000,-3500,209,138121350.0,172,F1,500,,,,,
2026-02-18,2026-02-18,FO,NSE,STO,144912,,NUVAMA,,2026-02-24,2026-02-24,1140.0,PE,NUVAMA26FEB1140PE,0.0,0.0,0.0,4.5,4.5,4.5,1317.2,0.05,500,0,0,0.0,0,F1,500,,,,,
2026-02-18,2026-02-18,FO,NSE,STO,145081,,NUVAMA,,2026-03-30,2026-03-30,1600.0,CE,NUVAMA26MAR1600CE,0.0,0.0,0.0,91.5,0.0,91.5,1317.2,7.5,0,0,0,0.0,0,F1,500,,,,,
2026-02-18,2026-02-18,FO,NSE,STO,145069,,NUVAMA,,2026-03-30,2026-03-30,1360.0,CE,NUVAMA26MAR1360CE,47.55,47.55,41.25,41.25,41.25,75.3,1317.2,56.55,2000,0,3,2107275.0,3,F1,500,,,,,
2026-02-18,2026-02-18,FO,NSE,STO,144909,,NUVAMA,,2026-02-24,2026-02-24,1100.0,CE,NUVAMA26FEB1100CE,0.0,0.0,0.0,278.6,278.6,278.6,1317.2,218.2,0,0,0,0.0,0,F1,500,,,,,
2026-02-18,2026-02-18,FO,NSE,STO,146230,,NUVAMA,,2026-04-28,2026-04-28,1320.0,CE,NUVAMA26APR1320CE,0.0,0.0,0.0,106.45,0.0,106.45,1317.2,99.15,0,0,0,0.0,0,F1,500,,,,,
2026-02-18,2026-02-18,FO,NSE,STO,146256,,NUVAMA,,2026-04-28,2026-04-28,1480.0,PE,NUVAMA26APR1480PE,0.0,0.0,0.0,248.35,0.0,248.35,1317.2,189.85,0,0,0,0.0,0,F1,500,,,,,
2026-02-18,2026-02-18,FO,NSE,STO,146202,,NUVAMA,,2026-04-28,2026-04-28,1080.0,PE,NUVAMA26APR1080PE,0.0,0.0,0.0,38.5,0.0,38.5,1317.2,12.75,0,0,0,0.0,0,F1,500,,,,,
2026-02-18,2026-02-18,FO,NSE,STO,51463,,NUVAMA,,2026-02-24,2026-02-24,1000.0,PE,NUVAMA26FEB1000PE,0.15,0.25,0.1,0.1,0.1,1.3,1317.2,0.05,3000,-4500,14,7001200.0,11,F1,500,,,,,
2026-02-18,2026-02-18,FO,NSE,STO,146259,,NUVAMA,,2026-04-28,2026-04-28,1560.0,CE,NUVAMA26APR1560CE,0.0,0.0,0.0,39.9,0.0,39.9,1317.2,26.25,0,0,0,0.0,0,F1,500,,,,,
2026-02-18,2026-02-18,FO,NSE,STO,146257,,NUVAMA,,2026-04-28,2026-04-28,1520.0,CE,NUVAMA26APR1520CE,0.0,0.0,0.0,47.5,0.0,47.5,1317.2,33.5,0,0,0,0.0,0,F1,500,,,,,
2026-02-18,2026-02-18,FO,NSE,STO,146255,,NUVAMA,,2026-04-28,2026-04-28,1480.0,CE,NUVAMA26APR1480CE,0.0,0.0,0.0,56.25,0.0,56.25,1317.2,42.4,0,0,0,0.0,0,F1,500,,,,,
2026-02-18,2026-02-18,FO,NSE,STO,122124,,NUVAMA,,2026-02-24,2026-02-24,1320.0,CE,NUVAMA26FEB1320CE,25.95,29.6,16.05,23.75,24.35,20.05,1317.2,23.75,107500,20500,728,489010000.0,606,F1,500,,,,,
2026-02-18,2026-02-18,FO,NSE,STF,59434,,NUVAMA,,2026-02-24,2026-02-24,,,NUVAMA26FEBFUT,1307.0,1321.0,1296.0,1317.2,1317.2,1295.3,1317.2,1317.2,1764000,-214500,1506,987843950.0,1355,F1,500,,,,,
2026-02-18,2026-02-18,FO,NSE,STO,122114,,NUVAMA,,2026-02-24,2026-02-24,1120.0,CE,NUVAMA26FEB1120CE,0.0,0.0,0.0,202.85,202.85,202.85,1317.2,198.25,1500,0,0,0.0,0,F1,500,,,,,
2026-02-18,2026-02-18,FO,NSE,STO,122118,,NUVAMA,,2026-02-24,2026-02-24,1200.0,CE,NUVAMA26FEB1200CE,115.5,120.6,102.25,112.5,112.5,90.75,1317.2,119.3,12000,-7000,20,13136975.0,20,F1,500,,,,,
2026-02-18,2026-02-18,FO,NSE,STO,144919,,NUVAMA,,2026-02-24,2026-02-24,1300.0,CE,NUVAMA26FEB1300CE,32.95,41.55,24.55,34.7,35.0,28.55,1317.2,34.7,116500,-9500,419,279312350.0,384,F1,500,,,,,
2026-02-18,2026-02-18,FO,NSE,STO,145057,,NUVAMA,,2026-03-30,2026-03-30,1120.0,CE,NUVAMA26MAR1120CE,0.0,0.0,0.0,367.65,0.0,367.65,1317.2,212.55,0,0,0,0.0,0,F1,500,,,,,
2026-02-18,2026-02-18,FO,NSE,STO,144914,,NUVAMA,,2026-02-24,2026-02-24,1180.0,PE,NUVAMA26FEB1180PE,2.0,2.5,1.85,2.1,2.1,3.85,1317.2,0.45,20500,1500,12,7092250.0,11,F1,500,,,,,
2026-02-18,2026-02-18,FO,NSE,STO,122121,,NUVAMA,,2026-02-24,2026-02-24,1240.0,PE,NUVAMA26FEB1240PE,8.3,9.1,4.3,4.7,5.3,11.5,1317.2,4.7,71000,6500,125,77874475.0,114,F1,500,,,,,
2026-02-18,2026-02-18,FO,NSE,STO,144926,,NUVAMA,,2026-02-24,2026-02-24,1420.0,PE,NUVAMA26FEB1420PE,0.0,0.0,0.0,162.65,162.65,162.65,1317.2,104.15,7000,0,0,0.0,0,F1,500,,,,,
2026-02-18,2026-02-18,FO,NSE,STO,145064,,NUVAMA,,2026-03-30,2026-03-30,1240.0,PE,NUVAMA26MAR1240PE,0.0,0.0,0.0,44.85,0.0,44.85,1317.2,35.05,0,0,0,0.0,0,F1,500,,,,,
2026-02-18,2026-02-18,FO,NSE,STO,146160,,NUVAMA,,2026-03-30,2026-03-30,1340.0,PE,NUVAMA26MAR1340PE,0.0,0.0,0.0,135.85,0.0,135.85,1317.2,79.6,0,0,0,0.0,0,F1,500,,,,,
2026-02-18,2026-02-18,FO,NSE,STO,146162,,NUVAMA,,2026-03-30,2026-03-30,1380.0,PE,NUVAMA26MAR1380PE,0.0,0.0,0.0,161.95,0.0,161.95,1317.2,103.55,0,0,0,0.0,0,F1,500,,,,,
2026-02-18,2026-02-18,FO,NSE,STO,145074,,NUVAMA,,2026-03-30,2026-03-30,1440.0,PE,NUVAMA26MAR1440PE,0.0,0.0,0.0,122.2,0.0,122.2,1317.2,145.2,0,0,0,0.0,0,F1,500,,,,,
2026-02-18,2026-02-18,FO,NSE,STO,146212,,NUVAMA,,2026-04-28,2026-04-28,1240.0,PE,NUVAMA26APR1240PE,0.0,0.0,0.0,98.4,0.0,98.4,1317.2,52.75,0,0,0,0.0,0,F1,500,,,,,
2026-02-18,2026-02-18,FO,NSE,STO,146248,,NUVAMA,,2026-04-28,2026-04-28,1320.0,PE,NUVAMA26APR1320PE,0.0,0.0,0.0,141.05,0.0,141.05,1317.2,88.3,0,0,0,0.0,0,F1,500,,,,,
2026-02-18,2026-02-18,FO,NSE,STO,146166,,NUVAMA,,2026-03-30,2026-03-30,1460.0,PE,NUVAMA26MAR1460PE,0.0,0.0,0.0,220.1,0.0,220.1,1317.2,160.45,0,0,0,0.0,0,F1,500,,,,,
2026-02-18,2026-02-18,FO,NSE,STO,122115,,NUVAMA,,2026-02-24,2026-02-24,1120.0,PE,NUVAMA26FEB1120PE,0.0,0.0,0.0,2.8,2.8,2.8,1317.2,0.05,10000,0,0,0.0,0,F1,500,,,,,
2026-02-18,2026-02-18,FO,NSE,STO,122183,,NUVAMA,,2026-02-24,2026-02-24,1600.0,PE,NUVAMA26FEB1600PE,288.0,291.1,288.0,289.0,289.0,325.0,1317.2,281.35,2000,-1500,5,4724650.0,5,F1,500,,,,,
2026-02-18,2026-02-18,FO,NSE,STO,145058,,NUVAMA,,2026-03-30,2026-03-30,1120.0,PE,NUVAMA26MAR1120PE,0.0,0.0,0.0,19.55,0.0,19.55,1317.2,8.65,0,0,0,0.0,0,F1,500,,,,,
2026-02-18,2026-02-18,FO,NSE,STO,146208,,NUVAMA,,2026-04-28,2026-04-28,1200.0,PE,NUVAMA26APR1200PE,0.0,0.0,0.0,80.2,0.0,80.2,1317.2,39.05,0,0,0,0.0,0,F1,500,,,,,
2026-02-18,2026-02-18,FO,NSE,STO,146250,,NUVAMA,,2026-04-28,2026-04-28,1360.0,PE,NUVAMA26APR1360PE,0.0,0.0,0.0,165.3,0.0,165.3,1317.2,110.05,0,0,0,0.0,0,F1,500,,,,,
2026-02-18,2026-02-18,FO,NSE,STO,146254,,NUVAMA,,2026-04-28,2026-04-28,1440.0,PE,NUVAMA26APR1440PE,0.0,0.0,0.0,219.05,0.0,219.05,1317.2,161.05,0,0,0,0.0,0,F1,500,,,,,
2026-02-18,2026-02-18,FO,NSE,STO,146203,,NUVAMA,,2026-04-28,2026-04-28,1120.0,CE,NUVAMA26APR1120CE,0.0,0.0,0.0,212.6,0.0,212.6,1317.2,228.05,0,0,0,0.0,0,F1,500,,,,,
2026-02-18,2026-02-18,FO,NSE,STO,122132,,NUVAMA,,2026-02-24,2026-02-24,1480.0,CE,NUVAMA26FEB1480CE,1.9,1.9,0.75,0.75,0.75,1.35,1317.2,0.35,19000,1000,18,13327925.0,18,F1,500,,,,,
2026-02-18,2026-02-18,FO,NSE,STO,122142,,NUVAMA,,2026-02-24,2026-02-24,1560.0,CE,NUVAMA26FEB1560CE,0.25,0.3,0.25,0.3,0.25,0.6,1317.2,0.3,16000,-500,3,2340400.0,3,F1,500,,,,,
2026-02-18,2026-02-18,FO,NSE,STO,144933,,NUVAMA,,2026-02-24,2026-02-24,1580.0,CE,NUVAMA26FEB1580CE,0.7,0.7,0.7,0.7,0.7,0.7,1317.2,0.7,9500,500,1,790350.0,1,F1,500,,,,,
2026-02-18,2026-02-18,FO,NSE,STO,122191,,NUVAMA,,2026-02-24,2026-02-24,1720.0,CE,NUVAMA26FEB1720CE,0.0,0.0,0.0,1.6,1.6,1.6,1317.2,0.05,2500,0,0,0.0,0,F1,500,,,,,
2026-02-18,2026-02-18,FO,NSE,STO,146165,,NUVAMA,,2026-03-30,2026-03-30,1460.0,CE,NUVAMA26MAR1460CE,0.0,0.0,0.0,40.6,0.0,40.6,1317.2,26.45,0,0,0,0.0,0,F1,500,,,,,
2026-02-18,2026-02-18,FO,NSE,STO,122111,,NUVAMA,,2026-02-24,2026-02-24,1040.0,PE,NUVAMA26FEB1040PE,0.0,0.0,0.0,4.9,4.9,4.9,1317.2,0.05,1000,0,0,0.0,0,F1,500,,,,,
2026-02-18,2026-02-18,FO,NSE,STO,145071,,NUVAMA,,2026-03-30,2026-03-30,1400.0,CE,NUVAMA26MAR1400CE,25.0,30.55,23.3,25.2,25.2,21.8,1317.2,42.3,19500,13500,59,42120375.0,55,F1,500,,,,,
2026-02-18,2026-02-18,FO,NSE,STO,146148,,NUVAMA,,2026-03-30,2026-03-30,1220.0,CE,NUVAMA26MAR1220CE,0.0,0.0,0.0,129.6,0.0,129.6,1317.2,133.25,0,0,0,0.0,0,F1,500,,,,,
2026-02-18,2026-02-18,FO,NSE,STO,145055,,NUVAMA,,2026-03-30,2026-03-30,1080.0,CE,NUVAMA26MAR1080CE,0.0,0.0,0.0,401.6,0.0,401.6,1317.2,248.45,0,0,0,0.0,0,F1,500,,,,,
2026-02-18,2026-02-18,FO,NSE,STO,145041,,NUVAMA,,2026-03-30,2026-03-30,1000.0,CE,NUVAMA26MAR1000CE,0.0,0.0,0.0,472.95,0.0,472.95,1317.2,324.3,0,0,0,0.0,0,F1,500,,,,,
2026-02-18,2026-02-18,FO,NSE,STO,122120,,NUVAMA,,2026-02-24,2026-02-24,1240.0,CE,NUVAMA26FEB1240CE,78.9,83.9,73.05,81.45,81.45,65.05,1317.2,82.4,55000,-500,6,3961375.0,6,F1,500,,,,,
2026-02-18,2026-02-18,FO,NSE,STO,144913,,NUVAMA,,2026-02-24,2026-02-24,1180.0,CE,NUVAMA26FEB1180CE,0.0,0.0,0.0,298.3,0.0,298.3,1317.2,138.7,0,0,0,0.0,0,F1,500,,,,,
2026-02-18,2026-02-18,FO,NSE,STO,146252,,NUVAMA,,2026-04-28,2026-04-28,1400.0,PE,NUVAMA26APR1400PE,0.0,0.0,0.0,191.35,0.0,191.35,1317.2,134.4,0,0,0,0.0,0,F1,500,,,,,
2026-02-18,2026-02-18,FO,NSE,STO,145084,,NUVAMA,,2026-03-30,2026-03-30,1640.0,PE,NUVAMA26MAR1640PE,0.0,0.0,0.0,243.75,0.0,243.75,1317.2,318.0,0,0,0,0.0,0,F1,500,,,,,
2026-02-18,2026-02-18,FO,NSE,STO,145078,,NUVAMA,,2026-03-30,2026-03-30,1520.0,PE,NUVAMA26MAR1520PE,0.0,0.0,0.0,240.0,240.0,240.0,1317.2,209.5,500,0,0,0.0,0,F1,500,,,,,
2026-02-18,2026-02-18,FO,NSE,STO,145068,,NUVAMA,,2026-03-30,2026-03-30,1320.0,PE,NUVAMA26MAR1320PE,0.0,0.0,0.0,70.15,0.0,70.15,1317.2,68.95,0,0,0,0.0,0,F1,500,,,,,
2026-02-18,2026-02-18,FO,NSE,STO,122123,,NUVAMA,,2026-02-24,2026-02-24,1280.0,PE,NUVAMA26FEB1280PE,15.95,18.2,10.45,11.35,12.35,24.45,1317.2,11.35,80500,-15500,115,74403025.0,96,F1,500,,,,,
2026-02-18,2026-02-18,FO,NSE,STO,146261,,NUVAMA,,2026-04-28,2026-04-28,1600.0,CE,NUVAMA26APR1600CE,0.0,0.0,0.0,33.45,0.0,33.45,1317.2,20.4,0,0,0,0.0,0,F1,500,,,,,
2026-02-18,2026-02-18,FO,NSE,STO,146213,,NUVAMA,,2026-04-28,2026-04-28,1280.0,CE,NUVAMA26APR1280CE,0.0,0.0,0.0,123.5,0.0,123.5,1317.2,119.6,0,0,0,0.0,0,F1,500,,,,,
2026-02-18,2026-02-18,FO,NSE,STO,145075,,NUVAMA,,2026-03-30,2026-03-30,1480.0,CE,NUVAMA26MAR1480CE,13.45,13.45,13.45,13.45,13.45,7.8,1317.2,22.4,1000,0,2,1493450.0,1,F1,500,,,,,
2026-02-18,2026-02-18,FO,NSE,STO,144931,,NUVAMA,,2026-02-24,2026-02-24,1540.0,CE,NUVAMA26FEB1540CE,0.1,0.65,0.1,0.25,0.25,0.65,1317.2,0.25,22500,500,32,24645275.0,25,F1,500,,,,,
2026-02-18,2026-02-18,FO,NSE,STO,145059,,NUVAMA,,2026-03-30,2026-03-30,1160.0,CE,NUVAMA26MAR1160CE,0.0,0.0,0.0,335.05,0.0,335.05,1317.2,178.8,0,0,0,0.0,0,F1,500,,,,,
2026-02-18,2026-02-18,FO,NSE,STO,145063,,NUVAMA,,2026-03-30,2026-03-30,1240.0,CE,NUVAMA26MAR1240CE,0.0,0.0,0.0,274.7,0.0,274.7,1317.2,119.7,0,0,0,0.0,0,F1,500,,,,,
2026-02-18,2026-02-18,FO,NSE,STO,146161,,NUVAMA,,2026-03-30,2026-03-30,1380.0,CE,NUVAMA26MAR1380CE,0.0,0.0,0.0,61.55,0.0,61.55,1317.2,49.05,0,0,0,0.0,0,F1,500,,,,,
2026-02-18,2026-02-18,FO,NSE,STO,146201,,NUVAMA,,2026-04-28,2026-04-28,1080.0,CE,NUVAMA26APR1080CE,0.0,0.0,0.0,240.2,0.0,240.2,1317.2,261.1,0,0,0,0.0,0,F1,500,,,,,
2026-02-18,2026-02-18,FO,NSE,STO,146251,,NUVAMA,,2026-04-28,2026-04-28,1400.0,CE,NUVAMA26APR1400CE,0.0,0.0,0.0,78.0,0.0,78.0,1317.2,66.1,0,0,0,0.0,0,F1,500,,,,,
2026-02-18,2026-02-18,FO,NSE,STO,122125,,NUVAMA,,2026-02-24,2026-02-24,1320.0,PE,NUVAMA26FEB1320PE,32.9,36.9,25.3,25.85,26.1,42.85,1317.2,25.85,48500,2000,76,51393025.0,45,F1,500,,,,,
2026-02-18,2026-02-18,FO,NSE,STO,144924,,NUVAMA,,2026-02-24,2026-02-24,1380.0,PE,NUVAMA26FEB1380PE,75.25,75.25,67.05,67.05,67.05,103.4,1317.2,69.15,22500,-1000,8,5804025.0,7,F1,500,,,,,
2026-02-18,2026-02-18,FO,NSE,STO,122134,,NUVAMA,,2026-02-24,2026-02-24,1480.0,PE,NUVAMA26FEB1480PE,0.0,0.0,0.0,186.1,186.1,186.1,1317.2,161.85,2000,0,0,0.0,0,F1,500,,,,,
2026-02-18,2026-02-18,FO,NSE,STO,146098,,NUVAMA,,2026-03-30,2026-03-30,1100.0,PE,NUVAMA26MAR1100PE,0.0,0.0,0.0,30.3,0.0,30.3,1317.2,6.45,0,0,0,0.0,0,F1,500,,,,,
2026-02-18,2026-02-18,FO,NSE,STO,51462,,NUVAMA,,2026-02-24,2026-02-24,1000.0,CE,NUVAMA26FEB1000CE,0.0,0.0,0.0,344.0,344.0,344.0,1317.2,318.1,0,0,0,0.0,0,F1,500,,,,,
2026-02-18,2026-02-18,FO,NSE,STO,122110,,NUVAMA,,2026-02-24,2026-02-24,1040.0,CE,NUVAMA26FEB1040CE,0.0,0.0,0.0,337.7,337.7,337.7,1317.2,278.15,1500,0,0,0.0,0,F1,500,,,,,
2026-02-18,2026-02-18,FO,NSE,STO,144915,,NUVAMA,,2026-02-24,2026-02-24,1220.0,CE,NUVAMA26FEB1220CE,103.1,103.85,87.2,101.0,101.0,73.65,1317.2,101.0,17500,500,21,13820325.0,16,F1,500,,,,,
2026-02-18,2026-02-18,FO,NSE,STO,144923,,NUVAMA,,2026-02-24,2026-02-24,1380.0,CE,NUVAMA26FEB1380CE,9.35,9.35,4.2,5.45,5.6,6.7,1317.2,5.45,106500,-23500,252,174660600.0,186,F1,500,,,,,
2026-02-18,2026-02-18,FO,NSE,STO,146159,,NUVAMA,,2026-03-30,2026-03-30,1340.0,CE,NUVAMA26MAR1340CE,0.0,0.0,0.0,37.85,37.85,37.85,1317.2,64.85,1000,0,0,0.0,0,F1,500,,,,,
2026-02-18,2026-02-18,FO,NSE,STO,146205,,NUVAMA,,2026-04-28,2026-04-28,1160.0,CE,NUVAMA26APR1160CE,0.0,0.0,0.0,187.1,0.0,187.1,1317.2,197.15,0,0,0,0.0,0,F1,500,,,,,
2026-02-18,2026-02-18,FO,NSE,STO,122117,,NUVAMA,,2026-02-24,2026-02-24,1160.0,PE,NUVAMA26FEB1160PE,1.5,2.3,1.25,1.25,1.25,2.75,1317.2,0.15,31000,-10500,26,15100900.0,25,F1,500,,,,,
2026-02-18,2026-02-18,FO,NSE,STO,122143,,NUVAMA,,2026-02-24,2026-02-24,1560.0,PE,NUVAMA26FEB1560PE,0.0,0.0,0.0,277.65,277.65,277.65,1317.2,241.4,0,0,0,0.0,0,F1,500,,,,,
2026-02-18,2026-02-18,FO,NSE,STO,146104,,NUVAMA,,2026-03-30,2026-03-30,1140.0,PE,NUVAMA26MAR1140PE,0.0,0.0,0.0,41.55,0.0,41.55,1317.2,11.35,0,0,0,0.0,0,F1,500,,,,,
2026-02-18,2026-02-18,FO,NSE,STO,144918,,NUVAMA,,2026-02-24,2026-02-24,1260.0,PE,NUVAMA26FEB1260PE,11.05,12.7,6.85,7.65,8.3,16.6,1317.2,7.65,156000,-5500,96,60932425.0,84,F1,500,,,,,
2026-02-18,2026-02-18,FO,NSE,STO,146262,,NUVAMA,,2026-04-28,2026-04-28,1600.0,PE,NUVAMA26APR1600PE,0.0,0.0,0.0,343.75,0.0,343.75,1317.2,286.65,0,0,0,0.0,0,F1,500,,,,,
2026-02-18,2026-02-18,FO,NSE,STO,146155,,NUVAMA,,2026-03-30,2026-03-30,1260.0,CE,NUVAMA26MAR1260CE,0.0,0.0,0.0,63.35,63.35,63.35,1317.2,106.95,500,0,0,0.0,0,F1,500,,,,,
2026-02-18,2026-02-18,FO,NSE,STO,122127,,NUVAMA,,2026-02-24,2026-02-24,1360.0,PE,NUVAMA26FEB1360PE,52.0,52.0,51.65,51.9,51.65,73.75,1317.2,51.9,84500,1000,3,2117825.0,2,F1,500,,,,,
2026-02-18,2026-02-18,FO,NSE,STO,144930,,NUVAMA,,2026-02-24,2026-02-24,1500.0,PE,NUVAMA26FEB1500PE,189.0,189.0,189.0,189.0,189.0,193.55,1317.2,181.6,3500,0,2,1689000.0,2,F1,500,,,,,
2026-02-18,2026-02-18,FO,NSE,STO,145072,,NUVAMA,,2026-03-30,2026-03-30,1400.0,PE,NUVAMA26MAR1400PE,111.15,113.35,110.85,110.85,110.85,116.0,1317.2,116.7,4000,1500,5,3780500.0,5,F1,500,,,,,
2026-02-18,2026-02-18,FO,NSE,STO,144927,,NUVAMA,,2026-02-24,2026-02-24,1460.0,CE,NUVAMA26FEB1460CE,1.75,1.75,0.8,0.8,0.8,1.75,1317.2,0.8,47500,-3000,68,49678750.0,58,F1,500,,,,,
2026-02-18,2026-02-18,FO,NSE,STO,144917,,NUVAMA,,2026-02-24,2026-02-24,1260.0,CE,NUVAMA26FEB1260CE,59.6,68.8,55.0,62.95,61.45,49.6,1317.2,62.95,29000,-2500,32,21156425.0,21,F1,500,,,,,
2026-02-18,2026-02-18,FO,NSE,STO,146157,,NUVAMA,,2026-03-30,2026-03-30,1300.0,CE,NUVAMA26MAR1300CE,68.0,71.2,56.1,64.7,64.0,56.55,1317.2,64.7,39000,27500,86,58525600.0,72,F1,500,,,,,
2026-02-18,2026-02-18,FO,NSE,STO,145067,,NUVAMA,,2026-03-30,2026-03-30,1320.0,CE,NUVAMA26MAR1320CE,76.2,76.2,58.0,58.0,58.0,221.2,1317.2,74.05,1000,1000,2,1387100.0,2,F1,500,,,,,
2026-02-18,2026-02-18,FO,NSE,STO,145082,,NUVAMA,,2026-03-30,2026-03-30,1600.0,PE,NUVAMA26MAR1600PE,285.0,289.0,285.0,288.0,288.0,216.35,1317.2,280.7,2500,2500,5,4719250.0,5,F1,500,,,,,
2026-02-18,2026-02-18,FO,NSE,STO,146253,,NUVAMA,,2026-04-28,2026-04-28,1440.0,CE,NUVAMA26APR1440CE,0.0,0.0,0.0,66.3,0.0,66.3,1317.2,53.15,0,0,0,0.0,0,F1,500,,,,,
2026-02-18,2026-02-18,FO,NSE,STF,51990,,NUVAMA,,2026-03-30,2026-03-30,,,NUVAMA26MARFUT,1307.2,1319.2,1296.4,1310.4,1312.2,1292.6,1317.2,1310.4,431500,184000,763,498636000.0,649,F1,500,,,,,
2026-02-18,2026-02-18,FO,NSE,STO,122116,,NUVAMA,,2026-02-24,2026-02-24,1160.0,CE,NUVAMA26FEB1160CE,0.0,0.0,0.0,1447.6,0.0,1447.6,1317.2,158.4,0,0,0,0.0,0,F1,500,,,,,
2026-02-18,2026-02-18,FO,NSE,STO,146260,,NUVAMA,,2026-04-28,2026-04-28,1560.0,PE,NUVAMA26APR1560PE,0.0,0.0,0.0,310.8,0.0,310.8,1317.2,252.9,0,0,0,0.0,0,F1,500,,,,,
2026-02-18,2026-02-18,FO,NSE,STO,145066,,NUVAMA,,2026-03-30,2026-03-30,1280.0,PE,NUVAMA26MAR1280PE,45.5,45.5,41.05,41.05,41.05,56.6,1317.2,50.2,1500,1500,8,5294225.0,7,F1,500,,,,,
2026-02-18,2026-02-18,FO,NSE,STO,146154,,NUVAMA,,2026-03-30,2026-03-30,1220.0,PE,NUVAMA26MAR1220PE,0.0,0.0,0.0,71.65,0.0,71.65,1317.2,28.75,0,0,0,0.0,0,F1,500,,,,,
2026-02-18,2026-02-18,FO,NSE,STO,145062,,NUVAMA,,2026-03-30,2026-03-30,1200.0,PE,NUVAMA26MAR1200PE,17.0,22.55,17.0,19.5,19.5,24.0,1317.2,19.5,24500,15500,68,41485825.0,52,F1,500,,,,,
2026-02-18,2026-02-18,FO,NSE,STO,144921,,NUVAMA,,2026-02-24,2026-02-24,1340.0,CE,NUVAMA26FEB1340CE,17.4,20.35,10.15,15.1,15.55,13.2,1317.2,15.1,60000,500,258,174739375.0,205,F1,500,,,,,
2026-02-18,2026-02-18,FO,NSE,STO,146146,,NUVAMA,,2026-03-30,2026-03-30,1180.0,CE,NUVAMA26MAR1180CE,0.0,0.0,0.0,152.85,0.0,152.85,1317.2,162.9,0,0,0,0.0,0,F1,500,,,,,
2026-02-18,2026-02-18,FO,NSE,STO,145077,,NUVAMA,,2026-03-30,2026-03-30,1520.0,CE,NUVAMA26MAR1520CE,7.35,7.35,7.35,7.35,7.35,5.15,1317.2,7.35,1000,-1500,3,2291025.0,2,F1,500,,,,,
2026-02-18,2026-02-18,FO,NSE,STO,146199,,NUVAMA,,2026-04-28,2026-04-28,1040.0,CE,NUVAMA26APR1040CE,0.0,0.0,0.0,269.75,0.0,269.75,1317.2,295.95,0,0,0,0.0,0,F1,500,,,,,
2026-02-18,2026-02-18,FO,NSE,STO,122119,,NUVAMA,,2026-02-24,2026-02-24,1200.0,PE,NUVAMA26FEB1200PE,4.5,4.5,1.9,2.1,2.25,5.25,1317.2,2.1,95500,-10000,155,93241400.0,134,F1,500,,,,,
2026-02-18,2026-02-18,FO,NSE,STO,146249,,NUVAMA,,2026-04-28,2026-04-28,1360.0,CE,NUVAMA26APR1360CE,0.0,0.0,0.0,91.3,0.0,91.3,1317.2,81.35,0,0,0,0.0,0,F1,500,,,,,
2026-02-18,2026-02-18,FO,NSE,STO,145079,,NUVAMA,,2026-03-30,2026-03-30,1560.0,CE,NUVAMA26MAR1560CE,0.0,0.0,0.0,5.55,5.55,5.55,1317.2,11.0,0,0,0,0.0,0,F1,500,,,,,
2026-02-18,2026-02-18,FO,NSE,STO,145053,,NUVAMA,,2026-03-30,2026-03-30,1040.0,CE,NUVAMA26MAR1040CE,0.0,0.0,0.0,436.75,0.0,436.75,1317.2,285.85,0,0,0,0.0,0,F1,500,,,,,
2026-02-18,2026-02-18,FO,NSE,STO,122136,,NUVAMA,,2026-02-24,2026-02-24,1520.0,CE,NUVAMA26FEB1520CE,0.5,0.5,0.3,0.3,0.3,0.7,1317.2,0.1,74500,-2500,9,6841875.0,9,F1,500,,,,,
2026-02-18,2026-02-18,FO,NSE,STO,122128,,NUVAMA,,2026-02-24,2026-02-24,1400.0,CE,NUVAMA26FEB1400CE,5.6,6.95,2.55,3.3,3.25,4.65,1317.2,3.3,316500,-3500,651,456874675.0,577,F1,500,,,,,
2026-02-18,2026-02-18,FO,NSE,STF,66950,,NUVAMA,,2026-04-28,2026-04-28,,,NUVAMA26APRFUT,1309.6,1311.9,1305.5,1308.0,1308.0,1288.0,1317.2,1331.0,14000,2500,14,9165450.0,14,F1,500,,,,,
2026-02-18,2026-02-18,FO,NSE,STO,122131,,NUVAMA,,2026-02-24,2026-02-24,1440.0,PE,NUVAMA26FEB1440PE,0.0,0.0,0.0,163.8,163.8,163.8,1317.2,122.95,6500,0,0,0.0,0,F1,500,,,,,
2026-02-18,2026-02-18,FO,NSE,STO,145052,,NUVAMA,,2026-03-30,2026-03-30,1000.0,PE,NUVAMA26MAR1000PE,0.0,0.0,0.0,6.65,0.0,6.65,1317.2,1.1,0,0,0,0.0,0,F1,500,,,,,
2026-02-18,2026-02-18,FO,NSE,STO,145054,,NUVAMA,,2026-03-30,2026-03-30,1040.0,PE,NUVAMA26MAR1040PE,0.0,0.0,0.0,9.85,0.0,9.85,1317.2,2.4,0,0,0,0.0,0,F1,500,,,,,
2026-02-18,2026-02-18,FO,NSE,STO,146158,,NUVAMA,,2026-03-30,2026-03-30,1300.0,PE,NUVAMA26MAR1300PE,59.25,59.75,50.4,52.95,53.05,64.4,1317.2,52.95,32500,10500,35,23720475.0,32,F1,500,,,,,
2026-02-18,2026-02-18,FO,NSE,STO,146168,,NUVAMA,,2026-03-30,2026-03-30,1500.0,PE,NUVAMA26MAR1500PE,190.0,192.0,190.0,192.0,192.0,251.65,1317.2,192.65,1000,1000,2,1691000.0,2,F1,500,,,,,
2026-02-18,2026-02-18,FO,NSE,STO,146170,,NUVAMA,,2026-03-30,2026-03-30,1540.0,PE,NUVAMA26MAR1540PE,0.0,0.0,0.0,284.65,0.0,284.65,1317.2,226.75,0,0,0,0.0,0,F1,500,,,,,
2026-02-18,2026-02-18,FO,NSE,STO,146206,,NUVAMA,,2026-04-28,2026-04-28,1160.0,PE,NUVAMA26APR1160PE,0.0,0.0,0.0,64.15,0.0,64.15,1317.2,27.95,0,0,0,0.0,0,F1,500,,,,,
2026-02-18,2026-02-18,FO,NSE,STO,122129,,NUVAMA,,2026-02-24,2026-02-24,1400.0,PE,NUVAMA26FEB1400PE,90.45,99.85,84.6,84.6,84.6,108.55,1317.2,86.1,99000,-6000,28,20889850.0,20,F1,500,,,,,
2026-02-18,2026-02-18,FO,NSE,STO,144922,,NUVAMA,,2026-02-24,2026-02-24,1340.0,PE,NUVAMA26FEB1340PE,47.0,48.25,37.3,38.05,38.8,74.5,1317.2,38.05,17500,-500,10,6912625.0,9,F1,500,,,,,
2026-02-18,2026-02-18,FO,NSE,STO,145073,,NUVAMA,,2026-03-30,2026-03-30,1440.0,CE,NUVAMA26MAR1440CE,0.0,0.0,0.0,16.3,16.3,16.3,1317.2,31.05,500,0,0,0.0,0,F1,500,,,,,
2026-02-18,2026-02-18,FO,NSE,STO,145065,,NUVAMA,,2026-03-30,2026-03-30,1280.0,CE,NUVAMA26MAR1280CE,80.5,80.5,71.85,74.65,74.65,69.95,1317.2,95.1,6500,0,5,3387175.0,5,F1,500,,,,,
2026-02-18,2026-02-18,FO,NSE,STO,41311,,NUVAMA,,2026-02-24,2026-02-24,1080.0,CE,NUVAMA26FEB1080CE,0.0,0.0,0.0,2011.05,0.0,2011.05,1317.2,238.2,0,0,0,0.0,0,F1,500,,,,,
2026-02-18,2026-02-18,FO,NSE,STO,146147,,NUVAMA,,2026-03-30,2026-03-30,1180.0,PE,NUVAMA26MAR1180PE,0.0,0.0,0.0,55.3,0.0,55.3,1317.2,18.6,0,0,0,0.0,0,F1,500,,,,,
2026-02-18,2026-02-18,FO,NSE,STO,145056,,NUVAMA,,2026-03-30,2026-03-30,1080.0,PE,NUVAMA26MAR1080PE,0.0,0.0,0.0,14.1,0.0,14.1,1317.2,4.75,0,0,0,0.0,0,F1,500,,,,,
2026-02-18,2026-02-18,FO,NSE,STO,144910,,NUVAMA,,2026-02-24,2026-02-24,1100.0,PE,NUVAMA26FEB1100PE,1.05,1.05,0.35,0.4,0.35,1.45,1317.2,0.4,52500,-15000,97,53383800.0,76,F1,500,,,,,
2026-02-18,2026-02-18,FO,NSE,STO,145083,,NUVAMA,,2026-03-30,2026-03-30,1640.0,CE,NUVAMA26MAR1640CE,0.0,0.0,0.0,79.55,0.0,79.55,1317.2,5.05,0,0,0,0.0,0,F1,500,,,,,
2026-02-18,2026-02-18,FO,NSE,STO,145070,,NUVAMA,,2026-03-30,2026-03-30,1360.0,PE,NUVAMA26MAR1360PE,0.0,0.0,0.0,77.0,77.0,77.0,1317.2,91.15,2500,0,0,0.0,0,F1,500,,,,,
2026-02-18,2026-02-18,FO,NSE,STO,146156,,NUVAMA,,2026-03-30,2026-03-30,1260.0,PE,NUVAMA26MAR1260PE,38.0,38.0,38.0,38.0,38.0,90.55,1317.2,42.15,500,500,1,649000.0,1,F1,500,,,,,
2026-02-18,2026-02-18,FO,NSE,STO,122185,,NUVAMA,,2026-02-24,2026-02-24,1640.0,PE,NUVAMA26FEB1640PE,0.0,0.0,0.0,314.4,314.4,314.4,1317.2,321.3,0,0,0,0.0,0,F1,500,,,,,
2026-02-18,2026-02-18,FO,NSE,STO,144932,,NUVAMA,,2026-02-24,2026-02-24,1540.0,PE,NUVAMA26FEB1540PE,0.0,0.0,0.0,258.4,258.4,258.4,1317.2,221.45,3000,0,0,0.0,0,F1,500,,,,,
2026-02-18,2026-02-18,FO,NSE,STO,144928,,NUVAMA,,2026-02-24,2026-02-24,1460.0,PE,NUVAMA26FEB1460PE,0.0,0.0,0.0,176.55,176.55,176.55,1317.2,142.25,5000,0,0,0.0,0,F1,500,,,,,
2026-02-18,2026-02-18,FO,NSE,STO,144916,,NUVAMA,,2026-02-24,2026-02-24,1220.0,PE,NUVAMA26FEB1220PE,5.05,5.6,2.75,3.4,3.45,8.05,1317.2,3.4,18000,-17000,84,51417975.0,66,F1,500,,,,,
2026-02-18,2026-02-18,FO,NSE,STO,41312,,NUVAMA,,2026-02-24,2026-02-24,1080.0,PE,NUVAMA26FEB1080PE,0.0,0.0,0.0,3.0,3.0,3.0,1317.2,0.05,22000,0,0,0.0,0,F1,500,,,,,
2026-02-18,2026-02-18,FO,NSE,STO,146209,,NUVAMA,,2026-04-28,2026-04-28,1240.0,CE,NUVAMA26APR1240CE,0.0,0.0,0.0,142.6,0.0,142.6,1317.2,142.75,0,0,0,0.0,0,F1,500,,,,,
2026-02-18,2026-02-18,FO,NSE,STO,146097,,NUVAMA,,2026-03-30,2026-03-30,1100.0,CE,NUVAMA26MAR1100CE,0.0,0.0,0.0,207.0,0.0,207.0,1317.2,230.25,0,0,0,0.0,0,F1,500,,,,,
2026-02-18,2026-02-18,FO,NSE,STO,122182,,NUVAMA,,2026-02-24,2026-02-24,1600.0,CE,NUVAMA26FEB1600CE,0.1,0.1,0.1,0.1,0.1,0.75,1317.2,0.05,19500,-1000,2,1600100.0,2,F1,500,,,,,
2026-02-18,2026-02-18,FO,NSE,STO,122126,,NUVAMA,,2026-02-24,2026-02-24,1360.0,CE,NUVAMA26FEB1360CE,13.0,14.85,6.45,9.2,9.65,9.8,1317.2,9.2,178000,-4000,203,139064325.0,181,F1,500,,,,,
2026-02-18,2026-02-18,FO,NSE,STO,144911,,NUVAMA,,2026-02-24,2026-02-24,1140.0,CE,NUVAMA26FEB1140CE,0.0,0.0,0.0,260.25,246.75,260.25,1317.2,178.3,1000,0,0,0.0,0,F1,500,,,,,
2026-02-18,2026-02-18,FO,NSE,STO,145076,,NUVAMA,,2026-03-30,2026-03-30,1480.0,PE,NUVAMA26MAR1480PE,0.0,0.0,0.0,201.0,201.0,201.0,1317.2,176.3,1000,0,0,0.0,0,F1,500,,,,,
2026-02-18,2026-02-18,FO,NSE,STO,146164,,NUVAMA,,2026-03-30,2026-03-30,1420.0,PE,NUVAMA26MAR1420PE,0.0,0.0,0.0,90.0,90.0,90.0,1317.2,130.6,500,0,0,0.0,0,F1,500,,,,,
2026-02-18,2026-02-18,FO,NSE,STO,122137,,NUVAMA,,2026-02-24,2026-02-24,1520.0,PE,NUVAMA26FEB1520PE,0.0,0.0,0.0,240.0,240.0,240.0,1317.2,201.5,500,0,0,0.0,0,F1,500,,,,,
2026-02-18,2026-02-18,FO,NSE,STO,146207,,NUVAMA,,2026-04-28,2026-04-28,1200.0,CE,NUVAMA26APR1200CE,0.0,0.0,0.0,163.75,0.0,163.75,1317.2,168.65,0,0,0,0.0,0,F1,500,,,,,
2026-02-18,2026-02-18,FO,NSE,STO,146169,,NUVAMA,,2026-03-30,2026-03-30,1540.0,CE,NUVAMA26MAR1540CE,0.0,0.0,0.0,25.95,0.0,25.95,1317.2,13.2,0,0,0,0.0,0,F1,500,,,,,
2026-02-18,2026-02-18,FO,NSE,STO,146167,,NUVAMA,,2026-03-30,2026-03-30,1500.0,CE,NUVAMA26MAR1500CE,0.0,0.0,0.0,9.55,9.55,9.55,1317.2,18.85,2000,0,0,0.0,0,F1,500,,,,,
2026-02-18,2026-02-18,FO,NSE,STO,146163,,NUVAMA,,2026-03-30,2026-03-30,1420.0,CE,NUVAMA26MAR1420CE,0.0,0.0,0.0,50.1,0.0,50.1,1317.2,36.35,0,0,0,0.0,0,F1,500,,,,,
2026-02-18,2026-02-18,FO,NSE,STO,122122,,NUVAMA,,2026-02-24,2026-02-24,1280.0,CE,NUVAMA26FEB1280CE,44.35,53.55,37.0,49.2,49.4,38.15,1317.2,49.2,54000,-18500,102,67615225.0,80,F1,500,,,,,
2026-02-18,2026-02-18,FO,NSE,STO,145080,,NUVAMA,,2026-03-30,2026-03-30,1560.0,PE,NUVAMA26MAR1560PE,0.0,0.0,0.0,190.35,0.0,190.35,1317.2,244.4,0,0,0,0.0,0,F1,500,,,,,
2026-02-18,2026-02-18,FO,NSE,STO,144925,,NUVAMA,,2026-02-24,2026-02-24,1420.0,CE,NUVAMA26FEB1420CE,4.55,4.6,1.9,1.95,1.95,3.1,1317.2,1.95,28000,-2000,20,14224225.0,15,F1,500,,,,,
2026-02-18,2026-02-18,FO,NSE,STO,145061,,NUVAMA,,2026-03-30,2026-03-30,1200.0,CE,NUVAMA26MAR1200CE,122.7,130.0,122.7,129.0,129.0,111.85,1317.2,147.7,4500,2000,4,2655375.0,4,F1,500,,,,,
2026-02-18,2026-02-18,FO,NSE,STO,146103,,NUVAMA,,2026-03-30,2026-03-30,1140.0,CE,NUVAMA26MAR1140CE,0.0,0.0,0.0,178.7,0.0,178.7,1317.2,195.4,0,0,0,0.0,0,F1,500,,,,,
2026-02-18,2026-02-18,FO,NSE,STO,122184,,NUVAMA,,2026-02-24,2026-02-24,1640.0,CE,NUVAMA26FEB1640CE,0.0,0.0,0.0,318.55,0.0,318.55,1317.2,0.05,0,0,0,0.0,0,F1,500,,,,,
2026-02-18,2026-02-18,FO,NSE,STO,144929,,NUVAMA,,2026-02-24,2026-02-24,1500.0,CE,NUVAMA26FEB1500CE,1.0,1.05,0.3,0.4,0.35,0.95,1317.2,0.4,328500,-8500,313,234845900.0,178,F1,500,,,,,
2026-02-18,2026-02-18,FO,NSE,STO,122130,,NUVAMA,,2026-02-24,2026-02-24,1440.0,CE,NUVAMA26FEB1440CE,2.6,3.05,1.15,1.15,1.15,2.35,1317.2,1.15,38500,-11500,87,62701425.0,62,F1,500,,,,,
2026-02-18,2026-02-18,FO,NSE,STO,148968,,PETRONET,,2026-03-30,2026-03-30,310.0,PE,PETRONET26MAR310PE,14.75,14.75,9.25,11.4,11.4,18.0,304.0,11.4,174800,172900,105,64047955.0,95,F1,1900,,,,,
2026-02-18,2026-02-18,FO,NSE,STO,148766,,PETRONET,,2026-02-24,2026-02-24,292.5,PE,PETRONET26FEB292.5PE,1.65,1.7,0.55,0.65,0.6,2.3,304.0,0.65,532000,300200,1236,688598095.0,895,F1,1900,,,,,
2026-02-18,2026-02-18,FO,NSE,STO,148706,,PETRONET,,2026-02-24,2026-02-24,262.5,PE,PETRONET26FEB262.5PE,0.0,0.0,0.0,0.3,0.3,0.3,304.0,0.05,19000,0,0,0.0,0,F1,1900,,,,,
2026-02-18,2026-02-18,FO,NSE,STO,125504,,PETRONET,,2026-02-24,2026-02-24,240.0,PE,PETRONET26FEB240PE,0.0,0.0,0.0,0.2,0.2,0.2,304.0,0.05,28500,0,0,0.0,0,F1,1900,,,,,
2026-02-18,2026-02-18,FO,NSE,STO,149116,,PETRONET,,2026-04-28,2026-04-28,255.0,CE,PETRONET26APR255CE,0.0,0.0,0.0,32.7,0.0,32.7,304.0,52.35,0,0,0,0.0,0,F1,1900,,,,,
2026-02-18,2026-02-18,FO,NSE,STO,149062,,PETRONET,,2026-03-30,2026-03-30,317.5,CE,PETRONET26MAR317.5CE,0.0,0.0,0.0,6.2,6.2,6.2,304.0,6.0,3800,0,0,0.0,0,F1,1900,,,,,
2026-02-18,2026-02-18,FO,NSE,STO,148967,,PETRONET,,2026-03-30,2026-03-30,310.0,CE,PETRONET26MAR310CE,5.75,10.8,5.35,7.8,7.1,5.5,304.0,7.8,526300,172900,579,349593160.0,446,F1,1900,,,,,
2026-02-18,2026-02-18,FO,NSE,STO,148875,,PETRONET,,2026-03-30,2026-03-30,245.0,CE,PETRONET26MAR245CE,0.0,0.0,0.0,41.85,0.0,41.85,304.0,60.5,0,0,0,0.0,0,F1,1900,,,,,
2026-02-18,2026-02-18,FO,NSE,STF,59444,,PETRONET,,2026-02-24,2026-02-24,,,PETRONET26FEBFUT,297.45,308.9,297.45,304.0,303.4,296.4,304.0,304.0,30008600,-4189500,4821,2767737790.0,3003,F1,1900,,,,,
2026-02-18,2026-02-18,FO,NSE,STO,125527,,PETRONET,,2026-02-24,2026-02-24,290.0,PE,PETRONET26FEB290PE,1.05,1.2,0.45,0.5,0.5,1.7,304.0,0.5,767600,-87400,1721,950623770.0,1129,F1,1900,,,,,
2026-02-18,2026-02-18,FO,NSE,STO,149060,,PETRONET,,2026-03-30,2026-03-30,312.5,CE,PETRONET26MAR312.5CE,0.0,0.0,0.0,2.8,2.8,2.8,304.0,7.75,0,0,0,0.0,0,F1,1900,,,,,
2026-02-18,2026-02-18,FO,NSE,STO,125555,,PETRONET,,2026-02-24,2026-02-24,330.0,CE,PETRONET26FEB330CE,0.3,0.7,0.15,0.35,0.3,0.25,304.0,0.35,442700,51300,433,271906910.0,321,F1,1900,,,,,
2026-02-18,2026-02-18,FO,NSE,STO,125553,,PETRONET,,2026-02-24,2026-02-24,325.0,CE,PETRONET26FEB325CE,0.3,1.05,0.25,0.4,0.4,0.35,304.0,0.4,647900,380000,958,592729795.0,693,F1,1900,,,,,
2026-02-18,2026-02-18,FO,NSE,STO,125536,,PETRONET,,2026-02-24,2026-02-24,310.0,CE,PETRONET26FEB310CE,0.9,4.4,0.65,1.75,1.6,0.7,304.0,1.75,1710000,210900,7112,4222639990.0,5046,F1,1900,,,,,
2026-02-18,2026-02-18,FO,NSE,STO,125516,,PETRONET,,2026-02-24,2026-02-24,270.0,CE,PETRONET26FEB270CE,29.0,36.3,29.0,36.3,36.3,26.3,304.0,34.25,129200,-1900,2,1150070.0,2,F1,1900,,,,,
2026-02-18,2026-02-18,FO,NSE,STO,148774,,PETRONET,,2026-02-24,2026-02-24,312.5,PE,PETRONET26FEB312.5PE,0.0,0.0,0.0,16.75,16.75,16.75,304.0,9.5,9500,0,0,0.0,0,F1,1900,,,,,
2026-02-18,2026-02-18,FO,NSE,STO,148707,,PETRONET,,2026-02-24,2026-02-24,267.5,CE,PETRONET26FEB267.5CE,0.0,0.0,0.0,21.7,0.0,21.7,304.0,36.75,0,0,0,0.0,0,F1,1900,,,,,
2026-02-18,2026-02-18,FO,NSE,STO,125503,,PETRONET,,2026-02-24,2026-02-24,240.0,CE,PETRONET26FEB240CE,0.0,0.0,0.0,39.75,0.0,39.75,304.0,64.2,0,0,0,0.0,0,F1,1900,,,,,
2026-02-18,2026-02-18,FO,NSE,STO,149063,,PETRONET,,2026-03-30,2026-03-30,317.5,PE,PETRONET26MAR317.5PE,0.0,0.0,0.0,39.65,0.0,39.65,304.0,17.6,0,0,0,0.0,0,F1,1900,,,,,
2026-02-18,2026-02-18,FO,NSE,STO,148970,,PETRONET,,2026-03-30,2026-03-30,315.0,PE,PETRONET26MAR315PE,0.0,0.0,0.0,37.2,0.0,37.2,304.0,15.95,0,0,0,0.0,0,F1,1900,,,,,
2026-02-18,2026-02-18,FO,NSE,STO,148890,,PETRONET,,2026-03-30,2026-03-30,280.0,PE,PETRONET26MAR280PE,2.5,2.5,1.5,1.6,1.6,3.2,304.0,1.6,338200,-19000,135,72272010.0,92,F1,1900,,,,,
2026-02-18,2026-02-18,FO,NSE,STO,125535,,PETRONET,,2026-02-24,2026-02-24,305.0,PE,PETRONET26FEB305PE,7.65,7.65,2.9,4.1,4.45,9.75,304.0,4.1,490200,58900,1673,981267255.0,1195,F1,1900,,,,,
2026-02-18,2026-02-18,FO,NSE,STO,125524,,PETRONET,,2026-02-24,2026-02-24,285.0,PE,PETRONET26FEB285PE,0.65,0.7,0.3,0.35,0.3,0.9,304.0,0.35,912000,-254600,521,282559640.0,348,F1,1900,,,,,
2026-02-18,2026-02-18,FO,NSE,STO,149192,,PETRONET,,2026-04-28,2026-04-28,340.0,CE,PETRONET26APR340CE,0.0,0.0,0.0,2.45,0.0,2.45,304.0,3.8,0,0,0,0.0,0,F1,1900,,,,,
2026-02-18,2026-02-18,FO,NSE,STO,149122,,PETRONET,,2026-04-28,2026-04-28,270.0,CE,PETRONET26APR270CE,0.0,0.0,0.0,23.05,0.0,23.05,304.0,38.95,0,0,0,0.0,0,F1,1900,,,,,
2026-02-18,2026-02-18,FO,NSE,STO,149120,,PETRONET,,2026-04-28,2026-04-28,265.0,CE,PETRONET26APR265CE,0.0,0.0,0.0,26.05,0.0,26.05,304.0,43.25,0,0,0,0.0,0,F1,1900,,,,,
2026-02-18,2026-02-18,FO,NSE,STO,148969,,PETRONET,,2026-03-30,2026-03-30,315.0,CE,PETRONET26MAR315CE,0.0,0.0,0.0,6.6,0.0,6.6,304.0,6.85,0,0,0,0.0,0,F1,1900,,,,,
2026-02-18,2026-02-18,FO,NSE,STO,148950,,PETRONET,,2026-03-30,2026-03-30,272.5,CE,PETRONET26MAR272.5CE,0.0,0.0,0.0,18.1,0.0,18.1,304.0,34.25,0,0,0,0.0,0,F1,1900,,,,,
2026-02-18,2026-02-18,FO,NSE,STO,148944,,PETRONET,,2026-03-30,2026-03-30,257.5,CE,PETRONET26MAR257.5CE,0.0,0.0,0.0,27.8,0.0,27.8,304.0,48.25,0,0,0,0.0,0,F1,1900,,,,,
2026-02-18,2026-02-18,FO,NSE,STO,148775,,PETRONET,,2026-02-24,2026-02-24,317.5,CE,PETRONET26FEB317.5CE,0.7,2.0,0.6,0.7,0.65,0.5,304.0,0.7,836000,742900,891,539538155.0,775,F1,1900,,,,,
2026-02-18,2026-02-18,FO,NSE,STO,125519,,PETRONET,,2026-02-24,2026-02-24,275.0,CE,PETRONET26FEB275CE,25.0,32.0,24.5,29.5,29.05,21.75,304.0,29.5,372400,-5700,11,6314555.0,8,F1,1900,,,,,
2026-02-18,2026-02-18,FO,NSE,STO,125509,,PETRONET,,2026-02-24,2026-02-24,255.0,CE,PETRONET26FEB255CE,0.0,0.0,0.0,28.9,0.0,28.9,304.0,49.25,0,0,0,0.0,0,F1,1900,,,,,
2026-02-18,2026-02-18,FO,NSE,STO,148709,,PETRONET,,2026-02-24,2026-02-24,272.5,CE,PETRONET26FEB272.5CE,32.3,32.3,32.3,32.3,32.3,18.95,304.0,31.75,13300,-1900,3,1737360.0,1,F1,1900,,,,,
2026-02-18,2026-02-18,FO,NSE,STO,149187,,PETRONET,,2026-04-28,2026-04-28,325.0,PE,PETRONET26APR325PE,0.0,0.0,0.0,46.6,0.0,46.6,304.0,24.85,0,0,0,0.0,0,F1,1900,,,,,
2026-02-18,2026-02-18,FO,NSE,STO,149133,,PETRONET,,2026-04-28,2026-04-28,290.0,PE,PETRONET26APR290PE,0.0,0.0,0.0,21.25,0.0,21.25,304.0,6.7,0,0,0,0.0,0,F1,1900,,,,,
2026-02-18,2026-02-18,FO,NSE,STO,149051,,PETRONET,,2026-03-30,2026-03-30,287.5,PE,PETRONET26MAR287.5PE,0.0,0.0,0.0,17.7,0.0,17.7,304.0,3.65,0,0,0,0.0,0,F1,1900,,,,,
2026-02-18,2026-02-18,FO,NSE,STO,148768,,PETRONET,,2026-02-24,2026-02-24,297.5,PE,PETRONET26FEB297.5PE,3.0,3.4,1.0,1.25,1.4,4.45,304.0,1.25,480700,267900,845,479959760.0,754,F1,1900,,,,,
2026-02-18,2026-02-18,FO,NSE,STO,148760,,PETRONET,,2026-02-24,2026-02-24,277.5,PE,PETRONET26FEB277.5PE,0.3,0.4,0.3,0.3,0.3,0.5,304.0,0.3,157700,-214700,189,99772610.0,101,F1,1900,,,,,
2026-02-18,2026-02-18,FO,NSE,STO,149124,,PETRONET,,2026-04-28,2026-04-28,275.0,CE,PETRONET26APR275CE,0.0,0.0,0.0,20.3,0.0,20.3,304.0,34.8,0,0,0,0.0,0,F1,1900,,,,,
2026-02-18,2026-02-18,FO,NSE,STO,149182,,PETRONET,,2026-04-28,2026-04-28,315.0,CE,PETRONET26APR315CE,0.0,0.0,0.0,6.1,0.0,6.1,304.0,10.6,0,0,0,0.0,0,F1,1900,,,,,
2026-02-18,2026-02-18,FO,NSE,STO,149186,,PETRONET,,2026-04-28,2026-04-28,325.0,CE,PETRONET26APR325CE,0.0,0.0,0.0,4.3,0.0,4.3,304.0,7.2,0,0,0,0.0,0,F1,1900,,,,,
2026-02-18,2026-02-18,FO,NSE,STO,148770,,PETRONET,,2026-02-24,2026-02-24,302.5,PE,PETRONET26FEB302.5PE,6.3,6.5,2.05,2.85,3.1,9.7,304.0,2.85,256500,87400,666,386544360.0,595,F1,1900,,,,,
2026-02-18,2026-02-18,FO,NSE,STO,125531,,PETRONET,,2026-02-24,2026-02-24,295.0,PE,PETRONET26FEB295PE,2.2,2.45,0.7,0.85,0.9,3.2,304.0,0.85,1113400,594700,2302,1295251565.0,1378,F1,1900,,,,,
2026-02-18,2026-02-18,FO,NSE,STO,125537,,PETRONET,,2026-02-24,2026-02-24,310.0,PE,PETRONET26FEB310PE,12.1,12.9,5.3,7.85,8.15,16.25,304.0,7.85,317300,153900,356,214317340.0,274,F1,1900,,,,,
2026-02-18,2026-02-18,FO,NSE,STO,148960,,PETRONET,,2026-03-30,2026-03-30,290.0,PE,PETRONET26MAR290PE,4.5,4.65,2.8,3.15,3.15,5.75,304.0,3.15,228000,19000,83,46312785.0,68,F1,1900,,,,,
2026-02-18,2026-02-18,FO,NSE,STO,148781,,PETRONET,,2026-02-24,2026-02-24,332.5,CE,PETRONET26FEB332.5CE,0.0,0.0,0.0,0.5,0.5,0.5,304.0,0.05,0,0,0,0.0,0,F1,1900,,,,,
2026-02-18,2026-02-18,FO,NSE,STO,148779,,PETRONET,,2026-02-24,2026-02-24,327.5,CE,PETRONET26FEB327.5CE,0.0,0.0,0.0,1.9,0.0,1.9,304.0,0.05,0,0,0,0.0,0,F1,1900,,,,,
2026-02-18,2026-02-18,FO,NSE,STO,148962,,PETRONET,,2026-03-30,2026-03-30,295.0,PE,PETRONET26MAR295PE,6.5,6.5,3.75,4.3,4.3,10.6,304.0,4.3,117800,47500,55,31351235.0,41,F1,1900,,,,,
2026-02-18,2026-02-18,FO,NSE,STO,125506,,PETRONET,,2026-02-24,2026-02-24,245.0,PE,PETRONET26FEB245PE,0.0,0.0,0.0,0.1,0.1,0.1,304.0,0.05,790400,0,0,0.0,0,F1,1900,,,,,
2026-02-18,2026-02-18,FO,NSE,STO,149144,,PETRONET,,2026-04-28,2026-04-28,310.0,CE,PETRONET26APR310CE,0.0,0.0,0.0,7.2,0.0,7.2,304.0,12.65,0,0,0,0.0,0,F1,1900,,,,,
2026-02-18,2026-02-18,FO,NSE,STO,149056,,PETRONET,,2026-03-30,2026-03-30,302.5,CE,PETRONET26MAR302.5CE,9.5,11.45,9.5,11.25,11.25,13.0,304.0,12.3,7600,5700,4,2381935.0,3,F1,1900,,,,,
2026-02-18,2026-02-18,FO,NSE,STO,149054,,PETRONET,,2026-03-30,2026-03-30,297.5,CE,PETRONET26MAR297.5CE,0.0,0.0,0.0,7.5,0.0,7.5,304.0,15.15,0,0,0,0.0,0,F1,1900,,,,,
2026-02-18,2026-02-18,FO,NSE,STO,149050,,PETRONET,,2026-03-30,2026-03-30,287.5,CE,PETRONET26MAR287.5CE,0.0,0.0,0.0,10.9,0.0,10.9,304.0,21.85,0,0,0,0.0,0,F1,1900,,,,,
2026-02-18,2026-02-18,FO,NSE,STO,148879,,PETRONET,,2026-03-30,2026-03-30,255.0,CE,PETRONET26MAR255CE,0.0,0.0,0.0,34.25,0.0,34.25,304.0,50.7,0,0,0,0.0,0,F1,1900,,,,,
2026-02-18,2026-02-18,FO,NSE,STO,125561,,PETRONET,,2026-02-24,2026-02-24,345.0,CE,PETRONET26FEB345CE,0.4,0.4,0.2,0.2,0.25,1.7,304.0,0.2,39900,39900,54,35429680.0,36,F1,1900,,,,,
2026-02-18,2026-02-18,FO,NSE,STO,148769,,PETRONET,,2026-02-24,2026-02-24,302.5,CE,PETRONET26FEB302.5CE,2.35,8.4,1.8,4.6,4.25,1.85,304.0,4.6,184300,-136800,895,521183110.0,828,F1,1900,,,,,
2026-02-18,2026-02-18,FO,NSE,STO,125513,,PETRONET,,2026-02-24,2026-02-24,265.0,CE,PETRONET26FEB265CE,0.0,0.0,0.0,22.75,0.0,22.75,304.0,39.25,0,0,0,0.0,0,F1,1900,,,,,
2026-02-18,2026-02-18,FO,NSE,STO,125508,,PETRONET,,2026-02-24,2026-02-24,250.0,PE,PETRONET26FEB250PE,0.1,0.1,0.1,0.1,0.1,0.1,304.0,0.05,142500,-1900,3,1425570.0,3,F1,1900,,,,,
2026-02-18,2026-02-18,FO,NSE,STO,149053,,PETRONET,,2026-03-30,2026-03-30,292.5,PE,PETRONET26MAR292.5PE,0.0,0.0,0.0,20.8,0.0,20.8,304.0,5.05,0,0,0,0.0,0,F1,1900,,,,,
2026-02-18,2026-02-18,FO,NSE,STO,125562,,PETRONET,,2026-02-24,2026-02-24,345.0,PE,PETRONET26FEB345PE,0.0,0.0,0.0,69.35,0.0,69.35,304.0,40.7,0,0,0,0.0,0,F1,1900,,,,,
2026-02-18,2026-02-18,FO,NSE,STO,125550,,PETRONET,,2026-02-24,2026-02-24,315.0,PE,PETRONET26FEB315PE,11.25,12.4,8.9,12.15,11.85,19.2,304.0,12.15,38000,1900,19,11731455.0,19,F1,1900,,,,,
2026-02-18,2026-02-18,FO,NSE,STO,148758,,PETRONET,,2026-02-24,2026-02-24,272.5,PE,PETRONET26FEB272.5PE,0.3,0.3,0.2,0.2,0.2,0.4,304.0,0.2,66500,-17100,34,17620220.0,34,F1,1900,,,,,
2026-02-18,2026-02-18,FO,NSE,STO,149136,,PETRONET,,2026-04-28,2026-04-28,300.0,CE,PETRONET26APR300CE,0.0,0.0,0.0,9.9,0.0,9.9,304.0,17.6,0,0,0,0.0,0,F1,1900,,,,,
2026-02-18,2026-02-18,FO,NSE,STO,149134,,PETRONET,,2026-04-28,2026-04-28,295.0,CE,PETRONET26APR295CE,0.0,0.0,0.0,11.55,0.0,11.55,304.0,20.5,0,0,0,0.0,0,F1,1900,,,,,
2026-02-18,2026-02-18,FO,NSE,STO,148973,,PETRONET,,2026-03-30,2026-03-30,325.0,CE,PETRONET26MAR325CE,2.9,4.95,2.05,2.85,2.05,2.1,304.0,2.85,24700,5700,8,4994815.0,8,F1,1900,,,,,
2026-02-18,2026-02-18,FO,NSE,STO,149058,,PETRONET,,2026-03-30,2026-03-30,307.5,CE,PETRONET26MAR307.5CE,0.0,0.0,0.0,4.95,0.0,4.95,304.0,9.85,0,0,0,0.0,0,F1,1900,,,,,
2026-02-18,2026-02-18,FO,NSE,STO,148889,,PETRONET,,2026-03-30,2026-03-30,280.0,CE,PETRONET26MAR280CE,23.15,29.5,23.15,29.5,29.5,21.0,304.0,27.75,11400,7600,5,2898925.0,5,F1,1900,,,,,
2026-02-18,2026-02-18,FO,NSE,STO,148887,,PETRONET,,2026-03-30,2026-03-30,275.0,CE,PETRONET26MAR275CE,0.0,0.0,0.0,22.0,22.0,22.0,304.0,32.05,1900,0,0,0.0,0,F1,1900,,,,,
2026-02-18,2026-02-18,FO,NSE,STO,148883,,PETRONET,,2026-03-30,2026-03-30,265.0,CE,PETRONET26MAR265CE,0.0,0.0,0.0,39.1,39.1,39.1,304.0,41.1,5700,0,0,0.0,0,F1,1900,,,,,
2026-02-18,2026-02-18,FO,NSE,STO,148873,,PETRONET,,2026-03-30,2026-03-30,240.0,CE,PETRONET26MAR240CE,0.0,0.0,0.0,45.95,0.0,45.95,304.0,65.45,0,0,0,0.0,0,F1,1900,,,,,
2026-02-18,2026-02-18,FO,NSE,STO,125559,,PETRONET,,2026-02-24,2026-02-24,340.0,CE,PETRONET26FEB340CE,0.2,0.45,0.2,0.3,0.25,0.25,304.0,0.3,353400,155800,165,106694405.0,98,F1,1900,,,,,
2026-02-18,2026-02-18,FO,NSE,STO,125551,,PETRONET,,2026-02-24,2026-02-24,320.0,CE,PETRONET26FEB320CE,0.45,1.6,0.3,0.6,0.5,0.4,304.0,0.6,1056400,-83600,2009,1225277700.0,1475,F1,1900,,,,,
2026-02-18,2026-02-18,FO,NSE,STO,148771,,PETRONET,,2026-02-24,2026-02-24,307.5,CE,PETRONET26FEB307.5CE,1.1,5.4,0.9,2.4,1.95,0.95,304.0,2.4,305900,0,3234,1910834940.0,2436,F1,1900,,,,,
2026-02-18,2026-02-18,FO,NSE,STO,125525,,PETRONET,,2026-02-24,2026-02-24,290.0,CE,PETRONET26FEB290CE,9.8,18.75,9.0,14.5,14.0,8.35,304.0,14.5,315400,-62700,132,76243485.0,126,F1,1900,,,,,
2026-02-18,2026-02-18,FO,NSE,STO,148705,,PETRONET,,2026-02-24,2026-02-24,262.5,CE,PETRONET26FEB262.5CE,0.0,0.0,0.0,27.6,27.6,27.6,304.0,41.75,5700,0,0,0.0,0,F1,1900,,,,,
2026-02-18,2026-02-18,FO,NSE,STF,66965,,PETRONET,,2026-04-28,2026-04-28,,,PETRONET26APRFUT,301.95,312.25,301.15,307.9,307.3,300.1,304.0,307.9,95000,20900,30,17449600.0,29,F1,1900,,,,,
2026-02-18,2026-02-18,FO,NSE,STO,149189,,PETRONET,,2026-04-28,2026-04-28,330.0,PE,PETRONET26APR330PE,0.0,0.0,0.0,50.8,0.0,50.8,304.0,28.45,0,0,0,0.0,0,F1,1900,,,,,
2026-02-18,2026-02-18,FO,NSE,STO,149185,,PETRONET,,2026-04-28,2026-04-28,320.0,PE,PETRONET26APR320PE,0.0,0.0,0.0,42.5,0.0,42.5,304.0,21.45,0,0,0,0.0,0,F1,1900,,,,,
2026-02-18,2026-02-18,FO,NSE,STO,149137,,PETRONET,,2026-04-28,2026-04-28,300.0,PE,PETRONET26APR300PE,0.0,0.0,0.0,27.6,0.0,27.6,304.0,10.5,0,0,0,0.0,0,F1,1900,,,,,
2026-02-18,2026-02-18,FO,NSE,STO,149119,,PETRONET,,2026-04-28,2026-04-28,260.0,PE,PETRONET26APR260PE,0.0,0.0,0.0,7.6,0.0,7.6,304.0,1.05,0,0,0,0.0,0,F1,1900,,,,,
2026-02-18,2026-02-18,FO,NSE,STO,148974,,PETRONET,,2026-03-30,2026-03-30,325.0,PE,PETRONET26MAR325PE,0.0,0.0,0.0,45.1,0.0,45.1,304.0,23.0,0,0,0,0.0,0,F1,1900,,,,,
2026-02-18,2026-02-18,FO,NSE,STO,149052,,PETRONET,,2026-03-30,2026-03-30,292.5,CE,PETRONET26MAR292.5CE,0.0,0.0,0.0,12.5,12.5,12.5,304.0,18.35,3800,0,0,0.0,0,F1,1900,,,,,
2026-02-18,2026-02-18,FO,NSE,STO,125549,,PETRONET,,2026-02-24,2026-02-24,315.0,CE,PETRONET26FEB315CE,0.45,2.6,0.35,0.85,0.85,0.5,304.0,0.85,627000,-15200,2554,1535479015.0,1914,F1,1900,,,,,
2026-02-18,2026-02-18,FO,NSE,STO,149128,,PETRONET,,2026-04-28,2026-04-28,285.0,CE,PETRONET26APR285CE,0.0,0.0,0.0,15.5,0.0,15.5,304.0,27.15,0,0,0,0.0,0,F1,1900,,,,,
2026-02-18,2026-02-18,FO,NSE,STO,149145,,PETRONET,,2026-04-28,2026-04-28,310.0,PE,PETRONET26APR310PE,0.0,0.0,0.0,34.75,0.0,34.75,304.0,15.45,0,0,0,0.0,0,F1,1900,,,,,
2026-02-18,2026-02-18,FO,NSE,STO,148966,,PETRONET,,2026-03-30,2026-03-30,305.0,PE,PETRONET26MAR305PE,10.5,10.95,7.0,8.2,8.25,29.85,304.0,8.2,456000,456000,297,176869955.0,172,F1,1900,,,,,
2026-02-18,2026-02-18,FO,NSE,STO,149049,,PETRONET,,2026-03-30,2026-03-30,282.5,PE,PETRONET26MAR282.5PE,0.0,0.0,0.0,14.9,0.0,14.9,304.0,2.55,0,0,0,0.0,0,F1,1900,,,,,
2026-02-18,2026-02-18,FO,NSE,STO,149000,,PETRONET,,2026-03-30,2026-03-30,277.5,PE,PETRONET26MAR277.5PE,2.0,2.0,1.9,1.9,1.9,3.4,304.0,1.7,13300,3800,3,1592960.0,2,F1,1900,,,,,
2026-02-18,2026-02-18,FO,NSE,STO,125558,,PETRONET,,2026-02-24,2026-02-24,335.0,PE,PETRONET26FEB335PE,0.0,0.0,0.0,60.25,0.0,60.25,304.0,30.7,0,0,0,0.0,0,F1,1900,,,,,
2026-02-18,2026-02-18,FO,NSE,STO,148891,,PETRONET,,2026-03-30,2026-03-30,285.0,CE,PETRONET26MAR285CE,20.0,20.0,20.0,20.0,20.0,16.5,304.0,23.75,1900,1900,1,579500.0,1,F1,1900,,,,,
2026-02-18,2026-02-18,FO,NSE,STO,148946,,PETRONET,,2026-03-30,2026-03-30,262.5,CE,PETRONET26MAR262.5CE,0.0,0.0,0.0,24.3,0.0,24.3,304.0,43.5,0,0,0,0.0,0,F1,1900,,,,,
2026-02-18,2026-02-18,FO,NSE,STO,148877,,PETRONET,,2026-03-30,2026-03-30,250.0,CE,PETRONET26MAR250CE,0.0,0.0,0.0,37.95,0.0,37.95,304.0,55.6,0,0,0,0.0,0,F1,1900,,,,,
2026-02-18,2026-02-18,FO,NSE,STO,148767,,PETRONET,,2026-02-24,2026-02-24,297.5,CE,PETRONET26FEB297.5CE,4.2,11.7,3.7,7.45,7.25,3.6,304.0,7.45,376200,17100,421,242761385.0,404,F1,1900,,,,,
2026-02-18,2026-02-18,FO,NSE,STO,125523,,PETRONET,,2026-02-24,2026-02-24,285.0,CE,PETRONET26FEB285CE,14.4,23.5,13.65,19.0,19.0,12.7,304.0,19.0,361000,-5700,40,22950100.0,40,F1,1900,,,,,
2026-02-18,2026-02-18,FO,NSE,STO,148976,,PETRONET,,2026-03-30,2026-03-30,330.0,PE,PETRONET26MAR330PE,0.0,0.0,0.0,30.4,30.4,30.4,304.0,26.95,22800,0,0,0.0,0,F1,1900,,,,,
2026-02-18,2026-02-18,FO,NSE,STO,125552,,PETRONET,,2026-02-24,2026-02-24,320.0,PE,PETRONET26FEB320PE,0.0,0.0,0.0,32.0,32.0,32.0,304.0,16.05,24700,0,0,0.0,0,F1,1900,,,,,
2026-02-18,2026-02-18,FO,NSE,STO,148708,,PETRONET,,2026-02-24,2026-02-24,267.5,PE,PETRONET26FEB267.5PE,0.25,0.3,0.25,0.3,0.3,0.35,304.0,0.05,129200,-3800,7,3561360.0,7,F1,1900,,,,,
2026-02-18,2026-02-18,FO,NSE,STO,149064,,PETRONET,,2026-03-30,2026-03-30,322.5,CE,PETRONET26MAR322.5CE,0.0,0.0,0.0,2.55,0.0,2.55,304.0,4.55,0,0,0,0.0,0,F1,1900,,,,,
2026-02-18,2026-02-18,FO,NSE,STO,148971,,PETRONET,,2026-03-30,2026-03-30,320.0,CE,PETRONET26MAR320CE,3.45,6.9,3.3,4.7,4.3,3.2,304.0,4.7,286900,153900,446,275565645.0,329,F1,1900,,,,,
2026-02-18,2026-02-18,FO,NSE,STO,148959,,PETRONET,,2026-03-30,2026-03-30,290.0,CE,PETRONET26MAR290CE,23.0,23.35,20.1,20.1,20.1,12.7,304.0,20.1,15200,11400,9,5346885.0,9,F1,1900,,,,,
2026-02-18,2026-02-18,FO,NSE,STO,149059,,PETRONET,,2026-03-30,2026-03-30,307.5,PE,PETRONET26MAR307.5PE,0.0,0.0,0.0,31.55,0.0,31.55,304.0,11.5,0,0,0,0.0,0,F1,1900,,,,,
2026-02-18,2026-02-18,FO,NSE,STO,125530,,PETRONET,,2026-02-24,2026-02-24,295.0,CE,PETRONET26FEB295CE,4.8,14.7,4.8,9.9,9.75,4.85,304.0,9.9,541500,-393300,530,304555275.0,418,F1,1900,,,,,
2026-02-18,2026-02-18,FO,NSE,STO,148765,,PETRONET,,2026-02-24,2026-02-24,292.5,CE,PETRONET26FEB292.5CE,7.6,17.1,7.0,12.25,11.6,6.5,304.0,12.25,66500,-28500,93,53658755.0,92,F1,1900,,,,,
2026-02-18,2026-02-18,FO,NSE,STO,148703,,PETRONET,,2026-02-24,2026-02-24,257.5,CE,PETRONET26FEB257.5CE,0.0,0.0,0.0,28.7,0.0,28.7,304.0,46.75,0,0,0,0.0,0,F1,1900,,,,,
2026-02-18,2026-02-18,FO,NSE,STO,125517,,PETRONET,,2026-02-24,2026-02-24,270.0,PE,PETRONET26FEB270PE,0.3,0.35,0.15,0.2,0.15,0.4,304.0,0.2,957600,-146300,143,73418090.0,64,F1,1900,,,,,
2026-02-18,2026-02-18,FO,NSE,STO,125533,,PETRONET,,2026-02-24,2026-02-24,300.0,PE,PETRONET26FEB300PE,4.25,4.8,1.45,1.9,2.15,5.75,304.0,1.9,1523800,-1316700,2990,1716571340.0,1762,F1,1900,,,,,
2026-02-18,2026-02-18,FO,NSE,STO,148778,,PETRONET,,2026-02-24,2026-02-24,322.5,PE,PETRONET26FEB322.5PE,0.0,0.0,0.0,42.2,0.0,42.2,304.0,18.4,0,0,0,0.0,0,F1,1900,,,,,
2026-02-18,2026-02-18,FO,NSE,STO,148876,,PETRONET,,2026-03-30,2026-03-30,245.0,PE,PETRONET26MAR245PE,0.0,0.0,0.0,3.5,0.0,3.5,304.0,0.05,0,0,0,0.0,0,F1,1900,,,,,
2026-02-18,2026-02-18,FO,NSE,STO,148951,,PETRONET,,2026-03-30,2026-03-30,272.5,PE,PETRONET26MAR272.5PE,0.0,0.0,0.0,3.35,3.35,3.35,304.0,1.1,3800,0,0,0.0,0,F1,1900,,,,,
2026-02-18,2026-02-18,FO,NSE,STO,149193,,PETRONET,,2026-04-28,2026-04-28,340.0,PE,PETRONET26APR340PE,0.0,0.0,0.0,59.55,0.0,59.55,304.0,36.3,0,0,0,0.0,0,F1,1900,,,,,
2026-02-18,2026-02-18,FO,NSE,STO,149123,,PETRONET,,2026-04-28,2026-04-28,270.0,PE,PETRONET26APR270PE,0.0,0.0,0.0,11.2,0.0,11.2,304.0,2.15,0,0,0,0.0,0,F1,1900,,,,,
2026-02-18,2026-02-18,FO,NSE,STO,149121,,PETRONET,,2026-04-28,2026-04-28,265.0,PE,PETRONET26APR265PE,0.0,0.0,0.0,9.3,0.0,9.3,304.0,1.55,0,0,0,0.0,0,F1,1900,,,,,
2026-02-18,2026-02-18,FO,NSE,STO,149117,,PETRONET,,2026-04-28,2026-04-28,255.0,PE,PETRONET26APR255PE,0.0,0.0,0.0,6.1,0.0,6.1,304.0,0.7,0,0,0,0.0,0,F1,1900,,,,,
2026-02-18,2026-02-18,FO,NSE,STO,149115,,PETRONET,,2026-04-28,2026-04-28,250.0,PE,PETRONET26APR250PE,0.0,0.0,0.0,4.85,0.0,4.85,304.0,0.45,0,0,0,0.0,0,F1,1900,,,,,
2026-02-18,2026-02-18,FO,NSE,STO,149138,,PETRONET,,2026-04-28,2026-04-28,305.0,CE,PETRONET26APR305CE,0.0,0.0,0.0,8.45,0.0,8.45,304.0,15.0,0,0,0,0.0,0,F1,1900,,,,,
2026-02-18,2026-02-18,FO,NSE,STO,148979,,PETRONET,,2026-03-30,2026-03-30,340.0,CE,PETRONET26MAR340CE,2.75,3.05,1.5,1.55,1.5,2.55,304.0,1.55,43700,39900,37,24035095.0,20,F1,1900,,,,,
2026-02-18,2026-02-18,FO,NSE,STO,148977,,PETRONET,,2026-03-30,2026-03-30,335.0,CE,PETRONET26MAR335CE,0.0,0.0,0.0,3.45,3.45,3.45,304.0,2.15,22800,0,0,0.0,0,F1,1900,,,,,
2026-02-18,2026-02-18,FO,NSE,STO,149066,,PETRONET,,2026-03-30,2026-03-30,327.5,CE,PETRONET26MAR327.5CE,0.0,0.0,0.0,2.0,0.0,2.0,304.0,3.4,0,0,0,0.0,0,F1,1900,,,,,
2026-02-18,2026-02-18,FO,NSE,STO,125534,,PETRONET,,2026-02-24,2026-02-24,305.0,CE,PETRONET26FEB305CE,1.7,6.9,1.25,3.3,3.0,1.35,304.0,3.3,889200,-940500,5649,3312349420.0,4283,F1,1900,,,,,
2026-02-18,2026-02-18,FO,NSE,STO,125502,,PETRONET,,2026-02-24,2026-02-24,235.0,PE,PETRONET26FEB235PE,0.0,0.0,0.0,1.2,1.2,1.2,304.0,0.05,7600,0,0,0.0,0,F1,1900,,,,,
2026-02-18,2026-02-18,FO,NSE,STO,148702,,PETRONET,,2026-02-24,2026-02-24,252.5,PE,PETRONET26FEB252.5PE,0.0,0.0,0.0,0.15,0.15,0.15,304.0,0.05,133000,0,0,0.0,0,F1,1900,,,,,
2026-02-18,2026-02-18,FO,NSE,STO,148704,,PETRONET,,2026-02-24,2026-02-24,257.5,PE,PETRONET26FEB257.5PE,0.0,0.0,0.0,1.2,1.15,1.2,304.0,0.05,51300,0,0,0.0,0,F1,1900,,,,,
2026-02-18,2026-02-18,FO,NSE,STO,148980,,PETRONET,,2026-03-30,2026-03-30,340.0,PE,PETRONET26MAR340PE,0.0,0.0,0.0,57.95,0.0,57.95,304.0,35.5,0,0,0,0.0,0,F1,1900,,,,,
2026-02-18,2026-02-18,FO,NSE,STO,148978,,PETRONET,,2026-03-30,2026-03-30,335.0,PE,PETRONET26MAR335PE,0.0,0.0,0.0,53.55,0.0,53.55,304.0,31.15,0,0,0,0.0,0,F1,1900,,,,,
2026-02-18,2026-02-18,FO,NSE,STO,149065,,PETRONET,,2026-03-30,2026-03-30,322.5,PE,PETRONET26MAR322.5PE,0.0,0.0,0.0,43.95,0.0,43.95,304.0,21.15,0,0,0,0.0,0,F1,1900,,,,,
2026-02-18,2026-02-18,FO,NSE,STO,149068,,PETRONET,,2026-03-30,2026-03-30,332.5,CE,PETRONET26MAR332.5CE,0.0,0.0,0.0,1.55,0.0,1.55,304.0,2.5,0,0,0,0.0,0,F1,1900,,,,,
2026-02-18,2026-02-18,FO,NSE,STO,148965,,PETRONET,,2026-03-30,2026-03-30,305.0,CE,PETRONET26MAR305CE,8.35,13.1,7.0,9.55,9.25,6.45,304.0,9.55,195700,171000,146,87407695.0,138,F1,1900,,,,,
2026-02-18,2026-02-18,FO,NSE,STO,148963,,PETRONET,,2026-03-30,2026-03-30,300.0,CE,PETRONET26MAR300CE,9.25,16.5,9.25,12.65,11.65,8.95,304.0,12.65,476900,70300,318,189047720.0,246,F1,1900,,,,,
2026-02-18,2026-02-18,FO,NSE,STO,148763,,PETRONET,,2026-02-24,2026-02-24,287.5,CE,PETRONET26FEB287.5CE,11.95,18.3,11.6,18.3,18.3,10.7,304.0,16.95,290700,-7600,12,6850925.0,12,F1,1900,,,,,
2026-02-18,2026-02-18,FO,NSE,STO,125507,,PETRONET,,2026-02-24,2026-02-24,250.0,CE,PETRONET26FEB250CE,0.0,0.0,0.0,31.1,31.1,31.1,304.0,54.25,1900,0,0,0.0,0,F1,1900,,,,,
2026-02-18,2026-02-18,FO,NSE,STO,149127,,PETRONET,,2026-04-28,2026-04-28,280.0,PE,PETRONET26APR280PE,0.0,0.0,0.0,15.8,0.0,15.8,304.0,3.95,0,0,0,0.0,0,F1,1900,,,,,
2026-02-18,2026-02-18,FO,NSE,STO,148982,,PETRONET,,2026-03-30,2026-03-30,345.0,PE,PETRONET26MAR345PE,0.0,0.0,0.0,62.4,0.0,62.4,304.0,40.0,0,0,0,0.0,0,F1,1900,,,,,
2026-02-18,2026-02-18,FO,NSE,STO,149069,,PETRONET,,2026-03-30,2026-03-30,332.5,PE,PETRONET26MAR332.5PE,0.0,0.0,0.0,52.9,0.0,52.9,304.0,29.0,0,0,0,0.0,0,F1,1900,,,,,
2026-02-18,2026-02-18,FO,NSE,STO,125556,,PETRONET,,2026-02-24,2026-02-24,330.0,PE,PETRONET26FEB330PE,0.0,0.0,0.0,33.6,33.6,33.6,304.0,25.75,5700,0,0,0.0,0,F1,1900,,,,,
2026-02-18,2026-02-18,FO,NSE,STO,148772,,PETRONET,,2026-02-24,2026-02-24,307.5,PE,PETRONET26FEB307.5PE,5.8,6.6,4.0,5.75,5.9,13.9,304.0,5.75,91200,13300,121,71850305.0,110,F1,1900,,,,,
2026-02-18,2026-02-18,FO,NSE,STO,148762,,PETRONET,,2026-02-24,2026-02-24,282.5,PE,PETRONET26FEB282.5PE,0.5,0.55,0.25,0.3,0.25,0.75,304.0,0.3,172900,-62700,164,88151450.0,150,F1,1900,,,,,
2026-02-18,2026-02-18,FO,NSE,STO,149184,,PETRONET,,2026-04-28,2026-04-28,320.0,CE,PETRONET26APR320CE,0.0,0.0,0.0,5.1,0.0,5.1,304.0,8.75,0,0,0,0.0,0,F1,1900,,,,,
2026-02-18,2026-02-18,FO,NSE,STO,149114,,PETRONET,,2026-04-28,2026-04-28,250.0,CE,PETRONET26APR250CE,0.0,0.0,0.0,36.35,0.0,36.35,304.0,57.05,0,0,0,0.0,0,F1,1900,,,,,
2026-02-18,2026-02-18,FO,NSE,STO,148776,,PETRONET,,2026-02-24,2026-02-24,317.5,PE,PETRONET26FEB317.5PE,0.0,0.0,0.0,21.8,21.8,21.8,304.0,13.75,3800,0,0,0.0,0,F1,1900,,,,,
2026-02-18,2026-02-18,FO,NSE,STO,125514,,PETRONET,,2026-02-24,2026-02-24,265.0,PE,PETRONET26FEB265PE,0.2,0.2,0.15,0.2,0.2,0.35,304.0,0.05,391400,-45600,28,14108070.0,23,F1,1900,,,,,
2026-02-18,2026-02-18,FO,NSE,STO,125510,,PETRONET,,2026-02-24,2026-02-24,255.0,PE,PETRONET26FEB255PE,0.0,0.0,0.0,0.85,0.85,0.85,304.0,0.05,305900,0,0,0.0,0,F1,1900,,,,,
2026-02-18,2026-02-18,FO,NSE,STO,149132,,PETRONET,,2026-04-28,2026-04-28,290.0,CE,PETRONET26APR290CE,0.0,0.0,0.0,13.4,0.0,13.4,304.0,23.7,0,0,0,0.0,0,F1,1900,,,,,
2026-02-18,2026-02-18,FO,NSE,STO,148975,,PETRONET,,2026-03-30,2026-03-30,330.0,CE,PETRONET26MAR330CE,2.05,4.25,2.0,2.65,2.45,1.95,304.0,2.65,260300,152000,414,261626105.0,250,F1,1900,,,,,
2026-02-18,2026-02-18,FO,NSE,STO,148881,,PETRONET,,2026-03-30,2026-03-30,260.0,CE,PETRONET26MAR260CE,0.0,0.0,0.0,30.7,0.0,30.7,304.0,45.85,0,0,0,0.0,0,F1,1900,,,,,
2026-02-18,2026-02-18,FO,NSE,STO,125557,,PETRONET,,2026-02-24,2026-02-24,335.0,CE,PETRONET26FEB335CE,0.25,0.55,0.25,0.3,0.3,0.35,304.0,0.3,1084900,28500,335,213481910.0,180,F1,1900,,,,,
2026-02-18,2026-02-18,FO,NSE,STO,125505,,PETRONET,,2026-02-24,2026-02-24,245.0,CE,PETRONET26FEB245CE,0.0,0.0,0.0,35.9,0.0,35.9,304.0,59.2,0,0,0,0.0,0,F1,1900,,,,,
2026-02-18,2026-02-18,FO,NSE,STF,52002,,PETRONET,,2026-03-30,2026-03-30,,,PETRONET26MARFUT,299.7,310.9,298.75,306.15,305.5,298.25,304.0,306.15,10951600,4518200,2976,1713989905.0,1544,F1,1900,,,,,
2026-02-18,2026-02-18,FO,NSE,STO,149129,,PETRONET,,2026-04-28,2026-04-28,285.0,PE,PETRONET26APR285PE,0.0,0.0,0.0,18.4,0.0,18.4,304.0,5.2,0,0,0,0.0,0,F1,1900,,,,,
2026-02-18,2026-02-18,FO,NSE,STO,149125,,PETRONET,,2026-04-28,2026-04-28,275.0,PE,PETRONET26APR275PE,0.0,0.0,0.0,13.4,0.0,13.4,304.0,2.95,0,0,0,0.0,0,F1,1900,,,,,
2026-02-18,2026-02-18,FO,NSE,STO,149057,,PETRONET,,2026-03-30,2026-03-30,302.5,PE,PETRONET26MAR302.5PE,7.75,7.75,6.0,7.0,7.45,27.75,304.0,7.0,499700,499700,280,164320550.0,107,F1,1900,,,,,
2026-02-18,2026-02-18,FO,NSE,STO,148958,,PETRONET,,2026-03-30,2026-03-30,285.0,PE,PETRONET26MAR285PE,4.9,4.9,2.2,2.3,2.3,6.5,304.0,2.3,32300,22800,28,15300510.0,17,F1,1900,,,,,
2026-02-18,2026-02-18,FO,NSE,STO,148886,,PETRONET,,2026-03-30,2026-03-30,270.0,PE,PETRONET26MAR270PE,1.25,1.25,0.9,0.9,0.9,1.85,304.0,0.85,36100,-17100,13,6694080.0,8,F1,1900,,,,,
2026-02-18,2026-02-18,FO,NSE,STO,148780,,PETRONET,,2026-02-24,2026-02-24,327.5,PE,PETRONET26FEB327.5PE,0.0,0.0,0.0,46.6,0.0,46.6,304.0,23.25,0,0,0,0.0,0,F1,1900,,,,,
2026-02-18,2026-02-18,FO,NSE,STO,125512,,PETRONET,,2026-02-24,2026-02-24,260.0,PE,PETRONET26FEB260PE,0.2,0.2,0.15,0.15,0.15,0.25,304.0,0.15,153900,-28500,87,43003270.0,43,F1,1900,,,,,
2026-02-18,2026-02-18,FO,NSE,STO,149188,,PETRONET,,2026-04-28,2026-04-28,330.0,CE,PETRONET26APR330CE,0.0,0.0,0.0,3.55,0.0,3.55,304.0,5.9,0,0,0,0.0,0,F1,1900,,,,,
2026-02-18,2026-02-18,FO,NSE,STO,149118,,PETRONET,,2026-04-28,2026-04-28,260.0,CE,PETRONET26APR260CE,0.0,0.0,0.0,29.25,0.0,29.25,304.0,47.75,0,0,0,0.0,0,F1,1900,,,,,
2026-02-18,2026-02-18,FO,NSE,STO,148961,,PETRONET,,2026-03-30,2026-03-30,295.0,CE,PETRONET26MAR295CE,12.3,13.35,12.3,12.8,12.8,11.6,304.0,16.7,19000,3800,5,2924005.0,5,F1,1900,,,,,
2026-02-18,2026-02-18,FO,NSE,STO,149048,,PETRONET,,2026-03-30,2026-03-30,282.5,CE,PETRONET26MAR282.5CE,0.0,0.0,0.0,13.05,0.0,13.05,304.0,25.75,0,0,0,0.0,0,F1,1900,,,,,
2026-02-18,2026-02-18,FO,NSE,STO,148999,,PETRONET,,2026-03-30,2026-03-30,277.5,CE,PETRONET26MAR277.5CE,0.0,0.0,0.0,15.4,0.0,15.4,304.0,29.85,0,0,0,0.0,0,F1,1900,,,,,
2026-02-18,2026-02-18,FO,NSE,STO,148948,,PETRONET,,2026-03-30,2026-03-30,267.5,CE,PETRONET26MAR267.5CE,0.0,0.0,0.0,21.05,0.0,21.05,304.0,38.8,0,0,0,0.0,0,F1,1900,,,,,
2026-02-18,2026-02-18,FO,NSE,STO,148777,,PETRONET,,2026-02-24,2026-02-24,322.5,CE,PETRONET26FEB322.5CE,0.35,1.3,0.3,0.5,0.4,0.35,304.0,0.5,311600,235600,431,264724340.0,367,F1,1900,,,,,
2026-02-18,2026-02-18,FO,NSE,STO,125532,,PETRONET,,2026-02-24,2026-02-24,300.0,CE,PETRONET26FEB300CE,2.3,10.4,2.0,6.05,5.65,2.6,304.0,6.05,1814500,-1945600,5235,3041744200.0,4395,F1,1900,,,,,
2026-02-18,2026-02-18,FO,NSE,STO,148761,,PETRONET,,2026-02-24,2026-02-24,282.5,CE,PETRONET26FEB282.5CE,0.0,0.0,0.0,13.55,12.6,13.55,304.0,21.8,58900,0,0,0.0,0,F1,1900,,,,,
2026-02-18,2026-02-18,FO,NSE,STO,125511,,PETRONET,,2026-02-24,2026-02-24,260.0,CE,PETRONET26FEB260CE,0.0,0.0,0.0,24.0,24.0,24.0,304.0,44.25,5700,0,0,0.0,0,F1,1900,,,,,
2026-02-18,2026-02-18,FO,NSE,STO,149139,,PETRONET,,2026-04-28,2026-04-28,305.0,PE,PETRONET26APR305PE,0.0,0.0,0.0,31.1,0.0,31.1,304.0,12.85,0,0,0,0.0,0,F1,1900,,,,,
2026-02-18,2026-02-18,FO,NSE,STO,148964,,PETRONET,,2026-03-30,2026-03-30,300.0,PE,PETRONET26MAR300PE,8.75,9.1,5.2,6.05,6.1,10.1,304.0,6.05,773300,469300,453,263985145.0,257,F1,1900,,,,,
2026-02-18,2026-02-18,FO,NSE,STO,148949,,PETRONET,,2026-03-30,2026-03-30,267.5,PE,PETRONET26MAR267.5PE,0.0,0.0,0.0,8.05,0.0,8.05,304.0,0.7,0,0,0,0.0,0,F1,1900,,,,,
2026-02-18,2026-02-18,FO,NSE,STO,148882,,PETRONET,,2026-03-30,2026-03-30,260.0,PE,PETRONET26MAR260PE,0.0,0.0,0.0,1.9,1.9,1.9,304.0,0.3,13300,0,0,0.0,0,F1,1900,,,,,
2026-02-18,2026-02-18,FO,NSE,STO,148945,,PETRONET,,2026-03-30,2026-03-30,257.5,PE,PETRONET26MAR257.5PE,0.0,0.0,0.0,4.9,0.0,4.9,304.0,0.25,0,0,0,0.0,0,F1,1900,,,,,
2026-02-18,2026-02-18,FO,NSE,STO,148880,,PETRONET,,2026-03-30,2026-03-30,255.0,PE,PETRONET26MAR255PE,0.0,0.0,0.0,5.7,0.0,5.7,304.0,0.15,0,0,0,0.0,0,F1,1900,,,,,
2026-02-18,2026-02-18,FO,NSE,STO,148874,,PETRONET,,2026-03-30,2026-03-30,240.0,PE,PETRONET26MAR240PE,0.0,0.0,0.0,2.65,0.0,2.65,304.0,0.05,0,0,0,0.0,0,F1,1900,,,,,
2026-02-18,2026-02-18,FO,NSE,STO,125520,,PETRONET,,2026-02-24,2026-02-24,275.0,PE,PETRONET26FEB275PE,0.35,0.35,0.2,0.25,0.25,0.45,304.0,0.05,442700,-129200,217,113501915.0,125,F1,1900,,,,,
2026-02-18,2026-02-18,FO,NSE,STO,148885,,PETRONET,,2026-03-30,2026-03-30,270.0,CE,PETRONET26MAR270CE,0.0,0.0,0.0,24.3,0.0,24.3,304.0,36.5,0,0,0,0.0,0,F1,1900,,,,,
2026-02-18,2026-02-18,FO,NSE,STO,148981,,PETRONET,,2026-03-30,2026-03-30,345.0,CE,PETRONET26MAR345CE,0.0,0.0,0.0,2.3,2.3,2.3,304.0,1.1,5700,0,0,0.0,0,F1,1900,,,,,
2026-02-18,2026-02-18,FO,NSE,STO,149110,,PETRONET,,2026-04-28,2026-04-28,240.0,CE,PETRONET26APR240CE,0.0,0.0,0.0,44.25,0.0,44.25,304.0,66.65,0,0,0,0.0,0,F1,1900,,,,,
2026-02-18,2026-02-18,FO,NSE,STO,149126,,PETRONET,,2026-04-28,2026-04-28,280.0,CE,PETRONET26APR280CE,0.0,0.0,0.0,17.75,0.0,17.75,304.0,30.85,0,0,0,0.0,0,F1,1900,,,,,
2026-02-18,2026-02-18,FO,NSE,STO,125522,,PETRONET,,2026-02-24,2026-02-24,280.0,PE,PETRONET26FEB280PE,0.45,0.5,0.25,0.25,0.25,0.6,304.0,0.25,1071600,-207100,526,280171815.0,330,F1,1900,,,,,
2026-02-18,2026-02-18,FO,NSE,STO,148764,,PETRONET,,2026-02-24,2026-02-24,287.5,PE,PETRONET26FEB287.5PE,0.75,0.85,0.4,0.4,0.4,1.25,304.0,0.4,273600,53200,495,270900860.0,395,F1,1900,,,,,
2026-02-18,2026-02-18,FO,NSE,STO,125554,,PETRONET,,2026-02-24,2026-02-24,325.0,PE,PETRONET26FEB325PE,18.65,21.9,18.65,21.75,21.9,24.95,304.0,21.75,13300,1900,5,3276360.0,4,F1,1900,,,,,
2026-02-18,2026-02-18,FO,NSE,STO,148759,,PETRONET,,2026-02-24,2026-02-24,277.5,CE,PETRONET26FEB277.5CE,0.0,0.0,0.0,13.6,13.6,13.6,304.0,26.75,167200,0,0,0.0,0,F1,1900,,,,,
2026-02-18,2026-02-18,FO,NSE,STO,125560,,PETRONET,,2026-02-24,2026-02-24,340.0,PE,PETRONET26FEB340PE,35.65,35.65,35.65,35.65,35.65,48.2,304.0,35.7,0,-5700,3,2141205.0,1,F1,1900,,,,,
2026-02-18,2026-02-18,FO,NSE,STO,148947,,PETRONET,,2026-03-30,2026-03-30,262.5,PE,PETRONET26MAR262.5PE,0.0,0.0,0.0,6.35,0.0,6.35,304.0,0.4,0,0,0,0.0,0,F1,1900,,,,,
2026-02-18,2026-02-18,FO,NSE,STO,148884,,PETRONET,,2026-03-30,2026-03-30,265.0,PE,PETRONET26MAR265PE,0.0,0.0,0.0,4.0,4.0,4.0,304.0,0.55,3800,0,0,0.0,0,F1,1900,,,,,
2026-02-18,2026-02-18,FO,NSE,STO,149055,,PETRONET,,2026-03-30,2026-03-30,297.5,PE,PETRONET26MAR297.5PE,5.1,5.25,5.1,5.2,5.25,24.15,304.0,5.2,38000,38000,20,11501650.0,6,F1,1900,,,,,
2026-02-18,2026-02-18,FO,NSE,STO,149061,,PETRONET,,2026-03-30,2026-03-30,312.5,PE,PETRONET26MAR312.5PE,0.0,0.0,0.0,35.55,0.0,35.55,304.0,14.35,0,0,0,0.0,0,F1,1900,,,,,
2026-02-18,2026-02-18,FO,NSE,STO,125521,,PETRONET,,2026-02-24,2026-02-24,280.0,CE,PETRONET26FEB280CE,19.6,28.85,18.75,24.6,24.05,17.3,304.0,24.6,1027900,-520600,378,218487080.0,154,F1,1900,,,,,
2026-02-18,2026-02-18,FO,NSE,STO,148773,,PETRONET,,2026-02-24,2026-02-24,312.5,CE,PETRONET26FEB312.5CE,0.7,3.4,0.4,1.3,1.1,0.65,304.0,1.3,161500,41800,2317,1384058990.0,1844,F1,1900,,,,,
2026-02-18,2026-02-18,FO,NSE,STO,148782,,PETRONET,,2026-02-24,2026-02-24,332.5,PE,PETRONET26FEB332.5PE,0.0,0.0,0.0,51.15,0.0,51.15,304.0,28.2,0,0,0,0.0,0,F1,1900,,,,,
2026-02-18,2026-02-18,FO,NSE,STO,149067,,PETRONET,,2026-03-30,2026-03-30,327.5,PE,PETRONET26MAR327.5PE,0.0,0.0,0.0,48.35,0.0,48.35,304.0,24.95,0,0,0,0.0,0,F1,1900,,,,,
2026-02-18,2026-02-18,FO,NSE,STO,148972,,PETRONET,,2026-03-30,2026-03-30,320.0,PE,PETRONET26MAR320PE,21.3,21.3,15.6,15.95,15.95,41.1,304.0,19.3,5700,5700,5,3200075.0,5,F1,1900,,,,,
2026-02-18,2026-02-18,FO,NSE,STO,148888,,PETRONET,,2026-03-30,2026-03-30,275.0,PE,PETRONET26MAR275PE,1.75,1.75,1.75,1.75,1.75,2.5,304.0,1.4,5700,0,1,525825.0,1,F1,1900,,,,,
2026-02-18,2026-02-18,FO,NSE,STO,149183,,PETRONET,,2026-04-28,2026-04-28,315.0,PE,PETRONET26APR315PE,0.0,0.0,0.0,38.55,0.0,38.55,304.0,18.3,0,0,0,0.0,0,F1,1900,,,,,
2026-02-18,2026-02-18,FO,NSE,STO,149135,,PETRONET,,2026-04-28,2026-04-28,295.0,PE,PETRONET26APR295PE,0.0,0.0,0.0,24.35,0.0,24.35,304.0,8.45,0,0,0,0.0,0,F1,1900,,,,,
2026-02-18,2026-02-18,FO,NSE,STO,149111,,PETRONET,,2026-04-28,2026-04-28,240.0,PE,PETRONET26APR240PE,0.0,0.0,0.0,2.9,0.0,2.9,304.0,0.2,0,0,0,0.0,0,F1,1900,,,,,
2026-02-18,2026-02-18,FO,NSE,STO,148878,,PETRONET,,2026-03-30,2026-03-30,250.0,PE,PETRONET26MAR250PE,0.0,0.0,0.0,4.5,0.0,4.5,304.0,0.1,0,0,0,0.0,0,F1,1900,,,,,
2026-02-18,2026-02-18,FO,NSE,STO,129690,,PPLPHARMA,,2026-02-24,2026-02-24,125.0,CE,PPLPHARMA26FEB125CE,0.0,0.0,0.0,38.96,38.96,38.96,166.05,41.16,7875,0,0,0.0,0,F1,2625,,,,,
2026-02-18,2026-02-18,FO,NSE,STO,156194,,PPLPHARMA,,2026-02-24,2026-02-24,147.5,CE,PPLPHARMA26FEB147.5CE,0.0,0.0,0.0,16.7,16.7,16.7,166.05,18.69,34125,0,0,0.0,0,F1,2625,,,,,
2026-02-18,2026-02-18,FO,NSE,STO,156198,,PPLPHARMA,,2026-02-24,2026-02-24,157.5,CE,PPLPHARMA26FEB157.5CE,8.0,9.81,8.0,8.69,8.69,8.12,166.05,9.12,236250,-42000,21,9161460.0,21,F1,2625,,,,,
2026-02-18,2026-02-18,FO,NSE,STO,156206,,PPLPHARMA,,2026-02-24,2026-02-24,177.5,CE,PPLPHARMA26FEB177.5CE,0.22,0.61,0.22,0.48,0.48,0.58,166.05,0.48,52500,-39375,34,15884505.0,34,F1,2625,,,,,
2026-02-18,2026-02-18,FO,NSE,STO,156248,,PPLPHARMA,,2026-03-30,2026-03-30,155.0,CE,PPLPHARMA26MAR155CE,0.0,0.0,0.0,10.2,10.2,10.2,166.05,14.96,5250,0,0,0.0,0,F1,2625,,,,,
2026-02-18,2026-02-18,FO,NSE,STO,153106,,PPLPHARMA,,2026-03-30,2026-03-30,157.5,CE,PPLPHARMA26MAR157.5CE,0.0,0.0,0.0,9.23,0.0,9.23,166.05,13.23,0,0,0,0.0,0,F1,2625,,,,,
2026-02-18,2026-02-18,FO,NSE,STO,156254,,PPLPHARMA,,2026-03-30,2026-03-30,170.0,CE,PPLPHARMA26MAR170CE,4.7,5.56,4.48,5.05,5.09,4.88,166.05,5.05,574875,312375,187,85949981.25,142,F1,2625,,,,,
2026-02-18,2026-02-18,FO,NSE,STO,156260,,PPLPHARMA,,2026-03-30,2026-03-30,185.0,CE,PPLPHARMA26MAR185CE,2.1,2.1,1.52,1.52,1.52,10.14,166.05,2.18,5250,5250,2,980752.5,2,F1,2625,,,,,
2026-02-18,2026-02-18,FO,NSE,STO,153118,,PPLPHARMA,,2026-03-30,2026-03-30,187.5,CE,PPLPHARMA26MAR187.5CE,0.0,0.0,0.0,1.02,1.02,1.02,166.05,1.78,15750,0,0,0.0,0,F1,2625,,,,,
2026-02-18,2026-02-18,FO,NSE,STO,153148,,PPLPHARMA,,2026-04-28,2026-04-28,135.0,CE,PPLPHARMA26APR135CE,0.0,0.0,0.0,24.32,0.0,24.32,166.05,33.27,0,0,0,0.0,0,F1,2625,,,,,
2026-02-18,2026-02-18,FO,NSE,STO,153092,,PPLPHARMA,,2026-03-30,2026-03-30,152.5,CE,PPLPHARMA26MAR152.5CE,0.0,0.0,0.0,11.46,0.0,11.46,166.05,16.8,0,0,0,0.0,0,F1,2625,,,,,
2026-02-18,2026-02-18,FO,NSE,STO,153108,,PPLPHARMA,,2026-03-30,2026-03-30,162.5,CE,PPLPHARMA26MAR162.5CE,0.0,0.0,0.0,7.34,0.0,7.34,166.05,10.15,0,0,0,0.0,0,F1,2625,,,,,
2026-02-18,2026-02-18,FO,NSE,STO,153168,,PPLPHARMA,,2026-04-28,2026-04-28,185.0,CE,PPLPHARMA26APR185CE,0.0,0.0,0.0,4.04,0.0,4.04,166.05,4.29,0,0,0,0.0,0,F1,2625,,,,,
2026-02-18,2026-02-18,FO,NSE,STO,129727,,PPLPHARMA,,2026-02-24,2026-02-24,180.0,PE,PPLPHARMA26FEB180PE,14.94,14.97,14.37,14.37,14.37,14.83,166.05,14.37,152250,-2625,5,2555332.5,5,F1,2625,,,,,
2026-02-18,2026-02-18,FO,NSE,STO,129779,,PPLPHARMA,,2026-02-24,2026-02-24,190.0,PE,PPLPHARMA26FEB190PE,26.0,26.0,24.0,24.0,24.0,25.13,166.05,23.78,49875,-21000,13,7329735.0,11,F1,2625,,,,,
2026-02-18,2026-02-18,FO,NSE,STO,156237,,PPLPHARMA,,2026-03-30,2026-03-30,125.0,PE,PPLPHARMA26MAR125PE,0.0,0.0,0.0,0.81,0.0,0.81,166.05,0.04,0,0,0,0.0,0,F1,2625,,,,,
2026-02-18,2026-02-18,FO,NSE,STO,153091,,PPLPHARMA,,2026-03-30,2026-03-30,147.5,PE,PPLPHARMA26MAR147.5PE,0.0,0.0,0.0,7.57,0.0,7.57,166.05,1.36,0,0,0,0.0,0,F1,2625,,,,,
2026-02-18,2026-02-18,FO,NSE,STO,156271,,PPLPHARMA,,2026-03-30,2026-03-30,210.0,PE,PPLPHARMA26MAR210PE,0.0,0.0,0.0,52.36,52.36,52.36,166.05,42.9,10500,0,0,0.0,0,F1,2625,,,,,
2026-02-18,2026-02-18,FO,NSE,STO,153175,,PPLPHARMA,,2026-04-28,2026-04-28,200.0,PE,PPLPHARMA26APR200PE,0.0,0.0,0.0,46.58,0.0,46.58,166.05,33.66,0,0,0,0.0,0,F1,2625,,,,,
2026-02-18,2026-02-18,FO,NSE,STO,156204,,PPLPHARMA,,2026-02-24,2026-02-24,172.5,CE,PPLPHARMA26FEB172.5CE,1.12,1.32,0.7,0.98,0.95,1.15,166.05,0.98,325500,81375,98,44667183.75,75,F1,2625,,,,,
2026-02-18,2026-02-18,FO,NSE,STO,129728,,PPLPHARMA,,2026-02-24,2026-02-24,185.0,CE,PPLPHARMA26FEB185CE,0.17,0.21,0.13,0.2,0.2,0.24,166.05,0.2,141750,44625,43,20902481.25,40,F1,2625,,,,,
2026-02-18,2026-02-18,FO,NSE,STO,153164,,PPLPHARMA,,2026-04-28,2026-04-28,175.0,CE,PPLPHARMA26APR175CE,0.0,0.0,0.0,6.1,0.0,6.1,166.05,7.25,0,0,0,0.0,0,F1,2625,,,,,
2026-02-18,2026-02-18,FO,NSE,STO,156203,,PPLPHARMA,,2026-02-24,2026-02-24,167.5,PE,PPLPHARMA26FEB167.5PE,3.66,3.98,3.66,3.72,3.74,4.83,166.05,3.72,94500,-7875,7,3147480.0,7,F1,2625,,,,,
2026-02-18,2026-02-18,FO,NSE,STO,129723,,PPLPHARMA,,2026-02-24,2026-02-24,175.0,PE,PPLPHARMA26FEB175PE,10.87,11.05,9.71,9.71,9.71,13.5,166.05,9.71,60375,-2625,5,2433926.25,5,F1,2625,,,,,
2026-02-18,2026-02-18,FO,NSE,STO,129785,,PPLPHARMA,,2026-02-24,2026-02-24,205.0,PE,PPLPHARMA26FEB205PE,0.0,0.0,0.0,53.5,53.5,53.5,166.05,38.76,5250,0,0,0.0,0,F1,2625,,,,,
2026-02-18,2026-02-18,FO,NSE,STO,156239,,PPLPHARMA,,2026-03-30,2026-03-30,130.0,PE,PPLPHARMA26MAR130PE,0.0,0.0,0.0,1.25,0.0,1.25,166.05,0.1,0,0,0,0.0,0,F1,2625,,,,,
2026-02-18,2026-02-18,FO,NSE,STO,156245,,PPLPHARMA,,2026-03-30,2026-03-30,145.0,PE,PPLPHARMA26MAR145PE,1.4,2.0,1.4,1.84,1.89,4.5,166.05,1.84,10500,5250,5,1924965.0,5,F1,2625,,,,,
2026-02-18,2026-02-18,FO,NSE,STO,156263,,PPLPHARMA,,2026-03-30,2026-03-30,190.0,PE,PPLPHARMA26MAR190PE,26.5,26.61,25.9,26.0,26.1,26.8,166.05,26.0,57750,36750,14,7947345.0,11,F1,2625,,,,,
2026-02-18,2026-02-18,FO,NSE,STO,153143,,PPLPHARMA,,2026-04-28,2026-04-28,120.0,PE,PPLPHARMA26APR120PE,0.0,0.0,0.0,1.64,0.0,1.64,166.05,0.11,0,0,0,0.0,0,F1,2625,,,,,
2026-02-18,2026-02-18,FO,NSE,STO,153110,,PPLPHARMA,,2026-03-30,2026-03-30,167.5,CE,PPLPHARMA26MAR167.5CE,6.22,6.36,5.95,5.95,5.95,4.7,166.05,5.95,73500,68250,26,11853765.0,14,F1,2625,,,,,
2026-02-18,2026-02-18,FO,NSE,STO,129693,,PPLPHARMA,,2026-02-24,2026-02-24,130.0,CE,PPLPHARMA26FEB130CE,0.0,0.0,0.0,32.66,32.66,32.66,166.05,36.17,7875,0,0,0.0,0,F1,2625,,,,,
2026-02-18,2026-02-18,FO,NSE,STO,129699,,PPLPHARMA,,2026-02-24,2026-02-24,135.0,CE,PPLPHARMA26FEB135CE,0.0,0.0,0.0,26.4,26.4,26.4,166.05,31.17,7875,0,0,0.0,0,F1,2625,,,,,
2026-02-18,2026-02-18,FO,NSE,STO,129710,,PPLPHARMA,,2026-02-24,2026-02-24,155.0,CE,PPLPHARMA26FEB155CE,10.2,11.81,10.14,11.51,11.51,10.69,166.05,11.39,362250,-42000,28,12198191.25,23,F1,2625,,,,,
2026-02-18,2026-02-18,FO,NSE,STO,153038,,PPLPHARMA,,2026-03-30,2026-03-30,137.5,CE,PPLPHARMA26MAR137.5CE,0.0,0.0,0.0,20.38,0.0,20.38,166.05,29.74,0,0,0,0.0,0,F1,2625,,,,,
2026-02-18,2026-02-18,FO,NSE,STO,153040,,PPLPHARMA,,2026-03-30,2026-03-30,142.5,CE,PPLPHARMA26MAR142.5CE,0.0,0.0,0.0,17.03,0.0,17.03,166.05,25.14,0,0,0,0.0,0,F1,2625,,,,,
2026-02-18,2026-02-18,FO,NSE,STO,156250,,PPLPHARMA,,2026-03-30,2026-03-30,160.0,CE,PPLPHARMA26MAR160CE,8.93,9.16,8.9,9.16,9.16,8.91,166.05,11.63,126000,18375,9,3991968.75,9,F1,2625,,,,,
2026-02-18,2026-02-18,FO,NSE,STO,156258,,PPLPHARMA,,2026-03-30,2026-03-30,180.0,CE,PPLPHARMA26MAR180CE,2.37,2.72,2.12,2.35,2.35,2.37,166.05,3.22,147000,5250,52,24896628.75,42,F1,2625,,,,,
2026-02-18,2026-02-18,FO,NSE,STO,153093,,PPLPHARMA,,2026-03-30,2026-03-30,152.5,PE,PPLPHARMA26MAR152.5PE,0.0,0.0,0.0,9.92,0.0,9.92,166.05,2.34,0,0,0,0.0,0,F1,2625,,,,,
2026-02-18,2026-02-18,FO,NSE,STO,129717,,PPLPHARMA,,2026-02-24,2026-02-24,170.0,PE,PPLPHARMA26FEB170PE,6.0,6.0,5.25,5.4,5.42,6.7,166.05,5.4,228375,-65625,41,18905040.0,39,F1,2625,,,,,
2026-02-18,2026-02-18,FO,NSE,STO,129711,,PPLPHARMA,,2026-02-24,2026-02-24,155.0,PE,PPLPHARMA26FEB155PE,0.6,0.6,0.26,0.3,0.3,0.68,166.05,0.3,561750,-18375,102,41612891.25,79,F1,2625,,,,,
2026-02-18,2026-02-18,FO,NSE,STO,153160,,PPLPHARMA,,2026-04-28,2026-04-28,165.0,CE,PPLPHARMA26APR165CE,0.0,0.0,0.0,8.99,0.0,8.99,166.05,11.57,0,0,0,0.0,0,F1,2625,,,,,
2026-02-18,2026-02-18,FO,NSE,STO,153114,,PPLPHARMA,,2026-03-30,2026-03-30,177.5,CE,PPLPHARMA26MAR177.5CE,3.25,3.25,3.25,3.25,3.25,2.35,166.05,3.87,18375,2625,1,474468.75,1,F1,2625,,,,,
2026-02-18,2026-02-18,FO,NSE,STO,156240,,PPLPHARMA,,2026-03-30,2026-03-30,135.0,CE,PPLPHARMA26MAR135CE,0.0,0.0,0.0,40.15,0.0,40.15,166.05,32.1,0,0,0,0.0,0,F1,2625,,,,,
2026-02-18,2026-02-18,FO,NSE,STO,129782,,PPLPHARMA,,2026-02-24,2026-02-24,200.0,CE,PPLPHARMA26FEB200CE,0.06,0.07,0.06,0.06,0.06,0.09,166.05,0.06,469875,2625,12,6302100.0,12,F1,2625,,,,,
2026-02-18,2026-02-18,FO,NSE,STO,153163,,PPLPHARMA,,2026-04-28,2026-04-28,170.0,PE,PPLPHARMA26APR170PE,0.0,0.0,0.0,22.37,0.0,22.37,166.05,11.41,0,0,0,0.0,0,F1,2625,,,,,
2026-02-18,2026-02-18,FO,NSE,STO,156202,,PPLPHARMA,,2026-02-24,2026-02-24,167.5,CE,PPLPHARMA26FEB167.5CE,2.1,2.75,1.6,2.21,2.13,2.25,166.05,2.21,448875,-13125,222,98903673.75,184,F1,2625,,,,,
2026-02-18,2026-02-18,FO,NSE,STO,129714,,PPLPHARMA,,2026-02-24,2026-02-24,165.0,CE,PPLPHARMA26FEB165CE,3.25,4.1,2.48,3.3,3.16,3.25,166.05,3.3,1000125,-57750,500,221074691.25,337,F1,2625,,,,,
2026-02-18,2026-02-18,FO,NSE,STO,156200,,PPLPHARMA,,2026-02-24,2026-02-24,162.5,CE,PPLPHARMA26FEB162.5CE,4.2,5.53,4.18,5.01,5.14,4.79,166.05,5.01,160125,-34125,40,17568757.5,39,F1,2625,,,,,
2026-02-18,2026-02-18,FO,NSE,STO,153165,,PPLPHARMA,,2026-04-28,2026-04-28,175.0,PE,PPLPHARMA26APR175PE,0.0,0.0,0.0,25.97,0.0,25.97,166.05,14.39,0,0,0,0.0,0,F1,2625,,,,,
2026-02-18,2026-02-18,FO,NSE,STO,153161,,PPLPHARMA,,2026-04-28,2026-04-28,165.0,PE,PPLPHARMA26APR165PE,0.0,0.0,0.0,19.01,0.0,19.01,166.05,8.81,0,0,0,0.0,0,F1,2625,,,,,
2026-02-18,2026-02-18,FO,NSE,STO,153149,,PPLPHARMA,,2026-04-28,2026-04-28,135.0,PE,PPLPHARMA26APR135PE,0.0,0.0,0.0,4.8,0.0,4.8,166.05,0.82,0,0,0,0.0,0,F1,2625,,,,,
2026-02-18,2026-02-18,FO,NSE,STO,156249,,PPLPHARMA,,2026-03-30,2026-03-30,155.0,PE,PPLPHARMA26MAR155PE,3.36,3.5,3.34,3.46,3.47,3.76,166.05,3.46,55125,44625,20,8315685.0,19,F1,2625,,,,,
2026-02-18,2026-02-18,FO,NSE,STO,153041,,PPLPHARMA,,2026-03-30,2026-03-30,142.5,PE,PPLPHARMA26MAR142.5PE,0.0,0.0,0.0,4.06,4.06,4.06,166.05,0.73,5250,0,0,0.0,0,F1,2625,,,,,
2026-02-18,2026-02-18,FO,NSE,STO,156243,,PPLPHARMA,,2026-03-30,2026-03-30,140.0,PE,PPLPHARMA26MAR140PE,0.0,0.0,0.0,1.04,1.07,1.04,166.05,0.52,110250,0,0,0.0,0,F1,2625,,,,,
2026-02-18,2026-02-18,FO,NSE,STO,129729,,PPLPHARMA,,2026-02-24,2026-02-24,185.0,PE,PPLPHARMA26FEB185PE,19.05,19.56,19.05,19.5,19.45,19.63,166.05,19.5,63000,-7875,9,4829291.25,9,F1,2625,,,,,
2026-02-18,2026-02-18,FO,NSE,STO,129715,,PPLPHARMA,,2026-02-24,2026-02-24,165.0,PE,PPLPHARMA26FEB165PE,3.0,3.3,2.19,2.29,2.31,3.24,166.05,2.29,866250,-70875,165,72549986.25,136,F1,2625,,,,,
2026-02-18,2026-02-18,FO,NSE,STO,129713,,PPLPHARMA,,2026-02-24,2026-02-24,160.0,PE,PPLPHARMA26FEB160PE,1.18,1.3,0.76,0.78,0.76,1.47,166.05,0.78,588000,-84000,242,102257951.25,193,F1,2625,,,,,
2026-02-18,2026-02-18,FO,NSE,STO,129702,,PPLPHARMA,,2026-02-24,2026-02-24,140.0,PE,PPLPHARMA26FEB140PE,0.1,0.1,0.05,0.06,0.06,0.09,166.05,0.01,383250,-18375,28,10295538.75,24,F1,2625,,,,,
2026-02-18,2026-02-18,FO,NSE,STO,129700,,PPLPHARMA,,2026-02-24,2026-02-24,135.0,PE,PPLPHARMA26FEB135PE,0.04,0.05,0.04,0.04,0.04,0.04,166.05,0.01,42000,-7875,3,1063466.25,3,F1,2625,,,,,
2026-02-18,2026-02-18,FO,NSE,STO,156242,,PPLPHARMA,,2026-03-30,2026-03-30,140.0,CE,PPLPHARMA26MAR140CE,0.0,0.0,0.0,16.45,16.45,16.45,166.05,27.41,102375,0,0,0.0,0,F1,2625,,,,,
2026-02-18,2026-02-18,FO,NSE,STO,156236,,PPLPHARMA,,2026-03-30,2026-03-30,125.0,CE,PPLPHARMA26MAR125CE,0.0,0.0,0.0,48.96,0.0,48.96,166.05,41.84,0,0,0,0.0,0,F1,2625,,,,,
2026-02-18,2026-02-18,FO,NSE,STO,129722,,PPLPHARMA,,2026-02-24,2026-02-24,175.0,CE,PPLPHARMA26FEB175CE,0.63,0.96,0.46,0.69,0.7,0.81,166.05,0.69,1241625,123375,355,163712745.0,250,F1,2625,,,,,
2026-02-18,2026-02-18,FO,NSE,STO,156192,,PPLPHARMA,,2026-02-24,2026-02-24,142.5,CE,PPLPHARMA26FEB142.5CE,0.0,0.0,0.0,22.92,22.92,22.92,166.05,23.68,18375,0,0,0.0,0,F1,2625,,,,,
2026-02-18,2026-02-18,FO,NSE,STO,153153,,PPLPHARMA,,2026-04-28,2026-04-28,145.0,PE,PPLPHARMA26APR145PE,0.0,0.0,0.0,8.32,0.0,8.32,166.05,2.19,0,0,0,0.0,0,F1,2625,,,,,
2026-02-18,2026-02-18,FO,NSE,STO,153151,,PPLPHARMA,,2026-04-28,2026-04-28,140.0,PE,PPLPHARMA26APR140PE,0.0,0.0,0.0,6.41,0.0,6.41,166.05,1.38,0,0,0,0.0,0,F1,2625,,,,,
2026-02-18,2026-02-18,FO,NSE,STO,153115,,PPLPHARMA,,2026-03-30,2026-03-30,177.5,PE,PPLPHARMA26MAR177.5PE,0.0,0.0,0.0,26.65,0.0,26.65,166.05,14.26,0,0,0,0.0,0,F1,2625,,,,,
2026-02-18,2026-02-18,FO,NSE,STO,156247,,PPLPHARMA,,2026-03-30,2026-03-30,150.0,PE,PPLPHARMA26MAR150PE,2.22,2.22,2.13,2.18,2.18,2.34,166.05,1.8,115500,13125,10,3994803.75,8,F1,2625,,,,,
2026-02-18,2026-02-18,FO,NSE,STO,153170,,PPLPHARMA,,2026-04-28,2026-04-28,190.0,CE,PPLPHARMA26APR190CE,0.0,0.0,0.0,3.26,0.0,3.26,166.05,3.24,0,0,0,0.0,0,F1,2625,,,,,
2026-02-18,2026-02-18,FO,NSE,STO,156262,,PPLPHARMA,,2026-03-30,2026-03-30,190.0,CE,PPLPHARMA26MAR190CE,1.5,1.5,1.19,1.19,1.19,1.0,166.05,1.44,5250,2625,2,1004561.25,2,F1,2625,,,,,
2026-02-18,2026-02-18,FO,NSE,STO,129778,,PPLPHARMA,,2026-02-24,2026-02-24,190.0,CE,PPLPHARMA26FEB190CE,0.12,0.12,0.08,0.08,0.08,0.18,166.05,0.08,517125,102375,123,61379902.5,60,F1,2625,,,,,
2026-02-18,2026-02-18,FO,NSE,STO,153090,,PPLPHARMA,,2026-03-30,2026-03-30,147.5,CE,PPLPHARMA26MAR147.5CE,0.0,0.0,0.0,14.06,0.0,14.06,166.05,20.8,0,0,0,0.0,0,F1,2625,,,,,
2026-02-18,2026-02-18,FO,NSE,STO,156208,,PPLPHARMA,,2026-02-24,2026-02-24,182.5,CE,PPLPHARMA26FEB182.5CE,0.51,0.51,0.22,0.24,0.25,0.29,166.05,0.24,70875,-18375,33,15836913.75,26,F1,2625,,,,,
2026-02-18,2026-02-18,FO,NSE,STO,156270,,PPLPHARMA,,2026-03-30,2026-03-30,210.0,CE,PPLPHARMA26MAR210CE,0.0,0.0,0.0,0.14,0.14,0.14,166.05,0.21,13125,0,0,0.0,0,F1,2625,,,,,
2026-02-18,2026-02-18,FO,NSE,STO,153116,,PPLPHARMA,,2026-03-30,2026-03-30,182.5,CE,PPLPHARMA26MAR182.5CE,0.0,0.0,0.0,2.2,2.2,2.2,166.05,2.66,0,0,0,0.0,0,F1,2625,,,,,
2026-02-18,2026-02-18,FO,NSE,STO,156256,,PPLPHARMA,,2026-03-30,2026-03-30,175.0,CE,PPLPHARMA26MAR175CE,3.3,3.9,3.2,3.49,3.48,3.35,166.05,3.49,168000,120750,67,31416157.5,49,F1,2625,,,,,
2026-02-18,2026-02-18,FO,NSE,STO,156238,,PPLPHARMA,,2026-03-30,2026-03-30,130.0,CE,PPLPHARMA26MAR130CE,0.0,0.0,0.0,44.47,0.0,44.47,166.05,36.93,0,0,0,0.0,0,F1,2625,,,,,
2026-02-18,2026-02-18,FO,NSE,STO,153159,,PPLPHARMA,,2026-04-28,2026-04-28,160.0,PE,PPLPHARMA26APR160PE,0.0,0.0,0.0,15.91,0.0,15.91,166.05,6.59,0,0,0,0.0,0,F1,2625,,,,,
2026-02-18,2026-02-18,FO,NSE,STO,153157,,PPLPHARMA,,2026-04-28,2026-04-28,155.0,PE,PPLPHARMA26APR155PE,0.0,0.0,0.0,13.08,0.0,13.08,166.05,4.76,0,0,0,0.0,0,F1,2625,,,,,
2026-02-18,2026-02-18,FO,NSE,STO,153155,,PPLPHARMA,,2026-04-28,2026-04-28,150.0,PE,PPLPHARMA26APR150PE,0.0,0.0,0.0,10.55,0.0,10.55,166.05,3.31,0,0,0,0.0,0,F1,2625,,,,,
2026-02-18,2026-02-18,FO,NSE,STO,153113,,PPLPHARMA,,2026-03-30,2026-03-30,172.5,PE,PPLPHARMA26MAR172.5PE,0.0,0.0,0.0,22.74,0.0,22.74,166.05,10.91,0,0,0,0.0,0,F1,2625,,,,,
2026-02-18,2026-02-18,FO,NSE,STO,153039,,PPLPHARMA,,2026-03-30,2026-03-30,137.5,PE,PPLPHARMA26MAR137.5PE,0.0,0.0,0.0,3.99,0.0,3.99,166.05,0.36,0,0,0,0.0,0,F1,2625,,,,,
2026-02-18,2026-02-18,FO,NSE,STO,129794,,PPLPHARMA,,2026-02-24,2026-02-24,220.0,PE,PPLPHARMA26FEB220PE,0.0,0.0,0.0,48.2,48.2,48.2,166.05,53.75,5250,0,0,0.0,0,F1,2625,,,,,
2026-02-18,2026-02-18,FO,NSE,STO,156197,,PPLPHARMA,,2026-02-24,2026-02-24,152.5,PE,PPLPHARMA26FEB152.5PE,0.2,0.25,0.17,0.18,0.18,0.52,166.05,0.18,175875,-23625,19,7615650.0,18,F1,2625,,,,,
2026-02-18,2026-02-18,FO,NSE,STO,129704,,PPLPHARMA,,2026-02-24,2026-02-24,145.0,PE,PPLPHARMA26FEB145PE,0.18,0.18,0.05,0.05,0.05,0.16,166.05,0.05,157500,-149625,78,29709566.25,54,F1,2625,,,,,
2026-02-18,2026-02-18,FO,NSE,STO,156191,,PPLPHARMA,,2026-02-24,2026-02-24,137.5,PE,PPLPHARMA26FEB137.5PE,0.0,0.0,0.0,1.02,0.0,1.02,166.05,0.01,0,0,0,0.0,0,F1,2625,,,,,
2026-02-18,2026-02-18,FO,NSE,STO,153156,,PPLPHARMA,,2026-04-28,2026-04-28,155.0,CE,PPLPHARMA26APR155CE,0.0,0.0,0.0,12.91,0.0,12.91,166.05,17.42,0,0,0,0.0,0,F1,2625,,,,,
2026-02-18,2026-02-18,FO,NSE,STO,153152,,PPLPHARMA,,2026-04-28,2026-04-28,145.0,CE,PPLPHARMA26APR145CE,0.0,0.0,0.0,17.99,0.0,17.99,166.05,24.74,0,0,0,0.0,0,F1,2625,,,,,
2026-02-18,2026-02-18,FO,NSE,STO,153146,,PPLPHARMA,,2026-04-28,2026-04-28,130.0,CE,PPLPHARMA26APR130CE,0.0,0.0,0.0,27.92,0.0,27.92,166.05,37.86,0,0,0,0.0,0,F1,2625,,,,,
2026-02-18,2026-02-18,FO,NSE,STO,156195,,PPLPHARMA,,2026-02-24,2026-02-24,147.5,PE,PPLPHARMA26FEB147.5PE,0.09,0.09,0.09,0.09,0.09,0.46,166.05,0.09,220500,-7875,5,1937118.75,5,F1,2625,,,,,
2026-02-18,2026-02-18,FO,NSE,STO,153162,,PPLPHARMA,,2026-04-28,2026-04-28,170.0,CE,PPLPHARMA26APR170CE,0.0,0.0,0.0,7.43,0.0,7.43,166.05,9.22,0,0,0,0.0,0,F1,2625,,,,,
2026-02-18,2026-02-18,FO,NSE,STO,153154,,PPLPHARMA,,2026-04-28,2026-04-28,150.0,CE,PPLPHARMA26APR150CE,0.0,0.0,0.0,15.3,0.0,15.3,166.05,20.91,0,0,0,0.0,0,F1,2625,,,,,
2026-02-18,2026-02-18,FO,NSE,STO,129780,,PPLPHARMA,,2026-02-24,2026-02-24,195.0,CE,PPLPHARMA26FEB195CE,0.12,0.12,0.08,0.08,0.08,0.12,166.05,0.08,115500,86625,46,23557248.75,39,F1,2625,,,,,
2026-02-18,2026-02-18,FO,NSE,STO,129726,,PPLPHARMA,,2026-02-24,2026-02-24,180.0,CE,PPLPHARMA26FEB180CE,0.35,0.42,0.21,0.34,0.33,0.39,166.05,0.34,1218000,-105000,133,62947211.25,118,F1,2625,,,,,
2026-02-18,2026-02-18,FO,NSE,STF,59456,,PPLPHARMA,,2026-02-24,2026-02-24,,,PPLPHARMA26FEBFUT,162.67,166.76,162.67,165.96,165.84,164.96,166.05,165.96,19761000,-606375,1353,588338520.0,1179,F1,2625,,,,,
2026-02-18,2026-02-18,FO,NSE,STO,153117,,PPLPHARMA,,2026-03-30,2026-03-30,182.5,PE,PPLPHARMA26MAR182.5PE,0.0,0.0,0.0,30.78,0.0,30.78,166.05,18.01,0,0,0,0.0,0,F1,2625,,,,,
2026-02-18,2026-02-18,FO,NSE,STO,153111,,PPLPHARMA,,2026-03-30,2026-03-30,167.5,PE,PPLPHARMA26MAR167.5PE,0.0,0.0,0.0,19.07,0.0,19.07,166.05,8.01,0,0,0,0.0,0,F1,2625,,,,,
2026-02-18,2026-02-18,FO,NSE,STO,129709,,PPLPHARMA,,2026-02-24,2026-02-24,150.0,PE,PPLPHARMA26FEB150PE,0.3,0.3,0.13,0.14,0.13,0.33,166.05,0.14,966000,-26250,49,19320997.5,39,F1,2625,,,,,
2026-02-18,2026-02-18,FO,NSE,STO,153107,,PPLPHARMA,,2026-03-30,2026-03-30,157.5,PE,PPLPHARMA26MAR157.5PE,0.0,0.0,0.0,12.63,0.0,12.63,166.05,3.74,0,0,0,0.0,0,F1,2625,,,,,
2026-02-18,2026-02-18,FO,NSE,STO,153169,,PPLPHARMA,,2026-04-28,2026-04-28,185.0,PE,PPLPHARMA26APR185PE,0.0,0.0,0.0,33.76,0.0,33.76,166.05,21.33,0,0,0,0.0,0,F1,2625,,,,,
2026-02-18,2026-02-18,FO,NSE,STO,156252,,PPLPHARMA,,2026-03-30,2026-03-30,165.0,CE,PPLPHARMA26MAR165CE,6.32,7.82,6.31,7.09,7.09,6.66,166.05,7.09,175875,63000,65,29370836.25,62,F1,2625,,,,,
2026-02-18,2026-02-18,FO,NSE,STF,52015,,PPLPHARMA,,2026-03-30,2026-03-30,,,PPLPHARMA26MARFUT,164.0,165.17,163.0,164.7,164.61,163.72,166.05,164.7,8360625,1491000,984,424398922.5,845,F1,2625,,,,,
2026-02-18,2026-02-18,FO,NSE,STO,129701,,PPLPHARMA,,2026-02-24,2026-02-24,140.0,CE,PPLPHARMA26FEB140CE,0.0,0.0,0.0,18.9,18.9,18.9,166.05,26.18,28875,0,0,0.0,0,F1,2625,,,,,
2026-02-18,2026-02-18,FO,NSE,STO,129708,,PPLPHARMA,,2026-02-24,2026-02-24,150.0,CE,PPLPHARMA26FEB150CE,0.0,0.0,0.0,15.66,15.71,15.66,166.05,16.22,301875,0,0,0.0,0,F1,2625,,,,,
2026-02-18,2026-02-18,FO,NSE,STO,129716,,PPLPHARMA,,2026-02-24,2026-02-24,170.0,CE,PPLPHARMA26FEB170CE,1.56,2.0,1.05,1.47,1.41,1.59,166.05,1.47,3307500,21000,1401,631106227.5,1116,F1,2625,,,,,
2026-02-18,2026-02-18,FO,NSE,STO,156244,,PPLPHARMA,,2026-03-30,2026-03-30,145.0,CE,PPLPHARMA26MAR145CE,0.0,0.0,0.0,32.09,0.0,32.09,166.05,22.93,0,0,0,0.0,0,F1,2625,,,,,
2026-02-18,2026-02-18,FO,NSE,STO,153150,,PPLPHARMA,,2026-04-28,2026-04-28,140.0,CE,PPLPHARMA26APR140CE,0.0,0.0,0.0,21.0,0.0,21.0,166.05,28.88,0,0,0,0.0,0,F1,2625,,,,,
2026-02-18,2026-02-18,FO,NSE,STO,156207,,PPLPHARMA,,2026-02-24,2026-02-24,177.5,PE,PPLPHARMA26FEB177.5PE,0.0,0.0,0.0,12.85,12.85,12.85,166.05,11.55,5250,0,0,0.0,0,F1,2625,,,,,
2026-02-18,2026-02-18,FO,NSE,STO,156193,,PPLPHARMA,,2026-02-24,2026-02-24,142.5,PE,PPLPHARMA26FEB142.5PE,0.04,0.04,0.04,0.04,0.04,0.47,166.05,0.04,147000,0,4,1496670.0,3,F1,2625,,,,,
2026-02-18,2026-02-18,FO,NSE,STO,129694,,PPLPHARMA,,2026-02-24,2026-02-24,130.0,PE,PPLPHARMA26FEB130PE,0.0,0.0,0.0,0.03,0.03,0.03,166.05,0.01,78750,0,0,0.0,0,F1,2625,,,,,
2026-02-18,2026-02-18,FO,NSE,STO,156246,,PPLPHARMA,,2026-03-30,2026-03-30,150.0,CE,PPLPHARMA26MAR150CE,0.0,0.0,0.0,18.94,18.94,18.94,166.05,18.75,91875,0,0,0.0,0,F1,2625,,,,,
2026-02-18,2026-02-18,FO,NSE,STO,153171,,PPLPHARMA,,2026-04-28,2026-04-28,190.0,PE,PPLPHARMA26APR190PE,0.0,0.0,0.0,37.9,0.0,37.9,166.05,25.22,0,0,0,0.0,0,F1,2625,,,,,
2026-02-18,2026-02-18,FO,NSE,STO,153167,,PPLPHARMA,,2026-04-28,2026-04-28,180.0,PE,PPLPHARMA26APR180PE,0.0,0.0,0.0,29.78,0.0,29.78,166.05,17.7,0,0,0,0.0,0,F1,2625,,,,,
2026-02-18,2026-02-18,FO,NSE,STO,156255,,PPLPHARMA,,2026-03-30,2026-03-30,170.0,PE,PPLPHARMA26MAR170PE,10.03,10.18,10.03,10.18,10.18,10.77,166.05,9.4,73500,5250,2,945551.25,2,F1,2625,,,,,
2026-02-18,2026-02-18,FO,NSE,STO,129783,,PPLPHARMA,,2026-02-24,2026-02-24,200.0,PE,PPLPHARMA26FEB200PE,34.5,34.6,33.41,34.25,34.25,35.09,166.05,34.25,97125,-13125,8,4913921.25,7,F1,2625,,,,,
2026-02-18,2026-02-18,FO,NSE,STO,129781,,PPLPHARMA,,2026-02-24,2026-02-24,195.0,PE,PPLPHARMA26FEB195PE,29.0,29.4,29.0,29.33,29.4,30.19,166.05,29.33,57750,-18375,7,4119937.5,5,F1,2625,,,,,
2026-02-18,2026-02-18,FO,NSE,STO,156196,,PPLPHARMA,,2026-02-24,2026-02-24,152.5,CE,PPLPHARMA26FEB152.5CE,0.0,0.0,0.0,13.32,13.32,13.32,166.05,13.77,391125,0,0,0.0,0,F1,2625,,,,,
2026-02-18,2026-02-18,FO,NSE,STF,66998,,PPLPHARMA,,2026-04-28,2026-04-28,,,PPLPHARMA26APRFUT,163.71,164.75,162.88,164.63,164.5,163.32,166.05,164.63,451500,10500,18,7742568.75,18,F1,2625,,,,,
2026-02-18,2026-02-18,FO,NSE,STO,153142,,PPLPHARMA,,2026-04-28,2026-04-28,120.0,CE,PPLPHARMA26APR120CE,0.0,0.0,0.0,35.93,0.0,35.93,166.05,47.41,0,0,0,0.0,0,F1,2625,,,,,
2026-02-18,2026-02-18,FO,NSE,STO,156199,,PPLPHARMA,,2026-02-24,2026-02-24,157.5,PE,PPLPHARMA26FEB157.5PE,0.65,0.82,0.47,0.51,0.51,0.92,166.05,0.43,84000,-126000,107,44402321.25,104,F1,2625,,,,,
2026-02-18,2026-02-18,FO,NSE,STO,156205,,PPLPHARMA,,2026-02-24,2026-02-24,172.5,PE,PPLPHARMA26FEB172.5PE,7.12,7.66,7.12,7.5,7.5,7.97,166.05,7.5,18375,-2625,3,1416922.5,3,F1,2625,,,,,
2026-02-18,2026-02-18,FO,NSE,STO,156209,,PPLPHARMA,,2026-02-24,2026-02-24,182.5,PE,PPLPHARMA26FEB182.5PE,0.0,0.0,0.0,17.15,0.0,17.15,166.05,16.34,0,0,0,0.0,0,F1,2625,,,,,
2026-02-18,2026-02-18,FO,NSE,STO,156251,,PPLPHARMA,,2026-03-30,2026-03-30,160.0,PE,PPLPHARMA26MAR160PE,5.19,5.46,4.9,5.14,5.19,5.45,166.05,5.14,212625,28875,29,12571650.0,29,F1,2625,,,,,
2026-02-18,2026-02-18,FO,NSE,STO,156210,,PPLPHARMA,,2026-02-24,2026-02-24,187.5,CE,PPLPHARMA26FEB187.5CE,0.0,0.0,0.0,0.23,0.23,0.23,166.05,0.01,34125,0,0,0.0,0,F1,2625,,,,,
2026-02-18,2026-02-18,FO,NSE,STO,153112,,PPLPHARMA,,2026-03-30,2026-03-30,172.5,CE,PPLPHARMA26MAR172.5CE,0.0,0.0,0.0,3.46,3.46,3.46,166.05,5.49,7875,0,0,0.0,0,F1,2625,,,,,
2026-02-18,2026-02-18,FO,NSE,STO,153158,,PPLPHARMA,,2026-04-28,2026-04-28,160.0,CE,PPLPHARMA26APR160CE,0.0,0.0,0.0,10.81,0.0,10.81,166.05,14.3,0,0,0,0.0,0,F1,2625,,,,,
2026-02-18,2026-02-18,FO,NSE,STO,156211,,PPLPHARMA,,2026-02-24,2026-02-24,187.5,PE,PPLPHARMA26FEB187.5PE,22.15,22.15,22.08,22.08,22.08,26.06,166.05,21.29,2625,-13125,6,3301068.75,3,F1,2625,,,,,
2026-02-18,2026-02-18,FO,NSE,STO,153109,,PPLPHARMA,,2026-03-30,2026-03-30,162.5,PE,PPLPHARMA26MAR162.5PE,0.0,0.0,0.0,10.3,10.3,10.3,166.05,5.62,31500,0,0,0.0,0,F1,2625,,,,,
2026-02-18,2026-02-18,FO,NSE,STO,156257,,PPLPHARMA,,2026-03-30,2026-03-30,175.0,PE,PPLPHARMA26MAR175PE,0.0,0.0,0.0,15.0,15.0,15.0,166.05,12.53,2625,0,0,0.0,0,F1,2625,,,,,
2026-02-18,2026-02-18,FO,NSE,STO,156261,,PPLPHARMA,,2026-03-30,2026-03-30,185.0,PE,PPLPHARMA26MAR185PE,21.18,22.02,21.0,21.44,21.39,23.25,166.05,21.44,26250,15750,10,5419890.0,10,F1,2625,,,,,
2026-02-18,2026-02-18,FO,NSE,STO,129703,,PPLPHARMA,,2026-02-24,2026-02-24,145.0,CE,PPLPHARMA26FEB145CE,0.0,0.0,0.0,19.15,19.15,19.15,166.05,21.18,36750,0,0,0.0,0,F1,2625,,,,,
2026-02-18,2026-02-18,FO,NSE,STO,129712,,PPLPHARMA,,2026-02-24,2026-02-24,160.0,CE,PPLPHARMA26FEB160CE,6.5,7.55,5.5,6.7,6.56,6.66,166.05,6.7,742875,-86625,105,45873476.25,96,F1,2625,,,,,
2026-02-18,2026-02-18,FO,NSE,STO,153147,,PPLPHARMA,,2026-04-28,2026-04-28,130.0,PE,PPLPHARMA26APR130PE,0.0,0.0,0.0,3.48,0.0,3.48,166.05,0.46,0,0,0,0.0,0,F1,2625,,,,,
2026-02-18,2026-02-18,FO,NSE,STO,153166,,PPLPHARMA,,2026-04-28,2026-04-28,180.0,CE,PPLPHARMA26APR180CE,0.0,0.0,0.0,4.98,0.0,4.98,166.05,5.62,0,0,0,0.0,0,F1,2625,,,,,
2026-02-18,2026-02-18,FO,NSE,STO,153174,,PPLPHARMA,,2026-04-28,2026-04-28,200.0,CE,PPLPHARMA26APR200CE,0.0,0.0,0.0,2.09,0.0,2.09,166.05,1.78,0,0,0,0.0,0,F1,2625,,,,,
2026-02-18,2026-02-18,FO,NSE,STO,156267,,PPLPHARMA,,2026-03-30,2026-03-30,200.0,PE,PPLPHARMA26MAR200PE,36.0,36.0,34.35,35.08,35.0,37.0,166.05,35.08,39375,34125,13,8025963.75,11,F1,2625,,,,,
2026-02-18,2026-02-18,FO,NSE,STO,153119,,PPLPHARMA,,2026-03-30,2026-03-30,187.5,PE,PPLPHARMA26MAR187.5PE,24.0,24.0,23.5,23.5,23.5,29.55,166.05,22.1,36750,15750,6,3324562.5,4,F1,2625,,,,,
2026-02-18,2026-02-18,FO,NSE,STO,156259,,PPLPHARMA,,2026-03-30,2026-03-30,180.0,PE,PPLPHARMA26MAR180PE,17.8,18.0,17.72,18.0,18.0,18.75,166.05,16.09,42000,10500,4,2077398.75,4,F1,2625,,,,,
2026-02-18,2026-02-18,FO,NSE,STO,156253,,PPLPHARMA,,2026-03-30,2026-03-30,165.0,PE,PPLPHARMA26MAR165PE,8.0,8.0,7.07,7.34,7.34,8.0,166.05,6.75,120750,89250,55,24911092.5,50,F1,2625,,,,,
2026-02-18,2026-02-18,FO,NSE,STO,156241,,PPLPHARMA,,2026-03-30,2026-03-30,135.0,PE,PPLPHARMA26MAR135PE,0.0,0.0,0.0,1.85,0.0,1.85,166.05,0.24,0,0,0,0.0,0,F1,2625,,,,,
2026-02-18,2026-02-18,FO,NSE,STO,156201,,PPLPHARMA,,2026-02-24,2026-02-24,162.5,PE,PPLPHARMA26FEB162.5PE,1.65,1.84,1.3,1.34,1.4,2.18,166.05,1.34,312375,13125,102,43921053.75,98,F1,2625,,,,,
2026-02-18,2026-02-18,FO,NSE,STO,156190,,PPLPHARMA,,2026-02-24,2026-02-24,137.5,CE,PPLPHARMA26FEB137.5CE,0.0,0.0,0.0,24.4,24.4,24.4,166.05,28.67,15750,0,0,0.0,0,F1,2625,,,,,
2026-02-18,2026-02-18,FO,NSE,STO,129691,,PPLPHARMA,,2026-02-24,2026-02-24,125.0,PE,PPLPHARMA26FEB125PE,0.0,0.0,0.0,0.02,0.02,0.02,166.05,0.01,60375,0,0,0.0,0,F1,2625,,,,,
2026-02-18,2026-02-18,FO,NSE,STO,167772,,SIEMENS,,2026-04-28,2026-04-28,3800.0,CE,SIEMENS26APR3800CE,0.0,0.0,0.0,22.85,0.0,22.85,3187.9,27.95,0,0,0,0.0,0,F1,175,,,,,
2026-02-18,2026-02-18,FO,NSE,STO,135914,,SIEMENS,,2026-02-24,2026-02-24,2900.0,CE,SIEMENS26FEB2900CE,291.0,312.45,291.0,295.0,295.0,321.6,3187.9,290.95,18375,-350,4,2240603.75,4,F1,175,,,,,
2026-02-18,2026-02-18,FO,NSE,STO,135926,,SIEMENS,,2026-02-24,2026-02-24,3500.0,CE,SIEMENS26FEB3500CE,3.0,3.15,1.9,2.05,2.1,3.4,3187.9,2.05,92575,-4900,492,301564978.75,329,F1,175,,,,,
2026-02-18,2026-02-18,FO,NSE,STO,158648,,SIEMENS,,2026-02-24,2026-02-24,3550.0,CE,SIEMENS26FEB3550CE,2.25,2.25,1.4,1.55,1.7,2.5,3187.9,1.55,45150,525,53,32944546.25,42,F1,175,,,,,
2026-02-18,2026-02-18,FO,NSE,STO,135921,,SIEMENS,,2026-02-24,2026-02-24,3200.0,PE,SIEMENS26FEB3200PE,61.65,61.65,36.25,45.45,45.2,55.35,3187.9,45.45,150500,3675,435,246975452.5,399,F1,175,,,,,
2026-02-18,2026-02-18,FO,NSE,STO,167706,,SIEMENS,,2026-03-30,2026-03-30,2750.0,CE,SIEMENS26MAR2750CE,0.0,0.0,0.0,270.85,0.0,270.85,3187.9,464.75,0,0,0,0.0,0,F1,175,,,,,
2026-02-18,2026-02-18,FO,NSE,STO,167763,,SIEMENS,,2026-04-28,2026-04-28,3300.0,PE,SIEMENS26APR3300PE,0.0,0.0,0.0,447.0,0.0,447.0,3187.9,221.2,0,0,0,0.0,0,F1,175,,,,,
2026-02-18,2026-02-18,FO,NSE,STO,135916,,SIEMENS,,2026-02-24,2026-02-24,3000.0,CE,SIEMENS26FEB3000CE,191.0,218.3,181.0,199.2,199.25,195.6,3187.9,199.2,36050,-3500,46,25732201.25,28,F1,175,,,,,
2026-02-18,2026-02-18,FO,NSE,STO,167708,,SIEMENS,,2026-03-30,2026-03-30,2850.0,CE,SIEMENS26MAR2850CE,0.0,0.0,0.0,213.2,0.0,213.2,3187.9,376.45,0,0,0,0.0,0,F1,175,,,,,
2026-02-18,2026-02-18,FO,NSE,STO,158686,,SIEMENS,,2026-03-30,2026-03-30,3200.0,CE,SIEMENS26MAR3200CE,118.3,127.0,108.95,114.65,110.95,117.85,3187.9,114.65,19775,5425,111,64447232.5,104,F1,175,,,,,
2026-02-18,2026-02-18,FO,NSE,STO,158688,,SIEMENS,,2026-03-30,2026-03-30,3300.0,CE,SIEMENS26MAR3300CE,75.0,80.45,68.05,71.8,72.0,72.0,3187.9,71.8,11900,2450,33,19474245.0,18,F1,175,,,,,
2026-02-18,2026-02-18,FO,NSE,STO,167720,,SIEMENS,,2026-03-30,2026-03-30,3450.0,CE,SIEMENS26MAR3450CE,0.0,0.0,0.0,34.1,0.0,34.1,3187.9,51.3,0,0,0,0.0,0,F1,175,,,,,
2026-02-18,2026-02-18,FO,NSE,STO,158694,,SIEMENS,,2026-03-30,2026-03-30,3600.0,CE,SIEMENS26MAR3600CE,22.65,22.65,15.15,15.55,15.45,15.0,3187.9,15.55,2275,1400,32,20250930.0,30,F1,175,,,,,
2026-02-18,2026-02-18,FO,NSE,STO,167752,,SIEMENS,,2026-04-28,2026-04-28,2800.0,CE,SIEMENS26APR2800CE,0.0,0.0,0.0,283.65,0.0,283.65,3187.9,451.1,0,0,0,0.0,0,F1,175,,,,,
2026-02-18,2026-02-18,FO,NSE,STO,135911,,SIEMENS,,2026-02-24,2026-02-24,2700.0,PE,SIEMENS26FEB2700PE,0.85,0.95,0.8,0.95,0.95,1.05,3187.9,0.05,36925,-3850,24,11343771.25,10,F1,175,,,,,
2026-02-18,2026-02-18,FO,NSE,STO,158641,,SIEMENS,,2026-02-24,2026-02-24,3150.0,PE,SIEMENS26FEB3150PE,32.7,37.1,18.8,23.2,24.5,31.6,3187.9,23.2,63175,16275,1137,631835951.25,1055,F1,175,,,,,
2026-02-18,2026-02-18,FO,NSE,STO,158643,,SIEMENS,,2026-02-24,2026-02-24,3250.0,PE,SIEMENS26FEB3250PE,85.6,95.4,63.95,76.5,78.0,86.1,3187.9,76.5,35000,-5425,296,172481251.25,291,F1,175,,,,,
2026-02-18,2026-02-18,FO,NSE,STO,158647,,SIEMENS,,2026-02-24,2026-02-24,3450.0,PE,SIEMENS26FEB3450PE,0.0,0.0,0.0,253.35,253.35,253.35,3187.9,260.5,525,0,0,0.0,0,F1,175,,,,,
2026-02-18,2026-02-18,FO,NSE,STO,167769,,SIEMENS,,2026-04-28,2026-04-28,3600.0,PE,SIEMENS26APR3600PE,0.0,0.0,0.0,691.75,0.0,691.75,3187.9,431.65,0,0,0,0.0,0,F1,175,,,,,
2026-02-18,2026-02-18,FO,NSE,STO,158628,,SIEMENS,,2026-02-24,2026-02-24,2550.0,CE,SIEMENS26FEB2550CE,0.0,0.0,0.0,639.45,639.45,639.45,3187.9,640.2,1575,0,0,0.0,0,F1,175,,,,,
2026-02-18,2026-02-18,FO,NSE,STO,135931,,SIEMENS,,2026-02-24,2026-02-24,3700.0,PE,SIEMENS26FEB3700PE,0.0,0.0,0.0,554.9,0.0,554.9,3187.9,508.75,0,0,0,0.0,0,F1,175,,,,,
2026-02-18,2026-02-18,FO,NSE,STO,135933,,SIEMENS,,2026-02-24,2026-02-24,3800.0,PE,SIEMENS26FEB3800PE,0.0,0.0,0.0,678.95,678.95,678.95,3187.9,608.65,350,0,0,0.0,0,F1,175,,,,,
2026-02-18,2026-02-18,FO,NSE,STO,158697,,SIEMENS,,2026-03-30,2026-03-30,3700.0,PE,SIEMENS26MAR3700PE,0.0,0.0,0.0,667.8,0.0,667.8,3187.9,504.9,0,0,0,0.0,0,F1,175,,,,,
2026-02-18,2026-02-18,FO,NSE,STO,135910,,SIEMENS,,2026-02-24,2026-02-24,2700.0,CE,SIEMENS26FEB2700CE,0.0,0.0,0.0,412.0,412.0,412.0,3187.9,490.35,350,0,0,0.0,0,F1,175,,,,,
2026-02-18,2026-02-18,FO,NSE,STO,158644,,SIEMENS,,2026-02-24,2026-02-24,3350.0,CE,SIEMENS26FEB3350CE,10.2,10.6,5.95,6.5,6.35,10.35,3187.9,6.5,225225,-2800,529,310836093.75,474,F1,175,,,,,
2026-02-18,2026-02-18,FO,NSE,STO,135924,,SIEMENS,,2026-02-24,2026-02-24,3400.0,CE,SIEMENS26FEB3400CE,6.45,6.6,3.6,3.85,3.8,6.7,3187.9,3.85,214725,-4550,1265,753654562.5,795,F1,175,,,,,
2026-02-18,2026-02-18,FO,NSE,STO,135930,,SIEMENS,,2026-02-24,2026-02-24,3700.0,CE,SIEMENS26FEB3700CE,0.85,1.0,0.45,0.8,0.85,1.35,3187.9,0.8,50225,350,72,46629905.0,59,F1,175,,,,,
2026-02-18,2026-02-18,FO,NSE,STO,167762,,SIEMENS,,2026-04-28,2026-04-28,3300.0,CE,SIEMENS26APR3300CE,0.0,0.0,0.0,91.55,0.0,91.55,3187.9,143.2,0,0,0,0.0,0,F1,175,,,,,
2026-02-18,2026-02-18,FO,NSE,STO,135917,,SIEMENS,,2026-02-24,2026-02-24,3000.0,PE,SIEMENS26FEB3000PE,4.5,5.05,2.4,2.8,3.0,5.05,3187.9,2.8,109900,-17850,575,302196422.5,405,F1,175,,,,,
2026-02-18,2026-02-18,FO,NSE,STO,135923,,SIEMENS,,2026-02-24,2026-02-24,3300.0,PE,SIEMENS26FEB3300PE,131.9,136.75,101.85,115.85,119.6,125.45,3187.9,115.85,61950,-2800,69,41230402.5,69,F1,175,,,,,
2026-02-18,2026-02-18,FO,NSE,STO,135925,,SIEMENS,,2026-02-24,2026-02-24,3400.0,PE,SIEMENS26FEB3400PE,213.05,214.75,192.4,210.3,210.3,216.65,3187.9,210.3,5950,-350,10,6303150.0,8,F1,175,,,,,
2026-02-18,2026-02-18,FO,NSE,STO,135919,,SIEMENS,,2026-02-24,2026-02-24,3100.0,PE,SIEMENS26FEB3100PE,17.3,18.65,8.75,10.85,11.7,17.3,3187.9,10.85,150500,1925,1272,692766156.25,1195,F1,175,,,,,
2026-02-18,2026-02-18,FO,NSE,STO,167705,,SIEMENS,,2026-03-30,2026-03-30,2650.0,PE,SIEMENS26MAR2650PE,0.0,0.0,0.0,65.8,0.0,65.8,3187.9,4.45,0,0,0,0.0,0,F1,175,,,,,
2026-02-18,2026-02-18,FO,NSE,STO,167709,,SIEMENS,,2026-03-30,2026-03-30,2850.0,PE,SIEMENS26MAR2850PE,18.6,18.6,15.35,15.35,15.35,18.45,3187.9,15.35,2100,-875,11,5518126.25,9,F1,175,,,,,
2026-02-18,2026-02-18,FO,NSE,STO,167755,,SIEMENS,,2026-04-28,2026-04-28,2900.0,PE,SIEMENS26APR2900PE,0.0,0.0,0.0,193.1,0.0,193.1,3187.9,55.05,0,0,0,0.0,0,F1,175,,,,,
2026-02-18,2026-02-18,FO,NSE,STO,158640,,SIEMENS,,2026-02-24,2026-02-24,3150.0,CE,SIEMENS26FEB3150CE,72.95,85.6,59.95,68.5,69.35,73.25,3187.9,68.5,56525,-6300,907,511284287.5,794,F1,175,,,,,
2026-02-18,2026-02-18,FO,NSE,STO,167704,,SIEMENS,,2026-03-30,2026-03-30,2650.0,CE,SIEMENS26MAR2650CE,0.0,0.0,0.0,337.55,0.0,337.55,3187.9,558.25,0,0,0,0.0,0,F1,175,,,,,
2026-02-18,2026-02-18,FO,NSE,STO,158678,,SIEMENS,,2026-03-30,2026-03-30,2800.0,CE,SIEMENS26MAR2800CE,0.0,0.0,0.0,376.55,0.0,376.55,3187.9,419.8,0,0,0,0.0,0,F1,175,,,,,
2026-02-18,2026-02-18,FO,NSE,STO,167716,,SIEMENS,,2026-03-30,2026-03-30,3250.0,CE,SIEMENS26MAR3250CE,102.0,102.0,102.0,102.0,102.0,102.0,3187.9,115.75,700,175,1,586600.0,1,F1,175,,,,,
2026-02-18,2026-02-18,FO,NSE,STO,167750,,SIEMENS,,2026-04-28,2026-04-28,2700.0,CE,SIEMENS26APR2700CE,0.0,0.0,0.0,343.25,0.0,343.25,3187.9,535.75,0,0,0,0.0,0,F1,175,,,,,
2026-02-18,2026-02-18,FO,NSE,STO,135905,,SIEMENS,,2026-02-24,2026-02-24,2400.0,PE,SIEMENS26FEB2400PE,0.1,0.15,0.1,0.15,0.15,0.15,3187.9,0.05,21175,-175,28,11760542.5,7,F1,175,,,,,
2026-02-18,2026-02-18,FO,NSE,STO,158633,,SIEMENS,,2026-02-24,2026-02-24,2750.0,PE,SIEMENS26FEB2750PE,0.0,0.0,0.0,1.25,1.35,1.25,3187.9,0.05,12950,0,0,0.0,0,F1,175,,,,,
2026-02-18,2026-02-18,FO,NSE,STO,167764,,SIEMENS,,2026-04-28,2026-04-28,3400.0,CE,SIEMENS26APR3400CE,0.0,0.0,0.0,70.6,0.0,70.6,3187.9,107.25,0,0,0,0.0,0,F1,175,,,,,
2026-02-18,2026-02-18,FO,NSE,STO,158682,,SIEMENS,,2026-03-30,2026-03-30,3000.0,CE,SIEMENS26MAR3000CE,241.0,241.0,241.0,241.0,241.0,300.0,3187.9,258.65,175,0,1,567175.0,1,F1,175,,,,,
2026-02-18,2026-02-18,FO,NSE,STO,167702,,SIEMENS,,2026-03-30,2026-03-30,2550.0,CE,SIEMENS26MAR2550CE,0.0,0.0,0.0,412.25,0.0,412.25,3187.9,654.9,0,0,0,0.0,0,F1,175,,,,,
2026-02-18,2026-02-18,FO,NSE,STO,158638,,SIEMENS,,2026-02-24,2026-02-24,3050.0,CE,SIEMENS26FEB3050CE,137.05,168.65,137.05,151.35,155.25,150.9,3187.9,151.35,33950,1750,33,18502968.75,33,F1,175,,,,,
2026-02-18,2026-02-18,FO,NSE,STO,167753,,SIEMENS,,2026-04-28,2026-04-28,2800.0,PE,SIEMENS26APR2800PE,0.0,0.0,0.0,146.8,0.0,146.8,3187.9,34.25,0,0,0,0.0,0,F1,175,,,,,
2026-02-18,2026-02-18,FO,NSE,STO,167717,,SIEMENS,,2026-03-30,2026-03-30,3250.0,PE,SIEMENS26MAR3250PE,121.0,129.0,121.0,129.0,129.0,141.9,3187.9,158.3,1400,175,2,1181250.0,2,F1,175,,,,,
2026-02-18,2026-02-18,FO,NSE,STO,158649,,SIEMENS,,2026-02-24,2026-02-24,3550.0,PE,SIEMENS26FEB3550PE,0.0,0.0,0.0,526.4,0.0,526.4,3187.9,359.1,0,0,0,0.0,0,F1,175,,,,,
2026-02-18,2026-02-18,FO,NSE,STO,135909,,SIEMENS,,2026-02-24,2026-02-24,2600.0,PE,SIEMENS26FEB2600PE,0.0,0.0,0.0,0.6,0.6,0.6,3187.9,0.05,9800,0,0,0.0,0,F1,175,,,,,
2026-02-18,2026-02-18,FO,NSE,STO,167771,,SIEMENS,,2026-04-28,2026-04-28,3700.0,PE,SIEMENS26APR3700PE,0.0,0.0,0.0,780.05,0.0,780.05,3187.9,514.05,0,0,0,0.0,0,F1,175,,,,,
2026-02-18,2026-02-18,FO,NSE,STO,167756,,SIEMENS,,2026-04-28,2026-04-28,3000.0,CE,SIEMENS26APR3000CE,0.0,0.0,0.0,186.7,0.0,186.7,3187.9,302.45,0,0,0,0.0,0,F1,175,,,,,
2026-02-18,2026-02-18,FO,NSE,STO,167760,,SIEMENS,,2026-04-28,2026-04-28,3200.0,CE,SIEMENS26APR3200CE,0.0,0.0,0.0,117.25,0.0,117.25,3187.9,187.45,0,0,0,0.0,0,F1,175,,,,,
2026-02-18,2026-02-18,FO,NSE,STO,135927,,SIEMENS,,2026-02-24,2026-02-24,3500.0,PE,SIEMENS26FEB3500PE,285.6,285.7,285.55,285.55,285.55,328.95,3187.9,309.5,3675,175,6,3974888.75,6,F1,175,,,,,
2026-02-18,2026-02-18,FO,NSE,STO,158681,,SIEMENS,,2026-03-30,2026-03-30,2900.0,PE,SIEMENS26MAR2900PE,0.0,0.0,0.0,26.25,26.25,26.25,3187.9,29.6,1750,0,0,0.0,0,F1,175,,,,,
2026-02-18,2026-02-18,FO,NSE,STO,158689,,SIEMENS,,2026-03-30,2026-03-30,3300.0,PE,SIEMENS26MAR3300PE,144.45,144.45,144.45,144.45,144.45,135.0,3187.9,188.05,350,175,1,602778.75,1,F1,175,,,,,
2026-02-18,2026-02-18,FO,NSE,STO,167725,,SIEMENS,,2026-03-30,2026-03-30,3650.0,PE,SIEMENS26MAR3650PE,0.0,0.0,0.0,734.0,0.0,734.0,3187.9,459.7,0,0,0,0.0,0,F1,175,,,,,
2026-02-18,2026-02-18,FO,NSE,STO,158684,,SIEMENS,,2026-03-30,2026-03-30,3100.0,CE,SIEMENS26MAR3100CE,182.0,182.0,182.0,182.0,182.0,169.0,3187.9,192.8,3150,175,1,574350.0,1,F1,175,,,,,
2026-02-18,2026-02-18,FO,NSE,STF,59469,,SIEMENS,,2026-02-24,2026-02-24,,,SIEMENS26FEBFUT,3202.5,3219.3,3173.9,3196.8,3199.2,3191.6,3187.9,3196.8,2099125,-200375,3480,1946152005.0,2667,F1,175,,,,,
2026-02-18,2026-02-18,FO,NSE,STO,167757,,SIEMENS,,2026-04-28,2026-04-28,3000.0,PE,SIEMENS26APR3000PE,0.0,0.0,0.0,246.75,0.0,246.75,3187.9,83.55,0,0,0,0.0,0,F1,175,,,,,
2026-02-18,2026-02-18,FO,NSE,STO,158691,,SIEMENS,,2026-03-30,2026-03-30,3400.0,PE,SIEMENS26MAR3400PE,220.0,220.0,220.0,220.0,220.0,216.9,3187.9,255.45,1400,525,3,1900500.0,1,F1,175,,,,,
2026-02-18,2026-02-18,FO,NSE,STO,167719,,SIEMENS,,2026-03-30,2026-03-30,3350.0,PE,SIEMENS26MAR3350PE,0.0,0.0,0.0,469.35,0.0,469.35,3187.9,220.5,0,0,0,0.0,0,F1,175,,,,,
2026-02-18,2026-02-18,FO,NSE,STO,158683,,SIEMENS,,2026-03-30,2026-03-30,3000.0,PE,SIEMENS26MAR3000PE,40.9,42.35,32.7,37.0,38.0,41.5,3187.9,37.0,41300,175,45,23923585.0,35,F1,175,,,,,
2026-02-18,2026-02-18,FO,NSE,STO,158679,,SIEMENS,,2026-03-30,2026-03-30,2800.0,PE,SIEMENS26MAR2800PE,14.65,14.65,12.45,12.45,12.45,14.0,3187.9,12.45,6650,525,4,1969642.5,4,F1,175,,,,,
2026-02-18,2026-02-18,FO,NSE,STO,158699,,SIEMENS,,2026-03-30,2026-03-30,3800.0,PE,SIEMENS26MAR3800PE,0.0,0.0,0.0,754.15,0.0,754.15,3187.9,597.9,0,0,0,0.0,0,F1,175,,,,,
2026-02-18,2026-02-18,FO,NSE,STO,135908,,SIEMENS,,2026-02-24,2026-02-24,2600.0,CE,SIEMENS26FEB2600CE,0.0,0.0,0.0,509.25,509.25,509.25,3187.9,590.25,525,0,0,0.0,0,F1,175,,,,,
2026-02-18,2026-02-18,FO,NSE,STO,158636,,SIEMENS,,2026-02-24,2026-02-24,2950.0,CE,SIEMENS26FEB2950CE,253.0,253.0,245.25,245.25,245.25,218.1,3187.9,241.95,18725,-350,3,1679868.75,3,F1,175,,,,,
2026-02-18,2026-02-18,FO,NSE,STO,135928,,SIEMENS,,2026-02-24,2026-02-24,3600.0,CE,SIEMENS26FEB3600CE,1.8,1.8,0.85,1.1,1.0,1.85,3187.9,1.1,56875,-10500,286,180248591.25,268,F1,175,,,,,
2026-02-18,2026-02-18,FO,NSE,STO,167746,,SIEMENS,,2026-04-28,2026-04-28,2500.0,CE,SIEMENS26APR2500CE,0.0,0.0,0.0,484.15,0.0,484.15,3187.9,719.1,0,0,0,0.0,0,F1,175,,,,,
2026-02-18,2026-02-18,FO,NSE,STO,167758,,SIEMENS,,2026-04-28,2026-04-28,3100.0,CE,SIEMENS26APR3100CE,0.0,0.0,0.0,148.75,0.0,148.75,3187.9,240.5,0,0,0,0.0,0,F1,175,,,,,
2026-02-18,2026-02-18,FO,NSE,STO,135913,,SIEMENS,,2026-02-24,2026-02-24,2800.0,PE,SIEMENS26FEB2800PE,1.4,1.5,1.1,1.2,1.2,1.9,3187.9,1.2,119350,-14875,303,148541172.5,242,F1,175,,,,,
2026-02-18,2026-02-18,FO,NSE,STO,158645,,SIEMENS,,2026-02-24,2026-02-24,3350.0,PE,SIEMENS26FEB3350PE,148.2,162.6,148.15,160.95,162.6,169.75,3187.9,160.95,6475,-350,10,6127590.0,8,F1,175,,,,,
2026-02-18,2026-02-18,FO,NSE,STO,158651,,SIEMENS,,2026-02-24,2026-02-24,3650.0,PE,SIEMENS26FEB3650PE,0.0,0.0,0.0,613.75,0.0,613.75,3187.9,458.8,0,0,0,0.0,0,F1,175,,,,,
2026-02-18,2026-02-18,FO,NSE,STO,158677,,SIEMENS,,2026-03-30,2026-03-30,2700.0,PE,SIEMENS26MAR2700PE,0.0,0.0,0.0,23.15,23.15,23.15,3187.9,6.9,350,0,0,0.0,0,F1,175,,,,,
2026-02-18,2026-02-18,FO,NSE,STO,167768,,SIEMENS,,2026-04-28,2026-04-28,3600.0,CE,SIEMENS26APR3600CE,0.0,0.0,0.0,40.9,0.0,40.9,3187.9,56.8,0,0,0,0.0,0,F1,175,,,,,
2026-02-18,2026-02-18,FO,NSE,STO,158630,,SIEMENS,,2026-02-24,2026-02-24,2650.0,CE,SIEMENS26FEB2650CE,0.0,0.0,0.0,440.2,0.0,440.2,3187.9,540.3,0,0,0,0.0,0,F1,175,,,,,
2026-02-18,2026-02-18,FO,NSE,STO,135912,,SIEMENS,,2026-02-24,2026-02-24,2800.0,CE,SIEMENS26FEB2800CE,0.0,0.0,0.0,352.85,352.85,352.85,3187.9,390.45,6300,0,0,0.0,0,F1,175,,,,,
2026-02-18,2026-02-18,FO,NSE,STO,135922,,SIEMENS,,2026-02-24,2026-02-24,3300.0,CE,SIEMENS26FEB3300CE,14.2,17.95,11.2,12.4,12.0,17.25,3187.9,12.4,366450,13475,2586,1499609851.25,2187,F1,175,,,,,
2026-02-18,2026-02-18,FO,NSE,STO,158646,,SIEMENS,,2026-02-24,2026-02-24,3450.0,CE,SIEMENS26FEB3450CE,4.4,4.4,2.6,2.8,2.8,4.65,3187.9,2.8,31850,-1750,457,276173598.75,397,F1,175,,,,,
2026-02-18,2026-02-18,FO,NSE,STO,158674,,SIEMENS,,2026-03-30,2026-03-30,2600.0,CE,SIEMENS26MAR2600CE,0.0,0.0,0.0,519.85,0.0,519.85,3187.9,606.3,0,0,0,0.0,0,F1,175,,,,,
2026-02-18,2026-02-18,FO,NSE,STO,158680,,SIEMENS,,2026-03-30,2026-03-30,2900.0,CE,SIEMENS26MAR2900CE,0.0,0.0,0.0,290.0,290.0,290.0,3187.9,334.95,1750,0,0,0.0,0,F1,175,,,,,
2026-02-18,2026-02-18,FO,NSE,STO,167712,,SIEMENS,,2026-03-30,2026-03-30,3050.0,CE,SIEMENS26MAR3050CE,218.85,218.85,218.85,218.85,218.85,333.35,3187.9,224.35,175,0,1,572048.75,1,F1,175,,,,,
2026-02-18,2026-02-18,FO,NSE,STO,167748,,SIEMENS,,2026-04-28,2026-04-28,2600.0,CE,SIEMENS26APR2600CE,0.0,0.0,0.0,410.35,0.0,410.35,3187.9,625.6,0,0,0,0.0,0,F1,175,,,,,
2026-02-18,2026-02-18,FO,NSE,STO,167754,,SIEMENS,,2026-04-28,2026-04-28,2900.0,CE,SIEMENS26APR2900CE,0.0,0.0,0.0,231.5,0.0,231.5,3187.9,372.95,0,0,0,0.0,0,F1,175,,,,,
2026-02-18,2026-02-18,FO,NSE,STO,158637,,SIEMENS,,2026-02-24,2026-02-24,2950.0,PE,SIEMENS26FEB2950PE,3.0,3.0,1.7,1.85,1.95,3.05,3187.9,1.85,21000,-19425,237,122442862.5,172,F1,175,,,,,
2026-02-18,2026-02-18,FO,NSE,STO,167703,,SIEMENS,,2026-03-30,2026-03-30,2550.0,PE,SIEMENS26MAR2550PE,0.0,0.0,0.0,41.6,0.0,41.6,3187.9,1.65,0,0,0,0.0,0,F1,175,,,,,
2026-02-18,2026-02-18,FO,NSE,STO,167751,,SIEMENS,,2026-04-28,2026-04-28,2700.0,PE,SIEMENS26APR2700PE,0.0,0.0,0.0,107.9,0.0,107.9,3187.9,19.95,0,0,0,0.0,0,F1,175,,,,,
2026-02-18,2026-02-18,FO,NSE,STO,167765,,SIEMENS,,2026-04-28,2026-04-28,3400.0,PE,SIEMENS26APR3400PE,0.0,0.0,0.0,524.55,0.0,524.55,3187.9,284.2,0,0,0,0.0,0,F1,175,,,,,
2026-02-18,2026-02-18,FO,NSE,STO,158629,,SIEMENS,,2026-02-24,2026-02-24,2550.0,PE,SIEMENS26FEB2550PE,0.0,0.0,0.0,18.7,18.7,18.7,3187.9,0.05,1575,0,0,0.0,0,F1,175,,,,,
2026-02-18,2026-02-18,FO,NSE,STO,158673,,SIEMENS,,2026-03-30,2026-03-30,2500.0,PE,SIEMENS26MAR2500PE,0.0,0.0,0.0,34.05,0.0,34.05,3187.9,0.95,0,0,0,0.0,0,F1,175,,,,,
2026-02-18,2026-02-18,FO,NSE,STO,167711,,SIEMENS,,2026-03-30,2026-03-30,2950.0,PE,SIEMENS26MAR2950PE,0.0,0.0,0.0,45.3,45.3,45.3,3187.9,39.95,700,0,0,0.0,0,F1,175,,,,,
2026-02-18,2026-02-18,FO,NSE,STO,158687,,SIEMENS,,2026-03-30,2026-03-30,3200.0,PE,SIEMENS26MAR3200PE,111.0,114.2,104.75,107.05,107.0,111.0,3187.9,107.05,8225,3325,26,15059345.0,25,F1,175,,,,,
2026-02-18,2026-02-18,FO,NSE,STO,158693,,SIEMENS,,2026-03-30,2026-03-30,3500.0,PE,SIEMENS26MAR3500PE,305.0,305.0,305.0,305.0,305.0,315.0,3187.9,331.95,700,175,1,665875.0,1,F1,175,,,,,
2026-02-18,2026-02-18,FO,NSE,STO,167723,,SIEMENS,,2026-03-30,2026-03-30,3550.0,PE,SIEMENS26MAR3550PE,0.0,0.0,0.0,642.55,0.0,642.55,3187.9,373.0,0,0,0,0.0,0,F1,175,,,,,
2026-02-18,2026-02-18,FO,NSE,STO,167749,,SIEMENS,,2026-04-28,2026-04-28,2600.0,PE,SIEMENS26APR2600PE,0.0,0.0,0.0,76.55,0.0,76.55,3187.9,10.8,0,0,0,0.0,0,F1,175,,,,,
2026-02-18,2026-02-18,FO,NSE,STO,158634,,SIEMENS,,2026-02-24,2026-02-24,2850.0,CE,SIEMENS26FEB2850CE,0.0,0.0,0.0,313.6,313.6,313.6,3187.9,340.6,6300,0,0,0.0,0,F1,175,,,,,
2026-02-18,2026-02-18,FO,NSE,STO,158642,,SIEMENS,,2026-02-24,2026-02-24,3250.0,CE,SIEMENS26FEB3250CE,25.65,32.0,20.25,23.2,21.95,28.45,3187.9,23.2,115325,-20475,1693,970354367.5,1432,F1,175,,,,,
2026-02-18,2026-02-18,FO,NSE,STO,158650,,SIEMENS,,2026-02-24,2026-02-24,3650.0,CE,SIEMENS26FEB3650CE,0.9,0.9,0.9,0.9,0.9,1.5,3187.9,0.9,43225,-2800,16,10222520.0,4,F1,175,,,,,
2026-02-18,2026-02-18,FO,NSE,STO,158672,,SIEMENS,,2026-03-30,2026-03-30,2500.0,CE,SIEMENS26MAR2500CE,0.0,0.0,0.0,476.1,476.1,476.1,3187.9,703.9,525,0,0,0.0,0,F1,175,,,,,
2026-02-18,2026-02-18,FO,NSE,STO,167718,,SIEMENS,,2026-03-30,2026-03-30,3350.0,CE,SIEMENS26MAR3350CE,0.0,0.0,0.0,81.2,84.7,81.2,3187.9,78.55,1575,0,0,0.0,0,F1,175,,,,,
2026-02-18,2026-02-18,FO,NSE,STO,167770,,SIEMENS,,2026-04-28,2026-04-28,3700.0,CE,SIEMENS26APR3700CE,0.0,0.0,0.0,30.7,0.0,30.7,3187.9,40.2,0,0,0,0.0,0,F1,175,,,,,
2026-02-18,2026-02-18,FO,NSE,STO,45583,,SIEMENS,,2026-02-24,2026-02-24,2300.0,PE,SIEMENS26FEB2300PE,0.05,0.1,0.05,0.1,0.1,0.1,3187.9,0.05,9975,0,13,5232710.0,6,F1,175,,,,,
2026-02-18,2026-02-18,FO,NSE,STO,135915,,SIEMENS,,2026-02-24,2026-02-24,2900.0,PE,SIEMENS26FEB2900PE,1.6,2.15,1.2,1.35,1.45,2.3,3187.9,1.35,90650,350,597,303141378.75,264,F1,175,,,,,
2026-02-18,2026-02-18,FO,NSE,STO,167707,,SIEMENS,,2026-03-30,2026-03-30,2750.0,PE,SIEMENS26MAR2750PE,0.0,0.0,0.0,35.65,35.65,35.65,3187.9,10.35,350,0,0,0.0,0,F1,175,,,,,
2026-02-18,2026-02-18,FO,NSE,STO,167715,,SIEMENS,,2026-03-30,2026-03-30,3150.0,PE,SIEMENS26MAR3150PE,100.45,100.45,72.55,72.55,72.55,101.4,3187.9,107.35,875,0,3,1699888.75,3,F1,175,,,,,
2026-02-18,2026-02-18,FO,NSE,STO,167747,,SIEMENS,,2026-04-28,2026-04-28,2500.0,PE,SIEMENS26APR2500PE,0.0,0.0,0.0,51.85,0.0,51.85,3187.9,5.35,0,0,0,0.0,0,F1,175,,,,,
2026-02-18,2026-02-18,FO,NSE,STO,167759,,SIEMENS,,2026-04-28,2026-04-28,3100.0,PE,SIEMENS26APR3100PE,0.0,0.0,0.0,307.3,0.0,307.3,3187.9,120.55,0,0,0,0.0,0,F1,175,,,,,
2026-02-18,2026-02-18,FO,NSE,STO,158632,,SIEMENS,,2026-02-24,2026-02-24,2750.0,CE,SIEMENS26FEB2750CE,0.0,0.0,0.0,469.0,469.0,469.0,3187.9,440.4,525,0,0,0.0,0,F1,175,,,,,
2026-02-18,2026-02-18,FO,NSE,STO,135932,,SIEMENS,,2026-02-24,2026-02-24,3800.0,CE,SIEMENS26FEB3800CE,0.8,0.95,0.75,0.85,0.85,1.3,3187.9,0.85,39725,-1050,36,23945241.25,24,F1,175,,,,,
2026-02-18,2026-02-18,FO,NSE,STO,158676,,SIEMENS,,2026-03-30,2026-03-30,2700.0,CE,SIEMENS26MAR2700CE,0.0,0.0,0.0,445.1,0.0,445.1,3187.9,511.0,0,0,0,0.0,0,F1,175,,,,,
2026-02-18,2026-02-18,FO,NSE,STO,158690,,SIEMENS,,2026-03-30,2026-03-30,3400.0,CE,SIEMENS26MAR3400CE,44.0,49.2,41.35,42.65,42.4,48.1,3187.9,42.65,19425,9625,109,65714687.5,60,F1,175,,,,,
2026-02-18,2026-02-18,FO,NSE,STO,167722,,SIEMENS,,2026-03-30,2026-03-30,3550.0,CE,SIEMENS26MAR3550CE,0.0,0.0,0.0,23.65,0.0,23.65,3187.9,32.25,0,0,0,0.0,0,F1,175,,,,,
2026-02-18,2026-02-18,FO,NSE,STF,67012,,SIEMENS,,2026-04-28,2026-04-28,,,SIEMENS26APRFUT,3220.4,3233.0,3219.0,3219.0,3219.0,3216.5,3187.9,3219.0,13475,1050,10,5637222.5,10,F1,175,,,,,
2026-02-18,2026-02-18,FO,NSE,STO,135929,,SIEMENS,,2026-02-24,2026-02-24,3600.0,PE,SIEMENS26FEB3600PE,0.0,0.0,0.0,322.95,322.95,322.95,3187.9,408.9,1750,0,0,0.0,0,F1,175,,,,,
2026-02-18,2026-02-18,FO,NSE,STO,158675,,SIEMENS,,2026-03-30,2026-03-30,2600.0,PE,SIEMENS26MAR2600PE,0.0,0.0,0.0,51.85,0.0,51.85,3187.9,2.75,0,0,0,0.0,0,F1,175,,,,,
2026-02-18,2026-02-18,FO,NSE,STO,167713,,SIEMENS,,2026-03-30,2026-03-30,3050.0,PE,SIEMENS26MAR3050PE,0.0,0.0,0.0,60.0,60.0,60.0,3187.9,68.1,525,0,0,0.0,0,F1,175,,,,,
2026-02-18,2026-02-18,FO,NSE,STO,158685,,SIEMENS,,2026-03-30,2026-03-30,3100.0,PE,SIEMENS26MAR3100PE,70.0,73.2,59.5,64.65,64.45,70.1,3187.9,64.65,14525,1925,24,13301925.0,22,F1,175,,,,,
2026-02-18,2026-02-18,FO,NSE,STO,158631,,SIEMENS,,2026-02-24,2026-02-24,2650.0,PE,SIEMENS26FEB2650PE,0.0,0.0,0.0,0.8,0.8,0.8,3187.9,0.05,4025,0,0,0.0,0,F1,175,,,,,
2026-02-18,2026-02-18,FO,NSE,STO,167710,,SIEMENS,,2026-03-30,2026-03-30,2950.0,CE,SIEMENS26MAR2950CE,0.0,0.0,0.0,164.5,0.0,164.5,3187.9,295.6,0,0,0,0.0,0,F1,175,,,,,
2026-02-18,2026-02-18,FO,NSE,STO,158635,,SIEMENS,,2026-02-24,2026-02-24,2850.0,PE,SIEMENS26FEB2850PE,1.3,1.8,1.15,1.25,1.25,1.9,3187.9,1.25,68425,18725,261,130232261.25,254,F1,175,,,,,
2026-02-18,2026-02-18,FO,NSE,STO,135907,,SIEMENS,,2026-02-24,2026-02-24,2500.0,PE,SIEMENS26FEB2500PE,0.6,0.65,0.6,0.65,0.65,0.6,3187.9,0.05,31675,-525,3,1312832.5,3,F1,175,,,,,
2026-02-18,2026-02-18,FO,NSE,STO,167724,,SIEMENS,,2026-03-30,2026-03-30,3650.0,CE,SIEMENS26MAR3650CE,35.6,35.6,15.3,15.3,15.3,12.85,3187.9,15.3,1750,175,2,1286407.5,2,F1,175,,,,,
2026-02-18,2026-02-18,FO,NSE,STO,158692,,SIEMENS,,2026-03-30,2026-03-30,3500.0,CE,SIEMENS26MAR3500CE,28.95,30.0,25.0,25.65,25.0,30.1,3187.9,25.65,40250,5775,92,56799540.0,77,F1,175,,,,,
2026-02-18,2026-02-18,FO,NSE,STO,167714,,SIEMENS,,2026-03-30,2026-03-30,3150.0,CE,SIEMENS26MAR3150CE,0.0,0.0,0.0,135.0,135.0,135.0,3187.9,164.2,525,0,0,0.0,0,F1,175,,,,,
2026-02-18,2026-02-18,FO,NSE,STO,135920,,SIEMENS,,2026-02-24,2026-02-24,3200.0,CE,SIEMENS26FEB3200CE,48.0,54.35,36.0,41.15,41.0,46.65,3187.9,41.15,173600,-9450,2716,1541635532.5,2136,F1,175,,,,,
2026-02-18,2026-02-18,FO,NSE,STO,167773,,SIEMENS,,2026-04-28,2026-04-28,3800.0,PE,SIEMENS26APR3800PE,0.0,0.0,0.0,870.65,0.0,870.65,3187.9,600.75,0,0,0,0.0,0,F1,175,,,,,
2026-02-18,2026-02-18,FO,NSE,STO,167767,,SIEMENS,,2026-04-28,2026-04-28,3500.0,PE,SIEMENS26APR3500PE,0.0,0.0,0.0,606.4,0.0,606.4,3187.9,354.7,0,0,0,0.0,0,F1,175,,,,,
2026-02-18,2026-02-18,FO,NSE,STO,135918,,SIEMENS,,2026-02-24,2026-02-24,3100.0,CE,SIEMENS26FEB3100CE,110.0,126.25,92.75,105.85,103.95,108.8,3187.9,105.85,60200,-6300,208,116730573.75,189,F1,175,,,,,
2026-02-18,2026-02-18,FO,NSE,STO,135906,,SIEMENS,,2026-02-24,2026-02-24,2500.0,CE,SIEMENS26FEB2500CE,0.0,0.0,0.0,720.0,720.0,720.0,3187.9,690.15,875,0,0,0.0,0,F1,175,,,,,
2026-02-18,2026-02-18,FO,NSE,STF,52034,,SIEMENS,,2026-03-30,2026-03-30,,,SIEMENS26MARFUT,3203.4,3228.9,3182.6,3207.7,3212.4,3202.6,3187.9,3207.7,422800,274750,2004,1124406867.5,1478,F1,175,,,,,
2026-02-18,2026-02-18,FO,NSE,STO,167761,,SIEMENS,,2026-04-28,2026-04-28,3200.0,PE,SIEMENS26APR3200PE,0.0,0.0,0.0,374.2,0.0,374.2,3187.9,166.45,0,0,0,0.0,0,F1,175,,,,,
2026-02-18,2026-02-18,FO,NSE,STO,158695,,SIEMENS,,2026-03-30,2026-03-30,3600.0,PE,SIEMENS26MAR3600PE,407.35,407.45,407.35,407.4,407.45,581.9,3187.9,407.4,0,-1050,6,4207770.0,3,F1,175,,,,,
2026-02-18,2026-02-18,FO,NSE,STO,167721,,SIEMENS,,2026-03-30,2026-03-30,3450.0,PE,SIEMENS26MAR3450PE,0.0,0.0,0.0,554.05,0.0,554.05,3187.9,292.65,0,0,0,0.0,0,F1,175,,,,,
2026-02-18,2026-02-18,FO,NSE,STO,158696,,SIEMENS,,2026-03-30,2026-03-30,3700.0,CE,SIEMENS26MAR3700CE,0.0,0.0,0.0,52.05,0.0,52.05,3187.9,15.0,0,0,0,0.0,0,F1,175,,,,,
2026-02-18,2026-02-18,FO,NSE,STO,158698,,SIEMENS,,2026-03-30,2026-03-30,3800.0,CE,SIEMENS26MAR3800CE,0.0,0.0,0.0,39.9,0.0,39.9,3187.9,8.65,0,0,0,0.0,0,F1,175,,,,,
2026-02-18,2026-02-18,FO,NSE,STO,158639,,SIEMENS,,2026-02-24,2026-02-24,3050.0,PE,SIEMENS26FEB3050PE,7.35,9.55,4.25,5.1,5.2,9.0,3187.9,5.1,148575,-1575,575,307521812.5,542,F1,175,,,,,
2026-02-18,2026-02-18,FO,NSE,STO,167766,,SIEMENS,,2026-04-28,2026-04-28,3500.0,CE,SIEMENS26APR3500CE,0.0,0.0,0.0,54.0,0.0,54.0,3187.9,78.8,0,0,0,0.0,0,F1,175,,,,,
2026-02-18,2026-02-18,FO,NSE,STO,171753,,UNITDSPR,,2026-03-30,2026-03-30,1430.0,PE,UNITDSPR26MAR1430PE,0.0,0.0,0.0,125.4,0.0,125.4,1424.6,40.05,0,0,0,0.0,0,F1,400,,,,,
2026-02-18,2026-02-18,FO,NSE,STO,171757,,UNITDSPR,,2026-03-30,2026-03-30,1470.0,PE,UNITDSPR26MAR1470PE,0.0,0.0,0.0,157.3,0.0,157.3,1424.6,63.0,0,0,0,0.0,0,F1,400,,,,,
2026-02-18,2026-02-18,FO,NSE,STO,171763,,UNITDSPR,,2026-03-30,2026-03-30,1530.0,PE,UNITDSPR26MAR1530PE,0.0,0.0,0.0,209.55,0.0,209.55,1424.6,107.25,0,0,0,0.0,0,F1,400,,,,,
2026-02-18,2026-02-18,FO,NSE,STO,171833,,UNITDSPR,,2026-04-28,2026-04-28,1280.0,PE,UNITDSPR26APR1280PE,0.0,0.0,0.0,45.85,0.0,45.85,1424.6,7.0,0,0,0,0.0,0,F1,400,,,,,
2026-02-18,2026-02-18,FO,NSE,STO,171839,,UNITDSPR,,2026-04-28,2026-04-28,1340.0,PE,UNITDSPR26APR1340PE,0.0,0.0,0.0,74.0,0.0,74.0,1424.6,17.55,0,0,0,0.0,0,F1,400,,,,,
2026-02-18,2026-02-18,FO,NSE,STO,165209,,UNITDSPR,,2026-03-30,2026-03-30,1160.0,PE,UNITDSPR26MAR1160PE,0.0,0.0,0.0,3.6,0.0,3.6,1424.6,0.05,0,0,0,0.0,0,F1,400,,,,,
2026-02-18,2026-02-18,FO,NSE,STO,149668,,UNITDSPR,,2026-02-24,2026-02-24,1660.0,PE,UNITDSPR26FEB1660PE,0.0,0.0,0.0,305.0,305.0,305.0,1424.6,233.9,800,0,0,0.0,0,F1,400,,,,,
2026-02-18,2026-02-18,FO,NSE,STO,149560,,UNITDSPR,,2026-02-24,2026-02-24,1540.0,PE,UNITDSPR26FEB1540PE,0.0,0.0,0.0,131.15,0.0,131.15,1424.6,114.05,0,0,0,0.0,0,F1,400,,,,,
2026-02-18,2026-02-18,FO,NSE,STO,149558,,UNITDSPR,,2026-02-24,2026-02-24,1520.0,PE,UNITDSPR26FEB1520PE,0.0,0.0,0.0,196.0,196.0,196.0,1424.6,94.2,14400,0,0,0.0,0,F1,400,,,,,
2026-02-18,2026-02-18,FO,NSE,STO,165238,,UNITDSPR,,2026-03-30,2026-03-30,1460.0,CE,UNITDSPR26MAR1460CE,0.0,0.0,0.0,11.6,11.6,11.6,1424.6,30.1,2800,0,0,0.0,0,F1,400,,,,,
2026-02-18,2026-02-18,FO,NSE,STO,165214,,UNITDSPR,,2026-03-30,2026-03-30,1220.0,CE,UNITDSPR26MAR1220CE,0.0,0.0,0.0,230.45,0.0,230.45,1424.6,212.4,0,0,0,0.0,0,F1,400,,,,,
2026-02-18,2026-02-18,FO,NSE,STO,171730,,UNITDSPR,,2026-03-30,2026-03-30,1210.0,CE,UNITDSPR26MAR1210CE,0.0,0.0,0.0,130.0,0.0,130.0,1424.6,222.2,0,0,0,0.0,0,F1,400,,,,,
2026-02-18,2026-02-18,FO,NSE,STO,165206,,UNITDSPR,,2026-03-30,2026-03-30,1140.0,CE,UNITDSPR26MAR1140CE,0.0,0.0,0.0,303.3,0.0,303.3,1424.6,291.45,0,0,0,0.0,0,F1,400,,,,,
2026-02-18,2026-02-18,FO,NSE,STO,165122,,UNITDSPR,,2026-02-24,2026-02-24,1290.0,CE,UNITDSPR26FEB1290CE,0.0,0.0,0.0,66.3,66.3,66.3,1424.6,135.75,4400,0,0,0.0,0,F1,400,,,,,
2026-02-18,2026-02-18,FO,NSE,STO,171749,,UNITDSPR,,2026-03-30,2026-03-30,1390.0,PE,UNITDSPR26MAR1390PE,0.0,0.0,0.0,27.1,27.1,27.1,1424.6,23.1,3600,0,0,0.0,0,F1,400,,,,,
2026-02-18,2026-02-18,FO,NSE,STO,165225,,UNITDSPR,,2026-03-30,2026-03-30,1320.0,PE,UNITDSPR26MAR1320PE,7.0,7.0,6.8,6.8,6.8,11.0,1424.6,6.8,1200,-400,4,2123040.0,4,F1,400,,,,,
2026-02-18,2026-02-18,FO,NSE,STO,149616,,UNITDSPR,,2026-02-24,2026-02-24,1600.0,PE,UNITDSPR26FEB1600PE,174.0,178.0,174.0,178.0,178.0,178.0,1424.6,178.0,92000,-800,2,1420800.0,2,F1,400,,,,,
2026-02-18,2026-02-18,FO,NSE,STO,171850,,UNITDSPR,,2026-04-28,2026-04-28,1460.0,CE,UNITDSPR26APR1460CE,0.0,0.0,0.0,26.75,0.0,26.75,1424.6,45.6,0,0,0,0.0,0,F1,400,,,,,
2026-02-18,2026-02-18,FO,NSE,STO,171826,,UNITDSPR,,2026-04-28,2026-04-28,1220.0,CE,UNITDSPR26APR1220CE,0.0,0.0,0.0,135.9,0.0,135.9,1424.6,219.45,0,0,0,0.0,0,F1,400,,,,,
2026-02-18,2026-02-18,FO,NSE,STO,171820,,UNITDSPR,,2026-04-28,2026-04-28,1160.0,CE,UNITDSPR26APR1160CE,0.0,0.0,0.0,182.0,0.0,182.0,1424.6,277.15,0,0,0,0.0,0,F1,400,,,,,
2026-02-18,2026-02-18,FO,NSE,STO,171756,,UNITDSPR,,2026-03-30,2026-03-30,1470.0,CE,UNITDSPR26MAR1470CE,0.0,0.0,0.0,23.85,23.85,23.85,1424.6,26.45,4000,0,0,0.0,0,F1,400,,,,,
2026-02-18,2026-02-18,FO,NSE,STO,149312,,UNITDSPR,,2026-02-24,2026-02-24,1320.0,PE,UNITDSPR26FEB1320PE,1.45,1.45,1.1,1.15,1.1,1.7,1424.6,1.15,131600,9600,133,70293240.0,96,F1,400,,,,,
2026-02-18,2026-02-18,FO,NSE,STO,165131,,UNITDSPR,,2026-02-24,2026-02-24,1370.0,PE,UNITDSPR26FEB1370PE,3.35,3.55,2.4,2.5,2.45,3.8,1424.6,2.5,86400,3200,118,64811220.0,116,F1,400,,,,,
2026-02-18,2026-02-18,FO,NSE,STO,165139,,UNITDSPR,,2026-02-24,2026-02-24,1450.0,PE,UNITDSPR26FEB1450PE,0.0,0.0,0.0,34.75,34.75,34.75,1424.6,31.1,8000,0,0,0.0,0,F1,400,,,,,
2026-02-18,2026-02-18,FO,NSE,STO,165143,,UNITDSPR,,2026-02-24,2026-02-24,1490.0,PE,UNITDSPR26FEB1490PE,65.0,65.0,65.0,65.0,65.0,82.9,1424.6,65.0,3600,800,2,1244000.0,1,F1,400,,,,,
2026-02-18,2026-02-18,FO,NSE,STO,149664,,UNITDSPR,,2026-02-24,2026-02-24,1620.0,PE,UNITDSPR26FEB1620PE,0.0,0.0,0.0,190.4,0.0,190.4,1424.6,193.95,0,0,0,0.0,0,F1,400,,,,,
2026-02-18,2026-02-18,FO,NSE,STO,165231,,UNITDSPR,,2026-03-30,2026-03-30,1380.0,PE,UNITDSPR26MAR1380PE,0.0,0.0,0.0,23.95,23.95,23.95,1424.6,19.8,2400,0,0,0.0,0,F1,400,,,,,
2026-02-18,2026-02-18,FO,NSE,STO,171845,,UNITDSPR,,2026-04-28,2026-04-28,1400.0,PE,UNITDSPR26APR1400PE,0.0,0.0,0.0,110.0,0.0,110.0,1424.6,36.7,0,0,0,0.0,0,F1,400,,,,,
2026-02-18,2026-02-18,FO,NSE,STO,171861,,UNITDSPR,,2026-04-28,2026-04-28,1560.0,PE,UNITDSPR26APR1560PE,0.0,0.0,0.0,235.6,0.0,235.6,1424.6,135.4,0,0,0,0.0,0,F1,400,,,,,
2026-02-18,2026-02-18,FO,NSE,STO,165115,,UNITDSPR,,2026-02-24,2026-02-24,1210.0,PE,UNITDSPR26FEB1210PE,0.0,0.0,0.0,1.1,1.1,1.1,1424.6,0.05,13600,0,0,0.0,0,F1,400,,,,,
2026-02-18,2026-02-18,FO,NSE,STO,171856,,UNITDSPR,,2026-04-28,2026-04-28,1520.0,CE,UNITDSPR26APR1520CE,0.0,0.0,0.0,15.9,0.0,15.9,1424.6,25.2,0,0,0,0.0,0,F1,400,,,,,
2026-02-18,2026-02-18,FO,NSE,STO,171840,,UNITDSPR,,2026-04-28,2026-04-28,1360.0,CE,UNITDSPR26APR1360CE,0.0,0.0,0.0,57.5,0.0,57.5,1424.6,101.55,0,0,0,0.0,0,F1,400,,,,,
2026-02-18,2026-02-18,FO,NSE,STO,165252,,UNITDSPR,,2026-03-30,2026-03-30,1600.0,CE,UNITDSPR26MAR1600CE,3.5,3.5,3.5,3.5,3.5,25.8,1424.6,3.25,400,400,1,641400.0,1,F1,400,,,,,
2026-02-18,2026-02-18,FO,NSE,STO,165250,,UNITDSPR,,2026-03-30,2026-03-30,1580.0,CE,UNITDSPR26MAR1580CE,0.0,0.0,0.0,30.15,0.0,30.15,1424.6,4.7,0,0,0,0.0,0,F1,400,,,,,
2026-02-18,2026-02-18,FO,NSE,STO,165246,,UNITDSPR,,2026-03-30,2026-03-30,1540.0,CE,UNITDSPR26MAR1540CE,7.4,7.95,7.0,7.0,7.0,7.4,1424.6,7.0,16800,2000,6,3714480.0,3,F1,400,,,,,
2026-02-18,2026-02-18,FO,NSE,STO,171746,,UNITDSPR,,2026-03-30,2026-03-30,1370.0,CE,UNITDSPR26MAR1370CE,0.0,0.0,0.0,71.4,71.4,71.4,1424.6,79.65,800,0,0,0.0,0,F1,400,,,,,
2026-02-18,2026-02-18,FO,NSE,STO,171740,,UNITDSPR,,2026-03-30,2026-03-30,1310.0,CE,UNITDSPR26MAR1310CE,0.0,0.0,0.0,65.2,0.0,65.2,1424.6,127.8,0,0,0,0.0,0,F1,400,,,,,
2026-02-18,2026-02-18,FO,NSE,STO,165220,,UNITDSPR,,2026-03-30,2026-03-30,1280.0,CE,UNITDSPR26MAR1280CE,0.0,0.0,0.0,180.55,0.0,180.55,1424.6,154.95,0,0,0,0.0,0,F1,400,,,,,
2026-02-18,2026-02-18,FO,NSE,STO,149617,,UNITDSPR,,2026-02-24,2026-02-24,1620.0,CE,UNITDSPR26FEB1620CE,0.0,0.0,0.0,25.2,0.0,25.2,1424.6,0.05,0,0,0,0.0,0,F1,400,,,,,
2026-02-18,2026-02-18,FO,NSE,STO,165138,,UNITDSPR,,2026-02-24,2026-02-24,1450.0,CE,UNITDSPR26FEB1450CE,7.85,7.85,4.15,5.3,5.15,7.8,1424.6,5.3,111600,3600,255,148515300.0,221,F1,400,,,,,
2026-02-18,2026-02-18,FO,NSE,STO,149313,,UNITDSPR,,2026-02-24,2026-02-24,1340.0,CE,UNITDSPR26FEB1340CE,83.5,87.0,81.15,85.7,85.7,86.05,1424.6,85.7,65200,-9200,43,24479200.0,25,F1,400,,,,,
2026-02-18,2026-02-18,FO,NSE,STO,165126,,UNITDSPR,,2026-02-24,2026-02-24,1330.0,CE,UNITDSPR26FEB1330CE,0.0,0.0,0.0,76.95,76.95,76.95,1424.6,95.9,64000,0,0,0.0,0,F1,400,,,,,
2026-02-18,2026-02-18,FO,NSE,STO,165118,,UNITDSPR,,2026-02-24,2026-02-24,1250.0,CE,UNITDSPR26FEB1250CE,0.0,0.0,0.0,191.45,0.0,191.45,1424.6,175.75,0,0,0,0.0,0,F1,400,,,,,
2026-02-18,2026-02-18,FO,NSE,STO,165244,,UNITDSPR,,2026-03-30,2026-03-30,1520.0,CE,UNITDSPR26MAR1520CE,0.0,0.0,0.0,46.5,0.0,46.5,1424.6,12.9,0,0,0,0.0,0,F1,400,,,,,
2026-02-18,2026-02-18,FO,NSE,STO,171836,,UNITDSPR,,2026-04-28,2026-04-28,1320.0,CE,UNITDSPR26APR1320CE,0.0,0.0,0.0,75.45,0.0,75.45,1424.6,131.45,0,0,0,0.0,0,F1,400,,,,,
2026-02-18,2026-02-18,FO,NSE,STO,171846,,UNITDSPR,,2026-04-28,2026-04-28,1420.0,CE,UNITDSPR26APR1420CE,0.0,0.0,0.0,36.8,0.0,36.8,1424.6,64.55,0,0,0,0.0,0,F1,400,,,,,
2026-02-18,2026-02-18,FO,NSE,STO,149294,,UNITDSPR,,2026-02-24,2026-02-24,1140.0,PE,UNITDSPR26FEB1140PE,0.0,0.0,0.0,2.75,0.0,2.75,1424.6,0.05,0,0,0,0.0,0,F1,400,,,,,
2026-02-18,2026-02-18,FO,NSE,STO,149330,,UNITDSPR,,2026-02-24,2026-02-24,1360.0,PE,UNITDSPR26FEB1360PE,2.6,2.85,1.8,1.9,1.9,2.95,1424.6,1.9,151200,-18400,126,68651800.0,123,F1,400,,,,,
2026-02-18,2026-02-18,FO,NSE,STO,149550,,UNITDSPR,,2026-02-24,2026-02-24,1440.0,PE,UNITDSPR26FEB1440PE,28.4,28.4,24.2,25.5,25.6,26.25,1424.6,25.5,13200,800,5,2932920.0,5,F1,400,,,,,
2026-02-18,2026-02-18,FO,NSE,STO,165145,,UNITDSPR,,2026-02-24,2026-02-24,1510.0,PE,UNITDSPR26FEB1510PE,0.0,0.0,0.0,104.2,0.0,104.2,1424.6,84.35,0,0,0,0.0,0,F1,400,,,,,
2026-02-18,2026-02-18,FO,NSE,STO,171733,,UNITDSPR,,2026-03-30,2026-03-30,1230.0,PE,UNITDSPR26MAR1230PE,0.0,0.0,0.0,13.85,13.85,13.85,1424.6,0.65,800,0,0,0.0,0,F1,400,,,,,
2026-02-18,2026-02-18,FO,NSE,STO,165253,,UNITDSPR,,2026-03-30,2026-03-30,1600.0,PE,UNITDSPR26MAR1600PE,0.0,0.0,0.0,183.5,183.5,183.5,1424.6,169.0,400,0,0,0.0,0,F1,400,,,,,
2026-02-18,2026-02-18,FO,NSE,STO,171817,,UNITDSPR,,2026-04-28,2026-04-28,1120.0,PE,UNITDSPR26APR1120PE,0.0,0.0,0.0,7.35,0.0,7.35,1424.6,0.15,0,0,0,0.0,0,F1,400,,,,,
2026-02-18,2026-02-18,FO,NSE,STO,171847,,UNITDSPR,,2026-04-28,2026-04-28,1420.0,PE,UNITDSPR26APR1420PE,0.0,0.0,0.0,123.55,0.0,123.55,1424.6,45.3,0,0,0,0.0,0,F1,400,,,,,
2026-02-18,2026-02-18,FO,NSE,STO,171851,,UNITDSPR,,2026-04-28,2026-04-28,1460.0,PE,UNITDSPR26APR1460PE,0.0,0.0,0.0,152.9,0.0,152.9,1424.6,65.9,0,0,0,0.0,0,F1,400,,,,,
2026-02-18,2026-02-18,FO,NSE,STO,171855,,UNITDSPR,,2026-04-28,2026-04-28,1500.0,PE,UNITDSPR26APR1500PE,0.0,0.0,0.0,184.5,0.0,184.5,1424.6,90.85,0,0,0,0.0,0,F1,400,,,,,
2026-02-18,2026-02-18,FO,NSE,STO,149303,,UNITDSPR,,2026-02-24,2026-02-24,1240.0,CE,UNITDSPR26FEB1240CE,0.0,0.0,0.0,220.4,0.0,220.4,1424.6,185.7,0,0,0,0.0,0,F1,400,,,,,
2026-02-18,2026-02-18,FO,NSE,STO,149305,,UNITDSPR,,2026-02-24,2026-02-24,1260.0,CE,UNITDSPR26FEB1260CE,0.0,0.0,0.0,75.55,75.55,75.55,1424.6,165.75,2400,0,0,0.0,0,F1,400,,,,,
2026-02-18,2026-02-18,FO,NSE,STO,165134,,UNITDSPR,,2026-02-24,2026-02-24,1410.0,CE,UNITDSPR26FEB1410CE,25.95,26.85,18.9,22.25,21.35,26.05,1424.6,22.25,48400,-8800,53,30360440.0,53,F1,400,,,,,
2026-02-18,2026-02-18,FO,NSE,STO,165136,,UNITDSPR,,2026-02-24,2026-02-24,1430.0,CE,UNITDSPR26FEB1430CE,14.6,16.2,9.4,11.5,11.3,15.3,1424.6,11.5,139200,2800,976,563196340.0,875,F1,400,,,,,
2026-02-18,2026-02-18,FO,NSE,STO,165142,,UNITDSPR,,2026-02-24,2026-02-24,1490.0,CE,UNITDSPR26FEB1490CE,1.3,1.3,1.3,1.3,1.3,1.75,1424.6,1.3,95200,-400,1,596520.0,1,F1,400,,,,,
2026-02-18,2026-02-18,FO,NSE,STO,149561,,UNITDSPR,,2026-02-24,2026-02-24,1560.0,CE,UNITDSPR26FEB1560CE,0.4,0.4,0.4,0.4,0.4,0.65,1424.6,0.05,9200,0,1,624160.0,1,F1,400,,,,,
2026-02-18,2026-02-18,FO,NSE,STO,171869,,UNITDSPR,,2026-04-28,2026-04-28,1640.0,PE,UNITDSPR26APR1640PE,0.0,0.0,0.0,308.35,0.0,308.35,1424.6,204.4,0,0,0,0.0,0,F1,400,,,,,
2026-02-18,2026-02-18,FO,NSE,STO,165216,,UNITDSPR,,2026-03-30,2026-03-30,1240.0,CE,UNITDSPR26MAR1240CE,0.0,0.0,0.0,213.25,0.0,213.25,1424.6,192.95,0,0,0,0.0,0,F1,400,,,,,
2026-02-18,2026-02-18,FO,NSE,STO,165230,,UNITDSPR,,2026-03-30,2026-03-30,1380.0,CE,UNITDSPR26MAR1380CE,68.0,68.0,68.0,68.0,68.0,35.0,1424.6,72.7,400,400,1,579200.0,1,F1,400,,,,,
2026-02-18,2026-02-18,FO,NSE,STO,149555,,UNITDSPR,,2026-02-24,2026-02-24,1500.0,CE,UNITDSPR26FEB1500CE,1.6,1.6,0.95,1.05,1.0,1.75,1424.6,1.05,250800,800,135,81067760.0,112,F1,400,,,,,
2026-02-18,2026-02-18,FO,NSE,STF,67036,,UNITDSPR,,2026-04-28,2026-04-28,,,UNITDSPR26APRFUT,1440.7,1441.2,1435.0,1435.2,1435.2,1441.8,1424.6,1439.5,19200,1200,8,4598080.0,8,F1,400,,,,,
2026-02-18,2026-02-18,FO,NSE,STO,171841,,UNITDSPR,,2026-04-28,2026-04-28,1360.0,PE,UNITDSPR26APR1360PE,0.0,0.0,0.0,85.2,0.0,85.2,1424.6,22.9,0,0,0,0.0,0,F1,400,,,,,
2026-02-18,2026-02-18,FO,NSE,STO,171831,,UNITDSPR,,2026-04-28,2026-04-28,1260.0,PE,UNITDSPR26APR1260PE,0.0,0.0,0.0,38.25,0.0,38.25,1424.6,4.9,0,0,0,0.0,0,F1,400,,,,,
2026-02-18,2026-02-18,FO,NSE,STO,165249,,UNITDSPR,,2026-03-30,2026-03-30,1560.0,PE,UNITDSPR26MAR1560PE,0.0,0.0,0.0,148.0,0.0,148.0,1424.6,132.7,0,0,0,0.0,0,F1,400,,,,,
2026-02-18,2026-02-18,FO,NSE,STO,165243,,UNITDSPR,,2026-03-30,2026-03-30,1500.0,PE,UNITDSPR26MAR1500PE,83.9,83.9,79.0,79.05,80.0,80.0,1424.6,79.05,38400,34000,90,56919620.0,64,F1,400,,,,,
2026-02-18,2026-02-18,FO,NSE,STO,165204,,UNITDSPR,,2026-03-30,2026-03-30,1120.0,CE,UNITDSPR26MAR1120CE,0.0,0.0,0.0,322.25,0.0,322.25,1424.6,311.35,0,0,0,0.0,0,F1,400,,,,,
2026-02-18,2026-02-18,FO,NSE,STO,165121,,UNITDSPR,,2026-02-24,2026-02-24,1270.0,PE,UNITDSPR26FEB1270PE,0.9,0.9,0.5,0.55,0.5,1.0,1424.6,0.55,40000,800,14,7115980.0,12,F1,400,,,,,
2026-02-18,2026-02-18,FO,NSE,STO,165127,,UNITDSPR,,2026-02-24,2026-02-24,1330.0,PE,UNITDSPR26FEB1330PE,1.65,1.65,1.15,1.15,1.15,1.75,1424.6,1.15,206400,-3200,116,61774640.0,112,F1,400,,,,,
2026-02-18,2026-02-18,FO,NSE,STO,149546,,UNITDSPR,,2026-02-24,2026-02-24,1400.0,PE,UNITDSPR26FEB1400PE,8.4,9.6,6.45,6.95,6.9,8.95,1424.6,6.95,240800,800,487,274278060.0,333,F1,400,,,,,
2026-02-18,2026-02-18,FO,NSE,STO,165213,,UNITDSPR,,2026-03-30,2026-03-30,1200.0,PE,UNITDSPR26MAR1200PE,0.0,0.0,0.0,10.9,10.9,10.9,1424.6,0.25,800,0,0,0.0,0,F1,400,,,,,
2026-02-18,2026-02-18,FO,NSE,STO,171735,,UNITDSPR,,2026-03-30,2026-03-30,1250.0,PE,UNITDSPR26MAR1250PE,0.0,0.0,0.0,5.0,5.0,5.0,1424.6,1.2,2000,0,0,0.0,0,F1,400,,,,,
2026-02-18,2026-02-18,FO,NSE,STO,165221,,UNITDSPR,,2026-03-30,2026-03-30,1280.0,PE,UNITDSPR26MAR1280PE,0.0,0.0,0.0,17.8,0.0,17.8,1424.6,2.65,0,0,0,0.0,0,F1,400,,,,,
2026-02-18,2026-02-18,FO,NSE,STO,165223,,UNITDSPR,,2026-03-30,2026-03-30,1300.0,PE,UNITDSPR26MAR1300PE,5.4,5.65,4.9,5.2,5.2,5.45,1424.6,4.25,27200,9200,31,16185080.0,31,F1,400,,,,,
2026-02-18,2026-02-18,FO,NSE,STO,165233,,UNITDSPR,,2026-03-30,2026-03-30,1400.0,PE,UNITDSPR26MAR1400PE,25.5,26.05,22.3,23.55,23.55,25.5,1424.6,23.55,23200,5200,29,16530960.0,26,F1,400,,,,,
2026-02-18,2026-02-18,FO,NSE,STO,165235,,UNITDSPR,,2026-03-30,2026-03-30,1420.0,PE,UNITDSPR26MAR1420PE,0.0,0.0,0.0,39.1,39.1,39.1,1424.6,35.25,800,0,0,0.0,0,F1,400,,,,,
2026-02-18,2026-02-18,FO,NSE,STO,165237,,UNITDSPR,,2026-03-30,2026-03-30,1440.0,PE,UNITDSPR26MAR1440PE,42.55,42.6,42.55,42.6,42.6,48.85,1424.6,45.25,2000,-800,2,1186060.0,2,F1,400,,,,,
2026-02-18,2026-02-18,FO,NSE,STO,165245,,UNITDSPR,,2026-03-30,2026-03-30,1520.0,PE,UNITDSPR26MAR1520PE,0.0,0.0,0.0,120.2,0.0,120.2,1424.6,99.15,0,0,0,0.0,0,F1,400,,,,,
2026-02-18,2026-02-18,FO,NSE,STO,149289,,UNITDSPR,,2026-02-24,2026-02-24,1100.0,CE,UNITDSPR26FEB1100CE,0.0,0.0,0.0,231.85,231.85,231.85,1424.6,325.6,800,0,0,0.0,0,F1,400,,,,,
2026-02-18,2026-02-18,FO,NSE,STO,149293,,UNITDSPR,,2026-02-24,2026-02-24,1140.0,CE,UNITDSPR26FEB1140CE,0.0,0.0,0.0,310.35,0.0,310.35,1424.6,285.65,0,0,0,0.0,0,F1,400,,,,,
2026-02-18,2026-02-18,FO,NSE,STO,165120,,UNITDSPR,,2026-02-24,2026-02-24,1270.0,CE,UNITDSPR26FEB1270CE,0.0,0.0,0.0,68.6,68.6,68.6,1424.6,155.75,4400,0,0,0.0,0,F1,400,,,,,
2026-02-18,2026-02-18,FO,NSE,STO,149329,,UNITDSPR,,2026-02-24,2026-02-24,1360.0,CE,UNITDSPR26FEB1360CE,62.5,66.15,59.95,64.55,66.15,63.0,1424.6,64.55,58000,-1200,11,6265380.0,11,F1,400,,,,,
2026-02-18,2026-02-18,FO,NSE,STO,171738,,UNITDSPR,,2026-03-30,2026-03-30,1290.0,CE,UNITDSPR26MAR1290CE,0.0,0.0,0.0,76.0,0.0,76.0,1424.6,145.7,0,0,0,0.0,0,F1,400,,,,,
2026-02-18,2026-02-18,FO,NSE,STO,165222,,UNITDSPR,,2026-03-30,2026-03-30,1300.0,CE,UNITDSPR26MAR1300CE,0.0,0.0,0.0,130.0,130.0,130.0,1424.6,136.65,800,0,0,0.0,0,F1,400,,,,,
2026-02-18,2026-02-18,FO,NSE,STO,171742,,UNITDSPR,,2026-03-30,2026-03-30,1330.0,CE,UNITDSPR26MAR1330CE,0.0,0.0,0.0,55.4,0.0,55.4,1424.6,110.7,0,0,0,0.0,0,F1,400,,,,,
2026-02-18,2026-02-18,FO,NSE,STO,171744,,UNITDSPR,,2026-03-30,2026-03-30,1350.0,CE,UNITDSPR26MAR1350CE,0.0,0.0,0.0,35.2,35.2,35.2,1424.6,94.6,400,0,0,0.0,0,F1,400,,,,,
2026-02-18,2026-02-18,FO,NSE,STO,165234,,UNITDSPR,,2026-03-30,2026-03-30,1420.0,CE,UNITDSPR26MAR1420CE,46.35,46.35,42.0,42.0,42.0,42.8,1424.6,42.0,1600,400,2,1171340.0,2,F1,400,,,,,
2026-02-18,2026-02-18,FO,NSE,STO,165242,,UNITDSPR,,2026-03-30,2026-03-30,1500.0,CE,UNITDSPR26MAR1500CE,16.85,17.1,12.8,13.8,13.55,16.85,1424.6,13.8,79200,-7200,173,104844900.0,149,F1,400,,,,,
2026-02-18,2026-02-18,FO,NSE,STO,171816,,UNITDSPR,,2026-04-28,2026-04-28,1120.0,CE,UNITDSPR26APR1120CE,0.0,0.0,0.0,216.0,0.0,216.0,1424.6,316.35,0,0,0,0.0,0,F1,400,,,,,
2026-02-18,2026-02-18,FO,NSE,STO,171824,,UNITDSPR,,2026-04-28,2026-04-28,1200.0,CE,UNITDSPR26APR1200CE,0.0,0.0,0.0,150.5,0.0,150.5,1424.6,238.45,0,0,0,0.0,0,F1,400,,,,,
2026-02-18,2026-02-18,FO,NSE,STO,171848,,UNITDSPR,,2026-04-28,2026-04-28,1440.0,CE,UNITDSPR26APR1440CE,0.0,0.0,0.0,31.4,0.0,31.4,1424.6,54.5,0,0,0,0.0,0,F1,400,,,,,
2026-02-18,2026-02-18,FO,NSE,STO,171868,,UNITDSPR,,2026-04-28,2026-04-28,1640.0,CE,UNITDSPR26APR1640CE,0.0,0.0,0.0,5.0,0.0,5.0,1424.6,5.95,0,0,0,0.0,0,F1,400,,,,,
2026-02-18,2026-02-18,FO,NSE,STO,149290,,UNITDSPR,,2026-02-24,2026-02-24,1100.0,PE,UNITDSPR26FEB1100PE,0.2,0.85,0.2,0.25,0.25,0.2,1424.6,0.05,56400,400,51,22450400.0,10,F1,400,,,,,
2026-02-18,2026-02-18,FO,NSE,STO,149302,,UNITDSPR,,2026-02-24,2026-02-24,1220.0,PE,UNITDSPR26FEB1220PE,0.0,0.0,0.0,0.5,0.5,0.5,1424.6,0.05,10000,0,0,0.0,0,F1,400,,,,,
2026-02-18,2026-02-18,FO,NSE,STO,165232,,UNITDSPR,,2026-03-30,2026-03-30,1400.0,CE,UNITDSPR26MAR1400CE,61.85,63.65,50.3,55.3,56.2,58.95,1424.6,55.3,46400,28400,107,62266500.0,58,F1,400,,,,,
2026-02-18,2026-02-18,FO,NSE,STO,171732,,UNITDSPR,,2026-03-30,2026-03-30,1230.0,CE,UNITDSPR26MAR1230CE,0.0,0.0,0.0,115.05,0.0,115.05,1424.6,202.65,0,0,0,0.0,0,F1,400,,,,,
2026-02-18,2026-02-18,FO,NSE,STO,149611,,UNITDSPR,,2026-02-24,2026-02-24,1600.0,CE,UNITDSPR26FEB1600CE,0.0,0.0,0.0,0.85,0.85,0.85,1424.6,0.05,9600,0,0,0.0,0,F1,400,,,,,
2026-02-18,2026-02-18,FO,NSE,STO,165132,,UNITDSPR,,2026-02-24,2026-02-24,1390.0,CE,UNITDSPR26FEB1390CE,39.8,39.8,33.6,37.9,36.75,39.85,1424.6,37.9,14800,400,18,10273260.0,18,F1,400,,,,,
2026-02-18,2026-02-18,FO,NSE,STO,149301,,UNITDSPR,,2026-02-24,2026-02-24,1220.0,CE,UNITDSPR26FEB1220CE,0.0,0.0,0.0,237.6,0.0,237.6,1424.6,205.7,0,0,0,0.0,0,F1,400,,,,,
2026-02-18,2026-02-18,FO,NSE,STO,149291,,UNITDSPR,,2026-02-24,2026-02-24,1120.0,CE,UNITDSPR26FEB1120CE,0.0,0.0,0.0,329.25,0.0,329.25,1424.6,305.6,0,0,0,0.0,0,F1,400,,,,,
2026-02-18,2026-02-18,FO,NSE,STF,52065,,UNITDSPR,,2026-03-30,2026-03-30,,,UNITDSPR26MARFUT,1430.5,1435.0,1425.5,1431.4,1430.5,1432.3,1424.6,1431.4,1320000,832800,2265,1295659560.0,1936,F1,400,,,,,
2026-02-18,2026-02-18,FO,NSE,STO,165205,,UNITDSPR,,2026-03-30,2026-03-30,1120.0,PE,UNITDSPR26MAR1120PE,0.0,0.0,0.0,1.85,0.0,1.85,1424.6,0.05,0,0,0,0.0,0,F1,400,,,,,
2026-02-18,2026-02-18,FO,NSE,STO,171827,,UNITDSPR,,2026-04-28,2026-04-28,1220.0,PE,UNITDSPR26APR1220PE,0.0,0.0,0.0,25.7,0.0,25.7,1424.6,2.2,0,0,0,0.0,0,F1,400,,,,,
2026-02-18,2026-02-18,FO,NSE,STO,171821,,UNITDSPR,,2026-04-28,2026-04-28,1160.0,PE,UNITDSPR26APR1160PE,0.0,0.0,0.0,12.75,0.0,12.75,1424.6,0.55,0,0,0,0.0,0,F1,400,,,,,
2026-02-18,2026-02-18,FO,NSE,STO,165257,,UNITDSPR,,2026-03-30,2026-03-30,1640.0,PE,UNITDSPR26MAR1640PE,0.0,0.0,0.0,210.65,0.0,210.65,1424.6,207.0,0,0,0,0.0,0,F1,400,,,,,
2026-02-18,2026-02-18,FO,NSE,STO,171761,,UNITDSPR,,2026-03-30,2026-03-30,1510.0,PE,UNITDSPR26MAR1510PE,0.0,0.0,0.0,191.65,0.0,191.65,1424.6,91.35,0,0,0,0.0,0,F1,400,,,,,
2026-02-18,2026-02-18,FO,NSE,STO,171759,,UNITDSPR,,2026-03-30,2026-03-30,1490.0,PE,UNITDSPR26MAR1490PE,0.0,0.0,0.0,174.25,0.0,174.25,1424.6,76.55,0,0,0,0.0,0,F1,400,,,,,
2026-02-18,2026-02-18,FO,NSE,STO,171737,,UNITDSPR,,2026-03-30,2026-03-30,1270.0,PE,UNITDSPR26MAR1270PE,0.0,0.0,0.0,12.0,12.0,12.0,1424.6,2.05,14800,0,0,0.0,0,F1,400,,,,,
2026-02-18,2026-02-18,FO,NSE,STO,165211,,UNITDSPR,,2026-03-30,2026-03-30,1180.0,PE,UNITDSPR26MAR1180PE,0.0,0.0,0.0,4.9,0.0,4.9,1424.6,0.1,0,0,0,0.0,0,F1,400,,,,,
2026-02-18,2026-02-18,FO,NSE,STO,165135,,UNITDSPR,,2026-02-24,2026-02-24,1410.0,PE,UNITDSPR26FEB1410PE,12.05,12.15,9.45,9.85,9.85,12.05,1424.6,9.85,65600,-1600,66,37515480.0,59,F1,400,,,,,
2026-02-18,2026-02-18,FO,NSE,STO,171828,,UNITDSPR,,2026-04-28,2026-04-28,1240.0,CE,UNITDSPR26APR1240CE,0.0,0.0,0.0,122.0,0.0,122.0,1424.6,200.75,0,0,0,0.0,0,F1,400,,,,,
2026-02-18,2026-02-18,FO,NSE,STO,171832,,UNITDSPR,,2026-04-28,2026-04-28,1280.0,CE,UNITDSPR26APR1280CE,0.0,0.0,0.0,96.95,0.0,96.95,1424.6,164.85,0,0,0,0.0,0,F1,400,,,,,
2026-02-18,2026-02-18,FO,NSE,STO,149304,,UNITDSPR,,2026-02-24,2026-02-24,1240.0,PE,UNITDSPR26FEB1240PE,0.4,0.5,0.3,0.35,0.35,1.15,1424.6,0.35,79200,-14800,82,40686440.0,62,F1,400,,,,,
2026-02-18,2026-02-18,FO,NSE,STO,165119,,UNITDSPR,,2026-02-24,2026-02-24,1250.0,PE,UNITDSPR26FEB1250PE,0.45,0.65,0.4,0.4,0.4,1.3,1424.6,0.4,46000,-27200,83,41515980.0,18,F1,400,,,,,
2026-02-18,2026-02-18,FO,NSE,STO,165129,,UNITDSPR,,2026-02-24,2026-02-24,1350.0,PE,UNITDSPR26FEB1350PE,2.3,2.3,1.55,1.65,1.55,2.35,1424.6,1.65,227600,-16000,184,99501980.0,169,F1,400,,,,,
2026-02-18,2026-02-18,FO,NSE,STO,165203,,UNITDSPR,,2026-03-30,2026-03-30,1100.0,PE,UNITDSPR26MAR1100PE,0.0,0.0,0.0,1.3,0.0,1.3,1424.6,0.05,0,0,0,0.0,0,F1,400,,,,,
2026-02-18,2026-02-18,FO,NSE,STO,165241,,UNITDSPR,,2026-03-30,2026-03-30,1480.0,PE,UNITDSPR26MAR1480PE,0.0,0.0,0.0,95.2,0.0,95.2,1424.6,69.6,0,0,0,0.0,0,F1,400,,,,,
2026-02-18,2026-02-18,FO,NSE,STO,171835,,UNITDSPR,,2026-04-28,2026-04-28,1300.0,PE,UNITDSPR26APR1300PE,0.0,0.0,0.0,54.35,0.0,54.35,1424.6,9.7,0,0,0,0.0,0,F1,400,,,,,
2026-02-18,2026-02-18,FO,NSE,STO,171837,,UNITDSPR,,2026-04-28,2026-04-28,1320.0,PE,UNITDSPR26APR1320PE,0.0,0.0,0.0,63.75,0.0,63.75,1424.6,13.2,0,0,0,0.0,0,F1,400,,,,,
2026-02-18,2026-02-18,FO,NSE,STF,59500,,UNITDSPR,,2026-02-24,2026-02-24,,,UNITDSPR26FEBFUT,1426.0,1427.0,1416.0,1422.4,1420.9,1424.1,1424.6,1422.4,8849200,-774800,2862,1626902360.0,2466,F1,400,,,,,
2026-02-18,2026-02-18,FO,NSE,STO,165114,,UNITDSPR,,2026-02-24,2026-02-24,1210.0,CE,UNITDSPR26FEB1210CE,0.0,0.0,0.0,228.0,0.0,228.0,1424.6,215.7,0,0,0,0.0,0,F1,400,,,,,
2026-02-18,2026-02-18,FO,NSE,STO,149331,,UNITDSPR,,2026-02-24,2026-02-24,1380.0,CE,UNITDSPR26FEB1380CE,45.0,45.75,45.0,45.75,45.75,49.1,1424.6,45.75,64000,-400,2,1140300.0,2,F1,400,,,,,
2026-02-18,2026-02-18,FO,NSE,STO,165146,,UNITDSPR,,2026-02-24,2026-02-24,1530.0,CE,UNITDSPR26FEB1530CE,0.0,0.0,0.0,1.35,1.35,1.35,1424.6,0.1,12400,0,0,0.0,0,F1,400,,,,,
2026-02-18,2026-02-18,FO,NSE,STO,171734,,UNITDSPR,,2026-03-30,2026-03-30,1250.0,CE,UNITDSPR26MAR1250CE,0.0,0.0,0.0,100.95,0.0,100.95,1424.6,183.3,0,0,0,0.0,0,F1,400,,,,,
2026-02-18,2026-02-18,FO,NSE,STO,171752,,UNITDSPR,,2026-03-30,2026-03-30,1430.0,CE,UNITDSPR26MAR1430CE,0.0,0.0,0.0,21.85,0.0,21.85,1424.6,43.25,0,0,0,0.0,0,F1,400,,,,,
2026-02-18,2026-02-18,FO,NSE,STO,165224,,UNITDSPR,,2026-03-30,2026-03-30,1320.0,CE,UNITDSPR26MAR1320CE,0.0,0.0,0.0,115.0,115.0,115.0,1424.6,119.15,6800,0,0,0.0,0,F1,400,,,,,
2026-02-18,2026-02-18,FO,NSE,STO,171829,,UNITDSPR,,2026-04-28,2026-04-28,1240.0,PE,UNITDSPR26APR1240PE,0.0,0.0,0.0,31.55,0.0,31.55,1424.6,3.35,0,0,0,0.0,0,F1,400,,,,,
2026-02-18,2026-02-18,FO,NSE,STO,165212,,UNITDSPR,,2026-03-30,2026-03-30,1200.0,CE,UNITDSPR26MAR1200CE,0.0,0.0,0.0,248.1,0.0,248.1,1424.6,232.05,0,0,0,0.0,0,F1,400,,,,,
2026-02-18,2026-02-18,FO,NSE,STO,149559,,UNITDSPR,,2026-02-24,2026-02-24,1540.0,CE,UNITDSPR26FEB1540CE,0.15,0.55,0.15,0.55,0.55,0.75,1424.6,0.05,31200,1600,8,4929120.0,3,F1,400,,,,,
2026-02-18,2026-02-18,FO,NSE,STO,165140,,UNITDSPR,,2026-02-24,2026-02-24,1470.0,CE,UNITDSPR26FEB1470CE,4.1,4.1,2.0,2.3,2.25,4.1,1424.6,2.3,75200,1600,41,24153220.0,40,F1,400,,,,,
2026-02-18,2026-02-18,FO,NSE,STO,149551,,UNITDSPR,,2026-02-24,2026-02-24,1460.0,CE,UNITDSPR26FEB1460CE,5.35,5.55,2.9,3.4,3.25,5.8,1424.6,3.4,144400,-1200,203,118903260.0,192,F1,400,,,,,
2026-02-18,2026-02-18,FO,NSE,STO,149549,,UNITDSPR,,2026-02-24,2026-02-24,1440.0,CE,UNITDSPR26FEB1440CE,11.15,11.65,6.5,7.85,7.5,11.15,1424.6,7.85,120800,48400,466,270172820.0,351,F1,400,,,,,
2026-02-18,2026-02-18,FO,NSE,STO,171859,,UNITDSPR,,2026-04-28,2026-04-28,1540.0,PE,UNITDSPR26APR1540PE,0.0,0.0,0.0,218.15,0.0,218.15,1424.6,119.75,0,0,0,0.0,0,F1,400,,,,,
2026-02-18,2026-02-18,FO,NSE,STO,171748,,UNITDSPR,,2026-03-30,2026-03-30,1390.0,CE,UNITDSPR26MAR1390CE,0.0,0.0,0.0,32.45,0.0,32.45,1424.6,66.05,0,0,0,0.0,0,F1,400,,,,,
2026-02-18,2026-02-18,FO,NSE,STO,165236,,UNITDSPR,,2026-03-30,2026-03-30,1440.0,CE,UNITDSPR26MAR1440CE,36.6,36.6,36.6,36.6,36.6,36.6,1424.6,36.6,14400,400,2,1181280.0,2,F1,400,,,,,
2026-02-18,2026-02-18,FO,NSE,STO,149296,,UNITDSPR,,2026-02-24,2026-02-24,1160.0,PE,UNITDSPR26FEB1160PE,0.0,0.0,0.0,0.2,0.2,0.2,1424.6,0.05,2000,0,0,0.0,0,F1,400,,,,,
2026-02-18,2026-02-18,FO,NSE,STO,171844,,UNITDSPR,,2026-04-28,2026-04-28,1400.0,CE,UNITDSPR26APR1400CE,0.0,0.0,0.0,42.95,0.0,42.95,1424.6,75.75,0,0,0,0.0,0,F1,400,,,,,
2026-02-18,2026-02-18,FO,NSE,STO,165254,,UNITDSPR,,2026-03-30,2026-03-30,1620.0,CE,UNITDSPR26MAR1620CE,3.5,3.55,3.0,3.05,3.05,3.35,1424.6,2.2,2400,1600,4,2597240.0,4,F1,400,,,,,
2026-02-18,2026-02-18,FO,NSE,STO,171758,,UNITDSPR,,2026-03-30,2026-03-30,1490.0,CE,UNITDSPR26MAR1490CE,18.0,18.0,18.0,18.0,18.0,16.3,1424.6,20.1,6400,0,1,603200.0,1,F1,400,,,,,
2026-02-18,2026-02-18,FO,NSE,STO,165123,,UNITDSPR,,2026-02-24,2026-02-24,1290.0,PE,UNITDSPR26FEB1290PE,0.9,0.9,0.85,0.85,0.85,1.3,1424.6,0.85,24800,-4800,15,7745280.0,11,F1,400,,,,,
2026-02-18,2026-02-18,FO,NSE,STO,165125,,UNITDSPR,,2026-02-24,2026-02-24,1310.0,PE,UNITDSPR26FEB1310PE,1.25,1.25,1.0,1.05,1.05,1.6,1424.6,1.05,39200,-800,8,4195620.0,8,F1,400,,,,,
2026-02-18,2026-02-18,FO,NSE,STO,165147,,UNITDSPR,,2026-02-24,2026-02-24,1530.0,PE,UNITDSPR26FEB1530PE,0.0,0.0,0.0,118.45,0.0,118.45,1424.6,104.1,0,0,0,0.0,0,F1,400,,,,,
2026-02-18,2026-02-18,FO,NSE,STO,165217,,UNITDSPR,,2026-03-30,2026-03-30,1240.0,PE,UNITDSPR26MAR1240PE,0.0,0.0,0.0,11.1,0.0,11.1,1424.6,0.9,0,0,0,0.0,0,F1,400,,,,,
2026-02-18,2026-02-18,FO,NSE,STO,165251,,UNITDSPR,,2026-03-30,2026-03-30,1580.0,PE,UNITDSPR26MAR1580PE,0.0,0.0,0.0,162.95,0.0,162.95,1424.6,150.6,0,0,0,0.0,0,F1,400,,,,,
2026-02-18,2026-02-18,FO,NSE,STO,149665,,UNITDSPR,,2026-02-24,2026-02-24,1640.0,CE,UNITDSPR26FEB1640CE,0.0,0.0,0.0,21.6,0.0,21.6,1424.6,0.05,0,0,0,0.0,0,F1,400,,,,,
2026-02-18,2026-02-18,FO,NSE,STO,165202,,UNITDSPR,,2026-03-30,2026-03-30,1100.0,CE,UNITDSPR26MAR1100CE,0.0,0.0,0.0,341.35,0.0,341.35,1424.6,331.2,0,0,0,0.0,0,F1,400,,,,,
2026-02-18,2026-02-18,FO,NSE,STO,171834,,UNITDSPR,,2026-04-28,2026-04-28,1300.0,CE,UNITDSPR26APR1300CE,0.0,0.0,0.0,85.75,0.0,85.75,1424.6,147.75,0,0,0,0.0,0,F1,400,,,,,
2026-02-18,2026-02-18,FO,NSE,STO,171854,,UNITDSPR,,2026-04-28,2026-04-28,1500.0,CE,UNITDSPR26APR1500CE,0.0,0.0,0.0,18.95,0.0,18.95,1424.6,31.0,0,0,0,0.0,0,F1,400,,,,,
2026-02-18,2026-02-18,FO,NSE,STO,149292,,UNITDSPR,,2026-02-24,2026-02-24,1120.0,PE,UNITDSPR26FEB1120PE,0.0,0.0,0.0,2.0,0.0,2.0,1424.6,0.05,0,0,0,0.0,0,F1,400,,,,,
2026-02-18,2026-02-18,FO,NSE,STO,149554,,UNITDSPR,,2026-02-24,2026-02-24,1480.0,PE,UNITDSPR26FEB1480PE,0.0,0.0,0.0,63.1,63.1,63.1,1424.6,55.9,3600,0,0,0.0,0,F1,400,,,,,
2026-02-18,2026-02-18,FO,NSE,STO,149608,,UNITDSPR,,2026-02-24,2026-02-24,1560.0,PE,UNITDSPR26FEB1560PE,0.0,0.0,0.0,145.05,0.0,145.05,1424.6,134.0,0,0,0,0.0,0,F1,400,,,,,
2026-02-18,2026-02-18,FO,NSE,STO,171731,,UNITDSPR,,2026-03-30,2026-03-30,1210.0,PE,UNITDSPR26MAR1210PE,0.0,0.0,0.0,15.85,0.0,15.85,1424.6,0.35,0,0,0,0.0,0,F1,400,,,,,
2026-02-18,2026-02-18,FO,NSE,STO,171741,,UNITDSPR,,2026-03-30,2026-03-30,1310.0,PE,UNITDSPR26MAR1310PE,0.0,0.0,0.0,9.25,9.25,9.25,1424.6,5.3,8400,0,0,0.0,0,F1,400,,,,,
2026-02-18,2026-02-18,FO,NSE,STO,149311,,UNITDSPR,,2026-02-24,2026-02-24,1320.0,CE,UNITDSPR26FEB1320CE,105.5,107.55,99.0,99.0,99.0,106.65,1424.6,105.85,101200,-400,5,2845660.0,5,F1,400,,,,,
2026-02-18,2026-02-18,FO,NSE,STO,165208,,UNITDSPR,,2026-03-30,2026-03-30,1160.0,CE,UNITDSPR26MAR1160CE,0.0,0.0,0.0,284.6,0.0,284.6,1424.6,271.6,0,0,0,0.0,0,F1,400,,,,,
2026-02-18,2026-02-18,FO,NSE,STO,171736,,UNITDSPR,,2026-03-30,2026-03-30,1270.0,CE,UNITDSPR26MAR1270CE,0.0,0.0,0.0,87.95,0.0,87.95,1424.6,164.25,0,0,0,0.0,0,F1,400,,,,,
2026-02-18,2026-02-18,FO,NSE,STO,165228,,UNITDSPR,,2026-03-30,2026-03-30,1360.0,CE,UNITDSPR26MAR1360CE,84.0,84.0,84.0,84.0,84.0,41.85,1424.6,86.95,400,400,1,577600.0,1,F1,400,,,,,
2026-02-18,2026-02-18,FO,NSE,STO,171762,,UNITDSPR,,2026-03-30,2026-03-30,1530.0,CE,UNITDSPR26MAR1530CE,0.0,0.0,0.0,7.05,0.0,7.05,1424.6,11.05,0,0,0,0.0,0,F1,400,,,,,
2026-02-18,2026-02-18,FO,NSE,STO,171860,,UNITDSPR,,2026-04-28,2026-04-28,1560.0,CE,UNITDSPR26APR1560CE,0.0,0.0,0.0,11.0,0.0,11.0,1424.6,16.15,0,0,0,0.0,0,F1,400,,,,,
2026-02-18,2026-02-18,FO,NSE,STO,149298,,UNITDSPR,,2026-02-24,2026-02-24,1180.0,PE,UNITDSPR26FEB1180PE,0.0,0.0,0.0,0.25,0.25,0.25,1424.6,0.05,8000,0,0,0.0,0,F1,400,,,,,
2026-02-18,2026-02-18,FO,NSE,STO,149610,,UNITDSPR,,2026-02-24,2026-02-24,1580.0,PE,UNITDSPR26FEB1580PE,0.0,0.0,0.0,188.65,188.65,188.65,1424.6,153.95,800,0,0,0.0,0,F1,400,,,,,
2026-02-18,2026-02-18,FO,NSE,STO,165207,,UNITDSPR,,2026-03-30,2026-03-30,1140.0,PE,UNITDSPR26MAR1140PE,0.0,0.0,0.0,2.6,0.0,2.6,1424.6,0.05,0,0,0,0.0,0,F1,400,,,,,
2026-02-18,2026-02-18,FO,NSE,STO,171747,,UNITDSPR,,2026-03-30,2026-03-30,1370.0,PE,UNITDSPR26MAR1370PE,0.0,0.0,0.0,20.0,20.0,20.0,1424.6,16.8,800,0,0,0.0,0,F1,400,,,,,
2026-02-18,2026-02-18,FO,NSE,STO,171755,,UNITDSPR,,2026-03-30,2026-03-30,1450.0,PE,UNITDSPR26MAR1450PE,0.0,0.0,0.0,141.0,0.0,141.0,1424.6,50.8,0,0,0,0.0,0,F1,400,,,,,
2026-02-18,2026-02-18,FO,NSE,STO,165247,,UNITDSPR,,2026-03-30,2026-03-30,1540.0,PE,UNITDSPR26MAR1540PE,0.0,0.0,0.0,133.8,0.0,133.8,1424.6,115.55,0,0,0,0.0,0,F1,400,,,,,
2026-02-18,2026-02-18,FO,NSE,STO,171853,,UNITDSPR,,2026-04-28,2026-04-28,1480.0,PE,UNITDSPR26APR1480PE,0.0,0.0,0.0,168.4,0.0,168.4,1424.6,77.85,0,0,0,0.0,0,F1,400,,,,,
2026-02-18,2026-02-18,FO,NSE,STO,171857,,UNITDSPR,,2026-04-28,2026-04-28,1520.0,PE,UNITDSPR26APR1520PE,0.0,0.0,0.0,201.1,0.0,201.1,1424.6,104.85,0,0,0,0.0,0,F1,400,,,,,
2026-02-18,2026-02-18,FO,NSE,STO,171865,,UNITDSPR,,2026-04-28,2026-04-28,1600.0,PE,UNITDSPR26APR1600PE,0.0,0.0,0.0,271.45,0.0,271.45,1424.6,168.85,0,0,0,0.0,0,F1,400,,,,,
2026-02-18,2026-02-18,FO,NSE,STO,149297,,UNITDSPR,,2026-02-24,2026-02-24,1180.0,CE,UNITDSPR26FEB1180CE,0.0,0.0,0.0,273.3,0.0,273.3,1424.6,245.65,0,0,0,0.0,0,F1,400,,,,,
2026-02-18,2026-02-18,FO,NSE,STO,149299,,UNITDSPR,,2026-02-24,2026-02-24,1200.0,CE,UNITDSPR26FEB1200CE,0.0,0.0,0.0,217.0,217.0,217.0,1424.6,225.7,8000,0,0,0.0,0,F1,400,,,,,
2026-02-18,2026-02-18,FO,NSE,STO,165116,,UNITDSPR,,2026-02-24,2026-02-24,1230.0,CE,UNITDSPR26FEB1230CE,0.0,0.0,0.0,209.5,0.0,209.5,1424.6,195.7,0,0,0,0.0,0,F1,400,,,,,
2026-02-18,2026-02-18,FO,NSE,STO,149309,,UNITDSPR,,2026-02-24,2026-02-24,1300.0,CE,UNITDSPR26FEB1300CE,125.0,125.0,122.5,124.45,124.2,125.15,1424.6,124.45,167200,-800,7,3986520.0,6,F1,400,,,,,
2026-02-18,2026-02-18,FO,NSE,STO,165144,,UNITDSPR,,2026-02-24,2026-02-24,1510.0,CE,UNITDSPR26FEB1510CE,0.9,1.05,0.75,0.8,0.75,0.8,1424.6,0.8,64000,0,5,3021700.0,5,F1,400,,,,,
2026-02-18,2026-02-18,FO,NSE,STO,149667,,UNITDSPR,,2026-02-24,2026-02-24,1660.0,CE,UNITDSPR26FEB1660CE,0.0,0.0,0.0,0.45,0.45,0.45,1424.6,0.05,0,0,0,0.0,0,F1,400,,,,,
2026-02-18,2026-02-18,FO,NSE,STO,171825,,UNITDSPR,,2026-04-28,2026-04-28,1200.0,PE,UNITDSPR26APR1200PE,0.0,0.0,0.0,20.65,0.0,20.65,1424.6,1.45,0,0,0,0.0,0,F1,400,,,,,
2026-02-18,2026-02-18,FO,NSE,STO,171849,,UNITDSPR,,2026-04-28,2026-04-28,1440.0,PE,UNITDSPR26APR1440PE,0.0,0.0,0.0,137.85,0.0,137.85,1424.6,55.0,0,0,0,0.0,0,F1,400,,,,,
2026-02-18,2026-02-18,FO,NSE,STO,149548,,UNITDSPR,,2026-02-24,2026-02-24,1420.0,PE,UNITDSPR26FEB1420PE,14.9,17.45,10.4,13.9,13.85,15.8,1424.6,13.9,56000,10800,213,122279100.0,204,F1,400,,,,,
2026-02-18,2026-02-18,FO,NSE,STO,171858,,UNITDSPR,,2026-04-28,2026-04-28,1540.0,CE,UNITDSPR26APR1540CE,0.0,0.0,0.0,13.25,0.0,13.25,1424.6,20.25,0,0,0,0.0,0,F1,400,,,,,
2026-02-18,2026-02-18,FO,NSE,STO,171750,,UNITDSPR,,2026-03-30,2026-03-30,1410.0,CE,UNITDSPR26MAR1410CE,52.0,52.0,49.0,49.0,49.0,51.0,1424.6,49.0,2800,400,2,1168400.0,2,F1,400,,,,,
2026-02-18,2026-02-18,FO,NSE,STO,149307,,UNITDSPR,,2026-02-24,2026-02-24,1280.0,CE,UNITDSPR26FEB1280CE,0.0,0.0,0.0,124.5,124.5,124.5,1424.6,145.75,9200,0,0,0.0,0,F1,400,,,,,
2026-02-18,2026-02-18,FO,NSE,STO,165218,,UNITDSPR,,2026-03-30,2026-03-30,1260.0,CE,UNITDSPR26MAR1260CE,0.0,0.0,0.0,196.6,0.0,196.6,1424.6,173.75,0,0,0,0.0,0,F1,400,,,,,
2026-02-18,2026-02-18,FO,NSE,STO,149308,,UNITDSPR,,2026-02-24,2026-02-24,1280.0,PE,UNITDSPR26FEB1280PE,0.9,0.9,0.65,0.7,0.75,1.2,1424.6,0.7,30000,-2800,9,4610660.0,7,F1,400,,,,,
2026-02-18,2026-02-18,FO,NSE,STO,149448,,UNITDSPR,,2026-02-24,2026-02-24,1380.0,PE,UNITDSPR26FEB1380PE,4.35,5.45,3.2,3.35,3.4,4.95,1424.6,3.35,158400,-12400,275,152239800.0,251,F1,400,,,,,
2026-02-18,2026-02-18,FO,NSE,STO,165133,,UNITDSPR,,2026-02-24,2026-02-24,1390.0,PE,UNITDSPR26FEB1390PE,5.45,6.35,4.45,4.75,4.85,6.7,1424.6,4.75,46400,2800,75,41859620.0,72,F1,400,,,,,
2026-02-18,2026-02-18,FO,NSE,STO,165215,,UNITDSPR,,2026-03-30,2026-03-30,1220.0,PE,UNITDSPR26MAR1220PE,0.0,0.0,0.0,8.6,0.0,8.6,1424.6,0.5,0,0,0,0.0,0,F1,400,,,,,
2026-02-18,2026-02-18,FO,NSE,STO,171739,,UNITDSPR,,2026-03-30,2026-03-30,1290.0,PE,UNITDSPR26MAR1290PE,0.0,0.0,0.0,15.35,15.35,15.35,1424.6,3.35,4800,0,0,0.0,0,F1,400,,,,,
2026-02-18,2026-02-18,FO,NSE,STO,165229,,UNITDSPR,,2026-03-30,2026-03-30,1360.0,PE,UNITDSPR26MAR1360PE,13.9,13.9,13.9,13.9,13.9,45.45,1424.6,14.2,1200,0,1,549560.0,1,F1,400,,,,,
2026-02-18,2026-02-18,FO,NSE,STO,165255,,UNITDSPR,,2026-03-30,2026-03-30,1620.0,PE,UNITDSPR26MAR1620PE,0.0,0.0,0.0,194.25,0.0,194.25,1424.6,187.85,0,0,0,0.0,0,F1,400,,,,,
2026-02-18,2026-02-18,FO,NSE,STO,165239,,UNITDSPR,,2026-03-30,2026-03-30,1460.0,PE,UNITDSPR26MAR1460PE,0.0,0.0,0.0,83.8,0.0,83.8,1424.6,56.75,0,0,0,0.0,0,F1,400,,,,,
2026-02-18,2026-02-18,FO,NSE,STO,149666,,UNITDSPR,,2026-02-24,2026-02-24,1640.0,PE,UNITDSPR26FEB1640PE,0.0,0.0,0.0,206.5,0.0,206.5,1424.6,213.9,0,0,0,0.0,0,F1,400,,,,,
2026-02-18,2026-02-18,FO,NSE,STO,149556,,UNITDSPR,,2026-02-24,2026-02-24,1500.0,PE,UNITDSPR26FEB1500PE,79.5,82.85,75.85,78.45,78.6,79.0,1424.6,78.45,98400,-15600,47,29697460.0,27,F1,400,,,,,
2026-02-18,2026-02-18,FO,NSE,STO,165141,,UNITDSPR,,2026-02-24,2026-02-24,1470.0,PE,UNITDSPR26FEB1470PE,0.0,0.0,0.0,67.95,67.95,67.95,1424.6,47.05,1600,0,0,0.0,0,F1,400,,,,,
2026-02-18,2026-02-18,FO,NSE,STO,149552,,UNITDSPR,,2026-02-24,2026-02-24,1460.0,PE,UNITDSPR26FEB1460PE,44.0,44.0,41.0,41.25,41.0,54.05,1424.6,41.25,6000,-1600,7,4208980.0,3,F1,400,,,,,
2026-02-18,2026-02-18,FO,NSE,STO,165137,,UNITDSPR,,2026-02-24,2026-02-24,1430.0,PE,UNITDSPR26FEB1430PE,22.55,22.7,17.65,18.95,19.2,20.8,1424.6,18.95,27600,6000,79,45834580.0,64,F1,400,,,,,
2026-02-18,2026-02-18,FO,NSE,STO,171864,,UNITDSPR,,2026-04-28,2026-04-28,1600.0,CE,UNITDSPR26APR1600CE,0.0,0.0,0.0,7.45,0.0,7.45,1424.6,10.0,0,0,0,0.0,0,F1,400,,,,,
2026-02-18,2026-02-18,FO,NSE,STO,171852,,UNITDSPR,,2026-04-28,2026-04-28,1480.0,CE,UNITDSPR26APR1480CE,0.0,0.0,0.0,22.55,0.0,22.55,1424.6,37.75,0,0,0,0.0,0,F1,400,,,,,
2026-02-18,2026-02-18,FO,NSE,STO,171842,,UNITDSPR,,2026-04-28,2026-04-28,1380.0,CE,UNITDSPR26APR1380CE,0.0,0.0,0.0,49.8,0.0,49.8,1424.6,88.1,0,0,0,0.0,0,F1,400,,,,,
2026-02-18,2026-02-18,FO,NSE,STO,171838,,UNITDSPR,,2026-04-28,2026-04-28,1340.0,CE,UNITDSPR26APR1340CE,0.0,0.0,0.0,66.05,0.0,66.05,1424.6,116.05,0,0,0,0.0,0,F1,400,,,,,
2026-02-18,2026-02-18,FO,NSE,STO,171830,,UNITDSPR,,2026-04-28,2026-04-28,1260.0,CE,UNITDSPR26APR1260CE,0.0,0.0,0.0,109.05,0.0,109.05,1424.6,182.55,0,0,0,0.0,0,F1,400,,,,,
2026-02-18,2026-02-18,FO,NSE,STO,165256,,UNITDSPR,,2026-03-30,2026-03-30,1640.0,CE,UNITDSPR26MAR1640CE,0.0,0.0,0.0,18.75,0.0,18.75,1424.6,1.45,0,0,0,0.0,0,F1,400,,,,,
2026-02-18,2026-02-18,FO,NSE,STO,165248,,UNITDSPR,,2026-03-30,2026-03-30,1560.0,CE,UNITDSPR26MAR1560CE,0.0,0.0,0.0,34.9,0.0,34.9,1424.6,6.7,0,0,0,0.0,0,F1,400,,,,,
2026-02-18,2026-02-18,FO,NSE,STO,171760,,UNITDSPR,,2026-03-30,2026-03-30,1510.0,CE,UNITDSPR26MAR1510CE,0.0,0.0,0.0,8.95,0.0,8.95,1424.6,15.05,0,0,0,0.0,0,F1,400,,,,,
2026-02-18,2026-02-18,FO,NSE,STO,165240,,UNITDSPR,,2026-03-30,2026-03-30,1480.0,CE,UNITDSPR26MAR1480CE,0.0,0.0,0.0,22.0,22.0,22.0,1424.6,23.1,5200,0,0,0.0,0,F1,400,,,,,
2026-02-18,2026-02-18,FO,NSE,STO,165226,,UNITDSPR,,2026-03-30,2026-03-30,1340.0,CE,UNITDSPR26MAR1340CE,0.0,0.0,0.0,85.0,85.0,85.0,1424.6,102.5,800,0,0,0.0,0,F1,400,,,,,
2026-02-18,2026-02-18,FO,NSE,STO,149553,,UNITDSPR,,2026-02-24,2026-02-24,1480.0,CE,UNITDSPR26FEB1480CE,2.95,2.95,1.4,1.8,1.6,2.9,1424.6,1.8,162400,400,62,36753500.0,59,F1,400,,,,,
2026-02-18,2026-02-18,FO,NSE,STO,149547,,UNITDSPR,,2026-02-24,2026-02-24,1420.0,CE,UNITDSPR26FEB1420CE,18.15,20.9,13.4,15.8,15.45,20.15,1424.6,15.8,221200,-80400,1314,755109240.0,1021,F1,400,,,,,
2026-02-18,2026-02-18,FO,NSE,STO,165130,,UNITDSPR,,2026-02-24,2026-02-24,1370.0,CE,UNITDSPR26FEB1370CE,50.35,56.4,50.35,55.1,55.9,41.9,1424.6,55.1,30000,-800,17,9681440.0,17,F1,400,,,,,
2026-02-18,2026-02-18,FO,NSE,STO,165128,,UNITDSPR,,2026-02-24,2026-02-24,1350.0,CE,UNITDSPR26FEB1350CE,75.1,75.1,69.6,69.6,69.6,75.75,1424.6,76.25,54000,-5600,44,25050680.0,10,F1,400,,,,,
2026-02-18,2026-02-18,FO,NSE,STO,165124,,UNITDSPR,,2026-02-24,2026-02-24,1310.0,CE,UNITDSPR26FEB1310CE,0.0,0.0,0.0,93.85,93.85,93.85,1424.6,115.8,18000,0,0,0.0,0,F1,400,,,,,
2026-02-18,2026-02-18,FO,NSE,STO,149295,,UNITDSPR,,2026-02-24,2026-02-24,1160.0,CE,UNITDSPR26FEB1160CE,0.0,0.0,0.0,291.65,0.0,291.65,1424.6,265.65,0,0,0,0.0,0,F1,400,,,,,
2026-02-18,2026-02-18,FO,NSE,STO,171751,,UNITDSPR,,2026-03-30,2026-03-30,1410.0,PE,UNITDSPR26MAR1410PE,0.0,0.0,0.0,33.1,33.1,33.1,1424.6,30.85,2400,0,0,0.0,0,F1,400,,,,,
2026-02-18,2026-02-18,FO,NSE,STO,171843,,UNITDSPR,,2026-04-28,2026-04-28,1380.0,PE,UNITDSPR26APR1380PE,0.0,0.0,0.0,97.2,0.0,97.2,1424.6,29.25,0,0,0,0.0,0,F1,400,,,,,
2026-02-18,2026-02-18,FO,NSE,STO,165117,,UNITDSPR,,2026-02-24,2026-02-24,1230.0,PE,UNITDSPR26FEB1230PE,0.0,0.0,0.0,1.05,1.05,1.05,1424.6,0.05,42000,0,0,0.0,0,F1,400,,,,,
2026-02-18,2026-02-18,FO,NSE,STO,149328,,UNITDSPR,,2026-02-24,2026-02-24,1340.0,PE,UNITDSPR26FEB1340PE,1.85,2.0,1.3,1.4,1.4,2.05,1424.6,1.4,126400,-16000,138,74056460.0,126,F1,400,,,,,
2026-02-18,2026-02-18,FO,NSE,STO,149310,,UNITDSPR,,2026-02-24,2026-02-24,1300.0,PE,UNITDSPR26FEB1300PE,1.1,1.25,0.9,0.95,0.9,1.45,1424.6,0.95,253200,6800,290,150920500.0,175,F1,400,,,,,
2026-02-18,2026-02-18,FO,NSE,STO,149306,,UNITDSPR,,2026-02-24,2026-02-24,1260.0,PE,UNITDSPR26FEB1260PE,0.45,0.55,0.45,0.5,0.55,1.4,1424.6,0.5,59200,-3200,9,4537740.0,7,F1,400,,,,,
2026-02-18,2026-02-18,FO,NSE,STO,149300,,UNITDSPR,,2026-02-24,2026-02-24,1200.0,PE,UNITDSPR26FEB1200PE,0.2,0.3,0.2,0.3,0.3,0.7,1424.6,0.05,44000,0,8,3840800.0,5,F1,400,,,,,
2026-02-18,2026-02-18,FO,NSE,STO,171754,,UNITDSPR,,2026-03-30,2026-03-30,1450.0,CE,UNITDSPR26MAR1450CE,29.75,31.2,27.65,27.65,27.65,32.85,1424.6,34.1,21600,0,19,11247900.0,13,F1,400,,,,,
2026-02-18,2026-02-18,FO,NSE,STO,165210,,UNITDSPR,,2026-03-30,2026-03-30,1180.0,CE,UNITDSPR26MAR1180CE,0.0,0.0,0.0,266.15,0.0,266.15,1424.6,251.8,0,0,0,0.0,0,F1,400,,,,,
2026-02-18,2026-02-18,FO,NSE,STO,149609,,UNITDSPR,,2026-02-24,2026-02-24,1580.0,CE,UNITDSPR26FEB1580CE,0.0,0.0,0.0,33.9,0.0,33.9,1424.6,0.05,0,0,0,0.0,0,F1,400,,,,,
2026-02-18,2026-02-18,FO,NSE,STO,149557,,UNITDSPR,,2026-02-24,2026-02-24,1520.0,CE,UNITDSPR26FEB1520CE,0.85,0.85,0.75,0.75,0.75,1.1,1424.6,0.2,68800,-400,24,14599700.0,16,F1,400,,,,,
2026-02-18,2026-02-18,FO,NSE,STO,149449,,UNITDSPR,,2026-02-24,2026-02-24,1400.0,CE,UNITDSPR26FEB1400CE,31.5,33.6,25.05,28.3,29.05,32.9,1424.6,28.3,306400,-8000,137,78372280.0,115,F1,400,,,,,
2026-02-18,2026-02-18,FO,NSE,STO,165219,,UNITDSPR,,2026-03-30,2026-03-30,1260.0,PE,UNITDSPR26MAR1260PE,0.0,0.0,0.0,14.15,0.0,14.15,1424.6,1.55,0,0,0,0.0,0,F1,400,,,,,
2026-02-18,2026-02-18,FO,NSE,STO,171743,,UNITDSPR,,2026-03-30,2026-03-30,1330.0,PE,UNITDSPR26MAR1330PE,0.0,0.0,0.0,11.65,11.65,11.65,1424.6,8.1,0,0,0,0.0,0,F1,400,,,,,
2026-02-18,2026-02-18,FO,NSE,STO,165227,,UNITDSPR,,2026-03-30,2026-03-30,1340.0,PE,UNITDSPR26MAR1340PE,0.0,0.0,0.0,12.0,12.0,12.0,1424.6,9.85,400,0,0,0.0,0,F1,400,,,,,
2026-02-18,2026-02-18,FO,NSE,STO,171745,,UNITDSPR,,2026-03-30,2026-03-30,1350.0,PE,UNITDSPR26MAR1350PE,0.0,0.0,0.0,12.25,12.25,12.25,1424.6,11.85,5200,0,0,0.0,0,F1,400,,,,,
2026-02-18,2026-02-18,FO,NSE,STO,97950,,GAIL,,2026-02-24,2026-02-24,146.0,CE,GAIL26FEB146CE,0.0,0.0,0.0,22.82,0.0,22.82,167.3,21.43,0,0,0,0.0,0,F1,3150,,,,,
2026-02-18,2026-02-18,FO,NSE,STO,110279,,GAIL,,2026-04-28,2026-04-28,171.0,CE,GAIL26APR171CE,0.0,0.0,0.0,5.61,0.0,5.61,167.3,7.27,0,0,0,0.0,0,F1,3150,,,,,
2026-02-18,2026-02-18,FO,NSE,STO,97981,,GAIL,,2026-02-24,2026-02-24,164.0,PE,GAIL26FEB164PE,0.78,1.2,0.52,0.55,0.61,1.3,167.3,0.55,768600,-406350,367,190486453.5,272,F1,3150,,,,,
2026-02-18,2026-02-18,FO,NSE,STO,98122,,GAIL,,2026-02-24,2026-02-24,186.0,PE,GAIL26FEB186PE,0.0,0.0,0.0,21.58,0.0,21.58,167.3,18.54,0,0,0,0.0,0,F1,3150,,,,,
2026-02-18,2026-02-18,FO,NSE,STO,109974,,GAIL,,2026-03-30,2026-03-30,152.0,PE,GAIL26MAR152PE,0.0,0.0,0.0,2.45,2.45,2.45,167.3,1.02,3150,0,0,0.0,0,F1,3150,,,,,
2026-02-18,2026-02-18,FO,NSE,STO,98242,,GAIL,,2026-03-30,2026-03-30,157.0,PE,GAIL26MAR157PE,1.21,1.44,1.11,1.11,1.11,2.96,167.3,1.11,37800,18900,19,9476271.0,14,F1,3150,,,,,
2026-02-18,2026-02-18,FO,NSE,STO,110218,,GAIL,,2026-04-28,2026-04-28,155.0,PE,GAIL26APR155PE,0.0,0.0,0.0,9.33,0.0,9.33,167.3,2.75,0,0,0,0.0,0,F1,3150,,,,,
2026-02-18,2026-02-18,FO,NSE,STO,110272,,GAIL,,2026-04-28,2026-04-28,165.0,PE,GAIL26APR165PE,0.0,0.0,0.0,5.0,5.0,5.0,167.3,6.21,3150,0,0,0.0,0,F1,3150,,,,,
2026-02-18,2026-02-18,FO,NSE,STO,110274,,GAIL,,2026-04-28,2026-04-28,167.0,PE,GAIL26APR167PE,0.0,0.0,0.0,16.22,0.0,16.22,167.3,7.13,0,0,0,0.0,0,F1,3150,,,,,
2026-02-18,2026-02-18,FO,NSE,STO,51682,,GAIL,,2026-04-28,2026-04-28,178.0,PE,GAIL26APR178PE,0.0,0.0,0.0,20.0,0.0,20.0,167.3,13.53,0,0,0,0.0,0,F1,3150,,,,,
2026-02-18,2026-02-18,FO,NSE,STO,110351,,GAIL,,2026-04-28,2026-04-28,187.0,PE,GAIL26APR187PE,0.0,0.0,0.0,31.46,0.0,31.46,167.3,20.23,0,0,0,0.0,0,F1,3150,,,,,
2026-02-18,2026-02-18,FO,NSE,STO,51692,,GAIL,,2026-04-28,2026-04-28,188.0,PE,GAIL26APR188PE,0.0,0.0,0.0,27.83,0.0,27.83,167.3,21.04,0,0,0,0.0,0,F1,3150,,,,,
2026-02-18,2026-02-18,FO,NSE,STO,97963,,GAIL,,2026-02-24,2026-02-24,153.0,PE,GAIL26FEB153PE,0.09,0.16,0.09,0.12,0.13,0.19,167.3,0.12,321300,-18900,33,15918777.0,33,F1,3150,,,,,
2026-02-18,2026-02-18,FO,NSE,STO,110291,,GAIL,,2026-04-28,2026-04-28,183.0,CE,GAIL26APR183CE,0.0,0.0,0.0,2.98,0.0,2.98,167.3,3.31,0,0,0,0.0,0,F1,3150,,,,,
2026-02-18,2026-02-18,FO,NSE,STF,66835,,GAIL,,2026-04-28,2026-04-28,,,GAIL26APRFUT,168.46,170.98,167.71,169.49,168.92,167.62,167.3,169.49,1222200,116550,133,70918564.5,129,F1,3150,,,,,
2026-02-18,2026-02-18,FO,NSE,STO,97677,,GAIL,,2026-02-24,2026-02-24,131.0,CE,GAIL26FEB131CE,0.0,0.0,0.0,31.25,31.25,31.25,167.3,36.42,3150,0,0,0.0,0,F1,3150,,,,,
2026-02-18,2026-02-18,FO,NSE,STO,93358,,GAIL,,2026-02-24,2026-02-24,135.0,CE,GAIL26FEB135CE,0.0,0.0,0.0,27.0,27.0,27.0,167.3,32.42,3150,0,0,0.0,0,F1,3150,,,,,
2026-02-18,2026-02-18,FO,NSE,STO,97930,,GAIL,,2026-02-24,2026-02-24,138.0,CE,GAIL26FEB138CE,0.0,0.0,0.0,29.71,0.0,29.71,167.3,29.42,0,0,0,0.0,0,F1,3150,,,,,
2026-02-18,2026-02-18,FO,NSE,STO,97994,,GAIL,,2026-02-24,2026-02-24,173.0,CE,GAIL26FEB173CE,0.54,0.91,0.3,0.33,0.3,0.38,167.3,0.33,223650,3150,131,71563243.5,128,F1,3150,,,,,
2026-02-18,2026-02-18,FO,NSE,STO,93439,,GAIL,,2026-02-24,2026-02-24,180.0,CE,GAIL26FEB180CE,0.19,0.27,0.11,0.12,0.11,0.13,167.3,0.12,1278900,-119700,405,229828914.0,363,F1,3150,,,,,
2026-02-18,2026-02-18,FO,NSE,STO,98048,,GAIL,,2026-02-24,2026-02-24,181.0,CE,GAIL26FEB181CE,0.0,0.0,0.0,0.18,0.18,0.18,167.3,0.03,12600,0,0,0.0,0,F1,3150,,,,,
2026-02-18,2026-02-18,FO,NSE,STO,98123,,GAIL,,2026-02-24,2026-02-24,187.0,CE,GAIL26FEB187CE,0.0,0.0,0.0,0.18,0.18,0.18,167.3,0.01,18900,0,0,0.0,0,F1,3150,,,,,
2026-02-18,2026-02-18,FO,NSE,STO,93449,,GAIL,,2026-02-24,2026-02-24,205.0,CE,GAIL26FEB205CE,0.0,0.0,0.0,0.02,0.02,0.02,167.3,0.01,91350,0,0,0.0,0,F1,3150,,,,,
2026-02-18,2026-02-18,FO,NSE,STO,93473,,GAIL,,2026-02-24,2026-02-24,215.0,CE,GAIL26FEB215CE,0.0,0.0,0.0,0.04,0.04,0.04,167.3,0.01,37800,0,0,0.0,0,F1,3150,,,,,
2026-02-18,2026-02-18,FO,NSE,STO,109922,,GAIL,,2026-03-30,2026-03-30,152.0,CE,GAIL26MAR152CE,0.0,0.0,0.0,11.12,0.0,11.12,167.3,17.24,0,0,0,0.0,0,F1,3150,,,,,
2026-02-18,2026-02-18,FO,NSE,STO,98247,,GAIL,,2026-03-30,2026-03-30,163.0,CE,GAIL26MAR163CE,0.0,0.0,0.0,6.4,6.4,6.4,167.3,9.11,15750,0,0,0.0,0,F1,3150,,,,,
2026-02-18,2026-02-18,FO,NSE,STO,51653,,GAIL,,2026-04-28,2026-04-28,160.0,CE,GAIL26APR160CE,0.0,0.0,0.0,11.39,0.0,11.39,167.3,13.2,0,0,0,0.0,0,F1,3150,,,,,
2026-02-18,2026-02-18,FO,NSE,STO,98253,,GAIL,,2026-03-30,2026-03-30,169.0,CE,GAIL26MAR169CE,0.0,0.0,0.0,11.07,0.0,11.07,167.3,5.89,0,0,0,0.0,0,F1,3150,,,,,
2026-02-18,2026-02-18,FO,NSE,STO,98278,,GAIL,,2026-03-30,2026-03-30,175.0,CE,GAIL26MAR175CE,3.0,3.06,2.01,2.2,2.11,2.06,167.3,2.2,1612800,214200,260,145203376.5,236,F1,3150,,,,,
2026-02-18,2026-02-18,FO,NSE,STO,98282,,GAIL,,2026-03-30,2026-03-30,177.0,CE,GAIL26MAR177CE,0.0,0.0,0.0,7.9,0.0,7.9,167.3,2.96,0,0,0,0.0,0,F1,3150,,,,,
2026-02-18,2026-02-18,FO,NSE,STO,110026,,GAIL,,2026-03-30,2026-03-30,178.0,CE,GAIL26MAR178CE,1.58,1.7,1.58,1.7,1.7,2.32,167.3,2.69,15750,15750,7,3961030.5,7,F1,3150,,,,,
2026-02-18,2026-02-18,FO,NSE,STO,51619,,GAIL,,2026-04-28,2026-04-28,144.0,CE,GAIL26APR144CE,0.0,0.0,0.0,21.35,0.0,21.35,167.3,25.63,0,0,0,0.0,0,F1,3150,,,,,
2026-02-18,2026-02-18,FO,NSE,STO,51637,,GAIL,,2026-04-28,2026-04-28,154.0,CE,GAIL26APR154CE,0.0,0.0,0.0,14.66,0.0,14.66,167.3,17.4,0,0,0,0.0,0,F1,3150,,,,,
2026-02-18,2026-02-18,FO,NSE,STO,51641,,GAIL,,2026-04-28,2026-04-28,156.0,CE,GAIL26APR156CE,0.0,0.0,0.0,13.51,0.0,13.51,167.3,15.93,0,0,0,0.0,0,F1,3150,,,,,
2026-02-18,2026-02-18,FO,NSE,STO,110269,,GAIL,,2026-04-28,2026-04-28,163.0,CE,GAIL26APR163CE,0.0,0.0,0.0,8.25,0.0,8.25,167.3,11.35,0,0,0,0.0,0,F1,3150,,,,,
2026-02-18,2026-02-18,FO,NSE,STO,110271,,GAIL,,2026-04-28,2026-04-28,165.0,CE,GAIL26APR165CE,0.0,0.0,0.0,7.52,0.0,7.52,167.3,10.22,0,0,0,0.0,0,F1,3150,,,,,
2026-02-18,2026-02-18,FO,NSE,STO,93368,,GAIL,,2026-02-24,2026-02-24,140.0,PE,GAIL26FEB140PE,0.07,0.07,0.06,0.06,0.06,0.09,167.3,0.06,897750,-66150,21,9265504.5,7,F1,3150,,,,,
2026-02-18,2026-02-18,FO,NSE,STO,97983,,GAIL,,2026-02-24,2026-02-24,166.0,PE,GAIL26FEB166PE,1.16,2.19,0.98,1.07,1.14,2.18,167.3,1.07,422100,75600,314,165619440.0,303,F1,3150,,,,,
2026-02-18,2026-02-18,FO,NSE,STO,97987,,GAIL,,2026-02-24,2026-02-24,168.0,PE,GAIL26FEB168PE,2.51,3.53,1.58,2.03,2.22,3.57,167.3,2.03,315000,176400,185,99292630.5,181,F1,3150,,,,,
2026-02-18,2026-02-18,FO,NSE,STO,98113,,GAIL,,2026-02-24,2026-02-24,181.0,PE,GAIL26FEB181PE,0.0,0.0,0.0,17.75,0.0,17.75,167.3,13.57,0,0,0,0.0,0,F1,3150,,,,,
2026-02-18,2026-02-18,FO,NSE,STO,93442,,GAIL,,2026-02-24,2026-02-24,185.0,PE,GAIL26FEB185PE,18.33,18.4,18.21,18.21,18.21,19.91,167.3,17.54,315000,-9450,3,1921311.0,3,F1,3150,,,,,
2026-02-18,2026-02-18,FO,NSE,STO,98246,,GAIL,,2026-03-30,2026-03-30,161.0,PE,GAIL26MAR161PE,0.0,0.0,0.0,8.01,0.0,8.01,167.3,3.12,0,0,0,0.0,0,F1,3150,,,,,
2026-02-18,2026-02-18,FO,NSE,STO,98248,,GAIL,,2026-03-30,2026-03-30,163.0,PE,GAIL26MAR163PE,2.73,2.79,2.26,2.34,2.39,3.57,167.3,2.34,88200,81900,33,17208481.5,31,F1,3150,,,,,
2026-02-18,2026-02-18,FO,NSE,STO,110004,,GAIL,,2026-03-30,2026-03-30,166.0,PE,GAIL26MAR166PE,4.0,4.0,3.28,3.39,3.47,4.7,167.3,3.39,44100,37800,18,9608161.5,15,F1,3150,,,,,
2026-02-18,2026-02-18,FO,NSE,STO,98249,,GAIL,,2026-03-30,2026-03-30,165.0,CE,GAIL26MAR165CE,6.5,8.03,5.67,6.48,6.31,5.84,167.3,6.48,1215900,242550,215,116175559.5,173,F1,3150,,,,,
2026-02-18,2026-02-18,FO,NSE,STO,98243,,GAIL,,2026-03-30,2026-03-30,159.0,CE,GAIL26MAR159CE,0.0,0.0,0.0,16.24,0.0,16.24,167.3,11.76,0,0,0,0.0,0,F1,3150,,,,,
2026-02-18,2026-02-18,FO,NSE,STO,51684,,GAIL,,2026-04-28,2026-04-28,180.0,PE,GAIL26APR180PE,0.0,0.0,0.0,21.49,0.0,21.49,167.3,14.92,0,0,0,0.0,0,F1,3150,,,,,
2026-02-18,2026-02-18,FO,NSE,STO,110027,,GAIL,,2026-03-30,2026-03-30,178.0,PE,GAIL26MAR178PE,0.0,0.0,0.0,23.43,0.0,23.43,167.3,12.32,0,0,0,0.0,0,F1,3150,,,,,
2026-02-18,2026-02-18,FO,NSE,STO,98231,,GAIL,,2026-03-30,2026-03-30,147.0,CE,GAIL26MAR147CE,0.0,0.0,0.0,24.25,0.0,24.25,167.3,21.66,0,0,0,0.0,0,F1,3150,,,,,
2026-02-18,2026-02-18,FO,NSE,STO,110014,,GAIL,,2026-03-30,2026-03-30,170.0,PE,GAIL26MAR170PE,5.0,6.68,4.99,5.39,5.58,6.6,167.3,5.39,863100,437850,186,102979453.5,184,F1,3150,,,,,
2026-02-18,2026-02-18,FO,NSE,STO,109897,,GAIL,,2026-03-30,2026-03-30,140.0,CE,GAIL26MAR140CE,0.0,0.0,0.0,24.25,24.25,24.25,167.3,28.27,0,0,0,0.0,0,F1,3150,,,,,
2026-02-18,2026-02-18,FO,NSE,STO,98007,,GAIL,,2026-02-24,2026-02-24,177.0,CE,GAIL26FEB177CE,0.18,0.21,0.15,0.16,0.15,0.2,167.3,0.16,239400,0,56,31254363.0,56,F1,3150,,,,,
2026-02-18,2026-02-18,FO,NSE,STO,109908,,GAIL,,2026-03-30,2026-03-30,146.0,CE,GAIL26MAR146CE,0.0,0.0,0.0,14.75,0.0,14.75,167.3,22.58,0,0,0,0.0,0,F1,3150,,,,,
2026-02-18,2026-02-18,FO,NSE,STO,98264,,GAIL,,2026-03-30,2026-03-30,171.0,CE,GAIL26MAR171CE,0.0,0.0,0.0,2.8,2.8,2.8,167.3,5.01,6300,0,0,0.0,0,F1,3150,,,,,
2026-02-18,2026-02-18,FO,NSE,STO,110159,,GAIL,,2026-04-28,2026-04-28,139.0,CE,GAIL26APR139CE,0.0,0.0,0.0,21.6,0.0,21.6,167.3,30.17,0,0,0,0.0,0,F1,3150,,,,,
2026-02-18,2026-02-18,FO,NSE,STO,110174,,GAIL,,2026-04-28,2026-04-28,153.0,CE,GAIL26APR153CE,0.0,0.0,0.0,12.78,0.0,12.78,167.3,18.15,0,0,0,0.0,0,F1,3150,,,,,
2026-02-18,2026-02-18,FO,NSE,STO,98234,,GAIL,,2026-03-30,2026-03-30,149.0,PE,GAIL26MAR149PE,0.0,0.0,0.0,3.88,0.0,3.88,167.3,0.65,0,0,0,0.0,0,F1,3150,,,,,
2026-02-18,2026-02-18,FO,NSE,STO,98283,,GAIL,,2026-03-30,2026-03-30,177.0,PE,GAIL26MAR177PE,0.0,0.0,0.0,13.25,13.25,13.25,167.3,11.6,3150,0,0,0.0,0,F1,3150,,,,,
2026-02-18,2026-02-18,FO,NSE,STO,110167,,GAIL,,2026-04-28,2026-04-28,145.0,PE,GAIL26APR145PE,0.0,0.0,0.0,5.19,0.0,5.19,167.3,0.95,0,0,0,0.0,0,F1,3150,,,,,
2026-02-18,2026-02-18,FO,NSE,STO,51676,,GAIL,,2026-04-28,2026-04-28,174.0,PE,GAIL26APR174PE,0.0,0.0,0.0,17.16,0.0,17.16,167.3,10.95,0,0,0,0.0,0,F1,3150,,,,,
2026-02-18,2026-02-18,FO,NSE,STO,110263,,GAIL,,2026-04-28,2026-04-28,159.0,PE,GAIL26APR159PE,0.0,0.0,0.0,11.4,0.0,11.4,167.3,3.91,0,0,0,0.0,0,F1,3150,,,,,
2026-02-18,2026-02-18,FO,NSE,STO,110169,,GAIL,,2026-04-28,2026-04-28,147.0,PE,GAIL26APR147PE,0.0,0.0,0.0,5.9,0.0,5.9,167.3,1.2,0,0,0,0.0,0,F1,3150,,,,,
2026-02-18,2026-02-18,FO,NSE,STO,110252,,GAIL,,2026-04-28,2026-04-28,157.0,CE,GAIL26APR157CE,0.0,0.0,0.0,10.8,0.0,10.8,167.3,15.22,0,0,0,0.0,0,F1,3150,,,,,
2026-02-18,2026-02-18,FO,NSE,STO,110173,,GAIL,,2026-04-28,2026-04-28,151.0,PE,GAIL26APR151PE,0.0,0.0,0.0,7.49,0.0,7.49,167.3,1.86,0,0,0,0.0,0,F1,3150,,,,,
2026-02-18,2026-02-18,FO,NSE,STO,51667,,GAIL,,2026-04-28,2026-04-28,168.0,CE,GAIL26APR168CE,0.0,0.0,0.0,7.87,0.0,7.87,167.3,8.66,0,0,0,0.0,0,F1,3150,,,,,
2026-02-18,2026-02-18,FO,NSE,STO,51687,,GAIL,,2026-04-28,2026-04-28,184.0,CE,GAIL26APR184CE,0.0,0.0,0.0,3.39,0.0,3.39,167.3,3.08,0,0,0,0.0,0,F1,3150,,,,,
2026-02-18,2026-02-18,FO,NSE,STO,51691,,GAIL,,2026-04-28,2026-04-28,188.0,CE,GAIL26APR188CE,0.0,0.0,0.0,2.69,0.0,2.69,167.3,2.29,0,0,0,0.0,0,F1,3150,,,,,
2026-02-18,2026-02-18,FO,NSE,STO,97929,,GAIL,,2026-02-24,2026-02-24,137.0,PE,GAIL26FEB137PE,0.0,0.0,0.0,0.53,0.53,0.53,167.3,0.01,6300,0,0,0.0,0,F1,3150,,,,,
2026-02-18,2026-02-18,FO,NSE,STO,97961,,GAIL,,2026-02-24,2026-02-24,152.0,PE,GAIL26FEB152PE,0.17,0.17,0.12,0.12,0.12,0.17,167.3,0.12,267750,-22050,58,27796261.5,58,F1,3150,,,,,
2026-02-18,2026-02-18,FO,NSE,STO,97977,,GAIL,,2026-02-24,2026-02-24,162.0,PE,GAIL26FEB162PE,0.4,0.69,0.3,0.32,0.34,0.76,167.3,0.32,680400,-72450,261,133587499.5,253,F1,3150,,,,,
2026-02-18,2026-02-18,FO,NSE,STO,97979,,GAIL,,2026-02-24,2026-02-24,163.0,PE,GAIL26FEB163PE,0.5,0.87,0.39,0.4,0.44,0.99,167.3,0.4,746550,-110250,305,157169754.0,279,F1,3150,,,,,
2026-02-18,2026-02-18,FO,NSE,STO,98004,,GAIL,,2026-02-24,2026-02-24,174.0,PE,GAIL26FEB174PE,0.0,0.0,0.0,12.95,0.0,12.95,167.3,7.0,0,0,0,0.0,0,F1,3150,,,,,
2026-02-18,2026-02-18,FO,NSE,STO,98008,,GAIL,,2026-02-24,2026-02-24,177.0,PE,GAIL26FEB177PE,0.0,0.0,0.0,19.25,19.25,19.25,167.3,9.71,6300,0,0,0.0,0,F1,3150,,,,,
2026-02-18,2026-02-18,FO,NSE,STO,93369,,GAIL,,2026-02-24,2026-02-24,145.0,CE,GAIL26FEB145CE,21.65,21.83,21.45,21.83,21.83,20.35,167.3,22.43,116550,-18900,6,3149622.0,6,F1,3150,,,,,
2026-02-18,2026-02-18,FO,NSE,STO,97956,,GAIL,,2026-02-24,2026-02-24,149.0,CE,GAIL26FEB149CE,0.0,0.0,0.0,13.85,13.85,13.85,167.3,18.44,9450,0,0,0.0,0,F1,3150,,,,,
2026-02-18,2026-02-18,FO,NSE,STO,98126,,GAIL,,2026-02-24,2026-02-24,188.0,PE,GAIL26FEB188PE,20.72,20.72,20.72,20.72,20.72,23.39,167.3,20.53,9450,0,3,1972404.0,1,F1,3150,,,,,
2026-02-18,2026-02-18,FO,NSE,STO,93444,,GAIL,,2026-02-24,2026-02-24,190.0,PE,GAIL26FEB190PE,0.0,0.0,0.0,19.65,0.0,19.65,167.3,22.53,0,0,0,0.0,0,F1,3150,,,,,
2026-02-18,2026-02-18,FO,NSE,STO,93446,,GAIL,,2026-02-24,2026-02-24,195.0,PE,GAIL26FEB195PE,28.6,28.6,27.65,27.95,27.95,29.53,167.3,27.52,2132550,-25200,24,16861950.0,7,F1,3150,,,,,
2026-02-18,2026-02-18,FO,NSE,STO,98209,,GAIL,,2026-03-30,2026-03-30,133.0,PE,GAIL26MAR133PE,0.0,0.0,0.0,1.05,0.0,1.05,167.3,0.03,0,0,0,0.0,0,F1,3150,,,,,
2026-02-18,2026-02-18,FO,NSE,STO,109894,,GAIL,,2026-03-30,2026-03-30,136.0,PE,GAIL26MAR136PE,0.0,0.0,0.0,1.71,0.0,1.71,167.3,0.05,0,0,0,0.0,0,F1,3150,,,,,
2026-02-18,2026-02-18,FO,NSE,STO,98232,,GAIL,,2026-03-30,2026-03-30,147.0,PE,GAIL26MAR147PE,0.0,0.0,0.0,3.37,0.0,3.37,167.3,0.47,0,0,0,0.0,0,F1,3150,,,,,
2026-02-18,2026-02-18,FO,NSE,STO,97964,,GAIL,,2026-02-24,2026-02-24,154.0,CE,GAIL26FEB154CE,0.0,0.0,0.0,11.73,11.73,11.73,167.3,13.46,207900,0,0,0.0,0,F1,3150,,,,,
2026-02-18,2026-02-18,FO,NSE,STO,97974,,GAIL,,2026-02-24,2026-02-24,161.0,CE,GAIL26FEB161CE,7.73,7.73,5.1,6.58,6.26,5.21,167.3,6.58,541800,-18900,38,20009178.0,36,F1,3150,,,,,
2026-02-18,2026-02-18,FO,NSE,STO,109984,,GAIL,,2026-03-30,2026-03-30,162.0,CE,GAIL26MAR162CE,8.04,8.2,8.04,8.2,8.2,7.7,167.3,9.74,22050,-3150,2,1071756.0,2,F1,3150,,,,,
2026-02-18,2026-02-18,FO,NSE,STO,110156,,GAIL,,2026-04-28,2026-04-28,135.0,PE,GAIL26APR135PE,0.0,0.0,0.0,2.49,0.0,2.49,167.3,0.24,0,0,0,0.0,0,F1,3150,,,,,
2026-02-18,2026-02-18,FO,NSE,STO,110049,,GAIL,,2026-03-30,2026-03-30,182.0,PE,GAIL26MAR182PE,0.0,0.0,0.0,26.81,0.0,26.81,167.3,15.42,0,0,0,0.0,0,F1,3150,,,,,
2026-02-18,2026-02-18,FO,NSE,STO,110025,,GAIL,,2026-03-30,2026-03-30,176.0,PE,GAIL26MAR176PE,0.0,0.0,0.0,21.8,0.0,21.8,167.3,10.89,0,0,0,0.0,0,F1,3150,,,,,
2026-02-18,2026-02-18,FO,NSE,STO,98277,,GAIL,,2026-03-30,2026-03-30,173.0,PE,GAIL26MAR173PE,0.0,0.0,0.0,10.92,10.92,10.92,167.3,8.9,3150,0,0,0.0,0,F1,3150,,,,,
2026-02-18,2026-02-18,FO,NSE,STO,109907,,GAIL,,2026-03-30,2026-03-30,144.0,PE,GAIL26MAR144PE,0.0,0.0,0.0,3.58,0.0,3.58,167.3,0.28,0,0,0,0.0,0,F1,3150,,,,,
2026-02-18,2026-02-18,FO,NSE,STO,98215,,GAIL,,2026-03-30,2026-03-30,139.0,PE,GAIL26MAR139PE,0.0,0.0,0.0,1.81,0.0,1.81,167.3,0.1,0,0,0,0.0,0,F1,3150,,,,,
2026-02-18,2026-02-18,FO,NSE,STO,97969,,GAIL,,2026-02-24,2026-02-24,157.0,PE,GAIL26FEB157PE,0.22,0.25,0.15,0.16,0.16,0.27,167.3,0.16,715050,189000,230,113896849.5,139,F1,3150,,,,,
2026-02-18,2026-02-18,FO,NSE,STO,93374,,GAIL,,2026-02-24,2026-02-24,155.0,PE,GAIL26FEB155PE,0.18,0.21,0.13,0.14,0.14,0.22,167.3,0.14,2620800,-141750,565,276174391.5,475,F1,3150,,,,,
2026-02-18,2026-02-18,FO,NSE,STO,93372,,GAIL,,2026-02-24,2026-02-24,150.0,PE,GAIL26FEB150PE,0.15,0.15,0.1,0.1,0.11,0.15,167.3,0.1,926100,-3150,166,78499795.5,164,F1,3150,,,,,
2026-02-18,2026-02-18,FO,NSE,STO,97953,,GAIL,,2026-02-24,2026-02-24,147.0,PE,GAIL26FEB147PE,0.0,0.0,0.0,0.16,0.16,0.16,167.3,0.01,44100,0,0,0.0,0,F1,3150,,,,,
2026-02-18,2026-02-18,FO,NSE,STO,97951,,GAIL,,2026-02-24,2026-02-24,146.0,PE,GAIL26FEB146PE,0.0,0.0,0.0,0.14,0.14,0.14,167.3,0.01,103950,0,0,0.0,0,F1,3150,,,,,
2026-02-18,2026-02-18,FO,NSE,STO,93370,,GAIL,,2026-02-24,2026-02-24,145.0,PE,GAIL26FEB145PE,0.13,0.23,0.08,0.08,0.09,0.13,167.3,0.08,3521700,-37800,502,229435290.0,145,F1,3150,,,,,
2026-02-18,2026-02-18,FO,NSE,STO,51681,,GAIL,,2026-04-28,2026-04-28,178.0,CE,GAIL26APR178CE,0.0,0.0,0.0,4.72,0.0,4.72,167.3,4.67,0,0,0,0.0,0,F1,3150,,,,,
2026-02-18,2026-02-18,FO,NSE,STO,51665,,GAIL,,2026-04-28,2026-04-28,166.0,CE,GAIL26APR166CE,0.0,0.0,0.0,8.66,0.0,8.66,167.3,9.68,0,0,0,0.0,0,F1,3150,,,,,
2026-02-18,2026-02-18,FO,NSE,STO,110266,,GAIL,,2026-04-28,2026-04-28,161.0,CE,GAIL26APR161CE,0.0,0.0,0.0,9.05,0.0,9.05,167.3,12.57,0,0,0,0.0,0,F1,3150,,,,,
2026-02-18,2026-02-18,FO,NSE,STO,110262,,GAIL,,2026-04-28,2026-04-28,159.0,CE,GAIL26APR159CE,0.0,0.0,0.0,9.89,0.0,9.89,167.3,13.86,0,0,0,0.0,0,F1,3150,,,,,
2026-02-18,2026-02-18,FO,NSE,STO,110217,,GAIL,,2026-04-28,2026-04-28,155.0,CE,GAIL26APR155CE,0.0,0.0,0.0,11.76,0.0,11.76,167.3,16.65,0,0,0,0.0,0,F1,3150,,,,,
2026-02-18,2026-02-18,FO,NSE,STO,51635,,GAIL,,2026-04-28,2026-04-28,152.0,CE,GAIL26APR152CE,0.0,0.0,0.0,15.88,0.0,15.88,167.3,18.93,0,0,0,0.0,0,F1,3150,,,,,
2026-02-18,2026-02-18,FO,NSE,STO,98300,,GAIL,,2026-03-30,2026-03-30,185.0,CE,GAIL26MAR185CE,0.76,0.78,0.76,0.77,0.78,0.94,167.3,0.77,25200,6300,2,1170351.0,2,F1,3150,,,,,
2026-02-18,2026-02-18,FO,NSE,STO,98284,,GAIL,,2026-03-30,2026-03-30,179.0,CE,GAIL26MAR179CE,1.52,1.55,1.49,1.49,1.49,1.75,167.3,2.45,12600,9450,5,2843284.5,5,F1,3150,,,,,
2026-02-18,2026-02-18,FO,NSE,STO,110024,,GAIL,,2026-03-30,2026-03-30,176.0,CE,GAIL26MAR176CE,0.0,0.0,0.0,2.67,0.0,2.67,167.3,3.25,0,0,0,0.0,0,F1,3150,,,,,
2026-02-18,2026-02-18,FO,NSE,STO,98272,,GAIL,,2026-03-30,2026-03-30,173.0,CE,GAIL26MAR173CE,0.0,0.0,0.0,9.38,0.0,9.38,167.3,4.24,0,0,0,0.0,0,F1,3150,,,,,
2026-02-18,2026-02-18,FO,NSE,STO,110003,,GAIL,,2026-03-30,2026-03-30,166.0,CE,GAIL26MAR166CE,5.71,6.15,5.27,5.85,6.0,5.47,167.3,5.85,34650,18900,14,7574206.5,14,F1,3150,,,,,
2026-02-18,2026-02-18,FO,NSE,STO,109982,,GAIL,,2026-03-30,2026-03-30,160.0,CE,GAIL26MAR160CE,10.32,11.37,8.86,9.91,9.85,9.09,167.3,9.91,579600,-12600,80,43027078.5,31,F1,3150,,,,,
2026-02-18,2026-02-18,FO,NSE,STO,98217,,GAIL,,2026-03-30,2026-03-30,141.0,CE,GAIL26MAR141CE,0.0,0.0,0.0,28.93,0.0,28.93,167.3,27.3,0,0,0,0.0,0,F1,3150,,,,,
2026-02-18,2026-02-18,FO,NSE,STO,98201,,GAIL,,2026-03-30,2026-03-30,131.0,CE,GAIL26MAR131CE,0.0,0.0,0.0,37.5,0.0,37.5,167.3,37.1,0,0,0,0.0,0,F1,3150,,,,,
2026-02-18,2026-02-18,FO,NSE,STO,98009,,GAIL,,2026-02-24,2026-02-24,178.0,CE,GAIL26FEB178CE,0.14,0.17,0.14,0.16,0.16,0.17,167.3,0.12,44100,-22050,17,9539964.0,17,F1,3150,,,,,
2026-02-18,2026-02-18,FO,NSE,STO,93375,,GAIL,,2026-02-24,2026-02-24,160.0,CE,GAIL26FEB160CE,7.15,9.39,5.9,7.39,7.1,6.13,167.3,7.39,1426950,-935550,531,279833652.0,414,F1,3150,,,,,
2026-02-18,2026-02-18,FO,NSE,STO,97952,,GAIL,,2026-02-24,2026-02-24,147.0,CE,GAIL26FEB147CE,0.0,0.0,0.0,17.41,17.41,17.41,167.3,20.43,15750,0,0,0.0,0,F1,3150,,,,,
2026-02-18,2026-02-18,FO,NSE,STO,110175,,GAIL,,2026-04-28,2026-04-28,153.0,PE,GAIL26APR153PE,0.0,0.0,0.0,8.38,0.0,8.38,167.3,2.27,0,0,0,0.0,0,F1,3150,,,,,
2026-02-18,2026-02-18,FO,NSE,STO,110284,,GAIL,,2026-04-28,2026-04-28,175.0,PE,GAIL26APR175PE,0.0,0.0,0.0,21.85,0.0,21.85,167.3,11.57,0,0,0,0.0,0,F1,3150,,,,,
2026-02-18,2026-02-18,FO,NSE,STO,51688,,GAIL,,2026-04-28,2026-04-28,184.0,PE,GAIL26APR184PE,0.0,0.0,0.0,24.58,0.0,24.58,167.3,17.88,0,0,0,0.0,0,F1,3150,,,,,
2026-02-18,2026-02-18,FO,NSE,STO,51652,,GAIL,,2026-04-28,2026-04-28,158.0,PE,GAIL26APR158PE,0.0,0.0,0.0,7.98,0.0,7.98,167.3,3.6,0,0,0,0.0,0,F1,3150,,,,,
2026-02-18,2026-02-18,FO,NSE,STO,51604,,GAIL,,2026-04-28,2026-04-28,136.0,PE,GAIL26APR136PE,0.0,0.0,0.0,1.56,0.0,1.56,167.3,0.28,0,0,0,0.0,0,F1,3150,,,,,
2026-02-18,2026-02-18,FO,NSE,STO,109988,,GAIL,,2026-03-30,2026-03-30,164.0,CE,GAIL26MAR164CE,0.0,0.0,0.0,6.3,6.3,6.3,167.3,8.51,18900,0,0,0.0,0,F1,3150,,,,,
2026-02-18,2026-02-18,FO,NSE,STO,110048,,GAIL,,2026-03-30,2026-03-30,182.0,CE,GAIL26MAR182CE,0.0,0.0,0.0,1.74,0.0,1.74,167.3,1.81,0,0,0,0.0,0,F1,3150,,,,,
2026-02-18,2026-02-18,FO,NSE,STO,110080,,GAIL,,2026-03-30,2026-03-30,188.0,CE,GAIL26MAR188CE,0.0,0.0,0.0,1.11,0.0,1.11,167.3,0.94,0,0,0,0.0,0,F1,3150,,,,,
2026-02-18,2026-02-18,FO,NSE,STO,110153,,GAIL,,2026-04-28,2026-04-28,135.0,CE,GAIL26APR135CE,0.0,0.0,0.0,24.61,0.0,24.61,167.3,33.93,0,0,0,0.0,0,F1,3150,,,,,
2026-02-18,2026-02-18,FO,NSE,STO,51609,,GAIL,,2026-04-28,2026-04-28,140.0,CE,GAIL26APR140CE,0.0,0.0,0.0,24.42,0.0,24.42,167.3,29.24,0,0,0,0.0,0,F1,3150,,,,,
2026-02-18,2026-02-18,FO,NSE,STO,110168,,GAIL,,2026-04-28,2026-04-28,147.0,CE,GAIL26APR147CE,0.0,0.0,0.0,16.21,0.0,16.21,167.3,23.02,0,0,0,0.0,0,F1,3150,,,,,
2026-02-18,2026-02-18,FO,NSE,STO,110281,,GAIL,,2026-04-28,2026-04-28,173.0,CE,GAIL26APR173CE,0.0,0.0,0.0,5.07,0.0,5.07,167.3,6.44,0,0,0,0.0,0,F1,3150,,,,,
2026-02-18,2026-02-18,FO,NSE,STO,110283,,GAIL,,2026-04-28,2026-04-28,175.0,CE,GAIL26APR175CE,0.0,0.0,0.0,4.0,4.0,4.0,167.3,5.68,15750,0,0,0.0,0,F1,3150,,,,,
2026-02-18,2026-02-18,FO,NSE,STO,51683,,GAIL,,2026-04-28,2026-04-28,180.0,CE,GAIL26APR180CE,0.0,0.0,0.0,4.24,0.0,4.24,167.3,4.08,0,0,0,0.0,0,F1,3150,,,,,
2026-02-18,2026-02-18,FO,NSE,STO,97932,,GAIL,,2026-02-24,2026-02-24,138.0,PE,GAIL26FEB138PE,0.0,0.0,0.0,0.76,0.0,0.76,167.3,0.01,0,0,0,0.0,0,F1,3150,,,,,
2026-02-18,2026-02-18,FO,NSE,STO,97947,,GAIL,,2026-02-24,2026-02-24,143.0,PE,GAIL26FEB143PE,0.0,0.0,0.0,0.21,0.21,0.21,167.3,0.01,119700,0,0,0.0,0,F1,3150,,,,,
2026-02-18,2026-02-18,FO,NSE,STO,98287,,GAIL,,2026-03-30,2026-03-30,181.0,PE,GAIL26MAR181PE,0.0,0.0,0.0,19.22,0.0,19.22,167.3,14.62,0,0,0,0.0,0,F1,3150,,,,,
2026-02-18,2026-02-18,FO,NSE,STO,98271,,GAIL,,2026-03-30,2026-03-30,171.0,PE,GAIL26MAR171PE,0.0,0.0,0.0,12.97,0.0,12.97,167.3,7.69,0,0,0,0.0,0,F1,3150,,,,,
2026-02-18,2026-02-18,FO,NSE,STO,109987,,GAIL,,2026-03-30,2026-03-30,162.0,PE,GAIL26MAR162PE,0.0,0.0,0.0,6.17,6.17,6.17,167.3,3.46,6300,0,0,0.0,0,F1,3150,,,,,
2026-02-18,2026-02-18,FO,NSE,STO,98218,,GAIL,,2026-03-30,2026-03-30,141.0,PE,GAIL26MAR141PE,0.0,0.0,0.0,1.35,1.38,1.35,167.3,0.16,69300,0,0,0.0,0,F1,3150,,,,,
2026-02-18,2026-02-18,FO,NSE,STO,109896,,GAIL,,2026-03-30,2026-03-30,138.0,PE,GAIL26MAR138PE,0.0,0.0,0.0,2.09,0.0,2.09,167.3,0.08,0,0,0,0.0,0,F1,3150,,,,,
2026-02-18,2026-02-18,FO,NSE,STO,93462,,GAIL,,2026-02-24,2026-02-24,205.0,PE,GAIL26FEB205PE,38.7,39.25,37.82,37.86,37.86,39.95,167.3,37.51,444150,-40950,15,11503768.5,10,F1,3150,,,,,
2026-02-18,2026-02-18,FO,NSE,STO,98117,,GAIL,,2026-02-24,2026-02-24,183.0,PE,GAIL26FEB183PE,0.0,0.0,0.0,26.8,26.8,26.8,167.3,15.55,3150,0,0,0.0,0,F1,3150,,,,,
2026-02-18,2026-02-18,FO,NSE,STO,93438,,GAIL,,2026-02-24,2026-02-24,175.0,PE,GAIL26FEB175PE,9.0,9.49,6.94,7.96,8.32,9.64,167.3,7.96,765450,-3150,117,67566051.0,104,F1,3150,,,,,
2026-02-18,2026-02-18,FO,NSE,STO,97957,,GAIL,,2026-02-24,2026-02-24,149.0,PE,GAIL26FEB149PE,0.12,0.13,0.11,0.11,0.11,0.15,167.3,0.01,201600,0,28,13152037.5,28,F1,3150,,,,,
2026-02-18,2026-02-18,FO,NSE,STO,110165,,GAIL,,2026-04-28,2026-04-28,143.0,PE,GAIL26APR143PE,0.0,0.0,0.0,4.54,0.0,4.54,167.3,0.74,0,0,0,0.0,0,F1,3150,,,,,
2026-02-18,2026-02-18,FO,NSE,STO,110171,,GAIL,,2026-04-28,2026-04-28,149.0,PE,GAIL26APR149PE,0.0,0.0,0.0,6.67,0.0,6.67,167.3,1.5,0,0,0,0.0,0,F1,3150,,,,,
2026-02-18,2026-02-18,FO,NSE,STO,51670,,GAIL,,2026-04-28,2026-04-28,170.0,PE,GAIL26APR170PE,0.0,0.0,0.0,14.53,0.0,14.53,167.3,8.66,0,0,0,0.0,0,F1,3150,,,,,
2026-02-18,2026-02-18,FO,NSE,STO,97954,,GAIL,,2026-02-24,2026-02-24,148.0,CE,GAIL26FEB148CE,0.0,0.0,0.0,14.48,14.48,14.48,167.3,19.43,15750,0,0,0.0,0,F1,3150,,,,,
2026-02-18,2026-02-18,FO,NSE,STO,97980,,GAIL,,2026-02-24,2026-02-24,164.0,CE,GAIL26FEB164CE,4.69,5.68,2.73,3.79,3.49,2.9,167.3,3.79,352800,-160650,274,144890613.0,244,F1,3150,,,,,
2026-02-18,2026-02-18,FO,NSE,STO,97982,,GAIL,,2026-02-24,2026-02-24,166.0,CE,GAIL26FEB166CE,2.0,4.0,1.55,2.19,1.98,1.82,167.3,2.19,648900,-163800,732,388335370.5,618,F1,3150,,,,,
2026-02-18,2026-02-18,FO,NSE,STO,98116,,GAIL,,2026-02-24,2026-02-24,183.0,CE,GAIL26FEB183CE,0.12,0.12,0.08,0.1,0.1,0.1,167.3,0.01,255150,0,18,10381707.0,18,F1,3150,,,,,
2026-02-18,2026-02-18,FO,NSE,STO,93441,,GAIL,,2026-02-24,2026-02-24,185.0,CE,GAIL26FEB185CE,0.15,0.15,0.05,0.06,0.05,0.08,167.3,0.06,1795500,261450,198,115433671.5,96,F1,3150,,,,,
2026-02-18,2026-02-18,FO,NSE,STO,98121,,GAIL,,2026-02-24,2026-02-24,186.0,CE,GAIL26FEB186CE,0.0,0.0,0.0,2.97,0.0,2.97,167.3,0.01,0,0,0,0.0,0,F1,3150,,,,,
2026-02-18,2026-02-18,FO,NSE,STO,109899,,GAIL,,2026-03-30,2026-03-30,142.0,CE,GAIL26MAR142CE,0.0,0.0,0.0,17.54,0.0,17.54,167.3,26.34,0,0,0,0.0,0,F1,3150,,,,,
2026-02-18,2026-02-18,FO,NSE,STO,98241,,GAIL,,2026-03-30,2026-03-30,157.0,CE,GAIL26MAR157CE,11.1,12.14,11.1,12.14,12.14,9.66,167.3,13.22,18900,3150,2,1062306.0,2,F1,3150,,,,,
2026-02-18,2026-02-18,FO,NSE,STO,98301,,GAIL,,2026-03-30,2026-03-30,185.0,PE,GAIL26MAR185PE,17.27,17.27,17.27,17.27,17.27,19.7,167.3,17.91,37800,3150,1,637150.5,1,F1,3150,,,,,
2026-02-18,2026-02-18,FO,NSE,STO,51603,,GAIL,,2026-04-28,2026-04-28,136.0,CE,GAIL26APR136CE,0.0,0.0,0.0,27.68,0.0,27.68,167.3,32.98,0,0,0,0.0,0,F1,3150,,,,,
2026-02-18,2026-02-18,FO,NSE,STO,98311,,GAIL,,2026-03-30,2026-03-30,195.0,CE,GAIL26MAR195CE,0.3,0.81,0.3,0.3,0.31,0.27,167.3,0.3,390600,160650,97,59680939.5,51,F1,3150,,,,,
2026-02-18,2026-02-18,FO,NSE,STO,98298,,GAIL,,2026-03-30,2026-03-30,183.0,CE,GAIL26MAR183CE,1.02,1.02,0.91,0.93,0.91,1.18,167.3,0.93,69300,63000,24,13907659.5,24,F1,3150,,,,,
2026-02-18,2026-02-18,FO,NSE,STO,109978,,GAIL,,2026-03-30,2026-03-30,156.0,CE,GAIL26MAR156CE,0.0,0.0,0.0,9.05,0.0,9.05,167.3,13.99,0,0,0,0.0,0,F1,3150,,,,,
2026-02-18,2026-02-18,FO,NSE,STO,98237,,GAIL,,2026-03-30,2026-03-30,153.0,CE,GAIL26MAR153CE,15.67,16.02,15.67,16.02,16.02,12.56,167.3,16.4,3150,-6300,2,1063723.5,2,F1,3150,,,,,
2026-02-18,2026-02-18,FO,NSE,STO,109920,,GAIL,,2026-03-30,2026-03-30,150.0,CE,GAIL26MAR150CE,17.8,17.8,17.7,17.7,17.7,17.1,167.3,18.96,9450,0,3,1585395.0,2,F1,3150,,,,,
2026-02-18,2026-02-18,FO,NSE,STO,109914,,GAIL,,2026-03-30,2026-03-30,148.0,CE,GAIL26MAR148CE,0.0,0.0,0.0,13.47,0.0,13.47,167.3,20.75,0,0,0,0.0,0,F1,3150,,,,,
2026-02-18,2026-02-18,FO,NSE,STO,98229,,GAIL,,2026-03-30,2026-03-30,145.0,CE,GAIL26MAR145CE,0.0,0.0,0.0,23.0,23.0,23.0,167.3,23.51,6300,0,0,0.0,0,F1,3150,,,,,
2026-02-18,2026-02-18,FO,NSE,STO,98127,,GAIL,,2026-02-24,2026-02-24,189.0,CE,GAIL26FEB189CE,0.0,0.0,0.0,0.3,0.3,0.3,167.3,0.01,12600,0,0,0.0,0,F1,3150,,,,,
2026-02-18,2026-02-18,FO,NSE,STO,98125,,GAIL,,2026-02-24,2026-02-24,188.0,CE,GAIL26FEB188CE,0.0,0.0,0.0,2.6,0.0,2.6,167.3,0.01,0,0,0,0.0,0,F1,3150,,,,,
2026-02-18,2026-02-18,FO,NSE,STO,98118,,GAIL,,2026-02-24,2026-02-24,184.0,CE,GAIL26FEB184CE,0.0,0.0,0.0,3.39,0.0,3.39,167.3,0.01,0,0,0,0.0,0,F1,3150,,,,,
2026-02-18,2026-02-18,FO,NSE,STO,93440,,GAIL,,2026-02-24,2026-02-24,180.0,PE,GAIL26FEB180PE,13.2,13.25,12.7,12.77,12.77,15.6,167.3,12.59,88200,-12600,4,2431548.0,4,F1,3150,,,,,
2026-02-18,2026-02-18,FO,NSE,STO,110350,,GAIL,,2026-04-28,2026-04-28,187.0,CE,GAIL26APR187CE,0.0,0.0,0.0,2.38,0.0,2.38,167.3,2.47,0,0,0,0.0,0,F1,3150,,,,,
2026-02-18,2026-02-18,FO,NSE,STO,97936,,GAIL,,2026-02-24,2026-02-24,141.0,PE,GAIL26FEB141PE,0.0,0.0,0.0,0.09,0.09,0.09,167.3,0.01,66150,0,0,0.0,0,F1,3150,,,,,
2026-02-18,2026-02-18,FO,NSE,STO,97939,,GAIL,,2026-02-24,2026-02-24,142.0,PE,GAIL26FEB142PE,0.0,0.0,0.0,1.19,0.0,1.19,167.3,0.01,0,0,0,0.0,0,F1,3150,,,,,
2026-02-18,2026-02-18,FO,NSE,STO,110010,,GAIL,,2026-03-30,2026-03-30,168.0,CE,GAIL26MAR168CE,4.5,5.1,4.38,4.8,4.75,4.38,167.3,4.8,50400,28350,18,9797980.5,15,F1,3150,,,,,
2026-02-18,2026-02-18,FO,NSE,STO,51623,,GAIL,,2026-04-28,2026-04-28,148.0,CE,GAIL26APR148CE,0.0,0.0,0.0,18.5,0.0,18.5,167.3,22.17,0,0,0,0.0,0,F1,3150,,,,,
2026-02-18,2026-02-18,FO,NSE,STO,98129,,GAIL,,2026-02-24,2026-02-24,191.0,CE,GAIL26FEB191CE,0.0,0.0,0.0,0.14,0.14,0.14,167.3,0.01,9450,0,0,0.0,0,F1,3150,,,,,
2026-02-18,2026-02-18,FO,NSE,STO,98003,,GAIL,,2026-02-24,2026-02-24,174.0,CE,GAIL26FEB174CE,0.57,0.57,0.24,0.27,0.24,0.41,167.3,0.27,226800,-18900,71,38986857.0,67,F1,3150,,,,,
2026-02-18,2026-02-18,FO,NSE,STO,98005,,GAIL,,2026-02-24,2026-02-24,176.0,CE,GAIL26FEB176CE,0.0,0.0,0.0,5.55,0.0,5.55,167.3,0.24,0,0,0,0.0,0,F1,3150,,,,,
2026-02-18,2026-02-18,FO,NSE,STO,93443,,GAIL,,2026-02-24,2026-02-24,190.0,CE,GAIL26FEB190CE,0.06,0.07,0.03,0.06,0.06,0.06,167.3,0.01,535500,25200,35,20953957.5,21,F1,3150,,,,,
2026-02-18,2026-02-18,FO,NSE,STO,93447,,GAIL,,2026-02-24,2026-02-24,200.0,CE,GAIL26FEB200CE,0.02,0.07,0.02,0.07,0.07,0.02,167.3,0.01,85050,-15750,6,3780535.5,2,F1,3150,,,,,
2026-02-18,2026-02-18,FO,NSE,STO,109893,,GAIL,,2026-03-30,2026-03-30,136.0,CE,GAIL26MAR136CE,0.0,0.0,0.0,22.17,0.0,22.17,167.3,32.17,0,0,0,0.0,0,F1,3150,,,,,
2026-02-18,2026-02-18,FO,NSE,STO,98212,,GAIL,,2026-03-30,2026-03-30,137.0,CE,GAIL26MAR137CE,0.0,0.0,0.0,32.25,0.0,32.25,167.3,31.19,0,0,0,0.0,0,F1,3150,,,,,
2026-02-18,2026-02-18,FO,NSE,STO,110030,,GAIL,,2026-03-30,2026-03-30,180.0,CE,GAIL26MAR180CE,1.5,1.75,1.2,1.29,1.24,1.27,167.3,1.29,985950,217350,229,130827847.5,180,F1,3150,,,,,
2026-02-18,2026-02-18,FO,NSE,STO,98303,,GAIL,,2026-03-30,2026-03-30,187.0,CE,GAIL26MAR187CE,1.05,1.06,0.6,0.61,0.6,0.66,167.3,0.61,173250,37800,23,13596439.5,22,F1,3150,,,,,
2026-02-18,2026-02-18,FO,NSE,STO,110082,,GAIL,,2026-03-30,2026-03-30,190.0,CE,GAIL26MAR190CE,0.49,0.49,0.49,0.49,0.49,0.95,167.3,0.49,3150,3150,1,600043.5,1,F1,3150,,,,,
2026-02-18,2026-02-18,FO,NSE,STO,97965,,GAIL,,2026-02-24,2026-02-24,154.0,PE,GAIL26FEB154PE,0.16,0.17,0.13,0.14,0.14,0.2,167.3,0.14,166950,-44100,52,25250746.5,52,F1,3150,,,,,
2026-02-18,2026-02-18,FO,NSE,STO,93382,,GAIL,,2026-02-24,2026-02-24,165.0,PE,GAIL26FEB165PE,1.1,1.64,0.68,0.74,0.81,1.69,167.3,0.74,2677500,-1190700,2382,1246139937.0,2079,F1,3150,,,,,
2026-02-18,2026-02-18,FO,NSE,STO,93436,,GAIL,,2026-02-24,2026-02-24,170.0,PE,GAIL26FEB170PE,3.11,5.14,2.65,3.52,3.74,5.08,167.3,3.52,1178100,47250,430,235366614.0,370,F1,3150,,,,,
2026-02-18,2026-02-18,FO,NSE,STO,51680,,GAIL,,2026-04-28,2026-04-28,176.0,PE,GAIL26APR176PE,0.0,0.0,0.0,18.56,0.0,18.56,167.3,12.21,0,0,0,0.0,0,F1,3150,,,,,
2026-02-18,2026-02-18,FO,NSE,STO,97993,,GAIL,,2026-02-24,2026-02-24,172.0,PE,GAIL26FEB172PE,0.0,0.0,0.0,13.75,13.75,13.75,167.3,5.36,6300,0,0,0.0,0,F1,3150,,,,,
2026-02-18,2026-02-18,FO,NSE,STO,98206,,GAIL,,2026-03-30,2026-03-30,131.0,PE,GAIL26MAR131PE,0.0,0.0,0.0,0.5,0.5,0.5,167.3,0.01,15750,0,0,0.0,0,F1,3150,,,,,
2026-02-18,2026-02-18,FO,NSE,STO,109902,,GAIL,,2026-03-30,2026-03-30,142.0,PE,GAIL26MAR142PE,0.0,0.0,0.0,3.02,0.0,3.02,167.3,0.19,0,0,0,0.0,0,F1,3150,,,,,
2026-02-18,2026-02-18,FO,NSE,STO,109919,,GAIL,,2026-03-30,2026-03-30,148.0,PE,GAIL26MAR148PE,0.0,0.0,0.0,4.89,0.0,4.89,167.3,0.56,0,0,0,0.0,0,F1,3150,,,,,
2026-02-18,2026-02-18,FO,NSE,STO,98252,,GAIL,,2026-03-30,2026-03-30,167.0,PE,GAIL26MAR167PE,0.0,0.0,0.0,10.82,0.0,10.82,167.3,5.56,0,0,0,0.0,0,F1,3150,,,,,
2026-02-18,2026-02-18,FO,NSE,STO,97928,,GAIL,,2026-02-24,2026-02-24,137.0,CE,GAIL26FEB137CE,0.0,0.0,0.0,30.61,0.0,30.61,167.3,30.42,0,0,0,0.0,0,F1,3150,,,,,
2026-02-18,2026-02-18,FO,NSE,STO,93367,,GAIL,,2026-02-24,2026-02-24,140.0,CE,GAIL26FEB140CE,0.0,0.0,0.0,38.57,0.0,38.57,167.3,27.43,0,0,0,0.0,0,F1,3150,,,,,
2026-02-18,2026-02-18,FO,NSE,STO,97962,,GAIL,,2026-02-24,2026-02-24,153.0,CE,GAIL26FEB153CE,0.0,0.0,0.0,12.81,12.81,12.81,167.3,14.45,148050,0,0,0.0,0,F1,3150,,,,,
2026-02-18,2026-02-18,FO,NSE,STO,97970,,GAIL,,2026-02-24,2026-02-24,158.0,CE,GAIL26FEB158CE,0.0,0.0,0.0,7.93,7.88,7.93,167.3,9.58,378000,0,0,0.0,0,F1,3150,,,,,
2026-02-18,2026-02-18,FO,NSE,STO,97978,,GAIL,,2026-02-24,2026-02-24,163.0,CE,GAIL26FEB163CE,3.99,6.67,3.4,4.67,4.21,3.61,167.3,4.67,428400,-107100,215,113718717.0,181,F1,3150,,,,,
2026-02-18,2026-02-18,FO,NSE,STO,98285,,GAIL,,2026-03-30,2026-03-30,179.0,PE,GAIL26MAR179PE,0.0,0.0,0.0,17.87,0.0,17.87,167.3,13.07,0,0,0,0.0,0,F1,3150,,,,,
2026-02-18,2026-02-18,FO,NSE,STO,110031,,GAIL,,2026-03-30,2026-03-30,180.0,PE,GAIL26MAR180PE,14.0,14.0,12.29,12.29,12.29,14.5,167.3,13.84,110250,25200,8,4858717.5,8,F1,3150,,,,,
2026-02-18,2026-02-18,FO,NSE,STO,110079,,GAIL,,2026-03-30,2026-03-30,186.0,PE,GAIL26MAR186PE,0.0,0.0,0.0,30.32,0.0,30.32,167.3,18.76,0,0,0,0.0,0,F1,3150,,,,,
2026-02-18,2026-02-18,FO,NSE,STO,98304,,GAIL,,2026-03-30,2026-03-30,187.0,PE,GAIL26MAR187PE,20.5,20.5,18.7,18.93,19.11,21.75,167.3,18.93,25200,18900,7,4555624.5,7,F1,3150,,,,,
2026-02-18,2026-02-18,FO,NSE,STO,110097,,GAIL,,2026-03-30,2026-03-30,190.0,PE,GAIL26MAR190PE,0.0,0.0,0.0,33.93,0.0,33.93,167.3,22.31,0,0,0,0.0,0,F1,3150,,,,,
2026-02-18,2026-02-18,FO,NSE,STO,110143,,GAIL,,2026-04-28,2026-04-28,131.0,PE,GAIL26APR131PE,0.0,0.0,0.0,1.76,0.0,1.76,167.3,0.12,0,0,0,0.0,0,F1,3150,,,,,
2026-02-18,2026-02-18,FO,NSE,STO,51626,,GAIL,,2026-04-28,2026-04-28,148.0,PE,GAIL26APR148PE,0.0,0.0,0.0,4.21,0.0,4.21,167.3,1.34,0,0,0,0.0,0,F1,3150,,,,,
2026-02-18,2026-02-18,FO,NSE,STO,110280,,GAIL,,2026-04-28,2026-04-28,171.0,PE,GAIL26APR171PE,0.0,0.0,0.0,18.94,0.0,18.94,167.3,9.2,0,0,0,0.0,0,F1,3150,,,,,
2026-02-18,2026-02-18,FO,NSE,STO,51674,,GAIL,,2026-04-28,2026-04-28,172.0,PE,GAIL26APR172PE,0.0,0.0,0.0,15.82,0.0,15.82,167.3,9.77,0,0,0,0.0,0,F1,3150,,,,,
2026-02-18,2026-02-18,FO,NSE,STO,110282,,GAIL,,2026-04-28,2026-04-28,173.0,PE,GAIL26APR173PE,0.0,0.0,0.0,20.36,0.0,20.36,167.3,10.35,0,0,0,0.0,0,F1,3150,,,,,
2026-02-18,2026-02-18,FO,NSE,STO,110292,,GAIL,,2026-04-28,2026-04-28,183.0,PE,GAIL26APR183PE,0.0,0.0,0.0,28.12,0.0,28.12,167.3,17.12,0,0,0,0.0,0,F1,3150,,,,,
2026-02-18,2026-02-18,FO,NSE,STO,51627,,GAIL,,2026-04-28,2026-04-28,150.0,CE,GAIL26APR150CE,0.0,0.0,0.0,17.16,0.0,17.16,167.3,20.52,0,0,0,0.0,0,F1,3150,,,,,
2026-02-18,2026-02-18,FO,NSE,STO,110172,,GAIL,,2026-04-28,2026-04-28,151.0,CE,GAIL26APR151CE,0.0,0.0,0.0,13.86,0.0,13.86,167.3,19.72,0,0,0,0.0,0,F1,3150,,,,,
2026-02-18,2026-02-18,FO,NSE,STO,51663,,GAIL,,2026-04-28,2026-04-28,164.0,CE,GAIL26APR164CE,0.0,0.0,0.0,9.51,0.0,9.51,167.3,10.78,0,0,0,0.0,0,F1,3150,,,,,
2026-02-18,2026-02-18,FO,NSE,STO,51654,,GAIL,,2026-04-28,2026-04-28,160.0,PE,GAIL26APR160PE,0.0,0.0,0.0,8.92,0.0,8.92,167.3,4.25,0,0,0,0.0,0,F1,3150,,,,,
2026-02-18,2026-02-18,FO,NSE,STO,51614,,GAIL,,2026-04-28,2026-04-28,140.0,PE,GAIL26APR140PE,0.0,0.0,0.0,2.24,0.0,2.24,167.3,0.49,0,0,0,0.0,0,F1,3150,,,,,
2026-02-18,2026-02-18,FO,NSE,STO,110081,,GAIL,,2026-03-30,2026-03-30,188.0,PE,GAIL26MAR188PE,0.0,0.0,0.0,24.0,24.0,24.0,167.3,20.52,6300,0,0,0.0,0,F1,3150,,,,,
2026-02-18,2026-02-18,FO,NSE,STO,98281,,GAIL,,2026-03-30,2026-03-30,175.0,PE,GAIL26MAR175PE,9.5,9.99,8.38,8.63,8.75,9.96,167.3,8.63,283500,88200,50,28966045.5,50,F1,3150,,,,,
2026-02-18,2026-02-18,FO,NSE,STO,109981,,GAIL,,2026-03-30,2026-03-30,158.0,PE,GAIL26MAR158PE,0.0,0.0,0.0,4.7,4.7,4.7,167.3,2.23,3150,0,0,0.0,0,F1,3150,,,,,
2026-02-18,2026-02-18,FO,NSE,STO,98047,,GAIL,,2026-02-24,2026-02-24,179.0,PE,GAIL26FEB179PE,0.0,0.0,0.0,16.3,0.0,16.3,167.3,11.62,0,0,0,0.0,0,F1,3150,,,,,
2026-02-18,2026-02-18,FO,NSE,STO,97995,,GAIL,,2026-02-24,2026-02-24,173.0,PE,GAIL26FEB173PE,6.56,7.44,5.75,6.21,6.42,8.29,167.3,6.21,56700,53550,26,14699065.5,26,F1,3150,,,,,
2026-02-18,2026-02-18,FO,NSE,STO,97971,,GAIL,,2026-02-24,2026-02-24,158.0,PE,GAIL26FEB158PE,0.31,0.31,0.18,0.18,0.18,0.31,167.3,0.18,1039500,-40950,127,63302431.5,127,F1,3150,,,,,
2026-02-18,2026-02-18,FO,NSE,STO,97927,,GAIL,,2026-02-24,2026-02-24,136.0,PE,GAIL26FEB136PE,0.0,0.0,0.0,0.59,0.0,0.59,167.3,0.01,0,0,0,0.0,0,F1,3150,,,,,
2026-02-18,2026-02-18,FO,NSE,STO,93359,,GAIL,,2026-02-24,2026-02-24,135.0,PE,GAIL26FEB135PE,0.03,0.1,0.02,0.02,0.02,0.06,167.3,0.02,589050,-63000,44,18717174.0,13,F1,3150,,,,,
2026-02-18,2026-02-18,FO,NSE,STO,97706,,GAIL,,2026-02-24,2026-02-24,133.0,PE,GAIL26FEB133PE,0.05,0.16,0.05,0.07,0.07,0.02,167.3,0.01,66150,-12600,5,2096356.5,5,F1,3150,,,,,
2026-02-18,2026-02-18,FO,NSE,STO,51675,,GAIL,,2026-04-28,2026-04-28,174.0,CE,GAIL26APR174CE,0.0,0.0,0.0,5.83,0.0,5.83,167.3,6.05,0,0,0,0.0,0,F1,3150,,,,,
2026-02-18,2026-02-18,FO,NSE,STF,59321,,GAIL,,2026-02-24,2026-02-24,,,GAIL26FEBFUT,165.85,169.29,165.47,167.24,166.98,165.61,167.3,167.24,96027750,-7005600,5792,3047331483.0,5167,F1,3150,,,,,
2026-02-18,2026-02-18,FO,NSE,STO,97705,,GAIL,,2026-02-24,2026-02-24,133.0,CE,GAIL26FEB133CE,0.0,0.0,0.0,34.31,0.0,34.31,167.3,34.42,0,0,0,0.0,0,F1,3150,,,,,
2026-02-18,2026-02-18,FO,NSE,STO,97984,,GAIL,,2026-02-24,2026-02-24,167.0,CE,GAIL26FEB167CE,2.23,3.33,1.23,1.66,1.5,1.42,167.3,1.66,702450,63000,1720,914493321.0,1303,F1,3150,,,,,
2026-02-18,2026-02-18,FO,NSE,STO,97988,,GAIL,,2026-02-24,2026-02-24,169.0,CE,GAIL26FEB169CE,1.2,2.2,0.72,0.95,0.8,0.9,167.3,0.95,431550,47250,692,371179966.5,603,F1,3150,,,,,
2026-02-18,2026-02-18,FO,NSE,STO,98207,,GAIL,,2026-03-30,2026-03-30,133.0,CE,GAIL26MAR133CE,0.0,0.0,0.0,35.72,0.0,35.72,167.3,35.12,0,0,0,0.0,0,F1,3150,,,,,
2026-02-18,2026-02-18,FO,NSE,STO,109980,,GAIL,,2026-03-30,2026-03-30,158.0,CE,GAIL26MAR158CE,0.0,0.0,0.0,8.13,0.0,8.13,167.3,12.48,0,0,0,0.0,0,F1,3150,,,,,
2026-02-18,2026-02-18,FO,NSE,STO,110015,,GAIL,,2026-03-30,2026-03-30,172.0,CE,GAIL26MAR172CE,0.0,0.0,0.0,3.5,0.0,3.5,167.3,4.61,0,0,0,0.0,0,F1,3150,,,,,
2026-02-18,2026-02-18,FO,NSE,STO,110163,,GAIL,,2026-04-28,2026-04-28,143.0,CE,GAIL26APR143CE,0.0,0.0,0.0,18.78,0.0,18.78,167.3,26.52,0,0,0,0.0,0,F1,3150,,,,,
2026-02-18,2026-02-18,FO,NSE,STO,93381,,GAIL,,2026-02-24,2026-02-24,165.0,CE,GAIL26FEB165CE,2.7,4.88,2.05,2.94,2.64,2.33,167.3,2.94,4148550,-6495300,4493,2378902459.5,2835,F1,3150,,,,,
2026-02-18,2026-02-18,FO,NSE,STO,93435,,GAIL,,2026-02-24,2026-02-24,170.0,CE,GAIL26FEB170CE,1.0,1.78,0.58,0.68,0.62,0.7,167.3,0.68,4044600,-1149750,4678,2518736881.5,3132,F1,3150,,,,,
2026-02-18,2026-02-18,FO,NSE,STO,110016,,GAIL,,2026-03-30,2026-03-30,172.0,PE,GAIL26MAR172PE,0.0,0.0,0.0,18.67,0.0,18.67,167.3,8.28,0,0,0,0.0,0,F1,3150,,,,,
2026-02-18,2026-02-18,FO,NSE,STO,98263,,GAIL,,2026-03-30,2026-03-30,169.0,PE,GAIL26MAR169PE,0.0,0.0,0.0,11.87,0.0,11.87,167.3,6.57,0,0,0,0.0,0,F1,3150,,,,,
2026-02-18,2026-02-18,FO,NSE,STO,109989,,GAIL,,2026-03-30,2026-03-30,164.0,PE,GAIL26MAR164PE,3.0,3.02,2.6,2.6,2.6,4.0,167.3,2.6,28350,12600,8,4204053.0,8,F1,3150,,,,,
2026-02-18,2026-02-18,FO,NSE,STO,98240,,GAIL,,2026-03-30,2026-03-30,155.0,PE,GAIL26MAR155PE,0.98,1.19,0.83,0.84,0.86,1.22,167.3,0.84,412650,40950,160,78634332.0,131,F1,3150,,,,,
2026-02-18,2026-02-18,FO,NSE,STO,98228,,GAIL,,2026-03-30,2026-03-30,143.0,PE,GAIL26MAR143PE,0.0,0.0,0.0,1.65,1.65,1.65,167.3,0.23,135450,0,0,0.0,0,F1,3150,,,,,
2026-02-18,2026-02-18,FO,NSE,STO,98124,,GAIL,,2026-02-24,2026-02-24,187.0,PE,GAIL26FEB187PE,19.22,21.5,19.22,21.5,21.5,22.53,167.3,19.53,15750,-9450,6,3919104.0,3,F1,3150,,,,,
2026-02-18,2026-02-18,FO,NSE,STO,97989,,GAIL,,2026-02-24,2026-02-24,169.0,PE,GAIL26FEB169PE,3.23,4.31,2.47,2.59,2.94,5.65,167.3,2.59,261450,151200,68,36846180.0,68,F1,3150,,,,,
2026-02-18,2026-02-18,FO,NSE,STO,97678,,GAIL,,2026-02-24,2026-02-24,131.0,PE,GAIL26FEB131PE,0.03,0.03,0.03,0.03,0.03,0.03,167.3,0.01,315000,-3150,5,2063722.5,3,F1,3150,,,,,
2026-02-18,2026-02-18,FO,NSE,STO,51671,,GAIL,,2026-04-28,2026-04-28,172.0,CE,GAIL26APR172CE,0.0,0.0,0.0,6.46,0.0,6.46,167.3,6.85,0,0,0,0.0,0,F1,3150,,,,,
2026-02-18,2026-02-18,FO,NSE,STO,51669,,GAIL,,2026-04-28,2026-04-28,170.0,CE,GAIL26APR170CE,0.0,0.0,0.0,7.14,0.0,7.14,167.3,7.72,0,0,0,0.0,0,F1,3150,,,,,
2026-02-18,2026-02-18,FO,NSE,STO,98286,,GAIL,,2026-03-30,2026-03-30,181.0,CE,GAIL26MAR181CE,1.2,1.27,1.19,1.24,1.24,6.6,167.3,2.01,59850,59850,20,11480805.0,18,F1,3150,,,,,
2026-02-18,2026-02-18,FO,NSE,STO,110022,,GAIL,,2026-03-30,2026-03-30,174.0,CE,GAIL26MAR174CE,0.0,0.0,0.0,3.06,0.0,3.06,167.3,3.89,0,0,0,0.0,0,F1,3150,,,,,
2026-02-18,2026-02-18,FO,NSE,STO,98214,,GAIL,,2026-03-30,2026-03-30,139.0,CE,GAIL26MAR139CE,0.0,0.0,0.0,30.57,0.0,30.57,167.3,29.24,0,0,0,0.0,0,F1,3150,,,,,
2026-02-18,2026-02-18,FO,NSE,STO,93445,,GAIL,,2026-02-24,2026-02-24,195.0,CE,GAIL26FEB195CE,0.05,0.05,0.01,0.01,0.02,0.05,167.3,0.01,2066400,-15750,13,7986604.5,11,F1,3150,,,,,
2026-02-18,2026-02-18,FO,NSE,STO,93437,,GAIL,,2026-02-24,2026-02-24,175.0,CE,GAIL26FEB175CE,0.4,0.64,0.2,0.23,0.21,0.26,167.3,0.23,2872800,-195300,901,497545083.0,672,F1,3150,,,,,
2026-02-18,2026-02-18,FO,NSE,STO,97992,,GAIL,,2026-02-24,2026-02-24,172.0,CE,GAIL26FEB172CE,0.7,1.08,0.37,0.4,0.37,0.45,167.3,0.4,270900,59850,135,73369075.5,128,F1,3150,,,,,
2026-02-18,2026-02-18,FO,NSE,STO,97986,,GAIL,,2026-02-24,2026-02-24,168.0,CE,GAIL26FEB168CE,1.12,2.72,0.94,1.2,1.08,1.12,167.3,1.2,973350,378000,1643,877083952.5,1394,F1,3150,,,,,
2026-02-18,2026-02-18,FO,NSE,STO,51677,,GAIL,,2026-04-28,2026-04-28,176.0,CE,GAIL26APR176CE,0.0,0.0,0.0,5.25,0.0,5.25,167.3,5.33,0,0,0,0.0,0,F1,3150,,,,,
2026-02-18,2026-02-18,FO,NSE,STO,97934,,GAIL,,2026-02-24,2026-02-24,139.0,PE,GAIL26FEB139PE,0.0,0.0,0.0,0.51,0.52,0.51,167.3,0.01,12600,0,0,0.0,0,F1,3150,,,,,
2026-02-18,2026-02-18,FO,NSE,STO,97949,,GAIL,,2026-02-24,2026-02-24,144.0,PE,GAIL26FEB144PE,0.0,0.0,0.0,0.2,0.2,0.2,167.3,0.01,129150,0,0,0.0,0,F1,3150,,,,,
2026-02-18,2026-02-18,FO,NSE,STO,109921,,GAIL,,2026-03-30,2026-03-30,150.0,PE,GAIL26MAR150PE,0.6,0.67,0.5,0.51,0.52,0.72,167.3,0.51,280350,94500,74,35102529.0,59,F1,3150,,,,,
2026-02-18,2026-02-18,FO,NSE,STO,98299,,GAIL,,2026-03-30,2026-03-30,183.0,PE,GAIL26MAR183PE,0.0,0.0,0.0,20.61,0.0,20.61,167.3,16.23,0,0,0,0.0,0,F1,3150,,,,,
2026-02-18,2026-02-18,FO,NSE,STO,51640,,GAIL,,2026-04-28,2026-04-28,154.0,PE,GAIL26APR154PE,0.0,0.0,0.0,6.28,0.0,6.28,167.3,2.5,0,0,0,0.0,0,F1,3150,,,,,
2026-02-18,2026-02-18,FO,NSE,STO,110273,,GAIL,,2026-04-28,2026-04-28,167.0,CE,GAIL26APR167CE,0.0,0.0,0.0,6.83,0.0,6.83,167.3,9.16,0,0,0,0.0,0,F1,3150,,,,,
2026-02-18,2026-02-18,FO,NSE,STO,98210,,GAIL,,2026-03-30,2026-03-30,135.0,CE,GAIL26MAR135CE,0.0,0.0,0.0,32.0,32.0,32.0,167.3,33.15,0,0,0,0.0,0,F1,3150,,,,,
2026-02-18,2026-02-18,FO,NSE,STO,97958,,GAIL,,2026-02-24,2026-02-24,151.0,CE,GAIL26FEB151CE,0.0,0.0,0.0,13.3,13.3,13.3,167.3,16.44,66150,0,0,0.0,0,F1,3150,,,,,
2026-02-18,2026-02-18,FO,NSE,STO,93371,,GAIL,,2026-02-24,2026-02-24,150.0,CE,GAIL26FEB150CE,17.2,17.2,17.1,17.1,17.1,15.0,167.3,17.44,110250,-3150,2,1053045.0,2,F1,3150,,,,,
2026-02-18,2026-02-18,FO,NSE,STO,97948,,GAIL,,2026-02-24,2026-02-24,144.0,CE,GAIL26FEB144CE,0.0,0.0,0.0,22.41,22.41,22.41,167.3,23.43,3150,0,0,0.0,0,F1,3150,,,,,
2026-02-18,2026-02-18,FO,NSE,STF,51879,,GAIL,,2026-03-30,2026-03-30,,,GAIL26MARFUT,167.43,170.2,166.5,168.3,168.26,166.69,167.3,168.3,16146900,5181750,2935,1554225750.0,2474,F1,3150,,,,,
2026-02-18,2026-02-18,FO,NSE,STO,110013,,GAIL,,2026-03-30,2026-03-30,170.0,CE,GAIL26MAR170CE,3.75,5.23,3.45,3.85,3.71,3.54,167.3,3.85,2085300,677250,676,370662610.5,524,F1,3150,,,,,
2026-02-18,2026-02-18,FO,NSE,STO,110166,,GAIL,,2026-04-28,2026-04-28,145.0,CE,GAIL26APR145CE,0.0,0.0,0.0,17.47,0.0,17.47,167.3,24.75,0,0,0,0.0,0,F1,3150,,,,,
2026-02-18,2026-02-18,FO,NSE,STO,110076,,GAIL,,2026-03-30,2026-03-30,184.0,CE,GAIL26MAR184CE,0.0,0.0,0.0,1.5,0.0,1.5,167.3,1.47,0,0,0,0.0,0,F1,3150,,,,,
2026-02-18,2026-02-18,FO,NSE,STO,98230,,GAIL,,2026-03-30,2026-03-30,145.0,PE,GAIL26MAR145PE,0.45,0.45,0.41,0.41,0.41,0.6,167.3,0.33,40950,12600,8,3664993.5,8,F1,3150,,,,,
2026-02-18,2026-02-18,FO,NSE,STO,109898,,GAIL,,2026-03-30,2026-03-30,140.0,PE,GAIL26MAR140PE,0.0,0.0,0.0,2.52,0.0,2.52,167.3,0.13,0,0,0,0.0,0,F1,3150,,,,,
2026-02-18,2026-02-18,FO,NSE,STO,98213,,GAIL,,2026-03-30,2026-03-30,137.0,PE,GAIL26MAR137PE,0.0,0.0,0.0,1.52,0.0,1.52,167.3,0.07,0,0,0,0.0,0,F1,3150,,,,,
2026-02-18,2026-02-18,FO,NSE,STO,98120,,GAIL,,2026-02-24,2026-02-24,184.0,PE,GAIL26FEB184PE,0.0,0.0,0.0,20.02,0.0,20.02,167.3,16.54,0,0,0,0.0,0,F1,3150,,,,,
2026-02-18,2026-02-18,FO,NSE,STO,98010,,GAIL,,2026-02-24,2026-02-24,178.0,PE,GAIL26FEB178PE,0.0,0.0,0.0,23.05,23.05,23.05,167.3,10.65,3150,0,0,0.0,0,F1,3150,,,,,
2026-02-18,2026-02-18,FO,NSE,STO,97975,,GAIL,,2026-02-24,2026-02-24,161.0,PE,GAIL26FEB161PE,0.42,0.52,0.26,0.26,0.28,0.59,167.3,0.26,459900,-40950,99,50328211.5,92,F1,3150,,,,,
2026-02-18,2026-02-18,FO,NSE,STO,97973,,GAIL,,2026-02-24,2026-02-24,159.0,PE,GAIL26FEB159PE,0.31,0.34,0.19,0.19,0.2,0.38,167.3,0.19,333900,-63000,79,39632229.0,79,F1,3150,,,,,
2026-02-18,2026-02-18,FO,NSE,STO,109895,,GAIL,,2026-03-30,2026-03-30,138.0,CE,GAIL26MAR138CE,0.0,0.0,0.0,20.56,0.0,20.56,167.3,30.21,0,0,0,0.0,0,F1,3150,,,,,
2026-02-18,2026-02-18,FO,NSE,STO,98239,,GAIL,,2026-03-30,2026-03-30,155.0,CE,GAIL26MAR155CE,14.0,14.0,13.49,13.8,13.8,12.71,167.3,14.77,248850,22050,8,4252783.5,8,F1,3150,,,,,
2026-02-18,2026-02-18,FO,NSE,STO,110078,,GAIL,,2026-03-30,2026-03-30,186.0,CE,GAIL26MAR186CE,0.0,0.0,0.0,1.29,0.0,1.29,167.3,1.18,0,0,0,0.0,0,F1,3150,,,,,
2026-02-18,2026-02-18,FO,NSE,STO,110142,,GAIL,,2026-04-28,2026-04-28,131.0,CE,GAIL26APR131CE,0.0,0.0,0.0,27.83,0.0,27.83,167.3,37.78,0,0,0,0.0,0,F1,3150,,,,,
2026-02-18,2026-02-18,FO,NSE,STO,110170,,GAIL,,2026-04-28,2026-04-28,149.0,CE,GAIL26APR149CE,0.0,0.0,0.0,15.0,0.0,15.0,167.3,21.34,0,0,0,0.0,0,F1,3150,,,,,
2026-02-18,2026-02-18,FO,NSE,STO,110288,,GAIL,,2026-04-28,2026-04-28,179.0,PE,GAIL26APR179PE,0.0,0.0,0.0,24.91,0.0,24.91,167.3,14.22,0,0,0,0.0,0,F1,3150,,,,,
2026-02-18,2026-02-18,FO,NSE,STO,110278,,GAIL,,2026-04-28,2026-04-28,169.0,PE,GAIL26APR169PE,0.0,0.0,0.0,17.55,0.0,17.55,167.3,8.13,0,0,0,0.0,0,F1,3150,,,,,
2026-02-18,2026-02-18,FO,NSE,STO,51668,,GAIL,,2026-04-28,2026-04-28,168.0,PE,GAIL26APR168PE,0.0,0.0,0.0,13.29,0.0,13.29,167.3,7.62,0,0,0,0.0,0,F1,3150,,,,,
2026-02-18,2026-02-18,FO,NSE,STO,51662,,GAIL,,2026-04-28,2026-04-28,162.0,PE,GAIL26APR162PE,0.0,0.0,0.0,9.92,0.0,9.92,167.3,4.98,0,0,0,0.0,0,F1,3150,,,,,
2026-02-18,2026-02-18,FO,NSE,STO,51642,,GAIL,,2026-04-28,2026-04-28,156.0,PE,GAIL26APR156PE,0.0,0.0,0.0,7.1,0.0,7.1,167.3,3.01,0,0,0,0.0,0,F1,3150,,,,,
2026-02-18,2026-02-18,FO,NSE,STO,51620,,GAIL,,2026-04-28,2026-04-28,144.0,PE,GAIL26APR144PE,0.0,0.0,0.0,3.11,0.0,3.11,167.3,0.84,0,0,0,0.0,0,F1,3150,,,,,
2026-02-18,2026-02-18,FO,NSE,STO,110160,,GAIL,,2026-04-28,2026-04-28,139.0,PE,GAIL26APR139PE,0.0,0.0,0.0,3.41,0.0,3.41,167.3,0.43,0,0,0,0.0,0,F1,3150,,,,,
2026-02-18,2026-02-18,FO,NSE,STO,98312,,GAIL,,2026-03-30,2026-03-30,195.0,PE,GAIL26MAR195PE,27.25,28.0,26.15,26.55,26.55,27.89,167.3,26.55,2466450,72450,23,16082577.0,14,F1,3150,,,,,
2026-02-18,2026-02-18,FO,NSE,STO,110077,,GAIL,,2026-03-30,2026-03-30,184.0,PE,GAIL26MAR184PE,0.0,0.0,0.0,28.55,0.0,28.55,167.3,17.06,0,0,0,0.0,0,F1,3150,,,,,
2026-02-18,2026-02-18,FO,NSE,STO,97960,,GAIL,,2026-02-24,2026-02-24,152.0,CE,GAIL26FEB152CE,0.0,0.0,0.0,12.21,12.21,12.21,167.3,15.44,103950,0,0,0.0,0,F1,3150,,,,,
2026-02-18,2026-02-18,FO,NSE,STO,93373,,GAIL,,2026-02-24,2026-02-24,155.0,CE,GAIL26FEB155CE,11.14,12.87,11.1,12.17,11.97,10.71,167.3,12.17,2069550,-233100,130,68402092.5,125,F1,3150,,,,,
2026-02-18,2026-02-18,FO,NSE,STO,97990,,GAIL,,2026-02-24,2026-02-24,171.0,CE,GAIL26FEB171CE,0.9,1.45,0.46,0.51,0.47,0.57,167.3,0.51,255150,40950,188,101680803.0,187,F1,3150,,,,,
2026-02-18,2026-02-18,FO,NSE,STO,98114,,GAIL,,2026-02-24,2026-02-24,182.0,CE,GAIL26FEB182CE,0.0,0.0,0.0,3.85,0.0,3.85,167.3,0.02,0,0,0,0.0,0,F1,3150,,,,,
2026-02-18,2026-02-18,FO,NSE,STO,51655,,GAIL,,2026-04-28,2026-04-28,162.0,CE,GAIL26APR162CE,0.0,0.0,0.0,10.42,0.0,10.42,167.3,11.95,0,0,0,0.0,0,F1,3150,,,,,
2026-02-18,2026-02-18,FO,NSE,STO,97933,,GAIL,,2026-02-24,2026-02-24,139.0,CE,GAIL26FEB139CE,0.0,0.0,0.0,28.81,0.0,28.81,167.3,28.43,0,0,0,0.0,0,F1,3150,,,,,
2026-02-18,2026-02-18,FO,NSE,STO,97935,,GAIL,,2026-02-24,2026-02-24,141.0,CE,GAIL26FEB141CE,0.0,0.0,0.0,27.05,0.0,27.05,167.3,26.43,0,0,0,0.0,0,F1,3150,,,,,
2026-02-18,2026-02-18,FO,NSE,STO,97940,,GAIL,,2026-02-24,2026-02-24,143.0,CE,GAIL26FEB143CE,0.0,0.0,0.0,25.32,0.0,25.32,167.3,24.43,0,0,0,0.0,0,F1,3150,,,,,
2026-02-18,2026-02-18,FO,NSE,STO,110023,,GAIL,,2026-03-30,2026-03-30,174.0,PE,GAIL26MAR174PE,8.0,8.0,8.0,8.0,8.0,20.21,167.3,9.54,3150,3150,1,573300.0,1,F1,3150,,,,,
2026-02-18,2026-02-18,FO,NSE,STO,98244,,GAIL,,2026-03-30,2026-03-30,159.0,PE,GAIL26MAR159PE,0.0,0.0,0.0,7.18,0.0,7.18,167.3,2.5,0,0,0,0.0,0,F1,3150,,,,,
2026-02-18,2026-02-18,FO,NSE,STO,109979,,GAIL,,2026-03-30,2026-03-30,156.0,PE,GAIL26MAR156PE,1.05,1.05,0.96,0.97,0.96,8.39,167.3,0.97,22050,22050,9,4450918.5,8,F1,3150,,,,,
2026-02-18,2026-02-18,FO,NSE,STO,109977,,GAIL,,2026-03-30,2026-03-30,154.0,PE,GAIL26MAR154PE,0.0,0.0,0.0,7.41,0.0,7.41,167.3,1.35,0,0,0,0.0,0,F1,3150,,,,,
2026-02-18,2026-02-18,FO,NSE,STO,98238,,GAIL,,2026-03-30,2026-03-30,153.0,PE,GAIL26MAR153PE,0.0,0.0,0.0,5.04,0.0,5.04,167.3,1.18,0,0,0,0.0,0,F1,3150,,,,,
2026-02-18,2026-02-18,FO,NSE,STO,110275,,GAIL,,2026-04-28,2026-04-28,169.0,CE,GAIL26APR169CE,0.0,0.0,0.0,6.2,0.0,6.2,167.3,8.18,0,0,0,0.0,0,F1,3150,,,,,
2026-02-18,2026-02-18,FO,NSE,STO,110287,,GAIL,,2026-04-28,2026-04-28,179.0,CE,GAIL26APR179CE,0.0,0.0,0.0,3.71,0.0,3.71,167.3,4.37,0,0,0,0.0,0,F1,3150,,,,,
2026-02-18,2026-02-18,FO,NSE,STO,110270,,GAIL,,2026-04-28,2026-04-28,163.0,PE,GAIL26APR163PE,0.0,0.0,0.0,13.7,0.0,13.7,167.3,5.37,0,0,0,0.0,0,F1,3150,,,,,
2026-02-18,2026-02-18,FO,NSE,STO,51636,,GAIL,,2026-04-28,2026-04-28,152.0,PE,GAIL26APR152PE,0.0,0.0,0.0,5.53,0.0,5.53,167.3,2.06,0,0,0,0.0,0,F1,3150,,,,,
2026-02-18,2026-02-18,FO,NSE,STO,110011,,GAIL,,2026-03-30,2026-03-30,168.0,PE,GAIL26MAR168PE,0.0,0.0,0.0,15.73,0.0,15.73,167.3,6.05,0,0,0,0.0,0,F1,3150,,,,,
2026-02-18,2026-02-18,FO,NSE,STO,98250,,GAIL,,2026-03-30,2026-03-30,165.0,PE,GAIL26MAR165PE,3.33,3.95,2.93,3.01,3.08,3.91,167.3,3.01,803250,324450,244,129403008.0,204,F1,3150,,,,,
2026-02-18,2026-02-18,FO,NSE,STO,109983,,GAIL,,2026-03-30,2026-03-30,160.0,PE,GAIL26MAR160PE,2.0,2.18,1.37,1.58,1.64,2.17,167.3,1.58,787500,69300,121,61688025.0,104,F1,3150,,,,,
2026-02-18,2026-02-18,FO,NSE,STO,98236,,GAIL,,2026-03-30,2026-03-30,151.0,PE,GAIL26MAR151PE,0.64,0.77,0.57,0.57,0.57,0.81,167.3,0.57,66150,6300,25,11942815.5,25,F1,3150,,,,,
2026-02-18,2026-02-18,FO,NSE,STO,98128,,GAIL,,2026-02-24,2026-02-24,189.0,PE,GAIL26FEB189PE,21.03,21.03,21.03,21.03,21.03,26.2,167.3,21.53,18900,0,1,661594.5,1,F1,3150,,,,,
2026-02-18,2026-02-18,FO,NSE,STO,98006,,GAIL,,2026-02-24,2026-02-24,176.0,PE,GAIL26FEB176PE,0.0,0.0,0.0,14.25,0.0,14.25,167.3,8.78,0,0,0,0.0,0,F1,3150,,,,,
2026-02-18,2026-02-18,FO,NSE,STO,93376,,GAIL,,2026-02-24,2026-02-24,160.0,PE,GAIL26FEB160PE,0.43,0.47,0.22,0.23,0.24,0.47,167.3,0.23,1940400,-475650,996,502972281.0,864,F1,3150,,,,,
2026-02-18,2026-02-18,FO,NSE,STO,97967,,GAIL,,2026-02-24,2026-02-24,156.0,PE,GAIL26FEB156PE,0.21,0.21,0.15,0.15,0.15,0.24,167.3,0.15,308700,-47250,132,64940179.5,132,F1,3150,,,,,
2026-02-18,2026-02-18,FO,NSE,STO,97955,,GAIL,,2026-02-24,2026-02-24,148.0,PE,GAIL26FEB148PE,0.09,0.09,0.09,0.09,0.09,0.15,167.3,0.01,100800,-3150,1,466483.5,1,F1,3150,,,,,
2026-02-18,2026-02-18,FO,NSE,STO,97787,,GAIL,,2026-02-24,2026-02-24,136.0,CE,GAIL26FEB136CE,0.0,0.0,0.0,31.53,0.0,31.53,167.3,31.42,0,0,0,0.0,0,F1,3150,,,,,
2026-02-18,2026-02-18,FO,NSE,STO,97937,,GAIL,,2026-02-24,2026-02-24,142.0,CE,GAIL26FEB142CE,0.0,0.0,0.0,26.18,0.0,26.18,167.3,25.43,0,0,0,0.0,0,F1,3150,,,,,
2026-02-18,2026-02-18,FO,NSE,STO,97966,,GAIL,,2026-02-24,2026-02-24,156.0,CE,GAIL26FEB156CE,11.35,11.87,11.16,11.34,11.16,9.77,167.3,11.34,368550,-37800,39,20568397.5,39,F1,3150,,,,,
2026-02-18,2026-02-18,FO,NSE,STO,97968,,GAIL,,2026-02-24,2026-02-24,157.0,CE,GAIL26FEB157CE,10.35,10.88,10.17,10.59,10.19,8.83,167.3,10.59,396900,-12600,31,16356406.5,31,F1,3150,,,,,
2026-02-18,2026-02-18,FO,NSE,STO,97972,,GAIL,,2026-02-24,2026-02-24,159.0,CE,GAIL26FEB159CE,8.15,8.28,7.97,8.23,8.22,6.97,167.3,8.23,258300,-3150,8,4212054.0,8,F1,3150,,,,,
2026-02-18,2026-02-18,FO,NSE,STO,98011,,GAIL,,2026-02-24,2026-02-24,179.0,CE,GAIL26FEB179CE,0.14,0.16,0.12,0.12,0.12,0.13,167.3,0.12,34650,-37800,39,22006341.0,39,F1,3150,,,,,
2026-02-18,2026-02-18,FO,NSE,STO,97976,,GAIL,,2026-02-24,2026-02-24,162.0,CE,GAIL26FEB162CE,4.8,7.42,4.37,5.32,5.2,4.37,167.3,5.32,500850,-81900,120,63378315.0,101,F1,3150,,,,,
2026-02-18,2026-02-18,FO,NSE,STO,51666,,GAIL,,2026-04-28,2026-04-28,166.0,PE,GAIL26APR166PE,0.0,0.0,0.0,12.11,0.0,12.11,167.3,6.66,0,0,0,0.0,0,F1,3150,,,,,
2026-02-18,2026-02-18,FO,NSE,STO,51664,,GAIL,,2026-04-28,2026-04-28,164.0,PE,GAIL26APR164PE,0.0,0.0,0.0,10.99,0.0,10.99,167.3,5.78,0,0,0,0.0,0,F1,3150,,,,,
2026-02-18,2026-02-18,FO,NSE,STO,110268,,GAIL,,2026-04-28,2026-04-28,161.0,PE,GAIL26APR161PE,0.0,0.0,0.0,12.52,0.0,12.52,167.3,4.6,0,0,0,0.0,0,F1,3150,,,,,
2026-02-18,2026-02-18,FO,NSE,STO,110261,,GAIL,,2026-04-28,2026-04-28,157.0,PE,GAIL26APR157PE,0.0,0.0,0.0,10.34,0.0,10.34,167.3,3.3,0,0,0,0.0,0,F1,3150,,,,,
2026-02-18,2026-02-18,FO,NSE,STO,51634,,GAIL,,2026-04-28,2026-04-28,150.0,PE,GAIL26APR150PE,0.0,0.0,0.0,4.84,0.0,4.84,167.3,1.67,0,0,0,0.0,0,F1,3150,,,,,
2026-02-18,2026-02-18,FO,NSE,STO,51643,,GAIL,,2026-04-28,2026-04-28,158.0,CE,GAIL26APR158CE,0.0,0.0,0.0,12.42,0.0,12.42,167.3,14.53,0,0,0,0.0,0,F1,3150,,,,,
2026-02-18,2026-02-18,FO,NSE,STO,109913,,GAIL,,2026-03-30,2026-03-30,146.0,PE,GAIL26MAR146PE,0.0,0.0,0.0,4.19,0.0,4.19,167.3,0.4,0,0,0,0.0,0,F1,3150,,,,,
2026-02-18,2026-02-18,FO,NSE,STO,98211,,GAIL,,2026-03-30,2026-03-30,135.0,PE,GAIL26MAR135PE,0.0,0.0,0.0,1.27,0.0,1.27,167.3,0.04,0,0,0,0.0,0,F1,3150,,,,,
2026-02-18,2026-02-18,FO,NSE,STO,98115,,GAIL,,2026-02-24,2026-02-24,182.0,PE,GAIL26FEB182PE,0.0,0.0,0.0,18.5,0.0,18.5,167.3,14.56,0,0,0,0.0,0,F1,3150,,,,,
2026-02-18,2026-02-18,FO,NSE,STO,97991,,GAIL,,2026-02-24,2026-02-24,171.0,PE,GAIL26FEB171PE,3.87,5.66,3.21,4.3,4.47,6.82,167.3,4.3,170100,141750,76,42035364.0,76,F1,3150,,,,,
2026-02-18,2026-02-18,FO,NSE,STO,97985,,GAIL,,2026-02-24,2026-02-24,167.0,PE,GAIL26FEB167PE,2.08,2.82,1.34,1.46,1.55,2.8,167.3,1.46,655200,340200,254,135011394.0,180,F1,3150,,,,,
2026-02-18,2026-02-18,FO,NSE,STO,97959,,GAIL,,2026-02-24,2026-02-24,151.0,PE,GAIL26FEB151PE,0.13,0.14,0.12,0.14,0.14,0.17,167.3,0.14,107100,-25200,31,14758380.0,27,F1,3150,,,,,
2026-02-18,2026-02-18,FO,NSE,STO,98227,,GAIL,,2026-03-30,2026-03-30,143.0,CE,GAIL26MAR143CE,0.0,0.0,0.0,27.32,0.0,27.32,167.3,25.39,0,0,0,0.0,0,F1,3150,,,,,
2026-02-18,2026-02-18,FO,NSE,STO,109903,,GAIL,,2026-03-30,2026-03-30,144.0,CE,GAIL26MAR144CE,0.0,0.0,0.0,16.11,0.0,16.11,167.3,24.44,0,0,0,0.0,0,F1,3150,,,,,
2026-02-18,2026-02-18,FO,NSE,STO,98233,,GAIL,,2026-03-30,2026-03-30,149.0,CE,GAIL26MAR149CE,0.0,0.0,0.0,22.79,0.0,22.79,167.3,19.85,0,0,0,0.0,0,F1,3150,,,,,
2026-02-18,2026-02-18,FO,NSE,STO,98235,,GAIL,,2026-03-30,2026-03-30,151.0,CE,GAIL26MAR151CE,0.0,0.0,0.0,21.38,0.0,21.38,167.3,18.09,0,0,0,0.0,0,F1,3150,,,,,
2026-02-18,2026-02-18,FO,NSE,STO,109975,,GAIL,,2026-03-30,2026-03-30,154.0,CE,GAIL26MAR154CE,0.0,0.0,0.0,10.05,0.0,10.05,167.3,15.58,0,0,0,0.0,0,F1,3150,,,,,
2026-02-18,2026-02-18,FO,NSE,STO,98245,,GAIL,,2026-03-30,2026-03-30,161.0,CE,GAIL26MAR161CE,0.0,0.0,0.0,15.1,0.0,15.1,167.3,10.39,0,0,0,0.0,0,F1,3150,,,,,
2026-02-18,2026-02-18,FO,NSE,STO,98251,,GAIL,,2026-03-30,2026-03-30,167.0,CE,GAIL26MAR167CE,5.36,5.55,5.36,5.5,5.5,4.73,167.3,5.5,47250,12600,6,3259210.5,6,F1,3150,,,,,
2026-02-18,2026-02-18,FO,NSE,STO,97667,,HDFCBANK,,2026-02-24,2026-02-24,1020.0,PE,HDFCBANK26FEB1020PE,95.95,97.8,94.9,97.8,97.8,94.5,924.7,94.4,169950,-4950,9,5523402.5,9,F1,550,,,,,
2026-02-18,2026-02-18,FO,NSE,STO,104513,,HDFCBANK,,2026-02-24,2026-02-24,945.0,PE,HDFCBANK26FEB945PE,21.9,25.3,20.65,21.1,21.25,21.85,924.7,21.1,536250,-2200,149,79331367.5,146,F1,550,,,,,
2026-02-18,2026-02-18,FO,NSE,STO,104500,,HDFCBANK,,2026-02-24,2026-02-24,905.0,PE,HDFCBANK26FEB905PE,2.95,3.1,0.5,1.85,1.85,2.75,924.7,1.85,568150,-33550,3374,1683772585.0,1595,F1,550,,,,,
2026-02-18,2026-02-18,FO,NSE,STO,97586,,HDFCBANK,,2026-02-24,2026-02-24,850.0,PE,HDFCBANK26FEB850PE,0.65,0.7,0.5,0.55,0.55,0.75,924.7,0.55,1497100,-62150,520,243261562.5,242,F1,550,,,,,
2026-02-18,2026-02-18,FO,NSE,STO,116074,,HDFCBANK,,2026-04-28,2026-04-28,1020.0,CE,HDFCBANK26APR1020CE,0.0,0.0,0.0,10.85,0.0,10.85,924.7,2.9,0,0,0,0.0,0,F1,550,,,,,
2026-02-18,2026-02-18,FO,NSE,STO,116056,,HDFCBANK,,2026-04-28,2026-04-28,930.0,CE,HDFCBANK26APR930CE,0.0,0.0,0.0,41.5,0.0,41.5,924.7,26.9,0,0,0,0.0,0,F1,550,,,,,
2026-02-18,2026-02-18,FO,NSE,STO,115711,,HDFCBANK,,2026-03-30,2026-03-30,875.0,CE,HDFCBANK26MAR875CE,0.0,0.0,0.0,68.7,0.0,68.7,924.7,57.5,0,0,0,0.0,0,F1,550,,,,,
2026-02-18,2026-02-18,FO,NSE,STO,115713,,HDFCBANK,,2026-03-30,2026-03-30,885.0,CE,HDFCBANK26MAR885CE,0.0,0.0,0.0,61.15,0.0,61.15,924.7,49.0,0,0,0,0.0,0,F1,550,,,,,
2026-02-18,2026-02-18,FO,NSE,STO,104854,,HDFCBANK,,2026-03-30,2026-03-30,1000.0,CE,HDFCBANK26MAR1000CE,4.9,5.0,3.75,4.1,4.0,4.8,924.7,4.1,2110900,220000,1256,693679030.0,815,F1,550,,,,,
2026-02-18,2026-02-18,FO,NSE,STO,104845,,HDFCBANK,,2026-03-30,2026-03-30,950.0,PE,HDFCBANK26MAR950PE,33.9,35.0,31.25,31.55,31.8,33.0,924.7,31.55,414700,67100,176,95172522.5,168,F1,550,,,,,
2026-02-18,2026-02-18,FO,NSE,STO,116095,,HDFCBANK,,2026-04-28,2026-04-28,1100.0,PE,HDFCBANK26APR1100PE,0.0,0.0,0.0,159.05,0.0,159.05,924.7,164.1,0,0,0,0.0,0,F1,550,,,,,
2026-02-18,2026-02-18,FO,NSE,STO,116075,,HDFCBANK,,2026-04-28,2026-04-28,1020.0,PE,HDFCBANK26APR1020PE,0.0,0.0,0.0,88.85,0.0,88.85,924.7,87.65,0,0,0,0.0,0,F1,550,,,,,
2026-02-18,2026-02-18,FO,NSE,STO,116055,,HDFCBANK,,2026-04-28,2026-04-28,920.0,PE,HDFCBANK26APR920PE,0.0,0.0,0.0,26.45,0.0,26.45,924.7,18.1,0,0,0,0.0,0,F1,550,,,,,
2026-02-18,2026-02-18,FO,NSE,STO,116039,,HDFCBANK,,2026-04-28,2026-04-28,840.0,PE,HDFCBANK26APR840PE,0.0,0.0,0.0,5.25,0.0,5.25,924.7,1.4,0,0,0,0.0,0,F1,550,,,,,
2026-02-18,2026-02-18,FO,NSE,STO,36236,,HDFCBANK,,2026-03-30,2026-03-30,1115.0,PE,HDFCBANK26MAR1115PE,0.0,0.0,0.0,171.35,0.0,171.35,924.7,183.6,0,0,0,0.0,0,F1,550,,,,,
2026-02-18,2026-02-18,FO,NSE,STO,115789,,HDFCBANK,,2026-03-30,2026-03-30,1105.0,PE,HDFCBANK26MAR1105PE,0.0,0.0,0.0,167.65,0.0,167.65,924.7,173.65,0,0,0,0.0,0,F1,550,,,,,
2026-02-18,2026-02-18,FO,NSE,STO,104898,,HDFCBANK,,2026-03-30,2026-03-30,1050.0,PE,HDFCBANK26MAR1050PE,119.5,119.5,119.5,119.5,119.5,65.0,924.7,119.15,550,550,1,643225.0,1,F1,550,,,,,
2026-02-18,2026-02-18,FO,NSE,STO,104671,,HDFCBANK,,2026-02-24,2026-02-24,1085.0,PE,HDFCBANK26FEB1085PE,0.0,0.0,0.0,90.05,0.0,90.05,924.7,159.3,0,0,0,0.0,0,F1,550,,,,,
2026-02-18,2026-02-18,FO,NSE,STO,97671,,HDFCBANK,,2026-02-24,2026-02-24,1040.0,PE,HDFCBANK26FEB1040PE,0.0,0.0,0.0,116.0,116.0,116.0,924.7,114.35,6050,0,0,0.0,0,F1,550,,,,,
2026-02-18,2026-02-18,FO,NSE,STO,97669,,HDFCBANK,,2026-02-24,2026-02-24,1030.0,PE,HDFCBANK26FEB1030PE,0.0,0.0,0.0,106.85,106.85,106.85,924.7,104.35,550,0,0,0.0,0,F1,550,,,,,
2026-02-18,2026-02-18,FO,NSE,STO,97654,,HDFCBANK,,2026-02-24,2026-02-24,970.0,PE,HDFCBANK26FEB970PE,45.2,49.35,45.2,45.45,45.45,44.45,924.7,44.5,639100,-63800,146,81710860.0,69,F1,550,,,,,
2026-02-18,2026-02-18,FO,NSE,STO,104544,,HDFCBANK,,2026-02-24,2026-02-24,955.0,PE,HDFCBANK26FEB955PE,32.5,34.95,30.1,30.45,30.4,30.95,924.7,30.45,588500,-39050,123,66775637.5,113,F1,550,,,,,
2026-02-18,2026-02-18,FO,NSE,STO,104462,,HDFCBANK,,2026-02-24,2026-02-24,790.0,PE,HDFCBANK26FEB790PE,0.0,0.0,0.0,0.05,0.0,0.05,924.7,0.05,0,0,0,0.0,0,F1,550,,,,,
2026-02-18,2026-02-18,FO,NSE,STO,104905,,HDFCBANK,,2026-03-30,2026-03-30,1090.0,CE,HDFCBANK26MAR1090CE,0.0,0.0,0.0,11.65,0.0,11.65,924.7,0.05,0,0,0,0.0,0,F1,550,,,,,
2026-02-18,2026-02-18,FO,NSE,STO,115774,,HDFCBANK,,2026-03-30,2026-03-30,1045.0,CE,HDFCBANK26MAR1045CE,0.0,0.0,0.0,3.2,0.0,3.2,924.7,0.2,0,0,0,0.0,0,F1,550,,,,,
2026-02-18,2026-02-18,FO,NSE,STO,104860,,HDFCBANK,,2026-03-30,2026-03-30,1020.0,CE,HDFCBANK26MAR1020CE,3.2,3.2,2.5,2.7,2.7,3.25,924.7,2.7,548900,26400,144,81005347.5,132,F1,550,,,,,
2026-02-18,2026-02-18,FO,NSE,STO,104856,,HDFCBANK,,2026-03-30,2026-03-30,1010.0,CE,HDFCBANK26MAR1010CE,3.95,3.95,3.05,3.2,3.2,3.9,924.7,3.2,337700,1100,61,33997150.0,48,F1,550,,,,,
2026-02-18,2026-02-18,FO,NSE,STO,97592,,HDFCBANK,,2026-02-24,2026-02-24,880.0,CE,HDFCBANK26FEB880CE,45.0,47.0,45.0,46.8,46.55,47.15,924.7,46.8,75900,-1100,6,3056405.0,5,F1,550,,,,,
2026-02-18,2026-02-18,FO,NSE,STO,104561,,HDFCBANK,,2026-02-24,2026-02-24,1005.0,CE,HDFCBANK26FEB1005CE,0.6,0.6,0.35,0.4,0.45,0.6,924.7,0.4,420750,-98450,532,294190407.5,252,F1,550,,,,,
2026-02-18,2026-02-18,FO,NSE,STO,104675,,HDFCBANK,,2026-02-24,2026-02-24,1105.0,CE,HDFCBANK26FEB1105CE,0.0,0.0,0.0,3.75,0.0,3.75,924.7,0.05,0,0,0,0.0,0,F1,550,,,,,
2026-02-18,2026-02-18,FO,NSE,STO,97700,,HDFCBANK,,2026-02-24,2026-02-24,1110.0,CE,HDFCBANK26FEB1110CE,0.05,0.05,0.05,0.05,0.05,0.3,924.7,0.05,12100,-3850,7,4273692.5,5,F1,550,,,,,
2026-02-18,2026-02-18,FO,NSE,STO,104677,,HDFCBANK,,2026-02-24,2026-02-24,1115.0,CE,HDFCBANK26FEB1115CE,0.0,0.0,0.0,2.9,0.0,2.9,924.7,0.05,0,0,0,0.0,0,F1,550,,,,,
2026-02-18,2026-02-18,FO,NSE,STO,104729,,HDFCBANK,,2026-03-30,2026-03-30,780.0,CE,HDFCBANK26MAR780CE,0.0,0.0,0.0,222.6,0.0,222.6,924.7,149.4,0,0,0,0.0,0,F1,550,,,,,
2026-02-18,2026-02-18,FO,NSE,STO,104733,,HDFCBANK,,2026-03-30,2026-03-30,810.0,CE,HDFCBANK26MAR810CE,0.0,0.0,0.0,193.3,0.0,193.3,924.7,119.6,0,0,0,0.0,0,F1,550,,,,,
2026-02-18,2026-02-18,FO,NSE,STO,97650,,HDFCBANK,,2026-02-24,2026-02-24,960.0,PE,HDFCBANK26FEB960PE,36.8,39.7,34.45,35.1,35.15,34.95,924.7,35.1,712250,-2200,279,153108642.5,217,F1,550,,,,,
2026-02-18,2026-02-18,FO,NSE,STO,97658,,HDFCBANK,,2026-02-24,2026-02-24,990.0,PE,HDFCBANK26FEB990PE,66.5,69.0,64.4,64.4,64.4,63.0,924.7,64.4,172150,-5500,14,8140220.0,14,F1,550,,,,,
2026-02-18,2026-02-18,FO,NSE,STO,116097,,HDFCBANK,,2026-04-28,2026-04-28,1110.0,PE,HDFCBANK26APR1110PE,0.0,0.0,0.0,168.45,0.0,168.45,924.7,173.95,0,0,0,0.0,0,F1,550,,,,,
2026-02-18,2026-02-18,FO,NSE,STO,116059,,HDFCBANK,,2026-04-28,2026-04-28,940.0,PE,HDFCBANK26APR940PE,0.0,0.0,0.0,35.75,0.0,35.75,924.7,27.7,0,0,0,0.0,0,F1,550,,,,,
2026-02-18,2026-02-18,FO,NSE,STO,116043,,HDFCBANK,,2026-04-28,2026-04-28,860.0,PE,HDFCBANK26APR860PE,0.0,0.0,0.0,8.45,0.0,8.45,924.7,3.1,0,0,0,0.0,0,F1,550,,,,,
2026-02-18,2026-02-18,FO,NSE,STO,104908,,HDFCBANK,,2026-03-30,2026-03-30,1100.0,PE,HDFCBANK26MAR1100PE,169.0,170.0,165.1,165.95,166.0,165.0,924.7,165.95,61050,25300,46,32090602.5,25,F1,550,,,,,
2026-02-18,2026-02-18,FO,NSE,STO,104906,,HDFCBANK,,2026-03-30,2026-03-30,1090.0,PE,HDFCBANK26MAR1090PE,0.0,0.0,0.0,94.65,0.0,94.65,924.7,158.75,0,0,0,0.0,0,F1,550,,,,,
2026-02-18,2026-02-18,FO,NSE,STO,115744,,HDFCBANK,,2026-03-30,2026-03-30,945.0,PE,HDFCBANK26MAR945PE,29.75,31.0,28.1,28.4,28.55,29.2,924.7,28.4,51150,7150,20,10715100.0,20,F1,550,,,,,
2026-02-18,2026-02-18,FO,NSE,STO,104837,,HDFCBANK,,2026-03-30,2026-03-30,910.0,PE,HDFCBANK26MAR910PE,14.25,15.0,13.0,13.15,13.15,13.65,924.7,13.15,193050,17050,64,32521060.0,57,F1,550,,,,,
2026-02-18,2026-02-18,FO,NSE,STO,104642,,HDFCBANK,,2026-02-24,2026-02-24,1045.0,PE,HDFCBANK26FEB1045PE,0.0,0.0,0.0,58.3,0.0,58.3,924.7,119.35,0,0,0,0.0,0,F1,550,,,,,
2026-02-18,2026-02-18,FO,NSE,STO,104492,,HDFCBANK,,2026-02-24,2026-02-24,875.0,PE,HDFCBANK26FEB875PE,1.0,1.05,0.8,0.85,0.85,1.15,924.7,0.85,435050,156200,623,300127327.5,261,F1,550,,,,,
2026-02-18,2026-02-18,FO,NSE,STO,97573,,HDFCBANK,,2026-02-24,2026-02-24,780.0,CE,HDFCBANK26FEB780CE,0.0,0.0,0.0,221.75,0.0,221.75,924.7,145.4,0,0,0,0.0,0,F1,550,,,,,
2026-02-18,2026-02-18,FO,NSE,STO,97655,,HDFCBANK,,2026-02-24,2026-02-24,980.0,CE,HDFCBANK26FEB980CE,0.95,1.15,0.5,0.6,0.6,1.05,924.7,0.6,2141700,-407550,4371,2357526847.5,1094,F1,550,,,,,
2026-02-18,2026-02-18,FO,NSE,STO,97657,,HDFCBANK,,2026-02-24,2026-02-24,990.0,CE,HDFCBANK26FEB990CE,0.75,0.85,0.45,0.5,0.55,0.8,924.7,0.5,2061950,-303600,1689,920177335.0,495,F1,550,,,,,
2026-02-18,2026-02-18,FO,NSE,STO,104633,,HDFCBANK,,2026-02-24,2026-02-24,1025.0,CE,HDFCBANK26FEB1025CE,0.35,0.35,0.2,0.25,0.25,0.4,924.7,0.25,183150,-3850,10,5639095.0,5,F1,550,,,,,
2026-02-18,2026-02-18,FO,NSE,STO,104461,,HDFCBANK,,2026-02-24,2026-02-24,790.0,CE,HDFCBANK26FEB790CE,0.0,0.0,0.0,208.25,0.0,208.25,924.7,135.4,0,0,0,0.0,0,F1,550,,,,,
2026-02-18,2026-02-18,FO,NSE,STO,97687,,HDFCBANK,,2026-02-24,2026-02-24,1080.0,CE,HDFCBANK26FEB1080CE,0.2,0.2,0.2,0.2,0.2,0.2,924.7,0.05,104500,550,2,1188220.0,2,F1,550,,,,,
2026-02-18,2026-02-18,FO,NSE,STO,104731,,HDFCBANK,,2026-03-30,2026-03-30,800.0,CE,HDFCBANK26MAR800CE,0.0,0.0,0.0,203.05,0.0,203.05,924.7,129.55,0,0,0,0.0,0,F1,550,,,,,
2026-02-18,2026-02-18,FO,NSE,STO,115753,,HDFCBANK,,2026-03-30,2026-03-30,995.0,CE,HDFCBANK26MAR995CE,5.1,5.1,4.2,4.55,4.55,5.35,924.7,4.55,119900,13200,40,21989632.5,38,F1,550,,,,,
2026-02-18,2026-02-18,FO,NSE,STO,116008,,HDFCBANK,,2026-04-28,2026-04-28,800.0,CE,HDFCBANK26APR800CE,0.0,0.0,0.0,140.35,0.0,140.35,924.7,133.15,0,0,0,0.0,0,F1,550,,,,,
2026-02-18,2026-02-18,FO,NSE,STO,97603,,HDFCBANK,,2026-02-24,2026-02-24,920.0,PE,HDFCBANK26FEB920PE,7.05,7.1,4.55,4.85,4.8,6.15,924.7,4.85,2531650,-76450,12193,6209082357.5,8976,F1,550,,,,,
2026-02-18,2026-02-18,FO,NSE,STF,51893,,HDFCBANK,,2026-03-30,2026-03-30,,,HDFCBANK26MARFUT,932.55,933.05,927.0,931.8,931.6,932.2,924.7,931.8,73464600,24400750,49513,25315476945.0,19168,F1,550,,,,,
2026-02-18,2026-02-18,FO,NSE,STO,115751,,HDFCBANK,,2026-03-30,2026-03-30,985.0,CE,HDFCBANK26MAR985CE,6.4,6.4,5.45,5.65,5.65,6.6,924.7,5.65,88000,0,16,8718352.5,14,F1,550,,,,,
2026-02-18,2026-02-18,FO,NSE,STO,116073,,HDFCBANK,,2026-04-28,2026-04-28,1010.0,PE,HDFCBANK26APR1010PE,0.0,0.0,0.0,81.0,0.0,81.0,924.7,78.75,0,0,0,0.0,0,F1,550,,,,,
2026-02-18,2026-02-18,FO,NSE,STO,116003,,HDFCBANK,,2026-04-28,2026-04-28,780.0,PE,HDFCBANK26APR780PE,0.0,0.0,0.0,0.9,0.0,0.9,924.7,0.05,0,0,0,0.0,0,F1,550,,,,,
2026-02-18,2026-02-18,FO,NSE,STO,115740,,HDFCBANK,,2026-03-30,2026-03-30,925.0,PE,HDFCBANK26MAR925PE,20.45,21.05,18.4,18.5,18.5,19.3,924.7,18.5,193600,67650,322,167365797.5,300,F1,550,,,,,
2026-02-18,2026-02-18,FO,NSE,STO,104638,,HDFCBANK,,2026-02-24,2026-02-24,1035.0,PE,HDFCBANK26FEB1035PE,0.0,0.0,0.0,51.3,0.0,51.3,924.7,109.35,0,0,0,0.0,0,F1,550,,,,,
2026-02-18,2026-02-18,FO,NSE,STO,104620,,HDFCBANK,,2026-02-24,2026-02-24,1005.0,PE,HDFCBANK26FEB1005PE,0.0,0.0,0.0,88.0,88.0,88.0,924.7,79.4,1650,0,0,0.0,0,F1,550,,,,,
2026-02-18,2026-02-18,FO,NSE,STO,97660,,HDFCBANK,,2026-02-24,2026-02-24,1000.0,PE,HDFCBANK26FEB1000PE,75.0,78.5,74.0,74.25,74.4,74.15,924.7,74.25,2096050,-162800,442,261899577.5,82,F1,550,,,,,
2026-02-18,2026-02-18,FO,NSE,STO,97588,,HDFCBANK,,2026-02-24,2026-02-24,860.0,PE,HDFCBANK26FEB860PE,0.8,0.85,0.65,0.7,0.65,0.9,924.7,0.7,1312300,-39050,755,357413677.5,439,F1,550,,,,,
2026-02-18,2026-02-18,FO,NSE,STO,104470,,HDFCBANK,,2026-02-24,2026-02-24,845.0,PE,HDFCBANK26FEB845PE,0.55,0.55,0.5,0.5,0.55,0.7,924.7,0.5,78650,-8250,41,19066602.5,22,F1,550,,,,,
2026-02-18,2026-02-18,FO,NSE,STO,97576,,HDFCBANK,,2026-02-24,2026-02-24,800.0,PE,HDFCBANK26FEB800PE,0.2,0.2,0.1,0.15,0.15,0.25,924.7,0.15,965800,-12650,115,50609240.0,35,F1,550,,,,,
2026-02-18,2026-02-18,FO,NSE,STO,116096,,HDFCBANK,,2026-04-28,2026-04-28,1110.0,CE,HDFCBANK26APR1110CE,0.0,0.0,0.0,1.85,0.0,1.85,924.7,0.1,0,0,0,0.0,0,F1,550,,,,,
2026-02-18,2026-02-18,FO,NSE,STO,116092,,HDFCBANK,,2026-04-28,2026-04-28,1090.0,CE,HDFCBANK26APR1090CE,0.0,0.0,0.0,2.85,0.0,2.85,924.7,0.25,0,0,0,0.0,0,F1,550,,,,,
2026-02-18,2026-02-18,FO,NSE,STO,116044,,HDFCBANK,,2026-04-28,2026-04-28,870.0,CE,HDFCBANK26APR870CE,0.0,0.0,0.0,80.25,0.0,80.25,924.7,68.1,0,0,0,0.0,0,F1,550,,,,,
2026-02-18,2026-02-18,FO,NSE,STO,115784,,HDFCBANK,,2026-03-30,2026-03-30,1085.0,CE,HDFCBANK26MAR1085CE,0.0,0.0,0.0,2.0,2.0,2.0,924.7,0.05,1100,0,0,0.0,0,F1,550,,,,,
2026-02-18,2026-02-18,FO,NSE,STO,104903,,HDFCBANK,,2026-03-30,2026-03-30,1080.0,CE,HDFCBANK26MAR1080CE,0.0,0.0,0.0,13.7,0.0,13.7,924.7,0.05,0,0,0,0.0,0,F1,550,,,,,
2026-02-18,2026-02-18,FO,NSE,STO,104850,,HDFCBANK,,2026-03-30,2026-03-30,980.0,CE,HDFCBANK26MAR980CE,7.2,7.45,5.95,6.5,6.4,7.45,924.7,6.5,730950,44550,676,366792085.0,516,F1,550,,,,,
2026-02-18,2026-02-18,FO,NSE,STO,115745,,HDFCBANK,,2026-03-30,2026-03-30,955.0,CE,HDFCBANK26MAR955CE,14.1,14.1,11.55,12.35,12.3,13.6,924.7,12.35,59400,12650,64,34055340.0,62,F1,550,,,,,
2026-02-18,2026-02-18,FO,NSE,STO,115743,,HDFCBANK,,2026-03-30,2026-03-30,945.0,CE,HDFCBANK26MAR945CE,18.35,19.25,14.8,16.15,16.2,17.5,924.7,16.15,127600,35750,121,63942560.0,120,F1,550,,,,,
2026-02-18,2026-02-18,FO,NSE,STO,115707,,HDFCBANK,,2026-03-30,2026-03-30,855.0,CE,HDFCBANK26MAR855CE,0.0,0.0,0.0,85.05,0.0,85.05,924.7,75.75,0,0,0,0.0,0,F1,550,,,,,
2026-02-18,2026-02-18,FO,NSE,STO,97691,,HDFCBANK,,2026-02-24,2026-02-24,1100.0,CE,HDFCBANK26FEB1100CE,0.15,0.15,0.05,0.05,0.05,0.15,924.7,0.05,413600,-16500,260,157308690.0,35,F1,550,,,,,
2026-02-18,2026-02-18,FO,NSE,STO,104670,,HDFCBANK,,2026-02-24,2026-02-24,1085.0,CE,HDFCBANK26FEB1085CE,0.0,0.0,0.0,6.0,0.0,6.0,924.7,0.05,0,0,0,0.0,0,F1,550,,,,,
2026-02-18,2026-02-18,FO,NSE,STO,104664,,HDFCBANK,,2026-02-24,2026-02-24,1065.0,CE,HDFCBANK26FEB1065CE,0.0,0.0,0.0,9.25,0.0,9.25,924.7,0.05,0,0,0,0.0,0,F1,550,,,,,
2026-02-18,2026-02-18,FO,NSE,STO,97581,,HDFCBANK,,2026-02-24,2026-02-24,830.0,CE,HDFCBANK26FEB830CE,0.0,0.0,0.0,173.4,0.0,173.4,924.7,95.45,0,0,0,0.0,0,F1,550,,,,,
2026-02-18,2026-02-18,FO,NSE,STO,104844,,HDFCBANK,,2026-03-30,2026-03-30,950.0,CE,HDFCBANK26MAR950CE,15.05,15.85,12.75,14.25,14.25,15.45,924.7,14.25,1486100,140250,1147,608123395.0,890,F1,550,,,,,
2026-02-18,2026-02-18,FO,NSE,STO,97659,,HDFCBANK,,2026-02-24,2026-02-24,1000.0,CE,HDFCBANK26FEB1000CE,0.6,0.7,0.35,0.45,0.45,0.65,924.7,0.45,3961650,-799150,5187,2854174207.5,1052,F1,550,,,,,
2026-02-18,2026-02-18,FO,NSE,STO,104632,,HDFCBANK,,2026-02-24,2026-02-24,1015.0,PE,HDFCBANK26FEB1015PE,0.0,0.0,0.0,82.0,82.0,82.0,924.7,89.4,1100,0,0,0.0,0,F1,550,,,,,
2026-02-18,2026-02-18,FO,NSE,STO,104809,,HDFCBANK,,2026-03-30,2026-03-30,860.0,CE,HDFCBANK26MAR860CE,73.0,73.0,73.0,73.0,73.0,76.1,924.7,71.1,8250,1100,2,1026300.0,2,F1,550,,,,,
2026-02-18,2026-02-18,FO,NSE,STO,115715,,HDFCBANK,,2026-03-30,2026-03-30,895.0,CE,HDFCBANK26MAR895CE,0.0,0.0,0.0,54.0,0.0,54.0,924.7,41.05,0,0,0,0.0,0,F1,550,,,,,
2026-02-18,2026-02-18,FO,NSE,STO,104901,,HDFCBANK,,2026-03-30,2026-03-30,1070.0,CE,HDFCBANK26MAR1070CE,0.0,0.0,0.0,2.6,2.6,2.6,924.7,0.05,1100,0,0,0.0,0,F1,550,,,,,
2026-02-18,2026-02-18,FO,NSE,STO,116084,,HDFCBANK,,2026-04-28,2026-04-28,1070.0,CE,HDFCBANK26APR1070CE,0.0,0.0,0.0,4.3,0.0,4.3,924.7,0.55,0,0,0,0.0,0,F1,550,,,,,
2026-02-18,2026-02-18,FO,NSE,STO,104473,,HDFCBANK,,2026-02-24,2026-02-24,855.0,PE,HDFCBANK26FEB855PE,0.75,0.75,0.6,0.65,0.65,0.85,924.7,0.65,145200,-5500,41,19295567.5,29,F1,550,,,,,
2026-02-18,2026-02-18,FO,NSE,STO,104507,,HDFCBANK,,2026-02-24,2026-02-24,925.0,PE,HDFCBANK26FEB925PE,8.5,9.85,6.6,6.9,6.85,8.25,924.7,6.9,1749550,-151250,5453,2798819100.0,4612,F1,550,,,,,
2026-02-18,2026-02-18,FO,NSE,STO,97607,,HDFCBANK,,2026-02-24,2026-02-24,940.0,PE,HDFCBANK26FEB940PE,18.65,21.0,16.4,16.9,16.75,17.8,924.7,16.9,1574650,-86350,1021,538361120.0,897,F1,550,,,,,
2026-02-18,2026-02-18,FO,NSE,STO,104546,,HDFCBANK,,2026-02-24,2026-02-24,965.0,PE,HDFCBANK26FEB965PE,41.75,44.45,39.65,39.9,39.9,40.7,924.7,39.9,218900,-20350,89,49286545.0,73,F1,550,,,,,
2026-02-18,2026-02-18,FO,NSE,STO,104501,,HDFCBANK,,2026-02-24,2026-02-24,915.0,CE,HDFCBANK26FEB915CE,15.3,16.3,11.0,14.25,14.2,15.9,924.7,14.25,529650,20350,3043,1553341487.5,2738,F1,550,,,,,
2026-02-18,2026-02-18,FO,NSE,STO,97606,,HDFCBANK,,2026-02-24,2026-02-24,940.0,CE,HDFCBANK26FEB940CE,4.15,4.95,2.1,2.85,2.85,4.15,924.7,2.85,5111150,-270050,11602,6015822835.0,4857,F1,550,,,,,
2026-02-18,2026-02-18,FO,NSE,STO,116067,,HDFCBANK,,2026-04-28,2026-04-28,980.0,PE,HDFCBANK26APR980PE,0.0,0.0,0.0,59.35,0.0,59.35,924.7,54.05,0,0,0,0.0,0,F1,550,,,,,
2026-02-18,2026-02-18,FO,NSE,STO,116081,,HDFCBANK,,2026-04-28,2026-04-28,1050.0,PE,HDFCBANK26APR1050PE,0.0,0.0,0.0,113.85,0.0,113.85,924.7,115.55,0,0,0,0.0,0,F1,550,,,,,
2026-02-18,2026-02-18,FO,NSE,STO,116079,,HDFCBANK,,2026-04-28,2026-04-28,1040.0,PE,HDFCBANK26APR1040PE,0.0,0.0,0.0,105.3,0.0,105.3,924.7,106.05,0,0,0,0.0,0,F1,550,,,,,
2026-02-18,2026-02-18,FO,NSE,STO,116049,,HDFCBANK,,2026-04-28,2026-04-28,890.0,PE,HDFCBANK26APR890PE,0.0,0.0,0.0,15.7,0.0,15.7,924.7,8.25,0,0,0,0.0,0,F1,550,,,,,
2026-02-18,2026-02-18,FO,NSE,STO,116045,,HDFCBANK,,2026-04-28,2026-04-28,870.0,PE,HDFCBANK26APR870PE,0.0,0.0,0.0,10.5,0.0,10.5,924.7,4.4,0,0,0,0.0,0,F1,550,,,,,
2026-02-18,2026-02-18,FO,NSE,STO,104900,,HDFCBANK,,2026-03-30,2026-03-30,1060.0,PE,HDFCBANK26MAR1060PE,0.0,0.0,0.0,123.0,123.0,123.0,924.7,129.0,9900,0,0,0.0,0,F1,550,,,,,
2026-02-18,2026-02-18,FO,NSE,STO,115754,,HDFCBANK,,2026-03-30,2026-03-30,995.0,PE,HDFCBANK26MAR995PE,0.0,0.0,0.0,68.25,0.0,68.25,924.7,66.45,0,0,0,0.0,0,F1,550,,,,,
2026-02-18,2026-02-18,FO,NSE,STO,104851,,HDFCBANK,,2026-03-30,2026-03-30,980.0,PE,HDFCBANK26MAR980PE,55.3,57.5,53.2,53.45,53.3,54.6,924.7,53.45,130350,7700,24,13666730.0,20,F1,550,,,,,
2026-02-18,2026-02-18,FO,NSE,STO,115750,,HDFCBANK,,2026-03-30,2026-03-30,975.0,PE,HDFCBANK26MAR975PE,0.0,0.0,0.0,53.45,0.0,53.45,924.7,49.1,0,0,0,0.0,0,F1,550,,,,,
2026-02-18,2026-02-18,FO,NSE,STO,104849,,HDFCBANK,,2026-03-30,2026-03-30,970.0,PE,HDFCBANK26MAR970PE,47.25,48.75,46.7,48.75,48.75,46.1,924.7,45.05,119900,70400,130,72771875.0,43,F1,550,,,,,
2026-02-18,2026-02-18,FO,NSE,STO,104736,,HDFCBANK,,2026-03-30,2026-03-30,820.0,PE,HDFCBANK26MAR820PE,1.85,2.05,1.75,1.75,1.75,2.1,924.7,0.1,50050,0,30,13560800.0,26,F1,550,,,,,
2026-02-18,2026-02-18,FO,NSE,STO,104667,,HDFCBANK,,2026-02-24,2026-02-24,1075.0,PE,HDFCBANK26FEB1075PE,0.0,0.0,0.0,81.65,0.0,81.65,924.7,149.35,0,0,0,0.0,0,F1,550,,,,,
2026-02-18,2026-02-18,FO,NSE,STO,104665,,HDFCBANK,,2026-02-24,2026-02-24,1065.0,PE,HDFCBANK26FEB1065PE,0.0,0.0,0.0,73.5,0.0,73.5,924.7,139.35,0,0,0,0.0,0,F1,550,,,,,
2026-02-18,2026-02-18,FO,NSE,STO,97675,,HDFCBANK,,2026-02-24,2026-02-24,1060.0,PE,HDFCBANK26FEB1060PE,0.0,0.0,0.0,73.95,0.0,73.95,924.7,134.35,0,0,0,0.0,0,F1,550,,,,,
2026-02-18,2026-02-18,FO,NSE,STO,97575,,HDFCBANK,,2026-02-24,2026-02-24,800.0,CE,HDFCBANK26FEB800CE,0.0,0.0,0.0,120.85,120.85,120.85,924.7,125.4,238700,0,0,0.0,0,F1,550,,,,,
2026-02-18,2026-02-18,FO,NSE,STO,104472,,HDFCBANK,,2026-02-24,2026-02-24,855.0,CE,HDFCBANK26FEB855CE,0.0,0.0,0.0,82.9,82.8,82.9,924.7,70.45,16500,0,0,0.0,0,F1,550,,,,,
2026-02-18,2026-02-18,FO,NSE,STO,104497,,HDFCBANK,,2026-02-24,2026-02-24,895.0,CE,HDFCBANK26FEB895CE,31.0,32.65,28.1,32.2,32.0,33.25,924.7,32.2,90200,3300,38,19340805.0,37,F1,550,,,,,
2026-02-18,2026-02-18,FO,NSE,STO,104511,,HDFCBANK,,2026-02-24,2026-02-24,945.0,CE,HDFCBANK26FEB945CE,3.05,3.55,1.55,2.1,2.05,3.3,924.7,2.1,2003650,-28600,4768,2483726465.0,1652,F1,550,,,,,
2026-02-18,2026-02-18,FO,NSE,STO,97589,,HDFCBANK,,2026-02-24,2026-02-24,870.0,CE,HDFCBANK26FEB870CE,0.0,0.0,0.0,56.65,56.65,56.65,924.7,55.5,45650,0,0,0.0,0,F1,550,,,,,
2026-02-18,2026-02-18,FO,NSE,STO,104491,,HDFCBANK,,2026-02-24,2026-02-24,875.0,CE,HDFCBANK26FEB875CE,0.0,0.0,0.0,52.0,52.0,52.0,924.7,50.5,31350,0,0,0.0,0,F1,550,,,,,
2026-02-18,2026-02-18,FO,NSE,STO,104508,,HDFCBANK,,2026-02-24,2026-02-24,935.0,CE,HDFCBANK26FEB935CE,6.0,7.3,2.9,4.0,4.0,5.5,924.7,4.0,1788600,550,7305,3771780925.0,3554,F1,550,,,,,
2026-02-18,2026-02-18,FO,NSE,STO,104514,,HDFCBANK,,2026-02-24,2026-02-24,955.0,CE,HDFCBANK26FEB955CE,2.15,2.35,0.95,1.25,1.3,2.15,924.7,1.25,1530100,-134200,3232,1700074117.5,1369,F1,550,,,,,
2026-02-18,2026-02-18,FO,NSE,STO,97651,,HDFCBANK,,2026-02-24,2026-02-24,970.0,CE,HDFCBANK26FEB970CE,1.1,1.35,0.55,0.7,0.7,1.25,924.7,0.7,1895850,-303600,2549,1360918790.0,1237,F1,550,,,,,
2026-02-18,2026-02-18,FO,NSE,STO,97661,,HDFCBANK,,2026-02-24,2026-02-24,1010.0,CE,HDFCBANK26FEB1010CE,0.6,0.6,0.3,0.4,0.4,0.55,924.7,0.4,459250,-157300,687,381772737.5,231,F1,550,,,,,
2026-02-18,2026-02-18,FO,NSE,STO,97683,,HDFCBANK,,2026-02-24,2026-02-24,1070.0,CE,HDFCBANK26FEB1070CE,0.15,0.2,0.15,0.2,0.2,0.25,924.7,0.2,166650,-21450,119,70041427.5,19,F1,550,,,,,
2026-02-18,2026-02-18,FO,NSE,STO,104666,,HDFCBANK,,2026-02-24,2026-02-24,1075.0,CE,HDFCBANK26FEB1075CE,0.0,0.0,0.0,7.45,0.0,7.45,924.7,0.05,0,0,0,0.0,0,F1,550,,,,,
2026-02-18,2026-02-18,FO,NSE,STO,104673,,HDFCBANK,,2026-02-24,2026-02-24,1095.0,CE,HDFCBANK26FEB1095CE,0.0,0.0,0.0,4.75,0.0,4.75,924.7,0.05,0,0,0,0.0,0,F1,550,,,,,
2026-02-18,2026-02-18,FO,NSE,STO,115709,,HDFCBANK,,2026-03-30,2026-03-30,865.0,CE,HDFCBANK26MAR865CE,0.0,0.0,0.0,76.7,0.0,76.7,924.7,66.45,0,0,0,0.0,0,F1,550,,,,,
2026-02-18,2026-02-18,FO,NSE,STO,104813,,HDFCBANK,,2026-03-30,2026-03-30,870.0,CE,HDFCBANK26MAR870CE,66.25,66.25,66.25,66.25,66.25,57.5,924.7,61.95,5500,550,1,514937.5,1,F1,550,,,,,
2026-02-18,2026-02-18,FO,NSE,STO,115738,,HDFCBANK,,2026-03-30,2026-03-30,925.0,CE,HDFCBANK26MAR925CE,27.1,27.5,23.85,26.0,25.85,27.1,924.7,26.0,259050,84150,443,231583742.5,379,F1,550,,,,,
2026-02-18,2026-02-18,FO,NSE,STO,115788,,HDFCBANK,,2026-03-30,2026-03-30,1105.0,CE,HDFCBANK26MAR1105CE,0.0,0.0,0.0,0.6,0.0,0.6,924.7,0.05,0,0,0,0.0,0,F1,550,,,,,
2026-02-18,2026-02-18,FO,NSE,STO,116002,,HDFCBANK,,2026-04-28,2026-04-28,780.0,CE,HDFCBANK26APR780CE,0.0,0.0,0.0,159.25,0.0,159.25,924.7,152.85,0,0,0,0.0,0,F1,550,,,,,
2026-02-18,2026-02-18,FO,NSE,STO,116042,,HDFCBANK,,2026-04-28,2026-04-28,860.0,CE,HDFCBANK26APR860CE,0.0,0.0,0.0,88.0,0.0,88.0,924.7,76.7,0,0,0,0.0,0,F1,550,,,,,
2026-02-18,2026-02-18,FO,NSE,STO,116058,,HDFCBANK,,2026-04-28,2026-04-28,940.0,CE,HDFCBANK26APR940CE,0.0,0.0,0.0,36.55,0.0,36.55,924.7,22.1,0,0,0,0.0,0,F1,550,,,,,
2026-02-18,2026-02-18,FO,NSE,STO,116068,,HDFCBANK,,2026-04-28,2026-04-28,990.0,CE,HDFCBANK26APR990CE,0.0,0.0,0.0,17.8,0.0,17.8,924.7,6.85,0,0,0,0.0,0,F1,550,,,,,
2026-02-18,2026-02-18,FO,NSE,STO,41070,,HDFCBANK,,2026-02-24,2026-02-24,810.0,PE,HDFCBANK26FEB810PE,0.15,0.15,0.05,0.1,0.1,0.25,924.7,0.05,903100,4950,333,148369265.0,104,F1,550,,,,,
2026-02-18,2026-02-18,FO,NSE,STO,104496,,HDFCBANK,,2026-02-24,2026-02-24,885.0,PE,HDFCBANK26FEB885PE,1.3,1.4,0.95,1.0,1.0,1.4,924.7,1.0,273900,14300,512,249531232.5,312,F1,550,,,,,
2026-02-18,2026-02-18,FO,NSE,STO,104674,,HDFCBANK,,2026-02-24,2026-02-24,1095.0,PE,HDFCBANK26FEB1095PE,0.0,0.0,0.0,98.75,0.0,98.75,924.7,169.3,0,0,0,0.0,0,F1,550,,,,,
2026-02-18,2026-02-18,FO,NSE,STO,104676,,HDFCBANK,,2026-02-24,2026-02-24,1105.0,PE,HDFCBANK26FEB1105PE,0.0,0.0,0.0,107.65,0.0,107.65,924.7,179.3,0,0,0,0.0,0,F1,550,,,,,
2026-02-18,2026-02-18,FO,NSE,STO,104759,,HDFCBANK,,2026-03-30,2026-03-30,840.0,PE,HDFCBANK26MAR840PE,2.85,3.05,2.45,2.65,2.6,2.85,924.7,2.65,183700,137500,409,189597127.5,305,F1,550,,,,,
2026-02-18,2026-02-18,FO,NSE,STO,115706,,HDFCBANK,,2026-03-30,2026-03-30,845.0,PE,HDFCBANK26MAR845PE,0.0,0.0,0.0,3.5,0.0,3.5,924.7,0.5,0,0,0,0.0,0,F1,550,,,,,
2026-02-18,2026-02-18,FO,NSE,STO,115708,,HDFCBANK,,2026-03-30,2026-03-30,855.0,PE,HDFCBANK26MAR855PE,3.8,4.1,3.35,3.45,3.5,4.0,924.7,3.45,23650,6600,71,33534077.5,68,F1,550,,,,,
2026-02-18,2026-02-18,FO,NSE,STO,104810,,HDFCBANK,,2026-03-30,2026-03-30,860.0,PE,HDFCBANK26MAR860PE,4.5,4.6,4.0,4.0,4.0,4.4,924.7,4.0,133100,4400,57,27095117.5,54,F1,550,,,,,
2026-02-18,2026-02-18,FO,NSE,STO,115710,,HDFCBANK,,2026-03-30,2026-03-30,865.0,PE,HDFCBANK26MAR865PE,5.05,5.05,4.4,4.4,4.4,4.85,924.7,4.4,22550,5500,27,12916612.5,24,F1,550,,,,,
2026-02-18,2026-02-18,FO,NSE,STO,115714,,HDFCBANK,,2026-03-30,2026-03-30,885.0,PE,HDFCBANK26MAR885PE,8.0,8.1,7.95,7.95,7.95,7.6,924.7,4.0,176000,-1100,6,2947010.0,5,F1,550,,,,,
2026-02-18,2026-02-18,FO,NSE,STO,104833,,HDFCBANK,,2026-03-30,2026-03-30,890.0,PE,HDFCBANK26MAR890PE,9.35,9.35,7.9,7.95,7.95,8.55,924.7,7.95,109450,11550,71,35097177.5,58,F1,550,,,,,
2026-02-18,2026-02-18,FO,NSE,STO,115742,,HDFCBANK,,2026-03-30,2026-03-30,935.0,PE,HDFCBANK26MAR935PE,25.1,26.0,22.8,23.1,22.8,23.7,924.7,23.1,300300,203500,467,246432890.0,98,F1,550,,,,,
2026-02-18,2026-02-18,FO,NSE,STO,104902,,HDFCBANK,,2026-03-30,2026-03-30,1070.0,PE,HDFCBANK26MAR1070PE,0.0,0.0,0.0,79.25,0.0,79.25,924.7,138.9,0,0,0,0.0,0,F1,550,,,,,
2026-02-18,2026-02-18,FO,NSE,STO,116053,,HDFCBANK,,2026-04-28,2026-04-28,910.0,PE,HDFCBANK26APR910PE,0.0,0.0,0.0,22.45,0.0,22.45,924.7,14.2,0,0,0,0.0,0,F1,550,,,,,
2026-02-18,2026-02-18,FO,NSE,STO,116093,,HDFCBANK,,2026-04-28,2026-04-28,1090.0,PE,HDFCBANK26APR1090PE,0.0,0.0,0.0,149.75,0.0,149.75,924.7,154.25,0,0,0,0.0,0,F1,550,,,,,
2026-02-18,2026-02-18,FO,NSE,STO,116099,,HDFCBANK,,2026-04-28,2026-04-28,1120.0,PE,HDFCBANK26APR1120PE,0.0,0.0,0.0,177.95,0.0,177.95,924.7,183.8,0,0,0,0.0,0,F1,550,,,,,
2026-02-18,2026-02-18,FO,NSE,STF,66846,,HDFCBANK,,2026-04-28,2026-04-28,,,HDFCBANK26APRFUT,935.0,937.55,932.5,937.3,937.3,937.6,924.7,937.3,1945350,93500,502,258156717.5,428,F1,550,,,,,
2026-02-18,2026-02-18,FO,NSE,STO,97583,,HDFCBANK,,2026-02-24,2026-02-24,840.0,CE,HDFCBANK26FEB840CE,0.0,0.0,0.0,73.05,73.05,73.05,924.7,85.45,50050,0,0,0.0,0,F1,550,,,,,
2026-02-18,2026-02-18,FO,NSE,STO,97585,,HDFCBANK,,2026-02-24,2026-02-24,850.0,CE,HDFCBANK26FEB850CE,74.4,74.4,72.15,72.45,72.45,75.6,924.7,75.45,112200,1100,12,6089710.0,12,F1,550,,,,,
2026-02-18,2026-02-18,FO,NSE,STO,115717,,HDFCBANK,,2026-03-30,2026-03-30,905.0,CE,HDFCBANK26MAR905CE,37.6,38.55,36.85,38.55,38.55,40.0,924.7,38.55,8800,-1650,6,3110195.0,5,F1,550,,,,,
2026-02-18,2026-02-18,FO,NSE,STO,104846,,HDFCBANK,,2026-03-30,2026-03-30,960.0,CE,HDFCBANK26MAR960CE,12.35,12.4,9.75,10.9,10.85,12.05,924.7,10.9,822800,113850,743,396659257.5,495,F1,550,,,,,
2026-02-18,2026-02-18,FO,NSE,STO,115749,,HDFCBANK,,2026-03-30,2026-03-30,975.0,CE,HDFCBANK26MAR975CE,8.2,8.2,6.75,7.25,7.25,8.4,924.7,7.25,97350,15950,63,34030727.5,44,F1,550,,,,,
2026-02-18,2026-02-18,FO,NSE,STO,104852,,HDFCBANK,,2026-03-30,2026-03-30,990.0,CE,HDFCBANK26MAR990CE,5.75,5.8,4.65,5.05,5.0,5.95,924.7,5.05,331100,12650,151,82640690.0,117,F1,550,,,,,
2026-02-18,2026-02-18,FO,NSE,STO,104864,,HDFCBANK,,2026-03-30,2026-03-30,1040.0,CE,HDFCBANK26MAR1040CE,2.55,2.55,1.8,1.85,1.85,2.5,924.7,1.85,82500,8800,42,24071465.0,36,F1,550,,,,,
2026-02-18,2026-02-18,FO,NSE,STO,104907,,HDFCBANK,,2026-03-30,2026-03-30,1100.0,CE,HDFCBANK26MAR1100CE,1.0,1.05,0.85,0.9,0.9,1.0,924.7,0.9,221100,44000,130,78715560.0,78,F1,550,,,,,
2026-02-18,2026-02-18,FO,NSE,STO,104909,,HDFCBANK,,2026-03-30,2026-03-30,1110.0,CE,HDFCBANK26MAR1110CE,0.0,0.0,0.0,8.35,0.0,8.35,924.7,0.05,0,0,0,0.0,0,F1,550,,,,,
2026-02-18,2026-02-18,FO,NSE,STO,36234,,HDFCBANK,,2026-03-30,2026-03-30,1115.0,CE,HDFCBANK26MAR1115CE,0.0,0.0,0.0,0.55,0.0,0.55,924.7,0.05,0,0,0,0.0,0,F1,550,,,,,
2026-02-18,2026-02-18,FO,NSE,STO,116050,,HDFCBANK,,2026-04-28,2026-04-28,900.0,CE,HDFCBANK26APR900CE,0.0,0.0,0.0,59.05,0.0,59.05,924.7,44.95,0,0,0,0.0,0,F1,550,,,,,
2026-02-18,2026-02-18,FO,NSE,STO,116066,,HDFCBANK,,2026-04-28,2026-04-28,980.0,CE,HDFCBANK26APR980CE,0.0,0.0,0.0,20.75,0.0,20.75,924.7,8.9,0,0,0,0.0,0,F1,550,,,,,
2026-02-18,2026-02-18,FO,NSE,STO,116072,,HDFCBANK,,2026-04-28,2026-04-28,1010.0,CE,HDFCBANK26APR1010CE,0.0,0.0,0.0,12.85,0.0,12.85,924.7,3.9,0,0,0,0.0,0,F1,550,,,,,
2026-02-18,2026-02-18,FO,NSE,STO,97582,,HDFCBANK,,2026-02-24,2026-02-24,830.0,PE,HDFCBANK26FEB830PE,0.4,0.4,0.35,0.35,0.35,0.45,924.7,0.05,740850,-1650,154,70331992.5,106,F1,550,,,,,
2026-02-18,2026-02-18,FO,NSE,STO,97595,,HDFCBANK,,2026-02-24,2026-02-24,880.0,PE,HDFCBANK26FEB880PE,1.2,1.25,0.9,0.95,0.9,1.25,924.7,0.95,644600,-36850,1360,658978952.5,729,F1,550,,,,,
2026-02-18,2026-02-18,FO,NSE,STO,97597,,HDFCBANK,,2026-02-24,2026-02-24,890.0,PE,HDFCBANK26FEB890PE,1.5,1.65,1.05,1.1,1.1,1.6,924.7,1.1,696300,-111650,1339,656349292.5,831,F1,550,,,,,
2026-02-18,2026-02-18,FO,NSE,STO,97599,,HDFCBANK,,2026-02-24,2026-02-24,900.0,PE,HDFCBANK26FEB900PE,2.0,2.35,1.3,1.5,1.55,2.25,924.7,1.5,1977800,-261250,6666,3306242362.5,1939,F1,550,,,,,
2026-02-18,2026-02-18,FO,NSE,STO,104509,,HDFCBANK,,2026-02-24,2026-02-24,935.0,PE,HDFCBANK26FEB935PE,14.2,16.75,12.6,13.0,13.05,14.15,924.7,13.0,688600,-92950,1302,680028580.0,1287,F1,550,,,,,
2026-02-18,2026-02-18,FO,NSE,STO,97656,,HDFCBANK,,2026-02-24,2026-02-24,980.0,PE,HDFCBANK26FEB980PE,56.0,58.65,54.0,54.7,54.7,55.45,924.7,54.7,618750,-24750,59,33622545.0,49,F1,550,,,,,
2026-02-18,2026-02-18,FO,NSE,STO,104650,,HDFCBANK,,2026-02-24,2026-02-24,1055.0,PE,HDFCBANK26FEB1055PE,0.0,0.0,0.0,65.75,0.0,65.75,924.7,129.35,0,0,0,0.0,0,F1,550,,,,,
2026-02-18,2026-02-18,FO,NSE,STO,104678,,HDFCBANK,,2026-02-24,2026-02-24,1115.0,PE,HDFCBANK26FEB1115PE,0.0,0.0,0.0,116.7,0.0,116.7,924.7,189.3,0,0,0,0.0,0,F1,550,,,,,
2026-02-18,2026-02-18,FO,NSE,STO,115716,,HDFCBANK,,2026-03-30,2026-03-30,895.0,PE,HDFCBANK26MAR895PE,10.55,10.55,9.0,9.1,9.25,9.9,924.7,9.1,26950,8800,50,24886455.0,46,F1,550,,,,,
2026-02-18,2026-02-18,FO,NSE,STO,104841,,HDFCBANK,,2026-03-30,2026-03-30,930.0,PE,HDFCBANK26MAR930PE,22.5,23.5,20.4,20.65,20.55,21.75,924.7,20.65,776600,270050,991,518897307.5,786,F1,550,,,,,
2026-02-18,2026-02-18,FO,NSE,STO,115775,,HDFCBANK,,2026-03-30,2026-03-30,1045.0,PE,HDFCBANK26MAR1045PE,0.0,0.0,0.0,110.85,0.0,110.85,924.7,114.2,0,0,0,0.0,0,F1,550,,,,,
2026-02-18,2026-02-18,FO,NSE,STO,115783,,HDFCBANK,,2026-03-30,2026-03-30,1075.0,PE,HDFCBANK26MAR1075PE,0.0,0.0,0.0,138.8,0.0,138.8,924.7,143.85,0,0,0,0.0,0,F1,550,,,,,
2026-02-18,2026-02-18,FO,NSE,STO,116031,,HDFCBANK,,2026-04-28,2026-04-28,820.0,PE,HDFCBANK26APR820PE,0.0,0.0,0.0,3.1,0.0,3.1,924.7,0.55,0,0,0,0.0,0,F1,550,,,,,
2026-02-18,2026-02-18,FO,NSE,STO,116051,,HDFCBANK,,2026-04-28,2026-04-28,900.0,PE,HDFCBANK26APR900PE,16.5,16.5,14.9,15.35,15.75,15.1,924.7,15.35,6050,3300,7,3526407.5,7,F1,550,,,,,
2026-02-18,2026-02-18,FO,NSE,STO,116061,,HDFCBANK,,2026-04-28,2026-04-28,950.0,PE,HDFCBANK26APR950PE,0.0,0.0,0.0,32.0,32.0,32.0,924.7,33.4,550,0,0,0.0,0,F1,550,,,,,
2026-02-18,2026-02-18,FO,NSE,STO,104834,,HDFCBANK,,2026-03-30,2026-03-30,900.0,CE,HDFCBANK26MAR900CE,41.55,44.0,39.6,42.8,42.65,43.7,924.7,42.8,2212100,349250,1268,656658530.0,688,F1,550,,,,,
2026-02-18,2026-02-18,FO,NSE,STO,104832,,HDFCBANK,,2026-03-30,2026-03-30,890.0,CE,HDFCBANK26MAR890CE,48.0,49.45,47.0,49.05,49.05,118.7,924.7,44.95,11000,11000,23,11875270.0,20,F1,550,,,,,
2026-02-18,2026-02-18,FO,NSE,STO,115705,,HDFCBANK,,2026-03-30,2026-03-30,845.0,CE,HDFCBANK26MAR845CE,0.0,0.0,0.0,93.7,0.0,93.7,924.7,85.3,0,0,0,0.0,0,F1,550,,,,,
2026-02-18,2026-02-18,FO,NSE,STO,97674,,HDFCBANK,,2026-02-24,2026-02-24,1060.0,CE,HDFCBANK26FEB1060CE,0.15,0.2,0.1,0.2,0.2,0.2,924.7,0.2,234300,-15400,65,37900802.5,32,F1,550,,,,,
2026-02-18,2026-02-18,FO,NSE,STO,104649,,HDFCBANK,,2026-02-24,2026-02-24,1055.0,CE,HDFCBANK26FEB1055CE,0.0,0.0,0.0,11.4,0.0,11.4,924.7,0.05,0,0,0,0.0,0,F1,550,,,,,
2026-02-18,2026-02-18,FO,NSE,STO,104621,,HDFCBANK,,2026-02-24,2026-02-24,1015.0,CE,HDFCBANK26FEB1015CE,0.45,0.45,0.3,0.35,0.35,0.5,924.7,0.35,228800,-15400,131,73156050.0,65,F1,550,,,,,
2026-02-18,2026-02-18,FO,NSE,STO,97610,,HDFCBANK,,2026-02-24,2026-02-24,960.0,CE,HDFCBANK26FEB960CE,1.75,1.9,0.75,1.0,1.0,1.75,924.7,1.0,2754400,-584100,5525,2920560335.0,2417,F1,550,,,,,
2026-02-18,2026-02-18,FO,NSE,STO,97604,,HDFCBANK,,2026-02-24,2026-02-24,930.0,CE,HDFCBANK26FEB930CE,7.4,9.0,4.1,5.65,5.6,7.3,924.7,5.65,5219500,-95700,18883,9713704440.0,10322,F1,550,,,,,
2026-02-18,2026-02-18,FO,NSE,STO,104495,,HDFCBANK,,2026-02-24,2026-02-24,885.0,CE,HDFCBANK26FEB885CE,40.2,40.7,37.45,40.55,40.55,43.4,924.7,40.55,52250,17600,37,18803207.5,36,F1,550,,,,,
2026-02-18,2026-02-18,FO,NSE,STO,116070,,HDFCBANK,,2026-04-28,2026-04-28,1000.0,CE,HDFCBANK26APR1000CE,11.6,11.6,10.0,10.6,10.5,11.6,924.7,10.6,80850,21450,87,48355092.5,76,F1,550,,,,,
2026-02-18,2026-02-18,FO,NSE,STF,59345,,HDFCBANK,,2026-02-24,2026-02-24,,,HDFCBANK26FEBFUT,925.1,927.25,920.0,925.9,926.0,926.3,924.7,925.9,201895650,-22168300,52896,26874417900.0,22626,F1,550,,,,,
2026-02-18,2026-02-18,FO,NSE,STO,116040,,HDFCBANK,,2026-04-28,2026-04-28,850.0,CE,HDFCBANK26APR850CE,0.0,0.0,0.0,96.15,0.0,96.15,924.7,85.6,0,0,0,0.0,0,F1,550,,,,,
2026-02-18,2026-02-18,FO,NSE,STO,116030,,HDFCBANK,,2026-04-28,2026-04-28,820.0,CE,HDFCBANK26APR820CE,0.0,0.0,0.0,122.05,0.0,122.05,924.7,113.75,0,0,0,0.0,0,F1,550,,,,,
2026-02-18,2026-02-18,FO,NSE,STO,115772,,HDFCBANK,,2026-03-30,2026-03-30,1035.0,CE,HDFCBANK26MAR1035CE,0.0,0.0,0.0,2.7,2.7,2.7,924.7,0.35,1650,0,0,0.0,0,F1,550,,,,,
2026-02-18,2026-02-18,FO,NSE,STO,115746,,HDFCBANK,,2026-03-30,2026-03-30,955.0,PE,HDFCBANK26MAR955PE,0.0,0.0,0.0,40.35,0.0,40.35,924.7,33.8,0,0,0,0.0,0,F1,550,,,,,
2026-02-18,2026-02-18,FO,NSE,STO,104855,,HDFCBANK,,2026-03-30,2026-03-30,1000.0,PE,HDFCBANK26MAR1000PE,72.0,74.5,70.35,70.8,70.5,70.4,924.7,70.8,435050,97900,185,109235472.5,56,F1,550,,,,,
2026-02-18,2026-02-18,FO,NSE,STO,115758,,HDFCBANK,,2026-03-30,2026-03-30,1015.0,PE,HDFCBANK26MAR1015PE,0.0,0.0,0.0,89.0,89.0,89.0,924.7,85.1,1100,0,0,0.0,0,F1,550,,,,,
2026-02-18,2026-02-18,FO,NSE,STO,115773,,HDFCBANK,,2026-03-30,2026-03-30,1035.0,PE,HDFCBANK26MAR1035PE,0.0,0.0,0.0,101.85,0.0,101.85,924.7,104.4,0,0,0,0.0,0,F1,550,,,,,
2026-02-18,2026-02-18,FO,NSE,STO,115779,,HDFCBANK,,2026-03-30,2026-03-30,1055.0,PE,HDFCBANK26MAR1055PE,0.0,0.0,0.0,120.05,0.0,120.05,924.7,124.05,0,0,0,0.0,0,F1,550,,,,,
2026-02-18,2026-02-18,FO,NSE,STO,115781,,HDFCBANK,,2026-03-30,2026-03-30,1065.0,PE,HDFCBANK26MAR1065PE,0.0,0.0,0.0,129.35,0.0,129.35,924.7,133.95,0,0,0,0.0,0,F1,550,,,,,
2026-02-18,2026-02-18,FO,NSE,STO,116077,,HDFCBANK,,2026-04-28,2026-04-28,1030.0,PE,HDFCBANK26APR1030PE,0.0,0.0,0.0,96.95,0.0,96.95,924.7,96.75,0,0,0,0.0,0,F1,550,,,,,
2026-02-18,2026-02-18,FO,NSE,STO,104848,,HDFCBANK,,2026-03-30,2026-03-30,970.0,CE,HDFCBANK26MAR970CE,9.5,9.6,7.55,8.3,8.25,9.5,924.7,8.3,458700,41800,311,167355787.5,255,F1,550,,,,,
2026-02-18,2026-02-18,FO,NSE,STO,115729,,HDFCBANK,,2026-03-30,2026-03-30,915.0,CE,HDFCBANK26MAR915CE,32.6,32.6,30.15,32.1,32.0,33.45,924.7,32.1,90200,-4950,60,31237635.0,45,F1,550,,,,,
2026-02-18,2026-02-18,FO,NSE,STO,104821,,HDFCBANK,,2026-03-30,2026-03-30,880.0,CE,HDFCBANK26MAR880CE,0.0,0.0,0.0,127.55,0.0,127.55,924.7,53.2,0,0,0,0.0,0,F1,550,,,,,
2026-02-18,2026-02-18,FO,NSE,STO,97663,,HDFCBANK,,2026-02-24,2026-02-24,1020.0,CE,HDFCBANK26FEB1020CE,0.5,0.5,0.25,0.35,0.35,0.5,924.7,0.35,999350,-185350,959,538167822.5,240,F1,550,,,,,
2026-02-18,2026-02-18,FO,NSE,STO,104547,,HDFCBANK,,2026-02-24,2026-02-24,975.0,CE,HDFCBANK26FEB975CE,1.1,1.3,0.5,0.6,0.65,1.15,924.7,0.6,622050,-103950,1583,849477722.5,773,F1,550,,,,,
2026-02-18,2026-02-18,FO,NSE,STO,116082,,HDFCBANK,,2026-04-28,2026-04-28,1060.0,CE,HDFCBANK26APR1060CE,0.0,0.0,0.0,6.0,6.0,6.0,924.7,0.75,1100,0,0,0.0,0,F1,550,,,,,
2026-02-18,2026-02-18,FO,NSE,STO,115730,,HDFCBANK,,2026-03-30,2026-03-30,915.0,PE,HDFCBANK26MAR915PE,16.2,16.9,14.5,14.5,14.5,15.4,924.7,14.5,97900,17600,45,23045165.0,41,F1,550,,,,,
2026-02-18,2026-02-18,FO,NSE,STO,97600,,HDFCBANK,,2026-02-24,2026-02-24,910.0,CE,HDFCBANK26FEB910CE,19.95,20.4,14.55,18.35,18.15,19.85,924.7,18.35,626450,-68200,1501,765439070.0,1330,F1,550,,,,,
2026-02-18,2026-02-18,FO,NSE,STO,104476,,HDFCBANK,,2026-02-24,2026-02-24,865.0,CE,HDFCBANK26FEB865CE,0.0,0.0,0.0,62.85,62.75,62.85,924.7,60.5,16500,0,0,0.0,0,F1,550,,,,,
2026-02-18,2026-02-18,FO,NSE,STO,97587,,HDFCBANK,,2026-02-24,2026-02-24,860.0,CE,HDFCBANK26FEB860CE,67.55,67.55,62.95,63.1,63.1,66.45,924.7,65.5,69300,-1100,8,4066012.5,8,F1,550,,,,,
2026-02-18,2026-02-18,FO,NSE,STO,104552,,HDFCBANK,,2026-02-24,2026-02-24,985.0,PE,HDFCBANK26FEB985PE,0.0,0.0,0.0,79.4,79.4,79.4,924.7,59.4,89100,0,0,0.0,0,F1,550,,,,,
2026-02-18,2026-02-18,FO,NSE,STO,116080,,HDFCBANK,,2026-04-28,2026-04-28,1050.0,CE,HDFCBANK26APR1050CE,0.0,0.0,0.0,6.3,0.0,6.3,924.7,1.1,0,0,0,0.0,0,F1,550,,,,,
2026-02-18,2026-02-18,FO,NSE,STO,115778,,HDFCBANK,,2026-03-30,2026-03-30,1055.0,CE,HDFCBANK26MAR1055CE,0.0,0.0,0.0,2.45,0.0,2.45,924.7,0.1,0,0,0,0.0,0,F1,550,,,,,
2026-02-18,2026-02-18,FO,NSE,STO,104863,,HDFCBANK,,2026-03-30,2026-03-30,1030.0,PE,HDFCBANK26MAR1030PE,0.0,0.0,0.0,99.0,99.0,99.0,924.7,99.55,2750,0,0,0.0,0,F1,550,,,,,
2026-02-18,2026-02-18,FO,NSE,STO,115747,,HDFCBANK,,2026-03-30,2026-03-30,965.0,CE,HDFCBANK26MAR965CE,10.6,10.6,8.75,9.5,9.5,10.6,924.7,9.5,81950,-550,25,13398412.5,24,F1,550,,,,,
2026-02-18,2026-02-18,FO,NSE,STO,104838,,HDFCBANK,,2026-03-30,2026-03-30,920.0,CE,HDFCBANK26MAR920CE,29.2,31.0,26.6,29.05,28.95,30.05,924.7,29.05,847000,432300,1820,949224567.5,1264,F1,550,,,,,
2026-02-18,2026-02-18,FO,NSE,STO,104836,,HDFCBANK,,2026-03-30,2026-03-30,910.0,CE,HDFCBANK26MAR910CE,36.45,36.45,32.8,35.35,35.25,36.0,924.7,35.35,33000,3300,40,20776635.0,39,F1,550,,,,,
2026-02-18,2026-02-18,FO,NSE,STO,104743,,HDFCBANK,,2026-03-30,2026-03-30,840.0,CE,HDFCBANK26MAR840CE,0.0,0.0,0.0,164.5,0.0,164.5,924.7,90.15,0,0,0,0.0,0,F1,550,,,,,
2026-02-18,2026-02-18,FO,NSE,STO,43132,,HDFCBANK,,2026-03-30,2026-03-30,790.0,CE,HDFCBANK26MAR790CE,0.0,0.0,0.0,183.3,0.0,183.3,924.7,139.45,0,0,0,0.0,0,F1,550,,,,,
2026-02-18,2026-02-18,FO,NSE,STO,97702,,HDFCBANK,,2026-02-24,2026-02-24,1120.0,CE,HDFCBANK26FEB1120CE,0.15,0.15,0.15,0.15,0.15,0.2,924.7,0.05,86350,-1650,5,3080412.5,4,F1,550,,,,,
2026-02-18,2026-02-18,FO,NSE,STO,97598,,HDFCBANK,,2026-02-24,2026-02-24,900.0,CE,HDFCBANK26FEB900CE,28.75,28.75,23.05,27.35,27.55,28.6,924.7,27.35,995500,-52250,798,406392690.0,547,F1,550,,,,,
2026-02-18,2026-02-18,FO,NSE,STO,104469,,HDFCBANK,,2026-02-24,2026-02-24,845.0,CE,HDFCBANK26FEB845CE,0.0,0.0,0.0,154.1,0.0,154.1,924.7,80.45,0,0,0,0.0,0,F1,550,,,,,
2026-02-18,2026-02-18,FO,NSE,STO,97579,,HDFCBANK,,2026-02-24,2026-02-24,820.0,CE,HDFCBANK26FEB820CE,0.0,0.0,0.0,105.0,105.0,105.0,924.7,105.45,1100,0,0,0.0,0,F1,550,,,,,
2026-02-18,2026-02-18,FO,NSE,STO,41069,,HDFCBANK,,2026-02-24,2026-02-24,810.0,CE,HDFCBANK26FEB810CE,0.0,0.0,0.0,191.5,0.0,191.5,924.7,115.45,0,0,0,0.0,0,F1,550,,,,,
2026-02-18,2026-02-18,FO,NSE,STO,116083,,HDFCBANK,,2026-04-28,2026-04-28,1060.0,PE,HDFCBANK26APR1060PE,0.0,0.0,0.0,122.6,0.0,122.6,924.7,125.1,0,0,0,0.0,0,F1,550,,,,,
2026-02-18,2026-02-18,FO,NSE,STO,97703,,HDFCBANK,,2026-02-24,2026-02-24,1120.0,PE,HDFCBANK26FEB1120PE,0.0,0.0,0.0,171.6,171.6,171.6,924.7,194.3,6050,0,0,0.0,0,F1,550,,,,,
2026-02-18,2026-02-18,FO,NSE,STO,104839,,HDFCBANK,,2026-03-30,2026-03-30,920.0,PE,HDFCBANK26MAR920PE,17.3,19.0,16.4,16.6,16.5,17.25,924.7,16.6,711700,243650,789,406985315.0,748,F1,550,,,,,
2026-02-18,2026-02-18,FO,NSE,STO,104896,,HDFCBANK,,2026-03-30,2026-03-30,1040.0,PE,HDFCBANK26MAR1040PE,0.0,0.0,0.0,58.4,0.0,58.4,924.7,109.3,0,0,0,0.0,0,F1,550,,,,,
2026-02-18,2026-02-18,FO,NSE,STO,104904,,HDFCBANK,,2026-03-30,2026-03-30,1080.0,PE,HDFCBANK26MAR1080PE,0.0,0.0,0.0,86.8,0.0,86.8,924.7,148.85,0,0,0,0.0,0,F1,550,,,,,
2026-02-18,2026-02-18,FO,NSE,STO,104912,,HDFCBANK,,2026-03-30,2026-03-30,1120.0,PE,HDFCBANK26MAR1120PE,0.0,0.0,0.0,119.55,0.0,119.55,924.7,188.55,0,0,0,0.0,0,F1,550,,,,,
2026-02-18,2026-02-18,FO,NSE,STO,104545,,HDFCBANK,,2026-02-24,2026-02-24,965.0,CE,HDFCBANK26FEB965CE,1.4,1.55,0.55,0.75,0.8,1.4,924.7,0.75,2316050,-78100,1533,814361680.0,827,F1,550,,,,,
2026-02-18,2026-02-18,FO,NSE,STO,97608,,HDFCBANK,,2026-02-24,2026-02-24,950.0,CE,HDFCBANK26FEB950CE,2.65,2.9,1.25,1.65,1.6,2.65,924.7,1.65,8193350,-388850,12265,6419889492.5,4317,F1,550,,,,,
2026-02-18,2026-02-18,FO,NSE,STO,116076,,HDFCBANK,,2026-04-28,2026-04-28,1030.0,CE,HDFCBANK26APR1030CE,0.0,0.0,0.0,9.1,0.0,9.1,924.7,2.1,0,0,0,0.0,0,F1,550,,,,,
2026-02-18,2026-02-18,FO,NSE,STO,104498,,HDFCBANK,,2026-02-24,2026-02-24,895.0,PE,HDFCBANK26FEB895PE,1.75,1.85,1.2,1.25,1.25,1.9,924.7,1.25,299750,-66000,1262,622204027.5,507,F1,550,,,,,
2026-02-18,2026-02-18,FO,NSE,STO,97584,,HDFCBANK,,2026-02-24,2026-02-24,840.0,PE,HDFCBANK26FEB840PE,0.55,0.55,0.3,0.4,0.45,0.6,924.7,0.4,536250,-71500,305,140989145.0,177,F1,550,,,,,
2026-02-18,2026-02-18,FO,NSE,STO,116094,,HDFCBANK,,2026-04-28,2026-04-28,1100.0,CE,HDFCBANK26APR1100CE,0.0,0.0,0.0,2.3,0.0,2.3,924.7,0.15,0,0,0,0.0,0,F1,550,,,,,
2026-02-18,2026-02-18,FO,NSE,STO,116064,,HDFCBANK,,2026-04-28,2026-04-28,970.0,CE,HDFCBANK26APR970CE,0.0,0.0,0.0,24.1,0.0,24.1,924.7,11.4,0,0,0,0.0,0,F1,550,,,,,
2026-02-18,2026-02-18,FO,NSE,STO,115755,,HDFCBANK,,2026-03-30,2026-03-30,1005.0,CE,HDFCBANK26MAR1005CE,4.2,4.2,3.4,3.6,3.6,4.5,924.7,3.6,189200,82500,213,118183615.0,71,F1,550,,,,,
2026-02-18,2026-02-18,FO,NSE,STO,104735,,HDFCBANK,,2026-03-30,2026-03-30,820.0,CE,HDFCBANK26MAR820CE,0.0,0.0,0.0,183.65,0.0,183.65,924.7,109.7,0,0,0,0.0,0,F1,550,,,,,
2026-02-18,2026-02-18,FO,NSE,STO,97670,,HDFCBANK,,2026-02-24,2026-02-24,1040.0,CE,HDFCBANK26FEB1040CE,0.25,0.25,0.15,0.2,0.2,0.3,924.7,0.2,799700,-23650,167,95543057.5,96,F1,550,,,,,
2026-02-18,2026-02-18,FO,NSE,STO,104553,,HDFCBANK,,2026-02-24,2026-02-24,995.0,CE,HDFCBANK26FEB995CE,0.65,0.65,0.4,0.5,0.5,0.75,924.7,0.5,984500,-4400,364,199302922.5,181,F1,550,,,,,
2026-02-18,2026-02-18,FO,NSE,STO,97609,,HDFCBANK,,2026-02-24,2026-02-24,950.0,PE,HDFCBANK26FEB950PE,26.35,30.25,25.1,25.55,25.9,26.35,924.7,25.55,2390300,-96250,329,176897160.0,292,F1,550,,,,,
2026-02-18,2026-02-18,FO,NSE,STO,104742,,HDFCBANK,,2026-03-30,2026-03-30,830.0,PE,HDFCBANK26MAR830PE,2.5,2.5,2.1,2.1,2.1,2.35,924.7,2.1,20350,6050,31,14191512.5,23,F1,550,,,,,
2026-02-18,2026-02-18,FO,NSE,STO,104550,,HDFCBANK,,2026-02-24,2026-02-24,975.0,PE,HDFCBANK26FEB975PE,0.0,0.0,0.0,48.45,48.45,48.45,924.7,49.45,103400,0,0,0.0,0,F1,550,,,,,
2026-02-18,2026-02-18,FO,NSE,STO,97688,,HDFCBANK,,2026-02-24,2026-02-24,1080.0,PE,HDFCBANK26FEB1080PE,167.5,167.5,156.65,156.65,156.65,154.65,924.7,154.3,18700,0,2,1366282.5,2,F1,550,,,,,
2026-02-18,2026-02-18,FO,NSE,STO,97701,,HDFCBANK,,2026-02-24,2026-02-24,1110.0,PE,HDFCBANK26FEB1110PE,0.0,0.0,0.0,112.75,0.0,112.75,924.7,184.3,0,0,0,0.0,0,F1,550,,,,,
2026-02-18,2026-02-18,FO,NSE,STO,104899,,HDFCBANK,,2026-03-30,2026-03-30,1060.0,CE,HDFCBANK26MAR1060CE,1.6,1.6,1.35,1.45,1.45,1.65,924.7,1.45,124300,0,10,5837782.5,9,F1,550,,,,,
2026-02-18,2026-02-18,FO,NSE,STO,115782,,HDFCBANK,,2026-03-30,2026-03-30,1075.0,CE,HDFCBANK26MAR1075CE,0.0,0.0,0.0,1.45,0.0,1.45,924.7,0.05,0,0,0,0.0,0,F1,550,,,,,
2026-02-18,2026-02-18,FO,NSE,STO,116060,,HDFCBANK,,2026-04-28,2026-04-28,950.0,CE,HDFCBANK26APR950CE,0.0,0.0,0.0,32.0,0.0,32.0,924.7,17.95,0,0,0,0.0,0,F1,550,,,,,
2026-02-18,2026-02-18,FO,NSE,STO,116090,,HDFCBANK,,2026-04-28,2026-04-28,1080.0,CE,HDFCBANK26APR1080CE,0.0,0.0,0.0,3.5,0.0,3.5,924.7,0.35,0,0,0,0.0,0,F1,550,,,,,
2026-02-18,2026-02-18,FO,NSE,STO,116098,,HDFCBANK,,2026-04-28,2026-04-28,1120.0,CE,HDFCBANK26APR1120CE,0.0,0.0,0.0,1.5,0.0,1.5,924.7,0.05,0,0,0,0.0,0,F1,550,,,,,
2026-02-18,2026-02-18,FO,NSE,STO,104502,,HDFCBANK,,2026-02-24,2026-02-24,915.0,PE,HDFCBANK26FEB915PE,4.85,5.15,3.15,3.35,3.4,4.6,924.7,3.35,938850,77550,5538,2799636840.0,3314,F1,550,,,,,
2026-02-18,2026-02-18,FO,NSE,STO,97605,,HDFCBANK,,2026-02-24,2026-02-24,930.0,PE,HDFCBANK26FEB930PE,12.7,13.0,9.25,9.6,9.7,10.9,924.7,9.6,2762100,-338250,5604,2900745760.0,5139,F1,550,,,,,
2026-02-18,2026-02-18,FO,NSE,STO,97692,,HDFCBANK,,2026-02-24,2026-02-24,1100.0,PE,HDFCBANK26FEB1100PE,177.65,178.1,175.0,175.0,175.0,173.0,924.7,174.3,656150,-9900,41,28778282.5,11,F1,550,,,,,
2026-02-18,2026-02-18,FO,NSE,STO,104732,,HDFCBANK,,2026-03-30,2026-03-30,800.0,PE,HDFCBANK26MAR800PE,1.5,1.65,1.3,1.35,1.35,1.55,924.7,1.35,125950,37400,174,76702780.0,100,F1,550,,,,,
2026-02-18,2026-02-18,FO,NSE,STO,104820,,HDFCBANK,,2026-03-30,2026-03-30,870.0,PE,HDFCBANK26MAR870PE,5.4,5.8,4.95,5.0,4.95,5.4,924.7,5.0,78650,6600,54,25999490.0,51,F1,550,,,,,
2026-02-18,2026-02-18,FO,NSE,STO,104835,,HDFCBANK,,2026-03-30,2026-03-30,900.0,PE,HDFCBANK26MAR900PE,11.95,12.15,10.2,10.35,10.3,11.05,924.7,10.35,1437700,119900,1162,582399922.5,844,F1,550,,,,,
2026-02-18,2026-02-18,FO,NSE,STO,104847,,HDFCBANK,,2026-03-30,2026-03-30,960.0,PE,HDFCBANK26MAR960PE,40.15,41.25,38.0,38.15,38.4,38.9,924.7,38.15,186450,48400,133,73182780.0,70,F1,550,,,,,
2026-02-18,2026-02-18,FO,NSE,STO,115752,,HDFCBANK,,2026-03-30,2026-03-30,985.0,PE,HDFCBANK26MAR985PE,0.0,0.0,0.0,60.7,0.0,60.7,924.7,57.6,0,0,0,0.0,0,F1,550,,,,,
2026-02-18,2026-02-18,FO,NSE,STO,104853,,HDFCBANK,,2026-03-30,2026-03-30,990.0,PE,HDFCBANK26MAR990PE,64.5,64.5,64.5,64.5,64.5,61.0,924.7,62.0,24750,550,1,579975.0,1,F1,550,,,,,
2026-02-18,2026-02-18,FO,NSE,STO,115787,,HDFCBANK,,2026-03-30,2026-03-30,1095.0,PE,HDFCBANK26MAR1095PE,0.0,0.0,0.0,157.95,0.0,157.95,924.7,163.75,0,0,0,0.0,0,F1,550,,,,,
2026-02-18,2026-02-18,FO,NSE,STO,116041,,HDFCBANK,,2026-04-28,2026-04-28,850.0,PE,HDFCBANK26APR850PE,0.0,0.0,0.0,6.7,0.0,6.7,924.7,2.1,0,0,0,0.0,0,F1,550,,,,,
2026-02-18,2026-02-18,FO,NSE,STO,97596,,HDFCBANK,,2026-02-24,2026-02-24,890.0,CE,HDFCBANK26FEB890CE,36.0,37.45,32.75,37.05,36.9,37.3,924.7,37.05,138050,4950,36,18317090.0,36,F1,550,,,,,
2026-02-18,2026-02-18,FO,NSE,STO,104499,,HDFCBANK,,2026-02-24,2026-02-24,905.0,CE,HDFCBANK26FEB905CE,22.9,23.95,18.65,22.8,22.75,24.1,924.7,22.8,257950,-2200,206,104945912.5,200,F1,550,,,,,
2026-02-18,2026-02-18,FO,NSE,STO,104637,,HDFCBANK,,2026-02-24,2026-02-24,1035.0,CE,HDFCBANK26FEB1035CE,0.3,0.3,0.2,0.25,0.25,0.35,924.7,0.05,324500,-7700,21,11956780.0,12,F1,550,,,,,
2026-02-18,2026-02-18,FO,NSE,STO,97672,,HDFCBANK,,2026-02-24,2026-02-24,1050.0,CE,HDFCBANK26FEB1050CE,0.25,0.3,0.1,0.15,0.1,0.3,924.7,0.15,756800,-117700,780,450532472.5,163,F1,550,,,,,
2026-02-18,2026-02-18,FO,NSE,STO,97689,,HDFCBANK,,2026-02-24,2026-02-24,1090.0,CE,HDFCBANK26FEB1090CE,0.15,0.15,0.15,0.15,0.15,0.2,924.7,0.05,64900,0,16,9593320.0,11,F1,550,,,,,
2026-02-18,2026-02-18,FO,NSE,STO,104740,,HDFCBANK,,2026-03-30,2026-03-30,830.0,CE,HDFCBANK26MAR830CE,0.0,0.0,0.0,174.05,0.0,174.05,924.7,99.9,0,0,0,0.0,0,F1,550,,,,,
2026-02-18,2026-02-18,FO,NSE,STO,104760,,HDFCBANK,,2026-03-30,2026-03-30,850.0,CE,HDFCBANK26MAR850CE,0.0,0.0,0.0,155.05,0.0,155.05,924.7,80.5,0,0,0,0.0,0,F1,550,,,,,
2026-02-18,2026-02-18,FO,NSE,STO,115741,,HDFCBANK,,2026-03-30,2026-03-30,935.0,CE,HDFCBANK26MAR935CE,21.9,21.9,19.0,20.65,20.6,21.65,924.7,20.65,223300,91850,269,141403020.0,154,F1,550,,,,,
2026-02-18,2026-02-18,FO,NSE,STO,104842,,HDFCBANK,,2026-03-30,2026-03-30,940.0,CE,HDFCBANK26MAR940CE,20.45,20.5,16.5,18.35,18.3,19.45,924.7,18.35,913000,218900,1148,604707125.0,898,F1,550,,,,,
2026-02-18,2026-02-18,FO,NSE,STO,104862,,HDFCBANK,,2026-03-30,2026-03-30,1030.0,CE,HDFCBANK26MAR1030CE,2.55,2.55,2.1,2.1,2.1,2.8,924.7,0.45,83600,0,26,14762000.0,24,F1,550,,,,,
2026-02-18,2026-02-18,FO,NSE,STO,104911,,HDFCBANK,,2026-03-30,2026-03-30,1120.0,CE,HDFCBANK26MAR1120CE,0.0,0.0,0.0,7.05,0.0,7.05,924.7,0.05,0,0,0,0.0,0,F1,550,,,,,
2026-02-18,2026-02-18,FO,NSE,STO,116046,,HDFCBANK,,2026-04-28,2026-04-28,880.0,CE,HDFCBANK26APR880CE,0.0,0.0,0.0,72.8,0.0,72.8,924.7,59.9,0,0,0,0.0,0,F1,550,,,,,
2026-02-18,2026-02-18,FO,NSE,STO,116054,,HDFCBANK,,2026-04-28,2026-04-28,920.0,CE,HDFCBANK26APR920CE,0.0,0.0,0.0,46.95,0.0,46.95,924.7,32.3,0,0,0,0.0,0,F1,550,,,,,
2026-02-18,2026-02-18,FO,NSE,STO,116062,,HDFCBANK,,2026-04-28,2026-04-28,960.0,CE,HDFCBANK26APR960CE,0.0,0.0,0.0,27.85,0.0,27.85,924.7,14.4,0,0,0,0.0,0,F1,550,,,,,
2026-02-18,2026-02-18,FO,NSE,STO,116078,,HDFCBANK,,2026-04-28,2026-04-28,1040.0,CE,HDFCBANK26APR1040CE,0.0,0.0,0.0,7.6,0.0,7.6,924.7,1.55,0,0,0,0.0,0,F1,550,,,,,
2026-02-18,2026-02-18,FO,NSE,STO,97574,,HDFCBANK,,2026-02-24,2026-02-24,780.0,PE,HDFCBANK26FEB780PE,0.0,0.0,0.0,0.2,0.0,0.2,924.7,0.05,0,0,0,0.0,0,F1,550,,,,,
2026-02-18,2026-02-18,FO,NSE,STO,97662,,HDFCBANK,,2026-02-24,2026-02-24,1010.0,PE,HDFCBANK26FEB1010PE,84.5,87.25,84.2,84.45,84.2,84.6,924.7,84.45,166650,-8800,16,9634295.0,6,F1,550,,,,,
2026-02-18,2026-02-18,FO,NSE,STO,104634,,HDFCBANK,,2026-02-24,2026-02-24,1025.0,PE,HDFCBANK26FEB1025PE,0.0,0.0,0.0,90.4,90.4,90.4,924.7,99.35,3300,0,0,0.0,0,F1,550,,,,,
2026-02-18,2026-02-18,FO,NSE,STO,97690,,HDFCBANK,,2026-02-24,2026-02-24,1090.0,PE,HDFCBANK26FEB1090PE,0.0,0.0,0.0,96.5,0.0,96.5,924.7,164.3,0,0,0,0.0,0,F1,550,,,,,
2026-02-18,2026-02-18,FO,NSE,STO,43133,,HDFCBANK,,2026-03-30,2026-03-30,790.0,PE,HDFCBANK26MAR790PE,0.0,0.0,0.0,0.4,0.0,0.4,924.7,0.05,0,0,0,0.0,0,F1,550,,,,,
2026-02-18,2026-02-18,FO,NSE,STO,104734,,HDFCBANK,,2026-03-30,2026-03-30,810.0,PE,HDFCBANK26MAR810PE,0.0,0.0,0.0,3.4,3.4,3.4,924.7,0.05,6050,0,0,0.0,0,F1,550,,,,,
2026-02-18,2026-02-18,FO,NSE,STO,104808,,HDFCBANK,,2026-03-30,2026-03-30,850.0,PE,HDFCBANK26MAR850PE,3.5,3.85,3.15,3.2,3.2,3.5,924.7,3.2,216150,33000,234,109839510.0,150,F1,550,,,,,
2026-02-18,2026-02-18,FO,NSE,STO,115712,,HDFCBANK,,2026-03-30,2026-03-30,875.0,PE,HDFCBANK26MAR875PE,6.1,6.5,5.55,5.55,5.55,6.1,924.7,5.55,366300,2200,14,6784772.5,13,F1,550,,,,,
2026-02-18,2026-02-18,FO,NSE,STO,104843,,HDFCBANK,,2026-03-30,2026-03-30,940.0,PE,HDFCBANK26MAR940PE,27.7,28.65,25.4,25.9,25.9,26.35,924.7,25.9,552200,49500,238,126612805.0,178,F1,550,,,,,
2026-02-18,2026-02-18,FO,NSE,STO,115748,,HDFCBANK,,2026-03-30,2026-03-30,965.0,PE,HDFCBANK26MAR965PE,44.0,44.0,44.0,44.0,44.0,42.3,924.7,41.15,4950,2750,5,2774750.0,5,F1,550,,,,,
2026-02-18,2026-02-18,FO,NSE,STO,116057,,HDFCBANK,,2026-04-28,2026-04-28,930.0,PE,HDFCBANK26APR930PE,0.0,0.0,0.0,30.9,0.0,30.9,924.7,22.55,0,0,0,0.0,0,F1,550,,,,,
2026-02-18,2026-02-18,FO,NSE,STO,116069,,HDFCBANK,,2026-04-28,2026-04-28,990.0,PE,HDFCBANK26APR990PE,0.0,0.0,0.0,66.25,0.0,66.25,924.7,61.9,0,0,0,0.0,0,F1,550,,,,,
2026-02-18,2026-02-18,FO,NSE,STO,115785,,HDFCBANK,,2026-03-30,2026-03-30,1085.0,PE,HDFCBANK26MAR1085PE,0.0,0.0,0.0,148.35,0.0,148.35,924.7,153.8,0,0,0,0.0,0,F1,550,,,,,
2026-02-18,2026-02-18,FO,NSE,STO,116052,,HDFCBANK,,2026-04-28,2026-04-28,910.0,CE,HDFCBANK26APR910CE,0.0,0.0,0.0,52.75,0.0,52.75,924.7,38.35,0,0,0,0.0,0,F1,550,,,,,
2026-02-18,2026-02-18,FO,NSE,STO,97580,,HDFCBANK,,2026-02-24,2026-02-24,820.0,PE,HDFCBANK26FEB820PE,0.3,0.3,0.25,0.3,0.3,0.35,924.7,0.3,643500,3300,71,32031285.0,44,F1,550,,,,,
2026-02-18,2026-02-18,FO,NSE,STO,104490,,HDFCBANK,,2026-02-24,2026-02-24,865.0,PE,HDFCBANK26FEB865PE,0.95,0.95,0.75,0.75,0.75,1.0,924.7,0.75,275550,28600,165,78572807.5,93,F1,550,,,,,
2026-02-18,2026-02-18,FO,NSE,STO,97590,,HDFCBANK,,2026-02-24,2026-02-24,870.0,PE,HDFCBANK26FEB870PE,1.0,1.05,0.75,0.8,0.85,1.05,924.7,0.8,829400,36850,948,454059952.5,427,F1,550,,,,,
2026-02-18,2026-02-18,FO,NSE,STO,97601,,HDFCBANK,,2026-02-24,2026-02-24,910.0,PE,HDFCBANK26FEB910PE,3.5,4.0,2.3,2.45,2.45,3.55,924.7,2.45,1247950,36300,7259,3645487587.5,3195,F1,550,,,,,
2026-02-18,2026-02-18,FO,NSE,STO,104560,,HDFCBANK,,2026-02-24,2026-02-24,995.0,PE,HDFCBANK26FEB995PE,0.0,0.0,0.0,69.0,69.0,69.0,924.7,69.4,72050,0,0,0.0,0,F1,550,,,,,
2026-02-18,2026-02-18,FO,NSE,STO,97673,,HDFCBANK,,2026-02-24,2026-02-24,1050.0,PE,HDFCBANK26FEB1050PE,128.8,128.8,128.8,128.8,128.8,122.0,924.7,124.35,339350,0,1,648340.0,1,F1,550,,,,,
2026-02-18,2026-02-18,FO,NSE,STO,97684,,HDFCBANK,,2026-02-24,2026-02-24,1070.0,PE,HDFCBANK26FEB1070PE,0.0,0.0,0.0,81.25,0.0,81.25,924.7,144.35,0,0,0,0.0,0,F1,550,,,,,
2026-02-18,2026-02-18,FO,NSE,STO,104730,,HDFCBANK,,2026-03-30,2026-03-30,780.0,PE,HDFCBANK26MAR780PE,1.0,1.0,1.0,1.0,1.0,0.15,924.7,0.05,550,550,1,429550.0,1,F1,550,,,,,
2026-02-18,2026-02-18,FO,NSE,STO,104831,,HDFCBANK,,2026-03-30,2026-03-30,880.0,PE,HDFCBANK26MAR880PE,7.0,7.5,6.2,6.3,6.25,6.7,924.7,6.3,278300,20900,216,105354232.5,178,F1,550,,,,,
2026-02-18,2026-02-18,FO,NSE,STO,115756,,HDFCBANK,,2026-03-30,2026-03-30,1005.0,PE,HDFCBANK26MAR1005PE,0.0,0.0,0.0,76.2,0.0,76.2,924.7,75.65,0,0,0,0.0,0,F1,550,,,,,
2026-02-18,2026-02-18,FO,NSE,STO,104859,,HDFCBANK,,2026-03-30,2026-03-30,1010.0,PE,HDFCBANK26MAR1010PE,81.95,82.2,81.95,82.2,82.2,84.0,924.7,80.35,7700,1100,2,1201282.5,2,F1,550,,,,,
2026-02-18,2026-02-18,FO,NSE,STO,104861,,HDFCBANK,,2026-03-30,2026-03-30,1020.0,PE,HDFCBANK26MAR1020PE,90.0,90.0,90.0,90.0,90.0,102.05,924.7,89.85,1100,1100,2,1221000.0,2,F1,550,,,,,
2026-02-18,2026-02-18,FO,NSE,STO,115760,,HDFCBANK,,2026-03-30,2026-03-30,1025.0,PE,HDFCBANK26MAR1025PE,0.0,0.0,0.0,93.05,0.0,93.05,924.7,94.7,0,0,0,0.0,0,F1,550,,,,,
2026-02-18,2026-02-18,FO,NSE,STO,116091,,HDFCBANK,,2026-04-28,2026-04-28,1080.0,PE,HDFCBANK26APR1080PE,0.0,0.0,0.0,140.55,0.0,140.55,924.7,144.5,0,0,0,0.0,0,F1,550,,,,,
2026-02-18,2026-02-18,FO,NSE,STO,116038,,HDFCBANK,,2026-04-28,2026-04-28,840.0,CE,HDFCBANK26APR840CE,0.0,0.0,0.0,104.5,0.0,104.5,924.7,94.8,0,0,0,0.0,0,F1,550,,,,,
2026-02-18,2026-02-18,FO,NSE,STO,115786,,HDFCBANK,,2026-03-30,2026-03-30,1095.0,CE,HDFCBANK26MAR1095CE,0.0,0.0,0.0,0.85,0.0,0.85,924.7,0.05,0,0,0,0.0,0,F1,550,,,,,
2026-02-18,2026-02-18,FO,NSE,STO,115780,,HDFCBANK,,2026-03-30,2026-03-30,1065.0,CE,HDFCBANK26MAR1065CE,0.0,0.0,0.0,1.9,0.0,1.9,924.7,0.05,0,0,0,0.0,0,F1,550,,,,,
2026-02-18,2026-02-18,FO,NSE,STO,104897,,HDFCBANK,,2026-03-30,2026-03-30,1050.0,CE,HDFCBANK26MAR1050CE,1.95,1.95,1.5,1.6,1.6,2.05,924.7,1.6,282700,9350,91,52633900.0,52,F1,550,,,,,
2026-02-18,2026-02-18,FO,NSE,STO,115759,,HDFCBANK,,2026-03-30,2026-03-30,1025.0,CE,HDFCBANK26MAR1025CE,0.0,0.0,0.0,3.55,3.55,3.55,924.7,0.55,1100,0,0,0.0,0,F1,550,,,,,
2026-02-18,2026-02-18,FO,NSE,STO,115757,,HDFCBANK,,2026-03-30,2026-03-30,1015.0,CE,HDFCBANK26MAR1015CE,3.1,3.1,2.8,2.9,2.9,3.6,924.7,2.9,32450,2750,24,13436197.5,23,F1,550,,,,,
2026-02-18,2026-02-18,FO,NSE,STO,104641,,HDFCBANK,,2026-02-24,2026-02-24,1045.0,CE,HDFCBANK26FEB1045CE,0.25,0.25,0.1,0.15,0.15,0.25,924.7,0.15,584100,0,124,71280000.0,59,F1,550,,,,,
2026-02-18,2026-02-18,FO,NSE,STO,97668,,HDFCBANK,,2026-02-24,2026-02-24,1030.0,CE,HDFCBANK26FEB1030CE,0.35,0.35,0.15,0.25,0.25,0.3,924.7,0.25,465300,-35200,167,94624530.0,56,F1,550,,,,,
2026-02-18,2026-02-18,FO,NSE,STO,97602,,HDFCBANK,,2026-02-24,2026-02-24,920.0,CE,HDFCBANK26FEB920CE,12.5,12.75,8.05,10.7,10.65,12.5,924.7,10.7,2259950,-224400,10065,5147641235.0,8325,F1,550,,,,,
2026-02-18,2026-02-18,FO,NSE,STO,116048,,HDFCBANK,,2026-04-28,2026-04-28,890.0,CE,HDFCBANK26APR890CE,0.0,0.0,0.0,65.7,0.0,65.7,924.7,52.15,0,0,0,0.0,0,F1,550,,,,,
2026-02-18,2026-02-18,FO,NSE,STO,104840,,HDFCBANK,,2026-03-30,2026-03-30,930.0,CE,HDFCBANK26MAR930CE,25.55,25.55,21.1,23.2,23.1,24.3,924.7,23.2,884950,320100,1194,625554655.0,1081,F1,550,,,,,
2026-02-18,2026-02-18,FO,NSE,STO,104551,,HDFCBANK,,2026-02-24,2026-02-24,985.0,CE,HDFCBANK26FEB985CE,1.0,1.05,0.5,0.65,0.75,0.95,924.7,0.65,1228700,207900,1287,697710145.0,459,F1,550,,,,,
2026-02-18,2026-02-18,FO,NSE,STO,104504,,HDFCBANK,,2026-02-24,2026-02-24,925.0,CE,HDFCBANK26FEB925CE,9.8,10.0,5.75,7.9,7.85,9.65,924.7,7.9,2514600,225500,14590,7481910232.5,9448,F1,550,,,,,
2026-02-18,2026-02-18,FO,NSE,STO,116065,,HDFCBANK,,2026-04-28,2026-04-28,970.0,PE,HDFCBANK26APR970PE,0.0,0.0,0.0,52.85,0.0,52.85,924.7,46.65,0,0,0,0.0,0,F1,550,,,,,
2026-02-18,2026-02-18,FO,NSE,STO,116071,,HDFCBANK,,2026-04-28,2026-04-28,1000.0,PE,HDFCBANK26APR1000PE,0.0,0.0,0.0,73.5,0.0,73.5,924.7,70.15,0,0,0,0.0,0,F1,550,,,,,
2026-02-18,2026-02-18,FO,NSE,STO,116085,,HDFCBANK,,2026-04-28,2026-04-28,1070.0,PE,HDFCBANK26APR1070PE,0.0,0.0,0.0,131.5,0.0,131.5,924.7,134.75,0,0,0,0.0,0,F1,550,,,,,
2026-02-18,2026-02-18,FO,NSE,STO,116063,,HDFCBANK,,2026-04-28,2026-04-28,960.0,PE,HDFCBANK26APR960PE,0.0,0.0,0.0,46.75,0.0,46.75,924.7,39.75,0,0,0,0.0,0,F1,550,,,,,
2026-02-18,2026-02-18,FO,NSE,STO,116047,,HDFCBANK,,2026-04-28,2026-04-28,880.0,PE,HDFCBANK26APR880PE,0.0,0.0,0.0,12.95,0.0,12.95,924.7,6.1,0,0,0,0.0,0,F1,550,,,,,
2026-02-18,2026-02-18,FO,NSE,STO,116009,,HDFCBANK,,2026-04-28,2026-04-28,800.0,PE,HDFCBANK26APR800PE,0.0,0.0,0.0,1.7,0.0,1.7,924.7,0.2,0,0,0,0.0,0,F1,550,,,,,
2026-02-18,2026-02-18,FO,NSE,STO,104910,,HDFCBANK,,2026-03-30,2026-03-30,1110.0,PE,HDFCBANK26MAR1110PE,0.0,0.0,0.0,111.05,0.0,111.05,924.7,178.65,0,0,0,0.0,0,F1,550,,,,,
2026-02-18,2026-02-18,FO,NSE,STO,115718,,HDFCBANK,,2026-03-30,2026-03-30,905.0,PE,HDFCBANK26MAR905PE,12.75,13.35,11.7,11.7,11.7,12.3,924.7,11.7,108350,16500,43,21705310.0,22,F1,550,,,,,
2026-02-18,2026-02-18,FO,NSE,STO,141264,,MAZDOCK,,2026-03-30,2026-03-30,2340.0,CE,MAZDOCK26MAR2340CE,0.0,0.0,0.0,110.4,110.4,110.4,2388.55,172.0,1000,0,0,0.0,0,F1,200,,,,,
2026-02-18,2026-02-18,FO,NSE,STO,141276,,MAZDOCK,,2026-03-30,2026-03-30,2580.0,CE,MAZDOCK26MAR2580CE,60.2,60.2,47.6,47.8,47.8,45.25,2388.55,47.8,1200,0,4,2104900.0,4,F1,200,,,,,
2026-02-18,2026-02-18,FO,NSE,STO,138747,,MAZDOCK,,2026-03-30,2026-03-30,2600.0,CE,MAZDOCK26MAR2600CE,42.75,46.45,36.2,43.5,43.0,45.75,2388.55,43.5,51600,19800,250,131989430.0,182,F1,200,,,,,
2026-02-18,2026-02-18,FO,NSE,STO,138751,,MAZDOCK,,2026-03-30,2026-03-30,2680.0,CE,MAZDOCK26MAR2680CE,0.0,0.0,0.0,39.45,39.45,39.45,2388.55,49.5,200,0,0,0.0,0,F1,200,,,,,
2026-02-18,2026-02-18,FO,NSE,STO,141476,,MAZDOCK,,2026-04-28,2026-04-28,2000.0,CE,MAZDOCK26APR2000CE,0.0,0.0,0.0,454.85,0.0,454.85,2388.55,446.15,0,0,0,0.0,0,F1,200,,,,,
2026-02-18,2026-02-18,FO,NSE,STO,138299,,MAZDOCK,,2026-02-24,2026-02-24,2060.0,PE,MAZDOCK26FEB2060PE,0.0,0.0,0.0,50.55,0.0,50.55,2388.55,0.2,0,0,0,0.0,0,F1,200,,,,,
2026-02-18,2026-02-18,FO,NSE,STO,117783,,MAZDOCK,,2026-02-24,2026-02-24,2100.0,PE,MAZDOCK26FEB2100PE,3.55,3.55,1.45,1.8,1.95,3.5,2388.55,1.8,51200,-200,112,47088620.0,92,F1,200,,,,,
2026-02-18,2026-02-18,FO,NSE,STO,138305,,MAZDOCK,,2026-02-24,2026-02-24,2140.0,PE,MAZDOCK26FEB2140PE,3.95,3.95,1.6,1.95,1.9,4.2,2388.55,1.95,32200,600,183,78424150.0,153,F1,200,,,,,
2026-02-18,2026-02-18,FO,NSE,STO,138401,,MAZDOCK,,2026-02-24,2026-02-24,2380.0,PE,MAZDOCK26FEB2380PE,54.0,62.75,26.4,30.25,31.0,50.3,2388.55,30.25,30000,800,333,160778210.0,306,F1,200,,,,,
2026-02-18,2026-02-18,FO,NSE,STO,138431,,MAZDOCK,,2026-02-24,2026-02-24,2760.0,PE,MAZDOCK26FEB2760PE,0.0,0.0,0.0,318.5,318.5,318.5,2388.55,369.25,600,0,0,0.0,0,F1,200,,,,,
2026-02-18,2026-02-18,FO,NSE,STO,138441,,MAZDOCK,,2026-02-24,2026-02-24,2880.0,PE,MAZDOCK26FEB2880PE,0.0,0.0,0.0,474.05,0.0,474.05,2388.55,488.85,0,0,0,0.0,0,F1,200,,,,,
2026-02-18,2026-02-18,FO,NSE,STO,141489,,MAZDOCK,,2026-04-28,2026-04-28,2200.0,PE,MAZDOCK26APR2200PE,0.0,0.0,0.0,162.35,0.0,162.35,2388.55,90.05,0,0,0,0.0,0,F1,200,,,,,
2026-02-18,2026-02-18,FO,NSE,STO,138756,,MAZDOCK,,2026-03-30,2026-03-30,2760.0,PE,MAZDOCK26MAR2760PE,0.0,0.0,0.0,427.0,0.0,427.0,2388.55,390.0,0,0,0,0.0,0,F1,200,,,,,
2026-02-18,2026-02-18,FO,NSE,STO,141263,,MAZDOCK,,2026-03-30,2026-03-30,2300.0,PE,MAZDOCK26MAR2300PE,75.0,82.1,58.9,61.2,61.7,73.05,2388.55,61.2,21000,6600,127,60199360.0,104,F1,200,,,,,
2026-02-18,2026-02-18,FO,NSE,STO,138732,,MAZDOCK,,2026-03-30,2026-03-30,2280.0,PE,MAZDOCK26MAR2280PE,0.0,0.0,0.0,86.0,86.0,86.0,2388.55,84.15,400,0,0,0.0,0,F1,200,,,,,
2026-02-18,2026-02-18,FO,NSE,STO,138402,,MAZDOCK,,2026-02-24,2026-02-24,2420.0,CE,MAZDOCK26FEB2420CE,26.65,31.5,14.65,26.75,26.35,27.8,2388.55,26.75,84800,22200,1481,723514130.0,1352,F1,200,,,,,
2026-02-18,2026-02-18,FO,NSE,STO,138404,,MAZDOCK,,2026-02-24,2026-02-24,2440.0,CE,MAZDOCK26FEB2440CE,21.55,24.9,11.6,21.05,21.25,23.65,2388.55,21.05,85800,-17200,1063,522584800.0,807,F1,200,,,,,
2026-02-18,2026-02-18,FO,NSE,STO,117838,,MAZDOCK,,2026-02-24,2026-02-24,2800.0,CE,MAZDOCK26FEB2800CE,2.05,2.05,1.2,1.65,1.6,2.2,2388.55,1.65,211800,-11600,535,299765280.0,297,F1,200,,,,,
2026-02-18,2026-02-18,FO,NSE,STO,141170,,MAZDOCK,,2026-03-30,2026-03-30,2140.0,CE,MAZDOCK26MAR2140CE,0.0,0.0,0.0,321.65,0.0,321.65,2388.55,302.25,0,0,0,0.0,0,F1,200,,,,,
2026-02-18,2026-02-18,FO,NSE,STO,141172,,MAZDOCK,,2026-03-30,2026-03-30,2180.0,CE,MAZDOCK26MAR2180CE,0.0,0.0,0.0,297.3,0.0,297.3,2388.55,272.75,0,0,0,0.0,0,F1,200,,,,,
2026-02-18,2026-02-18,FO,NSE,STO,138438,,MAZDOCK,,2026-02-24,2026-02-24,2860.0,CE,MAZDOCK26FEB2860CE,0.6,1.1,0.6,1.05,1.0,1.4,2388.55,1.05,7400,-1800,11,6293580.0,7,F1,200,,,,,
2026-02-18,2026-02-18,FO,NSE,STO,138432,,MAZDOCK,,2026-02-24,2026-02-24,2780.0,CE,MAZDOCK26FEB2780CE,1.3,1.55,0.55,0.55,0.55,2.25,2388.55,0.55,9600,-1800,16,8900150.0,12,F1,200,,,,,
2026-02-18,2026-02-18,FO,NSE,STO,138420,,MAZDOCK,,2026-02-24,2026-02-24,2640.0,CE,MAZDOCK26FEB2640CE,3.8,4.1,2.2,3.3,3.35,4.55,2388.55,3.3,91800,1800,549,290175150.0,432,F1,200,,,,,
2026-02-18,2026-02-18,FO,NSE,STO,138410,,MAZDOCK,,2026-02-24,2026-02-24,2520.0,CE,MAZDOCK26FEB2520CE,10.2,11.15,4.7,8.7,8.75,11.1,2388.55,8.7,45200,-16800,623,314836040.0,507,F1,200,,,,,
2026-02-18,2026-02-18,FO,NSE,STO,138396,,MAZDOCK,,2026-02-24,2026-02-24,2340.0,CE,MAZDOCK26FEB2340CE,54.2,77.85,40.8,68.35,68.35,61.45,2388.55,68.35,26000,-200,225,107830430.0,211,F1,200,,,,,
2026-02-18,2026-02-18,FO,NSE,STO,138302,,MAZDOCK,,2026-02-24,2026-02-24,2120.0,CE,MAZDOCK26FEB2120CE,0.0,0.0,0.0,342.95,342.95,342.95,2388.55,271.3,200,0,0,0.0,0,F1,200,,,,,
2026-02-18,2026-02-18,FO,NSE,STO,138300,,MAZDOCK,,2026-02-24,2026-02-24,2080.0,CE,MAZDOCK26FEB2080CE,0.0,0.0,0.0,287.0,287.0,287.0,2388.55,310.75,200,0,0,0.0,0,F1,200,,,,,
2026-02-18,2026-02-18,FO,NSE,STO,138727,,MAZDOCK,,2026-03-30,2026-03-30,2200.0,CE,MAZDOCK26MAR2200CE,0.0,0.0,0.0,424.85,0.0,424.85,2388.55,258.6,0,0,0,0.0,0,F1,200,,,,,
2026-02-18,2026-02-18,FO,NSE,STO,141521,,MAZDOCK,,2026-04-28,2026-04-28,2800.0,PE,MAZDOCK26APR2800PE,0.0,0.0,0.0,530.3,0.0,530.3,2388.55,445.7,0,0,0,0.0,0,F1,200,,,,,
2026-02-18,2026-02-18,FO,NSE,STO,141483,,MAZDOCK,,2026-04-28,2026-04-28,2080.0,PE,MAZDOCK26APR2080PE,0.0,0.0,0.0,115.15,0.0,115.15,2388.55,54.4,0,0,0,0.0,0,F1,200,,,,,
2026-02-18,2026-02-18,FO,NSE,STO,141479,,MAZDOCK,,2026-04-28,2026-04-28,2000.0,PE,MAZDOCK26APR2000PE,0.0,0.0,0.0,89.15,0.0,89.15,2388.55,36.95,0,0,0,0.0,0,F1,200,,,,,
2026-02-18,2026-02-18,FO,NSE,STO,141287,,MAZDOCK,,2026-03-30,2026-03-30,2780.0,PE,MAZDOCK26MAR2780PE,0.0,0.0,0.0,488.65,0.0,488.65,2388.55,406.9,0,0,0,0.0,0,F1,200,,,,,
2026-02-18,2026-02-18,FO,NSE,STO,138744,,MAZDOCK,,2026-03-30,2026-03-30,2520.0,PE,MAZDOCK26MAR2520PE,0.0,0.0,0.0,222.75,222.75,222.75,2388.55,209.25,6000,0,0,0.0,0,F1,200,,,,,
2026-02-18,2026-02-18,FO,NSE,STO,138736,,MAZDOCK,,2026-03-30,2026-03-30,2360.0,PE,MAZDOCK26MAR2360PE,90.0,91.95,83.35,83.35,83.35,103.1,2388.55,83.35,3000,1800,11,5390670.0,11,F1,200,,,,,
2026-02-18,2026-02-18,FO,NSE,STO,141171,,MAZDOCK,,2026-03-30,2026-03-30,2140.0,PE,MAZDOCK26MAR2140PE,0.0,0.0,0.0,48.45,48.45,48.45,2388.55,40.8,400,0,0,0.0,0,F1,200,,,,,
2026-02-18,2026-02-18,FO,NSE,STO,141169,,MAZDOCK,,2026-03-30,2026-03-30,2100.0,PE,MAZDOCK26MAR2100PE,0.0,0.0,0.0,90.25,0.0,90.25,2388.55,32.1,0,0,0,0.0,0,F1,200,,,,,
2026-02-18,2026-02-18,FO,NSE,STO,138437,,MAZDOCK,,2026-02-24,2026-02-24,2840.0,PE,MAZDOCK26FEB2840PE,0.0,0.0,0.0,443.2,0.0,443.2,2388.55,448.95,0,0,0,0.0,0,F1,200,,,,,
2026-02-18,2026-02-18,FO,NSE,STO,138435,,MAZDOCK,,2026-02-24,2026-02-24,2820.0,PE,MAZDOCK26FEB2820PE,0.0,0.0,0.0,428.1,0.0,428.1,2388.55,429.0,0,0,0,0.0,0,F1,200,,,,,
2026-02-18,2026-02-18,FO,NSE,STO,138395,,MAZDOCK,,2026-02-24,2026-02-24,2320.0,PE,MAZDOCK26FEB2320PE,26.85,29.95,10.2,11.3,11.2,24.85,2388.55,11.3,30200,-11600,531,248168190.0,476,F1,200,,,,,
2026-02-18,2026-02-18,FO,NSE,STO,141534,,MAZDOCK,,2026-04-28,2026-04-28,2960.0,CE,MAZDOCK26APR2960CE,0.0,0.0,0.0,77.7,0.0,77.7,2388.55,38.3,0,0,0,0.0,0,F1,200,,,,,
2026-02-18,2026-02-18,FO,NSE,STO,141334,,MAZDOCK,,2026-04-28,2026-04-28,1920.0,CE,MAZDOCK26APR1920CE,0.0,0.0,0.0,511.65,0.0,511.65,2388.55,512.35,0,0,0,0.0,0,F1,200,,,,,
2026-02-18,2026-02-18,FO,NSE,STO,138865,,MAZDOCK,,2026-03-30,2026-03-30,2880.0,CE,MAZDOCK26MAR2880CE,12.0,12.0,10.05,12.0,12.0,13.1,2388.55,20.35,11400,1600,17,9830310.0,15,F1,200,,,,,
2026-02-18,2026-02-18,FO,NSE,STO,138755,,MAZDOCK,,2026-03-30,2026-03-30,2760.0,CE,MAZDOCK26MAR2760CE,0.0,0.0,0.0,75.9,75.9,75.9,2388.55,35.15,400,0,0,0.0,0,F1,200,,,,,
2026-02-18,2026-02-18,FO,NSE,STO,141174,,MAZDOCK,,2026-03-30,2026-03-30,2220.0,CE,MAZDOCK26MAR2220CE,0.0,0.0,0.0,274.2,0.0,274.2,2388.55,244.9,0,0,0,0.0,0,F1,200,,,,,
2026-02-18,2026-02-18,FO,NSE,STO,138446,,MAZDOCK,,2026-02-24,2026-02-24,2960.0,CE,MAZDOCK26FEB2960CE,0.0,0.0,0.0,1.5,1.5,1.5,2388.55,0.05,13600,0,0,0.0,0,F1,200,,,,,
2026-02-18,2026-02-18,FO,NSE,STO,141506,,MAZDOCK,,2026-04-28,2026-04-28,2560.0,CE,MAZDOCK26APR2560CE,0.0,0.0,0.0,173.7,0.0,173.7,2388.55,125.95,0,0,0,0.0,0,F1,200,,,,,
2026-02-18,2026-02-18,FO,NSE,STO,141500,,MAZDOCK,,2026-04-28,2026-04-28,2440.0,CE,MAZDOCK26APR2440CE,0.0,0.0,0.0,217.45,0.0,217.45,2388.55,172.35,0,0,0,0.0,0,F1,200,,,,,
2026-02-18,2026-02-18,FO,NSE,STO,138757,,MAZDOCK,,2026-03-30,2026-03-30,2800.0,CE,MAZDOCK26MAR2800CE,0.0,0.0,0.0,158.5,0.0,158.5,2388.55,29.4,0,0,0,0.0,0,F1,200,,,,,
2026-02-18,2026-02-18,FO,NSE,STO,117841,,MAZDOCK,,2026-02-24,2026-02-24,2900.0,CE,MAZDOCK26FEB2900CE,1.15,1.35,0.95,1.15,1.35,1.65,2388.55,1.15,108800,-8800,157,91095470.0,101,F1,200,,,,,
2026-02-18,2026-02-18,FO,NSE,STO,138430,,MAZDOCK,,2026-02-24,2026-02-24,2760.0,CE,MAZDOCK26FEB2760CE,1.3,2.0,1.3,1.75,1.85,2.5,2388.55,1.75,15400,-1600,22,12152550.0,8,F1,200,,,,,
2026-02-18,2026-02-18,FO,NSE,STO,117834,,MAZDOCK,,2026-02-24,2026-02-24,2600.0,CE,MAZDOCK26FEB2600CE,6.4,6.5,2.85,4.6,4.55,6.35,2388.55,4.6,631000,-100600,2662,1386353550.0,1817,F1,200,,,,,
2026-02-18,2026-02-18,FO,NSE,STO,117781,,MAZDOCK,,2026-02-24,2026-02-24,2000.0,PE,MAZDOCK26FEB2000PE,1.65,1.9,1.1,1.25,1.1,2.1,2388.55,1.25,89800,-11800,298,119294490.0,190,F1,200,,,,,
2026-02-18,2026-02-18,FO,NSE,STF,66899,,MAZDOCK,,2026-04-28,2026-04-28,,,MAZDOCK26APRFUT,2404.0,2430.0,2375.0,2420.2,2420.0,2398.5,2388.55,2420.2,89000,-1200,88,42386860.0,87,F1,200,,,,,
2026-02-18,2026-02-18,FO,NSE,STO,117782,,MAZDOCK,,2026-02-24,2026-02-24,2100.0,CE,MAZDOCK26FEB2100CE,0.0,0.0,0.0,277.05,277.05,277.05,2388.55,290.95,1800,0,0,0.0,0,F1,200,,,,,
2026-02-18,2026-02-18,FO,NSE,STO,138306,,MAZDOCK,,2026-02-24,2026-02-24,2160.0,CE,MAZDOCK26FEB2160CE,0.0,0.0,0.0,398.35,0.0,398.35,2388.55,232.45,0,0,0,0.0,0,F1,200,,,,,
2026-02-18,2026-02-18,FO,NSE,STO,138378,,MAZDOCK,,2026-02-24,2026-02-24,2240.0,CE,MAZDOCK26FEB2240CE,0.0,0.0,0.0,137.75,137.75,137.75,2388.55,158.9,2200,0,0,0.0,0,F1,200,,,,,
2026-02-18,2026-02-18,FO,NSE,STO,141517,,MAZDOCK,,2026-04-28,2026-04-28,2720.0,PE,MAZDOCK26APR2720PE,0.0,0.0,0.0,470.3,0.0,470.3,2388.55,383.55,0,0,0,0.0,0,F1,200,,,,,
2026-02-18,2026-02-18,FO,NSE,STO,141513,,MAZDOCK,,2026-04-28,2026-04-28,2640.0,PE,MAZDOCK26APR2640PE,0.0,0.0,0.0,413.3,0.0,413.3,2388.55,325.1,0,0,0,0.0,0,F1,200,,,,,
2026-02-18,2026-02-18,FO,NSE,STO,141275,,MAZDOCK,,2026-03-30,2026-03-30,2540.0,PE,MAZDOCK26MAR2540PE,0.0,0.0,0.0,312.15,0.0,312.15,2388.55,222.45,0,0,0,0.0,0,F1,200,,,,,
2026-02-18,2026-02-18,FO,NSE,STO,138740,,MAZDOCK,,2026-03-30,2026-03-30,2440.0,PE,MAZDOCK26MAR2440PE,0.0,0.0,0.0,124.0,124.0,124.0,2388.55,160.55,10200,0,0,0.0,0,F1,200,,,,,
2026-02-18,2026-02-18,FO,NSE,STO,117842,,MAZDOCK,,2026-02-24,2026-02-24,2900.0,PE,MAZDOCK26FEB2900PE,501.0,508.35,500.05,506.2,504.0,535.1,2388.55,506.2,57200,-1600,8,5443290.0,5,F1,200,,,,,
2026-02-18,2026-02-18,FO,NSE,STO,138433,,MAZDOCK,,2026-02-24,2026-02-24,2780.0,PE,MAZDOCK26FEB2780PE,0.0,0.0,0.0,398.4,0.0,398.4,2388.55,389.15,0,0,0,0.0,0,F1,200,,,,,
2026-02-18,2026-02-18,FO,NSE,STO,138397,,MAZDOCK,,2026-02-24,2026-02-24,2340.0,PE,MAZDOCK26FEB2340PE,30.1,39.5,14.45,15.75,16.5,30.8,2388.55,15.75,43400,5400,621,294013590.0,576,F1,200,,,,,
2026-02-18,2026-02-18,FO,NSE,STO,138307,,MAZDOCK,,2026-02-24,2026-02-24,2160.0,PE,MAZDOCK26FEB2160PE,1.8,2.5,1.8,2.05,2.05,5.4,2388.55,2.05,3400,600,10,4323920.0,7,F1,200,,,,,
2026-02-18,2026-02-18,FO,NSE,STO,141510,,MAZDOCK,,2026-04-28,2026-04-28,2600.0,CE,MAZDOCK26APR2600CE,0.0,0.0,0.0,160.85,0.0,160.85,2388.55,112.9,0,0,0,0.0,0,F1,200,,,,,
2026-02-18,2026-02-18,FO,NSE,STO,141492,,MAZDOCK,,2026-04-28,2026-04-28,2280.0,CE,MAZDOCK26APR2280CE,0.0,0.0,0.0,289.15,0.0,289.15,2388.55,252.8,0,0,0,0.0,0,F1,200,,,,,
2026-02-18,2026-02-18,FO,NSE,STO,141282,,MAZDOCK,,2026-03-30,2026-03-30,2700.0,CE,MAZDOCK26MAR2700CE,28.0,28.3,23.25,26.8,25.0,28.7,2388.55,26.8,28600,4000,61,33250510.0,46,F1,200,,,,,
2026-02-18,2026-02-18,FO,NSE,STO,138440,,MAZDOCK,,2026-02-24,2026-02-24,2880.0,CE,MAZDOCK26FEB2880CE,0.0,0.0,0.0,5.0,5.0,5.0,2388.55,0.05,6800,0,0,0.0,0,F1,200,,,,,
2026-02-18,2026-02-18,FO,NSE,STO,117836,,MAZDOCK,,2026-02-24,2026-02-24,2700.0,CE,MAZDOCK26FEB2700CE,2.8,3.4,1.7,2.3,2.45,3.5,2388.55,2.3,514000,-35000,1573,850095980.0,1027,F1,200,,,,,
2026-02-18,2026-02-18,FO,NSE,STO,138414,,MAZDOCK,,2026-02-24,2026-02-24,2560.0,CE,MAZDOCK26FEB2560CE,8.15,8.35,3.6,6.0,6.25,8.0,2388.55,6.0,87000,2600,498,255455580.0,454,F1,200,,,,,
2026-02-18,2026-02-18,FO,NSE,STO,117832,,MAZDOCK,,2026-02-24,2026-02-24,2500.0,CE,MAZDOCK26FEB2500CE,16.5,16.5,5.9,11.3,11.3,13.55,2388.55,11.3,540200,-50600,3805,1909224570.0,2352,F1,200,,,,,
2026-02-18,2026-02-18,FO,NSE,STO,117780,,MAZDOCK,,2026-02-24,2026-02-24,2000.0,CE,MAZDOCK26FEB2000CE,390.0,390.0,390.0,390.0,390.0,399.0,2388.55,390.4,1400,0,1,478000.0,1,F1,200,,,,,
2026-02-18,2026-02-18,FO,NSE,STF,51977,,MAZDOCK,,2026-03-30,2026-03-30,,,MAZDOCK26MARFUT,2382.0,2419.0,2356.0,2406.8,2409.7,2385.5,2388.55,2406.8,736000,134800,1698,811172160.0,1413,F1,200,,,,,
2026-02-18,2026-02-18,FO,NSE,STO,141501,,MAZDOCK,,2026-04-28,2026-04-28,2440.0,PE,MAZDOCK26APR2440PE,0.0,0.0,0.0,285.0,0.0,285.0,2388.55,198.55,0,0,0,0.0,0,F1,200,,,,,
2026-02-18,2026-02-18,FO,NSE,STO,138864,,MAZDOCK,,2026-03-30,2026-03-30,2840.0,PE,MAZDOCK26MAR2840PE,0.0,0.0,0.0,482.95,0.0,482.95,2388.55,458.9,0,0,0,0.0,0,F1,200,,,,,
2026-02-18,2026-02-18,FO,NSE,STO,141281,,MAZDOCK,,2026-03-30,2026-03-30,2660.0,PE,MAZDOCK26MAR2660PE,0.0,0.0,0.0,396.35,0.0,396.35,2388.55,309.25,0,0,0,0.0,0,F1,200,,,,,
2026-02-18,2026-02-18,FO,NSE,STO,138726,,MAZDOCK,,2026-03-30,2026-03-30,2160.0,PE,MAZDOCK26MAR2160PE,0.0,0.0,0.0,40.0,40.0,40.0,2388.55,45.75,3800,0,0,0.0,0,F1,200,,,,,
2026-02-18,2026-02-18,FO,NSE,STO,138718,,MAZDOCK,,2026-03-30,2026-03-30,2000.0,PE,MAZDOCK26MAR2000PE,10.75,10.8,10.75,10.8,10.8,69.4,2388.55,16.35,600,600,3,1206460.0,2,F1,200,,,,,
2026-02-18,2026-02-18,FO,NSE,STO,138447,,MAZDOCK,,2026-02-24,2026-02-24,2960.0,PE,MAZDOCK26FEB2960PE,0.0,0.0,0.0,465.0,465.0,465.0,2388.55,568.8,9800,0,0,0.0,0,F1,200,,,,,
2026-02-18,2026-02-18,FO,NSE,STO,138429,,MAZDOCK,,2026-02-24,2026-02-24,2740.0,PE,MAZDOCK26FEB2740PE,0.0,0.0,0.0,259.4,259.4,259.4,2388.55,349.4,200,0,0,0.0,0,F1,200,,,,,
2026-02-18,2026-02-18,FO,NSE,STO,117833,,MAZDOCK,,2026-02-24,2026-02-24,2500.0,PE,MAZDOCK26FEB2500PE,152.0,152.0,112.0,118.8,120.7,144.2,2388.55,118.8,135600,-200,28,14691340.0,21,F1,200,,,,,
2026-02-18,2026-02-18,FO,NSE,STO,138377,,MAZDOCK,,2026-02-24,2026-02-24,2220.0,PE,MAZDOCK26FEB2220PE,7.0,8.15,2.9,3.3,3.3,8.2,2388.55,6.0,27000,-9200,166,73902520.0,135,F1,200,,,,,
2026-02-18,2026-02-18,FO,NSE,STO,141520,,MAZDOCK,,2026-04-28,2026-04-28,2800.0,CE,MAZDOCK26APR2800CE,0.0,0.0,0.0,108.25,108.25,108.25,2388.55,63.2,200,0,0,0.0,0,F1,200,,,,,
2026-02-18,2026-02-18,FO,NSE,STO,141518,,MAZDOCK,,2026-04-28,2026-04-28,2760.0,CE,MAZDOCK26APR2760CE,0.0,0.0,0.0,117.35,0.0,117.35,2388.55,71.3,0,0,0,0.0,0,F1,200,,,,,
2026-02-18,2026-02-18,FO,NSE,STO,138721,,MAZDOCK,,2026-03-30,2026-03-30,2080.0,CE,MAZDOCK26MAR2080CE,0.0,0.0,0.0,503.95,0.0,503.95,2388.55,349.35,0,0,0,0.0,0,F1,200,,,,,
2026-02-18,2026-02-18,FO,NSE,STO,138384,,MAZDOCK,,2026-02-24,2026-02-24,2260.0,CE,MAZDOCK26FEB2260CE,0.0,0.0,0.0,120.95,120.95,120.95,2388.55,141.95,4600,0,0,0.0,0,F1,200,,,,,
2026-02-18,2026-02-18,FO,NSE,STO,138308,,MAZDOCK,,2026-02-24,2026-02-24,2180.0,CE,MAZDOCK26FEB2180CE,0.0,0.0,0.0,384.45,0.0,384.45,2388.55,213.45,0,0,0,0.0,0,F1,200,,,,,
2026-02-18,2026-02-18,FO,NSE,STO,138719,,MAZDOCK,,2026-03-30,2026-03-30,2040.0,CE,MAZDOCK26MAR2040CE,0.0,0.0,0.0,532.25,0.0,532.25,2388.55,382.55,0,0,0,0.0,0,F1,200,,,,,
2026-02-18,2026-02-18,FO,NSE,STO,117845,,MAZDOCK,,2026-02-24,2026-02-24,3000.0,CE,MAZDOCK26FEB3000CE,1.05,1.15,0.75,0.8,0.75,1.15,2388.55,0.8,466400,-29800,316,189658430.0,139,F1,200,,,,,
2026-02-18,2026-02-18,FO,NSE,STO,138442,,MAZDOCK,,2026-02-24,2026-02-24,2920.0,CE,MAZDOCK26FEB2920CE,0.45,0.45,0.45,0.45,0.45,0.7,2388.55,0.05,6800,-200,1,584090.0,1,F1,200,,,,,
2026-02-18,2026-02-18,FO,NSE,STO,138434,,MAZDOCK,,2026-02-24,2026-02-24,2820.0,CE,MAZDOCK26FEB2820CE,1.75,1.85,1.15,1.2,1.2,2.0,2388.55,0.1,7600,-200,24,13543120.0,24,F1,200,,,,,
2026-02-18,2026-02-18,FO,NSE,STO,138423,,MAZDOCK,,2026-02-24,2026-02-24,2660.0,PE,MAZDOCK26FEB2660PE,0.0,0.0,0.0,242.9,242.9,242.9,2388.55,270.75,23400,0,0,0.0,0,F1,200,,,,,
2026-02-18,2026-02-18,FO,NSE,STO,138421,,MAZDOCK,,2026-02-24,2026-02-24,2640.0,PE,MAZDOCK26FEB2640PE,0.0,0.0,0.0,220.0,220.0,220.0,2388.55,251.45,15200,0,0,0.0,0,F1,200,,,,,
2026-02-18,2026-02-18,FO,NSE,STO,117831,,MAZDOCK,,2026-02-24,2026-02-24,2400.0,PE,MAZDOCK26FEB2400PE,59.0,75.85,35.0,40.2,39.85,62.2,2388.55,40.2,130600,-18400,470,230163020.0,391,F1,200,,,,,
2026-02-18,2026-02-18,FO,NSE,STO,138391,,MAZDOCK,,2026-02-24,2026-02-24,2260.0,PE,MAZDOCK26FEB2260PE,11.0,13.45,4.55,5.05,5.1,11.85,2388.55,5.05,9400,-13200,146,66188240.0,116,F1,200,,,,,
2026-02-18,2026-02-18,FO,NSE,STO,141516,,MAZDOCK,,2026-04-28,2026-04-28,2720.0,CE,MAZDOCK26APR2720CE,0.0,0.0,0.0,127.05,0.0,127.05,2388.55,80.25,0,0,0,0.0,0,F1,200,,,,,
2026-02-18,2026-02-18,FO,NSE,STO,141280,,MAZDOCK,,2026-03-30,2026-03-30,2660.0,CE,MAZDOCK26MAR2660CE,0.0,0.0,0.0,99.3,0.0,99.3,2388.55,53.8,0,0,0,0.0,0,F1,200,,,,,
2026-02-18,2026-02-18,FO,NSE,STO,138749,,MAZDOCK,,2026-03-30,2026-03-30,2640.0,CE,MAZDOCK26MAR2640CE,0.0,0.0,0.0,210.2,0.0,210.2,2388.55,58.35,0,0,0,0.0,0,F1,200,,,,,
2026-02-18,2026-02-18,FO,NSE,STO,141274,,MAZDOCK,,2026-03-30,2026-03-30,2540.0,CE,MAZDOCK26MAR2540CE,0.0,0.0,0.0,85.0,85.0,85.0,2388.55,86.3,400,0,0,0.0,0,F1,200,,,,,
2026-02-18,2026-02-18,FO,NSE,STO,141531,,MAZDOCK,,2026-04-28,2026-04-28,2880.0,PE,MAZDOCK26APR2880PE,0.0,0.0,0.0,592.7,0.0,592.7,2388.55,511.05,0,0,0,0.0,0,F1,200,,,,,
2026-02-18,2026-02-18,FO,NSE,STO,141503,,MAZDOCK,,2026-04-28,2026-04-28,2480.0,PE,MAZDOCK26APR2480PE,0.0,0.0,0.0,308.9,0.0,308.9,2388.55,221.4,0,0,0,0.0,0,F1,200,,,,,
2026-02-18,2026-02-18,FO,NSE,STO,141487,,MAZDOCK,,2026-04-28,2026-04-28,2160.0,PE,MAZDOCK26APR2160PE,0.0,0.0,0.0,145.55,0.0,145.55,2388.55,76.8,0,0,0,0.0,0,F1,200,,,,,
2026-02-18,2026-02-18,FO,NSE,STO,141358,,MAZDOCK,,2026-04-28,2026-04-28,1920.0,PE,MAZDOCK26APR1920PE,0.0,0.0,0.0,67.15,0.0,67.15,2388.55,23.95,0,0,0,0.0,0,F1,200,,,,,
2026-02-18,2026-02-18,FO,NSE,STO,138758,,MAZDOCK,,2026-03-30,2026-03-30,2800.0,PE,MAZDOCK26MAR2800PE,420.0,420.0,397.4,400.7,401.0,440.0,2388.55,400.7,2600,1600,8,5128080.0,8,F1,200,,,,,
2026-02-18,2026-02-18,FO,NSE,STO,138752,,MAZDOCK,,2026-03-30,2026-03-30,2680.0,PE,MAZDOCK26MAR2680PE,0.0,0.0,0.0,374.0,0.0,374.0,2388.55,324.85,0,0,0,0.0,0,F1,200,,,,,
2026-02-18,2026-02-18,FO,NSE,STO,138748,,MAZDOCK,,2026-03-30,2026-03-30,2600.0,PE,MAZDOCK26MAR2600PE,270.0,270.0,227.0,227.0,227.0,266.0,2388.55,264.3,2800,400,4,2282000.0,4,F1,200,,,,,
2026-02-18,2026-02-18,FO,NSE,STO,141273,,MAZDOCK,,2026-03-30,2026-03-30,2500.0,PE,MAZDOCK26MAR2500PE,188.0,188.0,161.0,163.0,161.0,184.0,2388.55,163.0,8200,600,5,2673770.0,5,F1,200,,,,,
2026-02-18,2026-02-18,FO,NSE,STO,138439,,MAZDOCK,,2026-02-24,2026-02-24,2860.0,PE,MAZDOCK26FEB2860PE,0.0,0.0,0.0,493.15,493.15,493.15,2388.55,468.9,200,0,0,0.0,0,F1,200,,,,,
2026-02-18,2026-02-18,FO,NSE,STO,117840,,MAZDOCK,,2026-02-24,2026-02-24,2800.0,PE,MAZDOCK26FEB2800PE,452.0,452.0,406.0,406.35,406.0,455.0,2388.55,406.35,38000,-1800,9,5803000.0,9,F1,200,,,,,
2026-02-18,2026-02-18,FO,NSE,STO,138731,,MAZDOCK,,2026-03-30,2026-03-30,2280.0,CE,MAZDOCK26MAR2280CE,0.0,0.0,0.0,377.15,0.0,377.15,2388.55,206.4,0,0,0,0.0,0,F1,200,,,,,
2026-02-18,2026-02-18,FO,NSE,STO,138723,,MAZDOCK,,2026-03-30,2026-03-30,2120.0,CE,MAZDOCK26MAR2120CE,0.0,0.0,0.0,476.65,0.0,476.65,2388.55,317.55,0,0,0,0.0,0,F1,200,,,,,
2026-02-18,2026-02-18,FO,NSE,STO,141168,,MAZDOCK,,2026-03-30,2026-03-30,2100.0,CE,MAZDOCK26MAR2100CE,0.0,0.0,0.0,347.3,0.0,347.3,2388.55,333.3,0,0,0,0.0,0,F1,200,,,,,
2026-02-18,2026-02-18,FO,NSE,STO,138297,,MAZDOCK,,2026-02-24,2026-02-24,2040.0,PE,MAZDOCK26FEB2040PE,0.0,0.0,0.0,46.3,0.0,46.3,2388.55,0.1,0,0,0,0.0,0,F1,200,,,,,
2026-02-18,2026-02-18,FO,NSE,STO,138743,,MAZDOCK,,2026-03-30,2026-03-30,2520.0,CE,MAZDOCK26MAR2520CE,0.0,0.0,0.0,257.55,0.0,257.55,2388.55,92.95,0,0,0,0.0,0,F1,200,,,,,
2026-02-18,2026-02-18,FO,NSE,STO,138741,,MAZDOCK,,2026-03-30,2026-03-30,2480.0,CE,MAZDOCK26MAR2480CE,84.7,84.7,84.7,84.7,84.7,275.1,2388.55,107.5,200,200,1,512940.0,1,F1,200,,,,,
2026-02-18,2026-02-18,FO,NSE,STO,141268,,MAZDOCK,,2026-03-30,2026-03-30,2420.0,CE,MAZDOCK26MAR2420CE,0.0,0.0,0.0,85.7,85.7,85.7,2388.55,132.5,1200,0,0,0.0,0,F1,200,,,,,
2026-02-18,2026-02-18,FO,NSE,STO,138735,,MAZDOCK,,2026-03-30,2026-03-30,2360.0,CE,MAZDOCK26MAR2360CE,120.75,135.0,116.0,132.9,132.9,129.75,2388.55,132.9,3200,600,7,3485870.0,5,F1,200,,,,,
2026-02-18,2026-02-18,FO,NSE,STO,138717,,MAZDOCK,,2026-03-30,2026-03-30,2000.0,CE,MAZDOCK26MAR2000CE,0.0,0.0,0.0,385.0,385.0,385.0,2388.55,416.95,200,0,0,0.0,0,F1,200,,,,,
2026-02-18,2026-02-18,FO,NSE,STO,138416,,MAZDOCK,,2026-02-24,2026-02-24,2580.0,CE,MAZDOCK26FEB2580CE,6.9,6.9,3.2,5.25,5.3,7.4,2388.55,5.25,66400,-2400,533,275517730.0,417,F1,200,,,,,
2026-02-18,2026-02-18,FO,NSE,STO,138412,,MAZDOCK,,2026-02-24,2026-02-24,2540.0,CE,MAZDOCK26FEB2540CE,7.95,8.7,4.0,7.05,7.05,9.4,2388.55,7.05,146600,4200,589,299904680.0,474,F1,200,,,,,
2026-02-18,2026-02-18,FO,NSE,STO,138408,,MAZDOCK,,2026-02-24,2026-02-24,2480.0,CE,MAZDOCK26FEB2480CE,15.5,15.5,7.4,13.6,13.6,15.8,2388.55,13.6,99000,3800,596,297034470.0,419,F1,200,,,,,
2026-02-18,2026-02-18,FO,NSE,STO,141277,,MAZDOCK,,2026-03-30,2026-03-30,2580.0,PE,MAZDOCK26MAR2580PE,0.0,0.0,0.0,339.25,0.0,339.25,2388.55,250.0,0,0,0,0.0,0,F1,200,,,,,
2026-02-18,2026-02-18,FO,NSE,STO,138406,,MAZDOCK,,2026-02-24,2026-02-24,2460.0,CE,MAZDOCK26FEB2460CE,18.85,19.1,9.05,16.55,16.65,19.15,2388.55,16.55,119000,-7000,1117,552471790.0,781,F1,200,,,,,
2026-02-18,2026-02-18,FO,NSE,STO,117794,,MAZDOCK,,2026-02-24,2026-02-24,2300.0,CE,MAZDOCK26FEB2300CE,85.6,110.5,65.0,101.7,100.45,91.7,2388.55,101.7,101800,-6200,166,79190680.0,126,F1,200,,,,,
2026-02-18,2026-02-18,FO,NSE,STO,138750,,MAZDOCK,,2026-03-30,2026-03-30,2640.0,PE,MAZDOCK26MAR2640PE,0.0,0.0,0.0,348.7,0.0,348.7,2388.55,293.95,0,0,0,0.0,0,F1,200,,,,,
2026-02-18,2026-02-18,FO,NSE,STO,138868,,MAZDOCK,,2026-03-30,2026-03-30,2880.0,PE,MAZDOCK26MAR2880PE,0.0,0.0,0.0,511.95,0.0,511.95,2388.55,494.5,0,0,0,0.0,0,F1,200,,,,,
2026-02-18,2026-02-18,FO,NSE,STO,141485,,MAZDOCK,,2026-04-28,2026-04-28,2120.0,PE,MAZDOCK26APR2120PE,0.0,0.0,0.0,129.8,0.0,129.8,2388.55,64.95,0,0,0,0.0,0,F1,200,,,,,
2026-02-18,2026-02-18,FO,NSE,STO,141519,,MAZDOCK,,2026-04-28,2026-04-28,2760.0,PE,MAZDOCK26APR2760PE,0.0,0.0,0.0,500.0,0.0,500.0,2388.55,414.2,0,0,0,0.0,0,F1,200,,,,,
2026-02-18,2026-02-18,FO,NSE,STO,138409,,MAZDOCK,,2026-02-24,2026-02-24,2480.0,PE,MAZDOCK26FEB2480PE,123.35,140.7,97.0,100.55,100.35,129.0,2388.55,100.55,26000,-4000,32,16628240.0,32,F1,200,,,,,
2026-02-18,2026-02-18,FO,NSE,STO,138411,,MAZDOCK,,2026-02-24,2026-02-24,2520.0,PE,MAZDOCK26FEB2520PE,0.0,0.0,0.0,163.35,163.35,163.35,2388.55,142.65,12400,0,0,0.0,0,F1,200,,,,,
2026-02-18,2026-02-18,FO,NSE,STO,138415,,MAZDOCK,,2026-02-24,2026-02-24,2560.0,PE,MAZDOCK26FEB2560PE,0.0,0.0,0.0,136.8,136.8,136.8,2388.55,177.05,14200,0,0,0.0,0,F1,200,,,,,
2026-02-18,2026-02-18,FO,NSE,STO,138443,,MAZDOCK,,2026-02-24,2026-02-24,2920.0,PE,MAZDOCK26FEB2920PE,0.0,0.0,0.0,505.6,0.0,505.6,2388.55,528.8,0,0,0,0.0,0,F1,200,,,,,
2026-02-18,2026-02-18,FO,NSE,STO,138722,,MAZDOCK,,2026-03-30,2026-03-30,2080.0,PE,MAZDOCK26MAR2080PE,0.0,0.0,0.0,90.75,0.0,90.75,2388.55,28.3,0,0,0,0.0,0,F1,200,,,,,
2026-02-18,2026-02-18,FO,NSE,STO,138728,,MAZDOCK,,2026-03-30,2026-03-30,2200.0,PE,MAZDOCK26MAR2200PE,44.25,50.7,33.0,35.8,36.75,46.0,2388.55,35.8,21800,2600,190,85229500.0,99,F1,200,,,,,
2026-02-18,2026-02-18,FO,NSE,STO,138730,,MAZDOCK,,2026-03-30,2026-03-30,2240.0,PE,MAZDOCK26MAR2240PE,0.0,0.0,0.0,69.5,69.5,69.5,2388.55,69.6,6400,0,0,0.0,0,F1,200,,,,,
2026-02-18,2026-02-18,FO,NSE,STO,141261,,MAZDOCK,,2026-03-30,2026-03-30,2260.0,PE,MAZDOCK26MAR2260PE,0.0,0.0,0.0,78.95,78.95,78.95,2388.55,76.65,400,0,0,0.0,0,F1,200,,,,,
2026-02-18,2026-02-18,FO,NSE,STO,138734,,MAZDOCK,,2026-03-30,2026-03-30,2320.0,PE,MAZDOCK26MAR2320PE,0.0,0.0,0.0,54.0,54.0,54.0,2388.55,100.5,2400,0,0,0.0,0,F1,200,,,,,
2026-02-18,2026-02-18,FO,NSE,STO,141271,,MAZDOCK,,2026-03-30,2026-03-30,2460.0,PE,MAZDOCK26MAR2460PE,0.0,0.0,0.0,106.6,106.6,106.6,2388.55,172.1,400,0,0,0.0,0,F1,200,,,,,
2026-02-18,2026-02-18,FO,NSE,STO,138403,,MAZDOCK,,2026-02-24,2026-02-24,2420.0,PE,MAZDOCK26FEB2420PE,89.5,89.5,47.0,53.6,55.15,74.25,2388.55,53.6,18800,-1000,57,28313880.0,46,F1,200,,,,,
2026-02-18,2026-02-18,FO,NSE,STO,117822,,MAZDOCK,,2026-02-24,2026-02-24,2300.0,PE,MAZDOCK26FEB2300PE,18.0,23.65,7.65,8.55,8.8,18.1,2388.55,8.55,202800,-6000,893,413260130.0,631,F1,200,,,,,
2026-02-18,2026-02-18,FO,NSE,STO,138383,,MAZDOCK,,2026-02-24,2026-02-24,2240.0,PE,MAZDOCK26FEB2240PE,8.0,10.55,3.5,4.0,4.0,9.45,2388.55,4.0,20600,4600,106,47605600.0,94,F1,200,,,,,
2026-02-18,2026-02-18,FO,NSE,STO,138405,,MAZDOCK,,2026-02-24,2026-02-24,2440.0,PE,MAZDOCK26FEB2440PE,97.0,105.0,61.1,67.7,69.45,98.7,2388.55,67.7,17600,-4200,46,23186370.0,45,F1,200,,,,,
2026-02-18,2026-02-18,FO,NSE,STO,138417,,MAZDOCK,,2026-02-24,2026-02-24,2580.0,PE,MAZDOCK26FEB2580PE,0.0,0.0,0.0,226.75,226.75,226.75,2388.55,195.1,16400,0,0,0.0,0,F1,200,,,,,
2026-02-18,2026-02-18,FO,NSE,STO,117835,,MAZDOCK,,2026-02-24,2026-02-24,2600.0,PE,MAZDOCK26FEB2600PE,230.0,230.0,200.0,210.35,211.05,234.65,2388.55,210.35,92400,-1000,17,9565140.0,12,F1,200,,,,,
2026-02-18,2026-02-18,FO,NSE,STO,138738,,MAZDOCK,,2026-03-30,2026-03-30,2400.0,PE,MAZDOCK26MAR2400PE,124.95,128.95,99.0,103.7,103.5,118.0,2388.55,103.7,23200,18000,118,59252230.0,115,F1,200,,,,,
2026-02-18,2026-02-18,FO,NSE,STO,141269,,MAZDOCK,,2026-03-30,2026-03-30,2420.0,PE,MAZDOCK26MAR2420PE,0.0,0.0,0.0,93.5,93.5,93.5,2388.55,149.4,400,0,0,0.0,0,F1,200,,,,,
2026-02-18,2026-02-18,FO,NSE,STO,141285,,MAZDOCK,,2026-03-30,2026-03-30,2740.0,PE,MAZDOCK26MAR2740PE,0.0,0.0,0.0,457.15,0.0,457.15,2388.55,373.3,0,0,0,0.0,0,F1,200,,,,,
2026-02-18,2026-02-18,FO,NSE,STO,141497,,MAZDOCK,,2026-04-28,2026-04-28,2360.0,PE,MAZDOCK26APR2360PE,0.0,0.0,0.0,240.05,0.0,240.05,2388.55,156.85,0,0,0,0.0,0,F1,200,,,,,
2026-02-18,2026-02-18,FO,NSE,STO,141505,,MAZDOCK,,2026-04-28,2026-04-28,2520.0,PE,MAZDOCK26APR2520PE,0.0,0.0,0.0,333.7,0.0,333.7,2388.55,245.55,0,0,0,0.0,0,F1,200,,,,,
2026-02-18,2026-02-18,FO,NSE,STO,141512,,MAZDOCK,,2026-04-28,2026-04-28,2640.0,CE,MAZDOCK26APR2640CE,0.0,0.0,0.0,148.8,0.0,148.8,2388.55,100.95,0,0,0,0.0,0,F1,200,,,,,
2026-02-18,2026-02-18,FO,NSE,STO,138737,,MAZDOCK,,2026-03-30,2026-03-30,2400.0,CE,MAZDOCK26MAR2400CE,100.0,118.0,92.9,113.7,112.5,108.3,2388.55,113.7,50800,17600,370,185581210.0,306,F1,200,,,,,
2026-02-18,2026-02-18,FO,NSE,STO,141260,,MAZDOCK,,2026-03-30,2026-03-30,2260.0,CE,MAZDOCK26MAR2260CE,0.0,0.0,0.0,175.0,175.0,175.0,2388.55,218.8,2200,0,0,0.0,0,F1,200,,,,,
2026-02-18,2026-02-18,FO,NSE,STO,138729,,MAZDOCK,,2026-03-30,2026-03-30,2240.0,CE,MAZDOCK26MAR2240CE,0.0,0.0,0.0,400.5,0.0,400.5,2388.55,231.6,0,0,0,0.0,0,F1,200,,,,,
2026-02-18,2026-02-18,FO,NSE,STO,138298,,MAZDOCK,,2026-02-24,2026-02-24,2060.0,CE,MAZDOCK26FEB2060CE,0.0,0.0,0.0,472.0,0.0,472.0,2388.55,330.6,0,0,0,0.0,0,F1,200,,,,,
2026-02-18,2026-02-18,FO,NSE,STO,141272,,MAZDOCK,,2026-03-30,2026-03-30,2500.0,CE,MAZDOCK26MAR2500CE,67.6,74.85,59.75,71.3,72.7,71.15,2388.55,71.3,43800,9800,227,116551760.0,185,F1,200,,,,,
2026-02-18,2026-02-18,FO,NSE,STO,141284,,MAZDOCK,,2026-03-30,2026-03-30,2740.0,CE,MAZDOCK26MAR2740CE,0.0,0.0,0.0,54.35,54.4,54.35,2388.55,38.35,1200,0,0,0.0,0,F1,200,,,,,
2026-02-18,2026-02-18,FO,NSE,STO,138759,,MAZDOCK,,2026-03-30,2026-03-30,2840.0,CE,MAZDOCK26MAR2840CE,0.0,0.0,0.0,28.1,28.1,28.1,2388.55,24.5,3800,0,0,0.0,0,F1,200,,,,,
2026-02-18,2026-02-18,FO,NSE,STO,141514,,MAZDOCK,,2026-04-28,2026-04-28,2680.0,CE,MAZDOCK26APR2680CE,0.0,0.0,0.0,137.55,0.0,137.55,2388.55,90.1,0,0,0,0.0,0,F1,200,,,,,
2026-02-18,2026-02-18,FO,NSE,STO,138720,,MAZDOCK,,2026-03-30,2026-03-30,2040.0,PE,MAZDOCK26MAR2040PE,0.0,0.0,0.0,79.65,0.0,79.65,2388.55,21.7,0,0,0,0.0,0,F1,200,,,,,
2026-02-18,2026-02-18,FO,NSE,STO,138304,,MAZDOCK,,2026-02-24,2026-02-24,2140.0,CE,MAZDOCK26FEB2140CE,0.0,0.0,0.0,412.5,0.0,412.5,2388.55,251.75,0,0,0,0.0,0,F1,200,,,,,
2026-02-18,2026-02-18,FO,NSE,STO,138310,,MAZDOCK,,2026-02-24,2026-02-24,2220.0,CE,MAZDOCK26FEB2220CE,0.0,0.0,0.0,357.45,0.0,357.45,2388.55,176.55,0,0,0,0.0,0,F1,200,,,,,
2026-02-18,2026-02-18,FO,NSE,STO,138394,,MAZDOCK,,2026-02-24,2026-02-24,2320.0,CE,MAZDOCK26FEB2320CE,60.0,90.0,52.65,83.9,83.9,75.25,2388.55,83.9,21200,200,26,12432350.0,25,F1,200,,,,,
2026-02-18,2026-02-18,FO,NSE,STO,138400,,MAZDOCK,,2026-02-24,2026-02-24,2380.0,CE,MAZDOCK26FEB2380CE,38.0,51.0,24.65,43.55,42.4,41.9,2388.55,43.55,50600,-22000,1811,875720040.0,1555,F1,200,,,,,
2026-02-18,2026-02-18,FO,NSE,STO,117823,,MAZDOCK,,2026-02-24,2026-02-24,2400.0,CE,MAZDOCK26FEB2400CE,33.0,40.25,19.1,34.25,34.95,34.1,2388.55,34.25,318800,800,4748,2308213120.0,4067,F1,200,,,,,
2026-02-18,2026-02-18,FO,NSE,STO,138426,,MAZDOCK,,2026-02-24,2026-02-24,2720.0,CE,MAZDOCK26FEB2720CE,1.5,2.0,1.5,2.0,2.0,3.75,2388.55,0.6,10800,-4600,28,15241920.0,17,F1,200,,,,,
2026-02-18,2026-02-18,FO,NSE,STO,138428,,MAZDOCK,,2026-02-24,2026-02-24,2740.0,CE,MAZDOCK26FEB2740CE,2.4,2.4,1.55,1.95,1.9,2.9,2388.55,1.95,21200,-3400,61,33451050.0,51,F1,200,,,,,
2026-02-18,2026-02-18,FO,NSE,STO,138436,,MAZDOCK,,2026-02-24,2026-02-24,2840.0,CE,MAZDOCK26FEB2840CE,0.0,0.0,0.0,2.8,2.8,2.8,2388.55,0.05,15200,0,0,0.0,0,F1,200,,,,,
2026-02-18,2026-02-18,FO,NSE,STO,141262,,MAZDOCK,,2026-03-30,2026-03-30,2300.0,CE,MAZDOCK26MAR2300CE,165.0,172.65,144.45,168.5,166.95,165.0,2388.55,168.5,6800,5000,69,33920320.0,68,F1,200,,,,,
2026-02-18,2026-02-18,FO,NSE,STO,141482,,MAZDOCK,,2026-04-28,2026-04-28,2080.0,CE,MAZDOCK26APR2080CE,0.0,0.0,0.0,402.1,0.0,402.1,2388.55,384.45,0,0,0,0.0,0,F1,200,,,,,
2026-02-18,2026-02-18,FO,NSE,STO,141496,,MAZDOCK,,2026-04-28,2026-04-28,2360.0,CE,MAZDOCK26APR2360CE,0.0,0.0,0.0,251.3,0.0,251.3,2388.55,209.8,0,0,0,0.0,0,F1,200,,,,,
2026-02-18,2026-02-18,FO,NSE,STO,138291,,MAZDOCK,,2026-02-24,2026-02-24,1960.0,PE,MAZDOCK26FEB1960PE,1.4,1.55,0.8,0.8,0.8,1.35,2388.55,0.05,17400,-4200,50,19613250.0,46,F1,200,,,,,
2026-02-18,2026-02-18,FO,NSE,STO,138419,,MAZDOCK,,2026-02-24,2026-02-24,2620.0,PE,MAZDOCK26FEB2620PE,0.0,0.0,0.0,240.0,240.0,240.0,2388.55,232.35,9600,0,0,0.0,0,F1,200,,,,,
2026-02-18,2026-02-18,FO,NSE,STO,117837,,MAZDOCK,,2026-02-24,2026-02-24,2700.0,PE,MAZDOCK26FEB2700PE,0.0,0.0,0.0,333.0,333.0,333.0,2388.55,309.85,35800,0,0,0.0,0,F1,200,,,,,
2026-02-18,2026-02-18,FO,NSE,STO,141265,,MAZDOCK,,2026-03-30,2026-03-30,2340.0,PE,MAZDOCK26MAR2340PE,78.65,82.4,73.8,78.85,81.65,91.15,2388.55,78.85,4400,1000,26,12563940.0,22,F1,200,,,,,
2026-02-18,2026-02-18,FO,NSE,STO,138746,,MAZDOCK,,2026-03-30,2026-03-30,2560.0,PE,MAZDOCK26MAR2560PE,0.0,0.0,0.0,300.55,0.0,300.55,2388.55,236.05,0,0,0,0.0,0,F1,200,,,,,
2026-02-18,2026-02-18,FO,NSE,STO,141499,,MAZDOCK,,2026-04-28,2026-04-28,2400.0,PE,MAZDOCK26APR2400PE,0.0,0.0,0.0,262.05,0.0,262.05,2388.55,177.0,0,0,0,0.0,0,F1,200,,,,,
2026-02-18,2026-02-18,FO,NSE,STO,141498,,MAZDOCK,,2026-04-28,2026-04-28,2400.0,CE,MAZDOCK26APR2400CE,170.1,170.1,170.1,170.1,170.1,230.0,2388.55,190.4,400,200,1,514020.0,1,F1,200,,,,,
2026-02-18,2026-02-18,FO,NSE,STO,141530,,MAZDOCK,,2026-04-28,2026-04-28,2880.0,CE,MAZDOCK26APR2880CE,0.0,0.0,0.0,91.9,0.0,91.9,2388.55,49.4,0,0,0,0.0,0,F1,200,,,,,
2026-02-18,2026-02-18,FO,NSE,STO,138303,,MAZDOCK,,2026-02-24,2026-02-24,2120.0,PE,MAZDOCK26FEB2120PE,4.0,4.0,1.65,1.95,2.3,7.6,2388.55,1.95,8200,-3200,35,14854170.0,26,F1,200,,,,,
2026-02-18,2026-02-18,FO,NSE,STO,117785,,MAZDOCK,,2026-02-24,2026-02-24,2200.0,PE,MAZDOCK26FEB2200PE,6.35,7.35,2.4,2.85,2.75,6.7,2388.55,2.85,101400,-7600,555,244683630.0,452,F1,200,,,,,
2026-02-18,2026-02-18,FO,NSE,STO,138393,,MAZDOCK,,2026-02-24,2026-02-24,2280.0,PE,MAZDOCK26FEB2280PE,16.0,17.65,5.95,6.3,6.5,14.9,2388.55,6.3,16000,1800,311,142457460.0,264,F1,200,,,,,
2026-02-18,2026-02-18,FO,NSE,STO,138413,,MAZDOCK,,2026-02-24,2026-02-24,2540.0,PE,MAZDOCK26FEB2540PE,179.55,182.35,148.65,152.95,155.05,185.95,2388.55,152.95,26200,-2400,19,10298290.0,19,F1,200,,,,,
2026-02-18,2026-02-18,FO,NSE,STO,138445,,MAZDOCK,,2026-02-24,2026-02-24,2940.0,PE,MAZDOCK26FEB2940PE,0.0,0.0,0.0,560.0,560.0,560.0,2388.55,548.8,200,0,0,0.0,0,F1,200,,,,,
2026-02-18,2026-02-18,FO,NSE,STO,138724,,MAZDOCK,,2026-03-30,2026-03-30,2120.0,PE,MAZDOCK26MAR2120PE,0.0,0.0,0.0,45.0,45.0,45.0,2388.55,36.3,600,0,0,0.0,0,F1,200,,,,,
2026-02-18,2026-02-18,FO,NSE,STO,141283,,MAZDOCK,,2026-03-30,2026-03-30,2700.0,PE,MAZDOCK26MAR2700PE,305.5,311.0,305.5,309.15,311.0,345.0,2388.55,309.15,800,600,3,1805480.0,3,F1,200,,,,,
2026-02-18,2026-02-18,FO,NSE,STO,141289,,MAZDOCK,,2026-03-30,2026-03-30,2820.0,PE,MAZDOCK26MAR2820PE,0.0,0.0,0.0,520.75,0.0,520.75,2388.55,441.35,0,0,0,0.0,0,F1,200,,,,,
2026-02-18,2026-02-18,FO,NSE,STO,117784,,MAZDOCK,,2026-02-24,2026-02-24,2200.0,CE,MAZDOCK26FEB2200CE,190.0,199.65,190.0,196.95,196.7,170.6,2388.55,196.95,4200,-800,11,5270980.0,11,F1,200,,,,,
2026-02-18,2026-02-18,FO,NSE,STO,141535,,MAZDOCK,,2026-04-28,2026-04-28,2960.0,PE,MAZDOCK26APR2960PE,0.0,0.0,0.0,657.25,0.0,657.25,2388.55,579.1,0,0,0,0.0,0,F1,200,,,,,
2026-02-18,2026-02-18,FO,NSE,STO,141511,,MAZDOCK,,2026-04-28,2026-04-28,2600.0,PE,MAZDOCK26APR2600PE,0.0,0.0,0.0,385.95,0.0,385.95,2388.55,297.45,0,0,0,0.0,0,F1,200,,,,,
2026-02-18,2026-02-18,FO,NSE,STO,141509,,MAZDOCK,,2026-04-28,2026-04-28,2560.0,PE,MAZDOCK26APR2560PE,0.0,0.0,0.0,359.4,0.0,359.4,2388.55,270.9,0,0,0,0.0,0,F1,200,,,,,
2026-02-18,2026-02-18,FO,NSE,STO,141495,,MAZDOCK,,2026-04-28,2026-04-28,2320.0,PE,MAZDOCK26APR2320PE,0.0,0.0,0.0,219.1,0.0,219.1,2388.55,138.05,0,0,0,0.0,0,F1,200,,,,,
2026-02-18,2026-02-18,FO,NSE,STO,141279,,MAZDOCK,,2026-03-30,2026-03-30,2620.0,PE,MAZDOCK26MAR2620PE,0.0,0.0,0.0,367.35,0.0,367.35,2388.55,278.95,0,0,0,0.0,0,F1,200,,,,,
2026-02-18,2026-02-18,FO,NSE,STO,138742,,MAZDOCK,,2026-03-30,2026-03-30,2480.0,PE,MAZDOCK26MAR2480PE,0.0,0.0,0.0,145.0,145.0,145.0,2388.55,184.05,4000,0,0,0.0,0,F1,200,,,,,
2026-02-18,2026-02-18,FO,NSE,STO,141259,,MAZDOCK,,2026-03-30,2026-03-30,2220.0,PE,MAZDOCK26MAR2220PE,0.0,0.0,0.0,66.6,66.6,66.6,2388.55,63.0,3000,0,0,0.0,0,F1,200,,,,,
2026-02-18,2026-02-18,FO,NSE,STO,141173,,MAZDOCK,,2026-03-30,2026-03-30,2180.0,PE,MAZDOCK26MAR2180PE,0.0,0.0,0.0,44.05,44.05,44.05,2388.55,51.1,3000,0,0,0.0,0,F1,200,,,,,
2026-02-18,2026-02-18,FO,NSE,STO,141167,,MAZDOCK,,2026-03-30,2026-03-30,2060.0,PE,MAZDOCK26MAR2060PE,0.0,0.0,0.0,77.7,0.0,77.7,2388.55,24.85,0,0,0,0.0,0,F1,200,,,,,
2026-02-18,2026-02-18,FO,NSE,STO,138407,,MAZDOCK,,2026-02-24,2026-02-24,2460.0,PE,MAZDOCK26FEB2460PE,115.45,122.5,75.95,83.0,85.0,112.55,2388.55,83.0,48000,-4000,26,13298350.0,24,F1,200,,,,,
2026-02-18,2026-02-18,FO,NSE,STO,138399,,MAZDOCK,,2026-02-24,2026-02-24,2360.0,PE,MAZDOCK26FEB2360PE,44.45,49.95,19.3,21.95,22.25,40.1,2388.55,21.95,61800,-400,802,383204830.0,638,F1,200,,,,,
2026-02-18,2026-02-18,FO,NSE,STO,141488,,MAZDOCK,,2026-04-28,2026-04-28,2200.0,CE,MAZDOCK26APR2200CE,0.0,0.0,0.0,331.15,0.0,331.15,2388.55,301.35,0,0,0,0.0,0,F1,200,,,,,
2026-02-18,2026-02-18,FO,NSE,STO,141288,,MAZDOCK,,2026-03-30,2026-03-30,2820.0,CE,MAZDOCK26MAR2820CE,0.0,0.0,0.0,65.35,0.0,65.35,2388.55,26.85,0,0,0,0.0,0,F1,200,,,,,
2026-02-18,2026-02-18,FO,NSE,STO,141278,,MAZDOCK,,2026-03-30,2026-03-30,2620.0,CE,MAZDOCK26MAR2620CE,0.0,0.0,0.0,109.85,0.0,109.85,2388.55,63.25,0,0,0,0.0,0,F1,200,,,,,
2026-02-18,2026-02-18,FO,NSE,STO,141266,,MAZDOCK,,2026-03-30,2026-03-30,2380.0,CE,MAZDOCK26MAR2380CE,119.35,125.5,106.0,124.0,124.0,119.35,2388.55,124.0,4000,1800,15,7500250.0,13,F1,200,,,,,
2026-02-18,2026-02-18,FO,NSE,STO,138733,,MAZDOCK,,2026-03-30,2026-03-30,2320.0,CE,MAZDOCK26MAR2320CE,0.0,0.0,0.0,354.8,0.0,354.8,2388.55,183.0,0,0,0,0.0,0,F1,200,,,,,
2026-02-18,2026-02-18,FO,NSE,STO,138444,,MAZDOCK,,2026-02-24,2026-02-24,2940.0,CE,MAZDOCK26FEB2940CE,0.0,0.0,0.0,2.3,2.3,2.3,2388.55,0.05,2800,0,0,0.0,0,F1,200,,,,,
2026-02-18,2026-02-18,FO,NSE,STO,138398,,MAZDOCK,,2026-02-24,2026-02-24,2360.0,CE,MAZDOCK26FEB2360CE,46.35,64.6,32.0,55.25,54.35,51.5,2388.55,55.25,31000,-23200,1029,495075630.0,895,F1,200,,,,,
2026-02-18,2026-02-18,FO,NSE,STF,59421,,MAZDOCK,,2026-02-24,2026-02-24,,,MAZDOCK26FEBFUT,2366.3,2405.4,2340.2,2393.1,2395.0,2371.2,2388.55,2393.1,4171600,-126000,2910,1382557840.0,2414,F1,200,,,,,
2026-02-18,2026-02-18,FO,NSE,STO,141490,,MAZDOCK,,2026-04-28,2026-04-28,2240.0,CE,MAZDOCK26APR2240CE,0.0,0.0,0.0,309.6,0.0,309.6,2388.55,276.35,0,0,0,0.0,0,F1,200,,,,,
2026-02-18,2026-02-18,FO,NSE,STO,138301,,MAZDOCK,,2026-02-24,2026-02-24,2080.0,PE,MAZDOCK26FEB2080PE,2.5,2.5,2.0,2.15,2.15,4.05,2388.55,2.15,9200,-1000,6,2498620.0,4,F1,200,,,,,
2026-02-18,2026-02-18,FO,NSE,STO,138309,,MAZDOCK,,2026-02-24,2026-02-24,2180.0,PE,MAZDOCK26FEB2180PE,0.0,0.0,0.0,5.4,5.4,5.4,2388.55,2.9,8600,0,0,0.0,0,F1,200,,,,,
2026-02-18,2026-02-18,FO,NSE,STO,138425,,MAZDOCK,,2026-02-24,2026-02-24,2680.0,PE,MAZDOCK26FEB2680PE,0.0,0.0,0.0,189.6,189.6,189.6,2388.55,290.25,1000,0,0,0.0,0,F1,200,,,,,
2026-02-18,2026-02-18,FO,NSE,STO,141267,,MAZDOCK,,2026-03-30,2026-03-30,2380.0,PE,MAZDOCK26MAR2380PE,0.0,0.0,0.0,214.45,0.0,214.45,2388.55,128.5,0,0,0,0.0,0,F1,200,,,,,
2026-02-18,2026-02-18,FO,NSE,STO,141493,,MAZDOCK,,2026-04-28,2026-04-28,2280.0,PE,MAZDOCK26APR2280PE,0.0,0.0,0.0,199.15,0.0,199.15,2388.55,120.65,0,0,0,0.0,0,F1,200,,,,,
2026-02-18,2026-02-18,FO,NSE,STO,138739,,MAZDOCK,,2026-03-30,2026-03-30,2440.0,CE,MAZDOCK26MAR2440CE,0.0,0.0,0.0,119.5,119.5,119.5,2388.55,123.75,400,0,0,0.0,0,F1,200,,,,,
2026-02-18,2026-02-18,FO,NSE,STO,141515,,MAZDOCK,,2026-04-28,2026-04-28,2680.0,PE,MAZDOCK26APR2680PE,0.0,0.0,0.0,441.4,0.0,441.4,2388.55,353.85,0,0,0,0.0,0,F1,200,,,,,
2026-02-18,2026-02-18,FO,NSE,STO,138296,,MAZDOCK,,2026-02-24,2026-02-24,2040.0,CE,MAZDOCK26FEB2040CE,0.0,0.0,0.0,320.0,320.0,320.0,2388.55,350.5,200,0,0,0.0,0,F1,200,,,,,
2026-02-18,2026-02-18,FO,NSE,STO,138422,,MAZDOCK,,2026-02-24,2026-02-24,2660.0,CE,MAZDOCK26FEB2660CE,4.0,4.1,2.2,2.95,2.95,4.4,2388.55,2.95,64800,-1800,138,73493350.0,104,F1,200,,,,,
2026-02-18,2026-02-18,FO,NSE,STO,141486,,MAZDOCK,,2026-04-28,2026-04-28,2160.0,CE,MAZDOCK26APR2160CE,0.0,0.0,0.0,353.7,0.0,353.7,2388.55,327.7,0,0,0,0.0,0,F1,200,,,,,
2026-02-18,2026-02-18,FO,NSE,STO,138869,,MAZDOCK,,2026-03-30,2026-03-30,2920.0,CE,MAZDOCK26MAR2920CE,10.35,10.35,10.0,10.0,10.0,47.2,2388.55,16.8,3200,1800,16,9376140.0,5,F1,200,,,,,
2026-02-18,2026-02-18,FO,NSE,STO,141286,,MAZDOCK,,2026-03-30,2026-03-30,2780.0,CE,MAZDOCK26MAR2780CE,0.0,0.0,0.0,72.85,0.0,72.85,2388.55,32.15,0,0,0,0.0,0,F1,200,,,,,
2026-02-18,2026-02-18,FO,NSE,STO,138753,,MAZDOCK,,2026-03-30,2026-03-30,2720.0,CE,MAZDOCK26MAR2720CE,0.0,0.0,0.0,51.0,51.0,51.0,2388.55,41.8,2400,0,0,0.0,0,F1,200,,,,,
2026-02-18,2026-02-18,FO,NSE,STO,141270,,MAZDOCK,,2026-03-30,2026-03-30,2460.0,CE,MAZDOCK26MAR2460CE,74.65,88.9,73.0,88.9,88.9,102.75,2388.55,115.4,4400,600,12,6089600.0,12,F1,200,,,,,
2026-02-18,2026-02-18,FO,NSE,STO,138725,,MAZDOCK,,2026-03-30,2026-03-30,2160.0,CE,MAZDOCK26MAR2160CE,0.0,0.0,0.0,450.3,0.0,450.3,2388.55,287.3,0,0,0,0.0,0,F1,200,,,,,
2026-02-18,2026-02-18,FO,NSE,STO,138745,,MAZDOCK,,2026-03-30,2026-03-30,2560.0,CE,MAZDOCK26MAR2560CE,66.15,66.15,53.75,59.95,53.75,95.0,2388.55,59.95,600,0,2,1047980.0,2,F1,200,,,,,
2026-02-18,2026-02-18,FO,NSE,STO,141484,,MAZDOCK,,2026-04-28,2026-04-28,2120.0,CE,MAZDOCK26APR2120CE,0.0,0.0,0.0,377.35,0.0,377.35,2388.55,355.45,0,0,0,0.0,0,F1,200,,,,,
2026-02-18,2026-02-18,FO,NSE,STO,141494,,MAZDOCK,,2026-04-28,2026-04-28,2320.0,CE,MAZDOCK26APR2320CE,0.0,0.0,0.0,269.7,0.0,269.7,2388.55,230.6,0,0,0,0.0,0,F1,200,,,,,
2026-02-18,2026-02-18,FO,NSE,STO,141502,,MAZDOCK,,2026-04-28,2026-04-28,2480.0,CE,MAZDOCK26APR2480CE,0.0,0.0,0.0,202.0,0.0,202.0,2388.55,155.6,0,0,0,0.0,0,F1,200,,,,,
2026-02-18,2026-02-18,FO,NSE,STO,141504,,MAZDOCK,,2026-04-28,2026-04-28,2520.0,CE,MAZDOCK26APR2520CE,0.0,0.0,0.0,187.4,0.0,187.4,2388.55,140.15,0,0,0,0.0,0,F1,200,,,,,
2026-02-18,2026-02-18,FO,NSE,STO,138427,,MAZDOCK,,2026-02-24,2026-02-24,2720.0,PE,MAZDOCK26FEB2720PE,0.0,0.0,0.0,355.7,0.0,355.7,2388.55,329.6,0,0,0,0.0,0,F1,200,,,,,
2026-02-18,2026-02-18,FO,NSE,STO,138754,,MAZDOCK,,2026-03-30,2026-03-30,2720.0,PE,MAZDOCK26MAR2720PE,0.0,0.0,0.0,400.1,0.0,400.1,2388.55,356.9,0,0,0,0.0,0,F1,200,,,,,
2026-02-18,2026-02-18,FO,NSE,STO,141491,,MAZDOCK,,2026-04-28,2026-04-28,2240.0,PE,MAZDOCK26APR2240PE,0.0,0.0,0.0,180.2,0.0,180.2,2388.55,104.65,0,0,0,0.0,0,F1,200,,,,,
2026-02-18,2026-02-18,FO,NSE,STO,138392,,MAZDOCK,,2026-02-24,2026-02-24,2280.0,CE,MAZDOCK26FEB2280CE,118.95,124.5,117.15,117.15,117.15,99.0,2388.55,117.15,18600,0,4,1920470.0,4,F1,200,,,,,
2026-02-18,2026-02-18,FO,NSE,STO,138418,,MAZDOCK,,2026-02-24,2026-02-24,2620.0,CE,MAZDOCK26FEB2620CE,2.85,4.4,2.5,3.9,3.95,5.95,2388.55,3.9,48600,-6000,173,90764070.0,143,F1,200,,,,,
2026-02-18,2026-02-18,FO,NSE,STO,138909,,MAZDOCK,,2026-03-30,2026-03-30,2920.0,PE,MAZDOCK26MAR2920PE,0.0,0.0,0.0,523.0,523.0,523.0,2388.55,530.7,2600,0,0,0.0,0,F1,200,,,,,
2026-02-18,2026-02-18,FO,NSE,STO,138424,,MAZDOCK,,2026-02-24,2026-02-24,2680.0,CE,MAZDOCK26FEB2680CE,2.95,2.95,1.95,2.65,2.65,3.95,2388.55,2.65,71200,26200,231,123928490.0,124,F1,200,,,,,
2026-02-18,2026-02-18,FO,NSE,STO,141166,,MAZDOCK,,2026-03-30,2026-03-30,2060.0,CE,MAZDOCK26MAR2060CE,0.0,0.0,0.0,374.35,0.0,374.35,2388.55,365.8,0,0,0,0.0,0,F1,200,,,,,
2026-02-18,2026-02-18,FO,NSE,STO,87456,,BAJFINANCE,,2026-04-28,2026-04-28,1060.0,PE,BAJFINANCE26APR1060PE,0.0,0.0,0.0,145.35,0.0,145.35,1023.8,61.85,0,0,0,0.0,0,F1,750,,,,,
2026-02-18,2026-02-18,FO,NSE,STO,87373,,BAJFINANCE,,2026-04-28,2026-04-28,960.0,PE,BAJFINANCE26APR960PE,0.0,0.0,0.0,73.55,0.0,73.55,1023.8,18.1,0,0,0,0.0,0,F1,750,,,,,
2026-02-18,2026-02-18,FO,NSE,STO,87371,,BAJFINANCE,,2026-04-28,2026-04-28,940.0,PE,BAJFINANCE26APR940PE,0.0,0.0,0.0,35.0,35.0,35.0,1023.8,13.15,750,0,0,0.0,0,F1,750,,,,,
2026-02-18,2026-02-18,FO,NSE,STO,87357,,BAJFINANCE,,2026-04-28,2026-04-28,800.0,PE,BAJFINANCE26APR800PE,0.0,0.0,0.0,11.45,0.0,11.45,1023.8,0.5,0,0,0,0.0,0,F1,750,,,,,
2026-02-18,2026-02-18,FO,NSE,STO,75201,,BAJFINANCE,,2026-03-30,2026-03-30,880.0,CE,BAJFINANCE26MAR880CE,0.0,0.0,0.0,144.0,144.0,144.0,1023.8,150.35,750,0,0,0.0,0,F1,750,,,,,
2026-02-18,2026-02-18,FO,NSE,STO,87234,,BAJFINANCE,,2026-03-30,2026-03-30,810.0,CE,BAJFINANCE26MAR810CE,0.0,0.0,0.0,121.55,0.0,121.55,1023.8,218.75,0,0,0,0.0,0,F1,750,,,,,
2026-02-18,2026-02-18,FO,NSE,STO,77477,,BAJFINANCE,,2026-02-24,2026-02-24,800.0,CE,BAJFINANCE26FEB800CE,220.85,222.0,219.2,222.0,222.0,208.2,1023.8,222.0,43500,-750,7,5357662.5,6,F1,750,,,,,
2026-02-18,2026-02-18,FO,NSE,STO,74821,,BAJFINANCE,,2026-02-24,2026-02-24,870.0,CE,BAJFINANCE26FEB870CE,0.0,0.0,0.0,155.95,158.45,155.95,1023.8,154.6,57000,0,0,0.0,0,F1,750,,,,,
2026-02-18,2026-02-18,FO,NSE,STO,87430,,BAJFINANCE,,2026-04-28,2026-04-28,1000.0,PE,BAJFINANCE26APR1000PE,0.0,0.0,0.0,99.7,0.0,99.7,1023.8,31.7,0,0,0,0.0,0,F1,750,,,,,
2026-02-18,2026-02-18,FO,NSE,STO,87361,,BAJFINANCE,,2026-04-28,2026-04-28,840.0,PE,BAJFINANCE26APR840PE,0.0,0.0,0.0,20.65,0.0,20.65,1023.8,1.6,0,0,0,0.0,0,F1,750,,,,,
2026-02-18,2026-02-18,FO,NSE,STO,87245,,BAJFINANCE,,2026-03-30,2026-03-30,910.0,PE,BAJFINANCE26MAR910PE,3.5,3.5,2.95,2.95,2.95,4.1,1023.8,3.15,15000,-2250,8,5479912.5,7,F1,750,,,,,
2026-02-18,2026-02-18,FO,NSE,STO,77515,,BAJFINANCE,,2026-02-24,2026-02-24,1120.0,PE,BAJFINANCE26FEB1120PE,100.0,101.05,98.3,101.05,101.05,95.75,1023.8,95.25,3000,-1500,6,5488800.0,4,F1,750,,,,,
2026-02-18,2026-02-18,FO,NSE,STO,74877,,BAJFINANCE,,2026-02-24,2026-02-24,1090.0,PE,BAJFINANCE26FEB1090PE,72.2,75.4,68.7,71.6,71.6,67.45,1023.8,65.75,40500,16500,62,54026737.5,54,F1,750,,,,,
2026-02-18,2026-02-18,FO,NSE,STO,77500,,BAJFINANCE,,2026-02-24,2026-02-24,1020.0,PE,BAJFINANCE26FEB1020PE,17.7,17.7,9.25,10.3,10.45,17.85,1023.8,10.3,852000,228000,3970,3073422975.0,3430,F1,750,,,,,
2026-02-18,2026-02-18,FO,NSE,STO,87366,,BAJFINANCE,,2026-04-28,2026-04-28,900.0,CE,BAJFINANCE26APR900CE,0.0,0.0,0.0,70.55,0.0,70.55,1023.8,139.4,0,0,0,0.0,0,F1,750,,,,,
2026-02-18,2026-02-18,FO,NSE,STO,87364,,BAJFINANCE,,2026-04-28,2026-04-28,880.0,CE,BAJFINANCE26APR880CE,0.0,0.0,0.0,82.0,0.0,82.0,1023.8,157.05,0,0,0,0.0,0,F1,750,,,,,
2026-02-18,2026-02-18,FO,NSE,STO,87264,,BAJFINANCE,,2026-03-30,2026-03-30,1110.0,CE,BAJFINANCE26MAR1110CE,6.2,6.85,5.6,6.0,6.0,6.45,1023.8,6.0,21000,15750,38,31805925.0,32,F1,750,,,,,
2026-02-18,2026-02-18,FO,NSE,STO,87254,,BAJFINANCE,,2026-03-30,2026-03-30,1010.0,CE,BAJFINANCE26MAR1010CE,37.9,40.1,35.5,38.5,38.1,35.3,1023.8,38.5,125250,5250,88,69187312.5,82,F1,750,,,,,
2026-02-18,2026-02-18,FO,NSE,STO,75221,,BAJFINANCE,,2026-03-30,2026-03-30,1000.0,CE,BAJFINANCE26MAR1000CE,41.0,46.6,41.0,44.7,44.4,40.6,1023.8,44.7,1042500,-6750,293,229425937.5,252,F1,750,,,,,
2026-02-18,2026-02-18,FO,NSE,STO,87248,,BAJFINANCE,,2026-03-30,2026-03-30,950.0,CE,BAJFINANCE26MAR950CE,80.55,84.4,80.35,84.0,84.0,77.5,1023.8,88.1,16500,2250,13,10067587.5,13,F1,750,,,,,
2026-02-18,2026-02-18,FO,NSE,STO,87370,,BAJFINANCE,,2026-04-28,2026-04-28,940.0,CE,BAJFINANCE26APR940CE,0.0,0.0,0.0,51.1,0.0,51.1,1023.8,106.65,0,0,0,0.0,0,F1,750,,,,,
2026-02-18,2026-02-18,FO,NSE,STO,75349,,BAJFINANCE,,2026-03-30,2026-03-30,1160.0,PE,BAJFINANCE26MAR1160PE,136.0,138.0,130.0,131.05,130.9,145.0,1023.8,131.05,585750,406500,552,535045612.5,152,F1,750,,,,,
2026-02-18,2026-02-18,FO,NSE,STO,75347,,BAJFINANCE,,2026-03-30,2026-03-30,1140.0,PE,BAJFINANCE26MAR1140PE,0.0,0.0,0.0,125.0,125.0,125.0,1023.8,115.35,1500,0,0,0.0,0,F1,750,,,,,
2026-02-18,2026-02-18,FO,NSE,STO,75327,,BAJFINANCE,,2026-03-30,2026-03-30,1080.0,PE,BAJFINANCE26MAR1080PE,0.0,0.0,0.0,107.55,0.0,107.55,1023.8,67.15,0,0,0,0.0,0,F1,750,,,,,
2026-02-18,2026-02-18,FO,NSE,STO,87247,,BAJFINANCE,,2026-03-30,2026-03-30,930.0,PE,BAJFINANCE26MAR930PE,5.05,5.1,3.85,3.9,3.85,5.95,1023.8,3.9,35250,3750,37,25930650.0,35,F1,750,,,,,
2026-02-18,2026-02-18,FO,NSE,STO,87243,,BAJFINANCE,,2026-03-30,2026-03-30,890.0,PE,BAJFINANCE26MAR890PE,2.6,2.6,2.4,2.4,2.4,3.3,1023.8,1.75,9000,3000,5,3347100.0,3,F1,750,,,,,
2026-02-18,2026-02-18,FO,NSE,STO,75193,,BAJFINANCE,,2026-03-30,2026-03-30,800.0,PE,BAJFINANCE26MAR800PE,0.7,0.7,0.55,0.6,0.55,1.15,1023.8,0.6,58500,-1500,4,2401762.5,4,F1,750,,,,,
2026-02-18,2026-02-18,FO,NSE,STO,75175,,BAJFINANCE,,2026-03-30,2026-03-30,760.0,PE,BAJFINANCE26MAR760PE,0.0,0.0,0.0,1.9,0.0,1.9,1023.8,0.05,0,0,0,0.0,0,F1,750,,,,,
2026-02-18,2026-02-18,FO,NSE,STO,77521,,BAJFINANCE,,2026-02-24,2026-02-24,1180.0,PE,BAJFINANCE26FEB1180PE,0.0,0.0,0.0,189.85,0.0,189.85,1023.8,155.15,0,0,0,0.0,0,F1,750,,,,,
2026-02-18,2026-02-18,FO,NSE,STO,74863,,BAJFINANCE,,2026-02-24,2026-02-24,970.0,PE,BAJFINANCE26FEB970PE,2.35,2.35,0.85,0.95,0.95,2.55,1023.8,0.95,1314750,-120750,1731,1261061887.5,750,F1,750,,,,,
2026-02-18,2026-02-18,FO,NSE,STO,87453,,BAJFINANCE,,2026-04-28,2026-04-28,1060.0,CE,BAJFINANCE26APR1060CE,0.0,0.0,0.0,16.25,0.0,16.25,1023.8,36.6,0,0,0,0.0,0,F1,750,,,,,
2026-02-18,2026-02-18,FO,NSE,STO,87374,,BAJFINANCE,,2026-04-28,2026-04-28,980.0,CE,BAJFINANCE26APR980CE,0.0,0.0,0.0,35.85,0.0,35.85,1023.8,78.2,0,0,0,0.0,0,F1,750,,,,,
2026-02-18,2026-02-18,FO,NSE,STF,59255,,BAJFINANCE,,2026-02-24,2026-02-24,,,BAJFINANCE26FEBFUT,1011.0,1025.2,1008.1,1022.3,1021.8,1012.95,1023.8,1022.3,66442500,-6689250,16017,12251431912.5,13330,F1,750,,,,,
2026-02-18,2026-02-18,FO,NSE,STO,77479,,BAJFINANCE,,2026-02-24,2026-02-24,820.0,CE,BAJFINANCE26FEB820CE,0.0,0.0,0.0,114.85,114.85,114.85,1023.8,204.55,750,0,0,0.0,0,F1,750,,,,,
2026-02-18,2026-02-18,FO,NSE,STO,77520,,BAJFINANCE,,2026-02-24,2026-02-24,1180.0,CE,BAJFINANCE26FEB1180CE,0.0,0.0,0.0,13.85,0.0,13.85,1023.8,0.05,0,0,0,0.0,0,F1,750,,,,,
2026-02-18,2026-02-18,FO,NSE,STO,87240,,BAJFINANCE,,2026-03-30,2026-03-30,870.0,CE,BAJFINANCE26MAR870CE,0.0,0.0,0.0,154.9,154.9,154.9,1023.8,159.95,750,0,0,0.0,0,F1,750,,,,,
2026-02-18,2026-02-18,FO,NSE,STO,75309,,BAJFINANCE,,2026-03-30,2026-03-30,1060.0,CE,BAJFINANCE26MAR1060CE,16.05,17.75,14.95,16.05,16.0,15.25,1023.8,16.05,78000,17250,122,98478187.5,117,F1,750,,,,,
2026-02-18,2026-02-18,FO,NSE,STO,74809,,BAJFINANCE,,2026-02-24,2026-02-24,810.0,PE,BAJFINANCE26FEB810PE,0.05,0.1,0.05,0.1,0.1,0.2,1023.8,0.05,18000,-750,2,1215112.5,2,F1,750,,,,,
2026-02-18,2026-02-18,FO,NSE,STO,87460,,BAJFINANCE,,2026-04-28,2026-04-28,1100.0,CE,BAJFINANCE26APR1100CE,0.0,0.0,0.0,10.5,0.0,10.5,1023.8,23.35,0,0,0,0.0,0,F1,750,,,,,
2026-02-18,2026-02-18,FO,NSE,STO,87376,,BAJFINANCE,,2026-04-28,2026-04-28,1000.0,CE,BAJFINANCE26APR1000CE,0.0,0.0,0.0,29.75,0.0,29.75,1023.8,65.85,0,0,0,0.0,0,F1,750,,,,,
2026-02-18,2026-02-18,FO,NSE,STO,75341,,BAJFINANCE,,2026-03-30,2026-03-30,1120.0,CE,BAJFINANCE26MAR1120CE,5.3,6.0,4.6,4.85,4.8,5.1,1023.8,4.85,69750,3750,60,50631787.5,48,F1,750,,,,,
2026-02-18,2026-02-18,FO,NSE,STO,87262,,BAJFINANCE,,2026-03-30,2026-03-30,1090.0,CE,BAJFINANCE26MAR1090CE,9.75,10.3,9.0,9.35,9.0,8.45,1023.8,9.35,11250,750,10,8246925.0,9,F1,750,,,,,
2026-02-18,2026-02-18,FO,NSE,STO,87236,,BAJFINANCE,,2026-03-30,2026-03-30,830.0,CE,BAJFINANCE26MAR830CE,0.0,0.0,0.0,105.5,0.0,105.5,1023.8,199.0,0,0,0,0.0,0,F1,750,,,,,
2026-02-18,2026-02-18,FO,NSE,STO,74872,,BAJFINANCE,,2026-02-24,2026-02-24,1050.0,CE,BAJFINANCE26FEB1050CE,3.15,4.4,1.85,3.05,2.8,3.5,1023.8,3.05,2126250,-241500,6109,4826091112.5,3560,F1,750,,,,,
2026-02-18,2026-02-18,FO,NSE,STO,74864,,BAJFINANCE,,2026-02-24,2026-02-24,990.0,CE,BAJFINANCE26FEB990CE,25.55,36.4,25.55,34.15,33.2,28.65,1023.8,34.15,592500,-46500,585,448432312.5,529,F1,750,,,,,
2026-02-18,2026-02-18,FO,NSE,STF,51819,,BAJFINANCE,,2026-03-30,2026-03-30,,,BAJFINANCE26MARFUT,1017.0,1031.5,1017.0,1028.9,1027.65,1019.45,1023.8,1028.9,14246250,5986500,9872,7600074675.0,7632,F1,750,,,,,
2026-02-18,2026-02-18,FO,NSE,STF,66721,,BAJFINANCE,,2026-04-28,2026-04-28,,,BAJFINANCE26APRFUT,1031.8,1037.0,1029.25,1034.85,1034.45,1025.45,1023.8,1034.85,452250,54000,182,141044437.5,177,F1,750,,,,,
2026-02-18,2026-02-18,FO,NSE,STO,87359,,BAJFINANCE,,2026-04-28,2026-04-28,820.0,PE,BAJFINANCE26APR820PE,0.0,0.0,0.0,15.55,0.0,15.55,1023.8,0.9,0,0,0,0.0,0,F1,750,,,,,
2026-02-18,2026-02-18,FO,NSE,STO,77473,,BAJFINANCE,,2026-02-24,2026-02-24,760.0,CE,BAJFINANCE26FEB760CE,0.0,0.0,0.0,201.0,201.0,201.0,1023.8,264.5,750,0,0,0.0,0,F1,750,,,,,
2026-02-18,2026-02-18,FO,NSE,STO,74858,,BAJFINANCE,,2026-02-24,2026-02-24,950.0,PE,BAJFINANCE26FEB950PE,1.3,1.3,0.55,0.6,0.6,1.55,1023.8,0.6,1890000,-213750,1621,1155983700.0,794,F1,750,,,,,
2026-02-18,2026-02-18,FO,NSE,STO,87458,,BAJFINANCE,,2026-04-28,2026-04-28,1080.0,PE,BAJFINANCE26APR1080PE,0.0,0.0,0.0,161.9,0.0,161.9,1023.8,74.4,0,0,0,0.0,0,F1,750,,,,,
2026-02-18,2026-02-18,FO,NSE,STO,87353,,BAJFINANCE,,2026-04-28,2026-04-28,760.0,PE,BAJFINANCE26APR760PE,0.0,0.0,0.0,5.75,0.0,5.75,1023.8,0.15,0,0,0,0.0,0,F1,750,,,,,
2026-02-18,2026-02-18,FO,NSE,STO,75216,,BAJFINANCE,,2026-03-30,2026-03-30,940.0,PE,BAJFINANCE26MAR940PE,6.1,6.1,4.7,4.7,4.7,7.2,1023.8,4.7,117000,4500,53,37574250.0,41,F1,750,,,,,
2026-02-18,2026-02-18,FO,NSE,STO,77519,,BAJFINANCE,,2026-02-24,2026-02-24,1160.0,PE,BAJFINANCE26FEB1160PE,142.55,142.55,136.9,138.6,138.0,150.5,1023.8,138.6,114750,-357750,529,515428800.0,118,F1,750,,,,,
2026-02-18,2026-02-18,FO,NSE,STO,77494,,BAJFINANCE,,2026-02-24,2026-02-24,960.0,PE,BAJFINANCE26FEB960PE,1.95,1.95,0.7,0.75,0.75,1.95,1023.8,0.75,798750,-104250,1786,1287335062.5,753,F1,750,,,,,
2026-02-18,2026-02-18,FO,NSE,STO,74855,,BAJFINANCE,,2026-02-24,2026-02-24,930.0,PE,BAJFINANCE26FEB930PE,0.85,0.85,0.25,0.3,0.25,1.0,1023.8,0.3,664500,-40500,351,244956937.5,249,F1,750,,,,,
2026-02-18,2026-02-18,FO,NSE,STO,87491,,BAJFINANCE,,2026-04-28,2026-04-28,1160.0,PE,BAJFINANCE26APR1160PE,0.0,0.0,0.0,232.75,0.0,232.75,1023.8,135.1,0,0,0,0.0,0,F1,750,,,,,
2026-02-18,2026-02-18,FO,NSE,STO,74874,,BAJFINANCE,,2026-02-24,2026-02-24,1070.0,CE,BAJFINANCE26FEB1070CE,1.35,1.9,1.0,1.2,1.1,1.5,1023.8,1.2,596250,6750,1717,1379544937.5,810,F1,750,,,,,
2026-02-18,2026-02-18,FO,NSE,STO,77505,,BAJFINANCE,,2026-02-24,2026-02-24,1080.0,CE,BAJFINANCE26FEB1080CE,1.05,1.3,0.65,0.85,0.8,1.05,1023.8,0.85,621750,-39750,1110,899851612.5,621,F1,750,,,,,
2026-02-18,2026-02-18,FO,NSE,STO,75192,,BAJFINANCE,,2026-03-30,2026-03-30,800.0,CE,BAJFINANCE26MAR800CE,0.0,0.0,0.0,178.0,178.0,178.0,1023.8,228.65,0,0,0,0.0,0,F1,750,,,,,
2026-02-18,2026-02-18,FO,NSE,STO,87244,,BAJFINANCE,,2026-03-30,2026-03-30,910.0,CE,BAJFINANCE26MAR910CE,0.0,0.0,0.0,53.35,0.0,53.35,1023.8,122.45,0,0,0,0.0,0,F1,750,,,,,
2026-02-18,2026-02-18,FO,NSE,STO,75348,,BAJFINANCE,,2026-03-30,2026-03-30,1160.0,CE,BAJFINANCE26MAR1160CE,2.4,2.6,2.0,2.0,2.0,2.5,1023.8,2.0,54000,25500,71,61898587.5,54,F1,750,,,,,
2026-02-18,2026-02-18,FO,NSE,STO,87457,,BAJFINANCE,,2026-04-28,2026-04-28,1080.0,CE,BAJFINANCE26APR1080CE,0.0,0.0,0.0,19.95,19.95,19.95,1023.8,29.4,1500,0,0,0.0,0,F1,750,,,,,
2026-02-18,2026-02-18,FO,NSE,STO,77486,,BAJFINANCE,,2026-02-24,2026-02-24,880.0,PE,BAJFINANCE26FEB880PE,0.4,0.4,0.1,0.15,0.1,0.45,1023.8,0.15,204000,-29250,186,122784637.5,95,F1,750,,,,,
2026-02-18,2026-02-18,FO,NSE,STO,77488,,BAJFINANCE,,2026-02-24,2026-02-24,900.0,PE,BAJFINANCE26FEB900PE,0.5,0.5,0.15,0.15,0.15,0.6,1023.8,0.15,1039500,-128250,668,451017637.5,373,F1,750,,,,,
2026-02-18,2026-02-18,FO,NSE,STO,77504,,BAJFINANCE,,2026-02-24,2026-02-24,1060.0,PE,BAJFINANCE26FEB1060PE,39.35,42.05,38.75,40.15,40.9,52.4,1023.8,40.15,133500,9000,36,29709112.5,28,F1,750,,,,,
2026-02-18,2026-02-18,FO,NSE,STO,77506,,BAJFINANCE,,2026-02-24,2026-02-24,1080.0,PE,BAJFINANCE26FEB1080PE,0.0,0.0,0.0,67.6,67.7,67.6,1023.8,56.2,16500,0,0,0.0,0,F1,750,,,,,
2026-02-18,2026-02-18,FO,NSE,STO,77475,,BAJFINANCE,,2026-02-24,2026-02-24,780.0,CE,BAJFINANCE26FEB780CE,0.0,0.0,0.0,221.65,0.0,221.65,1023.8,244.5,0,0,0,0.0,0,F1,750,,,,,
2026-02-18,2026-02-18,FO,NSE,STO,77491,,BAJFINANCE,,2026-02-24,2026-02-24,940.0,CE,BAJFINANCE26FEB940CE,77.0,84.4,76.75,81.9,81.8,73.15,1023.8,81.9,345750,-25500,70,53593275.0,46,F1,750,,,,,
2026-02-18,2026-02-18,FO,NSE,STO,77495,,BAJFINANCE,,2026-02-24,2026-02-24,980.0,CE,BAJFINANCE26FEB980CE,41.05,45.65,38.5,43.75,42.6,36.5,1023.8,43.75,916500,-6000,217,166212900.0,178,F1,750,,,,,
2026-02-18,2026-02-18,FO,NSE,STO,75180,,BAJFINANCE,,2026-03-30,2026-03-30,780.0,PE,BAJFINANCE26MAR780PE,0.0,0.0,0.0,2.9,0.0,2.9,1023.8,0.05,0,0,0,0.0,0,F1,750,,,,,
2026-02-18,2026-02-18,FO,NSE,STO,75195,,BAJFINANCE,,2026-03-30,2026-03-30,820.0,PE,BAJFINANCE26MAR820PE,1.3,1.3,1.3,1.3,1.3,2.05,1023.8,1.3,28500,1500,2,1231950.0,1,F1,750,,,,,
2026-02-18,2026-02-18,FO,NSE,STO,87462,,BAJFINANCE,,2026-04-28,2026-04-28,1120.0,CE,BAJFINANCE26APR1120CE,13.3,13.3,10.0,12.0,12.0,11.9,1023.8,18.3,5250,750,5,4242562.5,5,F1,750,,,,,
2026-02-18,2026-02-18,FO,NSE,STO,87352,,BAJFINANCE,,2026-04-28,2026-04-28,760.0,CE,BAJFINANCE26APR760CE,0.0,0.0,0.0,172.1,0.0,172.1,1023.8,271.8,0,0,0,0.0,0,F1,750,,,,,
2026-02-18,2026-02-18,FO,NSE,STO,75215,,BAJFINANCE,,2026-03-30,2026-03-30,940.0,CE,BAJFINANCE26MAR940CE,0.0,0.0,0.0,81.75,81.75,81.75,1023.8,96.25,6000,0,0,0.0,0,F1,750,,,,,
2026-02-18,2026-02-18,FO,NSE,STO,77518,,BAJFINANCE,,2026-02-24,2026-02-24,1160.0,CE,BAJFINANCE26FEB1160CE,0.25,0.3,0.1,0.25,0.3,0.35,1023.8,0.25,270750,-78000,902,784857712.5,303,F1,750,,,,,
2026-02-18,2026-02-18,FO,NSE,STO,77499,,BAJFINANCE,,2026-02-24,2026-02-24,1020.0,CE,BAJFINANCE26FEB1020CE,9.75,14.3,9.0,12.2,11.5,10.9,1023.8,12.2,1335750,-439500,11355,8790807562.5,9496,F1,750,,,,,
2026-02-18,2026-02-18,FO,NSE,STO,74866,,BAJFINANCE,,2026-02-24,2026-02-24,1010.0,CE,BAJFINANCE26FEB1010CE,14.9,20.25,14.1,18.0,17.25,15.4,1023.8,18.0,802500,-60000,3128,2410899450.0,2838,F1,750,,,,,
2026-02-18,2026-02-18,FO,NSE,STO,74832,,BAJFINANCE,,2026-02-24,2026-02-24,910.0,CE,BAJFINANCE26FEB910CE,107.8,113.2,106.0,111.35,111.35,105.1,1023.8,111.35,219000,-2250,19,14551350.0,19,F1,750,,,,,
2026-02-18,2026-02-18,FO,NSE,STO,74867,,BAJFINANCE,,2026-02-24,2026-02-24,1010.0,PE,BAJFINANCE26FEB1010PE,12.65,12.65,5.5,6.2,6.3,12.55,1023.8,6.2,639000,75000,3338,2548106100.0,2956,F1,750,,,,,
2026-02-18,2026-02-18,FO,NSE,STO,87443,,BAJFINANCE,,2026-04-28,2026-04-28,1040.0,PE,BAJFINANCE26APR1040PE,0.0,0.0,0.0,129.45,0.0,129.45,1023.8,50.5,0,0,0,0.0,0,F1,750,,,,,
2026-02-18,2026-02-18,FO,NSE,STO,75308,,BAJFINANCE,,2026-03-30,2026-03-30,1040.0,PE,BAJFINANCE26MAR1040PE,39.0,39.0,34.0,34.5,34.25,42.4,1023.8,34.5,91500,6750,49,39563025.0,36,F1,750,,,,,
2026-02-18,2026-02-18,FO,NSE,STO,75218,,BAJFINANCE,,2026-03-30,2026-03-30,960.0,PE,BAJFINANCE26MAR960PE,8.65,8.8,6.95,7.1,7.25,10.5,1023.8,7.1,87750,10500,80,58078012.5,64,F1,750,,,,,
2026-02-18,2026-02-18,FO,NSE,STO,87237,,BAJFINANCE,,2026-03-30,2026-03-30,830.0,PE,BAJFINANCE26MAR830PE,0.0,0.0,0.0,2.0,2.0,2.0,1023.8,0.2,750,0,0,0.0,0,F1,750,,,,,
2026-02-18,2026-02-18,FO,NSE,STO,77502,,BAJFINANCE,,2026-02-24,2026-02-24,1040.0,PE,BAJFINANCE26FEB1040PE,26.7,30.35,21.25,22.75,23.65,32.15,1023.8,22.75,297750,39750,730,583166925.0,657,F1,750,,,,,
2026-02-18,2026-02-18,FO,NSE,STO,77472,,BAJFINANCE,,2026-02-24,2026-02-24,740.0,PE,BAJFINANCE26FEB740PE,0.05,0.35,0.05,0.05,0.05,0.2,1023.8,0.05,18000,3000,66,36637275.0,8,F1,750,,,,,
2026-02-18,2026-02-18,FO,NSE,STO,75334,,BAJFINANCE,,2026-03-30,2026-03-30,1100.0,PE,BAJFINANCE26MAR1100PE,82.0,84.0,76.5,76.6,76.5,90.8,1023.8,76.6,83250,27750,45,39881175.0,28,F1,750,,,,,
2026-02-18,2026-02-18,FO,NSE,STO,87363,,BAJFINANCE,,2026-04-28,2026-04-28,860.0,PE,BAJFINANCE26APR860PE,0.0,0.0,0.0,4.9,4.9,4.9,1023.8,2.6,7500,0,0,0.0,0,F1,750,,,,,
2026-02-18,2026-02-18,FO,NSE,STO,77471,,BAJFINANCE,,2026-02-24,2026-02-24,740.0,CE,BAJFINANCE26FEB740CE,0.0,0.0,0.0,258.95,0.0,258.95,1023.8,284.45,0,0,0,0.0,0,F1,750,,,,,
2026-02-18,2026-02-18,FO,NSE,STO,74838,,BAJFINANCE,,2026-02-24,2026-02-24,930.0,CE,BAJFINANCE26FEB930CE,88.65,93.1,86.9,92.15,92.1,83.5,1023.8,92.15,153750,-9000,39,29856487.5,38,F1,750,,,,,
2026-02-18,2026-02-18,FO,NSE,STO,77516,,BAJFINANCE,,2026-02-24,2026-02-24,1140.0,CE,BAJFINANCE26FEB1140CE,0.25,0.25,0.15,0.2,0.2,0.3,1023.8,0.2,84000,-6750,94,80383500.0,63,F1,750,,,,,
2026-02-18,2026-02-18,FO,NSE,STO,87372,,BAJFINANCE,,2026-04-28,2026-04-28,960.0,CE,BAJFINANCE26APR960CE,0.0,0.0,0.0,42.95,0.0,42.95,1023.8,91.85,0,0,0,0.0,0,F1,750,,,,,
2026-02-18,2026-02-18,FO,NSE,STO,77480,,BAJFINANCE,,2026-02-24,2026-02-24,820.0,PE,BAJFINANCE26FEB820PE,0.1,0.1,0.05,0.1,0.1,0.15,1023.8,0.1,126000,-11250,37,22757137.5,18,F1,750,,,,,
2026-02-18,2026-02-18,FO,NSE,STO,77508,,BAJFINANCE,,2026-02-24,2026-02-24,1100.0,PE,BAJFINANCE26FEB1100PE,82.0,84.1,76.35,78.45,78.75,86.95,1023.8,78.45,273750,-19500,79,69962550.0,69,F1,750,,,,,
2026-02-18,2026-02-18,FO,NSE,STO,75224,,BAJFINANCE,,2026-03-30,2026-03-30,1020.0,PE,BAJFINANCE26MAR1020PE,29.75,29.75,23.35,24.0,24.0,29.75,1023.8,24.0,174000,54750,284,222664087.5,218,F1,750,,,,,
2026-02-18,2026-02-18,FO,NSE,STO,87375,,BAJFINANCE,,2026-04-28,2026-04-28,980.0,PE,BAJFINANCE26APR980PE,0.0,0.0,0.0,86.15,0.0,86.15,1023.8,24.25,0,0,0,0.0,0,F1,750,,,,,
2026-02-18,2026-02-18,FO,NSE,STO,87261,,BAJFINANCE,,2026-03-30,2026-03-30,1070.0,PE,BAJFINANCE26MAR1070PE,54.0,54.4,52.25,52.25,52.25,151.85,1023.8,60.2,2250,2250,4,3371250.0,4,F1,750,,,,,
2026-02-18,2026-02-18,FO,NSE,STO,87259,,BAJFINANCE,,2026-03-30,2026-03-30,1050.0,PE,BAJFINANCE26MAR1050PE,46.5,46.5,40.0,40.25,40.3,50.1,1023.8,40.25,14250,-750,11,9015862.5,11,F1,750,,,,,
2026-02-18,2026-02-18,FO,NSE,STO,75222,,BAJFINANCE,,2026-03-30,2026-03-30,1000.0,PE,BAJFINANCE26MAR1000PE,19.05,20.05,15.6,16.25,16.2,21.55,1023.8,16.25,351750,57000,382,291520050.0,308,F1,750,,,,,
2026-02-18,2026-02-18,FO,NSE,STO,75198,,BAJFINANCE,,2026-03-30,2026-03-30,840.0,PE,BAJFINANCE26MAR840PE,0.0,0.0,0.0,1.35,1.3,1.35,1023.8,0.3,39750,0,0,0.0,0,F1,750,,,,,
2026-02-18,2026-02-18,FO,NSE,STO,87235,,BAJFINANCE,,2026-03-30,2026-03-30,810.0,PE,BAJFINANCE26MAR810PE,0.0,0.0,0.0,8.4,0.0,8.4,1023.8,0.1,0,0,0,0.0,0,F1,750,,,,,
2026-02-18,2026-02-18,FO,NSE,STO,74865,,BAJFINANCE,,2026-02-24,2026-02-24,990.0,PE,BAJFINANCE26FEB990PE,6.0,6.0,1.95,2.15,2.2,5.5,1023.8,2.15,787500,26250,2837,2112735525.0,1510,F1,750,,,,,
2026-02-18,2026-02-18,FO,NSE,STO,77492,,BAJFINANCE,,2026-02-24,2026-02-24,940.0,PE,BAJFINANCE26FEB940PE,1.1,1.1,0.45,0.5,0.5,1.25,1023.8,0.5,925500,-93000,378,266678175.0,245,F1,750,,,,,
2026-02-18,2026-02-18,FO,NSE,STO,87442,,BAJFINANCE,,2026-04-28,2026-04-28,1040.0,CE,BAJFINANCE26APR1040CE,0.0,0.0,0.0,20.05,0.0,20.05,1023.8,45.05,0,0,0,0.0,0,F1,750,,,,,
2026-02-18,2026-02-18,FO,NSE,STO,87358,,BAJFINANCE,,2026-04-28,2026-04-28,820.0,CE,BAJFINANCE26APR820CE,0.0,0.0,0.0,122.8,0.0,122.8,1023.8,213.2,0,0,0,0.0,0,F1,750,,,,,
2026-02-18,2026-02-18,FO,NSE,STO,75346,,BAJFINANCE,,2026-03-30,2026-03-30,1140.0,CE,BAJFINANCE26MAR1140CE,3.8,3.9,3.1,3.3,3.1,3.65,1023.8,3.3,62250,15750,62,53177287.5,55,F1,750,,,,,
2026-02-18,2026-02-18,FO,NSE,STO,75311,,BAJFINANCE,,2026-03-30,2026-03-30,1080.0,CE,BAJFINANCE26MAR1080CE,11.05,12.35,10.15,11.05,11.0,10.75,1023.8,11.05,72750,14250,101,82653187.5,82,F1,750,,,,,
2026-02-18,2026-02-18,FO,NSE,STO,87246,,BAJFINANCE,,2026-03-30,2026-03-30,930.0,CE,BAJFINANCE26MAR930CE,99.0,99.0,99.0,99.0,99.0,63.0,1023.8,104.75,3750,3000,4,3087000.0,1,F1,750,,,,,
2026-02-18,2026-02-18,FO,NSE,STO,87242,,BAJFINANCE,,2026-03-30,2026-03-30,890.0,CE,BAJFINANCE26MAR890CE,0.0,0.0,0.0,64.4,0.0,64.4,1023.8,140.9,0,0,0,0.0,0,F1,750,,,,,
2026-02-18,2026-02-18,FO,NSE,STO,77487,,BAJFINANCE,,2026-02-24,2026-02-24,900.0,CE,BAJFINANCE26FEB900CE,116.65,124.05,116.65,122.5,121.55,112.45,1023.8,122.5,363750,-17250,47,35976037.5,39,F1,750,,,,,
2026-02-18,2026-02-18,FO,NSE,STO,77485,,BAJFINANCE,,2026-02-24,2026-02-24,880.0,CE,BAJFINANCE26FEB880CE,140.0,142.85,140.0,142.85,142.85,136.0,1023.8,144.6,151500,-1500,3,2297137.5,2,F1,750,,,,,
2026-02-18,2026-02-18,FO,NSE,STO,74816,,BAJFINANCE,,2026-02-24,2026-02-24,850.0,CE,BAJFINANCE26FEB850CE,172.0,172.0,172.0,172.0,172.0,160.75,1023.8,172.0,207750,-750,1,766500.0,1,F1,750,,,,,
2026-02-18,2026-02-18,FO,NSE,STO,87258,,BAJFINANCE,,2026-03-30,2026-03-30,1050.0,CE,BAJFINANCE26MAR1050CE,17.75,21.4,17.7,19.35,19.3,18.4,1023.8,19.35,297750,36750,399,320081362.5,321,F1,750,,,,,
2026-02-18,2026-02-18,FO,NSE,STO,87252,,BAJFINANCE,,2026-03-30,2026-03-30,990.0,CE,BAJFINANCE26MAR990CE,51.5,52.65,50.35,52.1,51.5,44.7,1023.8,52.1,19500,3750,13,10151812.5,13,F1,750,,,,,
2026-02-18,2026-02-18,FO,NSE,STO,75199,,BAJFINANCE,,2026-03-30,2026-03-30,860.0,CE,BAJFINANCE26MAR860CE,166.0,166.0,166.0,166.0,166.0,153.8,1023.8,169.6,750,750,1,769500.0,1,F1,750,,,,,
2026-02-18,2026-02-18,FO,NSE,STO,74938,,BAJFINANCE,,2026-03-30,2026-03-30,740.0,CE,BAJFINANCE26MAR740CE,0.0,0.0,0.0,261.5,0.0,261.5,1023.8,288.25,0,0,0,0.0,0,F1,750,,,,,
2026-02-18,2026-02-18,FO,NSE,STO,77522,,BAJFINANCE,,2026-02-24,2026-02-24,1200.0,CE,BAJFINANCE26FEB1200CE,0.2,0.2,0.15,0.15,0.15,0.2,1023.8,0.15,148500,-24750,42,37805325.0,25,F1,750,,,,,
2026-02-18,2026-02-18,FO,NSE,STO,77514,,BAJFINANCE,,2026-02-24,2026-02-24,1120.0,CE,BAJFINANCE26FEB1120CE,0.35,0.35,0.15,0.2,0.2,0.3,1023.8,0.2,666750,-42750,486,408318412.5,246,F1,750,,,,,
2026-02-18,2026-02-18,FO,NSE,STO,74826,,BAJFINANCE,,2026-02-24,2026-02-24,890.0,CE,BAJFINANCE26FEB890CE,0.0,0.0,0.0,124.9,125.15,124.9,1023.8,134.6,222000,0,0,0.0,0,F1,750,,,,,
2026-02-18,2026-02-18,FO,NSE,STO,74873,,BAJFINANCE,,2026-02-24,2026-02-24,1050.0,PE,BAJFINANCE26FEB1050PE,36.1,38.55,29.1,31.05,31.85,40.85,1023.8,31.05,279000,-12750,356,289124325.0,337,F1,750,,,,,
2026-02-18,2026-02-18,FO,NSE,STO,74871,,BAJFINANCE,,2026-02-24,2026-02-24,1030.0,PE,BAJFINANCE26FEB1030PE,23.9,23.9,14.45,15.9,16.2,24.45,1023.8,15.9,520500,108750,1628,1279637700.0,1507,F1,750,,,,,
2026-02-18,2026-02-18,FO,NSE,STO,77478,,BAJFINANCE,,2026-02-24,2026-02-24,800.0,PE,BAJFINANCE26FEB800PE,0.2,0.2,0.1,0.1,0.1,0.2,1023.8,0.05,230250,750,11,6601312.5,8,F1,750,,,,,
2026-02-18,2026-02-18,FO,NSE,STO,77474,,BAJFINANCE,,2026-02-24,2026-02-24,760.0,PE,BAJFINANCE26FEB760PE,0.0,0.0,0.0,0.1,0.1,0.1,1023.8,0.05,589500,0,0,0.0,0,F1,750,,,,,
2026-02-18,2026-02-18,FO,NSE,STO,87466,,BAJFINANCE,,2026-04-28,2026-04-28,1160.0,CE,BAJFINANCE26APR1160CE,0.0,0.0,0.0,5.25,0.0,5.25,1023.8,10.9,0,0,0,0.0,0,F1,750,,,,,
2026-02-18,2026-02-18,FO,NSE,STO,87356,,BAJFINANCE,,2026-04-28,2026-04-28,800.0,CE,BAJFINANCE26APR800CE,0.0,0.0,0.0,138.4,0.0,138.4,1023.8,232.6,0,0,0,0.0,0,F1,750,,,,,
2026-02-18,2026-02-18,FO,NSE,STO,75350,,BAJFINANCE,,2026-03-30,2026-03-30,1180.0,CE,BAJFINANCE26MAR1180CE,2.0,2.0,1.25,1.3,1.3,1.75,1023.8,1.3,96000,43500,94,83305575.0,57,F1,750,,,,,
2026-02-18,2026-02-18,FO,NSE,STO,87432,,BAJFINANCE,,2026-04-28,2026-04-28,1020.0,PE,BAJFINANCE26APR1020PE,0.0,0.0,0.0,114.2,0.0,114.2,1023.8,40.45,0,0,0,0.0,0,F1,750,,,,,
2026-02-18,2026-02-18,FO,NSE,STO,87257,,BAJFINANCE,,2026-03-30,2026-03-30,1030.0,PE,BAJFINANCE26MAR1030PE,32.5,32.5,28.3,28.85,29.05,117.95,1023.8,28.85,12000,12000,20,15902812.5,20,F1,750,,,,,
2026-02-18,2026-02-18,FO,NSE,STO,74879,,BAJFINANCE,,2026-02-24,2026-02-24,1110.0,PE,BAJFINANCE26FEB1110PE,0.0,0.0,0.0,124.05,0.0,124.05,1023.8,85.3,0,0,0,0.0,0,F1,750,,,,,
2026-02-18,2026-02-18,FO,NSE,STO,74875,,BAJFINANCE,,2026-02-24,2026-02-24,1070.0,PE,BAJFINANCE26FEB1070PE,52.55,55.4,47.3,49.85,50.35,58.45,1023.8,49.85,304500,8250,198,166516500.0,173,F1,750,,,,,
2026-02-18,2026-02-18,FO,NSE,STO,87253,,BAJFINANCE,,2026-03-30,2026-03-30,990.0,PE,BAJFINANCE26MAR990PE,15.95,16.0,12.95,13.25,13.5,18.3,1023.8,13.25,81000,10500,73,54983850.0,70,F1,750,,,,,
2026-02-18,2026-02-18,FO,NSE,STO,75220,,BAJFINANCE,,2026-03-30,2026-03-30,980.0,PE,BAJFINANCE26MAR980PE,13.75,13.75,10.35,10.8,11.0,15.0,1023.8,10.8,141750,24000,148,110107837.5,99,F1,750,,,,,
2026-02-18,2026-02-18,FO,NSE,STO,75214,,BAJFINANCE,,2026-03-30,2026-03-30,920.0,PE,BAJFINANCE26MAR920PE,4.2,4.25,3.25,3.3,3.3,4.95,1023.8,3.3,57750,-9000,47,32563275.0,40,F1,750,,,,,
2026-02-18,2026-02-18,FO,NSE,STO,75212,,BAJFINANCE,,2026-03-30,2026-03-30,900.0,PE,BAJFINANCE26MAR900PE,3.35,3.35,2.15,2.25,2.35,3.5,1023.8,2.25,249000,11250,178,120496687.5,145,F1,750,,,,,
2026-02-18,2026-02-18,FO,NSE,STO,75202,,BAJFINANCE,,2026-03-30,2026-03-30,880.0,PE,BAJFINANCE26MAR880PE,2.1,2.1,1.55,1.55,1.55,2.55,1023.8,1.3,95250,-1500,12,7935600.0,11,F1,750,,,,,
2026-02-18,2026-02-18,FO,NSE,STO,77517,,BAJFINANCE,,2026-02-24,2026-02-24,1140.0,PE,BAJFINANCE26FEB1140PE,0.0,0.0,0.0,171.25,171.25,171.25,1023.8,115.2,1500,0,0,0.0,0,F1,750,,,,,
2026-02-18,2026-02-18,FO,NSE,STO,77496,,BAJFINANCE,,2026-02-24,2026-02-24,980.0,PE,BAJFINANCE26FEB980PE,3.95,3.95,1.25,1.4,1.35,3.7,1023.8,1.4,1189500,-191250,3149,2319084675.0,1295,F1,750,,,,,
2026-02-18,2026-02-18,FO,NSE,STO,74813,,BAJFINANCE,,2026-02-24,2026-02-24,830.0,PE,BAJFINANCE26FEB830PE,0.65,0.65,0.15,0.15,0.15,0.5,1023.8,0.15,141000,-2250,10,6227175.0,7,F1,750,,,,,
2026-02-18,2026-02-18,FO,NSE,STO,87368,,BAJFINANCE,,2026-04-28,2026-04-28,920.0,CE,BAJFINANCE26APR920CE,0.0,0.0,0.0,60.25,0.0,60.25,1023.8,122.55,0,0,0,0.0,0,F1,750,,,,,
2026-02-18,2026-02-18,FO,NSE,STO,75197,,BAJFINANCE,,2026-03-30,2026-03-30,840.0,CE,BAJFINANCE26MAR840CE,0.0,0.0,0.0,176.0,176.0,176.0,1023.8,189.15,2250,0,0,0.0,0,F1,750,,,,,
2026-02-18,2026-02-18,FO,NSE,STO,75194,,BAJFINANCE,,2026-03-30,2026-03-30,820.0,CE,BAJFINANCE26MAR820CE,0.0,0.0,0.0,187.65,0.0,187.65,1023.8,208.85,0,0,0,0.0,0,F1,750,,,,,
2026-02-18,2026-02-18,FO,NSE,STO,74878,,BAJFINANCE,,2026-02-24,2026-02-24,1110.0,CE,BAJFINANCE26FEB1110CE,0.0,0.0,0.0,13.6,0.0,13.6,1023.8,0.1,0,0,0,0.0,0,F1,750,,,,,
2026-02-18,2026-02-18,FO,NSE,STO,74876,,BAJFINANCE,,2026-02-24,2026-02-24,1090.0,CE,BAJFINANCE26FEB1090CE,0.85,0.9,0.45,0.55,0.5,0.75,1023.8,0.55,396000,-14250,605,494856750.0,451,F1,750,,,,,
2026-02-18,2026-02-18,FO,NSE,STO,77503,,BAJFINANCE,,2026-02-24,2026-02-24,1060.0,CE,BAJFINANCE26FEB1060CE,2.4,2.85,1.5,1.9,1.75,2.3,1023.8,1.9,957000,-94500,3019,2404795012.5,1182,F1,750,,,,,
2026-02-18,2026-02-18,FO,NSE,STO,77501,,BAJFINANCE,,2026-02-24,2026-02-24,1040.0,CE,BAJFINANCE26FEB1040CE,4.35,6.5,4.05,4.9,4.5,5.05,1023.8,4.9,798750,-84750,5927,4645990350.0,4219,F1,750,,,,,
2026-02-18,2026-02-18,FO,NSE,STO,74862,,BAJFINANCE,,2026-02-24,2026-02-24,970.0,CE,BAJFINANCE26FEB970CE,50.2,55.25,47.5,52.8,52.4,45.05,1023.8,52.8,626250,-12000,189,144764212.5,169,F1,750,,,,,
2026-02-18,2026-02-18,FO,NSE,STO,87255,,BAJFINANCE,,2026-03-30,2026-03-30,1010.0,PE,BAJFINANCE26MAR1010PE,24.0,24.0,19.5,19.85,20.0,25.7,1023.8,19.85,56250,9750,48,37120612.5,47,F1,750,,,,,
2026-02-18,2026-02-18,FO,NSE,STO,87431,,BAJFINANCE,,2026-04-28,2026-04-28,1020.0,CE,BAJFINANCE26APR1020CE,0.0,0.0,0.0,24.5,0.0,24.5,1023.8,54.8,0,0,0,0.0,0,F1,750,,,,,
2026-02-18,2026-02-18,FO,NSE,STO,77476,,BAJFINANCE,,2026-02-24,2026-02-24,780.0,PE,BAJFINANCE26FEB780PE,0.05,0.05,0.05,0.05,0.05,0.05,1023.8,0.05,378750,-3000,4,2340150.0,3,F1,750,,,,,
2026-02-18,2026-02-18,FO,NSE,STO,74817,,BAJFINANCE,,2026-02-24,2026-02-24,850.0,PE,BAJFINANCE26FEB850PE,0.25,0.25,0.1,0.1,0.1,0.35,1023.8,0.1,235500,-18000,48,30606787.5,23,F1,750,,,,,
2026-02-18,2026-02-18,FO,NSE,STO,74825,,BAJFINANCE,,2026-02-24,2026-02-24,870.0,PE,BAJFINANCE26FEB870PE,0.25,0.25,0.15,0.15,0.15,0.45,1023.8,0.05,381750,-15750,42,27411300.0,26,F1,750,,,,,
2026-02-18,2026-02-18,FO,NSE,STO,87360,,BAJFINANCE,,2026-04-28,2026-04-28,840.0,CE,BAJFINANCE26APR840CE,0.0,0.0,0.0,108.2,0.0,108.2,1023.8,194.05,0,0,0,0.0,0,F1,750,,,,,
2026-02-18,2026-02-18,FO,NSE,STO,75332,,BAJFINANCE,,2026-03-30,2026-03-30,1100.0,CE,BAJFINANCE26MAR1100CE,8.3,8.8,6.9,7.45,7.3,7.5,1023.8,7.45,703500,144000,612,508513237.5,460,F1,750,,,,,
2026-02-18,2026-02-18,FO,NSE,STO,87256,,BAJFINANCE,,2026-03-30,2026-03-30,1030.0,CE,BAJFINANCE26MAR1030CE,27.9,29.85,25.7,28.05,27.9,25.7,1023.8,28.05,102750,25500,140,111060487.5,131,F1,750,,,,,
2026-02-18,2026-02-18,FO,NSE,STO,75223,,BAJFINANCE,,2026-03-30,2026-03-30,1020.0,CE,BAJFINANCE26MAR1020CE,30.85,34.7,29.8,32.9,32.6,30.0,1023.8,32.9,448500,176250,834,658332675.0,621,F1,750,,,,,
2026-02-18,2026-02-18,FO,NSE,STO,75219,,BAJFINANCE,,2026-03-30,2026-03-30,980.0,CE,BAJFINANCE26MAR980CE,60.2,60.2,59.55,60.15,59.55,65.85,1023.8,60.15,42750,6750,10,7801012.5,2,F1,750,,,,,
2026-02-18,2026-02-18,FO,NSE,STO,74827,,BAJFINANCE,,2026-02-24,2026-02-24,890.0,PE,BAJFINANCE26FEB890PE,0.3,0.3,0.2,0.2,0.2,0.55,1023.8,0.05,271500,-32250,87,58088737.5,53,F1,750,,,,,
2026-02-18,2026-02-18,FO,NSE,STO,74939,,BAJFINANCE,,2026-03-30,2026-03-30,740.0,PE,BAJFINANCE26MAR740PE,0.0,0.0,0.0,1.2,0.0,1.2,1023.8,0.05,0,0,0,0.0,0,F1,750,,,,,
2026-02-18,2026-02-18,FO,NSE,STO,87239,,BAJFINANCE,,2026-03-30,2026-03-30,850.0,PE,BAJFINANCE26MAR850PE,0.65,0.65,0.65,0.65,0.65,1.75,1023.8,0.45,15750,0,8,5103900.0,3,F1,750,,,,,
2026-02-18,2026-02-18,FO,NSE,STO,87249,,BAJFINANCE,,2026-03-30,2026-03-30,950.0,PE,BAJFINANCE26MAR950PE,7.5,8.1,5.6,5.9,6.05,8.45,1023.8,5.9,222000,4500,156,111920437.5,120,F1,750,,,,,
2026-02-18,2026-02-18,FO,NSE,STO,75211,,BAJFINANCE,,2026-03-30,2026-03-30,900.0,CE,BAJFINANCE26MAR900CE,128.0,130.25,124.85,130.0,130.0,117.5,1023.8,130.0,69750,7500,32,24674325.0,23,F1,750,,,,,
2026-02-18,2026-02-18,FO,NSE,STO,77497,,BAJFINANCE,,2026-02-24,2026-02-24,1000.0,CE,BAJFINANCE26FEB1000CE,19.3,28.0,18.0,25.55,24.65,21.2,1023.8,25.55,2167500,-373500,3328,2557582087.5,2818,F1,750,,,,,
2026-02-18,2026-02-18,FO,NSE,STO,77493,,BAJFINANCE,,2026-02-24,2026-02-24,960.0,CE,BAJFINANCE26FEB960CE,59.95,64.4,55.5,62.6,62.55,54.25,1023.8,62.6,600750,-19500,180,137789512.5,126,F1,750,,,,,
2026-02-18,2026-02-18,FO,NSE,STO,77489,,BAJFINANCE,,2026-02-24,2026-02-24,920.0,CE,BAJFINANCE26FEB920CE,99.65,104.45,98.45,104.45,104.45,88.6,1023.8,104.65,245250,-28500,47,35987175.0,11,F1,750,,,,,
2026-02-18,2026-02-18,FO,NSE,STO,75351,,BAJFINANCE,,2026-03-30,2026-03-30,1180.0,PE,BAJFINANCE26MAR1180PE,0.0,0.0,0.0,155.0,155.0,155.0,1023.8,151.75,3750,0,0,0.0,0,F1,750,,,,,
2026-02-18,2026-02-18,FO,NSE,STO,87367,,BAJFINANCE,,2026-04-28,2026-04-28,900.0,PE,BAJFINANCE26APR900PE,0.0,0.0,0.0,9.0,9.0,9.0,1023.8,6.3,2250,0,0,0.0,0,F1,750,,,,,
2026-02-18,2026-02-18,FO,NSE,STO,87369,,BAJFINANCE,,2026-04-28,2026-04-28,920.0,PE,BAJFINANCE26APR920PE,0.0,0.0,0.0,51.45,0.0,51.45,1023.8,9.25,0,0,0,0.0,0,F1,750,,,,,
2026-02-18,2026-02-18,FO,NSE,STO,87463,,BAJFINANCE,,2026-04-28,2026-04-28,1120.0,PE,BAJFINANCE26APR1120PE,0.0,0.0,0.0,196.55,0.0,196.55,1023.8,102.9,0,0,0,0.0,0,F1,750,,,,,
2026-02-18,2026-02-18,FO,NSE,STO,87260,,BAJFINANCE,,2026-03-30,2026-03-30,1070.0,CE,BAJFINANCE26MAR1070CE,13.8,14.85,12.45,13.45,13.35,12.8,1023.8,13.45,53250,10500,56,45513562.5,53,F1,750,,,,,
2026-02-18,2026-02-18,FO,NSE,STO,75225,,BAJFINANCE,,2026-03-30,2026-03-30,1040.0,CE,BAJFINANCE26MAR1040CE,24.3,25.2,21.35,23.45,23.35,21.7,1023.8,23.45,240750,68250,324,258427987.5,249,F1,750,,,,,
2026-02-18,2026-02-18,FO,NSE,STO,87250,,BAJFINANCE,,2026-03-30,2026-03-30,970.0,CE,BAJFINANCE26MAR970CE,67.0,67.35,67.0,67.35,67.35,58.0,1023.8,72.75,13500,-750,2,1555762.5,2,F1,750,,,,,
2026-02-18,2026-02-18,FO,NSE,STO,75213,,BAJFINANCE,,2026-03-30,2026-03-30,920.0,CE,BAJFINANCE26MAR920CE,110.0,110.0,110.0,110.0,110.0,103.5,1023.8,113.45,2250,1500,2,1545000.0,2,F1,750,,,,,
2026-02-18,2026-02-18,FO,NSE,STO,87238,,BAJFINANCE,,2026-03-30,2026-03-30,850.0,CE,BAJFINANCE26MAR850CE,0.0,0.0,0.0,90.6,0.0,90.6,1023.8,179.35,0,0,0,0.0,0,F1,750,,,,,
2026-02-18,2026-02-18,FO,NSE,STO,75176,,BAJFINANCE,,2026-03-30,2026-03-30,780.0,CE,BAJFINANCE26MAR780CE,0.0,0.0,0.0,223.75,0.0,223.75,1023.8,248.5,0,0,0,0.0,0,F1,750,,,,,
2026-02-18,2026-02-18,FO,NSE,STO,74940,,BAJFINANCE,,2026-03-30,2026-03-30,760.0,CE,BAJFINANCE26MAR760CE,0.0,0.0,0.0,242.45,0.0,242.45,1023.8,268.35,0,0,0,0.0,0,F1,750,,,,,
2026-02-18,2026-02-18,FO,NSE,STO,77507,,BAJFINANCE,,2026-02-24,2026-02-24,1100.0,CE,BAJFINANCE26FEB1100CE,0.5,0.6,0.25,0.4,0.4,0.5,1023.8,0.4,1814250,-15750,1643,1355975887.5,879,F1,750,,,,,
2026-02-18,2026-02-18,FO,NSE,STO,74870,,BAJFINANCE,,2026-02-24,2026-02-24,1030.0,CE,BAJFINANCE26FEB1030CE,7.5,9.8,6.0,7.85,7.1,7.45,1023.8,7.85,1169250,204750,7576,5898768975.0,6337,F1,750,,,,,
2026-02-18,2026-02-18,FO,NSE,STO,74856,,BAJFINANCE,,2026-02-24,2026-02-24,950.0,CE,BAJFINANCE26FEB950CE,70.0,73.1,66.8,72.15,71.75,63.65,1023.8,72.15,873000,-21000,73,55885837.5,70,F1,750,,,,,
2026-02-18,2026-02-18,FO,NSE,STO,77483,,BAJFINANCE,,2026-02-24,2026-02-24,860.0,CE,BAJFINANCE26FEB860CE,160.25,160.25,160.25,160.25,160.25,148.6,1023.8,164.6,33000,-750,3,2295562.5,2,F1,750,,,,,
2026-02-18,2026-02-18,FO,NSE,STO,77481,,BAJFINANCE,,2026-02-24,2026-02-24,840.0,CE,BAJFINANCE26FEB840CE,180.0,182.45,179.7,182.45,182.45,167.0,1023.8,184.55,49500,-2250,7,5360062.5,6,F1,750,,,,,
2026-02-18,2026-02-18,FO,NSE,STO,77498,,BAJFINANCE,,2026-02-24,2026-02-24,1000.0,PE,BAJFINANCE26FEB1000PE,8.75,8.95,3.25,3.7,3.7,8.55,1023.8,3.7,1379250,49500,4952,3732237450.0,3299,F1,750,,,,,
2026-02-18,2026-02-18,FO,NSE,STO,87241,,BAJFINANCE,,2026-03-30,2026-03-30,870.0,PE,BAJFINANCE26MAR870PE,1.45,1.45,1.4,1.45,1.45,2.4,1023.8,0.9,1500,-750,5,3267900.0,4,F1,750,,,,,
2026-02-18,2026-02-18,FO,NSE,STO,87251,,BAJFINANCE,,2026-03-30,2026-03-30,970.0,PE,BAJFINANCE26MAR970PE,11.0,11.0,8.55,8.65,8.8,12.3,1023.8,8.65,53250,9000,57,41874937.5,55,F1,750,,,,,
2026-02-18,2026-02-18,FO,NSE,STO,75345,,BAJFINANCE,,2026-03-30,2026-03-30,1120.0,PE,BAJFINANCE26MAR1120PE,0.0,0.0,0.0,137.05,0.0,137.05,1023.8,98.25,0,0,0,0.0,0,F1,750,,,,,
2026-02-18,2026-02-18,FO,NSE,STO,87265,,BAJFINANCE,,2026-03-30,2026-03-30,1110.0,PE,BAJFINANCE26MAR1110PE,0.0,0.0,0.0,187.95,0.0,187.95,1023.8,90.05,0,0,0,0.0,0,F1,750,,,,,
2026-02-18,2026-02-18,FO,NSE,STO,87263,,BAJFINANCE,,2026-03-30,2026-03-30,1090.0,PE,BAJFINANCE26MAR1090PE,0.0,0.0,0.0,169.65,0.0,169.65,1023.8,74.45,0,0,0,0.0,0,F1,750,,,,,
2026-02-18,2026-02-18,FO,NSE,STO,75310,,BAJFINANCE,,2026-03-30,2026-03-30,1060.0,PE,BAJFINANCE26MAR1060PE,51.2,51.2,45.9,45.9,45.9,58.5,1023.8,53.6,27750,-750,5,4153612.5,5,F1,750,,,,,
2026-02-18,2026-02-18,FO,NSE,STO,75200,,BAJFINANCE,,2026-03-30,2026-03-30,860.0,PE,BAJFINANCE26MAR860PE,1.3,1.3,1.15,1.15,1.15,2.6,1023.8,1.15,29250,-5250,13,8397262.5,11,F1,750,,,,,
2026-02-18,2026-02-18,FO,NSE,STO,77490,,BAJFINANCE,,2026-02-24,2026-02-24,920.0,PE,BAJFINANCE26FEB920PE,0.8,0.8,0.2,0.25,0.2,0.8,1023.8,0.25,706500,-30000,353,243668850.0,199,F1,750,,,,,
2026-02-18,2026-02-18,FO,NSE,STO,74833,,BAJFINANCE,,2026-02-24,2026-02-24,910.0,PE,BAJFINANCE26FEB910PE,0.5,0.5,0.2,0.25,0.2,0.7,1023.8,0.25,348750,-19500,85,58033425.0,53,F1,750,,,,,
2026-02-18,2026-02-18,FO,NSE,STO,77484,,BAJFINANCE,,2026-02-24,2026-02-24,860.0,PE,BAJFINANCE26FEB860PE,0.35,0.35,0.15,0.2,0.15,0.45,1023.8,0.2,642000,-7500,84,54193012.5,34,F1,750,,,,,
2026-02-18,2026-02-18,FO,NSE,STO,77482,,BAJFINANCE,,2026-02-24,2026-02-24,840.0,PE,BAJFINANCE26FEB840PE,0.2,0.2,0.1,0.15,0.1,0.35,1023.8,0.15,85500,-3000,16,10081987.5,14,F1,750,,,,,
2026-02-18,2026-02-18,FO,NSE,STO,87721,,BAJFINANCE,,2026-04-28,2026-04-28,1200.0,CE,BAJFINANCE26APR1200CE,0.0,0.0,0.0,3.2,0.0,3.2,1023.8,6.2,0,0,0,0.0,0,F1,750,,,,,
2026-02-18,2026-02-18,FO,NSE,STO,87362,,BAJFINANCE,,2026-04-28,2026-04-28,860.0,CE,BAJFINANCE26APR860CE,0.0,0.0,0.0,94.5,0.0,94.5,1023.8,175.3,0,0,0,0.0,0,F1,750,,,,,
2026-02-18,2026-02-18,FO,NSE,STO,75217,,BAJFINANCE,,2026-03-30,2026-03-30,960.0,CE,BAJFINANCE26MAR960CE,71.1,76.0,71.1,74.95,74.95,69.15,1023.8,74.95,105000,7500,14,10859625.0,10,F1,750,,,,,
2026-02-18,2026-02-18,FO,NSE,STO,74811,,BAJFINANCE,,2026-02-24,2026-02-24,830.0,CE,BAJFINANCE26FEB830CE,0.0,0.0,0.0,170.1,0.0,170.1,1023.8,194.55,0,0,0,0.0,0,F1,750,,,,,
2026-02-18,2026-02-18,FO,NSE,STO,74804,,BAJFINANCE,,2026-02-24,2026-02-24,810.0,CE,BAJFINANCE26FEB810CE,0.0,0.0,0.0,188.75,0.0,188.75,1023.8,214.55,0,0,0,0.0,0,F1,750,,,,,
2026-02-18,2026-02-18,FO,NSE,STO,87365,,BAJFINANCE,,2026-04-28,2026-04-28,880.0,PE,BAJFINANCE26APR880PE,0.0,0.0,0.0,33.8,0.0,33.8,1023.8,4.15,0,0,0,0.0,0,F1,750,,,,,
2026-02-18,2026-02-18,FO,NSE,STO,87722,,BAJFINANCE,,2026-04-28,2026-04-28,1200.0,PE,BAJFINANCE26APR1200PE,0.0,0.0,0.0,270.1,0.0,270.1,1023.8,170.0,0,0,0,0.0,0,F1,750,,,,,
2026-02-18,2026-02-18,FO,NSE,STO,87461,,BAJFINANCE,,2026-04-28,2026-04-28,1100.0,PE,BAJFINANCE26APR1100PE,0.0,0.0,0.0,178.95,0.0,178.95,1023.8,88.15,0,0,0,0.0,0,F1,750,,,,,
2026-02-18,2026-02-18,FO,NSE,STO,90239,,DMART,,2026-02-24,2026-02-24,4300.0,PE,DMART26FEB4300PE,0.0,0.0,0.0,402.0,402.0,402.0,3915.2,381.0,3300,0,0,0.0,0,F1,150,,,,,
2026-02-18,2026-02-18,FO,NSE,STO,105596,,DMART,,2026-03-30,2026-03-30,4350.0,PE,DMART26MAR4350PE,468.0,468.0,468.0,468.0,468.0,450.0,3915.2,428.95,300,150,1,722700.0,1,F1,150,,,,,
2026-02-18,2026-02-18,FO,NSE,STO,105804,,DMART,,2026-04-28,2026-04-28,3700.0,PE,DMART26APR3700PE,0.0,0.0,0.0,207.45,0.0,207.45,3915.2,70.0,0,0,0,0.0,0,F1,150,,,,,
2026-02-18,2026-02-18,FO,NSE,STO,105831,,DMART,,2026-04-28,2026-04-28,4200.0,PE,DMART26APR4200PE,0.0,0.0,0.0,537.65,0.0,537.65,3915.2,324.05,0,0,0,0.0,0,F1,150,,,,,
2026-02-18,2026-02-18,FO,NSE,STO,105797,,DMART,,2026-04-28,2026-04-28,3400.0,CE,DMART26APR3400CE,0.0,0.0,0.0,411.25,0.0,411.25,3915.2,566.1,0,0,0,0.0,0,F1,150,,,,,
2026-02-18,2026-02-18,FO,NSE,STO,93215,,DMART,,2026-02-24,2026-02-24,3750.0,CE,DMART26FEB3750CE,157.45,162.95,146.7,161.35,161.05,157.45,3915.2,161.35,29700,-1200,40,23427165.0,39,F1,150,,,,,
2026-02-18,2026-02-18,FO,NSE,STO,93230,,DMART,,2026-02-24,2026-02-24,4350.0,CE,DMART26FEB4350CE,0.9,0.9,0.9,0.9,0.9,1.1,3915.2,0.05,4350,-150,1,652635.0,1,F1,150,,,,,
2026-02-18,2026-02-18,FO,NSE,STO,105575,,DMART,,2026-03-30,2026-03-30,3350.0,CE,DMART26MAR3350CE,0.0,0.0,0.0,406.75,0.0,406.75,3915.2,588.5,0,0,0,0.0,0,F1,150,,,,,
2026-02-18,2026-02-18,FO,NSE,STO,93466,,DMART,,2026-03-30,2026-03-30,3500.0,CE,DMART26MAR3500CE,0.0,0.0,0.0,401.7,0.0,401.7,3915.2,447.55,0,0,0,0.0,0,F1,150,,,,,
2026-02-18,2026-02-18,FO,NSE,STO,105593,,DMART,,2026-03-30,2026-03-30,4250.0,CE,DMART26MAR4250CE,0.0,0.0,0.0,25.0,25.0,25.0,3915.2,34.2,1950,0,0,0.0,0,F1,150,,,,,
2026-02-18,2026-02-18,FO,NSE,STO,93492,,DMART,,2026-03-30,2026-03-30,4500.0,CE,DMART26MAR4500CE,10.85,11.0,10.15,10.2,10.2,10.0,3915.2,10.2,3900,3600,24,16237725.0,12,F1,150,,,,,
2026-02-18,2026-02-18,FO,NSE,STO,105801,,DMART,,2026-04-28,2026-04-28,3600.0,CE,DMART26APR3600CE,0.0,0.0,0.0,286.45,0.0,286.45,3915.2,397.6,0,0,0,0.0,0,F1,150,,,,,
2026-02-18,2026-02-18,FO,NSE,STO,93470,,DMART,,2026-03-30,2026-03-30,3600.0,CE,DMART26MAR3600CE,0.0,0.0,0.0,337.3,0.0,337.3,3915.2,359.85,0,0,0,0.0,0,F1,150,,,,,
2026-02-18,2026-02-18,FO,NSE,STO,105824,,DMART,,2026-04-28,2026-04-28,4000.0,CE,DMART26APR4000CE,0.0,0.0,0.0,120.05,0.0,120.05,3915.2,152.8,0,0,0,0.0,0,F1,150,,,,,
2026-02-18,2026-02-18,FO,NSE,STO,93206,,DMART,,2026-02-24,2026-02-24,3250.0,PE,DMART26FEB3250PE,0.0,0.0,0.0,1.3,1.3,1.3,3915.2,0.05,1650,0,0,0.0,0,F1,150,,,,,
2026-02-18,2026-02-18,FO,NSE,STO,90209,,DMART,,2026-02-24,2026-02-24,3700.0,PE,DMART26FEB3700PE,5.6,6.55,2.45,2.65,2.45,5.7,3915.2,2.65,150000,-14400,353,196132185.0,278,F1,150,,,,,
2026-02-18,2026-02-18,FO,NSE,STO,90243,,DMART,,2026-02-24,2026-02-24,4400.0,PE,DMART26FEB4400PE,518.55,518.55,503.0,503.0,503.0,503.4,3915.2,480.85,2700,-300,2,1473232.5,2,F1,150,,,,,
2026-02-18,2026-02-18,FO,NSE,STO,105578,,DMART,,2026-03-30,2026-03-30,3450.0,PE,DMART26MAR3450PE,0.0,0.0,0.0,30.5,30.5,30.5,3915.2,7.65,900,0,0,0.0,0,F1,150,,,,,
2026-02-18,2026-02-18,FO,NSE,STO,105582,,DMART,,2026-03-30,2026-03-30,3650.0,PE,DMART26MAR3650PE,0.0,0.0,0.0,153.65,0.0,153.65,3915.2,31.6,0,0,0,0.0,0,F1,150,,,,,
2026-02-18,2026-02-18,FO,NSE,STO,93491,,DMART,,2026-03-30,2026-03-30,4400.0,PE,DMART26MAR4400PE,500.0,500.0,500.0,500.0,500.0,505.0,3915.2,473.75,5700,150,1,735000.0,1,F1,150,,,,,
2026-02-18,2026-02-18,FO,NSE,STO,93493,,DMART,,2026-03-30,2026-03-30,4500.0,PE,DMART26MAR4500PE,0.0,0.0,0.0,721.3,0.0,721.3,3915.2,566.3,0,0,0,0.0,0,F1,150,,,,,
2026-02-18,2026-02-18,FO,NSE,STO,105796,,DMART,,2026-04-28,2026-04-28,3300.0,PE,DMART26APR3300PE,0.0,0.0,0.0,62.45,0.0,62.45,3915.2,8.35,0,0,0,0.0,0,F1,150,,,,,
2026-02-18,2026-02-18,FO,NSE,STF,66821,,DMART,,2026-04-28,2026-04-28,,,DMART26APRFUT,3885.0,3905.0,3871.2,3905.0,3905.0,3885.8,3915.2,3905.0,48750,1200,17,9922785.0,16,F1,150,,,,,
2026-02-18,2026-02-18,FO,NSE,STO,90226,,DMART,,2026-02-24,2026-02-24,4200.0,CE,DMART26FEB4200CE,3.45,3.7,2.05,2.15,2.3,4.05,3915.2,2.15,90000,-21900,511,322127505.0,331,F1,150,,,,,
2026-02-18,2026-02-18,FO,NSE,STO,105793,,DMART,,2026-04-28,2026-04-28,3200.0,CE,DMART26APR3200CE,0.0,0.0,0.0,561.95,0.0,561.95,3915.2,752.4,0,0,0,0.0,0,F1,150,,,,,
2026-02-18,2026-02-18,FO,NSE,STO,105830,,DMART,,2026-04-28,2026-04-28,4200.0,CE,DMART26APR4200CE,0.0,0.0,0.0,72.55,0.0,72.55,3915.2,82.7,0,0,0,0.0,0,F1,150,,,,,
2026-02-18,2026-02-18,FO,NSE,STO,93225,,DMART,,2026-02-24,2026-02-24,4150.0,PE,DMART26FEB4150PE,256.0,259.1,256.0,259.1,259.1,323.95,3915.2,233.15,750,0,5,3304972.5,3,F1,150,,,,,
2026-02-18,2026-02-18,FO,NSE,STO,93489,,DMART,,2026-03-30,2026-03-30,4300.0,PE,DMART26MAR4300PE,0.0,0.0,0.0,479.3,479.3,479.3,3915.2,385.45,0,0,0,0.0,0,F1,150,,,,,
2026-02-18,2026-02-18,FO,NSE,STO,105835,,DMART,,2026-04-28,2026-04-28,4300.0,PE,DMART26APR4300PE,0.0,0.0,0.0,619.0,0.0,619.0,3915.2,399.15,0,0,0,0.0,0,F1,150,,,,,
2026-02-18,2026-02-18,FO,NSE,STO,93228,,DMART,,2026-02-24,2026-02-24,4250.0,CE,DMART26FEB4250CE,2.05,2.6,1.6,1.7,1.7,2.95,3915.2,1.7,42000,-1950,200,127553340.0,141,F1,150,,,,,
2026-02-18,2026-02-18,FO,NSE,STO,90212,,DMART,,2026-02-24,2026-02-24,3900.0,CE,DMART26FEB3900CE,56.95,56.95,40.35,46.2,47.4,51.85,3915.2,46.2,106950,-14850,1745,1032825622.5,1423,F1,150,,,,,
2026-02-18,2026-02-18,FO,NSE,STO,105587,,DMART,,2026-03-30,2026-03-30,3950.0,CE,DMART26MAR3950CE,110.9,110.9,95.0,95.0,95.0,105.0,3915.2,126.25,1950,150,10,6074010.0,10,F1,150,,,,,
2026-02-18,2026-02-18,FO,NSE,STO,105586,,DMART,,2026-03-30,2026-03-30,3850.0,PE,DMART26MAR3850PE,100.0,110.0,100.0,104.85,104.85,100.0,3915.2,90.6,1950,300,3,1779727.5,3,F1,150,,,,,
2026-02-18,2026-02-18,FO,NSE,STO,93404,,DMART,,2026-03-30,2026-03-30,3100.0,PE,DMART26MAR3100PE,0.0,0.0,0.0,19.85,0.0,19.85,3915.2,0.2,0,0,0,0.0,0,F1,150,,,,,
2026-02-18,2026-02-18,FO,NSE,STO,90211,,DMART,,2026-02-24,2026-02-24,3800.0,PE,DMART26FEB3800PE,15.0,20.0,7.5,8.2,7.5,16.15,3915.2,8.2,56250,-9600,380,217236652.5,339,F1,150,,,,,
2026-02-18,2026-02-18,FO,NSE,STO,105800,,DMART,,2026-04-28,2026-04-28,3500.0,PE,DMART26APR3500PE,0.0,0.0,0.0,121.1,0.0,121.1,3915.2,27.5,0,0,0,0.0,0,F1,150,,,,,
2026-02-18,2026-02-18,FO,NSE,STO,93214,,DMART,,2026-02-24,2026-02-24,3650.0,PE,DMART26FEB3650PE,4.1,4.4,2.1,2.2,2.25,4.15,3915.2,2.2,35250,1350,93,50962680.0,90,F1,150,,,,,
2026-02-18,2026-02-18,FO,NSE,STO,105591,,DMART,,2026-03-30,2026-03-30,4150.0,CE,DMART26MAR4150CE,0.0,0.0,0.0,37.65,37.65,37.65,3915.2,55.25,1800,0,0,0.0,0,F1,150,,,,,
2026-02-18,2026-02-18,FO,NSE,STO,105585,,DMART,,2026-03-30,2026-03-30,3850.0,CE,DMART26MAR3850CE,0.0,0.0,0.0,145.0,145.0,145.0,3915.2,178.95,450,0,0,0.0,0,F1,150,,,,,
2026-02-18,2026-02-18,FO,NSE,STO,93410,,DMART,,2026-03-30,2026-03-30,3400.0,CE,DMART26MAR3400CE,0.0,0.0,0.0,472.8,0.0,472.8,3915.2,540.6,0,0,0,0.0,0,F1,150,,,,,
2026-02-18,2026-02-18,FO,NSE,STO,105573,,DMART,,2026-03-30,2026-03-30,3250.0,CE,DMART26MAR3250CE,0.0,0.0,0.0,486.7,0.0,486.7,3915.2,685.9,0,0,0,0.0,0,F1,150,,,,,
2026-02-18,2026-02-18,FO,NSE,STO,93481,,DMART,,2026-03-30,2026-03-30,3900.0,PE,DMART26MAR3900PE,136.0,136.0,110.05,111.85,111.0,124.9,3915.2,111.85,9900,2850,27,16290870.0,27,F1,150,,,,,
2026-02-18,2026-02-18,FO,NSE,STO,90244,,DMART,,2026-02-24,2026-02-24,4500.0,CE,DMART26FEB4500CE,0.9,1.4,0.8,1.05,1.05,1.4,3915.2,1.05,216600,-7050,208,140431065.0,137,F1,150,,,,,
2026-02-18,2026-02-18,FO,NSE,STO,90231,,DMART,,2026-02-24,2026-02-24,4300.0,CE,DMART26FEB4300CE,1.8,1.85,1.15,1.4,1.35,2.4,3915.2,1.4,45750,-2700,221,142593120.0,190,F1,150,,,,,
2026-02-18,2026-02-18,FO,NSE,STO,93207,,DMART,,2026-02-24,2026-02-24,3350.0,CE,DMART26FEB3350CE,0.0,0.0,0.0,550.0,550.0,550.0,3915.2,568.25,600,0,0,0.0,0,F1,150,,,,,
2026-02-18,2026-02-18,FO,NSE,STO,93484,,DMART,,2026-03-30,2026-03-30,4100.0,CE,DMART26MAR4100CE,50.0,51.4,45.35,50.0,50.0,50.0,3915.2,50.0,7200,2700,29,18045675.0,28,F1,150,,,,,
2026-02-18,2026-02-18,FO,NSE,STO,93486,,DMART,,2026-03-30,2026-03-30,4200.0,CE,DMART26MAR4200CE,30.0,35.2,22.1,33.6,35.2,29.6,3915.2,33.6,9150,0,4,2537895.0,4,F1,150,,,,,
2026-02-18,2026-02-18,FO,NSE,STO,105595,,DMART,,2026-03-30,2026-03-30,4350.0,CE,DMART26MAR4350CE,16.9,17.2,15.35,17.2,17.2,18.95,3915.2,20.3,900,450,8,5239432.5,5,F1,150,,,,,
2026-02-18,2026-02-18,FO,NSE,STO,90247,,DMART,,2026-02-24,2026-02-24,4600.0,PE,DMART26FEB4600PE,700.0,700.0,700.0,700.0,700.0,620.25,3915.2,680.65,150,150,1,795000.0,1,F1,150,,,,,
2026-02-18,2026-02-18,FO,NSE,STO,93411,,DMART,,2026-03-30,2026-03-30,3400.0,PE,DMART26MAR3400PE,10.3,10.3,10.3,10.3,10.3,10.3,3915.2,10.3,1950,150,2,1023090.0,2,F1,150,,,,,
2026-02-18,2026-02-18,FO,NSE,STO,93479,,DMART,,2026-03-30,2026-03-30,3800.0,PE,DMART26MAR3800PE,64.0,64.0,64.0,64.0,64.0,79.75,3915.2,71.7,11550,150,1,579600.0,1,F1,150,,,,,
2026-02-18,2026-02-18,FO,NSE,STO,105590,,DMART,,2026-03-30,2026-03-30,4050.0,PE,DMART26MAR4050PE,0.0,0.0,0.0,220.0,220.0,220.0,3915.2,195.8,300,0,0,0.0,0,F1,150,,,,,
2026-02-18,2026-02-18,FO,NSE,STO,93495,,DMART,,2026-03-30,2026-03-30,4600.0,PE,DMART26MAR4600PE,0.0,0.0,0.0,809.5,0.0,809.5,3915.2,661.7,0,0,0,0.0,0,F1,150,,,,,
2026-02-18,2026-02-18,FO,NSE,STO,105829,,DMART,,2026-04-28,2026-04-28,4100.0,PE,DMART26APR4100PE,0.0,0.0,0.0,460.55,0.0,460.55,3915.2,256.1,0,0,0,0.0,0,F1,150,,,,,
2026-02-18,2026-02-18,FO,NSE,STO,93209,,DMART,,2026-02-24,2026-02-24,3450.0,CE,DMART26FEB3450CE,0.0,0.0,0.0,387.35,0.0,387.35,3915.2,468.3,0,0,0,0.0,0,F1,150,,,,,
2026-02-18,2026-02-18,FO,NSE,STO,90194,,DMART,,2026-02-24,2026-02-24,3000.0,CE,DMART26FEB3000CE,0.0,0.0,0.0,905.0,905.0,905.0,3915.2,917.9,600,0,0,0.0,0,F1,150,,,,,
2026-02-18,2026-02-18,FO,NSE,STO,93403,,DMART,,2026-03-30,2026-03-30,3100.0,CE,DMART26MAR3100CE,785.0,785.0,785.0,785.0,785.0,719.25,3915.2,834.0,150,150,1,582750.0,1,F1,150,,,,,
2026-02-18,2026-02-18,FO,NSE,STO,93485,,DMART,,2026-03-30,2026-03-30,4100.0,PE,DMART26MAR4100PE,250.0,254.0,250.0,252.0,252.0,250.0,3915.2,229.2,2400,750,5,3264525.0,5,F1,150,,,,,
2026-02-18,2026-02-18,FO,NSE,STO,105574,,DMART,,2026-03-30,2026-03-30,3250.0,PE,DMART26MAR3250PE,0.0,0.0,0.0,10.0,10.0,10.0,3915.2,1.15,300,0,0,0.0,0,F1,150,,,,,
2026-02-18,2026-02-18,FO,NSE,STO,93402,,DMART,,2026-03-30,2026-03-30,3000.0,PE,DMART26MAR3000PE,0.0,0.0,0.0,11.95,0.0,11.95,3915.2,0.05,0,0,0,0.0,0,F1,150,,,,,
2026-02-18,2026-02-18,FO,NSE,STO,93229,,DMART,,2026-02-24,2026-02-24,4250.0,PE,DMART26FEB4250PE,0.0,0.0,0.0,498.85,0.0,498.85,3915.2,331.25,0,0,0,0.0,0,F1,150,,,,,
2026-02-18,2026-02-18,FO,NSE,STO,90215,,DMART,,2026-02-24,2026-02-24,4000.0,PE,DMART26FEB4000PE,129.0,129.0,99.65,101.35,99.85,121.45,3915.2,101.35,47850,0,31,19109137.5,31,F1,150,,,,,
2026-02-18,2026-02-18,FO,NSE,STO,93221,,DMART,,2026-02-24,2026-02-24,3950.0,PE,DMART26FEB3950PE,90.1,90.1,62.0,65.25,64.0,81.65,3915.2,65.25,53250,3600,59,35605740.0,55,F1,150,,,,,
2026-02-18,2026-02-18,FO,NSE,STO,93212,,DMART,,2026-02-24,2026-02-24,3550.0,PE,DMART26FEB3550PE,2.1,2.35,1.65,1.75,1.75,2.7,3915.2,1.75,20400,-300,131,69795322.5,126,F1,150,,,,,
2026-02-18,2026-02-18,FO,NSE,STO,105819,,DMART,,2026-04-28,2026-04-28,3900.0,CE,DMART26APR3900CE,0.0,0.0,0.0,151.9,0.0,151.9,3915.2,200.65,0,0,0,0.0,0,F1,150,,,,,
2026-02-18,2026-02-18,FO,NSE,STO,93401,,DMART,,2026-03-30,2026-03-30,3000.0,CE,DMART26MAR3000CE,0.0,0.0,0.0,890.0,890.0,890.0,3915.2,933.25,600,0,0,0.0,0,F1,150,,,,,
2026-02-18,2026-02-18,FO,NSE,STO,93205,,DMART,,2026-02-24,2026-02-24,3250.0,CE,DMART26FEB3250CE,0.0,0.0,0.0,748.6,748.6,748.6,3915.2,668.15,300,0,0,0.0,0,F1,150,,,,,
2026-02-18,2026-02-18,FO,NSE,STO,90200,,DMART,,2026-02-24,2026-02-24,3300.0,CE,DMART26FEB3300CE,0.0,0.0,0.0,763.7,0.0,763.7,3915.2,618.2,0,0,0,0.0,0,F1,150,,,,,
2026-02-18,2026-02-18,FO,NSE,STO,90208,,DMART,,2026-02-24,2026-02-24,3700.0,CE,DMART26FEB3700CE,187.6,210.8,187.6,210.8,210.8,204.1,3915.2,220.5,77250,-600,12,7021080.0,12,F1,150,,,,,
2026-02-18,2026-02-18,FO,NSE,STO,93217,,DMART,,2026-02-24,2026-02-24,3850.0,CE,DMART26FEB3850CE,62.3,81.5,62.3,77.8,79.65,79.65,3915.2,77.8,39000,-3900,74,43556572.5,67,F1,150,,,,,
2026-02-18,2026-02-18,FO,NSE,STO,93224,,DMART,,2026-02-24,2026-02-24,4150.0,CE,DMART26FEB4150CE,4.0,4.0,2.85,3.15,3.25,5.4,3915.2,3.15,21300,-7350,187,116498790.0,140,F1,150,,,,,
2026-02-18,2026-02-18,FO,NSE,STO,90242,,DMART,,2026-02-24,2026-02-24,4400.0,CE,DMART26FEB4400CE,1.8,1.8,0.75,1.05,0.95,1.45,3915.2,1.05,35100,-150,60,39608760.0,48,F1,150,,,,,
2026-02-18,2026-02-18,FO,NSE,STO,105807,,DMART,,2026-04-28,2026-04-28,3800.0,PE,DMART26APR3800PE,0.0,0.0,0.0,90.0,90.0,90.0,3915.2,103.1,150,0,0,0.0,0,F1,150,,,,,
2026-02-18,2026-02-18,FO,NSE,STO,105825,,DMART,,2026-04-28,2026-04-28,4000.0,PE,DMART26APR4000PE,0.0,0.0,0.0,388.2,0.0,388.2,3915.2,196.2,0,0,0,0.0,0,F1,150,,,,,
2026-02-18,2026-02-18,FO,NSE,STO,105790,,DMART,,2026-04-28,2026-04-28,3000.0,PE,DMART26APR3000PE,0.0,0.0,0.0,17.05,0.0,17.05,3915.2,0.75,0,0,0,0.0,0,F1,150,,,,,
2026-02-18,2026-02-18,FO,NSE,STO,90218,,DMART,,2026-02-24,2026-02-24,4100.0,PE,DMART26FEB4100PE,221.0,221.0,191.85,194.15,191.85,218.65,3915.2,194.15,16050,-1500,17,10984132.5,17,F1,150,,,,,
2026-02-18,2026-02-18,FO,NSE,STO,105588,,DMART,,2026-03-30,2026-03-30,3950.0,PE,DMART26MAR3950PE,0.0,0.0,0.0,169.75,169.75,169.75,3915.2,137.3,300,0,0,0.0,0,F1,150,,,,,
2026-02-18,2026-02-18,FO,NSE,STO,105594,,DMART,,2026-03-30,2026-03-30,4250.0,PE,DMART26MAR4250PE,0.0,0.0,0.0,569.55,0.0,569.55,3915.2,343.45,0,0,0,0.0,0,F1,150,,,,,
2026-02-18,2026-02-18,FO,NSE,STF,59308,,DMART,,2026-02-24,2026-02-24,,,DMART26FEBFUT,3902.8,3917.9,3877.2,3911.2,3910.7,3899.2,3915.2,3911.2,4651350,-199800,4322,2527143060.0,3042,F1,150,,,,,
2026-02-18,2026-02-18,FO,NSE,STO,93213,,DMART,,2026-02-24,2026-02-24,3650.0,CE,DMART26FEB3650CE,0.0,0.0,0.0,346.5,346.5,346.5,3915.2,269.15,32550,0,0,0.0,0,F1,150,,,,,
2026-02-18,2026-02-18,FO,NSE,STO,90214,,DMART,,2026-02-24,2026-02-24,4000.0,CE,DMART26FEB4000CE,20.55,21.0,12.7,15.0,15.5,20.6,3915.2,15.0,263400,-22650,1908,1149344197.5,1356,F1,150,,,,,
2026-02-18,2026-02-18,FO,NSE,STO,93222,,DMART,,2026-02-24,2026-02-24,4050.0,CE,DMART26FEB4050CE,10.95,12.35,7.3,7.95,8.45,12.55,3915.2,7.95,103050,-7950,374,227693962.5,296,F1,150,,,,,
2026-02-18,2026-02-18,FO,NSE,STO,90216,,DMART,,2026-02-24,2026-02-24,4100.0,CE,DMART26FEB4100CE,7.05,7.6,4.25,4.8,5.0,7.95,3915.2,4.8,109650,-25350,657,404595247.5,498,F1,150,,,,,
2026-02-18,2026-02-18,FO,NSE,STO,105577,,DMART,,2026-03-30,2026-03-30,3450.0,CE,DMART26MAR3450CE,0.0,0.0,0.0,333.8,0.0,333.8,3915.2,493.55,0,0,0,0.0,0,F1,150,,,,,
2026-02-18,2026-02-18,FO,NSE,STO,93478,,DMART,,2026-03-30,2026-03-30,3800.0,CE,DMART26MAR3800CE,170.0,170.0,170.0,170.0,170.0,197.1,3915.2,209.75,2250,750,5,2977500.0,1,F1,150,,,,,
2026-02-18,2026-02-18,FO,NSE,STO,93480,,DMART,,2026-03-30,2026-03-30,3900.0,CE,DMART26MAR3900CE,110.1,126.55,110.1,116.0,116.0,119.4,3915.2,151.1,9000,1350,39,23505397.5,39,F1,150,,,,,
2026-02-18,2026-02-18,FO,NSE,STO,105789,,DMART,,2026-04-28,2026-04-28,3000.0,CE,DMART26APR3000CE,0.0,0.0,0.0,733.6,0.0,733.6,3915.2,947.0,0,0,0,0.0,0,F1,150,,,,,
2026-02-18,2026-02-18,FO,NSE,STO,105803,,DMART,,2026-04-28,2026-04-28,3700.0,CE,DMART26APR3700CE,0.0,0.0,0.0,234.7,0.0,234.7,3915.2,323.5,0,0,0,0.0,0,F1,150,,,,,
2026-02-18,2026-02-18,FO,NSE,STF,51872,,DMART,,2026-03-30,2026-03-30,,,DMART26MARFUT,3878.0,3910.0,3866.5,3903.8,3901.1,3887.0,3915.2,3903.8,1983600,389400,3720,2170236930.0,2539,F1,150,,,,,
2026-02-18,2026-02-18,FO,NSE,STO,90206,,DMART,,2026-02-24,2026-02-24,3600.0,CE,DMART26FEB3600CE,299.95,299.95,293.5,299.95,299.95,303.4,3915.2,318.65,26850,-300,6,3507697.5,6,F1,150,,,,,
2026-02-18,2026-02-18,FO,NSE,STO,93488,,DMART,,2026-03-30,2026-03-30,4300.0,CE,DMART26MAR4300CE,21.3,21.3,20.05,21.25,21.25,22.95,3915.2,21.25,17400,1500,18,11665890.0,14,F1,150,,,,,
2026-02-18,2026-02-18,FO,NSE,STO,93490,,DMART,,2026-03-30,2026-03-30,4400.0,CE,DMART26MAR4400CE,0.0,0.0,0.0,23.0,23.0,23.0,3915.2,15.35,1050,0,0,0.0,0,F1,150,,,,,
2026-02-18,2026-02-18,FO,NSE,STO,105795,,DMART,,2026-04-28,2026-04-28,3300.0,CE,DMART26APR3300CE,0.0,0.0,0.0,483.55,0.0,483.55,3915.2,657.7,0,0,0,0.0,0,F1,150,,,,,
2026-02-18,2026-02-18,FO,NSE,STO,105799,,DMART,,2026-04-28,2026-04-28,3500.0,CE,DMART26APR3500CE,0.0,0.0,0.0,345.3,0.0,345.3,3915.2,478.9,0,0,0,0.0,0,F1,150,,,,,
2026-02-18,2026-02-18,FO,NSE,STO,90207,,DMART,,2026-02-24,2026-02-24,3600.0,PE,DMART26FEB3600PE,3.4,3.5,1.9,2.05,2.1,3.6,3915.2,2.05,70200,-900,107,57818205.0,100,F1,150,,,,,
2026-02-18,2026-02-18,FO,NSE,STO,93223,,DMART,,2026-02-24,2026-02-24,4050.0,PE,DMART26FEB4050PE,0.0,0.0,0.0,104.8,104.05,104.8,3915.2,141.75,7350,0,0,0.0,0,F1,150,,,,,
2026-02-18,2026-02-18,FO,NSE,STO,93406,,DMART,,2026-03-30,2026-03-30,3200.0,PE,DMART26MAR3200PE,0.0,0.0,0.0,31.45,0.0,31.45,3915.2,0.65,0,0,0,0.0,0,F1,150,,,,,
2026-02-18,2026-02-18,FO,NSE,STO,105794,,DMART,,2026-04-28,2026-04-28,3200.0,PE,DMART26APR3200PE,0.0,0.0,0.0,42.35,0.0,42.35,3915.2,4.1,0,0,0,0.0,0,F1,150,,,,,
2026-02-18,2026-02-18,FO,NSE,STO,105837,,DMART,,2026-04-28,2026-04-28,4400.0,PE,DMART26APR4400PE,0.0,0.0,0.0,704.0,0.0,704.0,3915.2,480.2,0,0,0,0.0,0,F1,150,,,,,
2026-02-18,2026-02-18,FO,NSE,STO,93210,,DMART,,2026-02-24,2026-02-24,3450.0,PE,DMART26FEB3450PE,0.0,0.0,0.0,2.9,2.8,2.9,3915.2,0.05,10350,0,0,0.0,0,F1,150,,,,,
2026-02-18,2026-02-18,FO,NSE,STO,105836,,DMART,,2026-04-28,2026-04-28,4400.0,CE,DMART26APR4400CE,0.0,0.0,0.0,41.95,0.0,41.95,3915.2,40.9,0,0,0,0.0,0,F1,150,,,,,
2026-02-18,2026-02-18,FO,NSE,STO,90198,,DMART,,2026-02-24,2026-02-24,3200.0,CE,DMART26FEB3200CE,0.0,0.0,0.0,707.0,707.0,707.0,3915.2,718.1,600,0,0,0.0,0,F1,150,,,,,
2026-02-18,2026-02-18,FO,NSE,STO,105820,,DMART,,2026-04-28,2026-04-28,3900.0,PE,DMART26APR3900PE,0.0,0.0,0.0,321.6,0.0,321.6,3915.2,145.1,0,0,0,0.0,0,F1,150,,,,,
2026-02-18,2026-02-18,FO,NSE,STO,105584,,DMART,,2026-03-30,2026-03-30,3750.0,PE,DMART26MAR3750PE,0.0,0.0,0.0,75.0,75.0,75.0,3915.2,55.7,1200,0,0,0.0,0,F1,150,,,,,
2026-02-18,2026-02-18,FO,NSE,STO,93409,,DMART,,2026-03-30,2026-03-30,3300.0,PE,DMART26MAR3300PE,0.0,0.0,0.0,8.9,8.9,8.9,3915.2,1.95,150,0,0,0.0,0,F1,150,,,,,
2026-02-18,2026-02-18,FO,NSE,STO,93216,,DMART,,2026-02-24,2026-02-24,3750.0,PE,DMART26FEB3750PE,10.2,11.0,3.95,4.25,4.0,9.05,3915.2,4.25,103950,-15000,292,164563732.5,272,F1,150,,,,,
2026-02-18,2026-02-18,FO,NSE,STO,93407,,DMART,,2026-03-30,2026-03-30,3300.0,CE,DMART26MAR3300CE,0.0,0.0,0.0,549.9,0.0,549.9,3915.2,636.95,0,0,0,0.0,0,F1,150,,,,,
2026-02-18,2026-02-18,FO,NSE,STO,93405,,DMART,,2026-03-30,2026-03-30,3200.0,CE,DMART26MAR3200CE,0.0,0.0,0.0,538.9,538.9,538.9,3915.2,735.1,450,0,0,0.0,0,F1,150,,,,,
2026-02-18,2026-02-18,FO,NSE,STO,90202,,DMART,,2026-02-24,2026-02-24,3400.0,CE,DMART26FEB3400CE,0.0,0.0,0.0,474.9,474.9,474.9,3915.2,518.25,450,0,0,0.0,0,F1,150,,,,,
2026-02-18,2026-02-18,FO,NSE,STO,90230,,DMART,,2026-02-24,2026-02-24,4200.0,PE,DMART26FEB4200PE,0.0,0.0,0.0,300.7,300.7,300.7,3915.2,281.8,3150,0,0,0.0,0,F1,150,,,,,
2026-02-18,2026-02-18,FO,NSE,STO,105592,,DMART,,2026-03-30,2026-03-30,4150.0,PE,DMART26MAR4150PE,0.0,0.0,0.0,485.05,0.0,485.05,3915.2,265.1,0,0,0,0.0,0,F1,150,,,,,
2026-02-18,2026-02-18,FO,NSE,STO,93475,,DMART,,2026-03-30,2026-03-30,3700.0,PE,DMART26MAR3700PE,49.5,50.0,40.85,40.9,40.95,48.9,3915.2,40.9,11550,750,35,19667887.5,32,F1,150,,,,,
2026-02-18,2026-02-18,FO,NSE,STO,105576,,DMART,,2026-03-30,2026-03-30,3350.0,PE,DMART26MAR3350PE,0.0,0.0,0.0,11.1,11.1,11.1,3915.2,3.15,1350,0,0,0.0,0,F1,150,,,,,
2026-02-18,2026-02-18,FO,NSE,STO,90196,,DMART,,2026-02-24,2026-02-24,3100.0,CE,DMART26FEB3100CE,0.0,0.0,0.0,945.2,0.0,945.2,3915.2,818.0,0,0,0,0.0,0,F1,150,,,,,
2026-02-18,2026-02-18,FO,NSE,STO,90213,,DMART,,2026-02-24,2026-02-24,3900.0,PE,DMART26FEB3900PE,55.0,62.35,32.9,35.4,34.3,51.95,3915.2,35.4,105600,19050,595,352073310.0,504,F1,150,,,,,
2026-02-18,2026-02-18,FO,NSE,STO,90205,,DMART,,2026-02-24,2026-02-24,3500.0,PE,DMART26FEB3500PE,2.05,2.15,1.45,1.45,1.45,2.15,3915.2,1.45,76350,-9450,218,114511057.5,173,F1,150,,,,,
2026-02-18,2026-02-18,FO,NSE,STO,93211,,DMART,,2026-02-24,2026-02-24,3550.0,CE,DMART26FEB3550CE,0.0,0.0,0.0,342.6,342.6,342.6,3915.2,368.45,3750,0,0,0.0,0,F1,150,,,,,
2026-02-18,2026-02-18,FO,NSE,STO,90210,,DMART,,2026-02-24,2026-02-24,3800.0,CE,DMART26FEB3800CE,105.05,120.45,102.95,115.65,120.4,116.0,3915.2,115.65,187200,-3150,121,70987867.5,109,F1,150,,,,,
2026-02-18,2026-02-18,FO,NSE,STO,93494,,DMART,,2026-03-30,2026-03-30,4600.0,CE,DMART26MAR4600CE,0.0,0.0,0.0,31.1,0.0,31.1,3915.2,4.55,0,0,0,0.0,0,F1,150,,,,,
2026-02-18,2026-02-18,FO,NSE,STO,90199,,DMART,,2026-02-24,2026-02-24,3200.0,PE,DMART26FEB3200PE,0.85,0.85,0.6,0.6,0.6,0.85,3915.2,0.05,13350,0,3,1440345.0,2,F1,150,,,,,
2026-02-18,2026-02-18,FO,NSE,STO,105579,,DMART,,2026-03-30,2026-03-30,3550.0,CE,DMART26MAR3550CE,0.0,0.0,0.0,268.85,0.0,268.85,3915.2,402.9,0,0,0,0.0,0,F1,150,,,,,
2026-02-18,2026-02-18,FO,NSE,STO,93474,,DMART,,2026-03-30,2026-03-30,3700.0,CE,DMART26MAR3700CE,240.1,241.5,238.35,238.35,238.35,250.95,3915.2,279.85,750,0,3,1772992.5,3,F1,150,,,,,
2026-02-18,2026-02-18,FO,NSE,STO,90201,,DMART,,2026-02-24,2026-02-24,3300.0,PE,DMART26FEB3300PE,1.0,1.0,1.0,1.0,1.0,1.5,3915.2,1.0,30150,0,1,495150.0,1,F1,150,,,,,
2026-02-18,2026-02-18,FO,NSE,STO,105798,,DMART,,2026-04-28,2026-04-28,3400.0,PE,DMART26APR3400PE,0.0,0.0,0.0,88.55,0.0,88.55,3915.2,15.7,0,0,0,0.0,0,F1,150,,,,,
2026-02-18,2026-02-18,FO,NSE,STO,93231,,DMART,,2026-02-24,2026-02-24,4350.0,PE,DMART26FEB4350PE,0.0,0.0,0.0,680.0,680.0,680.0,3915.2,430.9,150,0,0,0.0,0,F1,150,,,,,
2026-02-18,2026-02-18,FO,NSE,STO,90203,,DMART,,2026-02-24,2026-02-24,3400.0,PE,DMART26FEB3400PE,1.75,2.1,1.35,1.5,1.65,2.0,3915.2,1.5,181350,4050,169,86234857.5,125,F1,150,,,,,
2026-02-18,2026-02-18,FO,NSE,STO,90197,,DMART,,2026-02-24,2026-02-24,3100.0,PE,DMART26FEB3100PE,0.15,0.5,0.15,0.4,0.4,0.9,3915.2,0.05,8250,-600,7,3255412.5,6,F1,150,,,,,
2026-02-18,2026-02-18,FO,NSE,STO,105840,,DMART,,2026-04-28,2026-04-28,4600.0,CE,DMART26APR4600CE,0.0,0.0,0.0,23.3,0.0,23.3,3915.2,18.55,0,0,0,0.0,0,F1,150,,,,,
2026-02-18,2026-02-18,FO,NSE,STO,105828,,DMART,,2026-04-28,2026-04-28,4100.0,CE,DMART26APR4100CE,0.0,0.0,0.0,93.95,0.0,93.95,3915.2,113.7,0,0,0,0.0,0,F1,150,,,,,
2026-02-18,2026-02-18,FO,NSE,STO,90204,,DMART,,2026-02-24,2026-02-24,3500.0,CE,DMART26FEB3500CE,0.0,0.0,0.0,399.55,399.55,399.55,3915.2,418.35,4350,0,0,0.0,0,F1,150,,,,,
2026-02-18,2026-02-18,FO,NSE,STO,105583,,DMART,,2026-03-30,2026-03-30,3750.0,CE,DMART26MAR3750CE,200.0,205.0,195.0,195.0,195.0,164.6,3915.2,243.45,900,900,6,3555000.0,6,F1,150,,,,,
2026-02-18,2026-02-18,FO,NSE,STO,93483,,DMART,,2026-03-30,2026-03-30,4000.0,PE,DMART26MAR4000PE,189.5,189.5,168.0,168.0,168.0,189.5,3915.2,168.0,20250,-150,6,3763260.0,6,F1,150,,,,,
2026-02-18,2026-02-18,FO,NSE,STO,105589,,DMART,,2026-03-30,2026-03-30,4050.0,CE,DMART26MAR4050CE,61.9,66.9,61.9,62.55,62.55,67.0,3915.2,62.55,1200,0,8,4936612.5,8,F1,150,,,,,
2026-02-18,2026-02-18,FO,NSE,STO,93482,,DMART,,2026-03-30,2026-03-30,4000.0,CE,DMART26MAR4000CE,82.4,82.4,74.0,79.1,79.95,79.95,3915.2,79.1,37950,4500,98,59953702.5,89,F1,150,,,,,
2026-02-18,2026-02-18,FO,NSE,STO,105581,,DMART,,2026-03-30,2026-03-30,3650.0,CE,DMART26MAR3650CE,0.0,0.0,0.0,212.45,0.0,212.45,3915.2,318.75,0,0,0,0.0,0,F1,150,,,,,
2026-02-18,2026-02-18,FO,NSE,STO,90246,,DMART,,2026-02-24,2026-02-24,4600.0,CE,DMART26FEB4600CE,0.0,0.0,0.0,78.15,0.0,78.15,3915.2,0.05,0,0,0,0.0,0,F1,150,,,,,
2026-02-18,2026-02-18,FO,NSE,STO,93220,,DMART,,2026-02-24,2026-02-24,3950.0,CE,DMART26FEB3950CE,34.95,35.0,22.65,26.15,26.75,32.3,3915.2,26.15,90600,-6000,693,413386687.5,642,F1,150,,,,,
2026-02-18,2026-02-18,FO,NSE,STO,90245,,DMART,,2026-02-24,2026-02-24,4500.0,PE,DMART26FEB4500PE,0.0,0.0,0.0,542.1,0.0,542.1,3915.2,580.75,0,0,0,0.0,0,F1,150,,,,,
2026-02-18,2026-02-18,FO,NSE,STO,105841,,DMART,,2026-04-28,2026-04-28,4600.0,PE,DMART26APR4600PE,0.0,0.0,0.0,882.3,0.0,882.3,3915.2,655.75,0,0,0,0.0,0,F1,150,,,,,
2026-02-18,2026-02-18,FO,NSE,STO,105802,,DMART,,2026-04-28,2026-04-28,3600.0,PE,DMART26APR3600PE,0.0,0.0,0.0,70.0,70.0,70.0,3915.2,45.15,3600,0,0,0.0,0,F1,150,,,,,
2026-02-18,2026-02-18,FO,NSE,STO,93487,,DMART,,2026-03-30,2026-03-30,4200.0,PE,DMART26MAR4200PE,0.0,0.0,0.0,340.1,340.1,340.1,3915.2,303.25,300,0,0,0.0,0,F1,150,,,,,
2026-02-18,2026-02-18,FO,NSE,STO,93471,,DMART,,2026-03-30,2026-03-30,3600.0,PE,DMART26MAR3600PE,0.0,0.0,0.0,32.0,32.0,32.0,3915.2,23.0,13050,0,0,0.0,0,F1,150,,,,,
2026-02-18,2026-02-18,FO,NSE,STO,105580,,DMART,,2026-03-30,2026-03-30,3550.0,PE,DMART26MAR3550PE,23.45,23.45,23.45,23.45,23.45,111.15,3915.2,16.35,300,300,2,1072035.0,1,F1,150,,,,,
2026-02-18,2026-02-18,FO,NSE,STO,93467,,DMART,,2026-03-30,2026-03-30,3500.0,PE,DMART26MAR3500PE,19.95,19.95,15.0,15.0,15.0,18.75,3915.2,11.35,4950,150,4,2109930.0,4,F1,150,,,,,
2026-02-18,2026-02-18,FO,NSE,STO,90195,,DMART,,2026-02-24,2026-02-24,3000.0,PE,DMART26FEB3000PE,0.05,0.05,0.05,0.05,0.05,0.1,3915.2,0.05,39150,-450,41,18450307.5,19,F1,150,,,,,
2026-02-18,2026-02-18,FO,NSE,STO,105805,,DMART,,2026-04-28,2026-04-28,3800.0,CE,DMART26APR3800CE,0.0,0.0,0.0,190.0,0.0,190.0,3915.2,257.6,0,0,0,0.0,0,F1,150,,,,,
2026-02-18,2026-02-18,FO,NSE,STO,105834,,DMART,,2026-04-28,2026-04-28,4300.0,CE,DMART26APR4300CE,0.0,0.0,0.0,55.45,0.0,55.45,3915.2,58.8,0,0,0,0.0,0,F1,150,,,,,
2026-02-18,2026-02-18,FO,NSE,STO,93208,,DMART,,2026-02-24,2026-02-24,3350.0,PE,DMART26FEB3350PE,0.0,0.0,0.0,7.2,7.2,7.2,3915.2,0.05,450,0,0,0.0,0,F1,150,,,,,
2026-02-18,2026-02-18,FO,NSE,STO,93218,,DMART,,2026-02-24,2026-02-24,3850.0,PE,DMART26FEB3850PE,35.3,36.0,15.7,16.9,16.15,30.45,3915.2,16.9,80850,12750,381,221507272.5,335,F1,150,,,,,
2026-02-18,2026-02-18,FO,NSE,IDO,62066,,FINNIFTY,,2026-02-24,2026-02-24,28800.0,CE,FINNIFTY26FEB28800CE,40.7,61.35,30.0,52.25,44.25,38.65,28463.25,52.25,59700,29640,3709,6418670280.0,2208,F1,60,,,,,
2026-02-18,2026-02-18,FO,NSE,IDO,62186,,FINNIFTY,,2026-02-24,2026-02-24,29300.0,CE,FINNIFTY26FEB29300CE,9.3,17.15,9.25,12.3,10.8,11.55,28463.25,12.3,32400,16800,1163,2045363772.0,973,F1,60,,,,,
2026-02-18,2026-02-18,FO,NSE,IDO,62204,,FINNIFTY,,2026-02-24,2026-02-24,30200.0,CE,FINNIFTY26FEB30200CE,3.5,3.6,3.2,3.2,3.2,4.6,28463.25,0.05,840,180,14,25370949.0,6,F1,60,,,,,
2026-02-18,2026-02-18,FO,NSE,IDO,53568,,FINNIFTY,,2026-03-30,2026-03-30,24700.0,CE,FINNIFTY26MAR24700CE,0.0,0.0,0.0,3117.35,0.0,3117.35,28463.25,3911.9,0,0,0,0.0,0,F1,60,,,,,
2026-02-18,2026-02-18,FO,NSE,IDO,53576,,FINNIFTY,,2026-03-30,2026-03-30,25100.0,CE,FINNIFTY26MAR25100CE,0.0,0.0,0.0,2760.85,0.0,2760.85,28463.25,3514.85,0,0,0,0.0,0,F1,60,,,,,
2026-02-18,2026-02-18,FO,NSE,IDO,53620,,FINNIFTY,,2026-03-30,2026-03-30,26100.0,CE,FINNIFTY26MAR26100CE,0.0,0.0,0.0,1941.1,0.0,1941.1,28463.25,2530.3,0,0,0,0.0,0,F1,60,,,,,
2026-02-18,2026-02-18,FO,NSE,IDO,69733,,FINNIFTY,,2026-04-28,2026-04-28,24000.0,PE,FINNIFTY26APR24000PE,0.0,0.0,0.0,38.95,0.0,38.95,28463.25,0.6,0,0,0,0.0,0,F1,60,,,,,
2026-02-18,2026-02-18,FO,NSE,IDO,69904,,FINNIFTY,,2026-04-28,2026-04-28,26200.0,PE,FINNIFTY26APR26200PE,0.0,0.0,0.0,362.75,0.0,362.75,28463.25,43.55,0,0,0,0.0,0,F1,60,,,,,
2026-02-18,2026-02-18,FO,NSE,IDO,70258,,FINNIFTY,,2026-04-28,2026-04-28,29400.0,PE,FINNIFTY26APR29400PE,0.0,0.0,0.0,2144.05,0.0,2144.05,28463.25,1055.4,0,0,0,0.0,0,F1,60,,,,,
2026-02-18,2026-02-18,FO,NSE,IDO,70290,,FINNIFTY,,2026-04-28,2026-04-28,31000.0,PE,FINNIFTY26APR31000PE,0.0,0.0,0.0,3535.4,0.0,3535.4,28463.25,2308.15,0,0,0,0.0,0,F1,60,,,,,
2026-02-18,2026-02-18,FO,NSE,IDO,53636,,FINNIFTY,,2026-03-30,2026-03-30,26400.0,CE,FINNIFTY26MAR26400CE,0.0,0.0,0.0,1721.35,0.0,1721.35,28463.25,2241.4,0,0,0,0.0,0,F1,60,,,,,
2026-02-18,2026-02-18,FO,NSE,IDO,53666,,FINNIFTY,,2026-03-30,2026-03-30,27900.0,CE,FINNIFTY26MAR27900CE,0.0,0.0,0.0,838.3,0.0,838.3,28463.25,961.4,0,0,0,0.0,0,F1,60,,,,,
2026-02-18,2026-02-18,FO,NSE,IDO,62184,,FINNIFTY,,2026-02-24,2026-02-24,29200.0,CE,FINNIFTY26FEB29200CE,12.0,18.6,10.8,15.1,14.1,14.4,28463.25,15.1,21600,10020,1688,2958725766.0,1186,F1,60,,,,,
2026-02-18,2026-02-18,FO,NSE,IDO,61928,,FINNIFTY,,2026-02-24,2026-02-24,27000.0,CE,FINNIFTY26FEB27000CE,1351.25,1457.7,1325.5,1453.4,1449.05,1304.35,28463.25,1453.4,22200,-720,14,23820126.0,14,F1,60,,,,,
2026-02-18,2026-02-18,FO,NSE,IDO,53608,,FINNIFTY,,2026-03-30,2026-03-30,25800.0,PE,FINNIFTY26MAR25800PE,0.0,0.0,0.0,209.55,0.0,209.55,28463.25,5.0,0,0,0,0.0,0,F1,60,,,,,
2026-02-18,2026-02-18,FO,NSE,IDO,53665,,FINNIFTY,,2026-03-30,2026-03-30,27800.0,PE,FINNIFTY26MAR27800PE,200.0,220.0,200.0,220.0,220.0,890.55,28463.25,220.0,60,60,2,3361200.0,2,F1,60,,,,,
2026-02-18,2026-02-18,FO,NSE,IDO,61939,,FINNIFTY,,2026-02-24,2026-02-24,27400.0,PE,FINNIFTY26FEB27400PE,29.15,29.15,16.7,19.1,18.85,29.15,28463.25,19.1,47460,8520,1920,3158716353.0,1429,F1,60,,,,,
2026-02-18,2026-02-18,FO,NSE,IDO,69256,,FINNIFTY,,2026-02-24,2026-02-24,26750.0,PE,FINNIFTY26FEB26750PE,11.95,12.4,8.65,9.7,9.5,14.95,28463.25,9.7,1500,-2580,372,597292020.0,245,F1,60,,,,,
2026-02-18,2026-02-18,FO,NSE,IDO,69123,,FINNIFTY,,2026-02-24,2026-02-24,26550.0,PE,FINNIFTY26FEB26550PE,9.05,9.85,6.85,7.4,7.35,12.2,28463.25,7.4,3180,-5940,369,588000867.0,265,F1,60,,,,,
2026-02-18,2026-02-18,FO,NSE,IDO,68996,,FINNIFTY,,2026-02-24,2026-02-24,25950.0,PE,FINNIFTY26FEB25950PE,6.1,6.4,4.15,6.4,6.4,7.25,28463.25,6.4,5940,-1260,72,112127562.0,26,F1,60,,,,,
2026-02-18,2026-02-18,FO,NSE,IDO,70253,,FINNIFTY,,2026-04-28,2026-04-28,29200.0,CE,FINNIFTY26APR29200CE,0.0,0.0,0.0,291.85,0.0,291.85,28463.25,495.55,0,0,0,0.0,0,F1,60,,,,,
2026-02-18,2026-02-18,FO,NSE,IDO,70062,,FINNIFTY,,2026-04-28,2026-04-28,27000.0,CE,FINNIFTY26APR27000CE,0.0,0.0,0.0,1116.75,0.0,1116.75,28463.25,1869.7,0,0,0,0.0,0,F1,60,,,,,
2026-02-18,2026-02-18,FO,NSE,IDO,69818,,FINNIFTY,,2026-04-28,2026-04-28,25600.0,CE,FINNIFTY26APR25600CE,0.0,0.0,0.0,2069.05,0.0,2069.05,28463.25,3144.75,0,0,0,0.0,0,F1,60,,,,,
2026-02-18,2026-02-18,FO,NSE,IDO,53729,,FINNIFTY,,2026-03-30,2026-03-30,30400.0,CE,FINNIFTY26MAR30400CE,0.0,0.0,0.0,159.35,0.0,159.35,28463.25,61.45,0,0,0,0.0,0,F1,60,,,,,
2026-02-18,2026-02-18,FO,NSE,IDO,53723,,FINNIFTY,,2026-03-30,2026-03-30,30100.0,CE,FINNIFTY26MAR30100CE,0.0,0.0,0.0,200.65,0.0,200.65,28463.25,95.0,0,0,0,0.0,0,F1,60,,,,,
2026-02-18,2026-02-18,FO,NSE,IDO,53696,,FINNIFTY,,2026-03-30,2026-03-30,29400.0,CE,FINNIFTY26MAR29400CE,0.0,0.0,0.0,333.45,0.0,333.45,28463.25,233.85,0,0,0,0.0,0,F1,60,,,,,
2026-02-18,2026-02-18,FO,NSE,IDO,53680,,FINNIFTY,,2026-03-30,2026-03-30,28600.0,CE,FINNIFTY26MAR28600CE,0.0,0.0,0.0,558.75,0.0,558.75,28463.25,539.8,0,0,0,0.0,0,F1,60,,,,,
2026-02-18,2026-02-18,FO,NSE,IDO,53644,,FINNIFTY,,2026-03-30,2026-03-30,26800.0,CE,FINNIFTY26MAR26800CE,0.0,0.0,0.0,1447.8,0.0,1447.8,28463.25,1866.8,0,0,0,0.0,0,F1,60,,,,,
2026-02-18,2026-02-18,FO,NSE,IDO,53638,,FINNIFTY,,2026-03-30,2026-03-30,26500.0,CE,FINNIFTY26MAR26500CE,0.0,0.0,0.0,1649.7,0.0,1649.7,28463.25,2146.4,0,0,0,0.0,0,F1,60,,,,,
2026-02-18,2026-02-18,FO,NSE,IDO,53597,,FINNIFTY,,2026-03-30,2026-03-30,25700.0,CE,FINNIFTY26MAR25700CE,0.0,0.0,0.0,2254.7,0.0,2254.7,28463.25,2921.6,0,0,0,0.0,0,F1,60,,,,,
2026-02-18,2026-02-18,FO,NSE,IDO,62074,,FINNIFTY,,2026-02-24,2026-02-24,28900.0,CE,FINNIFTY26FEB28900CE,30.05,44.6,22.4,35.35,31.55,29.05,28463.25,35.35,65640,46320,2322,4030667883.0,1368,F1,60,,,,,
2026-02-18,2026-02-18,FO,NSE,IDO,69342,,FINNIFTY,,2026-02-24,2026-02-24,28350.0,CE,FINNIFTY26FEB28350CE,150.05,245.7,144.3,221.25,214.2,150.05,28463.25,221.25,20760,-12720,6281,10749664668.0,5076,F1,60,,,,,
2026-02-18,2026-02-18,FO,NSE,IDO,69340,,FINNIFTY,,2026-02-24,2026-02-24,28250.0,CE,FINNIFTY26FEB28250CE,193.75,314.8,193.75,288.7,272.65,198.7,28463.25,288.7,10200,-13380,1317,2250828267.0,1060,F1,60,,,,,
2026-02-18,2026-02-18,FO,NSE,IDO,61938,,FINNIFTY,,2026-02-24,2026-02-24,27400.0,CE,FINNIFTY26FEB27400CE,1011.2,1011.2,1011.2,1011.2,1011.2,875.4,28463.25,1090.55,10020,-60,1,1704672.0,1,F1,60,,,,,
2026-02-18,2026-02-18,FO,NSE,IDO,61900,,FINNIFTY,,2026-02-24,2026-02-24,25700.0,CE,FINNIFTY26FEB25700CE,0.0,0.0,0.0,2305.95,0.0,2305.95,28463.25,2786.45,0,0,0,0.0,0,F1,60,,,,,
2026-02-18,2026-02-18,FO,NSE,IDO,68966,,FINNIFTY,,2026-02-24,2026-02-24,25650.0,CE,FINNIFTY26FEB25650CE,0.0,0.0,0.0,1579.15,0.0,1579.15,28463.25,2836.45,0,0,0,0.0,0,F1,60,,,,,
2026-02-18,2026-02-18,FO,NSE,IDO,53687,,FINNIFTY,,2026-03-30,2026-03-30,28900.0,PE,FINNIFTY26MAR28900PE,0.0,0.0,0.0,1552.2,0.0,1552.2,28463.25,666.8,0,0,0,0.0,0,F1,60,,,,,
2026-02-18,2026-02-18,FO,NSE,IDO,69911,,FINNIFTY,,2026-04-28,2026-04-28,26300.0,PE,FINNIFTY26APR26300PE,0.0,0.0,0.0,392.15,0.0,392.15,28463.25,50.4,0,0,0,0.0,0,F1,60,,,,,
2026-02-18,2026-02-18,FO,NSE,IDO,53722,,FINNIFTY,,2026-03-30,2026-03-30,30000.0,PE,FINNIFTY26MAR30000PE,0.0,0.0,0.0,2389.25,0.0,2389.25,28463.25,1465.6,0,0,0,0.0,0,F1,60,,,,,
2026-02-18,2026-02-18,FO,NSE,IDO,53730,,FINNIFTY,,2026-03-30,2026-03-30,30400.0,PE,FINNIFTY26MAR30400PE,0.0,0.0,0.0,2726.4,0.0,2726.4,28463.25,1815.5,0,0,0,0.0,0,F1,60,,,,,
2026-02-18,2026-02-18,FO,NSE,IDO,69753,,FINNIFTY,,2026-04-28,2026-04-28,25000.0,PE,FINNIFTY26APR25000PE,0.0,0.0,0.0,122.85,0.0,122.85,28463.25,5.55,0,0,0,0.0,0,F1,60,,,,,
2026-02-18,2026-02-18,FO,NSE,IDO,69809,,FINNIFTY,,2026-04-28,2026-04-28,25500.0,PE,FINNIFTY26APR25500PE,0.0,0.0,0.0,199.95,0.0,199.95,28463.25,14.05,0,0,0,0.0,0,F1,60,,,,,
2026-02-18,2026-02-18,FO,NSE,IDO,70264,,FINNIFTY,,2026-04-28,2026-04-28,29700.0,PE,FINNIFTY26APR29700PE,0.0,0.0,0.0,2388.45,0.0,2388.45,28463.25,1258.3,0,0,0,0.0,0,F1,60,,,,,
2026-02-18,2026-02-18,FO,NSE,IDO,70254,,FINNIFTY,,2026-04-28,2026-04-28,29200.0,PE,FINNIFTY26APR29200PE,0.0,0.0,0.0,1986.7,0.0,1986.7,28463.25,930.25,0,0,0,0.0,0,F1,60,,,,,
2026-02-18,2026-02-18,FO,NSE,IDO,70180,,FINNIFTY,,2026-04-28,2026-04-28,28400.0,PE,FINNIFTY26APR28400PE,0.0,0.0,0.0,1409.2,0.0,1409.2,28463.25,518.05,0,0,0,0.0,0,F1,60,,,,,
2026-02-18,2026-02-18,FO,NSE,IDO,70138,,FINNIFTY,,2026-04-28,2026-04-28,27900.0,PE,FINNIFTY26APR27900PE,0.0,0.0,0.0,1097.6,0.0,1097.6,28463.25,333.5,0,0,0,0.0,0,F1,60,,,,,
2026-02-18,2026-02-18,FO,NSE,IDO,70134,,FINNIFTY,,2026-04-28,2026-04-28,27700.0,PE,FINNIFTY26APR27700PE,0.0,0.0,0.0,984.7,0.0,984.7,28463.25,274.6,0,0,0,0.0,0,F1,60,,,,,
2026-02-18,2026-02-18,FO,NSE,IDO,70052,,FINNIFTY,,2026-04-28,2026-04-28,26600.0,PE,FINNIFTY26APR26600PE,0.0,0.0,0.0,490.3,0.0,490.3,28463.25,76.5,0,0,0,0.0,0,F1,60,,,,,
2026-02-18,2026-02-18,FO,NSE,IDO,69276,,FINNIFTY,,2026-02-24,2026-02-24,27750.0,PE,FINNIFTY26FEB27750PE,44.85,44.85,30.6,34.45,34.5,59.1,28463.25,34.45,22620,-780,1145,1908804654.0,701,F1,60,,,,,
2026-02-18,2026-02-18,FO,NSE,IDO,69351,,FINNIFTY,,2026-02-24,2026-02-24,28750.0,PE,FINNIFTY26FEB28750PE,0.0,0.0,0.0,1622.35,0.0,1622.35,28463.25,359.7,0,0,0,0.0,0,F1,60,,,,,
2026-02-18,2026-02-18,FO,NSE,IDO,53575,,FINNIFTY,,2026-03-30,2026-03-30,25000.0,PE,FINNIFTY26MAR25000PE,0.0,0.0,0.0,95.75,0.0,95.75,28463.25,0.55,0,0,0,0.0,0,F1,60,,,,,
2026-02-18,2026-02-18,FO,NSE,IDO,69224,,FINNIFTY,,2026-02-24,2026-02-24,26650.0,PE,FINNIFTY26FEB26650PE,9.2,10.15,7.95,8.25,8.0,13.2,28463.25,8.25,1860,-3000,95,151956318.0,44,F1,60,,,,,
2026-02-18,2026-02-18,FO,NSE,IDO,61917,,FINNIFTY,,2026-02-24,2026-02-24,26400.0,PE,FINNIFTY26FEB26400PE,7.45,9.0,6.0,6.9,6.8,10.95,28463.25,6.9,9900,6240,674,1067903016.0,428,F1,60,,,,,
2026-02-18,2026-02-18,FO,NSE,IDO,68998,,FINNIFTY,,2026-02-24,2026-02-24,26050.0,PE,FINNIFTY26FEB26050PE,5.9,6.6,5.9,6.0,6.0,8.15,28463.25,6.0,2100,-360,8,12506886.0,6,F1,60,,,,,
2026-02-18,2026-02-18,FO,NSE,IDO,61901,,FINNIFTY,,2026-02-24,2026-02-24,25700.0,PE,FINNIFTY26FEB25700PE,7.05,7.05,4.05,5.9,5.15,6.75,28463.25,5.9,20640,-1800,1095,1688844501.0,576,F1,60,,,,,
2026-02-18,2026-02-18,FO,NSE,IDO,61891,,FINNIFTY,,2026-02-24,2026-02-24,25200.0,PE,FINNIFTY26FEB25200PE,7.3,7.3,3.05,4.8,4.5,4.7,28463.25,4.8,1860,300,50,75613743.0,33,F1,60,,,,,
2026-02-18,2026-02-18,FO,NSE,IDO,70240,,FINNIFTY,,2026-04-28,2026-04-28,29000.0,CE,FINNIFTY26APR29000CE,0.0,0.0,0.0,337.3,0.0,337.3,28463.25,576.95,0,0,0,0.0,0,F1,60,,,,,
2026-02-18,2026-02-18,FO,NSE,IDO,70131,,FINNIFTY,,2026-04-28,2026-04-28,27600.0,CE,FINNIFTY26APR27600CE,0.0,0.0,0.0,811.55,0.0,811.55,28463.25,1396.9,0,0,0,0.0,0,F1,60,,,,,
2026-02-18,2026-02-18,FO,NSE,IDO,70056,,FINNIFTY,,2026-04-28,2026-04-28,26800.0,CE,FINNIFTY26APR26800CE,0.0,0.0,0.0,1232.7,0.0,1232.7,28463.25,2039.75,0,0,0,0.0,0,F1,60,,,,,
2026-02-18,2026-02-18,FO,NSE,IDO,53717,,FINNIFTY,,2026-03-30,2026-03-30,29900.0,CE,FINNIFTY26MAR29900CE,0.0,0.0,0.0,232.9,0.0,232.9,28463.25,124.95,0,0,0,0.0,0,F1,60,,,,,
2026-02-18,2026-02-18,FO,NSE,IDO,53713,,FINNIFTY,,2026-03-30,2026-03-30,29800.0,CE,FINNIFTY26MAR29800CE,0.0,0.0,0.0,250.55,0.0,250.55,28463.25,142.55,0,0,0,0.0,0,F1,60,,,,,
2026-02-18,2026-02-18,FO,NSE,IDO,53702,,FINNIFTY,,2026-03-30,2026-03-30,29700.0,CE,FINNIFTY26MAR29700CE,0.0,0.0,0.0,269.25,0.0,269.25,28463.25,162.15,0,0,0,0.0,0,F1,60,,,,,
2026-02-18,2026-02-18,FO,NSE,IDO,53690,,FINNIFTY,,2026-03-30,2026-03-30,29100.0,CE,FINNIFTY26MAR29100CE,0.0,0.0,0.0,406.45,0.0,406.45,28463.25,327.55,0,0,0,0.0,0,F1,60,,,,,
2026-02-18,2026-02-18,FO,NSE,IDO,53684,,FINNIFTY,,2026-03-30,2026-03-30,28800.0,CE,FINNIFTY26MAR28800CE,0.0,0.0,0.0,350.0,350.0,350.0,28463.25,446.1,120,0,0,0.0,0,F1,60,,,,,
2026-02-18,2026-02-18,FO,NSE,IDO,53664,,FINNIFTY,,2026-03-30,2026-03-30,27800.0,CE,FINNIFTY26MAR27800CE,0.0,0.0,0.0,885.0,0.0,885.0,28463.25,1032.9,0,0,0,0.0,0,F1,60,,,,,
2026-02-18,2026-02-18,FO,NSE,IDO,53582,,FINNIFTY,,2026-03-30,2026-03-30,25400.0,CE,FINNIFTY26MAR25400CE,0.0,0.0,0.0,2502.95,0.0,2502.95,28463.25,3217.65,0,0,0,0.0,0,F1,60,,,,,
2026-02-18,2026-02-18,FO,NSE,IDO,62192,,FINNIFTY,,2026-02-24,2026-02-24,29600.0,CE,FINNIFTY26FEB29600CE,6.1,7.75,5.5,6.55,5.75,7.65,28463.25,6.55,16860,11580,731,1298545422.0,563,F1,60,,,,,
2026-02-18,2026-02-18,FO,NSE,IDO,69360,,FINNIFTY,,2026-02-24,2026-02-24,29250.0,CE,FINNIFTY26FEB29250CE,12.7,17.0,10.2,13.7,12.65,12.7,28463.25,13.7,8340,6360,804,1411612968.0,658,F1,60,,,,,
2026-02-18,2026-02-18,FO,NSE,IDO,69354,,FINNIFTY,,2026-02-24,2026-02-24,28950.0,CE,FINNIFTY26FEB28950CE,25.55,38.75,20.1,30.3,26.3,25.1,28463.25,30.3,10740,3180,436,758025714.0,218,F1,60,,,,,
2026-02-18,2026-02-18,FO,NSE,IDO,62060,,FINNIFTY,,2026-02-24,2026-02-24,28500.0,CE,FINNIFTY26FEB28500CE,100.0,159.6,87.8,139.3,136.0,97.95,28463.25,139.3,92760,1080,29179,50088782187.0,20520,F1,60,,,,,
2026-02-18,2026-02-18,FO,NSE,IDO,62058,,FINNIFTY,,2026-02-24,2026-02-24,28400.0,CE,FINNIFTY26FEB28400CE,135.0,215.05,122.65,190.75,184.0,129.35,28463.25,190.75,47280,4620,11679,20007060870.0,9534,F1,60,,,,,
2026-02-18,2026-02-18,FO,NSE,IDO,62036,,FINNIFTY,,2026-02-24,2026-02-24,28100.0,CE,FINNIFTY26FEB28100CE,324.25,421.5,290.1,401.55,400.0,290.75,28463.25,401.55,12480,-3960,973,1660143423.0,560,F1,60,,,,,
2026-02-18,2026-02-18,FO,NSE,IDO,62030,,FINNIFTY,,2026-02-24,2026-02-24,27900.0,CE,FINNIFTY26FEB27900CE,414.55,605.45,414.55,577.85,566.25,438.8,28463.25,577.85,10620,120,400,681587217.0,315,F1,60,,,,,
2026-02-18,2026-02-18,FO,NSE,IDO,69335,,FINNIFTY,,2026-02-24,2026-02-24,27950.0,PE,FINNIFTY26FEB27950PE,72.7,73.1,47.15,50.5,49.45,93.05,28463.25,50.5,26880,16980,1255,2108865618.0,1002,F1,60,,,,,
2026-02-18,2026-02-18,FO,NSE,IDO,69341,,FINNIFTY,,2026-02-24,2026-02-24,28250.0,PE,FINNIFTY26FEB28250PE,171.0,171.0,99.0,102.8,101.75,191.1,28463.25,102.8,23820,11100,3282,5587512327.0,2753,F1,60,,,,,
2026-02-18,2026-02-18,FO,NSE,IDO,62187,,FINNIFTY,,2026-02-24,2026-02-24,29300.0,PE,FINNIFTY26FEB29300PE,0.0,0.0,0.0,1846.1,0.0,1846.1,28463.25,822.95,0,0,0,0.0,0,F1,60,,,,,
2026-02-18,2026-02-18,FO,NSE,IDO,69369,,FINNIFTY,,2026-02-24,2026-02-24,29650.0,PE,FINNIFTY26FEB29650PE,0.0,0.0,0.0,2468.45,0.0,2468.45,28463.25,1162.2,0,0,0,0.0,0,F1,60,,,,,
2026-02-18,2026-02-18,FO,NSE,IDO,62199,,FINNIFTY,,2026-02-24,2026-02-24,29900.0,PE,FINNIFTY26FEB29900PE,0.0,0.0,0.0,2306.85,0.0,2306.85,28463.25,1410.25,0,0,0,0.0,0,F1,60,,,,,
2026-02-18,2026-02-18,FO,NSE,IDO,62203,,FINNIFTY,,2026-02-24,2026-02-24,30100.0,PE,FINNIFTY26FEB30100PE,0.0,0.0,0.0,2469.05,0.0,2469.05,28463.25,1609.7,0,0,0,0.0,0,F1,60,,,,,
2026-02-18,2026-02-18,FO,NSE,IDO,53600,,FINNIFTY,,2026-03-30,2026-03-30,25700.0,PE,FINNIFTY26MAR25700PE,0.0,0.0,0.0,191.35,0.0,191.35,28463.25,3.9,0,0,0,0.0,0,F1,60,,,,,
2026-02-18,2026-02-18,FO,NSE,IDO,53641,,FINNIFTY,,2026-03-30,2026-03-30,26600.0,PE,FINNIFTY26MAR26600PE,0.0,0.0,0.0,404.1,0.0,404.1,28463.25,29.15,0,0,0,0.0,0,F1,60,,,,,
2026-02-18,2026-02-18,FO,NSE,IDO,53655,,FINNIFTY,,2026-03-30,2026-03-30,27300.0,PE,FINNIFTY26MAR27300PE,137.65,137.65,137.65,137.65,137.65,657.75,28463.25,99.0,60,60,1,1646259.0,1,F1,60,,,,,
2026-02-18,2026-02-18,FO,NSE,IDO,53661,,FINNIFTY,,2026-03-30,2026-03-30,27600.0,PE,FINNIFTY26MAR27600PE,0.0,0.0,0.0,792.25,0.0,792.25,28463.25,154.4,0,0,0,0.0,0,F1,60,,,,,
2026-02-18,2026-02-18,FO,NSE,IDO,53693,,FINNIFTY,,2026-03-30,2026-03-30,29200.0,PE,FINNIFTY26MAR29200PE,0.0,0.0,0.0,1765.1,0.0,1765.1,28463.25,854.95,0,0,0,0.0,0,F1,60,,,,,
2026-02-18,2026-02-18,FO,NSE,IDO,53701,,FINNIFTY,,2026-03-30,2026-03-30,29600.0,PE,FINNIFTY26MAR29600PE,0.0,0.0,0.0,2068.05,0.0,2068.05,28463.25,1142.65,0,0,0,0.0,0,F1,60,,,,,
2026-02-18,2026-02-18,FO,NSE,IDO,53716,,FINNIFTY,,2026-03-30,2026-03-30,29800.0,PE,FINNIFTY26MAR29800PE,0.0,0.0,0.0,2226.5,0.0,2226.5,28463.25,1300.25,0,0,0,0.0,0,F1,60,,,,,
2026-02-18,2026-02-18,FO,NSE,IDO,53732,,FINNIFTY,,2026-03-30,2026-03-30,30500.0,PE,FINNIFTY26MAR30500PE,0.0,0.0,0.0,2812.85,0.0,2812.85,28463.25,1906.25,0,0,0,0.0,0,F1,60,,,,,
2026-02-18,2026-02-18,FO,NSE,IDO,69743,,FINNIFTY,,2026-04-28,2026-04-28,24500.0,PE,FINNIFTY26APR24500PE,0.0,0.0,0.0,71.35,0.0,71.35,28463.25,1.95,0,0,0,0.0,0,F1,60,,,,,
2026-02-18,2026-02-18,FO,NSE,IDO,69755,,FINNIFTY,,2026-04-28,2026-04-28,25100.0,PE,FINNIFTY26APR25100PE,0.0,0.0,0.0,136.0,0.0,136.0,28463.25,6.75,0,0,0,0.0,0,F1,60,,,,,
2026-02-18,2026-02-18,FO,NSE,IDO,69759,,FINNIFTY,,2026-04-28,2026-04-28,25200.0,PE,FINNIFTY26APR25200PE,0.0,0.0,0.0,150.25,0.0,150.25,28463.25,8.15,0,0,0,0.0,0,F1,60,,,,,
2026-02-18,2026-02-18,FO,NSE,IDO,69842,,FINNIFTY,,2026-04-28,2026-04-28,26000.0,PE,FINNIFTY26APR26000PE,0.0,0.0,0.0,310.1,0.0,310.1,28463.25,32.15,0,0,0,0.0,0,F1,60,,,,,
2026-02-18,2026-02-18,FO,NSE,IDO,70055,,FINNIFTY,,2026-04-28,2026-04-28,26700.0,PE,FINNIFTY26APR26700PE,0.0,0.0,0.0,526.4,0.0,526.4,28463.25,87.3,0,0,0,0.0,0,F1,60,,,,,
2026-02-18,2026-02-18,FO,NSE,IDO,70075,,FINNIFTY,,2026-04-28,2026-04-28,27200.0,PE,FINNIFTY26APR27200PE,0.0,0.0,0.0,733.35,0.0,733.35,28463.25,160.85,0,0,0,0.0,0,F1,60,,,,,
2026-02-18,2026-02-18,FO,NSE,IDO,70153,,FINNIFTY,,2026-04-28,2026-04-28,28000.0,PE,FINNIFTY26APR28000PE,0.0,0.0,0.0,1156.6,0.0,1156.6,28463.25,366.05,0,0,0,0.0,0,F1,60,,,,,
2026-02-18,2026-02-18,FO,NSE,IDO,70235,,FINNIFTY,,2026-04-28,2026-04-28,28900.0,PE,FINNIFTY26APR28900PE,0.0,0.0,0.0,1760.7,0.0,1760.7,28463.25,758.8,0,0,0,0.0,0,F1,60,,,,,
2026-02-18,2026-02-18,FO,NSE,IDO,70260,,FINNIFTY,,2026-04-28,2026-04-28,29500.0,PE,FINNIFTY26APR29500PE,0.0,0.0,0.0,2224.45,0.0,2224.45,28463.25,1121.05,0,0,0,0.0,0,F1,60,,,,,
2026-02-18,2026-02-18,FO,NSE,IDO,70280,,FINNIFTY,,2026-04-28,2026-04-28,30500.0,PE,FINNIFTY26APR30500PE,0.0,0.0,0.0,3080.35,0.0,3080.35,28463.25,1876.9,0,0,0,0.0,0,F1,60,,,,,
2026-02-18,2026-02-18,FO,NSE,IDO,61982,,FINNIFTY,,2026-02-24,2026-02-24,27700.0,CE,FINNIFTY26FEB27700CE,649.0,796.55,620.85,780.65,753.1,599.7,28463.25,780.65,27720,-60,238,405464526.0,204,F1,60,,,,,
2026-02-18,2026-02-18,FO,NSE,IDO,61979,,FINNIFTY,,2026-02-24,2026-02-24,27600.0,CE,FINNIFTY26FEB27600CE,823.5,853.95,823.1,848.15,848.15,702.5,28463.25,895.7,7980,-2340,39,66548520.0,37,F1,60,,,,,
2026-02-18,2026-02-18,FO,NSE,IDO,61918,,FINNIFTY,,2026-02-24,2026-02-24,26500.0,CE,FINNIFTY26FEB26500CE,0.0,0.0,0.0,1958.1,1958.1,1958.1,28463.25,1987.2,1920,0,0,0.0,0,F1,60,,,,,
2026-02-18,2026-02-18,FO,NSE,IDO,69009,,FINNIFTY,,2026-02-24,2026-02-24,26350.0,CE,FINNIFTY26FEB26350CE,0.0,0.0,0.0,999.65,0.0,999.65,28463.25,2137.05,0,0,0,0.0,0,F1,60,,,,,
2026-02-18,2026-02-18,FO,NSE,IDO,69007,,FINNIFTY,,2026-02-24,2026-02-24,26250.0,CE,FINNIFTY26FEB26250CE,0.0,0.0,0.0,1075.65,0.0,1075.65,28463.25,2236.95,0,0,0,0.0,0,F1,60,,,,,
2026-02-18,2026-02-18,FO,NSE,IDO,61896,,FINNIFTY,,2026-02-24,2026-02-24,25500.0,CE,FINNIFTY26FEB25500CE,0.0,0.0,0.0,2468.8,0.0,2468.8,28463.25,2986.3,0,0,0,0.0,0,F1,60,,,,,
2026-02-18,2026-02-18,FO,NSE,IDO,61894,,FINNIFTY,,2026-02-24,2026-02-24,25400.0,CE,FINNIFTY26FEB25400CE,0.0,0.0,0.0,2551.95,0.0,2551.95,28463.25,3086.2,0,0,0,0.0,0,F1,60,,,,,
2026-02-18,2026-02-18,FO,NSE,IDO,61846,,FINNIFTY,,2026-02-24,2026-02-24,24900.0,CE,FINNIFTY26FEB24900CE,0.0,0.0,0.0,2982.6,0.0,2982.6,28463.25,3585.75,0,0,0,0.0,0,F1,60,,,,,
2026-02-18,2026-02-18,FO,NSE,IDO,69268,,FINNIFTY,,2026-02-24,2026-02-24,27350.0,PE,FINNIFTY26FEB27350PE,20.0,21.55,15.85,17.85,17.85,27.8,28463.25,17.85,4800,-960,389,638774607.0,351,F1,60,,,,,
2026-02-18,2026-02-18,FO,NSE,IDO,69264,,FINNIFTY,,2026-02-24,2026-02-24,27150.0,PE,FINNIFTY26FEB27150PE,16.4,17.25,13.1,14.7,14.75,21.65,28463.25,14.7,7500,4920,407,663374175.0,338,F1,60,,,,,
2026-02-18,2026-02-18,FO,NSE,IDO,61934,,FINNIFTY,,2026-02-24,2026-02-24,27200.0,CE,FINNIFTY26FEB27200CE,0.0,0.0,0.0,1085.0,1085.0,1085.0,28463.25,1288.55,8820,0,0,0.0,0,F1,60,,,,,
2026-02-18,2026-02-18,FO,NSE,IDO,68964,,FINNIFTY,,2026-02-24,2026-02-24,25550.0,CE,FINNIFTY26FEB25550CE,0.0,0.0,0.0,1669.35,0.0,1669.35,28463.25,2936.35,0,0,0,0.0,0,F1,60,,,,,
2026-02-18,2026-02-18,FO,NSE,IDO,70268,,FINNIFTY,,2026-04-28,2026-04-28,29900.0,PE,FINNIFTY26APR29900PE,0.0,0.0,0.0,2556.35,0.0,2556.35,28463.25,1403.1,0,0,0,0.0,0,F1,60,,,,,
2026-02-18,2026-02-18,FO,NSE,IDO,70071,,FINNIFTY,,2026-04-28,2026-04-28,27100.0,PE,FINNIFTY26APR27100PE,0.0,0.0,0.0,688.4,0.0,688.4,28463.25,143.25,0,0,0,0.0,0,F1,60,,,,,
2026-02-18,2026-02-18,FO,NSE,IDO,69832,,FINNIFTY,,2026-04-28,2026-04-28,25800.0,PE,FINNIFTY26APR25800PE,0.0,0.0,0.0,261.2,0.0,261.2,28463.25,23.35,0,0,0,0.0,0,F1,60,,,,,
2026-02-18,2026-02-18,FO,NSE,IDO,53647,,FINNIFTY,,2026-03-30,2026-03-30,26900.0,PE,FINNIFTY26MAR26900PE,0.0,0.0,0.0,502.7,0.0,502.7,28463.25,50.9,0,0,0,0.0,0,F1,60,,,,,
2026-02-18,2026-02-18,FO,NSE,IDO,53637,,FINNIFTY,,2026-03-30,2026-03-30,26400.0,PE,FINNIFTY26MAR26400PE,0.0,0.0,0.0,347.6,0.0,347.6,28463.25,19.5,0,0,0,0.0,0,F1,60,,,,,
2026-02-18,2026-02-18,FO,NSE,IDO,53555,,FINNIFTY,,2026-03-30,2026-03-30,24000.0,PE,FINNIFTY26MAR24000PE,0.0,0.0,0.0,29.25,0.0,29.25,28463.25,0.05,0,0,0,0.0,0,F1,60,,,,,
2026-02-18,2026-02-18,FO,NSE,IDO,62265,,FINNIFTY,,2026-02-24,2026-02-24,31000.0,PE,FINNIFTY26FEB31000PE,0.0,0.0,0.0,3242.1,0.0,3242.1,28463.25,2508.75,0,0,0,0.0,0,F1,60,,,,,
2026-02-18,2026-02-18,FO,NSE,IDO,69343,,FINNIFTY,,2026-02-24,2026-02-24,28350.0,PE,FINNIFTY26FEB28350PE,241.85,242.95,127.45,133.4,131.3,241.85,28463.25,133.4,37140,32760,4434,7584027324.0,3686,F1,60,,,,,
2026-02-18,2026-02-18,FO,NSE,IDO,69272,,FINNIFTY,,2026-02-24,2026-02-24,27550.0,PE,FINNIFTY26FEB27550PE,32.15,32.35,16.2,24.4,24.0,39.05,28463.25,24.4,15360,-3960,663,1096923801.0,441,F1,60,,,,,
2026-02-18,2026-02-18,FO,NSE,IDO,61925,,FINNIFTY,,2026-02-24,2026-02-24,26800.0,PE,FINNIFTY26FEB26800PE,11.95,12.5,9.15,9.75,10.65,15.0,28463.25,9.75,41280,3000,747,1201634808.0,499,F1,60,,,,,
2026-02-18,2026-02-18,FO,NSE,IDO,68967,,FINNIFTY,,2026-02-24,2026-02-24,25650.0,PE,FINNIFTY26FEB25650PE,5.85,6.9,3.4,6.3,6.75,2.55,28463.25,6.3,1740,-2520,537,826594947.0,166,F1,60,,,,,
2026-02-18,2026-02-18,FO,NSE,IDO,61835,,FINNIFTY,,2026-02-24,2026-02-24,24300.0,PE,FINNIFTY26FEB24300PE,2.95,3.55,2.95,3.5,3.55,50.8,28463.25,3.5,1260,1260,21,30622272.0,14,F1,60,,,,,
2026-02-18,2026-02-18,FO,NSE,IDO,70271,,FINNIFTY,,2026-04-28,2026-04-28,30100.0,CE,FINNIFTY26APR30100CE,0.0,0.0,0.0,146.8,0.0,146.8,28463.25,229.45,0,0,0,0.0,0,F1,60,,,,,
2026-02-18,2026-02-18,FO,NSE,IDO,70215,,FINNIFTY,,2026-04-28,2026-04-28,28800.0,CE,FINNIFTY26APR28800CE,0.0,0.0,0.0,385.6,0.0,385.6,28463.25,667.25,0,0,0,0.0,0,F1,60,,,,,
2026-02-18,2026-02-18,FO,NSE,IDO,70054,,FINNIFTY,,2026-04-28,2026-04-28,26700.0,CE,FINNIFTY26APR26700CE,0.0,0.0,0.0,1293.3,0.0,1293.3,28463.25,2126.7,0,0,0,0.0,0,F1,60,,,,,
2026-02-18,2026-02-18,FO,NSE,IDO,69828,,FINNIFTY,,2026-04-28,2026-04-28,25700.0,CE,FINNIFTY26APR25700CE,0.0,0.0,0.0,1991.0,0.0,1991.0,28463.25,3048.9,0,0,0,0.0,0,F1,60,,,,,
2026-02-18,2026-02-18,FO,NSE,IDO,69805,,FINNIFTY,,2026-04-28,2026-04-28,25500.0,CE,FINNIFTY26APR25500CE,0.0,0.0,0.0,2148.45,0.0,2148.45,28463.25,3241.05,0,0,0,0.0,0,F1,60,,,,,
2026-02-18,2026-02-18,FO,NSE,IDO,53764,,FINNIFTY,,2026-03-30,2026-03-30,31500.0,CE,FINNIFTY26MAR31500CE,0.0,0.0,0.0,0.05,0.05,0.05,28463.25,9.6,0,0,0,0.0,0,F1,60,,,,,
2026-02-18,2026-02-18,FO,NSE,IDO,53676,,FINNIFTY,,2026-03-30,2026-03-30,28400.0,CE,FINNIFTY26MAR28400CE,500.0,500.0,500.0,500.0,500.0,630.4,28463.25,645.5,60,60,2,3468000.0,2,F1,60,,,,,
2026-02-18,2026-02-18,FO,NSE,IDO,53654,,FINNIFTY,,2026-03-30,2026-03-30,27300.0,CE,FINNIFTY26MAR27300CE,0.0,0.0,0.0,1144.75,0.0,1144.75,28463.25,1426.35,0,0,0,0.0,0,F1,60,,,,,
2026-02-18,2026-02-18,FO,NSE,IDO,53612,,FINNIFTY,,2026-03-30,2026-03-30,26000.0,CE,FINNIFTY26MAR26000CE,0.0,0.0,0.0,2017.5,0.0,2017.5,28463.25,2627.6,0,0,0,0.0,0,F1,60,,,,,
2026-02-18,2026-02-18,FO,NSE,IDO,53564,,FINNIFTY,,2026-03-30,2026-03-30,24500.0,CE,FINNIFTY26MAR24500CE,0.0,0.0,0.0,3300.15,0.0,3300.15,28463.25,4110.6,0,0,0,0.0,0,F1,60,,,,,
2026-02-18,2026-02-18,FO,NSE,IDO,62208,,FINNIFTY,,2026-02-24,2026-02-24,30400.0,CE,FINNIFTY26FEB30400CE,0.0,0.0,0.0,186.95,0.0,186.95,28463.25,0.05,0,0,0,0.0,0,F1,60,,,,,
2026-02-18,2026-02-18,FO,NSE,IDO,62206,,FINNIFTY,,2026-02-24,2026-02-24,30300.0,CE,FINNIFTY26FEB30300CE,3.85,3.85,1.55,2.75,2.25,4.15,28463.25,2.75,2460,60,38,69091791.0,20,F1,60,,,,,
2026-02-18,2026-02-18,FO,NSE,IDO,69366,,FINNIFTY,,2026-02-24,2026-02-24,29550.0,CE,FINNIFTY26FEB29550CE,7.8,8.25,4.6,6.4,5.7,7.8,28463.25,6.4,540,-60,139,246504549.0,99,F1,60,,,,,
2026-02-18,2026-02-18,FO,NSE,IDO,69352,,FINNIFTY,,2026-02-24,2026-02-24,28850.0,CE,FINNIFTY26FEB28850CE,33.5,52.5,25.95,44.35,36.85,33.15,28463.25,44.35,23280,10140,1602,2776407060.0,838,F1,60,,,,,
2026-02-18,2026-02-18,FO,NSE,IDO,62064,,FINNIFTY,,2026-02-24,2026-02-24,28700.0,CE,FINNIFTY26FEB28700CE,52.0,84.75,43.0,73.45,70.25,51.95,28463.25,73.45,67020,17040,5268,9090976662.0,4249,F1,60,,,,,
2026-02-18,2026-02-18,FO,NSE,IDO,69344,,FINNIFTY,,2026-02-24,2026-02-24,28450.0,CE,FINNIFTY26FEB28450CE,113.0,185.05,104.9,164.3,159.4,111.75,28463.25,164.3,56160,20160,26258,45026626323.0,18232,F1,60,,,,,
2026-02-18,2026-02-18,FO,NSE,IDO,69333,,FINNIFTY,,2026-02-24,2026-02-24,27950.0,CE,FINNIFTY26FEB27950CE,393.0,529.8,393.0,513.55,513.55,402.4,28463.25,574.95,2100,-840,19,32406354.0,17,F1,60,,,,,
2026-02-18,2026-02-18,FO,NSE,IDO,61988,,FINNIFTY,,2026-02-24,2026-02-24,27800.0,CE,FINNIFTY26FEB27800CE,581.95,677.0,540.65,665.7,656.45,520.95,28463.25,665.7,19500,-4440,212,361331226.0,164,F1,60,,,,,
2026-02-18,2026-02-18,FO,NSE,IDO,61922,,FINNIFTY,,2026-02-24,2026-02-24,26700.0,CE,FINNIFTY26FEB26700CE,1650.0,1650.0,1650.0,1650.0,1650.0,1211.0,28463.25,1787.4,5160,-60,1,1701000.0,1,F1,60,,,,,
2026-02-18,2026-02-18,FO,NSE,IDO,61924,,FINNIFTY,,2026-02-24,2026-02-24,26800.0,CE,FINNIFTY26FEB26800CE,0.0,0.0,0.0,1470.0,1470.0,1470.0,28463.25,1687.5,4980,0,0,0.0,0,F1,60,,,,,
2026-02-18,2026-02-18,FO,NSE,IDO,62032,,FINNIFTY,,2026-02-24,2026-02-24,28000.0,CE,FINNIFTY26FEB28000CE,378.25,518.05,363.35,493.35,479.95,361.25,28463.25,493.35,59820,6840,1499,2555755116.0,1260,F1,60,,,,,
2026-02-18,2026-02-18,FO,NSE,IDO,69358,,FINNIFTY,,2026-02-24,2026-02-24,29150.0,CE,FINNIFTY26FEB29150CE,14.7,21.65,12.7,19.8,14.85,16.0,28463.25,19.8,4800,-840,414,724476645.0,316,F1,60,,,,,
2026-02-18,2026-02-18,FO,NSE,IDO,62194,,FINNIFTY,,2026-02-24,2026-02-24,29700.0,CE,FINNIFTY26FEB29700CE,6.75,6.75,3.9,5.25,5.0,6.7,28463.25,5.25,10740,5820,556,990980991.0,472,F1,60,,,,,
2026-02-18,2026-02-18,FO,NSE,IDO,62198,,FINNIFTY,,2026-02-24,2026-02-24,29900.0,CE,FINNIFTY26FEB29900CE,3.55,4.9,3.55,3.95,3.65,5.15,28463.25,3.95,4560,1980,207,371411682.0,164,F1,60,,,,,
2026-02-18,2026-02-18,FO,NSE,IDO,53580,,FINNIFTY,,2026-03-30,2026-03-30,25300.0,CE,FINNIFTY26MAR25300CE,0.0,0.0,0.0,2587.9,0.0,2587.9,28463.25,3316.6,0,0,0,0.0,0,F1,60,,,,,
2026-02-18,2026-02-18,FO,NSE,IDO,53609,,FINNIFTY,,2026-03-30,2026-03-30,25900.0,CE,FINNIFTY26MAR25900CE,0.0,0.0,0.0,2095.25,0.0,2095.25,28463.25,2725.3,0,0,0,0.0,0,F1,60,,,,,
2026-02-18,2026-02-18,FO,NSE,IDO,53682,,FINNIFTY,,2026-03-30,2026-03-30,28700.0,CE,FINNIFTY26MAR28700CE,0.0,0.0,0.0,525.3,0.0,525.3,28463.25,491.45,0,0,0,0.0,0,F1,60,,,,,
2026-02-18,2026-02-18,FO,NSE,IDO,53686,,FINNIFTY,,2026-03-30,2026-03-30,28900.0,CE,FINNIFTY26MAR28900CE,0.0,0.0,0.0,462.95,0.0,462.95,28463.25,403.7,0,0,0,0.0,0,F1,60,,,,,
2026-02-18,2026-02-18,FO,NSE,IDO,53698,,FINNIFTY,,2026-03-30,2026-03-30,29500.0,CE,FINNIFTY26MAR29500CE,0.0,0.0,0.0,310.15,0.0,310.15,28463.25,207.65,0,0,0,0.0,0,F1,60,,,,,
2026-02-18,2026-02-18,FO,NSE,IDO,69748,,FINNIFTY,,2026-04-28,2026-04-28,24800.0,CE,FINNIFTY26APR24800CE,0.0,0.0,0.0,2737.35,0.0,2737.35,28463.25,3923.45,0,0,0,0.0,0,F1,60,,,,,
2026-02-18,2026-02-18,FO,NSE,IDO,69754,,FINNIFTY,,2026-04-28,2026-04-28,25100.0,CE,FINNIFTY26APR25100CE,0.0,0.0,0.0,2478.4,0.0,2478.4,28463.25,3629.6,0,0,0,0.0,0,F1,60,,,,,
2026-02-18,2026-02-18,FO,NSE,IDO,69833,,FINNIFTY,,2026-04-28,2026-04-28,25900.0,CE,FINNIFTY26APR25900CE,0.0,0.0,0.0,1839.05,0.0,1839.05,28463.25,2858.6,0,0,0,0.0,0,F1,60,,,,,
2026-02-18,2026-02-18,FO,NSE,IDO,69908,,FINNIFTY,,2026-04-28,2026-04-28,26300.0,CE,FINNIFTY26APR26300CE,0.0,0.0,0.0,1552.95,0.0,1552.95,28463.25,2485.7,0,0,0,0.0,0,F1,60,,,,,
2026-02-18,2026-02-18,FO,NSE,IDO,70173,,FINNIFTY,,2026-04-28,2026-04-28,28300.0,CE,FINNIFTY26APR28300CE,0.0,0.0,0.0,535.0,0.0,535.0,28463.25,932.65,0,0,0,0.0,0,F1,60,,,,,
2026-02-18,2026-02-18,FO,NSE,IDO,70259,,FINNIFTY,,2026-04-28,2026-04-28,29500.0,CE,FINNIFTY26APR29500CE,0.0,0.0,0.0,234.2,0.0,234.2,28463.25,389.4,0,0,0,0.0,0,F1,60,,,,,
2026-02-18,2026-02-18,FO,NSE,IDO,70261,,FINNIFTY,,2026-04-28,2026-04-28,29600.0,CE,FINNIFTY26APR29600CE,0.0,0.0,0.0,217.2,0.0,217.2,28463.25,358.1,0,0,0,0.0,0,F1,60,,,,,
2026-02-18,2026-02-18,FO,NSE,IDO,70263,,FINNIFTY,,2026-04-28,2026-04-28,29700.0,CE,FINNIFTY26APR29700CE,0.0,0.0,0.0,201.25,0.0,201.25,28463.25,328.75,0,0,0,0.0,0,F1,60,,,,,
2026-02-18,2026-02-18,FO,NSE,IDO,70265,,FINNIFTY,,2026-04-28,2026-04-28,29800.0,CE,FINNIFTY26APR29800CE,0.0,0.0,0.0,186.3,0.0,186.3,28463.25,301.3,0,0,0,0.0,0,F1,60,,,,,
2026-02-18,2026-02-18,FO,NSE,IDO,70277,,FINNIFTY,,2026-04-28,2026-04-28,30400.0,CE,FINNIFTY26APR30400CE,0.0,0.0,0.0,114.7,0.0,114.7,28463.25,171.95,0,0,0,0.0,0,F1,60,,,,,
2026-02-18,2026-02-18,FO,NSE,IDO,70318,,FINNIFTY,,2026-04-28,2026-04-28,31500.0,CE,FINNIFTY26APR31500CE,0.0,0.0,0.0,43.0,0.0,43.0,28463.25,52.05,0,0,0,0.0,0,F1,60,,,,,
2026-02-18,2026-02-18,FO,NSE,IDO,61819,,FINNIFTY,,2026-02-24,2026-02-24,24000.0,PE,FINNIFTY26FEB24000PE,2.8,3.05,1.65,2.55,2.0,2.75,28463.25,2.55,14820,3240,126,181457451.0,57,F1,60,,,,,
2026-02-18,2026-02-18,FO,NSE,IDO,61843,,FINNIFTY,,2026-02-24,2026-02-24,24700.0,PE,FINNIFTY26FEB24700PE,4.0,4.0,4.0,4.0,4.0,4.15,28463.25,4.0,660,0,1,1482240.0,1,F1,60,,,,,
2026-02-18,2026-02-18,FO,NSE,IDO,61913,,FINNIFTY,,2026-02-24,2026-02-24,26300.0,PE,FINNIFTY26FEB26300PE,6.7,7.95,5.15,6.5,6.5,10.05,28463.25,6.5,14940,11940,380,599792676.0,179,F1,60,,,,,
2026-02-18,2026-02-18,FO,NSE,IDO,61919,,FINNIFTY,,2026-02-24,2026-02-24,26500.0,PE,FINNIFTY26FEB26500PE,9.75,9.75,6.3,7.25,7.05,11.45,28463.25,7.25,105480,-300,4216,6705315114.0,2712,F1,60,,,,,
2026-02-18,2026-02-18,FO,NSE,IDO,69260,,FINNIFTY,,2026-02-24,2026-02-24,26950.0,PE,FINNIFTY26FEB26950PE,13.8,14.15,10.9,11.75,11.85,17.5,28463.25,11.75,18000,15060,713,1153447176.0,514,F1,60,,,,,
2026-02-18,2026-02-18,FO,NSE,IDO,61980,,FINNIFTY,,2026-02-24,2026-02-24,27600.0,PE,FINNIFTY26FEB27600PE,32.5,32.5,24.15,25.8,25.0,43.1,28463.25,25.8,46560,9420,2593,4298148015.0,1843,F1,60,,,,,
2026-02-18,2026-02-18,FO,NSE,IDO,62033,,FINNIFTY,,2026-02-24,2026-02-24,28000.0,PE,FINNIFTY26FEB28000PE,92.05,94.45,51.75,55.8,54.85,104.05,28463.25,55.8,139740,67680,7511,12647349987.0,5866,F1,60,,,,,
2026-02-18,2026-02-18,FO,NSE,IDO,69337,,FINNIFTY,,2026-02-24,2026-02-24,28050.0,PE,FINNIFTY26FEB28050PE,91.0,95.25,58.95,62.85,61.2,117.15,28463.25,62.85,57120,19860,2807,4735851432.0,2349,F1,60,,,,,
2026-02-18,2026-02-18,FO,NSE,IDO,69353,,FINNIFTY,,2026-02-24,2026-02-24,28850.0,PE,FINNIFTY26FEB28850PE,0.0,0.0,0.0,1712.55,0.0,1712.55,28463.25,432.75,0,0,0,0.0,0,F1,60,,,,,
2026-02-18,2026-02-18,FO,NSE,IDO,62191,,FINNIFTY,,2026-02-24,2026-02-24,29500.0,PE,FINNIFTY26FEB29500PE,0.0,0.0,0.0,1996.3,0.0,1996.3,28463.25,1015.0,0,0,0,0.0,0,F1,60,,,,,
2026-02-18,2026-02-18,FO,NSE,IDO,62195,,FINNIFTY,,2026-02-24,2026-02-24,29700.0,PE,FINNIFTY26FEB29700PE,0.0,0.0,0.0,2148.8,0.0,2148.8,28463.25,1211.6,0,0,0,0.0,0,F1,60,,,,,
2026-02-18,2026-02-18,FO,NSE,IDO,62257,,FINNIFTY,,2026-02-24,2026-02-24,30800.0,PE,FINNIFTY26FEB30800PE,0.0,0.0,0.0,3065.0,0.0,3065.0,28463.25,2308.9,0,0,0,0.0,0,F1,60,,,,,
2026-02-18,2026-02-18,FO,NSE,IDO,53565,,FINNIFTY,,2026-03-30,2026-03-30,24500.0,PE,FINNIFTY26MAR24500PE,0.0,0.0,0.0,54.55,0.0,54.55,28463.25,0.1,0,0,0,0.0,0,F1,60,,,,,
2026-02-18,2026-02-18,FO,NSE,IDO,53621,,FINNIFTY,,2026-03-30,2026-03-30,26100.0,PE,FINNIFTY26MAR26100PE,0.0,0.0,0.0,73.35,73.35,73.35,28463.25,10.2,900,0,0,0.0,0,F1,60,,,,,
2026-02-18,2026-02-18,FO,NSE,IDO,53673,,FINNIFTY,,2026-03-30,2026-03-30,28200.0,PE,FINNIFTY26MAR28200PE,361.25,361.85,350.0,359.4,350.0,458.05,28463.25,359.4,360,300,5,8567808.0,3,F1,60,,,,,
2026-02-18,2026-02-18,FO,NSE,IDO,53683,,FINNIFTY,,2026-03-30,2026-03-30,28700.0,PE,FINNIFTY26MAR28700PE,590.0,590.0,499.0,499.0,499.0,1417.55,28463.25,499.0,120,120,2,3509340.0,2,F1,60,,,,,
2026-02-18,2026-02-18,FO,NSE,IDO,53728,,FINNIFTY,,2026-03-30,2026-03-30,30300.0,PE,FINNIFTY26MAR30300PE,0.0,0.0,0.0,2640.8,0.0,2640.8,28463.25,1725.95,0,0,0,0.0,0,F1,60,,,,,
2026-02-18,2026-02-18,FO,NSE,IDO,53742,,FINNIFTY,,2026-03-30,2026-03-30,31000.0,PE,FINNIFTY26MAR31000PE,0.0,0.0,0.0,3256.15,0.0,3256.15,28463.25,2373.9,0,0,0,0.0,0,F1,60,,,,,
2026-02-18,2026-02-18,FO,NSE,IDO,69819,,FINNIFTY,,2026-04-28,2026-04-28,25600.0,PE,FINNIFTY26APR25600PE,0.0,0.0,0.0,219.0,0.0,219.0,28463.25,16.75,0,0,0,0.0,0,F1,60,,,,,
2026-02-18,2026-02-18,FO,NSE,IDO,70124,,FINNIFTY,,2026-04-28,2026-04-28,27400.0,PE,FINNIFTY26APR27400PE,0.0,0.0,0.0,828.5,0.0,828.5,28463.25,201.0,0,0,0,0.0,0,F1,60,,,,,
2026-02-18,2026-02-18,FO,NSE,IDO,70174,,FINNIFTY,,2026-04-28,2026-04-28,28300.0,PE,FINNIFTY26APR28300PE,0.0,0.0,0.0,1343.6,0.0,1343.6,28463.25,476.7,0,0,0,0.0,0,F1,60,,,,,
2026-02-18,2026-02-18,FO,NSE,IDO,70256,,FINNIFTY,,2026-04-28,2026-04-28,29300.0,PE,FINNIFTY26APR29300PE,0.0,0.0,0.0,2064.8,0.0,2064.8,28463.25,991.75,0,0,0,0.0,0,F1,60,,,,,
2026-02-18,2026-02-18,FO,NSE,IDO,70266,,FINNIFTY,,2026-04-28,2026-04-28,29800.0,PE,FINNIFTY26APR29800PE,0.0,0.0,0.0,2471.9,0.0,2471.9,28463.25,1329.8,0,0,0,0.0,0,F1,60,,,,,
2026-02-18,2026-02-18,FO,NSE,IDO,70278,,FINNIFTY,,2026-04-28,2026-04-28,30400.0,PE,FINNIFTY26APR30400PE,0.0,0.0,0.0,2991.15,0.0,2991.15,28463.25,1794.25,0,0,0,0.0,0,F1,60,,,,,
2026-02-18,2026-02-18,FO,NSE,IDF,59176,,FINNIFTY,,2026-02-24,2026-02-24,,,FINNIFTY26FEBFUT,28301.3,28455.5,28281.2,28437.0,28425.3,28264.2,28463.25,28437.0,46680,840,248,422197992.0,222,F1,60,,,,,
2026-02-18,2026-02-18,FO,NSE,IDO,61848,,FINNIFTY,,2026-02-24,2026-02-24,25000.0,CE,FINNIFTY26FEB25000CE,0.0,0.0,0.0,2894.6,0.0,2894.6,28463.25,3485.85,0,0,0,0.0,0,F1,60,,,,,
2026-02-18,2026-02-18,FO,NSE,IDO,68962,,FINNIFTY,,2026-02-24,2026-02-24,25450.0,CE,FINNIFTY26FEB25450CE,0.0,0.0,0.0,1761.0,0.0,1761.0,28463.25,3036.25,0,0,0,0.0,0,F1,60,,,,,
2026-02-18,2026-02-18,FO,NSE,IDO,61904,,FINNIFTY,,2026-02-24,2026-02-24,25900.0,CE,FINNIFTY26FEB25900CE,0.0,0.0,0.0,2147.9,0.0,2147.9,28463.25,2586.65,0,0,0,0.0,0,F1,60,,,,,
2026-02-18,2026-02-18,FO,NSE,IDO,61910,,FINNIFTY,,2026-02-24,2026-02-24,26200.0,CE,FINNIFTY26FEB26200CE,0.0,0.0,0.0,1920.55,0.0,1920.55,28463.25,2286.95,0,0,0,0.0,0,F1,60,,,,,
2026-02-18,2026-02-18,FO,NSE,IDO,61916,,FINNIFTY,,2026-02-24,2026-02-24,26400.0,CE,FINNIFTY26FEB26400CE,0.0,0.0,0.0,647.0,647.0,647.0,28463.25,2087.1,120,0,0,0.0,0,F1,60,,,,,
2026-02-18,2026-02-18,FO,NSE,IDO,70063,,FINNIFTY,,2026-04-28,2026-04-28,27000.0,PE,FINNIFTY26APR27000PE,0.0,0.0,0.0,645.25,0.0,645.25,28463.25,127.2,0,0,0,0.0,0,F1,60,,,,,
2026-02-18,2026-02-18,FO,NSE,IDO,70057,,FINNIFTY,,2026-04-28,2026-04-28,26800.0,PE,FINNIFTY26APR26800PE,0.0,0.0,0.0,564.25,0.0,564.25,28463.25,99.3,0,0,0,0.0,0,F1,60,,,,,
2026-02-18,2026-02-18,FO,NSE,IDO,62228,,FINNIFTY,,2026-02-24,2026-02-24,30700.0,CE,FINNIFTY26FEB30700CE,0.0,0.0,0.0,149.5,0.0,149.5,28463.25,0.05,0,0,0,0.0,0,F1,60,,,,,
2026-02-18,2026-02-18,FO,NSE,IDO,53554,,FINNIFTY,,2026-03-30,2026-03-30,24000.0,CE,FINNIFTY26MAR24000CE,0.0,0.0,0.0,3767.4,0.0,3767.4,28463.25,4607.5,0,0,0,0.0,0,F1,60,,,,,
2026-02-18,2026-02-18,FO,NSE,IDO,53570,,FINNIFTY,,2026-03-30,2026-03-30,24800.0,CE,FINNIFTY26MAR24800CE,0.0,0.0,0.0,3027.0,0.0,3027.0,28463.25,3812.6,0,0,0,0.0,0,F1,60,,,,,
2026-02-18,2026-02-18,FO,NSE,IDO,53572,,FINNIFTY,,2026-03-30,2026-03-30,24900.0,CE,FINNIFTY26MAR24900CE,0.0,0.0,0.0,2937.45,0.0,2937.45,28463.25,3713.3,0,0,0,0.0,0,F1,60,,,,,
2026-02-18,2026-02-18,FO,NSE,IDO,53601,,FINNIFTY,,2026-03-30,2026-03-30,25800.0,CE,FINNIFTY26MAR25800CE,0.0,0.0,0.0,2174.35,0.0,2174.35,28463.25,2823.3,0,0,0,0.0,0,F1,60,,,,,
2026-02-18,2026-02-18,FO,NSE,IDO,53622,,FINNIFTY,,2026-03-30,2026-03-30,26200.0,CE,FINNIFTY26MAR26200CE,0.0,0.0,0.0,1866.1,0.0,1866.1,28463.25,2433.45,0,0,0,0.0,0,F1,60,,,,,
2026-02-18,2026-02-18,FO,NSE,IDO,53640,,FINNIFTY,,2026-03-30,2026-03-30,26600.0,CE,FINNIFTY26MAR26600CE,0.0,0.0,0.0,1580.75,0.0,1580.75,28463.25,2052.25,0,0,0,0.0,0,F1,60,,,,,
2026-02-18,2026-02-18,FO,NSE,IDO,53648,,FINNIFTY,,2026-03-30,2026-03-30,27000.0,CE,FINNIFTY26MAR27000CE,0.0,0.0,0.0,1321.45,0.0,1321.45,28463.25,1686.1,0,0,0,0.0,0,F1,60,,,,,
2026-02-18,2026-02-18,FO,NSE,IDO,53652,,FINNIFTY,,2026-03-30,2026-03-30,27200.0,CE,FINNIFTY26MAR27200CE,0.0,0.0,0.0,1201.95,0.0,1201.95,28463.25,1511.25,0,0,0,0.0,0,F1,60,,,,,
2026-02-18,2026-02-18,FO,NSE,IDO,53668,,FINNIFTY,,2026-03-30,2026-03-30,28000.0,CE,FINNIFTY26MAR28000CE,653.2,653.2,653.2,653.2,653.2,650.0,28463.25,892.55,120,60,1,1719192.0,1,F1,60,,,,,
2026-02-18,2026-02-18,FO,NSE,IDO,53623,,FINNIFTY,,2026-03-30,2026-03-30,26200.0,PE,FINNIFTY26MAR26200PE,0.0,0.0,0.0,295.35,0.0,295.35,28463.25,12.75,0,0,0,0.0,0,F1,60,,,,,
2026-02-18,2026-02-18,FO,NSE,IDO,53573,,FINNIFTY,,2026-03-30,2026-03-30,24900.0,PE,FINNIFTY26MAR24900PE,0.0,0.0,0.0,85.95,0.0,85.95,28463.25,0.4,0,0,0,0.0,0,F1,60,,,,,
2026-02-18,2026-02-18,FO,NSE,IDO,62259,,FINNIFTY,,2026-02-24,2026-02-24,30900.0,PE,FINNIFTY26FEB30900PE,0.0,0.0,0.0,3153.2,0.0,3153.2,28463.25,2408.85,0,0,0,0.0,0,F1,60,,,,,
2026-02-18,2026-02-18,FO,NSE,IDO,62207,,FINNIFTY,,2026-02-24,2026-02-24,30300.0,PE,FINNIFTY26FEB30300PE,0.0,0.0,0.0,2635.1,0.0,2635.1,28463.25,1809.4,0,0,0,0.0,0,F1,60,,,,,
2026-02-18,2026-02-18,FO,NSE,IDO,53694,,FINNIFTY,,2026-03-30,2026-03-30,29300.0,CE,FINNIFTY26MAR29300CE,0.0,0.0,0.0,356.75,0.0,356.75,28463.25,262.5,0,0,0,0.0,0,F1,60,,,,,
2026-02-18,2026-02-18,FO,NSE,IDO,53725,,FINNIFTY,,2026-03-30,2026-03-30,30200.0,CE,FINNIFTY26MAR30200CE,0.0,0.0,0.0,186.0,0.0,186.0,28463.25,82.45,0,0,0,0.0,0,F1,60,,,,,
2026-02-18,2026-02-18,FO,NSE,IDO,70040,,FINNIFTY,,2026-04-28,2026-04-28,26500.0,CE,FINNIFTY26APR26500CE,0.0,0.0,0.0,1419.75,0.0,1419.75,28463.25,2304.15,0,0,0,0.0,0,F1,60,,,,,
2026-02-18,2026-02-18,FO,NSE,IDO,70137,,FINNIFTY,,2026-04-28,2026-04-28,27900.0,CE,FINNIFTY26APR27900CE,0.0,0.0,0.0,682.85,0.0,682.85,28463.25,1185.35,0,0,0,0.0,0,F1,60,,,,,
2026-02-18,2026-02-18,FO,NSE,IDO,70279,,FINNIFTY,,2026-04-28,2026-04-28,30500.0,CE,FINNIFTY26APR30500CE,0.0,0.0,0.0,105.4,0.0,105.4,28463.25,155.65,0,0,0,0.0,0,F1,60,,,,,
2026-02-18,2026-02-18,FO,NSE,IDO,70289,,FINNIFTY,,2026-04-28,2026-04-28,31000.0,CE,FINNIFTY26APR31000CE,0.0,0.0,0.0,68.15,0.0,68.15,28463.25,92.05,0,0,0,0.0,0,F1,60,,,,,
2026-02-18,2026-02-18,FO,NSE,IDO,69348,,FINNIFTY,,2026-02-24,2026-02-24,28650.0,CE,FINNIFTY26FEB28650CE,61.0,99.0,52.05,84.95,78.65,61.15,28463.25,84.95,20820,3000,2406,4146306753.0,2008,F1,60,,,,,
2026-02-18,2026-02-18,FO,NSE,IDO,62188,,FINNIFTY,,2026-02-24,2026-02-24,29400.0,CE,FINNIFTY26FEB29400CE,8.2,11.8,7.65,9.7,8.75,9.9,28463.25,9.7,5820,3540,1421,2507435973.0,1188,F1,60,,,,,
2026-02-18,2026-02-18,FO,NSE,IDO,62190,,FINNIFTY,,2026-02-24,2026-02-24,29500.0,CE,FINNIFTY26FEB29500CE,8.0,8.85,5.9,7.5,6.5,8.25,28463.25,7.5,93360,11520,4295,7603990380.0,2651,F1,60,,,,,
2026-02-18,2026-02-18,FO,NSE,IDO,62264,,FINNIFTY,,2026-02-24,2026-02-24,31000.0,CE,FINNIFTY26FEB31000CE,1.5,1.95,0.85,1.5,1.4,1.5,28463.25,1.5,19920,1500,373,693813813.0,276,F1,60,,,,,
2026-02-18,2026-02-18,FO,NSE,IDO,53578,,FINNIFTY,,2026-03-30,2026-03-30,25200.0,CE,FINNIFTY26MAR25200CE,0.0,0.0,0.0,2673.9,0.0,2673.9,28463.25,3415.7,0,0,0,0.0,0,F1,60,,,,,
2026-02-18,2026-02-18,FO,NSE,IDO,53629,,FINNIFTY,,2026-03-30,2026-03-30,26300.0,CE,FINNIFTY26MAR26300CE,0.0,0.0,0.0,1793.55,0.0,1793.55,28463.25,2337.1,0,0,0,0.0,0,F1,60,,,,,
2026-02-18,2026-02-18,FO,NSE,IDO,53660,,FINNIFTY,,2026-03-30,2026-03-30,27600.0,CE,FINNIFTY26MAR27600CE,0.0,0.0,0.0,983.75,0.0,983.75,28463.25,1183.5,0,0,0,0.0,0,F1,60,,,,,
2026-02-18,2026-02-18,FO,NSE,IDO,53688,,FINNIFTY,,2026-03-30,2026-03-30,29000.0,CE,FINNIFTY26MAR29000CE,0.0,0.0,0.0,434.0,0.0,434.0,28463.25,364.2,0,0,0,0.0,0,F1,60,,,,,
2026-02-18,2026-02-18,FO,NSE,IDO,69742,,FINNIFTY,,2026-04-28,2026-04-28,24500.0,CE,FINNIFTY26APR24500CE,0.0,0.0,0.0,3004.55,0.0,3004.55,28463.25,4218.6,0,0,0,0.0,0,F1,60,,,,,
2026-02-18,2026-02-18,FO,NSE,IDO,69752,,FINNIFTY,,2026-04-28,2026-04-28,25000.0,CE,FINNIFTY26APR25000CE,0.0,0.0,0.0,2563.7,0.0,2563.7,28463.25,3727.4,0,0,0,0.0,0,F1,60,,,,,
2026-02-18,2026-02-18,FO,NSE,IDO,69788,,FINNIFTY,,2026-04-28,2026-04-28,25400.0,CE,FINNIFTY26APR25400CE,0.0,0.0,0.0,2229.15,0.0,2229.15,28463.25,3337.75,0,0,0,0.0,0,F1,60,,,,,
2026-02-18,2026-02-18,FO,NSE,IDO,70090,,FINNIFTY,,2026-04-28,2026-04-28,27400.0,CE,FINNIFTY26APR27400CE,0.0,0.0,0.0,906.1,0.0,906.1,28463.25,1547.65,0,0,0,0.0,0,F1,60,,,,,
2026-02-18,2026-02-18,FO,NSE,IDO,70182,,FINNIFTY,,2026-04-28,2026-04-28,28500.0,CE,FINNIFTY26APR28500CE,0.0,0.0,0.0,470.75,0.0,470.75,28463.25,819.7,0,0,0,0.0,0,F1,60,,,,,
2026-02-18,2026-02-18,FO,NSE,IDO,61889,,FINNIFTY,,2026-02-24,2026-02-24,25100.0,PE,FINNIFTY26FEB25100PE,4.3,5.5,4.0,5.05,4.2,6.75,28463.25,5.05,720,480,13,19581819.0,11,F1,60,,,,,
2026-02-18,2026-02-18,FO,NSE,IDO,61893,,FINNIFTY,,2026-02-24,2026-02-24,25300.0,PE,FINNIFTY26FEB25300PE,6.95,6.95,3.75,5.25,4.65,5.15,28463.25,5.25,3720,240,112,170047773.0,38,F1,60,,,,,
2026-02-18,2026-02-18,FO,NSE,IDO,69008,,FINNIFTY,,2026-02-24,2026-02-24,26250.0,PE,FINNIFTY26FEB26250PE,5.55,8.35,5.15,6.1,5.5,9.35,28463.25,6.1,4500,2160,260,409594386.0,93,F1,60,,,,,
2026-02-18,2026-02-18,FO,NSE,IDO,61930,,FINNIFTY,,2026-02-24,2026-02-24,27100.0,CE,FINNIFTY26FEB27100CE,0.0,0.0,0.0,1155.1,1155.1,1155.1,28463.25,1388.1,5460,0,0,0.0,0,F1,60,,,,,
2026-02-18,2026-02-18,FO,NSE,IDO,62201,,FINNIFTY,,2026-02-24,2026-02-24,30000.0,PE,FINNIFTY26FEB30000PE,0.0,0.0,0.0,2387.45,0.0,2387.45,28463.25,1509.9,0,0,0,0.0,0,F1,60,,,,,
2026-02-18,2026-02-18,FO,NSE,IDO,69261,,FINNIFTY,,2026-02-24,2026-02-24,27050.0,CE,FINNIFTY26FEB27050CE,0.0,0.0,0.0,1109.5,1109.5,1109.5,28463.25,1437.95,660,0,0,0.0,0,F1,60,,,,,
2026-02-18,2026-02-18,FO,NSE,IDO,61906,,FINNIFTY,,2026-02-24,2026-02-24,26000.0,CE,FINNIFTY26FEB26000CE,0.0,0.0,0.0,2070.75,0.0,2070.75,28463.25,2486.75,0,0,0,0.0,0,F1,60,,,,,
2026-02-18,2026-02-18,FO,NSE,IDO,61842,,FINNIFTY,,2026-02-24,2026-02-24,24700.0,CE,FINNIFTY26FEB24700CE,0.0,0.0,0.0,3161.0,0.0,3161.0,28463.25,3785.55,0,0,0,0.0,0,F1,60,,,,,
2026-02-18,2026-02-18,FO,NSE,IDO,70274,,FINNIFTY,,2026-04-28,2026-04-28,30200.0,PE,FINNIFTY26APR30200PE,0.0,0.0,0.0,2814.85,0.0,2814.85,28463.25,1633.15,0,0,0,0.0,0,F1,60,,,,,
2026-02-18,2026-02-18,FO,NSE,IDO,70270,,FINNIFTY,,2026-04-28,2026-04-28,30000.0,PE,FINNIFTY26APR30000PE,0.0,0.0,0.0,2641.7,0.0,2641.7,28463.25,1478.15,0,0,0,0.0,0,F1,60,,,,,
2026-02-18,2026-02-18,FO,NSE,IDO,70183,,FINNIFTY,,2026-04-28,2026-04-28,28500.0,PE,FINNIFTY26APR28500PE,0.0,0.0,0.0,1476.3,0.0,1476.3,28463.25,561.65,0,0,0,0.0,0,F1,60,,,,,
2026-02-18,2026-02-18,FO,NSE,IDO,70060,,FINNIFTY,,2026-04-28,2026-04-28,26900.0,PE,FINNIFTY26APR26900PE,0.0,0.0,0.0,603.85,0.0,603.85,28463.25,112.55,0,0,0,0.0,0,F1,60,,,,,
2026-02-18,2026-02-18,FO,NSE,IDO,70039,,FINNIFTY,,2026-04-28,2026-04-28,26400.0,PE,FINNIFTY26APR26400PE,0.0,0.0,0.0,423.2,0.0,423.2,28463.25,58.1,0,0,0,0.0,0,F1,60,,,,,
2026-02-18,2026-02-18,FO,NSE,IDO,69901,,FINNIFTY,,2026-04-28,2026-04-28,26100.0,PE,FINNIFTY26APR26100PE,0.0,0.0,0.0,336.15,0.0,336.15,28463.25,37.5,0,0,0,0.0,0,F1,60,,,,,
2026-02-18,2026-02-18,FO,NSE,IDO,69771,,FINNIFTY,,2026-04-28,2026-04-28,25300.0,PE,FINNIFTY26APR25300PE,0.0,0.0,0.0,165.6,0.0,165.6,28463.25,9.8,0,0,0,0.0,0,F1,60,,,,,
2026-02-18,2026-02-18,FO,NSE,IDO,53689,,FINNIFTY,,2026-03-30,2026-03-30,29000.0,PE,FINNIFTY26MAR29000PE,0.0,0.0,0.0,1621.8,0.0,1621.8,28463.25,726.7,0,0,0,0.0,0,F1,60,,,,,
2026-02-18,2026-02-18,FO,NSE,IDO,53681,,FINNIFTY,,2026-03-30,2026-03-30,28600.0,PE,FINNIFTY26MAR28600PE,0.0,0.0,0.0,1352.45,0.0,1352.45,28463.25,504.7,0,0,0,0.0,0,F1,60,,,,,
2026-02-18,2026-02-18,FO,NSE,IDO,53649,,FINNIFTY,,2026-03-30,2026-03-30,27000.0,PE,FINNIFTY26MAR27000PE,90.0,97.0,90.0,93.25,97.0,104.0,28463.25,93.25,1860,-360,13,21131004.0,5,F1,60,,,,,
2026-02-18,2026-02-18,FO,NSE,IDO,53592,,FINNIFTY,,2026-03-30,2026-03-30,25500.0,PE,FINNIFTY26MAR25500PE,0.0,0.0,0.0,158.7,0.0,158.7,28463.25,2.3,0,0,0,0.0,0,F1,60,,,,,
2026-02-18,2026-02-18,FO,NSE,IDF,51712,,FINNIFTY,,2026-03-30,2026-03-30,,,FINNIFTY26MARFUT,28448.9,28607.9,28422.1,28593.1,28569.3,28400.0,28463.25,28593.1,4020,1320,52,88974672.0,44,F1,60,,,,,
2026-02-18,2026-02-18,FO,NSE,IDO,61818,,FINNIFTY,,2026-02-24,2026-02-24,24000.0,CE,FINNIFTY26FEB24000CE,0.0,0.0,0.0,3093.85,3120.0,3093.85,28463.25,4484.95,900,0,0,0.0,0,F1,60,,,,,
2026-02-18,2026-02-18,FO,NSE,IDO,61836,,FINNIFTY,,2026-02-24,2026-02-24,24400.0,CE,FINNIFTY26FEB24400CE,0.0,0.0,0.0,3434.05,0.0,3434.05,28463.25,4085.3,0,0,0,0.0,0,F1,60,,,,,
2026-02-18,2026-02-18,FO,NSE,IDO,68968,,FINNIFTY,,2026-02-24,2026-02-24,25750.0,CE,FINNIFTY26FEB25750CE,0.0,0.0,0.0,1490.4,0.0,1490.4,28463.25,2736.5,0,0,0,0.0,0,F1,60,,,,,
2026-02-18,2026-02-18,FO,NSE,IDO,68969,,FINNIFTY,,2026-02-24,2026-02-24,25750.0,PE,FINNIFTY26FEB25750PE,7.9,8.85,3.25,5.4,4.9,6.95,28463.25,5.4,2100,-1740,148,228709665.0,64,F1,60,,,,,
2026-02-18,2026-02-18,FO,NSE,IDO,69006,,FINNIFTY,,2026-02-24,2026-02-24,26150.0,PE,FINNIFTY26FEB26150PE,6.25,6.45,5.55,6.05,6.05,8.3,28463.25,0.05,5040,-720,51,80037921.0,25,F1,60,,,,,
2026-02-18,2026-02-18,FO,NSE,IDO,61911,,FINNIFTY,,2026-02-24,2026-02-24,26200.0,PE,FINNIFTY26FEB26200PE,5.65,7.8,5.55,6.85,6.25,8.2,28463.25,6.85,16920,13740,427,671408406.0,206,F1,60,,,,,
2026-02-18,2026-02-18,FO,NSE,IDO,69732,,FINNIFTY,,2026-04-28,2026-04-28,24000.0,CE,FINNIFTY26APR24000CE,0.0,0.0,0.0,3464.5,0.0,3464.5,28463.25,4712.1,0,0,0,0.0,0,F1,60,,,,,
2026-02-18,2026-02-18,FO,NSE,IDO,69843,,FINNIFTY,,2026-04-28,2026-04-28,26100.0,CE,FINNIFTY26APR26100CE,0.0,0.0,0.0,1693.85,0.0,1693.85,28463.25,2670.7,0,0,0,0.0,0,F1,60,,,,,
2026-02-18,2026-02-18,FO,NSE,IDO,69903,,FINNIFTY,,2026-04-28,2026-04-28,26200.0,CE,FINNIFTY26APR26200CE,0.0,0.0,0.0,1622.0,0.0,1622.0,28463.25,2577.8,0,0,0,0.0,0,F1,60,,,,,
2026-02-18,2026-02-18,FO,NSE,IDO,70135,,FINNIFTY,,2026-04-28,2026-04-28,27800.0,CE,FINNIFTY26APR27800CE,0.0,0.0,0.0,724.0,0.0,724.0,28463.25,1253.85,0,0,0,0.0,0,F1,60,,,,,
2026-02-18,2026-02-18,FO,NSE,IDO,53672,,FINNIFTY,,2026-03-30,2026-03-30,28200.0,CE,FINNIFTY26MAR28200CE,640.0,699.65,614.0,699.65,699.65,608.0,28463.25,763.2,60,0,8,13848519.0,8,F1,60,,,,,
2026-02-18,2026-02-18,FO,NSE,IDO,53670,,FINNIFTY,,2026-03-30,2026-03-30,28100.0,CE,FINNIFTY26MAR28100CE,0.0,0.0,0.0,750.05,0.0,750.05,28463.25,826.45,0,0,0,0.0,0,F1,60,,,,,
2026-02-18,2026-02-18,FO,NSE,IDO,62196,,FINNIFTY,,2026-02-24,2026-02-24,29800.0,CE,FINNIFTY26FEB29800CE,8.8,8.8,3.55,4.65,3.8,5.95,28463.25,4.65,24720,10380,1174,2099454396.0,752,F1,60,,,,,
2026-02-18,2026-02-18,FO,NSE,IDO,62174,,FINNIFTY,,2026-02-24,2026-02-24,29100.0,CE,FINNIFTY26FEB29100CE,15.8,25.1,12.7,20.8,18.6,17.6,28463.25,20.8,18240,-5400,1218,2127903186.0,950,F1,60,,,,,
2026-02-18,2026-02-18,FO,NSE,IDO,62122,,FINNIFTY,,2026-02-24,2026-02-24,29000.0,CE,FINNIFTY26FEB29000CE,22.4,33.6,16.05,25.9,23.1,22.4,28463.25,25.9,62340,-660,3063,5333702175.0,1957,F1,60,,,,,
2026-02-18,2026-02-18,FO,NSE,IDO,69346,,FINNIFTY,,2026-02-24,2026-02-24,28550.0,CE,FINNIFTY26FEB28550CE,85.8,136.05,74.7,120.75,112.25,83.7,28463.25,120.75,18540,3120,3848,6614293440.0,3135,F1,60,,,,,
2026-02-18,2026-02-18,FO,NSE,IDO,69338,,FINNIFTY,,2026-02-24,2026-02-24,28150.0,CE,FINNIFTY26FEB28150CE,278.6,374.9,258.5,361.85,350.0,256.55,28463.25,361.85,3840,-3120,354,604371633.0,293,F1,60,,,,,
2026-02-18,2026-02-18,FO,NSE,IDO,69263,,FINNIFTY,,2026-02-24,2026-02-24,27150.0,CE,FINNIFTY26FEB27150CE,0.0,0.0,0.0,754.1,754.1,754.1,28463.25,1338.3,660,0,0,0.0,0,F1,60,,,,,
2026-02-18,2026-02-18,FO,NSE,IDO,69259,,FINNIFTY,,2026-02-24,2026-02-24,26950.0,CE,FINNIFTY26FEB26950CE,0.0,0.0,0.0,901.6,901.6,901.6,28463.25,1537.75,720,0,0,0.0,0,F1,60,,,,,
2026-02-18,2026-02-18,FO,NSE,IDO,61902,,FINNIFTY,,2026-02-24,2026-02-24,25800.0,CE,FINNIFTY26FEB25800CE,0.0,0.0,0.0,2226.3,0.0,2226.3,28463.25,2686.55,0,0,0,0.0,0,F1,60,,,,,
2026-02-18,2026-02-18,FO,NSE,IDO,61837,,FINNIFTY,,2026-02-24,2026-02-24,24400.0,PE,FINNIFTY26FEB24400PE,0.0,0.0,0.0,57.0,0.0,57.0,28463.25,0.05,0,0,0,0.0,0,F1,60,,,,,
2026-02-18,2026-02-18,FO,NSE,IDO,70275,,FINNIFTY,,2026-04-28,2026-04-28,30300.0,CE,FINNIFTY26APR30300CE,0.0,0.0,0.0,124.65,0.0,124.65,28463.25,189.65,0,0,0,0.0,0,F1,60,,,,,
2026-02-18,2026-02-18,FO,NSE,IDO,70269,,FINNIFTY,,2026-04-28,2026-04-28,30000.0,CE,FINNIFTY26APR30000CE,0.0,0.0,0.0,159.1,0.0,159.1,28463.25,251.7,0,0,0,0.0,0,F1,60,,,,,
2026-02-18,2026-02-18,FO,NSE,IDO,70170,,FINNIFTY,,2026-04-28,2026-04-28,28200.0,CE,FINNIFTY26APR28200CE,0.0,0.0,0.0,569.5,0.0,569.5,28463.25,992.55,0,0,0,0.0,0,F1,60,,,,,
2026-02-18,2026-02-18,FO,NSE,IDO,70140,,FINNIFTY,,2026-04-28,2026-04-28,28000.0,CE,FINNIFTY26APR28000CE,0.0,0.0,0.0,643.4,0.0,643.4,28463.25,1118.9,0,0,0,0.0,0,F1,60,,,,,
2026-02-18,2026-02-18,FO,NSE,IDO,61845,,FINNIFTY,,2026-02-24,2026-02-24,24800.0,PE,FINNIFTY26FEB24800PE,3.0,4.0,3.0,4.0,4.0,6.1,28463.25,4.0,360,300,9,13393860.0,3,F1,60,,,,,
2026-02-18,2026-02-18,FO,NSE,IDO,61887,,FINNIFTY,,2026-02-24,2026-02-24,25000.0,PE,FINNIFTY26FEB25000PE,4.3,5.8,3.1,4.95,4.2,4.3,28463.25,4.95,44280,28200,946,1419260445.0,327,F1,60,,,,,
2026-02-18,2026-02-18,FO,NSE,IDO,61983,,FINNIFTY,,2026-02-24,2026-02-24,27700.0,PE,FINNIFTY26FEB27700PE,48.0,48.0,28.7,30.8,29.9,52.6,28463.25,30.8,36900,-13200,2602,4329551277.0,1619,F1,60,,,,,
2026-02-18,2026-02-18,FO,NSE,IDO,61895,,FINNIFTY,,2026-02-24,2026-02-24,25400.0,PE,FINNIFTY26FEB25400PE,5.75,5.85,3.55,5.25,5.05,5.85,28463.25,5.25,13740,-120,78,118894023.0,40,F1,60,,,,,
2026-02-18,2026-02-18,FO,NSE,IDO,68965,,FINNIFTY,,2026-02-24,2026-02-24,25550.0,PE,FINNIFTY26FEB25550PE,5.45,5.45,4.0,4.65,4.65,7.35,28463.25,0.05,1620,-1680,48,73597962.0,28,F1,60,,,,,
2026-02-18,2026-02-18,FO,NSE,IDO,69347,,FINNIFTY,,2026-02-24,2026-02-24,28550.0,PE,FINNIFTY26FEB28550PE,235.4,242.95,217.4,229.9,230.0,1446.2,28463.25,229.9,1860,1860,196,338463588.0,186,F1,60,,,,,
2026-02-18,2026-02-18,FO,NSE,IDO,62073,,FINNIFTY,,2026-02-24,2026-02-24,28800.0,PE,FINNIFTY26FEB28800PE,0.0,0.0,0.0,1497.4,0.0,1497.4,28463.25,395.45,0,0,0,0.0,0,F1,60,,,,,
2026-02-18,2026-02-18,FO,NSE,IDO,61898,,FINNIFTY,,2026-02-24,2026-02-24,25600.0,CE,FINNIFTY26FEB25600CE,0.0,0.0,0.0,2570.15,2570.15,2570.15,28463.25,2886.4,60,0,0,0.0,0,F1,60,,,,,
2026-02-18,2026-02-18,FO,NSE,IDO,61926,,FINNIFTY,,2026-02-24,2026-02-24,26900.0,CE,FINNIFTY26FEB26900CE,0.0,0.0,0.0,1330.4,1330.4,1330.4,28463.25,1587.65,2820,0,0,0.0,0,F1,60,,,,,
2026-02-18,2026-02-18,FO,NSE,IDO,70156,,FINNIFTY,,2026-04-28,2026-04-28,28100.0,CE,FINNIFTY26APR28100CE,0.0,0.0,0.0,605.65,0.0,605.65,28463.25,1054.65,0,0,0,0.0,0,F1,60,,,,,
2026-02-18,2026-02-18,FO,NSE,IDO,69746,,FINNIFTY,,2026-04-28,2026-04-28,24700.0,CE,FINNIFTY26APR24700CE,0.0,0.0,0.0,2825.55,0.0,2825.55,28463.25,4021.75,0,0,0,0.0,0,F1,60,,,,,
2026-02-18,2026-02-18,FO,NSE,IDO,62048,,FINNIFTY,,2026-02-24,2026-02-24,28200.0,CE,FINNIFTY26FEB28200CE,226.45,362.15,225.0,326.95,315.0,226.4,28463.25,326.95,22380,-16740,2039,3482521182.0,1579,F1,60,,,,,
2026-02-18,2026-02-18,FO,NSE,IDO,69265,,FINNIFTY,,2026-02-24,2026-02-24,27250.0,CE,FINNIFTY26FEB27250CE,1088.25,1093.15,1075.55,1075.55,1075.55,1037.65,28463.25,1238.9,1680,60,6,10201782.0,6,F1,60,,,,,
2026-02-18,2026-02-18,FO,NSE,IDO,61936,,FINNIFTY,,2026-02-24,2026-02-24,27300.0,CE,FINNIFTY26FEB27300CE,1042.75,1127.35,1042.75,1127.35,1127.35,971.2,28463.25,1189.3,11520,-60,3,5106771.0,2,F1,60,,,,,
2026-02-18,2026-02-18,FO,NSE,IDO,61940,,FINNIFTY,,2026-02-24,2026-02-24,27500.0,CE,FINNIFTY26FEB27500CE,861.25,989.0,861.25,975.0,951.5,798.95,28463.25,975.0,23880,-6240,109,185929674.0,102,F1,60,,,,,
2026-02-18,2026-02-18,FO,NSE,IDO,69336,,FINNIFTY,,2026-02-24,2026-02-24,28050.0,CE,FINNIFTY26FEB28050CE,346.8,452.25,341.45,445.85,447.55,323.7,28463.25,445.85,4560,-1800,63,107492082.0,60,F1,60,,,,,
2026-02-18,2026-02-18,FO,NSE,IDO,62054,,FINNIFTY,,2026-02-24,2026-02-24,28300.0,CE,FINNIFTY26FEB28300CE,184.0,281.9,167.9,258.05,248.9,173.6,28463.25,258.05,89820,-16740,14285,24429322386.0,10380,F1,60,,,,,
2026-02-18,2026-02-18,FO,NSE,IDO,69350,,FINNIFTY,,2026-02-24,2026-02-24,28750.0,CE,FINNIFTY26FEB28750CE,45.4,71.95,35.95,62.7,55.25,45.0,28463.25,62.7,46800,25320,2237,3866283630.0,1796,F1,60,,,,,
2026-02-18,2026-02-18,FO,NSE,IDO,69356,,FINNIFTY,,2026-02-24,2026-02-24,29050.0,CE,FINNIFTY26FEB29050CE,19.4,28.75,14.7,23.3,20.1,19.9,28463.25,23.3,16980,9000,641,1118072082.0,459,F1,60,,,,,
2026-02-18,2026-02-18,FO,NSE,IDO,69368,,FINNIFTY,,2026-02-24,2026-02-24,29650.0,CE,FINNIFTY26FEB29650CE,7.15,7.65,5.5,7.65,7.65,7.15,28463.25,7.65,480,0,34,60498732.0,34,F1,60,,,,,
2026-02-18,2026-02-18,FO,NSE,IDO,53719,,FINNIFTY,,2026-03-30,2026-03-30,30000.0,CE,FINNIFTY26MAR30000CE,0.0,0.0,0.0,216.3,0.0,216.3,28463.25,109.15,0,0,0,0.0,0,F1,60,,,,,
2026-02-18,2026-02-18,FO,NSE,IDO,53731,,FINNIFTY,,2026-03-30,2026-03-30,30500.0,CE,FINNIFTY26MAR30500CE,0.0,0.0,0.0,147.3,0.0,147.3,28463.25,52.75,0,0,0,0.0,0,F1,60,,,,,
2026-02-18,2026-02-18,FO,NSE,IDO,53741,,FINNIFTY,,2026-03-30,2026-03-30,31000.0,CE,FINNIFTY26MAR31000CE,0.0,0.0,0.0,5.1,5.1,5.1,28463.25,23.45,840,0,0,0.0,0,F1,60,,,,,
2026-02-18,2026-02-18,FO,NSE,IDO,61923,,FINNIFTY,,2026-02-24,2026-02-24,26700.0,PE,FINNIFTY26FEB26700PE,11.45,11.45,8.3,8.95,9.55,13.9,28463.25,8.95,19920,-24840,1414,2266026690.0,974,F1,60,,,,,
2026-02-18,2026-02-18,FO,NSE,IDO,61921,,FINNIFTY,,2026-02-24,2026-02-24,26600.0,PE,FINNIFTY26FEB26600PE,8.95,9.7,7.1,7.7,7.9,12.65,28463.25,7.7,44520,-6600,1110,1772110905.0,826,F1,60,,,,,
2026-02-18,2026-02-18,FO,NSE,IDO,61899,,FINNIFTY,,2026-02-24,2026-02-24,25600.0,PE,FINNIFTY26FEB25600PE,6.25,7.5,4.05,5.65,6.25,6.25,28463.25,5.65,9480,-3000,399,612984255.0,188,F1,60,,,,,
2026-02-18,2026-02-18,FO,NSE,IDO,68963,,FINNIFTY,,2026-02-24,2026-02-24,25450.0,PE,FINNIFTY26FEB25450PE,0.0,0.0,0.0,7.8,7.8,7.8,28463.25,0.05,0,0,0,0.0,0,F1,60,,,,,
2026-02-18,2026-02-18,FO,NSE,IDO,69280,,FINNIFTY,,2026-02-24,2026-02-24,27850.0,PE,FINNIFTY26FEB27850PE,56.8,56.8,37.5,41.35,38.8,71.7,28463.25,41.35,10500,-7080,679,1136443632.0,517,F1,60,,,,,
2026-02-18,2026-02-18,FO,NSE,IDO,62063,,FINNIFTY,,2026-02-24,2026-02-24,28600.0,PE,FINNIFTY26FEB28600PE,278.25,278.25,246.9,257.2,270.8,416.65,28463.25,257.2,4140,3600,183,316864719.0,154,F1,60,,,,,
2026-02-18,2026-02-18,FO,NSE,IDO,69349,,FINNIFTY,,2026-02-24,2026-02-24,28650.0,PE,FINNIFTY26FEB28650PE,0.0,0.0,0.0,1533.55,0.0,1533.55,28463.25,293.4,0,0,0,0.0,0,F1,60,,,,,
2026-02-18,2026-02-18,FO,NSE,IDO,69355,,FINNIFTY,,2026-02-24,2026-02-24,28950.0,PE,FINNIFTY26FEB28950PE,0.0,0.0,0.0,1803.95,0.0,1803.95,28463.25,511.85,0,0,0,0.0,0,F1,60,,,,,
2026-02-18,2026-02-18,FO,NSE,IDO,69357,,FINNIFTY,,2026-02-24,2026-02-24,29050.0,PE,FINNIFTY26FEB29050PE,0.0,0.0,0.0,1896.45,0.0,1896.45,28463.25,596.05,0,0,0,0.0,0,F1,60,,,,,
2026-02-18,2026-02-18,FO,NSE,IDO,53594,,FINNIFTY,,2026-03-30,2026-03-30,25600.0,PE,FINNIFTY26MAR25600PE,0.0,0.0,0.0,174.45,0.0,174.45,28463.25,3.0,0,0,0,0.0,0,F1,60,,,,,
2026-02-18,2026-02-18,FO,NSE,IDO,53645,,FINNIFTY,,2026-03-30,2026-03-30,26800.0,PE,FINNIFTY26MAR26800PE,0.0,0.0,0.0,468.15,0.0,468.15,28463.25,42.5,0,0,0,0.0,0,F1,60,,,,,
2026-02-18,2026-02-18,FO,NSE,IDO,53659,,FINNIFTY,,2026-03-30,2026-03-30,27500.0,PE,FINNIFTY26MAR27500PE,199.0,199.0,199.0,199.0,199.0,200.0,28463.25,133.8,420,60,1,1661940.0,1,F1,60,,,,,
2026-02-18,2026-02-18,FO,NSE,IDO,53695,,FINNIFTY,,2026-03-30,2026-03-30,29300.0,PE,FINNIFTY26MAR29300PE,0.0,0.0,0.0,1840.1,0.0,1840.1,28463.25,923.15,0,0,0,0.0,0,F1,60,,,,,
2026-02-18,2026-02-18,FO,NSE,IDO,69834,,FINNIFTY,,2026-04-28,2026-04-28,25900.0,PE,FINNIFTY26APR25900PE,0.0,0.0,0.0,284.4,0.0,284.4,28463.25,27.45,0,0,0,0.0,0,F1,60,,,,,
2026-02-18,2026-02-18,FO,NSE,IDO,70132,,FINNIFTY,,2026-04-28,2026-04-28,27600.0,PE,FINNIFTY26APR27600PE,0.0,0.0,0.0,930.85,0.0,930.85,28463.25,248.2,0,0,0,0.0,0,F1,60,,,,,
2026-02-18,2026-02-18,FO,NSE,IDO,70252,,FINNIFTY,,2026-04-28,2026-04-28,29100.0,PE,FINNIFTY26APR29100PE,0.0,0.0,0.0,1909.8,0.0,1909.8,28463.25,870.9,0,0,0,0.0,0,F1,60,,,,,
2026-02-18,2026-02-18,FO,NSE,IDO,70262,,FINNIFTY,,2026-04-28,2026-04-28,29600.0,PE,FINNIFTY26APR29600PE,0.0,0.0,0.0,2305.95,0.0,2305.95,28463.25,1188.7,0,0,0,0.0,0,F1,60,,,,,
2026-02-18,2026-02-18,FO,NSE,IDO,70319,,FINNIFTY,,2026-04-28,2026-04-28,31500.0,PE,FINNIFTY26APR31500PE,0.0,0.0,0.0,4002.6,0.0,4002.6,28463.25,2763.0,0,0,0,0.0,0,F1,60,,,,,
2026-02-18,2026-02-18,FO,NSE,IDO,70125,,FINNIFTY,,2026-04-28,2026-04-28,27500.0,CE,FINNIFTY26APR27500CE,0.0,0.0,0.0,857.95,0.0,857.95,28463.25,1471.35,0,0,0,0.0,0,F1,60,,,,,
2026-02-18,2026-02-18,FO,NSE,IDO,61833,,FINNIFTY,,2026-02-24,2026-02-24,24200.0,PE,FINNIFTY26FEB24200PE,3.0,3.0,3.0,3.0,3.0,45.15,28463.25,3.0,60,60,1,1452180.0,1,F1,60,,,,,
2026-02-18,2026-02-18,FO,NSE,IDO,70255,,FINNIFTY,,2026-04-28,2026-04-28,29300.0,CE,FINNIFTY26APR29300CE,0.0,0.0,0.0,271.5,0.0,271.5,28463.25,458.1,0,0,0,0.0,0,F1,60,,,,,
2026-02-18,2026-02-18,FO,NSE,IDO,61920,,FINNIFTY,,2026-02-24,2026-02-24,26600.0,CE,FINNIFTY26FEB26600CE,0.0,0.0,0.0,1637.4,1637.4,1637.4,28463.25,1887.3,3060,0,0,0.0,0,F1,60,,,,,
2026-02-18,2026-02-18,FO,NSE,IDO,69011,,FINNIFTY,,2026-02-24,2026-02-24,26450.0,CE,FINNIFTY26FEB26450CE,0.0,0.0,0.0,1325.0,1325.0,1325.0,28463.25,2037.15,420,0,0,0.0,0,F1,60,,,,,
2026-02-18,2026-02-18,FO,NSE,IDO,53584,,FINNIFTY,,2026-03-30,2026-03-30,25400.0,PE,FINNIFTY26MAR25400PE,0.0,0.0,0.0,144.05,0.0,144.05,28463.25,1.75,0,0,0,0.0,0,F1,60,,,,,
2026-02-18,2026-02-18,FO,NSE,IDO,69367,,FINNIFTY,,2026-02-24,2026-02-24,29550.0,PE,FINNIFTY26FEB29550PE,0.0,0.0,0.0,2371.6,0.0,2371.6,28463.25,1063.85,0,0,0,0.0,0,F1,60,,,,,
2026-02-18,2026-02-18,FO,NSE,IDO,69365,,FINNIFTY,,2026-02-24,2026-02-24,29450.0,PE,FINNIFTY26FEB29450PE,0.0,0.0,0.0,2275.2,0.0,2275.2,28463.25,966.45,0,0,0,0.0,0,F1,60,,,,,
2026-02-18,2026-02-18,FO,NSE,IDO,62189,,FINNIFTY,,2026-02-24,2026-02-24,29400.0,PE,FINNIFTY26FEB29400PE,0.0,0.0,0.0,1921.15,0.0,1921.15,28463.25,918.2,0,0,0,0.0,0,F1,60,,,,,
2026-02-18,2026-02-18,FO,NSE,IDO,62185,,FINNIFTY,,2026-02-24,2026-02-24,29200.0,PE,FINNIFTY26FEB29200PE,0.0,0.0,0.0,1773.65,0.0,1773.65,28463.25,729.9,0,0,0,0.0,0,F1,60,,,,,
2026-02-18,2026-02-18,FO,NSE,IDO,62059,,FINNIFTY,,2026-02-24,2026-02-24,28400.0,PE,FINNIFTY26FEB28400PE,233.5,243.95,146.4,152.9,153.4,273.15,28463.25,152.9,63960,56580,5636,9664001856.0,4782,F1,60,,,,,
2026-02-18,2026-02-18,FO,NSE,IDO,61937,,FINNIFTY,,2026-02-24,2026-02-24,27300.0,PE,FINNIFTY26FEB27300PE,19.95,22.35,14.7,17.1,17.45,25.5,28463.25,17.1,23760,900,864,1416113670.0,733,F1,60,,,,,
2026-02-18,2026-02-18,FO,NSE,IDO,69262,,FINNIFTY,,2026-02-24,2026-02-24,27050.0,PE,FINNIFTY26FEB27050PE,15.15,15.6,11.8,13.25,13.75,19.0,28463.25,13.25,31260,28440,932,1513394388.0,688,F1,60,,,,,
2026-02-18,2026-02-18,FO,NSE,IDO,62209,,FINNIFTY,,2026-02-24,2026-02-24,30400.0,PE,FINNIFTY26FEB30400PE,0.0,0.0,0.0,2719.5,0.0,2719.5,28463.25,1909.3,0,0,0,0.0,0,F1,60,,,,,
2026-02-18,2026-02-18,FO,NSE,IDO,62211,,FINNIFTY,,2026-02-24,2026-02-24,30500.0,PE,FINNIFTY26FEB30500PE,0.0,0.0,0.0,2804.7,0.0,2804.7,28463.25,2009.2,0,0,0,0.0,0,F1,60,,,,,
2026-02-18,2026-02-18,FO,NSE,IDO,62229,,FINNIFTY,,2026-02-24,2026-02-24,30700.0,PE,FINNIFTY26FEB30700PE,0.0,0.0,0.0,2977.5,0.0,2977.5,28463.25,2209.0,0,0,0,0.0,0,F1,60,,,,,
2026-02-18,2026-02-18,FO,NSE,IDO,53610,,FINNIFTY,,2026-03-30,2026-03-30,25900.0,PE,FINNIFTY26MAR25900PE,0.0,0.0,0.0,142.7,142.7,142.7,28463.25,6.4,60,0,0,0.0,0,F1,60,,,,,
2026-02-18,2026-02-18,FO,NSE,IDO,53643,,FINNIFTY,,2026-03-30,2026-03-30,26700.0,PE,FINNIFTY26MAR26700PE,0.0,0.0,0.0,78.95,78.95,78.95,28463.25,35.3,180,0,0,0.0,0,F1,60,,,,,
2026-02-18,2026-02-18,FO,NSE,IDO,53767,,FINNIFTY,,2026-03-30,2026-03-30,31500.0,PE,FINNIFTY26MAR31500PE,0.0,0.0,0.0,3714.4,0.0,3714.4,28463.25,2857.05,0,0,0,0.0,0,F1,60,,,,,
2026-02-18,2026-02-18,FO,NSE,IDO,70089,,FINNIFTY,,2026-04-28,2026-04-28,27300.0,PE,FINNIFTY26APR27300PE,0.0,0.0,0.0,780.1,0.0,780.1,28463.25,180.1,0,0,0,0.0,0,F1,60,,,,,
2026-02-18,2026-02-18,FO,NSE,IDO,70193,,FINNIFTY,,2026-04-28,2026-04-28,28600.0,PE,FINNIFTY26APR28600PE,0.0,0.0,0.0,1544.9,0.0,1544.9,28463.25,607.5,0,0,0,0.0,0,F1,60,,,,,
2026-02-18,2026-02-18,FO,NSE,IDO,70216,,FINNIFTY,,2026-04-28,2026-04-28,28800.0,PE,FINNIFTY26APR28800PE,0.0,0.0,0.0,1686.55,0.0,1686.55,28463.25,706.1,0,0,0,0.0,0,F1,60,,,,,
2026-02-18,2026-02-18,FO,NSE,IDO,70272,,FINNIFTY,,2026-04-28,2026-04-28,30100.0,PE,FINNIFTY26APR30100PE,0.0,0.0,0.0,2727.85,0.0,2727.85,28463.25,1554.85,0,0,0,0.0,0,F1,60,,,,,
2026-02-18,2026-02-18,FO,NSE,IDO,53674,,FINNIFTY,,2026-03-30,2026-03-30,28300.0,CE,FINNIFTY26MAR28300CE,0.0,0.0,0.0,668.6,0.0,668.6,28463.25,702.9,0,0,0,0.0,0,F1,60,,,,,
2026-02-18,2026-02-18,FO,NSE,IDO,53656,,FINNIFTY,,2026-03-30,2026-03-30,27400.0,CE,FINNIFTY26MAR27400CE,0.0,0.0,0.0,1089.35,0.0,1089.35,28463.25,1343.3,0,0,0,0.0,0,F1,60,,,,,
2026-02-18,2026-02-18,FO,NSE,IDO,53587,,FINNIFTY,,2026-03-30,2026-03-30,25500.0,CE,FINNIFTY26MAR25500CE,0.0,0.0,0.0,2419.05,0.0,2419.05,28463.25,3118.8,0,0,0,0.0,0,F1,60,,,,,
2026-02-18,2026-02-18,FO,NSE,IDO,53574,,FINNIFTY,,2026-03-30,2026-03-30,25000.0,CE,FINNIFTY26MAR25000CE,0.0,0.0,0.0,2848.7,0.0,2848.7,28463.25,3614.05,0,0,0,0.0,0,F1,60,,,,,
2026-02-18,2026-02-18,FO,NSE,IDO,53544,,FINNIFTY,,2026-03-30,2026-03-30,23500.0,CE,FINNIFTY26MAR23500CE,0.0,0.0,0.0,4245.45,0.0,4245.45,28463.25,5104.45,0,0,0,0.0,0,F1,60,,,,,
2026-02-18,2026-02-18,FO,NSE,IDO,62202,,FINNIFTY,,2026-02-24,2026-02-24,30100.0,CE,FINNIFTY26FEB30100CE,3.85,4.5,2.55,3.25,2.55,4.45,28463.25,3.25,720,360,68,122822322.0,42,F1,60,,,,,
2026-02-18,2026-02-18,FO,NSE,IDO,69364,,FINNIFTY,,2026-02-24,2026-02-24,29450.0,CE,FINNIFTY26FEB29450CE,9.3,9.45,6.95,8.7,8.85,9.3,28463.25,8.7,1320,-360,1029,1818761052.0,835,F1,60,,,,,
2026-02-18,2026-02-18,FO,NSE,IDO,69362,,FINNIFTY,,2026-02-24,2026-02-24,29350.0,CE,FINNIFTY26FEB29350CE,9.7,12.35,8.55,10.65,9.4,10.8,28463.25,10.65,2520,1500,683,1203173217.0,598,F1,60,,,,,
2026-02-18,2026-02-18,FO,NSE,IDO,62062,,FINNIFTY,,2026-02-24,2026-02-24,28600.0,CE,FINNIFTY26FEB28600CE,71.1,116.45,62.7,100.7,97.9,71.1,28463.25,100.7,49080,12600,5857,10080272244.0,4929,F1,60,,,,,
2026-02-18,2026-02-18,FO,NSE,IDO,69273,,FINNIFTY,,2026-02-24,2026-02-24,27650.0,CE,FINNIFTY26FEB27650CE,687.2,729.95,687.2,729.95,729.95,768.15,28463.25,847.9,5280,-180,3,5103261.0,3,F1,60,,,,,
2026-02-18,2026-02-18,FO,NSE,IDO,69269,,FINNIFTY,,2026-02-24,2026-02-24,27450.0,CE,FINNIFTY26FEB27450CE,0.0,0.0,0.0,817.0,817.0,817.0,28463.25,1041.4,2340,0,0,0.0,0,F1,60,,,,,
2026-02-18,2026-02-18,FO,NSE,IDO,69257,,FINNIFTY,,2026-02-24,2026-02-24,26850.0,CE,FINNIFTY26FEB26850CE,0.0,0.0,0.0,1301.45,1301.45,1301.45,28463.25,1637.55,1080,0,0,0.0,0,F1,60,,,,,
2026-02-18,2026-02-18,FO,NSE,IDO,61890,,FINNIFTY,,2026-02-24,2026-02-24,25200.0,CE,FINNIFTY26FEB25200CE,0.0,0.0,0.0,2721.35,0.0,2721.35,28463.25,3286.0,0,0,0,0.0,0,F1,60,,,,,
2026-02-18,2026-02-18,FO,NSE,IDO,61838,,FINNIFTY,,2026-02-24,2026-02-24,24500.0,CE,FINNIFTY26FEB24500CE,0.0,0.0,0.0,3342.4,0.0,3342.4,28463.25,3985.4,0,0,0,0.0,0,F1,60,,,,,
2026-02-18,2026-02-18,FO,NSE,IDO,61832,,FINNIFTY,,2026-02-24,2026-02-24,24200.0,CE,FINNIFTY26FEB24200CE,0.0,0.0,0.0,3619.2,0.0,3619.2,28463.25,4285.1,0,0,0,0.0,0,F1,60,,,,,
2026-02-18,2026-02-18,FO,NSE,IDO,69835,,FINNIFTY,,2026-04-28,2026-04-28,26000.0,CE,FINNIFTY26APR26000CE,0.0,0.0,0.0,1766.25,0.0,1766.25,28463.25,2764.3,0,0,0,0.0,0,F1,60,,,,,
2026-02-18,2026-02-18,FO,NSE,IDO,70058,,FINNIFTY,,2026-04-28,2026-04-28,26900.0,CE,FINNIFTY26APR26900CE,0.0,0.0,0.0,1173.8,0.0,1173.8,28463.25,1954.05,0,0,0,0.0,0,F1,60,,,,,
2026-02-18,2026-02-18,FO,NSE,IDO,68961,,FINNIFTY,,2026-02-24,2026-02-24,25350.0,PE,FINNIFTY26FEB25350PE,6.4,6.4,6.4,6.4,6.4,7.4,28463.25,6.4,360,120,2,3042768.0,1,F1,60,,,,,
2026-02-18,2026-02-18,FO,NSE,IDO,61903,,FINNIFTY,,2026-02-24,2026-02-24,25800.0,PE,FINNIFTY26FEB25800PE,6.7,11.95,4.35,6.1,5.5,6.7,28463.25,6.1,9060,-7320,492,761773305.0,279,F1,60,,,,,
2026-02-18,2026-02-18,FO,NSE,IDO,61905,,FINNIFTY,,2026-02-24,2026-02-24,25900.0,PE,FINNIFTY26FEB25900PE,7.05,7.05,4.8,5.85,5.9,7.1,28463.25,5.85,4860,-3180,246,382366821.0,188,F1,60,,,,,
2026-02-18,2026-02-18,FO,NSE,IDO,69010,,FINNIFTY,,2026-02-24,2026-02-24,26350.0,PE,FINNIFTY26FEB26350PE,6.25,7.95,5.3,5.7,5.5,12.3,28463.25,5.7,6180,5160,181,286230897.0,49,F1,60,,,,,
2026-02-18,2026-02-18,FO,NSE,IDO,69274,,FINNIFTY,,2026-02-24,2026-02-24,27650.0,PE,FINNIFTY26FEB27650PE,33.1,33.55,26.0,28.5,28.25,46.8,28463.25,28.5,10080,-7020,369,612795600.0,204,F1,60,,,,,
2026-02-18,2026-02-18,FO,NSE,IDO,61989,,FINNIFTY,,2026-02-24,2026-02-24,27800.0,PE,FINNIFTY26FEB27800PE,46.7,50.0,34.15,37.15,37.0,64.65,28463.25,37.15,58380,-13680,2302,3845086401.0,1732,F1,60,,,,,
2026-02-18,2026-02-18,FO,NSE,IDO,62061,,FINNIFTY,,2026-02-24,2026-02-24,28500.0,PE,FINNIFTY26FEB28500PE,306.75,306.9,190.0,199.45,206.5,336.75,28463.25,199.45,34620,25080,2085,3594660090.0,1757,F1,60,,,,,
2026-02-18,2026-02-18,FO,NSE,IDO,62175,,FINNIFTY,,2026-02-24,2026-02-24,29100.0,PE,FINNIFTY26FEB29100PE,0.0,0.0,0.0,1702.5,0.0,1702.5,28463.25,639.75,0,0,0,0.0,0,F1,60,,,,,
2026-02-18,2026-02-18,FO,NSE,IDO,62215,,FINNIFTY,,2026-02-24,2026-02-24,30600.0,PE,FINNIFTY26FEB30600PE,0.0,0.0,0.0,2890.7,0.0,2890.7,28463.25,2109.1,0,0,0,0.0,0,F1,60,,,,,
2026-02-18,2026-02-18,FO,NSE,IDO,53579,,FINNIFTY,,2026-03-30,2026-03-30,25200.0,PE,FINNIFTY26MAR25200PE,0.0,0.0,0.0,117.95,0.0,117.95,28463.25,1.0,0,0,0,0.0,0,F1,60,,,,,
2026-02-18,2026-02-18,FO,NSE,IDO,53614,,FINNIFTY,,2026-03-30,2026-03-30,26000.0,PE,FINNIFTY26MAR26000PE,0.0,0.0,0.0,249.7,0.0,249.7,28463.25,8.1,0,0,0,0.0,0,F1,60,,,,,
2026-02-18,2026-02-18,FO,NSE,IDO,53634,,FINNIFTY,,2026-03-30,2026-03-30,26300.0,PE,FINNIFTY26MAR26300PE,0.0,0.0,0.0,321.3,0.0,321.3,28463.25,15.8,0,0,0,0.0,0,F1,60,,,,,
2026-02-18,2026-02-18,FO,NSE,IDO,53651,,FINNIFTY,,2026-03-30,2026-03-30,27100.0,PE,FINNIFTY26MAR27100PE,0.0,0.0,0.0,576.75,0.0,576.75,28463.25,71.8,0,0,0,0.0,0,F1,60,,,,,
2026-02-18,2026-02-18,FO,NSE,IDO,53657,,FINNIFTY,,2026-03-30,2026-03-30,27400.0,PE,FINNIFTY26MAR27400PE,0.0,0.0,0.0,155.0,155.0,155.0,28463.25,115.4,0,0,0,0.0,0,F1,60,,,,,
2026-02-18,2026-02-18,FO,NSE,IDO,53671,,FINNIFTY,,2026-03-30,2026-03-30,28100.0,PE,FINNIFTY26MAR28100PE,0.0,0.0,0.0,1051.2,0.0,1051.2,28463.25,294.35,0,0,0,0.0,0,F1,60,,,,,
2026-02-18,2026-02-18,FO,NSE,IDO,53677,,FINNIFTY,,2026-03-30,2026-03-30,28400.0,PE,FINNIFTY26MAR28400PE,0.0,0.0,0.0,1227.05,0.0,1227.05,28463.25,411.6,0,0,0,0.0,0,F1,60,,,,,
2026-02-18,2026-02-18,FO,NSE,IDO,53697,,FINNIFTY,,2026-03-30,2026-03-30,29400.0,PE,FINNIFTY26MAR29400PE,0.0,0.0,0.0,1915.3,0.0,1915.3,28463.25,993.9,0,0,0,0.0,0,F1,60,,,,,
2026-02-18,2026-02-18,FO,NSE,IDO,69723,,FINNIFTY,,2026-04-28,2026-04-28,23500.0,PE,FINNIFTY26APR23500PE,0.0,0.0,0.0,19.9,0.0,19.9,28463.25,0.15,0,0,0,0.0,0,F1,60,,,,,
2026-02-18,2026-02-18,FO,NSE,IDO,69747,,FINNIFTY,,2026-04-28,2026-04-28,24700.0,PE,FINNIFTY26APR24700PE,0.0,0.0,0.0,89.3,0.0,89.3,28463.25,3.0,0,0,0,0.0,0,F1,60,,,,,
2026-02-18,2026-02-18,FO,NSE,IDO,69751,,FINNIFTY,,2026-04-28,2026-04-28,24900.0,PE,FINNIFTY26APR24900PE,0.0,0.0,0.0,110.7,0.0,110.7,28463.25,4.55,0,0,0,0.0,0,F1,60,,,,,
2026-02-18,2026-02-18,FO,NSE,IDO,69791,,FINNIFTY,,2026-04-28,2026-04-28,25400.0,PE,FINNIFTY26APR25400PE,0.0,0.0,0.0,182.15,0.0,182.15,28463.25,11.8,0,0,0,0.0,0,F1,60,,,,,
2026-02-18,2026-02-18,FO,NSE,IDO,70130,,FINNIFTY,,2026-04-28,2026-04-28,27500.0,PE,FINNIFTY26APR27500PE,0.0,0.0,0.0,878.8,0.0,878.8,28463.25,223.65,0,0,0,0.0,0,F1,60,,,,,
2026-02-18,2026-02-18,FO,NSE,IDO,70172,,FINNIFTY,,2026-04-28,2026-04-28,28200.0,PE,FINNIFTY26APR28200PE,0.0,0.0,0.0,1279.65,0.0,1279.65,28463.25,437.6,0,0,0,0.0,0,F1,60,,,,,
2026-02-18,2026-02-18,FO,NSE,IDO,70276,,FINNIFTY,,2026-04-28,2026-04-28,30300.0,PE,FINNIFTY26APR30300PE,0.0,0.0,0.0,2902.65,0.0,2902.65,28463.25,1713.0,0,0,0,0.0,0,F1,60,,,,,
2026-02-18,2026-02-18,FO,NSE,IDO,53662,,FINNIFTY,,2026-03-30,2026-03-30,27700.0,CE,FINNIFTY26MAR27700CE,0.0,0.0,0.0,933.55,0.0,933.55,28463.25,1107.0,0,0,0,0.0,0,F1,60,,,,,
2026-02-18,2026-02-18,FO,NSE,IDO,70234,,FINNIFTY,,2026-04-28,2026-04-28,28900.0,CE,FINNIFTY26APR28900CE,0.0,0.0,0.0,361.25,0.0,361.25,28463.25,621.0,0,0,0,0.0,0,F1,60,,,,,
2026-02-18,2026-02-18,FO,NSE,IDO,69758,,FINNIFTY,,2026-04-28,2026-04-28,25200.0,CE,FINNIFTY26APR25200CE,0.0,0.0,0.0,2394.15,0.0,2394.15,28463.25,3532.05,0,0,0,0.0,0,F1,60,,,,,
2026-02-18,2026-02-18,FO,NSE,IDO,69722,,FINNIFTY,,2026-04-28,2026-04-28,23500.0,CE,FINNIFTY26APR23500CE,0.0,0.0,0.0,3937.8,0.0,3937.8,28463.25,5206.5,0,0,0,0.0,0,F1,60,,,,,
2026-02-18,2026-02-18,FO,NSE,IDO,53727,,FINNIFTY,,2026-03-30,2026-03-30,30300.0,CE,FINNIFTY26MAR30300CE,0.0,0.0,0.0,172.25,0.0,172.25,28463.25,71.3,0,0,0,0.0,0,F1,60,,,,,
2026-02-18,2026-02-18,FO,NSE,IDO,70136,,FINNIFTY,,2026-04-28,2026-04-28,27800.0,PE,FINNIFTY26APR27800PE,0.0,0.0,0.0,1040.3,0.0,1040.3,28463.25,303.05,0,0,0,0.0,0,F1,60,,,,,
2026-02-18,2026-02-18,FO,NSE,IDO,70195,,FINNIFTY,,2026-04-28,2026-04-28,28700.0,PE,FINNIFTY26APR28700PE,0.0,0.0,0.0,1615.0,0.0,1615.0,28463.25,655.7,0,0,0,0.0,0,F1,60,,,,,
2026-02-18,2026-02-18,FO,NSE,IDO,53569,,FINNIFTY,,2026-03-30,2026-03-30,24700.0,PE,FINNIFTY26MAR24700PE,0.0,0.0,0.0,68.8,0.0,68.8,28463.25,0.2,0,0,0,0.0,0,F1,60,,,,,
2026-02-18,2026-02-18,FO,NSE,IDO,53577,,FINNIFTY,,2026-03-30,2026-03-30,25100.0,PE,FINNIFTY26MAR25100PE,0.0,0.0,0.0,106.4,0.0,106.4,28463.25,0.75,0,0,0,0.0,0,F1,60,,,,,
2026-02-18,2026-02-18,FO,NSE,IDO,53669,,FINNIFTY,,2026-03-30,2026-03-30,28000.0,PE,FINNIFTY26MAR28000PE,312.6,312.6,312.6,312.6,312.6,995.95,28463.25,261.05,60,60,1,1698756.0,1,F1,60,,,,,
2026-02-18,2026-02-18,FO,NSE,IDO,53726,,FINNIFTY,,2026-03-30,2026-03-30,30200.0,PE,FINNIFTY26MAR30200PE,0.0,0.0,0.0,2556.0,0.0,2556.0,28463.25,1637.7,0,0,0,0.0,0,F1,60,,,,,
2026-02-18,2026-02-18,FO,NSE,IDO,69122,,FINNIFTY,,2026-02-24,2026-02-24,26550.0,CE,FINNIFTY26FEB26550CE,0.0,0.0,0.0,1576.15,1576.15,1576.15,28463.25,1937.25,420,0,0,0.0,0,F1,60,,,,,
2026-02-18,2026-02-18,FO,NSE,IDO,69267,,FINNIFTY,,2026-02-24,2026-02-24,27350.0,CE,FINNIFTY26FEB27350CE,1011.65,1011.65,1005.1,1005.15,1005.15,979.8,28463.25,1139.85,4260,-120,3,5104314.0,3,F1,60,,,,,
2026-02-18,2026-02-18,FO,NSE,IDO,69279,,FINNIFTY,,2026-02-24,2026-02-24,27850.0,CE,FINNIFTY26FEB27850CE,506.0,522.0,506.0,522.0,522.0,490.25,28463.25,662.6,3780,-60,3,5106000.0,2,F1,60,,,,,
2026-02-18,2026-02-18,FO,NSE,IDO,62200,,FINNIFTY,,2026-02-24,2026-02-24,30000.0,CE,FINNIFTY26FEB30000CE,3.9,4.45,2.95,3.7,3.65,3.55,28463.25,3.7,74460,5040,1568,2822750481.0,760,F1,60,,,,,
2026-02-18,2026-02-18,FO,NSE,IDO,62210,,FINNIFTY,,2026-02-24,2026-02-24,30500.0,CE,FINNIFTY26FEB30500CE,2.3,2.75,1.6,2.2,1.9,2.1,28463.25,2.2,17880,-180,448,819898725.0,295,F1,60,,,,,
2026-02-18,2026-02-18,FO,NSE,IDO,62214,,FINNIFTY,,2026-02-24,2026-02-24,30600.0,CE,FINNIFTY26FEB30600CE,0.0,0.0,0.0,161.2,0.0,161.2,28463.25,0.05,0,0,0,0.0,0,F1,60,,,,,
2026-02-18,2026-02-18,FO,NSE,IDO,62256,,FINNIFTY,,2026-02-24,2026-02-24,30800.0,CE,FINNIFTY26FEB30800CE,0.0,0.0,0.0,138.5,0.0,138.5,28463.25,0.05,0,0,0,0.0,0,F1,60,,,,,
2026-02-18,2026-02-18,FO,NSE,IDO,62258,,FINNIFTY,,2026-02-24,2026-02-24,30900.0,CE,FINNIFTY26FEB30900CE,3.0,3.0,1.1,1.15,1.15,3.0,28463.25,0.05,480,-60,3,5562315.0,3,F1,60,,,,,
2026-02-18,2026-02-18,FO,NSE,IDO,53642,,FINNIFTY,,2026-03-30,2026-03-30,26700.0,CE,FINNIFTY26MAR26700CE,0.0,0.0,0.0,1513.45,0.0,1513.45,28463.25,1959.0,0,0,0,0.0,0,F1,60,,,,,
2026-02-18,2026-02-18,FO,NSE,IDO,53678,,FINNIFTY,,2026-03-30,2026-03-30,28500.0,CE,FINNIFTY26MAR28500CE,439.9,440.0,439.9,440.0,440.0,380.0,28463.25,591.15,300,180,3,5209194.0,3,F1,60,,,,,
2026-02-18,2026-02-18,FO,NSE,IDO,69770,,FINNIFTY,,2026-04-28,2026-04-28,25300.0,CE,FINNIFTY26APR25300CE,0.0,0.0,0.0,2311.05,0.0,2311.05,28463.25,3434.75,0,0,0,0.0,0,F1,60,,,,,
2026-02-18,2026-02-18,FO,NSE,IDO,69831,,FINNIFTY,,2026-04-28,2026-04-28,25800.0,CE,FINNIFTY26APR25800CE,0.0,0.0,0.0,1914.3,0.0,1914.3,28463.25,2953.5,0,0,0,0.0,0,F1,60,,,,,
2026-02-18,2026-02-18,FO,NSE,IDO,70076,,FINNIFTY,,2026-04-28,2026-04-28,27300.0,CE,FINNIFTY26APR27300CE,0.0,0.0,0.0,956.15,0.0,956.15,28463.25,1625.7,0,0,0,0.0,0,F1,60,,,,,
2026-02-18,2026-02-18,FO,NSE,IDO,70133,,FINNIFTY,,2026-04-28,2026-04-28,27700.0,CE,FINNIFTY26APR27700CE,0.0,0.0,0.0,766.9,0.0,766.9,28463.25,1324.4,0,0,0,0.0,0,F1,60,,,,,
2026-02-18,2026-02-18,FO,NSE,IDO,70184,,FINNIFTY,,2026-04-28,2026-04-28,28600.0,CE,FINNIFTY26APR28600CE,0.0,0.0,0.0,440.9,0.0,440.9,28463.25,766.6,0,0,0,0.0,0,F1,60,,,,,
2026-02-18,2026-02-18,FO,NSE,IDO,61897,,FINNIFTY,,2026-02-24,2026-02-24,25500.0,PE,FINNIFTY26FEB25500PE,5.25,6.4,3.75,5.25,4.55,5.6,28463.25,5.25,40500,-19800,1413,2162322357.0,627,F1,60,,,,,
2026-02-18,2026-02-18,FO,NSE,IDO,61909,,FINNIFTY,,2026-02-24,2026-02-24,26100.0,PE,FINNIFTY26FEB26100PE,8.15,8.15,5.15,6.55,6.05,8.15,28463.25,6.55,7380,-1920,227,355567731.0,181,F1,60,,,,,
2026-02-18,2026-02-18,FO,NSE,IDO,69258,,FINNIFTY,,2026-02-24,2026-02-24,26850.0,PE,FINNIFTY26FEB26850PE,11.6,12.6,9.95,11.2,10.75,16.35,28463.25,11.2,3960,60,580,934772631.0,397,F1,60,,,,,
2026-02-18,2026-02-18,FO,NSE,IDO,61929,,FINNIFTY,,2026-02-24,2026-02-24,27000.0,PE,FINNIFTY26FEB27000PE,15.95,16.9,11.15,12.6,13.95,18.1,28463.25,12.6,171780,105240,5790,9384285672.0,3407,F1,60,,,,,
2026-02-18,2026-02-18,FO,NSE,IDO,69345,,FINNIFTY,,2026-02-24,2026-02-24,28450.0,PE,FINNIFTY26FEB28450PE,250.0,271.0,166.25,175.35,171.6,310.35,28463.25,175.35,11700,7980,1678,2883387789.0,1216,F1,60,,,,,
2026-02-18,2026-02-18,FO,NSE,IDO,62205,,FINNIFTY,,2026-02-24,2026-02-24,30200.0,PE,FINNIFTY26FEB30200PE,0.0,0.0,0.0,2551.65,0.0,2551.65,28463.25,1709.55,0,0,0,0.0,0,F1,60,,,,,
2026-02-18,2026-02-18,FO,NSE,IDO,53545,,FINNIFTY,,2026-03-30,2026-03-30,23500.0,PE,FINNIFTY26MAR23500PE,0.0,0.0,0.0,14.65,0.0,14.65,28463.25,0.05,0,0,0,0.0,0,F1,60,,,,,
2026-02-18,2026-02-18,FO,NSE,IDO,69275,,FINNIFTY,,2026-02-24,2026-02-24,27750.0,CE,FINNIFTY26FEB27750CE,626.75,627.2,626.75,627.2,627.2,550.0,28463.25,753.85,8700,0,2,3405237.0,2,F1,60,,,,,
2026-02-18,2026-02-18,FO,NSE,IDO,69225,,FINNIFTY,,2026-02-24,2026-02-24,26750.0,CE,FINNIFTY26FEB26750CE,0.0,0.0,0.0,1356.15,1356.15,1356.15,28463.25,1737.45,1140,0,0,0.0,0,F1,60,,,,,
2026-02-18,2026-02-18,FO,NSE,IDO,61912,,FINNIFTY,,2026-02-24,2026-02-24,26300.0,CE,FINNIFTY26FEB26300CE,0.0,0.0,0.0,1848.45,0.0,1848.45,28463.25,2187.0,0,0,0,0.0,0,F1,60,,,,,
2026-02-18,2026-02-18,FO,NSE,IDO,69005,,FINNIFTY,,2026-02-24,2026-02-24,26150.0,CE,FINNIFTY26FEB26150CE,0.0,0.0,0.0,1154.2,0.0,1154.2,28463.25,2336.9,0,0,0,0.0,0,F1,60,,,,,
2026-02-18,2026-02-18,FO,NSE,IDO,61840,,FINNIFTY,,2026-02-24,2026-02-24,24600.0,CE,FINNIFTY26FEB24600CE,0.0,0.0,0.0,3251.35,0.0,3251.35,28463.25,3885.5,0,0,0,0.0,0,F1,60,,,,,
2026-02-18,2026-02-18,FO,NSE,IDO,61834,,FINNIFTY,,2026-02-24,2026-02-24,24300.0,CE,FINNIFTY26FEB24300CE,0.0,0.0,0.0,3526.35,0.0,3526.35,28463.25,4185.2,0,0,0,0.0,0,F1,60,,,,,
2026-02-18,2026-02-18,FO,NSE,IDF,66689,,FINNIFTY,,2026-04-28,2026-04-28,,,FINNIFTY26APRFUT,0.0,0.0,0.0,27478.8,0.0,27478.8,28463.25,28760.7,0,0,0,0.0,0,F1,60,,,,,
2026-02-18,2026-02-18,FO,NSE,IDO,53679,,FINNIFTY,,2026-03-30,2026-03-30,28500.0,PE,FINNIFTY26MAR28500PE,0.0,0.0,0.0,1288.95,0.0,1288.95,28463.25,456.65,0,0,0,0.0,0,F1,60,,,,,
2026-02-18,2026-02-18,FO,NSE,IDO,53699,,FINNIFTY,,2026-03-30,2026-03-30,29500.0,PE,FINNIFTY26MAR29500PE,0.0,0.0,0.0,1990.55,0.0,1990.55,28463.25,1067.1,0,0,0,0.0,0,F1,60,,,,,
2026-02-18,2026-02-18,FO,NSE,IDO,69749,,FINNIFTY,,2026-04-28,2026-04-28,24800.0,PE,FINNIFTY26APR24800PE,0.0,0.0,0.0,99.55,0.0,99.55,28463.25,3.7,0,0,0,0.0,0,F1,60,,,,,
2026-02-18,2026-02-18,FO,NSE,IDO,69830,,FINNIFTY,,2026-04-28,2026-04-28,25700.0,PE,FINNIFTY26APR25700PE,0.0,0.0,0.0,239.4,0.0,239.4,28463.25,19.8,0,0,0,0.0,0,F1,60,,,,,
2026-02-18,2026-02-18,FO,NSE,IDO,70160,,FINNIFTY,,2026-04-28,2026-04-28,28100.0,PE,FINNIFTY26APR28100PE,0.0,0.0,0.0,1217.3,0.0,1217.3,28463.25,400.75,0,0,0,0.0,0,F1,60,,,,,
2026-02-18,2026-02-18,FO,NSE,IDO,68991,,FINNIFTY,,2026-02-24,2026-02-24,25850.0,PE,FINNIFTY26FEB25850PE,5.85,5.85,5.6,5.6,5.6,6.55,28463.25,0.05,4080,-240,8,12410736.0,4,F1,60,,,,,
2026-02-18,2026-02-18,FO,NSE,IDO,62193,,FINNIFTY,,2026-02-24,2026-02-24,29600.0,PE,FINNIFTY26FEB29600PE,0.0,0.0,0.0,2071.45,0.0,2071.45,28463.25,1112.95,0,0,0,0.0,0,F1,60,,,,,
2026-02-18,2026-02-18,FO,NSE,IDO,62055,,FINNIFTY,,2026-02-24,2026-02-24,28300.0,PE,FINNIFTY26FEB28300PE,200.0,200.0,111.6,116.75,118.3,213.85,28463.25,116.75,102660,49080,9496,16205553918.0,8106,F1,60,,,,,
2026-02-18,2026-02-18,FO,NSE,IDO,69270,,FINNIFTY,,2026-02-24,2026-02-24,27450.0,PE,FINNIFTY26FEB27450PE,27.15,27.15,18.9,20.3,20.0,32.0,28463.25,20.3,5700,-1200,489,806009190.0,408,F1,60,,,,,
2026-02-18,2026-02-18,FO,NSE,IDO,61907,,FINNIFTY,,2026-02-24,2026-02-24,26000.0,PE,FINNIFTY26FEB26000PE,8.95,8.95,4.85,6.4,5.7,7.9,28463.25,6.4,142860,19440,3071,4791915657.0,1455,F1,60,,,,,
2026-02-18,2026-02-18,FO,NSE,IDO,61841,,FINNIFTY,,2026-02-24,2026-02-24,24600.0,PE,FINNIFTY26FEB24600PE,3.35,4.0,3.35,4.0,4.0,4.15,28463.25,4.0,1200,120,3,4428681.0,3,F1,60,,,,,
2026-02-18,2026-02-18,FO,NSE,IDO,53593,,FINNIFTY,,2026-03-30,2026-03-30,25600.0,CE,FINNIFTY26MAR25600CE,0.0,0.0,0.0,2336.3,0.0,2336.3,28463.25,3020.1,0,0,0,0.0,0,F1,60,,,,,
2026-02-18,2026-02-18,FO,NSE,IDO,53646,,FINNIFTY,,2026-03-30,2026-03-30,26900.0,CE,FINNIFTY26MAR26900CE,0.0,0.0,0.0,1383.8,0.0,1383.8,28463.25,1775.8,0,0,0,0.0,0,F1,60,,,,,
2026-02-18,2026-02-18,FO,NSE,IDO,53650,,FINNIFTY,,2026-03-30,2026-03-30,27100.0,CE,FINNIFTY26MAR27100CE,0.0,0.0,0.0,1260.85,0.0,1260.85,28463.25,1597.9,0,0,0,0.0,0,F1,60,,,,,
2026-02-18,2026-02-18,FO,NSE,IDO,53658,,FINNIFTY,,2026-03-30,2026-03-30,27500.0,CE,FINNIFTY26MAR27500CE,0.0,0.0,0.0,1035.65,0.0,1035.65,28463.25,1262.3,0,0,0,0.0,0,F1,60,,,,,
2026-02-18,2026-02-18,FO,NSE,IDO,53692,,FINNIFTY,,2026-03-30,2026-03-30,29200.0,CE,FINNIFTY26MAR29200CE,0.0,0.0,0.0,380.3,0.0,380.3,28463.25,293.7,0,0,0,0.0,0,F1,60,,,,,
2026-02-18,2026-02-18,FO,NSE,IDO,53700,,FINNIFTY,,2026-03-30,2026-03-30,29600.0,CE,FINNIFTY26MAR29600CE,0.0,0.0,0.0,289.1,0.0,289.1,28463.25,183.8,0,0,0,0.0,0,F1,60,,,,,
2026-02-18,2026-02-18,FO,NSE,IDO,70050,,FINNIFTY,,2026-04-28,2026-04-28,26600.0,CE,FINNIFTY26APR26600CE,0.0,0.0,0.0,1355.65,0.0,1355.65,28463.25,2214.85,0,0,0,0.0,0,F1,60,,,,,
2026-02-18,2026-02-18,FO,NSE,IDO,70072,,FINNIFTY,,2026-04-28,2026-04-28,27200.0,CE,FINNIFTY26APR27200CE,0.0,0.0,0.0,1007.9,0.0,1007.9,28463.25,1705.45,0,0,0,0.0,0,F1,60,,,,,
2026-02-18,2026-02-18,FO,NSE,IDO,70179,,FINNIFTY,,2026-04-28,2026-04-28,28400.0,CE,FINNIFTY26APR28400CE,0.0,0.0,0.0,502.1,0.0,502.1,28463.25,875.05,0,0,0,0.0,0,F1,60,,,,,
2026-02-18,2026-02-18,FO,NSE,IDO,70194,,FINNIFTY,,2026-04-28,2026-04-28,28700.0,CE,FINNIFTY26APR28700CE,0.0,0.0,0.0,412.55,0.0,412.55,28463.25,715.8,0,0,0,0.0,0,F1,60,,,,,
2026-02-18,2026-02-18,FO,NSE,IDO,70251,,FINNIFTY,,2026-04-28,2026-04-28,29100.0,CE,FINNIFTY26APR29100CE,0.0,0.0,0.0,313.45,0.0,313.45,28463.25,535.15,0,0,0,0.0,0,F1,60,,,,,
2026-02-18,2026-02-18,FO,NSE,IDO,70267,,FINNIFTY,,2026-04-28,2026-04-28,29900.0,CE,FINNIFTY26APR29900CE,0.0,0.0,0.0,172.25,0.0,172.25,28463.25,275.6,0,0,0,0.0,0,F1,60,,,,,
2026-02-18,2026-02-18,FO,NSE,IDO,61847,,FINNIFTY,,2026-02-24,2026-02-24,24900.0,PE,FINNIFTY26FEB24900PE,4.75,4.75,3.0,4.45,4.3,4.75,28463.25,4.45,1860,-1740,67,100114143.0,29,F1,60,,,,,
2026-02-18,2026-02-18,FO,NSE,IDO,69111,,FINNIFTY,,2026-02-24,2026-02-24,26450.0,PE,FINNIFTY26FEB26450PE,8.05,9.6,6.2,6.6,6.6,11.2,28463.25,6.6,8280,3720,370,587352789.0,248,F1,60,,,,,
2026-02-18,2026-02-18,FO,NSE,IDO,61931,,FINNIFTY,,2026-02-24,2026-02-24,27100.0,PE,FINNIFTY26FEB27100PE,20.8,20.8,12.6,14.0,14.55,19.55,28463.25,14.0,42000,8400,1403,2282498643.0,959,F1,60,,,,,
2026-02-18,2026-02-18,FO,NSE,IDO,61935,,FINNIFTY,,2026-02-24,2026-02-24,27200.0,PE,FINNIFTY26FEB27200PE,21.6,21.6,12.85,15.0,15.35,22.3,28463.25,15.0,78060,31920,2303,3760614288.0,1695,F1,60,,,,,
2026-02-18,2026-02-18,FO,NSE,IDO,69266,,FINNIFTY,,2026-02-24,2026-02-24,27250.0,PE,FINNIFTY26FEB27250PE,15.55,18.85,14.6,16.1,16.2,23.7,28463.25,16.1,5160,2580,278,454806714.0,234,F1,60,,,,,
2026-02-18,2026-02-18,FO,NSE,IDO,61941,,FINNIFTY,,2026-02-24,2026-02-24,27500.0,PE,FINNIFTY26FEB27500PE,32.0,32.0,20.2,22.25,20.2,35.3,28463.25,22.25,63840,-5460,3383,5586579918.0,2375,F1,60,,,,,
2026-02-18,2026-02-18,FO,NSE,IDO,62031,,FINNIFTY,,2026-02-24,2026-02-24,27900.0,PE,FINNIFTY26FEB27900PE,66.8,66.8,41.4,45.25,43.4,82.1,28463.25,45.25,43140,11400,2688,4507904055.0,2175,F1,60,,,,,
2026-02-18,2026-02-18,FO,NSE,IDO,62037,,FINNIFTY,,2026-02-24,2026-02-24,28100.0,PE,FINNIFTY26FEB28100PE,132.65,132.65,65.7,70.85,68.15,132.75,28463.25,70.85,78480,50400,17723,29975096802.0,12214,F1,60,,,,,
2026-02-18,2026-02-18,FO,NSE,IDO,69339,,FINNIFTY,,2026-02-24,2026-02-24,28150.0,PE,FINNIFTY26FEB28150PE,117.05,125.0,76.1,80.5,79.25,149.35,28463.25,80.5,12540,240,3195,5414807484.0,2354,F1,60,,,,,
2026-02-18,2026-02-18,FO,NSE,IDO,62049,,FINNIFTY,,2026-02-24,2026-02-24,28200.0,PE,FINNIFTY26FEB28200PE,146.9,148.0,86.95,90.4,90.0,169.2,28463.25,90.4,33360,-21660,6076,10320825732.0,5006,F1,60,,,,,
2026-02-18,2026-02-18,FO,NSE,IDO,62065,,FINNIFTY,,2026-02-24,2026-02-24,28700.0,PE,FINNIFTY26FEB28700PE,0.0,0.0,0.0,1431.85,0.0,1431.85,28463.25,325.65,0,0,0,0.0,0,F1,60,,,,,
2026-02-18,2026-02-18,FO,NSE,IDO,62121,,FINNIFTY,,2026-02-24,2026-02-24,28900.0,PE,FINNIFTY26FEB28900PE,0.0,0.0,0.0,1564.35,0.0,1564.35,28463.25,471.6,0,0,0,0.0,0,F1,60,,,,,
2026-02-18,2026-02-18,FO,NSE,IDO,62173,,FINNIFTY,,2026-02-24,2026-02-24,29000.0,PE,FINNIFTY26FEB29000PE,0.0,0.0,0.0,772.0,772.0,772.0,28463.25,553.35,540,0,0,0.0,0,F1,60,,,,,
2026-02-18,2026-02-18,FO,NSE,IDO,69359,,FINNIFTY,,2026-02-24,2026-02-24,29150.0,PE,FINNIFTY26FEB29150PE,0.0,0.0,0.0,1989.95,0.0,1989.95,28463.25,684.4,0,0,0,0.0,0,F1,60,,,,,
2026-02-18,2026-02-18,FO,NSE,IDO,53663,,FINNIFTY,,2026-03-30,2026-03-30,27700.0,PE,FINNIFTY26MAR27700PE,235.0,238.5,235.0,238.5,238.5,237.2,28463.25,177.3,1260,120,2,3352410.0,2,F1,60,,,,,
2026-02-18,2026-02-18,FO,NSE,IDO,53667,,FINNIFTY,,2026-03-30,2026-03-30,27900.0,PE,FINNIFTY26MAR27900PE,0.0,0.0,0.0,942.4,0.0,942.4,28463.25,230.5,0,0,0,0.0,0,F1,60,,,,,
2026-02-18,2026-02-18,FO,NSE,IDO,53675,,FINNIFTY,,2026-03-30,2026-03-30,28300.0,PE,FINNIFTY26MAR28300PE,0.0,0.0,0.0,1166.8,0.0,1166.8,28463.25,369.6,0,0,0,0.0,0,F1,60,,,,,
2026-02-18,2026-02-18,FO,NSE,IDO,53712,,FINNIFTY,,2026-03-30,2026-03-30,29700.0,PE,FINNIFTY26MAR29700PE,0.0,0.0,0.0,2146.7,0.0,2146.7,28463.25,1220.4,0,0,0,0.0,0,F1,60,,,,,
2026-02-18,2026-02-18,FO,NSE,IDO,53718,,FINNIFTY,,2026-03-30,2026-03-30,29900.0,PE,FINNIFTY26MAR29900PE,0.0,0.0,0.0,2307.35,0.0,2307.35,28463.25,1382.0,0,0,0,0.0,0,F1,60,,,,,
2026-02-18,2026-02-18,FO,NSE,IDO,53724,,FINNIFTY,,2026-03-30,2026-03-30,30100.0,PE,FINNIFTY26MAR30100PE,0.0,0.0,0.0,2472.15,0.0,2472.15,28463.25,1550.9,0,0,0,0.0,0,F1,60,,,,,
2026-02-18,2026-02-18,FO,NSE,IDO,70048,,FINNIFTY,,2026-04-28,2026-04-28,26500.0,PE,FINNIFTY26APR26500PE,0.0,0.0,0.0,455.9,0.0,455.9,28463.25,66.8,0,0,0,0.0,0,F1,60,,,,,
2026-02-18,2026-02-18,FO,NSE,IDO,70241,,FINNIFTY,,2026-04-28,2026-04-28,29000.0,PE,FINNIFTY26APR29000PE,0.0,0.0,0.0,1835.15,0.0,1835.15,28463.25,813.75,0,0,0,0.0,0,F1,60,,,,,
2026-02-18,2026-02-18,FO,NSE,IDO,69130,,FINNIFTY,,2026-02-24,2026-02-24,26650.0,CE,FINNIFTY26FEB26650CE,0.0,0.0,0.0,1601.95,1601.95,1601.95,28463.25,1837.35,900,0,0,0.0,0,F1,60,,,,,
2026-02-18,2026-02-18,FO,NSE,IDO,68956,,FINNIFTY,,2026-02-24,2026-02-24,25350.0,CE,FINNIFTY26FEB25350CE,0.0,0.0,0.0,1853.85,0.0,1853.85,28463.25,3136.15,0,0,0,0.0,0,F1,60,,,,,
2026-02-18,2026-02-18,FO,NSE,IDO,69271,,FINNIFTY,,2026-02-24,2026-02-24,27550.0,CE,FINNIFTY26FEB27550CE,800.25,817.8,795.65,817.8,817.8,726.95,28463.25,943.95,2580,-180,9,15310434.0,8,F1,60,,,,,
2026-02-18,2026-02-18,FO,NSE,IDO,61908,,FINNIFTY,,2026-02-24,2026-02-24,26100.0,CE,FINNIFTY26FEB26100CE,0.0,0.0,0.0,1995.0,0.0,1995.0,28463.25,2386.85,0,0,0,0.0,0,F1,60,,,,,
2026-02-18,2026-02-18,FO,NSE,IDO,68997,,FINNIFTY,,2026-02-24,2026-02-24,26050.0,CE,FINNIFTY26FEB26050CE,0.0,0.0,0.0,1235.1,0.0,1235.1,28463.25,2436.8,0,0,0,0.0,0,F1,60,,,,,
2026-02-18,2026-02-18,FO,NSE,IDO,68995,,FINNIFTY,,2026-02-24,2026-02-24,25950.0,CE,FINNIFTY26FEB25950CE,0.0,0.0,0.0,1318.25,0.0,1318.25,28463.25,2536.7,0,0,0,0.0,0,F1,60,,,,,
2026-02-18,2026-02-18,FO,NSE,IDO,68990,,FINNIFTY,,2026-02-24,2026-02-24,25850.0,CE,FINNIFTY26FEB25850CE,0.0,0.0,0.0,1403.4,0.0,1403.4,28463.25,2636.6,0,0,0,0.0,0,F1,60,,,,,
2026-02-18,2026-02-18,FO,NSE,IDO,53691,,FINNIFTY,,2026-03-30,2026-03-30,29100.0,PE,FINNIFTY26MAR29100PE,0.0,0.0,0.0,1692.75,0.0,1692.75,28463.25,789.45,0,0,0,0.0,0,F1,60,,,,,
2026-02-18,2026-02-18,FO,NSE,IDO,53685,,FINNIFTY,,2026-03-30,2026-03-30,28800.0,PE,FINNIFTY26MAR28800PE,590.0,590.0,590.0,590.0,590.0,1484.1,28463.25,609.8,60,60,1,1763400.0,1,F1,60,,,,,
2026-02-18,2026-02-18,FO,NSE,IDO,53653,,FINNIFTY,,2026-03-30,2026-03-30,27200.0,PE,FINNIFTY26MAR27200PE,0.0,0.0,0.0,616.4,0.0,616.4,28463.25,84.55,0,0,0,0.0,0,F1,60,,,,,
2026-02-18,2026-02-18,FO,NSE,IDO,53639,,FINNIFTY,,2026-03-30,2026-03-30,26500.0,PE,FINNIFTY26MAR26500PE,0.0,0.0,0.0,374.5,0.0,374.5,28463.25,23.9,0,0,0,0.0,0,F1,60,,,,,
2026-02-18,2026-02-18,FO,NSE,IDO,53581,,FINNIFTY,,2026-03-30,2026-03-30,25300.0,PE,FINNIFTY26MAR25300PE,0.0,0.0,0.0,130.5,0.0,130.5,28463.25,1.35,0,0,0,0.0,0,F1,60,,,,,
2026-02-18,2026-02-18,FO,NSE,IDO,61892,,FINNIFTY,,2026-02-24,2026-02-24,25300.0,CE,FINNIFTY26FEB25300CE,0.0,0.0,0.0,2318.05,2318.05,2318.05,28463.25,3186.1,60,0,0,0.0,0,F1,60,,,,,
2026-02-18,2026-02-18,FO,NSE,IDO,61888,,FINNIFTY,,2026-02-24,2026-02-24,25100.0,CE,FINNIFTY26FEB25100CE,0.0,0.0,0.0,2807.5,0.0,2807.5,28463.25,3385.95,0,0,0,0.0,0,F1,60,,,,,
2026-02-18,2026-02-18,FO,NSE,IDO,61844,,FINNIFTY,,2026-02-24,2026-02-24,24800.0,CE,FINNIFTY26FEB24800CE,0.0,0.0,0.0,3071.4,0.0,3071.4,28463.25,3685.65,0,0,0,0.0,0,F1,60,,,,,
2026-02-18,2026-02-18,FO,NSE,IDO,53571,,FINNIFTY,,2026-03-30,2026-03-30,24800.0,PE,FINNIFTY26MAR24800PE,0.0,0.0,0.0,77.0,0.0,77.0,28463.25,0.3,0,0,0,0.0,0,F1,60,,,,,
2026-02-18,2026-02-18,FO,NSE,IDO,62197,,FINNIFTY,,2026-02-24,2026-02-24,29800.0,PE,FINNIFTY26FEB29800PE,0.0,0.0,0.0,2227.3,0.0,2227.3,28463.25,1310.8,0,0,0,0.0,0,F1,60,,,,,
2026-02-18,2026-02-18,FO,NSE,IDO,69363,,FINNIFTY,,2026-02-24,2026-02-24,29350.0,PE,FINNIFTY26FEB29350PE,0.0,0.0,0.0,2179.4,0.0,2179.4,28463.25,870.35,0,0,0,0.0,0,F1,60,,,,,
2026-02-18,2026-02-18,FO,NSE,IDO,69361,,FINNIFTY,,2026-02-24,2026-02-24,29250.0,PE,FINNIFTY26FEB29250PE,0.0,0.0,0.0,1020.35,1020.35,1020.35,28463.25,776.1,240,0,0,0.0,0,F1,60,,,,,
2026-02-18,2026-02-18,FO,NSE,IDO,61927,,FINNIFTY,,2026-02-24,2026-02-24,26900.0,PE,FINNIFTY26FEB26900PE,13.45,14.25,10.3,11.4,12.4,16.85,28463.25,11.4,25020,16320,1154,1863378945.0,732,F1,60,,,,,
2026-02-18,2026-02-18,FO,NSE,IDO,61839,,FINNIFTY,,2026-02-24,2026-02-24,24500.0,PE,FINNIFTY26FEB24500PE,3.5,4.15,2.05,3.6,4.15,3.5,28463.25,3.6,7740,2640,90,132316656.0,65,F1,60,,,,,
2026-02-18,2026-02-18,FO,NSE,IDO,70273,,FINNIFTY,,2026-04-28,2026-04-28,30200.0,CE,FINNIFTY26APR30200CE,0.0,0.0,0.0,135.35,0.0,135.35,28463.25,208.8,0,0,0,0.0,0,F1,60,,,,,
2026-02-18,2026-02-18,FO,NSE,IDO,70257,,FINNIFTY,,2026-04-28,2026-04-28,29400.0,CE,FINNIFTY26APR29400CE,0.0,0.0,0.0,252.3,0.0,252.3,28463.25,422.7,0,0,0,0.0,0,F1,60,,,,,
2026-02-18,2026-02-18,FO,NSE,IDO,70067,,FINNIFTY,,2026-04-28,2026-04-28,27100.0,CE,FINNIFTY26APR27100CE,0.0,0.0,0.0,1061.4,0.0,1061.4,28463.25,1786.8,0,0,0,0.0,0,F1,60,,,,,
2026-02-18,2026-02-18,FO,NSE,IDO,69912,,FINNIFTY,,2026-04-28,2026-04-28,26400.0,CE,FINNIFTY26APR26400CE,0.0,0.0,0.0,1485.5,0.0,1485.5,28463.25,2394.45,0,0,0,0.0,0,F1,60,,,,,
2026-02-18,2026-02-18,FO,NSE,IDO,69750,,FINNIFTY,,2026-04-28,2026-04-28,24900.0,CE,FINNIFTY26APR24900CE,0.0,0.0,0.0,2650.05,0.0,2650.05,28463.25,3825.35,0,0,0,0.0,0,F1,60,,,,,
2026-02-18,2026-02-18,FO,NSE,STO,119526,,HINDZINC,,2026-04-28,2026-04-28,710.0,CE,HINDZINC26APR710CE,0.0,0.0,0.0,78.8,0.0,78.8,585.25,9.95,0,0,0,0.0,0,F1,1225,,,,,
2026-02-18,2026-02-18,FO,NSE,STO,119508,,HINDZINC,,2026-04-28,2026-04-28,620.0,CE,HINDZINC26APR620CE,0.0,0.0,0.0,135.35,0.0,135.35,585.25,31.25,0,0,0,0.0,0,F1,1225,,,,,
2026-02-18,2026-02-18,FO,NSE,STO,119491,,HINDZINC,,2026-04-28,2026-04-28,610.0,CE,HINDZINC26APR610CE,0.0,0.0,0.0,142.8,0.0,142.8,585.25,35.0,0,0,0,0.0,0,F1,1225,,,,,
2026-02-18,2026-02-18,FO,NSE,STO,119410,,HINDZINC,,2026-04-28,2026-04-28,570.0,CE,HINDZINC26APR570CE,0.0,0.0,0.0,174.8,0.0,174.8,585.25,53.6,0,0,0,0.0,0,F1,1225,,,,,
2026-02-18,2026-02-18,FO,NSE,STO,119204,,HINDZINC,,2026-03-30,2026-03-30,725.0,CE,HINDZINC26MAR725CE,0.0,0.0,0.0,3.65,3.65,3.65,585.25,2.75,8575,0,0,0.0,0,F1,1225,,,,,
2026-02-18,2026-02-18,FO,NSE,STO,119200,,HINDZINC,,2026-03-30,2026-03-30,715.0,CE,HINDZINC26MAR715CE,0.0,0.0,0.0,10.0,10.0,10.0,585.25,3.45,3675,0,0,0.0,0,F1,1225,,,,,
2026-02-18,2026-02-18,FO,NSE,STO,119156,,HINDZINC,,2026-03-30,2026-03-30,675.0,CE,HINDZINC26MAR675CE,0.0,0.0,0.0,86.45,0.0,86.45,585.25,7.7,0,0,0,0.0,0,F1,1225,,,,,
2026-02-18,2026-02-18,FO,NSE,STO,107922,,HINDZINC,,2026-03-30,2026-03-30,670.0,CE,HINDZINC26MAR670CE,6.5,7.95,5.05,5.2,5.2,6.95,585.25,5.2,134750,24500,58,48012160.0,50,F1,1225,,,,,
2026-02-18,2026-02-18,FO,NSE,STO,107856,,HINDZINC,,2026-03-30,2026-03-30,540.0,CE,HINDZINC26MAR540CE,60.25,60.85,59.7,59.7,59.7,57.5,585.25,61.4,13475,9800,8,5882940.0,7,F1,1225,,,,,
2026-02-18,2026-02-18,FO,NSE,STO,107832,,HINDZINC,,2026-03-30,2026-03-30,510.0,CE,HINDZINC26MAR510CE,0.0,0.0,0.0,132.45,0.0,132.45,585.25,84.4,0,0,0,0.0,0,F1,1225,,,,,
2026-02-18,2026-02-18,FO,NSE,STO,107568,,HINDZINC,,2026-02-24,2026-02-24,615.0,CE,HINDZINC26FEB615CE,3.6,4.15,2.1,2.75,2.75,3.45,585.25,2.75,455700,23275,826,625395207.5,609,F1,1225,,,,,
2026-02-18,2026-02-18,FO,NSE,STO,119529,,HINDZINC,,2026-04-28,2026-04-28,720.0,PE,HINDZINC26APR720PE,0.0,0.0,0.0,55.5,0.0,55.5,585.25,135.95,0,0,0,0.0,0,F1,1225,,,,,
2026-02-18,2026-02-18,FO,NSE,STO,119523,,HINDZINC,,2026-04-28,2026-04-28,690.0,PE,HINDZINC26APR690PE,0.0,0.0,0.0,41.85,0.0,41.85,585.25,110.7,0,0,0,0.0,0,F1,1225,,,,,
2026-02-18,2026-02-18,FO,NSE,STO,119515,,HINDZINC,,2026-04-28,2026-04-28,650.0,PE,HINDZINC26APR650PE,0.0,0.0,0.0,27.15,0.0,27.15,585.25,79.9,0,0,0,0.0,0,F1,1225,,,,,
2026-02-18,2026-02-18,FO,NSE,STO,119403,,HINDZINC,,2026-04-28,2026-04-28,520.0,PE,HINDZINC26APR520PE,0.0,0.0,0.0,3.5,0.0,3.5,585.25,14.45,0,0,0,0.0,0,F1,1225,,,,,
2026-02-18,2026-02-18,FO,NSE,STO,119207,,HINDZINC,,2026-03-30,2026-03-30,735.0,PE,HINDZINC26MAR735PE,0.0,0.0,0.0,53.75,0.0,53.75,585.25,147.55,0,0,0,0.0,0,F1,1225,,,,,
2026-02-18,2026-02-18,FO,NSE,STO,119183,,HINDZINC,,2026-03-30,2026-03-30,685.0,PE,HINDZINC26MAR685PE,0.0,0.0,0.0,30.9,0.0,30.9,585.25,101.95,0,0,0,0.0,0,F1,1225,,,,,
2026-02-18,2026-02-18,FO,NSE,STO,107923,,HINDZINC,,2026-03-30,2026-03-30,670.0,PE,HINDZINC26MAR670PE,87.25,87.25,83.5,86.0,86.0,92.65,585.25,89.15,308700,2450,4,3701950.0,4,F1,1225,,,,,
2026-02-18,2026-02-18,FO,NSE,STO,36306,,HINDZINC,,2026-03-30,2026-03-30,555.0,PE,HINDZINC26MAR555PE,0.0,0.0,0.0,41.4,41.4,41.4,585.25,17.75,2450,0,0,0.0,0,F1,1225,,,,,
2026-02-18,2026-02-18,FO,NSE,STO,36304,,HINDZINC,,2026-03-30,2026-03-30,545.0,PE,HINDZINC26MAR545PE,12.3,12.8,12.25,12.8,12.8,3.5,585.25,14.4,0,0,16,10926755.0,12,F1,1225,,,,,
2026-02-18,2026-02-18,FO,NSE,STO,107844,,HINDZINC,,2026-03-30,2026-03-30,530.0,PE,HINDZINC26MAR530PE,10.45,10.45,8.7,9.2,9.2,11.4,585.25,9.2,57575,22050,51,33703486.25,46,F1,1225,,,,,
2026-02-18,2026-02-18,FO,NSE,STO,40319,,HINDZINC,,2026-03-30,2026-03-30,485.0,PE,HINDZINC26MAR485PE,0.0,0.0,0.0,4.5,4.5,4.5,585.25,2.85,8575,0,0,0.0,0,F1,1225,,,,,
2026-02-18,2026-02-18,FO,NSE,STO,107660,,HINDZINC,,2026-02-24,2026-02-24,725.0,PE,HINDZINC26FEB725PE,137.1,139.95,136.8,137.85,137.85,113.05,585.25,139.1,271950,-6125,5,5285140.0,5,F1,1225,,,,,
2026-02-18,2026-02-18,FO,NSE,STO,107654,,HINDZINC,,2026-02-24,2026-02-24,715.0,PE,HINDZINC26FEB715PE,127.25,132.0,127.25,128.85,128.85,134.7,585.25,129.1,573300,-12250,19,19655615.0,17,F1,1225,,,,,
2026-02-18,2026-02-18,FO,NSE,STO,107643,,HINDZINC,,2026-02-24,2026-02-24,705.0,PE,HINDZINC26FEB705PE,117.55,121.8,117.55,121.8,121.8,124.25,585.25,119.1,410375,-4900,5,5052022.5,5,F1,1225,,,,,
2026-02-18,2026-02-18,FO,NSE,STO,107561,,HINDZINC,,2026-02-24,2026-02-24,585.0,PE,HINDZINC26FEB585PE,17.0,17.0,9.65,10.75,10.7,15.25,585.25,10.75,366275,-23275,1876,1370866262.5,1515,F1,1225,,,,,
2026-02-18,2026-02-18,FO,NSE,STO,107543,,HINDZINC,,2026-02-24,2026-02-24,525.0,PE,HINDZINC26FEB525PE,1.0,1.0,0.6,0.7,0.65,1.65,585.25,0.7,99225,7350,59,37998703.75,42,F1,1225,,,,,
2026-02-18,2026-02-18,FO,NSE,STO,119570,,HINDZINC,,2026-04-28,2026-04-28,760.0,CE,HINDZINC26APR760CE,0.0,0.0,0.0,55.95,0.0,55.95,585.25,4.85,0,0,0,0.0,0,F1,1225,,,,,
2026-02-18,2026-02-18,FO,NSE,STO,119544,,HINDZINC,,2026-04-28,2026-04-28,750.0,CE,HINDZINC26APR750CE,0.0,0.0,0.0,60.05,0.0,60.05,585.25,5.65,0,0,0,0.0,0,F1,1225,,,,,
2026-02-18,2026-02-18,FO,NSE,STO,119522,,HINDZINC,,2026-04-28,2026-04-28,690.0,CE,HINDZINC26APR690CE,0.0,0.0,0.0,89.6,0.0,89.6,585.25,13.05,0,0,0,0.0,0,F1,1225,,,,,
2026-02-18,2026-02-18,FO,NSE,STO,119412,,HINDZINC,,2026-04-28,2026-04-28,580.0,CE,HINDZINC26APR580CE,0.0,0.0,0.0,166.5,0.0,166.5,585.25,48.4,0,0,0,0.0,0,F1,1225,,,,,
2026-02-18,2026-02-18,FO,NSE,STO,119404,,HINDZINC,,2026-04-28,2026-04-28,540.0,CE,HINDZINC26APR540CE,0.0,0.0,0.0,200.65,0.0,200.65,585.25,71.4,0,0,0,0.0,0,F1,1225,,,,,
2026-02-18,2026-02-18,FO,NSE,STO,40344,,HINDZINC,,2026-04-28,2026-04-28,490.0,CE,HINDZINC26APR490CE,0.0,0.0,0.0,154.25,0.0,154.25,585.25,108.15,0,0,0,0.0,0,F1,1225,,,,,
2026-02-18,2026-02-18,FO,NSE,STO,107965,,HINDZINC,,2026-03-30,2026-03-30,780.0,CE,HINDZINC26MAR780CE,1.5,1.75,1.5,1.6,1.6,1.6,585.25,0.8,69825,2450,6,5744576.25,5,F1,1225,,,,,
2026-02-18,2026-02-18,FO,NSE,STO,107940,,HINDZINC,,2026-03-30,2026-03-30,740.0,CE,HINDZINC26MAR740CE,2.5,2.5,2.1,2.1,2.1,2.85,585.25,2.1,25725,0,5,4546587.5,5,F1,1225,,,,,
2026-02-18,2026-02-18,FO,NSE,STO,107935,,HINDZINC,,2026-03-30,2026-03-30,720.0,CE,HINDZINC26MAR720CE,3.4,3.4,2.6,2.6,2.6,3.4,585.25,2.6,116375,7350,34,30110255.0,31,F1,1225,,,,,
2026-02-18,2026-02-18,FO,NSE,STO,119125,,HINDZINC,,2026-03-30,2026-03-30,575.0,CE,HINDZINC26MAR575CE,36.3,36.3,35.05,35.05,35.05,36.3,585.25,39.65,15925,8575,7,5238590.0,7,F1,1225,,,,,
2026-02-18,2026-02-18,FO,NSE,STO,40324,,HINDZINC,,2026-03-30,2026-03-30,505.0,CE,HINDZINC26MAR505CE,0.0,0.0,0.0,134.65,0.0,134.65,585.25,88.55,0,0,0,0.0,0,F1,1225,,,,,
2026-02-18,2026-02-18,FO,NSE,STO,39481,,HINDZINC,,2026-02-24,2026-02-24,795.0,CE,HINDZINC26FEB795CE,0.3,0.4,0.15,0.2,0.15,0.6,585.25,0.2,126175,22050,46,44813256.25,26,F1,1225,,,,,
2026-02-18,2026-02-18,FO,NSE,STO,107546,,HINDZINC,,2026-02-24,2026-02-24,545.0,CE,HINDZINC26FEB545CE,40.4,45.55,39.0,41.6,41.6,86.35,585.25,42.05,12250,-1225,10,7183522.5,10,F1,1225,,,,,
2026-02-18,2026-02-18,FO,NSE,STO,119511,,HINDZINC,,2026-04-28,2026-04-28,630.0,PE,HINDZINC26APR630PE,0.0,0.0,0.0,21.25,0.0,21.25,585.25,66.05,0,0,0,0.0,0,F1,1225,,,,,
2026-02-18,2026-02-18,FO,NSE,STO,40345,,HINDZINC,,2026-04-28,2026-04-28,490.0,PE,HINDZINC26APR490PE,0.0,0.0,0.0,8.45,0.0,8.45,585.25,7.85,0,0,0,0.0,0,F1,1225,,,,,
2026-02-18,2026-02-18,FO,NSE,STO,107970,,HINDZINC,,2026-03-30,2026-03-30,800.0,PE,HINDZINC26MAR800PE,207.55,207.55,207.55,207.55,207.55,218.5,585.25,210.45,8575,1225,1,1234248.75,1,F1,1225,,,,,
2026-02-18,2026-02-18,FO,NSE,STO,107966,,HINDZINC,,2026-03-30,2026-03-30,780.0,PE,HINDZINC26MAR780PE,0.0,0.0,0.0,209.6,209.6,209.6,585.25,190.85,2450,0,0,0.0,0,F1,1225,,,,,
2026-02-18,2026-02-18,FO,NSE,STO,119205,,HINDZINC,,2026-03-30,2026-03-30,725.0,PE,HINDZINC26MAR725PE,0.0,0.0,0.0,48.6,0.0,48.6,585.25,138.15,0,0,0,0.0,0,F1,1225,,,,,
2026-02-18,2026-02-18,FO,NSE,STO,107934,,HINDZINC,,2026-03-30,2026-03-30,710.0,PE,HINDZINC26MAR710PE,0.0,0.0,0.0,101.1,0.0,101.1,585.25,124.3,0,0,0,0.0,0,F1,1225,,,,,
2026-02-18,2026-02-18,FO,NSE,STO,107921,,HINDZINC,,2026-03-30,2026-03-30,660.0,PE,HINDZINC26MAR660PE,77.0,77.65,77.0,77.65,77.65,84.0,585.25,80.95,25725,2450,2,1806446.25,2,F1,1225,,,,,
2026-02-18,2026-02-18,FO,NSE,STO,107864,,HINDZINC,,2026-03-30,2026-03-30,560.0,PE,HINDZINC26MAR560PE,17.0,18.0,16.0,16.6,16.5,19.7,585.25,16.6,94325,12250,47,33208953.75,44,F1,1225,,,,,
2026-02-18,2026-02-18,FO,NSE,STO,40325,,HINDZINC,,2026-03-30,2026-03-30,505.0,PE,HINDZINC26MAR505PE,7.05,7.05,5.65,5.65,5.65,7.05,585.25,5.25,41650,0,19,11894443.75,16,F1,1225,,,,,
2026-02-18,2026-02-18,FO,NSE,STO,107672,,HINDZINC,,2026-02-24,2026-02-24,755.0,PE,HINDZINC26FEB755PE,0.0,0.0,0.0,155.0,155.0,155.0,585.25,169.05,8575,0,0,0.0,0,F1,1225,,,,,
2026-02-18,2026-02-18,FO,NSE,STO,100562,,HINDZINC,,2026-02-24,2026-02-24,590.0,PE,HINDZINC26FEB590PE,17.35,19.0,11.9,13.25,13.05,17.95,585.25,13.25,586775,-28175,978,723577487.5,905,F1,1225,,,,,
2026-02-18,2026-02-18,FO,NSE,STO,119208,,HINDZINC,,2026-03-30,2026-03-30,745.0,CE,HINDZINC26MAR745CE,0.0,0.0,0.0,49.2,0.0,49.2,585.25,1.8,0,0,0,0.0,0,F1,1225,,,,,
2026-02-18,2026-02-18,FO,NSE,STO,119206,,HINDZINC,,2026-03-30,2026-03-30,735.0,CE,HINDZINC26MAR735CE,0.0,0.0,0.0,53.65,0.0,53.65,585.25,2.2,0,0,0,0.0,0,F1,1225,,,,,
2026-02-18,2026-02-18,FO,NSE,STO,119187,,HINDZINC,,2026-03-30,2026-03-30,695.0,CE,HINDZINC26MAR695CE,4.45,4.65,3.9,3.9,3.9,4.5,585.25,5.2,55125,11025,9,7710762.5,9,F1,1225,,,,,
2026-02-18,2026-02-18,FO,NSE,STO,36305,,HINDZINC,,2026-03-30,2026-03-30,555.0,CE,HINDZINC26MAR555CE,0.0,0.0,0.0,163.3,0.0,163.3,585.25,51.35,0,0,0,0.0,0,F1,1225,,,,,
2026-02-18,2026-02-18,FO,NSE,STO,107840,,HINDZINC,,2026-03-30,2026-03-30,530.0,CE,HINDZINC26MAR530CE,68.5,68.5,66.6,66.6,66.6,65.2,585.25,68.65,6125,2450,2,1463997.5,2,F1,1225,,,,,
2026-02-18,2026-02-18,FO,NSE,STO,119514,,HINDZINC,,2026-04-28,2026-04-28,650.0,CE,HINDZINC26APR650CE,0.0,0.0,0.0,114.3,0.0,114.3,585.25,21.85,0,0,0,0.0,0,F1,1225,,,,,
2026-02-18,2026-02-18,FO,NSE,STO,119227,,HINDZINC,,2026-03-30,2026-03-30,755.0,PE,HINDZINC26MAR755PE,0.0,0.0,0.0,64.95,0.0,64.95,585.25,166.65,0,0,0,0.0,0,F1,1225,,,,,
2026-02-18,2026-02-18,FO,NSE,STO,119139,,HINDZINC,,2026-03-30,2026-03-30,635.0,PE,HINDZINC26MAR635PE,0.0,0.0,0.0,62.8,62.8,62.8,585.25,61.8,1225,0,0,0.0,0,F1,1225,,,,,
2026-02-18,2026-02-18,FO,NSE,STO,107880,,HINDZINC,,2026-03-30,2026-03-30,610.0,PE,HINDZINC26MAR610PE,38.5,39.2,38.5,39.0,39.0,47.0,585.25,44.9,12250,3675,7,5565052.5,7,F1,1225,,,,,
2026-02-18,2026-02-18,FO,NSE,STO,119133,,HINDZINC,,2026-03-30,2026-03-30,605.0,PE,HINDZINC26MAR605PE,36.0,36.0,36.0,36.0,36.0,9.3,585.25,41.85,1225,1225,1,785225.0,1,F1,1225,,,,,
2026-02-18,2026-02-18,FO,NSE,STO,107857,,HINDZINC,,2026-03-30,2026-03-30,540.0,PE,HINDZINC26MAR540PE,12.7,12.85,10.75,11.15,11.2,13.95,585.25,11.15,264600,44100,104,70258895.0,85,F1,1225,,,,,
2026-02-18,2026-02-18,FO,NSE,STO,100570,,HINDZINC,,2026-02-24,2026-02-24,640.0,PE,HINDZINC26FEB640PE,58.1,58.5,52.25,54.25,54.25,59.9,585.25,54.25,646800,-20825,31,26407876.25,25,F1,1225,,,,,
2026-02-18,2026-02-18,FO,NSE,STO,100568,,HINDZINC,,2026-02-24,2026-02-24,620.0,PE,HINDZINC26FEB620PE,37.4,38.3,33.05,35.95,36.2,40.3,585.25,35.95,889350,-51450,199,160110501.25,112,F1,1225,,,,,
2026-02-18,2026-02-18,FO,NSE,STO,100530,,HINDZINC,,2026-02-24,2026-02-24,550.0,PE,HINDZINC26FEB550PE,5.0,5.5,1.8,1.95,1.95,4.1,585.25,1.95,1504300,40425,1170,791843185.0,732,F1,1225,,,,,
2026-02-18,2026-02-18,FO,NSE,STO,107547,,HINDZINC,,2026-02-24,2026-02-24,545.0,PE,HINDZINC26FEB545PE,3.0,3.0,1.45,1.45,1.45,3.35,585.25,1.45,166600,-31850,81,54270072.5,78,F1,1225,,,,,
2026-02-18,2026-02-18,FO,NSE,STO,40277,,HINDZINC,,2026-02-24,2026-02-24,505.0,PE,HINDZINC26FEB505PE,0.5,0.6,0.35,0.4,0.4,0.9,585.25,0.05,30625,1225,13,8049107.5,13,F1,1225,,,,,
2026-02-18,2026-02-18,FO,NSE,STO,40273,,HINDZINC,,2026-02-24,2026-02-24,485.0,PE,HINDZINC26FEB485PE,0.0,0.0,0.0,0.85,0.85,0.85,585.25,0.05,41650,0,0,0.0,0,F1,1225,,,,,
2026-02-18,2026-02-18,FO,NSE,STO,100494,,HINDZINC,,2026-02-24,2026-02-24,460.0,PE,HINDZINC26FEB460PE,0.25,0.25,0.1,0.1,0.1,0.35,585.25,0.1,252350,-36750,77,43403955.0,50,F1,1225,,,,,
2026-02-18,2026-02-18,FO,NSE,STO,100460,,HINDZINC,,2026-02-24,2026-02-24,420.0,PE,HINDZINC26FEB420PE,0.2,0.2,0.05,0.05,0.05,0.3,585.25,0.05,346675,-82075,164,84399008.75,56,F1,1225,,,,,
2026-02-18,2026-02-18,FO,NSE,STO,119602,,HINDZINC,,2026-04-28,2026-04-28,780.0,CE,HINDZINC26APR780CE,0.0,0.0,0.0,48.4,0.0,48.4,585.25,3.6,0,0,0,0.0,0,F1,1225,,,,,
2026-02-18,2026-02-18,FO,NSE,STO,119530,,HINDZINC,,2026-04-28,2026-04-28,730.0,CE,HINDZINC26APR730CE,0.0,0.0,0.0,68.95,0.0,68.95,585.25,7.5,0,0,0,0.0,0,F1,1225,,,,,
2026-02-18,2026-02-18,FO,NSE,STO,100497,,HINDZINC,,2026-02-24,2026-02-24,480.0,CE,HINDZINC26FEB480CE,0.0,0.0,0.0,34.9,0.0,34.9,585.25,105.7,0,0,0,0.0,0,F1,1225,,,,,
2026-02-18,2026-02-18,FO,NSE,STO,40276,,HINDZINC,,2026-02-24,2026-02-24,505.0,CE,HINDZINC26FEB505CE,0.0,0.0,0.0,101.35,101.35,101.35,585.25,80.75,3675,0,0,0.0,0,F1,1225,,,,,
2026-02-18,2026-02-18,FO,NSE,STO,100512,,HINDZINC,,2026-02-24,2026-02-24,510.0,CE,HINDZINC26FEB510CE,0.0,0.0,0.0,74.5,74.5,74.5,585.25,75.75,12250,0,0,0.0,0,F1,1225,,,,,
2026-02-18,2026-02-18,FO,NSE,STO,107555,,HINDZINC,,2026-02-24,2026-02-24,575.0,CE,HINDZINC26FEB575CE,19.0,21.45,15.45,18.0,18.0,18.25,585.25,18.0,380975,-1225,330,239891137.5,326,F1,1225,,,,,
2026-02-18,2026-02-18,FO,NSE,STO,46759,,HINDZINC,,2026-02-24,2026-02-24,670.0,CE,HINDZINC26FEB670CE,0.6,0.65,0.35,0.6,0.55,0.6,585.25,0.6,1085350,25725,408,335103650.0,254,F1,1225,,,,,
2026-02-18,2026-02-18,FO,NSE,STO,46916,,HINDZINC,,2026-02-24,2026-02-24,690.0,CE,HINDZINC26FEB690CE,0.5,0.5,0.3,0.5,0.45,0.45,585.25,0.5,1118425,-73500,279,235963542.5,222,F1,1225,,,,,
2026-02-18,2026-02-18,FO,NSE,STO,107616,,HINDZINC,,2026-02-24,2026-02-24,705.0,CE,HINDZINC26FEB705CE,0.3,0.35,0.15,0.35,0.3,0.35,585.25,0.35,312375,-6125,51,44061412.5,41,F1,1225,,,,,
2026-02-18,2026-02-18,FO,NSE,STO,107644,,HINDZINC,,2026-02-24,2026-02-24,715.0,CE,HINDZINC26FEB715CE,0.35,0.4,0.15,0.25,0.3,0.35,585.25,0.25,739900,-78400,155,135818322.5,93,F1,1225,,,,,
2026-02-18,2026-02-18,FO,NSE,STO,46920,,HINDZINC,,2026-02-24,2026-02-24,720.0,CE,HINDZINC26FEB720CE,0.3,0.35,0.2,0.3,0.25,0.35,585.25,0.3,2931425,-155575,373,329100292.5,210,F1,1225,,,,,
2026-02-18,2026-02-18,FO,NSE,STO,39479,,HINDZINC,,2026-02-24,2026-02-24,785.0,CE,HINDZINC26FEB785CE,0.2,0.25,0.1,0.25,0.25,0.25,585.25,0.05,52675,-1225,7,6732783.75,5,F1,1225,,,,,
2026-02-18,2026-02-18,FO,NSE,STO,51168,,HINDZINC,,2026-02-24,2026-02-24,820.0,CE,HINDZINC26FEB820CE,0.15,0.15,0.1,0.1,0.1,0.2,585.25,0.1,939575,-254800,365,366690275.0,104,F1,1225,,,,,
2026-02-18,2026-02-18,FO,NSE,STO,41771,,HINDZINC,,2026-02-24,2026-02-24,700.0,CE,HINDZINC26FEB700CE,0.45,0.45,0.3,0.4,0.4,0.45,585.25,0.4,5697475,-580650,1513,1298070208.75,581,F1,1225,,,,,
2026-02-18,2026-02-18,FO,NSE,STO,107671,,HINDZINC,,2026-02-24,2026-02-24,755.0,CE,HINDZINC26FEB755CE,0.25,0.3,0.15,0.2,0.15,0.3,585.25,0.2,101675,-7350,15,13876922.5,11,F1,1225,,,,,
2026-02-18,2026-02-18,FO,NSE,STO,51160,,HINDZINC,,2026-02-24,2026-02-24,790.0,CE,HINDZINC26FEB790CE,0.25,0.25,0.15,0.15,0.15,0.25,585.25,0.15,323400,-13475,124,120027398.75,48,F1,1225,,,,,
2026-02-18,2026-02-18,FO,NSE,STO,107826,,HINDZINC,,2026-03-30,2026-03-30,480.0,CE,HINDZINC26MAR480CE,0.0,0.0,0.0,157.65,0.0,157.65,585.25,110.55,0,0,0,0.0,0,F1,1225,,,,,
2026-02-18,2026-02-18,FO,NSE,STO,107865,,HINDZINC,,2026-03-30,2026-03-30,570.0,CE,HINDZINC26MAR570CE,39.3,39.6,38.5,39.25,39.25,39.2,585.25,42.4,44100,11025,20,14928830.0,13,F1,1225,,,,,
2026-02-18,2026-02-18,FO,NSE,STO,107867,,HINDZINC,,2026-03-30,2026-03-30,580.0,CE,HINDZINC26MAR580CE,33.5,37.2,31.5,33.15,33.75,33.25,585.25,33.15,363825,82075,217,163150828.75,150,F1,1225,,,,,
2026-02-18,2026-02-18,FO,NSE,STO,119134,,HINDZINC,,2026-03-30,2026-03-30,615.0,CE,HINDZINC26MAR615CE,18.0,18.0,15.95,17.1,17.3,16.7,585.25,17.1,33075,7350,9,6966697.5,9,F1,1225,,,,,
2026-02-18,2026-02-18,FO,NSE,STO,107913,,HINDZINC,,2026-03-30,2026-03-30,630.0,CE,HINDZINC26MAR630CE,15.5,15.5,11.9,12.15,12.55,13.95,585.25,12.15,229075,98000,140,110301266.25,111,F1,1225,,,,,
2026-02-18,2026-02-18,FO,NSE,STO,107919,,HINDZINC,,2026-03-30,2026-03-30,660.0,CE,HINDZINC26MAR660CE,8.15,8.15,6.05,6.2,6.3,7.8,585.25,6.2,175175,79625,77,62889846.25,41,F1,1225,,,,,
2026-02-18,2026-02-18,FO,NSE,STO,39491,,HINDZINC,,2026-03-30,2026-03-30,810.0,CE,HINDZINC26MAR810CE,0.95,0.95,0.9,0.9,0.9,5.85,585.25,0.4,23275,-1225,2,1986766.25,2,F1,1225,,,,,
2026-02-18,2026-02-18,FO,NSE,STO,119532,,HINDZINC,,2026-04-28,2026-04-28,740.0,CE,HINDZINC26APR740CE,0.0,0.0,0.0,64.35,0.0,64.35,585.25,6.5,0,0,0,0.0,0,F1,1225,,,,,
2026-02-18,2026-02-18,FO,NSE,STO,107549,,HINDZINC,,2026-02-24,2026-02-24,555.0,PE,HINDZINC26FEB555PE,6.2,6.2,2.5,2.55,2.6,5.05,585.25,2.55,251125,19600,367,250919383.75,302,F1,1225,,,,,
2026-02-18,2026-02-18,FO,NSE,STO,100558,,HINDZINC,,2026-02-24,2026-02-24,570.0,PE,HINDZINC26FEB570PE,9.9,10.45,4.85,5.5,5.55,9.05,585.25,5.5,1204175,-147000,2020,1426040140.0,1702,F1,1225,,,,,
2026-02-18,2026-02-18,FO,NSE,STO,107833,,HINDZINC,,2026-03-30,2026-03-30,510.0,PE,HINDZINC26MAR510PE,6.25,6.25,6.25,6.25,6.25,7.75,585.25,6.05,62475,0,2,1264812.5,1,F1,1225,,,,,
2026-02-18,2026-02-18,FO,NSE,STO,119123,,HINDZINC,,2026-03-30,2026-03-30,565.0,PE,HINDZINC26MAR565PE,0.0,0.0,0.0,22.1,22.1,22.1,585.25,21.6,18375,0,0,0.0,0,F1,1225,,,,,
2026-02-18,2026-02-18,FO,NSE,STO,107874,,HINDZINC,,2026-03-30,2026-03-30,600.0,PE,HINDZINC26MAR600PE,37.1,37.1,32.35,32.7,33.0,37.4,585.25,32.7,870975,42875,151,117229315.0,122,F1,1225,,,,,
2026-02-18,2026-02-18,FO,NSE,STO,119143,,HINDZINC,,2026-03-30,2026-03-30,645.0,PE,HINDZINC26MAR645PE,0.0,0.0,0.0,17.95,0.0,17.95,585.25,69.2,0,0,0,0.0,0,F1,1225,,,,,
2026-02-18,2026-02-18,FO,NSE,STO,119603,,HINDZINC,,2026-04-28,2026-04-28,780.0,PE,HINDZINC26APR780PE,0.0,0.0,0.0,89.25,0.0,89.25,585.25,190.3,0,0,0,0.0,0,F1,1225,,,,,
2026-02-18,2026-02-18,FO,NSE,STO,119545,,HINDZINC,,2026-04-28,2026-04-28,750.0,PE,HINDZINC26APR750PE,0.0,0.0,0.0,71.35,0.0,71.35,585.25,162.6,0,0,0,0.0,0,F1,1225,,,,,
2026-02-18,2026-02-18,FO,NSE,STO,119527,,HINDZINC,,2026-04-28,2026-04-28,710.0,PE,HINDZINC26APR710PE,0.0,0.0,0.0,50.7,0.0,50.7,585.25,127.35,0,0,0,0.0,0,F1,1225,,,,,
2026-02-18,2026-02-18,FO,NSE,STO,107548,,HINDZINC,,2026-02-24,2026-02-24,555.0,CE,HINDZINC26FEB555CE,0.0,0.0,0.0,31.95,32.4,31.95,585.25,33.35,42875,0,0,0.0,0,F1,1225,,,,,
2026-02-18,2026-02-18,FO,NSE,STO,100523,,HINDZINC,,2026-02-24,2026-02-24,520.0,CE,HINDZINC26FEB520CE,66.0,69.5,64.2,65.0,65.0,63.8,585.25,65.85,9800,-2450,6,4310468.75,6,F1,1225,,,,,
2026-02-18,2026-02-18,FO,NSE,STO,38961,,HINDZINC,,2026-02-24,2026-02-24,630.0,CE,HINDZINC26FEB630CE,2.0,2.4,1.05,1.6,1.6,2.0,585.25,1.6,1936725,-218050,1402,1084692420.0,898,F1,1225,,,,,
2026-02-18,2026-02-18,FO,NSE,STO,119151,,HINDZINC,,2026-03-30,2026-03-30,665.0,PE,HINDZINC26MAR665PE,0.0,0.0,0.0,23.8,0.0,23.8,585.25,85.05,0,0,0,0.0,0,F1,1225,,,,,
2026-02-18,2026-02-18,FO,NSE,STO,39608,,HINDZINC,,2026-02-24,2026-02-24,650.0,PE,HINDZINC26FEB650PE,64.15,67.6,60.75,64.6,64.8,68.75,585.25,64.6,1701525,-99225,273,238960505.0,103,F1,1225,,,,,
2026-02-18,2026-02-18,FO,NSE,STO,107545,,HINDZINC,,2026-02-24,2026-02-24,535.0,PE,HINDZINC26FEB535PE,1.5,1.5,0.9,0.95,0.95,2.25,585.25,0.95,55125,-18375,52,34152693.75,50,F1,1225,,,,,
2026-02-18,2026-02-18,FO,NSE,STO,100464,,HINDZINC,,2026-02-24,2026-02-24,440.0,PE,HINDZINC26FEB440PE,0.2,0.2,0.1,0.15,0.15,0.3,585.25,0.05,210700,-49000,61,32889412.5,54,F1,1225,,,,,
2026-02-18,2026-02-18,FO,NSE,STO,119528,,HINDZINC,,2026-04-28,2026-04-28,720.0,CE,HINDZINC26APR720CE,0.0,0.0,0.0,73.75,0.0,73.75,585.25,8.65,0,0,0,0.0,0,F1,1225,,,,,
2026-02-18,2026-02-18,FO,NSE,STO,119228,,HINDZINC,,2026-03-30,2026-03-30,765.0,CE,HINDZINC26MAR765CE,0.0,0.0,0.0,41.2,0.0,41.2,585.25,1.15,0,0,0,0.0,0,F1,1225,,,,,
2026-02-18,2026-02-18,FO,NSE,STO,107915,,HINDZINC,,2026-03-30,2026-03-30,640.0,CE,HINDZINC26MAR640CE,12.6,12.9,9.35,9.65,9.85,11.35,585.25,9.65,249900,49000,168,133873573.75,128,F1,1225,,,,,
2026-02-18,2026-02-18,FO,NSE,STO,119136,,HINDZINC,,2026-03-30,2026-03-30,625.0,CE,HINDZINC26MAR625CE,17.1,17.1,13.0,13.35,13.25,14.95,585.25,13.35,25725,11025,20,15652008.75,16,F1,1225,,,,,
2026-02-18,2026-02-18,FO,NSE,STO,119127,,HINDZINC,,2026-03-30,2026-03-30,585.0,CE,HINDZINC26MAR585CE,32.5,35.15,29.55,30.65,31.2,29.7,585.25,30.65,52675,37975,51,38561897.5,44,F1,1225,,,,,
2026-02-18,2026-02-18,FO,NSE,STO,107661,,HINDZINC,,2026-02-24,2026-02-24,735.0,CE,HINDZINC26FEB735CE,0.25,0.3,0.25,0.3,0.25,0.4,585.25,0.3,621075,0,17,15311826.25,16,F1,1225,,,,,
2026-02-18,2026-02-18,FO,NSE,STO,107600,,HINDZINC,,2026-02-24,2026-02-24,645.0,CE,HINDZINC26FEB645CE,1.05,1.3,0.55,0.95,0.9,1.1,585.25,0.95,285425,-12250,133,105233747.5,113,F1,1225,,,,,
2026-02-18,2026-02-18,FO,NSE,STO,107564,,HINDZINC,,2026-02-24,2026-02-24,605.0,CE,HINDZINC26FEB605CE,5.4,6.45,3.45,4.45,4.6,5.3,585.25,4.45,736225,167825,1480,1105542532.5,1153,F1,1225,,,,,
2026-02-18,2026-02-18,FO,NSE,STO,40278,,HINDZINC,,2026-02-24,2026-02-24,515.0,CE,HINDZINC26FEB515CE,0.0,0.0,0.0,117.0,0.0,117.0,585.25,70.8,0,0,0,0.0,0,F1,1225,,,,,
2026-02-18,2026-02-18,FO,NSE,STO,100503,,HINDZINC,,2026-02-24,2026-02-24,500.0,CE,HINDZINC26FEB500CE,85.0,85.0,83.0,83.0,83.0,82.85,585.25,85.7,77175,-2450,2,1430800.0,2,F1,1225,,,,,
2026-02-18,2026-02-18,FO,NSE,STO,40323,,HINDZINC,,2026-03-30,2026-03-30,495.0,PE,HINDZINC26MAR495PE,0.0,0.0,0.0,4.9,0.0,4.9,585.25,3.9,0,0,0,0.0,0,F1,1225,,,,,
2026-02-18,2026-02-18,FO,NSE,STO,119513,,HINDZINC,,2026-04-28,2026-04-28,640.0,PE,HINDZINC26APR640PE,0.0,0.0,0.0,24.1,0.0,24.1,585.25,72.8,0,0,0,0.0,0,F1,1225,,,,,
2026-02-18,2026-02-18,FO,NSE,STO,119507,,HINDZINC,,2026-04-28,2026-04-28,610.0,PE,HINDZINC26APR610PE,0.0,0.0,0.0,16.25,0.0,16.25,585.25,53.45,0,0,0,0.0,0,F1,1225,,,,,
2026-02-18,2026-02-18,FO,NSE,STO,39492,,HINDZINC,,2026-03-30,2026-03-30,810.0,PE,HINDZINC26MAR810PE,0.0,0.0,0.0,179.05,0.0,179.05,585.25,220.25,0,0,0,0.0,0,F1,1225,,,,,
2026-02-18,2026-02-18,FO,NSE,STO,107947,,HINDZINC,,2026-03-30,2026-03-30,760.0,PE,HINDZINC26MAR760PE,0.0,0.0,0.0,139.8,0.0,139.8,585.25,171.45,0,0,0,0.0,0,F1,1225,,,,,
2026-02-18,2026-02-18,FO,NSE,STO,107941,,HINDZINC,,2026-03-30,2026-03-30,740.0,PE,HINDZINC26MAR740PE,0.0,0.0,0.0,123.8,0.0,123.8,585.25,152.3,0,0,0,0.0,0,F1,1225,,,,,
2026-02-18,2026-02-18,FO,NSE,STO,119129,,HINDZINC,,2026-03-30,2026-03-30,585.0,PE,HINDZINC26MAR585PE,25.75,27.45,25.75,27.0,27.0,30.2,585.25,30.75,30625,6125,10,7494243.75,9,F1,1225,,,,,
2026-02-18,2026-02-18,FO,NSE,STO,107831,,HINDZINC,,2026-03-30,2026-03-30,500.0,PE,HINDZINC26MAR500PE,6.6,6.8,4.65,4.85,4.9,6.35,585.25,4.85,396900,47775,151,93467377.5,116,F1,1225,,,,,
2026-02-18,2026-02-18,FO,NSE,STO,46917,,HINDZINC,,2026-02-24,2026-02-24,690.0,PE,HINDZINC26FEB690PE,105.0,105.0,104.3,104.3,104.3,95.0,585.25,104.15,384650,-2450,2,1946892.5,2,F1,1225,,,,,
2026-02-18,2026-02-18,FO,NSE,STO,107835,,HINDZINC,,2026-03-30,2026-03-30,520.0,PE,HINDZINC26MAR520PE,9.4,9.4,7.0,7.45,7.55,9.4,585.25,7.45,166600,4900,57,36855778.75,44,F1,1225,,,,,
2026-02-18,2026-02-18,FO,NSE,STO,107612,,HINDZINC,,2026-02-24,2026-02-24,695.0,CE,HINDZINC26FEB695CE,0.4,0.45,0.3,0.45,0.4,0.45,585.25,0.45,407925,40425,139,118409847.5,111,F1,1225,,,,,
2026-02-18,2026-02-18,FO,NSE,STO,107669,,HINDZINC,,2026-02-24,2026-02-24,745.0,CE,HINDZINC26FEB745CE,0.2,0.3,0.2,0.3,0.3,0.3,585.25,0.3,165375,-13475,38,34691081.25,30,F1,1225,,,,,
2026-02-18,2026-02-18,FO,NSE,STO,107675,,HINDZINC,,2026-02-24,2026-02-24,775.0,CE,HINDZINC26FEB775CE,0.15,0.2,0.15,0.2,0.2,0.25,585.25,0.05,137200,-13475,12,11394888.75,6,F1,1225,,,,,
2026-02-18,2026-02-18,FO,NSE,STO,36303,,HINDZINC,,2026-03-30,2026-03-30,545.0,CE,HINDZINC26MAR545CE,0.0,0.0,0.0,60.55,60.55,60.55,585.25,57.9,2450,0,0,0.0,0,F1,1225,,,,,
2026-02-18,2026-02-18,FO,NSE,STO,107879,,HINDZINC,,2026-03-30,2026-03-30,610.0,CE,HINDZINC26MAR610CE,20.15,21.85,18.0,18.3,18.95,20.15,585.25,18.3,63700,14700,51,39301123.75,43,F1,1225,,,,,
2026-02-18,2026-02-18,FO,NSE,STO,119601,,HINDZINC,,2026-04-28,2026-04-28,770.0,PE,HINDZINC26APR770PE,0.0,0.0,0.0,83.05,0.0,83.05,585.25,180.95,0,0,0,0.0,0,F1,1225,,,,,
2026-02-18,2026-02-18,FO,NSE,STO,119531,,HINDZINC,,2026-04-28,2026-04-28,730.0,PE,HINDZINC26APR730PE,0.0,0.0,0.0,60.55,0.0,60.55,585.25,144.7,0,0,0,0.0,0,F1,1225,,,,,
2026-02-18,2026-02-18,FO,NSE,STO,107917,,HINDZINC,,2026-03-30,2026-03-30,650.0,CE,HINDZINC26MAR650CE,9.35,10.7,7.3,7.55,7.8,9.45,585.25,7.55,1821575,562275,934,753249498.75,598,F1,1225,,,,,
2026-02-18,2026-02-18,FO,NSE,STO,119182,,HINDZINC,,2026-03-30,2026-03-30,685.0,CE,HINDZINC26MAR685CE,0.0,0.0,0.0,17.7,17.7,17.7,585.25,6.3,1225,0,0,0.0,0,F1,1225,,,,,
2026-02-18,2026-02-18,FO,NSE,STO,107929,,HINDZINC,,2026-03-30,2026-03-30,700.0,CE,HINDZINC26MAR700CE,4.5,5.0,3.4,3.5,3.5,4.45,585.25,3.5,1570450,102900,406,350181807.5,295,F1,1225,,,,,
2026-02-18,2026-02-18,FO,NSE,STO,107932,,HINDZINC,,2026-03-30,2026-03-30,710.0,CE,HINDZINC26MAR710CE,3.0,3.05,2.9,2.9,2.9,3.45,585.25,2.9,60025,6125,8,6987400.0,6,F1,1225,,,,,
2026-02-18,2026-02-18,FO,NSE,STO,107938,,HINDZINC,,2026-03-30,2026-03-30,730.0,CE,HINDZINC26MAR730CE,2.3,2.3,2.25,2.25,2.25,4.0,585.25,2.5,22050,-3675,14,12558883.75,10,F1,1225,,,,,
2026-02-18,2026-02-18,FO,NSE,STO,40346,,HINDZINC,,2026-04-28,2026-04-28,510.0,CE,HINDZINC26APR510CE,0.0,0.0,0.0,138.05,0.0,138.05,585.25,92.45,0,0,0,0.0,0,F1,1225,,,,,
2026-02-18,2026-02-18,FO,NSE,STO,100524,,HINDZINC,,2026-02-24,2026-02-24,520.0,PE,HINDZINC26FEB520PE,1.35,1.35,0.4,0.45,0.45,1.35,585.25,0.45,312375,-19600,109,69517218.75,96,F1,1225,,,,,
2026-02-18,2026-02-18,FO,NSE,STO,100526,,HINDZINC,,2026-02-24,2026-02-24,530.0,PE,HINDZINC26FEB530PE,1.2,1.25,0.7,0.75,0.75,1.85,585.25,0.75,215600,33075,224,145693170.0,183,F1,1225,,,,,
2026-02-18,2026-02-18,FO,NSE,STO,107551,,HINDZINC,,2026-02-24,2026-02-24,565.0,PE,HINDZINC26FEB565PE,7.2,7.7,3.85,4.25,4.35,7.4,585.25,4.25,191100,-17150,720,502568316.25,653,F1,1225,,,,,
2026-02-18,2026-02-18,FO,NSE,STO,100564,,HINDZINC,,2026-02-24,2026-02-24,600.0,PE,HINDZINC26FEB600PE,24.0,25.6,17.3,19.35,19.0,24.0,585.25,19.35,2535750,-67375,596,452719146.25,476,F1,1225,,,,,
2026-02-18,2026-02-18,FO,NSE,STO,100566,,HINDZINC,,2026-02-24,2026-02-24,610.0,PE,HINDZINC26FEB610PE,27.85,31.0,25.0,27.2,26.9,31.9,585.25,27.2,624750,-25725,123,96021502.5,105,F1,1225,,,,,
2026-02-18,2026-02-18,FO,NSE,STF,59351,,HINDZINC,,2026-02-24,2026-02-24,,,HINDZINC26FEBFUT,580.1,589.95,578.0,586.2,586.75,582.25,585.25,586.2,35317975,-928550,4432,3178434306.25,3731,F1,1225,,,,,
2026-02-18,2026-02-18,FO,NSE,STF,51903,,HINDZINC,,2026-03-30,2026-03-30,,,HINDZINC26MARFUT,578.25,593.6,578.25,589.95,590.6,585.75,585.25,589.95,5981675,1119650,2283,1647503480.0,1808,F1,1225,,,,,
2026-02-18,2026-02-18,FO,NSE,STO,100557,,HINDZINC,,2026-02-24,2026-02-24,570.0,CE,HINDZINC26FEB570CE,19.95,24.4,18.7,21.8,21.75,21.15,585.25,21.8,396900,100450,621,449614812.5,412,F1,1225,,,,,
2026-02-18,2026-02-18,FO,NSE,STO,100559,,HINDZINC,,2026-02-24,2026-02-24,580.0,CE,HINDZINC26FEB580CE,14.1,18.1,12.55,14.75,14.7,15.0,585.25,14.75,1233575,-183750,3066,2236231191.25,2383,F1,1225,,,,,
2026-02-18,2026-02-18,FO,NSE,STO,107599,,HINDZINC,,2026-02-24,2026-02-24,635.0,PE,HINDZINC26FEB635PE,50.2,50.2,46.55,50.0,50.0,54.85,585.25,50.2,192325,-4900,23,19279601.25,20,F1,1225,,,,,
2026-02-18,2026-02-18,FO,NSE,STO,48036,,HINDZINC,,2026-02-24,2026-02-24,730.0,PE,HINDZINC26FEB730PE,0.0,0.0,0.0,136.0,136.0,136.0,585.25,144.1,278075,0,0,0.0,0,F1,1225,,,,,
2026-02-18,2026-02-18,FO,NSE,STO,119509,,HINDZINC,,2026-04-28,2026-04-28,620.0,PE,HINDZINC26APR620PE,0.0,0.0,0.0,18.65,0.0,18.65,585.25,59.6,0,0,0,0.0,0,F1,1225,,,,,
2026-02-18,2026-02-18,FO,NSE,STO,119458,,HINDZINC,,2026-04-28,2026-04-28,580.0,PE,HINDZINC26APR580PE,0.0,0.0,0.0,10.4,0.0,10.4,585.25,37.15,0,0,0,0.0,0,F1,1225,,,,,
2026-02-18,2026-02-18,FO,NSE,STO,119401,,HINDZINC,,2026-04-28,2026-04-28,500.0,PE,HINDZINC26APR500PE,0.0,0.0,0.0,2.25,0.0,2.25,585.25,9.75,0,0,0,0.0,0,F1,1225,,,,,
2026-02-18,2026-02-18,FO,NSE,STO,39607,,HINDZINC,,2026-02-24,2026-02-24,650.0,CE,HINDZINC26FEB650CE,1.05,1.2,0.5,0.9,0.85,1.0,585.25,0.9,3231550,-384650,2060,1642234448.75,973,F1,1225,,,,,
2026-02-18,2026-02-18,FO,NSE,STO,119229,,HINDZINC,,2026-03-30,2026-03-30,765.0,PE,HINDZINC26MAR765PE,0.0,0.0,0.0,71.0,0.0,71.0,585.25,176.3,0,0,0,0.0,0,F1,1225,,,,,
2026-02-18,2026-02-18,FO,NSE,STO,107937,,HINDZINC,,2026-03-30,2026-03-30,720.0,PE,HINDZINC26MAR720PE,133.0,133.0,133.0,133.0,133.0,128.0,585.25,133.5,17150,2450,3,3134775.0,3,F1,1225,,,,,
2026-02-18,2026-02-18,FO,NSE,STO,107925,,HINDZINC,,2026-03-30,2026-03-30,680.0,PE,HINDZINC26MAR680PE,97.0,97.0,93.25,95.5,95.5,65.0,585.25,97.65,12250,-1225,14,13293393.75,10,F1,1225,,,,,
2026-02-18,2026-02-18,FO,NSE,STO,107916,,HINDZINC,,2026-03-30,2026-03-30,640.0,PE,HINDZINC26MAR640PE,62.0,62.0,59.0,60.55,60.55,67.0,585.25,65.45,25725,4900,7,6005133.75,5,F1,1225,,,,,
2026-02-18,2026-02-18,FO,NSE,STO,107914,,HINDZINC,,2026-03-30,2026-03-30,630.0,PE,HINDZINC26MAR630PE,54.0,54.0,51.65,51.65,51.65,57.0,585.25,58.2,80850,4900,8,6697871.25,8,F1,1225,,,,,
2026-02-18,2026-02-18,FO,NSE,STO,107570,,HINDZINC,,2026-02-24,2026-02-24,625.0,CE,HINDZINC26FEB625CE,2.4,2.8,1.3,1.9,1.95,2.4,585.25,1.9,558600,28175,512,393238230.0,373,F1,1225,,,,,
2026-02-18,2026-02-18,FO,NSE,STO,38011,,HINDZINC,,2026-02-24,2026-02-24,800.0,CE,HINDZINC26FEB800CE,0.25,0.25,0.1,0.15,0.15,0.25,585.25,0.15,2746450,-564725,721,706720936.25,191,F1,1225,,,,,
2026-02-18,2026-02-18,FO,NSE,STO,49145,,HINDZINC,,2026-02-24,2026-02-24,750.0,CE,HINDZINC26FEB750CE,0.25,0.3,0.2,0.25,0.2,0.3,585.25,0.25,3393250,-226625,690,634142503.75,222,F1,1225,,,,,
2026-02-18,2026-02-18,FO,NSE,STO,107610,,HINDZINC,,2026-02-24,2026-02-24,685.0,CE,HINDZINC26FEB685CE,0.45,0.5,0.3,0.5,0.5,0.45,585.25,0.5,328300,-57575,233,195624721.25,108,F1,1225,,,,,
2026-02-18,2026-02-18,FO,NSE,STO,100565,,HINDZINC,,2026-02-24,2026-02-24,610.0,CE,HINDZINC26FEB610CE,4.4,5.2,2.65,3.45,3.6,4.25,585.25,3.45,1065750,219275,2565,1928096835.0,1579,F1,1225,,,,,
2026-02-18,2026-02-18,FO,NSE,STO,107557,,HINDZINC,,2026-02-24,2026-02-24,585.0,CE,HINDZINC26FEB585CE,12.45,15.25,10.1,12.0,12.1,12.45,585.25,12.0,579425,52675,2264,1656452105.0,1926,F1,1225,,,,,
2026-02-18,2026-02-18,FO,NSE,STO,119130,,HINDZINC,,2026-03-30,2026-03-30,595.0,CE,HINDZINC26MAR595CE,27.0,28.5,24.95,24.95,24.95,26.05,585.25,29.9,34300,3675,7,5329975.0,6,F1,1225,,,,,
2026-02-18,2026-02-18,FO,NSE,STO,38962,,HINDZINC,,2026-02-24,2026-02-24,630.0,PE,HINDZINC26FEB630PE,50.5,50.5,41.75,45.3,45.6,49.25,585.25,45.3,797475,-12250,50,41362186.25,42,F1,1225,,,,,
2026-02-18,2026-02-18,FO,NSE,STO,107611,,HINDZINC,,2026-02-24,2026-02-24,685.0,PE,HINDZINC26FEB685PE,100.7,101.3,100.7,101.3,101.3,90.1,585.25,99.15,189875,0,2,1925700.0,2,F1,1225,,,,,
2026-02-18,2026-02-18,FO,NSE,STO,107615,,HINDZINC,,2026-02-24,2026-02-24,695.0,PE,HINDZINC26FEB695PE,106.15,111.55,106.05,111.55,111.55,71.7,585.25,109.15,330750,-7350,6,5911482.5,6,F1,1225,,,,,
2026-02-18,2026-02-18,FO,NSE,STO,48292,,HINDZINC,,2026-02-24,2026-02-24,780.0,PE,HINDZINC26FEB780PE,0.0,0.0,0.0,197.0,197.0,197.0,585.25,194.05,4900,0,0,0.0,0,F1,1225,,,,,
2026-02-18,2026-02-18,FO,NSE,STO,40331,,HINDZINC,,2026-03-30,2026-03-30,535.0,PE,HINDZINC26MAR535PE,0.0,0.0,0.0,10.0,10.0,10.0,585.25,11.5,1225,0,0,0.0,0,F1,1225,,,,,
2026-02-18,2026-02-18,FO,NSE,STO,119411,,HINDZINC,,2026-04-28,2026-04-28,570.0,PE,HINDZINC26APR570PE,0.0,0.0,0.0,8.85,0.0,8.85,585.25,32.45,0,0,0,0.0,0,F1,1225,,,,,
2026-02-18,2026-02-18,FO,NSE,STO,119517,,HINDZINC,,2026-04-28,2026-04-28,660.0,PE,HINDZINC26APR660PE,0.0,0.0,0.0,30.45,0.0,30.45,585.25,87.2,0,0,0,0.0,0,F1,1225,,,,,
2026-02-18,2026-02-18,FO,NSE,STO,119519,,HINDZINC,,2026-04-28,2026-04-28,670.0,PE,HINDZINC26APR670PE,0.0,0.0,0.0,34.0,0.0,34.0,585.25,94.8,0,0,0,0.0,0,F1,1225,,,,,
2026-02-18,2026-02-18,FO,NSE,STO,107571,,HINDZINC,,2026-02-24,2026-02-24,625.0,PE,HINDZINC26FEB625PE,41.7,44.75,38.2,40.35,40.35,45.1,585.25,40.35,249900,-9800,37,30197352.5,37,F1,1225,,,,,
2026-02-18,2026-02-18,FO,NSE,STO,100528,,HINDZINC,,2026-02-24,2026-02-24,540.0,PE,HINDZINC26FEB540PE,2.85,3.2,1.05,1.15,1.15,2.75,585.25,1.15,845250,-116375,629,417359521.25,491,F1,1225,,,,,
2026-02-18,2026-02-18,FO,NSE,STO,100513,,HINDZINC,,2026-02-24,2026-02-24,510.0,PE,HINDZINC26FEB510PE,1.05,1.05,0.35,0.4,0.35,1.05,585.25,0.4,209475,24500,84,52531491.25,59,F1,1225,,,,,
2026-02-18,2026-02-18,FO,NSE,STO,119524,,HINDZINC,,2026-04-28,2026-04-28,700.0,CE,HINDZINC26APR700CE,10.5,10.5,7.6,8.7,8.7,8.5,585.25,8.7,23275,8575,12,10413970.0,11,F1,1225,,,,,
2026-02-18,2026-02-18,FO,NSE,STO,119148,,HINDZINC,,2026-03-30,2026-03-30,665.0,CE,HINDZINC26MAR665CE,0.0,0.0,0.0,7.75,7.75,7.75,585.25,9.3,13475,0,0,0.0,0,F1,1225,,,,,
2026-02-18,2026-02-18,FO,NSE,STO,119138,,HINDZINC,,2026-03-30,2026-03-30,635.0,CE,HINDZINC26MAR635CE,0.0,0.0,0.0,11.55,11.55,11.55,585.25,15.85,12250,0,0,0.0,0,F1,1225,,,,,
2026-02-18,2026-02-18,FO,NSE,STO,107830,,HINDZINC,,2026-03-30,2026-03-30,500.0,CE,HINDZINC26MAR500CE,93.0,93.0,93.0,93.0,93.0,92.5,585.25,92.8,7350,1225,1,726425.0,1,F1,1225,,,,,
2026-02-18,2026-02-18,FO,NSE,STO,46923,,HINDZINC,,2026-02-24,2026-02-24,740.0,CE,HINDZINC26FEB740CE,0.25,0.35,0.2,0.3,0.25,0.35,585.25,0.3,1115975,-89425,520,471557686.25,204,F1,1225,,,,,
2026-02-18,2026-02-18,FO,NSE,STO,48038,,HINDZINC,,2026-02-24,2026-02-24,760.0,CE,HINDZINC26FEB760CE,0.15,0.25,0.15,0.2,0.2,0.25,585.25,0.2,599025,-93100,135,125717401.25,54,F1,1225,,,,,
2026-02-18,2026-02-18,FO,NSE,STO,107673,,HINDZINC,,2026-02-24,2026-02-24,765.0,CE,HINDZINC26FEB765CE,0.0,0.0,0.0,0.25,0.25,0.25,585.25,0.05,134750,0,0,0.0,0,F1,1225,,,,,
2026-02-18,2026-02-18,FO,NSE,STO,107924,,HINDZINC,,2026-03-30,2026-03-30,680.0,CE,HINDZINC26MAR680CE,6.25,6.45,4.25,4.4,4.35,5.6,585.25,4.4,121275,7350,69,57909486.25,58,F1,1225,,,,,
2026-02-18,2026-02-18,FO,NSE,STO,107961,,HINDZINC,,2026-03-30,2026-03-30,770.0,CE,HINDZINC26MAR770CE,0.0,0.0,0.0,2.45,2.45,2.45,585.25,1.0,29400,0,0,0.0,0,F1,1225,,,,,
2026-02-18,2026-02-18,FO,NSE,STO,119402,,HINDZINC,,2026-04-28,2026-04-28,520.0,CE,HINDZINC26APR520CE,0.0,0.0,0.0,218.65,0.0,218.65,585.25,85.1,0,0,0,0.0,0,F1,1225,,,,,
2026-02-18,2026-02-18,FO,NSE,STO,119518,,HINDZINC,,2026-04-28,2026-04-28,670.0,CE,HINDZINC26APR670CE,0.0,0.0,0.0,101.45,0.0,101.45,585.25,17.0,0,0,0,0.0,0,F1,1225,,,,,
2026-02-18,2026-02-18,FO,NSE,STO,107518,,HINDZINC,,2026-02-24,2026-02-24,515.0,PE,HINDZINC26FEB515PE,0.8,0.8,0.35,0.45,0.4,1.15,585.25,0.45,45325,-9800,24,15160110.0,17,F1,1225,,,,,
2026-02-18,2026-02-18,FO,NSE,STO,107563,,HINDZINC,,2026-02-24,2026-02-24,595.0,PE,HINDZINC26FEB595PE,20.3,21.95,14.7,16.3,16.15,20.95,585.25,16.3,329525,-11025,348,260989067.5,346,F1,1225,,,,,
2026-02-18,2026-02-18,FO,NSE,STO,107601,,HINDZINC,,2026-02-24,2026-02-24,645.0,PE,HINDZINC26FEB645PE,59.0,62.3,59.0,59.9,59.9,63.95,585.25,59.7,231525,-6125,7,6045865.0,4,F1,1225,,,,,
2026-02-18,2026-02-18,FO,NSE,STO,46760,,HINDZINC,,2026-02-24,2026-02-24,670.0,PE,HINDZINC26FEB670PE,84.7,86.9,79.95,84.5,84.5,88.2,585.25,84.5,346675,-13475,18,16627231.25,9,F1,1225,,,,,
2026-02-18,2026-02-18,FO,NSE,STO,37900,,HINDZINC,,2026-02-24,2026-02-24,770.0,PE,HINDZINC26FEB770PE,0.0,0.0,0.0,116.95,116.95,116.95,585.25,184.05,45325,0,0,0.0,0,F1,1225,,,,,
2026-02-18,2026-02-18,FO,NSE,STO,51161,,HINDZINC,,2026-02-24,2026-02-24,790.0,PE,HINDZINC26FEB790PE,0.0,0.0,0.0,106.0,106.0,106.0,585.25,204.05,31850,0,0,0.0,0,F1,1225,,,,,
2026-02-18,2026-02-18,FO,NSE,STO,119126,,HINDZINC,,2026-03-30,2026-03-30,575.0,PE,HINDZINC26MAR575PE,22.3,23.1,21.6,21.65,21.6,24.9,585.25,21.65,35525,-17150,60,43915882.5,44,F1,1225,,,,,
2026-02-18,2026-02-18,FO,NSE,STO,107928,,HINDZINC,,2026-03-30,2026-03-30,690.0,PE,HINDZINC26MAR690PE,0.0,0.0,0.0,87.55,88.1,87.55,585.25,106.35,6125,0,0,0.0,0,F1,1225,,,,,
2026-02-18,2026-02-18,FO,NSE,STO,40347,,HINDZINC,,2026-04-28,2026-04-28,510.0,PE,HINDZINC26APR510PE,0.0,0.0,0.0,12.0,0.0,12.0,585.25,11.95,0,0,0,0.0,0,F1,1225,,,,,
2026-02-18,2026-02-18,FO,NSE,STO,119571,,HINDZINC,,2026-04-28,2026-04-28,760.0,PE,HINDZINC26APR760PE,0.0,0.0,0.0,77.1,0.0,77.1,585.25,171.75,0,0,0,0.0,0,F1,1225,,,,,
2026-02-18,2026-02-18,FO,NSE,STO,100531,,HINDZINC,,2026-02-24,2026-02-24,560.0,CE,HINDZINC26FEB560CE,30.9,32.9,26.05,28.9,28.9,28.2,585.25,29.3,170275,7350,73,52707707.5,58,F1,1225,,,,,
2026-02-18,2026-02-18,FO,NSE,STO,107572,,HINDZINC,,2026-02-24,2026-02-24,635.0,CE,HINDZINC26FEB635CE,1.6,1.95,0.9,1.35,1.35,1.6,585.25,1.35,390775,-40425,133,103676956.25,122,F1,1225,,,,,
2026-02-18,2026-02-18,FO,NSE,STO,46918,,HINDZINC,,2026-02-24,2026-02-24,710.0,CE,HINDZINC26FEB710CE,0.3,0.35,0.2,0.35,0.3,0.4,585.25,0.35,1519000,-69825,198,172274873.75,121,F1,1225,,,,,
2026-02-18,2026-02-18,FO,NSE,STO,100561,,HINDZINC,,2026-02-24,2026-02-24,590.0,CE,HINDZINC26FEB590CE,9.85,12.55,7.7,9.45,9.7,10.1,585.25,9.45,1131900,180075,4585,3371176296.25,4103,F1,1225,,,,,
2026-02-18,2026-02-18,FO,NSE,STO,107608,,HINDZINC,,2026-02-24,2026-02-24,675.0,CE,HINDZINC26FEB675CE,0.55,0.55,0.3,0.5,0.5,0.55,585.25,0.5,494900,12250,150,124106832.5,119,F1,1225,,,,,
2026-02-18,2026-02-18,FO,NSE,STO,39609,,HINDZINC,,2026-02-24,2026-02-24,680.0,CE,HINDZINC26FEB680CE,0.55,0.55,0.35,0.45,0.45,0.55,585.25,0.45,1392825,-131075,383,319221341.25,232,F1,1225,,,,,
2026-02-18,2026-02-18,FO,NSE,STO,107655,,HINDZINC,,2026-02-24,2026-02-24,725.0,CE,HINDZINC26FEB725CE,0.3,0.35,0.2,0.35,0.3,0.35,585.25,0.35,688450,-102900,210,186569092.5,154,F1,1225,,,,,
2026-02-18,2026-02-18,FO,NSE,STO,37899,,HINDZINC,,2026-02-24,2026-02-24,770.0,CE,HINDZINC26FEB770CE,0.2,0.2,0.15,0.15,0.15,0.25,585.25,0.15,886900,-91875,130,122653247.5,48,F1,1225,,,,,
2026-02-18,2026-02-18,FO,NSE,STO,48291,,HINDZINC,,2026-02-24,2026-02-24,780.0,CE,HINDZINC26FEB780CE,0.2,0.25,0.15,0.2,0.2,0.25,585.25,0.2,455700,-47775,90,86018948.75,58,F1,1225,,,,,
2026-02-18,2026-02-18,FO,NSE,STO,107681,,HINDZINC,,2026-02-24,2026-02-24,810.0,CE,HINDZINC26FEB810CE,0.15,0.2,0.15,0.15,0.15,0.25,585.25,0.15,384650,-60025,81,80387501.25,30,F1,1225,,,,,
2026-02-18,2026-02-18,FO,NSE,STO,40320,,HINDZINC,,2026-03-30,2026-03-30,495.0,CE,HINDZINC26MAR495CE,0.0,0.0,0.0,143.3,0.0,143.3,585.25,97.15,0,0,0,0.0,0,F1,1225,,,,,
2026-02-18,2026-02-18,FO,NSE,STO,40326,,HINDZINC,,2026-03-30,2026-03-30,515.0,CE,HINDZINC26MAR515CE,0.0,0.0,0.0,126.2,0.0,126.2,585.25,80.3,0,0,0,0.0,0,F1,1225,,,,,
2026-02-18,2026-02-18,FO,NSE,STO,107863,,HINDZINC,,2026-03-30,2026-03-30,560.0,CE,HINDZINC26MAR560CE,50.0,50.0,44.8,45.05,45.05,52.05,585.25,48.25,15925,7350,10,7435137.5,9,F1,1225,,,,,
2026-02-18,2026-02-18,FO,NSE,STO,119188,,HINDZINC,,2026-03-30,2026-03-30,695.0,PE,HINDZINC26MAR695PE,0.0,0.0,0.0,34.85,0.0,34.85,585.25,110.75,0,0,0,0.0,0,F1,1225,,,,,
2026-02-18,2026-02-18,FO,NSE,STO,119120,,HINDZINC,,2026-03-30,2026-03-30,565.0,CE,HINDZINC26MAR565CE,0.0,0.0,0.0,172.3,0.0,172.3,585.25,45.25,0,0,0,0.0,0,F1,1225,,,,,
2026-02-18,2026-02-18,FO,NSE,STO,119408,,HINDZINC,,2026-04-28,2026-04-28,560.0,CE,HINDZINC26APR560CE,0.0,0.0,0.0,183.25,0.0,183.25,585.25,59.15,0,0,0,0.0,0,F1,1225,,,,,
2026-02-18,2026-02-18,FO,NSE,STO,40275,,HINDZINC,,2026-02-24,2026-02-24,495.0,PE,HINDZINC26FEB495PE,0.5,0.5,0.5,0.5,0.5,0.7,585.25,0.05,23275,-1225,3,1820962.5,3,F1,1225,,,,,
2026-02-18,2026-02-18,FO,NSE,STO,107605,,HINDZINC,,2026-02-24,2026-02-24,655.0,PE,HINDZINC26FEB655PE,70.4,70.4,69.3,69.3,69.3,67.45,585.25,69.3,260925,-8575,7,6218345.0,3,F1,1225,,,,,
2026-02-18,2026-02-18,FO,NSE,STO,107607,,HINDZINC,,2026-02-24,2026-02-24,665.0,PE,HINDZINC26FEB665PE,77.75,79.0,76.2,79.0,79.0,71.15,585.25,79.25,171500,-7350,6,5460253.75,6,F1,1225,,,,,
2026-02-18,2026-02-18,FO,NSE,STO,41772,,HINDZINC,,2026-02-24,2026-02-24,700.0,PE,HINDZINC26FEB700PE,119.0,119.0,111.0,114.6,114.6,118.0,585.25,114.1,1684375,-13475,31,30927023.75,31,F1,1225,,,,,
2026-02-18,2026-02-18,FO,NSE,STO,119543,,HINDZINC,,2026-04-28,2026-04-28,740.0,PE,HINDZINC26APR740PE,0.0,0.0,0.0,65.85,0.0,65.85,585.25,153.6,0,0,0,0.0,0,F1,1225,,,,,
2026-02-18,2026-02-18,FO,NSE,STO,119465,,HINDZINC,,2026-04-28,2026-04-28,600.0,PE,HINDZINC26APR600PE,0.0,0.0,0.0,14.1,0.0,14.1,585.25,47.65,0,0,0,0.0,0,F1,1225,,,,,
2026-02-18,2026-02-18,FO,NSE,STO,119460,,HINDZINC,,2026-04-28,2026-04-28,590.0,PE,HINDZINC26APR590PE,0.0,0.0,0.0,12.15,0.0,12.15,585.25,42.25,0,0,0,0.0,0,F1,1225,,,,,
2026-02-18,2026-02-18,FO,NSE,STO,119405,,HINDZINC,,2026-04-28,2026-04-28,540.0,PE,HINDZINC26APR540PE,15.0,17.0,15.0,16.0,17.0,5.2,585.25,16.0,6125,6125,5,3405500.0,5,F1,1225,,,,,
2026-02-18,2026-02-18,FO,NSE,STO,119135,,HINDZINC,,2026-03-30,2026-03-30,615.0,PE,HINDZINC26MAR615PE,0.0,0.0,0.0,44.55,44.55,44.55,585.25,48.1,6125,0,0,0.0,0,F1,1225,,,,,
2026-02-18,2026-02-18,FO,NSE,STO,40327,,HINDZINC,,2026-03-30,2026-03-30,515.0,PE,HINDZINC26MAR515PE,0.0,0.0,0.0,7.6,0.0,7.6,585.25,6.95,0,0,0,0.0,0,F1,1225,,,,,
2026-02-18,2026-02-18,FO,NSE,STO,107829,,HINDZINC,,2026-03-30,2026-03-30,490.0,PE,HINDZINC26MAR490PE,0.0,0.0,0.0,5.1,5.1,5.1,585.25,3.35,8575,0,0,0.0,0,F1,1225,,,,,
2026-02-18,2026-02-18,FO,NSE,STO,107674,,HINDZINC,,2026-02-24,2026-02-24,765.0,PE,HINDZINC26FEB765PE,0.0,0.0,0.0,68.35,68.35,68.35,585.25,179.05,2450,0,0,0.0,0,F1,1225,,,,,
2026-02-18,2026-02-18,FO,NSE,STO,107670,,HINDZINC,,2026-02-24,2026-02-24,745.0,PE,HINDZINC26FEB745PE,0.0,0.0,0.0,54.6,55.2,54.6,585.25,159.1,26950,0,0,0.0,0,F1,1225,,,,,
2026-02-18,2026-02-18,FO,NSE,STO,107668,,HINDZINC,,2026-02-24,2026-02-24,735.0,PE,HINDZINC26FEB735PE,0.0,0.0,0.0,155.0,155.0,155.0,585.25,149.1,129850,0,0,0.0,0,F1,1225,,,,,
2026-02-18,2026-02-18,FO,NSE,STO,36312,,HINDZINC,,2026-04-28,2026-04-28,530.0,PE,HINDZINC26APR530PE,13.0,15.0,13.0,14.0,15.0,5.4,585.25,14.0,3675,3675,3,1999200.0,3,F1,1225,,,,,
2026-02-18,2026-02-18,FO,NSE,STO,107962,,HINDZINC,,2026-03-30,2026-03-30,770.0,PE,HINDZINC26MAR770PE,0.0,0.0,0.0,124.0,124.0,124.0,585.25,181.1,0,0,0,0.0,0,F1,1225,,,,,
2026-02-18,2026-02-18,FO,NSE,STO,107939,,HINDZINC,,2026-03-30,2026-03-30,730.0,PE,HINDZINC26MAR730PE,0.0,0.0,0.0,104.5,104.5,104.5,585.25,142.85,1225,0,0,0.0,0,F1,1225,,,,,
2026-02-18,2026-02-18,FO,NSE,STO,119203,,HINDZINC,,2026-03-30,2026-03-30,715.0,PE,HINDZINC26MAR715PE,0.0,0.0,0.0,43.75,0.0,43.75,585.25,128.9,0,0,0,0.0,0,F1,1225,,,,,
2026-02-18,2026-02-18,FO,NSE,STO,119181,,HINDZINC,,2026-03-30,2026-03-30,675.0,PE,HINDZINC26MAR675PE,0.0,0.0,0.0,60.75,60.75,60.75,585.25,93.35,7350,0,0,0.0,0,F1,1225,,,,,
2026-02-18,2026-02-18,FO,NSE,STO,119147,,HINDZINC,,2026-03-30,2026-03-30,655.0,PE,HINDZINC26MAR655PE,0.0,0.0,0.0,20.75,0.0,20.75,585.25,76.95,0,0,0,0.0,0,F1,1225,,,,,
2026-02-18,2026-02-18,FO,NSE,STO,107918,,HINDZINC,,2026-03-30,2026-03-30,650.0,PE,HINDZINC26MAR650PE,66.5,70.0,65.2,66.7,66.15,72.2,585.25,66.7,931000,215600,256,225024843.75,141,F1,1225,,,,,
2026-02-18,2026-02-18,FO,NSE,STO,107866,,HINDZINC,,2026-03-30,2026-03-30,570.0,PE,HINDZINC26MAR570PE,23.05,23.05,19.4,19.85,19.8,23.05,585.25,19.85,144550,-3675,80,57870531.25,72,F1,1225,,,,,
2026-02-18,2026-02-18,FO,NSE,STO,107682,,HINDZINC,,2026-02-24,2026-02-24,810.0,PE,HINDZINC26FEB810PE,0.0,0.0,0.0,180.95,0.0,180.95,585.25,224.0,0,0,0,0.0,0,F1,1225,,,,,
2026-02-18,2026-02-18,FO,NSE,STO,49148,,HINDZINC,,2026-02-24,2026-02-24,750.0,PE,HINDZINC26FEB750PE,0.0,0.0,0.0,153.55,153.55,153.55,585.25,164.05,625975,0,0,0.0,0,F1,1225,,,,,
2026-02-18,2026-02-18,FO,NSE,STO,46925,,HINDZINC,,2026-02-24,2026-02-24,740.0,PE,HINDZINC26FEB740PE,154.0,154.0,154.0,154.0,154.0,143.55,585.25,154.0,109025,-1225,1,1095150.0,1,F1,1225,,,,,
2026-02-18,2026-02-18,FO,NSE,STO,46919,,HINDZINC,,2026-02-24,2026-02-24,710.0,PE,HINDZINC26FEB710PE,0.0,0.0,0.0,128.15,128.15,128.15,585.25,124.1,387100,0,0,0.0,0,F1,1225,,,,,
2026-02-18,2026-02-18,FO,NSE,STO,107569,,HINDZINC,,2026-02-24,2026-02-24,615.0,PE,HINDZINC26FEB615PE,30.75,33.8,29.3,31.6,31.6,36.2,585.25,31.6,215600,-12250,23,18243128.75,22,F1,1225,,,,,
2026-02-18,2026-02-18,FO,NSE,STO,100509,,HINDZINC,,2026-02-24,2026-02-24,500.0,PE,HINDZINC26FEB500PE,0.85,0.85,0.3,0.35,0.35,0.85,585.25,0.35,1542275,-270725,626,383751033.75,269,F1,1225,,,,,
2026-02-18,2026-02-18,FO,NSE,STO,100498,,HINDZINC,,2026-02-24,2026-02-24,480.0,PE,HINDZINC26FEB480PE,0.35,0.35,0.15,0.2,0.15,0.5,585.25,0.2,200900,-9800,33,19413800.0,18,F1,1225,,,,,
2026-02-18,2026-02-18,FO,NSE,STO,119464,,HINDZINC,,2026-04-28,2026-04-28,600.0,CE,HINDZINC26APR600CE,0.0,0.0,0.0,150.5,0.0,150.5,585.25,39.15,0,0,0,0.0,0,F1,1225,,,,,
2026-02-18,2026-02-18,FO,NSE,STO,119459,,HINDZINC,,2026-04-28,2026-04-28,590.0,CE,HINDZINC26APR590CE,0.0,0.0,0.0,158.4,0.0,158.4,585.25,43.6,0,0,0,0.0,0,F1,1225,,,,,
2026-02-18,2026-02-18,FO,NSE,STO,119406,,HINDZINC,,2026-04-28,2026-04-28,550.0,CE,HINDZINC26APR550CE,0.0,0.0,0.0,191.9,0.0,191.9,585.25,65.1,0,0,0,0.0,0,F1,1225,,,,,
2026-02-18,2026-02-18,FO,NSE,STO,36311,,HINDZINC,,2026-04-28,2026-04-28,530.0,CE,HINDZINC26APR530CE,0.0,0.0,0.0,191.6,0.0,191.6,585.25,78.05,0,0,0,0.0,0,F1,1225,,,,,
2026-02-18,2026-02-18,FO,NSE,STO,119400,,HINDZINC,,2026-04-28,2026-04-28,500.0,CE,HINDZINC26APR500CE,0.0,0.0,0.0,237.1,0.0,237.1,585.25,100.15,0,0,0,0.0,0,F1,1225,,,,,
2026-02-18,2026-02-18,FO,NSE,STO,107973,,HINDZINC,,2026-03-30,2026-03-30,820.0,CE,HINDZINC26MAR820CE,1.15,1.15,0.85,0.85,0.85,1.1,585.25,0.3,131075,17150,42,42239225.0,32,F1,1225,,,,,
2026-02-18,2026-02-18,FO,NSE,STO,119140,,HINDZINC,,2026-03-30,2026-03-30,645.0,CE,HINDZINC26MAR645CE,9.7,9.85,8.4,8.45,8.6,33.65,585.25,8.45,46550,44100,44,35250906.25,39,F1,1225,,,,,
2026-02-18,2026-02-18,FO,NSE,STO,107871,,HINDZINC,,2026-03-30,2026-03-30,590.0,CE,HINDZINC26MAR590CE,31.8,31.8,26.45,28.05,28.2,28.4,585.25,28.05,133525,57575,96,72771921.25,77,F1,1225,,,,,
2026-02-18,2026-02-18,FO,NSE,STO,107861,,HINDZINC,,2026-03-30,2026-03-30,550.0,CE,HINDZINC26MAR550CE,56.0,56.0,51.0,51.0,51.0,52.0,585.25,54.6,31850,3675,15,11091211.25,14,F1,1225,,,,,
2026-02-18,2026-02-18,FO,NSE,STO,107834,,HINDZINC,,2026-03-30,2026-03-30,520.0,CE,HINDZINC26MAR520CE,0.0,0.0,0.0,124.5,0.0,124.5,585.25,76.3,0,0,0,0.0,0,F1,1225,,,,,
2026-02-18,2026-02-18,FO,NSE,STO,48035,,HINDZINC,,2026-02-24,2026-02-24,730.0,CE,HINDZINC26FEB730CE,0.25,0.3,0.2,0.25,0.25,0.35,585.25,0.25,1414875,-434875,609,544777712.5,212,F1,1225,,,,,
2026-02-18,2026-02-18,FO,NSE,STO,36802,,HINDZINC,,2026-02-24,2026-02-24,660.0,CE,HINDZINC26FEB660CE,0.9,0.9,0.4,0.65,0.65,0.75,585.25,0.65,1335250,-69825,720,582607121.25,400,F1,1225,,,,,
2026-02-18,2026-02-18,FO,NSE,STO,107604,,HINDZINC,,2026-02-24,2026-02-24,655.0,CE,HINDZINC26FEB655CE,0.85,0.95,0.45,0.75,0.7,0.85,585.25,0.75,331975,-11025,136,109228962.5,116,F1,1225,,,,,
2026-02-18,2026-02-18,FO,NSE,STO,107550,,HINDZINC,,2026-02-24,2026-02-24,565.0,CE,HINDZINC26FEB565CE,27.6,28.1,22.9,25.5,25.5,24.3,585.25,25.5,412825,-6125,56,40474000.0,39,F1,1225,,,,,
2026-02-18,2026-02-18,FO,NSE,STO,40281,,HINDZINC,,2026-02-24,2026-02-24,535.0,CE,HINDZINC26FEB535CE,0.0,0.0,0.0,50.05,50.05,50.05,585.25,51.35,14700,0,0,0.0,0,F1,1225,,,,,
2026-02-18,2026-02-18,FO,NSE,STO,40274,,HINDZINC,,2026-02-24,2026-02-24,495.0,CE,HINDZINC26FEB495CE,0.0,0.0,0.0,136.1,0.0,136.1,585.25,90.7,0,0,0,0.0,0,F1,1225,,,,,
2026-02-18,2026-02-18,FO,NSE,STO,100501,,HINDZINC,,2026-02-24,2026-02-24,490.0,CE,HINDZINC26FEB490CE,0.0,0.0,0.0,30.95,0.0,30.95,585.25,95.7,0,0,0,0.0,0,F1,1225,,,,,
2026-02-18,2026-02-18,FO,NSE,STO,119409,,HINDZINC,,2026-04-28,2026-04-28,560.0,PE,HINDZINC26APR560PE,0.0,0.0,0.0,7.5,0.0,7.5,585.25,28.1,0,0,0,0.0,0,F1,1225,,,,,
2026-02-18,2026-02-18,FO,NSE,STO,119407,,HINDZINC,,2026-04-28,2026-04-28,550.0,PE,HINDZINC26APR550PE,0.0,0.0,0.0,6.25,0.0,6.25,585.25,24.15,0,0,0,0.0,0,F1,1225,,,,,
2026-02-18,2026-02-18,FO,NSE,STO,107828,,HINDZINC,,2026-03-30,2026-03-30,490.0,CE,HINDZINC26MAR490CE,0.0,0.0,0.0,149.05,0.0,149.05,585.25,101.55,0,0,0,0.0,0,F1,1225,,,,,
2026-02-18,2026-02-18,FO,NSE,STO,119144,,HINDZINC,,2026-03-30,2026-03-30,655.0,CE,HINDZINC26MAR655CE,0.0,0.0,0.0,24.5,24.5,24.5,585.25,11.15,1225,0,0,0.0,0,F1,1225,,,,,
2026-02-18,2026-02-18,FO,NSE,STO,107873,,HINDZINC,,2026-03-30,2026-03-30,600.0,CE,HINDZINC26MAR600CE,21.0,26.6,20.95,23.0,23.3,23.75,585.25,23.0,1277675,123725,574,438740732.5,444,F1,1225,,,,,
2026-02-18,2026-02-18,FO,NSE,STO,40328,,HINDZINC,,2026-03-30,2026-03-30,525.0,CE,HINDZINC26MAR525CE,71.0,71.0,71.0,71.0,71.0,118.0,585.25,72.45,1225,1225,1,730100.0,1,F1,1225,,,,,
2026-02-18,2026-02-18,FO,NSE,STO,119647,,HINDZINC,,2026-04-28,2026-04-28,800.0,PE,HINDZINC26APR800PE,0.0,0.0,0.0,102.25,0.0,102.25,585.25,209.1,0,0,0,0.0,0,F1,1225,,,,,
2026-02-18,2026-02-18,FO,NSE,STO,119521,,HINDZINC,,2026-04-28,2026-04-28,680.0,PE,HINDZINC26APR680PE,0.0,0.0,0.0,37.8,0.0,37.8,585.25,102.65,0,0,0,0.0,0,F1,1225,,,,,
2026-02-18,2026-02-18,FO,NSE,STO,107968,,HINDZINC,,2026-03-30,2026-03-30,790.0,PE,HINDZINC26MAR790PE,0.0,0.0,0.0,164.95,0.0,164.95,585.25,200.6,0,0,0,0.0,0,F1,1225,,,,,
2026-02-18,2026-02-18,FO,NSE,STO,107943,,HINDZINC,,2026-03-30,2026-03-30,750.0,PE,HINDZINC26MAR750PE,0.0,0.0,0.0,169.8,169.8,169.8,585.25,161.85,41650,0,0,0.0,0,F1,1225,,,,,
2026-02-18,2026-02-18,FO,NSE,STO,119221,,HINDZINC,,2026-03-30,2026-03-30,745.0,PE,HINDZINC26MAR745PE,0.0,0.0,0.0,59.25,0.0,59.25,585.25,157.05,0,0,0,0.0,0,F1,1225,,,,,
2026-02-18,2026-02-18,FO,NSE,STO,119137,,HINDZINC,,2026-03-30,2026-03-30,625.0,PE,HINDZINC26MAR625PE,0.0,0.0,0.0,13.1,0.0,13.1,585.25,54.75,0,0,0,0.0,0,F1,1225,,,,,
2026-02-18,2026-02-18,FO,NSE,STO,107895,,HINDZINC,,2026-03-30,2026-03-30,620.0,PE,HINDZINC26MAR620PE,47.0,48.0,44.45,45.45,45.45,49.8,585.25,51.35,281750,56350,69,56301306.25,65,F1,1225,,,,,
2026-02-18,2026-02-18,FO,NSE,STO,40318,,HINDZINC,,2026-03-30,2026-03-30,485.0,CE,HINDZINC26MAR485CE,0.0,0.0,0.0,152.15,0.0,152.15,585.25,106.0,0,0,0,0.0,0,F1,1225,,,,,
2026-02-18,2026-02-18,FO,NSE,STO,107606,,HINDZINC,,2026-02-24,2026-02-24,665.0,CE,HINDZINC26FEB665CE,0.7,0.7,0.35,0.6,0.55,0.7,585.25,0.6,448350,-42875,180,146729030.0,119,F1,1225,,,,,
2026-02-18,2026-02-18,FO,NSE,STO,100569,,HINDZINC,,2026-02-24,2026-02-24,640.0,CE,HINDZINC26FEB640CE,1.3,1.65,0.7,1.1,1.05,1.35,585.25,1.1,1379350,90650,797,625870385.0,526,F1,1225,,,,,
2026-02-18,2026-02-18,FO,NSE,STO,100567,,HINDZINC,,2026-02-24,2026-02-24,620.0,CE,HINDZINC26FEB620CE,2.9,3.45,1.6,2.25,2.3,2.9,585.25,2.25,1500625,-62475,1766,1346362771.25,1245,F1,1225,,,,,
2026-02-18,2026-02-18,FO,NSE,STO,100563,,HINDZINC,,2026-02-24,2026-02-24,600.0,CE,HINDZINC26FEB600CE,6.5,8.1,4.45,5.6,5.85,6.5,585.25,5.6,3739925,51450,5027,3731918767.5,3897,F1,1225,,,,,
2026-02-18,2026-02-18,FO,NSE,STO,107562,,HINDZINC,,2026-02-24,2026-02-24,595.0,CE,HINDZINC26FEB595CE,8.25,10.15,6.05,7.45,7.5,8.25,585.25,7.45,568400,-44100,1268,936877978.75,1134,F1,1225,,,,,
2026-02-18,2026-02-18,FO,NSE,STO,100527,,HINDZINC,,2026-02-24,2026-02-24,540.0,CE,HINDZINC26FEB540CE,50.0,50.0,44.7,47.0,47.0,58.0,585.25,47.0,23275,-2450,5,3592986.25,5,F1,1225,,,,,
2026-02-18,2026-02-18,FO,NSE,STO,119512,,HINDZINC,,2026-04-28,2026-04-28,640.0,CE,HINDZINC26APR640CE,0.0,0.0,0.0,121.1,0.0,121.1,585.25,24.7,0,0,0,0.0,0,F1,1225,,,,,
2026-02-18,2026-02-18,FO,NSE,STO,119510,,HINDZINC,,2026-04-28,2026-04-28,630.0,CE,HINDZINC26APR630CE,0.0,0.0,0.0,128.1,0.0,128.1,585.25,27.8,0,0,0,0.0,0,F1,1225,,,,,
2026-02-18,2026-02-18,FO,NSE,STO,107967,,HINDZINC,,2026-03-30,2026-03-30,790.0,CE,HINDZINC26MAR790CE,0.0,0.0,0.0,2.2,2.2,2.2,585.25,0.6,34300,0,0,0.0,0,F1,1225,,,,,
2026-02-18,2026-02-18,FO,NSE,STO,107946,,HINDZINC,,2026-03-30,2026-03-30,760.0,CE,HINDZINC26MAR760CE,0.0,0.0,0.0,2.0,2.0,2.0,585.25,1.25,7350,0,0,0.0,0,F1,1225,,,,,
2026-02-18,2026-02-18,FO,NSE,STO,119222,,HINDZINC,,2026-03-30,2026-03-30,755.0,CE,HINDZINC26MAR755CE,0.0,0.0,0.0,45.05,0.0,45.05,585.25,1.4,0,0,0,0.0,0,F1,1225,,,,,
2026-02-18,2026-02-18,FO,NSE,STO,107872,,HINDZINC,,2026-03-30,2026-03-30,590.0,PE,HINDZINC26MAR590PE,31.0,31.0,27.5,28.0,28.1,31.9,585.25,28.0,79625,17150,49,37149656.25,47,F1,1225,,,,,
2026-02-18,2026-02-18,FO,NSE,STO,107868,,HINDZINC,,2026-03-30,2026-03-30,580.0,PE,HINDZINC26MAR580PE,28.4,28.4,23.0,23.5,23.35,27.05,585.25,23.5,541450,69825,197,145877655.0,164,F1,1225,,,,,
2026-02-18,2026-02-18,FO,NSE,STO,107862,,HINDZINC,,2026-03-30,2026-03-30,550.0,PE,HINDZINC26MAR550PE,17.0,17.75,13.2,13.6,13.9,16.65,585.25,13.6,726425,42875,389,268959407.5,289,F1,1225,,,,,
2026-02-18,2026-02-18,FO,NSE,STO,40329,,HINDZINC,,2026-03-30,2026-03-30,525.0,PE,HINDZINC26MAR525PE,8.5,8.5,8.5,8.5,8.5,9.3,585.25,8.5,6125,6125,5,3267687.5,5,F1,1225,,,,,
2026-02-18,2026-02-18,FO,NSE,STO,107827,,HINDZINC,,2026-03-30,2026-03-30,480.0,PE,HINDZINC26MAR480PE,4.0,4.0,2.95,3.1,3.1,4.25,585.25,3.1,78400,24500,42,24876320.0,41,F1,1225,,,,,
2026-02-18,2026-02-18,FO,NSE,STO,48044,,HINDZINC,,2026-02-24,2026-02-24,760.0,PE,HINDZINC26FEB760PE,0.0,0.0,0.0,180.3,180.3,180.3,585.25,174.05,26950,0,0,0.0,0,F1,1225,,,,,
2026-02-18,2026-02-18,FO,NSE,STO,39610,,HINDZINC,,2026-02-24,2026-02-24,680.0,PE,HINDZINC26FEB680PE,96.2,97.5,91.9,93.5,93.5,98.15,585.25,93.5,922425,-37975,31,29444467.5,23,F1,1225,,,,,
2026-02-18,2026-02-18,FO,NSE,STO,100496,,HINDZINC,,2026-02-24,2026-02-24,470.0,PE,HINDZINC26FEB470PE,0.25,0.25,0.15,0.15,0.15,0.4,585.25,0.15,142100,0,9,5183832.5,7,F1,1225,,,,,
2026-02-18,2026-02-18,FO,NSE,STO,119600,,HINDZINC,,2026-04-28,2026-04-28,770.0,CE,HINDZINC26APR770CE,0.0,0.0,0.0,52.05,0.0,52.05,585.25,4.2,0,0,0,0.0,0,F1,1225,,,,,
2026-02-18,2026-02-18,FO,NSE,STO,119520,,HINDZINC,,2026-04-28,2026-04-28,680.0,CE,HINDZINC26APR680CE,0.0,0.0,0.0,95.4,0.0,95.4,585.25,14.9,0,0,0,0.0,0,F1,1225,,,,,
2026-02-18,2026-02-18,FO,NSE,STO,119516,,HINDZINC,,2026-04-28,2026-04-28,660.0,CE,HINDZINC26APR660CE,0.0,0.0,0.0,107.75,0.0,107.75,585.25,19.3,0,0,0,0.0,0,F1,1225,,,,,
2026-02-18,2026-02-18,FO,NSE,STO,119198,,HINDZINC,,2026-03-30,2026-03-30,705.0,CE,HINDZINC26MAR705CE,0.0,0.0,0.0,6.9,6.95,6.9,585.25,4.2,62475,0,0,0.0,0,F1,1225,,,,,
2026-02-18,2026-02-18,FO,NSE,STO,100502,,HINDZINC,,2026-02-24,2026-02-24,490.0,PE,HINDZINC26FEB490PE,0.65,0.65,0.25,0.25,0.25,0.65,585.25,0.25,122500,-2450,23,13815182.5,15,F1,1225,,,,,
2026-02-18,2026-02-18,FO,NSE,STO,107567,,HINDZINC,,2026-02-24,2026-02-24,605.0,PE,HINDZINC26FEB605PE,28.75,28.75,21.65,23.15,23.0,27.65,585.25,23.15,200900,3675,35,26963965.0,35,F1,1225,,,,,
2026-02-18,2026-02-18,FO,NSE,STO,107609,,HINDZINC,,2026-02-24,2026-02-24,675.0,PE,HINDZINC26FEB675PE,90.05,90.05,90.05,90.05,90.05,53.4,585.25,89.2,385875,-1225,2,1874372.5,1,F1,1225,,,,,
2026-02-18,2026-02-18,FO,NSE,STO,46921,,HINDZINC,,2026-02-24,2026-02-24,720.0,PE,HINDZINC26FEB720PE,131.1,136.75,130.05,132.85,132.85,138.05,585.25,132.85,1254400,-39200,42,43920047.5,37,F1,1225,,,,,
2026-02-18,2026-02-18,FO,NSE,STO,38012,,HINDZINC,,2026-02-24,2026-02-24,800.0,PE,HINDZINC26FEB800PE,0.0,0.0,0.0,158.75,158.75,158.75,585.25,214.05,64925,0,0,0.0,0,F1,1225,,,,,
2026-02-18,2026-02-18,FO,NSE,STO,119131,,HINDZINC,,2026-03-30,2026-03-30,595.0,PE,HINDZINC26MAR595PE,0.0,0.0,0.0,34.0,34.0,34.0,585.25,36.05,4900,0,0,0.0,0,F1,1225,,,,,
2026-02-18,2026-02-18,FO,NSE,STO,107931,,HINDZINC,,2026-03-30,2026-03-30,700.0,PE,HINDZINC26MAR700PE,111.9,111.9,111.9,111.9,111.9,119.5,585.25,115.2,176400,0,1,994577.5,1,F1,1225,,,,,
2026-02-18,2026-02-18,FO,NSE,STO,119199,,HINDZINC,,2026-03-30,2026-03-30,705.0,PE,HINDZINC26MAR705PE,0.0,0.0,0.0,39.15,0.0,39.15,585.25,119.75,0,0,0,0.0,0,F1,1225,,,,,
2026-02-18,2026-02-18,FO,NSE,STO,119525,,HINDZINC,,2026-04-28,2026-04-28,700.0,PE,HINDZINC26APR700PE,0.0,0.0,0.0,46.15,0.0,46.15,585.25,118.95,0,0,0,0.0,0,F1,1225,,,,,
2026-02-18,2026-02-18,FO,NSE,STO,100525,,HINDZINC,,2026-02-24,2026-02-24,530.0,CE,HINDZINC26FEB530CE,0.0,0.0,0.0,54.0,54.0,54.0,585.25,56.1,3675,0,0,0.0,0,F1,1225,,,,,
2026-02-18,2026-02-18,FO,NSE,STO,107542,,HINDZINC,,2026-02-24,2026-02-24,525.0,CE,HINDZINC26FEB525CE,59.4,60.65,59.4,60.65,60.65,50.15,585.25,60.95,1225,-1225,2,1433311.25,2,F1,1225,,,,,
2026-02-18,2026-02-18,FO,NSE,STO,40272,,HINDZINC,,2026-02-24,2026-02-24,485.0,CE,HINDZINC26FEB485CE,0.0,0.0,0.0,145.85,0.0,145.85,585.25,100.7,0,0,0,0.0,0,F1,1225,,,,,
2026-02-18,2026-02-18,FO,NSE,STF,66852,,HINDZINC,,2026-04-28,2026-04-28,,,HINDZINC26APRFUT,589.0,596.75,589.0,593.8,594.25,589.1,585.25,593.8,1003275,7350,82,59578732.5,79,F1,1225,,,,,
2026-02-18,2026-02-18,FO,NSE,STO,100529,,HINDZINC,,2026-02-24,2026-02-24,550.0,CE,HINDZINC26FEB550CE,38.8,41.0,35.2,38.35,38.05,36.15,585.25,38.35,143325,12250,88,63366616.25,55,F1,1225,,,,,
2026-02-18,2026-02-18,FO,NSE,STO,40330,,HINDZINC,,2026-03-30,2026-03-30,535.0,CE,HINDZINC26MAR535CE,0.0,0.0,0.0,110.1,0.0,110.1,585.25,64.95,0,0,0,0.0,0,F1,1225,,,,,
2026-02-18,2026-02-18,FO,NSE,STO,119132,,HINDZINC,,2026-03-30,2026-03-30,605.0,CE,HINDZINC26MAR605CE,22.3,22.3,20.0,20.9,20.9,21.9,585.25,25.75,14700,11025,11,8434982.5,10,F1,1225,,,,,
2026-02-18,2026-02-18,FO,NSE,STO,107894,,HINDZINC,,2026-03-30,2026-03-30,620.0,CE,HINDZINC26MAR620CE,16.85,18.65,14.5,15.1,15.35,16.65,585.25,15.1,382200,128625,272,211853705.0,244,F1,1225,,,,,
2026-02-18,2026-02-18,FO,NSE,STO,107926,,HINDZINC,,2026-03-30,2026-03-30,690.0,CE,HINDZINC26MAR690CE,5.7,6.05,3.8,3.85,3.9,4.95,585.25,3.85,52675,18375,21,17865032.5,18,F1,1225,,,,,
2026-02-18,2026-02-18,FO,NSE,STO,107942,,HINDZINC,,2026-03-30,2026-03-30,750.0,CE,HINDZINC26MAR750CE,2.1,2.15,1.75,1.85,1.85,2.2,585.25,1.85,385875,6125,29,26711125.0,27,F1,1225,,,,,
2026-02-18,2026-02-18,FO,NSE,STO,107969,,HINDZINC,,2026-03-30,2026-03-30,800.0,CE,HINDZINC26MAR800CE,1.5,1.5,1.0,1.1,1.1,1.5,585.25,1.1,322175,31850,72,70663206.25,59,F1,1225,,,,,
2026-02-18,2026-02-18,FO,NSE,STO,36803,,HINDZINC,,2026-02-24,2026-02-24,660.0,PE,HINDZINC26FEB660PE,74.5,78.0,71.0,74.2,74.8,78.0,585.25,74.2,602700,-30625,31,27924548.75,29,F1,1225,,,,,
2026-02-18,2026-02-18,FO,NSE,STO,100560,,HINDZINC,,2026-02-24,2026-02-24,580.0,PE,HINDZINC26FEB580PE,15.45,15.45,7.65,8.65,8.7,12.95,585.25,8.65,1368325,-102900,3084,2227813175.0,2555,F1,1225,,,,,
2026-02-18,2026-02-18,FO,NSE,STO,107556,,HINDZINC,,2026-02-24,2026-02-24,575.0,PE,HINDZINC26FEB575PE,12.05,12.05,6.2,6.9,6.8,10.9,585.25,6.9,478975,7350,1269,905809835.0,1115,F1,1225,,,,,
2026-02-18,2026-02-18,FO,NSE,STO,100556,,HINDZINC,,2026-02-24,2026-02-24,560.0,PE,HINDZINC26FEB560PE,7.2,7.2,3.05,3.3,3.3,6.15,585.25,3.3,736225,1225,1454,1004409105.0,1071,F1,1225,,,,,
2026-02-18,2026-02-18,FO,NSE,STO,119644,,HINDZINC,,2026-04-28,2026-04-28,800.0,CE,HINDZINC26APR800CE,2.3,3.9,2.1,2.45,2.1,5.05,585.25,2.45,13475,8575,9,8847807.5,9,F1,1225,,,,,
2026-02-18,2026-02-18,FO,NSE,STO,128356,,IREDA,,2026-03-30,2026-03-30,147.0,CE,IREDA26MAR147CE,0.0,0.0,0.0,4.18,0.0,4.18,127.85,1.24,0,0,0,0.0,0,F1,3450,,,,,
2026-02-18,2026-02-18,FO,NSE,STO,118362,,IREDA,,2026-03-30,2026-03-30,134.0,CE,IREDA26MAR134CE,0.0,0.0,0.0,14.92,0.0,14.92,127.85,4.17,0,0,0,0.0,0,F1,3450,,,,,
2026-02-18,2026-02-18,FO,NSE,STO,118360,,IREDA,,2026-03-30,2026-03-30,132.0,CE,IREDA26MAR132CE,3.5,3.52,3.05,3.07,3.07,3.69,127.85,3.07,65550,37950,17,7926582.0,12,F1,3450,,,,,
2026-02-18,2026-02-18,FO,NSE,STO,117775,,IREDA,,2026-02-24,2026-02-24,109.0,CE,IREDA26FEB109CE,0.0,0.0,0.0,29.87,0.0,29.87,127.85,18.95,0,0,0,0.0,0,F1,3450,,,,,
2026-02-18,2026-02-18,FO,NSE,STO,107052,,IREDA,,2026-02-24,2026-02-24,130.0,CE,IREDA26FEB130CE,1.75,2.09,1.05,1.48,1.48,1.78,127.85,1.48,6661950,-193200,1531,693926100.0,1327,F1,3450,,,,,
2026-02-18,2026-02-18,FO,NSE,STO,107058,,IREDA,,2026-02-24,2026-02-24,140.0,CE,IREDA26FEB140CE,0.47,0.5,0.17,0.24,0.23,0.43,127.85,0.24,4160700,-610650,525,254017083.0,405,F1,3450,,,,,
2026-02-18,2026-02-18,FO,NSE,STO,107068,,IREDA,,2026-02-24,2026-02-24,160.0,CE,IREDA26FEB160CE,0.05,0.05,0.02,0.02,0.02,0.06,127.85,0.02,1538700,-20700,7,3864759.0,7,F1,3450,,,,,
2026-02-18,2026-02-18,FO,NSE,STO,117949,,IREDA,,2026-02-24,2026-02-24,138.0,PE,IREDA26FEB138PE,11.57,11.84,10.52,10.95,10.95,8.42,127.85,10.19,34500,-24150,26,13394694.0,14,F1,3450,,,,,
2026-02-18,2026-02-18,FO,NSE,STO,107051,,IREDA,,2026-02-24,2026-02-24,125.0,PE,IREDA26FEB125PE,1.7,1.89,0.84,0.95,1.14,1.7,127.85,0.95,1128150,-496800,481,209607441.0,393,F1,3450,,,,,
2026-02-18,2026-02-18,FO,NSE,STO,117774,,IREDA,,2026-02-24,2026-02-24,108.0,PE,IREDA26FEB108PE,0.0,0.0,0.0,0.11,0.11,0.11,127.85,0.01,241500,0,0,0.0,0,F1,3450,,,,,
2026-02-18,2026-02-18,FO,NSE,STO,128698,,IREDA,,2026-04-28,2026-04-28,138.0,CE,IREDA26APR138CE,0.0,0.0,0.0,9.02,0.0,9.02,127.85,4.97,0,0,0,0.0,0,F1,3450,,,,,
2026-02-18,2026-02-18,FO,NSE,STO,118044,,IREDA,,2026-02-24,2026-02-24,152.0,PE,IREDA26FEB152PE,0.0,0.0,0.0,27.86,27.86,27.86,127.85,24.01,24150,0,0,0.0,0,F1,3450,,,,,
2026-02-18,2026-02-18,FO,NSE,STO,128296,,IREDA,,2026-03-30,2026-03-30,117.0,PE,IREDA26MAR117PE,0.0,0.0,0.0,3.04,3.04,3.04,127.85,1.97,55200,0,0,0.0,0,F1,3450,,,,,
2026-02-18,2026-02-18,FO,NSE,STO,128304,,IREDA,,2026-03-30,2026-03-30,125.0,PE,IREDA26MAR125PE,5.4,6.48,5.4,5.54,5.7,6.1,127.85,5.54,983250,372600,153,69069448.5,152,F1,3450,,,,,
2026-02-18,2026-02-18,FO,NSE,STO,118327,,IREDA,,2026-03-30,2026-03-30,126.0,PE,IREDA26MAR126PE,6.2,7.01,6.0,6.0,6.0,6.69,127.85,6.0,93150,51750,18,8221212.0,16,F1,3450,,,,,
2026-02-18,2026-02-18,FO,NSE,STO,128317,,IREDA,,2026-03-30,2026-03-30,129.0,PE,IREDA26MAR129PE,0.0,0.0,0.0,9.17,0.0,9.17,127.85,6.56,0,0,0,0.0,0,F1,3450,,,,,
2026-02-18,2026-02-18,FO,NSE,STO,118364,,IREDA,,2026-03-30,2026-03-30,134.0,PE,IREDA26MAR134PE,0.0,0.0,0.0,13.5,13.5,13.5,127.85,9.52,3450,0,0,0.0,0,F1,3450,,,,,
2026-02-18,2026-02-18,FO,NSE,STO,128650,,IREDA,,2026-04-28,2026-04-28,110.0,CE,IREDA26APR110CE,0.0,0.0,0.0,24.15,0.0,24.15,127.85,20.66,0,0,0,0.0,0,F1,3450,,,,,
2026-02-18,2026-02-18,FO,NSE,STO,118377,,IREDA,,2026-03-30,2026-03-30,138.0,CE,IREDA26MAR138CE,0.0,0.0,0.0,3.0,3.0,3.0,127.85,2.96,10350,0,0,0.0,0,F1,3450,,,,,
2026-02-18,2026-02-18,FO,NSE,STO,118494,,IREDA,,2026-03-30,2026-03-30,164.0,CE,IREDA26MAR164CE,0.0,0.0,0.0,2.21,2.21,2.21,127.85,0.18,6900,0,0,0.0,0,F1,3450,,,,,
2026-02-18,2026-02-18,FO,NSE,STO,128741,,IREDA,,2026-04-28,2026-04-28,146.0,PE,IREDA26APR146PE,0.0,0.0,0.0,21.38,0.0,21.38,127.85,19.58,0,0,0,0.0,0,F1,3450,,,,,
2026-02-18,2026-02-18,FO,NSE,STO,128732,,IREDA,,2026-04-28,2026-04-28,144.0,PE,IREDA26APR144PE,0.0,0.0,0.0,19.98,0.0,19.98,127.85,18.03,0,0,0,0.0,0,F1,3450,,,,,
2026-02-18,2026-02-18,FO,NSE,STO,128730,,IREDA,,2026-04-28,2026-04-28,142.0,PE,IREDA26APR142PE,0.0,0.0,0.0,18.62,0.0,18.62,127.85,16.53,0,0,0,0.0,0,F1,3450,,,,,
2026-02-18,2026-02-18,FO,NSE,STO,128701,,IREDA,,2026-04-28,2026-04-28,140.0,PE,IREDA26APR140PE,0.0,0.0,0.0,17.3,0.0,17.3,127.85,15.08,0,0,0,0.0,0,F1,3450,,,,,
2026-02-18,2026-02-18,FO,NSE,STO,128697,,IREDA,,2026-04-28,2026-04-28,136.0,PE,IREDA26APR136PE,0.0,0.0,0.0,14.8,0.0,14.8,127.85,12.37,0,0,0,0.0,0,F1,3450,,,,,
2026-02-18,2026-02-18,FO,NSE,STO,128687,,IREDA,,2026-04-28,2026-04-28,126.0,PE,IREDA26APR126PE,0.0,0.0,0.0,9.42,0.0,9.42,127.85,6.77,0,0,0,0.0,0,F1,3450,,,,,
2026-02-18,2026-02-18,FO,NSE,STO,128669,,IREDA,,2026-04-28,2026-04-28,120.0,PE,IREDA26APR120PE,0.0,0.0,0.0,6.82,0.0,6.82,127.85,4.31,0,0,0,0.0,0,F1,3450,,,,,
2026-02-18,2026-02-18,FO,NSE,STO,117791,,IREDA,,2026-02-24,2026-02-24,113.0,CE,IREDA26FEB113CE,0.0,0.0,0.0,11.1,10.96,11.1,127.85,14.96,24150,0,0,0.0,0,F1,3450,,,,,
2026-02-18,2026-02-18,FO,NSE,STO,117872,,IREDA,,2026-02-24,2026-02-24,127.0,CE,IREDA26FEB127CE,2.83,3.24,1.84,2.67,2.68,2.83,127.85,2.67,472650,-155250,439,195975594.0,388,F1,3450,,,,,
2026-02-18,2026-02-18,FO,NSE,STO,117946,,IREDA,,2026-02-24,2026-02-24,137.0,CE,IREDA26FEB137CE,0.6,0.74,0.3,0.4,0.4,0.6,127.85,0.4,555450,41400,88,41748243.0,88,F1,3450,,,,,
2026-02-18,2026-02-18,FO,NSE,STO,117948,,IREDA,,2026-02-24,2026-02-24,138.0,CE,IREDA26FEB138CE,0.23,0.35,0.13,0.33,0.34,0.55,127.85,0.33,876300,-72450,84,40072129.5,81,F1,3450,,,,,
2026-02-18,2026-02-18,FO,NSE,STO,118300,,IREDA,,2026-03-30,2026-03-30,104.0,CE,IREDA26MAR104CE,21.2,21.2,21.2,21.2,21.2,18.0,127.85,24.74,17250,13800,4,1727760.0,4,F1,3450,,,,,
2026-02-18,2026-02-18,FO,NSE,STO,118304,,IREDA,,2026-03-30,2026-03-30,108.0,CE,IREDA26MAR108CE,0.0,0.0,0.0,32.4,0.0,32.4,127.85,21.04,0,0,0,0.0,0,F1,3450,,,,,
2026-02-18,2026-02-18,FO,NSE,STO,128291,,IREDA,,2026-03-30,2026-03-30,113.0,CE,IREDA26MAR113CE,0.0,0.0,0.0,20.11,0.0,20.11,127.85,16.69,0,0,0,0.0,0,F1,3450,,,,,
2026-02-18,2026-02-18,FO,NSE,STO,118322,,IREDA,,2026-03-30,2026-03-30,122.0,CE,IREDA26MAR122CE,0.0,0.0,0.0,21.96,0.0,21.96,127.85,10.04,0,0,0,0.0,0,F1,3450,,,,,
2026-02-18,2026-02-18,FO,NSE,STO,128653,,IREDA,,2026-04-28,2026-04-28,112.0,PE,IREDA26APR112PE,0.0,0.0,0.0,4.13,0.0,4.13,127.85,2.07,0,0,0,0.0,0,F1,3450,,,,,
2026-02-18,2026-02-18,FO,NSE,STO,128364,,IREDA,,2026-03-30,2026-03-30,149.0,PE,IREDA26MAR149PE,0.0,0.0,0.0,22.3,0.0,22.3,127.85,21.26,0,0,0,0.0,0,F1,3450,,,,,
2026-02-18,2026-02-18,FO,NSE,STO,118456,,IREDA,,2026-03-30,2026-03-30,148.0,PE,IREDA26MAR148PE,0.0,0.0,0.0,17.71,17.71,17.71,127.85,20.38,6900,0,0,0.0,0,F1,3450,,,,,
2026-02-18,2026-02-18,FO,NSE,STO,118352,,IREDA,,2026-03-30,2026-03-30,130.0,PE,IREDA26MAR130PE,8.51,9.56,8.27,8.54,8.67,9.0,127.85,8.54,1062600,451950,164,78511443.0,153,F1,3450,,,,,
2026-02-18,2026-02-18,FO,NSE,STO,118301,,IREDA,,2026-03-30,2026-03-30,104.0,PE,IREDA26MAR104PE,0.62,0.8,0.61,0.65,0.67,1.37,127.85,0.65,110400,110400,36,13002567.0,27,F1,3450,,,,,
2026-02-18,2026-02-18,FO,NSE,STO,118042,,IREDA,,2026-02-24,2026-02-24,151.0,PE,IREDA26FEB151PE,0.0,0.0,0.0,17.97,0.0,17.97,127.85,23.01,0,0,0,0.0,0,F1,3450,,,,,
2026-02-18,2026-02-18,FO,NSE,STO,118008,,IREDA,,2026-02-24,2026-02-24,149.0,PE,IREDA26FEB149PE,0.0,0.0,0.0,20.34,20.34,20.34,127.85,21.02,37950,0,0,0.0,0,F1,3450,,,,,
2026-02-18,2026-02-18,FO,NSE,STO,117966,,IREDA,,2026-02-24,2026-02-24,143.0,PE,IREDA26FEB143PE,0.0,0.0,0.0,13.0,13.0,13.0,127.85,15.04,10350,0,0,0.0,0,F1,3450,,,,,
2026-02-18,2026-02-18,FO,NSE,STO,107057,,IREDA,,2026-02-24,2026-02-24,135.0,PE,IREDA26FEB135PE,8.3,9.4,7.73,7.79,7.79,8.78,127.85,7.46,658950,-51750,30,14833137.0,30,F1,3450,,,,,
2026-02-18,2026-02-18,FO,NSE,STO,117873,,IREDA,,2026-02-24,2026-02-24,127.0,PE,IREDA26FEB127PE,2.63,2.98,1.52,1.63,1.9,2.64,127.85,1.63,451950,172500,213,94892733.0,193,F1,3450,,,,,
2026-02-18,2026-02-18,FO,NSE,STO,117847,,IREDA,,2026-02-24,2026-02-24,122.0,PE,IREDA26FEB122PE,0.49,0.82,0.31,0.38,0.45,0.82,127.85,0.38,265650,41400,82,34651041.0,78,F1,3450,,,,,
2026-02-18,2026-02-18,FO,NSE,STO,107019,,IREDA,,2026-02-24,2026-02-24,110.0,PE,IREDA26FEB110PE,0.11,0.11,0.05,0.05,0.07,0.11,127.85,0.05,831450,-31050,140,53167674.0,132,F1,3450,,,,,
2026-02-18,2026-02-18,FO,NSE,STO,117762,,IREDA,,2026-02-24,2026-02-24,106.0,PE,IREDA26FEB106PE,0.03,0.07,0.03,0.07,0.07,0.11,127.85,0.01,376050,-3450,13,4757032.5,11,F1,3450,,,,,
2026-02-18,2026-02-18,FO,NSE,STO,128660,,IREDA,,2026-04-28,2026-04-28,114.0,CE,IREDA26APR114CE,0.0,0.0,0.0,21.35,0.0,21.35,127.85,17.55,0,0,0,0.0,0,F1,3450,,,,,
2026-02-18,2026-02-18,FO,NSE,STO,128744,,IREDA,,2026-04-28,2026-04-28,150.0,CE,IREDA26APR150CE,0.0,0.0,0.0,5.48,0.0,5.48,127.85,2.22,0,0,0,0.0,0,F1,3450,,,,,
2026-02-18,2026-02-18,FO,NSE,STO,107055,,IREDA,,2026-02-24,2026-02-24,130.0,PE,IREDA26FEB130PE,4.27,5.14,3.24,3.39,3.7,4.6,127.85,3.39,2201100,-645150,433,200509135.5,337,F1,3450,,,,,
2026-02-18,2026-02-18,FO,NSE,STO,117972,,IREDA,,2026-02-24,2026-02-24,144.0,PE,IREDA26FEB144PE,0.0,0.0,0.0,16.95,16.95,16.95,127.85,16.04,10350,0,0,0.0,0,F1,3450,,,,,
2026-02-18,2026-02-18,FO,NSE,STO,128292,,IREDA,,2026-03-30,2026-03-30,113.0,PE,IREDA26MAR113PE,0.0,0.0,0.0,3.05,0.0,3.05,127.85,1.16,0,0,0,0.0,0,F1,3450,,,,,
2026-02-18,2026-02-18,FO,NSE,STO,128294,,IREDA,,2026-03-30,2026-03-30,115.0,PE,IREDA26MAR115PE,2.3,2.5,2.13,2.2,2.27,2.49,127.85,2.2,845250,310500,215,86983815.0,150,F1,3450,,,,,
2026-02-18,2026-02-18,FO,NSE,STO,128313,,IREDA,,2026-03-30,2026-03-30,127.0,PE,IREDA26MAR127PE,0.0,0.0,0.0,8.18,0.0,8.18,127.85,5.55,0,0,0,0.0,0,F1,3450,,,,,
2026-02-18,2026-02-18,FO,NSE,STO,118384,,IREDA,,2026-03-30,2026-03-30,140.0,PE,IREDA26MAR140PE,17.0,17.0,15.98,16.0,16.0,16.28,127.85,16.0,541650,144900,44,23690149.5,29,F1,3450,,,,,
2026-02-18,2026-02-18,FO,NSE,STO,128301,,IREDA,,2026-03-30,2026-03-30,123.0,CE,IREDA26MAR123CE,0.0,0.0,0.0,13.55,0.0,13.55,127.85,9.42,0,0,0,0.0,0,F1,3450,,,,,
2026-02-18,2026-02-18,FO,NSE,STO,118047,,IREDA,,2026-02-24,2026-02-24,154.0,CE,IREDA26FEB154CE,0.0,0.0,0.0,0.91,0.91,0.91,127.85,0.01,37950,0,0,0.0,0,F1,3450,,,,,
2026-02-18,2026-02-18,FO,NSE,STO,118043,,IREDA,,2026-02-24,2026-02-24,152.0,CE,IREDA26FEB152CE,0.06,0.06,0.05,0.05,0.05,0.09,127.85,0.01,110400,-3450,3,1573786.5,2,F1,3450,,,,,
2026-02-18,2026-02-18,FO,NSE,STO,117976,,IREDA,,2026-02-24,2026-02-24,146.0,CE,IREDA26FEB146CE,0.07,0.08,0.07,0.08,0.08,0.28,127.85,0.01,165600,-3450,3,1511893.5,3,F1,3450,,,,,
2026-02-18,2026-02-18,FO,NSE,STO,107060,,IREDA,,2026-02-24,2026-02-24,145.0,CE,IREDA26FEB145CE,0.3,0.3,0.06,0.11,0.13,0.23,127.85,0.11,1814700,-37950,199,99626685.0,173,F1,3450,,,,,
2026-02-18,2026-02-18,FO,NSE,STO,128699,,IREDA,,2026-04-28,2026-04-28,138.0,PE,IREDA26APR138PE,0.0,0.0,0.0,16.03,0.0,16.03,127.85,13.69,0,0,0,0.0,0,F1,3450,,,,,
2026-02-18,2026-02-18,FO,NSE,STO,117796,,IREDA,,2026-02-24,2026-02-24,116.0,CE,IREDA26FEB116CE,0.0,0.0,0.0,8.52,8.52,8.52,127.85,12.0,10350,0,0,0.0,0,F1,3450,,,,,
2026-02-18,2026-02-18,FO,NSE,STO,128665,,IREDA,,2026-04-28,2026-04-28,116.0,PE,IREDA26APR116PE,0.0,0.0,0.0,5.36,0.0,5.36,127.85,3.05,0,0,0,0.0,0,F1,3450,,,,,
2026-02-18,2026-02-18,FO,NSE,STO,117942,,IREDA,,2026-02-24,2026-02-24,134.0,CE,IREDA26FEB134CE,1.05,1.05,0.52,0.67,0.67,0.92,127.85,0.67,731400,148350,127,59012181.0,104,F1,3450,,,,,
2026-02-18,2026-02-18,FO,NSE,STO,117844,,IREDA,,2026-02-24,2026-02-24,122.0,CE,IREDA26FEB122CE,5.53,6.4,5.3,6.4,6.4,5.92,127.85,6.48,151800,-13800,11,4839591.0,11,F1,3450,,,,,
2026-02-18,2026-02-18,FO,NSE,STO,118389,,IREDA,,2026-03-30,2026-03-30,146.0,CE,IREDA26MAR146CE,0.0,0.0,0.0,9.7,0.0,9.7,127.85,1.38,0,0,0,0.0,0,F1,3450,,,,,
2026-02-18,2026-02-18,FO,NSE,STO,128370,,IREDA,,2026-03-30,2026-03-30,151.0,PE,IREDA26MAR151PE,0.0,0.0,0.0,23.88,0.0,23.88,127.85,23.06,0,0,0,0.0,0,F1,3450,,,,,
2026-02-18,2026-02-18,FO,NSE,STO,118460,,IREDA,,2026-03-30,2026-03-30,152.0,PE,IREDA26MAR152PE,0.0,0.0,0.0,20.59,0.0,20.59,127.85,23.97,0,0,0,0.0,0,F1,3450,,,,,
2026-02-18,2026-02-18,FO,NSE,STO,128372,,IREDA,,2026-03-30,2026-03-30,153.0,PE,IREDA26MAR153PE,0.0,0.0,0.0,28.0,28.0,28.0,127.85,24.88,10350,0,0,0.0,0,F1,3450,,,,,
2026-02-18,2026-02-18,FO,NSE,STO,118472,,IREDA,,2026-03-30,2026-03-30,154.0,PE,IREDA26MAR154PE,29.4,29.4,28.52,28.52,28.52,31.1,127.85,28.52,79350,62100,19,11996374.5,14,F1,3450,,,,,
2026-02-18,2026-02-18,FO,NSE,STO,128649,,IREDA,,2026-04-28,2026-04-28,108.0,PE,IREDA26APR108PE,0.0,0.0,0.0,3.09,0.0,3.09,127.85,1.33,0,0,0,0.0,0,F1,3450,,,,,
2026-02-18,2026-02-18,FO,NSE,STO,117893,,IREDA,,2026-02-24,2026-02-24,131.0,PE,IREDA26FEB131PE,5.41,5.41,4.04,4.13,4.29,6.54,127.85,4.13,169050,-96600,45,21029992.5,45,F1,3450,,,,,
2026-02-18,2026-02-18,FO,NSE,STO,117947,,IREDA,,2026-02-24,2026-02-24,137.0,PE,IREDA26FEB137PE,0.0,0.0,0.0,13.35,13.35,13.35,127.85,9.26,134550,0,0,0.0,0,F1,3450,,,,,
2026-02-18,2026-02-18,FO,NSE,STF,51935,,IREDA,,2026-03-30,2026-03-30,,,IREDA26MARFUT,125.69,126.33,123.74,125.17,124.82,125.03,127.85,125.17,28548750,5709750,4109,1768742274.0,3361,F1,3450,,,,,
2026-02-18,2026-02-18,FO,NSE,STO,117883,,IREDA,,2026-02-24,2026-02-24,129.0,CE,IREDA26FEB129CE,2.2,2.41,1.29,1.79,1.81,2.06,127.85,1.79,600300,-172500,286,129030966.0,256,F1,3450,,,,,
2026-02-18,2026-02-18,FO,NSE,STO,117995,,IREDA,,2026-02-24,2026-02-24,148.0,CE,IREDA26FEB148CE,0.0,0.0,0.0,0.01,0.01,0.01,127.85,0.01,13800,0,0,0.0,0,F1,3450,,,,,
2026-02-18,2026-02-18,FO,NSE,STO,118308,,IREDA,,2026-03-30,2026-03-30,112.0,CE,IREDA26MAR112CE,0.0,0.0,0.0,29.19,0.0,29.19,127.85,17.53,0,0,0,0.0,0,F1,3450,,,,,
2026-02-18,2026-02-18,FO,NSE,STO,128295,,IREDA,,2026-03-30,2026-03-30,117.0,CE,IREDA26MAR117CE,0.0,0.0,0.0,17.29,0.0,17.29,127.85,13.52,0,0,0,0.0,0,F1,3450,,,,,
2026-02-18,2026-02-18,FO,NSE,STO,118502,,IREDA,,2026-03-30,2026-03-30,168.0,CE,IREDA26MAR168CE,0.0,0.0,0.0,0.65,0.65,0.65,127.85,0.11,17250,0,0,0.0,0,F1,3450,,,,,
2026-02-18,2026-02-18,FO,NSE,STO,128692,,IREDA,,2026-04-28,2026-04-28,132.0,CE,IREDA26APR132CE,0.0,0.0,0.0,11.39,0.0,11.39,127.85,7.13,0,0,0,0.0,0,F1,3450,,,,,
2026-02-18,2026-02-18,FO,NSE,STO,128700,,IREDA,,2026-04-28,2026-04-28,140.0,CE,IREDA26APR140CE,2.75,2.75,2.75,2.75,2.75,2.45,127.85,2.75,34500,24150,7,3447412.5,1,F1,3450,,,,,
2026-02-18,2026-02-18,FO,NSE,STO,117790,,IREDA,,2026-02-24,2026-02-24,112.0,PE,IREDA26FEB112PE,0.0,0.0,0.0,0.17,0.21,0.17,127.85,0.01,138000,0,0,0.0,0,F1,3450,,,,,
2026-02-18,2026-02-18,FO,NSE,STO,117795,,IREDA,,2026-02-24,2026-02-24,114.0,PE,IREDA26FEB114PE,0.26,0.26,0.06,0.07,0.07,0.26,127.85,0.07,48300,-55200,31,12204375.0,31,F1,3450,,,,,
2026-02-18,2026-02-18,FO,NSE,STO,117865,,IREDA,,2026-02-24,2026-02-24,123.0,PE,IREDA26FEB123PE,0.9,1.02,0.44,0.51,0.58,1.03,127.85,0.51,155250,-17250,67,28600086.0,66,F1,3450,,,,,
2026-02-18,2026-02-18,FO,NSE,STO,117871,,IREDA,,2026-02-24,2026-02-24,126.0,PE,IREDA26FEB126PE,2.09,2.35,1.13,1.23,1.45,2.09,127.85,1.23,455400,44850,160,70472770.5,149,F1,3450,,,,,
2026-02-18,2026-02-18,FO,NSE,STO,117994,,IREDA,,2026-02-24,2026-02-24,147.0,PE,IREDA26FEB147PE,19.85,19.85,19.85,19.85,19.85,17.0,127.85,19.02,3450,-6900,2,1151265.0,2,F1,3450,,,,,
2026-02-18,2026-02-18,FO,NSE,STO,107069,,IREDA,,2026-02-24,2026-02-24,160.0,PE,IREDA26FEB160PE,33.1,33.1,32.25,32.25,32.25,35.2,127.85,32.25,255300,-13800,4,2659432.5,4,F1,3450,,,,,
2026-02-18,2026-02-18,FO,NSE,STO,118136,,IREDA,,2026-02-24,2026-02-24,166.0,PE,IREDA26FEB166PE,0.0,0.0,0.0,40.5,40.5,40.5,127.85,38.0,3450,0,0,0.0,0,F1,3450,,,,,
2026-02-18,2026-02-18,FO,NSE,STO,128651,,IREDA,,2026-04-28,2026-04-28,110.0,PE,IREDA26APR110PE,0.0,0.0,0.0,3.58,0.0,3.58,127.85,1.67,0,0,0,0.0,0,F1,3450,,,,,
2026-02-18,2026-02-18,FO,NSE,STO,118302,,IREDA,,2026-03-30,2026-03-30,106.0,CE,IREDA26MAR106CE,0.0,0.0,0.0,34.07,0.0,34.07,127.85,22.87,0,0,0,0.0,0,F1,3450,,,,,
2026-02-18,2026-02-18,FO,NSE,STO,107064,,IREDA,,2026-02-24,2026-02-24,150.0,CE,IREDA26FEB150CE,0.09,0.16,0.05,0.05,0.07,0.13,127.85,0.05,2259750,-455400,264,136685308.5,183,F1,3450,,,,,
2026-02-18,2026-02-18,FO,NSE,STO,117993,,IREDA,,2026-02-24,2026-02-24,147.0,CE,IREDA26FEB147CE,0.0,0.0,0.0,0.18,0.18,0.18,127.85,0.01,227700,0,0,0.0,0,F1,3450,,,,,
2026-02-18,2026-02-18,FO,NSE,STO,117944,,IREDA,,2026-02-24,2026-02-24,136.0,CE,IREDA26FEB136CE,0.7,0.85,0.34,0.47,0.48,0.67,127.85,0.47,917700,-3450,79,37203006.0,71,F1,3450,,,,,
2026-02-18,2026-02-18,FO,NSE,STO,107018,,IREDA,,2026-02-24,2026-02-24,110.0,CE,IREDA26FEB110CE,0.0,0.0,0.0,16.4,16.4,16.4,127.85,17.95,10350,0,0,0.0,0,F1,3450,,,,,
2026-02-18,2026-02-18,FO,NSE,STF,59381,,IREDA,,2026-02-24,2026-02-24,,,IREDA26FEBFUT,127.12,128.4,125.89,127.98,127.7,127.06,127.85,127.98,55051650,-9194250,4679,2055931866.0,3911,F1,3450,,,,,
2026-02-18,2026-02-18,FO,NSE,STO,107056,,IREDA,,2026-02-24,2026-02-24,135.0,CE,IREDA26FEB135CE,0.94,1.0,0.41,0.56,0.58,0.83,127.85,0.56,3481050,-407100,641,299751732.0,520,F1,3450,,,,,
2026-02-18,2026-02-18,FO,NSE,STO,117866,,IREDA,,2026-02-24,2026-02-24,124.0,CE,IREDA26FEB124CE,4.24,4.96,3.53,4.74,4.79,4.24,127.85,4.74,320850,-62100,45,19929028.5,38,F1,3450,,,,,
2026-02-18,2026-02-18,FO,NSE,STO,107022,,IREDA,,2026-02-24,2026-02-24,115.0,CE,IREDA26FEB115CE,0.0,0.0,0.0,10.9,10.9,10.9,127.85,12.98,72450,0,0,0.0,0,F1,3450,,,,,
2026-02-18,2026-02-18,FO,NSE,STO,118388,,IREDA,,2026-03-30,2026-03-30,144.0,PE,IREDA26MAR144PE,0.0,0.0,0.0,15.46,0.0,15.46,127.85,16.97,0,0,0,0.0,0,F1,3450,,,,,
2026-02-18,2026-02-18,FO,NSE,STO,118382,,IREDA,,2026-03-30,2026-03-30,138.0,PE,IREDA26MAR138PE,0.0,0.0,0.0,9.47,9.47,9.47,127.85,12.28,6900,0,0,0.0,0,F1,3450,,,,,
2026-02-18,2026-02-18,FO,NSE,STO,128330,,IREDA,,2026-03-30,2026-03-30,133.0,PE,IREDA26MAR133PE,0.0,0.0,0.0,11.34,0.0,11.34,127.85,8.88,0,0,0,0.0,0,F1,3450,,,,,
2026-02-18,2026-02-18,FO,NSE,STO,118309,,IREDA,,2026-03-30,2026-03-30,112.0,PE,IREDA26MAR112PE,1.6,1.6,1.6,1.6,1.6,1.8,127.85,1.01,0,-3450,1,391920.0,1,F1,3450,,,,,
2026-02-18,2026-02-18,FO,NSE,STO,107067,,IREDA,,2026-02-24,2026-02-24,155.0,PE,IREDA26FEB155PE,27.46,27.46,26.99,27.02,27.05,27.9,127.85,27.02,172500,-34500,14,8803123.5,12,F1,3450,,,,,
2026-02-18,2026-02-18,FO,NSE,STO,117977,,IREDA,,2026-02-24,2026-02-24,146.0,PE,IREDA26FEB146PE,0.0,0.0,0.0,18.0,18.0,18.0,127.85,18.02,0,0,0,0.0,0,F1,3450,,,,,
2026-02-18,2026-02-18,FO,NSE,STO,117884,,IREDA,,2026-02-24,2026-02-24,129.0,PE,IREDA26FEB129PE,4.1,4.26,2.59,2.66,3.02,4.86,127.85,2.66,113850,-72450,68,31018467.0,68,F1,3450,,,,,
2026-02-18,2026-02-18,FO,NSE,STO,128664,,IREDA,,2026-04-28,2026-04-28,116.0,CE,IREDA26APR116CE,0.0,0.0,0.0,20.02,0.0,20.02,127.85,16.1,0,0,0,0.0,0,F1,3450,,,,,
2026-02-18,2026-02-18,FO,NSE,STO,118486,,IREDA,,2026-03-30,2026-03-30,156.0,CE,IREDA26MAR156CE,0.33,0.33,0.33,0.33,0.33,0.4,127.85,0.46,17250,-3450,1,539338.5,1,F1,3450,,,,,
2026-02-18,2026-02-18,FO,NSE,STO,118385,,IREDA,,2026-03-30,2026-03-30,142.0,CE,IREDA26MAR142CE,0.0,0.0,0.0,1.85,1.85,1.85,127.85,2.04,6900,0,0,0.0,0,F1,3450,,,,,
2026-02-18,2026-02-18,FO,NSE,STO,128348,,IREDA,,2026-03-30,2026-03-30,139.0,CE,IREDA26MAR139CE,0.0,0.0,0.0,6.39,0.0,6.39,127.85,2.7,0,0,0,0.0,0,F1,3450,,,,,
2026-02-18,2026-02-18,FO,NSE,STO,128331,,IREDA,,2026-03-30,2026-03-30,135.0,CE,IREDA26MAR135CE,3.5,3.5,2.25,2.39,2.39,2.76,127.85,2.39,655500,158700,115,54537703.5,103,F1,3450,,,,,
2026-02-18,2026-02-18,FO,NSE,STO,118326,,IREDA,,2026-03-30,2026-03-30,126.0,CE,IREDA26MAR126CE,6.0,6.0,5.04,5.3,5.3,5.79,127.85,7.69,134550,41400,27,12248742.0,23,F1,3450,,,,,
2026-02-18,2026-02-18,FO,NSE,STO,118320,,IREDA,,2026-03-30,2026-03-30,120.0,CE,IREDA26MAR120CE,8.55,8.82,8.04,8.75,8.7,9.2,127.85,8.75,755550,317400,106,46972819.5,105,F1,3450,,,,,
2026-02-18,2026-02-18,FO,NSE,STO,128283,,IREDA,,2026-03-30,2026-03-30,109.0,CE,IREDA26MAR109CE,0.0,0.0,0.0,23.16,0.0,23.16,127.85,20.14,0,0,0,0.0,0,F1,3450,,,,,
2026-02-18,2026-02-18,FO,NSE,STO,118324,,IREDA,,2026-03-30,2026-03-30,124.0,CE,IREDA26MAR124CE,0.0,0.0,0.0,6.58,6.58,6.58,127.85,8.82,93150,0,0,0.0,0,F1,3450,,,,,
2026-02-18,2026-02-18,FO,NSE,STO,128293,,IREDA,,2026-03-30,2026-03-30,115.0,CE,IREDA26MAR115CE,0.0,0.0,0.0,18.67,0.0,18.67,127.85,15.07,0,0,0,0.0,0,F1,3450,,,,,
2026-02-18,2026-02-18,FO,NSE,STO,128814,,IREDA,,2026-04-28,2026-04-28,152.0,PE,IREDA26APR152PE,0.0,0.0,0.0,25.82,0.0,25.82,127.85,24.5,0,0,0,0.0,0,F1,3450,,,,,
2026-02-18,2026-02-18,FO,NSE,STO,128689,,IREDA,,2026-04-28,2026-04-28,128.0,PE,IREDA26APR128PE,0.0,0.0,0.0,10.39,0.0,10.39,127.85,7.75,0,0,0,0.0,0,F1,3450,,,,,
2026-02-18,2026-02-18,FO,NSE,STO,128671,,IREDA,,2026-04-28,2026-04-28,122.0,PE,IREDA26APR122PE,0.0,0.0,0.0,7.63,0.0,7.63,127.85,5.06,0,0,0,0.0,0,F1,3450,,,,,
2026-02-18,2026-02-18,FO,NSE,STO,128663,,IREDA,,2026-04-28,2026-04-28,114.0,PE,IREDA26APR114PE,0.0,0.0,0.0,4.72,0.0,4.72,127.85,2.52,0,0,0,0.0,0,F1,3450,,,,,
2026-02-18,2026-02-18,FO,NSE,STO,128353,,IREDA,,2026-03-30,2026-03-30,143.0,PE,IREDA26MAR143PE,0.0,0.0,0.0,17.81,0.0,17.81,127.85,16.15,0,0,0,0.0,0,F1,3450,,,,,
2026-02-18,2026-02-18,FO,NSE,STO,128345,,IREDA,,2026-03-30,2026-03-30,137.0,PE,IREDA26MAR137PE,0.0,0.0,0.0,16.35,16.35,16.35,127.85,11.56,6900,0,0,0.0,0,F1,3450,,,,,
2026-02-18,2026-02-18,FO,NSE,STO,118323,,IREDA,,2026-03-30,2026-03-30,122.0,PE,IREDA26MAR122PE,4.15,4.7,4.15,4.7,4.7,5.29,127.85,3.46,6900,6900,2,872332.5,2,F1,3450,,,,,
2026-02-18,2026-02-18,FO,NSE,STO,118303,,IREDA,,2026-03-30,2026-03-30,106.0,PE,IREDA26MAR106PE,1.06,1.07,0.77,0.83,0.85,1.05,127.85,0.83,293250,-20700,33,12170703.0,32,F1,3450,,,,,
2026-02-18,2026-02-18,FO,NSE,STO,117941,,IREDA,,2026-02-24,2026-02-24,133.0,PE,IREDA26FEB133PE,6.17,7.26,5.81,6.03,6.03,7.99,127.85,6.03,141450,-27600,24,11546563.5,24,F1,3450,,,,,
2026-02-18,2026-02-18,FO,NSE,STO,117905,,IREDA,,2026-02-24,2026-02-24,132.0,PE,IREDA26FEB132PE,5.74,6.52,4.85,5.02,5.22,6.25,127.85,5.02,193200,-41400,23,10932153.0,23,F1,3450,,,,,
2026-02-18,2026-02-18,FO,NSE,STO,107041,,IREDA,,2026-02-24,2026-02-24,120.0,PE,IREDA26FEB120PE,0.37,0.48,0.17,0.2,0.22,0.48,127.85,0.2,1697400,-276000,306,127014889.5,272,F1,3450,,,,,
2026-02-18,2026-02-18,FO,NSE,STO,128358,,IREDA,,2026-03-30,2026-03-30,149.0,CE,IREDA26MAR149CE,0.0,0.0,0.0,1.46,1.46,1.46,127.85,1.01,6900,0,0,0.0,0,F1,3450,,,,,
2026-02-18,2026-02-18,FO,NSE,STO,118455,,IREDA,,2026-03-30,2026-03-30,148.0,CE,IREDA26MAR148CE,0.0,0.0,0.0,0.78,0.78,0.78,127.85,1.12,96600,0,0,0.0,0,F1,3450,,,,,
2026-02-18,2026-02-18,FO,NSE,STO,118383,,IREDA,,2026-03-30,2026-03-30,140.0,CE,IREDA26MAR140CE,1.93,1.95,1.32,1.42,1.44,1.7,127.85,1.42,1783650,203550,230,112259929.5,183,F1,3450,,,,,
2026-02-18,2026-02-18,FO,NSE,STO,118351,,IREDA,,2026-03-30,2026-03-30,130.0,CE,IREDA26MAR130CE,3.86,4.75,3.54,3.83,3.7,4.26,127.85,3.83,2446050,431250,362,167156640.0,335,F1,3450,,,,,
2026-02-18,2026-02-18,FO,NSE,STO,128693,,IREDA,,2026-04-28,2026-04-28,132.0,PE,IREDA26APR132PE,0.0,0.0,0.0,12.49,0.0,12.49,127.85,9.91,0,0,0,0.0,0,F1,3450,,,,,
2026-02-18,2026-02-18,FO,NSE,STO,128641,,IREDA,,2026-04-28,2026-04-28,104.0,CE,IREDA26APR104CE,0.0,0.0,0.0,28.72,0.0,28.72,127.85,25.74,0,0,0,0.0,0,F1,3450,,,,,
2026-02-18,2026-02-18,FO,NSE,STO,128668,,IREDA,,2026-04-28,2026-04-28,120.0,CE,IREDA26APR120CE,0.0,0.0,0.0,17.54,0.0,17.54,127.85,13.4,0,0,0,0.0,0,F1,3450,,,,,
2026-02-18,2026-02-18,FO,NSE,STO,128731,,IREDA,,2026-04-28,2026-04-28,144.0,CE,IREDA26APR144CE,0.0,0.0,0.0,7.06,0.0,7.06,127.85,3.37,0,0,0,0.0,0,F1,3450,,,,,
2026-02-18,2026-02-18,FO,NSE,STO,117797,,IREDA,,2026-02-24,2026-02-24,116.0,PE,IREDA26FEB116PE,0.16,0.18,0.08,0.08,0.08,0.21,127.85,0.08,165600,-31050,19,7611459.0,19,F1,3450,,,,,
2026-02-18,2026-02-18,FO,NSE,STO,117880,,IREDA,,2026-02-24,2026-02-24,128.0,PE,IREDA26FEB128PE,3.09,3.59,2.03,2.11,2.41,3.3,127.85,2.11,493350,248400,158,71183505.0,112,F1,3450,,,,,
2026-02-18,2026-02-18,FO,NSE,STO,117953,,IREDA,,2026-02-24,2026-02-24,141.0,PE,IREDA26FEB141PE,0.0,0.0,0.0,11.51,0.0,11.51,127.85,13.08,0,0,0,0.0,0,F1,3450,,,,,
2026-02-18,2026-02-18,FO,NSE,STO,107063,,IREDA,,2026-02-24,2026-02-24,145.0,PE,IREDA26FEB145PE,18.61,18.61,17.32,17.35,17.37,18.07,127.85,17.35,931500,-44850,13,7290298.5,8,F1,3450,,,,,
2026-02-18,2026-02-18,FO,NSE,STO,107071,,IREDA,,2026-02-24,2026-02-24,165.0,PE,IREDA26FEB165PE,0.0,0.0,0.0,38.32,38.32,38.32,127.85,37.0,172500,0,0,0.0,0,F1,3450,,,,,
2026-02-18,2026-02-18,FO,NSE,STO,118161,,IREDA,,2026-02-24,2026-02-24,167.0,PE,IREDA26FEB167PE,40.2,40.2,39.7,39.7,39.7,40.0,127.85,39.0,165600,-31050,9,6424935.0,5,F1,3450,,,,,
2026-02-18,2026-02-18,FO,NSE,STO,128290,,IREDA,,2026-03-30,2026-03-30,111.0,PE,IREDA26MAR111PE,0.0,0.0,0.0,2.31,2.31,2.31,127.85,0.87,72450,0,0,0.0,0,F1,3450,,,,,
2026-02-18,2026-02-18,FO,NSE,STO,128298,,IREDA,,2026-03-30,2026-03-30,119.0,PE,IREDA26MAR119PE,0.0,0.0,0.0,4.86,0.0,4.86,127.85,2.49,0,0,0,0.0,0,F1,3450,,,,,
2026-02-18,2026-02-18,FO,NSE,STO,118361,,IREDA,,2026-03-30,2026-03-30,132.0,PE,IREDA26MAR132PE,0.0,0.0,0.0,9.09,9.09,9.09,127.85,8.27,6900,0,0,0.0,0,F1,3450,,,,,
2026-02-18,2026-02-18,FO,NSE,STO,128334,,IREDA,,2026-03-30,2026-03-30,135.0,PE,IREDA26MAR135PE,11.55,12.7,11.55,11.94,11.92,12.6,127.85,11.94,89700,31050,9,4564143.0,9,F1,3450,,,,,
2026-02-18,2026-02-18,FO,NSE,STO,118390,,IREDA,,2026-03-30,2026-03-30,146.0,PE,IREDA26MAR146PE,0.0,0.0,0.0,16.68,0.0,16.68,127.85,18.65,0,0,0,0.0,0,F1,3450,,,,,
2026-02-18,2026-02-18,FO,NSE,STO,128357,,IREDA,,2026-03-30,2026-03-30,147.0,PE,IREDA26MAR147PE,0.0,0.0,0.0,20.76,0.0,20.76,127.85,19.51,0,0,0,0.0,0,F1,3450,,,,,
2026-02-18,2026-02-18,FO,NSE,STO,128642,,IREDA,,2026-04-28,2026-04-28,104.0,PE,IREDA26APR104PE,0.0,0.0,0.0,2.25,0.0,2.25,127.85,0.82,0,0,0,0.0,0,F1,3450,,,,,
2026-02-18,2026-02-18,FO,NSE,STO,128667,,IREDA,,2026-04-28,2026-04-28,118.0,PE,IREDA26APR118PE,0.0,0.0,0.0,6.06,0.0,6.06,127.85,3.65,0,0,0,0.0,0,F1,3450,,,,,
2026-02-18,2026-02-18,FO,NSE,STO,128329,,IREDA,,2026-03-30,2026-03-30,133.0,CE,IREDA26MAR133CE,0.0,0.0,0.0,8.62,0.0,8.62,127.85,4.53,0,0,0,0.0,0,F1,3450,,,,,
2026-02-18,2026-02-18,FO,NSE,STF,66868,,IREDA,,2026-04-28,2026-04-28,,,IREDA26APRFUT,124.88,125.62,123.0,124.55,124.45,124.48,127.85,124.55,3660450,127650,136,58380486.0,131,F1,3450,,,,,
2026-02-18,2026-02-18,FO,NSE,STO,117793,,IREDA,,2026-02-24,2026-02-24,114.0,CE,IREDA26FEB114CE,0.0,0.0,0.0,12.54,12.54,12.54,127.85,13.97,13800,0,0,0.0,0,F1,3450,,,,,
2026-02-18,2026-02-18,FO,NSE,STO,118306,,IREDA,,2026-03-30,2026-03-30,110.0,CE,IREDA26MAR110CE,15.5,15.5,15.5,15.5,15.5,16.6,127.85,19.25,13800,0,1,432975.0,1,F1,3450,,,,,
2026-02-18,2026-02-18,FO,NSE,STO,118318,,IREDA,,2026-03-30,2026-03-30,118.0,CE,IREDA26MAR118CE,9.67,9.67,9.67,9.67,9.67,10.15,127.85,12.78,44850,6900,3,1321384.5,3,F1,3450,,,,,
2026-02-18,2026-02-18,FO,NSE,STO,117765,,IREDA,,2026-02-24,2026-02-24,107.0,PE,IREDA26FEB107PE,0.0,0.0,0.0,0.8,0.0,0.8,127.85,0.01,0,0,0,0.0,0,F1,3450,,,,,
2026-02-18,2026-02-18,FO,NSE,STO,128746,,IREDA,,2026-04-28,2026-04-28,152.0,CE,IREDA26APR152CE,0.0,0.0,0.0,5.03,0.0,5.03,127.85,1.92,0,0,0,0.0,0,F1,3450,,,,,
2026-02-18,2026-02-18,FO,NSE,STO,128742,,IREDA,,2026-04-28,2026-04-28,148.0,CE,IREDA26APR148CE,0.0,0.0,0.0,5.97,0.0,5.97,127.85,2.56,0,0,0,0.0,0,F1,3450,,,,,
2026-02-18,2026-02-18,FO,NSE,STO,128688,,IREDA,,2026-04-28,2026-04-28,128.0,CE,IREDA26APR128CE,0.0,0.0,0.0,13.23,0.0,13.23,127.85,8.92,0,0,0,0.0,0,F1,3450,,,,,
2026-02-18,2026-02-18,FO,NSE,STO,128672,,IREDA,,2026-04-28,2026-04-28,124.0,CE,IREDA26APR124CE,0.0,0.0,0.0,15.27,0.0,15.27,127.85,11.01,0,0,0,0.0,0,F1,3450,,,,,
2026-02-18,2026-02-18,FO,NSE,STO,118498,,IREDA,,2026-03-30,2026-03-30,166.0,CE,IREDA26MAR166CE,0.0,0.0,0.0,1.34,1.34,1.34,127.85,0.14,3450,0,0,0.0,0,F1,3450,,,,,
2026-02-18,2026-02-18,FO,NSE,STO,118471,,IREDA,,2026-03-30,2026-03-30,154.0,CE,IREDA26MAR154CE,0.0,0.0,0.0,3.39,3.39,3.39,127.85,0.58,6900,0,0,0.0,0,F1,3450,,,,,
2026-02-18,2026-02-18,FO,NSE,STO,128354,,IREDA,,2026-03-30,2026-03-30,145.0,CE,IREDA26MAR145CE,1.15,1.15,0.75,0.81,0.79,0.99,127.85,0.81,921150,131100,104,52320354.0,82,F1,3450,,,,,
2026-02-18,2026-02-18,FO,NSE,STO,128352,,IREDA,,2026-03-30,2026-03-30,143.0,CE,IREDA26MAR143CE,0.0,0.0,0.0,5.19,0.0,5.19,127.85,1.85,0,0,0,0.0,0,F1,3450,,,,,
2026-02-18,2026-02-18,FO,NSE,STO,128344,,IREDA,,2026-03-30,2026-03-30,137.0,CE,IREDA26MAR137CE,0.0,0.0,0.0,4.0,4.0,4.0,127.85,3.23,3450,0,0,0.0,0,F1,3450,,,,,
2026-02-18,2026-02-18,FO,NSE,STO,128316,,IREDA,,2026-03-30,2026-03-30,129.0,CE,IREDA26MAR129CE,0.0,0.0,0.0,4.12,4.12,4.12,127.85,6.19,0,0,0,0.0,0,F1,3450,,,,,
2026-02-18,2026-02-18,FO,NSE,STO,128303,,IREDA,,2026-03-30,2026-03-30,125.0,CE,IREDA26MAR125CE,6.64,7.0,5.37,5.9,5.93,6.37,127.85,5.9,1593900,134550,191,86222848.5,187,F1,3450,,,,,
2026-02-18,2026-02-18,FO,NSE,STO,107066,,IREDA,,2026-02-24,2026-02-24,155.0,CE,IREDA26FEB155CE,0.08,0.08,0.02,0.04,0.04,0.06,127.85,0.04,472650,-82800,57,30488961.0,46,F1,3450,,,,,
2026-02-18,2026-02-18,FO,NSE,STO,117954,,IREDA,,2026-02-24,2026-02-24,142.0,CE,IREDA26FEB142CE,0.11,0.17,0.11,0.16,0.16,0.29,127.85,0.04,144900,-3450,27,13241548.5,19,F1,3450,,,,,
2026-02-18,2026-02-18,FO,NSE,STO,117950,,IREDA,,2026-02-24,2026-02-24,139.0,CE,IREDA26FEB139CE,0.25,0.3,0.24,0.3,0.3,0.47,127.85,0.3,293250,3450,4,1921788.0,4,F1,3450,,,,,
2026-02-18,2026-02-18,FO,NSE,STO,117898,,IREDA,,2026-02-24,2026-02-24,132.0,CE,IREDA26FEB132CE,1.4,1.5,0.75,0.99,0.98,1.28,127.85,0.99,807300,72450,175,80253313.5,158,F1,3450,,,,,
2026-02-18,2026-02-18,FO,NSE,STO,107042,,IREDA,,2026-02-24,2026-02-24,125.0,CE,IREDA26FEB125CE,4.23,4.5,2.79,3.91,3.83,3.79,127.85,3.91,1166100,-534750,396,175722955.5,307,F1,3450,,,,,
2026-02-18,2026-02-18,FO,NSE,STO,117787,,IREDA,,2026-02-24,2026-02-24,111.0,CE,IREDA26FEB111CE,0.0,0.0,0.0,28.14,0.0,28.14,127.85,16.95,0,0,0,0.0,0,F1,3450,,,,,
2026-02-18,2026-02-18,FO,NSE,STO,118458,,IREDA,,2026-03-30,2026-03-30,150.0,PE,IREDA26MAR150PE,25.8,25.8,24.75,24.87,25.0,25.35,127.85,24.87,441600,34500,13,7857375.0,11,F1,3450,,,,,
2026-02-18,2026-02-18,FO,NSE,STO,128349,,IREDA,,2026-03-30,2026-03-30,139.0,PE,IREDA26MAR139PE,0.0,0.0,0.0,15.06,0.0,15.06,127.85,13.02,0,0,0,0.0,0,F1,3450,,,,,
2026-02-18,2026-02-18,FO,NSE,STO,118336,,IREDA,,2026-03-30,2026-03-30,128.0,PE,IREDA26MAR128PE,7.25,7.34,7.25,7.34,7.34,7.08,127.85,6.05,17250,6900,4,1867243.5,4,F1,3450,,,,,
2026-02-18,2026-02-18,FO,NSE,STO,117867,,IREDA,,2026-02-24,2026-02-24,124.0,PE,IREDA26FEB124PE,1.3,1.39,0.59,0.67,0.8,1.36,127.85,0.67,407100,17250,77,33160054.5,68,F1,3450,,,,,
2026-02-18,2026-02-18,FO,NSE,STO,117868,,IREDA,,2026-02-24,2026-02-24,126.0,CE,IREDA26FEB126CE,3.5,3.88,2.39,3.24,3.24,3.31,127.85,3.24,555450,-13800,111,49348869.0,108,F1,3450,,,,,
2026-02-18,2026-02-18,FO,NSE,STO,118006,,IREDA,,2026-02-24,2026-02-24,149.0,CE,IREDA26FEB149CE,0.05,0.05,0.05,0.05,0.05,0.15,127.85,0.01,113850,-6900,2,1028445.0,1,F1,3450,,,,,
2026-02-18,2026-02-18,FO,NSE,STO,118045,,IREDA,,2026-02-24,2026-02-24,153.0,CE,IREDA26FEB153CE,0.0,0.0,0.0,4.7,0.0,4.7,127.85,0.01,0,0,0,0.0,0,F1,3450,,,,,
2026-02-18,2026-02-18,FO,NSE,STO,128289,,IREDA,,2026-03-30,2026-03-30,111.0,CE,IREDA26MAR111CE,0.0,0.0,0.0,21.6,0.0,21.6,127.85,18.38,0,0,0,0.0,0,F1,3450,,,,,
2026-02-18,2026-02-18,FO,NSE,STO,128297,,IREDA,,2026-03-30,2026-03-30,119.0,CE,IREDA26MAR119CE,0.0,0.0,0.0,15.98,0.0,15.98,127.85,12.06,0,0,0,0.0,0,F1,3450,,,,,
2026-02-18,2026-02-18,FO,NSE,STO,128312,,IREDA,,2026-03-30,2026-03-30,127.0,CE,IREDA26MAR127CE,0.0,0.0,0.0,11.38,0.0,11.38,127.85,7.17,0,0,0,0.0,0,F1,3450,,,,,
2026-02-18,2026-02-18,FO,NSE,STO,118335,,IREDA,,2026-03-30,2026-03-30,128.0,CE,IREDA26MAR128CE,5.5,5.6,4.3,4.56,4.55,5.1,127.85,4.56,172500,17250,26,11899843.5,26,F1,3450,,,,,
2026-02-18,2026-02-18,FO,NSE,STO,128350,,IREDA,,2026-03-30,2026-03-30,141.0,CE,IREDA26MAR141CE,0.0,0.0,0.0,1.44,1.44,1.44,127.85,2.25,34500,0,0,0.0,0,F1,3450,,,,,
2026-02-18,2026-02-18,FO,NSE,STO,118387,,IREDA,,2026-03-30,2026-03-30,144.0,CE,IREDA26MAR144CE,0.0,0.0,0.0,5.24,5.24,5.24,127.85,1.68,34500,0,0,0.0,0,F1,3450,,,,,
2026-02-18,2026-02-18,FO,NSE,STO,128643,,IREDA,,2026-04-28,2026-04-28,106.0,CE,IREDA26APR106CE,0.0,0.0,0.0,27.15,0.0,27.15,127.85,24.0,0,0,0,0.0,0,F1,3450,,,,,
2026-02-18,2026-02-18,FO,NSE,STO,128652,,IREDA,,2026-04-28,2026-04-28,112.0,CE,IREDA26APR112CE,0.0,0.0,0.0,22.72,0.0,22.72,127.85,19.07,0,0,0,0.0,0,F1,3450,,,,,
2026-02-18,2026-02-18,FO,NSE,STO,128686,,IREDA,,2026-04-28,2026-04-28,126.0,CE,IREDA26APR126CE,0.0,0.0,0.0,14.22,0.0,14.22,127.85,9.93,0,0,0,0.0,0,F1,3450,,,,,
2026-02-18,2026-02-18,FO,NSE,STO,117799,,IREDA,,2026-02-24,2026-02-24,117.0,PE,IREDA26FEB117PE,0.16,0.22,0.09,0.11,0.11,0.24,127.85,0.11,276000,-20700,37,14952196.5,33,F1,3450,,,,,
2026-02-18,2026-02-18,FO,NSE,STO,117801,,IREDA,,2026-02-24,2026-02-24,118.0,PE,IREDA26FEB118PE,0.25,0.27,0.1,0.15,0.15,0.3,127.85,0.15,238050,-41400,102,41575225.5,77,F1,3450,,,,,
2026-02-18,2026-02-18,FO,NSE,STO,117951,,IREDA,,2026-02-24,2026-02-24,139.0,PE,IREDA26FEB139PE,0.0,0.0,0.0,17.44,17.44,17.44,127.85,11.14,10350,0,0,0.0,0,F1,3450,,,,,
2026-02-18,2026-02-18,FO,NSE,STO,107065,,IREDA,,2026-02-24,2026-02-24,150.0,PE,IREDA26FEB150PE,22.9,23.54,22.25,22.25,22.25,23.52,127.85,22.02,434700,-20700,18,10734951.0,12,F1,3450,,,,,
2026-02-18,2026-02-18,FO,NSE,STO,118305,,IREDA,,2026-03-30,2026-03-30,108.0,PE,IREDA26MAR108PE,0.0,0.0,0.0,1.69,1.69,1.69,127.85,0.54,51750,0,0,0.0,0,F1,3450,,,,,
2026-02-18,2026-02-18,FO,NSE,STO,117943,,IREDA,,2026-02-24,2026-02-24,134.0,PE,IREDA26FEB134PE,7.43,8.07,7.22,7.22,7.22,12.2,127.85,6.61,120750,-17250,13,6353175.0,13,F1,3450,,,,,
2026-02-18,2026-02-18,FO,NSE,STO,117945,,IREDA,,2026-02-24,2026-02-24,136.0,PE,IREDA26FEB136PE,0.0,0.0,0.0,8.17,8.17,8.17,127.85,8.34,69000,0,0,0.0,0,F1,3450,,,,,
2026-02-18,2026-02-18,FO,NSE,STO,118048,,IREDA,,2026-02-24,2026-02-24,154.0,PE,IREDA26FEB154PE,0.0,0.0,0.0,20.17,0.0,20.17,127.85,26.01,0,0,0,0.0,0,F1,3450,,,,,
2026-02-18,2026-02-18,FO,NSE,STO,128670,,IREDA,,2026-04-28,2026-04-28,122.0,CE,IREDA26APR122CE,0.0,0.0,0.0,16.38,0.0,16.38,127.85,12.17,0,0,0,0.0,0,F1,3450,,,,,
2026-02-18,2026-02-18,FO,NSE,STO,118459,,IREDA,,2026-03-30,2026-03-30,152.0,CE,IREDA26MAR152CE,0.0,0.0,0.0,1.35,1.35,1.35,127.85,0.73,34500,0,0,0.0,0,F1,3450,,,,,
2026-02-18,2026-02-18,FO,NSE,STO,128369,,IREDA,,2026-03-30,2026-03-30,151.0,CE,IREDA26MAR151CE,0.0,0.0,0.0,3.34,0.0,3.34,127.85,0.81,0,0,0,0.0,0,F1,3450,,,,,
2026-02-18,2026-02-18,FO,NSE,STO,118457,,IREDA,,2026-03-30,2026-03-30,150.0,CE,IREDA26MAR150CE,0.69,0.79,0.46,0.5,0.52,0.64,127.85,0.5,652050,24150,53,27523410.0,47,F1,3450,,,,,
2026-02-18,2026-02-18,FO,NSE,STO,118312,,IREDA,,2026-03-30,2026-03-30,116.0,CE,IREDA26MAR116CE,0.0,0.0,0.0,26.16,0.0,26.16,127.85,14.28,0,0,0,0.0,0,F1,3450,,,,,
2026-02-18,2026-02-18,FO,NSE,STO,118310,,IREDA,,2026-03-30,2026-03-30,114.0,CE,IREDA26MAR114CE,0.0,0.0,0.0,27.65,0.0,27.65,127.85,15.87,0,0,0,0.0,0,F1,3450,,,,,
2026-02-18,2026-02-18,FO,NSE,STO,118049,,IREDA,,2026-02-24,2026-02-24,156.0,CE,IREDA26FEB156CE,0.0,0.0,0.0,1.3,1.3,1.3,127.85,0.01,3450,0,0,0.0,0,F1,3450,,,,,
2026-02-18,2026-02-18,FO,NSE,STO,117885,,IREDA,,2026-02-24,2026-02-24,131.0,CE,IREDA26FEB131CE,1.6,1.78,0.88,1.19,1.22,1.52,127.85,1.19,683100,41400,114,51960588.0,110,F1,3450,,,,,
2026-02-18,2026-02-18,FO,NSE,STO,117848,,IREDA,,2026-02-24,2026-02-24,123.0,CE,IREDA26FEB123CE,4.92,5.63,4.91,5.49,5.31,4.92,127.85,5.49,241500,-17250,21,9292747.5,21,F1,3450,,,,,
2026-02-18,2026-02-18,FO,NSE,STO,117802,,IREDA,,2026-02-24,2026-02-24,119.0,CE,IREDA26FEB119CE,0.0,0.0,0.0,8.82,8.82,8.82,127.85,9.13,44850,0,0,0.0,0,F1,3450,,,,,
2026-02-18,2026-02-18,FO,NSE,STO,117798,,IREDA,,2026-02-24,2026-02-24,117.0,CE,IREDA26FEB117CE,0.0,0.0,0.0,4.51,4.51,4.51,127.85,11.03,31050,0,0,0.0,0,F1,3450,,,,,
2026-02-18,2026-02-18,FO,NSE,STO,128282,,IREDA,,2026-03-30,2026-03-30,107.0,PE,IREDA26MAR107PE,0.9,0.9,0.9,0.9,0.9,1.24,127.85,0.9,3450,3450,1,372255.0,1,F1,3450,,,,,
2026-02-18,2026-02-18,FO,NSE,STO,118317,,IREDA,,2026-03-30,2026-03-30,116.0,PE,IREDA26MAR116PE,0.0,0.0,0.0,3.42,3.42,3.42,127.85,1.74,58650,0,0,0.0,0,F1,3450,,,,,
2026-02-18,2026-02-18,FO,NSE,STO,128300,,IREDA,,2026-03-30,2026-03-30,121.0,PE,IREDA26MAR121PE,0.0,0.0,0.0,5.59,0.0,5.59,127.85,3.11,0,0,0,0.0,0,F1,3450,,,,,
2026-02-18,2026-02-18,FO,NSE,STO,117773,,IREDA,,2026-02-24,2026-02-24,108.0,CE,IREDA26FEB108CE,0.0,0.0,0.0,30.76,0.0,30.76,127.85,19.95,0,0,0,0.0,0,F1,3450,,,,,
2026-02-18,2026-02-18,FO,NSE,STO,117788,,IREDA,,2026-02-24,2026-02-24,111.0,PE,IREDA26FEB111PE,0.0,0.0,0.0,1.25,0.0,1.25,127.85,0.01,0,0,0,0.0,0,F1,3450,,,,,
2026-02-18,2026-02-18,FO,NSE,STO,117792,,IREDA,,2026-02-24,2026-02-24,113.0,PE,IREDA26FEB113PE,0.0,0.0,0.0,0.32,0.32,0.32,127.85,0.01,31050,0,0,0.0,0,F1,3450,,,,,
2026-02-18,2026-02-18,FO,NSE,STO,117789,,IREDA,,2026-02-24,2026-02-24,112.0,CE,IREDA26FEB112CE,0.0,0.0,0.0,12.15,12.15,12.15,127.85,15.96,24150,0,0,0.0,0,F1,3450,,,,,
2026-02-18,2026-02-18,FO,NSE,STO,118386,,IREDA,,2026-03-30,2026-03-30,142.0,PE,IREDA26MAR142PE,0.0,0.0,0.0,13.31,13.31,13.31,127.85,15.34,6900,0,0,0.0,0,F1,3450,,,,,
2026-02-18,2026-02-18,FO,NSE,STO,128328,,IREDA,,2026-03-30,2026-03-30,131.0,PE,IREDA26MAR131PE,0.0,0.0,0.0,10.23,0.0,10.23,127.85,7.68,0,0,0,0.0,0,F1,3450,,,,,
2026-02-18,2026-02-18,FO,NSE,STO,128302,,IREDA,,2026-03-30,2026-03-30,123.0,PE,IREDA26MAR123PE,4.45,4.45,4.45,4.45,4.45,6.8,127.85,3.83,20700,0,1,439702.5,1,F1,3450,,,,,
2026-02-18,2026-02-18,FO,NSE,STO,118321,,IREDA,,2026-03-30,2026-03-30,120.0,PE,IREDA26MAR120PE,3.52,4.16,3.41,3.51,3.6,4.0,127.85,3.51,1148850,348450,248,105813052.5,230,F1,3450,,,,,
2026-02-18,2026-02-18,FO,NSE,STO,118319,,IREDA,,2026-03-30,2026-03-30,118.0,PE,IREDA26MAR118PE,0.0,0.0,0.0,4.1,0.0,4.1,127.85,2.22,0,0,0,0.0,0,F1,3450,,,,,
2026-02-18,2026-02-18,FO,NSE,STO,118311,,IREDA,,2026-03-30,2026-03-30,114.0,PE,IREDA26MAR114PE,0.0,0.0,0.0,3.1,0.0,3.1,127.85,1.33,0,0,0,0.0,0,F1,3450,,,,,
2026-02-18,2026-02-18,FO,NSE,STO,117971,,IREDA,,2026-02-24,2026-02-24,144.0,CE,IREDA26FEB144CE,0.0,0.0,0.0,0.27,0.27,0.27,127.85,0.02,151800,0,0,0.0,0,F1,3450,,,,,
2026-02-18,2026-02-18,FO,NSE,STO,118009,,IREDA,,2026-02-24,2026-02-24,151.0,CE,IREDA26FEB151CE,0.0,0.0,0.0,5.23,0.0,5.23,127.85,0.01,0,0,0,0.0,0,F1,3450,,,,,
2026-02-18,2026-02-18,FO,NSE,STO,107070,,IREDA,,2026-02-24,2026-02-24,165.0,CE,IREDA26FEB165CE,0.05,0.05,0.05,0.05,0.05,0.05,127.85,0.01,175950,-3450,1,569422.5,1,F1,3450,,,,,
2026-02-18,2026-02-18,FO,NSE,STO,128281,,IREDA,,2026-03-30,2026-03-30,107.0,CE,IREDA26MAR107CE,0.0,0.0,0.0,24.76,0.0,24.76,127.85,21.95,0,0,0,0.0,0,F1,3450,,,,,
2026-02-18,2026-02-18,FO,NSE,STO,128299,,IREDA,,2026-03-30,2026-03-30,121.0,CE,IREDA26MAR121CE,0.0,0.0,0.0,6.51,6.51,6.51,127.85,10.69,13800,0,0,0.0,0,F1,3450,,,,,
2026-02-18,2026-02-18,FO,NSE,STO,128321,,IREDA,,2026-03-30,2026-03-30,131.0,CE,IREDA26MAR131CE,0.0,0.0,0.0,1.99,1.99,1.99,127.85,5.31,6900,0,0,0.0,0,F1,3450,,,,,
2026-02-18,2026-02-18,FO,NSE,STO,118365,,IREDA,,2026-03-30,2026-03-30,136.0,CE,IREDA26MAR136CE,0.0,0.0,0.0,5.16,5.16,5.16,127.85,3.52,3450,0,0,0.0,0,F1,3450,,,,,
2026-02-18,2026-02-18,FO,NSE,STO,117952,,IREDA,,2026-02-24,2026-02-24,141.0,CE,IREDA26FEB141CE,0.17,0.18,0.15,0.15,0.15,0.47,127.85,0.05,106950,6900,16,7792342.5,12,F1,3450,,,,,
2026-02-18,2026-02-18,FO,NSE,STO,117940,,IREDA,,2026-02-24,2026-02-24,133.0,CE,IREDA26FEB133CE,1.24,1.27,0.6,0.81,0.82,1.11,127.85,0.81,769350,-6900,109,50307831.0,94,F1,3450,,,,,
2026-02-18,2026-02-18,FO,NSE,STO,117879,,IREDA,,2026-02-24,2026-02-24,128.0,CE,IREDA26FEB128CE,2.69,2.8,1.54,2.19,2.14,2.41,127.85,2.19,786600,24150,458,205494385.5,395,F1,3450,,,,,
2026-02-18,2026-02-18,FO,NSE,STO,117800,,IREDA,,2026-02-24,2026-02-24,118.0,CE,IREDA26FEB118CE,0.0,0.0,0.0,8.71,8.71,8.71,127.85,10.07,65550,0,0,0.0,0,F1,3450,,,,,
2026-02-18,2026-02-18,FO,NSE,STO,117761,,IREDA,,2026-02-24,2026-02-24,106.0,CE,IREDA26FEB106CE,0.0,0.0,0.0,19.55,19.55,19.55,127.85,21.95,0,0,0,0.0,0,F1,3450,,,,,
2026-02-18,2026-02-18,FO,NSE,STO,128666,,IREDA,,2026-04-28,2026-04-28,118.0,CE,IREDA26APR118CE,0.0,0.0,0.0,18.75,0.0,18.75,127.85,14.72,0,0,0,0.0,0,F1,3450,,,,,
2026-02-18,2026-02-18,FO,NSE,STO,128690,,IREDA,,2026-04-28,2026-04-28,130.0,CE,IREDA26APR130CE,0.0,0.0,0.0,12.29,0.0,12.29,127.85,7.99,0,0,0,0.0,0,F1,3450,,,,,
2026-02-18,2026-02-18,FO,NSE,STO,117786,,IREDA,,2026-02-24,2026-02-24,109.0,PE,IREDA26FEB109PE,0.0,0.0,0.0,1.01,0.0,1.01,127.85,0.01,0,0,0,0.0,0,F1,3450,,,,,
2026-02-18,2026-02-18,FO,NSE,STO,107059,,IREDA,,2026-02-24,2026-02-24,140.0,PE,IREDA26FEB140PE,12.5,13.93,12.0,12.26,12.5,13.36,127.85,12.26,810750,-155250,60,31672483.5,37,F1,3450,,,,,
2026-02-18,2026-02-18,FO,NSE,STO,128351,,IREDA,,2026-03-30,2026-03-30,141.0,PE,IREDA26MAR141PE,0.0,0.0,0.0,22.18,22.18,22.18,127.85,14.55,3450,0,0,0.0,0,F1,3450,,,,,
2026-02-18,2026-02-18,FO,NSE,STO,128691,,IREDA,,2026-04-28,2026-04-28,130.0,PE,IREDA26APR130PE,0.0,0.0,0.0,11.41,0.0,11.41,127.85,8.79,0,0,0,0.0,0,F1,3450,,,,,
2026-02-18,2026-02-18,FO,NSE,STO,128745,,IREDA,,2026-04-28,2026-04-28,150.0,PE,IREDA26APR150PE,0.0,0.0,0.0,24.3,0.0,24.3,127.85,22.82,0,0,0,0.0,0,F1,3450,,,,,
2026-02-18,2026-02-18,FO,NSE,STO,128743,,IREDA,,2026-04-28,2026-04-28,148.0,PE,IREDA26APR148PE,0.0,0.0,0.0,22.82,0.0,22.82,127.85,21.18,0,0,0,0.0,0,F1,3450,,,,,
2026-02-18,2026-02-18,FO,NSE,STO,117965,,IREDA,,2026-02-24,2026-02-24,143.0,CE,IREDA26FEB143CE,0.0,0.0,0.0,0.34,0.34,0.34,127.85,0.02,86250,0,0,0.0,0,F1,3450,,,,,
2026-02-18,2026-02-18,FO,NSE,STO,128288,,IREDA,,2026-03-30,2026-03-30,109.0,PE,IREDA26MAR109PE,0.0,0.0,0.0,1.84,1.84,1.84,127.85,0.63,10350,0,0,0.0,0,F1,3450,,,,,
2026-02-18,2026-02-18,FO,NSE,STO,118046,,IREDA,,2026-02-24,2026-02-24,153.0,PE,IREDA26FEB153PE,0.0,0.0,0.0,26.5,26.5,26.5,127.85,25.01,0,0,0,0.0,0,F1,3450,,,,,
2026-02-18,2026-02-18,FO,NSE,STO,117996,,IREDA,,2026-02-24,2026-02-24,148.0,PE,IREDA26FEB148PE,0.0,0.0,0.0,19.44,19.44,19.44,127.85,20.02,10350,0,0,0.0,0,F1,3450,,,,,
2026-02-18,2026-02-18,FO,NSE,STO,117955,,IREDA,,2026-02-24,2026-02-24,142.0,PE,IREDA26FEB142PE,0.0,0.0,0.0,13.8,13.8,13.8,127.85,14.06,3450,0,0,0.0,0,F1,3450,,,,,
2026-02-18,2026-02-18,FO,NSE,STO,117843,,IREDA,,2026-02-24,2026-02-24,121.0,PE,IREDA26FEB121PE,0.4,0.56,0.24,0.29,0.32,0.61,127.85,0.29,69000,-10350,59,24706381.5,49,F1,3450,,,,,
2026-02-18,2026-02-18,FO,NSE,STO,117803,,IREDA,,2026-02-24,2026-02-24,119.0,PE,IREDA26FEB119PE,0.28,0.35,0.13,0.17,0.2,0.38,127.85,0.17,179400,24150,57,23441991.0,56,F1,3450,,,,,
2026-02-18,2026-02-18,FO,NSE,STO,107039,,IREDA,,2026-02-24,2026-02-24,115.0,PE,IREDA26FEB115PE,0.18,0.18,0.06,0.08,0.09,0.17,127.85,0.08,776250,-313950,199,79016592.0,143,F1,3450,,,,,
2026-02-18,2026-02-18,FO,NSE,STO,128733,,IREDA,,2026-04-28,2026-04-28,146.0,CE,IREDA26APR146CE,0.0,0.0,0.0,6.5,0.0,6.5,127.85,2.94,0,0,0,0.0,0,F1,3450,,,,,
2026-02-18,2026-02-18,FO,NSE,STO,128702,,IREDA,,2026-04-28,2026-04-28,142.0,CE,IREDA26APR142CE,0.0,0.0,0.0,7.67,0.0,7.67,127.85,3.85,0,0,0,0.0,0,F1,3450,,,,,
2026-02-18,2026-02-18,FO,NSE,STO,117804,,IREDA,,2026-02-24,2026-02-24,121.0,CE,IREDA26FEB121CE,0.0,0.0,0.0,6.05,6.05,6.05,127.85,7.33,48300,0,0,0.0,0,F1,3450,,,,,
2026-02-18,2026-02-18,FO,NSE,STO,107040,,IREDA,,2026-02-24,2026-02-24,120.0,CE,IREDA26FEB120CE,8.4,8.5,6.57,8.06,7.84,7.34,127.85,8.06,665850,-113850,130,57203829.0,89,F1,3450,,,,,
2026-02-18,2026-02-18,FO,NSE,STO,117764,,IREDA,,2026-02-24,2026-02-24,107.0,CE,IREDA26FEB107CE,0.0,0.0,0.0,31.65,0.0,31.65,127.85,20.95,0,0,0,0.0,0,F1,3450,,,,,
2026-02-18,2026-02-18,FO,NSE,STO,117719,,IREDA,,2026-02-24,2026-02-24,104.0,CE,IREDA26FEB104CE,0.0,0.0,0.0,34.37,0.0,34.37,127.85,23.94,0,0,0,0.0,0,F1,3450,,,,,
2026-02-18,2026-02-18,FO,NSE,STO,117760,,IREDA,,2026-02-24,2026-02-24,104.0,PE,IREDA26FEB104PE,0.0,0.0,0.0,0.55,0.0,0.55,127.85,0.01,0,0,0,0.0,0,F1,3450,,,,,
2026-02-18,2026-02-18,FO,NSE,STO,128696,,IREDA,,2026-04-28,2026-04-28,136.0,CE,IREDA26APR136CE,0.0,0.0,0.0,9.76,0.0,9.76,127.85,5.62,0,0,0,0.0,0,F1,3450,,,,,
2026-02-18,2026-02-18,FO,NSE,STO,128645,,IREDA,,2026-04-28,2026-04-28,108.0,CE,IREDA26APR108CE,0.0,0.0,0.0,25.62,0.0,25.62,127.85,22.3,0,0,0,0.0,0,F1,3450,,,,,
2026-02-18,2026-02-18,FO,NSE,STO,128644,,IREDA,,2026-04-28,2026-04-28,106.0,PE,IREDA26APR106PE,0.0,0.0,0.0,2.64,0.0,2.64,127.85,1.05,0,0,0,0.0,0,F1,3450,,,,,
2026-02-18,2026-02-18,FO,NSE,STO,128355,,IREDA,,2026-03-30,2026-03-30,145.0,PE,IREDA26MAR145PE,21.03,21.03,20.15,20.3,20.3,20.34,127.85,20.3,1331700,51750,16,9129700.5,14,F1,3450,,,,,
2026-02-18,2026-02-18,FO,NSE,STO,118371,,IREDA,,2026-03-30,2026-03-30,136.0,PE,IREDA26MAR136PE,0.0,0.0,0.0,11.06,0.0,11.06,127.85,10.86,0,0,0,0.0,0,F1,3450,,,,,
2026-02-18,2026-02-18,FO,NSE,STO,118325,,IREDA,,2026-03-30,2026-03-30,124.0,PE,IREDA26MAR124PE,5.22,5.22,5.22,5.22,5.22,5.95,127.85,4.22,75900,3450,1,445809.0,1,F1,3450,,,,,
2026-02-18,2026-02-18,FO,NSE,STO,118307,,IREDA,,2026-03-30,2026-03-30,110.0,PE,IREDA26MAR110PE,1.38,1.52,1.18,1.34,1.39,1.54,127.85,1.34,317400,-27600,46,17672694.0,37,F1,3450,,,,,
2026-02-18,2026-02-18,FO,NSE,STO,128685,,IREDA,,2026-04-28,2026-04-28,124.0,PE,IREDA26APR124PE,0.0,0.0,0.0,8.5,0.0,8.5,127.85,5.88,0,0,0,0.0,0,F1,3450,,,,,
2026-02-18,2026-02-18,FO,NSE,STO,128695,,IREDA,,2026-04-28,2026-04-28,134.0,PE,IREDA26APR134PE,0.0,0.0,0.0,10.0,10.0,10.0,127.85,11.11,6900,0,0,0.0,0,F1,3450,,,,,
2026-02-18,2026-02-18,FO,NSE,STO,128694,,IREDA,,2026-04-28,2026-04-28,134.0,CE,IREDA26APR134CE,0.0,0.0,0.0,10.55,0.0,10.55,127.85,6.34,0,0,0,0.0,0,F1,3450,,,,,
2026-02-18,2026-02-18,FO,NSE,STO,128371,,IREDA,,2026-03-30,2026-03-30,153.0,CE,IREDA26MAR153CE,0.0,0.0,0.0,2.98,0.0,2.98,127.85,0.65,0,0,0,0.0,0,F1,3450,,,,,
2026-02-18,2026-02-18,FO,NSE,STO,135630,,LICHSGFIN,,2026-04-28,2026-04-28,520.0,PE,LICHSGFIN26APR520PE,0.0,0.0,0.0,33.2,0.0,33.2,522.15,20.2,0,0,0,0.0,0,F1,1000,,,,,
2026-02-18,2026-02-18,FO,NSE,STO,112693,,LICHSGFIN,,2026-02-24,2026-02-24,510.0,CE,LICHSGFIN26FEB510CE,12.2,16.0,11.7,14.25,14.35,13.2,522.15,14.25,530000,-45000,225,117932700.0,181,F1,1000,,,,,
2026-02-18,2026-02-18,FO,NSE,STO,128337,,LICHSGFIN,,2026-02-24,2026-02-24,565.0,CE,LICHSGFIN26FEB565CE,0.0,0.0,0.0,0.75,0.75,0.75,522.15,0.05,20000,0,0,0.0,0,F1,1000,,,,,
2026-02-18,2026-02-18,FO,NSE,STO,128586,,LICHSGFIN,,2026-03-30,2026-03-30,460.0,CE,LICHSGFIN26MAR460CE,0.0,0.0,0.0,90.0,0.0,90.0,522.15,66.1,0,0,0,0.0,0,F1,1000,,,,,
2026-02-18,2026-02-18,FO,NSE,STO,128629,,LICHSGFIN,,2026-03-30,2026-03-30,520.0,CE,LICHSGFIN26MAR520CE,16.95,19.25,16.0,17.85,16.9,16.2,522.15,17.85,119000,52000,152,81736650.0,109,F1,1000,,,,,
2026-02-18,2026-02-18,FO,NSE,STO,135633,,LICHSGFIN,,2026-04-28,2026-04-28,540.0,CE,LICHSGFIN26APR540CE,0.0,0.0,0.0,23.1,0.0,23.1,522.15,18.55,0,0,0,0.0,0,F1,1000,,,,,
2026-02-18,2026-02-18,FO,NSE,STO,135637,,LICHSGFIN,,2026-04-28,2026-04-28,560.0,CE,LICHSGFIN26APR560CE,0.0,0.0,0.0,16.75,0.0,16.75,522.15,11.85,0,0,0,0.0,0,F1,1000,,,,,
2026-02-18,2026-02-18,FO,NSE,STO,128309,,LICHSGFIN,,2026-02-24,2026-02-24,495.0,PE,LICHSGFIN26FEB495PE,1.15,1.15,0.7,0.75,0.75,1.4,522.15,0.75,46000,-25000,68,33720300.0,59,F1,1000,,,,,
2026-02-18,2026-02-18,FO,NSE,STO,128626,,LICHSGFIN,,2026-03-30,2026-03-30,500.0,PE,LICHSGFIN26MAR500PE,5.25,5.75,5.0,5.15,5.15,6.0,522.15,7.95,287000,26000,83,41941750.0,65,F1,1000,,,,,
2026-02-18,2026-02-18,FO,NSE,STO,128628,,LICHSGFIN,,2026-03-30,2026-03-30,510.0,PE,LICHSGFIN26MAR510PE,8.3,8.85,7.4,7.6,7.6,8.45,522.15,7.6,50000,31000,44,22793250.0,41,F1,1000,,,,,
2026-02-18,2026-02-18,FO,NSE,STO,128268,,LICHSGFIN,,2026-02-24,2026-02-24,445.0,PE,LICHSGFIN26FEB445PE,0.0,0.0,0.0,1.45,0.0,1.45,522.15,0.05,0,0,0,0.0,0,F1,1000,,,,,
2026-02-18,2026-02-18,FO,NSE,STO,128637,,LICHSGFIN,,2026-03-30,2026-03-30,560.0,CE,LICHSGFIN26MAR560CE,4.0,4.25,3.65,4.05,3.8,3.75,522.15,4.05,64000,45000,92,51886100.0,64,F1,1000,,,,,
2026-02-18,2026-02-18,FO,NSE,STO,135369,,LICHSGFIN,,2026-03-30,2026-03-30,445.0,CE,LICHSGFIN26MAR445CE,0.0,0.0,0.0,72.4,72.4,72.4,522.15,80.3,3000,0,0,0.0,0,F1,1000,,,,,
2026-02-18,2026-02-18,FO,NSE,STO,128343,,LICHSGFIN,,2026-02-24,2026-02-24,595.0,CE,LICHSGFIN26FEB595CE,0.0,0.0,0.0,0.65,0.65,0.65,522.15,0.05,0,0,0,0.0,0,F1,1000,,,,,
2026-02-18,2026-02-18,FO,NSE,STO,112709,,LICHSGFIN,,2026-02-24,2026-02-24,590.0,CE,LICHSGFIN26FEB590CE,0.0,0.0,0.0,0.3,0.3,0.3,522.15,0.05,81000,0,0,0.0,0,F1,1000,,,,,
2026-02-18,2026-02-18,FO,NSE,STO,112707,,LICHSGFIN,,2026-02-24,2026-02-24,580.0,CE,LICHSGFIN26FEB580CE,0.2,0.25,0.2,0.2,0.2,0.3,522.15,0.2,157000,-6000,16,9283300.0,10,F1,1000,,,,,
2026-02-18,2026-02-18,FO,NSE,STO,112703,,LICHSGFIN,,2026-02-24,2026-02-24,560.0,CE,LICHSGFIN26FEB560CE,0.55,0.65,0.4,0.5,0.5,0.65,522.15,0.5,346000,-56000,86,48204150.0,43,F1,1000,,,,,
2026-02-18,2026-02-18,FO,NSE,STO,128326,,LICHSGFIN,,2026-02-24,2026-02-24,545.0,CE,LICHSGFIN26FEB545CE,1.25,1.25,0.85,0.95,0.9,1.25,522.15,0.95,160000,-7000,38,20750600.0,38,F1,1000,,,,,
2026-02-18,2026-02-18,FO,NSE,STO,128308,,LICHSGFIN,,2026-02-24,2026-02-24,495.0,CE,LICHSGFIN26FEB495CE,29.0,29.0,29.0,29.0,29.0,18.35,522.15,28.0,60000,-1000,1,524000.0,1,F1,1000,,,,,
2026-02-18,2026-02-18,FO,NSE,STO,112687,,LICHSGFIN,,2026-02-24,2026-02-24,480.0,CE,LICHSGFIN26FEB480CE,39.9,43.15,39.9,43.15,43.15,40.45,522.15,42.6,96000,-1000,4,2086050.0,4,F1,1000,,,,,
2026-02-18,2026-02-18,FO,NSE,STO,128279,,LICHSGFIN,,2026-02-24,2026-02-24,475.0,CE,LICHSGFIN26FEB475CE,0.0,0.0,0.0,38.85,38.85,38.85,522.15,47.6,14000,0,0,0.0,0,F1,1000,,,,,
2026-02-18,2026-02-18,FO,NSE,STO,112676,,LICHSGFIN,,2026-02-24,2026-02-24,420.0,PE,LICHSGFIN26FEB420PE,0.0,0.0,0.0,1.45,0.0,1.45,522.15,0.05,0,0,0,0.0,0,F1,1000,,,,,
2026-02-18,2026-02-18,FO,NSE,STO,128325,,LICHSGFIN,,2026-02-24,2026-02-24,535.0,PE,LICHSGFIN26FEB535PE,17.7,17.7,13.15,14.3,14.05,16.3,522.15,14.3,87000,-8000,20,11020300.0,20,F1,1000,,,,,
2026-02-18,2026-02-18,FO,NSE,STO,128662,,LICHSGFIN,,2026-03-30,2026-03-30,610.0,PE,LICHSGFIN26MAR610PE,0.0,0.0,0.0,76.1,0.0,76.1,522.15,85.05,0,0,0,0.0,0,F1,1000,,,,,
2026-02-18,2026-02-18,FO,NSE,STO,135422,,LICHSGFIN,,2026-03-30,2026-03-30,495.0,PE,LICHSGFIN26MAR495PE,0.0,0.0,0.0,8.8,8.8,8.8,522.15,6.55,2000,0,0,0.0,0,F1,1000,,,,,
2026-02-18,2026-02-18,FO,NSE,STO,135378,,LICHSGFIN,,2026-03-30,2026-03-30,455.0,PE,LICHSGFIN26MAR455PE,0.0,0.0,0.0,5.7,0.0,5.7,522.15,0.9,0,0,0,0.0,0,F1,1000,,,,,
2026-02-18,2026-02-18,FO,NSE,STO,128338,,LICHSGFIN,,2026-02-24,2026-02-24,565.0,PE,LICHSGFIN26FEB565PE,0.0,0.0,0.0,47.5,47.5,47.5,522.15,42.4,9000,0,0,0.0,0,F1,1000,,,,,
2026-02-18,2026-02-18,FO,NSE,STO,128529,,LICHSGFIN,,2026-03-30,2026-03-30,450.0,PE,LICHSGFIN26MAR450PE,0.0,0.0,0.0,4.15,0.0,4.15,522.15,0.65,0,0,0,0.0,0,F1,1000,,,,,
2026-02-18,2026-02-18,FO,NSE,STO,135424,,LICHSGFIN,,2026-03-30,2026-03-30,505.0,PE,LICHSGFIN26MAR505PE,0.0,0.0,0.0,10.0,10.0,10.0,522.15,9.55,3000,0,0,0.0,0,F1,1000,,,,,
2026-02-18,2026-02-18,FO,NSE,STO,135478,,LICHSGFIN,,2026-03-30,2026-03-30,575.0,PE,LICHSGFIN26MAR575PE,0.0,0.0,0.0,66.85,0.0,66.85,522.15,53.15,0,0,0,0.0,0,F1,1000,,,,,
2026-02-18,2026-02-18,FO,NSE,STO,128655,,LICHSGFIN,,2026-03-30,2026-03-30,580.0,PE,LICHSGFIN26MAR580PE,0.0,0.0,0.0,60.7,60.7,60.7,522.15,57.45,2000,0,0,0.0,0,F1,1000,,,,,
2026-02-18,2026-02-18,FO,NSE,STO,112684,,LICHSGFIN,,2026-02-24,2026-02-24,460.0,PE,LICHSGFIN26FEB460PE,0.35,0.35,0.25,0.25,0.25,0.45,522.15,0.05,91000,-9000,11,5063450.0,11,F1,1000,,,,,
2026-02-18,2026-02-18,FO,NSE,STO,135639,,LICHSGFIN,,2026-04-28,2026-04-28,570.0,CE,LICHSGFIN26APR570CE,0.0,0.0,0.0,14.15,0.0,14.15,522.15,9.35,0,0,0,0.0,0,F1,1000,,,,,
2026-02-18,2026-02-18,FO,NSE,STO,135629,,LICHSGFIN,,2026-04-28,2026-04-28,520.0,CE,LICHSGFIN26APR520CE,0.0,0.0,0.0,31.2,0.0,31.2,522.15,27.7,0,0,0,0.0,0,F1,1000,,,,,
2026-02-18,2026-02-18,FO,NSE,STO,128647,,LICHSGFIN,,2026-03-30,2026-03-30,570.0,CE,LICHSGFIN26MAR570CE,2.95,2.95,2.95,2.95,2.95,3.0,522.15,4.5,9000,2000,2,1145900.0,2,F1,1000,,,,,
2026-02-18,2026-02-18,FO,NSE,STO,128613,,LICHSGFIN,,2026-03-30,2026-03-30,490.0,CE,LICHSGFIN26MAR490CE,0.0,0.0,0.0,66.75,0.0,66.75,522.15,40.45,0,0,0,0.0,0,F1,1000,,,,,
2026-02-18,2026-02-18,FO,NSE,STO,128591,,LICHSGFIN,,2026-03-30,2026-03-30,480.0,CE,LICHSGFIN26MAR480CE,0.0,0.0,0.0,74.1,0.0,74.1,522.15,48.45,0,0,0,0.0,0,F1,1000,,,,,
2026-02-18,2026-02-18,FO,NSE,STO,128528,,LICHSGFIN,,2026-03-30,2026-03-30,450.0,CE,LICHSGFIN26MAR450CE,0.0,0.0,0.0,98.45,0.0,98.45,522.15,75.5,0,0,0,0.0,0,F1,1000,,,,,
2026-02-18,2026-02-18,FO,NSE,STO,112711,,LICHSGFIN,,2026-02-24,2026-02-24,600.0,CE,LICHSGFIN26FEB600CE,0.15,0.15,0.1,0.15,0.1,0.2,522.15,0.15,286000,-21000,32,19203500.0,15,F1,1000,,,,,
2026-02-18,2026-02-18,FO,NSE,STO,128310,,LICHSGFIN,,2026-02-24,2026-02-24,505.0,CE,LICHSGFIN26FEB505CE,18.55,19.65,16.35,19.65,19.65,17.2,522.15,19.0,163000,-4000,15,7847850.0,15,F1,1000,,,,,
2026-02-18,2026-02-18,FO,NSE,STF,59400,,LICHSGFIN,,2026-02-24,2026-02-24,,,LICHSGFIN26FEBFUT,518.3,524.65,518.2,522.85,521.8,519.3,522.15,522.85,28674000,-1755000,3900,2033822350.0,3300,F1,1000,,,,,
2026-02-18,2026-02-18,FO,NSE,STO,112697,,LICHSGFIN,,2026-02-24,2026-02-24,530.0,CE,LICHSGFIN26FEB530CE,2.9,4.0,2.8,3.25,2.9,3.4,522.15,3.25,1012000,68000,1237,659662950.0,940,F1,1000,,,,,
2026-02-18,2026-02-18,FO,NSE,STO,128278,,LICHSGFIN,,2026-02-24,2026-02-24,465.0,PE,LICHSGFIN26FEB465PE,0.0,0.0,0.0,0.8,0.8,0.8,522.15,0.05,2000,0,0,0.0,0,F1,1000,,,,,
2026-02-18,2026-02-18,FO,NSE,STO,128590,,LICHSGFIN,,2026-03-30,2026-03-30,470.0,PE,LICHSGFIN26MAR470PE,0.0,0.0,0.0,6.1,6.1,6.1,522.15,2.1,2000,0,0,0.0,0,F1,1000,,,,,
2026-02-18,2026-02-18,FO,NSE,STO,128632,,LICHSGFIN,,2026-03-30,2026-03-30,530.0,PE,LICHSGFIN26MAR530PE,16.5,16.95,15.75,16.0,16.0,24.8,522.15,16.0,19000,16000,22,12021800.0,22,F1,1000,,,,,
2026-02-18,2026-02-18,FO,NSE,STO,135634,,LICHSGFIN,,2026-04-28,2026-04-28,540.0,PE,LICHSGFIN26APR540PE,0.0,0.0,0.0,44.8,0.0,44.8,522.15,30.85,0,0,0,0.0,0,F1,1000,,,,,
2026-02-18,2026-02-18,FO,NSE,STO,135636,,LICHSGFIN,,2026-04-28,2026-04-28,550.0,PE,LICHSGFIN26APR550PE,0.0,0.0,0.0,51.25,0.0,51.25,522.15,37.1,0,0,0,0.0,0,F1,1000,,,,,
2026-02-18,2026-02-18,FO,NSE,STO,135622,,LICHSGFIN,,2026-04-28,2026-04-28,480.0,PE,LICHSGFIN26APR480PE,0.0,0.0,0.0,15.8,0.0,15.8,522.15,6.6,0,0,0,0.0,0,F1,1000,,,,,
2026-02-18,2026-02-18,FO,NSE,STO,128657,,LICHSGFIN,,2026-03-30,2026-03-30,590.0,PE,LICHSGFIN26MAR590PE,0.0,0.0,0.0,61.25,0.0,61.25,522.15,66.4,0,0,0,0.0,0,F1,1000,,,,,
2026-02-18,2026-02-18,FO,NSE,STO,135382,,LICHSGFIN,,2026-03-30,2026-03-30,475.0,PE,LICHSGFIN26MAR475PE,0.0,0.0,0.0,10.35,0.0,10.35,522.15,2.7,0,0,0,0.0,0,F1,1000,,,,,
2026-02-18,2026-02-18,FO,NSE,STO,128340,,LICHSGFIN,,2026-02-24,2026-02-24,575.0,PE,LICHSGFIN26FEB575PE,0.0,0.0,0.0,46.5,0.0,46.5,522.15,52.35,0,0,0,0.0,0,F1,1000,,,,,
2026-02-18,2026-02-18,FO,NSE,STO,128333,,LICHSGFIN,,2026-02-24,2026-02-24,555.0,PE,LICHSGFIN26FEB555PE,34.0,34.0,34.0,34.0,34.0,37.0,522.15,32.65,12000,-1000,1,589000.0,1,F1,1000,,,,,
2026-02-18,2026-02-18,FO,NSE,STO,112678,,LICHSGFIN,,2026-02-24,2026-02-24,430.0,PE,LICHSGFIN26FEB430PE,0.0,0.0,0.0,2.05,0.0,2.05,522.15,0.05,0,0,0,0.0,0,F1,1000,,,,,
2026-02-18,2026-02-18,FO,NSE,STO,135580,,LICHSGFIN,,2026-04-28,2026-04-28,440.0,CE,LICHSGFIN26APR440CE,0.0,0.0,0.0,82.65,0.0,82.65,522.15,88.05,0,0,0,0.0,0,F1,1000,,,,,
2026-02-18,2026-02-18,FO,NSE,STO,135477,,LICHSGFIN,,2026-03-30,2026-03-30,575.0,CE,LICHSGFIN26MAR575CE,0.0,0.0,0.0,7.9,0.0,7.9,522.15,3.75,0,0,0,0.0,0,F1,1000,,,,,
2026-02-18,2026-02-18,FO,NSE,STO,135475,,LICHSGFIN,,2026-03-30,2026-03-30,565.0,CE,LICHSGFIN26MAR565CE,3.4,3.45,3.4,3.45,3.45,9.95,522.15,5.35,2000,2000,2,1136850.0,2,F1,1000,,,,,
2026-02-18,2026-02-18,FO,NSE,STO,135642,,LICHSGFIN,,2026-04-28,2026-04-28,580.0,PE,LICHSGFIN26APR580PE,0.0,0.0,0.0,72.95,0.0,72.95,522.15,59.1,0,0,0,0.0,0,F1,1000,,,,,
2026-02-18,2026-02-18,FO,NSE,STO,135423,,LICHSGFIN,,2026-03-30,2026-03-30,505.0,CE,LICHSGFIN26MAR505CE,0.0,0.0,0.0,21.25,19.25,21.25,522.15,29.75,0,0,0,0.0,0,F1,1000,,,,,
2026-02-18,2026-02-18,FO,NSE,STO,128461,,LICHSGFIN,,2026-03-30,2026-03-30,420.0,CE,LICHSGFIN26MAR420CE,0.0,0.0,0.0,125.35,0.0,125.35,522.15,104.75,0,0,0,0.0,0,F1,1000,,,,,
2026-02-18,2026-02-18,FO,NSE,STO,112689,,LICHSGFIN,,2026-02-24,2026-02-24,490.0,CE,LICHSGFIN26FEB490CE,30.3,34.85,30.25,33.1,33.1,30.85,522.15,33.1,68000,-2000,14,7323150.0,12,F1,1000,,,,,
2026-02-18,2026-02-18,FO,NSE,STO,112681,,LICHSGFIN,,2026-02-24,2026-02-24,450.0,CE,LICHSGFIN26FEB450CE,0.0,0.0,0.0,108.7,0.0,108.7,522.15,72.55,0,0,0,0.0,0,F1,1000,,,,,
2026-02-18,2026-02-18,FO,NSE,STF,51962,,LICHSGFIN,,2026-03-30,2026-03-30,,,LICHSGFIN26MARFUT,523.05,527.75,521.75,526.1,525.35,522.55,522.15,526.1,6654000,2038000,3115,1634893100.0,2397,F1,1000,,,,,
2026-02-18,2026-02-18,FO,NSE,STO,128674,,LICHSGFIN,,2026-03-30,2026-03-30,620.0,PE,LICHSGFIN26MAR620PE,95.0,95.0,94.0,94.25,94.25,93.0,522.15,94.7,7000,6000,6,4288250.0,6,F1,1000,,,,,
2026-02-18,2026-02-18,FO,NSE,STO,128661,,LICHSGFIN,,2026-03-30,2026-03-30,610.0,CE,LICHSGFIN26MAR610CE,0.0,0.0,0.0,12.75,0.0,12.75,522.15,0.9,0,0,0,0.0,0,F1,1000,,,,,
2026-02-18,2026-02-18,FO,NSE,STO,135435,,LICHSGFIN,,2026-03-30,2026-03-30,525.0,CE,LICHSGFIN26MAR525CE,15.0,15.6,14.5,15.05,14.5,13.85,522.15,15.05,7000,5000,7,3781100.0,7,F1,1000,,,,,
2026-02-18,2026-02-18,FO,NSE,STO,128625,,LICHSGFIN,,2026-03-30,2026-03-30,500.0,CE,LICHSGFIN26MAR500CE,32.0,32.0,32.0,32.0,32.0,24.8,522.15,33.1,16000,0,1,532000.0,1,F1,1000,,,,,
2026-02-18,2026-02-18,FO,NSE,STO,128463,,LICHSGFIN,,2026-03-30,2026-03-30,430.0,CE,LICHSGFIN26MAR430CE,0.0,0.0,0.0,116.15,0.0,116.15,522.15,94.9,0,0,0,0.0,0,F1,1000,,,,,
2026-02-18,2026-02-18,FO,NSE,STO,112715,,LICHSGFIN,,2026-02-24,2026-02-24,620.0,CE,LICHSGFIN26FEB620CE,0.0,0.0,0.0,0.2,0.2,0.2,522.15,0.05,7000,0,0,0.0,0,F1,1000,,,,,
2026-02-18,2026-02-18,FO,NSE,STO,128341,,LICHSGFIN,,2026-02-24,2026-02-24,585.0,CE,LICHSGFIN26FEB585CE,0.0,0.0,0.0,0.6,0.6,0.6,522.15,0.05,64000,0,0,0.0,0,F1,1000,,,,,
2026-02-18,2026-02-18,FO,NSE,STO,128271,,LICHSGFIN,,2026-02-24,2026-02-24,465.0,CE,LICHSGFIN26FEB465CE,0.0,0.0,0.0,80.15,0.0,80.15,522.15,57.55,0,0,0,0.0,0,F1,1000,,,,,
2026-02-18,2026-02-18,FO,NSE,STO,112718,,LICHSGFIN,,2026-02-24,2026-02-24,630.0,PE,LICHSGFIN26FEB630PE,109.0,109.0,108.95,108.95,108.95,120.35,522.15,107.3,6000,-2000,2,1477950.0,2,F1,1000,,,,,
2026-02-18,2026-02-18,FO,NSE,STO,135640,,LICHSGFIN,,2026-04-28,2026-04-28,570.0,PE,LICHSGFIN26APR570PE,0.0,0.0,0.0,65.4,0.0,65.4,522.15,51.3,0,0,0,0.0,0,F1,1000,,,,,
2026-02-18,2026-02-18,FO,NSE,STO,135620,,LICHSGFIN,,2026-04-28,2026-04-28,470.0,PE,LICHSGFIN26APR470PE,0.0,0.0,0.0,12.65,0.0,12.65,522.15,4.65,0,0,0,0.0,0,F1,1000,,,,,
2026-02-18,2026-02-18,FO,NSE,STO,135600,,LICHSGFIN,,2026-04-28,2026-04-28,450.0,PE,LICHSGFIN26APR450PE,0.0,0.0,0.0,7.7,0.0,7.7,522.15,2.1,0,0,0,0.0,0,F1,1000,,,,,
2026-02-18,2026-02-18,FO,NSE,STO,135472,,LICHSGFIN,,2026-03-30,2026-03-30,555.0,PE,LICHSGFIN26MAR555PE,0.0,0.0,0.0,51.45,0.0,51.45,522.15,37.05,0,0,0,0.0,0,F1,1000,,,,,
2026-02-18,2026-02-18,FO,NSE,STO,128636,,LICHSGFIN,,2026-03-30,2026-03-30,550.0,PE,LICHSGFIN26MAR550PE,29.95,31.25,28.9,29.0,29.0,32.5,522.15,33.45,35000,24000,27,15660900.0,26,F1,1000,,,,,
2026-02-18,2026-02-18,FO,NSE,STO,135370,,LICHSGFIN,,2026-03-30,2026-03-30,445.0,PE,LICHSGFIN26MAR445PE,0.0,0.0,0.0,4.05,0.0,4.05,522.15,0.45,0,0,0,0.0,0,F1,1000,,,,,
2026-02-18,2026-02-18,FO,NSE,STO,135645,,LICHSGFIN,,2026-04-28,2026-04-28,600.0,CE,LICHSGFIN26APR600CE,0.0,0.0,0.0,8.25,0.0,8.25,522.15,4.25,0,0,0,0.0,0,F1,1000,,,,,
2026-02-18,2026-02-18,FO,NSE,STF,66883,,LICHSGFIN,,2026-04-28,2026-04-28,,,LICHSGFIN26APRFUT,527.85,531.0,525.55,529.4,529.6,527.45,522.15,529.4,121000,9000,31,16370800.0,27,F1,1000,,,,,
2026-02-18,2026-02-18,FO,NSE,STO,135436,,LICHSGFIN,,2026-03-30,2026-03-30,525.0,PE,LICHSGFIN26MAR525PE,0.0,0.0,0.0,31.8,0.0,31.8,522.15,18.05,0,0,0,0.0,0,F1,1000,,,,,
2026-02-18,2026-02-18,FO,NSE,STO,128592,,LICHSGFIN,,2026-03-30,2026-03-30,480.0,PE,LICHSGFIN26MAR480PE,0.0,0.0,0.0,11.5,11.5,11.5,522.15,3.45,3000,0,0,0.0,0,F1,1000,,,,,
2026-02-18,2026-02-18,FO,NSE,STO,128588,,LICHSGFIN,,2026-03-30,2026-03-30,460.0,PE,LICHSGFIN26MAR460PE,0.0,0.0,0.0,5.55,0.0,5.55,522.15,1.2,0,0,0,0.0,0,F1,1000,,,,,
2026-02-18,2026-02-18,FO,NSE,STO,112708,,LICHSGFIN,,2026-02-24,2026-02-24,580.0,PE,LICHSGFIN26FEB580PE,59.0,59.0,56.0,56.0,56.0,60.8,522.15,57.35,126000,-7000,9,5742000.0,5,F1,1000,,,,,
2026-02-18,2026-02-18,FO,NSE,STO,112698,,LICHSGFIN,,2026-02-24,2026-02-24,530.0,PE,LICHSGFIN26FEB530PE,13.0,13.6,9.7,10.1,10.85,13.65,522.15,10.1,353000,-5000,134,72459650.0,117,F1,1000,,,,,
2026-02-18,2026-02-18,FO,NSE,STO,128315,,LICHSGFIN,,2026-02-24,2026-02-24,515.0,PE,LICHSGFIN26FEB515PE,5.0,5.0,2.6,2.8,3.15,5.15,522.15,2.8,526000,-31000,327,169578550.0,295,F1,1000,,,,,
2026-02-18,2026-02-18,FO,NSE,STO,112692,,LICHSGFIN,,2026-02-24,2026-02-24,500.0,PE,LICHSGFIN26FEB500PE,1.75,1.75,0.9,1.0,1.0,1.85,522.15,1.0,900000,-55000,361,180929500.0,231,F1,1000,,,,,
2026-02-18,2026-02-18,FO,NSE,STO,112690,,LICHSGFIN,,2026-02-24,2026-02-24,490.0,PE,LICHSGFIN26FEB490PE,0.9,0.9,0.55,0.6,0.6,1.05,522.15,0.6,352000,-60000,117,57410700.0,68,F1,1000,,,,,
2026-02-18,2026-02-18,FO,NSE,STO,128305,,LICHSGFIN,,2026-02-24,2026-02-24,475.0,PE,LICHSGFIN26FEB475PE,0.0,0.0,0.0,0.9,0.9,0.9,522.15,0.05,60000,0,0,0.0,0,F1,1000,,,,,
2026-02-18,2026-02-18,FO,NSE,STO,128270,,LICHSGFIN,,2026-02-24,2026-02-24,455.0,PE,LICHSGFIN26FEB455PE,0.0,0.0,0.0,2.0,2.0,2.0,522.15,0.05,2000,0,0,0.0,0,F1,1000,,,,,
2026-02-18,2026-02-18,FO,NSE,STO,112682,,LICHSGFIN,,2026-02-24,2026-02-24,450.0,PE,LICHSGFIN26FEB450PE,0.25,0.25,0.15,0.15,0.15,0.4,522.15,0.05,53000,-4000,7,3151500.0,5,F1,1000,,,,,
2026-02-18,2026-02-18,FO,NSE,STO,128656,,LICHSGFIN,,2026-03-30,2026-03-30,590.0,CE,LICHSGFIN26MAR590CE,2.35,2.35,0.25,0.25,0.25,17.6,522.15,2.1,0,0,2,1182600.0,2,F1,1000,,,,,
2026-02-18,2026-02-18,FO,NSE,STO,128635,,LICHSGFIN,,2026-03-30,2026-03-30,550.0,CE,LICHSGFIN26MAR550CE,5.55,6.4,5.1,5.6,5.55,5.45,522.15,5.6,222000,43000,172,95580550.0,141,F1,1000,,,,,
2026-02-18,2026-02-18,FO,NSE,STO,135421,,LICHSGFIN,,2026-03-30,2026-03-30,495.0,CE,LICHSGFIN26MAR495CE,0.0,0.0,0.0,37.35,0.0,37.35,522.15,36.7,0,0,0,0.0,0,F1,1000,,,,,
2026-02-18,2026-02-18,FO,NSE,STO,135371,,LICHSGFIN,,2026-03-30,2026-03-30,455.0,CE,LICHSGFIN26MAR455CE,0.0,0.0,0.0,65.5,0.0,65.5,522.15,70.8,0,0,0,0.0,0,F1,1000,,,,,
2026-02-18,2026-02-18,FO,NSE,STO,128465,,LICHSGFIN,,2026-03-30,2026-03-30,440.0,CE,LICHSGFIN26MAR440CE,0.0,0.0,0.0,107.15,0.0,107.15,522.15,85.15,0,0,0,0.0,0,F1,1000,,,,,
2026-02-18,2026-02-18,FO,NSE,STO,112713,,LICHSGFIN,,2026-02-24,2026-02-24,610.0,CE,LICHSGFIN26FEB610CE,0.0,0.0,0.0,17.1,0.0,17.1,522.15,0.05,0,0,0,0.0,0,F1,1000,,,,,
2026-02-18,2026-02-18,FO,NSE,STO,112691,,LICHSGFIN,,2026-02-24,2026-02-24,500.0,CE,LICHSGFIN26FEB500CE,22.0,25.35,20.65,23.35,23.6,21.35,522.15,23.35,305000,-44000,85,44465850.0,71,F1,1000,,,,,
2026-02-18,2026-02-18,FO,NSE,STO,135380,,LICHSGFIN,,2026-03-30,2026-03-30,465.0,PE,LICHSGFIN26MAR465PE,0.0,0.0,0.0,7.75,0.0,7.75,522.15,1.6,0,0,0,0.0,0,F1,1000,,,,,
2026-02-18,2026-02-18,FO,NSE,STO,128631,,LICHSGFIN,,2026-03-30,2026-03-30,530.0,CE,LICHSGFIN26MAR530CE,12.6,13.8,11.6,12.9,11.6,12.75,522.15,12.9,129000,114000,212,115109950.0,166,F1,1000,,,,,
2026-02-18,2026-02-18,FO,NSE,STO,128462,,LICHSGFIN,,2026-03-30,2026-03-30,420.0,PE,LICHSGFIN26MAR420PE,0.0,0.0,0.0,1.55,0.0,1.55,522.15,0.05,0,0,0,0.0,0,F1,1000,,,,,
2026-02-18,2026-02-18,FO,NSE,STO,128589,,LICHSGFIN,,2026-03-30,2026-03-30,470.0,CE,LICHSGFIN26MAR470CE,0.0,0.0,0.0,81.85,0.0,81.85,522.15,57.05,0,0,0,0.0,0,F1,1000,,,,,
2026-02-18,2026-02-18,FO,NSE,STO,128633,,LICHSGFIN,,2026-03-30,2026-03-30,540.0,CE,LICHSGFIN26MAR540CE,8.0,9.35,8.0,8.3,8.2,8.0,522.15,8.3,94000,47000,72,39493350.0,53,F1,1000,,,,,
2026-02-18,2026-02-18,FO,NSE,STO,128654,,LICHSGFIN,,2026-03-30,2026-03-30,580.0,CE,LICHSGFIN26MAR580CE,2.0,2.0,2.0,2.0,2.0,2.0,522.15,3.1,5000,4000,4,2328000.0,4,F1,1000,,,,,
2026-02-18,2026-02-18,FO,NSE,STO,135599,,LICHSGFIN,,2026-04-28,2026-04-28,450.0,CE,LICHSGFIN26APR450CE,0.0,0.0,0.0,74.65,0.0,74.65,522.15,78.9,0,0,0,0.0,0,F1,1000,,,,,
2026-02-18,2026-02-18,FO,NSE,STO,135443,,LICHSGFIN,,2026-03-30,2026-03-30,535.0,PE,LICHSGFIN26MAR535PE,0.0,0.0,0.0,37.8,0.0,37.8,522.15,23.6,0,0,0,0.0,0,F1,1000,,,,,
2026-02-18,2026-02-18,FO,NSE,STO,112679,,LICHSGFIN,,2026-02-24,2026-02-24,440.0,CE,LICHSGFIN26FEB440CE,0.0,0.0,0.0,117.55,0.0,117.55,522.15,82.55,0,0,0,0.0,0,F1,1000,,,,,
2026-02-18,2026-02-18,FO,NSE,STO,112701,,LICHSGFIN,,2026-02-24,2026-02-24,550.0,CE,LICHSGFIN26FEB550CE,1.05,1.1,0.7,0.8,0.7,1.05,522.15,0.8,1769000,-35000,131,72163550.0,93,F1,1000,,,,,
2026-02-18,2026-02-18,FO,NSE,STO,135381,,LICHSGFIN,,2026-03-30,2026-03-30,475.0,CE,LICHSGFIN26MAR475CE,0.0,0.0,0.0,50.35,0.0,50.35,522.15,52.7,0,0,0,0.0,0,F1,1000,,,,,
2026-02-18,2026-02-18,FO,NSE,STO,135607,,LICHSGFIN,,2026-04-28,2026-04-28,460.0,CE,LICHSGFIN26APR460CE,0.0,0.0,0.0,67.05,0.0,67.05,522.15,70.1,0,0,0,0.0,0,F1,1000,,,,,
2026-02-18,2026-02-18,FO,NSE,STO,135625,,LICHSGFIN,,2026-04-28,2026-04-28,500.0,CE,LICHSGFIN26APR500CE,0.0,0.0,0.0,41.2,0.0,41.2,522.15,39.45,0,0,0,0.0,0,F1,1000,,,,,
2026-02-18,2026-02-18,FO,NSE,STO,135635,,LICHSGFIN,,2026-04-28,2026-04-28,550.0,CE,LICHSGFIN26APR550CE,0.0,0.0,0.0,19.7,0.0,19.7,522.15,14.95,0,0,0,0.0,0,F1,1000,,,,,
2026-02-18,2026-02-18,FO,NSE,STO,112686,,LICHSGFIN,,2026-02-24,2026-02-24,470.0,PE,LICHSGFIN26FEB470PE,0.4,0.4,0.3,0.3,0.3,0.6,522.15,0.3,265000,-9000,14,6584950.0,14,F1,1000,,,,,
2026-02-18,2026-02-18,FO,NSE,STO,112694,,LICHSGFIN,,2026-02-24,2026-02-24,510.0,PE,LICHSGFIN26FEB510PE,3.7,3.8,1.65,1.8,1.9,3.55,522.15,1.8,360000,-37000,504,258235550.0,462,F1,1000,,,,,
2026-02-18,2026-02-18,FO,NSE,STO,112702,,LICHSGFIN,,2026-02-24,2026-02-24,550.0,PE,LICHSGFIN26FEB550PE,29.15,30.5,26.3,26.9,27.5,31.15,522.15,26.9,614000,-15000,28,16212800.0,26,F1,1000,,,,,
2026-02-18,2026-02-18,FO,NSE,STO,128342,,LICHSGFIN,,2026-02-24,2026-02-24,585.0,PE,LICHSGFIN26FEB585PE,0.0,0.0,0.0,58.55,58.55,58.55,522.15,62.3,1000,0,0,0.0,0,F1,1000,,,,,
2026-02-18,2026-02-18,FO,NSE,STO,128464,,LICHSGFIN,,2026-03-30,2026-03-30,430.0,PE,LICHSGFIN26MAR430PE,0.0,0.0,0.0,2.2,0.0,2.2,522.15,0.15,0,0,0,0.0,0,F1,1000,,,,,
2026-02-18,2026-02-18,FO,NSE,STO,128267,,LICHSGFIN,,2026-02-24,2026-02-24,445.0,CE,LICHSGFIN26FEB445CE,0.0,0.0,0.0,98.15,0.0,98.15,522.15,77.55,0,0,0,0.0,0,F1,1000,,,,,
2026-02-18,2026-02-18,FO,NSE,STO,135444,,LICHSGFIN,,2026-03-30,2026-03-30,545.0,CE,LICHSGFIN26MAR545CE,0.0,0.0,0.0,15.15,0.0,15.15,522.15,10.4,0,0,0,0.0,0,F1,1000,,,,,
2026-02-18,2026-02-18,FO,NSE,STO,128658,,LICHSGFIN,,2026-03-30,2026-03-30,600.0,CE,LICHSGFIN26MAR600CE,1.05,1.3,0.95,1.1,1.1,1.05,522.15,1.35,44000,20000,23,13824000.0,9,F1,1000,,,,,
2026-02-18,2026-02-18,FO,NSE,STO,135623,,LICHSGFIN,,2026-04-28,2026-04-28,490.0,CE,LICHSGFIN26APR490CE,0.0,0.0,0.0,46.95,0.0,46.95,522.15,46.3,0,0,0,0.0,0,F1,1000,,,,,
2026-02-18,2026-02-18,FO,NSE,STO,135545,,LICHSGFIN,,2026-04-28,2026-04-28,420.0,CE,LICHSGFIN26APR420CE,0.0,0.0,0.0,99.65,0.0,99.65,522.15,106.95,0,0,0,0.0,0,F1,1000,,,,,
2026-02-18,2026-02-18,FO,NSE,STO,135627,,LICHSGFIN,,2026-04-28,2026-04-28,510.0,CE,LICHSGFIN26APR510CE,0.0,0.0,0.0,36.0,0.0,36.0,522.15,33.25,0,0,0,0.0,0,F1,1000,,,,,
2026-02-18,2026-02-18,FO,NSE,STO,135631,,LICHSGFIN,,2026-04-28,2026-04-28,530.0,CE,LICHSGFIN26APR530CE,0.0,0.0,0.0,26.95,0.0,26.95,522.15,22.8,0,0,0,0.0,0,F1,1000,,,,,
2026-02-18,2026-02-18,FO,NSE,STO,112688,,LICHSGFIN,,2026-02-24,2026-02-24,480.0,PE,LICHSGFIN26FEB480PE,0.7,0.7,0.45,0.55,0.55,0.75,522.15,0.55,421000,-20000,75,36040750.0,50,F1,1000,,,,,
2026-02-18,2026-02-18,FO,NSE,STO,112710,,LICHSGFIN,,2026-02-24,2026-02-24,590.0,PE,LICHSGFIN26FEB590PE,67.05,67.7,67.05,67.5,67.7,63.65,522.15,67.5,15000,0,3,1972450.0,2,F1,1000,,,,,
2026-02-18,2026-02-18,FO,NSE,STO,128648,,LICHSGFIN,,2026-03-30,2026-03-30,570.0,PE,LICHSGFIN26MAR570PE,0.0,0.0,0.0,53.0,53.0,53.0,522.15,48.9,1000,0,0,0.0,0,F1,1000,,,,,
2026-02-18,2026-02-18,FO,NSE,STO,135581,,LICHSGFIN,,2026-04-28,2026-04-28,440.0,PE,LICHSGFIN26APR440PE,0.0,0.0,0.0,5.85,0.0,5.85,522.15,1.35,0,0,0,0.0,0,F1,1000,,,,,
2026-02-18,2026-02-18,FO,NSE,STO,135608,,LICHSGFIN,,2026-04-28,2026-04-28,460.0,PE,LICHSGFIN26APR460PE,0.0,0.0,0.0,9.95,0.0,9.95,522.15,3.2,0,0,0,0.0,0,F1,1000,,,,,
2026-02-18,2026-02-18,FO,NSE,STO,135626,,LICHSGFIN,,2026-04-28,2026-04-28,500.0,PE,LICHSGFIN26APR500PE,0.0,0.0,0.0,23.5,0.0,23.5,522.15,12.15,0,0,0,0.0,0,F1,1000,,,,,
2026-02-18,2026-02-18,FO,NSE,STO,135632,,LICHSGFIN,,2026-04-28,2026-04-28,530.0,PE,LICHSGFIN26APR530PE,0.0,0.0,0.0,38.75,0.0,38.75,522.15,25.2,0,0,0,0.0,0,F1,1000,,,,,
2026-02-18,2026-02-18,FO,NSE,STO,135442,,LICHSGFIN,,2026-03-30,2026-03-30,535.0,CE,LICHSGFIN26MAR535CE,0.0,0.0,0.0,18.45,0.0,18.45,522.15,13.95,0,0,0,0.0,0,F1,1000,,,,,
2026-02-18,2026-02-18,FO,NSE,STO,135433,,LICHSGFIN,,2026-03-30,2026-03-30,515.0,CE,LICHSGFIN26MAR515CE,21.0,21.0,21.0,21.0,21.0,19.9,522.15,23.65,6000,-1000,1,536000.0,1,F1,1000,,,,,
2026-02-18,2026-02-18,FO,NSE,STO,128627,,LICHSGFIN,,2026-03-30,2026-03-30,510.0,CE,LICHSGFIN26MAR510CE,23.35,25.0,22.75,24.6,24.6,22.4,522.15,26.6,155000,82000,138,73625450.0,57,F1,1000,,,,,
2026-02-18,2026-02-18,FO,NSE,STO,112719,,LICHSGFIN,,2026-02-24,2026-02-24,640.0,CE,LICHSGFIN26FEB640CE,0.0,0.0,0.0,0.05,0.05,0.05,522.15,0.05,143000,0,0,0.0,0,F1,1000,,,,,
2026-02-18,2026-02-18,FO,NSE,STO,128314,,LICHSGFIN,,2026-02-24,2026-02-24,515.0,CE,LICHSGFIN26FEB515CE,10.1,12.45,9.1,10.8,10.4,9.85,522.15,10.8,324000,-79000,263,138265800.0,254,F1,1000,,,,,
2026-02-18,2026-02-18,FO,NSE,STO,112685,,LICHSGFIN,,2026-02-24,2026-02-24,470.0,CE,LICHSGFIN26FEB470CE,0.0,0.0,0.0,53.2,53.2,53.2,522.15,52.6,47000,0,0,0.0,0,F1,1000,,,,,
2026-02-18,2026-02-18,FO,NSE,STO,112675,,LICHSGFIN,,2026-02-24,2026-02-24,420.0,CE,LICHSGFIN26FEB420CE,0.0,0.0,0.0,135.85,0.0,135.85,522.15,102.55,0,0,0,0.0,0,F1,1000,,,,,
2026-02-18,2026-02-18,FO,NSE,STO,128327,,LICHSGFIN,,2026-02-24,2026-02-24,545.0,PE,LICHSGFIN26FEB545PE,26.15,26.55,23.55,23.7,23.7,30.8,522.15,23.3,9000,-1000,7,3991000.0,7,F1,1000,,,,,
2026-02-18,2026-02-18,FO,NSE,STO,135415,,LICHSGFIN,,2026-03-30,2026-03-30,485.0,PE,LICHSGFIN26MAR485PE,0.0,0.0,0.0,13.45,0.0,13.45,522.15,4.3,0,0,0,0.0,0,F1,1000,,,,,
2026-02-18,2026-02-18,FO,NSE,STO,112706,,LICHSGFIN,,2026-02-24,2026-02-24,570.0,PE,LICHSGFIN26FEB570PE,46.7,46.7,46.7,46.7,46.7,59.25,522.15,47.35,122000,-1000,1,616700.0,1,F1,1000,,,,,
2026-02-18,2026-02-18,FO,NSE,STO,112677,,LICHSGFIN,,2026-02-24,2026-02-24,430.0,CE,LICHSGFIN26FEB430CE,0.0,0.0,0.0,126.6,0.0,126.6,522.15,92.55,0,0,0,0.0,0,F1,1000,,,,,
2026-02-18,2026-02-18,FO,NSE,STO,128269,,LICHSGFIN,,2026-02-24,2026-02-24,455.0,CE,LICHSGFIN26FEB455CE,0.0,0.0,0.0,89.0,0.0,89.0,522.15,67.55,0,0,0,0.0,0,F1,1000,,,,,
2026-02-18,2026-02-18,FO,NSE,STO,112705,,LICHSGFIN,,2026-02-24,2026-02-24,570.0,CE,LICHSGFIN26FEB570CE,0.45,0.45,0.25,0.35,0.3,0.5,522.15,0.35,210000,-33000,86,49050250.0,48,F1,1000,,,,,
2026-02-18,2026-02-18,FO,NSE,STO,112680,,LICHSGFIN,,2026-02-24,2026-02-24,440.0,PE,LICHSGFIN26FEB440PE,0.2,0.2,0.2,0.2,0.2,0.4,522.15,0.2,31000,-10000,10,4402000.0,9,F1,1000,,,,,
2026-02-18,2026-02-18,FO,NSE,STO,128311,,LICHSGFIN,,2026-02-24,2026-02-24,505.0,PE,LICHSGFIN26FEB505PE,2.1,2.1,1.2,1.3,1.4,2.5,522.15,1.3,249000,-6000,191,96732800.0,160,F1,1000,,,,,
2026-02-18,2026-02-18,FO,NSE,STO,112696,,LICHSGFIN,,2026-02-24,2026-02-24,520.0,PE,LICHSGFIN26FEB520PE,7.7,8.0,4.15,4.45,4.65,7.7,522.15,4.45,1112000,26000,612,321530950.0,538,F1,1000,,,,,
2026-02-18,2026-02-18,FO,NSE,STO,128323,,LICHSGFIN,,2026-02-24,2026-02-24,525.0,PE,LICHSGFIN26FEB525PE,8.95,10.0,6.3,6.6,7.05,10.2,522.15,6.6,403000,76000,277,147411700.0,243,F1,1000,,,,,
2026-02-18,2026-02-18,FO,NSE,STO,128614,,LICHSGFIN,,2026-03-30,2026-03-30,490.0,PE,LICHSGFIN26MAR490PE,3.55,3.8,3.4,3.4,3.4,4.1,522.15,3.4,33000,6000,47,23196750.0,46,F1,1000,,,,,
2026-02-18,2026-02-18,FO,NSE,STO,135434,,LICHSGFIN,,2026-03-30,2026-03-30,515.0,PE,LICHSGFIN26MAR515PE,7.6,10.05,7.6,9.0,9.0,12.95,522.15,13.4,4000,2000,5,2620750.0,5,F1,1000,,,,,
2026-02-18,2026-02-18,FO,NSE,STO,128646,,LICHSGFIN,,2026-03-30,2026-03-30,560.0,PE,LICHSGFIN26MAR560PE,38.0,39.6,36.75,36.75,36.75,41.0,522.15,40.9,46000,11000,11,6581250.0,10,F1,1000,,,,,
2026-02-18,2026-02-18,FO,NSE,STO,112716,,LICHSGFIN,,2026-02-24,2026-02-24,620.0,PE,LICHSGFIN26FEB620PE,0.0,0.0,0.0,97.1,97.1,97.1,522.15,97.3,29000,0,0,0.0,0,F1,1000,,,,,
2026-02-18,2026-02-18,FO,NSE,STO,112704,,LICHSGFIN,,2026-02-24,2026-02-24,560.0,PE,LICHSGFIN26FEB560PE,40.4,40.8,37.4,37.4,37.4,40.4,522.15,37.4,190000,-12000,27,16166200.0,22,F1,1000,,,,,
2026-02-18,2026-02-18,FO,NSE,STO,128307,,LICHSGFIN,,2026-02-24,2026-02-24,485.0,PE,LICHSGFIN26FEB485PE,0.75,0.75,0.5,0.5,0.5,0.9,522.15,0.5,64000,-7000,31,15053550.0,28,F1,1000,,,,,
2026-02-18,2026-02-18,FO,NSE,STO,135379,,LICHSGFIN,,2026-03-30,2026-03-30,465.0,CE,LICHSGFIN26MAR465CE,0.0,0.0,0.0,57.7,0.0,57.7,522.15,61.55,0,0,0,0.0,0,F1,1000,,,,,
2026-02-18,2026-02-18,FO,NSE,STO,135638,,LICHSGFIN,,2026-04-28,2026-04-28,560.0,PE,LICHSGFIN26APR560PE,0.0,0.0,0.0,58.1,0.0,58.1,522.15,43.95,0,0,0,0.0,0,F1,1000,,,,,
2026-02-18,2026-02-18,FO,NSE,STO,135628,,LICHSGFIN,,2026-04-28,2026-04-28,510.0,PE,LICHSGFIN26APR510PE,0.0,0.0,0.0,28.1,0.0,28.1,522.15,15.85,0,0,0,0.0,0,F1,1000,,,,,
2026-02-18,2026-02-18,FO,NSE,STO,112699,,LICHSGFIN,,2026-02-24,2026-02-24,540.0,CE,LICHSGFIN26FEB540CE,1.6,1.85,1.2,1.35,1.25,1.75,522.15,1.35,506000,44000,299,161909600.0,259,F1,1000,,,,,
2026-02-18,2026-02-18,FO,NSE,STO,128659,,LICHSGFIN,,2026-03-30,2026-03-30,600.0,PE,LICHSGFIN26MAR600PE,0.0,0.0,0.0,76.0,76.0,76.0,522.15,75.6,44000,0,0,0.0,0,F1,1000,,,,,
2026-02-18,2026-02-18,FO,NSE,STO,112683,,LICHSGFIN,,2026-02-24,2026-02-24,460.0,CE,LICHSGFIN26FEB460CE,0.0,0.0,0.0,100.1,0.0,100.1,522.15,62.55,0,0,0,0.0,0,F1,1000,,,,,
2026-02-18,2026-02-18,FO,NSE,STO,135624,,LICHSGFIN,,2026-04-28,2026-04-28,490.0,PE,LICHSGFIN26APR490PE,0.0,0.0,0.0,19.4,0.0,19.4,522.15,9.1,0,0,0,0.0,0,F1,1000,,,,,
2026-02-18,2026-02-18,FO,NSE,STO,112695,,LICHSGFIN,,2026-02-24,2026-02-24,520.0,CE,LICHSGFIN26FEB520CE,5.55,9.0,5.55,7.5,6.85,7.05,522.15,7.5,2068000,-564000,2019,1064911350.0,1766,F1,1000,,,,,
2026-02-18,2026-02-18,FO,NSE,STO,128324,,LICHSGFIN,,2026-02-24,2026-02-24,535.0,CE,LICHSGFIN26FEB535CE,2.15,2.7,1.85,2.1,1.85,2.45,522.15,2.1,180000,-5000,214,114959050.0,208,F1,1000,,,,,
2026-02-18,2026-02-18,FO,NSE,STO,128332,,LICHSGFIN,,2026-02-24,2026-02-24,555.0,CE,LICHSGFIN26FEB555CE,0.8,0.8,0.55,0.55,0.55,0.8,522.15,0.55,89000,-10000,40,22224150.0,28,F1,1000,,,,,
2026-02-18,2026-02-18,FO,NSE,STO,135546,,LICHSGFIN,,2026-04-28,2026-04-28,420.0,PE,LICHSGFIN26APR420PE,0.0,0.0,0.0,3.15,0.0,3.15,522.15,0.45,0,0,0,0.0,0,F1,1000,,,,,
2026-02-18,2026-02-18,FO,NSE,STO,135445,,LICHSGFIN,,2026-03-30,2026-03-30,545.0,PE,LICHSGFIN26MAR545PE,0.0,0.0,0.0,44.4,0.0,44.4,522.15,29.95,0,0,0,0.0,0,F1,1000,,,,,
2026-02-18,2026-02-18,FO,NSE,STO,128634,,LICHSGFIN,,2026-03-30,2026-03-30,540.0,PE,LICHSGFIN26MAR540PE,21.65,23.0,21.1,21.25,21.5,22.75,522.15,21.25,43000,30000,33,18528450.0,23,F1,1000,,,,,
2026-02-18,2026-02-18,FO,NSE,STO,128466,,LICHSGFIN,,2026-03-30,2026-03-30,440.0,PE,LICHSGFIN26MAR440PE,0.0,0.0,0.0,3.05,0.0,3.05,522.15,0.35,0,0,0,0.0,0,F1,1000,,,,,
2026-02-18,2026-02-18,FO,NSE,STO,112720,,LICHSGFIN,,2026-02-24,2026-02-24,640.0,PE,LICHSGFIN26FEB640PE,119.5,119.5,119.5,119.5,119.5,119.5,522.15,117.25,248000,-4000,4,3038000.0,1,F1,1000,,,,,
2026-02-18,2026-02-18,FO,NSE,STO,112714,,LICHSGFIN,,2026-02-24,2026-02-24,610.0,PE,LICHSGFIN26FEB610PE,0.0,0.0,0.0,87.1,87.1,87.1,522.15,87.3,14000,0,0,0.0,0,F1,1000,,,,,
2026-02-18,2026-02-18,FO,NSE,STO,112712,,LICHSGFIN,,2026-02-24,2026-02-24,600.0,PE,LICHSGFIN26FEB600PE,80.0,80.0,75.4,77.6,77.6,80.55,522.15,77.6,198000,-8000,8,5420400.0,4,F1,1000,,,,,
2026-02-18,2026-02-18,FO,NSE,STO,135641,,LICHSGFIN,,2026-04-28,2026-04-28,580.0,CE,LICHSGFIN26APR580CE,0.0,0.0,0.0,11.9,0.0,11.9,522.15,7.25,0,0,0,0.0,0,F1,1000,,,,,
2026-02-18,2026-02-18,FO,NSE,STO,135621,,LICHSGFIN,,2026-04-28,2026-04-28,480.0,CE,LICHSGFIN26APR480CE,0.0,0.0,0.0,53.2,0.0,53.2,522.15,53.7,0,0,0,0.0,0,F1,1000,,,,,
2026-02-18,2026-02-18,FO,NSE,STO,112700,,LICHSGFIN,,2026-02-24,2026-02-24,540.0,PE,LICHSGFIN26FEB540PE,20.05,21.1,17.0,18.75,18.8,21.95,522.15,18.75,169000,-30000,58,32418100.0,44,F1,1000,,,,,
2026-02-18,2026-02-18,FO,NSE,STO,135619,,LICHSGFIN,,2026-04-28,2026-04-28,470.0,CE,LICHSGFIN26APR470CE,0.0,0.0,0.0,59.9,0.0,59.9,522.15,61.65,0,0,0,0.0,0,F1,1000,,,,,
2026-02-18,2026-02-18,FO,NSE,STO,135471,,LICHSGFIN,,2026-03-30,2026-03-30,555.0,CE,LICHSGFIN26MAR555CE,0.0,0.0,0.0,4.75,4.75,4.75,522.15,7.55,12000,0,0,0.0,0,F1,1000,,,,,
2026-02-18,2026-02-18,FO,NSE,STO,135414,,LICHSGFIN,,2026-03-30,2026-03-30,485.0,CE,LICHSGFIN26MAR485CE,0.0,0.0,0.0,43.55,0.0,43.55,522.15,44.35,0,0,0,0.0,0,F1,1000,,,,,
2026-02-18,2026-02-18,FO,NSE,STO,128339,,LICHSGFIN,,2026-02-24,2026-02-24,575.0,CE,LICHSGFIN26FEB575CE,0.0,0.0,0.0,0.9,0.9,0.9,522.15,0.05,23000,0,0,0.0,0,F1,1000,,,,,
2026-02-18,2026-02-18,FO,NSE,STO,128322,,LICHSGFIN,,2026-02-24,2026-02-24,525.0,CE,LICHSGFIN26FEB525CE,4.65,6.0,4.2,4.95,4.65,4.85,522.15,4.95,687000,91000,854,452672550.0,650,F1,1000,,,,,
2026-02-18,2026-02-18,FO,NSE,STO,128306,,LICHSGFIN,,2026-02-24,2026-02-24,485.0,CE,LICHSGFIN26FEB485CE,0.0,0.0,0.0,33.15,33.15,33.15,522.15,37.65,1000,0,0,0.0,0,F1,1000,,,,,
2026-02-18,2026-02-18,FO,NSE,STO,135646,,LICHSGFIN,,2026-04-28,2026-04-28,600.0,PE,LICHSGFIN26APR600PE,0.0,0.0,0.0,89.05,0.0,89.05,522.15,75.85,0,0,0,0.0,0,F1,1000,,,,,
2026-02-18,2026-02-18,FO,NSE,STO,135476,,LICHSGFIN,,2026-03-30,2026-03-30,565.0,PE,LICHSGFIN26MAR565PE,0.0,0.0,0.0,58.95,0.0,58.95,522.15,44.85,0,0,0,0.0,0,F1,1000,,,,,
2026-02-18,2026-02-18,FO,NSE,STO,128630,,LICHSGFIN,,2026-03-30,2026-03-30,520.0,PE,LICHSGFIN26MAR520PE,11.5,12.7,10.6,11.1,11.35,12.9,522.15,11.1,78000,35000,79,41998950.0,79,F1,1000,,,,,
2026-02-18,2026-02-18,FO,NSE,STO,115232,,LUPIN,,2026-02-24,2026-02-24,2240.0,CE,LUPIN26FEB2240CE,39.0,39.6,18.0,20.7,20.35,39.0,2226.7,20.7,592875,-14025,3092,2979926600.0,2577,F1,425,,,,,
2026-02-18,2026-02-18,FO,NSE,STO,115157,,LUPIN,,2026-02-24,2026-02-24,2000.0,CE,LUPIN26FEB2000CE,254.0,254.0,254.0,254.0,254.0,253.0,2226.7,228.5,11475,0,2,1915900.0,1,F1,425,,,,,
2026-02-18,2026-02-18,FO,NSE,STO,115164,,LUPIN,,2026-02-24,2026-02-24,2080.0,PE,LUPIN26FEB2080PE,2.0,2.0,1.2,1.3,1.4,2.0,2226.7,1.3,58650,-1275,20,17692622.5,20,F1,425,,,,,
2026-02-18,2026-02-18,FO,NSE,STO,138249,,LUPIN,,2026-04-28,2026-04-28,2240.0,CE,LUPIN26APR2240CE,0.0,0.0,0.0,101.85,0.0,101.85,2226.7,97.8,0,0,0,0.0,0,F1,425,,,,,
2026-02-18,2026-02-18,FO,NSE,STO,133549,,LUPIN,,2026-03-30,2026-03-30,2440.0,CE,LUPIN26MAR2440CE,20.25,21.9,16.65,16.65,16.65,12.95,2226.7,16.65,3400,425,17,17766423.75,17,F1,425,,,,,
2026-02-18,2026-02-18,FO,NSE,STO,133162,,LUPIN,,2026-02-24,2026-02-24,2220.0,CE,LUPIN26FEB2220CE,48.0,52.0,26.75,30.2,29.6,50.75,2226.7,30.2,159800,-14450,765,734056493.75,669,F1,425,,,,,
2026-02-18,2026-02-18,FO,NSE,STO,115160,,LUPIN,,2026-02-24,2026-02-24,2040.0,CE,LUPIN26FEB2040CE,0.0,0.0,0.0,165.8,165.8,165.8,2226.7,188.6,4250,0,0,0.0,0,F1,425,,,,,
2026-02-18,2026-02-18,FO,NSE,STO,138134,,LUPIN,,2026-03-30,2026-03-30,2180.0,PE,LUPIN26MAR2180PE,0.0,0.0,0.0,107.55,0.0,107.55,2226.7,44.0,0,0,0,0.0,0,F1,425,,,,,
2026-02-18,2026-02-18,FO,NSE,STO,133538,,LUPIN,,2026-03-30,2026-03-30,2240.0,PE,LUPIN26MAR2240PE,63.2,70.7,60.0,70.7,70.7,67.0,2226.7,70.7,22525,8925,31,30353223.75,28,F1,425,,,,,
2026-02-18,2026-02-18,FO,NSE,STF,66889,,LUPIN,,2026-04-28,2026-04-28,,,LUPIN26APRFUT,2278.0,2285.1,2257.0,2259.8,2257.0,2277.4,2226.7,2259.8,59075,8925,40,38534325.0,33,F1,425,,,,,
2026-02-18,2026-02-18,FO,NSE,STO,133468,,LUPIN,,2026-03-30,2026-03-30,1800.0,PE,LUPIN26MAR1800PE,0.0,0.0,0.0,20.5,0.0,20.5,2226.7,0.15,0,0,0,0.0,0,F1,425,,,,,
2026-02-18,2026-02-18,FO,NSE,STO,133171,,LUPIN,,2026-02-24,2026-02-24,2380.0,PE,LUPIN26FEB2380PE,0.0,0.0,0.0,296.5,0.0,296.5,2226.7,151.6,0,0,0,0.0,0,F1,425,,,,,
2026-02-18,2026-02-18,FO,NSE,STO,115242,,LUPIN,,2026-02-24,2026-02-24,2360.0,PE,LUPIN26FEB2360PE,0.0,0.0,0.0,321.0,0.0,321.0,2226.7,132.05,0,0,0,0.0,0,F1,425,,,,,
2026-02-18,2026-02-18,FO,NSE,STO,138176,,LUPIN,,2026-03-30,2026-03-30,2420.0,PE,LUPIN26MAR2420PE,0.0,0.0,0.0,272.55,0.0,272.55,2226.7,195.05,0,0,0,0.0,0,F1,425,,,,,
2026-02-18,2026-02-18,FO,NSE,STO,138172,,LUPIN,,2026-03-30,2026-03-30,2340.0,PE,LUPIN26MAR2340PE,0.0,0.0,0.0,210.0,0.0,210.0,2226.7,132.55,0,0,0,0.0,0,F1,425,,,,,
2026-02-18,2026-02-18,FO,NSE,STO,133493,,LUPIN,,2026-03-30,2026-03-30,1960.0,PE,LUPIN26MAR1960PE,0.0,0.0,0.0,8.05,8.05,8.05,2226.7,3.2,0,0,0,0.0,0,F1,425,,,,,
2026-02-18,2026-02-18,FO,NSE,STO,115249,,LUPIN,,2026-02-24,2026-02-24,2480.0,PE,LUPIN26FEB2480PE,0.0,0.0,0.0,422.2,0.0,422.2,2226.7,251.05,0,0,0,0.0,0,F1,425,,,,,
2026-02-18,2026-02-18,FO,NSE,STO,115134,,LUPIN,,2026-02-24,2026-02-24,1880.0,PE,LUPIN26FEB1880PE,0.25,0.3,0.25,0.25,0.25,0.45,2226.7,0.05,8925,-1275,4,3196446.25,4,F1,425,,,,,
2026-02-18,2026-02-18,FO,NSE,STO,115122,,LUPIN,,2026-02-24,2026-02-24,1800.0,PE,LUPIN26FEB1800PE,0.05,0.1,0.05,0.05,0.05,0.1,2226.7,0.05,71400,-850,15,11475361.25,12,F1,425,,,,,
2026-02-18,2026-02-18,FO,NSE,STO,138235,,LUPIN,,2026-04-28,2026-04-28,1960.0,CE,LUPIN26APR1960CE,0.0,0.0,0.0,260.7,0.0,260.7,2226.7,296.5,0,0,0,0.0,0,F1,425,,,,,
2026-02-18,2026-02-18,FO,NSE,STO,133539,,LUPIN,,2026-03-30,2026-03-30,2280.0,CE,LUPIN26MAR2280CE,70.25,70.5,54.35,55.65,55.5,73.35,2226.7,55.65,73950,46325,150,149701043.75,46,F1,425,,,,,
2026-02-18,2026-02-18,FO,NSE,STF,51969,,LUPIN,,2026-03-30,2026-03-30,,,LUPIN26MARFUT,2264.7,2271.6,2236.5,2243.4,2240.6,2264.6,2226.7,2243.4,868700,232050,1049,1005368142.5,940,F1,425,,,,,
2026-02-18,2026-02-18,FO,NSE,STO,133112,,LUPIN,,2026-02-24,2026-02-24,1900.0,CE,LUPIN26FEB1900CE,352.0,352.0,352.0,352.0,352.0,309.0,2226.7,328.4,850,0,2,1914200.0,1,F1,425,,,,,
2026-02-18,2026-02-18,FO,NSE,STO,115234,,LUPIN,,2026-02-24,2026-02-24,2280.0,CE,LUPIN26FEB2280CE,19.2,21.15,8.2,9.25,8.65,21.55,2226.7,9.25,160650,-15725,1309,1275593321.25,1196,F1,425,,,,,
2026-02-18,2026-02-18,FO,NSE,STO,133168,,LUPIN,,2026-02-24,2026-02-24,2340.0,CE,LUPIN26FEB2340CE,7.35,7.75,2.65,2.85,2.95,8.55,2226.7,2.85,73100,-19975,401,399539822.5,358,F1,425,,,,,
2026-02-18,2026-02-18,FO,NSE,STO,115246,,LUPIN,,2026-02-24,2026-02-24,2440.0,CE,LUPIN26FEB2440CE,2.4,2.4,0.85,0.95,0.95,2.4,2226.7,0.95,252450,-11475,100,103761072.5,80,F1,425,,,,,
2026-02-18,2026-02-18,FO,NSE,STO,115250,,LUPIN,,2026-02-24,2026-02-24,2520.0,CE,LUPIN26FEB2520CE,0.7,0.7,0.3,0.35,0.4,1.15,2226.7,0.35,75225,-11900,44,47133817.5,36,F1,425,,,,,
2026-02-18,2026-02-18,FO,NSE,STO,133469,,LUPIN,,2026-03-30,2026-03-30,1840.0,CE,LUPIN26MAR1840CE,0.0,0.0,0.0,295.1,0.0,295.1,2226.7,398.1,0,0,0,0.0,0,F1,425,,,,,
2026-02-18,2026-02-18,FO,NSE,STO,133522,,LUPIN,,2026-03-30,2026-03-30,2120.0,CE,LUPIN26MAR2120CE,0.0,0.0,0.0,119.15,0.0,119.15,2226.7,144.45,0,0,0,0.0,0,F1,425,,,,,
2026-02-18,2026-02-18,FO,NSE,STO,138229,,LUPIN,,2026-04-28,2026-04-28,1840.0,CE,LUPIN26APR1840CE,0.0,0.0,0.0,356.15,0.0,356.15,2226.7,407.95,0,0,0,0.0,0,F1,425,,,,,
2026-02-18,2026-02-18,FO,NSE,STO,138262,,LUPIN,,2026-04-28,2026-04-28,2480.0,PE,LUPIN26APR2480PE,0.0,0.0,0.0,327.55,0.0,327.55,2226.7,250.9,0,0,0,0.0,0,F1,425,,,,,
2026-02-18,2026-02-18,FO,NSE,STO,138245,,LUPIN,,2026-04-28,2026-04-28,2160.0,CE,LUPIN26APR2160CE,0.0,0.0,0.0,137.4,0.0,137.4,2226.7,142.45,0,0,0,0.0,0,F1,425,,,,,
2026-02-18,2026-02-18,FO,NSE,STO,133147,,LUPIN,,2026-02-24,2026-02-24,2020.0,PE,LUPIN26FEB2020PE,0.65,0.8,0.45,0.75,0.55,1.05,2226.7,0.75,10200,-5100,25,21469087.5,14,F1,425,,,,,
2026-02-18,2026-02-18,FO,NSE,STO,133163,,LUPIN,,2026-02-24,2026-02-24,2220.0,PE,LUPIN26FEB2220PE,20.6,23.4,13.65,20.25,19.75,18.65,2226.7,20.25,169150,-25075,1240,1179437857.5,1171,F1,425,,,,,
2026-02-18,2026-02-18,FO,NSE,STO,115245,,LUPIN,,2026-02-24,2026-02-24,2400.0,PE,LUPIN26FEB2400PE,0.0,0.0,0.0,176.8,176.8,176.8,2226.7,171.35,1700,0,0,0.0,0,F1,425,,,,,
2026-02-18,2026-02-18,FO,NSE,STO,133532,,LUPIN,,2026-03-30,2026-03-30,2200.0,PE,LUPIN26MAR2200PE,49.6,51.0,43.5,49.9,48.8,49.65,2226.7,49.9,56950,8925,82,78314728.75,61,F1,425,,,,,
2026-02-18,2026-02-18,FO,NSE,STO,133494,,LUPIN,,2026-03-30,2026-03-30,2000.0,CE,LUPIN26MAR2000CE,0.0,0.0,0.0,182.65,0.0,182.65,2226.7,244.55,0,0,0,0.0,0,F1,425,,,,,
2026-02-18,2026-02-18,FO,NSE,STO,133175,,LUPIN,,2026-02-24,2026-02-24,2460.0,PE,LUPIN26FEB2460PE,0.0,0.0,0.0,367.6,0.0,367.6,2226.7,231.1,0,0,0,0.0,0,F1,425,,,,,
2026-02-18,2026-02-18,FO,NSE,STO,115253,,LUPIN,,2026-02-24,2026-02-24,2560.0,PE,LUPIN26FEB2560PE,325.85,325.85,325.85,325.85,325.85,493.65,2226.7,331.0,425,425,1,1226486.25,1,F1,425,,,,,
2026-02-18,2026-02-18,FO,NSE,STO,133546,,LUPIN,,2026-03-30,2026-03-30,2360.0,PE,LUPIN26MAR2360PE,0.0,0.0,0.0,287.45,0.0,287.45,2226.7,147.25,0,0,0,0.0,0,F1,425,,,,,
2026-02-18,2026-02-18,FO,NSE,STO,138166,,LUPIN,,2026-03-30,2026-03-30,2300.0,CE,LUPIN26MAR2300CE,62.95,64.4,45.85,48.3,48.0,63.55,2226.7,48.3,214200,63325,657,657459678.75,556,F1,425,,,,,
2026-02-18,2026-02-18,FO,NSE,STO,138139,,LUPIN,,2026-03-30,2026-03-30,2220.0,CE,LUPIN26MAR2220CE,101.65,101.65,82.75,84.9,82.75,108.9,2226.7,84.9,2975,2125,12,11784506.25,12,F1,425,,,,,
2026-02-18,2026-02-18,FO,NSE,STO,138044,,LUPIN,,2026-03-30,2026-03-30,2020.0,CE,LUPIN26MAR2020CE,0.0,0.0,0.0,193.9,0.0,193.9,2226.7,226.55,0,0,0,0.0,0,F1,425,,,,,
2026-02-18,2026-02-18,FO,NSE,STO,138033,,LUPIN,,2026-03-30,2026-03-30,1900.0,CE,LUPIN26MAR1900CE,0.0,0.0,0.0,286.9,0.0,286.9,2226.7,339.3,0,0,0,0.0,0,F1,425,,,,,
2026-02-18,2026-02-18,FO,NSE,STO,133156,,LUPIN,,2026-02-24,2026-02-24,2140.0,CE,LUPIN26FEB2140CE,114.05,117.55,89.55,92.05,93.25,117.75,2226.7,92.05,67575,-4675,24,22886568.75,24,F1,425,,,,,
2026-02-18,2026-02-18,FO,NSE,STO,138260,,LUPIN,,2026-04-28,2026-04-28,2440.0,PE,LUPIN26APR2440PE,0.0,0.0,0.0,295.6,0.0,295.6,2226.7,218.55,0,0,0,0.0,0,F1,425,,,,,
2026-02-18,2026-02-18,FO,NSE,STO,133552,,LUPIN,,2026-03-30,2026-03-30,2480.0,PE,LUPIN26MAR2480PE,0.0,0.0,0.0,386.6,0.0,386.6,2226.7,247.35,0,0,0,0.0,0,F1,425,,,,,
2026-02-18,2026-02-18,FO,NSE,STO,133507,,LUPIN,,2026-03-30,2026-03-30,2000.0,PE,LUPIN26MAR2000PE,9.0,9.0,6.9,7.85,8.1,10.0,2226.7,7.85,39100,3400,44,37548346.25,44,F1,425,,,,,
2026-02-18,2026-02-18,FO,NSE,STO,138173,,LUPIN,,2026-03-30,2026-03-30,2380.0,CE,LUPIN26MAR2380CE,0.0,0.0,0.0,35.85,0.0,35.85,2226.7,23.6,0,0,0,0.0,0,F1,425,,,,,
2026-02-18,2026-02-18,FO,NSE,STO,133541,,LUPIN,,2026-03-30,2026-03-30,2320.0,CE,LUPIN26MAR2320CE,53.55,53.55,45.75,47.1,47.1,60.0,2226.7,39.25,9775,425,6,6042586.25,6,F1,425,,,,,
2026-02-18,2026-02-18,FO,NSE,STO,133471,,LUPIN,,2026-03-30,2026-03-30,1880.0,CE,LUPIN26MAR1880CE,0.0,0.0,0.0,264.25,0.0,264.25,2226.7,358.8,0,0,0,0.0,0,F1,425,,,,,
2026-02-18,2026-02-18,FO,NSE,STO,133174,,LUPIN,,2026-02-24,2026-02-24,2460.0,CE,LUPIN26FEB2460CE,0.0,0.0,0.0,10.75,0.0,10.75,2226.7,0.05,0,0,0,0.0,0,F1,425,,,,,
2026-02-18,2026-02-18,FO,NSE,STO,133166,,LUPIN,,2026-02-24,2026-02-24,2300.0,CE,LUPIN26FEB2300CE,16.0,17.2,5.4,6.1,6.25,16.1,2226.7,6.1,983025,-20825,3390,3327532612.5,2819,F1,425,,,,,
2026-02-18,2026-02-18,FO,NSE,STO,133164,,LUPIN,,2026-02-24,2026-02-24,2260.0,CE,LUPIN26FEB2260CE,31.0,31.0,12.5,14.2,13.9,29.5,2226.7,14.2,807075,123675,4254,4123162702.5,3779,F1,425,,,,,
2026-02-18,2026-02-18,FO,NSE,STO,115155,,LUPIN,,2026-02-24,2026-02-24,1960.0,CE,LUPIN26FEB1960CE,0.0,0.0,0.0,187.5,0.0,187.5,2226.7,268.45,0,0,0,0.0,0,F1,425,,,,,
2026-02-18,2026-02-18,FO,NSE,STO,133154,,LUPIN,,2026-02-24,2026-02-24,2100.0,CE,LUPIN26FEB2100CE,150.0,155.0,127.8,129.95,132.2,154.95,2226.7,129.95,27200,-4250,46,43841193.75,36,F1,425,,,,,
2026-02-18,2026-02-18,FO,NSE,STO,138236,,LUPIN,,2026-04-28,2026-04-28,1960.0,PE,LUPIN26APR1960PE,0.0,0.0,0.0,40.2,0.0,40.2,2226.7,9.55,0,0,0,0.0,0,F1,425,,,,,
2026-02-18,2026-02-18,FO,NSE,STO,115162,,LUPIN,,2026-02-24,2026-02-24,2080.0,CE,LUPIN26FEB2080CE,170.0,170.0,170.0,170.0,170.0,125.5,2226.7,148.85,10625,-5950,14,13387500.0,4,F1,425,,,,,
2026-02-18,2026-02-18,FO,NSE,STO,138234,,LUPIN,,2026-04-28,2026-04-28,1920.0,PE,LUPIN26APR1920PE,0.0,0.0,0.0,31.05,0.0,31.05,2226.7,6.1,0,0,0,0.0,0,F1,425,,,,,
2026-02-18,2026-02-18,FO,NSE,STO,133528,,LUPIN,,2026-03-30,2026-03-30,2160.0,PE,LUPIN26MAR2160PE,0.0,0.0,0.0,149.6,0.0,149.6,2226.7,36.85,0,0,0,0.0,0,F1,425,,,,,
2026-02-18,2026-02-18,FO,NSE,STO,138132,,LUPIN,,2026-03-30,2026-03-30,2140.0,PE,LUPIN26MAR2140PE,29.45,30.85,26.85,29.95,30.8,32.5,2226.7,29.95,18275,10625,38,35022486.25,34,F1,425,,,,,
2026-02-18,2026-02-18,FO,NSE,STO,133167,,LUPIN,,2026-02-24,2026-02-24,2300.0,PE,LUPIN26FEB2300PE,60.45,79.6,57.95,79.05,79.1,64.15,2226.7,79.05,64175,1700,83,83524102.5,81,F1,425,,,,,
2026-02-18,2026-02-18,FO,NSE,STO,138257,,LUPIN,,2026-04-28,2026-04-28,2400.0,CE,LUPIN26APR2400CE,0.0,0.0,0.0,52.2,0.0,52.2,2226.7,39.5,0,0,0,0.0,0,F1,425,,,,,
2026-02-18,2026-02-18,FO,NSE,STO,138243,,LUPIN,,2026-04-28,2026-04-28,2120.0,CE,LUPIN26APR2120CE,0.0,0.0,0.0,158.1,0.0,158.1,2226.7,168.8,0,0,0,0.0,0,F1,425,,,,,
2026-02-18,2026-02-18,FO,NSE,STO,138177,,LUPIN,,2026-03-30,2026-03-30,2460.0,CE,LUPIN26MAR2460CE,19.35,19.35,13.35,13.5,13.5,22.2,2226.7,13.5,5525,5525,17,17886273.75,17,F1,425,,,,,
2026-02-18,2026-02-18,FO,NSE,STO,115236,,LUPIN,,2026-02-24,2026-02-24,2280.0,PE,LUPIN26FEB2280PE,48.8,62.3,45.0,59.1,59.6,49.7,2226.7,59.1,31875,1275,121,119971762.5,116,F1,425,,,,,
2026-02-18,2026-02-18,FO,NSE,STO,133161,,LUPIN,,2026-02-24,2026-02-24,2180.0,PE,LUPIN26FEB2180PE,8.65,9.0,5.4,8.05,7.7,8.75,2226.7,8.05,146200,-80750,726,674911623.75,636,F1,425,,,,,
2026-02-18,2026-02-18,FO,NSE,STO,115156,,LUPIN,,2026-02-24,2026-02-24,1960.0,PE,LUPIN26FEB1960PE,0.45,0.45,0.45,0.45,0.45,0.7,2226.7,0.45,32300,-850,6,4999147.5,5,F1,425,,,,,
2026-02-18,2026-02-18,FO,NSE,STO,133115,,LUPIN,,2026-02-24,2026-02-24,1940.0,PE,LUPIN26FEB1940PE,0.0,0.0,0.0,34.85,0.0,34.85,2226.7,0.05,0,0,0,0.0,0,F1,425,,,,,
2026-02-18,2026-02-18,FO,NSE,STO,138251,,LUPIN,,2026-04-28,2026-04-28,2280.0,CE,LUPIN26APR2280CE,0.0,0.0,0.0,86.9,0.0,86.9,2226.7,79.5,0,0,0,0.0,0,F1,425,,,,,
2026-02-18,2026-02-18,FO,NSE,STO,138247,,LUPIN,,2026-04-28,2026-04-28,2200.0,CE,LUPIN26APR2200CE,0.0,0.0,0.0,118.65,0.0,118.65,2226.7,118.8,0,0,0,0.0,0,F1,425,,,,,
2026-02-18,2026-02-18,FO,NSE,STO,133555,,LUPIN,,2026-03-30,2026-03-30,2560.0,CE,LUPIN26MAR2560CE,9.5,10.05,5.7,5.9,5.9,10.2,2226.7,5.9,25925,24650,86,93859252.5,83,F1,425,,,,,
2026-02-18,2026-02-18,FO,NSE,STO,133527,,LUPIN,,2026-03-30,2026-03-30,2160.0,CE,LUPIN26MAR2160CE,0.0,0.0,0.0,102.0,0.0,102.0,2226.7,116.5,0,0,0,0.0,0,F1,425,,,,,
2026-02-18,2026-02-18,FO,NSE,STO,138046,,LUPIN,,2026-03-30,2026-03-30,2060.0,CE,LUPIN26MAR2060CE,0.0,0.0,0.0,167.0,0.0,167.0,2226.7,191.9,0,0,0,0.0,0,F1,425,,,,,
2026-02-18,2026-02-18,FO,NSE,STO,115237,,LUPIN,,2026-02-24,2026-02-24,2320.0,CE,LUPIN26FEB2320CE,11.0,11.0,3.7,4.0,4.0,11.6,2226.7,4.0,162350,-8075,879,868944120.0,743,F1,425,,,,,
2026-02-18,2026-02-18,FO,NSE,STO,115168,,LUPIN,,2026-02-24,2026-02-24,2160.0,CE,LUPIN26FEB2160CE,94.0,98.75,73.85,74.65,73.85,92.7,2226.7,74.65,59925,-850,50,47846032.5,40,F1,425,,,,,
2026-02-18,2026-02-18,FO,NSE,STO,133146,,LUPIN,,2026-02-24,2026-02-24,2020.0,CE,LUPIN26FEB2020CE,0.0,0.0,0.0,129.1,128.45,129.1,2226.7,208.55,4250,0,0,0.0,0,F1,425,,,,,
2026-02-18,2026-02-18,FO,NSE,STO,115121,,LUPIN,,2026-02-24,2026-02-24,1800.0,CE,LUPIN26FEB1800CE,0.0,0.0,0.0,298.95,0.0,298.95,2226.7,428.35,0,0,0,0.0,0,F1,425,,,,,
2026-02-18,2026-02-18,FO,NSE,STO,138271,,LUPIN,,2026-04-28,2026-04-28,2560.0,PE,LUPIN26APR2560PE,0.0,0.0,0.0,394.7,0.0,394.7,2226.7,319.85,0,0,0,0.0,0,F1,425,,,,,
2026-02-18,2026-02-18,FO,NSE,STO,133548,,LUPIN,,2026-03-30,2026-03-30,2400.0,PE,LUPIN26MAR2400PE,0.0,0.0,0.0,319.4,0.0,319.4,2226.7,178.55,0,0,0,0.0,0,F1,425,,,,,
2026-02-18,2026-02-18,FO,NSE,STO,133517,,LUPIN,,2026-03-30,2026-03-30,2040.0,PE,LUPIN26MAR2040PE,0.0,0.0,0.0,18.0,18.0,18.0,2226.7,10.0,2550,0,0,0.0,0,F1,425,,,,,
2026-02-18,2026-02-18,FO,NSE,STO,133476,,LUPIN,,2026-03-30,2026-03-30,1920.0,PE,LUPIN26MAR1920PE,0.0,0.0,0.0,46.4,0.0,46.4,2226.7,1.65,0,0,0,0.0,0,F1,425,,,,,
2026-02-18,2026-02-18,FO,NSE,STO,133472,,LUPIN,,2026-03-30,2026-03-30,1880.0,PE,LUPIN26MAR1880PE,0.0,0.0,0.0,36.05,0.0,36.05,2226.7,0.8,0,0,0,0.0,0,F1,425,,,,,
2026-02-18,2026-02-18,FO,NSE,STO,115247,,LUPIN,,2026-02-24,2026-02-24,2440.0,PE,LUPIN26FEB2440PE,0.0,0.0,0.0,387.55,0.0,387.55,2226.7,211.15,0,0,0,0.0,0,F1,425,,,,,
2026-02-18,2026-02-18,FO,NSE,STO,133113,,LUPIN,,2026-02-24,2026-02-24,1900.0,PE,LUPIN26FEB1900PE,0.35,0.35,0.25,0.3,0.3,0.45,2226.7,0.3,40800,425,11,8883860.0,10,F1,425,,,,,
2026-02-18,2026-02-18,FO,NSE,STO,138233,,LUPIN,,2026-04-28,2026-04-28,1920.0,CE,LUPIN26APR1920CE,0.0,0.0,0.0,290.95,0.0,290.95,2226.7,332.65,0,0,0,0.0,0,F1,425,,,,,
2026-02-18,2026-02-18,FO,NSE,STO,138050,,LUPIN,,2026-03-30,2026-03-30,2140.0,CE,LUPIN26MAR2140CE,0.0,0.0,0.0,120.45,0.0,120.45,2226.7,130.1,0,0,0,0.0,0,F1,425,,,,,
2026-02-18,2026-02-18,FO,NSE,STO,138037,,LUPIN,,2026-03-30,2026-03-30,1980.0,CE,LUPIN26MAR1980CE,0.0,0.0,0.0,222.9,0.0,222.9,2226.7,262.95,0,0,0,0.0,0,F1,425,,,,,
2026-02-18,2026-02-18,FO,NSE,STO,133160,,LUPIN,,2026-02-24,2026-02-24,2180.0,CE,LUPIN26FEB2180CE,75.35,81.2,54.55,57.85,56.8,80.5,2226.7,57.85,66300,-12325,104,99204817.5,87,F1,425,,,,,
2026-02-18,2026-02-18,FO,NSE,STO,133152,,LUPIN,,2026-02-24,2026-02-24,2060.0,CE,LUPIN26FEB2060CE,0.0,0.0,0.0,102.0,102.0,102.0,2226.7,168.7,850,0,0,0.0,0,F1,425,,,,,
2026-02-18,2026-02-18,FO,NSE,STO,115135,,LUPIN,,2026-02-24,2026-02-24,1920.0,CE,LUPIN26FEB1920CE,0.0,0.0,0.0,212.55,0.0,212.55,2226.7,308.45,0,0,0,0.0,0,F1,425,,,,,
2026-02-18,2026-02-18,FO,NSE,STO,115133,,LUPIN,,2026-02-24,2026-02-24,1880.0,CE,LUPIN26FEB1880CE,0.0,0.0,0.0,239.6,0.0,239.6,2226.7,348.4,0,0,0,0.0,0,F1,425,,,,,
2026-02-18,2026-02-18,FO,NSE,STO,133155,,LUPIN,,2026-02-24,2026-02-24,2100.0,PE,LUPIN26FEB2100PE,2.5,2.5,1.4,1.75,1.9,2.5,2226.7,1.75,164475,-18275,163,145602471.25,144,F1,425,,,,,
2026-02-18,2026-02-18,FO,NSE,STO,138254,,LUPIN,,2026-04-28,2026-04-28,2320.0,PE,LUPIN26APR2320PE,0.0,0.0,0.0,207.65,0.0,207.65,2226.7,133.1,0,0,0,0.0,0,F1,425,,,,,
2026-02-18,2026-02-18,FO,NSE,STO,138250,,LUPIN,,2026-04-28,2026-04-28,2240.0,PE,LUPIN26APR2240PE,0.0,0.0,0.0,157.05,0.0,157.05,2226.7,87.9,0,0,0,0.0,0,F1,425,,,,,
2026-02-18,2026-02-18,FO,NSE,STO,138242,,LUPIN,,2026-04-28,2026-04-28,2080.0,PE,LUPIN26APR2080PE,0.0,0.0,0.0,78.45,0.0,78.45,2226.7,29.4,0,0,0,0.0,0,F1,425,,,,,
2026-02-18,2026-02-18,FO,NSE,STO,138178,,LUPIN,,2026-03-30,2026-03-30,2460.0,PE,LUPIN26MAR2460PE,0.0,0.0,0.0,305.95,0.0,305.95,2226.7,229.5,0,0,0,0.0,0,F1,425,,,,,
2026-02-18,2026-02-18,FO,NSE,STO,133542,,LUPIN,,2026-03-30,2026-03-30,2320.0,PE,LUPIN26MAR2320PE,105.0,111.5,104.5,111.5,111.5,256.85,2226.7,118.6,2125,2125,5,5158437.5,5,F1,425,,,,,
2026-02-18,2026-02-18,FO,NSE,STO,115167,,LUPIN,,2026-02-24,2026-02-24,2120.0,PE,LUPIN26FEB2120PE,2.9,3.0,2.0,2.3,2.3,3.2,2226.7,2.3,53975,-2550,93,83888455.0,87,F1,425,,,,,
2026-02-18,2026-02-18,FO,NSE,STO,133153,,LUPIN,,2026-02-24,2026-02-24,2060.0,PE,LUPIN26FEB2060PE,1.65,1.65,0.8,0.95,0.8,1.65,2226.7,0.95,25075,-5950,47,41169048.75,43,F1,425,,,,,
2026-02-18,2026-02-18,FO,NSE,STO,138246,,LUPIN,,2026-04-28,2026-04-28,2160.0,PE,LUPIN26APR2160PE,0.0,0.0,0.0,113.8,0.0,113.8,2226.7,53.45,0,0,0,0.0,0,F1,425,,,,,
2026-02-18,2026-02-18,FO,NSE,STO,138142,,LUPIN,,2026-03-30,2026-03-30,2220.0,PE,LUPIN26MAR2220PE,0.0,0.0,0.0,129.85,0.0,129.85,2226.7,60.9,0,0,0,0.0,0,F1,425,,,,,
2026-02-18,2026-02-18,FO,NSE,STO,138047,,LUPIN,,2026-03-30,2026-03-30,2060.0,PE,LUPIN26MAR2060PE,13.4,14.75,12.6,14.55,14.75,54.95,2226.7,14.55,10200,10200,27,23795197.5,25,F1,425,,,,,
2026-02-18,2026-02-18,FO,NSE,STO,133159,,LUPIN,,2026-02-24,2026-02-24,2140.0,PE,LUPIN26FEB2140PE,4.0,4.05,2.4,3.1,3.0,4.1,2226.7,3.1,133025,4675,367,334293100.0,337,F1,425,,,,,
2026-02-18,2026-02-18,FO,NSE,STO,115227,,LUPIN,,2026-02-24,2026-02-24,2160.0,PE,LUPIN26FEB2160PE,5.5,5.85,3.5,4.7,4.55,5.95,2226.7,4.7,155975,11050,354,325686467.5,340,F1,425,,,,,
2026-02-18,2026-02-18,FO,NSE,STO,115231,,LUPIN,,2026-02-24,2026-02-24,2200.0,PE,LUPIN26FEB2200PE,13.1,14.9,8.45,12.6,10.7,13.0,2226.7,12.6,398650,-47175,1363,1281068468.75,1209,F1,425,,,,,
2026-02-18,2026-02-18,FO,NSE,STO,115251,,LUPIN,,2026-02-24,2026-02-24,2520.0,PE,LUPIN26FEB2520PE,0.0,0.0,0.0,457.6,0.0,457.6,2226.7,291.0,0,0,0,0.0,0,F1,425,,,,,
2026-02-18,2026-02-18,FO,NSE,STO,133172,,LUPIN,,2026-02-24,2026-02-24,2420.0,CE,LUPIN26FEB2420CE,2.45,2.65,1.1,1.15,1.15,3.05,2226.7,0.1,35700,-10200,82,84391888.75,65,F1,425,,,,,
2026-02-18,2026-02-18,FO,NSE,STO,115228,,LUPIN,,2026-02-24,2026-02-24,2200.0,CE,LUPIN26FEB2200CE,64.4,66.4,38.15,42.55,44.0,65.1,2226.7,42.55,329800,-62900,788,753722795.0,698,F1,425,,,,,
2026-02-18,2026-02-18,FO,NSE,STO,138252,,LUPIN,,2026-04-28,2026-04-28,2280.0,PE,LUPIN26APR2280PE,0.0,0.0,0.0,181.45,0.0,181.45,2226.7,109.2,0,0,0,0.0,0,F1,425,,,,,
2026-02-18,2026-02-18,FO,NSE,STO,133533,,LUPIN,,2026-03-30,2026-03-30,2240.0,CE,LUPIN26MAR2240CE,91.6,92.7,71.7,74.4,74.75,91.65,2226.7,74.4,56950,6375,99,97762091.25,89,F1,425,,,,,
2026-02-18,2026-02-18,FO,NSE,STO,133553,,LUPIN,,2026-03-30,2026-03-30,2520.0,CE,LUPIN26MAR2520CE,12.55,12.55,8.7,9.0,9.0,12.75,2226.7,5.8,14875,4250,23,24732088.75,19,F1,425,,,,,
2026-02-18,2026-02-18,FO,NSE,STO,138239,,LUPIN,,2026-04-28,2026-04-28,2040.0,CE,LUPIN26APR2040CE,0.0,0.0,0.0,205.5,0.0,205.5,2226.7,228.65,0,0,0,0.0,0,F1,425,,,,,
2026-02-18,2026-02-18,FO,NSE,STO,138253,,LUPIN,,2026-04-28,2026-04-28,2320.0,CE,LUPIN26APR2320CE,0.0,0.0,0.0,73.7,0.0,73.7,2226.7,63.8,0,0,0,0.0,0,F1,425,,,,,
2026-02-18,2026-02-18,FO,NSE,STO,138269,,LUPIN,,2026-04-28,2026-04-28,2560.0,CE,LUPIN26APR2560CE,0.0,0.0,0.0,24.4,0.0,24.4,2226.7,13.05,0,0,0,0.0,0,F1,425,,,,,
2026-02-18,2026-02-18,FO,NSE,STO,133473,,LUPIN,,2026-03-30,2026-03-30,1920.0,CE,LUPIN26MAR1920CE,0.0,0.0,0.0,235.2,0.0,235.2,2226.7,319.9,0,0,0,0.0,0,F1,425,,,,,
2026-02-18,2026-02-18,FO,NSE,STO,133550,,LUPIN,,2026-03-30,2026-03-30,2440.0,PE,LUPIN26MAR2440PE,0.0,0.0,0.0,352.5,0.0,352.5,2226.7,212.05,0,0,0,0.0,0,F1,425,,,,,
2026-02-18,2026-02-18,FO,NSE,STO,138170,,LUPIN,,2026-03-30,2026-03-30,2300.0,PE,LUPIN26MAR2300PE,95.05,104.8,90.7,102.15,101.8,102.75,2226.7,102.15,43350,4250,46,46830665.0,45,F1,425,,,,,
2026-02-18,2026-02-18,FO,NSE,STO,133526,,LUPIN,,2026-03-30,2026-03-30,2120.0,PE,LUPIN26MAR2120PE,24.1,24.1,22.8,24.0,24.0,25.0,2226.7,25.0,6800,2125,11,10020692.5,10,F1,425,,,,,
2026-02-18,2026-02-18,FO,NSE,STO,115233,,LUPIN,,2026-02-24,2026-02-24,2240.0,PE,LUPIN26FEB2240PE,26.7,33.9,21.55,29.65,30.9,26.7,2226.7,29.65,172125,-30600,1321,1272562178.75,1126,F1,425,,,,,
2026-02-18,2026-02-18,FO,NSE,STO,115158,,LUPIN,,2026-02-24,2026-02-24,2000.0,PE,LUPIN26FEB2000PE,0.4,0.65,0.4,0.55,0.5,0.85,2226.7,0.55,122825,-14875,80,68017531.25,74,F1,425,,,,,
2026-02-18,2026-02-18,FO,NSE,STO,138261,,LUPIN,,2026-04-28,2026-04-28,2480.0,CE,LUPIN26APR2480CE,0.0,0.0,0.0,36.05,0.0,36.05,2226.7,23.25,0,0,0,0.0,0,F1,425,,,,,
2026-02-18,2026-02-18,FO,NSE,STO,133547,,LUPIN,,2026-03-30,2026-03-30,2400.0,CE,LUPIN26MAR2400CE,31.6,32.65,21.0,22.1,22.25,31.7,2226.7,22.1,52700,17425,150,154641095.0,126,F1,425,,,,,
2026-02-18,2026-02-18,FO,NSE,STO,133508,,LUPIN,,2026-03-30,2026-03-30,2040.0,CE,LUPIN26MAR2040CE,0.0,0.0,0.0,159.45,0.0,159.45,2226.7,209.0,0,0,0,0.0,0,F1,425,,,,,
2026-02-18,2026-02-18,FO,NSE,STO,133477,,LUPIN,,2026-03-30,2026-03-30,1960.0,CE,LUPIN26MAR1960CE,302.7,302.7,275.0,301.0,301.0,207.9,2226.7,281.7,1700,1700,6,5733122.5,3,F1,425,,,,,
2026-02-18,2026-02-18,FO,NSE,STO,138035,,LUPIN,,2026-03-30,2026-03-30,1940.0,CE,LUPIN26MAR1940CE,0.0,0.0,0.0,254.0,0.0,254.0,2226.7,300.7,0,0,0,0.0,0,F1,425,,,,,
2026-02-18,2026-02-18,FO,NSE,STO,115252,,LUPIN,,2026-02-24,2026-02-24,2560.0,CE,LUPIN26FEB2560CE,0.0,0.0,0.0,14.55,0.0,14.55,2226.7,0.05,0,0,0,0.0,0,F1,425,,,,,
2026-02-18,2026-02-18,FO,NSE,STO,133170,,LUPIN,,2026-02-24,2026-02-24,2380.0,CE,LUPIN26FEB2380CE,4.0,4.35,1.6,1.8,1.6,4.9,2226.7,1.8,46325,-7650,166,168068098.75,144,F1,425,,,,,
2026-02-18,2026-02-18,FO,NSE,STO,115165,,LUPIN,,2026-02-24,2026-02-24,2120.0,CE,LUPIN26FEB2120CE,0.0,0.0,0.0,140.0,140.0,140.0,2226.7,110.1,28900,0,0,0.0,0,F1,425,,,,,
2026-02-18,2026-02-18,FO,NSE,STO,133114,,LUPIN,,2026-02-24,2026-02-24,1940.0,CE,LUPIN26FEB1940CE,0.0,0.0,0.0,193.2,0.0,193.2,2226.7,288.45,0,0,0,0.0,0,F1,425,,,,,
2026-02-18,2026-02-18,FO,NSE,STO,138248,,LUPIN,,2026-04-28,2026-04-28,2200.0,PE,LUPIN26APR2200PE,0.0,0.0,0.0,134.45,0.0,134.45,2226.7,69.3,0,0,0,0.0,0,F1,425,,,,,
2026-02-18,2026-02-18,FO,NSE,STO,138230,,LUPIN,,2026-04-28,2026-04-28,1840.0,PE,LUPIN26APR1840PE,0.0,0.0,0.0,17.45,0.0,17.45,2226.7,2.2,0,0,0,0.0,0,F1,425,,,,,
2026-02-18,2026-02-18,FO,NSE,STO,133551,,LUPIN,,2026-03-30,2026-03-30,2480.0,CE,LUPIN26MAR2480CE,16.95,17.95,11.45,11.45,11.45,16.6,2226.7,8.95,30175,5525,53,56180176.25,45,F1,425,,,,,
2026-02-18,2026-02-18,FO,NSE,STO,133145,,LUPIN,,2026-02-24,2026-02-24,1980.0,PE,LUPIN26FEB1980PE,0.7,0.7,0.7,0.7,0.7,0.75,2226.7,0.7,22525,0,4,3367190.0,1,F1,425,,,,,
2026-02-18,2026-02-18,FO,NSE,STO,115161,,LUPIN,,2026-02-24,2026-02-24,2040.0,PE,LUPIN26FEB2040PE,1.05,1.05,0.8,0.9,0.9,1.2,2226.7,0.9,35275,-8075,35,30358238.75,22,F1,425,,,,,
2026-02-18,2026-02-18,FO,NSE,STF,59414,,LUPIN,,2026-02-24,2026-02-24,,,LUPIN26FEBFUT,2259.4,2259.4,2222.1,2229.6,2232.8,2251.0,2226.7,2229.6,7425175,-216750,2078,1978410657.5,1889,F1,425,,,,,
2026-02-18,2026-02-18,FO,NSE,STO,138049,,LUPIN,,2026-03-30,2026-03-30,2100.0,PE,LUPIN26MAR2100PE,21.25,22.15,18.1,20.85,21.55,22.35,2226.7,20.85,36550,8075,49,44144006.25,45,F1,425,,,,,
2026-02-18,2026-02-18,FO,NSE,STO,133556,,LUPIN,,2026-03-30,2026-03-30,2560.0,PE,LUPIN26MAR2560PE,0.0,0.0,0.0,457.25,0.0,457.25,2226.7,321.6,0,0,0,0.0,0,F1,425,,,,,
2026-02-18,2026-02-18,FO,NSE,STO,115240,,LUPIN,,2026-02-24,2026-02-24,2360.0,CE,LUPIN26FEB2360CE,5.55,5.8,2.0,2.15,2.2,6.25,2226.7,2.15,168300,-18700,536,538403005.0,455,F1,425,,,,,
2026-02-18,2026-02-18,FO,NSE,STO,133442,,LUPIN,,2026-03-30,2026-03-30,1800.0,CE,LUPIN26MAR1800CE,0.0,0.0,0.0,327.55,0.0,327.55,2226.7,437.65,0,0,0,0.0,0,F1,425,,,,,
2026-02-18,2026-02-18,FO,NSE,STO,138048,,LUPIN,,2026-03-30,2026-03-30,2100.0,CE,LUPIN26MAR2100CE,190.75,190.75,165.0,166.0,166.0,190.0,2226.7,159.6,31025,28900,73,70617723.75,11,F1,425,,,,,
2026-02-18,2026-02-18,FO,NSE,STO,133169,,LUPIN,,2026-02-24,2026-02-24,2340.0,PE,LUPIN26FEB2340PE,0.0,0.0,0.0,151.1,151.45,151.1,2226.7,112.9,20400,0,0,0.0,0,F1,425,,,,,
2026-02-18,2026-02-18,FO,NSE,STO,138034,,LUPIN,,2026-03-30,2026-03-30,1900.0,PE,LUPIN26MAR1900PE,0.0,0.0,0.0,16.5,0.0,16.5,2226.7,1.15,0,0,0,0.0,0,F1,425,,,,,
2026-02-18,2026-02-18,FO,NSE,STO,138045,,LUPIN,,2026-03-30,2026-03-30,2020.0,PE,LUPIN26MAR2020PE,0.0,0.0,0.0,10.45,10.45,10.45,2226.7,7.7,4250,0,0,0.0,0,F1,425,,,,,
2026-02-18,2026-02-18,FO,NSE,STO,133530,,LUPIN,,2026-03-30,2026-03-30,2200.0,CE,LUPIN26MAR2200CE,111.8,114.9,92.8,94.2,92.8,114.0,2226.7,94.2,46325,6800,55,53856701.25,39,F1,425,,,,,
2026-02-18,2026-02-18,FO,NSE,STO,138237,,LUPIN,,2026-04-28,2026-04-28,2000.0,CE,LUPIN26APR2000CE,0.0,0.0,0.0,232.25,0.0,232.25,2226.7,261.75,0,0,0,0.0,0,F1,425,,,,,
2026-02-18,2026-02-18,FO,NSE,STO,138175,,LUPIN,,2026-03-30,2026-03-30,2420.0,CE,LUPIN26MAR2420CE,0.0,0.0,0.0,24.35,24.35,24.35,2226.7,16.3,850,0,0,0.0,0,F1,425,,,,,
2026-02-18,2026-02-18,FO,NSE,STO,138171,,LUPIN,,2026-03-30,2026-03-30,2340.0,CE,LUPIN26MAR2340CE,47.35,48.6,36.0,36.0,36.0,49.8,2226.7,33.3,9775,3825,21,21264216.25,20,F1,425,,,,,
2026-02-18,2026-02-18,FO,NSE,STO,138143,,LUPIN,,2026-03-30,2026-03-30,2260.0,CE,LUPIN26MAR2260CE,80.6,84.0,62.4,64.05,65.0,82.1,2226.7,64.05,23375,10625,53,52556052.5,50,F1,425,,,,,
2026-02-18,2026-02-18,FO,NSE,STO,133518,,LUPIN,,2026-03-30,2026-03-30,2080.0,CE,LUPIN26MAR2080CE,0.0,0.0,0.0,138.3,0.0,138.3,2226.7,175.45,0,0,0,0.0,0,F1,425,,,,,
2026-02-18,2026-02-18,FO,NSE,STO,115248,,LUPIN,,2026-02-24,2026-02-24,2480.0,CE,LUPIN26FEB2480CE,1.2,1.35,0.45,0.6,0.6,1.6,2226.7,0.6,159375,-11900,90,94892215.0,80,F1,425,,,,,
2026-02-18,2026-02-18,FO,NSE,STO,138256,,LUPIN,,2026-04-28,2026-04-28,2360.0,PE,LUPIN26APR2360PE,0.0,0.0,0.0,235.45,0.0,235.45,2226.7,159.4,0,0,0,0.0,0,F1,425,,,,,
2026-02-18,2026-02-18,FO,NSE,STO,138238,,LUPIN,,2026-04-28,2026-04-28,2000.0,PE,LUPIN26APR2000PE,10.9,14.0,10.9,14.0,14.0,25.0,2226.7,14.35,1275,850,3,2565215.0,3,F1,425,,,,,
2026-02-18,2026-02-18,FO,NSE,STO,133554,,LUPIN,,2026-03-30,2026-03-30,2520.0,PE,LUPIN26MAR2520PE,0.0,0.0,0.0,421.55,0.0,421.55,2226.7,284.0,0,0,0,0.0,0,F1,425,,,,,
2026-02-18,2026-02-18,FO,NSE,STO,138043,,LUPIN,,2026-03-30,2026-03-30,1980.0,PE,LUPIN26MAR1980PE,0.0,0.0,0.0,31.7,0.0,31.7,2226.7,4.35,0,0,0,0.0,0,F1,425,,,,,
2026-02-18,2026-02-18,FO,NSE,STO,138036,,LUPIN,,2026-03-30,2026-03-30,1940.0,PE,LUPIN26MAR1940PE,0.0,0.0,0.0,4.9,4.9,4.9,2226.7,2.35,425,0,0,0.0,0,F1,425,,,,,
2026-02-18,2026-02-18,FO,NSE,STO,133470,,LUPIN,,2026-03-30,2026-03-30,1840.0,PE,LUPIN26MAR1840PE,0.0,0.0,0.0,27.45,0.0,27.45,2226.7,0.35,0,0,0,0.0,0,F1,425,,,,,
2026-02-18,2026-02-18,FO,NSE,STO,115238,,LUPIN,,2026-02-24,2026-02-24,2320.0,PE,LUPIN26FEB2320PE,82.0,96.2,81.0,90.55,90.55,79.5,2226.7,94.4,67575,-5100,16,16403385.0,16,F1,425,,,,,
2026-02-18,2026-02-18,FO,NSE,STO,133165,,LUPIN,,2026-02-24,2026-02-24,2260.0,PE,LUPIN26FEB2260PE,37.1,48.75,31.45,43.8,43.7,37.0,2226.7,43.8,167450,-9350,512,500029733.75,500,F1,425,,,,,
2026-02-18,2026-02-18,FO,NSE,STO,115151,,LUPIN,,2026-02-24,2026-02-24,1920.0,PE,LUPIN26FEB1920PE,0.0,0.0,0.0,0.55,0.55,0.55,2226.7,0.05,5950,0,0,0.0,0,F1,425,,,,,
2026-02-18,2026-02-18,FO,NSE,STO,115124,,LUPIN,,2026-02-24,2026-02-24,1840.0,PE,LUPIN26FEB1840PE,0.0,0.0,0.0,0.3,0.3,0.3,2226.7,0.05,34850,0,0,0.0,0,F1,425,,,,,
2026-02-18,2026-02-18,FO,NSE,STO,138255,,LUPIN,,2026-04-28,2026-04-28,2360.0,CE,LUPIN26APR2360CE,0.0,0.0,0.0,62.1,0.0,62.1,2226.7,50.55,0,0,0,0.0,0,F1,425,,,,,
2026-02-18,2026-02-18,FO,NSE,STO,133144,,LUPIN,,2026-02-24,2026-02-24,1980.0,CE,LUPIN26FEB1980CE,0.0,0.0,0.0,134.35,134.35,134.35,2226.7,248.5,425,0,0,0.0,0,F1,425,,,,,
2026-02-18,2026-02-18,FO,NSE,STO,115123,,LUPIN,,2026-02-24,2026-02-24,1840.0,CE,LUPIN26FEB1840CE,0.0,0.0,0.0,268.4,0.0,268.4,2226.7,388.35,0,0,0,0.0,0,F1,425,,,,,
2026-02-18,2026-02-18,FO,NSE,STO,138258,,LUPIN,,2026-04-28,2026-04-28,2400.0,PE,LUPIN26APR2400PE,0.0,0.0,0.0,264.9,0.0,264.9,2226.7,188.0,0,0,0,0.0,0,F1,425,,,,,
2026-02-18,2026-02-18,FO,NSE,STO,138244,,LUPIN,,2026-04-28,2026-04-28,2120.0,PE,LUPIN26APR2120PE,0.0,0.0,0.0,95.15,0.0,95.15,2226.7,40.15,0,0,0,0.0,0,F1,425,,,,,
2026-02-18,2026-02-18,FO,NSE,STO,138240,,LUPIN,,2026-04-28,2026-04-28,2040.0,PE,LUPIN26APR2040PE,0.0,0.0,0.0,63.75,0.0,63.75,2226.7,20.85,0,0,0,0.0,0,F1,425,,,,,
2026-02-18,2026-02-18,FO,NSE,STO,138174,,LUPIN,,2026-03-30,2026-03-30,2380.0,PE,LUPIN26MAR2380PE,0.0,0.0,0.0,240.45,0.0,240.45,2226.7,162.6,0,0,0,0.0,0,F1,425,,,,,
2026-02-18,2026-02-18,FO,NSE,STO,133540,,LUPIN,,2026-03-30,2026-03-30,2280.0,PE,LUPIN26MAR2280PE,82.05,93.25,79.05,90.65,91.05,227.5,2226.7,90.65,75225,75225,266,267070658.75,118,F1,425,,,,,
2026-02-18,2026-02-18,FO,NSE,STO,138165,,LUPIN,,2026-03-30,2026-03-30,2260.0,PE,LUPIN26MAR2260PE,0.0,0.0,0.0,70.0,70.0,70.0,2226.7,81.4,4675,0,0,0.0,0,F1,425,,,,,
2026-02-18,2026-02-18,FO,NSE,STO,133520,,LUPIN,,2026-03-30,2026-03-30,2080.0,PE,LUPIN26MAR2080PE,15.35,15.35,15.35,15.35,15.35,107.1,2226.7,16.25,425,425,1,890523.75,1,F1,425,,,,,
2026-02-18,2026-02-18,FO,NSE,STO,133173,,LUPIN,,2026-02-24,2026-02-24,2420.0,PE,LUPIN26FEB2420PE,0.0,0.0,0.0,331.55,0.0,331.55,2226.7,191.2,0,0,0,0.0,0,F1,425,,,,,
2026-02-18,2026-02-18,FO,NSE,STO,138259,,LUPIN,,2026-04-28,2026-04-28,2440.0,CE,LUPIN26APR2440CE,0.0,0.0,0.0,43.45,0.0,43.45,2226.7,30.5,0,0,0,0.0,0,F1,425,,,,,
2026-02-18,2026-02-18,FO,NSE,STO,138241,,LUPIN,,2026-04-28,2026-04-28,2080.0,CE,LUPIN26APR2080CE,0.0,0.0,0.0,180.8,0.0,180.8,2226.7,197.6,0,0,0,0.0,0,F1,425,,,,,
2026-02-18,2026-02-18,FO,NSE,STO,133543,,LUPIN,,2026-03-30,2026-03-30,2360.0,CE,LUPIN26MAR2360CE,35.1,35.1,28.35,31.0,28.35,34.7,2226.7,31.0,3825,1700,10,10166722.5,10,F1,425,,,,,
2026-02-18,2026-02-18,FO,NSE,STO,138133,,LUPIN,,2026-03-30,2026-03-30,2180.0,CE,LUPIN26MAR2180CE,0.0,0.0,0.0,136.7,136.7,136.7,2226.7,103.8,425,0,0,0.0,0,F1,425,,,,,
2026-02-18,2026-02-18,FO,NSE,STO,115244,,LUPIN,,2026-02-24,2026-02-24,2400.0,CE,LUPIN26FEB2400CE,3.4,3.5,1.3,1.4,1.4,3.9,2226.7,1.4,402050,-110075,601,613531848.75,469,F1,425,,,,,
2026-02-18,2026-02-18,FO,NSE,STO,132156,,RVNL,,2026-02-24,2026-02-24,280.0,PE,RVNL26FEB280PE,2.05,2.75,0.95,1.1,1.05,2.8,309.65,1.1,2464400,-250100,1350,579612926.25,1031,F1,1525,,,,,
2026-02-18,2026-02-18,FO,NSE,STO,166580,,RVNL,,2026-04-28,2026-04-28,290.0,CE,RVNL26APR290CE,0.0,0.0,0.0,55.0,0.0,55.0,309.65,35.75,0,0,0,0.0,0,F1,1525,,,,,
2026-02-18,2026-02-18,FO,NSE,STO,132160,,RVNL,,2026-02-24,2026-02-24,300.0,PE,RVNL26FEB300PE,10.6,13.5,6.5,7.25,7.95,12.1,309.65,7.25,2124325,-112850,1232,581216006.25,918,F1,1525,,,,,
2026-02-18,2026-02-18,FO,NSE,STO,157401,,RVNL,,2026-02-24,2026-02-24,315.0,PE,RVNL26FEB315PE,23.3,25.95,17.95,18.35,19.3,24.75,309.65,18.35,520025,-7625,58,29687480.0,50,F1,1525,,,,,
2026-02-18,2026-02-18,FO,NSE,STO,132166,,RVNL,,2026-02-24,2026-02-24,330.0,PE,RVNL26FEB330PE,37.35,40.75,32.0,32.35,32.85,38.75,309.65,32.35,1096475,-25925,18,10064085.0,18,F1,1525,,,,,
2026-02-18,2026-02-18,FO,NSE,STO,132174,,RVNL,,2026-02-24,2026-02-24,370.0,PE,RVNL26FEB370PE,0.0,0.0,0.0,79.35,79.35,79.35,309.65,60.0,88450,0,0,0.0,0,F1,1525,,,,,
2026-02-18,2026-02-18,FO,NSE,STO,166575,,RVNL,,2026-04-28,2026-04-28,260.0,PE,RVNL26APR260PE,0.0,0.0,0.0,7.95,0.0,7.95,309.65,4.7,0,0,0,0.0,0,F1,1525,,,,,
2026-02-18,2026-02-18,FO,NSE,STO,166599,,RVNL,,2026-04-28,2026-04-28,380.0,PE,RVNL26APR380PE,0.0,0.0,0.0,76.0,76.0,76.0,309.65,71.6,1525,0,0,0.0,0,F1,1525,,,,,
2026-02-18,2026-02-18,FO,NSE,STO,157399,,RVNL,,2026-02-24,2026-02-24,305.0,PE,RVNL26FEB305PE,14.5,17.2,10.0,10.6,11.15,15.9,309.65,10.6,698450,83875,259,125404105.0,199,F1,1525,,,,,
2026-02-18,2026-02-18,FO,NSE,STF,59461,,RVNL,,2026-02-24,2026-02-24,,,RVNL26FEBFUT,291.6,299.75,289.3,298.55,298.05,292.0,309.65,298.55,61126575,-886025,5897,2651310710.0,5104,F1,1525,,,,,
2026-02-18,2026-02-18,FO,NSE,STO,157434,,RVNL,,2026-03-30,2026-03-30,260.0,CE,RVNL26MAR260CE,0.0,0.0,0.0,108.3,0.0,108.3,309.65,53.3,0,0,0,0.0,0,F1,1525,,,,,
2026-02-18,2026-02-18,FO,NSE,STO,157458,,RVNL,,2026-03-30,2026-03-30,380.0,CE,RVNL26MAR380CE,0.0,0.0,0.0,2.0,2.0,2.0,309.65,1.95,15250,0,0,0.0,0,F1,1525,,,,,
2026-02-18,2026-02-18,FO,NSE,STO,164989,,RVNL,,2026-03-30,2026-03-30,275.0,PE,RVNL26MAR275PE,0.0,0.0,0.0,9.0,9.0,9.0,309.65,4.55,42700,0,0,0.0,0,F1,1525,,,,,
2026-02-18,2026-02-18,FO,NSE,STO,157462,,RVNL,,2026-03-30,2026-03-30,400.0,CE,RVNL26MAR400CE,1.35,1.35,1.0,1.15,1.05,1.3,309.65,1.15,428525,57950,68,41593765.0,48,F1,1525,,,,,
2026-02-18,2026-02-18,FO,NSE,STO,166590,,RVNL,,2026-04-28,2026-04-28,340.0,CE,RVNL26APR340CE,0.0,0.0,0.0,29.75,0.0,29.75,309.65,13.4,0,0,0,0.0,0,F1,1525,,,,,
2026-02-18,2026-02-18,FO,NSE,STO,166596,,RVNL,,2026-04-28,2026-04-28,370.0,CE,RVNL26APR370CE,0.0,0.0,0.0,19.75,0.0,19.75,309.65,6.65,0,0,0,0.0,0,F1,1525,,,,,
2026-02-18,2026-02-18,FO,NSE,STO,132154,,RVNL,,2026-02-24,2026-02-24,270.0,PE,RVNL26FEB270PE,1.0,1.05,0.45,0.55,0.5,1.4,309.65,0.55,634400,-417850,682,281501122.5,445,F1,1525,,,,,
2026-02-18,2026-02-18,FO,NSE,STO,157407,,RVNL,,2026-02-24,2026-02-24,345.0,PE,RVNL26FEB345PE,52.15,52.15,50.0,50.0,50.0,52.0,309.65,35.25,399550,-1525,3,1811928.75,3,F1,1525,,,,,
2026-02-18,2026-02-18,FO,NSE,STO,132176,,RVNL,,2026-02-24,2026-02-24,380.0,PE,RVNL26FEB380PE,84.75,84.75,80.8,81.5,81.4,90.0,309.65,81.5,48800,-1525,6,4232103.75,6,F1,1525,,,,,
2026-02-18,2026-02-18,FO,NSE,STO,132215,,RVNL,,2026-02-24,2026-02-24,420.0,PE,RVNL26FEB420PE,0.0,0.0,0.0,89.85,89.85,89.85,309.65,109.95,21350,0,0,0.0,0,F1,1525,,,,,
2026-02-18,2026-02-18,FO,NSE,STO,165101,,RVNL,,2026-03-30,2026-03-30,315.0,PE,RVNL26MAR315PE,0.0,0.0,0.0,33.0,33.0,33.0,309.65,19.8,4575,0,0,0.0,0,F1,1525,,,,,
2026-02-18,2026-02-18,FO,NSE,STO,157402,,RVNL,,2026-02-24,2026-02-24,325.0,CE,RVNL26FEB325CE,1.4,1.75,0.85,1.45,1.35,1.35,309.65,1.45,3033225,332450,2087,1038013210.0,1122,F1,1525,,,,,
2026-02-18,2026-02-18,FO,NSE,STO,157404,,RVNL,,2026-02-24,2026-02-24,335.0,CE,RVNL26FEB335CE,0.85,1.15,0.6,0.95,0.85,0.95,309.65,0.95,1329800,-122000,1056,540819595.0,687,F1,1525,,,,,
2026-02-18,2026-02-18,FO,NSE,STO,132216,,RVNL,,2026-02-24,2026-02-24,440.0,CE,RVNL26FEB440CE,0.1,0.2,0.1,0.1,0.1,0.15,309.65,0.1,677100,-65575,55,36914226.25,34,F1,1525,,,,,
2026-02-18,2026-02-18,FO,NSE,STO,132155,,RVNL,,2026-02-24,2026-02-24,280.0,CE,RVNL26FEB280CE,15.95,20.6,12.55,19.9,19.45,15.2,309.65,19.9,695400,-30500,83,37452551.25,71,F1,1525,,,,,
2026-02-18,2026-02-18,FO,NSE,STO,132159,,RVNL,,2026-02-24,2026-02-24,300.0,CE,RVNL26FEB300CE,4.25,7.45,3.25,6.45,5.85,4.35,309.65,6.45,3989400,753350,4492,2091614512.5,3161,F1,1525,,,,,
2026-02-18,2026-02-18,FO,NSE,STO,165036,,RVNL,,2026-03-30,2026-03-30,285.0,CE,RVNL26MAR285CE,0.0,0.0,0.0,52.55,0.0,52.55,309.65,33.45,0,0,0,0.0,0,F1,1525,,,,,
2026-02-18,2026-02-18,FO,NSE,STO,165084,,RVNL,,2026-03-30,2026-03-30,305.0,CE,RVNL26MAR305CE,11.0,11.1,8.7,10.45,10.35,10.0,309.65,10.45,45750,13725,39,18720061.25,37,F1,1525,,,,,
2026-02-18,2026-02-18,FO,NSE,STO,165100,,RVNL,,2026-03-30,2026-03-30,315.0,CE,RVNL26MAR315CE,8.65,8.65,6.7,7.95,8.0,8.65,309.65,7.95,47275,44225,58,28526497.5,54,F1,1525,,,,,
2026-02-18,2026-02-18,FO,NSE,STO,157450,,RVNL,,2026-03-30,2026-03-30,340.0,CE,RVNL26MAR340CE,4.3,4.5,3.15,3.8,3.85,4.15,309.65,3.8,530700,129625,177,92726405.0,129,F1,1525,,,,,
2026-02-18,2026-02-18,FO,NSE,STO,157454,,RVNL,,2026-03-30,2026-03-30,360.0,CE,RVNL26MAR360CE,2.45,2.5,1.9,2.35,2.4,2.5,309.65,2.35,259250,1525,44,24299578.75,43,F1,1525,,,,,
2026-02-18,2026-02-18,FO,NSE,STO,165079,,RVNL,,2026-03-30,2026-03-30,295.0,PE,RVNL26MAR295PE,0.0,0.0,0.0,32.25,32.0,32.25,309.65,10.45,3050,0,0,0.0,0,F1,1525,,,,,
2026-02-18,2026-02-18,FO,NSE,STO,165199,,RVNL,,2026-03-30,2026-03-30,325.0,PE,RVNL26MAR325PE,0.0,0.0,0.0,27.15,0.0,27.15,309.65,25.75,0,0,0,0.0,0,F1,1525,,,,,
2026-02-18,2026-02-18,FO,NSE,STO,157449,,RVNL,,2026-03-30,2026-03-30,330.0,PE,RVNL26MAR330PE,53.0,53.0,45.5,45.7,45.8,52.5,309.65,45.7,305000,10675,11,6337137.5,7,F1,1525,,,,,
2026-02-18,2026-02-18,FO,NSE,STO,166585,,RVNL,,2026-04-28,2026-04-28,310.0,PE,RVNL26APR310PE,0.0,0.0,0.0,24.85,0.0,24.85,309.65,22.0,0,0,0,0.0,0,F1,1525,,,,,
2026-02-18,2026-02-18,FO,NSE,STO,157459,,RVNL,,2026-03-30,2026-03-30,380.0,PE,RVNL26MAR380PE,0.0,0.0,0.0,47.05,0.0,47.05,309.65,70.0,0,0,0,0.0,0,F1,1525,,,,,
2026-02-18,2026-02-18,FO,NSE,STO,165392,,RVNL,,2026-03-30,2026-03-30,345.0,CE,RVNL26MAR345CE,3.5,3.5,3.5,3.5,3.5,21.2,309.65,3.5,1525,1525,2,1062925.0,2,F1,1525,,,,,
2026-02-18,2026-02-18,FO,NSE,STO,166584,,RVNL,,2026-04-28,2026-04-28,310.0,CE,RVNL26APR310CE,0.0,0.0,0.0,43.5,0.0,43.5,309.65,24.85,0,0,0,0.0,0,F1,1525,,,,,
2026-02-18,2026-02-18,FO,NSE,STO,166586,,RVNL,,2026-04-28,2026-04-28,320.0,CE,RVNL26APR320CE,0.0,0.0,0.0,38.45,0.0,38.45,309.65,20.4,0,0,0,0.0,0,F1,1525,,,,,
2026-02-18,2026-02-18,FO,NSE,STO,132143,,RVNL,,2026-02-24,2026-02-24,260.0,PE,RVNL26FEB260PE,0.6,0.6,0.25,0.3,0.25,0.8,309.65,0.3,1052250,-390400,813,322808340.0,445,F1,1525,,,,,
2026-02-18,2026-02-18,FO,NSE,STO,157393,,RVNL,,2026-02-24,2026-02-24,275.0,PE,RVNL26FEB275PE,1.35,1.75,0.65,0.75,0.75,1.95,309.65,0.75,303475,-97600,257,108158795.0,202,F1,1525,,,,,
2026-02-18,2026-02-18,FO,NSE,STO,157403,,RVNL,,2026-02-24,2026-02-24,325.0,PE,RVNL26FEB325PE,31.5,35.2,27.0,28.05,27.0,34.75,309.65,28.05,315675,-7625,17,9239670.0,17,F1,1525,,,,,
2026-02-18,2026-02-18,FO,NSE,STO,132170,,RVNL,,2026-02-24,2026-02-24,350.0,PE,RVNL26FEB350PE,59.5,59.65,52.0,52.0,52.0,60.25,309.65,52.0,825025,-7625,6,3724126.25,6,F1,1525,,,,,
2026-02-18,2026-02-18,FO,NSE,STO,157439,,RVNL,,2026-03-30,2026-03-30,280.0,PE,RVNL26MAR280PE,15.25,16.85,11.7,12.15,12.85,16.4,309.65,12.15,504775,170800,198,88514050.0,149,F1,1525,,,,,
2026-02-18,2026-02-18,FO,NSE,STO,157441,,RVNL,,2026-03-30,2026-03-30,290.0,PE,RVNL26MAR290PE,19.8,21.5,16.8,16.85,17.0,21.35,309.65,16.85,102175,19825,50,23562393.75,48,F1,1525,,,,,
2026-02-18,2026-02-18,FO,NSE,STO,157453,,RVNL,,2026-03-30,2026-03-30,350.0,PE,RVNL26MAR350PE,67.2,70.2,62.75,63.25,63.35,69.85,309.65,63.25,83875,12200,16,10127525.0,16,F1,1525,,,,,
2026-02-18,2026-02-18,FO,NSE,STO,157448,,RVNL,,2026-03-30,2026-03-30,330.0,CE,RVNL26MAR330CE,6.0,6.0,4.25,4.8,5.0,5.35,309.65,4.8,1262700,205875,441,225079401.25,331,F1,1525,,,,,
2026-02-18,2026-02-18,FO,NSE,STO,157398,,RVNL,,2026-02-24,2026-02-24,305.0,CE,RVNL26FEB305CE,3.5,5.3,2.4,4.35,4.3,3.25,309.65,4.35,1064450,-10675,2460,1156603081.25,2120,F1,1525,,,,,
2026-02-18,2026-02-18,FO,NSE,STO,132214,,RVNL,,2026-02-24,2026-02-24,420.0,CE,RVNL26FEB420CE,0.1,0.15,0.05,0.05,0.05,0.15,309.65,0.05,193675,-27450,20,12813278.75,16,F1,1525,,,,,
2026-02-18,2026-02-18,FO,NSE,STO,50427,,RVNL,,2026-02-24,2026-02-24,430.0,CE,RVNL26FEB430CE,0.15,0.15,0.1,0.15,0.1,0.15,309.65,0.15,123525,-9150,21,13774791.25,17,F1,1525,,,,,
2026-02-18,2026-02-18,FO,NSE,STO,157438,,RVNL,,2026-03-30,2026-03-30,280.0,CE,RVNL26MAR280CE,19.75,21.5,18.05,21.15,20.55,19.0,309.65,21.15,167750,61000,71,32489591.25,57,F1,1525,,,,,
2026-02-18,2026-02-18,FO,NSE,STO,157408,,RVNL,,2026-02-24,2026-02-24,355.0,CE,RVNL26FEB355CE,0.6,0.6,0.35,0.5,0.5,0.6,309.65,0.5,959225,-42700,422,228756557.5,224,F1,1525,,,,,
2026-02-18,2026-02-18,FO,NSE,STO,132161,,RVNL,,2026-02-24,2026-02-24,310.0,CE,RVNL26FEB310CE,2.8,3.95,1.85,3.2,3.2,2.6,309.65,3.2,3025600,-370575,7470,3560885141.25,5207,F1,1525,,,,,
2026-02-18,2026-02-18,FO,NSE,STO,157392,,RVNL,,2026-02-24,2026-02-24,275.0,CE,RVNL26FEB275CE,20.05,25.3,17.35,25.3,25.3,21.25,309.65,25.3,88450,3050,6,2705883.75,6,F1,1525,,,,,
2026-02-18,2026-02-18,FO,NSE,STO,157442,,RVNL,,2026-03-30,2026-03-30,300.0,CE,RVNL26MAR300CE,20.0,20.0,9.75,11.75,11.4,11.7,309.65,11.75,1363350,436150,941,445673167.5,700,F1,1525,,,,,
2026-02-18,2026-02-18,FO,NSE,STO,166591,,RVNL,,2026-04-28,2026-04-28,340.0,PE,RVNL26APR340PE,0.0,0.0,0.0,40.65,0.0,40.65,309.65,40.25,0,0,0,0.0,0,F1,1525,,,,,
2026-02-18,2026-02-18,FO,NSE,STO,166598,,RVNL,,2026-04-28,2026-04-28,380.0,CE,RVNL26APR380CE,0.0,0.0,0.0,5.0,5.0,5.0,309.65,5.2,3050,0,0,0.0,0,F1,1525,,,,,
2026-02-18,2026-02-18,FO,NSE,STO,157460,,RVNL,,2026-03-30,2026-03-30,390.0,CE,RVNL26MAR390CE,1.7,1.7,1.7,1.7,1.7,2.0,309.65,1.7,61000,1525,1,597342.5,1,F1,1525,,,,,
2026-02-18,2026-02-18,FO,NSE,STO,165198,,RVNL,,2026-03-30,2026-03-30,325.0,CE,RVNL26MAR325CE,5.85,6.2,4.5,6.1,5.95,5.85,309.65,6.1,57950,13725,16,8068622.5,16,F1,1525,,,,,
2026-02-18,2026-02-18,FO,NSE,STO,157440,,RVNL,,2026-03-30,2026-03-30,290.0,CE,RVNL26MAR290CE,15.0,16.3,13.5,16.0,15.8,15.45,309.65,16.0,25925,18300,25,11630260.0,24,F1,1525,,,,,
2026-02-18,2026-02-18,FO,NSE,STO,165529,,RVNL,,2026-03-30,2026-03-30,375.0,PE,RVNL26MAR375PE,0.0,0.0,0.0,59.65,0.0,59.65,309.65,65.45,0,0,0,0.0,0,F1,1525,,,,,
2026-02-18,2026-02-18,FO,NSE,STO,165393,,RVNL,,2026-03-30,2026-03-30,345.0,PE,RVNL26MAR345PE,60.1,60.2,60.1,60.2,60.2,38.7,309.65,40.0,3050,3050,2,1235707.5,2,F1,1525,,,,,
2026-02-18,2026-02-18,FO,NSE,STO,165381,,RVNL,,2026-03-30,2026-03-30,335.0,PE,RVNL26MAR335PE,0.0,0.0,0.0,54.2,54.2,54.2,309.65,32.55,33550,0,0,0.0,0,F1,1525,,,,,
2026-02-18,2026-02-18,FO,NSE,STO,132180,,RVNL,,2026-02-24,2026-02-24,400.0,PE,RVNL26FEB400PE,101.2,101.2,101.15,101.2,101.15,101.95,309.65,101.2,77775,-1525,2,1528583.75,2,F1,1525,,,,,
2026-02-18,2026-02-18,FO,NSE,STO,166592,,RVNL,,2026-04-28,2026-04-28,350.0,CE,RVNL26APR350CE,5.0,5.0,5.0,5.0,5.0,6.0,309.65,10.7,3050,0,1,541375.0,1,F1,1525,,,,,
2026-02-18,2026-02-18,FO,NSE,STO,166574,,RVNL,,2026-04-28,2026-04-28,260.0,CE,RVNL26APR260CE,0.0,0.0,0.0,75.8,0.0,75.8,309.65,57.05,0,0,0,0.0,0,F1,1525,,,,,
2026-02-18,2026-02-18,FO,NSE,STO,165528,,RVNL,,2026-03-30,2026-03-30,375.0,CE,RVNL26MAR375CE,0.0,0.0,0.0,12.45,0.0,12.45,309.65,2.35,0,0,0,0.0,0,F1,1525,,,,,
2026-02-18,2026-02-18,FO,NSE,STO,165078,,RVNL,,2026-03-30,2026-03-30,295.0,CE,RVNL26MAR295CE,12.6,13.5,11.6,13.1,13.5,25.0,309.65,13.1,6100,4575,14,6563752.5,14,F1,1525,,,,,
2026-02-18,2026-02-18,FO,NSE,STO,132177,,RVNL,,2026-02-24,2026-02-24,390.0,CE,RVNL26FEB390CE,0.25,0.25,0.1,0.2,0.2,0.3,309.65,0.2,402600,-54900,156,92824462.5,103,F1,1525,,,,,
2026-02-18,2026-02-18,FO,NSE,STO,166589,,RVNL,,2026-04-28,2026-04-28,330.0,PE,RVNL26APR330PE,0.0,0.0,0.0,34.9,0.0,34.9,309.65,33.55,0,0,0,0.0,0,F1,1525,,,,,
2026-02-18,2026-02-18,FO,NSE,STO,132142,,RVNL,,2026-02-24,2026-02-24,260.0,CE,RVNL26FEB260CE,0.0,0.0,0.0,75.15,0.0,75.15,309.65,49.9,0,0,0,0.0,0,F1,1525,,,,,
2026-02-18,2026-02-18,FO,NSE,STO,132149,,RVNL,,2026-02-24,2026-02-24,270.0,CE,RVNL26FEB270CE,24.55,30.2,20.8,29.65,30.2,23.95,309.65,29.65,285175,22875,76,34440981.25,46,F1,1525,,,,,
2026-02-18,2026-02-18,FO,NSE,STO,157394,,RVNL,,2026-02-24,2026-02-24,285.0,CE,RVNL26FEB285CE,12.5,16.4,9.0,15.2,15.15,11.3,309.65,15.2,248575,15250,77,34890246.25,74,F1,1525,,,,,
2026-02-18,2026-02-18,FO,NSE,STO,157396,,RVNL,,2026-02-24,2026-02-24,295.0,CE,RVNL26FEB295CE,6.55,9.75,4.5,8.45,8.35,5.8,309.65,8.45,823500,93025,759,349097205.0,658,F1,1525,,,,,
2026-02-18,2026-02-18,FO,NSE,STO,132165,,RVNL,,2026-02-24,2026-02-24,330.0,CE,RVNL26FEB330CE,1.2,1.4,0.7,1.1,1.1,1.05,309.65,1.1,5070625,-1043100,3464,1748107118.75,1586,F1,1525,,,,,
2026-02-18,2026-02-18,FO,NSE,STO,157444,,RVNL,,2026-03-30,2026-03-30,310.0,CE,RVNL26MAR310CE,9.75,10.0,7.65,9.15,9.05,9.2,309.65,9.15,921100,277550,876,425485827.5,698,F1,1525,,,,,
2026-02-18,2026-02-18,FO,NSE,STO,165400,,RVNL,,2026-03-30,2026-03-30,355.0,CE,RVNL26MAR355CE,0.0,0.0,0.0,17.85,0.0,17.85,309.65,4.8,0,0,0,0.0,0,F1,1525,,,,,
2026-02-18,2026-02-18,FO,NSE,STO,132162,,RVNL,,2026-02-24,2026-02-24,310.0,PE,RVNL26FEB310PE,18.45,22.0,13.85,14.5,15.3,20.0,309.65,14.5,815875,51850,304,151618855.0,235,F1,1525,,,,,
2026-02-18,2026-02-18,FO,NSE,STO,132178,,RVNL,,2026-02-24,2026-02-24,390.0,PE,RVNL26FEB390PE,91.5,91.5,91.5,91.5,91.5,83.75,309.65,91.5,33550,-3050,2,1468575.0,2,F1,1525,,,,,
2026-02-18,2026-02-18,FO,NSE,STO,157435,,RVNL,,2026-03-30,2026-03-30,260.0,PE,RVNL26MAR260PE,8.0,8.8,5.5,6.1,6.3,8.6,309.65,6.1,667950,54900,318,129549055.0,256,F1,1525,,,,,
2026-02-18,2026-02-18,FO,NSE,STO,157437,,RVNL,,2026-03-30,2026-03-30,270.0,PE,RVNL26MAR270PE,10.6,11.9,8.0,8.5,8.05,12.1,309.65,8.5,419375,-12200,225,95938055.0,183,F1,1525,,,,,
2026-02-18,2026-02-18,FO,NSE,STO,157457,,RVNL,,2026-03-30,2026-03-30,370.0,PE,RVNL26MAR370PE,0.0,0.0,0.0,85.1,85.1,85.1,309.65,60.95,7625,0,0,0.0,0,F1,1525,,,,,
2026-02-18,2026-02-18,FO,NSE,STO,166579,,RVNL,,2026-04-28,2026-04-28,280.0,PE,RVNL26APR280PE,0.0,0.0,0.0,20.0,20.0,20.0,309.65,9.65,3050,0,0,0.0,0,F1,1525,,,,,
2026-02-18,2026-02-18,FO,NSE,STO,166581,,RVNL,,2026-04-28,2026-04-28,290.0,PE,RVNL26APR290PE,0.0,0.0,0.0,16.65,0.0,16.65,309.65,13.1,0,0,0,0.0,0,F1,1525,,,,,
2026-02-18,2026-02-18,FO,NSE,STO,166595,,RVNL,,2026-04-28,2026-04-28,360.0,PE,RVNL26APR360PE,0.0,0.0,0.0,53.3,0.0,53.3,309.65,55.1,0,0,0,0.0,0,F1,1525,,,,,
2026-02-18,2026-02-18,FO,NSE,STO,157445,,RVNL,,2026-03-30,2026-03-30,310.0,PE,RVNL26MAR310PE,35.0,35.0,29.65,30.2,29.8,35.1,309.65,30.2,36600,3050,18,9381952.5,15,F1,1525,,,,,
2026-02-18,2026-02-18,FO,NSE,STO,165401,,RVNL,,2026-03-30,2026-03-30,355.0,PE,RVNL26MAR355PE,68.0,68.5,65.0,65.0,65.0,45.25,309.65,65.0,6100,6100,4,2577250.0,4,F1,1525,,,,,
2026-02-18,2026-02-18,FO,NSE,STO,165467,,RVNL,,2026-03-30,2026-03-30,365.0,PE,RVNL26MAR365PE,0.0,0.0,0.0,52.25,0.0,52.25,309.65,56.55,0,0,0,0.0,0,F1,1525,,,,,
2026-02-18,2026-02-18,FO,NSE,STO,166583,,RVNL,,2026-04-28,2026-04-28,300.0,PE,RVNL26APR300PE,33.0,33.0,31.0,31.0,31.0,41.95,309.65,17.2,12200,3050,4,2028021.25,4,F1,1525,,,,,
2026-02-18,2026-02-18,FO,NSE,STO,166597,,RVNL,,2026-04-28,2026-04-28,370.0,PE,RVNL26APR370PE,0.0,0.0,0.0,60.15,0.0,60.15,309.65,63.2,0,0,0,0.0,0,F1,1525,,,,,
2026-02-18,2026-02-18,FO,NSE,STO,157452,,RVNL,,2026-03-30,2026-03-30,350.0,CE,RVNL26MAR350CE,3.55,3.55,2.35,2.85,3.0,3.25,309.65,2.85,1268800,164700,320,172126978.75,270,F1,1525,,,,,
2026-02-18,2026-02-18,FO,NSE,STO,157397,,RVNL,,2026-02-24,2026-02-24,295.0,PE,RVNL26FEB295PE,7.05,9.65,4.05,4.6,4.95,8.65,309.65,4.6,2246325,19825,368,168583183.75,296,F1,1525,,,,,
2026-02-18,2026-02-18,FO,NSE,STO,132164,,RVNL,,2026-02-24,2026-02-24,320.0,PE,RVNL26FEB320PE,28.0,30.7,22.4,23.25,22.8,29.3,309.65,23.25,1515850,-71675,191,101159426.25,116,F1,1525,,,,,
2026-02-18,2026-02-18,FO,NSE,STO,157414,,RVNL,,2026-02-24,2026-02-24,385.0,CE,RVNL26FEB385CE,0.25,0.3,0.15,0.25,0.25,0.35,309.65,0.25,181475,-27450,53,31135620.0,46,F1,1525,,,,,
2026-02-18,2026-02-18,FO,NSE,STO,157410,,RVNL,,2026-02-24,2026-02-24,365.0,CE,RVNL26FEB365CE,0.35,0.4,0.25,0.4,0.35,0.5,309.65,0.4,321775,-59475,149,83008800.0,65,F1,1525,,,,,
2026-02-18,2026-02-18,FO,NSE,STO,132171,,RVNL,,2026-02-24,2026-02-24,360.0,CE,RVNL26FEB360CE,0.5,0.5,0.3,0.45,0.45,0.5,309.65,0.45,2212775,-358375,1045,574319270.0,349,F1,1525,,,,,
2026-02-18,2026-02-18,FO,NSE,STO,157400,,RVNL,,2026-02-24,2026-02-24,315.0,CE,RVNL26FEB315CE,2.2,3.0,1.4,2.5,2.45,2.05,309.65,2.5,2444575,-173850,3177,1536022852.5,2113,F1,1525,,,,,
2026-02-18,2026-02-18,FO,NSE,STO,132168,,RVNL,,2026-02-24,2026-02-24,340.0,PE,RVNL26FEB340PE,46.55,49.75,41.25,41.85,42.95,50.05,309.65,41.85,1120875,-12200,13,7619281.25,13,F1,1525,,,,,
2026-02-18,2026-02-18,FO,NSE,STO,157411,,RVNL,,2026-02-24,2026-02-24,365.0,PE,RVNL26FEB365PE,71.5,71.5,71.5,71.5,71.5,57.25,309.65,55.05,27450,-1525,1,665662.5,1,F1,1525,,,,,
2026-02-18,2026-02-18,FO,NSE,STF,52024,,RVNL,,2026-03-30,2026-03-30,,,RVNL26MARFUT,283.25,289.3,280.5,288.1,287.9,283.25,309.65,288.1,15937775,1287100,3861,1675824177.5,3254,F1,1525,,,,,
2026-02-18,2026-02-18,FO,NSE,STO,165466,,RVNL,,2026-03-30,2026-03-30,365.0,CE,RVNL26MAR365CE,0.0,0.0,0.0,14.95,0.0,14.95,309.65,3.4,0,0,0,0.0,0,F1,1525,,,,,
2026-02-18,2026-02-18,FO,NSE,STO,166578,,RVNL,,2026-04-28,2026-04-28,280.0,CE,RVNL26APR280CE,0.0,0.0,0.0,61.5,0.0,61.5,309.65,42.2,0,0,0,0.0,0,F1,1525,,,,,
2026-02-18,2026-02-18,FO,NSE,STO,157413,,RVNL,,2026-02-24,2026-02-24,375.0,PE,RVNL26FEB375PE,0.0,0.0,0.0,55.75,55.75,55.75,309.65,65.0,12200,0,0,0.0,0,F1,1525,,,,,
2026-02-18,2026-02-18,FO,NSE,STO,165085,,RVNL,,2026-03-30,2026-03-30,305.0,PE,RVNL26MAR305PE,30.0,30.0,28.0,28.55,28.55,17.75,309.65,14.65,1525,1525,3,1527363.75,3,F1,1525,,,,,
2026-02-18,2026-02-18,FO,NSE,STO,157405,,RVNL,,2026-02-24,2026-02-24,335.0,PE,RVNL26FEB335PE,43.4,44.9,42.45,42.45,42.45,45.65,309.65,25.75,230275,-4575,5,2883393.75,5,F1,1525,,,,,
2026-02-18,2026-02-18,FO,NSE,STO,166587,,RVNL,,2026-04-28,2026-04-28,320.0,PE,RVNL26APR320PE,0.0,0.0,0.0,49.95,49.95,49.95,309.65,27.45,6100,0,0,0.0,0,F1,1525,,,,,
2026-02-18,2026-02-18,FO,NSE,STF,67004,,RVNL,,2026-04-28,2026-04-28,,,RVNL26APRFUT,281.5,284.0,275.6,283.15,282.4,280.0,309.65,283.15,4166300,28975,456,195079677.5,430,F1,1525,,,,,
2026-02-18,2026-02-18,FO,NSE,STO,157409,,RVNL,,2026-02-24,2026-02-24,355.0,PE,RVNL26FEB355PE,60.5,60.5,56.0,56.0,56.0,46.6,309.65,56.0,50325,-1525,4,2527382.5,4,F1,1525,,,,,
2026-02-18,2026-02-18,FO,NSE,STO,132163,,RVNL,,2026-02-24,2026-02-24,320.0,CE,RVNL26FEB320CE,1.8,2.3,1.0,1.85,1.8,1.65,309.65,1.85,7644825,-882975,6405,3140562048.75,3302,F1,1525,,,,,
2026-02-18,2026-02-18,FO,NSE,STO,132169,,RVNL,,2026-02-24,2026-02-24,350.0,CE,RVNL26FEB350CE,0.65,0.65,0.35,0.55,0.55,0.65,309.65,0.55,6513275,-760975,3687,1970673091.25,1178,F1,1525,,,,,
2026-02-18,2026-02-18,FO,NSE,STO,164988,,RVNL,,2026-03-30,2026-03-30,275.0,CE,RVNL26MAR275CE,0.0,0.0,0.0,59.75,0.0,59.75,309.65,40.85,0,0,0,0.0,0,F1,1525,,,,,
2026-02-18,2026-02-18,FO,NSE,STO,166582,,RVNL,,2026-04-28,2026-04-28,300.0,CE,RVNL26APR300CE,0.0,0.0,0.0,49.0,0.0,49.0,309.65,29.95,0,0,0,0.0,0,F1,1525,,,,,
2026-02-18,2026-02-18,FO,NSE,STO,132157,,RVNL,,2026-02-24,2026-02-24,290.0,CE,RVNL26FEB290CE,9.05,12.9,6.4,11.45,11.25,8.25,309.65,11.45,860100,-157075,592,269991108.75,493,F1,1525,,,,,
2026-02-18,2026-02-18,FO,NSE,STO,157436,,RVNL,,2026-03-30,2026-03-30,270.0,CE,RVNL26MAR270CE,26.05,26.5,26.05,26.2,26.5,99.9,309.65,26.2,3050,3050,3,1355115.0,3,F1,1525,,,,,
2026-02-18,2026-02-18,FO,NSE,STO,157446,,RVNL,,2026-03-30,2026-03-30,320.0,CE,RVNL26MAR320CE,7.15,7.6,5.7,6.85,6.8,7.1,309.65,6.85,1259650,256200,739,367726605.0,567,F1,1525,,,,,
2026-02-18,2026-02-18,FO,NSE,STO,157447,,RVNL,,2026-03-30,2026-03-30,320.0,PE,RVNL26MAR320PE,41.0,41.0,36.75,36.9,37.05,41.0,309.65,36.9,335500,0,6,3283858.75,6,F1,1525,,,,,
2026-02-18,2026-02-18,FO,NSE,STO,165037,,RVNL,,2026-03-30,2026-03-30,285.0,PE,RVNL26MAR285PE,0.0,0.0,0.0,10.7,0.0,10.7,309.65,7.1,0,0,0,0.0,0,F1,1525,,,,,
2026-02-18,2026-02-18,FO,NSE,STO,132210,,RVNL,,2026-02-24,2026-02-24,410.0,PE,RVNL26FEB410PE,0.0,0.0,0.0,109.25,109.25,109.25,309.65,100.0,73200,0,0,0.0,0,F1,1525,,,,,
2026-02-18,2026-02-18,FO,NSE,STO,166594,,RVNL,,2026-04-28,2026-04-28,360.0,CE,RVNL26APR360CE,0.0,0.0,0.0,22.7,0.0,22.7,309.65,8.5,0,0,0,0.0,0,F1,1525,,,,,
2026-02-18,2026-02-18,FO,NSE,STO,166593,,RVNL,,2026-04-28,2026-04-28,350.0,PE,RVNL26APR350PE,0.0,0.0,0.0,46.75,0.0,46.75,309.65,47.45,0,0,0,0.0,0,F1,1525,,,,,
2026-02-18,2026-02-18,FO,NSE,STO,166588,,RVNL,,2026-04-28,2026-04-28,330.0,CE,RVNL26APR330CE,0.0,0.0,0.0,33.85,0.0,33.85,309.65,16.6,0,0,0,0.0,0,F1,1525,,,,,
2026-02-18,2026-02-18,FO,NSE,STO,157456,,RVNL,,2026-03-30,2026-03-30,370.0,CE,RVNL26MAR370CE,1.9,1.9,1.6,1.9,1.9,2.0,309.65,1.9,41175,9150,13,7372383.75,9,F1,1525,,,,,
2026-02-18,2026-02-18,FO,NSE,STO,165380,,RVNL,,2026-03-30,2026-03-30,335.0,CE,RVNL26MAR335CE,0.0,0.0,0.0,4.45,4.45,4.45,309.65,9.2,3050,0,0,0.0,0,F1,1525,,,,,
2026-02-18,2026-02-18,FO,NSE,STO,132173,,RVNL,,2026-02-24,2026-02-24,370.0,CE,RVNL26FEB370CE,0.4,0.4,0.15,0.25,0.25,0.4,309.65,0.25,1204750,-105225,613,346121930.0,266,F1,1525,,,,,
2026-02-18,2026-02-18,FO,NSE,STO,132175,,RVNL,,2026-02-24,2026-02-24,380.0,CE,RVNL26FEB380CE,0.3,0.35,0.2,0.25,0.25,0.35,309.65,0.25,1538725,-128100,407,236009533.75,122,F1,1525,,,,,
2026-02-18,2026-02-18,FO,NSE,STO,132209,,RVNL,,2026-02-24,2026-02-24,410.0,CE,RVNL26FEB410CE,0.15,0.15,0.1,0.1,0.1,0.15,309.65,0.05,256200,-4575,19,11883410.0,12,F1,1525,,,,,
2026-02-18,2026-02-18,FO,NSE,STO,132179,,RVNL,,2026-02-24,2026-02-24,400.0,CE,RVNL26FEB400CE,0.25,0.25,0.15,0.2,0.15,0.25,309.65,0.2,3316875,-282125,340,207493558.75,139,F1,1525,,,,,
2026-02-18,2026-02-18,FO,NSE,STO,157416,,RVNL,,2026-02-24,2026-02-24,395.0,CE,RVNL26FEB395CE,0.25,0.25,0.15,0.2,0.2,0.3,309.65,0.05,125050,0,6,3616232.5,6,F1,1525,,,,,
2026-02-18,2026-02-18,FO,NSE,STO,132167,,RVNL,,2026-02-24,2026-02-24,340.0,CE,RVNL26FEB340CE,0.8,0.95,0.5,0.8,0.75,0.8,309.65,0.8,4937950,-646600,2466,1281134733.75,1282,F1,1525,,,,,
2026-02-18,2026-02-18,FO,NSE,STO,157406,,RVNL,,2026-02-24,2026-02-24,345.0,CE,RVNL26FEB345CE,0.7,0.85,0.45,0.7,0.65,0.75,309.65,0.7,1813225,-120475,673,354664446.25,373,F1,1525,,,,,
2026-02-18,2026-02-18,FO,NSE,STO,157412,,RVNL,,2026-02-24,2026-02-24,375.0,CE,RVNL26FEB375CE,0.35,0.35,0.25,0.3,0.3,0.4,309.65,0.3,391925,-4575,71,40633320.0,46,F1,1525,,,,,
2026-02-18,2026-02-18,FO,NSE,STO,157461,,RVNL,,2026-03-30,2026-03-30,390.0,PE,RVNL26MAR390PE,0.0,0.0,0.0,53.2,0.0,53.2,309.65,79.3,0,0,0,0.0,0,F1,1525,,,,,
2026-02-18,2026-02-18,FO,NSE,STO,157455,,RVNL,,2026-03-30,2026-03-30,360.0,PE,RVNL26MAR360PE,0.0,0.0,0.0,81.85,81.85,81.85,309.65,52.25,7625,0,0,0.0,0,F1,1525,,,,,
2026-02-18,2026-02-18,FO,NSE,STO,157451,,RVNL,,2026-03-30,2026-03-30,340.0,PE,RVNL26MAR340PE,54.5,54.5,54.5,54.5,54.5,61.0,309.65,54.5,190625,1525,1,601612.5,1,F1,1525,,,,,
2026-02-18,2026-02-18,FO,NSE,STO,157443,,RVNL,,2026-03-30,2026-03-30,300.0,PE,RVNL26MAR300PE,26.0,28.85,22.7,23.15,24.05,27.85,309.65,23.15,1008025,320250,320,158542888.75,230,F1,1525,,,,,
2026-02-18,2026-02-18,FO,NSE,STO,132172,,RVNL,,2026-02-24,2026-02-24,360.0,PE,RVNL26FEB360PE,66.15,66.15,66.15,66.15,66.15,70.55,309.65,50.05,167750,-4575,3,1949636.25,1,F1,1525,,,,,
2026-02-18,2026-02-18,FO,NSE,STO,132158,,RVNL,,2026-02-24,2026-02-24,290.0,PE,RVNL26FEB290PE,6.7,6.75,2.5,2.9,3.2,6.05,309.65,2.9,1811700,83875,1510,677045023.75,1349,F1,1525,,,,,
2026-02-18,2026-02-18,FO,NSE,STO,157395,,RVNL,,2026-02-24,2026-02-24,285.0,PE,RVNL26FEB285PE,3.25,4.4,1.55,1.8,1.95,4.2,309.65,1.8,849425,-184525,519,227359047.5,427,F1,1525,,,,,
2026-02-18,2026-02-18,FO,NSE,STO,158483,,SHRIRAMFIN,,2026-02-24,2026-02-24,810.0,PE,SHRIRAMFIN26FEB810PE,0.0,0.0,0.0,6.45,0.0,6.45,1076.2,0.05,0,0,0,0.0,0,F1,825,,,,,
2026-02-18,2026-02-18,FO,NSE,STO,158495,,SHRIRAMFIN,,2026-02-24,2026-02-24,930.0,PE,SHRIRAMFIN26FEB930PE,0.65,0.65,0.5,0.5,0.5,0.95,1076.2,0.5,140250,-6600,11,8444865.0,10,F1,825,,,,,
2026-02-18,2026-02-18,FO,NSE,STO,135835,,SHRIRAMFIN,,2026-02-24,2026-02-24,1000.0,PE,SHRIRAMFIN26FEB1000PE,2.4,2.4,1.55,1.6,1.6,2.55,1076.2,1.6,1076625,-47025,456,376885203.75,311,F1,825,,,,,
2026-02-18,2026-02-18,FO,NSE,STO,158595,,SHRIRAMFIN,,2026-03-30,2026-03-30,1160.0,PE,SHRIRAMFIN26MAR1160PE,0.0,0.0,0.0,188.9,0.0,188.9,1076.2,95.3,0,0,0,0.0,0,F1,825,,,,,
2026-02-18,2026-02-18,FO,NSE,STO,158577,,SHRIRAMFIN,,2026-03-30,2026-03-30,980.0,PE,SHRIRAMFIN26MAR980PE,9.55,9.6,9.55,9.6,9.6,11.0,1076.2,10.25,47850,-1650,2,1632798.75,2,F1,825,,,,,
2026-02-18,2026-02-18,FO,NSE,STO,167573,,SHRIRAMFIN,,2026-03-30,2026-03-30,810.0,PE,SHRIRAMFIN26MAR810PE,0.0,0.0,0.0,5.15,0.0,5.15,1076.2,0.1,0,0,0,0.0,0,F1,825,,,,,
2026-02-18,2026-02-18,FO,NSE,STO,158507,,SHRIRAMFIN,,2026-02-24,2026-02-24,1050.0,PE,SHRIRAMFIN26FEB1050PE,8.15,8.65,5.2,5.7,6.05,9.1,1076.2,5.7,582450,-23925,1366,1190953128.75,1253,F1,825,,,,,
2026-02-18,2026-02-18,FO,NSE,STO,50446,,SHRIRAMFIN,,2026-02-24,2026-02-24,1140.0,PE,SHRIRAMFIN26FEB1140PE,0.0,0.0,0.0,59.55,59.7,59.55,1076.2,64.55,9900,0,0,0.0,0,F1,825,,,,,
2026-02-18,2026-02-18,FO,NSE,STO,158521,,SHRIRAMFIN,,2026-02-24,2026-02-24,1180.0,PE,SHRIRAMFIN26FEB1180PE,0.0,0.0,0.0,200.1,0.0,200.1,1076.2,102.95,0,0,0,0.0,0,F1,825,,,,,
2026-02-18,2026-02-18,FO,NSE,STO,158505,,SHRIRAMFIN,,2026-02-24,2026-02-24,1030.0,PE,SHRIRAMFIN26FEB1030PE,3.95,4.65,2.85,3.05,3.25,5.05,1076.2,3.05,329175,-4125,987,841712478.75,623,F1,825,,,,,
2026-02-18,2026-02-18,FO,NSE,STO,167659,,SHRIRAMFIN,,2026-04-28,2026-04-28,1040.0,PE,SHRIRAMFIN26APR1040PE,0.0,0.0,0.0,89.3,0.0,89.3,1076.2,38.15,0,0,0,0.0,0,F1,825,,,,,
2026-02-18,2026-02-18,FO,NSE,STO,167651,,SHRIRAMFIN,,2026-04-28,2026-04-28,960.0,PE,SHRIRAMFIN26APR960PE,0.0,0.0,0.0,49.65,0.0,49.65,1076.2,14.4,0,0,0,0.0,0,F1,825,,,,,
2026-02-18,2026-02-18,FO,NSE,STO,135558,,SHRIRAMFIN,,2026-02-24,2026-02-24,800.0,CE,SHRIRAMFIN26FEB800CE,0.0,0.0,0.0,266.3,266.3,266.3,1076.2,276.9,2475,0,0,0.0,0,F1,825,,,,,
2026-02-18,2026-02-18,FO,NSE,STO,158482,,SHRIRAMFIN,,2026-02-24,2026-02-24,810.0,CE,SHRIRAMFIN26FEB810CE,0.0,0.0,0.0,183.3,0.0,183.3,1076.2,266.95,0,0,0,0.0,0,F1,825,,,,,
2026-02-18,2026-02-18,FO,NSE,STO,135734,,SHRIRAMFIN,,2026-02-24,2026-02-24,880.0,CE,SHRIRAMFIN26FEB880CE,0.0,0.0,0.0,174.0,174.0,174.0,1076.2,197.0,8250,0,0,0.0,0,F1,825,,,,,
2026-02-18,2026-02-18,FO,NSE,STO,135834,,SHRIRAMFIN,,2026-02-24,2026-02-24,1000.0,CE,SHRIRAMFIN26FEB1000CE,78.0,87.0,75.7,81.05,80.0,75.7,1076.2,81.05,391875,-4950,70,62334731.25,57,F1,825,,,,,
2026-02-18,2026-02-18,FO,NSE,STO,158504,,SHRIRAMFIN,,2026-02-24,2026-02-24,1030.0,CE,SHRIRAMFIN26FEB1030CE,52.55,58.0,48.0,49.5,48.75,49.6,1076.2,49.5,162525,-15675,35,31198406.25,35,F1,825,,,,,
2026-02-18,2026-02-18,FO,NSE,STO,167574,,SHRIRAMFIN,,2026-03-30,2026-03-30,830.0,CE,SHRIRAMFIN26MAR830CE,0.0,0.0,0.0,186.95,0.0,186.95,1076.2,251.4,0,0,0,0.0,0,F1,825,,,,,
2026-02-18,2026-02-18,FO,NSE,STO,158572,,SHRIRAMFIN,,2026-03-30,2026-03-30,940.0,CE,SHRIRAMFIN26MAR940CE,0.0,0.0,0.0,135.0,135.0,135.0,1076.2,146.45,3300,0,0,0.0,0,F1,825,,,,,
2026-02-18,2026-02-18,FO,NSE,STO,167596,,SHRIRAMFIN,,2026-03-30,2026-03-30,1050.0,CE,SHRIRAMFIN26MAR1050CE,63.0,67.2,59.0,62.0,62.0,61.15,1076.2,62.0,80850,-1650,33,30260876.25,24,F1,825,,,,,
2026-02-18,2026-02-18,FO,NSE,STO,167602,,SHRIRAMFIN,,2026-03-30,2026-03-30,1110.0,CE,SHRIRAMFIN26MAR1110CE,29.6,30.6,29.6,30.6,30.6,31.7,1076.2,30.6,8250,0,2,1881165.0,2,F1,825,,,,,
2026-02-18,2026-02-18,FO,NSE,STO,167604,,SHRIRAMFIN,,2026-03-30,2026-03-30,1130.0,CE,SHRIRAMFIN26MAR1130CE,23.45,23.55,22.05,22.65,22.05,19.5,1076.2,22.65,8250,5775,10,9510022.5,10,F1,825,,,,,
2026-02-18,2026-02-18,FO,NSE,STO,158592,,SHRIRAMFIN,,2026-03-30,2026-03-30,1140.0,CE,SHRIRAMFIN26MAR1140CE,22.8,22.8,18.9,18.9,18.9,20.0,1076.2,18.9,33000,14025,39,37358062.5,33,F1,825,,,,,
2026-02-18,2026-02-18,FO,NSE,STO,158596,,SHRIRAMFIN,,2026-03-30,2026-03-30,1180.0,CE,SHRIRAMFIN26MAR1180CE,12.0,13.75,10.3,10.55,10.55,10.5,1076.2,10.55,35475,21450,46,45221096.25,37,F1,825,,,,,
2026-02-18,2026-02-18,FO,NSE,STO,167634,,SHRIRAMFIN,,2026-04-28,2026-04-28,800.0,CE,SHRIRAMFIN26APR800CE,0.0,0.0,0.0,221.9,0.0,221.9,1076.2,285.1,0,0,0,0.0,0,F1,825,,,,,
2026-02-18,2026-02-18,FO,NSE,STO,167660,,SHRIRAMFIN,,2026-04-28,2026-04-28,1060.0,CE,SHRIRAMFIN26APR1060CE,0.0,0.0,0.0,58.45,0.0,58.45,1076.2,73.8,0,0,0,0.0,0,F1,825,,,,,
2026-02-18,2026-02-18,FO,NSE,STO,135601,,SHRIRAMFIN,,2026-02-24,2026-02-24,800.0,PE,SHRIRAMFIN26FEB800PE,0.1,0.1,0.05,0.05,0.05,0.15,1076.2,0.05,67650,-8250,10,6600453.75,7,F1,825,,,,,
2026-02-18,2026-02-18,FO,NSE,STO,167663,,SHRIRAMFIN,,2026-04-28,2026-04-28,1080.0,PE,SHRIRAMFIN26APR1080PE,0.0,0.0,0.0,113.8,0.0,113.8,1076.2,56.15,0,0,0,0.0,0,F1,825,,,,,
2026-02-18,2026-02-18,FO,NSE,STO,135836,,SHRIRAMFIN,,2026-02-24,2026-02-24,1020.0,CE,SHRIRAMFIN26FEB1020CE,67.95,68.0,57.9,59.0,58.5,59.9,1076.2,59.0,297000,-6600,19,16942035.0,17,F1,825,,,,,
2026-02-18,2026-02-18,FO,NSE,STO,38435,,SHRIRAMFIN,,2026-02-24,2026-02-24,1120.0,CE,SHRIRAMFIN26FEB1120CE,4.15,6.05,2.7,3.15,2.9,4.35,1076.2,3.15,531300,-66000,2257,2092245375.0,1172,F1,825,,,,,
2026-02-18,2026-02-18,FO,NSE,STO,158518,,SHRIRAMFIN,,2026-02-24,2026-02-24,1170.0,CE,SHRIRAMFIN26FEB1170CE,1.0,1.2,0.45,0.5,0.5,0.9,1076.2,0.5,191400,23925,84,81124807.5,70,F1,825,,,,,
2026-02-18,2026-02-18,FO,NSE,STO,167586,,SHRIRAMFIN,,2026-03-30,2026-03-30,950.0,CE,SHRIRAMFIN26MAR950CE,140.0,140.0,140.0,140.0,140.0,136.6,1076.2,137.6,9900,-825,1,899250.0,1,F1,825,,,,,
2026-02-18,2026-02-18,FO,NSE,STO,158590,,SHRIRAMFIN,,2026-03-30,2026-03-30,1120.0,CE,SHRIRAMFIN26MAR1120CE,28.0,30.3,25.0,26.0,25.85,26.0,1076.2,26.0,69300,5775,34,32179207.5,33,F1,825,,,,,
2026-02-18,2026-02-18,FO,NSE,STO,167638,,SHRIRAMFIN,,2026-04-28,2026-04-28,840.0,CE,SHRIRAMFIN26APR840CE,0.0,0.0,0.0,188.55,0.0,188.55,1076.2,246.55,0,0,0,0.0,0,F1,825,,,,,
2026-02-18,2026-02-18,FO,NSE,STO,167652,,SHRIRAMFIN,,2026-04-28,2026-04-28,980.0,CE,SHRIRAMFIN26APR980CE,0.0,0.0,0.0,94.4,0.0,94.4,1076.2,125.25,0,0,0,0.0,0,F1,825,,,,,
2026-02-18,2026-02-18,FO,NSE,STO,135605,,SHRIRAMFIN,,2026-02-24,2026-02-24,840.0,PE,SHRIRAMFIN26FEB840PE,0.25,0.25,0.15,0.2,0.2,0.35,1076.2,0.05,100650,-2475,7,4852155.0,6,F1,825,,,,,
2026-02-18,2026-02-18,FO,NSE,STO,158491,,SHRIRAMFIN,,2026-02-24,2026-02-24,890.0,PE,SHRIRAMFIN26FEB890PE,0.3,0.35,0.2,0.25,0.25,0.6,1076.2,0.25,51975,-2475,16,11751382.5,11,F1,825,,,,,
2026-02-18,2026-02-18,FO,NSE,STO,135833,,SHRIRAMFIN,,2026-02-24,2026-02-24,980.0,PE,SHRIRAMFIN26FEB980PE,1.35,1.6,1.0,1.1,1.15,1.75,1076.2,1.1,468600,-14850,116,93908388.75,88,F1,825,,,,,
2026-02-18,2026-02-18,FO,NSE,STO,135837,,SHRIRAMFIN,,2026-02-24,2026-02-24,1020.0,PE,SHRIRAMFIN26FEB1020PE,3.85,4.05,2.3,2.4,2.5,4.0,1076.2,2.4,843150,5775,849,716415975.0,441,F1,825,,,,,
2026-02-18,2026-02-18,FO,NSE,STO,158563,,SHRIRAMFIN,,2026-03-30,2026-03-30,840.0,PE,SHRIRAMFIN26MAR840PE,0.0,0.0,0.0,1.3,1.3,1.3,1076.2,0.3,34650,0,0,0.0,0,F1,825,,,,,
2026-02-18,2026-02-18,FO,NSE,STO,158569,,SHRIRAMFIN,,2026-03-30,2026-03-30,900.0,PE,SHRIRAMFIN26MAR900PE,2.85,3.05,2.8,2.95,3.0,3.25,1076.2,2.95,226050,1650,24,17878946.25,17,F1,825,,,,,
2026-02-18,2026-02-18,FO,NSE,STO,167637,,SHRIRAMFIN,,2026-04-28,2026-04-28,820.0,PE,SHRIRAMFIN26APR820PE,0.0,0.0,0.0,11.3,0.0,11.3,1076.2,1.05,0,0,0,0.0,0,F1,825,,,,,
2026-02-18,2026-02-18,FO,NSE,STO,167645,,SHRIRAMFIN,,2026-04-28,2026-04-28,900.0,PE,SHRIRAMFIN26APR900PE,0.0,0.0,0.0,28.65,0.0,28.65,1076.2,5.55,0,0,0,0.0,0,F1,825,,,,,
2026-02-18,2026-02-18,FO,NSE,STO,167655,,SHRIRAMFIN,,2026-04-28,2026-04-28,1000.0,PE,SHRIRAMFIN26APR1000PE,0.0,0.0,0.0,22.0,22.0,22.0,1076.2,24.3,7425,0,0,0.0,0,F1,825,,,,,
2026-02-18,2026-02-18,FO,NSE,STO,167669,,SHRIRAMFIN,,2026-04-28,2026-04-28,1140.0,PE,SHRIRAMFIN26APR1140PE,0.0,0.0,0.0,155.8,0.0,155.8,1076.2,90.9,0,0,0,0.0,0,F1,825,,,,,
2026-02-18,2026-02-18,FO,NSE,STO,158516,,SHRIRAMFIN,,2026-02-24,2026-02-24,1150.0,CE,SHRIRAMFIN26FEB1150CE,1.7,2.35,0.9,1.05,1.0,1.7,1076.2,1.05,393525,-28050,386,366630907.5,305,F1,825,,,,,
2026-02-18,2026-02-18,FO,NSE,STO,158510,,SHRIRAMFIN,,2026-02-24,2026-02-24,1090.0,CE,SHRIRAMFIN26FEB1090CE,12.0,15.85,8.9,10.2,9.1,11.65,1076.2,10.2,664125,200475,3059,2780265262.5,2366,F1,825,,,,,
2026-02-18,2026-02-18,FO,NSE,STF,52033,,SHRIRAMFIN,,2026-03-30,2026-03-30,,,SHRIRAMFIN26MARFUT,1081.2,1092.9,1079.2,1084.2,1081.1,1081.5,1076.2,1084.2,3691875,1960200,2877,2572811505.0,2664,F1,825,,,,,
2026-02-18,2026-02-18,FO,NSE,STO,167583,,SHRIRAMFIN,,2026-03-30,2026-03-30,910.0,PE,SHRIRAMFIN26MAR910PE,0.0,0.0,0.0,10.3,10.3,10.3,1076.2,2.25,4125,0,0,0.0,0,F1,825,,,,,
2026-02-18,2026-02-18,FO,NSE,STO,158570,,SHRIRAMFIN,,2026-03-30,2026-03-30,920.0,CE,SHRIRAMFIN26MAR920CE,0.0,0.0,0.0,115.8,0.0,115.8,1076.2,164.6,0,0,0,0.0,0,F1,825,,,,,
2026-02-18,2026-02-18,FO,NSE,STO,167605,,SHRIRAMFIN,,2026-03-30,2026-03-30,1130.0,PE,SHRIRAMFIN26MAR1130PE,0.0,0.0,0.0,141.05,0.0,141.05,1076.2,73.9,0,0,0,0.0,0,F1,825,,,,,
2026-02-18,2026-02-18,FO,NSE,STO,158575,,SHRIRAMFIN,,2026-03-30,2026-03-30,960.0,PE,SHRIRAMFIN26MAR960PE,7.0,7.45,6.7,6.8,6.8,8.0,1076.2,6.8,60225,2475,24,19148621.25,16,F1,825,,,,,
2026-02-18,2026-02-18,FO,NSE,STO,158517,,SHRIRAMFIN,,2026-02-24,2026-02-24,1150.0,PE,SHRIRAMFIN26FEB1150PE,72.3,74.15,71.9,73.6,74.15,78.85,1076.2,73.6,14850,0,7,7059731.25,7,F1,825,,,,,
2026-02-18,2026-02-18,FO,NSE,STO,158515,,SHRIRAMFIN,,2026-02-24,2026-02-24,1130.0,PE,SHRIRAMFIN26FEB1130PE,0.0,0.0,0.0,157.5,0.0,157.5,1076.2,55.55,0,0,0,0.0,0,F1,825,,,,,
2026-02-18,2026-02-18,FO,NSE,STO,49379,,SHRIRAMFIN,,2026-02-24,2026-02-24,1100.0,PE,SHRIRAMFIN26FEB1100PE,33.15,33.6,25.8,28.7,30.1,34.1,1076.2,28.7,108075,-14850,252,234930671.25,243,F1,825,,,,,
2026-02-18,2026-02-18,FO,NSE,STO,158503,,SHRIRAMFIN,,2026-02-24,2026-02-24,1010.0,PE,SHRIRAMFIN26FEB1010PE,2.7,2.9,1.8,1.95,2.0,3.1,1076.2,1.95,404250,8250,111,92690977.5,102,F1,825,,,,,
2026-02-18,2026-02-18,FO,NSE,STO,158487,,SHRIRAMFIN,,2026-02-24,2026-02-24,850.0,PE,SHRIRAMFIN26FEB850PE,0.0,0.0,0.0,0.1,0.1,0.1,1076.2,0.05,1650,0,0,0.0,0,F1,825,,,,,
2026-02-18,2026-02-18,FO,NSE,STO,167670,,SHRIRAMFIN,,2026-04-28,2026-04-28,1160.0,CE,SHRIRAMFIN26APR1160CE,0.0,0.0,0.0,29.8,0.0,29.8,1076.2,32.55,0,0,0,0.0,0,F1,825,,,,,
2026-02-18,2026-02-18,FO,NSE,STO,167650,,SHRIRAMFIN,,2026-04-28,2026-04-28,960.0,CE,SHRIRAMFIN26APR960CE,0.0,0.0,0.0,105.4,0.0,105.4,1076.2,140.55,0,0,0,0.0,0,F1,825,,,,,
2026-02-18,2026-02-18,FO,NSE,STO,158571,,SHRIRAMFIN,,2026-03-30,2026-03-30,920.0,PE,SHRIRAMFIN26MAR920PE,4.4,4.4,4.0,4.1,4.1,4.5,1076.2,2.9,40425,-4950,10,7623453.75,7,F1,825,,,,,
2026-02-18,2026-02-18,FO,NSE,STO,158513,,SHRIRAMFIN,,2026-02-24,2026-02-24,1110.0,PE,SHRIRAMFIN26FEB1110PE,36.6,40.6,32.65,36.15,37.95,42.75,1076.2,36.15,30525,-2475,35,33103496.25,35,F1,825,,,,,
2026-02-18,2026-02-18,FO,NSE,STO,135831,,SHRIRAMFIN,,2026-02-24,2026-02-24,960.0,PE,SHRIRAMFIN26FEB960PE,0.9,1.1,0.8,0.8,0.8,1.35,1076.2,0.8,294525,-9075,49,38845413.75,38,F1,825,,,,,
2026-02-18,2026-02-18,FO,NSE,STO,135841,,SHRIRAMFIN,,2026-02-24,2026-02-24,1080.0,PE,SHRIRAMFIN26FEB1080PE,19.1,21.0,14.9,16.3,17.4,21.05,1076.2,16.3,320100,36300,902,816854981.25,852,F1,825,,,,,
2026-02-18,2026-02-18,FO,NSE,STO,167579,,SHRIRAMFIN,,2026-03-30,2026-03-30,870.0,PE,SHRIRAMFIN26MAR870PE,0.0,0.0,0.0,13.35,0.0,13.35,1076.2,0.75,0,0,0,0.0,0,F1,825,,,,,
2026-02-18,2026-02-18,FO,NSE,STO,167591,,SHRIRAMFIN,,2026-03-30,2026-03-30,990.0,PE,SHRIRAMFIN26MAR990PE,0.0,0.0,0.0,13.0,13.0,13.0,1076.2,12.25,5775,0,0,0.0,0,F1,825,,,,,
2026-02-18,2026-02-18,FO,NSE,STO,167635,,SHRIRAMFIN,,2026-04-28,2026-04-28,800.0,PE,SHRIRAMFIN26APR800PE,0.0,0.0,0.0,8.6,0.0,8.6,1076.2,0.65,0,0,0,0.0,0,F1,825,,,,,
2026-02-18,2026-02-18,FO,NSE,STO,167647,,SHRIRAMFIN,,2026-04-28,2026-04-28,920.0,PE,SHRIRAMFIN26APR920PE,0.0,0.0,0.0,34.8,0.0,34.8,1076.2,7.8,0,0,0,0.0,0,F1,825,,,,,
2026-02-18,2026-02-18,FO,NSE,STO,158509,,SHRIRAMFIN,,2026-02-24,2026-02-24,1070.0,PE,SHRIRAMFIN26FEB1070PE,16.2,16.25,10.65,11.65,12.5,16.1,1076.2,11.65,349800,-28875,1084,968574543.75,997,F1,825,,,,,
2026-02-18,2026-02-18,FO,NSE,STO,167577,,SHRIRAMFIN,,2026-03-30,2026-03-30,850.0,PE,SHRIRAMFIN26MAR850PE,0.0,0.0,0.0,9.95,0.0,9.95,1076.2,0.4,0,0,0,0.0,0,F1,825,,,,,
2026-02-18,2026-02-18,FO,NSE,STO,158567,,SHRIRAMFIN,,2026-03-30,2026-03-30,880.0,PE,SHRIRAMFIN26MAR880PE,0.0,0.0,0.0,2.7,2.7,2.7,1076.2,1.0,18975,0,0,0.0,0,F1,825,,,,,
2026-02-18,2026-02-18,FO,NSE,STO,158585,,SHRIRAMFIN,,2026-03-30,2026-03-30,1060.0,PE,SHRIRAMFIN26MAR1060PE,29.0,32.0,27.55,29.1,29.0,33.5,1076.2,29.1,54450,21450,34,30549172.5,22,F1,825,,,,,
2026-02-18,2026-02-18,FO,NSE,STO,167601,,SHRIRAMFIN,,2026-03-30,2026-03-30,1090.0,PE,SHRIRAMFIN26MAR1090PE,0.0,0.0,0.0,111.4,0.0,111.4,1076.2,49.55,0,0,0,0.0,0,F1,825,,,,,
2026-02-18,2026-02-18,FO,NSE,STO,38436,,SHRIRAMFIN,,2026-02-24,2026-02-24,1120.0,PE,SHRIRAMFIN26FEB1120PE,45.5,49.3,40.25,44.9,44.9,51.25,1076.2,44.9,10725,2475,26,24985001.25,26,F1,825,,,,,
2026-02-18,2026-02-18,FO,NSE,STO,158597,,SHRIRAMFIN,,2026-03-30,2026-03-30,1180.0,PE,SHRIRAMFIN26MAR1180PE,0.0,0.0,0.0,205.15,0.0,205.15,1076.2,110.85,0,0,0,0.0,0,F1,825,,,,,
2026-02-18,2026-02-18,FO,NSE,STF,67011,,SHRIRAMFIN,,2026-04-28,2026-04-28,,,SHRIRAMFIN26APRFUT,1092.0,1098.4,1087.0,1090.2,1090.0,1088.4,1076.2,1090.2,232650,-825,26,23422080.0,25,F1,825,,,,,
2026-02-18,2026-02-18,FO,NSE,STO,158514,,SHRIRAMFIN,,2026-02-24,2026-02-24,1130.0,CE,SHRIRAMFIN26FEB1130CE,2.9,4.3,1.8,2.1,1.9,3.25,1076.2,2.1,358050,7425,1549,1447231417.5,615,F1,825,,,,,
2026-02-18,2026-02-18,FO,NSE,STO,48988,,SHRIRAMFIN,,2026-02-24,2026-02-24,1160.0,CE,SHRIRAMFIN26FEB1160CE,1.25,1.6,0.6,0.75,0.7,1.2,1076.2,0.75,179850,-33825,199,190586096.25,141,F1,825,,,,,
2026-02-18,2026-02-18,FO,NSE,STO,167578,,SHRIRAMFIN,,2026-03-30,2026-03-30,870.0,CE,SHRIRAMFIN26MAR870CE,0.0,0.0,0.0,153.5,0.0,153.5,1076.2,212.2,0,0,0,0.0,0,F1,825,,,,,
2026-02-18,2026-02-18,FO,NSE,STO,158566,,SHRIRAMFIN,,2026-03-30,2026-03-30,880.0,CE,SHRIRAMFIN26MAR880CE,0.0,0.0,0.0,141.8,0.0,141.8,1076.2,202.5,0,0,0,0.0,0,F1,825,,,,,
2026-02-18,2026-02-18,FO,NSE,STO,158574,,SHRIRAMFIN,,2026-03-30,2026-03-30,960.0,CE,SHRIRAMFIN26MAR960CE,0.0,0.0,0.0,37.9,37.9,37.9,1076.2,128.95,1650,0,0,0.0,0,F1,825,,,,,
2026-02-18,2026-02-18,FO,NSE,STO,158582,,SHRIRAMFIN,,2026-03-30,2026-03-30,1040.0,CE,SHRIRAMFIN26MAR1040CE,0.0,0.0,0.0,58.3,58.3,58.3,1076.2,69.15,825,0,0,0.0,0,F1,825,,,,,
2026-02-18,2026-02-18,FO,NSE,STO,167662,,SHRIRAMFIN,,2026-04-28,2026-04-28,1080.0,CE,SHRIRAMFIN26APR1080CE,0.0,0.0,0.0,51.4,0.0,51.4,1076.2,63.55,0,0,0,0.0,0,F1,825,,,,,
2026-02-18,2026-02-18,FO,NSE,STO,167664,,SHRIRAMFIN,,2026-04-28,2026-04-28,1100.0,CE,SHRIRAMFIN26APR1100CE,0.0,0.0,0.0,45.05,0.0,45.05,1076.2,54.3,0,0,0,0.0,0,F1,825,,,,,
2026-02-18,2026-02-18,FO,NSE,STO,158499,,SHRIRAMFIN,,2026-02-24,2026-02-24,970.0,PE,SHRIRAMFIN26FEB970PE,1.15,1.35,0.9,0.95,0.95,1.5,1076.2,0.95,315150,9075,94,75308433.75,88,F1,825,,,,,
2026-02-18,2026-02-18,FO,NSE,STO,158489,,SHRIRAMFIN,,2026-02-24,2026-02-24,870.0,PE,SHRIRAMFIN26FEB870PE,0.0,0.0,0.0,16.3,0.0,16.3,1076.2,0.05,0,0,0,0.0,0,F1,825,,,,,
2026-02-18,2026-02-18,FO,NSE,STO,167656,,SHRIRAMFIN,,2026-04-28,2026-04-28,1020.0,CE,SHRIRAMFIN26APR1020CE,0.0,0.0,0.0,74.85,0.0,74.85,1076.2,97.5,0,0,0,0.0,0,F1,825,,,,,
2026-02-18,2026-02-18,FO,NSE,STO,158584,,SHRIRAMFIN,,2026-03-30,2026-03-30,1060.0,CE,SHRIRAMFIN26MAR1060CE,56.0,57.2,53.0,53.0,53.0,51.4,1076.2,53.0,21450,825,8,7361103.75,6,F1,825,,,,,
2026-02-18,2026-02-18,FO,NSE,STO,158578,,SHRIRAMFIN,,2026-03-30,2026-03-30,1000.0,CE,SHRIRAMFIN26MAR1000CE,95.0,97.2,95.0,97.0,97.0,95.45,1076.2,97.0,82500,1650,4,3618367.5,4,F1,825,,,,,
2026-02-18,2026-02-18,FO,NSE,STO,135736,,SHRIRAMFIN,,2026-02-24,2026-02-24,900.0,CE,SHRIRAMFIN26FEB900CE,0.0,0.0,0.0,168.2,168.2,168.2,1076.2,177.0,102300,0,0,0.0,0,F1,825,,,,,
2026-02-18,2026-02-18,FO,NSE,STO,158497,,SHRIRAMFIN,,2026-02-24,2026-02-24,950.0,PE,SHRIRAMFIN26FEB950PE,0.8,0.95,0.65,0.7,0.75,1.1,1076.2,0.7,413325,8250,186,145897743.75,170,F1,825,,,,,
2026-02-18,2026-02-18,FO,NSE,STO,158568,,SHRIRAMFIN,,2026-03-30,2026-03-30,900.0,CE,SHRIRAMFIN26MAR900CE,0.0,0.0,0.0,192.0,192.0,192.0,1076.2,183.35,3300,0,0,0.0,0,F1,825,,,,,
2026-02-18,2026-02-18,FO,NSE,STO,167580,,SHRIRAMFIN,,2026-03-30,2026-03-30,890.0,CE,SHRIRAMFIN26MAR890CE,0.0,0.0,0.0,137.9,0.0,137.9,1076.2,192.9,0,0,0,0.0,0,F1,825,,,,,
2026-02-18,2026-02-18,FO,NSE,STO,158558,,SHRIRAMFIN,,2026-03-30,2026-03-30,800.0,CE,SHRIRAMFIN26MAR800CE,0.0,0.0,0.0,202.9,0.0,202.9,1076.2,281.05,0,0,0,0.0,0,F1,825,,,,,
2026-02-18,2026-02-18,FO,NSE,STO,50449,,SHRIRAMFIN,,2026-02-24,2026-02-24,1200.0,CE,SHRIRAMFIN26FEB1200CE,0.45,0.6,0.2,0.2,0.25,0.5,1076.2,0.2,298650,3300,96,95065162.5,85,F1,825,,,,,
2026-02-18,2026-02-18,FO,NSE,STO,50445,,SHRIRAMFIN,,2026-02-24,2026-02-24,1140.0,CE,SHRIRAMFIN26FEB1140CE,2.3,3.05,1.25,1.4,1.3,2.3,1076.2,1.4,528000,-68475,716,674519133.75,495,F1,825,,,,,
2026-02-18,2026-02-18,FO,NSE,STO,135838,,SHRIRAMFIN,,2026-02-24,2026-02-24,1040.0,CE,SHRIRAMFIN26FEB1040CE,43.6,50.0,38.9,41.25,40.0,41.05,1076.2,41.25,529650,-21450,148,132111622.5,99,F1,825,,,,,
2026-02-18,2026-02-18,FO,NSE,STO,158498,,SHRIRAMFIN,,2026-02-24,2026-02-24,970.0,CE,SHRIRAMFIN26FEB970CE,109.5,110.7,107.7,110.2,110.7,100.85,1076.2,110.2,169950,-4950,14,12464430.0,11,F1,825,,,,,
2026-02-18,2026-02-18,FO,NSE,STO,167673,,SHRIRAMFIN,,2026-04-28,2026-04-28,1180.0,PE,SHRIRAMFIN26APR1180PE,0.0,0.0,0.0,186.65,0.0,186.65,1076.2,118.7,0,0,0,0.0,0,F1,825,,,,,
2026-02-18,2026-02-18,FO,NSE,STO,167667,,SHRIRAMFIN,,2026-04-28,2026-04-28,1120.0,PE,SHRIRAMFIN26APR1120PE,0.0,0.0,0.0,141.15,0.0,141.15,1076.2,78.35,0,0,0,0.0,0,F1,825,,,,,
2026-02-18,2026-02-18,FO,NSE,STO,167661,,SHRIRAMFIN,,2026-04-28,2026-04-28,1060.0,PE,SHRIRAMFIN26APR1060PE,0.0,0.0,0.0,101.2,0.0,101.2,1076.2,46.65,0,0,0,0.0,0,F1,825,,,,,
2026-02-18,2026-02-18,FO,NSE,STO,167653,,SHRIRAMFIN,,2026-04-28,2026-04-28,980.0,PE,SHRIRAMFIN26APR980PE,0.0,0.0,0.0,58.3,0.0,58.3,1076.2,18.9,0,0,0,0.0,0,F1,825,,,,,
2026-02-18,2026-02-18,FO,NSE,STO,158599,,SHRIRAMFIN,,2026-03-30,2026-03-30,1200.0,PE,SHRIRAMFIN26MAR1200PE,125.0,125.0,120.1,120.1,120.1,137.0,1076.2,120.1,21450,0,4,4364415.0,2,F1,825,,,,,
2026-02-18,2026-02-18,FO,NSE,STO,167611,,SHRIRAMFIN,,2026-03-30,2026-03-30,1190.0,PE,SHRIRAMFIN26MAR1190PE,0.0,0.0,0.0,190.1,0.0,190.1,1076.2,119.0,0,0,0,0.0,0,F1,825,,,,,
2026-02-18,2026-02-18,FO,NSE,STO,158581,,SHRIRAMFIN,,2026-03-30,2026-03-30,1020.0,PE,SHRIRAMFIN26MAR1020PE,16.8,18.25,16.65,16.85,16.85,16.35,1076.2,16.85,74250,0,12,10266753.75,11,F1,825,,,,,
2026-02-18,2026-02-18,FO,NSE,STO,50450,,SHRIRAMFIN,,2026-02-24,2026-02-24,1200.0,PE,SHRIRAMFIN26FEB1200PE,0.0,0.0,0.0,237.7,0.0,237.7,1076.2,122.8,0,0,0,0.0,0,F1,825,,,,,
2026-02-18,2026-02-18,FO,NSE,STO,167582,,SHRIRAMFIN,,2026-03-30,2026-03-30,910.0,CE,SHRIRAMFIN26MAR910CE,0.0,0.0,0.0,123.15,0.0,123.15,1076.2,173.95,0,0,0,0.0,0,F1,825,,,,,
2026-02-18,2026-02-18,FO,NSE,STO,158501,,SHRIRAMFIN,,2026-02-24,2026-02-24,990.0,PE,SHRIRAMFIN26FEB990PE,1.8,1.9,1.2,1.35,1.35,2.05,1076.2,1.35,259875,-9900,123,100615803.75,114,F1,825,,,,,
2026-02-18,2026-02-18,FO,NSE,STO,158523,,SHRIRAMFIN,,2026-02-24,2026-02-24,1190.0,PE,SHRIRAMFIN26FEB1190PE,0.0,0.0,0.0,208.95,0.0,208.95,1076.2,112.85,0,0,0,0.0,0,F1,825,,,,,
2026-02-18,2026-02-18,FO,NSE,STO,158561,,SHRIRAMFIN,,2026-03-30,2026-03-30,820.0,PE,SHRIRAMFIN26MAR820PE,0.0,0.0,0.0,15.05,0.0,15.05,1076.2,0.15,0,0,0,0.0,0,F1,825,,,,,
2026-02-18,2026-02-18,FO,NSE,STO,167581,,SHRIRAMFIN,,2026-03-30,2026-03-30,890.0,PE,SHRIRAMFIN26MAR890PE,0.0,0.0,0.0,17.5,0.0,17.5,1076.2,1.35,0,0,0,0.0,0,F1,825,,,,,
2026-02-18,2026-02-18,FO,NSE,STO,167599,,SHRIRAMFIN,,2026-03-30,2026-03-30,1070.0,PE,SHRIRAMFIN26MAR1070PE,38.15,38.15,31.3,32.85,33.2,36.35,1076.2,32.85,31350,19800,50,45529976.25,28,F1,825,,,,,
2026-02-18,2026-02-18,FO,NSE,STO,167607,,SHRIRAMFIN,,2026-03-30,2026-03-30,1150.0,PE,SHRIRAMFIN26MAR1150PE,83.6,83.6,81.5,81.5,81.5,156.8,1076.2,87.9,1650,1650,2,2033707.5,2,F1,825,,,,,
2026-02-18,2026-02-18,FO,NSE,STO,167609,,SHRIRAMFIN,,2026-03-30,2026-03-30,1170.0,PE,SHRIRAMFIN26MAR1170PE,0.0,0.0,0.0,173.2,0.0,173.2,1076.2,102.95,0,0,0,0.0,0,F1,825,,,,,
2026-02-18,2026-02-18,FO,NSE,STO,167641,,SHRIRAMFIN,,2026-04-28,2026-04-28,860.0,PE,SHRIRAMFIN26APR860PE,0.0,0.0,0.0,18.55,0.0,18.55,1076.2,2.6,0,0,0,0.0,0,F1,825,,,,,
2026-02-18,2026-02-18,FO,NSE,STO,158493,,SHRIRAMFIN,,2026-02-24,2026-02-24,910.0,PE,SHRIRAMFIN26FEB910PE,0.45,0.65,0.3,0.35,0.35,0.8,1076.2,0.35,80025,-33000,84,63089647.5,33,F1,825,,,,,
2026-02-18,2026-02-18,FO,NSE,STO,158486,,SHRIRAMFIN,,2026-02-24,2026-02-24,850.0,CE,SHRIRAMFIN26FEB850CE,0.0,0.0,0.0,149.5,0.0,149.5,1076.2,226.95,0,0,0,0.0,0,F1,825,,,,,
2026-02-18,2026-02-18,FO,NSE,STO,158488,,SHRIRAMFIN,,2026-02-24,2026-02-24,870.0,CE,SHRIRAMFIN26FEB870CE,0.0,0.0,0.0,133.75,0.0,133.75,1076.2,207.0,0,0,0,0.0,0,F1,825,,,,,
2026-02-18,2026-02-18,FO,NSE,STO,135760,,SHRIRAMFIN,,2026-02-24,2026-02-24,940.0,CE,SHRIRAMFIN26FEB940CE,140.6,140.6,140.6,140.6,140.6,125.1,1076.2,137.05,45375,-825,1,891495.0,1,F1,825,,,,,
2026-02-18,2026-02-18,FO,NSE,STO,158496,,SHRIRAMFIN,,2026-02-24,2026-02-24,950.0,CE,SHRIRAMFIN26FEB950CE,0.0,0.0,0.0,124.25,124.25,124.25,1076.2,127.05,105600,0,0,0.0,0,F1,825,,,,,
2026-02-18,2026-02-18,FO,NSE,STO,158508,,SHRIRAMFIN,,2026-02-24,2026-02-24,1070.0,CE,SHRIRAMFIN26FEB1070CE,19.7,26.75,17.8,19.35,17.9,20.7,1076.2,19.35,310200,-136125,1421,1279054177.5,1301,F1,825,,,,,
2026-02-18,2026-02-18,FO,NSE,STO,49378,,SHRIRAMFIN,,2026-02-24,2026-02-24,1100.0,CE,SHRIRAMFIN26FEB1100CE,8.05,11.75,6.15,6.85,6.35,8.55,1076.2,6.85,1345575,-97350,4299,3930685770.0,3614,F1,825,,,,,
2026-02-18,2026-02-18,FO,NSE,STO,158522,,SHRIRAMFIN,,2026-02-24,2026-02-24,1190.0,CE,SHRIRAMFIN26FEB1190CE,0.35,0.4,0.15,0.2,0.15,0.55,1076.2,0.2,155925,0,49,48115526.25,32,F1,825,,,,,
2026-02-18,2026-02-18,FO,NSE,STO,167576,,SHRIRAMFIN,,2026-03-30,2026-03-30,850.0,CE,SHRIRAMFIN26MAR850CE,0.0,0.0,0.0,169.9,0.0,169.9,1076.2,231.7,0,0,0,0.0,0,F1,825,,,,,
2026-02-18,2026-02-18,FO,NSE,STO,158586,,SHRIRAMFIN,,2026-03-30,2026-03-30,1080.0,CE,SHRIRAMFIN26MAR1080CE,43.3,48.4,42.2,43.5,42.55,43.25,1076.2,43.5,118800,58575,147,136283812.5,106,F1,825,,,,,
2026-02-18,2026-02-18,FO,NSE,STO,158598,,SHRIRAMFIN,,2026-03-30,2026-03-30,1200.0,CE,SHRIRAMFIN26MAR1200CE,9.95,10.15,7.65,7.9,7.7,8.75,1076.2,7.9,207075,113025,228,227298431.25,102,F1,825,,,,,
2026-02-18,2026-02-18,FO,NSE,STO,167648,,SHRIRAMFIN,,2026-04-28,2026-04-28,940.0,CE,SHRIRAMFIN26APR940CE,0.0,0.0,0.0,117.25,0.0,117.25,1076.2,156.65,0,0,0,0.0,0,F1,825,,,,,
2026-02-18,2026-02-18,FO,NSE,STO,167666,,SHRIRAMFIN,,2026-04-28,2026-04-28,1120.0,CE,SHRIRAMFIN26APR1120CE,0.0,0.0,0.0,39.35,0.0,39.35,1076.2,46.1,0,0,0,0.0,0,F1,825,,,,,
2026-02-18,2026-02-18,FO,NSE,STO,135733,,SHRIRAMFIN,,2026-02-24,2026-02-24,860.0,PE,SHRIRAMFIN26FEB860PE,0.2,0.4,0.2,0.4,0.4,0.4,1076.2,0.05,75900,-3300,6,4258691.25,6,F1,825,,,,,
2026-02-18,2026-02-18,FO,NSE,STO,158511,,SHRIRAMFIN,,2026-02-24,2026-02-24,1090.0,PE,SHRIRAMFIN26FEB1090PE,26.8,27.65,19.85,22.0,23.65,26.8,1076.2,22.0,133650,10725,266,244347262.5,263,F1,825,,,,,
2026-02-18,2026-02-18,FO,NSE,STO,48989,,SHRIRAMFIN,,2026-02-24,2026-02-24,1160.0,PE,SHRIRAMFIN26FEB1160PE,0.0,0.0,0.0,251.5,0.0,251.5,1076.2,83.4,0,0,0,0.0,0,F1,825,,,,,
2026-02-18,2026-02-18,FO,NSE,STO,158565,,SHRIRAMFIN,,2026-03-30,2026-03-30,860.0,PE,SHRIRAMFIN26MAR860PE,0.0,0.0,0.0,23.85,0.0,23.85,1076.2,0.55,0,0,0,0.0,0,F1,825,,,,,
2026-02-18,2026-02-18,FO,NSE,STO,167587,,SHRIRAMFIN,,2026-03-30,2026-03-30,950.0,PE,SHRIRAMFIN26MAR950PE,5.9,6.2,5.75,5.95,6.0,6.8,1076.2,5.95,187275,8250,31,24448503.75,31,F1,825,,,,,
2026-02-18,2026-02-18,FO,NSE,STO,158591,,SHRIRAMFIN,,2026-03-30,2026-03-30,1120.0,PE,SHRIRAMFIN26MAR1120PE,0.0,0.0,0.0,157.9,0.0,157.9,1076.2,67.35,0,0,0,0.0,0,F1,825,,,,,
2026-02-18,2026-02-18,FO,NSE,STF,59468,,SHRIRAMFIN,,2026-02-24,2026-02-24,,,SHRIRAMFIN26FEBFUT,1074.4,1086.5,1072.7,1077.6,1076.0,1074.1,1076.2,1077.6,32055375,-2066625,5326,4734472297.5,4903,F1,825,,,,,
2026-02-18,2026-02-18,FO,NSE,STO,158506,,SHRIRAMFIN,,2026-02-24,2026-02-24,1050.0,CE,SHRIRAMFIN26FEB1050CE,34.55,40.95,31.2,33.95,31.6,33.1,1076.2,33.95,489225,-7425,329,294392546.25,295,F1,825,,,,,
2026-02-18,2026-02-18,FO,NSE,STO,135840,,SHRIRAMFIN,,2026-02-24,2026-02-24,1080.0,CE,SHRIRAMFIN26FEB1080CE,15.7,20.9,12.8,14.2,13.1,15.6,1076.2,14.2,1067550,234300,5094,4605368171.25,4388,F1,825,,,,,
2026-02-18,2026-02-18,FO,NSE,STO,158485,,SHRIRAMFIN,,2026-02-24,2026-02-24,830.0,PE,SHRIRAMFIN26FEB830PE,0.0,0.0,0.0,9.0,0.0,9.0,1076.2,0.05,0,0,0,0.0,0,F1,825,,,,,
2026-02-18,2026-02-18,FO,NSE,STO,167657,,SHRIRAMFIN,,2026-04-28,2026-04-28,1020.0,PE,SHRIRAMFIN26APR1020PE,0.0,0.0,0.0,78.15,0.0,78.15,1076.2,30.75,0,0,0,0.0,0,F1,825,,,,,
2026-02-18,2026-02-18,FO,NSE,STO,135604,,SHRIRAMFIN,,2026-02-24,2026-02-24,840.0,CE,SHRIRAMFIN26FEB840CE,0.0,0.0,0.0,71.75,0.0,71.75,1076.2,236.95,0,0,0,0.0,0,F1,825,,,,,
2026-02-18,2026-02-18,FO,NSE,STO,158490,,SHRIRAMFIN,,2026-02-24,2026-02-24,890.0,CE,SHRIRAMFIN26FEB890CE,0.0,0.0,0.0,93.6,93.6,93.6,1076.2,187.0,9900,0,0,0.0,0,F1,825,,,,,
2026-02-18,2026-02-18,FO,NSE,STO,158512,,SHRIRAMFIN,,2026-02-24,2026-02-24,1110.0,CE,SHRIRAMFIN26FEB1110CE,6.45,8.5,4.1,4.55,4.25,6.05,1076.2,4.55,324225,4125,1309,1204683645.0,1106,F1,825,,,,,
2026-02-18,2026-02-18,FO,NSE,STO,167592,,SHRIRAMFIN,,2026-03-30,2026-03-30,1010.0,CE,SHRIRAMFIN26MAR1010CE,0.0,0.0,0.0,63.8,0.0,63.8,1076.2,89.35,0,0,0,0.0,0,F1,825,,,,,
2026-02-18,2026-02-18,FO,NSE,STO,158580,,SHRIRAMFIN,,2026-03-30,2026-03-30,1020.0,CE,SHRIRAMFIN26MAR1020CE,83.8,83.8,80.4,80.4,80.4,76.0,1076.2,82.3,9900,825,5,4542491.25,4,F1,825,,,,,
2026-02-18,2026-02-18,FO,NSE,STO,167598,,SHRIRAMFIN,,2026-03-30,2026-03-30,1070.0,CE,SHRIRAMFIN26MAR1070CE,53.6,54.1,47.25,48.8,47.7,47.9,1076.2,48.8,41250,9075,39,36024615.0,35,F1,825,,,,,
2026-02-18,2026-02-18,FO,NSE,STO,167606,,SHRIRAMFIN,,2026-03-30,2026-03-30,1150.0,CE,SHRIRAMFIN26MAR1150CE,16.75,19.1,16.3,16.65,16.4,17.55,1076.2,16.65,175725,0,52,50084883.75,42,F1,825,,,,,
2026-02-18,2026-02-18,FO,NSE,STO,167646,,SHRIRAMFIN,,2026-04-28,2026-04-28,920.0,CE,SHRIRAMFIN26APR920CE,0.0,0.0,0.0,129.95,0.0,129.95,1076.2,173.55,0,0,0,0.0,0,F1,825,,,,,
2026-02-18,2026-02-18,FO,NSE,STO,167672,,SHRIRAMFIN,,2026-04-28,2026-04-28,1180.0,CE,SHRIRAMFIN26APR1180CE,0.0,0.0,0.0,25.75,0.0,25.75,1076.2,27.1,0,0,0,0.0,0,F1,825,,,,,
2026-02-18,2026-02-18,FO,NSE,STO,167674,,SHRIRAMFIN,,2026-04-28,2026-04-28,1200.0,CE,SHRIRAMFIN26APR1200CE,0.0,0.0,0.0,22.25,0.0,22.25,1076.2,22.4,0,0,0,0.0,0,F1,825,,,,,
2026-02-18,2026-02-18,FO,NSE,STO,167644,,SHRIRAMFIN,,2026-04-28,2026-04-28,900.0,CE,SHRIRAMFIN26APR900CE,0.0,0.0,0.0,143.5,0.0,143.5,1076.2,191.05,0,0,0,0.0,0,F1,825,,,,,
2026-02-18,2026-02-18,FO,NSE,STO,167649,,SHRIRAMFIN,,2026-04-28,2026-04-28,940.0,PE,SHRIRAMFIN26APR940PE,0.0,0.0,0.0,41.8,0.0,41.8,1076.2,10.75,0,0,0,0.0,0,F1,825,,,,,
2026-02-18,2026-02-18,FO,NSE,STO,158562,,SHRIRAMFIN,,2026-03-30,2026-03-30,840.0,CE,SHRIRAMFIN26MAR840CE,0.0,0.0,0.0,170.9,0.0,170.9,1076.2,241.55,0,0,0,0.0,0,F1,825,,,,,
2026-02-18,2026-02-18,FO,NSE,STO,135832,,SHRIRAMFIN,,2026-02-24,2026-02-24,980.0,CE,SHRIRAMFIN26FEB980CE,97.0,100.0,95.35,100.0,100.0,95.75,1076.2,97.25,171600,-825,6,5334738.75,6,F1,825,,,,,
2026-02-18,2026-02-18,FO,NSE,STO,167572,,SHRIRAMFIN,,2026-03-30,2026-03-30,810.0,CE,SHRIRAMFIN26MAR810CE,0.0,0.0,0.0,204.65,0.0,204.65,1076.2,271.15,0,0,0,0.0,0,F1,825,,,,,
2026-02-18,2026-02-18,FO,NSE,STO,167588,,SHRIRAMFIN,,2026-03-30,2026-03-30,970.0,CE,SHRIRAMFIN26MAR970CE,0.0,0.0,0.0,84.55,0.0,84.55,1076.2,120.5,0,0,0,0.0,0,F1,825,,,,,
2026-02-18,2026-02-18,FO,NSE,STO,167600,,SHRIRAMFIN,,2026-03-30,2026-03-30,1090.0,CE,SHRIRAMFIN26MAR1090CE,43.65,43.65,37.0,37.6,37.75,34.5,1076.2,37.6,31350,19800,48,44718753.75,48,F1,825,,,,,
2026-02-18,2026-02-18,FO,NSE,STO,158588,,SHRIRAMFIN,,2026-03-30,2026-03-30,1100.0,CE,SHRIRAMFIN26MAR1100CE,36.2,38.8,32.2,33.75,32.4,32.95,1076.2,33.75,328350,64350,259,242489610.0,234,F1,825,,,,,
2026-02-18,2026-02-18,FO,NSE,STO,48987,,SHRIRAMFIN,,2026-02-24,2026-02-24,1060.0,PE,SHRIRAMFIN26FEB1060PE,12.15,12.2,7.45,8.0,8.6,12.25,1076.2,8.0,489225,-4125,1068,942209111.25,996,F1,825,,,,,
2026-02-18,2026-02-18,FO,NSE,STO,158559,,SHRIRAMFIN,,2026-03-30,2026-03-30,800.0,PE,SHRIRAMFIN26MAR800PE,0.0,0.0,0.0,1.7,1.7,1.7,1076.2,0.05,5775,0,0,0.0,0,F1,825,,,,,
2026-02-18,2026-02-18,FO,NSE,STO,158573,,SHRIRAMFIN,,2026-03-30,2026-03-30,940.0,PE,SHRIRAMFIN26MAR940PE,0.0,0.0,0.0,8.1,8.1,8.1,1076.2,4.6,0,0,0,0.0,0,F1,825,,,,,
2026-02-18,2026-02-18,FO,NSE,STO,167589,,SHRIRAMFIN,,2026-03-30,2026-03-30,970.0,PE,SHRIRAMFIN26MAR970PE,8.4,8.45,7.9,7.95,7.95,9.1,1076.2,7.95,18150,825,30,24212265.0,26,F1,825,,,,,
2026-02-18,2026-02-18,FO,NSE,STO,167595,,SHRIRAMFIN,,2026-03-30,2026-03-30,1030.0,PE,SHRIRAMFIN26MAR1030PE,20.0,21.1,19.0,19.1,19.1,22.9,1076.2,23.2,42075,9900,19,16458090.0,17,F1,825,,,,,
2026-02-18,2026-02-18,FO,NSE,STO,135759,,SHRIRAMFIN,,2026-02-24,2026-02-24,920.0,PE,SHRIRAMFIN26FEB920PE,0.6,0.65,0.4,0.4,0.4,0.75,1076.2,0.4,165000,-12375,69,52399875.0,62,F1,825,,,,,
2026-02-18,2026-02-18,FO,NSE,STO,158594,,SHRIRAMFIN,,2026-03-30,2026-03-30,1160.0,CE,SHRIRAMFIN26MAR1160CE,14.8,15.2,14.3,14.3,14.3,14.95,1076.2,18.5,24750,1650,4,3876963.75,4,F1,825,,,,,
2026-02-18,2026-02-18,FO,NSE,STO,167608,,SHRIRAMFIN,,2026-03-30,2026-03-30,1170.0,CE,SHRIRAMFIN26MAR1170CE,0.0,0.0,0.0,16.5,0.0,16.5,1076.2,16.2,0,0,0,0.0,0,F1,825,,,,,
2026-02-18,2026-02-18,FO,NSE,STO,167636,,SHRIRAMFIN,,2026-04-28,2026-04-28,820.0,CE,SHRIRAMFIN26APR820CE,0.0,0.0,0.0,204.9,0.0,204.9,1076.2,265.75,0,0,0,0.0,0,F1,825,,,,,
2026-02-18,2026-02-18,FO,NSE,STO,167654,,SHRIRAMFIN,,2026-04-28,2026-04-28,1000.0,CE,SHRIRAMFIN26APR1000CE,0.0,0.0,0.0,84.2,0.0,84.2,1076.2,110.85,0,0,0,0.0,0,F1,825,,,,,
2026-02-18,2026-02-18,FO,NSE,STO,135602,,SHRIRAMFIN,,2026-02-24,2026-02-24,820.0,CE,SHRIRAMFIN26FEB820CE,0.0,0.0,0.0,81.8,0.0,81.8,1076.2,256.95,0,0,0,0.0,0,F1,825,,,,,
2026-02-18,2026-02-18,FO,NSE,STO,158494,,SHRIRAMFIN,,2026-02-24,2026-02-24,930.0,CE,SHRIRAMFIN26FEB930CE,0.0,0.0,0.0,143.0,143.0,143.0,1076.2,147.05,56100,0,0,0.0,0,F1,825,,,,,
2026-02-18,2026-02-18,FO,NSE,STO,167593,,SHRIRAMFIN,,2026-03-30,2026-03-30,1010.0,PE,SHRIRAMFIN26MAR1010PE,13.05,15.6,13.05,14.65,14.65,17.75,1076.2,17.1,18975,7425,10,8455590.0,8,F1,825,,,,,
2026-02-18,2026-02-18,FO,NSE,STO,158583,,SHRIRAMFIN,,2026-03-30,2026-03-30,1040.0,PE,SHRIRAMFIN26MAR1040PE,22.0,23.5,21.75,22.2,22.2,24.45,1076.2,26.7,35475,21450,35,30688061.25,29,F1,825,,,,,
2026-02-18,2026-02-18,FO,NSE,STO,167597,,SHRIRAMFIN,,2026-03-30,2026-03-30,1050.0,PE,SHRIRAMFIN26MAR1050PE,24.05,28.0,24.05,25.35,25.4,27.65,1076.2,25.35,166650,-825,41,36395122.5,34,F1,825,,,,,
2026-02-18,2026-02-18,FO,NSE,STO,158587,,SHRIRAMFIN,,2026-03-30,2026-03-30,1080.0,PE,SHRIRAMFIN26MAR1080PE,37.5,40.75,35.4,38.2,38.25,41.95,1076.2,38.2,96525,24750,102,94128663.75,72,F1,825,,,,,
2026-02-18,2026-02-18,FO,NSE,STO,158589,,SHRIRAMFIN,,2026-03-30,2026-03-30,1100.0,PE,SHRIRAMFIN26MAR1100PE,46.0,51.45,46.0,48.3,48.3,51.75,1076.2,48.3,142725,2475,14,13271321.25,11,F1,825,,,,,
2026-02-18,2026-02-18,FO,NSE,STO,167603,,SHRIRAMFIN,,2026-03-30,2026-03-30,1110.0,PE,SHRIRAMFIN26MAR1110PE,0.0,0.0,0.0,125.9,0.0,125.9,1076.2,61.1,0,0,0,0.0,0,F1,825,,,,,
2026-02-18,2026-02-18,FO,NSE,STO,158593,,SHRIRAMFIN,,2026-03-30,2026-03-30,1140.0,PE,SHRIRAMFIN26MAR1140PE,0.0,0.0,0.0,173.15,0.0,173.15,1076.2,80.75,0,0,0,0.0,0,F1,825,,,,,
2026-02-18,2026-02-18,FO,NSE,STO,158492,,SHRIRAMFIN,,2026-02-24,2026-02-24,910.0,CE,SHRIRAMFIN26FEB910CE,0.0,0.0,0.0,100.75,100.75,100.75,1076.2,167.0,1650,0,0,0.0,0,F1,825,,,,,
2026-02-18,2026-02-18,FO,NSE,STO,167675,,SHRIRAMFIN,,2026-04-28,2026-04-28,1200.0,PE,SHRIRAMFIN26APR1200PE,0.0,0.0,0.0,202.8,0.0,202.8,1076.2,133.75,0,0,0,0.0,0,F1,825,,,,,
2026-02-18,2026-02-18,FO,NSE,STO,135606,,SHRIRAMFIN,,2026-02-24,2026-02-24,860.0,CE,SHRIRAMFIN26FEB860CE,0.0,0.0,0.0,203.1,203.1,203.1,1076.2,217.0,33825,0,0,0.0,0,F1,825,,,,,
2026-02-18,2026-02-18,FO,NSE,STO,167639,,SHRIRAMFIN,,2026-04-28,2026-04-28,840.0,PE,SHRIRAMFIN26APR840PE,0.0,0.0,0.0,14.6,0.0,14.6,1076.2,1.65,0,0,0,0.0,0,F1,825,,,,,
2026-02-18,2026-02-18,FO,NSE,STO,167643,,SHRIRAMFIN,,2026-04-28,2026-04-28,880.0,PE,SHRIRAMFIN26APR880PE,0.0,0.0,0.0,23.25,0.0,23.25,1076.2,3.85,0,0,0,0.0,0,F1,825,,,,,
2026-02-18,2026-02-18,FO,NSE,STO,48985,,SHRIRAMFIN,,2026-02-24,2026-02-24,1060.0,CE,SHRIRAMFIN26FEB1060CE,28.3,33.9,24.25,26.4,24.9,26.3,1076.2,26.4,507375,-23100,621,557034060.0,598,F1,825,,,,,
2026-02-18,2026-02-18,FO,NSE,STO,158560,,SHRIRAMFIN,,2026-03-30,2026-03-30,820.0,CE,SHRIRAMFIN26MAR820CE,0.0,0.0,0.0,186.55,0.0,186.55,1076.2,261.25,0,0,0,0.0,0,F1,825,,,,,
2026-02-18,2026-02-18,FO,NSE,STO,158564,,SHRIRAMFIN,,2026-03-30,2026-03-30,860.0,CE,SHRIRAMFIN26MAR860CE,0.0,0.0,0.0,156.0,0.0,156.0,1076.2,221.9,0,0,0,0.0,0,F1,825,,,,,
2026-02-18,2026-02-18,FO,NSE,STO,167671,,SHRIRAMFIN,,2026-04-28,2026-04-28,1160.0,PE,SHRIRAMFIN26APR1160PE,0.0,0.0,0.0,171.0,0.0,171.0,1076.2,104.35,0,0,0,0.0,0,F1,825,,,,,
2026-02-18,2026-02-18,FO,NSE,STO,167584,,SHRIRAMFIN,,2026-03-30,2026-03-30,930.0,CE,SHRIRAMFIN26MAR930CE,0.0,0.0,0.0,153.0,153.0,153.0,1076.2,155.45,825,0,0,0.0,0,F1,825,,,,,
2026-02-18,2026-02-18,FO,NSE,STO,167610,,SHRIRAMFIN,,2026-03-30,2026-03-30,1190.0,CE,SHRIRAMFIN26MAR1190CE,0.0,0.0,0.0,10.0,10.0,10.0,1076.2,12.35,825,0,0,0.0,0,F1,825,,,,,
2026-02-18,2026-02-18,FO,NSE,STO,167642,,SHRIRAMFIN,,2026-04-28,2026-04-28,880.0,CE,SHRIRAMFIN26APR880CE,0.0,0.0,0.0,157.8,0.0,157.8,1076.2,209.15,0,0,0,0.0,0,F1,825,,,,,
2026-02-18,2026-02-18,FO,NSE,STO,135603,,SHRIRAMFIN,,2026-02-24,2026-02-24,820.0,PE,SHRIRAMFIN26FEB820PE,0.1,0.1,0.05,0.05,0.05,0.1,1076.2,0.05,53625,-13200,18,12178113.75,12,F1,825,,,,,
2026-02-18,2026-02-18,FO,NSE,STO,135839,,SHRIRAMFIN,,2026-02-24,2026-02-24,1040.0,PE,SHRIRAMFIN26FEB1040PE,5.65,6.05,3.75,4.05,4.35,6.8,1076.2,4.05,765600,8250,814,701667862.5,702,F1,825,,,,,
2026-02-18,2026-02-18,FO,NSE,STO,135829,,SHRIRAMFIN,,2026-02-24,2026-02-24,940.0,PE,SHRIRAMFIN26FEB940PE,0.7,0.9,0.55,0.6,0.55,1.0,1076.2,0.6,271425,-2475,40,31043553.75,35,F1,825,,,,,
2026-02-18,2026-02-18,FO,NSE,STO,167658,,SHRIRAMFIN,,2026-04-28,2026-04-28,1040.0,CE,SHRIRAMFIN26APR1040CE,0.0,0.0,0.0,66.25,0.0,66.25,1076.2,85.1,0,0,0,0.0,0,F1,825,,,,,
2026-02-18,2026-02-18,FO,NSE,STO,167640,,SHRIRAMFIN,,2026-04-28,2026-04-28,860.0,CE,SHRIRAMFIN26APR860CE,0.0,0.0,0.0,172.8,0.0,172.8,1076.2,227.65,0,0,0,0.0,0,F1,825,,,,,
2026-02-18,2026-02-18,FO,NSE,STO,167594,,SHRIRAMFIN,,2026-03-30,2026-03-30,1030.0,CE,SHRIRAMFIN26MAR1030CE,77.5,80.0,72.2,73.5,73.5,75.45,1076.2,75.55,12375,8250,21,19162357.5,9,F1,825,,,,,
2026-02-18,2026-02-18,FO,NSE,STO,158576,,SHRIRAMFIN,,2026-03-30,2026-03-30,980.0,CE,SHRIRAMFIN26MAR980CE,0.0,0.0,0.0,31.55,31.55,31.55,1076.2,112.3,1650,0,0,0.0,0,F1,825,,,,,
2026-02-18,2026-02-18,FO,NSE,STO,158520,,SHRIRAMFIN,,2026-02-24,2026-02-24,1180.0,CE,SHRIRAMFIN26FEB1180CE,0.8,0.8,0.35,0.4,0.35,0.75,1076.2,0.4,135300,-1650,53,51616991.25,43,F1,825,,,,,
2026-02-18,2026-02-18,FO,NSE,STO,158502,,SHRIRAMFIN,,2026-02-24,2026-02-24,1010.0,CE,SHRIRAMFIN26FEB1010CE,75.0,75.0,66.85,66.85,66.85,67.0,1076.2,68.2,301950,-11550,22,19644817.5,15,F1,825,,,,,
2026-02-18,2026-02-18,FO,NSE,STO,158500,,SHRIRAMFIN,,2026-02-24,2026-02-24,990.0,CE,SHRIRAMFIN26FEB990CE,86.65,88.85,86.65,88.85,88.85,89.0,1076.2,87.4,457050,0,2,1778287.5,2,F1,825,,,,,
2026-02-18,2026-02-18,FO,NSE,STO,135735,,SHRIRAMFIN,,2026-02-24,2026-02-24,880.0,PE,SHRIRAMFIN26FEB880PE,0.4,0.4,0.4,0.4,0.4,0.5,1076.2,0.05,85800,-825,2,1452660.0,2,F1,825,,,,,
2026-02-18,2026-02-18,FO,NSE,STO,167665,,SHRIRAMFIN,,2026-04-28,2026-04-28,1100.0,PE,SHRIRAMFIN26APR1100PE,0.0,0.0,0.0,127.15,0.0,127.15,1076.2,66.75,0,0,0,0.0,0,F1,825,,,,,
2026-02-18,2026-02-18,FO,NSE,STO,158579,,SHRIRAMFIN,,2026-03-30,2026-03-30,1000.0,PE,SHRIRAMFIN26MAR1000PE,14.25,14.25,11.8,12.75,13.0,14.2,1076.2,12.75,474375,136125,302,252418856.25,194,F1,825,,,,,
2026-02-18,2026-02-18,FO,NSE,STO,158484,,SHRIRAMFIN,,2026-02-24,2026-02-24,830.0,CE,SHRIRAMFIN26FEB830CE,0.0,0.0,0.0,166.05,0.0,166.05,1076.2,246.95,0,0,0,0.0,0,F1,825,,,,,
2026-02-18,2026-02-18,FO,NSE,STO,135740,,SHRIRAMFIN,,2026-02-24,2026-02-24,920.0,CE,SHRIRAMFIN26FEB920CE,0.0,0.0,0.0,150.5,150.5,150.5,1076.2,157.05,26400,0,0,0.0,0,F1,825,,,,,
2026-02-18,2026-02-18,FO,NSE,STO,135830,,SHRIRAMFIN,,2026-02-24,2026-02-24,960.0,CE,SHRIRAMFIN26FEB960CE,122.0,122.0,118.1,118.1,118.1,117.6,1076.2,117.1,156750,-825,5,4457887.5,4,F1,825,,,,,
2026-02-18,2026-02-18,FO,NSE,STO,167590,,SHRIRAMFIN,,2026-03-30,2026-03-30,990.0,CE,SHRIRAMFIN26MAR990CE,0.0,0.0,0.0,73.65,0.0,73.65,1076.2,104.4,0,0,0,0.0,0,F1,825,,,,,
2026-02-18,2026-02-18,FO,NSE,STO,167668,,SHRIRAMFIN,,2026-04-28,2026-04-28,1140.0,CE,SHRIRAMFIN26APR1140CE,0.0,0.0,0.0,34.3,0.0,34.3,1076.2,38.9,0,0,0,0.0,0,F1,825,,,,,
2026-02-18,2026-02-18,FO,NSE,STO,135739,,SHRIRAMFIN,,2026-02-24,2026-02-24,900.0,PE,SHRIRAMFIN26FEB900PE,0.45,0.55,0.25,0.3,0.25,0.55,1076.2,0.3,358875,-42900,107,79484295.0,86,F1,825,,,,,
2026-02-18,2026-02-18,FO,NSE,STO,158519,,SHRIRAMFIN,,2026-02-24,2026-02-24,1170.0,PE,SHRIRAMFIN26FEB1170PE,0.0,0.0,0.0,191.35,0.0,191.35,1076.2,93.15,0,0,0,0.0,0,F1,825,,,,,
2026-02-18,2026-02-18,FO,NSE,STO,167575,,SHRIRAMFIN,,2026-03-30,2026-03-30,830.0,PE,SHRIRAMFIN26MAR830PE,0.0,0.0,0.0,7.25,0.0,7.25,1076.2,0.2,0,0,0,0.0,0,F1,825,,,,,
2026-02-18,2026-02-18,FO,NSE,STO,167585,,SHRIRAMFIN,,2026-03-30,2026-03-30,930.0,PE,SHRIRAMFIN26MAR930PE,4.5,4.8,4.3,4.4,4.45,5.6,1076.2,4.4,59400,-2475,14,10793805.0,12,F1,825,,,,,
2026-02-18,2026-02-18,FO,NSE,STO,163242,,TMPV,,2026-02-24,2026-02-24,390.0,CE,TMPV26FEB390CE,3.05,3.35,1.5,2.2,2.35,2.9,382.85,2.2,4633600,-33600,8702,2730093480.0,4046,F1,800,,,,,
2026-02-18,2026-02-18,FO,NSE,STO,163232,,TMPV,,2026-02-24,2026-02-24,355.0,CE,TMPV26FEB355CE,29.95,29.95,25.65,29.35,29.85,29.05,382.85,29.35,455200,-13600,29,8887280.0,26,F1,800,,,,,
2026-02-18,2026-02-18,FO,NSE,STO,163223,,TMPV,,2026-02-24,2026-02-24,325.0,PE,TMPV26FEB325PE,0.15,0.15,0.05,0.05,0.05,0.15,382.85,0.05,666400,9600,384,99870680.0,100,F1,800,,,,,
2026-02-18,2026-02-18,FO,NSE,STO,163314,,TMPV,,2026-03-30,2026-03-30,430.0,CE,TMPV26MAR430CE,2.7,2.85,2.0,2.25,2.2,2.55,382.85,2.25,302400,16000,383,132456720.0,193,F1,800,,,,,
2026-02-18,2026-02-18,FO,NSE,STO,170612,,TMPV,,2026-03-30,2026-03-30,425.0,CE,TMPV26MAR425CE,2.9,2.9,2.5,2.7,2.75,3.15,382.85,2.7,30400,16000,39,13343520.0,31,F1,800,,,,,
2026-02-18,2026-02-18,FO,NSE,STO,144551,,TMPV,,2026-02-24,2026-02-24,320.0,CE,TMPV26FEB320CE,62.7,64.0,62.7,64.0,64.0,63.5,382.85,64.0,192000,-4000,5,1534960.0,5,F1,800,,,,,
2026-02-18,2026-02-18,FO,NSE,STO,163220,,TMPV,,2026-02-24,2026-02-24,315.0,CE,TMPV26FEB315CE,0.0,0.0,0.0,64.4,64.4,64.4,382.85,68.15,128800,0,0,0.0,0,F1,800,,,,,
2026-02-18,2026-02-18,FO,NSE,STO,163227,,TMPV,,2026-02-24,2026-02-24,335.0,PE,TMPV26FEB335PE,0.2,0.2,0.1,0.15,0.15,0.25,382.85,0.15,654400,-11200,327,87672800.0,57,F1,800,,,,,
2026-02-18,2026-02-18,FO,NSE,STO,163247,,TMPV,,2026-02-24,2026-02-24,405.0,PE,TMPV26FEB405PE,21.55,24.8,21.0,21.45,21.0,27.8,382.85,21.45,24000,800,38,12997080.0,38,F1,800,,,,,
2026-02-18,2026-02-18,FO,NSE,STO,144578,,TMPV,,2026-02-24,2026-02-24,420.0,PE,TMPV26FEB420PE,39.6,39.6,37.0,37.0,37.0,36.65,382.85,36.8,96800,-2400,6,2199960.0,6,F1,800,,,,,
2026-02-18,2026-02-18,FO,NSE,STO,163253,,TMPV,,2026-02-24,2026-02-24,425.0,PE,TMPV26FEB425PE,0.0,0.0,0.0,62.45,0.0,62.45,382.85,41.75,0,0,0,0.0,0,F1,800,,,,,
2026-02-18,2026-02-18,FO,NSE,STO,144549,,TMPV,,2026-02-24,2026-02-24,300.0,CE,TMPV26FEB300CE,83.55,84.2,80.0,83.95,84.2,83.3,382.85,83.95,197600,-800,23,7045600.0,20,F1,800,,,,,
2026-02-18,2026-02-18,FO,NSE,STO,163224,,TMPV,,2026-02-24,2026-02-24,330.0,CE,TMPV26FEB330CE,0.0,0.0,0.0,53.45,53.5,53.45,382.85,53.15,284000,0,0,0.0,0,F1,800,,,,,
2026-02-18,2026-02-18,FO,NSE,STO,163234,,TMPV,,2026-02-24,2026-02-24,365.0,CE,TMPV26FEB365CE,19.0,21.65,16.05,19.35,20.15,19.65,382.85,19.35,420000,-5600,108,33173360.0,89,F1,800,,,,,
2026-02-18,2026-02-18,FO,NSE,STO,163305,,TMPV,,2026-03-30,2026-03-30,380.0,PE,TMPV26MAR380PE,11.5,12.4,10.05,10.4,10.25,11.2,382.85,10.4,654400,110400,532,166432800.0,407,F1,800,,,,,
2026-02-18,2026-02-18,FO,NSE,STO,163317,,TMPV,,2026-03-30,2026-03-30,440.0,PE,TMPV26MAR440PE,55.0,57.5,54.0,55.25,55.25,56.8,382.85,55.75,118400,25600,34,13474720.0,18,F1,800,,,,,
2026-02-18,2026-02-18,FO,NSE,STO,144579,,TMPV,,2026-02-24,2026-02-24,440.0,CE,TMPV26FEB440CE,0.1,0.15,0.05,0.1,0.05,0.1,382.85,0.1,2785600,-152000,523,184131360.0,76,F1,800,,,,,
2026-02-18,2026-02-18,FO,NSE,STO,170650,,TMPV,,2026-04-28,2026-04-28,340.0,CE,TMPV26APR340CE,0.0,0.0,0.0,25.05,0.0,25.05,382.85,49.5,0,0,0,0.0,0,F1,800,,,,,
2026-02-18,2026-02-18,FO,NSE,STO,163213,,TMPV,,2026-02-24,2026-02-24,290.0,PE,TMPV26FEB290PE,0.0,0.0,0.0,0.05,0.05,0.05,382.85,0.05,1656800,0,0,0.0,0,F1,800,,,,,
2026-02-18,2026-02-18,FO,NSE,STO,163219,,TMPV,,2026-02-24,2026-02-24,310.0,PE,TMPV26FEB310PE,0.05,0.1,0.05,0.05,0.05,0.1,382.85,0.05,236800,-199200,551,136670120.0,45,F1,800,,,,,
2026-02-18,2026-02-18,FO,NSE,STO,170664,,TMPV,,2026-04-28,2026-04-28,410.0,CE,TMPV26APR410CE,0.0,0.0,0.0,4.7,0.0,4.7,382.85,9.7,0,0,0,0.0,0,F1,800,,,,,
2026-02-18,2026-02-18,FO,NSE,STO,170666,,TMPV,,2026-04-28,2026-04-28,420.0,CE,TMPV26APR420CE,0.0,0.0,0.0,3.55,0.0,3.55,382.85,7.1,0,0,0,0.0,0,F1,800,,,,,
2026-02-18,2026-02-18,FO,NSE,STO,170639,,TMPV,,2026-04-28,2026-04-28,280.0,PE,TMPV26APR280PE,0.0,0.0,0.0,2.35,0.0,2.35,382.85,0.05,0,0,0,0.0,0,F1,800,,,,,
2026-02-18,2026-02-18,FO,NSE,STO,163243,,TMPV,,2026-02-24,2026-02-24,390.0,PE,TMPV26FEB390PE,9.8,11.5,7.5,8.3,7.85,9.2,382.85,8.3,454400,-23200,826,263901560.0,762,F1,800,,,,,
2026-02-18,2026-02-18,FO,NSE,STO,170591,,TMPV,,2026-03-30,2026-03-30,315.0,PE,TMPV26MAR315PE,0.0,0.0,0.0,0.85,0.85,0.85,382.85,0.15,77600,0,0,0.0,0,F1,800,,,,,
2026-02-18,2026-02-18,FO,NSE,STO,170593,,TMPV,,2026-03-30,2026-03-30,325.0,PE,TMPV26MAR325PE,1.1,1.15,1.05,1.05,1.05,1.4,382.85,1.05,98400,4800,38,9913920.0,12,F1,800,,,,,
2026-02-18,2026-02-18,FO,NSE,STO,170661,,TMPV,,2026-04-28,2026-04-28,390.0,PE,TMPV26APR390PE,0.0,0.0,0.0,51.5,0.0,51.5,382.85,20.1,0,0,0,0.0,0,F1,800,,,,,
2026-02-18,2026-02-18,FO,NSE,STO,163297,,TMPV,,2026-03-30,2026-03-30,340.0,PE,TMPV26MAR340PE,1.9,2.2,1.8,1.85,1.8,2.05,382.85,1.85,271200,11200,99,27084320.0,84,F1,800,,,,,
2026-02-18,2026-02-18,FO,NSE,STO,163221,,TMPV,,2026-02-24,2026-02-24,315.0,PE,TMPV26FEB315PE,0.05,0.1,0.05,0.05,0.05,0.05,382.85,0.05,316800,-8800,60,15122560.0,11,F1,800,,,,,
2026-02-18,2026-02-18,FO,NSE,STO,163231,,TMPV,,2026-02-24,2026-02-24,350.0,PE,TMPV26FEB350PE,0.45,0.45,0.25,0.3,0.3,0.45,382.85,0.3,1939200,-246400,1472,412555200.0,441,F1,800,,,,,
2026-02-18,2026-02-18,FO,NSE,STO,163237,,TMPV,,2026-02-24,2026-02-24,370.0,PE,TMPV26FEB370PE,1.55,1.7,0.95,1.0,0.95,1.55,382.85,1.0,2248800,-13600,4122,1224350480.0,1384,F1,800,,,,,
2026-02-18,2026-02-18,FO,NSE,STO,144555,,TMPV,,2026-02-24,2026-02-24,360.0,CE,TMPV26FEB360CE,23.5,26.2,20.55,24.05,24.6,24.35,382.85,24.05,755200,-104000,242,74113600.0,171,F1,800,,,,,
2026-02-18,2026-02-18,FO,NSE,STO,163240,,TMPV,,2026-02-24,2026-02-24,385.0,CE,TMPV26FEB385CE,4.85,5.6,2.8,4.05,4.2,4.85,382.85,4.05,2120000,144000,8338,2593972920.0,4655,F1,800,,,,,
2026-02-18,2026-02-18,FO,NSE,STO,163288,,TMPV,,2026-03-30,2026-03-30,300.0,CE,TMPV26MAR300CE,0.0,0.0,0.0,85.4,85.4,85.4,382.85,84.7,13600,0,0,0.0,0,F1,800,,,,,
2026-02-18,2026-02-18,FO,NSE,STO,163300,,TMPV,,2026-03-30,2026-03-30,360.0,CE,TMPV26MAR360CE,29.25,30.1,27.65,29.4,29.4,30.1,382.85,29.6,228800,8800,45,13979840.0,31,F1,800,,,,,
2026-02-18,2026-02-18,FO,NSE,STO,170600,,TMPV,,2026-03-30,2026-03-30,365.0,CE,TMPV26MAR365CE,26.25,26.75,26.0,26.75,26.75,25.65,382.85,26.75,12800,7200,13,4069600.0,6,F1,800,,,,,
2026-02-18,2026-02-18,FO,NSE,STO,163307,,TMPV,,2026-03-30,2026-03-30,390.0,PE,TMPV26MAR390PE,15.25,17.95,15.2,15.65,15.6,16.1,382.85,15.65,204800,64000,148,48125960.0,145,F1,800,,,,,
2026-02-18,2026-02-18,FO,NSE,STO,163295,,TMPV,,2026-03-30,2026-03-30,330.0,PE,TMPV26MAR330PE,1.3,1.4,1.2,1.25,1.25,1.35,382.85,1.25,116800,4800,55,14576720.0,43,F1,800,,,,,
2026-02-18,2026-02-18,FO,NSE,STO,170602,,TMPV,,2026-03-30,2026-03-30,375.0,CE,TMPV26MAR375CE,17.7,19.55,17.65,19.55,19.55,19.6,382.85,19.55,26400,4000,12,3779960.0,12,F1,800,,,,,
2026-02-18,2026-02-18,FO,NSE,STO,163292,,TMPV,,2026-03-30,2026-03-30,320.0,CE,TMPV26MAR320CE,0.0,0.0,0.0,61.1,61.1,61.1,382.85,65.05,4000,0,0,0.0,0,F1,800,,,,,
2026-02-18,2026-02-18,FO,NSE,STO,163248,,TMPV,,2026-02-24,2026-02-24,410.0,CE,TMPV26FEB410CE,0.35,0.4,0.2,0.25,0.3,0.4,382.85,0.25,1833600,-278400,1882,617751440.0,417,F1,800,,,,,
2026-02-18,2026-02-18,FO,NSE,STO,163212,,TMPV,,2026-02-24,2026-02-24,290.0,CE,TMPV26FEB290CE,95.3,95.3,95.3,95.3,95.3,94.0,382.85,93.1,9600,-800,1,308240.0,1,F1,800,,,,,
2026-02-18,2026-02-18,FO,NSE,STO,170671,,TMPV,,2026-04-28,2026-04-28,440.0,PE,TMPV26APR440PE,0.0,0.0,0.0,94.7,0.0,94.7,382.85,56.2,0,0,0,0.0,0,F1,800,,,,,
2026-02-18,2026-02-18,FO,NSE,STO,170613,,TMPV,,2026-03-30,2026-03-30,425.0,PE,TMPV26MAR425PE,41.95,41.95,41.95,41.95,41.95,44.0,382.85,42.3,1600,0,1,373560.0,1,F1,800,,,,,
2026-02-18,2026-02-18,FO,NSE,STO,163313,,TMPV,,2026-03-30,2026-03-30,420.0,PE,TMPV26MAR420PE,37.8,37.8,37.65,37.65,37.65,37.65,382.85,38.05,15200,800,2,732360.0,2,F1,800,,,,,
2026-02-18,2026-02-18,FO,NSE,STO,170601,,TMPV,,2026-03-30,2026-03-30,365.0,PE,TMPV26MAR365PE,6.15,6.6,5.35,5.4,5.35,5.95,382.85,5.4,106400,0,13,3859160.0,13,F1,800,,,,,
2026-02-18,2026-02-18,FO,NSE,STO,163233,,TMPV,,2026-02-24,2026-02-24,355.0,PE,TMPV26FEB355PE,0.5,0.55,0.35,0.4,0.4,0.55,382.85,0.4,875200,-40000,916,260463160.0,344,F1,800,,,,,
2026-02-18,2026-02-18,FO,NSE,STO,163229,,TMPV,,2026-02-24,2026-02-24,345.0,PE,TMPV26FEB345PE,0.35,0.35,0.2,0.25,0.2,0.4,382.85,0.25,1006400,92000,242,66840600.0,88,F1,800,,,,,
2026-02-18,2026-02-18,FO,NSE,STO,144552,,TMPV,,2026-02-24,2026-02-24,320.0,PE,TMPV26FEB320PE,0.1,0.1,0.05,0.05,0.05,0.15,382.85,0.05,1103200,-135200,522,133662320.0,77,F1,800,,,,,
2026-02-18,2026-02-18,FO,NSE,STO,170658,,TMPV,,2026-04-28,2026-04-28,380.0,CE,TMPV26APR380CE,0.0,0.0,0.0,13.0,13.0,13.0,382.85,21.85,2400,0,0,0.0,0,F1,800,,,,,
2026-02-18,2026-02-18,FO,NSE,STO,170638,,TMPV,,2026-04-28,2026-04-28,280.0,CE,TMPV26APR280CE,0.0,0.0,0.0,67.2,0.0,67.2,382.85,105.8,0,0,0,0.0,0,F1,800,,,,,
2026-02-18,2026-02-18,FO,NSE,STO,144577,,TMPV,,2026-02-24,2026-02-24,420.0,CE,TMPV26FEB420CE,0.25,0.25,0.15,0.15,0.15,0.25,382.85,0.15,1508000,-63200,588,197660640.0,150,F1,800,,,,,
2026-02-18,2026-02-18,FO,NSE,STO,170659,,TMPV,,2026-04-28,2026-04-28,380.0,PE,TMPV26APR380PE,0.0,0.0,0.0,43.9,0.0,43.9,382.85,15.05,0,0,0,0.0,0,F1,800,,,,,
2026-02-18,2026-02-18,FO,NSE,STO,163309,,TMPV,,2026-03-30,2026-03-30,400.0,PE,TMPV26MAR400PE,23.0,24.5,20.85,21.65,21.1,22.25,382.85,21.65,386400,16800,152,51348800.0,130,F1,800,,,,,
2026-02-18,2026-02-18,FO,NSE,STO,170599,,TMPV,,2026-03-30,2026-03-30,355.0,PE,TMPV26MAR355PE,3.7,4.25,3.35,3.5,3.35,3.85,382.85,3.5,80800,36000,74,21243240.0,65,F1,800,,,,,
2026-02-18,2026-02-18,FO,NSE,STO,170597,,TMPV,,2026-03-30,2026-03-30,345.0,PE,TMPV26MAR345PE,2.6,2.75,2.2,2.25,2.2,2.5,382.85,2.25,100000,16000,79,21957320.0,64,F1,800,,,,,
2026-02-18,2026-02-18,FO,NSE,STO,163291,,TMPV,,2026-03-30,2026-03-30,310.0,PE,TMPV26MAR310PE,0.0,0.0,0.0,0.75,0.75,0.75,382.85,0.1,52000,0,0,0.0,0,F1,800,,,,,
2026-02-18,2026-02-18,FO,NSE,STO,163218,,TMPV,,2026-02-24,2026-02-24,310.0,CE,TMPV26FEB310CE,0.0,0.0,0.0,73.5,73.5,73.5,382.85,73.15,185600,0,0,0.0,0,F1,800,,,,,
2026-02-18,2026-02-18,FO,NSE,STO,163216,,TMPV,,2026-02-24,2026-02-24,305.0,CE,TMPV26FEB305CE,0.0,0.0,0.0,70.05,70.05,70.05,382.85,78.15,4800,0,0,0.0,0,F1,800,,,,,
2026-02-18,2026-02-18,FO,NSE,STO,144582,,TMPV,,2026-02-24,2026-02-24,440.0,PE,TMPV26FEB440PE,55.0,58.45,55.0,55.85,55.5,56.4,382.85,55.85,1084800,-17600,31,12307920.0,17,F1,800,,,,,
2026-02-18,2026-02-18,FO,NSE,STO,163245,,TMPV,,2026-02-24,2026-02-24,395.0,PE,TMPV26FEB395PE,12.6,15.7,11.75,12.15,12.0,13.1,382.85,12.15,150400,20000,202,66005200.0,200,F1,800,,,,,
2026-02-18,2026-02-18,FO,NSE,STO,163241,,TMPV,,2026-02-24,2026-02-24,385.0,PE,TMPV26FEB385PE,6.3,7.75,4.75,5.15,4.85,6.2,382.85,5.15,631200,-5600,1661,519666680.0,1421,F1,800,,,,,
2026-02-18,2026-02-18,FO,NSE,STO,163293,,TMPV,,2026-03-30,2026-03-30,320.0,PE,TMPV26MAR320PE,0.85,1.0,0.85,0.9,0.9,0.9,382.85,0.9,119200,1600,62,15919360.0,27,F1,800,,,,,
2026-02-18,2026-02-18,FO,NSE,STO,170606,,TMPV,,2026-03-30,2026-03-30,395.0,CE,TMPV26MAR395CE,10.35,10.6,8.4,9.5,9.65,10.2,382.85,9.5,36000,7200,41,13252760.0,30,F1,800,,,,,
2026-02-18,2026-02-18,FO,NSE,STO,163250,,TMPV,,2026-02-24,2026-02-24,415.0,CE,TMPV26FEB415CE,0.3,0.3,0.15,0.15,0.15,0.3,382.85,0.15,619200,-4800,146,48497600.0,52,F1,800,,,,,
2026-02-18,2026-02-18,FO,NSE,STF,67029,,TMPV,,2026-04-28,2026-04-28,,,TMPV26APRFUT,387.6,389.5,384.0,387.8,388.3,387.25,382.85,387.8,989600,100800,252,77908920.0,244,F1,800,,,,,
2026-02-18,2026-02-18,FO,NSE,STO,163239,,TMPV,,2026-02-24,2026-02-24,375.0,PE,TMPV26FEB375PE,2.4,2.9,1.55,1.65,1.6,2.45,382.85,1.65,1550400,-144000,4386,1323798080.0,1603,F1,800,,,,,
2026-02-18,2026-02-18,FO,NSE,STO,163316,,TMPV,,2026-03-30,2026-03-30,440.0,CE,TMPV26MAR440CE,1.8,1.9,1.4,1.4,1.45,1.8,382.85,1.4,371200,52800,248,87605920.0,172,F1,800,,,,,
2026-02-18,2026-02-18,FO,NSE,STO,170651,,TMPV,,2026-04-28,2026-04-28,340.0,PE,TMPV26APR340PE,0.0,0.0,0.0,19.3,0.0,19.3,382.85,3.15,0,0,0,0.0,0,F1,800,,,,,
2026-02-18,2026-02-18,FO,NSE,STO,170645,,TMPV,,2026-04-28,2026-04-28,310.0,PE,TMPV26APR310PE,0.0,0.0,0.0,8.0,0.0,8.0,382.85,0.55,0,0,0,0.0,0,F1,800,,,,,
2026-02-18,2026-02-18,FO,NSE,STO,170603,,TMPV,,2026-03-30,2026-03-30,375.0,PE,TMPV26MAR375PE,9.0,10.2,8.2,8.45,8.2,8.95,382.85,8.45,89600,800,89,27334360.0,54,F1,800,,,,,
2026-02-18,2026-02-18,FO,NSE,STO,170668,,TMPV,,2026-04-28,2026-04-28,430.0,CE,TMPV26APR430CE,0.0,0.0,0.0,2.7,0.0,2.7,382.85,5.1,0,0,0,0.0,0,F1,800,,,,,
2026-02-18,2026-02-18,FO,NSE,STO,170646,,TMPV,,2026-04-28,2026-04-28,320.0,CE,TMPV26APR320CE,0.0,0.0,0.0,36.5,0.0,36.5,382.85,67.2,0,0,0,0.0,0,F1,800,,,,,
2026-02-18,2026-02-18,FO,NSE,STO,170614,,TMPV,,2026-03-30,2026-03-30,435.0,CE,TMPV26MAR435CE,1.75,1.8,1.7,1.8,1.8,2.2,382.85,1.8,24800,20800,30,10480960.0,29,F1,800,,,,,
2026-02-18,2026-02-18,FO,NSE,STO,163312,,TMPV,,2026-03-30,2026-03-30,420.0,CE,TMPV26MAR420CE,3.85,4.0,3.0,3.4,3.5,3.8,382.85,3.4,551200,56800,347,117525680.0,231,F1,800,,,,,
2026-02-18,2026-02-18,FO,NSE,STO,163304,,TMPV,,2026-03-30,2026-03-30,380.0,CE,TMPV26MAR380CE,16.9,17.85,14.6,16.35,16.65,17.05,382.85,16.35,797600,109600,512,162239960.0,393,F1,800,,,,,
2026-02-18,2026-02-18,FO,NSE,STO,163298,,TMPV,,2026-03-30,2026-03-30,350.0,CE,TMPV26MAR350CE,38.6,40.0,35.5,38.95,38.95,37.1,382.85,38.95,144000,4000,14,4335920.0,9,F1,800,,,,,
2026-02-18,2026-02-18,FO,NSE,STO,170596,,TMPV,,2026-03-30,2026-03-30,345.0,CE,TMPV26MAR345CE,0.0,0.0,0.0,18.0,0.0,18.0,382.85,41.8,0,0,0,0.0,0,F1,800,,,,,
2026-02-18,2026-02-18,FO,NSE,STO,170594,,TMPV,,2026-03-30,2026-03-30,335.0,CE,TMPV26MAR335CE,0.0,0.0,0.0,23.0,0.0,23.0,382.85,50.8,0,0,0,0.0,0,F1,800,,,,,
2026-02-18,2026-02-18,FO,NSE,STO,163238,,TMPV,,2026-02-24,2026-02-24,375.0,CE,TMPV26FEB375CE,10.7,12.45,7.9,10.5,11.0,11.15,382.85,10.5,864800,-91200,1210,372389560.0,1041,F1,800,,,,,
2026-02-18,2026-02-18,FO,NSE,STO,163236,,TMPV,,2026-02-24,2026-02-24,370.0,CE,TMPV26FEB370CE,14.15,16.75,11.7,14.9,15.3,15.1,382.85,14.9,1092000,-67200,632,193989760.0,536,F1,800,,,,,
2026-02-18,2026-02-18,FO,NSE,STO,170667,,TMPV,,2026-04-28,2026-04-28,420.0,PE,TMPV26APR420PE,0.0,0.0,0.0,76.6,0.0,76.6,382.85,39.9,0,0,0,0.0,0,F1,800,,,,,
2026-02-18,2026-02-18,FO,NSE,STO,170665,,TMPV,,2026-04-28,2026-04-28,410.0,PE,TMPV26APR410PE,0.0,0.0,0.0,67.9,0.0,67.9,382.85,32.6,0,0,0,0.0,0,F1,800,,,,,
2026-02-18,2026-02-18,FO,NSE,STO,163315,,TMPV,,2026-03-30,2026-03-30,430.0,PE,TMPV26MAR430PE,45.0,47.65,45.0,45.8,45.8,48.35,382.85,45.8,36800,4800,8,3050480.0,8,F1,800,,,,,
2026-02-18,2026-02-18,FO,NSE,STO,170615,,TMPV,,2026-03-30,2026-03-30,435.0,PE,TMPV26MAR435PE,0.0,0.0,0.0,65.4,65.4,65.4,382.85,51.15,800,0,0,0.0,0,F1,800,,,,,
2026-02-18,2026-02-18,FO,NSE,STO,170611,,TMPV,,2026-03-30,2026-03-30,415.0,PE,TMPV26MAR415PE,0.0,0.0,0.0,72.05,0.0,72.05,382.85,33.95,0,0,0,0.0,0,F1,800,,,,,
2026-02-18,2026-02-18,FO,NSE,STF,52058,,TMPV,,2026-03-30,2026-03-30,,,TMPV26MARFUT,385.65,387.7,381.8,385.7,386.2,385.6,382.85,385.7,13719200,4572000,8912,2740000920.0,7288,F1,800,,,,,
2026-02-18,2026-02-18,FO,NSE,STO,163222,,TMPV,,2026-02-24,2026-02-24,325.0,CE,TMPV26FEB325CE,0.0,0.0,0.0,53.0,53.0,53.0,382.85,58.15,151200,0,0,0.0,0,F1,800,,,,,
2026-02-18,2026-02-18,FO,NSE,STO,163290,,TMPV,,2026-03-30,2026-03-30,310.0,CE,TMPV26MAR310CE,0.0,0.0,0.0,60.8,0.0,60.8,382.85,74.8,0,0,0,0.0,0,F1,800,,,,,
2026-02-18,2026-02-18,FO,NSE,STO,163294,,TMPV,,2026-03-30,2026-03-30,330.0,CE,TMPV26MAR330CE,0.0,0.0,0.0,56.9,56.9,56.9,382.85,55.45,8800,0,0,0.0,0,F1,800,,,,,
2026-02-18,2026-02-18,FO,NSE,STO,170604,,TMPV,,2026-03-30,2026-03-30,385.0,CE,TMPV26MAR385CE,14.05,15.35,12.3,14.0,14.0,14.45,382.85,14.0,159200,10400,258,82335280.0,192,F1,800,,,,,
2026-02-18,2026-02-18,FO,NSE,STO,170656,,TMPV,,2026-04-28,2026-04-28,370.0,CE,TMPV26APR370CE,0.0,0.0,0.0,13.05,0.0,13.05,382.85,27.55,0,0,0,0.0,0,F1,800,,,,,
2026-02-18,2026-02-18,FO,NSE,STO,163225,,TMPV,,2026-02-24,2026-02-24,330.0,PE,TMPV26FEB330PE,0.2,0.2,0.1,0.15,0.1,0.2,382.85,0.15,1045600,-128000,568,150013040.0,88,F1,800,,,,,
2026-02-18,2026-02-18,FO,NSE,STO,170595,,TMPV,,2026-03-30,2026-03-30,335.0,PE,TMPV26MAR335PE,1.6,1.75,1.5,1.55,1.55,1.7,382.85,1.55,77600,-9600,30,8078280.0,19,F1,800,,,,,
2026-02-18,2026-02-18,FO,NSE,STO,144810,,TMPV,,2026-02-24,2026-02-24,480.0,PE,TMPV26FEB480PE,94.5,98.0,94.5,95.85,95.85,96.7,382.85,95.85,899200,-5600,12,5539440.0,12,F1,800,,,,,
2026-02-18,2026-02-18,FO,NSE,STO,144576,,TMPV,,2026-02-24,2026-02-24,400.0,PE,TMPV26FEB400PE,18.75,20.4,15.35,16.7,16.25,17.25,382.85,16.7,363200,-22400,267,89318960.0,223,F1,800,,,,,
2026-02-18,2026-02-18,FO,NSE,STO,163235,,TMPV,,2026-02-24,2026-02-24,365.0,PE,TMPV26FEB365PE,1.0,1.0,0.6,0.65,0.6,1.0,382.85,0.65,1308000,-218400,1523,445652440.0,513,F1,800,,,,,
2026-02-18,2026-02-18,FO,NSE,STO,170655,,TMPV,,2026-04-28,2026-04-28,360.0,PE,TMPV26APR360PE,0.0,0.0,0.0,30.35,0.0,30.35,382.85,7.55,0,0,0,0.0,0,F1,800,,,,,
2026-02-18,2026-02-18,FO,NSE,STO,170649,,TMPV,,2026-04-28,2026-04-28,330.0,PE,TMPV26APR330PE,0.0,0.0,0.0,14.8,0.0,14.8,382.85,1.85,0,0,0,0.0,0,F1,800,,,,,
2026-02-18,2026-02-18,FO,NSE,STO,170653,,TMPV,,2026-04-28,2026-04-28,350.0,PE,TMPV26APR350PE,0.0,0.0,0.0,24.5,0.0,24.5,382.85,5.0,0,0,0,0.0,0,F1,800,,,,,
2026-02-18,2026-02-18,FO,NSE,STO,170657,,TMPV,,2026-04-28,2026-04-28,370.0,PE,TMPV26APR370PE,0.0,0.0,0.0,36.85,0.0,36.85,382.85,10.9,0,0,0,0.0,0,F1,800,,,,,
2026-02-18,2026-02-18,FO,NSE,STF,59493,,TMPV,,2026-02-24,2026-02-24,,,TMPV26FEBFUT,382.9,385.8,379.85,383.9,384.5,383.85,382.85,383.9,73892000,-2014400,12575,3848520400.0,10236,F1,800,,,,,
2026-02-18,2026-02-18,FO,NSE,STO,163246,,TMPV,,2026-02-24,2026-02-24,405.0,CE,TMPV26FEB405CE,0.5,0.6,0.3,0.4,0.4,0.6,382.85,0.4,1063200,-52800,1007,326595320.0,317,F1,800,,,,,
2026-02-18,2026-02-18,FO,NSE,STO,170590,,TMPV,,2026-03-30,2026-03-30,315.0,CE,TMPV26MAR315CE,0.0,0.0,0.0,35.65,0.0,35.65,382.85,69.9,0,0,0,0.0,0,F1,800,,,,,
2026-02-18,2026-02-18,FO,NSE,STO,163296,,TMPV,,2026-03-30,2026-03-30,340.0,CE,TMPV26MAR340CE,48.5,48.5,44.35,46.4,46.4,42.8,382.85,46.2,31200,8000,16,4942880.0,13,F1,800,,,,,
2026-02-18,2026-02-18,FO,NSE,STO,163254,,TMPV,,2026-02-24,2026-02-24,430.0,CE,TMPV26FEB430CE,0.15,0.2,0.1,0.1,0.1,0.2,382.85,0.1,681600,-36800,168,57811000.0,28,F1,800,,,,,
2026-02-18,2026-02-18,FO,NSE,STO,170588,,TMPV,,2026-03-30,2026-03-30,305.0,CE,TMPV26MAR305CE,0.0,0.0,0.0,43.15,0.0,43.15,382.85,79.75,0,0,0,0.0,0,F1,800,,,,,
2026-02-18,2026-02-18,FO,NSE,STO,170648,,TMPV,,2026-04-28,2026-04-28,330.0,CE,TMPV26APR330CE,0.0,0.0,0.0,30.45,0.0,30.45,382.85,58.15,0,0,0,0.0,0,F1,800,,,,,
2026-02-18,2026-02-18,FO,NSE,STO,170652,,TMPV,,2026-04-28,2026-04-28,350.0,CE,TMPV26APR350CE,0.0,0.0,0.0,20.4,0.0,20.4,382.85,41.5,0,0,0,0.0,0,F1,800,,,,,
2026-02-18,2026-02-18,FO,NSE,STO,170660,,TMPV,,2026-04-28,2026-04-28,390.0,CE,TMPV26APR390CE,0.0,0.0,0.0,8.0,0.0,8.0,382.85,17.0,0,0,0,0.0,0,F1,800,,,,,
2026-02-18,2026-02-18,FO,NSE,STO,170670,,TMPV,,2026-04-28,2026-04-28,440.0,CE,TMPV26APR440CE,0.0,0.0,0.0,2.0,0.0,2.0,382.85,3.6,0,0,0,0.0,0,F1,800,,,,,
2026-02-18,2026-02-18,FO,NSE,STO,163217,,TMPV,,2026-02-24,2026-02-24,305.0,PE,TMPV26FEB305PE,0.05,0.05,0.05,0.05,0.05,0.05,382.85,0.05,265600,-147200,228,55641120.0,31,F1,800,,,,,
2026-02-18,2026-02-18,FO,NSE,STO,144554,,TMPV,,2026-02-24,2026-02-24,340.0,PE,TMPV26FEB340PE,0.3,0.3,0.15,0.2,0.2,0.3,382.85,0.2,1285600,-159200,460,125197400.0,88,F1,800,,,,,
2026-02-18,2026-02-18,FO,NSE,STO,144556,,TMPV,,2026-02-24,2026-02-24,360.0,PE,TMPV26FEB360PE,0.75,0.75,0.45,0.5,0.45,0.75,382.85,0.5,1985600,-377600,1871,539677600.0,718,F1,800,,,,,
2026-02-18,2026-02-18,FO,NSE,STO,170609,,TMPV,,2026-03-30,2026-03-30,405.0,PE,TMPV26MAR405PE,0.0,0.0,0.0,63.0,0.0,63.0,382.85,26.35,0,0,0,0.0,0,F1,800,,,,,
2026-02-18,2026-02-18,FO,NSE,STO,170607,,TMPV,,2026-03-30,2026-03-30,395.0,PE,TMPV26MAR395PE,18.75,20.25,18.5,18.5,18.5,19.85,382.85,18.5,1600,0,3,994000.0,3,F1,800,,,,,
2026-02-18,2026-02-18,FO,NSE,STO,170605,,TMPV,,2026-03-30,2026-03-30,385.0,PE,TMPV26MAR385PE,13.3,14.7,12.1,12.8,12.65,13.4,382.85,12.8,84800,32000,96,30596040.0,86,F1,800,,,,,
2026-02-18,2026-02-18,FO,NSE,STO,163287,,TMPV,,2026-03-30,2026-03-30,290.0,PE,TMPV26MAR290PE,0.0,0.0,0.0,0.55,0.55,0.55,382.85,0.05,1600,0,0,0.0,0,F1,800,,,,,
2026-02-18,2026-02-18,FO,NSE,STO,163249,,TMPV,,2026-02-24,2026-02-24,410.0,PE,TMPV26FEB410PE,26.45,29.9,25.9,26.1,25.9,26.45,382.85,26.1,55200,-2400,38,13303320.0,38,F1,800,,,,,
2026-02-18,2026-02-18,FO,NSE,STO,170662,,TMPV,,2026-04-28,2026-04-28,400.0,CE,TMPV26APR400CE,0.0,0.0,0.0,6.2,0.0,6.2,382.85,12.95,0,0,0,0.0,0,F1,800,,,,,
2026-02-18,2026-02-18,FO,NSE,STO,170654,,TMPV,,2026-04-28,2026-04-28,360.0,CE,TMPV26APR360CE,0.0,0.0,0.0,18.0,18.0,18.0,382.85,34.15,800,0,0,0.0,0,F1,800,,,,,
2026-02-18,2026-02-18,FO,NSE,STO,170642,,TMPV,,2026-04-28,2026-04-28,300.0,CE,TMPV26APR300CE,0.0,0.0,0.0,50.7,0.0,50.7,382.85,86.2,0,0,0,0.0,0,F1,800,,,,,
2026-02-18,2026-02-18,FO,NSE,STO,170610,,TMPV,,2026-03-30,2026-03-30,415.0,CE,TMPV26MAR415CE,4.65,4.65,3.7,4.0,4.0,4.65,382.85,4.0,59200,27200,50,16759400.0,38,F1,800,,,,,
2026-02-18,2026-02-18,FO,NSE,STO,163310,,TMPV,,2026-03-30,2026-03-30,410.0,CE,TMPV26MAR410CE,5.65,5.95,4.55,4.95,5.25,5.65,382.85,4.95,375200,159200,339,112541840.0,218,F1,800,,,,,
2026-02-18,2026-02-18,FO,NSE,STO,163308,,TMPV,,2026-03-30,2026-03-30,400.0,CE,TMPV26MAR400CE,8.5,9.0,6.85,7.8,7.85,8.35,382.85,7.8,1409600,326400,1124,366626360.0,896,F1,800,,,,,
2026-02-18,2026-02-18,FO,NSE,STO,163306,,TMPV,,2026-03-30,2026-03-30,390.0,CE,TMPV26MAR390CE,11.5,12.6,10.05,11.55,11.65,11.95,382.85,11.55,461600,112000,445,142802960.0,403,F1,800,,,,,
2026-02-18,2026-02-18,FO,NSE,STO,163302,,TMPV,,2026-03-30,2026-03-30,370.0,CE,TMPV26MAR370CE,23.8,24.1,20.35,22.85,23.2,23.15,382.85,22.85,210400,8800,127,39924720.0,71,F1,800,,,,,
2026-02-18,2026-02-18,FO,NSE,STO,163244,,TMPV,,2026-02-24,2026-02-24,395.0,CE,TMPV26FEB395CE,1.65,1.85,0.85,1.2,1.3,1.7,382.85,1.2,1638400,158400,3512,1113065320.0,1056,F1,800,,,,,
2026-02-18,2026-02-18,FO,NSE,STO,144553,,TMPV,,2026-02-24,2026-02-24,340.0,CE,TMPV26FEB340CE,44.7,44.8,40.5,43.5,43.5,43.85,382.85,43.5,580000,-20800,36,11006600.0,15,F1,800,,,,,
2026-02-18,2026-02-18,FO,NSE,STO,163226,,TMPV,,2026-02-24,2026-02-24,335.0,CE,TMPV26FEB335CE,0.0,0.0,0.0,43.7,43.65,43.7,382.85,48.15,265600,0,0,0.0,0,F1,800,,,,,
2026-02-18,2026-02-18,FO,NSE,STO,170669,,TMPV,,2026-04-28,2026-04-28,430.0,PE,TMPV26APR430PE,0.0,0.0,0.0,85.55,0.0,85.55,382.85,47.8,0,0,0,0.0,0,F1,800,,,,,
2026-02-18,2026-02-18,FO,NSE,STO,144558,,TMPV,,2026-02-24,2026-02-24,380.0,PE,TMPV26FEB380PE,4.05,4.9,2.7,2.95,2.75,3.95,382.85,2.95,1620800,-139200,6642,2039057320.0,3893,F1,800,,,,,
2026-02-18,2026-02-18,FO,NSE,STO,163252,,TMPV,,2026-02-24,2026-02-24,425.0,CE,TMPV26FEB425CE,0.2,0.2,0.1,0.15,0.15,0.2,382.85,0.05,344000,-16800,33,11224200.0,11,F1,800,,,,,
2026-02-18,2026-02-18,FO,NSE,STO,144550,,TMPV,,2026-02-24,2026-02-24,300.0,PE,TMPV26FEB300PE,0.05,0.1,0.05,0.05,0.05,0.05,382.85,0.05,1502400,-245600,521,125061000.0,68,F1,800,,,,,
2026-02-18,2026-02-18,FO,NSE,STO,163230,,TMPV,,2026-02-24,2026-02-24,350.0,CE,TMPV26FEB350CE,33.6,35.15,30.5,33.85,34.45,33.95,382.85,33.85,900800,-19200,40,12248960.0,39,F1,800,,,,,
2026-02-18,2026-02-18,FO,NSE,STO,170663,,TMPV,,2026-04-28,2026-04-28,400.0,PE,TMPV26APR400PE,0.0,0.0,0.0,59.5,0.0,59.5,382.85,25.95,0,0,0,0.0,0,F1,800,,,,,
2026-02-18,2026-02-18,FO,NSE,STO,163256,,TMPV,,2026-02-24,2026-02-24,435.0,CE,TMPV26FEB435CE,0.0,0.0,0.0,2.2,0.0,2.2,382.85,0.05,0,0,0,0.0,0,F1,800,,,,,
2026-02-18,2026-02-18,FO,NSE,STO,170643,,TMPV,,2026-04-28,2026-04-28,300.0,PE,TMPV26APR300PE,0.0,0.0,0.0,5.55,0.0,5.55,382.85,0.25,0,0,0,0.0,0,F1,800,,,,,
2026-02-18,2026-02-18,FO,NSE,STO,163311,,TMPV,,2026-03-30,2026-03-30,410.0,PE,TMPV26MAR410PE,31.15,31.15,28.85,29.1,29.1,29.35,382.85,29.1,316800,1600,19,6689520.0,19,F1,800,,,,,
2026-02-18,2026-02-18,FO,NSE,STO,163299,,TMPV,,2026-03-30,2026-03-30,350.0,PE,TMPV26MAR350PE,3.05,3.45,2.7,2.85,2.7,3.1,382.85,2.85,685600,2400,146,41242360.0,116,F1,800,,,,,
2026-02-18,2026-02-18,FO,NSE,STO,163257,,TMPV,,2026-02-24,2026-02-24,435.0,PE,TMPV26FEB435PE,0.0,0.0,0.0,71.4,0.0,71.4,382.85,51.75,0,0,0,0.0,0,F1,800,,,,,
2026-02-18,2026-02-18,FO,NSE,STO,163255,,TMPV,,2026-02-24,2026-02-24,430.0,PE,TMPV26FEB430PE,0.0,0.0,0.0,66.9,0.0,66.9,382.85,46.75,0,0,0,0.0,0,F1,800,,,,,
2026-02-18,2026-02-18,FO,NSE,STO,170647,,TMPV,,2026-04-28,2026-04-28,320.0,PE,TMPV26APR320PE,0.0,0.0,0.0,11.05,0.0,11.05,382.85,1.05,0,0,0,0.0,0,F1,800,,,,,
2026-02-18,2026-02-18,FO,NSE,STO,163228,,TMPV,,2026-02-24,2026-02-24,345.0,CE,TMPV26FEB345CE,39.2,39.7,37.95,39.45,39.7,38.7,382.85,39.45,585600,-5600,7,2150400.0,7,F1,800,,,,,
2026-02-18,2026-02-18,FO,NSE,STO,144557,,TMPV,,2026-02-24,2026-02-24,380.0,CE,TMPV26FEB380CE,7.15,8.7,4.85,6.7,7.25,7.6,382.85,6.7,3936800,1600,6696,2069360520.0,4816,F1,800,,,,,
2026-02-18,2026-02-18,FO,NSE,STO,144559,,TMPV,,2026-02-24,2026-02-24,400.0,CE,TMPV26FEB400CE,1.1,2.95,0.5,0.65,0.75,1.0,382.85,0.65,4349600,-82400,6713,2151770320.0,1937,F1,800,,,,,
2026-02-18,2026-02-18,FO,NSE,STO,163286,,TMPV,,2026-03-30,2026-03-30,290.0,CE,TMPV26MAR290CE,0.0,0.0,0.0,93.15,93.15,93.15,382.85,94.6,2400,0,0,0.0,0,F1,800,,,,,
2026-02-18,2026-02-18,FO,NSE,STO,170592,,TMPV,,2026-03-30,2026-03-30,325.0,CE,TMPV26MAR325CE,0.0,0.0,0.0,28.9,0.0,28.9,382.85,60.2,0,0,0,0.0,0,F1,800,,,,,
2026-02-18,2026-02-18,FO,NSE,STO,170608,,TMPV,,2026-03-30,2026-03-30,405.0,CE,TMPV26MAR405CE,6.6,7.25,5.6,6.3,6.4,6.9,382.85,6.3,110400,16000,58,19082880.0,51,F1,800,,,,,
2026-02-18,2026-02-18,FO,NSE,STO,170644,,TMPV,,2026-04-28,2026-04-28,310.0,CE,TMPV26APR310CE,0.0,0.0,0.0,43.3,0.0,43.3,382.85,76.6,0,0,0,0.0,0,F1,800,,,,,
2026-02-18,2026-02-18,FO,NSE,STO,163251,,TMPV,,2026-02-24,2026-02-24,415.0,PE,TMPV26FEB415PE,0.0,0.0,0.0,44.55,44.55,44.55,382.85,31.85,800,0,0,0.0,0,F1,800,,,,,
2026-02-18,2026-02-18,FO,NSE,STO,163289,,TMPV,,2026-03-30,2026-03-30,300.0,PE,TMPV26MAR300PE,0.5,0.55,0.5,0.5,0.5,0.65,382.85,0.05,247200,4000,10,2404200.0,10,F1,800,,,,,
2026-02-18,2026-02-18,FO,NSE,STO,170589,,TMPV,,2026-03-30,2026-03-30,305.0,PE,TMPV26MAR305PE,0.0,0.0,0.0,2.45,2.45,2.45,382.85,0.05,2400,0,0,0.0,0,F1,800,,,,,
2026-02-18,2026-02-18,FO,NSE,STO,163301,,TMPV,,2026-03-30,2026-03-30,360.0,PE,TMPV26MAR360PE,4.8,5.4,4.2,4.35,4.2,4.7,382.85,4.35,268000,88000,274,79959440.0,208,F1,800,,,,,
2026-02-18,2026-02-18,FO,NSE,STO,163303,,TMPV,,2026-03-30,2026-03-30,370.0,PE,TMPV26MAR370PE,7.6,8.2,6.6,6.8,6.6,7.35,382.85,6.8,357600,98400,268,80892280.0,200,F1,800,,,,,
2026-02-18,2026-02-18,FO,NSE,STO,170598,,TMPV,,2026-03-30,2026-03-30,355.0,CE,TMPV26MAR355CE,33.0,34.0,33.0,34.0,34.0,23.2,382.85,34.0,14400,800,2,621600.0,2,F1,800,,,,,
2026-02-18,2026-02-18,FO,NSE,STO,63183,,AMBER,,2026-03-30,2026-03-30,5400.0,PE,AMBER26MAR5400PE,0.0,0.0,0.0,7.4,7.4,7.4,7894.05,0.95,2000,0,0,0.0,0,F1,100,,,,,
2026-02-18,2026-02-18,FO,NSE,STO,72062,,AMBER,,2026-02-24,2026-02-24,6400.0,PE,AMBER26FEB6400PE,5.6,5.65,3.0,3.45,3.4,6.1,7894.05,3.45,18300,-3000,91,58276455.0,82,F1,100,,,,,
2026-02-18,2026-02-18,FO,NSE,STO,63108,,AMBER,,2026-02-24,2026-02-24,5700.0,PE,AMBER26FEB5700PE,3.0,3.0,1.25,1.25,1.25,3.0,7894.05,0.05,7800,-100,10,5702155.0,10,F1,100,,,,,
2026-02-18,2026-02-18,FO,NSE,STO,62999,,AMBER,,2026-02-24,2026-02-24,5500.0,PE,AMBER26FEB5500PE,2.1,2.1,1.2,1.4,1.55,3.0,7894.05,1.4,10400,-400,22,12103655.0,14,F1,100,,,,,
2026-02-18,2026-02-18,FO,NSE,STO,62995,,AMBER,,2026-02-24,2026-02-24,5100.0,PE,AMBER26FEB5100PE,0.0,0.0,0.0,5.8,5.8,5.8,7894.05,0.05,500,0,0,0.0,0,F1,100,,,,,
2026-02-18,2026-02-18,FO,NSE,STO,79874,,AMBER,,2026-04-28,2026-04-28,9200.0,CE,AMBER26APR9200CE,0.0,0.0,0.0,16.6,0.0,16.6,7894.05,202.5,0,0,0,0.0,0,F1,100,,,,,
2026-02-18,2026-02-18,FO,NSE,STO,79709,,AMBER,,2026-04-28,2026-04-28,4400.0,CE,AMBER26APR4400CE,0.0,0.0,0.0,1290.05,0.0,1290.05,7894.05,3539.8,0,0,0,0.0,0,F1,100,,,,,
2026-02-18,2026-02-18,FO,NSE,STO,63224,,AMBER,,2026-03-30,2026-03-30,7200.0,CE,AMBER26MAR7200CE,0.0,0.0,0.0,344.65,0.0,344.65,7894.05,892.75,0,0,0,0.0,0,F1,100,,,,,
2026-02-18,2026-02-18,FO,NSE,STO,63184,,AMBER,,2026-03-30,2026-03-30,5600.0,CE,AMBER26MAR5600CE,0.0,0.0,0.0,787.0,787.0,787.0,7894.05,2329.85,0,0,0,0.0,0,F1,100,,,,,
2026-02-18,2026-02-18,FO,NSE,STO,63178,,AMBER,,2026-03-30,2026-03-30,5400.0,CE,AMBER26MAR5400CE,0.0,0.0,0.0,1178.5,0.0,1178.5,7894.05,2527.45,0,0,0,0.0,0,F1,100,,,,,
2026-02-18,2026-02-18,FO,NSE,STO,72146,,AMBER,,2026-02-24,2026-02-24,6600.0,CE,AMBER26FEB6600CE,0.0,0.0,0.0,1286.0,1286.0,1286.0,7894.05,1300.05,10300,0,0,0.0,0,F1,100,,,,,
2026-02-18,2026-02-18,FO,NSE,STO,71989,,AMBER,,2026-02-24,2026-02-24,5200.0,CE,AMBER26FEB5200CE,0.0,0.0,0.0,850.0,850.0,850.0,7894.05,2698.75,200,0,0,0.0,0,F1,100,,,,,
2026-02-18,2026-02-18,FO,NSE,STO,63206,,AMBER,,2026-03-30,2026-03-30,6200.0,PE,AMBER26MAR6200PE,0.0,0.0,0.0,460.0,460.0,460.0,7894.05,16.45,300,0,0,0.0,0,F1,100,,,,,
2026-02-18,2026-02-18,FO,NSE,STO,35365,,AMBER,,2026-03-30,2026-03-30,7700.0,PE,AMBER26MAR7700PE,0.0,0.0,0.0,2048.45,0.0,2048.45,7894.05,331.15,0,0,0,0.0,0,F1,100,,,,,
2026-02-18,2026-02-18,FO,NSE,STO,49124,,AMBER,,2026-03-30,2026-03-30,8500.0,PE,AMBER26MAR8500PE,0.0,0.0,0.0,2081.4,0.0,2081.4,7894.05,792.65,0,0,0,0.0,0,F1,100,,,,,
2026-02-18,2026-02-18,FO,NSE,STO,79792,,AMBER,,2026-04-28,2026-04-28,7200.0,PE,AMBER26APR7200PE,0.0,0.0,0.0,1711.85,0.0,1711.85,7894.05,256.45,0,0,0,0.0,0,F1,100,,,,,
2026-02-18,2026-02-18,FO,NSE,STO,63501,,AMBER,,2026-03-30,2026-03-30,7600.0,PE,AMBER26MAR7600PE,240.0,240.0,240.0,240.0,240.0,1474.95,7894.05,289.0,200,200,2,1568000.0,1,F1,100,,,,,
2026-02-18,2026-02-18,FO,NSE,STO,71987,,AMBER,,2026-02-24,2026-02-24,5000.0,CE,AMBER26FEB5000CE,0.0,0.0,0.0,2836.45,2836.45,2836.45,7894.05,2898.55,4800,0,0,0.0,0,F1,100,,,,,
2026-02-18,2026-02-18,FO,NSE,STO,62998,,AMBER,,2026-02-24,2026-02-24,5500.0,CE,AMBER26FEB5500CE,2200.0,2200.0,2200.0,2200.0,2200.0,2391.0,7894.05,2399.0,14200,0,1,770000.0,1,F1,100,,,,,
2026-02-18,2026-02-18,FO,NSE,STO,63138,,AMBER,,2026-02-24,2026-02-24,7500.0,CE,AMBER26FEB7500CE,398.6,455.0,338.85,436.5,424.6,400.55,7894.05,436.5,47700,-1600,72,56995025.0,62,F1,100,,,,,
2026-02-18,2026-02-18,FO,NSE,STO,72231,,AMBER,,2026-02-24,2026-02-24,8200.0,CE,AMBER26FEB8200CE,38.8,46.4,23.25,31.45,31.0,46.25,7894.05,31.45,57900,-6500,1501,1235710515.0,1164,F1,100,,,,,
2026-02-18,2026-02-18,FO,NSE,STO,46225,,AMBER,,2026-02-24,2026-02-24,8300.0,CE,AMBER26FEB8300CE,24.05,31.0,15.05,19.75,19.5,31.4,7894.05,19.75,22900,-8900,616,512573025.0,513,F1,100,,,,,
2026-02-18,2026-02-18,FO,NSE,STO,79552,,AMBER,,2026-03-30,2026-03-30,5700.0,CE,AMBER26MAR5700CE,0.0,0.0,0.0,401.05,0.0,401.05,7894.05,2231.5,0,0,0,0.0,0,F1,100,,,,,
2026-02-18,2026-02-18,FO,NSE,STO,63186,,AMBER,,2026-03-30,2026-03-30,5800.0,CE,AMBER26MAR5800CE,0.0,0.0,0.0,924.65,0.0,924.65,7894.05,2133.45,0,0,0,0.0,0,F1,100,,,,,
2026-02-18,2026-02-18,FO,NSE,STO,79635,,AMBER,,2026-03-30,2026-03-30,5900.0,CE,AMBER26MAR5900CE,0.0,0.0,0.0,325.4,0.0,325.4,7894.05,2035.95,0,0,0,0.0,0,F1,100,,,,,
2026-02-18,2026-02-18,FO,NSE,STO,79637,,AMBER,,2026-03-30,2026-03-30,6100.0,CE,AMBER26MAR6100CE,0.0,0.0,0.0,1230.0,1230.0,1230.0,7894.05,1842.95,200,0,0,0.0,0,F1,100,,,,,
2026-02-18,2026-02-18,FO,NSE,STO,63207,,AMBER,,2026-03-30,2026-03-30,6400.0,CE,AMBER26MAR6400CE,0.0,0.0,0.0,620.75,0.0,620.75,7894.05,1560.9,0,0,0,0.0,0,F1,100,,,,,
2026-02-18,2026-02-18,FO,NSE,STO,63218,,AMBER,,2026-03-30,2026-03-30,6600.0,CE,AMBER26MAR6600CE,0.0,0.0,0.0,538.9,0.0,538.9,7894.05,1380.2,0,0,0,0.0,0,F1,100,,,,,
2026-02-18,2026-02-18,FO,NSE,STO,41222,,AMBER,,2026-03-30,2026-03-30,8600.0,CE,AMBER26MAR8600CE,0.0,0.0,0.0,170.4,0.0,170.4,7894.05,210.2,0,0,0,0.0,0,F1,100,,,,,
2026-02-18,2026-02-18,FO,NSE,STO,79744,,AMBER,,2026-04-28,2026-04-28,5200.0,CE,AMBER26APR5200CE,0.0,0.0,0.0,751.8,0.0,751.8,7894.05,2752.3,0,0,0,0.0,0,F1,100,,,,,
2026-02-18,2026-02-18,FO,NSE,STO,79781,,AMBER,,2026-04-28,2026-04-28,6200.0,CE,AMBER26APR6200CE,0.0,0.0,0.0,333.85,0.0,333.85,7894.05,1811.45,0,0,0,0.0,0,F1,100,,,,,
2026-02-18,2026-02-18,FO,NSE,STO,79787,,AMBER,,2026-04-28,2026-04-28,6800.0,CE,AMBER26APR6800CE,0.0,0.0,0.0,193.9,0.0,193.9,7894.05,1312.75,0,0,0,0.0,0,F1,100,,,,,
2026-02-18,2026-02-18,FO,NSE,STO,79795,,AMBER,,2026-04-28,2026-04-28,7600.0,CE,AMBER26APR7600CE,0.0,0.0,0.0,88.95,0.0,88.95,7894.05,779.25,0,0,0,0.0,0,F1,100,,,,,
2026-02-18,2026-02-18,FO,NSE,STO,63135,,AMBER,,2026-02-24,2026-02-24,7100.0,PE,AMBER26FEB7100PE,16.5,16.5,8.3,10.3,10.7,18.5,7894.05,10.3,29400,1200,344,244613665.0,304,F1,100,,,,,
2026-02-18,2026-02-18,FO,NSE,STO,72230,,AMBER,,2026-02-24,2026-02-24,8000.0,PE,AMBER26FEB8000PE,251.3,251.3,158.35,176.75,186.95,255.0,7894.05,176.75,4400,1000,99,80903790.0,91,F1,100,,,,,
2026-02-18,2026-02-18,FO,NSE,STO,79714,,AMBER,,2026-04-28,2026-04-28,4800.0,PE,AMBER26APR4800PE,0.0,0.0,0.0,214.7,0.0,214.7,7894.05,1.15,0,0,0,0.0,0,F1,100,,,,,
2026-02-18,2026-02-18,FO,NSE,STO,79692,,AMBER,,2026-03-30,2026-03-30,7500.0,PE,AMBER26MAR7500PE,210.0,234.0,190.0,191.05,191.05,212.0,7894.05,250.45,9200,800,34,26221775.0,26,F1,100,,,,,
2026-02-18,2026-02-18,FO,NSE,STO,63219,,AMBER,,2026-03-30,2026-03-30,6600.0,PE,AMBER26MAR6600PE,0.0,0.0,0.0,776.7,0.0,776.7,7894.05,46.5,0,0,0,0.0,0,F1,100,,,,,
2026-02-18,2026-02-18,FO,NSE,STO,79642,,AMBER,,2026-03-30,2026-03-30,6500.0,PE,AMBER26MAR6500PE,0.0,0.0,0.0,1087.35,0.0,1087.35,7894.05,36.55,0,0,0,0.0,0,F1,100,,,,,
2026-02-18,2026-02-18,FO,NSE,STO,72234,,AMBER,,2026-02-24,2026-02-24,8400.0,PE,AMBER26FEB8400PE,0.0,0.0,0.0,1501.65,0.0,1501.65,7894.05,528.5,0,0,0,0.0,0,F1,100,,,,,
2026-02-18,2026-02-18,FO,NSE,STO,72190,,AMBER,,2026-02-24,2026-02-24,7800.0,PE,AMBER26FEB7800PE,165.05,168.0,70.25,83.95,85.95,145.55,7894.05,83.95,50700,10600,2339,1849834630.0,1838,F1,100,,,,,
2026-02-18,2026-02-18,FO,NSE,STO,72154,,AMBER,,2026-02-24,2026-02-24,7200.0,PE,AMBER26FEB7200PE,23.85,25.75,10.7,13.3,13.3,24.15,7894.05,13.3,57800,-7400,547,394715960.0,394,F1,100,,,,,
2026-02-18,2026-02-18,FO,NSE,STO,63133,,AMBER,,2026-02-24,2026-02-24,6900.0,PE,AMBER26FEB6900PE,12.65,12.65,6.55,7.05,7.2,12.65,7894.05,7.05,22700,-1500,279,192733735.0,196,F1,100,,,,,
2026-02-18,2026-02-18,FO,NSE,STO,63127,,AMBER,,2026-02-24,2026-02-24,6300.0,PE,AMBER26FEB6300PE,6.4,6.4,2.1,2.55,3.7,5.25,7894.05,2.55,19600,-12500,749,472162895.0,544,F1,100,,,,,
2026-02-18,2026-02-18,FO,NSE,STO,39368,,AMBER,,2026-02-24,2026-02-24,4600.0,PE,AMBER26FEB4600PE,0.75,0.95,0.2,0.25,0.25,2.5,7894.05,0.25,3700,-2200,27,12421150.0,27,F1,100,,,,,
2026-02-18,2026-02-18,FO,NSE,STO,79797,,AMBER,,2026-04-28,2026-04-28,8000.0,CE,AMBER26APR8000CE,0.0,0.0,0.0,59.2,0.0,59.2,7894.05,577.05,0,0,0,0.0,0,F1,100,,,,,
2026-02-18,2026-02-18,FO,NSE,STO,79789,,AMBER,,2026-04-28,2026-04-28,7000.0,CE,AMBER26APR7000CE,0.0,0.0,0.0,160.25,0.0,160.25,7894.05,1163.85,0,0,0,0.0,0,F1,100,,,,,
2026-02-18,2026-02-18,FO,NSE,STO,46230,,AMBER,,2026-03-30,2026-03-30,8300.0,CE,AMBER26MAR8300CE,180.0,185.0,130.4,170.0,165.0,175.05,7894.05,170.0,5600,2200,60,50812130.0,53,F1,100,,,,,
2026-02-18,2026-02-18,FO,NSE,STO,35191,,AMBER,,2026-03-30,2026-03-30,8200.0,CE,AMBER26MAR8200CE,0.0,0.0,0.0,175.5,0.0,175.5,7894.05,338.15,0,0,0,0.0,0,F1,100,,,,,
2026-02-18,2026-02-18,FO,NSE,STO,35364,,AMBER,,2026-03-30,2026-03-30,7700.0,CE,AMBER26MAR7700CE,0.0,0.0,0.0,41.7,0.0,41.7,7894.05,571.45,0,0,0,0.0,0,F1,100,,,,,
2026-02-18,2026-02-18,FO,NSE,STO,72235,,AMBER,,2026-02-24,2026-02-24,8600.0,CE,AMBER26FEB8600CE,9.2,10.35,5.05,6.35,6.35,11.3,7894.05,6.35,26600,4400,326,280594630.0,296,F1,100,,,,,
2026-02-18,2026-02-18,FO,NSE,STO,72209,,AMBER,,2026-02-24,2026-02-24,8000.0,CE,AMBER26FEB8000CE,95.05,103.2,57.0,86.65,82.05,97.5,7894.05,86.65,76200,-3500,2971,2401017905.0,2433,F1,100,,,,,
2026-02-18,2026-02-18,FO,NSE,STO,72057,,AMBER,,2026-02-24,2026-02-24,6000.0,CE,AMBER26FEB6000CE,0.0,0.0,0.0,1888.0,1888.0,1888.0,7894.05,1899.45,17200,0,0,0.0,0,F1,100,,,,,
2026-02-18,2026-02-18,FO,NSE,STO,79790,,AMBER,,2026-04-28,2026-04-28,7000.0,PE,AMBER26APR7000PE,0.0,0.0,0.0,1543.05,0.0,1543.05,7894.05,197.4,0,0,0,0.0,0,F1,100,,,,,
2026-02-18,2026-02-18,FO,NSE,STO,79786,,AMBER,,2026-04-28,2026-04-28,6600.0,PE,AMBER26APR6600PE,0.0,0.0,0.0,1222.3,0.0,1222.3,7894.05,108.65,0,0,0,0.0,0,F1,100,,,,,
2026-02-18,2026-02-18,FO,NSE,STO,63177,,AMBER,,2026-03-30,2026-03-30,5200.0,PE,AMBER26MAR5200PE,0.0,0.0,0.0,178.95,0.0,178.95,7894.05,0.4,0,0,0,0.0,0,F1,100,,,,,
2026-02-18,2026-02-18,FO,NSE,STO,63113,,AMBER,,2026-02-24,2026-02-24,6100.0,CE,AMBER26FEB6100CE,0.0,0.0,0.0,1718.0,1718.0,1718.0,7894.05,1799.55,5400,0,0,0.0,0,F1,100,,,,,
2026-02-18,2026-02-18,FO,NSE,STO,72055,,AMBER,,2026-02-24,2026-02-24,5800.0,CE,AMBER26FEB5800CE,0.0,0.0,0.0,2124.0,2124.0,2124.0,7894.05,2099.3,21800,0,0,0.0,0,F1,100,,,,,
2026-02-18,2026-02-18,FO,NSE,STO,79788,,AMBER,,2026-04-28,2026-04-28,6800.0,PE,AMBER26APR6800PE,0.0,0.0,0.0,1379.75,0.0,1379.75,7894.05,148.4,0,0,0,0.0,0,F1,100,,,,,
2026-02-18,2026-02-18,FO,NSE,STO,79753,,AMBER,,2026-04-28,2026-04-28,5400.0,PE,AMBER26APR5400PE,0.0,0.0,0.0,453.7,0.0,453.7,7894.05,8.1,0,0,0,0.0,0,F1,100,,,,,
2026-02-18,2026-02-18,FO,NSE,STO,79765,,AMBER,,2026-04-28,2026-04-28,5600.0,PE,AMBER26APR5600PE,0.0,0.0,0.0,556.7,0.0,556.7,7894.05,13.9,0,0,0,0.0,0,F1,100,,,,,
2026-02-18,2026-02-18,FO,NSE,STO,79644,,AMBER,,2026-03-30,2026-03-30,6700.0,PE,AMBER26MAR6700PE,45.0,47.0,45.0,46.6,46.2,63.0,7894.05,46.6,3000,100,4,2698320.0,4,F1,100,,,,,
2026-02-18,2026-02-18,FO,NSE,STF,51736,,AMBER,,2026-03-30,2026-03-30,,,AMBER26MARFUT,7788.5,7928.0,7769.0,7869.5,7858.5,7830.0,7894.05,7869.5,283600,62700,1908,1498944800.0,1653,F1,100,,,,,
2026-02-18,2026-02-18,FO,NSE,STO,62819,,AMBER,,2026-02-24,2026-02-24,4900.0,CE,AMBER26FEB4900CE,0.0,0.0,0.0,1464.95,0.0,1464.95,7894.05,2998.5,0,0,0,0.0,0,F1,100,,,,,
2026-02-18,2026-02-18,FO,NSE,STO,62996,,AMBER,,2026-02-24,2026-02-24,5300.0,CE,AMBER26FEB5300CE,0.0,0.0,0.0,1102.35,1098.2,1102.35,7894.05,2598.85,500,0,0,0.0,0,F1,100,,,,,
2026-02-18,2026-02-18,FO,NSE,STO,71991,,AMBER,,2026-02-24,2026-02-24,5400.0,CE,AMBER26FEB5400CE,0.0,0.0,0.0,1970.0,1970.0,1970.0,7894.05,2498.95,1500,0,0,0.0,0,F1,100,,,,,
2026-02-18,2026-02-18,FO,NSE,STO,63132,,AMBER,,2026-02-24,2026-02-24,6900.0,CE,AMBER26FEB6900CE,1011.0,1011.0,1011.0,1011.0,1011.0,885.9,7894.05,1011.0,4400,0,1,791100.0,1,F1,100,,,,,
2026-02-18,2026-02-18,FO,NSE,STO,72155,,AMBER,,2026-02-24,2026-02-24,7400.0,CE,AMBER26FEB7400CE,488.2,550.0,426.75,548.2,542.95,488.2,7894.05,548.2,31800,-1000,22,17382810.0,17,F1,100,,,,,
2026-02-18,2026-02-18,FO,NSE,STO,63152,,AMBER,,2026-02-24,2026-02-24,7700.0,CE,AMBER26FEB7700CE,235.8,287.05,190.5,268.45,260.0,251.85,7894.05,268.45,26900,-4300,251,199228670.0,209,F1,100,,,,,
2026-02-18,2026-02-18,FO,NSE,STO,79641,,AMBER,,2026-03-30,2026-03-30,6500.0,CE,AMBER26MAR6500CE,0.0,0.0,0.0,165.35,0.0,165.35,7894.05,1469.65,0,0,0,0.0,0,F1,100,,,,,
2026-02-18,2026-02-18,FO,NSE,STO,79680,,AMBER,,2026-03-30,2026-03-30,6900.0,CE,AMBER26MAR6900CE,0.0,0.0,0.0,783.35,783.35,783.35,7894.05,1124.6,200,0,0,0.0,0,F1,100,,,,,
2026-02-18,2026-02-18,FO,NSE,STO,79752,,AMBER,,2026-04-28,2026-04-28,5400.0,CE,AMBER26APR5400CE,0.0,0.0,0.0,646.4,0.0,646.4,7894.05,2558.0,0,0,0,0.0,0,F1,100,,,,,
2026-02-18,2026-02-18,FO,NSE,STO,71976,,AMBER,,2026-02-24,2026-02-24,4800.0,PE,AMBER26FEB4800PE,1.0,1.0,0.7,0.95,0.95,2.5,7894.05,0.05,2700,-1500,16,7681335.0,14,F1,100,,,,,
2026-02-18,2026-02-18,FO,NSE,STO,63119,,AMBER,,2026-02-24,2026-02-24,6100.0,PE,AMBER26FEB6100PE,2.65,3.35,1.45,1.65,1.75,4.05,7894.05,1.65,7400,1800,840,512628830.0,605,F1,100,,,,,
2026-02-18,2026-02-18,FO,NSE,STO,63500,,AMBER,,2026-03-30,2026-03-30,7600.0,CE,AMBER26MAR7600CE,0.0,0.0,0.0,460.0,460.0,460.0,7894.05,628.7,900,0,0,0.0,0,F1,100,,,,,
2026-02-18,2026-02-18,FO,NSE,STO,79780,,AMBER,,2026-04-28,2026-04-28,6000.0,PE,AMBER26APR6000PE,0.0,0.0,0.0,795.05,0.0,795.05,7894.05,35.4,0,0,0,0.0,0,F1,100,,,,,
2026-02-18,2026-02-18,FO,NSE,STO,63499,,AMBER,,2026-03-30,2026-03-30,7400.0,PE,AMBER26MAR7400PE,0.0,0.0,0.0,1321.15,0.0,1321.15,7894.05,215.35,0,0,0,0.0,0,F1,100,,,,,
2026-02-18,2026-02-18,FO,NSE,STO,63223,,AMBER,,2026-03-30,2026-03-30,7000.0,PE,AMBER26MAR7000PE,90.0,107.0,77.9,82.0,82.0,97.1,7894.05,108.3,7100,1400,39,27642480.0,32,F1,100,,,,,
2026-02-18,2026-02-18,FO,NSE,STO,63215,,AMBER,,2026-03-30,2026-03-30,6400.0,PE,AMBER26MAR6400PE,0.0,0.0,0.0,661.5,0.0,661.5,7894.05,28.4,0,0,0,0.0,0,F1,100,,,,,
2026-02-18,2026-02-18,FO,NSE,STO,79547,,AMBER,,2026-03-30,2026-03-30,5100.0,PE,AMBER26MAR5100PE,0.0,0.0,0.0,245.15,0.0,245.15,7894.05,0.25,0,0,0,0.0,0,F1,100,,,,,
2026-02-18,2026-02-18,FO,NSE,STO,63170,,AMBER,,2026-03-30,2026-03-30,4600.0,CE,AMBER26MAR4600CE,0.0,0.0,0.0,1799.7,0.0,1799.7,7894.05,3321.7,0,0,0,0.0,0,F1,100,,,,,
2026-02-18,2026-02-18,FO,NSE,STO,72148,,AMBER,,2026-02-24,2026-02-24,6600.0,PE,AMBER26FEB6600PE,6.5,6.65,3.6,4.5,3.6,7.1,7894.05,4.5,22000,10400,508,335549280.0,361,F1,100,,,,,
2026-02-18,2026-02-18,FO,NSE,STO,72056,,AMBER,,2026-02-24,2026-02-24,5800.0,PE,AMBER26FEB5800PE,2.2,2.2,0.75,0.85,0.75,3.15,7894.05,0.85,12700,-2200,27,15663585.0,17,F1,100,,,,,
2026-02-18,2026-02-18,FO,NSE,STO,62824,,AMBER,,2026-02-24,2026-02-24,4900.0,PE,AMBER26FEB4900PE,1.2,1.7,0.8,1.35,1.45,47.0,7894.05,1.35,200,0,6,2940675.0,6,F1,100,,,,,
2026-02-18,2026-02-18,FO,NSE,STO,49123,,AMBER,,2026-03-30,2026-03-30,8500.0,CE,AMBER26MAR8500CE,0.0,0.0,0.0,51.15,0.0,51.15,7894.05,237.8,0,0,0,0.0,0,F1,100,,,,,
2026-02-18,2026-02-18,FO,NSE,STO,63231,,AMBER,,2026-03-30,2026-03-30,7400.0,CE,AMBER26MAR7400CE,0.0,0.0,0.0,513.0,513.0,513.0,7894.05,753.9,2000,0,0,0.0,0,F1,100,,,,,
2026-02-18,2026-02-18,FO,NSE,STO,79682,,AMBER,,2026-03-30,2026-03-30,7100.0,CE,AMBER26MAR7100CE,0.0,0.0,0.0,78.3,0.0,78.3,7894.05,967.05,0,0,0,0.0,0,F1,100,,,,,
2026-02-18,2026-02-18,FO,NSE,STO,79643,,AMBER,,2026-03-30,2026-03-30,6700.0,CE,AMBER26MAR6700CE,0.0,0.0,0.0,129.7,0.0,129.7,7894.05,1292.7,0,0,0,0.0,0,F1,100,,,,,
2026-02-18,2026-02-18,FO,NSE,STO,63137,,AMBER,,2026-02-24,2026-02-24,7300.0,PE,AMBER26FEB7300PE,32.75,34.5,14.0,17.2,14.0,31.75,7894.05,17.2,69800,-6400,855,625991665.0,612,F1,100,,,,,
2026-02-18,2026-02-18,FO,NSE,STO,41334,,AMBER,,2026-02-24,2026-02-24,7900.0,PE,AMBER26FEB7900PE,206.0,215.0,108.55,119.4,124.75,193.45,7894.05,119.4,43600,22600,1229,987355270.0,812,F1,100,,,,,
2026-02-18,2026-02-18,FO,NSE,STO,72232,,AMBER,,2026-02-24,2026-02-24,8200.0,PE,AMBER26FEB8200PE,380.0,393.75,315.4,315.4,315.4,370.0,7894.05,364.75,1700,800,8,6858415.0,5,F1,100,,,,,
2026-02-18,2026-02-18,FO,NSE,STO,39849,,AMBER,,2026-02-24,2026-02-24,8800.0,PE,AMBER26FEB8800PE,0.0,0.0,0.0,3049.55,0.0,3049.55,7894.05,902.4,0,0,0,0.0,0,F1,100,,,,,
2026-02-18,2026-02-18,FO,NSE,STO,63173,,AMBER,,2026-03-30,2026-03-30,4800.0,PE,AMBER26MAR4800PE,0.0,0.0,0.0,75.05,75.05,75.05,7894.05,0.05,300,0,0,0.0,0,F1,100,,,,,
2026-02-18,2026-02-18,FO,NSE,STO,79551,,AMBER,,2026-03-30,2026-03-30,5500.0,PE,AMBER26MAR5500PE,0.0,0.0,0.0,345.65,345.65,345.65,7894.05,1.45,100,0,0,0.0,0,F1,100,,,,,
2026-02-18,2026-02-18,FO,NSE,STO,63593,,AMBER,,2026-03-30,2026-03-30,7800.0,PE,AMBER26MAR7800PE,319.2,351.3,288.0,298.65,298.65,319.2,7894.05,298.65,4000,1800,37,30079595.0,37,F1,100,,,,,
2026-02-18,2026-02-18,FO,NSE,STO,72189,,AMBER,,2026-02-24,2026-02-24,7800.0,CE,AMBER26FEB7800CE,185.05,211.75,133.25,196.2,184.05,188.05,7894.05,196.2,63000,-8900,1590,1268200860.0,1345,F1,100,,,,,
2026-02-18,2026-02-18,FO,NSE,STO,39846,,AMBER,,2026-02-24,2026-02-24,8800.0,CE,AMBER26FEB8800CE,6.1,6.1,2.9,5.95,5.95,6.1,7894.05,4.4,1400,-300,9,7924080.0,8,F1,100,,,,,
2026-02-18,2026-02-18,FO,NSE,STO,63594,,AMBER,,2026-03-30,2026-03-30,8000.0,CE,AMBER26MAR8000CE,266.95,310.0,250.0,286.85,278.6,279.8,7894.05,286.85,65000,3300,176,145791105.0,155,F1,100,,,,,
2026-02-18,2026-02-18,FO,NSE,STO,41347,,AMBER,,2026-03-30,2026-03-30,8100.0,CE,AMBER26MAR8100CE,0.0,0.0,0.0,45.5,0.0,45.5,7894.05,377.9,0,0,0,0.0,0,F1,100,,,,,
2026-02-18,2026-02-18,FO,NSE,STO,41351,,AMBER,,2026-04-28,2026-04-28,7800.0,CE,AMBER26APR7800CE,0.0,0.0,0.0,136.85,0.0,136.85,7894.05,672.75,0,0,0,0.0,0,F1,100,,,,,
2026-02-18,2026-02-18,FO,NSE,STO,71988,,AMBER,,2026-02-24,2026-02-24,5000.0,PE,AMBER26FEB5000PE,0.0,0.0,0.0,2.8,2.8,2.8,7894.05,0.05,8000,0,0,0.0,0,F1,100,,,,,
2026-02-18,2026-02-18,FO,NSE,STO,79544,,AMBER,,2026-03-30,2026-03-30,4900.0,CE,AMBER26MAR4900CE,0.0,0.0,0.0,839.3,0.0,839.3,7894.05,3023.55,0,0,0,0.0,0,F1,100,,,,,
2026-02-18,2026-02-18,FO,NSE,STO,63110,,AMBER,,2026-02-24,2026-02-24,5900.0,PE,AMBER26FEB5900PE,2.05,2.5,1.0,1.0,1.0,4.0,7894.05,0.05,11200,-2900,44,25968300.0,20,F1,100,,,,,
2026-02-18,2026-02-18,FO,NSE,STO,79796,,AMBER,,2026-04-28,2026-04-28,7600.0,PE,AMBER26APR7600PE,0.0,0.0,0.0,2062.55,0.0,2062.55,7894.05,406.6,0,0,0,0.0,0,F1,100,,,,,
2026-02-18,2026-02-18,FO,NSE,STO,49128,,AMBER,,2026-04-28,2026-04-28,8200.0,PE,AMBER26APR8200PE,0.0,0.0,0.0,1845.2,0.0,1845.2,7894.05,713.0,0,0,0,0.0,0,F1,100,,,,,
2026-02-18,2026-02-18,FO,NSE,STO,79873,,AMBER,,2026-04-28,2026-04-28,8800.0,PE,AMBER26APR8800PE,0.0,0.0,0.0,3180.75,0.0,3180.75,7894.05,1108.7,0,0,0,0.0,0,F1,100,,,,,
2026-02-18,2026-02-18,FO,NSE,STO,79891,,AMBER,,2026-04-28,2026-04-28,9200.0,PE,AMBER26APR9200PE,0.0,0.0,0.0,3565.7,0.0,3565.7,7894.05,1413.3,0,0,0,0.0,0,F1,100,,,,,
2026-02-18,2026-02-18,FO,NSE,STO,63502,,AMBER,,2026-03-30,2026-03-30,7800.0,CE,AMBER26MAR7800CE,362.8,419.9,324.35,336.0,324.35,369.25,7894.05,336.0,2300,600,33,26979165.0,32,F1,100,,,,,
2026-02-18,2026-02-18,FO,NSE,STO,39367,,AMBER,,2026-02-24,2026-02-24,4600.0,CE,AMBER26FEB4600CE,0.0,0.0,0.0,1794.3,1794.3,1794.3,7894.05,3298.2,300,0,0,0.0,0,F1,100,,,,,
2026-02-18,2026-02-18,FO,NSE,STO,79771,,AMBER,,2026-04-28,2026-04-28,5800.0,CE,AMBER26APR5800CE,0.0,0.0,0.0,469.5,0.0,469.5,7894.05,2176.7,0,0,0,0.0,0,F1,100,,,,,
2026-02-18,2026-02-18,FO,NSE,STO,71990,,AMBER,,2026-02-24,2026-02-24,5200.0,PE,AMBER26FEB5200PE,0.0,0.0,0.0,3.0,3.0,3.0,7894.05,0.05,1900,0,0,0.0,0,F1,100,,,,,
2026-02-18,2026-02-18,FO,NSE,STO,62997,,AMBER,,2026-02-24,2026-02-24,5300.0,PE,AMBER26FEB5300PE,0.0,0.0,0.0,1.0,1.0,1.0,7894.05,0.05,4500,0,0,0.0,0,F1,100,,,,,
2026-02-18,2026-02-18,FO,NSE,STO,63131,,AMBER,,2026-02-24,2026-02-24,6700.0,PE,AMBER26FEB6700PE,9.0,9.95,4.2,4.45,4.5,8.75,7894.05,4.45,21700,-5900,166,111305660.0,109,F1,100,,,,,
2026-02-18,2026-02-18,FO,NSE,STO,63151,,AMBER,,2026-02-24,2026-02-24,7500.0,PE,AMBER26FEB7500PE,55.95,65.0,25.8,31.0,31.8,58.65,7894.05,31.0,101900,-23800,2470,1861613690.0,1549,F1,100,,,,,
2026-02-18,2026-02-18,FO,NSE,STO,79691,,AMBER,,2026-03-30,2026-03-30,7500.0,CE,AMBER26MAR7500CE,549.0,590.0,549.0,590.0,590.0,550.0,7894.05,689.55,4200,-100,3,2419400.0,3,F1,100,,,,,
2026-02-18,2026-02-18,FO,NSE,STO,41335,,AMBER,,2026-02-24,2026-02-24,8100.0,CE,AMBER26FEB8100CE,61.4,69.25,36.6,53.65,53.85,66.1,7894.05,53.65,31800,400,1073,874547220.0,875,F1,100,,,,,
2026-02-18,2026-02-18,FO,NSE,STO,72157,,AMBER,,2026-02-24,2026-02-24,7600.0,CE,AMBER26FEB7600CE,310.45,372.0,263.6,353.2,345.55,320.15,7894.05,353.2,32500,-2400,168,133104415.0,135,F1,100,,,,,
2026-02-18,2026-02-18,FO,NSE,STO,72059,,AMBER,,2026-02-24,2026-02-24,6200.0,CE,AMBER26FEB6200CE,1625.15,1713.85,1610.0,1713.85,1713.85,1604.0,7894.05,1699.65,14700,-100,7,5491175.0,7,F1,100,,,,,
2026-02-18,2026-02-18,FO,NSE,STO,79794,,AMBER,,2026-04-28,2026-04-28,7400.0,PE,AMBER26APR7400PE,0.0,0.0,0.0,1885.25,0.0,1885.25,7894.05,326.1,0,0,0,0.0,0,F1,100,,,,,
2026-02-18,2026-02-18,FO,NSE,STO,79684,,AMBER,,2026-03-30,2026-03-30,7300.0,CE,AMBER26MAR7300CE,0.0,0.0,0.0,607.0,607.0,607.0,7894.05,821.65,400,0,0,0.0,0,F1,100,,,,,
2026-02-18,2026-02-18,FO,NSE,STO,71975,,AMBER,,2026-02-24,2026-02-24,4800.0,CE,AMBER26FEB4800CE,0.0,0.0,0.0,2589.2,2589.2,2589.2,7894.05,3098.4,300,0,0,0.0,0,F1,100,,,,,
2026-02-18,2026-02-18,FO,NSE,STO,63130,,AMBER,,2026-02-24,2026-02-24,6700.0,CE,AMBER26FEB6700CE,1220.0,1220.0,1201.85,1219.9,1219.9,1061.0,7894.05,1200.25,5700,-200,5,3956175.0,4,F1,100,,,,,
2026-02-18,2026-02-18,FO,NSE,STO,63175,,AMBER,,2026-03-30,2026-03-30,5000.0,PE,AMBER26MAR5000PE,0.0,0.0,0.0,133.0,0.0,133.0,7894.05,0.15,0,0,0,0.0,0,F1,100,,,,,
2026-02-18,2026-02-18,FO,NSE,STO,49120,,AMBER,,2026-02-24,2026-02-24,8500.0,PE,AMBER26FEB8500PE,0.0,0.0,0.0,2084.9,0.0,2084.9,7894.05,617.7,0,0,0,0.0,0,F1,100,,,,,
2026-02-18,2026-02-18,FO,NSE,STO,46226,,AMBER,,2026-02-24,2026-02-24,8300.0,PE,AMBER26FEB8300PE,0.0,0.0,0.0,700.0,700.0,700.0,7894.05,443.75,1100,0,0,0.0,0,F1,100,,,,,
2026-02-18,2026-02-18,FO,NSE,STO,72150,,AMBER,,2026-02-24,2026-02-24,6800.0,PE,AMBER26FEB6800PE,8.9,9.0,4.7,4.9,4.7,10.85,7894.05,4.9,33100,-3400,186,126599575.0,131,F1,100,,,,,
2026-02-18,2026-02-18,FO,NSE,STO,63129,,AMBER,,2026-02-24,2026-02-24,6500.0,PE,AMBER26FEB6500PE,5.0,6.45,3.4,4.05,5.85,6.5,7894.05,4.05,42500,-7500,769,500207275.0,670,F1,100,,,,,
2026-02-18,2026-02-18,FO,NSE,STO,72060,,AMBER,,2026-02-24,2026-02-24,6200.0,PE,AMBER26FEB6200PE,3.2,3.9,2.0,2.15,2.05,5.7,7894.05,2.15,11100,-900,61,37837105.0,45,F1,100,,,,,
2026-02-18,2026-02-18,FO,NSE,STO,79715,,AMBER,,2026-04-28,2026-04-28,5000.0,CE,AMBER26APR5000CE,0.0,0.0,0.0,868.95,0.0,868.95,7894.05,2948.1,0,0,0,0.0,0,F1,100,,,,,
2026-02-18,2026-02-18,FO,NSE,STO,39850,,AMBER,,2026-03-30,2026-03-30,8800.0,CE,AMBER26MAR8800CE,0.0,0.0,0.0,9.4,0.0,9.4,7894.05,162.75,0,0,0,0.0,0,F1,100,,,,,
2026-02-18,2026-02-18,FO,NSE,STO,79791,,AMBER,,2026-04-28,2026-04-28,7200.0,CE,AMBER26APR7200CE,0.0,0.0,0.0,132.1,0.0,132.1,7894.05,1025.0,0,0,0,0.0,0,F1,100,,,,,
2026-02-18,2026-02-18,FO,NSE,STO,63222,,AMBER,,2026-03-30,2026-03-30,7000.0,CE,AMBER26MAR7000CE,925.0,925.0,925.0,925.0,925.0,840.9,7894.05,1044.4,1500,100,1,792500.0,1,F1,100,,,,,
2026-02-18,2026-02-18,FO,NSE,STO,63205,,AMBER,,2026-03-30,2026-03-30,6200.0,CE,AMBER26MAR6200CE,0.0,0.0,0.0,712.1,0.0,712.1,7894.05,1747.75,0,0,0,0.0,0,F1,100,,,,,
2026-02-18,2026-02-18,FO,NSE,STO,79784,,AMBER,,2026-04-28,2026-04-28,6400.0,PE,AMBER26APR6400PE,0.0,0.0,0.0,1071.5,0.0,1071.5,7894.05,77.3,0,0,0,0.0,0,F1,100,,,,,
2026-02-18,2026-02-18,FO,NSE,STO,72233,,AMBER,,2026-02-24,2026-02-24,8400.0,CE,AMBER26FEB8400CE,20.05,22.2,10.6,13.4,12.8,22.2,7894.05,13.4,67500,-7300,1172,986179380.0,1002,F1,100,,,,,
2026-02-18,2026-02-18,FO,NSE,STO,63134,,AMBER,,2026-02-24,2026-02-24,7100.0,CE,AMBER26FEB7100CE,777.3,810.0,777.3,810.0,810.0,818.25,7894.05,804.55,8100,-200,6,4735705.0,4,F1,100,,,,,
2026-02-18,2026-02-18,FO,NSE,STO,72149,,AMBER,,2026-02-24,2026-02-24,6800.0,CE,AMBER26FEB6800CE,1015.1,1119.55,1008.25,1117.1,1117.1,1051.7,7894.05,1100.6,14700,-500,6,4718115.0,5,F1,100,,,,,
2026-02-18,2026-02-18,FO,NSE,STO,39851,,AMBER,,2026-03-30,2026-03-30,8800.0,PE,AMBER26MAR8800PE,0.0,0.0,0.0,3005.9,0.0,3005.9,7894.05,1015.85,0,0,0,0.0,0,F1,100,,,,,
2026-02-18,2026-02-18,FO,NSE,STO,63221,,AMBER,,2026-03-30,2026-03-30,6800.0,PE,AMBER26MAR6800PE,0.0,0.0,0.0,86.25,86.25,86.25,7894.05,72.5,100,0,0,0.0,0,F1,100,,,,,
2026-02-18,2026-02-18,FO,NSE,STO,79638,,AMBER,,2026-03-30,2026-03-30,6100.0,PE,AMBER26MAR6100PE,0.0,0.0,0.0,787.8,0.0,787.8,7894.05,12.25,0,0,0,0.0,0,F1,100,,,,,
2026-02-18,2026-02-18,FO,NSE,STO,63185,,AMBER,,2026-03-30,2026-03-30,5600.0,PE,AMBER26MAR5600PE,0.0,0.0,0.0,270.0,270.0,270.0,7894.05,2.15,100,0,0,0.0,0,F1,100,,,,,
2026-02-18,2026-02-18,FO,NSE,STO,72163,,AMBER,,2026-02-24,2026-02-24,7600.0,PE,AMBER26FEB7600PE,80.0,91.25,36.65,42.5,46.55,78.45,7894.05,42.5,63100,4800,1209,925582075.0,982,F1,100,,,,,
2026-02-18,2026-02-18,FO,NSE,STO,72156,,AMBER,,2026-02-24,2026-02-24,7400.0,PE,AMBER26FEB7400PE,42.8,48.0,18.9,22.75,23.9,42.75,7894.05,22.75,84400,800,1874,1391788360.0,1393,F1,100,,,,,
2026-02-18,2026-02-18,FO,NSE,STO,79713,,AMBER,,2026-04-28,2026-04-28,4800.0,CE,AMBER26APR4800CE,0.0,0.0,0.0,998.2,0.0,998.2,7894.05,3144.85,0,0,0,0.0,0,F1,100,,,,,
2026-02-18,2026-02-18,FO,NSE,STO,79716,,AMBER,,2026-04-28,2026-04-28,5000.0,PE,AMBER26APR5000PE,0.0,0.0,0.0,282.4,0.0,282.4,7894.05,2.35,0,0,0,0.0,0,F1,100,,,,,
2026-02-18,2026-02-18,FO,NSE,STO,79546,,AMBER,,2026-03-30,2026-03-30,5100.0,CE,AMBER26MAR5100CE,0.0,0.0,0.0,708.5,0.0,708.5,7894.05,2824.95,0,0,0,0.0,0,F1,100,,,,,
2026-02-18,2026-02-18,FO,NSE,STO,63174,,AMBER,,2026-03-30,2026-03-30,5000.0,CE,AMBER26MAR5000CE,0.0,0.0,0.0,1471.55,0.0,1471.55,7894.05,2924.25,0,0,0,0.0,0,F1,100,,,,,
2026-02-18,2026-02-18,FO,NSE,STO,72153,,AMBER,,2026-02-24,2026-02-24,7200.0,CE,AMBER26FEB7200CE,710.0,743.75,710.0,713.25,713.25,672.45,7894.05,708.4,22300,-1100,43,34070375.0,24,F1,100,,,,,
2026-02-18,2026-02-18,FO,NSE,STO,63120,,AMBER,,2026-02-24,2026-02-24,6300.0,CE,AMBER26FEB6300CE,1542.3,1542.3,1542.3,1542.3,1542.3,1407.95,7894.05,1599.75,12900,0,1,784230.0,1,F1,100,,,,,
2026-02-18,2026-02-18,FO,NSE,STO,63109,,AMBER,,2026-02-24,2026-02-24,5900.0,CE,AMBER26FEB5900CE,0.0,0.0,0.0,1785.25,1785.25,1785.25,7894.05,1999.4,17900,0,0,0.0,0,F1,100,,,,,
2026-02-18,2026-02-18,FO,NSE,STO,41352,,AMBER,,2026-04-28,2026-04-28,7800.0,PE,AMBER26APR7800PE,0.0,0.0,0.0,1829.1,0.0,1829.1,7894.05,498.0,0,0,0,0.0,0,F1,100,,,,,
2026-02-18,2026-02-18,FO,NSE,STO,79745,,AMBER,,2026-04-28,2026-04-28,5200.0,PE,AMBER26APR5200PE,0.0,0.0,0.0,362.15,0.0,362.15,7894.05,4.5,0,0,0,0.0,0,F1,100,,,,,
2026-02-18,2026-02-18,FO,NSE,STO,63597,,AMBER,,2026-03-30,2026-03-30,8400.0,PE,AMBER26MAR8400PE,0.0,0.0,0.0,2140.95,0.0,2140.95,7894.05,723.7,0,0,0,0.0,0,F1,100,,,,,
2026-02-18,2026-02-18,FO,NSE,STO,79549,,AMBER,,2026-03-30,2026-03-30,5300.0,PE,AMBER26MAR5300PE,0.0,0.0,0.0,326.6,0.0,326.6,7894.05,0.6,0,0,0,0.0,0,F1,100,,,,,
2026-02-18,2026-02-18,FO,NSE,STO,72152,,AMBER,,2026-02-24,2026-02-24,7000.0,PE,AMBER26FEB7000PE,16.0,18.65,7.6,8.8,9.0,16.1,7894.05,8.8,135300,3000,1219,854573990.0,832,F1,100,,,,,
2026-02-18,2026-02-18,FO,NSE,STO,79801,,AMBER,,2026-04-28,2026-04-28,8800.0,CE,AMBER26APR8800CE,0.0,0.0,0.0,25.5,0.0,25.5,7894.05,293.75,0,0,0,0.0,0,F1,100,,,,,
2026-02-18,2026-02-18,FO,NSE,STO,49127,,AMBER,,2026-04-28,2026-04-28,8200.0,CE,AMBER26APR8200CE,0.0,0.0,0.0,153.1,0.0,153.1,7894.05,491.9,0,0,0,0.0,0,F1,100,,,,,
2026-02-18,2026-02-18,FO,NSE,STO,79785,,AMBER,,2026-04-28,2026-04-28,6600.0,CE,AMBER26APR6600CE,0.0,0.0,0.0,233.35,0.0,233.35,7894.05,1470.95,0,0,0,0.0,0,F1,100,,,,,
2026-02-18,2026-02-18,FO,NSE,STO,63192,,AMBER,,2026-03-30,2026-03-30,6000.0,CE,AMBER26MAR6000CE,0.0,0.0,0.0,813.3,0.0,813.3,7894.05,1939.05,0,0,0,0.0,0,F1,100,,,,,
2026-02-18,2026-02-18,FO,NSE,STO,63596,,AMBER,,2026-03-30,2026-03-30,8400.0,CE,AMBER26MAR8400CE,0.0,0.0,0.0,129.85,0.0,129.85,7894.05,268.2,0,0,0,0.0,0,F1,100,,,,,
2026-02-18,2026-02-18,FO,NSE,STO,79783,,AMBER,,2026-04-28,2026-04-28,6400.0,CE,AMBER26APR6400CE,0.0,0.0,0.0,279.5,0.0,279.5,7894.05,1637.55,0,0,0,0.0,0,F1,100,,,,,
2026-02-18,2026-02-18,FO,NSE,STO,71992,,AMBER,,2026-02-24,2026-02-24,5400.0,PE,AMBER26FEB5400PE,0.05,1.95,0.05,0.35,0.35,1.55,7894.05,0.05,4100,-600,14,7561305.0,4,F1,100,,,,,
2026-02-18,2026-02-18,FO,NSE,STO,72036,,AMBER,,2026-02-24,2026-02-24,5600.0,PE,AMBER26FEB5600PE,2.0,2.0,0.3,0.6,0.3,3.5,7894.05,0.6,7600,-200,20,11202375.0,12,F1,100,,,,,
2026-02-18,2026-02-18,FO,NSE,STO,41336,,AMBER,,2026-02-24,2026-02-24,8100.0,PE,AMBER26FEB8100PE,283.85,330.0,236.05,236.05,236.05,334.0,7894.05,292.6,900,0,10,8372310.0,8,F1,100,,,,,
2026-02-18,2026-02-18,FO,NSE,STO,79683,,AMBER,,2026-03-30,2026-03-30,7100.0,PE,AMBER26MAR7100PE,0.0,0.0,0.0,1594.05,0.0,1594.05,7894.05,130.35,0,0,0,0.0,0,F1,100,,,,,
2026-02-18,2026-02-18,FO,NSE,STO,72236,,AMBER,,2026-02-24,2026-02-24,8600.0,PE,AMBER26FEB8600PE,0.0,0.0,0.0,1653.2,0.0,1653.2,7894.05,710.35,0,0,0,0.0,0,F1,100,,,,,
2026-02-18,2026-02-18,FO,NSE,STO,63171,,AMBER,,2026-03-30,2026-03-30,4600.0,PE,AMBER26MAR4600PE,0.0,0.0,0.0,1.5,1.5,1.5,7894.05,0.05,100,0,0,0.0,0,F1,100,,,,,
2026-02-18,2026-02-18,FO,NSE,STO,79636,,AMBER,,2026-03-30,2026-03-30,5900.0,PE,AMBER26MAR5900PE,0.0,0.0,0.0,19.0,19.0,19.0,7894.05,6.45,200,0,0,0.0,0,F1,100,,,,,
2026-02-18,2026-02-18,FO,NSE,STO,79545,,AMBER,,2026-03-30,2026-03-30,4900.0,PE,AMBER26MAR4900PE,0.0,0.0,0.0,178.05,0.0,178.05,7894.05,0.1,0,0,0,0.0,0,F1,100,,,,,
2026-02-18,2026-02-18,FO,NSE,STO,41348,,AMBER,,2026-03-30,2026-03-30,8100.0,PE,AMBER26MAR8100PE,0.0,0.0,0.0,2073.35,0.0,2073.35,7894.05,535.2,0,0,0,0.0,0,F1,100,,,,,
2026-02-18,2026-02-18,FO,NSE,STF,66707,,AMBER,,2026-04-28,2026-04-28,,,AMBER26APRFUT,7801.0,7848.0,7750.0,7847.0,7846.0,7801.0,7894.05,7847.0,12400,0,7,5458600.0,7,F1,100,,,,,
2026-02-18,2026-02-18,FO,NSE,STO,72061,,AMBER,,2026-02-24,2026-02-24,6400.0,CE,AMBER26FEB6400CE,0.0,0.0,0.0,1488.0,1488.0,1488.0,7894.05,1499.85,13700,0,0,0.0,0,F1,100,,,,,
2026-02-18,2026-02-18,FO,NSE,STO,63136,,AMBER,,2026-02-24,2026-02-24,7300.0,CE,AMBER26FEB7300CE,540.0,649.25,537.0,632.2,632.2,629.65,7894.05,614.8,23700,-1700,33,26081860.0,26,F1,100,,,,,
2026-02-18,2026-02-18,FO,NSE,STO,79798,,AMBER,,2026-04-28,2026-04-28,8000.0,PE,AMBER26APR8000PE,0.0,0.0,0.0,2426.7,0.0,2426.7,7894.05,600.3,0,0,0,0.0,0,F1,100,,,,,
2026-02-18,2026-02-18,FO,NSE,STO,49119,,AMBER,,2026-02-24,2026-02-24,8500.0,CE,AMBER26FEB8500CE,17.05,17.05,7.5,8.8,8.45,2.6,7894.05,8.8,3800,3800,206,175284920.0,159,F1,100,,,,,
2026-02-18,2026-02-18,FO,NSE,STO,63172,,AMBER,,2026-03-30,2026-03-30,4800.0,CE,AMBER26MAR4800CE,0.0,0.0,0.0,1631.65,0.0,1631.65,7894.05,3122.95,0,0,0,0.0,0,F1,100,,,,,
2026-02-18,2026-02-18,FO,NSE,STO,79548,,AMBER,,2026-03-30,2026-03-30,5300.0,CE,AMBER26MAR5300CE,0.0,0.0,0.0,592.05,0.0,592.05,7894.05,2626.5,0,0,0,0.0,0,F1,100,,,,,
2026-02-18,2026-02-18,FO,NSE,STO,79550,,AMBER,,2026-03-30,2026-03-30,5500.0,CE,AMBER26MAR5500CE,0.0,0.0,0.0,1950.05,1950.05,1950.05,7894.05,2428.55,300,0,0,0.0,0,F1,100,,,,,
2026-02-18,2026-02-18,FO,NSE,STO,79634,,AMBER,,2026-03-30,2026-03-30,5700.0,PE,AMBER26MAR5700PE,0.0,0.0,0.0,531.45,0.0,531.45,7894.05,3.2,0,0,0,0.0,0,F1,100,,,,,
2026-02-18,2026-02-18,FO,NSE,STO,35193,,AMBER,,2026-03-30,2026-03-30,8200.0,PE,AMBER26MAR8200PE,0.0,0.0,0.0,1868.05,0.0,1868.05,7894.05,594.8,0,0,0,0.0,0,F1,100,,,,,
2026-02-18,2026-02-18,FO,NSE,STO,46231,,AMBER,,2026-03-30,2026-03-30,8300.0,PE,AMBER26MAR8300PE,0.0,0.0,0.0,2074.85,0.0,2074.85,7894.05,657.7,0,0,0,0.0,0,F1,100,,,,,
2026-02-18,2026-02-18,FO,NSE,STO,41223,,AMBER,,2026-03-30,2026-03-30,8600.0,PE,AMBER26MAR8600PE,0.0,0.0,0.0,1940.1,0.0,1940.1,7894.05,864.45,0,0,0,0.0,0,F1,100,,,,,
2026-02-18,2026-02-18,FO,NSE,STO,63220,,AMBER,,2026-03-30,2026-03-30,6800.0,CE,AMBER26MAR6800CE,0.0,0.0,0.0,466.0,0.0,466.0,7894.05,1207.45,0,0,0,0.0,0,F1,100,,,,,
2026-02-18,2026-02-18,FO,NSE,STO,79639,,AMBER,,2026-03-30,2026-03-30,6300.0,CE,AMBER26MAR6300CE,0.0,0.0,0.0,326.7,326.7,326.7,7894.05,1653.65,200,0,0,0.0,0,F1,100,,,,,
2026-02-18,2026-02-18,FO,NSE,STO,63176,,AMBER,,2026-03-30,2026-03-30,5200.0,CE,AMBER26MAR5200CE,0.0,0.0,0.0,1320.45,0.0,1320.45,7894.05,2725.7,0,0,0,0.0,0,F1,100,,,,,
2026-02-18,2026-02-18,FO,NSE,STO,41333,,AMBER,,2026-02-24,2026-02-24,7900.0,CE,AMBER26FEB7900CE,145.0,147.05,88.0,135.05,128.0,137.1,7894.05,135.05,55700,10100,3111,2496625985.0,2468,F1,100,,,,,
2026-02-18,2026-02-18,FO,NSE,STO,72151,,AMBER,,2026-02-24,2026-02-24,7000.0,CE,AMBER26FEB7000CE,825.05,936.05,800.0,935.0,935.0,850.0,7894.05,935.0,26600,-1000,67,52864525.0,48,F1,100,,,,,
2026-02-18,2026-02-18,FO,NSE,STO,63128,,AMBER,,2026-02-24,2026-02-24,6500.0,CE,AMBER26FEB6500CE,1325.0,1415.0,1325.0,1409.65,1405.0,1353.55,7894.05,1409.65,28900,-8400,105,83022965.0,22,F1,100,,,,,
2026-02-18,2026-02-18,FO,NSE,STO,63000,,AMBER,,2026-02-24,2026-02-24,5700.0,CE,AMBER26FEB5700CE,0.0,0.0,0.0,1757.15,1757.15,1757.15,7894.05,2199.2,19800,0,0,0.0,0,F1,100,,,,,
2026-02-18,2026-02-18,FO,NSE,STO,79800,,AMBER,,2026-04-28,2026-04-28,8400.0,PE,AMBER26APR8400PE,0.0,0.0,0.0,2800.4,0.0,2800.4,7894.05,835.75,0,0,0,0.0,0,F1,100,,,,,
2026-02-18,2026-02-18,FO,NSE,STO,79782,,AMBER,,2026-04-28,2026-04-28,6200.0,PE,AMBER26APR6200PE,0.0,0.0,0.0,928.9,0.0,928.9,7894.05,53.25,0,0,0,0.0,0,F1,100,,,,,
2026-02-18,2026-02-18,FO,NSE,STO,72035,,AMBER,,2026-02-24,2026-02-24,5600.0,CE,AMBER26FEB5600CE,2244.35,2244.35,2244.35,2244.35,2244.35,2232.7,7894.05,2299.1,15300,0,1,784435.0,1,F1,100,,,,,
2026-02-18,2026-02-18,FO,NSE,STO,79710,,AMBER,,2026-04-28,2026-04-28,4400.0,PE,AMBER26APR4400PE,0.0,0.0,0.0,112.7,0.0,112.7,7894.05,0.2,0,0,0,0.0,0,F1,100,,,,,
2026-02-18,2026-02-18,FO,NSE,STO,63595,,AMBER,,2026-03-30,2026-03-30,8000.0,PE,AMBER26MAR8000PE,450.0,455.0,370.0,410.0,410.0,438.35,7894.05,410.0,33300,200,13,10934970.0,12,F1,100,,,,,
2026-02-18,2026-02-18,FO,NSE,STO,41346,,AMBER,,2026-03-30,2026-03-30,7900.0,PE,AMBER26MAR7900PE,0.0,0.0,0.0,1888.85,0.0,1888.85,7894.05,426.15,0,0,0,0.0,0,F1,100,,,,,
2026-02-18,2026-02-18,FO,NSE,STO,63225,,AMBER,,2026-03-30,2026-03-30,7200.0,PE,AMBER26MAR7200PE,0.0,0.0,0.0,1173.5,0.0,1173.5,7894.05,155.45,0,0,0,0.0,0,F1,100,,,,,
2026-02-18,2026-02-18,FO,NSE,STO,79681,,AMBER,,2026-03-30,2026-03-30,6900.0,PE,AMBER26MAR6900PE,0.0,0.0,0.0,1418.95,0.0,1418.95,7894.05,89.1,0,0,0,0.0,0,F1,100,,,,,
2026-02-18,2026-02-18,FO,NSE,STO,63153,,AMBER,,2026-02-24,2026-02-24,7700.0,PE,AMBER26FEB7700PE,115.95,125.0,50.95,58.65,60.15,107.65,7894.05,58.65,52600,2900,1525,1186048505.0,1223,F1,100,,,,,
2026-02-18,2026-02-18,FO,NSE,STO,72058,,AMBER,,2026-02-24,2026-02-24,6000.0,PE,AMBER26FEB6000PE,3.05,3.05,1.3,2.5,2.5,3.4,7894.05,2.5,25800,-5700,74,44414105.0,35,F1,100,,,,,
2026-02-18,2026-02-18,FO,NSE,STO,79799,,AMBER,,2026-04-28,2026-04-28,8400.0,CE,AMBER26APR8400CE,0.0,0.0,0.0,39.0,0.0,39.0,7894.05,416.7,0,0,0,0.0,0,F1,100,,,,,
2026-02-18,2026-02-18,FO,NSE,STO,79793,,AMBER,,2026-04-28,2026-04-28,7400.0,CE,AMBER26APR7400CE,0.0,0.0,0.0,108.55,0.0,108.55,7894.05,896.7,0,0,0,0.0,0,F1,100,,,,,
2026-02-18,2026-02-18,FO,NSE,STO,79779,,AMBER,,2026-04-28,2026-04-28,6000.0,CE,AMBER26APR6000CE,0.0,0.0,0.0,396.9,0.0,396.9,7894.05,1991.55,0,0,0,0.0,0,F1,100,,,,,
2026-02-18,2026-02-18,FO,NSE,STO,79764,,AMBER,,2026-04-28,2026-04-28,5600.0,CE,AMBER26APR5600CE,0.0,0.0,0.0,552.45,0.0,552.45,7894.05,2365.85,0,0,0,0.0,0,F1,100,,,,,
2026-02-18,2026-02-18,FO,NSE,STO,41341,,AMBER,,2026-03-30,2026-03-30,7900.0,CE,AMBER26MAR7900CE,335.0,360.0,317.75,340.3,320.4,335.4,7894.05,340.3,2000,1700,26,21434380.0,25,F1,100,,,,,
2026-02-18,2026-02-18,FO,NSE,STO,62833,,AMBER,,2026-02-24,2026-02-24,5100.0,CE,AMBER26FEB5100CE,0.0,0.0,0.0,2800.45,2800.45,2800.45,7894.05,2798.65,300,0,0,0.0,0,F1,100,,,,,
2026-02-18,2026-02-18,FO,NSE,STF,59204,,AMBER,,2026-02-24,2026-02-24,,,AMBER26FEBFUT,7889.0,7943.5,7790.5,7908.0,7900.0,7846.0,7894.05,7908.0,998000,-53700,3564,2806155200.0,3116,F1,100,,,,,
2026-02-18,2026-02-18,FO,NSE,STO,79772,,AMBER,,2026-04-28,2026-04-28,5800.0,PE,AMBER26APR5800PE,0.0,0.0,0.0,670.7,0.0,670.7,7894.05,22.65,0,0,0,0.0,0,F1,100,,,,,
2026-02-18,2026-02-18,FO,NSE,STO,79685,,AMBER,,2026-03-30,2026-03-30,7300.0,PE,AMBER26MAR7300PE,0.0,0.0,0.0,1773.9,0.0,1773.9,7894.05,183.75,0,0,0,0.0,0,F1,100,,,,,
2026-02-18,2026-02-18,FO,NSE,STO,79640,,AMBER,,2026-03-30,2026-03-30,6300.0,PE,AMBER26MAR6300PE,0.0,0.0,0.0,932.95,0.0,932.95,7894.05,21.75,0,0,0,0.0,0,F1,100,,,,,
2026-02-18,2026-02-18,FO,NSE,STO,63204,,AMBER,,2026-03-30,2026-03-30,6000.0,PE,AMBER26MAR6000PE,0.0,0.0,0.0,37.0,37.0,37.0,7894.05,8.95,1300,0,0,0.0,0,F1,100,,,,,
2026-02-18,2026-02-18,FO,NSE,STO,63191,,AMBER,,2026-03-30,2026-03-30,5800.0,PE,AMBER26MAR5800PE,11.0,11.0,11.0,11.0,11.0,24.8,7894.05,4.55,500,-100,1,581100.0,1,F1,100,,,,,
2026-02-18,2026-02-18,FO,NSE,STO,83365,,CANBK,,2026-02-24,2026-02-24,153.0,PE,CANBK26FEB153PE,4.02,4.33,2.53,2.77,2.9,5.11,151.95,2.77,1896750,965250,707,745163415.0,515,F1,6750,,,,,
2026-02-18,2026-02-18,FO,NSE,STO,83371,,CANBK,,2026-02-24,2026-02-24,159.0,PE,CANBK26FEB159PE,8.51,8.51,7.12,7.66,7.75,10.39,151.95,7.66,1107000,-114750,34,38245297.5,32,F1,6750,,,,,
2026-02-18,2026-02-18,FO,NSE,STO,83373,,CANBK,,2026-02-24,2026-02-24,161.0,PE,CANBK26FEB161PE,10.0,10.81,9.03,9.54,9.59,15.1,151.95,9.54,1262250,-148500,71,81842130.0,69,F1,6750,,,,,
2026-02-18,2026-02-18,FO,NSE,STO,83377,,CANBK,,2026-02-24,2026-02-24,165.0,PE,CANBK26FEB165PE,14.26,14.26,13.1,13.34,13.4,16.03,151.95,13.34,1120500,27000,15,18084870.0,13,F1,6750,,,,,
2026-02-18,2026-02-18,FO,NSE,STO,96050,,CANBK,,2026-04-28,2026-04-28,120.0,PE,CANBK26APR120PE,0.0,0.0,0.0,0.62,0.0,0.62,151.95,0.19,0,0,0,0.0,0,F1,6750,,,,,
2026-02-18,2026-02-18,FO,NSE,STO,83374,,CANBK,,2026-02-24,2026-02-24,163.0,CE,CANBK26FEB163CE,0.22,0.29,0.16,0.18,0.19,0.2,151.95,0.18,1613250,749250,425,468239737.5,281,F1,6750,,,,,
2026-02-18,2026-02-18,FO,NSE,STO,83366,,CANBK,,2026-02-24,2026-02-24,155.0,CE,CANBK26FEB155CE,0.8,1.55,0.79,1.02,0.95,0.78,151.95,1.02,10719000,-877500,6456,6805138927.5,4888,F1,6750,,,,,
2026-02-18,2026-02-18,FO,NSE,STO,83346,,CANBK,,2026-02-24,2026-02-24,139.0,CE,CANBK26FEB139CE,0.0,0.0,0.0,7.75,7.88,7.75,151.95,13.09,128250,0,0,0.0,0,F1,6750,,,,,
2026-02-18,2026-02-18,FO,NSE,STO,83249,,CANBK,,2026-02-24,2026-02-24,123.0,CE,CANBK26FEB123CE,0.0,0.0,0.0,32.53,0.0,32.53,151.95,29.06,0,0,0,0.0,0,F1,6750,,,,,
2026-02-18,2026-02-18,FO,NSE,STO,83231,,CANBK,,2026-02-24,2026-02-24,180.0,CE,CANBK26FEB180CE,0.03,0.03,0.01,0.01,0.01,0.03,151.95,0.01,4839750,-722250,234,284342535.0,64,F1,6750,,,,,
2026-02-18,2026-02-18,FO,NSE,STO,96062,,CANBK,,2026-04-28,2026-04-28,130.0,PE,CANBK26APR130PE,0.0,0.0,0.0,1.73,0.0,1.73,151.95,0.85,0,0,0,0.0,0,F1,6750,,,,,
2026-02-18,2026-02-18,FO,NSE,STO,83380,,CANBK,,2026-02-24,2026-02-24,169.0,CE,CANBK26FEB169CE,0.09,0.1,0.06,0.07,0.07,0.09,151.95,0.07,621000,6750,83,94727272.5,72,F1,6750,,,,,
2026-02-18,2026-02-18,FO,NSE,STO,83708,,CANBK,,2026-03-30,2026-03-30,154.0,CE,CANBK26MAR154CE,4.3,5.34,4.3,4.68,4.65,3.63,151.95,4.68,324000,236250,107,114673252.5,66,F1,6750,,,,,
2026-02-18,2026-02-18,FO,NSE,STO,83659,,CANBK,,2026-03-30,2026-03-30,122.0,PE,CANBK26MAR122PE,0.0,0.0,0.0,0.88,0.0,0.88,151.95,0.05,0,0,0,0.0,0,F1,6750,,,,,
2026-02-18,2026-02-18,FO,NSE,STO,83385,,CANBK,,2026-02-24,2026-02-24,173.0,PE,CANBK26FEB173PE,0.0,0.0,0.0,20.26,0.0,20.26,151.95,20.89,0,0,0,0.0,0,F1,6750,,,,,
2026-02-18,2026-02-18,FO,NSE,STO,83213,,CANBK,,2026-02-24,2026-02-24,164.0,PE,CANBK26FEB164PE,0.0,0.0,0.0,16.0,16.0,16.0,151.95,11.96,27000,0,0,0.0,0,F1,6750,,,,,
2026-02-18,2026-02-18,FO,NSE,STO,83361,,CANBK,,2026-02-24,2026-02-24,149.0,PE,CANBK26FEB149PE,2.0,2.09,0.93,0.99,1.04,2.58,151.95,0.99,1782000,-209250,958,972411817.5,841,F1,6750,,,,,
2026-02-18,2026-02-18,FO,NSE,STO,83357,,CANBK,,2026-02-24,2026-02-24,145.0,PE,CANBK26FEB145PE,0.9,0.9,0.32,0.33,0.35,1.04,151.95,0.33,6831000,-2349000,1657,1627016760.0,1102,F1,6750,,,,,
2026-02-18,2026-02-18,FO,NSE,STO,83121,,CANBK,,2026-02-24,2026-02-24,142.0,PE,CANBK26FEB142PE,0.38,0.38,0.14,0.16,0.16,0.48,151.95,0.16,2274750,-222750,314,301419225.0,249,F1,6750,,,,,
2026-02-18,2026-02-18,FO,NSE,STO,83349,,CANBK,,2026-02-24,2026-02-24,141.0,PE,CANBK26FEB141PE,0.3,0.3,0.11,0.13,0.13,0.37,151.95,0.13,2112750,-587250,370,352571805.0,224,F1,6750,,,,,
2026-02-18,2026-02-18,FO,NSE,STO,83107,,CANBK,,2026-02-24,2026-02-24,130.0,PE,CANBK26FEB130PE,0.06,0.06,0.03,0.03,0.03,0.06,151.95,0.03,3159000,-702000,243,213296220.0,180,F1,6750,,,,,
2026-02-18,2026-02-18,FO,NSE,STO,83335,,CANBK,,2026-02-24,2026-02-24,127.0,PE,CANBK26FEB127PE,0.03,0.03,0.03,0.03,0.03,0.03,151.95,0.01,398250,-13500,3,2572357.5,3,F1,6750,,,,,
2026-02-18,2026-02-18,FO,NSE,STO,83055,,CANBK,,2026-02-24,2026-02-24,126.0,PE,CANBK26FEB126PE,0.03,0.03,0.02,0.02,0.02,0.04,151.95,0.01,519750,6750,5,4253242.5,5,F1,6750,,,,,
2026-02-18,2026-02-18,FO,NSE,STO,96178,,CANBK,,2026-04-28,2026-04-28,142.0,CE,CANBK26APR142CE,0.0,0.0,0.0,19.35,0.0,19.35,151.95,14.58,0,0,0,0.0,0,F1,6750,,,,,
2026-02-18,2026-02-18,FO,NSE,STO,96121,,CANBK,,2026-04-28,2026-04-28,134.0,CE,CANBK26APR134CE,0.0,0.0,0.0,25.21,0.0,25.21,151.95,20.72,0,0,0,0.0,0,F1,6750,,,,,
2026-02-18,2026-02-18,FO,NSE,STO,83794,,CANBK,,2026-03-30,2026-03-30,176.0,CE,CANBK26MAR176CE,0.63,0.88,0.33,0.46,0.46,0.45,151.95,0.55,162000,141750,184,219285765.0,141,F1,6750,,,,,
2026-02-18,2026-02-18,FO,NSE,STO,95870,,CANBK,,2026-03-30,2026-03-30,171.0,CE,CANBK26MAR171CE,0.0,0.0,0.0,3.79,0.0,3.79,151.95,1.01,0,0,0,0.0,0,F1,6750,,,,,
2026-02-18,2026-02-18,FO,NSE,STO,83774,,CANBK,,2026-03-30,2026-03-30,170.0,CE,CANBK26MAR170CE,0.81,1.2,0.81,0.9,0.89,0.77,151.95,0.9,1991250,391500,624,720181665.0,473,F1,6750,,,,,
2026-02-18,2026-02-18,FO,NSE,STO,95839,,CANBK,,2026-03-30,2026-03-30,167.0,CE,CANBK26MAR167CE,1.32,1.32,1.32,1.32,1.32,4.85,151.95,1.58,6750,6750,1,1136160.0,1,F1,6750,,,,,
2026-02-18,2026-02-18,FO,NSE,STO,83755,,CANBK,,2026-03-30,2026-03-30,164.0,CE,CANBK26MAR164CE,2.2,2.2,2.2,2.2,2.2,4.5,151.95,2.16,0,-13500,2,2243700.0,2,F1,6750,,,,,
2026-02-18,2026-02-18,FO,NSE,STO,83714,,CANBK,,2026-03-30,2026-03-30,158.0,CE,CANBK26MAR158CE,2.7,3.71,2.5,3.13,3.1,2.47,151.95,3.13,243000,-783000,228,247871137.5,209,F1,6750,,,,,
2026-02-18,2026-02-18,FO,NSE,STO,83693,,CANBK,,2026-03-30,2026-03-30,150.0,CE,CANBK26MAR150CE,5.59,7.36,5.53,6.7,6.55,5.33,151.95,6.7,4657500,627750,1146,1211305792.5,856,F1,6750,,,,,
2026-02-18,2026-02-18,FO,NSE,STO,83687,,CANBK,,2026-03-30,2026-03-30,144.0,CE,CANBK26MAR144CE,10.9,10.9,10.9,10.9,10.9,8.55,151.95,11.24,33750,0,2,2091150.0,1,F1,6750,,,,,
2026-02-18,2026-02-18,FO,NSE,STO,83660,,CANBK,,2026-03-30,2026-03-30,124.0,CE,CANBK26MAR124CE,0.0,0.0,0.0,32.94,0.0,32.94,151.95,28.78,0,0,0,0.0,0,F1,6750,,,,,
2026-02-18,2026-02-18,FO,NSE,STO,83360,,CANBK,,2026-02-24,2026-02-24,149.0,CE,CANBK26FEB149CE,2.7,4.52,2.64,3.77,3.61,2.59,151.95,3.77,1842750,-1188000,892,919012230.0,775,F1,6750,,,,,
2026-02-18,2026-02-18,FO,NSE,STO,83120,,CANBK,,2026-02-24,2026-02-24,142.0,CE,CANBK26FEB142CE,8.61,10.51,8.5,9.92,9.78,7.39,151.95,9.92,465750,-81000,33,33776797.5,28,F1,6750,,,,,
2026-02-18,2026-02-18,FO,NSE,STO,83344,,CANBK,,2026-02-24,2026-02-24,137.0,CE,CANBK26FEB137CE,0.0,0.0,0.0,7.8,7.8,7.8,151.95,15.08,243000,0,0,0.0,0,F1,6750,,,,,
2026-02-18,2026-02-18,FO,NSE,STO,36627,,CANBK,,2026-02-24,2026-02-24,121.0,CE,CANBK26FEB121CE,0.0,0.0,0.0,29.88,0.0,29.88,151.95,31.06,0,0,0,0.0,0,F1,6750,,,,,
2026-02-18,2026-02-18,FO,NSE,STO,82995,,CANBK,,2026-02-24,2026-02-24,120.0,CE,CANBK26FEB120CE,0.0,0.0,0.0,28.0,28.0,28.0,151.95,32.06,13500,0,0,0.0,0,F1,6750,,,,,
2026-02-18,2026-02-18,FO,NSE,STO,96250,,CANBK,,2026-04-28,2026-04-28,168.0,PE,CANBK26APR168PE,0.0,0.0,0.0,17.28,0.0,17.28,151.95,17.27,0,0,0,0.0,0,F1,6750,,,,,
2026-02-18,2026-02-18,FO,NSE,STO,96238,,CANBK,,2026-04-28,2026-04-28,158.0,PE,CANBK26APR158PE,0.0,0.0,0.0,11.25,11.25,11.25,151.95,10.35,27000,0,0,0.0,0,F1,6750,,,,,
2026-02-18,2026-02-18,FO,NSE,STO,96230,,CANBK,,2026-04-28,2026-04-28,152.0,PE,CANBK26APR152PE,0.0,0.0,0.0,7.75,7.75,7.75,151.95,7.06,20250,0,0,0.0,0,F1,6750,,,,,
2026-02-18,2026-02-18,FO,NSE,STO,83797,,CANBK,,2026-03-30,2026-03-30,178.0,PE,CANBK26MAR178PE,0.0,0.0,0.0,25.25,0.0,25.25,151.95,25.41,0,0,0,0.0,0,F1,6750,,,,,
2026-02-18,2026-02-18,FO,NSE,STO,95871,,CANBK,,2026-03-30,2026-03-30,171.0,PE,CANBK26MAR171PE,0.0,0.0,0.0,18.28,0.0,18.28,151.95,19.03,0,0,0,0.0,0,F1,6750,,,,,
2026-02-18,2026-02-18,FO,NSE,STO,83692,,CANBK,,2026-03-30,2026-03-30,148.0,PE,CANBK26MAR148PE,3.99,3.99,3.08,3.15,3.2,4.39,151.95,3.15,243000,47250,33,33718410.0,31,F1,6750,,,,,
2026-02-18,2026-02-18,FO,NSE,STO,95734,,CANBK,,2026-03-30,2026-03-30,145.0,PE,CANBK26MAR145PE,3.09,3.27,2.16,2.22,2.28,3.2,151.95,2.22,2619000,661500,392,390432015.0,304,F1,6750,,,,,
2026-02-18,2026-02-18,FO,NSE,STO,95596,,CANBK,,2026-03-30,2026-03-30,131.0,PE,CANBK26MAR131PE,0.0,0.0,0.0,1.08,0.0,1.08,151.95,0.35,0,0,0,0.0,0,F1,6750,,,,,
2026-02-18,2026-02-18,FO,NSE,STO,83661,,CANBK,,2026-03-30,2026-03-30,124.0,PE,CANBK26MAR124PE,0.0,0.0,0.0,1.08,0.0,1.08,151.95,0.08,0,0,0,0.0,0,F1,6750,,,,,
2026-02-18,2026-02-18,FO,NSE,STO,83347,,CANBK,,2026-02-24,2026-02-24,139.0,PE,CANBK26FEB139PE,0.16,0.17,0.09,0.09,0.09,0.23,151.95,0.09,722250,-209250,131,123016792.5,117,F1,6750,,,,,
2026-02-18,2026-02-18,FO,NSE,STO,83345,,CANBK,,2026-02-24,2026-02-24,137.0,PE,CANBK26FEB137PE,0.11,0.11,0.06,0.06,0.06,0.16,151.95,0.06,715500,-209250,131,121210695.0,101,F1,6750,,,,,
2026-02-18,2026-02-18,FO,NSE,STO,96234,,CANBK,,2026-04-28,2026-04-28,156.0,CE,CANBK26APR156CE,0.0,0.0,0.0,11.27,0.0,11.27,151.95,6.74,0,0,0,0.0,0,F1,6750,,,,,
2026-02-18,2026-02-18,FO,NSE,STO,96220,,CANBK,,2026-04-28,2026-04-28,146.0,CE,CANBK26APR146CE,0.0,0.0,0.0,16.75,0.0,16.75,151.95,11.94,0,0,0,0.0,0,F1,6750,,,,,
2026-02-18,2026-02-18,FO,NSE,STO,96057,,CANBK,,2026-04-28,2026-04-28,126.0,CE,CANBK26APR126CE,0.0,0.0,0.0,31.83,0.0,31.83,151.95,27.74,0,0,0,0.0,0,F1,6750,,,,,
2026-02-18,2026-02-18,FO,NSE,STO,83796,,CANBK,,2026-03-30,2026-03-30,178.0,CE,CANBK26MAR178CE,0.0,0.0,0.0,3.92,0.0,3.92,151.95,0.43,0,0,0,0.0,0,F1,6750,,,,,
2026-02-18,2026-02-18,FO,NSE,STO,83766,,CANBK,,2026-03-30,2026-03-30,166.0,CE,CANBK26MAR166CE,0.0,0.0,0.0,7.06,0.0,7.06,151.95,1.75,0,0,0,0.0,0,F1,6750,,,,,
2026-02-18,2026-02-18,FO,NSE,STO,96258,,CANBK,,2026-04-28,2026-04-28,176.0,PE,CANBK26APR176PE,0.0,0.0,0.0,23.01,0.0,23.01,151.95,23.8,0,0,0,0.0,0,F1,6750,,,,,
2026-02-18,2026-02-18,FO,NSE,STF,59283,,CANBK,,2026-02-24,2026-02-24,,,CANBK26FEBFUT,149.5,152.59,148.81,151.79,151.55,149.03,151.95,151.79,154372500,-10779750,7647,7814736360.0,6072,F1,6750,,,,,
2026-02-18,2026-02-18,FO,NSE,STO,83354,,CANBK,,2026-02-24,2026-02-24,145.0,CE,CANBK26FEB145CE,5.3,7.84,5.13,7.1,6.7,5.05,151.95,7.1,2781000,-1620000,914,935127652.5,811,F1,6750,,,,,
2026-02-18,2026-02-18,FO,NSE,STO,83214,,CANBK,,2026-02-24,2026-02-24,166.0,CE,CANBK26FEB166CE,0.15,0.17,0.1,0.11,0.11,0.13,151.95,0.11,546750,20250,56,62796870.0,50,F1,6750,,,,,
2026-02-18,2026-02-18,FO,NSE,STO,83227,,CANBK,,2026-02-24,2026-02-24,176.0,CE,CANBK26FEB176CE,0.04,0.05,0.03,0.03,0.03,0.04,151.95,0.01,2018250,-47250,53,62978242.5,43,F1,6750,,,,,
2026-02-18,2026-02-18,FO,NSE,STO,95589,,CANBK,,2026-03-30,2026-03-30,125.0,CE,CANBK26MAR125CE,0.0,0.0,0.0,31.54,0.0,31.54,151.95,27.8,0,0,0,0.0,0,F1,6750,,,,,
2026-02-18,2026-02-18,FO,NSE,STO,95599,,CANBK,,2026-03-30,2026-03-30,135.0,CE,CANBK26MAR135CE,0.0,0.0,0.0,15.94,15.94,15.94,151.95,18.45,13500,0,0,0.0,0,F1,6750,,,,,
2026-02-18,2026-02-18,FO,NSE,STO,83125,,CANBK,,2026-02-24,2026-02-24,146.0,PE,CANBK26FEB146PE,1.28,1.28,0.41,0.43,0.45,1.35,151.95,0.43,2180250,-101250,758,750381840.0,672,F1,6750,,,,,
2026-02-18,2026-02-18,FO,NSE,STO,96240,,CANBK,,2026-04-28,2026-04-28,160.0,PE,CANBK26APR160PE,0.0,0.0,0.0,12.5,12.5,12.5,151.95,11.6,13500,0,0,0.0,0,F1,6750,,,,,
2026-02-18,2026-02-18,FO,NSE,STO,83201,,CANBK,,2026-02-24,2026-02-24,154.0,PE,CANBK26FEB154PE,4.9,4.9,3.21,3.48,3.65,5.91,151.95,3.48,1134000,-87750,230,244715580.0,136,F1,6750,,,,,
2026-02-18,2026-02-18,FO,NSE,STO,83215,,CANBK,,2026-02-24,2026-02-24,166.0,PE,CANBK26FEB166PE,0.0,0.0,0.0,17.35,17.35,17.35,151.95,13.92,128250,0,0,0.0,0,F1,6750,,,,,
2026-02-18,2026-02-18,FO,NSE,STO,83228,,CANBK,,2026-02-24,2026-02-24,176.0,PE,CANBK26FEB176PE,0.0,0.0,0.0,27.88,0.0,27.88,151.95,23.89,0,0,0,0.0,0,F1,6750,,,,,
2026-02-18,2026-02-18,FO,NSE,STO,83230,,CANBK,,2026-02-24,2026-02-24,178.0,PE,CANBK26FEB178PE,0.0,0.0,0.0,29.53,0.0,29.53,151.95,25.89,0,0,0,0.0,0,F1,6750,,,,,
2026-02-18,2026-02-18,FO,NSE,STO,83657,,CANBK,,2026-03-30,2026-03-30,120.0,PE,CANBK26MAR120PE,0.0,0.0,0.0,0.38,0.38,0.38,151.95,0.03,81000,0,0,0.0,0,F1,6750,,,,,
2026-02-18,2026-02-18,FO,NSE,STO,83673,,CANBK,,2026-03-30,2026-03-30,136.0,PE,CANBK26MAR136PE,0.0,0.0,0.0,1.13,1.13,1.13,151.95,0.81,27000,0,0,0.0,0,F1,6750,,,,,
2026-02-18,2026-02-18,FO,NSE,STO,95606,,CANBK,,2026-03-30,2026-03-30,141.0,PE,CANBK26MAR141PE,1.73,1.73,1.39,1.41,1.42,2.06,151.95,1.41,290250,114750,45,43281945.0,32,F1,6750,,,,,
2026-02-18,2026-02-18,FO,NSE,STO,83696,,CANBK,,2026-03-30,2026-03-30,152.0,PE,CANBK26MAR152PE,5.65,5.73,4.7,4.86,4.97,9.4,151.95,4.86,364500,290250,79,83800845.0,67,F1,6750,,,,,
2026-02-18,2026-02-18,FO,NSE,STO,83717,,CANBK,,2026-03-30,2026-03-30,160.0,PE,CANBK26MAR160PE,11.45,11.45,9.28,9.71,9.85,11.88,151.95,9.71,3793500,1201500,311,356625112.5,248,F1,6750,,,,,
2026-02-18,2026-02-18,FO,NSE,STO,95834,,CANBK,,2026-03-30,2026-03-30,161.0,PE,CANBK26MAR161PE,0.0,0.0,0.0,11.49,0.0,11.49,151.95,10.99,0,0,0,0.0,0,F1,6750,,,,,
2026-02-18,2026-02-18,FO,NSE,STO,83771,,CANBK,,2026-03-30,2026-03-30,168.0,PE,CANBK26MAR168PE,0.0,0.0,0.0,17.9,0.0,17.9,151.95,16.45,0,0,0,0.0,0,F1,6750,,,,,
2026-02-18,2026-02-18,FO,NSE,STO,96058,,CANBK,,2026-04-28,2026-04-28,126.0,PE,CANBK26APR126PE,0.0,0.0,0.0,1.18,0.0,1.18,151.95,0.49,0,0,0,0.0,0,F1,6750,,,,,
2026-02-18,2026-02-18,FO,NSE,STO,96221,,CANBK,,2026-04-28,2026-04-28,146.0,PE,CANBK26APR146PE,0.0,0.0,0.0,5.5,5.5,5.5,151.95,4.48,6750,0,0,0.0,0,F1,6750,,,,,
2026-02-18,2026-02-18,FO,NSE,STO,96244,,CANBK,,2026-04-28,2026-04-28,164.0,PE,CANBK26APR164PE,0.0,0.0,0.0,14.69,0.0,14.69,151.95,14.31,0,0,0,0.0,0,F1,6750,,,,,
2026-02-18,2026-02-18,FO,NSE,STO,95690,,CANBK,,2026-03-30,2026-03-30,143.0,CE,CANBK26MAR143CE,10.9,11.2,10.9,11.2,11.2,7.29,151.95,11.95,27000,-13500,2,2079675.0,2,F1,6750,,,,,
2026-02-18,2026-02-18,FO,NSE,STO,95750,,CANBK,,2026-03-30,2026-03-30,153.0,CE,CANBK26MAR153CE,5.5,5.8,5.0,5.19,5.05,4.0,151.95,5.19,222750,155250,45,48106305.0,42,F1,6750,,,,,
2026-02-18,2026-02-18,FO,NSE,STO,83716,,CANBK,,2026-03-30,2026-03-30,160.0,CE,CANBK26MAR160CE,2.2,3.1,2.15,2.58,2.54,2.02,151.95,2.58,6277500,2126250,1298,1425418830.0,1018,F1,6750,,,,,
2026-02-18,2026-02-18,FO,NSE,STO,83341,,CANBK,,2026-02-24,2026-02-24,133.0,PE,CANBK26FEB133PE,0.06,0.06,0.04,0.05,0.05,0.09,151.95,0.01,405000,-54000,17,15267960.0,17,F1,6750,,,,,
2026-02-18,2026-02-18,FO,NSE,STO,83667,,CANBK,,2026-03-30,2026-03-30,130.0,PE,CANBK26MAR130PE,0.6,0.6,0.41,0.41,0.42,0.57,151.95,0.41,1640250,222750,135,118879042.5,109,F1,6750,,,,,
2026-02-18,2026-02-18,FO,NSE,STO,83675,,CANBK,,2026-03-30,2026-03-30,138.0,PE,CANBK26MAR138PE,1.17,1.2,0.95,0.97,0.99,1.46,151.95,0.97,357750,20250,23,21587580.0,23,F1,6750,,,,,
2026-02-18,2026-02-18,FO,NSE,STO,83686,,CANBK,,2026-03-30,2026-03-30,142.0,PE,CANBK26MAR142PE,1.86,1.95,1.54,1.56,1.56,2.25,151.95,1.56,216000,175500,40,38816482.5,33,F1,6750,,,,,
2026-02-18,2026-02-18,FO,NSE,STO,83694,,CANBK,,2026-03-30,2026-03-30,150.0,PE,CANBK26MAR150PE,5.25,5.4,3.8,3.98,4.04,5.39,151.95,3.98,5231250,1667250,572,596076435.0,464,F1,6750,,,,,
2026-02-18,2026-02-18,FO,NSE,STO,95828,,CANBK,,2026-03-30,2026-03-30,155.0,PE,CANBK26MAR155PE,8.08,8.08,6.2,6.5,6.68,8.32,151.95,6.5,3395250,216000,157,171703867.5,147,F1,6750,,,,,
2026-02-18,2026-02-18,FO,NSE,STO,95830,,CANBK,,2026-03-30,2026-03-30,157.0,PE,CANBK26MAR157PE,0.0,0.0,0.0,9.21,0.0,9.21,151.95,8.32,0,0,0,0.0,0,F1,6750,,,,,
2026-02-18,2026-02-18,FO,NSE,STO,83775,,CANBK,,2026-03-30,2026-03-30,170.0,PE,CANBK26MAR170PE,18.5,18.5,18.5,18.5,18.5,21.6,151.95,18.16,27000,6750,1,1272375.0,1,F1,6750,,,,,
2026-02-18,2026-02-18,FO,NSE,STO,96181,,CANBK,,2026-04-28,2026-04-28,144.0,PE,CANBK26APR144PE,0.0,0.0,0.0,4.75,4.75,4.75,151.95,3.78,6750,0,0,0.0,0,F1,6750,,,,,
2026-02-18,2026-02-18,FO,NSE,STF,66737,,CANBK,,2026-04-28,2026-04-28,,,CANBK26APRFUT,150.8,154.22,150.8,153.26,153.17,150.63,151.95,153.26,2760750,-236250,204,210846037.5,194,F1,6750,,,,,
2026-02-18,2026-02-18,FO,NSE,STO,83116,,CANBK,,2026-02-24,2026-02-24,138.0,CE,CANBK26FEB138CE,13.3,14.5,13.3,14.5,14.5,11.23,151.95,14.08,81000,0,2,2050650.0,2,F1,6750,,,,,
2026-02-18,2026-02-18,FO,NSE,STO,83136,,CANBK,,2026-02-24,2026-02-24,150.0,CE,CANBK26FEB150CE,2.1,3.88,2.1,3.1,2.95,2.13,151.95,3.1,10030500,-7330500,7239,7479659745.0,6192,F1,6750,,,,,
2026-02-18,2026-02-18,FO,NSE,STO,83376,,CANBK,,2026-02-24,2026-02-24,165.0,CE,CANBK26FEB165CE,0.17,0.19,0.11,0.12,0.13,0.15,151.95,0.12,7472250,-843750,671,747995580.0,459,F1,6750,,,,,
2026-02-18,2026-02-18,FO,NSE,STO,83386,,CANBK,,2026-02-24,2026-02-24,175.0,CE,CANBK26FEB175CE,0.0,0.0,0.0,0.05,0.05,0.05,151.95,0.01,6750,0,0,0.0,0,F1,6750,,,,,
2026-02-18,2026-02-18,FO,NSE,STO,83388,,CANBK,,2026-02-24,2026-02-24,177.0,CE,CANBK26FEB177CE,0.0,0.0,0.0,2.17,0.0,2.17,151.95,0.01,0,0,0,0.0,0,F1,6750,,,,,
2026-02-18,2026-02-18,FO,NSE,STO,83654,,CANBK,,2026-03-30,2026-03-30,118.0,CE,CANBK26MAR118CE,0.0,0.0,0.0,38.34,0.0,38.34,151.95,34.68,0,0,0,0.0,0,F1,6750,,,,,
2026-02-18,2026-02-18,FO,NSE,STO,95591,,CANBK,,2026-03-30,2026-03-30,127.0,CE,CANBK26MAR127CE,0.0,0.0,0.0,29.72,0.0,29.72,151.95,25.87,0,0,0,0.0,0,F1,6750,,,,,
2026-02-18,2026-02-18,FO,NSE,STO,95597,,CANBK,,2026-03-30,2026-03-30,133.0,CE,CANBK26MAR133CE,0.0,0.0,0.0,24.46,0.0,24.46,151.95,20.24,0,0,0,0.0,0,F1,6750,,,,,
2026-02-18,2026-02-18,FO,NSE,STO,83676,,CANBK,,2026-03-30,2026-03-30,140.0,CE,CANBK26MAR140CE,12.87,14.73,12.87,13.84,13.74,11.6,151.95,13.84,1343250,290250,134,139199310.0,118,F1,6750,,,,,
2026-02-18,2026-02-18,FO,NSE,STO,95733,,CANBK,,2026-03-30,2026-03-30,145.0,CE,CANBK26MAR145CE,9.0,10.65,8.69,9.9,9.7,8.09,151.95,9.9,1674000,472500,229,239762160.0,160,F1,6750,,,,,
2026-02-18,2026-02-18,FO,NSE,STO,95831,,CANBK,,2026-03-30,2026-03-30,159.0,CE,CANBK26MAR159CE,2.6,3.25,2.43,2.98,2.98,2.35,151.95,3.52,81000,54000,24,26235967.5,23,F1,6750,,,,,
2026-02-18,2026-02-18,FO,NSE,STO,96055,,CANBK,,2026-04-28,2026-04-28,124.0,CE,CANBK26APR124CE,0.0,0.0,0.0,33.58,0.0,33.58,151.95,29.59,0,0,0,0.0,0,F1,6750,,,,,
2026-02-18,2026-02-18,FO,NSE,STO,96224,,CANBK,,2026-04-28,2026-04-28,148.0,CE,CANBK26APR148CE,0.0,0.0,0.0,15.53,0.0,15.53,151.95,10.74,0,0,0,0.0,0,F1,6750,,,,,
2026-02-18,2026-02-18,FO,NSE,STO,96227,,CANBK,,2026-04-28,2026-04-28,150.0,CE,CANBK26APR150CE,8.8,8.8,8.8,8.8,8.8,4.05,151.95,9.62,27000,13500,2,2143800.0,2,F1,6750,,,,,
2026-02-18,2026-02-18,FO,NSE,STO,96232,,CANBK,,2026-04-28,2026-04-28,154.0,CE,CANBK26APR154CE,0.0,0.0,0.0,12.25,0.0,12.25,151.95,7.62,0,0,0,0.0,0,F1,6750,,,,,
2026-02-18,2026-02-18,FO,NSE,STO,36626,,CANBK,,2026-02-24,2026-02-24,119.0,PE,CANBK26FEB119PE,0.0,0.0,0.0,0.02,0.0,0.02,151.95,0.01,0,0,0,0.0,0,F1,6750,,,,,
2026-02-18,2026-02-18,FO,NSE,STO,83219,,CANBK,,2026-02-24,2026-02-24,170.0,CE,CANBK26FEB170CE,0.09,0.1,0.06,0.07,0.08,0.09,151.95,0.07,11211750,-465750,739,848384887.5,467,F1,6750,,,,,
2026-02-18,2026-02-18,FO,NSE,STO,95587,,CANBK,,2026-03-30,2026-03-30,123.0,CE,CANBK26MAR123CE,0.0,0.0,0.0,33.4,0.0,33.4,151.95,29.75,0,0,0,0.0,0,F1,6750,,,,,
2026-02-18,2026-02-18,FO,NSE,STO,83662,,CANBK,,2026-03-30,2026-03-30,126.0,CE,CANBK26MAR126CE,0.0,0.0,0.0,31.21,0.0,31.21,151.95,26.83,0,0,0,0.0,0,F1,6750,,,,,
2026-02-18,2026-02-18,FO,NSE,STO,95748,,CANBK,,2026-03-30,2026-03-30,151.0,CE,CANBK26MAR151CE,6.0,6.76,5.69,6.1,6.06,5.04,151.95,6.1,182250,74250,75,79630492.5,72,F1,6750,,,,,
2026-02-18,2026-02-18,FO,NSE,STO,96252,,CANBK,,2026-04-28,2026-04-28,170.0,PE,CANBK26APR170PE,0.0,0.0,0.0,18.64,0.0,18.64,151.95,18.83,0,0,0,0.0,0,F1,6750,,,,,
2026-02-18,2026-02-18,FO,NSE,STO,83695,,CANBK,,2026-03-30,2026-03-30,152.0,CE,CANBK26MAR152CE,4.95,6.33,4.95,5.58,5.46,4.45,151.95,5.58,472500,384750,173,184228222.5,156,F1,6750,,,,,
2026-02-18,2026-02-18,FO,NSE,STO,96033,,CANBK,,2026-04-28,2026-04-28,120.0,CE,CANBK26APR120CE,0.0,0.0,0.0,37.18,0.0,37.18,151.95,33.38,0,0,0,0.0,0,F1,6750,,,,,
2026-02-18,2026-02-18,FO,NSE,STO,96229,,CANBK,,2026-04-28,2026-04-28,152.0,CE,CANBK26APR152CE,0.0,0.0,0.0,13.29,0.0,13.29,151.95,8.58,0,0,0,0.0,0,F1,6750,,,,,
2026-02-18,2026-02-18,FO,NSE,STO,82994,,CANBK,,2026-02-24,2026-02-24,118.0,PE,CANBK26FEB118PE,0.0,0.0,0.0,0.96,0.0,0.96,151.95,0.01,0,0,0,0.0,0,F1,6750,,,,,
2026-02-18,2026-02-18,FO,NSE,STO,83250,,CANBK,,2026-02-24,2026-02-24,123.0,PE,CANBK26FEB123PE,0.0,0.0,0.0,0.37,0.0,0.37,151.95,0.01,0,0,0,0.0,0,F1,6750,,,,,
2026-02-18,2026-02-18,FO,NSE,STO,83339,,CANBK,,2026-02-24,2026-02-24,131.0,PE,CANBK26FEB131PE,0.05,0.05,0.03,0.04,0.04,0.06,151.95,0.01,195750,-27000,8,7076160.0,8,F1,6750,,,,,
2026-02-18,2026-02-18,FO,NSE,STO,83117,,CANBK,,2026-02-24,2026-02-24,138.0,PE,CANBK26FEB138PE,0.13,0.13,0.07,0.08,0.07,0.19,151.95,0.08,1107000,-492750,277,258197625.0,205,F1,6750,,,,,
2026-02-18,2026-02-18,FO,NSE,STO,83218,,CANBK,,2026-02-24,2026-02-24,168.0,PE,CANBK26FEB168PE,0.0,0.0,0.0,21.66,0.0,21.66,151.95,15.91,0,0,0,0.0,0,F1,6750,,,,,
2026-02-18,2026-02-18,FO,NSE,STO,83381,,CANBK,,2026-02-24,2026-02-24,169.0,PE,CANBK26FEB169PE,0.0,0.0,0.0,17.19,0.0,17.19,151.95,16.9,0,0,0,0.0,0,F1,6750,,,,,
2026-02-18,2026-02-18,FO,NSE,STO,95590,,CANBK,,2026-03-30,2026-03-30,125.0,PE,CANBK26MAR125PE,0.0,0.0,0.0,0.51,0.0,0.51,151.95,0.1,0,0,0,0.0,0,F1,6750,,,,,
2026-02-18,2026-02-18,FO,NSE,STO,95594,,CANBK,,2026-03-30,2026-03-30,129.0,PE,CANBK26MAR129PE,0.0,0.0,0.0,0.85,0.0,0.85,151.95,0.24,0,0,0,0.0,0,F1,6750,,,,,
2026-02-18,2026-02-18,FO,NSE,STO,83690,,CANBK,,2026-03-30,2026-03-30,146.0,PE,CANBK26MAR146PE,2.87,2.9,2.42,2.57,2.59,3.58,151.95,2.57,337500,27000,17,17056912.5,14,F1,6750,,,,,
2026-02-18,2026-02-18,FO,NSE,STO,96228,,CANBK,,2026-04-28,2026-04-28,150.0,PE,CANBK26APR150PE,0.0,0.0,0.0,6.4,6.4,6.4,151.95,6.12,114750,0,0,0.0,0,F1,6750,,,,,
2026-02-18,2026-02-18,FO,NSE,STO,96233,,CANBK,,2026-04-28,2026-04-28,154.0,PE,CANBK26APR154PE,0.0,0.0,0.0,8.5,8.5,8.5,151.95,8.08,13500,0,0,0.0,0,F1,6750,,,,,
2026-02-18,2026-02-18,FO,NSE,STO,96235,,CANBK,,2026-04-28,2026-04-28,156.0,PE,CANBK26APR156PE,0.0,0.0,0.0,9.5,9.5,9.5,151.95,9.17,13500,0,0,0.0,0,F1,6750,,,,,
2026-02-18,2026-02-18,FO,NSE,STO,83200,,CANBK,,2026-02-24,2026-02-24,154.0,CE,CANBK26FEB154CE,0.94,1.88,0.94,1.29,1.23,0.94,151.95,1.29,2436750,-236250,1475,1547863425.0,1268,F1,6750,,,,,
2026-02-18,2026-02-18,FO,NSE,STO,83691,,CANBK,,2026-03-30,2026-03-30,148.0,CE,CANBK26MAR148CE,7.0,8.39,7.0,7.82,7.82,6.4,151.95,7.82,243000,-33750,25,26259255.0,22,F1,6750,,,,,
2026-02-18,2026-02-18,FO,NSE,STO,95835,,CANBK,,2026-03-30,2026-03-30,163.0,CE,CANBK26MAR163CE,0.0,0.0,0.0,6.15,0.0,6.15,151.95,2.39,0,0,0,0.0,0,F1,6750,,,,,
2026-02-18,2026-02-18,FO,NSE,STO,95837,,CANBK,,2026-03-30,2026-03-30,165.0,CE,CANBK26MAR165CE,1.35,1.94,1.33,1.5,1.49,1.21,151.95,1.5,1228500,762750,303,340776180.0,259,F1,6750,,,,,
2026-02-18,2026-02-18,FO,NSE,STO,95841,,CANBK,,2026-03-30,2026-03-30,169.0,CE,CANBK26MAR169CE,0.0,0.0,0.0,4.29,0.0,4.29,151.95,1.26,0,0,0,0.0,0,F1,6750,,,,,
2026-02-18,2026-02-18,FO,NSE,STO,83776,,CANBK,,2026-03-30,2026-03-30,172.0,CE,CANBK26MAR172CE,0.0,0.0,0.0,5.29,0.0,5.29,151.95,0.89,0,0,0,0.0,0,F1,6750,,,,,
2026-02-18,2026-02-18,FO,NSE,STO,96237,,CANBK,,2026-04-28,2026-04-28,158.0,CE,CANBK26APR158CE,0.0,0.0,0.0,10.35,0.0,10.35,151.95,5.93,0,0,0,0.0,0,F1,6750,,,,,
2026-02-18,2026-02-18,FO,NSE,STO,96239,,CANBK,,2026-04-28,2026-04-28,160.0,CE,CANBK26APR160CE,3.0,4.66,0.45,4.66,4.66,3.91,151.95,5.2,81000,20250,9,9871605.0,6,F1,6750,,,,,
2026-02-18,2026-02-18,FO,NSE,STO,83111,,CANBK,,2026-02-24,2026-02-24,132.0,PE,CANBK26FEB132PE,0.04,0.05,0.03,0.04,0.04,0.07,151.95,0.04,317250,-33750,29,25848045.0,29,F1,6750,,,,,
2026-02-18,2026-02-18,FO,NSE,STO,83113,,CANBK,,2026-02-24,2026-02-24,134.0,PE,CANBK26FEB134PE,0.07,0.08,0.05,0.06,0.06,0.09,151.95,0.06,634500,-141750,111,100449180.0,106,F1,6750,,,,,
2026-02-18,2026-02-18,FO,NSE,STO,83359,,CANBK,,2026-02-24,2026-02-24,147.0,PE,CANBK26FEB147PE,1.63,1.63,0.55,0.57,0.58,1.69,151.95,0.57,2389500,155250,852,850085617.5,738,F1,6750,,,,,
2026-02-18,2026-02-18,FO,NSE,STO,83369,,CANBK,,2026-02-24,2026-02-24,157.0,PE,CANBK26FEB157PE,6.47,6.81,5.38,5.88,5.98,8.5,151.95,5.88,850500,-33750,72,79275037.5,67,F1,6750,,,,,
2026-02-18,2026-02-18,FO,NSE,STO,96054,,CANBK,,2026-04-28,2026-04-28,122.0,PE,CANBK26APR122PE,0.0,0.0,0.0,0.78,0.0,0.78,151.95,0.26,0,0,0,0.0,0,F1,6750,,,,,
2026-02-18,2026-02-18,FO,NSE,STO,96056,,CANBK,,2026-04-28,2026-04-28,124.0,PE,CANBK26APR124PE,0.0,0.0,0.0,0.96,0.0,0.96,151.95,0.36,0,0,0,0.0,0,F1,6750,,,,,
2026-02-18,2026-02-18,FO,NSE,STO,96242,,CANBK,,2026-04-28,2026-04-28,162.0,PE,CANBK26APR162PE,0.0,0.0,0.0,13.48,0.0,13.48,151.95,12.92,0,0,0,0.0,0,F1,6750,,,,,
2026-02-18,2026-02-18,FO,NSE,STO,96262,,CANBK,,2026-04-28,2026-04-28,178.0,PE,CANBK26APR178PE,0.0,0.0,0.0,24.55,0.0,24.55,151.95,25.54,0,0,0,0.0,0,F1,6750,,,,,
2026-02-18,2026-02-18,FO,NSE,STO,95738,,CANBK,,2026-03-30,2026-03-30,149.0,PE,CANBK26MAR149PE,4.09,4.09,3.55,3.6,3.6,5.51,151.95,4.17,20250,20250,3,3093120.0,3,F1,6750,,,,,
2026-02-18,2026-02-18,FO,NSE,STO,83001,,CANBK,,2026-02-24,2026-02-24,126.0,CE,CANBK26FEB126CE,0.0,0.0,0.0,26.66,0.0,26.66,151.95,26.06,0,0,0,0.0,0,F1,6750,,,,,
2026-02-18,2026-02-18,FO,NSE,STO,83118,,CANBK,,2026-02-24,2026-02-24,140.0,CE,CANBK26FEB140CE,9.79,12.65,9.79,11.85,11.68,9.3,151.95,11.85,2416500,-526500,174,177691320.0,113,F1,6750,,,,,
2026-02-18,2026-02-18,FO,NSE,STO,83124,,CANBK,,2026-02-24,2026-02-24,146.0,CE,CANBK26FEB146CE,4.75,6.99,4.7,6.1,6.02,4.34,151.95,6.1,1363500,-553500,181,185630872.5,153,F1,6750,,,,,
2026-02-18,2026-02-18,FO,NSE,STO,83368,,CANBK,,2026-02-24,2026-02-24,157.0,CE,CANBK26FEB157CE,0.58,1.02,0.54,0.63,0.6,0.51,151.95,0.63,3834000,-364500,788,839288790.0,591,F1,6750,,,,,
2026-02-18,2026-02-18,FO,NSE,STO,83222,,CANBK,,2026-02-24,2026-02-24,172.0,PE,CANBK26FEB172PE,0.0,0.0,0.0,24.7,0.0,24.7,151.95,19.9,0,0,0,0.0,0,F1,6750,,,,,
2026-02-18,2026-02-18,FO,NSE,STO,83389,,CANBK,,2026-02-24,2026-02-24,177.0,PE,CANBK26FEB177PE,0.0,0.0,0.0,23.51,0.0,23.51,151.95,24.89,0,0,0,0.0,0,F1,6750,,,,,
2026-02-18,2026-02-18,FO,NSE,STO,83681,,CANBK,,2026-03-30,2026-03-30,140.0,PE,CANBK26MAR140PE,1.69,1.74,1.2,1.23,1.27,1.8,151.95,1.23,3570750,168750,586,559160280.0,441,F1,6750,,,,,
2026-02-18,2026-02-18,FO,NSE,STO,95736,,CANBK,,2026-03-30,2026-03-30,147.0,PE,CANBK26MAR147PE,3.0,3.5,2.79,2.82,2.82,3.99,151.95,2.82,229500,67500,14,14186610.0,14,F1,6750,,,,,
2026-02-18,2026-02-18,FO,NSE,STO,83372,,CANBK,,2026-02-24,2026-02-24,161.0,CE,CANBK26FEB161CE,0.28,0.43,0.25,0.26,0.27,0.26,151.95,0.26,2173500,-141750,305,332162235.0,259,F1,6750,,,,,
2026-02-18,2026-02-18,FO,NSE,STO,83367,,CANBK,,2026-02-24,2026-02-24,155.0,PE,CANBK26FEB155PE,5.7,5.85,3.85,4.17,4.34,6.72,151.95,4.17,2517750,-445500,401,431414032.5,340,F1,6750,,,,,
2026-02-18,2026-02-18,FO,NSE,STO,83199,,CANBK,,2026-02-24,2026-02-24,152.0,PE,CANBK26FEB152PE,3.63,3.63,2.05,2.22,2.35,4.43,151.95,2.22,2045250,1275750,943,983066692.5,661,F1,6750,,,,,
2026-02-18,2026-02-18,FO,NSE,STO,96241,,CANBK,,2026-04-28,2026-04-28,162.0,CE,CANBK26APR162CE,0.0,0.0,0.0,8.68,0.0,8.68,151.95,4.54,0,0,0,0.0,0,F1,6750,,,,,
2026-02-18,2026-02-18,FO,NSE,STO,95827,,CANBK,,2026-03-30,2026-03-30,155.0,CE,CANBK26MAR155CE,3.64,4.85,3.45,4.24,4.19,3.32,151.95,4.24,3874500,1093500,809,870031665.0,685,F1,6750,,,,,
2026-02-18,2026-02-18,FO,NSE,STO,83689,,CANBK,,2026-03-30,2026-03-30,146.0,CE,CANBK26MAR146CE,8.4,8.4,8.4,8.4,8.4,7.5,151.95,9.87,114750,0,1,1042200.0,1,F1,6750,,,,,
2026-02-18,2026-02-18,FO,NSE,STO,83682,,CANBK,,2026-03-30,2026-03-30,142.0,CE,CANBK26MAR142CE,0.0,0.0,0.0,10.0,10.0,10.0,151.95,12.7,114750,0,0,0.0,0,F1,6750,,,,,
2026-02-18,2026-02-18,FO,NSE,STO,83668,,CANBK,,2026-03-30,2026-03-30,132.0,CE,CANBK26MAR132CE,0.0,0.0,0.0,12.8,12.8,12.8,151.95,21.16,27000,0,0,0.0,0,F1,6750,,,,,
2026-02-18,2026-02-18,FO,NSE,STO,83384,,CANBK,,2026-02-24,2026-02-24,173.0,CE,CANBK26FEB173CE,0.0,0.0,0.0,2.89,0.0,2.89,151.95,0.01,0,0,0,0.0,0,F1,6750,,,,,
2026-02-18,2026-02-18,FO,NSE,STO,83362,,CANBK,,2026-02-24,2026-02-24,151.0,CE,CANBK26FEB151CE,1.74,3.28,1.74,2.52,2.4,1.74,151.95,2.52,1944000,-33750,3045,3156762712.5,2696,F1,6750,,,,,
2026-02-18,2026-02-18,FO,NSE,STO,83108,,CANBK,,2026-02-24,2026-02-24,132.0,CE,CANBK26FEB132CE,0.0,0.0,0.0,22.0,22.0,22.0,151.95,20.07,6750,0,0,0.0,0,F1,6750,,,,,
2026-02-18,2026-02-18,FO,NSE,STO,83056,,CANBK,,2026-02-24,2026-02-24,128.0,CE,CANBK26FEB128CE,24.05,24.05,24.03,24.05,24.05,14.34,151.95,24.07,209250,-6750,6,6157822.5,6,F1,6750,,,,,
2026-02-18,2026-02-18,FO,NSE,STO,83332,,CANBK,,2026-02-24,2026-02-24,125.0,CE,CANBK26FEB125CE,0.0,0.0,0.0,30.67,0.0,30.67,151.95,27.06,0,0,0,0.0,0,F1,6750,,,,,
2026-02-18,2026-02-18,FO,NSE,STO,96254,,CANBK,,2026-04-28,2026-04-28,172.0,PE,CANBK26APR172PE,0.0,0.0,0.0,20.05,0.0,20.05,151.95,20.44,0,0,0,0.0,0,F1,6750,,,,,
2026-02-18,2026-02-18,FO,NSE,STO,83211,,CANBK,,2026-02-24,2026-02-24,162.0,PE,CANBK26FEB162PE,10.25,10.51,9.78,10.44,10.51,16.22,151.95,10.44,465750,-108000,20,23240722.5,18,F1,6750,,,,,
2026-02-18,2026-02-18,FO,NSE,STF,51837,,CANBK,,2026-03-30,2026-03-30,,,CANBK26MARFUT,150.29,153.45,149.96,152.62,152.44,149.71,151.95,152.62,44833500,13621500,4750,4879493797.5,3590,F1,6750,,,,,
2026-02-18,2026-02-18,FO,NSE,STO,36623,,CANBK,,2026-02-24,2026-02-24,119.0,CE,CANBK26FEB119CE,0.0,0.0,0.0,31.85,0.0,31.85,151.95,33.06,0,0,0,0.0,0,F1,6750,,,,,
2026-02-18,2026-02-18,FO,NSE,STO,96030,,CANBK,,2026-04-28,2026-04-28,116.0,PE,CANBK26APR116PE,0.0,0.0,0.0,0.38,0.0,0.38,151.95,0.09,0,0,0,0.0,0,F1,6750,,,,,
2026-02-18,2026-02-18,FO,NSE,STO,83777,,CANBK,,2026-03-30,2026-03-30,172.0,PE,CANBK26MAR172PE,0.0,0.0,0.0,20.71,0.0,20.71,151.95,19.91,0,0,0,0.0,0,F1,6750,,,,,
2026-02-18,2026-02-18,FO,NSE,STO,95838,,CANBK,,2026-03-30,2026-03-30,165.0,PE,CANBK26MAR165PE,14.7,14.7,13.05,13.45,13.45,16.25,151.95,14.01,60750,13500,4,4822200.0,4,F1,6750,,,,,
2026-02-18,2026-02-18,FO,NSE,STO,95588,,CANBK,,2026-03-30,2026-03-30,123.0,PE,CANBK26MAR123PE,0.0,0.0,0.0,1.29,1.29,1.29,151.95,0.06,40500,0,0,0.0,0,F1,6750,,,,,
2026-02-18,2026-02-18,FO,NSE,STO,83232,,CANBK,,2026-02-24,2026-02-24,180.0,PE,CANBK26FEB180PE,0.0,0.0,0.0,23.28,23.28,23.28,151.95,27.89,94500,0,0,0.0,0,F1,6750,,,,,
2026-02-18,2026-02-18,FO,NSE,STO,83375,,CANBK,,2026-02-24,2026-02-24,163.0,PE,CANBK26FEB163PE,0.0,0.0,0.0,16.18,16.18,16.18,151.95,10.98,74250,0,0,0.0,0,F1,6750,,,,,
2026-02-18,2026-02-18,FO,NSE,STO,83209,,CANBK,,2026-02-24,2026-02-24,160.0,PE,CANBK26FEB160PE,10.41,10.41,8.02,8.55,8.62,11.27,151.95,8.55,4077000,-614250,194,220929322.5,161,F1,6750,,,,,
2026-02-18,2026-02-18,FO,NSE,STO,96029,,CANBK,,2026-04-28,2026-04-28,116.0,CE,CANBK26APR116CE,0.0,0.0,0.0,40.88,0.0,40.88,151.95,37.24,0,0,0,0.0,0,F1,6750,,,,,
2026-02-18,2026-02-18,FO,NSE,STO,95872,,CANBK,,2026-03-30,2026-03-30,173.0,CE,CANBK26MAR173CE,0.0,0.0,0.0,3.33,0.0,3.33,151.95,0.79,0,0,0,0.0,0,F1,6750,,,,,
2026-02-18,2026-02-18,FO,NSE,STO,83666,,CANBK,,2026-03-30,2026-03-30,130.0,CE,CANBK26MAR130CE,21.8,23.72,21.2,23.09,22.8,20.58,151.95,23.09,391500,13500,64,66042810.0,55,F1,6750,,,,,
2026-02-18,2026-02-18,FO,NSE,STO,95593,,CANBK,,2026-03-30,2026-03-30,129.0,CE,CANBK26MAR129CE,0.0,0.0,0.0,27.92,0.0,27.92,151.95,23.96,0,0,0,0.0,0,F1,6750,,,,,
2026-02-18,2026-02-18,FO,NSE,STO,83217,,CANBK,,2026-02-24,2026-02-24,168.0,CE,CANBK26FEB168CE,0.11,0.11,0.08,0.08,0.08,0.11,151.95,0.08,708750,-162000,106,120274335.0,80,F1,6750,,,,,
2026-02-18,2026-02-18,FO,NSE,STO,83370,,CANBK,,2026-02-24,2026-02-24,159.0,CE,CANBK26FEB159CE,0.45,0.66,0.37,0.41,0.41,0.36,151.95,0.41,2396250,-94500,352,378953572.5,264,F1,6750,,,,,
2026-02-18,2026-02-18,FO,NSE,STO,83205,,CANBK,,2026-02-24,2026-02-24,158.0,CE,CANBK26FEB158CE,0.51,0.81,0.46,0.49,0.48,0.43,151.95,0.49,5042250,-216000,577,617694052.5,458,F1,6750,,,,,
2026-02-18,2026-02-18,FO,NSE,STO,83358,,CANBK,,2026-02-24,2026-02-24,147.0,CE,CANBK26FEB147CE,4.97,6.1,3.94,5.32,5.18,3.68,151.95,5.32,1296000,-607500,275,282509775.0,228,F1,6750,,,,,
2026-02-18,2026-02-18,FO,NSE,STO,83114,,CANBK,,2026-02-24,2026-02-24,136.0,CE,CANBK26FEB136CE,0.0,0.0,0.0,10.0,10.0,10.0,151.95,16.08,54000,0,0,0.0,0,F1,6750,,,,,
2026-02-18,2026-02-18,FO,NSE,STO,83106,,CANBK,,2026-02-24,2026-02-24,130.0,CE,CANBK26FEB130CE,21.34,22.5,20.98,22.5,22.5,19.0,151.95,22.07,243000,6750,8,8206110.0,7,F1,6750,,,,,
2026-02-18,2026-02-18,FO,NSE,STO,82997,,CANBK,,2026-02-24,2026-02-24,122.0,CE,CANBK26FEB122CE,0.0,0.0,0.0,29.96,0.0,29.96,151.95,30.06,0,0,0,0.0,0,F1,6750,,,,,
2026-02-18,2026-02-18,FO,NSE,STO,83719,,CANBK,,2026-03-30,2026-03-30,162.0,PE,CANBK26MAR162PE,0.0,0.0,0.0,14.05,0.0,14.05,151.95,11.72,0,0,0,0.0,0,F1,6750,,,,,
2026-02-18,2026-02-18,FO,NSE,STO,96225,,CANBK,,2026-04-28,2026-04-28,148.0,PE,CANBK26APR148PE,0.0,0.0,0.0,6.55,0.0,6.55,151.95,5.26,0,0,0,0.0,0,F1,6750,,,,,
2026-02-18,2026-02-18,FO,NSE,STO,96096,,CANBK,,2026-04-28,2026-04-28,132.0,PE,CANBK26APR132PE,0.0,0.0,0.0,2.06,0.0,2.06,151.95,1.09,0,0,0,0.0,0,F1,6750,,,,,
2026-02-18,2026-02-18,FO,NSE,STO,83767,,CANBK,,2026-03-30,2026-03-30,166.0,PE,CANBK26MAR166PE,0.0,0.0,0.0,22.62,22.62,22.62,151.95,14.81,33750,0,0,0.0,0,F1,6750,,,,,
2026-02-18,2026-02-18,FO,NSE,STO,83756,,CANBK,,2026-03-30,2026-03-30,164.0,PE,CANBK26MAR164PE,0.0,0.0,0.0,15.28,0.0,15.28,151.95,13.23,0,0,0,0.0,0,F1,6750,,,,,
2026-02-18,2026-02-18,FO,NSE,STO,83709,,CANBK,,2026-03-30,2026-03-30,154.0,PE,CANBK26MAR154PE,6.35,6.61,5.9,5.9,5.9,7.83,151.95,6.57,81000,60750,11,11899642.5,8,F1,6750,,,,,
2026-02-18,2026-02-18,FO,NSE,STO,83671,,CANBK,,2026-03-30,2026-03-30,134.0,PE,CANBK26MAR134PE,0.0,0.0,0.0,2.66,0.0,2.66,151.95,0.59,0,0,0,0.0,0,F1,6750,,,,,
2026-02-18,2026-02-18,FO,NSE,STO,83383,,CANBK,,2026-02-24,2026-02-24,171.0,PE,CANBK26FEB171PE,0.0,0.0,0.0,18.7,0.0,18.7,151.95,18.9,0,0,0,0.0,0,F1,6750,,,,,
2026-02-18,2026-02-18,FO,NSE,STO,83123,,CANBK,,2026-02-24,2026-02-24,144.0,PE,CANBK26FEB144PE,0.64,0.64,0.25,0.25,0.26,0.82,151.95,0.25,1134000,-600750,453,441460867.5,321,F1,6750,,,,,
2026-02-18,2026-02-18,FO,NSE,STO,83337,,CANBK,,2026-02-24,2026-02-24,129.0,PE,CANBK26FEB129PE,0.0,0.0,0.0,0.82,0.0,0.82,151.95,0.01,0,0,0,0.0,0,F1,6750,,,,,
2026-02-18,2026-02-18,FO,NSE,STO,83105,,CANBK,,2026-02-24,2026-02-24,128.0,PE,CANBK26FEB128PE,0.02,0.03,0.02,0.02,0.02,0.03,151.95,0.02,1653750,-182250,46,39750412.5,23,F1,6750,,,,,
2026-02-18,2026-02-18,FO,NSE,STO,83333,,CANBK,,2026-02-24,2026-02-24,125.0,PE,CANBK26FEB125PE,0.04,0.04,0.02,0.02,0.02,0.03,151.95,0.01,256500,-40500,12,10127227.5,11,F1,6750,,,,,
2026-02-18,2026-02-18,FO,NSE,STO,96245,,CANBK,,2026-04-28,2026-04-28,166.0,CE,CANBK26APR166CE,0.0,0.0,0.0,7.22,0.0,7.22,151.95,3.42,0,0,0,0.0,0,F1,6750,,,,,
2026-02-18,2026-02-18,FO,NSE,STO,96061,,CANBK,,2026-04-28,2026-04-28,130.0,CE,CANBK26APR130CE,0.0,0.0,0.0,28.44,0.0,28.44,151.95,24.14,0,0,0,0.0,0,F1,6750,,,,,
2026-02-18,2026-02-18,FO,NSE,STO,95886,,CANBK,,2026-03-30,2026-03-30,177.0,PE,CANBK26MAR177PE,0.0,0.0,0.0,22.98,0.0,22.98,151.95,24.47,0,0,0,0.0,0,F1,6750,,,,,
2026-02-18,2026-02-18,FO,NSE,STO,95873,,CANBK,,2026-03-30,2026-03-30,173.0,PE,CANBK26MAR173PE,0.0,0.0,0.0,19.8,0.0,19.8,151.95,20.8,0,0,0,0.0,0,F1,6750,,,,,
2026-02-18,2026-02-18,FO,NSE,STO,95836,,CANBK,,2026-03-30,2026-03-30,163.0,PE,CANBK26MAR163PE,0.0,0.0,0.0,12.72,0.0,12.72,151.95,12.46,0,0,0,0.0,0,F1,6750,,,,,
2026-02-18,2026-02-18,FO,NSE,STO,83715,,CANBK,,2026-03-30,2026-03-30,158.0,PE,CANBK26MAR158PE,0.0,0.0,0.0,11.35,11.35,11.35,151.95,8.95,27000,0,0,0.0,0,F1,6750,,,,,
2026-02-18,2026-02-18,FO,NSE,STO,95691,,CANBK,,2026-03-30,2026-03-30,143.0,PE,CANBK26MAR143PE,2.28,2.35,1.74,1.74,1.74,2.63,151.95,2.15,148500,54000,16,15659595.0,15,F1,6750,,,,,
2026-02-18,2026-02-18,FO,NSE,STO,95600,,CANBK,,2026-03-30,2026-03-30,135.0,PE,CANBK26MAR135PE,0.97,0.97,0.66,0.7,0.95,1.0,151.95,0.7,1356750,-33750,157,143878815.0,127,F1,6750,,,,,
2026-02-18,2026-02-18,FO,NSE,STO,95598,,CANBK,,2026-03-30,2026-03-30,133.0,PE,CANBK26MAR133PE,0.0,0.0,0.0,1.34,0.0,1.34,151.95,0.5,0,0,0,0.0,0,F1,6750,,,,,
2026-02-18,2026-02-18,FO,NSE,STO,83387,,CANBK,,2026-02-24,2026-02-24,175.0,PE,CANBK26FEB175PE,0.0,0.0,0.0,21.86,0.0,21.86,151.95,22.89,0,0,0,0.0,0,F1,6750,,,,,
2026-02-18,2026-02-18,FO,NSE,STO,83000,,CANBK,,2026-02-24,2026-02-24,124.0,PE,CANBK26FEB124PE,0.02,0.02,0.02,0.02,0.02,0.04,151.95,0.01,243000,0,1,837135.0,1,F1,6750,,,,,
2026-02-18,2026-02-18,FO,NSE,STO,96263,,CANBK,,2026-04-28,2026-04-28,180.0,CE,CANBK26APR180CE,0.0,0.0,0.0,3.59,0.0,3.59,151.95,1.12,0,0,0,0.0,0,F1,6750,,,,,
2026-02-18,2026-02-18,FO,NSE,STO,96259,,CANBK,,2026-04-28,2026-04-28,178.0,CE,CANBK26APR178CE,0.0,0.0,0.0,4.0,0.0,4.0,151.95,1.33,0,0,0,0.0,0,F1,6750,,,,,
2026-02-18,2026-02-18,FO,NSE,STO,96180,,CANBK,,2026-04-28,2026-04-28,144.0,CE,CANBK26APR144CE,0.0,0.0,0.0,18.02,0.0,18.02,151.95,13.22,0,0,0,0.0,0,F1,6750,,,,,
2026-02-18,2026-02-18,FO,NSE,STO,36817,,CANBK,,2026-04-28,2026-04-28,118.0,CE,CANBK26APR118CE,0.0,0.0,0.0,34.82,0.0,34.82,151.95,35.3,0,0,0,0.0,0,F1,6750,,,,,
2026-02-18,2026-02-18,FO,NSE,STO,95829,,CANBK,,2026-03-30,2026-03-30,157.0,CE,CANBK26MAR157CE,3.44,4.02,3.33,3.71,3.71,2.74,151.95,4.21,506250,398250,79,85687402.5,69,F1,6750,,,,,
2026-02-18,2026-02-18,FO,NSE,STO,83674,,CANBK,,2026-03-30,2026-03-30,138.0,CE,CANBK26MAR138CE,0.0,0.0,0.0,8.5,8.5,8.5,151.95,15.88,13500,0,0,0.0,0,F1,6750,,,,,
2026-02-18,2026-02-18,FO,NSE,STO,83670,,CANBK,,2026-03-30,2026-03-30,134.0,CE,CANBK26MAR134CE,0.0,0.0,0.0,24.67,0.0,24.67,151.95,19.34,0,0,0,0.0,0,F1,6750,,,,,
2026-02-18,2026-02-18,FO,NSE,STO,95595,,CANBK,,2026-03-30,2026-03-30,131.0,CE,CANBK26MAR131CE,0.0,0.0,0.0,26.17,0.0,26.17,151.95,22.08,0,0,0,0.0,0,F1,6750,,,,,
2026-02-18,2026-02-18,FO,NSE,STO,36778,,CANBK,,2026-03-30,2026-03-30,119.0,CE,CANBK26MAR119CE,0.0,0.0,0.0,32.88,0.0,32.88,151.95,33.69,0,0,0,0.0,0,F1,6750,,,,,
2026-02-18,2026-02-18,FO,NSE,STO,83202,,CANBK,,2026-02-24,2026-02-24,156.0,CE,CANBK26FEB156CE,0.65,1.26,0.65,0.8,0.76,0.62,151.95,0.8,2855250,6750,1234,1307058592.5,1051,F1,6750,,,,,
2026-02-18,2026-02-18,FO,NSE,STO,83364,,CANBK,,2026-02-24,2026-02-24,153.0,CE,CANBK26FEB153CE,1.41,2.28,1.25,1.63,1.51,1.15,151.95,1.63,5379750,6750,3943,4119888150.0,3257,F1,6750,,,,,
2026-02-18,2026-02-18,FO,NSE,STO,83196,,CANBK,,2026-02-24,2026-02-24,152.0,CE,CANBK26FEB152CE,1.42,2.75,0.86,2.02,1.93,1.42,151.95,2.02,5130000,1201500,6160,6410114820.0,5264,F1,6750,,,,,
2026-02-18,2026-02-18,FO,NSE,STO,83112,,CANBK,,2026-02-24,2026-02-24,134.0,CE,CANBK26FEB134CE,0.0,0.0,0.0,9.3,9.3,9.3,151.95,18.07,67500,0,0,0.0,0,F1,6750,,,,,
2026-02-18,2026-02-18,FO,NSE,STO,83334,,CANBK,,2026-02-24,2026-02-24,127.0,CE,CANBK26FEB127CE,0.0,0.0,0.0,28.84,0.0,28.84,151.95,25.06,0,0,0,0.0,0,F1,6750,,,,,
2026-02-18,2026-02-18,FO,NSE,STO,82999,,CANBK,,2026-02-24,2026-02-24,124.0,CE,CANBK26FEB124CE,0.0,0.0,0.0,28.29,0.0,28.29,151.95,28.06,0,0,0,0.0,0,F1,6750,,,,,
2026-02-18,2026-02-18,FO,NSE,STO,96122,,CANBK,,2026-04-28,2026-04-28,134.0,PE,CANBK26APR134PE,0.0,0.0,0.0,2.44,0.0,2.44,151.95,1.38,0,0,0,0.0,0,F1,6750,,,,,
2026-02-18,2026-02-18,FO,NSE,STO,36826,,CANBK,,2026-04-28,2026-04-28,118.0,PE,CANBK26APR118PE,0.0,0.0,0.0,0.73,0.0,0.73,151.95,0.13,0,0,0,0.0,0,F1,6750,,,,,
2026-02-18,2026-02-18,FO,NSE,STO,83225,,CANBK,,2026-02-24,2026-02-24,174.0,CE,CANBK26FEB174CE,0.05,0.05,0.03,0.03,0.03,0.04,151.95,0.03,1687500,-324000,78,91629292.5,63,F1,6750,,,,,
2026-02-18,2026-02-18,FO,NSE,STO,83229,,CANBK,,2026-02-24,2026-02-24,178.0,CE,CANBK26FEB178CE,0.04,0.04,0.02,0.03,0.03,0.04,151.95,0.01,587250,-27000,14,16823632.5,12,F1,6750,,,,,
2026-02-18,2026-02-18,FO,NSE,STO,83656,,CANBK,,2026-03-30,2026-03-30,120.0,CE,CANBK26MAR120CE,0.0,0.0,0.0,29.0,29.0,29.0,151.95,32.7,13500,0,0,0.0,0,F1,6750,,,,,
2026-02-18,2026-02-18,FO,NSE,STO,36783,,CANBK,,2026-03-30,2026-03-30,121.0,CE,CANBK26MAR121CE,0.0,0.0,0.0,31.02,0.0,31.02,151.95,31.72,0,0,0,0.0,0,F1,6750,,,,,
2026-02-18,2026-02-18,FO,NSE,STO,95601,,CANBK,,2026-03-30,2026-03-30,137.0,CE,CANBK26MAR137CE,0.0,0.0,0.0,21.18,0.0,21.18,151.95,16.72,0,0,0,0.0,0,F1,6750,,,,,
2026-02-18,2026-02-18,FO,NSE,STO,95603,,CANBK,,2026-03-30,2026-03-30,139.0,CE,CANBK26MAR139CE,0.0,0.0,0.0,19.62,0.0,19.62,151.95,15.05,0,0,0,0.0,0,F1,6750,,,,,
2026-02-18,2026-02-18,FO,NSE,STO,95605,,CANBK,,2026-03-30,2026-03-30,141.0,CE,CANBK26MAR141CE,0.0,0.0,0.0,18.13,0.0,18.13,151.95,13.46,0,0,0,0.0,0,F1,6750,,,,,
2026-02-18,2026-02-18,FO,NSE,STO,95737,,CANBK,,2026-03-30,2026-03-30,149.0,CE,CANBK26MAR149CE,6.35,7.75,6.33,7.23,7.23,6.22,151.95,7.23,222750,-148500,49,51597000.0,28,F1,6750,,,,,
2026-02-18,2026-02-18,FO,NSE,STO,83778,,CANBK,,2026-03-30,2026-03-30,174.0,CE,CANBK26MAR174CE,0.0,0.0,0.0,4.8,0.0,4.8,151.95,0.7,0,0,0,0.0,0,F1,6750,,,,,
2026-02-18,2026-02-18,FO,NSE,STO,96123,,CANBK,,2026-04-28,2026-04-28,136.0,CE,CANBK26APR136CE,0.0,0.0,0.0,23.67,0.0,23.67,151.95,19.09,0,0,0,0.0,0,F1,6750,,,,,
2026-02-18,2026-02-18,FO,NSE,STO,96251,,CANBK,,2026-04-28,2026-04-28,170.0,CE,CANBK26APR170CE,0.0,0.0,0.0,5.97,0.0,5.97,151.95,2.54,0,0,0,0.0,0,F1,6750,,,,,
2026-02-18,2026-02-18,FO,NSE,STO,96253,,CANBK,,2026-04-28,2026-04-28,172.0,CE,CANBK26APR172CE,0.0,0.0,0.0,5.41,0.0,5.41,151.95,2.17,0,0,0,0.0,0,F1,6750,,,,,
2026-02-18,2026-02-18,FO,NSE,STO,83203,,CANBK,,2026-02-24,2026-02-24,156.0,PE,CANBK26FEB156PE,5.66,5.98,4.65,5.04,5.08,7.58,151.95,5.04,432000,-6750,30,32664330.0,30,F1,6750,,,,,
2026-02-18,2026-02-18,FO,NSE,STO,83665,,CANBK,,2026-03-30,2026-03-30,128.0,PE,CANBK26MAR128PE,0.0,0.0,0.0,1.59,0.0,1.59,151.95,0.19,0,0,0,0.0,0,F1,6750,,,,,
2026-02-18,2026-02-18,FO,NSE,STO,95751,,CANBK,,2026-03-30,2026-03-30,153.0,PE,CANBK26MAR153PE,5.7,5.86,5.2,5.29,5.34,6.68,151.95,5.29,114750,33750,7,7489125.0,7,F1,6750,,,,,
2026-02-18,2026-02-18,FO,NSE,STO,95832,,CANBK,,2026-03-30,2026-03-30,159.0,PE,CANBK26MAR159PE,0.0,0.0,0.0,10.32,0.0,10.32,151.95,9.61,0,0,0,0.0,0,F1,6750,,,,,
2026-02-18,2026-02-18,FO,NSE,STO,95840,,CANBK,,2026-03-30,2026-03-30,167.0,PE,CANBK26MAR167PE,0.0,0.0,0.0,15.38,0.0,15.38,151.95,15.62,0,0,0,0.0,0,F1,6750,,,,,
2026-02-18,2026-02-18,FO,NSE,STO,83795,,CANBK,,2026-03-30,2026-03-30,176.0,PE,CANBK26MAR176PE,0.0,0.0,0.0,23.7,0.0,23.7,151.95,23.54,0,0,0,0.0,0,F1,6750,,,,,
2026-02-18,2026-02-18,FO,NSE,STO,96060,,CANBK,,2026-04-28,2026-04-28,128.0,PE,CANBK26APR128PE,0.0,0.0,0.0,1.43,0.0,1.43,151.95,0.65,0,0,0,0.0,0,F1,6750,,,,,
2026-02-18,2026-02-18,FO,NSE,STO,96179,,CANBK,,2026-04-28,2026-04-28,142.0,PE,CANBK26APR142PE,0.0,0.0,0.0,4.46,0.0,4.46,151.95,3.16,0,0,0,0.0,0,F1,6750,,,,,
2026-02-18,2026-02-18,FO,NSE,STO,83208,,CANBK,,2026-02-24,2026-02-24,160.0,CE,CANBK26FEB160CE,0.35,0.55,0.3,0.33,0.32,0.32,151.95,0.33,23658750,-1458000,2436,2637605430.0,1794,F1,6750,,,,,
2026-02-18,2026-02-18,FO,NSE,STO,83664,,CANBK,,2026-03-30,2026-03-30,128.0,CE,CANBK26MAR128CE,0.0,0.0,0.0,14.8,14.8,14.8,151.95,24.91,6750,0,0,0.0,0,F1,6750,,,,,
2026-02-18,2026-02-18,FO,NSE,STO,83672,,CANBK,,2026-03-30,2026-03-30,136.0,CE,CANBK26MAR136CE,0.0,0.0,0.0,23.15,0.0,23.15,151.95,17.58,0,0,0,0.0,0,F1,6750,,,,,
2026-02-18,2026-02-18,FO,NSE,STO,95735,,CANBK,,2026-03-30,2026-03-30,147.0,CE,CANBK26MAR147CE,0.0,0.0,0.0,6.92,6.92,6.92,151.95,9.22,384750,0,0,0.0,0,F1,6750,,,,,
2026-02-18,2026-02-18,FO,NSE,STO,83718,,CANBK,,2026-03-30,2026-03-30,162.0,CE,CANBK26MAR162CE,2.27,2.48,2.26,2.35,2.35,1.83,151.95,2.35,60750,47250,15,16640842.5,15,F1,6750,,,,,
2026-02-18,2026-02-18,FO,NSE,STO,95885,,CANBK,,2026-03-30,2026-03-30,177.0,CE,CANBK26MAR177CE,0.0,0.0,0.0,2.55,0.0,2.55,151.95,0.48,0,0,0,0.0,0,F1,6750,,,,,
2026-02-18,2026-02-18,FO,NSE,STO,96059,,CANBK,,2026-04-28,2026-04-28,128.0,CE,CANBK26APR128CE,0.0,0.0,0.0,30.12,0.0,30.12,151.95,25.92,0,0,0,0.0,0,F1,6750,,,,,
2026-02-18,2026-02-18,FO,NSE,STO,96063,,CANBK,,2026-04-28,2026-04-28,132.0,CE,CANBK26APR132CE,0.0,0.0,0.0,26.8,0.0,26.8,151.95,22.4,0,0,0,0.0,0,F1,6750,,,,,
2026-02-18,2026-02-18,FO,NSE,STO,96255,,CANBK,,2026-04-28,2026-04-28,174.0,CE,CANBK26APR174CE,0.0,0.0,0.0,4.9,0.0,4.9,151.95,1.85,0,0,0,0.0,0,F1,6750,,,,,
2026-02-18,2026-02-18,FO,NSE,STO,96257,,CANBK,,2026-04-28,2026-04-28,176.0,CE,CANBK26APR176CE,0.0,0.0,0.0,4.43,0.0,4.43,151.95,1.57,0,0,0,0.0,0,F1,6750,,,,,
2026-02-18,2026-02-18,FO,NSE,STO,83115,,CANBK,,2026-02-24,2026-02-24,136.0,PE,CANBK26FEB136PE,0.09,0.1,0.05,0.05,0.05,0.14,151.95,0.05,614250,-256500,102,93689865.0,85,F1,6750,,,,,
2026-02-18,2026-02-18,FO,NSE,STO,83127,,CANBK,,2026-02-24,2026-02-24,148.0,PE,CANBK26FEB148PE,1.8,1.87,0.71,0.75,0.79,2.09,151.95,0.75,2511000,6750,826,831160710.0,730,F1,6750,,,,,
2026-02-18,2026-02-18,FO,NSE,STO,83137,,CANBK,,2026-02-24,2026-02-24,150.0,PE,CANBK26FEB150PE,2.9,2.9,1.21,1.31,1.4,3.09,151.95,1.31,10658250,1350000,3447,3531219975.0,2906,F1,6750,,,,,
2026-02-18,2026-02-18,FO,NSE,STO,83220,,CANBK,,2026-02-24,2026-02-24,170.0,PE,CANBK26FEB170PE,19.0,19.0,18.0,18.0,18.0,21.0,151.95,17.9,627750,-20250,10,12699450.0,10,F1,6750,,,,,
2026-02-18,2026-02-18,FO,NSE,STO,83663,,CANBK,,2026-03-30,2026-03-30,126.0,PE,CANBK26MAR126PE,0.0,0.0,0.0,1.31,0.0,1.31,151.95,0.13,0,0,0,0.0,0,F1,6750,,,,,
2026-02-18,2026-02-18,FO,NSE,STO,83669,,CANBK,,2026-03-30,2026-03-30,132.0,PE,CANBK26MAR132PE,0.0,0.0,0.0,0.85,0.85,0.85,151.95,0.42,47250,0,0,0.0,0,F1,6750,,,,,
2026-02-18,2026-02-18,FO,NSE,STO,95749,,CANBK,,2026-03-30,2026-03-30,151.0,PE,CANBK26MAR151PE,4.77,4.77,4.23,4.43,4.55,6.33,151.95,4.43,175500,175500,28,29381197.5,25,F1,6750,,,,,
2026-02-18,2026-02-18,FO,NSE,STO,83793,,CANBK,,2026-03-30,2026-03-30,174.0,PE,CANBK26MAR174PE,0.0,0.0,0.0,22.19,0.0,22.19,151.95,21.71,0,0,0,0.0,0,F1,6750,,,,,
2026-02-18,2026-02-18,FO,NSE,STO,96175,,CANBK,,2026-04-28,2026-04-28,138.0,PE,CANBK26APR138PE,0.0,0.0,0.0,3.35,0.0,3.35,151.95,2.14,0,0,0,0.0,0,F1,6750,,,,,
2026-02-18,2026-02-18,FO,NSE,STO,96177,,CANBK,,2026-04-28,2026-04-28,140.0,PE,CANBK26APR140PE,0.0,0.0,0.0,2.87,2.87,2.87,151.95,2.62,47250,0,0,0.0,0,F1,6750,,,,,
2026-02-18,2026-02-18,FO,NSE,STO,96256,,CANBK,,2026-04-28,2026-04-28,174.0,PE,CANBK26APR174PE,0.0,0.0,0.0,21.52,0.0,21.52,151.95,22.1,0,0,0,0.0,0,F1,6750,,,,,
2026-02-18,2026-02-18,FO,NSE,STO,83122,,CANBK,,2026-02-24,2026-02-24,144.0,CE,CANBK26FEB144CE,6.82,8.65,6.82,7.96,7.93,5.83,151.95,7.96,519750,-54000,52,53283892.5,44,F1,6750,,,,,
2026-02-18,2026-02-18,FO,NSE,STO,83340,,CANBK,,2026-02-24,2026-02-24,133.0,CE,CANBK26FEB133CE,0.0,0.0,0.0,9.48,9.48,9.48,151.95,19.07,6750,0,0,0.0,0,F1,6750,,,,,
2026-02-18,2026-02-18,FO,NSE,STO,83352,,CANBK,,2026-02-24,2026-02-24,143.0,CE,CANBK26FEB143CE,7.52,9.64,7.52,8.98,8.81,6.64,151.95,8.98,1188000,-168750,60,61484062.5,45,F1,6750,,,,,
2026-02-18,2026-02-18,FO,NSE,STO,83210,,CANBK,,2026-02-24,2026-02-24,162.0,CE,CANBK26FEB162CE,0.25,0.35,0.19,0.22,0.23,0.23,151.95,0.22,2835000,-27000,285,312154492.5,226,F1,6750,,,,,
2026-02-18,2026-02-18,FO,NSE,STO,83126,,CANBK,,2026-02-24,2026-02-24,148.0,CE,CANBK26FEB148CE,3.44,5.3,3.14,4.53,4.33,3.09,151.95,4.53,1748250,-1201500,704,723808440.0,606,F1,6750,,,,,
2026-02-18,2026-02-18,FO,NSE,STO,83348,,CANBK,,2026-02-24,2026-02-24,141.0,CE,CANBK26FEB141CE,10.03,11.04,9.76,10.92,10.92,8.42,151.95,10.92,384750,-20250,10,10216732.5,10,F1,6750,,,,,
2026-02-18,2026-02-18,FO,NSE,STO,83342,,CANBK,,2026-02-24,2026-02-24,135.0,CE,CANBK26FEB135CE,0.0,0.0,0.0,12.6,12.6,12.6,151.95,17.07,135000,0,0,0.0,0,F1,6750,,,,,
2026-02-18,2026-02-18,FO,NSE,STO,83338,,CANBK,,2026-02-24,2026-02-24,131.0,CE,CANBK26FEB131CE,0.0,0.0,0.0,25.28,0.0,25.28,151.95,21.07,0,0,0,0.0,0,F1,6750,,,,,
2026-02-18,2026-02-18,FO,NSE,STO,83336,,CANBK,,2026-02-24,2026-02-24,129.0,CE,CANBK26FEB129CE,0.0,0.0,0.0,27.04,0.0,27.04,151.95,23.07,0,0,0,0.0,0,F1,6750,,,,,
2026-02-18,2026-02-18,FO,NSE,STO,82993,,CANBK,,2026-02-24,2026-02-24,118.0,CE,CANBK26FEB118CE,0.0,0.0,0.0,33.43,0.0,33.43,151.95,34.06,0,0,0,0.0,0,F1,6750,,,,,
2026-02-18,2026-02-18,FO,NSE,STO,96313,,CANBK,,2026-04-28,2026-04-28,180.0,PE,CANBK26APR180PE,0.0,0.0,0.0,26.12,0.0,26.12,151.95,27.31,0,0,0,0.0,0,F1,6750,,,,,
2026-02-18,2026-02-18,FO,NSE,STO,96246,,CANBK,,2026-04-28,2026-04-28,166.0,PE,CANBK26APR166PE,0.0,0.0,0.0,15.96,0.0,15.96,151.95,15.76,0,0,0,0.0,0,F1,6750,,,,,
2026-02-18,2026-02-18,FO,NSE,STO,96125,,CANBK,,2026-04-28,2026-04-28,136.0,PE,CANBK26APR136PE,0.0,0.0,0.0,2.87,0.0,2.87,151.95,1.73,0,0,0,0.0,0,F1,6750,,,,,
2026-02-18,2026-02-18,FO,NSE,STO,95884,,CANBK,,2026-03-30,2026-03-30,175.0,PE,CANBK26MAR175PE,0.0,0.0,0.0,21.37,0.0,21.37,151.95,22.62,0,0,0,0.0,0,F1,6750,,,,,
2026-02-18,2026-02-18,FO,NSE,STO,83688,,CANBK,,2026-03-30,2026-03-30,144.0,PE,CANBK26MAR144PE,2.24,2.26,2.1,2.26,2.26,5.28,151.95,2.42,13500,-6750,3,2960550.0,3,F1,6750,,,,,
2026-02-18,2026-02-18,FO,NSE,STO,95602,,CANBK,,2026-03-30,2026-03-30,137.0,PE,CANBK26MAR137PE,0.98,0.98,0.98,0.98,0.98,1.26,151.95,0.95,101250,6750,1,931365.0,1,F1,6750,,,,,
2026-02-18,2026-02-18,FO,NSE,STO,95592,,CANBK,,2026-03-30,2026-03-30,127.0,PE,CANBK26MAR127PE,0.0,0.0,0.0,0.67,0.0,0.67,151.95,0.16,0,0,0,0.0,0,F1,6750,,,,,
2026-02-18,2026-02-18,FO,NSE,STO,83655,,CANBK,,2026-03-30,2026-03-30,118.0,PE,CANBK26MAR118PE,0.0,0.0,0.0,0.56,0.0,0.56,151.95,0.02,0,0,0,0.0,0,F1,6750,,,,,
2026-02-18,2026-02-18,FO,NSE,STO,83378,,CANBK,,2026-02-24,2026-02-24,167.0,CE,CANBK26FEB167CE,0.13,0.14,0.09,0.09,0.1,0.12,151.95,0.09,897750,6750,102,115055505.0,88,F1,6750,,,,,
2026-02-18,2026-02-18,FO,NSE,STO,83206,,CANBK,,2026-02-24,2026-02-24,158.0,PE,CANBK26FEB158PE,7.7,7.7,6.27,6.73,6.86,9.39,151.95,6.73,432000,-74250,41,45645862.5,41,F1,6750,,,,,
2026-02-18,2026-02-18,FO,NSE,STO,83799,,CANBK,,2026-03-30,2026-03-30,180.0,PE,CANBK26MAR180PE,0.0,0.0,0.0,31.0,31.0,31.0,151.95,27.3,33750,0,0,0.0,0,F1,6750,,,,,
2026-02-18,2026-02-18,FO,NSE,STO,95869,,CANBK,,2026-03-30,2026-03-30,169.0,PE,CANBK26MAR169PE,0.0,0.0,0.0,16.8,0.0,16.8,151.95,17.3,0,0,0,0.0,0,F1,6750,,,,,
2026-02-18,2026-02-18,FO,NSE,STO,83711,,CANBK,,2026-03-30,2026-03-30,156.0,PE,CANBK26MAR156PE,0.0,0.0,0.0,10.66,0.0,10.66,151.95,7.71,0,0,0,0.0,0,F1,6750,,,,,
2026-02-18,2026-02-18,FO,NSE,STO,95604,,CANBK,,2026-03-30,2026-03-30,139.0,PE,CANBK26MAR139PE,1.27,1.38,1.09,1.11,1.11,1.56,151.95,1.11,263250,114750,22,20818687.5,18,F1,6750,,,,,
2026-02-18,2026-02-18,FO,NSE,STO,36791,,CANBK,,2026-03-30,2026-03-30,121.0,PE,CANBK26MAR121PE,0.0,0.0,0.0,0.47,0.0,0.47,151.95,0.04,0,0,0,0.0,0,F1,6750,,,,,
2026-02-18,2026-02-18,FO,NSE,STO,36779,,CANBK,,2026-03-30,2026-03-30,119.0,PE,CANBK26MAR119PE,0.0,0.0,0.0,0.35,0.0,0.35,151.95,0.02,0,0,0,0.0,0,F1,6750,,,,,
2026-02-18,2026-02-18,FO,NSE,STO,83226,,CANBK,,2026-02-24,2026-02-24,174.0,PE,CANBK26FEB174PE,0.0,0.0,0.0,26.27,0.0,26.27,151.95,21.89,0,0,0,0.0,0,F1,6750,,,,,
2026-02-18,2026-02-18,FO,NSE,STO,83379,,CANBK,,2026-02-24,2026-02-24,167.0,PE,CANBK26FEB167PE,0.0,0.0,0.0,18.04,18.04,18.04,151.95,14.91,54000,0,0,0.0,0,F1,6750,,,,,
2026-02-18,2026-02-18,FO,NSE,STO,83363,,CANBK,,2026-02-24,2026-02-24,151.0,PE,CANBK26FEB151PE,2.95,2.98,1.6,1.72,1.82,3.74,151.95,1.72,1161000,519750,697,720350955.0,644,F1,6750,,,,,
2026-02-18,2026-02-18,FO,NSE,STO,83119,,CANBK,,2026-02-24,2026-02-24,140.0,PE,CANBK26FEB140PE,0.25,0.25,0.1,0.12,0.12,0.28,151.95,0.12,7033500,-1458000,994,940309627.5,651,F1,6750,,,,,
2026-02-18,2026-02-18,FO,NSE,STO,83343,,CANBK,,2026-02-24,2026-02-24,135.0,PE,CANBK26FEB135PE,0.09,0.09,0.04,0.06,0.06,0.11,151.95,0.06,1579500,-310500,212,193281390.0,193,F1,6750,,,,,
2026-02-18,2026-02-18,FO,NSE,STO,36734,,CANBK,,2026-02-24,2026-02-24,121.0,PE,CANBK26FEB121PE,0.0,0.0,0.0,0.04,0.0,0.04,151.95,0.01,0,0,0,0.0,0,F1,6750,,,,,
2026-02-18,2026-02-18,FO,NSE,STO,96243,,CANBK,,2026-04-28,2026-04-28,164.0,CE,CANBK26APR164CE,0.0,0.0,0.0,7.93,0.0,7.93,151.95,3.95,0,0,0,0.0,0,F1,6750,,,,,
2026-02-18,2026-02-18,FO,NSE,STO,96168,,CANBK,,2026-04-28,2026-04-28,138.0,CE,CANBK26APR138CE,0.0,0.0,0.0,22.18,0.0,22.18,151.95,17.52,0,0,0,0.0,0,F1,6750,,,,,
2026-02-18,2026-02-18,FO,NSE,STO,96051,,CANBK,,2026-04-28,2026-04-28,122.0,CE,CANBK26APR122CE,0.0,0.0,0.0,35.37,0.0,35.37,151.95,31.48,0,0,0,0.0,0,F1,6750,,,,,
2026-02-18,2026-02-18,FO,NSE,STO,83770,,CANBK,,2026-03-30,2026-03-30,168.0,CE,CANBK26MAR168CE,0.0,0.0,0.0,6.42,0.0,6.42,151.95,1.41,0,0,0,0.0,0,F1,6750,,,,,
2026-02-18,2026-02-18,FO,NSE,STO,95833,,CANBK,,2026-03-30,2026-03-30,161.0,CE,CANBK26MAR161CE,2.36,2.66,2.15,2.15,2.15,6.89,151.95,2.15,54000,54000,21,23176327.5,21,F1,6750,,,,,
2026-02-18,2026-02-18,FO,NSE,STO,83710,,CANBK,,2026-03-30,2026-03-30,156.0,CE,CANBK26MAR156CE,3.82,4.32,3.82,4.32,4.32,5.35,151.95,4.6,27000,20250,5,5401080.0,5,F1,6750,,,,,
2026-02-18,2026-02-18,FO,NSE,STO,83212,,CANBK,,2026-02-24,2026-02-24,164.0,CE,CANBK26FEB164CE,0.18,0.23,0.14,0.15,0.16,0.17,151.95,0.15,1424250,418500,252,279275310.0,130,F1,6750,,,,,
2026-02-18,2026-02-18,FO,NSE,STO,83382,,CANBK,,2026-02-24,2026-02-24,171.0,CE,CANBK26FEB171CE,0.0,0.0,0.0,3.31,0.0,3.31,151.95,0.01,0,0,0,0.0,0,F1,6750,,,,,
2026-02-18,2026-02-18,FO,NSE,STO,83221,,CANBK,,2026-02-24,2026-02-24,172.0,CE,CANBK26FEB172CE,0.07,0.07,0.03,0.04,0.04,0.06,151.95,0.04,1775250,-54000,81,94066920.0,68,F1,6750,,,,,
2026-02-18,2026-02-18,FO,NSE,STO,83658,,CANBK,,2026-03-30,2026-03-30,122.0,CE,CANBK26MAR122CE,0.0,0.0,0.0,34.71,0.0,34.71,151.95,30.73,0,0,0,0.0,0,F1,6750,,,,,
2026-02-18,2026-02-18,FO,NSE,STO,95874,,CANBK,,2026-03-30,2026-03-30,175.0,CE,CANBK26MAR175CE,0.0,0.0,0.0,2.92,0.0,2.92,151.95,0.62,0,0,0,0.0,0,F1,6750,,,,,
2026-02-18,2026-02-18,FO,NSE,STO,83798,,CANBK,,2026-03-30,2026-03-30,180.0,CE,CANBK26MAR180CE,0.34,0.5,0.31,0.35,0.36,0.31,151.95,0.35,411750,155250,242,294685830.0,170,F1,6750,,,,,
2026-02-18,2026-02-18,FO,NSE,STO,96176,,CANBK,,2026-04-28,2026-04-28,140.0,CE,CANBK26APR140CE,0.0,0.0,0.0,20.74,0.0,20.74,151.95,16.01,0,0,0,0.0,0,F1,6750,,,,,
2026-02-18,2026-02-18,FO,NSE,STO,96249,,CANBK,,2026-04-28,2026-04-28,168.0,CE,CANBK26APR168CE,0.0,0.0,0.0,6.57,0.0,6.57,151.95,2.95,0,0,0,0.0,0,F1,6750,,,,,
2026-02-18,2026-02-18,FO,NSE,STO,82996,,CANBK,,2026-02-24,2026-02-24,120.0,PE,CANBK26FEB120PE,0.02,0.02,0.02,0.02,0.02,0.02,151.95,0.01,378000,0,2,1620270.0,2,F1,6750,,,,,
2026-02-18,2026-02-18,FO,NSE,STO,82998,,CANBK,,2026-02-24,2026-02-24,122.0,PE,CANBK26FEB122PE,0.02,0.02,0.01,0.01,0.02,0.03,151.95,0.01,283500,-27000,10,8235810.0,6,F1,6750,,,,,
2026-02-18,2026-02-18,FO,NSE,STO,83353,,CANBK,,2026-02-24,2026-02-24,143.0,PE,CANBK26FEB143PE,0.5,0.56,0.19,0.19,0.2,0.63,151.95,0.19,2457000,47250,333,322043782.5,247,F1,6750,,,,,
2026-02-18,2026-02-18,FO,NSE,STO,137720,,LTIM,,2026-03-30,2026-03-30,6250.0,PE,LTIM26MAR6250PE,0.0,0.0,0.0,458.2,0.0,458.2,5053.95,1160.9,0,0,0,0.0,0,F1,150,,,,,
2026-02-18,2026-02-18,FO,NSE,STO,132826,,LTIM,,2026-03-30,2026-03-30,6500.0,PE,LTIM26MAR6500PE,0.0,0.0,0.0,569.6,0.0,569.6,5053.95,1407.65,0,0,0,0.0,0,F1,150,,,,,
2026-02-18,2026-02-18,FO,NSE,STO,132834,,LTIM,,2026-03-30,2026-03-30,6900.0,PE,LTIM26MAR6900PE,0.0,0.0,0.0,857.7,0.0,857.7,5053.95,1804.65,0,0,0,0.0,0,F1,150,,,,,
2026-02-18,2026-02-18,FO,NSE,STO,137834,,LTIM,,2026-04-28,2026-04-28,4500.0,PE,LTIM26APR4500PE,0.0,0.0,0.0,11.3,0.0,11.3,5053.95,44.85,0,0,0,0.0,0,F1,150,,,,,
2026-02-18,2026-02-18,FO,NSE,STO,114870,,LTIM,,2026-02-24,2026-02-24,6400.0,CE,LTIM26FEB6400CE,0.75,1.25,0.7,1.2,1.2,1.9,5053.95,1.2,22200,-4200,61,58568782.5,42,F1,150,,,,,
2026-02-18,2026-02-18,FO,NSE,STO,132803,,LTIM,,2026-03-30,2026-03-30,5400.0,CE,LTIM26MAR5400CE,98.45,98.45,82.0,88.25,88.2,848.1,5053.95,88.25,1800,1800,33,27155092.5,26,F1,150,,,,,
2026-02-18,2026-02-18,FO,NSE,STO,137705,,LTIM,,2026-03-30,2026-03-30,5550.0,CE,LTIM26MAR5550CE,0.0,0.0,0.0,578.7,0.0,578.7,5053.95,45.45,0,0,0,0.0,0,F1,150,,,,,
2026-02-18,2026-02-18,FO,NSE,STO,137709,,LTIM,,2026-03-30,2026-03-30,5750.0,CE,LTIM26MAR5750CE,38.6,38.6,32.45,32.45,32.45,50.0,5053.95,21.55,450,150,3,2603947.5,3,F1,150,,,,,
2026-02-18,2026-02-18,FO,NSE,STO,132813,,LTIM,,2026-03-30,2026-03-30,5900.0,CE,LTIM26MAR5900CE,0.0,0.0,0.0,509.75,0.0,509.75,5053.95,11.7,0,0,0,0.0,0,F1,150,,,,,
2026-02-18,2026-02-18,FO,NSE,STO,137715,,LTIM,,2026-03-30,2026-03-30,6050.0,CE,LTIM26MAR6050CE,15.0,17.9,15.0,17.9,17.9,100.7,5053.95,17.9,1050,300,3,2729685.0,2,F1,150,,,,,
2026-02-18,2026-02-18,FO,NSE,STO,132835,,LTIM,,2026-03-30,2026-03-30,7000.0,CE,LTIM26MAR7000CE,0.0,0.0,0.0,5.75,5.75,5.75,5053.95,0.05,750,0,0,0.0,0,F1,150,,,,,
2026-02-18,2026-02-18,FO,NSE,STO,137853,,LTIM,,2026-04-28,2026-04-28,5500.0,CE,LTIM26APR5500CE,0.0,0.0,0.0,685.35,0.0,685.35,5053.95,106.4,0,0,0,0.0,0,F1,150,,,,,
2026-02-18,2026-02-18,FO,NSE,STO,132630,,LTIM,,2026-02-24,2026-02-24,6050.0,CE,LTIM26FEB6050CE,2.1,2.1,1.4,1.4,1.4,4.0,5053.95,1.4,28050,-3750,67,60821242.5,48,F1,150,,,,,
2026-02-18,2026-02-18,FO,NSE,STO,114786,,LTIM,,2026-02-24,2026-02-24,4600.0,CE,LTIM26FEB4600CE,0.0,0.0,0.0,477.4,477.4,477.4,5053.95,458.35,1800,0,0,0.0,0,F1,150,,,,,
2026-02-18,2026-02-18,FO,NSE,STO,114802,,LTIM,,2026-02-24,2026-02-24,5200.0,CE,LTIM26FEB5200CE,92.0,92.0,28.4,36.45,37.5,88.9,5053.95,36.45,105900,9000,3993,3138067942.5,3222,F1,150,,,,,
2026-02-18,2026-02-18,FO,NSE,STO,114804,,LTIM,,2026-02-24,2026-02-24,5300.0,CE,LTIM26FEB5300CE,53.75,54.7,15.7,19.65,20.25,53.7,5053.95,19.65,116550,-3300,3381,2698825950.0,2948,F1,150,,,,,
2026-02-18,2026-02-18,FO,NSE,STO,137912,,LTIM,,2026-04-28,2026-04-28,6800.0,PE,LTIM26APR6800PE,0.0,0.0,0.0,890.6,0.0,890.6,5053.95,1677.95,0,0,0,0.0,0,F1,150,,,,,
2026-02-18,2026-02-18,FO,NSE,STO,137846,,LTIM,,2026-04-28,2026-04-28,5100.0,PE,LTIM26APR5100PE,0.0,0.0,0.0,67.7,0.0,67.7,5053.95,242.3,0,0,0,0.0,0,F1,150,,,,,
2026-02-18,2026-02-18,FO,NSE,STO,137832,,LTIM,,2026-04-28,2026-04-28,4400.0,PE,LTIM26APR4400PE,0.0,0.0,0.0,7.8,0.0,7.8,5053.95,30.7,0,0,0,0.0,0,F1,150,,,,,
2026-02-18,2026-02-18,FO,NSE,STO,132788,,LTIM,,2026-03-30,2026-03-30,4600.0,PE,LTIM26MAR4600PE,61.55,78.0,58.3,58.7,58.3,53.05,5053.95,58.7,5850,750,44,30812872.5,32,F1,150,,,,,
2026-02-18,2026-02-18,FO,NSE,STO,132624,,LTIM,,2026-02-24,2026-02-24,5750.0,PE,LTIM26FEB5750PE,587.6,587.6,587.6,587.6,587.6,566.35,5053.95,690.85,4800,150,1,950640.0,1,F1,150,,,,,
2026-02-18,2026-02-18,FO,NSE,STO,137909,,LTIM,,2026-04-28,2026-04-28,6700.0,CE,LTIM26APR6700CE,0.0,0.0,0.0,156.65,0.0,156.65,5053.95,3.2,0,0,0,0.0,0,F1,150,,,,,
2026-02-18,2026-02-18,FO,NSE,STO,132825,,LTIM,,2026-03-30,2026-03-30,6500.0,CE,LTIM26MAR6500CE,0.0,0.0,0.0,239.85,0.0,239.85,5053.95,0.65,0,0,0,0.0,0,F1,150,,,,,
2026-02-18,2026-02-18,FO,NSE,STO,132823,,LTIM,,2026-03-30,2026-03-30,6400.0,CE,LTIM26MAR6400CE,0.0,0.0,0.0,274.9,0.0,274.9,5053.95,1.15,0,0,0,0.0,0,F1,150,,,,,
2026-02-18,2026-02-18,FO,NSE,STO,132819,,LTIM,,2026-03-30,2026-03-30,6200.0,CE,LTIM26MAR6200CE,0.0,0.0,0.0,356.5,0.0,356.5,5053.95,3.05,0,0,0,0.0,0,F1,150,,,,,
2026-02-18,2026-02-18,FO,NSE,STO,132625,,LTIM,,2026-02-24,2026-02-24,5850.0,CE,LTIM26FEB5850CE,3.5,3.5,1.6,2.15,2.0,5.6,5053.95,2.15,22800,-4950,76,66716137.5,43,F1,150,,,,,
2026-02-18,2026-02-18,FO,NSE,STO,137699,,LTIM,,2026-03-30,2026-03-30,5250.0,CE,LTIM26MAR5250CE,125.0,125.0,125.0,125.0,125.0,199.4,5053.95,119.15,450,150,1,806250.0,1,F1,150,,,,,
2026-02-18,2026-02-18,FO,NSE,STO,132652,,LTIM,,2026-02-24,2026-02-24,6250.0,CE,LTIM26FEB6250CE,0.85,0.9,0.75,0.9,0.9,2.55,5053.95,0.05,12900,-450,5,4688122.5,5,F1,150,,,,,
2026-02-18,2026-02-18,FO,NSE,STO,132794,,LTIM,,2026-03-30,2026-03-30,4900.0,PE,LTIM26MAR4900PE,161.0,171.0,137.45,138.45,138.2,123.0,5053.95,138.45,22950,12450,174,132162900.0,150,F1,150,,,,,
2026-02-18,2026-02-18,FO,NSE,STO,137710,,LTIM,,2026-03-30,2026-03-30,5750.0,PE,LTIM26MAR5750PE,745.0,745.0,745.0,745.0,745.0,665.5,5053.95,683.05,1500,0,1,974250.0,1,F1,150,,,,,
2026-02-18,2026-02-18,FO,NSE,STO,137716,,LTIM,,2026-03-30,2026-03-30,6050.0,PE,LTIM26MAR6050PE,0.0,0.0,0.0,834.0,834.0,834.0,5053.95,965.75,600,0,0,0.0,0,F1,150,,,,,
2026-02-18,2026-02-18,FO,NSE,STO,137870,,LTIM,,2026-04-28,2026-04-28,6300.0,PE,LTIM26APR6300PE,0.0,0.0,0.0,535.5,0.0,535.5,5053.95,1192.75,0,0,0,0.0,0,F1,150,,,,,
2026-02-18,2026-02-18,FO,NSE,STO,137615,,LTIM,,2026-03-30,2026-03-30,4750.0,CE,LTIM26MAR4750CE,0.0,0.0,0.0,1251.35,0.0,1251.35,5053.95,393.75,0,0,0,0.0,0,F1,150,,,,,
2026-02-18,2026-02-18,FO,NSE,STO,132781,,LTIM,,2026-03-30,2026-03-30,4300.0,CE,LTIM26MAR4300CE,0.0,0.0,0.0,731.2,731.2,731.2,5053.95,785.9,600,0,0,0.0,0,F1,150,,,,,
2026-02-18,2026-02-18,FO,NSE,STO,132632,,LTIM,,2026-02-24,2026-02-24,6150.0,CE,LTIM26FEB6150CE,1.85,1.85,0.85,0.85,0.85,2.6,5053.95,0.05,17850,-600,7,6459015.0,7,F1,150,,,,,
2026-02-18,2026-02-18,FO,NSE,STO,114823,,LTIM,,2026-02-24,2026-02-24,5900.0,CE,LTIM26FEB5900CE,3.45,3.45,1.55,2.0,2.15,4.5,5053.95,2.0,66300,-11550,252,223105395.0,210,F1,150,,,,,
2026-02-18,2026-02-18,FO,NSE,STO,132409,,LTIM,,2026-02-24,2026-02-24,4750.0,CE,LTIM26FEB4750CE,0.0,0.0,0.0,1372.1,0.0,1372.1,5053.95,311.1,0,0,0,0.0,0,F1,150,,,,,
2026-02-18,2026-02-18,FO,NSE,STO,114788,,LTIM,,2026-02-24,2026-02-24,4700.0,CE,LTIM26FEB4700CE,471.5,471.5,320.75,355.5,355.5,497.3,5053.95,359.5,1500,300,16,12172335.0,15,F1,150,,,,,
2026-02-18,2026-02-18,FO,NSE,STO,132795,,LTIM,,2026-03-30,2026-03-30,5000.0,CE,LTIM26MAR5000CE,271.4,271.4,220.0,238.9,243.25,680.0,5053.95,238.9,5400,5250,71,55719907.5,66,F1,150,,,,,
2026-02-18,2026-02-18,FO,NSE,STO,132815,,LTIM,,2026-03-30,2026-03-30,6000.0,CE,LTIM26MAR6000CE,30.05,30.05,15.8,17.75,17.25,28.85,5053.95,17.75,34500,7500,302,272602372.5,263,F1,150,,,,,
2026-02-18,2026-02-18,FO,NSE,STO,137727,,LTIM,,2026-03-30,2026-03-30,6650.0,CE,LTIM26MAR6650CE,0.0,0.0,0.0,105.6,0.0,105.6,5053.95,0.3,0,0,0,0.0,0,F1,150,,,,,
2026-02-18,2026-02-18,FO,NSE,STO,132865,,LTIM,,2026-03-30,2026-03-30,7200.0,CE,LTIM26MAR7200CE,0.0,0.0,0.0,5.35,5.35,5.35,5053.95,0.05,3000,0,0,0.0,0,F1,150,,,,,
2026-02-18,2026-02-18,FO,NSE,STO,137839,,LTIM,,2026-04-28,2026-04-28,4800.0,CE,LTIM26APR4800CE,0.0,0.0,0.0,1244.15,0.0,1244.15,5053.95,420.25,0,0,0,0.0,0,F1,150,,,,,
2026-02-18,2026-02-18,FO,NSE,STO,137845,,LTIM,,2026-04-28,2026-04-28,5100.0,CE,LTIM26APR5100CE,0.0,0.0,0.0,986.3,0.0,986.3,5053.95,249.0,0,0,0,0.0,0,F1,150,,,,,
2026-02-18,2026-02-18,FO,NSE,STO,137849,,LTIM,,2026-04-28,2026-04-28,5300.0,CE,LTIM26APR5300CE,0.0,0.0,0.0,828.85,0.0,828.85,5053.95,166.3,0,0,0,0.0,0,F1,150,,,,,
2026-02-18,2026-02-18,FO,NSE,STO,114773,,LTIM,,2026-02-24,2026-02-24,4200.0,PE,LTIM26FEB4200PE,0.0,0.0,0.0,4.75,0.0,4.75,5053.95,0.05,0,0,0,0.0,0,F1,150,,,,,
2026-02-18,2026-02-18,FO,NSE,STO,114805,,LTIM,,2026-02-24,2026-02-24,5300.0,PE,LTIM26FEB5300PE,258.95,322.45,244.0,253.55,256.6,194.3,5053.95,253.55,49350,-39900,358,298484287.5,224,F1,150,,,,,
2026-02-18,2026-02-18,FO,NSE,STO,132612,,LTIM,,2026-02-24,2026-02-24,5550.0,PE,LTIM26FEB5550PE,472.6,474.0,472.6,474.0,474.0,400.0,5053.95,491.35,19050,-150,2,1806990.0,2,F1,150,,,,,
2026-02-18,2026-02-18,FO,NSE,STO,132681,,LTIM,,2026-02-24,2026-02-24,6650.0,PE,LTIM26FEB6650PE,0.0,0.0,0.0,1117.95,1117.95,1117.95,5053.95,1590.05,300,0,0,0.0,0,F1,150,,,,,
2026-02-18,2026-02-18,FO,NSE,STO,132786,,LTIM,,2026-03-30,2026-03-30,4500.0,PE,LTIM26MAR4500PE,52.0,58.5,43.5,43.7,43.5,36.7,5053.95,43.7,4650,3150,57,38928967.5,41,F1,150,,,,,
2026-02-18,2026-02-18,FO,NSE,STO,137692,,LTIM,,2026-03-30,2026-03-30,4850.0,PE,LTIM26MAR4850PE,0.0,0.0,0.0,143.5,143.5,143.5,5053.95,89.45,1800,0,0,0.0,0,F1,150,,,,,
2026-02-18,2026-02-18,FO,NSE,STO,114825,,LTIM,,2026-02-24,2026-02-24,6000.0,CE,LTIM26FEB6000CE,3.05,3.15,1.4,1.65,1.85,3.5,5053.95,1.65,203250,-30300,972,875063227.5,457,F1,150,,,,,
2026-02-18,2026-02-18,FO,NSE,STO,114829,,LTIM,,2026-02-24,2026-02-24,6200.0,CE,LTIM26FEB6200CE,1.35,1.55,0.85,1.0,1.05,2.3,5053.95,1.0,159000,-9450,258,239987527.5,89,F1,150,,,,,
2026-02-18,2026-02-18,FO,NSE,STO,114868,,LTIM,,2026-02-24,2026-02-24,6300.0,CE,LTIM26FEB6300CE,1.05,1.15,0.8,1.0,1.1,2.1,5053.95,1.0,52050,1050,87,82226752.5,54,F1,150,,,,,
2026-02-18,2026-02-18,FO,NSE,STO,114878,,LTIM,,2026-02-24,2026-02-24,6800.0,CE,LTIM26FEB6800CE,0.0,0.0,0.0,3.1,3.5,3.1,5053.95,0.05,7050,0,0,0.0,0,F1,150,,,,,
2026-02-18,2026-02-18,FO,NSE,STO,137828,,LTIM,,2026-04-28,2026-04-28,4200.0,PE,LTIM26APR4200PE,0.0,0.0,0.0,3.45,0.0,3.45,5053.95,12.9,0,0,0,0.0,0,F1,150,,,,,
2026-02-18,2026-02-18,FO,NSE,STO,132816,,LTIM,,2026-03-30,2026-03-30,6000.0,PE,LTIM26MAR6000PE,965.0,995.0,955.0,955.0,955.0,412.3,5053.95,917.6,2250,600,4,4180500.0,3,F1,150,,,,,
2026-02-18,2026-02-18,FO,NSE,STO,137700,,LTIM,,2026-03-30,2026-03-30,5250.0,PE,LTIM26MAR5250PE,0.0,0.0,0.0,347.45,347.45,347.45,5053.95,283.65,600,0,0,0.0,0,F1,150,,,,,
2026-02-18,2026-02-18,FO,NSE,STO,132796,,LTIM,,2026-03-30,2026-03-30,5000.0,PE,LTIM26MAR5000PE,169.95,217.6,169.95,179.25,180.0,154.75,5053.95,179.25,44850,-7650,262,204514905.0,196,F1,150,,,,,
2026-02-18,2026-02-18,FO,NSE,STO,137694,,LTIM,,2026-03-30,2026-03-30,4950.0,PE,LTIM26MAR4950PE,0.0,0.0,0.0,122.75,122.75,122.75,5053.95,125.5,750,0,0,0.0,0,F1,150,,,,,
2026-02-18,2026-02-18,FO,NSE,STO,137616,,LTIM,,2026-03-30,2026-03-30,4750.0,PE,LTIM26MAR4750PE,115.55,115.55,107.0,107.0,107.0,112.25,5053.95,61.25,1350,1050,9,6560670.0,4,F1,150,,,,,
2026-02-18,2026-02-18,FO,NSE,STO,114822,,LTIM,,2026-02-24,2026-02-24,5800.0,PE,LTIM26FEB5800PE,0.0,0.0,0.0,695.8,695.8,695.8,5053.95,740.8,16950,0,0,0.0,0,F1,150,,,,,
2026-02-18,2026-02-18,FO,NSE,STO,114795,,LTIM,,2026-02-24,2026-02-24,4900.0,PE,LTIM26FEB4900PE,28.45,58.75,23.5,24.8,26.55,25.2,5053.95,24.8,35700,-8550,2036,1509419647.5,1628,F1,150,,,,,
2026-02-18,2026-02-18,FO,NSE,STO,137869,,LTIM,,2026-04-28,2026-04-28,6300.0,CE,LTIM26APR6300CE,0.0,0.0,0.0,272.5,0.0,272.5,5053.95,11.85,0,0,0,0.0,0,F1,150,,,,,
2026-02-18,2026-02-18,FO,NSE,STO,137855,,LTIM,,2026-04-28,2026-04-28,5600.0,CE,LTIM26APR5600CE,0.0,0.0,0.0,619.5,0.0,619.5,5053.95,83.7,0,0,0,0.0,0,F1,150,,,,,
2026-02-18,2026-02-18,FO,NSE,STO,137695,,LTIM,,2026-03-30,2026-03-30,5050.0,CE,LTIM26MAR5050CE,201.2,203.0,201.2,203.0,203.0,976.45,5053.95,204.2,450,450,4,3151530.0,4,F1,150,,,,,
2026-02-18,2026-02-18,FO,NSE,STO,132611,,LTIM,,2026-02-24,2026-02-24,5550.0,CE,LTIM26FEB5550CE,11.3,11.3,4.85,5.75,5.9,15.75,5053.95,5.75,58800,-14700,451,375873945.0,334,F1,150,,,,,
2026-02-18,2026-02-18,FO,NSE,STO,132383,,LTIM,,2026-02-24,2026-02-24,4450.0,CE,LTIM26FEB4450CE,0.0,0.0,0.0,1665.95,0.0,1665.95,5053.95,608.0,0,0,0,0.0,0,F1,150,,,,,
2026-02-18,2026-02-18,FO,NSE,STO,114784,,LTIM,,2026-02-24,2026-02-24,4500.0,CE,LTIM26FEB4500CE,0.0,0.0,0.0,640.15,640.15,640.15,5053.95,558.05,0,0,0,0.0,0,F1,150,,,,,
2026-02-18,2026-02-18,FO,NSE,STO,114792,,LTIM,,2026-02-24,2026-02-24,4900.0,CE,LTIM26FEB4900CE,282.5,282.5,147.95,188.85,185.15,290.7,5053.95,188.85,6300,2850,116,88335142.5,104,F1,150,,,,,
2026-02-18,2026-02-18,FO,NSE,STO,132535,,LTIM,,2026-02-24,2026-02-24,5150.0,PE,LTIM26FEB5150PE,105.45,191.9,105.45,133.85,138.45,101.8,5053.95,133.85,14400,-15000,599,475793775.0,484,F1,150,,,,,
2026-02-18,2026-02-18,FO,NSE,STO,137871,,LTIM,,2026-04-28,2026-04-28,6400.0,CE,LTIM26APR6400CE,0.0,0.0,0.0,238.5,0.0,238.5,5053.95,8.65,0,0,0,0.0,0,F1,150,,,,,
2026-02-18,2026-02-18,FO,NSE,STO,137857,,LTIM,,2026-04-28,2026-04-28,5700.0,CE,LTIM26APR5700CE,0.0,0.0,0.0,557.65,0.0,557.65,5053.95,65.2,0,0,0,0.0,0,F1,150,,,,,
2026-02-18,2026-02-18,FO,NSE,STO,137725,,LTIM,,2026-03-30,2026-03-30,6550.0,CE,LTIM26MAR6550CE,0.0,0.0,0.0,127.35,0.0,127.35,5053.95,0.5,0,0,0,0.0,0,F1,150,,,,,
2026-02-18,2026-02-18,FO,NSE,STO,132410,,LTIM,,2026-02-24,2026-02-24,4750.0,PE,LTIM26FEB4750PE,15.0,23.35,7.85,7.9,7.95,22.25,5053.95,7.9,14700,3600,281,200834295.0,253,F1,150,,,,,
2026-02-18,2026-02-18,FO,NSE,STO,132422,,LTIM,,2026-02-24,2026-02-24,4950.0,PE,LTIM26FEB4950PE,39.2,76.95,34.85,36.3,38.6,34.3,5053.95,36.3,17850,-18000,981,736609650.0,761,F1,150,,,,,
2026-02-18,2026-02-18,FO,NSE,STO,114801,,LTIM,,2026-02-24,2026-02-24,5100.0,PE,LTIM26FEB5100PE,75.85,158.0,75.8,102.25,103.5,78.95,5053.95,102.25,47850,-4950,2766,2166252705.0,2291,F1,150,,,,,
2026-02-18,2026-02-18,FO,NSE,STO,132631,,LTIM,,2026-02-24,2026-02-24,6050.0,PE,LTIM26FEB6050PE,0.0,0.0,0.0,524.3,524.3,524.3,5053.95,990.6,23700,0,0,0.0,0,F1,150,,,,,
2026-02-18,2026-02-18,FO,NSE,STO,132653,,LTIM,,2026-02-24,2026-02-24,6250.0,PE,LTIM26FEB6250PE,0.0,0.0,0.0,1070.0,1070.0,1070.0,5053.95,1190.4,5250,0,0,0.0,0,F1,150,,,,,
2026-02-18,2026-02-18,FO,NSE,STO,114871,,LTIM,,2026-02-24,2026-02-24,6400.0,PE,LTIM26FEB6400PE,0.0,0.0,0.0,871.35,871.35,871.35,5053.95,1340.25,1350,0,0,0.0,0,F1,150,,,,,
2026-02-18,2026-02-18,FO,NSE,STO,132679,,LTIM,,2026-02-24,2026-02-24,6550.0,PE,LTIM26FEB6550PE,0.0,0.0,0.0,555.6,0.0,555.6,5053.95,1490.15,0,0,0,0.0,0,F1,150,,,,,
2026-02-18,2026-02-18,FO,NSE,STO,137858,,LTIM,,2026-04-28,2026-04-28,5700.0,PE,LTIM26APR5700PE,0.0,0.0,0.0,229.9,0.0,229.9,5053.95,652.3,0,0,0,0.0,0,F1,150,,,,,
2026-02-18,2026-02-18,FO,NSE,STO,137848,,LTIM,,2026-04-28,2026-04-28,5200.0,PE,LTIM26APR5200PE,0.0,0.0,0.0,85.8,0.0,85.8,5053.95,296.85,0,0,0,0.0,0,F1,150,,,,,
2026-02-18,2026-02-18,FO,NSE,STO,137844,,LTIM,,2026-04-28,2026-04-28,5000.0,PE,LTIM26APR5000PE,0.0,0.0,0.0,52.6,0.0,52.6,5053.95,194.0,0,0,0,0.0,0,F1,150,,,,,
2026-02-18,2026-02-18,FO,NSE,STO,137840,,LTIM,,2026-04-28,2026-04-28,4800.0,PE,LTIM26APR4800PE,160.0,160.0,160.0,160.0,160.0,30.15,5053.95,116.65,150,150,1,744000.0,1,F1,150,,,,,
2026-02-18,2026-02-18,FO,NSE,STO,132810,,LTIM,,2026-03-30,2026-03-30,5700.0,PE,LTIM26MAR5700PE,682.0,682.0,682.0,682.0,682.0,580.0,5053.95,637.95,900,150,1,957300.0,1,F1,150,,,,,
2026-02-18,2026-02-18,FO,NSE,STO,137704,,LTIM,,2026-03-30,2026-03-30,5450.0,PE,LTIM26MAR5450PE,0.0,0.0,0.0,491.95,491.95,491.95,5053.95,427.3,600,0,0,0.0,0,F1,150,,,,,
2026-02-18,2026-02-18,FO,NSE,STO,132804,,LTIM,,2026-03-30,2026-03-30,5400.0,PE,LTIM26MAR5400PE,460.0,460.0,445.0,445.0,445.0,369.1,5053.95,388.95,4800,750,13,11402250.0,5,F1,150,,,,,
2026-02-18,2026-02-18,FO,NSE,STO,132782,,LTIM,,2026-03-30,2026-03-30,4300.0,PE,LTIM26MAR4300PE,35.85,35.85,28.85,28.85,28.85,27.0,5053.95,6.1,8100,0,5,3248857.5,5,F1,150,,,,,
2026-02-18,2026-02-18,FO,NSE,STO,114799,,LTIM,,2026-02-24,2026-02-24,5100.0,CE,LTIM26FEB5100CE,120.05,120.05,51.8,67.25,66.75,139.75,5053.95,67.25,67950,24300,3080,2387074162.5,2655,F1,150,,,,,
2026-02-18,2026-02-18,FO,NSE,STO,132534,,LTIM,,2026-02-24,2026-02-24,5150.0,CE,LTIM26FEB5150CE,112.3,112.3,38.45,49.4,48.6,112.5,5053.95,49.4,35100,2850,1363,1063572412.5,1190,F1,150,,,,,
2026-02-18,2026-02-18,FO,NSE,STO,132587,,LTIM,,2026-02-24,2026-02-24,5250.0,CE,LTIM26FEB5250CE,70.6,70.6,21.15,26.3,27.95,69.05,5053.95,26.3,31650,2850,1195,946005105.0,1153,F1,150,,,,,
2026-02-18,2026-02-18,FO,NSE,STO,132676,,LTIM,,2026-02-24,2026-02-24,6450.0,CE,LTIM26FEB6450CE,0.0,0.0,0.0,3.9,3.9,3.9,5053.95,0.05,9000,0,0,0.0,0,F1,150,,,,,
2026-02-18,2026-02-18,FO,NSE,STO,114884,,LTIM,,2026-02-24,2026-02-24,7100.0,CE,LTIM26FEB7100CE,0.0,0.0,0.0,0.5,0.5,0.5,5053.95,0.05,2850,0,0,0.0,0,F1,150,,,,,
2026-02-18,2026-02-18,FO,NSE,STO,114888,,LTIM,,2026-02-24,2026-02-24,7300.0,CE,LTIM26FEB7300CE,0.0,0.0,0.0,6.05,6.05,6.05,5053.95,0.05,600,0,0,0.0,0,F1,150,,,,,
2026-02-18,2026-02-18,FO,NSE,STO,137611,,LTIM,,2026-03-30,2026-03-30,4550.0,CE,LTIM26MAR4550CE,0.0,0.0,0.0,555.75,555.75,555.75,5053.95,556.4,300,0,0,0.0,0,F1,150,,,,,
2026-02-18,2026-02-18,FO,NSE,STO,137717,,LTIM,,2026-03-30,2026-03-30,6150.0,CE,LTIM26MAR6150CE,0.0,0.0,0.0,251.55,0.0,251.55,5053.95,3.85,0,0,0,0.0,0,F1,150,,,,,
2026-02-18,2026-02-18,FO,NSE,STO,137721,,LTIM,,2026-03-30,2026-03-30,6350.0,CE,LTIM26MAR6350CE,0.0,0.0,0.0,104.6,104.6,104.6,5053.95,1.45,1950,0,0,0.0,0,F1,150,,,,,
2026-02-18,2026-02-18,FO,NSE,STO,137723,,LTIM,,2026-03-30,2026-03-30,6450.0,CE,LTIM26MAR6450CE,0.0,0.0,0.0,27.0,27.0,27.0,5053.95,0.85,1500,0,0,0.0,0,F1,150,,,,,
2026-02-18,2026-02-18,FO,NSE,STO,132833,,LTIM,,2026-03-30,2026-03-30,6900.0,CE,LTIM26MAR6900CE,0.0,0.0,0.0,4.35,4.35,4.35,5053.95,0.05,150,0,0,0.0,0,F1,150,,,,,
2026-02-18,2026-02-18,FO,NSE,STO,137837,,LTIM,,2026-04-28,2026-04-28,4700.0,CE,LTIM26APR4700CE,0.0,0.0,0.0,1334.65,0.0,1334.65,5053.95,489.8,0,0,0,0.0,0,F1,150,,,,,
2026-02-18,2026-02-18,FO,NSE,STO,137915,,LTIM,,2026-04-28,2026-04-28,7000.0,CE,LTIM26APR7000CE,0.0,0.0,0.0,99.4,0.0,99.4,5053.95,1.1,0,0,0,0.0,0,F1,150,,,,,
2026-02-18,2026-02-18,FO,NSE,STO,137854,,LTIM,,2026-04-28,2026-04-28,5500.0,PE,LTIM26APR5500PE,0.0,0.0,0.0,160.65,0.0,160.65,5053.95,495.55,0,0,0,0.0,0,F1,150,,,,,
2026-02-18,2026-02-18,FO,NSE,STO,137866,,LTIM,,2026-04-28,2026-04-28,6100.0,PE,LTIM26APR6100PE,0.0,0.0,0.0,417.65,0.0,417.65,5053.95,1004.7,0,0,0,0.0,0,F1,150,,,,,
2026-02-18,2026-02-18,FO,NSE,STO,132281,,LTIM,,2026-02-24,2026-02-24,4300.0,CE,LTIM26FEB4300CE,0.0,0.0,0.0,1814.05,0.0,1814.05,5053.95,757.85,0,0,0,0.0,0,F1,150,,,,,
2026-02-18,2026-02-18,FO,NSE,STO,132407,,LTIM,,2026-02-24,2026-02-24,4650.0,CE,LTIM26FEB4650CE,0.0,0.0,0.0,1469.5,0.0,1469.5,5053.95,408.7,0,0,0,0.0,0,F1,150,,,,,
2026-02-18,2026-02-18,FO,NSE,STO,132615,,LTIM,,2026-02-24,2026-02-24,5750.0,CE,LTIM26FEB5750CE,4.25,4.3,2.4,2.95,2.95,7.25,5053.95,2.95,23700,-11550,231,199347052.5,137,F1,150,,,,,
2026-02-18,2026-02-18,FO,NSE,STO,114886,,LTIM,,2026-02-24,2026-02-24,7200.0,CE,LTIM26FEB7200CE,0.2,0.2,0.2,0.2,0.2,4.0,5053.95,0.2,3300,-150,1,1080030.0,1,F1,150,,,,,
2026-02-18,2026-02-18,FO,NSE,STO,132787,,LTIM,,2026-03-30,2026-03-30,4600.0,CE,LTIM26MAR4600CE,0.0,0.0,0.0,1550.95,0.0,1550.95,5053.95,513.55,0,0,0,0.0,0,F1,150,,,,,
2026-02-18,2026-02-18,FO,NSE,STO,137691,,LTIM,,2026-03-30,2026-03-30,4850.0,CE,LTIM26MAR4850CE,0.0,0.0,0.0,1157.7,0.0,1157.7,5053.95,322.55,0,0,0,0.0,0,F1,150,,,,,
2026-02-18,2026-02-18,FO,NSE,STO,132821,,LTIM,,2026-03-30,2026-03-30,6300.0,CE,LTIM26MAR6300CE,0.0,0.0,0.0,18.1,18.1,18.1,5053.95,1.85,2250,0,0,0.0,0,F1,150,,,,,
2026-02-18,2026-02-18,FO,NSE,STO,137843,,LTIM,,2026-04-28,2026-04-28,5000.0,CE,LTIM26APR5000CE,0.0,0.0,0.0,1069.65,0.0,1069.65,5053.95,299.7,0,0,0,0.0,0,F1,150,,,,,
2026-02-18,2026-02-18,FO,NSE,STO,137907,,LTIM,,2026-04-28,2026-04-28,6600.0,CE,LTIM26APR6600CE,0.0,0.0,0.0,180.6,0.0,180.6,5053.95,4.5,0,0,0,0.0,0,F1,150,,,,,
2026-02-18,2026-02-18,FO,NSE,STO,114787,,LTIM,,2026-02-24,2026-02-24,4600.0,PE,LTIM26FEB4600PE,5.65,10.5,3.35,3.55,3.35,4.15,5053.95,3.55,16650,-2100,366,252910402.5,342,F1,150,,,,,
2026-02-18,2026-02-18,FO,NSE,STO,132588,,LTIM,,2026-02-24,2026-02-24,5250.0,PE,LTIM26FEB5250PE,250.0,266.25,231.05,243.75,243.75,157.9,5053.95,205.8,5850,-1800,28,23103172.5,28,F1,150,,,,,
2026-02-18,2026-02-18,FO,NSE,STO,114818,,LTIM,,2026-02-24,2026-02-24,5600.0,PE,LTIM26FEB5600PE,590.0,599.0,567.5,567.5,567.5,405.9,5053.95,541.1,36600,-2550,20,18553972.5,11,F1,150,,,,,
2026-02-18,2026-02-18,FO,NSE,STF,51968,,LTIM,,2026-03-30,2026-03-30,,,LTIM26MARFUT,5199.0,5199.0,4994.0,5060.0,5064.5,5158.5,5053.95,5060.0,669450,138300,1951,1476854700.0,1750,F1,150,,,,,
2026-02-18,2026-02-18,FO,NSE,STO,132614,,LTIM,,2026-02-24,2026-02-24,5650.0,PE,LTIM26FEB5650PE,536.2,599.85,536.2,592.35,585.1,559.3,5053.95,592.35,26550,-300,5,4673325.0,5,F1,150,,,,,
2026-02-18,2026-02-18,FO,NSE,STO,114881,,LTIM,,2026-02-24,2026-02-24,6900.0,PE,LTIM26FEB6900PE,0.0,0.0,0.0,1056.55,0.0,1056.55,5053.95,1839.8,0,0,0,0.0,0,F1,150,,,,,
2026-02-18,2026-02-18,FO,NSE,STF,59413,,LTIM,,2026-02-24,2026-02-24,,,LTIM26FEBFUT,5174.0,5174.0,4994.0,5065.5,5062.0,5159.5,5053.95,5065.5,2269350,-8400,3736,2828510925.0,3422,F1,150,,,,,
2026-02-18,2026-02-18,FO,NSE,STO,137872,,LTIM,,2026-04-28,2026-04-28,6400.0,PE,LTIM26APR6400PE,0.0,0.0,0.0,599.95,0.0,599.95,5053.95,1288.5,0,0,0,0.0,0,F1,150,,,,,
2026-02-18,2026-02-18,FO,NSE,STO,132820,,LTIM,,2026-03-30,2026-03-30,6200.0,PE,LTIM26MAR6200PE,0.0,0.0,0.0,996.0,996.0,996.0,5053.95,1111.85,300,0,0,0.0,0,F1,150,,,,,
2026-02-18,2026-02-18,FO,NSE,STO,137722,,LTIM,,2026-03-30,2026-03-30,6350.0,PE,LTIM26MAR6350PE,0.0,0.0,0.0,524.1,0.0,524.1,5053.95,1259.35,0,0,0,0.0,0,F1,150,,,,,
2026-02-18,2026-02-18,FO,NSE,STO,137859,,LTIM,,2026-04-28,2026-04-28,5800.0,CE,LTIM26APR5800CE,0.0,0.0,0.0,499.95,0.0,499.95,5053.95,50.3,0,0,0,0.0,0,F1,150,,,,,
2026-02-18,2026-02-18,FO,NSE,STO,132613,,LTIM,,2026-02-24,2026-02-24,5650.0,CE,LTIM26FEB5650CE,7.3,7.3,3.35,3.9,3.9,10.45,5053.95,3.9,29850,-1200,157,133156665.0,140,F1,150,,,,,
2026-02-18,2026-02-18,FO,NSE,STO,114806,,LTIM,,2026-02-24,2026-02-24,5400.0,CE,LTIM26FEB5400CE,32.3,34.35,9.05,11.05,11.45,32.2,5053.95,11.05,57900,-12300,1163,944184735.0,820,F1,150,,,,,
2026-02-18,2026-02-18,FO,NSE,STO,132423,,LTIM,,2026-02-24,2026-02-24,5050.0,CE,LTIM26FEB5050CE,130.8,130.8,70.0,89.75,91.2,167.35,5053.95,89.75,46350,20100,2686,2068331130.0,1863,F1,150,,,,,
2026-02-18,2026-02-18,FO,NSE,STO,114869,,LTIM,,2026-02-24,2026-02-24,6300.0,PE,LTIM26FEB6300PE,0.0,0.0,0.0,1163.65,1163.65,1163.65,5053.95,1240.35,8100,0,0,0.0,0,F1,150,,,,,
2026-02-18,2026-02-18,FO,NSE,STO,132675,,LTIM,,2026-02-24,2026-02-24,6350.0,PE,LTIM26FEB6350PE,0.0,0.0,0.0,437.85,437.85,437.85,5053.95,1290.3,450,0,0,0.0,0,F1,150,,,,,
2026-02-18,2026-02-18,FO,NSE,STO,137698,,LTIM,,2026-03-30,2026-03-30,5150.0,PE,LTIM26MAR5150PE,238.65,238.65,238.65,238.65,238.65,218.7,5053.95,222.7,300,0,2,1616595.0,2,F1,150,,,,,
2026-02-18,2026-02-18,FO,NSE,STO,137712,,LTIM,,2026-03-30,2026-03-30,5850.0,PE,LTIM26MAR5850PE,0.0,0.0,0.0,830.75,830.75,830.75,5053.95,775.3,600,0,0,0.0,0,F1,150,,,,,
2026-02-18,2026-02-18,FO,NSE,STO,132824,,LTIM,,2026-03-30,2026-03-30,6400.0,PE,LTIM26MAR6400PE,0.0,0.0,0.0,855.75,855.75,855.75,5053.95,1308.7,2850,0,0,0.0,0,F1,150,,,,,
2026-02-18,2026-02-18,FO,NSE,STO,137850,,LTIM,,2026-04-28,2026-04-28,5300.0,PE,LTIM26APR5300PE,0.0,0.0,0.0,107.2,0.0,107.2,5053.95,357.55,0,0,0,0.0,0,F1,150,,,,,
2026-02-18,2026-02-18,FO,NSE,STO,137908,,LTIM,,2026-04-28,2026-04-28,6600.0,PE,LTIM26APR6600PE,0.0,0.0,0.0,739.05,0.0,739.05,5053.95,1482.25,0,0,0,0.0,0,F1,150,,,,,
2026-02-18,2026-02-18,FO,NSE,STO,137916,,LTIM,,2026-04-28,2026-04-28,7000.0,PE,LTIM26APR7000PE,0.0,0.0,0.0,1051.7,0.0,1051.7,5053.95,1874.75,0,0,0,0.0,0,F1,150,,,,,
2026-02-18,2026-02-18,FO,NSE,STO,132811,,LTIM,,2026-03-30,2026-03-30,5800.0,CE,LTIM26MAR5800CE,30.1,30.4,26.95,29.65,29.25,47.9,5053.95,29.65,4800,2400,59,51583890.0,54,F1,150,,,,,
2026-02-18,2026-02-18,FO,NSE,STO,132405,,LTIM,,2026-02-24,2026-02-24,4550.0,CE,LTIM26FEB4550CE,0.0,0.0,0.0,1567.5,0.0,1567.5,5053.95,508.15,0,0,0,0.0,0,F1,150,,,,,
2026-02-18,2026-02-18,FO,NSE,STO,132417,,LTIM,,2026-02-24,2026-02-24,4850.0,CE,LTIM26FEB4850CE,0.0,0.0,0.0,336.65,336.65,336.65,5053.95,218.95,1200,0,0,0.0,0,F1,150,,,,,
2026-02-18,2026-02-18,FO,NSE,STO,132592,,LTIM,,2026-02-24,2026-02-24,5350.0,CE,LTIM26FEB5350CE,26.05,26.05,12.2,14.8,14.7,41.3,5053.95,14.8,33900,1200,316,254354850.0,282,F1,150,,,,,
2026-02-18,2026-02-18,FO,NSE,STO,114874,,LTIM,,2026-02-24,2026-02-24,6600.0,CE,LTIM26FEB6600CE,1.0,1.0,0.1,0.4,0.4,1.0,5053.95,0.4,12000,-1800,46,45542377.5,38,F1,150,,,,,
2026-02-18,2026-02-18,FO,NSE,STO,132793,,LTIM,,2026-03-30,2026-03-30,4900.0,CE,LTIM26MAR4900CE,0.0,0.0,0.0,1271.4,0.0,1271.4,5053.95,289.85,0,0,0,0.0,0,F1,150,,,,,
2026-02-18,2026-02-18,FO,NSE,STO,137707,,LTIM,,2026-03-30,2026-03-30,5650.0,CE,LTIM26MAR5650CE,0.0,0.0,0.0,511.8,0.0,511.8,5053.95,31.6,0,0,0,0.0,0,F1,150,,,,,
2026-02-18,2026-02-18,FO,NSE,STO,132817,,LTIM,,2026-03-30,2026-03-30,6100.0,CE,LTIM26MAR6100CE,22.0,22.0,13.75,13.75,13.75,22.6,5053.95,13.75,2850,0,9,8255415.0,9,F1,150,,,,,
2026-02-18,2026-02-18,FO,NSE,STO,114808,,LTIM,,2026-02-24,2026-02-24,5500.0,CE,LTIM26FEB5500CE,16.8,16.8,5.9,7.25,7.6,19.85,5053.95,7.25,171300,48900,1763,1456657162.5,1245,F1,150,,,,,
2026-02-18,2026-02-18,FO,NSE,STO,132684,,LTIM,,2026-02-24,2026-02-24,6850.0,CE,LTIM26FEB6850CE,0.0,0.0,0.0,6.15,8.35,6.15,5053.95,0.05,300,0,0,0.0,0,F1,150,,,,,
2026-02-18,2026-02-18,FO,NSE,STO,114880,,LTIM,,2026-02-24,2026-02-24,6900.0,CE,LTIM26FEB6900CE,0.0,0.0,0.0,5.0,5.0,5.0,5053.95,0.05,1050,0,0,0.0,0,F1,150,,,,,
2026-02-18,2026-02-18,FO,NSE,STO,114882,,LTIM,,2026-02-24,2026-02-24,7000.0,CE,LTIM26FEB7000CE,0.1,0.7,0.1,0.45,0.45,1.0,5053.95,0.45,28800,-900,22,23101057.5,16,F1,150,,,,,
2026-02-18,2026-02-18,FO,NSE,STO,137609,,LTIM,,2026-03-30,2026-03-30,4450.0,CE,LTIM26MAR4450CE,0.0,0.0,0.0,648.9,648.9,648.9,5053.95,645.55,300,0,0,0.0,0,F1,150,,,,,
2026-02-18,2026-02-18,FO,NSE,STO,132791,,LTIM,,2026-03-30,2026-03-30,4800.0,CE,LTIM26MAR4800CE,0.0,0.0,0.0,1363.1,0.0,1363.1,5053.95,357.2,0,0,0,0.0,0,F1,150,,,,,
2026-02-18,2026-02-18,FO,NSE,STO,132797,,LTIM,,2026-03-30,2026-03-30,5100.0,CE,LTIM26MAR5100CE,214.4,215.4,174.9,190.3,190.0,255.0,5053.95,190.3,11250,8700,140,110997525.0,132,F1,150,,,,,
2026-02-18,2026-02-18,FO,NSE,STO,137847,,LTIM,,2026-04-28,2026-04-28,5200.0,CE,LTIM26APR5200CE,0.0,0.0,0.0,905.95,0.0,905.95,5053.95,204.6,0,0,0,0.0,0,F1,150,,,,,
2026-02-18,2026-02-18,FO,NSE,STO,137861,,LTIM,,2026-04-28,2026-04-28,5900.0,CE,LTIM26APR5900CE,0.0,0.0,0.0,446.4,0.0,446.4,5053.95,38.4,0,0,0,0.0,0,F1,150,,,,,
2026-02-18,2026-02-18,FO,NSE,STO,137865,,LTIM,,2026-04-28,2026-04-28,6100.0,CE,LTIM26APR6100CE,0.0,0.0,0.0,351.55,0.0,351.55,5053.95,21.75,0,0,0,0.0,0,F1,150,,,,,
2026-02-18,2026-02-18,FO,NSE,STO,137911,,LTIM,,2026-04-28,2026-04-28,6800.0,CE,LTIM26APR6800CE,0.0,0.0,0.0,135.25,0.0,135.25,5053.95,2.25,0,0,0,0.0,0,F1,150,,,,,
2026-02-18,2026-02-18,FO,NSE,STO,132282,,LTIM,,2026-02-24,2026-02-24,4300.0,PE,LTIM26FEB4300PE,0.0,0.0,0.0,0.35,0.0,0.35,5053.95,0.05,0,0,0,0.0,0,F1,150,,,,,
2026-02-18,2026-02-18,FO,NSE,STO,114791,,LTIM,,2026-02-24,2026-02-24,4800.0,PE,LTIM26FEB4800PE,14.0,33.85,10.9,11.55,11.95,14.0,5053.95,11.55,118050,20700,2592,1874900235.0,2102,F1,150,,,,,
2026-02-18,2026-02-18,FO,NSE,STO,132610,,LTIM,,2026-02-24,2026-02-24,5450.0,PE,LTIM26FEB5450PE,0.0,0.0,0.0,376.0,376.0,376.0,5053.95,392.45,9750,0,0,0.0,0,F1,150,,,,,
2026-02-18,2026-02-18,FO,NSE,STO,114816,,LTIM,,2026-02-24,2026-02-24,5500.0,PE,LTIM26FEB5500PE,350.25,489.95,350.25,445.2,441.35,356.0,5053.95,445.2,30450,-450,15,13397505.0,9,F1,150,,,,,
2026-02-18,2026-02-18,FO,NSE,STO,132626,,LTIM,,2026-02-24,2026-02-24,5850.0,PE,LTIM26FEB5850PE,685.15,685.15,685.15,685.15,685.15,733.95,5053.95,790.75,6750,-150,1,980272.5,1,F1,150,,,,,
2026-02-18,2026-02-18,FO,NSE,STO,132798,,LTIM,,2026-03-30,2026-03-30,5100.0,PE,LTIM26MAR5100PE,206.0,269.0,206.0,227.55,226.0,197.9,5053.95,227.55,8250,900,50,40057215.0,42,F1,150,,,,,
2026-02-18,2026-02-18,FO,NSE,STO,132800,,LTIM,,2026-03-30,2026-03-30,5200.0,PE,LTIM26MAR5200PE,250.3,337.65,250.3,307.0,307.0,241.0,5053.95,252.2,15000,-3000,66,54446145.0,37,F1,150,,,,,
2026-02-18,2026-02-18,FO,NSE,STO,137706,,LTIM,,2026-03-30,2026-03-30,5550.0,PE,LTIM26MAR5550PE,0.0,0.0,0.0,570.95,570.95,570.95,5053.95,508.15,450,0,0,0.0,0,F1,150,,,,,
2026-02-18,2026-02-18,FO,NSE,STO,137714,,LTIM,,2026-03-30,2026-03-30,5950.0,PE,LTIM26MAR5950PE,0.0,0.0,0.0,288.05,0.0,288.05,5053.95,869.75,0,0,0,0.0,0,F1,150,,,,,
2026-02-18,2026-02-18,FO,NSE,STO,137718,,LTIM,,2026-03-30,2026-03-30,6150.0,PE,LTIM26MAR6150PE,0.0,0.0,0.0,396.75,0.0,396.75,5053.95,1062.95,0,0,0,0.0,0,F1,150,,,,,
2026-02-18,2026-02-18,FO,NSE,STO,132822,,LTIM,,2026-03-30,2026-03-30,6300.0,PE,LTIM26MAR6300PE,0.0,0.0,0.0,650.0,650.0,650.0,5053.95,1210.05,150,0,0,0.0,0,F1,150,,,,,
2026-02-18,2026-02-18,FO,NSE,STO,137868,,LTIM,,2026-04-28,2026-04-28,6200.0,PE,LTIM26APR6200PE,0.0,0.0,0.0,474.65,0.0,474.65,5053.95,1098.05,0,0,0,0.0,0,F1,150,,,,,
2026-02-18,2026-02-18,FO,NSE,STO,137864,,LTIM,,2026-04-28,2026-04-28,6000.0,PE,LTIM26APR6000PE,0.0,0.0,0.0,364.55,0.0,364.55,5053.95,913.0,0,0,0,0.0,0,F1,150,,,,,
2026-02-18,2026-02-18,FO,NSE,STO,137842,,LTIM,,2026-04-28,2026-04-28,4900.0,PE,LTIM26APR4900PE,0.0,0.0,0.0,40.15,0.0,40.15,5053.95,152.15,0,0,0,0.0,0,F1,150,,,,,
2026-02-18,2026-02-18,FO,NSE,STO,137836,,LTIM,,2026-04-28,2026-04-28,4600.0,PE,LTIM26APR4600PE,0.0,0.0,0.0,16.0,0.0,16.0,5053.95,63.5,0,0,0,0.0,0,F1,150,,,,,
2026-02-18,2026-02-18,FO,NSE,STO,132832,,LTIM,,2026-03-30,2026-03-30,6800.0,PE,LTIM26MAR6800PE,0.0,0.0,0.0,781.1,0.0,781.1,5053.95,1705.3,0,0,0,0.0,0,F1,150,,,,,
2026-02-18,2026-02-18,FO,NSE,STO,132628,,LTIM,,2026-02-24,2026-02-24,5950.0,CE,LTIM26FEB5950CE,2.0,2.0,1.2,1.2,1.2,4.0,5053.95,1.2,15450,-2700,19,16962975.0,13,F1,150,,,,,
2026-02-18,2026-02-18,FO,NSE,STO,132802,,LTIM,,2026-03-30,2026-03-30,5300.0,PE,LTIM26MAR5300PE,360.0,377.0,360.0,377.0,377.0,299.3,5053.95,317.0,5400,300,3,2551905.0,3,F1,150,,,,,
2026-02-18,2026-02-18,FO,NSE,STO,137696,,LTIM,,2026-03-30,2026-03-30,5050.0,PE,LTIM26MAR5050PE,188.65,229.5,188.65,206.4,206.1,146.0,5053.95,206.4,4350,1050,11,8661510.0,7,F1,150,,,,,
2026-02-18,2026-02-18,FO,NSE,STO,137610,,LTIM,,2026-03-30,2026-03-30,4450.0,PE,LTIM26MAR4450PE,0.0,0.0,0.0,56.6,56.6,56.6,5053.95,14.9,450,0,0,0.0,0,F1,150,,,,,
2026-02-18,2026-02-18,FO,NSE,STO,132784,,LTIM,,2026-03-30,2026-03-30,4400.0,PE,LTIM26MAR4400PE,36.3,46.0,32.65,32.85,32.8,33.35,5053.95,32.85,5250,-5850,161,107221530.0,98,F1,150,,,,,
2026-02-18,2026-02-18,FO,NSE,STO,114877,,LTIM,,2026-02-24,2026-02-24,6700.0,PE,LTIM26FEB6700PE,0.0,0.0,0.0,1150.0,1150.0,1150.0,5053.95,1640.0,1050,0,0,0.0,0,F1,150,,,,,
2026-02-18,2026-02-18,FO,NSE,STO,114830,,LTIM,,2026-02-24,2026-02-24,6200.0,PE,LTIM26FEB6200PE,0.0,0.0,0.0,993.0,993.0,993.0,5053.95,1140.45,6000,0,0,0.0,0,F1,150,,,,,
2026-02-18,2026-02-18,FO,NSE,STO,114789,,LTIM,,2026-02-24,2026-02-24,4700.0,PE,LTIM26FEB4700PE,8.7,18.3,5.85,6.2,6.5,8.7,5053.95,6.2,37950,4800,703,496846875.0,583,F1,150,,,,,
2026-02-18,2026-02-18,FO,NSE,STO,114785,,LTIM,,2026-02-24,2026-02-24,4500.0,PE,LTIM26FEB4500PE,2.85,6.3,2.1,2.4,2.7,2.9,5053.95,2.4,19050,3450,440,297268590.0,353,F1,150,,,,,
2026-02-18,2026-02-18,FO,NSE,STO,132384,,LTIM,,2026-02-24,2026-02-24,4450.0,PE,LTIM26FEB4450PE,2.1,2.45,2.0,2.0,2.0,2.1,5053.95,0.05,150,-300,4,2671342.5,4,F1,150,,,,,
2026-02-18,2026-02-18,FO,NSE,STO,132807,,LTIM,,2026-03-30,2026-03-30,5600.0,CE,LTIM26MAR5600CE,65.0,65.0,48.3,50.35,50.2,78.25,5053.95,50.35,13200,3150,44,37292782.5,41,F1,150,,,,,
2026-02-18,2026-02-18,FO,NSE,STO,132829,,LTIM,,2026-03-30,2026-03-30,6700.0,CE,LTIM26MAR6700CE,0.0,0.0,0.0,180.35,0.0,180.35,5053.95,0.25,0,0,0,0.0,0,F1,150,,,,,
2026-02-18,2026-02-18,FO,NSE,STO,114783,,LTIM,,2026-02-24,2026-02-24,4400.0,PE,LTIM26FEB4400PE,1.7,4.0,1.35,1.85,2.0,1.7,5053.95,1.85,9000,450,88,58115730.0,64,F1,150,,,,,
2026-02-18,2026-02-18,FO,NSE,STO,114821,,LTIM,,2026-02-24,2026-02-24,5800.0,CE,LTIM26FEB5800CE,6.15,6.4,1.85,2.45,2.6,5.95,5053.95,2.45,86100,-26550,746,649330957.5,466,F1,150,,,,,
2026-02-18,2026-02-18,FO,NSE,STO,114827,,LTIM,,2026-02-24,2026-02-24,6100.0,CE,LTIM26FEB6100CE,2.1,2.1,1.3,1.4,1.4,2.8,5053.95,1.4,49200,-18150,185,169315740.0,118,F1,150,,,,,
2026-02-18,2026-02-18,FO,NSE,STO,132680,,LTIM,,2026-02-24,2026-02-24,6650.0,CE,LTIM26FEB6650CE,0.0,0.0,0.0,0.1,0.1,0.1,5053.95,0.05,1050,0,0,0.0,0,F1,150,,,,,
2026-02-18,2026-02-18,FO,NSE,STO,132779,,LTIM,,2026-03-30,2026-03-30,4200.0,CE,LTIM26MAR4200CE,857.1,857.1,857.1,857.1,857.1,823.3,5053.95,882.3,1800,300,2,1517130.0,1,F1,150,,,,,
2026-02-18,2026-02-18,FO,NSE,STO,132785,,LTIM,,2026-03-30,2026-03-30,4500.0,CE,LTIM26MAR4500CE,0.0,0.0,0.0,750.0,750.0,750.0,5053.95,600.45,450,0,0,0.0,0,F1,150,,,,,
2026-02-18,2026-02-18,FO,NSE,STO,137613,,LTIM,,2026-03-30,2026-03-30,4650.0,CE,LTIM26MAR4650CE,0.0,0.0,0.0,1346.5,0.0,1346.5,5053.95,472.05,0,0,0,0.0,0,F1,150,,,,,
2026-02-18,2026-02-18,FO,NSE,STO,137697,,LTIM,,2026-03-30,2026-03-30,5150.0,CE,LTIM26MAR5150CE,0.0,0.0,0.0,889.7,0.0,889.7,5053.95,157.6,0,0,0,0.0,0,F1,150,,,,,
2026-02-18,2026-02-18,FO,NSE,STO,137701,,LTIM,,2026-03-30,2026-03-30,5350.0,CE,LTIM26MAR5350CE,95.95,95.95,95.95,95.95,95.95,172.95,5053.95,88.25,600,150,1,816892.5,1,F1,150,,,,,
2026-02-18,2026-02-18,FO,NSE,STO,137708,,LTIM,,2026-03-30,2026-03-30,5650.0,PE,LTIM26MAR5650PE,0.0,0.0,0.0,580.85,580.85,580.85,5053.95,593.7,300,0,0,0.0,0,F1,150,,,,,
2026-02-18,2026-02-18,FO,NSE,STO,132812,,LTIM,,2026-03-30,2026-03-30,5800.0,PE,LTIM26MAR5800PE,770.0,772.0,770.0,772.0,772.0,733.0,5053.95,728.85,4950,300,2,1971300.0,2,F1,150,,,,,
2026-02-18,2026-02-18,FO,NSE,STO,137728,,LTIM,,2026-03-30,2026-03-30,6650.0,PE,LTIM26MAR6650PE,0.0,0.0,0.0,745.55,0.0,745.55,5053.95,1556.4,0,0,0,0.0,0,F1,150,,,,,
2026-02-18,2026-02-18,FO,NSE,STO,132830,,LTIM,,2026-03-30,2026-03-30,6700.0,PE,LTIM26MAR6700PE,0.0,0.0,0.0,707.15,0.0,707.15,5053.95,1606.0,0,0,0,0.0,0,F1,150,,,,,
2026-02-18,2026-02-18,FO,NSE,STO,137838,,LTIM,,2026-04-28,2026-04-28,4700.0,PE,LTIM26APR4700PE,0.0,0.0,0.0,22.2,0.0,22.2,5053.95,87.25,0,0,0,0.0,0,F1,150,,,,,
2026-02-18,2026-02-18,FO,NSE,STO,137860,,LTIM,,2026-04-28,2026-04-28,5800.0,PE,LTIM26APR5800PE,0.0,0.0,0.0,270.65,0.0,270.65,5053.95,736.35,0,0,0,0.0,0,F1,150,,,,,
2026-02-18,2026-02-18,FO,NSE,STO,132806,,LTIM,,2026-03-30,2026-03-30,5500.0,PE,LTIM26MAR5500PE,540.75,540.8,540.75,540.8,540.8,515.0,5053.95,467.05,5250,-300,2,1812232.5,2,F1,150,,,,,
2026-02-18,2026-02-18,FO,NSE,STO,137702,,LTIM,,2026-03-30,2026-03-30,5350.0,PE,LTIM26MAR5350PE,0.0,0.0,0.0,416.8,416.8,416.8,5053.95,352.15,300,0,0,0.0,0,F1,150,,,,,
2026-02-18,2026-02-18,FO,NSE,STO,132406,,LTIM,,2026-02-24,2026-02-24,4550.0,PE,LTIM26FEB4550PE,3.1,3.1,2.65,2.85,2.65,1.45,5053.95,2.85,300,300,5,3414637.5,4,F1,150,,,,,
2026-02-18,2026-02-18,FO,NSE,STO,137719,,LTIM,,2026-03-30,2026-03-30,6250.0,CE,LTIM26MAR6250CE,0.0,0.0,0.0,134.85,134.85,134.85,5053.95,2.4,2100,0,0,0.0,0,F1,150,,,,,
2026-02-18,2026-02-18,FO,NSE,STO,132831,,LTIM,,2026-03-30,2026-03-30,6800.0,CE,LTIM26MAR6800CE,0.0,0.0,0.0,155.8,0.0,155.8,5053.95,0.15,0,0,0,0.0,0,F1,150,,,,,
2026-02-18,2026-02-18,FO,NSE,STO,137831,,LTIM,,2026-04-28,2026-04-28,4400.0,CE,LTIM26APR4400CE,0.0,0.0,0.0,1615.7,0.0,1615.7,5053.95,730.15,0,0,0,0.0,0,F1,150,,,,,
2026-02-18,2026-02-18,FO,NSE,STO,137835,,LTIM,,2026-04-28,2026-04-28,4600.0,CE,LTIM26APR4600CE,0.0,0.0,0.0,1426.95,0.0,1426.95,5053.95,565.0,0,0,0,0.0,0,F1,150,,,,,
2026-02-18,2026-02-18,FO,NSE,STO,137851,,LTIM,,2026-04-28,2026-04-28,5400.0,CE,LTIM26APR5400CE,0.0,0.0,0.0,755.5,0.0,755.5,5053.95,133.75,0,0,0,0.0,0,F1,150,,,,,
2026-02-18,2026-02-18,FO,NSE,STO,132629,,LTIM,,2026-02-24,2026-02-24,5950.0,PE,LTIM26FEB5950PE,0.0,0.0,0.0,780.0,780.0,780.0,5053.95,890.65,18600,0,0,0.0,0,F1,150,,,,,
2026-02-18,2026-02-18,FO,NSE,STO,114875,,LTIM,,2026-02-24,2026-02-24,6600.0,PE,LTIM26FEB6600PE,0.0,0.0,0.0,1594.85,1594.85,1594.85,5053.95,1540.1,150,0,0,0.0,0,F1,150,,,,,
2026-02-18,2026-02-18,FO,NSE,STO,132780,,LTIM,,2026-03-30,2026-03-30,4200.0,PE,LTIM26MAR4200PE,22.6,29.7,20.95,20.95,20.95,19.7,5053.95,20.95,7500,1800,21,13307805.0,18,F1,150,,,,,
2026-02-18,2026-02-18,FO,NSE,STO,137614,,LTIM,,2026-03-30,2026-03-30,4650.0,PE,LTIM26MAR4650PE,0.0,0.0,0.0,7.35,0.0,7.35,5053.95,40.15,0,0,0,0.0,0,F1,150,,,,,
2026-02-18,2026-02-18,FO,NSE,STO,132818,,LTIM,,2026-03-30,2026-03-30,6100.0,PE,LTIM26MAR6100PE,0.0,0.0,0.0,339.05,0.0,339.05,5053.95,1014.25,0,0,0,0.0,0,F1,150,,,,,
2026-02-18,2026-02-18,FO,NSE,STO,132828,,LTIM,,2026-03-30,2026-03-30,6600.0,PE,LTIM26MAR6600PE,0.0,0.0,0.0,636.7,0.0,636.7,5053.95,1506.8,0,0,0,0.0,0,F1,150,,,,,
2026-02-18,2026-02-18,FO,NSE,STO,132836,,LTIM,,2026-03-30,2026-03-30,7000.0,PE,LTIM26MAR7000PE,0.0,0.0,0.0,936.7,0.0,936.7,5053.95,1904.05,0,0,0,0.0,0,F1,150,,,,,
2026-02-18,2026-02-18,FO,NSE,STO,137856,,LTIM,,2026-04-28,2026-04-28,5600.0,PE,LTIM26APR5600PE,0.0,0.0,0.0,193.25,0.0,193.25,5053.95,571.85,0,0,0,0.0,0,F1,150,,,,,
2026-02-18,2026-02-18,FO,NSE,STO,137862,,LTIM,,2026-04-28,2026-04-28,5900.0,PE,LTIM26APR5900PE,0.0,0.0,0.0,315.55,0.0,315.55,5053.95,823.4,0,0,0,0.0,0,F1,150,,,,,
2026-02-18,2026-02-18,FO,NSE,STO,114768,,LTIM,,2026-02-24,2026-02-24,4200.0,CE,LTIM26FEB4200CE,0.0,0.0,0.0,1701.05,0.0,1701.05,5053.95,857.75,0,0,0,0.0,0,F1,150,,,,,
2026-02-18,2026-02-18,FO,NSE,STO,114790,,LTIM,,2026-02-24,2026-02-24,4800.0,CE,LTIM26FEB4800CE,377.3,377.3,221.55,264.8,264.8,397.85,5053.95,264.0,2100,1050,23,17503417.5,22,F1,150,,,,,
2026-02-18,2026-02-18,FO,NSE,STO,114797,,LTIM,,2026-02-24,2026-02-24,5000.0,CE,LTIM26FEB5000CE,160.0,160.0,91.45,118.1,116.1,204.25,5053.95,118.1,45600,12750,1804,1382244930.0,1405,F1,150,,,,,
2026-02-18,2026-02-18,FO,NSE,STO,114819,,LTIM,,2026-02-24,2026-02-24,5700.0,CE,LTIM26FEB5700CE,9.0,9.0,2.8,3.45,3.55,8.9,5053.95,3.45,144750,-16950,998,853880527.5,630,F1,150,,,,,
2026-02-18,2026-02-18,FO,NSE,STO,132674,,LTIM,,2026-02-24,2026-02-24,6350.0,CE,LTIM26FEB6350CE,0.0,0.0,0.0,2.2,2.2,2.2,5053.95,0.05,4200,0,0,0.0,0,F1,150,,,,,
2026-02-18,2026-02-18,FO,NSE,STO,137693,,LTIM,,2026-03-30,2026-03-30,4950.0,CE,LTIM26MAR4950CE,0.0,0.0,0.0,310.2,310.2,310.2,5053.95,259.2,150,0,0,0.0,0,F1,150,,,,,
2026-02-18,2026-02-18,FO,NSE,STO,132799,,LTIM,,2026-03-30,2026-03-30,5200.0,CE,LTIM26MAR5200CE,164.0,164.0,133.95,149.5,151.0,206.0,5053.95,149.5,12600,7350,158,126638145.0,121,F1,150,,,,,
2026-02-18,2026-02-18,FO,NSE,STO,132809,,LTIM,,2026-03-30,2026-03-30,5700.0,CE,LTIM26MAR5700CE,46.0,46.0,35.7,37.55,38.5,58.0,5053.95,37.55,10050,1650,56,48196537.5,48,F1,150,,,,,
2026-02-18,2026-02-18,FO,NSE,STO,132419,,LTIM,,2026-02-24,2026-02-24,4950.0,CE,LTIM26FEB4950CE,134.35,155.45,129.95,149.65,155.0,242.0,5053.95,149.65,10800,1650,38,29026440.0,24,F1,150,,,,,
2026-02-18,2026-02-18,FO,NSE,STO,114781,,LTIM,,2026-02-24,2026-02-24,4400.0,CE,LTIM26FEB4400CE,0.0,0.0,0.0,1509.75,0.0,1509.75,5053.95,657.95,0,0,0,0.0,0,F1,150,,,,,
2026-02-18,2026-02-18,FO,NSE,STO,137852,,LTIM,,2026-04-28,2026-04-28,5400.0,PE,LTIM26APR5400PE,0.0,0.0,0.0,132.3,0.0,132.3,5053.95,423.9,0,0,0,0.0,0,F1,150,,,,,
2026-02-18,2026-02-18,FO,NSE,STO,137724,,LTIM,,2026-03-30,2026-03-30,6450.0,PE,LTIM26MAR6450PE,0.0,0.0,0.0,594.15,0.0,594.15,5053.95,1358.15,0,0,0,0.0,0,F1,150,,,,,
2026-02-18,2026-02-18,FO,NSE,STO,132814,,LTIM,,2026-03-30,2026-03-30,5900.0,PE,LTIM26MAR5900PE,0.0,0.0,0.0,248.4,0.0,248.4,5053.95,822.3,0,0,0,0.0,0,F1,150,,,,,
2026-02-18,2026-02-18,FO,NSE,STO,132792,,LTIM,,2026-03-30,2026-03-30,4800.0,PE,LTIM26MAR4800PE,110.4,133.7,102.8,106.95,106.15,90.8,5053.95,106.95,11250,600,161,118756897.5,100,F1,150,,,,,
2026-02-18,2026-02-18,FO,NSE,STO,132677,,LTIM,,2026-02-24,2026-02-24,6450.0,PE,LTIM26FEB6450PE,0.0,0.0,0.0,881.8,881.8,881.8,5053.95,1390.2,300,0,0,0.0,0,F1,150,,,,,
2026-02-18,2026-02-18,FO,NSE,STO,132633,,LTIM,,2026-02-24,2026-02-24,6150.0,PE,LTIM26FEB6150PE,0.0,0.0,0.0,1092.35,1092.35,1092.35,5053.95,1090.5,8400,0,0,0.0,0,F1,150,,,,,
2026-02-18,2026-02-18,FO,NSE,STO,114824,,LTIM,,2026-02-24,2026-02-24,5900.0,PE,LTIM26FEB5900PE,836.75,900.0,836.75,846.6,846.6,810.65,5053.95,840.7,33000,-1200,18,18251182.5,18,F1,150,,,,,
2026-02-18,2026-02-18,FO,NSE,STO,114803,,LTIM,,2026-02-24,2026-02-24,5200.0,PE,LTIM26FEB5200PE,149.75,224.95,148.0,171.65,173.45,128.3,5053.95,171.65,53400,-10650,395,319073482.5,340,F1,150,,,,,
2026-02-18,2026-02-18,FO,NSE,STO,132424,,LTIM,,2026-02-24,2026-02-24,5050.0,PE,LTIM26FEB5050PE,73.25,126.05,69.25,75.2,76.0,60.3,5053.95,75.2,25500,10350,1717,1326481890.0,1357,F1,150,,,,,
2026-02-18,2026-02-18,FO,NSE,STO,132408,,LTIM,,2026-02-24,2026-02-24,4650.0,PE,LTIM26FEB4650PE,10.5,10.75,4.5,4.5,4.5,2.55,5053.95,4.5,1500,1500,20,13970235.0,20,F1,150,,,,,
2026-02-18,2026-02-18,FO,NSE,STO,137833,,LTIM,,2026-04-28,2026-04-28,4500.0,CE,LTIM26APR4500CE,0.0,0.0,0.0,1520.7,0.0,1520.7,5053.95,645.35,0,0,0,0.0,0,F1,150,,,,,
2026-02-18,2026-02-18,FO,NSE,STO,137827,,LTIM,,2026-04-28,2026-04-28,4200.0,CE,LTIM26APR4200CE,0.0,0.0,0.0,1808.25,0.0,1808.25,5053.95,910.3,0,0,0,0.0,0,F1,150,,,,,
2026-02-18,2026-02-18,FO,NSE,STO,132827,,LTIM,,2026-03-30,2026-03-30,6600.0,CE,LTIM26MAR6600CE,0.0,0.0,0.0,208.4,0.0,208.4,5053.95,0.4,0,0,0,0.0,0,F1,150,,,,,
2026-02-18,2026-02-18,FO,NSE,STO,137711,,LTIM,,2026-03-30,2026-03-30,5850.0,CE,LTIM26MAR5850CE,0.0,0.0,0.0,54.45,54.45,54.45,5053.95,14.4,300,0,0,0.0,0,F1,150,,,,,
2026-02-18,2026-02-18,FO,NSE,STO,137703,,LTIM,,2026-03-30,2026-03-30,5450.0,CE,LTIM26MAR5450CE,0.0,0.0,0.0,650.55,0.0,650.55,5053.95,64.0,0,0,0,0.0,0,F1,150,,,,,
2026-02-18,2026-02-18,FO,NSE,STO,132801,,LTIM,,2026-03-30,2026-03-30,5300.0,CE,LTIM26MAR5300CE,150.15,150.15,106.6,115.75,116.0,163.7,5053.95,115.75,38850,10350,294,238825770.0,245,F1,150,,,,,
2026-02-18,2026-02-18,FO,NSE,STO,114876,,LTIM,,2026-02-24,2026-02-24,6700.0,CE,LTIM26FEB6700CE,0.0,0.0,0.0,1.0,1.0,1.0,5053.95,0.05,7950,0,0,0.0,0,F1,150,,,,,
2026-02-18,2026-02-18,FO,NSE,STO,132678,,LTIM,,2026-02-24,2026-02-24,6550.0,CE,LTIM26FEB6550CE,0.0,0.0,0.0,1.6,1.6,1.6,5053.95,0.05,9750,0,0,0.0,0,F1,150,,,,,
2026-02-18,2026-02-18,FO,NSE,STO,132789,,LTIM,,2026-03-30,2026-03-30,4700.0,CE,LTIM26MAR4700CE,420.0,420.0,420.0,420.0,420.0,1456.35,5053.95,432.1,300,300,2,1536000.0,1,F1,150,,,,,
2026-02-18,2026-02-18,FO,NSE,STO,132783,,LTIM,,2026-03-30,2026-03-30,4400.0,CE,LTIM26MAR4400CE,0.0,0.0,0.0,691.75,691.75,691.75,5053.95,691.6,300,0,0,0.0,0,F1,150,,,,,
2026-02-18,2026-02-18,FO,NSE,STO,132686,,LTIM,,2026-02-24,2026-02-24,6950.0,CE,LTIM26FEB6950CE,0.0,0.0,0.0,2.75,2.75,2.75,5053.95,0.05,600,0,0,0.0,0,F1,150,,,,,
2026-02-18,2026-02-18,FO,NSE,STO,114872,,LTIM,,2026-02-24,2026-02-24,6500.0,CE,LTIM26FEB6500CE,1.0,1.95,0.3,1.0,0.85,1.7,5053.95,1.0,39900,-11250,122,118964947.5,79,F1,150,,,,,
2026-02-18,2026-02-18,FO,NSE,STO,114817,,LTIM,,2026-02-24,2026-02-24,5600.0,CE,LTIM26FEB5600CE,11.6,11.6,3.85,4.65,4.7,12.4,5053.95,4.65,99600,-49200,1070,899626650.0,755,F1,150,,,,,
2026-02-18,2026-02-18,FO,NSE,STO,132609,,LTIM,,2026-02-24,2026-02-24,5450.0,CE,LTIM26FEB5450CE,21.1,21.6,7.15,8.45,9.0,24.8,5053.95,8.45,34650,9300,362,296527860.0,277,F1,150,,,,,
2026-02-18,2026-02-18,FO,NSE,STF,66888,,LTIM,,2026-04-28,2026-04-28,,,LTIM26APRFUT,5120.0,5120.0,5011.0,5053.5,5059.0,5168.0,5053.95,5053.5,24000,5700,126,95387025.0,109,F1,150,,,,,
2026-02-18,2026-02-18,FO,NSE,STO,137910,,LTIM,,2026-04-28,2026-04-28,6700.0,PE,LTIM26APR6700PE,0.0,0.0,0.0,813.55,0.0,813.55,5053.95,1579.95,0,0,0,0.0,0,F1,150,,,,,
2026-02-18,2026-02-18,FO,NSE,STO,137904,,LTIM,,2026-04-28,2026-04-28,6500.0,PE,LTIM26APR6500PE,0.0,0.0,0.0,667.9,0.0,667.9,5053.95,1385.1,0,0,0,0.0,0,F1,150,,,,,
2026-02-18,2026-02-18,FO,NSE,STO,137726,,LTIM,,2026-03-30,2026-03-30,6550.0,PE,LTIM26MAR6550PE,0.0,0.0,0.0,668.35,0.0,668.35,5053.95,1457.2,0,0,0,0.0,0,F1,150,,,,,
2026-02-18,2026-02-18,FO,NSE,STO,132790,,LTIM,,2026-03-30,2026-03-30,4700.0,PE,LTIM26MAR4700PE,88.0,101.5,78.0,78.65,78.0,67.75,5053.95,78.65,14400,-900,29,20842942.5,27,F1,150,,,,,
2026-02-18,2026-02-18,FO,NSE,STO,137612,,LTIM,,2026-03-30,2026-03-30,4550.0,PE,LTIM26MAR4550PE,0.0,0.0,0.0,4.7,0.0,4.7,5053.95,25.1,0,0,0,0.0,0,F1,150,,,,,
2026-02-18,2026-02-18,FO,NSE,STO,114879,,LTIM,,2026-02-24,2026-02-24,6800.0,PE,LTIM26FEB6800PE,0.0,0.0,0.0,974.1,0.0,974.1,5053.95,1739.9,0,0,0,0.0,0,F1,150,,,,,
2026-02-18,2026-02-18,FO,NSE,STO,114873,,LTIM,,2026-02-24,2026-02-24,6500.0,PE,LTIM26FEB6500PE,0.0,0.0,0.0,1401.0,1401.0,1401.0,5053.95,1440.2,300,0,0,0.0,0,F1,150,,,,,
2026-02-18,2026-02-18,FO,NSE,STO,114828,,LTIM,,2026-02-24,2026-02-24,6100.0,PE,LTIM26FEB6100PE,0.0,0.0,0.0,936.05,936.05,936.05,5053.95,1040.55,24900,0,0,0.0,0,F1,150,,,,,
2026-02-18,2026-02-18,FO,NSE,STO,114826,,LTIM,,2026-02-24,2026-02-24,6000.0,PE,LTIM26FEB6000PE,952.0,953.25,952.0,953.25,953.25,838.9,5053.95,940.65,58350,0,5,5214562.5,3,F1,150,,,,,
2026-02-18,2026-02-18,FO,NSE,STO,114820,,LTIM,,2026-02-24,2026-02-24,5700.0,PE,LTIM26FEB5700PE,538.0,538.0,538.0,538.0,538.0,541.3,5053.95,640.9,22650,0,1,935700.0,1,F1,150,,,,,
2026-02-18,2026-02-18,FO,NSE,STO,114807,,LTIM,,2026-02-24,2026-02-24,5400.0,PE,LTIM26FEB5400PE,262.55,414.6,262.55,347.0,347.0,270.9,5053.95,347.0,28200,-1650,26,22467892.5,21,F1,150,,,,,
2026-02-18,2026-02-18,FO,NSE,STO,132593,,LTIM,,2026-02-24,2026-02-24,5350.0,PE,LTIM26FEB5350PE,285.65,298.15,285.65,297.5,297.9,228.75,5053.95,297.5,23850,-1200,10,8469420.0,6,F1,150,,,,,
2026-02-18,2026-02-18,FO,NSE,STO,114798,,LTIM,,2026-02-24,2026-02-24,5000.0,PE,LTIM26FEB5000PE,42.95,100.05,42.95,52.8,55.0,45.7,5053.95,52.8,97500,10200,5516,4201505797.5,4269,F1,150,,,,,
2026-02-18,2026-02-18,FO,NSE,STO,137863,,LTIM,,2026-04-28,2026-04-28,6000.0,CE,LTIM26APR6000CE,0.0,0.0,0.0,396.95,0.0,396.95,5053.95,29.0,0,0,0,0.0,0,F1,150,,,,,
2026-02-18,2026-02-18,FO,NSE,STO,137841,,LTIM,,2026-04-28,2026-04-28,4900.0,CE,LTIM26APR4900CE,0.0,0.0,0.0,1155.7,0.0,1155.7,5053.95,356.8,0,0,0,0.0,0,F1,150,,,,,
2026-02-18,2026-02-18,FO,NSE,STO,137713,,LTIM,,2026-03-30,2026-03-30,5950.0,CE,LTIM26MAR5950CE,0.0,0.0,0.0,340.8,0.0,340.8,5053.95,9.45,0,0,0,0.0,0,F1,150,,,,,
2026-02-18,2026-02-18,FO,NSE,STO,132805,,LTIM,,2026-03-30,2026-03-30,5500.0,CE,LTIM26MAR5500CE,81.9,84.7,60.8,66.35,66.2,100.6,5053.95,66.35,33150,900,369,308179687.5,267,F1,150,,,,,
2026-02-18,2026-02-18,FO,NSE,STO,137867,,LTIM,,2026-04-28,2026-04-28,6200.0,CE,LTIM26APR6200CE,0.0,0.0,0.0,310.1,0.0,310.1,5053.95,16.15,0,0,0,0.0,0,F1,150,,,,,
2026-02-18,2026-02-18,FO,NSE,STO,137903,,LTIM,,2026-04-28,2026-04-28,6500.0,CE,LTIM26APR6500CE,0.0,0.0,0.0,207.95,0.0,207.95,5053.95,6.25,0,0,0,0.0,0,F1,150,,,,,
2026-02-18,2026-02-18,FO,NSE,STO,132418,,LTIM,,2026-02-24,2026-02-24,4850.0,PE,LTIM26FEB4850PE,22.0,44.0,16.0,17.05,18.0,19.4,5053.95,17.05,15000,1650,542,396673140.0,530,F1,150,,,,,
2026-02-18,2026-02-18,FO,NSE,STO,132683,,LTIM,,2026-02-24,2026-02-24,6750.0,PE,LTIM26FEB6750PE,0.0,0.0,0.0,1200.0,1200.0,1200.0,5053.95,1689.95,600,0,0,0.0,0,F1,150,,,,,
2026-02-18,2026-02-18,FO,NSE,STO,114883,,LTIM,,2026-02-24,2026-02-24,7000.0,PE,LTIM26FEB7000PE,0.0,0.0,0.0,1141.05,0.0,1141.05,5053.95,1939.7,0,0,0,0.0,0,F1,150,,,,,
2026-02-18,2026-02-18,FO,NSE,STO,132808,,LTIM,,2026-03-30,2026-03-30,5600.0,PE,LTIM26MAR5600PE,611.55,611.55,611.55,611.55,611.55,540.2,5053.95,550.4,750,150,2,1863465.0,2,F1,150,,,,,
2026-02-18,2026-02-18,FO,NSE,STO,80666,,ANGELONE,,2026-03-30,2026-03-30,2650.0,CE,ANGELONE26MAR2650CE,126.6,140.0,102.0,105.05,102.0,101.5,2591.75,105.05,11750,10250,62,42902350.0,53,F1,250,,,,,
2026-02-18,2026-02-18,FO,NSE,STO,80786,,ANGELONE,,2026-04-28,2026-04-28,2700.0,CE,ANGELONE26APR2700CE,0.0,0.0,0.0,217.15,0.0,217.15,2591.75,168.4,0,0,0,0.0,0,F1,250,,,,,
2026-02-18,2026-02-18,FO,NSE,STO,65306,,ANGELONE,,2026-02-24,2026-02-24,2550.0,PE,ANGELONE26FEB2550PE,27.05,42.55,20.0,30.2,33.15,43.7,2591.75,30.2,139250,29500,4276,2759557912.5,3539,F1,250,,,,,
2026-02-18,2026-02-18,FO,NSE,STO,72690,,ANGELONE,,2026-02-24,2026-02-24,2500.0,PE,ANGELONE26FEB2500PE,23.0,25.9,12.05,16.95,18.8,27.9,2591.75,16.95,229000,-42250,3624,2281871450.0,2999,F1,250,,,,,
2026-02-18,2026-02-18,FO,NSE,STO,80698,,ANGELONE,,2026-04-28,2026-04-28,2400.0,CE,ANGELONE26APR2400CE,0.0,0.0,0.0,355.45,0.0,355.45,2591.75,321.55,0,0,0,0.0,0,F1,250,,,,,
2026-02-18,2026-02-18,FO,NSE,STO,80696,,ANGELONE,,2026-04-28,2026-04-28,2300.0,CE,ANGELONE26APR2300CE,0.0,0.0,0.0,413.65,0.0,413.65,2591.75,388.25,0,0,0,0.0,0,F1,250,,,,,
2026-02-18,2026-02-18,FO,NSE,STO,80688,,ANGELONE,,2026-04-28,2026-04-28,1900.0,CE,ANGELONE26APR1900CE,0.0,0.0,0.0,706.1,0.0,706.1,2591.75,720.7,0,0,0,0.0,0,F1,250,,,,,
2026-02-18,2026-02-18,FO,NSE,STO,72697,,ANGELONE,,2026-02-24,2026-02-24,2800.0,CE,ANGELONE26FEB2800CE,10.35,16.9,5.35,7.25,7.0,9.1,2591.75,7.25,436750,4750,8733,6135130987.5,6657,F1,250,,,,,
2026-02-18,2026-02-18,FO,NSE,STO,65380,,ANGELONE,,2026-03-30,2026-03-30,2000.0,CE,ANGELONE26MAR2000CE,0.0,0.0,0.0,575.05,575.05,575.05,2591.75,608.95,0,0,0,0.0,0,F1,250,,,,,
2026-02-18,2026-02-18,FO,NSE,STO,80656,,ANGELONE,,2026-03-30,2026-03-30,2150.0,CE,ANGELONE26MAR2150CE,0.0,0.0,0.0,473.35,0.0,473.35,2591.75,471.05,0,0,0,0.0,0,F1,250,,,,,
2026-02-18,2026-02-18,FO,NSE,STO,65595,,ANGELONE,,2026-03-30,2026-03-30,3200.0,CE,ANGELONE26MAR3200CE,12.0,16.45,10.0,11.0,11.0,12.6,2591.75,16.85,9500,4750,23,18471562.5,16,F1,250,,,,,
2026-02-18,2026-02-18,FO,NSE,STF,59206,,ANGELONE,,2026-02-24,2026-02-24,,,ANGELONE26FEBFUT,2592.0,2660.4,2577.9,2597.5,2591.2,2579.3,2591.75,2597.5,2497000,16000,4062,2655593150.0,3610,F1,250,,,,,
2026-02-18,2026-02-18,FO,NSE,STO,65305,,ANGELONE,,2026-02-24,2026-02-24,2550.0,CE,ANGELONE26FEB2550CE,88.0,131.05,71.15,77.85,73.75,74.55,2591.75,77.85,102250,-4000,1726,1140066862.5,1496,F1,250,,,,,
2026-02-18,2026-02-18,FO,NSE,STO,80695,,ANGELONE,,2026-04-28,2026-04-28,2200.0,PE,ANGELONE26APR2200PE,0.0,0.0,0.0,101.35,0.0,101.35,2591.75,47.95,0,0,0,0.0,0,F1,250,,,,,
2026-02-18,2026-02-18,FO,NSE,STO,65594,,ANGELONE,,2026-03-30,2026-03-30,3100.0,PE,ANGELONE26MAR3100PE,0.0,0.0,0.0,762.6,0.0,762.6,2591.75,515.55,0,0,0,0.0,0,F1,250,,,,,
2026-02-18,2026-02-18,FO,NSE,STO,80671,,ANGELONE,,2026-03-30,2026-03-30,2850.0,PE,ANGELONE26MAR2850PE,295.0,295.0,295.0,295.0,295.0,310.0,2591.75,310.05,3000,500,2,1572500.0,1,F1,250,,,,,
2026-02-18,2026-02-18,FO,NSE,STO,72696,,ANGELONE,,2026-02-24,2026-02-24,2700.0,PE,ANGELONE26FEB2700PE,122.0,135.95,80.65,121.55,127.95,140.65,2591.75,121.55,145500,2500,599,420342912.5,543,F1,250,,,,,
2026-02-18,2026-02-18,FO,NSE,STO,80788,,ANGELONE,,2026-04-28,2026-04-28,2800.0,CE,ANGELONE26APR2800CE,0.0,0.0,0.0,182.1,0.0,182.1,2591.75,132.3,0,0,0,0.0,0,F1,250,,,,,
2026-02-18,2026-02-18,FO,NSE,STO,80674,,ANGELONE,,2026-03-30,2026-03-30,3050.0,CE,ANGELONE26MAR3050CE,0.0,0.0,0.0,72.9,0.0,72.9,2591.75,31.85,0,0,0,0.0,0,F1,250,,,,,
2026-02-18,2026-02-18,FO,NSE,STO,80652,,ANGELONE,,2026-03-30,2026-03-30,1950.0,CE,ANGELONE26MAR1950CE,0.0,0.0,0.0,636.4,0.0,636.4,2591.75,656.8,0,0,0,0.0,0,F1,250,,,,,
2026-02-18,2026-02-18,FO,NSE,STO,80785,,ANGELONE,,2026-04-28,2026-04-28,2600.0,PE,ANGELONE26APR2600PE,0.0,0.0,0.0,274.55,0.0,274.55,2591.75,193.05,0,0,0,0.0,0,F1,250,,,,,
2026-02-18,2026-02-18,FO,NSE,STO,80655,,ANGELONE,,2026-03-30,2026-03-30,2050.0,PE,ANGELONE26MAR2050PE,0.0,0.0,0.0,15.35,15.35,15.35,2591.75,7.85,250,0,0,0.0,0,F1,250,,,,,
2026-02-18,2026-02-18,FO,NSE,STO,65345,,ANGELONE,,2026-02-24,2026-02-24,2850.0,CE,ANGELONE26FEB2850CE,6.2,10.9,3.45,4.7,4.4,6.1,2591.75,4.7,77000,3500,2171,1550469012.5,1756,F1,250,,,,,
2026-02-18,2026-02-18,FO,NSE,STO,80692,,ANGELONE,,2026-04-28,2026-04-28,2100.0,CE,ANGELONE26APR2100CE,0.0,0.0,0.0,548.65,0.0,548.65,2591.75,543.3,0,0,0,0.0,0,F1,250,,,,,
2026-02-18,2026-02-18,FO,NSE,STO,65256,,ANGELONE,,2026-02-24,2026-02-24,2050.0,CE,ANGELONE26FEB2050CE,0.0,0.0,0.0,378.75,0.0,378.75,2591.75,543.6,0,0,0,0.0,0,F1,250,,,,,
2026-02-18,2026-02-18,FO,NSE,STO,65545,,ANGELONE,,2026-03-30,2026-03-30,2400.0,CE,ANGELONE26MAR2400CE,0.0,0.0,0.0,230.0,230.0,230.0,2591.75,273.7,750,0,0,0.0,0,F1,250,,,,,
2026-02-18,2026-02-18,FO,NSE,STO,65585,,ANGELONE,,2026-03-30,2026-03-30,2700.0,CE,ANGELONE26MAR2700CE,90.45,116.95,82.1,84.95,82.1,84.3,2591.75,84.95,55250,30000,401,280167962.5,355,F1,250,,,,,
2026-02-18,2026-02-18,FO,NSE,STO,80694,,ANGELONE,,2026-04-28,2026-04-28,2200.0,CE,ANGELONE26APR2200CE,0.0,0.0,0.0,478.15,0.0,478.15,2591.75,462.45,0,0,0,0.0,0,F1,250,,,,,
2026-02-18,2026-02-18,FO,NSE,STO,80799,,ANGELONE,,2026-04-28,2026-04-28,3200.0,PE,ANGELONE26APR3200PE,0.0,0.0,0.0,693.95,0.0,693.95,2591.75,620.25,0,0,0,0.0,0,F1,250,,,,,
2026-02-18,2026-02-18,FO,NSE,STO,65304,,ANGELONE,,2026-02-24,2026-02-24,2450.0,PE,ANGELONE26FEB2450PE,12.9,16.05,7.85,10.3,11.0,17.85,2591.75,10.3,58500,-1250,2098,1291088337.5,1963,F1,250,,,,,
2026-02-18,2026-02-18,FO,NSE,STO,65363,,ANGELONE,,2026-02-24,2026-02-24,3050.0,PE,ANGELONE26FEB3050PE,0.0,0.0,0.0,702.9,0.0,702.9,2591.75,455.6,0,0,0,0.0,0,F1,250,,,,,
2026-02-18,2026-02-18,FO,NSE,STO,65586,,ANGELONE,,2026-03-30,2026-03-30,2700.0,PE,ANGELONE26MAR2700PE,158.0,196.0,154.05,181.1,181.1,211.6,2591.75,207.65,11500,6000,56,40343312.5,47,F1,250,,,,,
2026-02-18,2026-02-18,FO,NSE,STO,80661,,ANGELONE,,2026-03-30,2026-03-30,2350.0,PE,ANGELONE26MAR2350PE,0.0,0.0,0.0,61.0,61.0,61.0,2591.75,53.05,1000,0,0,0.0,0,F1,250,,,,,
2026-02-18,2026-02-18,FO,NSE,STO,65588,,ANGELONE,,2026-03-30,2026-03-30,2800.0,PE,ANGELONE26MAR2800PE,264.0,264.0,264.0,264.0,264.0,284.0,2591.75,264.0,4500,250,2,1532000.0,1,F1,250,,,,,
2026-02-18,2026-02-18,FO,NSE,STO,80675,,ANGELONE,,2026-03-30,2026-03-30,3050.0,PE,ANGELONE26MAR3050PE,0.0,0.0,0.0,547.9,0.0,547.9,2591.75,471.8,0,0,0,0.0,0,F1,250,,,,,
2026-02-18,2026-02-18,FO,NSE,STO,65302,,ANGELONE,,2026-02-24,2026-02-24,2350.0,PE,ANGELONE26FEB2350PE,5.95,7.2,4.2,4.5,4.6,8.4,2591.75,4.5,41500,-1000,857,504653262.5,769,F1,250,,,,,
2026-02-18,2026-02-18,FO,NSE,STO,72680,,ANGELONE,,2026-02-24,2026-02-24,2000.0,PE,ANGELONE26FEB2000PE,1.2,1.2,0.85,0.9,0.9,1.5,2591.75,0.9,39000,-4750,40,20010337.5,35,F1,250,,,,,
2026-02-18,2026-02-18,FO,NSE,STO,80790,,ANGELONE,,2026-04-28,2026-04-28,2900.0,CE,ANGELONE26APR2900CE,0.0,0.0,0.0,151.95,0.0,151.95,2591.75,102.75,0,0,0,0.0,0,F1,250,,,,,
2026-02-18,2026-02-18,FO,NSE,STO,65589,,ANGELONE,,2026-03-30,2026-03-30,2900.0,CE,ANGELONE26MAR2900CE,50.0,50.0,35.3,35.75,35.75,85.0,2591.75,57.35,5250,4500,28,20564087.5,24,F1,250,,,,,
2026-02-18,2026-02-18,FO,NSE,STO,72699,,ANGELONE,,2026-02-24,2026-02-24,2900.0,CE,ANGELONE26FEB2900CE,4.2,7.1,2.45,3.1,2.9,4.15,2591.75,3.1,222250,11000,2334,1694805862.5,1747,F1,250,,,,,
2026-02-18,2026-02-18,FO,NSE,STO,72703,,ANGELONE,,2026-02-24,2026-02-24,3100.0,CE,ANGELONE26FEB3100CE,1.75,2.25,1.05,1.2,1.25,1.6,2591.75,1.2,110500,-2000,253,196175250.0,219,F1,250,,,,,
2026-02-18,2026-02-18,FO,NSE,STO,72702,,ANGELONE,,2026-02-24,2026-02-24,3000.0,PE,ANGELONE26FEB3000PE,0.0,0.0,0.0,441.7,441.7,441.7,2591.75,405.85,4500,0,0,0.0,0,F1,250,,,,,
2026-02-18,2026-02-18,FO,NSE,STO,80787,,ANGELONE,,2026-04-28,2026-04-28,2700.0,PE,ANGELONE26APR2700PE,0.0,0.0,0.0,332.7,0.0,332.7,2591.75,248.7,0,0,0,0.0,0,F1,250,,,,,
2026-02-18,2026-02-18,FO,NSE,STO,65592,,ANGELONE,,2026-03-30,2026-03-30,3000.0,PE,ANGELONE26MAR3000PE,0.0,0.0,0.0,460.0,460.0,460.0,2591.75,429.2,750,0,0,0.0,0,F1,250,,,,,
2026-02-18,2026-02-18,FO,NSE,STO,65359,,ANGELONE,,2026-02-24,2026-02-24,2950.0,PE,ANGELONE26FEB2950PE,341.85,341.85,299.1,299.1,299.1,247.8,2591.75,356.35,4750,-750,7,5739962.5,4,F1,250,,,,,
2026-02-18,2026-02-18,FO,NSE,STO,65257,,ANGELONE,,2026-02-24,2026-02-24,2050.0,PE,ANGELONE26FEB2050PE,1.05,1.35,1.0,1.35,1.35,2.25,2591.75,0.05,5500,-500,4,2051125.0,4,F1,250,,,,,
2026-02-18,2026-02-18,FO,NSE,STO,80700,,ANGELONE,,2026-04-28,2026-04-28,2500.0,CE,ANGELONE26APR2500CE,0.0,0.0,0.0,303.45,0.0,303.45,2591.75,262.65,0,0,0,0.0,0,F1,250,,,,,
2026-02-18,2026-02-18,FO,NSE,STO,80796,,ANGELONE,,2026-04-28,2026-04-28,3200.0,CE,ANGELONE26APR3200CE,0.0,0.0,0.0,86.05,0.0,86.05,2591.75,45.05,0,0,0,0.0,0,F1,250,,,,,
2026-02-18,2026-02-18,FO,NSE,STO,72682,,ANGELONE,,2026-02-24,2026-02-24,2100.0,PE,ANGELONE26FEB2100PE,1.3,1.65,1.3,1.35,1.3,2.55,2591.75,1.35,37250,-7750,42,22064837.5,33,F1,250,,,,,
2026-02-18,2026-02-18,FO,NSE,STO,72706,,ANGELONE,,2026-02-24,2026-02-24,3200.0,PE,ANGELONE26FEB3200PE,0.0,0.0,0.0,520.0,520.0,520.0,2591.75,605.35,4000,0,0,0.0,0,F1,250,,,,,
2026-02-18,2026-02-18,FO,NSE,STO,65377,,ANGELONE,,2026-03-30,2026-03-30,1900.0,PE,ANGELONE26MAR1900PE,6.4,6.7,6.0,6.15,6.15,6.25,2591.75,2.05,2250,250,7,3336062.5,7,F1,250,,,,,
2026-02-18,2026-02-18,FO,NSE,STO,80657,,ANGELONE,,2026-03-30,2026-03-30,2150.0,PE,ANGELONE26MAR2150PE,0.0,0.0,0.0,57.75,0.0,57.75,2591.75,16.4,0,0,0,0.0,0,F1,250,,,,,
2026-02-18,2026-02-18,FO,NSE,STO,65550,,ANGELONE,,2026-03-30,2026-03-30,2500.0,PE,ANGELONE26MAR2500PE,69.5,93.7,64.6,82.4,84.0,90.0,2591.75,82.4,22250,6250,105,67719750.0,91,F1,250,,,,,
2026-02-18,2026-02-18,FO,NSE,STO,72687,,ANGELONE,,2026-02-24,2026-02-24,2400.0,CE,ANGELONE26FEB2400CE,239.65,259.9,192.3,199.45,197.0,188.35,2591.75,199.45,165500,-4000,66,43083800.0,45,F1,250,,,,,
2026-02-18,2026-02-18,FO,NSE,STO,72685,,ANGELONE,,2026-02-24,2026-02-24,2300.0,CE,ANGELONE26FEB2300CE,351.6,360.0,299.2,302.1,302.1,279.05,2591.75,294.8,54750,-2500,10,6527025.0,5,F1,250,,,,,
2026-02-18,2026-02-18,FO,NSE,STO,65299,,ANGELONE,,2026-02-24,2026-02-24,2250.0,CE,ANGELONE26FEB2250CE,0.0,0.0,0.0,338.35,338.35,338.35,2591.75,344.1,4750,0,0,0.0,0,F1,250,,,,,
2026-02-18,2026-02-18,FO,NSE,STO,65309,,ANGELONE,,2026-02-24,2026-02-24,2750.0,CE,ANGELONE26FEB2750CE,15.5,26.5,8.65,11.2,10.85,13.2,2591.75,11.2,271750,42000,6320,4368908937.5,4838,F1,250,,,,,
2026-02-18,2026-02-18,FO,NSE,STO,65376,,ANGELONE,,2026-03-30,2026-03-30,1900.0,CE,ANGELONE26MAR1900CE,0.0,0.0,0.0,532.1,0.0,532.1,2591.75,705.2,0,0,0,0.0,0,F1,250,,,,,
2026-02-18,2026-02-18,FO,NSE,STO,80654,,ANGELONE,,2026-03-30,2026-03-30,2050.0,CE,ANGELONE26MAR2050CE,554.25,557.35,554.25,557.35,557.35,519.4,2591.75,561.9,1000,250,4,2605075.0,3,F1,250,,,,,
2026-02-18,2026-02-18,FO,NSE,STO,80668,,ANGELONE,,2026-03-30,2026-03-30,2750.0,CE,ANGELONE26MAR2750CE,96.6,96.6,69.8,71.0,71.0,148.5,2591.75,97.9,2000,2000,15,10594612.5,15,F1,250,,,,,
2026-02-18,2026-02-18,FO,NSE,STO,80672,,ANGELONE,,2026-03-30,2026-03-30,2950.0,CE,ANGELONE26MAR2950CE,0.0,0.0,0.0,83.5,83.5,83.5,2591.75,47.4,1500,0,0,0.0,0,F1,250,,,,,
2026-02-18,2026-02-18,FO,NSE,STO,65538,,ANGELONE,,2026-03-30,2026-03-30,2000.0,PE,ANGELONE26MAR2000PE,9.0,9.0,9.0,9.0,9.0,10.0,2591.75,9.0,6000,250,1,502250.0,1,F1,250,,,,,
2026-02-18,2026-02-18,FO,NSE,STO,65542,,ANGELONE,,2026-03-30,2026-03-30,2200.0,PE,ANGELONE26MAR2200PE,16.0,24.0,16.0,20.5,20.5,22.35,2591.75,22.75,5750,750,21,11653600.0,20,F1,250,,,,,
2026-02-18,2026-02-18,FO,NSE,STO,80665,,ANGELONE,,2026-03-30,2026-03-30,2550.0,PE,ANGELONE26MAR2550PE,80.0,112.8,80.0,110.75,110.75,98.0,2591.75,126.05,3000,2000,13,8627825.0,11,F1,250,,,,,
2026-02-18,2026-02-18,FO,NSE,STO,80791,,ANGELONE,,2026-04-28,2026-04-28,2900.0,PE,ANGELONE26APR2900PE,0.0,0.0,0.0,464.45,0.0,464.45,2591.75,381.0,0,0,0,0.0,0,F1,250,,,,,
2026-02-18,2026-02-18,FO,NSE,STO,80793,,ANGELONE,,2026-04-28,2026-04-28,3000.0,PE,ANGELONE26APR3000PE,0.0,0.0,0.0,537.25,0.0,537.25,2591.75,456.1,0,0,0,0.0,0,F1,250,,,,,
2026-02-18,2026-02-18,FO,NSE,STO,80795,,ANGELONE,,2026-04-28,2026-04-28,3100.0,PE,ANGELONE26APR3100PE,0.0,0.0,0.0,613.95,0.0,613.95,2591.75,536.1,0,0,0,0.0,0,F1,250,,,,,
2026-02-18,2026-02-18,FO,NSE,STO,65362,,ANGELONE,,2026-02-24,2026-02-24,3050.0,CE,ANGELONE26FEB3050CE,3.05,3.1,1.0,1.0,1.0,1.9,2591.75,1.0,4750,1000,12,9155925.0,12,F1,250,,,,,
2026-02-18,2026-02-18,FO,NSE,STO,80658,,ANGELONE,,2026-03-30,2026-03-30,2250.0,CE,ANGELONE26MAR2250CE,0.0,0.0,0.0,401.2,0.0,401.2,2591.75,386.1,0,0,0,0.0,0,F1,250,,,,,
2026-02-18,2026-02-18,FO,NSE,STO,72679,,ANGELONE,,2026-02-24,2026-02-24,2000.0,CE,ANGELONE26FEB2000CE,0.0,0.0,0.0,567.9,567.9,567.9,2591.75,593.55,4250,0,0,0.0,0,F1,250,,,,,
2026-02-18,2026-02-18,FO,NSE,STO,65541,,ANGELONE,,2026-03-30,2026-03-30,2200.0,CE,ANGELONE26MAR2200CE,0.0,0.0,0.0,402.5,402.5,402.5,2591.75,427.75,250,0,0,0.0,0,F1,250,,,,,
2026-02-18,2026-02-18,FO,NSE,STO,80662,,ANGELONE,,2026-03-30,2026-03-30,2450.0,CE,ANGELONE26MAR2450CE,0.0,0.0,0.0,278.4,0.0,278.4,2591.75,240.95,0,0,0,0.0,0,F1,250,,,,,
2026-02-18,2026-02-18,FO,NSE,STO,65593,,ANGELONE,,2026-03-30,2026-03-30,3100.0,CE,ANGELONE26MAR3100CE,0.0,0.0,0.0,55.6,0.0,55.6,2591.75,25.9,0,0,0,0.0,0,F1,250,,,,,
2026-02-18,2026-02-18,FO,NSE,STO,65310,,ANGELONE,,2026-02-24,2026-02-24,2750.0,PE,ANGELONE26FEB2750PE,123.0,173.25,117.2,165.9,168.75,184.4,2591.75,165.9,24250,-2250,36,26023425.0,35,F1,250,,,,,
2026-02-18,2026-02-18,FO,NSE,STO,65308,,ANGELONE,,2026-02-24,2026-02-24,2650.0,PE,ANGELONE26FEB2650PE,67.25,97.65,54.0,82.05,88.0,101.55,2591.75,82.05,87250,18000,1663,1131662087.5,1377,F1,250,,,,,
2026-02-18,2026-02-18,FO,NSE,STO,72684,,ANGELONE,,2026-02-24,2026-02-24,2200.0,PE,ANGELONE26FEB2200PE,2.35,3.05,1.85,2.0,2.1,3.9,2591.75,2.0,98250,-14000,459,252736837.5,303,F1,250,,,,,
2026-02-18,2026-02-18,FO,NSE,STO,65255,,ANGELONE,,2026-02-24,2026-02-24,1950.0,PE,ANGELONE26FEB1950PE,0.0,0.0,0.0,1.6,1.6,1.6,2591.75,0.05,1250,0,0,0.0,0,F1,250,,,,,
2026-02-18,2026-02-18,FO,NSE,STO,72677,,ANGELONE,,2026-02-24,2026-02-24,1900.0,CE,ANGELONE26FEB1900CE,0.0,0.0,0.0,843.45,843.45,843.45,2591.75,693.45,0,0,0,0.0,0,F1,250,,,,,
2026-02-18,2026-02-18,FO,NSE,STO,65549,,ANGELONE,,2026-03-30,2026-03-30,2500.0,CE,ANGELONE26MAR2500CE,190.0,224.35,176.0,178.65,178.6,175.15,2591.75,178.65,7000,3750,25,16819612.5,23,F1,250,,,,,
2026-02-18,2026-02-18,FO,NSE,STO,65591,,ANGELONE,,2026-03-30,2026-03-30,3000.0,CE,ANGELONE26MAR3000CE,0.0,0.0,0.0,69.35,0.0,69.35,2591.75,38.95,0,0,0,0.0,0,F1,250,,,,,
2026-02-18,2026-02-18,FO,NSE,STO,80792,,ANGELONE,,2026-04-28,2026-04-28,3000.0,CE,ANGELONE26APR3000CE,0.0,0.0,0.0,126.3,0.0,126.3,2591.75,78.9,0,0,0,0.0,0,F1,250,,,,,
2026-02-18,2026-02-18,FO,NSE,STO,72700,,ANGELONE,,2026-02-24,2026-02-24,2900.0,PE,ANGELONE26FEB2900PE,282.0,320.0,282.0,308.0,308.0,320.0,2591.75,307.3,6750,-1000,5,4000750.0,4,F1,250,,,,,
2026-02-18,2026-02-18,FO,NSE,STO,80697,,ANGELONE,,2026-04-28,2026-04-28,2300.0,PE,ANGELONE26APR2300PE,0.0,0.0,0.0,135.3,0.0,135.3,2591.75,72.75,0,0,0,0.0,0,F1,250,,,,,
2026-02-18,2026-02-18,FO,NSE,STO,65596,,ANGELONE,,2026-03-30,2026-03-30,3200.0,PE,ANGELONE26MAR3200PE,0.0,0.0,0.0,849.95,0.0,849.95,2591.75,605.9,0,0,0,0.0,0,F1,250,,,,,
2026-02-18,2026-02-18,FO,NSE,STO,65548,,ANGELONE,,2026-03-30,2026-03-30,2400.0,PE,ANGELONE26MAR2400PE,60.65,60.65,41.95,51.1,51.05,57.8,2591.75,51.1,18250,7500,87,53363912.5,51,F1,250,,,,,
2026-02-18,2026-02-18,FO,NSE,STO,65544,,ANGELONE,,2026-03-30,2026-03-30,2300.0,PE,ANGELONE26MAR2300PE,35.0,37.9,26.15,35.85,35.85,35.8,2591.75,40.85,10000,500,11,6418137.5,8,F1,250,,,,,
2026-02-18,2026-02-18,FO,NSE,STO,65540,,ANGELONE,,2026-03-30,2026-03-30,2100.0,PE,ANGELONE26MAR2100PE,0.0,0.0,0.0,16.0,16.0,16.0,2591.75,11.5,3500,0,0,0.0,0,F1,250,,,,,
2026-02-18,2026-02-18,FO,NSE,STO,72698,,ANGELONE,,2026-02-24,2026-02-24,2800.0,PE,ANGELONE26FEB2800PE,179.6,222.15,155.3,215.75,218.6,226.8,2591.75,215.75,78500,-3500,60,44920625.0,59,F1,250,,,,,
2026-02-18,2026-02-18,FO,NSE,STO,80794,,ANGELONE,,2026-04-28,2026-04-28,3100.0,CE,ANGELONE26APR3100CE,0.0,0.0,0.0,104.5,0.0,104.5,2591.75,59.9,0,0,0,0.0,0,F1,250,,,,,
2026-02-18,2026-02-18,FO,NSE,STF,66709,,ANGELONE,,2026-04-28,2026-04-28,,,ANGELONE26APRFUT,2614.7,2660.0,2580.0,2596.0,2592.0,2582.1,2591.75,2596.0,37250,2500,56,36600075.0,51,F1,250,,,,,
2026-02-18,2026-02-18,FO,NSE,STO,80690,,ANGELONE,,2026-04-28,2026-04-28,2000.0,CE,ANGELONE26APR2000CE,0.0,0.0,0.0,624.7,0.0,624.7,2591.75,629.75,0,0,0,0.0,0,F1,250,,,,,
2026-02-18,2026-02-18,FO,NSE,STO,80670,,ANGELONE,,2026-03-30,2026-03-30,2850.0,CE,ANGELONE26MAR2850CE,0.0,0.0,0.0,118.1,0.0,118.1,2591.75,68.95,0,0,0,0.0,0,F1,250,,,,,
2026-02-18,2026-02-18,FO,NSE,STO,65587,,ANGELONE,,2026-03-30,2026-03-30,2800.0,CE,ANGELONE26MAR2800CE,81.2,82.85,53.95,55.05,54.4,106.35,2591.75,55.05,23500,23500,156,111494087.5,107,F1,250,,,,,
2026-02-18,2026-02-18,FO,NSE,STO,65307,,ANGELONE,,2026-02-24,2026-02-24,2650.0,CE,ANGELONE26FEB2650CE,38.65,64.8,26.65,31.0,28.5,31.4,2591.75,31.0,396250,277500,18087,12185003412.5,14658,F1,250,,,,,
2026-02-18,2026-02-18,FO,NSE,STO,65254,,ANGELONE,,2026-02-24,2026-02-24,1950.0,CE,ANGELONE26FEB1950CE,0.0,0.0,0.0,793.85,793.85,793.85,2591.75,643.5,0,0,0,0.0,0,F1,250,,,,,
2026-02-18,2026-02-18,FO,NSE,STO,80691,,ANGELONE,,2026-04-28,2026-04-28,2000.0,PE,ANGELONE26APR2000PE,0.0,0.0,0.0,51.0,0.0,51.0,2591.75,17.35,0,0,0,0.0,0,F1,250,,,,,
2026-02-18,2026-02-18,FO,NSE,STO,80689,,ANGELONE,,2026-04-28,2026-04-28,1900.0,PE,ANGELONE26APR1900PE,0.0,0.0,0.0,33.9,0.0,33.9,2591.75,9.3,0,0,0,0.0,0,F1,250,,,,,
2026-02-18,2026-02-18,FO,NSE,STO,80667,,ANGELONE,,2026-03-30,2026-03-30,2650.0,PE,ANGELONE26MAR2650PE,149.0,167.2,149.0,167.2,167.2,170.1,2591.75,177.95,1750,1000,4,2805037.5,3,F1,250,,,,,
2026-02-18,2026-02-18,FO,NSE,STO,65358,,ANGELONE,,2026-02-24,2026-02-24,2950.0,CE,ANGELONE26FEB2950CE,4.4,4.95,1.85,2.3,2.2,3.1,2591.75,2.3,50500,-3250,527,389040612.5,405,F1,250,,,,,
2026-02-18,2026-02-18,FO,NSE,STO,80653,,ANGELONE,,2026-03-30,2026-03-30,1950.0,PE,ANGELONE26MAR1950PE,0.0,0.0,0.0,22.9,0.0,22.9,2591.75,3.35,0,0,0,0.0,0,F1,250,,,,,
2026-02-18,2026-02-18,FO,NSE,STO,72688,,ANGELONE,,2026-02-24,2026-02-24,2400.0,PE,ANGELONE26FEB2400PE,7.75,10.6,5.4,6.4,6.9,12.0,2591.75,6.4,223000,-6000,3353,2018204062.5,2869,F1,250,,,,,
2026-02-18,2026-02-18,FO,NSE,STO,72681,,ANGELONE,,2026-02-24,2026-02-24,2100.0,CE,ANGELONE26FEB2100CE,0.0,0.0,0.0,562.15,562.15,562.15,2591.75,493.65,1000,0,0,0.0,0,F1,250,,,,,
2026-02-18,2026-02-18,FO,NSE,STO,65296,,ANGELONE,,2026-02-24,2026-02-24,2150.0,CE,ANGELONE26FEB2150CE,0.0,0.0,0.0,238.55,238.55,238.55,2591.75,443.7,1500,0,0,0.0,0,F1,250,,,,,
2026-02-18,2026-02-18,FO,NSE,STO,65303,,ANGELONE,,2026-02-24,2026-02-24,2450.0,CE,ANGELONE26FEB2450CE,177.0,213.95,147.8,152.2,152.2,147.3,2591.75,152.2,33750,-1000,36,23533212.5,35,F1,250,,,,,
2026-02-18,2026-02-18,FO,NSE,STO,72689,,ANGELONE,,2026-02-24,2026-02-24,2500.0,CE,ANGELONE26FEB2500CE,127.95,172.1,105.95,115.4,109.75,107.8,2591.75,115.4,91000,1750,566,372737175.0,519,F1,250,,,,,
2026-02-18,2026-02-18,FO,NSE,STO,72695,,ANGELONE,,2026-02-24,2026-02-24,2700.0,CE,ANGELONE26FEB2700CE,22.0,41.9,14.75,18.45,17.45,20.1,2591.75,18.45,459000,78000,16071,10953589537.5,13048,F1,250,,,,,
2026-02-18,2026-02-18,FO,NSE,STO,65551,,ANGELONE,,2026-03-30,2026-03-30,2600.0,CE,ANGELONE26MAR2600CE,132.0,165.05,124.0,127.3,124.0,123.7,2591.75,127.3,34250,17750,289,197934050.0,274,F1,250,,,,,
2026-02-18,2026-02-18,FO,NSE,STO,65297,,ANGELONE,,2026-02-24,2026-02-24,2150.0,PE,ANGELONE26FEB2150PE,2.5,2.55,1.5,1.8,1.75,3.3,2591.75,1.8,131250,-4250,59,31742162.5,49,F1,250,,,,,
2026-02-18,2026-02-18,FO,NSE,STO,65300,,ANGELONE,,2026-02-24,2026-02-24,2250.0,PE,ANGELONE26FEB2250PE,2.55,3.85,2.45,2.6,2.75,4.7,2591.75,2.6,40000,1750,129,72660012.5,109,F1,250,,,,,
2026-02-18,2026-02-18,FO,NSE,STO,72686,,ANGELONE,,2026-02-24,2026-02-24,2300.0,PE,ANGELONE26FEB2300PE,4.4,5.3,3.2,3.35,3.45,6.35,2591.75,3.35,181250,500,598,344450062.5,483,F1,250,,,,,
2026-02-18,2026-02-18,FO,NSE,STO,80673,,ANGELONE,,2026-03-30,2026-03-30,2950.0,PE,ANGELONE26MAR2950PE,0.0,0.0,0.0,469.3,0.0,469.3,2591.75,387.9,0,0,0,0.0,0,F1,250,,,,,
2026-02-18,2026-02-18,FO,NSE,STO,80663,,ANGELONE,,2026-03-30,2026-03-30,2450.0,PE,ANGELONE26MAR2450PE,0.0,0.0,0.0,86.4,86.4,86.4,2591.75,84.5,1750,0,0,0.0,0,F1,250,,,,,
2026-02-18,2026-02-18,FO,NSE,STO,65590,,ANGELONE,,2026-03-30,2026-03-30,2900.0,PE,ANGELONE26MAR2900PE,0.0,0.0,0.0,596.1,0.0,596.1,2591.75,348.15,0,0,0,0.0,0,F1,250,,,,,
2026-02-18,2026-02-18,FO,NSE,STO,65584,,ANGELONE,,2026-03-30,2026-03-30,2600.0,PE,ANGELONE26MAR2600PE,125.95,140.5,102.9,129.65,134.8,140.1,2591.75,129.65,30500,14500,199,135570075.0,185,F1,250,,,,,
2026-02-18,2026-02-18,FO,NSE,STO,72704,,ANGELONE,,2026-02-24,2026-02-24,3100.0,PE,ANGELONE26FEB3100PE,0.0,0.0,0.0,541.6,541.6,541.6,2591.75,505.5,1250,0,0,0.0,0,F1,250,,,,,
2026-02-18,2026-02-18,FO,NSE,STO,72694,,ANGELONE,,2026-02-24,2026-02-24,2600.0,PE,ANGELONE26FEB2600PE,56.0,66.35,33.45,51.55,56.2,67.95,2591.75,51.55,268250,-14750,5391,3569379350.0,4144,F1,250,,,,,
2026-02-18,2026-02-18,FO,NSE,STO,72678,,ANGELONE,,2026-02-24,2026-02-24,1900.0,PE,ANGELONE26FEB1900PE,0.9,0.9,0.5,0.5,0.5,0.95,2591.75,0.5,53000,-5000,30,14254387.5,23,F1,250,,,,,
2026-02-18,2026-02-18,FO,NSE,STO,80664,,ANGELONE,,2026-03-30,2026-03-30,2550.0,CE,ANGELONE26MAR2550CE,190.0,190.0,160.0,160.0,160.0,137.0,2591.75,160.0,2750,2250,12,8142475.0,8,F1,250,,,,,
2026-02-18,2026-02-18,FO,NSE,STO,80660,,ANGELONE,,2026-03-30,2026-03-30,2350.0,CE,ANGELONE26MAR2350CE,0.0,0.0,0.0,336.05,0.0,336.05,2591.75,308.9,0,0,0,0.0,0,F1,250,,,,,
2026-02-18,2026-02-18,FO,NSE,STO,65539,,ANGELONE,,2026-03-30,2026-03-30,2100.0,CE,ANGELONE26MAR2100CE,0.0,0.0,0.0,392.65,0.0,392.65,2591.75,515.9,0,0,0,0.0,0,F1,250,,,,,
2026-02-18,2026-02-18,FO,NSE,STO,72705,,ANGELONE,,2026-02-24,2026-02-24,3200.0,CE,ANGELONE26FEB3200CE,0.9,1.4,0.65,0.85,0.85,1.1,2591.75,0.85,90250,3750,94,75222612.5,86,F1,250,,,,,
2026-02-18,2026-02-18,FO,NSE,STO,72693,,ANGELONE,,2026-02-24,2026-02-24,2600.0,CE,ANGELONE26FEB2600CE,52.05,94.25,45.0,50.05,46.4,48.85,2591.75,50.05,414000,85750,11903,7923113650.0,9716,F1,250,,,,,
2026-02-18,2026-02-18,FO,NSE,STO,80699,,ANGELONE,,2026-04-28,2026-04-28,2400.0,PE,ANGELONE26APR2400PE,0.0,0.0,0.0,175.6,0.0,175.6,2591.75,104.95,0,0,0,0.0,0,F1,250,,,,,
2026-02-18,2026-02-18,FO,NSE,STO,80693,,ANGELONE,,2026-04-28,2026-04-28,2100.0,PE,ANGELONE26APR2100PE,0.0,0.0,0.0,73.35,0.0,73.35,2591.75,29.8,0,0,0,0.0,0,F1,250,,,,,
2026-02-18,2026-02-18,FO,NSE,STO,65346,,ANGELONE,,2026-02-24,2026-02-24,2850.0,PE,ANGELONE26FEB2850PE,216.6,261.3,203.5,257.45,261.3,172.85,2591.75,257.45,4000,500,12,9224787.5,12,F1,250,,,,,
2026-02-18,2026-02-18,FO,NSE,STO,80659,,ANGELONE,,2026-03-30,2026-03-30,2250.0,PE,ANGELONE26MAR2250PE,0.0,0.0,0.0,84.55,0.0,84.55,2591.75,30.85,0,0,0,0.0,0,F1,250,,,,,
2026-02-18,2026-02-18,FO,NSE,STO,80669,,ANGELONE,,2026-03-30,2026-03-30,2750.0,PE,ANGELONE26MAR2750PE,0.0,0.0,0.0,438.0,438.0,438.0,2591.75,239.65,500,0,0,0.0,0,F1,250,,,,,
2026-02-18,2026-02-18,FO,NSE,STO,65301,,ANGELONE,,2026-02-24,2026-02-24,2350.0,CE,ANGELONE26FEB2350CE,0.0,0.0,0.0,238.75,238.75,238.75,2591.75,246.45,20500,0,0,0.0,0,F1,250,,,,,
2026-02-18,2026-02-18,FO,NSE,STO,72683,,ANGELONE,,2026-02-24,2026-02-24,2200.0,CE,ANGELONE26FEB2200CE,440.0,440.0,440.0,440.0,440.0,364.6,2591.75,393.85,26500,0,1,660000.0,1,F1,250,,,,,
2026-02-18,2026-02-18,FO,NSE,STF,51747,,ANGELONE,,2026-03-30,2026-03-30,,,ANGELONE26MARFUT,2624.2,2663.0,2578.1,2597.7,2590.0,2584.5,2591.75,2597.7,342000,133250,1561,1019548375.0,1322,F1,250,,,,,
2026-02-18,2026-02-18,FO,NSE,STO,80701,,ANGELONE,,2026-04-28,2026-04-28,2500.0,PE,ANGELONE26APR2500PE,0.0,0.0,0.0,222.1,0.0,222.1,2591.75,145.05,0,0,0,0.0,0,F1,250,,,,,
2026-02-18,2026-02-18,FO,NSE,STO,80789,,ANGELONE,,2026-04-28,2026-04-28,2800.0,PE,ANGELONE26APR2800PE,0.0,0.0,0.0,396.15,0.0,396.15,2591.75,311.6,0,0,0,0.0,0,F1,250,,,,,
2026-02-18,2026-02-18,FO,NSE,STO,80702,,ANGELONE,,2026-04-28,2026-04-28,2600.0,CE,ANGELONE26APR2600CE,0.0,0.0,0.0,257.45,0.0,257.45,2591.75,211.65,0,0,0,0.0,0,F1,250,,,,,
2026-02-18,2026-02-18,FO,NSE,STO,72701,,ANGELONE,,2026-02-24,2026-02-24,3000.0,CE,ANGELONE26FEB3000CE,2.7,4.1,1.6,1.9,1.7,2.6,2591.75,1.9,238000,-3000,1144,858763975.0,792,F1,250,,,,,
2026-02-18,2026-02-18,FO,NSE,STO,65543,,ANGELONE,,2026-03-30,2026-03-30,2300.0,CE,ANGELONE26MAR2300CE,0.0,0.0,0.0,333.0,333.0,333.0,2591.75,346.45,1500,0,0,0.0,0,F1,250,,,,,
2026-02-18,2026-02-18,FO,NSE,STO,84083,,AUBANK,,2026-04-28,2026-04-28,940.0,CE,AUBANK26APR940CE,0.0,0.0,0.0,86.4,0.0,86.4,1022.05,107.5,0,0,0,0.0,0,F1,1000,,,,,
2026-02-18,2026-02-18,FO,NSE,STO,84033,,AUBANK,,2026-04-28,2026-04-28,840.0,CE,AUBANK26APR840CE,0.0,0.0,0.0,152.85,0.0,152.85,1022.05,193.05,0,0,0,0.0,0,F1,1000,,,,,
2026-02-18,2026-02-18,FO,NSE,STO,70709,,AUBANK,,2026-03-30,2026-03-30,1120.0,CE,AUBANK26MAR1120CE,0.0,0.0,0.0,7.0,7.0,7.0,1022.05,10.1,2000,0,0,0.0,0,F1,1000,,,,,
2026-02-18,2026-02-18,FO,NSE,STO,75592,,AUBANK,,2026-02-24,2026-02-24,840.0,CE,AUBANK26FEB840CE,0.0,0.0,0.0,146.5,146.5,146.5,1022.05,182.8,45000,0,0,0.0,0,F1,1000,,,,,
2026-02-18,2026-02-18,FO,NSE,STO,70394,,AUBANK,,2026-02-24,2026-02-24,990.0,CE,AUBANK26FEB990CE,20.0,35.1,18.6,34.25,35.0,21.7,1022.05,34.25,205000,-25000,225,229025900.0,202,F1,1000,,,,,
2026-02-18,2026-02-18,FO,NSE,STO,75618,,AUBANK,,2026-02-24,2026-02-24,1100.0,CE,AUBANK26FEB1100CE,0.65,0.9,0.45,0.75,0.75,0.65,1022.05,0.75,616000,115000,476,523938250.0,305,F1,1000,,,,,
2026-02-18,2026-02-18,FO,NSE,STO,83634,,AUBANK,,2026-03-30,2026-03-30,910.0,CE,AUBANK26MAR910CE,0.0,0.0,0.0,90.85,0.0,90.85,1022.05,121.75,0,0,0,0.0,0,F1,1000,,,,,
2026-02-18,2026-02-18,FO,NSE,STO,83645,,AUBANK,,2026-03-30,2026-03-30,930.0,CE,AUBANK26MAR930CE,0.0,0.0,0.0,78.5,0.0,78.5,1022.05,104.45,0,0,0,0.0,0,F1,1000,,,,,
2026-02-18,2026-02-18,FO,NSE,STO,83685,,AUBANK,,2026-03-30,2026-03-30,1030.0,CE,AUBANK26MAR1030CE,24.6,31.0,24.0,30.35,31.0,26.0,1022.05,30.35,30000,29000,41,43390400.0,31,F1,1000,,,,,
2026-02-18,2026-02-18,FO,NSE,STO,84096,,AUBANK,,2026-04-28,2026-04-28,1060.0,PE,AUBANK26APR1060PE,0.0,0.0,0.0,117.1,0.0,117.1,1022.05,65.95,0,0,0,0.0,0,F1,1000,,,,,
2026-02-18,2026-02-18,FO,NSE,STO,83705,,AUBANK,,2026-03-30,2026-03-30,1110.0,PE,AUBANK26MAR1110PE,0.0,0.0,0.0,149.5,0.0,149.5,1022.05,93.2,0,0,0,0.0,0,F1,1000,,,,,
2026-02-18,2026-02-18,FO,NSE,STO,84034,,AUBANK,,2026-04-28,2026-04-28,840.0,PE,AUBANK26APR840PE,0.0,0.0,0.0,16.4,0.0,16.4,1022.05,2.3,0,0,0,0.0,0,F1,1000,,,,,
2026-02-18,2026-02-18,FO,NSE,STO,84082,,AUBANK,,2026-04-28,2026-04-28,920.0,PE,AUBANK26APR920PE,0.0,0.0,0.0,40.2,0.0,40.2,1022.05,11.4,0,0,0,0.0,0,F1,1000,,,,,
2026-02-18,2026-02-18,FO,NSE,STO,84105,,AUBANK,,2026-04-28,2026-04-28,1120.0,PE,AUBANK26APR1120PE,0.0,0.0,0.0,161.95,0.0,161.95,1022.05,106.85,0,0,0,0.0,0,F1,1000,,,,,
2026-02-18,2026-02-18,FO,NSE,STO,70406,,AUBANK,,2026-02-24,2026-02-24,1110.0,CE,AUBANK26FEB1110CE,0.5,0.5,0.5,0.5,0.5,0.7,1022.05,0.2,7000,-1000,1,1110500.0,1,F1,1000,,,,,
2026-02-18,2026-02-18,FO,NSE,STO,70613,,AUBANK,,2026-03-30,2026-03-30,840.0,CE,AUBANK26MAR840CE,0.0,0.0,0.0,180.4,0.0,180.4,1022.05,187.6,0,0,0,0.0,0,F1,1000,,,,,
2026-02-18,2026-02-18,FO,NSE,STO,84091,,AUBANK,,2026-04-28,2026-04-28,1020.0,CE,AUBANK26APR1020CE,0.0,0.0,0.0,49.95,0.0,49.95,1022.05,56.9,0,0,0,0.0,0,F1,1000,,,,,
2026-02-18,2026-02-18,FO,NSE,STO,70658,,AUBANK,,2026-03-30,2026-03-30,940.0,PE,AUBANK26MAR940PE,0.0,0.0,0.0,37.1,0.0,37.1,1022.05,8.5,0,0,0,0.0,0,F1,1000,,,,,
2026-02-18,2026-02-18,FO,NSE,STO,70626,,AUBANK,,2026-03-30,2026-03-30,840.0,PE,AUBANK26MAR840PE,0.0,0.0,0.0,11.5,0.0,11.5,1022.05,0.5,0,0,0,0.0,0,F1,1000,,,,,
2026-02-18,2026-02-18,FO,NSE,STO,83684,,AUBANK,,2026-03-30,2026-03-30,1010.0,PE,AUBANK26MAR1010PE,30.7,30.7,23.0,23.0,23.0,35.0,1022.05,23.0,46000,45000,64,66343300.0,43,F1,1000,,,,,
2026-02-18,2026-02-18,FO,NSE,STO,83703,,AUBANK,,2026-03-30,2026-03-30,1090.0,PE,AUBANK26MAR1090PE,0.0,0.0,0.0,133.25,0.0,133.25,1022.05,77.75,0,0,0,0.0,0,F1,1000,,,,,
2026-02-18,2026-02-18,FO,NSE,STO,83627,,AUBANK,,2026-03-30,2026-03-30,870.0,PE,AUBANK26MAR870PE,0.0,0.0,0.0,16.3,0.0,16.3,1022.05,1.4,0,0,0,0.0,0,F1,1000,,,,,
2026-02-18,2026-02-18,FO,NSE,STO,70382,,AUBANK,,2026-02-24,2026-02-24,870.0,CE,AUBANK26FEB870CE,0.0,0.0,0.0,143.95,0.0,143.95,1022.05,152.85,0,0,0,0.0,0,F1,1000,,,,,
2026-02-18,2026-02-18,FO,NSE,STO,75604,,AUBANK,,2026-02-24,2026-02-24,960.0,CE,AUBANK26FEB960CE,44.2,62.65,44.2,62.15,62.15,44.95,1022.05,62.15,158000,1000,35,35606400.0,31,F1,1000,,,,,
2026-02-18,2026-02-18,FO,NSE,STO,83647,,AUBANK,,2026-03-30,2026-03-30,950.0,CE,AUBANK26MAR950CE,86.0,86.0,86.0,86.0,86.0,68.5,1022.05,86.0,3000,3000,3,3108000.0,1,F1,1000,,,,,
2026-02-18,2026-02-18,FO,NSE,STO,70685,,AUBANK,,2026-03-30,2026-03-30,1040.0,CE,AUBANK26MAR1040CE,22.0,28.05,22.0,26.5,27.0,16.05,1022.05,26.5,17000,13000,24,25550400.0,24,F1,1000,,,,,
2026-02-18,2026-02-18,FO,NSE,STO,70715,,AUBANK,,2026-03-30,2026-03-30,1160.0,CE,AUBANK26MAR1160CE,2.5,3.15,2.5,3.15,3.15,22.65,1022.05,4.95,3000,3000,3,3488400.0,3,F1,1000,,,,,
2026-02-18,2026-02-18,FO,NSE,STO,75605,,AUBANK,,2026-02-24,2026-02-24,960.0,PE,AUBANK26FEB960PE,3.3,3.45,1.1,1.2,1.2,3.2,1022.05,1.2,291000,-69000,300,288538150.0,281,F1,1000,,,,,
2026-02-18,2026-02-18,FO,NSE,STO,75611,,AUBANK,,2026-02-24,2026-02-24,1020.0,PE,AUBANK26FEB1020PE,25.0,25.05,11.5,12.35,11.95,25.85,1022.05,12.35,152000,66000,719,743811650.0,609,F1,1000,,,,,
2026-02-18,2026-02-18,FO,NSE,STO,70666,,AUBANK,,2026-03-30,2026-03-30,1000.0,PE,AUBANK26MAR1000PE,30.2,30.2,18.5,20.65,18.5,30.65,1022.05,20.65,129000,46000,207,211855800.0,156,F1,1000,,,,,
2026-02-18,2026-02-18,FO,NSE,STO,83650,,AUBANK,,2026-03-30,2026-03-30,970.0,PE,AUBANK26MAR970PE,18.3,18.3,12.8,13.5,13.5,18.0,1022.05,15.45,11000,7000,13,12807500.0,13,F1,1000,,,,,
2026-02-18,2026-02-18,FO,NSE,STO,70662,,AUBANK,,2026-03-30,2026-03-30,960.0,PE,AUBANK26MAR960PE,15.0,15.0,9.4,9.7,9.4,15.15,1022.05,9.7,32000,2000,32,31082950.0,31,F1,1000,,,,,
2026-02-18,2026-02-18,FO,NSE,STO,83648,,AUBANK,,2026-03-30,2026-03-30,950.0,PE,AUBANK26MAR950PE,12.65,12.65,8.1,8.2,8.25,13.0,1022.05,8.2,90000,33000,124,119045650.0,99,F1,1000,,,,,
2026-02-18,2026-02-18,FO,NSE,STO,70647,,AUBANK,,2026-03-30,2026-03-30,920.0,PE,AUBANK26MAR920PE,0.0,0.0,0.0,30.3,0.0,30.3,1022.05,5.4,0,0,0,0.0,0,F1,1000,,,,,
2026-02-18,2026-02-18,FO,NSE,STO,83702,,AUBANK,,2026-03-30,2026-03-30,1090.0,CE,AUBANK26MAR1090CE,11.0,11.0,11.0,11.0,11.0,8.95,1022.05,16.35,3000,1000,1,1101000.0,1,F1,1000,,,,,
2026-02-18,2026-02-18,FO,NSE,STO,75624,,AUBANK,,2026-02-24,2026-02-24,1160.0,CE,AUBANK26FEB1160CE,0.1,0.15,0.1,0.15,0.15,0.15,1022.05,0.15,162000,-3000,13,15081400.0,10,F1,1000,,,,,
2026-02-18,2026-02-18,FO,NSE,STO,75620,,AUBANK,,2026-02-24,2026-02-24,1120.0,CE,AUBANK26FEB1120CE,0.4,0.5,0.3,0.4,0.35,0.4,1022.05,0.4,153000,2000,59,66104250.0,54,F1,1000,,,,,
2026-02-18,2026-02-18,FO,NSE,STO,70402,,AUBANK,,2026-02-24,2026-02-24,1070.0,CE,AUBANK26FEB1070CE,1.25,2.1,0.85,1.8,1.85,1.25,1022.05,1.8,184000,46000,474,507829150.0,362,F1,1000,,,,,
2026-02-18,2026-02-18,FO,NSE,STO,70386,,AUBANK,,2026-02-24,2026-02-24,910.0,CE,AUBANK26FEB910CE,0.0,0.0,0.0,106.0,106.0,106.0,1022.05,112.9,4000,0,0,0.0,0,F1,1000,,,,,
2026-02-18,2026-02-18,FO,NSE,STO,84090,,AUBANK,,2026-04-28,2026-04-28,1000.0,PE,AUBANK26APR1000PE,0.0,0.0,0.0,78.85,0.0,78.85,1022.05,35.35,0,0,0,0.0,0,F1,1000,,,,,
2026-02-18,2026-02-18,FO,NSE,STO,84080,,AUBANK,,2026-04-28,2026-04-28,900.0,PE,AUBANK26APR900PE,0.0,0.0,0.0,32.9,0.0,32.9,1022.05,8.05,0,0,0,0.0,0,F1,1000,,,,,
2026-02-18,2026-02-18,FO,NSE,STO,70714,,AUBANK,,2026-03-30,2026-03-30,1140.0,PE,AUBANK26MAR1140PE,0.0,0.0,0.0,153.4,0.0,153.4,1022.05,118.25,0,0,0,0.0,0,F1,1000,,,,,
2026-02-18,2026-02-18,FO,NSE,STO,70703,,AUBANK,,2026-03-30,2026-03-30,1060.0,PE,AUBANK26MAR1060PE,0.0,0.0,0.0,97.05,0.0,97.05,1022.05,57.0,0,0,0,0.0,0,F1,1000,,,,,
2026-02-18,2026-02-18,FO,NSE,STO,83699,,AUBANK,,2026-03-30,2026-03-30,1050.0,PE,AUBANK26MAR1050PE,49.5,50.85,45.3,46.6,45.3,58.0,1022.05,46.6,11000,9000,14,15373000.0,11,F1,1000,,,,,
2026-02-18,2026-02-18,FO,NSE,STO,70684,,AUBANK,,2026-03-30,2026-03-30,1020.0,PE,AUBANK26MAR1020PE,31.0,32.8,28.15,29.05,28.15,73.5,1022.05,29.05,15000,15000,38,39935050.0,31,F1,1000,,,,,
2026-02-18,2026-02-18,FO,NSE,STO,84094,,AUBANK,,2026-04-28,2026-04-28,1040.0,PE,AUBANK26APR1040PE,0.0,0.0,0.0,103.55,0.0,103.55,1022.05,54.55,0,0,0,0.0,0,F1,1000,,,,,
2026-02-18,2026-02-18,FO,NSE,STO,84092,,AUBANK,,2026-04-28,2026-04-28,1020.0,PE,AUBANK26APR1020PE,0.0,0.0,0.0,90.8,0.0,90.8,1022.05,44.3,0,0,0,0.0,0,F1,1000,,,,,
2026-02-18,2026-02-18,FO,NSE,STO,84075,,AUBANK,,2026-04-28,2026-04-28,880.0,PE,AUBANK26APR880PE,0.0,0.0,0.0,26.55,0.0,26.55,1022.05,5.5,0,0,0,0.0,0,F1,1000,,,,,
2026-02-18,2026-02-18,FO,NSE,STO,70403,,AUBANK,,2026-02-24,2026-02-24,1070.0,PE,AUBANK26FEB1070PE,0.0,0.0,0.0,74.85,74.85,74.85,1022.05,49.0,4000,0,0,0.0,0,F1,1000,,,,,
2026-02-18,2026-02-18,FO,NSE,STO,75609,,AUBANK,,2026-02-24,2026-02-24,1000.0,PE,AUBANK26FEB1000PE,14.0,16.0,4.7,5.1,4.85,13.85,1022.05,5.1,667000,28000,1857,1871102350.0,1540,F1,1000,,,,,
2026-02-18,2026-02-18,FO,NSE,STO,70387,,AUBANK,,2026-02-24,2026-02-24,910.0,PE,AUBANK26FEB910PE,0.55,0.75,0.5,0.5,0.5,1.05,1022.05,0.5,87000,-6000,25,22765750.0,25,F1,1000,,,,,
2026-02-18,2026-02-18,FO,NSE,STO,84095,,AUBANK,,2026-04-28,2026-04-28,1060.0,CE,AUBANK26APR1060CE,0.0,0.0,0.0,36.9,0.0,36.9,1022.05,39.0,0,0,0,0.0,0,F1,1000,,,,,
2026-02-18,2026-02-18,FO,NSE,STO,84093,,AUBANK,,2026-04-28,2026-04-28,1040.0,CE,AUBANK26APR1040CE,0.0,0.0,0.0,43.05,0.0,43.05,1022.05,47.35,0,0,0,0.0,0,F1,1000,,,,,
2026-02-18,2026-02-18,FO,NSE,STO,70704,,AUBANK,,2026-03-30,2026-03-30,1080.0,CE,AUBANK26MAR1080CE,0.0,0.0,0.0,42.5,0.0,42.5,1022.05,19.05,0,0,0,0.0,0,F1,1000,,,,,
2026-02-18,2026-02-18,FO,NSE,STO,70663,,AUBANK,,2026-03-30,2026-03-30,980.0,CE,AUBANK26MAR980CE,0.0,0.0,0.0,47.15,47.0,47.15,1022.05,66.4,19000,0,0,0.0,0,F1,1000,,,,,
2026-02-18,2026-02-18,FO,NSE,STO,70650,,AUBANK,,2026-03-30,2026-03-30,940.0,CE,AUBANK26MAR940CE,78.0,86.0,75.0,86.0,86.0,77.05,1022.05,96.2,15000,14000,21,21439900.0,12,F1,1000,,,,,
2026-02-18,2026-02-18,FO,NSE,STO,70629,,AUBANK,,2026-03-30,2026-03-30,880.0,CE,AUBANK26MAR880CE,0.0,0.0,0.0,148.8,0.0,148.8,1022.05,149.2,0,0,0,0.0,0,F1,1000,,,,,
2026-02-18,2026-02-18,FO,NSE,STO,75616,,AUBANK,,2026-02-24,2026-02-24,1080.0,CE,AUBANK26FEB1080CE,0.8,1.5,0.6,1.25,1.25,0.95,1022.05,1.25,161000,-21000,369,398911600.0,320,F1,1000,,,,,
2026-02-18,2026-02-18,FO,NSE,STF,66715,,AUBANK,,2026-04-28,2026-04-28,,,AUBANK26APRFUT,1006.35,1029.7,1006.35,1028.95,1029.7,1006.35,1022.05,1028.95,36000,2000,48,49107850.0,33,F1,1000,,,,,
2026-02-18,2026-02-18,FO,NSE,STO,84101,,AUBANK,,2026-04-28,2026-04-28,1080.0,PE,AUBANK26APR1080PE,0.0,0.0,0.0,131.4,0.0,131.4,1022.05,78.55,0,0,0,0.0,0,F1,1000,,,,,
2026-02-18,2026-02-18,FO,NSE,STO,70630,,AUBANK,,2026-03-30,2026-03-30,880.0,PE,AUBANK26MAR880PE,0.0,0.0,0.0,19.35,0.0,19.35,1022.05,1.85,0,0,0,0.0,0,F1,1000,,,,,
2026-02-18,2026-02-18,FO,NSE,STO,75625,,AUBANK,,2026-02-24,2026-02-24,1160.0,PE,AUBANK26FEB1160PE,0.0,0.0,0.0,212.9,0.0,212.9,1022.05,136.9,0,0,0,0.0,0,F1,1000,,,,,
2026-02-18,2026-02-18,FO,NSE,STO,75621,,AUBANK,,2026-02-24,2026-02-24,1120.0,PE,AUBANK26FEB1120PE,0.0,0.0,0.0,129.0,129.0,129.0,1022.05,97.0,9000,0,0,0.0,0,F1,1000,,,,,
2026-02-18,2026-02-18,FO,NSE,STO,70401,,AUBANK,,2026-02-24,2026-02-24,1050.0,PE,AUBANK26FEB1050PE,37.5,37.5,32.0,33.75,32.0,51.25,1022.05,33.75,22000,0,27,29279700.0,21,F1,1000,,,,,
2026-02-18,2026-02-18,FO,NSE,STO,70393,,AUBANK,,2026-02-24,2026-02-24,970.0,PE,AUBANK26FEB970PE,5.0,5.0,1.4,1.5,1.5,4.6,1022.05,1.5,363000,-11000,562,546403150.0,514,F1,1000,,,,,
2026-02-18,2026-02-18,FO,NSE,STO,75603,,AUBANK,,2026-02-24,2026-02-24,940.0,PE,AUBANK26FEB940PE,1.6,1.65,0.75,0.75,0.75,1.8,1022.05,0.75,276000,-9000,219,206096850.0,194,F1,1000,,,,,
2026-02-18,2026-02-18,FO,NSE,STO,75601,,AUBANK,,2026-02-24,2026-02-24,920.0,PE,AUBANK26FEB920PE,0.9,0.95,0.5,0.6,0.5,1.2,1022.05,0.6,177000,-3000,34,31304550.0,33,F1,1000,,,,,
2026-02-18,2026-02-18,FO,NSE,STO,84102,,AUBANK,,2026-04-28,2026-04-28,1100.0,CE,AUBANK26APR1100CE,0.0,0.0,0.0,26.8,0.0,26.8,1022.05,25.65,0,0,0,0.0,0,F1,1000,,,,,
2026-02-18,2026-02-18,FO,NSE,STO,84025,,AUBANK,,2026-04-28,2026-04-28,800.0,CE,AUBANK26APR800CE,0.0,0.0,0.0,185.2,0.0,185.2,1022.05,231.15,0,0,0,0.0,0,F1,1000,,,,,
2026-02-18,2026-02-18,FO,NSE,STO,83700,,AUBANK,,2026-03-30,2026-03-30,1070.0,CE,AUBANK26MAR1070CE,11.35,16.8,11.2,16.1,16.8,12.3,1022.05,16.1,66000,-4000,37,40102100.0,36,F1,1000,,,,,
2026-02-18,2026-02-18,FO,NSE,STO,70410,,AUBANK,,2026-02-24,2026-02-24,1150.0,CE,AUBANK26FEB1150CE,0.3,0.3,0.15,0.25,0.15,0.4,1022.05,0.25,1000,-1000,2,2300450.0,2,F1,1000,,,,,
2026-02-18,2026-02-18,FO,NSE,STO,70404,,AUBANK,,2026-02-24,2026-02-24,1090.0,CE,AUBANK26FEB1090CE,0.6,1.1,0.5,0.9,0.95,0.7,1022.05,0.9,81000,18000,110,119989500.0,93,F1,1000,,,,,
2026-02-18,2026-02-18,FO,NSE,STO,75614,,AUBANK,,2026-02-24,2026-02-24,1060.0,CE,AUBANK26FEB1060CE,1.5,3.15,1.2,2.6,2.7,1.8,1022.05,2.6,427000,5000,993,1054710950.0,749,F1,1000,,,,,
2026-02-18,2026-02-18,FO,NSE,STO,75610,,AUBANK,,2026-02-24,2026-02-24,1020.0,CE,AUBANK26FEB1020CE,6.95,14.75,6.15,13.1,13.45,8.0,1022.05,13.1,553000,26000,5297,5460767850.0,4495,F1,1000,,,,,
2026-02-18,2026-02-18,FO,NSE,STO,75602,,AUBANK,,2026-02-24,2026-02-24,940.0,CE,AUBANK26FEB940CE,71.8,79.85,70.2,76.55,76.55,63.05,1022.05,83.05,19000,-10000,24,24316100.0,24,F1,1000,,,,,
2026-02-18,2026-02-18,FO,NSE,STO,75600,,AUBANK,,2026-02-24,2026-02-24,920.0,CE,AUBANK26FEB920CE,92.0,98.35,89.5,98.35,98.35,83.2,1022.05,102.9,20000,-2000,15,15177550.0,8,F1,1000,,,,,
2026-02-18,2026-02-18,FO,NSE,STO,70632,,AUBANK,,2026-03-30,2026-03-30,900.0,PE,AUBANK26MAR900PE,4.25,4.25,3.2,3.35,3.4,4.95,1022.05,3.35,95000,29000,80,72288050.0,58,F1,1000,,,,,
2026-02-18,2026-02-18,FO,NSE,STO,70659,,AUBANK,,2026-03-30,2026-03-30,960.0,CE,AUBANK26MAR960CE,60.0,68.75,60.0,68.75,68.75,60.75,1022.05,80.6,14000,1000,3,3068800.0,3,F1,1000,,,,,
2026-02-18,2026-02-18,FO,NSE,STO,83626,,AUBANK,,2026-03-30,2026-03-30,870.0,CE,AUBANK26MAR870CE,0.0,0.0,0.0,118.95,0.0,118.95,1022.05,158.65,0,0,0,0.0,0,F1,1000,,,,,
2026-02-18,2026-02-18,FO,NSE,STO,70412,,AUBANK,,2026-02-24,2026-02-24,1170.0,CE,AUBANK26FEB1170CE,0.0,0.0,0.0,2.2,2.2,2.2,1022.05,0.05,1000,0,0,0.0,0,F1,1000,,,,,
2026-02-18,2026-02-18,FO,NSE,STO,75608,,AUBANK,,2026-02-24,2026-02-24,1000.0,CE,AUBANK26FEB1000CE,15.4,27.5,13.15,25.75,26.75,16.05,1022.05,25.75,386000,-614000,2941,2998461350.0,2481,F1,1000,,,,,
2026-02-18,2026-02-18,FO,NSE,STO,75598,,AUBANK,,2026-02-24,2026-02-24,900.0,CE,AUBANK26FEB900CE,116.25,116.25,116.25,116.25,116.25,87.35,1022.05,122.85,12000,-1000,1,1016250.0,1,F1,1000,,,,,
2026-02-18,2026-02-18,FO,NSE,STO,70693,,AUBANK,,2026-03-30,2026-03-30,1040.0,PE,AUBANK26MAR1040PE,0.0,0.0,0.0,55.0,55.0,55.0,1022.05,44.95,2000,0,0,0.0,0,F1,1000,,,,,
2026-02-18,2026-02-18,FO,NSE,STO,83629,,AUBANK,,2026-03-30,2026-03-30,890.0,PE,AUBANK26MAR890PE,0.0,0.0,0.0,21.55,0.0,21.55,1022.05,2.5,0,0,0,0.0,0,F1,1000,,,,,
2026-02-18,2026-02-18,FO,NSE,STO,70612,,AUBANK,,2026-03-30,2026-03-30,820.0,PE,AUBANK26MAR820PE,0.0,0.0,0.0,8.6,0.0,8.6,1022.05,0.25,0,0,0,0.0,0,F1,1000,,,,,
2026-02-18,2026-02-18,FO,NSE,STF,51795,,AUBANK,,2026-03-30,2026-03-30,,,AUBANK26MARFUT,1005.75,1027.85,1000.55,1025.7,1027.85,1005.75,1022.05,1025.7,1921000,906000,2281,2321040950.0,2080,F1,1000,,,,,
2026-02-18,2026-02-18,FO,NSE,STO,75593,,AUBANK,,2026-02-24,2026-02-24,840.0,PE,AUBANK26FEB840PE,0.1,0.15,0.1,0.15,0.15,0.25,1022.05,0.05,51000,0,5,4200650.0,5,F1,1000,,,,,
2026-02-18,2026-02-18,FO,NSE,STO,84106,,AUBANK,,2026-04-28,2026-04-28,1140.0,CE,AUBANK26APR1140CE,0.0,0.0,0.0,19.1,0.0,19.1,1022.05,16.2,0,0,0,0.0,0,F1,1000,,,,,
2026-02-18,2026-02-18,FO,NSE,STO,84087,,AUBANK,,2026-04-28,2026-04-28,980.0,CE,AUBANK26APR980CE,0.0,0.0,0.0,66.35,0.0,66.35,1022.05,79.8,0,0,0,0.0,0,F1,1000,,,,,
2026-02-18,2026-02-18,FO,NSE,STO,83649,,AUBANK,,2026-03-30,2026-03-30,970.0,CE,AUBANK26MAR970CE,53.85,62.1,53.85,62.1,62.1,53.85,1022.05,73.35,16000,0,2,2055950.0,2,F1,1000,,,,,
2026-02-18,2026-02-18,FO,NSE,STO,70390,,AUBANK,,2026-02-24,2026-02-24,950.0,CE,AUBANK26FEB950CE,54.1,71.55,52.45,69.1,69.1,54.15,1022.05,73.2,216000,-6000,49,49652450.0,45,F1,1000,,,,,
2026-02-18,2026-02-18,FO,NSE,STO,75590,,AUBANK,,2026-02-24,2026-02-24,820.0,CE,AUBANK26FEB820CE,0.0,0.0,0.0,153.7,0.0,153.7,1022.05,202.8,0,0,0,0.0,0,F1,1000,,,,,
2026-02-18,2026-02-18,FO,NSE,STO,84109,,AUBANK,,2026-04-28,2026-04-28,1160.0,PE,AUBANK26APR1160PE,0.0,0.0,0.0,194.7,0.0,194.7,1022.05,138.65,0,0,0,0.0,0,F1,1000,,,,,
2026-02-18,2026-02-18,FO,NSE,STO,84084,,AUBANK,,2026-04-28,2026-04-28,940.0,PE,AUBANK26APR940PE,0.0,0.0,0.0,48.5,0.0,48.5,1022.05,15.7,0,0,0,0.0,0,F1,1000,,,,,
2026-02-18,2026-02-18,FO,NSE,STO,84073,,AUBANK,,2026-04-28,2026-04-28,860.0,PE,AUBANK26APR860PE,0.0,0.0,0.0,21.1,0.0,21.1,1022.05,3.6,0,0,0,0.0,0,F1,1000,,,,,
2026-02-18,2026-02-18,FO,NSE,STO,70716,,AUBANK,,2026-03-30,2026-03-30,1160.0,PE,AUBANK26MAR1160PE,0.0,0.0,0.0,169.05,0.0,169.05,1022.05,135.95,0,0,0,0.0,0,F1,1000,,,,,
2026-02-18,2026-02-18,FO,NSE,STO,83713,,AUBANK,,2026-03-30,2026-03-30,1150.0,PE,AUBANK26MAR1150PE,0.0,0.0,0.0,183.75,0.0,183.75,1022.05,127.0,0,0,0,0.0,0,F1,1000,,,,,
2026-02-18,2026-02-18,FO,NSE,STO,70706,,AUBANK,,2026-03-30,2026-03-30,1080.0,PE,AUBANK26MAR1080PE,0.0,0.0,0.0,110.05,0.0,110.05,1022.05,70.5,0,0,0,0.0,0,F1,1000,,,,,
2026-02-18,2026-02-18,FO,NSE,STO,75607,,AUBANK,,2026-02-24,2026-02-24,980.0,PE,AUBANK26FEB980PE,6.45,6.45,2.0,2.15,2.1,6.7,1022.05,2.15,438000,-30000,624,613459650.0,579,F1,1000,,,,,
2026-02-18,2026-02-18,FO,NSE,STO,84081,,AUBANK,,2026-04-28,2026-04-28,920.0,CE,AUBANK26APR920CE,0.0,0.0,0.0,97.85,0.0,97.85,1022.05,122.95,0,0,0,0.0,0,F1,1000,,,,,
2026-02-18,2026-02-18,FO,NSE,STO,70409,,AUBANK,,2026-02-24,2026-02-24,1130.0,PE,AUBANK26FEB1130PE,0.0,0.0,0.0,139.0,0.0,139.0,1022.05,106.95,0,0,0,0.0,0,F1,1000,,,,,
2026-02-18,2026-02-18,FO,NSE,STO,70411,,AUBANK,,2026-02-24,2026-02-24,1150.0,PE,AUBANK26FEB1150PE,130.7,131.8,130.7,131.8,131.8,155.15,1022.05,126.9,1000,-5000,5,6405700.0,2,F1,1000,,,,,
2026-02-18,2026-02-18,FO,NSE,STO,70628,,AUBANK,,2026-03-30,2026-03-30,860.0,PE,AUBANK26MAR860PE,2.35,3.55,1.4,1.4,1.4,15.05,1022.05,1.4,2000,2000,4,3448950.0,4,F1,1000,,,,,
2026-02-18,2026-02-18,FO,NSE,STO,70664,,AUBANK,,2026-03-30,2026-03-30,980.0,PE,AUBANK26MAR980PE,18.0,18.0,14.1,14.4,14.1,21.45,1022.05,14.4,52000,32000,50,49775800.0,41,F1,1000,,,,,
2026-02-18,2026-02-18,FO,NSE,STO,84028,,AUBANK,,2026-04-28,2026-04-28,800.0,PE,AUBANK26APR800PE,0.0,0.0,0.0,9.4,0.0,9.4,1022.05,0.8,0,0,0,0.0,0,F1,1000,,,,,
2026-02-18,2026-02-18,FO,NSE,STO,84088,,AUBANK,,2026-04-28,2026-04-28,980.0,PE,AUBANK26APR980PE,0.0,0.0,0.0,67.8,0.0,67.8,1022.05,27.6,0,0,0,0.0,0,F1,1000,,,,,
2026-02-18,2026-02-18,FO,NSE,STF,59213,,AUBANK,,2026-02-24,2026-02-24,,,AUBANK26FEBFUT,998.2,1022.85,996.25,1021.0,1022.5,1001.65,1022.05,1021.0,17128000,-1198000,4153,4209014900.0,3791,F1,1000,,,,,
2026-02-18,2026-02-18,FO,NSE,STO,70388,,AUBANK,,2026-02-24,2026-02-24,930.0,CE,AUBANK26FEB930CE,0.0,0.0,0.0,79.95,79.95,79.95,1022.05,92.95,15000,0,0,0.0,0,F1,1000,,,,,
2026-02-18,2026-02-18,FO,NSE,STO,70398,,AUBANK,,2026-02-24,2026-02-24,1030.0,CE,AUBANK26FEB1030CE,4.8,10.3,4.15,9.0,9.3,5.5,1022.05,9.0,421000,92000,2669,2769324750.0,2322,F1,1000,,,,,
2026-02-18,2026-02-18,FO,NSE,STO,70665,,AUBANK,,2026-03-30,2026-03-30,1000.0,CE,AUBANK26MAR1000CE,35.9,47.65,34.0,46.05,47.65,36.5,1022.05,46.05,100000,-9000,125,130294150.0,104,F1,1000,,,,,
2026-02-18,2026-02-18,FO,NSE,STO,70667,,AUBANK,,2026-03-30,2026-03-30,1020.0,CE,AUBANK26MAR1020CE,26.95,37.0,25.4,35.45,37.0,26.95,1022.05,35.45,110000,85000,251,264178800.0,203,F1,1000,,,,,
2026-02-18,2026-02-18,FO,NSE,STO,70713,,AUBANK,,2026-03-30,2026-03-30,1140.0,CE,AUBANK26MAR1140CE,3.45,5.0,3.45,4.8,5.0,4.0,1022.05,4.8,78000,27000,90,102998400.0,73,F1,1000,,,,,
2026-02-18,2026-02-18,FO,NSE,STO,84085,,AUBANK,,2026-04-28,2026-04-28,960.0,CE,AUBANK26APR960CE,0.0,0.0,0.0,75.95,0.0,75.95,1022.05,93.05,0,0,0,0.0,0,F1,1000,,,,,
2026-02-18,2026-02-18,FO,NSE,STO,84108,,AUBANK,,2026-04-28,2026-04-28,1160.0,CE,AUBANK26APR1160CE,0.0,0.0,0.0,16.05,0.0,16.05,1022.05,12.7,0,0,0,0.0,0,F1,1000,,,,,
2026-02-18,2026-02-18,FO,NSE,STO,70389,,AUBANK,,2026-02-24,2026-02-24,930.0,PE,AUBANK26FEB930PE,1.4,1.45,0.55,0.6,0.55,1.45,1022.05,0.6,83000,-11000,94,87512800.0,78,F1,1000,,,,,
2026-02-18,2026-02-18,FO,NSE,STO,70708,,AUBANK,,2026-03-30,2026-03-30,1100.0,PE,AUBANK26MAR1100PE,0.0,0.0,0.0,102.85,102.85,102.85,1022.05,85.35,1000,0,0,0.0,0,F1,1000,,,,,
2026-02-18,2026-02-18,FO,NSE,STO,70396,,AUBANK,,2026-02-24,2026-02-24,1010.0,CE,AUBANK26FEB1010CE,10.45,20.5,9.2,18.75,19.15,11.45,1022.05,18.75,289000,-747000,3654,3742772700.0,3222,F1,1000,,,,,
2026-02-18,2026-02-18,FO,NSE,STO,70611,,AUBANK,,2026-03-30,2026-03-30,820.0,CE,AUBANK26MAR820CE,0.0,0.0,0.0,197.2,0.0,197.2,1022.05,207.2,0,0,0,0.0,0,F1,1000,,,,,
2026-02-18,2026-02-18,FO,NSE,STO,70627,,AUBANK,,2026-03-30,2026-03-30,860.0,CE,AUBANK26MAR860CE,147.5,160.0,147.5,160.0,160.0,144.5,1022.05,168.25,3000,0,2,2027500.0,2,F1,1000,,,,,
2026-02-18,2026-02-18,FO,NSE,STO,70631,,AUBANK,,2026-03-30,2026-03-30,900.0,CE,AUBANK26MAR900CE,0.0,0.0,0.0,134.2,0.0,134.2,1022.05,130.75,0,0,0,0.0,0,F1,1000,,,,,
2026-02-18,2026-02-18,FO,NSE,STO,83683,,AUBANK,,2026-03-30,2026-03-30,1010.0,CE,AUBANK26MAR1010CE,31.9,41.45,30.7,40.25,41.0,33.5,1022.05,40.25,19000,13000,61,63854850.0,53,F1,1000,,,,,
2026-02-18,2026-02-18,FO,NSE,STO,70707,,AUBANK,,2026-03-30,2026-03-30,1100.0,CE,AUBANK26MAR1100CE,6.65,10.0,6.65,9.75,9.85,7.5,1022.05,9.75,135000,59000,203,225025500.0,169,F1,1000,,,,,
2026-02-18,2026-02-18,FO,NSE,STO,83706,,AUBANK,,2026-03-30,2026-03-30,1130.0,CE,AUBANK26MAR1130CE,0.0,0.0,0.0,3.0,3.0,3.0,1022.05,8.5,1000,0,0,0.0,0,F1,1000,,,,,
2026-02-18,2026-02-18,FO,NSE,STO,83712,,AUBANK,,2026-03-30,2026-03-30,1150.0,CE,AUBANK26MAR1150CE,0.0,0.0,0.0,9.3,0.0,9.3,1022.05,5.95,0,0,0,0.0,0,F1,1000,,,,,
2026-02-18,2026-02-18,FO,NSE,STO,84035,,AUBANK,,2026-04-28,2026-04-28,860.0,CE,AUBANK26APR860CE,0.0,0.0,0.0,137.8,0.0,137.8,1022.05,174.55,0,0,0,0.0,0,F1,1000,,,,,
2026-02-18,2026-02-18,FO,NSE,STO,84104,,AUBANK,,2026-04-28,2026-04-28,1120.0,CE,AUBANK26APR1120CE,0.0,0.0,0.0,22.65,0.0,22.65,1022.05,20.45,0,0,0,0.0,0,F1,1000,,,,,
2026-02-18,2026-02-18,FO,NSE,STO,75595,,AUBANK,,2026-02-24,2026-02-24,860.0,PE,AUBANK26FEB860PE,0.35,0.35,0.25,0.3,0.3,0.4,1022.05,0.05,55000,-5000,11,9463250.0,11,F1,1000,,,,,
2026-02-18,2026-02-18,FO,NSE,STO,70395,,AUBANK,,2026-02-24,2026-02-24,990.0,PE,AUBANK26FEB990PE,10.9,11.1,2.9,3.2,3.1,9.65,1022.05,3.2,325000,-53000,1148,1142366600.0,925,F1,1000,,,,,
2026-02-18,2026-02-18,FO,NSE,STO,70399,,AUBANK,,2026-02-24,2026-02-24,1030.0,PE,AUBANK26FEB1030PE,27.45,27.45,17.2,17.95,17.2,34.1,1022.05,17.95,39000,7000,64,67216250.0,64,F1,1000,,,,,
2026-02-18,2026-02-18,FO,NSE,STO,70405,,AUBANK,,2026-02-24,2026-02-24,1090.0,PE,AUBANK26FEB1090PE,0.0,0.0,0.0,81.4,81.4,81.4,1022.05,67.6,2000,0,0,0.0,0,F1,1000,,,,,
2026-02-18,2026-02-18,FO,NSE,STO,75619,,AUBANK,,2026-02-24,2026-02-24,1100.0,PE,AUBANK26FEB1100PE,0.0,0.0,0.0,149.05,149.05,149.05,1022.05,77.3,2000,0,0,0.0,0,F1,1000,,,,,
2026-02-18,2026-02-18,FO,NSE,STO,70392,,AUBANK,,2026-02-24,2026-02-24,970.0,CE,AUBANK26FEB970CE,35.2,52.95,35.2,52.55,52.1,35.0,1022.05,52.55,266000,-16000,59,59954750.0,58,F1,1000,,,,,
2026-02-18,2026-02-18,FO,NSE,STO,75623,,AUBANK,,2026-02-24,2026-02-24,1140.0,PE,AUBANK26FEB1140PE,0.0,0.0,0.0,195.9,0.0,195.9,1022.05,116.95,0,0,0,0.0,0,F1,1000,,,,,
2026-02-18,2026-02-18,FO,NSE,STO,83697,,AUBANK,,2026-03-30,2026-03-30,1030.0,PE,AUBANK26MAR1030PE,34.0,34.0,34.0,34.0,34.0,89.05,1022.05,34.0,1000,1000,1,1064000.0,1,F1,1000,,,,,
2026-02-18,2026-02-18,FO,NSE,STO,75599,,AUBANK,,2026-02-24,2026-02-24,900.0,PE,AUBANK26FEB900PE,0.8,0.8,0.35,0.4,0.35,0.85,1022.05,0.4,190000,-75000,151,135970500.0,101,F1,1000,,,,,
2026-02-18,2026-02-18,FO,NSE,STO,83635,,AUBANK,,2026-03-30,2026-03-30,910.0,PE,AUBANK26MAR910PE,0.0,0.0,0.0,27.8,0.0,27.8,1022.05,4.25,0,0,0,0.0,0,F1,1000,,,,,
2026-02-18,2026-02-18,FO,NSE,STO,70712,,AUBANK,,2026-03-30,2026-03-30,1120.0,PE,AUBANK26MAR1120PE,0.0,0.0,0.0,138.3,0.0,138.3,1022.05,101.3,0,0,0,0.0,0,F1,1000,,,,,
2026-02-18,2026-02-18,FO,NSE,STO,83707,,AUBANK,,2026-03-30,2026-03-30,1130.0,PE,AUBANK26MAR1130PE,0.0,0.0,0.0,166.35,0.0,166.35,1022.05,109.65,0,0,0,0.0,0,F1,1000,,,,,
2026-02-18,2026-02-18,FO,NSE,STO,84086,,AUBANK,,2026-04-28,2026-04-28,960.0,PE,AUBANK26APR960PE,0.0,0.0,0.0,57.7,0.0,57.7,1022.05,21.1,0,0,0,0.0,0,F1,1000,,,,,
2026-02-18,2026-02-18,FO,NSE,STO,84103,,AUBANK,,2026-04-28,2026-04-28,1100.0,PE,AUBANK26APR1100PE,0.0,0.0,0.0,146.4,0.0,146.4,1022.05,92.2,0,0,0,0.0,0,F1,1000,,,,,
2026-02-18,2026-02-18,FO,NSE,STO,75594,,AUBANK,,2026-02-24,2026-02-24,860.0,CE,AUBANK26FEB860CE,144.75,157.0,144.75,157.0,157.0,140.65,1022.05,162.85,11000,-2000,2,2021750.0,2,F1,1000,,,,,
2026-02-18,2026-02-18,FO,NSE,STO,70384,,AUBANK,,2026-02-24,2026-02-24,890.0,CE,AUBANK26FEB890CE,0.0,0.0,0.0,127.75,0.0,127.75,1022.05,132.85,0,0,0,0.0,0,F1,1000,,,,,
2026-02-18,2026-02-18,FO,NSE,STO,75606,,AUBANK,,2026-02-24,2026-02-24,980.0,CE,AUBANK26FEB980CE,27.0,43.85,25.45,42.45,43.85,29.0,1022.05,42.45,211000,-26000,175,177809850.0,163,F1,1000,,,,,
2026-02-18,2026-02-18,FO,NSE,STO,70400,,AUBANK,,2026-02-24,2026-02-24,1050.0,CE,AUBANK26FEB1050CE,2.3,4.8,1.9,4.0,4.1,2.65,1022.05,4.0,896000,148000,2308,2430939500.0,1709,F1,1000,,,,,
2026-02-18,2026-02-18,FO,NSE,STO,75622,,AUBANK,,2026-02-24,2026-02-24,1140.0,CE,AUBANK26FEB1140CE,0.2,0.3,0.2,0.25,0.2,0.2,1022.05,0.25,174000,3000,46,52451750.0,38,F1,1000,,,,,
2026-02-18,2026-02-18,FO,NSE,STO,83628,,AUBANK,,2026-03-30,2026-03-30,890.0,CE,AUBANK26MAR890CE,0.0,0.0,0.0,104.4,0.0,104.4,1022.05,139.9,0,0,0,0.0,0,F1,1000,,,,,
2026-02-18,2026-02-18,FO,NSE,STO,83679,,AUBANK,,2026-03-30,2026-03-30,990.0,CE,AUBANK26MAR990CE,42.0,50.95,42.0,50.95,50.95,42.0,1022.05,59.85,6000,2000,5,5182500.0,5,F1,1000,,,,,
2026-02-18,2026-02-18,FO,NSE,STO,83698,,AUBANK,,2026-03-30,2026-03-30,1050.0,CE,AUBANK26MAR1050CE,15.75,23.3,15.6,22.6,23.0,17.05,1022.05,22.6,83000,40000,214,229031300.0,181,F1,1000,,,,,
2026-02-18,2026-02-18,FO,NSE,STO,70694,,AUBANK,,2026-03-30,2026-03-30,1060.0,CE,AUBANK26MAR1060CE,16.0,18.95,16.0,18.8,18.95,49.2,1022.05,18.8,2000,2000,5,5387350.0,5,F1,1000,,,,,
2026-02-18,2026-02-18,FO,NSE,STO,83704,,AUBANK,,2026-03-30,2026-03-30,1110.0,CE,AUBANK26MAR1110CE,0.0,0.0,0.0,6.0,6.0,6.0,1022.05,11.9,1000,0,0,0.0,0,F1,1000,,,,,
2026-02-18,2026-02-18,FO,NSE,STO,84074,,AUBANK,,2026-04-28,2026-04-28,880.0,CE,AUBANK26APR880CE,0.0,0.0,0.0,123.6,0.0,123.6,1022.05,156.65,0,0,0,0.0,0,F1,1000,,,,,
2026-02-18,2026-02-18,FO,NSE,STO,84076,,AUBANK,,2026-04-28,2026-04-28,900.0,CE,AUBANK26APR900CE,0.0,0.0,0.0,110.25,0.0,110.25,1022.05,139.4,0,0,0,0.0,0,F1,1000,,,,,
2026-02-18,2026-02-18,FO,NSE,STO,84089,,AUBANK,,2026-04-28,2026-04-28,1000.0,CE,AUBANK26APR1000CE,0.0,0.0,0.0,57.7,0.0,57.7,1022.05,67.75,0,0,0,0.0,0,F1,1000,,,,,
2026-02-18,2026-02-18,FO,NSE,STO,84100,,AUBANK,,2026-04-28,2026-04-28,1080.0,CE,AUBANK26APR1080CE,0.0,0.0,0.0,31.5,0.0,31.5,1022.05,31.75,0,0,0,0.0,0,F1,1000,,,,,
2026-02-18,2026-02-18,FO,NSE,STO,75591,,AUBANK,,2026-02-24,2026-02-24,820.0,PE,AUBANK26FEB820PE,0.1,0.1,0.05,0.05,0.05,0.05,1022.05,0.05,129000,-1000,10,8200650.0,5,F1,1000,,,,,
2026-02-18,2026-02-18,FO,NSE,STO,84107,,AUBANK,,2026-04-28,2026-04-28,1140.0,PE,AUBANK26APR1140PE,0.0,0.0,0.0,178.1,0.0,178.1,1022.05,122.35,0,0,0,0.0,0,F1,1000,,,,,
2026-02-18,2026-02-18,FO,NSE,STO,83646,,AUBANK,,2026-03-30,2026-03-30,930.0,PE,AUBANK26MAR930PE,0.0,0.0,0.0,35.2,0.0,35.2,1022.05,6.8,0,0,0,0.0,0,F1,1000,,,,,
2026-02-18,2026-02-18,FO,NSE,STO,70407,,AUBANK,,2026-02-24,2026-02-24,1110.0,PE,AUBANK26FEB1110PE,0.0,0.0,0.0,126.95,126.95,126.95,1022.05,87.1,2000,0,0,0.0,0,F1,1000,,,,,
2026-02-18,2026-02-18,FO,NSE,STO,70385,,AUBANK,,2026-02-24,2026-02-24,890.0,PE,AUBANK26FEB890PE,0.4,0.4,0.3,0.3,0.3,0.75,1022.05,0.3,42000,-22000,48,42736700.0,31,F1,1000,,,,,
2026-02-18,2026-02-18,FO,NSE,STO,70383,,AUBANK,,2026-02-24,2026-02-24,870.0,PE,AUBANK26FEB870PE,0.15,0.35,0.15,0.25,0.25,0.4,1022.05,0.25,19000,-15000,24,20886150.0,24,F1,1000,,,,,
2026-02-18,2026-02-18,FO,NSE,STO,70633,,AUBANK,,2026-03-30,2026-03-30,920.0,CE,AUBANK26MAR920CE,107.05,107.05,107.05,107.05,107.05,120.4,1022.05,113.0,1000,1000,1,1027050.0,1,F1,1000,,,,,
2026-02-18,2026-02-18,FO,NSE,STO,70408,,AUBANK,,2026-02-24,2026-02-24,1130.0,CE,AUBANK26FEB1130CE,0.3,0.3,0.3,0.3,0.3,0.3,1022.05,0.05,101000,0,1,1130300.0,1,F1,1000,,,,,
2026-02-18,2026-02-18,FO,NSE,STO,75612,,AUBANK,,2026-02-24,2026-02-24,1040.0,CE,AUBANK26FEB1040CE,3.5,7.05,2.8,5.95,6.3,3.8,1022.05,5.95,277000,-89000,1220,1275032400.0,1087,F1,1000,,,,,
2026-02-18,2026-02-18,FO,NSE,STO,75596,,AUBANK,,2026-02-24,2026-02-24,880.0,CE,AUBANK26FEB880CE,0.0,0.0,0.0,111.45,0.0,111.45,1022.05,142.85,0,0,0,0.0,0,F1,1000,,,,,
2026-02-18,2026-02-18,FO,NSE,STO,83701,,AUBANK,,2026-03-30,2026-03-30,1070.0,PE,AUBANK26MAR1070PE,0.0,0.0,0.0,117.75,0.0,117.75,1022.05,63.55,0,0,0,0.0,0,F1,1000,,,,,
2026-02-18,2026-02-18,FO,NSE,STO,83680,,AUBANK,,2026-03-30,2026-03-30,990.0,PE,AUBANK26MAR990PE,22.1,22.15,17.5,17.55,17.55,24.55,1022.05,17.55,14000,7000,24,24218100.0,19,F1,1000,,,,,
2026-02-18,2026-02-18,FO,NSE,STO,75617,,AUBANK,,2026-02-24,2026-02-24,1080.0,PE,AUBANK26FEB1080PE,0.0,0.0,0.0,106.25,112.5,106.25,1022.05,58.15,1000,0,0,0.0,0,F1,1000,,,,,
2026-02-18,2026-02-18,FO,NSE,STO,75615,,AUBANK,,2026-02-24,2026-02-24,1060.0,PE,AUBANK26FEB1060PE,0.0,0.0,0.0,71.15,71.15,71.15,1022.05,40.35,3000,0,0,0.0,0,F1,1000,,,,,
2026-02-18,2026-02-18,FO,NSE,STO,75613,,AUBANK,,2026-02-24,2026-02-24,1040.0,PE,AUBANK26FEB1040PE,42.9,43.75,24.7,25.55,24.8,44.95,1022.05,25.55,21000,-5000,40,42824100.0,38,F1,1000,,,,,
2026-02-18,2026-02-18,FO,NSE,STO,70397,,AUBANK,,2026-02-24,2026-02-24,1010.0,PE,AUBANK26FEB1010PE,19.7,19.7,7.5,8.05,7.8,19.45,1022.05,8.05,587000,261000,1424,1453026850.0,1079,F1,1000,,,,,
2026-02-18,2026-02-18,FO,NSE,STO,70391,,AUBANK,,2026-02-24,2026-02-24,950.0,PE,AUBANK26FEB950PE,2.4,2.4,1.0,1.05,1.1,2.4,1022.05,1.05,1164000,-21000,419,398603950.0,326,F1,1000,,,,,
2026-02-18,2026-02-18,FO,NSE,STO,75597,,AUBANK,,2026-02-24,2026-02-24,880.0,PE,AUBANK26FEB880PE,0.3,0.3,0.25,0.25,0.25,0.6,1022.05,0.25,73000,-9000,48,42252550.0,43,F1,1000,,,,,
2026-02-18,2026-02-18,FO,NSE,STO,75436,,BANDHANBNK,,2026-02-24,2026-02-24,157.5,PE,BANDHANBNK26FEB157.5PE,0.32,0.34,0.24,0.24,0.26,0.47,171.75,0.24,532800,-122400,120,68159196.0,119,F1,3600,,,,,
2026-02-18,2026-02-18,FO,NSE,STO,77886,,BANDHANBNK,,2026-02-24,2026-02-24,165.0,PE,BANDHANBNK26FEB165PE,1.5,1.6,0.68,0.72,0.78,1.6,171.75,0.72,1386000,-144000,467,278881848.0,421,F1,3600,,,,,
2026-02-18,2026-02-18,FO,NSE,STO,87789,,BANDHANBNK,,2026-03-30,2026-03-30,132.5,CE,BANDHANBNK26MAR132.5CE,0.0,0.0,0.0,20.96,0.0,20.96,171.75,40.1,0,0,0,0.0,0,F1,3600,,,,,
2026-02-18,2026-02-18,FO,NSE,STO,75431,,BANDHANBNK,,2026-02-24,2026-02-24,152.5,CE,BANDHANBNK26FEB152.5CE,18.79,19.18,18.79,19.09,19.13,16.34,171.75,19.09,745200,-18000,6,3706380.0,6,F1,3600,,,,,
2026-02-18,2026-02-18,FO,NSE,STO,75451,,BANDHANBNK,,2026-02-24,2026-02-24,177.5,PE,BANDHANBNK26FEB177.5PE,0.0,0.0,0.0,9.64,9.52,9.64,171.75,6.63,36000,0,0,0.0,0,F1,3600,,,,,
2026-02-18,2026-02-18,FO,NSE,STO,88158,,BANDHANBNK,,2026-04-28,2026-04-28,160.0,PE,BANDHANBNK26APR160PE,0.0,0.0,0.0,17.22,0.0,17.22,171.75,4.49,0,0,0,0.0,0,F1,3600,,,,,
2026-02-18,2026-02-18,FO,NSE,STF,51820,,BANDHANBNK,,2026-03-30,2026-03-30,,,BANDHANBNK26MARFUT,169.01,173.55,168.74,173.05,172.35,169.68,171.75,173.05,16254000,5382000,2292,1422521712.0,1911,F1,3600,,,,,
2026-02-18,2026-02-18,FO,NSE,STO,77854,,BANDHANBNK,,2026-02-24,2026-02-24,130.0,CE,BANDHANBNK26FEB130CE,0.0,0.0,0.0,40.01,40.01,40.01,171.75,41.87,86400,0,0,0.0,0,F1,3600,,,,,
2026-02-18,2026-02-18,FO,NSE,STO,75420,,BANDHANBNK,,2026-02-24,2026-02-24,132.5,CE,BANDHANBNK26FEB132.5CE,0.0,0.0,0.0,18.09,0.0,18.09,171.75,39.37,0,0,0,0.0,0,F1,3600,,,,,
2026-02-18,2026-02-18,FO,NSE,STO,75427,,BANDHANBNK,,2026-02-24,2026-02-24,142.5,CE,BANDHANBNK26FEB142.5CE,0.0,0.0,0.0,19.73,19.69,19.73,171.75,29.38,111600,0,0,0.0,0,F1,3600,,,,,
2026-02-18,2026-02-18,FO,NSE,STO,77869,,BANDHANBNK,,2026-02-24,2026-02-24,155.0,CE,BANDHANBNK26FEB155CE,13.21,17.58,13.21,17.13,16.89,13.86,171.75,17.13,889200,-126000,65,40176468.0,63,F1,3600,,,,,
2026-02-18,2026-02-18,FO,NSE,STO,77887,,BANDHANBNK,,2026-02-24,2026-02-24,170.0,CE,BANDHANBNK26FEB170CE,2.05,4.35,2.0,3.61,3.26,2.49,171.75,3.61,2829600,-979200,3818,2386381464.0,3076,F1,3600,,,,,
2026-02-18,2026-02-18,FO,NSE,STO,75452,,BANDHANBNK,,2026-02-24,2026-02-24,182.5,CE,BANDHANBNK26FEB182.5CE,0.44,0.54,0.38,0.43,0.38,0.32,171.75,0.43,198000,172800,182,119866572.0,141,F1,3600,,,,,
2026-02-18,2026-02-18,FO,NSE,STO,87793,,BANDHANBNK,,2026-03-30,2026-03-30,142.5,CE,BANDHANBNK26MAR142.5CE,0.0,0.0,0.0,14.29,0.0,14.29,171.75,30.43,0,0,0,0.0,0,F1,3600,,,,,
2026-02-18,2026-02-18,FO,NSE,STO,75520,,BANDHANBNK,,2026-03-30,2026-03-30,190.0,CE,BANDHANBNK26MAR190CE,1.71,2.37,1.58,1.99,1.96,1.72,171.75,1.99,702000,446400,423,292451220.0,309,F1,3600,,,,,
2026-02-18,2026-02-18,FO,NSE,STO,88157,,BANDHANBNK,,2026-04-28,2026-04-28,160.0,CE,BANDHANBNK26APR160CE,0.0,0.0,0.0,8.69,0.0,8.69,171.75,17.9,0,0,0,0.0,0,F1,3600,,,,,
2026-02-18,2026-02-18,FO,NSE,STO,88161,,BANDHANBNK,,2026-04-28,2026-04-28,165.0,CE,BANDHANBNK26APR165CE,0.0,0.0,0.0,7.08,0.0,7.08,171.75,14.71,0,0,0,0.0,0,F1,3600,,,,,
2026-02-18,2026-02-18,FO,NSE,STO,77862,,BANDHANBNK,,2026-02-24,2026-02-24,145.0,PE,BANDHANBNK26FEB145PE,0.13,0.13,0.11,0.11,0.11,0.17,171.75,0.11,374400,-43200,31,16195356.0,30,F1,3600,,,,,
2026-02-18,2026-02-18,FO,NSE,STO,75442,,BANDHANBNK,,2026-02-24,2026-02-24,162.5,PE,BANDHANBNK26FEB162.5PE,1.06,1.06,0.46,0.49,0.5,1.03,171.75,0.49,1483200,-234000,153,89849088.0,150,F1,3600,,,,,
2026-02-18,2026-02-18,FO,NSE,STO,88210,,BANDHANBNK,,2026-04-28,2026-04-28,180.0,PE,BANDHANBNK26APR180PE,0.0,0.0,0.0,31.9,0.0,31.9,171.75,13.86,0,0,0,0.0,0,F1,3600,,,,,
2026-02-18,2026-02-18,FO,NSE,STO,87792,,BANDHANBNK,,2026-03-30,2026-03-30,137.5,PE,BANDHANBNK26MAR137.5PE,0.0,0.0,0.0,1.24,1.24,1.24,171.75,0.14,7200,0,0,0.0,0,F1,3600,,,,,
2026-02-18,2026-02-18,FO,NSE,STO,87802,,BANDHANBNK,,2026-03-30,2026-03-30,162.5,PE,BANDHANBNK26MAR162.5PE,0.0,0.0,0.0,17.36,0.0,17.36,171.75,3.48,0,0,0,0.0,0,F1,3600,,,,,
2026-02-18,2026-02-18,FO,NSE,STO,88126,,BANDHANBNK,,2026-04-28,2026-04-28,140.0,PE,BANDHANBNK26APR140PE,0.0,0.0,0.0,6.95,0.0,6.95,171.75,0.76,0,0,0,0.0,0,F1,3600,,,,,
2026-02-18,2026-02-18,FO,NSE,STO,42891,,BANDHANBNK,,2026-03-30,2026-03-30,195.0,PE,BANDHANBNK26MAR195PE,0.0,0.0,0.0,46.06,0.0,46.06,171.75,23.58,0,0,0,0.0,0,F1,3600,,,,,
2026-02-18,2026-02-18,FO,NSE,STO,75519,,BANDHANBNK,,2026-03-30,2026-03-30,185.0,PE,BANDHANBNK26MAR185PE,14.81,14.91,14.5,14.5,14.5,18.0,171.75,15.51,21600,10800,3,2157192.0,3,F1,3600,,,,,
2026-02-18,2026-02-18,FO,NSE,STO,75435,,BANDHANBNK,,2026-02-24,2026-02-24,157.5,CE,BANDHANBNK26FEB157.5CE,13.7,14.98,13.7,14.78,14.24,11.56,171.75,14.78,734400,-7200,12,7427628.0,12,F1,3600,,,,,
2026-02-18,2026-02-18,FO,NSE,STO,77894,,BANDHANBNK,,2026-02-24,2026-02-24,185.0,PE,BANDHANBNK26FEB185PE,13.63,13.84,13.03,13.03,13.03,19.2,171.75,13.03,64800,-3600,8,5716296.0,7,F1,3600,,,,,
2026-02-18,2026-02-18,FO,NSE,STO,77875,,BANDHANBNK,,2026-02-24,2026-02-24,165.0,CE,BANDHANBNK26FEB165CE,5.75,8.07,5.75,7.74,7.25,5.26,171.75,7.74,806400,-306000,220,136520496.0,180,F1,3600,,,,,
2026-02-18,2026-02-18,FO,NSE,STO,87803,,BANDHANBNK,,2026-03-30,2026-03-30,167.5,CE,BANDHANBNK26MAR167.5CE,10.1,10.21,9.64,9.97,9.97,7.0,171.75,10.54,21600,14400,8,5110776.0,8,F1,3600,,,,,
2026-02-18,2026-02-18,FO,NSE,STO,77858,,BANDHANBNK,,2026-02-24,2026-02-24,135.0,PE,BANDHANBNK26FEB135PE,0.05,0.08,0.05,0.07,0.07,0.1,171.75,0.01,817200,-18000,11,5348844.0,10,F1,3600,,,,,
2026-02-18,2026-02-18,FO,NSE,STO,77890,,BANDHANBNK,,2026-02-24,2026-02-24,175.0,PE,BANDHANBNK26FEB175PE,5.5,5.82,4.28,4.59,4.99,7.37,171.75,4.59,802800,10800,171,110695248.0,125,F1,3600,,,,,
2026-02-18,2026-02-18,FO,NSE,STO,77847,,BANDHANBNK,,2026-02-24,2026-02-24,120.0,PE,BANDHANBNK26FEB120PE,0.0,0.0,0.0,0.08,0.08,0.08,171.75,0.01,266400,0,0,0.0,0,F1,3600,,,,,
2026-02-18,2026-02-18,FO,NSE,STO,75437,,BANDHANBNK,,2026-02-24,2026-02-24,162.5,CE,BANDHANBNK26FEB162.5CE,7.01,10.27,7.01,9.68,9.49,7.21,171.75,9.68,518400,-111600,118,72970308.0,100,F1,3600,,,,,
2026-02-18,2026-02-18,FO,NSE,STO,77857,,BANDHANBNK,,2026-02-24,2026-02-24,135.0,CE,BANDHANBNK26FEB135CE,0.0,0.0,0.0,31.46,31.46,31.46,171.75,36.87,25200,0,0,0.0,0,F1,3600,,,,,
2026-02-18,2026-02-18,FO,NSE,STO,75517,,BANDHANBNK,,2026-03-30,2026-03-30,180.0,PE,BANDHANBNK26MAR180PE,11.8,11.97,10.8,11.1,11.1,12.75,171.75,12.0,90000,25200,17,11717532.0,16,F1,3600,,,,,
2026-02-18,2026-02-18,FO,NSE,STO,87796,,BANDHANBNK,,2026-03-30,2026-03-30,147.5,PE,BANDHANBNK26MAR147.5PE,0.0,0.0,0.0,8.48,0.0,8.48,171.75,0.66,0,0,0,0.0,0,F1,3600,,,,,
2026-02-18,2026-02-18,FO,NSE,STO,77870,,BANDHANBNK,,2026-02-24,2026-02-24,155.0,PE,BANDHANBNK26FEB155PE,0.31,0.31,0.18,0.19,0.2,0.34,171.75,0.19,1018800,-133200,249,139149936.0,232,F1,3600,,,,,
2026-02-18,2026-02-18,FO,NSE,STO,77842,,BANDHANBNK,,2026-02-24,2026-02-24,115.0,PE,BANDHANBNK26FEB115PE,0.0,0.0,0.0,0.13,0.13,0.13,171.75,0.01,3600,0,0,0.0,0,F1,3600,,,,,
2026-02-18,2026-02-18,FO,NSE,STO,75512,,BANDHANBNK,,2026-03-30,2026-03-30,170.0,CE,BANDHANBNK26MAR170CE,7.0,9.05,6.84,8.51,8.4,7.06,171.75,8.51,925200,219600,277,177908436.0,234,F1,3600,,,,,
2026-02-18,2026-02-18,FO,NSE,STO,75508,,BANDHANBNK,,2026-03-30,2026-03-30,160.0,CE,BANDHANBNK26MAR160CE,12.85,15.97,12.85,15.04,14.99,12.89,171.75,15.04,514800,79200,128,80682516.0,94,F1,3600,,,,,
2026-02-18,2026-02-18,FO,NSE,STO,75498,,BANDHANBNK,,2026-03-30,2026-03-30,135.0,CE,BANDHANBNK26MAR135CE,0.0,0.0,0.0,19.01,0.0,19.01,171.75,37.65,0,0,0,0.0,0,F1,3600,,,,,
2026-02-18,2026-02-18,FO,NSE,STO,75496,,BANDHANBNK,,2026-03-30,2026-03-30,130.0,CE,BANDHANBNK26MAR130CE,0.0,0.0,0.0,22.31,0.0,22.31,171.75,42.56,0,0,0,0.0,0,F1,3600,,,,,
2026-02-18,2026-02-18,FO,NSE,STO,75494,,BANDHANBNK,,2026-03-30,2026-03-30,125.0,CE,BANDHANBNK26MAR125CE,0.0,0.0,0.0,25.91,0.0,25.91,171.75,47.51,0,0,0,0.0,0,F1,3600,,,,,
2026-02-18,2026-02-18,FO,NSE,STO,77895,,BANDHANBNK,,2026-02-24,2026-02-24,190.0,CE,BANDHANBNK26FEB190CE,0.14,0.19,0.1,0.16,0.16,0.15,171.75,0.16,270000,111600,101,69145056.0,93,F1,3600,,,,,
2026-02-18,2026-02-18,FO,NSE,STO,75455,,BANDHANBNK,,2026-02-24,2026-02-24,182.5,PE,BANDHANBNK26FEB182.5PE,14.42,14.42,10.67,10.67,10.67,16.38,171.75,10.67,43200,28800,20,13977000.0,20,F1,3600,,,,,
2026-02-18,2026-02-18,FO,NSE,STO,88151,,BANDHANBNK,,2026-04-28,2026-04-28,155.0,PE,BANDHANBNK26APR155PE,0.0,0.0,0.0,14.19,0.0,14.19,171.75,3.1,0,0,0,0.0,0,F1,3600,,,,,
2026-02-18,2026-02-18,FO,NSE,STO,88212,,BANDHANBNK,,2026-04-28,2026-04-28,185.0,PE,BANDHANBNK26APR185PE,0.0,0.0,0.0,36.06,0.0,36.06,171.75,17.13,0,0,0,0.0,0,F1,3600,,,,,
2026-02-18,2026-02-18,FO,NSE,STO,75443,,BANDHANBNK,,2026-02-24,2026-02-24,167.5,CE,BANDHANBNK26FEB167.5CE,4.6,6.11,4.38,5.63,5.17,3.64,171.75,5.63,493200,-248400,145,90244512.0,123,F1,3600,,,,,
2026-02-18,2026-02-18,FO,NSE,STO,75444,,BANDHANBNK,,2026-02-24,2026-02-24,167.5,PE,BANDHANBNK26FEB167.5PE,2.34,2.34,1.1,1.19,1.27,2.52,171.75,1.19,1461600,144000,650,395169804.0,468,F1,3600,,,,,
2026-02-18,2026-02-18,FO,NSE,STO,88209,,BANDHANBNK,,2026-04-28,2026-04-28,180.0,CE,BANDHANBNK26APR180CE,0.0,0.0,0.0,3.67,0.0,3.67,171.75,7.48,0,0,0,0.0,0,F1,3600,,,,,
2026-02-18,2026-02-18,FO,NSE,STO,75502,,BANDHANBNK,,2026-03-30,2026-03-30,145.0,CE,BANDHANBNK26MAR145CE,0.0,0.0,0.0,13.44,0.0,13.44,171.75,28.09,0,0,0,0.0,0,F1,3600,,,,,
2026-02-18,2026-02-18,FO,NSE,STO,77891,,BANDHANBNK,,2026-02-24,2026-02-24,180.0,CE,BANDHANBNK26FEB180CE,0.31,0.8,0.3,0.63,0.55,0.44,171.75,0.63,1566000,-28800,618,401919696.0,569,F1,3600,,,,,
2026-02-18,2026-02-18,FO,NSE,STO,75505,,BANDHANBNK,,2026-03-30,2026-03-30,150.0,PE,BANDHANBNK26MAR150PE,1.61,1.61,0.99,1.04,1.08,1.61,171.75,1.04,993600,428400,390,212205240.0,305,F1,3600,,,,,
2026-02-18,2026-02-18,FO,NSE,STO,87804,,BANDHANBNK,,2026-03-30,2026-03-30,167.5,PE,BANDHANBNK26MAR167.5PE,4.28,4.41,4.28,4.41,4.41,6.0,171.75,5.29,43200,0,3,1856124.0,3,F1,3600,,,,,
2026-02-18,2026-02-18,FO,NSE,STO,75513,,BANDHANBNK,,2026-03-30,2026-03-30,170.0,PE,BANDHANBNK26MAR170PE,7.0,7.11,5.23,5.39,5.51,7.21,171.75,5.39,1054800,252000,166,105067692.0,148,F1,3600,,,,,
2026-02-18,2026-02-18,FO,NSE,STO,87812,,BANDHANBNK,,2026-03-30,2026-03-30,177.5,PE,BANDHANBNK26MAR177.5PE,0.0,0.0,0.0,29.02,0.0,29.02,171.75,10.41,0,0,0,0.0,0,F1,3600,,,,,
2026-02-18,2026-02-18,FO,NSE,STO,77865,,BANDHANBNK,,2026-02-24,2026-02-24,150.0,CE,BANDHANBNK26FEB150CE,20.72,22.49,20.72,22.17,21.62,18.85,171.75,22.17,1090800,-111600,84,51925068.0,79,F1,3600,,,,,
2026-02-18,2026-02-18,FO,NSE,STO,75503,,BANDHANBNK,,2026-03-30,2026-03-30,145.0,PE,BANDHANBNK26MAR145PE,0.0,0.0,0.0,1.44,1.44,1.44,171.75,0.46,3600,0,0,0.0,0,F1,3600,,,,,
2026-02-18,2026-02-18,FO,NSE,STO,75493,,BANDHANBNK,,2026-03-30,2026-03-30,120.0,PE,BANDHANBNK26MAR120PE,0.0,0.0,0.0,0.82,0.82,0.82,171.75,0.01,18000,0,0,0.0,0,F1,3600,,,,,
2026-02-18,2026-02-18,FO,NSE,STO,77898,,BANDHANBNK,,2026-02-24,2026-02-24,195.0,PE,BANDHANBNK26FEB195PE,0.0,0.0,0.0,44.49,0.0,44.49,171.75,23.08,0,0,0,0.0,0,F1,3600,,,,,
2026-02-18,2026-02-18,FO,NSE,STO,77866,,BANDHANBNK,,2026-02-24,2026-02-24,150.0,PE,BANDHANBNK26FEB150PE,0.2,0.2,0.11,0.12,0.13,0.21,171.75,0.12,2682000,32400,300,162164592.0,269,F1,3600,,,,,
2026-02-18,2026-02-18,FO,NSE,STO,88146,,BANDHANBNK,,2026-04-28,2026-04-28,145.0,CE,BANDHANBNK26APR145CE,0.0,0.0,0.0,15.28,0.0,15.28,171.75,29.53,0,0,0,0.0,0,F1,3600,,,,,
2026-02-18,2026-02-18,FO,NSE,STO,87811,,BANDHANBNK,,2026-03-30,2026-03-30,177.5,CE,BANDHANBNK26MAR177.5CE,5.53,5.53,4.54,4.54,4.54,2.4,171.75,4.54,3600,3600,2,1314252.0,2,F1,3600,,,,,
2026-02-18,2026-02-18,FO,NSE,STO,75514,,BANDHANBNK,,2026-03-30,2026-03-30,175.0,CE,BANDHANBNK26MAR175CE,5.35,6.55,5.18,6.06,5.81,5.04,171.75,6.06,626400,306000,237,154449324.0,200,F1,3600,,,,,
2026-02-18,2026-02-18,FO,NSE,STO,87799,,BANDHANBNK,,2026-03-30,2026-03-30,157.5,CE,BANDHANBNK26MAR157.5CE,0.0,0.0,0.0,7.21,0.0,7.21,171.75,17.35,0,0,0,0.0,0,F1,3600,,,,,
2026-02-18,2026-02-18,FO,NSE,STO,87791,,BANDHANBNK,,2026-03-30,2026-03-30,137.5,CE,BANDHANBNK26MAR137.5CE,0.0,0.0,0.0,17.43,0.0,17.43,171.75,35.22,0,0,0,0.0,0,F1,3600,,,,,
2026-02-18,2026-02-18,FO,NSE,STO,75445,,BANDHANBNK,,2026-02-24,2026-02-24,172.5,CE,BANDHANBNK26FEB172.5CE,2.06,2.92,1.93,2.44,2.19,1.63,171.75,2.44,1173600,640800,1767,1112932404.0,1581,F1,3600,,,,,
2026-02-18,2026-02-18,FO,NSE,STO,75429,,BANDHANBNK,,2026-02-24,2026-02-24,147.5,CE,BANDHANBNK26FEB147.5CE,0.0,0.0,0.0,21.2,21.2,21.2,171.75,24.38,590400,0,0,0.0,0,F1,3600,,,,,
2026-02-18,2026-02-18,FO,NSE,STO,88123,,BANDHANBNK,,2026-04-28,2026-04-28,135.0,PE,BANDHANBNK26APR135PE,0.0,0.0,0.0,5.19,0.0,5.19,171.75,0.42,0,0,0,0.0,0,F1,3600,,,,,
2026-02-18,2026-02-18,FO,NSE,STO,87800,,BANDHANBNK,,2026-03-30,2026-03-30,157.5,PE,BANDHANBNK26MAR157.5PE,2.38,2.38,1.85,1.88,1.88,6.25,171.75,2.15,25200,21600,29,16659648.0,29,F1,3600,,,,,
2026-02-18,2026-02-18,FO,NSE,STO,87794,,BANDHANBNK,,2026-03-30,2026-03-30,142.5,PE,BANDHANBNK26MAR142.5PE,0.0,0.0,0.0,0.77,0.77,0.77,171.75,0.32,7200,0,0,0.0,0,F1,3600,,,,,
2026-02-18,2026-02-18,FO,NSE,STO,42890,,BANDHANBNK,,2026-03-30,2026-03-30,195.0,CE,BANDHANBNK26MAR195CE,1.07,1.69,1.07,1.4,1.35,1.17,171.75,1.4,288000,252000,282,199431288.0,219,F1,3600,,,,,
2026-02-18,2026-02-18,FO,NSE,STO,75500,,BANDHANBNK,,2026-03-30,2026-03-30,140.0,CE,BANDHANBNK26MAR140CE,0.0,0.0,0.0,30.5,30.5,30.5,171.75,32.81,32400,0,0,0.0,0,F1,3600,,,,,
2026-02-18,2026-02-18,FO,NSE,STO,88204,,BANDHANBNK,,2026-04-28,2026-04-28,170.0,PE,BANDHANBNK26APR170PE,0.0,0.0,0.0,24.11,0.0,24.11,171.75,8.41,0,0,0,0.0,0,F1,3600,,,,,
2026-02-18,2026-02-18,FO,NSE,STO,88148,,BANDHANBNK,,2026-04-28,2026-04-28,150.0,CE,BANDHANBNK26APR150CE,0.0,0.0,0.0,12.77,0.0,12.77,171.75,25.35,0,0,0,0.0,0,F1,3600,,,,,
2026-02-18,2026-02-18,FO,NSE,STO,75515,,BANDHANBNK,,2026-03-30,2026-03-30,175.0,PE,BANDHANBNK26MAR175PE,9.0,9.0,7.66,7.71,7.68,9.73,171.75,7.71,489600,140400,91,60033960.0,72,F1,3600,,,,,
2026-02-18,2026-02-18,FO,NSE,STO,87814,,BANDHANBNK,,2026-03-30,2026-03-30,182.5,PE,BANDHANBNK26MAR182.5PE,0.0,0.0,0.0,33.34,0.0,33.34,171.75,13.7,0,0,0,0.0,0,F1,3600,,,,,
2026-02-18,2026-02-18,FO,NSE,STO,87798,,BANDHANBNK,,2026-03-30,2026-03-30,152.5,PE,BANDHANBNK26MAR152.5PE,0.0,0.0,0.0,1.74,1.74,1.74,171.75,1.24,43200,0,0,0.0,0,F1,3600,,,,,
2026-02-18,2026-02-18,FO,NSE,STO,75499,,BANDHANBNK,,2026-03-30,2026-03-30,135.0,PE,BANDHANBNK26MAR135PE,0.0,0.0,0.0,6.2,0.0,6.2,171.75,0.09,0,0,0,0.0,0,F1,3600,,,,,
2026-02-18,2026-02-18,FO,NSE,STO,75497,,BANDHANBNK,,2026-03-30,2026-03-30,130.0,PE,BANDHANBNK26MAR130PE,0.0,0.0,0.0,4.56,0.0,4.56,171.75,0.03,0,0,0,0.0,0,F1,3600,,,,,
2026-02-18,2026-02-18,FO,NSE,STO,75495,,BANDHANBNK,,2026-03-30,2026-03-30,125.0,PE,BANDHANBNK26MAR125PE,0.0,0.0,0.0,3.24,0.0,3.24,171.75,0.01,0,0,0,0.0,0,F1,3600,,,,,
2026-02-18,2026-02-18,FO,NSE,STO,75426,,BANDHANBNK,,2026-02-24,2026-02-24,137.5,PE,BANDHANBNK26FEB137.5PE,0.0,0.0,0.0,0.05,0.05,0.05,171.75,0.01,97200,0,0,0.0,0,F1,3600,,,,,
2026-02-18,2026-02-18,FO,NSE,STO,88120,,BANDHANBNK,,2026-04-28,2026-04-28,135.0,CE,BANDHANBNK26APR135CE,0.0,0.0,0.0,21.28,0.0,21.28,171.75,38.57,0,0,0,0.0,0,F1,3600,,,,,
2026-02-18,2026-02-18,FO,NSE,STO,75516,,BANDHANBNK,,2026-03-30,2026-03-30,180.0,CE,BANDHANBNK26MAR180CE,3.48,4.7,3.32,4.25,4.05,3.57,171.75,4.25,1033200,165600,280,185671368.0,263,F1,3600,,,,,
2026-02-18,2026-02-18,FO,NSE,STO,75506,,BANDHANBNK,,2026-03-30,2026-03-30,155.0,CE,BANDHANBNK26MAR155CE,18.8,19.8,18.8,19.8,19.8,16.85,171.75,19.33,25200,7200,3,1882080.0,3,F1,3600,,,,,
2026-02-18,2026-02-18,FO,NSE,STO,75430,,BANDHANBNK,,2026-02-24,2026-02-24,147.5,PE,BANDHANBNK26FEB147.5PE,0.24,0.24,0.13,0.13,0.13,0.3,171.75,0.13,579600,-147600,149,79193520.0,89,F1,3600,,,,,
2026-02-18,2026-02-18,FO,NSE,STO,87806,,BANDHANBNK,,2026-03-30,2026-03-30,172.5,PE,BANDHANBNK26MAR172.5PE,7.36,7.36,6.4,6.4,6.4,24.9,171.75,6.4,57600,57600,23,14866380.0,17,F1,3600,,,,,
2026-02-18,2026-02-18,FO,NSE,STO,75521,,BANDHANBNK,,2026-03-30,2026-03-30,190.0,PE,BANDHANBNK26MAR190PE,0.0,0.0,0.0,21.6,21.6,21.6,171.75,19.39,18000,0,0,0.0,0,F1,3600,,,,,
2026-02-18,2026-02-18,FO,NSE,STO,88211,,BANDHANBNK,,2026-04-28,2026-04-28,185.0,CE,BANDHANBNK26APR185CE,0.0,0.0,0.0,2.91,0.0,2.91,171.75,5.79,0,0,0,0.0,0,F1,3600,,,,,
2026-02-18,2026-02-18,FO,NSE,STO,88125,,BANDHANBNK,,2026-04-28,2026-04-28,140.0,CE,BANDHANBNK26APR140CE,0.0,0.0,0.0,18.11,0.0,18.11,171.75,33.96,0,0,0,0.0,0,F1,3600,,,,,
2026-02-18,2026-02-18,FO,NSE,STO,75501,,BANDHANBNK,,2026-03-30,2026-03-30,140.0,PE,BANDHANBNK26MAR140PE,0.5,0.62,0.47,0.47,0.47,0.7,171.75,0.21,21600,3600,3,1517724.0,3,F1,3600,,,,,
2026-02-18,2026-02-18,FO,NSE,STO,87805,,BANDHANBNK,,2026-03-30,2026-03-30,172.5,CE,BANDHANBNK26MAR172.5CE,7.15,7.7,6.51,7.23,7.03,3.22,171.75,7.23,486000,486000,190,122870268.0,86,F1,3600,,,,,
2026-02-18,2026-02-18,FO,NSE,STO,75504,,BANDHANBNK,,2026-03-30,2026-03-30,150.0,CE,BANDHANBNK26MAR150CE,22.99,24.2,22.99,24.2,24.2,21.0,171.75,24.2,111600,-10800,4,2496924.0,4,F1,3600,,,,,
2026-02-18,2026-02-18,FO,NSE,STO,77871,,BANDHANBNK,,2026-02-24,2026-02-24,160.0,CE,BANDHANBNK26FEB160CE,8.85,12.63,8.85,12.04,11.7,9.23,171.75,12.04,1537200,-259200,209,129176712.0,151,F1,3600,,,,,
2026-02-18,2026-02-18,FO,NSE,STO,77889,,BANDHANBNK,,2026-02-24,2026-02-24,175.0,CE,BANDHANBNK26FEB175CE,0.95,1.89,0.73,1.54,1.32,1.01,171.75,1.54,1803600,-64800,1986,1262212200.0,1748,F1,3600,,,,,
2026-02-18,2026-02-18,FO,NSE,STO,77893,,BANDHANBNK,,2026-02-24,2026-02-24,185.0,CE,BANDHANBNK26FEB185CE,0.18,0.37,0.16,0.29,0.27,0.23,171.75,0.29,590400,-57600,316,210794472.0,310,F1,3600,,,,,
2026-02-18,2026-02-18,FO,NSE,STO,77897,,BANDHANBNK,,2026-02-24,2026-02-24,195.0,CE,BANDHANBNK26FEB195CE,0.11,0.13,0.08,0.09,0.1,0.12,171.75,0.09,93600,21600,22,15452388.0,18,F1,3600,,,,,
2026-02-18,2026-02-18,FO,NSE,STO,88149,,BANDHANBNK,,2026-04-28,2026-04-28,150.0,PE,BANDHANBNK26APR150PE,0.0,0.0,0.0,11.45,0.0,11.45,171.75,2.04,0,0,0,0.0,0,F1,3600,,,,,
2026-02-18,2026-02-18,FO,NSE,STO,87994,,BANDHANBNK,,2026-04-28,2026-04-28,130.0,PE,BANDHANBNK26APR130PE,0.0,0.0,0.0,3.76,0.0,3.76,171.75,0.22,0,0,0,0.0,0,F1,3600,,,,,
2026-02-18,2026-02-18,FO,NSE,STO,77859,,BANDHANBNK,,2026-02-24,2026-02-24,140.0,CE,BANDHANBNK26FEB140CE,31.5,32.47,31.4,31.4,31.4,29.2,171.75,31.88,421200,0,10,6182856.0,10,F1,3600,,,,,
2026-02-18,2026-02-18,FO,NSE,STO,87797,,BANDHANBNK,,2026-03-30,2026-03-30,152.5,CE,BANDHANBNK26MAR152.5CE,0.0,0.0,0.0,9.19,0.0,9.19,171.75,21.41,0,0,0,0.0,0,F1,3600,,,,,
2026-02-18,2026-02-18,FO,NSE,STO,88213,,BANDHANBNK,,2026-04-28,2026-04-28,190.0,CE,BANDHANBNK26APR190CE,0.0,0.0,0.0,2.29,0.0,2.29,171.75,4.43,0,0,0,0.0,0,F1,3600,,,,,
2026-02-18,2026-02-18,FO,NSE,STO,77874,,BANDHANBNK,,2026-02-24,2026-02-24,160.0,PE,BANDHANBNK26FEB160PE,0.69,0.71,0.32,0.33,0.35,0.66,171.75,0.33,1036800,-248400,366,211373100.0,342,F1,3600,,,,,
2026-02-18,2026-02-18,FO,NSE,STO,77888,,BANDHANBNK,,2026-02-24,2026-02-24,170.0,PE,BANDHANBNK26FEB170PE,3.9,3.9,1.76,1.92,2.09,3.75,171.75,1.92,1299600,230400,920,570503124.0,787,F1,3600,,,,,
2026-02-18,2026-02-18,FO,NSE,STO,75446,,BANDHANBNK,,2026-02-24,2026-02-24,172.5,PE,BANDHANBNK26FEB172.5PE,3.95,4.22,2.83,3.13,3.34,7.12,171.75,3.13,417600,360000,252,159529392.0,231,F1,3600,,,,,
2026-02-18,2026-02-18,FO,NSE,STO,77896,,BANDHANBNK,,2026-02-24,2026-02-24,190.0,PE,BANDHANBNK26FEB190PE,0.0,0.0,0.0,40.1,0.0,40.1,171.75,18.11,0,0,0,0.0,0,F1,3600,,,,,
2026-02-18,2026-02-18,FO,NSE,STO,87790,,BANDHANBNK,,2026-03-30,2026-03-30,132.5,PE,BANDHANBNK26MAR132.5PE,0.0,0.0,0.0,3.06,0.0,3.06,171.75,0.05,0,0,0,0.0,0,F1,3600,,,,,
2026-02-18,2026-02-18,FO,NSE,STO,75422,,BANDHANBNK,,2026-02-24,2026-02-24,137.5,CE,BANDHANBNK26FEB137.5CE,0.0,0.0,0.0,32.7,32.7,32.7,171.75,34.37,32400,0,0,0.0,0,F1,3600,,,,,
2026-02-18,2026-02-18,FO,NSE,STO,77848,,BANDHANBNK,,2026-02-24,2026-02-24,125.0,CE,BANDHANBNK26FEB125CE,0.0,0.0,0.0,44.22,44.22,44.22,171.75,46.86,36000,0,0,0.0,0,F1,3600,,,,,
2026-02-18,2026-02-18,FO,NSE,STF,66722,,BANDHANBNK,,2026-04-28,2026-04-28,,,BANDHANBNK26APRFUT,171.31,174.35,171.31,173.97,173.63,170.89,171.75,173.97,1119600,14400,46,28748628.0,46,F1,3600,,,,,
2026-02-18,2026-02-18,FO,NSE,STF,59256,,BANDHANBNK,,2026-02-24,2026-02-24,,,BANDHANBNK26FEBFUT,169.87,172.5,167.66,172.02,171.17,168.64,171.75,172.02,75938400,-3078000,3946,2432710476.0,3323,F1,3600,,,,,
2026-02-18,2026-02-18,FO,NSE,STO,88147,,BANDHANBNK,,2026-04-28,2026-04-28,145.0,PE,BANDHANBNK26APR145PE,0.0,0.0,0.0,9.04,0.0,9.04,171.75,1.28,0,0,0,0.0,0,F1,3600,,,,,
2026-02-18,2026-02-18,FO,NSE,STO,75511,,BANDHANBNK,,2026-03-30,2026-03-30,165.0,PE,BANDHANBNK26MAR165PE,5.2,5.2,3.45,3.58,3.66,5.07,171.75,3.58,676800,594000,332,201846816.0,229,F1,3600,,,,,
2026-02-18,2026-02-18,FO,NSE,STO,75507,,BANDHANBNK,,2026-03-30,2026-03-30,155.0,PE,BANDHANBNK26MAR155PE,1.7,1.74,1.49,1.63,1.63,3.07,171.75,1.65,100800,79200,64,36085212.0,43,F1,3600,,,,,
2026-02-18,2026-02-18,FO,NSE,STO,77860,,BANDHANBNK,,2026-02-24,2026-02-24,140.0,PE,BANDHANBNK26FEB140PE,0.1,0.41,0.07,0.08,0.08,0.14,171.75,0.08,1112400,-54000,49,24715872.0,26,F1,3600,,,,,
2026-02-18,2026-02-18,FO,NSE,STO,77855,,BANDHANBNK,,2026-02-24,2026-02-24,130.0,PE,BANDHANBNK26FEB130PE,0.05,0.07,0.03,0.03,0.03,0.07,171.75,0.01,1540800,-50400,27,12641364.0,21,F1,3600,,,,,
2026-02-18,2026-02-18,FO,NSE,STO,88207,,BANDHANBNK,,2026-04-28,2026-04-28,175.0,CE,BANDHANBNK26APR175CE,0.0,0.0,0.0,4.61,0.0,4.61,171.75,9.51,0,0,0,0.0,0,F1,3600,,,,,
2026-02-18,2026-02-18,FO,NSE,STO,88203,,BANDHANBNK,,2026-04-28,2026-04-28,170.0,CE,BANDHANBNK26APR170CE,0.0,0.0,0.0,5.74,0.0,5.74,171.75,11.92,0,0,0,0.0,0,F1,3600,,,,,
2026-02-18,2026-02-18,FO,NSE,STO,75518,,BANDHANBNK,,2026-03-30,2026-03-30,185.0,CE,BANDHANBNK26MAR185CE,2.3,3.3,2.3,2.93,2.84,2.47,171.75,2.93,273600,46800,158,106911648.0,147,F1,3600,,,,,
2026-02-18,2026-02-18,FO,NSE,STO,87801,,BANDHANBNK,,2026-03-30,2026-03-30,162.5,CE,BANDHANBNK26MAR162.5CE,13.0,13.5,13.0,13.49,13.5,11.8,171.75,13.49,28800,10800,6,3798468.0,6,F1,3600,,,,,
2026-02-18,2026-02-18,FO,NSE,STO,87795,,BANDHANBNK,,2026-03-30,2026-03-30,147.5,CE,BANDHANBNK26MAR147.5CE,0.0,0.0,0.0,11.54,0.0,11.54,171.75,25.8,0,0,0,0.0,0,F1,3600,,,,,
2026-02-18,2026-02-18,FO,NSE,STO,77861,,BANDHANBNK,,2026-02-24,2026-02-24,145.0,CE,BANDHANBNK26FEB145CE,25.9,27.2,25.9,27.11,27.12,23.63,171.75,27.11,547200,-18000,12,7422192.0,12,F1,3600,,,,,
2026-02-18,2026-02-18,FO,NSE,STO,75428,,BANDHANBNK,,2026-02-24,2026-02-24,142.5,PE,BANDHANBNK26FEB142.5PE,0.0,0.0,0.0,0.19,0.19,0.19,171.75,0.01,295200,0,0,0.0,0,F1,3600,,,,,
2026-02-18,2026-02-18,FO,NSE,STO,75434,,BANDHANBNK,,2026-02-24,2026-02-24,152.5,PE,BANDHANBNK26FEB152.5PE,0.23,0.23,0.15,0.16,0.15,0.27,171.75,0.16,662400,-32400,46,25286112.0,46,F1,3600,,,,,
2026-02-18,2026-02-18,FO,NSE,STO,75447,,BANDHANBNK,,2026-02-24,2026-02-24,177.5,CE,BANDHANBNK26FEB177.5CE,0.92,1.23,0.81,0.98,0.87,0.66,171.75,0.98,284400,-14400,228,146552760.0,217,F1,3600,,,,,
2026-02-18,2026-02-18,FO,NSE,STO,75509,,BANDHANBNK,,2026-03-30,2026-03-30,160.0,PE,BANDHANBNK26MAR160PE,3.0,3.0,2.27,2.34,2.44,3.29,171.75,2.34,565200,39600,174,101818800.0,150,F1,3600,,,,,
2026-02-18,2026-02-18,FO,NSE,STO,75510,,BANDHANBNK,,2026-03-30,2026-03-30,165.0,CE,BANDHANBNK26MAR165CE,9.8,12.25,9.6,11.51,11.35,9.8,171.75,11.51,288000,140400,96,60903900.0,82,F1,3600,,,,,
2026-02-18,2026-02-18,FO,NSE,STO,88202,,BANDHANBNK,,2026-04-28,2026-04-28,165.0,PE,BANDHANBNK26APR165PE,0.0,0.0,0.0,20.54,0.0,20.54,171.75,6.26,0,0,0,0.0,0,F1,3600,,,,,
2026-02-18,2026-02-18,FO,NSE,STO,88208,,BANDHANBNK,,2026-04-28,2026-04-28,175.0,PE,BANDHANBNK26APR175PE,0.0,0.0,0.0,27.91,0.0,27.91,171.75,10.95,0,0,0,0.0,0,F1,3600,,,,,
2026-02-18,2026-02-18,FO,NSE,STO,88214,,BANDHANBNK,,2026-04-28,2026-04-28,190.0,PE,BANDHANBNK26APR190PE,0.0,0.0,0.0,40.36,0.0,40.36,171.75,20.71,0,0,0,0.0,0,F1,3600,,,,,
2026-02-18,2026-02-18,FO,NSE,STO,77892,,BANDHANBNK,,2026-02-24,2026-02-24,180.0,PE,BANDHANBNK26FEB180PE,11.0,11.0,8.42,8.62,9.05,11.72,171.75,8.62,97200,-25200,26,17704512.0,26,F1,3600,,,,,
2026-02-18,2026-02-18,FO,NSE,STO,87813,,BANDHANBNK,,2026-03-30,2026-03-30,182.5,CE,BANDHANBNK26MAR182.5CE,3.52,3.87,3.52,3.53,3.53,1.77,171.75,3.53,79200,79200,34,22793796.0,21,F1,3600,,,,,
2026-02-18,2026-02-18,FO,NSE,STO,87993,,BANDHANBNK,,2026-04-28,2026-04-28,130.0,CE,BANDHANBNK26APR130CE,0.0,0.0,0.0,24.77,0.0,24.77,171.75,43.31,0,0,0,0.0,0,F1,3600,,,,,
2026-02-18,2026-02-18,FO,NSE,STO,88150,,BANDHANBNK,,2026-04-28,2026-04-28,155.0,CE,BANDHANBNK26APR155CE,0.0,0.0,0.0,10.58,0.0,10.58,171.75,21.45,0,0,0,0.0,0,F1,3600,,,,,
2026-02-18,2026-02-18,FO,NSE,STO,77849,,BANDHANBNK,,2026-02-24,2026-02-24,125.0,PE,BANDHANBNK26FEB125PE,0.0,0.0,0.0,0.11,0.11,0.11,171.75,0.01,104400,0,0,0.0,0,F1,3600,,,,,
2026-02-18,2026-02-18,FO,NSE,STO,75421,,BANDHANBNK,,2026-02-24,2026-02-24,132.5,PE,BANDHANBNK26FEB132.5PE,0.0,0.0,0.0,0.67,0.62,0.67,171.75,0.01,129600,0,0,0.0,0,F1,3600,,,,,
2026-02-18,2026-02-18,FO,NSE,STO,118648,,IRFC,,2026-02-24,2026-02-24,123.0,PE,IRFC26FEB123PE,9.46,9.46,9.46,9.46,9.46,10.34,113.3,9.46,386750,-4250,1,562955.0,1,F1,4250,,,,,
2026-02-18,2026-02-18,FO,NSE,STO,107443,,IRFC,,2026-02-24,2026-02-24,120.0,PE,IRFC26FEB120PE,7.05,8.13,6.44,6.57,6.52,7.24,113.3,6.57,2439500,-144500,80,43213575.0,74,F1,4250,,,,,
2026-02-18,2026-02-18,FO,NSE,STO,118594,,IRFC,,2026-02-24,2026-02-24,113.0,CE,IRFC26FEB113CE,1.57,2.36,1.29,1.8,1.66,2.03,113.3,1.8,1967750,-340000,1878,915429770.0,1760,F1,4250,,,,,
2026-02-18,2026-02-18,FO,NSE,STO,128942,,IRFC,,2026-03-30,2026-03-30,111.0,PE,IRFC26MAR111PE,4.47,4.47,4.11,4.11,4.11,4.35,113.3,3.94,68000,12750,3,1470712.5,3,F1,4250,,,,,
2026-02-18,2026-02-18,FO,NSE,STO,118857,,IRFC,,2026-03-30,2026-03-30,100.0,PE,IRFC26MAR100PE,1.03,1.2,0.94,0.99,1.02,1.1,113.3,0.99,1164500,255000,226,97080922.5,166,F1,4250,,,,,
2026-02-18,2026-02-18,FO,NSE,STO,128909,,IRFC,,2026-03-30,2026-03-30,97.0,PE,IRFC26MAR97PE,0.0,0.0,0.0,1.58,0.0,1.58,113.3,0.5,0,0,0,0.0,0,F1,4250,,,,,
2026-02-18,2026-02-18,FO,NSE,STO,107461,,IRFC,,2026-02-24,2026-02-24,136.0,PE,IRFC26FEB136PE,0.0,0.0,0.0,20.71,20.71,20.71,113.3,22.58,21250,0,0,0.0,0,F1,4250,,,,,
2026-02-18,2026-02-18,FO,NSE,STO,107452,,IRFC,,2026-02-24,2026-02-24,128.0,PE,IRFC26FEB128PE,0.0,0.0,0.0,12.54,12.54,12.54,113.3,14.59,34000,0,0,0.0,0,F1,4250,,,,,
2026-02-18,2026-02-18,FO,NSE,STO,118603,,IRFC,,2026-02-24,2026-02-24,121.0,PE,IRFC26FEB121PE,0.0,0.0,0.0,8.48,8.48,8.48,113.3,7.78,722500,0,0,0.0,0,F1,4250,,,,,
2026-02-18,2026-02-18,FO,NSE,STO,118596,,IRFC,,2026-02-24,2026-02-24,115.0,CE,IRFC26FEB115CE,1.2,1.47,0.74,1.01,0.93,1.26,113.3,1.01,6353750,807500,4277,2108705967.5,3664,F1,4250,,,,,
2026-02-18,2026-02-18,FO,NSE,STO,107438,,IRFC,,2026-02-24,2026-02-24,116.0,CE,IRFC26FEB116CE,1.0,1.12,0.58,0.73,0.67,1.0,113.3,0.73,3689000,323000,889,441017145.0,769,F1,4250,,,,,
2026-02-18,2026-02-18,FO,NSE,STO,118744,,IRFC,,2026-02-24,2026-02-24,127.0,CE,IRFC26FEB127CE,0.18,0.19,0.1,0.11,0.11,0.19,113.3,0.11,663000,-395250,276,149118177.5,193,F1,4250,,,,,
2026-02-18,2026-02-18,FO,NSE,STO,118746,,IRFC,,2026-02-24,2026-02-24,129.0,CE,IRFC26FEB129CE,0.16,0.16,0.08,0.09,0.09,0.16,113.3,0.09,1075250,-136000,105,57605860.0,80,F1,4250,,,,,
2026-02-18,2026-02-18,FO,NSE,STO,107455,,IRFC,,2026-02-24,2026-02-24,132.0,CE,IRFC26FEB132CE,0.08,0.08,0.05,0.06,0.06,0.1,113.3,0.06,612000,-68000,48,26940452.5,41,F1,4250,,,,,
2026-02-18,2026-02-18,FO,NSE,STO,107485,,IRFC,,2026-02-24,2026-02-24,144.0,CE,IRFC26FEB144CE,0.03,0.03,0.03,0.03,0.03,0.05,113.3,0.01,599250,-4250,1,612127.5,1,F1,4250,,,,,
2026-02-18,2026-02-18,FO,NSE,STO,107500,,IRFC,,2026-02-24,2026-02-24,150.0,CE,IRFC26FEB150CE,0.03,0.04,0.03,0.03,0.03,0.04,113.3,0.03,4016250,-123250,111,70777460.0,35,F1,4250,,,,,
2026-02-18,2026-02-18,FO,NSE,STO,128932,,IRFC,,2026-03-30,2026-03-30,105.0,CE,IRFC26MAR105CE,0.0,0.0,0.0,14.27,0.0,14.27,113.3,10.8,0,0,0,0.0,0,F1,4250,,,,,
2026-02-18,2026-02-18,FO,NSE,STO,118898,,IRFC,,2026-03-30,2026-03-30,120.0,CE,IRFC26MAR120CE,2.51,2.71,2.05,2.22,2.16,2.51,113.3,2.22,4050250,879750,619,321627462.5,403,F1,4250,,,,,
2026-02-18,2026-02-18,FO,NSE,STO,129346,,IRFC,,2026-04-28,2026-04-28,112.0,CE,IRFC26APR112CE,0.0,0.0,0.0,12.0,0.0,12.0,113.3,8.27,0,0,0,0.0,0,F1,4250,,,,,
2026-02-18,2026-02-18,FO,NSE,STO,118547,,IRFC,,2026-02-24,2026-02-24,97.0,PE,IRFC26FEB97PE,0.0,0.0,0.0,0.56,0.0,0.56,113.3,0.01,0,0,0,0.0,0,F1,4250,,,,,
2026-02-18,2026-02-18,FO,NSE,STO,107433,,IRFC,,2026-02-24,2026-02-24,110.0,PE,IRFC26FEB110PE,0.73,0.9,0.35,0.37,0.4,0.75,113.3,0.37,2511750,-1088000,806,378772962.5,551,F1,4250,,,,,
2026-02-18,2026-02-18,FO,NSE,STO,107437,,IRFC,,2026-02-24,2026-02-24,114.0,PE,IRFC26FEB114PE,2.37,2.85,1.6,1.68,1.83,2.37,113.3,1.68,1364250,-229500,334,164847300.0,322,F1,4250,,,,,
2026-02-18,2026-02-18,FO,NSE,STO,129341,,IRFC,,2026-04-28,2026-04-28,106.0,PE,IRFC26APR106PE,0.0,0.0,0.0,5.18,0.0,5.18,113.3,3.39,0,0,0,0.0,0,F1,4250,,,,,
2026-02-18,2026-02-18,FO,NSE,STO,129200,,IRFC,,2026-04-28,2026-04-28,102.0,PE,IRFC26APR102PE,0.0,0.0,0.0,3.84,0.0,3.84,113.3,2.22,0,0,0,0.0,0,F1,4250,,,,,
2026-02-18,2026-02-18,FO,NSE,STO,118930,,IRFC,,2026-03-30,2026-03-30,140.0,CE,IRFC26MAR140CE,0.33,0.34,0.27,0.28,0.28,0.36,113.3,0.28,310250,8500,29,17293165.0,22,F1,4250,,,,,
2026-02-18,2026-02-18,FO,NSE,STO,118560,,IRFC,,2026-02-24,2026-02-24,103.0,CE,IRFC26FEB103CE,0.0,0.0,0.0,12.78,12.4,12.78,113.3,10.43,12750,0,0,0.0,0,F1,4250,,,,,
2026-02-18,2026-02-18,FO,NSE,STO,129351,,IRFC,,2026-04-28,2026-04-28,116.0,PE,IRFC26APR116PE,0.0,0.0,0.0,9.66,0.0,9.66,113.3,7.87,0,0,0,0.0,0,F1,4250,,,,,
2026-02-18,2026-02-18,FO,NSE,STO,107458,,IRFC,,2026-02-24,2026-02-24,134.0,CE,IRFC26FEB134CE,0.08,0.08,0.06,0.06,0.06,0.08,113.3,0.01,238000,-68000,32,18233647.5,25,F1,4250,,,,,
2026-02-18,2026-02-18,FO,NSE,STO,128930,,IRFC,,2026-03-30,2026-03-30,103.0,CE,IRFC26MAR103CE,0.0,0.0,0.0,15.65,0.0,15.65,113.3,12.32,0,0,0,0.0,0,F1,4250,,,,,
2026-02-18,2026-02-18,FO,NSE,STO,128934,,IRFC,,2026-03-30,2026-03-30,107.0,CE,IRFC26MAR107CE,0.0,0.0,0.0,12.96,0.0,12.96,113.3,9.39,0,0,0,0.0,0,F1,4250,,,,,
2026-02-18,2026-02-18,FO,NSE,STO,118922,,IRFC,,2026-03-30,2026-03-30,132.0,CE,IRFC26MAR132CE,0.0,0.0,0.0,1.73,1.73,1.73,113.3,0.75,34000,0,0,0.0,0,F1,4250,,,,,
2026-02-18,2026-02-18,FO,NSE,STO,129310,,IRFC,,2026-04-28,2026-04-28,104.0,CE,IRFC26APR104CE,0.0,0.0,0.0,16.68,0.0,16.68,113.3,13.14,0,0,0,0.0,0,F1,4250,,,,,
2026-02-18,2026-02-18,FO,NSE,STO,128975,,IRFC,,2026-03-30,2026-03-30,117.0,PE,IRFC26MAR117PE,0.0,0.0,0.0,9.73,9.73,9.73,113.3,7.07,4250,0,0,0.0,0,F1,4250,,,,,
2026-02-18,2026-02-18,FO,NSE,STO,118889,,IRFC,,2026-03-30,2026-03-30,110.0,PE,IRFC26MAR110PE,3.88,4.35,3.57,3.68,3.8,3.93,113.3,3.68,1113500,233750,166,80357470.0,146,F1,4250,,,,,
2026-02-18,2026-02-18,FO,NSE,STO,128940,,IRFC,,2026-03-30,2026-03-30,109.0,PE,IRFC26MAR109PE,0.0,0.0,0.0,3.25,3.25,3.25,113.3,3.14,12750,0,0,0.0,0,F1,4250,,,,,
2026-02-18,2026-02-18,FO,NSE,STO,118855,,IRFC,,2026-03-30,2026-03-30,98.0,PE,IRFC26MAR98PE,0.0,0.0,0.0,0.92,0.92,0.92,113.3,0.6,42500,0,0,0.0,0,F1,4250,,,,,
2026-02-18,2026-02-18,FO,NSE,STO,129344,,IRFC,,2026-04-28,2026-04-28,110.0,CE,IRFC26APR110CE,0.0,0.0,0.0,13.07,0.0,13.07,113.3,9.35,0,0,0,0.0,0,F1,4250,,,,,
2026-02-18,2026-02-18,FO,NSE,STO,107450,,IRFC,,2026-02-24,2026-02-24,126.0,PE,IRFC26FEB126PE,0.0,0.0,0.0,13.83,13.83,13.83,113.3,12.61,8500,0,0,0.0,0,F1,4250,,,,,
2026-02-18,2026-02-18,FO,NSE,STO,118598,,IRFC,,2026-02-24,2026-02-24,117.0,CE,IRFC26FEB117CE,0.82,0.92,0.45,0.55,0.51,0.81,113.3,0.55,3795250,289000,543,271271550.0,464,F1,4250,,,,,
2026-02-18,2026-02-18,FO,NSE,STO,118600,,IRFC,,2026-02-24,2026-02-24,119.0,CE,IRFC26FEB119CE,0.57,0.6,0.31,0.36,0.35,0.57,113.3,0.36,1653250,46750,367,186171165.0,313,F1,4250,,,,,
2026-02-18,2026-02-18,FO,NSE,STO,118590,,IRFC,,2026-02-24,2026-02-24,111.0,CE,IRFC26FEB111CE,3.59,3.6,2.28,3.23,3.24,3.16,113.3,3.23,1551250,-89250,193,93367612.5,193,F1,4250,,,,,
2026-02-18,2026-02-18,FO,NSE,STO,107453,,IRFC,,2026-02-24,2026-02-24,130.0,CE,IRFC26FEB130CE,0.12,0.13,0.06,0.07,0.07,0.12,113.3,0.07,10246750,-2562750,1446,799380290.0,535,F1,4250,,,,,
2026-02-18,2026-02-18,FO,NSE,STO,118896,,IRFC,,2026-03-30,2026-03-30,118.0,CE,IRFC26MAR118CE,2.14,3.18,2.13,2.54,2.54,3.0,113.3,2.54,374000,-4250,36,18458515.0,31,F1,4250,,,,,
2026-02-18,2026-02-18,FO,NSE,STO,129356,,IRFC,,2026-04-28,2026-04-28,122.0,CE,IRFC26APR122CE,0.0,0.0,0.0,7.58,0.0,7.58,113.3,4.15,0,0,0,0.0,0,F1,4250,,,,,
2026-02-18,2026-02-18,FO,NSE,STO,129366,,IRFC,,2026-04-28,2026-04-28,132.0,CE,IRFC26APR132CE,0.0,0.0,0.0,4.58,0.0,4.58,113.3,1.86,0,0,0,0.0,0,F1,4250,,,,,
2026-02-18,2026-02-18,FO,NSE,STO,129345,,IRFC,,2026-04-28,2026-04-28,110.0,PE,IRFC26APR110PE,0.0,0.0,0.0,6.78,0.0,6.78,113.3,4.91,0,0,0,0.0,0,F1,4250,,,,,
2026-02-18,2026-02-18,FO,NSE,STO,128994,,IRFC,,2026-03-30,2026-03-30,131.0,PE,IRFC26MAR131PE,0.0,0.0,0.0,18.18,0.0,18.18,113.3,17.77,0,0,0,0.0,0,F1,4250,,,,,
2026-02-18,2026-02-18,FO,NSE,STO,118899,,IRFC,,2026-03-30,2026-03-30,120.0,PE,IRFC26MAR120PE,10.6,10.6,10.0,10.0,10.0,10.1,113.3,9.0,412250,21250,22,12178715.0,17,F1,4250,,,,,
2026-02-18,2026-02-18,FO,NSE,STO,118895,,IRFC,,2026-03-30,2026-03-30,116.0,PE,IRFC26MAR116PE,0.0,0.0,0.0,7.0,7.0,7.0,113.3,6.47,72250,0,0,0.0,0,F1,4250,,,,,
2026-02-18,2026-02-18,FO,NSE,STO,107456,,IRFC,,2026-02-24,2026-02-24,132.0,PE,IRFC26FEB132PE,18.5,18.5,18.5,18.5,18.5,17.9,113.3,18.58,4250,-4250,2,1279250.0,1,F1,4250,,,,,
2026-02-18,2026-02-18,FO,NSE,STO,107447,,IRFC,,2026-02-24,2026-02-24,124.0,PE,IRFC26FEB124PE,11.0,11.03,10.52,10.52,10.52,10.15,113.3,10.52,208250,-51000,24,13761797.5,24,F1,4250,,,,,
2026-02-18,2026-02-18,FO,NSE,STO,107431,,IRFC,,2026-02-24,2026-02-24,108.0,PE,IRFC26FEB108PE,0.35,0.47,0.18,0.18,0.2,0.41,113.3,0.18,3663500,-446250,266,122408670.0,185,F1,4250,,,,,
2026-02-18,2026-02-18,FO,NSE,STO,107419,,IRFC,,2026-02-24,2026-02-24,96.0,PE,IRFC26FEB96PE,0.05,0.05,0.04,0.04,0.04,0.06,113.3,0.01,654500,-12750,16,6531145.0,16,F1,4250,,,,,
2026-02-18,2026-02-18,FO,NSE,STO,107446,,IRFC,,2026-02-24,2026-02-24,124.0,CE,IRFC26FEB124CE,0.28,0.3,0.15,0.16,0.15,0.3,113.3,0.16,1704250,-1712750,776,409534802.5,377,F1,4250,,,,,
2026-02-18,2026-02-18,FO,NSE,STO,107441,,IRFC,,2026-02-24,2026-02-24,118.0,PE,IRFC26FEB118PE,5.27,5.62,4.63,4.63,4.63,5.34,113.3,4.63,565250,-29750,14,7340770.0,14,F1,4250,,,,,
2026-02-18,2026-02-18,FO,NSE,STO,107429,,IRFC,,2026-02-24,2026-02-24,106.0,PE,IRFC26FEB106PE,0.2,0.26,0.12,0.12,0.12,0.27,113.3,0.12,663000,-106250,142,64073510.0,136,F1,4250,,,,,
2026-02-18,2026-02-18,FO,NSE,STO,107427,,IRFC,,2026-02-24,2026-02-24,104.0,PE,IRFC26FEB104PE,0.17,0.18,0.1,0.1,0.11,0.2,113.3,0.1,658750,0,11,4868290.0,11,F1,4250,,,,,
2026-02-18,2026-02-18,FO,NSE,STO,118579,,IRFC,,2026-02-24,2026-02-24,103.0,PE,IRFC26FEB103PE,0.12,0.14,0.09,0.09,0.09,0.17,113.3,0.09,297500,-259250,111,48647327.5,80,F1,4250,,,,,
2026-02-18,2026-02-18,FO,NSE,STO,129352,,IRFC,,2026-04-28,2026-04-28,118.0,CE,IRFC26APR118CE,0.0,0.0,0.0,9.17,0.0,9.17,113.3,5.55,0,0,0,0.0,0,F1,4250,,,,,
2026-02-18,2026-02-18,FO,NSE,STO,129188,,IRFC,,2026-04-28,2026-04-28,100.0,CE,IRFC26APR100CE,0.0,0.0,0.0,19.41,0.0,19.41,113.3,16.09,0,0,0,0.0,0,F1,4250,,,,,
2026-02-18,2026-02-18,FO,NSE,STO,128989,,IRFC,,2026-03-30,2026-03-30,127.0,CE,IRFC26MAR127CE,0.0,0.0,0.0,2.07,2.07,2.07,113.3,1.4,8500,0,0,0.0,0,F1,4250,,,,,
2026-02-18,2026-02-18,FO,NSE,STO,118916,,IRFC,,2026-03-30,2026-03-30,126.0,CE,IRFC26MAR126CE,1.23,1.23,1.13,1.13,1.13,1.81,113.3,1.13,29750,8500,6,3242537.5,6,F1,4250,,,,,
2026-02-18,2026-02-18,FO,NSE,STO,118890,,IRFC,,2026-03-30,2026-03-30,112.0,CE,IRFC26MAR112CE,5.36,5.4,4.4,4.72,4.72,5.07,113.3,6.36,382500,153000,79,39202552.5,74,F1,4250,,,,,
2026-02-18,2026-02-18,FO,NSE,STO,118602,,IRFC,,2026-02-24,2026-02-24,121.0,CE,IRFC26FEB121CE,0.36,0.36,0.2,0.26,0.26,0.41,113.3,0.26,2588250,-263500,340,175217385.0,242,F1,4250,,,,,
2026-02-18,2026-02-18,FO,NSE,STO,107434,,IRFC,,2026-02-24,2026-02-24,112.0,CE,IRFC26FEB112CE,2.55,2.94,1.72,2.46,2.3,2.59,113.3,2.46,1389750,4250,998,484216950.0,940,F1,4250,,,,,
2026-02-18,2026-02-18,FO,NSE,STO,107424,,IRFC,,2026-02-24,2026-02-24,102.0,CE,IRFC26FEB102CE,0.0,0.0,0.0,14.0,14.0,14.0,113.3,11.41,4250,0,0,0.0,0,F1,4250,,,,,
2026-02-18,2026-02-18,FO,NSE,STO,118897,,IRFC,,2026-03-30,2026-03-30,118.0,PE,IRFC26MAR118PE,0.0,0.0,0.0,10.48,10.48,10.48,113.3,7.69,8500,0,0,0.0,0,F1,4250,,,,,
2026-02-18,2026-02-18,FO,NSE,STO,128944,,IRFC,,2026-03-30,2026-03-30,113.0,PE,IRFC26MAR113PE,5.09,5.99,4.66,5.11,5.13,4.6,113.3,5.11,382500,378250,135,67842835.0,81,F1,4250,,,,,
2026-02-18,2026-02-18,FO,NSE,STO,129197,,IRFC,,2026-04-28,2026-04-28,100.0,PE,IRFC26APR100PE,0.0,0.0,0.0,3.27,0.0,3.27,113.3,1.76,0,0,0,0.0,0,F1,4250,,,,,
2026-02-18,2026-02-18,FO,NSE,STO,129372,,IRFC,,2026-04-28,2026-04-28,136.0,PE,IRFC26APR136PE,0.0,0.0,0.0,23.01,0.0,23.01,113.3,22.6,0,0,0,0.0,0,F1,4250,,,,,
2026-02-18,2026-02-18,FO,NSE,STO,128929,,IRFC,,2026-03-30,2026-03-30,101.0,PE,IRFC26MAR101PE,1.24,1.24,1.11,1.13,1.16,1.97,113.3,1.13,85000,55250,15,6515505.0,14,F1,4250,,,,,
2026-02-18,2026-02-18,FO,NSE,STO,118745,,IRFC,,2026-02-24,2026-02-24,127.0,PE,IRFC26FEB127PE,0.0,0.0,0.0,14.8,14.8,14.8,113.3,13.6,29750,0,0,0.0,0,F1,4250,,,,,
2026-02-18,2026-02-18,FO,NSE,STO,107451,,IRFC,,2026-02-24,2026-02-24,128.0,CE,IRFC26FEB128CE,0.16,0.16,0.08,0.09,0.1,0.17,113.3,0.09,718250,-250750,138,75136132.5,114,F1,4250,,,,,
2026-02-18,2026-02-18,FO,NSE,STO,118768,,IRFC,,2026-02-24,2026-02-24,135.0,CE,IRFC26FEB135CE,0.08,0.08,0.05,0.05,0.05,0.08,113.3,0.05,1912500,72250,202,115949647.5,101,F1,4250,,,,,
2026-02-18,2026-02-18,FO,NSE,STO,118842,,IRFC,,2026-03-30,2026-03-30,96.0,CE,IRFC26MAR96CE,0.0,0.0,0.0,31.2,0.0,31.2,113.3,18.29,0,0,0,0.0,0,F1,4250,,,,,
2026-02-18,2026-02-18,FO,NSE,STO,128908,,IRFC,,2026-03-30,2026-03-30,97.0,CE,IRFC26MAR97CE,0.0,0.0,0.0,20.21,0.0,20.21,113.3,17.38,0,0,0,0.0,0,F1,4250,,,,,
2026-02-18,2026-02-18,FO,NSE,STO,118926,,IRFC,,2026-03-30,2026-03-30,136.0,CE,IRFC26MAR136CE,0.0,0.0,0.0,2.3,2.3,2.3,113.3,0.44,8500,0,0,0.0,0,F1,4250,,,,,
2026-02-18,2026-02-18,FO,NSE,STO,129348,,IRFC,,2026-04-28,2026-04-28,114.0,CE,IRFC26APR114CE,0.0,0.0,0.0,10.99,0.0,10.99,113.3,7.27,0,0,0,0.0,0,F1,4250,,,,,
2026-02-18,2026-02-18,FO,NSE,STO,118549,,IRFC,,2026-02-24,2026-02-24,99.0,PE,IRFC26FEB99PE,0.0,0.0,0.0,0.73,0.0,0.73,113.3,0.01,0,0,0,0.0,0,F1,4250,,,,,
2026-02-18,2026-02-18,FO,NSE,STO,107439,,IRFC,,2026-02-24,2026-02-24,116.0,PE,IRFC26FEB116PE,3.66,4.51,2.96,3.06,3.2,3.72,113.3,3.06,1130500,34000,46,23359955.0,36,F1,4250,,,,,
2026-02-18,2026-02-18,FO,NSE,STO,107459,,IRFC,,2026-02-24,2026-02-24,134.0,PE,IRFC26FEB134PE,0.0,0.0,0.0,21.22,21.22,21.22,113.3,20.58,17000,0,0,0.0,0,F1,4250,,,,,
2026-02-18,2026-02-18,FO,NSE,STO,118843,,IRFC,,2026-03-30,2026-03-30,96.0,PE,IRFC26MAR96PE,0.45,0.68,0.45,0.55,0.54,1.19,113.3,0.55,148750,148750,39,16012682.5,31,F1,4250,,,,,
2026-02-18,2026-02-18,FO,NSE,STO,128935,,IRFC,,2026-03-30,2026-03-30,107.0,PE,IRFC26MAR107PE,0.0,0.0,0.0,4.23,0.0,4.23,113.3,2.45,0,0,0,0.0,0,F1,4250,,,,,
2026-02-18,2026-02-18,FO,NSE,STO,118887,,IRFC,,2026-03-30,2026-03-30,108.0,PE,IRFC26MAR108PE,3.15,3.15,2.85,2.85,2.85,3.15,113.3,2.85,157250,55250,31,14624122.5,23,F1,4250,,,,,
2026-02-18,2026-02-18,FO,NSE,STO,128946,,IRFC,,2026-03-30,2026-03-30,115.0,PE,IRFC26MAR115PE,6.25,7.24,6.25,6.35,6.34,6.71,113.3,6.35,935000,403750,106,54822747.5,104,F1,4250,,,,,
2026-02-18,2026-02-18,FO,NSE,STO,118927,,IRFC,,2026-03-30,2026-03-30,136.0,PE,IRFC26MAR136PE,0.0,0.0,0.0,21.5,21.5,21.5,113.3,22.33,12750,0,0,0.0,0,F1,4250,,,,,
2026-02-18,2026-02-18,FO,NSE,STO,118931,,IRFC,,2026-03-30,2026-03-30,140.0,PE,IRFC26MAR140PE,27.61,28.6,27.61,28.25,28.25,27.9,113.3,26.11,671500,63750,15,10707280.0,9,F1,4250,,,,,
2026-02-18,2026-02-18,FO,NSE,STO,129349,,IRFC,,2026-04-28,2026-04-28,114.0,PE,IRFC26APR114PE,0.0,0.0,0.0,8.64,0.0,8.64,113.3,6.79,0,0,0,0.0,0,F1,4250,,,,,
2026-02-18,2026-02-18,FO,NSE,STO,129355,,IRFC,,2026-04-28,2026-04-28,120.0,PE,IRFC26APR120PE,0.0,0.0,0.0,11.9,0.0,11.9,113.3,10.27,0,0,0,0.0,0,F1,4250,,,,,
2026-02-18,2026-02-18,FO,NSE,STO,107418,,IRFC,,2026-02-24,2026-02-24,96.0,CE,IRFC26FEB96CE,0.0,0.0,0.0,16.41,16.41,16.41,113.3,17.39,12750,0,0,0.0,0,F1,4250,,,,,
2026-02-18,2026-02-18,FO,NSE,STO,107430,,IRFC,,2026-02-24,2026-02-24,108.0,CE,IRFC26FEB108CE,5.91,5.91,4.86,5.85,5.91,4.25,113.3,5.85,68000,4250,17,8193957.5,17,F1,4250,,,,,
2026-02-18,2026-02-18,FO,NSE,STO,107440,,IRFC,,2026-02-24,2026-02-24,118.0,CE,IRFC26FEB118CE,0.67,0.73,0.37,0.42,0.41,0.67,113.3,0.42,3004750,1028500,1119,563214590.0,758,F1,4250,,,,,
2026-02-18,2026-02-18,FO,NSE,STO,107444,,IRFC,,2026-02-24,2026-02-24,122.0,CE,IRFC26FEB122CE,0.39,0.39,0.19,0.22,0.22,0.38,113.3,0.22,2962250,-76500,282,146505405.0,243,F1,4250,,,,,
2026-02-18,2026-02-18,FO,NSE,STO,107449,,IRFC,,2026-02-24,2026-02-24,126.0,CE,IRFC26FEB126CE,0.16,0.17,0.11,0.12,0.11,0.21,113.3,0.12,964750,-301750,183,98101092.5,149,F1,4250,,,,,
2026-02-18,2026-02-18,FO,NSE,STO,118599,,IRFC,,2026-02-24,2026-02-24,117.0,PE,IRFC26FEB117PE,4.45,5.44,3.76,3.82,3.78,4.68,113.3,3.82,743750,46750,43,22200130.0,42,F1,4250,,,,,
2026-02-18,2026-02-18,FO,NSE,STO,128992,,IRFC,,2026-03-30,2026-03-30,129.0,PE,IRFC26MAR129PE,0.0,0.0,0.0,18.53,18.53,18.53,113.3,16.02,8500,0,0,0.0,0,F1,4250,,,,,
2026-02-18,2026-02-18,FO,NSE,STO,118921,,IRFC,,2026-03-30,2026-03-30,130.0,PE,IRFC26MAR130PE,18.8,18.8,18.25,18.3,18.3,18.66,113.3,18.3,1415250,38250,10,6306447.5,9,F1,4250,,,,,
2026-02-18,2026-02-18,FO,NSE,STO,118923,,IRFC,,2026-03-30,2026-03-30,132.0,PE,IRFC26MAR132PE,0.0,0.0,0.0,14.07,0.0,14.07,113.3,18.66,0,0,0,0.0,0,F1,4250,,,,,
2026-02-18,2026-02-18,FO,NSE,STF,51936,,IRFC,,2026-03-30,2026-03-30,,,IRFC26MARFUT,112.09,112.95,110.83,112.09,111.9,112.06,113.3,112.09,24692500,5078750,2358,1119337885.0,2204,F1,4250,,,,,
2026-02-18,2026-02-18,FO,NSE,STO,118588,,IRFC,,2026-02-24,2026-02-24,109.0,CE,IRFC26FEB109CE,4.8,4.8,4.79,4.79,4.79,4.78,113.3,4.79,38250,-12750,3,1450865.0,3,F1,4250,,,,,
2026-02-18,2026-02-18,FO,NSE,STO,118778,,IRFC,,2026-02-24,2026-02-24,137.0,CE,IRFC26FEB137CE,0.0,0.0,0.0,0.14,0.14,0.14,113.3,0.01,72250,0,0,0.0,0,F1,4250,,,,,
2026-02-18,2026-02-18,FO,NSE,STO,107462,,IRFC,,2026-02-24,2026-02-24,138.0,CE,IRFC26FEB138CE,0.0,0.0,0.0,0.15,0.15,0.15,113.3,0.01,306000,0,0,0.0,0,F1,4250,,,,,
2026-02-18,2026-02-18,FO,NSE,STO,128943,,IRFC,,2026-03-30,2026-03-30,113.0,CE,IRFC26MAR113CE,5.83,5.83,3.99,4.39,4.3,4.62,113.3,4.39,297500,238000,95,47383632.5,87,F1,4250,,,,,
2026-02-18,2026-02-18,FO,NSE,STO,118914,,IRFC,,2026-03-30,2026-03-30,124.0,CE,IRFC26MAR124CE,1.63,1.63,1.63,1.63,1.63,1.65,113.3,1.97,55250,0,1,533927.5,1,F1,4250,,,,,
2026-02-18,2026-02-18,FO,NSE,STO,118934,,IRFC,,2026-03-30,2026-03-30,144.0,CE,IRFC26MAR144CE,0.25,0.25,0.24,0.24,0.24,0.25,113.3,0.14,157250,8500,2,1226082.5,2,F1,4250,,,,,
2026-02-18,2026-02-18,FO,NSE,STO,129199,,IRFC,,2026-04-28,2026-04-28,102.0,CE,IRFC26APR102CE,0.0,0.0,0.0,18.02,0.0,18.02,113.3,14.58,0,0,0,0.0,0,F1,4250,,,,,
2026-02-18,2026-02-18,FO,NSE,STO,129354,,IRFC,,2026-04-28,2026-04-28,120.0,CE,IRFC26APR120CE,3.9,3.9,3.26,3.59,3.85,3.7,113.3,3.59,68000,25500,10,5249897.5,10,F1,4250,,,,,
2026-02-18,2026-02-18,FO,NSE,STO,118585,,IRFC,,2026-02-24,2026-02-24,105.0,PE,IRFC26FEB105PE,0.2,0.23,0.11,0.11,0.11,0.23,113.3,0.11,1508750,-293250,238,106362497.5,174,F1,4250,,,,,
2026-02-18,2026-02-18,FO,NSE,STO,118593,,IRFC,,2026-02-24,2026-02-24,111.0,PE,IRFC26FEB111PE,0.86,1.23,0.51,0.55,0.59,1.01,113.3,0.55,1117750,51000,300,142585545.0,254,F1,4250,,,,,
2026-02-18,2026-02-18,FO,NSE,STO,129361,,IRFC,,2026-04-28,2026-04-28,126.0,PE,IRFC26APR126PE,0.0,0.0,0.0,15.69,0.0,15.69,113.3,14.45,0,0,0,0.0,0,F1,4250,,,,,
2026-02-18,2026-02-18,FO,NSE,STO,128979,,IRFC,,2026-03-30,2026-03-30,121.0,PE,IRFC26MAR121PE,0.0,0.0,0.0,11.15,0.0,11.15,113.3,9.7,0,0,0,0.0,0,F1,4250,,,,,
2026-02-18,2026-02-18,FO,NSE,STO,118893,,IRFC,,2026-03-30,2026-03-30,114.0,PE,IRFC26MAR114PE,0.0,0.0,0.0,5.1,5.1,5.1,113.3,5.37,12750,0,0,0.0,0,F1,4250,,,,,
2026-02-18,2026-02-18,FO,NSE,STO,118863,,IRFC,,2026-03-30,2026-03-30,106.0,PE,IRFC26MAR106PE,2.48,2.54,2.4,2.53,2.53,2.48,113.3,2.15,403750,12750,15,6916025.0,12,F1,4250,,,,,
2026-02-18,2026-02-18,FO,NSE,STO,107422,,IRFC,,2026-02-24,2026-02-24,100.0,CE,IRFC26FEB100CE,13.4,13.8,13.4,13.8,13.8,11.6,113.3,13.8,55250,-4250,2,965600.0,2,F1,4250,,,,,
2026-02-18,2026-02-18,FO,NSE,STO,118586,,IRFC,,2026-02-24,2026-02-24,107.0,CE,IRFC26FEB107CE,0.0,0.0,0.0,4.93,4.85,4.93,113.3,6.65,55250,0,0,0.0,0,F1,4250,,,,,
2026-02-18,2026-02-18,FO,NSE,STO,129350,,IRFC,,2026-04-28,2026-04-28,116.0,CE,IRFC26APR116CE,0.0,0.0,0.0,10.05,0.0,10.05,113.3,6.37,0,0,0,0.0,0,F1,4250,,,,,
2026-02-18,2026-02-18,FO,NSE,STO,129371,,IRFC,,2026-04-28,2026-04-28,136.0,CE,IRFC26APR136CE,0.0,0.0,0.0,3.7,0.0,3.7,113.3,1.31,0,0,0,0.0,0,F1,4250,,,,,
2026-02-18,2026-02-18,FO,NSE,STO,107423,,IRFC,,2026-02-24,2026-02-24,100.0,PE,IRFC26FEB100PE,0.12,0.12,0.04,0.05,0.04,0.1,113.3,0.05,1258000,-225250,116,49332470.0,90,F1,4250,,,,,
2026-02-18,2026-02-18,FO,NSE,STO,118587,,IRFC,,2026-02-24,2026-02-24,107.0,PE,IRFC26FEB107PE,0.31,0.34,0.15,0.15,0.16,0.33,113.3,0.15,399500,-93500,41,18688950.0,37,F1,4250,,,,,
2026-02-18,2026-02-18,FO,NSE,STO,118589,,IRFC,,2026-02-24,2026-02-24,109.0,PE,IRFC26FEB109PE,0.44,0.65,0.25,0.25,0.28,0.57,113.3,0.25,773500,-8500,125,58133157.5,108,F1,4250,,,,,
2026-02-18,2026-02-18,FO,NSE,STO,118777,,IRFC,,2026-02-24,2026-02-24,135.0,PE,IRFC26FEB135PE,22.1,22.1,21.78,21.78,21.78,22.54,113.3,21.58,123250,-4250,4,2666620.0,4,F1,4250,,,,,
2026-02-18,2026-02-18,FO,NSE,STO,107454,,IRFC,,2026-02-24,2026-02-24,130.0,PE,IRFC26FEB130PE,17.72,17.72,16.35,16.4,16.4,16.92,113.3,16.4,816000,-89250,22,13722102.5,21,F1,4250,,,,,
2026-02-18,2026-02-18,FO,NSE,STO,107425,,IRFC,,2026-02-24,2026-02-24,102.0,PE,IRFC26FEB102PE,0.16,0.16,0.09,0.09,0.09,0.16,113.3,0.02,51000,38250,13,5642852.5,13,F1,4250,,,,,
2026-02-18,2026-02-18,FO,NSE,STO,107445,,IRFC,,2026-02-24,2026-02-24,122.0,PE,IRFC26FEB122PE,9.54,10.19,8.48,8.48,8.48,9.55,113.3,8.48,1279250,-17000,22,12308765.0,21,F1,4250,,,,,
2026-02-18,2026-02-18,FO,NSE,STO,128927,,IRFC,,2026-03-30,2026-03-30,99.0,PE,IRFC26MAR99PE,0.0,0.0,0.0,1.37,1.37,1.37,113.3,0.72,8500,0,0,0.0,0,F1,4250,,,,,
2026-02-18,2026-02-18,FO,NSE,STO,118917,,IRFC,,2026-03-30,2026-03-30,126.0,PE,IRFC26MAR126PE,0.0,0.0,0.0,16.32,16.32,16.32,113.3,13.52,29750,0,0,0.0,0,F1,4250,,,,,
2026-02-18,2026-02-18,FO,NSE,STO,129185,,IRFC,,2026-04-28,2026-04-28,96.0,PE,IRFC26APR96PE,0.0,0.0,0.0,2.3,0.0,2.3,113.3,1.05,0,0,0,0.0,0,F1,4250,,,,,
2026-02-18,2026-02-18,FO,NSE,STO,129367,,IRFC,,2026-04-28,2026-04-28,132.0,PE,IRFC26APR132PE,0.0,0.0,0.0,19.95,0.0,19.95,113.3,19.19,0,0,0,0.0,0,F1,4250,,,,,
2026-02-18,2026-02-18,FO,NSE,STO,128980,,IRFC,,2026-03-30,2026-03-30,123.0,CE,IRFC26MAR123CE,0.0,0.0,0.0,5.32,0.0,5.32,113.3,2.2,0,0,0,0.0,0,F1,4250,,,,,
2026-02-18,2026-02-18,FO,NSE,STO,128974,,IRFC,,2026-03-30,2026-03-30,117.0,CE,IRFC26MAR117CE,0.0,0.0,0.0,2.97,2.97,2.97,113.3,4.07,29750,0,0,0.0,0,F1,4250,,,,,
2026-02-18,2026-02-18,FO,NSE,STO,118864,,IRFC,,2026-03-30,2026-03-30,108.0,CE,IRFC26MAR108CE,0.0,0.0,0.0,7.36,7.36,7.36,113.3,8.73,4250,0,0,0.0,0,F1,4250,,,,,
2026-02-18,2026-02-18,FO,NSE,STO,128910,,IRFC,,2026-03-30,2026-03-30,99.0,CE,IRFC26MAR99CE,0.0,0.0,0.0,18.62,0.0,18.62,113.3,15.62,0,0,0,0.0,0,F1,4250,,,,,
2026-02-18,2026-02-18,FO,NSE,STO,118846,,IRFC,,2026-03-30,2026-03-30,98.0,CE,IRFC26MAR98CE,0.0,0.0,0.0,29.5,0.0,29.5,113.3,16.49,0,0,0,0.0,0,F1,4250,,,,,
2026-02-18,2026-02-18,FO,NSE,STO,118796,,IRFC,,2026-02-24,2026-02-24,139.0,CE,IRFC26FEB139CE,0.03,0.03,0.03,0.03,0.03,0.05,113.3,0.01,204000,0,1,590877.5,1,F1,4250,,,,,
2026-02-18,2026-02-18,FO,NSE,STO,107428,,IRFC,,2026-02-24,2026-02-24,106.0,CE,IRFC26FEB106CE,7.03,7.5,7.03,7.5,7.5,7.34,113.3,7.55,34000,0,5,2405032.5,5,F1,4250,,,,,
2026-02-18,2026-02-18,FO,NSE,STO,107426,,IRFC,,2026-02-24,2026-02-24,104.0,CE,IRFC26FEB104CE,0.0,0.0,0.0,18.22,0.0,18.22,113.3,9.45,0,0,0,0.0,0,F1,4250,,,,,
2026-02-18,2026-02-18,FO,NSE,STO,128931,,IRFC,,2026-03-30,2026-03-30,103.0,PE,IRFC26MAR103PE,1.5,1.5,1.5,1.5,1.5,2.96,113.3,1.4,4250,4250,1,444125.0,1,F1,4250,,,,,
2026-02-18,2026-02-18,FO,NSE,STO,128977,,IRFC,,2026-03-30,2026-03-30,119.0,PE,IRFC26MAR119PE,0.0,0.0,0.0,10.5,10.5,10.5,113.3,8.33,12750,0,0,0.0,0,F1,4250,,,,,
2026-02-18,2026-02-18,FO,NSE,STO,128982,,IRFC,,2026-03-30,2026-03-30,125.0,CE,IRFC26MAR125CE,1.56,1.66,1.17,1.25,1.26,1.68,113.3,1.25,573750,548250,167,89640830.0,114,F1,4250,,,,,
2026-02-18,2026-02-18,FO,NSE,STO,128991,,IRFC,,2026-03-30,2026-03-30,129.0,CE,IRFC26MAR129CE,0.98,0.98,0.76,0.79,0.79,0.98,113.3,1.1,93500,34000,15,8277427.5,15,F1,4250,,,,,
2026-02-18,2026-02-18,FO,NSE,STO,107421,,IRFC,,2026-02-24,2026-02-24,98.0,PE,IRFC26FEB98PE,0.0,0.0,0.0,2.36,0.0,2.36,113.3,0.01,0,0,0,0.0,0,F1,4250,,,,,
2026-02-18,2026-02-18,FO,NSE,STO,129364,,IRFC,,2026-04-28,2026-04-28,130.0,CE,IRFC26APR130CE,0.0,0.0,0.0,5.08,0.0,5.08,113.3,2.2,0,0,0,0.0,0,F1,4250,,,,,
2026-02-18,2026-02-18,FO,NSE,STO,129360,,IRFC,,2026-04-28,2026-04-28,126.0,CE,IRFC26APR126CE,0.0,0.0,0.0,6.23,0.0,6.23,113.3,3.05,0,0,0,0.0,0,F1,4250,,,,,
2026-02-18,2026-02-18,FO,NSE,STO,129186,,IRFC,,2026-04-28,2026-04-28,98.0,CE,IRFC26APR98CE,0.0,0.0,0.0,20.86,0.0,20.86,113.3,17.68,0,0,0,0.0,0,F1,4250,,,,,
2026-02-18,2026-02-18,FO,NSE,STF,59382,,IRFC,,2026-02-24,2026-02-24,,,IRFC26FEBFUT,112.71,113.94,111.95,113.66,113.38,113.23,113.3,113.66,53477750,-5699250,3459,1662678200.0,3176,F1,4250,,,,,
2026-02-18,2026-02-18,FO,NSE,STO,118546,,IRFC,,2026-02-24,2026-02-24,97.0,CE,IRFC26FEB97CE,0.0,0.0,0.0,29.04,0.0,29.04,113.3,16.39,0,0,0,0.0,0,F1,4250,,,,,
2026-02-18,2026-02-18,FO,NSE,STO,128978,,IRFC,,2026-03-30,2026-03-30,121.0,CE,IRFC26MAR121CE,0.0,0.0,0.0,2.4,2.4,2.4,113.3,2.73,38250,0,0,0.0,0,F1,4250,,,,,
2026-02-18,2026-02-18,FO,NSE,STO,128976,,IRFC,,2026-03-30,2026-03-30,119.0,CE,IRFC26MAR119CE,2.84,2.84,2.35,2.35,2.35,2.8,113.3,3.35,59500,12750,5,2582172.5,5,F1,4250,,,,,
2026-02-18,2026-02-18,FO,NSE,STO,118888,,IRFC,,2026-03-30,2026-03-30,110.0,CE,IRFC26MAR110CE,6.02,6.59,5.28,5.84,5.75,6.04,113.3,5.84,790500,386750,214,105204797.5,161,F1,4250,,,,,
2026-02-18,2026-02-18,FO,NSE,STO,107432,,IRFC,,2026-02-24,2026-02-24,110.0,CE,IRFC26FEB110CE,3.94,4.4,2.92,4.03,3.77,3.95,113.3,4.03,726750,-110500,136,65767432.5,100,F1,4250,,,,,
2026-02-18,2026-02-18,FO,NSE,STO,129343,,IRFC,,2026-04-28,2026-04-28,108.0,PE,IRFC26APR108PE,0.0,0.0,0.0,5.94,0.0,5.94,113.3,4.11,0,0,0,0.0,0,F1,4250,,,,,
2026-02-18,2026-02-18,FO,NSE,STO,107436,,IRFC,,2026-02-24,2026-02-24,114.0,CE,IRFC26FEB114CE,1.54,1.85,0.97,1.37,1.26,1.61,113.3,1.37,2031500,293250,1828,895816105.0,1669,F1,4250,,,,,
2026-02-18,2026-02-18,FO,NSE,STO,118748,,IRFC,,2026-02-24,2026-02-24,131.0,CE,IRFC26FEB131CE,0.11,0.11,0.06,0.06,0.06,0.11,113.3,0.01,561000,-85000,75,41778392.5,49,F1,4250,,,,,
2026-02-18,2026-02-18,FO,NSE,STO,107464,,IRFC,,2026-02-24,2026-02-24,140.0,CE,IRFC26FEB140CE,0.05,0.05,0.04,0.04,0.05,0.05,113.3,0.04,4275500,-667250,252,149985432.5,90,F1,4250,,,,,
2026-02-18,2026-02-18,FO,NSE,STO,128937,,IRFC,,2026-03-30,2026-03-30,109.0,CE,IRFC26MAR109CE,0.0,0.0,0.0,11.74,0.0,11.74,113.3,8.09,0,0,0,0.0,0,F1,4250,,,,,
2026-02-18,2026-02-18,FO,NSE,STO,118861,,IRFC,,2026-03-30,2026-03-30,104.0,PE,IRFC26MAR104PE,1.89,1.92,1.72,1.76,1.76,1.86,113.3,1.76,68000,51000,22,9898080.0,17,F1,4250,,,,,
2026-02-18,2026-02-18,FO,NSE,STO,118925,,IRFC,,2026-03-30,2026-03-30,134.0,PE,IRFC26MAR134PE,0.0,0.0,0.0,15.31,0.0,15.31,113.3,20.48,0,0,0,0.0,0,F1,4250,,,,,
2026-02-18,2026-02-18,FO,NSE,STO,129187,,IRFC,,2026-04-28,2026-04-28,98.0,PE,IRFC26APR98PE,0.0,0.0,0.0,2.75,0.0,2.75,113.3,1.37,0,0,0,0.0,0,F1,4250,,,,,
2026-02-18,2026-02-18,FO,NSE,STO,129184,,IRFC,,2026-04-28,2026-04-28,96.0,CE,IRFC26APR96CE,0.0,0.0,0.0,22.38,0.0,22.38,113.3,19.34,0,0,0,0.0,0,F1,4250,,,,,
2026-02-18,2026-02-18,FO,NSE,STO,118924,,IRFC,,2026-03-30,2026-03-30,134.0,CE,IRFC26MAR134CE,0.0,0.0,0.0,1.47,1.47,1.47,113.3,0.58,8500,0,0,0.0,0,F1,4250,,,,,
2026-02-18,2026-02-18,FO,NSE,STO,128993,,IRFC,,2026-03-30,2026-03-30,131.0,CE,IRFC26MAR131CE,0.0,0.0,0.0,0.8,0.8,0.8,113.3,0.86,46750,0,0,0.0,0,F1,4250,,,,,
2026-02-18,2026-02-18,FO,NSE,STO,118920,,IRFC,,2026-03-30,2026-03-30,130.0,CE,IRFC26MAR130CE,0.9,0.99,0.67,0.71,0.69,0.87,113.3,0.71,1606500,289000,236,131155510.0,193,F1,4250,,,,,
2026-02-18,2026-02-18,FO,NSE,STO,118918,,IRFC,,2026-03-30,2026-03-30,128.0,CE,IRFC26MAR128CE,1.55,1.55,0.86,0.9,0.9,2.51,113.3,0.9,68000,51000,26,14249655.0,25,F1,4250,,,,,
2026-02-18,2026-02-18,FO,NSE,STO,118597,,IRFC,,2026-02-24,2026-02-24,115.0,PE,IRFC26FEB115PE,2.6,3.71,2.22,2.31,2.47,3.02,113.3,2.31,2380000,-165750,117,58552547.5,113,F1,4250,,,,,
2026-02-18,2026-02-18,FO,NSE,STO,107435,,IRFC,,2026-02-24,2026-02-24,112.0,PE,IRFC26FEB112PE,1.3,1.74,0.75,0.79,0.85,1.36,113.3,0.79,1623500,-25500,681,327562587.5,622,F1,4250,,,,,
2026-02-18,2026-02-18,FO,NSE,STO,129365,,IRFC,,2026-04-28,2026-04-28,130.0,PE,IRFC26APR130PE,0.0,0.0,0.0,21.0,21.0,21.0,113.3,17.56,17000,0,0,0.0,0,F1,4250,,,,,
2026-02-18,2026-02-18,FO,NSE,STO,128988,,IRFC,,2026-03-30,2026-03-30,125.0,PE,IRFC26MAR125PE,14.8,14.8,13.65,13.9,14.0,14.2,113.3,13.9,55250,38250,9,5322062.5,8,F1,4250,,,,,
2026-02-18,2026-02-18,FO,NSE,STO,128981,,IRFC,,2026-03-30,2026-03-30,123.0,PE,IRFC26MAR123PE,0.0,0.0,0.0,12.43,0.0,12.43,113.3,11.16,0,0,0,0.0,0,F1,4250,,,,,
2026-02-18,2026-02-18,FO,NSE,STO,118901,,IRFC,,2026-03-30,2026-03-30,122.0,PE,IRFC26MAR122PE,0.0,0.0,0.0,7.9,7.9,7.9,113.3,10.42,76500,0,0,0.0,0,F1,4250,,,,,
2026-02-18,2026-02-18,FO,NSE,STO,129311,,IRFC,,2026-04-28,2026-04-28,104.0,PE,IRFC26APR104PE,0.0,0.0,0.0,4.48,0.0,4.48,113.3,2.77,0,0,0,0.0,0,F1,4250,,,,,
2026-02-18,2026-02-18,FO,NSE,STO,118891,,IRFC,,2026-03-30,2026-03-30,112.0,PE,IRFC26MAR112PE,5.05,5.29,4.59,4.6,4.59,4.89,113.3,4.6,480250,195500,86,42740762.5,72,F1,4250,,,,,
2026-02-18,2026-02-18,FO,NSE,STO,118747,,IRFC,,2026-02-24,2026-02-24,129.0,PE,IRFC26FEB129PE,0.0,0.0,0.0,11.04,11.13,11.04,113.3,15.59,12750,0,0,0.0,0,F1,4250,,,,,
2026-02-18,2026-02-18,FO,NSE,STO,118749,,IRFC,,2026-02-24,2026-02-24,131.0,PE,IRFC26FEB131PE,0.0,0.0,0.0,12.13,12.13,12.13,113.3,17.58,8500,0,0,0.0,0,F1,4250,,,,,
2026-02-18,2026-02-18,FO,NSE,STO,118767,,IRFC,,2026-02-24,2026-02-24,133.0,PE,IRFC26FEB133PE,0.0,0.0,0.0,17.3,17.3,17.3,113.3,19.58,8500,0,0,0.0,0,F1,4250,,,,,
2026-02-18,2026-02-18,FO,NSE,STO,107472,,IRFC,,2026-02-24,2026-02-24,140.0,PE,IRFC26FEB140PE,27.4,27.77,27.1,27.1,27.1,27.25,113.3,26.57,429250,-29750,13,9252930.0,9,F1,4250,,,,,
2026-02-18,2026-02-18,FO,NSE,STO,118595,,IRFC,,2026-02-24,2026-02-24,113.0,PE,IRFC26FEB113PE,1.92,2.3,1.1,1.16,1.29,1.81,113.3,1.16,1865750,221000,604,293916527.5,429,F1,4250,,,,,
2026-02-18,2026-02-18,FO,NSE,STO,118559,,IRFC,,2026-02-24,2026-02-24,101.0,PE,IRFC26FEB101PE,0.0,0.0,0.0,0.16,0.16,0.16,113.3,0.01,208250,0,0,0.0,0,F1,4250,,,,,
2026-02-18,2026-02-18,FO,NSE,STO,129362,,IRFC,,2026-04-28,2026-04-28,128.0,CE,IRFC26APR128CE,0.0,0.0,0.0,5.63,0.0,5.63,113.3,2.6,0,0,0,0.0,0,F1,4250,,,,,
2026-02-18,2026-02-18,FO,NSE,STO,129342,,IRFC,,2026-04-28,2026-04-28,108.0,CE,IRFC26APR108CE,0.0,0.0,0.0,14.21,0.0,14.21,113.3,10.53,0,0,0,0.0,0,F1,4250,,,,,
2026-02-18,2026-02-18,FO,NSE,STO,128941,,IRFC,,2026-03-30,2026-03-30,111.0,CE,IRFC26MAR111CE,5.6,5.6,4.93,5.34,5.35,5.49,113.3,5.34,97750,34000,27,13337775.0,26,F1,4250,,,,,
2026-02-18,2026-02-18,FO,NSE,STO,118862,,IRFC,,2026-03-30,2026-03-30,106.0,CE,IRFC26MAR106CE,0.0,0.0,0.0,8.51,8.51,8.51,113.3,10.08,21250,0,0,0.0,0,F1,4250,,,,,
2026-02-18,2026-02-18,FO,NSE,STO,118858,,IRFC,,2026-03-30,2026-03-30,102.0,CE,IRFC26MAR102CE,0.0,0.0,0.0,14.0,14.0,14.0,113.3,13.11,34000,0,0,0.0,0,F1,4250,,,,,
2026-02-18,2026-02-18,FO,NSE,STO,107473,,IRFC,,2026-02-24,2026-02-24,142.0,CE,IRFC26FEB142CE,0.04,0.04,0.01,0.03,0.03,0.05,113.3,0.01,357000,-29750,34,20523122.5,32,F1,4250,,,,,
2026-02-18,2026-02-18,FO,NSE,STO,118764,,IRFC,,2026-02-24,2026-02-24,133.0,CE,IRFC26FEB133CE,0.07,0.07,0.05,0.05,0.05,0.09,113.3,0.01,289000,-55250,32,18095607.5,25,F1,4250,,,,,
2026-02-18,2026-02-18,FO,NSE,STO,118649,,IRFC,,2026-02-24,2026-02-24,125.0,CE,IRFC26FEB125CE,0.25,0.26,0.13,0.14,0.14,0.25,113.3,0.14,8585000,-718250,1156,614976615.0,726,F1,4250,,,,,
2026-02-18,2026-02-18,FO,NSE,STF,66869,,IRFC,,2026-04-28,2026-04-28,,,IRFC26APRFUT,112.09,112.84,110.85,111.85,111.93,112.03,113.3,111.85,3217250,140250,108,51292060.0,106,F1,4250,,,,,
2026-02-18,2026-02-18,FO,NSE,STO,129357,,IRFC,,2026-04-28,2026-04-28,122.0,PE,IRFC26APR122PE,0.0,0.0,0.0,13.11,0.0,13.11,113.3,11.59,0,0,0,0.0,0,F1,4250,,,,,
2026-02-18,2026-02-18,FO,NSE,STO,129363,,IRFC,,2026-04-28,2026-04-28,128.0,PE,IRFC26APR128PE,0.0,0.0,0.0,17.06,0.0,17.06,113.3,15.97,0,0,0,0.0,0,F1,4250,,,,,
2026-02-18,2026-02-18,FO,NSE,STO,118743,,IRFC,,2026-02-24,2026-02-24,125.0,PE,IRFC26FEB125PE,12.9,13.05,11.47,11.64,11.72,11.93,113.3,11.64,718250,-29750,18,10487257.5,17,F1,4250,,,,,
2026-02-18,2026-02-18,FO,NSE,STO,118601,,IRFC,,2026-02-24,2026-02-24,119.0,PE,IRFC26FEB119PE,0.0,0.0,0.0,6.76,6.76,6.76,113.3,6.0,794750,0,0,0.0,0,F1,4250,,,,,
2026-02-18,2026-02-18,FO,NSE,STO,129358,,IRFC,,2026-04-28,2026-04-28,124.0,CE,IRFC26APR124CE,0.0,0.0,0.0,6.88,0.0,6.88,113.3,3.57,0,0,0,0.0,0,F1,4250,,,,,
2026-02-18,2026-02-18,FO,NSE,STO,129312,,IRFC,,2026-04-28,2026-04-28,106.0,CE,IRFC26APR106CE,0.0,0.0,0.0,15.41,0.0,15.41,113.3,11.79,0,0,0,0.0,0,F1,4250,,,,,
2026-02-18,2026-02-18,FO,NSE,STO,118900,,IRFC,,2026-03-30,2026-03-30,122.0,CE,IRFC26MAR122CE,0.0,0.0,0.0,2.42,2.42,2.42,113.3,2.45,140250,0,0,0.0,0,F1,4250,,,,,
2026-02-18,2026-02-18,FO,NSE,STO,118894,,IRFC,,2026-03-30,2026-03-30,116.0,CE,IRFC26MAR116CE,3.1,3.27,3.09,3.23,3.23,5.28,113.3,4.47,119000,89250,24,12159292.5,23,F1,4250,,,,,
2026-02-18,2026-02-18,FO,NSE,STO,128945,,IRFC,,2026-03-30,2026-03-30,115.0,CE,IRFC26MAR115CE,4.06,4.2,3.29,3.64,3.59,3.88,113.3,3.64,1942250,603500,331,166806125.0,254,F1,4250,,,,,
2026-02-18,2026-02-18,FO,NSE,STO,118892,,IRFC,,2026-03-30,2026-03-30,114.0,CE,IRFC26MAR114CE,4.75,4.76,3.72,3.97,3.95,4.3,113.3,3.97,136000,72250,29,14553572.5,28,F1,4250,,,,,
2026-02-18,2026-02-18,FO,NSE,STO,128928,,IRFC,,2026-03-30,2026-03-30,101.0,CE,IRFC26MAR101CE,0.0,0.0,0.0,17.1,0.0,17.1,113.3,13.93,0,0,0,0.0,0,F1,4250,,,,,
2026-02-18,2026-02-18,FO,NSE,STO,107502,,IRFC,,2026-02-24,2026-02-24,152.0,CE,IRFC26FEB152CE,0.02,0.02,0.02,0.02,0.02,0.02,113.3,0.02,650250,-170000,41,26489485.0,17,F1,4250,,,,,
2026-02-18,2026-02-18,FO,NSE,STO,118604,,IRFC,,2026-02-24,2026-02-24,123.0,CE,IRFC26FEB123CE,0.3,0.35,0.17,0.19,0.19,0.34,113.3,0.19,2074000,-59500,267,139839152.5,208,F1,4250,,,,,
2026-02-18,2026-02-18,FO,NSE,STO,107442,,IRFC,,2026-02-24,2026-02-24,120.0,CE,IRFC26FEB120CE,0.51,0.56,0.27,0.31,0.3,0.5,113.3,0.31,15954500,-497250,2175,1112380677.5,1359,F1,4250,,,,,
2026-02-18,2026-02-18,FO,NSE,STO,118580,,IRFC,,2026-02-24,2026-02-24,105.0,CE,IRFC26FEB105CE,7.63,7.95,7.63,7.95,7.95,8.29,113.3,8.49,34000,-4250,2,958715.0,2,F1,4250,,,,,
2026-02-18,2026-02-18,FO,NSE,STO,118550,,IRFC,,2026-02-24,2026-02-24,101.0,CE,IRFC26FEB101CE,0.0,0.0,0.0,9.4,9.4,9.4,113.3,12.4,12750,0,0,0.0,0,F1,4250,,,,,
2026-02-18,2026-02-18,FO,NSE,STO,118548,,IRFC,,2026-02-24,2026-02-24,99.0,CE,IRFC26FEB99CE,0.0,0.0,0.0,27.24,0.0,27.24,113.3,14.39,0,0,0,0.0,0,F1,4250,,,,,
2026-02-18,2026-02-18,FO,NSE,STO,107420,,IRFC,,2026-02-24,2026-02-24,98.0,CE,IRFC26FEB98CE,0.0,0.0,0.0,15.16,15.16,15.16,113.3,15.39,21250,0,0,0.0,0,F1,4250,,,,,
2026-02-18,2026-02-18,FO,NSE,STO,129359,,IRFC,,2026-04-28,2026-04-28,124.0,PE,IRFC26APR124PE,0.0,0.0,0.0,14.37,0.0,14.37,113.3,12.98,0,0,0,0.0,0,F1,4250,,,,,
2026-02-18,2026-02-18,FO,NSE,STO,107486,,IRFC,,2026-02-24,2026-02-24,144.0,PE,IRFC26FEB144PE,0.0,0.0,0.0,29.05,29.05,29.05,113.3,30.57,51000,0,0,0.0,0,F1,4250,,,,,
2026-02-18,2026-02-18,FO,NSE,STO,107482,,IRFC,,2026-02-24,2026-02-24,142.0,PE,IRFC26FEB142PE,0.0,0.0,0.0,30.95,30.95,30.95,113.3,28.57,8500,0,0,0.0,0,F1,4250,,,,,
2026-02-18,2026-02-18,FO,NSE,STO,107460,,IRFC,,2026-02-24,2026-02-24,136.0,CE,IRFC26FEB136CE,0.05,0.06,0.05,0.05,0.05,0.06,113.3,0.05,510000,-97750,58,33537175.0,43,F1,4250,,,,,
2026-02-18,2026-02-18,FO,NSE,STO,118856,,IRFC,,2026-03-30,2026-03-30,100.0,CE,IRFC26MAR100CE,13.75,13.75,13.75,13.75,13.75,14.1,113.3,14.76,29750,0,1,483437.5,1,F1,4250,,,,,
2026-02-18,2026-02-18,FO,NSE,STO,129347,,IRFC,,2026-04-28,2026-04-28,112.0,PE,IRFC26APR112PE,0.0,0.0,0.0,7.67,0.0,7.67,113.3,5.81,0,0,0,0.0,0,F1,4250,,,,,
2026-02-18,2026-02-18,FO,NSE,STO,118919,,IRFC,,2026-03-30,2026-03-30,128.0,PE,IRFC26MAR128PE,17.3,17.3,17.3,17.3,17.3,13.76,113.3,15.17,46750,12750,3,1852575.0,1,F1,4250,,,,,
2026-02-18,2026-02-18,FO,NSE,STO,128990,,IRFC,,2026-03-30,2026-03-30,127.0,PE,IRFC26MAR127PE,0.0,0.0,0.0,15.19,0.0,15.19,113.3,14.34,0,0,0,0.0,0,F1,4250,,,,,
2026-02-18,2026-02-18,FO,NSE,STO,118915,,IRFC,,2026-03-30,2026-03-30,124.0,PE,IRFC26MAR124PE,0.0,0.0,0.0,9.61,0.0,9.61,113.3,11.93,0,0,0,0.0,0,F1,4250,,,,,
2026-02-18,2026-02-18,FO,NSE,STO,128933,,IRFC,,2026-03-30,2026-03-30,105.0,PE,IRFC26MAR105PE,1.9,2.28,1.9,1.96,2.0,2.11,113.3,1.96,1185750,943500,303,138025932.5,176,F1,4250,,,,,
2026-02-18,2026-02-18,FO,NSE,STO,118859,,IRFC,,2026-03-30,2026-03-30,102.0,PE,IRFC26MAR102PE,1.34,1.49,1.27,1.3,1.34,1.52,113.3,1.3,595000,114750,50,21966592.5,46,F1,4250,,,,,
2026-02-18,2026-02-18,FO,NSE,STO,118860,,IRFC,,2026-03-30,2026-03-30,104.0,CE,IRFC26MAR104CE,0.0,0.0,0.0,24.66,0.0,24.66,113.3,11.55,0,0,0,0.0,0,F1,4250,,,,,
2026-02-18,2026-02-18,FO,NSE,STO,129353,,IRFC,,2026-04-28,2026-04-28,118.0,PE,IRFC26APR118PE,0.0,0.0,0.0,10.75,0.0,10.75,113.3,9.03,0,0,0,0.0,0,F1,4250,,,,,
2026-02-18,2026-02-18,FO,NSE,STO,141987,,NAUKRI,,2026-03-30,2026-03-30,1360.0,PE,NAUKRI26MAR1360PE,0.0,0.0,0.0,97.3,0.0,97.3,1119.3,234.3,0,0,0,0.0,0,F1,375,,,,,
2026-02-18,2026-02-18,FO,NSE,STO,144001,,NAUKRI,,2026-04-28,2026-04-28,1040.0,PE,NAUKRI26APR1040PE,0.0,0.0,0.0,9.9,0.0,9.9,1119.3,24.1,0,0,0,0.0,0,F1,375,,,,,
2026-02-18,2026-02-18,FO,NSE,STO,144135,,NAUKRI,,2026-04-28,2026-04-28,1440.0,PE,NAUKRI26APR1440PE,0.0,0.0,0.0,179.75,0.0,179.75,1119.3,308.45,0,0,0,0.0,0,F1,375,,,,,
2026-02-18,2026-02-18,FO,NSE,STO,141986,,NAUKRI,,2026-03-30,2026-03-30,1360.0,CE,NAUKRI26MAR1360CE,0.0,0.0,0.0,6.2,6.2,6.2,1119.3,1.75,5625,0,0,0.0,0,F1,375,,,,,
2026-02-18,2026-02-18,FO,NSE,STO,143943,,NAUKRI,,2026-03-30,2026-03-30,1140.0,CE,NAUKRI26MAR1140CE,45.05,45.05,30.0,36.9,36.0,46.2,1119.3,36.9,52875,22875,244,107635050.0,218,F1,375,,,,,
2026-02-18,2026-02-18,FO,NSE,STO,119917,,NAUKRI,,2026-02-24,2026-02-24,1360.0,CE,NAUKRI26FEB1360CE,0.45,0.6,0.15,0.25,0.25,0.7,1119.3,0.25,48000,-35625,159,81106068.75,66,F1,375,,,,,
2026-02-18,2026-02-18,FO,NSE,STO,143958,,NAUKRI,,2026-03-30,2026-03-30,1420.0,PE,NAUKRI26MAR1420PE,0.0,0.0,0.0,156.5,0.0,156.5,1119.3,292.75,0,0,0,0.0,0,F1,375,,,,,
2026-02-18,2026-02-18,FO,NSE,STO,141856,,NAUKRI,,2026-02-24,2026-02-24,1460.0,PE,NAUKRI26FEB1460PE,0.0,0.0,0.0,324.35,324.35,324.35,1119.3,339.4,6000,0,0,0.0,0,F1,375,,,,,
2026-02-18,2026-02-18,FO,NSE,STO,141978,,NAUKRI,,2026-03-30,2026-03-30,1240.0,PE,NAUKRI26MAR1240PE,0.0,0.0,0.0,57.7,57.7,57.7,1119.3,124.9,2625,0,0,0.0,0,F1,375,,,,,
2026-02-18,2026-02-18,FO,NSE,STO,141980,,NAUKRI,,2026-03-30,2026-03-30,1280.0,PE,NAUKRI26MAR1280PE,0.0,0.0,0.0,59.75,0.0,59.75,1119.3,159.5,0,0,0,0.0,0,F1,375,,,,,
2026-02-18,2026-02-18,FO,NSE,STO,119891,,NAUKRI,,2026-02-24,2026-02-24,1240.0,PE,NAUKRI26FEB1240PE,120.6,139.65,118.4,120.0,120.0,114.4,1119.3,119.65,83250,375,32,16463381.25,26,F1,375,,,,,
2026-02-18,2026-02-18,FO,NSE,STO,141966,,NAUKRI,,2026-03-30,2026-03-30,1000.0,PE,NAUKRI26MAR1000PE,11.2,15.75,10.35,10.45,10.45,11.0,1119.3,10.45,45375,6000,172,65386818.75,144,F1,375,,,,,
2026-02-18,2026-02-18,FO,NSE,STO,143946,,NAUKRI,,2026-03-30,2026-03-30,1180.0,PE,NAUKRI26MAR1180PE,0.0,0.0,0.0,95.0,95.0,95.0,1119.3,79.05,27750,0,0,0.0,0,F1,375,,,,,
2026-02-18,2026-02-18,FO,NSE,STO,144036,,NAUKRI,,2026-04-28,2026-04-28,1120.0,PE,NAUKRI26APR1120PE,0.0,0.0,0.0,23.25,0.0,23.25,1119.3,55.35,0,0,0,0.0,0,F1,375,,,,,
2026-02-18,2026-02-18,FO,NSE,STO,143931,,NAUKRI,,2026-03-30,2026-03-30,920.0,CE,NAUKRI26MAR920CE,0.0,0.0,0.0,369.15,0.0,369.15,1119.3,205.85,0,0,0,0.0,0,F1,375,,,,,
2026-02-18,2026-02-18,FO,NSE,STO,141973,,NAUKRI,,2026-03-30,2026-03-30,1160.0,CE,NAUKRI26MAR1160CE,33.0,33.0,24.5,30.35,30.2,38.3,1119.3,30.35,34875,5250,72,32093381.25,51,F1,375,,,,,
2026-02-18,2026-02-18,FO,NSE,STO,143953,,NAUKRI,,2026-03-30,2026-03-30,1340.0,CE,NAUKRI26MAR1340CE,0.0,0.0,0.0,12.15,12.15,12.15,1119.3,2.5,0,0,0,0.0,0,F1,375,,,,,
2026-02-18,2026-02-18,FO,NSE,STO,144136,,NAUKRI,,2026-04-28,2026-04-28,1480.0,CE,NAUKRI26APR1480CE,0.0,0.0,0.0,31.9,0.0,31.9,1119.3,1.6,0,0,0,0.0,0,F1,375,,,,,
2026-02-18,2026-02-18,FO,NSE,STO,119880,,NAUKRI,,2026-02-24,2026-02-24,1040.0,CE,NAUKRI26FEB1040CE,63.0,63.0,63.0,63.0,63.0,315.35,1119.3,80.8,375,375,1,413625.0,1,F1,375,,,,,
2026-02-18,2026-02-18,FO,NSE,STO,119888,,NAUKRI,,2026-02-24,2026-02-24,1200.0,CE,NAUKRI26FEB1200CE,5.45,5.45,1.6,2.35,2.2,5.35,1119.3,2.35,803250,-34875,1720,775525593.75,1254,F1,375,,,,,
2026-02-18,2026-02-18,FO,NSE,STO,141842,,NAUKRI,,2026-02-24,2026-02-24,1180.0,PE,NAUKRI26FEB1180PE,64.7,83.1,61.35,61.8,61.35,59.45,1119.3,61.8,135750,-4125,161,75801187.5,140,F1,375,,,,,
2026-02-18,2026-02-18,FO,NSE,STO,143935,,NAUKRI,,2026-03-30,2026-03-30,980.0,CE,NAUKRI26MAR980CE,0.0,0.0,0.0,311.0,0.0,311.0,1119.3,149.75,0,0,0,0.0,0,F1,375,,,,,
2026-02-18,2026-02-18,FO,NSE,STO,141963,,NAUKRI,,2026-03-30,2026-03-30,960.0,CE,NAUKRI26MAR960CE,148.0,160.0,148.0,160.0,160.0,391.25,1119.3,167.95,375,375,2,835500.0,2,F1,375,,,,,
2026-02-18,2026-02-18,FO,NSE,STO,141857,,NAUKRI,,2026-02-24,2026-02-24,1500.0,CE,NAUKRI26FEB1500CE,0.15,0.15,0.05,0.1,0.1,0.15,1119.3,0.1,46125,-11250,46,25876650.0,23,F1,375,,,,,
2026-02-18,2026-02-18,FO,NSE,STO,119957,,NAUKRI,,2026-02-24,2026-02-24,1480.0,CE,NAUKRI26FEB1480CE,0.0,0.0,0.0,2.4,2.4,2.4,1119.3,0.05,1125,0,0,0.0,0,F1,375,,,,,
2026-02-18,2026-02-18,FO,NSE,STO,141841,,NAUKRI,,2026-02-24,2026-02-24,1180.0,CE,NAUKRI26FEB1180CE,6.7,7.3,2.05,3.4,3.25,7.85,1119.3,3.4,226875,-24000,1177,522354000.0,1011,F1,375,,,,,
2026-02-18,2026-02-18,FO,NSE,STO,141839,,NAUKRI,,2026-02-24,2026-02-24,1140.0,CE,NAUKRI26FEB1140CE,19.45,19.5,5.75,9.75,9.0,18.5,1119.3,9.75,267000,3750,3091,1333187812.5,2318,F1,375,,,,,
2026-02-18,2026-02-18,FO,NSE,STO,141835,,NAUKRI,,2026-02-24,2026-02-24,1060.0,CE,NAUKRI26FEB1060CE,0.0,0.0,0.0,287.8,0.0,287.8,1119.3,61.95,0,0,0,0.0,0,F1,375,,,,,
2026-02-18,2026-02-18,FO,NSE,STO,144095,,NAUKRI,,2026-04-28,2026-04-28,1200.0,PE,NAUKRI26APR1200PE,0.0,0.0,0.0,46.05,0.0,46.05,1119.3,102.75,0,0,0,0.0,0,F1,375,,,,,
2026-02-18,2026-02-18,FO,NSE,STO,143942,,NAUKRI,,2026-03-30,2026-03-30,1100.0,PE,NAUKRI26MAR1100PE,40.0,51.3,38.0,38.7,39.95,39.4,1119.3,38.7,81750,24000,256,109956693.75,213,F1,375,,,,,
2026-02-18,2026-02-18,FO,NSE,STO,119894,,NAUKRI,,2026-02-24,2026-02-24,1280.0,PE,NAUKRI26FEB1280PE,158.0,181.95,158.0,158.65,158.65,149.45,1119.3,159.55,61500,2625,28,15280143.75,16,F1,375,,,,,
2026-02-18,2026-02-18,FO,NSE,STO,119887,,NAUKRI,,2026-02-24,2026-02-24,1160.0,PE,NAUKRI26FEB1160PE,47.8,65.2,43.8,46.0,46.5,44.75,1119.3,46.0,86625,-51000,386,175924162.5,214,F1,375,,,,,
2026-02-18,2026-02-18,FO,NSE,STO,144134,,NAUKRI,,2026-04-28,2026-04-28,1440.0,CE,NAUKRI26APR1440CE,0.0,0.0,0.0,40.8,0.0,40.8,1119.3,2.65,0,0,0,0.0,0,F1,375,,,,,
2026-02-18,2026-02-18,FO,NSE,STO,143939,,NAUKRI,,2026-03-30,2026-03-30,1060.0,CE,NAUKRI26MAR1060CE,0.0,0.0,0.0,236.75,0.0,236.75,1119.3,85.3,0,0,0,0.0,0,F1,375,,,,,
2026-02-18,2026-02-18,FO,NSE,STO,141844,,NAUKRI,,2026-02-24,2026-02-24,1220.0,PE,NAUKRI26FEB1220PE,110.2,122.1,109.35,122.1,122.1,92.2,1119.3,99.9,40875,-375,45,22527018.75,29,F1,375,,,,,
2026-02-18,2026-02-18,FO,NSE,STO,143960,,NAUKRI,,2026-03-30,2026-03-30,1460.0,PE,NAUKRI26MAR1460PE,0.0,0.0,0.0,187.85,0.0,187.85,1119.3,332.2,0,0,0,0.0,0,F1,375,,,,,
2026-02-18,2026-02-18,FO,NSE,STO,141977,,NAUKRI,,2026-03-30,2026-03-30,1240.0,CE,NAUKRI26MAR1240CE,14.1,14.1,10.35,12.7,12.7,17.3,1119.3,12.7,12375,4125,43,20183137.5,35,F1,375,,,,,
2026-02-18,2026-02-18,FO,NSE,STO,141965,,NAUKRI,,2026-03-30,2026-03-30,1000.0,CE,NAUKRI26MAR1000CE,0.0,0.0,0.0,353.5,0.0,353.5,1119.3,132.2,0,0,0,0.0,0,F1,375,,,,,
2026-02-18,2026-02-18,FO,NSE,STO,141840,,NAUKRI,,2026-02-24,2026-02-24,1140.0,PE,NAUKRI26FEB1140PE,36.0,48.45,28.5,30.25,31.65,31.5,1119.3,30.25,133500,17625,533,235414556.25,319,F1,375,,,,,
2026-02-18,2026-02-18,FO,NSE,STO,141838,,NAUKRI,,2026-02-24,2026-02-24,1100.0,PE,NAUKRI26FEB1100PE,12.85,23.0,8.9,9.6,10.8,13.2,1119.3,9.6,208500,-40875,4268,1786326806.25,3235,F1,375,,,,,
2026-02-18,2026-02-18,FO,NSE,STO,141836,,NAUKRI,,2026-02-24,2026-02-24,1060.0,PE,NAUKRI26FEB1060PE,5.1,8.5,2.2,2.5,2.7,4.95,1119.3,2.5,306750,93750,1387,554540193.75,1071,F1,375,,,,,
2026-02-18,2026-02-18,FO,NSE,STO,143992,,NAUKRI,,2026-04-28,2026-04-28,880.0,CE,NAUKRI26APR880CE,0.0,0.0,0.0,413.35,0.0,413.35,1119.3,250.15,0,0,0,0.0,0,F1,375,,,,,
2026-02-18,2026-02-18,FO,NSE,STO,142085,,NAUKRI,,2026-03-30,2026-03-30,1480.0,CE,NAUKRI26MAR1480CE,0.0,0.0,0.0,49.35,0.0,49.35,1119.3,0.2,0,0,0,0.0,0,F1,375,,,,,
2026-02-18,2026-02-18,FO,NSE,STO,119931,,NAUKRI,,2026-02-24,2026-02-24,1360.0,PE,NAUKRI26FEB1360PE,0.0,0.0,0.0,228.35,228.35,228.35,1119.3,239.45,11625,0,0,0.0,0,F1,375,,,,,
2026-02-18,2026-02-18,FO,NSE,STO,141850,,NAUKRI,,2026-02-24,2026-02-24,1340.0,PE,NAUKRI26FEB1340PE,231.0,238.0,228.0,238.0,238.0,208.9,1119.3,219.5,15750,-1500,16,9449118.75,8,F1,375,,,,,
2026-02-18,2026-02-18,FO,NSE,STO,119877,,NAUKRI,,2026-02-24,2026-02-24,960.0,PE,NAUKRI26FEB960PE,0.4,0.55,0.35,0.35,0.35,0.7,1119.3,0.05,25875,-3750,18,6483018.75,14,F1,375,,,,,
2026-02-18,2026-02-18,FO,NSE,STO,144131,,NAUKRI,,2026-04-28,2026-04-28,1400.0,CE,NAUKRI26APR1400CE,0.0,0.0,0.0,51.6,0.0,51.6,1119.3,4.3,0,0,0,0.0,0,F1,375,,,,,
2026-02-18,2026-02-18,FO,NSE,STO,144098,,NAUKRI,,2026-04-28,2026-04-28,1280.0,CE,NAUKRI26APR1280CE,0.0,0.0,0.0,98.55,0.0,98.55,1119.3,16.1,0,0,0,0.0,0,F1,375,,,,,
2026-02-18,2026-02-18,FO,NSE,STO,143959,,NAUKRI,,2026-03-30,2026-03-30,1460.0,CE,NAUKRI26MAR1460CE,0.0,0.0,0.0,22.1,0.0,22.1,1119.3,0.25,0,0,0,0.0,0,F1,375,,,,,
2026-02-18,2026-02-18,FO,NSE,STO,143955,,NAUKRI,,2026-03-30,2026-03-30,1380.0,CE,NAUKRI26MAR1380CE,2.9,3.0,2.6,2.8,2.8,20.9,1119.3,1.25,3750,-3000,9,4667043.75,8,F1,375,,,,,
2026-02-18,2026-02-18,FO,NSE,STO,119886,,NAUKRI,,2026-02-24,2026-02-24,1160.0,CE,NAUKRI26FEB1160CE,11.25,11.25,3.1,5.5,5.2,12.15,1119.3,5.5,383625,180375,2990,1306657425.0,2292,F1,375,,,,,
2026-02-18,2026-02-18,FO,NSE,STO,144099,,NAUKRI,,2026-04-28,2026-04-28,1280.0,PE,NAUKRI26APR1280PE,0.0,0.0,0.0,52.95,52.95,52.95,1119.3,163.6,0,0,0,0.0,0,F1,375,,,,,
2026-02-18,2026-02-18,FO,NSE,STO,143997,,NAUKRI,,2026-04-28,2026-04-28,960.0,PE,NAUKRI26APR960PE,0.0,0.0,0.0,3.4,0.0,3.4,1119.3,7.9,0,0,0,0.0,0,F1,375,,,,,
2026-02-18,2026-02-18,FO,NSE,STO,141971,,NAUKRI,,2026-03-30,2026-03-30,1120.0,CE,NAUKRI26MAR1120CE,43.35,48.35,37.0,45.55,45.4,51.0,1119.3,45.55,15000,6000,84,36614493.75,73,F1,375,,,,,
2026-02-18,2026-02-18,FO,NSE,STO,141847,,NAUKRI,,2026-02-24,2026-02-24,1300.0,CE,NAUKRI26FEB1300CE,0.85,0.85,0.4,0.55,0.5,1.15,1119.3,0.55,290250,-67875,301,146800031.25,194,F1,375,,,,,
2026-02-18,2026-02-18,FO,NSE,STO,141827,,NAUKRI,,2026-02-24,2026-02-24,920.0,CE,NAUKRI26FEB920CE,0.0,0.0,0.0,217.6,217.6,217.6,1119.3,200.15,1125,0,0,0.0,0,F1,375,,,,,
2026-02-18,2026-02-18,FO,NSE,STO,119898,,NAUKRI,,2026-02-24,2026-02-24,1320.0,CE,NAUKRI26FEB1320CE,0.95,0.95,0.3,0.45,0.45,1.0,1119.3,0.45,291000,-7500,168,83192306.25,75,F1,375,,,,,
2026-02-18,2026-02-18,FO,NSE,STO,119932,,NAUKRI,,2026-02-24,2026-02-24,1400.0,CE,NAUKRI26FEB1400CE,0.25,0.3,0.15,0.2,0.2,0.45,1119.3,0.05,218250,-34875,203,106590993.75,47,F1,375,,,,,
2026-02-18,2026-02-18,FO,NSE,STO,141853,,NAUKRI,,2026-02-24,2026-02-24,1420.0,CE,NAUKRI26FEB1420CE,0.1,0.15,0.1,0.1,0.1,0.2,1119.3,0.05,72000,-375,9,4792856.25,9,F1,375,,,,,
2026-02-18,2026-02-18,FO,NSE,STO,119934,,NAUKRI,,2026-02-24,2026-02-24,1440.0,CE,NAUKRI26FEB1440CE,0.2,0.2,0.05,0.15,0.15,0.3,1119.3,0.05,61875,-6000,26,14041425.0,13,F1,375,,,,,
2026-02-18,2026-02-18,FO,NSE,STO,119993,,NAUKRI,,2026-02-24,2026-02-24,1560.0,CE,NAUKRI26FEB1560CE,0.05,0.05,0.05,0.05,0.05,0.1,1119.3,0.05,10875,-4500,12,7020225.0,3,F1,375,,,,,
2026-02-18,2026-02-18,FO,NSE,STO,143937,,NAUKRI,,2026-03-30,2026-03-30,1020.0,CE,NAUKRI26MAR1020CE,0.0,0.0,0.0,273.25,0.0,273.25,1119.3,115.55,0,0,0,0.0,0,F1,375,,,,,
2026-02-18,2026-02-18,FO,NSE,STO,144094,,NAUKRI,,2026-04-28,2026-04-28,1200.0,CE,NAUKRI26APR1200CE,0.0,0.0,0.0,143.45,0.0,143.45,1119.3,34.45,0,0,0,0.0,0,F1,375,,,,,
2026-02-18,2026-02-18,FO,NSE,STO,119879,,NAUKRI,,2026-02-24,2026-02-24,1000.0,PE,NAUKRI26FEB1000PE,1.3,1.75,0.6,0.6,0.6,1.3,1119.3,0.6,95250,-13125,321,120507675.0,256,F1,375,,,,,
2026-02-18,2026-02-18,FO,NSE,STO,143950,,NAUKRI,,2026-03-30,2026-03-30,1260.0,PE,NAUKRI26MAR1260PE,0.0,0.0,0.0,58.1,0.0,58.1,1119.3,141.9,0,0,0,0.0,0,F1,375,,,,,
2026-02-18,2026-02-18,FO,NSE,STO,143952,,NAUKRI,,2026-03-30,2026-03-30,1300.0,PE,NAUKRI26MAR1300PE,200.0,200.0,194.5,196.0,196.0,180.0,1119.3,177.65,7875,3000,14,7860843.75,9,F1,375,,,,,
2026-02-18,2026-02-18,FO,NSE,STO,144139,,NAUKRI,,2026-04-28,2026-04-28,1520.0,PE,NAUKRI26APR1520PE,0.0,0.0,0.0,242.4,0.0,242.4,1119.3,385.95,0,0,0,0.0,0,F1,375,,,,,
2026-02-18,2026-02-18,FO,NSE,STO,119883,,NAUKRI,,2026-02-24,2026-02-24,1080.0,PE,NAUKRI26FEB1080PE,8.0,14.0,4.55,4.95,5.4,8.15,1119.3,4.95,145875,-173250,1976,807996562.5,1431,F1,375,,,,,
2026-02-18,2026-02-18,FO,NSE,STO,119885,,NAUKRI,,2026-02-24,2026-02-24,1120.0,PE,NAUKRI26FEB1120PE,20.0,34.0,16.7,17.8,19.2,21.1,1119.3,17.8,158250,11250,1047,449628993.75,879,F1,375,,,,,
2026-02-18,2026-02-18,FO,NSE,STO,119916,,NAUKRI,,2026-02-24,2026-02-24,1320.0,PE,NAUKRI26FEB1320PE,0.0,0.0,0.0,131.5,131.5,131.5,1119.3,199.5,35250,0,0,0.0,0,F1,375,,,,,
2026-02-18,2026-02-18,FO,NSE,STO,141852,,NAUKRI,,2026-02-24,2026-02-24,1380.0,PE,NAUKRI26FEB1380PE,0.0,0.0,0.0,211.2,211.2,211.2,1119.3,259.45,6000,0,0,0.0,0,F1,375,,,,,
2026-02-18,2026-02-18,FO,NSE,STO,141854,,NAUKRI,,2026-02-24,2026-02-24,1420.0,PE,NAUKRI26FEB1420PE,0.0,0.0,0.0,117.95,0.0,117.95,1119.3,299.4,0,0,0,0.0,0,F1,375,,,,,
2026-02-18,2026-02-18,FO,NSE,STO,144128,,NAUKRI,,2026-04-28,2026-04-28,1360.0,PE,NAUKRI26APR1360PE,0.0,0.0,0.0,124.9,0.0,124.9,1119.3,233.45,0,0,0,0.0,0,F1,375,,,,,
2026-02-18,2026-02-18,FO,NSE,STO,144097,,NAUKRI,,2026-04-28,2026-04-28,1240.0,PE,NAUKRI26APR1240PE,0.0,0.0,0.0,61.6,0.0,61.6,1119.3,131.75,0,0,0,0.0,0,F1,375,,,,,
2026-02-18,2026-02-18,FO,NSE,STO,141974,,NAUKRI,,2026-03-30,2026-03-30,1160.0,PE,NAUKRI26MAR1160PE,72.6,72.6,71.5,71.5,71.5,71.5,1119.3,71.5,23250,0,6,2772075.0,3,F1,375,,,,,
2026-02-18,2026-02-18,FO,NSE,STO,143940,,NAUKRI,,2026-03-30,2026-03-30,1060.0,PE,NAUKRI26MAR1060PE,0.0,0.0,0.0,6.65,0.0,6.65,1119.3,19.6,0,0,0,0.0,0,F1,375,,,,,
2026-02-18,2026-02-18,FO,NSE,STO,119956,,NAUKRI,,2026-02-24,2026-02-24,1440.0,PE,NAUKRI26FEB1440PE,0.0,0.0,0.0,150.5,0.0,150.5,1119.3,319.4,0,0,0,0.0,0,F1,375,,,,,
2026-02-18,2026-02-18,FO,NSE,STO,141831,,NAUKRI,,2026-02-24,2026-02-24,980.0,CE,NAUKRI26FEB980CE,0.0,0.0,0.0,364.7,0.0,364.7,1119.3,140.2,0,0,0,0.0,0,F1,375,,,,,
2026-02-18,2026-02-18,FO,NSE,STO,141833,,NAUKRI,,2026-02-24,2026-02-24,1020.0,CE,NAUKRI26FEB1020CE,0.0,0.0,0.0,325.9,0.0,325.9,1119.3,100.35,0,0,0,0.0,0,F1,375,,,,,
2026-02-18,2026-02-18,FO,NSE,STO,119882,,NAUKRI,,2026-02-24,2026-02-24,1080.0,CE,NAUKRI26FEB1080CE,45.3,47.25,29.6,44.0,43.95,55.0,1119.3,44.0,17625,-1875,146,61279518.75,123,F1,375,,,,,
2026-02-18,2026-02-18,FO,NSE,STO,141843,,NAUKRI,,2026-02-24,2026-02-24,1220.0,CE,NAUKRI26FEB1220CE,2.85,3.1,0.95,1.35,1.3,3.55,1119.3,1.35,303000,-9750,772,353591062.5,531,F1,375,,,,,
2026-02-18,2026-02-18,FO,NSE,STO,119890,,NAUKRI,,2026-02-24,2026-02-24,1240.0,CE,NAUKRI26FEB1240CE,2.1,2.1,0.7,1.05,1.05,2.35,1119.3,1.05,128625,-124500,997,464010243.75,590,F1,375,,,,,
2026-02-18,2026-02-18,FO,NSE,STO,141849,,NAUKRI,,2026-02-24,2026-02-24,1340.0,CE,NAUKRI26FEB1340CE,0.5,0.5,0.2,0.3,0.3,0.75,1119.3,0.3,60375,-22125,97,48753581.25,86,F1,375,,,,,
2026-02-18,2026-02-18,FO,NSE,STO,141828,,NAUKRI,,2026-02-24,2026-02-24,920.0,PE,NAUKRI26FEB920PE,0.2,0.2,0.2,0.2,0.2,0.35,1119.3,0.2,7500,-4125,23,7936725.0,4,F1,375,,,,,
2026-02-18,2026-02-18,FO,NSE,STO,144035,,NAUKRI,,2026-04-28,2026-04-28,1120.0,CE,NAUKRI26APR1120CE,0.0,0.0,0.0,199.4,0.0,199.4,1119.3,66.25,0,0,0,0.0,0,F1,375,,,,,
2026-02-18,2026-02-18,FO,NSE,STO,141970,,NAUKRI,,2026-03-30,2026-03-30,1080.0,PE,NAUKRI26MAR1080PE,30.45,41.25,29.6,30.0,30.2,32.0,1119.3,30.0,38625,25875,132,55231687.5,94,F1,375,,,,,
2026-02-18,2026-02-18,FO,NSE,STO,141968,,NAUKRI,,2026-03-30,2026-03-30,1040.0,PE,NAUKRI26MAR1040PE,21.0,23.35,17.5,17.5,17.5,21.0,1119.3,17.5,19500,18000,64,25451437.5,49,F1,375,,,,,
2026-02-18,2026-02-18,FO,NSE,STO,143936,,NAUKRI,,2026-03-30,2026-03-30,980.0,PE,NAUKRI26MAR980PE,0.0,0.0,0.0,1.75,0.0,1.75,1119.3,4.55,0,0,0,0.0,0,F1,375,,,,,
2026-02-18,2026-02-18,FO,NSE,STO,144100,,NAUKRI,,2026-04-28,2026-04-28,1320.0,CE,NAUKRI26APR1320CE,0.0,0.0,0.0,80.3,0.0,80.3,1119.3,10.6,0,0,0,0.0,0,F1,375,,,,,
2026-02-18,2026-02-18,FO,NSE,STO,142056,,NAUKRI,,2026-03-30,2026-03-30,1400.0,CE,NAUKRI26MAR1400CE,2.9,2.9,2.3,2.75,2.75,9.5,1119.3,0.85,9000,5250,21,11044968.75,20,F1,375,,,,,
2026-02-18,2026-02-18,FO,NSE,STO,143951,,NAUKRI,,2026-03-30,2026-03-30,1300.0,CE,NAUKRI26MAR1300CE,9.0,9.1,5.25,6.55,6.2,9.6,1119.3,6.55,86625,6375,136,66627056.25,107,F1,375,,,,,
2026-02-18,2026-02-18,FO,NSE,STO,143947,,NAUKRI,,2026-03-30,2026-03-30,1220.0,CE,NAUKRI26MAR1220CE,15.05,15.05,12.65,12.65,12.65,113.4,1119.3,15.3,1125,1125,4,1851656.25,3,F1,375,,,,,
2026-02-18,2026-02-18,FO,NSE,STO,143945,,NAUKRI,,2026-03-30,2026-03-30,1180.0,CE,NAUKRI26MAR1180CE,30.1,30.1,19.25,23.7,23.35,31.35,1119.3,23.7,30375,9750,64,28857637.5,58,F1,375,,,,,
2026-02-18,2026-02-18,FO,NSE,STO,141969,,NAUKRI,,2026-03-30,2026-03-30,1080.0,CE,NAUKRI26MAR1080CE,0.0,0.0,0.0,281.2,0.0,281.2,1119.3,71.95,0,0,0,0.0,0,F1,375,,,,,
2026-02-18,2026-02-18,FO,NSE,STO,141837,,NAUKRI,,2026-02-24,2026-02-24,1100.0,CE,NAUKRI26FEB1100CE,38.1,39.4,18.1,29.25,28.5,39.75,1119.3,29.25,65625,-30375,1197,505017206.25,1046,F1,375,,,,,
2026-02-18,2026-02-18,FO,NSE,STO,143956,,NAUKRI,,2026-03-30,2026-03-30,1380.0,PE,NAUKRI26MAR1380PE,0.0,0.0,0.0,130.9,130.9,130.9,1119.3,253.65,750,0,0,0.0,0,F1,375,,,,,
2026-02-18,2026-02-18,FO,NSE,STO,143944,,NAUKRI,,2026-03-30,2026-03-30,1140.0,PE,NAUKRI26MAR1140PE,60.25,74.85,58.75,73.5,73.5,57.4,1119.3,53.95,16875,15375,74,33514331.25,73,F1,375,,,,,
2026-02-18,2026-02-18,FO,NSE,STO,144137,,NAUKRI,,2026-04-28,2026-04-28,1480.0,PE,NAUKRI26APR1480PE,0.0,0.0,0.0,210.25,0.0,210.25,1119.3,347.0,0,0,0,0.0,0,F1,375,,,,,
2026-02-18,2026-02-18,FO,NSE,STF,59428,,NAUKRI,,2026-02-24,2026-02-24,,,NAUKRI26FEBFUT,1121.5,1126.6,1096.8,1120.0,1117.2,1126.5,1119.3,1120.0,9489375,-1501500,8745,3641046037.5,5326,F1,375,,,,,
2026-02-18,2026-02-18,FO,NSE,STO,141845,,NAUKRI,,2026-02-24,2026-02-24,1260.0,CE,NAUKRI26FEB1260CE,1.5,1.5,0.5,0.8,0.75,1.65,1119.3,0.8,259500,-150375,1176,555968962.5,613,F1,375,,,,,
2026-02-18,2026-02-18,FO,NSE,STO,144002,,NAUKRI,,2026-04-28,2026-04-28,1080.0,CE,NAUKRI26APR1080CE,0.0,0.0,0.0,231.1,0.0,231.1,1119.3,88.15,0,0,0,0.0,0,F1,375,,,,,
2026-02-18,2026-02-18,FO,NSE,STO,143998,,NAUKRI,,2026-04-28,2026-04-28,1000.0,CE,NAUKRI26APR1000CE,0.0,0.0,0.0,300.3,0.0,300.3,1119.3,144.0,0,0,0,0.0,0,F1,375,,,,,
2026-02-18,2026-02-18,FO,NSE,STO,141981,,NAUKRI,,2026-03-30,2026-03-30,1320.0,CE,NAUKRI26MAR1320CE,0.0,0.0,0.0,111.75,0.0,111.75,1119.3,3.45,0,0,0,0.0,0,F1,375,,,,,
2026-02-18,2026-02-18,FO,NSE,STO,141975,,NAUKRI,,2026-03-30,2026-03-30,1200.0,CE,NAUKRI26MAR1200CE,25.05,25.25,14.95,18.75,18.45,25.55,1119.3,18.75,114000,42000,410,187419412.5,340,F1,375,,,,,
2026-02-18,2026-02-18,FO,NSE,STO,143949,,NAUKRI,,2026-03-30,2026-03-30,1260.0,CE,NAUKRI26MAR1260CE,10.05,10.25,8.05,9.75,9.4,15.0,1119.3,9.75,12000,11250,53,25228950.0,41,F1,375,,,,,
2026-02-18,2026-02-18,FO,NSE,STO,141979,,NAUKRI,,2026-03-30,2026-03-30,1280.0,CE,NAUKRI26MAR1280CE,0.0,0.0,0.0,133.7,0.0,133.7,1119.3,6.5,0,0,0,0.0,0,F1,375,,,,,
2026-02-18,2026-02-18,FO,NSE,STO,119889,,NAUKRI,,2026-02-24,2026-02-24,1200.0,PE,NAUKRI26FEB1200PE,82.0,104.1,82.0,83.2,83.9,82.7,1119.3,83.2,375375,-4875,190,92140350.0,151,F1,375,,,,,
2026-02-18,2026-02-18,FO,NSE,STO,141846,,NAUKRI,,2026-02-24,2026-02-24,1260.0,PE,NAUKRI26FEB1260PE,149.4,161.8,141.5,142.05,142.05,136.85,1119.3,142.05,107625,375,33,17470725.0,17,F1,375,,,,,
2026-02-18,2026-02-18,FO,NSE,STO,143996,,NAUKRI,,2026-04-28,2026-04-28,960.0,CE,NAUKRI26APR960CE,0.0,0.0,0.0,337.1,0.0,337.1,1119.3,177.1,0,0,0,0.0,0,F1,375,,,,,
2026-02-18,2026-02-18,FO,NSE,STO,144037,,NAUKRI,,2026-04-28,2026-04-28,1160.0,CE,NAUKRI26APR1160CE,0.0,0.0,0.0,170.15,0.0,170.15,1119.3,48.4,0,0,0,0.0,0,F1,375,,,,,
2026-02-18,2026-02-18,FO,NSE,STO,144096,,NAUKRI,,2026-04-28,2026-04-28,1240.0,CE,NAUKRI26APR1240CE,0.0,0.0,0.0,119.55,0.0,119.55,1119.3,23.85,0,0,0,0.0,0,F1,375,,,,,
2026-02-18,2026-02-18,FO,NSE,STO,143954,,NAUKRI,,2026-03-30,2026-03-30,1340.0,PE,NAUKRI26MAR1340PE,0.0,0.0,0.0,101.15,0.0,101.15,1119.3,215.1,0,0,0,0.0,0,F1,375,,,,,
2026-02-18,2026-02-18,FO,NSE,STO,143999,,NAUKRI,,2026-04-28,2026-04-28,1000.0,PE,NAUKRI26APR1000PE,0.0,0.0,0.0,5.95,0.0,5.95,1119.3,14.35,0,0,0,0.0,0,F1,375,,,,,
2026-02-18,2026-02-18,FO,NSE,STO,143941,,NAUKRI,,2026-03-30,2026-03-30,1100.0,CE,NAUKRI26MAR1100CE,61.45,61.45,45.35,54.8,54.45,63.95,1119.3,54.8,27375,16125,236,102068906.25,204,F1,375,,,,,
2026-02-18,2026-02-18,FO,NSE,STO,119997,,NAUKRI,,2026-02-24,2026-02-24,1600.0,CE,NAUKRI26FEB1600CE,0.05,0.05,0.05,0.05,0.05,0.05,1119.3,0.05,10500,-3750,12,7200225.0,12,F1,375,,,,,
2026-02-18,2026-02-18,FO,NSE,STO,141855,,NAUKRI,,2026-02-24,2026-02-24,1460.0,CE,NAUKRI26FEB1460CE,0.0,0.0,0.0,0.65,0.65,0.65,1119.3,0.05,32625,0,0,0.0,0,F1,375,,,,,
2026-02-18,2026-02-18,FO,NSE,STO,141851,,NAUKRI,,2026-02-24,2026-02-24,1380.0,CE,NAUKRI26FEB1380CE,0.35,0.35,0.2,0.25,0.25,0.5,1119.3,0.25,51000,-54750,197,101965743.75,43,F1,375,,,,,
2026-02-18,2026-02-18,FO,NSE,STF,66906,,NAUKRI,,2026-04-28,2026-04-28,,,NAUKRI26APRFUT,1120.7,1121.0,1098.1,1118.4,1120.4,1128.4,1119.3,1118.4,53250,9375,99,41126812.5,89,F1,375,,,,,
2026-02-18,2026-02-18,FO,NSE,STO,144038,,NAUKRI,,2026-04-28,2026-04-28,1160.0,PE,NAUKRI26APR1160PE,0.0,0.0,0.0,33.4,0.0,33.4,1119.3,77.1,0,0,0,0.0,0,F1,375,,,,,
2026-02-18,2026-02-18,FO,NSE,STO,141964,,NAUKRI,,2026-03-30,2026-03-30,960.0,PE,NAUKRI26MAR960PE,9.0,9.0,5.55,6.65,6.65,7.5,1119.3,2.9,26625,21000,89,32302556.25,81,F1,375,,,,,
2026-02-18,2026-02-18,FO,NSE,STO,143932,,NAUKRI,,2026-03-30,2026-03-30,920.0,PE,NAUKRI26MAR920PE,5.2,6.0,3.95,3.95,3.95,0.55,1119.3,3.95,15750,15750,49,17004862.5,47,F1,375,,,,,
2026-02-18,2026-02-18,FO,NSE,STO,119984,,NAUKRI,,2026-02-24,2026-02-24,1480.0,PE,NAUKRI26FEB1480PE,0.0,0.0,0.0,186.9,186.9,186.9,1119.3,359.35,1500,0,0,0.0,0,F1,375,,,,,
2026-02-18,2026-02-18,FO,NSE,STO,144138,,NAUKRI,,2026-04-28,2026-04-28,1520.0,CE,NAUKRI26APR1520CE,0.0,0.0,0.0,24.7,0.0,24.7,1119.3,0.95,0,0,0,0.0,0,F1,375,,,,,
2026-02-18,2026-02-18,FO,NSE,STO,142086,,NAUKRI,,2026-03-30,2026-03-30,1480.0,PE,NAUKRI26MAR1480PE,0.0,0.0,0.0,344.0,344.0,344.0,1119.3,352.0,750,0,0,0.0,0,F1,375,,,,,
2026-02-18,2026-02-18,FO,NSE,STO,144003,,NAUKRI,,2026-04-28,2026-04-28,1080.0,PE,NAUKRI26APR1080PE,0.0,0.0,0.0,15.55,0.0,15.55,1119.3,37.7,0,0,0,0.0,0,F1,375,,,,,
2026-02-18,2026-02-18,FO,NSE,STO,144116,,NAUKRI,,2026-04-28,2026-04-28,1320.0,PE,NAUKRI26APR1320PE,0.0,0.0,0.0,101.1,0.0,101.1,1119.3,197.65,0,0,0,0.0,0,F1,375,,,,,
2026-02-18,2026-02-18,FO,NSE,STO,142059,,NAUKRI,,2026-03-30,2026-03-30,1440.0,PE,NAUKRI26MAR1440PE,0.0,0.0,0.0,196.45,196.45,196.45,1119.3,312.45,750,0,0,0.0,0,F1,375,,,,,
2026-02-18,2026-02-18,FO,NSE,STO,141982,,NAUKRI,,2026-03-30,2026-03-30,1320.0,PE,NAUKRI26MAR1320PE,0.0,0.0,0.0,185.0,185.0,185.0,1119.3,196.2,750,0,0,0.0,0,F1,375,,,,,
2026-02-18,2026-02-18,FO,NSE,STO,141976,,NAUKRI,,2026-03-30,2026-03-30,1200.0,PE,NAUKRI26MAR1200PE,97.85,118.2,97.85,100.0,100.0,97.0,1119.3,93.35,13125,11250,53,26077331.25,47,F1,375,,,,,
2026-02-18,2026-02-18,FO,NSE,STO,143993,,NAUKRI,,2026-04-28,2026-04-28,880.0,PE,NAUKRI26APR880PE,0.0,0.0,0.0,0.9,0.0,0.9,1119.3,1.75,0,0,0,0.0,0,F1,375,,,,,
2026-02-18,2026-02-18,FO,NSE,STO,141972,,NAUKRI,,2026-03-30,2026-03-30,1120.0,PE,NAUKRI26MAR1120PE,55.0,61.3,47.75,48.25,49.0,50.0,1119.3,48.25,9375,5625,26,11461931.25,25,F1,375,,,,,
2026-02-18,2026-02-18,FO,NSE,STO,143938,,NAUKRI,,2026-03-30,2026-03-30,1020.0,PE,NAUKRI26MAR1020PE,0.0,0.0,0.0,3.6,0.0,3.6,1119.3,10.1,0,0,0,0.0,0,F1,375,,,,,
2026-02-18,2026-02-18,FO,NSE,STO,119933,,NAUKRI,,2026-02-24,2026-02-24,1400.0,PE,NAUKRI26FEB1400PE,291.2,300.0,278.95,279.0,279.0,273.0,1119.3,279.45,27375,-6750,50,31695000.0,26,F1,375,,,,,
2026-02-18,2026-02-18,FO,NSE,STO,141848,,NAUKRI,,2026-02-24,2026-02-24,1300.0,PE,NAUKRI26FEB1300PE,191.3,199.65,188.4,193.85,193.85,176.2,1119.3,179.55,119250,-8250,40,22398412.5,17,F1,375,,,,,
2026-02-18,2026-02-18,FO,NSE,STO,144117,,NAUKRI,,2026-04-28,2026-04-28,1360.0,CE,NAUKRI26APR1360CE,0.0,0.0,0.0,64.7,0.0,64.7,1119.3,6.85,0,0,0,0.0,0,F1,375,,,,,
2026-02-18,2026-02-18,FO,NSE,STO,141967,,NAUKRI,,2026-03-30,2026-03-30,1040.0,CE,NAUKRI26MAR1040CE,0.0,0.0,0.0,316.7,0.0,316.7,1119.3,99.85,0,0,0,0.0,0,F1,375,,,,,
2026-02-18,2026-02-18,FO,NSE,STO,119987,,NAUKRI,,2026-02-24,2026-02-24,1520.0,CE,NAUKRI26FEB1520CE,0.05,0.05,0.05,0.05,0.05,0.1,1119.3,0.05,84375,0,55,31351031.25,23,F1,375,,,,,
2026-02-18,2026-02-18,FO,NSE,STO,119878,,NAUKRI,,2026-02-24,2026-02-24,1000.0,CE,NAUKRI26FEB1000CE,123.65,123.65,101.85,110.0,110.0,135.15,1119.3,120.25,3375,-375,5,2081268.75,5,F1,375,,,,,
2026-02-18,2026-02-18,FO,NSE,STF,51984,,NAUKRI,,2026-03-30,2026-03-30,,,NAUKRI26MARFUT,1125.1,1126.6,1092.0,1116.7,1115.0,1125.9,1119.3,1116.7,2675250,1750875,6749,2800461000.0,3271,F1,375,,,,,
2026-02-18,2026-02-18,FO,NSE,STO,119892,,NAUKRI,,2026-02-24,2026-02-24,1280.0,CE,NAUKRI26FEB1280CE,1.2,1.2,0.45,0.7,0.7,1.4,1119.3,0.05,150750,-28125,515,247325306.25,316,F1,375,,,,,
2026-02-18,2026-02-18,FO,NSE,STO,119881,,NAUKRI,,2026-02-24,2026-02-24,1040.0,PE,NAUKRI26FEB1040PE,3.15,4.95,1.25,1.35,1.35,3.05,1119.3,1.35,159375,-19875,798,312002943.75,539,F1,375,,,,,
2026-02-18,2026-02-18,FO,NSE,STO,119996,,NAUKRI,,2026-02-24,2026-02-24,1560.0,PE,NAUKRI26FEB1560PE,0.0,0.0,0.0,432.0,432.0,432.0,1119.3,439.3,22500,0,0,0.0,0,F1,375,,,,,
2026-02-18,2026-02-18,FO,NSE,STO,142057,,NAUKRI,,2026-03-30,2026-03-30,1400.0,PE,NAUKRI26MAR1400PE,292.55,302.0,292.55,302.0,302.0,279.0,1119.3,273.15,2625,375,2,1272956.25,2,F1,375,,,,,
2026-02-18,2026-02-18,FO,NSE,STO,144133,,NAUKRI,,2026-04-28,2026-04-28,1400.0,PE,NAUKRI26APR1400PE,0.0,0.0,0.0,151.15,0.0,151.15,1119.3,270.55,0,0,0,0.0,0,F1,375,,,,,
2026-02-18,2026-02-18,FO,NSE,STO,143957,,NAUKRI,,2026-03-30,2026-03-30,1420.0,CE,NAUKRI26MAR1420CE,0.0,0.0,0.0,30.35,0.0,30.35,1119.3,0.6,0,0,0,0.0,0,F1,375,,,,,
2026-02-18,2026-02-18,FO,NSE,STO,142058,,NAUKRI,,2026-03-30,2026-03-30,1440.0,CE,NAUKRI26MAR1440CE,0.0,0.0,0.0,11.7,11.7,11.7,1119.3,0.4,750,0,0,0.0,0,F1,375,,,,,
2026-02-18,2026-02-18,FO,NSE,STO,144000,,NAUKRI,,2026-04-28,2026-04-28,1040.0,CE,NAUKRI26APR1040CE,0.0,0.0,0.0,264.8,0.0,264.8,1119.3,114.2,0,0,0,0.0,0,F1,375,,,,,
2026-02-18,2026-02-18,FO,NSE,STO,141832,,NAUKRI,,2026-02-24,2026-02-24,980.0,PE,NAUKRI26FEB980PE,0.0,0.0,0.0,0.65,0.0,0.65,1119.3,0.05,0,0,0,0.0,0,F1,375,,,,,
2026-02-18,2026-02-18,FO,NSE,STO,141858,,NAUKRI,,2026-02-24,2026-02-24,1500.0,PE,NAUKRI26FEB1500PE,0.0,0.0,0.0,365.0,365.0,365.0,1119.3,379.35,3750,0,0,0.0,0,F1,375,,,,,
2026-02-18,2026-02-18,FO,NSE,STO,119884,,NAUKRI,,2026-02-24,2026-02-24,1120.0,CE,NAUKRI26FEB1120CE,27.0,27.15,10.3,17.85,16.35,27.7,1119.3,17.85,103125,3000,3074,1309421137.5,2464,F1,375,,,,,
2026-02-18,2026-02-18,FO,NSE,STO,119876,,NAUKRI,,2026-02-24,2026-02-24,960.0,CE,NAUKRI26FEB960CE,0.0,0.0,0.0,171.35,171.35,171.35,1119.3,160.15,2250,0,0,0.0,0,F1,375,,,,,
2026-02-18,2026-02-18,FO,NSE,STO,141834,,NAUKRI,,2026-02-24,2026-02-24,1020.0,PE,NAUKRI26FEB1020PE,1.8,2.9,0.85,0.95,1.0,1.95,1119.3,0.95,22875,-1125,134,51354450.0,132,F1,375,,,,,
2026-02-18,2026-02-18,FO,NSE,STO,143948,,NAUKRI,,2026-03-30,2026-03-30,1220.0,PE,NAUKRI26MAR1220PE,0.0,0.0,0.0,39.65,39.65,39.65,1119.3,108.7,750,0,0,0.0,0,F1,375,,,,,
2026-02-18,2026-02-18,FO,NSE,STO,133026,,SBICARD,,2026-02-24,2026-02-24,1000.0,PE,SBICARD26FEB1000PE,0.0,0.0,0.0,207.5,207.5,207.5,789.25,209.85,1600,0,0,0.0,0,F1,800,,,,,
2026-02-18,2026-02-18,FO,NSE,STO,157797,,SBICARD,,2026-02-24,2026-02-24,750.0,PE,SBICARD26FEB750PE,2.05,2.4,1.25,1.4,1.55,4.1,789.25,1.4,380000,20000,923,555008080.0,734,F1,800,,,,,
2026-02-18,2026-02-18,FO,NSE,STO,157789,,SBICARD,,2026-02-24,2026-02-24,670.0,PE,SBICARD26FEB670PE,0.0,0.0,0.0,0.6,0.0,0.6,789.25,0.05,0,0,0,0.0,0,F1,800,,,,,
2026-02-18,2026-02-18,FO,NSE,STO,166998,,SBICARD,,2026-04-28,2026-04-28,840.0,CE,SBICARD26APR840CE,0.0,0.0,0.0,24.2,0.0,24.2,789.25,17.55,0,0,0,0.0,0,F1,800,,,,,
2026-02-18,2026-02-18,FO,NSE,STO,166996,,SBICARD,,2026-04-28,2026-04-28,820.0,CE,SBICARD26APR820CE,0.0,0.0,0.0,30.5,0.0,30.5,789.25,24.15,0,0,0,0.0,0,F1,800,,,,,
2026-02-18,2026-02-18,FO,NSE,STO,166990,,SBICARD,,2026-04-28,2026-04-28,760.0,CE,SBICARD26APR760CE,0.0,0.0,0.0,57.0,0.0,57.0,789.25,54.7,0,0,0,0.0,0,F1,800,,,,,
2026-02-18,2026-02-18,FO,NSE,STO,157876,,SBICARD,,2026-03-30,2026-03-30,920.0,CE,SBICARD26MAR920CE,0.0,0.0,0.0,11.25,11.25,11.25,789.25,0.95,1600,0,0,0.0,0,F1,800,,,,,
2026-02-18,2026-02-18,FO,NSE,STO,166938,,SBICARD,,2026-03-30,2026-03-30,850.0,CE,SBICARD26MAR850CE,4.2,5.8,3.9,4.0,3.9,3.45,789.25,4.0,96000,59200,177,121024440.0,159,F1,800,,,,,
2026-02-18,2026-02-18,FO,NSE,STO,166936,,SBICARD,,2026-03-30,2026-03-30,830.0,CE,SBICARD26MAR830CE,6.9,7.05,6.0,6.1,6.0,18.65,789.25,6.1,24000,24000,42,28108080.0,28,F1,800,,,,,
2026-02-18,2026-02-18,FO,NSE,STO,157796,,SBICARD,,2026-02-24,2026-02-24,750.0,CE,SBICARD26FEB750CE,32.0,40.55,28.9,32.2,31.5,23.2,789.25,32.2,88800,-40000,240,150413880.0,207,F1,800,,,,,
2026-02-18,2026-02-18,FO,NSE,STO,167001,,SBICARD,,2026-04-28,2026-04-28,860.0,PE,SBICARD26APR860PE,0.0,0.0,0.0,94.9,0.0,94.9,789.25,74.3,0,0,0,0.0,0,F1,800,,,,,
2026-02-18,2026-02-18,FO,NSE,STO,166991,,SBICARD,,2026-04-28,2026-04-28,760.0,PE,SBICARD26APR760PE,0.0,0.0,0.0,34.35,0.0,34.35,789.25,17.6,0,0,0,0.0,0,F1,800,,,,,
2026-02-18,2026-02-18,FO,NSE,STO,132998,,SBICARD,,2026-02-24,2026-02-24,900.0,PE,SBICARD26FEB900PE,121.0,121.95,118.75,120.5,120.5,130.0,789.25,120.5,96000,-4000,8,6528080.0,8,F1,800,,,,,
2026-02-18,2026-02-18,FO,NSE,STO,157849,,SBICARD,,2026-03-30,2026-03-30,640.0,PE,SBICARD26MAR640PE,0.0,0.0,0.0,0.9,0.0,0.9,789.25,0.05,0,0,0,0.0,0,F1,800,,,,,
2026-02-18,2026-02-18,FO,NSE,STO,157859,,SBICARD,,2026-03-30,2026-03-30,740.0,PE,SBICARD26MAR740PE,11.0,13.9,10.5,13.1,13.8,15.75,789.25,13.1,64000,47200,101,60783560.0,81,F1,800,,,,,
2026-02-18,2026-02-18,FO,NSE,STO,132983,,SBICARD,,2026-02-24,2026-02-24,760.0,CE,SBICARD26FEB760CE,19.8,31.2,19.8,23.1,22.75,16.35,789.25,23.1,285600,-36000,332,208468000.0,315,F1,800,,,,,
2026-02-18,2026-02-18,FO,NSE,STO,157811,,SBICARD,,2026-02-24,2026-02-24,890.0,PE,SBICARD26FEB890PE,109.95,109.95,108.95,108.95,108.95,103.75,789.25,108.95,1600,0,5,3998200.0,4,F1,800,,,,,
2026-02-18,2026-02-18,FO,NSE,STO,132980,,SBICARD,,2026-02-24,2026-02-24,720.0,PE,SBICARD26FEB720PE,0.7,0.8,0.4,0.45,0.55,1.05,789.25,0.45,116000,-36000,113,65140600.0,80,F1,800,,,,,
2026-02-18,2026-02-18,FO,NSE,STO,157814,,SBICARD,,2026-02-24,2026-02-24,930.0,CE,SBICARD26FEB930CE,0.05,0.05,0.05,0.05,0.05,0.1,789.25,0.05,43200,0,3,2232120.0,1,F1,800,,,,,
2026-02-18,2026-02-18,FO,NSE,STO,166986,,SBICARD,,2026-04-28,2026-04-28,720.0,CE,SBICARD26APR720CE,0.0,0.0,0.0,81.45,0.0,81.45,789.25,83.95,0,0,0,0.0,0,F1,800,,,,,
2026-02-18,2026-02-18,FO,NSE,STO,132995,,SBICARD,,2026-02-24,2026-02-24,880.0,CE,SBICARD26FEB880CE,0.2,0.55,0.15,0.25,0.25,0.2,789.25,0.25,205600,4800,210,147896320.0,171,F1,800,,,,,
2026-02-18,2026-02-18,FO,NSE,STO,157862,,SBICARD,,2026-03-30,2026-03-30,780.0,CE,SBICARD26MAR780CE,17.75,23.85,17.3,18.05,17.85,15.7,789.25,18.05,103200,800,270,172857280.0,193,F1,800,,,,,
2026-02-18,2026-02-18,FO,NSE,STO,166928,,SBICARD,,2026-03-30,2026-03-30,750.0,CE,SBICARD26MAR750CE,35.0,41.0,31.2,31.85,31.3,28.25,789.25,31.85,76800,8800,87,54766160.0,67,F1,800,,,,,
2026-02-18,2026-02-18,FO,NSE,STO,157854,,SBICARD,,2026-03-30,2026-03-30,700.0,CE,SBICARD26MAR700CE,74.0,80.0,70.0,73.8,73.8,61.8,789.25,95.05,55200,8800,46,28516000.0,17,F1,800,,,,,
2026-02-18,2026-02-18,FO,NSE,STO,166980,,SBICARD,,2026-04-28,2026-04-28,660.0,CE,SBICARD26APR660CE,0.0,0.0,0.0,127.55,0.0,127.55,789.25,137.25,0,0,0,0.0,0,F1,800,,,,,
2026-02-18,2026-02-18,FO,NSE,STO,166983,,SBICARD,,2026-04-28,2026-04-28,680.0,PE,SBICARD26APR680PE,0.0,0.0,0.0,9.65,0.0,9.65,789.25,2.35,0,0,0,0.0,0,F1,800,,,,,
2026-02-18,2026-02-18,FO,NSE,STO,157808,,SBICARD,,2026-02-24,2026-02-24,870.0,CE,SBICARD26FEB870CE,0.75,0.75,0.35,0.35,0.35,0.35,789.25,0.35,175200,24000,54,37603160.0,46,F1,800,,,,,
2026-02-18,2026-02-18,FO,NSE,STO,157855,,SBICARD,,2026-03-30,2026-03-30,700.0,PE,SBICARD26MAR700PE,4.0,5.0,3.65,4.85,5.0,5.8,789.25,4.85,220800,-800,169,95231800.0,125,F1,800,,,,,
2026-02-18,2026-02-18,FO,NSE,STO,132994,,SBICARD,,2026-02-24,2026-02-24,860.0,PE,SBICARD26FEB860PE,82.0,82.0,78.0,79.3,79.7,91.0,789.25,79.3,47200,-1600,7,5262080.0,7,F1,800,,,,,
2026-02-18,2026-02-18,FO,NSE,STO,166993,,SBICARD,,2026-04-28,2026-04-28,780.0,PE,SBICARD26APR780PE,0.0,0.0,0.0,43.9,0.0,43.9,789.25,25.35,0,0,0,0.0,0,F1,800,,,,,
2026-02-18,2026-02-18,FO,NSE,STO,166987,,SBICARD,,2026-04-28,2026-04-28,720.0,PE,SBICARD26APR720PE,0.0,0.0,0.0,19.4,0.0,19.4,789.25,7.25,0,0,0,0.0,0,F1,800,,,,,
2026-02-18,2026-02-18,FO,NSE,STO,166930,,SBICARD,,2026-03-30,2026-03-30,770.0,CE,SBICARD26MAR770CE,25.0,28.4,21.3,21.6,21.3,19.4,789.25,21.6,19200,8800,37,23516520.0,37,F1,800,,,,,
2026-02-18,2026-02-18,FO,NSE,STO,133015,,SBICARD,,2026-02-24,2026-02-24,980.0,CE,SBICARD26FEB980CE,0.1,0.1,0.1,0.1,0.1,0.3,789.25,0.05,800,0,1,784080.0,1,F1,800,,,,,
2026-02-18,2026-02-18,FO,NSE,STO,132976,,SBICARD,,2026-02-24,2026-02-24,680.0,PE,SBICARD26FEB680PE,0.25,0.4,0.2,0.25,0.25,0.4,789.25,0.25,198400,-31200,60,32654000.0,46,F1,800,,,,,
2026-02-18,2026-02-18,FO,NSE,STO,166978,,SBICARD,,2026-04-28,2026-04-28,640.0,CE,SBICARD26APR640CE,0.0,0.0,0.0,144.9,0.0,144.9,789.25,156.4,0,0,0,0.0,0,F1,800,,,,,
2026-02-18,2026-02-18,FO,NSE,STO,132990,,SBICARD,,2026-02-24,2026-02-24,820.0,PE,SBICARD26FEB820PE,40.0,43.7,37.65,40.8,41.25,50.0,789.25,40.8,114400,2400,41,28204680.0,39,F1,800,,,,,
2026-02-18,2026-02-18,FO,NSE,STO,157799,,SBICARD,,2026-02-24,2026-02-24,770.0,PE,SBICARD26FEB770PE,7.0,7.55,4.3,5.05,5.45,11.2,789.25,5.05,266400,32000,998,619075200.0,901,F1,800,,,,,
2026-02-18,2026-02-18,FO,NSE,STO,132984,,SBICARD,,2026-02-24,2026-02-24,760.0,PE,SBICARD26FEB760PE,4.0,4.4,2.3,2.75,2.85,7.0,789.25,2.75,402400,52800,1433,874617680.0,1176,F1,800,,,,,
2026-02-18,2026-02-18,FO,NSE,STO,157795,,SBICARD,,2026-02-24,2026-02-24,730.0,PE,SBICARD26FEB730PE,0.8,0.85,0.4,0.5,0.5,1.3,789.25,0.5,277600,-39200,338,197563880.0,253,F1,800,,,,,
2026-02-18,2026-02-18,FO,NSE,STO,167002,,SBICARD,,2026-04-28,2026-04-28,880.0,CE,SBICARD26APR880CE,0.0,0.0,0.0,14.8,0.0,14.8,789.25,8.6,0,0,0,0.0,0,F1,800,,,,,
2026-02-18,2026-02-18,FO,NSE,STO,166920,,SBICARD,,2026-03-30,2026-03-30,670.0,CE,SBICARD26MAR670CE,0.0,0.0,0.0,112.55,0.0,112.55,789.25,123.7,0,0,0,0.0,0,F1,800,,,,,
2026-02-18,2026-02-18,FO,NSE,STO,133080,,SBICARD,,2026-02-24,2026-02-24,1040.0,CE,SBICARD26FEB1040CE,0.0,0.0,0.0,0.1,0.1,0.1,789.25,0.05,7200,0,0,0.0,0,F1,800,,,,,
2026-02-18,2026-02-18,FO,NSE,STO,132993,,SBICARD,,2026-02-24,2026-02-24,860.0,CE,SBICARD26FEB860CE,0.6,0.85,0.4,0.45,0.45,0.35,789.25,0.45,149600,13600,193,132864080.0,122,F1,800,,,,,
2026-02-18,2026-02-18,FO,NSE,STO,157798,,SBICARD,,2026-02-24,2026-02-24,770.0,CE,SBICARD26FEB770CE,15.1,23.95,14.4,15.85,15.05,10.7,789.25,15.85,268800,-122400,719,453835320.0,572,F1,800,,,,,
2026-02-18,2026-02-18,FO,NSE,STO,157792,,SBICARD,,2026-02-24,2026-02-24,710.0,CE,SBICARD26FEB710CE,72.0,72.0,70.35,70.35,70.35,61.1,789.25,79.9,1600,800,2,1249880.0,2,F1,800,,,,,
2026-02-18,2026-02-18,FO,NSE,STO,157790,,SBICARD,,2026-02-24,2026-02-24,690.0,CE,SBICARD26FEB690CE,0.0,0.0,0.0,160.9,0.0,160.9,789.25,99.85,0,0,0,0.0,0,F1,800,,,,,
2026-02-18,2026-02-18,FO,NSE,STO,133012,,SBICARD,,2026-02-24,2026-02-24,940.0,PE,SBICARD26FEB940PE,0.0,0.0,0.0,184.9,184.9,184.9,789.25,149.9,4000,0,0,0.0,0,F1,800,,,,,
2026-02-18,2026-02-18,FO,NSE,STO,166939,,SBICARD,,2026-03-30,2026-03-30,850.0,PE,SBICARD26MAR850PE,84.3,88.8,84.3,87.75,88.5,94.4,789.25,87.75,48800,23200,35,26216760.0,22,F1,800,,,,,
2026-02-18,2026-02-18,FO,NSE,STO,157863,,SBICARD,,2026-03-30,2026-03-30,780.0,PE,SBICARD26MAR780PE,30.25,33.35,29.3,32.6,33.35,37.2,789.25,32.6,51200,17600,57,36990000.0,55,F1,800,,,,,
2026-02-18,2026-02-18,FO,NSE,STO,166931,,SBICARD,,2026-03-30,2026-03-30,770.0,PE,SBICARD26MAR770PE,0.0,0.0,0.0,32.95,0.0,32.95,789.25,15.1,0,0,0,0.0,0,F1,800,,,,,
2026-02-18,2026-02-18,FO,NSE,STO,166921,,SBICARD,,2026-03-30,2026-03-30,670.0,PE,SBICARD26MAR670PE,0.0,0.0,0.0,4.55,0.0,4.55,789.25,0.4,0,0,0,0.0,0,F1,800,,,,,
2026-02-18,2026-02-18,FO,NSE,STO,157805,,SBICARD,,2026-02-24,2026-02-24,830.0,PE,SBICARD26FEB830PE,50.0,50.0,50.0,50.0,50.0,59.45,789.25,50.0,14400,0,1,704000.0,1,F1,800,,,,,
2026-02-18,2026-02-18,FO,NSE,STO,157867,,SBICARD,,2026-03-30,2026-03-30,820.0,PE,SBICARD26MAR820PE,59.0,59.75,58.9,59.75,59.75,69.0,789.25,41.0,5600,4800,6,4219720.0,6,F1,800,,,,,
2026-02-18,2026-02-18,FO,NSE,STO,166919,,SBICARD,,2026-03-30,2026-03-30,650.0,PE,SBICARD26MAR650PE,0.0,0.0,0.0,2.65,0.0,2.65,789.25,0.15,0,0,0,0.0,0,F1,800,,,,,
2026-02-18,2026-02-18,FO,NSE,STO,133020,,SBICARD,,2026-02-24,2026-02-24,980.0,PE,SBICARD26FEB980PE,201.35,201.35,201.35,201.35,201.35,221.4,789.25,189.85,4800,0,1,945080.0,1,F1,800,,,,,
2026-02-18,2026-02-18,FO,NSE,STO,157819,,SBICARD,,2026-02-24,2026-02-24,970.0,PE,SBICARD26FEB970PE,189.0,189.0,189.0,189.0,189.0,211.4,789.25,189.0,36800,0,3,2781600.0,1,F1,800,,,,,
2026-02-18,2026-02-18,FO,NSE,STO,157817,,SBICARD,,2026-02-24,2026-02-24,950.0,PE,SBICARD26FEB950PE,0.0,0.0,0.0,176.0,176.0,176.0,789.25,159.9,5600,0,0,0.0,0,F1,800,,,,,
2026-02-18,2026-02-18,FO,NSE,STO,132996,,SBICARD,,2026-02-24,2026-02-24,880.0,PE,SBICARD26FEB880PE,98.5,100.55,97.8,99.65,99.65,125.2,789.25,89.95,21600,-3200,8,6266240.0,6,F1,800,,,,,
2026-02-18,2026-02-18,FO,NSE,STO,157791,,SBICARD,,2026-02-24,2026-02-24,690.0,PE,SBICARD26FEB690PE,0.3,0.35,0.25,0.3,0.3,0.45,789.25,0.3,101600,-4000,39,21536880.0,31,F1,800,,,,,
2026-02-18,2026-02-18,FO,NSE,STO,157787,,SBICARD,,2026-02-24,2026-02-24,650.0,PE,SBICARD26FEB650PE,0.0,0.0,0.0,0.25,0.0,0.25,789.25,0.05,0,0,0,0.0,0,F1,800,,,,,
2026-02-18,2026-02-18,FO,NSE,STO,167006,,SBICARD,,2026-04-28,2026-04-28,920.0,CE,SBICARD26APR920CE,0.0,0.0,0.0,8.65,0.0,8.65,789.25,3.85,0,0,0,0.0,0,F1,800,,,,,
2026-02-18,2026-02-18,FO,NSE,STO,157874,,SBICARD,,2026-03-30,2026-03-30,900.0,CE,SBICARD26MAR900CE,1.95,2.45,1.7,1.75,1.75,1.7,789.25,1.75,249600,93600,247,178223360.0,168,F1,800,,,,,
2026-02-18,2026-02-18,FO,NSE,STO,157870,,SBICARD,,2026-03-30,2026-03-30,860.0,CE,SBICARD26MAR860CE,0.0,0.0,0.0,46.85,0.0,46.85,789.25,5.8,0,0,0,0.0,0,F1,800,,,,,
2026-02-18,2026-02-18,FO,NSE,STO,166934,,SBICARD,,2026-03-30,2026-03-30,810.0,CE,SBICARD26MAR810CE,11.4,13.5,9.15,9.25,9.15,8.3,789.25,9.25,40000,32800,70,45975240.0,64,F1,800,,,,,
2026-02-18,2026-02-18,FO,NSE,STO,166932,,SBICARD,,2026-03-30,2026-03-30,790.0,CE,SBICARD26MAR790CE,18.0,18.0,14.1,14.3,14.1,32.65,789.25,14.3,16000,16000,39,25149080.0,38,F1,800,,,,,
2026-02-18,2026-02-18,FO,NSE,STO,157846,,SBICARD,,2026-03-30,2026-03-30,620.0,CE,SBICARD26MAR620CE,0.0,0.0,0.0,233.05,0.0,233.05,789.25,173.0,0,0,0,0.0,0,F1,800,,,,,
2026-02-18,2026-02-18,FO,NSE,STO,133011,,SBICARD,,2026-02-24,2026-02-24,940.0,CE,SBICARD26FEB940CE,0.0,0.0,0.0,0.3,0.3,0.3,789.25,0.05,2400,0,0,0.0,0,F1,800,,,,,
2026-02-18,2026-02-18,FO,NSE,STO,132985,,SBICARD,,2026-02-24,2026-02-24,780.0,CE,SBICARD26FEB780CE,8.5,17.0,7.35,10.05,9.25,6.95,789.25,10.05,528800,-287200,2360,1495569320.0,1958,F1,800,,,,,
2026-02-18,2026-02-18,FO,NSE,STO,132979,,SBICARD,,2026-02-24,2026-02-24,720.0,CE,SBICARD26FEB720CE,67.95,68.75,59.1,61.8,61.8,54.7,789.25,69.9,28000,-1600,8,5016600.0,8,F1,800,,,,,
2026-02-18,2026-02-18,FO,NSE,STO,157786,,SBICARD,,2026-02-24,2026-02-24,650.0,CE,SBICARD26FEB650CE,0.0,0.0,0.0,199.7,0.0,199.7,789.25,139.85,0,0,0,0.0,0,F1,800,,,,,
2026-02-18,2026-02-18,FO,NSE,STO,132920,,SBICARD,,2026-02-24,2026-02-24,640.0,CE,SBICARD26FEB640CE,0.0,0.0,0.0,83.0,83.0,83.0,789.25,149.85,800,0,0,0.0,0,F1,800,,,,,
2026-02-18,2026-02-18,FO,NSE,STO,132916,,SBICARD,,2026-02-24,2026-02-24,600.0,CE,SBICARD26FEB600CE,0.0,0.0,0.0,282.6,0.0,282.6,789.25,189.8,0,0,0,0.0,0,F1,800,,,,,
2026-02-18,2026-02-18,FO,NSE,STO,166999,,SBICARD,,2026-04-28,2026-04-28,840.0,PE,SBICARD26APR840PE,0.0,0.0,0.0,80.35,0.0,80.35,789.25,59.6,0,0,0,0.0,0,F1,800,,,,,
2026-02-18,2026-02-18,FO,NSE,STO,157875,,SBICARD,,2026-03-30,2026-03-30,900.0,PE,SBICARD26MAR900PE,131.0,136.0,131.0,134.2,136.0,140.0,789.25,134.2,60800,7200,13,10745840.0,12,F1,800,,,,,
2026-02-18,2026-02-18,FO,NSE,STF,59464,,SBICARD,,2026-02-24,2026-02-24,,,SBICARD26FEBFUT,775.0,790.0,775.0,780.85,778.65,769.35,789.25,780.85,16114400,-1767200,5290,3307667600.0,4445,F1,800,,,,,
2026-02-18,2026-02-18,FO,NSE,STO,166940,,SBICARD,,2026-03-30,2026-03-30,870.0,CE,SBICARD26MAR870CE,3.5,3.55,2.75,2.75,2.75,2.3,789.25,2.75,25600,22400,62,43298160.0,41,F1,800,,,,,
2026-02-18,2026-02-18,FO,NSE,STO,132986,,SBICARD,,2026-02-24,2026-02-24,780.0,PE,SBICARD26FEB780PE,17.0,17.0,7.4,9.2,9.8,17.4,789.25,9.2,325600,11200,970,612570760.0,779,F1,800,,,,,
2026-02-18,2026-02-18,FO,NSE,STO,157853,,SBICARD,,2026-03-30,2026-03-30,680.0,PE,SBICARD26MAR680PE,2.85,3.0,2.55,3.0,3.0,2.6,789.25,3.0,2400,2400,3,1638720.0,3,F1,800,,,,,
2026-02-18,2026-02-18,FO,NSE,STO,166925,,SBICARD,,2026-03-30,2026-03-30,710.0,PE,SBICARD26MAR710PE,6.15,6.15,5.65,5.7,5.7,7.3,789.25,5.7,31200,8000,21,12027560.0,19,F1,800,,,,,
2026-02-18,2026-02-18,FO,NSE,STO,166927,,SBICARD,,2026-03-30,2026-03-30,730.0,PE,SBICARD26MAR730PE,0.0,0.0,0.0,17.05,0.0,17.05,789.25,4.85,0,0,0,0.0,0,F1,800,,,,,
2026-02-18,2026-02-18,FO,NSE,STO,157869,,SBICARD,,2026-03-30,2026-03-30,840.0,PE,SBICARD26MAR840PE,78.5,78.5,78.5,78.5,78.5,82.0,789.25,78.5,3200,800,1,734800.0,1,F1,800,,,,,
2026-02-18,2026-02-18,FO,NSE,STO,166981,,SBICARD,,2026-04-28,2026-04-28,660.0,PE,SBICARD26APR660PE,0.0,0.0,0.0,6.45,0.0,6.45,789.25,1.2,0,0,0,0.0,0,F1,800,,,,,
2026-02-18,2026-02-18,FO,NSE,STO,166995,,SBICARD,,2026-04-28,2026-04-28,800.0,PE,SBICARD26APR800PE,0.0,0.0,0.0,54.75,0.0,54.75,789.25,35.0,0,0,0,0.0,0,F1,800,,,,,
2026-02-18,2026-02-18,FO,NSE,STO,166994,,SBICARD,,2026-04-28,2026-04-28,800.0,CE,SBICARD26APR800CE,0.0,0.0,0.0,38.0,0.0,38.0,789.25,32.5,0,0,0,0.0,0,F1,800,,,,,
2026-02-18,2026-02-18,FO,NSE,STO,157858,,SBICARD,,2026-03-30,2026-03-30,740.0,CE,SBICARD26MAR740CE,0.0,0.0,0.0,24.5,24.5,24.5,789.25,60.35,1600,0,0,0.0,0,F1,800,,,,,
2026-02-18,2026-02-18,FO,NSE,STO,167003,,SBICARD,,2026-04-28,2026-04-28,880.0,PE,SBICARD26APR880PE,0.0,0.0,0.0,110.3,0.0,110.3,789.25,90.25,0,0,0,0.0,0,F1,800,,,,,
2026-02-18,2026-02-18,FO,NSE,STO,157850,,SBICARD,,2026-03-30,2026-03-30,660.0,CE,SBICARD26MAR660CE,0.0,0.0,0.0,194.75,0.0,194.75,789.25,133.45,0,0,0,0.0,0,F1,800,,,,,
2026-02-18,2026-02-18,FO,NSE,STO,132975,,SBICARD,,2026-02-24,2026-02-24,680.0,CE,SBICARD26FEB680CE,0.0,0.0,0.0,95.0,95.0,95.0,789.25,109.85,0,0,0,0.0,0,F1,800,,,,,
2026-02-18,2026-02-18,FO,NSE,STO,157788,,SBICARD,,2026-02-24,2026-02-24,670.0,CE,SBICARD26FEB670CE,0.0,0.0,0.0,180.15,0.0,180.15,789.25,119.85,0,0,0,0.0,0,F1,800,,,,,
2026-02-18,2026-02-18,FO,NSE,STO,132918,,SBICARD,,2026-02-24,2026-02-24,620.0,CE,SBICARD26FEB620CE,0.0,0.0,0.0,146.45,146.45,146.45,789.25,169.8,2400,0,0,0.0,0,F1,800,,,,,
2026-02-18,2026-02-18,FO,NSE,STF,67007,,SBICARD,,2026-04-28,2026-04-28,,,SBICARD26APRFUT,762.0,767.95,755.25,757.15,756.0,750.4,789.25,757.15,380000,20000,145,88262880.0,138,F1,800,,,,,
2026-02-18,2026-02-18,FO,NSE,STO,166985,,SBICARD,,2026-04-28,2026-04-28,700.0,PE,SBICARD26APR700PE,0.0,0.0,0.0,13.95,0.0,13.95,789.25,4.25,0,0,0,0.0,0,F1,800,,,,,
2026-02-18,2026-02-18,FO,NSE,STO,157873,,SBICARD,,2026-03-30,2026-03-30,880.0,PE,SBICARD26MAR880PE,0.0,0.0,0.0,62.0,0.0,62.0,789.25,88.8,0,0,0,0.0,0,F1,800,,,,,
2026-02-18,2026-02-18,FO,NSE,STO,166933,,SBICARD,,2026-03-30,2026-03-30,790.0,PE,SBICARD26MAR790PE,0.0,0.0,0.0,43.4,0.0,43.4,789.25,23.65,0,0,0,0.0,0,F1,800,,,,,
2026-02-18,2026-02-18,FO,NSE,STO,133079,,SBICARD,,2026-02-24,2026-02-24,1020.0,PE,SBICARD26FEB1020PE,238.0,239.0,238.0,239.0,239.0,277.7,789.25,229.85,800,-800,2,2013600.0,2,F1,800,,,,,
2026-02-18,2026-02-18,FO,NSE,STO,132982,,SBICARD,,2026-02-24,2026-02-24,740.0,PE,SBICARD26FEB740PE,1.1,1.35,0.5,0.75,0.85,2.2,789.25,0.75,429600,-24000,481,285129160.0,363,F1,800,,,,,
2026-02-18,2026-02-18,FO,NSE,STO,132921,,SBICARD,,2026-02-24,2026-02-24,640.0,PE,SBICARD26FEB640PE,0.15,0.25,0.1,0.25,0.25,0.15,789.25,0.05,172800,-12000,40,20485840.0,22,F1,800,,,,,
2026-02-18,2026-02-18,FO,NSE,STO,166926,,SBICARD,,2026-03-30,2026-03-30,730.0,CE,SBICARD26MAR730CE,0.0,0.0,0.0,65.7,0.0,65.7,789.25,68.45,0,0,0,0.0,0,F1,800,,,,,
2026-02-18,2026-02-18,FO,NSE,STO,157856,,SBICARD,,2026-03-30,2026-03-30,720.0,CE,SBICARD26MAR720CE,0.0,0.0,0.0,140.4,0.0,140.4,789.25,77.0,0,0,0,0.0,0,F1,800,,,,,
2026-02-18,2026-02-18,FO,NSE,STO,157852,,SBICARD,,2026-03-30,2026-03-30,680.0,CE,SBICARD26MAR680CE,0.0,0.0,0.0,176.05,0.0,176.05,789.25,114.0,0,0,0,0.0,0,F1,800,,,,,
2026-02-18,2026-02-18,FO,NSE,STO,157804,,SBICARD,,2026-02-24,2026-02-24,830.0,CE,SBICARD26FEB830CE,1.0,2.3,0.65,0.9,0.85,0.85,789.25,0.9,200800,-48800,788,524174640.0,643,F1,800,,,,,
2026-02-18,2026-02-18,FO,NSE,STO,132989,,SBICARD,,2026-02-24,2026-02-24,820.0,CE,SBICARD26FEB820CE,1.5,3.4,1.15,1.4,1.25,1.1,789.25,1.4,476800,-14400,1524,1002217160.0,1135,F1,800,,,,,
2026-02-18,2026-02-18,FO,NSE,STO,166982,,SBICARD,,2026-04-28,2026-04-28,680.0,CE,SBICARD26APR680CE,0.0,0.0,0.0,111.1,0.0,111.1,789.25,118.65,0,0,0,0.0,0,F1,800,,,,,
2026-02-18,2026-02-18,FO,NSE,STO,157807,,SBICARD,,2026-02-24,2026-02-24,850.0,PE,SBICARD26FEB850PE,62.0,72.2,62.0,69.75,70.8,81.8,789.25,69.75,98400,-27200,38,27926080.0,23,F1,800,,,,,
2026-02-18,2026-02-18,FO,NSE,STO,166929,,SBICARD,,2026-03-30,2026-03-30,750.0,PE,SBICARD26MAR750PE,14.0,17.8,13.4,17.35,17.6,20.25,789.25,17.35,96800,24000,59,36129680.0,56,F1,800,,,,,
2026-02-18,2026-02-18,FO,NSE,STO,166974,,SBICARD,,2026-04-28,2026-04-28,600.0,CE,SBICARD26APR600CE,0.0,0.0,0.0,181.65,0.0,181.65,789.25,195.55,0,0,0,0.0,0,F1,800,,,,,
2026-02-18,2026-02-18,FO,NSE,STO,157868,,SBICARD,,2026-03-30,2026-03-30,840.0,CE,SBICARD26MAR840CE,5.75,7.0,4.85,5.1,4.85,4.15,789.25,5.1,140000,39200,226,152915320.0,178,F1,800,,,,,
2026-02-18,2026-02-18,FO,NSE,STO,157860,,SBICARD,,2026-03-30,2026-03-30,760.0,CE,SBICARD26MAR760CE,29.8,34.35,25.95,27.05,26.55,27.0,789.25,27.05,53600,12000,89,56187120.0,81,F1,800,,,,,
2026-02-18,2026-02-18,FO,NSE,STO,166924,,SBICARD,,2026-03-30,2026-03-30,710.0,CE,SBICARD26MAR710CE,0.0,0.0,0.0,80.0,0.0,80.0,789.25,85.9,0,0,0,0.0,0,F1,800,,,,,
2026-02-18,2026-02-18,FO,NSE,STO,157844,,SBICARD,,2026-03-30,2026-03-30,600.0,CE,SBICARD26MAR600CE,0.0,0.0,0.0,252.55,0.0,252.55,789.25,192.85,0,0,0,0.0,0,F1,800,,,,,
2026-02-18,2026-02-18,FO,NSE,STO,157820,,SBICARD,,2026-02-24,2026-02-24,990.0,CE,SBICARD26FEB990CE,0.0,0.0,0.0,0.35,0.35,0.35,789.25,0.05,4000,0,0,0.0,0,F1,800,,,,,
2026-02-18,2026-02-18,FO,NSE,STO,132922,,SBICARD,,2026-02-24,2026-02-24,660.0,CE,SBICARD26FEB660CE,0.0,0.0,0.0,75.8,75.8,75.8,789.25,129.85,4000,0,0,0.0,0,F1,800,,,,,
2026-02-18,2026-02-18,FO,NSE,STF,52028,,SBICARD,,2026-03-30,2026-03-30,,,SBICARD26MARFUT,763.8,777.0,762.0,764.45,762.75,757.1,789.25,764.45,4773600,1873600,4101,2516593560.0,3351,F1,800,,,,,
2026-02-18,2026-02-18,FO,NSE,STO,157801,,SBICARD,,2026-02-24,2026-02-24,790.0,PE,SBICARD26FEB790PE,15.0,19.0,12.2,14.95,16.25,24.7,789.25,14.95,330400,89600,613,394707880.0,505,F1,800,,,,,
2026-02-18,2026-02-18,FO,NSE,STO,157810,,SBICARD,,2026-02-24,2026-02-24,890.0,CE,SBICARD26FEB890CE,0.15,0.5,0.15,0.2,0.2,0.15,789.25,0.2,24000,800,62,44161200.0,50,F1,800,,,,,
2026-02-18,2026-02-18,FO,NSE,STO,157794,,SBICARD,,2026-02-24,2026-02-24,730.0,CE,SBICARD26FEB730CE,52.55,53.65,49.45,50.0,50.6,40.55,789.25,50.0,26400,-8800,14,8754320.0,14,F1,800,,,,,
2026-02-18,2026-02-18,FO,NSE,STO,132992,,SBICARD,,2026-02-24,2026-02-24,840.0,PE,SBICARD26FEB840PE,62.65,62.65,53.5,59.95,59.95,70.4,789.25,59.95,18400,-3200,11,7910520.0,11,F1,800,,,,,
2026-02-18,2026-02-18,FO,NSE,STO,157866,,SBICARD,,2026-03-30,2026-03-30,820.0,CE,SBICARD26MAR820CE,8.0,8.0,8.0,8.0,8.0,67.45,789.25,15.15,800,800,1,662400.0,1,F1,800,,,,,
2026-02-18,2026-02-18,FO,NSE,STO,157812,,SBICARD,,2026-02-24,2026-02-24,910.0,CE,SBICARD26FEB910CE,0.1,0.4,0.1,0.3,0.3,0.15,789.25,0.05,26400,4000,30,21846960.0,23,F1,800,,,,,
2026-02-18,2026-02-18,FO,NSE,STO,166941,,SBICARD,,2026-03-30,2026-03-30,870.0,PE,SBICARD26MAR870PE,102.0,106.35,102.0,106.35,106.35,99.85,789.25,106.35,4800,4800,6,4670680.0,3,F1,800,,,,,
2026-02-18,2026-02-18,FO,NSE,STO,132991,,SBICARD,,2026-02-24,2026-02-24,840.0,CE,SBICARD26FEB840CE,0.55,1.65,0.55,0.7,0.65,0.65,789.25,0.7,358400,36800,476,320291000.0,395,F1,800,,,,,
2026-02-18,2026-02-18,FO,NSE,STO,157877,,SBICARD,,2026-03-30,2026-03-30,920.0,PE,SBICARD26MAR920PE,0.0,0.0,0.0,156.5,156.5,156.5,789.25,126.2,6400,0,0,0.0,0,F1,800,,,,,
2026-02-18,2026-02-18,FO,NSE,STO,166937,,SBICARD,,2026-03-30,2026-03-30,830.0,PE,SBICARD26MAR830PE,68.0,69.0,68.0,68.45,68.45,86.0,789.25,68.45,3200,2400,3,2156360.0,3,F1,800,,,,,
2026-02-18,2026-02-18,FO,NSE,STO,166989,,SBICARD,,2026-04-28,2026-04-28,740.0,PE,SBICARD26APR740PE,0.0,0.0,0.0,26.2,0.0,26.2,789.25,11.65,0,0,0,0.0,0,F1,800,,,,,
2026-02-18,2026-02-18,FO,NSE,STO,166922,,SBICARD,,2026-03-30,2026-03-30,690.0,CE,SBICARD26MAR690CE,0.0,0.0,0.0,95.65,0.0,95.65,789.25,104.45,0,0,0,0.0,0,F1,800,,,,,
2026-02-18,2026-02-18,FO,NSE,STO,132917,,SBICARD,,2026-02-24,2026-02-24,600.0,PE,SBICARD26FEB600PE,0.0,0.0,0.0,0.15,0.0,0.15,789.25,0.05,0,0,0,0.0,0,F1,800,,,,,
2026-02-18,2026-02-18,FO,NSE,STO,133021,,SBICARD,,2026-02-24,2026-02-24,1000.0,CE,SBICARD26FEB1000CE,0.1,0.1,0.05,0.05,0.05,0.1,789.25,0.05,281600,-25600,58,46404480.0,25,F1,800,,,,,
2026-02-18,2026-02-18,FO,NSE,STO,166984,,SBICARD,,2026-04-28,2026-04-28,700.0,CE,SBICARD26APR700CE,0.0,0.0,0.0,95.65,0.0,95.65,789.25,100.75,0,0,0,0.0,0,F1,800,,,,,
2026-02-18,2026-02-18,FO,NSE,STO,132997,,SBICARD,,2026-02-24,2026-02-24,900.0,CE,SBICARD26FEB900CE,0.2,0.45,0.15,0.25,0.25,0.2,789.25,0.25,749600,291200,729,525096160.0,329,F1,800,,,,,
2026-02-18,2026-02-18,FO,NSE,STO,132999,,SBICARD,,2026-02-24,2026-02-24,920.0,CE,SBICARD26FEB920CE,0.2,0.35,0.15,0.15,0.15,0.25,789.25,0.15,168000,-4800,86,63311360.0,78,F1,800,,,,,
2026-02-18,2026-02-18,FO,NSE,STO,157818,,SBICARD,,2026-02-24,2026-02-24,970.0,CE,SBICARD26FEB970CE,0.0,0.0,0.0,0.5,0.5,0.5,789.25,0.05,23200,0,0,0.0,0,F1,800,,,,,
2026-02-18,2026-02-18,FO,NSE,STO,133000,,SBICARD,,2026-02-24,2026-02-24,920.0,PE,SBICARD26FEB920PE,138.95,138.95,138.1,138.1,138.1,164.95,789.25,138.1,7200,0,4,3387960.0,2,F1,800,,,,,
2026-02-18,2026-02-18,FO,NSE,STO,157793,,SBICARD,,2026-02-24,2026-02-24,710.0,PE,SBICARD26FEB710PE,0.6,0.6,0.4,0.45,0.5,0.8,789.25,0.45,118400,-3200,42,23871520.0,30,F1,800,,,,,
2026-02-18,2026-02-18,FO,NSE,STO,132919,,SBICARD,,2026-02-24,2026-02-24,620.0,PE,SBICARD26FEB620PE,0.0,0.0,0.0,0.3,0.0,0.3,789.25,0.05,0,0,0,0.0,0,F1,800,,,,,
2026-02-18,2026-02-18,FO,NSE,STO,166979,,SBICARD,,2026-04-28,2026-04-28,640.0,PE,SBICARD26APR640PE,0.0,0.0,0.0,4.1,0.0,4.1,789.25,0.55,0,0,0,0.0,0,F1,800,,,,,
2026-02-18,2026-02-18,FO,NSE,STO,157865,,SBICARD,,2026-03-30,2026-03-30,800.0,PE,SBICARD26MAR800PE,40.0,47.15,38.85,45.95,47.0,51.65,789.25,45.95,148000,37600,113,76213480.0,111,F1,800,,,,,
2026-02-18,2026-02-18,FO,NSE,STO,157861,,SBICARD,,2026-03-30,2026-03-30,760.0,PE,SBICARD26MAR760PE,17.05,22.4,17.0,21.9,22.0,22.0,789.25,21.9,65600,34400,82,51179480.0,77,F1,800,,,,,
2026-02-18,2026-02-18,FO,NSE,STO,157857,,SBICARD,,2026-03-30,2026-03-30,720.0,PE,SBICARD26MAR720PE,6.5,8.35,6.5,8.3,8.3,9.45,789.25,8.3,70400,21600,73,42486560.0,58,F1,800,,,,,
2026-02-18,2026-02-18,FO,NSE,STO,132981,,SBICARD,,2026-02-24,2026-02-24,740.0,CE,SBICARD26FEB740CE,40.95,49.95,38.3,40.9,40.8,30.75,789.25,40.9,78400,-4800,61,38202000.0,58,F1,800,,,,,
2026-02-18,2026-02-18,FO,NSE,STO,157872,,SBICARD,,2026-03-30,2026-03-30,880.0,CE,SBICARD26MAR880CE,0.0,0.0,0.0,10.6,10.6,10.6,789.25,3.35,800,0,0,0.0,0,F1,800,,,,,
2026-02-18,2026-02-18,FO,NSE,STO,157806,,SBICARD,,2026-02-24,2026-02-24,850.0,CE,SBICARD26FEB850CE,0.8,1.3,0.5,0.55,0.55,0.5,789.25,0.55,477600,41600,394,268169240.0,251,F1,800,,,,,
2026-02-18,2026-02-18,FO,NSE,STO,157816,,SBICARD,,2026-02-24,2026-02-24,950.0,CE,SBICARD26FEB950CE,0.15,0.15,0.05,0.1,0.1,0.1,789.25,0.1,70400,-8000,16,12161000.0,10,F1,800,,,,,
2026-02-18,2026-02-18,FO,NSE,STO,157848,,SBICARD,,2026-03-30,2026-03-30,640.0,CE,SBICARD26MAR640CE,0.0,0.0,0.0,213.75,0.0,213.75,789.25,153.15,0,0,0,0.0,0,F1,800,,,,,
2026-02-18,2026-02-18,FO,NSE,STO,166918,,SBICARD,,2026-03-30,2026-03-30,650.0,CE,SBICARD26MAR650CE,0.0,0.0,0.0,130.4,0.0,130.4,789.25,143.3,0,0,0,0.0,0,F1,800,,,,,
2026-02-18,2026-02-18,FO,NSE,STO,166988,,SBICARD,,2026-04-28,2026-04-28,740.0,CE,SBICARD26APR740CE,0.0,0.0,0.0,68.5,0.0,68.5,789.25,68.55,0,0,0,0.0,0,F1,800,,,,,
2026-02-18,2026-02-18,FO,NSE,STO,166992,,SBICARD,,2026-04-28,2026-04-28,780.0,CE,SBICARD26APR780CE,0.0,0.0,0.0,46.8,0.0,46.8,789.25,42.7,0,0,0,0.0,0,F1,800,,,,,
2026-02-18,2026-02-18,FO,NSE,STO,167000,,SBICARD,,2026-04-28,2026-04-28,860.0,CE,SBICARD26APR860CE,0.0,0.0,0.0,19.05,0.0,19.05,789.25,12.4,0,0,0,0.0,0,F1,800,,,,,
2026-02-18,2026-02-18,FO,NSE,STO,132974,,SBICARD,,2026-02-24,2026-02-24,660.0,PE,SBICARD26FEB660PE,0.15,0.15,0.1,0.1,0.1,0.1,789.25,0.05,407200,-12800,20,10562280.0,14,F1,800,,,,,
2026-02-18,2026-02-18,FO,NSE,STO,132988,,SBICARD,,2026-02-24,2026-02-24,800.0,PE,SBICARD26FEB800PE,23.0,26.6,18.3,22.25,25.05,33.05,789.25,22.25,244800,-17600,302,198581760.0,289,F1,800,,,,,
2026-02-18,2026-02-18,FO,NSE,STO,157845,,SBICARD,,2026-03-30,2026-03-30,600.0,PE,SBICARD26MAR600PE,0.0,0.0,0.0,0.25,0.0,0.25,789.25,0.05,0,0,0,0.0,0,F1,800,,,,,
2026-02-18,2026-02-18,FO,NSE,STO,157813,,SBICARD,,2026-02-24,2026-02-24,910.0,PE,SBICARD26FEB910PE,0.0,0.0,0.0,125.0,125.0,125.0,789.25,119.95,800,0,0,0.0,0,F1,800,,,,,
2026-02-18,2026-02-18,FO,NSE,STO,166997,,SBICARD,,2026-04-28,2026-04-28,820.0,PE,SBICARD26APR820PE,0.0,0.0,0.0,66.95,0.0,66.95,789.25,46.45,0,0,0,0.0,0,F1,800,,,,,
2026-02-18,2026-02-18,FO,NSE,STO,157800,,SBICARD,,2026-02-24,2026-02-24,790.0,CE,SBICARD26FEB790CE,5.8,11.9,3.85,6.05,5.45,4.2,789.25,6.05,696800,176000,4319,2757259160.0,3613,F1,800,,,,,
2026-02-18,2026-02-18,FO,NSE,STO,157802,,SBICARD,,2026-02-24,2026-02-24,810.0,CE,SBICARD26FEB810CE,2.55,5.25,1.9,2.15,1.95,1.7,789.25,2.15,564800,55200,2715,1766540000.0,2232,F1,800,,,,,
2026-02-18,2026-02-18,FO,NSE,STO,167007,,SBICARD,,2026-04-28,2026-04-28,920.0,PE,SBICARD26APR920PE,0.0,0.0,0.0,143.55,0.0,143.55,789.25,125.05,0,0,0,0.0,0,F1,800,,,,,
2026-02-18,2026-02-18,FO,NSE,STO,166975,,SBICARD,,2026-04-28,2026-04-28,600.0,PE,SBICARD26APR600PE,0.0,0.0,0.0,1.45,0.0,1.45,789.25,0.1,0,0,0,0.0,0,F1,800,,,,,
2026-02-18,2026-02-18,FO,NSE,STO,157847,,SBICARD,,2026-03-30,2026-03-30,620.0,PE,SBICARD26MAR620PE,0.0,0.0,0.0,0.5,0.0,0.5,789.25,0.05,0,0,0,0.0,0,F1,800,,,,,
2026-02-18,2026-02-18,FO,NSE,STO,157809,,SBICARD,,2026-02-24,2026-02-24,870.0,PE,SBICARD26FEB870PE,89.0,89.0,87.0,87.0,87.0,115.0,789.25,79.95,11200,-4000,9,6894960.0,3,F1,800,,,,,
2026-02-18,2026-02-18,FO,NSE,STO,157803,,SBICARD,,2026-02-24,2026-02-24,810.0,PE,SBICARD26FEB810PE,28.4,33.55,25.75,32.0,32.0,42.15,789.25,32.0,20000,-2400,31,20834920.0,31,F1,800,,,,,
2026-02-18,2026-02-18,FO,NSE,STO,132978,,SBICARD,,2026-02-24,2026-02-24,700.0,PE,SBICARD26FEB700PE,0.45,0.5,0.3,0.35,0.3,0.6,789.25,0.35,242400,-37600,106,59391520.0,85,F1,800,,,,,
2026-02-18,2026-02-18,FO,NSE,STO,157864,,SBICARD,,2026-03-30,2026-03-30,800.0,CE,SBICARD26MAR800CE,10.25,16.5,8.25,11.65,11.45,10.3,789.25,11.65,452000,108800,1097,714018960.0,877,F1,800,,,,,
2026-02-18,2026-02-18,FO,NSE,STO,132987,,SBICARD,,2026-02-24,2026-02-24,800.0,CE,SBICARD26FEB800CE,4.0,8.2,3.25,3.65,3.25,2.65,789.25,3.65,1443200,225600,10201,6573806320.0,7863,F1,800,,,,,
2026-02-18,2026-02-18,FO,NSE,STO,132977,,SBICARD,,2026-02-24,2026-02-24,700.0,CE,SBICARD26FEB700CE,88.1,88.1,83.0,83.0,83.0,68.9,789.25,89.9,48800,-800,2,1256880.0,2,F1,800,,,,,
2026-02-18,2026-02-18,FO,NSE,STO,157871,,SBICARD,,2026-03-30,2026-03-30,860.0,PE,SBICARD26MAR860PE,0.0,0.0,0.0,102.0,102.0,102.0,789.25,71.4,26400,0,0,0.0,0,F1,800,,,,,
2026-02-18,2026-02-18,FO,NSE,STO,166935,,SBICARD,,2026-03-30,2026-03-30,810.0,PE,SBICARD26MAR810PE,0.0,0.0,0.0,55.45,0.0,55.45,789.25,34.6,0,0,0,0.0,0,F1,800,,,,,
2026-02-18,2026-02-18,FO,NSE,STO,166923,,SBICARD,,2026-03-30,2026-03-30,690.0,PE,SBICARD26MAR690PE,0.0,0.0,0.0,7.45,0.0,7.45,789.25,1.05,0,0,0,0.0,0,F1,800,,,,,
2026-02-18,2026-02-18,FO,NSE,STO,157851,,SBICARD,,2026-03-30,2026-03-30,660.0,PE,SBICARD26MAR660PE,0.0,0.0,0.0,1.55,0.0,1.55,789.25,0.25,0,0,0,0.0,0,F1,800,,,,,
2026-02-18,2026-02-18,FO,NSE,STO,163658,,TORNTPHARM,,2026-02-24,2026-02-24,4840.0,CE,TORNTPHARM26FEB4840CE,0.0,0.0,0.0,1.45,0.0,1.45,4210.8,0.05,0,0,0,0.0,0,F1,250,,,,,
2026-02-18,2026-02-18,FO,NSE,STO,163718,,TORNTPHARM,,2026-03-30,2026-03-30,3560.0,CE,TORNTPHARM26MAR3560CE,0.0,0.0,0.0,380.6,0.0,380.6,4210.8,672.85,0,0,0,0.0,0,F1,250,,,,,
2026-02-18,2026-02-18,FO,NSE,STO,163734,,TORNTPHARM,,2026-03-30,2026-03-30,3880.0,CE,TORNTPHARM26MAR3880CE,0.0,0.0,0.0,188.75,0.0,188.75,4210.8,368.95,0,0,0,0.0,0,F1,250,,,,,
2026-02-18,2026-02-18,FO,NSE,STO,170726,,TORNTPHARM,,2026-03-30,2026-03-30,3940.0,CE,TORNTPHARM26MAR3940CE,0.0,0.0,0.0,116.75,116.75,116.75,4210.8,317.5,1000,0,0,0.0,0,F1,250,,,,,
2026-02-18,2026-02-18,FO,NSE,STO,163764,,TORNTPHARM,,2026-03-30,2026-03-30,4480.0,CE,TORNTPHARM26MAR4480CE,0.0,0.0,0.0,31.05,0.0,31.05,4210.8,37.65,0,0,0,0.0,0,F1,250,,,,,
2026-02-18,2026-02-18,FO,NSE,STO,170850,,TORNTPHARM,,2026-04-28,2026-04-28,4280.0,CE,TORNTPHARM26APR4280CE,0.0,0.0,0.0,117.65,0.0,117.65,4210.8,144.75,0,0,0,0.0,0,F1,250,,,,,
2026-02-18,2026-02-18,FO,NSE,STO,170852,,TORNTPHARM,,2026-04-28,2026-04-28,4320.0,CE,TORNTPHARM26APR4320CE,0.0,0.0,0.0,105.75,0.0,105.75,4210.8,127.5,0,0,0,0.0,0,F1,250,,,,,
2026-02-18,2026-02-18,FO,NSE,STF,67030,,TORNTPHARM,,2026-04-28,2026-04-28,,,TORNTPHARM26APRFUT,4238.7,4238.7,4224.8,4226.2,4225.0,4261.3,4210.8,4226.2,7500,2750,12,12678625.0,7,F1,250,,,,,
2026-02-18,2026-02-18,FO,NSE,STO,170865,,TORNTPHARM,,2026-04-28,2026-04-28,4560.0,PE,TORNTPHARM26APR4560PE,0.0,0.0,0.0,545.8,0.0,545.8,4210.8,355.85,0,0,0,0.0,0,F1,250,,,,,
2026-02-18,2026-02-18,FO,NSE,STO,170853,,TORNTPHARM,,2026-04-28,2026-04-28,4320.0,PE,TORNTPHARM26APR4320PE,0.0,0.0,0.0,362.15,0.0,362.15,4210.8,192.0,0,0,0,0.0,0,F1,250,,,,,
2026-02-18,2026-02-18,FO,NSE,STO,170847,,TORNTPHARM,,2026-04-28,2026-04-28,4200.0,PE,TORNTPHARM26APR4200PE,0.0,0.0,0.0,282.95,0.0,282.95,4210.8,129.85,0,0,0,0.0,0,F1,250,,,,,
2026-02-18,2026-02-18,FO,NSE,STO,170837,,TORNTPHARM,,2026-04-28,2026-04-28,4000.0,PE,TORNTPHARM26APR4000PE,0.0,0.0,0.0,173.55,0.0,173.55,4210.8,57.8,0,0,0,0.0,0,F1,250,,,,,
2026-02-18,2026-02-18,FO,NSE,STO,170755,,TORNTPHARM,,2026-03-30,2026-03-30,4500.0,PE,TORNTPHARM26MAR4500PE,0.0,0.0,0.0,490.75,0.0,490.75,4210.8,295.9,0,0,0,0.0,0,F1,250,,,,,
2026-02-18,2026-02-18,FO,NSE,STO,170723,,TORNTPHARM,,2026-03-30,2026-03-30,3860.0,PE,TORNTPHARM26MAR3860PE,0.0,0.0,0.0,90.1,0.0,90.1,4210.8,12.65,0,0,0,0.0,0,F1,250,,,,,
2026-02-18,2026-02-18,FO,NSE,STO,163725,,TORNTPHARM,,2026-03-30,2026-03-30,3680.0,PE,TORNTPHARM26MAR3680PE,0.0,0.0,0.0,102.25,0.0,102.25,4210.8,2.45,0,0,0,0.0,0,F1,250,,,,,
2026-02-18,2026-02-18,FO,NSE,STO,145252,,TORNTPHARM,,2026-02-24,2026-02-24,4600.0,PE,TORNTPHARM26FEB4600PE,0.0,0.0,0.0,802.9,0.0,802.9,4210.8,385.05,0,0,0,0.0,0,F1,250,,,,,
2026-02-18,2026-02-18,FO,NSE,STO,163623,,TORNTPHARM,,2026-02-24,2026-02-24,4240.0,PE,TORNTPHARM26FEB4240PE,55.0,84.25,47.95,62.1,59.85,63.45,4210.8,62.1,15250,-5250,190,204428737.5,179,F1,250,,,,,
2026-02-18,2026-02-18,FO,NSE,STO,163607,,TORNTPHARM,,2026-02-24,2026-02-24,4040.0,PE,TORNTPHARM26FEB4040PE,7.55,8.55,4.3,4.45,4.5,8.2,4210.8,4.45,55250,0,62,62719200.0,41,F1,250,,,,,
2026-02-18,2026-02-18,FO,NSE,STO,145240,,TORNTPHARM,,2026-02-24,2026-02-24,4000.0,PE,TORNTPHARM26FEB4000PE,4.95,5.9,2.7,2.8,3.0,5.6,4210.8,2.8,98500,-10500,276,276271600.0,226,F1,250,,,,,
2026-02-18,2026-02-18,FO,NSE,STO,163601,,TORNTPHARM,,2026-02-24,2026-02-24,3960.0,PE,TORNTPHARM26FEB3960PE,0.0,0.0,0.0,6.75,6.75,6.75,4210.8,0.45,16250,0,0,0.0,0,F1,250,,,,,
2026-02-18,2026-02-18,FO,NSE,STO,163599,,TORNTPHARM,,2026-02-24,2026-02-24,3940.0,PE,TORNTPHARM26FEB3940PE,2.0,2.0,1.85,1.95,1.85,4.45,4210.8,1.95,13000,-750,3,2956462.5,2,F1,250,,,,,
2026-02-18,2026-02-18,FO,NSE,STO,163587,,TORNTPHARM,,2026-02-24,2026-02-24,3780.0,PE,TORNTPHARM26FEB3780PE,1.0,1.4,0.1,0.1,0.1,1.75,4210.8,0.1,4000,-250,6,5671300.0,6,F1,250,,,,,
2026-02-18,2026-02-18,FO,NSE,STO,163573,,TORNTPHARM,,2026-02-24,2026-02-24,3620.0,PE,TORNTPHARM26FEB3620PE,0.0,0.0,0.0,24.8,24.8,24.8,4210.8,0.05,1000,0,0,0.0,0,F1,250,,,,,
2026-02-18,2026-02-18,FO,NSE,STO,170858,,TORNTPHARM,,2026-04-28,2026-04-28,4440.0,CE,TORNTPHARM26APR4440CE,0.0,0.0,0.0,75.85,0.0,75.85,4210.8,84.65,0,0,0,0.0,0,F1,250,,,,,
2026-02-18,2026-02-18,FO,NSE,STO,170856,,TORNTPHARM,,2026-04-28,2026-04-28,4400.0,CE,TORNTPHARM26APR4400CE,0.0,0.0,0.0,84.95,0.0,84.95,4210.8,97.5,0,0,0,0.0,0,F1,250,,,,,
2026-02-18,2026-02-18,FO,NSE,STO,145239,,TORNTPHARM,,2026-02-24,2026-02-24,4000.0,CE,TORNTPHARM26FEB4000CE,229.45,238.0,195.2,215.0,215.0,243.05,4210.8,215.0,46250,-4000,28,29486725.0,26,F1,250,,,,,
2026-02-18,2026-02-18,FO,NSE,STO,163622,,TORNTPHARM,,2026-02-24,2026-02-24,4240.0,CE,TORNTPHARM26FEB4240CE,66.0,66.0,28.8,37.6,36.85,62.05,4210.8,37.6,55000,3000,679,726783887.5,659,F1,250,,,,,
2026-02-18,2026-02-18,FO,NSE,STO,170720,,TORNTPHARM,,2026-03-30,2026-03-30,3820.0,CE,TORNTPHARM26MAR3820CE,0.0,0.0,0.0,294.25,0.0,294.25,4210.8,422.9,0,0,0,0.0,0,F1,250,,,,,
2026-02-18,2026-02-18,FO,NSE,STO,170728,,TORNTPHARM,,2026-03-30,2026-03-30,3980.0,CE,TORNTPHARM26MAR3980CE,0.0,0.0,0.0,197.55,0.0,197.55,4210.8,284.9,0,0,0,0.0,0,F1,250,,,,,
2026-02-18,2026-02-18,FO,NSE,STO,170738,,TORNTPHARM,,2026-03-30,2026-03-30,4180.0,CE,TORNTPHARM26MAR4180CE,0.0,0.0,0.0,110.0,0.0,110.0,4210.8,148.4,0,0,0,0.0,0,F1,250,,,,,
2026-02-18,2026-02-18,FO,NSE,STO,163768,,TORNTPHARM,,2026-03-30,2026-03-30,4560.0,CE,TORNTPHARM26MAR4560CE,21.0,23.0,21.0,22.45,21.95,38.0,4210.8,22.45,13000,0,7,8018325.0,6,F1,250,,,,,
2026-02-18,2026-02-18,FO,NSE,STO,170762,,TORNTPHARM,,2026-03-30,2026-03-30,4660.0,CE,TORNTPHARM26MAR4660CE,0.0,0.0,0.0,18.2,0.0,18.2,4210.8,13.0,0,0,0,0.0,0,F1,250,,,,,
2026-02-18,2026-02-18,FO,NSE,STO,44398,,TORNTPHARM,,2026-03-30,2026-03-30,4680.0,CE,TORNTPHARM26MAR4680CE,0.0,0.0,0.0,43.0,0.0,43.0,4210.8,11.4,0,0,0,0.0,0,F1,250,,,,,
2026-02-18,2026-02-18,FO,NSE,STO,163595,,TORNTPHARM,,2026-02-24,2026-02-24,3880.0,PE,TORNTPHARM26FEB3880PE,0.0,0.0,0.0,2.45,2.4,2.45,4210.8,0.05,10000,0,0,0.0,0,F1,250,,,,,
2026-02-18,2026-02-18,FO,NSE,STO,145242,,TORNTPHARM,,2026-02-24,2026-02-24,4100.0,PE,TORNTPHARM26FEB4100PE,13.15,20.0,9.2,10.45,10.65,15.55,4210.8,10.45,77000,-12250,914,940016787.5,794,F1,250,,,,,
2026-02-18,2026-02-18,FO,NSE,STO,145244,,TORNTPHARM,,2026-02-24,2026-02-24,4200.0,PE,TORNTPHARM26FEB4200PE,44.2,60.9,30.15,40.95,39.65,43.75,4210.8,40.95,51250,6750,1249,1325527387.5,1117,F1,250,,,,,
2026-02-18,2026-02-18,FO,NSE,STO,163631,,TORNTPHARM,,2026-02-24,2026-02-24,4340.0,PE,TORNTPHARM26FEB4340PE,0.0,0.0,0.0,499.9,0.0,499.9,4210.8,133.85,0,0,0,0.0,0,F1,250,,,,,
2026-02-18,2026-02-18,FO,NSE,STO,145248,,TORNTPHARM,,2026-02-24,2026-02-24,4400.0,PE,TORNTPHARM26FEB4400PE,220.25,220.25,195.0,195.0,195.0,178.75,4210.8,188.2,1750,250,3,3458312.5,3,F1,250,,,,,
2026-02-18,2026-02-18,FO,NSE,STO,163653,,TORNTPHARM,,2026-02-24,2026-02-24,4680.0,PE,TORNTPHARM26FEB4680PE,0.0,0.0,0.0,818.45,0.0,818.45,4210.8,464.95,0,0,0,0.0,0,F1,250,,,,,
2026-02-18,2026-02-18,FO,NSE,STO,44390,,TORNTPHARM,,2026-02-24,2026-02-24,4700.0,PE,TORNTPHARM26FEB4700PE,0.0,0.0,0.0,685.8,0.0,685.8,4210.8,484.95,0,0,0,0.0,0,F1,250,,,,,
2026-02-18,2026-02-18,FO,NSE,STO,163717,,TORNTPHARM,,2026-03-30,2026-03-30,3520.0,PE,TORNTPHARM26MAR3520PE,0.0,0.0,0.0,55.85,0.0,55.85,4210.8,0.4,0,0,0,0.0,0,F1,250,,,,,
2026-02-18,2026-02-18,FO,NSE,STO,163729,,TORNTPHARM,,2026-03-30,2026-03-30,3760.0,PE,TORNTPHARM26MAR3760PE,0.0,0.0,0.0,133.05,0.0,133.05,4210.8,5.4,0,0,0,0.0,0,F1,250,,,,,
2026-02-18,2026-02-18,FO,NSE,STO,163731,,TORNTPHARM,,2026-03-30,2026-03-30,3800.0,PE,TORNTPHARM26MAR3800PE,20.0,21.0,16.7,16.7,16.7,150.45,4210.8,16.7,6250,6250,26,24830612.5,23,F1,250,,,,,
2026-02-18,2026-02-18,FO,NSE,STO,163741,,TORNTPHARM,,2026-03-30,2026-03-30,4000.0,PE,TORNTPHARM26MAR4000PE,42.0,51.0,40.55,42.7,44.3,48.5,4210.8,42.7,17000,4000,54,54617487.5,49,F1,250,,,,,
2026-02-18,2026-02-18,FO,NSE,STO,163745,,TORNTPHARM,,2026-03-30,2026-03-30,4080.0,PE,TORNTPHARM26MAR4080PE,60.5,73.65,60.5,73.65,73.65,67.6,4210.8,55.3,1250,-250,2,2073537.5,2,F1,250,,,,,
2026-02-18,2026-02-18,FO,NSE,STO,170741,,TORNTPHARM,,2026-03-30,2026-03-30,4220.0,PE,TORNTPHARM26MAR4220PE,0.0,0.0,0.0,275.15,0.0,275.15,4210.8,111.0,0,0,0,0.0,0,F1,250,,,,,
2026-02-18,2026-02-18,FO,NSE,STO,44394,,TORNTPHARM,,2026-03-30,2026-03-30,4700.0,PE,TORNTPHARM26MAR4700PE,0.0,0.0,0.0,669.2,0.0,669.2,4210.8,470.95,0,0,0,0.0,0,F1,250,,,,,
2026-02-18,2026-02-18,FO,NSE,STO,163562,,TORNTPHARM,,2026-02-24,2026-02-24,3480.0,CE,TORNTPHARM26FEB3480CE,0.0,0.0,0.0,401.0,0.0,401.0,4210.8,733.95,0,0,0,0.0,0,F1,250,,,,,
2026-02-18,2026-02-18,FO,NSE,STO,163580,,TORNTPHARM,,2026-02-24,2026-02-24,3720.0,CE,TORNTPHARM26FEB3720CE,0.0,0.0,0.0,262.8,262.8,262.8,4210.8,494.15,750,0,0,0.0,0,F1,250,,,,,
2026-02-18,2026-02-18,FO,NSE,STO,163588,,TORNTPHARM,,2026-02-24,2026-02-24,3820.0,CE,TORNTPHARM26FEB3820CE,0.0,0.0,0.0,167.8,0.0,167.8,4210.8,394.25,0,0,0,0.0,0,F1,250,,,,,
2026-02-18,2026-02-18,FO,NSE,STO,145241,,TORNTPHARM,,2026-02-24,2026-02-24,4100.0,CE,TORNTPHARM26FEB4100CE,151.5,165.95,100.0,124.0,123.0,154.15,4210.8,124.0,61500,-9000,82,86549237.5,70,F1,250,,,,,
2026-02-18,2026-02-18,FO,NSE,STO,145243,,TORNTPHARM,,2026-02-24,2026-02-24,4200.0,CE,TORNTPHARM26FEB4200CE,82.0,89.95,43.3,56.5,54.25,82.85,4210.8,56.5,58500,-5750,1114,1184572237.5,976,F1,250,,,,,
2026-02-18,2026-02-18,FO,NSE,STO,163624,,TORNTPHARM,,2026-02-24,2026-02-24,4260.0,CE,TORNTPHARM26FEB4260CE,54.0,55.75,23.3,30.7,30.9,54.0,4210.8,30.7,63500,-22250,1239,1330030162.5,1111,F1,250,,,,,
2026-02-18,2026-02-18,FO,NSE,STO,145245,,TORNTPHARM,,2026-02-24,2026-02-24,4300.0,CE,TORNTPHARM26FEB4300CE,30.0,40.3,15.25,20.3,19.55,38.25,4210.8,20.3,128250,-41000,1774,1918099450.0,1536,F1,250,,,,,
2026-02-18,2026-02-18,FO,NSE,STO,145249,,TORNTPHARM,,2026-02-24,2026-02-24,4500.0,CE,TORNTPHARM26FEB4500CE,5.25,5.7,2.8,3.35,3.35,6.8,4210.8,3.35,12250,250,77,86695137.5,70,F1,250,,,,,
2026-02-18,2026-02-18,FO,NSE,STO,163646,,TORNTPHARM,,2026-02-24,2026-02-24,4540.0,CE,TORNTPHARM26FEB4540CE,3.0,3.0,2.05,2.2,2.2,5.1,4210.8,0.1,6000,3500,26,29528400.0,12,F1,250,,,,,
2026-02-18,2026-02-18,FO,NSE,STO,170844,,TORNTPHARM,,2026-04-28,2026-04-28,4160.0,CE,TORNTPHARM26APR4160CE,0.0,0.0,0.0,159.85,0.0,159.85,4210.8,206.15,0,0,0,0.0,0,F1,250,,,,,
2026-02-18,2026-02-18,FO,NSE,STO,170870,,TORNTPHARM,,2026-04-28,2026-04-28,4680.0,CE,TORNTPHARM26APR4680CE,0.0,0.0,0.0,36.4,0.0,36.4,4210.8,32.85,0,0,0,0.0,0,F1,250,,,,,
2026-02-18,2026-02-18,FO,NSE,STO,170876,,TORNTPHARM,,2026-04-28,2026-04-28,4880.0,CE,TORNTPHARM26APR4880CE,0.0,0.0,0.0,18.6,0.0,18.6,4210.8,13.15,0,0,0,0.0,0,F1,250,,,,,
2026-02-18,2026-02-18,FO,NSE,STO,163565,,TORNTPHARM,,2026-02-24,2026-02-24,3520.0,PE,TORNTPHARM26FEB3520PE,0.5,0.5,0.5,0.5,0.5,1.5,4210.8,0.05,4750,-250,1,880125.0,1,F1,250,,,,,
2026-02-18,2026-02-18,FO,NSE,STO,145237,,TORNTPHARM,,2026-02-24,2026-02-24,3900.0,CE,TORNTPHARM26FEB3900CE,289.0,289.0,289.0,289.0,289.0,340.5,4210.8,314.4,12250,-250,1,1047250.0,1,F1,250,,,,,
2026-02-18,2026-02-18,FO,NSE,STO,163642,,TORNTPHARM,,2026-02-24,2026-02-24,4480.0,CE,TORNTPHARM26FEB4480CE,6.0,8.15,2.75,3.75,3.5,7.9,4210.8,3.75,19750,-3750,147,164800787.5,119,F1,250,,,,,
2026-02-18,2026-02-18,FO,NSE,STO,163714,,TORNTPHARM,,2026-03-30,2026-03-30,3480.0,CE,TORNTPHARM26MAR3480CE,0.0,0.0,0.0,440.75,0.0,440.75,4210.8,751.95,0,0,0,0.0,0,F1,250,,,,,
2026-02-18,2026-02-18,FO,NSE,STO,163716,,TORNTPHARM,,2026-03-30,2026-03-30,3520.0,CE,TORNTPHARM26MAR3520CE,0.0,0.0,0.0,410.05,0.0,410.05,4210.8,712.35,0,0,0,0.0,0,F1,250,,,,,
2026-02-18,2026-02-18,FO,NSE,STO,145238,,TORNTPHARM,,2026-02-24,2026-02-24,3900.0,PE,TORNTPHARM26FEB3900PE,2.7,2.7,1.35,1.35,1.35,2.7,4210.8,1.35,30000,-3500,39,38044212.5,33,F1,250,,,,,
2026-02-18,2026-02-18,FO,NSE,STO,170832,,TORNTPHARM,,2026-04-28,2026-04-28,3920.0,CE,TORNTPHARM26APR3920CE,0.0,0.0,0.0,275.7,0.0,275.7,4210.8,370.55,0,0,0,0.0,0,F1,250,,,,,
2026-02-18,2026-02-18,FO,NSE,STO,170843,,TORNTPHARM,,2026-04-28,2026-04-28,4120.0,PE,TORNTPHARM26APR4120PE,0.0,0.0,0.0,235.65,0.0,235.65,4210.8,96.35,0,0,0,0.0,0,F1,250,,,,,
2026-02-18,2026-02-18,FO,NSE,STO,170825,,TORNTPHARM,,2026-04-28,2026-04-28,3760.0,PE,TORNTPHARM26APR3760PE,0.0,0.0,0.0,82.5,0.0,82.5,4210.8,15.85,0,0,0,0.0,0,F1,250,,,,,
2026-02-18,2026-02-18,FO,NSE,STO,163759,,TORNTPHARM,,2026-03-30,2026-03-30,4360.0,PE,TORNTPHARM26MAR4360PE,0.0,0.0,0.0,520.15,0.0,520.15,4210.8,192.2,0,0,0,0.0,0,F1,250,,,,,
2026-02-18,2026-02-18,FO,NSE,STO,163757,,TORNTPHARM,,2026-03-30,2026-03-30,4320.0,PE,TORNTPHARM26MAR4320PE,0.0,0.0,0.0,487.3,0.0,487.3,4210.8,166.5,0,0,0,0.0,0,F1,250,,,,,
2026-02-18,2026-02-18,FO,NSE,STO,163733,,TORNTPHARM,,2026-03-30,2026-03-30,3840.0,PE,TORNTPHARM26MAR3840PE,0.0,0.0,0.0,100.05,100.05,100.05,4210.8,10.8,250,0,0,0.0,0,F1,250,,,,,
2026-02-18,2026-02-18,FO,NSE,STO,170715,,TORNTPHARM,,2026-03-30,2026-03-30,3700.0,PE,TORNTPHARM26MAR3700PE,14.95,14.95,11.0,11.65,11.05,19.95,4210.8,11.65,2500,0,7,6496500.0,7,F1,250,,,,,
2026-02-18,2026-02-18,FO,NSE,STO,163719,,TORNTPHARM,,2026-03-30,2026-03-30,3560.0,PE,TORNTPHARM26MAR3560PE,0.0,0.0,0.0,28.95,28.95,28.95,4210.8,0.65,500,0,0,0.0,0,F1,250,,,,,
2026-02-18,2026-02-18,FO,NSE,STO,163657,,TORNTPHARM,,2026-02-24,2026-02-24,4760.0,PE,TORNTPHARM26FEB4760PE,0.0,0.0,0.0,896.3,0.0,896.3,4210.8,544.9,0,0,0,0.0,0,F1,250,,,,,
2026-02-18,2026-02-18,FO,NSE,STO,37123,,TORNTPHARM,,2026-02-24,2026-02-24,4580.0,PE,TORNTPHARM26FEB4580PE,0.0,0.0,0.0,695.75,0.0,695.75,4210.8,365.1,0,0,0,0.0,0,F1,250,,,,,
2026-02-18,2026-02-18,FO,NSE,STO,145250,,TORNTPHARM,,2026-02-24,2026-02-24,4500.0,PE,TORNTPHARM26FEB4500PE,0.0,0.0,0.0,711.85,0.0,711.85,4210.8,285.45,0,0,0,0.0,0,F1,250,,,,,
2026-02-18,2026-02-18,FO,NSE,STO,163643,,TORNTPHARM,,2026-02-24,2026-02-24,4480.0,PE,TORNTPHARM26FEB4480PE,0.0,0.0,0.0,627.6,0.0,627.6,4210.8,265.7,0,0,0,0.0,0,F1,250,,,,,
2026-02-18,2026-02-18,FO,NSE,STO,163633,,TORNTPHARM,,2026-02-24,2026-02-24,4360.0,PE,TORNTPHARM26FEB4360PE,0.0,0.0,0.0,517.75,0.0,517.75,4210.8,151.4,0,0,0,0.0,0,F1,250,,,,,
2026-02-18,2026-02-18,FO,NSE,STO,163584,,TORNTPHARM,,2026-02-24,2026-02-24,3760.0,CE,TORNTPHARM26FEB3760CE,0.0,0.0,0.0,200.65,0.0,200.65,4210.8,454.2,0,0,0,0.0,0,F1,250,,,,,
2026-02-18,2026-02-18,FO,NSE,STO,163591,,TORNTPHARM,,2026-02-24,2026-02-24,3840.0,PE,TORNTPHARM26FEB3840PE,0.0,0.0,0.0,2.2,2.1,2.2,4210.8,0.05,7000,0,0,0.0,0,F1,250,,,,,
2026-02-18,2026-02-18,FO,NSE,STO,163569,,TORNTPHARM,,2026-02-24,2026-02-24,3560.0,PE,TORNTPHARM26FEB3560PE,0.1,0.45,0.1,0.45,0.45,1.25,4210.8,0.05,7000,-250,2,1780137.5,2,F1,250,,,,,
2026-02-18,2026-02-18,FO,NSE,STO,163722,,TORNTPHARM,,2026-03-30,2026-03-30,3640.0,CE,TORNTPHARM26MAR3640CE,0.0,0.0,0.0,324.75,0.0,324.75,4210.8,594.3,0,0,0,0.0,0,F1,250,,,,,
2026-02-18,2026-02-18,FO,NSE,STO,170722,,TORNTPHARM,,2026-03-30,2026-03-30,3860.0,CE,TORNTPHARM26MAR3860CE,0.0,0.0,0.0,267.85,0.0,267.85,4210.8,386.65,0,0,0,0.0,0,F1,250,,,,,
2026-02-18,2026-02-18,FO,NSE,STO,163772,,TORNTPHARM,,2026-03-30,2026-03-30,4720.0,CE,TORNTPHARM26MAR4720CE,0.0,0.0,0.0,12.75,0.0,12.75,4210.8,8.75,0,0,0,0.0,0,F1,250,,,,,
2026-02-18,2026-02-18,FO,NSE,STO,170840,,TORNTPHARM,,2026-04-28,2026-04-28,4080.0,CE,TORNTPHARM26APR4080CE,0.0,0.0,0.0,193.6,0.0,193.6,4210.8,255.0,0,0,0,0.0,0,F1,250,,,,,
2026-02-18,2026-02-18,FO,NSE,STO,170851,,TORNTPHARM,,2026-04-28,2026-04-28,4280.0,PE,TORNTPHARM26APR4280PE,0.0,0.0,0.0,334.75,0.0,334.75,4210.8,169.7,0,0,0,0.0,0,F1,250,,,,,
2026-02-18,2026-02-18,FO,NSE,STO,170877,,TORNTPHARM,,2026-04-28,2026-04-28,4880.0,PE,TORNTPHARM26APR4880PE,0.0,0.0,0.0,826.45,0.0,826.45,4210.8,631.85,0,0,0,0.0,0,F1,250,,,,,
2026-02-18,2026-02-18,FO,NSE,STO,170763,,TORNTPHARM,,2026-03-30,2026-03-30,4660.0,PE,TORNTPHARM26MAR4660PE,0.0,0.0,0.0,632.05,0.0,632.05,4210.8,434.15,0,0,0,0.0,0,F1,250,,,,,
2026-02-18,2026-02-18,FO,NSE,STO,163568,,TORNTPHARM,,2026-02-24,2026-02-24,3560.0,CE,TORNTPHARM26FEB3560CE,0.0,0.0,0.0,336.65,0.0,336.65,4210.8,654.0,0,0,0,0.0,0,F1,250,,,,,
2026-02-18,2026-02-18,FO,NSE,STO,145231,,TORNTPHARM,,2026-02-24,2026-02-24,3600.0,CE,TORNTPHARM26FEB3600CE,0.0,0.0,0.0,306.0,0.0,306.0,4210.8,614.05,0,0,0,0.0,0,F1,250,,,,,
2026-02-18,2026-02-18,FO,NSE,STO,145233,,TORNTPHARM,,2026-02-24,2026-02-24,3700.0,CE,TORNTPHARM26FEB3700CE,0.0,0.0,0.0,230.0,230.0,230.0,4210.8,514.15,3750,0,0,0.0,0,F1,250,,,,,
2026-02-18,2026-02-18,FO,NSE,STO,145251,,TORNTPHARM,,2026-02-24,2026-02-24,4600.0,CE,TORNTPHARM26FEB4600CE,3.15,3.15,1.1,2.0,2.0,3.3,4210.8,2.0,10250,-6500,78,89736850.0,58,F1,250,,,,,
2026-02-18,2026-02-18,FO,NSE,STO,43998,,TORNTPHARM,,2026-02-24,2026-02-24,4620.0,CE,TORNTPHARM26FEB4620CE,1.0,1.15,0.8,0.8,0.8,3.35,4210.8,0.05,1750,-1250,11,12707600.0,7,F1,250,,,,,
2026-02-18,2026-02-18,FO,NSE,STO,163654,,TORNTPHARM,,2026-02-24,2026-02-24,4720.0,CE,TORNTPHARM26FEB4720CE,0.0,0.0,0.0,3.0,0.0,3.0,4210.8,0.05,0,0,0,0.0,0,F1,250,,,,,
2026-02-18,2026-02-18,FO,NSE,STO,163712,,TORNTPHARM,,2026-03-30,2026-03-30,3440.0,CE,TORNTPHARM26MAR3440CE,0.0,0.0,0.0,472.5,0.0,472.5,4210.8,791.6,0,0,0,0.0,0,F1,250,,,,,
2026-02-18,2026-02-18,FO,NSE,STO,163726,,TORNTPHARM,,2026-03-30,2026-03-30,3720.0,CE,TORNTPHARM26MAR3720CE,0.0,0.0,0.0,414.7,414.7,414.7,4210.8,516.85,0,0,0,0.0,0,F1,250,,,,,
2026-02-18,2026-02-18,FO,NSE,STO,170716,,TORNTPHARM,,2026-03-30,2026-03-30,3740.0,CE,TORNTPHARM26MAR3740CE,0.0,0.0,0.0,351.2,0.0,351.2,4210.8,497.75,0,0,0,0.0,0,F1,250,,,,,
2026-02-18,2026-02-18,FO,NSE,STO,163740,,TORNTPHARM,,2026-03-30,2026-03-30,4000.0,CE,TORNTPHARM26MAR4000CE,278.0,293.8,249.0,259.0,259.0,320.0,4210.8,269.15,2000,500,8,8521450.0,4,F1,250,,,,,
2026-02-18,2026-02-18,FO,NSE,STO,163746,,TORNTPHARM,,2026-03-30,2026-03-30,4120.0,CE,TORNTPHARM26MAR4120CE,0.0,0.0,0.0,98.8,0.0,98.8,4210.8,184.2,0,0,0,0.0,0,F1,250,,,,,
2026-02-18,2026-02-18,FO,NSE,STO,163748,,TORNTPHARM,,2026-03-30,2026-03-30,4160.0,CE,TORNTPHARM26MAR4160CE,0.0,0.0,0.0,87.8,0.0,87.8,4210.8,159.8,0,0,0,0.0,0,F1,250,,,,,
2026-02-18,2026-02-18,FO,NSE,STO,163750,,TORNTPHARM,,2026-03-30,2026-03-30,4200.0,CE,TORNTPHARM26MAR4200CE,152.0,152.0,118.55,128.5,127.0,160.0,4210.8,128.5,19250,10250,90,97371662.5,67,F1,250,,,,,
2026-02-18,2026-02-18,FO,NSE,STO,170742,,TORNTPHARM,,2026-03-30,2026-03-30,4260.0,CE,TORNTPHARM26MAR4260CE,116.0,127.5,97.1,98.75,97.1,122.1,4210.8,98.75,6250,3750,24,26173800.0,21,F1,250,,,,,
2026-02-18,2026-02-18,FO,NSE,STO,170766,,TORNTPHARM,,2026-03-30,2026-03-30,4840.0,CE,TORNTPHARM26MAR4840CE,0.0,0.0,0.0,8.05,0.0,8.05,4210.8,3.75,0,0,0,0.0,0,F1,250,,,,,
2026-02-18,2026-02-18,FO,NSE,STO,170812,,TORNTPHARM,,2026-04-28,2026-04-28,3520.0,CE,TORNTPHARM26APR3520CE,0.0,0.0,0.0,562.65,0.0,562.65,4210.8,729.95,0,0,0,0.0,0,F1,250,,,,,
2026-02-18,2026-02-18,FO,NSE,STO,170830,,TORNTPHARM,,2026-04-28,2026-04-28,3880.0,CE,TORNTPHARM26APR3880CE,0.0,0.0,0.0,299.3,0.0,299.3,4210.8,402.75,0,0,0,0.0,0,F1,250,,,,,
2026-02-18,2026-02-18,FO,NSE,STO,170842,,TORNTPHARM,,2026-04-28,2026-04-28,4120.0,CE,TORNTPHARM26APR4120CE,0.0,0.0,0.0,176.15,0.0,176.15,4210.8,229.8,0,0,0,0.0,0,F1,250,,,,,
2026-02-18,2026-02-18,FO,NSE,STO,170868,,TORNTPHARM,,2026-04-28,2026-04-28,4640.0,CE,TORNTPHARM26APR4640CE,0.0,0.0,0.0,41.35,0.0,41.35,4210.8,38.9,0,0,0,0.0,0,F1,250,,,,,
2026-02-18,2026-02-18,FO,NSE,STO,145232,,TORNTPHARM,,2026-02-24,2026-02-24,3600.0,PE,TORNTPHARM26FEB3600PE,0.85,0.85,0.4,0.65,0.6,0.9,4210.8,0.65,10500,-750,8,7201162.5,8,F1,250,,,,,
2026-02-18,2026-02-18,FO,NSE,STO,163581,,TORNTPHARM,,2026-02-24,2026-02-24,3720.0,PE,TORNTPHARM26FEB3720PE,0.0,0.0,0.0,2.5,2.5,2.5,4210.8,0.05,3250,0,0,0.0,0,F1,250,,,,,
2026-02-18,2026-02-18,FO,NSE,STO,163593,,TORNTPHARM,,2026-02-24,2026-02-24,3860.0,PE,TORNTPHARM26FEB3860PE,1.45,1.55,0.2,0.2,0.2,2.25,4210.8,0.05,7750,-2000,14,13514800.0,7,F1,250,,,,,
2026-02-18,2026-02-18,FO,NSE,STO,163617,,TORNTPHARM,,2026-02-24,2026-02-24,4160.0,PE,TORNTPHARM26FEB4160PE,22.5,41.15,20.0,23.3,24.55,29.1,4210.8,23.3,27000,-6250,208,217986212.5,154,F1,250,,,,,
2026-02-18,2026-02-18,FO,NSE,STO,163637,,TORNTPHARM,,2026-02-24,2026-02-24,4420.0,PE,TORNTPHARM26FEB4420PE,0.0,0.0,0.0,572.1,0.0,572.1,4210.8,207.2,0,0,0,0.0,0,F1,250,,,,,
2026-02-18,2026-02-18,FO,NSE,STO,163639,,TORNTPHARM,,2026-02-24,2026-02-24,4440.0,PE,TORNTPHARM26FEB4440PE,0.0,0.0,0.0,590.5,0.0,590.5,4210.8,226.5,0,0,0,0.0,0,F1,250,,,,,
2026-02-18,2026-02-18,FO,NSE,STO,163761,,TORNTPHARM,,2026-03-30,2026-03-30,4400.0,PE,TORNTPHARM26MAR4400PE,0.0,0.0,0.0,553.65,0.0,553.65,4210.8,219.75,0,0,0,0.0,0,F1,250,,,,,
2026-02-18,2026-02-18,FO,NSE,STO,44399,,TORNTPHARM,,2026-03-30,2026-03-30,4680.0,PE,TORNTPHARM26MAR4680PE,0.0,0.0,0.0,568.05,0.0,568.05,4210.8,452.5,0,0,0,0.0,0,F1,250,,,,,
2026-02-18,2026-02-18,FO,NSE,STO,170757,,TORNTPHARM,,2026-03-30,2026-03-30,4540.0,PE,TORNTPHARM26MAR4540PE,0.0,0.0,0.0,525.15,0.0,525.15,4210.8,328.85,0,0,0,0.0,0,F1,250,,,,,
2026-02-18,2026-02-18,FO,NSE,STO,170753,,TORNTPHARM,,2026-03-30,2026-03-30,4460.0,PE,TORNTPHARM26MAR4460PE,0.0,0.0,0.0,457.1,0.0,457.1,4210.8,264.3,0,0,0,0.0,0,F1,250,,,,,
2026-02-18,2026-02-18,FO,NSE,STO,170745,,TORNTPHARM,,2026-03-30,2026-03-30,4300.0,PE,TORNTPHARM26MAR4300PE,170.75,170.75,170.75,170.75,170.75,165.0,4210.8,154.35,10000,-250,1,1117687.5,1,F1,250,,,,,
2026-02-18,2026-02-18,FO,NSE,STO,163753,,TORNTPHARM,,2026-03-30,2026-03-30,4240.0,PE,TORNTPHARM26MAR4240PE,0.0,0.0,0.0,424.15,0.0,424.15,4210.8,121.05,0,0,0,0.0,0,F1,250,,,,,
2026-02-18,2026-02-18,FO,NSE,STO,170727,,TORNTPHARM,,2026-03-30,2026-03-30,3940.0,PE,TORNTPHARM26MAR3940PE,40.0,40.0,38.0,38.0,38.0,120.9,4210.8,23.0,750,750,3,2984212.5,3,F1,250,,,,,
2026-02-18,2026-02-18,FO,NSE,STO,170725,,TORNTPHARM,,2026-03-30,2026-03-30,3900.0,PE,TORNTPHARM26MAR3900PE,30.0,30.0,30.0,30.0,30.0,84.95,4210.8,17.25,500,0,1,982500.0,1,F1,250,,,,,
2026-02-18,2026-02-18,FO,NSE,STO,170719,,TORNTPHARM,,2026-03-30,2026-03-30,3780.0,PE,TORNTPHARM26MAR3780PE,0.0,0.0,0.0,65.25,0.0,65.25,4210.8,6.45,0,0,0,0.0,0,F1,250,,,,,
2026-02-18,2026-02-18,FO,NSE,STO,145256,,TORNTPHARM,,2026-02-24,2026-02-24,4800.0,PE,TORNTPHARM26FEB4800PE,0.0,0.0,0.0,990.7,0.0,990.7,4210.8,584.85,0,0,0,0.0,0,F1,250,,,,,
2026-02-18,2026-02-18,FO,NSE,STO,163645,,TORNTPHARM,,2026-02-24,2026-02-24,4520.0,PE,TORNTPHARM26FEB4520PE,0.0,0.0,0.0,665.15,0.0,665.15,4210.8,305.3,0,0,0,0.0,0,F1,250,,,,,
2026-02-18,2026-02-18,FO,NSE,STO,163641,,TORNTPHARM,,2026-02-24,2026-02-24,4460.0,PE,TORNTPHARM26FEB4460PE,0.0,0.0,0.0,609.0,0.0,609.0,4210.8,246.05,0,0,0,0.0,0,F1,250,,,,,
2026-02-18,2026-02-18,FO,NSE,STO,163744,,TORNTPHARM,,2026-03-30,2026-03-30,4080.0,CE,TORNTPHARM26MAR4080CE,206.5,206.5,206.5,206.5,206.5,220.75,4210.8,210.65,23250,-250,1,1071625.0,1,F1,250,,,,,
2026-02-18,2026-02-18,FO,NSE,STO,170718,,TORNTPHARM,,2026-03-30,2026-03-30,3780.0,CE,TORNTPHARM26MAR3780CE,0.0,0.0,0.0,322.15,0.0,322.15,4210.8,459.95,0,0,0,0.0,0,F1,250,,,,,
2026-02-18,2026-02-18,FO,NSE,STO,163720,,TORNTPHARM,,2026-03-30,2026-03-30,3600.0,CE,TORNTPHARM26MAR3600CE,0.0,0.0,0.0,352.1,0.0,352.1,4210.8,633.45,0,0,0,0.0,0,F1,250,,,,,
2026-02-18,2026-02-18,FO,NSE,STO,37122,,TORNTPHARM,,2026-02-24,2026-02-24,4580.0,CE,TORNTPHARM26FEB4580CE,0.0,0.0,0.0,4.6,4.6,4.6,4210.8,0.05,7000,0,0,0.0,0,F1,250,,,,,
2026-02-18,2026-02-18,FO,NSE,STO,163640,,TORNTPHARM,,2026-02-24,2026-02-24,4460.0,CE,TORNTPHARM26FEB4460CE,5.0,5.0,3.15,4.35,4.3,9.65,4210.8,4.35,2000,-5250,49,54680925.0,48,F1,250,,,,,
2026-02-18,2026-02-18,FO,NSE,STO,163590,,TORNTPHARM,,2026-02-24,2026-02-24,3840.0,CE,TORNTPHARM26FEB3840CE,0.0,0.0,0.0,226.65,225.45,226.65,4210.8,374.3,750,0,0,0.0,0,F1,250,,,,,
2026-02-18,2026-02-18,FO,NSE,STO,163564,,TORNTPHARM,,2026-02-24,2026-02-24,3520.0,CE,TORNTPHARM26FEB3520CE,0.0,0.0,0.0,449.0,449.0,449.0,4210.8,694.0,500,0,0,0.0,0,F1,250,,,,,
2026-02-18,2026-02-18,FO,NSE,STO,163713,,TORNTPHARM,,2026-03-30,2026-03-30,3440.0,PE,TORNTPHARM26MAR3440PE,0.0,0.0,0.0,39.45,0.0,39.45,4210.8,0.15,0,0,0,0.0,0,F1,250,,,,,
2026-02-18,2026-02-18,FO,NSE,STO,163651,,TORNTPHARM,,2026-02-24,2026-02-24,4640.0,PE,TORNTPHARM26FEB4640PE,0.0,0.0,0.0,779.75,0.0,779.75,4210.8,425.0,0,0,0,0.0,0,F1,250,,,,,
2026-02-18,2026-02-18,FO,NSE,STO,163649,,TORNTPHARM,,2026-02-24,2026-02-24,4560.0,PE,TORNTPHARM26FEB4560PE,0.0,0.0,0.0,703.05,0.0,703.05,4210.8,345.15,0,0,0,0.0,0,F1,250,,,,,
2026-02-18,2026-02-18,FO,NSE,STO,170829,,TORNTPHARM,,2026-04-28,2026-04-28,3840.0,PE,TORNTPHARM26APR3840PE,0.0,0.0,0.0,107.9,0.0,107.9,4210.8,25.5,0,0,0,0.0,0,F1,250,,,,,
2026-02-18,2026-02-18,FO,NSE,STO,44403,,TORNTPHARM,,2026-03-30,2026-03-30,4760.0,PE,TORNTPHARM26MAR4760PE,0.0,0.0,0.0,636.85,0.0,636.85,4210.8,527.25,0,0,0,0.0,0,F1,250,,,,,
2026-02-18,2026-02-18,FO,NSE,STO,40987,,TORNTPHARM,,2026-03-30,2026-03-30,4600.0,PE,TORNTPHARM26MAR4600PE,0.0,0.0,0.0,674.05,0.0,674.05,4210.8,380.45,0,0,0,0.0,0,F1,250,,,,,
2026-02-18,2026-02-18,FO,NSE,STO,170735,,TORNTPHARM,,2026-03-30,2026-03-30,4100.0,PE,TORNTPHARM26MAR4100PE,77.0,77.0,75.25,75.25,75.25,78.65,4210.8,61.75,1500,-500,3,3132312.5,2,F1,250,,,,,
2026-02-18,2026-02-18,FO,NSE,STO,163737,,TORNTPHARM,,2026-03-30,2026-03-30,3920.0,PE,TORNTPHARM26MAR3920PE,0.0,0.0,0.0,93.1,93.1,93.1,4210.8,19.95,500,0,0,0.0,0,F1,250,,,,,
2026-02-18,2026-02-18,FO,NSE,STO,163597,,TORNTPHARM,,2026-02-24,2026-02-24,3920.0,PE,TORNTPHARM26FEB3920PE,0.0,0.0,0.0,5.8,5.7,5.8,4210.8,0.15,1000,0,0,0.0,0,F1,250,,,,,
2026-02-18,2026-02-18,FO,NSE,STO,170860,,TORNTPHARM,,2026-04-28,2026-04-28,4480.0,CE,TORNTPHARM26APR4480CE,0.0,0.0,0.0,67.4,0.0,67.4,4210.8,73.15,0,0,0,0.0,0,F1,250,,,,,
2026-02-18,2026-02-18,FO,NSE,STO,170824,,TORNTPHARM,,2026-04-28,2026-04-28,3760.0,CE,TORNTPHARM26APR3760CE,0.0,0.0,0.0,377.5,0.0,377.5,4210.8,505.55,0,0,0,0.0,0,F1,250,,,,,
2026-02-18,2026-02-18,FO,NSE,STO,170871,,TORNTPHARM,,2026-04-28,2026-04-28,4680.0,PE,TORNTPHARM26APR4680PE,0.0,0.0,0.0,647.3,0.0,647.3,4210.8,453.6,0,0,0,0.0,0,F1,250,,,,,
2026-02-18,2026-02-18,FO,NSE,STO,170855,,TORNTPHARM,,2026-04-28,2026-04-28,4360.0,PE,TORNTPHARM26APR4360PE,0.0,0.0,0.0,390.6,0.0,390.6,4210.8,215.85,0,0,0,0.0,0,F1,250,,,,,
2026-02-18,2026-02-18,FO,NSE,STO,48884,,TORNTPHARM,,2026-03-30,2026-03-30,4740.0,PE,TORNTPHARM26MAR4740PE,0.0,0.0,0.0,661.45,0.0,661.45,4210.8,508.35,0,0,0,0.0,0,F1,250,,,,,
2026-02-18,2026-02-18,FO,NSE,STO,170759,,TORNTPHARM,,2026-03-30,2026-03-30,4580.0,PE,TORNTPHARM26MAR4580PE,0.0,0.0,0.0,560.2,0.0,560.2,4210.8,363.0,0,0,0,0.0,0,F1,250,,,,,
2026-02-18,2026-02-18,FO,NSE,STO,163769,,TORNTPHARM,,2026-03-30,2026-03-30,4560.0,PE,TORNTPHARM26MAR4560PE,0.0,0.0,0.0,693.7,0.0,693.7,4210.8,345.8,0,0,0,0.0,0,F1,250,,,,,
2026-02-18,2026-02-18,FO,NSE,STO,170731,,TORNTPHARM,,2026-03-30,2026-03-30,4020.0,PE,TORNTPHARM26MAR4020PE,0.0,0.0,0.0,157.65,0.0,157.65,4210.8,38.9,0,0,0,0.0,0,F1,250,,,,,
2026-02-18,2026-02-18,FO,NSE,STO,170721,,TORNTPHARM,,2026-03-30,2026-03-30,3820.0,PE,TORNTPHARM26MAR3820PE,23.0,23.0,20.95,21.95,21.95,68.1,4210.8,9.15,2250,750,14,13447175.0,10,F1,250,,,,,
2026-02-18,2026-02-18,FO,NSE,STO,163615,,TORNTPHARM,,2026-02-24,2026-02-24,4140.0,PE,TORNTPHARM26FEB4140PE,16.65,31.85,15.3,18.4,18.95,23.9,4210.8,18.4,31000,7750,434,451789712.5,383,F1,250,,,,,
2026-02-18,2026-02-18,FO,NSE,STO,163609,,TORNTPHARM,,2026-02-24,2026-02-24,4060.0,PE,TORNTPHARM26FEB4060PE,10.0,10.95,5.8,6.05,6.0,10.05,4210.8,6.05,37000,500,47,47796512.5,44,F1,250,,,,,
2026-02-18,2026-02-18,FO,NSE,STO,145236,,TORNTPHARM,,2026-02-24,2026-02-24,3800.0,PE,TORNTPHARM26FEB3800PE,1.3,1.5,0.7,0.8,0.7,1.85,4210.8,0.8,23250,-3250,46,43712087.5,42,F1,250,,,,,
2026-02-18,2026-02-18,FO,NSE,STO,163583,,TORNTPHARM,,2026-02-24,2026-02-24,3740.0,PE,TORNTPHARM26FEB3740PE,0.0,0.0,0.0,0.55,0.45,0.55,4210.8,0.05,4000,0,0,0.0,0,F1,250,,,,,
2026-02-18,2026-02-18,FO,NSE,STO,145234,,TORNTPHARM,,2026-02-24,2026-02-24,3700.0,PE,TORNTPHARM26FEB3700PE,0.55,0.9,0.5,0.7,0.55,1.1,4210.8,0.7,16750,-5750,52,48108475.0,37,F1,250,,,,,
2026-02-18,2026-02-18,FO,NSE,STO,170846,,TORNTPHARM,,2026-04-28,2026-04-28,4200.0,CE,TORNTPHARM26APR4200CE,0.0,0.0,0.0,144.7,0.0,144.7,4210.8,184.05,0,0,0,0.0,0,F1,250,,,,,
2026-02-18,2026-02-18,FO,NSE,STO,170838,,TORNTPHARM,,2026-04-28,2026-04-28,4040.0,CE,TORNTPHARM26APR4040CE,0.0,0.0,0.0,212.3,0.0,212.3,4210.8,281.75,0,0,0,0.0,0,F1,250,,,,,
2026-02-18,2026-02-18,FO,NSE,STO,170834,,TORNTPHARM,,2026-04-28,2026-04-28,3960.0,CE,TORNTPHARM26APR3960CE,0.0,0.0,0.0,253.35,0.0,253.35,4210.8,339.6,0,0,0,0.0,0,F1,250,,,,,
2026-02-18,2026-02-18,FO,NSE,STO,170828,,TORNTPHARM,,2026-04-28,2026-04-28,3840.0,CE,TORNTPHARM26APR3840CE,0.0,0.0,0.0,324.15,0.0,324.15,4210.8,436.05,0,0,0,0.0,0,F1,250,,,,,
2026-02-18,2026-02-18,FO,NSE,STO,170750,,TORNTPHARM,,2026-03-30,2026-03-30,4420.0,CE,TORNTPHARM26MAR4420CE,0.0,0.0,0.0,47.9,0.0,47.9,4210.8,51.55,0,0,0,0.0,0,F1,250,,,,,
2026-02-18,2026-02-18,FO,NSE,STO,163756,,TORNTPHARM,,2026-03-30,2026-03-30,4320.0,CE,TORNTPHARM26MAR4320CE,0.0,0.0,0.0,53.35,0.0,53.35,4210.8,83.25,0,0,0,0.0,0,F1,250,,,,,
2026-02-18,2026-02-18,FO,NSE,STO,163732,,TORNTPHARM,,2026-03-30,2026-03-30,3840.0,CE,TORNTPHARM26MAR3840CE,0.0,0.0,0.0,208.15,0.0,208.15,4210.8,404.65,0,0,0,0.0,0,F1,250,,,,,
2026-02-18,2026-02-18,FO,NSE,STO,163730,,TORNTPHARM,,2026-03-30,2026-03-30,3800.0,CE,TORNTPHARM26MAR3800CE,0.0,0.0,0.0,228.8,0.0,228.8,4210.8,441.35,0,0,0,0.0,0,F1,250,,,,,
2026-02-18,2026-02-18,FO,NSE,STO,170714,,TORNTPHARM,,2026-03-30,2026-03-30,3700.0,CE,TORNTPHARM26MAR3700CE,0.0,0.0,0.0,417.15,417.15,417.15,4210.8,536.05,0,0,0,0.0,0,F1,250,,,,,
2026-02-18,2026-02-18,FO,NSE,STO,163656,,TORNTPHARM,,2026-02-24,2026-02-24,4760.0,CE,TORNTPHARM26FEB4760CE,0.0,0.0,0.0,2.35,0.0,2.35,4210.8,0.05,0,0,0,0.0,0,F1,250,,,,,
2026-02-18,2026-02-18,FO,NSE,STO,163650,,TORNTPHARM,,2026-02-24,2026-02-24,4640.0,CE,TORNTPHARM26FEB4640CE,0.0,0.0,0.0,4.7,0.0,4.7,4210.8,0.05,0,0,0,0.0,0,F1,250,,,,,
2026-02-18,2026-02-18,FO,NSE,STO,163636,,TORNTPHARM,,2026-02-24,2026-02-24,4420.0,CE,TORNTPHARM26FEB4420CE,7.25,9.0,4.45,5.8,5.8,13.5,4210.8,5.8,19000,-500,58,64168625.0,45,F1,250,,,,,
2026-02-18,2026-02-18,FO,NSE,STO,163604,,TORNTPHARM,,2026-02-24,2026-02-24,4020.0,CE,TORNTPHARM26FEB4020CE,0.0,0.0,0.0,248.0,248.0,248.0,4210.8,196.4,7750,0,0,0.0,0,F1,250,,,,,
2026-02-18,2026-02-18,FO,NSE,STO,163582,,TORNTPHARM,,2026-02-24,2026-02-24,3740.0,CE,TORNTPHARM26FEB3740CE,0.0,0.0,0.0,212.45,0.0,212.45,4210.8,474.2,0,0,0,0.0,0,F1,250,,,,,
2026-02-18,2026-02-18,FO,NSE,STO,170875,,TORNTPHARM,,2026-04-28,2026-04-28,4800.0,PE,TORNTPHARM26APR4800PE,0.0,0.0,0.0,753.55,0.0,753.55,4210.8,558.75,0,0,0,0.0,0,F1,250,,,,,
2026-02-18,2026-02-18,FO,NSE,STO,163563,,TORNTPHARM,,2026-02-24,2026-02-24,3480.0,PE,TORNTPHARM26FEB3480PE,0.0,0.0,0.0,1.05,1.05,1.05,4210.8,0.05,3250,0,0,0.0,0,F1,250,,,,,
2026-02-18,2026-02-18,FO,NSE,STO,163585,,TORNTPHARM,,2026-02-24,2026-02-24,3760.0,PE,TORNTPHARM26FEB3760PE,0.75,0.95,0.55,0.95,0.95,3.2,4210.8,0.05,1250,-750,7,6581200.0,6,F1,250,,,,,
2026-02-18,2026-02-18,FO,NSE,STO,170827,,TORNTPHARM,,2026-04-28,2026-04-28,3800.0,PE,TORNTPHARM26APR3800PE,0.0,0.0,0.0,94.55,0.0,94.55,4210.8,20.2,0,0,0,0.0,0,F1,250,,,,,
2026-02-18,2026-02-18,FO,NSE,STO,163611,,TORNTPHARM,,2026-02-24,2026-02-24,4080.0,PE,TORNTPHARM26FEB4080PE,9.0,15.0,6.9,7.65,8.2,12.35,4210.8,7.65,13500,2000,74,75682475.0,73,F1,250,,,,,
2026-02-18,2026-02-18,FO,NSE,STO,163627,,TORNTPHARM,,2026-02-24,2026-02-24,4280.0,PE,TORNTPHARM26FEB4280PE,74.25,108.4,68.05,94.0,94.0,87.2,4210.8,86.3,25000,-1500,32,34904075.0,28,F1,250,,,,,
2026-02-18,2026-02-18,FO,NSE,STO,44001,,TORNTPHARM,,2026-02-24,2026-02-24,4660.0,PE,TORNTPHARM26FEB4660PE,0.0,0.0,0.0,691.85,0.0,691.85,4210.8,445.0,0,0,0,0.0,0,F1,250,,,,,
2026-02-18,2026-02-18,FO,NSE,STO,58886,,TORNTPHARM,,2026-02-24,2026-02-24,4780.0,PE,TORNTPHARM26FEB4780PE,0.0,0.0,0.0,689.55,0.0,689.55,4210.8,564.9,0,0,0,0.0,0,F1,250,,,,,
2026-02-18,2026-02-18,FO,NSE,STO,170751,,TORNTPHARM,,2026-03-30,2026-03-30,4420.0,PE,TORNTPHARM26MAR4420PE,0.0,0.0,0.0,424.25,0.0,424.25,4210.8,234.2,0,0,0,0.0,0,F1,250,,,,,
2026-02-18,2026-02-18,FO,NSE,STO,170749,,TORNTPHARM,,2026-03-30,2026-03-30,4380.0,PE,TORNTPHARM26MAR4380PE,0.0,0.0,0.0,392.35,0.0,392.35,4210.8,205.75,0,0,0,0.0,0,F1,250,,,,,
2026-02-18,2026-02-18,FO,NSE,STO,170747,,TORNTPHARM,,2026-03-30,2026-03-30,4340.0,PE,TORNTPHARM26MAR4340PE,0.0,0.0,0.0,361.55,0.0,361.55,4210.8,179.1,0,0,0,0.0,0,F1,250,,,,,
2026-02-18,2026-02-18,FO,NSE,STO,163755,,TORNTPHARM,,2026-03-30,2026-03-30,4280.0,PE,TORNTPHARM26MAR4280PE,0.0,0.0,0.0,455.25,0.0,455.25,4210.8,142.75,0,0,0,0.0,0,F1,250,,,,,
2026-02-18,2026-02-18,FO,NSE,STO,163661,,TORNTPHARM,,2026-02-24,2026-02-24,4880.0,PE,TORNTPHARM26FEB4880PE,0.0,0.0,0.0,1013.95,0.0,1013.95,4210.8,664.8,0,0,0,0.0,0,F1,250,,,,,
2026-02-18,2026-02-18,FO,NSE,STO,163659,,TORNTPHARM,,2026-02-24,2026-02-24,4840.0,PE,TORNTPHARM26FEB4840PE,0.0,0.0,0.0,974.65,0.0,974.65,4210.8,624.85,0,0,0,0.0,0,F1,250,,,,,
2026-02-18,2026-02-18,FO,NSE,STO,170758,,TORNTPHARM,,2026-03-30,2026-03-30,4580.0,CE,TORNTPHARM26MAR4580CE,0.0,0.0,0.0,25.5,0.0,25.5,4210.8,21.3,0,0,0,0.0,0,F1,250,,,,,
2026-02-18,2026-02-18,FO,NSE,STO,163776,,TORNTPHARM,,2026-03-30,2026-03-30,4880.0,CE,TORNTPHARM26MAR4880CE,0.0,0.0,0.0,15.0,15.0,15.0,4210.8,2.75,0,0,0,0.0,0,F1,250,,,,,
2026-02-18,2026-02-18,FO,NSE,STO,170816,,TORNTPHARM,,2026-04-28,2026-04-28,3600.0,CE,TORNTPHARM26APR3600CE,0.0,0.0,0.0,497.05,0.0,497.05,4210.8,653.25,0,0,0,0.0,0,F1,250,,,,,
2026-02-18,2026-02-18,FO,NSE,STO,170820,,TORNTPHARM,,2026-04-28,2026-04-28,3680.0,CE,TORNTPHARM26APR3680CE,0.0,0.0,0.0,435.15,0.0,435.15,4210.8,578.2,0,0,0,0.0,0,F1,250,,,,,
2026-02-18,2026-02-18,FO,NSE,STO,170866,,TORNTPHARM,,2026-04-28,2026-04-28,4600.0,CE,TORNTPHARM26APR4600CE,0.0,0.0,0.0,46.85,0.0,46.85,4210.8,45.85,0,0,0,0.0,0,F1,250,,,,,
2026-02-18,2026-02-18,FO,NSE,STO,170734,,TORNTPHARM,,2026-03-30,2026-03-30,4100.0,CE,TORNTPHARM26MAR4100CE,230.0,230.0,176.0,184.25,184.5,204.0,4210.8,184.25,10500,-250,10,10719125.0,10,F1,250,,,,,
2026-02-18,2026-02-18,FO,NSE,STO,170732,,TORNTPHARM,,2026-03-30,2026-03-30,4060.0,CE,TORNTPHARM26MAR4060CE,0.0,0.0,0.0,252.05,252.05,252.05,4210.8,224.6,3500,0,0,0.0,0,F1,250,,,,,
2026-02-18,2026-02-18,FO,NSE,STO,170730,,TORNTPHARM,,2026-03-30,2026-03-30,4020.0,CE,TORNTPHARM26MAR4020CE,0.0,0.0,0.0,307.0,307.0,307.0,4210.8,253.85,500,0,0,0.0,0,F1,250,,,,,
2026-02-18,2026-02-18,FO,NSE,STO,163660,,TORNTPHARM,,2026-02-24,2026-02-24,4880.0,CE,TORNTPHARM26FEB4880CE,0.3,0.3,0.3,0.3,0.3,0.65,4210.8,0.05,4500,-250,1,1220075.0,1,F1,250,,,,,
2026-02-18,2026-02-18,FO,NSE,STO,145228,,TORNTPHARM,,2026-02-24,2026-02-24,3400.0,PE,TORNTPHARM26FEB3400PE,0.0,0.0,0.0,0.25,0.25,0.25,4210.8,0.05,3000,0,0,0.0,0,F1,250,,,,,
2026-02-18,2026-02-18,FO,NSE,STO,170872,,TORNTPHARM,,2026-04-28,2026-04-28,4720.0,CE,TORNTPHARM26APR4720CE,0.0,0.0,0.0,31.95,0.0,31.95,4210.8,27.6,0,0,0,0.0,0,F1,250,,,,,
2026-02-18,2026-02-18,FO,NSE,STO,170740,,TORNTPHARM,,2026-03-30,2026-03-30,4220.0,CE,TORNTPHARM26MAR4220CE,116.35,122.1,116.3,118.25,122.1,88.0,4210.8,118.25,1500,750,3,3253687.5,3,F1,250,,,,,
2026-02-18,2026-02-18,FO,NSE,STO,48856,,TORNTPHARM,,2026-02-24,2026-02-24,4740.0,CE,TORNTPHARM26FEB4740CE,0.0,0.0,0.0,0.45,0.0,0.45,4210.8,0.05,0,0,0,0.0,0,F1,250,,,,,
2026-02-18,2026-02-18,FO,NSE,STO,163738,,TORNTPHARM,,2026-03-30,2026-03-30,3960.0,CE,TORNTPHARM26MAR3960CE,0.0,0.0,0.0,153.9,0.0,153.9,4210.8,301.0,0,0,0,0.0,0,F1,250,,,,,
2026-02-18,2026-02-18,FO,NSE,STO,163742,,TORNTPHARM,,2026-03-30,2026-03-30,4040.0,CE,TORNTPHARM26MAR4040CE,220.0,220.0,215.0,215.0,215.0,293.0,4210.8,239.0,1250,0,2,2128750.0,2,F1,250,,,,,
2026-02-18,2026-02-18,FO,NSE,STO,170744,,TORNTPHARM,,2026-03-30,2026-03-30,4300.0,CE,TORNTPHARM26MAR4300CE,108.35,111.0,75.5,83.75,84.0,108.35,4210.8,83.75,20500,-1750,86,94245500.0,71,F1,250,,,,,
2026-02-18,2026-02-18,FO,NSE,STO,40986,,TORNTPHARM,,2026-03-30,2026-03-30,4600.0,CE,TORNTPHARM26MAR4600CE,28.0,29.0,17.05,18.2,18.0,28.3,4210.8,18.2,17500,1000,43,49713600.0,41,F1,250,,,,,
2026-02-18,2026-02-18,FO,NSE,STO,145235,,TORNTPHARM,,2026-02-24,2026-02-24,3800.0,CE,TORNTPHARM26FEB3800CE,0.0,0.0,0.0,414.0,414.0,414.0,4210.8,414.25,12000,0,0,0.0,0,F1,250,,,,,
2026-02-18,2026-02-18,FO,NSE,STO,170760,,TORNTPHARM,,2026-03-30,2026-03-30,4620.0,CE,TORNTPHARM26MAR4620CE,0.0,0.0,0.0,21.55,0.0,21.55,4210.8,16.7,0,0,0,0.0,0,F1,250,,,,,
2026-02-18,2026-02-18,FO,NSE,STO,163770,,TORNTPHARM,,2026-03-30,2026-03-30,4640.0,CE,TORNTPHARM26MAR4640CE,19.45,19.45,19.45,19.45,19.45,17.3,4210.8,14.75,500,500,2,2329725.0,1,F1,250,,,,,
2026-02-18,2026-02-18,FO,NSE,STO,44393,,TORNTPHARM,,2026-03-30,2026-03-30,4700.0,CE,TORNTPHARM26MAR4700CE,11.0,11.1,10.15,10.15,10.15,18.0,4210.8,10.0,11500,250,4,4710837.5,3,F1,250,,,,,
2026-02-18,2026-02-18,FO,NSE,STO,44400,,TORNTPHARM,,2026-03-30,2026-03-30,4760.0,CE,TORNTPHARM26MAR4760CE,0.0,0.0,0.0,32.9,0.0,32.9,4210.8,6.65,0,0,0,0.0,0,F1,250,,,,,
2026-02-18,2026-02-18,FO,NSE,STO,48888,,TORNTPHARM,,2026-04-28,2026-04-28,4760.0,CE,TORNTPHARM26APR4760CE,0.0,0.0,0.0,28.65,0.0,28.65,4210.8,23.05,0,0,0,0.0,0,F1,250,,,,,
2026-02-18,2026-02-18,FO,NSE,STO,163559,,TORNTPHARM,,2026-02-24,2026-02-24,3440.0,PE,TORNTPHARM26FEB3440PE,0.0,0.0,0.0,10.0,10.0,10.0,4210.8,0.05,750,0,0,0.0,0,F1,250,,,,,
2026-02-18,2026-02-18,FO,NSE,STO,163589,,TORNTPHARM,,2026-02-24,2026-02-24,3820.0,PE,TORNTPHARM26FEB3820PE,0.0,0.0,0.0,2.45,2.45,2.45,4210.8,0.05,1250,0,0,0.0,0,F1,250,,,,,
2026-02-18,2026-02-18,FO,NSE,STO,163625,,TORNTPHARM,,2026-02-24,2026-02-24,4260.0,PE,TORNTPHARM26FEB4260PE,67.7,100.0,60.0,75.35,75.95,74.15,4210.8,75.35,32750,-1500,77,83506662.5,73,F1,250,,,,,
2026-02-18,2026-02-18,FO,NSE,STO,48862,,TORNTPHARM,,2026-02-24,2026-02-24,4740.0,PE,TORNTPHARM26FEB4740PE,0.0,0.0,0.0,678.6,0.0,678.6,4210.8,524.9,0,0,0,0.0,0,F1,250,,,,,
2026-02-18,2026-02-18,FO,NSE,STO,163723,,TORNTPHARM,,2026-03-30,2026-03-30,3640.0,PE,TORNTPHARM26MAR3640PE,0.0,0.0,0.0,32.0,32.0,32.0,4210.8,1.6,250,0,0,0.0,0,F1,250,,,,,
2026-02-18,2026-02-18,FO,NSE,STO,163735,,TORNTPHARM,,2026-03-30,2026-03-30,3880.0,PE,TORNTPHARM26MAR3880PE,0.0,0.0,0.0,77.4,77.4,77.4,4210.8,14.8,500,0,0,0.0,0,F1,250,,,,,
2026-02-18,2026-02-18,FO,NSE,STO,163739,,TORNTPHARM,,2026-03-30,2026-03-30,3960.0,PE,TORNTPHARM26MAR3960PE,42.15,42.4,37.05,37.05,37.05,43.6,4210.8,26.4,750,-250,6,6000825.0,5,F1,250,,,,,
2026-02-18,2026-02-18,FO,NSE,STO,163747,,TORNTPHARM,,2026-03-30,2026-03-30,4120.0,PE,TORNTPHARM26MAR4120PE,0.0,0.0,0.0,335.7,0.0,335.7,4210.8,68.65,0,0,0,0.0,0,F1,250,,,,,
2026-02-18,2026-02-18,FO,NSE,STO,170743,,TORNTPHARM,,2026-03-30,2026-03-30,4260.0,PE,TORNTPHARM26MAR4260PE,0.0,0.0,0.0,302.65,0.0,302.65,4210.8,131.65,0,0,0,0.0,0,F1,250,,,,,
2026-02-18,2026-02-18,FO,NSE,STO,163763,,TORNTPHARM,,2026-03-30,2026-03-30,4440.0,PE,TORNTPHARM26MAR4440PE,0.0,0.0,0.0,587.85,0.0,587.85,4210.8,249.05,0,0,0,0.0,0,F1,250,,,,,
2026-02-18,2026-02-18,FO,NSE,STO,163765,,TORNTPHARM,,2026-03-30,2026-03-30,4480.0,PE,TORNTPHARM26MAR4480PE,0.0,0.0,0.0,622.6,0.0,622.6,4210.8,279.95,0,0,0,0.0,0,F1,250,,,,,
2026-02-18,2026-02-18,FO,NSE,STO,170761,,TORNTPHARM,,2026-03-30,2026-03-30,4620.0,PE,TORNTPHARM26MAR4620PE,0.0,0.0,0.0,595.85,0.0,595.85,4210.8,398.15,0,0,0,0.0,0,F1,250,,,,,
2026-02-18,2026-02-18,FO,NSE,STF,59494,,TORNTPHARM,,2026-02-24,2026-02-24,,,TORNTPHARM26FEBFUT,4251.0,4260.0,4185.0,4215.6,4210.0,4238.4,4210.8,4215.6,2341250,-411500,2884,3037191900.0,2201,F1,250,,,,,
2026-02-18,2026-02-18,FO,NSE,STO,163652,,TORNTPHARM,,2026-02-24,2026-02-24,4680.0,CE,TORNTPHARM26FEB4680CE,0.0,0.0,0.0,3.75,0.0,3.75,4210.8,0.05,0,0,0,0.0,0,F1,250,,,,,
2026-02-18,2026-02-18,FO,NSE,STO,163634,,TORNTPHARM,,2026-02-24,2026-02-24,4380.0,CE,TORNTPHARM26FEB4380CE,0.0,0.0,0.0,19.95,18.65,19.95,4210.8,4.3,6500,0,0,0.0,0,F1,250,,,,,
2026-02-18,2026-02-18,FO,NSE,STO,163628,,TORNTPHARM,,2026-02-24,2026-02-24,4320.0,CE,TORNTPHARM26FEB4320CE,35.1,35.1,12.8,16.45,16.35,32.75,4210.8,16.45,44000,-8750,406,440697575.0,380,F1,250,,,,,
2026-02-18,2026-02-18,FO,NSE,STO,163626,,TORNTPHARM,,2026-02-24,2026-02-24,4280.0,CE,TORNTPHARM26FEB4280CE,45.35,46.95,18.95,24.9,24.4,45.3,4210.8,24.9,52000,-5250,921,991595950.0,844,F1,250,,,,,
2026-02-18,2026-02-18,FO,NSE,STO,163600,,TORNTPHARM,,2026-02-24,2026-02-24,3960.0,CE,TORNTPHARM26FEB3960CE,0.0,0.0,0.0,278.65,278.2,278.65,4210.8,254.85,9000,0,0,0.0,0,F1,250,,,,,
2026-02-18,2026-02-18,FO,NSE,STO,163596,,TORNTPHARM,,2026-02-24,2026-02-24,3920.0,CE,TORNTPHARM26FEB3920CE,0.0,0.0,0.0,334.6,334.6,334.6,4210.8,294.5,2250,0,0,0.0,0,F1,250,,,,,
2026-02-18,2026-02-18,FO,NSE,STO,170863,,TORNTPHARM,,2026-04-28,2026-04-28,4520.0,PE,TORNTPHARM26APR4520PE,0.0,0.0,0.0,513.2,0.0,513.2,4210.8,325.35,0,0,0,0.0,0,F1,250,,,,,
2026-02-18,2026-02-18,FO,NSE,STO,48894,,TORNTPHARM,,2026-04-28,2026-04-28,4760.0,PE,TORNTPHARM26APR4760PE,0.0,0.0,0.0,674.0,0.0,674.0,4210.8,523.05,0,0,0,0.0,0,F1,250,,,,,
2026-02-18,2026-02-18,FO,NSE,STO,170839,,TORNTPHARM,,2026-04-28,2026-04-28,4040.0,PE,TORNTPHARM26APR4040PE,0.0,0.0,0.0,193.05,0.0,193.05,4210.8,69.2,0,0,0,0.0,0,F1,250,,,,,
2026-02-18,2026-02-18,FO,NSE,STO,170831,,TORNTPHARM,,2026-04-28,2026-04-28,3880.0,PE,TORNTPHARM26APR3880PE,0.0,0.0,0.0,122.5,0.0,122.5,4210.8,31.8,0,0,0,0.0,0,F1,250,,,,,
2026-02-18,2026-02-18,FO,NSE,STO,170821,,TORNTPHARM,,2026-04-28,2026-04-28,3680.0,PE,TORNTPHARM26APR3680PE,0.0,0.0,0.0,61.4,0.0,61.4,4210.8,9.35,0,0,0,0.0,0,F1,250,,,,,
2026-02-18,2026-02-18,FO,NSE,STO,170813,,TORNTPHARM,,2026-04-28,2026-04-28,3520.0,PE,TORNTPHARM26APR3520PE,0.0,0.0,0.0,31.35,0.0,31.35,4210.8,2.75,0,0,0,0.0,0,F1,250,,,,,
2026-02-18,2026-02-18,FO,NSE,STO,170809,,TORNTPHARM,,2026-04-28,2026-04-28,3440.0,PE,TORNTPHARM26APR3440PE,0.0,0.0,0.0,21.4,0.0,21.4,4210.8,1.35,0,0,0,0.0,0,F1,250,,,,,
2026-02-18,2026-02-18,FO,NSE,STO,163773,,TORNTPHARM,,2026-03-30,2026-03-30,4720.0,PE,TORNTPHARM26MAR4720PE,0.0,0.0,0.0,840.75,0.0,840.75,4210.8,489.55,0,0,0,0.0,0,F1,250,,,,,
2026-02-18,2026-02-18,FO,NSE,STO,170729,,TORNTPHARM,,2026-03-30,2026-03-30,3980.0,PE,TORNTPHARM26MAR3980PE,0.0,0.0,0.0,138.5,0.0,138.5,4210.8,30.15,0,0,0,0.0,0,F1,250,,,,,
2026-02-18,2026-02-18,FO,NSE,STO,170717,,TORNTPHARM,,2026-03-30,2026-03-30,3740.0,PE,TORNTPHARM26MAR3740PE,0.0,0.0,0.0,54.65,0.0,54.65,4210.8,4.45,0,0,0,0.0,0,F1,250,,,,,
2026-02-18,2026-02-18,FO,NSE,STO,163721,,TORNTPHARM,,2026-03-30,2026-03-30,3600.0,PE,TORNTPHARM26MAR3600PE,0.0,0.0,0.0,32.45,32.45,32.45,4210.8,1.05,750,0,0,0.0,0,F1,250,,,,,
2026-02-18,2026-02-18,FO,NSE,STO,163635,,TORNTPHARM,,2026-02-24,2026-02-24,4380.0,PE,TORNTPHARM26FEB4380PE,0.0,0.0,0.0,535.7,0.0,535.7,4210.8,169.55,0,0,0,0.0,0,F1,250,,,,,
2026-02-18,2026-02-18,FO,NSE,STO,163621,,TORNTPHARM,,2026-02-24,2026-02-24,4220.0,PE,TORNTPHARM26FEB4220PE,52.75,70.6,40.8,50.9,52.25,52.85,4210.8,50.9,14250,-1250,250,267067150.0,207,F1,250,,,,,
2026-02-18,2026-02-18,FO,NSE,STO,163553,,TORNTPHARM,,2026-02-24,2026-02-24,3360.0,PE,TORNTPHARM26FEB3360PE,0.0,0.0,0.0,1.0,1.0,1.0,4210.8,0.05,3750,0,0,0.0,0,F1,250,,,,,
2026-02-18,2026-02-18,FO,NSE,STO,170836,,TORNTPHARM,,2026-04-28,2026-04-28,4000.0,CE,TORNTPHARM26APR4000CE,0.0,0.0,0.0,232.2,0.0,232.2,4210.8,310.0,0,0,0,0.0,0,F1,250,,,,,
2026-02-18,2026-02-18,FO,NSE,STO,170822,,TORNTPHARM,,2026-04-28,2026-04-28,3720.0,CE,TORNTPHARM26APR3720CE,0.0,0.0,0.0,405.85,0.0,405.85,4210.8,541.55,0,0,0,0.0,0,F1,250,,,,,
2026-02-18,2026-02-18,FO,NSE,STO,48869,,TORNTPHARM,,2026-03-30,2026-03-30,4740.0,CE,TORNTPHARM26MAR4740CE,0.0,0.0,0.0,12.2,0.0,12.2,4210.8,7.6,0,0,0,0.0,0,F1,250,,,,,
2026-02-18,2026-02-18,FO,NSE,STO,163766,,TORNTPHARM,,2026-03-30,2026-03-30,4520.0,CE,TORNTPHARM26MAR4520CE,0.0,0.0,0.0,26.95,0.0,26.95,4210.8,30.2,0,0,0,0.0,0,F1,250,,,,,
2026-02-18,2026-02-18,FO,NSE,STO,170754,,TORNTPHARM,,2026-03-30,2026-03-30,4500.0,CE,TORNTPHARM26MAR4500CE,41.65,41.65,23.75,29.8,29.8,45.35,4210.8,29.8,3500,-250,19,21525375.0,17,F1,250,,,,,
2026-02-18,2026-02-18,FO,NSE,STO,170748,,TORNTPHARM,,2026-03-30,2026-03-30,4380.0,CE,TORNTPHARM26MAR4380CE,0.0,0.0,0.0,89.3,89.3,89.3,4210.8,62.9,250,0,0,0.0,0,F1,250,,,,,
2026-02-18,2026-02-18,FO,NSE,STO,163758,,TORNTPHARM,,2026-03-30,2026-03-30,4360.0,CE,TORNTPHARM26MAR4360CE,59.6,62.0,59.6,62.0,62.0,105.0,4210.8,69.2,2500,250,3,3315900.0,2,F1,250,,,,,
2026-02-18,2026-02-18,FO,NSE,STO,163752,,TORNTPHARM,,2026-03-30,2026-03-30,4240.0,CE,TORNTPHARM26MAR4240CE,145.0,145.0,106.05,106.05,106.05,69.0,4210.8,106.05,500,500,6,6538412.5,6,F1,250,,,,,
2026-02-18,2026-02-18,FO,NSE,STO,170736,,TORNTPHARM,,2026-03-30,2026-03-30,4140.0,CE,TORNTPHARM26MAR4140CE,0.0,0.0,0.0,124.65,0.0,124.65,4210.8,171.75,0,0,0,0.0,0,F1,250,,,,,
2026-02-18,2026-02-18,FO,NSE,STO,145255,,TORNTPHARM,,2026-02-24,2026-02-24,4800.0,CE,TORNTPHARM26FEB4800CE,0.0,0.0,0.0,1.0,1.0,1.0,4210.8,0.05,22000,0,0,0.0,0,F1,250,,,,,
2026-02-18,2026-02-18,FO,NSE,STO,163644,,TORNTPHARM,,2026-02-24,2026-02-24,4520.0,CE,TORNTPHARM26FEB4520CE,4.55,4.8,2.15,3.5,3.55,6.1,4210.8,3.5,41250,7000,141,159442750.0,136,F1,250,,,,,
2026-02-18,2026-02-18,FO,NSE,STO,170873,,TORNTPHARM,,2026-04-28,2026-04-28,4720.0,PE,TORNTPHARM26APR4720PE,0.0,0.0,0.0,682.25,0.0,682.25,4210.8,487.95,0,0,0,0.0,0,F1,250,,,,,
2026-02-18,2026-02-18,FO,NSE,STO,170869,,TORNTPHARM,,2026-04-28,2026-04-28,4640.0,PE,TORNTPHARM26APR4640PE,0.0,0.0,0.0,612.9,0.0,612.9,4210.8,420.1,0,0,0,0.0,0,F1,250,,,,,
2026-02-18,2026-02-18,FO,NSE,STO,170861,,TORNTPHARM,,2026-04-28,2026-04-28,4480.0,PE,TORNTPHARM26APR4480PE,0.0,0.0,0.0,481.35,0.0,481.35,4210.8,296.0,0,0,0,0.0,0,F1,250,,,,,
2026-02-18,2026-02-18,FO,NSE,STO,170857,,TORNTPHARM,,2026-04-28,2026-04-28,4400.0,PE,TORNTPHARM26APR4400PE,0.0,0.0,0.0,420.15,0.0,420.15,4210.8,241.15,0,0,0,0.0,0,F1,250,,,,,
2026-02-18,2026-02-18,FO,NSE,STO,170841,,TORNTPHARM,,2026-04-28,2026-04-28,4080.0,PE,TORNTPHARM26APR4080PE,0.0,0.0,0.0,213.75,0.0,213.75,4210.8,82.0,0,0,0,0.0,0,F1,250,,,,,
2026-02-18,2026-02-18,FO,NSE,STO,170767,,TORNTPHARM,,2026-03-30,2026-03-30,4840.0,PE,TORNTPHARM26MAR4840PE,0.0,0.0,0.0,800.05,0.0,800.05,4210.8,603.85,0,0,0,0.0,0,F1,250,,,,,
2026-02-18,2026-02-18,FO,NSE,STO,163771,,TORNTPHARM,,2026-03-30,2026-03-30,4640.0,PE,TORNTPHARM26MAR4640PE,0.0,0.0,0.0,766.5,0.0,766.5,4210.8,416.05,0,0,0,0.0,0,F1,250,,,,,
2026-02-18,2026-02-18,FO,NSE,STO,163749,,TORNTPHARM,,2026-03-30,2026-03-30,4160.0,PE,TORNTPHARM26MAR4160PE,0.0,0.0,0.0,364.1,0.0,364.1,4210.8,84.0,0,0,0,0.0,0,F1,250,,,,,
2026-02-18,2026-02-18,FO,NSE,STO,170733,,TORNTPHARM,,2026-03-30,2026-03-30,4060.0,PE,TORNTPHARM26MAR4060PE,67.3,67.3,57.2,57.75,58.4,178.3,4210.8,57.75,1500,1500,7,7210787.5,7,F1,250,,,,,
2026-02-18,2026-02-18,FO,NSE,STO,43999,,TORNTPHARM,,2026-02-24,2026-02-24,4620.0,PE,TORNTPHARM26FEB4620PE,0.0,0.0,0.0,653.7,0.0,653.7,4210.8,405.05,0,0,0,0.0,0,F1,250,,,,,
2026-02-18,2026-02-18,FO,NSE,STO,145246,,TORNTPHARM,,2026-02-24,2026-02-24,4300.0,PE,TORNTPHARM26FEB4300PE,92.65,122.4,80.05,103.85,100.3,99.35,4210.8,103.85,31250,-7250,71,78156325.0,65,F1,250,,,,,
2026-02-18,2026-02-18,FO,NSE,STO,163603,,TORNTPHARM,,2026-02-24,2026-02-24,3980.0,PE,TORNTPHARM26FEB3980PE,2.85,4.8,2.05,2.2,2.2,5.0,4210.8,2.2,21000,-5500,49,48796500.0,49,F1,250,,,,,
2026-02-18,2026-02-18,FO,NSE,STO,170854,,TORNTPHARM,,2026-04-28,2026-04-28,4360.0,CE,TORNTPHARM26APR4360CE,0.0,0.0,0.0,94.75,0.0,94.75,4210.8,111.75,0,0,0,0.0,0,F1,250,,,,,
2026-02-18,2026-02-18,FO,NSE,STO,170826,,TORNTPHARM,,2026-04-28,2026-04-28,3800.0,CE,TORNTPHARM26APR3800CE,0.0,0.0,0.0,350.15,0.0,350.15,4210.8,470.35,0,0,0,0.0,0,F1,250,,,,,
2026-02-18,2026-02-18,FO,NSE,STO,58889,,TORNTPHARM,,2026-03-30,2026-03-30,4780.0,CE,TORNTPHARM26MAR4780CE,0.0,0.0,0.0,8.75,0.0,8.75,4210.8,5.75,0,0,0,0.0,0,F1,250,,,,,
2026-02-18,2026-02-18,FO,NSE,STO,163760,,TORNTPHARM,,2026-03-30,2026-03-30,4400.0,CE,TORNTPHARM26MAR4400CE,71.0,74.0,47.45,51.35,51.0,71.55,4210.8,51.35,21000,-2000,82,91363687.5,64,F1,250,,,,,
2026-02-18,2026-02-18,FO,NSE,STO,170746,,TORNTPHARM,,2026-03-30,2026-03-30,4340.0,CE,TORNTPHARM26MAR4340CE,0.0,0.0,0.0,64.35,0.0,64.35,4210.8,76.0,0,0,0,0.0,0,F1,250,,,,,
2026-02-18,2026-02-18,FO,NSE,STO,163754,,TORNTPHARM,,2026-03-30,2026-03-30,4280.0,CE,TORNTPHARM26MAR4280CE,0.0,0.0,0.0,137.35,137.35,137.35,4210.8,99.25,750,0,0,0.0,0,F1,250,,,,,
2026-02-18,2026-02-18,FO,NSE,STO,163648,,TORNTPHARM,,2026-02-24,2026-02-24,4560.0,CE,TORNTPHARM26FEB4560CE,4.4,4.4,1.6,2.45,2.45,4.4,4210.8,2.45,40000,-6750,146,166533712.5,136,F1,250,,,,,
2026-02-18,2026-02-18,FO,NSE,STO,163632,,TORNTPHARM,,2026-02-24,2026-02-24,4360.0,CE,TORNTPHARM26FEB4360CE,22.75,22.75,8.3,10.35,10.2,22.5,4210.8,10.35,16750,-4500,236,257986712.5,160,F1,250,,,,,
2026-02-18,2026-02-18,FO,NSE,STO,163608,,TORNTPHARM,,2026-02-24,2026-02-24,4060.0,CE,TORNTPHARM26FEB4060CE,202.0,202.0,202.0,202.0,202.0,186.4,4210.8,159.0,12750,0,1,1065500.0,1,F1,250,,,,,
2026-02-18,2026-02-18,FO,NSE,STO,163578,,TORNTPHARM,,2026-02-24,2026-02-24,3680.0,CE,TORNTPHARM26FEB3680CE,0.0,0.0,0.0,250.3,0.0,250.3,4210.8,534.15,0,0,0,0.0,0,F1,250,,,,,
2026-02-18,2026-02-18,FO,NSE,STO,163767,,TORNTPHARM,,2026-03-30,2026-03-30,4520.0,PE,TORNTPHARM26MAR4520PE,0.0,0.0,0.0,657.9,0.0,657.9,4210.8,312.25,0,0,0,0.0,0,F1,250,,,,,
2026-02-18,2026-02-18,FO,NSE,STO,170752,,TORNTPHARM,,2026-03-30,2026-03-30,4460.0,CE,TORNTPHARM26MAR4460CE,0.0,0.0,0.0,41.15,0.0,41.15,4210.8,41.9,0,0,0,0.0,0,F1,250,,,,,
2026-02-18,2026-02-18,FO,NSE,STO,163736,,TORNTPHARM,,2026-03-30,2026-03-30,3920.0,CE,TORNTPHARM26MAR3920CE,0.0,0.0,0.0,170.7,0.0,170.7,4210.8,334.3,0,0,0,0.0,0,F1,250,,,,,
2026-02-18,2026-02-18,FO,NSE,STO,170724,,TORNTPHARM,,2026-03-30,2026-03-30,3900.0,CE,TORNTPHARM26MAR3900CE,0.0,0.0,0.0,425.0,425.0,425.0,4210.8,351.45,1500,0,0,0.0,0,F1,250,,,,,
2026-02-18,2026-02-18,FO,NSE,STO,163728,,TORNTPHARM,,2026-03-30,2026-03-30,3760.0,CE,TORNTPHARM26MAR3760CE,0.0,0.0,0.0,250.85,0.0,250.85,4210.8,478.8,0,0,0,0.0,0,F1,250,,,,,
2026-02-18,2026-02-18,FO,NSE,STO,163724,,TORNTPHARM,,2026-03-30,2026-03-30,3680.0,CE,TORNTPHARM26MAR3680CE,0.0,0.0,0.0,434.5,434.5,434.5,4210.8,555.4,0,0,0,0.0,0,F1,250,,,,,
2026-02-18,2026-02-18,FO,NSE,STO,163618,,TORNTPHARM,,2026-02-24,2026-02-24,4180.0,CE,TORNTPHARM26FEB4180CE,94.4,94.4,52.65,67.9,70.7,94.1,4210.8,67.9,10500,-3000,56,59370962.5,54,F1,250,,,,,
2026-02-18,2026-02-18,FO,NSE,STO,163614,,TORNTPHARM,,2026-02-24,2026-02-24,4140.0,CE,TORNTPHARM26FEB4140CE,104.5,104.5,104.5,104.5,104.5,122.45,4210.8,92.35,17500,0,1,1061125.0,1,F1,250,,,,,
2026-02-18,2026-02-18,FO,NSE,STO,163594,,TORNTPHARM,,2026-02-24,2026-02-24,3880.0,CE,TORNTPHARM26FEB3880CE,0.0,0.0,0.0,151.4,151.4,151.4,4210.8,334.35,250,0,0,0.0,0,F1,250,,,,,
2026-02-18,2026-02-18,FO,NSE,STO,163586,,TORNTPHARM,,2026-02-24,2026-02-24,3780.0,CE,TORNTPHARM26FEB3780CE,0.0,0.0,0.0,187.8,187.8,187.8,4210.8,434.2,500,0,0,0.0,0,F1,250,,,,,
2026-02-18,2026-02-18,FO,NSE,STO,163574,,TORNTPHARM,,2026-02-24,2026-02-24,3640.0,CE,TORNTPHARM26FEB3640CE,0.0,0.0,0.0,277.55,0.0,277.55,4210.8,574.1,0,0,0,0.0,0,F1,250,,,,,
2026-02-18,2026-02-18,FO,NSE,STO,163558,,TORNTPHARM,,2026-02-24,2026-02-24,3440.0,CE,TORNTPHARM26FEB3440CE,0.0,0.0,0.0,434.95,0.0,434.95,4210.8,773.9,0,0,0,0.0,0,F1,250,,,,,
2026-02-18,2026-02-18,FO,NSE,STO,170864,,TORNTPHARM,,2026-04-28,2026-04-28,4560.0,CE,TORNTPHARM26APR4560CE,0.0,0.0,0.0,53.0,0.0,53.0,4210.8,53.85,0,0,0,0.0,0,F1,250,,,,,
2026-02-18,2026-02-18,FO,NSE,STO,170859,,TORNTPHARM,,2026-04-28,2026-04-28,4440.0,PE,TORNTPHARM26APR4440PE,0.0,0.0,0.0,450.45,0.0,450.45,4210.8,267.9,0,0,0,0.0,0,F1,250,,,,,
2026-02-18,2026-02-18,FO,NSE,STO,170845,,TORNTPHARM,,2026-04-28,2026-04-28,4160.0,PE,TORNTPHARM26APR4160PE,0.0,0.0,0.0,258.75,0.0,258.75,4210.8,112.3,0,0,0,0.0,0,F1,250,,,,,
2026-02-18,2026-02-18,FO,NSE,STO,170835,,TORNTPHARM,,2026-04-28,2026-04-28,3960.0,PE,TORNTPHARM26APR3960PE,0.0,0.0,0.0,155.3,0.0,155.3,4210.8,47.85,0,0,0,0.0,0,F1,250,,,,,
2026-02-18,2026-02-18,FO,NSE,STO,170833,,TORNTPHARM,,2026-04-28,2026-04-28,3920.0,PE,TORNTPHARM26APR3920PE,0.0,0.0,0.0,138.3,0.0,138.3,4210.8,39.2,0,0,0,0.0,0,F1,250,,,,,
2026-02-18,2026-02-18,FO,NSE,STO,163775,,TORNTPHARM,,2026-03-30,2026-03-30,4800.0,PE,TORNTPHARM26MAR4800PE,0.0,0.0,0.0,916.1,0.0,916.1,4210.8,565.35,0,0,0,0.0,0,F1,250,,,,,
2026-02-18,2026-02-18,FO,NSE,STO,163751,,TORNTPHARM,,2026-03-30,2026-03-30,4200.0,PE,TORNTPHARM26MAR4200PE,105.0,125.95,98.0,110.1,112.5,111.3,4210.8,110.1,20750,3000,81,87303412.5,77,F1,250,,,,,
2026-02-18,2026-02-18,FO,NSE,STO,170739,,TORNTPHARM,,2026-03-30,2026-03-30,4180.0,PE,TORNTPHARM26MAR4180PE,0.0,0.0,0.0,248.85,0.0,248.85,4210.8,92.5,0,0,0,0.0,0,F1,250,,,,,
2026-02-18,2026-02-18,FO,NSE,STO,170737,,TORNTPHARM,,2026-03-30,2026-03-30,4140.0,PE,TORNTPHARM26MAR4140PE,0.0,0.0,0.0,223.9,0.0,223.9,4210.8,76.1,0,0,0,0.0,0,F1,250,,,,,
2026-02-18,2026-02-18,FO,NSE,STO,163743,,TORNTPHARM,,2026-03-30,2026-03-30,4040.0,PE,TORNTPHARM26MAR4040PE,0.0,0.0,0.0,282.1,0.0,282.1,4210.8,43.9,0,0,0,0.0,0,F1,250,,,,,
2026-02-18,2026-02-18,FO,NSE,STO,163629,,TORNTPHARM,,2026-02-24,2026-02-24,4320.0,PE,TORNTPHARM26FEB4320PE,0.0,0.0,0.0,482.3,0.0,482.3,4210.8,117.1,0,0,0,0.0,0,F1,250,,,,,
2026-02-18,2026-02-18,FO,NSE,STO,163619,,TORNTPHARM,,2026-02-24,2026-02-24,4180.0,PE,TORNTPHARM26FEB4180PE,29.8,49.95,29.8,31.9,32.85,35.85,4210.8,31.9,12000,-4750,281,296540400.0,253,F1,250,,,,,
2026-02-18,2026-02-18,FO,NSE,STO,163579,,TORNTPHARM,,2026-02-24,2026-02-24,3680.0,PE,TORNTPHARM26FEB3680PE,0.0,0.0,0.0,3.3,3.3,3.3,4210.8,0.05,2500,0,0,0.0,0,F1,250,,,,,
2026-02-18,2026-02-18,FO,NSE,STO,163575,,TORNTPHARM,,2026-02-24,2026-02-24,3640.0,PE,TORNTPHARM26FEB3640PE,0.0,0.0,0.0,10.0,10.0,10.0,4210.8,0.05,750,0,0,0.0,0,F1,250,,,,,
2026-02-18,2026-02-18,FO,NSE,STO,163774,,TORNTPHARM,,2026-03-30,2026-03-30,4800.0,CE,TORNTPHARM26MAR4800CE,0.0,0.0,0.0,9.3,0.0,9.3,4210.8,5.0,0,0,0,0.0,0,F1,250,,,,,
2026-02-18,2026-02-18,FO,NSE,STO,163612,,TORNTPHARM,,2026-02-24,2026-02-24,4120.0,CE,TORNTPHARM26FEB4120CE,148.0,148.0,148.0,148.0,148.0,138.25,4210.8,107.65,14500,-250,1,1067000.0,1,F1,250,,,,,
2026-02-18,2026-02-18,FO,NSE,STO,44389,,TORNTPHARM,,2026-02-24,2026-02-24,4700.0,CE,TORNTPHARM26FEB4700CE,1.8,1.8,0.4,0.6,0.6,1.75,4210.8,0.6,27000,-1000,25,29379150.0,25,F1,250,,,,,
2026-02-18,2026-02-18,FO,NSE,STO,44000,,TORNTPHARM,,2026-02-24,2026-02-24,4660.0,CE,TORNTPHARM26FEB4660CE,0.0,0.0,0.0,6.1,0.0,6.1,4210.8,0.05,0,0,0,0.0,0,F1,250,,,,,
2026-02-18,2026-02-18,FO,NSE,STO,163638,,TORNTPHARM,,2026-02-24,2026-02-24,4440.0,CE,TORNTPHARM26FEB4440CE,9.2,10.0,3.6,4.95,4.9,11.45,4210.8,4.95,30500,-5000,157,174491887.5,124,F1,250,,,,,
2026-02-18,2026-02-18,FO,NSE,STO,145247,,TORNTPHARM,,2026-02-24,2026-02-24,4400.0,CE,TORNTPHARM26FEB4400CE,12.3,15.15,5.35,7.2,6.8,16.0,4210.8,7.2,108250,-13750,526,579802212.5,376,F1,250,,,,,
2026-02-18,2026-02-18,FO,NSE,STO,163630,,TORNTPHARM,,2026-02-24,2026-02-24,4340.0,CE,TORNTPHARM26FEB4340CE,26.1,26.25,10.0,13.15,12.8,27.75,4210.8,13.15,20250,-8750,181,197002862.5,158,F1,250,,,,,
2026-02-18,2026-02-18,FO,NSE,STO,163620,,TORNTPHARM,,2026-02-24,2026-02-24,4220.0,CE,TORNTPHARM26FEB4220CE,70.45,77.8,35.0,45.9,43.25,71.4,4210.8,45.9,18500,6750,289,308040150.0,267,F1,250,,,,,
2026-02-18,2026-02-18,FO,NSE,STO,163616,,TORNTPHARM,,2026-02-24,2026-02-24,4160.0,CE,TORNTPHARM26FEB4160CE,108.8,108.8,64.25,80.0,79.8,118.8,4210.8,80.0,17000,-500,39,41261900.0,25,F1,250,,,,,
2026-02-18,2026-02-18,FO,NSE,STO,163727,,TORNTPHARM,,2026-03-30,2026-03-30,3720.0,PE,TORNTPHARM26MAR3720PE,0.0,0.0,0.0,56.85,56.85,56.85,4210.8,3.7,500,0,0,0.0,0,F1,250,,,,,
2026-02-18,2026-02-18,FO,NSE,STO,163715,,TORNTPHARM,,2026-03-30,2026-03-30,3480.0,PE,TORNTPHARM26MAR3480PE,0.0,0.0,0.0,47.1,0.0,47.1,4210.8,0.25,0,0,0,0.0,0,F1,250,,,,,
2026-02-18,2026-02-18,FO,NSE,STO,163655,,TORNTPHARM,,2026-02-24,2026-02-24,4720.0,PE,TORNTPHARM26FEB4720PE,0.0,0.0,0.0,857.3,0.0,857.3,4210.8,504.95,0,0,0,0.0,0,F1,250,,,,,
2026-02-18,2026-02-18,FO,NSE,STO,163647,,TORNTPHARM,,2026-02-24,2026-02-24,4540.0,PE,TORNTPHARM26FEB4540PE,305.85,356.25,305.85,356.25,356.25,684.05,4210.8,325.2,750,750,6,7306575.0,2,F1,250,,,,,
2026-02-18,2026-02-18,FO,NSE,STO,163613,,TORNTPHARM,,2026-02-24,2026-02-24,4120.0,PE,TORNTPHARM26FEB4120PE,18.0,21.7,13.45,14.05,14.2,18.95,4210.8,14.05,6500,-3500,68,70365000.0,67,F1,250,,,,,
2026-02-18,2026-02-18,FO,NSE,STO,163605,,TORNTPHARM,,2026-02-24,2026-02-24,4020.0,PE,TORNTPHARM26FEB4020PE,7.1,7.2,3.5,3.7,3.7,6.4,4210.8,3.7,29250,0,22,22143925.0,13,F1,250,,,,,
2026-02-18,2026-02-18,FO,NSE,STO,163577,,TORNTPHARM,,2026-02-24,2026-02-24,3660.0,PE,TORNTPHARM26FEB3660PE,0.0,0.0,0.0,1.1,1.1,1.1,4210.8,0.05,3250,0,0,0.0,0,F1,250,,,,,
2026-02-18,2026-02-18,FO,NSE,STO,170874,,TORNTPHARM,,2026-04-28,2026-04-28,4800.0,CE,TORNTPHARM26APR4800CE,0.0,0.0,0.0,24.45,0.0,24.45,4210.8,19.2,0,0,0,0.0,0,F1,250,,,,,
2026-02-18,2026-02-18,FO,NSE,STO,170862,,TORNTPHARM,,2026-04-28,2026-04-28,4520.0,CE,TORNTPHARM26APR4520CE,0.0,0.0,0.0,59.85,0.0,59.85,4210.8,62.9,0,0,0,0.0,0,F1,250,,,,,
2026-02-18,2026-02-18,FO,NSE,STO,170848,,TORNTPHARM,,2026-04-28,2026-04-28,4240.0,CE,TORNTPHARM26APR4240CE,0.0,0.0,0.0,130.65,0.0,130.65,4210.8,163.6,0,0,0,0.0,0,F1,250,,,,,
2026-02-18,2026-02-18,FO,NSE,STO,170808,,TORNTPHARM,,2026-04-28,2026-04-28,3440.0,CE,TORNTPHARM26APR3440CE,0.0,0.0,0.0,631.5,0.0,631.5,4210.8,807.75,0,0,0,0.0,0,F1,250,,,,,
2026-02-18,2026-02-18,FO,NSE,STO,170756,,TORNTPHARM,,2026-03-30,2026-03-30,4540.0,CE,TORNTPHARM26MAR4540CE,0.0,0.0,0.0,30.0,0.0,30.0,4210.8,26.95,0,0,0,0.0,0,F1,250,,,,,
2026-02-18,2026-02-18,FO,NSE,STO,163762,,TORNTPHARM,,2026-03-30,2026-03-30,4440.0,CE,TORNTPHARM26MAR4440CE,58.95,61.0,53.6,53.6,53.6,61.0,4210.8,46.55,1750,750,7,7872350.0,7,F1,250,,,,,
2026-02-18,2026-02-18,FO,NSE,STO,58884,,TORNTPHARM,,2026-02-24,2026-02-24,4780.0,CE,TORNTPHARM26FEB4780CE,0.0,0.0,0.0,0.05,0.0,0.05,4210.8,0.05,0,0,0,0.0,0,F1,250,,,,,
2026-02-18,2026-02-18,FO,NSE,STO,58890,,TORNTPHARM,,2026-03-30,2026-03-30,4780.0,PE,TORNTPHARM26MAR4780PE,0.0,0.0,0.0,668.6,0.0,668.6,4210.8,546.25,0,0,0,0.0,0,F1,250,,,,,
2026-02-18,2026-02-18,FO,NSE,STO,170867,,TORNTPHARM,,2026-04-28,2026-04-28,4600.0,PE,TORNTPHARM26APR4600PE,0.0,0.0,0.0,579.0,0.0,579.0,4210.8,387.5,0,0,0,0.0,0,F1,250,,,,,
2026-02-18,2026-02-18,FO,NSE,STO,170849,,TORNTPHARM,,2026-04-28,2026-04-28,4240.0,PE,TORNTPHARM26APR4240PE,0.0,0.0,0.0,308.3,0.0,308.3,4210.8,148.95,0,0,0,0.0,0,F1,250,,,,,
2026-02-18,2026-02-18,FO,NSE,STO,170823,,TORNTPHARM,,2026-04-28,2026-04-28,3720.0,PE,TORNTPHARM26APR3720PE,0.0,0.0,0.0,71.5,0.0,71.5,4210.8,12.25,0,0,0,0.0,0,F1,250,,,,,
2026-02-18,2026-02-18,FO,NSE,STO,170817,,TORNTPHARM,,2026-04-28,2026-04-28,3600.0,PE,TORNTPHARM26APR3600PE,0.0,0.0,0.0,44.55,0.0,44.55,4210.8,5.25,0,0,0,0.0,0,F1,250,,,,,
2026-02-18,2026-02-18,FO,NSE,STO,163777,,TORNTPHARM,,2026-03-30,2026-03-30,4880.0,PE,TORNTPHARM26MAR4880PE,0.0,0.0,0.0,992.35,0.0,992.35,4210.8,642.65,0,0,0,0.0,0,F1,250,,,,,
2026-02-18,2026-02-18,FO,NSE,STF,52059,,TORNTPHARM,,2026-03-30,2026-03-30,,,TORNTPHARM26MARFUT,4246.4,4260.5,4189.4,4217.8,4217.0,4244.7,4210.8,4217.8,528750,352250,1750,1844083925.0,1106,F1,250,,,,,
2026-02-18,2026-02-18,FO,NSE,STO,163592,,TORNTPHARM,,2026-02-24,2026-02-24,3860.0,CE,TORNTPHARM26FEB3860CE,0.0,0.0,0.0,148.0,0.0,148.0,4210.8,354.3,0,0,0,0.0,0,F1,250,,,,,
2026-02-18,2026-02-18,FO,NSE,STO,163598,,TORNTPHARM,,2026-02-24,2026-02-24,3940.0,CE,TORNTPHARM26FEB3940CE,0.0,0.0,0.0,173.95,173.95,173.95,4210.8,274.6,7000,0,0,0.0,0,F1,250,,,,,
2026-02-18,2026-02-18,FO,NSE,STO,163602,,TORNTPHARM,,2026-02-24,2026-02-24,3980.0,CE,TORNTPHARM26FEB3980CE,277.65,277.65,213.0,213.0,213.0,261.9,4210.8,235.15,7750,-250,3,3161025.0,3,F1,250,,,,,
2026-02-18,2026-02-18,FO,NSE,STO,163606,,TORNTPHARM,,2026-02-24,2026-02-24,4040.0,CE,TORNTPHARM26FEB4040CE,0.0,0.0,0.0,205.95,207.9,205.95,4210.8,177.5,12250,0,0,0.0,0,F1,250,,,,,
2026-02-18,2026-02-18,FO,NSE,STO,163610,,TORNTPHARM,,2026-02-24,2026-02-24,4080.0,CE,TORNTPHARM26FEB4080CE,0.0,0.0,0.0,171.8,171.8,171.8,4210.8,141.1,15750,0,0,0.0,0,F1,250,,,,,
2026-02-18,2026-02-18,FO,NSE,STO,154307,,VBL,,2026-02-24,2026-02-24,510.0,CE,VBL26FEB510CE,0.25,0.3,0.2,0.25,0.3,0.3,463.65,0.25,324000,-73125,281,161300756.25,122,F1,1125,,,,,
2026-02-18,2026-02-18,FO,NSE,STO,165568,,VBL,,2026-02-24,2026-02-24,505.0,CE,VBL26FEB505CE,0.35,0.35,0.25,0.3,0.25,0.4,463.65,0.3,230625,-1125,3,1705443.75,3,F1,1125,,,,,
2026-02-18,2026-02-18,FO,NSE,STO,165562,,VBL,,2026-02-24,2026-02-24,475.0,CE,VBL26FEB475CE,1.6,2.0,1.1,1.8,1.7,1.65,463.65,1.8,1419750,-32625,567,304036481.25,507,F1,1125,,,,,
2026-02-18,2026-02-18,FO,NSE,STF,59503,,VBL,,2026-02-24,2026-02-24,,,VBL26FEBFUT,458.05,463.8,456.55,463.2,462.7,457.7,463.65,463.2,35860500,-3897000,5754,2974115081.25,3917,F1,1125,,,,,
2026-02-18,2026-02-18,FO,NSE,STO,172213,,VBL,,2026-04-28,2026-04-28,540.0,PE,VBL26APR540PE,0.0,0.0,0.0,74.35,0.0,74.35,463.65,75.5,0,0,0,0.0,0,F1,1125,,,,,
2026-02-18,2026-02-18,FO,NSE,STO,172209,,VBL,,2026-04-28,2026-04-28,520.0,PE,VBL26APR520PE,0.0,0.0,0.0,59.75,0.0,59.75,463.65,58.85,0,0,0,0.0,0,F1,1125,,,,,
2026-02-18,2026-02-18,FO,NSE,STO,172203,,VBL,,2026-04-28,2026-04-28,490.0,PE,VBL26APR490PE,0.0,0.0,0.0,40.65,0.0,40.65,463.65,37.0,0,0,0,0.0,0,F1,1125,,,,,
2026-02-18,2026-02-18,FO,NSE,STO,172191,,VBL,,2026-04-28,2026-04-28,430.0,PE,VBL26APR430PE,0.0,0.0,0.0,14.15,0.0,14.15,463.65,9.1,0,0,0,0.0,0,F1,1125,,,,,
2026-02-18,2026-02-18,FO,NSE,STO,172189,,VBL,,2026-04-28,2026-04-28,420.0,PE,VBL26APR420PE,0.0,0.0,0.0,11.3,0.0,11.3,463.65,6.6,0,0,0,0.0,0,F1,1125,,,,,
2026-02-18,2026-02-18,FO,NSE,STO,172187,,VBL,,2026-04-28,2026-04-28,410.0,PE,VBL26APR410PE,0.0,0.0,0.0,8.9,0.0,8.9,463.65,4.65,0,0,0,0.0,0,F1,1125,,,,,
2026-02-18,2026-02-18,FO,NSE,STO,172143,,VBL,,2026-03-30,2026-03-30,545.0,PE,VBL26MAR545PE,0.0,0.0,0.0,75.6,0.0,75.6,463.65,79.4,0,0,0,0.0,0,F1,1125,,,,,
2026-02-18,2026-02-18,FO,NSE,STO,172139,,VBL,,2026-03-30,2026-03-30,525.0,PE,VBL26MAR525PE,0.0,0.0,0.0,59.8,0.0,59.8,463.65,61.1,0,0,0,0.0,0,F1,1125,,,,,
2026-02-18,2026-02-18,FO,NSE,STO,165643,,VBL,,2026-03-30,2026-03-30,480.0,PE,VBL26MAR480PE,29.2,29.2,24.35,24.5,24.6,28.0,463.65,24.5,5625,4500,7,3985762.5,7,F1,1125,,,,,
2026-02-18,2026-02-18,FO,NSE,STO,165621,,VBL,,2026-03-30,2026-03-30,370.0,PE,VBL26MAR370PE,0.0,0.0,0.0,2.15,0.0,2.15,463.65,0.15,0,0,0,0.0,0,F1,1125,,,,,
2026-02-18,2026-02-18,FO,NSE,STO,154316,,VBL,,2026-02-24,2026-02-24,550.0,PE,VBL26FEB550PE,0.0,0.0,0.0,91.9,91.9,91.9,463.65,85.85,0,0,0,0.0,0,F1,1125,,,,,
2026-02-18,2026-02-18,FO,NSE,STO,154314,,VBL,,2026-02-24,2026-02-24,540.0,PE,VBL26FEB540PE,0.0,0.0,0.0,83.5,83.5,83.5,463.65,75.85,14625,0,0,0.0,0,F1,1125,,,,,
2026-02-18,2026-02-18,FO,NSE,STO,165575,,VBL,,2026-02-24,2026-02-24,535.0,PE,VBL26FEB535PE,0.0,0.0,0.0,79.9,79.9,79.9,463.65,70.85,5625,0,0,0.0,0,F1,1125,,,,,
2026-02-18,2026-02-18,FO,NSE,STO,165567,,VBL,,2026-02-24,2026-02-24,495.0,PE,VBL26FEB495PE,0.0,0.0,0.0,38.5,38.5,38.5,463.65,31.3,78750,0,0,0.0,0,F1,1125,,,,,
2026-02-18,2026-02-18,FO,NSE,STO,154300,,VBL,,2026-02-24,2026-02-24,470.0,PE,VBL26FEB470PE,12.6,14.9,9.35,9.55,10.45,14.6,463.65,9.55,324000,-12375,143,77495512.5,121,F1,1125,,,,,
2026-02-18,2026-02-18,FO,NSE,STO,154298,,VBL,,2026-02-24,2026-02-24,460.0,PE,VBL26FEB460PE,7.1,7.7,3.55,3.8,4.0,7.5,463.65,3.8,754875,-84375,613,320562168.75,566,F1,1125,,,,,
2026-02-18,2026-02-18,FO,NSE,STO,172181,,VBL,,2026-04-28,2026-04-28,380.0,PE,VBL26APR380PE,0.0,0.0,0.0,3.85,0.0,3.85,463.65,1.3,0,0,0,0.0,0,F1,1125,,,,,
2026-02-18,2026-02-18,FO,NSE,STO,154290,,VBL,,2026-02-24,2026-02-24,420.0,PE,VBL26FEB420PE,0.4,0.4,0.25,0.35,0.3,0.4,463.65,0.35,308250,-21375,71,33571856.25,57,F1,1125,,,,,
2026-02-18,2026-02-18,FO,NSE,STO,172194,,VBL,,2026-04-28,2026-04-28,450.0,CE,VBL26APR450CE,0.0,0.0,0.0,49.7,0.0,49.7,463.65,34.15,0,0,0,0.0,0,F1,1125,,,,,
2026-02-18,2026-02-18,FO,NSE,STO,172176,,VBL,,2026-04-28,2026-04-28,360.0,CE,VBL26APR360CE,0.0,0.0,0.0,119.15,0.0,119.15,463.65,107.85,0,0,0,0.0,0,F1,1125,,,,,
2026-02-18,2026-02-18,FO,NSE,STO,165652,,VBL,,2026-03-30,2026-03-30,530.0,CE,VBL26MAR530CE,0.0,0.0,0.0,2.5,2.5,2.5,463.65,2.4,24750,0,0,0.0,0,F1,1125,,,,,
2026-02-18,2026-02-18,FO,NSE,STO,172132,,VBL,,2026-03-30,2026-03-30,495.0,CE,VBL26MAR495CE,0.0,0.0,0.0,20.9,0.0,20.9,463.65,8.2,0,0,0,0.0,0,F1,1125,,,,,
2026-02-18,2026-02-18,FO,NSE,STO,172122,,VBL,,2026-03-30,2026-03-30,445.0,CE,VBL26MAR445CE,0.0,0.0,0.0,25.0,25.0,25.0,463.65,30.75,6750,0,0,0.0,0,F1,1125,,,,,
2026-02-18,2026-02-18,FO,NSE,STO,165632,,VBL,,2026-03-30,2026-03-30,430.0,CE,VBL26MAR430CE,0.0,0.0,0.0,34.2,34.2,34.2,463.65,41.5,3375,0,0,0.0,0,F1,1125,,,,,
2026-02-18,2026-02-18,FO,NSE,STO,165550,,VBL,,2026-02-24,2026-02-24,415.0,CE,VBL26FEB415CE,47.9,47.9,47.9,47.9,47.9,34.45,463.65,47.9,29250,-1125,1,520762.5,1,F1,1125,,,,,
2026-02-18,2026-02-18,FO,NSE,STO,165657,,VBL,,2026-03-30,2026-03-30,550.0,PE,VBL26MAR550PE,0.0,0.0,0.0,89.0,89.0,89.0,463.65,84.1,2250,0,0,0.0,0,F1,1125,,,,,
2026-02-18,2026-02-18,FO,NSE,STO,172136,,VBL,,2026-03-30,2026-03-30,515.0,CE,VBL26MAR515CE,0.0,0.0,0.0,3.55,3.55,3.55,463.65,4.2,4500,0,0,0.0,0,F1,1125,,,,,
2026-02-18,2026-02-18,FO,NSE,STO,165640,,VBL,,2026-03-30,2026-03-30,470.0,CE,VBL26MAR470CE,14.0,16.0,13.3,15.35,15.5,13.25,463.65,15.35,111375,15750,117,63809100.0,94,F1,1125,,,,,
2026-02-18,2026-02-18,FO,NSE,STO,165636,,VBL,,2026-03-30,2026-03-30,450.0,CE,VBL26MAR450CE,25.05,26.4,23.05,25.95,25.05,22.8,463.65,25.95,139500,2250,29,15499800.0,27,F1,1125,,,,,
2026-02-18,2026-02-18,FO,NSE,STO,165630,,VBL,,2026-03-30,2026-03-30,420.0,CE,VBL26MAR420CE,0.0,0.0,0.0,79.85,0.0,79.85,463.65,49.55,0,0,0,0.0,0,F1,1125,,,,,
2026-02-18,2026-02-18,FO,NSE,STO,165628,,VBL,,2026-03-30,2026-03-30,410.0,CE,VBL26MAR410CE,0.0,0.0,0.0,87.65,0.0,87.65,463.65,58.15,0,0,0,0.0,0,F1,1125,,,,,
2026-02-18,2026-02-18,FO,NSE,STO,165574,,VBL,,2026-02-24,2026-02-24,535.0,CE,VBL26FEB535CE,0.05,0.15,0.05,0.1,0.1,0.4,463.65,0.1,25875,-5625,8,4815900.0,7,F1,1125,,,,,
2026-02-18,2026-02-18,FO,NSE,STO,154309,,VBL,,2026-02-24,2026-02-24,520.0,CE,VBL26FEB520CE,0.15,0.15,0.1,0.1,0.1,0.15,463.65,0.1,551250,-18000,80,46812712.5,32,F1,1125,,,,,
2026-02-18,2026-02-18,FO,NSE,STO,165558,,VBL,,2026-02-24,2026-02-24,455.0,CE,VBL26FEB455CE,7.4,10.85,6.45,10.25,9.45,7.65,463.65,10.25,288000,-106875,457,238249912.5,432,F1,1125,,,,,
2026-02-18,2026-02-18,FO,NSE,STO,165552,,VBL,,2026-02-24,2026-02-24,425.0,CE,VBL26FEB425CE,0.0,0.0,0.0,33.85,33.85,33.85,463.65,39.1,54000,0,0,0.0,0,F1,1125,,,,,
2026-02-18,2026-02-18,FO,NSE,STO,154289,,VBL,,2026-02-24,2026-02-24,420.0,CE,VBL26FEB420CE,0.0,0.0,0.0,37.45,37.45,37.45,463.65,44.05,39375,0,0,0.0,0,F1,1125,,,,,
2026-02-18,2026-02-18,FO,NSE,STO,165542,,VBL,,2026-02-24,2026-02-24,375.0,CE,VBL26FEB375CE,0.0,0.0,0.0,113.8,0.0,113.8,463.65,89.0,0,0,0,0.0,0,F1,1125,,,,,
2026-02-18,2026-02-18,FO,NSE,STO,172183,,VBL,,2026-04-28,2026-04-28,390.0,PE,VBL26APR390PE,0.0,0.0,0.0,5.2,0.0,5.2,463.65,2.1,0,0,0,0.0,0,F1,1125,,,,,
2026-02-18,2026-02-18,FO,NSE,STO,165573,,VBL,,2026-02-24,2026-02-24,525.0,PE,VBL26FEB525PE,0.0,0.0,0.0,50.6,0.0,50.6,463.65,60.9,0,0,0,0.0,0,F1,1125,,,,,
2026-02-18,2026-02-18,FO,NSE,STO,172216,,VBL,,2026-04-28,2026-04-28,560.0,CE,VBL26APR560CE,0.0,0.0,0.0,10.3,0.0,10.3,463.65,2.7,0,0,0,0.0,0,F1,1125,,,,,
2026-02-18,2026-02-18,FO,NSE,STO,172201,,VBL,,2026-04-28,2026-04-28,480.0,PE,VBL26APR480PE,0.0,0.0,0.0,35.1,0.0,35.1,463.65,30.8,0,0,0,0.0,0,F1,1125,,,,,
2026-02-18,2026-02-18,FO,NSE,STO,154301,,VBL,,2026-02-24,2026-02-24,480.0,CE,VBL26FEB480CE,1.05,1.35,0.75,1.15,1.0,1.15,463.65,1.15,2263500,32625,851,460540181.25,599,F1,1125,,,,,
2026-02-18,2026-02-18,FO,NSE,STO,154296,,VBL,,2026-02-24,2026-02-24,450.0,PE,VBL26FEB450PE,2.9,3.05,1.15,1.25,1.4,3.05,463.65,1.25,1165500,-58500,845,429640031.25,731,F1,1125,,,,,
2026-02-18,2026-02-18,FO,NSE,STO,165563,,VBL,,2026-02-24,2026-02-24,475.0,PE,VBL26FEB475PE,16.5,18.85,13.1,13.4,13.1,19.0,463.65,13.4,246375,-30375,85,46966612.5,76,F1,1125,,,,,
2026-02-18,2026-02-18,FO,NSE,STO,165565,,VBL,,2026-02-24,2026-02-24,485.0,PE,VBL26FEB485PE,26.45,28.85,22.1,22.3,22.4,28.75,463.65,22.3,361125,-14625,45,25839787.5,44,F1,1125,,,,,
2026-02-18,2026-02-18,FO,NSE,STO,165625,,VBL,,2026-03-30,2026-03-30,390.0,PE,VBL26MAR390PE,0.0,0.0,0.0,4.1,0.0,4.1,463.65,0.65,0,0,0,0.0,0,F1,1125,,,,,
2026-02-18,2026-02-18,FO,NSE,STO,165627,,VBL,,2026-03-30,2026-03-30,400.0,PE,VBL26MAR400PE,1.95,2.0,1.45,1.45,1.45,2.0,463.65,1.45,48375,32625,51,23055637.5,32,F1,1125,,,,,
2026-02-18,2026-02-18,FO,NSE,STO,172115,,VBL,,2026-03-30,2026-03-30,405.0,PE,VBL26MAR405PE,2.05,2.25,2.05,2.25,2.25,2.15,463.65,1.55,6750,5625,7,3206362.5,7,F1,1125,,,,,
2026-02-18,2026-02-18,FO,NSE,STO,165633,,VBL,,2026-03-30,2026-03-30,430.0,PE,VBL26MAR430PE,5.35,6.35,4.6,4.65,4.6,6.0,463.65,4.65,58500,27000,88,43090931.25,61,F1,1125,,,,,
2026-02-18,2026-02-18,FO,NSE,STO,172121,,VBL,,2026-03-30,2026-03-30,435.0,PE,VBL26MAR435PE,6.35,6.35,5.8,5.8,5.8,8.8,463.65,5.8,5625,-1125,4,1985062.5,4,F1,1125,,,,,
2026-02-18,2026-02-18,FO,NSE,STO,172131,,VBL,,2026-03-30,2026-03-30,485.0,PE,VBL26MAR485PE,0.0,0.0,0.0,33.1,0.0,33.1,463.65,29.55,0,0,0,0.0,0,F1,1125,,,,,
2026-02-18,2026-02-18,FO,NSE,STO,172195,,VBL,,2026-04-28,2026-04-28,450.0,PE,VBL26APR450PE,0.0,0.0,0.0,21.15,0.0,21.15,463.65,15.85,0,0,0,0.0,0,F1,1125,,,,,
2026-02-18,2026-02-18,FO,NSE,STO,172197,,VBL,,2026-04-28,2026-04-28,460.0,PE,VBL26APR460PE,0.0,0.0,0.0,25.35,0.0,25.35,463.65,20.2,0,0,0,0.0,0,F1,1125,,,,,
2026-02-18,2026-02-18,FO,NSE,STO,165662,,VBL,,2026-03-30,2026-03-30,580.0,CE,VBL26MAR580CE,0.0,0.0,0.0,1.0,1.0,1.0,463.65,0.3,9000,0,0,0.0,0,F1,1125,,,,,
2026-02-18,2026-02-18,FO,NSE,STO,154279,,VBL,,2026-02-24,2026-02-24,370.0,CE,VBL26FEB370CE,0.0,0.0,0.0,87.0,87.0,87.0,463.65,94.0,0,0,0,0.0,0,F1,1125,,,,,
2026-02-18,2026-02-18,FO,NSE,STO,154299,,VBL,,2026-02-24,2026-02-24,470.0,CE,VBL26FEB470CE,2.2,3.15,1.65,2.8,2.6,2.35,463.65,2.8,921375,-300375,3094,1644693075.0,1967,F1,1125,,,,,
2026-02-18,2026-02-18,FO,NSE,STO,172120,,VBL,,2026-03-30,2026-03-30,435.0,CE,VBL26MAR435CE,0.0,0.0,0.0,33.9,33.9,33.9,463.65,37.75,2250,0,0,0.0,0,F1,1125,,,,,
2026-02-18,2026-02-18,FO,NSE,STO,172128,,VBL,,2026-03-30,2026-03-30,475.0,CE,VBL26MAR475CE,12.7,13.45,12.6,13.45,13.45,11.75,463.65,13.45,18000,7875,7,3841987.5,6,F1,1125,,,,,
2026-02-18,2026-02-18,FO,NSE,STO,165654,,VBL,,2026-03-30,2026-03-30,540.0,CE,VBL26MAR540CE,1.85,1.85,1.65,1.75,1.75,1.7,463.65,1.75,48375,0,15,9142143.75,14,F1,1125,,,,,
2026-02-18,2026-02-18,FO,NSE,STO,165656,,VBL,,2026-03-30,2026-03-30,550.0,CE,VBL26MAR550CE,0.0,0.0,0.0,3.95,3.95,3.95,463.65,1.05,3375,0,0,0.0,0,F1,1125,,,,,
2026-02-18,2026-02-18,FO,NSE,STO,172144,,VBL,,2026-03-30,2026-03-30,555.0,CE,VBL26MAR555CE,1.75,1.75,1.75,1.75,1.75,3.85,463.65,0.85,3375,1125,1,626343.75,1,F1,1125,,,,,
2026-02-18,2026-02-18,FO,NSE,STO,165551,,VBL,,2026-02-24,2026-02-24,415.0,PE,VBL26FEB415PE,0.3,0.3,0.2,0.2,0.2,0.4,463.65,0.2,92250,-6750,8,3737025.0,8,F1,1125,,,,,
2026-02-18,2026-02-18,FO,NSE,STO,154304,,VBL,,2026-02-24,2026-02-24,490.0,PE,VBL26FEB490PE,30.05,33.05,27.2,27.2,27.2,33.0,463.65,27.2,167625,-10125,17,9977006.25,17,F1,1125,,,,,
2026-02-18,2026-02-18,FO,NSE,STO,154308,,VBL,,2026-02-24,2026-02-24,510.0,PE,VBL26FEB510PE,47.0,47.0,47.0,47.0,47.0,53.8,463.65,47.0,29250,-5625,6,3759750.0,2,F1,1125,,,,,
2026-02-18,2026-02-18,FO,NSE,STO,165579,,VBL,,2026-02-24,2026-02-24,555.0,PE,VBL26FEB555PE,0.0,0.0,0.0,73.55,0.0,73.55,463.65,90.85,0,0,0,0.0,0,F1,1125,,,,,
2026-02-18,2026-02-18,FO,NSE,STO,165623,,VBL,,2026-03-30,2026-03-30,380.0,PE,VBL26MAR380PE,0.0,0.0,0.0,3.0,0.0,3.0,463.65,0.3,0,0,0,0.0,0,F1,1125,,,,,
2026-02-18,2026-02-18,FO,NSE,STO,165635,,VBL,,2026-03-30,2026-03-30,440.0,PE,VBL26MAR440PE,8.0,9.1,6.7,6.8,6.9,8.7,463.65,6.8,192375,38250,182,91669950.0,128,F1,1125,,,,,
2026-02-18,2026-02-18,FO,NSE,STO,172125,,VBL,,2026-03-30,2026-03-30,455.0,PE,VBL26MAR455PE,0.0,0.0,0.0,18.45,0.0,18.45,463.65,13.2,0,0,0,0.0,0,F1,1125,,,,,
2026-02-18,2026-02-18,FO,NSE,STO,172185,,VBL,,2026-04-28,2026-04-28,400.0,PE,VBL26APR400PE,0.0,0.0,0.0,6.85,0.0,6.85,463.65,3.2,0,0,0,0.0,0,F1,1125,,,,,
2026-02-18,2026-02-18,FO,NSE,STO,165547,,VBL,,2026-02-24,2026-02-24,395.0,PE,VBL26FEB395PE,0.0,0.0,0.0,0.4,0.4,0.4,463.65,0.05,31500,0,0,0.0,0,F1,1125,,,,,
2026-02-18,2026-02-18,FO,NSE,STO,165655,,VBL,,2026-03-30,2026-03-30,540.0,PE,VBL26MAR540PE,0.0,0.0,0.0,66.05,0.0,66.05,463.65,74.7,0,0,0,0.0,0,F1,1125,,,,,
2026-02-18,2026-02-18,FO,NSE,STO,165648,,VBL,,2026-03-30,2026-03-30,510.0,CE,VBL26MAR510CE,0.0,0.0,0.0,3.85,3.85,3.85,463.65,5.0,7875,0,0,0.0,0,F1,1125,,,,,
2026-02-18,2026-02-18,FO,NSE,STO,165620,,VBL,,2026-03-30,2026-03-30,370.0,CE,VBL26MAR370CE,0.0,0.0,0.0,122.1,0.0,122.1,463.65,96.0,0,0,0,0.0,0,F1,1125,,,,,
2026-02-18,2026-02-18,FO,NSE,STO,165554,,VBL,,2026-02-24,2026-02-24,435.0,CE,VBL26FEB435CE,24.6,27.5,24.45,27.5,27.5,21.8,463.65,29.4,209250,-2250,5,2594587.5,5,F1,1125,,,,,
2026-02-18,2026-02-18,FO,NSE,STO,172138,,VBL,,2026-03-30,2026-03-30,525.0,CE,VBL26MAR525CE,0.0,0.0,0.0,11.95,0.0,11.95,463.65,2.9,0,0,0,0.0,0,F1,1125,,,,,
2026-02-18,2026-02-18,FO,NSE,STO,172186,,VBL,,2026-04-28,2026-04-28,410.0,CE,VBL26APR410CE,0.0,0.0,0.0,76.8,0.0,76.8,463.65,62.55,0,0,0,0.0,0,F1,1125,,,,,
2026-02-18,2026-02-18,FO,NSE,STO,154282,,VBL,,2026-02-24,2026-02-24,380.0,PE,VBL26FEB380PE,0.05,0.05,0.05,0.05,0.05,0.1,463.65,0.05,45000,-3375,3,1282668.75,1,F1,1125,,,,,
2026-02-18,2026-02-18,FO,NSE,STO,154284,,VBL,,2026-02-24,2026-02-24,390.0,PE,VBL26FEB390PE,0.1,0.1,0.1,0.1,0.1,0.15,463.65,0.05,37125,-1125,1,438862.5,1,F1,1125,,,,,
2026-02-18,2026-02-18,FO,NSE,STO,154286,,VBL,,2026-02-24,2026-02-24,400.0,PE,VBL26FEB400PE,0.15,0.2,0.1,0.1,0.1,0.15,463.65,0.05,364500,-48375,72,32410800.0,35,F1,1125,,,,,
2026-02-18,2026-02-18,FO,NSE,STO,154317,,VBL,,2026-02-24,2026-02-24,560.0,CE,VBL26FEB560CE,0.05,0.05,0.05,0.05,0.05,0.2,463.65,0.05,122625,-18000,18,11341012.5,5,F1,1125,,,,,
2026-02-18,2026-02-18,FO,NSE,STO,165624,,VBL,,2026-03-30,2026-03-30,390.0,CE,VBL26MAR390CE,0.0,0.0,0.0,104.3,0.0,104.3,463.65,76.65,0,0,0,0.0,0,F1,1125,,,,,
2026-02-18,2026-02-18,FO,NSE,STO,172118,,VBL,,2026-03-30,2026-03-30,425.0,CE,VBL26MAR425CE,0.0,0.0,0.0,59.9,0.0,59.9,463.65,45.45,0,0,0,0.0,0,F1,1125,,,,,
2026-02-18,2026-02-18,FO,NSE,STO,172130,,VBL,,2026-03-30,2026-03-30,485.0,CE,VBL26MAR485CE,8.8,9.0,8.4,9.0,9.0,24.85,463.65,11.15,16875,16875,20,11109375.0,18,F1,1125,,,,,
2026-02-18,2026-02-18,FO,NSE,STO,172190,,VBL,,2026-04-28,2026-04-28,430.0,CE,VBL26APR430CE,0.0,0.0,0.0,62.4,0.0,62.4,463.65,47.2,0,0,0,0.0,0,F1,1125,,,,,
2026-02-18,2026-02-18,FO,NSE,STO,172192,,VBL,,2026-04-28,2026-04-28,440.0,CE,VBL26APR440CE,0.0,0.0,0.0,55.8,0.0,55.8,463.65,40.35,0,0,0,0.0,0,F1,1125,,,,,
2026-02-18,2026-02-18,FO,NSE,STO,165569,,VBL,,2026-02-24,2026-02-24,505.0,PE,VBL26FEB505PE,47.0,47.0,41.9,41.9,41.9,55.5,463.65,41.9,46125,-1125,2,1236262.5,2,F1,1125,,,,,
2026-02-18,2026-02-18,FO,NSE,STO,172123,,VBL,,2026-03-30,2026-03-30,445.0,PE,VBL26MAR445PE,0.0,0.0,0.0,18.3,18.3,18.3,463.65,9.45,2250,0,0,0.0,0,F1,1125,,,,,
2026-02-18,2026-02-18,FO,NSE,STO,172129,,VBL,,2026-03-30,2026-03-30,475.0,PE,VBL26MAR475PE,0.0,0.0,0.0,27.7,0.0,27.7,463.65,23.3,0,0,0,0.0,0,F1,1125,,,,,
2026-02-18,2026-02-18,FO,NSE,STO,165651,,VBL,,2026-03-30,2026-03-30,520.0,PE,VBL26MAR520PE,0.0,0.0,0.0,52.5,0.0,52.5,463.65,56.7,0,0,0,0.0,0,F1,1125,,,,,
2026-02-18,2026-02-18,FO,NSE,STO,172145,,VBL,,2026-03-30,2026-03-30,555.0,PE,VBL26MAR555PE,0.0,0.0,0.0,83.95,0.0,83.95,463.65,88.9,0,0,0,0.0,0,F1,1125,,,,,
2026-02-18,2026-02-18,FO,NSE,STO,154305,,VBL,,2026-02-24,2026-02-24,500.0,CE,VBL26FEB500CE,0.45,0.45,0.3,0.4,0.35,0.45,463.65,0.4,4305375,-330750,1166,656383050.0,491,F1,1125,,,,,
2026-02-18,2026-02-18,FO,NSE,STO,154283,,VBL,,2026-02-24,2026-02-24,390.0,CE,VBL26FEB390CE,0.0,0.0,0.0,74.35,0.0,74.35,463.65,74.0,0,0,0,0.0,0,F1,1125,,,,,
2026-02-18,2026-02-18,FO,NSE,STO,154297,,VBL,,2026-02-24,2026-02-24,460.0,CE,VBL26FEB460CE,5.5,7.4,4.15,6.9,6.5,5.2,463.65,6.9,1167750,-365625,2507,1313752500.0,2178,F1,1125,,,,,
2026-02-18,2026-02-18,FO,NSE,STO,165572,,VBL,,2026-02-24,2026-02-24,525.0,CE,VBL26FEB525CE,0.15,0.15,0.15,0.15,0.15,0.25,463.65,0.05,55125,-11250,10,5907937.5,5,F1,1125,,,,,
2026-02-18,2026-02-18,FO,NSE,STO,154311,,VBL,,2026-02-24,2026-02-24,530.0,CE,VBL26FEB530CE,0.15,0.15,0.05,0.05,0.05,0.15,463.65,0.05,149625,-32625,46,27432506.25,18,F1,1125,,,,,
2026-02-18,2026-02-18,FO,NSE,STF,67039,,VBL,,2026-04-28,2026-04-28,,,VBL26APRFUT,464.0,468.75,462.5,467.95,466.9,462.55,463.65,467.95,499500,-24750,62,32534100.0,60,F1,1125,,,,,
2026-02-18,2026-02-18,FO,NSE,STO,165576,,VBL,,2026-02-24,2026-02-24,545.0,CE,VBL26FEB545CE,0.0,0.0,0.0,10.0,0.0,10.0,463.65,0.05,0,0,0,0.0,0,F1,1125,,,,,
2026-02-18,2026-02-18,FO,NSE,STO,172112,,VBL,,2026-03-30,2026-03-30,395.0,CE,VBL26MAR395CE,0.0,0.0,0.0,84.2,0.0,84.2,463.65,71.9,0,0,0,0.0,0,F1,1125,,,,,
2026-02-18,2026-02-18,FO,NSE,STO,165638,,VBL,,2026-03-30,2026-03-30,460.0,CE,VBL26MAR460CE,18.55,21.4,17.7,20.25,20.0,17.65,463.65,20.25,382500,210375,921,496455750.0,800,F1,1125,,,,,
2026-02-18,2026-02-18,FO,NSE,STO,172140,,VBL,,2026-03-30,2026-03-30,535.0,CE,VBL26MAR535CE,0.0,0.0,0.0,9.75,0.0,9.75,463.65,1.95,0,0,0,0.0,0,F1,1125,,,,,
2026-02-18,2026-02-18,FO,NSE,STO,172204,,VBL,,2026-04-28,2026-04-28,500.0,CE,VBL26APR500CE,0.0,0.0,0.0,25.9,0.0,25.9,463.65,12.6,0,0,0,0.0,0,F1,1125,,,,,
2026-02-18,2026-02-18,FO,NSE,STO,165543,,VBL,,2026-02-24,2026-02-24,375.0,PE,VBL26FEB375PE,0.0,0.0,0.0,0.15,0.15,0.15,463.65,0.05,33750,0,0,0.0,0,F1,1125,,,,,
2026-02-18,2026-02-18,FO,NSE,STO,165577,,VBL,,2026-02-24,2026-02-24,545.0,PE,VBL26FEB545PE,0.0,0.0,0.0,65.55,0.0,65.55,463.65,80.85,0,0,0,0.0,0,F1,1125,,,,,
2026-02-18,2026-02-18,FO,NSE,STO,172109,,VBL,,2026-03-30,2026-03-30,375.0,PE,VBL26MAR375PE,0.0,0.0,0.0,1.55,0.0,1.55,463.65,0.2,0,0,0,0.0,0,F1,1125,,,,,
2026-02-18,2026-02-18,FO,NSE,STO,172113,,VBL,,2026-03-30,2026-03-30,395.0,PE,VBL26MAR395PE,1.35,1.7,0.9,1.0,1.2,1.75,463.65,1.0,130500,14625,48,21401268.75,43,F1,1125,,,,,
2026-02-18,2026-02-18,FO,NSE,STO,172133,,VBL,,2026-03-30,2026-03-30,495.0,PE,VBL26MAR495PE,0.0,0.0,0.0,39.05,0.0,39.05,463.65,36.6,0,0,0,0.0,0,F1,1125,,,,,
2026-02-18,2026-02-18,FO,NSE,STO,172135,,VBL,,2026-03-30,2026-03-30,505.0,PE,VBL26MAR505PE,43.0,43.1,43.0,43.05,43.1,45.5,463.65,43.05,2250,2250,2,1233112.5,2,F1,1125,,,,,
2026-02-18,2026-02-18,FO,NSE,STO,165653,,VBL,,2026-03-30,2026-03-30,530.0,PE,VBL26MAR530PE,0.0,0.0,0.0,59.1,0.0,59.1,463.65,65.55,0,0,0,0.0,0,F1,1125,,,,,
2026-02-18,2026-02-18,FO,NSE,STO,172217,,VBL,,2026-04-28,2026-04-28,560.0,PE,VBL26APR560PE,0.0,0.0,0.0,90.1,0.0,90.1,463.65,93.3,0,0,0,0.0,0,F1,1125,,,,,
2026-02-18,2026-02-18,FO,NSE,STO,154313,,VBL,,2026-02-24,2026-02-24,540.0,CE,VBL26FEB540CE,0.0,0.0,0.0,0.15,0.15,0.15,463.65,0.05,266625,0,0,0.0,0,F1,1125,,,,,
2026-02-18,2026-02-18,FO,NSE,STO,165631,,VBL,,2026-03-30,2026-03-30,420.0,PE,VBL26MAR420PE,3.95,4.3,3.1,3.15,3.35,3.95,463.65,3.15,740250,-3375,154,73390781.25,113,F1,1125,,,,,
2026-02-18,2026-02-18,FO,NSE,STO,154312,,VBL,,2026-02-24,2026-02-24,530.0,PE,VBL26FEB530PE,0.0,0.0,0.0,69.85,69.85,69.85,463.65,65.85,2250,0,0,0.0,0,F1,1125,,,,,
2026-02-18,2026-02-18,FO,NSE,STO,165571,,VBL,,2026-02-24,2026-02-24,515.0,PE,VBL26FEB515PE,0.0,0.0,0.0,66.25,66.25,66.25,463.65,50.9,15750,0,0,0.0,0,F1,1125,,,,,
2026-02-18,2026-02-18,FO,NSE,STO,165559,,VBL,,2026-02-24,2026-02-24,455.0,PE,VBL26FEB455PE,4.85,4.85,2.1,2.2,2.35,4.9,463.65,2.2,433125,97875,755,389210175.0,727,F1,1125,,,,,
2026-02-18,2026-02-18,FO,NSE,STO,165545,,VBL,,2026-02-24,2026-02-24,385.0,PE,VBL26FEB385PE,0.0,0.0,0.0,1.4,0.0,1.4,463.65,0.05,0,0,0,0.0,0,F1,1125,,,,,
2026-02-18,2026-02-18,FO,NSE,STO,154280,,VBL,,2026-02-24,2026-02-24,370.0,PE,VBL26FEB370PE,0.0,0.0,0.0,5.55,0.0,5.55,463.65,0.05,0,0,0,0.0,0,F1,1125,,,,,
2026-02-18,2026-02-18,FO,NSE,STO,172188,,VBL,,2026-04-28,2026-04-28,420.0,CE,VBL26APR420CE,0.0,0.0,0.0,69.4,0.0,69.4,463.65,54.6,0,0,0,0.0,0,F1,1125,,,,,
2026-02-18,2026-02-18,FO,NSE,STO,172114,,VBL,,2026-03-30,2026-03-30,405.0,CE,VBL26MAR405CE,0.0,0.0,0.0,75.65,0.0,75.65,463.65,62.65,0,0,0,0.0,0,F1,1125,,,,,
2026-02-18,2026-02-18,FO,NSE,STO,165564,,VBL,,2026-02-24,2026-02-24,485.0,CE,VBL26FEB485CE,0.85,0.9,0.55,0.8,0.75,0.85,463.65,0.8,958500,47250,761,415876050.0,436,F1,1125,,,,,
2026-02-18,2026-02-18,FO,NSE,STO,154287,,VBL,,2026-02-24,2026-02-24,410.0,CE,VBL26FEB410CE,0.0,0.0,0.0,48.55,48.55,48.55,463.65,54.0,13500,0,0,0.0,0,F1,1125,,,,,
2026-02-18,2026-02-18,FO,NSE,STO,172215,,VBL,,2026-04-28,2026-04-28,550.0,PE,VBL26APR550PE,0.0,0.0,0.0,82.1,0.0,82.1,463.65,84.25,0,0,0,0.0,0,F1,1125,,,,,
2026-02-18,2026-02-18,FO,NSE,STO,172199,,VBL,,2026-04-28,2026-04-28,470.0,PE,VBL26APR470PE,0.0,0.0,0.0,30.0,0.0,30.0,463.65,25.2,0,0,0,0.0,0,F1,1125,,,,,
2026-02-18,2026-02-18,FO,NSE,STO,172202,,VBL,,2026-04-28,2026-04-28,490.0,CE,VBL26APR490CE,0.0,0.0,0.0,29.8,0.0,29.8,463.65,15.75,0,0,0,0.0,0,F1,1125,,,,,
2026-02-18,2026-02-18,FO,NSE,STO,172214,,VBL,,2026-04-28,2026-04-28,550.0,CE,VBL26APR550CE,0.0,0.0,0.0,12.15,0.0,12.15,463.65,3.6,0,0,0,0.0,0,F1,1125,,,,,
2026-02-18,2026-02-18,FO,NSE,STO,165553,,VBL,,2026-02-24,2026-02-24,425.0,PE,VBL26FEB425PE,0.35,0.35,0.25,0.35,0.35,0.45,463.65,0.35,96750,-21375,47,22489143.75,44,F1,1125,,,,,
2026-02-18,2026-02-18,FO,NSE,STO,165555,,VBL,,2026-02-24,2026-02-24,435.0,PE,VBL26FEB435PE,0.65,0.65,0.35,0.35,0.35,0.75,463.65,0.35,682875,-16875,131,64174050.0,95,F1,1125,,,,,
2026-02-18,2026-02-18,FO,NSE,STO,154294,,VBL,,2026-02-24,2026-02-24,440.0,PE,VBL26FEB440PE,1.0,1.05,0.5,0.6,0.6,1.2,463.65,0.6,1390500,-412875,1271,630073350.0,695,F1,1125,,,,,
2026-02-18,2026-02-18,FO,NSE,STO,172119,,VBL,,2026-03-30,2026-03-30,425.0,PE,VBL26MAR425PE,4.55,5.25,3.9,3.9,3.9,5.1,463.65,4.25,31500,12375,35,16916962.5,24,F1,1125,,,,,
2026-02-18,2026-02-18,FO,NSE,STO,165641,,VBL,,2026-03-30,2026-03-30,470.0,PE,VBL26MAR470PE,0.0,0.0,0.0,25.4,0.0,25.4,463.65,20.45,0,0,0,0.0,0,F1,1125,,,,,
2026-02-18,2026-02-18,FO,NSE,STO,165645,,VBL,,2026-03-30,2026-03-30,490.0,PE,VBL26MAR490PE,0.0,0.0,0.0,36.8,36.8,36.8,463.65,33.0,3375,0,0,0.0,0,F1,1125,,,,,
2026-02-18,2026-02-18,FO,NSE,STO,172182,,VBL,,2026-04-28,2026-04-28,390.0,CE,VBL26APR390CE,0.0,0.0,0.0,92.8,0.0,92.8,463.65,79.75,0,0,0,0.0,0,F1,1125,,,,,
2026-02-18,2026-02-18,FO,NSE,STO,165548,,VBL,,2026-02-24,2026-02-24,405.0,CE,VBL26FEB405CE,0.0,0.0,0.0,53.9,53.9,53.9,463.65,59.0,10125,0,0,0.0,0,F1,1125,,,,,
2026-02-18,2026-02-18,FO,NSE,STO,154315,,VBL,,2026-02-24,2026-02-24,550.0,CE,VBL26FEB550CE,0.05,0.1,0.05,0.05,0.05,0.05,463.65,0.05,211500,-67500,72,44556637.5,44,F1,1125,,,,,
2026-02-18,2026-02-18,FO,NSE,STO,165622,,VBL,,2026-03-30,2026-03-30,380.0,CE,VBL26MAR380CE,0.0,0.0,0.0,113.1,0.0,113.1,463.65,86.25,0,0,0,0.0,0,F1,1125,,,,,
2026-02-18,2026-02-18,FO,NSE,STO,172126,,VBL,,2026-03-30,2026-03-30,465.0,CE,VBL26MAR465CE,17.7,17.9,15.0,17.85,17.9,16.15,463.65,17.85,28125,27000,38,20604825.0,31,F1,1125,,,,,
2026-02-18,2026-02-18,FO,NSE,STO,165644,,VBL,,2026-03-30,2026-03-30,490.0,CE,VBL26MAR490CE,8.05,8.35,7.0,8.25,8.1,7.0,463.65,8.25,95625,63000,76,42546487.5,54,F1,1125,,,,,
2026-02-18,2026-02-18,FO,NSE,STO,165646,,VBL,,2026-03-30,2026-03-30,500.0,CE,VBL26MAR500CE,5.85,6.45,5.05,6.05,5.95,5.5,463.65,6.05,943875,84375,679,386281012.5,469,F1,1125,,,,,
2026-02-18,2026-02-18,FO,NSE,STO,172184,,VBL,,2026-04-28,2026-04-28,400.0,CE,VBL26APR400CE,0.0,0.0,0.0,84.65,0.0,84.65,463.65,70.95,0,0,0,0.0,0,F1,1125,,,,,
2026-02-18,2026-02-18,FO,NSE,STO,172116,,VBL,,2026-03-30,2026-03-30,415.0,CE,VBL26MAR415CE,0.0,0.0,0.0,67.55,0.0,67.55,463.65,53.8,0,0,0,0.0,0,F1,1125,,,,,
2026-02-18,2026-02-18,FO,NSE,STO,165642,,VBL,,2026-03-30,2026-03-30,480.0,CE,VBL26MAR480CE,11.0,11.55,9.65,11.4,11.25,9.95,463.65,11.4,258750,20250,191,105441918.75,154,F1,1125,,,,,
2026-02-18,2026-02-18,FO,NSE,STO,172180,,VBL,,2026-04-28,2026-04-28,380.0,CE,VBL26APR380CE,0.0,0.0,0.0,101.3,0.0,101.3,463.65,88.9,0,0,0,0.0,0,F1,1125,,,,,
2026-02-18,2026-02-18,FO,NSE,STO,172200,,VBL,,2026-04-28,2026-04-28,480.0,CE,VBL26APR480CE,0.0,0.0,0.0,34.1,0.0,34.1,463.65,19.4,0,0,0,0.0,0,F1,1125,,,,,
2026-02-18,2026-02-18,FO,NSE,STO,172206,,VBL,,2026-04-28,2026-04-28,510.0,CE,VBL26APR510CE,0.0,0.0,0.0,22.45,0.0,22.45,463.65,10.0,0,0,0,0.0,0,F1,1125,,,,,
2026-02-18,2026-02-18,FO,NSE,STO,172212,,VBL,,2026-04-28,2026-04-28,540.0,CE,VBL26APR540CE,0.0,0.0,0.0,14.25,0.0,14.25,463.65,4.7,0,0,0,0.0,0,F1,1125,,,,,
2026-02-18,2026-02-18,FO,NSE,STO,165549,,VBL,,2026-02-24,2026-02-24,405.0,PE,VBL26FEB405PE,0.35,0.35,0.15,0.15,0.2,0.3,463.65,0.15,87750,-13500,18,8204850.0,15,F1,1125,,,,,
2026-02-18,2026-02-18,FO,NSE,STO,165557,,VBL,,2026-02-24,2026-02-24,445.0,PE,VBL26FEB445PE,1.9,1.9,0.7,0.85,0.85,1.9,463.65,0.85,411750,185625,418,209754506.25,397,F1,1125,,,,,
2026-02-18,2026-02-18,FO,NSE,STO,154306,,VBL,,2026-02-24,2026-02-24,500.0,PE,VBL26FEB500PE,39.8,43.5,36.95,37.65,37.65,43.4,463.65,37.65,487125,-21375,31,18855787.5,31,F1,1125,,,,,
2026-02-18,2026-02-18,FO,NSE,STO,154310,,VBL,,2026-02-24,2026-02-24,520.0,PE,VBL26FEB520PE,63.0,63.5,60.0,60.0,60.0,62.6,463.65,55.9,84375,-5625,6,3932662.5,6,F1,1125,,,,,
2026-02-18,2026-02-18,FO,NSE,STO,172111,,VBL,,2026-03-30,2026-03-30,385.0,PE,VBL26MAR385PE,0.0,0.0,0.0,2.35,0.0,2.35,463.65,0.45,0,0,0,0.0,0,F1,1125,,,,,
2026-02-18,2026-02-18,FO,NSE,STO,165629,,VBL,,2026-03-30,2026-03-30,410.0,PE,VBL26MAR410PE,2.65,3.0,2.1,2.15,2.25,2.75,463.65,2.15,124875,0,52,24130012.5,44,F1,1125,,,,,
2026-02-18,2026-02-18,FO,NSE,STO,165637,,VBL,,2026-03-30,2026-03-30,450.0,PE,VBL26MAR450PE,11.75,12.75,9.7,9.8,9.7,12.05,463.65,9.8,173250,14625,67,34720368.75,52,F1,1125,,,,,
2026-02-18,2026-02-18,FO,NSE,STO,165649,,VBL,,2026-03-30,2026-03-30,510.0,PE,VBL26MAR510PE,0.0,0.0,0.0,46.25,0.0,46.25,463.65,48.3,0,0,0,0.0,0,F1,1125,,,,,
2026-02-18,2026-02-18,FO,NSE,STO,172193,,VBL,,2026-04-28,2026-04-28,440.0,PE,VBL26APR440PE,0.0,0.0,0.0,17.4,0.0,17.4,463.65,12.15,0,0,0,0.0,0,F1,1125,,,,,
2026-02-18,2026-02-18,FO,NSE,STO,172205,,VBL,,2026-04-28,2026-04-28,500.0,PE,VBL26APR500PE,0.0,0.0,0.0,46.6,0.0,46.6,463.65,43.8,0,0,0,0.0,0,F1,1125,,,,,
2026-02-18,2026-02-18,FO,NSE,STO,172207,,VBL,,2026-04-28,2026-04-28,510.0,PE,VBL26APR510PE,0.0,0.0,0.0,53.0,0.0,53.0,463.65,51.1,0,0,0,0.0,0,F1,1125,,,,,
2026-02-18,2026-02-18,FO,NSE,STO,154319,,VBL,,2026-02-24,2026-02-24,570.0,CE,VBL26FEB570CE,0.0,0.0,0.0,0.1,0.1,0.1,463.65,0.05,325125,0,0,0.0,0,F1,1125,,,,,
2026-02-18,2026-02-18,FO,NSE,STO,154281,,VBL,,2026-02-24,2026-02-24,380.0,CE,VBL26FEB380CE,0.0,0.0,0.0,82.05,0.0,82.05,463.65,84.0,0,0,0,0.0,0,F1,1125,,,,,
2026-02-18,2026-02-18,FO,NSE,STO,154285,,VBL,,2026-02-24,2026-02-24,400.0,CE,VBL26FEB400CE,59.6,63.0,57.55,63.0,63.0,55.85,463.65,63.0,38250,-3375,6,3100050.0,6,F1,1125,,,,,
2026-02-18,2026-02-18,FO,NSE,STO,154293,,VBL,,2026-02-24,2026-02-24,440.0,CE,VBL26FEB440CE,19.5,24.15,18.3,23.15,22.8,18.8,463.65,23.15,451125,-24750,193,100335375.0,129,F1,1125,,,,,
2026-02-18,2026-02-18,FO,NSE,STO,165556,,VBL,,2026-02-24,2026-02-24,445.0,CE,VBL26FEB445CE,15.8,19.3,13.6,18.85,18.15,14.45,463.65,18.85,198000,-36000,93,48302212.5,77,F1,1125,,,,,
2026-02-18,2026-02-18,FO,NSE,STO,154303,,VBL,,2026-02-24,2026-02-24,490.0,CE,VBL26FEB490CE,0.6,0.8,0.45,0.65,0.6,0.75,463.65,0.65,1405125,-293625,1218,672270862.5,707,F1,1125,,,,,
2026-02-18,2026-02-18,FO,NSE,STO,165570,,VBL,,2026-02-24,2026-02-24,515.0,CE,VBL26FEB515CE,0.3,0.45,0.2,0.25,0.25,0.3,463.65,0.25,70875,2250,16,9274556.25,16,F1,1125,,,,,
2026-02-18,2026-02-18,FO,NSE,STO,154321,,VBL,,2026-02-24,2026-02-24,580.0,CE,VBL26FEB580CE,0.0,0.0,0.0,0.05,0.05,0.05,463.65,0.05,196875,0,0,0.0,0,F1,1125,,,,,
2026-02-18,2026-02-18,FO,NSE,STO,154295,,VBL,,2026-02-24,2026-02-24,450.0,CE,VBL26FEB450CE,10.9,15.0,9.6,14.3,13.45,10.7,463.65,14.3,695250,-330750,895,465779700.0,755,F1,1125,,,,,
2026-02-18,2026-02-18,FO,NSE,STO,165560,,VBL,,2026-02-24,2026-02-24,465.0,CE,VBL26FEB465CE,3.55,4.9,2.6,4.45,4.1,3.5,463.65,4.45,382500,-5625,1426,752048437.5,1242,F1,1125,,,,,
2026-02-18,2026-02-18,FO,NSE,STO,165566,,VBL,,2026-02-24,2026-02-24,495.0,CE,VBL26FEB495CE,0.55,0.55,0.4,0.5,0.5,0.55,463.65,0.5,340875,18000,72,40134262.5,47,F1,1125,,,,,
2026-02-18,2026-02-18,FO,NSE,STO,172124,,VBL,,2026-03-30,2026-03-30,455.0,CE,VBL26MAR455CE,22.4,23.75,20.75,22.3,20.85,21.2,463.65,22.3,7875,0,8,4294800.0,8,F1,1125,,,,,
2026-02-18,2026-02-18,FO,NSE,STO,172208,,VBL,,2026-04-28,2026-04-28,520.0,CE,VBL26APR520CE,0.0,0.0,0.0,19.35,0.0,19.35,463.65,7.85,0,0,0,0.0,0,F1,1125,,,,,
2026-02-18,2026-02-18,FO,NSE,STO,154292,,VBL,,2026-02-24,2026-02-24,430.0,PE,VBL26FEB430PE,0.6,0.6,0.3,0.3,0.3,0.6,463.65,0.3,757125,-82125,382,184960518.75,150,F1,1125,,,,,
2026-02-18,2026-02-18,FO,NSE,STO,154318,,VBL,,2026-02-24,2026-02-24,560.0,PE,VBL26FEB560PE,0.0,0.0,0.0,102.1,102.1,102.1,463.65,95.85,19125,0,0,0.0,0,F1,1125,,,,,
2026-02-18,2026-02-18,FO,NSE,STO,172117,,VBL,,2026-03-30,2026-03-30,415.0,PE,VBL26MAR415PE,2.6,2.6,2.6,2.6,2.6,6.55,463.65,2.6,1125,1125,1,469800.0,1,F1,1125,,,,,
2026-02-18,2026-02-18,FO,NSE,STO,172141,,VBL,,2026-03-30,2026-03-30,535.0,PE,VBL26MAR535PE,0.0,0.0,0.0,67.5,0.0,67.5,463.65,70.1,0,0,0,0.0,0,F1,1125,,,,,
2026-02-18,2026-02-18,FO,NSE,STO,172177,,VBL,,2026-04-28,2026-04-28,360.0,PE,VBL26APR360PE,0.0,0.0,0.0,1.95,0.0,1.95,463.65,0.45,0,0,0,0.0,0,F1,1125,,,,,
2026-02-18,2026-02-18,FO,NSE,STO,165544,,VBL,,2026-02-24,2026-02-24,385.0,CE,VBL26FEB385CE,0.0,0.0,0.0,72.8,72.8,72.8,463.65,79.0,6750,0,0,0.0,0,F1,1125,,,,,
2026-02-18,2026-02-18,FO,NSE,STO,165546,,VBL,,2026-02-24,2026-02-24,395.0,CE,VBL26FEB395CE,0.0,0.0,0.0,95.2,0.0,95.2,463.65,69.0,0,0,0,0.0,0,F1,1125,,,,,
2026-02-18,2026-02-18,FO,NSE,STO,165639,,VBL,,2026-03-30,2026-03-30,460.0,PE,VBL26MAR460PE,16.0,17.5,13.55,13.7,13.65,16.65,463.65,13.7,151875,108000,162,86765737.5,155,F1,1125,,,,,
2026-02-18,2026-02-18,FO,NSE,STO,154302,,VBL,,2026-02-24,2026-02-24,480.0,PE,VBL26FEB480PE,21.9,23.45,17.75,17.9,17.75,23.5,463.65,17.9,213750,-9000,78,43923881.25,77,F1,1125,,,,,
2026-02-18,2026-02-18,FO,NSE,STO,154288,,VBL,,2026-02-24,2026-02-24,410.0,PE,VBL26FEB410PE,0.25,0.25,0.15,0.2,0.2,0.35,463.65,0.2,204750,-10125,19,8768306.25,16,F1,1125,,,,,
2026-02-18,2026-02-18,FO,NSE,STO,172198,,VBL,,2026-04-28,2026-04-28,470.0,CE,VBL26APR470CE,0.0,0.0,0.0,38.85,0.0,38.85,463.65,23.7,0,0,0,0.0,0,F1,1125,,,,,
2026-02-18,2026-02-18,FO,NSE,STO,172196,,VBL,,2026-04-28,2026-04-28,460.0,CE,VBL26APR460CE,0.0,0.0,0.0,44.0,0.0,44.0,463.65,28.6,0,0,0,0.0,0,F1,1125,,,,,
2026-02-18,2026-02-18,FO,NSE,STO,172142,,VBL,,2026-03-30,2026-03-30,545.0,CE,VBL26MAR545CE,0.0,0.0,0.0,7.95,0.0,7.95,463.65,1.3,0,0,0,0.0,0,F1,1125,,,,,
2026-02-18,2026-02-18,FO,NSE,STO,172134,,VBL,,2026-03-30,2026-03-30,505.0,CE,VBL26MAR505CE,4.7,5.2,4.35,4.95,4.95,4.4,463.65,5.9,43875,14625,30,17204118.75,24,F1,1125,,,,,
2026-02-18,2026-02-18,FO,NSE,STO,165634,,VBL,,2026-03-30,2026-03-30,440.0,CE,VBL26MAR440CE,0.0,0.0,0.0,30.0,30.0,30.0,463.65,34.15,60750,0,0,0.0,0,F1,1125,,,,,
2026-02-18,2026-02-18,FO,NSE,STO,172108,,VBL,,2026-03-30,2026-03-30,375.0,CE,VBL26MAR375CE,0.0,0.0,0.0,102.15,0.0,102.15,463.65,91.1,0,0,0,0.0,0,F1,1125,,,,,
2026-02-18,2026-02-18,FO,NSE,STO,165578,,VBL,,2026-02-24,2026-02-24,555.0,CE,VBL26FEB555CE,0.0,0.0,0.0,0.6,0.6,0.6,463.65,0.05,2250,0,0,0.0,0,F1,1125,,,,,
2026-02-18,2026-02-18,FO,NSE,STO,154291,,VBL,,2026-02-24,2026-02-24,430.0,CE,VBL26FEB430CE,27.5,32.25,27.5,32.2,32.2,28.15,463.65,34.2,345375,-5625,22,11341068.75,12,F1,1125,,,,,
2026-02-18,2026-02-18,FO,NSE,STF,52068,,VBL,,2026-03-30,2026-03-30,,,VBL26MARFUT,464.95,466.7,459.5,466.1,465.35,460.6,463.65,466.1,7692750,3340125,4436,2305878918.75,2872,F1,1125,,,,,
2026-02-18,2026-02-18,FO,NSE,STO,172211,,VBL,,2026-04-28,2026-04-28,530.0,PE,VBL26APR530PE,0.0,0.0,0.0,66.85,0.0,66.85,463.65,67.0,0,0,0,0.0,0,F1,1125,,,,,
2026-02-18,2026-02-18,FO,NSE,STO,172137,,VBL,,2026-03-30,2026-03-30,515.0,PE,VBL26MAR515PE,0.0,0.0,0.0,52.45,0.0,52.45,463.65,52.45,0,0,0,0.0,0,F1,1125,,,,,
2026-02-18,2026-02-18,FO,NSE,STO,172127,,VBL,,2026-03-30,2026-03-30,465.0,PE,VBL26MAR465PE,0.0,0.0,0.0,22.8,0.0,22.8,463.65,17.85,0,0,0,0.0,0,F1,1125,,,,,
2026-02-18,2026-02-18,FO,NSE,STO,165647,,VBL,,2026-03-30,2026-03-30,500.0,PE,VBL26MAR500PE,43.65,44.1,38.8,39.1,38.8,43.5,463.65,39.1,64125,4500,16,9729618.75,12,F1,1125,,,,,
2026-02-18,2026-02-18,FO,NSE,STO,165561,,VBL,,2026-02-24,2026-02-24,465.0,PE,VBL26FEB465PE,9.5,10.5,5.9,6.25,7.0,10.85,463.65,6.25,210375,-6750,139,73903837.5,135,F1,1125,,,,,
2026-02-18,2026-02-18,FO,NSE,STO,172210,,VBL,,2026-04-28,2026-04-28,530.0,CE,VBL26APR530CE,0.0,0.0,0.0,16.65,0.0,16.65,463.65,6.1,0,0,0,0.0,0,F1,1125,,,,,
2026-02-18,2026-02-18,FO,NSE,STO,165650,,VBL,,2026-03-30,2026-03-30,520.0,CE,VBL26MAR520CE,3.5,3.65,2.85,3.25,3.15,2.9,463.65,3.25,88875,45000,81,47674181.25,72,F1,1125,,,,,
2026-02-18,2026-02-18,FO,NSE,STO,165626,,VBL,,2026-03-30,2026-03-30,400.0,CE,VBL26MAR400CE,0.0,0.0,0.0,48.5,48.5,48.5,463.65,67.25,6750,0,0,0.0,0,F1,1125,,,,,
2026-02-18,2026-02-18,FO,NSE,STO,172110,,VBL,,2026-03-30,2026-03-30,385.0,CE,VBL26MAR385CE,0.0,0.0,0.0,93.0,0.0,93.0,463.65,81.4,0,0,0,0.0,0,F1,1125,,,,,
2026-02-18,2026-02-18,FO,NSE,STO,95151,,CAMS,,2026-03-30,2026-03-30,810.0,PE,CAMS26MAR810PE,0.0,0.0,0.0,117.2,0.0,117.2,736.9,78.0,0,0,0,0.0,0,F1,750,,,,,
2026-02-18,2026-02-18,FO,NSE,STO,82815,,CAMS,,2026-02-24,2026-02-24,820.0,PE,CAMS26FEB820PE,0.0,0.0,0.0,80.0,80.0,80.0,736.9,82.4,5250,0,0,0.0,0,F1,750,,,,,
2026-02-18,2026-02-18,FO,NSE,STO,82809,,CAMS,,2026-02-24,2026-02-24,800.0,PE,CAMS26FEB800PE,67.0,67.0,62.1,64.45,64.45,61.1,736.9,64.45,47250,-2250,14,9084300.0,12,F1,750,,,,,
2026-02-18,2026-02-18,FO,NSE,STO,82788,,CAMS,,2026-02-24,2026-02-24,780.0,PE,CAMS26FEB780PE,49.65,49.65,42.0,42.3,42.55,43.7,736.9,42.3,48000,2250,14,8670862.5,14,F1,750,,,,,
2026-02-18,2026-02-18,FO,NSE,STO,95427,,CAMS,,2026-04-28,2026-04-28,820.0,PE,CAMS26APR820PE,0.0,0.0,0.0,129.5,0.0,129.5,736.9,91.0,0,0,0,0.0,0,F1,750,,,,,
2026-02-18,2026-02-18,FO,NSE,STO,95420,,CAMS,,2026-04-28,2026-04-28,780.0,PE,CAMS26APR780PE,0.0,0.0,0.0,99.45,0.0,99.45,736.9,62.7,0,0,0,0.0,0,F1,750,,,,,
2026-02-18,2026-02-18,FO,NSE,STO,95153,,CAMS,,2026-03-30,2026-03-30,830.0,PE,CAMS26MAR830PE,0.0,0.0,0.0,84.0,84.0,84.0,736.9,94.65,2250,0,0,0.0,0,F1,750,,,,,
2026-02-18,2026-02-18,FO,NSE,STO,82745,,CAMS,,2026-02-24,2026-02-24,620.0,CE,CAMS26FEB620CE,0.0,0.0,0.0,882.1,0.0,882.1,736.9,117.45,0,0,0,0.0,0,F1,750,,,,,
2026-02-18,2026-02-18,FO,NSE,STO,95426,,CAMS,,2026-04-28,2026-04-28,820.0,CE,CAMS26APR820CE,0.0,0.0,0.0,19.75,0.0,19.75,736.9,16.4,0,0,0,0.0,0,F1,750,,,,,
2026-02-18,2026-02-18,FO,NSE,STO,95134,,CAMS,,2026-03-30,2026-03-30,710.0,CE,CAMS26MAR710CE,0.0,0.0,0.0,31.8,31.8,31.8,736.9,49.3,750,0,0,0.0,0,F1,750,,,,,
2026-02-18,2026-02-18,FO,NSE,STO,83022,,CAMS,,2026-03-30,2026-03-30,740.0,CE,CAMS26MAR740CE,25.35,26.2,25.05,25.85,25.05,27.25,736.9,25.85,6750,2250,9,5167687.5,9,F1,750,,,,,
2026-02-18,2026-02-18,FO,NSE,STO,83029,,CAMS,,2026-03-30,2026-03-30,800.0,CE,CAMS26MAR800CE,8.5,8.5,6.45,7.2,7.0,8.15,736.9,7.2,115500,45750,83,50234362.5,48,F1,750,,,,,
2026-02-18,2026-02-18,FO,NSE,STO,95152,,CAMS,,2026-03-30,2026-03-30,830.0,CE,CAMS26MAR830CE,0.0,0.0,0.0,10.25,0.0,10.25,736.9,6.55,0,0,0,0.0,0,F1,750,,,,,
2026-02-18,2026-02-18,FO,NSE,STO,95415,,CAMS,,2026-04-28,2026-04-28,740.0,CE,CAMS26APR740CE,0.0,0.0,0.0,41.9,0.0,41.9,736.9,44.1,0,0,0,0.0,0,F1,750,,,,,
2026-02-18,2026-02-18,FO,NSE,STO,82746,,CAMS,,2026-02-24,2026-02-24,620.0,PE,CAMS26FEB620PE,0.45,0.5,0.4,0.4,0.4,0.6,736.9,0.05,55500,-12750,42,19544362.5,31,F1,750,,,,,
2026-02-18,2026-02-18,FO,NSE,STO,82823,,CAMS,,2026-02-24,2026-02-24,860.0,PE,CAMS26FEB860PE,0.0,0.0,0.0,134.15,134.15,134.15,736.9,122.3,39000,0,0,0.0,0,F1,750,,,,,
2026-02-18,2026-02-18,FO,NSE,STO,95123,,CAMS,,2026-03-30,2026-03-30,590.0,PE,CAMS26MAR590PE,0.0,0.0,0.0,7.25,0.0,7.25,736.9,0.45,0,0,0,0.0,0,F1,750,,,,,
2026-02-18,2026-02-18,FO,NSE,STO,83017,,CAMS,,2026-03-30,2026-03-30,680.0,PE,CAMS26MAR680PE,5.0,5.0,5.0,5.0,5.0,28.0,736.9,5.0,1500,750,1,513750.0,1,F1,750,,,,,
2026-02-18,2026-02-18,FO,NSE,STO,83026,,CAMS,,2026-03-30,2026-03-30,760.0,PE,CAMS26MAR760PE,39.4,39.95,35.75,37.85,37.85,37.05,736.9,42.45,29250,-1500,5,2994675.0,5,F1,750,,,,,
2026-02-18,2026-02-18,FO,NSE,STO,83006,,CAMS,,2026-03-30,2026-03-30,600.0,CE,CAMS26MAR600CE,0.0,0.0,0.0,150.05,0.0,150.05,736.9,141.2,0,0,0,0.0,0,F1,750,,,,,
2026-02-18,2026-02-18,FO,NSE,STO,83016,,CAMS,,2026-03-30,2026-03-30,680.0,CE,CAMS26MAR680CE,0.0,0.0,0.0,91.65,0.0,91.65,736.9,70.3,0,0,0,0.0,0,F1,750,,,,,
2026-02-18,2026-02-18,FO,NSE,STO,83018,,CAMS,,2026-03-30,2026-03-30,700.0,CE,CAMS26MAR700CE,0.0,0.0,0.0,54.0,54.0,54.0,736.9,55.8,13500,0,0,0.0,0,F1,750,,,,,
2026-02-18,2026-02-18,FO,NSE,STO,82754,,CAMS,,2026-02-24,2026-02-24,680.0,PE,CAMS26FEB680PE,1.25,1.8,1.0,1.15,1.2,1.7,736.9,1.15,189000,-36750,132,67443562.5,103,F1,750,,,,,
2026-02-18,2026-02-18,FO,NSE,STO,95121,,CAMS,,2026-03-30,2026-03-30,570.0,PE,CAMS26MAR570PE,0.0,0.0,0.0,4.6,0.0,4.6,736.9,0.2,0,0,0,0.0,0,F1,750,,,,,
2026-02-18,2026-02-18,FO,NSE,STO,95422,,CAMS,,2026-04-28,2026-04-28,800.0,PE,CAMS26APR800PE,0.0,0.0,0.0,114.1,0.0,114.1,736.9,76.25,0,0,0,0.0,0,F1,750,,,,,
2026-02-18,2026-02-18,FO,NSE,STO,95139,,CAMS,,2026-03-30,2026-03-30,750.0,PE,CAMS26MAR750PE,32.0,32.0,32.0,32.0,32.0,35.0,736.9,36.6,2250,750,1,586500.0,1,F1,750,,,,,
2026-02-18,2026-02-18,FO,NSE,STO,95133,,CAMS,,2026-03-30,2026-03-30,690.0,PE,CAMS26MAR690PE,0.0,0.0,0.0,14.5,14.5,14.5,736.9,11.8,1500,0,0,0.0,0,F1,750,,,,,
2026-02-18,2026-02-18,FO,NSE,STO,95138,,CAMS,,2026-03-30,2026-03-30,750.0,CE,CAMS26MAR750CE,20.0,22.0,20.0,22.0,22.0,22.3,736.9,22.0,15750,0,7,4046700.0,7,F1,750,,,,,
2026-02-18,2026-02-18,FO,NSE,STO,82590,,CAMS,,2026-02-24,2026-02-24,650.0,CE,CAMS26FEB650CE,0.0,0.0,0.0,92.0,92.0,92.0,736.9,87.5,2250,0,0,0.0,0,F1,750,,,,,
2026-02-18,2026-02-18,FO,NSE,STO,82757,,CAMS,,2026-02-24,2026-02-24,720.0,CE,CAMS26FEB720CE,22.0,22.4,17.65,20.3,20.2,22.75,736.9,20.3,125250,-9750,42,23313787.5,35,F1,750,,,,,
2026-02-18,2026-02-18,FO,NSE,STO,82832,,CAMS,,2026-02-24,2026-02-24,920.0,CE,CAMS26FEB920CE,0.1,0.1,0.05,0.05,0.05,0.05,736.9,0.05,0,-1500,2,1380112.5,2,F1,750,,,,,
2026-02-18,2026-02-18,FO,NSE,STO,83004,,CAMS,,2026-03-30,2026-03-30,580.0,CE,CAMS26MAR580CE,0.0,0.0,0.0,166.9,0.0,166.9,736.9,160.7,0,0,0,0.0,0,F1,750,,,,,
2026-02-18,2026-02-18,FO,NSE,STO,95390,,CAMS,,2026-04-28,2026-04-28,560.0,CE,CAMS26APR560CE,0.0,0.0,0.0,153.25,0.0,153.25,736.9,183.45,0,0,0,0.0,0,F1,750,,,,,
2026-02-18,2026-02-18,FO,NSE,STO,83008,,CAMS,,2026-03-30,2026-03-30,620.0,CE,CAMS26MAR620CE,0.0,0.0,0.0,134.0,0.0,134.0,736.9,122.15,0,0,0,0.0,0,F1,750,,,,,
2026-02-18,2026-02-18,FO,NSE,STO,95124,,CAMS,,2026-03-30,2026-03-30,610.0,CE,CAMS26MAR610CE,0.0,0.0,0.0,104.9,0.0,104.9,736.9,131.6,0,0,0,0.0,0,F1,750,,,,,
2026-02-18,2026-02-18,FO,NSE,STO,83002,,CAMS,,2026-03-30,2026-03-30,560.0,CE,CAMS26MAR560CE,0.0,0.0,0.0,184.5,0.0,184.5,736.9,180.35,0,0,0,0.0,0,F1,750,,,,,
2026-02-18,2026-02-18,FO,NSE,STO,82825,,CAMS,,2026-02-24,2026-02-24,880.0,CE,CAMS26FEB880CE,0.0,0.0,0.0,0.75,0.75,0.75,736.9,0.05,20250,0,0,0.0,0,F1,750,,,,,
2026-02-18,2026-02-18,FO,NSE,STO,82719,,CAMS,,2026-02-24,2026-02-24,790.0,CE,CAMS26FEB790CE,0.5,0.6,0.5,0.6,0.6,0.95,736.9,0.6,15000,-2250,19,11264925.0,18,F1,750,,,,,
2026-02-18,2026-02-18,FO,NSE,STO,82784,,CAMS,,2026-02-24,2026-02-24,760.0,CE,CAMS26FEB760CE,3.45,4.35,1.9,2.25,2.0,3.55,736.9,2.25,300000,36000,381,217861425.0,302,F1,750,,,,,
2026-02-18,2026-02-18,FO,NSE,STO,95416,,CAMS,,2026-04-28,2026-04-28,740.0,PE,CAMS26APR740PE,0.0,0.0,0.0,72.85,0.0,72.85,736.9,39.55,0,0,0,0.0,0,F1,750,,,,,
2026-02-18,2026-02-18,FO,NSE,STO,95412,,CAMS,,2026-04-28,2026-04-28,700.0,PE,CAMS26APR700PE,0.0,0.0,0.0,50.4,0.0,50.4,736.9,22.35,0,0,0,0.0,0,F1,750,,,,,
2026-02-18,2026-02-18,FO,NSE,STO,82826,,CAMS,,2026-02-24,2026-02-24,880.0,PE,CAMS26FEB880PE,0.0,0.0,0.0,146.75,146.75,146.75,736.9,142.3,26250,0,0,0.0,0,F1,750,,,,,
2026-02-18,2026-02-18,FO,NSE,STO,82730,,CAMS,,2026-02-24,2026-02-24,810.0,PE,CAMS26FEB810PE,0.0,0.0,0.0,87.9,87.9,87.9,736.9,72.5,750,0,0,0.0,0,F1,750,,,,,
2026-02-18,2026-02-18,FO,NSE,STO,82700,,CAMS,,2026-02-24,2026-02-24,730.0,PE,CAMS26FEB730PE,7.0,10.0,5.3,5.95,6.15,7.95,736.9,5.95,249000,47250,260,143776537.5,184,F1,750,,,,,
2026-02-18,2026-02-18,FO,NSE,STO,82750,,CAMS,,2026-02-24,2026-02-24,660.0,PE,CAMS26FEB660PE,0.9,1.1,0.75,0.8,0.85,1.25,736.9,0.8,72750,0,85,42133275.0,75,F1,750,,,,,
2026-02-18,2026-02-18,FO,NSE,STO,82748,,CAMS,,2026-02-24,2026-02-24,640.0,PE,CAMS26FEB640PE,0.6,0.75,0.5,0.6,0.6,0.9,736.9,0.6,54000,4500,18,8648175.0,13,F1,750,,,,,
2026-02-18,2026-02-18,FO,NSE,STO,95407,,CAMS,,2026-04-28,2026-04-28,660.0,CE,CAMS26APR660CE,0.0,0.0,0.0,80.25,0.0,80.25,736.9,94.7,0,0,0,0.0,0,F1,750,,,,,
2026-02-18,2026-02-18,FO,NSE,STO,95150,,CAMS,,2026-03-30,2026-03-30,810.0,CE,CAMS26MAR810CE,0.0,0.0,0.0,13.35,0.0,13.35,736.9,9.8,0,0,0,0.0,0,F1,750,,,,,
2026-02-18,2026-02-18,FO,NSE,STO,95140,,CAMS,,2026-03-30,2026-03-30,770.0,CE,CAMS26MAR770CE,0.0,0.0,0.0,17.0,17.0,17.0,736.9,20.25,5250,0,0,0.0,0,F1,750,,,,,
2026-02-18,2026-02-18,FO,NSE,STO,95132,,CAMS,,2026-03-30,2026-03-30,690.0,CE,CAMS26MAR690CE,0.0,0.0,0.0,38.75,38.75,38.75,736.9,62.85,750,0,0,0.0,0,F1,750,,,,,
2026-02-18,2026-02-18,FO,NSE,STO,95127,,CAMS,,2026-03-30,2026-03-30,630.0,PE,CAMS26MAR630PE,3.3,3.3,2.6,2.85,2.85,15.6,736.9,2.15,3000,3000,6,2848612.5,5,F1,750,,,,,
2026-02-18,2026-02-18,FO,NSE,STO,82733,,CAMS,,2026-02-24,2026-02-24,830.0,PE,CAMS26FEB830PE,0.0,0.0,0.0,123.75,123.75,123.75,736.9,92.35,1500,0,0,0.0,0,F1,750,,,,,
2026-02-18,2026-02-18,FO,NSE,STO,82712,,CAMS,,2026-02-24,2026-02-24,750.0,PE,CAMS26FEB750PE,20.0,21.25,17.25,17.25,17.25,18.5,736.9,19.65,86250,15750,92,53049862.5,33,F1,750,,,,,
2026-02-18,2026-02-18,FO,NSE,STO,82758,,CAMS,,2026-02-24,2026-02-24,720.0,PE,CAMS26FEB720PE,4.55,6.6,3.4,3.6,3.75,5.3,736.9,3.6,228000,18000,144,78263025.0,119,F1,750,,,,,
2026-02-18,2026-02-18,FO,NSE,STO,82597,,CAMS,,2026-02-24,2026-02-24,710.0,PE,CAMS26FEB710PE,3.75,3.75,2.25,2.4,2.45,3.7,736.9,2.4,217500,10500,54,28869187.5,53,F1,750,,,,,
2026-02-18,2026-02-18,FO,NSE,STO,82595,,CAMS,,2026-02-24,2026-02-24,690.0,PE,CAMS26FEB690PE,1.75,2.3,1.3,1.35,1.35,2.05,736.9,1.35,120000,-44250,116,60174150.0,116,F1,750,,,,,
2026-02-18,2026-02-18,FO,NSE,STO,82585,,CAMS,,2026-02-24,2026-02-24,590.0,PE,CAMS26FEB590PE,0.0,0.0,0.0,3.5,0.0,3.5,736.9,0.05,0,0,0,0.0,0,F1,750,,,,,
2026-02-18,2026-02-18,FO,NSE,STO,95551,,CAMS,,2026-04-28,2026-04-28,880.0,CE,CAMS26APR880CE,0.0,0.0,0.0,10.55,0.0,10.55,736.9,6.8,0,0,0,0.0,0,F1,750,,,,,
2026-02-18,2026-02-18,FO,NSE,STO,83035,,CAMS,,2026-03-30,2026-03-30,860.0,CE,CAMS26MAR860CE,0.0,0.0,0.0,20.85,0.0,20.85,736.9,3.4,0,0,0,0.0,0,F1,750,,,,,
2026-02-18,2026-02-18,FO,NSE,STO,95130,,CAMS,,2026-03-30,2026-03-30,670.0,CE,CAMS26MAR670CE,0.0,0.0,0.0,63.65,0.0,63.65,736.9,78.15,0,0,0,0.0,0,F1,750,,,,,
2026-02-18,2026-02-18,FO,NSE,STO,83010,,CAMS,,2026-03-30,2026-03-30,640.0,CE,CAMS26MAR640CE,0.0,0.0,0.0,118.9,0.0,118.9,736.9,103.75,0,0,0,0.0,0,F1,750,,,,,
2026-02-18,2026-02-18,FO,NSE,STO,82786,,CAMS,,2026-02-24,2026-02-24,780.0,CE,CAMS26FEB780CE,1.3,1.55,0.7,0.75,0.75,1.35,736.9,0.75,216000,-17250,111,65018212.5,89,F1,750,,,,,
2026-02-18,2026-02-18,FO,NSE,STO,82594,,CAMS,,2026-02-24,2026-02-24,690.0,CE,CAMS26FEB690CE,0.0,0.0,0.0,52.05,52.05,52.05,736.9,48.25,83250,0,0,0.0,0,F1,750,,,,,
2026-02-18,2026-02-18,FO,NSE,STO,82749,,CAMS,,2026-02-24,2026-02-24,660.0,CE,CAMS26FEB660CE,0.0,0.0,0.0,70.15,70.15,70.15,736.9,77.55,9750,0,0,0.0,0,F1,750,,,,,
2026-02-18,2026-02-18,FO,NSE,STF,66736,,CAMS,,2026-04-28,2026-04-28,,,CAMS26APRFUT,739.0,739.0,737.55,737.55,737.55,741.0,736.9,744.6,64500,2250,7,3879862.5,5,F1,750,,,,,
2026-02-18,2026-02-18,FO,NSE,STO,95137,,CAMS,,2026-03-30,2026-03-30,730.0,PE,CAMS26MAR730PE,22.65,22.65,22.65,22.65,22.65,23.0,736.9,22.65,11250,750,1,564487.5,1,F1,750,,,,,
2026-02-18,2026-02-18,FO,NSE,STO,82584,,CAMS,,2026-02-24,2026-02-24,590.0,CE,CAMS26FEB590CE,0.0,0.0,0.0,150.75,0.0,150.75,736.9,147.45,0,0,0,0.0,0,F1,750,,,,,
2026-02-18,2026-02-18,FO,NSE,STO,95122,,CAMS,,2026-03-30,2026-03-30,590.0,CE,CAMS26MAR590CE,0.0,0.0,0.0,121.1,0.0,121.1,736.9,150.9,0,0,0,0.0,0,F1,750,,,,,
2026-02-18,2026-02-18,FO,NSE,STO,83020,,CAMS,,2026-03-30,2026-03-30,720.0,CE,CAMS26MAR720CE,0.0,0.0,0.0,39.2,39.2,39.2,736.9,43.2,1500,0,0,0.0,0,F1,750,,,,,
2026-02-18,2026-02-18,FO,NSE,STO,83024,,CAMS,,2026-03-30,2026-03-30,760.0,CE,CAMS26MAR760CE,17.5,17.5,17.5,17.5,17.5,19.0,736.9,23.9,9750,750,1,583125.0,1,F1,750,,,,,
2026-02-18,2026-02-18,FO,NSE,STO,83027,,CAMS,,2026-03-30,2026-03-30,780.0,CE,CAMS26MAR780CE,11.15,11.15,11.1,11.1,11.1,13.0,736.9,11.1,16500,0,2,1186687.5,2,F1,750,,,,,
2026-02-18,2026-02-18,FO,NSE,STO,82587,,CAMS,,2026-02-24,2026-02-24,610.0,PE,CAMS26FEB610PE,0.0,0.0,0.0,1.6,1.6,1.6,736.9,0.05,24000,0,0,0.0,0,F1,750,,,,,
2026-02-18,2026-02-18,FO,NSE,STO,82589,,CAMS,,2026-02-24,2026-02-24,630.0,PE,CAMS26FEB630PE,0.55,0.7,0.45,0.45,0.45,0.95,736.9,0.05,57000,-6750,17,8039287.5,17,F1,750,,,,,
2026-02-18,2026-02-18,FO,NSE,STO,95402,,CAMS,,2026-04-28,2026-04-28,600.0,PE,CAMS26APR600PE,0.0,0.0,0.0,14.1,0.0,14.1,736.9,2.7,0,0,0,0.0,0,F1,750,,,,,
2026-02-18,2026-02-18,FO,NSE,STO,95410,,CAMS,,2026-04-28,2026-04-28,680.0,PE,CAMS26APR680PE,0.0,0.0,0.0,40.85,0.0,40.85,736.9,15.95,0,0,0,0.0,0,F1,750,,,,,
2026-02-18,2026-02-18,FO,NSE,STO,95131,,CAMS,,2026-03-30,2026-03-30,670.0,PE,CAMS26MAR670PE,6.4,7.35,5.85,6.1,6.1,7.0,736.9,6.1,26250,1500,18,9134550.0,17,F1,750,,,,,
2026-02-18,2026-02-18,FO,NSE,STO,82583,,CAMS,,2026-02-24,2026-02-24,570.0,PE,CAMS26FEB570PE,0.0,0.0,0.0,2.05,0.0,2.05,736.9,0.05,0,0,0,0.0,0,F1,750,,,,,
2026-02-18,2026-02-18,FO,NSE,STO,82817,,CAMS,,2026-02-24,2026-02-24,840.0,PE,CAMS26FEB840PE,0.0,0.0,0.0,102.0,102.0,102.0,736.9,102.35,21750,0,0,0.0,0,F1,750,,,,,
2026-02-18,2026-02-18,FO,NSE,STO,82783,,CAMS,,2026-02-24,2026-02-24,740.0,PE,CAMS26FEB740PE,10.3,15.0,9.2,9.45,9.45,12.3,736.9,9.45,243000,-10500,124,69933487.5,103,F1,750,,,,,
2026-02-18,2026-02-18,FO,NSE,STO,82738,,CAMS,,2026-02-24,2026-02-24,580.0,PE,CAMS26FEB580PE,0.3,0.35,0.3,0.3,0.3,0.3,736.9,0.05,20250,-22500,32,13927275.0,32,F1,750,,,,,
2026-02-18,2026-02-18,FO,NSE,STO,95421,,CAMS,,2026-04-28,2026-04-28,800.0,CE,CAMS26APR800CE,0.0,0.0,0.0,24.05,0.0,24.05,736.9,21.45,0,0,0,0.0,0,F1,750,,,,,
2026-02-18,2026-02-18,FO,NSE,STO,95399,,CAMS,,2026-04-28,2026-04-28,580.0,CE,CAMS26APR580CE,0.0,0.0,0.0,136.7,0.0,136.7,736.9,164.4,0,0,0,0.0,0,F1,750,,,,,
2026-02-18,2026-02-18,FO,NSE,STO,95126,,CAMS,,2026-03-30,2026-03-30,630.0,CE,CAMS26MAR630CE,0.0,0.0,0.0,89.9,0.0,89.9,736.9,112.85,0,0,0,0.0,0,F1,750,,,,,
2026-02-18,2026-02-18,FO,NSE,STO,82729,,CAMS,,2026-02-24,2026-02-24,810.0,CE,CAMS26FEB810CE,0.4,0.45,0.25,0.3,0.3,0.4,736.9,0.15,9750,4500,15,9116437.5,12,F1,750,,,,,
2026-02-18,2026-02-18,FO,NSE,STO,82713,,CAMS,,2026-02-24,2026-02-24,770.0,CE,CAMS26FEB770CE,2.5,2.5,1.15,1.25,1.25,2.15,736.9,1.25,145500,-70500,203,117503400.0,131,F1,750,,,,,
2026-02-18,2026-02-18,FO,NSE,STO,82592,,CAMS,,2026-02-24,2026-02-24,670.0,CE,CAMS26FEB670CE,0.0,0.0,0.0,76.65,76.65,76.65,736.9,67.6,20250,0,0,0.0,0,F1,750,,,,,
2026-02-18,2026-02-18,FO,NSE,STO,82727,,CAMS,,2026-02-24,2026-02-24,560.0,CE,CAMS26FEB560CE,0.0,0.0,0.0,182.15,182.15,182.15,736.9,177.4,6000,0,0,0.0,0,F1,750,,,,,
2026-02-18,2026-02-18,FO,NSE,STO,95400,,CAMS,,2026-04-28,2026-04-28,580.0,PE,CAMS26APR580PE,0.0,0.0,0.0,10.1,0.0,10.1,736.9,1.5,0,0,0,0.0,0,F1,750,,,,,
2026-02-18,2026-02-18,FO,NSE,STO,95552,,CAMS,,2026-04-28,2026-04-28,880.0,PE,CAMS26APR880PE,0.0,0.0,0.0,179.4,0.0,179.4,736.9,140.8,0,0,0,0.0,0,F1,750,,,,,
2026-02-18,2026-02-18,FO,NSE,STO,95404,,CAMS,,2026-04-28,2026-04-28,620.0,PE,CAMS26APR620PE,0.0,0.0,0.0,19.15,0.0,19.15,736.9,4.5,0,0,0,0.0,0,F1,750,,,,,
2026-02-18,2026-02-18,FO,NSE,STO,95143,,CAMS,,2026-03-30,2026-03-30,790.0,PE,CAMS26MAR790PE,0.0,0.0,0.0,101.3,0.0,101.3,736.9,62.65,0,0,0,0.0,0,F1,750,,,,,
2026-02-18,2026-02-18,FO,NSE,STO,83021,,CAMS,,2026-03-30,2026-03-30,720.0,PE,CAMS26MAR720PE,20.0,20.0,16.7,16.7,16.7,20.9,736.9,16.7,2250,1500,2,1107525.0,2,F1,750,,,,,
2026-02-18,2026-02-18,FO,NSE,STO,83009,,CAMS,,2026-03-30,2026-03-30,620.0,PE,CAMS26MAR620PE,3.3,3.3,3.15,3.15,3.15,7.4,736.9,1.55,0,-1500,2,934837.5,2,F1,750,,,,,
2026-02-18,2026-02-18,FO,NSE,STO,95125,,CAMS,,2026-03-30,2026-03-30,610.0,PE,CAMS26MAR610PE,0.0,0.0,0.0,10.85,0.0,10.85,736.9,1.05,0,0,0,0.0,0,F1,750,,,,,
2026-02-18,2026-02-18,FO,NSE,STO,95417,,CAMS,,2026-04-28,2026-04-28,760.0,CE,CAMS26APR760CE,0.0,0.0,0.0,35.0,0.0,35.0,736.9,35.15,0,0,0,0.0,0,F1,750,,,,,
2026-02-18,2026-02-18,FO,NSE,STO,95413,,CAMS,,2026-04-28,2026-04-28,720.0,CE,CAMS26APR720CE,0.0,0.0,0.0,49.8,0.0,49.8,736.9,54.55,0,0,0,0.0,0,F1,750,,,,,
2026-02-18,2026-02-18,FO,NSE,STO,95403,,CAMS,,2026-04-28,2026-04-28,620.0,CE,CAMS26APR620CE,0.0,0.0,0.0,106.35,0.0,106.35,736.9,127.85,0,0,0,0.0,0,F1,750,,,,,
2026-02-18,2026-02-18,FO,NSE,STO,82759,,CAMS,,2026-02-24,2026-02-24,740.0,CE,CAMS26FEB740CE,8.1,12.0,6.35,7.75,6.9,9.7,736.9,7.75,358500,9000,442,247907587.5,328,F1,750,,,,,
2026-02-18,2026-02-18,FO,NSE,STO,82596,,CAMS,,2026-02-24,2026-02-24,710.0,CE,CAMS26FEB710CE,0.0,0.0,0.0,31.3,31.3,31.3,736.9,30.55,198000,0,0,0.0,0,F1,750,,,,,
2026-02-18,2026-02-18,FO,NSE,STO,82747,,CAMS,,2026-02-24,2026-02-24,640.0,CE,CAMS26FEB640CE,0.0,0.0,0.0,85.0,85.0,85.0,736.9,97.5,5250,0,0,0.0,0,F1,750,,,,,
2026-02-18,2026-02-18,FO,NSE,STF,59278,,CAMS,,2026-02-24,2026-02-24,,,CAMS26FEBFUT,738.5,742.55,730.5,737.15,735.7,737.4,736.9,737.15,6717000,-75000,1625,896858812.5,1353,F1,750,,,,,
2026-02-18,2026-02-18,FO,NSE,STO,95418,,CAMS,,2026-04-28,2026-04-28,760.0,PE,CAMS26APR760PE,0.0,0.0,0.0,85.7,0.0,85.7,736.9,50.4,0,0,0,0.0,0,F1,750,,,,,
2026-02-18,2026-02-18,FO,NSE,STO,83030,,CAMS,,2026-03-30,2026-03-30,800.0,PE,CAMS26MAR800PE,69.7,69.7,64.0,64.0,64.0,65.5,736.9,64.0,25500,6750,12,7806262.5,11,F1,750,,,,,
2026-02-18,2026-02-18,FO,NSE,STO,83019,,CAMS,,2026-03-30,2026-03-30,700.0,PE,CAMS26MAR700PE,11.35,13.0,10.65,10.8,10.65,12.3,736.9,10.8,46500,13500,39,20833350.0,34,F1,750,,,,,
2026-02-18,2026-02-18,FO,NSE,STO,83015,,CAMS,,2026-03-30,2026-03-30,660.0,PE,CAMS26MAR660PE,0.0,0.0,0.0,6.0,6.0,6.0,736.9,5.5,24750,0,0,0.0,0,F1,750,,,,,
2026-02-18,2026-02-18,FO,NSE,STO,82720,,CAMS,,2026-02-24,2026-02-24,790.0,PE,CAMS26FEB790PE,0.0,0.0,0.0,69.35,67.0,69.35,736.9,53.1,2250,0,0,0.0,0,F1,750,,,,,
2026-02-18,2026-02-18,FO,NSE,STO,82593,,CAMS,,2026-02-24,2026-02-24,670.0,PE,CAMS26FEB670PE,1.0,1.1,0.9,1.0,1.0,1.45,736.9,1.0,57750,2250,28,14090962.5,28,F1,750,,,,,
2026-02-18,2026-02-18,FO,NSE,STO,82591,,CAMS,,2026-02-24,2026-02-24,650.0,PE,CAMS26FEB650PE,1.1,1.1,0.6,0.7,0.65,1.1,736.9,0.7,103500,-12750,26,12689737.5,19,F1,750,,,,,
2026-02-18,2026-02-18,FO,NSE,STO,82732,,CAMS,,2026-02-24,2026-02-24,560.0,PE,CAMS26FEB560PE,0.3,0.35,0.25,0.25,0.25,0.35,736.9,0.25,22500,-16500,31,13026712.5,28,F1,750,,,,,
2026-02-18,2026-02-18,FO,NSE,STO,95419,,CAMS,,2026-04-28,2026-04-28,780.0,CE,CAMS26APR780CE,0.0,0.0,0.0,29.1,0.0,29.1,736.9,27.65,0,0,0,0.0,0,F1,750,,,,,
2026-02-18,2026-02-18,FO,NSE,STO,95537,,CAMS,,2026-04-28,2026-04-28,840.0,CE,CAMS26APR840CE,0.0,0.0,0.0,16.1,0.0,16.1,736.9,12.4,0,0,0,0.0,0,F1,750,,,,,
2026-02-18,2026-02-18,FO,NSE,STO,82755,,CAMS,,2026-02-24,2026-02-24,700.0,CE,CAMS26FEB700CE,38.5,40.45,35.0,39.3,38.15,39.75,736.9,39.3,275250,-5250,14,7742175.0,14,F1,750,,,,,
2026-02-18,2026-02-18,FO,NSE,STO,95398,,CAMS,,2026-04-28,2026-04-28,560.0,PE,CAMS26APR560PE,0.0,0.0,0.0,7.0,0.0,7.0,736.9,0.8,0,0,0,0.0,0,F1,750,,,,,
2026-02-18,2026-02-18,FO,NSE,STO,83028,,CAMS,,2026-03-30,2026-03-30,780.0,PE,CAMS26MAR780PE,0.0,0.0,0.0,56.0,56.0,56.0,736.9,55.5,5250,0,0,0.0,0,F1,750,,,,,
2026-02-18,2026-02-18,FO,NSE,STO,95141,,CAMS,,2026-03-30,2026-03-30,770.0,PE,CAMS26MAR770PE,0.0,0.0,0.0,86.25,0.0,86.25,736.9,48.75,0,0,0,0.0,0,F1,750,,,,,
2026-02-18,2026-02-18,FO,NSE,STO,83007,,CAMS,,2026-03-30,2026-03-30,600.0,PE,CAMS26MAR600PE,0.0,0.0,0.0,4.8,4.8,4.8,736.9,0.7,750,0,0,0.0,0,F1,750,,,,,
2026-02-18,2026-02-18,FO,NSE,STO,95409,,CAMS,,2026-04-28,2026-04-28,680.0,CE,CAMS26APR680CE,0.0,0.0,0.0,68.95,0.0,68.95,736.9,79.9,0,0,0,0.0,0,F1,750,,,,,
2026-02-18,2026-02-18,FO,NSE,STO,95405,,CAMS,,2026-04-28,2026-04-28,640.0,CE,CAMS26APR640CE,0.0,0.0,0.0,92.7,0.0,92.7,736.9,110.75,0,0,0,0.0,0,F1,750,,,,,
2026-02-18,2026-02-18,FO,NSE,STO,82751,,CAMS,,2026-02-24,2026-02-24,680.0,CE,CAMS26FEB680CE,56.0,59.15,56.0,58.25,57.75,59.2,736.9,58.25,39750,0,4,2213025.0,4,F1,750,,,,,
2026-02-18,2026-02-18,FO,NSE,STO,95540,,CAMS,,2026-04-28,2026-04-28,840.0,PE,CAMS26APR840PE,0.0,0.0,0.0,145.55,0.0,145.55,736.9,106.8,0,0,0,0.0,0,F1,750,,,,,
2026-02-18,2026-02-18,FO,NSE,STO,95408,,CAMS,,2026-04-28,2026-04-28,660.0,PE,CAMS26APR660PE,0.0,0.0,0.0,32.45,0.0,32.45,736.9,10.95,0,0,0,0.0,0,F1,750,,,,,
2026-02-18,2026-02-18,FO,NSE,STO,95406,,CAMS,,2026-04-28,2026-04-28,640.0,PE,CAMS26APR640PE,0.0,0.0,0.0,25.2,0.0,25.2,736.9,7.2,0,0,0,0.0,0,F1,750,,,,,
2026-02-18,2026-02-18,FO,NSE,STO,83036,,CAMS,,2026-03-30,2026-03-30,860.0,PE,CAMS26MAR860PE,0.0,0.0,0.0,136.35,0.0,136.35,736.9,121.35,0,0,0,0.0,0,F1,750,,,,,
2026-02-18,2026-02-18,FO,NSE,STO,83032,,CAMS,,2026-03-30,2026-03-30,820.0,PE,CAMS26MAR820PE,0.0,0.0,0.0,106.2,0.0,106.2,736.9,86.2,0,0,0,0.0,0,F1,750,,,,,
2026-02-18,2026-02-18,FO,NSE,STO,95135,,CAMS,,2026-03-30,2026-03-30,710.0,PE,CAMS26MAR710PE,0.0,0.0,0.0,36.0,36.0,36.0,736.9,18.1,750,0,0,0.0,0,F1,750,,,,,
2026-02-18,2026-02-18,FO,NSE,STO,83011,,CAMS,,2026-03-30,2026-03-30,640.0,PE,CAMS26MAR640PE,3.8,3.9,3.8,3.8,3.8,5.0,736.9,3.0,7500,0,3,1448625.0,3,F1,750,,,,,
2026-02-18,2026-02-18,FO,NSE,STO,82714,,CAMS,,2026-02-24,2026-02-24,770.0,PE,CAMS26FEB770PE,0.0,0.0,0.0,49.3,49.3,49.3,736.9,34.95,9000,0,0,0.0,0,F1,750,,,,,
2026-02-18,2026-02-18,FO,NSE,STO,83005,,CAMS,,2026-03-30,2026-03-30,580.0,PE,CAMS26MAR580PE,0.0,0.0,0.0,6.55,0.0,6.55,736.9,0.3,0,0,0,0.0,0,F1,750,,,,,
2026-02-18,2026-02-18,FO,NSE,STO,82586,,CAMS,,2026-02-24,2026-02-24,610.0,CE,CAMS26FEB610CE,0.0,0.0,0.0,133.0,0.0,133.0,736.9,127.45,0,0,0,0.0,0,F1,750,,,,,
2026-02-18,2026-02-18,FO,NSE,STO,82739,,CAMS,,2026-02-24,2026-02-24,600.0,CE,CAMS26FEB600CE,0.0,0.0,0.0,143.85,143.85,143.85,736.9,137.45,2250,0,0,0.0,0,F1,750,,,,,
2026-02-18,2026-02-18,FO,NSE,STO,82699,,CAMS,,2026-02-24,2026-02-24,730.0,CE,CAMS26FEB730CE,17.55,17.55,10.6,13.7,12.6,15.3,736.9,13.7,176250,2250,172,95860725.0,147,F1,750,,,,,
2026-02-18,2026-02-18,FO,NSE,STO,82816,,CAMS,,2026-02-24,2026-02-24,840.0,CE,CAMS26FEB840CE,0.0,0.0,0.0,0.15,0.15,0.15,736.9,0.05,64500,0,0,0.0,0,F1,750,,,,,
2026-02-18,2026-02-18,FO,NSE,STO,82822,,CAMS,,2026-02-24,2026-02-24,860.0,CE,CAMS26FEB860CE,0.0,0.0,0.0,0.15,0.15,0.15,736.9,0.05,8250,0,0,0.0,0,F1,750,,,,,
2026-02-18,2026-02-18,FO,NSE,STO,95142,,CAMS,,2026-03-30,2026-03-30,790.0,CE,CAMS26MAR790CE,0.0,0.0,0.0,14.85,14.85,14.85,736.9,14.3,0,0,0,0.0,0,F1,750,,,,,
2026-02-18,2026-02-18,FO,NSE,STO,83033,,CAMS,,2026-03-30,2026-03-30,840.0,CE,CAMS26MAR840CE,0.0,0.0,0.0,25.15,0.0,25.15,736.9,5.3,0,0,0,0.0,0,F1,750,,,,,
2026-02-18,2026-02-18,FO,NSE,STO,95401,,CAMS,,2026-04-28,2026-04-28,600.0,CE,CAMS26APR600CE,0.0,0.0,0.0,121.0,0.0,121.0,736.9,145.8,0,0,0,0.0,0,F1,750,,,,,
2026-02-18,2026-02-18,FO,NSE,STO,95411,,CAMS,,2026-04-28,2026-04-28,700.0,CE,CAMS26APR700CE,0.0,0.0,0.0,58.8,0.0,58.8,736.9,66.5,0,0,0,0.0,0,F1,750,,,,,
2026-02-18,2026-02-18,FO,NSE,STO,82735,,CAMS,,2026-02-24,2026-02-24,580.0,CE,CAMS26FEB580CE,0.0,0.0,0.0,127.3,127.3,127.3,736.9,157.4,0,0,0,0.0,0,F1,750,,,,,
2026-02-18,2026-02-18,FO,NSE,STO,82731,,CAMS,,2026-02-24,2026-02-24,830.0,CE,CAMS26FEB830CE,0.0,0.0,0.0,0.9,0.9,0.9,736.9,0.05,2250,0,0,0.0,0,F1,750,,,,,
2026-02-18,2026-02-18,FO,NSE,STO,83031,,CAMS,,2026-03-30,2026-03-30,820.0,CE,CAMS26MAR820CE,6.5,6.5,6.5,6.5,6.5,6.05,736.9,6.5,4500,750,1,619875.0,1,F1,750,,,,,
2026-02-18,2026-02-18,FO,NSE,STO,82756,,CAMS,,2026-02-24,2026-02-24,700.0,PE,CAMS26FEB700PE,2.45,3.1,1.65,1.8,1.9,2.7,736.9,1.8,304500,-18000,241,126941625.0,218,F1,750,,,,,
2026-02-18,2026-02-18,FO,NSE,STO,83023,,CAMS,,2026-03-30,2026-03-30,740.0,PE,CAMS26MAR740PE,26.0,26.2,25.0,25.0,25.0,26.0,736.9,25.0,13500,3750,15,8613750.0,15,F1,750,,,,,
2026-02-18,2026-02-18,FO,NSE,STO,83034,,CAMS,,2026-03-30,2026-03-30,840.0,PE,CAMS26MAR840PE,0.0,0.0,0.0,103.5,103.5,103.5,736.9,103.35,1500,0,0,0.0,0,F1,750,,,,,
2026-02-18,2026-02-18,FO,NSE,STO,82711,,CAMS,,2026-02-24,2026-02-24,750.0,CE,CAMS26FEB750CE,5.9,7.35,3.5,4.25,3.85,5.9,736.9,4.25,387000,34500,620,350804887.5,560,F1,750,,,,,
2026-02-18,2026-02-18,FO,NSE,STF,51836,,CAMS,,2026-03-30,2026-03-30,,,CAMS26MARFUT,741.3,745.0,734.0,739.6,739.5,739.6,736.9,739.6,1176000,556500,1056,584846775.0,809,F1,750,,,,,
2026-02-18,2026-02-18,FO,NSE,STO,82582,,CAMS,,2026-02-24,2026-02-24,570.0,CE,CAMS26FEB570CE,0.0,0.0,0.0,169.15,0.0,169.15,736.9,167.4,0,0,0,0.0,0,F1,750,,,,,
2026-02-18,2026-02-18,FO,NSE,STO,95136,,CAMS,,2026-03-30,2026-03-30,730.0,CE,CAMS26MAR730CE,30.0,30.0,30.0,30.0,30.0,32.0,736.9,37.65,12000,0,1,570000.0,1,F1,750,,,,,
2026-02-18,2026-02-18,FO,NSE,STO,82740,,CAMS,,2026-02-24,2026-02-24,600.0,PE,CAMS26FEB600PE,0.4,0.45,0.25,0.3,0.3,0.5,736.9,0.3,85500,-3750,17,7654387.5,17,F1,750,,,,,
2026-02-18,2026-02-18,FO,NSE,STO,82785,,CAMS,,2026-02-24,2026-02-24,760.0,PE,CAMS26FEB760PE,26.85,27.95,23.9,24.0,24.05,26.1,736.9,24.0,68250,0,12,7077525.0,12,F1,750,,,,,
2026-02-18,2026-02-18,FO,NSE,STO,83003,,CAMS,,2026-03-30,2026-03-30,560.0,PE,CAMS26MAR560PE,0.0,0.0,0.0,4.4,0.0,4.4,736.9,0.1,0,0,0,0.0,0,F1,750,,,,,
2026-02-18,2026-02-18,FO,NSE,STO,95129,,CAMS,,2026-03-30,2026-03-30,650.0,PE,CAMS26MAR650PE,4.3,5.0,4.2,4.3,4.3,6.0,736.9,4.3,26250,9750,25,12269775.0,17,F1,750,,,,,
2026-02-18,2026-02-18,FO,NSE,STO,95414,,CAMS,,2026-04-28,2026-04-28,720.0,PE,CAMS26APR720PE,0.0,0.0,0.0,61.1,0.0,61.1,736.9,30.2,0,0,0,0.0,0,F1,750,,,,,
2026-02-18,2026-02-18,FO,NSE,STO,82808,,CAMS,,2026-02-24,2026-02-24,800.0,CE,CAMS26FEB800CE,0.75,0.8,0.3,0.4,0.4,0.65,736.9,0.4,268500,-750,139,83447100.0,100,F1,750,,,,,
2026-02-18,2026-02-18,FO,NSE,STO,82814,,CAMS,,2026-02-24,2026-02-24,820.0,CE,CAMS26FEB820CE,0.2,0.2,0.15,0.15,0.15,0.35,736.9,0.05,56250,-3000,10,6151350.0,6,F1,750,,,,,
2026-02-18,2026-02-18,FO,NSE,STO,95120,,CAMS,,2026-03-30,2026-03-30,570.0,CE,CAMS26MAR570CE,0.0,0.0,0.0,138.3,0.0,138.3,736.9,170.5,0,0,0,0.0,0,F1,750,,,,,
2026-02-18,2026-02-18,FO,NSE,STO,95128,,CAMS,,2026-03-30,2026-03-30,650.0,CE,CAMS26MAR650CE,0.0,0.0,0.0,76.05,0.0,76.05,736.9,94.9,0,0,0,0.0,0,F1,750,,,,,
2026-02-18,2026-02-18,FO,NSE,STO,83014,,CAMS,,2026-03-30,2026-03-30,660.0,CE,CAMS26MAR660CE,0.0,0.0,0.0,104.75,0.0,104.75,736.9,86.35,0,0,0,0.0,0,F1,750,,,,,
2026-02-18,2026-02-18,FO,NSE,STO,82588,,CAMS,,2026-02-24,2026-02-24,630.0,CE,CAMS26FEB630CE,0.0,0.0,0.0,116.15,0.0,116.15,736.9,107.45,0,0,0,0.0,0,F1,750,,,,,
2026-02-18,2026-02-18,FO,NSE,STO,106219,,HINDALCO,,2026-02-24,2026-02-24,770.0,CE,HINDALCO26FEB770CE,0.0,0.0,0.0,127.5,0.0,127.5,899.25,129.95,0,0,0,0.0,0,F1,700,,,,,
2026-02-18,2026-02-18,FO,NSE,STO,117364,,HINDALCO,,2026-03-30,2026-03-30,910.0,PE,HINDALCO26MAR910PE,32.0,37.3,31.55,34.4,35.1,43.4,899.25,34.4,35000,16800,70,46255020.0,50,F1,700,,,,,
2026-02-18,2026-02-18,FO,NSE,STO,117639,,HINDALCO,,2026-04-28,2026-04-28,900.0,PE,HINDALCO26APR900PE,0.0,0.0,0.0,28.85,0.0,28.85,899.25,41.5,0,0,0,0.0,0,F1,700,,,,,
2026-02-18,2026-02-18,FO,NSE,STO,117643,,HINDALCO,,2026-04-28,2026-04-28,920.0,PE,HINDALCO26APR920PE,0.0,0.0,0.0,35.95,0.0,35.95,899.25,51.95,0,0,0,0.0,0,F1,700,,,,,
2026-02-18,2026-02-18,FO,NSE,STO,106353,,HINDALCO,,2026-03-30,2026-03-30,900.0,PE,HINDALCO26MAR900PE,30.0,33.05,26.55,29.6,29.5,34.25,899.25,29.6,228900,69300,515,335035050.0,354,F1,700,,,,,
2026-02-18,2026-02-18,FO,NSE,STO,117358,,HINDALCO,,2026-03-30,2026-03-30,850.0,PE,HINDALCO26MAR850PE,13.1,14.05,11.0,12.4,12.4,14.95,899.25,12.4,213500,44100,233,140633745.0,197,F1,700,,,,,
2026-02-18,2026-02-18,FO,NSE,STO,106256,,HINDALCO,,2026-02-24,2026-02-24,1110.0,PE,HINDALCO26FEB1110PE,0.0,0.0,0.0,217.75,0.0,217.75,899.25,209.75,0,0,0,0.0,0,F1,700,,,,,
2026-02-18,2026-02-18,FO,NSE,STO,117674,,HINDALCO,,2026-04-28,2026-04-28,1060.0,CE,HINDALCO26APR1060CE,0.0,0.0,0.0,31.4,0.0,31.4,899.25,6.9,0,0,0,0.0,0,F1,700,,,,,
2026-02-18,2026-02-18,FO,NSE,STO,117661,,HINDALCO,,2026-04-28,2026-04-28,1020.0,CE,HINDALCO26APR1020CE,0.0,0.0,0.0,43.95,0.0,43.95,899.25,12.15,0,0,0,0.0,0,F1,700,,,,,
2026-02-18,2026-02-18,FO,NSE,STO,99231,,HINDALCO,,2026-02-24,2026-02-24,1020.0,CE,HINDALCO26FEB1020CE,0.65,0.75,0.4,0.45,0.45,0.6,899.25,0.45,494200,-86100,529,377893180.0,315,F1,700,,,,,
2026-02-18,2026-02-18,FO,NSE,STO,106333,,HINDALCO,,2026-03-30,2026-03-30,840.0,CE,HINDALCO26MAR840CE,0.0,0.0,0.0,80.0,80.0,80.0,899.25,75.15,700,0,0,0.0,0,F1,700,,,,,
2026-02-18,2026-02-18,FO,NSE,STO,117357,,HINDALCO,,2026-03-30,2026-03-30,850.0,CE,HINDALCO26MAR850CE,71.0,71.0,65.05,66.0,66.0,60.0,899.25,67.75,11900,0,8,5136705.0,8,F1,700,,,,,
2026-02-18,2026-02-18,FO,NSE,STO,117619,,HINDALCO,,2026-04-28,2026-04-28,800.0,CE,HINDALCO26APR800CE,0.0,0.0,0.0,181.3,0.0,181.3,899.25,116.55,0,0,0,0.0,0,F1,700,,,,,
2026-02-18,2026-02-18,FO,NSE,STO,117659,,HINDALCO,,2026-04-28,2026-04-28,1000.0,CE,HINDALCO26APR1000CE,0.0,0.0,0.0,51.6,0.0,51.6,899.25,15.85,0,0,0,0.0,0,F1,700,,,,,
2026-02-18,2026-02-18,FO,NSE,STO,99189,,HINDALCO,,2026-02-24,2026-02-24,800.0,PE,HINDALCO26FEB800PE,0.45,0.5,0.35,0.35,0.35,0.7,899.25,0.35,770000,-77000,669,374825955.0,387,F1,700,,,,,
2026-02-18,2026-02-18,FO,NSE,STO,117675,,HINDALCO,,2026-04-28,2026-04-28,1060.0,PE,HINDALCO26APR1060PE,0.0,0.0,0.0,113.3,0.0,113.3,899.25,156.7,0,0,0,0.0,0,F1,700,,,,,
2026-02-18,2026-02-18,FO,NSE,STO,106242,,HINDALCO,,2026-02-24,2026-02-24,970.0,PE,HINDALCO26FEB970PE,68.0,77.2,68.0,70.15,70.0,79.4,899.25,70.15,211400,-11900,38,27749260.0,37,F1,700,,,,,
2026-02-18,2026-02-18,FO,NSE,STO,106244,,HINDALCO,,2026-02-24,2026-02-24,990.0,PE,HINDALCO26FEB990PE,85.75,85.75,85.75,85.75,85.75,98.85,899.25,89.9,126000,-1400,2,1506050.0,1,F1,700,,,,,
2026-02-18,2026-02-18,FO,NSE,STO,99237,,HINDALCO,,2026-02-24,2026-02-24,1040.0,PE,HINDALCO26FEB1040PE,0.0,0.0,0.0,147.9,147.9,147.9,899.25,139.8,158200,0,0,0.0,0,F1,700,,,,,
2026-02-18,2026-02-18,FO,NSE,STO,99239,,HINDALCO,,2026-02-24,2026-02-24,1080.0,PE,HINDALCO26FEB1080PE,0.0,0.0,0.0,118.85,118.85,118.85,899.25,179.75,26600,0,0,0.0,0,F1,700,,,,,
2026-02-18,2026-02-18,FO,NSE,STO,106332,,HINDALCO,,2026-03-30,2026-03-30,820.0,PE,HINDALCO26MAR820PE,5.2,8.0,5.2,7.0,7.0,8.35,899.25,7.0,44800,11900,51,29514345.0,23,F1,700,,,,,
2026-02-18,2026-02-18,FO,NSE,STO,106366,,HINDALCO,,2026-03-30,2026-03-30,920.0,PE,HINDALCO26MAR920PE,38.9,43.2,36.7,43.2,43.2,44.55,899.25,43.35,19600,0,8,5375300.0,8,F1,700,,,,,
2026-02-18,2026-02-18,FO,NSE,STF,59348,,HINDALCO,,2026-02-24,2026-02-24,,,HINDALCO26FEBFUT,892.0,908.75,892.0,900.5,900.65,892.1,899.25,900.5,44388400,-1771700,9937,6256230540.0,7502,F1,700,,,,,
2026-02-18,2026-02-18,FO,NSE,STO,117454,,HINDALCO,,2026-03-30,2026-03-30,1090.0,PE,HINDALCO26MAR1090PE,0.0,0.0,0.0,131.25,0.0,131.25,899.25,185.2,0,0,0,0.0,0,F1,700,,,,,
2026-02-18,2026-02-18,FO,NSE,STO,117627,,HINDALCO,,2026-04-28,2026-04-28,860.0,PE,HINDALCO26APR860PE,0.0,0.0,0.0,17.7,0.0,17.7,899.25,24.6,0,0,0,0.0,0,F1,700,,,,,
2026-02-18,2026-02-18,FO,NSE,STO,117645,,HINDALCO,,2026-04-28,2026-04-28,940.0,PE,HINDALCO26APR940PE,0.0,0.0,0.0,50.0,50.0,50.0,899.25,63.8,700,0,0,0.0,0,F1,700,,,,,
2026-02-18,2026-02-18,FO,NSE,STO,117677,,HINDALCO,,2026-04-28,2026-04-28,1080.0,PE,HINDALCO26APR1080PE,0.0,0.0,0.0,127.95,0.0,127.95,899.25,174.7,0,0,0,0.0,0,F1,700,,,,,
2026-02-18,2026-02-18,FO,NSE,STO,99240,,HINDALCO,,2026-02-24,2026-02-24,1120.0,CE,HINDALCO26FEB1120CE,0.15,0.2,0.1,0.1,0.1,0.2,899.25,0.1,242900,-7700,62,48614510.0,42,F1,700,,,,,
2026-02-18,2026-02-18,FO,NSE,STO,99193,,HINDALCO,,2026-02-24,2026-02-24,840.0,CE,HINDALCO26FEB840CE,57.5,68.7,55.45,56.0,56.0,55.2,899.25,60.45,21000,-700,27,17061975.0,24,F1,700,,,,,
2026-02-18,2026-02-18,FO,NSE,STO,99188,,HINDALCO,,2026-02-24,2026-02-24,800.0,CE,HINDALCO26FEB800CE,96.0,101.95,95.0,101.8,101.55,93.0,899.25,101.8,93100,-700,10,6294260.0,9,F1,700,,,,,
2026-02-18,2026-02-18,FO,NSE,STO,106222,,HINDALCO,,2026-02-24,2026-02-24,790.0,CE,HINDALCO26FEB790CE,0.0,0.0,0.0,110.85,0.0,110.85,899.25,109.95,0,0,0,0.0,0,F1,700,,,,,
2026-02-18,2026-02-18,FO,NSE,STO,106229,,HINDALCO,,2026-02-24,2026-02-24,850.0,PE,HINDALCO26FEB850PE,2.25,2.65,1.35,1.45,1.45,3.4,899.25,1.45,718200,60200,2559,1526033950.0,822,F1,700,,,,,
2026-02-18,2026-02-18,FO,NSE,STO,117444,,HINDALCO,,2026-03-30,2026-03-30,1050.0,CE,HINDALCO26MAR1050CE,3.1,3.35,2.45,2.75,2.7,2.7,899.25,2.75,55300,-11900,39,28743785.0,32,F1,700,,,,,
2026-02-18,2026-02-18,FO,NSE,STO,99116,,HINDALCO,,2026-02-24,2026-02-24,760.0,PE,HINDALCO26FEB760PE,0.2,0.25,0.15,0.15,0.15,0.3,899.25,0.15,108500,-5600,52,27670090.0,23,F1,700,,,,,
2026-02-18,2026-02-18,FO,NSE,STO,117636,,HINDALCO,,2026-04-28,2026-04-28,880.0,CE,HINDALCO26APR880CE,0.0,0.0,0.0,118.15,0.0,118.15,899.25,60.7,0,0,0,0.0,0,F1,700,,,,,
2026-02-18,2026-02-18,FO,NSE,STO,106414,,HINDALCO,,2026-03-30,2026-03-30,1040.0,CE,HINDALCO26MAR1040CE,3.65,3.65,2.85,3.2,3.25,3.15,899.25,3.2,70700,4200,48,35051625.0,39,F1,700,,,,,
2026-02-18,2026-02-18,FO,NSE,STO,117363,,HINDALCO,,2026-03-30,2026-03-30,910.0,CE,HINDALCO26MAR910CE,30.0,35.0,28.0,31.5,31.4,27.35,899.25,31.5,133700,67200,299,197023750.0,209,F1,700,,,,,
2026-02-18,2026-02-18,FO,NSE,STO,99196,,HINDALCO,,2026-02-24,2026-02-24,860.0,PE,HINDALCO26FEB860PE,3.75,3.9,2.05,2.25,2.35,5.0,899.25,2.25,519400,-40600,1950,1177761200.0,1013,F1,700,,,,,
2026-02-18,2026-02-18,FO,NSE,STO,106336,,HINDALCO,,2026-03-30,2026-03-30,860.0,PE,HINDALCO26MAR860PE,16.6,17.0,13.4,14.8,14.8,17.85,899.25,14.8,160300,14000,139,85145340.0,87,F1,700,,,,,
2026-02-18,2026-02-18,FO,NSE,STO,106399,,HINDALCO,,2026-03-30,2026-03-30,960.0,PE,HINDALCO26MAR960PE,67.0,71.0,65.5,65.5,65.5,71.55,899.25,65.5,31500,9100,16,11522000.0,9,F1,700,,,,,
2026-02-18,2026-02-18,FO,NSE,STO,117416,,HINDALCO,,2026-03-30,2026-03-30,990.0,CE,HINDALCO26MAR990CE,8.45,8.6,7.35,7.75,7.85,6.95,899.25,7.75,51800,25200,68,47493810.0,57,F1,700,,,,,
2026-02-18,2026-02-18,FO,NSE,STO,117642,,HINDALCO,,2026-04-28,2026-04-28,920.0,CE,HINDALCO26APR920CE,0.0,0.0,0.0,91.9,0.0,91.9,899.25,40.75,0,0,0,0.0,0,F1,700,,,,,
2026-02-18,2026-02-18,FO,NSE,STO,117409,,HINDALCO,,2026-03-30,2026-03-30,930.0,PE,HINDALCO26MAR930PE,44.0,44.0,43.25,44.0,44.0,52.0,899.25,49.4,35000,9100,13,8862700.0,5,F1,700,,,,,
2026-02-18,2026-02-18,FO,NSE,STO,106252,,HINDALCO,,2026-02-24,2026-02-24,1070.0,PE,HINDALCO26FEB1070PE,0.0,0.0,0.0,115.35,115.35,115.35,899.25,169.8,2100,0,0,0.0,0,F1,700,,,,,
2026-02-18,2026-02-18,FO,NSE,STO,99228,,HINDALCO,,2026-02-24,2026-02-24,980.0,PE,HINDALCO26FEB980PE,85.15,85.15,73.25,80.0,80.0,88.75,899.25,80.0,191800,0,31,23006515.0,23,F1,700,,,,,
2026-02-18,2026-02-18,FO,NSE,STO,99201,,HINDALCO,,2026-02-24,2026-02-24,900.0,PE,HINDALCO26FEB900PE,15.95,18.2,11.7,13.0,13.2,20.4,899.25,13.0,1315300,-30100,4884,3126476220.0,4075,F1,700,,,,,
2026-02-18,2026-02-18,FO,NSE,STO,106223,,HINDALCO,,2026-02-24,2026-02-24,790.0,PE,HINDALCO26FEB790PE,0.3,0.3,0.25,0.3,0.3,0.6,899.25,0.3,29400,2100,23,12723795.0,19,F1,700,,,,,
2026-02-18,2026-02-18,FO,NSE,STO,117690,,HINDALCO,,2026-04-28,2026-04-28,1160.0,CE,HINDALCO26APR1160CE,0.0,0.0,0.0,12.3,0.0,12.3,899.25,1.4,0,0,0,0.0,0,F1,700,,,,,
2026-02-18,2026-02-18,FO,NSE,STO,117680,,HINDALCO,,2026-04-28,2026-04-28,1100.0,CE,HINDALCO26APR1100CE,0.0,0.0,0.0,21.95,0.0,21.95,899.25,3.75,0,0,0,0.0,0,F1,700,,,,,
2026-02-18,2026-02-18,FO,NSE,STO,99202,,HINDALCO,,2026-02-24,2026-02-24,920.0,CE,HINDALCO26FEB920CE,6.95,11.1,5.0,6.45,6.3,6.6,899.25,6.45,874300,-89600,7108,4616540810.0,5503,F1,700,,,,,
2026-02-18,2026-02-18,FO,NSE,STO,106241,,HINDALCO,,2026-02-24,2026-02-24,970.0,CE,HINDALCO26FEB970CE,1.7,2.35,0.9,1.25,1.25,1.5,899.25,1.25,1663900,-116200,1911,1299418260.0,1345,F1,700,,,,,
2026-02-18,2026-02-18,FO,NSE,STO,106249,,HINDALCO,,2026-02-24,2026-02-24,1050.0,CE,HINDALCO26FEB1050CE,0.35,0.45,0.2,0.2,0.2,0.4,899.25,0.2,648200,-126000,518,380827545.0,135,F1,700,,,,,
2026-02-18,2026-02-18,FO,NSE,STO,99208,,HINDALCO,,2026-02-24,2026-02-24,960.0,PE,HINDALCO26FEB960PE,59.7,67.0,55.95,60.0,60.0,69.25,899.25,60.0,651700,-3500,60,42850395.0,46,F1,700,,,,,
2026-02-18,2026-02-18,FO,NSE,STO,106246,,HINDALCO,,2026-02-24,2026-02-24,1010.0,PE,HINDALCO26FEB1010PE,0.0,0.0,0.0,101.8,101.8,101.8,899.25,109.85,92400,0,0,0.0,0,F1,700,,,,,
2026-02-18,2026-02-18,FO,NSE,STO,39566,,HINDALCO,,2026-02-24,2026-02-24,1060.0,PE,HINDALCO26FEB1060PE,0.0,0.0,0.0,167.65,167.0,167.65,899.25,159.8,27300,0,0,0.0,0,F1,700,,,,,
2026-02-18,2026-02-18,FO,NSE,STO,117660,,HINDALCO,,2026-04-28,2026-04-28,1000.0,PE,HINDALCO26APR1000PE,0.0,0.0,0.0,74.4,0.0,74.4,899.25,106.25,0,0,0,0.0,0,F1,700,,,,,
2026-02-18,2026-02-18,FO,NSE,STO,117691,,HINDALCO,,2026-04-28,2026-04-28,1160.0,PE,HINDALCO26APR1160PE,0.0,0.0,0.0,192.7,0.0,192.7,899.25,250.15,0,0,0,0.0,0,F1,700,,,,,
2026-02-18,2026-02-18,FO,NSE,STO,106230,,HINDALCO,,2026-02-24,2026-02-24,870.0,CE,HINDALCO26FEB870CE,33.2,41.85,28.55,34.4,34.1,29.75,899.25,34.4,154700,1400,237,149789430.0,232,F1,700,,,,,
2026-02-18,2026-02-18,FO,NSE,STO,106253,,HINDALCO,,2026-02-24,2026-02-24,1090.0,CE,HINDALCO26FEB1090CE,0.15,0.25,0.15,0.15,0.15,0.45,899.25,0.15,81900,-3500,9,6868155.0,9,F1,700,,,,,
2026-02-18,2026-02-18,FO,NSE,STO,106239,,HINDALCO,,2026-02-24,2026-02-24,950.0,CE,HINDALCO26FEB950CE,3.15,4.1,1.7,2.25,2.15,2.55,899.25,2.25,1621900,-23100,4870,3247908300.0,2508,F1,700,,,,,
2026-02-18,2026-02-18,FO,NSE,STO,99197,,HINDALCO,,2026-02-24,2026-02-24,880.0,CE,HINDALCO26FEB880CE,25.0,34.15,21.45,26.1,26.0,23.35,899.25,26.1,286300,-154700,2137,1355969405.0,1501,F1,700,,,,,
2026-02-18,2026-02-18,FO,NSE,STO,117440,,HINDALCO,,2026-03-30,2026-03-30,1030.0,CE,HINDALCO26MAR1030CE,4.3,4.3,3.4,3.4,3.4,3.65,899.25,3.95,45500,3500,9,6513325.0,9,F1,700,,,,,
2026-02-18,2026-02-18,FO,NSE,STO,106337,,HINDALCO,,2026-03-30,2026-03-30,880.0,CE,HINDALCO26MAR880CE,51.25,52.0,43.0,47.5,47.5,42.65,899.25,47.5,28000,7000,44,28591570.0,28,F1,700,,,,,
2026-02-18,2026-02-18,FO,NSE,STO,117626,,HINDALCO,,2026-04-28,2026-04-28,860.0,CE,HINDALCO26APR860CE,0.0,0.0,0.0,132.7,0.0,132.7,899.25,72.75,0,0,0,0.0,0,F1,700,,,,,
2026-02-18,2026-02-18,FO,NSE,STO,117647,,HINDALCO,,2026-04-28,2026-04-28,960.0,CE,HINDALCO26APR960CE,0.0,0.0,0.0,69.7,0.0,69.7,899.25,26.0,0,0,0,0.0,0,F1,700,,,,,
2026-02-18,2026-02-18,FO,NSE,STO,99198,,HINDALCO,,2026-02-24,2026-02-24,880.0,PE,HINDALCO26FEB880PE,9.75,9.85,5.2,5.6,5.7,10.5,899.25,5.6,905800,-269500,3855,2393174490.0,3150,F1,700,,,,,
2026-02-18,2026-02-18,FO,NSE,STO,117623,,HINDALCO,,2026-04-28,2026-04-28,840.0,CE,HINDALCO26APR840CE,0.0,0.0,0.0,148.15,0.0,148.15,899.25,86.15,0,0,0,0.0,0,F1,700,,,,,
2026-02-18,2026-02-18,FO,NSE,STO,117644,,HINDALCO,,2026-04-28,2026-04-28,940.0,CE,HINDALCO26APR940CE,0.0,0.0,0.0,80.3,0.0,80.3,899.25,32.75,0,0,0,0.0,0,F1,700,,,,,
2026-02-18,2026-02-18,FO,NSE,STO,106260,,HINDALCO,,2026-02-24,2026-02-24,1140.0,PE,HINDALCO26FEB1140PE,0.0,0.0,0.0,246.6,0.0,246.6,899.25,239.7,0,0,0,0.0,0,F1,700,,,,,
2026-02-18,2026-02-18,FO,NSE,STO,117455,,HINDALCO,,2026-03-30,2026-03-30,1110.0,CE,HINDALCO26MAR1110CE,2.15,2.15,2.15,2.15,2.15,2.15,899.25,0.65,6300,2800,4,3114020.0,1,F1,700,,,,,
2026-02-18,2026-02-18,FO,NSE,STO,117415,,HINDALCO,,2026-03-30,2026-03-30,970.0,PE,HINDALCO26MAR970PE,0.0,0.0,0.0,80.0,80.0,80.0,899.25,77.5,25200,0,0,0.0,0,F1,700,,,,,
2026-02-18,2026-02-18,FO,NSE,STO,117339,,HINDALCO,,2026-03-30,2026-03-30,810.0,PE,HINDALCO26MAR810PE,0.0,0.0,0.0,4.55,0.0,4.55,899.25,5.3,0,0,0,0.0,0,F1,700,,,,,
2026-02-18,2026-02-18,FO,NSE,STO,106255,,HINDALCO,,2026-02-24,2026-02-24,1110.0,CE,HINDALCO26FEB1110CE,0.0,0.0,0.0,0.25,0.25,0.25,899.25,0.05,27300,0,0,0.0,0,F1,700,,,,,
2026-02-18,2026-02-18,FO,NSE,STO,106412,,HINDALCO,,2026-03-30,2026-03-30,1020.0,CE,HINDALCO26MAR1020CE,5.25,5.35,4.4,4.5,4.6,4.3,899.25,4.5,41300,6300,26,18652025.0,24,F1,700,,,,,
2026-02-18,2026-02-18,FO,NSE,STO,117593,,HINDALCO,,2026-04-28,2026-04-28,760.0,CE,HINDALCO26APR760CE,0.0,0.0,0.0,217.0,0.0,217.0,899.25,151.0,0,0,0,0.0,0,F1,700,,,,,
2026-02-18,2026-02-18,FO,NSE,STO,117441,,HINDALCO,,2026-03-30,2026-03-30,1030.0,PE,HINDALCO26MAR1030PE,0.0,0.0,0.0,86.0,0.0,86.0,899.25,128.55,0,0,0,0.0,0,F1,700,,,,,
2026-02-18,2026-02-18,FO,NSE,STO,117615,,HINDALCO,,2026-04-28,2026-04-28,780.0,PE,HINDALCO26APR780PE,0.0,0.0,0.0,5.1,0.0,5.1,899.25,6.05,0,0,0,0.0,0,F1,700,,,,,
2026-02-18,2026-02-18,FO,NSE,STO,106417,,HINDALCO,,2026-03-30,2026-03-30,1060.0,PE,HINDALCO26MAR1060PE,0.0,0.0,0.0,172.05,0.0,172.05,899.25,156.45,0,0,0,0.0,0,F1,700,,,,,
2026-02-18,2026-02-18,FO,NSE,STF,66849,,HINDALCO,,2026-04-28,2026-04-28,,,HINDALCO26APRFUT,909.0,918.35,904.95,911.75,910.85,902.6,899.25,911.75,254100,700,75,47820325.0,70,F1,700,,,,,
2026-02-18,2026-02-18,FO,NSE,STO,117413,,HINDALCO,,2026-03-30,2026-03-30,950.0,PE,HINDALCO26MAR950PE,55.75,63.2,55.75,58.25,58.1,68.0,899.25,58.25,100800,49000,72,50963080.0,19,F1,700,,,,,
2026-02-18,2026-02-18,FO,NSE,STO,106330,,HINDALCO,,2026-03-30,2026-03-30,800.0,PE,HINDALCO26MAR800PE,5.55,5.6,4.1,4.8,4.9,5.8,899.25,4.8,348600,23800,488,275007040.0,254,F1,700,,,,,
2026-02-18,2026-02-18,FO,NSE,STO,99187,,HINDALCO,,2026-02-24,2026-02-24,780.0,PE,HINDALCO26FEB780PE,0.4,0.4,0.15,0.15,0.2,0.4,899.25,0.15,200200,0,44,24029495.0,23,F1,700,,,,,
2026-02-18,2026-02-18,FO,NSE,STO,117621,,HINDALCO,,2026-04-28,2026-04-28,820.0,CE,HINDALCO26APR820CE,0.0,0.0,0.0,164.35,0.0,164.35,899.25,100.8,0,0,0,0.0,0,F1,700,,,,,
2026-02-18,2026-02-18,FO,NSE,STO,37491,,HINDALCO,,2026-03-30,2026-03-30,1140.0,CE,HINDALCO26MAR1140CE,1.0,1.0,0.95,0.95,0.95,1.55,899.25,0.3,21000,0,7,5590830.0,4,F1,700,,,,,
2026-02-18,2026-02-18,FO,NSE,STO,106409,,HINDALCO,,2026-03-30,2026-03-30,1000.0,CE,HINDALCO26MAR1000CE,6.8,7.85,5.55,6.5,6.55,6.0,899.25,6.5,493500,-91000,697,491123220.0,502,F1,700,,,,,
2026-02-18,2026-02-18,FO,NSE,STO,106400,,HINDALCO,,2026-03-30,2026-03-30,980.0,CE,HINDALCO26MAR980CE,10.3,10.8,8.0,9.25,9.4,8.05,899.25,9.25,61600,-72100,195,135071230.0,99,F1,700,,,,,
2026-02-18,2026-02-18,FO,NSE,STO,106396,,HINDALCO,,2026-03-30,2026-03-30,960.0,CE,HINDALCO26MAR960CE,14.0,15.4,11.6,13.4,13.3,11.75,899.25,13.4,152600,18200,71,48375530.0,53,F1,700,,,,,
2026-02-18,2026-02-18,FO,NSE,STO,117370,,HINDALCO,,2026-03-30,2026-03-30,930.0,CE,HINDALCO26MAR930CE,24.85,25.65,19.9,22.55,22.65,19.85,899.25,22.55,93800,14700,111,73998225.0,96,F1,700,,,,,
2026-02-18,2026-02-18,FO,NSE,STO,117361,,HINDALCO,,2026-03-30,2026-03-30,890.0,CE,HINDALCO26MAR890CE,39.95,46.0,37.5,42.05,41.7,37.0,899.25,42.05,57400,17500,151,98436730.0,134,F1,700,,,,,
2026-02-18,2026-02-18,FO,NSE,STO,106331,,HINDALCO,,2026-03-30,2026-03-30,820.0,CE,HINDALCO26MAR820CE,93.0,93.0,86.0,87.0,87.0,100.45,899.25,91.0,2100,2100,3,1908200.0,3,F1,700,,,,,
2026-02-18,2026-02-18,FO,NSE,STO,106259,,HINDALCO,,2026-02-24,2026-02-24,1140.0,CE,HINDALCO26FEB1140CE,0.05,0.1,0.05,0.05,0.1,0.15,899.25,0.05,218400,-17500,60,47883185.0,40,F1,700,,,,,
2026-02-18,2026-02-18,FO,NSE,STO,106251,,HINDALCO,,2026-02-24,2026-02-24,1070.0,CE,HINDALCO26FEB1070CE,0.3,0.3,0.2,0.25,0.25,0.35,899.25,0.05,53900,-5600,15,11237555.0,12,F1,700,,,,,
2026-02-18,2026-02-18,FO,NSE,STO,99242,,HINDALCO,,2026-02-24,2026-02-24,1120.0,PE,HINDALCO26FEB1120PE,0.0,0.0,0.0,315.05,0.0,315.05,899.25,219.75,0,0,0,0.0,0,F1,700,,,,,
2026-02-18,2026-02-18,FO,NSE,STO,46869,,HINDALCO,,2026-02-24,2026-02-24,1100.0,PE,HINDALCO26FEB1100PE,0.0,0.0,0.0,191.4,191.4,191.4,899.25,199.75,16800,0,0,0.0,0,F1,700,,,,,
2026-02-18,2026-02-18,FO,NSE,STO,99232,,HINDALCO,,2026-02-24,2026-02-24,1020.0,PE,HINDALCO26FEB1020PE,120.0,126.1,119.0,120.0,120.0,128.1,899.25,119.85,228900,-700,19,15180515.0,19,F1,700,,,,,
2026-02-18,2026-02-18,FO,NSE,STO,106231,,HINDALCO,,2026-02-24,2026-02-24,870.0,PE,HINDALCO26FEB870PE,4.65,6.05,3.25,3.55,3.65,7.2,899.25,3.55,398300,-71400,2166,1325695630.0,1602,F1,700,,,,,
2026-02-18,2026-02-18,FO,NSE,STO,117683,,HINDALCO,,2026-04-28,2026-04-28,1120.0,PE,HINDALCO26APR1120PE,0.0,0.0,0.0,159.15,0.0,159.15,899.25,211.9,0,0,0,0.0,0,F1,700,,,,,
2026-02-18,2026-02-18,FO,NSE,STO,117664,,HINDALCO,,2026-04-28,2026-04-28,1040.0,PE,HINDALCO26APR1040PE,0.0,0.0,0.0,99.5,0.0,99.5,899.25,139.2,0,0,0,0.0,0,F1,700,,,,,
2026-02-18,2026-02-18,FO,NSE,STO,117620,,HINDALCO,,2026-04-28,2026-04-28,800.0,PE,HINDALCO26APR800PE,0.0,0.0,0.0,7.2,0.0,7.2,899.25,9.05,0,0,0,0.0,0,F1,700,,,,,
2026-02-18,2026-02-18,FO,NSE,STO,117658,,HINDALCO,,2026-04-28,2026-04-28,980.0,PE,HINDALCO26APR980PE,0.0,0.0,0.0,63.3,0.0,63.3,899.25,91.05,0,0,0,0.0,0,F1,700,,,,,
2026-02-18,2026-02-18,FO,NSE,STO,117451,,HINDALCO,,2026-03-30,2026-03-30,1090.0,CE,HINDALCO26MAR1090CE,1.6,1.6,1.4,1.5,1.5,1.65,899.25,1.5,16800,2100,6,4584335.0,6,F1,700,,,,,
2026-02-18,2026-02-18,FO,NSE,STO,106227,,HINDALCO,,2026-02-24,2026-02-24,830.0,PE,HINDALCO26FEB830PE,1.2,1.2,0.6,0.65,0.65,1.65,899.25,0.65,121100,-5600,253,147148365.0,205,F1,700,,,,,
2026-02-18,2026-02-18,FO,NSE,STO,106338,,HINDALCO,,2026-03-30,2026-03-30,880.0,PE,HINDALCO26MAR880PE,20.0,23.95,19.05,21.2,21.35,25.05,899.25,21.2,125300,12600,178,112389340.0,94,F1,700,,,,,
2026-02-18,2026-02-18,FO,NSE,STO,117362,,HINDALCO,,2026-03-30,2026-03-30,890.0,PE,HINDALCO26MAR890PE,24.0,28.0,22.75,25.0,25.0,29.75,899.25,25.0,53900,9100,57,36549275.0,47,F1,700,,,,,
2026-02-18,2026-02-18,FO,NSE,STO,106419,,HINDALCO,,2026-03-30,2026-03-30,1080.0,PE,HINDALCO26MAR1080PE,0.0,0.0,0.0,75.0,75.0,75.0,899.25,175.55,3500,0,0,0.0,0,F1,700,,,,,
2026-02-18,2026-02-18,FO,NSE,STO,117624,,HINDALCO,,2026-04-28,2026-04-28,840.0,PE,HINDALCO26APR840PE,0.0,0.0,0.0,13.4,0.0,13.4,899.25,18.2,0,0,0,0.0,0,F1,700,,,,,
2026-02-18,2026-02-18,FO,NSE,STO,99191,,HINDALCO,,2026-02-24,2026-02-24,820.0,CE,HINDALCO26FEB820CE,0.0,0.0,0.0,74.65,74.65,74.65,899.25,80.05,26600,0,0,0.0,0,F1,700,,,,,
2026-02-18,2026-02-18,FO,NSE,STO,106237,,HINDALCO,,2026-02-24,2026-02-24,930.0,CE,HINDALCO26FEB930CE,5.05,7.95,3.4,4.4,4.4,4.7,899.25,4.4,763700,-42700,3936,2577615110.0,2960,F1,700,,,,,
2026-02-18,2026-02-18,FO,NSE,STO,99207,,HINDALCO,,2026-02-24,2026-02-24,960.0,CE,HINDALCO26FEB960CE,2.0,3.0,1.25,1.6,1.55,1.9,899.25,1.6,1155000,-23800,1935,1302927255.0,1258,F1,700,,,,,
2026-02-18,2026-02-18,FO,NSE,STO,99227,,HINDALCO,,2026-02-24,2026-02-24,980.0,CE,HINDALCO26FEB980CE,1.9,1.9,0.7,0.9,0.95,1.15,899.25,0.9,868000,25900,1171,804204030.0,805,F1,700,,,,,
2026-02-18,2026-02-18,FO,NSE,STO,117446,,HINDALCO,,2026-03-30,2026-03-30,1070.0,CE,HINDALCO26MAR1070CE,0.0,0.0,0.0,18.4,0.0,18.4,899.25,1.65,0,0,0,0.0,0,F1,700,,,,,
2026-02-18,2026-02-18,FO,NSE,STO,117447,,HINDALCO,,2026-03-30,2026-03-30,1070.0,PE,HINDALCO26MAR1070PE,0.0,0.0,0.0,115.35,0.0,115.35,899.25,165.95,0,0,0,0.0,0,F1,700,,,,,
2026-02-18,2026-02-18,FO,NSE,STO,117456,,HINDALCO,,2026-03-30,2026-03-30,1110.0,PE,HINDALCO26MAR1110PE,0.0,0.0,0.0,147.9,0.0,147.9,899.25,204.7,0,0,0,0.0,0,F1,700,,,,,
2026-02-18,2026-02-18,FO,NSE,STO,117648,,HINDALCO,,2026-04-28,2026-04-28,960.0,PE,HINDALCO26APR960PE,0.0,0.0,0.0,53.15,0.0,53.15,899.25,76.85,0,0,0,0.0,0,F1,700,,,,,
2026-02-18,2026-02-18,FO,NSE,STO,117662,,HINDALCO,,2026-04-28,2026-04-28,1020.0,PE,HINDALCO26APR1020PE,0.0,0.0,0.0,86.5,0.0,86.5,899.25,122.35,0,0,0,0.0,0,F1,700,,,,,
2026-02-18,2026-02-18,FO,NSE,STO,117335,,HINDALCO,,2026-03-30,2026-03-30,770.0,PE,HINDALCO26MAR770PE,2.35,2.9,2.35,2.8,2.8,3.1,899.25,1.65,9800,7700,13,7031465.0,13,F1,700,,,,,
2026-02-18,2026-02-18,FO,NSE,STO,99115,,HINDALCO,,2026-02-24,2026-02-24,760.0,CE,HINDALCO26FEB760CE,0.0,0.0,0.0,162.2,162.2,162.2,899.25,139.95,5600,0,0,0.0,0,F1,700,,,,,
2026-02-18,2026-02-18,FO,NSE,STO,99199,,HINDALCO,,2026-02-24,2026-02-24,900.0,CE,HINDALCO26FEB900CE,14.85,20.7,10.8,13.7,13.65,12.65,899.25,13.7,1614900,390600,14164,9072530985.0,11437,F1,700,,,,,
2026-02-18,2026-02-18,FO,NSE,STO,117334,,HINDALCO,,2026-03-30,2026-03-30,770.0,CE,HINDALCO26MAR770CE,0.0,0.0,0.0,201.75,0.0,201.75,899.25,135.5,0,0,0,0.0,0,F1,700,,,,,
2026-02-18,2026-02-18,FO,NSE,STO,106354,,HINDALCO,,2026-03-30,2026-03-30,920.0,CE,HINDALCO26MAR920CE,26.55,30.0,23.45,26.75,26.8,23.4,899.25,26.75,231700,25900,512,339273655.0,321,F1,700,,,,,
2026-02-18,2026-02-18,FO,NSE,STO,117410,,HINDALCO,,2026-03-30,2026-03-30,950.0,CE,HINDALCO26MAR950CE,14.4,18.5,13.75,15.9,16.0,14.15,899.25,15.9,344400,172900,576,389433730.0,489,F1,700,,,,,
2026-02-18,2026-02-18,FO,NSE,STO,106418,,HINDALCO,,2026-03-30,2026-03-30,1080.0,CE,HINDALCO26MAR1080CE,0.0,0.0,0.0,2.75,2.75,2.75,899.25,1.3,4200,0,0,0.0,0,F1,700,,,,,
2026-02-18,2026-02-18,FO,NSE,STO,117655,,HINDALCO,,2026-04-28,2026-04-28,980.0,CE,HINDALCO26APR980CE,0.0,0.0,0.0,60.15,0.0,60.15,899.25,20.4,0,0,0,0.0,0,F1,700,,,,,
2026-02-18,2026-02-18,FO,NSE,STO,99194,,HINDALCO,,2026-02-24,2026-02-24,840.0,PE,HINDALCO26FEB840PE,2.0,2.0,0.85,1.0,1.0,2.3,899.25,1.0,283500,-90300,1084,638319535.0,691,F1,700,,,,,
2026-02-18,2026-02-18,FO,NSE,STO,99205,,HINDALCO,,2026-02-24,2026-02-24,940.0,PE,HINDALCO26FEB940PE,44.2,49.65,37.15,42.45,42.2,50.05,899.25,42.45,347200,-15400,156,107481990.0,94,F1,700,,,,,
2026-02-18,2026-02-18,FO,NSE,STO,106254,,HINDALCO,,2026-02-24,2026-02-24,1090.0,PE,HINDALCO26FEB1090PE,0.0,0.0,0.0,80.85,80.85,80.85,899.25,189.75,6300,0,0,0.0,0,F1,700,,,,,
2026-02-18,2026-02-18,FO,NSE,STO,106411,,HINDALCO,,2026-03-30,2026-03-30,1000.0,PE,HINDALCO26MAR1000PE,99.5,103.0,99.0,103.0,103.0,107.35,899.25,102.0,124600,2800,20,15426705.0,15,F1,700,,,,,
2026-02-18,2026-02-18,FO,NSE,STO,106248,,HINDALCO,,2026-02-24,2026-02-24,1030.0,PE,HINDALCO26FEB1030PE,130.0,130.0,130.0,130.0,130.0,73.05,899.25,130.0,123200,0,1,812000.0,1,F1,700,,,,,
2026-02-18,2026-02-18,FO,NSE,STO,99230,,HINDALCO,,2026-02-24,2026-02-24,1000.0,PE,HINDALCO26FEB1000PE,101.1,104.0,93.0,99.5,99.5,108.2,899.25,99.5,268100,-11900,41,31519040.0,30,F1,700,,,,,
2026-02-18,2026-02-18,FO,NSE,STO,106238,,HINDALCO,,2026-02-24,2026-02-24,930.0,PE,HINDALCO26FEB930PE,35.3,40.8,29.1,33.6,33.5,42.05,899.25,33.6,241500,-10500,154,103955005.0,145,F1,700,,,,,
2026-02-18,2026-02-18,FO,NSE,STO,99192,,HINDALCO,,2026-02-24,2026-02-24,820.0,PE,HINDALCO26FEB820PE,0.9,0.9,0.5,0.55,0.55,1.2,899.25,0.55,130200,-11900,93,53426450.0,68,F1,700,,,,,
2026-02-18,2026-02-18,FO,NSE,STO,106225,,HINDALCO,,2026-02-24,2026-02-24,810.0,PE,HINDALCO26FEB810PE,0.5,0.55,0.35,0.35,0.35,0.85,899.25,0.35,266000,4900,121,68643050.0,66,F1,700,,,,,
2026-02-18,2026-02-18,FO,NSE,STO,106220,,HINDALCO,,2026-02-24,2026-02-24,770.0,PE,HINDALCO26FEB770PE,0.2,0.2,0.15,0.15,0.15,0.35,899.25,0.15,4200,0,5,2695630.0,5,F1,700,,,,,
2026-02-18,2026-02-18,FO,NSE,STO,99106,,HINDALCO,,2026-02-24,2026-02-24,680.0,PE,HINDALCO26FEB680PE,0.0,0.0,0.0,0.1,0.1,0.1,899.25,0.05,48300,0,0,0.0,0,F1,700,,,,,
2026-02-18,2026-02-18,FO,NSE,STO,117676,,HINDALCO,,2026-04-28,2026-04-28,1080.0,CE,HINDALCO26APR1080CE,0.0,0.0,0.0,26.35,0.0,26.35,899.25,5.1,0,0,0,0.0,0,F1,700,,,,,
2026-02-18,2026-02-18,FO,NSE,STO,117638,,HINDALCO,,2026-04-28,2026-04-28,900.0,CE,HINDALCO26APR900CE,45.0,47.0,45.0,47.0,47.0,104.5,899.25,50.05,700,700,2,1324400.0,2,F1,700,,,,,
2026-02-18,2026-02-18,FO,NSE,STO,106420,,HINDALCO,,2026-03-30,2026-03-30,1100.0,CE,HINDALCO26MAR1100CE,1.6,1.7,1.3,1.45,1.45,1.6,899.25,1.45,172200,5600,87,67078830.0,73,F1,700,,,,,
2026-02-18,2026-02-18,FO,NSE,STO,117438,,HINDALCO,,2026-03-30,2026-03-30,1010.0,CE,HINDALCO26MAR1010CE,6.15,6.15,4.65,5.45,5.5,7.5,899.25,5.45,19600,16100,37,26296235.0,30,F1,700,,,,,
2026-02-18,2026-02-18,FO,NSE,STO,117414,,HINDALCO,,2026-03-30,2026-03-30,970.0,CE,HINDALCO26MAR970CE,11.25,12.85,9.8,10.75,10.75,9.8,899.25,12.6,23800,7700,31,21286195.0,30,F1,700,,,,,
2026-02-18,2026-02-18,FO,NSE,STO,99238,,HINDALCO,,2026-02-24,2026-02-24,1080.0,CE,HINDALCO26FEB1080CE,0.3,0.3,0.15,0.15,0.15,0.3,899.25,0.15,232400,-14000,86,65027795.0,47,F1,700,,,,,
2026-02-18,2026-02-18,FO,NSE,STO,99236,,HINDALCO,,2026-02-24,2026-02-24,1040.0,CE,HINDALCO26FEB1040CE,0.5,0.5,0.2,0.25,0.2,0.5,899.25,0.25,252000,-49700,137,99768690.0,112,F1,700,,,,,
2026-02-18,2026-02-18,FO,NSE,STO,106228,,HINDALCO,,2026-02-24,2026-02-24,850.0,CE,HINDALCO26FEB850CE,50.55,52.35,45.0,52.15,51.95,46.2,899.25,52.15,56700,0,38,23900275.0,36,F1,700,,,,,
2026-02-18,2026-02-18,FO,NSE,STO,99117,,HINDALCO,,2026-02-24,2026-02-24,780.0,CE,HINDALCO26FEB780CE,0.0,0.0,0.0,123.75,123.75,123.75,899.25,119.95,17500,0,0,0.0,0,F1,700,,,,,
2026-02-18,2026-02-18,FO,NSE,STO,37492,,HINDALCO,,2026-03-30,2026-03-30,1140.0,PE,HINDALCO26MAR1140PE,0.0,0.0,0.0,233.9,0.0,233.9,899.25,234.2,0,0,0,0.0,0,F1,700,,,,,
2026-02-18,2026-02-18,FO,NSE,STO,106427,,HINDALCO,,2026-03-30,2026-03-30,1120.0,PE,HINDALCO26MAR1120PE,0.0,0.0,0.0,225.3,0.0,225.3,899.25,214.5,0,0,0,0.0,0,F1,700,,,,,
2026-02-18,2026-02-18,FO,NSE,STO,106413,,HINDALCO,,2026-03-30,2026-03-30,1020.0,PE,HINDALCO26MAR1020PE,120.0,120.0,120.0,120.0,120.0,138.9,899.25,119.5,700,700,1,798000.0,1,F1,700,,,,,
2026-02-18,2026-02-18,FO,NSE,STO,117439,,HINDALCO,,2026-03-30,2026-03-30,1010.0,PE,HINDALCO26MAR1010PE,0.0,0.0,0.0,72.8,0.0,72.8,899.25,110.65,0,0,0,0.0,0,F1,700,,,,,
2026-02-18,2026-02-18,FO,NSE,STO,117417,,HINDALCO,,2026-03-30,2026-03-30,990.0,PE,HINDALCO26MAR990PE,0.0,0.0,0.0,60.75,0.0,60.75,899.25,93.55,0,0,0,0.0,0,F1,700,,,,,
2026-02-18,2026-02-18,FO,NSE,STO,106395,,HINDALCO,,2026-03-30,2026-03-30,940.0,PE,HINDALCO26MAR940PE,48.85,56.45,48.85,56.45,56.45,58.4,899.25,55.85,40600,0,6,4163880.0,6,F1,700,,,,,
2026-02-18,2026-02-18,FO,NSE,STO,106334,,HINDALCO,,2026-03-30,2026-03-30,840.0,PE,HINDALCO26MAR840PE,8.9,11.55,8.9,10.15,10.3,12.5,899.25,10.15,158200,137900,221,131582745.0,218,F1,700,,,,,
2026-02-18,2026-02-18,FO,NSE,STO,106250,,HINDALCO,,2026-02-24,2026-02-24,1050.0,PE,HINDALCO26FEB1050PE,0.0,0.0,0.0,91.1,91.05,91.1,899.25,149.8,98000,0,0,0.0,0,F1,700,,,,,
2026-02-18,2026-02-18,FO,NSE,STO,117337,,HINDALCO,,2026-03-30,2026-03-30,790.0,PE,HINDALCO26MAR790PE,4.1,4.3,4.1,4.15,4.15,5.1,899.25,3.05,3500,2800,9,5003215.0,8,F1,700,,,,,
2026-02-18,2026-02-18,FO,NSE,STO,106408,,HINDALCO,,2026-03-30,2026-03-30,980.0,PE,HINDALCO26MAR980PE,82.0,86.0,82.0,82.0,82.0,92.95,899.25,82.0,6300,2800,6,4463200.0,5,F1,700,,,,,
2026-02-18,2026-02-18,FO,NSE,STO,106415,,HINDALCO,,2026-03-30,2026-03-30,1040.0,PE,HINDALCO26MAR1040PE,0.0,0.0,0.0,87.0,87.0,87.0,899.25,137.7,6300,0,0,0.0,0,F1,700,,,,,
2026-02-18,2026-02-18,FO,NSE,STO,106423,,HINDALCO,,2026-03-30,2026-03-30,1100.0,PE,HINDALCO26MAR1100PE,0.0,0.0,0.0,181.2,181.2,181.2,899.25,194.95,9800,0,0,0.0,0,F1,700,,,,,
2026-02-18,2026-02-18,FO,NSE,STO,117594,,HINDALCO,,2026-04-28,2026-04-28,760.0,PE,HINDALCO26APR760PE,0.0,0.0,0.0,3.5,0.0,3.5,899.25,3.9,0,0,0,0.0,0,F1,700,,,,,
2026-02-18,2026-02-18,FO,NSE,STO,106328,,HINDALCO,,2026-03-30,2026-03-30,780.0,PE,HINDALCO26MAR780PE,3.9,3.9,3.4,3.4,3.4,3.85,899.25,2.25,11200,3500,21,11517800.0,20,F1,700,,,,,
2026-02-18,2026-02-18,FO,NSE,STO,106240,,HINDALCO,,2026-02-24,2026-02-24,950.0,PE,HINDALCO26FEB950PE,55.15,57.8,45.3,51.3,51.6,59.2,899.25,51.3,558600,-23800,102,71472765.0,82,F1,700,,,,,
2026-02-18,2026-02-18,FO,NSE,STO,106233,,HINDALCO,,2026-02-24,2026-02-24,890.0,PE,HINDALCO26FEB890PE,10.45,14.0,6.85,8.75,8.7,14.8,899.25,8.75,898100,308700,4176,2631917470.0,3741,F1,700,,,,,
2026-02-18,2026-02-18,FO,NSE,STO,106426,,HINDALCO,,2026-03-30,2026-03-30,1120.0,CE,HINDALCO26MAR1120CE,0.0,0.0,0.0,6.05,0.0,6.05,899.25,0.5,0,0,0,0.0,0,F1,700,,,,,
2026-02-18,2026-02-18,FO,NSE,STO,106339,,HINDALCO,,2026-03-30,2026-03-30,900.0,CE,HINDALCO26MAR900CE,34.95,40.0,32.1,36.3,36.15,31.8,899.25,36.3,415800,53200,1249,818243720.0,940,F1,700,,,,,
2026-02-18,2026-02-18,FO,NSE,STO,117338,,HINDALCO,,2026-03-30,2026-03-30,810.0,CE,HINDALCO26MAR810CE,0.0,0.0,0.0,164.85,0.0,164.85,899.25,99.4,0,0,0,0.0,0,F1,700,,,,,
2026-02-18,2026-02-18,FO,NSE,STO,46868,,HINDALCO,,2026-02-24,2026-02-24,1100.0,CE,HINDALCO26FEB1100CE,0.1,0.3,0.1,0.15,0.15,0.25,899.25,0.15,619500,-60200,174,134004640.0,71,F1,700,,,,,
2026-02-18,2026-02-18,FO,NSE,STO,106247,,HINDALCO,,2026-02-24,2026-02-24,1030.0,CE,HINDALCO26FEB1030CE,0.5,0.65,0.25,0.3,0.25,0.5,899.25,0.3,379400,-59500,242,174557740.0,183,F1,700,,,,,
2026-02-18,2026-02-18,FO,NSE,STO,99195,,HINDALCO,,2026-02-24,2026-02-24,860.0,CE,HINDALCO26FEB860CE,42.0,50.5,37.05,43.15,43.15,38.0,899.25,43.15,77000,-1400,84,53122195.0,81,F1,700,,,,,
2026-02-18,2026-02-18,FO,NSE,STO,106232,,HINDALCO,,2026-02-24,2026-02-24,890.0,CE,HINDALCO26FEB890CE,18.45,27.0,15.4,19.25,19.3,17.2,899.25,19.25,556500,-39900,3262,2078941270.0,2957,F1,700,,,,,
2026-02-18,2026-02-18,FO,NSE,STO,106235,,HINDALCO,,2026-02-24,2026-02-24,910.0,CE,HINDALCO26FEB910CE,8.8,15.35,7.4,9.45,9.3,9.15,899.25,9.45,994000,368200,10174,6560455440.0,8276,F1,700,,,,,
2026-02-18,2026-02-18,FO,NSE,STO,99229,,HINDALCO,,2026-02-24,2026-02-24,1000.0,CE,HINDALCO26FEB1000CE,0.85,1.1,0.5,0.6,0.55,0.85,899.25,0.6,1740900,-341600,1866,1307145910.0,854,F1,700,,,,,
2026-02-18,2026-02-18,FO,NSE,STO,106245,,HINDALCO,,2026-02-24,2026-02-24,1010.0,CE,HINDALCO26FEB1010CE,0.7,0.9,0.4,0.5,0.5,0.7,899.25,0.5,240100,-2800,78,55181525.0,67,F1,700,,,,,
2026-02-18,2026-02-18,FO,NSE,STO,117681,,HINDALCO,,2026-04-28,2026-04-28,1100.0,PE,HINDALCO26APR1100PE,0.0,0.0,0.0,143.25,0.0,143.25,899.25,193.1,0,0,0,0.0,0,F1,700,,,,,
2026-02-18,2026-02-18,FO,NSE,STO,117622,,HINDALCO,,2026-04-28,2026-04-28,820.0,PE,HINDALCO26APR820PE,0.0,0.0,0.0,9.95,0.0,9.95,899.25,13.05,0,0,0,0.0,0,F1,700,,,,,
2026-02-18,2026-02-18,FO,NSE,STO,99203,,HINDALCO,,2026-02-24,2026-02-24,920.0,PE,HINDALCO26FEB920PE,30.2,32.4,22.25,25.7,25.7,34.0,899.25,25.7,417200,25900,636,421522290.0,610,F1,700,,,,,
2026-02-18,2026-02-18,FO,NSE,STO,106236,,HINDALCO,,2026-02-24,2026-02-24,910.0,PE,HINDALCO26FEB910PE,22.1,24.7,16.25,18.65,18.65,26.65,899.25,18.65,651700,132300,1458,948815630.0,1225,F1,700,,,,,
2026-02-18,2026-02-18,FO,NSE,STO,117682,,HINDALCO,,2026-04-28,2026-04-28,1120.0,CE,HINDALCO26APR1120CE,0.0,0.0,0.0,18.15,0.0,18.15,899.25,2.7,0,0,0,0.0,0,F1,700,,,,,
2026-02-18,2026-02-18,FO,NSE,STO,117663,,HINDALCO,,2026-04-28,2026-04-28,1040.0,CE,HINDALCO26APR1040CE,0.0,0.0,0.0,37.25,0.0,37.25,899.25,9.2,0,0,0,0.0,0,F1,700,,,,,
2026-02-18,2026-02-18,FO,NSE,STO,117595,,HINDALCO,,2026-04-28,2026-04-28,780.0,CE,HINDALCO26APR780CE,0.0,0.0,0.0,198.9,0.0,198.9,899.25,133.35,0,0,0,0.0,0,F1,700,,,,,
2026-02-18,2026-02-18,FO,NSE,STO,106335,,HINDALCO,,2026-03-30,2026-03-30,860.0,CE,HINDALCO26MAR860CE,0.0,0.0,0.0,75.65,0.0,75.65,899.25,60.75,0,0,0,0.0,0,F1,700,,,,,
2026-02-18,2026-02-18,FO,NSE,STO,117340,,HINDALCO,,2026-03-30,2026-03-30,830.0,CE,HINDALCO26MAR830CE,0.0,0.0,0.0,147.3,0.0,147.3,899.25,82.9,0,0,0,0.0,0,F1,700,,,,,
2026-02-18,2026-02-18,FO,NSE,STO,117336,,HINDALCO,,2026-03-30,2026-03-30,790.0,CE,HINDALCO26MAR790CE,0.0,0.0,0.0,183.05,0.0,183.05,899.25,117.05,0,0,0,0.0,0,F1,700,,,,,
2026-02-18,2026-02-18,FO,NSE,STO,39565,,HINDALCO,,2026-02-24,2026-02-24,1060.0,CE,HINDALCO26FEB1060CE,0.45,0.45,0.15,0.2,0.15,0.4,899.25,0.2,280000,-2800,114,84606970.0,63,F1,700,,,,,
2026-02-18,2026-02-18,FO,NSE,STO,99204,,HINDALCO,,2026-02-24,2026-02-24,940.0,CE,HINDALCO26FEB940CE,3.95,5.7,2.35,3.05,3.05,3.4,899.25,3.05,666400,121800,2982,1970003455.0,2076,F1,700,,,,,
2026-02-18,2026-02-18,FO,NSE,STO,117637,,HINDALCO,,2026-04-28,2026-04-28,880.0,PE,HINDALCO26APR880PE,0.0,0.0,0.0,22.85,0.0,22.85,899.25,32.35,0,0,0,0.0,0,F1,700,,,,,
2026-02-18,2026-02-18,FO,NSE,STO,117445,,HINDALCO,,2026-03-30,2026-03-30,1050.0,PE,HINDALCO26MAR1050PE,0.0,0.0,0.0,100.2,0.0,100.2,899.25,147.0,0,0,0,0.0,0,F1,700,,,,,
2026-02-18,2026-02-18,FO,NSE,STF,51900,,HINDALCO,,2026-03-30,2026-03-30,,,HINDALCO26MARFUT,900.0,913.4,898.1,906.0,905.2,896.9,899.25,906.0,6961500,2461200,5133,3247473530.0,3881,F1,700,,,,,
2026-02-18,2026-02-18,FO,NSE,STO,117360,,HINDALCO,,2026-03-30,2026-03-30,870.0,PE,HINDALCO26MAR870PE,17.0,20.5,16.0,17.7,17.85,21.3,899.25,17.7,52500,14000,72,44763600.0,61,F1,700,,,,,
2026-02-18,2026-02-18,FO,NSE,STO,117341,,HINDALCO,,2026-03-30,2026-03-30,830.0,PE,HINDALCO26MAR830PE,8.0,9.25,7.45,8.5,8.75,10.3,899.25,8.5,79100,3500,51,29936270.0,49,F1,700,,,,,
2026-02-18,2026-02-18,FO,NSE,STO,106416,,HINDALCO,,2026-03-30,2026-03-30,1060.0,CE,HINDALCO26MAR1060CE,0.0,0.0,0.0,2.35,2.35,2.35,899.25,2.05,9100,0,0,0.0,0,F1,700,,,,,
2026-02-18,2026-02-18,FO,NSE,STO,106367,,HINDALCO,,2026-03-30,2026-03-30,940.0,CE,HINDALCO26MAR940CE,20.0,21.65,16.95,19.0,19.3,16.6,899.25,19.0,70000,18200,110,73865750.0,87,F1,700,,,,,
2026-02-18,2026-02-18,FO,NSE,STO,117359,,HINDALCO,,2026-03-30,2026-03-30,870.0,CE,HINDALCO26MAR870CE,56.8,57.6,50.85,50.85,50.85,114.6,899.25,54.2,4200,4200,9,5829460.0,9,F1,700,,,,,
2026-02-18,2026-02-18,FO,NSE,STO,106329,,HINDALCO,,2026-03-30,2026-03-30,800.0,CE,HINDALCO26MAR800CE,110.0,111.0,108.65,110.65,110.5,100.0,899.25,110.65,51800,2100,6,3822805.0,5,F1,700,,,,,
2026-02-18,2026-02-18,FO,NSE,STO,106327,,HINDALCO,,2026-03-30,2026-03-30,780.0,CE,HINDALCO26MAR780CE,0.0,0.0,0.0,131.0,131.0,131.0,899.25,126.2,1400,0,0,0.0,0,F1,700,,,,,
2026-02-18,2026-02-18,FO,NSE,STO,106243,,HINDALCO,,2026-02-24,2026-02-24,990.0,CE,HINDALCO26FEB990CE,1.0,1.3,0.6,0.75,0.8,1.0,899.25,0.75,432600,28000,506,350969500.0,294,F1,700,,,,,
2026-02-18,2026-02-18,FO,NSE,STO,106226,,HINDALCO,,2026-02-24,2026-02-24,830.0,CE,HINDALCO26FEB830CE,0.0,0.0,0.0,64.4,64.4,64.4,899.25,70.2,7000,0,0,0.0,0,F1,700,,,,,
2026-02-18,2026-02-18,FO,NSE,STO,106224,,HINDALCO,,2026-02-24,2026-02-24,810.0,CE,HINDALCO26FEB810CE,85.0,85.0,85.0,85.0,85.0,80.0,899.25,90.0,2100,-700,1,626500.0,1,F1,700,,,,,
2026-02-18,2026-02-18,FO,NSE,IDO,54308,,MIDCPNIFTY,,2026-03-30,2026-03-30,15300.0,PE,MIDCPNIFTY26MAR15300PE,0.0,0.0,0.0,1595.8,0.0,1595.8,13729.55,1492.5,0,0,0,0.0,0,F1,120,,,,,
2026-02-18,2026-02-18,FO,NSE,IDO,54298,,MIDCPNIFTY,,2026-03-30,2026-03-30,15200.0,PE,MIDCPNIFTY26MAR15200PE,0.0,0.0,0.0,1512.5,0.0,1512.5,13729.55,1397.4,0,0,0,0.0,0,F1,120,,,,,
2026-02-18,2026-02-18,FO,NSE,IDO,54290,,MIDCPNIFTY,,2026-03-30,2026-03-30,15100.0,PE,MIDCPNIFTY26MAR15100PE,0.0,0.0,0.0,1430.75,0.0,1430.75,13729.55,1303.45,0,0,0,0.0,0,F1,120,,,,,
2026-02-18,2026-02-18,FO,NSE,IDO,54232,,MIDCPNIFTY,,2026-03-30,2026-03-30,14400.0,PE,MIDCPNIFTY26MAR14400PE,0.0,0.0,0.0,910.6,0.0,910.6,13729.55,699.7,0,0,0,0.0,0,F1,120,,,,,
2026-02-18,2026-02-18,FO,NSE,IDO,54160,,MIDCPNIFTY,,2026-03-30,2026-03-30,13675.0,PE,MIDCPNIFTY26MAR13675PE,252.55,262.65,230.0,235.2,235.2,494.15,13729.55,235.2,2520,2520,38,63486204.0,26,F1,120,,,,,
2026-02-18,2026-02-18,FO,NSE,IDO,54122,,MIDCPNIFTY,,2026-03-30,2026-03-30,13275.0,PE,MIDCPNIFTY26MAR13275PE,0.0,0.0,0.0,325.85,0.0,325.85,13729.55,117.6,0,0,0,0.0,0,F1,120,,,,,
2026-02-18,2026-02-18,FO,NSE,IDO,54108,,MIDCPNIFTY,,2026-03-30,2026-03-30,13125.0,PE,MIDCPNIFTY26MAR13125PE,0.0,0.0,0.0,274.0,0.0,274.0,13729.55,83.45,0,0,0,0.0,0,F1,120,,,,,
2026-02-18,2026-02-18,FO,NSE,IDO,54087,,MIDCPNIFTY,,2026-03-30,2026-03-30,12875.0,PE,MIDCPNIFTY26MAR12875PE,0.0,0.0,0.0,201.45,0.0,201.45,13729.55,43.95,0,0,0,0.0,0,F1,120,,,,,
2026-02-18,2026-02-18,FO,NSE,IDO,54023,,MIDCPNIFTY,,2026-03-30,2026-03-30,12200.0,PE,MIDCPNIFTY26MAR12200PE,0.0,0.0,0.0,74.1,0.0,74.1,13729.55,4.7,0,0,0,0.0,0,F1,120,,,,,
2026-02-18,2026-02-18,FO,NSE,IDO,63712,,MIDCPNIFTY,,2026-02-24,2026-02-24,15200.0,PE,MIDCPNIFTY26FEB15200PE,1487.25,1491.3,1467.35,1467.35,1467.35,1535.05,13729.55,1467.35,720,-120,6,12007560.0,6,F1,120,,,,,
2026-02-18,2026-02-18,FO,NSE,IDO,63382,,MIDCPNIFTY,,2026-02-24,2026-02-24,13950.0,PE,MIDCPNIFTY26FEB13950PE,317.9,320.25,236.9,244.4,245.1,315.45,13729.55,244.4,30480,-240,235,401506272.0,213,F1,120,,,,,
2026-02-18,2026-02-18,FO,NSE,IDO,63376,,MIDCPNIFTY,,2026-02-24,2026-02-24,13900.0,PE,MIDCPNIFTY26FEB13900PE,274.95,283.8,196.75,205.05,206.0,274.05,13729.55,205.05,178440,12480,1257,2131444686.0,918,F1,120,,,,,
2026-02-18,2026-02-18,FO,NSE,IDO,62994,,MIDCPNIFTY,,2026-02-24,2026-02-24,12875.0,PE,MIDCPNIFTY26FEB12875PE,5.5,5.5,2.65,3.0,3.1,6.35,13729.55,3.0,5400,720,290,448190472.0,289,F1,120,,,,,
2026-02-18,2026-02-18,FO,NSE,IDO,62979,,MIDCPNIFTY,,2026-02-24,2026-02-24,12850.0,PE,MIDCPNIFTY26FEB12850PE,4.45,4.45,2.4,2.75,3.1,5.6,13729.55,2.75,35160,11280,610,940868550.0,468,F1,120,,,,,
2026-02-18,2026-02-18,FO,NSE,IDO,62856,,MIDCPNIFTY,,2026-02-24,2026-02-24,12375.0,PE,MIDCPNIFTY26FEB12375PE,0.6,1.3,0.6,1.3,1.3,2.75,13729.55,0.05,840,-120,2,2970228.0,2,F1,120,,,,,
2026-02-18,2026-02-18,FO,NSE,IDO,71471,,MIDCPNIFTY,,2026-04-28,2026-04-28,14650.0,CE,MIDCPNIFTY26APR14650CE,0.0,0.0,0.0,143.85,0.0,143.85,13729.55,153.7,0,0,0,0.0,0,F1,120,,,,,
2026-02-18,2026-02-18,FO,NSE,IDO,71425,,MIDCPNIFTY,,2026-04-28,2026-04-28,14550.0,CE,MIDCPNIFTY26APR14550CE,0.0,0.0,0.0,161.5,0.0,161.5,13729.55,177.65,0,0,0,0.0,0,F1,120,,,,,
2026-02-18,2026-02-18,FO,NSE,IDO,71406,,MIDCPNIFTY,,2026-04-28,2026-04-28,14450.0,CE,MIDCPNIFTY26APR14450CE,0.0,0.0,0.0,180.85,0.0,180.85,13729.55,204.4,0,0,0,0.0,0,F1,120,,,,,
2026-02-18,2026-02-18,FO,NSE,IDO,71404,,MIDCPNIFTY,,2026-04-28,2026-04-28,14425.0,CE,MIDCPNIFTY26APR14425CE,0.0,0.0,0.0,186.0,0.0,186.0,13729.55,211.55,0,0,0,0.0,0,F1,120,,,,,
2026-02-18,2026-02-18,FO,NSE,IDO,71400,,MIDCPNIFTY,,2026-04-28,2026-04-28,14375.0,CE,MIDCPNIFTY26APR14375CE,0.0,0.0,0.0,196.6,0.0,196.6,13729.55,226.45,0,0,0,0.0,0,F1,120,,,,,
2026-02-18,2026-02-18,FO,NSE,IDO,71312,,MIDCPNIFTY,,2026-04-28,2026-04-28,13625.0,CE,MIDCPNIFTY26APR13625CE,0.0,0.0,0.0,422.05,0.0,422.05,13729.55,552.7,0,0,0,0.0,0,F1,120,,,,,
2026-02-18,2026-02-18,FO,NSE,IDO,62879,,MIDCPNIFTY,,2026-02-24,2026-02-24,12450.0,CE,MIDCPNIFTY26FEB12450CE,0.0,0.0,0.0,1283.0,1283.0,1283.0,13729.55,1290.8,240,0,0,0.0,0,F1,120,,,,,
2026-02-18,2026-02-18,FO,NSE,IDO,62890,,MIDCPNIFTY,,2026-02-24,2026-02-24,12500.0,CE,MIDCPNIFTY26FEB12500CE,1195.8,1250.0,1175.0,1244.0,1225.0,1176.4,13729.55,1244.0,11040,-1320,18,29646282.0,13,F1,120,,,,,
2026-02-18,2026-02-18,FO,NSE,IDO,63005,,MIDCPNIFTY,,2026-02-24,2026-02-24,12950.0,CE,MIDCPNIFTY26FEB12950CE,0.0,0.0,0.0,710.5,710.5,710.5,13729.55,791.7,6360,0,0,0.0,0,F1,120,,,,,
2026-02-18,2026-02-18,FO,NSE,IDO,63065,,MIDCPNIFTY,,2026-02-24,2026-02-24,13275.0,CE,MIDCPNIFTY26FEB13275CE,473.35,473.6,472.25,472.25,472.25,352.15,13729.55,475.15,10200,0,8,13198080.0,8,F1,120,,,,,
2026-02-18,2026-02-18,FO,NSE,IDO,63360,,MIDCPNIFTY,,2026-02-24,2026-02-24,13825.0,CE,MIDCPNIFTY26FEB13825CE,69.45,88.65,58.5,71.15,68.1,69.85,13729.55,71.15,40680,12000,3449,5751173058.0,3072,F1,120,,,,,
2026-02-18,2026-02-18,FO,NSE,IDO,63413,,MIDCPNIFTY,,2026-02-24,2026-02-24,14350.0,CE,MIDCPNIFTY26FEB14350CE,4.3,5.35,1.95,2.25,1.95,4.5,13729.55,2.25,20280,3960,568,978327528.0,441,F1,120,,,,,
2026-02-18,2026-02-18,FO,NSE,IDO,63401,,MIDCPNIFTY,,2026-02-24,2026-02-24,14200.0,CE,MIDCPNIFTY26FEB14200CE,9.2,11.4,4.3,5.15,4.65,9.45,13729.55,5.15,563760,150120,12267,20912990214.0,6711,F1,120,,,,,
2026-02-18,2026-02-18,FO,NSE,IDO,71094,,MIDCPNIFTY,,2026-04-28,2026-04-28,12875.0,CE,MIDCPNIFTY26APR12875CE,0.0,0.0,0.0,796.05,0.0,796.05,13729.55,1078.0,0,0,0,0.0,0,F1,120,,,,,
2026-02-18,2026-02-18,FO,NSE,IDO,70904,,MIDCPNIFTY,,2026-04-28,2026-04-28,11900.0,CE,MIDCPNIFTY26APR11900CE,0.0,0.0,0.0,1508.65,0.0,1508.65,13729.55,1961.2,0,0,0,0.0,0,F1,120,,,,,
2026-02-18,2026-02-18,FO,NSE,IDO,54211,,MIDCPNIFTY,,2026-03-30,2026-03-30,14150.0,CE,MIDCPNIFTY26MAR14150CE,0.0,0.0,0.0,412.3,0.0,412.3,13729.55,184.95,0,0,0,0.0,0,F1,120,,,,,
2026-02-18,2026-02-18,FO,NSE,IDO,54157,,MIDCPNIFTY,,2026-03-30,2026-03-30,13650.0,CE,MIDCPNIFTY26MAR13650CE,371.2,381.0,356.0,381.0,381.0,310.2,13729.55,407.0,1080,720,19,31968210.0,17,F1,120,,,,,
2026-02-18,2026-02-18,FO,NSE,IDO,63423,,MIDCPNIFTY,,2026-02-24,2026-02-24,14425.0,PE,MIDCPNIFTY26FEB14425PE,0.0,0.0,0.0,813.45,0.0,813.45,13729.55,684.3,0,0,0,0.0,0,F1,120,,,,,
2026-02-18,2026-02-18,FO,NSE,IDO,63512,,MIDCPNIFTY,,2026-02-24,2026-02-24,14525.0,PE,MIDCPNIFTY26FEB14525PE,0.0,0.0,0.0,876.4,0.0,876.4,13729.55,783.1,0,0,0,0.0,0,F1,120,,,,,
2026-02-18,2026-02-18,FO,NSE,IDO,63539,,MIDCPNIFTY,,2026-02-24,2026-02-24,14575.0,PE,MIDCPNIFTY26FEB14575PE,0.0,0.0,0.0,908.75,0.0,908.75,13729.55,832.75,0,0,0,0.0,0,F1,120,,,,,
2026-02-18,2026-02-18,FO,NSE,IDO,63756,,MIDCPNIFTY,,2026-02-24,2026-02-24,15400.0,PE,MIDCPNIFTY26FEB15400PE,0.0,0.0,0.0,1518.8,0.0,1518.8,13729.55,1656.55,0,0,0,0.0,0,F1,120,,,,,
2026-02-18,2026-02-18,FO,NSE,IDO,53978,,MIDCPNIFTY,,2026-03-30,2026-03-30,11800.0,PE,MIDCPNIFTY26MAR11800PE,0.0,0.0,0.0,36.1,0.0,36.1,13729.55,0.85,0,0,0,0.0,0,F1,120,,,,,
2026-02-18,2026-02-18,FO,NSE,IDO,54035,,MIDCPNIFTY,,2026-03-30,2026-03-30,12325.0,PE,MIDCPNIFTY26MAR12325PE,0.0,0.0,0.0,90.85,0.0,90.85,13729.55,7.55,0,0,0,0.0,0,F1,120,,,,,
2026-02-18,2026-02-18,FO,NSE,IDO,54045,,MIDCPNIFTY,,2026-03-30,2026-03-30,12450.0,PE,MIDCPNIFTY26MAR12450PE,0.0,0.0,0.0,110.4,0.0,110.4,13729.55,11.8,0,0,0,0.0,0,F1,120,,,,,
2026-02-18,2026-02-18,FO,NSE,IDO,54097,,MIDCPNIFTY,,2026-03-30,2026-03-30,13000.0,PE,MIDCPNIFTY26MAR13000PE,80.0,81.15,59.8,66.65,67.0,79.35,13729.55,66.65,109080,70320,1781,2793582666.0,894,F1,120,,,,,
2026-02-18,2026-02-18,FO,NSE,IDO,63787,,MIDCPNIFTY,,2026-02-24,2026-02-24,15600.0,CE,MIDCPNIFTY26FEB15600CE,0.9,1.25,0.7,1.05,1.25,0.9,13729.55,1.05,48720,0,260,486751266.0,103,F1,120,,,,,
2026-02-18,2026-02-18,FO,NSE,IDO,62844,,MIDCPNIFTY,,2026-02-24,2026-02-24,12325.0,PE,MIDCPNIFTY26FEB12325PE,0.0,0.0,0.0,1.65,1.7,1.65,13729.55,0.05,2040,0,0,0.0,0,F1,120,,,,,
2026-02-18,2026-02-18,FO,NSE,IDO,62877,,MIDCPNIFTY,,2026-02-24,2026-02-24,12425.0,PE,MIDCPNIFTY26FEB12425PE,0.0,0.0,0.0,5.2,5.2,5.2,13729.55,0.05,600,0,0,0.0,0,F1,120,,,,,
2026-02-18,2026-02-18,FO,NSE,IDO,62977,,MIDCPNIFTY,,2026-02-24,2026-02-24,12825.0,PE,MIDCPNIFTY26FEB12825PE,3.65,4.0,2.45,2.55,2.45,5.0,13729.55,2.55,7560,-480,82,126227982.0,49,F1,120,,,,,
2026-02-18,2026-02-18,FO,NSE,IDO,63077,,MIDCPNIFTY,,2026-02-24,2026-02-24,13300.0,PE,MIDCPNIFTY26FEB13300PE,30.85,31.5,12.1,13.05,13.4,32.05,13729.55,13.05,409320,-34440,13492,21562835064.0,8724,F1,120,,,,,
2026-02-18,2026-02-18,FO,NSE,IDO,63343,,MIDCPNIFTY,,2026-02-24,2026-02-24,13725.0,PE,MIDCPNIFTY26FEB13725PE,163.1,163.1,96.3,103.8,105.0,163.35,13729.55,103.8,42480,21960,7598,12622645350.0,6013,F1,120,,,,,
2026-02-18,2026-02-18,FO,NSE,IDO,71213,,MIDCPNIFTY,,2026-04-28,2026-04-28,13250.0,CE,MIDCPNIFTY26APR13250CE,0.0,0.0,0.0,589.15,0.0,589.15,13729.55,792.3,0,0,0,0.0,0,F1,120,,,,,
2026-02-18,2026-02-18,FO,NSE,IDO,54147,,MIDCPNIFTY,,2026-03-30,2026-03-30,13525.0,PE,MIDCPNIFTY26MAR13525PE,200.8,204.35,194.25,204.35,204.35,425.8,13729.55,204.35,2040,2040,17,27998922.0,9,F1,120,,,,,
2026-02-18,2026-02-18,FO,NSE,IDO,54156,,MIDCPNIFTY,,2026-03-30,2026-03-30,13625.0,PE,MIDCPNIFTY26MAR13625PE,223.15,241.2,217.45,230.35,230.35,250.25,13729.55,234.85,2160,960,27,44897862.0,17,F1,120,,,,,
2026-02-18,2026-02-18,FO,NSE,IDO,54179,,MIDCPNIFTY,,2026-03-30,2026-03-30,13825.0,PE,MIDCPNIFTY26MAR13825PE,0.0,0.0,0.0,568.7,0.0,568.7,13729.55,328.0,0,0,0,0.0,0,F1,120,,,,,
2026-02-18,2026-02-18,FO,NSE,IDO,71294,,MIDCPNIFTY,,2026-04-28,2026-04-28,13425.0,CE,MIDCPNIFTY26APR13425CE,0.0,0.0,0.0,506.25,0.0,506.25,13729.55,674.3,0,0,0,0.0,0,F1,120,,,,,
2026-02-18,2026-02-18,FO,NSE,IDO,63559,,MIDCPNIFTY,,2026-02-24,2026-02-24,14825.0,CE,MIDCPNIFTY26FEB14825CE,1.0,1.5,0.9,1.2,1.05,1.25,13729.55,1.2,6120,-480,13,23128728.0,6,F1,120,,,,,
2026-02-18,2026-02-18,FO,NSE,IDO,71324,,MIDCPNIFTY,,2026-04-28,2026-04-28,13775.0,CE,MIDCPNIFTY26APR13775CE,0.0,0.0,0.0,365.95,0.0,365.95,13729.55,471.15,0,0,0,0.0,0,F1,120,,,,,
2026-02-18,2026-02-18,FO,NSE,IDO,54238,,MIDCPNIFTY,,2026-03-30,2026-03-30,14475.0,PE,MIDCPNIFTY26MAR14475PE,0.0,0.0,0.0,961.3,0.0,961.3,13729.55,758.05,0,0,0,0.0,0,F1,120,,,,,
2026-02-18,2026-02-18,FO,NSE,IDO,71037,,MIDCPNIFTY,,2026-04-28,2026-04-28,12450.0,PE,MIDCPNIFTY26APR12450PE,0.0,0.0,0.0,200.0,0.0,200.0,13729.55,36.5,0,0,0,0.0,0,F1,120,,,,,
2026-02-18,2026-02-18,FO,NSE,IDO,71061,,MIDCPNIFTY,,2026-04-28,2026-04-28,12600.0,PE,MIDCPNIFTY26APR12600PE,0.0,0.0,0.0,242.05,0.0,242.05,13729.55,51.25,0,0,0,0.0,0,F1,120,,,,,
2026-02-18,2026-02-18,FO,NSE,IDO,71321,,MIDCPNIFTY,,2026-04-28,2026-04-28,13725.0,PE,MIDCPNIFTY26APR13725PE,0.0,0.0,0.0,760.9,0.0,760.9,13729.55,350.9,0,0,0,0.0,0,F1,120,,,,,
2026-02-18,2026-02-18,FO,NSE,IDO,71403,,MIDCPNIFTY,,2026-04-28,2026-04-28,14400.0,PE,MIDCPNIFTY26APR14400PE,0.0,0.0,0.0,1232.85,0.0,1232.85,13729.55,740.4,0,0,0,0.0,0,F1,120,,,,,
2026-02-18,2026-02-18,FO,NSE,IDO,71411,,MIDCPNIFTY,,2026-04-28,2026-04-28,14475.0,PE,MIDCPNIFTY26APR14475PE,0.0,0.0,0.0,1291.3,0.0,1291.3,13729.55,793.15,0,0,0,0.0,0,F1,120,,,,,
2026-02-18,2026-02-18,FO,NSE,IDO,71521,,MIDCPNIFTY,,2026-04-28,2026-04-28,14900.0,PE,MIDCPNIFTY26APR14900PE,0.0,0.0,0.0,1640.65,0.0,1640.65,13729.55,1121.35,0,0,0,0.0,0,F1,120,,,,,
2026-02-18,2026-02-18,FO,NSE,IDO,71394,,MIDCPNIFTY,,2026-04-28,2026-04-28,14300.0,CE,MIDCPNIFTY26APR14300CE,0.0,0.0,0.0,213.9,0.0,213.9,13729.55,250.25,0,0,0,0.0,0,F1,120,,,,,
2026-02-18,2026-02-18,FO,NSE,IDO,71396,,MIDCPNIFTY,,2026-04-28,2026-04-28,14325.0,CE,MIDCPNIFTY26APR14325CE,0.0,0.0,0.0,208.2,0.0,208.2,13729.55,242.15,0,0,0,0.0,0,F1,120,,,,,
2026-02-18,2026-02-18,FO,NSE,IDO,71566,,MIDCPNIFTY,,2026-04-28,2026-04-28,15300.0,CE,MIDCPNIFTY26APR15300CE,0.0,0.0,0.0,64.25,0.0,64.25,13729.55,54.0,0,0,0,0.0,0,F1,120,,,,,
2026-02-18,2026-02-18,FO,NSE,IDO,62783,,MIDCPNIFTY,,2026-02-24,2026-02-24,12100.0,PE,MIDCPNIFTY26FEB12100PE,1.3,1.45,0.7,1.05,1.2,1.3,13729.55,1.05,53040,-2640,304,441445956.0,86,F1,120,,,,,
2026-02-18,2026-02-18,FO,NSE,IDO,54063,,MIDCPNIFTY,,2026-03-30,2026-03-30,12650.0,CE,MIDCPNIFTY26MAR12650CE,0.0,0.0,0.0,1286.8,0.0,1286.8,13729.55,1178.3,0,0,0,0.0,0,F1,120,,,,,
2026-02-18,2026-02-18,FO,NSE,IDO,54094,,MIDCPNIFTY,,2026-03-30,2026-03-30,12975.0,CE,MIDCPNIFTY26MAR12975CE,0.0,0.0,0.0,1046.7,0.0,1046.7,13729.55,889.9,0,0,0,0.0,0,F1,120,,,,,
2026-02-18,2026-02-18,FO,NSE,IDO,54034,,MIDCPNIFTY,,2026-03-30,2026-03-30,12325.0,CE,MIDCPNIFTY26MAR12325CE,0.0,0.0,0.0,1549.75,0.0,1549.75,13729.55,1486.2,0,0,0,0.0,0,F1,120,,,,,
2026-02-18,2026-02-18,FO,NSE,IDO,62752,,MIDCPNIFTY,,2026-02-24,2026-02-24,12000.0,CE,MIDCPNIFTY26FEB12000CE,0.0,0.0,0.0,1655.0,1655.0,1655.0,13729.55,1740.4,2160,0,0,0.0,0,F1,120,,,,,
2026-02-18,2026-02-18,FO,NSE,IDO,62847,,MIDCPNIFTY,,2026-02-24,2026-02-24,12375.0,CE,MIDCPNIFTY26FEB12375CE,0.0,0.0,0.0,1699.15,0.0,1699.15,13729.55,1365.75,0,0,0,0.0,0,F1,120,,,,,
2026-02-18,2026-02-18,FO,NSE,IDO,71201,,MIDCPNIFTY,,2026-04-28,2026-04-28,13125.0,CE,MIDCPNIFTY26APR13125CE,0.0,0.0,0.0,653.65,0.0,653.65,13729.55,882.8,0,0,0,0.0,0,F1,120,,,,,
2026-02-18,2026-02-18,FO,NSE,IDO,71062,,MIDCPNIFTY,,2026-04-28,2026-04-28,12625.0,CE,MIDCPNIFTY26APR12625CE,0.0,0.0,0.0,956.0,0.0,956.0,13729.55,1289.25,0,0,0,0.0,0,F1,120,,,,,
2026-02-18,2026-02-18,FO,NSE,IDO,71054,,MIDCPNIFTY,,2026-04-28,2026-04-28,12525.0,CE,MIDCPNIFTY26APR12525CE,0.0,0.0,0.0,1024.7,0.0,1024.7,13729.55,1377.5,0,0,0,0.0,0,F1,120,,,,,
2026-02-18,2026-02-18,FO,NSE,IDO,71008,,MIDCPNIFTY,,2026-04-28,2026-04-28,12400.0,CE,MIDCPNIFTY26APR12400CE,0.0,0.0,0.0,1114.9,0.0,1114.9,13729.55,1490.25,0,0,0,0.0,0,F1,120,,,,,
2026-02-18,2026-02-18,FO,NSE,IDO,70999,,MIDCPNIFTY,,2026-04-28,2026-04-28,12375.0,CE,MIDCPNIFTY26APR12375CE,0.0,0.0,0.0,1132.8,0.0,1132.8,13729.55,1513.1,0,0,0,0.0,0,F1,120,,,,,
2026-02-18,2026-02-18,FO,NSE,IDO,70888,,MIDCPNIFTY,,2026-04-28,2026-04-28,11700.0,CE,MIDCPNIFTY26APR11700CE,0.0,0.0,0.0,1680.05,0.0,1680.05,13729.55,2155.2,0,0,0,0.0,0,F1,120,,,,,
2026-02-18,2026-02-18,FO,NSE,IDO,54225,,MIDCPNIFTY,,2026-03-30,2026-03-30,14325.0,CE,MIDCPNIFTY26MAR14325CE,0.0,0.0,0.0,349.7,0.0,349.7,13729.55,133.95,0,0,0,0.0,0,F1,120,,,,,
2026-02-18,2026-02-18,FO,NSE,IDO,54219,,MIDCPNIFTY,,2026-03-30,2026-03-30,14250.0,CE,MIDCPNIFTY26MAR14250CE,0.0,0.0,0.0,375.6,0.0,375.6,13729.55,154.25,0,0,0,0.0,0,F1,120,,,,,
2026-02-18,2026-02-18,FO,NSE,IDO,54191,,MIDCPNIFTY,,2026-03-30,2026-03-30,13975.0,CE,MIDCPNIFTY26MAR13975CE,0.0,0.0,0.0,482.85,0.0,482.85,13729.55,249.15,0,0,0,0.0,0,F1,120,,,,,
2026-02-18,2026-02-18,FO,NSE,IDO,54152,,MIDCPNIFTY,,2026-03-30,2026-03-30,13600.0,CE,MIDCPNIFTY26MAR13600CE,395.0,417.0,377.0,414.3,410.0,370.25,13729.55,414.3,6960,2520,63,105845490.0,60,F1,120,,,,,
2026-02-18,2026-02-18,FO,NSE,IDO,54148,,MIDCPNIFTY,,2026-03-30,2026-03-30,13550.0,CE,MIDCPNIFTY26MAR13550CE,450.0,450.0,450.0,450.0,450.0,394.35,13729.55,465.9,240,0,1,1680000.0,1,F1,120,,,,,
2026-02-18,2026-02-18,FO,NSE,IDO,54086,,MIDCPNIFTY,,2026-03-30,2026-03-30,12875.0,CE,MIDCPNIFTY26MAR12875CE,0.0,0.0,0.0,1118.5,0.0,1118.5,13729.55,975.85,0,0,0,0.0,0,F1,120,,,,,
2026-02-18,2026-02-18,FO,NSE,IDO,54056,,MIDCPNIFTY,,2026-03-30,2026-03-30,12575.0,CE,MIDCPNIFTY26MAR12575CE,0.0,0.0,0.0,1345.6,0.0,1345.6,13729.55,1248.05,0,0,0,0.0,0,F1,120,,,,,
2026-02-18,2026-02-18,FO,NSE,IDO,53965,,MIDCPNIFTY,,2026-03-30,2026-03-30,11700.0,CE,MIDCPNIFTY26MAR11700CE,0.0,0.0,0.0,2104.3,0.0,2104.3,13729.55,2100.35,0,0,0,0.0,0,F1,120,,,,,
2026-02-18,2026-02-18,FO,NSE,IDO,53931,,MIDCPNIFTY,,2026-03-30,2026-03-30,11500.0,CE,MIDCPNIFTY26MAR11500CE,0.0,0.0,0.0,2291.3,0.0,2291.3,13729.55,2298.85,0,0,0,0.0,0,F1,120,,,,,
2026-02-18,2026-02-18,FO,NSE,IDO,63551,,MIDCPNIFTY,,2026-02-24,2026-02-24,14725.0,CE,MIDCPNIFTY26FEB14725CE,0.8,2.2,0.75,0.9,1.0,2.4,13729.55,0.9,1560,0,14,24740292.0,7,F1,120,,,,,
2026-02-18,2026-02-18,FO,NSE,IDO,63430,,MIDCPNIFTY,,2026-02-24,2026-02-24,14500.0,CE,MIDCPNIFTY26FEB14500CE,2.1,2.75,1.2,1.5,1.25,2.55,13729.55,1.5,1169880,-54360,6250,10876365528.0,2786,F1,120,,,,,
2026-02-18,2026-02-18,FO,NSE,IDO,63395,,MIDCPNIFTY,,2026-02-24,2026-02-24,14125.0,CE,MIDCPNIFTY26FEB14125CE,13.7,18.1,8.05,9.1,8.05,14.0,13729.55,9.1,91800,4320,665,1128074130.0,483,F1,120,,,,,
2026-02-18,2026-02-18,FO,NSE,IDO,63393,,MIDCPNIFTY,,2026-02-24,2026-02-24,14100.0,CE,MIDCPNIFTY26FEB14100CE,15.75,20.8,9.6,10.75,10.15,16.1,13729.55,10.75,586800,-2760,18103,30657592944.0,10799,F1,120,,,,,
2026-02-18,2026-02-18,FO,NSE,IDO,63381,,MIDCPNIFTY,,2026-02-24,2026-02-24,13950.0,CE,MIDCPNIFTY26FEB13950CE,34.85,48.3,28.8,33.4,31.25,37.0,13729.55,33.4,101640,10920,3739,6274663734.0,3225,F1,120,,,,,
2026-02-18,2026-02-18,FO,NSE,IDO,63369,,MIDCPNIFTY,,2026-02-24,2026-02-24,13850.0,CE,MIDCPNIFTY26FEB13850CE,59.6,79.75,51.45,62.3,60.0,61.4,13729.55,62.3,131640,46440,4014,6701044392.0,3245,F1,120,,,,,
2026-02-18,2026-02-18,FO,NSE,IDO,63342,,MIDCPNIFTY,,2026-02-24,2026-02-24,13725.0,CE,MIDCPNIFTY26FEB13725CE,114.2,136.25,93.2,119.05,115.35,108.9,13729.55,119.05,65160,37920,12013,19949176608.0,9773,F1,120,,,,,
2026-02-18,2026-02-18,FO,NSE,IDO,63281,,MIDCPNIFTY,,2026-02-24,2026-02-24,13525.0,CE,MIDCPNIFTY26FEB13525CE,255.6,262.05,214.0,255.55,255.55,228.15,13729.55,255.55,10920,-600,37,61124748.0,28,F1,120,,,,,
2026-02-18,2026-02-18,FO,NSE,IDO,63276,,MIDCPNIFTY,,2026-02-24,2026-02-24,13475.0,CE,MIDCPNIFTY26FEB13475CE,0.0,0.0,0.0,277.6,281.0,277.6,13729.55,299.95,3240,0,0,0.0,0,F1,120,,,,,
2026-02-18,2026-02-18,FO,NSE,IDO,63202,,MIDCPNIFTY,,2026-02-24,2026-02-24,13425.0,CE,MIDCPNIFTY26FEB13425CE,340.0,342.3,340.0,342.3,342.3,333.0,13729.55,342.3,15360,-120,4,6608016.0,4,F1,120,,,,,
2026-02-18,2026-02-18,FO,NSE,IDO,63097,,MIDCPNIFTY,,2026-02-24,2026-02-24,13350.0,CE,MIDCPNIFTY26FEB13350CE,382.2,382.2,382.2,382.2,382.2,313.0,13729.55,406.45,14160,120,1,1647864.0,1,F1,120,,,,,
2026-02-18,2026-02-18,FO,NSE,IDO,63050,,MIDCPNIFTY,,2026-02-24,2026-02-24,13200.0,CE,MIDCPNIFTY26FEB13200CE,511.95,559.6,474.0,544.85,542.0,492.9,13729.55,544.85,57720,1200,49,80700804.0,38,F1,120,,,,,
2026-02-18,2026-02-18,FO,NSE,IDO,63048,,MIDCPNIFTY,,2026-02-24,2026-02-24,13175.0,CE,MIDCPNIFTY26FEB13175CE,528.1,563.65,523.75,563.65,563.65,498.5,13729.55,570.3,7800,-120,3,4936860.0,3,F1,120,,,,,
2026-02-18,2026-02-18,FO,NSE,IDO,62950,,MIDCPNIFTY,,2026-02-24,2026-02-24,12675.0,CE,MIDCPNIFTY26FEB12675CE,0.0,0.0,0.0,1450.0,0.0,1450.0,13729.55,1066.0,0,0,0,0.0,0,F1,120,,,,,
2026-02-18,2026-02-18,FO,NSE,IDO,62696,,MIDCPNIFTY,,2026-02-24,2026-02-24,11900.0,CE,MIDCPNIFTY26FEB11900CE,0.0,0.0,0.0,2121.65,0.0,2121.65,13729.55,1840.3,0,0,0,0.0,0,F1,120,,,,,
2026-02-18,2026-02-18,FO,NSE,IDO,71210,,MIDCPNIFTY,,2026-04-28,2026-04-28,13200.0,PE,MIDCPNIFTY26APR13200PE,0.0,0.0,0.0,474.35,0.0,474.35,13729.55,161.8,0,0,0,0.0,0,F1,120,,,,,
2026-02-18,2026-02-18,FO,NSE,IDO,71083,,MIDCPNIFTY,,2026-04-28,2026-04-28,12850.0,PE,MIDCPNIFTY26APR12850PE,0.0,0.0,0.0,326.55,0.0,326.55,13729.55,86.0,0,0,0,0.0,0,F1,120,,,,,
2026-02-18,2026-02-18,FO,NSE,IDO,71399,,MIDCPNIFTY,,2026-04-28,2026-04-28,14350.0,PE,MIDCPNIFTY26APR14350PE,0.0,0.0,0.0,1194.95,0.0,1194.95,13729.55,706.2,0,0,0,0.0,0,F1,120,,,,,
2026-02-18,2026-02-18,FO,NSE,IDO,71341,,MIDCPNIFTY,,2026-04-28,2026-04-28,13925.0,PE,MIDCPNIFTY26APR13925PE,0.0,0.0,0.0,889.55,0.0,889.55,13729.55,449.35,0,0,0,0.0,0,F1,120,,,,,
2026-02-18,2026-02-18,FO,NSE,IDO,71313,,MIDCPNIFTY,,2026-04-28,2026-04-28,13625.0,PE,MIDCPNIFTY26APR13625PE,0.0,0.0,0.0,700.5,0.0,700.5,13729.55,307.25,0,0,0,0.0,0,F1,120,,,,,
2026-02-18,2026-02-18,FO,NSE,IDO,71034,,MIDCPNIFTY,,2026-04-28,2026-04-28,12425.0,PE,MIDCPNIFTY26APR12425PE,0.0,0.0,0.0,193.5,0.0,193.5,13729.55,34.45,0,0,0,0.0,0,F1,120,,,,,
2026-02-18,2026-02-18,FO,NSE,IDO,70992,,MIDCPNIFTY,,2026-04-28,2026-04-28,12325.0,PE,MIDCPNIFTY26APR12325PE,0.0,0.0,0.0,168.35,0.0,168.35,13729.55,27.05,0,0,0,0.0,0,F1,120,,,,,
2026-02-18,2026-02-18,FO,NSE,IDO,70873,,MIDCPNIFTY,,2026-04-28,2026-04-28,11500.0,PE,MIDCPNIFTY26APR11500PE,0.0,0.0,0.0,43.65,0.0,43.65,13729.55,2.4,0,0,0,0.0,0,F1,120,,,,,
2026-02-18,2026-02-18,FO,NSE,IDO,71413,,MIDCPNIFTY,,2026-04-28,2026-04-28,14500.0,PE,MIDCPNIFTY26APR14500PE,0.0,0.0,0.0,1311.0,0.0,1311.0,13729.55,811.15,0,0,0,0.0,0,F1,120,,,,,
2026-02-18,2026-02-18,FO,NSE,IDO,71415,,MIDCPNIFTY,,2026-04-28,2026-04-28,14525.0,PE,MIDCPNIFTY26APR14525PE,0.0,0.0,0.0,1330.85,0.0,1330.85,13729.55,829.25,0,0,0,0.0,0,F1,120,,,,,
2026-02-18,2026-02-18,FO,NSE,IDO,71483,,MIDCPNIFTY,,2026-04-28,2026-04-28,14675.0,PE,MIDCPNIFTY26APR14675PE,0.0,0.0,0.0,1452.1,0.0,1452.1,13729.55,941.8,0,0,0,0.0,0,F1,120,,,,,
2026-02-18,2026-02-18,FO,NSE,IDO,54142,,MIDCPNIFTY,,2026-03-30,2026-03-30,13475.0,CE,MIDCPNIFTY26MAR13475CE,0.0,0.0,0.0,421.1,421.1,421.1,13729.55,513.2,120,0,0,0.0,0,F1,120,,,,,
2026-02-18,2026-02-18,FO,NSE,IDO,54134,,MIDCPNIFTY,,2026-03-30,2026-03-30,13375.0,CE,MIDCPNIFTY26MAR13375CE,0.0,0.0,0.0,788.2,0.0,788.2,13729.55,580.35,0,0,0,0.0,0,F1,120,,,,,
2026-02-18,2026-02-18,FO,NSE,IDO,53977,,MIDCPNIFTY,,2026-03-30,2026-03-30,11800.0,CE,MIDCPNIFTY26MAR11800CE,0.0,0.0,0.0,2012.25,0.0,2012.25,13729.55,2001.3,0,0,0,0.0,0,F1,120,,,,,
2026-02-18,2026-02-18,FO,NSE,IDO,63540,,MIDCPNIFTY,,2026-02-24,2026-02-24,14600.0,CE,MIDCPNIFTY26FEB14600CE,2.1,2.2,1.2,1.35,1.2,2.1,13729.55,1.35,274320,18480,2194,3844288128.0,936,F1,120,,,,,
2026-02-18,2026-02-18,FO,NSE,IDO,63389,,MIDCPNIFTY,,2026-02-24,2026-02-24,14050.0,CE,MIDCPNIFTY26FEB14050CE,21.15,27.65,14.05,15.85,14.7,21.1,13729.55,15.85,59520,21000,2189,3695395044.0,1500,F1,120,,,,,
2026-02-18,2026-02-18,FO,NSE,IDO,63383,,MIDCPNIFTY,,2026-02-24,2026-02-24,13975.0,CE,MIDCPNIFTY26FEB13975CE,30.15,42.05,25.25,28.45,25.65,32.1,13729.55,28.45,54360,9120,1195,2008261416.0,1052,F1,120,,,,,
2026-02-18,2026-02-18,FO,NSE,IDO,62976,,MIDCPNIFTY,,2026-02-24,2026-02-24,12825.0,CE,MIDCPNIFTY26FEB12825CE,0.0,0.0,0.0,1331.8,0.0,1331.8,13729.55,916.25,0,0,0,0.0,0,F1,120,,,,,
2026-02-18,2026-02-18,FO,NSE,IDO,62857,,MIDCPNIFTY,,2026-02-24,2026-02-24,12400.0,CE,MIDCPNIFTY26FEB12400CE,0.0,0.0,0.0,1677.8,0.0,1677.8,13729.55,1340.75,0,0,0,0.0,0,F1,120,,,,,
2026-02-18,2026-02-18,FO,NSE,IDO,71354,,MIDCPNIFTY,,2026-04-28,2026-04-28,14075.0,CE,MIDCPNIFTY26APR14075CE,0.0,0.0,0.0,270.9,0.0,270.9,13729.55,332.95,0,0,0,0.0,0,F1,120,,,,,
2026-02-18,2026-02-18,FO,NSE,IDO,54273,,MIDCPNIFTY,,2026-03-30,2026-03-30,14900.0,CE,MIDCPNIFTY26MAR14900CE,0.0,0.0,0.0,194.35,0.0,194.35,13729.55,38.9,0,0,0,0.0,0,F1,120,,,,,
2026-02-18,2026-02-18,FO,NSE,IDO,71030,,MIDCPNIFTY,,2026-04-28,2026-04-28,12425.0,CE,MIDCPNIFTY26APR12425CE,0.0,0.0,0.0,1096.65,0.0,1096.65,13729.55,1467.5,0,0,0,0.0,0,F1,120,,,,,
2026-02-18,2026-02-18,FO,NSE,IDO,71050,,MIDCPNIFTY,,2026-04-28,2026-04-28,12475.0,CE,MIDCPNIFTY26APR12475CE,0.0,0.0,0.0,1060.6,0.0,1060.6,13729.55,1422.3,0,0,0,0.0,0,F1,120,,,,,
2026-02-18,2026-02-18,FO,NSE,IDO,71082,,MIDCPNIFTY,,2026-04-28,2026-04-28,12850.0,CE,MIDCPNIFTY26APR12850CE,0.0,0.0,0.0,811.25,0.0,811.25,13729.55,1098.45,0,0,0,0.0,0,F1,120,,,,,
2026-02-18,2026-02-18,FO,NSE,IDO,71115,,MIDCPNIFTY,,2026-04-28,2026-04-28,13075.0,CE,MIDCPNIFTY26APR13075CE,0.0,0.0,0.0,680.7,0.0,680.7,13729.55,920.4,0,0,0,0.0,0,F1,120,,,,,
2026-02-18,2026-02-18,FO,NSE,IDO,71270,,MIDCPNIFTY,,2026-04-28,2026-04-28,13350.0,CE,MIDCPNIFTY26APR13350CE,0.0,0.0,0.0,540.7,0.0,540.7,13729.55,723.6,0,0,0,0.0,0,F1,120,,,,,
2026-02-18,2026-02-18,FO,NSE,IDO,54262,,MIDCPNIFTY,,2026-03-30,2026-03-30,14775.0,PE,MIDCPNIFTY26MAR14775PE,0.0,0.0,0.0,1177.45,0.0,1177.45,13729.55,1008.75,0,0,0,0.0,0,F1,120,,,,,
2026-02-18,2026-02-18,FO,NSE,IDO,54226,,MIDCPNIFTY,,2026-03-30,2026-03-30,14325.0,PE,MIDCPNIFTY26MAR14325PE,0.0,0.0,0.0,861.2,0.0,861.2,13729.55,643.3,0,0,0,0.0,0,F1,120,,,,,
2026-02-18,2026-02-18,FO,NSE,IDO,54222,,MIDCPNIFTY,,2026-03-30,2026-03-30,14275.0,PE,MIDCPNIFTY26MAR14275PE,0.0,0.0,0.0,829.05,0.0,829.05,13729.55,606.9,0,0,0,0.0,0,F1,120,,,,,
2026-02-18,2026-02-18,FO,NSE,IDO,54204,,MIDCPNIFTY,,2026-03-30,2026-03-30,14075.0,PE,MIDCPNIFTY26MAR14075PE,0.0,0.0,0.0,706.75,0.0,706.75,13729.55,471.65,0,0,0,0.0,0,F1,120,,,,,
2026-02-18,2026-02-18,FO,NSE,IDO,54199,,MIDCPNIFTY,,2026-03-30,2026-03-30,14025.0,PE,MIDCPNIFTY26MAR14025PE,0.0,0.0,0.0,677.8,0.0,677.8,13729.55,440.55,0,0,0,0.0,0,F1,120,,,,,
2026-02-18,2026-02-18,FO,NSE,IDO,54175,,MIDCPNIFTY,,2026-03-30,2026-03-30,13775.0,PE,MIDCPNIFTY26MAR13775PE,0.0,0.0,0.0,543.15,0.0,543.15,13729.55,302.85,0,0,0,0.0,0,F1,120,,,,,
2026-02-18,2026-02-18,FO,NSE,IDO,54139,,MIDCPNIFTY,,2026-03-30,2026-03-30,13425.0,PE,MIDCPNIFTY26MAR13425PE,0.0,0.0,0.0,383.75,0.0,383.75,13729.55,161.0,0,0,0,0.0,0,F1,120,,,,,
2026-02-18,2026-02-18,FO,NSE,IDO,54103,,MIDCPNIFTY,,2026-03-30,2026-03-30,13075.0,PE,MIDCPNIFTY26MAR13075PE,0.0,0.0,0.0,258.1,0.0,258.1,13729.55,73.9,0,0,0,0.0,0,F1,120,,,,,
2026-02-18,2026-02-18,FO,NSE,IDO,54101,,MIDCPNIFTY,,2026-03-30,2026-03-30,13050.0,PE,MIDCPNIFTY26MAR13050PE,0.0,0.0,0.0,250.35,0.0,250.35,13729.55,69.5,0,0,0,0.0,0,F1,120,,,,,
2026-02-18,2026-02-18,FO,NSE,IDO,54093,,MIDCPNIFTY,,2026-03-30,2026-03-30,12950.0,PE,MIDCPNIFTY26MAR12950PE,0.0,0.0,0.0,221.65,0.0,221.65,13729.55,53.75,0,0,0,0.0,0,F1,120,,,,,
2026-02-18,2026-02-18,FO,NSE,IDO,54072,,MIDCPNIFTY,,2026-03-30,2026-03-30,12725.0,PE,MIDCPNIFTY26MAR12725PE,0.0,0.0,0.0,164.45,0.0,164.45,13729.55,28.6,0,0,0,0.0,0,F1,120,,,,,
2026-02-18,2026-02-18,FO,NSE,IDO,54031,,MIDCPNIFTY,,2026-03-30,2026-03-30,12275.0,PE,MIDCPNIFTY26MAR12275PE,0.0,0.0,0.0,83.85,0.0,83.85,13729.55,6.3,0,0,0,0.0,0,F1,120,,,,,
2026-02-18,2026-02-18,FO,NSE,IDO,53940,,MIDCPNIFTY,,2026-03-30,2026-03-30,11600.0,PE,MIDCPNIFTY26MAR11600PE,0.0,0.0,0.0,24.2,0.0,24.2,13729.55,0.3,0,0,0,0.0,0,F1,120,,,,,
2026-02-18,2026-02-18,FO,NSE,IDO,63550,,MIDCPNIFTY,,2026-02-24,2026-02-24,14700.0,PE,MIDCPNIFTY26FEB14700PE,0.0,0.0,0.0,992.2,0.0,992.2,13729.55,957.3,0,0,0,0.0,0,F1,120,,,,,
2026-02-18,2026-02-18,FO,NSE,IDO,63414,,MIDCPNIFTY,,2026-02-24,2026-02-24,14350.0,PE,MIDCPNIFTY26FEB14350PE,0.0,0.0,0.0,767.85,0.0,767.85,13729.55,611.0,0,0,0,0.0,0,F1,120,,,,,
2026-02-18,2026-02-18,FO,NSE,IDO,63404,,MIDCPNIFTY,,2026-02-24,2026-02-24,14225.0,PE,MIDCPNIFTY26FEB14225PE,534.85,534.85,522.75,522.75,522.75,389.2,13729.55,491.5,480,0,2,3540912.0,2,F1,120,,,,,
2026-02-18,2026-02-18,FO,NSE,IDO,63398,,MIDCPNIFTY,,2026-02-24,2026-02-24,14150.0,PE,MIDCPNIFTY26FEB14150PE,0.0,0.0,0.0,344.4,344.4,344.4,13729.55,422.5,1440,0,0,0.0,0,F1,120,,,,,
2026-02-18,2026-02-18,FO,NSE,IDO,63386,,MIDCPNIFTY,,2026-02-24,2026-02-24,14000.0,PE,MIDCPNIFTY26FEB14000PE,358.35,359.35,271.35,284.0,284.6,358.55,13729.55,284.0,293280,14160,1522,2611364880.0,831,F1,120,,,,,
2026-02-18,2026-02-18,FO,NSE,IDO,63370,,MIDCPNIFTY,,2026-02-24,2026-02-24,13850.0,PE,MIDCPNIFTY26FEB13850PE,240.95,240.95,163.15,169.75,176.0,241.85,13729.55,169.75,53400,6000,260,438032202.0,213,F1,120,,,,,
2026-02-18,2026-02-18,FO,NSE,IDO,63355,,MIDCPNIFTY,,2026-02-24,2026-02-24,13775.0,PE,MIDCPNIFTY26FEB13775PE,192.0,192.0,120.3,127.35,130.85,190.6,13729.55,127.35,12720,4320,698,1165908780.0,651,F1,120,,,,,
2026-02-18,2026-02-18,FO,NSE,IDO,63310,,MIDCPNIFTY,,2026-02-24,2026-02-24,13675.0,PE,MIDCPNIFTY26FEB13675PE,145.95,145.95,76.8,83.1,83.3,135.75,13729.55,83.1,62880,25080,11477,18978894846.0,9652,F1,120,,,,,
2026-02-18,2026-02-18,FO,NSE,IDO,71309,,MIDCPNIFTY,,2026-04-28,2026-04-28,13575.0,PE,MIDCPNIFTY26APR13575PE,0.0,0.0,0.0,671.3,0.0,671.3,13729.55,286.8,0,0,0,0.0,0,F1,120,,,,,
2026-02-18,2026-02-18,FO,NSE,IDO,62961,,MIDCPNIFTY,,2026-02-24,2026-02-24,12750.0,PE,MIDCPNIFTY26FEB12750PE,3.25,3.35,1.75,2.1,2.45,4.25,13729.55,2.1,81240,11400,466,713125008.0,328,F1,120,,,,,
2026-02-18,2026-02-18,FO,NSE,IDO,62897,,MIDCPNIFTY,,2026-02-24,2026-02-24,12575.0,PE,MIDCPNIFTY26FEB12575PE,3.35,3.35,3.35,3.35,3.35,5.7,13729.55,0.05,9240,120,1,1509402.0,1,F1,120,,,,,
2026-02-18,2026-02-18,FO,NSE,IDO,62870,,MIDCPNIFTY,,2026-02-24,2026-02-24,12400.0,PE,MIDCPNIFTY26FEB12400PE,1.85,1.95,1.1,1.45,1.7,2.05,13729.55,1.45,56640,-3240,267,397343802.0,192,F1,120,,,,,
2026-02-18,2026-02-18,FO,NSE,IDO,62837,,MIDCPNIFTY,,2026-02-24,2026-02-24,12300.0,PE,MIDCPNIFTY26FEB12300PE,1.5,1.95,1.05,1.35,1.6,1.75,13729.55,1.35,97440,-2160,160,236188530.0,67,F1,120,,,,,
2026-02-18,2026-02-18,FO,NSE,IDO,71500,,MIDCPNIFTY,,2026-04-28,2026-04-28,14800.0,CE,MIDCPNIFTY26APR14800CE,0.0,0.0,0.0,120.45,0.0,120.45,13729.55,122.7,0,0,0,0.0,0,F1,120,,,,,
2026-02-18,2026-02-18,FO,NSE,IDO,63269,,MIDCPNIFTY,,2026-02-24,2026-02-24,13425.0,PE,MIDCPNIFTY26FEB13425PE,52.0,52.0,22.5,24.55,24.35,52.55,13729.55,24.55,15720,600,705,1138537608.0,612,F1,120,,,,,
2026-02-18,2026-02-18,FO,NSE,IDO,71412,,MIDCPNIFTY,,2026-04-28,2026-04-28,14500.0,CE,MIDCPNIFTY26APR14500CE,0.0,0.0,0.0,170.95,0.0,170.95,13729.55,190.65,0,0,0,0.0,0,F1,120,,,,,
2026-02-18,2026-02-18,FO,NSE,IDO,71398,,MIDCPNIFTY,,2026-04-28,2026-04-28,14350.0,CE,MIDCPNIFTY26APR14350CE,0.0,0.0,0.0,202.6,0.0,202.6,13729.55,234.2,0,0,0,0.0,0,F1,120,,,,,
2026-02-18,2026-02-18,FO,NSE,IDO,71360,,MIDCPNIFTY,,2026-04-28,2026-04-28,14125.0,CE,MIDCPNIFTY26APR14125CE,0.0,0.0,0.0,257.1,0.0,257.1,13729.55,313.05,0,0,0,0.0,0,F1,120,,,,,
2026-02-18,2026-02-18,FO,NSE,IDO,71331,,MIDCPNIFTY,,2026-04-28,2026-04-28,13825.0,CE,MIDCPNIFTY26APR13825CE,0.0,0.0,0.0,348.6,0.0,348.6,13729.55,445.85,0,0,0,0.0,0,F1,120,,,,,
2026-02-18,2026-02-18,FO,NSE,IDO,71310,,MIDCPNIFTY,,2026-04-28,2026-04-28,13600.0,CE,MIDCPNIFTY26APR13600CE,0.0,0.0,0.0,431.95,0.0,431.95,13729.55,567.1,0,0,0,0.0,0,F1,120,,,,,
2026-02-18,2026-02-18,FO,NSE,IDO,71292,,MIDCPNIFTY,,2026-04-28,2026-04-28,13400.0,CE,MIDCPNIFTY26APR13400CE,0.0,0.0,0.0,517.55,0.0,517.55,13729.55,690.5,0,0,0,0.0,0,F1,120,,,,,
2026-02-18,2026-02-18,FO,NSE,IDO,71221,,MIDCPNIFTY,,2026-04-28,2026-04-28,13300.0,CE,MIDCPNIFTY26APR13300CE,0.0,0.0,0.0,564.5,0.0,564.5,13729.55,757.5,0,0,0,0.0,0,F1,120,,,,,
2026-02-18,2026-02-18,FO,NSE,IDO,54089,,MIDCPNIFTY,,2026-03-30,2026-03-30,12900.0,PE,MIDCPNIFTY26MAR12900PE,0.0,0.0,0.0,208.0,0.0,208.0,13729.55,47.05,0,0,0,0.0,0,F1,120,,,,,
2026-02-18,2026-02-18,FO,NSE,IDF,51713,,MIDCPNIFTY,,2026-03-30,2026-03-30,,,MIDCPNIFTY26MARFUT,13755.0,13824.95,13730.95,13809.4,13804.65,13744.5,13729.55,13809.4,128520,13080,656,1084995924.0,580,F1,120,,,,,
2026-02-18,2026-02-18,FO,NSE,IDO,62822,,MIDCPNIFTY,,2026-02-24,2026-02-24,12200.0,CE,MIDCPNIFTY26FEB12200CE,1492.4,1514.75,1492.4,1514.75,1514.75,1454.05,13729.55,1540.55,1440,-240,6,9866484.0,6,F1,120,,,,,
2026-02-18,2026-02-18,FO,NSE,IDO,62836,,MIDCPNIFTY,,2026-02-24,2026-02-24,12300.0,CE,MIDCPNIFTY26FEB12300CE,0.0,0.0,0.0,1763.8,0.0,1763.8,13729.55,1440.65,0,0,0,0.0,0,F1,120,,,,,
2026-02-18,2026-02-18,FO,NSE,IDO,62876,,MIDCPNIFTY,,2026-02-24,2026-02-24,12425.0,CE,MIDCPNIFTY26FEB12425CE,0.0,0.0,0.0,1656.55,0.0,1656.55,13729.55,1315.8,0,0,0,0.0,0,F1,120,,,,,
2026-02-18,2026-02-18,FO,NSE,IDO,62946,,MIDCPNIFTY,,2026-02-24,2026-02-24,12625.0,CE,MIDCPNIFTY26FEB12625CE,0.0,0.0,0.0,1490.4,0.0,1490.4,13729.55,1115.95,0,0,0,0.0,0,F1,120,,,,,
2026-02-18,2026-02-18,FO,NSE,IDO,62948,,MIDCPNIFTY,,2026-02-24,2026-02-24,12650.0,CE,MIDCPNIFTY26FEB12650CE,1075.4,1082.9,1075.4,1082.9,1082.9,1169.35,13729.55,1091.0,240,-120,2,3294996.0,2,F1,120,,,,,
2026-02-18,2026-02-18,FO,NSE,IDO,62993,,MIDCPNIFTY,,2026-02-24,2026-02-24,12875.0,CE,MIDCPNIFTY26FEB12875CE,0.0,0.0,0.0,892.25,892.25,892.25,13729.55,866.35,840,0,0,0.0,0,F1,120,,,,,
2026-02-18,2026-02-18,FO,NSE,IDO,63032,,MIDCPNIFTY,,2026-02-24,2026-02-24,12975.0,CE,MIDCPNIFTY26FEB12975CE,722.2,763.5,722.2,763.5,763.5,588.35,13729.55,763.5,3480,0,2,3292284.0,2,F1,120,,,,,
2026-02-18,2026-02-18,FO,NSE,IDO,63278,,MIDCPNIFTY,,2026-02-24,2026-02-24,13500.0,CE,MIDCPNIFTY26FEB13500CE,234.3,286.0,223.35,272.4,272.05,242.25,13729.55,272.4,221400,-12480,1983,3273759300.0,1461,F1,120,,,,,
2026-02-18,2026-02-18,FO,NSE,IDO,63387,,MIDCPNIFTY,,2026-02-24,2026-02-24,14025.0,CE,MIDCPNIFTY26FEB14025CE,25.0,32.15,16.6,19.35,18.0,23.9,13729.55,19.35,18840,1440,682,1149558270.0,564,F1,120,,,,,
2026-02-18,2026-02-18,FO,NSE,IDO,63397,,MIDCPNIFTY,,2026-02-24,2026-02-24,14150.0,CE,MIDCPNIFTY26FEB14150CE,10.9,15.6,6.25,7.3,6.3,12.1,13729.55,7.3,126720,73920,2926,4971623064.0,1813,F1,120,,,,,
2026-02-18,2026-02-18,FO,NSE,IDO,63403,,MIDCPNIFTY,,2026-02-24,2026-02-24,14225.0,CE,MIDCPNIFTY26FEB14225CE,8.2,10.0,3.55,4.4,3.55,8.3,13729.55,4.4,8640,1680,372,635295936.0,277,F1,120,,,,,
2026-02-18,2026-02-18,FO,NSE,IDO,63407,,MIDCPNIFTY,,2026-02-24,2026-02-24,14275.0,CE,MIDCPNIFTY26FEB14275CE,7.5,7.65,2.3,3.05,2.7,6.6,13729.55,3.05,5400,-4560,273,467804478.0,241,F1,120,,,,,
2026-02-18,2026-02-18,FO,NSE,IDO,63422,,MIDCPNIFTY,,2026-02-24,2026-02-24,14425.0,CE,MIDCPNIFTY26FEB14425CE,4.15,4.2,1.5,1.75,1.55,3.6,13729.55,1.75,9120,600,186,322021524.0,178,F1,120,,,,,
2026-02-18,2026-02-18,FO,NSE,IDO,63536,,MIDCPNIFTY,,2026-02-24,2026-02-24,14550.0,CE,MIDCPNIFTY26FEB14550CE,2.0,2.15,0.95,1.2,1.05,2.25,13729.55,1.2,44760,17400,260,454008924.0,152,F1,120,,,,,
2026-02-18,2026-02-18,FO,NSE,IDO,63546,,MIDCPNIFTY,,2026-02-24,2026-02-24,14675.0,CE,MIDCPNIFTY26FEB14675CE,0.0,0.0,0.0,3.2,3.2,3.2,13729.55,0.2,1920,0,0,0.0,0,F1,120,,,,,
2026-02-18,2026-02-18,FO,NSE,IDO,54022,,MIDCPNIFTY,,2026-03-30,2026-03-30,12200.0,CE,MIDCPNIFTY26MAR12200CE,0.0,0.0,0.0,1656.15,0.0,1656.15,13729.55,1607.6,0,0,0,0.0,0,F1,120,,,,,
2026-02-18,2026-02-18,FO,NSE,IDO,54050,,MIDCPNIFTY,,2026-03-30,2026-03-30,12525.0,CE,MIDCPNIFTY26MAR12525CE,0.0,0.0,0.0,1385.45,0.0,1385.45,13729.55,1295.05,0,0,0,0.0,0,F1,120,,,,,
2026-02-18,2026-02-18,FO,NSE,IDO,54073,,MIDCPNIFTY,,2026-03-30,2026-03-30,12750.0,CE,MIDCPNIFTY26MAR12750CE,0.0,0.0,0.0,1210.35,0.0,1210.35,13729.55,1086.95,0,0,0,0.0,0,F1,120,,,,,
2026-02-18,2026-02-18,FO,NSE,IDO,54119,,MIDCPNIFTY,,2026-03-30,2026-03-30,13250.0,CE,MIDCPNIFTY26MAR13250CE,0.0,0.0,0.0,864.35,0.0,864.35,13729.55,670.45,0,0,0,0.0,0,F1,120,,,,,
2026-02-18,2026-02-18,FO,NSE,IDO,54123,,MIDCPNIFTY,,2026-03-30,2026-03-30,13300.0,CE,MIDCPNIFTY26MAR13300CE,0.0,0.0,0.0,535.95,535.95,535.95,13729.55,633.6,1320,0,0,0.0,0,F1,120,,,,,
2026-02-18,2026-02-18,FO,NSE,IDO,54182,,MIDCPNIFTY,,2026-03-30,2026-03-30,13875.0,CE,MIDCPNIFTY26MAR13875CE,0.0,0.0,0.0,357.1,357.1,357.1,13729.55,292.25,120,0,0,0.0,0,F1,120,,,,,
2026-02-18,2026-02-18,FO,NSE,IDO,54188,,MIDCPNIFTY,,2026-03-30,2026-03-30,13950.0,CE,MIDCPNIFTY26MAR13950CE,0.0,0.0,0.0,200.0,200.0,200.0,13729.55,259.5,1560,0,0,0.0,0,F1,120,,,,,
2026-02-18,2026-02-18,FO,NSE,IDO,71393,,MIDCPNIFTY,,2026-04-28,2026-04-28,14275.0,PE,MIDCPNIFTY26APR14275PE,0.0,0.0,0.0,1138.25,0.0,1138.25,13729.55,656.4,0,0,0,0.0,0,F1,120,,,,,
2026-02-18,2026-02-18,FO,NSE,IDO,54198,,MIDCPNIFTY,,2026-03-30,2026-03-30,14025.0,CE,MIDCPNIFTY26MAR14025CE,0.0,0.0,0.0,461.85,0.0,461.85,13729.55,229.4,0,0,0,0.0,0,F1,120,,,,,
2026-02-18,2026-02-18,FO,NSE,IDO,54200,,MIDCPNIFTY,,2026-03-30,2026-03-30,14050.0,CE,MIDCPNIFTY26MAR14050CE,0.0,0.0,0.0,451.65,0.0,451.65,13729.55,219.95,0,0,0,0.0,0,F1,120,,,,,
2026-02-18,2026-02-18,FO,NSE,IDO,54209,,MIDCPNIFTY,,2026-03-30,2026-03-30,14125.0,CE,MIDCPNIFTY26MAR14125CE,0.0,0.0,0.0,421.9,0.0,421.9,13729.55,193.25,0,0,0,0.0,0,F1,120,,,,,
2026-02-18,2026-02-18,FO,NSE,IDO,54221,,MIDCPNIFTY,,2026-03-30,2026-03-30,14275.0,CE,MIDCPNIFTY26MAR14275CE,0.0,0.0,0.0,366.8,0.0,366.8,13729.55,147.25,0,0,0,0.0,0,F1,120,,,,,
2026-02-18,2026-02-18,FO,NSE,IDO,54223,,MIDCPNIFTY,,2026-03-30,2026-03-30,14300.0,CE,MIDCPNIFTY26MAR14300CE,118.95,118.95,80.0,92.2,100.0,125.35,13729.55,92.2,480,360,11,19007538.0,9,F1,120,,,,,
2026-02-18,2026-02-18,FO,NSE,IDO,54289,,MIDCPNIFTY,,2026-03-30,2026-03-30,15100.0,CE,MIDCPNIFTY26MAR15100CE,0.0,0.0,0.0,155.75,0.0,155.75,13729.55,23.75,0,0,0,0.0,0,F1,120,,,,,
2026-02-18,2026-02-18,FO,NSE,IDO,54331,,MIDCPNIFTY,,2026-03-30,2026-03-30,15600.0,CE,MIDCPNIFTY26MAR15600CE,7.6,7.6,5.0,5.0,5.0,8.15,13729.55,6.0,1200,-360,6,11236188.0,6,F1,120,,,,,
2026-02-18,2026-02-18,FO,NSE,IDO,71035,,MIDCPNIFTY,,2026-04-28,2026-04-28,12450.0,CE,MIDCPNIFTY26APR12450CE,0.0,0.0,0.0,1078.55,0.0,1078.55,13729.55,1444.85,0,0,0,0.0,0,F1,120,,,,,
2026-02-18,2026-02-18,FO,NSE,IDO,71060,,MIDCPNIFTY,,2026-04-28,2026-04-28,12600.0,CE,MIDCPNIFTY26APR12600CE,0.0,0.0,0.0,972.9,0.0,972.9,13729.55,1311.15,0,0,0,0.0,0,F1,120,,,,,
2026-02-18,2026-02-18,FO,NSE,IDO,71064,,MIDCPNIFTY,,2026-04-28,2026-04-28,12650.0,CE,MIDCPNIFTY26APR12650CE,0.0,0.0,0.0,939.2,0.0,939.2,13729.55,1267.5,0,0,0,0.0,0,F1,120,,,,,
2026-02-18,2026-02-18,FO,NSE,IDO,71209,,MIDCPNIFTY,,2026-04-28,2026-04-28,13200.0,CE,MIDCPNIFTY26APR13200CE,0.0,0.0,0.0,614.4,0.0,614.4,13729.55,827.9,0,0,0,0.0,0,F1,120,,,,,
2026-02-18,2026-02-18,FO,NSE,IDO,71215,,MIDCPNIFTY,,2026-04-28,2026-04-28,13275.0,CE,MIDCPNIFTY26APR13275CE,0.0,0.0,0.0,576.7,0.0,576.7,13729.55,774.8,0,0,0,0.0,0,F1,120,,,,,
2026-02-18,2026-02-18,FO,NSE,IDO,71378,,MIDCPNIFTY,,2026-04-28,2026-04-28,14175.0,CE,MIDCPNIFTY26APR14175CE,0.0,0.0,0.0,243.9,0.0,243.9,13729.55,294.05,0,0,0,0.0,0,F1,120,,,,,
2026-02-18,2026-02-18,FO,NSE,IDO,71386,,MIDCPNIFTY,,2026-04-28,2026-04-28,14200.0,CE,MIDCPNIFTY26APR14200CE,0.0,0.0,0.0,237.5,0.0,237.5,13729.55,284.9,0,0,0,0.0,0,F1,120,,,,,
2026-02-18,2026-02-18,FO,NSE,IDO,71402,,MIDCPNIFTY,,2026-04-28,2026-04-28,14400.0,CE,MIDCPNIFTY26APR14400CE,0.0,0.0,0.0,191.25,0.0,191.25,13729.55,218.9,0,0,0,0.0,0,F1,120,,,,,
2026-02-18,2026-02-18,FO,NSE,IDO,62949,,MIDCPNIFTY,,2026-02-24,2026-02-24,12650.0,PE,MIDCPNIFTY26FEB12650PE,1.7,3.35,1.35,1.95,1.7,3.3,13729.55,1.95,32160,9960,141,214072314.0,75,F1,120,,,,,
2026-02-18,2026-02-18,FO,NSE,IDO,63054,,MIDCPNIFTY,,2026-02-24,2026-02-24,13225.0,PE,MIDCPNIFTY26FEB13225PE,22.05,22.05,8.8,9.4,9.65,24.5,13729.55,9.4,13920,-360,253,401917860.0,213,F1,120,,,,,
2026-02-18,2026-02-18,FO,NSE,IDO,63294,,MIDCPNIFTY,,2026-02-24,2026-02-24,13600.0,PE,MIDCPNIFTY26FEB13600PE,95.0,108.75,53.65,58.4,58.1,103.75,13729.55,58.4,426960,-34800,20365,33417713682.0,16679,F1,120,,,,,
2026-02-18,2026-02-18,FO,NSE,IDO,63339,,MIDCPNIFTY,,2026-02-24,2026-02-24,13700.0,PE,MIDCPNIFTY26FEB13700PE,148.4,155.3,85.45,92.65,93.75,148.4,13729.55,92.65,851400,323760,37385,61968013722.0,30040,F1,120,,,,,
2026-02-18,2026-02-18,FO,NSE,IDO,63357,,MIDCPNIFTY,,2026-02-24,2026-02-24,13800.0,PE,MIDCPNIFTY26FEB13800PE,211.45,211.45,133.2,141.75,141.95,206.3,13729.55,141.75,233760,-36840,9842,16490828604.0,7924,F1,120,,,,,
2026-02-18,2026-02-18,FO,NSE,IDO,63384,,MIDCPNIFTY,,2026-02-24,2026-02-24,13975.0,PE,MIDCPNIFTY26FEB13975PE,275.0,275.0,275.0,275.0,275.0,333.0,13729.55,274.9,11160,0,2,3420000.0,1,F1,120,,,,,
2026-02-18,2026-02-18,FO,NSE,IDO,63541,,MIDCPNIFTY,,2026-02-24,2026-02-24,14600.0,PE,MIDCPNIFTY26FEB14600PE,0.0,0.0,0.0,715.0,715.0,715.0,13729.55,857.65,120,0,0,0.0,0,F1,120,,,,,
2026-02-18,2026-02-18,FO,NSE,IDO,63661,,MIDCPNIFTY,,2026-02-24,2026-02-24,15000.0,PE,MIDCPNIFTY26FEB15000PE,1290.0,1290.0,1290.0,1290.0,1290.0,1337.45,13729.55,1256.9,2040,-120,1,1954800.0,1,F1,120,,,,,
2026-02-18,2026-02-18,FO,NSE,IDO,53932,,MIDCPNIFTY,,2026-03-30,2026-03-30,11500.0,PE,MIDCPNIFTY26MAR11500PE,0.0,0.0,0.0,19.6,0.0,19.6,13729.55,0.2,0,0,0,0.0,0,F1,120,,,,,
2026-02-18,2026-02-18,FO,NSE,IDO,53966,,MIDCPNIFTY,,2026-03-30,2026-03-30,11700.0,PE,MIDCPNIFTY26MAR11700PE,7.5,10.0,5.05,10.0,10.0,15.2,13729.55,0.5,960,-360,8,11238732.0,7,F1,120,,,,,
2026-02-18,2026-02-18,FO,NSE,IDO,54039,,MIDCPNIFTY,,2026-03-30,2026-03-30,12375.0,PE,MIDCPNIFTY26MAR12375PE,0.0,0.0,0.0,98.35,0.0,98.35,13729.55,9.1,0,0,0,0.0,0,F1,120,,,,,
2026-02-18,2026-02-18,FO,NSE,IDO,54049,,MIDCPNIFTY,,2026-03-30,2026-03-30,12500.0,PE,MIDCPNIFTY26MAR12500PE,30.85,30.85,20.5,23.8,24.4,30.9,13729.55,23.8,81360,39240,427,641772318.0,164,F1,120,,,,,
2026-02-18,2026-02-18,FO,NSE,IDO,71389,,MIDCPNIFTY,,2026-04-28,2026-04-28,14225.0,PE,MIDCPNIFTY26APR14225PE,0.0,0.0,0.0,1101.05,0.0,1101.05,13729.55,624.25,0,0,0,0.0,0,F1,120,,,,,
2026-02-18,2026-02-18,FO,NSE,IDO,71364,,MIDCPNIFTY,,2026-04-28,2026-04-28,14150.0,PE,MIDCPNIFTY26APR14150PE,0.0,0.0,0.0,1045.85,0.0,1045.85,13729.55,577.55,0,0,0,0.0,0,F1,120,,,,,
2026-02-18,2026-02-18,FO,NSE,IDO,71353,,MIDCPNIFTY,,2026-04-28,2026-04-28,14050.0,PE,MIDCPNIFTY26APR14050PE,0.0,0.0,0.0,974.9,0.0,974.9,13729.55,518.35,0,0,0,0.0,0,F1,120,,,,,
2026-02-18,2026-02-18,FO,NSE,IDO,71343,,MIDCPNIFTY,,2026-04-28,2026-04-28,13950.0,PE,MIDCPNIFTY26APR13950PE,0.0,0.0,0.0,906.3,0.0,906.3,13729.55,462.7,0,0,0,0.0,0,F1,120,,,,,
2026-02-18,2026-02-18,FO,NSE,IDO,71339,,MIDCPNIFTY,,2026-04-28,2026-04-28,13900.0,PE,MIDCPNIFTY26APR13900PE,0.0,0.0,0.0,872.9,0.0,872.9,13729.55,436.25,0,0,0,0.0,0,F1,120,,,,,
2026-02-18,2026-02-18,FO,NSE,IDO,71323,,MIDCPNIFTY,,2026-04-28,2026-04-28,13750.0,PE,MIDCPNIFTY26APR13750PE,0.0,0.0,0.0,776.45,0.0,776.45,13729.55,362.4,0,0,0,0.0,0,F1,120,,,,,
2026-02-18,2026-02-18,FO,NSE,IDO,71299,,MIDCPNIFTY,,2026-04-28,2026-04-28,13475.0,PE,MIDCPNIFTY26APR13475PE,0.0,0.0,0.0,614.9,0.0,614.9,13729.55,248.6,0,0,0,0.0,0,F1,120,,,,,
2026-02-18,2026-02-18,FO,NSE,IDO,71291,,MIDCPNIFTY,,2026-04-28,2026-04-28,13375.0,PE,MIDCPNIFTY26APR13375PE,0.0,0.0,0.0,561.3,0.0,561.3,13729.55,214.05,0,0,0,0.0,0,F1,120,,,,,
2026-02-18,2026-02-18,FO,NSE,IDO,71118,,MIDCPNIFTY,,2026-04-28,2026-04-28,13100.0,PE,MIDCPNIFTY26APR13100PE,0.0,0.0,0.0,428.55,0.0,428.55,13729.55,136.45,0,0,0,0.0,0,F1,120,,,,,
2026-02-18,2026-02-18,FO,NSE,IDO,71116,,MIDCPNIFTY,,2026-04-28,2026-04-28,13075.0,PE,MIDCPNIFTY26APR13075PE,0.0,0.0,0.0,417.55,0.0,417.55,13729.55,130.6,0,0,0,0.0,0,F1,120,,,,,
2026-02-18,2026-02-18,FO,NSE,IDO,70889,,MIDCPNIFTY,,2026-04-28,2026-04-28,11700.0,PE,MIDCPNIFTY26APR11700PE,0.0,0.0,0.0,63.0,0.0,63.0,13729.55,4.65,0,0,0,0.0,0,F1,120,,,,,
2026-02-18,2026-02-18,FO,NSE,IDO,54260,,MIDCPNIFTY,,2026-03-30,2026-03-30,14750.0,PE,MIDCPNIFTY26MAR14750PE,0.0,0.0,0.0,1158.75,0.0,1158.75,13729.55,986.95,0,0,0,0.0,0,F1,120,,,,,
2026-02-18,2026-02-18,FO,NSE,IDO,54246,,MIDCPNIFTY,,2026-03-30,2026-03-30,14575.0,PE,MIDCPNIFTY26MAR14575PE,0.0,0.0,0.0,1030.95,0.0,1030.95,13729.55,838.75,0,0,0,0.0,0,F1,120,,,,,
2026-02-18,2026-02-18,FO,NSE,IDO,54236,,MIDCPNIFTY,,2026-03-30,2026-03-30,14450.0,PE,MIDCPNIFTY26MAR14450PE,0.0,0.0,0.0,944.25,0.0,944.25,13729.55,738.4,0,0,0,0.0,0,F1,120,,,,,
2026-02-18,2026-02-18,FO,NSE,IDO,54216,,MIDCPNIFTY,,2026-03-30,2026-03-30,14200.0,PE,MIDCPNIFTY26MAR14200PE,0.0,0.0,0.0,782.0,0.0,782.0,13729.55,554.2,0,0,0,0.0,0,F1,120,,,,,
2026-02-18,2026-02-18,FO,NSE,IDO,54210,,MIDCPNIFTY,,2026-03-30,2026-03-30,14125.0,PE,MIDCPNIFTY26MAR14125PE,0.0,0.0,0.0,736.35,0.0,736.35,13729.55,503.85,0,0,0,0.0,0,F1,120,,,,,
2026-02-18,2026-02-18,FO,NSE,IDO,54177,,MIDCPNIFTY,,2026-03-30,2026-03-30,13800.0,PE,MIDCPNIFTY26MAR13800PE,305.5,305.5,276.45,283.4,286.9,350.0,13729.55,283.4,2280,1080,23,38870322.0,19,F1,120,,,,,
2026-02-18,2026-02-18,FO,NSE,IDO,54158,,MIDCPNIFTY,,2026-03-30,2026-03-30,13650.0,PE,MIDCPNIFTY26MAR13650PE,247.35,255.6,221.25,221.25,221.25,275.0,13729.55,221.25,2520,1200,16,26673780.0,12,F1,120,,,,,
2026-02-18,2026-02-18,FO,NSE,IDO,54151,,MIDCPNIFTY,,2026-03-30,2026-03-30,13575.0,PE,MIDCPNIFTY26MAR13575PE,200.0,218.9,200.0,218.9,218.9,218.0,13729.55,214.6,2040,240,3,4963536.0,2,F1,120,,,,,
2026-02-18,2026-02-18,FO,NSE,IDO,54141,,MIDCPNIFTY,,2026-03-30,2026-03-30,13450.0,PE,MIDCPNIFTY26MAR13450PE,0.0,0.0,0.0,394.0,0.0,394.0,13729.55,169.2,0,0,0,0.0,0,F1,120,,,,,
2026-02-18,2026-02-18,FO,NSE,IDO,54054,,MIDCPNIFTY,,2026-03-30,2026-03-30,12550.0,PE,MIDCPNIFTY26MAR12550PE,0.0,0.0,0.0,128.25,0.0,128.25,13729.55,16.55,0,0,0,0.0,0,F1,120,,,,,
2026-02-18,2026-02-18,FO,NSE,IDO,54079,,MIDCPNIFTY,,2026-03-30,2026-03-30,12800.0,PE,MIDCPNIFTY26MAR12800PE,0.0,0.0,0.0,55.05,55.05,55.05,13729.55,35.6,480,0,0,0.0,0,F1,120,,,,,
2026-02-18,2026-02-18,FO,NSE,IDO,62960,,MIDCPNIFTY,,2026-02-24,2026-02-24,12750.0,CE,MIDCPNIFTY26FEB12750CE,0.0,0.0,0.0,1390.35,0.0,1390.35,13729.55,991.1,0,0,0,0.0,0,F1,120,,,,,
2026-02-18,2026-02-18,FO,NSE,IDO,63428,,MIDCPNIFTY,,2026-02-24,2026-02-24,14475.0,CE,MIDCPNIFTY26FEB14475CE,3.05,3.3,1.05,1.55,1.35,3.05,13729.55,1.55,5280,-840,283,491645922.0,239,F1,120,,,,,
2026-02-18,2026-02-18,FO,NSE,IDO,63511,,MIDCPNIFTY,,2026-02-24,2026-02-24,14525.0,CE,MIDCPNIFTY26FEB14525CE,0.9,2.25,0.9,1.35,1.2,2.9,13729.55,1.35,6120,-120,36,62754606.0,30,F1,120,,,,,
2026-02-18,2026-02-18,FO,NSE,IDO,63542,,MIDCPNIFTY,,2026-02-24,2026-02-24,14625.0,CE,MIDCPNIFTY26FEB14625CE,0.0,0.0,0.0,2.6,2.6,2.6,13729.55,0.3,1920,0,0,0.0,0,F1,120,,,,,
2026-02-18,2026-02-18,FO,NSE,IDO,63544,,MIDCPNIFTY,,2026-02-24,2026-02-24,14650.0,CE,MIDCPNIFTY26FEB14650CE,0.0,0.0,0.0,1.8,1.8,1.8,13729.55,0.25,18000,0,0,0.0,0,F1,120,,,,,
2026-02-18,2026-02-18,FO,NSE,IDO,63553,,MIDCPNIFTY,,2026-02-24,2026-02-24,14750.0,CE,MIDCPNIFTY26FEB14750CE,0.0,0.0,0.0,2.2,2.2,2.2,13729.55,0.1,3600,0,0,0.0,0,F1,120,,,,,
2026-02-18,2026-02-18,FO,NSE,IDO,63755,,MIDCPNIFTY,,2026-02-24,2026-02-24,15400.0,CE,MIDCPNIFTY26FEB15400CE,0.9,1.2,0.9,1.2,1.2,1.0,13729.55,0.05,11640,720,53,97950600.0,16,F1,120,,,,,
2026-02-18,2026-02-18,FO,NSE,IDO,63779,,MIDCPNIFTY,,2026-02-24,2026-02-24,15500.0,CE,MIDCPNIFTY26FEB15500CE,0.8,1.5,0.7,1.1,0.9,1.0,13729.55,1.1,107520,-17040,576,1071426822.0,221,F1,120,,,,,
2026-02-18,2026-02-18,FO,NSE,IDO,54000,,MIDCPNIFTY,,2026-03-30,2026-03-30,12000.0,CE,MIDCPNIFTY26MAR12000CE,1568.15,1606.85,1568.15,1606.85,1606.85,1700.0,13729.55,1803.75,1200,720,6,9791256.0,6,F1,120,,,,,
2026-02-18,2026-02-18,FO,NSE,IDO,54030,,MIDCPNIFTY,,2026-03-30,2026-03-30,12275.0,CE,MIDCPNIFTY26MAR12275CE,0.0,0.0,0.0,1592.0,0.0,1592.0,13729.55,1534.6,0,0,0,0.0,0,F1,120,,,,,
2026-02-18,2026-02-18,FO,NSE,IDO,54067,,MIDCPNIFTY,,2026-03-30,2026-03-30,12675.0,CE,MIDCPNIFTY26MAR12675CE,0.0,0.0,0.0,1267.5,0.0,1267.5,13729.55,1155.3,0,0,0,0.0,0,F1,120,,,,,
2026-02-18,2026-02-18,FO,NSE,IDO,54090,,MIDCPNIFTY,,2026-03-30,2026-03-30,12925.0,CE,MIDCPNIFTY26MAR12925CE,0.0,0.0,0.0,1082.55,0.0,1082.55,13729.55,932.55,0,0,0,0.0,0,F1,120,,,,,
2026-02-18,2026-02-18,FO,NSE,IDO,54100,,MIDCPNIFTY,,2026-03-30,2026-03-30,13050.0,CE,MIDCPNIFTY26MAR13050CE,0.0,0.0,0.0,995.0,0.0,995.0,13729.55,827.45,0,0,0,0.0,0,F1,120,,,,,
2026-02-18,2026-02-18,FO,NSE,IDO,54117,,MIDCPNIFTY,,2026-03-30,2026-03-30,13225.0,CE,MIDCPNIFTY26MAR13225CE,0.0,0.0,0.0,880.1,0.0,880.1,13729.55,689.25,0,0,0,0.0,0,F1,120,,,,,
2026-02-18,2026-02-18,FO,NSE,IDO,54140,,MIDCPNIFTY,,2026-03-30,2026-03-30,13450.0,CE,MIDCPNIFTY26MAR13450CE,0.0,0.0,0.0,744.55,0.0,744.55,13729.55,529.6,0,0,0,0.0,0,F1,120,,,,,
2026-02-18,2026-02-18,FO,NSE,IDO,54155,,MIDCPNIFTY,,2026-03-30,2026-03-30,13625.0,CE,MIDCPNIFTY26MAR13625CE,375.0,375.0,375.0,375.0,375.0,384.2,13729.55,421.25,360,-120,1,1680000.0,1,F1,120,,,,,
2026-02-18,2026-02-18,FO,NSE,IDO,71428,,MIDCPNIFTY,,2026-04-28,2026-04-28,14575.0,PE,MIDCPNIFTY26APR14575PE,0.0,0.0,0.0,1370.8,0.0,1370.8,13729.55,866.1,0,0,0,0.0,0,F1,120,,,,,
2026-02-18,2026-02-18,FO,NSE,IDO,71409,,MIDCPNIFTY,,2026-04-28,2026-04-28,14450.0,PE,MIDCPNIFTY26APR14450PE,0.0,0.0,0.0,1271.7,0.0,1271.7,13729.55,775.4,0,0,0,0.0,0,F1,120,,,,,
2026-02-18,2026-02-18,FO,NSE,IDO,71395,,MIDCPNIFTY,,2026-04-28,2026-04-28,14300.0,PE,MIDCPNIFTY26APR14300PE,0.0,0.0,0.0,1157.0,0.0,1157.0,13729.55,672.8,0,0,0,0.0,0,F1,120,,,,,
2026-02-18,2026-02-18,FO,NSE,IDO,71347,,MIDCPNIFTY,,2026-04-28,2026-04-28,14000.0,PE,MIDCPNIFTY26APR14000PE,0.0,0.0,0.0,940.3,0.0,940.3,13729.55,490.05,0,0,0,0.0,0,F1,120,,,,,
2026-02-18,2026-02-18,FO,NSE,IDO,71317,,MIDCPNIFTY,,2026-04-28,2026-04-28,13675.0,PE,MIDCPNIFTY26APR13675PE,0.0,0.0,0.0,730.4,0.0,730.4,13729.55,328.6,0,0,0,0.0,0,F1,120,,,,,
2026-02-18,2026-02-18,FO,NSE,IDO,71108,,MIDCPNIFTY,,2026-04-28,2026-04-28,13000.0,PE,MIDCPNIFTY26APR13000PE,0.0,0.0,0.0,143.45,143.45,143.45,13729.55,114.15,120,0,0,0.0,0,F1,120,,,,,
2026-02-18,2026-02-18,FO,NSE,IDO,71073,,MIDCPNIFTY,,2026-04-28,2026-04-28,12750.0,PE,MIDCPNIFTY26APR12750PE,0.0,0.0,0.0,290.7,0.0,290.7,13729.55,70.4,0,0,0,0.0,0,F1,120,,,,,
2026-02-18,2026-02-18,FO,NSE,IDO,71065,,MIDCPNIFTY,,2026-04-28,2026-04-28,12650.0,PE,MIDCPNIFTY26APR12650PE,0.0,0.0,0.0,257.6,0.0,257.6,13729.55,57.1,0,0,0,0.0,0,F1,120,,,,,
2026-02-18,2026-02-18,FO,NSE,IDO,71063,,MIDCPNIFTY,,2026-04-28,2026-04-28,12625.0,PE,MIDCPNIFTY26APR12625PE,0.0,0.0,0.0,249.75,0.0,249.75,13729.55,54.1,0,0,0,0.0,0,F1,120,,,,,
2026-02-18,2026-02-18,FO,NSE,IDO,70997,,MIDCPNIFTY,,2026-04-28,2026-04-28,12350.0,PE,MIDCPNIFTY26APR12350PE,0.0,0.0,0.0,174.3,0.0,174.3,13729.55,28.75,0,0,0,0.0,0,F1,120,,,,,
2026-02-18,2026-02-18,FO,NSE,IDO,70921,,MIDCPNIFTY,,2026-04-28,2026-04-28,12100.0,PE,MIDCPNIFTY26APR12100PE,0.0,0.0,0.0,121.35,0.0,121.35,13729.55,15.1,0,0,0,0.0,0,F1,120,,,,,
2026-02-18,2026-02-18,FO,NSE,IDO,70913,,MIDCPNIFTY,,2026-04-28,2026-04-28,12000.0,PE,MIDCPNIFTY26APR12000PE,0.0,0.0,0.0,103.95,0.0,103.95,13729.55,11.45,0,0,0,0.0,0,F1,120,,,,,
2026-02-18,2026-02-18,FO,NSE,IDO,54254,,MIDCPNIFTY,,2026-03-30,2026-03-30,14675.0,PE,MIDCPNIFTY26MAR14675PE,0.0,0.0,0.0,1102.8,0.0,1102.8,13729.55,922.45,0,0,0,0.0,0,F1,120,,,,,
2026-02-18,2026-02-18,FO,NSE,IDO,54234,,MIDCPNIFTY,,2026-03-30,2026-03-30,14425.0,PE,MIDCPNIFTY26MAR14425PE,0.0,0.0,0.0,927.35,0.0,927.35,13729.55,718.95,0,0,0,0.0,0,F1,120,,,,,
2026-02-18,2026-02-18,FO,NSE,IDO,54214,,MIDCPNIFTY,,2026-03-30,2026-03-30,14175.0,PE,MIDCPNIFTY26MAR14175PE,0.0,0.0,0.0,766.6,0.0,766.6,13729.55,537.15,0,0,0,0.0,0,F1,120,,,,,
2026-02-18,2026-02-18,FO,NSE,IDO,54208,,MIDCPNIFTY,,2026-03-30,2026-03-30,14100.0,PE,MIDCPNIFTY26MAR14100PE,0.0,0.0,0.0,721.45,0.0,721.45,13729.55,487.6,0,0,0,0.0,0,F1,120,,,,,
2026-02-18,2026-02-18,FO,NSE,IDO,54168,,MIDCPNIFTY,,2026-03-30,2026-03-30,13725.0,PE,MIDCPNIFTY26MAR13725PE,278.4,278.4,242.35,255.0,255.0,518.35,13729.55,255.0,1920,1920,23,38575200.0,15,F1,120,,,,,
2026-02-18,2026-02-18,FO,NSE,IDO,54145,,MIDCPNIFTY,,2026-03-30,2026-03-30,13500.0,PE,MIDCPNIFTY26MAR13500PE,198.55,198.55,160.2,168.2,166.0,195.5,13729.55,168.2,50040,9480,584,958397970.0,429,F1,120,,,,,
2026-02-18,2026-02-18,FO,NSE,IDO,54135,,MIDCPNIFTY,,2026-03-30,2026-03-30,13375.0,PE,MIDCPNIFTY26MAR13375PE,0.0,0.0,0.0,363.75,0.0,363.75,13729.55,145.45,0,0,0,0.0,0,F1,120,,,,,
2026-02-18,2026-02-18,FO,NSE,IDO,54203,,MIDCPNIFTY,,2026-03-30,2026-03-30,14075.0,CE,MIDCPNIFTY26MAR14075CE,0.0,0.0,0.0,441.55,0.0,441.55,13729.55,210.75,0,0,0,0.0,0,F1,120,,,,,
2026-02-18,2026-02-18,FO,NSE,IDO,54213,,MIDCPNIFTY,,2026-03-30,2026-03-30,14175.0,CE,MIDCPNIFTY26MAR14175CE,0.0,0.0,0.0,402.9,0.0,402.9,13729.55,176.9,0,0,0,0.0,0,F1,120,,,,,
2026-02-18,2026-02-18,FO,NSE,IDO,54217,,MIDCPNIFTY,,2026-03-30,2026-03-30,14225.0,CE,MIDCPNIFTY26MAR14225CE,0.0,0.0,0.0,384.55,0.0,384.55,13729.55,161.55,0,0,0,0.0,0,F1,120,,,,,
2026-02-18,2026-02-18,FO,NSE,IDO,54245,,MIDCPNIFTY,,2026-03-30,2026-03-30,14575.0,CE,MIDCPNIFTY26MAR14575CE,0.0,0.0,0.0,273.15,0.0,273.15,13729.55,80.9,0,0,0,0.0,0,F1,120,,,,,
2026-02-18,2026-02-18,FO,NSE,IDO,54247,,MIDCPNIFTY,,2026-03-30,2026-03-30,14600.0,CE,MIDCPNIFTY26MAR14600CE,0.0,0.0,0.0,266.3,0.0,266.3,13729.55,76.7,0,0,0,0.0,0,F1,120,,,,,
2026-02-18,2026-02-18,FO,NSE,IDO,54249,,MIDCPNIFTY,,2026-03-30,2026-03-30,14625.0,CE,MIDCPNIFTY26MAR14625CE,0.0,0.0,0.0,259.55,0.0,259.55,13729.55,72.7,0,0,0,0.0,0,F1,120,,,,,
2026-02-18,2026-02-18,FO,NSE,IDO,54297,,MIDCPNIFTY,,2026-03-30,2026-03-30,15200.0,CE,MIDCPNIFTY26MAR15200CE,0.0,0.0,0.0,139.0,0.0,139.0,13729.55,18.3,0,0,0,0.0,0,F1,120,,,,,
2026-02-18,2026-02-18,FO,NSE,IDO,54315,,MIDCPNIFTY,,2026-03-30,2026-03-30,15400.0,CE,MIDCPNIFTY26MAR15400CE,0.0,0.0,0.0,109.95,0.0,109.95,13729.55,10.65,0,0,0,0.0,0,F1,120,,,,,
2026-02-18,2026-02-18,FO,NSE,IDO,71070,,MIDCPNIFTY,,2026-04-28,2026-04-28,12725.0,CE,MIDCPNIFTY26APR12725CE,0.0,0.0,0.0,889.95,0.0,889.95,13729.55,1203.05,0,0,0,0.0,0,F1,120,,,,,
2026-02-18,2026-02-18,FO,NSE,IDO,71107,,MIDCPNIFTY,,2026-04-28,2026-04-28,13000.0,CE,MIDCPNIFTY26APR13000CE,0.0,0.0,0.0,722.6,0.0,722.6,13729.55,978.2,0,0,0,0.0,0,F1,120,,,,,
2026-02-18,2026-02-18,FO,NSE,IDO,71111,,MIDCPNIFTY,,2026-04-28,2026-04-28,13050.0,CE,MIDCPNIFTY26APR13050CE,0.0,0.0,0.0,694.5,0.0,694.5,13729.55,939.5,0,0,0,0.0,0,F1,120,,,,,
2026-02-18,2026-02-18,FO,NSE,IDO,71290,,MIDCPNIFTY,,2026-04-28,2026-04-28,13375.0,CE,MIDCPNIFTY26APR13375CE,0.0,0.0,0.0,529.05,0.0,529.05,13729.55,706.95,0,0,0,0.0,0,F1,120,,,,,
2026-02-18,2026-02-18,FO,NSE,IDO,71298,,MIDCPNIFTY,,2026-04-28,2026-04-28,13475.0,CE,MIDCPNIFTY26APR13475CE,0.0,0.0,0.0,484.15,0.0,484.15,13729.55,642.55,0,0,0,0.0,0,F1,120,,,,,
2026-02-18,2026-02-18,FO,NSE,IDO,71308,,MIDCPNIFTY,,2026-04-28,2026-04-28,13575.0,CE,MIDCPNIFTY26APR13575CE,0.0,0.0,0.0,442.05,0.0,442.05,13729.55,581.75,0,0,0,0.0,0,F1,120,,,,,
2026-02-18,2026-02-18,FO,NSE,IDO,71346,,MIDCPNIFTY,,2026-04-28,2026-04-28,14000.0,CE,MIDCPNIFTY26APR14000CE,0.0,0.0,0.0,292.6,0.0,292.6,13729.55,364.4,0,0,0,0.0,0,F1,120,,,,,
2026-02-18,2026-02-18,FO,NSE,IDO,71482,,MIDCPNIFTY,,2026-04-28,2026-04-28,14675.0,CE,MIDCPNIFTY26APR14675CE,0.0,0.0,0.0,139.7,0.0,139.7,13729.55,148.15,0,0,0,0.0,0,F1,120,,,,,
2026-02-18,2026-02-18,FO,NSE,IDO,71492,,MIDCPNIFTY,,2026-04-28,2026-04-28,14700.0,CE,MIDCPNIFTY26APR14700CE,0.0,0.0,0.0,135.65,0.0,135.65,13729.55,142.75,0,0,0,0.0,0,F1,120,,,,,
2026-02-18,2026-02-18,FO,NSE,IDO,71622,,MIDCPNIFTY,,2026-04-28,2026-04-28,15500.0,CE,MIDCPNIFTY26APR15500CE,0.0,0.0,0.0,49.25,0.0,49.25,13729.55,37.75,0,0,0,0.0,0,F1,120,,,,,
2026-02-18,2026-02-18,FO,NSE,IDO,62523,,MIDCPNIFTY,,2026-02-24,2026-02-24,11700.0,PE,MIDCPNIFTY26FEB11700PE,1.05,1.05,0.5,0.7,0.75,1.0,13729.55,0.7,27000,0,502,704846022.0,192,F1,120,,,,,
2026-02-18,2026-02-18,FO,NSE,IDO,62887,,MIDCPNIFTY,,2026-02-24,2026-02-24,12450.0,PE,MIDCPNIFTY26FEB12450PE,1.85,1.9,1.75,1.75,1.75,1.65,13729.55,0.05,23880,720,6,8965326.0,6,F1,120,,,,,
2026-02-18,2026-02-18,FO,NSE,IDO,63066,,MIDCPNIFTY,,2026-02-24,2026-02-24,13275.0,PE,MIDCPNIFTY26FEB13275PE,27.8,27.8,11.05,11.85,12.6,29.45,13729.55,11.85,19680,840,495,789503826.0,367,F1,120,,,,,
2026-02-18,2026-02-18,FO,NSE,IDO,63195,,MIDCPNIFTY,,2026-02-24,2026-02-24,13375.0,PE,MIDCPNIFTY26FEB13375PE,41.55,42.6,17.8,19.15,19.1,42.8,13729.55,19.15,14280,600,681,1094930010.0,597,F1,120,,,,,
2026-02-18,2026-02-18,FO,NSE,IDO,63392,,MIDCPNIFTY,,2026-02-24,2026-02-24,14075.0,PE,MIDCPNIFTY26FEB14075PE,392.05,392.05,371.9,372.15,372.15,254.75,13729.55,356.5,1440,-480,5,8672580.0,5,F1,120,,,,,
2026-02-18,2026-02-18,FO,NSE,IDO,63410,,MIDCPNIFTY,,2026-02-24,2026-02-24,14300.0,PE,MIDCPNIFTY26FEB14300PE,590.85,593.95,571.35,571.35,571.35,670.0,13729.55,562.7,2160,-120,9,16076064.0,9,F1,120,,,,,
2026-02-18,2026-02-18,FO,NSE,IDO,63412,,MIDCPNIFTY,,2026-02-24,2026-02-24,14325.0,PE,MIDCPNIFTY26FEB14325PE,0.0,0.0,0.0,752.95,0.0,752.95,13729.55,586.75,0,0,0,0.0,0,F1,120,,,,,
2026-02-18,2026-02-18,FO,NSE,IDO,63447,,MIDCPNIFTY,,2026-02-24,2026-02-24,14500.0,PE,MIDCPNIFTY26FEB14500PE,816.0,837.8,769.25,769.25,769.25,825.0,13729.55,758.35,16920,0,12,22036788.0,12,F1,120,,,,,
2026-02-18,2026-02-18,FO,NSE,IDO,63537,,MIDCPNIFTY,,2026-02-24,2026-02-24,14550.0,PE,MIDCPNIFTY26FEB14550PE,0.0,0.0,0.0,892.5,0.0,892.5,13729.55,807.9,0,0,0,0.0,0,F1,120,,,,,
2026-02-18,2026-02-18,FO,NSE,IDO,63545,,MIDCPNIFTY,,2026-02-24,2026-02-24,14650.0,PE,MIDCPNIFTY26FEB14650PE,0.0,0.0,0.0,958.4,0.0,958.4,13729.55,907.45,0,0,0,0.0,0,F1,120,,,,,
2026-02-18,2026-02-18,FO,NSE,IDO,63548,,MIDCPNIFTY,,2026-02-24,2026-02-24,14675.0,PE,MIDCPNIFTY26FEB14675PE,0.0,0.0,0.0,975.2,0.0,975.2,13729.55,932.35,0,0,0,0.0,0,F1,120,,,,,
2026-02-18,2026-02-18,FO,NSE,IDO,54001,,MIDCPNIFTY,,2026-03-30,2026-03-30,12000.0,PE,MIDCPNIFTY26MAR12000PE,16.9,16.9,11.1,13.4,13.5,17.85,13729.55,13.4,11040,1200,28,40362450.0,25,F1,120,,,,,
2026-02-18,2026-02-18,FO,NSE,IDO,54058,,MIDCPNIFTY,,2026-03-30,2026-03-30,12575.0,PE,MIDCPNIFTY26MAR12575PE,0.0,0.0,0.0,133.0,0.0,133.0,13729.55,17.95,0,0,0,0.0,0,F1,120,,,,,
2026-02-18,2026-02-18,FO,NSE,IDO,63196,,MIDCPNIFTY,,2026-02-24,2026-02-24,13400.0,CE,MIDCPNIFTY26FEB13400CE,328.85,370.55,300.0,361.55,359.45,318.5,13729.55,361.55,117480,-33360,627,1034051700.0,293,F1,120,,,,,
2026-02-18,2026-02-18,FO,NSE,IDO,63272,,MIDCPNIFTY,,2026-02-24,2026-02-24,13450.0,CE,MIDCPNIFTY26FEB13450CE,299.0,328.8,269.0,321.65,314.45,287.3,13729.55,321.65,9480,-960,40,65970228.0,39,F1,120,,,,,
2026-02-18,2026-02-18,FO,NSE,IDO,63293,,MIDCPNIFTY,,2026-02-24,2026-02-24,13600.0,CE,MIDCPNIFTY26FEB13600CE,184.0,212.45,156.95,197.4,194.0,176.0,13729.55,197.4,266280,-28440,10410,17220908478.0,8404,F1,120,,,,,
2026-02-18,2026-02-18,FO,NSE,IDO,63338,,MIDCPNIFTY,,2026-02-24,2026-02-24,13700.0,CE,MIDCPNIFTY26FEB13700CE,120.0,149.0,103.9,130.9,128.95,119.9,13729.55,130.9,970440,139560,47454,78725718246.0,36455,F1,120,,,,,
2026-02-18,2026-02-18,FO,NSE,IDO,63373,,MIDCPNIFTY,,2026-02-24,2026-02-24,13875.0,CE,MIDCPNIFTY26FEB13875CE,55.0,70.0,44.95,53.95,50.85,54.15,13729.55,53.95,54600,21360,2323,3882681594.0,2091,F1,120,,,,,
2026-02-18,2026-02-18,FO,NSE,IDO,63411,,MIDCPNIFTY,,2026-02-24,2026-02-24,14325.0,CE,MIDCPNIFTY26FEB14325CE,5.3,6.1,2.1,2.45,2.35,5.3,13729.55,2.45,8520,1080,313,538186410.0,283,F1,120,,,,,
2026-02-18,2026-02-18,FO,NSE,IDO,63565,,MIDCPNIFTY,,2026-02-24,2026-02-24,14900.0,CE,MIDCPNIFTY26FEB14900CE,1.0,1.25,0.8,1.05,1.25,1.2,13729.55,1.05,29880,-13560,413,738496554.0,188,F1,120,,,,,
2026-02-18,2026-02-18,FO,NSE,IDO,53985,,MIDCPNIFTY,,2026-03-30,2026-03-30,11900.0,CE,MIDCPNIFTY26MAR11900CE,0.0,0.0,0.0,1921.25,0.0,1921.25,13729.55,1902.4,0,0,0,0.0,0,F1,120,,,,,
2026-02-18,2026-02-18,FO,NSE,IDO,54040,,MIDCPNIFTY,,2026-03-30,2026-03-30,12400.0,CE,MIDCPNIFTY26MAR12400CE,0.0,0.0,0.0,1487.25,0.0,1487.25,13729.55,1414.0,0,0,0,0.0,0,F1,120,,,,,
2026-02-18,2026-02-18,FO,NSE,IDO,54053,,MIDCPNIFTY,,2026-03-30,2026-03-30,12550.0,CE,MIDCPNIFTY26MAR12550CE,0.0,0.0,0.0,1365.45,0.0,1365.45,13729.55,1271.5,0,0,0,0.0,0,F1,120,,,,,
2026-02-18,2026-02-18,FO,NSE,IDO,54107,,MIDCPNIFTY,,2026-03-30,2026-03-30,13125.0,CE,MIDCPNIFTY26MAR13125CE,0.0,0.0,0.0,944.75,0.0,944.75,13729.55,766.85,0,0,0,0.0,0,F1,120,,,,,
2026-02-18,2026-02-18,FO,NSE,IDO,54136,,MIDCPNIFTY,,2026-03-30,2026-03-30,13400.0,CE,MIDCPNIFTY26MAR13400CE,480.05,480.05,480.05,480.05,480.05,505.35,13729.55,563.15,120,0,1,1665606.0,1,F1,120,,,,,
2026-02-18,2026-02-18,FO,NSE,IDO,54159,,MIDCPNIFTY,,2026-03-30,2026-03-30,13675.0,CE,MIDCPNIFTY26MAR13675CE,368.5,368.5,368.45,368.45,368.45,623.05,13729.55,393.0,600,600,5,8426076.0,4,F1,120,,,,,
2026-02-18,2026-02-18,FO,NSE,IDO,54180,,MIDCPNIFTY,,2026-03-30,2026-03-30,13850.0,CE,MIDCPNIFTY26MAR13850CE,0.0,0.0,0.0,374.1,374.1,374.1,13729.55,303.8,360,0,0,0.0,0,F1,120,,,,,
2026-02-18,2026-02-18,FO,NSE,IDO,54193,,MIDCPNIFTY,,2026-03-30,2026-03-30,14000.0,CE,MIDCPNIFTY26MAR14000CE,199.9,205.0,180.0,198.15,195.0,187.8,13729.55,198.15,51120,13200,465,791965476.0,356,F1,120,,,,,
2026-02-18,2026-02-18,FO,NSE,IDO,54227,,MIDCPNIFTY,,2026-03-30,2026-03-30,14350.0,CE,MIDCPNIFTY26MAR14350CE,0.0,0.0,0.0,341.4,0.0,341.4,13729.55,127.65,0,0,0,0.0,0,F1,120,,,,,
2026-02-18,2026-02-18,FO,NSE,IDO,54257,,MIDCPNIFTY,,2026-03-30,2026-03-30,14725.0,CE,MIDCPNIFTY26MAR14725CE,0.0,0.0,0.0,46.2,46.2,46.2,13729.55,58.35,360,0,0,0.0,0,F1,120,,,,,
2026-02-18,2026-02-18,FO,NSE,IDO,54263,,MIDCPNIFTY,,2026-03-30,2026-03-30,14800.0,CE,MIDCPNIFTY26MAR14800CE,0.0,0.0,0.0,216.85,0.0,216.85,13729.55,49.2,0,0,0,0.0,0,F1,120,,,,,
2026-02-18,2026-02-18,FO,NSE,IDO,54281,,MIDCPNIFTY,,2026-03-30,2026-03-30,15000.0,CE,MIDCPNIFTY26MAR15000CE,35.05,35.05,12.55,13.25,13.25,15.0,13729.55,13.25,1560,1440,18,32433072.0,10,F1,120,,,,,
2026-02-18,2026-02-18,FO,NSE,IDO,70880,,MIDCPNIFTY,,2026-04-28,2026-04-28,11600.0,CE,MIDCPNIFTY26APR11600CE,0.0,0.0,0.0,1768.15,0.0,1768.15,13729.55,2252.85,0,0,0,0.0,0,F1,120,,,,,
2026-02-18,2026-02-18,FO,NSE,IDO,71058,,MIDCPNIFTY,,2026-04-28,2026-04-28,12575.0,CE,MIDCPNIFTY26APR12575CE,0.0,0.0,0.0,990.0,0.0,990.0,13729.55,1333.15,0,0,0,0.0,0,F1,120,,,,,
2026-02-18,2026-02-18,FO,NSE,IDO,71068,,MIDCPNIFTY,,2026-04-28,2026-04-28,12700.0,CE,MIDCPNIFTY26APR12700CE,0.0,0.0,0.0,906.2,0.0,906.2,13729.55,1224.4,0,0,0,0.0,0,F1,120,,,,,
2026-02-18,2026-02-18,FO,NSE,IDO,71314,,MIDCPNIFTY,,2026-04-28,2026-04-28,13650.0,CE,MIDCPNIFTY26APR13650CE,0.0,0.0,0.0,412.3,0.0,412.3,13729.55,538.55,0,0,0,0.0,0,F1,120,,,,,
2026-02-18,2026-02-18,FO,NSE,IDO,71320,,MIDCPNIFTY,,2026-04-28,2026-04-28,13725.0,CE,MIDCPNIFTY26APR13725CE,0.0,0.0,0.0,384.0,0.0,384.0,13729.55,497.4,0,0,0,0.0,0,F1,120,,,,,
2026-02-18,2026-02-18,FO,NSE,IDO,71333,,MIDCPNIFTY,,2026-04-28,2026-04-28,13850.0,CE,MIDCPNIFTY26APR13850CE,0.0,0.0,0.0,340.1,0.0,340.1,13729.55,433.5,0,0,0,0.0,0,F1,120,,,,,
2026-02-18,2026-02-18,FO,NSE,IDO,71336,,MIDCPNIFTY,,2026-04-28,2026-04-28,13875.0,CE,MIDCPNIFTY26APR13875CE,0.0,0.0,0.0,331.8,0.0,331.8,13729.55,421.4,0,0,0,0.0,0,F1,120,,,,,
2026-02-18,2026-02-18,FO,NSE,IDO,71348,,MIDCPNIFTY,,2026-04-28,2026-04-28,14025.0,CE,MIDCPNIFTY26APR14025CE,0.0,0.0,0.0,285.25,0.0,285.25,13729.55,353.7,0,0,0,0.0,0,F1,120,,,,,
2026-02-18,2026-02-18,FO,NSE,IDO,71388,,MIDCPNIFTY,,2026-04-28,2026-04-28,14225.0,CE,MIDCPNIFTY26APR14225CE,0.0,0.0,0.0,231.8,0.0,231.8,13729.55,275.9,0,0,0,0.0,0,F1,120,,,,,
2026-02-18,2026-02-18,FO,NSE,IDO,71392,,MIDCPNIFTY,,2026-04-28,2026-04-28,14275.0,CE,MIDCPNIFTY26APR14275CE,0.0,0.0,0.0,219.75,0.0,219.75,13729.55,258.6,0,0,0,0.0,0,F1,120,,,,,
2026-02-18,2026-02-18,FO,NSE,IDO,71414,,MIDCPNIFTY,,2026-04-28,2026-04-28,14525.0,CE,MIDCPNIFTY26APR14525CE,0.0,0.0,0.0,166.15,0.0,166.15,13729.55,184.05,0,0,0,0.0,0,F1,120,,,,,
2026-02-18,2026-02-18,FO,NSE,IDO,71469,,MIDCPNIFTY,,2026-04-28,2026-04-28,14625.0,CE,MIDCPNIFTY26APR14625CE,0.0,0.0,0.0,148.1,0.0,148.1,13729.55,159.45,0,0,0,0.0,0,F1,120,,,,,
2026-02-18,2026-02-18,FO,NSE,IDO,62846,,MIDCPNIFTY,,2026-02-24,2026-02-24,12350.0,PE,MIDCPNIFTY26FEB12350PE,1.05,1.15,1.0,1.15,1.15,1.65,13729.55,1.15,22800,480,12,17785620.0,5,F1,120,,,,,
2026-02-18,2026-02-18,FO,NSE,IDO,62967,,MIDCPNIFTY,,2026-02-24,2026-02-24,12775.0,PE,MIDCPNIFTY26FEB12775PE,0.0,0.0,0.0,4.95,4.95,4.95,13729.55,0.05,3360,0,0,0.0,0,F1,120,,,,,
2026-02-18,2026-02-18,FO,NSE,IDO,62975,,MIDCPNIFTY,,2026-02-24,2026-02-24,12800.0,PE,MIDCPNIFTY26FEB12800PE,4.45,5.0,2.0,2.4,2.9,4.8,13729.55,2.4,179760,0,4034,6197592894.0,2680,F1,120,,,,,
2026-02-18,2026-02-18,FO,NSE,IDO,63035,,MIDCPNIFTY,,2026-02-24,2026-02-24,13000.0,PE,MIDCPNIFTY26FEB13000PE,9.05,9.6,3.95,4.45,4.7,10.0,13729.55,4.45,1173360,114360,14836,23153772036.0,7434,F1,120,,,,,
2026-02-18,2026-02-18,FO,NSE,IDO,63039,,MIDCPNIFTY,,2026-02-24,2026-02-24,13050.0,PE,MIDCPNIFTY26FEB13050PE,10.85,10.85,4.4,4.95,5.4,12.15,13729.55,4.95,49800,10440,888,1391254464.0,668,F1,120,,,,,
2026-02-18,2026-02-18,FO,NSE,IDO,63288,,MIDCPNIFTY,,2026-02-24,2026-02-24,13550.0,PE,MIDCPNIFTY26FEB13550PE,84.6,84.75,42.15,45.95,45.45,87.05,13729.55,45.95,64800,480,4103,6700189338.0,3748,F1,120,,,,,
2026-02-18,2026-02-18,FO,NSE,IDO,63299,,MIDCPNIFTY,,2026-02-24,2026-02-24,13625.0,PE,MIDCPNIFTY26FEB13625PE,112.7,113.4,60.85,66.05,68.3,113.3,13729.55,66.05,41760,6360,4346,7147363344.0,4000,F1,120,,,,,
2026-02-18,2026-02-18,FO,NSE,IDO,63303,,MIDCPNIFTY,,2026-02-24,2026-02-24,13650.0,PE,MIDCPNIFTY26FEB13650PE,120.45,124.55,68.15,74.1,74.95,124.55,13729.55,74.1,137520,13440,11603,19134554718.0,9890,F1,120,,,,,
2026-02-18,2026-02-18,FO,NSE,IDO,63361,,MIDCPNIFTY,,2026-02-24,2026-02-24,13825.0,PE,MIDCPNIFTY26FEB13825PE,190.25,216.5,150.35,156.25,157.3,217.65,13729.55,156.25,7920,1080,156,261971550.0,137,F1,120,,,,,
2026-02-18,2026-02-18,FO,NSE,IDO,63406,,MIDCPNIFTY,,2026-02-24,2026-02-24,14250.0,PE,MIDCPNIFTY26FEB14250PE,0.0,0.0,0.0,415.5,415.5,415.5,13729.55,515.05,240,0,0,0.0,0,F1,120,,,,,
2026-02-18,2026-02-18,FO,NSE,IDO,63408,,MIDCPNIFTY,,2026-02-24,2026-02-24,14275.0,PE,MIDCPNIFTY26FEB14275PE,0.0,0.0,0.0,723.65,0.0,723.65,13729.55,538.75,0,0,0,0.0,0,F1,120,,,,,
2026-02-18,2026-02-18,FO,NSE,IDO,54041,,MIDCPNIFTY,,2026-03-30,2026-03-30,12400.0,PE,MIDCPNIFTY26MAR12400PE,0.0,0.0,0.0,102.25,0.0,102.25,13729.55,9.95,0,0,0,0.0,0,F1,120,,,,,
2026-02-18,2026-02-18,FO,NSE,IDO,54070,,MIDCPNIFTY,,2026-03-30,2026-03-30,12700.0,PE,MIDCPNIFTY26MAR12700PE,0.0,0.0,0.0,158.85,0.0,158.85,13729.55,26.5,0,0,0,0.0,0,F1,120,,,,,
2026-02-18,2026-02-18,FO,NSE,IDO,54083,,MIDCPNIFTY,,2026-03-30,2026-03-30,12850.0,PE,MIDCPNIFTY26MAR12850PE,0.0,0.0,0.0,195.0,0.0,195.0,13729.55,41.0,0,0,0,0.0,0,F1,120,,,,,
2026-02-18,2026-02-18,FO,NSE,IDO,54091,,MIDCPNIFTY,,2026-03-30,2026-03-30,12925.0,PE,MIDCPNIFTY26MAR12925PE,0.0,0.0,0.0,214.75,0.0,214.75,13729.55,50.3,0,0,0,0.0,0,F1,120,,,,,
2026-02-18,2026-02-18,FO,NSE,IDO,54118,,MIDCPNIFTY,,2026-03-30,2026-03-30,13225.0,PE,MIDCPNIFTY26MAR13225PE,0.0,0.0,0.0,307.9,0.0,307.9,13729.55,105.2,0,0,0,0.0,0,F1,120,,,,,
2026-02-18,2026-02-18,FO,NSE,IDO,71478,,MIDCPNIFTY,,2026-04-28,2026-04-28,14650.0,PE,MIDCPNIFTY26APR14650PE,0.0,0.0,0.0,1431.6,0.0,1431.6,13729.55,922.65,0,0,0,0.0,0,F1,120,,,,,
2026-02-18,2026-02-18,FO,NSE,IDO,71104,,MIDCPNIFTY,,2026-04-28,2026-04-28,12950.0,PE,MIDCPNIFTY26APR12950PE,0.0,0.0,0.0,365.25,0.0,365.25,13729.55,104.1,0,0,0,0.0,0,F1,120,,,,,
2026-02-18,2026-02-18,FO,NSE,IDO,71059,,MIDCPNIFTY,,2026-04-28,2026-04-28,12575.0,PE,MIDCPNIFTY26APR12575PE,0.0,0.0,0.0,234.55,0.0,234.55,13729.55,48.5,0,0,0,0.0,0,F1,120,,,,,
2026-02-18,2026-02-18,FO,NSE,IDO,54258,,MIDCPNIFTY,,2026-03-30,2026-03-30,14725.0,PE,MIDCPNIFTY26MAR14725PE,0.0,0.0,0.0,1140.15,0.0,1140.15,13729.55,965.3,0,0,0,0.0,0,F1,120,,,,,
2026-02-18,2026-02-18,FO,NSE,IDO,54224,,MIDCPNIFTY,,2026-03-30,2026-03-30,14300.0,PE,MIDCPNIFTY26MAR14300PE,0.0,0.0,0.0,845.05,0.0,845.05,13729.55,625.0,0,0,0,0.0,0,F1,120,,,,,
2026-02-18,2026-02-18,FO,NSE,IDO,54194,,MIDCPNIFTY,,2026-03-30,2026-03-30,14000.0,PE,MIDCPNIFTY26MAR14000PE,430.0,430.05,378.95,384.65,385.0,486.75,13729.55,384.65,17400,2520,95,164122866.0,88,F1,120,,,,,
2026-02-18,2026-02-18,FO,NSE,IDO,54143,,MIDCPNIFTY,,2026-03-30,2026-03-30,13475.0,PE,MIDCPNIFTY26MAR13475PE,0.0,0.0,0.0,404.45,0.0,404.45,13729.55,177.7,0,0,0,0.0,0,F1,120,,,,,
2026-02-18,2026-02-18,FO,NSE,IDO,54127,,MIDCPNIFTY,,2026-03-30,2026-03-30,13325.0,PE,MIDCPNIFTY26MAR13325PE,0.0,0.0,0.0,344.45,0.0,344.45,13729.55,130.95,0,0,0,0.0,0,F1,120,,,,,
2026-02-18,2026-02-18,FO,NSE,IDO,54124,,MIDCPNIFTY,,2026-03-30,2026-03-30,13300.0,PE,MIDCPNIFTY26MAR13300PE,0.0,0.0,0.0,335.05,0.0,335.05,13729.55,124.15,0,0,0,0.0,0,F1,120,,,,,
2026-02-18,2026-02-18,FO,NSE,IDF,66690,,MIDCPNIFTY,,2026-04-28,2026-04-28,,,MIDCPNIFTY26APRFUT,13858.05,13888.0,13794.25,13878.9,13860.05,13811.05,13729.55,13878.9,30960,-480,32,53243328.0,30,F1,120,,,,,
2026-02-18,2026-02-18,FO,NSE,IDO,62944,,MIDCPNIFTY,,2026-02-24,2026-02-24,12600.0,CE,MIDCPNIFTY26FEB12600CE,1097.95,1132.4,1097.95,1132.4,1132.4,1063.3,13729.55,1140.95,1080,0,2,3291642.0,2,F1,120,,,,,
2026-02-18,2026-02-18,FO,NSE,IDO,62952,,MIDCPNIFTY,,2026-02-24,2026-02-24,12700.0,CE,MIDCPNIFTY26FEB12700CE,1017.6,1028.2,1017.6,1028.2,1028.2,960.65,13729.55,1041.05,1080,0,2,3293496.0,2,F1,120,,,,,
2026-02-18,2026-02-18,FO,NSE,IDO,62954,,MIDCPNIFTY,,2026-02-24,2026-02-24,12725.0,CE,MIDCPNIFTY26FEB12725CE,0.0,0.0,0.0,1410.1,0.0,1410.1,13729.55,1016.1,0,0,0,0.0,0,F1,120,,,,,
2026-02-18,2026-02-18,FO,NSE,IDO,62966,,MIDCPNIFTY,,2026-02-24,2026-02-24,12775.0,CE,MIDCPNIFTY26FEB12775CE,0.0,0.0,0.0,1370.7,0.0,1370.7,13729.55,966.15,0,0,0,0.0,0,F1,120,,,,,
2026-02-18,2026-02-18,FO,NSE,IDO,63003,,MIDCPNIFTY,,2026-02-24,2026-02-24,12925.0,CE,MIDCPNIFTY26FEB12925CE,775.95,793.65,775.95,793.65,793.65,772.3,13729.55,816.55,2160,0,2,3290352.0,2,F1,120,,,,,
2026-02-18,2026-02-18,FO,NSE,IDO,63107,,MIDCPNIFTY,,2026-02-24,2026-02-24,13375.0,CE,MIDCPNIFTY26FEB13375CE,331.55,384.0,331.55,384.0,384.0,319.6,13729.55,384.25,8160,0,6,9887712.0,6,F1,120,,,,,
2026-02-18,2026-02-18,FO,NSE,IDO,63543,,MIDCPNIFTY,,2026-02-24,2026-02-24,14625.0,PE,MIDCPNIFTY26FEB14625PE,0.0,0.0,0.0,941.7,0.0,941.7,13729.55,882.55,0,0,0,0.0,0,F1,120,,,,,
2026-02-18,2026-02-18,FO,NSE,IDO,63421,,MIDCPNIFTY,,2026-02-24,2026-02-24,14400.0,PE,MIDCPNIFTY26FEB14400PE,692.95,709.55,651.5,652.45,652.75,710.75,13729.55,652.45,1440,-600,15,27142902.0,12,F1,120,,,,,
2026-02-18,2026-02-18,FO,NSE,IDO,63394,,MIDCPNIFTY,,2026-02-24,2026-02-24,14100.0,PE,MIDCPNIFTY26FEB14100PE,385.0,432.1,362.15,369.25,373.5,450.0,13729.55,369.25,11760,-3720,129,224195244.0,112,F1,120,,,,,
2026-02-18,2026-02-18,FO,NSE,IDO,63201,,MIDCPNIFTY,,2026-02-24,2026-02-24,13400.0,PE,MIDCPNIFTY26FEB13400PE,46.0,48.8,19.3,21.4,21.6,48.35,13729.55,21.4,456480,102240,14063,22661864676.0,10105,F1,120,,,,,
2026-02-18,2026-02-18,FO,NSE,IDO,63041,,MIDCPNIFTY,,2026-02-24,2026-02-24,13075.0,PE,MIDCPNIFTY26FEB13075PE,9.1,10.0,4.8,5.25,6.05,13.45,13729.55,5.25,18000,3480,373,585522972.0,323,F1,120,,,,,
2026-02-18,2026-02-18,FO,NSE,IDO,62522,,MIDCPNIFTY,,2026-02-24,2026-02-24,11700.0,CE,MIDCPNIFTY26FEB11700CE,0.0,0.0,0.0,2307.15,0.0,2307.15,13729.55,2040.1,0,0,0,0.0,0,F1,120,,,,,
2026-02-18,2026-02-18,FO,NSE,IDO,62546,,MIDCPNIFTY,,2026-02-24,2026-02-24,11800.0,CE,MIDCPNIFTY26FEB11800CE,0.0,0.0,0.0,2213.95,0.0,2213.95,13729.55,1940.2,0,0,0,0.0,0,F1,120,,,,,
2026-02-18,2026-02-18,FO,NSE,IDO,62892,,MIDCPNIFTY,,2026-02-24,2026-02-24,12525.0,CE,MIDCPNIFTY26FEB12525CE,0.0,0.0,0.0,1572.6,0.0,1572.6,13729.55,1215.85,0,0,0,0.0,0,F1,120,,,,,
2026-02-18,2026-02-18,FO,NSE,IDO,62974,,MIDCPNIFTY,,2026-02-24,2026-02-24,12800.0,CE,MIDCPNIFTY26FEB12800CE,893.65,924.9,893.65,924.9,924.9,888.75,13729.55,941.2,4800,0,3,4935546.0,3,F1,120,,,,,
2026-02-18,2026-02-18,FO,NSE,IDO,63001,,MIDCPNIFTY,,2026-02-24,2026-02-24,12900.0,CE,MIDCPNIFTY26FEB12900CE,802.3,802.3,802.3,802.3,802.3,789.05,13729.55,841.45,10200,-120,1,1644276.0,1,F1,120,,,,,
2026-02-18,2026-02-18,FO,NSE,IDO,63405,,MIDCPNIFTY,,2026-02-24,2026-02-24,14250.0,CE,MIDCPNIFTY26FEB14250CE,7.15,8.8,2.6,3.75,3.1,7.4,13729.55,3.75,17400,-10560,824,1409584872.0,628,F1,120,,,,,
2026-02-18,2026-02-18,FO,NSE,IDO,63549,,MIDCPNIFTY,,2026-02-24,2026-02-24,14700.0,CE,MIDCPNIFTY26FEB14700CE,1.4,1.75,0.75,1.1,0.8,1.8,13729.55,1.1,131880,-51840,3034,5352441282.0,1017,F1,120,,,,,
2026-02-18,2026-02-18,FO,NSE,IDO,54012,,MIDCPNIFTY,,2026-03-30,2026-03-30,12100.0,PE,MIDCPNIFTY26MAR12100PE,0.0,0.0,0.0,62.5,0.0,62.5,13729.55,3.15,0,0,0,0.0,0,F1,120,,,,,
2026-02-18,2026-02-18,FO,NSE,IDO,63695,,MIDCPNIFTY,,2026-02-24,2026-02-24,15100.0,CE,MIDCPNIFTY26FEB15100CE,1.0,1.65,0.7,0.85,0.75,1.0,13729.55,0.85,3360,600,66,119600556.0,56,F1,120,,,,,
2026-02-18,2026-02-18,FO,NSE,IDO,54032,,MIDCPNIFTY,,2026-03-30,2026-03-30,12300.0,CE,MIDCPNIFTY26MAR12300CE,0.0,0.0,0.0,1570.85,0.0,1570.85,13729.55,1510.35,0,0,0,0.0,0,F1,120,,,,,
2026-02-18,2026-02-18,FO,NSE,IDO,54069,,MIDCPNIFTY,,2026-03-30,2026-03-30,12700.0,CE,MIDCPNIFTY26MAR12700CE,1050.0,1050.0,1050.0,1050.0,1050.0,1248.3,13729.55,1132.4,120,120,1,1650000.0,1,F1,120,,,,,
2026-02-18,2026-02-18,FO,NSE,IDO,54075,,MIDCPNIFTY,,2026-03-30,2026-03-30,12775.0,CE,MIDCPNIFTY26MAR12775CE,0.0,0.0,0.0,1191.6,0.0,1191.6,13729.55,1064.45,0,0,0,0.0,0,F1,120,,,,,
2026-02-18,2026-02-18,FO,NSE,IDO,54078,,MIDCPNIFTY,,2026-03-30,2026-03-30,12800.0,CE,MIDCPNIFTY26MAR12800CE,0.0,0.0,0.0,1173.0,0.0,1173.0,13729.55,1042.05,0,0,0,0.0,0,F1,120,,,,,
2026-02-18,2026-02-18,FO,NSE,IDO,54144,,MIDCPNIFTY,,2026-03-30,2026-03-30,13500.0,CE,MIDCPNIFTY26MAR13500CE,453.2,486.75,438.55,475.75,476.0,441.9,13729.55,475.75,8400,1800,82,137413098.0,71,F1,120,,,,,
2026-02-18,2026-02-18,FO,NSE,IDO,54167,,MIDCPNIFTY,,2026-03-30,2026-03-30,13725.0,CE,MIDCPNIFTY26MAR13725CE,0.0,0.0,0.0,597.95,0.0,597.95,13729.55,366.0,0,0,0,0.0,0,F1,120,,,,,
2026-02-18,2026-02-18,FO,NSE,IDO,54174,,MIDCPNIFTY,,2026-03-30,2026-03-30,13775.0,CE,MIDCPNIFTY26MAR13775CE,312.0,312.0,312.0,312.0,312.0,573.5,13729.55,312.0,360,360,3,5071320.0,3,F1,120,,,,,
2026-02-18,2026-02-18,FO,NSE,IDO,54176,,MIDCPNIFTY,,2026-03-30,2026-03-30,13800.0,CE,MIDCPNIFTY26MAR13800CE,288.2,304.0,268.0,297.15,280.0,279.1,13729.55,297.15,22680,16440,222,375447774.0,141,F1,120,,,,,
2026-02-18,2026-02-18,FO,NSE,IDO,54205,,MIDCPNIFTY,,2026-03-30,2026-03-30,14100.0,CE,MIDCPNIFTY26MAR14100CE,0.0,0.0,0.0,431.65,0.0,431.65,13729.55,201.9,0,0,0,0.0,0,F1,120,,,,,
2026-02-18,2026-02-18,FO,NSE,IDO,54235,,MIDCPNIFTY,,2026-03-30,2026-03-30,14450.0,CE,MIDCPNIFTY26MAR14450CE,0.0,0.0,0.0,309.6,0.0,309.6,13729.55,104.75,0,0,0,0.0,0,F1,120,,,,,
2026-02-18,2026-02-18,FO,NSE,IDO,54237,,MIDCPNIFTY,,2026-03-30,2026-03-30,14475.0,CE,MIDCPNIFTY26MAR14475CE,0.0,0.0,0.0,302.05,0.0,302.05,13729.55,99.6,0,0,0,0.0,0,F1,120,,,,,
2026-02-18,2026-02-18,FO,NSE,IDO,54261,,MIDCPNIFTY,,2026-03-30,2026-03-30,14775.0,CE,MIDCPNIFTY26MAR14775CE,0.0,0.0,0.0,222.65,0.0,222.65,13729.55,52.1,0,0,0,0.0,0,F1,120,,,,,
2026-02-18,2026-02-18,FO,NSE,IDO,54307,,MIDCPNIFTY,,2026-03-30,2026-03-30,15300.0,CE,MIDCPNIFTY26MAR15300CE,0.0,0.0,0.0,123.75,0.0,123.75,13729.55,14.0,0,0,0,0.0,0,F1,120,,,,,
2026-02-18,2026-02-18,FO,NSE,IDO,70994,,MIDCPNIFTY,,2026-04-28,2026-04-28,12350.0,CE,MIDCPNIFTY26APR12350CE,0.0,0.0,0.0,1151.35,0.0,1151.35,13729.55,1536.05,0,0,0,0.0,0,F1,120,,,,,
2026-02-18,2026-02-18,FO,NSE,IDO,71066,,MIDCPNIFTY,,2026-04-28,2026-04-28,12675.0,CE,MIDCPNIFTY26APR12675CE,0.0,0.0,0.0,922.6,0.0,922.6,13729.55,1245.9,0,0,0,0.0,0,F1,120,,,,,
2026-02-18,2026-02-18,FO,NSE,IDO,71205,,MIDCPNIFTY,,2026-04-28,2026-04-28,13150.0,CE,MIDCPNIFTY26APR13150CE,0.0,0.0,0.0,640.35,0.0,640.35,13729.55,864.3,0,0,0,0.0,0,F1,120,,,,,
2026-02-18,2026-02-18,FO,NSE,IDO,71246,,MIDCPNIFTY,,2026-04-28,2026-04-28,13325.0,CE,MIDCPNIFTY26APR13325CE,0.0,0.0,0.0,552.5,0.0,552.5,13729.55,740.45,0,0,0,0.0,0,F1,120,,,,,
2026-02-18,2026-02-18,FO,NSE,IDO,71300,,MIDCPNIFTY,,2026-04-28,2026-04-28,13500.0,CE,MIDCPNIFTY26APR13500CE,0.0,0.0,0.0,473.4,0.0,473.4,13729.55,627.0,0,0,0,0.0,0,F1,120,,,,,
2026-02-18,2026-02-18,FO,NSE,IDO,71306,,MIDCPNIFTY,,2026-04-28,2026-04-28,13550.0,CE,MIDCPNIFTY26APR13550CE,0.0,0.0,0.0,452.35,0.0,452.35,13729.55,596.6,0,0,0,0.0,0,F1,120,,,,,
2026-02-18,2026-02-18,FO,NSE,IDO,71340,,MIDCPNIFTY,,2026-04-28,2026-04-28,13925.0,CE,MIDCPNIFTY26APR13925CE,0.0,0.0,0.0,315.7,0.0,315.7,13729.55,397.95,0,0,0,0.0,0,F1,120,,,,,
2026-02-18,2026-02-18,FO,NSE,IDO,71410,,MIDCPNIFTY,,2026-04-28,2026-04-28,14475.0,CE,MIDCPNIFTY26APR14475CE,0.0,0.0,0.0,175.85,0.0,175.85,13729.55,197.45,0,0,0,0.0,0,F1,120,,,,,
2026-02-18,2026-02-18,FO,NSE,IDO,71427,,MIDCPNIFTY,,2026-04-28,2026-04-28,14575.0,CE,MIDCPNIFTY26APR14575CE,0.0,0.0,0.0,156.95,0.0,156.95,13729.55,171.4,0,0,0,0.0,0,F1,120,,,,,
2026-02-18,2026-02-18,FO,NSE,IDO,71542,,MIDCPNIFTY,,2026-04-28,2026-04-28,15100.0,CE,MIDCPNIFTY26APR15100CE,0.0,0.0,0.0,83.2,0.0,83.2,13729.55,75.95,0,0,0,0.0,0,F1,120,,,,,
2026-02-18,2026-02-18,FO,NSE,IDO,63037,,MIDCPNIFTY,,2026-02-24,2026-02-24,13025.0,PE,MIDCPNIFTY26FEB13025PE,9.65,9.65,4.25,4.6,4.95,11.1,13729.55,4.6,22560,4800,550,860040636.0,458,F1,120,,,,,
2026-02-18,2026-02-18,FO,NSE,IDO,71623,,MIDCPNIFTY,,2026-04-28,2026-04-28,15500.0,PE,MIDCPNIFTY26APR15500PE,0.0,0.0,0.0,2173.95,0.0,2173.95,13729.55,1647.85,0,0,0,0.0,0,F1,120,,,,,
2026-02-18,2026-02-18,FO,NSE,IDO,71543,,MIDCPNIFTY,,2026-04-28,2026-04-28,15100.0,PE,MIDCPNIFTY26APR15100PE,0.0,0.0,0.0,1814.05,0.0,1814.05,13729.55,1290.2,0,0,0,0.0,0,F1,120,,,,,
2026-02-18,2026-02-18,FO,NSE,IDO,71470,,MIDCPNIFTY,,2026-04-28,2026-04-28,14625.0,PE,MIDCPNIFTY26APR14625PE,0.0,0.0,0.0,1411.25,0.0,1411.25,13729.55,903.6,0,0,0,0.0,0,F1,120,,,,,
2026-02-18,2026-02-18,FO,NSE,IDO,71397,,MIDCPNIFTY,,2026-04-28,2026-04-28,14325.0,PE,MIDCPNIFTY26APR14325PE,0.0,0.0,0.0,1175.95,0.0,1175.95,13729.55,689.4,0,0,0,0.0,0,F1,120,,,,,
2026-02-18,2026-02-18,FO,NSE,IDO,71357,,MIDCPNIFTY,,2026-04-28,2026-04-28,14075.0,PE,MIDCPNIFTY26APR14075PE,0.0,0.0,0.0,992.45,0.0,992.45,13729.55,532.8,0,0,0,0.0,0,F1,120,,,,,
2026-02-18,2026-02-18,FO,NSE,IDO,71325,,MIDCPNIFTY,,2026-04-28,2026-04-28,13775.0,PE,MIDCPNIFTY26APR13775PE,0.0,0.0,0.0,792.1,0.0,792.1,13729.55,374.15,0,0,0,0.0,0,F1,120,,,,,
2026-02-18,2026-02-18,FO,NSE,IDO,71315,,MIDCPNIFTY,,2026-04-28,2026-04-28,13650.0,PE,MIDCPNIFTY26APR13650PE,0.0,0.0,0.0,715.35,0.0,715.35,13729.55,317.8,0,0,0,0.0,0,F1,120,,,,,
2026-02-18,2026-02-18,FO,NSE,IDO,71271,,MIDCPNIFTY,,2026-04-28,2026-04-28,13350.0,PE,MIDCPNIFTY26APR13350PE,0.0,0.0,0.0,548.35,0.0,548.35,13729.55,205.95,0,0,0,0.0,0,F1,120,,,,,
2026-02-18,2026-02-18,FO,NSE,IDO,71266,,MIDCPNIFTY,,2026-04-28,2026-04-28,13325.0,PE,MIDCPNIFTY26APR13325PE,0.0,0.0,0.0,535.55,0.0,535.55,13729.55,198.05,0,0,0,0.0,0,F1,120,,,,,
2026-02-18,2026-02-18,FO,NSE,IDO,71222,,MIDCPNIFTY,,2026-04-28,2026-04-28,13300.0,PE,MIDCPNIFTY26APR13300PE,0.0,0.0,0.0,522.95,0.0,522.95,13729.55,190.4,0,0,0,0.0,0,F1,120,,,,,
2026-02-18,2026-02-18,FO,NSE,IDO,71077,,MIDCPNIFTY,,2026-04-28,2026-04-28,12800.0,PE,MIDCPNIFTY26APR12800PE,0.0,0.0,0.0,308.3,0.0,308.3,13729.55,77.9,0,0,0,0.0,0,F1,120,,,,,
2026-02-18,2026-02-18,FO,NSE,IDO,54282,,MIDCPNIFTY,,2026-03-30,2026-03-30,15000.0,PE,MIDCPNIFTY26MAR15000PE,0.0,0.0,0.0,1350.65,0.0,1350.65,13729.55,1210.8,0,0,0,0.0,0,F1,120,,,,,
2026-02-18,2026-02-18,FO,NSE,IDO,54274,,MIDCPNIFTY,,2026-03-30,2026-03-30,14900.0,PE,MIDCPNIFTY26MAR14900PE,0.0,0.0,0.0,1272.3,0.0,1272.3,13729.55,1119.8,0,0,0,0.0,0,F1,120,,,,,
2026-02-18,2026-02-18,FO,NSE,IDO,54248,,MIDCPNIFTY,,2026-03-30,2026-03-30,14600.0,PE,MIDCPNIFTY26MAR14600PE,0.0,0.0,0.0,1048.7,0.0,1048.7,13729.55,859.45,0,0,0,0.0,0,F1,120,,,,,
2026-02-18,2026-02-18,FO,NSE,IDO,54244,,MIDCPNIFTY,,2026-03-30,2026-03-30,14550.0,PE,MIDCPNIFTY26MAR14550PE,0.0,0.0,0.0,1013.3,0.0,1013.3,13729.55,818.3,0,0,0,0.0,0,F1,120,,,,,
2026-02-18,2026-02-18,FO,NSE,IDO,54228,,MIDCPNIFTY,,2026-03-30,2026-03-30,14350.0,PE,MIDCPNIFTY26MAR14350PE,0.0,0.0,0.0,877.5,0.0,877.5,13729.55,661.85,0,0,0,0.0,0,F1,120,,,,,
2026-02-18,2026-02-18,FO,NSE,IDO,54190,,MIDCPNIFTY,,2026-03-30,2026-03-30,13950.0,PE,MIDCPNIFTY26MAR13950PE,0.0,0.0,0.0,296.25,296.25,296.25,13729.55,396.1,720,0,0,0.0,0,F1,120,,,,,
2026-02-18,2026-02-18,FO,NSE,IDO,54095,,MIDCPNIFTY,,2026-03-30,2026-03-30,12975.0,PE,MIDCPNIFTY26MAR12975PE,0.0,0.0,0.0,228.15,0.0,228.15,13729.55,57.4,0,0,0,0.0,0,F1,120,,,,,
2026-02-18,2026-02-18,FO,NSE,IDO,54062,,MIDCPNIFTY,,2026-03-30,2026-03-30,12625.0,PE,MIDCPNIFTY26MAR12625PE,0.0,0.0,0.0,142.95,0.0,142.95,13729.55,21.05,0,0,0,0.0,0,F1,120,,,,,
2026-02-18,2026-02-18,FO,NSE,IDO,54060,,MIDCPNIFTY,,2026-03-30,2026-03-30,12600.0,PE,MIDCPNIFTY26MAR12600PE,0.0,0.0,0.0,137.9,0.0,137.9,13729.55,19.45,0,0,0,0.0,0,F1,120,,,,,
2026-02-18,2026-02-18,FO,NSE,IDO,63566,,MIDCPNIFTY,,2026-02-24,2026-02-24,14900.0,PE,MIDCPNIFTY26FEB14900PE,0.0,0.0,0.0,1132.85,0.0,1132.85,13729.55,1157.0,0,0,0,0.0,0,F1,120,,,,,
2026-02-18,2026-02-18,FO,NSE,IDO,62891,,MIDCPNIFTY,,2026-02-24,2026-02-24,12500.0,PE,MIDCPNIFTY26FEB12500PE,2.5,2.5,1.25,1.75,1.65,2.5,13729.55,1.75,461520,-31320,2558,3837538182.0,1096,F1,120,,,,,
2026-02-18,2026-02-18,FO,NSE,IDO,62835,,MIDCPNIFTY,,2026-02-24,2026-02-24,12275.0,PE,MIDCPNIFTY26FEB12275PE,1.3,1.3,0.6,0.75,0.8,1.1,13729.55,0.75,3120,-600,14,20623728.0,10,F1,120,,,,,
2026-02-18,2026-02-18,FO,NSE,IDO,62726,,MIDCPNIFTY,,2026-02-24,2026-02-24,11900.0,PE,MIDCPNIFTY26FEB11900PE,0.95,0.95,0.55,0.75,0.65,1.1,13729.55,0.75,81720,-2280,272,388437288.0,91,F1,120,,,,,
2026-02-18,2026-02-18,FO,NSE,IDO,62547,,MIDCPNIFTY,,2026-02-24,2026-02-24,11800.0,PE,MIDCPNIFTY26FEB11800PE,1.05,1.05,0.4,0.7,0.75,1.05,13729.55,0.7,146400,120,564,798663942.0,144,F1,120,,,,,
2026-02-18,2026-02-18,FO,NSE,IDO,63096,,MIDCPNIFTY,,2026-02-24,2026-02-24,13325.0,PE,MIDCPNIFTY26FEB13325PE,33.7,33.9,13.85,14.8,14.9,35.7,13729.55,14.8,15240,-720,528,845531028.0,420,F1,120,,,,,
2026-02-18,2026-02-18,FO,NSE,IDO,63353,,MIDCPNIFTY,,2026-02-24,2026-02-24,13750.0,PE,MIDCPNIFTY26FEB13750PE,176.4,177.45,107.55,114.9,115.25,176.4,13729.55,114.9,57480,32880,6888,11477200080.0,5290,F1,120,,,,,
2026-02-18,2026-02-18,FO,NSE,IDO,63374,,MIDCPNIFTY,,2026-02-24,2026-02-24,13875.0,PE,MIDCPNIFTY26FEB13875PE,202.0,237.25,182.25,186.55,190.25,254.6,13729.55,186.55,10920,480,28,47325828.0,17,F1,120,,,,,
2026-02-18,2026-02-18,FO,NSE,IDO,63396,,MIDCPNIFTY,,2026-02-24,2026-02-24,14125.0,PE,MIDCPNIFTY26FEB14125PE,0.0,0.0,0.0,448.25,448.25,448.25,13729.55,400.15,1440,0,0,0.0,0,F1,120,,,,,
2026-02-18,2026-02-18,FO,NSE,IDO,63556,,MIDCPNIFTY,,2026-02-24,2026-02-24,14775.0,PE,MIDCPNIFTY26FEB14775PE,0.0,0.0,0.0,1043.9,0.0,1043.9,13729.55,1032.15,0,0,0,0.0,0,F1,120,,,,,
2026-02-18,2026-02-18,FO,NSE,IDO,63780,,MIDCPNIFTY,,2026-02-24,2026-02-24,15500.0,PE,MIDCPNIFTY26FEB15500PE,0.0,0.0,0.0,1600.0,1600.0,1600.0,13729.55,1756.45,0,0,0,0.0,0,F1,120,,,,,
2026-02-18,2026-02-18,FO,NSE,IDO,54116,,MIDCPNIFTY,,2026-03-30,2026-03-30,13200.0,PE,MIDCPNIFTY26MAR13200PE,0.0,0.0,0.0,299.15,0.0,299.15,13729.55,99.4,0,0,0,0.0,0,F1,120,,,,,
2026-02-18,2026-02-18,FO,NSE,IDO,54153,,MIDCPNIFTY,,2026-03-30,2026-03-30,13600.0,PE,MIDCPNIFTY26MAR13600PE,211.4,234.25,197.0,200.35,203.95,232.05,13729.55,200.35,18000,17880,239,396137214.0,145,F1,120,,,,,
2026-02-18,2026-02-18,FO,NSE,IDO,54162,,MIDCPNIFTY,,2026-03-30,2026-03-30,13700.0,PE,MIDCPNIFTY26MAR13700PE,278.65,278.65,232.65,240.1,240.0,278.65,13729.55,240.1,12960,8760,271,453655602.0,206,F1,120,,,,,
2026-02-18,2026-02-18,FO,NSE,IDO,71567,,MIDCPNIFTY,,2026-04-28,2026-04-28,15300.0,PE,MIDCPNIFTY26APR15300PE,0.0,0.0,0.0,1992.05,0.0,1992.05,13729.55,1466.2,0,0,0,0.0,0,F1,120,,,,,
2026-02-18,2026-02-18,FO,NSE,IDO,71509,,MIDCPNIFTY,,2026-04-28,2026-04-28,14800.0,PE,MIDCPNIFTY26APR14800PE,0.0,0.0,0.0,1555.9,0.0,1555.9,13729.55,1040.1,0,0,0,0.0,0,F1,120,,,,,
2026-02-18,2026-02-18,FO,NSE,IDO,71493,,MIDCPNIFTY,,2026-04-28,2026-04-28,14700.0,PE,MIDCPNIFTY26APR14700PE,0.0,0.0,0.0,1472.65,0.0,1472.65,13729.55,961.15,0,0,0,0.0,0,F1,120,,,,,
2026-02-18,2026-02-18,FO,NSE,IDO,71453,,MIDCPNIFTY,,2026-04-28,2026-04-28,14600.0,PE,MIDCPNIFTY26APR14600PE,0.0,0.0,0.0,1391.0,0.0,1391.0,13729.55,884.75,0,0,0,0.0,0,F1,120,,,,,
2026-02-18,2026-02-18,FO,NSE,IDO,62505,,MIDCPNIFTY,,2026-02-24,2026-02-24,11600.0,PE,MIDCPNIFTY26FEB11600PE,0.95,1.0,0.45,0.75,0.55,1.15,13729.55,0.75,110040,-52080,1050,1461680460.0,297,F1,120,,,,,
2026-02-18,2026-02-18,FO,NSE,IDO,71358,,MIDCPNIFTY,,2026-04-28,2026-04-28,14100.0,CE,MIDCPNIFTY26APR14100CE,0.0,0.0,0.0,263.95,0.0,263.95,13729.55,322.9,0,0,0,0.0,0,F1,120,,,,,
2026-02-18,2026-02-18,FO,NSE,IDO,71326,,MIDCPNIFTY,,2026-04-28,2026-04-28,13800.0,CE,MIDCPNIFTY26APR13800CE,0.0,0.0,0.0,357.2,0.0,357.2,13729.55,458.4,0,0,0,0.0,0,F1,120,,,,,
2026-02-18,2026-02-18,FO,NSE,IDO,71207,,MIDCPNIFTY,,2026-04-28,2026-04-28,13175.0,CE,MIDCPNIFTY26APR13175CE,0.0,0.0,0.0,627.3,0.0,627.3,13729.55,846.0,0,0,0,0.0,0,F1,120,,,,,
2026-02-18,2026-02-18,FO,NSE,IDO,71117,,MIDCPNIFTY,,2026-04-28,2026-04-28,13100.0,CE,MIDCPNIFTY26APR13100CE,0.0,0.0,0.0,667.05,0.0,667.05,13729.55,901.5,0,0,0,0.0,0,F1,120,,,,,
2026-02-18,2026-02-18,FO,NSE,IDO,71074,,MIDCPNIFTY,,2026-04-28,2026-04-28,12775.0,CE,MIDCPNIFTY26APR12775CE,0.0,0.0,0.0,857.95,0.0,857.95,13729.55,1160.75,0,0,0,0.0,0,F1,120,,,,,
2026-02-18,2026-02-18,FO,NSE,IDO,71056,,MIDCPNIFTY,,2026-04-28,2026-04-28,12550.0,CE,MIDCPNIFTY26APR12550CE,0.0,0.0,0.0,1007.25,0.0,1007.25,13729.55,1355.25,0,0,0,0.0,0,F1,120,,,,,
2026-02-18,2026-02-18,FO,NSE,IDO,70930,,MIDCPNIFTY,,2026-04-28,2026-04-28,12200.0,CE,MIDCPNIFTY26APR12200CE,0.0,0.0,0.0,1265.6,0.0,1265.6,13729.55,1675.45,0,0,0,0.0,0,F1,120,,,,,
2026-02-18,2026-02-18,FO,NSE,IDO,54251,,MIDCPNIFTY,,2026-03-30,2026-03-30,14650.0,CE,MIDCPNIFTY26MAR14650CE,0.0,0.0,0.0,252.95,0.0,252.95,13729.55,68.85,0,0,0,0.0,0,F1,120,,,,,
2026-02-18,2026-02-18,FO,NSE,IDO,54241,,MIDCPNIFTY,,2026-03-30,2026-03-30,14525.0,CE,MIDCPNIFTY26MAR14525CE,0.0,0.0,0.0,287.3,0.0,287.3,13729.55,89.85,0,0,0,0.0,0,F1,120,,,,,
2026-02-18,2026-02-18,FO,NSE,IDO,54239,,MIDCPNIFTY,,2026-03-30,2026-03-30,14500.0,CE,MIDCPNIFTY26MAR14500CE,59.0,64.9,51.1,57.55,55.5,58.95,13729.55,57.55,40800,17760,535,934560456.0,271,F1,120,,,,,
2026-02-18,2026-02-18,FO,NSE,IDO,54229,,MIDCPNIFTY,,2026-03-30,2026-03-30,14375.0,CE,MIDCPNIFTY26MAR14375CE,0.0,0.0,0.0,333.2,0.0,333.2,13729.55,121.6,0,0,0,0.0,0,F1,120,,,,,
2026-02-18,2026-02-18,FO,NSE,IDO,71330,,MIDCPNIFTY,,2026-04-28,2026-04-28,13800.0,PE,MIDCPNIFTY26APR13800PE,0.0,0.0,0.0,807.95,0.0,807.95,13729.55,386.1,0,0,0,0.0,0,F1,120,,,,,
2026-02-18,2026-02-18,FO,NSE,IDO,71301,,MIDCPNIFTY,,2026-04-28,2026-04-28,13500.0,PE,MIDCPNIFTY26APR13500PE,0.0,0.0,0.0,628.75,0.0,628.75,13729.55,257.85,0,0,0,0.0,0,F1,120,,,,,
2026-02-18,2026-02-18,FO,NSE,IDF,59181,,MIDCPNIFTY,,2026-02-24,2026-02-24,,,MIDCPNIFTY26FEBFUT,13714.0,13754.8,13653.95,13740.55,13735.1,13671.3,13729.55,13740.55,2258760,98040,4190,6898022370.0,3641,F1,120,,,,,
2026-02-18,2026-02-18,FO,NSE,IDO,62496,,MIDCPNIFTY,,2026-02-24,2026-02-24,11500.0,CE,MIDCPNIFTY26FEB11500CE,0.0,0.0,0.0,2495.9,0.0,2495.9,13729.55,2239.95,0,0,0,0.0,0,F1,120,,,,,
2026-02-18,2026-02-18,FO,NSE,IDO,54192,,MIDCPNIFTY,,2026-03-30,2026-03-30,13975.0,PE,MIDCPNIFTY26MAR13975PE,0.0,0.0,0.0,649.5,0.0,649.5,13729.55,410.65,0,0,0,0.0,0,F1,120,,,,,
2026-02-18,2026-02-18,FO,NSE,IDO,54218,,MIDCPNIFTY,,2026-03-30,2026-03-30,14225.0,PE,MIDCPNIFTY26MAR14225PE,0.0,0.0,0.0,797.5,0.0,797.5,13729.55,571.5,0,0,0,0.0,0,F1,120,,,,,
2026-02-18,2026-02-18,FO,NSE,IDO,54256,,MIDCPNIFTY,,2026-03-30,2026-03-30,14700.0,PE,MIDCPNIFTY26MAR14700PE,0.0,0.0,0.0,1121.1,0.0,1121.1,13729.55,943.8,0,0,0,0.0,0,F1,120,,,,,
2026-02-18,2026-02-18,FO,NSE,IDO,70881,,MIDCPNIFTY,,2026-04-28,2026-04-28,11600.0,PE,MIDCPNIFTY26APR11600PE,0.0,0.0,0.0,52.6,0.0,52.6,13729.55,3.35,0,0,0,0.0,0,F1,120,,,,,
2026-02-18,2026-02-18,FO,NSE,IDO,71051,,MIDCPNIFTY,,2026-04-28,2026-04-28,12475.0,PE,MIDCPNIFTY26APR12475PE,0.0,0.0,0.0,206.65,0.0,206.65,13729.55,38.7,0,0,0,0.0,0,F1,120,,,,,
2026-02-18,2026-02-18,FO,NSE,IDO,71067,,MIDCPNIFTY,,2026-04-28,2026-04-28,12675.0,PE,MIDCPNIFTY26APR12675PE,0.0,0.0,0.0,265.6,0.0,265.6,13729.55,60.2,0,0,0,0.0,0,F1,120,,,,,
2026-02-18,2026-02-18,FO,NSE,IDO,71071,,MIDCPNIFTY,,2026-04-28,2026-04-28,12725.0,PE,MIDCPNIFTY26APR12725PE,0.0,0.0,0.0,282.15,0.0,282.15,13729.55,66.85,0,0,0,0.0,0,F1,120,,,,,
2026-02-18,2026-02-18,FO,NSE,IDO,71106,,MIDCPNIFTY,,2026-04-28,2026-04-28,12975.0,PE,MIDCPNIFTY26APR12975PE,0.0,0.0,0.0,375.35,0.0,375.35,13729.55,109.05,0,0,0,0.0,0,F1,120,,,,,
2026-02-18,2026-02-18,FO,NSE,IDO,71112,,MIDCPNIFTY,,2026-04-28,2026-04-28,13050.0,PE,MIDCPNIFTY26APR13050PE,0.0,0.0,0.0,406.75,0.0,406.75,13729.55,124.95,0,0,0,0.0,0,F1,120,,,,,
2026-02-18,2026-02-18,FO,NSE,IDO,54172,,MIDCPNIFTY,,2026-03-30,2026-03-30,13750.0,CE,MIDCPNIFTY26MAR13750CE,0.0,0.0,0.0,585.65,0.0,585.65,13729.55,352.95,0,0,0,0.0,0,F1,120,,,,,
2026-02-18,2026-02-18,FO,NSE,IDO,54121,,MIDCPNIFTY,,2026-03-30,2026-03-30,13275.0,CE,MIDCPNIFTY26MAR13275CE,0.0,0.0,0.0,848.8,0.0,848.8,13729.55,651.9,0,0,0,0.0,0,F1,120,,,,,
2026-02-18,2026-02-18,FO,NSE,IDO,54096,,MIDCPNIFTY,,2026-03-30,2026-03-30,13000.0,CE,MIDCPNIFTY26MAR13000CE,866.05,866.05,820.6,845.0,845.0,866.05,13729.55,868.9,3720,0,6,9962892.0,6,F1,120,,,,,
2026-02-18,2026-02-18,FO,NSE,IDO,54082,,MIDCPNIFTY,,2026-03-30,2026-03-30,12850.0,CE,MIDCPNIFTY26MAR12850CE,0.0,0.0,0.0,1136.7,0.0,1136.7,13729.55,997.75,0,0,0,0.0,0,F1,120,,,,,
2026-02-18,2026-02-18,FO,NSE,IDO,54059,,MIDCPNIFTY,,2026-03-30,2026-03-30,12600.0,CE,MIDCPNIFTY26MAR12600CE,0.0,0.0,0.0,1325.85,0.0,1325.85,13729.55,1224.7,0,0,0,0.0,0,F1,120,,,,,
2026-02-18,2026-02-18,FO,NSE,IDO,54036,,MIDCPNIFTY,,2026-03-30,2026-03-30,12350.0,CE,MIDCPNIFTY26MAR12350CE,0.0,0.0,0.0,1528.8,0.0,1528.8,13729.55,1462.05,0,0,0,0.0,0,F1,120,,,,,
2026-02-18,2026-02-18,FO,NSE,IDO,63399,,MIDCPNIFTY,,2026-02-24,2026-02-24,14175.0,CE,MIDCPNIFTY26FEB14175CE,11.05,13.5,5.3,6.2,5.35,10.15,13729.55,6.2,12960,-6480,533,907132212.0,385,F1,120,,,,,
2026-02-18,2026-02-18,FO,NSE,IDO,63298,,MIDCPNIFTY,,2026-02-24,2026-02-24,13625.0,CE,MIDCPNIFTY26FEB13625CE,157.35,195.4,142.5,180.3,177.9,161.5,13729.55,180.3,22920,-14160,1508,2495707704.0,1151,F1,120,,,,,
2026-02-18,2026-02-18,FO,NSE,IDO,63038,,MIDCPNIFTY,,2026-02-24,2026-02-24,13050.0,CE,MIDCPNIFTY26FEB13050CE,0.0,0.0,0.0,665.4,665.4,665.4,13729.55,692.55,15960,0,0,0.0,0,F1,120,,,,,
2026-02-18,2026-02-18,FO,NSE,IDO,63034,,MIDCPNIFTY,,2026-02-24,2026-02-24,13000.0,CE,MIDCPNIFTY26FEB13000CE,684.3,754.1,670.0,748.35,738.0,684.25,13729.55,748.35,301920,-1440,136,223845966.0,109,F1,120,,,,,
2026-02-18,2026-02-18,FO,NSE,IDO,62845,,MIDCPNIFTY,,2026-02-24,2026-02-24,12350.0,CE,MIDCPNIFTY26FEB12350CE,0.0,0.0,0.0,1720.6,0.0,1720.6,13729.55,1390.7,0,0,0,0.0,0,F1,120,,,,,
2026-02-18,2026-02-18,FO,NSE,IDO,71208,,MIDCPNIFTY,,2026-04-28,2026-04-28,13175.0,PE,MIDCPNIFTY26APR13175PE,0.0,0.0,0.0,462.65,0.0,462.65,13729.55,155.2,0,0,0,0.0,0,F1,120,,,,,
2026-02-18,2026-02-18,FO,NSE,IDO,71295,,MIDCPNIFTY,,2026-04-28,2026-04-28,13425.0,PE,MIDCPNIFTY26APR13425PE,0.0,0.0,0.0,587.75,0.0,587.75,13729.55,230.9,0,0,0,0.0,0,F1,120,,,,,
2026-02-18,2026-02-18,FO,NSE,IDO,63047,,MIDCPNIFTY,,2026-02-24,2026-02-24,13150.0,PE,MIDCPNIFTY26FEB13150PE,16.55,16.6,6.3,6.95,6.95,17.45,13729.55,6.95,59400,21360,1826,2883376068.0,1218,F1,120,,,,,
2026-02-18,2026-02-18,FO,NSE,IDO,63006,,MIDCPNIFTY,,2026-02-24,2026-02-24,12950.0,PE,MIDCPNIFTY26FEB12950PE,7.55,7.6,3.25,3.65,4.0,8.5,13729.55,3.65,36960,12120,840,1305817800.0,603,F1,120,,,,,
2026-02-18,2026-02-18,FO,NSE,IDO,62896,,MIDCPNIFTY,,2026-02-24,2026-02-24,12575.0,CE,MIDCPNIFTY26FEB12575CE,0.0,0.0,0.0,1089.5,1089.5,1089.5,13729.55,1165.9,360,0,0,0.0,0,F1,120,,,,,
2026-02-18,2026-02-18,FO,NSE,IDO,62504,,MIDCPNIFTY,,2026-02-24,2026-02-24,11600.0,CE,MIDCPNIFTY26FEB11600CE,0.0,0.0,0.0,2401.15,0.0,2401.15,13729.55,2140.05,0,0,0,0.0,0,F1,120,,,,,
2026-02-18,2026-02-18,FO,NSE,IDO,54037,,MIDCPNIFTY,,2026-03-30,2026-03-30,12350.0,PE,MIDCPNIFTY26MAR12350PE,0.0,0.0,0.0,94.55,0.0,94.55,13729.55,8.3,0,0,0,0.0,0,F1,120,,,,,
2026-02-18,2026-02-18,FO,NSE,IDO,71581,,MIDCPNIFTY,,2026-04-28,2026-04-28,15400.0,PE,MIDCPNIFTY26APR15400PE,0.0,0.0,0.0,2082.6,0.0,2082.6,13729.55,1556.4,0,0,0,0.0,0,F1,120,,,,,
2026-02-18,2026-02-18,FO,NSE,IDO,71361,,MIDCPNIFTY,,2026-04-28,2026-04-28,14125.0,PE,MIDCPNIFTY26APR14125PE,0.0,0.0,0.0,1027.9,0.0,1027.9,13729.55,562.4,0,0,0,0.0,0,F1,120,,,,,
2026-02-18,2026-02-18,FO,NSE,IDO,71345,,MIDCPNIFTY,,2026-04-28,2026-04-28,13975.0,PE,MIDCPNIFTY26APR13975PE,0.0,0.0,0.0,923.25,0.0,923.25,13729.55,476.25,0,0,0,0.0,0,F1,120,,,,,
2026-02-18,2026-02-18,FO,NSE,IDO,71311,,MIDCPNIFTY,,2026-04-28,2026-04-28,13600.0,PE,MIDCPNIFTY26APR13600PE,0.0,0.0,0.0,685.8,0.0,685.8,13729.55,296.9,0,0,0,0.0,0,F1,120,,,,,
2026-02-18,2026-02-18,FO,NSE,IDO,71305,,MIDCPNIFTY,,2026-04-28,2026-04-28,13525.0,PE,MIDCPNIFTY26APR13525PE,0.0,0.0,0.0,642.75,0.0,642.75,13729.55,267.25,0,0,0,0.0,0,F1,120,,,,,
2026-02-18,2026-02-18,FO,NSE,IDO,71110,,MIDCPNIFTY,,2026-04-28,2026-04-28,13025.0,PE,MIDCPNIFTY26APR13025PE,0.0,0.0,0.0,396.1,0.0,396.1,13729.55,119.45,0,0,0,0.0,0,F1,120,,,,,
2026-02-18,2026-02-18,FO,NSE,IDO,71055,,MIDCPNIFTY,,2026-04-28,2026-04-28,12525.0,PE,MIDCPNIFTY26APR12525PE,0.0,0.0,0.0,219.95,0.0,219.95,13729.55,43.4,0,0,0,0.0,0,F1,120,,,,,
2026-02-18,2026-02-18,FO,NSE,IDO,54264,,MIDCPNIFTY,,2026-03-30,2026-03-30,14800.0,PE,MIDCPNIFTY26MAR14800PE,0.0,0.0,0.0,1196.3,0.0,1196.3,13729.55,1030.7,0,0,0,0.0,0,F1,120,,,,,
2026-02-18,2026-02-18,FO,NSE,IDO,54252,,MIDCPNIFTY,,2026-03-30,2026-03-30,14650.0,PE,MIDCPNIFTY26MAR14650PE,0.0,0.0,0.0,1084.65,0.0,1084.65,13729.55,901.25,0,0,0,0.0,0,F1,120,,,,,
2026-02-18,2026-02-18,FO,NSE,IDO,54250,,MIDCPNIFTY,,2026-03-30,2026-03-30,14625.0,PE,MIDCPNIFTY26MAR14625PE,0.0,0.0,0.0,1066.6,0.0,1066.6,13729.55,880.25,0,0,0,0.0,0,F1,120,,,,,
2026-02-18,2026-02-18,FO,NSE,IDO,54242,,MIDCPNIFTY,,2026-03-30,2026-03-30,14525.0,PE,MIDCPNIFTY26MAR14525PE,0.0,0.0,0.0,995.85,0.0,995.85,13729.55,798.0,0,0,0,0.0,0,F1,120,,,,,
2026-02-18,2026-02-18,FO,NSE,IDO,54201,,MIDCPNIFTY,,2026-03-30,2026-03-30,14050.0,PE,MIDCPNIFTY26MAR14050PE,0.0,0.0,0.0,692.2,0.0,692.2,13729.55,455.95,0,0,0,0.0,0,F1,120,,,,,
2026-02-18,2026-02-18,FO,NSE,IDO,54183,,MIDCPNIFTY,,2026-03-30,2026-03-30,13875.0,PE,MIDCPNIFTY26MAR13875PE,0.0,0.0,0.0,594.95,0.0,594.95,13729.55,354.3,0,0,0,0.0,0,F1,120,,,,,
2026-02-18,2026-02-18,FO,NSE,IDO,54181,,MIDCPNIFTY,,2026-03-30,2026-03-30,13850.0,PE,MIDCPNIFTY26MAR13850PE,0.0,0.0,0.0,251.8,256.5,251.8,13729.55,341.0,240,0,0,0.0,0,F1,120,,,,,
2026-02-18,2026-02-18,FO,NSE,IDO,54137,,MIDCPNIFTY,,2026-03-30,2026-03-30,13400.0,PE,MIDCPNIFTY26MAR13400PE,167.05,167.05,136.85,139.8,144.25,167.05,13729.55,139.8,5520,3120,99,160917510.0,67,F1,120,,,,,
2026-02-18,2026-02-18,FO,NSE,IDO,54051,,MIDCPNIFTY,,2026-03-30,2026-03-30,12525.0,PE,MIDCPNIFTY26MAR12525PE,0.0,0.0,0.0,123.6,0.0,123.6,13729.55,15.25,0,0,0,0.0,0,F1,120,,,,,
2026-02-18,2026-02-18,FO,NSE,IDO,54047,,MIDCPNIFTY,,2026-03-30,2026-03-30,12475.0,PE,MIDCPNIFTY26MAR12475PE,0.0,0.0,0.0,114.7,0.0,114.7,13729.55,12.9,0,0,0,0.0,0,F1,120,,,,,
2026-02-18,2026-02-18,FO,NSE,IDO,63788,,MIDCPNIFTY,,2026-02-24,2026-02-24,15600.0,PE,MIDCPNIFTY26FEB15600PE,0.0,0.0,0.0,1950.0,1950.0,1950.0,13729.55,1856.35,0,0,0,0.0,0,F1,120,,,,,
2026-02-18,2026-02-18,FO,NSE,IDO,63560,,MIDCPNIFTY,,2026-02-24,2026-02-24,14825.0,PE,MIDCPNIFTY26FEB14825PE,0.0,0.0,0.0,1079.1,0.0,1079.1,13729.55,1082.1,0,0,0,0.0,0,F1,120,,,,,
2026-02-18,2026-02-18,FO,NSE,IDO,63558,,MIDCPNIFTY,,2026-02-24,2026-02-24,14800.0,PE,MIDCPNIFTY26FEB14800PE,0.0,0.0,0.0,1061.45,0.0,1061.45,13729.55,1057.1,0,0,0,0.0,0,F1,120,,,,,
2026-02-18,2026-02-18,FO,NSE,IDO,63552,,MIDCPNIFTY,,2026-02-24,2026-02-24,14725.0,PE,MIDCPNIFTY26FEB14725PE,0.0,0.0,0.0,1009.3,0.0,1009.3,13729.55,982.25,0,0,0,0.0,0,F1,120,,,,,
2026-02-18,2026-02-18,FO,NSE,IDO,63388,,MIDCPNIFTY,,2026-02-24,2026-02-24,14025.0,PE,MIDCPNIFTY26FEB14025PE,319.1,319.1,300.0,307.5,315.0,431.7,13729.55,307.5,1440,-720,25,43002060.0,14,F1,120,,,,,
2026-02-18,2026-02-18,FO,NSE,IDO,63277,,MIDCPNIFTY,,2026-02-24,2026-02-24,13475.0,PE,MIDCPNIFTY26FEB13475PE,57.9,59.2,29.0,31.45,32.0,65.1,13729.55,31.45,14280,-3240,782,1268581992.0,724,F1,120,,,,,
2026-02-18,2026-02-18,FO,NSE,IDO,63275,,MIDCPNIFTY,,2026-02-24,2026-02-24,13450.0,PE,MIDCPNIFTY26FEB13450PE,57.0,57.0,25.55,27.85,28.2,59.7,13729.55,27.85,66120,17640,2140,3463310976.0,1592,F1,120,,,,,
2026-02-18,2026-02-18,FO,NSE,IDO,63056,,MIDCPNIFTY,,2026-02-24,2026-02-24,13250.0,PE,MIDCPNIFTY26FEB13250PE,25.0,25.0,9.3,10.25,10.7,26.75,13729.55,10.25,100920,54240,3383,5384521416.0,1817,F1,120,,,,,
2026-02-18,2026-02-18,FO,NSE,IDO,63051,,MIDCPNIFTY,,2026-02-24,2026-02-24,13200.0,PE,MIDCPNIFTY26FEB13200PE,19.95,21.45,7.25,8.55,8.45,21.15,13729.55,8.55,353520,-53640,12878,20416093644.0,6750,F1,120,,,,,
2026-02-18,2026-02-18,FO,NSE,IDO,63045,,MIDCPNIFTY,,2026-02-24,2026-02-24,13125.0,PE,MIDCPNIFTY26FEB13125PE,15.1,15.1,5.9,6.25,6.85,15.85,13729.55,6.25,12360,-600,347,546850668.0,265,F1,120,,,,,
2026-02-18,2026-02-18,FO,NSE,IDO,62947,,MIDCPNIFTY,,2026-02-24,2026-02-24,12625.0,PE,MIDCPNIFTY26FEB12625PE,4.15,4.15,1.35,1.65,1.65,3.55,13729.55,1.65,2400,0,46,69699654.0,12,F1,120,,,,,
2026-02-18,2026-02-18,FO,NSE,IDO,62893,,MIDCPNIFTY,,2026-02-24,2026-02-24,12525.0,PE,MIDCPNIFTY26FEB12525PE,0.0,0.0,0.0,2.75,2.75,2.75,13729.55,0.05,2400,0,0,0.0,0,F1,120,,,,,
2026-02-18,2026-02-18,FO,NSE,IDO,62753,,MIDCPNIFTY,,2026-02-24,2026-02-24,12000.0,PE,MIDCPNIFTY26FEB12000PE,1.25,1.25,0.7,1.05,0.95,1.35,13729.55,1.05,473400,720,1166,1679168952.0,351,F1,120,,,,,
2026-02-18,2026-02-18,FO,NSE,IDO,71516,,MIDCPNIFTY,,2026-04-28,2026-04-28,14900.0,CE,MIDCPNIFTY26APR14900CE,0.0,0.0,0.0,106.7,0.0,106.7,13729.55,105.05,0,0,0,0.0,0,F1,120,,,,,
2026-02-18,2026-02-18,FO,NSE,IDO,71322,,MIDCPNIFTY,,2026-04-28,2026-04-28,13750.0,CE,MIDCPNIFTY26APR13750CE,0.0,0.0,0.0,374.9,0.0,374.9,13729.55,484.15,0,0,0,0.0,0,F1,120,,,,,
2026-02-18,2026-02-18,FO,NSE,IDO,71316,,MIDCPNIFTY,,2026-04-28,2026-04-28,13675.0,CE,MIDCPNIFTY26APR13675CE,0.0,0.0,0.0,402.7,0.0,402.7,13729.55,524.6,0,0,0,0.0,0,F1,120,,,,,
2026-02-18,2026-02-18,FO,NSE,IDO,71302,,MIDCPNIFTY,,2026-04-28,2026-04-28,13525.0,CE,MIDCPNIFTY26APR13525CE,0.0,0.0,0.0,462.75,0.0,462.75,13729.55,611.7,0,0,0,0.0,0,F1,120,,,,,
2026-02-18,2026-02-18,FO,NSE,IDO,71296,,MIDCPNIFTY,,2026-04-28,2026-04-28,13450.0,CE,MIDCPNIFTY26APR13450CE,0.0,0.0,0.0,495.1,0.0,495.1,13729.55,658.3,0,0,0,0.0,0,F1,120,,,,,
2026-02-18,2026-02-18,FO,NSE,IDO,71076,,MIDCPNIFTY,,2026-04-28,2026-04-28,12800.0,CE,MIDCPNIFTY26APR12800CE,0.0,0.0,0.0,842.2,0.0,842.2,13729.55,1139.85,0,0,0,0.0,0,F1,120,,,,,
2026-02-18,2026-02-18,FO,NSE,IDO,70920,,MIDCPNIFTY,,2026-04-28,2026-04-28,12100.0,CE,MIDCPNIFTY26APR12100CE,0.0,0.0,0.0,1344.55,0.0,1344.55,13729.55,1769.8,0,0,0,0.0,0,F1,120,,,,,
2026-02-18,2026-02-18,FO,NSE,IDO,54253,,MIDCPNIFTY,,2026-03-30,2026-03-30,14675.0,CE,MIDCPNIFTY26MAR14675CE,0.0,0.0,0.0,246.5,0.0,246.5,13729.55,65.2,0,0,0,0.0,0,F1,120,,,,,
2026-02-18,2026-02-18,FO,NSE,IDO,54231,,MIDCPNIFTY,,2026-03-30,2026-03-30,14400.0,CE,MIDCPNIFTY26MAR14400CE,0.0,0.0,0.0,325.2,0.0,325.2,13729.55,115.75,0,0,0,0.0,0,F1,120,,,,,
2026-02-18,2026-02-18,FO,NSE,IDO,54215,,MIDCPNIFTY,,2026-03-30,2026-03-30,14200.0,CE,MIDCPNIFTY26MAR14200CE,0.0,0.0,0.0,393.65,0.0,393.65,13729.55,169.1,0,0,0,0.0,0,F1,120,,,,,
2026-02-18,2026-02-18,FO,NSE,IDO,54150,,MIDCPNIFTY,,2026-03-30,2026-03-30,13575.0,CE,MIDCPNIFTY26MAR13575CE,422.95,422.95,422.95,422.95,422.95,675.3,13729.55,450.7,120,120,1,1679754.0,1,F1,120,,,,,
2026-02-18,2026-02-18,FO,NSE,IDO,54113,,MIDCPNIFTY,,2026-03-30,2026-03-30,13175.0,CE,MIDCPNIFTY26MAR13175CE,0.0,0.0,0.0,912.1,0.0,912.1,13729.55,727.55,0,0,0,0.0,0,F1,120,,,,,
2026-02-18,2026-02-18,FO,NSE,IDO,54104,,MIDCPNIFTY,,2026-03-30,2026-03-30,13100.0,CE,MIDCPNIFTY26MAR13100CE,0.0,0.0,0.0,961.35,0.0,961.35,13729.55,786.85,0,0,0,0.0,0,F1,120,,,,,
2026-02-18,2026-02-18,FO,NSE,IDO,54098,,MIDCPNIFTY,,2026-03-30,2026-03-30,13025.0,CE,MIDCPNIFTY26MAR13025CE,0.0,0.0,0.0,1012.05,0.0,1012.05,13729.55,848.05,0,0,0,0.0,0,F1,120,,,,,
2026-02-18,2026-02-18,FO,NSE,IDO,54071,,MIDCPNIFTY,,2026-03-30,2026-03-30,12725.0,CE,MIDCPNIFTY26MAR12725CE,0.0,0.0,0.0,1229.25,0.0,1229.25,13729.55,1109.6,0,0,0,0.0,0,F1,120,,,,,
2026-02-18,2026-02-18,FO,NSE,IDO,54061,,MIDCPNIFTY,,2026-03-30,2026-03-30,12625.0,CE,MIDCPNIFTY26MAR12625CE,0.0,0.0,0.0,1306.25,0.0,1306.25,13729.55,1201.45,0,0,0,0.0,0,F1,120,,,,,
2026-02-18,2026-02-18,FO,NSE,IDO,63720,,MIDCPNIFTY,,2026-02-24,2026-02-24,15300.0,CE,MIDCPNIFTY26FEB15300CE,0.85,1.6,0.65,1.3,1.25,1.1,13729.55,1.3,9000,-960,123,225843318.0,63,F1,120,,,,,
2026-02-18,2026-02-18,FO,NSE,IDO,63538,,MIDCPNIFTY,,2026-02-24,2026-02-24,14575.0,CE,MIDCPNIFTY26FEB14575CE,2.8,3.25,0.9,1.2,1.15,2.1,13729.55,1.2,5160,360,92,160927440.0,76,F1,120,,,,,
2026-02-18,2026-02-18,FO,NSE,IDO,63415,,MIDCPNIFTY,,2026-02-24,2026-02-24,14375.0,CE,MIDCPNIFTY26FEB14375CE,4.05,4.6,1.7,1.95,1.7,5.25,13729.55,1.95,8160,-2640,164,282958602.0,154,F1,120,,,,,
2026-02-18,2026-02-18,FO,NSE,IDO,63352,,MIDCPNIFTY,,2026-02-24,2026-02-24,13750.0,CE,MIDCPNIFTY26FEB13750CE,100.0,122.45,83.75,105.7,102.0,98.15,13729.55,105.7,127800,77400,10915,18143443710.0,9188,F1,120,,,,,
2026-02-18,2026-02-18,FO,NSE,IDO,63285,,MIDCPNIFTY,,2026-02-24,2026-02-24,13550.0,CE,MIDCPNIFTY26FEB13550CE,209.4,248.45,190.0,236.4,231.85,207.45,13729.55,236.4,21960,-3360,391,646084824.0,326,F1,120,,,,,
2026-02-18,2026-02-18,FO,NSE,IDO,63076,,MIDCPNIFTY,,2026-02-24,2026-02-24,13300.0,CE,MIDCPNIFTY26FEB13300CE,402.0,458.6,394.0,451.15,447.4,402.75,13729.55,451.15,80520,-5400,182,299846760.0,103,F1,120,,,,,
2026-02-18,2026-02-18,FO,NSE,IDO,63046,,MIDCPNIFTY,,2026-02-24,2026-02-24,13150.0,CE,MIDCPNIFTY26FEB13150CE,0.0,0.0,0.0,550.0,550.0,550.0,13729.55,594.5,14640,0,0,0.0,0,F1,120,,,,,
2026-02-18,2026-02-18,FO,NSE,IDO,63042,,MIDCPNIFTY,,2026-02-24,2026-02-24,13100.0,CE,MIDCPNIFTY26FEB13100CE,630.0,656.8,567.4,652.1,639.7,587.5,13729.55,652.1,123240,-120,53,87111378.0,53,F1,120,,,,,
2026-02-18,2026-02-18,FO,NSE,IDO,62957,,MIDCPNIFTY,,2026-02-24,2026-02-24,12725.0,PE,MIDCPNIFTY26FEB12725PE,3.1,3.2,1.35,1.9,2.45,4.35,13729.55,1.9,3840,-19320,378,577322190.0,192,F1,120,,,,,
2026-02-18,2026-02-18,FO,NSE,IDO,62953,,MIDCPNIFTY,,2026-02-24,2026-02-24,12700.0,PE,MIDCPNIFTY26FEB12700PE,4.2,4.2,1.55,2.3,2.7,3.8,13729.55,2.3,203520,25920,2205,3361034610.0,1132,F1,120,,,,,
2026-02-18,2026-02-18,FO,NSE,IDO,62889,,MIDCPNIFTY,,2026-02-24,2026-02-24,12475.0,PE,MIDCPNIFTY26FEB12475PE,2.0,2.15,0.75,1.15,1.35,3.5,13729.55,1.15,2520,1320,33,49407768.0,20,F1,120,,,,,
2026-02-18,2026-02-18,FO,NSE,IDO,62823,,MIDCPNIFTY,,2026-02-24,2026-02-24,12200.0,PE,MIDCPNIFTY26FEB12200PE,1.45,1.6,0.75,1.1,1.4,1.45,13729.55,1.1,63240,-2160,89,130308708.0,38,F1,120,,,,,
2026-02-18,2026-02-18,FO,NSE,IDO,62497,,MIDCPNIFTY,,2026-02-24,2026-02-24,11500.0,PE,MIDCPNIFTY26FEB11500PE,0.9,1.1,0.55,1.0,0.95,0.9,13729.55,1.0,53520,-33720,867,1196546538.0,395,F1,120,,,,,
2026-02-18,2026-02-18,FO,NSE,IDO,71556,,MIDCPNIFTY,,2026-04-28,2026-04-28,15200.0,CE,MIDCPNIFTY26APR15200CE,0.0,0.0,0.0,73.2,0.0,73.2,13729.55,64.2,0,0,0,0.0,0,F1,120,,,,,
2026-02-18,2026-02-18,FO,NSE,IDO,71363,,MIDCPNIFTY,,2026-04-28,2026-04-28,14150.0,CE,MIDCPNIFTY26APR14150CE,0.0,0.0,0.0,250.45,0.0,250.45,13729.55,303.45,0,0,0,0.0,0,F1,120,,,,,
2026-02-18,2026-02-18,FO,NSE,IDO,71342,,MIDCPNIFTY,,2026-04-28,2026-04-28,13950.0,CE,MIDCPNIFTY26APR13950CE,0.0,0.0,0.0,307.85,0.0,307.85,13729.55,386.55,0,0,0,0.0,0,F1,120,,,,,
2026-02-18,2026-02-18,FO,NSE,IDO,71078,,MIDCPNIFTY,,2026-04-28,2026-04-28,12825.0,CE,MIDCPNIFTY26APR12825CE,0.0,0.0,0.0,826.65,0.0,826.65,13729.55,1119.05,0,0,0,0.0,0,F1,120,,,,,
2026-02-18,2026-02-18,FO,NSE,IDO,70940,,MIDCPNIFTY,,2026-04-28,2026-04-28,12300.0,CE,MIDCPNIFTY26APR12300CE,0.0,0.0,0.0,1188.85,0.0,1188.85,13729.55,1582.2,0,0,0,0.0,0,F1,120,,,,,
2026-02-18,2026-02-18,FO,NSE,IDO,70896,,MIDCPNIFTY,,2026-04-28,2026-04-28,11800.0,CE,MIDCPNIFTY26APR11800CE,0.0,0.0,0.0,1593.5,0.0,1593.5,13729.55,2057.95,0,0,0,0.0,0,F1,120,,,,,
2026-02-18,2026-02-18,FO,NSE,IDO,54255,,MIDCPNIFTY,,2026-03-30,2026-03-30,14700.0,CE,MIDCPNIFTY26MAR14700CE,35.0,37.0,28.0,30.6,29.0,34.65,13729.55,30.6,72720,37560,365,645248652.0,119,F1,120,,,,,
2026-02-18,2026-02-18,FO,NSE,IDO,54178,,MIDCPNIFTY,,2026-03-30,2026-03-30,13825.0,CE,MIDCPNIFTY26MAR13825CE,0.0,0.0,0.0,391.6,391.6,391.6,13729.55,315.6,240,0,0,0.0,0,F1,120,,,,,
2026-02-18,2026-02-18,FO,NSE,IDO,54161,,MIDCPNIFTY,,2026-03-30,2026-03-30,13700.0,CE,MIDCPNIFTY26MAR13700CE,340.0,358.7,300.05,352.55,350.6,336.2,13729.55,352.55,9360,3360,300,505419636.0,264,F1,120,,,,,
2026-02-18,2026-02-18,FO,NSE,IDO,54138,,MIDCPNIFTY,,2026-03-30,2026-03-30,13425.0,CE,MIDCPNIFTY26MAR13425CE,0.0,0.0,0.0,758.95,0.0,758.95,13729.55,546.2,0,0,0,0.0,0,F1,120,,,,,
2026-02-18,2026-02-18,FO,NSE,IDO,54132,,MIDCPNIFTY,,2026-03-30,2026-03-30,13350.0,CE,MIDCPNIFTY26MAR13350CE,0.0,0.0,0.0,803.1,0.0,803.1,13729.55,597.85,0,0,0,0.0,0,F1,120,,,,,
2026-02-18,2026-02-18,FO,NSE,IDO,54048,,MIDCPNIFTY,,2026-03-30,2026-03-30,12500.0,CE,MIDCPNIFTY26MAR12500CE,0.0,0.0,0.0,1405.55,0.0,1405.55,13729.55,1318.7,0,0,0,0.0,0,F1,120,,,,,
2026-02-18,2026-02-18,FO,NSE,IDO,54042,,MIDCPNIFTY,,2026-03-30,2026-03-30,12425.0,CE,MIDCPNIFTY26MAR12425CE,0.0,0.0,0.0,1466.65,0.0,1466.65,13729.55,1390.05,0,0,0,0.0,0,F1,120,,,,,
2026-02-18,2026-02-18,FO,NSE,IDO,54011,,MIDCPNIFTY,,2026-03-30,2026-03-30,12100.0,CE,MIDCPNIFTY26MAR12100CE,0.0,0.0,0.0,1743.1,0.0,1743.1,13729.55,1705.4,0,0,0,0.0,0,F1,120,,,,,
2026-02-18,2026-02-18,FO,NSE,IDO,63379,,MIDCPNIFTY,,2026-02-24,2026-02-24,13925.0,CE,MIDCPNIFTY26FEB13925CE,46.0,55.2,33.7,39.3,36.55,42.1,13729.55,39.3,54360,16800,2159,3618348804.0,1912,F1,120,,,,,
2026-02-18,2026-02-18,FO,NSE,IDO,63375,,MIDCPNIFTY,,2026-02-24,2026-02-24,13900.0,CE,MIDCPNIFTY26FEB13900CE,51.0,63.0,39.15,46.3,44.0,48.65,13729.55,46.3,1005960,506160,64978,108765776934.0,47072,F1,120,,,,,
2026-02-18,2026-02-18,FO,NSE,IDO,63289,,MIDCPNIFTY,,2026-02-24,2026-02-24,13575.0,CE,MIDCPNIFTY26FEB13575CE,188.15,226.0,174.45,217.95,213.6,191.5,13729.55,217.95,12960,-1080,172,284368914.0,149,F1,120,,,,,
2026-02-18,2026-02-18,FO,NSE,IDO,63053,,MIDCPNIFTY,,2026-02-24,2026-02-24,13225.0,CE,MIDCPNIFTY26FEB13225CE,493.2,493.2,464.05,464.05,464.05,700.0,13729.55,522.3,12240,-120,2,3288870.0,2,F1,120,,,,,
2026-02-18,2026-02-18,FO,NSE,IDO,63044,,MIDCPNIFTY,,2026-02-24,2026-02-24,13125.0,CE,MIDCPNIFTY26FEB13125CE,610.4,611.7,610.4,611.35,611.35,439.2,13729.55,618.85,10080,0,3,4945014.0,3,F1,120,,,,,
2026-02-18,2026-02-18,FO,NSE,IDO,62978,,MIDCPNIFTY,,2026-02-24,2026-02-24,12850.0,CE,MIDCPNIFTY26FEB12850CE,866.1,866.15,866.1,866.15,866.15,900.0,13729.55,891.3,600,0,2,3291870.0,2,F1,120,,,,,
2026-02-18,2026-02-18,FO,NSE,IDO,62894,,MIDCPNIFTY,,2026-02-24,2026-02-24,12550.0,CE,MIDCPNIFTY26FEB12550CE,0.0,0.0,0.0,1551.85,0.0,1551.85,13729.55,1190.9,0,0,0,0.0,0,F1,120,,,,,
2026-02-18,2026-02-18,FO,NSE,IDO,62834,,MIDCPNIFTY,,2026-02-24,2026-02-24,12275.0,CE,MIDCPNIFTY26FEB12275CE,0.0,0.0,0.0,1785.55,0.0,1785.55,13729.55,1465.65,0,0,0,0.0,0,F1,120,,,,,
2026-02-18,2026-02-18,FO,NSE,IDO,63416,,MIDCPNIFTY,,2026-02-24,2026-02-24,14375.0,PE,MIDCPNIFTY26FEB14375PE,0.0,0.0,0.0,782.9,0.0,782.9,13729.55,635.3,0,0,0,0.0,0,F1,120,,,,,
2026-02-18,2026-02-18,FO,NSE,IDO,63402,,MIDCPNIFTY,,2026-02-24,2026-02-24,14200.0,PE,MIDCPNIFTY26FEB14200PE,485.0,521.85,457.6,461.15,464.65,555.0,13729.55,461.15,9240,-960,26,45844488.0,20,F1,120,,,,,
2026-02-18,2026-02-18,FO,NSE,IDO,63400,,MIDCPNIFTY,,2026-02-24,2026-02-24,14175.0,PE,MIDCPNIFTY26FEB14175PE,0.0,0.0,0.0,532.7,532.7,532.7,13729.55,445.2,840,0,0,0.0,0,F1,120,,,,,
2026-02-18,2026-02-18,FO,NSE,IDO,63049,,MIDCPNIFTY,,2026-02-24,2026-02-24,13175.0,PE,MIDCPNIFTY26FEB13175PE,18.35,18.35,7.25,7.7,7.6,19.65,13729.55,7.7,11520,-4200,262,414554676.0,195,F1,120,,,,,
2026-02-18,2026-02-18,FO,NSE,IDO,71557,,MIDCPNIFTY,,2026-04-28,2026-04-28,15200.0,PE,MIDCPNIFTY26APR15200PE,0.0,0.0,0.0,1902.5,0.0,1902.5,13729.55,1377.4,0,0,0,0.0,0,F1,120,,,,,
2026-02-18,2026-02-18,FO,NSE,IDO,71405,,MIDCPNIFTY,,2026-04-28,2026-04-28,14425.0,PE,MIDCPNIFTY26APR14425PE,0.0,0.0,0.0,1252.2,0.0,1252.2,13729.55,757.8,0,0,0,0.0,0,F1,120,,,,,
2026-02-18,2026-02-18,FO,NSE,IDO,71385,,MIDCPNIFTY,,2026-04-28,2026-04-28,14175.0,PE,MIDCPNIFTY26APR14175PE,0.0,0.0,0.0,1063.9,0.0,1063.9,13729.55,592.9,0,0,0,0.0,0,F1,120,,,,,
2026-02-18,2026-02-18,FO,NSE,IDO,71351,,MIDCPNIFTY,,2026-04-28,2026-04-28,14025.0,PE,MIDCPNIFTY26APR14025PE,0.0,0.0,0.0,957.55,0.0,957.55,13729.55,504.1,0,0,0,0.0,0,F1,120,,,,,
2026-02-18,2026-02-18,FO,NSE,IDO,71319,,MIDCPNIFTY,,2026-04-28,2026-04-28,13700.0,PE,MIDCPNIFTY26APR13700PE,0.0,0.0,0.0,745.55,0.0,745.55,13729.55,339.65,0,0,0,0.0,0,F1,120,,,,,
2026-02-18,2026-02-18,FO,NSE,IDO,71101,,MIDCPNIFTY,,2026-04-28,2026-04-28,12925.0,PE,MIDCPNIFTY26APR12925PE,0.0,0.0,0.0,355.3,0.0,355.3,13729.55,99.3,0,0,0,0.0,0,F1,120,,,,,
2026-02-18,2026-02-18,FO,NSE,IDO,70897,,MIDCPNIFTY,,2026-04-28,2026-04-28,11800.0,PE,MIDCPNIFTY26APR11800PE,0.0,0.0,0.0,74.9,0.0,74.9,13729.55,6.35,0,0,0,0.0,0,F1,120,,,,,
2026-02-18,2026-02-18,FO,NSE,IDO,54316,,MIDCPNIFTY,,2026-03-30,2026-03-30,15400.0,PE,MIDCPNIFTY26MAR15400PE,0.0,0.0,0.0,1680.5,0.0,1680.5,13729.55,1588.55,0,0,0,0.0,0,F1,120,,,,,
2026-02-18,2026-02-18,FO,NSE,IDO,54240,,MIDCPNIFTY,,2026-03-30,2026-03-30,14500.0,PE,MIDCPNIFTY26MAR14500PE,0.0,0.0,0.0,978.5,0.0,978.5,13729.55,777.95,0,0,0,0.0,0,F1,120,,,,,
2026-02-18,2026-02-18,FO,NSE,IDO,54212,,MIDCPNIFTY,,2026-03-30,2026-03-30,14150.0,PE,MIDCPNIFTY26MAR14150PE,0.0,0.0,0.0,751.4,0.0,751.4,13729.55,520.35,0,0,0,0.0,0,F1,120,,,,,
2026-02-18,2026-02-18,FO,NSE,IDO,54185,,MIDCPNIFTY,,2026-03-30,2026-03-30,13900.0,PE,MIDCPNIFTY26MAR13900PE,0.0,0.0,0.0,402.25,402.25,402.25,13729.55,367.95,1560,0,0,0.0,0,F1,120,,,,,
2026-02-18,2026-02-18,FO,NSE,IDO,54120,,MIDCPNIFTY,,2026-03-30,2026-03-30,13250.0,PE,MIDCPNIFTY26MAR13250PE,0.0,0.0,0.0,316.75,0.0,316.75,13729.55,111.25,0,0,0,0.0,0,F1,120,,,,,
2026-02-18,2026-02-18,FO,NSE,IDO,54068,,MIDCPNIFTY,,2026-03-30,2026-03-30,12675.0,PE,MIDCPNIFTY26MAR12675PE,0.0,0.0,0.0,153.4,0.0,153.4,13729.55,24.6,0,0,0,0.0,0,F1,120,,,,,
2026-02-18,2026-02-18,FO,NSE,IDO,54066,,MIDCPNIFTY,,2026-03-30,2026-03-30,12650.0,PE,MIDCPNIFTY26MAR12650PE,0.0,0.0,0.0,148.1,0.0,148.1,13729.55,22.75,0,0,0,0.0,0,F1,120,,,,,
2026-02-18,2026-02-18,FO,NSE,IDO,54033,,MIDCPNIFTY,,2026-03-30,2026-03-30,12300.0,PE,MIDCPNIFTY26MAR12300PE,0.0,0.0,0.0,87.3,0.0,87.3,13729.55,6.9,0,0,0,0.0,0,F1,120,,,,,
2026-02-18,2026-02-18,FO,NSE,IDO,63696,,MIDCPNIFTY,,2026-02-24,2026-02-24,15100.0,PE,MIDCPNIFTY26FEB15100PE,0.0,0.0,0.0,1282.45,0.0,1282.45,13729.55,1356.8,0,0,0,0.0,0,F1,120,,,,,
2026-02-18,2026-02-18,FO,NSE,IDO,63554,,MIDCPNIFTY,,2026-02-24,2026-02-24,14750.0,PE,MIDCPNIFTY26FEB14750PE,0.0,0.0,0.0,1026.55,0.0,1026.55,13729.55,1007.2,0,0,0,0.0,0,F1,120,,,,,
2026-02-18,2026-02-18,FO,NSE,IDO,63429,,MIDCPNIFTY,,2026-02-24,2026-02-24,14475.0,PE,MIDCPNIFTY26FEB14475PE,0.0,0.0,0.0,844.6,0.0,844.6,13729.55,733.6,0,0,0,0.0,0,F1,120,,,,,
2026-02-18,2026-02-18,FO,NSE,IDO,63390,,MIDCPNIFTY,,2026-02-24,2026-02-24,14050.0,PE,MIDCPNIFTY26FEB14050PE,0.0,0.0,0.0,377.95,377.95,377.95,13729.55,335.35,3960,0,0,0.0,0,F1,120,,,,,
2026-02-18,2026-02-18,FO,NSE,IDO,63292,,MIDCPNIFTY,,2026-02-24,2026-02-24,13575.0,PE,MIDCPNIFTY26FEB13575PE,93.0,93.6,47.5,52.25,52.4,94.8,13729.55,52.25,32520,-3960,4100,6710776410.0,3783,F1,120,,,,,
2026-02-18,2026-02-18,FO,NSE,IDO,63284,,MIDCPNIFTY,,2026-02-24,2026-02-24,13525.0,PE,MIDCPNIFTY26FEB13525PE,76.6,77.65,37.25,41.05,41.4,79.75,13729.55,41.05,31800,1080,1871,3049107984.0,1713,F1,120,,,,,
2026-02-18,2026-02-18,FO,NSE,IDO,63100,,MIDCPNIFTY,,2026-02-24,2026-02-24,13350.0,PE,MIDCPNIFTY26FEB13350PE,37.55,38.5,15.45,16.75,16.85,39.4,13729.55,16.75,35640,4920,1863,2989458204.0,1416,F1,120,,,,,
2026-02-18,2026-02-18,FO,NSE,IDO,63043,,MIDCPNIFTY,,2026-02-24,2026-02-24,13100.0,PE,MIDCPNIFTY26FEB13100PE,13.65,13.75,4.95,5.95,6.2,14.5,13729.55,5.95,216720,7440,4044,6360975870.0,2613,F1,120,,,,,
2026-02-18,2026-02-18,FO,NSE,IDO,71297,,MIDCPNIFTY,,2026-04-28,2026-04-28,13450.0,PE,MIDCPNIFTY26APR13450PE,0.0,0.0,0.0,601.25,0.0,601.25,13729.55,239.65,0,0,0,0.0,0,F1,120,,,,,
2026-02-18,2026-02-18,FO,NSE,IDO,71212,,MIDCPNIFTY,,2026-04-28,2026-04-28,13225.0,PE,MIDCPNIFTY26APR13225PE,0.0,0.0,0.0,486.25,0.0,486.25,13729.55,168.65,0,0,0,0.0,0,F1,120,,,,,
2026-02-18,2026-02-18,FO,NSE,IDO,54043,,MIDCPNIFTY,,2026-03-30,2026-03-30,12425.0,PE,MIDCPNIFTY26MAR12425PE,0.0,0.0,0.0,106.25,0.0,106.25,13729.55,10.85,0,0,0,0.0,0,F1,120,,,,,
2026-02-18,2026-02-18,FO,NSE,IDO,54074,,MIDCPNIFTY,,2026-03-30,2026-03-30,12750.0,PE,MIDCPNIFTY26MAR12750PE,0.0,0.0,0.0,170.15,0.0,170.15,13729.55,30.8,0,0,0,0.0,0,F1,120,,,,,
2026-02-18,2026-02-18,FO,NSE,IDO,54081,,MIDCPNIFTY,,2026-03-30,2026-03-30,12825.0,PE,MIDCPNIFTY26MAR12825PE,0.0,0.0,0.0,188.2,0.0,188.2,13729.55,38.2,0,0,0,0.0,0,F1,120,,,,,
2026-02-18,2026-02-18,FO,NSE,IDO,54133,,MIDCPNIFTY,,2026-03-30,2026-03-30,13350.0,PE,MIDCPNIFTY26MAR13350PE,0.0,0.0,0.0,354.0,0.0,354.0,13729.55,138.05,0,0,0,0.0,0,F1,120,,,,,
2026-02-18,2026-02-18,FO,NSE,IDO,54220,,MIDCPNIFTY,,2026-03-30,2026-03-30,14250.0,PE,MIDCPNIFTY26MAR14250PE,0.0,0.0,0.0,813.2,0.0,813.2,13729.55,589.1,0,0,0,0.0,0,F1,120,,,,,
2026-02-18,2026-02-18,FO,NSE,IDO,54324,,MIDCPNIFTY,,2026-03-30,2026-03-30,15500.0,PE,MIDCPNIFTY26MAR15500PE,1595.45,1608.25,1595.45,1608.2,1608.2,1766.55,13729.55,1608.2,720,720,6,12314706.0,6,F1,120,,,,,
2026-02-18,2026-02-18,FO,NSE,IDO,54332,,MIDCPNIFTY,,2026-03-30,2026-03-30,15600.0,PE,MIDCPNIFTY26MAR15600PE,0.0,0.0,0.0,1800.0,1800.0,1800.0,13729.55,1782.7,480,0,0,0.0,0,F1,120,,,,,
2026-02-18,2026-02-18,FO,NSE,IDO,70950,,MIDCPNIFTY,,2026-04-28,2026-04-28,12300.0,PE,MIDCPNIFTY26APR12300PE,0.0,0.0,0.0,162.55,0.0,162.55,13729.55,25.4,0,0,0,0.0,0,F1,120,,,,,
2026-02-18,2026-02-18,FO,NSE,IDO,71012,,MIDCPNIFTY,,2026-04-28,2026-04-28,12400.0,PE,MIDCPNIFTY26APR12400PE,0.0,0.0,0.0,187.1,0.0,187.1,13729.55,32.45,0,0,0,0.0,0,F1,120,,,,,
2026-02-18,2026-02-18,FO,NSE,IDO,71053,,MIDCPNIFTY,,2026-04-28,2026-04-28,12500.0,PE,MIDCPNIFTY26APR12500PE,0.0,0.0,0.0,213.5,0.0,213.5,13729.55,41.0,0,0,0,0.0,0,F1,120,,,,,
2026-02-18,2026-02-18,FO,NSE,IDO,62843,,MIDCPNIFTY,,2026-02-24,2026-02-24,12325.0,CE,MIDCPNIFTY26FEB12325CE,0.0,0.0,0.0,1742.15,0.0,1742.15,13729.55,1415.7,0,0,0,0.0,0,F1,120,,,,,
2026-02-18,2026-02-18,FO,NSE,IDO,62888,,MIDCPNIFTY,,2026-02-24,2026-02-24,12475.0,CE,MIDCPNIFTY26FEB12475CE,0.0,0.0,0.0,1614.35,0.0,1614.35,13729.55,1265.8,0,0,0,0.0,0,F1,120,,,,,
2026-02-18,2026-02-18,FO,NSE,IDO,63302,,MIDCPNIFTY,,2026-02-24,2026-02-24,13650.0,CE,MIDCPNIFTY26FEB13650CE,149.6,179.9,129.0,164.4,158.5,148.1,13729.55,164.4,78360,-43680,8497,14074436016.0,6555,F1,120,,,,,
2026-02-18,2026-02-18,FO,NSE,IDO,63309,,MIDCPNIFTY,,2026-02-24,2026-02-24,13675.0,CE,MIDCPNIFTY26FEB13675CE,127.0,164.4,116.7,148.75,145.0,135.35,13729.55,148.75,53520,-32040,7721,12796555470.0,5925,F1,120,,,,,
2026-02-18,2026-02-18,FO,NSE,IDO,63354,,MIDCPNIFTY,,2026-02-24,2026-02-24,13775.0,CE,MIDCPNIFTY26FEB13775CE,84.1,110.0,74.8,93.25,90.45,86.7,13729.55,93.25,26280,10800,4895,8144837334.0,4439,F1,120,,,,,
2026-02-18,2026-02-18,FO,NSE,IDO,63385,,MIDCPNIFTY,,2026-02-24,2026-02-24,14000.0,CE,MIDCPNIFTY26FEB14000CE,28.05,36.85,20.05,23.05,21.0,27.9,13729.55,23.05,1152240,140280,27349,46030334394.0,20025,F1,120,,,,,
2026-02-18,2026-02-18,FO,NSE,IDO,63391,,MIDCPNIFTY,,2026-02-24,2026-02-24,14075.0,CE,MIDCPNIFTY26FEB14075CE,18.35,24.0,11.7,13.2,12.3,18.15,13729.55,13.2,12000,-2040,460,777794526.0,368,F1,120,,,,,
2026-02-18,2026-02-18,FO,NSE,IDO,63417,,MIDCPNIFTY,,2026-02-24,2026-02-24,14400.0,CE,MIDCPNIFTY26FEB14400CE,3.45,4.1,1.5,1.9,1.5,3.85,13729.55,1.9,234720,-18960,3411,5895279816.0,2068,F1,120,,,,,
2026-02-18,2026-02-18,FO,NSE,IDO,63555,,MIDCPNIFTY,,2026-02-24,2026-02-24,14775.0,CE,MIDCPNIFTY26FEB14775CE,1.8,3.15,0.65,0.8,0.75,1.45,13729.55,0.8,2880,720,49,86885646.0,46,F1,120,,,,,
2026-02-18,2026-02-18,FO,NSE,IDO,53939,,MIDCPNIFTY,,2026-03-30,2026-03-30,11600.0,CE,MIDCPNIFTY26MAR11600CE,0.0,0.0,0.0,2197.35,0.0,2197.35,13729.55,2199.55,0,0,0,0.0,0,F1,120,,,,,
2026-02-18,2026-02-18,FO,NSE,IDO,54038,,MIDCPNIFTY,,2026-03-30,2026-03-30,12375.0,CE,MIDCPNIFTY26MAR12375CE,0.0,0.0,0.0,1508.0,0.0,1508.0,13729.55,1438.0,0,0,0,0.0,0,F1,120,,,,,
2026-02-18,2026-02-18,FO,NSE,IDO,54044,,MIDCPNIFTY,,2026-03-30,2026-03-30,12450.0,CE,MIDCPNIFTY26MAR12450CE,0.0,0.0,0.0,1446.15,0.0,1446.15,13729.55,1366.2,0,0,0,0.0,0,F1,120,,,,,
2026-02-18,2026-02-18,FO,NSE,IDO,54088,,MIDCPNIFTY,,2026-03-30,2026-03-30,12900.0,CE,MIDCPNIFTY26MAR12900CE,0.0,0.0,0.0,1100.45,0.0,1100.45,13729.55,954.1,0,0,0,0.0,0,F1,120,,,,,
2026-02-18,2026-02-18,FO,NSE,IDO,54109,,MIDCPNIFTY,,2026-03-30,2026-03-30,13150.0,CE,MIDCPNIFTY26MAR13150CE,0.0,0.0,0.0,928.35,0.0,928.35,13729.55,747.1,0,0,0,0.0,0,F1,120,,,,,
2026-02-18,2026-02-18,FO,NSE,IDO,54115,,MIDCPNIFTY,,2026-03-30,2026-03-30,13200.0,CE,MIDCPNIFTY26MAR13200CE,0.0,0.0,0.0,896.0,0.0,896.0,13729.55,708.3,0,0,0,0.0,0,F1,120,,,,,
2026-02-18,2026-02-18,FO,NSE,IDO,54146,,MIDCPNIFTY,,2026-03-30,2026-03-30,13525.0,CE,MIDCPNIFTY26MAR13525CE,0.0,0.0,0.0,401.35,401.35,401.35,13729.55,481.4,360,0,0,0.0,0,F1,120,,,,,
2026-02-18,2026-02-18,FO,NSE,IDO,54233,,MIDCPNIFTY,,2026-03-30,2026-03-30,14425.0,CE,MIDCPNIFTY26MAR14425CE,0.0,0.0,0.0,84.2,84.2,84.2,13729.55,110.15,120,0,0,0.0,0,F1,120,,,,,
2026-02-18,2026-02-18,FO,NSE,IDO,54243,,MIDCPNIFTY,,2026-03-30,2026-03-30,14550.0,CE,MIDCPNIFTY26MAR14550CE,0.0,0.0,0.0,280.15,0.0,280.15,13729.55,85.3,0,0,0,0.0,0,F1,120,,,,,
2026-02-18,2026-02-18,FO,NSE,IDO,54323,,MIDCPNIFTY,,2026-03-30,2026-03-30,15500.0,CE,MIDCPNIFTY26MAR15500CE,7.5,7.5,5.75,6.4,6.0,8.0,13729.55,6.4,3600,3000,31,57683046.0,20,F1,120,,,,,
2026-02-18,2026-02-18,FO,NSE,IDO,70912,,MIDCPNIFTY,,2026-04-28,2026-04-28,12000.0,CE,MIDCPNIFTY26APR12000CE,0.0,0.0,0.0,1425.6,0.0,1425.6,13729.55,1865.1,0,0,0,0.0,0,F1,120,,,,,
2026-02-18,2026-02-18,FO,NSE,IDO,70936,,MIDCPNIFTY,,2026-04-28,2026-04-28,12275.0,CE,MIDCPNIFTY26APR12275CE,0.0,0.0,0.0,1207.8,0.0,1207.8,13729.55,1605.4,0,0,0,0.0,0,F1,120,,,,,
2026-02-18,2026-02-18,FO,NSE,IDO,70952,,MIDCPNIFTY,,2026-04-28,2026-04-28,12325.0,CE,MIDCPNIFTY26APR12325CE,0.0,0.0,0.0,1170.0,0.0,1170.0,13729.55,1559.1,0,0,0,0.0,0,F1,120,,,,,
2026-02-18,2026-02-18,FO,NSE,IDO,71103,,MIDCPNIFTY,,2026-04-28,2026-04-28,12950.0,CE,MIDCPNIFTY26APR12950CE,0.0,0.0,0.0,751.45,0.0,751.45,13729.55,1017.6,0,0,0,0.0,0,F1,120,,,,,
2026-02-18,2026-02-18,FO,NSE,IDO,71105,,MIDCPNIFTY,,2026-04-28,2026-04-28,12975.0,CE,MIDCPNIFTY26APR12975CE,0.0,0.0,0.0,736.95,0.0,736.95,13729.55,997.8,0,0,0,0.0,0,F1,120,,,,,
2026-02-18,2026-02-18,FO,NSE,IDO,71211,,MIDCPNIFTY,,2026-04-28,2026-04-28,13225.0,CE,MIDCPNIFTY26APR13225CE,0.0,0.0,0.0,601.65,0.0,601.65,13729.55,810.0,0,0,0,0.0,0,F1,120,,,,,
2026-02-18,2026-02-18,FO,NSE,IDO,71318,,MIDCPNIFTY,,2026-04-28,2026-04-28,13700.0,CE,MIDCPNIFTY26APR13700CE,0.0,0.0,0.0,393.25,0.0,393.25,13729.55,510.9,0,0,0,0.0,0,F1,120,,,,,
2026-02-18,2026-02-18,FO,NSE,IDO,71344,,MIDCPNIFTY,,2026-04-28,2026-04-28,13975.0,CE,MIDCPNIFTY26APR13975CE,0.0,0.0,0.0,300.15,0.0,300.15,13729.55,375.35,0,0,0,0.0,0,F1,120,,,,,
2026-02-18,2026-02-18,FO,NSE,IDO,53986,,MIDCPNIFTY,,2026-03-30,2026-03-30,11900.0,PE,MIDCPNIFTY26MAR11900PE,0.0,0.0,0.0,43.65,0.0,43.65,13729.55,1.35,0,0,0,0.0,0,F1,120,,,,,
2026-02-18,2026-02-18,FO,NSE,IDO,63721,,MIDCPNIFTY,,2026-02-24,2026-02-24,15300.0,PE,MIDCPNIFTY26FEB15300PE,0.0,0.0,0.0,1438.15,0.0,1438.15,13729.55,1556.6,0,0,0,0.0,0,F1,120,,,,,
2026-02-18,2026-02-18,FO,NSE,IDO,63427,,MIDCPNIFTY,,2026-02-24,2026-02-24,14450.0,PE,MIDCPNIFTY26FEB14450PE,0.0,0.0,0.0,828.95,0.0,828.95,13729.55,708.9,0,0,0,0.0,0,F1,120,,,,,
2026-02-18,2026-02-18,FO,NSE,IDO,63280,,MIDCPNIFTY,,2026-02-24,2026-02-24,13500.0,PE,MIDCPNIFTY26FEB13500PE,49.0,70.25,32.85,36.1,36.45,71.4,13729.55,36.1,495000,69120,15003,24393539286.0,12483,F1,120,,,,,
2026-02-18,2026-02-18,FO,NSE,IDO,63002,,MIDCPNIFTY,,2026-02-24,2026-02-24,12900.0,PE,MIDCPNIFTY26FEB12900PE,5.95,5.95,2.8,3.4,3.8,7.25,13729.55,3.4,117360,8040,2319,3590923704.0,1650,F1,120,,,,,
2026-02-18,2026-02-18,FO,NSE,IDO,62895,,MIDCPNIFTY,,2026-02-24,2026-02-24,12550.0,PE,MIDCPNIFTY26FEB12550PE,1.35,1.75,1.2,1.65,1.6,2.45,13729.55,1.65,39360,11040,204,307259592.0,106,F1,120,,,,,
2026-02-18,2026-02-18,FO,NSE,IDO,71528,,MIDCPNIFTY,,2026-04-28,2026-04-28,15000.0,CE,MIDCPNIFTY26APR15000CE,0.0,0.0,0.0,94.3,0.0,94.3,13729.55,89.5,0,0,0,0.0,0,F1,120,,,,,
2026-02-18,2026-02-18,FO,NSE,IDO,71390,,MIDCPNIFTY,,2026-04-28,2026-04-28,14250.0,CE,MIDCPNIFTY26APR14250CE,0.0,0.0,0.0,256.25,256.25,256.25,13729.55,267.15,120,0,0,0.0,0,F1,120,,,,,
2026-02-18,2026-02-18,FO,NSE,IDO,71529,,MIDCPNIFTY,,2026-04-28,2026-04-28,15000.0,PE,MIDCPNIFTY26APR15000PE,0.0,0.0,0.0,1726.7,0.0,1726.7,13729.55,1204.8,0,0,0,0.0,0,F1,120,,,,,
2026-02-18,2026-02-18,FO,NSE,IDO,71426,,MIDCPNIFTY,,2026-04-28,2026-04-28,14550.0,PE,MIDCPNIFTY26APR14550PE,0.0,0.0,0.0,1350.75,0.0,1350.75,13729.55,847.6,0,0,0,0.0,0,F1,120,,,,,
2026-02-18,2026-02-18,FO,NSE,IDO,71401,,MIDCPNIFTY,,2026-04-28,2026-04-28,14375.0,PE,MIDCPNIFTY26APR14375PE,0.0,0.0,0.0,1213.6,0.0,1213.6,13729.55,723.2,0,0,0,0.0,0,F1,120,,,,,
2026-02-18,2026-02-18,FO,NSE,IDO,71391,,MIDCPNIFTY,,2026-04-28,2026-04-28,14250.0,PE,MIDCPNIFTY26APR14250PE,0.0,0.0,0.0,1119.6,0.0,1119.6,13729.55,640.2,0,0,0,0.0,0,F1,120,,,,,
2026-02-18,2026-02-18,FO,NSE,IDO,71307,,MIDCPNIFTY,,2026-04-28,2026-04-28,13550.0,PE,MIDCPNIFTY26APR13550PE,0.0,0.0,0.0,656.95,0.0,656.95,13729.55,276.9,0,0,0,0.0,0,F1,120,,,,,
2026-02-18,2026-02-18,FO,NSE,IDO,62782,,MIDCPNIFTY,,2026-02-24,2026-02-24,12100.0,CE,MIDCPNIFTY26FEB12100CE,0.0,0.0,0.0,1940.2,0.0,1940.2,13729.55,1640.5,0,0,0,0.0,0,F1,120,,,,,
2026-02-18,2026-02-18,FO,NSE,IDO,71387,,MIDCPNIFTY,,2026-04-28,2026-04-28,14200.0,PE,MIDCPNIFTY26APR14200PE,0.0,0.0,0.0,1082.15,0.0,1082.15,13729.55,608.45,0,0,0,0.0,0,F1,120,,,,,
2026-02-18,2026-02-18,FO,NSE,IDO,71337,,MIDCPNIFTY,,2026-04-28,2026-04-28,13875.0,PE,MIDCPNIFTY26APR13875PE,0.0,0.0,0.0,856.45,0.0,856.45,13729.55,423.35,0,0,0,0.0,0,F1,120,,,,,
2026-02-18,2026-02-18,FO,NSE,IDO,71293,,MIDCPNIFTY,,2026-04-28,2026-04-28,13400.0,PE,MIDCPNIFTY26APR13400PE,0.0,0.0,0.0,574.45,0.0,574.45,13729.55,222.35,0,0,0,0.0,0,F1,120,,,,,
2026-02-18,2026-02-18,FO,NSE,IDO,71216,,MIDCPNIFTY,,2026-04-28,2026-04-28,13275.0,PE,MIDCPNIFTY26APR13275PE,0.0,0.0,0.0,510.5,0.0,510.5,13729.55,182.95,0,0,0,0.0,0,F1,120,,,,,
2026-02-18,2026-02-18,FO,NSE,IDO,71214,,MIDCPNIFTY,,2026-04-28,2026-04-28,13250.0,PE,MIDCPNIFTY26APR13250PE,0.0,0.0,0.0,498.3,0.0,498.3,13729.55,175.7,0,0,0,0.0,0,F1,120,,,,,
2026-02-18,2026-02-18,FO,NSE,IDO,71202,,MIDCPNIFTY,,2026-04-28,2026-04-28,13125.0,PE,MIDCPNIFTY26APR13125PE,0.0,0.0,0.0,439.75,0.0,439.75,13729.55,142.5,0,0,0,0.0,0,F1,120,,,,,
2026-02-18,2026-02-18,FO,NSE,IDO,71095,,MIDCPNIFTY,,2026-04-28,2026-04-28,12875.0,PE,MIDCPNIFTY26APR12875PE,0.0,0.0,0.0,335.95,0.0,335.95,13729.55,90.25,0,0,0,0.0,0,F1,120,,,,,
2026-02-18,2026-02-18,FO,NSE,IDO,71057,,MIDCPNIFTY,,2026-04-28,2026-04-28,12550.0,PE,MIDCPNIFTY26APR12550PE,0.0,0.0,0.0,227.15,0.0,227.15,13729.55,45.9,0,0,0,0.0,0,F1,120,,,,,
2026-02-18,2026-02-18,FO,NSE,IDO,71007,,MIDCPNIFTY,,2026-04-28,2026-04-28,12375.0,PE,MIDCPNIFTY26APR12375PE,0.0,0.0,0.0,180.4,0.0,180.4,13729.55,30.55,0,0,0,0.0,0,F1,120,,,,,
2026-02-18,2026-02-18,FO,NSE,IDO,70931,,MIDCPNIFTY,,2026-04-28,2026-04-28,12200.0,PE,MIDCPNIFTY26APR12200PE,0.0,0.0,0.0,140.85,0.0,140.85,13729.55,19.7,0,0,0,0.0,0,F1,120,,,,,
2026-02-18,2026-02-18,FO,NSE,IDO,54187,,MIDCPNIFTY,,2026-03-30,2026-03-30,13925.0,PE,MIDCPNIFTY26MAR13925PE,0.0,0.0,0.0,420.0,420.0,420.0,13729.55,381.9,120,0,0,0.0,0,F1,120,,,,,
2026-02-18,2026-02-18,FO,NSE,IDO,54173,,MIDCPNIFTY,,2026-03-30,2026-03-30,13750.0,PE,MIDCPNIFTY26MAR13750PE,0.0,0.0,0.0,530.65,0.0,530.65,13729.55,290.75,0,0,0,0.0,0,F1,120,,,,,
2026-02-18,2026-02-18,FO,NSE,IDO,54149,,MIDCPNIFTY,,2026-03-30,2026-03-30,13550.0,PE,MIDCPNIFTY26MAR13550PE,0.0,0.0,0.0,436.8,0.0,436.8,13729.55,204.9,0,0,0,0.0,0,F1,120,,,,,
2026-02-18,2026-02-18,FO,NSE,IDO,54114,,MIDCPNIFTY,,2026-03-30,2026-03-30,13175.0,PE,MIDCPNIFTY26MAR13175PE,0.0,0.0,0.0,290.6,0.0,290.6,13729.55,93.85,0,0,0,0.0,0,F1,120,,,,,
2026-02-18,2026-02-18,FO,NSE,IDO,54112,,MIDCPNIFTY,,2026-03-30,2026-03-30,13150.0,PE,MIDCPNIFTY26MAR13150PE,0.0,0.0,0.0,282.25,0.0,282.25,13729.55,88.5,0,0,0,0.0,0,F1,120,,,,,
2026-02-18,2026-02-18,FO,NSE,IDO,54105,,MIDCPNIFTY,,2026-03-30,2026-03-30,13100.0,PE,MIDCPNIFTY26MAR13100PE,0.0,0.0,0.0,265.95,0.0,265.95,13729.55,78.55,0,0,0,0.0,0,F1,120,,,,,
2026-02-18,2026-02-18,FO,NSE,IDO,54099,,MIDCPNIFTY,,2026-03-30,2026-03-30,13025.0,PE,MIDCPNIFTY26MAR13025PE,0.0,0.0,0.0,242.8,0.0,242.8,13729.55,65.25,0,0,0,0.0,0,F1,120,,,,,
2026-02-18,2026-02-18,FO,NSE,IDO,54076,,MIDCPNIFTY,,2026-03-30,2026-03-30,12775.0,PE,MIDCPNIFTY26MAR12775PE,0.0,0.0,0.0,176.05,0.0,176.05,13729.55,33.1,0,0,0,0.0,0,F1,120,,,,,
2026-02-18,2026-02-18,FO,NSE,IDO,63380,,MIDCPNIFTY,,2026-02-24,2026-02-24,13925.0,PE,MIDCPNIFTY26FEB13925PE,257.9,276.0,238.0,266.5,266.5,291.3,13729.55,237.5,10920,-360,18,30637596.0,15,F1,120,,,,,
2026-02-18,2026-02-18,FO,NSE,IDO,63033,,MIDCPNIFTY,,2026-02-24,2026-02-24,12975.0,PE,MIDCPNIFTY26FEB12975PE,8.0,8.0,3.4,3.9,4.45,9.25,13729.55,3.9,22560,10560,492,766334766.0,421,F1,120,,,,,
2026-02-18,2026-02-18,FO,NSE,IDO,63004,,MIDCPNIFTY,,2026-02-24,2026-02-24,12925.0,PE,MIDCPNIFTY26FEB12925PE,6.4,6.4,3.05,3.35,4.1,7.75,13729.55,3.35,5400,-1920,241,373920042.0,239,F1,120,,,,,
2026-02-18,2026-02-18,FO,NSE,IDO,62951,,MIDCPNIFTY,,2026-02-24,2026-02-24,12675.0,PE,MIDCPNIFTY26FEB12675PE,0.0,0.0,0.0,4.0,4.0,4.0,13729.55,0.05,3360,0,0,0.0,0,F1,120,,,,,
2026-02-18,2026-02-18,FO,NSE,IDO,62945,,MIDCPNIFTY,,2026-02-24,2026-02-24,12600.0,PE,MIDCPNIFTY26FEB12600PE,3.3,3.3,1.3,1.95,2.65,2.75,13729.55,1.95,73800,6240,1292,1953795900.0,667,F1,120,,,,,
2026-02-18,2026-02-18,FO,NSE,IDO,71580,,MIDCPNIFTY,,2026-04-28,2026-04-28,15400.0,CE,MIDCPNIFTY26APR15400CE,0.0,0.0,0.0,56.3,0.0,56.3,13729.55,45.25,0,0,0,0.0,0,F1,120,,,,,
2026-02-18,2026-02-18,FO,NSE,IDO,71452,,MIDCPNIFTY,,2026-04-28,2026-04-28,14600.0,CE,MIDCPNIFTY26APR14600CE,0.0,0.0,0.0,219.95,219.95,219.95,13729.55,165.35,120,0,0,0.0,0,F1,120,,,,,
2026-02-18,2026-02-18,FO,NSE,IDO,71352,,MIDCPNIFTY,,2026-04-28,2026-04-28,14050.0,CE,MIDCPNIFTY26APR14050CE,0.0,0.0,0.0,278.0,0.0,278.0,13729.55,343.2,0,0,0,0.0,0,F1,120,,,,,
2026-02-18,2026-02-18,FO,NSE,IDO,71338,,MIDCPNIFTY,,2026-04-28,2026-04-28,13900.0,CE,MIDCPNIFTY26APR13900CE,0.0,0.0,0.0,323.7,0.0,323.7,13729.55,409.55,0,0,0,0.0,0,F1,120,,,,,
2026-02-18,2026-02-18,FO,NSE,IDO,71109,,MIDCPNIFTY,,2026-04-28,2026-04-28,13025.0,CE,MIDCPNIFTY26APR13025CE,0.0,0.0,0.0,708.45,0.0,708.45,13729.55,958.75,0,0,0,0.0,0,F1,120,,,,,
2026-02-18,2026-02-18,FO,NSE,IDO,71100,,MIDCPNIFTY,,2026-04-28,2026-04-28,12925.0,CE,MIDCPNIFTY26APR12925CE,0.0,0.0,0.0,766.15,0.0,766.15,13729.55,1037.55,0,0,0,0.0,0,F1,120,,,,,
2026-02-18,2026-02-18,FO,NSE,IDO,71096,,MIDCPNIFTY,,2026-04-28,2026-04-28,12900.0,CE,MIDCPNIFTY26APR12900CE,0.0,0.0,0.0,781.0,0.0,781.0,13729.55,1057.7,0,0,0,0.0,0,F1,120,,,,,
2026-02-18,2026-02-18,FO,NSE,IDO,71072,,MIDCPNIFTY,,2026-04-28,2026-04-28,12750.0,CE,MIDCPNIFTY26APR12750CE,0.0,0.0,0.0,873.85,0.0,873.85,13729.55,1181.8,0,0,0,0.0,0,F1,120,,,,,
2026-02-18,2026-02-18,FO,NSE,IDO,71052,,MIDCPNIFTY,,2026-04-28,2026-04-28,12500.0,CE,MIDCPNIFTY26APR12500CE,0.0,0.0,0.0,1042.85,0.0,1042.85,13729.55,1399.8,0,0,0,0.0,0,F1,120,,,,,
2026-02-18,2026-02-18,FO,NSE,IDO,70872,,MIDCPNIFTY,,2026-04-28,2026-04-28,11500.0,CE,MIDCPNIFTY26APR11500CE,0.0,0.0,0.0,1857.65,0.0,1857.65,13729.55,2350.9,0,0,0,0.0,0,F1,120,,,,,
2026-02-18,2026-02-18,FO,NSE,IDO,54259,,MIDCPNIFTY,,2026-03-30,2026-03-30,14750.0,CE,MIDCPNIFTY26MAR14750CE,0.0,0.0,0.0,70.0,70.0,70.0,13729.55,55.15,120,0,0,0.0,0,F1,120,,,,,
2026-02-18,2026-02-18,FO,NSE,IDO,54186,,MIDCPNIFTY,,2026-03-30,2026-03-30,13925.0,CE,MIDCPNIFTY26MAR13925CE,0.0,0.0,0.0,209.85,209.85,209.85,13729.55,270.1,1440,0,0,0.0,0,F1,120,,,,,
2026-02-18,2026-02-18,FO,NSE,IDO,54184,,MIDCPNIFTY,,2026-03-30,2026-03-30,13900.0,CE,MIDCPNIFTY26MAR13900CE,242.05,273.3,220.0,246.1,246.35,241.35,13729.55,246.1,3000,1080,53,89899776.0,44,F1,120,,,,,
2026-02-18,2026-02-18,FO,NSE,IDO,54126,,MIDCPNIFTY,,2026-03-30,2026-03-30,13325.0,CE,MIDCPNIFTY26MAR13325CE,0.0,0.0,0.0,818.15,0.0,818.15,13729.55,615.6,0,0,0,0.0,0,F1,120,,,,,
2026-02-18,2026-02-18,FO,NSE,IDO,54102,,MIDCPNIFTY,,2026-03-30,2026-03-30,13075.0,CE,MIDCPNIFTY26MAR13075CE,0.0,0.0,0.0,978.1,0.0,978.1,13729.55,807.05,0,0,0,0.0,0,F1,120,,,,,
2026-02-18,2026-02-18,FO,NSE,IDO,54092,,MIDCPNIFTY,,2026-03-30,2026-03-30,12950.0,CE,MIDCPNIFTY26MAR12950CE,0.0,0.0,0.0,1064.8,0.0,1064.8,13729.55,911.15,0,0,0,0.0,0,F1,120,,,,,
2026-02-18,2026-02-18,FO,NSE,IDO,54080,,MIDCPNIFTY,,2026-03-30,2026-03-30,12825.0,CE,MIDCPNIFTY26MAR12825CE,0.0,0.0,0.0,1154.5,0.0,1154.5,13729.55,1019.85,0,0,0,0.0,0,F1,120,,,,,
2026-02-18,2026-02-18,FO,NSE,IDO,54046,,MIDCPNIFTY,,2026-03-30,2026-03-30,12475.0,CE,MIDCPNIFTY26MAR12475CE,0.0,0.0,0.0,1425.8,0.0,1425.8,13729.55,1342.4,0,0,0,0.0,0,F1,120,,,,,
2026-02-18,2026-02-18,FO,NSE,IDO,63711,,MIDCPNIFTY,,2026-02-24,2026-02-24,15200.0,CE,MIDCPNIFTY26FEB15200CE,1.45,1.45,0.75,1.2,1.1,1.4,13729.55,1.2,10440,-120,128,233489052.0,64,F1,120,,,,,
2026-02-18,2026-02-18,FO,NSE,IDO,63660,,MIDCPNIFTY,,2026-02-24,2026-02-24,15000.0,CE,MIDCPNIFTY26FEB15000CE,1.2,1.4,0.9,1.15,1.1,1.2,13729.55,1.15,432240,30960,1949,3508455138.0,775,F1,120,,,,,
2026-02-18,2026-02-18,FO,NSE,IDO,63557,,MIDCPNIFTY,,2026-02-24,2026-02-24,14800.0,CE,MIDCPNIFTY26FEB14800CE,1.1,1.45,1.0,1.2,1.1,1.4,13729.55,1.2,32040,-59640,978,1737069648.0,332,F1,120,,,,,
2026-02-18,2026-02-18,FO,NSE,IDO,63426,,MIDCPNIFTY,,2026-02-24,2026-02-24,14450.0,CE,MIDCPNIFTY26FEB14450CE,2.7,3.45,1.35,1.5,1.35,3.2,13729.55,1.5,33480,11520,462,801231900.0,352,F1,120,,,,,
2026-02-18,2026-02-18,FO,NSE,IDO,63409,,MIDCPNIFTY,,2026-02-24,2026-02-24,14300.0,CE,MIDCPNIFTY26FEB14300CE,5.7,6.9,2.5,3.1,2.55,6.05,13729.55,3.1,284400,18480,4473,7677943230.0,2892,F1,120,,,,,
2026-02-18,2026-02-18,FO,NSE,IDO,63356,,MIDCPNIFTY,,2026-02-24,2026-02-24,13800.0,CE,MIDCPNIFTY26FEB13800CE,75.0,99.3,66.0,81.2,78.8,78.65,13729.55,81.2,427920,33600,28943,48207182730.0,22363,F1,120,,,,,
2026-02-18,2026-02-18,FO,NSE,IDO,63078,,MIDCPNIFTY,,2026-02-24,2026-02-24,13325.0,CE,MIDCPNIFTY26FEB13325CE,392.55,410.25,392.55,410.25,410.25,405.0,13729.55,429.05,10680,-960,11,18109290.0,5,F1,120,,,,,
2026-02-18,2026-02-18,FO,NSE,IDO,63055,,MIDCPNIFTY,,2026-02-24,2026-02-24,13250.0,CE,MIDCPNIFTY26FEB13250CE,466.0,484.05,445.3,484.05,484.05,436.0,13729.55,498.6,15840,1800,55,90546384.0,54,F1,120,,,,,
2026-02-18,2026-02-18,FO,NSE,IDO,63040,,MIDCPNIFTY,,2026-02-24,2026-02-24,13075.0,CE,MIDCPNIFTY26FEB13075CE,0.0,0.0,0.0,499.1,499.1,499.1,13729.55,667.9,6480,0,0,0.0,0,F1,120,,,,,
2026-02-18,2026-02-18,FO,NSE,IDO,63036,,MIDCPNIFTY,,2026-02-24,2026-02-24,13025.0,CE,MIDCPNIFTY26FEB13025CE,0.0,0.0,0.0,639.8,639.8,639.8,13729.55,717.25,7200,0,0,0.0,0,F1,120,,,,,
2026-02-18,2026-02-18,FO,NSE,IDO,54230,,MIDCPNIFTY,,2026-03-30,2026-03-30,14375.0,PE,MIDCPNIFTY26MAR14375PE,0.0,0.0,0.0,893.95,0.0,893.95,13729.55,680.65,0,0,0,0.0,0,F1,120,,,,,
2026-02-18,2026-02-18,FO,NSE,IDO,71359,,MIDCPNIFTY,,2026-04-28,2026-04-28,14100.0,PE,MIDCPNIFTY26APR14100PE,0.0,0.0,0.0,1010.1,0.0,1010.1,13729.55,547.5,0,0,0,0.0,0,F1,120,,,,,
2026-02-18,2026-02-18,FO,NSE,IDO,71335,,MIDCPNIFTY,,2026-04-28,2026-04-28,13850.0,PE,MIDCPNIFTY26APR13850PE,0.0,0.0,0.0,840.1,0.0,840.1,13729.55,410.7,0,0,0,0.0,0,F1,120,,,,,
2026-02-18,2026-02-18,FO,NSE,IDO,71332,,MIDCPNIFTY,,2026-04-28,2026-04-28,13825.0,PE,MIDCPNIFTY26APR13825PE,0.0,0.0,0.0,823.95,0.0,823.95,13729.55,398.3,0,0,0,0.0,0,F1,120,,,,,
2026-02-18,2026-02-18,FO,NSE,IDO,71206,,MIDCPNIFTY,,2026-04-28,2026-04-28,13150.0,PE,MIDCPNIFTY26APR13150PE,0.0,0.0,0.0,451.1,0.0,451.1,13729.55,148.75,0,0,0,0.0,0,F1,120,,,,,
2026-02-18,2026-02-18,FO,NSE,IDO,71098,,MIDCPNIFTY,,2026-04-28,2026-04-28,12900.0,PE,MIDCPNIFTY26APR12900PE,0.0,0.0,0.0,345.55,0.0,345.55,13729.55,94.7,0,0,0,0.0,0,F1,120,,,,,
2026-02-18,2026-02-18,FO,NSE,IDO,71079,,MIDCPNIFTY,,2026-04-28,2026-04-28,12825.0,PE,MIDCPNIFTY26APR12825PE,0.0,0.0,0.0,317.35,0.0,317.35,13729.55,81.85,0,0,0,0.0,0,F1,120,,,,,
2026-02-18,2026-02-18,FO,NSE,IDO,71075,,MIDCPNIFTY,,2026-04-28,2026-04-28,12775.0,PE,MIDCPNIFTY26APR12775PE,0.0,0.0,0.0,299.4,0.0,299.4,13729.55,74.05,0,0,0,0.0,0,F1,120,,,,,
2026-02-18,2026-02-18,FO,NSE,IDO,71069,,MIDCPNIFTY,,2026-04-28,2026-04-28,12700.0,PE,MIDCPNIFTY26APR12700PE,0.0,0.0,0.0,273.8,0.0,273.8,13729.55,63.45,0,0,0,0.0,0,F1,120,,,,,
2026-02-18,2026-02-18,FO,NSE,IDO,70939,,MIDCPNIFTY,,2026-04-28,2026-04-28,12275.0,PE,MIDCPNIFTY26APR12275PE,0.0,0.0,0.0,156.9,0.0,156.9,13729.55,23.85,0,0,0,0.0,0,F1,120,,,,,
2026-02-18,2026-02-18,FO,NSE,IDO,70905,,MIDCPNIFTY,,2026-04-28,2026-04-28,11900.0,PE,MIDCPNIFTY26APR11900PE,0.0,0.0,0.0,88.5,0.0,88.5,13729.55,8.55,0,0,0,0.0,0,F1,120,,,,,
2026-02-18,2026-02-18,FO,NSE,STO,157101,,RECLTD,,2026-03-30,2026-03-30,360.0,PE,RECLTD26MAR360PE,11.1,11.1,7.65,8.5,8.75,11.45,364.3,8.5,858200,170800,392,202436990.0,277,F1,1400,,,,,
2026-02-18,2026-02-18,FO,NSE,STO,157099,,RECLTD,,2026-03-30,2026-03-30,355.0,PE,RECLTD26MAR355PE,7.75,7.75,6.1,6.55,6.55,9.75,364.3,11.1,162400,18200,55,27864410.0,39,F1,1400,,,,,
2026-02-18,2026-02-18,FO,NSE,STO,157097,,RECLTD,,2026-03-30,2026-03-30,350.0,PE,RECLTD26MAR350PE,6.25,6.25,4.7,5.15,5.4,7.3,364.3,5.15,1145200,82600,278,138328050.0,198,F1,1400,,,,,
2026-02-18,2026-02-18,FO,NSE,STO,130920,,RECLTD,,2026-02-24,2026-02-24,330.0,PE,RECLTD26FEB330PE,0.4,0.4,0.25,0.3,0.3,0.45,364.3,0.3,1157800,-334600,535,247396870.0,247,F1,1400,,,,,
2026-02-18,2026-02-18,FO,NSE,STO,156965,,RECLTD,,2026-02-24,2026-02-24,327.5,PE,RECLTD26FEB327.5PE,0.15,0.3,0.15,0.3,0.3,0.4,364.3,0.3,89600,-1400,6,2752890.0,6,F1,1400,,,,,
2026-02-18,2026-02-18,FO,NSE,STO,156957,,RECLTD,,2026-02-24,2026-02-24,315.0,PE,RECLTD26FEB315PE,0.2,0.2,0.15,0.15,0.15,0.25,364.3,0.05,169400,-7000,10,4412240.0,10,F1,1400,,,,,
2026-02-18,2026-02-18,FO,NSE,STO,154949,,RECLTD,,2026-04-28,2026-04-28,370.0,CE,RECLTD26APR370CE,12.0,12.0,12.0,12.0,12.0,12.0,364.3,20.7,11200,0,1,534800.0,1,F1,1400,,,,,
2026-02-18,2026-02-18,FO,NSE,STO,154132,,RECLTD,,2026-03-30,2026-03-30,357.5,CE,RECLTD26MAR357.5CE,15.2,18.0,15.2,18.0,18.0,13.7,364.3,21.1,36400,-2800,8,4184600.0,7,F1,1400,,,,,
2026-02-18,2026-02-18,FO,NSE,STO,156994,,RECLTD,,2026-02-24,2026-02-24,377.5,CE,RECLTD26FEB377.5CE,0.95,1.75,0.95,1.05,1.05,0.95,364.3,1.05,700000,322000,864,458155180.0,764,F1,1400,,,,,
2026-02-18,2026-02-18,FO,NSE,STF,59459,,RECLTD,,2026-02-24,2026-02-24,,,RECLTD26FEBFUT,358.05,367.25,358.0,364.75,363.95,359.15,364.3,364.75,69826400,-5405400,8804,4485649070.0,7453,F1,1400,,,,,
2026-02-18,2026-02-18,FO,NSE,STO,156990,,RECLTD,,2026-02-24,2026-02-24,372.5,CE,RECLTD26FEB372.5CE,1.45,2.85,1.45,1.85,1.75,1.4,364.3,1.85,469000,-98000,1157,606781420.0,936,F1,1400,,,,,
2026-02-18,2026-02-18,FO,NSE,STO,155028,,RECLTD,,2026-04-28,2026-04-28,375.0,CE,RECLTD26APR375CE,0.0,0.0,0.0,27.35,0.0,27.35,364.3,18.5,0,0,0,0.0,0,F1,1400,,,,,
2026-02-18,2026-02-18,FO,NSE,STO,154791,,RECLTD,,2026-04-28,2026-04-28,325.0,CE,RECLTD26APR325CE,0.0,0.0,0.0,55.2,0.0,55.2,364.3,48.35,0,0,0,0.0,0,F1,1400,,,,,
2026-02-18,2026-02-18,FO,NSE,STO,154661,,RECLTD,,2026-04-28,2026-04-28,300.0,CE,RECLTD26APR300CE,0.0,0.0,0.0,73.95,0.0,73.95,364.3,69.3,0,0,0,0.0,0,F1,1400,,,,,
2026-02-18,2026-02-18,FO,NSE,STO,154152,,RECLTD,,2026-03-30,2026-03-30,407.5,CE,RECLTD26MAR407.5CE,0.0,0.0,0.0,10.85,0.0,10.85,364.3,4.05,0,0,0,0.0,0,F1,1400,,,,,
2026-02-18,2026-02-18,FO,NSE,STO,157078,,RECLTD,,2026-03-30,2026-03-30,305.0,CE,RECLTD26MAR305CE,0.0,0.0,0.0,59.5,0.0,59.5,364.3,61.95,0,0,0,0.0,0,F1,1400,,,,,
2026-02-18,2026-02-18,FO,NSE,STO,130939,,RECLTD,,2026-02-24,2026-02-24,430.0,CE,RECLTD26FEB430CE,0.1,0.15,0.1,0.1,0.1,0.15,364.3,0.1,632800,-284200,309,186063780.0,69,F1,1400,,,,,
2026-02-18,2026-02-18,FO,NSE,STO,156538,,RECLTD,,2026-04-28,2026-04-28,430.0,CE,RECLTD26APR430CE,0.0,0.0,0.0,10.75,0.0,10.75,364.3,4.45,0,0,0,0.0,0,F1,1400,,,,,
2026-02-18,2026-02-18,FO,NSE,STO,156945,,RECLTD,,2026-02-24,2026-02-24,295.0,PE,RECLTD26FEB295PE,0.0,0.0,0.0,3.35,0.0,3.35,364.3,0.05,0,0,0,0.0,0,F1,1400,,,,,
2026-02-18,2026-02-18,FO,NSE,STO,156963,,RECLTD,,2026-02-24,2026-02-24,325.0,PE,RECLTD26FEB325PE,0.25,0.3,0.2,0.25,0.25,0.35,364.3,0.25,309400,-29400,73,33238800.0,50,F1,1400,,,,,
2026-02-18,2026-02-18,FO,NSE,STO,156975,,RECLTD,,2026-02-24,2026-02-24,345.0,PE,RECLTD26FEB345PE,0.85,0.85,0.45,0.5,0.5,1.1,364.3,0.5,1029000,14000,818,395808210.0,486,F1,1400,,,,,
2026-02-18,2026-02-18,FO,NSE,STO,157011,,RECLTD,,2026-02-24,2026-02-24,405.0,PE,RECLTD26FEB405PE,0.0,0.0,0.0,47.2,47.2,47.2,364.3,40.4,4200,0,0,0.0,0,F1,1400,,,,,
2026-02-18,2026-02-18,FO,NSE,STO,130936,,RECLTD,,2026-02-24,2026-02-24,410.0,PE,RECLTD26FEB410PE,48.7,48.75,45.2,45.2,45.2,53.1,364.3,45.35,100800,-1400,10,6414800.0,5,F1,1400,,,,,
2026-02-18,2026-02-18,FO,NSE,STO,157023,,RECLTD,,2026-02-24,2026-02-24,425.0,PE,RECLTD26FEB425PE,0.0,0.0,0.0,78.6,78.6,78.6,364.3,60.3,39200,0,0,0.0,0,F1,1400,,,,,
2026-02-18,2026-02-18,FO,NSE,STO,157075,,RECLTD,,2026-03-30,2026-03-30,295.0,PE,RECLTD26MAR295PE,0.0,0.0,0.0,6.3,0.0,6.3,364.3,0.4,0,0,0,0.0,0,F1,1400,,,,,
2026-02-18,2026-02-18,FO,NSE,STO,154662,,RECLTD,,2026-04-28,2026-04-28,300.0,PE,RECLTD26APR300PE,0.0,0.0,0.0,5.4,0.0,5.4,364.3,1.85,0,0,0,0.0,0,F1,1400,,,,,
2026-02-18,2026-02-18,FO,NSE,STO,154796,,RECLTD,,2026-04-28,2026-04-28,335.0,PE,RECLTD26APR335PE,0.0,0.0,0.0,14.45,0.0,14.45,364.3,8.2,0,0,0,0.0,0,F1,1400,,,,,
2026-02-18,2026-02-18,FO,NSE,STO,154862,,RECLTD,,2026-04-28,2026-04-28,345.0,PE,RECLTD26APR345PE,0.0,0.0,0.0,18.2,0.0,18.2,364.3,11.4,0,0,0,0.0,0,F1,1400,,,,,
2026-02-18,2026-02-18,FO,NSE,STO,155029,,RECLTD,,2026-04-28,2026-04-28,375.0,PE,RECLTD26APR375PE,0.0,0.0,0.0,32.65,0.0,32.65,364.3,25.35,0,0,0,0.0,0,F1,1400,,,,,
2026-02-18,2026-02-18,FO,NSE,STO,155505,,RECLTD,,2026-04-28,2026-04-28,395.0,PE,RECLTD26APR395PE,0.0,0.0,0.0,44.85,0.0,44.85,364.3,38.1,0,0,0,0.0,0,F1,1400,,,,,
2026-02-18,2026-02-18,FO,NSE,STO,156057,,RECLTD,,2026-04-28,2026-04-28,420.0,PE,RECLTD26APR420PE,0.0,0.0,0.0,62.5,0.0,62.5,364.3,57.25,0,0,0,0.0,0,F1,1400,,,,,
2026-02-18,2026-02-18,FO,NSE,STO,157012,,RECLTD,,2026-02-24,2026-02-24,407.5,CE,RECLTD26FEB407.5CE,0.25,0.35,0.2,0.2,0.2,0.3,364.3,0.05,113400,-36400,86,49096740.0,31,F1,1400,,,,,
2026-02-18,2026-02-18,FO,NSE,STO,157006,,RECLTD,,2026-02-24,2026-02-24,397.5,CE,RECLTD26FEB397.5CE,0.4,0.45,0.3,0.35,0.35,0.4,364.3,0.15,110600,-11200,22,12253920.0,17,F1,1400,,,,,
2026-02-18,2026-02-18,FO,NSE,STO,156998,,RECLTD,,2026-02-24,2026-02-24,385.0,CE,RECLTD26FEB385CE,0.6,0.9,0.55,0.6,0.55,0.65,364.3,0.6,1520400,-148400,1421,767310880.0,878,F1,1400,,,,,
2026-02-18,2026-02-18,FO,NSE,STO,156539,,RECLTD,,2026-04-28,2026-04-28,430.0,PE,RECLTD26APR430PE,0.0,0.0,0.0,70.25,0.0,70.25,364.3,65.7,0,0,0,0.0,0,F1,1400,,,,,
2026-02-18,2026-02-18,FO,NSE,STO,157015,,RECLTD,,2026-02-24,2026-02-24,412.5,PE,RECLTD26FEB412.5PE,0.0,0.0,0.0,41.6,41.6,41.6,364.3,47.85,4200,0,0,0.0,0,F1,1400,,,,,
2026-02-18,2026-02-18,FO,NSE,STO,156995,,RECLTD,,2026-02-24,2026-02-24,377.5,PE,RECLTD26FEB377.5PE,16.65,17.3,12.25,13.8,13.8,25.25,364.3,13.8,211400,-32200,57,31284470.0,56,F1,1400,,,,,
2026-02-18,2026-02-18,FO,NSE,STO,157122,,RECLTD,,2026-03-30,2026-03-30,415.0,CE,RECLTD26MAR415CE,0.0,0.0,0.0,3.7,3.7,3.7,364.3,3.0,4200,0,0,0.0,0,F1,1400,,,,,
2026-02-18,2026-02-18,FO,NSE,STO,157092,,RECLTD,,2026-03-30,2026-03-30,340.0,CE,RECLTD26MAR340CE,28.25,30.45,27.3,29.6,29.6,25.0,364.3,32.35,119000,18200,19,9814210.0,13,F1,1400,,,,,
2026-02-18,2026-02-18,FO,NSE,STO,157076,,RECLTD,,2026-03-30,2026-03-30,300.0,CE,RECLTD26MAR300CE,0.0,0.0,0.0,52.7,52.7,52.7,364.3,66.65,40600,0,0,0.0,0,F1,1400,,,,,
2026-02-18,2026-02-18,FO,NSE,STO,157028,,RECLTD,,2026-02-24,2026-02-24,435.0,CE,RECLTD26FEB435CE,0.05,0.1,0.05,0.1,0.05,0.1,364.3,0.1,441000,0,13,7918400.0,8,F1,1400,,,,,
2026-02-18,2026-02-18,FO,NSE,STO,157010,,RECLTD,,2026-02-24,2026-02-24,405.0,CE,RECLTD26FEB405CE,0.35,0.4,0.2,0.25,0.25,0.3,364.3,0.25,450800,-33600,37,20993420.0,22,F1,1400,,,,,
2026-02-18,2026-02-18,FO,NSE,STO,130940,,RECLTD,,2026-02-24,2026-02-24,430.0,PE,RECLTD26FEB430PE,67.0,67.35,63.0,65.15,65.15,70.85,364.3,65.3,180600,-51800,85,59008110.0,53,F1,1400,,,,,
2026-02-18,2026-02-18,FO,NSE,STO,154119,,RECLTD,,2026-03-30,2026-03-30,322.5,PE,RECLTD26MAR322.5PE,0.0,0.0,0.0,7.25,0.0,7.25,364.3,2.5,0,0,0,0.0,0,F1,1400,,,,,
2026-02-18,2026-02-18,FO,NSE,STO,154125,,RECLTD,,2026-03-30,2026-03-30,337.5,PE,RECLTD26MAR337.5PE,0.0,0.0,0.0,11.5,0.0,11.5,364.3,5.35,0,0,0,0.0,0,F1,1400,,,,,
2026-02-18,2026-02-18,FO,NSE,STO,154133,,RECLTD,,2026-03-30,2026-03-30,357.5,PE,RECLTD26MAR357.5PE,8.25,8.25,8.0,8.0,8.0,19.45,364.3,8.0,1400,1400,2,1023750.0,2,F1,1400,,,,,
2026-02-18,2026-02-18,FO,NSE,STO,154135,,RECLTD,,2026-03-30,2026-03-30,362.5,PE,RECLTD26MAR362.5PE,10.8,10.8,9.15,9.2,9.2,21.85,364.3,9.2,14000,14000,13,6772570.0,12,F1,1400,,,,,
2026-02-18,2026-02-18,FO,NSE,STO,154137,,RECLTD,,2026-03-30,2026-03-30,367.5,PE,RECLTD26MAR367.5PE,0.0,0.0,0.0,24.4,0.0,24.4,364.3,16.95,0,0,0,0.0,0,F1,1400,,,,,
2026-02-18,2026-02-18,FO,NSE,STO,154149,,RECLTD,,2026-03-30,2026-03-30,397.5,PE,RECLTD26MAR397.5PE,0.0,0.0,0.0,42.85,0.0,42.85,364.3,36.75,0,0,0,0.0,0,F1,1400,,,,,
2026-02-18,2026-02-18,FO,NSE,STO,157133,,RECLTD,,2026-03-30,2026-03-30,440.0,PE,RECLTD26MAR440PE,72.0,72.75,72.0,72.75,72.75,78.8,364.3,74.05,215600,2800,2,1434650.0,2,F1,1400,,,,,
2026-02-18,2026-02-18,FO,NSE,STO,155905,,RECLTD,,2026-04-28,2026-04-28,410.0,PE,RECLTD26APR410PE,0.0,0.0,0.0,50.0,50.0,50.0,364.3,49.25,1400,0,0,0.0,0,F1,1400,,,,,
2026-02-18,2026-02-18,FO,NSE,STO,155323,,RECLTD,,2026-04-28,2026-04-28,385.0,PE,RECLTD26APR385PE,0.0,0.0,0.0,38.5,0.0,38.5,364.3,31.4,0,0,0,0.0,0,F1,1400,,,,,
2026-02-18,2026-02-18,FO,NSE,STO,157100,,RECLTD,,2026-03-30,2026-03-30,360.0,CE,RECLTD26MAR360CE,13.7,16.75,12.7,14.85,14.6,12.35,364.3,14.85,980000,1400,406,212925440.0,334,F1,1400,,,,,
2026-02-18,2026-02-18,FO,NSE,STO,157014,,RECLTD,,2026-02-24,2026-02-24,412.5,CE,RECLTD26FEB412.5CE,0.2,0.2,0.15,0.15,0.15,0.2,364.3,0.15,25200,-2800,2,1155490.0,2,F1,1400,,,,,
2026-02-18,2026-02-18,FO,NSE,STO,130935,,RECLTD,,2026-02-24,2026-02-24,410.0,CE,RECLTD26FEB410CE,0.3,0.3,0.15,0.15,0.2,0.25,364.3,0.15,982800,-92400,352,202157970.0,90,F1,1400,,,,,
2026-02-18,2026-02-18,FO,NSE,STO,130931,,RECLTD,,2026-02-24,2026-02-24,390.0,CE,RECLTD26FEB390CE,0.5,0.65,0.4,0.45,0.45,0.5,364.3,0.45,2868600,9800,1883,1029494480.0,712,F1,1400,,,,,
2026-02-18,2026-02-18,FO,NSE,STO,154134,,RECLTD,,2026-03-30,2026-03-30,362.5,CE,RECLTD26MAR362.5CE,12.8,14.8,11.85,13.9,13.9,10.55,364.3,18.4,16800,15400,27,14198730.0,25,F1,1400,,,,,
2026-02-18,2026-02-18,FO,NSE,STO,154794,,RECLTD,,2026-04-28,2026-04-28,330.0,PE,RECLTD26APR330PE,0.0,0.0,0.0,12.8,0.0,12.8,364.3,6.85,0,0,0,0.0,0,F1,1400,,,,,
2026-02-18,2026-02-18,FO,NSE,STO,157132,,RECLTD,,2026-03-30,2026-03-30,440.0,CE,RECLTD26MAR440CE,0.65,0.8,0.6,0.7,0.7,0.6,364.3,1.0,288400,33600,51,31464230.0,25,F1,1400,,,,,
2026-02-18,2026-02-18,FO,NSE,STO,156985,,RECLTD,,2026-02-24,2026-02-24,362.5,PE,RECLTD26FEB362.5PE,5.0,5.75,3.1,3.45,3.65,7.0,364.3,3.45,463400,9800,986,506244340.0,897,F1,1400,,,,,
2026-02-18,2026-02-18,FO,NSE,STO,157081,,RECLTD,,2026-03-30,2026-03-30,310.0,PE,RECLTD26MAR310PE,0.85,0.85,0.65,0.85,0.8,1.05,364.3,0.85,240800,-11200,17,7396830.0,15,F1,1400,,,,,
2026-02-18,2026-02-18,FO,NSE,STO,154139,,RECLTD,,2026-03-30,2026-03-30,372.5,PE,RECLTD26MAR372.5PE,0.0,0.0,0.0,23.35,23.35,23.35,364.3,19.7,1400,0,0,0.0,0,F1,1400,,,,,
2026-02-18,2026-02-18,FO,NSE,STO,154153,,RECLTD,,2026-03-30,2026-03-30,407.5,PE,RECLTD26MAR407.5PE,0.0,0.0,0.0,50.1,0.0,50.1,364.3,44.8,0,0,0,0.0,0,F1,1400,,,,,
2026-02-18,2026-02-18,FO,NSE,STO,157128,,RECLTD,,2026-03-30,2026-03-30,430.0,CE,RECLTD26MAR430CE,0.85,1.05,0.85,0.85,0.85,0.8,364.3,0.85,134400,-15400,67,40429900.0,23,F1,1400,,,,,
2026-02-18,2026-02-18,FO,NSE,STO,154140,,RECLTD,,2026-03-30,2026-03-30,377.5,CE,RECLTD26MAR377.5CE,0.0,0.0,0.0,5.85,5.85,5.85,364.3,11.75,2800,0,0,0.0,0,F1,1400,,,,,
2026-02-18,2026-02-18,FO,NSE,STO,155057,,RECLTD,,2026-04-28,2026-04-28,380.0,PE,RECLTD26APR380PE,0.0,0.0,0.0,35.5,0.0,35.5,364.3,28.3,0,0,0,0.0,0,F1,1400,,,,,
2026-02-18,2026-02-18,FO,NSE,STO,157005,,RECLTD,,2026-02-24,2026-02-24,395.0,PE,RECLTD26FEB395PE,0.0,0.0,0.0,48.95,48.75,48.95,364.3,30.55,29400,0,0,0.0,0,F1,1400,,,,,
2026-02-18,2026-02-18,FO,NSE,STO,157029,,RECLTD,,2026-02-24,2026-02-24,435.0,PE,RECLTD26FEB435PE,70.0,70.3,68.6,70.2,70.2,76.0,364.3,70.3,443800,-8400,6,4241020.0,5,F1,1400,,,,,
2026-02-18,2026-02-18,FO,NSE,STO,130923,,RECLTD,,2026-02-24,2026-02-24,350.0,CE,RECLTD26FEB350CE,11.05,17.7,11.05,15.5,14.65,10.95,364.3,15.5,1122800,-348600,692,353235750.0,522,F1,1400,,,,,
2026-02-18,2026-02-18,FO,NSE,STO,157016,,RECLTD,,2026-02-24,2026-02-24,415.0,CE,RECLTD26FEB415CE,0.2,0.2,0.15,0.15,0.15,0.2,364.3,0.15,303800,-29400,80,46497150.0,26,F1,1400,,,,,
2026-02-18,2026-02-18,FO,NSE,STO,130937,,RECLTD,,2026-02-24,2026-02-24,420.0,CE,RECLTD26FEB420CE,0.2,0.2,0.1,0.15,0.15,0.2,364.3,0.15,1239000,-231000,332,195287890.0,68,F1,1400,,,,,
2026-02-18,2026-02-18,FO,NSE,STO,157074,,RECLTD,,2026-03-30,2026-03-30,295.0,CE,RECLTD26MAR295CE,0.0,0.0,0.0,67.1,0.0,67.1,364.3,71.45,0,0,0,0.0,0,F1,1400,,,,,
2026-02-18,2026-02-18,FO,NSE,STO,154126,,RECLTD,,2026-03-30,2026-03-30,342.5,CE,RECLTD26MAR342.5CE,26.3,26.85,26.3,26.6,26.85,23.0,364.3,26.6,42000,-2800,2,1033410.0,2,F1,1400,,,,,
2026-02-18,2026-02-18,FO,NSE,STO,157108,,RECLTD,,2026-03-30,2026-03-30,380.0,CE,RECLTD26MAR380CE,5.9,7.5,5.4,6.15,6.0,5.25,364.3,6.15,1355200,305200,963,521054520.0,603,F1,1400,,,,,
2026-02-18,2026-02-18,FO,NSE,STO,130922,,RECLTD,,2026-02-24,2026-02-24,340.0,PE,RECLTD26FEB340PE,0.65,0.65,0.4,0.4,0.45,0.7,364.3,0.4,1208200,-543200,1375,655381230.0,683,F1,1400,,,,,
2026-02-18,2026-02-18,FO,NSE,STO,156967,,RECLTD,,2026-02-24,2026-02-24,332.5,PE,RECLTD26FEB332.5PE,0.35,0.35,0.3,0.35,0.35,0.45,364.3,0.35,112000,-8400,28,13047440.0,13,F1,1400,,,,,
2026-02-18,2026-02-18,FO,NSE,STO,130914,,RECLTD,,2026-02-24,2026-02-24,300.0,PE,RECLTD26FEB300PE,0.05,0.1,0.05,0.05,0.05,0.1,364.3,0.05,527800,-29400,61,25624410.0,25,F1,1400,,,,,
2026-02-18,2026-02-18,FO,NSE,STO,155412,,RECLTD,,2026-04-28,2026-04-28,390.0,CE,RECLTD26APR390CE,0.0,0.0,0.0,21.55,0.0,21.55,364.3,13.0,0,0,0,0.0,0,F1,1400,,,,,
2026-02-18,2026-02-18,FO,NSE,STO,155322,,RECLTD,,2026-04-28,2026-04-28,385.0,CE,RECLTD26APR385CE,0.0,0.0,0.0,23.35,0.0,23.35,364.3,14.7,0,0,0,0.0,0,F1,1400,,,,,
2026-02-18,2026-02-18,FO,NSE,STO,157126,,RECLTD,,2026-03-30,2026-03-30,425.0,CE,RECLTD26MAR425CE,0.0,0.0,0.0,8.65,0.0,8.65,364.3,1.95,0,0,0,0.0,0,F1,1400,,,,,
2026-02-18,2026-02-18,FO,NSE,STO,154148,,RECLTD,,2026-03-30,2026-03-30,397.5,CE,RECLTD26MAR397.5CE,2.85,3.25,2.55,2.85,2.85,13.45,364.3,2.85,50400,50400,53,29714720.0,45,F1,1400,,,,,
2026-02-18,2026-02-18,FO,NSE,STO,154150,,RECLTD,,2026-03-30,2026-03-30,402.5,CE,RECLTD26MAR402.5CE,2.35,2.85,2.3,2.3,2.3,4.15,364.3,2.3,32200,30800,28,15875930.0,23,F1,1400,,,,,
2026-02-18,2026-02-18,FO,NSE,STO,157124,,RECLTD,,2026-03-30,2026-03-30,420.0,CE,RECLTD26MAR420CE,1.3,1.65,1.2,1.3,1.25,1.2,364.3,1.3,263200,93800,113,66677590.0,92,F1,1400,,,,,
2026-02-18,2026-02-18,FO,NSE,STO,156979,,RECLTD,,2026-02-24,2026-02-24,352.5,PE,RECLTD26FEB352.5PE,2.0,2.0,0.95,1.05,1.15,2.6,364.3,1.05,700000,508200,1285,636490610.0,995,F1,1400,,,,,
2026-02-18,2026-02-18,FO,NSE,STO,156983,,RECLTD,,2026-02-24,2026-02-24,357.5,PE,RECLTD26FEB357.5PE,3.95,4.0,1.75,1.9,2.1,4.4,364.3,1.9,445200,46200,842,424264050.0,770,F1,1400,,,,,
2026-02-18,2026-02-18,FO,NSE,STO,156966,,RECLTD,,2026-02-24,2026-02-24,332.5,CE,RECLTD26FEB332.5CE,0.0,0.0,0.0,35.45,35.45,35.45,364.3,32.2,1400,0,0,0.0,0,F1,1400,,,,,
2026-02-18,2026-02-18,FO,NSE,STO,156944,,RECLTD,,2026-02-24,2026-02-24,295.0,CE,RECLTD26FEB295CE,0.0,0.0,0.0,62.45,0.0,62.45,364.3,69.55,0,0,0,0.0,0,F1,1400,,,,,
2026-02-18,2026-02-18,FO,NSE,STO,155413,,RECLTD,,2026-04-28,2026-04-28,390.0,PE,RECLTD26APR390PE,0.0,0.0,0.0,41.6,0.0,41.6,364.3,34.7,0,0,0,0.0,0,F1,1400,,,,,
2026-02-18,2026-02-18,FO,NSE,STO,154950,,RECLTD,,2026-04-28,2026-04-28,370.0,PE,RECLTD26APR370PE,0.0,0.0,0.0,29.9,0.0,29.9,364.3,22.55,0,0,0,0.0,0,F1,1400,,,,,
2026-02-18,2026-02-18,FO,NSE,STO,157121,,RECLTD,,2026-03-30,2026-03-30,410.0,PE,RECLTD26MAR410PE,0.0,0.0,0.0,49.9,49.9,49.9,364.3,46.9,4200,0,0,0.0,0,F1,1400,,,,,
2026-02-18,2026-02-18,FO,NSE,STO,157113,,RECLTD,,2026-03-30,2026-03-30,390.0,PE,RECLTD26MAR390PE,28.0,29.3,25.8,26.7,26.7,33.5,364.3,26.7,208600,21000,16,9351090.0,13,F1,1400,,,,,
2026-02-18,2026-02-18,FO,NSE,STO,154127,,RECLTD,,2026-03-30,2026-03-30,342.5,PE,RECLTD26MAR342.5PE,0.0,0.0,0.0,13.25,0.0,13.25,364.3,6.7,0,0,0,0.0,0,F1,1400,,,,,
2026-02-18,2026-02-18,FO,NSE,STO,130930,,RECLTD,,2026-02-24,2026-02-24,380.0,PE,RECLTD26FEB380PE,19.0,19.85,14.4,16.05,16.7,21.5,364.3,16.05,1766800,-186200,240,133468860.0,227,F1,1400,,,,,
2026-02-18,2026-02-18,FO,NSE,STO,156991,,RECLTD,,2026-02-24,2026-02-24,372.5,PE,RECLTD26FEB372.5PE,12.25,12.9,8.4,9.45,9.35,14.95,364.3,9.45,355600,-18200,140,75078360.0,138,F1,1400,,,,,
2026-02-18,2026-02-18,FO,NSE,STO,130924,,RECLTD,,2026-02-24,2026-02-24,350.0,PE,RECLTD26FEB350PE,1.65,1.65,0.75,0.85,0.9,1.95,364.3,0.85,3606400,1629600,4135,2032591190.0,2143,F1,1400,,,,,
2026-02-18,2026-02-18,FO,NSE,STO,156971,,RECLTD,,2026-02-24,2026-02-24,337.5,PE,RECLTD26FEB337.5PE,0.45,0.45,0.35,0.35,0.35,0.55,364.3,0.25,183400,-170800,216,102184390.0,135,F1,1400,,,,,
2026-02-18,2026-02-18,FO,NSE,STO,156969,,RECLTD,,2026-02-24,2026-02-24,335.0,PE,RECLTD26FEB335PE,0.45,0.45,0.3,0.35,0.35,0.5,364.3,0.35,212800,-350000,411,192978030.0,220,F1,1400,,,,,
2026-02-18,2026-02-18,FO,NSE,STO,156959,,RECLTD,,2026-02-24,2026-02-24,317.5,PE,RECLTD26FEB317.5PE,0.0,0.0,0.0,7.95,0.0,7.95,364.3,0.05,0,0,0,0.0,0,F1,1400,,,,,
2026-02-18,2026-02-18,FO,NSE,STO,154795,,RECLTD,,2026-04-28,2026-04-28,335.0,CE,RECLTD26APR335CE,0.0,0.0,0.0,48.55,0.0,48.55,364.3,40.95,0,0,0,0.0,0,F1,1400,,,,,
2026-02-18,2026-02-18,FO,NSE,STO,154154,,RECLTD,,2026-03-30,2026-03-30,412.5,CE,RECLTD26MAR412.5CE,0.0,0.0,0.0,9.7,0.0,9.7,364.3,3.35,0,0,0,0.0,0,F1,1400,,,,,
2026-02-18,2026-02-18,FO,NSE,STO,154144,,RECLTD,,2026-03-30,2026-03-30,387.5,CE,RECLTD26MAR387.5CE,4.0,5.15,4.0,4.5,4.5,9.25,364.3,8.45,18200,16800,14,7688030.0,11,F1,1400,,,,,
2026-02-18,2026-02-18,FO,NSE,STO,154136,,RECLTD,,2026-03-30,2026-03-30,367.5,CE,RECLTD26MAR367.5CE,0.0,0.0,0.0,24.7,0.0,24.7,364.3,15.95,0,0,0,0.0,0,F1,1400,,,,,
2026-02-18,2026-02-18,FO,NSE,STO,154130,,RECLTD,,2026-03-30,2026-03-30,352.5,CE,RECLTD26MAR352.5CE,0.0,0.0,0.0,32.35,0.0,32.35,364.3,24.0,0,0,0,0.0,0,F1,1400,,,,,
2026-02-18,2026-02-18,FO,NSE,STO,154120,,RECLTD,,2026-03-30,2026-03-30,327.5,CE,RECLTD26MAR327.5CE,0.0,0.0,0.0,48.4,0.0,48.4,364.3,42.05,0,0,0,0.0,0,F1,1400,,,,,
2026-02-18,2026-02-18,FO,NSE,STO,157082,,RECLTD,,2026-03-30,2026-03-30,315.0,CE,RECLTD26MAR315CE,0.0,0.0,0.0,52.4,0.0,52.4,364.3,52.8,0,0,0,0.0,0,F1,1400,,,,,
2026-02-18,2026-02-18,FO,NSE,STO,157080,,RECLTD,,2026-03-30,2026-03-30,310.0,CE,RECLTD26MAR310CE,55.55,55.9,55.55,55.9,55.9,43.7,364.3,57.3,47600,0,3,1536290.0,2,F1,1400,,,,,
2026-02-18,2026-02-18,FO,NSE,STO,157002,,RECLTD,,2026-02-24,2026-02-24,392.5,CE,RECLTD26FEB392.5CE,0.55,0.6,0.35,0.35,0.35,0.45,364.3,0.35,149800,-21000,40,22005690.0,35,F1,1400,,,,,
2026-02-18,2026-02-18,FO,NSE,STO,130925,,RECLTD,,2026-02-24,2026-02-24,360.0,CE,RECLTD26FEB360CE,4.65,9.3,4.65,7.15,6.75,4.8,364.3,7.15,1727600,-2133600,5759,2958332860.0,4576,F1,1400,,,,,
2026-02-18,2026-02-18,FO,NSE,STO,156968,,RECLTD,,2026-02-24,2026-02-24,335.0,CE,RECLTD26FEB335CE,0.0,0.0,0.0,30.5,30.5,30.5,364.3,29.75,0,0,0,0.0,0,F1,1400,,,,,
2026-02-18,2026-02-18,FO,NSE,STO,157091,,RECLTD,,2026-03-30,2026-03-30,335.0,PE,RECLTD26MAR335PE,2.6,2.75,2.3,2.35,2.35,3.7,364.3,2.35,96600,-22400,49,23149280.0,31,F1,1400,,,,,
2026-02-18,2026-02-18,FO,NSE,STO,157103,,RECLTD,,2026-03-30,2026-03-30,365.0,PE,RECLTD26MAR365PE,12.45,12.45,10.1,10.75,10.75,17.9,364.3,10.75,67200,56000,57,30004870.0,53,F1,1400,,,,,
2026-02-18,2026-02-18,FO,NSE,STO,157105,,RECLTD,,2026-03-30,2026-03-30,370.0,PE,RECLTD26MAR370PE,15.05,15.4,12.15,13.15,13.75,16.95,364.3,13.15,875000,281400,342,183702610.0,337,F1,1400,,,,,
2026-02-18,2026-02-18,FO,NSE,STO,154141,,RECLTD,,2026-03-30,2026-03-30,377.5,PE,RECLTD26MAR377.5PE,0.0,0.0,0.0,25.0,25.0,25.0,364.3,22.7,1400,0,0,0.0,0,F1,1400,,,,,
2026-02-18,2026-02-18,FO,NSE,STO,154145,,RECLTD,,2026-03-30,2026-03-30,387.5,PE,RECLTD26MAR387.5PE,0.0,0.0,0.0,36.15,0.0,36.15,364.3,29.35,0,0,0,0.0,0,F1,1400,,,,,
2026-02-18,2026-02-18,FO,NSE,STO,154155,,RECLTD,,2026-03-30,2026-03-30,412.5,PE,RECLTD26MAR412.5PE,0.0,0.0,0.0,53.9,0.0,53.9,364.3,49.05,0,0,0,0.0,0,F1,1400,,,,,
2026-02-18,2026-02-18,FO,NSE,STO,157127,,RECLTD,,2026-03-30,2026-03-30,425.0,PE,RECLTD26MAR425PE,0.0,0.0,0.0,75.95,0.0,75.95,364.3,60.1,0,0,0,0.0,0,F1,1400,,,,,
2026-02-18,2026-02-18,FO,NSE,STO,155841,,RECLTD,,2026-04-28,2026-04-28,405.0,PE,RECLTD26APR405PE,0.0,0.0,0.0,51.6,0.0,51.6,364.3,45.4,0,0,0,0.0,0,F1,1400,,,,,
2026-02-18,2026-02-18,FO,NSE,STO,154131,,RECLTD,,2026-03-30,2026-03-30,352.5,PE,RECLTD26MAR352.5PE,0.0,0.0,0.0,17.2,0.0,17.2,364.3,10.1,0,0,0,0.0,0,F1,1400,,,,,
2026-02-18,2026-02-18,FO,NSE,STO,156950,,RECLTD,,2026-02-24,2026-02-24,305.0,CE,RECLTD26FEB305CE,0.0,0.0,0.0,54.25,0.0,54.25,364.3,59.6,0,0,0,0.0,0,F1,1400,,,,,
2026-02-18,2026-02-18,FO,NSE,STO,130917,,RECLTD,,2026-02-24,2026-02-24,320.0,CE,RECLTD26FEB320CE,43.1,43.1,42.95,42.95,42.95,37.85,364.3,44.6,5600,-2800,2,1016470.0,2,F1,1400,,,,,
2026-02-18,2026-02-18,FO,NSE,STO,156960,,RECLTD,,2026-02-24,2026-02-24,322.5,CE,RECLTD26FEB322.5CE,0.0,0.0,0.0,41.25,0.0,41.25,364.3,42.1,0,0,0,0.0,0,F1,1400,,,,,
2026-02-18,2026-02-18,FO,NSE,STO,156974,,RECLTD,,2026-02-24,2026-02-24,345.0,CE,RECLTD26FEB345CE,16.0,21.75,16.0,19.9,19.7,15.15,364.3,19.9,173600,-53200,137,69843620.0,97,F1,1400,,,,,
2026-02-18,2026-02-18,FO,NSE,STO,156978,,RECLTD,,2026-02-24,2026-02-24,352.5,CE,RECLTD26FEB352.5CE,9.95,15.25,9.95,12.95,12.6,9.15,364.3,12.95,148400,-44800,110,56152740.0,106,F1,1400,,,,,
2026-02-18,2026-02-18,FO,NSE,STO,156980,,RECLTD,,2026-02-24,2026-02-24,355.0,CE,RECLTD26FEB355CE,7.3,13.3,7.3,10.9,10.35,7.4,364.3,10.9,604800,-259000,669,342013980.0,544,F1,1400,,,,,
2026-02-18,2026-02-18,FO,NSE,STO,156992,,RECLTD,,2026-02-24,2026-02-24,375.0,CE,RECLTD26FEB375CE,1.15,2.25,1.15,1.4,1.3,1.15,364.3,1.4,2959600,-198800,3319,1749851040.0,2027,F1,1400,,,,,
2026-02-18,2026-02-18,FO,NSE,STO,154116,,RECLTD,,2026-03-30,2026-03-30,317.5,CE,RECLTD26MAR317.5CE,0.0,0.0,0.0,55.85,0.0,55.85,364.3,50.55,0,0,0,0.0,0,F1,1400,,,,,
2026-02-18,2026-02-18,FO,NSE,STO,157102,,RECLTD,,2026-03-30,2026-03-30,365.0,CE,RECLTD26MAR365CE,11.0,13.6,10.9,12.05,11.8,10.2,364.3,12.05,158200,95200,220,116207910.0,153,F1,1400,,,,,
2026-02-18,2026-02-18,FO,NSE,STO,154861,,RECLTD,,2026-04-28,2026-04-28,345.0,CE,RECLTD26APR345CE,0.0,0.0,0.0,42.45,0.0,42.45,364.3,34.25,0,0,0,0.0,0,F1,1400,,,,,
2026-02-18,2026-02-18,FO,NSE,STO,155504,,RECLTD,,2026-04-28,2026-04-28,395.0,CE,RECLTD26APR395CE,0.0,0.0,0.0,19.85,0.0,19.85,364.3,11.5,0,0,0,0.0,0,F1,1400,,,,,
2026-02-18,2026-02-18,FO,NSE,STO,155904,,RECLTD,,2026-04-28,2026-04-28,410.0,CE,RECLTD26APR410CE,0.0,0.0,0.0,15.35,0.0,15.35,364.3,7.8,0,0,0,0.0,0,F1,1400,,,,,
2026-02-18,2026-02-18,FO,NSE,STO,130928,,RECLTD,,2026-02-24,2026-02-24,370.0,PE,RECLTD26FEB370PE,10.8,10.85,6.65,7.75,8.35,12.5,364.3,7.75,1626800,-340200,815,431703160.0,698,F1,1400,,,,,
2026-02-18,2026-02-18,FO,NSE,STO,156999,,RECLTD,,2026-02-24,2026-02-24,385.0,PE,RECLTD26FEB385PE,23.5,24.65,19.95,21.1,21.1,31.1,364.3,21.2,224000,-14000,22,12552540.0,22,F1,1400,,,,,
2026-02-18,2026-02-18,FO,NSE,STO,157013,,RECLTD,,2026-02-24,2026-02-24,407.5,PE,RECLTD26FEB407.5PE,0.0,0.0,0.0,55.7,55.7,55.7,364.3,42.85,2800,0,0,0.0,0,F1,1400,,,,,
2026-02-18,2026-02-18,FO,NSE,STO,157089,,RECLTD,,2026-03-30,2026-03-30,330.0,PE,RECLTD26MAR330PE,2.15,2.25,1.75,1.9,1.95,2.6,364.3,1.9,519400,156800,302,140342510.0,155,F1,1400,,,,,
2026-02-18,2026-02-18,FO,NSE,STO,154761,,RECLTD,,2026-04-28,2026-04-28,315.0,CE,RECLTD26APR315CE,0.0,0.0,0.0,62.35,0.0,62.35,364.3,56.35,0,0,0,0.0,0,F1,1400,,,,,
2026-02-18,2026-02-18,FO,NSE,STO,157116,,RECLTD,,2026-03-30,2026-03-30,400.0,CE,RECLTD26MAR400CE,2.35,3.2,2.25,2.6,2.5,2.35,364.3,2.6,1513400,197400,508,286410600.0,364,F1,1400,,,,,
2026-02-18,2026-02-18,FO,NSE,STO,154124,,RECLTD,,2026-03-30,2026-03-30,337.5,CE,RECLTD26MAR337.5CE,0.0,0.0,0.0,41.5,0.0,41.5,364.3,34.2,0,0,0,0.0,0,F1,1400,,,,,
2026-02-18,2026-02-18,FO,NSE,STO,157022,,RECLTD,,2026-02-24,2026-02-24,425.0,CE,RECLTD26FEB425CE,0.15,0.15,0.1,0.1,0.1,0.15,364.3,0.1,200200,-58800,60,35709030.0,16,F1,1400,,,,,
2026-02-18,2026-02-18,FO,NSE,STO,157000,,RECLTD,,2026-02-24,2026-02-24,387.5,CE,RECLTD26FEB387.5CE,0.6,0.7,0.45,0.5,0.5,0.5,364.3,0.5,278600,32200,151,82037410.0,125,F1,1400,,,,,
2026-02-18,2026-02-18,FO,NSE,STO,156988,,RECLTD,,2026-02-24,2026-02-24,367.5,CE,RECLTD26FEB367.5CE,2.35,4.85,2.35,3.3,3.1,2.3,364.3,3.3,354200,-149800,2005,1041578580.0,1730,F1,1400,,,,,
2026-02-18,2026-02-18,FO,NSE,STO,156984,,RECLTD,,2026-02-24,2026-02-24,362.5,CE,RECLTD26FEB362.5CE,4.3,7.6,4.1,5.65,5.25,3.7,364.3,5.65,471800,-100800,1999,1029731570.0,1842,F1,1400,,,,,
2026-02-18,2026-02-18,FO,NSE,STO,156976,,RECLTD,,2026-02-24,2026-02-24,347.5,CE,RECLTD26FEB347.5CE,15.25,19.4,14.45,17.9,17.35,12.9,364.3,17.9,144200,-11200,50,25463130.0,46,F1,1400,,,,,
2026-02-18,2026-02-18,FO,NSE,STO,154759,,RECLTD,,2026-04-28,2026-04-28,310.0,CE,RECLTD26APR310CE,0.0,0.0,0.0,66.1,0.0,66.1,364.3,60.55,0,0,0,0.0,0,F1,1400,,,,,
2026-02-18,2026-02-18,FO,NSE,STF,67002,,RECLTD,,2026-04-28,2026-04-28,,,RECLTD26APRFUT,363.75,370.7,363.75,368.6,367.6,363.0,364.3,368.6,1211000,8400,292,150332630.0,272,F1,1400,,,,,
2026-02-18,2026-02-18,FO,NSE,STO,130915,,RECLTD,,2026-02-24,2026-02-24,310.0,CE,RECLTD26FEB310CE,0.0,0.0,0.0,52.0,52.0,52.0,364.3,54.6,1400,0,0,0.0,0,F1,1400,,,,,
2026-02-18,2026-02-18,FO,NSE,STO,154948,,RECLTD,,2026-04-28,2026-04-28,365.0,PE,RECLTD26APR365PE,0.0,0.0,0.0,27.3,0.0,27.3,364.3,19.95,0,0,0,0.0,0,F1,1400,,,,,
2026-02-18,2026-02-18,FO,NSE,STO,154872,,RECLTD,,2026-04-28,2026-04-28,360.0,PE,RECLTD26APR360PE,0.0,0.0,0.0,24.85,0.0,24.85,364.3,17.55,0,0,0,0.0,0,F1,1400,,,,,
2026-02-18,2026-02-18,FO,NSE,STO,154790,,RECLTD,,2026-04-28,2026-04-28,320.0,PE,RECLTD26APR320PE,0.0,0.0,0.0,9.85,0.0,9.85,364.3,4.65,0,0,0,0.0,0,F1,1400,,,,,
2026-02-18,2026-02-18,FO,NSE,STO,157125,,RECLTD,,2026-03-30,2026-03-30,420.0,PE,RECLTD26MAR420PE,53.5,54.0,53.5,54.0,54.0,60.5,364.3,55.6,35000,2800,2,1326500.0,2,F1,1400,,,,,
2026-02-18,2026-02-18,FO,NSE,STO,157123,,RECLTD,,2026-03-30,2026-03-30,415.0,PE,RECLTD26MAR415PE,0.0,0.0,0.0,67.9,0.0,67.9,364.3,51.2,0,0,0,0.0,0,F1,1400,,,,,
2026-02-18,2026-02-18,FO,NSE,STO,157115,,RECLTD,,2026-03-30,2026-03-30,395.0,PE,RECLTD26MAR395PE,0.0,0.0,0.0,48.25,48.4,48.25,364.3,34.85,8400,0,0,0.0,0,F1,1400,,,,,
2026-02-18,2026-02-18,FO,NSE,STO,157109,,RECLTD,,2026-03-30,2026-03-30,380.0,PE,RECLTD26MAR380PE,21.25,22.2,18.6,19.65,19.9,24.5,364.3,19.65,295400,74200,120,67217920.0,96,F1,1400,,,,,
2026-02-18,2026-02-18,FO,NSE,STO,157083,,RECLTD,,2026-03-30,2026-03-30,315.0,PE,RECLTD26MAR315PE,0.0,0.0,0.0,11.35,0.0,11.35,364.3,1.6,0,0,0,0.0,0,F1,1400,,,,,
2026-02-18,2026-02-18,FO,NSE,STO,157017,,RECLTD,,2026-02-24,2026-02-24,415.0,PE,RECLTD26FEB415PE,0.0,0.0,0.0,55.15,55.15,55.15,364.3,50.35,2800,0,0,0.0,0,F1,1400,,,,,
2026-02-18,2026-02-18,FO,NSE,STO,157009,,RECLTD,,2026-02-24,2026-02-24,402.5,PE,RECLTD26FEB402.5PE,0.0,0.0,0.0,51.15,51.15,51.15,364.3,37.9,2800,0,0,0.0,0,F1,1400,,,,,
2026-02-18,2026-02-18,FO,NSE,STO,130932,,RECLTD,,2026-02-24,2026-02-24,390.0,PE,RECLTD26FEB390PE,27.7,29.25,23.55,25.1,25.1,31.05,364.3,25.8,355600,-8400,47,27390370.0,45,F1,1400,,,,,
2026-02-18,2026-02-18,FO,NSE,STO,156987,,RECLTD,,2026-02-24,2026-02-24,365.0,PE,RECLTD26FEB365PE,6.5,7.25,4.0,4.55,4.95,8.5,364.3,4.55,785400,-75600,1958,1014189960.0,1659,F1,1400,,,,,
2026-02-18,2026-02-18,FO,NSE,STO,156056,,RECLTD,,2026-04-28,2026-04-28,420.0,CE,RECLTD26APR420CE,0.0,0.0,0.0,12.9,0.0,12.9,364.3,5.9,0,0,0,0.0,0,F1,1400,,,,,
2026-02-18,2026-02-18,FO,NSE,STO,154947,,RECLTD,,2026-04-28,2026-04-28,365.0,CE,RECLTD26APR365CE,0.0,0.0,0.0,31.85,0.0,31.85,364.3,23.05,0,0,0,0.0,0,F1,1400,,,,,
2026-02-18,2026-02-18,FO,NSE,STO,157090,,RECLTD,,2026-03-30,2026-03-30,335.0,CE,RECLTD26MAR335CE,0.0,0.0,0.0,39.85,0.0,39.85,364.3,36.1,0,0,0,0.0,0,F1,1400,,,,,
2026-02-18,2026-02-18,FO,NSE,STO,157104,,RECLTD,,2026-03-30,2026-03-30,370.0,CE,RECLTD26MAR370CE,9.7,11.3,8.5,9.6,9.45,8.25,364.3,9.6,893200,18200,802,426422780.0,577,F1,1400,,,,,
2026-02-18,2026-02-18,FO,NSE,STO,154142,,RECLTD,,2026-03-30,2026-03-30,382.5,CE,RECLTD26MAR382.5CE,5.05,6.7,5.0,6.0,6.0,4.65,364.3,10.0,15400,4200,7,3803450.0,7,F1,1400,,,,,
2026-02-18,2026-02-18,FO,NSE,STO,157120,,RECLTD,,2026-03-30,2026-03-30,410.0,CE,RECLTD26MAR410CE,1.8,2.15,1.6,1.8,1.75,1.65,364.3,1.8,221200,103600,161,92843450.0,109,F1,1400,,,,,
2026-02-18,2026-02-18,FO,NSE,STO,154793,,RECLTD,,2026-04-28,2026-04-28,330.0,CE,RECLTD26APR330CE,0.0,0.0,0.0,51.8,0.0,51.8,364.3,44.6,0,0,0,0.0,0,F1,1400,,,,,
2026-02-18,2026-02-18,FO,NSE,STO,154863,,RECLTD,,2026-04-28,2026-04-28,350.0,CE,RECLTD26APR350CE,0.0,0.0,0.0,39.6,0.0,39.6,364.3,31.2,0,0,0,0.0,0,F1,1400,,,,,
2026-02-18,2026-02-18,FO,NSE,STO,154871,,RECLTD,,2026-04-28,2026-04-28,360.0,CE,RECLTD26APR360CE,0.0,0.0,0.0,34.3,0.0,34.3,364.3,25.55,0,0,0,0.0,0,F1,1400,,,,,
2026-02-18,2026-02-18,FO,NSE,STO,155840,,RECLTD,,2026-04-28,2026-04-28,405.0,CE,RECLTD26APR405CE,0.0,0.0,0.0,16.75,0.0,16.75,364.3,8.9,0,0,0,0.0,0,F1,1400,,,,,
2026-02-18,2026-02-18,FO,NSE,STO,130934,,RECLTD,,2026-02-24,2026-02-24,400.0,PE,RECLTD26FEB400PE,39.6,39.6,33.2,35.2,35.35,41.5,364.3,35.2,1262800,-79800,76,46414760.0,68,F1,1400,,,,,
2026-02-18,2026-02-18,FO,NSE,STO,157003,,RECLTD,,2026-02-24,2026-02-24,392.5,PE,RECLTD26FEB392.5PE,29.5,31.15,29.3,30.2,30.2,25.1,364.3,28.15,54600,-16800,14,8279110.0,14,F1,1400,,,,,
2026-02-18,2026-02-18,FO,NSE,STO,130926,,RECLTD,,2026-02-24,2026-02-24,360.0,PE,RECLTD26FEB360PE,5.0,5.15,2.3,2.6,2.85,5.6,364.3,2.6,3136000,660800,5887,2994653620.0,3955,F1,1400,,,,,
2026-02-18,2026-02-18,FO,NSE,STO,154128,,RECLTD,,2026-03-30,2026-03-30,347.5,CE,RECLTD26MAR347.5CE,0.0,0.0,0.0,35.25,0.0,35.25,364.3,27.2,0,0,0,0.0,0,F1,1400,,,,,
2026-02-18,2026-02-18,FO,NSE,STO,157119,,RECLTD,,2026-03-30,2026-03-30,405.0,PE,RECLTD26MAR405PE,0.0,0.0,0.0,60.2,0.0,60.2,364.3,42.75,0,0,0,0.0,0,F1,1400,,,,,
2026-02-18,2026-02-18,FO,NSE,STO,130913,,RECLTD,,2026-02-24,2026-02-24,300.0,CE,RECLTD26FEB300CE,63.0,66.9,63.0,65.0,65.0,56.95,364.3,65.0,30800,1400,8,4094020.0,6,F1,1400,,,,,
2026-02-18,2026-02-18,FO,NSE,STO,156958,,RECLTD,,2026-02-24,2026-02-24,317.5,CE,RECLTD26FEB317.5CE,0.0,0.0,0.0,44.8,0.0,44.8,364.3,47.1,0,0,0,0.0,0,F1,1400,,,,,
2026-02-18,2026-02-18,FO,NSE,STO,154147,,RECLTD,,2026-03-30,2026-03-30,392.5,PE,RECLTD26MAR392.5PE,0.0,0.0,0.0,39.45,0.0,39.45,364.3,32.95,0,0,0,0.0,0,F1,1400,,,,,
2026-02-18,2026-02-18,FO,NSE,STO,154121,,RECLTD,,2026-03-30,2026-03-30,327.5,PE,RECLTD26MAR327.5PE,1.75,1.75,1.65,1.7,1.7,2.5,364.3,3.25,40600,-1400,6,2765350.0,6,F1,1400,,,,,
2026-02-18,2026-02-18,FO,NSE,STO,157087,,RECLTD,,2026-03-30,2026-03-30,325.0,PE,RECLTD26MAR325PE,1.7,1.7,1.4,1.55,1.55,2.05,364.3,2.85,85400,0,27,12344500.0,24,F1,1400,,,,,
2026-02-18,2026-02-18,FO,NSE,STO,156986,,RECLTD,,2026-02-24,2026-02-24,365.0,CE,RECLTD26FEB365CE,3.0,6.15,3.0,4.3,4.05,2.95,364.3,4.3,1541400,-824600,7128,3687014730.0,5188,F1,1400,,,,,
2026-02-18,2026-02-18,FO,NSE,STO,157008,,RECLTD,,2026-02-24,2026-02-24,402.5,CE,RECLTD26FEB402.5CE,0.3,0.35,0.25,0.25,0.25,0.3,364.3,0.05,93800,-15400,14,7894600.0,11,F1,1400,,,,,
2026-02-18,2026-02-18,FO,NSE,STO,155702,,RECLTD,,2026-04-28,2026-04-28,400.0,CE,RECLTD26APR400CE,0.0,0.0,0.0,18.25,0.0,18.25,364.3,10.15,0,0,0,0.0,0,F1,1400,,,,,
2026-02-18,2026-02-18,FO,NSE,STO,154138,,RECLTD,,2026-03-30,2026-03-30,372.5,CE,RECLTD26MAR372.5CE,0.0,0.0,0.0,7.2,7.2,7.2,364.3,13.75,25200,0,0,0.0,0,F1,1400,,,,,
2026-02-18,2026-02-18,FO,NSE,STO,157096,,RECLTD,,2026-03-30,2026-03-30,350.0,CE,RECLTD26MAR350CE,18.75,23.4,18.55,21.3,21.0,18.15,364.3,21.3,1554000,-25200,252,130915470.0,156,F1,1400,,,,,
2026-02-18,2026-02-18,FO,NSE,STO,154122,,RECLTD,,2026-03-30,2026-03-30,332.5,CE,RECLTD26MAR332.5CE,0.0,0.0,0.0,44.85,0.0,44.85,364.3,38.0,0,0,0,0.0,0,F1,1400,,,,,
2026-02-18,2026-02-18,FO,NSE,STO,154118,,RECLTD,,2026-03-30,2026-03-30,322.5,CE,RECLTD26MAR322.5CE,0.0,0.0,0.0,52.05,0.0,52.05,364.3,46.2,0,0,0,0.0,0,F1,1400,,,,,
2026-02-18,2026-02-18,FO,NSE,STO,156970,,RECLTD,,2026-02-24,2026-02-24,337.5,CE,RECLTD26FEB337.5CE,0.0,0.0,0.0,22.05,22.05,22.05,364.3,27.35,29400,0,0,0.0,0,F1,1400,,,,,
2026-02-18,2026-02-18,FO,NSE,STO,156962,,RECLTD,,2026-02-24,2026-02-24,325.0,CE,RECLTD26FEB325CE,0.0,0.0,0.0,39.55,0.0,39.55,364.3,39.6,0,0,0,0.0,0,F1,1400,,,,,
2026-02-18,2026-02-18,FO,NSE,STO,156956,,RECLTD,,2026-02-24,2026-02-24,315.0,CE,RECLTD26FEB315CE,0.0,0.0,0.0,46.6,0.0,46.6,364.3,49.6,0,0,0,0.0,0,F1,1400,,,,,
2026-02-18,2026-02-18,FO,NSE,STO,154123,,RECLTD,,2026-03-30,2026-03-30,332.5,PE,RECLTD26MAR332.5PE,2.15,2.15,2.15,2.15,2.15,3.2,364.3,4.2,16800,1400,1,468510.0,1,F1,1400,,,,,
2026-02-18,2026-02-18,FO,NSE,STO,157112,,RECLTD,,2026-03-30,2026-03-30,390.0,CE,RECLTD26MAR390CE,3.6,4.65,3.45,4.0,3.9,3.45,364.3,4.0,351400,58800,136,75014870.0,118,F1,1400,,,,,
2026-02-18,2026-02-18,FO,NSE,STO,154143,,RECLTD,,2026-03-30,2026-03-30,382.5,PE,RECLTD26MAR382.5PE,0.0,0.0,0.0,33.0,0.0,33.0,364.3,25.9,0,0,0,0.0,0,F1,1400,,,,,
2026-02-18,2026-02-18,FO,NSE,STO,154792,,RECLTD,,2026-04-28,2026-04-28,325.0,PE,RECLTD26APR325PE,0.0,0.0,0.0,11.3,0.0,11.3,364.3,5.7,0,0,0,0.0,0,F1,1400,,,,,
2026-02-18,2026-02-18,FO,NSE,STO,154864,,RECLTD,,2026-04-28,2026-04-28,350.0,PE,RECLTD26APR350PE,0.0,0.0,0.0,20.3,0.0,20.3,364.3,13.25,0,0,0,0.0,0,F1,1400,,,,,
2026-02-18,2026-02-18,FO,NSE,STO,155703,,RECLTD,,2026-04-28,2026-04-28,400.0,PE,RECLTD26APR400PE,0.0,0.0,0.0,48.15,0.0,48.15,364.3,41.7,0,0,0,0.0,0,F1,1400,,,,,
2026-02-18,2026-02-18,FO,NSE,STO,157079,,RECLTD,,2026-03-30,2026-03-30,305.0,PE,RECLTD26MAR305PE,0.0,0.0,0.0,2.0,2.0,2.0,364.3,0.8,11200,0,0,0.0,0,F1,1400,,,,,
2026-02-18,2026-02-18,FO,NSE,STO,130938,,RECLTD,,2026-02-24,2026-02-24,420.0,PE,RECLTD26FEB420PE,54.5,55.5,52.9,54.7,54.7,62.3,364.3,54.7,322000,-15400,15,9971780.0,11,F1,1400,,,,,
2026-02-18,2026-02-18,FO,NSE,STO,157001,,RECLTD,,2026-02-24,2026-02-24,387.5,PE,RECLTD26FEB387.5PE,0.0,0.0,0.0,29.0,29.0,29.0,364.3,23.45,102200,0,0,0.0,0,F1,1400,,,,,
2026-02-18,2026-02-18,FO,NSE,STO,156997,,RECLTD,,2026-02-24,2026-02-24,382.5,PE,RECLTD26FEB382.5PE,20.75,22.0,16.65,18.55,18.55,35.5,364.3,19.0,270200,-46200,55,31028830.0,54,F1,1400,,,,,
2026-02-18,2026-02-18,FO,NSE,STO,156989,,RECLTD,,2026-02-24,2026-02-24,367.5,PE,RECLTD26FEB367.5PE,8.35,8.85,5.25,6.1,6.45,10.55,364.3,6.1,277200,-65800,355,185958430.0,332,F1,1400,,,,,
2026-02-18,2026-02-18,FO,NSE,STO,156973,,RECLTD,,2026-02-24,2026-02-24,342.5,PE,RECLTD26FEB342.5PE,0.6,0.65,0.4,0.4,0.4,0.85,364.3,0.4,420000,1400,80,38419570.0,72,F1,1400,,,,,
2026-02-18,2026-02-18,FO,NSE,STO,130916,,RECLTD,,2026-02-24,2026-02-24,310.0,PE,RECLTD26FEB310PE,0.1,0.15,0.1,0.15,0.15,0.2,364.3,0.05,259000,-14000,58,25182010.0,32,F1,1400,,,,,
2026-02-18,2026-02-18,FO,NSE,STO,156951,,RECLTD,,2026-02-24,2026-02-24,305.0,PE,RECLTD26FEB305PE,0.0,0.0,0.0,0.15,0.15,0.15,364.3,0.05,57400,0,0,0.0,0,F1,1400,,,,,
2026-02-18,2026-02-18,FO,NSE,STO,130912,,RECLTD,,2026-02-24,2026-02-24,290.0,PE,RECLTD26FEB290PE,0.05,0.05,0.05,0.05,0.05,0.1,364.3,0.05,191800,-36400,38,15430660.0,4,F1,1400,,,,,
2026-02-18,2026-02-18,FO,NSE,STO,154762,,RECLTD,,2026-04-28,2026-04-28,315.0,PE,RECLTD26APR315PE,0.0,0.0,0.0,8.55,0.0,8.55,364.3,3.8,0,0,0,0.0,0,F1,1400,,,,,
2026-02-18,2026-02-18,FO,NSE,STO,130927,,RECLTD,,2026-02-24,2026-02-24,370.0,CE,RECLTD26FEB370CE,1.85,3.8,1.75,2.4,2.4,1.8,364.3,2.4,3676400,-618800,8199,4278902320.0,5569,F1,1400,,,,,
2026-02-18,2026-02-18,FO,NSE,STO,130921,,RECLTD,,2026-02-24,2026-02-24,340.0,CE,RECLTD26FEB340CE,21.2,26.65,20.45,25.0,24.8,19.8,364.3,25.0,317800,-47600,132,67295830.0,88,F1,1400,,,,,
2026-02-18,2026-02-18,FO,NSE,STF,52021,,RECLTD,,2026-03-30,2026-03-30,,,RECLTD26MARFUT,360.05,368.65,360.0,366.15,365.7,360.55,364.3,366.15,18125800,4715200,6521,3336144560.0,5421,F1,1400,,,,,
2026-02-18,2026-02-18,FO,NSE,STO,154868,,RECLTD,,2026-04-28,2026-04-28,355.0,PE,RECLTD26APR355PE,0.0,0.0,0.0,22.5,0.0,22.5,364.3,15.3,0,0,0,0.0,0,F1,1400,,,,,
2026-02-18,2026-02-18,FO,NSE,STO,157093,,RECLTD,,2026-03-30,2026-03-30,340.0,PE,RECLTD26MAR340PE,3.9,3.95,2.8,3.15,3.2,4.4,364.3,3.15,583800,-96600,346,166351710.0,220,F1,1400,,,,,
2026-02-18,2026-02-18,FO,NSE,STO,154117,,RECLTD,,2026-03-30,2026-03-30,317.5,PE,RECLTD26MAR317.5PE,0.0,0.0,0.0,6.1,0.0,6.1,364.3,1.85,0,0,0,0.0,0,F1,1400,,,,,
2026-02-18,2026-02-18,FO,NSE,STO,156993,,RECLTD,,2026-02-24,2026-02-24,375.0,PE,RECLTD26FEB375PE,15.45,15.45,10.1,11.7,12.05,16.65,364.3,11.7,655200,-60200,174,94402070.0,170,F1,1400,,,,,
2026-02-18,2026-02-18,FO,NSE,STO,156981,,RECLTD,,2026-02-24,2026-02-24,355.0,PE,RECLTD26FEB355PE,2.9,2.9,1.25,1.4,1.55,3.4,364.3,1.4,1216600,89600,1976,987003290.0,1460,F1,1400,,,,,
2026-02-18,2026-02-18,FO,NSE,STO,156977,,RECLTD,,2026-02-24,2026-02-24,347.5,PE,RECLTD26FEB347.5PE,1.3,1.3,0.55,0.65,0.55,1.45,364.3,0.65,210000,61600,244,118995590.0,200,F1,1400,,,,,
2026-02-18,2026-02-18,FO,NSE,STO,154146,,RECLTD,,2026-03-30,2026-03-30,392.5,CE,RECLTD26MAR392.5CE,3.95,4.15,3.95,4.15,4.15,3.05,364.3,7.1,15400,2800,4,2220680.0,3,F1,1400,,,,,
2026-02-18,2026-02-18,FO,NSE,STO,157110,,RECLTD,,2026-03-30,2026-03-30,385.0,CE,RECLTD26MAR385CE,4.85,5.9,4.35,5.15,5.15,4.25,364.3,5.15,177800,93800,127,69369370.0,96,F1,1400,,,,,
2026-02-18,2026-02-18,FO,NSE,STO,130933,,RECLTD,,2026-02-24,2026-02-24,400.0,CE,RECLTD26FEB400CE,0.35,0.4,0.25,0.3,0.3,0.35,364.3,0.3,4293800,-487200,1744,977440030.0,555,F1,1400,,,,,
2026-02-18,2026-02-18,FO,NSE,STO,157085,,RECLTD,,2026-03-30,2026-03-30,320.0,PE,RECLTD26MAR320PE,1.3,1.35,1.15,1.25,1.25,1.6,364.3,1.25,221200,-43400,65,29232980.0,44,F1,1400,,,,,
2026-02-18,2026-02-18,FO,NSE,STO,157077,,RECLTD,,2026-03-30,2026-03-30,300.0,PE,RECLTD26MAR300PE,0.45,0.6,0.45,0.6,0.55,0.65,364.3,0.6,82600,-5600,28,11783030.0,23,F1,1400,,,,,
2026-02-18,2026-02-18,FO,NSE,STO,157007,,RECLTD,,2026-02-24,2026-02-24,397.5,PE,RECLTD26FEB397.5PE,0.0,0.0,0.0,50.7,50.7,50.7,364.3,33.0,16800,0,0,0.0,0,F1,1400,,,,,
2026-02-18,2026-02-18,FO,NSE,STO,156961,,RECLTD,,2026-02-24,2026-02-24,322.5,PE,RECLTD26FEB322.5PE,0.0,0.0,0.0,9.35,0.0,9.35,364.3,0.05,0,0,0,0.0,0,F1,1400,,,,,
2026-02-18,2026-02-18,FO,NSE,STO,130918,,RECLTD,,2026-02-24,2026-02-24,320.0,PE,RECLTD26FEB320PE,0.25,0.25,0.2,0.2,0.2,0.25,364.3,0.2,638400,-42000,54,24208240.0,39,F1,1400,,,,,
2026-02-18,2026-02-18,FO,NSE,STO,155056,,RECLTD,,2026-04-28,2026-04-28,380.0,CE,RECLTD26APR380CE,0.0,0.0,0.0,25.3,0.0,25.3,364.3,16.5,0,0,0,0.0,0,F1,1400,,,,,
2026-02-18,2026-02-18,FO,NSE,STO,154867,,RECLTD,,2026-04-28,2026-04-28,355.0,CE,RECLTD26APR355CE,0.0,0.0,0.0,36.9,0.0,36.9,364.3,28.3,0,0,0,0.0,0,F1,1400,,,,,
2026-02-18,2026-02-18,FO,NSE,STO,157118,,RECLTD,,2026-03-30,2026-03-30,405.0,CE,RECLTD26MAR405CE,2.35,2.6,2.1,2.15,2.1,12.6,364.3,2.15,30800,30800,33,18819080.0,29,F1,1400,,,,,
2026-02-18,2026-02-18,FO,NSE,STO,157114,,RECLTD,,2026-03-30,2026-03-30,395.0,CE,RECLTD26MAR395CE,3.3,3.65,2.8,3.15,3.1,2.65,364.3,3.15,58800,15400,48,26761140.0,39,F1,1400,,,,,
2026-02-18,2026-02-18,FO,NSE,STO,154789,,RECLTD,,2026-04-28,2026-04-28,320.0,CE,RECLTD26APR320CE,0.0,0.0,0.0,58.7,0.0,58.7,364.3,52.3,0,0,0,0.0,0,F1,1400,,,,,
2026-02-18,2026-02-18,FO,NSE,STO,154859,,RECLTD,,2026-04-28,2026-04-28,340.0,CE,RECLTD26APR340CE,0.0,0.0,0.0,45.45,0.0,45.45,364.3,37.55,0,0,0,0.0,0,F1,1400,,,,,
2026-02-18,2026-02-18,FO,NSE,STO,156964,,RECLTD,,2026-02-24,2026-02-24,327.5,CE,RECLTD26FEB327.5CE,0.0,0.0,0.0,37.9,0.0,37.9,364.3,37.15,0,0,0,0.0,0,F1,1400,,,,,
2026-02-18,2026-02-18,FO,NSE,STO,156972,,RECLTD,,2026-02-24,2026-02-24,342.5,CE,RECLTD26FEB342.5CE,20.05,23.8,19.3,22.65,22.65,17.4,364.3,22.65,75600,4200,31,15772050.0,31,F1,1400,,,,,
2026-02-18,2026-02-18,FO,NSE,STO,130929,,RECLTD,,2026-02-24,2026-02-24,380.0,CE,RECLTD26FEB380CE,0.8,1.4,0.75,0.9,0.85,0.85,364.3,0.9,5553800,-679000,3557,1897462770.0,2104,F1,1400,,,,,
2026-02-18,2026-02-18,FO,NSE,STO,156996,,RECLTD,,2026-02-24,2026-02-24,382.5,CE,RECLTD26FEB382.5CE,0.75,1.15,0.6,0.7,0.65,0.7,364.3,0.7,380800,-151200,332,178164910.0,257,F1,1400,,,,,
2026-02-18,2026-02-18,FO,NSE,STO,157004,,RECLTD,,2026-02-24,2026-02-24,395.0,CE,RECLTD26FEB395CE,0.4,0.5,0.3,0.4,0.4,0.4,364.3,0.4,506800,-18200,242,133980140.0,169,F1,1400,,,,,
2026-02-18,2026-02-18,FO,NSE,STO,157088,,RECLTD,,2026-03-30,2026-03-30,330.0,CE,RECLTD26MAR330CE,0.0,0.0,0.0,33.45,33.2,33.45,364.3,40.0,5600,0,0,0.0,0,F1,1400,,,,,
2026-02-18,2026-02-18,FO,NSE,STO,157094,,RECLTD,,2026-03-30,2026-03-30,345.0,CE,RECLTD26MAR345CE,0.0,0.0,0.0,15.3,15.3,15.3,364.3,28.85,8400,0,0,0.0,0,F1,1400,,,,,
2026-02-18,2026-02-18,FO,NSE,STO,157098,,RECLTD,,2026-03-30,2026-03-30,355.0,CE,RECLTD26MAR355CE,16.45,19.85,16.15,18.1,17.75,15.1,364.3,18.1,149800,-21000,42,21905380.0,36,F1,1400,,,,,
2026-02-18,2026-02-18,FO,NSE,STO,157106,,RECLTD,,2026-03-30,2026-03-30,375.0,CE,RECLTD26MAR375CE,6.75,9.1,6.75,7.7,7.65,6.65,364.3,7.7,196000,19600,98,52527230.0,71,F1,1400,,,,,
2026-02-18,2026-02-18,FO,NSE,STO,157129,,RECLTD,,2026-03-30,2026-03-30,430.0,PE,RECLTD26MAR430PE,64.75,65.6,62.9,63.4,63.4,70.1,364.3,64.7,28000,22400,16,11080300.0,15,F1,1400,,,,,
2026-02-18,2026-02-18,FO,NSE,STO,154129,,RECLTD,,2026-03-30,2026-03-30,347.5,PE,RECLTD26MAR347.5PE,0.0,0.0,0.0,15.15,0.0,15.15,364.3,8.3,0,0,0,0.0,0,F1,1400,,,,,
2026-02-18,2026-02-18,FO,NSE,STO,157095,,RECLTD,,2026-03-30,2026-03-30,345.0,PE,RECLTD26MAR345PE,4.75,4.75,3.7,4.05,4.05,5.55,364.3,4.05,64400,39200,100,48879460.0,80,F1,1400,,,,,
2026-02-18,2026-02-18,FO,NSE,STO,157086,,RECLTD,,2026-03-30,2026-03-30,325.0,CE,RECLTD26MAR325CE,0.0,0.0,0.0,45.85,0.0,45.85,364.3,44.1,0,0,0,0.0,0,F1,1400,,,,,
2026-02-18,2026-02-18,FO,NSE,STO,157084,,RECLTD,,2026-03-30,2026-03-30,320.0,CE,RECLTD26MAR320CE,0.0,0.0,0.0,49.05,0.0,49.05,364.3,48.4,0,0,0,0.0,0,F1,1400,,,,,
2026-02-18,2026-02-18,FO,NSE,STO,156982,,RECLTD,,2026-02-24,2026-02-24,357.5,CE,RECLTD26FEB357.5CE,6.0,11.15,6.0,8.85,8.5,6.0,364.3,8.85,155400,-110600,449,230055700.0,414,F1,1400,,,,,
2026-02-18,2026-02-18,FO,NSE,STO,130919,,RECLTD,,2026-02-24,2026-02-24,330.0,CE,RECLTD26FEB330CE,32.25,36.4,32.25,35.2,35.2,29.3,364.3,34.65,152600,-5600,12,6130110.0,11,F1,1400,,,,,
2026-02-18,2026-02-18,FO,NSE,STO,154860,,RECLTD,,2026-04-28,2026-04-28,340.0,PE,RECLTD26APR340PE,0.0,0.0,0.0,16.25,0.0,16.25,364.3,9.7,0,0,0,0.0,0,F1,1400,,,,,
2026-02-18,2026-02-18,FO,NSE,STO,154760,,RECLTD,,2026-04-28,2026-04-28,310.0,PE,RECLTD26APR310PE,0.0,0.0,0.0,7.4,0.0,7.4,364.3,3.05,0,0,0,0.0,0,F1,1400,,,,,
2026-02-18,2026-02-18,FO,NSE,STO,154151,,RECLTD,,2026-03-30,2026-03-30,402.5,PE,RECLTD26MAR402.5PE,0.0,0.0,0.0,46.45,0.0,46.45,364.3,40.7,0,0,0,0.0,0,F1,1400,,,,,
2026-02-18,2026-02-18,FO,NSE,STO,157117,,RECLTD,,2026-03-30,2026-03-30,400.0,PE,RECLTD26MAR400PE,39.0,39.0,33.8,35.3,35.5,40.95,364.3,35.3,446600,88200,89,54355420.0,76,F1,1400,,,,,
2026-02-18,2026-02-18,FO,NSE,STO,157111,,RECLTD,,2026-03-30,2026-03-30,385.0,PE,RECLTD26MAR385PE,23.45,23.45,23.45,23.45,23.45,35.5,364.3,23.45,2800,0,1,571830.0,1,F1,1400,,,,,
2026-02-18,2026-02-18,FO,NSE,STO,157107,,RECLTD,,2026-03-30,2026-03-30,375.0,PE,RECLTD26MAR375PE,16.0,16.0,16.0,16.0,16.0,24.05,364.3,21.15,7000,1400,1,547400.0,1,F1,1400,,,,,
2026-02-18,2026-02-18,FO,NSE,STO,169649,,TATATECH,,2026-03-30,2026-03-30,495.0,PE,TATATECH26MAR495PE,0.0,0.0,0.0,0.25,0.0,0.25,604.9,0.1,0,0,0,0.0,0,F1,800,,,,,
2026-02-18,2026-02-18,FO,NSE,STO,162033,,TATATECH,,2026-02-24,2026-02-24,670.0,PE,TATATECH26FEB670PE,64.25,68.35,63.95,63.95,63.95,64.65,604.9,63.95,60800,-4000,14,8247200.0,14,F1,800,,,,,
2026-02-18,2026-02-18,FO,NSE,STO,162031,,TATATECH,,2026-02-24,2026-02-24,665.0,PE,TATATECH26FEB665PE,0.0,0.0,0.0,25.95,25.95,25.95,604.9,59.5,65600,0,0,0.0,0,F1,800,,,,,
2026-02-18,2026-02-18,FO,NSE,STO,162027,,TATATECH,,2026-02-24,2026-02-24,650.0,PE,TATATECH26FEB650PE,43.75,47.35,43.0,44.05,45.1,44.95,604.9,44.05,234400,0,22,12244720.0,22,F1,800,,,,,
2026-02-18,2026-02-18,FO,NSE,STO,162017,,TATATECH,,2026-02-24,2026-02-24,615.0,PE,TATATECH26FEB615PE,15.2,17.75,13.4,13.6,13.8,15.1,604.9,13.6,50400,0,18,9085000.0,18,F1,800,,,,,
2026-02-18,2026-02-18,FO,NSE,STO,141379,,TATATECH,,2026-02-24,2026-02-24,560.0,PE,TATATECH26FEB560PE,1.25,1.3,0.65,0.7,0.7,1.2,604.9,0.7,42400,-4000,41,18398520.0,40,F1,800,,,,,
2026-02-18,2026-02-18,FO,NSE,STO,161989,,TATATECH,,2026-02-24,2026-02-24,525.0,PE,TATATECH26FEB525PE,0.0,0.0,0.0,0.9,0.0,0.9,604.9,0.05,0,0,0,0.0,0,F1,800,,,,,
2026-02-18,2026-02-18,FO,NSE,STO,169786,,TATATECH,,2026-04-28,2026-04-28,710.0,CE,TATATECH26APR710CE,0.0,0.0,0.0,19.95,0.0,19.95,604.9,2.55,0,0,0,0.0,0,F1,800,,,,,
2026-02-18,2026-02-18,FO,NSE,STO,161992,,TATATECH,,2026-02-24,2026-02-24,535.0,CE,TATATECH26FEB535CE,0.0,0.0,0.0,110.0,0.0,110.0,604.9,70.4,0,0,0,0.0,0,F1,800,,,,,
2026-02-18,2026-02-18,FO,NSE,STO,162002,,TATATECH,,2026-02-24,2026-02-24,570.0,CE,TATATECH26FEB570CE,0.0,0.0,0.0,37.0,37.0,37.0,604.9,35.6,7200,0,0,0.0,0,F1,800,,,,,
2026-02-18,2026-02-18,FO,NSE,STO,141382,,TATATECH,,2026-02-24,2026-02-24,600.0,CE,TATATECH26FEB600CE,12.25,13.85,9.7,12.55,11.7,13.85,604.9,12.55,209600,-20800,400,195665640.0,335,F1,800,,,,,
2026-02-18,2026-02-18,FO,NSE,STO,162022,,TATATECH,,2026-02-24,2026-02-24,635.0,CE,TATATECH26FEB635CE,1.85,1.85,1.2,1.4,1.4,2.4,604.9,1.4,246400,-34400,120,61090800.0,88,F1,800,,,,,
2026-02-18,2026-02-18,FO,NSE,STO,141388,,TATATECH,,2026-02-24,2026-02-24,640.0,CE,TATATECH26FEB640CE,1.8,1.8,0.9,1.05,1.1,2.0,604.9,1.05,316800,-37600,260,133349680.0,209,F1,800,,,,,
2026-02-18,2026-02-18,FO,NSE,STO,162032,,TATATECH,,2026-02-24,2026-02-24,670.0,CE,TATATECH26FEB670CE,0.55,0.55,0.35,0.4,0.4,0.65,604.9,0.4,260800,-32000,97,52023840.0,68,F1,800,,,,,
2026-02-18,2026-02-18,FO,NSE,STO,162036,,TATATECH,,2026-02-24,2026-02-24,685.0,CE,TATATECH26FEB685CE,0.0,0.0,0.0,2.15,2.15,2.15,604.9,0.05,22400,0,0,0.0,0,F1,800,,,,,
2026-02-18,2026-02-18,FO,NSE,STO,169686,,TATATECH,,2026-03-30,2026-03-30,685.0,CE,TATATECH26MAR685CE,0.0,0.0,0.0,20.45,0.0,20.45,604.9,1.7,0,0,0,0.0,0,F1,800,,,,,
2026-02-18,2026-02-18,FO,NSE,STO,162157,,TATATECH,,2026-03-30,2026-03-30,720.0,PE,TATATECH26MAR720PE,0.0,0.0,0.0,83.45,0.0,83.45,604.9,111.15,0,0,0,0.0,0,F1,800,,,,,
2026-02-18,2026-02-18,FO,NSE,STO,162149,,TATATECH,,2026-03-30,2026-03-30,680.0,PE,TATATECH26MAR680PE,75.0,75.0,74.0,74.0,74.0,75.5,604.9,74.0,8000,1600,2,1207200.0,2,F1,800,,,,,
2026-02-18,2026-02-18,FO,NSE,STO,162137,,TATATECH,,2026-03-30,2026-03-30,620.0,PE,TATATECH26MAR620PE,27.75,27.75,27.75,27.75,27.75,24.5,604.9,26.0,2400,800,1,518200.0,1,F1,800,,,,,
2026-02-18,2026-02-18,FO,NSE,STO,169671,,TATATECH,,2026-03-30,2026-03-30,605.0,PE,TATATECH26MAR605PE,0.0,0.0,0.0,10.8,0.0,10.8,604.9,17.85,0,0,0,0.0,0,F1,800,,,,,
2026-02-18,2026-02-18,FO,NSE,STO,141395,,TATATECH,,2026-02-24,2026-02-24,640.0,PE,TATATECH26FEB640PE,37.5,38.85,34.0,34.85,35.7,29.1,604.9,34.85,234400,0,7,3791880.0,7,F1,800,,,,,
2026-02-18,2026-02-18,FO,NSE,STO,141375,,TATATECH,,2026-02-24,2026-02-24,520.0,PE,TATATECH26FEB520PE,0.3,0.35,0.2,0.2,0.2,0.45,604.9,0.05,73600,0,14,5827000.0,14,F1,800,,,,,
2026-02-18,2026-02-18,FO,NSE,STO,169788,,TATATECH,,2026-04-28,2026-04-28,720.0,CE,TATATECH26APR720CE,0.0,0.0,0.0,17.25,0.0,17.25,604.9,1.9,0,0,0,0.0,0,F1,800,,,,,
2026-02-18,2026-02-18,FO,NSE,STO,169762,,TATATECH,,2026-04-28,2026-04-28,590.0,CE,TATATECH26APR590CE,0.0,0.0,0.0,81.55,0.0,81.55,604.9,37.2,0,0,0,0.0,0,F1,800,,,,,
2026-02-18,2026-02-18,FO,NSE,STO,141402,,TATATECH,,2026-02-24,2026-02-24,700.0,CE,TATATECH26FEB700CE,0.15,0.25,0.1,0.1,0.1,0.3,604.9,0.1,440800,-23200,57,31926200.0,33,F1,800,,,,,
2026-02-18,2026-02-18,FO,NSE,STO,169758,,TATATECH,,2026-04-28,2026-04-28,570.0,CE,TATATECH26APR570CE,0.0,0.0,0.0,97.25,0.0,97.25,604.9,50.4,0,0,0,0.0,0,F1,800,,,,,
2026-02-18,2026-02-18,FO,NSE,STO,169752,,TATATECH,,2026-04-28,2026-04-28,540.0,CE,TATATECH26APR540CE,0.0,0.0,0.0,122.9,0.0,122.9,604.9,74.2,0,0,0,0.0,0,F1,800,,,,,
2026-02-18,2026-02-18,FO,NSE,STO,162164,,TATATECH,,2026-03-30,2026-03-30,760.0,CE,TATATECH26MAR760CE,0.0,0.0,0.0,6.55,0.0,6.55,604.9,0.05,0,0,0,0.0,0,F1,800,,,,,
2026-02-18,2026-02-18,FO,NSE,STO,162160,,TATATECH,,2026-03-30,2026-03-30,740.0,CE,TATATECH26MAR740CE,0.0,0.0,0.0,9.25,0.0,9.25,604.9,0.15,0,0,0,0.0,0,F1,800,,,,,
2026-02-18,2026-02-18,FO,NSE,STO,141372,,TATATECH,,2026-02-24,2026-02-24,500.0,CE,TATATECH26FEB500CE,0.0,0.0,0.0,177.6,0.0,177.6,604.9,105.35,0,0,0,0.0,0,F1,800,,,,,
2026-02-18,2026-02-18,FO,NSE,STO,161984,,TATATECH,,2026-02-24,2026-02-24,510.0,CE,TATATECH26FEB510CE,0.0,0.0,0.0,133.9,0.0,133.9,604.9,95.35,0,0,0,0.0,0,F1,800,,,,,
2026-02-18,2026-02-18,FO,NSE,STO,162148,,TATATECH,,2026-03-30,2026-03-30,680.0,CE,TATATECH26MAR680CE,0.0,0.0,0.0,7.15,7.15,7.15,604.9,2.05,5600,0,0,0.0,0,F1,800,,,,,
2026-02-18,2026-02-18,FO,NSE,STO,162122,,TATATECH,,2026-03-30,2026-03-30,550.0,CE,TATATECH26MAR550CE,0.0,0.0,0.0,102.05,0.0,102.05,604.9,60.6,0,0,0,0.0,0,F1,800,,,,,
2026-02-18,2026-02-18,FO,NSE,STO,169648,,TATATECH,,2026-03-30,2026-03-30,495.0,CE,TATATECH26MAR495CE,0.0,0.0,0.0,161.8,0.0,161.8,604.9,112.95,0,0,0,0.0,0,F1,800,,,,,
2026-02-18,2026-02-18,FO,NSE,STO,162056,,TATATECH,,2026-02-24,2026-02-24,750.0,CE,TATATECH26FEB750CE,0.05,0.2,0.05,0.2,0.2,0.15,604.9,0.05,65600,-9600,24,14401600.0,7,F1,800,,,,,
2026-02-18,2026-02-18,FO,NSE,STO,162050,,TATATECH,,2026-02-24,2026-02-24,730.0,CE,TATATECH26FEB730CE,0.05,0.1,0.05,0.05,0.05,0.2,604.9,0.05,41600,0,8,4672360.0,5,F1,800,,,,,
2026-02-18,2026-02-18,FO,NSE,STO,162042,,TATATECH,,2026-02-24,2026-02-24,705.0,CE,TATATECH26FEB705CE,0.0,0.0,0.0,2.2,2.2,2.2,604.9,0.05,7200,0,0,0.0,0,F1,800,,,,,
2026-02-18,2026-02-18,FO,NSE,STO,169775,,TATATECH,,2026-04-28,2026-04-28,650.0,PE,TATATECH26APR650PE,0.0,0.0,0.0,32.2,0.0,32.2,604.9,50.05,0,0,0,0.0,0,F1,800,,,,,
2026-02-18,2026-02-18,FO,NSE,STO,162141,,TATATECH,,2026-03-30,2026-03-30,640.0,PE,TATATECH26MAR640PE,0.0,0.0,0.0,68.0,68.0,68.0,604.9,39.5,4000,0,0,0.0,0,F1,800,,,,,
2026-02-18,2026-02-18,FO,NSE,STO,169657,,TATATECH,,2026-03-30,2026-03-30,535.0,PE,TATATECH26MAR535PE,0.0,0.0,0.0,1.25,0.0,1.25,604.9,1.1,0,0,0,0.0,0,F1,800,,,,,
2026-02-18,2026-02-18,FO,NSE,STO,162045,,TATATECH,,2026-02-24,2026-02-24,710.0,PE,TATATECH26FEB710PE,104.85,104.85,104.85,104.85,104.85,100.2,604.9,104.45,8800,0,3,1955640.0,1,F1,800,,,,,
2026-02-18,2026-02-18,FO,NSE,STO,162025,,TATATECH,,2026-02-24,2026-02-24,645.0,PE,TATATECH26FEB645PE,0.0,0.0,0.0,40.1,39.7,40.1,604.9,39.7,123200,0,0,0.0,0,F1,800,,,,,
2026-02-18,2026-02-18,FO,NSE,STO,169668,,TATATECH,,2026-03-30,2026-03-30,595.0,CE,TATATECH26MAR595CE,0.0,0.0,0.0,71.0,0.0,71.0,604.9,26.9,0,0,0,0.0,0,F1,800,,,,,
2026-02-18,2026-02-18,FO,NSE,STO,169662,,TATATECH,,2026-03-30,2026-03-30,565.0,CE,TATATECH26MAR565CE,0.0,0.0,0.0,37.85,37.85,37.85,604.9,47.95,800,0,0,0.0,0,F1,800,,,,,
2026-02-18,2026-02-18,FO,NSE,STO,141472,,TATATECH,,2026-02-24,2026-02-24,720.0,CE,TATATECH26FEB720CE,0.15,0.2,0.15,0.15,0.15,0.25,604.9,0.05,203200,-9600,14,8065720.0,9,F1,800,,,,,
2026-02-18,2026-02-18,FO,NSE,STO,162038,,TATATECH,,2026-02-24,2026-02-24,690.0,CE,TATATECH26FEB690CE,0.3,0.3,0.2,0.25,0.25,0.35,604.9,0.05,73600,-4000,13,7178680.0,11,F1,800,,,,,
2026-02-18,2026-02-18,FO,NSE,STO,162030,,TATATECH,,2026-02-24,2026-02-24,665.0,CE,TATATECH26FEB665CE,0.5,0.5,0.4,0.45,0.45,0.9,604.9,0.05,54400,-4000,6,3194040.0,4,F1,800,,,,,
2026-02-18,2026-02-18,FO,NSE,STO,169675,,TATATECH,,2026-03-30,2026-03-30,625.0,PE,TATATECH26MAR625PE,0.0,0.0,0.0,29.0,29.0,29.0,604.9,29.1,800,0,0,0.0,0,F1,800,,,,,
2026-02-18,2026-02-18,FO,NSE,STO,162145,,TATATECH,,2026-03-30,2026-03-30,660.0,PE,TATATECH26MAR660PE,59.65,59.65,56.8,56.8,56.8,40.9,604.9,55.4,4000,3200,4,2296360.0,4,F1,800,,,,,
2026-02-18,2026-02-18,FO,NSE,STO,169683,,TATATECH,,2026-03-30,2026-03-30,665.0,PE,TATATECH26MAR665PE,0.0,0.0,0.0,34.9,0.0,34.9,604.9,59.7,0,0,0,0.0,0,F1,800,,,,,
2026-02-18,2026-02-18,FO,NSE,STF,52053,,TATATECH,,2026-03-30,2026-03-30,,,TATATECH26MARFUT,606.55,610.4,603.25,608.9,608.0,608.25,604.9,608.9,2427200,424000,884,428992560.0,715,F1,800,,,,,
2026-02-18,2026-02-18,FO,NSE,STO,162043,,TATATECH,,2026-02-24,2026-02-24,705.0,PE,TATATECH26FEB705PE,0.0,0.0,0.0,68.8,0.0,68.8,604.9,99.45,0,0,0,0.0,0,F1,800,,,,,
2026-02-18,2026-02-18,FO,NSE,STO,141383,,TATATECH,,2026-02-24,2026-02-24,600.0,PE,TATATECH26FEB600PE,7.6,9.7,5.5,5.9,6.3,7.65,604.9,5.9,328800,-25600,577,280404120.0,474,F1,800,,,,,
2026-02-18,2026-02-18,FO,NSE,STO,169796,,TATATECH,,2026-04-28,2026-04-28,760.0,CE,TATATECH26APR760CE,0.0,0.0,0.0,9.35,0.0,9.35,604.9,0.55,0,0,0,0.0,0,F1,800,,,,,
2026-02-18,2026-02-18,FO,NSE,STO,169778,,TATATECH,,2026-04-28,2026-04-28,670.0,CE,TATATECH26APR670CE,0.0,0.0,0.0,34.15,0.0,34.15,604.9,7.3,0,0,0,0.0,0,F1,800,,,,,
2026-02-18,2026-02-18,FO,NSE,STO,169764,,TATATECH,,2026-04-28,2026-04-28,600.0,CE,TATATECH26APR600CE,0.0,0.0,0.0,74.25,0.0,74.25,604.9,31.45,0,0,0,0.0,0,F1,800,,,,,
2026-02-18,2026-02-18,FO,NSE,STO,169756,,TATATECH,,2026-04-28,2026-04-28,560.0,CE,TATATECH26APR560CE,0.0,0.0,0.0,105.55,0.0,105.55,604.9,57.85,0,0,0,0.0,0,F1,800,,,,,
2026-02-18,2026-02-18,FO,NSE,STO,169678,,TATATECH,,2026-03-30,2026-03-30,645.0,CE,TATATECH26MAR645CE,0.0,0.0,0.0,38.0,0.0,38.0,604.9,7.05,0,0,0,0.0,0,F1,800,,,,,
2026-02-18,2026-02-18,FO,NSE,STO,162136,,TATATECH,,2026-03-30,2026-03-30,620.0,CE,TATATECH26MAR620CE,17.95,18.4,14.85,17.9,17.9,19.15,604.9,17.9,44800,-8800,56,28535720.0,48,F1,800,,,,,
2026-02-18,2026-02-18,FO,NSE,STO,162140,,TATATECH,,2026-03-30,2026-03-30,640.0,CE,TATATECH26MAR640CE,10.2,10.3,9.2,10.3,10.3,13.0,604.9,10.3,13600,2400,25,12992640.0,23,F1,800,,,,,
2026-02-18,2026-02-18,FO,NSE,STO,162138,,TATATECH,,2026-03-30,2026-03-30,630.0,CE,TATATECH26MAR630CE,13.95,13.95,12.4,13.25,13.25,16.3,604.9,11.1,15200,2400,6,3086800.0,6,F1,800,,,,,
2026-02-18,2026-02-18,FO,NSE,STO,162126,,TATATECH,,2026-03-30,2026-03-30,570.0,CE,TATATECH26MAR570CE,0.0,0.0,0.0,85.7,0.0,85.7,604.9,44.0,0,0,0,0.0,0,F1,800,,,,,
2026-02-18,2026-02-18,FO,NSE,STO,162120,,TATATECH,,2026-03-30,2026-03-30,540.0,CE,TATATECH26MAR540CE,0.0,0.0,0.0,110.65,0.0,110.65,604.9,69.6,0,0,0,0.0,0,F1,800,,,,,
2026-02-18,2026-02-18,FO,NSE,STO,141396,,TATATECH,,2026-02-24,2026-02-24,660.0,CE,TATATECH26FEB660CE,0.85,0.85,0.45,0.5,0.5,0.95,604.9,0.5,395200,-29600,128,67640200.0,85,F1,800,,,,,
2026-02-18,2026-02-18,FO,NSE,STO,162024,,TATATECH,,2026-02-24,2026-02-24,645.0,CE,TATATECH26FEB645CE,1.25,1.25,0.8,0.9,0.85,1.6,604.9,0.9,195200,-11200,152,78547280.0,76,F1,800,,,,,
2026-02-18,2026-02-18,FO,NSE,STO,162018,,TATATECH,,2026-02-24,2026-02-24,625.0,CE,TATATECH26FEB625CE,3.85,3.85,2.1,2.55,2.55,3.9,604.9,2.55,184000,10400,91,45673960.0,77,F1,800,,,,,
2026-02-18,2026-02-18,FO,NSE,STO,169677,,TATATECH,,2026-03-30,2026-03-30,635.0,PE,TATATECH26MAR635PE,0.0,0.0,0.0,29.65,29.65,29.65,604.9,35.85,3200,0,0,0.0,0,F1,800,,,,,
2026-02-18,2026-02-18,FO,NSE,STO,169685,,TATATECH,,2026-03-30,2026-03-30,675.0,PE,TATATECH26MAR675PE,0.0,0.0,0.0,40.65,0.0,40.65,604.9,68.55,0,0,0,0.0,0,F1,800,,,,,
2026-02-18,2026-02-18,FO,NSE,STO,162159,,TATATECH,,2026-03-30,2026-03-30,730.0,PE,TATATECH26MAR730PE,0.0,0.0,0.0,91.35,0.0,91.35,604.9,120.95,0,0,0,0.0,0,F1,800,,,,,
2026-02-18,2026-02-18,FO,NSE,STO,162163,,TATATECH,,2026-03-30,2026-03-30,750.0,PE,TATATECH26MAR750PE,143.0,143.5,141.0,141.0,141.0,163.0,604.9,140.7,4000,3200,4,2856120.0,4,F1,800,,,,,
2026-02-18,2026-02-18,FO,NSE,STO,169745,,TATATECH,,2026-04-28,2026-04-28,500.0,PE,TATATECH26APR500PE,0.0,0.0,0.0,0.9,0.0,0.9,604.9,0.7,0,0,0,0.0,0,F1,800,,,,,
2026-02-18,2026-02-18,FO,NSE,STO,169763,,TATATECH,,2026-04-28,2026-04-28,590.0,PE,TATATECH26APR590PE,0.0,0.0,0.0,11.1,0.0,11.1,604.9,16.2,0,0,0,0.0,0,F1,800,,,,,
2026-02-18,2026-02-18,FO,NSE,STO,169765,,TATATECH,,2026-04-28,2026-04-28,600.0,PE,TATATECH26APR600PE,0.0,0.0,0.0,13.65,0.0,13.65,604.9,20.35,0,0,0,0.0,0,F1,800,,,,,
2026-02-18,2026-02-18,FO,NSE,STO,161988,,TATATECH,,2026-02-24,2026-02-24,525.0,CE,TATATECH26FEB525CE,0.0,0.0,0.0,119.5,0.0,119.5,604.9,80.35,0,0,0,0.0,0,F1,800,,,,,
2026-02-18,2026-02-18,FO,NSE,STO,162139,,TATATECH,,2026-03-30,2026-03-30,630.0,PE,TATATECH26MAR630PE,33.0,33.0,33.0,33.0,33.0,35.0,604.9,33.0,3200,800,1,530400.0,1,F1,800,,,,,
2026-02-18,2026-02-18,FO,NSE,STO,169673,,TATATECH,,2026-03-30,2026-03-30,615.0,PE,TATATECH26MAR615PE,0.0,0.0,0.0,13.55,0.0,13.55,604.9,23.1,0,0,0,0.0,0,F1,800,,,,,
2026-02-18,2026-02-18,FO,NSE,STO,169667,,TATATECH,,2026-03-30,2026-03-30,585.0,PE,TATATECH26MAR585PE,0.0,0.0,0.0,6.45,0.0,6.45,604.9,9.75,0,0,0,0.0,0,F1,800,,,,,
2026-02-18,2026-02-18,FO,NSE,STO,141401,,TATATECH,,2026-02-24,2026-02-24,680.0,PE,TATATECH26FEB680PE,75.8,75.8,73.9,74.1,73.9,74.6,604.9,74.1,89600,-4800,10,6036000.0,8,F1,800,,,,,
2026-02-18,2026-02-18,FO,NSE,STO,162007,,TATATECH,,2026-02-24,2026-02-24,585.0,PE,TATATECH26FEB585PE,3.65,4.2,2.45,2.5,2.5,3.5,604.9,2.5,87200,-9600,42,19750880.0,38,F1,800,,,,,
2026-02-18,2026-02-18,FO,NSE,STO,161999,,TATATECH,,2026-02-24,2026-02-24,555.0,PE,TATATECH26FEB555PE,0.0,0.0,0.0,2.4,2.4,2.4,604.9,0.05,17600,0,0,0.0,0,F1,800,,,,,
2026-02-18,2026-02-18,FO,NSE,STO,162158,,TATATECH,,2026-03-30,2026-03-30,730.0,CE,TATATECH26MAR730CE,0.0,0.0,0.0,2.3,2.3,2.3,604.9,0.25,4000,0,0,0.0,0,F1,800,,,,,
2026-02-18,2026-02-18,FO,NSE,STO,141373,,TATATECH,,2026-02-24,2026-02-24,500.0,PE,TATATECH26FEB500PE,0.0,0.0,0.0,0.25,0.25,0.25,604.9,0.05,16000,0,0,0.0,0,F1,800,,,,,
2026-02-18,2026-02-18,FO,NSE,STO,161981,,TATATECH,,2026-02-24,2026-02-24,495.0,PE,TATATECH26FEB495PE,0.0,0.0,0.0,0.2,0.0,0.2,604.9,0.05,0,0,0,0.0,0,F1,800,,,,,
2026-02-18,2026-02-18,FO,NSE,STO,169780,,TATATECH,,2026-04-28,2026-04-28,680.0,CE,TATATECH26APR680CE,0.0,0.0,0.0,30.05,0.0,30.05,604.9,5.7,0,0,0,0.0,0,F1,800,,,,,
2026-02-18,2026-02-18,FO,NSE,STO,169768,,TATATECH,,2026-04-28,2026-04-28,620.0,CE,TATATECH26APR620CE,0.0,0.0,0.0,60.75,0.0,60.75,604.9,21.85,0,0,0,0.0,0,F1,800,,,,,
2026-02-18,2026-02-18,FO,NSE,STO,169789,,TATATECH,,2026-04-28,2026-04-28,720.0,PE,TATATECH26APR720PE,0.0,0.0,0.0,74.85,0.0,74.85,604.9,109.55,0,0,0,0.0,0,F1,800,,,,,
2026-02-18,2026-02-18,FO,NSE,STO,169787,,TATATECH,,2026-04-28,2026-04-28,710.0,PE,TATATECH26APR710PE,0.0,0.0,0.0,67.7,0.0,67.7,604.9,100.3,0,0,0,0.0,0,F1,800,,,,,
2026-02-18,2026-02-18,FO,NSE,STO,169693,,TATATECH,,2026-03-30,2026-03-30,715.0,PE,TATATECH26MAR715PE,0.0,0.0,0.0,68.15,0.0,68.15,604.9,106.3,0,0,0,0.0,0,F1,800,,,,,
2026-02-18,2026-02-18,FO,NSE,STO,162125,,TATATECH,,2026-03-30,2026-03-30,560.0,PE,TATATECH26MAR560PE,0.0,0.0,0.0,7.75,7.75,7.75,604.9,3.75,1600,0,0,0.0,0,F1,800,,,,,
2026-02-18,2026-02-18,FO,NSE,STO,169655,,TATATECH,,2026-03-30,2026-03-30,525.0,PE,TATATECH26MAR525PE,0.0,0.0,0.0,0.85,0.0,0.85,604.9,0.65,0,0,0,0.0,0,F1,800,,,,,
2026-02-18,2026-02-18,FO,NSE,STO,162113,,TATATECH,,2026-03-30,2026-03-30,500.0,PE,TATATECH26MAR500PE,0.0,0.0,0.0,1.1,0.0,1.1,604.9,0.1,0,0,0,0.0,0,F1,800,,,,,
2026-02-18,2026-02-18,FO,NSE,STO,141471,,TATATECH,,2026-02-24,2026-02-24,700.0,PE,TATATECH26FEB700PE,96.0,96.0,94.0,94.0,94.0,94.0,604.9,94.45,208800,-1600,2,1272000.0,2,F1,800,,,,,
2026-02-18,2026-02-18,FO,NSE,STO,162019,,TATATECH,,2026-02-24,2026-02-24,625.0,PE,TATATECH26FEB625PE,23.4,25.35,21.6,21.6,21.6,23.1,604.9,21.1,96000,-800,7,3632840.0,7,F1,800,,,,,
2026-02-18,2026-02-18,FO,NSE,STO,162003,,TATATECH,,2026-02-24,2026-02-24,570.0,PE,TATATECH26FEB570PE,1.9,2.1,1.1,1.25,1.25,1.9,604.9,1.25,143200,4000,73,33370360.0,60,F1,800,,,,,
2026-02-18,2026-02-18,FO,NSE,STO,141377,,TATATECH,,2026-02-24,2026-02-24,540.0,PE,TATATECH26FEB540PE,0.5,0.65,0.35,0.4,0.4,0.65,604.9,0.05,47200,-17600,34,14701280.0,15,F1,800,,,,,
2026-02-18,2026-02-18,FO,NSE,STO,161998,,TATATECH,,2026-02-24,2026-02-24,555.0,CE,TATATECH26FEB555CE,0.0,0.0,0.0,35.7,35.7,35.7,604.9,50.4,1600,0,0,0.0,0,F1,800,,,,,
2026-02-18,2026-02-18,FO,NSE,STO,162044,,TATATECH,,2026-02-24,2026-02-24,710.0,CE,TATATECH26FEB710CE,0.15,0.2,0.15,0.2,0.2,0.3,604.9,0.2,38400,-4000,9,5113240.0,8,F1,800,,,,,
2026-02-18,2026-02-18,FO,NSE,STO,162114,,TATATECH,,2026-03-30,2026-03-30,510.0,CE,TATATECH26MAR510CE,0.0,0.0,0.0,137.85,0.0,137.85,604.9,98.2,0,0,0,0.0,0,F1,800,,,,,
2026-02-18,2026-02-18,FO,NSE,STO,169656,,TATATECH,,2026-03-30,2026-03-30,535.0,CE,TATATECH26MAR535CE,0.0,0.0,0.0,123.25,0.0,123.25,604.9,74.25,0,0,0,0.0,0,F1,800,,,,,
2026-02-18,2026-02-18,FO,NSE,STO,169676,,TATATECH,,2026-03-30,2026-03-30,635.0,CE,TATATECH26MAR635CE,0.0,0.0,0.0,25.0,25.0,25.0,604.9,9.6,800,0,0,0.0,0,F1,800,,,,,
2026-02-18,2026-02-18,FO,NSE,STO,161991,,TATATECH,,2026-02-24,2026-02-24,530.0,PE,TATATECH26FEB530PE,0.0,0.0,0.0,0.45,0.45,0.45,604.9,0.05,34400,0,0,0.0,0,F1,800,,,,,
2026-02-18,2026-02-18,FO,NSE,STO,162029,,TATATECH,,2026-02-24,2026-02-24,655.0,PE,TATATECH26FEB655PE,0.0,0.0,0.0,40.95,40.95,40.95,604.9,49.55,76800,0,0,0.0,0,F1,800,,,,,
2026-02-18,2026-02-18,FO,NSE,STO,162151,,TATATECH,,2026-03-30,2026-03-30,690.0,PE,TATATECH26MAR690PE,0.0,0.0,0.0,61.45,0.0,61.45,604.9,82.35,0,0,0,0.0,0,F1,800,,,,,
2026-02-18,2026-02-18,FO,NSE,STO,162147,,TATATECH,,2026-03-30,2026-03-30,670.0,PE,TATATECH26MAR670PE,68.0,68.0,65.0,65.0,65.0,69.0,604.9,64.05,25600,8800,11,6486000.0,11,F1,800,,,,,
2026-02-18,2026-02-18,FO,NSE,STO,169669,,TATATECH,,2026-03-30,2026-03-30,595.0,PE,TATATECH26MAR595PE,0.0,0.0,0.0,8.4,0.0,8.4,604.9,13.4,0,0,0,0.0,0,F1,800,,,,,
2026-02-18,2026-02-18,FO,NSE,STO,162115,,TATATECH,,2026-03-30,2026-03-30,510.0,PE,TATATECH26MAR510PE,0.0,0.0,0.0,1.55,0.0,1.55,604.9,0.25,0,0,0,0.0,0,F1,800,,,,,
2026-02-18,2026-02-18,FO,NSE,STO,141545,,TATATECH,,2026-02-24,2026-02-24,760.0,PE,TATATECH26FEB760PE,155.55,156.0,155.55,156.0,156.0,160.5,604.9,154.4,10400,-1600,2,1465240.0,2,F1,800,,,,,
2026-02-18,2026-02-18,FO,NSE,STO,141473,,TATATECH,,2026-02-24,2026-02-24,720.0,PE,TATATECH26FEB720PE,0.0,0.0,0.0,132.6,132.6,132.6,604.9,114.45,65600,0,0,0.0,0,F1,800,,,,,
2026-02-18,2026-02-18,FO,NSE,STO,162037,,TATATECH,,2026-02-24,2026-02-24,685.0,PE,TATATECH26FEB685PE,0.0,0.0,0.0,72.5,72.5,72.5,604.9,79.5,800,0,0,0.0,0,F1,800,,,,,
2026-02-18,2026-02-18,FO,NSE,STO,169744,,TATATECH,,2026-04-28,2026-04-28,500.0,CE,TATATECH26APR500CE,0.0,0.0,0.0,159.95,0.0,159.95,604.9,110.75,0,0,0,0.0,0,F1,800,,,,,
2026-02-18,2026-02-18,FO,NSE,STO,141376,,TATATECH,,2026-02-24,2026-02-24,540.0,CE,TATATECH26FEB540CE,64.05,67.0,64.05,67.0,67.0,57.4,604.9,67.0,1600,-4000,6,2906520.0,2,F1,800,,,,,
2026-02-18,2026-02-18,FO,NSE,STO,161994,,TATATECH,,2026-02-24,2026-02-24,545.0,CE,TATATECH26FEB545CE,0.0,0.0,0.0,100.75,0.0,100.75,604.9,60.4,0,0,0,0.0,0,F1,800,,,,,
2026-02-18,2026-02-18,FO,NSE,STO,161996,,TATATECH,,2026-02-24,2026-02-24,550.0,CE,TATATECH26FEB550CE,0.0,0.0,0.0,64.75,64.75,64.75,604.9,55.4,1600,0,0,0.0,0,F1,800,,,,,
2026-02-18,2026-02-18,FO,NSE,STO,162004,,TATATECH,,2026-02-24,2026-02-24,575.0,CE,TATATECH26FEB575CE,0.0,0.0,0.0,74.5,0.0,74.5,604.9,30.8,0,0,0,0.0,0,F1,800,,,,,
2026-02-18,2026-02-18,FO,NSE,STO,162010,,TATATECH,,2026-02-24,2026-02-24,595.0,CE,TATATECH26FEB595CE,17.3,17.3,13.55,14.85,14.85,17.3,604.9,13.9,16800,-800,7,3416920.0,6,F1,800,,,,,
2026-02-18,2026-02-18,FO,NSE,STO,141384,,TATATECH,,2026-02-24,2026-02-24,620.0,CE,TATATECH26FEB620CE,4.45,4.75,2.8,3.65,3.55,5.15,604.9,3.65,300000,4800,648,323220840.0,522,F1,800,,,,,
2026-02-18,2026-02-18,FO,NSE,STO,162026,,TATATECH,,2026-02-24,2026-02-24,650.0,CE,TATATECH26FEB650CE,1.5,1.5,0.65,0.8,0.7,1.4,604.9,0.8,1175200,15200,883,459803280.0,508,F1,800,,,,,
2026-02-18,2026-02-18,FO,NSE,STO,162034,,TATATECH,,2026-02-24,2026-02-24,675.0,CE,TATATECH26FEB675CE,0.3,0.3,0.3,0.3,0.3,0.55,604.9,0.05,75200,0,2,1080480.0,2,F1,800,,,,,
2026-02-18,2026-02-18,FO,NSE,STO,162128,,TATATECH,,2026-03-30,2026-03-30,580.0,CE,TATATECH26MAR580CE,0.0,0.0,0.0,39.5,39.5,39.5,604.9,36.6,2400,0,0,0.0,0,F1,800,,,,,
2026-02-18,2026-02-18,FO,NSE,STO,162130,,TATATECH,,2026-03-30,2026-03-30,590.0,CE,TATATECH26MAR590CE,0.0,0.0,0.0,70.7,0.0,70.7,604.9,29.95,0,0,0,0.0,0,F1,800,,,,,
2026-02-18,2026-02-18,FO,NSE,STO,162150,,TATATECH,,2026-03-30,2026-03-30,690.0,CE,TATATECH26MAR690CE,0.0,0.0,0.0,20.4,0.0,20.4,604.9,1.4,0,0,0,0.0,0,F1,800,,,,,
2026-02-18,2026-02-18,FO,NSE,STO,161985,,TATATECH,,2026-02-24,2026-02-24,510.0,PE,TATATECH26FEB510PE,0.2,0.2,0.15,0.2,0.2,0.3,604.9,0.05,55200,-800,5,2040680.0,4,F1,800,,,,,
2026-02-18,2026-02-18,FO,NSE,STO,162116,,TATATECH,,2026-03-30,2026-03-30,520.0,CE,TATATECH26MAR520CE,0.0,0.0,0.0,128.6,0.0,128.6,604.9,88.5,0,0,0,0.0,0,F1,800,,,,,
2026-02-18,2026-02-18,FO,NSE,STO,169658,,TATATECH,,2026-03-30,2026-03-30,545.0,CE,TATATECH26MAR545CE,0.0,0.0,0.0,113.9,0.0,113.9,604.9,65.05,0,0,0,0.0,0,F1,800,,,,,
2026-02-18,2026-02-18,FO,NSE,STO,162132,,TATATECH,,2026-03-30,2026-03-30,600.0,CE,TATATECH26MAR600CE,29.05,29.05,25.25,26.95,26.95,28.8,604.9,26.95,102400,0,39,19543400.0,36,F1,800,,,,,
2026-02-18,2026-02-18,FO,NSE,STO,162162,,TATATECH,,2026-03-30,2026-03-30,750.0,CE,TATATECH26MAR750CE,0.0,0.0,0.0,7.8,0.0,7.8,604.9,0.1,0,0,0,0.0,0,F1,800,,,,,
2026-02-18,2026-02-18,FO,NSE,STO,162005,,TATATECH,,2026-02-24,2026-02-24,575.0,PE,TATATECH26FEB575PE,0.0,0.0,0.0,5.45,0.0,5.45,604.9,0.4,0,0,0,0.0,0,F1,800,,,,,
2026-02-18,2026-02-18,FO,NSE,STO,162011,,TATATECH,,2026-02-24,2026-02-24,595.0,PE,TATATECH26FEB595PE,5.9,6.7,4.1,4.35,4.5,5.8,604.9,4.35,127200,6400,87,41786680.0,68,F1,800,,,,,
2026-02-18,2026-02-18,FO,NSE,STO,162013,,TATATECH,,2026-02-24,2026-02-24,605.0,PE,TATATECH26FEB605PE,9.7,11.7,7.3,7.7,8.1,10.5,604.9,7.7,112000,56000,232,114163720.0,118,F1,800,,,,,
2026-02-18,2026-02-18,FO,NSE,STO,141543,,TATATECH,,2026-02-24,2026-02-24,740.0,PE,TATATECH26FEB740PE,0.0,0.0,0.0,136.3,136.3,136.3,604.9,134.45,3200,0,0,0.0,0,F1,800,,,,,
2026-02-18,2026-02-18,FO,NSE,STO,162117,,TATATECH,,2026-03-30,2026-03-30,520.0,PE,TATATECH26MAR520PE,2.5,2.5,2.05,2.3,2.3,3.65,604.9,0.45,8800,0,4,1671360.0,4,F1,800,,,,,
2026-02-18,2026-02-18,FO,NSE,STO,162119,,TATATECH,,2026-03-30,2026-03-30,530.0,PE,TATATECH26MAR530PE,2.7,2.7,2.5,2.65,2.65,2.9,604.9,0.85,23200,0,7,2982840.0,7,F1,800,,,,,
2026-02-18,2026-02-18,FO,NSE,STO,162127,,TATATECH,,2026-03-30,2026-03-30,570.0,PE,TATATECH26MAR570PE,10.0,10.3,8.0,8.5,8.5,9.1,604.9,8.5,28800,2400,20,9267040.0,16,F1,800,,,,,
2026-02-18,2026-02-18,FO,NSE,STO,162131,,TATATECH,,2026-03-30,2026-03-30,590.0,PE,TATATECH26MAR590PE,0.0,0.0,0.0,13.2,0.0,13.2,604.9,11.5,0,0,0,0.0,0,F1,800,,,,,
2026-02-18,2026-02-18,FO,NSE,STO,162135,,TATATECH,,2026-03-30,2026-03-30,610.0,PE,TATATECH26MAR610PE,23.0,23.0,23.0,23.0,23.0,39.0,604.9,20.35,4000,800,1,506400.0,1,F1,800,,,,,
2026-02-18,2026-02-18,FO,NSE,STO,169687,,TATATECH,,2026-03-30,2026-03-30,685.0,PE,TATATECH26MAR685PE,0.0,0.0,0.0,72.0,72.0,72.0,604.9,77.7,800,0,0,0.0,0,F1,800,,,,,
2026-02-18,2026-02-18,FO,NSE,STO,169759,,TATATECH,,2026-04-28,2026-04-28,570.0,PE,TATATECH26APR570PE,0.0,0.0,0.0,7.1,0.0,7.1,604.9,9.65,0,0,0,0.0,0,F1,800,,,,,
2026-02-18,2026-02-18,FO,NSE,STO,161986,,TATATECH,,2026-02-24,2026-02-24,515.0,CE,TATATECH26FEB515CE,0.0,0.0,0.0,129.05,0.0,129.05,604.9,90.35,0,0,0,0.0,0,F1,800,,,,,
2026-02-18,2026-02-18,FO,NSE,STO,162000,,TATATECH,,2026-02-24,2026-02-24,565.0,CE,TATATECH26FEB565CE,0.0,0.0,0.0,82.95,0.0,82.95,604.9,40.5,0,0,0,0.0,0,F1,800,,,,,
2026-02-18,2026-02-18,FO,NSE,STO,162014,,TATATECH,,2026-02-24,2026-02-24,610.0,CE,TATATECH26FEB610CE,8.05,8.35,5.35,7.05,6.8,8.75,604.9,7.05,240000,40800,511,252107360.0,371,F1,800,,,,,
2026-02-18,2026-02-18,FO,NSE,STO,162020,,TATATECH,,2026-02-24,2026-02-24,630.0,CE,TATATECH26FEB630CE,2.95,3.05,1.5,1.9,1.75,3.05,604.9,1.9,485600,7200,475,240138560.0,362,F1,800,,,,,
2026-02-18,2026-02-18,FO,NSE,STO,141544,,TATATECH,,2026-02-24,2026-02-24,760.0,CE,TATATECH26FEB760CE,0.0,0.0,0.0,0.15,0.15,0.15,604.9,0.05,16800,0,0,0.0,0,F1,800,,,,,
2026-02-18,2026-02-18,FO,NSE,STO,162112,,TATATECH,,2026-03-30,2026-03-30,500.0,CE,TATATECH26MAR500CE,0.0,0.0,0.0,147.25,0.0,147.25,604.9,108.0,0,0,0,0.0,0,F1,800,,,,,
2026-02-18,2026-02-18,FO,NSE,STO,169755,,TATATECH,,2026-04-28,2026-04-28,550.0,PE,TATATECH26APR550PE,0.0,0.0,0.0,4.3,0.0,4.3,604.9,5.2,0,0,0,0.0,0,F1,800,,,,,
2026-02-18,2026-02-18,FO,NSE,STO,169753,,TATATECH,,2026-04-28,2026-04-28,540.0,PE,TATATECH26APR540PE,0.0,0.0,0.0,3.25,0.0,3.25,604.9,3.7,0,0,0,0.0,0,F1,800,,,,,
2026-02-18,2026-02-18,FO,NSE,STO,169749,,TATATECH,,2026-04-28,2026-04-28,520.0,PE,TATATECH26APR520PE,0.0,0.0,0.0,1.75,0.0,1.75,604.9,1.7,0,0,0,0.0,0,F1,800,,,,,
2026-02-18,2026-02-18,FO,NSE,STO,162155,,TATATECH,,2026-03-30,2026-03-30,710.0,PE,TATATECH26MAR710PE,0.0,0.0,0.0,75.8,0.0,75.8,604.9,101.45,0,0,0,0.0,0,F1,800,,,,,
2026-02-18,2026-02-18,FO,NSE,STO,169679,,TATATECH,,2026-03-30,2026-03-30,645.0,PE,TATATECH26MAR645PE,0.0,0.0,0.0,24.85,0.0,24.85,604.9,43.25,0,0,0,0.0,0,F1,800,,,,,
2026-02-18,2026-02-18,FO,NSE,STO,169659,,TATATECH,,2026-03-30,2026-03-30,545.0,PE,TATATECH26MAR545PE,0.0,0.0,0.0,1.8,0.0,1.8,604.9,1.9,0,0,0,0.0,0,F1,800,,,,,
2026-02-18,2026-02-18,FO,NSE,STO,169653,,TATATECH,,2026-03-30,2026-03-30,515.0,PE,TATATECH26MAR515PE,0.0,0.0,0.0,0.55,0.0,0.55,604.9,0.35,0,0,0,0.0,0,F1,800,,,,,
2026-02-18,2026-02-18,FO,NSE,STO,162047,,TATATECH,,2026-02-24,2026-02-24,715.0,PE,TATATECH26FEB715PE,0.0,0.0,0.0,76.95,0.0,76.95,604.9,109.45,0,0,0,0.0,0,F1,800,,,,,
2026-02-18,2026-02-18,FO,NSE,STO,162021,,TATATECH,,2026-02-24,2026-02-24,630.0,PE,TATATECH26FEB630PE,29.8,30.0,24.35,25.4,26.0,26.4,604.9,25.4,196000,-10400,18,9479880.0,16,F1,800,,,,,
2026-02-18,2026-02-18,FO,NSE,STO,161995,,TATATECH,,2026-02-24,2026-02-24,545.0,PE,TATATECH26FEB545PE,0.0,0.0,0.0,1.95,0.0,1.95,604.9,0.05,0,0,0,0.0,0,F1,800,,,,,
2026-02-18,2026-02-18,FO,NSE,STO,169792,,TATATECH,,2026-04-28,2026-04-28,740.0,CE,TATATECH26APR740CE,0.0,0.0,0.0,12.8,0.0,12.8,604.9,1.05,0,0,0,0.0,0,F1,800,,,,,
2026-02-18,2026-02-18,FO,NSE,STO,169766,,TATATECH,,2026-04-28,2026-04-28,610.0,CE,TATATECH26APR610CE,0.0,0.0,0.0,67.3,0.0,67.3,604.9,26.35,0,0,0,0.0,0,F1,800,,,,,
2026-02-18,2026-02-18,FO,NSE,STO,169746,,TATATECH,,2026-04-28,2026-04-28,510.0,CE,TATATECH26APR510CE,0.0,0.0,0.0,150.5,0.0,150.5,604.9,101.25,0,0,0,0.0,0,F1,800,,,,,
2026-02-18,2026-02-18,FO,NSE,STO,169682,,TATATECH,,2026-03-30,2026-03-30,665.0,CE,TATATECH26MAR665CE,0.0,0.0,0.0,28.25,0.0,28.25,604.9,3.6,0,0,0,0.0,0,F1,800,,,,,
2026-02-18,2026-02-18,FO,NSE,STO,169664,,TATATECH,,2026-03-30,2026-03-30,575.0,CE,TATATECH26MAR575CE,0.0,0.0,0.0,87.25,0.0,87.25,604.9,40.2,0,0,0,0.0,0,F1,800,,,,,
2026-02-18,2026-02-18,FO,NSE,STO,162124,,TATATECH,,2026-03-30,2026-03-30,560.0,CE,TATATECH26MAR560CE,0.0,0.0,0.0,41.05,41.05,41.05,604.9,52.05,800,0,0,0.0,0,F1,800,,,,,
2026-02-18,2026-02-18,FO,NSE,STO,162028,,TATATECH,,2026-02-24,2026-02-24,655.0,CE,TATATECH26FEB655CE,0.7,0.7,0.55,0.6,0.55,1.35,604.9,0.6,132000,-11200,30,15735080.0,21,F1,800,,,,,
2026-02-18,2026-02-18,FO,NSE,STO,161982,,TATATECH,,2026-02-24,2026-02-24,505.0,CE,TATATECH26FEB505CE,0.0,0.0,0.0,138.75,0.0,138.75,604.9,100.35,0,0,0,0.0,0,F1,800,,,,,
2026-02-18,2026-02-18,FO,NSE,STO,161980,,TATATECH,,2026-02-24,2026-02-24,495.0,CE,TATATECH26FEB495CE,0.0,0.0,0.0,148.55,0.0,148.55,604.9,110.35,0,0,0,0.0,0,F1,800,,,,,
2026-02-18,2026-02-18,FO,NSE,STF,59486,,TATATECH,,2026-02-24,2026-02-24,,,TATATECH26FEBFUT,605.0,608.0,600.7,606.6,606.4,605.9,604.9,606.6,10506400,-16000,1704,823944680.0,1464,F1,800,,,,,
2026-02-18,2026-02-18,FO,NSE,STO,169793,,TATATECH,,2026-04-28,2026-04-28,740.0,PE,TATATECH26APR740PE,0.0,0.0,0.0,90.05,0.0,90.05,604.9,128.5,0,0,0,0.0,0,F1,800,,,,,
2026-02-18,2026-02-18,FO,NSE,STO,169773,,TATATECH,,2026-04-28,2026-04-28,640.0,PE,TATATECH26APR640PE,0.0,0.0,0.0,27.65,0.0,27.65,604.9,43.0,0,0,0,0.0,0,F1,800,,,,,
2026-02-18,2026-02-18,FO,NSE,STO,169784,,TATATECH,,2026-04-28,2026-04-28,700.0,CE,TATATECH26APR700CE,0.0,0.0,0.0,0.1,0.1,0.1,604.9,3.35,1600,0,0,0.0,0,F1,800,,,,,
2026-02-18,2026-02-18,FO,NSE,STO,161993,,TATATECH,,2026-02-24,2026-02-24,535.0,PE,TATATECH26FEB535PE,0.0,0.0,0.0,1.35,0.0,1.35,604.9,0.05,0,0,0,0.0,0,F1,800,,,,,
2026-02-18,2026-02-18,FO,NSE,STO,162143,,TATATECH,,2026-03-30,2026-03-30,650.0,PE,TATATECH26MAR650PE,52.8,52.8,47.7,49.0,49.0,50.9,604.9,47.2,63200,8800,14,7835160.0,14,F1,800,,,,,
2026-02-18,2026-02-18,FO,NSE,STO,169663,,TATATECH,,2026-03-30,2026-03-30,565.0,PE,TATATECH26MAR565PE,0.0,0.0,0.0,3.55,0.0,3.55,604.9,4.65,0,0,0,0.0,0,F1,800,,,,,
2026-02-18,2026-02-18,FO,NSE,STO,162015,,TATATECH,,2026-02-24,2026-02-24,610.0,PE,TATATECH26FEB610PE,10.95,13.85,9.85,10.25,11.1,12.5,604.9,10.25,96000,-3200,38,18899280.0,34,F1,800,,,,,
2026-02-18,2026-02-18,FO,NSE,STO,162001,,TATATECH,,2026-02-24,2026-02-24,565.0,PE,TATATECH26FEB565PE,0.0,0.0,0.0,4.0,0.0,4.0,604.9,0.1,0,0,0,0.0,0,F1,800,,,,,
2026-02-18,2026-02-18,FO,NSE,STO,162006,,TATATECH,,2026-02-24,2026-02-24,585.0,CE,TATATECH26FEB585CE,24.0,24.0,24.0,24.0,24.0,30.15,604.9,24.0,62400,-800,2,974400.0,2,F1,800,,,,,
2026-02-18,2026-02-18,FO,NSE,STO,162048,,TATATECH,,2026-02-24,2026-02-24,725.0,CE,TATATECH26FEB725CE,0.0,0.0,0.0,0.35,0.35,0.35,604.9,0.05,19200,0,0,0.0,0,F1,800,,,,,
2026-02-18,2026-02-18,FO,NSE,STO,141546,,TATATECH,,2026-02-24,2026-02-24,780.0,CE,TATATECH26FEB780CE,0.0,0.0,0.0,0.1,0.1,0.1,604.9,0.05,1600,0,0,0.0,0,F1,800,,,,,
2026-02-18,2026-02-18,FO,NSE,STO,169650,,TATATECH,,2026-03-30,2026-03-30,505.0,CE,TATATECH26MAR505CE,0.0,0.0,0.0,152.05,0.0,152.05,604.9,103.1,0,0,0,0.0,0,F1,800,,,,,
2026-02-18,2026-02-18,FO,NSE,STO,169652,,TATATECH,,2026-03-30,2026-03-30,515.0,CE,TATATECH26MAR515CE,0.0,0.0,0.0,142.35,0.0,142.35,604.9,93.35,0,0,0,0.0,0,F1,800,,,,,
2026-02-18,2026-02-18,FO,NSE,STO,169654,,TATATECH,,2026-03-30,2026-03-30,525.0,CE,TATATECH26MAR525CE,0.0,0.0,0.0,132.75,0.0,132.75,604.9,83.7,0,0,0,0.0,0,F1,800,,,,,
2026-02-18,2026-02-18,FO,NSE,STO,169674,,TATATECH,,2026-03-30,2026-03-30,625.0,CE,TATATECH26MAR625CE,0.0,0.0,0.0,49.75,0.0,49.75,604.9,12.75,0,0,0,0.0,0,F1,800,,,,,
2026-02-18,2026-02-18,FO,NSE,STO,169688,,TATATECH,,2026-03-30,2026-03-30,695.0,CE,TATATECH26MAR695CE,0.0,0.0,0.0,17.2,0.0,17.2,604.9,1.15,0,0,0,0.0,0,F1,800,,,,,
2026-02-18,2026-02-18,FO,NSE,STO,169690,,TATATECH,,2026-03-30,2026-03-30,705.0,CE,TATATECH26MAR705CE,0.0,0.0,0.0,14.4,0.0,14.4,604.9,0.75,0,0,0,0.0,0,F1,800,,,,,
2026-02-18,2026-02-18,FO,NSE,STO,169754,,TATATECH,,2026-04-28,2026-04-28,550.0,CE,TATATECH26APR550CE,0.0,0.0,0.0,114.1,0.0,114.1,604.9,65.8,0,0,0,0.0,0,F1,800,,,,,
2026-02-18,2026-02-18,FO,NSE,STO,162041,,TATATECH,,2026-02-24,2026-02-24,695.0,PE,TATATECH26FEB695PE,0.0,0.0,0.0,39.45,39.45,39.45,604.9,89.45,2400,0,0,0.0,0,F1,800,,,,,
2026-02-18,2026-02-18,FO,NSE,STO,162057,,TATATECH,,2026-02-24,2026-02-24,750.0,PE,TATATECH26FEB750PE,146.9,146.9,146.8,146.8,146.8,142.3,604.9,144.4,17600,-1600,2,1434960.0,2,F1,800,,,,,
2026-02-18,2026-02-18,FO,NSE,STO,162121,,TATATECH,,2026-03-30,2026-03-30,540.0,PE,TATATECH26MAR540PE,0.0,0.0,0.0,3.9,0.0,3.9,604.9,1.45,0,0,0,0.0,0,F1,800,,,,,
2026-02-18,2026-02-18,FO,NSE,STO,162133,,TATATECH,,2026-03-30,2026-03-30,600.0,PE,TATATECH26MAR600PE,20.0,21.6,17.55,17.85,18.2,19.5,604.9,17.85,134400,28000,62,30730160.0,57,F1,800,,,,,
2026-02-18,2026-02-18,FO,NSE,STO,169689,,TATATECH,,2026-03-30,2026-03-30,695.0,PE,TATATECH26MAR695PE,0.0,0.0,0.0,53.55,0.0,53.55,604.9,87.05,0,0,0,0.0,0,F1,800,,,,,
2026-02-18,2026-02-18,FO,NSE,STO,169779,,TATATECH,,2026-04-28,2026-04-28,670.0,PE,TATATECH26APR670PE,0.0,0.0,0.0,42.45,0.0,42.45,604.9,65.45,0,0,0,0.0,0,F1,800,,,,,
2026-02-18,2026-02-18,FO,NSE,STO,169769,,TATATECH,,2026-04-28,2026-04-28,620.0,PE,TATATECH26APR620PE,0.0,0.0,0.0,19.85,0.0,19.85,604.9,30.5,0,0,0,0.0,0,F1,800,,,,,
2026-02-18,2026-02-18,FO,NSE,STO,169777,,TATATECH,,2026-04-28,2026-04-28,660.0,PE,TATATECH26APR660PE,0.0,0.0,0.0,50.0,50.0,50.0,604.9,57.55,1600,0,0,0.0,0,F1,800,,,,,
2026-02-18,2026-02-18,FO,NSE,STO,169797,,TATATECH,,2026-04-28,2026-04-28,760.0,PE,TATATECH26APR760PE,0.0,0.0,0.0,106.3,0.0,106.3,604.9,147.8,0,0,0,0.0,0,F1,800,,,,,
2026-02-18,2026-02-18,FO,NSE,STO,141474,,TATATECH,,2026-02-24,2026-02-24,740.0,CE,TATATECH26FEB740CE,0.0,0.0,0.0,0.15,0.15,0.15,604.9,0.05,28800,0,0,0.0,0,F1,800,,,,,
2026-02-18,2026-02-18,FO,NSE,STO,162118,,TATATECH,,2026-03-30,2026-03-30,530.0,CE,TATATECH26MAR530CE,0.0,0.0,0.0,119.5,0.0,119.5,604.9,78.9,0,0,0,0.0,0,F1,800,,,,,
2026-02-18,2026-02-18,FO,NSE,STO,162134,,TATATECH,,2026-03-30,2026-03-30,610.0,CE,TATATECH26MAR610CE,20.0,23.5,20.0,23.5,23.5,57.2,604.9,18.95,2400,2400,4,2024240.0,3,F1,800,,,,,
2026-02-18,2026-02-18,FO,NSE,STO,162146,,TATATECH,,2026-03-30,2026-03-30,670.0,CE,TATATECH26MAR670CE,5.0,5.0,3.9,4.3,4.3,6.8,604.9,3.0,11200,8000,12,6474640.0,8,F1,800,,,,,
2026-02-18,2026-02-18,FO,NSE,STO,162154,,TATATECH,,2026-03-30,2026-03-30,710.0,CE,TATATECH26MAR710CE,0.0,0.0,0.0,4.0,4.0,4.0,604.9,0.6,2400,0,0,0.0,0,F1,800,,,,,
2026-02-18,2026-02-18,FO,NSE,STO,169692,,TATATECH,,2026-03-30,2026-03-30,715.0,CE,TATATECH26MAR715CE,0.0,0.0,0.0,12.0,0.0,12.0,604.9,0.45,0,0,0,0.0,0,F1,800,,,,,
2026-02-18,2026-02-18,FO,NSE,STO,169748,,TATATECH,,2026-04-28,2026-04-28,520.0,CE,TATATECH26APR520CE,0.0,0.0,0.0,141.15,0.0,141.15,604.9,91.95,0,0,0,0.0,0,F1,800,,,,,
2026-02-18,2026-02-18,FO,NSE,STO,162009,,TATATECH,,2026-02-24,2026-02-24,590.0,PE,TATATECH26FEB590PE,4.7,5.5,3.05,3.35,3.65,4.6,604.9,3.35,185600,800,173,82234600.0,145,F1,800,,,,,
2026-02-18,2026-02-18,FO,NSE,STO,141387,,TATATECH,,2026-02-24,2026-02-24,620.0,PE,TATATECH26FEB620PE,21.0,21.25,16.4,16.85,17.4,18.75,604.9,16.85,254400,-7200,40,20451160.0,36,F1,800,,,,,
2026-02-18,2026-02-18,FO,NSE,STO,162012,,TATATECH,,2026-02-24,2026-02-24,605.0,CE,TATATECH26FEB605CE,11.05,11.05,7.25,9.5,9.25,11.05,604.9,9.5,125600,84800,461,226323560.0,309,F1,800,,,,,
2026-02-18,2026-02-18,FO,NSE,STO,162039,,TATATECH,,2026-02-24,2026-02-24,690.0,PE,TATATECH26FEB690PE,0.0,0.0,0.0,35.45,35.45,35.45,604.9,84.5,9600,0,0,0.0,0,F1,800,,,,,
2026-02-18,2026-02-18,FO,NSE,STO,169680,,TATATECH,,2026-03-30,2026-03-30,655.0,CE,TATATECH26MAR655CE,0.0,0.0,0.0,32.9,0.0,32.9,604.9,5.1,0,0,0,0.0,0,F1,800,,,,,
2026-02-18,2026-02-18,FO,NSE,STO,162144,,TATATECH,,2026-03-30,2026-03-30,660.0,CE,TATATECH26MAR660CE,7.0,7.0,5.5,5.95,6.0,7.45,604.9,5.95,43200,15200,30,15981120.0,26,F1,800,,,,,
2026-02-18,2026-02-18,FO,NSE,STO,169684,,TATATECH,,2026-03-30,2026-03-30,675.0,CE,TATATECH26MAR675CE,0.0,0.0,0.0,24.1,0.0,24.1,604.9,2.5,0,0,0,0.0,0,F1,800,,,,,
2026-02-18,2026-02-18,FO,NSE,STO,162152,,TATATECH,,2026-03-30,2026-03-30,700.0,CE,TATATECH26MAR700CE,2.5,2.5,2.2,2.35,2.35,3.5,604.9,2.35,108000,20000,38,21351600.0,37,F1,800,,,,,
2026-02-18,2026-02-18,FO,NSE,STO,162156,,TATATECH,,2026-03-30,2026-03-30,720.0,CE,TATATECH26MAR720CE,1.7,1.7,1.2,1.45,1.45,2.0,604.9,1.45,26400,5600,14,8078480.0,8,F1,800,,,,,
2026-02-18,2026-02-18,FO,NSE,STO,169770,,TATATECH,,2026-04-28,2026-04-28,630.0,CE,TATATECH26APR630CE,0.0,0.0,0.0,54.6,0.0,54.6,604.9,17.9,0,0,0,0.0,0,F1,800,,,,,
2026-02-18,2026-02-18,FO,NSE,STO,169774,,TATATECH,,2026-04-28,2026-04-28,650.0,CE,TATATECH26APR650CE,0.0,0.0,0.0,43.55,0.0,43.55,604.9,11.65,0,0,0,0.0,0,F1,800,,,,,
2026-02-18,2026-02-18,FO,NSE,STO,169782,,TATATECH,,2026-04-28,2026-04-28,690.0,CE,TATATECH26APR690CE,0.0,0.0,0.0,26.3,0.0,26.3,604.9,4.4,0,0,0,0.0,0,F1,800,,,,,
2026-02-18,2026-02-18,FO,NSE,STO,161987,,TATATECH,,2026-02-24,2026-02-24,515.0,PE,TATATECH26FEB515PE,0.0,0.0,0.0,0.55,0.0,0.55,604.9,0.05,0,0,0,0.0,0,F1,800,,,,,
2026-02-18,2026-02-18,FO,NSE,STO,141547,,TATATECH,,2026-02-24,2026-02-24,780.0,PE,TATATECH26FEB780PE,0.0,0.0,0.0,181.25,181.25,181.25,604.9,174.4,45600,0,0,0.0,0,F1,800,,,,,
2026-02-18,2026-02-18,FO,NSE,STO,169651,,TATATECH,,2026-03-30,2026-03-30,505.0,PE,TATATECH26MAR505PE,0.0,0.0,0.0,0.35,0.0,0.35,604.9,0.15,0,0,0,0.0,0,F1,800,,,,,
2026-02-18,2026-02-18,FO,NSE,STO,141380,,TATATECH,,2026-02-24,2026-02-24,580.0,CE,TATATECH26FEB580CE,28.05,28.05,27.75,27.9,27.9,28.95,604.9,27.9,33600,-800,4,1945280.0,4,F1,800,,,,,
2026-02-18,2026-02-18,FO,NSE,STO,162123,,TATATECH,,2026-03-30,2026-03-30,550.0,PE,TATATECH26MAR550PE,4.55,5.4,4.55,4.55,4.55,5.2,604.9,4.55,12000,6400,15,6659280.0,15,F1,800,,,,,
2026-02-18,2026-02-18,FO,NSE,STO,169665,,TATATECH,,2026-03-30,2026-03-30,575.0,PE,TATATECH26MAR575PE,0.0,0.0,0.0,4.85,0.0,4.85,604.9,6.85,0,0,0,0.0,0,F1,800,,,,,
2026-02-18,2026-02-18,FO,NSE,STO,169681,,TATATECH,,2026-03-30,2026-03-30,655.0,PE,TATATECH26MAR655PE,0.0,0.0,0.0,29.65,0.0,29.65,604.9,51.25,0,0,0,0.0,0,F1,800,,,,,
2026-02-18,2026-02-18,FO,NSE,STO,162165,,TATATECH,,2026-03-30,2026-03-30,760.0,PE,TATATECH26MAR760PE,0.0,0.0,0.0,116.55,0.0,116.55,604.9,150.6,0,0,0,0.0,0,F1,800,,,,,
2026-02-18,2026-02-18,FO,NSE,STO,162016,,TATATECH,,2026-02-24,2026-02-24,615.0,CE,TATATECH26FEB615CE,6.4,6.4,4.0,5.0,5.0,6.65,604.9,5.0,116800,-9600,132,65448440.0,99,F1,800,,,,,
2026-02-18,2026-02-18,FO,NSE,STO,141400,,TATATECH,,2026-02-24,2026-02-24,680.0,CE,TATATECH26FEB680CE,0.35,0.4,0.25,0.35,0.35,0.55,604.9,0.35,240800,-3200,24,13061920.0,24,F1,800,,,,,
2026-02-18,2026-02-18,FO,NSE,STO,162040,,TATATECH,,2026-02-24,2026-02-24,695.0,CE,TATATECH26FEB695CE,0.0,0.0,0.0,0.3,0.3,0.3,604.9,0.05,7200,0,0,0.0,0,F1,800,,,,,
2026-02-18,2026-02-18,FO,NSE,STO,169666,,TATATECH,,2026-03-30,2026-03-30,585.0,CE,TATATECH26MAR585CE,0.0,0.0,0.0,26.95,26.95,26.95,604.9,33.15,0,0,0,0.0,0,F1,800,,,,,
2026-02-18,2026-02-18,FO,NSE,STO,169761,,TATATECH,,2026-04-28,2026-04-28,580.0,PE,TATATECH26APR580PE,0.0,0.0,0.0,8.95,0.0,8.95,604.9,12.6,0,0,0,0.0,0,F1,800,,,,,
2026-02-18,2026-02-18,FO,NSE,STO,169771,,TATATECH,,2026-04-28,2026-04-28,630.0,PE,TATATECH26APR630PE,0.0,0.0,0.0,23.55,0.0,23.55,604.9,36.5,0,0,0,0.0,0,F1,800,,,,,
2026-02-18,2026-02-18,FO,NSE,STO,169781,,TATATECH,,2026-04-28,2026-04-28,680.0,PE,TATATECH26APR680PE,0.0,0.0,0.0,48.2,0.0,48.2,604.9,73.75,0,0,0,0.0,0,F1,800,,,,,
2026-02-18,2026-02-18,FO,NSE,STO,169783,,TATATECH,,2026-04-28,2026-04-28,690.0,PE,TATATECH26APR690PE,0.0,0.0,0.0,54.35,0.0,54.35,604.9,82.35,0,0,0,0.0,0,F1,800,,,,,
2026-02-18,2026-02-18,FO,NSE,STO,161990,,TATATECH,,2026-02-24,2026-02-24,530.0,CE,TATATECH26FEB530CE,0.0,0.0,0.0,67.75,67.75,67.75,604.9,75.4,0,0,0,0.0,0,F1,800,,,,,
2026-02-18,2026-02-18,FO,NSE,STO,141378,,TATATECH,,2026-02-24,2026-02-24,560.0,CE,TATATECH26FEB560CE,0.0,0.0,0.0,55.0,55.0,55.0,604.9,45.45,4000,0,0,0.0,0,F1,800,,,,,
2026-02-18,2026-02-18,FO,NSE,STO,162046,,TATATECH,,2026-02-24,2026-02-24,715.0,CE,TATATECH26FEB715CE,0.0,0.0,0.0,2.25,2.25,2.25,604.9,0.05,2400,0,0,0.0,0,F1,800,,,,,
2026-02-18,2026-02-18,FO,NSE,STO,169660,,TATATECH,,2026-03-30,2026-03-30,555.0,CE,TATATECH26MAR555CE,0.0,0.0,0.0,104.8,0.0,104.8,604.9,56.25,0,0,0,0.0,0,F1,800,,,,,
2026-02-18,2026-02-18,FO,NSE,STO,169670,,TATATECH,,2026-03-30,2026-03-30,605.0,CE,TATATECH26MAR605CE,24.5,26.8,23.5,23.5,23.5,63.5,604.9,21.4,2400,2400,10,5042440.0,10,F1,800,,,,,
2026-02-18,2026-02-18,FO,NSE,STO,169672,,TATATECH,,2026-03-30,2026-03-30,615.0,CE,TATATECH26MAR615CE,20.0,20.0,20.0,20.0,20.0,56.4,604.9,16.7,2400,2400,3,1524000.0,3,F1,800,,,,,
2026-02-18,2026-02-18,FO,NSE,STO,162142,,TATATECH,,2026-03-30,2026-03-30,650.0,CE,TATATECH26MAR650CE,8.9,8.9,7.15,7.95,7.65,9.0,604.9,7.95,81600,3200,55,28940120.0,50,F1,800,,,,,
2026-02-18,2026-02-18,FO,NSE,STO,169750,,TATATECH,,2026-04-28,2026-04-28,530.0,CE,TATATECH26APR530CE,0.0,0.0,0.0,131.95,0.0,131.95,604.9,82.9,0,0,0,0.0,0,F1,800,,,,,
2026-02-18,2026-02-18,FO,NSE,STO,169760,,TATATECH,,2026-04-28,2026-04-28,580.0,CE,TATATECH26APR580CE,0.0,0.0,0.0,89.25,0.0,89.25,604.9,43.5,0,0,0,0.0,0,F1,800,,,,,
2026-02-18,2026-02-18,FO,NSE,STO,169772,,TATATECH,,2026-04-28,2026-04-28,640.0,CE,TATATECH26APR640CE,0.0,0.0,0.0,48.85,0.0,48.85,604.9,14.55,0,0,0,0.0,0,F1,800,,,,,
2026-02-18,2026-02-18,FO,NSE,STO,169776,,TATATECH,,2026-04-28,2026-04-28,660.0,CE,TATATECH26APR660CE,0.0,0.0,0.0,38.65,0.0,38.65,604.9,9.3,0,0,0,0.0,0,F1,800,,,,,
2026-02-18,2026-02-18,FO,NSE,STO,161983,,TATATECH,,2026-02-24,2026-02-24,505.0,PE,TATATECH26FEB505PE,0.0,0.0,0.0,0.35,0.0,0.35,604.9,0.05,0,0,0,0.0,0,F1,800,,,,,
2026-02-18,2026-02-18,FO,NSE,STO,161997,,TATATECH,,2026-02-24,2026-02-24,550.0,PE,TATATECH26FEB550PE,0.5,0.95,0.4,0.45,0.4,0.95,604.9,0.45,80000,-12800,46,20265320.0,45,F1,800,,,,,
2026-02-18,2026-02-18,FO,NSE,STO,169785,,TATATECH,,2026-04-28,2026-04-28,700.0,PE,TATATECH26APR700PE,0.0,0.0,0.0,60.85,0.0,60.85,604.9,91.2,0,0,0,0.0,0,F1,800,,,,,
2026-02-18,2026-02-18,FO,NSE,STO,141374,,TATATECH,,2026-02-24,2026-02-24,520.0,CE,TATATECH26FEB520CE,0.0,0.0,0.0,158.5,0.0,158.5,604.9,85.35,0,0,0,0.0,0,F1,800,,,,,
2026-02-18,2026-02-18,FO,NSE,STO,169767,,TATATECH,,2026-04-28,2026-04-28,610.0,PE,TATATECH26APR610PE,0.0,0.0,0.0,16.55,0.0,16.55,604.9,25.15,0,0,0,0.0,0,F1,800,,,,,
2026-02-18,2026-02-18,FO,NSE,STO,169757,,TATATECH,,2026-04-28,2026-04-28,560.0,PE,TATATECH26APR560PE,0.0,0.0,0.0,5.55,0.0,5.55,604.9,7.2,0,0,0,0.0,0,F1,800,,,,,
2026-02-18,2026-02-18,FO,NSE,STO,169751,,TATATECH,,2026-04-28,2026-04-28,530.0,PE,TATATECH26APR530PE,0.0,0.0,0.0,2.4,0.0,2.4,604.9,2.55,0,0,0,0.0,0,F1,800,,,,,
2026-02-18,2026-02-18,FO,NSE,STO,169747,,TATATECH,,2026-04-28,2026-04-28,510.0,PE,TATATECH26APR510PE,0.0,0.0,0.0,1.25,0.0,1.25,604.9,1.1,0,0,0,0.0,0,F1,800,,,,,
2026-02-18,2026-02-18,FO,NSE,STO,162161,,TATATECH,,2026-03-30,2026-03-30,740.0,PE,TATATECH26MAR740PE,0.0,0.0,0.0,99.55,0.0,99.55,604.9,130.8,0,0,0,0.0,0,F1,800,,,,,
2026-02-18,2026-02-18,FO,NSE,STO,169691,,TATATECH,,2026-03-30,2026-03-30,705.0,PE,TATATECH26MAR705PE,0.0,0.0,0.0,60.65,0.0,60.65,604.9,96.6,0,0,0,0.0,0,F1,800,,,,,
2026-02-18,2026-02-18,FO,NSE,STO,162153,,TATATECH,,2026-03-30,2026-03-30,700.0,PE,TATATECH26MAR700PE,0.0,0.0,0.0,120.0,120.0,120.0,604.9,91.8,24800,0,0,0.0,0,F1,800,,,,,
2026-02-18,2026-02-18,FO,NSE,STO,169661,,TATATECH,,2026-03-30,2026-03-30,555.0,PE,TATATECH26MAR555PE,0.0,0.0,0.0,2.55,0.0,2.55,604.9,3.0,0,0,0,0.0,0,F1,800,,,,,
2026-02-18,2026-02-18,FO,NSE,STO,162051,,TATATECH,,2026-02-24,2026-02-24,730.0,PE,TATATECH26FEB730PE,125.0,125.0,124.75,124.75,124.75,131.4,604.9,124.45,9600,0,6,4103400.0,2,F1,800,,,,,
2026-02-18,2026-02-18,FO,NSE,STO,162035,,TATATECH,,2026-02-24,2026-02-24,675.0,PE,TATATECH26FEB675PE,0.0,0.0,0.0,29.95,29.95,29.95,604.9,69.5,800,0,0,0.0,0,F1,800,,,,,
2026-02-18,2026-02-18,FO,NSE,STO,141399,,TATATECH,,2026-02-24,2026-02-24,660.0,PE,TATATECH26FEB660PE,58.6,58.6,54.5,56.45,56.45,54.35,604.9,54.5,280800,-800,7,4011880.0,7,F1,800,,,,,
2026-02-18,2026-02-18,FO,NSE,STO,162023,,TATATECH,,2026-02-24,2026-02-24,635.0,PE,TATATECH26FEB635PE,33.25,33.25,33.25,33.25,33.25,40.8,604.9,30.1,32000,-800,1,534600.0,1,F1,800,,,,,
2026-02-18,2026-02-18,FO,NSE,STO,141381,,TATATECH,,2026-02-24,2026-02-24,580.0,PE,TATATECH26FEB580PE,3.5,3.5,1.8,1.95,2.0,2.85,604.9,1.95,260800,-15200,229,106733920.0,153,F1,800,,,,,
2026-02-18,2026-02-18,FO,NSE,STF,67024,,TATATECH,,2026-04-28,2026-04-28,,,TATATECH26APRFUT,609.7,612.25,606.4,611.7,611.35,610.4,604.9,611.7,436000,16800,54,26323040.0,53,F1,800,,,,,
2026-02-18,2026-02-18,FO,NSE,STO,162008,,TATATECH,,2026-02-24,2026-02-24,590.0,CE,TATATECH26FEB590CE,17.45,20.05,17.45,19.8,19.7,20.65,604.9,19.8,45600,-3200,9,4386400.0,9,F1,800,,,,,
2026-02-18,2026-02-18,FO,NSE,STO,162129,,TATATECH,,2026-03-30,2026-03-30,580.0,PE,TATATECH26MAR580PE,12.5,13.4,10.95,11.3,11.35,12.5,604.9,11.3,84000,33600,75,35527520.0,55,F1,800,,,,,
2026-02-18,2026-02-18,FO,NSE,STO,172531,,WAAREEENER,,2026-03-30,2026-03-30,2350.0,PE,WAAREEENER26MAR2350PE,0.0,0.0,0.0,72.45,0.0,72.45,2963.65,7.3,0,0,0,0.0,0,F1,175,,,,,
2026-02-18,2026-02-18,FO,NSE,STO,172578,,WAAREEENER,,2026-04-28,2026-04-28,2600.0,CE,WAAREEENER26APR2600CE,0.0,0.0,0.0,335.2,0.0,335.2,2963.65,457.4,0,0,0,0.0,0,F1,175,,,,,
2026-02-18,2026-02-18,FO,NSE,STO,172584,,WAAREEENER,,2026-04-28,2026-04-28,2900.0,CE,WAAREEENER26APR2900CE,0.0,0.0,0.0,204.05,0.0,204.05,2963.65,267.2,0,0,0,0.0,0,F1,175,,,,,
2026-02-18,2026-02-18,FO,NSE,STO,172594,,WAAREEENER,,2026-04-28,2026-04-28,3400.0,CE,WAAREEENER26APR3400CE,0.0,0.0,0.0,80.5,0.0,80.5,2963.65,87.15,0,0,0,0.0,0,F1,175,,,,,
2026-02-18,2026-02-18,FO,NSE,STO,172598,,WAAREEENER,,2026-04-28,2026-04-28,3600.0,CE,WAAREEENER26APR3600CE,0.0,0.0,0.0,53.9,0.0,53.9,2963.65,51.95,0,0,0,0.0,0,F1,175,,,,,
2026-02-18,2026-02-18,FO,NSE,STO,166093,,WAAREEENER,,2026-02-24,2026-02-24,2300.0,PE,WAAREEENER26FEB2300PE,1.55,1.55,0.45,0.45,0.45,1.55,2963.65,0.45,14525,-175,2,805350.0,2,F1,175,,,,,
2026-02-18,2026-02-18,FO,NSE,STO,166099,,WAAREEENER,,2026-02-24,2026-02-24,2450.0,PE,WAAREEENER26FEB2450PE,1.85,4.3,1.85,3.4,3.4,2.0,2963.65,0.05,6125,2275,21,9015798.75,14,F1,175,,,,,
2026-02-18,2026-02-18,FO,NSE,STO,166113,,WAAREEENER,,2026-02-24,2026-02-24,2800.0,PE,WAAREEENER26FEB2800PE,7.0,27.7,7.0,13.8,13.85,6.85,2963.65,13.8,77000,9625,3956,1952000618.75,3036,F1,175,,,,,
2026-02-18,2026-02-18,FO,NSE,STO,166179,,WAAREEENER,,2026-03-30,2026-03-30,2300.0,PE,WAAREEENER26MAR2300PE,12.05,16.05,10.0,10.0,10.0,10.0,2963.65,10.0,1225,-350,17,6879136.25,16,F1,175,,,,,
2026-02-18,2026-02-18,FO,NSE,STO,172533,,WAAREEENER,,2026-03-30,2026-03-30,2450.0,PE,WAAREEENER26MAR2450PE,22.05,22.05,22.05,22.05,22.05,102.55,2963.65,14.65,175,175,1,432608.75,1,F1,175,,,,,
2026-02-18,2026-02-18,FO,NSE,STO,166193,,WAAREEENER,,2026-03-30,2026-03-30,3000.0,PE,WAAREEENER26MAR3000PE,138.7,188.6,138.7,155.5,153.45,134.9,2963.65,155.5,106225,86975,1058,586469782.5,498,F1,175,,,,,
2026-02-18,2026-02-18,FO,NSE,STO,172547,,WAAREEENER,,2026-03-30,2026-03-30,3150.0,PE,WAAREEENER26MAR3150PE,0.0,0.0,0.0,507.2,0.0,507.2,2963.65,269.3,0,0,0,0.0,0,F1,175,,,,,
2026-02-18,2026-02-18,FO,NSE,STO,172599,,WAAREEENER,,2026-04-28,2026-04-28,3600.0,PE,WAAREEENER26APR3600PE,0.0,0.0,0.0,903.55,0.0,903.55,2963.65,651.05,0,0,0,0.0,0,F1,175,,,,,
2026-02-18,2026-02-18,FO,NSE,STO,166090,,WAAREEENER,,2026-02-24,2026-02-24,2250.0,CE,WAAREEENER26FEB2250CE,0.0,0.0,0.0,765.4,0.0,765.4,2963.65,715.7,0,0,0,0.0,0,F1,175,,,,,
2026-02-18,2026-02-18,FO,NSE,STO,166118,,WAAREEENER,,2026-02-24,2026-02-24,2950.0,CE,WAAREEENER26FEB2950CE,127.65,127.65,49.0,71.3,72.0,138.4,2963.65,71.3,45500,30975,3077,1622550798.75,2523,F1,175,,,,,
2026-02-18,2026-02-18,FO,NSE,STO,166148,,WAAREEENER,,2026-02-24,2026-02-24,3700.0,CE,WAAREEENER26FEB3700CE,1.0,1.1,0.95,0.95,0.95,2.0,2963.65,0.05,14700,-350,7,4533751.25,7,F1,175,,,,,
2026-02-18,2026-02-18,FO,NSE,STO,172532,,WAAREEENER,,2026-03-30,2026-03-30,2450.0,CE,WAAREEENER26MAR2450CE,0.0,0.0,0.0,373.35,0.0,373.35,2963.65,543.0,0,0,0,0.0,0,F1,175,,,,,
2026-02-18,2026-02-18,FO,NSE,STO,172536,,WAAREEENER,,2026-03-30,2026-03-30,2650.0,CE,WAAREEENER26MAR2650CE,0.0,0.0,0.0,257.6,0.0,257.6,2963.65,374.95,0,0,0,0.0,0,F1,175,,,,,
2026-02-18,2026-02-18,FO,NSE,STO,172552,,WAAREEENER,,2026-03-30,2026-03-30,3450.0,CE,WAAREEENER26MAR3450CE,0.0,0.0,0.0,82.05,82.05,82.05,2963.65,35.95,3500,0,0,0.0,0,F1,175,,,,,
2026-02-18,2026-02-18,FO,NSE,STO,172574,,WAAREEENER,,2026-04-28,2026-04-28,2400.0,CE,WAAREEENER26APR2400CE,0.0,0.0,0.0,452.05,0.0,452.05,2963.65,617.15,0,0,0,0.0,0,F1,175,,,,,
2026-02-18,2026-02-18,FO,NSE,STO,166102,,WAAREEENER,,2026-02-24,2026-02-24,2550.0,CE,WAAREEENER26FEB2550CE,0.0,0.0,0.0,605.25,605.25,605.25,2963.65,416.1,1925,0,0,0.0,0,F1,175,,,,,
2026-02-18,2026-02-18,FO,NSE,STO,166202,,WAAREEENER,,2026-03-30,2026-03-30,3500.0,CE,WAAREEENER26MAR3500CE,35.2,35.2,17.3,21.3,22.35,60.0,2963.65,21.3,4025,3500,34,20947587.5,28,F1,175,,,,,
2026-02-18,2026-02-18,FO,NSE,STO,172550,,WAAREEENER,,2026-03-30,2026-03-30,3350.0,CE,WAAREEENER26MAR3350CE,0.0,0.0,0.0,51.55,0.0,51.55,2963.65,51.9,0,0,0,0.0,0,F1,175,,,,,
2026-02-18,2026-02-18,FO,NSE,STO,166122,,WAAREEENER,,2026-02-24,2026-02-24,3050.0,CE,WAAREEENER26FEB3050CE,60.0,61.75,20.7,32.15,33.9,75.4,2963.65,32.15,72625,49700,3193,1722293291.25,2449,F1,175,,,,,
2026-02-18,2026-02-18,FO,NSE,STO,166134,,WAAREEENER,,2026-02-24,2026-02-24,3350.0,CE,WAAREEENER26FEB3350CE,5.8,6.0,2.7,4.0,4.55,7.45,2963.65,4.0,9625,-3675,271,159054367.5,208,F1,175,,,,,
2026-02-18,2026-02-18,FO,NSE,STO,166140,,WAAREEENER,,2026-02-24,2026-02-24,3500.0,CE,WAAREEENER26FEB3500CE,2.5,2.65,1.55,1.9,2.2,3.1,2963.65,1.9,136150,-12950,290,177729781.25,239,F1,175,,,,,
2026-02-18,2026-02-18,FO,NSE,STO,172597,,WAAREEENER,,2026-04-28,2026-04-28,3500.0,PE,WAAREEENER26APR3500PE,0.0,0.0,0.0,817.15,0.0,817.15,2963.65,567.7,0,0,0,0.0,0,F1,175,,,,,
2026-02-18,2026-02-18,FO,NSE,STO,166092,,WAAREEENER,,2026-02-24,2026-02-24,2300.0,CE,WAAREEENER26FEB2300CE,0.0,0.0,0.0,780.05,780.05,780.05,2963.65,665.75,175,0,0,0.0,0,F1,175,,,,,
2026-02-18,2026-02-18,FO,NSE,STO,166094,,WAAREEENER,,2026-02-24,2026-02-24,2350.0,CE,WAAREEENER26FEB2350CE,0.0,0.0,0.0,762.95,762.95,762.95,2963.65,615.75,525,0,0,0.0,0,F1,175,,,,,
2026-02-18,2026-02-18,FO,NSE,STO,166178,,WAAREEENER,,2026-03-30,2026-03-30,2300.0,CE,WAAREEENER26MAR2300CE,0.0,0.0,0.0,755.95,0.0,755.95,2963.65,682.45,0,0,0,0.0,0,F1,175,,,,,
2026-02-18,2026-02-18,FO,NSE,STO,172544,,WAAREEENER,,2026-03-30,2026-03-30,3050.0,CE,WAAREEENER26MAR3050CE,185.0,185.0,100.2,118.5,118.5,231.1,2963.65,118.5,3150,2975,22,12179195.0,21,F1,175,,,,,
2026-02-18,2026-02-18,FO,NSE,STO,166180,,WAAREEENER,,2026-03-30,2026-03-30,2400.0,CE,WAAREEENER26MAR2400CE,0.0,0.0,0.0,675.3,0.0,675.3,2963.65,588.55,0,0,0,0.0,0,F1,175,,,,,
2026-02-18,2026-02-18,FO,NSE,STO,172593,,WAAREEENER,,2026-04-28,2026-04-28,3300.0,PE,WAAREEENER26APR3300PE,0.0,0.0,0.0,652.15,0.0,652.15,2963.65,413.55,0,0,0,0.0,0,F1,175,,,,,
2026-02-18,2026-02-18,FO,NSE,STO,172587,,WAAREEENER,,2026-04-28,2026-04-28,3000.0,PE,WAAREEENER26APR3000PE,0.0,0.0,0.0,429.85,0.0,429.85,2963.65,223.55,0,0,0,0.0,0,F1,175,,,,,
2026-02-18,2026-02-18,FO,NSE,STO,172549,,WAAREEENER,,2026-03-30,2026-03-30,3250.0,PE,WAAREEENER26MAR3250PE,0.0,0.0,0.0,587.35,0.0,587.35,2963.65,340.3,0,0,0,0.0,0,F1,175,,,,,
2026-02-18,2026-02-18,FO,NSE,STO,166185,,WAAREEENER,,2026-03-30,2026-03-30,2600.0,PE,WAAREEENER26MAR2600PE,45.0,48.0,37.55,39.05,39.05,26.15,2963.65,35.2,8750,3150,28,12952100.0,28,F1,175,,,,,
2026-02-18,2026-02-18,FO,NSE,STO,172535,,WAAREEENER,,2026-03-30,2026-03-30,2550.0,PE,WAAREEENER26MAR2550PE,0.0,0.0,0.0,139.95,0.0,139.95,2963.65,26.8,0,0,0,0.0,0,F1,175,,,,,
2026-02-18,2026-02-18,FO,NSE,STO,166137,,WAAREEENER,,2026-02-24,2026-02-24,3400.0,PE,WAAREEENER26FEB3400PE,379.2,421.8,378.15,421.8,421.8,278.2,2963.65,433.65,700,-525,7,4637718.75,7,F1,175,,,,,
2026-02-18,2026-02-18,FO,NSE,STO,166131,,WAAREEENER,,2026-02-24,2026-02-24,3250.0,PE,WAAREEENER26FEB3250PE,237.55,328.8,232.65,328.8,328.8,204.05,2963.65,286.9,2800,-7000,54,33394760.0,54,F1,175,,,,,
2026-02-18,2026-02-18,FO,NSE,STO,172534,,WAAREEENER,,2026-03-30,2026-03-30,2550.0,CE,WAAREEENER26MAR2550CE,0.0,0.0,0.0,311.85,0.0,311.85,2963.65,455.75,0,0,0,0.0,0,F1,175,,,,,
2026-02-18,2026-02-18,FO,NSE,STO,166083,,WAAREEENER,,2026-02-24,2026-02-24,2000.0,PE,WAAREEENER26FEB2000PE,0.55,0.55,0.55,0.55,0.55,0.6,2963.65,0.05,16450,0,2,700192.5,2,F1,175,,,,,
2026-02-18,2026-02-18,FO,NSE,STO,166181,,WAAREEENER,,2026-03-30,2026-03-30,2400.0,PE,WAAREEENER26MAR2400PE,19.0,21.0,18.85,19.95,19.95,35.5,2963.65,10.45,2100,1925,33,13971982.5,18,F1,175,,,,,
2026-02-18,2026-02-18,FO,NSE,STO,166183,,WAAREEENER,,2026-03-30,2026-03-30,2500.0,PE,WAAREEENER26MAR2500PE,26.5,33.95,20.5,23.6,23.6,19.75,2963.65,23.6,11725,7350,96,42485117.5,87,F1,175,,,,,
2026-02-18,2026-02-18,FO,NSE,STO,172575,,WAAREEENER,,2026-04-28,2026-04-28,2400.0,PE,WAAREEENER26APR2400PE,0.0,0.0,0.0,120.1,0.0,120.1,2963.65,28.65,0,0,0,0.0,0,F1,175,,,,,
2026-02-18,2026-02-18,FO,NSE,STO,172579,,WAAREEENER,,2026-04-28,2026-04-28,2600.0,PE,WAAREEENER26APR2600PE,0.0,0.0,0.0,200.2,0.0,200.2,2963.65,66.85,0,0,0,0.0,0,F1,175,,,,,
2026-02-18,2026-02-18,FO,NSE,STO,172595,,WAAREEENER,,2026-04-28,2026-04-28,3400.0,PE,WAAREEENER26APR3400PE,0.0,0.0,0.0,733.2,0.0,733.2,2963.65,488.3,0,0,0,0.0,0,F1,175,,,,,
2026-02-18,2026-02-18,FO,NSE,STO,166119,,WAAREEENER,,2026-02-24,2026-02-24,2950.0,PE,WAAREEENER26FEB2950PE,37.1,86.3,37.1,54.85,54.75,27.35,2963.65,54.85,42525,26075,5349,2820672785.0,4453,F1,175,,,,,
2026-02-18,2026-02-18,FO,NSE,STO,166130,,WAAREEENER,,2026-02-24,2026-02-24,3250.0,CE,WAAREEENER26FEB3250CE,12.85,12.9,4.45,6.75,7.4,16.35,2963.65,6.75,51275,19425,1555,886638427.5,1376,F1,175,,,,,
2026-02-18,2026-02-18,FO,NSE,STO,166135,,WAAREEENER,,2026-02-24,2026-02-24,3350.0,PE,WAAREEENER26FEB3350PE,380.25,425.4,380.25,394.7,394.7,240.95,2963.65,384.15,4550,-175,4,2627441.25,4,F1,175,,,,,
2026-02-18,2026-02-18,FO,NSE,STO,166149,,WAAREEENER,,2026-02-24,2026-02-24,3700.0,PE,WAAREEENER26FEB3700PE,0.0,0.0,0.0,525.1,525.1,525.1,2963.65,733.0,0,0,0,0.0,0,F1,175,,,,,
2026-02-18,2026-02-18,FO,NSE,STO,166145,,WAAREEENER,,2026-02-24,2026-02-24,3600.0,PE,WAAREEENER26FEB3600PE,0.0,0.0,0.0,645.8,0.0,645.8,2963.65,633.1,0,0,0,0.0,0,F1,175,,,,,
2026-02-18,2026-02-18,FO,NSE,STO,172585,,WAAREEENER,,2026-04-28,2026-04-28,2900.0,PE,WAAREEENER26APR2900PE,0.0,0.0,0.0,364.45,0.0,364.45,2963.65,173.55,0,0,0,0.0,0,F1,175,,,,,
2026-02-18,2026-02-18,FO,NSE,STO,172577,,WAAREEENER,,2026-04-28,2026-04-28,2500.0,PE,WAAREEENER26APR2500PE,0.0,0.0,0.0,157.1,0.0,157.1,2963.65,44.85,0,0,0,0.0,0,F1,175,,,,,
2026-02-18,2026-02-18,FO,NSE,STO,172571,,WAAREEENER,,2026-04-28,2026-04-28,2200.0,PE,WAAREEENER26APR2200PE,0.0,0.0,0.0,64.0,0.0,64.0,2963.65,9.8,0,0,0,0.0,0,F1,175,,,,,
2026-02-18,2026-02-18,FO,NSE,STO,166203,,WAAREEENER,,2026-03-30,2026-03-30,3500.0,PE,WAAREEENER26MAR3500PE,0.0,0.0,0.0,600.15,0.0,600.15,2963.65,545.0,0,0,0,0.0,0,F1,175,,,,,
2026-02-18,2026-02-18,FO,NSE,STO,172551,,WAAREEENER,,2026-03-30,2026-03-30,3350.0,PE,WAAREEENER26MAR3350PE,0.0,0.0,0.0,671.3,0.0,671.3,2963.65,418.15,0,0,0,0.0,0,F1,175,,,,,
2026-02-18,2026-02-18,FO,NSE,STO,172545,,WAAREEENER,,2026-03-30,2026-03-30,3050.0,PE,WAAREEENER26MAR3050PE,0.0,0.0,0.0,431.15,0.0,431.15,2963.65,206.2,0,0,0,0.0,0,F1,175,,,,,
2026-02-18,2026-02-18,FO,NSE,STO,166117,,WAAREEENER,,2026-02-24,2026-02-24,2900.0,PE,WAAREEENER26FEB2900PE,23.95,60.7,23.95,35.1,35.0,17.2,2963.65,35.1,90475,32725,9772,5036439467.5,7495,F1,175,,,,,
2026-02-18,2026-02-18,FO,NSE,STO,172586,,WAAREEENER,,2026-04-28,2026-04-28,3000.0,CE,WAAREEENER26APR3000CE,0.0,0.0,0.0,171.0,0.0,171.0,2963.65,218.25,0,0,0,0.0,0,F1,175,,,,,
2026-02-18,2026-02-18,FO,NSE,STO,166206,,WAAREEENER,,2026-03-30,2026-03-30,3700.0,CE,WAAREEENER26MAR3700CE,14.75,14.95,6.2,9.0,9.15,21.25,2963.65,9.0,5950,700,18,11689562.5,18,F1,175,,,,,
2026-02-18,2026-02-18,FO,NSE,STO,172546,,WAAREEENER,,2026-03-30,2026-03-30,3150.0,CE,WAAREEENER26MAR3150CE,87.55,87.55,59.55,59.55,59.55,85.35,2963.65,101.85,350,350,5,2824535.0,4,F1,175,,,,,
2026-02-18,2026-02-18,FO,NSE,STO,166188,,WAAREEENER,,2026-03-30,2026-03-30,2800.0,CE,WAAREEENER26MAR2800CE,305.0,305.0,235.0,258.0,258.0,403.5,2963.65,268.85,10675,10675,77,41054492.5,59,F1,175,,,,,
2026-02-18,2026-02-18,FO,NSE,STO,166120,,WAAREEENER,,2026-02-24,2026-02-24,3000.0,CE,WAAREEENER26FEB3000CE,100.0,103.95,31.45,48.0,49.0,104.5,2963.65,48.0,129500,78575,7286,3884064178.75,5753,F1,175,,,,,
2026-02-18,2026-02-18,FO,NSE,STO,166116,,WAAREEENER,,2026-02-24,2026-02-24,2900.0,CE,WAAREEENER26FEB2900CE,150.45,150.45,72.9,101.05,102.0,179.35,2963.65,101.05,27300,4550,1015,531959942.5,944,F1,175,,,,,
2026-02-18,2026-02-18,FO,NSE,STO,166110,,WAAREEENER,,2026-02-24,2026-02-24,2750.0,CE,WAAREEENER26FEB2750CE,208.0,224.3,185.35,224.3,224.25,398.0,2963.65,224.3,19950,-1225,33,17040187.5,33,F1,175,,,,,
2026-02-18,2026-02-18,FO,NSE,STO,166088,,WAAREEENER,,2026-02-24,2026-02-24,2200.0,CE,WAAREEENER26FEB2200CE,0.0,0.0,0.0,811.45,0.0,811.45,2963.65,765.65,0,0,0,0.0,0,F1,175,,,,,
2026-02-18,2026-02-18,FO,NSE,STO,172591,,WAAREEENER,,2026-04-28,2026-04-28,3200.0,PE,WAAREEENER26APR3200PE,0.0,0.0,0.0,574.2,0.0,574.2,2963.65,344.05,0,0,0,0.0,0,F1,175,,,,,
2026-02-18,2026-02-18,FO,NSE,STO,166097,,WAAREEENER,,2026-02-24,2026-02-24,2400.0,PE,WAAREEENER26FEB2400PE,1.6,3.85,1.25,1.55,1.75,1.6,2963.65,1.55,30975,3325,71,29851263.75,48,F1,175,,,,,
2026-02-18,2026-02-18,FO,NSE,STO,166101,,WAAREEENER,,2026-02-24,2026-02-24,2500.0,PE,WAAREEENER26FEB2500PE,2.1,5.1,1.1,2.1,2.4,1.5,2963.65,2.1,60025,2625,440,192781592.5,296,F1,175,,,,,
2026-02-18,2026-02-18,FO,NSE,STO,166105,,WAAREEENER,,2026-02-24,2026-02-24,2600.0,PE,WAAREEENER26FEB2600PE,3.35,7.6,2.9,3.8,4.0,2.4,2963.65,3.8,22050,1750,804,366590192.5,581,F1,175,,,,,
2026-02-18,2026-02-18,FO,NSE,STO,166191,,WAAREEENER,,2026-03-30,2026-03-30,2900.0,PE,WAAREEENER26MAR2900PE,97.15,139.85,97.15,109.7,114.0,97.15,2963.65,109.7,15050,13825,245,129589696.25,207,F1,175,,,,,
2026-02-18,2026-02-18,FO,NSE,STO,166204,,WAAREEENER,,2026-03-30,2026-03-30,3600.0,CE,WAAREEENER26MAR3600CE,0.0,0.0,0.0,110.8,0.0,110.8,2963.65,20.0,0,0,0,0.0,0,F1,175,,,,,
2026-02-18,2026-02-18,FO,NSE,STO,166184,,WAAREEENER,,2026-03-30,2026-03-30,2600.0,CE,WAAREEENER26MAR2600CE,401.0,401.0,401.0,401.0,401.0,560.0,2963.65,414.45,525,175,1,525175.0,1,F1,175,,,,,
2026-02-18,2026-02-18,FO,NSE,STO,166200,,WAAREEENER,,2026-03-30,2026-03-30,3400.0,CE,WAAREEENER26MAR3400CE,40.3,40.3,27.0,32.0,33.6,63.3,2963.65,32.0,9100,-175,107,64253070.0,69,F1,175,,,,,
2026-02-18,2026-02-18,FO,NSE,STF,52073,,WAAREEENER,,2026-03-30,2026-03-30,,,WAAREEENER26MARFUT,3066.4,3066.4,2928.8,2981.4,2984.6,3072.2,2963.65,2981.4,739200,232400,3150,1633594847.5,2398,F1,175,,,,,
2026-02-18,2026-02-18,FO,NSE,STO,166124,,WAAREEENER,,2026-02-24,2026-02-24,3100.0,CE,WAAREEENER26FEB3100CE,52.45,52.45,13.1,20.85,22.4,54.25,2963.65,20.85,123375,16800,7700,4207086660.0,6380,F1,175,,,,,
2026-02-18,2026-02-18,FO,NSE,STO,166128,,WAAREEENER,,2026-02-24,2026-02-24,3200.0,CE,WAAREEENER26FEB3200CE,19.65,20.65,6.15,9.45,10.0,24.15,2963.65,9.45,177275,-11900,4946,2779471668.75,3133,F1,175,,,,,
2026-02-18,2026-02-18,FO,NSE,STO,166144,,WAAREEENER,,2026-02-24,2026-02-24,3600.0,CE,WAAREEENER26FEB3600CE,1.85,1.85,0.85,0.9,0.9,1.85,2963.65,0.9,20300,-11725,114,71846810.0,72,F1,175,,,,,
2026-02-18,2026-02-18,FO,NSE,STO,172553,,WAAREEENER,,2026-03-30,2026-03-30,3450.0,PE,WAAREEENER26MAR3450PE,0.0,0.0,0.0,758.35,0.0,758.35,2963.65,501.55,0,0,0,0.0,0,F1,175,,,,,
2026-02-18,2026-02-18,FO,NSE,STO,166197,,WAAREEENER,,2026-03-30,2026-03-30,3200.0,PE,WAAREEENER26MAR3200PE,0.0,0.0,0.0,391.95,0.0,391.95,2963.65,303.9,0,0,0,0.0,0,F1,175,,,,,
2026-02-18,2026-02-18,FO,NSE,STO,172543,,WAAREEENER,,2026-03-30,2026-03-30,2950.0,PE,WAAREEENER26MAR2950PE,170.8,170.8,170.8,170.8,170.8,120.0,2963.65,152.0,175,0,1,546140.0,1,F1,175,,,,,
2026-02-18,2026-02-18,FO,NSE,STO,166141,,WAAREEENER,,2026-02-24,2026-02-24,3500.0,PE,WAAREEENER26FEB3500PE,0.0,0.0,0.0,373.6,373.6,373.6,2963.65,533.25,3150,0,0,0.0,0,F1,175,,,,,
2026-02-18,2026-02-18,FO,NSE,STO,166139,,WAAREEENER,,2026-02-24,2026-02-24,3450.0,PE,WAAREEENER26FEB3450PE,0.0,0.0,0.0,523.95,0.0,523.95,2963.65,483.4,0,0,0,0.0,0,F1,175,,,,,
2026-02-18,2026-02-18,FO,NSE,STO,166125,,WAAREEENER,,2026-02-24,2026-02-24,3100.0,PE,WAAREEENER26FEB3100PE,98.9,200.0,98.85,154.65,156.8,91.5,2963.65,154.65,33600,-24150,395,224640788.75,361,F1,175,,,,,
2026-02-18,2026-02-18,FO,NSE,STO,166123,,WAAREEENER,,2026-02-24,2026-02-24,3050.0,PE,WAAREEENER26FEB3050PE,72.0,156.55,72.0,114.5,112.7,64.1,2963.65,114.5,15575,-13825,728,402896900.0,689,F1,175,,,,,
2026-02-18,2026-02-18,FO,NSE,STO,166111,,WAAREEENER,,2026-02-24,2026-02-24,2750.0,PE,WAAREEENER26FEB2750PE,5.95,19.05,5.95,9.0,9.7,4.7,2963.65,9.0,25550,9450,815,394080163.75,681,F1,175,,,,,
2026-02-18,2026-02-18,FO,NSE,STO,166109,,WAAREEENER,,2026-02-24,2026-02-24,2700.0,PE,WAAREEENER26FEB2700PE,4.05,13.35,4.05,6.5,6.3,3.2,2963.65,6.5,69300,10500,2037,966023310.0,1607,F1,175,,,,,
2026-02-18,2026-02-18,FO,NSE,STO,166089,,WAAREEENER,,2026-02-24,2026-02-24,2200.0,PE,WAAREEENER26FEB2200PE,1.5,1.5,0.5,0.6,0.55,0.5,2963.65,0.6,16625,-700,18,6933395.0,9,F1,175,,,,,
2026-02-18,2026-02-18,FO,NSE,STO,172582,,WAAREEENER,,2026-04-28,2026-04-28,2800.0,CE,WAAREEENER26APR2800CE,0.0,0.0,0.0,242.2,0.0,242.2,2963.65,323.4,0,0,0,0.0,0,F1,175,,,,,
2026-02-18,2026-02-18,FO,NSE,STO,172540,,WAAREEENER,,2026-03-30,2026-03-30,2850.0,CE,WAAREEENER26MAR2850CE,0.0,0.0,0.0,170.3,0.0,170.3,2963.65,238.0,0,0,0,0.0,0,F1,175,,,,,
2026-02-18,2026-02-18,FO,NSE,STO,166103,,WAAREEENER,,2026-02-24,2026-02-24,2550.0,PE,WAAREEENER26FEB2550PE,3.05,3.05,2.1,2.1,2.1,1.85,2963.65,0.15,4200,-700,9,4020476.25,8,F1,175,,,,,
2026-02-18,2026-02-18,FO,NSE,STO,172589,,WAAREEENER,,2026-04-28,2026-04-28,3100.0,PE,WAAREEENER26APR3100PE,0.0,0.0,0.0,499.85,0.0,499.85,2963.65,280.55,0,0,0,0.0,0,F1,175,,,,,
2026-02-18,2026-02-18,FO,NSE,STO,172588,,WAAREEENER,,2026-04-28,2026-04-28,3100.0,CE,WAAREEENER26APR3100CE,0.0,0.0,0.0,142.55,0.0,142.55,2963.65,176.25,0,0,0,0.0,0,F1,175,,,,,
2026-02-18,2026-02-18,FO,NSE,STO,172538,,WAAREEENER,,2026-03-30,2026-03-30,2750.0,CE,WAAREEENER26MAR2750CE,0.0,0.0,0.0,210.5,0.0,210.5,2963.65,302.0,0,0,0,0.0,0,F1,175,,,,,
2026-02-18,2026-02-18,FO,NSE,STO,166174,,WAAREEENER,,2026-03-30,2026-03-30,2100.0,CE,WAAREEENER26MAR2100CE,0.0,0.0,0.0,929.35,0.0,929.35,2963.65,877.05,0,0,0,0.0,0,F1,175,,,,,
2026-02-18,2026-02-18,FO,NSE,STO,166136,,WAAREEENER,,2026-02-24,2026-02-24,3400.0,CE,WAAREEENER26FEB3400CE,4.55,4.55,2.1,3.05,3.5,5.2,2963.65,3.05,47775,-5250,430,256083065.0,287,F1,175,,,,,
2026-02-18,2026-02-18,FO,NSE,STF,67042,,WAAREEENER,,2026-04-28,2026-04-28,,,WAAREEENER26APRFUT,3031.0,3031.0,2941.6,2992.9,2994.5,3083.0,2963.65,2992.9,19775,3850,50,26058900.0,50,F1,175,,,,,
2026-02-18,2026-02-18,FO,NSE,STO,172596,,WAAREEENER,,2026-04-28,2026-04-28,3500.0,CE,WAAREEENER26APR3500CE,0.0,0.0,0.0,65.95,0.0,65.95,2963.65,67.55,0,0,0,0.0,0,F1,175,,,,,
2026-02-18,2026-02-18,FO,NSE,STO,166138,,WAAREEENER,,2026-02-24,2026-02-24,3450.0,CE,WAAREEENER26FEB3450CE,3.55,3.55,1.6,1.6,1.6,3.9,2963.65,0.15,2450,-1400,17,10271546.25,15,F1,175,,,,,
2026-02-18,2026-02-18,FO,NSE,STO,172530,,WAAREEENER,,2026-03-30,2026-03-30,2350.0,CE,WAAREEENER26MAR2350CE,0.0,0.0,0.0,442.2,0.0,442.2,2963.65,635.1,0,0,0,0.0,0,F1,175,,,,,
2026-02-18,2026-02-18,FO,NSE,STO,166182,,WAAREEENER,,2026-03-30,2026-03-30,2500.0,CE,WAAREEENER26MAR2500CE,0.0,0.0,0.0,599.45,0.0,599.45,2963.65,498.7,0,0,0,0.0,0,F1,175,,,,,
2026-02-18,2026-02-18,FO,NSE,STO,166186,,WAAREEENER,,2026-03-30,2026-03-30,2700.0,CE,WAAREEENER26MAR2700CE,311.0,311.0,311.0,311.0,311.0,447.95,2963.65,337.45,350,175,1,526925.0,1,F1,175,,,,,
2026-02-18,2026-02-18,FO,NSE,STO,172542,,WAAREEENER,,2026-03-30,2026-03-30,2950.0,CE,WAAREEENER26MAR2950CE,166.85,166.85,151.05,157.6,157.6,136.4,2963.65,157.6,175,175,4,2175967.5,4,F1,175,,,,,
2026-02-18,2026-02-18,FO,NSE,STO,172592,,WAAREEENER,,2026-04-28,2026-04-28,3300.0,CE,WAAREEENER26APR3300CE,0.0,0.0,0.0,97.9,0.0,97.9,2963.65,111.3,0,0,0,0.0,0,F1,175,,,,,
2026-02-18,2026-02-18,FO,NSE,STO,166107,,WAAREEENER,,2026-02-24,2026-02-24,2650.0,PE,WAAREEENER26FEB2650PE,5.05,9.5,3.7,4.95,4.8,2.8,2963.65,4.95,25725,2625,371,172472746.25,244,F1,175,,,,,
2026-02-18,2026-02-18,FO,NSE,STO,166127,,WAAREEENER,,2026-02-24,2026-02-24,3150.0,PE,WAAREEENER26FEB3150PE,149.7,234.55,149.7,196.7,198.7,122.65,2963.65,196.7,25025,-9975,166,97172407.5,137,F1,175,,,,,
2026-02-18,2026-02-18,FO,NSE,STO,166195,,WAAREEENER,,2026-03-30,2026-03-30,3100.0,PE,WAAREEENER26MAR3100PE,0.0,0.0,0.0,140.0,140.0,140.0,2963.65,236.7,1225,0,0,0.0,0,F1,175,,,,,
2026-02-18,2026-02-18,FO,NSE,STO,166199,,WAAREEENER,,2026-03-30,2026-03-30,3300.0,PE,WAAREEENER26MAR3300PE,0.0,0.0,0.0,457.1,0.0,457.1,2963.65,378.45,0,0,0,0.0,0,F1,175,,,,,
2026-02-18,2026-02-18,FO,NSE,STO,166201,,WAAREEENER,,2026-03-30,2026-03-30,3400.0,PE,WAAREEENER26MAR3400PE,0.0,0.0,0.0,526.55,0.0,526.55,2963.65,459.25,0,0,0,0.0,0,F1,175,,,,,
2026-02-18,2026-02-18,FO,NSE,STO,166106,,WAAREEENER,,2026-02-24,2026-02-24,2650.0,CE,WAAREEENER26FEB2650CE,282.9,315.45,282.9,315.45,315.45,420.0,2963.65,317.2,15575,-350,2,1032211.25,2,F1,175,,,,,
2026-02-18,2026-02-18,FO,NSE,STO,166126,,WAAREEENER,,2026-02-24,2026-02-24,3150.0,CE,WAAREEENER26FEB3150CE,26.3,28.9,8.65,13.8,14.45,36.1,2963.65,13.8,77525,175,3684,2040962148.75,3240,F1,175,,,,,
2026-02-18,2026-02-18,FO,NSE,STO,166085,,WAAREEENER,,2026-02-24,2026-02-24,2100.0,PE,WAAREEENER26FEB2100PE,0.0,0.0,0.0,1.05,1.05,1.05,2963.65,0.05,6125,0,0,0.0,0,F1,175,,,,,
2026-02-18,2026-02-18,FO,NSE,STO,172590,,WAAREEENER,,2026-04-28,2026-04-28,3200.0,CE,WAAREEENER26APR3200CE,0.0,0.0,0.0,118.4,0.0,118.4,2963.65,140.8,0,0,0,0.0,0,F1,175,,,,,
2026-02-18,2026-02-18,FO,NSE,STO,172548,,WAAREEENER,,2026-03-30,2026-03-30,3250.0,CE,WAAREEENER26MAR3250CE,0.0,0.0,0.0,66.55,0.0,66.55,2963.65,73.5,0,0,0,0.0,0,F1,175,,,,,
2026-02-18,2026-02-18,FO,NSE,STO,166190,,WAAREEENER,,2026-03-30,2026-03-30,2900.0,CE,WAAREEENER26MAR2900CE,182.0,193.0,169.0,192.0,192.0,272.75,2963.65,192.0,1925,1400,18,9716621.25,16,F1,175,,,,,
2026-02-18,2026-02-18,FO,NSE,STO,172528,,WAAREEENER,,2026-03-30,2026-03-30,2250.0,CE,WAAREEENER26MAR2250CE,0.0,0.0,0.0,517.55,0.0,517.55,2963.65,730.45,0,0,0,0.0,0,F1,175,,,,,
2026-02-18,2026-02-18,FO,NSE,STO,166133,,WAAREEENER,,2026-02-24,2026-02-24,3300.0,PE,WAAREEENER26FEB3300PE,361.0,361.0,339.05,339.05,339.05,242.9,2963.65,339.05,2100,175,3,1918183.75,3,F1,175,,,,,
2026-02-18,2026-02-18,FO,NSE,STO,166129,,WAAREEENER,,2026-02-24,2026-02-24,3200.0,PE,WAAREEENER26FEB3200PE,198.2,287.65,193.1,240.35,243.5,156.85,2963.65,240.35,28350,-64225,653,390630003.75,271,F1,175,,,,,
2026-02-18,2026-02-18,FO,NSE,STO,172581,,WAAREEENER,,2026-04-28,2026-04-28,2700.0,PE,WAAREEENER26APR2700PE,0.0,0.0,0.0,249.3,0.0,249.3,2963.65,95.3,0,0,0,0.0,0,F1,175,,,,,
2026-02-18,2026-02-18,FO,NSE,STO,172541,,WAAREEENER,,2026-03-30,2026-03-30,2850.0,PE,WAAREEENER26MAR2850PE,0.0,0.0,0.0,295.25,0.0,295.25,2963.65,107.2,0,0,0,0.0,0,F1,175,,,,,
2026-02-18,2026-02-18,FO,NSE,STO,166175,,WAAREEENER,,2026-03-30,2026-03-30,2100.0,PE,WAAREEENER26MAR2100PE,0.0,0.0,0.0,18.0,0.0,18.0,2963.65,0.8,0,0,0,0.0,0,F1,175,,,,,
2026-02-18,2026-02-18,FO,NSE,STO,166132,,WAAREEENER,,2026-02-24,2026-02-24,3300.0,CE,WAAREEENER26FEB3300CE,11.05,11.05,3.7,5.35,5.95,11.05,2963.65,5.35,215600,69125,2550,1475289366.25,1575,F1,175,,,,,
2026-02-18,2026-02-18,FO,NSE,STO,172529,,WAAREEENER,,2026-03-30,2026-03-30,2250.0,PE,WAAREEENER26MAR2250PE,0.0,0.0,0.0,48.8,0.0,48.8,2963.65,3.3,0,0,0,0.0,0,F1,175,,,,,
2026-02-18,2026-02-18,FO,NSE,STO,172537,,WAAREEENER,,2026-03-30,2026-03-30,2650.0,PE,WAAREEENER26MAR2650PE,48.0,53.5,48.0,51.8,51.8,43.6,2963.65,45.4,1925,1400,11,5199171.25,11,F1,175,,,,,
2026-02-18,2026-02-18,FO,NSE,STO,172572,,WAAREEENER,,2026-04-28,2026-04-28,2300.0,CE,WAAREEENER26APR2300CE,0.0,0.0,0.0,519.7,0.0,519.7,2963.65,704.75,0,0,0,0.0,0,F1,175,,,,,
2026-02-18,2026-02-18,FO,NSE,STO,166095,,WAAREEENER,,2026-02-24,2026-02-24,2350.0,PE,WAAREEENER26FEB2350PE,2.5,2.5,1.05,1.45,1.45,0.3,2963.65,1.45,6300,-1050,32,13168181.25,31,F1,175,,,,,
2026-02-18,2026-02-18,FO,NSE,STO,166112,,WAAREEENER,,2026-02-24,2026-02-24,2800.0,CE,WAAREEENER26FEB2800CE,240.7,240.7,143.35,181.7,177.35,269.0,2963.65,181.7,37275,-11550,266,138043465.0,234,F1,175,,,,,
2026-02-18,2026-02-18,FO,NSE,STO,166084,,WAAREEENER,,2026-02-24,2026-02-24,2100.0,CE,WAAREEENER26FEB2100CE,0.0,0.0,0.0,962.35,962.35,962.35,2963.65,865.55,1050,0,0,0.0,0,F1,175,,,,,
2026-02-18,2026-02-18,FO,NSE,STF,52072,,WAAREEENER,,2026-02-24,2026-02-24,,,WAAREEENER26FEBFUT,3066.0,3066.0,2913.9,2967.3,2968.0,3066.4,2963.65,2967.3,2453850,57400,8595,4446294037.5,7011,F1,175,,,,,
2026-02-18,2026-02-18,FO,NSE,STO,166196,,WAAREEENER,,2026-03-30,2026-03-30,3200.0,CE,WAAREEENER26MAR3200CE,111.0,111.0,59.0,69.45,71.35,111.0,2963.65,69.45,9100,6825,102,58328007.5,77,F1,175,,,,,
2026-02-18,2026-02-18,FO,NSE,STO,166194,,WAAREEENER,,2026-03-30,2026-03-30,3100.0,CE,WAAREEENER26MAR3100CE,133.4,135.0,84.5,99.15,97.8,159.0,2963.65,99.15,13125,9800,124,69403985.0,92,F1,175,,,,,
2026-02-18,2026-02-18,FO,NSE,STO,166091,,WAAREEENER,,2026-02-24,2026-02-24,2250.0,PE,WAAREEENER26FEB2250PE,0.0,0.0,0.0,1.6,1.6,1.6,2963.65,0.05,175,0,0,0.0,0,F1,175,,,,,
2026-02-18,2026-02-18,FO,NSE,STO,166187,,WAAREEENER,,2026-03-30,2026-03-30,2700.0,PE,WAAREEENER26MAR2700PE,47.0,72.0,47.0,53.35,54.0,40.0,2963.65,53.35,80150,79100,718,347142346.25,381,F1,175,,,,,
2026-02-18,2026-02-18,FO,NSE,STO,172539,,WAAREEENER,,2026-03-30,2026-03-30,2750.0,PE,WAAREEENER26MAR2750PE,71.0,79.85,71.0,76.4,76.4,60.2,2963.65,71.85,350,175,4,1978488.75,4,F1,175,,,,,
2026-02-18,2026-02-18,FO,NSE,STO,166189,,WAAREEENER,,2026-03-30,2026-03-30,2800.0,PE,WAAREEENER26MAR2800PE,80.65,95.15,75.35,76.55,77.3,64.65,2963.65,76.55,13825,6300,96,48486287.5,92,F1,175,,,,,
2026-02-18,2026-02-18,FO,NSE,STO,166176,,WAAREEENER,,2026-03-30,2026-03-30,2200.0,CE,WAAREEENER26MAR2200CE,0.0,0.0,0.0,840.85,0.0,840.85,2963.65,779.0,0,0,0,0.0,0,F1,175,,,,,
2026-02-18,2026-02-18,FO,NSE,STO,166207,,WAAREEENER,,2026-03-30,2026-03-30,3700.0,PE,WAAREEENER26MAR3700PE,650.0,650.0,650.0,650.0,650.0,565.0,2963.65,727.35,2625,175,1,761250.0,1,F1,175,,,,,
2026-02-18,2026-02-18,FO,NSE,STO,166100,,WAAREEENER,,2026-02-24,2026-02-24,2500.0,CE,WAAREEENER26FEB2500CE,0.0,0.0,0.0,620.0,620.0,620.0,2963.65,465.95,37625,0,0,0.0,0,F1,175,,,,,
2026-02-18,2026-02-18,FO,NSE,STO,166098,,WAAREEENER,,2026-02-24,2026-02-24,2450.0,CE,WAAREEENER26FEB2450CE,0.0,0.0,0.0,655.55,655.55,655.55,2963.65,515.85,1050,0,0,0.0,0,F1,175,,,,,
2026-02-18,2026-02-18,FO,NSE,STO,166121,,WAAREEENER,,2026-02-24,2026-02-24,3000.0,PE,WAAREEENER26FEB3000PE,49.95,118.35,49.95,80.8,81.2,43.45,2963.65,80.8,60200,1575,4311,2328212381.25,3418,F1,175,,,,,
2026-02-18,2026-02-18,FO,NSE,STO,172576,,WAAREEENER,,2026-04-28,2026-04-28,2500.0,CE,WAAREEENER26APR2500CE,0.0,0.0,0.0,390.6,0.0,390.6,2963.65,534.4,0,0,0,0.0,0,F1,175,,,,,
2026-02-18,2026-02-18,FO,NSE,STO,172570,,WAAREEENER,,2026-04-28,2026-04-28,2200.0,CE,WAAREEENER26APR2200CE,0.0,0.0,0.0,592.9,0.0,592.9,2963.65,796.2,0,0,0,0.0,0,F1,175,,,,,
2026-02-18,2026-02-18,FO,NSE,STO,172583,,WAAREEENER,,2026-04-28,2026-04-28,2800.0,PE,WAAREEENER26APR2800PE,0.0,0.0,0.0,304.15,0.0,304.15,2963.65,130.8,0,0,0,0.0,0,F1,175,,,,,
2026-02-18,2026-02-18,FO,NSE,STO,172573,,WAAREEENER,,2026-04-28,2026-04-28,2300.0,PE,WAAREEENER26APR2300PE,0.0,0.0,0.0,89.3,0.0,89.3,2963.65,17.3,0,0,0,0.0,0,F1,175,,,,,
2026-02-18,2026-02-18,FO,NSE,STO,166205,,WAAREEENER,,2026-03-30,2026-03-30,3600.0,PE,WAAREEENER26MAR3600PE,0.0,0.0,0.0,677.2,0.0,677.2,2963.65,634.7,0,0,0,0.0,0,F1,175,,,,,
2026-02-18,2026-02-18,FO,NSE,STO,166177,,WAAREEENER,,2026-03-30,2026-03-30,2200.0,PE,WAAREEENER26MAR2200PE,0.0,0.0,0.0,25.6,25.6,25.6,2963.65,2.1,0,0,0,0.0,0,F1,175,,,,,
2026-02-18,2026-02-18,FO,NSE,STO,166115,,WAAREEENER,,2026-02-24,2026-02-24,2850.0,PE,WAAREEENER26FEB2850PE,16.65,40.85,15.35,21.9,22.05,9.8,2963.65,21.9,30100,16275,3059,1541378160.0,2272,F1,175,,,,,
2026-02-18,2026-02-18,FO,NSE,STO,172580,,WAAREEENER,,2026-04-28,2026-04-28,2700.0,CE,WAAREEENER26APR2700CE,0.0,0.0,0.0,285.85,0.0,285.85,2963.65,386.9,0,0,0,0.0,0,F1,175,,,,,
2026-02-18,2026-02-18,FO,NSE,STO,166198,,WAAREEENER,,2026-03-30,2026-03-30,3300.0,CE,WAAREEENER26MAR3300CE,76.05,76.05,40.0,48.4,48.95,84.0,2963.65,48.4,18550,8225,211,123636695.0,183,F1,175,,,,,
2026-02-18,2026-02-18,FO,NSE,STO,166192,,WAAREEENER,,2026-03-30,2026-03-30,3000.0,CE,WAAREEENER26MAR3000CE,185.0,185.0,117.55,136.5,135.65,200.0,2963.65,136.5,102025,99050,1217,668348318.75,730,F1,175,,,,,
2026-02-18,2026-02-18,FO,NSE,STO,166114,,WAAREEENER,,2026-02-24,2026-02-24,2850.0,CE,WAAREEENER26FEB2850CE,151.7,151.75,106.95,141.0,137.7,221.8,2963.65,141.0,20825,1575,136,70822482.5,129,F1,175,,,,,
2026-02-18,2026-02-18,FO,NSE,STO,166108,,WAAREEENER,,2026-02-24,2026-02-24,2700.0,CE,WAAREEENER26FEB2700CE,335.0,335.0,228.0,261.0,261.0,370.0,2963.65,268.9,56175,-34125,369,193820926.25,212,F1,175,,,,,
2026-02-18,2026-02-18,FO,NSE,STO,166104,,WAAREEENER,,2026-02-24,2026-02-24,2600.0,CE,WAAREEENER26FEB2600CE,350.0,364.8,325.55,364.8,364.8,515.0,2963.65,366.45,31150,-875,6,3092048.75,6,F1,175,,,,,
2026-02-18,2026-02-18,FO,NSE,STO,166096,,WAAREEENER,,2026-02-24,2026-02-24,2400.0,CE,WAAREEENER26FEB2400CE,0.0,0.0,0.0,747.65,747.65,747.65,2963.65,565.8,25025,0,0,0.0,0,F1,175,,,,,
